unsolidarisch	neg 1.0		__DUMMY__ 0.8645327285691651 neg 0.06789980518074021 off 0.06756746625009473	false	1.0
nachteilig	neg 1.0		__DUMMY__ 0.872728001923539 neg 0.06453263578009782 off 0.06273936229636318	false	1.0
skeptisch	neg 1.0		__DUMMY__ 0.8716632597442071 neg 0.06669650653597746 off 0.06164023371981538	false	1.0
schrecklich	neg 1.0		__DUMMY__ 0.8594167869786871 off 0.07537559135450993 neg 0.06520762166680301	false	0.5
schlapp	neg 1.0	neg 1.0	neg 0.5197291795047709 __DUMMY__ 0.42610888070567166 off 0.05416193978955732	false	1.0
abfall	neg 1.0		__DUMMY__ 0.8772495972309846 neg 0.06422578311002566 off 0.058524619658989786	false	1.0
widerspenstig	neg 1.0		__DUMMY__ 0.8662509212798588 neg 0.06835094302986006 off 0.06539813569028109	false	1.0
abrupt	neg 1.0		__DUMMY__ 0.8701985878650109 neg 0.0689977118935364 off 0.0608037002414527	false	1.0
unwirksam	neg 1.0		__DUMMY__ 0.8607943038053907 neg 0.07243230536725886 off 0.06677339082735041	false	1.0
angreifen	neg 1.0		__DUMMY__ 0.8723807583398402 neg 0.06647286739230099 off 0.06114637426785881	false	1.0
inkonsistent	neg 1.0		__DUMMY__ 0.8639213810682079 off 0.06873067561162981 neg 0.06734794332016233	false	0.5
abrutschen	neg 1.0		__DUMMY__ 0.8761449713176512 neg 0.06567254738677095 off 0.05818248129557779	false	1.0
unsicher	neg 1.0		__DUMMY__ 0.8688861405590314 off 0.06617033974323072 neg 0.06494351969773793	false	0.5
bauernkind	off 1.0	off 1.0	off 0.5285081042983978 __DUMMY__ 0.41749749815433235 neg 0.05399439754726987	false	1.0
angreifer	neg 1.0		__DUMMY__ 0.8675404861405451 off 0.07012428155093672 neg 0.062335232308518146	false	0.5
trennen	neg 1.0		__DUMMY__ 0.873893187743066 neg 0.06543775924038235 off 0.060669053016551636	false	1.0
schmutz	neg 1.0		__DUMMY__ 0.8722271892547133 off 0.06897887935454357 neg 0.058793931390743126	false	0.5
inkonsistenz	neg 1.0		__DUMMY__ 0.8637947096375111 off 0.07133987302836815 neg 0.06486541733412064	false	0.5
erschreckend	neg 1.0		__DUMMY__ 0.8682446741422817 neg 0.06608826152279888 off 0.06566706433491946	false	1.0
ertrinken	neg 1.0		__DUMMY__ 0.8708849278315554 neg 0.06862594650193367 off 0.06048912566651093	false	1.0
pickelface	off 1.0		__DUMMY__ 0.8667025671841323 off 0.06672332144887363 neg 0.06657411136699407	false	1.0
seiner			__DUMMY__ 0.8734541995059266 neg 0.06514406129848982 off 0.06140173919558358	false	0.0
lauch	neg 1.0	neg 1.0	neg 0.5217367447905075 __DUMMY__ 0.43392765250117143 off 0.0443356027083211	false	1.0
unwichtig	neg 1.0		__DUMMY__ 0.8627037223868415 off 0.07124184401644829 neg 0.06605443359671027	false	0.5
steuerhinterziehung	neg 1.0		__DUMMY__ 0.8666894885542421 neg 0.06753145363159732 off 0.0657790578141606	false	1.0
schock	neg 1.0		__DUMMY__ 0.8694779613413665 neg 0.06600341955089596 off 0.06451861910773753	false	1.0
beule	neg 1.0		__DUMMY__ 0.8606534661151618 off 0.07322686876822913 neg 0.06611966511660912	false	0.5
vergelten	neg 1.0		__DUMMY__ 0.8605638887793435 off 0.07654124373731984 neg 0.06289486748333656	false	0.5
verdorbenheit	neg 1.0		__DUMMY__ 0.866331010828055 off 0.0669779246562735 neg 0.06669106451567151	false	0.5
trauma	neg 1.0		__DUMMY__ 0.8652404619958759 off 0.06769507970275451 neg 0.06706445830136959	false	0.5
sinnlos	neg 1.0		__DUMMY__ 0.8657640074624606 off 0.06830720787418211 neg 0.06592878466335725	false	0.5
fettsack	off 1.0	off 1.0	off 0.5296447417614827 __DUMMY__ 0.4178665108272517 neg 0.05248874741126557	false	1.0
feige	off 1.0	off 1.0	off 0.5250876661921527 __DUMMY__ 0.42388463870098736 neg 0.051027695106859866	false	1.0
abdanken	neg 1.0		__DUMMY__ 0.8682082095349462 off 0.06611090626993384 neg 0.06568088419512012	false	0.5
wichtigtuer	off 1.0	off 1.0	off 0.5225524596057213 __DUMMY__ 0.4278467045491917 neg 0.04960083584508704	false	1.0
misslingen	neg 1.0	neg 1.0	neg 0.5146938537569079 __DUMMY__ 0.43411835059289555 off 0.05118779565019647	false	1.0
untreu	off 1.0		__DUMMY__ 0.8615461121639266 off 0.07250785531471253 neg 0.06594603252136085	false	1.0
missmutig	neg 1.0		__DUMMY__ 0.863877945200215 off 0.06986883647243909 neg 0.06625321832734583	false	0.5
hurenbock	off 1.0		__DUMMY__ 0.8619981577355431 neg 0.07185303835788111 off 0.06614880390657576	false	0.5
betrunken	neg 1.0		__DUMMY__ 0.8601619865206056 off 0.0741985905613521 neg 0.06563942291804233	false	0.5
korrupt	off 1.0		__DUMMY__ 0.8661406435653826 neg 0.06842204418566282 off 0.0654373122489546	false	0.5
unmut	neg 1.0		__DUMMY__ 0.8733202394744741 neg 0.06676194118208892 off 0.05991781934343701	false	1.0
hackfresse	off 1.0		__DUMMY__ 0.8551765150300642 off 0.07996515848896914 neg 0.06485832648096672	false	1.0
aufblasen	neg 1.0		__DUMMY__ 0.8676044225102939 off 0.06644599724279367 neg 0.06594958024691247	false	0.5
gewaltsam	neg 1.0		__DUMMY__ 0.8681794040652794 neg 0.06594807624371168 off 0.06587251969100892	false	1.0
unbeliebtheit	neg 1.0		__DUMMY__ 0.8622191711402283 off 0.07260532612256522 neg 0.06517550273720653	false	0.5
sturheit	neg 1.0		__DUMMY__ 0.8701358365155436 off 0.0656675764716928 neg 0.06419658701276355	false	0.5
kuh	neg 1.0		__DUMMY__ 0.8558420266048876 neg 0.07519090877494121 off 0.0689670646201711	false	1.0
erschrecken	neg 1.0		__DUMMY__ 0.8646881436418947 off 0.07032833900558103 neg 0.06498351735252438	false	0.5
opfer	neg 1.0		__DUMMY__ 0.8732886984056629 neg 0.06370642225070972 off 0.0630048793436274	false	1.0
sinken	neg 1.0		__DUMMY__ 0.871537402091584 neg 0.0681583607614885 off 0.060304237146927536	false	1.0
stinktier	neg 1.0		__DUMMY__ 0.8513943449169483 off 0.07766218588756303 neg 0.07094346919548869	false	0.5
tucke	off 1.0		__DUMMY__ 0.8483793649027751 off 0.08193306535908836 neg 0.06968756973813663	false	1.0
ein			__DUMMY__ 0.8662886238835232 neg 0.06856375224979094 off 0.06514762386668578	false	0.0
abstieg	neg 1.0		__DUMMY__ 0.8751588102264002 off 0.06428385973021702 neg 0.06055733004338283	false	0.5
missverstehen	neg 1.0		__DUMMY__ 0.8648697368754544 off 0.06925149930393759 neg 0.06587876382060803	false	0.5
ergebnislos	neg 1.0		__DUMMY__ 0.8734331870131637 neg 0.06386911333932035 off 0.06269769964751604	false	1.0
unter			__DUMMY__ 0.8818394621471668 neg 0.06400766011658382 off 0.05415287773624936	false	0.0
manipulieren	neg 1.0		__DUMMY__ 0.8733538340780943 neg 0.06451224626987817 off 0.0621339196520274	false	1.0
unbewiesen	neg 1.0	neg 1.0	neg 0.5197924692991683 __DUMMY__ 0.4287734542809405 off 0.05143407641989118	false	1.0
verschleppen	neg 1.0		__DUMMY__ 0.869377177163359 neg 0.06685912600052395 off 0.06376369683611706	false	1.0
weib	off 1.0		__DUMMY__ 0.8507348790787814 off 0.08219652652216915 neg 0.0670685943990494	false	1.0
opposition	neg 1.0		__DUMMY__ 0.8638978742732929 neg 0.06835346559110948 off 0.06774866013559763	false	1.0
verkehrswidrig	neg 1.0	neg 1.0	neg 0.5157239953496915 __DUMMY__ 0.426157961825772 off 0.05811804282453665	false	1.0
inkorrekt	neg 1.0		__DUMMY__ 0.8586952909752762 off 0.07549173290931811 neg 0.06581297611540576	false	0.5
vermeiden	neg 1.0		__DUMMY__ 0.8770043526333173 neg 0.06551331843472588 off 0.05748232893195678	false	1.0
abweichung	neg 1.0	neg 1.0	neg 0.5170823158198596 __DUMMY__ 0.4343306202386846 off 0.048587063941455774	false	1.0
alkoholisiert	neg 1.0		__DUMMY__ 0.8765089132869898 neg 0.06286216943049354 off 0.06062891728251673	false	1.0
scheiss	off 1.0	off 1.0	off 0.5256831605732853 __DUMMY__ 0.42305316646456304 neg 0.0512636729621516	false	1.0
herausforderung	neg 1.0		__DUMMY__ 0.8715698940752827 neg 0.06458497736476314 off 0.06384512855995417	false	1.0
pervers	off 1.0		__DUMMY__ 0.8496548237807273 off 0.08453666182182558 neg 0.06580851439744709	false	1.0
wackelig	neg 1.0		__DUMMY__ 0.8718588048878212 neg 0.0647448414494782 off 0.06339635366270063	false	1.0
verwickeln	neg 1.0		__DUMMY__ 0.8652970889350327 off 0.06837185415060677 neg 0.06633105691436059	false	0.5
vorwand	neg 1.0		__DUMMY__ 0.8724941726092141 neg 0.06683341526028119 off 0.0606724121305046	false	1.0
muschi	off 1.0		__DUMMY__ 0.8686740896325766 neg 0.0656753596955882 off 0.06565055067183527	false	0.5
entmutigung	neg 1.0		__DUMMY__ 0.8629333787555079 off 0.06916282973608465 neg 0.06790379150840742	false	0.5
unangemessen	neg 1.0		__DUMMY__ 0.869555320469902 off 0.06529921669478596 neg 0.0651454628353121	false	0.5
unstetig	neg 1.0		__DUMMY__ 0.8645758827207801 off 0.07014508574736847 neg 0.0652790315318514	false	0.5
entmutigen	neg 1.0		__DUMMY__ 0.8671624257844103 off 0.06723308592074675 neg 0.06560448829484287	false	0.5
schwanz	neg 1.0		__DUMMY__ 0.8692600515290879 neg 0.06740484261686276 off 0.06333510585404935	false	1.0
verbot	neg 1.0		__DUMMY__ 0.8665948691822886 neg 0.06835892434509179 off 0.06504620647261973	false	1.0
leid	neg 1.0		__DUMMY__ 0.857268215821111 off 0.07692891946328197 neg 0.06580286471560692	false	0.5
archaisch	neg 1.0		__DUMMY__ 0.8678998670649553 neg 0.06721767496055911 off 0.06488245797448561	false	1.0
gegen			__DUMMY__ 0.8754438758929795 neg 0.0640778614680697 off 0.06047826263895074	false	0.0
scheidung	neg 1.0		__DUMMY__ 0.8531733061522941 off 0.08816686362256884 neg 0.058659830225136975	false	0.5
einschlag	neg 1.0		__DUMMY__ 0.8624651174333624 off 0.07563636094291175 neg 0.06189852162372589	false	0.5
m			__DUMMY__ 0.8700911087994376 neg 0.06592827735869371 off 0.06398061384186864	false	0.0
abgestanden	neg 1.0		__DUMMY__ 0.8604797803241561 neg 0.07385477810548896 off 0.06566544157035493	false	1.0
schmierig	off 1.0		__DUMMY__ 0.8577172612698126 off 0.07668901113858859 neg 0.06559372759159882	false	1.0
unpraktisch	neg 1.0		__DUMMY__ 0.8677974690256801 off 0.06739442792847963 neg 0.06480810304584021	false	0.5
wixxer	off 1.0		__DUMMY__ 0.8475621737220328 off 0.08492184953895912 neg 0.06751597673900808	false	1.0
bezeichnet			__DUMMY__ 0.8681388796300017 off 0.066728185470141 neg 0.06513293489985739	false	0.0
jammerlappen	off 1.0		__DUMMY__ 0.8630634796541191 off 0.07157574575603769 neg 0.06536077458984332	false	1.0
farce	neg 1.0		__DUMMY__ 0.8650592963015188 neg 0.06828856587923178 off 0.06665213781924942	false	1.0
zwecklos	neg 1.0		__DUMMY__ 0.8689827831752311 neg 0.0667164434193036 off 0.06430077340546521	false	1.0
turbulent	neg 1.0		__DUMMY__ 0.860830883767712 off 0.07353577762153114 neg 0.06563333861075692	false	0.5
invasion	neg 1.0		__DUMMY__ 0.8652468073834257 off 0.06894955338497041 neg 0.06580363923160377	false	0.5
schuld	neg 1.0		__DUMMY__ 0.866479393285091 off 0.06767542087160361 neg 0.06584518584330537	false	0.5
risiko	neg 1.0		__DUMMY__ 0.8629412593032328 neg 0.06861161881239962 off 0.06844712188436755	false	1.0
finster	neg 1.0		__DUMMY__ 0.8660501104765178 neg 0.06856049514993094 off 0.06538939437355126	false	1.0
geisteskrank	off 1.0		__DUMMY__ 0.8600262398479974 off 0.07420663679401536 neg 0.06576712335798729	false	1.0
zusammenbrechen	neg 1.0		__DUMMY__ 0.8687243901862719 neg 0.06684322942833314 off 0.06443238038539492	false	1.0
ausbeute	neg 1.0		__DUMMY__ 0.8723885359612225 off 0.06485164813109638 neg 0.06275981590768118	false	0.5
hinterhalt	neg 1.0		__DUMMY__ 0.8682551969056783 neg 0.06720414830218371 off 0.06454065479213794	false	1.0
kritik	neg 1.0		__DUMMY__ 0.8650107147075528 neg 0.0685899343351999 off 0.0663993509572474	false	1.0
einschrumpfen	neg 1.0		__DUMMY__ 0.8592936985125164 off 0.07168587856135955 neg 0.06902042292612412	false	0.5
riskant	neg 1.0		__DUMMY__ 0.8705921622236681 neg 0.06754603894916357 off 0.06186179882716837	false	1.0
frustrieren	neg 1.0		__DUMMY__ 0.869058716706099 neg 0.06816650818250802 off 0.06277477511139297	false	1.0
groll	neg 1.0		__DUMMY__ 0.8705661408940847 neg 0.06492130232936419 off 0.06451255677655116	false	1.0
gibt			__DUMMY__ 0.8702370690027623 neg 0.06572097183579567 off 0.06404195916144197	false	0.0
qualvoll	neg 1.0		__DUMMY__ 0.8657308281076384 off 0.06831754594989367 neg 0.06595162594246794	false	0.5
wackeln	neg 1.0		__DUMMY__ 0.8682957226147864 off 0.06595279228553305 neg 0.06575148509968064	false	0.5
klagen	neg 1.0		__DUMMY__ 0.8715135532998468 neg 0.0675321567701766 off 0.060954289929976625	false	1.0
bankrott	neg 1.0		__DUMMY__ 0.8650592305806423 off 0.07075421024293348 neg 0.06418655917642424	false	0.5
trauern	neg 1.0		__DUMMY__ 0.8763004310391552 off 0.06187139898727174 neg 0.061828169973572954	false	0.5
ablehnung	neg 1.0		__DUMMY__ 0.8661182262457366 neg 0.06808336378114882 off 0.06579840997311452	false	1.0
stur	neg 1.0		__DUMMY__ 0.8655354432003506 off 0.06763228778055004 neg 0.06683226901909946	false	0.5
aufruhr	neg 1.0	neg 1.0	neg 0.5201161044159571 __DUMMY__ 0.42942921632946346 off 0.05045467925457948	false	1.0
melancholie	neg 1.0		__DUMMY__ 0.8698533202228911 neg 0.06909894302382258 off 0.06104773675328636	false	1.0
ist			__DUMMY__ 0.866236870220945 off 0.06806214380363024 neg 0.06570098597542484	false	0.0
torheit	neg 1.0		__DUMMY__ 0.8666119141872555 off 0.06780382764170143 neg 0.06558425817104314	false	0.5
dreckskind	off 1.0		__DUMMY__ 0.8528334169109266 off 0.08121320948086153 neg 0.06595337360821188	false	1.0
umtauschen	neg 1.0		__DUMMY__ 0.8679297115226265 neg 0.06690860593430968 off 0.06516168254306363	false	1.0
zum			__DUMMY__ 0.8822685584280557 neg 0.06012510242853518 off 0.05760633914340902	false	0.0
zersetzen	neg 1.0		__DUMMY__ 0.8701034036483833 neg 0.06811792225654414 off 0.06177867409507248	false	1.0
zur			__DUMMY__ 0.8771064484728355 neg 0.06504856811537446 off 0.05784498341179005	false	0.0
frust	neg 1.0		__DUMMY__ 0.8695505340216059 neg 0.06619719420791455 off 0.06425227177047957	false	1.0
unerbittlichkeit	neg 1.0		__DUMMY__ 0.8717292073707316 neg 0.06567068968074086 off 0.06260010294852762	false	1.0
zwei			__DUMMY__ 0.8781709482401008 neg 0.06475370987251851 off 0.05707534188738069	false	0.0
unkorrekt	neg 1.0		__DUMMY__ 0.8592654241687968 off 0.07400704319698834 neg 0.06672753263421481	false	0.5
hexe	off 1.0		__DUMMY__ 0.8601352149845379 off 0.07081174702817282 neg 0.0690530379872892	false	1.0
lasch	neg 1.0		__DUMMY__ 0.863960053378726 off 0.07077235962484309 neg 0.065267586996431	false	0.5
rivale	neg 1.0		__DUMMY__ 0.8596992945648531 off 0.07533306080774112 neg 0.06496764462740577	false	0.5
mutlos	off 1.0	off 1.0	off 0.5184372926899338 __DUMMY__ 0.4312149235792091 neg 0.050347783730857146	false	1.0
wirr	off 1.0		__DUMMY__ 0.8583506226557515 off 0.07604287118152549 neg 0.06560650616272296	false	1.0
jahr			__DUMMY__ 0.877924943342622 off 0.06142519656636167 neg 0.060649860091016264	false	0.0
wird			__DUMMY__ 0.8709593410635964 neg 0.06568217225649324 off 0.06335848667991041	false	0.0
strafbar	neg 1.0		__DUMMY__ 0.87158059240285 neg 0.0659286308771462 off 0.06249077672000369	false	1.0
erosion	neg 1.0		__DUMMY__ 0.8675666671195955 off 0.06634263677795736 neg 0.0660906961024472	false	0.5
eingehen	neg 1.0		__DUMMY__ 0.8695388419353935 neg 0.06781742428044597 off 0.06264373378416056	false	1.0
faul	off 1.0		__DUMMY__ 0.8637558272532201 off 0.07033432344509263 neg 0.06590984930168725	false	1.0
provisorium	neg 1.0		__DUMMY__ 0.882390843615837 neg 0.06349136168391846 off 0.05411779470024462	false	1.0
schmerzen	neg 1.0		__DUMMY__ 0.867909309230814 neg 0.06750660511561068 off 0.06458408565357536	false	1.0
schrumpfen	neg 1.0		__DUMMY__ 0.8731497113362124 neg 0.06885315872554063 off 0.05799712993824691	false	1.0
geistlos	off 1.0		__DUMMY__ 0.8625826421743357 off 0.06966397433928029 neg 0.06775338348638402	false	1.0
fehlkauf	neg 1.0		__DUMMY__ 0.8633872781446548 off 0.06894932541662849 neg 0.06766339643871677	false	0.5
frustrierend	neg 1.0		__DUMMY__ 0.8640392829745498 off 0.07028156301190432 neg 0.06567915401354583	false	0.5
unzufrieden	neg 1.0		__DUMMY__ 0.869408602236069 neg 0.06649472235235426 off 0.06409667541157674	false	1.0
verzweifeln	neg 1.0		__DUMMY__ 0.869150410014325 neg 0.06551020450507819 off 0.06533938548059683	false	1.0
verzweifelt	neg 1.0		__DUMMY__ 0.8663030543014273 off 0.06772006462397943 neg 0.06597688107459317	false	0.5
misstrauensantrag	neg 1.0		__DUMMY__ 0.8655255009781113 off 0.06824929300581824 neg 0.0662252060160704	false	0.5
abfallen	neg 1.0		__DUMMY__ 0.8671287823383116 neg 0.06676155456996535 off 0.06610966309172306	false	1.0
fucker	off 1.0		__DUMMY__ 0.8605336823889442 off 0.0750376001959037 neg 0.06442871741515217	false	1.0
ungezogen	neg 1.0		__DUMMY__ 0.8525132696937933 off 0.08212877213665908 neg 0.06535795816954763	false	0.5
irrsinnig	neg 1.0	neg 1.0	neg 0.520621486642894 __DUMMY__ 0.42827160894414246 off 0.051106904412963526	false	1.0
unfassbar	neg 1.0		__DUMMY__ 0.8625303692888887 off 0.07244028303724699 neg 0.06502934767386437	false	0.5
hart	neg 1.0		__DUMMY__ 0.8562642429050322 off 0.07242236441586847 neg 0.07131339267909932	false	0.5
widerlich	off 1.0		__DUMMY__ 0.861102850054225 off 0.07302562749148903 neg 0.06587152245428583	false	1.0
fatal	neg 1.0	neg 1.0	neg 0.5229011807004651 __DUMMY__ 0.42464790877545755 off 0.052450910524077354	false	1.0
bruch	neg 1.0		__DUMMY__ 0.8764428861927581 neg 0.06395229425049061 off 0.05960481955675129	false	1.0
aushungern	neg 1.0		__DUMMY__ 0.8661442664895089 neg 0.06855631839380347 off 0.06529941511668759	false	1.0
anspannung	neg 1.0		__DUMMY__ 0.8794470465825359 neg 0.06314263718637134 off 0.0574103162310928	false	1.0
von			__DUMMY__ 0.8736388090567866 neg 0.06569534817451016 off 0.06066584276870324	false	0.0
kraftlos	neg 1.0		__DUMMY__ 0.8706637869005263 neg 0.06594322508420151 off 0.06339298801527223	false	1.0
vom			__DUMMY__ 0.8844177393180103 neg 0.06106658622123865 off 0.05451567446075112	false	0.0
grenzdebil	off 1.0		__DUMMY__ 0.8609288501247278 off 0.07271560435685993 neg 0.06635554551841227	false	1.0
vor			__DUMMY__ 0.8743040142230759 neg 0.06595434237184072 off 0.05974164340508337	false	0.0
unterwerfen	neg 1.0		__DUMMY__ 0.8710364200060131 neg 0.06588219559450095 off 0.06308138439948584	false	1.0
versenkung	neg 1.0		__DUMMY__ 0.8716616986249793 neg 0.06571414622786548 off 0.06262415514715515	false	1.0
entziehen	neg 1.0		__DUMMY__ 0.872569451003123 neg 0.06681545575244938 off 0.06061509324442754	false	1.0
finanzkrise	neg 1.0		__DUMMY__ 0.8606646916371261 neg 0.0733077320840987 off 0.06602757627877509	false	1.0
schimpfend	neg 1.0		__DUMMY__ 0.8689859671313035 off 0.0666372688109495 neg 0.06437676405774705	false	0.5
profan	neg 1.0		__DUMMY__ 0.8651435686395634 off 0.06869997670895402 neg 0.06615645465148245	false	0.5
korruption	neg 1.0		__DUMMY__ 0.8668346794236523 neg 0.06855150027784074 off 0.0646138202985069	false	1.0
â			__DUMMY__ 0.8696750027653186 neg 0.066999265409737 off 0.06332573182494443	false	0.0
schmutzig	neg 1.0		__DUMMY__ 0.8616223786361683 off 0.0728858318549028 neg 0.06549178950892878	false	0.5
sexy	neg 1.0		__DUMMY__ 0.8648898540186479 off 0.0702101452390178 neg 0.06490000074233429	false	0.5
abraten	neg 1.0		__DUMMY__ 0.8666126908624385 off 0.06814913257943887 neg 0.06523817655812263	false	0.5
schwarz	neg 1.0		__DUMMY__ 0.865520355888239 off 0.06861856523329479 neg 0.06586107887846632	false	0.5
fotze	off 1.0	off 1.0	off 0.5187024421442603 __DUMMY__ 0.4308938266691661 neg 0.05040373118657353	false	1.0
verwirren	neg 1.0		__DUMMY__ 0.8654568574462079 off 0.06902030134461323 neg 0.06552284120917876	false	0.5
zahnlos	off 1.0		__DUMMY__ 0.8685295605721081 neg 0.06636522465634254 off 0.06510521477154946	false	0.5
verheeren	neg 1.0		__DUMMY__ 0.8526683287032153 off 0.08370891402955098 neg 0.06362275726723372	false	0.5
hippie	neg 1.0		__DUMMY__ 0.8643713404406272 off 0.06994368774448134 neg 0.06568497181489143	false	0.5
rammen	neg 1.0		__DUMMY__ 0.8677535702279008 off 0.06637328614203357 neg 0.0658731436300656	false	0.5
unlauter	neg 1.0		__DUMMY__ 0.8643094615860901 off 0.06851475692752274 neg 0.06717578148638721	false	0.5
unheilvoll	neg 1.0		__DUMMY__ 0.8659793430934979 off 0.06716291499986124 neg 0.06685774190664091	false	0.5
niedrig	neg 1.0		__DUMMY__ 0.8680904839131434 neg 0.06878675148628584 off 0.06312276460057081	false	1.0
explosion	neg 1.0		__DUMMY__ 0.864964649963117 off 0.06973169940580047 neg 0.06530365063108258	false	0.5
weichei	off 1.0	off 1.0	off 0.5291787816139155 __DUMMY__ 0.4198295005363995 neg 0.05099171784968501	false	1.0
minusmensch	off 1.0		__DUMMY__ 0.8510669201136106 off 0.08366642407063114 neg 0.0652666558157582	false	1.0
farblos	neg 1.0		__DUMMY__ 0.8650231490560361 neg 0.0680222603529214 off 0.06695459059104251	false	1.0
unwissend	neg 1.0	neg 1.0	neg 0.5209472218455855 __DUMMY__ 0.42497204175065245 off 0.054080736403762146	false	1.0
traurig	neg 1.0		__DUMMY__ 0.8596670022417027 off 0.07499436094062384 neg 0.06533863681767349	false	0.5
senkung	neg 1.0		__DUMMY__ 0.8604599511681961 neg 0.07033310409032992 off 0.06920694474147399	false	1.0
ungleich	neg 1.0	neg 1.0	neg 0.5203289082952233 __DUMMY__ 0.431753720647708 off 0.04791737105706872	false	1.0
heikel	neg 1.0		__DUMMY__ 0.8714420936175691 neg 0.0665237106577748 off 0.06203419572465615	false	1.0
drosselung	neg 1.0		__DUMMY__ 0.8569640296051094 off 0.07271795220353489 neg 0.0703180181913558	false	0.5
falsch	neg 1.0		__DUMMY__ 0.8645136194515154 off 0.07040201628320472 neg 0.06508436426527989	false	0.5
unzufriedenheit	neg 1.0		__DUMMY__ 0.8694906725368795 neg 0.06859924273142103 off 0.061910084731699455	false	1.0
kurz	neg 1.0		__DUMMY__ 0.8713937081281421 neg 0.06467803828777798 off 0.06392825358407997	false	1.0
unsinnig	neg 1.0		__DUMMY__ 0.8662677974375105 neg 0.06816734612900326 off 0.06556485643348628	false	1.0
penner	off 1.0	off 1.0	off 0.5306984358873454 __DUMMY__ 0.4192834851980405 neg 0.050018078914614086	false	1.0
seicht	neg 1.0		__DUMMY__ 0.8501826764774825 off 0.08161953759982828 neg 0.06819778592268917	false	0.5
dummheit	off 1.0	off 1.0	off 0.5227175698238533 __DUMMY__ 0.42600093508730547 neg 0.051281495088841195	false	1.0
unerfreulich	neg 1.0		__DUMMY__ 0.8720813617852372 neg 0.06624838732461648 off 0.06167025089014638	false	1.0
motherfucker	off 1.0	off 1.0	off 0.5265625134264561 __DUMMY__ 0.42384489958811067 neg 0.04959258698543324	false	1.0
pikiert	neg 1.0	neg 1.0	neg 0.5209640028224001 __DUMMY__ 0.42452743681814953 off 0.05450856035945042	false	1.0
wrack	neg 1.0		__DUMMY__ 0.877026693839616 off 0.0639258653339252 neg 0.05904744082645882	false	0.5
gangster	neg 1.0		__DUMMY__ 0.8640847478395567 off 0.07011599173838383 neg 0.06579926042205943	false	0.5
krank	neg 1.0	neg 1.0	neg 0.5188908862256824 __DUMMY__ 0.4260878225089629 off 0.05502129126535476	false	1.0
reich	neg 1.0		__DUMMY__ 0.8608924773517238 off 0.07049718701799648 neg 0.06861033563027977	false	0.5
gnadenlos	neg 1.0		__DUMMY__ 0.8676217185090842 off 0.06743773772104585 neg 0.06494054376986991	false	0.5
niedergeschlagen	neg 1.0		__DUMMY__ 0.8712319575687804 neg 0.06514046257620347 off 0.06362757985501623	false	1.0
terrorisieren	off 1.0	off 1.0	off 0.5175089361663363 __DUMMY__ 0.4324819495666777 neg 0.050009114266985955	false	1.0
sinnlosigkeit	neg 1.0		__DUMMY__ 0.869390697521415 neg 0.06603667877259012 off 0.06457262370599492	false	1.0
behindern	neg 1.0		__DUMMY__ 0.8666201006370226 neg 0.06745501305410469 off 0.06592488630887285	false	1.0
undemokratisch	neg 1.0		__DUMMY__ 0.8643044325821796 off 0.06904102930551531 neg 0.06665453811230503	false	0.5
wirtschaftskrise	neg 1.0		__DUMMY__ 0.8648941755687339 neg 0.07092344610791287 off 0.0641823783233532	false	1.0
neid	neg 1.0		__DUMMY__ 0.8646536018483396 off 0.06952542487611636 neg 0.06582097327554393	false	0.5
rutschen	neg 1.0		__DUMMY__ 0.8780759715097696 neg 0.06514182991241335 off 0.056782198577817015	false	1.0
rezession	neg 1.0		__DUMMY__ 0.8539340196624394 off 0.07546169603267702 neg 0.07060428430488351	false	0.5
fehlgeburt	neg 1.0		__DUMMY__ 0.870263441380727 off 0.0662552109455166 neg 0.06348134767375649	false	0.5
charakterschwach	off 1.0		__DUMMY__ 0.8610248547362357 off 0.07260267571155722 neg 0.0663724695522071	false	1.0
isolation	neg 1.0		__DUMMY__ 0.8654133286863251 off 0.07024541759790405 neg 0.06434125371577082	false	0.5
ablenkung	neg 1.0		__DUMMY__ 0.8694483853028981 off 0.06595184968225438 neg 0.0645997650148475	false	0.5
pech	neg 1.0		__DUMMY__ 0.8643260647765827 off 0.07029178243063439 neg 0.06538215279278295	false	0.5
vermeidung	neg 1.0		__DUMMY__ 0.8604759923283052 off 0.07259363216928033 neg 0.06693037550241447	false	0.5
dominieren	neg 1.0		__DUMMY__ 0.8706222142440937 off 0.06482746496214116 neg 0.06455032079376519	false	0.5
schwindlig	neg 1.0		__DUMMY__ 0.8654351597153092 off 0.0678404880732213 neg 0.06672435221146952	false	0.5
lutscher	neg 1.0	neg 1.0	neg 0.521483460244221 __DUMMY__ 0.4154649670413028 off 0.06305157271447615	false	1.0
pflicht	neg 1.0		__DUMMY__ 0.8741831581026155 neg 0.06500196062555419 off 0.060814881271830365	false	1.0
faschist	off 1.0		__DUMMY__ 0.8641480243192367 off 0.07051101729108326 neg 0.0653409583896802	false	1.0
verschleudern	neg 1.0		__DUMMY__ 0.8663857215682955 neg 0.07077111925233781 off 0.06284315917936664	false	1.0
wenn			__DUMMY__ 0.8631796292796837 off 0.07126155544088425 neg 0.06555881527943203	false	0.0
ehebruch	neg 1.0		__DUMMY__ 0.8698848255587959 neg 0.06643241872426374 off 0.06368275571694053	false	1.0
spott	off 1.0		__DUMMY__ 0.8713772726080353 neg 0.06507366447908601 off 0.06354906291287869	false	0.5
trostlosigkeit	neg 1.0		__DUMMY__ 0.8702453668518254 neg 0.06913938474596437 off 0.06061524840221023	false	1.0
lutschen	neg 1.0		__DUMMY__ 0.8630614538945557 off 0.07054671063191773 neg 0.06639183547352653	false	0.5
undiszipliniert	neg 1.0		__DUMMY__ 0.8607393793183393 off 0.07423300415620412 neg 0.06502761652545656	false	0.5
kopfschmerz	neg 1.0		__DUMMY__ 0.8680190046781092 neg 0.06942548290941213 off 0.0625555124124787	false	1.0
unvorhergesehen	neg 1.0		__DUMMY__ 0.8741903361024274 neg 0.06549534912705413 off 0.06031431477051863	false	1.0
desinteressiert	neg 1.0		__DUMMY__ 0.8603617508798054 off 0.0736766864343525 neg 0.06596156268584207	false	0.5
armselig	off 1.0		__DUMMY__ 0.8588389244407246 off 0.07609653170726632 neg 0.06506454385200916	false	1.0
desaster	neg 1.0		__DUMMY__ 0.872055699770259 neg 0.06771317524119723 off 0.06023112498854381	false	1.0
tod	neg 1.0		__DUMMY__ 0.8729448129311083 neg 0.06475777987266071 off 0.062297407196231024	false	1.0
herzlos	neg 1.0		__DUMMY__ 0.8590610966521219 off 0.07543106729057543 neg 0.06550783605730258	false	0.5
unwissenheit	neg 1.0		__DUMMY__ 0.8689482143036882 neg 0.06683992786917366 off 0.0642118578271381	false	1.0
widersinnig	neg 1.0		__DUMMY__ 0.8655945643544972 neg 0.06863247609062652 off 0.0657729595548763	false	1.0
bedenklich	neg 1.0		__DUMMY__ 0.8689691145354568 neg 0.06767267041593007 off 0.0633582150486132	false	1.0
beanstanden	neg 1.0		__DUMMY__ 0.8740028923871593 neg 0.06459046720456432 off 0.06140664040827641	false	1.0
panisch	neg 1.0		__DUMMY__ 0.8678625158734927 off 0.06795889759889841 neg 0.06417858652760884	false	0.5
debil	off 1.0		__DUMMY__ 0.8780697849222647 neg 0.06733591714111475 off 0.054594297936620566	false	0.5
abstrich	neg 1.0		__DUMMY__ 0.8672593512283828 neg 0.06900644756476555 off 0.06373420120685155	false	1.0
primitiv	neg 1.0		__DUMMY__ 0.860810061777322 off 0.07393198350904578 neg 0.06525795471363217	false	0.5
abschaum	off 1.0	off 1.0	off 0.5248800701344829 __DUMMY__ 0.4265042193227105 neg 0.04861571054280667	false	1.0
provozieren	neg 1.0		__DUMMY__ 0.8660055865824273 off 0.06742947739953777 neg 0.06656493601803497	false	0.5
tot	neg 1.0		__DUMMY__ 0.868276132259655 neg 0.06808867805984546 off 0.06363518968049947	false	1.0
instabil	neg 1.0		__DUMMY__ 0.8583833941419792 off 0.07633984752856343 neg 0.06527675832945726	false	0.5
schwuchtel	off 1.0	off 1.0	off 0.536486389989188 __DUMMY__ 0.41291065376052877 neg 0.050602956250283194	false	1.0
zerren	neg 1.0		__DUMMY__ 0.8713931714777022 neg 0.06488778538037589 off 0.0637190431419219	false	1.0
kinderficker	off 1.0		__DUMMY__ 0.856293248902766 off 0.07846209439262153 neg 0.06524465670461246	false	1.0
gefahr	neg 1.0		__DUMMY__ 0.8731357727333727 neg 0.06565138170006118 off 0.061212845566566004	false	1.0
rabiat	neg 1.0		__DUMMY__ 0.866909764850288 neg 0.06752058055584714 off 0.06556965459386477	false	1.0
verlangsamung	neg 1.0		__DUMMY__ 0.8544447675028437 off 0.08025860206604805 neg 0.06529663043110821	false	0.5
ausgestorben	neg 1.0		__DUMMY__ 0.8691911506019915 neg 0.06567006321411763 off 0.06513878618389088	false	1.0
anklagen	neg 1.0		__DUMMY__ 0.8689926954587223 neg 0.06610694028194421 off 0.06490036425933353	false	1.0
trott	neg 1.0		__DUMMY__ 0.8675662317524543 neg 0.06623959654265815 off 0.06619417170488755	false	1.0
verminderung	neg 1.0		__DUMMY__ 0.8610890323015559 off 0.07261236661136165 neg 0.0662986010870825	false	0.5
nach			__DUMMY__ 0.8805122344737987 neg 0.06388616977700193 off 0.05560159574919939	false	0.0
rost	neg 1.0		__DUMMY__ 0.8572296075686336 off 0.08135039319584746 neg 0.061419999235518934	false	0.5
destruktiv	neg 1.0		__DUMMY__ 0.8669232804760569 neg 0.06674204556950825 off 0.06633467395443485	false	1.0
unzumutbarkeit	neg 1.0		__DUMMY__ 0.86213019599312 off 0.07262392885639313 neg 0.06524587515048695	false	0.5
labil	off 1.0	off 1.0	off 0.5242987390194687 __DUMMY__ 0.4253474203799354 neg 0.050353840600595834	false	1.0
ziemlich	neg 1.0		__DUMMY__ 0.8634615960123078 off 0.07208602502436053 neg 0.06445237896333167	false	0.5
lachnummer	off 1.0		__DUMMY__ 0.8680898300151637 off 0.06709969658927642 neg 0.06481047339555987	false	1.0
oder			__DUMMY__ 0.8689732313289935 off 0.06664693480086376 neg 0.06437983387014265	false	0.0
verfall	neg 1.0		__DUMMY__ 0.8725522091209083 neg 0.06937764036865532 off 0.05807015051043632	false	1.0
ausgrenzung	neg 1.0		__DUMMY__ 0.8640160609169804 off 0.06890554440921055 neg 0.06707839467380913	false	0.5
unordnung	neg 1.0		__DUMMY__ 0.8570708638660367 off 0.07654381899664625 neg 0.0663853171373171	false	0.5
fehlverhalten	neg 1.0		__DUMMY__ 0.871282533962915 neg 0.06614256926855053 off 0.06257489676853448	false	1.0
eine			__DUMMY__ 0.8731430094024037 neg 0.06660137873438934 off 0.060255611863206875	false	0.0
nille	neg 1.0		__DUMMY__ 0.867290305933255 off 0.06671906418458926 neg 0.06599062988215576	false	0.5
qual	neg 1.0		__DUMMY__ 0.8673933786594297 neg 0.06672732258407905 off 0.0658792987564914	false	1.0
verschwenden	neg 1.0		__DUMMY__ 0.8694557036800443 neg 0.06849772483670256 off 0.0620465714832531	false	1.0
riesig	neg 1.0		__DUMMY__ 0.8720456138677385 neg 0.06579346790500885 off 0.06216091822725272	false	1.0
verurteilen	neg 1.0		__DUMMY__ 0.8685631443738541 neg 0.06668350939319566 off 0.06475334623295022	false	1.0
klischee	neg 1.0	neg 1.0	neg 0.5208420363663355 __DUMMY__ 0.42566001030921663 off 0.0534979533244479	false	1.0
diktatorisch	neg 1.0		__DUMMY__ 0.8634601523116274 off 0.06914975931122652 neg 0.06739008837714598	false	0.5
vorhersehbar	neg 1.0		__DUMMY__ 0.8630426864959828 off 0.06966908782844995 neg 0.06728822567556722	false	0.5
sowie			__DUMMY__ 0.854235728373923 off 0.07765341704640989 neg 0.06811085457966708	false	0.0
stornieren	neg 1.0		__DUMMY__ 0.8703878332390621 off 0.06905695390151263 neg 0.0605552128594252	false	0.5
besteuerung	neg 1.0	neg 1.0	neg 0.5245574482394676 __DUMMY__ 0.4245020954888364 off 0.05094045627169607	false	1.0
ungeschminkt	neg 1.0		__DUMMY__ 0.8602074269367993 off 0.07349034441066778 neg 0.06630222865253287	false	0.5
kritisch	neg 1.0		__DUMMY__ 0.8696712302647599 neg 0.06601989401341045 off 0.06430887572182965	false	1.0
schlamperei	off 1.0		__DUMMY__ 0.8700669368265915 neg 0.06701583754149737 off 0.06291722563191122	false	0.5
sucht	neg 1.0	neg 1.0	neg 0.5187301664907316 __DUMMY__ 0.430295159263169 off 0.05097467424609943	false	1.0
egoistisch	off 1.0	off 1.0	off 0.5290902608589154 __DUMMY__ 0.4218244876555326 neg 0.04908525148555203	false	1.0
ausbeuter	off 1.0		__DUMMY__ 0.8686157002432169 neg 0.06906215424461679 off 0.06232214551216641	false	0.5
arschgeburt	off 1.0		__DUMMY__ 0.8459141689392359 off 0.08769977558713461 neg 0.06638605547362941	false	1.0
schubs	neg 1.0		__DUMMY__ 0.8681867717015194 neg 0.06909735138053932 off 0.06271587691794132	false	1.0
unsolide	neg 1.0		__DUMMY__ 0.8660018876757389 off 0.06951694102662204 neg 0.06448117129763897	false	0.5
beschwerde	neg 1.0		__DUMMY__ 0.8698796646061264 neg 0.06558403429347905 off 0.06453630110039457	false	1.0
stocken	neg 1.0		__DUMMY__ 0.8704234316345961 neg 0.06615492590155232 off 0.06342164246385146	false	1.0
isolieren	neg 1.0		__DUMMY__ 0.8681742605337083 neg 0.06735545603958419 off 0.06447028342670753	false	1.0
unheilbar	neg 1.0		__DUMMY__ 0.868294338352325 off 0.06664943177591874 neg 0.06505622987175633	false	0.5
pisser	off 1.0	off 1.0	off 0.5270526831922294 __DUMMY__ 0.4230232888875692 neg 0.049924027920201314	false	1.0
löschen	neg 1.0		__DUMMY__ 0.8660237091417703 neg 0.06707477398374419 off 0.0669015168744855	false	1.0
durchfallen	neg 1.0		__DUMMY__ 0.8701697866385953 neg 0.06586267948224521 off 0.06396753387915946	false	1.0
wichser	off 1.0	off 1.0	off 0.5331895288689574 __DUMMY__ 0.417100355664261 neg 0.04971011546678148	false	1.0
terror	neg 1.0		__DUMMY__ 0.864615388217454 off 0.06950731313684576 neg 0.0658772986457002	false	0.5
krass	neg 1.0		__DUMMY__ 0.857566377900734 off 0.07683932784373305 neg 0.065594294255533	false	0.5
revolte	neg 1.0		__DUMMY__ 0.8600691806766549 off 0.07051335017278504 neg 0.06941746915056007	false	0.5
besorgt	neg 1.0		__DUMMY__ 0.8722108254271163 off 0.06425986919051112 neg 0.06352930538237261	false	0.5
nachlassen	neg 1.0		__DUMMY__ 0.8722701867645081 neg 0.06461936907473148 off 0.06311044416076045	false	1.0
alt	neg 1.0		__DUMMY__ 0.8646358169557368 neg 0.07307911331019422 off 0.06228506973406902	false	1.0
hundesohn	off 1.0	off 1.0	off 0.5325748808955973 __DUMMY__ 0.4170492228778765 neg 0.050375896226526065	false	1.0
als			__DUMMY__ 0.8689602902596539 neg 0.06669538450614611 off 0.0643443252341999	false	0.0
abschreckung	neg 1.0		__DUMMY__ 0.8709741068069261 neg 0.06727944424755362 off 0.06174644894552022	false	1.0
unqualifiziert	neg 1.0		__DUMMY__ 0.8637569389352332 off 0.07111633200081538 neg 0.06512672906395137	false	0.5
abgewichst	off 1.0		__DUMMY__ 0.8686225025514638 off 0.06592012520164571 neg 0.06545737224689047	false	1.0
schwer	neg 1.0		__DUMMY__ 0.8688258588521257 off 0.06583638000252359 neg 0.06533776114535068	false	0.5
bedeutungslosigkeit	neg 1.0		__DUMMY__ 0.8708199846398017 neg 0.06692393562333475 off 0.0622560797368636	false	1.0
kapitulation	neg 1.0		__DUMMY__ 0.8671796244881995 neg 0.06880744321285595 off 0.06401293229894446	false	1.0
unscharf	neg 1.0		__DUMMY__ 0.8620621643825884 neg 0.06993198568396768 off 0.06800584993344402	false	1.0
schwinden	neg 1.0		__DUMMY__ 0.8697330166429156 neg 0.06797764508405885 off 0.06228933827302559	false	1.0
versklavung	neg 1.0	neg 1.0	neg 0.522289305865289 __DUMMY__ 0.4258649217685862 off 0.05184577236612479	false	1.0
schlecht	neg 1.0		__DUMMY__ 0.8635652327400385 off 0.07227635528941903 neg 0.06415841197054234	false	0.5
verhasst	neg 1.0		__DUMMY__ 0.8648305403360198 off 0.06813535640628103 neg 0.06703410325769922	false	0.5
beschweren	neg 1.0		__DUMMY__ 0.8670074131432464 off 0.06833978716883186 neg 0.06465279968792179	false	0.5
scheiden	neg 1.0		__DUMMY__ 0.8686434146915559 off 0.06602750789660876 neg 0.06532907741183537	false	0.5
frustriert	neg 1.0		__DUMMY__ 0.8693911717919375 neg 0.06557734871665913 off 0.06503147949140331	false	1.0
schimmelig	neg 1.0		__DUMMY__ 0.8668404650162163 neg 0.07049851177434581 off 0.06266102320943798	false	1.0
fisch	neg 1.0		__DUMMY__ 0.8684370621175709 neg 0.07220721957018865 off 0.059355718312240444	false	1.0
schmuggel	neg 1.0		__DUMMY__ 0.8744656791075268 neg 0.06517896078686707 off 0.060355360105606125	false	1.0
auffallen	neg 1.0		__DUMMY__ 0.8658706121951542 off 0.06876860140615051 neg 0.06536078639869533	false	0.5
konkurrenz	neg 1.0		__DUMMY__ 0.874106471899035 neg 0.06404637004128609 off 0.061847158059678886	false	1.0
teufelskreis	neg 1.0	neg 1.0	neg 0.5223226372783297 __DUMMY__ 0.42780664729609236 off 0.04987071542557789	false	1.0
aufschreien	neg 1.0		__DUMMY__ 0.8633564664635734 off 0.06945164153235406 neg 0.06719189200407247	false	0.5
schuldner	neg 1.0		__DUMMY__ 0.867499420361854 neg 0.07048364198123312 off 0.062016937656912866	false	1.0
missgeburt	off 1.0	off 1.0	off 0.5310270690849599 __DUMMY__ 0.4202698163528466 neg 0.048703114562193395	false	1.0
arbeitslos	neg 1.0		__DUMMY__ 0.8692149629199812 neg 0.06686181522926758 off 0.06392322185075126	false	1.0
befallen	neg 1.0		__DUMMY__ 0.862739302218858 neg 0.07182435459326837 off 0.06543634318787368	false	1.0
miesepetrig	off 1.0	off 1.0	off 0.5239144994854835 __DUMMY__ 0.4261250475282467 neg 0.049960452986269846	false	1.0
alarmieren	neg 1.0		__DUMMY__ 0.8629336230609845 off 0.07153303977824807 neg 0.06553333716076733	false	0.5
ungeduscht	off 1.0		__DUMMY__ 0.8624226859082625 off 0.07032701156786526 neg 0.06725030252387229	false	1.0
knappheit	neg 1.0		__DUMMY__ 0.8660942452475651 neg 0.06968130202170253 off 0.06422445273073242	false	1.0
schlange	neg 1.0		__DUMMY__ 0.8686340422257239 off 0.06653836754085034 neg 0.06482759023342578	false	0.5
harsch	neg 1.0		__DUMMY__ 0.8606243117520577 off 0.07644053106693106 neg 0.0629351571810113	false	0.5
lang	neg 1.0		__DUMMY__ 0.8663353670964301 off 0.06771968992505151 neg 0.06594494297851847	false	0.5
ziellos	neg 1.0		__DUMMY__ 0.872740512969138 neg 0.06507062857318367 off 0.06218885845767831	false	1.0
selbstverliebt	neg 1.0		__DUMMY__ 0.8515927283308246 off 0.08452809927325666 neg 0.06387917239591875	false	0.5
beseitigen	neg 1.0		__DUMMY__ 0.8693851850354235 off 0.06611331055756461 neg 0.06450150440701193	false	0.5
dumm	off 1.0		__DUMMY__ 0.8552622400935419 off 0.07920351534996027 neg 0.06553424455649784	false	1.0
arbeitsloser	neg 1.0		__DUMMY__ 0.875018199291989 off 0.06415092379984881 neg 0.06083087690816222	false	0.5
blitzen	neg 1.0		__DUMMY__ 0.8625315292585715 off 0.07047880020619995 neg 0.06698967053522858	false	0.5
hilflos	neg 1.0		__DUMMY__ 0.8693350620768309 neg 0.06679882598537555 off 0.06386611193779358	false	1.0
eklig	off 1.0		__DUMMY__ 0.8530306717684037 off 0.07957621806094162 neg 0.06739311017065473	false	1.0
begriff			__DUMMY__ 0.8687287910714524 off 0.06605512164182431 neg 0.06521608728672323	false	0.0
hungersnot	neg 1.0		__DUMMY__ 0.8667786250545151 neg 0.06896101501083331 off 0.0642603599346516	false	1.0
ungesetzlich	neg 1.0		__DUMMY__ 0.8648302799848212 off 0.06931304274614256 neg 0.06585667726903631	false	0.5
verschwendung	neg 1.0		__DUMMY__ 0.8706678220455009 neg 0.0672360031921476 off 0.06209617476235158	false	1.0
schmerzvoll	neg 1.0		__DUMMY__ 0.8650921960251008 off 0.0678823226428411 neg 0.06702548133205816	false	0.5
vorzeitig	neg 1.0		__DUMMY__ 0.8664072575061862 off 0.07170329046374253 neg 0.061889452030071186	false	0.5
unvollkommenheit	neg 1.0		__DUMMY__ 0.8690548332726581 neg 0.06631524869474183 off 0.0646299180326001	false	1.0
intervenieren	neg 1.0		__DUMMY__ 0.8673357879971695 neg 0.06972458036421358 off 0.06293963163861699	false	1.0
banause	off 1.0		__DUMMY__ 0.8491395840633056 off 0.0811664173792018 neg 0.06969399855749267	false	1.0
rebell	neg 1.0		__DUMMY__ 0.8707936206224528 neg 0.07132700028282767 off 0.057879379094719574	false	1.0
unlogisch	neg 1.0		__DUMMY__ 0.8585365346363163 off 0.07480845946886092 neg 0.0666550058948228	false	0.5
leiden	neg 1.0		__DUMMY__ 0.8756712722656261 neg 0.06392910484481665 off 0.06039962288955725	false	1.0
abschaffung	neg 1.0		__DUMMY__ 0.8643769503094727 neg 0.06798419379706995 off 0.06763885589345728	false	1.0
sturz	neg 1.0		__DUMMY__ 0.8695625751994448 off 0.0684962942380818 neg 0.06194113056247334	false	0.5
verkleinerung	neg 1.0		__DUMMY__ 0.8587735475059662 off 0.07084978050415837 neg 0.0703766719898753	false	0.5
schmarotzer	off 1.0		__DUMMY__ 0.8686220425141604 neg 0.06646946839766503 off 0.06490848908817462	false	0.5
bestrafung	neg 1.0	neg 1.0	neg 0.5198350773506187 __DUMMY__ 0.42936494862340074 off 0.05079997402598051	false	1.0
achtlos	neg 1.0		__DUMMY__ 0.8705314804766874 off 0.06493546281336231 neg 0.06453305670995028	false	0.5
ungeheuer	neg 1.0		__DUMMY__ 0.8663129969509541 neg 0.06703639689390381 off 0.06665060615514212	false	1.0
unaufrichtig	neg 1.0		__DUMMY__ 0.8639149193451601 off 0.07101300879580198 neg 0.06507207185903803	false	0.5
groggy	neg 1.0		__DUMMY__ 0.8651740390103743 off 0.06996287778760998 neg 0.06486308320201575	false	0.5
