unsolidarisch	neg 1.0		__DUMMY__ 0.44613059479046785 neg 0.2777544223530291 off 0.27611498285650304	false	1.0
nachteilig	neg 1.0		__DUMMY__ 0.45184504794883085 neg 0.2758540108605706 off 0.2723009411905987	false	1.0
skeptisch	neg 1.0		__DUMMY__ 0.451269751060183 neg 0.2783630452154037 off 0.2703672037244134	false	1.0
schrecklich	neg 1.0		__DUMMY__ 0.4421857327412689 off 0.2857227093818403 neg 0.2720915578768909	false	0.5
schlapp	neg 1.0	neg 1.0	neg 0.625508292609241 __DUMMY__ 0.2145210364982755 off 0.1599706708924835	false	1.0
abfall	neg 1.0		__DUMMY__ 0.45517735083895106 neg 0.27701503093392077 off 0.2678076182271281	false	1.0
widerspenstig	neg 1.0		__DUMMY__ 0.4471256852491858 neg 0.2786469967634727 off 0.2742273179873415	false	1.0
abrupt	neg 1.0		__DUMMY__ 0.44997333370757825 neg 0.28097345287117237 off 0.2690532134212495	false	1.0
unwirksam	neg 1.0		__DUMMY__ 0.44324229107295005 neg 0.2825335528212164 off 0.27422415610583356	false	1.0
angreifen	neg 1.0		__DUMMY__ 0.45185021625125993 neg 0.2783244325014374 off 0.26982535124730267	false	1.0
inkonsistent	neg 1.0		__DUMMY__ 0.4453283397361465 off 0.2781230582451456 neg 0.276548602018708	false	0.5
abrutschen	neg 1.0		__DUMMY__ 0.4544649450759653 neg 0.278497752393714 off 0.26703730253032065	false	1.0
unsicher	neg 1.0		__DUMMY__ 0.4492365080621805 off 0.275790803102802 neg 0.2749726888350176	false	0.5
bauernkind	off 1.0	off 1.0	off 0.6325132413349155 __DUMMY__ 0.20984017843808636 neg 0.1576465802269981	false	1.0
angreifer	neg 1.0		__DUMMY__ 0.4480854780330438 off 0.28073272737644617 neg 0.2711817945905099	false	0.5
trennen	neg 1.0		__DUMMY__ 0.4528399298774861 neg 0.2772822323015783 off 0.26987783782093566	false	1.0
schmutz	neg 1.0		__DUMMY__ 0.45104963253931457 off 0.28094901968564595 neg 0.26800134777503953	false	0.5
inkonsistenz	neg 1.0		__DUMMY__ 0.4454163306290883 off 0.28136748028755987 neg 0.27321618908335193	false	0.5
erschreckend	neg 1.0		__DUMMY__ 0.4488260563061938 neg 0.276361524506055 off 0.27481241918775123	false	1.0
ertrinken	neg 1.0		__DUMMY__ 0.4506979211166729 neg 0.28070496263113104 off 0.26859711625219607	false	1.0
pickelface	off 1.0		__DUMMY__ 0.44751897397374746 neg 0.2765060405637495 off 0.27597498546250315	false	0.5
seiner			__DUMMY__ 0.4525573972792153 neg 0.27678638444381154 off 0.27065621827697295	false	0.0
lauch	neg 1.0	neg 1.0	neg 0.6295919903787057 __DUMMY__ 0.21882155570313394 off 0.1515864539181603	false	1.0
unwichtig	neg 1.0		__DUMMY__ 0.44470695721197306 off 0.2809331712289322 neg 0.27435987155909486	false	0.5
steuerhinterziehung	neg 1.0		__DUMMY__ 0.44754249188179795 neg 0.27803770604620054 off 0.27441980207200156	false	1.0
schock	neg 1.0		__DUMMY__ 0.44965751662342507 neg 0.276553516440205 off 0.2737889669363699	false	1.0
beule	neg 1.0		__DUMMY__ 0.4428523457291301 off 0.2833972981432254 neg 0.2737503561276445	false	0.5
vergelten	neg 1.0		__DUMMY__ 0.4429335203713428 off 0.28743682521781844 neg 0.2696296544108387	false	0.5
verdorbenheit	neg 1.0		__DUMMY__ 0.44706076989402005 off 0.27656121839916203 neg 0.2763780117068179	false	0.5
trauma	neg 1.0		__DUMMY__ 0.44654249417922115 off 0.2768457231365375 neg 0.2766117826842414	false	0.5
sinnlos	neg 1.0		__DUMMY__ 0.44695085917368205 off 0.27778618275360134 neg 0.2752629580727167	false	0.5
fettsack	off 1.0	off 1.0	off 0.6336704068951973 __DUMMY__ 0.21009289981356422 neg 0.1562366932912386	false	1.0
feige	off 1.0	off 1.0	off 0.6301447590263315 __DUMMY__ 0.21352056937801617 neg 0.1563346715956524	false	1.0
abdanken	neg 1.0		__DUMMY__ 0.4487333144694528 neg 0.27600176482329253 off 0.27526492070725456	false	1.0
wichtigtuer	off 1.0	off 1.0	off 0.6284738901824611 __DUMMY__ 0.21563433953896546 neg 0.15589177027857348	false	1.0
misslingen	neg 1.0	neg 1.0	neg 0.6225371728832259 __DUMMY__ 0.21878813028199276 off 0.1586746968347813	false	1.0
untreu	off 1.0		__DUMMY__ 0.4438805193931063 off 0.28230319386748487 neg 0.27381628673940894	false	1.0
missmutig	neg 1.0		__DUMMY__ 0.4454568630553054 off 0.27949124025694605 neg 0.2750518966877485	false	0.5
hurenbock	off 1.0		__DUMMY__ 0.44390732719780934 neg 0.2820545068041049 off 0.27403816599808595	false	0.5
betrunken	neg 1.0		__DUMMY__ 0.4426784436478062 off 0.28442060830825433 neg 0.27290094804393955	false	0.5
korrupt	off 1.0		__DUMMY__ 0.44730635274694025 neg 0.2790017302003063 off 0.27369191705275336	false	0.5
unmut	neg 1.0		__DUMMY__ 0.45248910488172867 neg 0.2790973871517888 off 0.26841350796648256	false	1.0
hackfresse	off 1.0		__DUMMY__ 0.43906249112935736 off 0.29076553355685114 neg 0.2701719753137915	false	1.0
aufblasen	neg 1.0		__DUMMY__ 0.44812984551122653 off 0.27599419814596493 neg 0.2758759563428086	false	0.5
gewaltsam	neg 1.0		__DUMMY__ 0.4485605126062475 neg 0.2762773626135916 off 0.2751621247801608	false	1.0
unbeliebtheit	neg 1.0		__DUMMY__ 0.44414938242795304 off 0.2825152819149819 neg 0.273335335657065	false	0.5
sturheit	neg 1.0		__DUMMY__ 0.4501349640195516 off 0.2753074312196281 neg 0.2745576047608204	false	0.5
kuh	neg 1.0		__DUMMY__ 0.4395068044376071 neg 0.284404604198021 off 0.27608859136437186	false	1.0
erschrecken	neg 1.0		__DUMMY__ 0.44608592759010157 off 0.2803165784877648 neg 0.2735974939221337	false	0.5
opfer	neg 1.0		__DUMMY__ 0.4523696195593756 neg 0.27488349384707883 off 0.2727468865935456	false	1.0
sinken	neg 1.0		__DUMMY__ 0.45103851115575405 neg 0.28047073911227244 off 0.26849074973197357	false	1.0
stinktier	neg 1.0		__DUMMY__ 0.436394394855055 off 0.28639922834693604 neg 0.27720637679800897	false	0.5
tucke	off 1.0		__DUMMY__ 0.43410800224747087 off 0.29145913654907996 neg 0.2744328612034492	false	1.0
ein			__DUMMY__ 0.447209931810908 neg 0.2789188169036897 off 0.27387125128540235	false	0.0
abstieg	neg 1.0		__DUMMY__ 0.4535658017517272 off 0.27505754614640066 neg 0.2713766521018722	false	0.5
missverstehen	neg 1.0		__DUMMY__ 0.4463003906406536 off 0.2787824201550621 neg 0.2749171892042842	false	0.5
ergebnislos	neg 1.0		__DUMMY__ 0.45236348977249496 neg 0.2752926694573928 off 0.27234384077011237	false	1.0
unter			__DUMMY__ 0.45848672614665725 neg 0.27809874585785854 off 0.2634145279954841	false	0.0
manipulieren	neg 1.0		__DUMMY__ 0.45241110011702096 neg 0.27612461107673264 off 0.2714642888062465	false	1.0
unbewiesen	neg 1.0	neg 1.0	neg 0.6264688334592747 __DUMMY__ 0.2161603334089306 off 0.15737083313179465	false	1.0
verschleppen	neg 1.0		__DUMMY__ 0.44947446174257993 neg 0.2780601269529918 off 0.2724654113044283	false	1.0
weib	off 1.0		__DUMMY__ 0.43588824409896004 off 0.29236340445938064 neg 0.2717483514416594	false	1.0
opposition	neg 1.0		__DUMMY__ 0.4453679434739563 neg 0.2779687399459204 off 0.2766633165801233	false	1.0
verkehrswidrig	neg 1.0	neg 1.0	neg 0.6214960681626714 __DUMMY__ 0.21443102877678316 off 0.16407290306054542	false	1.0
inkorrekt	neg 1.0		__DUMMY__ 0.4418088329216287 off 0.2853757516396329 neg 0.2728154154387383	false	0.5
vermeiden	neg 1.0		__DUMMY__ 0.4548961085102612 neg 0.2786167387043563 off 0.2664871527853825	false	1.0
abweichung	neg 1.0	neg 1.0	neg 0.6250730544641463 __DUMMY__ 0.21903367826731007 off 0.15589326726854355	false	1.0
alkoholisiert	neg 1.0		__DUMMY__ 0.4541425450359504 neg 0.2746766278756165 off 0.271180827088433	false	1.0
scheiss	off 1.0	off 1.0	off 0.6309645142697825 __DUMMY__ 0.21280838067595256 neg 0.15622710505426488	false	1.0
herausforderung	neg 1.0		__DUMMY__ 0.4510683756491338 neg 0.2755586869178059 off 0.2733729374330603	false	1.0
pervers	off 1.0		__DUMMY__ 0.43508489754543794 off 0.29528760169527585 neg 0.2696275007592861	false	1.0
wackelig	neg 1.0		__DUMMY__ 0.4511516540704336 neg 0.2756464733103711 off 0.27320187261919515	false	1.0
verwickeln	neg 1.0		__DUMMY__ 0.44666791761352975 off 0.27767046343653234 neg 0.275661618949938	false	0.5
vorwand	neg 1.0		__DUMMY__ 0.4518618037852774 neg 0.2788683250653253 off 0.26926987114939727	false	1.0
muschi	off 1.0		__DUMMY__ 0.4489228533466733 neg 0.27595662891886136 off 0.27512051773446516	false	0.5
entmutigung	neg 1.0		__DUMMY__ 0.4448728717770961 off 0.2778351234439533 neg 0.27729200477895055	false	0.5
unangemessen	neg 1.0		__DUMMY__ 0.44971935130580315 neg 0.2755859684396791 off 0.2746946802545178	false	1.0
unstetig	neg 1.0		__DUMMY__ 0.44572022024895147 off 0.2801977776720103 neg 0.27408200207903827	false	0.5
entmutigen	neg 1.0		__DUMMY__ 0.44789812906837284 off 0.2767820664653269 neg 0.27531980446630017	false	0.5
schwanz	neg 1.0		__DUMMY__ 0.4492280341228355 neg 0.27845842497315815 off 0.2723135409040063	false	1.0
verbot	neg 1.0		__DUMMY__ 0.4475891036492637 neg 0.27913549258417086 off 0.2732754037665655	false	1.0
leid	neg 1.0		__DUMMY__ 0.44058435839835147 off 0.2873088985321123 neg 0.2721067430695362	false	0.5
archaisch	neg 1.0		__DUMMY__ 0.4484979516237104 neg 0.2778405413376585 off 0.2736615070386311	false	1.0
gegen			__DUMMY__ 0.4540003483885642 neg 0.276228703923305 off 0.26977094768813087	false	0.0
scheidung	neg 1.0		__DUMMY__ 0.43749632951908796 off 0.3010266174105394 neg 0.26147705307037267	false	0.5
einschlag	neg 1.0		__DUMMY__ 0.4442094798229028 off 0.28705147606399223 neg 0.26873904411310484	false	0.5
m			__DUMMY__ 0.4499719871840871 neg 0.27665918531185746 off 0.2733688275040553	false	0.0
abgestanden	neg 1.0		__DUMMY__ 0.44275677072441805 neg 0.2840708596503091 off 0.27317236962527286	false	1.0
schmierig	off 1.0		__DUMMY__ 0.4409176698260519 off 0.28703209280961733 neg 0.27205023736433087	false	1.0
unpraktisch	neg 1.0		__DUMMY__ 0.4481428601316756 off 0.27750500553220053 neg 0.2743521343361237	false	0.5
wixxer	off 1.0		__DUMMY__ 0.43361617100172684 off 0.2951335946605327 neg 0.27125023433774054	false	1.0
bezeichnet			__DUMMY__ 0.44869594744825964 off 0.2762654661373632 neg 0.27503858641437706	false	0.0
jammerlappen	off 1.0		__DUMMY__ 0.44497110336339685 off 0.281462237477211 neg 0.27356665915939216	false	1.0
farce	neg 1.0		__DUMMY__ 0.4464593143566442 neg 0.27849086765363584 off 0.27504981798972	false	1.0
zwecklos	neg 1.0		__DUMMY__ 0.44936971308712076 neg 0.27748658878478893 off 0.2731436981280903	false	1.0
turbulent	neg 1.0		__DUMMY__ 0.44300831245148464 off 0.28363788248782085 neg 0.2733538050606946	false	0.5
invasion	neg 1.0		__DUMMY__ 0.4465023960964051 off 0.2786164085868295 neg 0.2748811953167655	false	0.5
schuld	neg 1.0		__DUMMY__ 0.4475179420477879 off 0.27706336354694905 neg 0.2754186944052631	false	0.5
risiko	neg 1.0		__DUMMY__ 0.44473657109159437 neg 0.27824259290973424 off 0.2770208359986713	false	1.0
finster	neg 1.0		__DUMMY__ 0.446757035269745 neg 0.2788074583364637 off 0.27443550639379133	false	1.0
geisteskrank	off 1.0		__DUMMY__ 0.44281489897467446 off 0.2840719082321328 neg 0.2731131927931928	false	1.0
zusammenbrechen	neg 1.0		__DUMMY__ 0.4491880251436491 neg 0.27752789898771785 off 0.27328407586863307	false	1.0
ausbeute	neg 1.0		__DUMMY__ 0.451386892654594 off 0.2753783280812933 neg 0.2732347792641127	false	0.5
hinterhalt	neg 1.0		__DUMMY__ 0.4484091208045899 neg 0.2779662381729531 off 0.2736246410224569	false	1.0
kritik	neg 1.0		__DUMMY__ 0.4464616828536444 neg 0.2788831436156082 off 0.2746551735307474	false	1.0
einschrumpfen	neg 1.0		__DUMMY__ 0.4422018763646304 off 0.2804672739195355 neg 0.277330849715834	false	0.5
riskant	neg 1.0		__DUMMY__ 0.4505455833561927 neg 0.2791279619301628 off 0.27032645471364436	false	1.0
frustrieren	neg 1.0		__DUMMY__ 0.44945480448377306 neg 0.2794550402929264 off 0.27109015522330077	false	1.0
groll	neg 1.0		__DUMMY__ 0.45044191544917295 neg 0.2756224228342623 off 0.27393566171656464	false	1.0
gibt			__DUMMY__ 0.4502861262089295 neg 0.2765248233056145 off 0.2731890504854561	false	0.0
qualvoll	neg 1.0		__DUMMY__ 0.4467888302756406 off 0.27793757396688673 neg 0.27527359575747257	false	0.5
wackeln	neg 1.0		__DUMMY__ 0.4487035687078454 neg 0.2758547111011063 off 0.2754417201910484	false	1.0
klagen	neg 1.0		__DUMMY__ 0.4511315896582604 neg 0.2796043528890559 off 0.26926405745268384	false	1.0
bankrott	neg 1.0		__DUMMY__ 0.44622759677382695 off 0.2812245829745299 neg 0.27254782025164326	false	0.5
trauern	neg 1.0		__DUMMY__ 0.45439160822897695 neg 0.2733857705749825 off 0.2722226211960405	false	1.0
ablehnung	neg 1.0		__DUMMY__ 0.4472563483029633 neg 0.27858487988589287 off 0.27415877181114384	false	1.0
stur	neg 1.0		__DUMMY__ 0.44684131034854 off 0.2767439897100874 neg 0.2764146999413725	false	0.5
aufruhr	neg 1.0	neg 1.0	neg 0.6269293145231476 __DUMMY__ 0.2164464048861222 off 0.1566242805907303	false	1.0
melancholie	neg 1.0		__DUMMY__ 0.4496467126169875 neg 0.2809134496095627 off 0.2694398377734498	false	1.0
ist			__DUMMY__ 0.44730043286637416 off 0.27760856328630834 neg 0.2750910038473175	false	0.0
torheit	neg 1.0		__DUMMY__ 0.447512328929439 off 0.2772022352373233 neg 0.2752854358332376	false	0.5
dreckskind	off 1.0		__DUMMY__ 0.4374294538952444 off 0.29166156694213285 neg 0.27090897916262274	false	1.0
umtauschen	neg 1.0		__DUMMY__ 0.4482103273496063 neg 0.27717602702185534 off 0.2746136456285383	false	1.0
zum			__DUMMY__ 0.4586654582755847 neg 0.27295247677365714 off 0.26838206495075817	false	0.0
zersetzen	neg 1.0		__DUMMY__ 0.4501569750346366 neg 0.27983202648492833 off 0.27001099848043514	false	1.0
zur			__DUMMY__ 0.45513730019751314 neg 0.278020742120546 off 0.2668419576819409	false	0.0
frust	neg 1.0		__DUMMY__ 0.44981179397301163 neg 0.2769444924308682 off 0.27324371359612026	false	1.0
unerbittlichkeit	neg 1.0		__DUMMY__ 0.4512815104868494 neg 0.27707046910341704 off 0.2716480204097336	false	1.0
zwei			__DUMMY__ 0.45582124510897337 neg 0.27774867263377306 off 0.2664300822572535	false	0.0
unkorrekt	neg 1.0		__DUMMY__ 0.4420911021895787 off 0.2837485274978478 neg 0.2741603703125734	false	0.5
hexe	off 1.0		__DUMMY__ 0.4425283122718003 off 0.2798700597392248 neg 0.2776016279889749	false	1.0
lasch	neg 1.0		__DUMMY__ 0.4456274253819165 off 0.2805537767803 neg 0.2738187978377834	false	0.5
rivale	neg 1.0		__DUMMY__ 0.4422642321522688 off 0.2857808534004082 neg 0.27195491444732284	false	0.5
mutlos	off 1.0	off 1.0	off 0.6249023438440342 __DUMMY__ 0.2175063221289327 neg 0.15759133402703307	false	1.0
wirr	off 1.0		__DUMMY__ 0.4413957198991624 off 0.28626238522940345 neg 0.2723418948714343	false	1.0
jahr			__DUMMY__ 0.45546842384044023 off 0.27230059389496525 neg 0.27223098226459447	false	0.0
wird			__DUMMY__ 0.4507408422308523 neg 0.2766674535316332 off 0.2725917042375144	false	0.0
strafbar	neg 1.0		__DUMMY__ 0.45115339795423187 neg 0.2773860197443481 off 0.2714605823014201	false	1.0
erosion	neg 1.0		__DUMMY__ 0.4481542846018588 neg 0.275994111930083 off 0.2758516034680582	false	1.0
eingehen	neg 1.0		__DUMMY__ 0.44980631933701104 neg 0.2791610731239652 off 0.27103260753902364	false	1.0
faul	off 1.0		__DUMMY__ 0.44519728683371423 off 0.28033586015769274 neg 0.2744668530085929	false	1.0
provisorium	neg 1.0		__DUMMY__ 0.4587983612284497 neg 0.2775560372549572 off 0.2636456015165931	false	1.0
schmerzen	neg 1.0		__DUMMY__ 0.44816816527462133 neg 0.27802062472694933 off 0.27381120999842934	false	1.0
schrumpfen	neg 1.0		__DUMMY__ 0.45232715313667116 neg 0.2819631409371518 off 0.2657097059261772	false	1.0
geistlos	off 1.0		__DUMMY__ 0.44470962721491925 off 0.27846558242045 neg 0.2768247903646308	false	1.0
fehlkauf	neg 1.0		__DUMMY__ 0.4451507727368731 off 0.27799923929515274 neg 0.27684998796797416	false	0.5
frustrierend	neg 1.0		__DUMMY__ 0.4456740460724301 off 0.27999173121225945 neg 0.2743342227153105	false	0.5
unzufrieden	neg 1.0		__DUMMY__ 0.44970789801832944 neg 0.27730732241263467 off 0.27298477956903594	false	1.0
verzweifeln	neg 1.0		__DUMMY__ 0.44945367850784246 neg 0.27585169954048094 off 0.27469462195167654	false	1.0
verzweifelt	neg 1.0		__DUMMY__ 0.44740594642630893 off 0.277105362796138 neg 0.2754886907775532	false	0.5
misstrauensantrag	neg 1.0		__DUMMY__ 0.4465191857725073 off 0.2778911601348029 neg 0.2755896540926898	false	0.5
abfallen	neg 1.0		__DUMMY__ 0.44772107184684995 neg 0.2767589953708941 off 0.275519932782256	false	1.0
fucker	off 1.0		__DUMMY__ 0.4431489135668029 off 0.2853643321208336 neg 0.2714867543123636	false	1.0
ungezogen	neg 1.0		__DUMMY__ 0.43709837480798147 off 0.29294042040643403 neg 0.2699612047855844	false	0.5
irrsinnig	neg 1.0	neg 1.0	neg 0.6270300483922338 __DUMMY__ 0.21589263744470621 off 0.15707731416306	false	1.0
unfassbar	neg 1.0		__DUMMY__ 0.44456813320064525 off 0.28254423892176644 neg 0.27288762787758847	false	0.5
hart	neg 1.0		__DUMMY__ 0.4398326778020185 off 0.2807557887839578 neg 0.27941153341402375	false	0.5
widerlich	off 1.0		__DUMMY__ 0.4435051997905071 off 0.2829112498750603 neg 0.27358355033443266	false	1.0
fatal	neg 1.0	neg 1.0	neg 0.6284249913462088 __DUMMY__ 0.21393224669552122 off 0.15764276195826993	false	1.0
bruch	neg 1.0		__DUMMY__ 0.45458229672501194 neg 0.2764233449932156 off 0.2689943582817726	false	1.0
aushungern	neg 1.0		__DUMMY__ 0.4473066531520274 neg 0.2792852452228327 off 0.27340810162513984	false	1.0
anspannung	neg 1.0		__DUMMY__ 0.4567184580340497 neg 0.2762358870789335 off 0.2670456548870168	false	1.0
von			__DUMMY__ 0.45252056413421465 neg 0.2776282502950062 off 0.26985118557077925	false	0.0
kraftlos	neg 1.0		__DUMMY__ 0.45041399309400904 neg 0.2769670823427156 off 0.2726189245632754	false	1.0
vom			__DUMMY__ 0.4601856123924063 neg 0.2748888219758213 off 0.26492556563177233	false	0.0
grenzdebil	off 1.0		__DUMMY__ 0.4433542417576409 off 0.2824768336214663 neg 0.2741689246208928	false	1.0
vor			__DUMMY__ 0.45319399653236453 neg 0.27817922725219574 off 0.2686267762154398	false	0.0
unterwerfen	neg 1.0		__DUMMY__ 0.45074076358685056 neg 0.27713046157423593 off 0.2721287748389135	false	1.0
versenkung	neg 1.0		__DUMMY__ 0.4513569189107516 neg 0.27704086748823875 off 0.2716022136010096	false	1.0
entziehen	neg 1.0		__DUMMY__ 0.45194399172739286 neg 0.27888265399996254 off 0.2691733542726445	false	1.0
finanzkrise	neg 1.0		__DUMMY__ 0.4432323709494141 neg 0.28378408045398396 off 0.27298354859660195	false	1.0
schimpfend	neg 1.0		__DUMMY__ 0.4488962419204478 off 0.2769256313205554 neg 0.2741781267589967	false	0.5
profan	neg 1.0		__DUMMY__ 0.446426155471913 off 0.2782288307835277 neg 0.2753450137445593	false	0.5
korruption	neg 1.0		__DUMMY__ 0.4477089202020799 neg 0.27944563146194845 off 0.2728454483359718	false	1.0
â			__DUMMY__ 0.4496635178404026 neg 0.27798940981549103 off 0.2723470723441064	false	0.0
schmutzig	neg 1.0		__DUMMY__ 0.44382555666684903 off 0.2829049220878121 neg 0.2732695212453388	false	0.5
sexy	neg 1.0		__DUMMY__ 0.4462231201313489 off 0.28024595854646567 neg 0.2735309213221855	false	0.5
abraten	neg 1.0		__DUMMY__ 0.4474555353032126 off 0.27800239658026504 neg 0.2745420681165224	false	0.5
schwarz	neg 1.0		__DUMMY__ 0.44672328701045094 off 0.2782010663928789 neg 0.27507564659667016	false	0.5
fotze	off 1.0	off 1.0	off 0.6253015247665445 __DUMMY__ 0.21721612235202692 neg 0.15748235288142862	false	1.0
verwirren	neg 1.0		__DUMMY__ 0.4466956876828725 off 0.2787158406117949 neg 0.27458847170533274	false	0.5
zahnlos	off 1.0		__DUMMY__ 0.44906869254040643 neg 0.2768766515404887 off 0.2740546559191049	false	0.5
verheeren	neg 1.0		__DUMMY__ 0.4372541810049476 off 0.2948381932597911 neg 0.2679076257352612	false	0.5
hippie	neg 1.0		__DUMMY__ 0.44589893290339244 off 0.27964730809252775 neg 0.27445375900407987	false	0.5
rammen	neg 1.0		__DUMMY__ 0.4478853166699247 off 0.2762432266762174 neg 0.27587145665385776	false	0.5
unlauter	neg 1.0		__DUMMY__ 0.4457326018049516 off 0.27759653023200054 neg 0.27667086796304785	false	0.5
unheilvoll	neg 1.0		__DUMMY__ 0.44679439454634934 off 0.2766365146252044 neg 0.2765690908284464	false	0.5
niedrig	neg 1.0		__DUMMY__ 0.4483841961752489 neg 0.2801150012046423 off 0.27150080262010884	false	1.0
explosion	neg 1.0		__DUMMY__ 0.4462369749102206 off 0.27964102360644727 neg 0.2741220014833321	false	0.5
weichei	off 1.0	off 1.0	off 0.6336119839151197 __DUMMY__ 0.2111757488372011 neg 0.15521226724767911	false	1.0
minusmensch	off 1.0		__DUMMY__ 0.43628727593857775 off 0.2941368024956962 neg 0.2695759215657261	false	1.0
farblos	neg 1.0		__DUMMY__ 0.4459513950839804 neg 0.27789629711372754 off 0.27615230780229216	false	1.0
unwissend	neg 1.0	neg 1.0	neg 0.6264780722216997 __DUMMY__ 0.21405372403539805 off 0.15946820374290221	false	1.0
traurig	neg 1.0		__DUMMY__ 0.44240871529397474 off 0.28523472947315376 neg 0.2723565552328715	false	0.5
senkung	neg 1.0		__DUMMY__ 0.44290099694147833 neg 0.27956260508294273 off 0.277536397975579	false	1.0
ungleich	neg 1.0	neg 1.0	neg 0.6276993665064817 __DUMMY__ 0.21775962875763605 off 0.15454100473588214	false	1.0
heikel	neg 1.0		__DUMMY__ 0.45108414433885424 neg 0.278054547268706 off 0.2708613083924397	false	1.0
drosselung	neg 1.0		__DUMMY__ 0.440371562649163 off 0.28137844769504655 neg 0.2782499896557905	false	0.5
falsch	neg 1.0		__DUMMY__ 0.4459479187344795 off 0.2804152104247806 neg 0.27363687084074	false	0.5
unzufriedenheit	neg 1.0		__DUMMY__ 0.4497889877081326 neg 0.2802906724978002 off 0.2699203397940673	false	1.0
kurz	neg 1.0		__DUMMY__ 0.45090296869698676 neg 0.2753740227463899 off 0.27372300855662346	false	1.0
unsinnig	neg 1.0		__DUMMY__ 0.4474172299854693 neg 0.27853516377952864 off 0.27404760623500213	false	1.0
penner	off 1.0	off 1.0	off 0.6349703144693035 __DUMMY__ 0.21092834445705685 neg 0.15410134107363962	false	1.0
seicht	neg 1.0		__DUMMY__ 0.43569097871682905 off 0.29122771071821274 neg 0.27308131056495827	false	0.5
dummheit	off 1.0	off 1.0	off 0.6282122044345402 __DUMMY__ 0.21466429388245295 neg 0.15712350168300696	false	1.0
unerfreulich	neg 1.0		__DUMMY__ 0.45152067826927655 neg 0.2778669285477276 off 0.2706123931829959	false	1.0
motherfucker	off 1.0	off 1.0	off 0.6316492186816259 __DUMMY__ 0.21346857765164814 neg 0.1548822036667259	false	1.0
pikiert	neg 1.0	neg 1.0	neg 0.6264077677906723 __DUMMY__ 0.21382334562904612 off 0.15976888658028154	false	1.0
wrack	neg 1.0		__DUMMY__ 0.4544875694860605 off 0.27563469075502317 neg 0.2698777397589165	false	0.5
gangster	neg 1.0		__DUMMY__ 0.4456708454286283 off 0.27984253137723025 neg 0.27448662319414147	false	0.5
krank	neg 1.0	neg 1.0	neg 0.6246628239211195 __DUMMY__ 0.21453337916418594 off 0.1608037969146946	false	1.0
reich	neg 1.0		__DUMMY__ 0.44310992020669593 off 0.279513971153219 neg 0.27737610864008505	false	0.5
gnadenlos	neg 1.0		__DUMMY__ 0.44834772419996627 off 0.27707897246453006 neg 0.2745733033355037	false	0.5
niedergeschlagen	neg 1.0		__DUMMY__ 0.4508451867625525 neg 0.2759814882998131 off 0.2731733249376345	false	1.0
terrorisieren	off 1.0	off 1.0	off 0.6242645351060555 __DUMMY__ 0.21819390515811837 neg 0.15754155973582604	false	1.0
sinnlosigkeit	neg 1.0		__DUMMY__ 0.4496248620846413 neg 0.27671039173730205 off 0.2736647461780566	false	1.0
behindern	neg 1.0		__DUMMY__ 0.447465044466637 neg 0.2775695492120668 off 0.2749654063212964	false	1.0
undemokratisch	neg 1.0		__DUMMY__ 0.4458982617969791 off 0.2780581979565888 neg 0.276043540246432	false	0.5
wirtschaftskrise	neg 1.0		__DUMMY__ 0.44631894124091653 neg 0.2820061025398975 off 0.271674956219186	false	1.0
neid	neg 1.0		__DUMMY__ 0.445912974594314 off 0.27939949142765197 neg 0.2746875339780339	false	0.5
rutschen	neg 1.0		__DUMMY__ 0.4556805707917092 neg 0.27830832173489245 off 0.26601110747339823	false	1.0
rezession	neg 1.0		__DUMMY__ 0.4382957322339919 off 0.28392259682723536 neg 0.2777816709387728	false	0.5
fehlgeburt	neg 1.0		__DUMMY__ 0.4497049247866593 off 0.2767850249532534 neg 0.2735100502600874	false	0.5
charakterschwach	off 1.0		__DUMMY__ 0.4434868426858035 off 0.2822407139762102 neg 0.27427244333798617	false	1.0
isolation	neg 1.0		__DUMMY__ 0.44652950341808173 off 0.28056194911685284 neg 0.2729085474650654	false	0.5
ablenkung	neg 1.0		__DUMMY__ 0.4495557681638659 off 0.2757638260892223 neg 0.2746804057469119	false	0.5
pech	neg 1.0		__DUMMY__ 0.4455375790478224 off 0.2805446337463978 neg 0.2739177872057797	false	0.5
vermeidung	neg 1.0		__DUMMY__ 0.44290935902448236 off 0.2823108427694457 neg 0.27477979820607196	false	0.5
dominieren	neg 1.0		__DUMMY__ 0.45031637642154004 neg 0.27517019124934533 off 0.2745134323291145	false	1.0
schwindlig	neg 1.0		__DUMMY__ 0.4463373026263506 off 0.2775546084002513 neg 0.27610808897339817	false	0.5
lutscher	neg 1.0	neg 1.0	neg 0.6246426118300442 __DUMMY__ 0.2088252762662526 off 0.1665321119037032	false	1.0
pflicht	neg 1.0		__DUMMY__ 0.4531187663408605 neg 0.27694793227361825 off 0.26993330138552124	false	1.0
faschist	off 1.0		__DUMMY__ 0.4457577055291596 off 0.2801002679622836 neg 0.2741420265085569	false	1.0
verschleudern	neg 1.0		__DUMMY__ 0.44737372293958594 neg 0.28227938157310345 off 0.2703468954873107	false	1.0
wenn			__DUMMY__ 0.4450710189528989 off 0.28107411868814397 neg 0.273854862358957	false	0.0
ehebruch	neg 1.0		__DUMMY__ 0.44995486761714965 neg 0.2775029551875404 off 0.27254217719531	false	1.0
spott	off 1.0		__DUMMY__ 0.45101808347508576 neg 0.2761577708726211 off 0.272824145652293	false	0.5
trostlosigkeit	neg 1.0		__DUMMY__ 0.4502296118750331 neg 0.2813119290211585 off 0.2684584591038084	false	1.0
lutschen	neg 1.0		__DUMMY__ 0.44477846902815676 off 0.28018800776036434 neg 0.27503352321147895	false	0.5
undiszipliniert	neg 1.0		__DUMMY__ 0.44310729102745505 off 0.28460859357493673 neg 0.2722841153976083	false	0.5
kopfschmerz	neg 1.0		__DUMMY__ 0.4482422350124858 neg 0.2807337019352922 off 0.27102406305222215	false	1.0
unvorhergesehen	neg 1.0		__DUMMY__ 0.45269622779169666 neg 0.277445984994269 off 0.2698577872140344	false	1.0
desinteressiert	neg 1.0		__DUMMY__ 0.4429319321864156 off 0.28363907150224577 neg 0.2734289963113388	false	0.5
armselig	off 1.0		__DUMMY__ 0.4419272352028391 off 0.2863394275956268 neg 0.2717333372015341	false	1.0
desaster	neg 1.0		__DUMMY__ 0.4515901505775575 neg 0.2800041132446808 off 0.26840573617776164	false	1.0
tod	neg 1.0		__DUMMY__ 0.45171058998088304 neg 0.27622942961735897 off 0.2720599804017581	false	1.0
herzlos	neg 1.0		__DUMMY__ 0.4420059464261108 off 0.28560774091665836 neg 0.2723863126572309	false	0.5
unwissenheit	neg 1.0		__DUMMY__ 0.44927975217306193 neg 0.27768708578761936 off 0.27303316203931877	false	1.0
widersinnig	neg 1.0		__DUMMY__ 0.4468959646042116 neg 0.2791092370015826 off 0.2739947983942059	false	1.0
bedenklich	neg 1.0		__DUMMY__ 0.449353382504915 neg 0.2787747641768634 off 0.2718718533182215	false	1.0
beanstanden	neg 1.0		__DUMMY__ 0.4529330100415886 neg 0.27634607141649536 off 0.27072091854191604	false	1.0
panisch	neg 1.0		__DUMMY__ 0.4482303449017991 off 0.27824467420176324 neg 0.2735249808964375	false	0.5
debil	off 1.0		__DUMMY__ 0.4555863983454769 neg 0.28132609741094544 off 0.26308750424357774	false	0.5
abstrich	neg 1.0		__DUMMY__ 0.4472757437586524 neg 0.2798186735934388 off 0.2729055826479088	false	1.0
primitiv	neg 1.0		__DUMMY__ 0.4433114997429635 off 0.2840252813359407 neg 0.27266321892109585	false	0.5
abschaum	off 1.0	off 1.0	off 0.6305319433814046 __DUMMY__ 0.2148961003244491 neg 0.15457195629414616	false	1.0
provozieren	neg 1.0		__DUMMY__ 0.447192788168673 off 0.2765783559185723 neg 0.27622885591275453	false	0.5
tot	neg 1.0		__DUMMY__ 0.4482799139406284 neg 0.279105061815289 off 0.27261502424408257	false	1.0
instabil	neg 1.0		__DUMMY__ 0.4414100756181746 off 0.2865700174620185 neg 0.27201990691980704	false	0.5
schwuchtel	off 1.0	off 1.0	off 0.6393462275218972 __DUMMY__ 0.20752421074086821 neg 0.15312956173723466	false	1.0
zerren	neg 1.0		__DUMMY__ 0.4510134319913854 neg 0.27576103389536333 off 0.2732255341132513	false	1.0
kinderficker	off 1.0		__DUMMY__ 0.44002104411417603 off 0.28879107505516155 neg 0.27118788083066253	false	1.0
gefahr	neg 1.0		__DUMMY__ 0.45226739370683483 neg 0.27761069078502165 off 0.2701219155081436	false	1.0
rabiat	neg 1.0		__DUMMY__ 0.4478739997455077 neg 0.2777893885098688 off 0.2743366117446236	false	1.0
verlangsamung	neg 1.0		__DUMMY__ 0.4385270873350236 off 0.29059813514268307 neg 0.27087477752229333	false	0.5
ausgestorben	neg 1.0		__DUMMY__ 0.4494346661390693 neg 0.27607992392842007 off 0.2744854099325107	false	1.0
anklagen	neg 1.0		__DUMMY__ 0.4491663650659119 neg 0.2768504433071791 off 0.273983191626909	false	1.0
trott	neg 1.0		__DUMMY__ 0.4481762697418153 neg 0.2762353522120488 off 0.27558837804613595	false	1.0
verminderung	neg 1.0		__DUMMY__ 0.44330036478482315 off 0.2825999112164734 neg 0.27409972399870347	false	0.5
nach			__DUMMY__ 0.4575023360028009 neg 0.2773751082902321 off 0.265122555706967	false	0.0
rost	neg 1.0		__DUMMY__ 0.44037253828074396 off 0.29321414955585645 neg 0.26641331216339953	false	0.5
destruktiv	neg 1.0		__DUMMY__ 0.4478006664364974 neg 0.27683873156305355 off 0.27536060200044893	false	1.0
unzumutbarkeit	neg 1.0		__DUMMY__ 0.44402375845676895 off 0.282786284597487 neg 0.273189956945744	false	0.5
labil	off 1.0	off 1.0	off 0.6296633136235842 __DUMMY__ 0.21430073377678885 neg 0.15603595259962702	false	1.0
ziemlich	neg 1.0		__DUMMY__ 0.44514561657743795 off 0.28240009983834624 neg 0.27245428358421575	false	0.5
lachnummer	off 1.0		__DUMMY__ 0.44873376078980753 off 0.27663951747802584 neg 0.2746267217321665	false	1.0
oder			__DUMMY__ 0.4491371040376117 off 0.2766796969263084 neg 0.27418319903607996	false	0.0
verfall	neg 1.0		__DUMMY__ 0.45192656640082196 neg 0.2823757788356676 off 0.2656976547635104	false	1.0
ausgrenzung	neg 1.0		__DUMMY__ 0.44564834036076484 off 0.2778321352932711 neg 0.27651952434596394	false	0.5
unordnung	neg 1.0		__DUMMY__ 0.4403663020693592 off 0.2865482671529215 neg 0.27308543077771924	false	0.5
fehlverhalten	neg 1.0		__DUMMY__ 0.45101958099777595 neg 0.27758187071966484 off 0.2713985482825594	false	1.0
eine			__DUMMY__ 0.4523338014191689 neg 0.27864121701845196 off 0.2690249815623792	false	0.0
nille	neg 1.0		__DUMMY__ 0.44805975598750375 off 0.2760098823389662 neg 0.2759303616735302	false	0.5
qual	neg 1.0		__DUMMY__ 0.44806962779341664 neg 0.2768550989795885 off 0.27507527322699477	false	1.0
verschwenden	neg 1.0		__DUMMY__ 0.4496432415666883 neg 0.28000722772919134 off 0.2703495307041203	false	1.0
riesig	neg 1.0		__DUMMY__ 0.4511182415110994 neg 0.27723935954523315 off 0.2716423989436676	false	1.0
verurteilen	neg 1.0		__DUMMY__ 0.44902247620667296 neg 0.2774275096407691 off 0.2735500141525579	false	1.0
klischee	neg 1.0	neg 1.0	neg 0.6265899688907336 __DUMMY__ 0.21448631924857803 off 0.15892371186068843	false	1.0
diktatorisch	neg 1.0		__DUMMY__ 0.4453119210919108 off 0.27791269564624743 neg 0.2767753832618417	false	0.5
vorhersehbar	neg 1.0		__DUMMY__ 0.44504909301925905 off 0.2787410464891862 neg 0.2762098604915547	false	0.5
sowie			__DUMMY__ 0.4385182164457041 off 0.2871596489011892 neg 0.2743221346531066	false	0.0
stornieren	neg 1.0		__DUMMY__ 0.44992196169916604 off 0.28042977331135954 neg 0.2696482649894744	false	0.5
besteuerung	neg 1.0	neg 1.0	neg 0.6301327555452565 __DUMMY__ 0.21372540579256924 off 0.1561418386621742	false	1.0
ungeschminkt	neg 1.0		__DUMMY__ 0.44253506910507 off 0.2836803706481324 neg 0.2737845602467976	false	0.5
kritisch	neg 1.0		__DUMMY__ 0.44986170738500686 neg 0.2768515408502416 off 0.27328675176475137	false	1.0
schlamperei	off 1.0		__DUMMY__ 0.45003283618667556 neg 0.2784614290437162 off 0.27150573476960826	false	0.5
sucht	neg 1.0	neg 1.0	neg 0.6256518889509876 __DUMMY__ 0.21665960542024554 off 0.157688505628767	false	1.0
egoistisch	off 1.0	off 1.0	off 0.6339155192219218 __DUMMY__ 0.21228836332143491 neg 0.15379611745664337	false	1.0
ausbeuter	off 1.0		__DUMMY__ 0.449119125404479 neg 0.28066657313201193 off 0.270214301463509	false	0.5
arschgeburt	off 1.0		__DUMMY__ 0.4325952329468042 off 0.29809755651512204 neg 0.26930721053807366	false	1.0
schubs	neg 1.0		__DUMMY__ 0.4483215164938673 neg 0.2802616535763752 off 0.27141682992975746	false	1.0
unsolide	neg 1.0		__DUMMY__ 0.4469610694448189 off 0.2793684722910516 neg 0.2736704582641296	false	0.5
beschwerde	neg 1.0		__DUMMY__ 0.44985412916953776 neg 0.27643885077718805 off 0.2737070200532742	false	1.0
stocken	neg 1.0		__DUMMY__ 0.45024472608682986 neg 0.27739177276467186 off 0.27236350114849833	false	1.0
isolieren	neg 1.0		__DUMMY__ 0.4485913205703108 neg 0.27830972574333573 off 0.2730989536863534	false	1.0
unheilbar	neg 1.0		__DUMMY__ 0.44876840112743754 off 0.27614115557736835 neg 0.27509044329519416	false	0.5
pisser	off 1.0	off 1.0	off 0.6320941951594699 __DUMMY__ 0.2129140940737676 neg 0.15499171076676246	false	1.0
löschen	neg 1.0		__DUMMY__ 0.44710323027497106 neg 0.27691814878934184 off 0.27597862093568715	false	1.0
durchfallen	neg 1.0		__DUMMY__ 0.45016396563601757 neg 0.27671219762791077 off 0.2731238367360715	false	1.0
wichser	off 1.0	off 1.0	off 0.6370108584286698 __DUMMY__ 0.20974940905207112 neg 0.15323973251925907	false	1.0
terror	neg 1.0		__DUMMY__ 0.4459418261155562 off 0.2793250088083098 neg 0.274733165076134	false	0.5
krass	neg 1.0		__DUMMY__ 0.4406729984836813 off 0.2874021001694715 neg 0.2719249013468473	false	0.5
revolte	neg 1.0		__DUMMY__ 0.44288118248837494 off 0.2787913543510392 neg 0.27832746316058604	false	0.5
besorgt	neg 1.0		__DUMMY__ 0.45154324601300894 off 0.274236107501908 neg 0.274220646485083	false	0.5
nachlassen	neg 1.0		__DUMMY__ 0.4514514753314325 neg 0.2757400931605987 off 0.2728084315079688	false	1.0
alt	neg 1.0		__DUMMY__ 0.44577034497286616 neg 0.284500380090602 off 0.26972927493653187	false	1.0
hundesohn	off 1.0	off 1.0	off 0.6362031569426084 __DUMMY__ 0.2097868585192363 neg 0.15400998453815523	false	1.0
als			__DUMMY__ 0.4493119733656252 neg 0.27737701799687753 off 0.27331100863749724	false	0.0
abschreckung	neg 1.0		__DUMMY__ 0.4507811796041155 neg 0.2790910413273771 off 0.27012777906850743	false	1.0
unqualifiziert	neg 1.0		__DUMMY__ 0.4455157380715249 off 0.2808978499368027 neg 0.2735864119916724	false	0.5
abgewichst	off 1.0		__DUMMY__ 0.4489120202721364 neg 0.27561243097174587 off 0.2754755487561177	false	0.5
schwer	neg 1.0		__DUMMY__ 0.4492228824165324 neg 0.2754629677330712 off 0.2753141498503965	false	1.0
bedeutungslosigkeit	neg 1.0		__DUMMY__ 0.4507025905347323 neg 0.27848083644022265 off 0.270816573025045	false	1.0
kapitulation	neg 1.0		__DUMMY__ 0.44803434019854815 neg 0.2799080996576628 off 0.27205756014378907	false	1.0
unscharf	neg 1.0		__DUMMY__ 0.4438465939380612 neg 0.27926903939194153 off 0.27688436666999733	false	1.0
schwinden	neg 1.0		__DUMMY__ 0.4498086070129878 neg 0.27965295486219927 off 0.27053843812481293	false	1.0
versklavung	neg 1.0	neg 1.0	neg 0.6282601455122059 __DUMMY__ 0.21458898209900037 off 0.15715087238879377	false	1.0
schlecht	neg 1.0		__DUMMY__ 0.4452742326503911 off 0.28262449681144386 neg 0.27210127053816513	false	0.5
verhasst	neg 1.0		__DUMMY__ 0.44635417308657177 off 0.27716173643444125 neg 0.27648409047898703	false	0.5
beschweren	neg 1.0		__DUMMY__ 0.4478566159640932 off 0.27820534857682044 neg 0.27393803545908624	false	0.5
scheiden	neg 1.0		__DUMMY__ 0.4486461930794814 off 0.27590671330157474 neg 0.27544709361894393	false	0.5
frustriert	neg 1.0		__DUMMY__ 0.4496319621252126 neg 0.2760306469218553 off 0.274337390952932	false	1.0
schimmelig	neg 1.0		__DUMMY__ 0.4472125343395122 neg 0.28172737884063753 off 0.2710600868198503	false	1.0
fisch	neg 1.0		__DUMMY__ 0.4483047402235278 neg 0.2846372978503467 off 0.26705796192612563	false	1.0
schmuggel	neg 1.0		__DUMMY__ 0.4531092821759791 neg 0.2773605241224636 off 0.26953019370155745	false	1.0
auffallen	neg 1.0		__DUMMY__ 0.4469978580887639 off 0.2784899846710081 neg 0.27451215724022804	false	0.5
konkurrenz	neg 1.0		__DUMMY__ 0.4530350740359262 neg 0.2757399583288994 off 0.27122496763517445	false	1.0
teufelskreis	neg 1.0	neg 1.0	neg 0.62868146829632 __DUMMY__ 0.21570233833013255 off 0.15561619337354735	false	1.0
aufschreien	neg 1.0		__DUMMY__ 0.4452486730725413 off 0.2785997463306075 neg 0.27615158059685113	false	0.5
schuldner	neg 1.0		__DUMMY__ 0.4481935636373818 neg 0.28227920313076915 off 0.2695272332318491	false	1.0
missgeburt	off 1.0	off 1.0	off 0.6355634325774047 __DUMMY__ 0.21138698572884507 neg 0.1530495816937503	false	1.0
arbeitslos	neg 1.0		__DUMMY__ 0.449569477091201 neg 0.27774211108759916 off 0.2726884118211998	false	1.0
befallen	neg 1.0		__DUMMY__ 0.44480114324787023 neg 0.28248368103946486 off 0.2727151757126649	false	1.0
miesepetrig	off 1.0	off 1.0	off 0.6297413477972165 __DUMMY__ 0.21452852523320287 neg 0.1557301269695807	false	1.0
alarmieren	neg 1.0		__DUMMY__ 0.44482620076589874 off 0.2811191031619594 neg 0.27405469607214183	false	0.5
ungeduscht	off 1.0		__DUMMY__ 0.44407547763599553 off 0.2801585756454149 neg 0.2757659467185896	false	1.0
knappheit	neg 1.0		__DUMMY__ 0.44708930443080086 neg 0.28073791708450435 off 0.27217277848469484	false	1.0
schlange	neg 1.0		__DUMMY__ 0.44890704884644683 off 0.27642440248031774 neg 0.27466854867323537	false	0.5
harsch	neg 1.0		__DUMMY__ 0.4429879635083992 off 0.28753082626140614 neg 0.2694812102301948	false	0.5
lang	neg 1.0		__DUMMY__ 0.44732847337544274 off 0.27720424143058364 neg 0.2754672851939737	false	0.5
ziellos	neg 1.0		__DUMMY__ 0.451975466691982 neg 0.2764753299713829 off 0.2715492033366349	false	1.0
selbstverliebt	neg 1.0		__DUMMY__ 0.43655238319251594 off 0.2957509840616626 neg 0.2676966327458213	false	0.5
beseitigen	neg 1.0		__DUMMY__ 0.44930954791738936 off 0.27592655134886795 neg 0.2747639007337427	false	0.5
dumm	off 1.0		__DUMMY__ 0.4392135806276415 off 0.2896724940438341 neg 0.27111392532852446	false	1.0
arbeitsloser	neg 1.0		__DUMMY__ 0.4536183800963664 off 0.2747332879030335 neg 0.2716483320006002	false	0.5
blitzen	neg 1.0		__DUMMY__ 0.4445724428890773 off 0.2798106477232632 neg 0.2756169093876595	false	0.5
hilflos	neg 1.0		__DUMMY__ 0.44953629493068115 neg 0.2776407032686256 off 0.2728230018006931	false	1.0
eklig	off 1.0		__DUMMY__ 0.43753543193693367 off 0.289579737723971 neg 0.2728848303390952	false	1.0
begriff			__DUMMY__ 0.44907873667506737 off 0.27554996111213537 neg 0.27537130221279715	false	0.0
hungersnot	neg 1.0		__DUMMY__ 0.4475507736957629 neg 0.2800216787232853 off 0.27242754758095183	false	1.0
ungesetzlich	neg 1.0		__DUMMY__ 0.4463457952903153 off 0.2784576251889573 neg 0.2751965795207275	false	0.5
verschwendung	neg 1.0		__DUMMY__ 0.4505524080750546 neg 0.278754987639234 off 0.27069260428571146	false	1.0
schmerzvoll	neg 1.0		__DUMMY__ 0.4464694505302997 off 0.2770239295265923 neg 0.27650661994310805	false	0.5
vorzeitig	neg 1.0		__DUMMY__ 0.4471332022017088 off 0.28275567916369154 neg 0.2701111186345997	false	0.5
unvollkommenheit	neg 1.0		__DUMMY__ 0.44907810334683923 neg 0.2770329841924447 off 0.27388891246071617	false	1.0
intervenieren	neg 1.0		__DUMMY__ 0.44819152339966334 neg 0.2811736349596719 off 0.27063484164066487	false	1.0
banause	off 1.0		__DUMMY__ 0.4347692396681194 off 0.2905397184077855 neg 0.2746910419240951	false	1.0
rebell	neg 1.0		__DUMMY__ 0.45029814407121105 neg 0.2842772705484912 off 0.2654245853802977	false	1.0
unlogisch	neg 1.0		__DUMMY__ 0.441621908584907 off 0.28463402046007424 neg 0.27374407095501874	false	0.5
leiden	neg 1.0		__DUMMY__ 0.45374858596919393 neg 0.275877559366014 off 0.27037385466479213	false	1.0
abschaffung	neg 1.0		__DUMMY__ 0.44581224009875187 neg 0.27781371238193125 off 0.2763740475193169	false	1.0
sturz	neg 1.0		__DUMMY__ 0.4495061369515807 off 0.2792203870701404 neg 0.27127347597827883	false	0.5
verkleinerung	neg 1.0		__DUMMY__ 0.44184879990341963 neg 0.27915057305650015 off 0.27900062704008016	false	1.0
schmarotzer	off 1.0		__DUMMY__ 0.4490830832542399 neg 0.2770832736755988 off 0.27383364307016134	false	0.5
bestrafung	neg 1.0	neg 1.0	neg 0.6265323770267361 __DUMMY__ 0.21646354673723972 off 0.15700407623602416	false	1.0
achtlos	neg 1.0		__DUMMY__ 0.4503313683550595 neg 0.2749920235598742 off 0.2746766080850663	false	1.0
ungeheuer	neg 1.0		__DUMMY__ 0.4471419244855354 neg 0.2769918805271972 off 0.2758661949872674	false	1.0
unaufrichtig	neg 1.0		__DUMMY__ 0.4455398491560841 off 0.28080348808243943 neg 0.27365666276147643	false	0.5
groggy	neg 1.0		__DUMMY__ 0.4465782713283525 off 0.2797173632024713 neg 0.2737043654691762	false	0.5
verletzlich	neg 1.0		__DUMMY__ 0.44196003514309457 off 0.2805907337859618 neg 0.27744923107094366	false	0.5
ablehnen	neg 1.0		__DUMMY__ 0.44971296212843115 neg 0.27747553698565425 off 0.27281150088591477	false	1.0
