unsolidarisch	neg 1.0		neg 0.49858026950476486 off 0.4947238134250396 __DUMMY__ 0.006695917070195426	false	1.0
nachteilig	neg 1.0		neg 0.499562903100246 off 0.49364922807798073 __DUMMY__ 0.006787868821773251	false	1.0
skeptisch	neg 1.0		neg 0.5019601537178177 off 0.4912601175320666 __DUMMY__ 0.006779728750115848	false	1.0
schrecklich	neg 1.0		off 0.5031592496704755 neg 0.4902096051444315 __DUMMY__ 0.006631145185092938	false	0.5
schlapp	neg 1.0	neg 1.0	neg 0.7316297419624799 off 0.26521304043669064 __DUMMY__ 0.0031572176008294816	false	1.0
abfall	neg 1.0		neg 0.5026404526637739 off 0.4905174443931286 __DUMMY__ 0.006842102943097593	false	1.0
widerspenstig	neg 1.0		neg 0.4999372095379179 off 0.4933518120075786 __DUMMY__ 0.006710978454503351	false	1.0
abrupt	neg 1.0		neg 0.5040199394609733 off 0.4892240722995473 __DUMMY__ 0.006755988239479456	false	1.0
unwirksam	neg 1.0		neg 0.5020901818915364 off 0.49126185014052753 __DUMMY__ 0.006647967967935967	false	1.0
angreifen	neg 1.0		neg 0.502248963627486 off 0.49096176503631406 __DUMMY__ 0.006789271336200035	false	1.0
inkonsistent	neg 1.0		neg 0.49670687364621535 off 0.49661228494161425 __DUMMY__ 0.006680841412170478	false	1.0
abrutschen	neg 1.0		neg 0.5038293162149576 off 0.4893393876888508 __DUMMY__ 0.006831296096191527	false	1.0
unsicher	neg 1.0		neg 0.4971760456147231 off 0.4960775052293749 __DUMMY__ 0.006746449155901951	false	1.0
bauernkind	off 1.0	off 1.0	off 0.7355060933665779 neg 0.26140791014104703 __DUMMY__ 0.003085996492375123	false	1.0
angreifer	neg 1.0		off 0.5007600325327795 neg 0.4925139744784609 __DUMMY__ 0.006725992988759545	false	0.5
trennen	neg 1.0		neg 0.5015944351837526 off 0.4916010093387185 __DUMMY__ 0.006804555477528924	false	1.0
schmutz	neg 1.0		off 0.5025864337877457 neg 0.4906417122060133 __DUMMY__ 0.006771854006240798	false	0.5
inkonsistenz	neg 1.0		off 0.5000913901267575 neg 0.493225195488849 __DUMMY__ 0.006683414384393492	false	0.5
erschreckend	neg 1.0		neg 0.49847749223717 off 0.4947822848648092 __DUMMY__ 0.006740222898020878	false	1.0
ertrinken	neg 1.0		neg 0.5041600234256208 off 0.4890701081683323 __DUMMY__ 0.006769868406047039	false	1.0
pickelface	off 1.0		neg 0.4979023088385104 off 0.4953799368351696 __DUMMY__ 0.006717754326319947	false	0.5
seiner			neg 0.5009346735625989 off 0.4922648538027454 __DUMMY__ 0.006800472634655729	false	0.0
lauch	neg 1.0	neg 1.0	neg 0.7379431509877399 off 0.25883429201487335 __DUMMY__ 0.003222556997386735	false	1.0
unwichtig	neg 1.0		off 0.49928092453454886 neg 0.4940462820149958 __DUMMY__ 0.00667279345045538	false	0.5
steuerhinterziehung	neg 1.0		neg 0.4996428069352338 off 0.4936392323878329 __DUMMY__ 0.006717960676933127	false	1.0
schock	neg 1.0		neg 0.4990872597115301 off 0.49415999358542717 __DUMMY__ 0.006752746703042811	false	1.0
beule	neg 1.0		off 0.501037146742264 neg 0.4923221599631755 __DUMMY__ 0.006640693294560343	false	0.5
vergelten	neg 1.0		off 0.505308965396113 neg 0.4880495347433029 __DUMMY__ 0.006641499860584001	false	0.5
verdorbenheit	neg 1.0		neg 0.4974267690795424 off 0.49586374326585536 __DUMMY__ 0.006709487654602146	false	1.0
trauma	neg 1.0		neg 0.49747142809045475 off 0.4958255674459564 __DUMMY__ 0.0067030044635889964	false	1.0
sinnlos	neg 1.0		off 0.4970417956808009 neg 0.4962487880330472 __DUMMY__ 0.006709416286151985	false	0.5
fettsack	off 1.0	off 1.0	off 0.7367758693304255 neg 0.26013401935654656 __DUMMY__ 0.003090111313027842	false	1.0
feige	off 1.0	off 1.0	off 0.7348476786430452 neg 0.26200948046424627 __DUMMY__ 0.003142840892708496	false	1.0
abdanken	neg 1.0		neg 0.49810194562007376 off 0.49516050064891604 __DUMMY__ 0.006737553731010367	false	1.0
wichtigtuer	off 1.0	off 1.0	off 0.7341949513482168 neg 0.2626302487642207 __DUMMY__ 0.0031747998875625823	false	1.0
misslingen	neg 1.0	neg 1.0	neg 0.7308307026874439 off 0.2659477891298252 __DUMMY__ 0.0032215081827309273	false	1.0
untreu	off 1.0		off 0.5003297135687687 neg 0.4930109688485796 __DUMMY__ 0.006659317582651781	false	1.0
missmutig	neg 1.0		off 0.4981290325482189 neg 0.4951869166310315 __DUMMY__ 0.006684050820749803	false	0.5
hurenbock	off 1.0		neg 0.5018698136633692 off 0.4914731732431188 __DUMMY__ 0.006657013093511897	false	0.5
betrunken	neg 1.0		off 0.5020307499004051 neg 0.49133042822334977 __DUMMY__ 0.0066388218762452825	false	0.5
korrupt	off 1.0		neg 0.5005614395903444 off 0.49272344356063164 __DUMMY__ 0.006715116849023942	false	0.5
unmut	neg 1.0		neg 0.5034441732738815 off 0.48975637603345823 __DUMMY__ 0.006799450692660327	false	1.0
hackfresse	off 1.0		off 0.506978871151686 neg 0.4864410059439999 __DUMMY__ 0.006580122904314003	false	1.0
aufblasen	neg 1.0		neg 0.49750859955638693 off 0.495763811895273 __DUMMY__ 0.00672758854834001	false	1.0
gewaltsam	neg 1.0		neg 0.49825210656611013 off 0.4950140396431586 __DUMMY__ 0.006733853790731179	false	1.0
unbeliebtheit	neg 1.0		off 0.500620530297832 neg 0.4927178230524213 __DUMMY__ 0.00666164664974665	false	0.5
sturheit	neg 1.0		neg 0.49727954284636705 off 0.49595945160602534 __DUMMY__ 0.006761005547607519	false	1.0
kuh	neg 1.0		neg 0.5019967566919444 off 0.4914170899288664 __DUMMY__ 0.006586153379189111	false	1.0
erschrecken	neg 1.0		off 0.49933978020285025 neg 0.4939653296491166 __DUMMY__ 0.006694890148033249	false	0.5
opfer	neg 1.0		neg 0.4988100302722689 off 0.4943929024090574 __DUMMY__ 0.006797067318673729	false	1.0
sinken	neg 1.0		neg 0.5041335210990971 off 0.48909209375243445 __DUMMY__ 0.006774385148468476	false	1.0
stinktier	neg 1.0		off 0.5008656871110926 neg 0.49259774398890926 __DUMMY__ 0.006536568899998165	false	0.5
tucke	off 1.0		off 0.5051587309861495 neg 0.4883425958267122 __DUMMY__ 0.006498673187138453	false	1.0
ein			neg 0.5002732315402808 off 0.4930147295129933 __DUMMY__ 0.006712038946726039	false	0.0
abstieg	neg 1.0		off 0.49748399409417976 neg 0.49570118528925944 __DUMMY__ 0.006814820616560743	false	0.5
missverstehen	neg 1.0		off 0.4977654883836895 neg 0.49553575206906453 __DUMMY__ 0.006698759547246088	false	0.5
ergebnislos	neg 1.0		neg 0.4992737411220372 off 0.49393024672450636 __DUMMY__ 0.006796012153456439	false	1.0
unter			neg 0.5055427544046469 off 0.4875613943181551 __DUMMY__ 0.0068958512771981	false	0.0
manipulieren	neg 1.0		neg 0.5002064609282322 off 0.49299600399502647 __DUMMY__ 0.006797535076741415	false	1.0
unbewiesen	neg 1.0	neg 1.0	neg 0.7335252831101738 off 0.26329198695968953 __DUMMY__ 0.0031827299301366635	false	1.0
verschleppen	neg 1.0		neg 0.5007203798344808 off 0.49253048198305155 __DUMMY__ 0.006749138182467576	false	1.0
weib	off 1.0		off 0.5070204311085108 neg 0.48645122080097186 __DUMMY__ 0.006528348090517434	false	1.0
opposition	neg 1.0		neg 0.49828293932453305 off 0.49503479166693715 __DUMMY__ 0.006682269008529742	false	1.0
verkehrswidrig	neg 1.0	neg 1.0	neg 0.727550604909989 off 0.269294238772934 __DUMMY__ 0.0031551563170770245	false	1.0
inkorrekt	neg 1.0		off 0.5025114414690224 neg 0.4908634485822168 __DUMMY__ 0.006625109948760853	false	0.5
vermeiden	neg 1.0		neg 0.5041766755307814 off 0.4889861684326371 __DUMMY__ 0.006837156036581576	false	1.0
abweichung	neg 1.0	neg 1.0	neg 0.7335404862132444 off 0.26323374277527395 __DUMMY__ 0.0032257710114815662	false	1.0
alkoholisiert	neg 1.0		neg 0.4994098680359085 off 0.4937681309761933 __DUMMY__ 0.006822000987898162	false	1.0
scheiss	off 1.0	off 1.0	off 0.7354084732534074 neg 0.2614605275961806 __DUMMY__ 0.003130999150412026	false	1.0
herausforderung	neg 1.0		neg 0.49883918115417436 off 0.49438609937799416 __DUMMY__ 0.006774719467831334	false	1.0
pervers	off 1.0		off 0.5097699707684766 neg 0.4837147298502143 __DUMMY__ 0.006515299381309031	false	1.0
wackelig	neg 1.0		neg 0.4988794274429382 off 0.4943442359417208 __DUMMY__ 0.006776336615341067	false	1.0
verwickeln	neg 1.0		off 0.496754426126608 neg 0.4965407050758126 __DUMMY__ 0.006704868797579593	false	0.5
vorwand	neg 1.0		neg 0.5028368623095497 off 0.49037390211416526 __DUMMY__ 0.006789235576285024	false	1.0
muschi	off 1.0		neg 0.4980676309271396 off 0.49519178762541644 __DUMMY__ 0.006740581447443962	false	0.5
entmutigung	neg 1.0		neg 0.4974087034286924 off 0.4959166770445183 __DUMMY__ 0.006674619526789167	false	1.0
unangemessen	neg 1.0		neg 0.4981416498619498 off 0.4951039478543272 __DUMMY__ 0.006754402283722815	false	1.0
unstetig	neg 1.0		off 0.4990248348367912 neg 0.4942889334027678 __DUMMY__ 0.006686231760440979	false	0.5
entmutigen	neg 1.0		neg 0.49682379415055244 off 0.4964520937236421 __DUMMY__ 0.00672411212580537	false	1.0
schwanz	neg 1.0		neg 0.5008945279401996 off 0.4923606178448213 __DUMMY__ 0.006744854214979094	false	1.0
verbot	neg 1.0		neg 0.5008713964312965 off 0.49240926618668096 __DUMMY__ 0.0067193373820224585	false	1.0
leid	neg 1.0		off 0.5040624465045342 neg 0.4893327346846336 __DUMMY__ 0.006604818810832047	false	0.5
archaisch	neg 1.0		neg 0.499900422935155 off 0.49336541196850214 __DUMMY__ 0.0067341650963428906	false	1.0
gegen			neg 0.5011887545476709 off 0.4919878219964034 __DUMMY__ 0.006823423455925739	false	0.0
scheidung	neg 1.0		off 0.5171081423727931 neg 0.47633932800321654 __DUMMY__ 0.006552529623990236	false	0.5
einschlag	neg 1.0		off 0.5056287252246194 neg 0.48770851024051093 __DUMMY__ 0.006662764534869655	false	0.5
m			neg 0.49935126107707567 off 0.4938903200602338 __DUMMY__ 0.006758418862690479	false	0.0
abgestanden	neg 1.0		neg 0.5033476971496335 off 0.4900136150573415 __DUMMY__ 0.006638687793025026	false	1.0
schmierig	off 1.0		off 0.5039143157964063 neg 0.4894753904904369 __DUMMY__ 0.006610293713156672	false	1.0
unpraktisch	neg 1.0		off 0.4974293588301084 neg 0.4958433063605249 __DUMMY__ 0.006727334809366533	false	0.5
wixxer	off 1.0		off 0.508830989781224 neg 0.48467743723501955 __DUMMY__ 0.006491572983756457	false	1.0
bezeichnet			neg 0.49698123896463564 off 0.4962809243860569 __DUMMY__ 0.0067378366493073645	false	0.0
jammerlappen	off 1.0		off 0.4999799568484979 neg 0.49334292911992966 __DUMMY__ 0.006677114031572386	false	1.0
farce	neg 1.0		neg 0.49955296474490507 off 0.49374612907324145 __DUMMY__ 0.006700906181853396	false	1.0
zwecklos	neg 1.0		neg 0.499993124471833 off 0.49325788396908976 __DUMMY__ 0.006748991559077281	false	1.0
turbulent	neg 1.0		off 0.5013023928999426 neg 0.49205568594341315 __DUMMY__ 0.006641921156644406	false	0.5
invasion	neg 1.0		off 0.4977254736724585 neg 0.4955725490554974 __DUMMY__ 0.006701977272044162	false	0.5
schuld	neg 1.0		neg 0.4967434424612644 off 0.49653765591232174 __DUMMY__ 0.006718901626413995	false	1.0
risiko	neg 1.0		neg 0.498325814388815 off 0.49500268195812475 __DUMMY__ 0.006671503653060192	false	1.0
finster	neg 1.0		neg 0.49985368809062813 off 0.4934424307561171 __DUMMY__ 0.00670388115325467	false	1.0
geisteskrank	off 1.0		off 0.5016529425967422 neg 0.4917048277096414 __DUMMY__ 0.006642229693616504	false	1.0
zusammenbrechen	neg 1.0		neg 0.4999211330750881 off 0.4933328613957763 __DUMMY__ 0.006746005529135584	false	1.0
ausbeute	neg 1.0		off 0.4967952709604157 neg 0.4964260376820805 __DUMMY__ 0.006778691357503628	false	0.5
hinterhalt	neg 1.0		neg 0.49994024511952173 off 0.49332977503009395 __DUMMY__ 0.0067299798503843615	false	1.0
kritik	neg 1.0		neg 0.499982281717005 off 0.49331659110367754 __DUMMY__ 0.00670112717931755	false	1.0
einschrumpfen	neg 1.0		off 0.4974525572406902 neg 0.49591582429425285 __DUMMY__ 0.006631618465056903	false	0.5
riskant	neg 1.0		neg 0.5023885674410606 off 0.4908432541183034 __DUMMY__ 0.006768178440636011	false	1.0
frustrieren	neg 1.0		neg 0.5021534313008869 off 0.4910961044227427 __DUMMY__ 0.006750464276370513	false	1.0
groll	neg 1.0		neg 0.49857082351237886 off 0.4946632102151633 __DUMMY__ 0.0067659662724578636	false	1.0
gibt			neg 0.49944073602243405 off 0.49379542514601943 __DUMMY__ 0.006763838831546536	false	0.0
qualvoll	neg 1.0		off 0.49714838811170575 neg 0.49614601455696167 __DUMMY__ 0.006705597331332661	false	0.5
wackeln	neg 1.0		neg 0.4978124280663581 off 0.49545049534321733 __DUMMY__ 0.006737076590424552	false	1.0
klagen	neg 1.0		neg 0.5032697240830899 off 0.4899532660819126 __DUMMY__ 0.006777009834997512	false	1.0
bankrott	neg 1.0		off 0.5004392322913904 neg 0.49286414442275406 __DUMMY__ 0.006696623285855432	false	0.5
trauern	neg 1.0		neg 0.4982785536896686 off 0.49489261646470173 __DUMMY__ 0.006828829845629695	false	1.0
ablehnung	neg 1.0		neg 0.500095628397404 off 0.49319023932733924 __DUMMY__ 0.006714132275256809	false	1.0
stur	neg 1.0		neg 0.49744167863935995 off 0.49585049703365197 __DUMMY__ 0.00670782432698794	false	1.0
aufruhr	neg 1.0	neg 1.0	neg 0.7341106577651909 off 0.2627026606591021 __DUMMY__ 0.0031866815757070547	false	1.0
melancholie	neg 1.0		neg 0.5037383773089508 off 0.4895102425788999 __DUMMY__ 0.006751380112149331	false	1.0
ist			off 0.4970392748476531 neg 0.4962456927759678 __DUMMY__ 0.006715032376378963	false	0.0
torheit	neg 1.0		neg 0.49664281359605666 off 0.4966396331118203 __DUMMY__ 0.006717553292122929	false	1.0
dreckskind	off 1.0		off 0.5070683308526396 neg 0.4863781210749177 __DUMMY__ 0.006553548072442685	false	1.0
umtauschen	neg 1.0		neg 0.4988925798609246 off 0.49437942013203157 __DUMMY__ 0.006728000007043667	false	1.0
zum			neg 0.5000703647937835 off 0.493031788233232 __DUMMY__ 0.006897846972984439	false	0.0
zersetzen	neg 1.0		neg 0.5029629279273441 off 0.49027550052588853 __DUMMY__ 0.006761571546767381	false	1.0
zur			neg 0.5036938465918621 off 0.48946446924133047 __DUMMY__ 0.006841684166807467	false	0.0
frust	neg 1.0		neg 0.49964024975585813 off 0.4936035982842653 __DUMMY__ 0.0067561519598766506	false	1.0
unerbittlichkeit	neg 1.0		neg 0.5005966552752832 off 0.49262376733044366 __DUMMY__ 0.00677957739427323	false	1.0
zwei			neg 0.503677229456522 off 0.48947052038135663 __DUMMY__ 0.006852250162121461	false	0.0
unkorrekt	neg 1.0		off 0.5009553503843427 neg 0.4924156964149661 __DUMMY__ 0.006628953200691275	false	0.5
hexe	off 1.0		off 0.4970490891152506 neg 0.4963157879094298 __DUMMY__ 0.006635122975319574	false	1.0
lasch	neg 1.0		off 0.49931212621247595 neg 0.49400035673404835 __DUMMY__ 0.006687517053475597	false	0.5
rivale	neg 1.0		off 0.5032505820188822 neg 0.4901181872190021 __DUMMY__ 0.006631230762115932	false	0.5
mutlos	off 1.0	off 1.0	off 0.7314766286428316 neg 0.26532008263995166 __DUMMY__ 0.0032032887172167394	false	1.0
wirr	off 1.0		off 0.5033050682613166 neg 0.4900777545255345 __DUMMY__ 0.0066171772131490125	false	1.0
jahr			neg 0.49756299662071646 off 0.49559163062874456 __DUMMY__ 0.006845372750538923	false	0.0
wird			neg 0.49981449500126496 off 0.4934144275056512 __DUMMY__ 0.006771077493083731	false	0.0
strafbar	neg 1.0		neg 0.5008693131210588 off 0.49235332481035754 __DUMMY__ 0.006777362068583718	false	1.0
erosion	neg 1.0		neg 0.49764123850084174 off 0.49563017871482806 __DUMMY__ 0.006728582784330325	false	1.0
eingehen	neg 1.0		neg 0.5020334220486784 off 0.4912104124349839 __DUMMY__ 0.006756165516337757	false	1.0
faul	off 1.0		off 0.4989575486726591 neg 0.49436300582916154 __DUMMY__ 0.006679445498179264	false	1.0
provisorium	neg 1.0		neg 0.5051038927837206 off 0.48799552374008476 __DUMMY__ 0.006900583476194606	false	1.0
schmerzen	neg 1.0		neg 0.4997876767468704 off 0.4934850642346526 __DUMMY__ 0.006727259018477109	false	1.0
schrumpfen	neg 1.0		neg 0.5064598918252659 off 0.486743922256592 __DUMMY__ 0.006796185918142253	false	1.0
geistlos	off 1.0		neg 0.4967850837193417 off 0.49654228034540193 __DUMMY__ 0.006672635935256256	false	0.5
fehlkauf	neg 1.0		neg 0.4969851813977937 off 0.49633498502142126 __DUMMY__ 0.006679833580784972	false	1.0
frustrierend	neg 1.0		off 0.4987631095046041 neg 0.4945485568598791 __DUMMY__ 0.006688333635516884	false	0.5
unzufrieden	neg 1.0		neg 0.4999799372526703 off 0.4932654719935442 __DUMMY__ 0.006754590753785452	false	1.0
verzweifeln	neg 1.0		neg 0.4982512138370006 off 0.49499856282002874 __DUMMY__ 0.006750223342970625	false	1.0
verzweifelt	neg 1.0		neg 0.4967414149546436 off 0.49654156576802233 __DUMMY__ 0.006717019277334076	false	1.0
misstrauensantrag	neg 1.0		off 0.49697111956957535 neg 0.496327924186353 __DUMMY__ 0.006700956244071664	false	0.5
abfallen	neg 1.0		neg 0.4982079832642827 off 0.49507125032824123 __DUMMY__ 0.006720766407476089	false	1.0
fucker	off 1.0		off 0.5032219394994594 neg 0.49013033568294034 __DUMMY__ 0.006647724817600294	false	1.0
ungezogen	neg 1.0		off 0.5083037428255127 neg 0.485148463067458 __DUMMY__ 0.006547794107029281	false	0.5
irrsinnig	neg 1.0	neg 1.0	neg 0.73390385382443 off 0.26291736842817637 __DUMMY__ 0.003178777747393665	false	1.0
unfassbar	neg 1.0		off 0.5009544123827221 neg 0.4923752680523138 __DUMMY__ 0.006670319564964128	false	0.5
hart	neg 1.0		neg 0.4968433988455251 off 0.49656506513793736 __DUMMY__ 0.00659153601653763	false	1.0
widerlich	off 1.0		off 0.5007893144838824 neg 0.49255758611070144 __DUMMY__ 0.006653099405416112	false	1.0
fatal	neg 1.0	neg 1.0	neg 0.7343145181368266 off 0.26253642030986885 __DUMMY__ 0.003149061553304689	false	1.0
bruch	neg 1.0		neg 0.5017010881656807 off 0.49146690016931066 __DUMMY__ 0.006832011665008551	false	1.0
aushungern	neg 1.0		neg 0.500897908634519 off 0.4923873384175442 __DUMMY__ 0.006714752947936798	false	1.0
anspannung	neg 1.0		neg 0.5026106175406707 off 0.49052280736929993 __DUMMY__ 0.006866575090029375	false	1.0
von			neg 0.501801552229425 off 0.491400793399888 __DUMMY__ 0.006797654370686856	false	0.0
kraftlos	neg 1.0		neg 0.4999548703665295 off 0.4932801594983564 __DUMMY__ 0.006764970135114092	false	1.0
vom			neg 0.502952133666894 off 0.4901254995450752 __DUMMY__ 0.006922366788030679	false	0.0
grenzdebil	off 1.0		off 0.5002556885119933 neg 0.49309379405310394 __DUMMY__ 0.006650517434902715	false	1.0
vor			neg 0.5027815251883911 off 0.4904075647987929 __DUMMY__ 0.006810910012816002	false	0.0
unterwerfen	neg 1.0		neg 0.5003641911730063 off 0.4928652017554564 __DUMMY__ 0.006770607071537137	false	1.0
versenkung	neg 1.0		neg 0.5006000567249813 off 0.49261876202399524 __DUMMY__ 0.0067811812510234085	false	1.0
entziehen	neg 1.0		neg 0.5029054014266424 off 0.4903038706694858 __DUMMY__ 0.006790727903871868	false	1.0
finanzkrise	neg 1.0		neg 0.5034801745034541 off 0.48987166654753134 __DUMMY__ 0.006648158949014576	false	1.0
schimpfend	neg 1.0		off 0.4972095629609898 neg 0.4960520620309481 __DUMMY__ 0.006738375008061976	false	0.5
profan	neg 1.0		off 0.4972651011921879 neg 0.496034555132139 __DUMMY__ 0.006700343675673054	false	0.5
korruption	neg 1.0		neg 0.5012513541426762 off 0.4920274570786776 __DUMMY__ 0.006721188778646121	false	1.0
â			neg 0.500620827609425 off 0.49262582187991794 __DUMMY__ 0.006753350510657207	false	0.0
schmutzig	neg 1.0		off 0.5009559709161099 neg 0.4923861218114447 __DUMMY__ 0.0066579072724453625	false	0.5
sexy	neg 1.0		off 0.4993400169593486 neg 0.4939624687262831 __DUMMY__ 0.006697514314368294	false	0.5
abraten	neg 1.0		off 0.4975768961631549 neg 0.4957062656562703 __DUMMY__ 0.006716838180574736	false	0.5
schwarz	neg 1.0		off 0.4973798667989797 neg 0.49591439055421827 __DUMMY__ 0.006705742646802032	false	0.5
fotze	off 1.0	off 1.0	off 0.7317809481480696 neg 0.2650206921646725 __DUMMY__ 0.003198359687258009	false	1.0
verwirren	neg 1.0		off 0.497922258581741 neg 0.49537262307092034 __DUMMY__ 0.006705118347338714	false	0.5
zahnlos	off 1.0		neg 0.499184906198852 off 0.49407085871884665 __DUMMY__ 0.00674423508230133	false	0.5
verheeren	neg 1.0		off 0.5103432828897267 neg 0.4831068860301636 __DUMMY__ 0.006549831080109711	false	0.5
hippie	neg 1.0		off 0.4985084425733995 neg 0.49479908197343553 __DUMMY__ 0.006692475453165053	false	0.5
rammen	neg 1.0		neg 0.4973351208415734 off 0.4959436440106641 __DUMMY__ 0.0067212351477625165	false	1.0
unlauter	neg 1.0		neg 0.4971496984135224 off 0.4961622367155112 __DUMMY__ 0.006688064870966353	false	1.0
unheilvoll	neg 1.0		neg 0.497513305549215 off 0.49578181836784696 __DUMMY__ 0.0067048760829379744	false	1.0
niedrig	neg 1.0		neg 0.5022725331114392 off 0.4909971711972444 __DUMMY__ 0.006730295691316328	false	1.0
explosion	neg 1.0		off 0.4986956730670635 neg 0.4946069839445736 __DUMMY__ 0.0066973429883629525	false	0.5
weichei	off 1.0	off 1.0	off 0.7372406500246164 neg 0.25965265363470325 __DUMMY__ 0.0031066963406803797	false	1.0
minusmensch	off 1.0		off 0.5090550324725032 neg 0.48440994593756864 __DUMMY__ 0.006535021589928322	false	1.0
farblos	neg 1.0		neg 0.4984895911124797 off 0.49482068838400156 __DUMMY__ 0.006689720503518686	false	1.0
unwissend	neg 1.0	neg 1.0	neg 0.732397929117283 off 0.2644513388011601 __DUMMY__ 0.003150732081556902	false	1.0
traurig	neg 1.0		off 0.5027409913702897 neg 0.4906240503899096 __DUMMY__ 0.006634958239800661	false	0.5
senkung	neg 1.0		neg 0.4986865928442683 off 0.4946712542159984 __DUMMY__ 0.006642152939733381	false	1.0
ungleich	neg 1.0	neg 1.0	neg 0.7355471844561451 off 0.2612458205820131 __DUMMY__ 0.0032069949618417433	false	1.0
heikel	neg 1.0		neg 0.5015236323835726 off 0.49169976921054936 __DUMMY__ 0.006776598405878004	false	1.0
drosselung	neg 1.0		off 0.49753159585747475 neg 0.4958676371757665 __DUMMY__ 0.006600766966758761	false	0.5
falsch	neg 1.0		off 0.499384481269475 neg 0.4939227978895018 __DUMMY__ 0.006692720841023359	false	0.5
unzufriedenheit	neg 1.0		neg 0.5032737589460881 off 0.4899703762118887 __DUMMY__ 0.006755864842023259	false	1.0
kurz	neg 1.0		neg 0.49845806580589885 off 0.4947690899223273 __DUMMY__ 0.006772844271773963	false	1.0
unsinnig	neg 1.0		neg 0.5000647939637796 off 0.49321792175874585 __DUMMY__ 0.0067172842774745984	false	1.0
penner	off 1.0	off 1.0	off 0.7384738791266017 neg 0.2584230202456756 __DUMMY__ 0.0031031006277228196	false	1.0
seicht	neg 1.0		off 0.5056666188052861 neg 0.4878073755842677 __DUMMY__ 0.006526005610446313	false	0.5
dummheit	off 1.0	off 1.0	off 0.7334613805953129 neg 0.2633784437701524 __DUMMY__ 0.0031601756345347566	false	1.0
unerfreulich	neg 1.0		neg 0.501541934404019 off 0.49167472621520136 __DUMMY__ 0.006783339380779724	false	1.0
motherfucker	off 1.0	off 1.0	off 0.7363362948240939 neg 0.2605217826025634 __DUMMY__ 0.0031419225733426547	false	1.0
pikiert	neg 1.0	neg 1.0	neg 0.7322213359898164 off 0.2646314096857795 __DUMMY__ 0.003147254324404167	false	1.0
wrack	neg 1.0		off 0.49867997546973547 neg 0.49449224393621427 __DUMMY__ 0.006827780594050248	false	0.5
gangster	neg 1.0		off 0.49861138100407026 neg 0.4946999320843623 __DUMMY__ 0.006688686911567348	false	0.5
krank	neg 1.0	neg 1.0	neg 0.730793739582144 off 0.26604874374456927 __DUMMY__ 0.0031575166732866564	false	1.0
reich	neg 1.0		off 0.49692112278886535 neg 0.49643545676644374 __DUMMY__ 0.006643420444690998	false	0.5
gnadenlos	neg 1.0		off 0.49698727312577934 neg 0.49628038637487937 __DUMMY__ 0.006732340499341186	false	0.5
niedergeschlagen	neg 1.0		neg 0.49910616732919977 off 0.49412200975175863 __DUMMY__ 0.006771822919041637	false	1.0
terrorisieren	off 1.0	off 1.0	off 0.7311773312103212 neg 0.2656089468870969 __DUMMY__ 0.0032137219025818483	false	1.0
sinnlosigkeit	neg 1.0		neg 0.4992914804103793 off 0.49395557842086313 __DUMMY__ 0.0067529411687575775	false	1.0
behindern	neg 1.0		neg 0.49897797500952096 off 0.49430448892669915 __DUMMY__ 0.006717536063779972	false	1.0
undemokratisch	neg 1.0		off 0.496688438421982 neg 0.4966198385500849 __DUMMY__ 0.006691723027933119	false	0.5
wirtschaftskrise	neg 1.0		neg 0.5032544194830033 off 0.49004716257471354 __DUMMY__ 0.006698417942283174	false	1.0
neid	neg 1.0		off 0.4982952631854531 neg 0.49501352580144126 __DUMMY__ 0.006691211013105652	false	0.5
rutschen	neg 1.0		neg 0.5042106883731374 off 0.4889394413556683 __DUMMY__ 0.006849870271194309	false	1.0
rezession	neg 1.0		off 0.4991224059140398 neg 0.4943100577033678 __DUMMY__ 0.0065675363825923126	false	0.5
fehlgeburt	neg 1.0		off 0.49745319632236934 neg 0.4957967370950735 __DUMMY__ 0.006750066582557134	false	0.5
charakterschwach	off 1.0		off 0.5000389050932348 neg 0.49330848386836634 __DUMMY__ 0.006652611038398723	false	1.0
isolation	neg 1.0		off 0.49986376746971994 neg 0.4934344057947946 __DUMMY__ 0.0067018267354854765	false	0.5
ablenkung	neg 1.0		neg 0.49701475137095447 off 0.4962338781629738 __DUMMY__ 0.006751370466071779	false	1.0
pech	neg 1.0		off 0.499376438112052 neg 0.4939394215728239 __DUMMY__ 0.006684140315124165	false	0.5
vermeidung	neg 1.0		off 0.4998714576178828 neg 0.49348628970184655 __DUMMY__ 0.006642252680270461	false	0.5
dominieren	neg 1.0		neg 0.49799711209355474 off 0.49524068323239956 __DUMMY__ 0.006762204674045629	false	1.0
schwindlig	neg 1.0		neg 0.4967248208121302 off 0.49657754289816297 __DUMMY__ 0.00669763628970668	false	1.0
lutscher	neg 1.0	neg 1.0	neg 0.7279060850253423 off 0.2690229106092725 __DUMMY__ 0.0030710043653853643	false	1.0
pflicht	neg 1.0		neg 0.5014534949962601 off 0.4917367831662375 __DUMMY__ 0.006809721837502354	false	1.0
faschist	off 1.0		off 0.4988363263292996 neg 0.4944744658025154 __DUMMY__ 0.006689207868184948	false	1.0
verschleudern	neg 1.0		neg 0.5041073098962705 off 0.4891775146683758 __DUMMY__ 0.006715175435353679	false	1.0
wenn			off 0.4996198205391813 neg 0.49370140755075426 __DUMMY__ 0.0066787719100644734	false	0.0
ehebruch	neg 1.0		neg 0.5003532603052016 off 0.4928889755909411 __DUMMY__ 0.0067577641038573414	false	1.0
spott	off 1.0		neg 0.4994770972686964 off 0.49374769828508464 __DUMMY__ 0.006775204446219022	false	0.5
trostlosigkeit	neg 1.0		neg 0.5046039440269243 off 0.48863397357188554 __DUMMY__ 0.006762082401190049	false	1.0
lutschen	neg 1.0		off 0.49851077642050406 neg 0.4948166370566378 __DUMMY__ 0.006672586522858196	false	0.5
undiszipliniert	neg 1.0		off 0.5024446109131467 neg 0.49090961536012734 __DUMMY__ 0.006645773726725958	false	0.5
kopfschmerz	neg 1.0		neg 0.5027682332554994 off 0.49050380882155165 __DUMMY__ 0.006727957922948987	false	1.0
unvorhergesehen	neg 1.0		neg 0.5016294503883759 off 0.49157025927609327 __DUMMY__ 0.006800290335530677	false	1.0
desinteressiert	neg 1.0		off 0.5012915589665728 neg 0.4920648175605989 __DUMMY__ 0.006643623472828251	false	0.5
armselig	off 1.0		off 0.5036476022465872 neg 0.48972471700976844 __DUMMY__ 0.006627680743644254	false	1.0
desaster	neg 1.0		neg 0.503949107789377 off 0.4892662055183566 __DUMMY__ 0.006784686692266317	false	1.0
tod	neg 1.0		neg 0.4998456411069748 off 0.4933711070228517 __DUMMY__ 0.0067832518701735015	false	1.0
herzlos	neg 1.0		off 0.5029250381197591 neg 0.49044636120457236 __DUMMY__ 0.006628600675668572	false	0.5
unwissenheit	neg 1.0		neg 0.5001674407705007 off 0.49308541027243363 __DUMMY__ 0.006747148957065699	false	1.0
widersinnig	neg 1.0		neg 0.500453563122877 off 0.49283813453406405 __DUMMY__ 0.006708302343059026	false	1.0
bedenklich	neg 1.0		neg 0.5013690643074832 off 0.4918821631612755 __DUMMY__ 0.006748772531241492	false	1.0
beanstanden	neg 1.0		neg 0.5007032039772659 off 0.49249042016600136 __DUMMY__ 0.006806375856732744	false	1.0
panisch	neg 1.0		off 0.4982637430785606 neg 0.49500735955282443 __DUMMY__ 0.006728897368614927	false	0.5
debil	off 1.0		neg 0.5074171251070579 off 0.48573499307879564 __DUMMY__ 0.006847881814146476	false	0.5
abstrich	neg 1.0		neg 0.5011744002484813 off 0.4921160254494645 __DUMMY__ 0.00670957430205434	false	1.0
primitiv	neg 1.0		off 0.5018804589972905 neg 0.4914694988371178 __DUMMY__ 0.006650042165591551	false	0.5
abschaum	off 1.0	off 1.0	off 0.7359004253527534 neg 0.2609360220367829 __DUMMY__ 0.0031635526104638063	false	1.0
provozieren	neg 1.0		neg 0.497441548698373 off 0.49584480820429694 __DUMMY__ 0.006713643097330073	false	1.0
tot	neg 1.0		neg 0.501052768140918 off 0.4922200089082236 __DUMMY__ 0.006727222950858362	false	1.0
instabil	neg 1.0		off 0.5036122033473001 neg 0.48977085526149833 __DUMMY__ 0.006616941391201462	false	0.5
schwuchtel	off 1.0	off 1.0	off 0.7411992495967554 neg 0.2557492016955971 __DUMMY__ 0.0030515487076474587	false	1.0
zerren	neg 1.0		neg 0.49898820041569547 off 0.4942365314553588 __DUMMY__ 0.006775268128945849	false	1.0
kinderficker	off 1.0		off 0.5052812182678138 neg 0.488122889199381 __DUMMY__ 0.0065958925328050335	false	1.0
gefahr	neg 1.0		neg 0.5017365043053443 off 0.49146849242925916 __DUMMY__ 0.00679500326539667	false	1.0
rabiat	neg 1.0		neg 0.499479128189527 off 0.4937964948006386 __DUMMY__ 0.006724377009834421	false	1.0
verlangsamung	neg 1.0		off 0.506409691207662 neg 0.48701993798862536 __DUMMY__ 0.006570370803712702	false	0.5
ausgestorben	neg 1.0		neg 0.4984783577932912 off 0.49477207382268557 __DUMMY__ 0.006749568384023231	false	1.0
anklagen	neg 1.0		neg 0.49922786805254177 off 0.49402795468467353 __DUMMY__ 0.006744177262784643	false	1.0
trott	neg 1.0		neg 0.49792913642353753 off 0.4953414856589366 __DUMMY__ 0.00672937791752579	false	1.0
verminderung	neg 1.0		off 0.5004031073573989 neg 0.4929484056598432 __DUMMY__ 0.006648486982757867	false	0.5
nach			neg 0.5041908306202459 off 0.48892943617276907 __DUMMY__ 0.006879733206985053	false	0.0
rost	neg 1.0		off 0.5102501403515924 neg 0.4831502897560381 __DUMMY__ 0.006599569892369462	false	0.5
destruktiv	neg 1.0		neg 0.49844009634150005 off 0.4948368265792221 __DUMMY__ 0.0067230770792777745	false	1.0
unzumutbarkeit	neg 1.0		off 0.50092827215677 neg 0.49241205111768516 __DUMMY__ 0.00665967672554479	false	0.5
labil	off 1.0	off 1.0	off 0.7347400933355364 neg 0.26210528208415157 __DUMMY__ 0.003154624580312031	false	1.0
ziemlich	neg 1.0		off 0.5011060770761367 neg 0.4922145727654437 __DUMMY__ 0.006679350158419556	false	0.5
lachnummer	off 1.0		off 0.49667811386756205 neg 0.4965832729445189 __DUMMY__ 0.006738613187919011	false	1.0
oder			off 0.49702874307314565 neg 0.49622708123396236 __DUMMY__ 0.006744175692891908	false	0.0
verfall	neg 1.0		neg 0.5066632446850868 off 0.4865465398964864 __DUMMY__ 0.0067902154184266775	false	1.0
ausgrenzung	neg 1.0		neg 0.4969895830824912 off 0.49632287860405877 __DUMMY__ 0.00668753831345005	false	1.0
unordnung	neg 1.0		off 0.5030585858905215 neg 0.49034197732690615 __DUMMY__ 0.006599436782572195	false	0.5
fehlverhalten	neg 1.0		neg 0.5010222454324402 off 0.4922021365030437 __DUMMY__ 0.006775618064516107	false	1.0
eine			neg 0.5028006865861143 off 0.4904025380548141 __DUMMY__ 0.006796775359071531	false	0.0
nille	neg 1.0		neg 0.4975970815261482 off 0.4956757387525809 __DUMMY__ 0.006727179721270776	false	1.0
qual	neg 1.0		neg 0.4985471584571389 off 0.49472512390392126 __DUMMY__ 0.006727717638939834	false	1.0
verschwenden	neg 1.0		neg 0.5028218615259084 off 0.490425149532236 __DUMMY__ 0.006752988941855781	false	1.0
riesig	neg 1.0		neg 0.5005936340755395 off 0.49263156759003285 __DUMMY__ 0.006774798334427697	false	1.0
verurteilen	neg 1.0		neg 0.4997797204835803 off 0.4934773479814439 __DUMMY__ 0.006742931534975777	false	1.0
klischee	neg 1.0	neg 1.0	neg 0.7327513512432937 off 0.2640911582453138 __DUMMY__ 0.003157490511392421	false	1.0
diktatorisch	neg 1.0		neg 0.49710091992766886 off 0.49621687335579023 __DUMMY__ 0.006682206716540914	false	1.0
vorhersehbar	neg 1.0		off 0.49706326082085456 neg 0.49625822086914506 __DUMMY__ 0.006678518310000478	false	0.5
sowie			off 0.502776136131641 neg 0.49065228352997475 __DUMMY__ 0.006571580338384251	false	0.0
stornieren	neg 1.0		off 0.501450848332535 neg 0.4917943449382666 __DUMMY__ 0.0067548067291984945	false	0.5
besteuerung	neg 1.0	neg 1.0	neg 0.7359248228302656 off 0.26092988460944766 __DUMMY__ 0.003145292560286648	false	1.0
ungeschminkt	neg 1.0		off 0.5011919595096406 neg 0.4921723778860556 __DUMMY__ 0.006635662604303879	false	0.5
kritisch	neg 1.0		neg 0.49960239556348485 off 0.49364069856700915 __DUMMY__ 0.006756905869505999	false	1.0
schlamperei	off 1.0		neg 0.5014514602332555 off 0.49178987351482967 __DUMMY__ 0.006758666251914904	false	0.5
sucht	neg 1.0	neg 1.0	neg 0.7328698990385792 off 0.26394119662749416 __DUMMY__ 0.003188904333926602	false	1.0
egoistisch	off 1.0	off 1.0	off 0.7380722542557216 neg 0.25880405397081246 __DUMMY__ 0.0031236917734657694	false	1.0
ausbeuter	off 1.0		neg 0.5033251594314397 off 0.4899300674663428 __DUMMY__ 0.006744773102217622	false	0.5
arschgeburt	off 1.0		off 0.5114149812447814 neg 0.48210962849098643 __DUMMY__ 0.006475390264232247	false	1.0
schubs	neg 1.0		neg 0.5022754030112102 off 0.49099531194443724 __DUMMY__ 0.006729285044352709	false	1.0
unsolide	neg 1.0		off 0.49867613392361637 neg 0.49461610442231724 __DUMMY__ 0.006707761654066453	false	0.5
beschwerde	neg 1.0		neg 0.4991639862849723 off 0.4940805191454778 __DUMMY__ 0.0067554945695499705	false	1.0
stocken	neg 1.0		neg 0.5003970605255642 off 0.4928411088937089 __DUMMY__ 0.006761830580726997	false	1.0
isolieren	neg 1.0		neg 0.5005015202380496 off 0.49276379410841203 __DUMMY__ 0.0067346856535384055	false	1.0
unheilbar	neg 1.0		neg 0.4970998334054541 off 0.4961620030427624 __DUMMY__ 0.006738163551783478	false	1.0
pisser	off 1.0	off 1.0	off 0.7365338122311944 neg 0.2603332797027048 __DUMMY__ 0.00313290806610073	false	1.0
löschen	neg 1.0		neg 0.4981134801591903 off 0.49517464045896586 __DUMMY__ 0.006711879381843678	false	1.0
durchfallen	neg 1.0		neg 0.4995739126140557 off 0.4936646046483137 __DUMMY__ 0.0067614827376305765	false	1.0
wichser	off 1.0	off 1.0	off 0.7399511536101208 neg 0.2569636128115247 __DUMMY__ 0.003085233578354518	false	1.0
terror	neg 1.0		off 0.4982281691120024 neg 0.4950797272260323 __DUMMY__ 0.006692103661965206	false	0.5
krass	neg 1.0		off 0.5042281183246172 neg 0.4891662762030548 __DUMMY__ 0.006605605472328003	false	0.5
revolte	neg 1.0		neg 0.49743861949465235 off 0.4959187585899178 __DUMMY__ 0.006642621915429961	false	1.0
besorgt	neg 1.0		neg 0.4976169765106583 off 0.495600018773586 __DUMMY__ 0.006783004715755835	false	1.0
nachlassen	neg 1.0		neg 0.4991897149800383 off 0.49402956037341395 __DUMMY__ 0.006780724646547802	false	1.0
alt	neg 1.0		neg 0.5054743422049907 off 0.48783798916795174 __DUMMY__ 0.006687668627057557	false	1.0
hundesohn	off 1.0	off 1.0	off 0.7391124139968637 neg 0.25780172308355365 __DUMMY__ 0.00308586291958263	false	1.0
als			neg 0.49981076699230725 off 0.49344169321501175 __DUMMY__ 0.006747539792681102	false	0.0
abschreckung	neg 1.0		neg 0.5025385828785535 off 0.49068991627730363 __DUMMY__ 0.006771500844142915	false	1.0
unqualifiziert	neg 1.0		off 0.4996090635723278 neg 0.4937051240710511 __DUMMY__ 0.0066858123566209725	false	0.5
abgewichst	off 1.0		neg 0.4976835581216758 off 0.49557567407141473 __DUMMY__ 0.006740767806909417	false	0.5
schwer	neg 1.0		neg 0.4976934140806238 off 0.4955601909491157 __DUMMY__ 0.006746394970260718	false	1.0
bedeutungslosigkeit	neg 1.0		neg 0.501818520931791 off 0.49141091043063195 __DUMMY__ 0.0067705686375770565	false	1.0
kapitulation	neg 1.0		neg 0.5019375553588564 off 0.49133571421565225 __DUMMY__ 0.00672673042549129	false	1.0
unscharf	neg 1.0		neg 0.4987585955159444 off 0.4945849734227883 __DUMMY__ 0.006656431061267223	false	1.0
schwinden	neg 1.0		neg 0.502611525021644 off 0.4906334956814576 __DUMMY__ 0.006754979296898417	false	1.0
versklavung	neg 1.0	neg 1.0	neg 0.7345272916309215 off 0.2623138662286704 __DUMMY__ 0.003158842140408111	false	1.0
schlecht	neg 1.0		off 0.5014017630503552 neg 0.4919165447593116 __DUMMY__ 0.006681692190333214	false	0.5
verhasst	neg 1.0		neg 0.4972694998771438 off 0.49603055536138246 __DUMMY__ 0.006699944761473831	false	1.0
beschweren	neg 1.0		off 0.49796581550331337 neg 0.49531010650905927 __DUMMY__ 0.006724077987627434	false	0.5
scheiden	neg 1.0		neg 0.49731521867032685 off 0.49595093219352404 __DUMMY__ 0.006733849136149034	false	1.0
frustriert	neg 1.0		neg 0.4985439876152802 off 0.49470283614714927 __DUMMY__ 0.006753176237570641	false	1.0
schimmelig	neg 1.0		neg 0.5032409562373975 off 0.4900484377252086 __DUMMY__ 0.006710606037393781	false	1.0
fisch	neg 1.0		neg 0.5069712224273134 off 0.4863012243542697 __DUMMY__ 0.006727553218416851	false	1.0
schmuggel	neg 1.0		neg 0.5018841780013663 off 0.49130868202370676 __DUMMY__ 0.0068071399749270066	false	1.0
auffallen	neg 1.0		off 0.49783484088110863 neg 0.4954552278849154 __DUMMY__ 0.00670993123397584	false	0.5
konkurrenz	neg 1.0		neg 0.5001392700196851 off 0.493053268696318 __DUMMY__ 0.006807461283996983	false	1.0
teufelskreis	neg 1.0	neg 1.0	neg 0.7354891567562485 off 0.26133475860493677 __DUMMY__ 0.0031760846388147724	false	1.0
aufschreien	neg 1.0		off 0.49702991323905354 neg 0.4962881581796337 __DUMMY__ 0.006681928581312935	false	0.5
schuldner	neg 1.0		neg 0.5045597185137045 off 0.4887114090981243 __DUMMY__ 0.006728872388171235	false	1.0
missgeburt	off 1.0	off 1.0	off 0.7392874557074208 neg 0.2576029377671544 __DUMMY__ 0.003109606525424731	false	1.0
arbeitslos	neg 1.0		neg 0.5003745941475612 off 0.492873091705777 __DUMMY__ 0.006752314146661704	false	1.0
befallen	neg 1.0		neg 0.5029450831749391 off 0.49038180845638407 __DUMMY__ 0.006673108368676833	false	1.0
miesepetrig	off 1.0	off 1.0	off 0.7349904055851618 neg 0.2618522573484825 __DUMMY__ 0.0031573370663557053	false	1.0
alarmieren	neg 1.0		off 0.49944507890924933 neg 0.4938813085292489 __DUMMY__ 0.006673612561501832	false	0.5
ungeduscht	off 1.0		off 0.49822993647204405 neg 0.49510960532195003 __DUMMY__ 0.006660458206005802	false	1.0
knappheit	neg 1.0		neg 0.5022932657360659 off 0.4909963437991476 __DUMMY__ 0.006710390464786645	false	1.0
schlange	neg 1.0		off 0.4966350167504424 neg 0.49662471245429934 __DUMMY__ 0.006740270795258236	false	0.5
harsch	neg 1.0		off 0.5055140154311987 neg 0.48784298271237764 __DUMMY__ 0.0066430018564235995	false	0.5
lang	neg 1.0		neg 0.4966659771994629 off 0.4966183709406768 __DUMMY__ 0.006715651859860334	false	1.0
ziellos	neg 1.0		neg 0.5002777894287418 off 0.49293162610010005 __DUMMY__ 0.0067905844711581755	false	1.0
selbstverliebt	neg 1.0		off 0.5110075347269329 neg 0.4824529438658877 __DUMMY__ 0.006539521407179386	false	0.5
beseitigen	neg 1.0		neg 0.4970206262973852 off 0.4962339122698097 __DUMMY__ 0.006745461432805249	false	1.0
dumm	off 1.0		off 0.5058672471256699 neg 0.4875497646887447 __DUMMY__ 0.006582988185585529	false	1.0
arbeitsloser	neg 1.0		off 0.4971523538676928 neg 0.49603061926521874 __DUMMY__ 0.006817026867088496	false	0.5
blitzen	neg 1.0		off 0.49798761383819307 neg 0.495341745629527 __DUMMY__ 0.0066706405322798324	false	0.5
hilflos	neg 1.0		neg 0.500208364892175 off 0.49304018095011287 __DUMMY__ 0.006751454157712041	false	1.0
eklig	off 1.0		off 0.5049086404977032 neg 0.488536075817217 __DUMMY__ 0.006555283685079815	false	1.0
begriff			neg 0.49754566669306444 off 0.4957105502767296 __DUMMY__ 0.006743783030206062	false	0.0
hungersnot	neg 1.0		neg 0.5017779480239931 off 0.4915044753751618 __DUMMY__ 0.006717576600845061	false	1.0
ungesetzlich	neg 1.0		off 0.4973200503760787 neg 0.49598091316572657 __DUMMY__ 0.006699036458194835	false	0.5
verschwendung	neg 1.0		neg 0.5019912080866527 off 0.49124063472608787 __DUMMY__ 0.006768157187259368	false	1.0
schmerzvoll	neg 1.0		neg 0.49732057801201124 off 0.4959778950800083 __DUMMY__ 0.0067015269079803525	false	1.0
vorzeitig	neg 1.0		off 0.5024925519961406 neg 0.4907973752912564 __DUMMY__ 0.006710072712602898	false	0.5
unvollkommenheit	neg 1.0		neg 0.4993140255771588 off 0.4939442109515912 __DUMMY__ 0.006741763471250039	false	1.0
intervenieren	neg 1.0		neg 0.5033812369997459 off 0.4898891711666207 __DUMMY__ 0.006729591833633209	false	1.0
banause	off 1.0		off 0.5044996820584832 neg 0.48899006168041437 __DUMMY__ 0.0065102562611025535	false	1.0
rebell	neg 1.0		neg 0.5077229976985388 off 0.4855153441147677 __DUMMY__ 0.006761658186693506	false	1.0
unlogisch	neg 1.0		off 0.5016858261907092 neg 0.49169191824245045 __DUMMY__ 0.006622255566840283	false	0.5
leiden	neg 1.0		neg 0.5005314236022016 off 0.492651013273973 __DUMMY__ 0.006817563123825464	false	1.0
abschaffung	neg 1.0		neg 0.4984348491135455 off 0.4948753041805712 __DUMMY__ 0.006689846705883117	false	1.0
sturz	neg 1.0		off 0.49989324381237094 neg 0.49335792267891004 __DUMMY__ 0.006748833508719086	false	0.5
verkleinerung	neg 1.0		neg 0.49773445654321113 off 0.4956402843992001 __DUMMY__ 0.0066252590575887295	false	1.0
schmarotzer	off 1.0		neg 0.4994194690967389 off 0.4938363896729319 __DUMMY__ 0.0067441412303291025	false	0.5
bestrafung	neg 1.0	neg 1.0	neg 0.7336997579146698 off 0.2631128992693616 __DUMMY__ 0.003187342815968674	false	1.0
