unsolidarisch	neg 1.0		neg 0.4696394130119247 off 0.46609989366814897 __DUMMY__ 0.06426069331992616	false	1.0
nachteilig	neg 1.0		neg 0.47022202359354387 off 0.4646404740342439 __DUMMY__ 0.06513750237221211	false	1.0
skeptisch	neg 1.0		neg 0.47263787801635665 off 0.46230334879145507 __DUMMY__ 0.06505877319218832	false	1.0
schrecklich	neg 1.0		off 0.47473456328813696 neg 0.46162132067253786 __DUMMY__ 0.06364411603932521	false	0.5
schlapp	neg 1.0	neg 1.0	neg 0.7179585638450361 off 0.2516741969739124 __DUMMY__ 0.030367239181051532	false	1.0
abfall	neg 1.0		neg 0.473040600820717 off 0.46130525039891745 __DUMMY__ 0.06565414878036543	false	1.0
widerspenstig	neg 1.0		neg 0.4709351296708829 off 0.4646596931594729 __DUMMY__ 0.06440517716964406	false	1.0
abrupt	neg 1.0		neg 0.474789924434482 off 0.4603746439949913 __DUMMY__ 0.06483543157052664	false	1.0
unwirksam	neg 1.0		neg 0.4733398215554903 off 0.46285532556934983 __DUMMY__ 0.06380485287515997	false	1.0
angreifen	neg 1.0		neg 0.47288173505232906 off 0.46196863936488014 __DUMMY__ 0.06514962558279083	false	1.0
inkonsistent	neg 1.0		off 0.4680237078988512 neg 0.46785727275744154 __DUMMY__ 0.06411901934370724	false	0.5
abrutschen	neg 1.0		neg 0.4742706609267229 off 0.4601789405782475 __DUMMY__ 0.0655503984950297	false	1.0
unsicher	neg 1.0		neg 0.46803460467553337 off 0.4672234233361255 __DUMMY__ 0.06474197198834111	false	1.0
bauernkind	off 1.0	off 1.0	off 0.722267076281359 neg 0.24804835349777848 __DUMMY__ 0.02968457022086243	false	1.0
angreifer	neg 1.0		off 0.47196257416266735 neg 0.4634885045627535 __DUMMY__ 0.06454892127457908	false	0.5
trennen	neg 1.0		neg 0.4721717293011628 off 0.4625322342967227 __DUMMY__ 0.06529603640211445	false	1.0
schmutz	neg 1.0		off 0.47357775918964534 neg 0.461434222838895 __DUMMY__ 0.06498801797145957	false	0.5
inkonsistenz	neg 1.0		off 0.47147427536268405 neg 0.46438330790104165 __DUMMY__ 0.06414241673627415	false	0.5
erschreckend	neg 1.0		neg 0.46935145222543767 off 0.46596634207776105 __DUMMY__ 0.06468220569680115	false	1.0
ertrinken	neg 1.0		neg 0.4748662745685825 off 0.46016824366314113 __DUMMY__ 0.0649654817682764	false	1.0
pickelface	off 1.0		neg 0.4688793498844718 off 0.4666512899964937 __DUMMY__ 0.06446936011903448	false	0.5
seiner			neg 0.4715317959862137 off 0.4632116099871327 __DUMMY__ 0.0652565940266537	false	0.0
lauch	neg 1.0	neg 1.0	neg 0.7239797627696966 off 0.24502653998031684 __DUMMY__ 0.03099369724998656	false	1.0
unwichtig	neg 1.0		off 0.4707117765706558 neg 0.4652479549732055 __DUMMY__ 0.06404026845613874	false	0.5
steuerhinterziehung	neg 1.0		neg 0.4705991682144462 off 0.46492926374275967 __DUMMY__ 0.06447156804279423	false	1.0
schock	neg 1.0		neg 0.46990672829832614 off 0.46529068194751194 __DUMMY__ 0.06480258975416191	false	1.0
beule	neg 1.0		off 0.4725831712018637 neg 0.4636805223083869 __DUMMY__ 0.06373630648974928	false	0.5
vergelten	neg 1.0		off 0.47683340554661374 neg 0.459421842211684 __DUMMY__ 0.06374475224170235	false	0.5
verdorbenheit	neg 1.0		neg 0.46845152318595457 off 0.46715714199196484 __DUMMY__ 0.06439133482208056	false	1.0
trauma	neg 1.0		neg 0.4685177970714492 off 0.46715457011289085 __DUMMY__ 0.06432763281565985	false	1.0
sinnlos	neg 1.0		off 0.468336140482209 neg 0.46727484715383744 __DUMMY__ 0.0643890123639535	false	0.5
fettsack	off 1.0	off 1.0	off 0.7235204930675858 neg 0.246755751147728 __DUMMY__ 0.029723755784686185	false	1.0
feige	off 1.0	off 1.0	off 0.721375507802809 neg 0.248395811597684 __DUMMY__ 0.030228680599506976	false	1.0
abdanken	neg 1.0		neg 0.4689833045101251 off 0.4663586407716028 __DUMMY__ 0.0646580547182721	false	1.0
wichtigtuer	off 1.0	off 1.0	off 0.7205879774947478 neg 0.24887681528665415 __DUMMY__ 0.030535207218598027	false	1.0
misslingen	neg 1.0	neg 1.0	neg 0.7168757376106538 off 0.25214014344150393 __DUMMY__ 0.030984118947842254	false	1.0
untreu	off 1.0		off 0.4718094570879255 neg 0.4642785915976793 __DUMMY__ 0.06391195131439516	false	1.0
missmutig	neg 1.0		off 0.46951909604976144 neg 0.46633242743520015 __DUMMY__ 0.0641484765150384	false	0.5
hurenbock	off 1.0		neg 0.47308713081889175 off 0.4630200407353817 __DUMMY__ 0.06389282844572645	false	0.5
betrunken	neg 1.0		off 0.4735798209587985 neg 0.4627026008582771 __DUMMY__ 0.06371757818292445	false	0.5
korrupt	off 1.0		neg 0.4715233635553559 off 0.4640331250871808 __DUMMY__ 0.06444351135746318	false	0.5
unmut	neg 1.0		neg 0.4740226535315506 off 0.46073055432593885 __DUMMY__ 0.06524679214251047	false	1.0
hackfresse	off 1.0		off 0.47874048302381633 neg 0.4581012274127513 __DUMMY__ 0.06315828956343247	false	1.0
aufblasen	neg 1.0		neg 0.46845037205827084 off 0.4669865246076526 __DUMMY__ 0.06456310333407647	false	1.0
gewaltsam	neg 1.0		neg 0.4691533153042512 off 0.4662230229506145 __DUMMY__ 0.06462366174513434	false	1.0
unbeliebtheit	neg 1.0		off 0.4720952025919703 neg 0.4639685386690033 __DUMMY__ 0.06393625873902647	false	0.5
sturheit	neg 1.0		neg 0.4680677856083157 off 0.46705151569132247 __DUMMY__ 0.06488069870036184	false	1.0
kuh	neg 1.0		neg 0.473523087955336 off 0.4632598341553527 __DUMMY__ 0.06321707788931125	false	1.0
erschrecken	neg 1.0		off 0.47067667867686186 neg 0.46507225041332484 __DUMMY__ 0.06425107090981326	false	0.5
opfer	neg 1.0		neg 0.4694339330565302 off 0.46534157856669756 __DUMMY__ 0.06522448837677222	false	1.0
sinken	neg 1.0		neg 0.4748157500684449 off 0.460174704233017 __DUMMY__ 0.06500954569853803	false	1.0
stinktier	neg 1.0		off 0.47285481749862895 neg 0.4644015158837989 __DUMMY__ 0.06274366661757204	false	0.5
tucke	off 1.0		off 0.47727361545605607 neg 0.46034299983341853 __DUMMY__ 0.06238338471052542	false	1.0
ein			neg 0.47126425835914165 off 0.46432004019200385 __DUMMY__ 0.06441570144885456	false	0.0
abstieg	neg 1.0		off 0.4683377779624606 neg 0.46626682828056654 __DUMMY__ 0.06539539375697276	false	0.5
missverstehen	neg 1.0		off 0.4691006429928304 neg 0.46661176852384106 __DUMMY__ 0.06428758848332854	false	0.5
ergebnislos	neg 1.0		neg 0.46989597850538634 off 0.4648886050985363 __DUMMY__ 0.06521541639607731	false	1.0
unter			neg 0.4756949135346066 off 0.4581388711437502 __DUMMY__ 0.06616621532164324	false	0.0
manipulieren	neg 1.0		neg 0.47081490645928986 off 0.46395591483766724 __DUMMY__ 0.06522917870304297	false	1.0
unbewiesen	neg 1.0	neg 1.0	neg 0.7197318727172074 off 0.24965680357897482 __DUMMY__ 0.030611323703817625	false	1.0
verschleppen	neg 1.0		neg 0.4715330758462043 off 0.4636980959273263 __DUMMY__ 0.06476882822646945	false	1.0
weib	off 1.0		off 0.4790017844764308 neg 0.4583329046867205 __DUMMY__ 0.06266531083684855	false	1.0
opposition	neg 1.0		neg 0.4694142198246666 off 0.46645400856355596 __DUMMY__ 0.06413177161177737	false	1.0
verkehrswidrig	neg 1.0	neg 1.0	neg 0.7138901973620854 off 0.2557616462380971 __DUMMY__ 0.030348156399817507	false	1.0
inkorrekt	neg 1.0		off 0.4741243493878229 neg 0.46228896134863917 __DUMMY__ 0.063586689263538	false	0.5
vermeiden	neg 1.0		neg 0.474590987360393 off 0.4598016730024041 __DUMMY__ 0.06560733963720294	false	1.0
abweichung	neg 1.0	neg 1.0	neg 0.7195621291773808 off 0.24941336167474049 __DUMMY__ 0.031024509147878677	false	1.0
alkoholisiert	neg 1.0		neg 0.4699328991410144 off 0.46460121955157746 __DUMMY__ 0.0654658813074082	false	1.0
scheiss	off 1.0	off 1.0	off 0.7219775608877173 neg 0.247906377382719 __DUMMY__ 0.03011606172956368	false	1.0
herausforderung	neg 1.0		neg 0.46955868019478214 off 0.46542840729412593 __DUMMY__ 0.06501291251109181	false	1.0
pervers	off 1.0		off 0.4817852303658905 neg 0.4556738022578938 __DUMMY__ 0.06254096737621564	false	1.0
wackelig	neg 1.0		neg 0.4696016635025619 off 0.46537047375480123 __DUMMY__ 0.06502786274263692	false	1.0
verwickeln	neg 1.0		off 0.4680714551446087 neg 0.4675828473572871 __DUMMY__ 0.06434569749810423	false	0.5
vorwand	neg 1.0		neg 0.47346597628399945 off 0.4613845578172821 __DUMMY__ 0.06514946589871848	false	1.0
muschi	off 1.0		neg 0.46894479444291437 off 0.4663684198734372 __DUMMY__ 0.06468678568364852	false	0.5
entmutigung	neg 1.0		neg 0.4685672901716436 off 0.4673740324481815 __DUMMY__ 0.06405867738017486	false	1.0
unangemessen	neg 1.0		neg 0.46895462467861304 off 0.4662277548166836 __DUMMY__ 0.06481762050470344	false	1.0
unstetig	neg 1.0		off 0.47039888409396124 neg 0.4654297035151022 __DUMMY__ 0.06417141239093653	false	0.5
entmutigen	neg 1.0		neg 0.46778155579082137 off 0.4676886899252876 __DUMMY__ 0.06452975428389107	false	1.0
schwanz	neg 1.0		neg 0.4717363183789515 off 0.4635355292688826 __DUMMY__ 0.06472815235216588	false	1.0
verbot	neg 1.0		neg 0.4718114409138879 off 0.46370446026403017 __DUMMY__ 0.06448409882208196	false	1.0
leid	neg 1.0		off 0.4757392300617554 neg 0.4608671580572608 __DUMMY__ 0.06339361188098379	false	0.5
archaisch	neg 1.0		neg 0.47078964512688054 off 0.4645851050943054 __DUMMY__ 0.06462524977881416	false	1.0
gegen			neg 0.47167701354311964 off 0.4628471625239057 __DUMMY__ 0.06547582393297466	false	0.0
scheidung	neg 1.0		off 0.4889245065493447 neg 0.44817773313817094 __DUMMY__ 0.06289776031248445	false	0.5
einschlag	neg 1.0		off 0.4770550692447942 neg 0.4589983237080678 __DUMMY__ 0.06394660704713821	false	0.5
m			neg 0.47014663237126403 off 0.46499754287239875 __DUMMY__ 0.06485582475633715	false	0.0
abgestanden	neg 1.0		neg 0.47464141796515535 off 0.4616408226964978 __DUMMY__ 0.06371775933834693	false	1.0
schmierig	off 1.0		off 0.4755713875151731 neg 0.4609829022786044 __DUMMY__ 0.06344571020622261	false	1.0
unpraktisch	neg 1.0		off 0.4686383196243656 neg 0.46680059995950046 __DUMMY__ 0.06456108041613393	false	0.5
wixxer	off 1.0		off 0.48095333571129933 neg 0.4567318432700781 __DUMMY__ 0.06231482101862255	false	1.0
bezeichnet			neg 0.4678758659195746 off 0.4674644040832026 __DUMMY__ 0.0646597299972229	false	0.0
jammerlappen	off 1.0		off 0.47138857520367966 neg 0.4645300248995479 __DUMMY__ 0.06408139989677247	false	1.0
farce	neg 1.0		neg 0.4705833609943227 off 0.46510806759944345 __DUMMY__ 0.06430857140623386	false	1.0
zwecklos	neg 1.0		neg 0.47081747843536853 off 0.4644166902885669 __DUMMY__ 0.06476583127606468	false	1.0
turbulent	neg 1.0		off 0.4728481794675883 neg 0.46340226853150596 __DUMMY__ 0.06374955200090567	false	0.5
invasion	neg 1.0		off 0.469044064832504 neg 0.4666377042217412 __DUMMY__ 0.06431823094575474	false	0.5
schuld	neg 1.0		off 0.4677978659356139 neg 0.4677230119063341 __DUMMY__ 0.06447912215805186	false	0.5
risiko	neg 1.0		neg 0.4694944388819695 off 0.4664756886343547 __DUMMY__ 0.06402987248367586	false	1.0
finster	neg 1.0		neg 0.4708880932026189 off 0.4647733193528476 __DUMMY__ 0.06433858744453352	false	1.0
geisteskrank	off 1.0		off 0.4731980856816298 neg 0.4630529766242065 __DUMMY__ 0.0637489376941636	false	1.0
zusammenbrechen	neg 1.0		neg 0.47076078964966145 off 0.4645017856193448 __DUMMY__ 0.06473742473099381	false	1.0
ausbeute	neg 1.0		off 0.4677955175212135 neg 0.46715264938926176 __DUMMY__ 0.06505183308952465	false	0.5
hinterhalt	neg 1.0		neg 0.4708506306864885 off 0.46456121066434924 __DUMMY__ 0.06458815864916231	false	1.0
kritik	neg 1.0		neg 0.4710082727022636 off 0.46468121935734824 __DUMMY__ 0.06431050794038819	false	1.0
einschrumpfen	neg 1.0		off 0.4690711355026233 neg 0.4672803619580395 __DUMMY__ 0.06364850253933711	false	0.5
riskant	neg 1.0		neg 0.4731139069253567 off 0.4619375535084485 __DUMMY__ 0.06494853956619466	false	1.0
frustrieren	neg 1.0		neg 0.47295698258693547 off 0.4622632266563987 __DUMMY__ 0.0647797907566657	false	1.0
groll	neg 1.0		neg 0.46933064478512765 off 0.46574137045771274 __DUMMY__ 0.06492798475715954	false	1.0
gibt			neg 0.4702057773701724 off 0.46488688685280727 __DUMMY__ 0.06490733577702032	false	0.0
qualvoll	neg 1.0		off 0.46845476420348897 neg 0.46719138912183955 __DUMMY__ 0.0643538466746714	false	0.5
wackeln	neg 1.0		neg 0.46870939245965415 off 0.4666372223068901 __DUMMY__ 0.06465338523345573	false	1.0
klagen	neg 1.0		neg 0.47394522226214564 off 0.46102138962752814 __DUMMY__ 0.0650333881103262	false	1.0
bankrott	neg 1.0		off 0.471756378374253 neg 0.4639755264644955 __DUMMY__ 0.06426809516125138	false	0.5
trauern	neg 1.0		neg 0.46876905955235815 off 0.46570276708518143 __DUMMY__ 0.06552817336246043	false	1.0
ablehnung	neg 1.0		neg 0.47106401767830247 off 0.4645016915564628 __DUMMY__ 0.06443429076523471	false	1.0
stur	neg 1.0		neg 0.4684652158845438 off 0.4671610905363024 __DUMMY__ 0.0643736935791539	false	1.0
aufruhr	neg 1.0	neg 1.0	neg 0.7203016972419696 off 0.2490487132801664 __DUMMY__ 0.030649589477863916	false	1.0
melancholie	neg 1.0		neg 0.47453471698949645 off 0.4606746521844015 __DUMMY__ 0.06479063082610219	false	1.0
ist			off 0.4683093240117124 neg 0.4672480785533942 __DUMMY__ 0.06444259743489344	false	0.0
torheit	neg 1.0		off 0.46790867342884257 neg 0.4676237020016735 __DUMMY__ 0.06446762456948398	false	0.5
dreckskind	off 1.0		off 0.47894348028853595 neg 0.45815128702595476 __DUMMY__ 0.06290523268550934	false	1.0
umtauschen	neg 1.0		neg 0.46982830912910734 off 0.46560380572513216 __DUMMY__ 0.06456788514576049	false	1.0
zum			neg 0.4702541298247928 off 0.4635597402962562 __DUMMY__ 0.0661861298789511	false	0.0
zersetzen	neg 1.0		neg 0.47371017294516393 off 0.46140392715442885 __DUMMY__ 0.06488589990040733	false	1.0
zur			neg 0.4740893022285546 off 0.4602607350232717 __DUMMY__ 0.0656499627481736	false	0.0
frust	neg 1.0		neg 0.47043685335480684 off 0.46472904088835004 __DUMMY__ 0.06483410575684306	false	1.0
unerbittlichkeit	neg 1.0		neg 0.47128213902256033 off 0.4636601703512283 __DUMMY__ 0.06505769062621133	false	1.0
zwei			neg 0.4740359386685958 off 0.4602129079051999 __DUMMY__ 0.0657511534262043	false	0.0
unkorrekt	neg 1.0		off 0.4725578419919273 neg 0.46381814239599173 __DUMMY__ 0.06362401561208113	false	0.5
hexe	off 1.0		off 0.46864810414074587 neg 0.46766824384445055 __DUMMY__ 0.06368365201480372	false	1.0
lasch	neg 1.0		off 0.47068467830655975 neg 0.4651344966643603 __DUMMY__ 0.06418082502907997	false	0.5
rivale	neg 1.0		off 0.4748256166748732 neg 0.46152821780487147 __DUMMY__ 0.06364616552025533	false	0.5
mutlos	off 1.0	off 1.0	off 0.7177543439862815 neg 0.25143734165499926 __DUMMY__ 0.030808314358719266	false	1.0
wirr	off 1.0		off 0.4749399917203666 neg 0.46154767058410234 __DUMMY__ 0.06351233769553107	false	1.0
jahr			neg 0.46799166817109833 off 0.4663215683606011 __DUMMY__ 0.06568676346830045	false	0.0
wird			neg 0.47054800092583626 off 0.4644756059312795 __DUMMY__ 0.06497639314288427	false	0.0
strafbar	neg 1.0		neg 0.47156222811041026 off 0.4634010547659258 __DUMMY__ 0.06503671712366393	false	1.0
erosion	neg 1.0		neg 0.4685787709212493 off 0.4668492888140273 __DUMMY__ 0.06457194026472347	false	1.0
eingehen	neg 1.0		neg 0.47281245020595936 off 0.4623534279366339 __DUMMY__ 0.06483412185740663	false	1.0
faul	off 1.0		off 0.47035580567753404 neg 0.4655393403003616 __DUMMY__ 0.06410485402210445	false	1.0
provisorium	neg 1.0		neg 0.4752406899428031 off 0.4585477277116291 __DUMMY__ 0.06621158234556768	false	1.0
schmerzen	neg 1.0		neg 0.47071956844196056 off 0.46471957071157605 __DUMMY__ 0.06456086084646337	false	1.0
schrumpfen	neg 1.0		neg 0.47702962567362317 off 0.4577539947467656 __DUMMY__ 0.06521637957961123	false	1.0
geistlos	off 1.0		off 0.46800083225271233 neg 0.4679600585920283 __DUMMY__ 0.0640391091552594	false	1.0
fehlkauf	neg 1.0		neg 0.46813411979456365 off 0.4677584020301973 __DUMMY__ 0.06410747817523894	false	1.0
frustrierend	neg 1.0		off 0.47013281603793755 neg 0.46567866729881136 __DUMMY__ 0.06418851666325112	false	0.5
unzufrieden	neg 1.0		neg 0.4707804542903859 off 0.46440045974720207 __DUMMY__ 0.06481908596241205	false	1.0
verzweifeln	neg 1.0		neg 0.4690849629574123 off 0.46613736355827295 __DUMMY__ 0.06477767348431476	false	1.0
verzweifelt	neg 1.0		off 0.4678079006829959 neg 0.46773082292398743 __DUMMY__ 0.06446127639301669	false	0.5
misstrauensantrag	neg 1.0		off 0.4682969326662215 neg 0.46739327398241975 __DUMMY__ 0.06430979335135857	false	0.5
abfallen	neg 1.0		neg 0.4691774043937676 off 0.46632435169415937 __DUMMY__ 0.06449824391207297	false	1.0
fucker	off 1.0		off 0.4747327130059731 neg 0.46146612238381124 __DUMMY__ 0.06380116461021579	false	1.0
ungezogen	neg 1.0		off 0.4801912840930316 neg 0.45695798117549186 __DUMMY__ 0.06285073473147651	false	0.5
irrsinnig	neg 1.0	neg 1.0	neg 0.7201325853690488 off 0.24929410746556788 __DUMMY__ 0.030573307165383316	false	1.0
unfassbar	neg 1.0		off 0.4723828413375134 neg 0.46360022201227147 __DUMMY__ 0.06401693665021516	false	0.5
hart	neg 1.0		neg 0.4683776050505002 off 0.4683541153620075 __DUMMY__ 0.06326827958749216	false	1.0
widerlich	off 1.0		off 0.4722920023338445 neg 0.46385520639953925 __DUMMY__ 0.06385279126661621	false	1.0
fatal	neg 1.0	neg 1.0	neg 0.7206729259690959 off 0.2490387191979281 __DUMMY__ 0.030288354832975855	false	1.0
bruch	neg 1.0		neg 0.47214928167137793 off 0.4622922272828322 __DUMMY__ 0.06555849104578991	false	1.0
aushungern	neg 1.0		neg 0.471855865718474 off 0.4637036653813626 __DUMMY__ 0.06444046890016335	false	1.0
anspannung	neg 1.0		neg 0.47290693015816876 off 0.4612051761190967 __DUMMY__ 0.06588789372273454	false	1.0
von			neg 0.4724056923100328 off 0.4623621823377455 __DUMMY__ 0.06523212535222174	false	0.0
kraftlos	neg 1.0		neg 0.4707140844932054 off 0.4643669103105597 __DUMMY__ 0.0649190051962349	false	1.0
vom			neg 0.47301191003440296 off 0.4605681931493404 __DUMMY__ 0.0664198968162566	false	0.0
grenzdebil	off 1.0		off 0.47177155413355165 neg 0.464400134616857 __DUMMY__ 0.06382831124959146	false	1.0
vor			neg 0.4733203869461258 off 0.4613236698860446 __DUMMY__ 0.06535594316782938	false	0.0
unterwerfen	neg 1.0		neg 0.4710905692362285 off 0.4639370305425018 __DUMMY__ 0.06497240022126961	false	1.0
versenkung	neg 1.0		neg 0.47127931484882246 off 0.46364801599599176 __DUMMY__ 0.06507266915518571	false	1.0
entziehen	neg 1.0		neg 0.4735267977851807 off 0.46130966994535433 __DUMMY__ 0.06516353226946496	false	1.0
finanzkrise	neg 1.0		neg 0.4747147028629815 off 0.4614789349985245 __DUMMY__ 0.0638063621384939	false	1.0
schimpfend	neg 1.0		off 0.4683719954369889 neg 0.4669604723483319 __DUMMY__ 0.0646675322146793	false	0.5
profan	neg 1.0		off 0.4685938363163729 neg 0.4671030368396805 __DUMMY__ 0.0643031268439464	false	0.5
korruption	neg 1.0		neg 0.4721825388259339 off 0.46331567496379683 __DUMMY__ 0.06450178621026931	false	1.0
â			neg 0.4714289470505046 off 0.4637634560136604 __DUMMY__ 0.06480759693583495	false	0.0
schmutzig	neg 1.0		off 0.4724363481234973 neg 0.4636646644357334 __DUMMY__ 0.06389898744076941	false	0.5
sexy	neg 1.0		off 0.47066567354394373 neg 0.4650587252234825 __DUMMY__ 0.06427560123257361	false	0.5
abraten	neg 1.0		off 0.4688321656757149 neg 0.4667073367055138 __DUMMY__ 0.06446049761877123	false	0.5
schwarz	neg 1.0		off 0.4686864415069439 neg 0.46695963219240666 __DUMMY__ 0.06435392630064933	false	0.5
fotze	off 1.0	off 1.0	off 0.7180748157569157 neg 0.2511636433177045 __DUMMY__ 0.030761540925379745	false	1.0
verwirren	neg 1.0		off 0.4692272934141634 neg 0.46642450192919427 __DUMMY__ 0.06434820465664225	false	0.5
zahnlos	off 1.0		neg 0.47003443950615703 off 0.4652451684774986 __DUMMY__ 0.06472039201634433	false	0.5
verheeren	neg 1.0		off 0.48221607356844537 neg 0.4549131657587067 __DUMMY__ 0.06287076067284797	false	0.5
hippie	neg 1.0		off 0.4698629026918352 neg 0.46590970736471593 __DUMMY__ 0.06422738994344879	false	0.5
rammen	neg 1.0		neg 0.4683079899881611 off 0.46718707548613014 __DUMMY__ 0.06450493452570871	false	1.0
unlauter	neg 1.0		neg 0.4682569794629512 off 0.46755580245409784 __DUMMY__ 0.06418721808295093	false	1.0
unheilvoll	neg 1.0		neg 0.4685548904743772 off 0.4670973890646236 __DUMMY__ 0.06434772046099932	false	1.0
niedrig	neg 1.0		neg 0.47316261063699 off 0.46224694817499806 __DUMMY__ 0.06459044118801206	false	1.0
explosion	neg 1.0		off 0.470026385939187 neg 0.46569922946847325 __DUMMY__ 0.06427438459233971	false	0.5
weichei	off 1.0	off 1.0	off 0.7239151915796773 neg 0.24620219135309243 __DUMMY__ 0.02988261706723035	false	1.0
minusmensch	off 1.0		off 0.4810023730874948 neg 0.4562687760070126 __DUMMY__ 0.06272885090549253	false	1.0
farblos	neg 1.0		neg 0.46958898669972937 off 0.4662061597932375 __DUMMY__ 0.06420485350703314	false	1.0
unwissend	neg 1.0	neg 1.0	neg 0.7187520112014866 off 0.25094347656918964 __DUMMY__ 0.030304512229323864	false	1.0
traurig	neg 1.0		off 0.47430414417886774 neg 0.4620155849650656 __DUMMY__ 0.06368027085606665	false	0.5
senkung	neg 1.0		neg 0.46998696873760953 off 0.4662633795592082 __DUMMY__ 0.06374965170318227	false	1.0
ungleich	neg 1.0	neg 1.0	neg 0.7216490354936862 off 0.24750699629585204 __DUMMY__ 0.03084396821046177	false	1.0
heikel	neg 1.0		neg 0.4722183010642583 off 0.462752644348538 __DUMMY__ 0.06502905458720373	false	1.0
drosselung	neg 1.0		off 0.4692737208853442 neg 0.46737057650704683 __DUMMY__ 0.063355702607609	false	0.5
falsch	neg 1.0		off 0.47072930442293714 neg 0.46504038642682993 __DUMMY__ 0.06423030915023292	false	0.5
unzufriedenheit	neg 1.0		neg 0.474042140148296 off 0.4611265571237365 __DUMMY__ 0.06483130272796747	false	1.0
kurz	neg 1.0		neg 0.4691979819215704 off 0.4658079623834421 __DUMMY__ 0.06499405569498745	false	1.0
unsinnig	neg 1.0		neg 0.47102633202022604 off 0.464509915083179 __DUMMY__ 0.06446375289659494	false	1.0
penner	off 1.0	off 1.0	off 0.7251642165839851 neg 0.24498777580215023 __DUMMY__ 0.02984800761386472	false	1.0
seicht	neg 1.0		off 0.47767029305816844 neg 0.4596874788320017 __DUMMY__ 0.06264222810983001	false	0.5
dummheit	off 1.0	off 1.0	off 0.7199165522471901 neg 0.249688539227903 __DUMMY__ 0.03039490852490695	false	1.0
unerfreulich	neg 1.0		neg 0.47220863532757096 off 0.4626977124175781 __DUMMY__ 0.06509365225485099	false	1.0
motherfucker	off 1.0	off 1.0	off 0.7228669972452993 neg 0.24691300859440257 __DUMMY__ 0.03021999416029799	false	1.0
pikiert	neg 1.0	neg 1.0	neg 0.7185896466277346 off 0.25113919546208147 __DUMMY__ 0.030271157910183897	false	1.0
wrack	neg 1.0		off 0.46946098852698204 neg 0.4650183015213717 __DUMMY__ 0.06552070995164627	false	0.5
gangster	neg 1.0		off 0.4699799085820783 neg 0.4658287219387158 __DUMMY__ 0.06419136947920591	false	0.5
krank	neg 1.0	neg 1.0	neg 0.7171209769040685 off 0.2525090208243989 __DUMMY__ 0.03037000227153259	false	1.0
reich	neg 1.0		off 0.46849025853581816 neg 0.4677456668809996 __DUMMY__ 0.06376407458318224	false	0.5
gnadenlos	neg 1.0		off 0.4681877572041006 neg 0.4672050376508643 __DUMMY__ 0.06460720514503518	false	0.5
niedergeschlagen	neg 1.0		neg 0.46984337012941574 off 0.4651721373328163 __DUMMY__ 0.06498449253776799	false	1.0
terrorisieren	off 1.0	off 1.0	off 0.7174103063377183 neg 0.25168134361432304 __DUMMY__ 0.030908350047958704	false	1.0
sinnlosigkeit	neg 1.0		neg 0.4701038756146743 off 0.465092484223891 __DUMMY__ 0.06480364016143463	false	1.0
behindern	neg 1.0		neg 0.4699529477527051 off 0.4655805329673013 __DUMMY__ 0.06446651927999358	false	1.0
undemokratisch	neg 1.0		off 0.4680689901469021 neg 0.46770986487298044 __DUMMY__ 0.06422114498011745	false	0.5
wirtschaftskrise	neg 1.0		neg 0.47427061091198347 off 0.461444306909219 __DUMMY__ 0.06428508217879757	false	1.0
neid	neg 1.0		off 0.469651357613658 neg 0.4661317795350302 __DUMMY__ 0.0642168628513119	false	0.5
rutschen	neg 1.0		neg 0.4745753898187564 off 0.45969610323530513 __DUMMY__ 0.06572850694593836	false	1.0
rezession	neg 1.0		off 0.4709998938125165 neg 0.46596143117867095 __DUMMY__ 0.06303867500881254	false	0.5
fehlgeburt	neg 1.0		off 0.4685668243255562 neg 0.4666527090851013 __DUMMY__ 0.06478046658934253	false	0.5
charakterschwach	off 1.0		off 0.4715506092068884 neg 0.4646009866052233 __DUMMY__ 0.06384840418788829	false	1.0
isolation	neg 1.0		off 0.4711650532409105 neg 0.4645175719967705 __DUMMY__ 0.064317374762319	false	0.5
ablenkung	neg 1.0		neg 0.46785487438327533 off 0.4673560604194762 __DUMMY__ 0.06478906519724849	false	1.0
pech	neg 1.0		off 0.4707500932628982 neg 0.4650994388052958 __DUMMY__ 0.064150467931806	false	0.5
vermeidung	neg 1.0		off 0.47142171476188643 neg 0.4648276480103559 __DUMMY__ 0.06375063722775762	false	0.5
dominieren	neg 1.0		neg 0.46877825198232503 off 0.466327795326162 __DUMMY__ 0.06489395269151309	false	1.0
schwindlig	neg 1.0		off 0.46791367479891 neg 0.4678078698029877 __DUMMY__ 0.06427845539810215	false	0.5
lutscher	neg 1.0	neg 1.0	neg 0.714611012411029 off 0.2558485448752866 __DUMMY__ 0.029540442713684355	false	1.0
pflicht	neg 1.0		neg 0.4720029225950223 off 0.4626524755063548 __DUMMY__ 0.0653446018986229	false	1.0
faschist	off 1.0		off 0.4702103463278101 neg 0.4655922299187931 __DUMMY__ 0.0641974237533967	false	1.0
verschleudern	neg 1.0		neg 0.47504586605282206 off 0.46050899173483184 __DUMMY__ 0.06444514221234607	false	1.0
wenn			off 0.471023380537744 neg 0.46487944901359807 __DUMMY__ 0.06409717044865794	false	0.0
ehebruch	neg 1.0		neg 0.4711340488096929 off 0.4640157644691843 __DUMMY__ 0.06485018672112292	false	1.0
spott	off 1.0		neg 0.470188681138042 off 0.46479519036705136 __DUMMY__ 0.0650161284949066	false	0.5
trostlosigkeit	neg 1.0		neg 0.4753364504065816 off 0.4597720407744192 __DUMMY__ 0.06489150881899908	false	1.0
lutschen	neg 1.0		off 0.46994785018306645 neg 0.4660124792172069 __DUMMY__ 0.06403967059972669	false	0.5
undiszipliniert	neg 1.0		off 0.47396280229567656 neg 0.4622533565363422 __DUMMY__ 0.06378384116798107	false	0.5
kopfschmerz	neg 1.0		neg 0.47367431778025915 off 0.4617575858311131 __DUMMY__ 0.06456809638862793	false	1.0
unvorhergesehen	neg 1.0		neg 0.472230362965588 off 0.46251240576249025 __DUMMY__ 0.06525723127192166	false	1.0
desinteressiert	neg 1.0		off 0.47282883145743243 neg 0.4634085099854146 __DUMMY__ 0.06376265855715288	false	0.5
armselig	off 1.0		off 0.4752384851401413 neg 0.4611510710753944 __DUMMY__ 0.06361044378446426	false	1.0
desaster	neg 1.0		neg 0.47458659735956604 off 0.46030706464058574 __DUMMY__ 0.06510633799984822	false	1.0
tod	neg 1.0		neg 0.470526398041864 off 0.4643775997621028 __DUMMY__ 0.06509600219603322	false	1.0
herzlos	neg 1.0		off 0.474514498262531 neg 0.46186597396370715 __DUMMY__ 0.06361952777376179	false	0.5
unwissenheit	neg 1.0		neg 0.47099764799017707 off 0.46425370442887204 __DUMMY__ 0.06474864758095099	false	1.0
widersinnig	neg 1.0		neg 0.47144590404647224 off 0.4641753547883044 __DUMMY__ 0.0643787411652234	false	1.0
bedenklich	neg 1.0		neg 0.472185061687528 off 0.463051254795573 __DUMMY__ 0.06476368351689908	false	1.0
beanstanden	neg 1.0		neg 0.4712723424652507 off 0.4634146148448612 __DUMMY__ 0.06531304268988801	false	1.0
panisch	neg 1.0		off 0.46946111941431096 neg 0.46596303150202284 __DUMMY__ 0.06457584908366627	false	0.5
debil	off 1.0		neg 0.4777670324637787 off 0.4565229714199909 __DUMMY__ 0.06570999611623037	false	0.5
abstrich	neg 1.0		neg 0.4721781768078823 off 0.46342622930283167 __DUMMY__ 0.06439559388928587	false	1.0
primitiv	neg 1.0		off 0.4733892150110964 neg 0.4627872027831077 __DUMMY__ 0.06382358220579595	false	0.5
abschaum	off 1.0	off 1.0	off 0.7223405806609193 neg 0.2472320113366138 __DUMMY__ 0.03042740800246691	false	1.0
provozieren	neg 1.0		neg 0.4684388998217896 off 0.4671320823071114 __DUMMY__ 0.06442901787109909	false	1.0
tot	neg 1.0		neg 0.4719713472826939 off 0.4634661620234247 __DUMMY__ 0.0645624906938813	false	1.0
instabil	neg 1.0		off 0.47524876109704556 neg 0.4612406167115064 __DUMMY__ 0.06351062219144817	false	0.5
schwuchtel	off 1.0	off 1.0	off 0.7281081385372703 neg 0.24253820734659418 __DUMMY__ 0.02935365411613559	false	1.0
zerren	neg 1.0		neg 0.46970892681007453 off 0.4652745261845454 __DUMMY__ 0.06501654700538007	false	1.0
kinderficker	off 1.0		off 0.4769954180999867 neg 0.4596961041718673 __DUMMY__ 0.06330847772814588	false	1.0
gefahr	neg 1.0		neg 0.472344425326494 off 0.46245027371890507 __DUMMY__ 0.06520530095460098	false	1.0
rabiat	neg 1.0		neg 0.4704167022918851 off 0.46505160227284226 __DUMMY__ 0.0645316954352726	false	1.0
verlangsamung	neg 1.0		off 0.478226406964354 neg 0.45870699908844564 __DUMMY__ 0.06306659394720034	false	0.5
ausgestorben	neg 1.0		neg 0.46931400951541036 off 0.4659142094116715 __DUMMY__ 0.06477178107291806	false	1.0
anklagen	neg 1.0		neg 0.47007474708161173 off 0.4652037751665794 __DUMMY__ 0.06472147775180878	false	1.0
trott	neg 1.0		neg 0.4688598769977339 off 0.4665610901900188 __DUMMY__ 0.0645790328122473	false	1.0
verminderung	neg 1.0		off 0.47192181668503996 neg 0.46426807388683217 __DUMMY__ 0.06381010942812797	false	0.5
nach			neg 0.4744261601981105 off 0.4595610665049582 __DUMMY__ 0.06601277329693123	false	0.0
rost	neg 1.0		off 0.4819112172682566 neg 0.4547432916423402 __DUMMY__ 0.06334549108940314	false	0.5
destruktiv	neg 1.0		neg 0.4693880558482693 off 0.46609259750567616 __DUMMY__ 0.06451934664605458	false	1.0
unzumutbarkeit	neg 1.0		off 0.47240116548368016 neg 0.4636815003403492 __DUMMY__ 0.06391733417597072	false	0.5
labil	off 1.0	off 1.0	off 0.721218367335351 neg 0.2484399170500331 __DUMMY__ 0.03034171561461592	false	1.0
ziemlich	neg 1.0		off 0.4724947118398253 neg 0.4634020212948562 __DUMMY__ 0.06410326686531861	false	0.5
lachnummer	off 1.0		off 0.46785807141559216 neg 0.46747490539562664 __DUMMY__ 0.06466702318878129	false	1.0
oder			off 0.4681728605867212 neg 0.46710625017664653 __DUMMY__ 0.0647208892366323	false	0.0
verfall	neg 1.0		neg 0.47726006445201785 off 0.45758102429098524 __DUMMY__ 0.0651589112569969	false	1.0
ausgrenzung	neg 1.0		neg 0.4680958963887201 off 0.467722729738573 __DUMMY__ 0.06418137387270692	false	1.0
unordnung	neg 1.0		off 0.47477108472291596 neg 0.46188453379976385 __DUMMY__ 0.06334438147732026	false	0.5
fehlverhalten	neg 1.0		neg 0.471720462194411 off 0.4632598424113479 __DUMMY__ 0.065019695394241	false	1.0
eine			neg 0.47340194611465836 off 0.4613766096468234 __DUMMY__ 0.06522144423851813	false	0.0
nille	neg 1.0		neg 0.4685335393311035 off 0.46690791632032025 __DUMMY__ 0.06455854434857625	false	1.0
qual	neg 1.0		neg 0.469480017017251 off 0.46595682979242853 __DUMMY__ 0.0645631531903203	false	1.0
verschwenden	neg 1.0		neg 0.47361236006216967 off 0.4615832882650098 __DUMMY__ 0.0648043516728206	false	1.0
riesig	neg 1.0		neg 0.4713083224426588 off 0.46367750283190134 __DUMMY__ 0.06501417472543985	false	1.0
verurteilen	neg 1.0		neg 0.47062784615542574 off 0.46466361631856645 __DUMMY__ 0.06470853752600779	false	1.0
klischee	neg 1.0	neg 1.0	neg 0.7190736194790328 off 0.2505572291488938 __DUMMY__ 0.03036915137207355	false	1.0
diktatorisch	neg 1.0		neg 0.468227866559428 off 0.4676416323331817 __DUMMY__ 0.06413050110739035	false	1.0
vorhersehbar	neg 1.0		off 0.4684889245946945 neg 0.46741634741331545 __DUMMY__ 0.06409472799198997	false	0.5
sowie			off 0.4746064506542333 neg 0.4623168403391395 __DUMMY__ 0.06307670900662724	false	0.0
stornieren	neg 1.0		off 0.4725211444314781 neg 0.4626544947179388 __DUMMY__ 0.06482436085058323	false	0.5
besteuerung	neg 1.0	neg 1.0	neg 0.7222987904819343 off 0.24744840054597617 __DUMMY__ 0.030252808972089547	false	1.0
ungeschminkt	neg 1.0		off 0.4727567259544934 neg 0.46355503103370393 __DUMMY__ 0.06368824301180256	false	0.5
kritisch	neg 1.0		neg 0.47039241755241673 off 0.4647662652687495 __DUMMY__ 0.06484131717883371	false	1.0
schlamperei	off 1.0		neg 0.47221823797988366 off 0.46292262167434667 __DUMMY__ 0.06485914034576969	false	0.5
sucht	neg 1.0	neg 1.0	neg 0.7190577568410658 off 0.250270438401656 __DUMMY__ 0.03067180475727824	false	1.0
egoistisch	off 1.0	off 1.0	off 0.7246759854299778 neg 0.2452785393849131 __DUMMY__ 0.03004547518510913	false	1.0
ausbeuter	off 1.0		neg 0.4741403009718453 off 0.4611338659315257 __DUMMY__ 0.06472583309662897	false	0.5
arschgeburt	off 1.0		off 0.48359495181733114 neg 0.45424467230667587 __DUMMY__ 0.06216037587599301	false	1.0
schubs	neg 1.0		neg 0.4731817454853029 off 0.4622376046418833 __DUMMY__ 0.06458064987281383	false	1.0
unsolide	neg 1.0		off 0.4699726921622914 neg 0.4656521260979508 __DUMMY__ 0.06437518173975769	false	0.5
beschwerde	neg 1.0		neg 0.4699615583872134 off 0.4652092578926467 __DUMMY__ 0.06482918372014002	false	1.0
stocken	neg 1.0		neg 0.47115904953592597 off 0.46395139565250154 __DUMMY__ 0.06488955481157258	false	1.0
isolieren	neg 1.0		neg 0.4713793771575304 off 0.4639893777485241 __DUMMY__ 0.06463124509394538	false	1.0
unheilbar	neg 1.0		neg 0.4679895380754598 off 0.4673466779500434 __DUMMY__ 0.0646637839744969	false	1.0
pisser	off 1.0	off 1.0	off 0.7231004344748169 neg 0.24676542515621191 __DUMMY__ 0.030134140368971083	false	1.0
löschen	neg 1.0		neg 0.4691158897771444 off 0.46647165950207437 __DUMMY__ 0.06441245072078132	false	1.0
durchfallen	neg 1.0		neg 0.47034825561005505 off 0.4647665052436476 __DUMMY__ 0.06488523914629739	false	1.0
wichser	off 1.0	off 1.0	off 0.7267164113385418 neg 0.24360691410321544 __DUMMY__ 0.02967667455824277	false	1.0
terror	neg 1.0		off 0.4695813157633767 neg 0.46619375027721593 __DUMMY__ 0.06422493395940738	false	0.5
krass	neg 1.0		off 0.4758983432498713 neg 0.46069993809485565 __DUMMY__ 0.06340171865527301	false	0.5
revolte	neg 1.0		neg 0.4687367566864969 off 0.4675097364374543 __DUMMY__ 0.06375350687604886	false	1.0
besorgt	neg 1.0		neg 0.4683130919629283 off 0.46659571239959197 __DUMMY__ 0.06509119563747975	false	1.0
nachlassen	neg 1.0		neg 0.4698857451593125 off 0.4650440180856092 __DUMMY__ 0.06507023675507824	false	1.0
alt	neg 1.0		neg 0.4765373966529713 off 0.4592782145297844 __DUMMY__ 0.06418438881724418	false	1.0
hundesohn	off 1.0	off 1.0	off 0.7258799182542931 neg 0.24443737415300623 __DUMMY__ 0.029682707592700773	false	1.0
als			neg 0.4706457004439934 off 0.4646017524168772 __DUMMY__ 0.06475254713912944	false	0.0
abschreckung	neg 1.0		neg 0.4732420272138924 off 0.4617772353247736 __DUMMY__ 0.06498073746133402	false	1.0
unqualifiziert	neg 1.0		off 0.4709882761991323 neg 0.46484722716206395 __DUMMY__ 0.06416449663880376	false	0.5
abgewichst	off 1.0		neg 0.46856354655027616 off 0.466748283755251 __DUMMY__ 0.06468816969447284	false	0.5
schwer	neg 1.0		neg 0.4685490016634643 off 0.46670970287533 __DUMMY__ 0.06474129546120568	false	1.0
bedeutungslosigkeit	neg 1.0		neg 0.4725332056484399 off 0.4624953015264917 __DUMMY__ 0.06497149282506828	false	1.0
kapitulation	neg 1.0		neg 0.47283883419477124 off 0.4626067921624416 __DUMMY__ 0.06455437364278709	false	1.0
unscharf	neg 1.0		neg 0.47000798615797024 off 0.46610531877427525 __DUMMY__ 0.06388669506775461	false	1.0
schwinden	neg 1.0		neg 0.473386447210007 off 0.46178946760208367 __DUMMY__ 0.06482408518790933	false	1.0
versklavung	neg 1.0	neg 1.0	neg 0.7208381623622856 off 0.24877949824713816 __DUMMY__ 0.03038233939057631	false	1.0
schlecht	neg 1.0		off 0.4727798659558956 neg 0.46309478644363045 __DUMMY__ 0.06412534760047404	false	0.5
verhasst	neg 1.0		neg 0.46832675016550324 off 0.4673746362957639 __DUMMY__ 0.06429861353873284	false	1.0
beschweren	neg 1.0		off 0.4691920099749684 neg 0.4662792266178635 __DUMMY__ 0.06452876340716814	false	0.5
scheiden	neg 1.0		neg 0.46823104829152956 off 0.46714399850701066 __DUMMY__ 0.06462495320145971	false	1.0
frustriert	neg 1.0		neg 0.46936255224098367 off 0.4658317020972928 __DUMMY__ 0.06480574566172348	false	1.0
schimmelig	neg 1.0		neg 0.47422251245451075 off 0.46137417797398267 __DUMMY__ 0.06440330957150647	false	1.0
fisch	neg 1.0		neg 0.4778523712759203 off 0.457582009398437 __DUMMY__ 0.06456561932564266	false	1.0
schmuggel	neg 1.0		neg 0.4724413732524957 off 0.4622360498908745 __DUMMY__ 0.0653225768566298	false	1.0
auffallen	neg 1.0		off 0.46912034737887215 neg 0.4664854810788151 __DUMMY__ 0.06439417154231271	false	0.5
konkurrenz	neg 1.0		neg 0.47070405789794817 off 0.46397186319279743 __DUMMY__ 0.06532407890925436	false	1.0
teufelskreis	neg 1.0	neg 1.0	neg 0.7217268036097085 off 0.24772587202545907 __DUMMY__ 0.03054732436483237	false	1.0
aufschreien	neg 1.0		off 0.46844012040451194 neg 0.46743288889423856 __DUMMY__ 0.06412699070124961	false	0.5
schuldner	neg 1.0		neg 0.4754349957220428 off 0.4599897917248267 __DUMMY__ 0.06457521255313046	false	1.0
missgeburt	off 1.0	off 1.0	off 0.7259503305707025 neg 0.24413883553328503 __DUMMY__ 0.029910833896012606	false	1.0
arbeitslos	neg 1.0		neg 0.4711820851247791 off 0.46402048365627424 __DUMMY__ 0.06479743121894667	false	1.0
befallen	neg 1.0		neg 0.4740731129274653 off 0.46188212878779433 __DUMMY__ 0.06404475828474035	false	1.0
miesepetrig	off 1.0	off 1.0	off 0.7214507829769564 neg 0.24818084058098921 __DUMMY__ 0.03036837644205432	false	1.0
alarmieren	neg 1.0		off 0.4708804001427725 neg 0.4650702850273686 __DUMMY__ 0.06404931482985879	false	0.5
ungeduscht	off 1.0		off 0.46970818246092017 neg 0.46636715108455473 __DUMMY__ 0.06392466645452517	false	1.0
knappheit	neg 1.0		neg 0.47326517323280093 off 0.4623351639783966 __DUMMY__ 0.06439966278880246	false	1.0
schlange	neg 1.0		off 0.4677980892567059 neg 0.46751801230452084 __DUMMY__ 0.06468389843877327	false	0.5
harsch	neg 1.0		off 0.4770235575662259 neg 0.4592180911688758 __DUMMY__ 0.06375835126489825	false	0.5
lang	neg 1.0		off 0.4678889143324806 neg 0.4676628266134431 __DUMMY__ 0.06444825905407645	false	0.5
ziellos	neg 1.0		neg 0.4709229863367663 off 0.4639141993289061 __DUMMY__ 0.06516281433432754	false	1.0
selbstverliebt	neg 1.0		off 0.48291507520027827 neg 0.4543135592361659 __DUMMY__ 0.06277136556355577	false	0.5
beseitigen	neg 1.0		neg 0.4678805115022635 off 0.4673847295612805 __DUMMY__ 0.06473475893645614	false	1.0
dumm	off 1.0		off 0.47762599590208055 neg 0.4591887909950756 __DUMMY__ 0.06318521310284379	false	1.0
arbeitsloser	neg 1.0		off 0.4680007396482437 neg 0.466584238653598 __DUMMY__ 0.06541502169815831	false	0.5
blitzen	neg 1.0		off 0.4694379639735031 neg 0.46654232942550017 __DUMMY__ 0.06401970660099665	false	0.5
hilflos	neg 1.0		neg 0.47102447727823826 off 0.46418605083708225 __DUMMY__ 0.06478947188467939	false	1.0
eklig	off 1.0		off 0.47678877525154467 neg 0.46028951751734365 __DUMMY__ 0.06292170723111168	false	1.0
begriff			neg 0.46841055554265215 off 0.46687279734271625 __DUMMY__ 0.06471664711463149	false	0.0
hungersnot	neg 1.0		neg 0.4727214599788139 off 0.4628100917834762 __DUMMY__ 0.06446844823770984	false	1.0
ungesetzlich	neg 1.0		off 0.4686685607909791 neg 0.46704059107618656 __DUMMY__ 0.06429084813283423	false	0.5
verschwendung	neg 1.0		neg 0.4727192810144809 off 0.4623322821058004 __DUMMY__ 0.06494843687971874	false	1.0
schmerzvoll	neg 1.0		neg 0.4683740851549651 off 0.467311980980597 __DUMMY__ 0.06431393386443791	false	1.0
vorzeitig	neg 1.0		off 0.47374492770632615 neg 0.46185745420838586 __DUMMY__ 0.06439761808528781	false	0.5
unvollkommenheit	neg 1.0		neg 0.4701764483977853 off 0.46512408593989635 __DUMMY__ 0.06469946566231835	false	1.0
intervenieren	neg 1.0		neg 0.47426063485728176 off 0.4611580369576585 __DUMMY__ 0.06458132818505974	false	1.0
banause	off 1.0		off 0.4765720473096692 neg 0.4609350654329697 __DUMMY__ 0.06249288725736124	false	1.0
rebell	neg 1.0		neg 0.4784457864884068 off 0.45666534088873567 __DUMMY__ 0.0648888726228575	false	1.0
unlogisch	neg 1.0		off 0.4733095965760609 neg 0.46313120785768397 __DUMMY__ 0.06355919556625511	false	0.5
leiden	neg 1.0		neg 0.4710629301850009 off 0.4635154999294477 __DUMMY__ 0.06542156988555131	false	1.0
abschaffung	neg 1.0		neg 0.4695246370429855 off 0.4662716999762469 __DUMMY__ 0.06420366298076756	false	1.0
sturz	neg 1.0		off 0.4710035984111752 neg 0.4642296479699311 __DUMMY__ 0.06476675361889371	false	0.5
verkleinerung	neg 1.0		neg 0.46910876195922424 off 0.4673025741439717 __DUMMY__ 0.06358866389680412	false	1.0
schmarotzer	off 1.0		neg 0.47026717511903915 off 0.46501300512619687 __DUMMY__ 0.06471981975476401	false	0.5
bestrafung	neg 1.0	neg 1.0	neg 0.7198903230071387 off 0.24945415524728007 __DUMMY__ 0.03065552174558122	false	1.0
achtlos	neg 1.0		neg 0.4685606496356425 off 0.46653176313992734 __DUMMY__ 0.06490758722443028	false	1.0
ungeheuer	neg 1.0		neg 0.46920164209229426 off 0.4663954232040029 __DUMMY__ 0.06440293470370291	false	1.0
unaufrichtig	neg 1.0		off 0.47088818407897476 neg 0.46495089062912986 __DUMMY__ 0.06416092529189543	false	0.5
groggy	neg 1.0		off 0.4701967702622031 neg 0.4654703974443712 __DUMMY__ 0.06433283229342587	false	0.5
