unsolidarisch	neg 1.0		neg 0.3452666216989862 off 0.3430062069907385 __DUMMY__ 0.3117271713102753	false	1.0
nachteilig	neg 1.0		neg 0.34419704819906793 off 0.33997023491629724 __DUMMY__ 0.31583271688463493	false	1.0
skeptisch	neg 1.0		neg 0.34668231893834117 off 0.33787995816251615 __DUMMY__ 0.3154377228991428	false	1.0
schrecklich	neg 1.0		off 0.3523620587250018 neg 0.3387690452355925 __DUMMY__ 0.3088688960394057	false	0.5
schlapp	neg 1.0	neg 1.0	neg 0.658438935088542 off 0.1926717419909804 __DUMMY__ 0.14888932292047768	false	1.0
abfall	neg 1.0		neg 0.34592675318665683 off 0.33583506125588347 __DUMMY__ 0.31823818555745953	false	1.0
widerspenstig	neg 1.0		neg 0.34630034929852677 off 0.34127413075264257 __DUMMY__ 0.3124255199488306	false	1.0
abrupt	neg 1.0		neg 0.3491678501849736 off 0.3363708565432129 __DUMMY__ 0.3144612932718135	false	1.0
unwirksam	neg 1.0		neg 0.3497131783127644 off 0.34065994736886174 __DUMMY__ 0.309626874318374	false	1.0
angreifen	neg 1.0		neg 0.3467390445376187 off 0.337402133685611 __DUMMY__ 0.31585882177677044	false	1.0
inkonsistent	neg 1.0		off 0.34502194896691574 neg 0.34386368048578986 __DUMMY__ 0.3111143705472943	false	0.5
abrutschen	neg 1.0		neg 0.3473267804558237 off 0.3349367052917117 __DUMMY__ 0.31773651425246463	false	1.0
unsicher	neg 1.0		off 0.34317220475075594 neg 0.34286034078900185 __DUMMY__ 0.3139674544602422	false	0.5
bauernkind	off 1.0	off 1.0	off 0.6645384449871119 neg 0.1898610198830479 __DUMMY__ 0.1456005351298402	false	1.0
angreifer	neg 1.0		off 0.3480858453149599 neg 0.3388042909525251 __DUMMY__ 0.313109863732515	false	0.5
trennen	neg 1.0		neg 0.34580390353119067 off 0.3376363397471066 __DUMMY__ 0.31655975672170267	false	1.0
schmutz	neg 1.0		off 0.348793105001565 neg 0.3359979889029225 __DUMMY__ 0.3152089060955125	false	0.5
inkonsistenz	neg 1.0		off 0.34834477918146095 neg 0.34045851143108047 __DUMMY__ 0.31119670938745864	false	0.5
erschreckend	neg 1.0		neg 0.3442321546948109 off 0.34208932483465476 __DUMMY__ 0.3136785204705345	false	1.0
ertrinken	neg 1.0		neg 0.3490031315638747 off 0.33597980869132826 __DUMMY__ 0.3150170597447969	false	1.0
pickelface	off 1.0		neg 0.34417559365147965 off 0.34310879373223524 __DUMMY__ 0.3127156126162851	false	0.5
seiner			neg 0.34525458723174535 off 0.3383816703138508 __DUMMY__ 0.31636374245440374	false	0.0
lauch	neg 1.0	neg 1.0	neg 0.6632039396366786 off 0.18488585137007935 __DUMMY__ 0.15191020899324215	false	1.0
unwichtig	neg 1.0		off 0.3477932341541069 neg 0.3415077302879141 __DUMMY__ 0.3106990355579791	false	0.5
steuerhinterziehung	neg 1.0		neg 0.3457863496646433 off 0.3414830960654915 __DUMMY__ 0.3127305542698652	false	1.0
schock	neg 1.0		neg 0.34455139144560193 off 0.3411853320682807 __DUMMY__ 0.31426327648611724	false	1.0
beule	neg 1.0		off 0.3500915387622121 neg 0.3405802937641641 __DUMMY__ 0.30932816747362374	false	0.5
vergelten	neg 1.0		off 0.3542216396273196 neg 0.33639683185632396 __DUMMY__ 0.3093815285163565	false	0.5
verdorbenheit	neg 1.0		neg 0.3439459963501871 off 0.3436833119805743 __DUMMY__ 0.31237069166923864	false	1.0
trauma	neg 1.0		neg 0.3441162759310509 off 0.3438554083197236 __DUMMY__ 0.3120283157492254	false	1.0
sinnlos	neg 1.0		off 0.34488329712857707 neg 0.3427965942860555 __DUMMY__ 0.31232010858536735	false	0.5
fettsack	off 1.0	off 1.0	off 0.6657263944196278 neg 0.1884907684971165 __DUMMY__ 0.1457828370832558	false	1.0
feige	off 1.0	off 1.0	off 0.6626716071841922 neg 0.1891265079617782 __DUMMY__ 0.14820188485402963	false	1.0
abdanken	neg 1.0		neg 0.34387811729532075 off 0.34252764778459044 __DUMMY__ 0.3135942349200889	false	1.0
wichtigtuer	off 1.0	off 1.0	off 0.6613086672750658 neg 0.18900786650474893 __DUMMY__ 0.14968346622018538	false	1.0
misslingen	neg 1.0	neg 1.0	neg 0.6561334715082295 off 0.19198978829043198 __DUMMY__ 0.15187674020133846	false	1.0
untreu	off 1.0		off 0.3490806710931542 neg 0.340816881476044 __DUMMY__ 0.3101024474308019	false	1.0
missmutig	neg 1.0		off 0.3464324333038969 neg 0.3423422967837416 __DUMMY__ 0.3112252699123615	false	0.5
hurenbock	off 1.0		neg 0.34931513507217427 off 0.3406063438799189 __DUMMY__ 0.31007852104790695	false	0.5
betrunken	neg 1.0		off 0.35110453449868645 neg 0.3396765693711558 __DUMMY__ 0.3092188961301578	false	0.5
korrupt	off 1.0		neg 0.3467364565003458 off 0.3406868417702651 __DUMMY__ 0.31257670172938906	false	0.5
unmut	neg 1.0		neg 0.3476436653851207 off 0.3360401560016516 __DUMMY__ 0.3163161786132276	false	1.0
hackfresse	off 1.0		off 0.35709110709039327 neg 0.33629723404739065 __DUMMY__ 0.3066116588622161	false	1.0
aufblasen	neg 1.0		neg 0.34360806395450005 off 0.3432376967404078 __DUMMY__ 0.3131542393050921	false	1.0
gewaltsam	neg 1.0		neg 0.3441226735745704 off 0.3424226299413116 __DUMMY__ 0.31345469648411817	false	1.0
unbeliebtheit	neg 1.0		off 0.34932686129262425 neg 0.34040884945048894 __DUMMY__ 0.3102642892568869	false	0.5
sturheit	neg 1.0		off 0.3427867888693569 neg 0.34259836222972884 __DUMMY__ 0.3146148489009144	false	0.5
kuh	neg 1.0		neg 0.3510265479723167 off 0.34205876295164356 __DUMMY__ 0.30691468907603964	false	1.0
erschrecken	neg 1.0		off 0.347370558143222 neg 0.34094111223123874 __DUMMY__ 0.3116883296255394	false	0.5
opfer	neg 1.0		neg 0.34327799312142104 off 0.3404996629758277 __DUMMY__ 0.31622234390275145	false	1.0
sinken	neg 1.0		neg 0.3488388210782413 off 0.3359147675901454 __DUMMY__ 0.31524641133161324	false	1.0
stinktier	neg 1.0		off 0.3521853713384923 neg 0.34312916982627034 __DUMMY__ 0.3046854588352373	false	0.5
tucke	off 1.0		off 0.357068968064544 neg 0.33990665475067683 __DUMMY__ 0.303024377184779	false	1.0
ein			neg 0.3465945309597759 off 0.3409227739758779 __DUMMY__ 0.3124826950643462	false	0.0
abstieg	neg 1.0		off 0.34306471176080305 neg 0.3398763866269516 __DUMMY__ 0.3170589016122453	false	0.5
missverstehen	neg 1.0		off 0.3458079006333368 neg 0.3423423758446969 __DUMMY__ 0.3118497235219663	false	0.5
ergebnislos	neg 1.0		neg 0.3437155966186923 off 0.34008165580196725 __DUMMY__ 0.31620274757934036	false	1.0
unter			neg 0.34754514078285076 off 0.33183039064587894 __DUMMY__ 0.3206244685712704	false	0.0
manipulieren	neg 1.0		neg 0.3445778229257737 off 0.3391729122629942 __DUMMY__ 0.316249264811232	false	1.0
unbewiesen	neg 1.0	neg 1.0	neg 0.659685931873969 off 0.19026184995854353 __DUMMY__ 0.1500522181674875	false	1.0
verschleppen	neg 1.0		neg 0.34611905441625873 off 0.3397602012580375 __DUMMY__ 0.3141207443257038	false	1.0
weib	off 1.0		off 0.35824871662938373 neg 0.33743124201134644 __DUMMY__ 0.3043200413592699	false	1.0
opposition	neg 1.0		neg 0.34533584972576425 off 0.3435093074247598 __DUMMY__ 0.3111548428494759	false	1.0
verkehrswidrig	neg 1.0	neg 1.0	neg 0.6544104945382351 off 0.19677534678433065 __DUMMY__ 0.14881415867743425	false	1.0
inkorrekt	neg 1.0		off 0.35191808452324747 neg 0.33948142774146983 __DUMMY__ 0.30860048773528265	false	0.5
vermeiden	neg 1.0		neg 0.34752153041014816 off 0.33444995965291835 __DUMMY__ 0.31802850993693343	false	1.0
abweichung	neg 1.0	neg 1.0	neg 0.6587212307477744 off 0.18921985497207178 __DUMMY__ 0.15205891428015383	false	1.0
alkoholisiert	neg 1.0		neg 0.3433259919835429 off 0.3392360246852956 __DUMMY__ 0.31743798333116147	false	1.0
scheiss	off 1.0	off 1.0	off 0.6634293217695607 neg 0.18888774246682213 __DUMMY__ 0.14768293576361716	false	1.0
herausforderung	neg 1.0		neg 0.34377905616539467 off 0.34095505294513295 __DUMMY__ 0.3152658908894724	false	1.0
pervers	off 1.0		off 0.36114547259350455 neg 0.3351141291210333 __DUMMY__ 0.30374039828546207	false	1.0
wackelig	neg 1.0		neg 0.34384554746692453 off 0.3408266185632769 __DUMMY__ 0.3153278339697986	false	1.0
verwickeln	neg 1.0		off 0.3447152310337283 neg 0.34316719011897323 __DUMMY__ 0.31211757884729846	false	0.5
vorwand	neg 1.0		neg 0.3473013805893403 off 0.3368356123858794 __DUMMY__ 0.31586300702478026	false	1.0
muschi	off 1.0		neg 0.3438307390948413 off 0.34244123679494487 __DUMMY__ 0.3137280241102138	false	0.5
entmutigung	neg 1.0		neg 0.3446011764195008 off 0.34459244583194726 __DUMMY__ 0.31080637774855197	false	1.0
unangemessen	neg 1.0		neg 0.34358303430841747 off 0.342099687595425 __DUMMY__ 0.3143172780961575	false	1.0
unstetig	neg 1.0		off 0.34721517045112094 neg 0.3414028755575983 __DUMMY__ 0.3113819539912808	false	0.5
entmutigen	neg 1.0		off 0.3439971386371097 neg 0.3430103301088999 __DUMMY__ 0.3129925312539904	false	0.5
schwanz	neg 1.0		neg 0.3464486859459916 off 0.339614622644329 __DUMMY__ 0.31393669140967945	false	1.0
verbot	neg 1.0		neg 0.34692661538159203 off 0.3402987454949294 __DUMMY__ 0.31277463912347847	false	1.0
leid	neg 1.0		off 0.3537667839312373 neg 0.3385242750562315 __DUMMY__ 0.3077089410125312	false	0.5
archaisch	neg 1.0		neg 0.34571169827804277 off 0.34085783151292226 __DUMMY__ 0.313430470209035	false	1.0
gegen			neg 0.3449386722153218 off 0.33766384734901406 __DUMMY__ 0.31739748043566407	false	0.0
scheidung	neg 1.0		off 0.36739711240403916 neg 0.327153012178226 __DUMMY__ 0.3054498754177347	false	0.5
einschlag	neg 1.0		off 0.35404038605184296 neg 0.33565169239418574 __DUMMY__ 0.31030792155397124	false	0.5
m			neg 0.3446995684042402 off 0.34080423956366956 __DUMMY__ 0.31449619203209017	false	0.0
abgestanden	neg 1.0		neg 0.35118140951805266 off 0.33956535593964815 __DUMMY__ 0.30925323454229925	false	1.0
schmierig	off 1.0		off 0.3535228025090855 neg 0.33852692010630114 __DUMMY__ 0.3079502773846133	false	1.0
unpraktisch	neg 1.0		off 0.34481111642932377 neg 0.34203368364946846 __DUMMY__ 0.31315519992120777	false	0.5
wixxer	off 1.0		off 0.3607608475499335 neg 0.33655542080262646 __DUMMY__ 0.30268373164744	false	1.0
bezeichnet			off 0.34356887466064995 neg 0.34285103820029683 __DUMMY__ 0.3135800871390533	false	0.0
jammerlappen	off 1.0		off 0.34837453658678075 neg 0.3407354733447987 __DUMMY__ 0.31088999006842055	false	1.0
farce	neg 1.0		neg 0.3460803280638971 off 0.3419611827965867 __DUMMY__ 0.3119584891395161	false	1.0
zwecklos	neg 1.0		neg 0.3454804245367628 off 0.3404497251499883 __DUMMY__ 0.31406985031324886	false	1.0
turbulent	neg 1.0		off 0.3503443147638346 neg 0.34023318175079487 __DUMMY__ 0.30942250348537054	false	0.5
invasion	neg 1.0		off 0.34568060954635776 neg 0.3423259777795121 __DUMMY__ 0.3119934126741301	false	0.5
schuld	neg 1.0		off 0.34421485444270944 neg 0.3430514589129544 __DUMMY__ 0.3127336866443362	false	0.5
risiko	neg 1.0		neg 0.3455540685985061 off 0.34375273007726836 __DUMMY__ 0.3106932013242255	false	1.0
finster	neg 1.0		neg 0.34639604047311584 off 0.3414632887802719 __DUMMY__ 0.3121406707466123	false	1.0
geisteskrank	off 1.0		off 0.35072970675612464 neg 0.3399326356922003 __DUMMY__ 0.30933765755167514	false	1.0
zusammenbrechen	neg 1.0		neg 0.34548807090234684 off 0.34057357222268864 __DUMMY__ 0.31393835687496463	false	1.0
ausbeute	neg 1.0		off 0.34310893286614547 neg 0.34141649368165533 __DUMMY__ 0.3154745734521992	false	0.5
hinterhalt	neg 1.0		neg 0.3458313874145116 off 0.34084615449891636 __DUMMY__ 0.31332245808657216	false	1.0
kritik	neg 1.0		neg 0.34648513193246383 off 0.3415515417627806 __DUMMY__ 0.3119633263047556	false	1.0
einschrumpfen	neg 1.0		off 0.3469308022651043 neg 0.34418413219933475 __DUMMY__ 0.30888506553556083	false	0.5
riskant	neg 1.0		neg 0.34735255457067504 off 0.33772823920806977 __DUMMY__ 0.3149192062212552	false	1.0
frustrieren	neg 1.0		neg 0.34751793412835363 off 0.3383491435238778 __DUMMY__ 0.31413292234776863	false	1.0
groll	neg 1.0		neg 0.34373557109464037 off 0.34142864372920406 __DUMMY__ 0.3148357851761555	false	1.0
gibt			neg 0.3446306762144062 off 0.3406390588040272 __DUMMY__ 0.3147302649815667	false	0.0
qualvoll	neg 1.0		off 0.34503398837851157 neg 0.34278160305661887 __DUMMY__ 0.3121844085648697	false	0.5
wackeln	neg 1.0		neg 0.3436810869216332 off 0.3427474927491124 __DUMMY__ 0.31357142032925456	false	1.0
klagen	neg 1.0		neg 0.3479595536079007 off 0.3367095075204439 __DUMMY__ 0.31533093887165553	false	1.0
bankrott	neg 1.0		off 0.3483493999702267 neg 0.3398700115113553 __DUMMY__ 0.311780588518418	false	0.5
trauern	neg 1.0		neg 0.3420592727431149 off 0.340277822081053 __DUMMY__ 0.3176629051758323	false	1.0
ablehnung	neg 1.0		neg 0.3463045756508192 off 0.34115773420179013 __DUMMY__ 0.31253769014739086	false	1.0
stur	neg 1.0		neg 0.34396770701418583 off 0.3437877017532828 __DUMMY__ 0.3122445912325314	false	1.0
aufruhr	neg 1.0	neg 1.0	neg 0.6601862822775639 off 0.18956745656044532 __DUMMY__ 0.1502462611619907	false	1.0
melancholie	neg 1.0		neg 0.34903550830405033 off 0.3367299491019212 __DUMMY__ 0.31423454259402855	false	1.0
ist			off 0.34475598202966606 neg 0.34267260571346564 __DUMMY__ 0.31257141225686835	false	0.0
torheit	neg 1.0		off 0.3443501575246129 neg 0.34293945139645476 __DUMMY__ 0.3127103910789323	false	0.5
dreckskind	off 1.0		off 0.35775807136608884 neg 0.33680774198334884 __DUMMY__ 0.30543418665056227	false	1.0
umtauschen	neg 1.0		neg 0.3449448684848539 off 0.341857802629503 __DUMMY__ 0.31319732888564306	false	1.0
zum			neg 0.3422717636843946 off 0.33698966735479513 __DUMMY__ 0.3207385689608102	false	0.0
zersetzen	neg 1.0		neg 0.34802801251312554 off 0.33733766781114977 __DUMMY__ 0.3146343196757248	false	1.0
zur			neg 0.34695082739451544 off 0.3348356672041524 __DUMMY__ 0.31821350540133214	false	0.0
frust	neg 1.0		neg 0.34498917614121005 off 0.340622053179871 __DUMMY__ 0.314388770678919	false	1.0
unerbittlichkeit	neg 1.0		neg 0.3453638676966528 off 0.3391952699587073 __DUMMY__ 0.31544086234463986	false	1.0
zwei			neg 0.3467490526115075 off 0.33455323998578895 __DUMMY__ 0.31869770740270337	false	0.0
unkorrekt	neg 1.0		off 0.3503093251279186 neg 0.34089904026819373 __DUMMY__ 0.30879163460388764	false	0.5
hexe	off 1.0		off 0.3464047822659316 neg 0.34450434859688567 __DUMMY__ 0.30909086913718276	false	1.0
lasch	neg 1.0		off 0.3475286643623944 neg 0.34111153197213334 __DUMMY__ 0.3113598036654722	false	0.5
rivale	neg 1.0		off 0.35243850973349133 neg 0.3386547083666004 __DUMMY__ 0.3089067818999083	false	0.5
mutlos	off 1.0	off 1.0	off 0.6579895071516522 neg 0.1910111202210964 __DUMMY__ 0.1509993726272514	false	1.0
wirr	off 1.0		off 0.3527979414014279 neg 0.33891926211797313 __DUMMY__ 0.308282796480599	false	1.0
jahr			neg 0.3410279398055181 off 0.34054755096143025 __DUMMY__ 0.31842450923305166	false	0.0
wird			neg 0.34484136865455123 off 0.3401035191628308 __DUMMY__ 0.31505511218261795	false	0.0
strafbar	neg 1.0		neg 0.345670403796925 off 0.33898332494941036 __DUMMY__ 0.31534627125366477	false	1.0
erosion	neg 1.0		neg 0.3437259752870877 off 0.34309295294360775 __DUMMY__ 0.3131810717693046	false	1.0
eingehen	neg 1.0		neg 0.34727315053381547 off 0.3383405001892341 __DUMMY__ 0.31438634927695036	false	1.0
faul	off 1.0		off 0.34728660768032577 neg 0.3416833154009773 __DUMMY__ 0.3110300769186969	false	1.0
provisorium	neg 1.0		neg 0.34703005615726423 off 0.33212668054890343 __DUMMY__ 0.3208432632938324	false	1.0
schmerzen	neg 1.0		neg 0.34581153237405937 off 0.34102271683564134 __DUMMY__ 0.3131657507902993	false	1.0
schrumpfen	neg 1.0		neg 0.3505801120058196 off 0.3332300618952667 __DUMMY__ 0.31618982609891366	false	1.0
geistlos	off 1.0		off 0.3452234008303602 neg 0.3440771418874116 __DUMMY__ 0.31069945728222825	false	1.0
fehlkauf	neg 1.0		off 0.34483438581864345 neg 0.3441496600563404 __DUMMY__ 0.31101595412501626	false	0.5
frustrierend	neg 1.0		off 0.34696802561177104 neg 0.34163794156571897 __DUMMY__ 0.3113940328225101	false	0.5
unzufrieden	neg 1.0		neg 0.345347205308934 off 0.3403371446005991 __DUMMY__ 0.31431565009046686	false	1.0
verzweifeln	neg 1.0		neg 0.3438018699239479 off 0.34207018305600406 __DUMMY__ 0.31412794702004804	false	1.0
verzweifelt	neg 1.0		off 0.34424760846060104 neg 0.3431001827900348 __DUMMY__ 0.3126522087493643	false	0.5
misstrauensantrag	neg 1.0		off 0.3449530622013293 neg 0.3430624404003217 __DUMMY__ 0.311984497398349	false	0.5
abfallen	neg 1.0		neg 0.3444433811999029 off 0.3427006923826103 __DUMMY__ 0.3128559264174868	false	1.0
fucker	off 1.0		off 0.35211164376254994 neg 0.3383093971623907 __DUMMY__ 0.30957895907505933	false	1.0
ungezogen	neg 1.0		off 0.3590392024639658 neg 0.3357721506017281 __DUMMY__ 0.3051886469343059	false	0.5
irrsinnig	neg 1.0	neg 1.0	neg 0.6601872429975528 off 0.1899467508928034 __DUMMY__ 0.14986600610964373	false	1.0
unfassbar	neg 1.0		off 0.34943665748158226 neg 0.3399677358853676 __DUMMY__ 0.31059560663305	false	0.5
hart	neg 1.0		off 0.3468954421552927 neg 0.345953298212498 __DUMMY__ 0.3071512596322092	false	0.5
widerlich	off 1.0		off 0.3496515490696271 neg 0.34051914063732747 __DUMMY__ 0.3098293102930456	false	1.0
fatal	neg 1.0	neg 1.0	neg 0.6612829463489689 off 0.1902265966691558 __DUMMY__ 0.1484904569818753	false	1.0
bruch	neg 1.0		neg 0.34523355424568136 off 0.3369635550312203 __DUMMY__ 0.3178028907230983	false	1.0
aushungern	neg 1.0		neg 0.3470424639410021 off 0.34038589829872035 __DUMMY__ 0.3125716377602777	false	1.0
anspannung	neg 1.0		neg 0.34536320601203413 off 0.33529591645981494 __DUMMY__ 0.319340877528151	false	1.0
von			neg 0.3461252349106156 off 0.3375715545692368 __DUMMY__ 0.31630321052014765	false	0.0
kraftlos	neg 1.0		neg 0.3451027680049503 off 0.3400907703372609 __DUMMY__ 0.3148064616577889	false	1.0
vom			neg 0.3444975422688749 off 0.3336705709642776 __DUMMY__ 0.3218318867668474	false	0.0
grenzdebil	off 1.0		off 0.34918701033838634 neg 0.34109478213449196 __DUMMY__ 0.30971820752712154	false	1.0
vor			neg 0.34678955683947144 off 0.33638595872137994 __DUMMY__ 0.31682448443914857	false	0.0
unterwerfen	neg 1.0		neg 0.3453401834327177 off 0.33961212933344176 __DUMMY__ 0.3150476872338405	false	1.0
versenkung	neg 1.0		neg 0.3453399372216422 off 0.3391577046120845 __DUMMY__ 0.3155023581662732	false	1.0
entziehen	neg 1.0		neg 0.34733099547508717 off 0.3367441018540733 __DUMMY__ 0.3159249026708396	false	1.0
finanzkrise	neg 1.0		neg 0.35101397170178233 off 0.3393600776334592 __DUMMY__ 0.30962595066475845	false	1.0
schimpfend	neg 1.0		off 0.34434167211582223 neg 0.34197833659266624 __DUMMY__ 0.3136799912915116	false	0.5
profan	neg 1.0		off 0.3452713973947344 neg 0.34279577594919025 __DUMMY__ 0.31193282665607536	false	0.5
korruption	neg 1.0		neg 0.34725900968715623 off 0.339882060089208 __DUMMY__ 0.31285893022363587	false	1.0
â			neg 0.34602245202205667 off 0.33970472479288527 __DUMMY__ 0.3142728231850581	false	0.0
schmutzig	neg 1.0		off 0.3496986358752329 neg 0.3402475054605649 __DUMMY__ 0.3100538586642022	false	0.5
sexy	neg 1.0		off 0.3473178419011764 neg 0.3408894133157609 __DUMMY__ 0.3117927447830626	false	0.5
abraten	neg 1.0		off 0.3452027250509003 neg 0.34212580279007987 __DUMMY__ 0.31267147215901964	false	0.5
schwarz	neg 1.0		off 0.3452800806299311 neg 0.34256434752762643 __DUMMY__ 0.3121555718424424	false	0.5
fotze	off 1.0	off 1.0	off 0.658368291263558 neg 0.1908454621643555 __DUMMY__ 0.15078624657208653	false	1.0
verwirren	neg 1.0		off 0.34580776531617935 neg 0.3420587924590618 __DUMMY__ 0.31213344222475886	false	0.5
zahnlos	off 1.0		neg 0.3448078884498447 off 0.34133706126044155 __DUMMY__ 0.31385505028971367	false	0.5
verheeren	neg 1.0		off 0.3609884704585581 neg 0.33371695554988573 __DUMMY__ 0.305294573991556	false	0.5
hippie	neg 1.0		off 0.34664392038111164 neg 0.34179316542313076 __DUMMY__ 0.3115629141957577	false	0.5
rammen	neg 1.0		neg 0.3435704896976963 off 0.3434904738520991 __DUMMY__ 0.31293903645020454	false	1.0
unlauter	neg 1.0		off 0.34450110774431053 neg 0.3440818866108717 __DUMMY__ 0.31141700564481783	false	0.5
unheilvoll	neg 1.0		neg 0.34411187890345935 off 0.34371369199113677 __DUMMY__ 0.3121744291054039	false	1.0
niedrig	neg 1.0		neg 0.3480459736261777 off 0.33863793341066584 __DUMMY__ 0.3133160929631566	false	1.0
explosion	neg 1.0		off 0.34670005587394676 neg 0.34150339540656494 __DUMMY__ 0.3117965487194884	false	0.5
weichei	off 1.0	off 1.0	off 0.6658244298314315 neg 0.18763008048775806 __DUMMY__ 0.1465454896808104	false	1.0
minusmensch	off 1.0		off 0.3601023275277654 neg 0.33528485650865747 __DUMMY__ 0.30461281596357714	false	1.0
farblos	neg 1.0		neg 0.3453575186272154 off 0.3430989248373935 __DUMMY__ 0.311543556535391	false	1.0
unwissend	neg 1.0	neg 1.0	neg 0.659344496698765 off 0.19208312458521298 __DUMMY__ 0.1485723787160219	false	1.0
traurig	neg 1.0		off 0.35188844983611467 neg 0.3390785270956337 __DUMMY__ 0.3090330230682518	false	0.5
senkung	neg 1.0		neg 0.3465956967634777 off 0.3440288432517232 __DUMMY__ 0.30937545998479915	false	1.0
ungleich	neg 1.0	neg 1.0	neg 0.6611560130820342 off 0.18766939216142353 __DUMMY__ 0.15117459475654224	false	1.0
heikel	neg 1.0		neg 0.3463349202122438 off 0.3383632120054733 __DUMMY__ 0.3153018677822829	false	1.0
drosselung	neg 1.0		off 0.3476197674147946 neg 0.3448331655158938 __DUMMY__ 0.30754706706931145	false	0.5
falsch	neg 1.0		off 0.3474548692447538 neg 0.3409554293071258 __DUMMY__ 0.3115897014481205	false	0.5
unzufriedenheit	neg 1.0		neg 0.3484455658557999 off 0.337180568171497 __DUMMY__ 0.31437386597270306	false	1.0
kurz	neg 1.0		neg 0.3435236457160211 off 0.3413188332562139 __DUMMY__ 0.31515752102776506	false	1.0
unsinnig	neg 1.0		neg 0.3462512061914797 off 0.34108670844277045 __DUMMY__ 0.3126620853657499	false	1.0
penner	off 1.0	off 1.0	off 0.6671430979137875 neg 0.18648206098719017 __DUMMY__ 0.14637484109902238	false	1.0
seicht	neg 1.0		off 0.3570319048555891 neg 0.3387751371549275 __DUMMY__ 0.3041929579894833	false	0.5
dummheit	off 1.0	off 1.0	off 0.6609034609262856 neg 0.19009216719025537 __DUMMY__ 0.149004371883459	false	1.0
unerfreulich	neg 1.0		neg 0.3462076239122455 off 0.3381810576172871 __DUMMY__ 0.3156113184704674	false	1.0
motherfucker	off 1.0	off 1.0	off 0.664173054557404 neg 0.18766389631564562 __DUMMY__ 0.14816304912695036	false	1.0
pikiert	neg 1.0	neg 1.0	neg 0.6592423705282794 off 0.19234654255438358 __DUMMY__ 0.14841108691733707	false	1.0
wrack	neg 1.0		off 0.3438496286069657 neg 0.33846148220976247 __DUMMY__ 0.3176888891832718	false	0.5
gangster	neg 1.0		off 0.34681545452813367 neg 0.3417875960407088 __DUMMY__ 0.3113969494311575	false	0.5
krank	neg 1.0	neg 1.0	neg 0.6575955953316214 off 0.19350442613476734 __DUMMY__ 0.14889997853361128	false	1.0
reich	neg 1.0		off 0.34611641117249553 neg 0.34438916507223577 __DUMMY__ 0.3094944237552687	false	0.5
gnadenlos	neg 1.0		off 0.34435665521276776 neg 0.34231179656653404 __DUMMY__ 0.31333154822069825	false	0.5
niedergeschlagen	neg 1.0		neg 0.34414912995572855 off 0.34073530428742826 __DUMMY__ 0.31511556575684313	false	1.0
terrorisieren	off 1.0	off 1.0	off 0.6574542589553879 neg 0.19106371827316831 __DUMMY__ 0.1514820227714438	false	1.0
sinnlosigkeit	neg 1.0		neg 0.34472178272467324 off 0.34102771033481244 __DUMMY__ 0.3142505069405144	false	1.0
behindern	neg 1.0		neg 0.34524307308741664 off 0.3420708338433789 __DUMMY__ 0.3126860930692044	false	1.0
undemokratisch	neg 1.0		off 0.3449727728907276 neg 0.34347455029178503 __DUMMY__ 0.31155267681748755	false	0.5
wirtschaftskrise	neg 1.0		neg 0.3496764615761046 off 0.33846954388946904 __DUMMY__ 0.3118539945344264	false	1.0
neid	neg 1.0		off 0.34641944152816573 neg 0.34203138431405644 __DUMMY__ 0.311549174157778	false	0.5
rutschen	neg 1.0		neg 0.34730695731319583 off 0.33409916615178137 __DUMMY__ 0.31859387653502286	false	1.0
rezession	neg 1.0		off 0.34989675053502456 neg 0.3440445646421085 __DUMMY__ 0.30605868482286697	false	0.5
fehlgeburt	neg 1.0		off 0.3443204989789359 neg 0.341438467088269 __DUMMY__ 0.314241033932795	false	0.5
charakterschwach	off 1.0		off 0.3489525749611272 neg 0.34123349267582986 __DUMMY__ 0.30981393236304305	false	1.0
isolation	neg 1.0		off 0.3477033576313379 neg 0.34029342068699114 __DUMMY__ 0.31200322168167094	false	0.5
ablenkung	neg 1.0		off 0.3432020675794147 neg 0.3426052552799773 __DUMMY__ 0.31419267714060783	false	0.5
pech	neg 1.0		off 0.3475655114394688 neg 0.34117185227358354 __DUMMY__ 0.31126263628694767	false	0.5
vermeidung	neg 1.0		off 0.34896647914510515 neg 0.34165262280356595 __DUMMY__ 0.30938089805132873	false	0.5
dominieren	neg 1.0		neg 0.34325661020028714 off 0.3420250187637385 __DUMMY__ 0.31471837103597444	false	1.0
schwindlig	neg 1.0		off 0.344605571326955 neg 0.34354794509424424 __DUMMY__ 0.3118464835788007	false	0.5
lutscher	neg 1.0	neg 1.0	neg 0.6567032615293649 off 0.19840133562801873 __DUMMY__ 0.1448954028426165	false	1.0
pflicht	neg 1.0		neg 0.3455235070160771 off 0.3377055597653469 __DUMMY__ 0.3167709332185759	false	1.0
faschist	off 1.0		off 0.3470642561575162 neg 0.3414880799085483 __DUMMY__ 0.31144766393393547	false	1.0
verschleudern	neg 1.0		neg 0.35012286116767716 off 0.3372681786511677 __DUMMY__ 0.3126089601811551	false	1.0
wenn			off 0.34799167221193095 neg 0.34104558400071794 __DUMMY__ 0.31096274378735117	false	0.0
ehebruch	neg 1.0		neg 0.345604540935008 off 0.3399149382367977 __DUMMY__ 0.3144805208281942	false	1.0
spott	off 1.0		neg 0.34438524326092573 off 0.34036531606235776 __DUMMY__ 0.31524944067671656	false	0.5
trostlosigkeit	neg 1.0		neg 0.34957122526645434 off 0.3357520074497833 __DUMMY__ 0.3146767672837625	false	1.0
lutschen	neg 1.0		off 0.3470459017623062 neg 0.342225615861633 __DUMMY__ 0.3107284823760608	false	0.5
undiszipliniert	neg 1.0		off 0.35135866712506897 neg 0.3391131898000205 __DUMMY__ 0.3095281430749107	false	0.5
kopfschmerz	neg 1.0		neg 0.3486274518817284 off 0.3381606447624283 __DUMMY__ 0.31321190335584337	false	1.0
unvorhergesehen	neg 1.0		neg 0.34594270081138373 off 0.33763374432714094 __DUMMY__ 0.31642355486147533	false	1.0
desinteressiert	neg 1.0		off 0.35032195736316796 neg 0.3402650234647899 __DUMMY__ 0.3094130191720422	false	0.5
armselig	off 1.0		off 0.35293704513661567 neg 0.33836771192559145 __DUMMY__ 0.30869524293779277	false	1.0
desaster	neg 1.0		neg 0.3484418325652983 off 0.3358923470456306 __DUMMY__ 0.31566582038907115	false	1.0
tod	neg 1.0		neg 0.3445636609035693 off 0.33973935554076934 __DUMMY__ 0.3156969835556613	false	1.0
herzlos	neg 1.0		off 0.3522073564275078 neg 0.3390469373055087 __DUMMY__ 0.30874570626698356	false	0.5
unwissenheit	neg 1.0		neg 0.3456782262228382 off 0.34032311162153095 __DUMMY__ 0.31399866215563066	false	1.0
widersinnig	neg 1.0		neg 0.34678295303766754 off 0.34093864260033163 __DUMMY__ 0.31227840436200077	false	1.0
bedenklich	neg 1.0		neg 0.3468030480761125 off 0.3391383138915614 __DUMMY__ 0.31405863803232603	false	1.0
beanstanden	neg 1.0		neg 0.34487646347958234 off 0.33849201589150185 __DUMMY__ 0.31663152062891575	false	1.0
panisch	neg 1.0		off 0.3455818152458614 neg 0.34119730869598985 __DUMMY__ 0.3132208760581488	false	0.5
debil	off 1.0		neg 0.35040556354261104 off 0.33107622950441895 __DUMMY__ 0.31851820695297	false	0.5
abstrich	neg 1.0		neg 0.34752247053079377 off 0.34000666704520444 __DUMMY__ 0.3124708624240018	false	1.0
primitiv	neg 1.0		off 0.35076589187356894 neg 0.33954295260412226 __DUMMY__ 0.30969115552230875	false	0.5
abschaum	off 1.0	off 1.0	off 0.6632611315960429 neg 0.18757442360241328 __DUMMY__ 0.14916444480154376	false	1.0
provozieren	neg 1.0		neg 0.3438345160131333 off 0.34366568513737544 __DUMMY__ 0.31249979884949114	false	1.0
tot	neg 1.0		neg 0.3469730418487348 off 0.3398091041151509 __DUMMY__ 0.3132178540361143	false	1.0
instabil	neg 1.0		off 0.35310835876718344 neg 0.33860531383104403 __DUMMY__ 0.3082863274017725	false	0.5
schwuchtel	off 1.0	off 1.0	off 0.6710197597791712 neg 0.18499270575637117 __DUMMY__ 0.14398753446445764	false	1.0
zerren	neg 1.0		neg 0.34395390201954107 off 0.3407983583121802 __DUMMY__ 0.3152477396682788	false	1.0
kinderficker	off 1.0		off 0.35517487291029587 neg 0.33751714127043503 __DUMMY__ 0.30730798581926916	false	1.0
gefahr	neg 1.0		neg 0.34608926402901563 off 0.33776773192592074 __DUMMY__ 0.31614300404506385	false	1.0
rabiat	neg 1.0		neg 0.34554696053935674 off 0.3414663273988217 __DUMMY__ 0.3129867120618217	false	1.0
verlangsamung	neg 1.0		off 0.35680465444921133 neg 0.3369849034417029 __DUMMY__ 0.30621044210908577	false	0.5
ausgestorben	neg 1.0		neg 0.3440335550638884 off 0.3418578045795359 __DUMMY__ 0.3141086403565758	false	1.0
anklagen	neg 1.0		neg 0.34481621333217016 off 0.3412850567670892 __DUMMY__ 0.3138987299007406	false	1.0
trott	neg 1.0		neg 0.3439805843932386 off 0.3428159485922894 __DUMMY__ 0.31320346701447194	false	1.0
verminderung	neg 1.0		off 0.34933050498708645 neg 0.34100902491132706 __DUMMY__ 0.30966047010158637	false	0.5
nach			neg 0.3466309335185138 off 0.333456690973337 __DUMMY__ 0.3199123755081492	false	0.0
rost	neg 1.0		off 0.35980668785920117 neg 0.33266545657024643 __DUMMY__ 0.3075278555705523	false	0.5
destruktiv	neg 1.0		neg 0.3445665809284952 off 0.34250227109032594 __DUMMY__ 0.31293114798117877	false	1.0
unzumutbarkeit	neg 1.0		off 0.3496165973096395 neg 0.34020963411787375 __DUMMY__ 0.3101737685724868	false	0.5
labil	off 1.0	off 1.0	off 0.6623030681109981 neg 0.18894838640506886 __DUMMY__ 0.14874854548393296	false	1.0
ziemlich	neg 1.0		off 0.34938062024517785 neg 0.3396136881870877 __DUMMY__ 0.31100569156773433	false	0.5
lachnummer	off 1.0		off 0.3439488031503058 neg 0.3424404915681165 __DUMMY__ 0.31361070528157764	false	1.0
oder			off 0.3440948249099395 neg 0.3420211087997484 __DUMMY__ 0.3138840662903121	false	0.0
verfall	neg 1.0		neg 0.350928691566102 off 0.33316229107731987 __DUMMY__ 0.31590901735657806	false	1.0
ausgrenzung	neg 1.0		off 0.34470634623347063 neg 0.3439235813492175 __DUMMY__ 0.3113700724173119	false	0.5
unordnung	neg 1.0		off 0.35293782511920857 neg 0.33953774254434477 __DUMMY__ 0.30752443233644666	false	0.5
fehlverhalten	neg 1.0		neg 0.34585265649571123 off 0.338890314179669 __DUMMY__ 0.31525702932461963	false	1.0
eine			neg 0.3471259907945097 off 0.3366724485136811 __DUMMY__ 0.3162015606918092	false	0.0
nille	neg 1.0		neg 0.3436711750148156 off 0.34321248208082655 __DUMMY__ 0.31311634290435786	false	1.0
qual	neg 1.0		neg 0.34460427476641137 off 0.3422678700809484 __DUMMY__ 0.3131278551526402	false	1.0
verschwenden	neg 1.0		neg 0.3481105264187289 off 0.3376297058996987 __DUMMY__ 0.31425976768157227	false	1.0
riesig	neg 1.0		neg 0.34549430951743443 off 0.339218448822026 __DUMMY__ 0.3152872416605395	false	1.0
verurteilen	neg 1.0		neg 0.34538175871893906 off 0.34080533887840386 __DUMMY__ 0.31381290240265697	false	1.0
klischee	neg 1.0	neg 1.0	neg 0.6595298282754433 off 0.19159041755091105 __DUMMY__ 0.14887975417364568	false	1.0
diktatorisch	neg 1.0		off 0.34473072062668403 neg 0.344138966482118 __DUMMY__ 0.3111303128911979	false	0.5
vorhersehbar	neg 1.0		off 0.3455729721324888 neg 0.3434774842207932 __DUMMY__ 0.31094954364671795	false	0.5
sowie			off 0.353279722462378 neg 0.34049497264952766 __DUMMY__ 0.30622530488809435	false	0.0
stornieren	neg 1.0		off 0.3480819242194318 neg 0.33750147362022564 __DUMMY__ 0.31441660216034256	false	0.5
besteuerung	neg 1.0	neg 1.0	neg 0.6629672198732524 off 0.18869870255657203 __DUMMY__ 0.1483340775701756	false	1.0
ungeschminkt	neg 1.0		off 0.35034004726450785 neg 0.34055874828703175 __DUMMY__ 0.3091012044484604	false	0.5
kritisch	neg 1.0		neg 0.34491459498107435 off 0.34066191866979495 __DUMMY__ 0.3144234863491306	false	1.0
schlamperei	off 1.0		neg 0.34661556887345846 off 0.33885365793739913 __DUMMY__ 0.31453077318914247	false	0.5
sucht	neg 1.0	neg 1.0	neg 0.658923665891429 off 0.19069901152416618 __DUMMY__ 0.15037732258440473	false	1.0
egoistisch	off 1.0	off 1.0	off 0.6662855810282062 neg 0.18638581616335004 __DUMMY__ 0.14732860280844381	false	1.0
ausbeuter	off 1.0		neg 0.3487318015500822 off 0.337380913594509 __DUMMY__ 0.31388728485540884	false	0.5
arschgeburt	off 1.0		off 0.3636267871742832 neg 0.3344175821895012 __DUMMY__ 0.30195563063621567	false	1.0
schubs	neg 1.0		neg 0.34814355560342064 off 0.33858737158430685 __DUMMY__ 0.3132690728122725	false	1.0
unsolide	neg 1.0		off 0.3465005300425268 neg 0.3412001061784153 __DUMMY__ 0.31229936377905787	false	0.5
beschwerde	neg 1.0		neg 0.3445023417449002 off 0.3411002193748213 __DUMMY__ 0.3143974388802785	false	1.0
stocken	neg 1.0		neg 0.345543805632442 off 0.33977724166269146 __DUMMY__ 0.31467895270486657	false	1.0
isolieren	neg 1.0		neg 0.3462338941253996 off 0.3402839539198412 __DUMMY__ 0.31348215195475937	false	1.0
unheilbar	neg 1.0		off 0.34344937023008865 neg 0.3429309518939311 __DUMMY__ 0.3136196778759804	false	0.5
pisser	off 1.0	off 1.0	off 0.66455031633543 neg 0.1876863256109279 __DUMMY__ 0.14776335805364205	false	1.0
löschen	neg 1.0		neg 0.34452515340035605 off 0.34304554816913146 __DUMMY__ 0.3124292984305125	false	1.0
durchfallen	neg 1.0		neg 0.34480633003475436 off 0.3405578000783795 __DUMMY__ 0.3146358698868663	false	1.0
wichser	off 1.0	off 1.0	off 0.6690141137985823 neg 0.1854382054000671 __DUMMY__ 0.14554768080135055	false	1.0
terror	neg 1.0		off 0.3463430498813776 neg 0.3420802059013519 __DUMMY__ 0.3115767442172706	false	0.5
krass	neg 1.0		off 0.35388859454928856 neg 0.3383496447275937 __DUMMY__ 0.3077617607231177	false	0.5
revolte	neg 1.0		neg 0.3453470857827306 off 0.34527669867479704 __DUMMY__ 0.3093762155424723	false	1.0
besorgt	neg 1.0		neg 0.34245827376668303 off 0.3419251190089734 __DUMMY__ 0.3156166072243436	false	1.0
nachlassen	neg 1.0		neg 0.3440096342767708 off 0.3404530591939758 __DUMMY__ 0.31553730652925344	false	1.0
alt	neg 1.0		neg 0.3521114097257758 off 0.33646152605566454 __DUMMY__ 0.31142706421855976	false	1.0
hundesohn	off 1.0	off 1.0	off 0.6681923578681167 neg 0.18623185980425475 __DUMMY__ 0.1455757823276285	false	1.0
als			neg 0.3453503613961963 off 0.3406293404136589 __DUMMY__ 0.3140202981901449	false	0.0
abschreckung	neg 1.0		neg 0.34737815069358147 off 0.337540425747451 __DUMMY__ 0.3150814235589676	false	1.0
unqualifiziert	neg 1.0		off 0.34785947803774786 neg 0.34085920899646244 __DUMMY__ 0.3112813129657897	false	0.5
abgewichst	off 1.0		neg 0.3434692222142048 off 0.3428050548663736 __DUMMY__ 0.3137257229194215	false	0.5
schwer	neg 1.0		neg 0.34336044035666075 off 0.3426791350044063 __DUMMY__ 0.3139604246389331	false	1.0
bedeutungslosigkeit	neg 1.0		neg 0.3467273516348072 off 0.3382425520833609 __DUMMY__ 0.31503009628183193	false	1.0
kapitulation	neg 1.0		neg 0.3477886681932775 off 0.33911299562210817 __DUMMY__ 0.3130983361846143	false	1.0
unscharf	neg 1.0		neg 0.34640633279385086 off 0.3435546904978418 __DUMMY__ 0.3100389767083073	false	1.0
schwinden	neg 1.0		neg 0.34780678125818926 off 0.3378245403558606 __DUMMY__ 0.31436867838595006	false	1.0
versklavung	neg 1.0	neg 1.0	neg 0.6612378740322906 off 0.18981351232865193 __DUMMY__ 0.14894861363905748	false	1.0
schlecht	neg 1.0		off 0.3496242579859114 neg 0.3392729415833954 __DUMMY__ 0.31110280043069316	false	0.5
verhasst	neg 1.0		off 0.34413808873148544 neg 0.3439677898871374 __DUMMY__ 0.31189412138137723	false	0.5
beschweren	neg 1.0		off 0.34545236056176265 neg 0.3415749812373515 __DUMMY__ 0.3129726582008857	false	0.5
scheiden	neg 1.0		neg 0.3432602637990233 off 0.34324664986405895 __DUMMY__ 0.31349308633691775	false	1.0
frustriert	neg 1.0		neg 0.3440151375193073 off 0.34172747008425747 __DUMMY__ 0.31425739239643513	false	1.0
schimmelig	neg 1.0		neg 0.34947835152614665 off 0.3380636916672212 __DUMMY__ 0.312457956806632	false	1.0
fisch	neg 1.0		neg 0.35265526158247257 off 0.3341113047203806 __DUMMY__ 0.31323343369714673	false	1.0
schmuggel	neg 1.0		neg 0.3459622075430273 off 0.3373112442386919 __DUMMY__ 0.31672654821828083	false	1.0
auffallen	neg 1.0		off 0.34562087242347556 neg 0.3420290947930844 __DUMMY__ 0.31235003278344003	false	0.5
konkurrenz	neg 1.0		neg 0.3442847383146736 off 0.3390178826853938 __DUMMY__ 0.3166973789999327	false	1.0
teufelskreis	neg 1.0	neg 1.0	neg 0.6618190225119818 off 0.18844481249987197 __DUMMY__ 0.14973616498814632	false	1.0
aufschreien	neg 1.0		off 0.34546211113471254 neg 0.3434424285499951 __DUMMY__ 0.3110954603152925	false	0.5
schuldner	neg 1.0		neg 0.3502526210419577 off 0.3365415770324542 __DUMMY__ 0.3132058019255881	false	1.0
missgeburt	off 1.0	off 1.0	off 0.6678066834864592 neg 0.18550431694459427 __DUMMY__ 0.1466889995689465	false	1.0
arbeitslos	neg 1.0		neg 0.3457736722039815 off 0.34001087216093945 __DUMMY__ 0.31421545563507913	false	1.0
befallen	neg 1.0		neg 0.34993198919895646 off 0.33931731534165 __DUMMY__ 0.31075069545939354	false	1.0
miesepetrig	off 1.0	off 1.0	off 0.6624447185589788 neg 0.18866063271416114 __DUMMY__ 0.14889464872686003	false	1.0
alarmieren	neg 1.0		off 0.34797469680910326 neg 0.3412568361254648 __DUMMY__ 0.310768467065432	false	0.5
ungeduscht	off 1.0		off 0.34695860077035895 neg 0.3428334344813507 __DUMMY__ 0.31020796474829043	false	1.0
knappheit	neg 1.0		neg 0.3484923856210894 off 0.33910715302921574 __DUMMY__ 0.31240046134969496	false	1.0
schlange	neg 1.0		off 0.3437986190776097 neg 0.3424853919142461 __DUMMY__ 0.31371598900814424	false	0.5
harsch	neg 1.0		off 0.3543497980443425 neg 0.33622055776370074 __DUMMY__ 0.3094296441919568	false	0.5
lang	neg 1.0		off 0.3443431901106085 neg 0.34306347145173616 __DUMMY__ 0.3125933384376554	false	0.5
ziellos	neg 1.0		neg 0.3448436642939761 off 0.3392194199462579 __DUMMY__ 0.31593691575976607	false	1.0
selbstverliebt	neg 1.0		off 0.3618317437075148 neg 0.33336315449698617 __DUMMY__ 0.30480510179549913	false	0.5
beseitigen	neg 1.0		off 0.3433298523115419 neg 0.342684984600198 __DUMMY__ 0.3139851630882602	false	0.5
dumm	off 1.0		off 0.35598015832448526 neg 0.3372921041199448 __DUMMY__ 0.30672773755557	false	1.0
arbeitsloser	neg 1.0		off 0.3427248526460889 neg 0.34015689908308916 __DUMMY__ 0.31711824827082197	false	0.5
blitzen	neg 1.0		off 0.34661173094773834 neg 0.3427859480027807 __DUMMY__ 0.31060232104948093	false	0.5
hilflos	neg 1.0		neg 0.34565289042763664 off 0.3401618755254399 __DUMMY__ 0.3141852340469234	false	1.0
eklig	off 1.0		off 0.3556402259125102 neg 0.33884951495475635 __DUMMY__ 0.30551025913273355	false	1.0
begriff			neg 0.343255988800081 off 0.342892360601455 __DUMMY__ 0.3138516505984639	false	0.0
hungersnot	neg 1.0		neg 0.347832427208452 off 0.33943919596451777 __DUMMY__ 0.3127283768270303	false	1.0
ungesetzlich	neg 1.0		off 0.3454393187579551 neg 0.3426836712483487 __DUMMY__ 0.31187700999369633	false	0.5
verschwendung	neg 1.0		neg 0.3469710338552871 off 0.3381073859613012 __DUMMY__ 0.3149215801834117	false	1.0
schmerzvoll	neg 1.0		off 0.34402891662558177 neg 0.3439990753148894 __DUMMY__ 0.3119720080595289	false	0.5
vorzeitig	neg 1.0		off 0.3500473690924685 neg 0.33753782321888776 __DUMMY__ 0.3124148076886439	false	0.5
unvollkommenheit	neg 1.0		neg 0.34497515420912894 off 0.3412055992716726 __DUMMY__ 0.3138192465191985	false	1.0
intervenieren	neg 1.0		neg 0.34911259430661656 off 0.3376707011915303 __DUMMY__ 0.3132167045018531	false	1.0
banause	off 1.0		off 0.3562104962052195 neg 0.3402747370325477 __DUMMY__ 0.30351476676223277	false	1.0
rebell	neg 1.0		neg 0.3526075249025019 off 0.3326928602822328 __DUMMY__ 0.3146996148152652	false	1.0
unlogisch	neg 1.0		off 0.3511509337941076 neg 0.340381893997762 __DUMMY__ 0.30846717220813047	false	0.5
leiden	neg 1.0		neg 0.34450046318690297 off 0.3383147316358303 __DUMMY__ 0.31718480517726666	false	1.0
abschaffung	neg 1.0		neg 0.34527179754909587 off 0.3432463859017684 __DUMMY__ 0.3114818165491356	false	1.0
sturz	neg 1.0		off 0.3467531914966664 neg 0.3391163857942719 __DUMMY__ 0.3141304227090618	false	0.5
verkleinerung	neg 1.0		neg 0.3460248232031814 off 0.3453532913504454 __DUMMY__ 0.30862188544637326	false	1.0
schmarotzer	off 1.0		neg 0.3450270602464104 off 0.34111289660601884 __DUMMY__ 0.3138600431475707	false	0.5
bestrafung	neg 1.0	neg 1.0	neg 0.659779976243868 off 0.18995501435450415 __DUMMY__ 0.15026500940162785	false	1.0
achtlos	neg 1.0		neg 0.34305393991607525 off 0.3421967087314031 __DUMMY__ 0.31474935135252163	false	1.0
ungeheuer	neg 1.0		neg 0.34461386302443586 off 0.3429573405923774 __DUMMY__ 0.31242879638318677	false	1.0
unaufrichtig	neg 1.0		off 0.3477670814066923 neg 0.34094774385867965 __DUMMY__ 0.3112851747346279	false	0.5
groggy	neg 1.0		off 0.3467991314224123 neg 0.34114626667871933 __DUMMY__ 0.31205460189886847	false	0.5
verletzlich	neg 1.0		off 0.3470448112122222 neg 0.3442495759470285 __DUMMY__ 0.3087056128407494	false	0.5
