unsolidarisch	neg 1.0		__DUMMY__ 0.44613059479046785 neg 0.27775442235302894 off 0.27611498285650327	false	1.0
nachteilig	neg 1.0		__DUMMY__ 0.45184504794883085 neg 0.2758540108605708 off 0.2723009411905984	false	1.0
skeptisch	neg 1.0		__DUMMY__ 0.45126975106018347 neg 0.27836304521540345 off 0.2703672037244131	false	1.0
schrecklich	neg 1.0		__DUMMY__ 0.4421857327412692 off 0.28572270938184025 neg 0.27209155787689054	false	0.5
schlapp	neg 1.0	neg 1.0	neg 0.625508292609241 __DUMMY__ 0.21452103649827525 off 0.15997067089248374	false	1.0
abfall	neg 1.0		__DUMMY__ 0.45517735083895106 neg 0.27701503093392077 off 0.2678076182271281	false	1.0
widerspenstig	neg 1.0		__DUMMY__ 0.44712568524918556 neg 0.27864699676347293 off 0.2742273179873417	false	1.0
abrupt	neg 1.0		__DUMMY__ 0.44997333370757864 neg 0.2809734528711722 off 0.2690532134212493	false	1.0
unwirksam	neg 1.0		__DUMMY__ 0.4432422910729498 neg 0.2825335528212162 off 0.2742241561058339	false	1.0
angreifen	neg 1.0		__DUMMY__ 0.45185021625126026 neg 0.27832443250143707 off 0.2698253512473028	false	1.0
inkonsistent	neg 1.0		__DUMMY__ 0.44532833973614677 off 0.2781230582451457 neg 0.27654860201870746	false	0.5
abrutschen	neg 1.0		__DUMMY__ 0.45446494507596524 neg 0.278497752393714 off 0.2670373025303207	false	1.0
unsicher	neg 1.0		__DUMMY__ 0.44923650806218063 off 0.27579080310280163 neg 0.2749726888350178	false	0.5
bauernkind	off 1.0	off 1.0	off 0.6325132413349155 __DUMMY__ 0.20984017843808617 neg 0.1576465802269983	false	1.0
angreifer	neg 1.0		__DUMMY__ 0.4480854780330436 off 0.28073272737644644 neg 0.27118179459051006	false	0.5
trennen	neg 1.0		__DUMMY__ 0.45283992987748617 neg 0.2772822323015779 off 0.2698778378209359	false	1.0
schmutz	neg 1.0		__DUMMY__ 0.45104963253931474 off 0.28094901968564595 neg 0.26800134777503926	false	0.5
inkonsistenz	neg 1.0		__DUMMY__ 0.445416330629088 off 0.2813674802875601 neg 0.273216189083352	false	0.5
erschreckend	neg 1.0		__DUMMY__ 0.44882605630619454 neg 0.27636152450605495 off 0.27481241918775046	false	1.0
ertrinken	neg 1.0		__DUMMY__ 0.45069792111667256 neg 0.2807049626311315 off 0.2685971162521958	false	1.0
pickelface	off 1.0		__DUMMY__ 0.44751897397374807 neg 0.27650604056374933 off 0.27597498546250265	false	0.5
seiner			__DUMMY__ 0.4525573972792147 neg 0.2767863844438123 off 0.2706562182769729	false	0.0
lauch	neg 1.0	neg 1.0	neg 0.6295919903787057 __DUMMY__ 0.21882155570313408 off 0.15158645391816017	false	1.0
unwichtig	neg 1.0		__DUMMY__ 0.4447069572119733 off 0.2809331712289321 neg 0.27435987155909464	false	0.5
steuerhinterziehung	neg 1.0		__DUMMY__ 0.4475424918817984 neg 0.27803770604620026 off 0.2744198020720014	false	1.0
schock	neg 1.0		__DUMMY__ 0.449657516623425 neg 0.2765535164402058 off 0.2737889669363691	false	1.0
beule	neg 1.0		__DUMMY__ 0.4428523457291302 off 0.2833972981432249 neg 0.27375035612764487	false	0.5
vergelten	neg 1.0		__DUMMY__ 0.44293352037134254 off 0.2874368252178185 neg 0.2696296544108389	false	0.5
verdorbenheit	neg 1.0		__DUMMY__ 0.44706076989401966 off 0.2765612183991622 neg 0.2763780117068181	false	0.5
trauma	neg 1.0		__DUMMY__ 0.44654249417922115 off 0.27684572313653677 neg 0.276611782684242	false	0.5
sinnlos	neg 1.0		__DUMMY__ 0.4469508591736823 off 0.2777861827536012 neg 0.27526295807271656	false	0.5
fettsack	off 1.0	off 1.0	off 0.633670406895197 __DUMMY__ 0.21009289981356433 neg 0.15623669329123874	false	1.0
feige	off 1.0	off 1.0	off 0.6301447590263315 __DUMMY__ 0.21352056937801614 neg 0.15633467159565245	false	1.0
abdanken	neg 1.0		__DUMMY__ 0.448733314469453 neg 0.2760017648232925 off 0.27526492070725456	false	1.0
wichtigtuer	off 1.0	off 1.0	off 0.6284738901824612 __DUMMY__ 0.21563433953896569 neg 0.15589177027857312	false	1.0
misslingen	neg 1.0	neg 1.0	neg 0.6225371728832259 __DUMMY__ 0.21878813028199262 off 0.15867469683478153	false	1.0
untreu	off 1.0		__DUMMY__ 0.44388051939310685 off 0.28230319386748415 neg 0.273816286739409	false	1.0
missmutig	neg 1.0		__DUMMY__ 0.4454568630553051 off 0.2794912402569461 neg 0.2750518966877487	false	0.5
hurenbock	off 1.0		__DUMMY__ 0.44390732719780907 neg 0.2820545068041048 off 0.27403816599808595	false	0.5
betrunken	neg 1.0		__DUMMY__ 0.44267844364780534 off 0.2844206083082545 neg 0.27290094804394005	false	0.5
korrupt	off 1.0		__DUMMY__ 0.4473063527469403 neg 0.27900173020030644 off 0.2736919170527531	false	0.5
unmut	neg 1.0		__DUMMY__ 0.4524891048817286 neg 0.27909738715178867 off 0.2684135079664827	false	1.0
hackfresse	off 1.0		__DUMMY__ 0.4390624911293576 off 0.2907655335568511 neg 0.2701719753137913	false	1.0
aufblasen	neg 1.0		__DUMMY__ 0.44812984551122653 off 0.27599419814596476 neg 0.2758759563428088	false	0.5
gewaltsam	neg 1.0		__DUMMY__ 0.44856051260624746 neg 0.27627736261359137 off 0.27516212478016105	false	1.0
unbeliebtheit	neg 1.0		__DUMMY__ 0.4441493824279532 off 0.28251528191498193 neg 0.2733353356570648	false	0.5
sturheit	neg 1.0		__DUMMY__ 0.4501349640195517 off 0.2753074312196283 neg 0.27455760476081986	false	0.5
kuh	neg 1.0		__DUMMY__ 0.43950680443760726 neg 0.28440460419802094 off 0.2760885913643718	false	1.0
erschrecken	neg 1.0		__DUMMY__ 0.4460859275901015 off 0.2803165784877651 neg 0.27359749392213334	false	0.5
opfer	neg 1.0		__DUMMY__ 0.4523696195593758 neg 0.2748834938470785 off 0.2727468865935457	false	1.0
sinken	neg 1.0		__DUMMY__ 0.45103851115575416 neg 0.280470739112272 off 0.268490749731974	false	1.0
stinktier	neg 1.0		__DUMMY__ 0.43639439485505493 off 0.28639922834693604 neg 0.277206376798009	false	0.5
tucke	off 1.0		__DUMMY__ 0.43410800224747087 off 0.2914591365490801 neg 0.27443286120344906	false	1.0
ein			__DUMMY__ 0.4472099318109081 neg 0.2789188169036896 off 0.27387125128540224	false	0.0
abstieg	neg 1.0		__DUMMY__ 0.45356580175172684 off 0.27505754614640054 neg 0.27137665210187256	false	0.5
missverstehen	neg 1.0		__DUMMY__ 0.4463003906406536 off 0.27878242015506194 neg 0.2749171892042844	false	0.5
ergebnislos	neg 1.0		__DUMMY__ 0.45236348977249485 neg 0.2752926694573927 off 0.27234384077011253	false	1.0
unter			__DUMMY__ 0.4584867261466579 neg 0.27809874585785826 off 0.2634145279954839	false	0.0
manipulieren	neg 1.0		__DUMMY__ 0.4524111001170211 neg 0.2761246110767326 off 0.2714642888062463	false	1.0
unbewiesen	neg 1.0	neg 1.0	neg 0.6264688334592746 __DUMMY__ 0.21616033340893043 off 0.15737083313179495	false	1.0
verschleppen	neg 1.0		__DUMMY__ 0.44947446174258043 neg 0.27806012695299165 off 0.2724654113044279	false	1.0
weib	off 1.0		__DUMMY__ 0.4358882440989602 off 0.2923634044593804 neg 0.27174835144165943	false	1.0
opposition	neg 1.0		__DUMMY__ 0.44536794347395686 neg 0.27796873994592 off 0.2766633165801233	false	1.0
verkehrswidrig	neg 1.0	neg 1.0	neg 0.6214960681626714 __DUMMY__ 0.21443102877678313 off 0.1640729030605454	false	1.0
inkorrekt	neg 1.0		__DUMMY__ 0.44180883292162865 off 0.28537575163963275 neg 0.27281541543873855	false	0.5
vermeiden	neg 1.0		__DUMMY__ 0.4548961085102611 neg 0.27861673870435627 off 0.26648715278538265	false	1.0
abweichung	neg 1.0	neg 1.0	neg 0.625073054464146 __DUMMY__ 0.21903367826731016 off 0.15589326726854386	false	1.0
alkoholisiert	neg 1.0		__DUMMY__ 0.45414254503595064 neg 0.27467662787561625 off 0.271180827088433	false	1.0
scheiss	off 1.0	off 1.0	off 0.6309645142697826 __DUMMY__ 0.2128083806759525 neg 0.1562271050542647	false	1.0
herausforderung	neg 1.0		__DUMMY__ 0.4510683756491338 neg 0.2755586869178058 off 0.2733729374330603	false	1.0
pervers	off 1.0		__DUMMY__ 0.43508489754543794 off 0.2952876016952755 neg 0.26962750075928654	false	1.0
wackelig	neg 1.0		__DUMMY__ 0.45115165407043356 neg 0.2756464733103708 off 0.2732018726191956	false	1.0
verwickeln	neg 1.0		__DUMMY__ 0.44666791761353 off 0.27767046343653295 neg 0.2756616189499371	false	0.5
vorwand	neg 1.0		__DUMMY__ 0.45186180378527735 neg 0.2788683250653252 off 0.2692698711493973	false	1.0
muschi	off 1.0		__DUMMY__ 0.4489228533466737 neg 0.27595662891886136 off 0.2751205177344649	false	0.5
entmutigung	neg 1.0		__DUMMY__ 0.4448728717770959 off 0.27783512344395317 neg 0.2772920047789509	false	0.5
unangemessen	neg 1.0		__DUMMY__ 0.4497193513058026 neg 0.27558596843967925 off 0.27469468025451826	false	1.0
unstetig	neg 1.0		__DUMMY__ 0.4457202202489515 off 0.2801977776720103 neg 0.2740820020790381	false	0.5
entmutigen	neg 1.0		__DUMMY__ 0.44789812906837306 off 0.27678206646532666 neg 0.2753198044663002	false	0.5
schwanz	neg 1.0		__DUMMY__ 0.44922803412283563 neg 0.2784584249731583 off 0.2723135409040061	false	1.0
verbot	neg 1.0		__DUMMY__ 0.44758910364926385 neg 0.27913549258417086 off 0.27327540376656523	false	1.0
leid	neg 1.0		__DUMMY__ 0.4405843583983509 off 0.2873088985321127 neg 0.2721067430695363	false	0.5
archaisch	neg 1.0		__DUMMY__ 0.4484979516237104 neg 0.27784054133765823 off 0.2736615070386315	false	1.0
gegen			__DUMMY__ 0.4540003483885644 neg 0.276228703923305 off 0.2697709476881304	false	0.0
scheidung	neg 1.0		__DUMMY__ 0.43749632951908823 off 0.30102661741053915 neg 0.2614770530703726	false	0.5
einschlag	neg 1.0		__DUMMY__ 0.44420947982290243 off 0.2870514760639927 neg 0.2687390441131049	false	0.5
m			__DUMMY__ 0.44997198718408715 neg 0.2766591853118575 off 0.27336882750405533	false	0.0
abgestanden	neg 1.0		__DUMMY__ 0.4427567707244181 neg 0.28407085965030887 off 0.2731723696252729	false	1.0
schmierig	off 1.0		__DUMMY__ 0.4409176698260519 off 0.28703209280961717 neg 0.27205023736433104	false	1.0
unpraktisch	neg 1.0		__DUMMY__ 0.44814286013167587 off 0.27750500553220053 neg 0.27435213433612354	false	0.5
wixxer	off 1.0		__DUMMY__ 0.43361617100172684 off 0.2951335946605322 neg 0.2712502343377409	false	1.0
bezeichnet			__DUMMY__ 0.4486959474482601 off 0.27626546613736336 neg 0.2750385864143767	false	0.0
jammerlappen	off 1.0		__DUMMY__ 0.44497110336339685 off 0.2814622374772108 neg 0.2735666591593923	false	1.0
farce	neg 1.0		__DUMMY__ 0.44645931435664354 neg 0.2784908676536364 off 0.2750498179897201	false	1.0
zwecklos	neg 1.0		__DUMMY__ 0.44936971308712087 neg 0.2774865887847891 off 0.27314369812809003	false	1.0
turbulent	neg 1.0		__DUMMY__ 0.4430083124514849 off 0.2836378824878208 neg 0.27335380506069423	false	0.5
invasion	neg 1.0		__DUMMY__ 0.44650239609640524 off 0.2786164085868295 neg 0.27488119531676525	false	0.5
schuld	neg 1.0		__DUMMY__ 0.4475179420477878 off 0.27706336354694916 neg 0.27541869440526295	false	0.5
risiko	neg 1.0		__DUMMY__ 0.4447365710915942 neg 0.27824259290973424 off 0.2770208359986716	false	1.0
finster	neg 1.0		__DUMMY__ 0.4467570352697454 neg 0.27880745833646353 off 0.27443550639379105	false	1.0
geisteskrank	off 1.0		__DUMMY__ 0.4428148989746749 off 0.2840719082321326 neg 0.2731131927931925	false	1.0
zusammenbrechen	neg 1.0		__DUMMY__ 0.4491880251436492 neg 0.27752789898771785 off 0.273284075868633	false	1.0
ausbeute	neg 1.0		__DUMMY__ 0.45138689265459386 off 0.275378328081293 neg 0.2732347792641131	false	0.5
hinterhalt	neg 1.0		__DUMMY__ 0.44840912080459006 neg 0.2779662381729529 off 0.27362464102245704	false	1.0
kritik	neg 1.0		__DUMMY__ 0.4464616828536447 neg 0.278883143615608 off 0.27465517353074737	false	1.0
einschrumpfen	neg 1.0		__DUMMY__ 0.4422018763646304 off 0.28046727391953546 neg 0.27733084971583416	false	0.5
riskant	neg 1.0		__DUMMY__ 0.4505455833561927 neg 0.2791279619301632 off 0.270326454713644	false	1.0
frustrieren	neg 1.0		__DUMMY__ 0.4494548044837725 neg 0.2794550402929266 off 0.2710901552233008	false	1.0
groll	neg 1.0		__DUMMY__ 0.4504419154491733 neg 0.27562242283426197 off 0.2739356617165648	false	1.0
gibt			__DUMMY__ 0.45028612620892966 neg 0.2765248233056145 off 0.27318905048545583	false	0.0
qualvoll	neg 1.0		__DUMMY__ 0.4467888302756407 off 0.2779375739668872 neg 0.2752735957574721	false	0.5
wackeln	neg 1.0		__DUMMY__ 0.44870356870784517 neg 0.27585471110110604 off 0.2754417201910489	false	1.0
klagen	neg 1.0		__DUMMY__ 0.4511315896582606 neg 0.27960435288905616 off 0.26926405745268317	false	1.0
bankrott	neg 1.0		__DUMMY__ 0.4462275967738272 off 0.28122458297452974 neg 0.2725478202516431	false	0.5
trauern	neg 1.0		__DUMMY__ 0.45439160822897734 neg 0.27338577057498253 off 0.2722226211960402	false	1.0
ablehnung	neg 1.0		__DUMMY__ 0.4472563483029638 neg 0.27858487988589237 off 0.27415877181114395	false	1.0
stur	neg 1.0		__DUMMY__ 0.4468413103485401 off 0.27674398971008735 neg 0.27641469994137263	false	0.5
aufruhr	neg 1.0	neg 1.0	neg 0.6269293145231477 __DUMMY__ 0.21644640488612205 off 0.15662428059073027	false	1.0
melancholie	neg 1.0		__DUMMY__ 0.44964671261698796 neg 0.2809134496095627 off 0.2694398377734495	false	1.0
ist			__DUMMY__ 0.4473004328663744 off 0.27760856328630784 neg 0.2750910038473176	false	0.0
torheit	neg 1.0		__DUMMY__ 0.4475123289294395 off 0.2772022352373233 neg 0.27528543583323717	false	0.5
dreckskind	off 1.0		__DUMMY__ 0.43742945389524474 off 0.2916615669421323 neg 0.27090897916262285	false	1.0
umtauschen	neg 1.0		__DUMMY__ 0.4482103273496063 neg 0.2771760270218552 off 0.2746136456285385	false	1.0
zum			__DUMMY__ 0.45866545827558536 neg 0.27295247677365697 off 0.2683820649507577	false	0.0
zersetzen	neg 1.0		__DUMMY__ 0.4501569750346363 neg 0.27983202648492883 off 0.2700109984804348	false	1.0
zur			__DUMMY__ 0.45513730019751314 neg 0.27802074212054606 off 0.2668419576819407	false	0.0
frust	neg 1.0		__DUMMY__ 0.4498117939730117 neg 0.2769444924308683 off 0.2732437135961199	false	1.0
unerbittlichkeit	neg 1.0		__DUMMY__ 0.45128151048684917 neg 0.27707046910341715 off 0.2716480204097336	false	1.0
zwei			__DUMMY__ 0.45582124510897326 neg 0.2777486726337733 off 0.26643008225725356	false	0.0
unkorrekt	neg 1.0		__DUMMY__ 0.44209110218957864 off 0.28374852749784774 neg 0.2741603703125736	false	0.5
hexe	off 1.0		__DUMMY__ 0.4425283122717999 off 0.2798700597392247 neg 0.2776016279889754	false	1.0
lasch	neg 1.0		__DUMMY__ 0.4456274253819163 off 0.2805537767803001 neg 0.2738187978377836	false	0.5
rivale	neg 1.0		__DUMMY__ 0.44226423215226873 off 0.2857808534004086 neg 0.27195491444732267	false	0.5
mutlos	off 1.0	off 1.0	off 0.6249023438440343 __DUMMY__ 0.2175063221289328 neg 0.15759133402703282	false	1.0
wirr	off 1.0		__DUMMY__ 0.4413957198991624 off 0.2862623852294034 neg 0.27234189487143423	false	1.0
jahr			__DUMMY__ 0.4554684238404401 off 0.27230059389496564 neg 0.27223098226459425	false	0.0
wird			__DUMMY__ 0.4507408422308522 neg 0.27666745353163347 off 0.2725917042375144	false	0.0
strafbar	neg 1.0		__DUMMY__ 0.45115339795423215 neg 0.2773860197443483 off 0.2714605823014197	false	1.0
erosion	neg 1.0		__DUMMY__ 0.4481542846018589 neg 0.27599411193008344 off 0.27585160346805765	false	1.0
eingehen	neg 1.0		__DUMMY__ 0.44980631933701154 neg 0.27916107312396504 off 0.27103260753902325	false	1.0
faul	off 1.0		__DUMMY__ 0.44519728683371407 off 0.2803358601576928 neg 0.2744668530085931	false	1.0
provisorium	neg 1.0		__DUMMY__ 0.45879836122844964 neg 0.27755603725495737 off 0.263645601516593	false	1.0
schmerzen	neg 1.0		__DUMMY__ 0.4481681652746215 neg 0.2780206247269491 off 0.2738112099984295	false	1.0
schrumpfen	neg 1.0		__DUMMY__ 0.45232715313667116 neg 0.28196314093715175 off 0.2657097059261771	false	1.0
geistlos	off 1.0		__DUMMY__ 0.4447096272149194 off 0.2784655824204497 neg 0.276824790364631	false	1.0
fehlkauf	neg 1.0		__DUMMY__ 0.44515077273687287 off 0.2779992392951531 neg 0.276849987967974	false	0.5
frustrierend	neg 1.0		__DUMMY__ 0.44567404607243066 off 0.2799917312122591 neg 0.27433422271531016	false	0.5
unzufrieden	neg 1.0		__DUMMY__ 0.44970789801833033 neg 0.27730732241263395 off 0.27298477956903566	false	1.0
verzweifeln	neg 1.0		__DUMMY__ 0.449453678507843 neg 0.2758516995404808 off 0.27469462195167604	false	1.0
verzweifelt	neg 1.0		__DUMMY__ 0.4474059464263084 off 0.277105362796138 neg 0.27548869077755356	false	0.5
misstrauensantrag	neg 1.0		__DUMMY__ 0.44651918577250754 off 0.2778911601348028 neg 0.27558965409268976	false	0.5
abfallen	neg 1.0		__DUMMY__ 0.44772107184685 neg 0.276758995370894 off 0.27551993278225606	false	1.0
fucker	off 1.0		__DUMMY__ 0.44314891356680386 off 0.2853643321208331 neg 0.27148675431236313	false	1.0
ungezogen	neg 1.0		__DUMMY__ 0.43709837480798147 off 0.2929404204064345 neg 0.26996120478558405	false	0.5
irrsinnig	neg 1.0	neg 1.0	neg 0.6270300483922335 __DUMMY__ 0.21589263744470638 off 0.15707731416306014	false	1.0
unfassbar	neg 1.0		__DUMMY__ 0.44456813320064514 off 0.2825442389217664 neg 0.2728876278775886	false	0.5
hart	neg 1.0		__DUMMY__ 0.43983267780201896 off 0.2807557887839582 neg 0.2794115334140229	false	0.5
widerlich	off 1.0		__DUMMY__ 0.44350519979050723 off 0.28291124987505994 neg 0.27358355033443277	false	1.0
fatal	neg 1.0	neg 1.0	neg 0.6284249913462087 __DUMMY__ 0.21393224669552127 off 0.15764276195826998	false	1.0
bruch	neg 1.0		__DUMMY__ 0.45458229672501216 neg 0.27642334499321536 off 0.2689943582817725	false	1.0
aushungern	neg 1.0		__DUMMY__ 0.4473066531520275 neg 0.27928524522283216 off 0.27340810162514045	false	1.0
anspannung	neg 1.0		__DUMMY__ 0.45671845803404937 neg 0.2762358870789338 off 0.26704565488701687	false	1.0
von			__DUMMY__ 0.45252056413421465 neg 0.2776282502950063 off 0.26985118557077914	false	0.0
kraftlos	neg 1.0		__DUMMY__ 0.4504139930940089 neg 0.2769670823427156 off 0.2726189245632756	false	1.0
vom			__DUMMY__ 0.46018561239240613 neg 0.2748888219758216 off 0.2649255656317723	false	0.0
grenzdebil	off 1.0		__DUMMY__ 0.4433542417576407 off 0.28247683362146636 neg 0.27416892462089276	false	1.0
vor			__DUMMY__ 0.4531939965323642 neg 0.2781792272521961 off 0.2686267762154396	false	0.0
unterwerfen	neg 1.0		__DUMMY__ 0.4507407635868503 neg 0.27713046157423643 off 0.27212877483891323	false	1.0
versenkung	neg 1.0		__DUMMY__ 0.45135691891075164 neg 0.27704086748823875 off 0.2716022136010096	false	1.0
entziehen	neg 1.0		__DUMMY__ 0.4519439917273933 neg 0.27888265399996265 off 0.269173354272644	false	1.0
finanzkrise	neg 1.0		__DUMMY__ 0.4432323709494148 neg 0.2837840804539838 off 0.27298354859660146	false	1.0
schimpfend	neg 1.0		__DUMMY__ 0.4488962419204481 off 0.2769256313205555 neg 0.27417812675899644	false	0.5
profan	neg 1.0		__DUMMY__ 0.4464261554719131 off 0.2782288307835277 neg 0.27534501374455905	false	0.5
korruption	neg 1.0		__DUMMY__ 0.4477089202020796 neg 0.2794456314619488 off 0.27284544833597163	false	1.0
â			__DUMMY__ 0.4496635178404022 neg 0.2779894098154915 off 0.2723470723441064	false	0.0
schmutzig	neg 1.0		__DUMMY__ 0.4438255566668495 off 0.28290492208781187 neg 0.27326952124533876	false	0.5
sexy	neg 1.0		__DUMMY__ 0.44622312013134846 off 0.28024595854646606 neg 0.2735309213221855	false	0.5
abraten	neg 1.0		__DUMMY__ 0.4474555353032131 off 0.2780023965802646 neg 0.2745420681165222	false	0.5
schwarz	neg 1.0		__DUMMY__ 0.44672328701045105 off 0.27820106639287845 neg 0.2750756465966705	false	0.5
fotze	off 1.0	off 1.0	off 0.6253015247665445 __DUMMY__ 0.21721612235202684 neg 0.1574823528814287	false	1.0
verwirren	neg 1.0		__DUMMY__ 0.44669568768287193 off 0.27871584061179466 neg 0.27458847170533335	false	0.5
zahnlos	off 1.0		__DUMMY__ 0.44906869254040654 neg 0.2768766515404885 off 0.27405465591910505	false	0.5
verheeren	neg 1.0		__DUMMY__ 0.4372541810049479 off 0.2948381932597912 neg 0.2679076257352609	false	0.5
hippie	neg 1.0		__DUMMY__ 0.44589893290339283 off 0.2796473080925275 neg 0.2744537590040797	false	0.5
rammen	neg 1.0		__DUMMY__ 0.4478853166699245 off 0.27624322667621765 neg 0.275871456653858	false	0.5
unlauter	neg 1.0		__DUMMY__ 0.4457326018049516 off 0.27759653023200026 neg 0.27667086796304813	false	0.5
unheilvoll	neg 1.0		__DUMMY__ 0.4467943945463491 off 0.2766365146252047 neg 0.2765690908284463	false	0.5
niedrig	neg 1.0		__DUMMY__ 0.448384196175249 neg 0.28011500120464217 off 0.2715008026201088	false	1.0
explosion	neg 1.0		__DUMMY__ 0.44623697491022013 off 0.2796410236064472 neg 0.2741220014833327	false	0.5
weichei	off 1.0	off 1.0	off 0.6336119839151199 __DUMMY__ 0.2111757488372012 neg 0.15521226724767903	false	1.0
minusmensch	off 1.0		__DUMMY__ 0.43628727593857763 off 0.2941368024956965 neg 0.26957592156572585	false	1.0
farblos	neg 1.0		__DUMMY__ 0.44595139508398 neg 0.27789629711372754 off 0.27615230780229255	false	1.0
unwissend	neg 1.0	neg 1.0	neg 0.6264780722216996 __DUMMY__ 0.2140537240353978 off 0.15946820374290252	false	1.0
traurig	neg 1.0		__DUMMY__ 0.44240871529397513 off 0.2852347294731532 neg 0.2723565552328717	false	0.5
senkung	neg 1.0		__DUMMY__ 0.4429009969414785 neg 0.2795626050829426 off 0.2775363979755788	false	1.0
ungleich	neg 1.0	neg 1.0	neg 0.6276993665064816 __DUMMY__ 0.21775962875763577 off 0.1545410047358826	false	1.0
heikel	neg 1.0		__DUMMY__ 0.451084144338854 neg 0.27805454726870577 off 0.2708613083924404	false	1.0
drosselung	neg 1.0		__DUMMY__ 0.4403715626491627 off 0.2813784476950465 neg 0.27824998965579084	false	0.5
falsch	neg 1.0		__DUMMY__ 0.4459479187344793 off 0.2804152104247808 neg 0.27363687084073984	false	0.5
unzufriedenheit	neg 1.0		__DUMMY__ 0.44978898770813297 neg 0.28029067249779976 off 0.26992033979406715	false	1.0
kurz	neg 1.0		__DUMMY__ 0.4509029686969866 neg 0.2753740227463897 off 0.2737230085566236	false	1.0
unsinnig	neg 1.0		__DUMMY__ 0.4474172299854692 neg 0.2785351637795293 off 0.27404760623500163	false	1.0
penner	off 1.0	off 1.0	off 0.6349703144693035 __DUMMY__ 0.21092834445705697 neg 0.15410134107363954	false	1.0
seicht	neg 1.0		__DUMMY__ 0.43569097871682916 off 0.2912277107182127 neg 0.2730813105649581	false	0.5
dummheit	off 1.0	off 1.0	off 0.6282122044345401 __DUMMY__ 0.21466429388245337 neg 0.15712350168300662	false	1.0
unerfreulich	neg 1.0		__DUMMY__ 0.45152067826927655 neg 0.2778669285477274 off 0.2706123931829961	false	1.0
motherfucker	off 1.0	off 1.0	off 0.6316492186816262 __DUMMY__ 0.21346857765164767 neg 0.15488220366672611	false	1.0
pikiert	neg 1.0	neg 1.0	neg 0.6264077677906725 __DUMMY__ 0.21382334562904606 off 0.15976888658028132	false	1.0
wrack	neg 1.0		__DUMMY__ 0.45448756948606095 off 0.27563469075502334 neg 0.26987773975891577	false	0.5
gangster	neg 1.0		__DUMMY__ 0.44567084542862884 off 0.2798425313772301 neg 0.2744866231941411	false	0.5
krank	neg 1.0	neg 1.0	neg 0.6246628239211195 __DUMMY__ 0.21453337916418588 off 0.16080379691469462	false	1.0
reich	neg 1.0		__DUMMY__ 0.44310992020669543 off 0.27951397115321913 neg 0.2773761086400854	false	0.5
gnadenlos	neg 1.0		__DUMMY__ 0.4483477241999665 off 0.2770789724645296 neg 0.2745733033355039	false	0.5
niedergeschlagen	neg 1.0		__DUMMY__ 0.45084518676255175 neg 0.2759814882998131 off 0.2731733249376352	false	1.0
terrorisieren	off 1.0	off 1.0	off 0.6242645351060553 __DUMMY__ 0.2181939051581181 neg 0.15754155973582662	false	1.0
sinnlosigkeit	neg 1.0		__DUMMY__ 0.44962486208464175 neg 0.2767103917373019 off 0.27366474617805653	false	1.0
behindern	neg 1.0		__DUMMY__ 0.44746504446663726 neg 0.27756954921206645 off 0.2749654063212964	false	1.0
undemokratisch	neg 1.0		__DUMMY__ 0.4458982617969792 off 0.2780581979565885 neg 0.2760435402464322	false	0.5
wirtschaftskrise	neg 1.0		__DUMMY__ 0.4463189412409165 neg 0.2820061025398975 off 0.27167495621918614	false	1.0
neid	neg 1.0		__DUMMY__ 0.44591297459431356 off 0.27939949142765225 neg 0.27468753397803414	false	0.5
rutschen	neg 1.0		__DUMMY__ 0.455680570791709 neg 0.2783083217348926 off 0.2660111074733983	false	1.0
rezession	neg 1.0		__DUMMY__ 0.43829573223399154 off 0.28392259682723586 neg 0.27778167093877254	false	0.5
fehlgeburt	neg 1.0		__DUMMY__ 0.4497049247866595 off 0.2767850249532531 neg 0.27351005026008735	false	0.5
charakterschwach	off 1.0		__DUMMY__ 0.4434868426858031 off 0.28224071397621064 neg 0.27427244333798634	false	1.0
isolation	neg 1.0		__DUMMY__ 0.4465295034180813 off 0.28056194911685295 neg 0.27290854746506565	false	0.5
ablenkung	neg 1.0		__DUMMY__ 0.4495557681638658 off 0.2757638260892221 neg 0.274680405746912	false	0.5
pech	neg 1.0		__DUMMY__ 0.4455375790478225 off 0.2805446337463978 neg 0.27391778720577975	false	0.5
vermeidung	neg 1.0		__DUMMY__ 0.44290935902448214 off 0.28231084276944574 neg 0.27477979820607207	false	0.5
dominieren	neg 1.0		__DUMMY__ 0.4503163764215395 neg 0.2751701912493457 off 0.27451343232911485	false	1.0
schwindlig	neg 1.0		__DUMMY__ 0.4463373026263509 off 0.2775546084002508 neg 0.2761080889733982	false	0.5
lutscher	neg 1.0	neg 1.0	neg 0.624642611830044 __DUMMY__ 0.2088252762662527 off 0.1665321119037033	false	1.0
pflicht	neg 1.0		__DUMMY__ 0.4531187663408608 neg 0.27694793227361797 off 0.26993330138552124	false	1.0
faschist	off 1.0		__DUMMY__ 0.4457577055291599 off 0.28010026796228343 neg 0.2741420265085566	false	1.0
verschleudern	neg 1.0		__DUMMY__ 0.44737372293958627 neg 0.2822793815731035 off 0.2703468954873101	false	1.0
wenn			__DUMMY__ 0.44507101895289874 off 0.2810741186881445 neg 0.2738548623589568	false	0.0
ehebruch	neg 1.0		__DUMMY__ 0.44995486761714976 neg 0.2775029551875405 off 0.27254217719530976	false	1.0
spott	off 1.0		__DUMMY__ 0.45101808347508643 neg 0.276157770872621 off 0.2728241456522927	false	0.5
trostlosigkeit	neg 1.0		__DUMMY__ 0.450229611875033 neg 0.28131192902115854 off 0.2684584591038086	false	1.0
lutschen	neg 1.0		__DUMMY__ 0.44477846902815654 off 0.28018800776036457 neg 0.2750335232114789	false	0.5
undiszipliniert	neg 1.0		__DUMMY__ 0.44310729102745494 off 0.2846085935749369 neg 0.27228411539760816	false	0.5
kopfschmerz	neg 1.0		__DUMMY__ 0.44824223501248583 neg 0.280733701935292 off 0.27102406305222215	false	1.0
unvorhergesehen	neg 1.0		__DUMMY__ 0.45269622779169627 neg 0.27744598499426915 off 0.2698577872140346	false	1.0
desinteressiert	neg 1.0		__DUMMY__ 0.4429319321864149 off 0.283639071502246 neg 0.27342899631133916	false	0.5
armselig	off 1.0		__DUMMY__ 0.4419272352028392 off 0.286339427595627 neg 0.27173333720153353	false	1.0
desaster	neg 1.0		__DUMMY__ 0.45159015057755797 neg 0.2800041132446802 off 0.2684057361777618	false	1.0
tod	neg 1.0		__DUMMY__ 0.4517105899808825 neg 0.2762294296173588 off 0.2720599804017586	false	1.0
herzlos	neg 1.0		__DUMMY__ 0.44200594642611135 off 0.2856077409166574 neg 0.2723863126572312	false	0.5
unwissenheit	neg 1.0		__DUMMY__ 0.44927975217306204 neg 0.27768708578761936 off 0.27303316203931854	false	1.0
widersinnig	neg 1.0		__DUMMY__ 0.4468959646042119 neg 0.27910923700158224 off 0.2739947983942058	false	1.0
bedenklich	neg 1.0		__DUMMY__ 0.4493533825049154 neg 0.2787747641768632 off 0.27187185331822145	false	1.0
beanstanden	neg 1.0		__DUMMY__ 0.4529330100415887 neg 0.27634607141649514 off 0.27072091854191604	false	1.0
panisch	neg 1.0		__DUMMY__ 0.4482303449017991 off 0.27824467420176324 neg 0.2735249808964377	false	0.5
debil	off 1.0		__DUMMY__ 0.45558639834547726 neg 0.2813260974109453 off 0.2630875042435776	false	0.5
abstrich	neg 1.0		__DUMMY__ 0.44727574375865226 neg 0.2798186735934386 off 0.2729055826479092	false	1.0
primitiv	neg 1.0		__DUMMY__ 0.44331149974296424 off 0.2840252813359401 neg 0.2726632189210956	false	0.5
abschaum	off 1.0	off 1.0	off 0.6305319433814047 __DUMMY__ 0.21489610032444914 neg 0.15457195629414602	false	1.0
provozieren	neg 1.0		__DUMMY__ 0.44719278816867325 off 0.27657835591857227 neg 0.2762288559127545	false	0.5
tot	neg 1.0		__DUMMY__ 0.4482799139406281 neg 0.27910506181528927 off 0.2726150242440825	false	1.0
instabil	neg 1.0		__DUMMY__ 0.4414100756181744 off 0.2865700174620186 neg 0.27201990691980693	false	0.5
schwuchtel	off 1.0	off 1.0	off 0.639346227521897 __DUMMY__ 0.20752421074086871 neg 0.15312956173723433	false	1.0
zerren	neg 1.0		__DUMMY__ 0.45101343199138555 neg 0.2757610338953634 off 0.2732255341132512	false	1.0
kinderficker	off 1.0		__DUMMY__ 0.44002104411417603 off 0.2887910750551615 neg 0.2711878808306625	false	1.0
gefahr	neg 1.0		__DUMMY__ 0.4522673937068347 neg 0.2776106907850215 off 0.2701219155081437	false	1.0
rabiat	neg 1.0		__DUMMY__ 0.44787399974550773 neg 0.27778938850986856 off 0.27433661174462376	false	1.0
verlangsamung	neg 1.0		__DUMMY__ 0.4385270873350235 off 0.2905981351426828 neg 0.2708747775222938	false	0.5
ausgestorben	neg 1.0		__DUMMY__ 0.4494346661390695 neg 0.27607992392841985 off 0.27448540993251064	false	1.0
anklagen	neg 1.0		__DUMMY__ 0.4491663650659117 neg 0.2768504433071791 off 0.27398319162690915	false	1.0
trott	neg 1.0		__DUMMY__ 0.44817626974181524 neg 0.27623535221204865 off 0.2755883780461362	false	1.0
verminderung	neg 1.0		__DUMMY__ 0.44330036478482326 off 0.28259991121647354 neg 0.27409972399870325	false	0.5
nach			__DUMMY__ 0.4575023360028007 neg 0.27737510829023226 off 0.26512255570696686	false	0.0
rost	neg 1.0		__DUMMY__ 0.44037253828074363 off 0.2932141495558564 neg 0.26641331216339986	false	0.5
destruktiv	neg 1.0		__DUMMY__ 0.44780066643649735 neg 0.27683873156305344 off 0.2753606020004493	false	1.0
unzumutbarkeit	neg 1.0		__DUMMY__ 0.444023758456769 off 0.28278628459748717 neg 0.273189956945744	false	0.5
labil	off 1.0	off 1.0	off 0.629663313623584 __DUMMY__ 0.2143007337767889 neg 0.15603595259962713	false	1.0
ziemlich	neg 1.0		__DUMMY__ 0.44514561657743806 off 0.282400099838346 neg 0.2724542835842159	false	0.5
lachnummer	off 1.0		__DUMMY__ 0.4487337607898074 off 0.27663951747802584 neg 0.2746267217321667	false	1.0
oder			__DUMMY__ 0.4491371040376113 off 0.27667969692630856 neg 0.27418319903607996	false	0.0
verfall	neg 1.0		__DUMMY__ 0.4519265664008215 neg 0.2823757788356681 off 0.2656976547635104	false	1.0
ausgrenzung	neg 1.0		__DUMMY__ 0.44564834036076467 off 0.27783213529327083 neg 0.2765195243459644	false	0.5
unordnung	neg 1.0		__DUMMY__ 0.4403663020693593 off 0.2865482671529214 neg 0.2730854307777194	false	0.5
fehlverhalten	neg 1.0		__DUMMY__ 0.45101958099777617 neg 0.27758187071966384 off 0.27139854828256005	false	1.0
eine			__DUMMY__ 0.4523338014191691 neg 0.27864121701845185 off 0.2690249815623791	false	0.0
nille	neg 1.0		__DUMMY__ 0.44805975598750336 off 0.2760098823389662 neg 0.2759303616735304	false	0.5
qual	neg 1.0		__DUMMY__ 0.4480696277934166 neg 0.2768550989795885 off 0.275075273226995	false	1.0
verschwenden	neg 1.0		__DUMMY__ 0.44964324156668817 neg 0.28000722772919145 off 0.27034953070412043	false	1.0
riesig	neg 1.0		__DUMMY__ 0.45111824151109886 neg 0.2772393595452329 off 0.27164239894366826	false	1.0
verurteilen	neg 1.0		__DUMMY__ 0.4490224762066729 neg 0.2774275096407689 off 0.2735500141525582	false	1.0
klischee	neg 1.0	neg 1.0	neg 0.6265899688907334 __DUMMY__ 0.21448631924857842 off 0.15892371186068835	false	1.0
diktatorisch	neg 1.0		__DUMMY__ 0.4453119210919115 off 0.2779126956462473 neg 0.27677538326184115	false	0.5
vorhersehbar	neg 1.0		__DUMMY__ 0.44504909301925916 off 0.27874104648918585 neg 0.2762098604915549	false	0.5
sowie			__DUMMY__ 0.43851821644570477 off 0.28715964890118895 neg 0.2743221346531063	false	0.0
stornieren	neg 1.0		__DUMMY__ 0.44992196169916604 off 0.28042977331135954 neg 0.2696482649894745	false	0.5
besteuerung	neg 1.0	neg 1.0	neg 0.6301327555452564 __DUMMY__ 0.2137254057925691 off 0.15614183866217443	false	1.0
ungeschminkt	neg 1.0		__DUMMY__ 0.4425350691050698 off 0.28368037064813245 neg 0.2737845602467978	false	0.5
kritisch	neg 1.0		__DUMMY__ 0.44986170738500736 neg 0.27685154085024166 off 0.27328675176475103	false	1.0
schlamperei	off 1.0		__DUMMY__ 0.4500328361866753 neg 0.27846142904371624 off 0.27150573476960843	false	0.5
sucht	neg 1.0	neg 1.0	neg 0.6256518889509876 __DUMMY__ 0.21665960542024545 off 0.1576885056287669	false	1.0
egoistisch	off 1.0	off 1.0	off 0.6339155192219219 __DUMMY__ 0.212288363321435 neg 0.1537961174566431	false	1.0
ausbeuter	off 1.0		__DUMMY__ 0.44911912540447907 neg 0.28066657313201204 off 0.27021430146350883	false	0.5
arschgeburt	off 1.0		__DUMMY__ 0.4325952329468046 off 0.2980975565151216 neg 0.2693072105380738	false	1.0
schubs	neg 1.0		__DUMMY__ 0.4483215164938672 neg 0.2802616535763751 off 0.2714168299297575	false	1.0
unsolide	neg 1.0		__DUMMY__ 0.4469610694448187 off 0.27936847229105144 neg 0.2736704582641297	false	0.5
beschwerde	neg 1.0		__DUMMY__ 0.44985412916953793 neg 0.2764388507771878 off 0.27370702005327424	false	1.0
stocken	neg 1.0		__DUMMY__ 0.45024472608682936 neg 0.2773917727646722 off 0.27236350114849844	false	1.0
isolieren	neg 1.0		__DUMMY__ 0.44859132057031054 neg 0.27830972574333585 off 0.2730989536863536	false	1.0
unheilbar	neg 1.0		__DUMMY__ 0.44876840112743743 off 0.27614115557736874 neg 0.2750904432951939	false	0.5
pisser	off 1.0	off 1.0	off 0.6320941951594696 __DUMMY__ 0.21291409407376766 neg 0.1549917107667627	false	1.0
löschen	neg 1.0		__DUMMY__ 0.4471032302749707 neg 0.2769181487893421 off 0.2759786209356873	false	1.0
durchfallen	neg 1.0		__DUMMY__ 0.4501639656360177 neg 0.27671219762791055 off 0.2731238367360719	false	1.0
wichser	off 1.0	off 1.0	off 0.6370108584286697 __DUMMY__ 0.20974940905207093 neg 0.15323973251925932	false	1.0
terror	neg 1.0		__DUMMY__ 0.4459418261155561 off 0.2793250088083104 neg 0.2747331650761336	false	0.5
krass	neg 1.0		__DUMMY__ 0.4406729984836813 off 0.2874021001694715 neg 0.2719249013468472	false	0.5
revolte	neg 1.0		__DUMMY__ 0.4428811824883745 off 0.2787913543510392 neg 0.2783274631605862	false	0.5
besorgt	neg 1.0		__DUMMY__ 0.451543246013009 off 0.2742361075019079 neg 0.27422064648508304	false	0.5
nachlassen	neg 1.0		__DUMMY__ 0.45145147533143226 neg 0.2757400931605989 off 0.2728084315079688	false	1.0
alt	neg 1.0		__DUMMY__ 0.4457703449728664 neg 0.2845003800906016 off 0.26972927493653204	false	1.0
hundesohn	off 1.0	off 1.0	off 0.6362031569426082 __DUMMY__ 0.20978685851923662 neg 0.15400998453815512	false	1.0
als			__DUMMY__ 0.4493119733656258 neg 0.277377017996877 off 0.27331100863749724	false	0.0
abschreckung	neg 1.0		__DUMMY__ 0.45078117960411535 neg 0.27909104132737733 off 0.2701277790685074	false	1.0
unqualifiziert	neg 1.0		__DUMMY__ 0.44551573807152467 off 0.28089784993680317 neg 0.27358641199167233	false	0.5
abgewichst	off 1.0		__DUMMY__ 0.44891202027213656 neg 0.27561243097174554 off 0.27547554875611785	false	0.5
schwer	neg 1.0		__DUMMY__ 0.4492228824165324 neg 0.27546296773307094 off 0.2753141498503966	false	1.0
bedeutungslosigkeit	neg 1.0		__DUMMY__ 0.4507025905347324 neg 0.27848083644022237 off 0.27081657302504525	false	1.0
kapitulation	neg 1.0		__DUMMY__ 0.448034340198548 neg 0.27990809965766295 off 0.27205756014378907	false	1.0
unscharf	neg 1.0		__DUMMY__ 0.4438465939380612 neg 0.2792690393919415 off 0.2768843666699974	false	1.0
schwinden	neg 1.0		__DUMMY__ 0.44980860701298764 neg 0.27965295486219954 off 0.2705384381248129	false	1.0
versklavung	neg 1.0	neg 1.0	neg 0.6282601455122057 __DUMMY__ 0.21458898209900043 off 0.1571508723887939	false	1.0
schlecht	neg 1.0		__DUMMY__ 0.44527423265039107 off 0.2826244968114434 neg 0.27210127053816546	false	0.5
verhasst	neg 1.0		__DUMMY__ 0.4463541730865719 off 0.2771617364344413 neg 0.2764840904789867	false	0.5
beschweren	neg 1.0		__DUMMY__ 0.44785661596409276 off 0.27820534857682105 neg 0.2739380354590861	false	0.5
scheiden	neg 1.0		__DUMMY__ 0.4486461930794819 off 0.2759067133015744 neg 0.2754470936189439	false	0.5
frustriert	neg 1.0		__DUMMY__ 0.44963196212521306 neg 0.27603064692185514 off 0.27433739095293186	false	1.0
schimmelig	neg 1.0		__DUMMY__ 0.44721253433951225 neg 0.28172737884063725 off 0.27106008681985044	false	1.0
fisch	neg 1.0		__DUMMY__ 0.44830474022352734 neg 0.2846372978503465 off 0.2670579619261261	false	1.0
schmuggel	neg 1.0		__DUMMY__ 0.45310928217597907 neg 0.27736052412246354 off 0.26953019370155745	false	1.0
auffallen	neg 1.0		__DUMMY__ 0.44699785808876435 off 0.27848998467100794 neg 0.27451215724022776	false	0.5
konkurrenz	neg 1.0		__DUMMY__ 0.4530350740359261 neg 0.2757399583288996 off 0.2712249676351744	false	1.0
teufelskreis	neg 1.0	neg 1.0	neg 0.6286814682963199 __DUMMY__ 0.21570233833013247 off 0.15561619337354765	false	1.0
aufschreien	neg 1.0		__DUMMY__ 0.44524867307254135 off 0.2785997463306077 neg 0.27615158059685085	false	0.5
schuldner	neg 1.0		__DUMMY__ 0.4481935636373815 neg 0.28227920313076926 off 0.26952723323184924	false	1.0
missgeburt	off 1.0	off 1.0	off 0.6355634325774043 __DUMMY__ 0.2113869857288453 neg 0.1530495816937503	false	1.0
arbeitslos	neg 1.0		__DUMMY__ 0.44956947709120115 neg 0.27774211108759955 off 0.27268841182119935	false	1.0
befallen	neg 1.0		__DUMMY__ 0.4448011432478706 neg 0.28248368103946475 off 0.2727151757126647	false	1.0
miesepetrig	off 1.0	off 1.0	off 0.6297413477972165 __DUMMY__ 0.2145285252332031 neg 0.15573012696958047	false	1.0
alarmieren	neg 1.0		__DUMMY__ 0.4448262007658988 off 0.2811191031619596 neg 0.27405469607214156	false	0.5
ungeduscht	off 1.0		__DUMMY__ 0.4440754776359954 off 0.28015857564541485 neg 0.2757659467185896	false	1.0
knappheit	neg 1.0		__DUMMY__ 0.4470893044308007 neg 0.28073791708450424 off 0.2721727784846952	false	1.0
schlange	neg 1.0		__DUMMY__ 0.4489070488464474 off 0.27642440248031763 neg 0.274668548673235	false	0.5
harsch	neg 1.0		__DUMMY__ 0.4429879635083994 off 0.2875308262614062 neg 0.2694812102301942	false	0.5
lang	neg 1.0		__DUMMY__ 0.4473284733754421 off 0.27720424143058375 neg 0.2754672851939741	false	0.5
ziellos	neg 1.0		__DUMMY__ 0.45197546669198213 neg 0.2764753299713828 off 0.27154920333663507	false	1.0
selbstverliebt	neg 1.0		__DUMMY__ 0.4365523831925165 off 0.2957509840616622 neg 0.26769663274582134	false	0.5
beseitigen	neg 1.0		__DUMMY__ 0.4493095479173895 off 0.2759265513488679 neg 0.27476390073374257	false	0.5
dumm	off 1.0		__DUMMY__ 0.43921358062764126 off 0.2896724940438341 neg 0.27111392532852474	false	1.0
arbeitsloser	neg 1.0		__DUMMY__ 0.45361838009636607 off 0.2747332879030337 neg 0.27164833200060023	false	0.5
blitzen	neg 1.0		__DUMMY__ 0.4445724428890776 off 0.279810647723263 neg 0.27561690938765937	false	0.5
hilflos	neg 1.0		__DUMMY__ 0.4495362949306812 neg 0.27764070326862605 off 0.2728230018006928	false	1.0
eklig	off 1.0		__DUMMY__ 0.43753543193693367 off 0.2895797377239707 neg 0.27288483033909555	false	1.0
begriff			__DUMMY__ 0.44907873667506726 off 0.27554996111213537 neg 0.2753713022127974	false	0.0
hungersnot	neg 1.0		__DUMMY__ 0.4475507736957636 neg 0.2800216787232849 off 0.27242754758095145	false	1.0
ungesetzlich	neg 1.0		__DUMMY__ 0.44634579529031565 off 0.2784576251889573 neg 0.2751965795207272	false	0.5
verschwendung	neg 1.0		__DUMMY__ 0.4505524080750544 neg 0.27875498763923423 off 0.2706926042857113	false	1.0
schmerzvoll	neg 1.0		__DUMMY__ 0.44646945053030007 off 0.27702392952659183 neg 0.2765066199431081	false	0.5
vorzeitig	neg 1.0		__DUMMY__ 0.44713320220170905 off 0.2827556791636915 neg 0.2701111186345995	false	0.5
unvollkommenheit	neg 1.0		__DUMMY__ 0.4490781033468394 neg 0.2770329841924452 off 0.2738889124607155	false	1.0
intervenieren	neg 1.0		__DUMMY__ 0.4481915233996632 neg 0.2811736349596718 off 0.270634841640665	false	1.0
banause	off 1.0		__DUMMY__ 0.43476923966811926 off 0.2905397184077858 neg 0.27469104192409494	false	1.0
rebell	neg 1.0		__DUMMY__ 0.4502981440712108 neg 0.28427727054849117 off 0.26542458538029806	false	1.0
unlogisch	neg 1.0		__DUMMY__ 0.44162190858490696 off 0.2846340204600743 neg 0.2737440709550187	false	0.5
leiden	neg 1.0		__DUMMY__ 0.453748585969194 neg 0.275877559366014 off 0.2703738546647919	false	1.0
abschaffung	neg 1.0		__DUMMY__ 0.44581224009875187 neg 0.2778137123819312 off 0.27637404751931693	false	1.0
sturz	neg 1.0		__DUMMY__ 0.4495061369515809 off 0.2792203870701402 neg 0.27127347597827894	false	0.5
verkleinerung	neg 1.0		__DUMMY__ 0.44184879990341974 neg 0.2791505730564997 off 0.27900062704008055	false	1.0
schmarotzer	off 1.0		__DUMMY__ 0.4490830832542395 neg 0.2770832736755987 off 0.2738336430701618	false	0.5
bestrafung	neg 1.0	neg 1.0	neg 0.6265323770267361 __DUMMY__ 0.21646354673723978 off 0.157004076236024	false	1.0
achtlos	neg 1.0		__DUMMY__ 0.45033136835505944 neg 0.2749920235598744 off 0.27467660808506617	false	1.0
ungeheuer	neg 1.0		__DUMMY__ 0.44714192448553514 neg 0.2769918805271973 off 0.27586619498726767	false	1.0
unaufrichtig	neg 1.0		__DUMMY__ 0.445539849156084 off 0.2808034880824394 neg 0.27365666276147654	false	0.5
groggy	neg 1.0		__DUMMY__ 0.446578271328353 off 0.27971736320247115 neg 0.27370436546917587	false	0.5
verletzlich	neg 1.0		__DUMMY__ 0.4419600351430946 off 0.2805907337859622 neg 0.2774492310709432	false	0.5
