unsolidarisch	neg 1.0		__DUMMY__ 0.9149191183729058 neg 0.04265614595399961 off 0.04242473567309454	false	1.0
nachteilig	neg 1.0		__DUMMY__ 0.9220984700442283 neg 0.03967952920749076 off 0.03822200074828084	false	1.0
skeptisch	neg 1.0		__DUMMY__ 0.9210903020800686 neg 0.041530915858475764 off 0.03737878206145561	false	1.0
schrecklich	neg 1.0		__DUMMY__ 0.9106783676774597 off 0.048749995998084356 neg 0.040571636324456026	false	0.5
schlapp	neg 1.0	neg 1.0	neg 0.5071383433214507 __DUMMY__ 0.4515505512518624 off 0.04131110542668688	false	1.0
abfall	neg 1.0		__DUMMY__ 0.9259410050953898 neg 0.039321860983976206 off 0.03473713392063402	false	1.0
widerspenstig	neg 1.0		__DUMMY__ 0.9165366597088178 neg 0.04303350211509722 off 0.040429838176085	false	1.0
abrupt	neg 1.0		__DUMMY__ 0.9198578686851892 neg 0.04348378688886294 off 0.03665834442594785	false	1.0
unwirksam	neg 1.0		__DUMMY__ 0.9117884355059425 neg 0.04649477552885156 off 0.04171678896520594	false	1.0
angreifen	neg 1.0		__DUMMY__ 0.92166136021403 neg 0.04133711101838531 off 0.03700152876758463	false	1.0
inkonsistent	neg 1.0		__DUMMY__ 0.9145678112674851 off 0.043188582630932566 neg 0.042243606101582426	false	0.5
abrutschen	neg 1.0		__DUMMY__ 0.9249635267957572 neg 0.04057533231675421 off 0.03446114088748857	false	1.0
unsicher	neg 1.0		__DUMMY__ 0.9187010121785338 off 0.04113568528811117 neg 0.04016330253335502	false	0.5
bauernkind	off 1.0	off 1.0	off 0.515724402964028 __DUMMY__ 0.4426486100179105 neg 0.04162698701806145	false	1.0
angreifer	neg 1.0		__DUMMY__ 0.9175828016764875 off 0.044429956027611774 neg 0.03798724229590065	false	0.5
trennen	neg 1.0		__DUMMY__ 0.922997164524934 neg 0.04048212795011497 off 0.03652070752495111	false	1.0
schmutz	neg 1.0		__DUMMY__ 0.9218383354977802 off 0.043274250093037 neg 0.03488741440918275	false	0.5
inkonsistenz	neg 1.0		__DUMMY__ 0.9143827384209621 off 0.04542787872603119 neg 0.040189382853006696	false	0.5
erschreckend	neg 1.0		__DUMMY__ 0.9181343166523758 neg 0.04111285457920529 off 0.040752828768418924	false	1.0
ertrinken	neg 1.0		__DUMMY__ 0.920387296448388 neg 0.04315947183625399 off 0.03645323171535796	false	1.0
pickelface	off 1.0		__DUMMY__ 0.91689372596228 off 0.041570727101857746 neg 0.04153554693586224	false	1.0
seiner			__DUMMY__ 0.922625543386524 neg 0.04023201648380675 off 0.037142440129669205	false	0.0
lauch	neg 1.0	neg 1.0	neg 0.5089193482242591 __DUMMY__ 0.45955645928114197 off 0.03152419249459897	false	1.0
unwichtig	neg 1.0		__DUMMY__ 0.9134292682904435 off 0.0453532905813818 neg 0.04121744112817472	false	0.5
steuerhinterziehung	neg 1.0		__DUMMY__ 0.9168422819506916 neg 0.04227196818874899 off 0.04088574986055939	false	1.0
schock	neg 1.0		__DUMMY__ 0.919180429994923 neg 0.041059249696203 off 0.039760320308874005	false	1.0
beule	neg 1.0		__DUMMY__ 0.9118559061923979 off 0.04687272450438897 neg 0.04127136930321316	false	0.5
vergelten	neg 1.0		__DUMMY__ 0.9116179467174729 off 0.04979296904552979 neg 0.0385890842369974	false	0.5
verdorbenheit	neg 1.0		__DUMMY__ 0.9166793702200311 off 0.041668211225052834 neg 0.041652418554916096	false	0.5
trauma	neg 1.0		__DUMMY__ 0.9156341208927631 off 0.04238987447330873 neg 0.041976004633928185	false	0.5
sinnlos	neg 1.0		__DUMMY__ 0.9160454126753788 off 0.042919891610708964 neg 0.0410346957139123	false	0.5
fettsack	off 1.0	off 1.0	off 0.5168931547343141 __DUMMY__ 0.4429888430243848 neg 0.04011800224130114	false	1.0
feige	off 1.0	off 1.0	off 0.5124238531662033 __DUMMY__ 0.44906323241282836 neg 0.03851291442096838	false	1.0
abdanken	neg 1.0		__DUMMY__ 0.9180886423832749 off 0.04117193042878417 neg 0.04073942718794094	false	0.5
wichtigtuer	off 1.0	off 1.0	off 0.5098315108189303 __DUMMY__ 0.4531918286381756 neg 0.03697666054289415	false	1.0
misslingen	neg 1.0	neg 1.0	neg 0.5018616448001239 __DUMMY__ 0.4598790106032315 off 0.038259344596644554	false	1.0
untreu	off 1.0		__DUMMY__ 0.9124183614779311 off 0.046422513618285144 neg 0.04115912490378371	false	1.0
missmutig	neg 1.0		__DUMMY__ 0.9144641372431851 off 0.04418991089188098 neg 0.0413459518649339	false	0.5
hurenbock	off 1.0		__DUMMY__ 0.9128851262600786 neg 0.046013992123439394 off 0.04110088161648203	false	0.5
betrunken	neg 1.0		__DUMMY__ 0.9113371474814919 off 0.0477464487582219 neg 0.04091640376028618	false	0.5
korrupt	off 1.0		__DUMMY__ 0.9162990376939897 neg 0.04305394184158631 off 0.040647020464424005	false	0.5
unmut	neg 1.0		__DUMMY__ 0.9224938968356771 neg 0.041533033066196434 off 0.03597307009812643	false	1.0
hackfresse	off 1.0		__DUMMY__ 0.9070609604880359 off 0.05256168985606314 neg 0.04037734965590106	false	1.0
aufblasen	neg 1.0		__DUMMY__ 0.9176958395953753 off 0.04129898117637708 neg 0.04100517922824768	false	0.5
gewaltsam	neg 1.0		__DUMMY__ 0.9181326564266425 neg 0.040965257450617756 off 0.04090208612273969	false	1.0
unbeliebtheit	neg 1.0		__DUMMY__ 0.9130549287425821 off 0.046530702825427414 neg 0.04041436843199049	false	0.5
sturheit	neg 1.0		__DUMMY__ 0.9197853979189883 off 0.04074406207222146 neg 0.03947054000879027	false	0.5
kuh	neg 1.0		__DUMMY__ 0.9075877287973318 neg 0.04893934657427755 off 0.04347292462839059	false	1.0
erschrecken	neg 1.0		__DUMMY__ 0.9151623016999214 off 0.04456626721398125 neg 0.040271431086097265	false	0.5
opfer	neg 1.0		__DUMMY__ 0.922521990906609 neg 0.039009851940935404 off 0.038468157152455586	false	1.0
sinken	neg 1.0		__DUMMY__ 0.9209997007595255 neg 0.04270225863621098 off 0.036298040604263455	false	1.0
stinktier	neg 1.0		__DUMMY__ 0.903731998165191 off 0.0507609145665525 neg 0.04550708726825655	false	0.5
tucke	off 1.0		__DUMMY__ 0.9011814015309532 off 0.054272667940976356 neg 0.04454593052807042	false	1.0
ein			__DUMMY__ 0.9164973296400624 neg 0.04324351558318923 off 0.04025915477674843	false	0.0
abstieg	neg 1.0		__DUMMY__ 0.9241558889462892 off 0.039511045802926935 neg 0.03633306525078379	false	0.5
missverstehen	neg 1.0		__DUMMY__ 0.9152765601927189 off 0.043712513022013795 neg 0.04101092678526734	false	0.5
ergebnislos	neg 1.0		__DUMMY__ 0.922678196378089 neg 0.039098790901531164 off 0.03822301272037975	false	1.0
unter			__DUMMY__ 0.9298974992526748 neg 0.03908428226836749 off 0.0310182184789577	false	0.0
manipulieren	neg 1.0		__DUMMY__ 0.9225704244292051 neg 0.039641204213894 off 0.03778837135690081	false	1.0
unbewiesen	neg 1.0	neg 1.0	neg 0.507089976469259 __DUMMY__ 0.4541094299721768 off 0.0388005935585642	false	1.0
verschleppen	neg 1.0		__DUMMY__ 0.9191539681396 neg 0.041649792515445615 off 0.039196239344954385	false	1.0
weib	off 1.0		__DUMMY__ 0.9031900527516344 off 0.054506233994347536 neg 0.04230371325401798	false	1.0
opposition	neg 1.0		__DUMMY__ 0.9145466344206304 neg 0.04304690022393184 off 0.04240646535543769	false	1.0
verkehrswidrig	neg 1.0	neg 1.0	neg 0.5031286475528762 __DUMMY__ 0.4516804470295525 off 0.04519090541757135	false	1.0
inkorrekt	neg 1.0		__DUMMY__ 0.9099432434541719 off 0.04896471424787038 neg 0.041092042297957744	false	0.5
vermeiden	neg 1.0		__DUMMY__ 0.925796235710686 neg 0.040391536497524284 off 0.033812227791789745	false	1.0
abweichung	neg 1.0	neg 1.0	neg 0.5042344908652551 __DUMMY__ 0.4599803039681467 off 0.03578520516659837	false	1.0
alkoholisiert	neg 1.0		__DUMMY__ 0.925519533035529 neg 0.03824084301324471 off 0.036239623951226284	false	1.0
scheiss	off 1.0	off 1.0	off 0.5127860844647937 __DUMMY__ 0.4484469352299313 neg 0.03876698030527512	false	1.0
herausforderung	neg 1.0		__DUMMY__ 0.9210115747631872 neg 0.039775665575342026 off 0.039212759661470795	false	1.0
pervers	off 1.0		__DUMMY__ 0.9022802222428944 off 0.0564267868611744 neg 0.04129299089593118	false	1.0
wackelig	neg 1.0		__DUMMY__ 0.9213818510348344 neg 0.03991683912430471 off 0.03870130984086087	false	1.0
verwickeln	neg 1.0		__DUMMY__ 0.915602240015141 off 0.04300587429089595 neg 0.04139188569396305	false	0.5
vorwand	neg 1.0		__DUMMY__ 0.9218071783261943 neg 0.041615298995019805 off 0.03657752267878589	false	1.0
muschi	off 1.0		__DUMMY__ 0.9186102244401093 neg 0.0407381926452266 off 0.04065158291466407	false	0.5
entmutigung	neg 1.0		__DUMMY__ 0.9135725330669069 off 0.0437539911573176 neg 0.04267347577577542	false	0.5
unangemessen	neg 1.0		__DUMMY__ 0.9192910866971001 off 0.040425867487110516 neg 0.04028304581578942	false	0.5
unstetig	neg 1.0		__DUMMY__ 0.9151378168406703 off 0.044371534305173994 neg 0.04049064885415572	false	0.5
entmutigen	neg 1.0		__DUMMY__ 0.9172618410915069 off 0.04200555541406967 neg 0.04073260349442345	false	0.5
schwanz	neg 1.0		__DUMMY__ 0.9191732741303448 neg 0.0421545776904851 off 0.038672148179170196	false	1.0
verbot	neg 1.0		__DUMMY__ 0.9167032484120219 neg 0.04297077168162024 off 0.04032597990635777	false	1.0
leid	neg 1.0		__DUMMY__ 0.9088519283021158 off 0.05001822098609144 neg 0.041129850711792704	false	0.5
archaisch	neg 1.0		__DUMMY__ 0.9178608069573247 neg 0.042035749683272776 off 0.04010344335940256	false	1.0
gegen			__DUMMY__ 0.9243039064925245 neg 0.03926139004722151 off 0.036434703460254125	false	0.0
scheidung	neg 1.0		__DUMMY__ 0.9052916528179652 off 0.05948698947672304 neg 0.03522135770531185	false	0.5
einschlag	neg 1.0		__DUMMY__ 0.913375995530058 off 0.048896156986899496 neg 0.03772784748304252	false	0.5
m			__DUMMY__ 0.9198561397709736 neg 0.0409271959010677 off 0.0392166643279587	false	0.0
abgestanden	neg 1.0		__DUMMY__ 0.911650084337631 neg 0.047727800920596954 off 0.0406221147417722	false	1.0
schmierig	off 1.0		__DUMMY__ 0.9092335317481122 off 0.04984286388070008 neg 0.04092360437118776	false	1.0
unpraktisch	neg 1.0		__DUMMY__ 0.9179414278382175 off 0.04201159208898409 neg 0.04004698007279846	false	0.5
wixxer	off 1.0		__DUMMY__ 0.9004495258480587 off 0.056792896906979244 neg 0.042757577244962	false	1.0
bezeichnet			__DUMMY__ 0.9180749977369069 off 0.04160705172185203 neg 0.04031795054124109	false	0.0
jammerlappen	off 1.0		__DUMMY__ 0.9137360864580538 off 0.04563647984213463 neg 0.040627433699811526	false	1.0
farce	neg 1.0		__DUMMY__ 0.9153934408809624 neg 0.04295313651546333 off 0.04165342260357436	false	1.0
zwecklos	neg 1.0		__DUMMY__ 0.9187579315023839 neg 0.04161409869294277 off 0.03962796980467335	false	1.0
turbulent	neg 1.0		__DUMMY__ 0.9118993084797058 off 0.047238199233830006 neg 0.04086249228646429	false	0.5
invasion	neg 1.0		__DUMMY__ 0.9156530202508775 off 0.04340810666691455 neg 0.040938873082207936	false	0.5
schuld	neg 1.0		__DUMMY__ 0.9166376776345344 off 0.04241279040246311 neg 0.040949531963002515	false	0.5
risiko	neg 1.0		__DUMMY__ 0.9136408451473335 neg 0.04324474592062114 off 0.04311440893204529	false	1.0
finster	neg 1.0		__DUMMY__ 0.9164821820837433 neg 0.043195341797521866 off 0.040322476118734775	false	1.0
geisteskrank	off 1.0		__DUMMY__ 0.9111001122897292 off 0.04786340603717684 neg 0.04103648167309388	false	1.0
zusammenbrechen	neg 1.0		__DUMMY__ 0.9185248201567899 neg 0.04173719237736857 off 0.0397379874658416	false	1.0
ausbeute	neg 1.0		__DUMMY__ 0.9218734168719104 off 0.03988530909115509 neg 0.03824127403693465	false	0.5
hinterhalt	neg 1.0		__DUMMY__ 0.9182836466391328 neg 0.041996433929520766 off 0.03971991943134655	false	1.0
kritik	neg 1.0		__DUMMY__ 0.9153308927010929 neg 0.04320870287694441 off 0.04146040442196274	false	1.0
einschrumpfen	neg 1.0		__DUMMY__ 0.9104963310910911 off 0.045778146776369995 neg 0.04372552213253898	false	0.5
riskant	neg 1.0		__DUMMY__ 0.9201363599649494 neg 0.04227205884870441 off 0.037591581186346285	false	1.0
frustrieren	neg 1.0		__DUMMY__ 0.9188021519518336 neg 0.042823233411512826 off 0.038374614636653606	false	1.0
groll	neg 1.0		__DUMMY__ 0.9201575702028323 neg 0.040077926220435295 off 0.03976450357673241	false	1.0
gibt			__DUMMY__ 0.9198232185942692 neg 0.04077476721003293 off 0.03940201419569784	false	0.0
qualvoll	neg 1.0		__DUMMY__ 0.9160576443327064 off 0.04288893854659839 neg 0.04105341712069524	false	0.5
wackeln	neg 1.0		__DUMMY__ 0.9182364898168381 off 0.040924897815649695 neg 0.040838612367512184	false	0.5
klagen	neg 1.0		__DUMMY__ 0.9209577976448873 neg 0.042187335632119315 off 0.036854866722993464	false	1.0
bankrott	neg 1.0		__DUMMY__ 0.9155529477393426 off 0.044832416625098945 neg 0.03961463563555852	false	0.5
trauern	neg 1.0		__DUMMY__ 0.9251788486917873 off 0.037454401185102515 neg 0.037366750123110054	false	0.5
ablehnung	neg 1.0		__DUMMY__ 0.9162962849929099 neg 0.042755466297207265 off 0.04094824870988271	false	1.0
stur	neg 1.0		__DUMMY__ 0.9158142031173014 off 0.042387556694794076 neg 0.04179824018790443	false	0.5
aufruhr	neg 1.0	neg 1.0	neg 0.507397179331 __DUMMY__ 0.45483571772848647 off 0.03776710294051335	false	1.0
melancholie	neg 1.0		__DUMMY__ 0.9196727939809184 neg 0.043551719213388546 off 0.03677548680569309	false	1.0
ist			__DUMMY__ 0.916440254177439 off 0.04271389202936328 neg 0.04084585379319764	false	0.0
torheit	neg 1.0		__DUMMY__ 0.9167618773605817 off 0.04254489672664306 neg 0.04069322591277522	false	0.5
dreckskind	off 1.0		__DUMMY__ 0.904987566897039 off 0.05366405710407807 neg 0.04134837599888286	false	1.0
umtauschen	neg 1.0		__DUMMY__ 0.9180510896814078 neg 0.04180689087060315 off 0.04014201944798911	false	1.0
zum			__DUMMY__ 0.930320164446611 neg 0.03586104264188277 off 0.03381879291150626	false	0.0
zersetzen	neg 1.0		__DUMMY__ 0.9197304780870789 neg 0.042728813897092995 off 0.03754070801582812	false	1.0
zur			__DUMMY__ 0.9257777721934001 neg 0.04003701962682743 off 0.03418520817977248	false	0.0
frust	neg 1.0		__DUMMY__ 0.9192140433767839 neg 0.04118811646710441 off 0.039597840156111674	false	1.0
unerbittlichkeit	neg 1.0		__DUMMY__ 0.9211586251419358 neg 0.04066037632460215 off 0.038180998533461956	false	1.0
zwei			__DUMMY__ 0.9267271281956886 neg 0.039824683738296035 off 0.03344818806601536	false	0.0
unkorrekt	neg 1.0		__DUMMY__ 0.9104974703182365 off 0.04765561280973117 neg 0.0418469168720323	false	0.5
hexe	off 1.0		__DUMMY__ 0.9113462055012315 off 0.044933659292328454 neg 0.04372013520644009	false	1.0
lasch	neg 1.0		__DUMMY__ 0.9144882439040807 off 0.04499026844835247 neg 0.04052148764756675	false	0.5
rivale	neg 1.0		__DUMMY__ 0.9109505361467831 off 0.04870473528241706 neg 0.040344728570799765	false	0.5
mutlos	off 1.0	off 1.0	off 0.5057768846037091 __DUMMY__ 0.4566179820001277 neg 0.03760513339616339	false	1.0
wirr	off 1.0		__DUMMY__ 0.9097036827222804 off 0.049353006259869756 neg 0.040943311017849815	false	1.0
jahr			__DUMMY__ 0.9265945013927113 off 0.03702171760516102 neg 0.0363837810021277	false	0.0
wird			__DUMMY__ 0.92049356749545 neg 0.04072538331851753 off 0.03878104918603249	false	0.0
strafbar	neg 1.0		__DUMMY__ 0.9210398542323622 neg 0.040871173452252094 off 0.03808897231538571	false	1.0
erosion	neg 1.0		__DUMMY__ 0.917656512841857 off 0.04120335016011677 neg 0.041140136998026204	false	0.5
eingehen	neg 1.0		__DUMMY__ 0.9192104432035293 neg 0.042520298467974844 off 0.038269258328495884	false	1.0
faul	off 1.0		__DUMMY__ 0.9144810411532767 off 0.04447079138284104 neg 0.041048167463882304	false	1.0
provisorium	neg 1.0		__DUMMY__ 0.930425595981045 neg 0.03863753901746423 off 0.03093686500149071	false	1.0
schmerzen	neg 1.0		__DUMMY__ 0.9180551144018875 neg 0.042283368675445826 off 0.03966151692266659	false	1.0
schrumpfen	neg 1.0		__DUMMY__ 0.9223388195997987 neg 0.04324744136733271 off 0.03441373903286855	false	1.0
geistlos	off 1.0		__DUMMY__ 0.9132374557290578 off 0.04415926885890083 neg 0.042603275412041425	false	1.0
fehlkauf	neg 1.0		__DUMMY__ 0.9140493230745147 off 0.04344795089820068 neg 0.04250272602728465	false	0.5
frustrierend	neg 1.0		__DUMMY__ 0.9145633068044449 off 0.04456608599003224 neg 0.0408706072055229	false	0.5
unzufrieden	neg 1.0		__DUMMY__ 0.9191034644470102 neg 0.04143293648442421 off 0.03946359906856562	false	1.0
verzweifeln	neg 1.0		__DUMMY__ 0.9189224175937235 neg 0.04061988739592551 off 0.04045769501035092	false	1.0
verzweifelt	neg 1.0		__DUMMY__ 0.9164651060247585 off 0.042453423953018564 neg 0.04108147002222296	false	0.5
misstrauensantrag	neg 1.0		__DUMMY__ 0.9159683979114945 off 0.04277655428092517 neg 0.041255047807580235	false	0.5
abfallen	neg 1.0		__DUMMY__ 0.9173303309312921 neg 0.04169001335616799 off 0.0409796557125399	false	1.0
fucker	off 1.0		__DUMMY__ 0.9115632033716277 off 0.04853725412218131 neg 0.03989954250619103	false	1.0
ungezogen	neg 1.0		__DUMMY__ 0.9047731544245573 off 0.05437550205309819 neg 0.040851343522344555	false	0.5
irrsinnig	neg 1.0	neg 1.0	neg 0.5079879915517297 __DUMMY__ 0.45359446041731527 off 0.038417548030955	false	1.0
unfassbar	neg 1.0		__DUMMY__ 0.9132762636828785 off 0.04634108242721609 neg 0.04038265388990536	false	0.5
hart	neg 1.0		__DUMMY__ 0.9079394438822921 off 0.046368222996459395 neg 0.04569233312124847	false	0.5
widerlich	off 1.0		__DUMMY__ 0.9120796137117368 off 0.04682871784849999 neg 0.04109166843976312	false	1.0
fatal	neg 1.0	neg 1.0	neg 0.5103537225884005 __DUMMY__ 0.4498499581633841 off 0.039796319248215355	false	1.0
bruch	neg 1.0		__DUMMY__ 0.9252317545578007 neg 0.03911264822887885 off 0.035655597213320456	false	1.0
aushungern	neg 1.0		__DUMMY__ 0.9162790174969399 neg 0.043147041932344574 off 0.040573940570715575	false	1.0
anspannung	neg 1.0		__DUMMY__ 0.9278351478644202 neg 0.03839455162179641 off 0.03377030051378332	false	1.0
von			__DUMMY__ 0.9227866114634399 neg 0.040692907215583066 off 0.036520481320977	false	0.0
kraftlos	neg 1.0		__DUMMY__ 0.9202863155441363 neg 0.040924764246561156 off 0.038788920209302524	false	1.0
vom			__DUMMY__ 0.9321882543785707 neg 0.03660616367084012 off 0.031205581950589128	false	0.0
grenzdebil	off 1.0		__DUMMY__ 0.9119404895016847 off 0.046566022715600223 neg 0.04149348778271507	false	1.0
vor			__DUMMY__ 0.9233415772830543 neg 0.04088280842055933 off 0.0357756142963863	false	0.0
unterwerfen	neg 1.0		__DUMMY__ 0.920585130111508 neg 0.04084278873172537 off 0.03857208115676664	false	1.0
versenkung	neg 1.0		__DUMMY__ 0.9210133646027148 neg 0.04073959730552434 off 0.03824703809176089	false	1.0
entziehen	neg 1.0		__DUMMY__ 0.9218577195198231 neg 0.04159828948560126 off 0.03654399099457561	false	1.0
finanzkrise	neg 1.0		__DUMMY__ 0.9116292983924575 neg 0.04720502365454463 off 0.041165677952997824	false	1.0
schimpfend	neg 1.0		__DUMMY__ 0.9189793206487064 off 0.041351936549067964 neg 0.03966874280222559	false	0.5
profan	neg 1.0		__DUMMY__ 0.9155417004492553 off 0.043222055257214946 neg 0.04123624429352975	false	0.5
korruption	neg 1.0		__DUMMY__ 0.9169502122026437 neg 0.043120837390505144 off 0.03992895040685109	false	1.0
â			__DUMMY__ 0.919501766087765 neg 0.04181640123576774 off 0.03868183267646715	false	0.0
schmutzig	neg 1.0		__DUMMY__ 0.9125440231958629 off 0.046704936960870656 neg 0.04075103984326642	false	0.5
sexy	neg 1.0		__DUMMY__ 0.9153684697424129 off 0.04443979597785973 neg 0.040191734279727324	false	0.5
abraten	neg 1.0		__DUMMY__ 0.9168196129692178 off 0.042722923054196046 neg 0.040457463976586276	false	0.5
schwarz	neg 1.0		__DUMMY__ 0.915881227193999 off 0.04314356582505389 neg 0.04097520698094711	false	0.5
fotze	off 1.0	off 1.0	off 0.5059316389373963 __DUMMY__ 0.45638529557679386 neg 0.037683065485809866	false	1.0
verwirren	neg 1.0		__DUMMY__ 0.9157996466720496 off 0.04349364419163833 neg 0.04070670913631208	false	0.5
zahnlos	off 1.0		__DUMMY__ 0.9183538911443012 neg 0.04133258083269474 off 0.04031352802300396	false	0.5
verheeren	neg 1.0		__DUMMY__ 0.9048323481988046 off 0.05579748652656723 neg 0.03937016527462803	false	0.5
hippie	neg 1.0		__DUMMY__ 0.9148932341241875 off 0.04425587109290866 neg 0.04085089478290379	false	0.5
rammen	neg 1.0		__DUMMY__ 0.9179755238118281 off 0.04112459848815076 neg 0.04089987770002119	false	0.5
unlauter	neg 1.0		__DUMMY__ 0.9148370506836853 off 0.043119141075772104 neg 0.04204380824054264	false	0.5
unheilvoll	neg 1.0		__DUMMY__ 0.916372486644327 off 0.04184951290693504 neg 0.04177800044873792	false	0.5
niedrig	neg 1.0		__DUMMY__ 0.9181092881204012 neg 0.04329560196507028 off 0.038595109914528594	false	1.0
explosion	neg 1.0		__DUMMY__ 0.915443201493126 off 0.044036872016945484 neg 0.04051992648992859	false	0.5
weichei	off 1.0	off 1.0	off 0.5164169570386048 __DUMMY__ 0.445008697089705 neg 0.03857434587169017	false	1.0
minusmensch	off 1.0		__DUMMY__ 0.9033506697328165 off 0.055843827418152595 neg 0.040805502849030895	false	1.0
farblos	neg 1.0		__DUMMY__ 0.9155851464730996 neg 0.04274984502656924 off 0.04166500850033122	false	1.0
unwissend	neg 1.0	neg 1.0	neg 0.5084084781114919 __DUMMY__ 0.4502401272655867 off 0.0413513946229214	false	1.0
traurig	neg 1.0		__DUMMY__ 0.9108702566365307 off 0.048449332613773655 neg 0.04068041074969571	false	0.5
senkung	neg 1.0		__DUMMY__ 0.911568683268851 neg 0.04474757411614379 off 0.043683742615005204	false	1.0
ungleich	neg 1.0	neg 1.0	neg 0.50756352576028 __DUMMY__ 0.457212387526351 off 0.03522408671336904	false	1.0
heikel	neg 1.0		__DUMMY__ 0.9209148963779878 neg 0.04138877768281024 off 0.03769632593920184	false	1.0
drosselung	neg 1.0		__DUMMY__ 0.9085392643272334 off 0.04660392901849843 neg 0.04485680665426808	false	0.5
falsch	neg 1.0		__DUMMY__ 0.9150301289172817 off 0.044603495295858976 neg 0.04036637578685934	false	0.5
unzufriedenheit	neg 1.0		__DUMMY__ 0.9191553981424022 neg 0.043151272179138 off 0.037693329678459765	false	1.0
kurz	neg 1.0		__DUMMY__ 0.9209411112754499 neg 0.03988841267819551 off 0.039170476046354645	false	1.0
unsinnig	neg 1.0		__DUMMY__ 0.9164122433654727 neg 0.04287889009501851 off 0.04070886653950877	false	1.0
penner	off 1.0	off 1.0	off 0.517976662751928 __DUMMY__ 0.4443938947569886 neg 0.03762944249108354	false	1.0
seicht	neg 1.0		__DUMMY__ 0.902598456724074 off 0.05411717000039481 neg 0.043284373275531196	false	0.5
dummheit	off 1.0	off 1.0	off 0.5100398354293225 __DUMMY__ 0.45125197997877364 neg 0.038708184591903824	false	1.0
unerfreulich	neg 1.0		__DUMMY__ 0.9214629977241774 neg 0.04115718010278638 off 0.037379822173036203	false	1.0
motherfucker	off 1.0	off 1.0	off 0.5138801792029518 __DUMMY__ 0.449046988023142 neg 0.037072832773906286	false	1.0
pikiert	neg 1.0	neg 1.0	neg 0.5084315077739302 __DUMMY__ 0.44976939476073036 off 0.041799097465339455	false	1.0
wrack	neg 1.0		__DUMMY__ 0.9260042524425938 off 0.038993106632230594 neg 0.035002640925175625	false	0.5
gangster	neg 1.0		__DUMMY__ 0.9146597554390681 off 0.04438435795025764 neg 0.040955886610674314	false	0.5
krank	neg 1.0	neg 1.0	neg 0.5063068439288189 __DUMMY__ 0.45150876886932145 off 0.042184387201859644	false	1.0
reich	neg 1.0		__DUMMY__ 0.9118907875160006 off 0.044755205627760745 neg 0.04335400685623864	false	0.5
gnadenlos	neg 1.0		__DUMMY__ 0.9176129972925879 off 0.04220864470169993 neg 0.04017835800571212	false	0.5
niedergeschlagen	neg 1.0		__DUMMY__ 0.9207480220043583 neg 0.04028807618711912 off 0.0389639018085225	false	1.0
terrorisieren	off 1.0	off 1.0	off 0.50482942048618 __DUMMY__ 0.45792525199063266 neg 0.037245327523187356	false	1.0
sinnlosigkeit	neg 1.0		__DUMMY__ 0.919130523803913 neg 0.041034417433325705 off 0.03983505876276124	false	1.0
behindern	neg 1.0		__DUMMY__ 0.9168573648502882 neg 0.0422707058274296 off 0.040871929322282105	false	1.0
undemokratisch	neg 1.0		__DUMMY__ 0.9147521669331873 off 0.04363813206045792 neg 0.04160970100635474	false	0.5
wirtschaftskrise	neg 1.0		__DUMMY__ 0.9152553020328049 neg 0.045135601324434914 off 0.03960909664276013	false	1.0
neid	neg 1.0		__DUMMY__ 0.9152078056230525 off 0.04383243242542323 neg 0.040959761951524315	false	0.5
rutschen	neg 1.0		__DUMMY__ 0.9267016103533662 neg 0.040108466083099946 off 0.033189923563533924	false	1.0
rezession	neg 1.0		__DUMMY__ 0.9058643374687976 off 0.049004280403303395 neg 0.04513138212789907	false	0.5
fehlgeburt	neg 1.0		__DUMMY__ 0.9200859041298989 off 0.04103020875862163 neg 0.038883887111479436	false	0.5
charakterschwach	off 1.0		__DUMMY__ 0.9119680231763703 off 0.046515937788018935 neg 0.04151603903561083	false	1.0
isolation	neg 1.0		__DUMMY__ 0.9158377887497464 off 0.044431778696283744 neg 0.039730432553969755	false	0.5
ablenkung	neg 1.0		__DUMMY__ 0.9192435176550963 off 0.04090376285360055 neg 0.03985271949130319	false	0.5
pech	neg 1.0		__DUMMY__ 0.9149812616925622 off 0.04440489715532096 neg 0.040613841152116845	false	0.5
vermeidung	neg 1.0		__DUMMY__ 0.9115802174402965 off 0.04643573050838781 neg 0.041984052051315744	false	0.5
dominieren	neg 1.0		__DUMMY__ 0.920234017880992 off 0.04000060345214302 neg 0.03976537866686486	false	0.5
schwindlig	neg 1.0		__DUMMY__ 0.915969431000753 off 0.04235025616998726 neg 0.04168031282925967	false	0.5
lutscher	neg 1.0	neg 1.0	neg 0.5091780297568886 __DUMMY__ 0.44047425664982975 off 0.050347713593281634	false	1.0
pflicht	neg 1.0		__DUMMY__ 0.9232328597660711 neg 0.04007292687462947 off 0.0366942133592995	false	1.0
faschist	off 1.0		__DUMMY__ 0.9146292299709332 off 0.044823364525866466 neg 0.04054740550320037	false	1.0
verschleudern	neg 1.0		__DUMMY__ 0.9165343241337297 neg 0.044986845847345115 off 0.03847883001892517	false	1.0
wenn			__DUMMY__ 0.9138225083683447 off 0.04538066736881053 neg 0.04079682426284477	false	0.0
ehebruch	neg 1.0		__DUMMY__ 0.9195484484305317 neg 0.04133728075311992 off 0.03911427081634844	false	1.0
spott	off 1.0		__DUMMY__ 0.9208581561295655 neg 0.040171764697821466 off 0.03897007917261305	false	0.5
trostlosigkeit	neg 1.0		__DUMMY__ 0.9198343619932077 neg 0.043568194801858445 off 0.03659744320493395	false	1.0
lutschen	neg 1.0		__DUMMY__ 0.9138097042754547 off 0.04473518063249688 neg 0.041455115092048495	false	0.5
undiszipliniert	neg 1.0		__DUMMY__ 0.9118251121193747 off 0.04777661876241119 neg 0.04039826911821415	false	0.5
kopfschmerz	neg 1.0		__DUMMY__ 0.9181187307385654 neg 0.04385987016239151 off 0.03802139909904301	false	1.0
unvorhergesehen	neg 1.0		__DUMMY__ 0.9234376855146278 neg 0.04048124595249702 off 0.03608106853287513	false	1.0
desinteressiert	neg 1.0		__DUMMY__ 0.9114624010535791 off 0.04735377105194163 neg 0.04118382789447925	false	0.5
armselig	off 1.0		__DUMMY__ 0.9100941171383053 off 0.04942109243711555 neg 0.040484790424579045	false	1.0
desaster	neg 1.0		__DUMMY__ 0.9213811552374325 neg 0.042345156199949364 off 0.03627368856261806	false	1.0
tod	neg 1.0		__DUMMY__ 0.9223750935383761 neg 0.03985362603023113 off 0.03777128043139278	false	1.0
herzlos	neg 1.0		__DUMMY__ 0.9103306714478259 off 0.04883115450972162 neg 0.04083817404245249	false	0.5
unwissenheit	neg 1.0		__DUMMY__ 0.9187623712224133 neg 0.04169873551762671 off 0.03953889325995988	false	1.0
widersinnig	neg 1.0		__DUMMY__ 0.9158313460708426 neg 0.04323838834173922 off 0.04093026558741814	false	1.0
bedenklich	neg 1.0		__DUMMY__ 0.9187549277571254 neg 0.04240350569651499 off 0.03884156654635958	false	1.0
beanstanden	neg 1.0		__DUMMY__ 0.9231048474416113 neg 0.03972691247779644 off 0.03716824008059231	false	1.0
panisch	neg 1.0		__DUMMY__ 0.9179712108034163 off 0.042498460056201365 neg 0.039530329140382396	false	0.5
debil	off 1.0		__DUMMY__ 0.9267476405446673 neg 0.04190560494732471 off 0.03134675450800789	false	0.5
abstrich	neg 1.0		__DUMMY__ 0.9176563179777508 neg 0.04352579081356099 off 0.03881789120868807	false	1.0
primitiv	neg 1.0		__DUMMY__ 0.9118183876447417 off 0.047590474981993765 neg 0.04059113737326457	false	0.5
abschaum	off 1.0	off 1.0	off 0.5121607248071219 __DUMMY__ 0.4518151080187103 neg 0.03602416717416779	false	1.0
provozieren	neg 1.0		__DUMMY__ 0.9162176033192813 off 0.04222007837237875 neg 0.04156231830833999	false	0.5
tot	neg 1.0		__DUMMY__ 0.9183834033042874 neg 0.04272705357751286 off 0.03888954311819979	false	1.0
instabil	neg 1.0		__DUMMY__ 0.9097074926660349 off 0.04964560275960852 neg 0.040646904574356574	false	0.5
schwuchtel	off 1.0	off 1.0	off 0.5238626472456736 __DUMMY__ 0.43775093353168715 neg 0.038386419222639336	false	1.0
zerren	neg 1.0		__DUMMY__ 0.920887781896353 neg 0.040047023371185264 off 0.039065194732461735	false	1.0
kinderficker	off 1.0		__DUMMY__ 0.9079091168401306 off 0.05140861703248317 neg 0.04068226612738614	false	1.0
gefahr	neg 1.0		__DUMMY__ 0.922355640390626 neg 0.040596853214815896 off 0.0370475063945581	false	1.0
rabiat	neg 1.0		__DUMMY__ 0.916947732685276 neg 0.04236173364324368 off 0.04069053367148035	false	1.0
verlangsamung	neg 1.0		__DUMMY__ 0.9063643803623335 off 0.05294894238825929 neg 0.04068667724940717	false	0.5
ausgestorben	neg 1.0		__DUMMY__ 0.9189781027224132 neg 0.0407481891295943 off 0.040273708147992436	false	1.0
anklagen	neg 1.0		__DUMMY__ 0.9188504572073513 neg 0.041044445087569735 off 0.040105097705078974	false	1.0
trott	neg 1.0		__DUMMY__ 0.9176657892420327 neg 0.04124444471879522 off 0.04108976603917204	false	1.0
verminderung	neg 1.0		__DUMMY__ 0.9121466030119993 off 0.04640899969169517 neg 0.04144439729630544	false	0.5
nach			__DUMMY__ 0.9287659137550028 neg 0.039043382522719335 off 0.03219070372227787	false	0.0
rost	neg 1.0		__DUMMY__ 0.9088588723797777 off 0.05370238071580289 neg 0.037438746904419416	false	0.5
destruktiv	neg 1.0		__DUMMY__ 0.9170291475232881 neg 0.04166959196704204 off 0.04130126050966988	false	1.0
unzumutbarkeit	neg 1.0		__DUMMY__ 0.9130322248225866 off 0.04645438300898307 neg 0.04051339216843038	false	0.5
labil	off 1.0	off 1.0	off 0.5116235735038982 __DUMMY__ 0.45058429328829974 neg 0.037792133207801996	false	1.0
ziemlich	neg 1.0		__DUMMY__ 0.9141363729561199 off 0.046008524412350336 neg 0.03985510263152966	false	0.5
lachnummer	off 1.0		__DUMMY__ 0.9179790143903099 off 0.04196403287192398 neg 0.04005695273776619	false	1.0
oder			__DUMMY__ 0.9188726137173524 off 0.041445066317031806 neg 0.03968231996561583	false	0.0
verfall	neg 1.0		__DUMMY__ 0.9218328745720128 neg 0.043716708188304455 off 0.03445041723968285	false	1.0
ausgrenzung	neg 1.0		__DUMMY__ 0.914531534339006 off 0.043509607555244155 neg 0.04195885810574975	false	0.5
unordnung	neg 1.0		__DUMMY__ 0.9086233529468901 off 0.0497918694152367 neg 0.04158477763787326	false	0.5
fehlverhalten	neg 1.0		__DUMMY__ 0.9207394078041342 neg 0.04106372054350709 off 0.03819687165235865	false	1.0
eine			__DUMMY__ 0.9223497694208685 neg 0.04144860064030684 off 0.03620162993882465	false	0.0
nille	neg 1.0		__DUMMY__ 0.9173393426699377 off 0.041613609996083455 neg 0.04104704733397882	false	0.5
qual	neg 1.0		__DUMMY__ 0.917506381950365 neg 0.0416502140054172 off 0.04084340404421774	false	1.0
verschwenden	neg 1.0		__DUMMY__ 0.9191931734630702 neg 0.043083359691704015 off 0.03772346684522585	false	1.0
riesig	neg 1.0		__DUMMY__ 0.9216285473939705 neg 0.04073806874602651 off 0.03763338386000298	false	1.0
verurteilen	neg 1.0		__DUMMY__ 0.918411150476772 neg 0.041562350268435334 off 0.04002649925479273	false	1.0
klischee	neg 1.0	neg 1.0	neg 0.5082821821056553 __DUMMY__ 0.4508897686649625 off 0.0408280492293822	false	1.0
diktatorisch	neg 1.0		__DUMMY__ 0.9140061959461916 off 0.04375507780323394 neg 0.0422387262505744	false	0.5
vorhersehbar	neg 1.0		__DUMMY__ 0.913648174667018 off 0.04411647680908635 neg 0.04223534852389569	false	0.5
sowie			__DUMMY__ 0.9061490156172513 off 0.05074712661503008 neg 0.043103857767718676	false	0.0
stornieren	neg 1.0		__DUMMY__ 0.9201604212100668 off 0.043401368484279966 neg 0.036438210305653154	false	0.5
besteuerung	neg 1.0	neg 1.0	neg 0.5119480064668901 __DUMMY__ 0.4498022637779504 off 0.038249729755159584	false	1.0
ungeschminkt	neg 1.0		__DUMMY__ 0.9114768865132955 off 0.04707123752738176 neg 0.041451875959322704	false	0.5
kritisch	neg 1.0		__DUMMY__ 0.9193519056709584 neg 0.04100265920537814 off 0.03964543512366342	false	1.0
schlamperei	off 1.0		__DUMMY__ 0.9197256498520566 neg 0.041781014737157784 off 0.0384933354107856	false	0.5
sucht	neg 1.0	neg 1.0	neg 0.5059720906705022 __DUMMY__ 0.45597217794667244 off 0.03805573138282529	false	1.0
egoistisch	off 1.0	off 1.0	off 0.5163277787324615 __DUMMY__ 0.44704109513072715 neg 0.03663112613681135	false	1.0
ausbeuter	off 1.0		__DUMMY__ 0.9184220244558641 neg 0.04353790586952862 off 0.038040069674607296	false	0.5
arschgeburt	off 1.0		__DUMMY__ 0.8989089080597085 off 0.05923211955070731 neg 0.041858972389584276	false	1.0
schubs	neg 1.0		__DUMMY__ 0.9183056184331821 neg 0.043599168674006386 off 0.03809521289281151	false	1.0
unsolide	neg 1.0		__DUMMY__ 0.9162764474666181 off 0.043959385264731546 neg 0.03976416726865039	false	0.5
beschwerde	neg 1.0		__DUMMY__ 0.9195827641628251 neg 0.04060164423075869 off 0.039815591606416276	false	1.0
stocken	neg 1.0		__DUMMY__ 0.9200522813580593 neg 0.04106060331546757 off 0.038887115326473244	false	1.0
isolieren	neg 1.0		__DUMMY__ 0.9181230518827311 neg 0.042090741656686935 off 0.039786206460582	false	1.0
unheilbar	neg 1.0		__DUMMY__ 0.9181862558492502 off 0.041579615530157495 neg 0.04023412862059226	false	0.5
pisser	off 1.0	off 1.0	off 0.5142973144801023 __DUMMY__ 0.4482806911371617 neg 0.03742199438273609	false	1.0
löschen	neg 1.0		__DUMMY__ 0.9162980159717553 neg 0.04196492694278107 off 0.04173705708546361	false	1.0
durchfallen	neg 1.0		__DUMMY__ 0.9198076491850026 neg 0.04088040572008024 off 0.039311945094917214	false	1.0
wichser	off 1.0	off 1.0	off 0.5204810947018044 __DUMMY__ 0.44213489418309615 neg 0.03738401111509944	false	1.0
terror	neg 1.0		__DUMMY__ 0.9151482106371005 off 0.043835292524120946 neg 0.04101649683877863	false	0.5
krass	neg 1.0		__DUMMY__ 0.909175682155628 off 0.04988901863601309 neg 0.04093529920835879	false	0.5
revolte	neg 1.0		__DUMMY__ 0.911058940493637 off 0.04492494694132297 neg 0.044016112565040115	false	0.5
besorgt	neg 1.0		__DUMMY__ 0.9215894435889637 off 0.03950288582625748 neg 0.038907670584778835	false	0.5
nachlassen	neg 1.0		__DUMMY__ 0.9217078632848102 neg 0.0397875350339357 off 0.038504601681253976	false	1.0
alt	neg 1.0		__DUMMY__ 0.9152259669603777 neg 0.046974494069872724 off 0.037799538969749545	false	1.0
hundesohn	off 1.0	off 1.0	off 0.5199708444250982 __DUMMY__ 0.4419987791145427 neg 0.03803037646035904	false	1.0
als			__DUMMY__ 0.918739113904523 neg 0.041620509287888595 off 0.039640376807588355	false	0.0
abschreckung	neg 1.0		__DUMMY__ 0.9204721919081923 neg 0.0419936984817851 off 0.03753410961002264	false	1.0
unqualifiziert	neg 1.0		__DUMMY__ 0.9142893780702657 off 0.0453006203614387 neg 0.04041000156829569	false	0.5
abgewichst	off 1.0		__DUMMY__ 0.9185656461128262 off 0.04087147238400303 neg 0.040562881503170785	false	1.0
schwer	neg 1.0		__DUMMY__ 0.9186334599764013 off 0.040865069189626804 neg 0.0405014708339719	false	0.5
bedeutungslosigkeit	neg 1.0		__DUMMY__ 0.9203325781345485 neg 0.041722869689350406 off 0.03794455217610105	false	1.0
kapitulation	neg 1.0		__DUMMY__ 0.917198427869133 neg 0.043339501805085646 off 0.03946207032578147	false	1.0
unscharf	neg 1.0		__DUMMY__ 0.9130636418801298 neg 0.0444368797115849 off 0.042499478408285316	false	1.0
schwinden	neg 1.0		__DUMMY__ 0.9194200580044698 neg 0.04258731776693312 off 0.03799262422859715	false	1.0
versklavung	neg 1.0	neg 1.0	neg 0.5096570218115161 __DUMMY__ 0.45108921494216075 off 0.039253763246323244	false	1.0
schlecht	neg 1.0		__DUMMY__ 0.9141951954835865 off 0.04618993181212135 neg 0.03961487270429222	false	0.5
verhasst	neg 1.0		__DUMMY__ 0.9151925786871109 off 0.042829120321564114 neg 0.041978300991325074	false	0.5
beschweren	neg 1.0		__DUMMY__ 0.9171058783378454 off 0.042934486202977615 neg 0.0399596354591769	false	0.5
scheiden	neg 1.0		__DUMMY__ 0.9186596266334353 off 0.04088778933302534 neg 0.04045258403353941	false	0.5
frustriert	neg 1.0		__DUMMY__ 0.9191303735981314 neg 0.040667946934161626 off 0.04020167946770698	false	1.0
schimmelig	neg 1.0		__DUMMY__ 0.9172221797722546 neg 0.04476657308733474 off 0.038011247140410626	false	1.0
fisch	neg 1.0		__DUMMY__ 0.9185989781640886 neg 0.04613408462544427 off 0.0352669372104671	false	1.0
schmuggel	neg 1.0		__DUMMY__ 0.9235020564586369 neg 0.04020618941140901 off 0.036291754129954015	false	1.0
auffallen	neg 1.0		__DUMMY__ 0.9161463003189524 off 0.043287766078874024 neg 0.04056593360217349	false	0.5
konkurrenz	neg 1.0		__DUMMY__ 0.923132154155861 neg 0.039271434435852244 off 0.0375964114082867	false	1.0
teufelskreis	neg 1.0	neg 1.0	neg 0.5096903798229464 __DUMMY__ 0.4530507888732328 off 0.03725883130382082	false	1.0
aufschreien	neg 1.0		__DUMMY__ 0.9139523940621185 off 0.043902857937813636 neg 0.04214474800006795	false	0.5
schuldner	neg 1.0		__DUMMY__ 0.9175061192289576 neg 0.04471332362277017 off 0.037780557148272234	false	1.0
missgeburt	off 1.0	off 1.0	off 0.5182521906517337 __DUMMY__ 0.4454689203215772 neg 0.03627888902668907	false	1.0
arbeitslos	neg 1.0		__DUMMY__ 0.9189338772148044 neg 0.041742092993684074 off 0.039324029791511526	false	1.0
befallen	neg 1.0		__DUMMY__ 0.9133212424677535 neg 0.045965630117336925 off 0.04071312741490965	false	1.0
miesepetrig	off 1.0	off 1.0	off 0.5110533577112143 __DUMMY__ 0.45157052896858324 neg 0.037376113320202464	false	1.0
alarmieren	neg 1.0		__DUMMY__ 0.9135933220992103 off 0.045693771946487265 neg 0.04071290595430249	false	0.5
ungeduscht	off 1.0		__DUMMY__ 0.9134214113493953 off 0.044391534045347555 neg 0.042187054605257186	false	1.0
knappheit	neg 1.0		__DUMMY__ 0.916337494421754 neg 0.04406472349658377 off 0.03959778208166218	false	1.0
schlange	neg 1.0		__DUMMY__ 0.9185558735973935 off 0.041371653279463204 neg 0.040072473123143215	false	0.5
harsch	neg 1.0		__DUMMY__ 0.911695354896135 off 0.04963861154557522 neg 0.03866603355828985	false	0.5
lang	neg 1.0		__DUMMY__ 0.9165733565697545 off 0.04239990327579682 neg 0.0410267401544487	false	0.5
ziellos	neg 1.0		__DUMMY__ 0.9220368992517453 neg 0.04016925825336367 off 0.03779384249489112	false	1.0
selbstverliebt	neg 1.0		__DUMMY__ 0.9039168082918027 off 0.05643080803414103 neg 0.03965238367405628	false	0.5
beseitigen	neg 1.0		__DUMMY__ 0.9192414183016528 off 0.041049567923088 neg 0.03970901377525909	false	0.5
dumm	off 1.0		__DUMMY__ 0.9070845776087031 off 0.05196681527227554 neg 0.04094860711902129	false	1.0
arbeitsloser	neg 1.0		__DUMMY__ 0.9239906300311106 off 0.0394293422778078 neg 0.03658002769108154	false	0.5
blitzen	neg 1.0		__DUMMY__ 0.9132901732155194 off 0.044729829334203886 neg 0.0419799974502767	false	0.5
hilflos	neg 1.0		__DUMMY__ 0.9191198163107673 neg 0.04167665958339577 off 0.039203524105836926	false	1.0
eklig	off 1.0		__DUMMY__ 0.9051880957583289 off 0.05228147678637732 neg 0.042530427455293764	false	1.0
begriff			__DUMMY__ 0.9186028454790924 off 0.041034779097017596 neg 0.04036237542388998	false	0.0
hungersnot	neg 1.0		__DUMMY__ 0.916935579106382 neg 0.04344629397158495 off 0.039618126922032995	false	1.0
ungesetzlich	neg 1.0		__DUMMY__ 0.9151495235212541 off 0.043909570429499216 neg 0.04094090604924667	false	0.5
verschwendung	neg 1.0		__DUMMY__ 0.9202357581365992 neg 0.04199787644632911 off 0.037766365417071665	false	1.0
schmerzvoll	neg 1.0		__DUMMY__ 0.9154582112414293 off 0.042577499156687494 neg 0.04196428960188311	false	0.5
vorzeitig	neg 1.0		__DUMMY__ 0.9166935610898785 off 0.045663633205282765 neg 0.03764280570483868	false	0.5
unvollkommenheit	neg 1.0		__DUMMY__ 0.9189552985172817 neg 0.04123969655120712 off 0.03980500493151115	false	1.0
intervenieren	neg 1.0		__DUMMY__ 0.9173149997979241 neg 0.044105781256821304 off 0.038579218945254644	false	1.0
banause	off 1.0		__DUMMY__ 0.9017920540316456 off 0.05366861378995292 neg 0.04453933217840138	false	1.0
rebell	neg 1.0		__DUMMY__ 0.9204877855031699 neg 0.04537413892223017 off 0.03413807557459993	false	1.0
unlogisch	neg 1.0		__DUMMY__ 0.9098763931749921 off 0.04831724956572655 neg 0.04180635725928135	false	0.5
leiden	neg 1.0		__DUMMY__ 0.9247457803277981 neg 0.039127110162493296 off 0.03612710950970858	false	1.0
abschaffung	neg 1.0		__DUMMY__ 0.9149007773120515 neg 0.04269680834844934 off 0.042402414339499164	false	1.0
sturz	neg 1.0		__DUMMY__ 0.9193437975098692 off 0.04302855780720806 neg 0.03762764468292272	false	0.5
verkleinerung	neg 1.0		__DUMMY__ 0.9099854561331823 off 0.04517512168657974 neg 0.044839422180238064	false	0.5
schmarotzer	off 1.0		__DUMMY__ 0.91845921361045 neg 0.0414027203666342 off 0.04013806602291578	false	0.5
bestrafung	neg 1.0	neg 1.0	neg 0.5071643303951365 __DUMMY__ 0.4547470669989025 off 0.038088602605961024	false	1.0
achtlos	neg 1.0		__DUMMY__ 0.9201706959397778 off 0.04006309670538315 neg 0.03976620735483895	false	0.5
ungeheuer	neg 1.0		__DUMMY__ 0.9165772124040995 neg 0.04192360304423382 off 0.04149918455166667	false	1.0
