unsolidarisch	neg 1.0		__DUMMY__ 0.9149191183729057 neg 0.042656145953999594 off 0.04242473567309461	false	1.0
nachteilig	neg 1.0		__DUMMY__ 0.9220984700442285 neg 0.039679529207490745 off 0.03822200074828081	false	1.0
skeptisch	neg 1.0		__DUMMY__ 0.9210903020800686 neg 0.04153091585847577 off 0.037378782061455555	false	1.0
schrecklich	neg 1.0		__DUMMY__ 0.9106783676774598 off 0.04874999599808433 neg 0.04057163632445594	false	0.5
schlapp	neg 1.0	neg 1.0	neg 0.5071383433214507 __DUMMY__ 0.4515505512518624 off 0.04131110542668686	false	1.0
abfall	neg 1.0		__DUMMY__ 0.9259410050953898 neg 0.039321860983976206 off 0.03473713392063403	false	1.0
widerspenstig	neg 1.0		__DUMMY__ 0.9165366597088179 neg 0.043033502115097134 off 0.04042983817608498	false	1.0
abrupt	neg 1.0		__DUMMY__ 0.9198578686851894 neg 0.04348378688886286 off 0.036658344425947786	false	1.0
unwirksam	neg 1.0		__DUMMY__ 0.9117884355059425 neg 0.0464947755288516 off 0.041716788965205906	false	1.0
angreifen	neg 1.0		__DUMMY__ 0.92166136021403 neg 0.04133711101838534 off 0.03700152876758463	false	1.0
inkonsistent	neg 1.0		__DUMMY__ 0.9145678112674851 off 0.043188582630932545 neg 0.04224360610158242	false	0.5
abrutschen	neg 1.0		__DUMMY__ 0.9249635267957571 neg 0.04057533231675427 off 0.034461140887488605	false	1.0
unsicher	neg 1.0		__DUMMY__ 0.9187010121785336 off 0.04113568528811121 neg 0.04016330253335511	false	0.5
bauernkind	off 1.0	off 1.0	off 0.5157244029640279 __DUMMY__ 0.4426486100179106 neg 0.041626987018061404	false	1.0
angreifer	neg 1.0		__DUMMY__ 0.9175828016764875 off 0.04442995602761183 neg 0.03798724229590067	false	0.5
trennen	neg 1.0		__DUMMY__ 0.922997164524934 neg 0.040482127950114966 off 0.03652070752495101	false	1.0
schmutz	neg 1.0		__DUMMY__ 0.9218383354977804 off 0.04327425009303695 neg 0.03488741440918269	false	0.5
inkonsistenz	neg 1.0		__DUMMY__ 0.9143827384209621 off 0.045427878726031184 neg 0.04018938285300665	false	0.5
erschreckend	neg 1.0		__DUMMY__ 0.9181343166523759 neg 0.041112854579205195 off 0.04075282876841888	false	1.0
ertrinken	neg 1.0		__DUMMY__ 0.920387296448388 neg 0.043159471836253974 off 0.03645323171535801	false	1.0
pickelface	off 1.0		__DUMMY__ 0.91689372596228 off 0.041570727101857774 neg 0.04153554693586216	false	1.0
seiner			__DUMMY__ 0.9226255433865241 neg 0.040232016483806664 off 0.037142440129669184	false	0.0
lauch	neg 1.0	neg 1.0	neg 0.5089193482242591 __DUMMY__ 0.45955645928114197 off 0.031524192494598965	false	1.0
unwichtig	neg 1.0		__DUMMY__ 0.9134292682904435 off 0.04535329058138182 neg 0.04121744112817469	false	0.5
steuerhinterziehung	neg 1.0		__DUMMY__ 0.9168422819506915 neg 0.04227196818874902 off 0.04088574986055942	false	1.0
schock	neg 1.0		__DUMMY__ 0.919180429994923 neg 0.041059249696202976 off 0.039760320308874046	false	1.0
beule	neg 1.0		__DUMMY__ 0.9118559061923978 off 0.046872724504388966 neg 0.04127136930321324	false	0.5
vergelten	neg 1.0		__DUMMY__ 0.9116179467174729 off 0.04979296904552979 neg 0.038589084236997376	false	0.5
verdorbenheit	neg 1.0		__DUMMY__ 0.9166793702200311 off 0.04166821122505283 neg 0.04165241855491606	false	0.5
trauma	neg 1.0		__DUMMY__ 0.9156341208927629 off 0.042389874473308796 neg 0.04197600463392833	false	0.5
sinnlos	neg 1.0		__DUMMY__ 0.9160454126753788 off 0.04291989161070895 neg 0.04103469571391234	false	0.5
fettsack	off 1.0	off 1.0	off 0.5168931547343141 __DUMMY__ 0.4429888430243847 neg 0.040118002241301236	false	1.0
feige	off 1.0	off 1.0	off 0.5124238531662032 __DUMMY__ 0.44906323241282853 neg 0.038512914420968276	false	1.0
abdanken	neg 1.0		__DUMMY__ 0.9180886423832749 off 0.04117193042878412 neg 0.04073942718794096	false	0.5
wichtigtuer	off 1.0	off 1.0	off 0.5098315108189303 __DUMMY__ 0.4531918286381757 neg 0.03697666054289404	false	1.0
misslingen	neg 1.0	neg 1.0	neg 0.5018616448001239 __DUMMY__ 0.45987901060323155 off 0.03825934459664449	false	1.0
untreu	off 1.0		__DUMMY__ 0.9124183614779312 off 0.046422513618285206 neg 0.04115912490378363	false	1.0
missmutig	neg 1.0		__DUMMY__ 0.9144641372431852 off 0.04418991089188089 neg 0.04134595186493391	false	0.5
hurenbock	off 1.0		__DUMMY__ 0.9128851262600787 neg 0.04601399212343937 off 0.04110088161648204	false	0.5
betrunken	neg 1.0		__DUMMY__ 0.9113371474814922 off 0.04774644875822181 neg 0.0409164037602861	false	0.5
korrupt	off 1.0		__DUMMY__ 0.9162990376939896 neg 0.04305394184158641 off 0.040647020464423984	false	0.5
unmut	neg 1.0		__DUMMY__ 0.9224938968356772 neg 0.04153303306619639 off 0.03597307009812646	false	1.0
hackfresse	off 1.0		__DUMMY__ 0.9070609604880358 off 0.05256168985606317 neg 0.040377349655901	false	1.0
aufblasen	neg 1.0		__DUMMY__ 0.9176958395953755 off 0.041298981176377064 neg 0.04100517922824751	false	0.5
gewaltsam	neg 1.0		__DUMMY__ 0.9181326564266427 neg 0.04096525745061778 off 0.04090208612273959	false	1.0
unbeliebtheit	neg 1.0		__DUMMY__ 0.9130549287425821 off 0.04653070282542742 neg 0.04041436843199046	false	0.5
sturheit	neg 1.0		__DUMMY__ 0.9197853979189884 off 0.0407440620722214 neg 0.0394705400087903	false	0.5
kuh	neg 1.0		__DUMMY__ 0.9075877287973317 neg 0.04893934657427764 off 0.04347292462839068	false	1.0
erschrecken	neg 1.0		__DUMMY__ 0.9151623016999214 off 0.04456626721398126 neg 0.040271431086097306	false	0.5
opfer	neg 1.0		__DUMMY__ 0.922521990906609 neg 0.039009851940935376 off 0.03846815715245558	false	1.0
sinken	neg 1.0		__DUMMY__ 0.9209997007595256 neg 0.042702258636210993 off 0.03629804060426343	false	1.0
stinktier	neg 1.0		__DUMMY__ 0.9037319981651908 off 0.05076091456655257 neg 0.045507087268256606	false	0.5
tucke	off 1.0		__DUMMY__ 0.9011814015309533 off 0.054272667940976314 neg 0.044545930528070356	false	1.0
ein			__DUMMY__ 0.9164973296400621 neg 0.0432435155831893 off 0.040259154776748504	false	0.0
abstieg	neg 1.0		__DUMMY__ 0.9241558889462893 off 0.03951104580292692 neg 0.03633306525078379	false	0.5
missverstehen	neg 1.0		__DUMMY__ 0.915276560192719 off 0.04371251302201378 neg 0.04101092678526723	false	0.5
ergebnislos	neg 1.0		__DUMMY__ 0.9226781963780891 neg 0.039098790901531066 off 0.0382230127203798	false	1.0
unter			__DUMMY__ 0.9298974992526747 neg 0.03908428226836756 off 0.031018218478957724	false	0.0
manipulieren	neg 1.0		__DUMMY__ 0.9225704244292051 neg 0.039641204213894055 off 0.03778837135690078	false	1.0
unbewiesen	neg 1.0	neg 1.0	neg 0.507089976469259 __DUMMY__ 0.4541094299721767 off 0.03880059355856425	false	1.0
verschleppen	neg 1.0		__DUMMY__ 0.9191539681396 neg 0.04164979251544562 off 0.03919623934495439	false	1.0
weib	off 1.0		__DUMMY__ 0.9031900527516346 off 0.0545062339943475 neg 0.04230371325401793	false	1.0
opposition	neg 1.0		__DUMMY__ 0.9145466344206304 neg 0.04304690022393179 off 0.04240646535543768	false	1.0
verkehrswidrig	neg 1.0	neg 1.0	neg 0.5031286475528761 __DUMMY__ 0.4516804470295524 off 0.04519090541757137	false	1.0
inkorrekt	neg 1.0		__DUMMY__ 0.9099432434541718 off 0.04896471424787051 neg 0.04109204229795773	false	0.5
vermeiden	neg 1.0		__DUMMY__ 0.9257962357106858 neg 0.04039153649752435 off 0.03381222779178983	false	1.0
abweichung	neg 1.0	neg 1.0	neg 0.504234490865255 __DUMMY__ 0.4599803039681466 off 0.035785205166598416	false	1.0
alkoholisiert	neg 1.0		__DUMMY__ 0.9255195330355291 neg 0.038240843013244694 off 0.03623962395122622	false	1.0
scheiss	off 1.0	off 1.0	off 0.5127860844647936 __DUMMY__ 0.44844693522993134 neg 0.03876698030527512	false	1.0
herausforderung	neg 1.0		__DUMMY__ 0.9210115747631871 neg 0.039775665575342116 off 0.0392127596614708	false	1.0
pervers	off 1.0		__DUMMY__ 0.9022802222428943 off 0.056426786861174576 neg 0.04129299089593114	false	1.0
wackelig	neg 1.0		__DUMMY__ 0.9213818510348344 neg 0.039916839124304736 off 0.038701309840860836	false	1.0
verwickeln	neg 1.0		__DUMMY__ 0.9156022400151409 off 0.04300587429089605 neg 0.04139188569396311	false	0.5
vorwand	neg 1.0		__DUMMY__ 0.9218071783261943 neg 0.041615298995019825 off 0.036577522678785855	false	1.0
muschi	off 1.0		__DUMMY__ 0.9186102244401094 neg 0.04073819264522655 off 0.040651582914664024	false	0.5
entmutigung	neg 1.0		__DUMMY__ 0.9135725330669068 off 0.04375399115731767 neg 0.04267347577577546	false	0.5
unangemessen	neg 1.0		__DUMMY__ 0.9192910866971001 off 0.0404258674871105 neg 0.04028304581578941	false	0.5
unstetig	neg 1.0		__DUMMY__ 0.9151378168406704 off 0.044371534305173946 neg 0.040490648854155716	false	0.5
entmutigen	neg 1.0		__DUMMY__ 0.9172618410915068 off 0.04200555541406973 neg 0.04073260349442349	false	0.5
schwanz	neg 1.0		__DUMMY__ 0.9191732741303449 neg 0.04215457769048503 off 0.03867214817917016	false	1.0
verbot	neg 1.0		__DUMMY__ 0.9167032484120219 neg 0.04297077168162024 off 0.04032597990635783	false	1.0
leid	neg 1.0		__DUMMY__ 0.9088519283021157 off 0.05001822098609152 neg 0.041129850711792745	false	0.5
archaisch	neg 1.0		__DUMMY__ 0.9178608069573247 neg 0.042035749683272755 off 0.04010344335940254	false	1.0
gegen			__DUMMY__ 0.9243039064925243 neg 0.03926139004722154 off 0.03643470346025413	false	0.0
scheidung	neg 1.0		__DUMMY__ 0.9052916528179651 off 0.05948698947672305 neg 0.03522135770531186	false	0.5
einschlag	neg 1.0		__DUMMY__ 0.913375995530058 off 0.04889615698689952 neg 0.0377278474830425	false	0.5
m			__DUMMY__ 0.9198561397709738 neg 0.040927195901067664 off 0.03921666432795862	false	0.0
abgestanden	neg 1.0		__DUMMY__ 0.911650084337631 neg 0.04772780092059693 off 0.04062211474177218	false	1.0
schmierig	off 1.0		__DUMMY__ 0.9092335317481121 off 0.04984286388070011 neg 0.0409236043711878	false	1.0
unpraktisch	neg 1.0		__DUMMY__ 0.9179414278382174 off 0.04201159208898416 neg 0.040046980072798416	false	0.5
wixxer	off 1.0		__DUMMY__ 0.9004495258480587 off 0.05679289690697933 neg 0.04275757724496195	false	1.0
bezeichnet			__DUMMY__ 0.9180749977369069 off 0.04160705172185204 neg 0.04031795054124111	false	0.0
jammerlappen	off 1.0		__DUMMY__ 0.9137360864580537 off 0.04563647984213461 neg 0.040627433699811574	false	1.0
farce	neg 1.0		__DUMMY__ 0.9153934408809621 neg 0.04295313651546339 off 0.04165342260357441	false	1.0
zwecklos	neg 1.0		__DUMMY__ 0.9187579315023839 neg 0.04161409869294275 off 0.039627969804673306	false	1.0
turbulent	neg 1.0		__DUMMY__ 0.9118993084797056 off 0.047238199233830006 neg 0.04086249228646434	false	0.5
invasion	neg 1.0		__DUMMY__ 0.9156530202508776 off 0.04340810666691442 neg 0.040938873082208005	false	0.5
schuld	neg 1.0		__DUMMY__ 0.9166376776345343 off 0.0424127904024632 neg 0.04094953196300251	false	0.5
risiko	neg 1.0		__DUMMY__ 0.9136408451473336 neg 0.04324474592062114 off 0.04311440893204527	false	1.0
finster	neg 1.0		__DUMMY__ 0.9164821820837433 neg 0.04319534179752188 off 0.040322476118734844	false	1.0
geisteskrank	off 1.0		__DUMMY__ 0.9111001122897292 off 0.047863406037176884 neg 0.0410364816730939	false	1.0
zusammenbrechen	neg 1.0		__DUMMY__ 0.9185248201567896 neg 0.041737192377368726 off 0.03973798746584165	false	1.0
ausbeute	neg 1.0		__DUMMY__ 0.9218734168719104 off 0.039885309091155036 neg 0.03824127403693468	false	0.5
hinterhalt	neg 1.0		__DUMMY__ 0.9182836466391328 neg 0.04199643392952075 off 0.039719919431346555	false	1.0
kritik	neg 1.0		__DUMMY__ 0.9153308927010929 neg 0.043208702876944415 off 0.04146040442196273	false	1.0
einschrumpfen	neg 1.0		__DUMMY__ 0.910496331091091 off 0.04577814677637005 neg 0.04372552213253892	false	0.5
riskant	neg 1.0		__DUMMY__ 0.9201363599649492 neg 0.042272058848704386 off 0.03759158118634639	false	1.0
frustrieren	neg 1.0		__DUMMY__ 0.9188021519518336 neg 0.04282323341151281 off 0.038374614636653634	false	1.0
groll	neg 1.0		__DUMMY__ 0.9201575702028323 neg 0.04007792622043536 off 0.039764503576732356	false	1.0
gibt			__DUMMY__ 0.9198232185942693 neg 0.04077476721003283 off 0.03940201419569782	false	0.0
qualvoll	neg 1.0		__DUMMY__ 0.9160576443327063 off 0.042888938546598414 neg 0.0410534171206953	false	0.5
wackeln	neg 1.0		__DUMMY__ 0.9182364898168381 off 0.0409248978156496 neg 0.04083861236751224	false	0.5
klagen	neg 1.0		__DUMMY__ 0.9209577976448873 neg 0.04218733563211925 off 0.036854866722993415	false	1.0
bankrott	neg 1.0		__DUMMY__ 0.9155529477393425 off 0.04483241662509901 neg 0.039614635635558504	false	0.5
trauern	neg 1.0		__DUMMY__ 0.9251788486917875 off 0.037454401185102466 neg 0.03736675012311003	false	0.5
ablehnung	neg 1.0		__DUMMY__ 0.9162962849929099 neg 0.04275546629720726 off 0.04094824870988271	false	1.0
stur	neg 1.0		__DUMMY__ 0.9158142031173014 off 0.042387556694794166 neg 0.04179824018790443	false	0.5
aufruhr	neg 1.0	neg 1.0	neg 0.507397179331 __DUMMY__ 0.4548357177284866 off 0.03776710294051333	false	1.0
melancholie	neg 1.0		__DUMMY__ 0.9196727939809183 neg 0.04355171921338858 off 0.03677548680569313	false	1.0
ist			__DUMMY__ 0.9164402541774395 off 0.042713892029363015 neg 0.04084585379319748	false	0.0
torheit	neg 1.0		__DUMMY__ 0.9167618773605817 off 0.0425448967266431 neg 0.040693225912775285	false	0.5
dreckskind	off 1.0		__DUMMY__ 0.9049875668970394 off 0.05366405710407786 neg 0.04134837599888277	false	1.0
umtauschen	neg 1.0		__DUMMY__ 0.9180510896814079 neg 0.04180689087060306 off 0.040142019447989015	false	1.0
zum			__DUMMY__ 0.930320164446611 neg 0.035861042641882744 off 0.03381879291150625	false	0.0
zersetzen	neg 1.0		__DUMMY__ 0.919730478087079 neg 0.04272881389709297 off 0.03754070801582811	false	1.0
zur			__DUMMY__ 0.9257777721934 neg 0.040037019626827514 off 0.03418520817977253	false	0.0
frust	neg 1.0		__DUMMY__ 0.9192140433767839 neg 0.041188116467104366 off 0.039597840156111654	false	1.0
unerbittlichkeit	neg 1.0		__DUMMY__ 0.9211586251419359 neg 0.04066037632460212 off 0.03818099853346192	false	1.0
zwei			__DUMMY__ 0.9267271281956885 neg 0.039824683738296056 off 0.033448188066015475	false	0.0
unkorrekt	neg 1.0		__DUMMY__ 0.9104974703182366 off 0.047655612809731136 neg 0.041846916872032326	false	0.5
hexe	off 1.0		__DUMMY__ 0.9113462055012315 off 0.044933659292328475 neg 0.04372013520644	false	1.0
lasch	neg 1.0		__DUMMY__ 0.9144882439040806 off 0.04499026844835256 neg 0.04052148764756686	false	0.5
rivale	neg 1.0		__DUMMY__ 0.9109505361467833 off 0.048704735282417 neg 0.04034472857079972	false	0.5
mutlos	off 1.0	off 1.0	off 0.505776884603709 __DUMMY__ 0.4566179820001277 neg 0.0376051333961634	false	1.0
wirr	off 1.0		__DUMMY__ 0.9097036827222804 off 0.04935300625986984 neg 0.040943311017849725	false	1.0
jahr			__DUMMY__ 0.9265945013927113 off 0.03702171760516098 neg 0.03638378100212776	false	0.0
wird			__DUMMY__ 0.92049356749545 neg 0.04072538331851756 off 0.03878104918603254	false	0.0
strafbar	neg 1.0		__DUMMY__ 0.9210398542323621 neg 0.040871173452252135 off 0.038088972315385765	false	1.0
erosion	neg 1.0		__DUMMY__ 0.917656512841857 off 0.04120335016011671 neg 0.04114013699802626	false	0.5
eingehen	neg 1.0		__DUMMY__ 0.9192104432035294 neg 0.04252029846797483 off 0.03826925832849588	false	1.0
faul	off 1.0		__DUMMY__ 0.9144810411532767 off 0.04447079138284096 neg 0.04104816746388239	false	1.0
provisorium	neg 1.0		__DUMMY__ 0.930425595981045 neg 0.03863753901746424 off 0.030936865001490732	false	1.0
schmerzen	neg 1.0		__DUMMY__ 0.9180551144018875 neg 0.042283368675445805 off 0.03966151692266659	false	1.0
schrumpfen	neg 1.0		__DUMMY__ 0.9223388195997987 neg 0.043247441367332703 off 0.03441373903286855	false	1.0
geistlos	off 1.0		__DUMMY__ 0.9132374557290577 off 0.04415926885890082 neg 0.042603275412041494	false	1.0
fehlkauf	neg 1.0		__DUMMY__ 0.9140493230745148 off 0.043447950898200575 neg 0.04250272602728463	false	0.5
frustrierend	neg 1.0		__DUMMY__ 0.914563306804445 off 0.04456608599003226 neg 0.040870607205522824	false	0.5
unzufrieden	neg 1.0		__DUMMY__ 0.91910346444701 neg 0.04143293648442437 off 0.039463599068565655	false	1.0
verzweifeln	neg 1.0		__DUMMY__ 0.9189224175937235 neg 0.04061988739592558 off 0.04045769501035096	false	1.0
verzweifelt	neg 1.0		__DUMMY__ 0.9164651060247586 off 0.042453423953018515 neg 0.04108147002222294	false	0.5
misstrauensantrag	neg 1.0		__DUMMY__ 0.9159683979114949 off 0.04277655428092516 neg 0.04125504780758008	false	0.5
abfallen	neg 1.0		__DUMMY__ 0.9173303309312921 neg 0.041690013356168086 off 0.04097965571253988	false	1.0
fucker	off 1.0		__DUMMY__ 0.9115632033716278 off 0.04853725412218127 neg 0.03989954250619104	false	1.0
ungezogen	neg 1.0		__DUMMY__ 0.9047731544245573 off 0.05437550205309815 neg 0.04085134352234455	false	0.5
irrsinnig	neg 1.0	neg 1.0	neg 0.5079879915517297 __DUMMY__ 0.45359446041731516 off 0.03841754803095506	false	1.0
unfassbar	neg 1.0		__DUMMY__ 0.9132762636828785 off 0.04634108242721611 neg 0.040382653889905334	false	0.5
hart	neg 1.0		__DUMMY__ 0.9079394438822921 off 0.04636822299645939 neg 0.04569233312124847	false	0.5
widerlich	off 1.0		__DUMMY__ 0.9120796137117368 off 0.04682871784850006 neg 0.041091668439763133	false	1.0
fatal	neg 1.0	neg 1.0	neg 0.5103537225884004 __DUMMY__ 0.4498499581633842 off 0.03979631924821532	false	1.0
bruch	neg 1.0		__DUMMY__ 0.9252317545578007 neg 0.03911264822887891 off 0.035655597213320456	false	1.0
aushungern	neg 1.0		__DUMMY__ 0.9162790174969397 neg 0.043147041932344636 off 0.04057394057071566	false	1.0
anspannung	neg 1.0		__DUMMY__ 0.9278351478644203 neg 0.03839455162179636 off 0.033770300513783276	false	1.0
von			__DUMMY__ 0.9227866114634399 neg 0.04069290721558309 off 0.03652048132097703	false	0.0
kraftlos	neg 1.0		__DUMMY__ 0.9202863155441362 neg 0.0409247642465612 off 0.038788920209302524	false	1.0
vom			__DUMMY__ 0.9321882543785707 neg 0.03660616367084011 off 0.031205581950589163	false	0.0
grenzdebil	off 1.0		__DUMMY__ 0.9119404895016847 off 0.04656602271560017 neg 0.04149348778271507	false	1.0
vor			__DUMMY__ 0.9233415772830543 neg 0.04088280842055941 off 0.0357756142963863	false	0.0
unterwerfen	neg 1.0		__DUMMY__ 0.9205851301115081 neg 0.04084278873172535 off 0.038572081156766594	false	1.0
versenkung	neg 1.0		__DUMMY__ 0.9210133646027148 neg 0.040739597305524344 off 0.03824703809176084	false	1.0
entziehen	neg 1.0		__DUMMY__ 0.9218577195198233 neg 0.04159828948560126 off 0.03654399099457551	false	1.0
finanzkrise	neg 1.0		__DUMMY__ 0.9116292983924575 neg 0.047205023654544674 off 0.041165677952997796	false	1.0
schimpfend	neg 1.0		__DUMMY__ 0.9189793206487066 off 0.04135193654906788 neg 0.03966874280222561	false	0.5
profan	neg 1.0		__DUMMY__ 0.9155417004492553 off 0.043222055257214995 neg 0.041236244293529734	false	0.5
korruption	neg 1.0		__DUMMY__ 0.9169502122026437 neg 0.043120837390505165 off 0.03992895040685111	false	1.0
â			__DUMMY__ 0.9195017660877651 neg 0.04181640123576767 off 0.038681832676467215	false	0.0
schmutzig	neg 1.0		__DUMMY__ 0.9125440231958627 off 0.04670493696087079 neg 0.04075103984326649	false	0.5
sexy	neg 1.0		__DUMMY__ 0.915368469742413 off 0.044439795977859686 neg 0.040191734279727255	false	0.5
abraten	neg 1.0		__DUMMY__ 0.9168196129692178 off 0.042722923054196005 neg 0.04045746397658631	false	0.5
schwarz	neg 1.0		__DUMMY__ 0.915881227193999 off 0.04314356582505386 neg 0.04097520698094708	false	0.5
fotze	off 1.0	off 1.0	off 0.5059316389373963 __DUMMY__ 0.45638529557679386 neg 0.037683065485809984	false	1.0
verwirren	neg 1.0		__DUMMY__ 0.9157996466720495 off 0.043493644191638335 neg 0.04070670913631218	false	0.5
zahnlos	off 1.0		__DUMMY__ 0.9183538911443015 neg 0.04133258083269463 off 0.040313528023003836	false	0.5
verheeren	neg 1.0		__DUMMY__ 0.904832348198805 off 0.05579748652656712 neg 0.039370165274628	false	0.5
hippie	neg 1.0		__DUMMY__ 0.9148932341241877 off 0.04425587109290859 neg 0.04085089478290375	false	0.5
rammen	neg 1.0		__DUMMY__ 0.9179755238118282 off 0.04112459848815064 neg 0.04089987770002116	false	0.5
unlauter	neg 1.0		__DUMMY__ 0.9148370506836851 off 0.043119141075772145 neg 0.042043808240542636	false	0.5
unheilvoll	neg 1.0		__DUMMY__ 0.916372486644327 off 0.04184951290693505 neg 0.04177800044873791	false	0.5
niedrig	neg 1.0		__DUMMY__ 0.9181092881204012 neg 0.04329560196507027 off 0.03859510991452858	false	1.0
explosion	neg 1.0		__DUMMY__ 0.9154432014931262 off 0.04403687201694531 neg 0.040519926489928484	false	0.5
weichei	off 1.0	off 1.0	off 0.5164169570386048 __DUMMY__ 0.4450086970897051 neg 0.038574345871690195	false	1.0
minusmensch	off 1.0		__DUMMY__ 0.9033506697328165 off 0.055843827418152595 neg 0.040805502849030964	false	1.0
farblos	neg 1.0		__DUMMY__ 0.9155851464730996 neg 0.04274984502656922 off 0.04166500850033121	false	1.0
unwissend	neg 1.0	neg 1.0	neg 0.5084084781114919 __DUMMY__ 0.4502401272655868 off 0.04135139462292144	false	1.0
traurig	neg 1.0		__DUMMY__ 0.9108702566365305 off 0.048449332613773585 neg 0.04068041074969587	false	0.5
senkung	neg 1.0		__DUMMY__ 0.911568683268851 neg 0.04474757411614383 off 0.04368374261500523	false	1.0
ungleich	neg 1.0	neg 1.0	neg 0.50756352576028 __DUMMY__ 0.45721238752635096 off 0.03522408671336904	false	1.0
heikel	neg 1.0		__DUMMY__ 0.9209148963779878 neg 0.04138877768281026 off 0.037696325939201795	false	1.0
drosselung	neg 1.0		__DUMMY__ 0.9085392643272333 off 0.04660392901849853 neg 0.0448568066542681	false	0.5
falsch	neg 1.0		__DUMMY__ 0.9150301289172817 off 0.044603495295858976 neg 0.04036637578685934	false	0.5
unzufriedenheit	neg 1.0		__DUMMY__ 0.9191553981424022 neg 0.043151272179138 off 0.037693329678459786	false	1.0
kurz	neg 1.0		__DUMMY__ 0.9209411112754496 neg 0.03988841267819561 off 0.03917047604635469	false	1.0
unsinnig	neg 1.0		__DUMMY__ 0.9164122433654727 neg 0.04287889009501858 off 0.04070886653950876	false	1.0
penner	off 1.0	off 1.0	off 0.5179766627519281 __DUMMY__ 0.4443938947569882 neg 0.037629442491083666	false	1.0
seicht	neg 1.0		__DUMMY__ 0.9025984567240739 off 0.054117170000394815 neg 0.04328437327553121	false	0.5
dummheit	off 1.0	off 1.0	off 0.5100398354293226 __DUMMY__ 0.4512519799787735 neg 0.038708184591903935	false	1.0
unerfreulich	neg 1.0		__DUMMY__ 0.9214629977241775 neg 0.04115718010278638 off 0.037379822173036203	false	1.0
motherfucker	off 1.0	off 1.0	off 0.5138801792029518 __DUMMY__ 0.449046988023142 neg 0.03707283277390622	false	1.0
pikiert	neg 1.0	neg 1.0	neg 0.5084315077739301 __DUMMY__ 0.44976939476073036 off 0.04179909746533952	false	1.0
wrack	neg 1.0		__DUMMY__ 0.9260042524425938 off 0.03899310663223057 neg 0.03500264092517561	false	0.5
gangster	neg 1.0		__DUMMY__ 0.9146597554390682 off 0.04438435795025761 neg 0.04095588661067427	false	0.5
krank	neg 1.0	neg 1.0	neg 0.5063068439288189 __DUMMY__ 0.4515087688693215 off 0.04218438720185968	false	1.0
reich	neg 1.0		__DUMMY__ 0.9118907875160006 off 0.04475520562776079 neg 0.04335400685623862	false	0.5
gnadenlos	neg 1.0		__DUMMY__ 0.9176129972925877 off 0.042208644701699966 neg 0.04017835800571225	false	0.5
niedergeschlagen	neg 1.0		__DUMMY__ 0.9207480220043583 neg 0.0402880761871191 off 0.038963901808522494	false	1.0
terrorisieren	off 1.0	off 1.0	off 0.50482942048618 __DUMMY__ 0.4579252519906327 neg 0.03724532752318726	false	1.0
sinnlosigkeit	neg 1.0		__DUMMY__ 0.9191305238039129 neg 0.0410344174333258 off 0.03983505876276125	false	1.0
behindern	neg 1.0		__DUMMY__ 0.9168573648502882 neg 0.04227070582742966 off 0.0408719293222821	false	1.0
undemokratisch	neg 1.0		__DUMMY__ 0.9147521669331874 off 0.04363813206045787 neg 0.0416097010063547	false	0.5
wirtschaftskrise	neg 1.0		__DUMMY__ 0.9152553020328049 neg 0.045135601324434914 off 0.039609096642760126	false	1.0
neid	neg 1.0		__DUMMY__ 0.9152078056230525 off 0.043832432425423146 neg 0.040959761951524315	false	0.5
rutschen	neg 1.0		__DUMMY__ 0.9267016103533661 neg 0.0401084660831 off 0.033189923563533945	false	1.0
rezession	neg 1.0		__DUMMY__ 0.9058643374687976 off 0.04900428040330335 neg 0.04513138212789912	false	0.5
fehlgeburt	neg 1.0		__DUMMY__ 0.9200859041298988 off 0.04103020875862168 neg 0.038883887111479484	false	0.5
charakterschwach	off 1.0		__DUMMY__ 0.91196802317637 off 0.04651593778801901 neg 0.041516039035610915	false	1.0
isolation	neg 1.0		__DUMMY__ 0.9158377887497463 off 0.044431778696283765 neg 0.03973043255396987	false	0.5
ablenkung	neg 1.0		__DUMMY__ 0.9192435176550963 off 0.04090376285360056 neg 0.03985271949130324	false	0.5
pech	neg 1.0		__DUMMY__ 0.9149812616925623 off 0.04440489715532089 neg 0.040613841152116734	false	0.5
vermeidung	neg 1.0		__DUMMY__ 0.9115802174402965 off 0.04643573050838773 neg 0.04198405205131576	false	0.5
dominieren	neg 1.0		__DUMMY__ 0.920234017880992 off 0.040000603452142965 neg 0.039765378666864915	false	0.5
schwindlig	neg 1.0		__DUMMY__ 0.9159694310007529 off 0.042350256169987305 neg 0.04168031282925972	false	0.5
lutscher	neg 1.0	neg 1.0	neg 0.5091780297568888 __DUMMY__ 0.4404742566498297 off 0.05034771359328164	false	1.0
pflicht	neg 1.0		__DUMMY__ 0.9232328597660711 neg 0.04007292687462947 off 0.03669421335929949	false	1.0
faschist	off 1.0		__DUMMY__ 0.9146292299709332 off 0.04482336452586647 neg 0.04054740550320035	false	1.0
verschleudern	neg 1.0		__DUMMY__ 0.9165343241337297 neg 0.04498684584734505 off 0.0384788300189252	false	1.0
wenn			__DUMMY__ 0.9138225083683448 off 0.04538066736881058 neg 0.04079682426284468	false	0.0
ehebruch	neg 1.0		__DUMMY__ 0.9195484484305317 neg 0.04133728075311989 off 0.03911427081634844	false	1.0
spott	off 1.0		__DUMMY__ 0.9208581561295656 neg 0.04017176469782142 off 0.038970079172613005	false	0.5
trostlosigkeit	neg 1.0		__DUMMY__ 0.9198343619932077 neg 0.043568194801858424 off 0.036597443204933966	false	1.0
lutschen	neg 1.0		__DUMMY__ 0.9138097042754545 off 0.044735180632496915 neg 0.04145511509204851	false	0.5
undiszipliniert	neg 1.0		__DUMMY__ 0.9118251121193749 off 0.047776618762411106 neg 0.0403982691182141	false	0.5
kopfschmerz	neg 1.0		__DUMMY__ 0.9181187307385654 neg 0.043859870162391526 off 0.038021399099043	false	1.0
unvorhergesehen	neg 1.0		__DUMMY__ 0.9234376855146278 neg 0.040481245952497004 off 0.03608106853287509	false	1.0
desinteressiert	neg 1.0		__DUMMY__ 0.9114624010535791 off 0.04735377105194158 neg 0.04118382789447923	false	0.5
armselig	off 1.0		__DUMMY__ 0.9100941171383056 off 0.0494210924371155 neg 0.040484790424578976	false	1.0
desaster	neg 1.0		__DUMMY__ 0.9213811552374325 neg 0.04234515619994943 off 0.03627368856261811	false	1.0
tod	neg 1.0		__DUMMY__ 0.9223750935383762 neg 0.039853626030231154 off 0.037771280431392745	false	1.0
herzlos	neg 1.0		__DUMMY__ 0.910330671447826 off 0.048831154509721524 neg 0.040838174042452435	false	0.5
unwissenheit	neg 1.0		__DUMMY__ 0.9187623712224133 neg 0.04169873551762676 off 0.03953889325995987	false	1.0
widersinnig	neg 1.0		__DUMMY__ 0.9158313460708426 neg 0.04323838834173923 off 0.040930265587418135	false	1.0
bedenklich	neg 1.0		__DUMMY__ 0.9187549277571255 neg 0.04240350569651491 off 0.038841566546359604	false	1.0
beanstanden	neg 1.0		__DUMMY__ 0.9231048474416113 neg 0.039726912477796396 off 0.03716824008059231	false	1.0
panisch	neg 1.0		__DUMMY__ 0.9179712108034163 off 0.04249846005620137 neg 0.039530329140382375	false	0.5
debil	off 1.0		__DUMMY__ 0.9267476405446674 neg 0.041905604947324704 off 0.03134675450800789	false	0.5
abstrich	neg 1.0		__DUMMY__ 0.9176563179777509 neg 0.04352579081356098 off 0.03881789120868808	false	1.0
primitiv	neg 1.0		__DUMMY__ 0.9118183876447417 off 0.04759047498199375 neg 0.040591137373264585	false	0.5
abschaum	off 1.0	off 1.0	off 0.5121607248071219 __DUMMY__ 0.4518151080187104 neg 0.036024167174167725	false	1.0
provozieren	neg 1.0		__DUMMY__ 0.9162176033192815 off 0.04222007837237862 neg 0.041562318308339966	false	0.5
tot	neg 1.0		__DUMMY__ 0.9183834033042875 neg 0.0427270535775128 off 0.03888954311819974	false	1.0
instabil	neg 1.0		__DUMMY__ 0.909707492666035 off 0.049645602759608526 neg 0.040646904574356546	false	0.5
schwuchtel	off 1.0	off 1.0	off 0.5238626472456736 __DUMMY__ 0.43775093353168715 neg 0.038386419222639294	false	1.0
zerren	neg 1.0		__DUMMY__ 0.9208877818963531 neg 0.04004702337118519 off 0.0390651947324617	false	1.0
kinderficker	off 1.0		__DUMMY__ 0.9079091168401306 off 0.051408617032483186 neg 0.0406822661273862	false	1.0
gefahr	neg 1.0		__DUMMY__ 0.922355640390626 neg 0.040596853214815876 off 0.037047506394558116	false	1.0
rabiat	neg 1.0		__DUMMY__ 0.9169477326852759 neg 0.0423617336432438 off 0.04069053367148037	false	1.0
verlangsamung	neg 1.0		__DUMMY__ 0.9063643803623335 off 0.05294894238825927 neg 0.04068667724940717	false	0.5
ausgestorben	neg 1.0		__DUMMY__ 0.9189781027224131 neg 0.040748189129594395 off 0.040273708147992526	false	1.0
anklagen	neg 1.0		__DUMMY__ 0.9188504572073513 neg 0.041044445087569784 off 0.04010509770507901	false	1.0
trott	neg 1.0		__DUMMY__ 0.9176657892420329 neg 0.04124444471879515 off 0.0410897660391719	false	1.0
verminderung	neg 1.0		__DUMMY__ 0.9121466030119991 off 0.04640899969169527 neg 0.041444397296305516	false	0.5
nach			__DUMMY__ 0.928765913755003 neg 0.039043382522719286 off 0.0321907037222778	false	0.0
rost	neg 1.0		__DUMMY__ 0.9088588723797777 off 0.053702380715802876 neg 0.037438746904419375	false	0.5
destruktiv	neg 1.0		__DUMMY__ 0.9170291475232882 neg 0.04166959196704201 off 0.04130126050966979	false	1.0
unzumutbarkeit	neg 1.0		__DUMMY__ 0.9130322248225865 off 0.04645438300898311 neg 0.04051339216843039	false	0.5
labil	off 1.0	off 1.0	off 0.5116235735038982 __DUMMY__ 0.45058429328829974 neg 0.03779213320780204	false	1.0
ziemlich	neg 1.0		__DUMMY__ 0.91413637295612 off 0.04600852441235033 neg 0.03985510263152959	false	0.5
lachnummer	off 1.0		__DUMMY__ 0.9179790143903099 off 0.04196403287192389 neg 0.04005695273776614	false	1.0
oder			__DUMMY__ 0.9188726137173523 off 0.04144506631703189 neg 0.03968231996561586	false	0.0
verfall	neg 1.0		__DUMMY__ 0.9218328745720125 neg 0.043716708188304615 off 0.03445041723968285	false	1.0
ausgrenzung	neg 1.0		__DUMMY__ 0.9145315343390061 off 0.0435096075552441 neg 0.04195885810574975	false	0.5
unordnung	neg 1.0		__DUMMY__ 0.9086233529468901 off 0.049791869415236695 neg 0.04158477763787326	false	0.5
fehlverhalten	neg 1.0		__DUMMY__ 0.9207394078041343 neg 0.041063720543507036 off 0.038196871652358605	false	1.0
eine			__DUMMY__ 0.9223497694208685 neg 0.041448600640306796 off 0.036201629938824656	false	0.0
nille	neg 1.0		__DUMMY__ 0.9173393426699379 off 0.041613609996083344 neg 0.041047047333978744	false	0.5
qual	neg 1.0		__DUMMY__ 0.9175063819503654 neg 0.041650214005417 off 0.040843404044217664	false	1.0
verschwenden	neg 1.0		__DUMMY__ 0.9191931734630702 neg 0.043083359691704015 off 0.037723466845225796	false	1.0
riesig	neg 1.0		__DUMMY__ 0.9216285473939705 neg 0.040738068746026534 off 0.03763338386000295	false	1.0
verurteilen	neg 1.0		__DUMMY__ 0.9184111504767721 neg 0.04156235026843525 off 0.040026499254792694	false	1.0
klischee	neg 1.0	neg 1.0	neg 0.5082821821056553 __DUMMY__ 0.45088976866496244 off 0.040828049229382234	false	1.0
diktatorisch	neg 1.0		__DUMMY__ 0.9140061959461916 off 0.04375507780323392 neg 0.04223872625057444	false	0.5
vorhersehbar	neg 1.0		__DUMMY__ 0.913648174667018 off 0.044116476809086355 neg 0.0422353485238957	false	0.5
sowie			__DUMMY__ 0.9061490156172511 off 0.050747126615030086 neg 0.0431038577677187	false	0.0
stornieren	neg 1.0		__DUMMY__ 0.9201604212100668 off 0.043401368484279966 neg 0.03643821030565314	false	0.5
besteuerung	neg 1.0	neg 1.0	neg 0.51194800646689 __DUMMY__ 0.44980226377795046 off 0.03824972975515952	false	1.0
ungeschminkt	neg 1.0		__DUMMY__ 0.9114768865132954 off 0.047071237527381814 neg 0.0414518759593228	false	0.5
kritisch	neg 1.0		__DUMMY__ 0.9193519056709584 neg 0.041002659205378066 off 0.0396454351236635	false	1.0
schlamperei	off 1.0		__DUMMY__ 0.9197256498520565 neg 0.04178101473715779 off 0.03849333541078569	false	0.5
sucht	neg 1.0	neg 1.0	neg 0.5059720906705022 __DUMMY__ 0.4559721779466724 off 0.0380557313828253	false	1.0
egoistisch	off 1.0	off 1.0	off 0.5163277787324616 __DUMMY__ 0.44704109513072693 neg 0.03663112613681144	false	1.0
ausbeuter	off 1.0		__DUMMY__ 0.9184220244558641 neg 0.04353790586952858 off 0.03804006967460732	false	0.5
arschgeburt	off 1.0		__DUMMY__ 0.8989089080597084 off 0.05923211955070733 neg 0.041858972389584345	false	1.0
schubs	neg 1.0		__DUMMY__ 0.9183056184331823 neg 0.04359916867400638 off 0.038095212892811404	false	1.0
unsolide	neg 1.0		__DUMMY__ 0.916276447466618 off 0.043959385264731574 neg 0.03976416726865039	false	0.5
beschwerde	neg 1.0		__DUMMY__ 0.9195827641628251 neg 0.04060164423075862 off 0.03981559160641626	false	1.0
stocken	neg 1.0		__DUMMY__ 0.9200522813580593 neg 0.04106060331546755 off 0.03888711532647325	false	1.0
isolieren	neg 1.0		__DUMMY__ 0.9181230518827309 neg 0.042090741656686956 off 0.03978620646058201	false	1.0
unheilbar	neg 1.0		__DUMMY__ 0.9181862558492503 off 0.04157961553015747 neg 0.0402341286205923	false	0.5
pisser	off 1.0	off 1.0	off 0.5142973144801022 __DUMMY__ 0.4482806911371618 neg 0.03742199438273605	false	1.0
löschen	neg 1.0		__DUMMY__ 0.9162980159717552 neg 0.04196492694278105 off 0.04173705708546364	false	1.0
durchfallen	neg 1.0		__DUMMY__ 0.9198076491850025 neg 0.04088040572008032 off 0.03931194509491722	false	1.0
wichser	off 1.0	off 1.0	off 0.5204810947018044 __DUMMY__ 0.4421348941830962 neg 0.037384011115099404	false	1.0
terror	neg 1.0		__DUMMY__ 0.9151482106371003 off 0.043835292524121106 neg 0.04101649683877868	false	0.5
krass	neg 1.0		__DUMMY__ 0.9091756821556279 off 0.049889018636013104 neg 0.040935299208358894	false	0.5
revolte	neg 1.0		__DUMMY__ 0.9110589404936369 off 0.04492494694132295 neg 0.04401611256504016	false	0.5
besorgt	neg 1.0		__DUMMY__ 0.9215894435889638 off 0.03950288582625744 neg 0.03890767058477877	false	0.5
nachlassen	neg 1.0		__DUMMY__ 0.9217078632848104 neg 0.03978753503393566 off 0.038504601681253976	false	1.0
alt	neg 1.0		__DUMMY__ 0.9152259669603777 neg 0.04697449406987268 off 0.037799538969749545	false	1.0
hundesohn	off 1.0	off 1.0	off 0.5199708444250983 __DUMMY__ 0.44199877911454255 neg 0.03803037646035911	false	1.0
als			__DUMMY__ 0.9187391139045231 neg 0.04162050928788866 off 0.03964037680758827	false	0.0
abschreckung	neg 1.0		__DUMMY__ 0.9204721919081923 neg 0.041993698481785094 off 0.03753410961002265	false	1.0
unqualifiziert	neg 1.0		__DUMMY__ 0.9142893780702657 off 0.0453006203614387 neg 0.04041000156829561	false	0.5
abgewichst	off 1.0		__DUMMY__ 0.9185656461128263 off 0.04087147238400301 neg 0.04056288150317075	false	1.0
schwer	neg 1.0		__DUMMY__ 0.9186334599764013 off 0.040865069189626776 neg 0.04050147083397188	false	0.5
bedeutungslosigkeit	neg 1.0		__DUMMY__ 0.9203325781345486 neg 0.0417228696893503 off 0.03794455217610097	false	1.0
kapitulation	neg 1.0		__DUMMY__ 0.9171984278691331 neg 0.043339501805085535 off 0.03946207032578139	false	1.0
unscharf	neg 1.0		__DUMMY__ 0.9130636418801297 neg 0.04443687971158497 off 0.04249947840828542	false	1.0
schwinden	neg 1.0		__DUMMY__ 0.9194200580044698 neg 0.04258731776693311 off 0.0379926242285971	false	1.0
versklavung	neg 1.0	neg 1.0	neg 0.5096570218115161 __DUMMY__ 0.45108921494216064 off 0.03925376324632329	false	1.0
schlecht	neg 1.0		__DUMMY__ 0.9141951954835863 off 0.04618993181212139 neg 0.039614872704292224	false	0.5
verhasst	neg 1.0		__DUMMY__ 0.9151925786871109 off 0.04282912032156411 neg 0.04197830099132509	false	0.5
beschweren	neg 1.0		__DUMMY__ 0.9171058783378454 off 0.0429344862029776 neg 0.039959635459176954	false	0.5
scheiden	neg 1.0		__DUMMY__ 0.9186596266334353 off 0.040887789333025296 neg 0.0404525840335394	false	0.5
frustriert	neg 1.0		__DUMMY__ 0.9191303735981313 neg 0.040667946934161626 off 0.04020167946770703	false	1.0
schimmelig	neg 1.0		__DUMMY__ 0.9172221797722546 neg 0.04476657308733476 off 0.03801124714041061	false	1.0
fisch	neg 1.0		__DUMMY__ 0.9185989781640886 neg 0.04613408462544422 off 0.03526693721046708	false	1.0
schmuggel	neg 1.0		__DUMMY__ 0.9235020564586369 neg 0.04020618941140903 off 0.036291754129954	false	1.0
auffallen	neg 1.0		__DUMMY__ 0.9161463003189524 off 0.04328776607887404 neg 0.04056593360217351	false	0.5
konkurrenz	neg 1.0		__DUMMY__ 0.923132154155861 neg 0.0392714344358522 off 0.03759641140828675	false	1.0
teufelskreis	neg 1.0	neg 1.0	neg 0.5096903798229465 __DUMMY__ 0.4530507888732327 off 0.03725883130382079	false	1.0
aufschreien	neg 1.0		__DUMMY__ 0.9139523940621185 off 0.0439028579378136 neg 0.042144748000067955	false	0.5
schuldner	neg 1.0		__DUMMY__ 0.9175061192289578 neg 0.04471332362277004 off 0.037780557148272186	false	1.0
missgeburt	off 1.0	off 1.0	off 0.5182521906517339 __DUMMY__ 0.4454689203215769 neg 0.03627888902668916	false	1.0
arbeitslos	neg 1.0		__DUMMY__ 0.9189338772148044 neg 0.04174209299368397 off 0.039324029791511596	false	1.0
befallen	neg 1.0		__DUMMY__ 0.9133212424677536 neg 0.04596563011733682 off 0.04071312741490959	false	1.0
miesepetrig	off 1.0	off 1.0	off 0.5110533577112143 __DUMMY__ 0.45157052896858335 neg 0.03737611332020242	false	1.0
alarmieren	neg 1.0		__DUMMY__ 0.9135933220992104 off 0.04569377194648721 neg 0.04071290595430242	false	0.5
ungeduscht	off 1.0		__DUMMY__ 0.9134214113493953 off 0.044391534045347555 neg 0.04218705460525715	false	1.0
knappheit	neg 1.0		__DUMMY__ 0.916337494421754 neg 0.04406472349658378 off 0.03959778208166218	false	1.0
schlange	neg 1.0		__DUMMY__ 0.9185558735973937 off 0.041371653279463204 neg 0.04007247312314319	false	0.5
harsch	neg 1.0		__DUMMY__ 0.911695354896135 off 0.04963861154557521 neg 0.03866603355828987	false	0.5
lang	neg 1.0		__DUMMY__ 0.9165733565697544 off 0.04239990327579696 neg 0.041026740154448675	false	0.5
ziellos	neg 1.0		__DUMMY__ 0.9220368992517451 neg 0.040169258253363746 off 0.0377938424948911	false	1.0
selbstverliebt	neg 1.0		__DUMMY__ 0.9039168082918028 off 0.05643080803414103 neg 0.03965238367405622	false	0.5
beseitigen	neg 1.0		__DUMMY__ 0.9192414183016531 off 0.04104956792308797 neg 0.039709013775259074	false	0.5
dumm	off 1.0		__DUMMY__ 0.9070845776087032 off 0.051966815272275514 neg 0.040948607119021235	false	1.0
arbeitsloser	neg 1.0		__DUMMY__ 0.9239906300311107 off 0.03942934227780782 neg 0.036580027691081464	false	0.5
blitzen	neg 1.0		__DUMMY__ 0.9132901732155194 off 0.0447298293342039 neg 0.04197999745027675	false	0.5
hilflos	neg 1.0		__DUMMY__ 0.9191198163107673 neg 0.0416766595833957 off 0.03920352410583697	false	1.0
eklig	off 1.0		__DUMMY__ 0.905188095758329 off 0.052281476786377255 neg 0.042530427455293736	false	1.0
begriff			__DUMMY__ 0.9186028454790923 off 0.0410347790970177 neg 0.04036237542389001	false	0.0
hungersnot	neg 1.0		__DUMMY__ 0.916935579106382 neg 0.04344629397158498 off 0.03961812692203297	false	1.0
ungesetzlich	neg 1.0		__DUMMY__ 0.9151495235212542 off 0.04390957042949914 neg 0.04094090604924657	false	0.5
verschwendung	neg 1.0		__DUMMY__ 0.9202357581365992 neg 0.041997876446329074 off 0.037766365417071776	false	1.0
schmerzvoll	neg 1.0		__DUMMY__ 0.9154582112414295 off 0.042577499156687446 neg 0.04196428960188314	false	0.5
vorzeitig	neg 1.0		__DUMMY__ 0.9166935610898784 off 0.045663633205282786 neg 0.03764280570483868	false	0.5
unvollkommenheit	neg 1.0		__DUMMY__ 0.9189552985172817 neg 0.04123969655120707 off 0.03980500493151112	false	1.0
intervenieren	neg 1.0		__DUMMY__ 0.917314999797924 neg 0.04410578125682139 off 0.03857921894525468	false	1.0
banause	off 1.0		__DUMMY__ 0.9017920540316456 off 0.05366861378995297 neg 0.04453933217840138	false	1.0
rebell	neg 1.0		__DUMMY__ 0.9204877855031698 neg 0.0453741389222302 off 0.034138075574599976	false	1.0
unlogisch	neg 1.0		__DUMMY__ 0.9098763931749922 off 0.048317249565726486 neg 0.04180635725928134	false	0.5
leiden	neg 1.0		__DUMMY__ 0.924745780327798 neg 0.039127110162493345 off 0.03612710950970867	false	1.0
abschaffung	neg 1.0		__DUMMY__ 0.9149007773120515 neg 0.04269680834844935 off 0.04240241433949917	false	1.0
sturz	neg 1.0		__DUMMY__ 0.9193437975098692 off 0.043028557807208136 neg 0.0376276446829227	false	0.5
verkleinerung	neg 1.0		__DUMMY__ 0.9099854561331824 off 0.04517512168657969 neg 0.04483942218023802	false	0.5
schmarotzer	off 1.0		__DUMMY__ 0.9184592136104501 neg 0.04140272036663417 off 0.040138066022915676	false	0.5
bestrafung	neg 1.0	neg 1.0	neg 0.5071643303951364 __DUMMY__ 0.4547470669989025 off 0.03808860260596091	false	1.0
achtlos	neg 1.0		__DUMMY__ 0.9201706959397778 off 0.0400630967053831 neg 0.039766207354838996	false	0.5
ungeheuer	neg 1.0		__DUMMY__ 0.9165772124040995 neg 0.04192360304423383 off 0.041499184551666714	false	1.0
