unsolidarisch	neg 1.0		neg 0.49858026950476464 off 0.49472381342503996 __DUMMY__ 0.006695917070195423	false	1.0
nachteilig	neg 1.0		neg 0.49956290310024504 off 0.4936492280779816 __DUMMY__ 0.0067878688217732595	false	1.0
skeptisch	neg 1.0		neg 0.5019601537178181 off 0.49126011753206605 __DUMMY__ 0.006779728750115856	false	1.0
schrecklich	neg 1.0		off 0.5031592496704759 neg 0.4902096051444312 __DUMMY__ 0.006631145185092931	false	0.5
schlapp	neg 1.0	neg 1.0	neg 0.7316297419624804 off 0.26521304043669025 __DUMMY__ 0.003157217600829484	false	1.0
abfall	neg 1.0		neg 0.5026404526637741 off 0.4905174443931284 __DUMMY__ 0.006842102943097588	false	1.0
widerspenstig	neg 1.0		neg 0.4999372095379178 off 0.49335181200757877 __DUMMY__ 0.0067109784545033345	false	1.0
abrupt	neg 1.0		neg 0.504019939460973 off 0.48922407229954745 __DUMMY__ 0.006755988239479462	false	1.0
unwirksam	neg 1.0		neg 0.502090181891536 off 0.49126185014052803 __DUMMY__ 0.006647967967935951	false	1.0
angreifen	neg 1.0		neg 0.5022489636274857 off 0.49096176503631417 __DUMMY__ 0.006789271336200049	false	1.0
inkonsistent	neg 1.0		neg 0.49670687364621563 off 0.4966122849416138 __DUMMY__ 0.006680841412170464	false	1.0
abrutschen	neg 1.0		neg 0.5038293162149582 off 0.4893393876888504 __DUMMY__ 0.006831296096191529	false	1.0
unsicher	neg 1.0		neg 0.49717604561472284 off 0.4960775052293753 __DUMMY__ 0.006746449155901953	false	1.0
bauernkind	off 1.0	off 1.0	off 0.7355060933665777 neg 0.2614079101410471 __DUMMY__ 0.0030859964923751256	false	1.0
angreifer	neg 1.0		off 0.5007600325327802 neg 0.4925139744784601 __DUMMY__ 0.006725992988759545	false	0.5
trennen	neg 1.0		neg 0.5015944351837528 off 0.49160100933871836 __DUMMY__ 0.006804555477528938	false	1.0
schmutz	neg 1.0		off 0.5025864337877459 neg 0.49064171220601305 __DUMMY__ 0.006771854006240798	false	0.5
inkonsistenz	neg 1.0		off 0.5000913901267575 neg 0.493225195488849 __DUMMY__ 0.006683414384393489	false	0.5
erschreckend	neg 1.0		neg 0.4984774922371696 off 0.49478228486480963 __DUMMY__ 0.006740222898020883	false	1.0
ertrinken	neg 1.0		neg 0.5041600234256199 off 0.48907010816833313 __DUMMY__ 0.006769868406047039	false	1.0
pickelface	off 1.0		neg 0.4979023088385101 off 0.49537993683516984 __DUMMY__ 0.0067177543263199375	false	0.5
seiner			neg 0.5009346735625994 off 0.4922648538027451 __DUMMY__ 0.006800472634655728	false	0.0
lauch	neg 1.0	neg 1.0	neg 0.7379431509877399 off 0.25883429201487335 __DUMMY__ 0.003222556997386727	false	1.0
unwichtig	neg 1.0		off 0.4992809245345488 neg 0.49404628201499584 __DUMMY__ 0.006672793450455397	false	0.5
steuerhinterziehung	neg 1.0		neg 0.4996428069352339 off 0.4936392323878329 __DUMMY__ 0.006717960676933132	false	1.0
schock	neg 1.0		neg 0.4990872597115301 off 0.494159993585427 __DUMMY__ 0.006752746703042802	false	1.0
beule	neg 1.0		off 0.5010371467422645 neg 0.49232215996317497 __DUMMY__ 0.006640693294560354	false	0.5
vergelten	neg 1.0		off 0.505308965396113 neg 0.48804953474330304 __DUMMY__ 0.006641499860584007	false	0.5
verdorbenheit	neg 1.0		neg 0.4974267690795427 off 0.4958637432658551 __DUMMY__ 0.006709487654602145	false	1.0
trauma	neg 1.0		neg 0.49747142809045514 off 0.49582556744595596 __DUMMY__ 0.006703004463588986	false	1.0
sinnlos	neg 1.0		off 0.49704179568080015 neg 0.496248788033048 __DUMMY__ 0.006709416286151977	false	0.5
fettsack	off 1.0	off 1.0	off 0.7367758693304257 neg 0.26013401935654634 __DUMMY__ 0.0030901113130278363	false	1.0
feige	off 1.0	off 1.0	off 0.7348476786430452 neg 0.26200948046424627 __DUMMY__ 0.003142840892708501	false	1.0
abdanken	neg 1.0		neg 0.49810194562007404 off 0.49516050064891565 __DUMMY__ 0.006737553731010366	false	1.0
wichtigtuer	off 1.0	off 1.0	off 0.734194951348217 neg 0.26263024876422053 __DUMMY__ 0.0031747998875625875	false	1.0
misslingen	neg 1.0	neg 1.0	neg 0.7308307026874435 off 0.26594778912982564 __DUMMY__ 0.003221508182730928	false	1.0
untreu	off 1.0		off 0.5003297135687685 neg 0.4930109688485796 __DUMMY__ 0.006659317582651785	false	1.0
missmutig	neg 1.0		off 0.4981290325482188 neg 0.49518691663103126 __DUMMY__ 0.006684050820749805	false	0.5
hurenbock	off 1.0		neg 0.501869813663369 off 0.49147317324311907 __DUMMY__ 0.006657013093511904	false	0.5
betrunken	neg 1.0		off 0.5020307499004053 neg 0.4913304282233494 __DUMMY__ 0.006638821876245287	false	0.5
korrupt	off 1.0		neg 0.5005614395903443 off 0.4927234435606317 __DUMMY__ 0.006715116849023933	false	0.5
unmut	neg 1.0		neg 0.5034441732738816 off 0.4897563760334581 __DUMMY__ 0.006799450692660329	false	1.0
hackfresse	off 1.0		off 0.5069788711516864 neg 0.4864410059439997 __DUMMY__ 0.006580122904313998	false	1.0
aufblasen	neg 1.0		neg 0.4975085995563863 off 0.4957638118952737 __DUMMY__ 0.006727588548340008	false	1.0
gewaltsam	neg 1.0		neg 0.4982521065661101 off 0.4950140396431588 __DUMMY__ 0.006733853790731174	false	1.0
unbeliebtheit	neg 1.0		off 0.5006205302978325 neg 0.4927178230524209 __DUMMY__ 0.006661646649746645	false	0.5
sturheit	neg 1.0		neg 0.4972795428463674 off 0.49595945160602517 __DUMMY__ 0.0067610055476075214	false	1.0
kuh	neg 1.0		neg 0.5019967566919437 off 0.49141708992886723 __DUMMY__ 0.006586153379189121	false	1.0
erschrecken	neg 1.0		off 0.4993397802028492 neg 0.4939653296491176 __DUMMY__ 0.006694890148033258	false	0.5
opfer	neg 1.0		neg 0.4988100302722692 off 0.494392902409057 __DUMMY__ 0.006797067318673738	false	1.0
sinken	neg 1.0		neg 0.504133521099097 off 0.4890920937524345 __DUMMY__ 0.006774385148468467	false	1.0
stinktier	neg 1.0		off 0.5008656871110927 neg 0.4925977439889091 __DUMMY__ 0.006536568899998155	false	0.5
tucke	off 1.0		off 0.5051587309861495 neg 0.4883425958267122 __DUMMY__ 0.00649867318713845	false	1.0
ein			neg 0.500273231540281 off 0.493014729512993 __DUMMY__ 0.0067120389467260275	false	0.0
abstieg	neg 1.0		off 0.4974839940941795 neg 0.4957011852892597 __DUMMY__ 0.006814820616560756	false	0.5
missverstehen	neg 1.0		off 0.49776548838368895 neg 0.49553575206906497 __DUMMY__ 0.006698759547246092	false	0.5
ergebnislos	neg 1.0		neg 0.49927374112203793 off 0.4939302467245057 __DUMMY__ 0.006796012153456441	false	1.0
unter			neg 0.5055427544046464 off 0.48756139431815554 __DUMMY__ 0.006895851277198105	false	0.0
manipulieren	neg 1.0		neg 0.5002064609282327 off 0.4929960039950258 __DUMMY__ 0.006797535076741415	false	1.0
unbewiesen	neg 1.0	neg 1.0	neg 0.7335252831101735 off 0.26329198695968986 __DUMMY__ 0.0031827299301366565	false	1.0
verschleppen	neg 1.0		neg 0.5007203798344808 off 0.4925304819830516 __DUMMY__ 0.006749138182467565	false	1.0
weib	off 1.0		off 0.5070204311085105 neg 0.4864512208009721 __DUMMY__ 0.0065283480905174275	false	1.0
opposition	neg 1.0		neg 0.4982829393245343 off 0.495034791666936 __DUMMY__ 0.006682269008529733	false	1.0
verkehrswidrig	neg 1.0	neg 1.0	neg 0.727550604909989 off 0.269294238772934 __DUMMY__ 0.003155156317077027	false	1.0
inkorrekt	neg 1.0		off 0.5025114414690219 neg 0.49086344858221725 __DUMMY__ 0.006625109948760852	false	0.5
vermeiden	neg 1.0		neg 0.504176675530781 off 0.4889861684326373 __DUMMY__ 0.006837156036581576	false	1.0
abweichung	neg 1.0	neg 1.0	neg 0.7335404862132445 off 0.2632337427752739 __DUMMY__ 0.00322577101148156	false	1.0
alkoholisiert	neg 1.0		neg 0.4994098680359087 off 0.4937681309761931 __DUMMY__ 0.006822000987898153	false	1.0
scheiss	off 1.0	off 1.0	off 0.7354084732534073 neg 0.26146052759618066 __DUMMY__ 0.003130999150412026	false	1.0
herausforderung	neg 1.0		neg 0.4988391811541744 off 0.4943860993779942 __DUMMY__ 0.006774719467831329	false	1.0
pervers	off 1.0		off 0.5097699707684764 neg 0.4837147298502146 __DUMMY__ 0.006515299381309036	false	1.0
wackelig	neg 1.0		neg 0.49887942744293895 off 0.49434423594172006 __DUMMY__ 0.006776336615341064	false	1.0
verwickeln	neg 1.0		off 0.49675442612660786 neg 0.4965407050758127 __DUMMY__ 0.006704868797579578	false	0.5
vorwand	neg 1.0		neg 0.5028368623095495 off 0.4903739021141653 __DUMMY__ 0.00678923557628503	false	1.0
muschi	off 1.0		neg 0.4980676309271401 off 0.4951917876254158 __DUMMY__ 0.006740581447443963	false	0.5
entmutigung	neg 1.0		neg 0.49740870342869237 off 0.4959166770445184 __DUMMY__ 0.006674619526789172	false	1.0
unangemessen	neg 1.0		neg 0.4981416498619501 off 0.49510394785432715 __DUMMY__ 0.006754402283722815	false	1.0
unstetig	neg 1.0		off 0.49902483483679094 neg 0.494288933402768 __DUMMY__ 0.006686231760440981	false	0.5
entmutigen	neg 1.0		neg 0.49682379415055317 off 0.4964520937236416 __DUMMY__ 0.006724112125805357	false	1.0
schwanz	neg 1.0		neg 0.5008945279401996 off 0.4923606178448213 __DUMMY__ 0.00674485421497909	false	1.0
verbot	neg 1.0		neg 0.5008713964312966 off 0.49240926618668085 __DUMMY__ 0.006719337382022476	false	1.0
leid	neg 1.0		off 0.5040624465045347 neg 0.4893327346846331 __DUMMY__ 0.006604818810832068	false	0.5
archaisch	neg 1.0		neg 0.49990042293515524 off 0.49336541196850203 __DUMMY__ 0.006734165096342895	false	1.0
gegen			neg 0.501188754547671 off 0.49198782199640323 __DUMMY__ 0.006823423455925741	false	0.0
scheidung	neg 1.0		off 0.5171081423727935 neg 0.4763393280032162 __DUMMY__ 0.0065525296239902315	false	0.5
einschlag	neg 1.0		off 0.5056287252246191 neg 0.48770851024051126 __DUMMY__ 0.006662764534869657	false	0.5
m			neg 0.4993512610770754 off 0.4938903200602341 __DUMMY__ 0.006758418862690474	false	0.0
abgestanden	neg 1.0		neg 0.5033476971496333 off 0.4900136150573417 __DUMMY__ 0.006638687793025024	false	1.0
schmierig	off 1.0		off 0.5039143157964058 neg 0.4894753904904376 __DUMMY__ 0.00661029371315667	false	1.0
unpraktisch	neg 1.0		off 0.49742935883010864 neg 0.4958433063605248 __DUMMY__ 0.006727334809366532	false	0.5
wixxer	off 1.0		off 0.5088309897812242 neg 0.4846774372350192 __DUMMY__ 0.006491572983756458	false	1.0
bezeichnet			neg 0.49698123896463536 off 0.4962809243860573 __DUMMY__ 0.006737836649307374	false	0.0
jammerlappen	off 1.0		off 0.49997995684849744 neg 0.49334292911993016 __DUMMY__ 0.006677114031572392	false	1.0
farce	neg 1.0		neg 0.49955296474490496 off 0.49374612907324156 __DUMMY__ 0.006700906181853389	false	1.0
zwecklos	neg 1.0		neg 0.499993124471833 off 0.49325788396908976 __DUMMY__ 0.006748991559077292	false	1.0
turbulent	neg 1.0		off 0.5013023928999427 neg 0.4920556859434129 __DUMMY__ 0.006641921156644402	false	0.5
invasion	neg 1.0		off 0.4977254736724579 neg 0.49557254905549797 __DUMMY__ 0.006701977272044136	false	0.5
schuld	neg 1.0		neg 0.4967434424612651 off 0.496537655912321 __DUMMY__ 0.006718901626413991	false	1.0
risiko	neg 1.0		neg 0.4983258143888147 off 0.4950026819581252 __DUMMY__ 0.006671503653060184	false	1.0
finster	neg 1.0		neg 0.49985368809062847 off 0.49344243075611677 __DUMMY__ 0.006703881153254668	false	1.0
geisteskrank	off 1.0		off 0.5016529425967428 neg 0.4917048277096408 __DUMMY__ 0.006642229693616509	false	1.0
zusammenbrechen	neg 1.0		neg 0.499921133075088 off 0.49333286139577626 __DUMMY__ 0.006746005529135569	false	1.0
ausbeute	neg 1.0		off 0.4967952709604165 neg 0.4964260376820798 __DUMMY__ 0.006778691357503643	false	0.5
hinterhalt	neg 1.0		neg 0.4999402451195222 off 0.4933297750300935 __DUMMY__ 0.006729979850384359	false	1.0
kritik	neg 1.0		neg 0.4999822817170051 off 0.4933165911036775 __DUMMY__ 0.006701127179317553	false	1.0
einschrumpfen	neg 1.0		off 0.4974525572406896 neg 0.49591582429425346 __DUMMY__ 0.006631618465056901	false	0.5
riskant	neg 1.0		neg 0.5023885674410602 off 0.4908432541183037 __DUMMY__ 0.006768178440636003	false	1.0
frustrieren	neg 1.0		neg 0.5021534313008866 off 0.4910961044227428 __DUMMY__ 0.006750464276370517	false	1.0
groll	neg 1.0		neg 0.4985708235123786 off 0.49466321021516363 __DUMMY__ 0.0067659662724578636	false	1.0
gibt			neg 0.49944073602243444 off 0.49379542514601904 __DUMMY__ 0.006763838831546524	false	0.0
qualvoll	neg 1.0		off 0.4971483881117059 neg 0.49614601455696156 __DUMMY__ 0.0067055973313326625	false	0.5
wackeln	neg 1.0		neg 0.49781242806635717 off 0.4954504953432183 __DUMMY__ 0.0067370765904245615	false	1.0
klagen	neg 1.0		neg 0.5032697240830896 off 0.48995326608191303 __DUMMY__ 0.0067770098349975135	false	1.0
bankrott	neg 1.0		off 0.5004392322913909 neg 0.4928641444227537 __DUMMY__ 0.006696623285855429	false	0.5
trauern	neg 1.0		neg 0.4982785536896684 off 0.494892616464702 __DUMMY__ 0.006828829845629685	false	1.0
ablehnung	neg 1.0		neg 0.5000956283974038 off 0.49319023932733935 __DUMMY__ 0.006714132275256812	false	1.0
stur	neg 1.0		neg 0.4974416786393599 off 0.495850497033652 __DUMMY__ 0.006707824326987932	false	1.0
aufruhr	neg 1.0	neg 1.0	neg 0.7341106577651907 off 0.26270266065910214 __DUMMY__ 0.003186681575707055	false	1.0
melancholie	neg 1.0		neg 0.5037383773089503 off 0.4895102425789003 __DUMMY__ 0.0067513801121493276	false	1.0
ist			off 0.49703927484765276 neg 0.49624569277596825 __DUMMY__ 0.00671503237637897	false	0.0
torheit	neg 1.0		neg 0.49664281359605655 off 0.4966396331118205 __DUMMY__ 0.0067175532921229285	false	1.0
dreckskind	off 1.0		off 0.5070683308526392 neg 0.4863781210749181 __DUMMY__ 0.006553548072442692	false	1.0
umtauschen	neg 1.0		neg 0.49889257986092445 off 0.4943794201320319 __DUMMY__ 0.00672800000704366	false	1.0
zum			neg 0.5000703647937835 off 0.49303178823323196 __DUMMY__ 0.00689784697298445	false	0.0
zersetzen	neg 1.0		neg 0.502962927927345 off 0.4902755005258876 __DUMMY__ 0.006761571546767375	false	1.0
zur			neg 0.5036938465918622 off 0.4894644692413303 __DUMMY__ 0.006841684166807464	false	0.0
frust	neg 1.0		neg 0.49964024975585763 off 0.4936035982842658 __DUMMY__ 0.006756151959876658	false	1.0
unerbittlichkeit	neg 1.0		neg 0.500596655275283 off 0.4926237673304438 __DUMMY__ 0.0067795773942732444	false	1.0
zwei			neg 0.5036772294565223 off 0.4894705203813564 __DUMMY__ 0.006852250162121462	false	0.0
unkorrekt	neg 1.0		off 0.5009553503843427 neg 0.49241569641496596 __DUMMY__ 0.006628953200691279	false	0.5
hexe	off 1.0		off 0.4970490891152511 neg 0.4963157879094293 __DUMMY__ 0.006635122975319575	false	1.0
lasch	neg 1.0		off 0.4993121262124759 neg 0.49400035673404863 __DUMMY__ 0.006687517053475587	false	0.5
rivale	neg 1.0		off 0.5032505820188822 neg 0.4901181872190018 __DUMMY__ 0.006631230762115944	false	0.5
mutlos	off 1.0	off 1.0	off 0.7314766286428314 neg 0.2653200826399518 __DUMMY__ 0.0032032887172167407	false	1.0
wirr	off 1.0		off 0.5033050682613165 neg 0.4900777545255346 __DUMMY__ 0.006617177213149008	false	1.0
jahr			neg 0.49756299662071635 off 0.49559163062874473 __DUMMY__ 0.006845372750538922	false	0.0
wird			neg 0.49981449500126596 off 0.49341442750565034 __DUMMY__ 0.006771077493083742	false	0.0
strafbar	neg 1.0		neg 0.5008693131210592 off 0.49235332481035704 __DUMMY__ 0.006777362068583713	false	1.0
erosion	neg 1.0		neg 0.4976412385008418 off 0.4956301787148279 __DUMMY__ 0.006728582784330309	false	1.0
eingehen	neg 1.0		neg 0.5020334220486782 off 0.4912104124349841 __DUMMY__ 0.006756165516337749	false	1.0
faul	off 1.0		off 0.4989575486726594 neg 0.4943630058291614 __DUMMY__ 0.006679445498179281	false	1.0
provisorium	neg 1.0		neg 0.50510389278372 off 0.4879955237400853 __DUMMY__ 0.006900583476194608	false	1.0
schmerzen	neg 1.0		neg 0.49978767674687063 off 0.49348506423465216 __DUMMY__ 0.006727259018477112	false	1.0
schrumpfen	neg 1.0		neg 0.5064598918252663 off 0.4867439222565916 __DUMMY__ 0.006796185918142237	false	1.0
geistlos	off 1.0		neg 0.49678508371934127 off 0.49654228034540254 __DUMMY__ 0.006672635935256261	false	0.5
fehlkauf	neg 1.0		neg 0.49698518139779363 off 0.4963349850214214 __DUMMY__ 0.006679833580784982	false	1.0
frustrierend	neg 1.0		off 0.49876310950460406 neg 0.49454855685987925 __DUMMY__ 0.006688333635516885	false	0.5
unzufrieden	neg 1.0		neg 0.4999799372526711 off 0.49326547199354354 __DUMMY__ 0.006754590753785452	false	1.0
verzweifeln	neg 1.0		neg 0.49825121383700083 off 0.49499856282002863 __DUMMY__ 0.006750223342970626	false	1.0
verzweifelt	neg 1.0		neg 0.49674141495464463 off 0.4965415657680213 __DUMMY__ 0.0067170192773340675	false	1.0
misstrauensantrag	neg 1.0		off 0.4969711195695747 neg 0.4963279241863537 __DUMMY__ 0.006700956244071674	false	0.5
abfallen	neg 1.0		neg 0.4982079832642828 off 0.4950712503282411 __DUMMY__ 0.006720766407476083	false	1.0
fucker	off 1.0		off 0.5032219394994589 neg 0.4901303356829408 __DUMMY__ 0.0066477248176003	false	1.0
ungezogen	neg 1.0		off 0.5083037428255124 neg 0.4851484630674583 __DUMMY__ 0.006547794107029269	false	0.5
irrsinnig	neg 1.0	neg 1.0	neg 0.7339038538244299 off 0.2629173684281764 __DUMMY__ 0.0031787777473936568	false	1.0
unfassbar	neg 1.0		off 0.5009544123827228 neg 0.49237526805231313 __DUMMY__ 0.006670319564964119	false	0.5
hart	neg 1.0		neg 0.4968433988455248 off 0.4965650651379376 __DUMMY__ 0.00659153601653763	false	1.0
widerlich	off 1.0		off 0.5007893144838826 neg 0.4925575861107012 __DUMMY__ 0.006653099405416104	false	1.0
fatal	neg 1.0	neg 1.0	neg 0.7343145181368262 off 0.2625364203098691 __DUMMY__ 0.0031490615533046923	false	1.0
bruch	neg 1.0		neg 0.5017010881656805 off 0.491466900169311 __DUMMY__ 0.006832011665008551	false	1.0
aushungern	neg 1.0		neg 0.5008979086345193 off 0.49238733841754384 __DUMMY__ 0.0067147529479368	false	1.0
anspannung	neg 1.0		neg 0.5026106175406704 off 0.49052280736930015 __DUMMY__ 0.00686657509002937	false	1.0
von			neg 0.5018015522294248 off 0.4914007933998883 __DUMMY__ 0.006797654370686843	false	0.0
kraftlos	neg 1.0		neg 0.49995487036652964 off 0.4932801594983563 __DUMMY__ 0.006764970135114085	false	1.0
vom			neg 0.5029521336668934 off 0.49012549954507595 __DUMMY__ 0.006922366788030676	false	0.0
grenzdebil	off 1.0		off 0.5002556885119928 neg 0.49309379405310455 __DUMMY__ 0.006650517434902712	false	1.0
vor			neg 0.5027815251883915 off 0.49040756479879255 __DUMMY__ 0.006810910012815995	false	0.0
unterwerfen	neg 1.0		neg 0.5003641911730063 off 0.4928652017554565 __DUMMY__ 0.006770607071537151	false	1.0
versenkung	neg 1.0		neg 0.5006000567249819 off 0.4926187620239947 __DUMMY__ 0.006781181251023408	false	1.0
entziehen	neg 1.0		neg 0.5029054014266422 off 0.4903038706694859 __DUMMY__ 0.006790727903871863	false	1.0
finanzkrise	neg 1.0		neg 0.5034801745034547 off 0.4898716665475307 __DUMMY__ 0.006648158949014574	false	1.0
schimpfend	neg 1.0		off 0.49720956296098995 neg 0.4960520620309479 __DUMMY__ 0.006738375008061987	false	0.5
profan	neg 1.0		off 0.4972651011921872 neg 0.4960345551321398 __DUMMY__ 0.006700343675673052	false	0.5
korruption	neg 1.0		neg 0.5012513541426763 off 0.4920274570786776 __DUMMY__ 0.006721188778646116	false	1.0
â			neg 0.5006208276094253 off 0.49262582187991755 __DUMMY__ 0.006753350510657213	false	0.0
schmutzig	neg 1.0		off 0.5009559709161101 neg 0.4923861218114444 __DUMMY__ 0.006657907272445344	false	0.5
sexy	neg 1.0		off 0.499340016959349 neg 0.4939624687262827 __DUMMY__ 0.0066975143143682995	false	0.5
abraten	neg 1.0		off 0.4975768961631554 neg 0.49570626565626985 __DUMMY__ 0.006716838180574728	false	0.5
schwarz	neg 1.0		off 0.49737986679898 neg 0.49591439055421793 __DUMMY__ 0.006705742646802035	false	0.5
fotze	off 1.0	off 1.0	off 0.7317809481480697 neg 0.26502069216467233 __DUMMY__ 0.003198359687258008	false	1.0
verwirren	neg 1.0		off 0.4979222585817411 neg 0.4953726230709201 __DUMMY__ 0.0067051183473387	false	0.5
zahnlos	off 1.0		neg 0.49918490619885203 off 0.49407085871884665 __DUMMY__ 0.0067442350823013215	false	0.5
verheeren	neg 1.0		off 0.5103432828897266 neg 0.48310688603016366 __DUMMY__ 0.00654983108010972	false	0.5
hippie	neg 1.0		off 0.4985084425733997 neg 0.49479908197343525 __DUMMY__ 0.0066924754531650504	false	0.5
rammen	neg 1.0		neg 0.49733512084157266 off 0.4959436440106648 __DUMMY__ 0.006721235147762519	false	1.0
unlauter	neg 1.0		neg 0.4971496984135222 off 0.4961622367155114 __DUMMY__ 0.0066880648709663594	false	1.0
unheilvoll	neg 1.0		neg 0.4975133055492154 off 0.49578181836784657 __DUMMY__ 0.006704876082937972	false	1.0
niedrig	neg 1.0		neg 0.502272533111439 off 0.4909971711972448 __DUMMY__ 0.0067302956913163165	false	1.0
explosion	neg 1.0		off 0.498695673067063 neg 0.4946069839445741 __DUMMY__ 0.0066973429883629455	false	0.5
weichei	off 1.0	off 1.0	off 0.7372406500246163 neg 0.25965265363470336 __DUMMY__ 0.003106696340680385	false	1.0
minusmensch	off 1.0		off 0.509055032472503 neg 0.4844099459375687 __DUMMY__ 0.006535021589928319	false	1.0
farblos	neg 1.0		neg 0.49848959111247976 off 0.49482068838400156 __DUMMY__ 0.006689720503518693	false	1.0
unwissend	neg 1.0	neg 1.0	neg 0.7323979291172834 off 0.26445133880115973 __DUMMY__ 0.0031507320815569	false	1.0
traurig	neg 1.0		off 0.5027409913702905 neg 0.4906240503899088 __DUMMY__ 0.0066349582398006575	false	0.5
senkung	neg 1.0		neg 0.49868659284426825 off 0.4946712542159984 __DUMMY__ 0.006642152939733376	false	1.0
ungleich	neg 1.0	neg 1.0	neg 0.7355471844561448 off 0.26124582058201345 __DUMMY__ 0.003206994961841746	false	1.0
heikel	neg 1.0		neg 0.5015236323835729 off 0.49169976921054914 __DUMMY__ 0.006776598405877989	false	1.0
drosselung	neg 1.0		off 0.49753159585747525 neg 0.4958676371757661 __DUMMY__ 0.0066007669667587565	false	0.5
falsch	neg 1.0		off 0.4993844812694745 neg 0.4939227978895023 __DUMMY__ 0.006692720841023371	false	0.5
unzufriedenheit	neg 1.0		neg 0.5032737589460875 off 0.48997037621188927 __DUMMY__ 0.006755864842023252	false	1.0
kurz	neg 1.0		neg 0.498458065805899 off 0.4947690899223271 __DUMMY__ 0.006772844271773956	false	1.0
unsinnig	neg 1.0		neg 0.5000647939637795 off 0.49321792175874585 __DUMMY__ 0.006717284277474596	false	1.0
penner	off 1.0	off 1.0	off 0.7384738791266018 neg 0.25842302024567537 __DUMMY__ 0.0031031006277228153	false	1.0
seicht	neg 1.0		off 0.5056666188052857 neg 0.4878073755842681 __DUMMY__ 0.006526005610446317	false	0.5
dummheit	off 1.0	off 1.0	off 0.7334613805953129 neg 0.2633784437701524 __DUMMY__ 0.003160175634534756	false	1.0
unerfreulich	neg 1.0		neg 0.5015419344040192 off 0.49167472621520114 __DUMMY__ 0.0067833393807797075	false	1.0
motherfucker	off 1.0	off 1.0	off 0.7363362948240938 neg 0.26052178260256353 __DUMMY__ 0.0031419225733426513	false	1.0
pikiert	neg 1.0	neg 1.0	neg 0.7322213359898161 off 0.2646314096857798 __DUMMY__ 0.003147254324404166	false	1.0
wrack	neg 1.0		off 0.49867997546973597 neg 0.49449224393621377 __DUMMY__ 0.006827780594050246	false	0.5
gangster	neg 1.0		off 0.498611381004071 neg 0.4946999320843617 __DUMMY__ 0.006688686911567355	false	0.5
krank	neg 1.0	neg 1.0	neg 0.7307937395821443 off 0.26604874374456894 __DUMMY__ 0.0031575166732866616	false	1.0
reich	neg 1.0		off 0.49692112278886524 neg 0.49643545676644363 __DUMMY__ 0.006643420444691007	false	0.5
gnadenlos	neg 1.0		off 0.49698727312578017 neg 0.49628038637487865 __DUMMY__ 0.006732340499341193	false	0.5
niedergeschlagen	neg 1.0		neg 0.4991061673291994 off 0.49412200975175885 __DUMMY__ 0.006771822919041641	false	1.0
terrorisieren	off 1.0	off 1.0	off 0.7311773312103214 neg 0.26560894688709674 __DUMMY__ 0.0032137219025818475	false	1.0
sinnlosigkeit	neg 1.0		neg 0.49929148041037924 off 0.49395557842086324 __DUMMY__ 0.006752941168757587	false	1.0
behindern	neg 1.0		neg 0.4989779750095204 off 0.49430448892669976 __DUMMY__ 0.0067175360637799645	false	1.0
undemokratisch	neg 1.0		off 0.49668843842198124 neg 0.4966198385500857 __DUMMY__ 0.0066917230279331255	false	0.5
wirtschaftskrise	neg 1.0		neg 0.5032544194830036 off 0.49004716257471315 __DUMMY__ 0.006698417942283185	false	1.0
neid	neg 1.0		off 0.4982952631854527 neg 0.49501352580144165 __DUMMY__ 0.006691211013105659	false	0.5
rutschen	neg 1.0		neg 0.5042106883731373 off 0.4889394413556684 __DUMMY__ 0.006849870271194315	false	1.0
rezession	neg 1.0		off 0.4991224059140397 neg 0.49431005770336783 __DUMMY__ 0.006567536382592308	false	0.5
fehlgeburt	neg 1.0		off 0.49745319632236934 neg 0.49579673709507366 __DUMMY__ 0.006750066582557133	false	0.5
charakterschwach	off 1.0		off 0.5000389050932348 neg 0.4933084838683665 __DUMMY__ 0.006652611038398729	false	1.0
isolation	neg 1.0		off 0.4998637674697197 neg 0.49343440579479475 __DUMMY__ 0.006701826735485483	false	0.5
ablenkung	neg 1.0		neg 0.497014751370954 off 0.49623387816297415 __DUMMY__ 0.0067513704660717815	false	1.0
pech	neg 1.0		off 0.4993764381120528 neg 0.49393942157282317 __DUMMY__ 0.006684140315124159	false	0.5
vermeidung	neg 1.0		off 0.4998714576178824 neg 0.49348628970184705 __DUMMY__ 0.006642252680270455	false	0.5
dominieren	neg 1.0		neg 0.49799711209355474 off 0.49524068323239956 __DUMMY__ 0.0067622046740456335	false	1.0
schwindlig	neg 1.0		neg 0.4967248208121297 off 0.49657754289816364 __DUMMY__ 0.006697636289706669	false	1.0
lutscher	neg 1.0	neg 1.0	neg 0.7279060850253419 off 0.26902291060927275 __DUMMY__ 0.0030710043653853617	false	1.0
pflicht	neg 1.0		neg 0.5014534949962598 off 0.4917367831662378 __DUMMY__ 0.006809721837502344	false	1.0
faschist	off 1.0		off 0.49883632632929925 neg 0.4944744658025159 __DUMMY__ 0.006689207868184957	false	1.0
verschleudern	neg 1.0		neg 0.5041073098962707 off 0.4891775146683756 __DUMMY__ 0.006715175435353675	false	1.0
wenn			off 0.4996198205391818 neg 0.4937014075507538 __DUMMY__ 0.006678771910064465	false	0.0
ehebruch	neg 1.0		neg 0.5003532603052019 off 0.49288897559094064 __DUMMY__ 0.00675776410385734	false	1.0
spott	off 1.0		neg 0.4994770972686959 off 0.4937476982850851 __DUMMY__ 0.006775204446219034	false	0.5
trostlosigkeit	neg 1.0		neg 0.5046039440269242 off 0.48863397357188565 __DUMMY__ 0.0067620824011900595	false	1.0
lutschen	neg 1.0		off 0.498510776420504 neg 0.4948166370566377 __DUMMY__ 0.0066725865228582084	false	0.5
undiszipliniert	neg 1.0		off 0.5024446109131471 neg 0.49090961536012695 __DUMMY__ 0.006645773726725944	false	0.5
kopfschmerz	neg 1.0		neg 0.5027682332554992 off 0.49050380882155176 __DUMMY__ 0.006727957922948992	false	1.0
unvorhergesehen	neg 1.0		neg 0.5016294503883757 off 0.4915702592760935 __DUMMY__ 0.006800290335530689	false	1.0
desinteressiert	neg 1.0		off 0.5012915589665732 neg 0.49206481756059856 __DUMMY__ 0.00664362347282825	false	0.5
armselig	off 1.0		off 0.5036476022465872 neg 0.48972471700976844 __DUMMY__ 0.006627680743644262	false	1.0
desaster	neg 1.0		neg 0.5039491077893776 off 0.489266205518356 __DUMMY__ 0.00678468669226633	false	1.0
tod	neg 1.0		neg 0.4998456411069748 off 0.4933711070228518 __DUMMY__ 0.006783251870173499	false	1.0
herzlos	neg 1.0		off 0.5029250381197595 neg 0.49044636120457186 __DUMMY__ 0.006628600675668572	false	0.5
unwissenheit	neg 1.0		neg 0.5001674407705003 off 0.49308541027243386 __DUMMY__ 0.006747148957065706	false	1.0
widersinnig	neg 1.0		neg 0.500453563122877 off 0.492838134534064 __DUMMY__ 0.006708302343059036	false	1.0
bedenklich	neg 1.0		neg 0.5013690643074833 off 0.49188216316127537 __DUMMY__ 0.0067487725312414815	false	1.0
beanstanden	neg 1.0		neg 0.5007032039772656 off 0.49249042016600153 __DUMMY__ 0.006806375856732742	false	1.0
panisch	neg 1.0		off 0.49826374307856086 neg 0.4950073595528241 __DUMMY__ 0.006728897368614922	false	0.5
debil	off 1.0		neg 0.5074171251070576 off 0.48573499307879586 __DUMMY__ 0.00684788181414648	false	0.5
abstrich	neg 1.0		neg 0.5011744002484815 off 0.49211602544946426 __DUMMY__ 0.006709574302054336	false	1.0
primitiv	neg 1.0		off 0.5018804589972905 neg 0.4914694988371178 __DUMMY__ 0.006650042165591544	false	0.5
abschaum	off 1.0	off 1.0	off 0.7359004253527534 neg 0.26093602203678296 __DUMMY__ 0.003163552610463809	false	1.0
provozieren	neg 1.0		neg 0.4974415486983725 off 0.4958448082042974 __DUMMY__ 0.00671364309733006	false	1.0
tot	neg 1.0		neg 0.501052768140918 off 0.49222000890822354 __DUMMY__ 0.006727222950858352	false	1.0
instabil	neg 1.0		off 0.5036122033472996 neg 0.48977085526149877 __DUMMY__ 0.006616941391201463	false	0.5
schwuchtel	off 1.0	off 1.0	off 0.7411992495967553 neg 0.2557492016955973 __DUMMY__ 0.003051548707647459	false	1.0
zerren	neg 1.0		neg 0.4989882004156957 off 0.49423653145535856 __DUMMY__ 0.006775268128945843	false	1.0
kinderficker	off 1.0		off 0.5052812182678137 neg 0.48812288919938124 __DUMMY__ 0.0065958925328050404	false	1.0
gefahr	neg 1.0		neg 0.5017365043053442 off 0.49146849242925916 __DUMMY__ 0.006795003265396671	false	1.0
rabiat	neg 1.0		neg 0.4994791281895268 off 0.4937964948006388 __DUMMY__ 0.00672437700983442	false	1.0
verlangsamung	neg 1.0		off 0.5064096912076619 neg 0.48701993798862536 __DUMMY__ 0.006570370803712718	false	0.5
ausgestorben	neg 1.0		neg 0.49847835779329075 off 0.4947720738226862 __DUMMY__ 0.006749568384023214	false	1.0
anklagen	neg 1.0		neg 0.49922786805254166 off 0.4940279546846737 __DUMMY__ 0.00674417726278465	false	1.0
trott	neg 1.0		neg 0.4979291364235377 off 0.4953414856589366 __DUMMY__ 0.0067293779175258035	false	1.0
verminderung	neg 1.0		off 0.5004031073573988 neg 0.49294840565984327 __DUMMY__ 0.006648486982757872	false	0.5
nach			neg 0.5041908306202463 off 0.48892943617276874 __DUMMY__ 0.006879733206985053	false	0.0
rost	neg 1.0		off 0.5102501403515932 neg 0.48315028975603724 __DUMMY__ 0.006599569892369458	false	0.5
destruktiv	neg 1.0		neg 0.49844009634149955 off 0.49483682657922257 __DUMMY__ 0.006723077079277788	false	1.0
unzumutbarkeit	neg 1.0		off 0.5009282721567699 neg 0.4924120511176854 __DUMMY__ 0.006659676725544785	false	0.5
labil	off 1.0	off 1.0	off 0.734740093335537 neg 0.262105282084151 __DUMMY__ 0.0031546245803120354	false	1.0
ziemlich	neg 1.0		off 0.5011060770761367 neg 0.4922145727654437 __DUMMY__ 0.0066793501584195576	false	0.5
lachnummer	off 1.0		off 0.496678113867562 neg 0.496583272944519 __DUMMY__ 0.00673861318791901	false	1.0
oder			off 0.4970287430731457 neg 0.4962270812339625 __DUMMY__ 0.006744175692891914	false	0.0
verfall	neg 1.0		neg 0.5066632446850868 off 0.48654653989648644 __DUMMY__ 0.006790215418426678	false	1.0
ausgrenzung	neg 1.0		neg 0.49698958308249036 off 0.4963228786040596 __DUMMY__ 0.006687538313450054	false	1.0
unordnung	neg 1.0		off 0.5030585858905218 neg 0.4903419773269061 __DUMMY__ 0.006599436782572207	false	0.5
fehlverhalten	neg 1.0		neg 0.5010222454324406 off 0.4922021365030435 __DUMMY__ 0.0067756180645161205	false	1.0
eine			neg 0.5028006865861141 off 0.49040253805481443 __DUMMY__ 0.006796775359071534	false	0.0
nille	neg 1.0		neg 0.4975970815261476 off 0.49567573875258153 __DUMMY__ 0.006727179721270779	false	1.0
qual	neg 1.0		neg 0.498547158457138 off 0.49472512390392215 __DUMMY__ 0.006727717638939828	false	1.0
verschwenden	neg 1.0		neg 0.5028218615259085 off 0.4904251495322357 __DUMMY__ 0.006752988941855762	false	1.0
riesig	neg 1.0		neg 0.5005936340755394 off 0.49263156759003296 __DUMMY__ 0.006774798334427688	false	1.0
verurteilen	neg 1.0		neg 0.49977972048358044 off 0.49347734798144394 __DUMMY__ 0.006742931534975766	false	1.0
klischee	neg 1.0	neg 1.0	neg 0.7327513512432935 off 0.26409115824531404 __DUMMY__ 0.003157490511392428	false	1.0
diktatorisch	neg 1.0		neg 0.4971009199276687 off 0.4962168733557904 __DUMMY__ 0.006682206716540918	false	1.0
vorhersehbar	neg 1.0		off 0.49706326082085434 neg 0.49625822086914523 __DUMMY__ 0.006678518310000468	false	0.5
sowie			off 0.5027761361316413 neg 0.4906522835299745 __DUMMY__ 0.006571580338384249	false	0.0
stornieren	neg 1.0		off 0.5014508483325345 neg 0.4917943449382669 __DUMMY__ 0.00675480672919848	false	0.5
besteuerung	neg 1.0	neg 1.0	neg 0.7359248228302658 off 0.2609298846094475 __DUMMY__ 0.0031452925602866435	false	1.0
ungeschminkt	neg 1.0		off 0.5011919595096402 neg 0.49217237788605595 __DUMMY__ 0.006635662604303893	false	0.5
kritisch	neg 1.0		neg 0.4996023955634853 off 0.49364069856700876 __DUMMY__ 0.0067569058695060025	false	1.0
schlamperei	off 1.0		neg 0.5014514602332559 off 0.49178987351482933 __DUMMY__ 0.006758666251914911	false	0.5
sucht	neg 1.0	neg 1.0	neg 0.7328698990385792 off 0.26394119662749427 __DUMMY__ 0.0031889043339266053	false	1.0
egoistisch	off 1.0	off 1.0	off 0.738072254255722 neg 0.25880405397081224 __DUMMY__ 0.0031236917734657702	false	1.0
ausbeuter	off 1.0		neg 0.5033251594314402 off 0.48993006746634216 __DUMMY__ 0.006744773102217632	false	0.5
arschgeburt	off 1.0		off 0.5114149812447814 neg 0.48210962849098643 __DUMMY__ 0.006475390264232245	false	1.0
schubs	neg 1.0		neg 0.5022754030112102 off 0.49099531194443713 __DUMMY__ 0.006729285044352719	false	1.0
unsolide	neg 1.0		off 0.4986761339236161 neg 0.4946161044223174 __DUMMY__ 0.006707761654066451	false	0.5
beschwerde	neg 1.0		neg 0.4991639862849722 off 0.49408051914547785 __DUMMY__ 0.006755494569549971	false	1.0
stocken	neg 1.0		neg 0.500397060525564 off 0.49284110889370897 __DUMMY__ 0.006761830580726993	false	1.0
isolieren	neg 1.0		neg 0.5005015202380501 off 0.49276379410841165 __DUMMY__ 0.0067346856535384116	false	1.0
unheilbar	neg 1.0		neg 0.49709983340545394 off 0.49616200304276253 __DUMMY__ 0.006738163551783474	false	1.0
pisser	off 1.0	off 1.0	off 0.736533812231194 neg 0.26033327970270526 __DUMMY__ 0.003132908066100738	false	1.0
löschen	neg 1.0		neg 0.4981134801591889 off 0.4951746404589674 __DUMMY__ 0.006711879381843679	false	1.0
durchfallen	neg 1.0		neg 0.49957391261405587 off 0.4936646046483134 __DUMMY__ 0.006761482737630594	false	1.0
wichser	off 1.0	off 1.0	off 0.7399511536101208 neg 0.2569636128115247 __DUMMY__ 0.0030852335783545203	false	1.0
terror	neg 1.0		off 0.498228169112003 neg 0.49507972722603183 __DUMMY__ 0.006692103661965206	false	0.5
krass	neg 1.0		off 0.504228118324617 neg 0.489166276203055 __DUMMY__ 0.006605605472328	false	0.5
revolte	neg 1.0		neg 0.4974386194946522 off 0.4959187585899179 __DUMMY__ 0.00664262191542997	false	1.0
besorgt	neg 1.0		neg 0.49761697651065856 off 0.4956000187735857 __DUMMY__ 0.006783004715755832	false	1.0
nachlassen	neg 1.0		neg 0.4991897149800384 off 0.49402956037341395 __DUMMY__ 0.006780724646547797	false	1.0
alt	neg 1.0		neg 0.5054743422049914 off 0.487837989167951 __DUMMY__ 0.00668766862705756	false	1.0
hundesohn	off 1.0	off 1.0	off 0.7391124139968633 neg 0.2578017230835539 __DUMMY__ 0.003085862919582631	false	1.0
als			neg 0.4998107669923068 off 0.493441693215012 __DUMMY__ 0.006747539792681102	false	0.0
abschreckung	neg 1.0		neg 0.5025385828785547 off 0.4906899162773025 __DUMMY__ 0.006771500844142916	false	1.0
unqualifiziert	neg 1.0		off 0.4996090635723277 neg 0.49370512407105127 __DUMMY__ 0.006685812356620966	false	0.5
abgewichst	off 1.0		neg 0.4976835581216757 off 0.49557567407141495 __DUMMY__ 0.0067407678069094125	false	0.5
schwer	neg 1.0		neg 0.4976934140806247 off 0.49556019094911463 __DUMMY__ 0.0067463949702606975	false	1.0
bedeutungslosigkeit	neg 1.0		neg 0.5018185209317911 off 0.4914109104306319 __DUMMY__ 0.006770568637577063	false	1.0
kapitulation	neg 1.0		neg 0.5019375553588565 off 0.4913357142156521 __DUMMY__ 0.006726730425491286	false	1.0
unscharf	neg 1.0		neg 0.4987585955159438 off 0.49458497342278895 __DUMMY__ 0.006656431061267224	false	1.0
schwinden	neg 1.0		neg 0.5026115250216437 off 0.49063349568145787 __DUMMY__ 0.006754979296898402	false	1.0
versklavung	neg 1.0	neg 1.0	neg 0.7345272916309219 off 0.26231386622867 __DUMMY__ 0.0031588421404081008	false	1.0
schlecht	neg 1.0		off 0.5014017630503558 neg 0.49191654475931107 __DUMMY__ 0.006681692190333216	false	0.5
verhasst	neg 1.0		neg 0.49726949987714314 off 0.4960305553613831 __DUMMY__ 0.006699944761473846	false	1.0
beschweren	neg 1.0		off 0.497965815503313 neg 0.4953101065090596 __DUMMY__ 0.006724077987627442	false	0.5
scheiden	neg 1.0		neg 0.4973152186703267 off 0.49595093219352415 __DUMMY__ 0.006733849136149039	false	1.0
frustriert	neg 1.0		neg 0.49854398761527957 off 0.49470283614714977 __DUMMY__ 0.006753176237570641	false	1.0
schimmelig	neg 1.0		neg 0.5032409562373977 off 0.49004843772520834 __DUMMY__ 0.00671060603739379	false	1.0
fisch	neg 1.0		neg 0.5069712224273136 off 0.48630122435426937 __DUMMY__ 0.006727553218416846	false	1.0
schmuggel	neg 1.0		neg 0.5018841780013661 off 0.4913086820237068 __DUMMY__ 0.00680713997492701	false	1.0
auffallen	neg 1.0		off 0.4978348408811086 neg 0.49545522788491553 __DUMMY__ 0.006709931233975833	false	0.5
konkurrenz	neg 1.0		neg 0.5001392700196852 off 0.49305326869631794 __DUMMY__ 0.006807461283996983	false	1.0
teufelskreis	neg 1.0	neg 1.0	neg 0.7354891567562485 off 0.2613347586049368 __DUMMY__ 0.0031760846388147715	false	1.0
aufschreien	neg 1.0		off 0.4970299132390533 neg 0.4962881581796338 __DUMMY__ 0.006681928581312937	false	0.5
schuldner	neg 1.0		neg 0.5045597185137045 off 0.4887114090981242 __DUMMY__ 0.006728872388171247	false	1.0
missgeburt	off 1.0	off 1.0	off 0.739287455707421 neg 0.25760293776715426 __DUMMY__ 0.0031096065254247376	false	1.0
arbeitslos	neg 1.0		neg 0.5003745941475608 off 0.49287309170577737 __DUMMY__ 0.006752314146661692	false	1.0
befallen	neg 1.0		neg 0.5029450831749387 off 0.4903818084563845 __DUMMY__ 0.006673108368676826	false	1.0
miesepetrig	off 1.0	off 1.0	off 0.7349904055851616 neg 0.26185225734848266 __DUMMY__ 0.0031573370663557027	false	1.0
alarmieren	neg 1.0		off 0.49944507890924933 neg 0.4938813085292489 __DUMMY__ 0.0066736125615018274	false	0.5
ungeduscht	off 1.0		off 0.49822993647204483 neg 0.49510960532194936 __DUMMY__ 0.006660458206005804	false	1.0
knappheit	neg 1.0		neg 0.5022932657360663 off 0.49099634379914714 __DUMMY__ 0.006710390464786645	false	1.0
schlange	neg 1.0		off 0.4966350167504428 neg 0.496624712454299 __DUMMY__ 0.006740270795258245	false	0.5
harsch	neg 1.0		off 0.5055140154311992 neg 0.48784298271237725 __DUMMY__ 0.006643001856423596	false	0.5
lang	neg 1.0		neg 0.49666597719946326 off 0.4966183709406764 __DUMMY__ 0.006715651859860326	false	1.0
ziellos	neg 1.0		neg 0.500277789428742 off 0.49293162610009983 __DUMMY__ 0.006790584471158172	false	1.0
selbstverliebt	neg 1.0		off 0.5110075347269327 neg 0.48245294386588805 __DUMMY__ 0.006539521407179385	false	0.5
beseitigen	neg 1.0		neg 0.4970206262973853 off 0.49623391226980945 __DUMMY__ 0.006745461432805253	false	1.0
dumm	off 1.0		off 0.50586724712567 neg 0.48754976468874445 __DUMMY__ 0.006582988185585516	false	1.0
arbeitsloser	neg 1.0		off 0.4971523538676931 neg 0.4960306192652183 __DUMMY__ 0.0068170268670884925	false	0.5
blitzen	neg 1.0		off 0.4979876138381937 neg 0.4953417456295265 __DUMMY__ 0.006670640532279828	false	0.5
hilflos	neg 1.0		neg 0.5002083648921749 off 0.49304018095011315 __DUMMY__ 0.006751454157712048	false	1.0
eklig	off 1.0		off 0.5049086404977035 neg 0.4885360758172166 __DUMMY__ 0.006555283685079805	false	1.0
begriff			neg 0.49754566669306516 off 0.49571055027672883 __DUMMY__ 0.006743783030206054	false	0.0
hungersnot	neg 1.0		neg 0.5017779480239931 off 0.4915044753751618 __DUMMY__ 0.00671757660084506	false	1.0
ungesetzlich	neg 1.0		off 0.49732005037607835 neg 0.49598091316572684 __DUMMY__ 0.006699036458194826	false	0.5
verschwendung	neg 1.0		neg 0.5019912080866528 off 0.4912406347260878 __DUMMY__ 0.006768157187259363	false	1.0
schmerzvoll	neg 1.0		neg 0.4973205780120108 off 0.4959778950800087 __DUMMY__ 0.006701526907980338	false	1.0
vorzeitig	neg 1.0		off 0.5024925519961407 neg 0.4907973752912562 __DUMMY__ 0.006710072712602898	false	0.5
unvollkommenheit	neg 1.0		neg 0.4993140255771589 off 0.493944210951591 __DUMMY__ 0.006741763471250037	false	1.0
intervenieren	neg 1.0		neg 0.5033812369997464 off 0.4898891711666204 __DUMMY__ 0.0067295918336332085	false	1.0
banause	off 1.0		off 0.5044996820584832 neg 0.48899006168041437 __DUMMY__ 0.006510256261102542	false	1.0
rebell	neg 1.0		neg 0.5077229976985383 off 0.48551534411476804 __DUMMY__ 0.006761658186693503	false	1.0
unlogisch	neg 1.0		off 0.5016858261907088 neg 0.491691918242451 __DUMMY__ 0.006622255566840285	false	0.5
leiden	neg 1.0		neg 0.5005314236022013 off 0.4926510132739732 __DUMMY__ 0.006817563123825462	false	1.0
abschaffung	neg 1.0		neg 0.49843484911354596 off 0.49487530418057085 __DUMMY__ 0.006689846705883124	false	1.0
sturz	neg 1.0		off 0.4998932438123706 neg 0.4933579226789103 __DUMMY__ 0.006748833508719088	false	0.5
verkleinerung	neg 1.0		neg 0.497734456543211 off 0.4956402843992002 __DUMMY__ 0.006625259057588729	false	1.0
schmarotzer	off 1.0		neg 0.499419469096739 off 0.49383638967293186 __DUMMY__ 0.006744141230329095	false	0.5
bestrafung	neg 1.0	neg 1.0	neg 0.7336997579146696 off 0.26311289926936177 __DUMMY__ 0.003187342815968674	false	1.0
