unsolidarisch	neg 1.0		__DUMMY__ 0.44613059479046857 neg 0.27775442235302866 off 0.2761149828565027	false	1.0
nachteilig	neg 1.0		__DUMMY__ 0.4518450479488304 neg 0.27585401086057115 off 0.2723009411905984	false	1.0
skeptisch	neg 1.0		__DUMMY__ 0.45126975106018336 neg 0.2783630452154035 off 0.27036720372441314	false	1.0
schrecklich	neg 1.0		__DUMMY__ 0.44218573274126916 off 0.28572270938184025 neg 0.2720915578768906	false	0.5
schlapp	neg 1.0	neg 1.0	neg 0.6255082926092412 __DUMMY__ 0.2145210364982752 off 0.1599706708924836	false	1.0
abfall	neg 1.0		__DUMMY__ 0.45517735083895083 neg 0.27701503093392077 off 0.26780761822712834	false	1.0
widerspenstig	neg 1.0		__DUMMY__ 0.447125685249186 neg 0.27864699676347254 off 0.2742273179873416	false	1.0
abrupt	neg 1.0		__DUMMY__ 0.44997333370757864 neg 0.2809734528711721 off 0.2690532134212493	false	1.0
unwirksam	neg 1.0		__DUMMY__ 0.4432422910729498 neg 0.28253355282121634 off 0.2742241561058337	false	1.0
angreifen	neg 1.0		__DUMMY__ 0.4518502162512604 neg 0.2783244325014374 off 0.2698253512473022	false	1.0
inkonsistent	neg 1.0		__DUMMY__ 0.4453283397361464 off 0.27812305824514594 neg 0.2765486020187077	false	0.5
abrutschen	neg 1.0		__DUMMY__ 0.45446494507596524 neg 0.27849775239371394 off 0.26703730253032093	false	1.0
unsicher	neg 1.0		__DUMMY__ 0.44923650806218113 off 0.2757908031028014 neg 0.2749726888350175	false	0.5
bauernkind	off 1.0	off 1.0	off 0.6325132413349155 __DUMMY__ 0.2098401784380863 neg 0.15764658022699812	false	1.0
angreifer	neg 1.0		__DUMMY__ 0.4480854780330437 off 0.28073272737644656 neg 0.2711817945905098	false	0.5
trennen	neg 1.0		__DUMMY__ 0.4528399298774861 neg 0.27728223230157817 off 0.2698778378209358	false	1.0
schmutz	neg 1.0		__DUMMY__ 0.45104963253931474 off 0.28094901968564584 neg 0.2680013477750393	false	0.5
inkonsistenz	neg 1.0		__DUMMY__ 0.4454163306290883 off 0.28136748028756003 neg 0.27321618908335155	false	0.5
erschreckend	neg 1.0		__DUMMY__ 0.4488260563061941 neg 0.2763615245060551 off 0.27481241918775096	false	1.0
ertrinken	neg 1.0		__DUMMY__ 0.4506979211166727 neg 0.2807049626311312 off 0.268597116252196	false	1.0
pickelface	off 1.0		__DUMMY__ 0.4475189739737476 neg 0.2765060405637495 off 0.275974985462503	false	0.5
seiner			__DUMMY__ 0.4525573972792152 neg 0.27678638444381165 off 0.270656218276973	false	0.0
lauch	neg 1.0	neg 1.0	neg 0.6295919903787056 __DUMMY__ 0.21882155570313422 off 0.15158645391816014	false	1.0
unwichtig	neg 1.0		__DUMMY__ 0.44470695721197295 off 0.2809331712289325 neg 0.2743598715590945	false	0.5
steuerhinterziehung	neg 1.0		__DUMMY__ 0.4475424918817984 neg 0.2780377060462002 off 0.27441980207200145	false	1.0
schock	neg 1.0		__DUMMY__ 0.4496575166234252 neg 0.2765535164402052 off 0.27378896693636956	false	1.0
beule	neg 1.0		__DUMMY__ 0.4428523457291304 off 0.28339729814322484 neg 0.27375035612764476	false	0.5
vergelten	neg 1.0		__DUMMY__ 0.4429335203713426 off 0.28743682521781877 neg 0.26962965441083875	false	0.5
verdorbenheit	neg 1.0		__DUMMY__ 0.44706076989401994 off 0.2765612183991621 neg 0.2763780117068179	false	0.5
trauma	neg 1.0		__DUMMY__ 0.44654249417922154 off 0.276845723136537 neg 0.27661178268424136	false	0.5
sinnlos	neg 1.0		__DUMMY__ 0.44695085917368216 off 0.277786182753601 neg 0.27526295807271683	false	0.5
fettsack	off 1.0	off 1.0	off 0.6336704068951973 __DUMMY__ 0.21009289981356433 neg 0.15623669329123852	false	1.0
feige	off 1.0	off 1.0	off 0.6301447590263316 __DUMMY__ 0.21352056937801608 neg 0.15633467159565229	false	1.0
abdanken	neg 1.0		__DUMMY__ 0.4487333144694528 neg 0.27600176482329264 off 0.27526492070725456	false	1.0
wichtigtuer	off 1.0	off 1.0	off 0.628473890182461 __DUMMY__ 0.21563433953896577 neg 0.15589177027857323	false	1.0
misslingen	neg 1.0	neg 1.0	neg 0.6225371728832259 __DUMMY__ 0.21878813028199265 off 0.1586746968347815	false	1.0
untreu	off 1.0		__DUMMY__ 0.44388051939310663 off 0.2823031938674844 neg 0.2738162867394089	false	1.0
missmutig	neg 1.0		__DUMMY__ 0.44545686305530535 off 0.2794912402569459 neg 0.2750518966877487	false	0.5
hurenbock	off 1.0		__DUMMY__ 0.44390732719780934 neg 0.2820545068041047 off 0.27403816599808595	false	0.5
betrunken	neg 1.0		__DUMMY__ 0.4426784436478058 off 0.2844206083082546 neg 0.2729009480439396	false	0.5
korrupt	off 1.0		__DUMMY__ 0.4473063527469405 neg 0.27900173020030616 off 0.27369191705275336	false	0.5
unmut	neg 1.0		__DUMMY__ 0.45248910488172883 neg 0.2790973871517886 off 0.26841350796648256	false	1.0
hackfresse	off 1.0		__DUMMY__ 0.43906249112935736 off 0.29076553355685114 neg 0.27017197531379145	false	1.0
aufblasen	neg 1.0		__DUMMY__ 0.4481298455112271 off 0.275994198145965 neg 0.27587595634280804	false	0.5
gewaltsam	neg 1.0		__DUMMY__ 0.4485605126062479 neg 0.2762773626135913 off 0.2751621247801607	false	1.0
unbeliebtheit	neg 1.0		__DUMMY__ 0.44414938242795293 off 0.2825152819149821 neg 0.27333533565706497	false	0.5
sturheit	neg 1.0		__DUMMY__ 0.4501349640195518 off 0.27530743121962803 neg 0.2745576047608202	false	0.5
kuh	neg 1.0		__DUMMY__ 0.43950680443760687 neg 0.28440460419802127 off 0.27608859136437186	false	1.0
erschrecken	neg 1.0		__DUMMY__ 0.4460859275901013 off 0.280316578487765 neg 0.27359749392213367	false	0.5
opfer	neg 1.0		__DUMMY__ 0.4523696195593756 neg 0.2748834938470785 off 0.27274688659354585	false	1.0
sinken	neg 1.0		__DUMMY__ 0.45103851115575416 neg 0.28047073911227216 off 0.2684907497319738	false	1.0
stinktier	neg 1.0		__DUMMY__ 0.43639439485505516 off 0.28639922834693615 neg 0.2772063767980088	false	0.5
tucke	off 1.0		__DUMMY__ 0.43410800224747104 off 0.29145913654908023 neg 0.2744328612034489	false	1.0
ein			__DUMMY__ 0.44720993181090807 neg 0.2789188169036896 off 0.2738712512854022	false	0.0
abstieg	neg 1.0		__DUMMY__ 0.4535658017517269 off 0.2750575461464007 neg 0.27137665210187234	false	0.5
missverstehen	neg 1.0		__DUMMY__ 0.44630039064065374 off 0.27878242015506166 neg 0.2749171892042846	false	0.5
ergebnislos	neg 1.0		__DUMMY__ 0.45236348977249496 neg 0.275292669457393 off 0.2723438407701122	false	1.0
unter			__DUMMY__ 0.45848672614665753 neg 0.2780987458578583 off 0.2634145279954842	false	0.0
manipulieren	neg 1.0		__DUMMY__ 0.452411100117021 neg 0.27612461107673236 off 0.27146428880624657	false	1.0
unbewiesen	neg 1.0	neg 1.0	neg 0.6264688334592746 __DUMMY__ 0.21616033340893065 off 0.15737083313179467	false	1.0
verschleppen	neg 1.0		__DUMMY__ 0.44947446174258027 neg 0.27806012695299176 off 0.27246541130442803	false	1.0
weib	off 1.0		__DUMMY__ 0.43588824409896043 off 0.2923634044593802 neg 0.2717483514416594	false	1.0
opposition	neg 1.0		__DUMMY__ 0.445367943473957 neg 0.27796873994592003 off 0.2766633165801231	false	1.0
verkehrswidrig	neg 1.0	neg 1.0	neg 0.6214960681626713 __DUMMY__ 0.21443102877678308 off 0.16407290306054553	false	1.0
inkorrekt	neg 1.0		__DUMMY__ 0.4418088329216288 off 0.2853757516396325 neg 0.27281541543873866	false	0.5
vermeiden	neg 1.0		__DUMMY__ 0.4548961085102612 neg 0.2786167387043566 off 0.26648715278538226	false	1.0
abweichung	neg 1.0	neg 1.0	neg 0.6250730544641463 __DUMMY__ 0.21903367826730996 off 0.15589326726854377	false	1.0
alkoholisiert	neg 1.0		__DUMMY__ 0.45414254503595086 neg 0.2746766278756163 off 0.27118082708843294	false	1.0
scheiss	off 1.0	off 1.0	off 0.6309645142697827 __DUMMY__ 0.21280838067595248 neg 0.15622710505426485	false	1.0
herausforderung	neg 1.0		__DUMMY__ 0.45106837564913405 neg 0.27555868691780605 off 0.2733729374330599	false	1.0
pervers	off 1.0		__DUMMY__ 0.435084897545438 off 0.29528760169527585 neg 0.26962750075928615	false	1.0
wackelig	neg 1.0		__DUMMY__ 0.451151654070434 neg 0.27564647331037107 off 0.27320187261919493	false	1.0
verwickeln	neg 1.0		__DUMMY__ 0.44666791761352986 off 0.2776704634365327 neg 0.27566161894993746	false	0.5
vorwand	neg 1.0		__DUMMY__ 0.4518618037852773 neg 0.2788683250653251 off 0.2692698711493976	false	1.0
muschi	off 1.0		__DUMMY__ 0.4489228533466737 neg 0.27595662891886147 off 0.27512051773446483	false	0.5
entmutigung	neg 1.0		__DUMMY__ 0.4448728717770958 off 0.27783512344395334 neg 0.277292004778951	false	0.5
unangemessen	neg 1.0		__DUMMY__ 0.4497193513058024 neg 0.2755859684396789 off 0.2746946802545187	false	1.0
unstetig	neg 1.0		__DUMMY__ 0.4457202202489515 off 0.28019777767201026 neg 0.27408200207903827	false	0.5
entmutigen	neg 1.0		__DUMMY__ 0.4478981290683732 off 0.27678206646532694 neg 0.2753198044662999	false	0.5
schwanz	neg 1.0		__DUMMY__ 0.4492280341228355 neg 0.2784584249731586 off 0.2723135409040058	false	1.0
verbot	neg 1.0		__DUMMY__ 0.4475891036492641 neg 0.27913549258417075 off 0.27327540376656523	false	1.0
leid	neg 1.0		__DUMMY__ 0.4405843583983512 off 0.28730889853211233 neg 0.2721067430695364	false	0.5
archaisch	neg 1.0		__DUMMY__ 0.4484979516237104 neg 0.27784054133765823 off 0.27366150703863146	false	1.0
gegen			__DUMMY__ 0.45400034838856435 neg 0.27622870392330495 off 0.2697709476881306	false	0.0
scheidung	neg 1.0		__DUMMY__ 0.43749632951908846 off 0.3010266174105392 neg 0.2614770530703724	false	0.5
einschlag	neg 1.0		__DUMMY__ 0.44420947982290254 off 0.2870514760639926 neg 0.26873904411310484	false	0.5
m			__DUMMY__ 0.4499719871840867 neg 0.27665918531185735 off 0.2733688275040559	false	0.0
abgestanden	neg 1.0		__DUMMY__ 0.44275677072441816 neg 0.284070859650309 off 0.2731723696252729	false	1.0
schmierig	off 1.0		__DUMMY__ 0.4409176698260518 off 0.2870320928096173 neg 0.272050237364331	false	1.0
unpraktisch	neg 1.0		__DUMMY__ 0.4481428601316756 off 0.27750500553220087 neg 0.27435213433612354	false	0.5
wixxer	off 1.0		__DUMMY__ 0.43361617100172684 off 0.2951335946605325 neg 0.2712502343377407	false	1.0
bezeichnet			__DUMMY__ 0.44869594744826063 off 0.27626546613736336 neg 0.27503858641437606	false	0.0
jammerlappen	off 1.0		__DUMMY__ 0.4449711033633969 off 0.28146223747721094 neg 0.2735666591593922	false	1.0
farce	neg 1.0		__DUMMY__ 0.4464593143566442 neg 0.2784908676536357 off 0.2750498179897202	false	1.0
zwecklos	neg 1.0		__DUMMY__ 0.44936971308712065 neg 0.2774865887847894 off 0.27314369812808986	false	1.0
turbulent	neg 1.0		__DUMMY__ 0.443008312451485 off 0.283637882487821 neg 0.2733538050606939	false	0.5
invasion	neg 1.0		__DUMMY__ 0.446502396096405 off 0.2786164085868299 neg 0.2748811953167652	false	0.5
schuld	neg 1.0		__DUMMY__ 0.4475179420477875 off 0.27706336354694927 neg 0.2754186944052632	false	0.5
risiko	neg 1.0		__DUMMY__ 0.4447365710915942 neg 0.27824259290973385 off 0.2770208359986718	false	1.0
finster	neg 1.0		__DUMMY__ 0.4467570352697452 neg 0.2788074583364637 off 0.2744355063937911	false	1.0
geisteskrank	off 1.0		__DUMMY__ 0.44281489897467463 off 0.2840719082321327 neg 0.27311319279319274	false	1.0
zusammenbrechen	neg 1.0		__DUMMY__ 0.44918802514364914 neg 0.2775278989877179 off 0.27328407586863296	false	1.0
ausbeute	neg 1.0		__DUMMY__ 0.4513868926545937 off 0.2753783280812933 neg 0.27323477926411294	false	0.5
hinterhalt	neg 1.0		__DUMMY__ 0.4484091208045899 neg 0.277966238172953 off 0.2736246410224569	false	1.0
kritik	neg 1.0		__DUMMY__ 0.44646168285364435 neg 0.27888314361560834 off 0.2746551735307472	false	1.0
einschrumpfen	neg 1.0		__DUMMY__ 0.44220187636463015 off 0.2804672739195357 neg 0.27733084971583405	false	0.5
riskant	neg 1.0		__DUMMY__ 0.4505455833561923 neg 0.27912796193016337 off 0.27032645471364425	false	1.0
frustrieren	neg 1.0		__DUMMY__ 0.44945480448377234 neg 0.27945504029292667 off 0.2710901552233011	false	1.0
groll	neg 1.0		__DUMMY__ 0.45044191544917334 neg 0.27562242283426214 off 0.27393566171656447	false	1.0
gibt			__DUMMY__ 0.4502861262089297 neg 0.276524823305615 off 0.2731890504854553	false	0.0
qualvoll	neg 1.0		__DUMMY__ 0.44678883027564065 off 0.277937573966887 neg 0.27527359575747223	false	0.5
wackeln	neg 1.0		__DUMMY__ 0.4487035687078455 neg 0.27585471110110615 off 0.27544172019104834	false	1.0
klagen	neg 1.0		__DUMMY__ 0.45113158965826106 neg 0.2796043528890557 off 0.26926405745268317	false	1.0
bankrott	neg 1.0		__DUMMY__ 0.4462275967738272 off 0.2812245829745298 neg 0.27254782025164304	false	0.5
trauern	neg 1.0		__DUMMY__ 0.45439160822897745 neg 0.2733857705749823 off 0.2722226211960404	false	1.0
ablehnung	neg 1.0		__DUMMY__ 0.4472563483029635 neg 0.2785848798858927 off 0.2741587718111437	false	1.0
stur	neg 1.0		__DUMMY__ 0.44684131034854 off 0.2767439897100875 neg 0.2764146999413725	false	0.5
aufruhr	neg 1.0	neg 1.0	neg 0.6269293145231476 __DUMMY__ 0.21644640488612238 off 0.15662428059073	false	1.0
melancholie	neg 1.0		__DUMMY__ 0.4496467126169871 neg 0.28091344960956316 off 0.2694398377734498	false	1.0
ist			__DUMMY__ 0.44730043286637433 off 0.27760856328630823 neg 0.27509100384731755	false	0.0
torheit	neg 1.0		__DUMMY__ 0.44751232892943926 off 0.2772022352373232 neg 0.2752854358332374	false	0.5
dreckskind	off 1.0		__DUMMY__ 0.4374294538952444 off 0.2916615669421328 neg 0.2709089791626228	false	1.0
umtauschen	neg 1.0		__DUMMY__ 0.4482103273496062 neg 0.2771760270218552 off 0.2746136456285385	false	1.0
zum			__DUMMY__ 0.4586654582755852 neg 0.27295247677365686 off 0.26838206495075784	false	0.0
zersetzen	neg 1.0		__DUMMY__ 0.4501569750346366 neg 0.27983202648492833 off 0.270010998480435	false	1.0
zur			__DUMMY__ 0.45513730019751314 neg 0.2780207421205459 off 0.2668419576819408	false	0.0
frust	neg 1.0		__DUMMY__ 0.4498117939730117 neg 0.27694449243086805 off 0.27324371359612026	false	1.0
unerbittlichkeit	neg 1.0		__DUMMY__ 0.45128151048684917 neg 0.27707046910341715 off 0.27164802040973374	false	1.0
zwei			__DUMMY__ 0.4558212451089737 neg 0.277748672633773 off 0.26643008225725323	false	0.0
unkorrekt	neg 1.0		__DUMMY__ 0.44209110218957864 off 0.28374852749784785 neg 0.27416037031257356	false	0.5
hexe	off 1.0		__DUMMY__ 0.4425283122718003 off 0.2798700597392248 neg 0.277601627988975	false	1.0
lasch	neg 1.0		__DUMMY__ 0.4456274253819166 off 0.2805537767803 neg 0.27381879783778335	false	0.5
rivale	neg 1.0		__DUMMY__ 0.4422642321522687 off 0.28578085340040854 neg 0.2719549144473229	false	0.5
mutlos	off 1.0	off 1.0	off 0.6249023438440343 __DUMMY__ 0.2175063221289327 neg 0.15759133402703293	false	1.0
wirr	off 1.0		__DUMMY__ 0.44139571989916243 off 0.28626238522940334 neg 0.27234189487143423	false	1.0
jahr			__DUMMY__ 0.45546842384044023 off 0.27230059389496547 neg 0.2722309822645942	false	0.0
wird			__DUMMY__ 0.45074084223085276 neg 0.2766674535316329 off 0.2725917042375142	false	0.0
strafbar	neg 1.0		__DUMMY__ 0.4511533979542322 neg 0.2773860197443478 off 0.2714605823014201	false	1.0
erosion	neg 1.0		__DUMMY__ 0.44815428460185897 neg 0.27599411193008316 off 0.2758516034680579	false	1.0
eingehen	neg 1.0		__DUMMY__ 0.44980631933701126 neg 0.279161073123965 off 0.2710326075390236	false	1.0
faul	off 1.0		__DUMMY__ 0.44519728683371446 off 0.2803358601576928 neg 0.27446685300859275	false	1.0
provisorium	neg 1.0		__DUMMY__ 0.4587983612284495 neg 0.2775560372549573 off 0.2636456015165931	false	1.0
schmerzen	neg 1.0		__DUMMY__ 0.4481681652746217 neg 0.2780206247269492 off 0.273811209998429	false	1.0
schrumpfen	neg 1.0		__DUMMY__ 0.4523271531366716 neg 0.2819631409371513 off 0.26570970592617704	false	1.0
geistlos	off 1.0		__DUMMY__ 0.4447096272149195 off 0.2784655824204497 neg 0.2768247903646308	false	1.0
fehlkauf	neg 1.0		__DUMMY__ 0.4451507727368726 off 0.2779992392951531 neg 0.2768499879679742	false	0.5
frustrierend	neg 1.0		__DUMMY__ 0.4456740460724299 off 0.2799917312122594 neg 0.2743342227153107	false	0.5
unzufrieden	neg 1.0		__DUMMY__ 0.44970789801832955 neg 0.2773073224126345 off 0.272984779569036	false	1.0
verzweifeln	neg 1.0		__DUMMY__ 0.44945367850784307 neg 0.27585169954048067 off 0.2746946219516763	false	1.0
verzweifelt	neg 1.0		__DUMMY__ 0.4474059464263089 off 0.2771053627961378 neg 0.2754886907775534	false	0.5
misstrauensantrag	neg 1.0		__DUMMY__ 0.4465191857725065 off 0.27789116013480303 neg 0.2755896540926905	false	0.5
abfallen	neg 1.0		__DUMMY__ 0.44772107184685006 neg 0.27675899537089405 off 0.2755199327822558	false	1.0
fucker	off 1.0		__DUMMY__ 0.4431489135668031 off 0.28536433212083345 neg 0.2714867543123635	false	1.0
ungezogen	neg 1.0		__DUMMY__ 0.437098374807982 off 0.29294042040643403 neg 0.2699612047855839	false	0.5
irrsinnig	neg 1.0	neg 1.0	neg 0.6270300483922334 __DUMMY__ 0.21589263744470608 off 0.15707731416306045	false	1.0
unfassbar	neg 1.0		__DUMMY__ 0.44456813320064503 off 0.2825442389217665 neg 0.27288762787758847	false	0.5
hart	neg 1.0		__DUMMY__ 0.4398326778020185 off 0.28075578878395785 neg 0.27941153341402364	false	0.5
widerlich	off 1.0		__DUMMY__ 0.44350519979050723 off 0.28291124987505994 neg 0.27358355033443277	false	1.0
fatal	neg 1.0	neg 1.0	neg 0.6284249913462089 __DUMMY__ 0.21393224669552116 off 0.15764276195826996	false	1.0
bruch	neg 1.0		__DUMMY__ 0.4545822967250122 neg 0.2764233449932153 off 0.2689943582817725	false	1.0
aushungern	neg 1.0		__DUMMY__ 0.4473066531520275 neg 0.2792852452228323 off 0.2734081016251402	false	1.0
anspannung	neg 1.0		__DUMMY__ 0.4567184580340496 neg 0.2762358870789335 off 0.267045654887017	false	1.0
von			__DUMMY__ 0.45252056413421415 neg 0.2776282502950067 off 0.2698511855707791	false	0.0
kraftlos	neg 1.0		__DUMMY__ 0.4504139930940089 neg 0.2769670823427155 off 0.2726189245632755	false	1.0
vom			__DUMMY__ 0.4601856123924059 neg 0.2748888219758216 off 0.2649255656317724	false	0.0
grenzdebil	off 1.0		__DUMMY__ 0.4433542417576411 off 0.2824768336214659 neg 0.27416892462089293	false	1.0
vor			__DUMMY__ 0.45319399653236436 neg 0.2781792272521959 off 0.2686267762154397	false	0.0
unterwerfen	neg 1.0		__DUMMY__ 0.4507407635868507 neg 0.27713046157423604 off 0.2721287748389133	false	1.0
versenkung	neg 1.0		__DUMMY__ 0.4513569189107518 neg 0.2770408674882387 off 0.2716022136010096	false	1.0
entziehen	neg 1.0		__DUMMY__ 0.45194399172739286 neg 0.278882653999963 off 0.26917335427264405	false	1.0
finanzkrise	neg 1.0		__DUMMY__ 0.443232370949414 neg 0.283784080453984 off 0.272983548596602	false	1.0
schimpfend	neg 1.0		__DUMMY__ 0.4488962419204481 off 0.2769256313205556 neg 0.2741781267589962	false	0.5
profan	neg 1.0		__DUMMY__ 0.44642615547191317 off 0.27822883078352784 neg 0.2753450137445591	false	0.5
korruption	neg 1.0		__DUMMY__ 0.4477089202020802 neg 0.27944563146194834 off 0.2728454483359715	false	1.0
â			__DUMMY__ 0.4496635178404025 neg 0.27798940981549114 off 0.2723470723441064	false	0.0
schmutzig	neg 1.0		__DUMMY__ 0.44382555666684886 off 0.28290492208781204 neg 0.273269521245339	false	0.5
sexy	neg 1.0		__DUMMY__ 0.4462231201313485 off 0.2802459585464657 neg 0.2735309213221857	false	0.5
abraten	neg 1.0		__DUMMY__ 0.44745553530321314 off 0.2780023965802647 neg 0.2745420681165223	false	0.5
schwarz	neg 1.0		__DUMMY__ 0.4467232870104507 off 0.2782010663928785 neg 0.2750756465966706	false	0.5
fotze	off 1.0	off 1.0	off 0.6253015247665444 __DUMMY__ 0.217216122352027 neg 0.15748235288142862	false	1.0
verwirren	neg 1.0		__DUMMY__ 0.4466956876828718 off 0.2787158406117948 neg 0.27458847170533335	false	0.5
zahnlos	off 1.0		__DUMMY__ 0.44906869254040666 neg 0.2768766515404885 off 0.2740546559191049	false	0.5
verheeren	neg 1.0		__DUMMY__ 0.43725418100494773 off 0.2948381932597911 neg 0.2679076257352611	false	0.5
hippie	neg 1.0		__DUMMY__ 0.44589893290339233 off 0.27964730809252786 neg 0.2744537590040798	false	0.5
rammen	neg 1.0		__DUMMY__ 0.44788531666992515 off 0.2762432266762174 neg 0.27587145665385765	false	0.5
unlauter	neg 1.0		__DUMMY__ 0.445732601804952 off 0.2775965302320002 neg 0.2766708679630477	false	0.5
unheilvoll	neg 1.0		__DUMMY__ 0.4467943945463491 off 0.27663651462520455 neg 0.27656909082844633	false	0.5
niedrig	neg 1.0		__DUMMY__ 0.44838419617524883 neg 0.2801150012046423 off 0.27150080262010895	false	1.0
explosion	neg 1.0		__DUMMY__ 0.4462369749102195 off 0.279641023606448 neg 0.27412200148333243	false	0.5
weichei	off 1.0	off 1.0	off 0.6336119839151201 __DUMMY__ 0.21117574883720097 neg 0.15521226724767903	false	1.0
minusmensch	off 1.0		__DUMMY__ 0.43628727593857797 off 0.2941368024956961 neg 0.26957592156572585	false	1.0
farblos	neg 1.0		__DUMMY__ 0.4459513950839801 neg 0.2778962971137277 off 0.2761523078022924	false	1.0
unwissend	neg 1.0	neg 1.0	neg 0.6264780722216999 __DUMMY__ 0.21405372403539774 off 0.1594682037429023	false	1.0
traurig	neg 1.0		__DUMMY__ 0.4424087152939751 off 0.2852347294731534 neg 0.2723565552328715	false	0.5
senkung	neg 1.0		__DUMMY__ 0.44290099694147833 neg 0.27956260508294295 off 0.2775363979755787	false	1.0
ungleich	neg 1.0	neg 1.0	neg 0.6276993665064818 __DUMMY__ 0.21775962875763574 off 0.15454100473588242	false	1.0
heikel	neg 1.0		__DUMMY__ 0.45108414433885363 neg 0.27805454726870593 off 0.27086130839244044	false	1.0
drosselung	neg 1.0		__DUMMY__ 0.44037156264916283 off 0.28137844769504633 neg 0.27824998965579084	false	0.5
falsch	neg 1.0		__DUMMY__ 0.44594791873447914 off 0.2804152104247808 neg 0.27363687084074	false	0.5
unzufriedenheit	neg 1.0		__DUMMY__ 0.4497889877081326 neg 0.2802906724978002 off 0.2699203397940673	false	1.0
kurz	neg 1.0		__DUMMY__ 0.45090296869698643 neg 0.27537402274638983 off 0.27372300855662357	false	1.0
unsinnig	neg 1.0		__DUMMY__ 0.4474172299854691 neg 0.27853516377952886 off 0.274047606235002	false	1.0
penner	off 1.0	off 1.0	off 0.6349703144693037 __DUMMY__ 0.21092834445705697 neg 0.1541013410736393	false	1.0
seicht	neg 1.0		__DUMMY__ 0.435690978716829 off 0.29122771071821285 neg 0.2730813105649581	false	0.5
dummheit	off 1.0	off 1.0	off 0.6282122044345401 __DUMMY__ 0.21466429388245326 neg 0.15712350168300673	false	1.0
unerfreulich	neg 1.0		__DUMMY__ 0.45152067826927655 neg 0.2778669285477272 off 0.2706123931829962	false	1.0
motherfucker	off 1.0	off 1.0	off 0.6316492186816262 __DUMMY__ 0.21346857765164803 neg 0.15488220366672584	false	1.0
pikiert	neg 1.0	neg 1.0	neg 0.6264077677906724 __DUMMY__ 0.21382334562904623 off 0.15976888658028138	false	1.0
wrack	neg 1.0		__DUMMY__ 0.4544875694860607 off 0.27563469075502334 neg 0.2698777397589159	false	0.5
gangster	neg 1.0		__DUMMY__ 0.4456708454286281 off 0.2798425313772306 neg 0.27448662319414135	false	0.5
krank	neg 1.0	neg 1.0	neg 0.6246628239211196 __DUMMY__ 0.21453337916418566 off 0.16080379691469462	false	1.0
reich	neg 1.0		__DUMMY__ 0.44310992020669565 off 0.2795139711532191 neg 0.2773761086400852	false	0.5
gnadenlos	neg 1.0		__DUMMY__ 0.4483477241999659 off 0.27707897246452967 neg 0.27457330333550434	false	0.5
niedergeschlagen	neg 1.0		__DUMMY__ 0.4508451867625522 neg 0.2759814882998127 off 0.273173324937635	false	1.0
terrorisieren	off 1.0	off 1.0	off 0.6242645351060557 __DUMMY__ 0.21819390515811812 neg 0.1575415597358262	false	1.0
sinnlosigkeit	neg 1.0		__DUMMY__ 0.449624862084642 neg 0.27671039173730166 off 0.2736647461780562	false	1.0
behindern	neg 1.0		__DUMMY__ 0.4474650444666376 neg 0.2775695492120661 off 0.2749654063212963	false	1.0
undemokratisch	neg 1.0		__DUMMY__ 0.4458982617969795 off 0.27805819795658837 neg 0.276043540246432	false	0.5
wirtschaftskrise	neg 1.0		__DUMMY__ 0.44631894124091587 neg 0.2820061025398977 off 0.27167495621918625	false	1.0
neid	neg 1.0		__DUMMY__ 0.4459129745943135 off 0.2793994914276523 neg 0.27468753397803425	false	0.5
rutschen	neg 1.0		__DUMMY__ 0.45568057079170887 neg 0.27830832173489295 off 0.26601110747339823	false	1.0
rezession	neg 1.0		__DUMMY__ 0.43829573223399176 off 0.2839225968272354 neg 0.27778167093877276	false	0.5
fehlgeburt	neg 1.0		__DUMMY__ 0.4497049247866593 off 0.27678502495325297 neg 0.2735100502600877	false	0.5
charakterschwach	off 1.0		__DUMMY__ 0.44348684268580313 off 0.2822407139762105 neg 0.27427244333798634	false	1.0
isolation	neg 1.0		__DUMMY__ 0.4465295034180814 off 0.2805619491168525 neg 0.27290854746506604	false	0.5
ablenkung	neg 1.0		__DUMMY__ 0.4495557681638658 off 0.27576382608922245 neg 0.2746804057469118	false	0.5
pech	neg 1.0		__DUMMY__ 0.44553757904782243 off 0.28054463374639776 neg 0.27391778720577986	false	0.5
vermeidung	neg 1.0		__DUMMY__ 0.44290935902448203 off 0.2823108427694458 neg 0.27477979820607223	false	0.5
dominieren	neg 1.0		__DUMMY__ 0.4503163764215396 neg 0.2751701912493457 off 0.27451343232911474	false	1.0
schwindlig	neg 1.0		__DUMMY__ 0.4463373026263511 off 0.27755460840025065 neg 0.27610808897339834	false	0.5
lutscher	neg 1.0	neg 1.0	neg 0.6246426118300441 __DUMMY__ 0.20882527626625277 off 0.16653211190370318	false	1.0
pflicht	neg 1.0		__DUMMY__ 0.45311876634086085 neg 0.27694793227361797 off 0.26993330138552113	false	1.0
faschist	off 1.0		__DUMMY__ 0.4457577055291598 off 0.2801002679622835 neg 0.2741420265085569	false	1.0
verschleudern	neg 1.0		__DUMMY__ 0.44737372293958616 neg 0.28227938157310345 off 0.27034689548731033	false	1.0
wenn			__DUMMY__ 0.44507101895289886 off 0.2810741186881444 neg 0.2738548623589566	false	0.0
ehebruch	neg 1.0		__DUMMY__ 0.44995486761714976 neg 0.27750295518754037 off 0.2725421771953099	false	1.0
spott	off 1.0		__DUMMY__ 0.4510180834750859 neg 0.276157770872621 off 0.2728241456522931	false	0.5
trostlosigkeit	neg 1.0		__DUMMY__ 0.4502296118750335 neg 0.2813119290211582 off 0.2684584591038082	false	1.0
lutschen	neg 1.0		__DUMMY__ 0.44477846902815654 off 0.28018800776036445 neg 0.27503352321147906	false	0.5
undiszipliniert	neg 1.0		__DUMMY__ 0.44310729102745483 off 0.2846085935749368 neg 0.2722841153976084	false	0.5
kopfschmerz	neg 1.0		__DUMMY__ 0.4482422350124858 neg 0.2807337019352924 off 0.2710240630522219	false	1.0
unvorhergesehen	neg 1.0		__DUMMY__ 0.45269622779169627 neg 0.2774459849942693 off 0.2698577872140344	false	1.0
desinteressiert	neg 1.0		__DUMMY__ 0.4429319321864154 off 0.28363907150224543 neg 0.27342899631133916	false	0.5
armselig	off 1.0		__DUMMY__ 0.4419272352028392 off 0.2863394275956271 neg 0.27173333720153364	false	1.0
desaster	neg 1.0		__DUMMY__ 0.4515901505775573 neg 0.28000411324468066 off 0.268405736177762	false	1.0
tod	neg 1.0		__DUMMY__ 0.4517105899808829 neg 0.27622942961735875 off 0.2720599804017584	false	1.0
herzlos	neg 1.0		__DUMMY__ 0.44200594642611074 off 0.2856077409166579 neg 0.27238631265723123	false	0.5
unwissenheit	neg 1.0		__DUMMY__ 0.4492797521730622 neg 0.27768708578761914 off 0.2730331620393189	false	1.0
widersinnig	neg 1.0		__DUMMY__ 0.44689596460421205 neg 0.2791092370015825 off 0.27399479839420554	false	1.0
bedenklich	neg 1.0		__DUMMY__ 0.4493533825049153 neg 0.27877476417686364 off 0.2718718533182211	false	1.0
beanstanden	neg 1.0		__DUMMY__ 0.45293301004158876 neg 0.2763460714164952 off 0.270720918541916	false	1.0
panisch	neg 1.0		__DUMMY__ 0.44823034490179886 off 0.2782446742017638 neg 0.2735249808964375	false	0.5
debil	off 1.0		__DUMMY__ 0.455586398345477 neg 0.2813260974109452 off 0.26308750424357785	false	0.5
abstrich	neg 1.0		__DUMMY__ 0.44727574375865226 neg 0.2798186735934388 off 0.27290558264790893	false	1.0
primitiv	neg 1.0		__DUMMY__ 0.44331149974296374 off 0.28402528133594074 neg 0.27266321892109563	false	0.5
abschaum	off 1.0	off 1.0	off 0.6305319433814047 __DUMMY__ 0.2148961003244488 neg 0.15457195629414638	false	1.0
provozieren	neg 1.0		__DUMMY__ 0.44719278816867264 off 0.27657835591857255 neg 0.2762288559127548	false	0.5
tot	neg 1.0		__DUMMY__ 0.44827991394062844 neg 0.27910506181528927 off 0.2726150242440824	false	1.0
instabil	neg 1.0		__DUMMY__ 0.4414100756181742 off 0.2865700174620189 neg 0.272019906919807	false	0.5
schwuchtel	off 1.0	off 1.0	off 0.6393462275218968 __DUMMY__ 0.2075242107408687 neg 0.15312956173723444	false	1.0
zerren	neg 1.0		__DUMMY__ 0.4510134319913857 neg 0.27576103389536316 off 0.2732255341132511	false	1.0
kinderficker	off 1.0		__DUMMY__ 0.44002104411417603 off 0.2887910750551619 neg 0.2711878808306621	false	1.0
gefahr	neg 1.0		__DUMMY__ 0.4522673937068348 neg 0.2776106907850216 off 0.2701219155081436	false	1.0
rabiat	neg 1.0		__DUMMY__ 0.4478739997455076 neg 0.2777893885098687 off 0.27433661174462365	false	1.0
verlangsamung	neg 1.0		__DUMMY__ 0.43852708733502366 off 0.2905981351426829 neg 0.2708747775222935	false	0.5
ausgestorben	neg 1.0		__DUMMY__ 0.44943466613906935 neg 0.27607992392842007 off 0.27448540993251064	false	1.0
anklagen	neg 1.0		__DUMMY__ 0.44916636506591173 neg 0.2768504433071789 off 0.2739831916269093	false	1.0
trott	neg 1.0		__DUMMY__ 0.44817626974181485 neg 0.2762353522120497 off 0.27558837804613545	false	1.0
verminderung	neg 1.0		__DUMMY__ 0.4433003647848233 off 0.2825999112164734 neg 0.2740997239987033	false	0.5
nach			__DUMMY__ 0.45750233600280094 neg 0.27737510829023193 off 0.2651225557069672	false	0.0
rost	neg 1.0		__DUMMY__ 0.44037253828074374 off 0.29321414955585656 neg 0.2664133121633997	false	0.5
destruktiv	neg 1.0		__DUMMY__ 0.4478006664364974 neg 0.27683873156305366 off 0.2753606020004489	false	1.0
unzumutbarkeit	neg 1.0		__DUMMY__ 0.4440237584567688 off 0.28278628459748706 neg 0.2731899569457442	false	0.5
labil	off 1.0	off 1.0	off 0.6296633136235841 __DUMMY__ 0.21430073377678888 neg 0.15603595259962708	false	1.0
ziemlich	neg 1.0		__DUMMY__ 0.4451456165774384 off 0.28240009983834613 neg 0.2724542835842154	false	0.5
lachnummer	off 1.0		__DUMMY__ 0.44873376078980737 off 0.2766395174780262 neg 0.2746267217321664	false	1.0
oder			__DUMMY__ 0.44913710403761153 off 0.2766796969263082 neg 0.27418319903608024	false	0.0
verfall	neg 1.0		__DUMMY__ 0.451926566400821 neg 0.2823757788356677 off 0.2656976547635112	false	1.0
ausgrenzung	neg 1.0		__DUMMY__ 0.4456483403607651 off 0.2778321352932711 neg 0.2765195243459637	false	0.5
unordnung	neg 1.0		__DUMMY__ 0.44036630206935956 off 0.28654826715292137 neg 0.2730854307777192	false	0.5
fehlverhalten	neg 1.0		__DUMMY__ 0.4510195809977764 neg 0.27758187071966395 off 0.2713985482825595	false	1.0
eine			__DUMMY__ 0.45233380141916874 neg 0.27864121701845224 off 0.269024981562379	false	0.0
nille	neg 1.0		__DUMMY__ 0.44805975598750336 off 0.2760098823389664 neg 0.2759303616735303	false	0.5
qual	neg 1.0		__DUMMY__ 0.44806962779341664 neg 0.27685509897958854 off 0.27507527322699477	false	1.0
verschwenden	neg 1.0		__DUMMY__ 0.44964324156668845 neg 0.2800072277291911 off 0.27034953070412043	false	1.0
riesig	neg 1.0		__DUMMY__ 0.45111824151109947 neg 0.2772393595452326 off 0.271642398943668	false	1.0
verurteilen	neg 1.0		__DUMMY__ 0.4490224762066733 neg 0.27742750964076895 off 0.2735500141525578	false	1.0
klischee	neg 1.0	neg 1.0	neg 0.6265899688907333 __DUMMY__ 0.2144863192485785 off 0.15892371186068813	false	1.0
diktatorisch	neg 1.0		__DUMMY__ 0.4453119210919115 off 0.2779126956462473 neg 0.27677538326184126	false	0.5
vorhersehbar	neg 1.0		__DUMMY__ 0.4450490930192591 off 0.27874104648918585 neg 0.27620986049155494	false	0.5
sowie			__DUMMY__ 0.43851821644570466 off 0.28715964890118895 neg 0.2743221346531065	false	0.0
stornieren	neg 1.0		__DUMMY__ 0.44992196169916604 off 0.2804297733113595 neg 0.2696482649894744	false	0.5
besteuerung	neg 1.0	neg 1.0	neg 0.6301327555452565 __DUMMY__ 0.21372540579256907 off 0.15614183866217438	false	1.0
ungeschminkt	neg 1.0		__DUMMY__ 0.44253506910507007 off 0.2836803706481323 neg 0.2737845602467976	false	0.5
kritisch	neg 1.0		__DUMMY__ 0.4498617073850069 neg 0.27685154085024183 off 0.2732867517647512	false	1.0
schlamperei	off 1.0		__DUMMY__ 0.4500328361866758 neg 0.27846142904371607 off 0.2715057347696082	false	0.5
sucht	neg 1.0	neg 1.0	neg 0.6256518889509874 __DUMMY__ 0.21665960542024565 off 0.15768850562876688	false	1.0
egoistisch	off 1.0	off 1.0	off 0.6339155192219219 __DUMMY__ 0.21228836332143508 neg 0.1537961174566429	false	1.0
ausbeuter	off 1.0		__DUMMY__ 0.4491191254044791 neg 0.28066657313201177 off 0.27021430146350917	false	0.5
arschgeburt	off 1.0		__DUMMY__ 0.4325952329468046 off 0.29809755651512143 neg 0.269307210538074	false	1.0
schubs	neg 1.0		__DUMMY__ 0.448321516493867 neg 0.2802616535763753 off 0.2714168299297576	false	1.0
unsolide	neg 1.0		__DUMMY__ 0.4469610694448184 off 0.2793684722910516 neg 0.27367045826413	false	0.5
beschwerde	neg 1.0		__DUMMY__ 0.44985412916953793 neg 0.27643885077718805 off 0.2737070200532741	false	1.0
stocken	neg 1.0		__DUMMY__ 0.45024472608682947 neg 0.27739177276467203 off 0.2723635011484985	false	1.0
isolieren	neg 1.0		__DUMMY__ 0.4485913205703108 neg 0.2783097257433356 off 0.27309895368635345	false	1.0
unheilbar	neg 1.0		__DUMMY__ 0.4487684011274376 off 0.27614115557736857 neg 0.27509044329519383	false	0.5
pisser	off 1.0	off 1.0	off 0.6320941951594697 __DUMMY__ 0.21291409407376752 neg 0.15499171076676277	false	1.0
löschen	neg 1.0		__DUMMY__ 0.44710323027497084 neg 0.2769181487893422 off 0.27597862093568704	false	1.0
durchfallen	neg 1.0		__DUMMY__ 0.4501639656360178 neg 0.27671219762791066 off 0.27312383673607155	false	1.0
wichser	off 1.0	off 1.0	off 0.6370108584286697 __DUMMY__ 0.20974940905207115 neg 0.15323973251925915	false	1.0
terror	neg 1.0		__DUMMY__ 0.44594182611555633 off 0.2793250088083104 neg 0.2747331650761333	false	0.5
krass	neg 1.0		__DUMMY__ 0.4406729984836813 off 0.2874021001694715 neg 0.2719249013468473	false	0.5
revolte	neg 1.0		__DUMMY__ 0.44288118248837494 off 0.27879135435103874 neg 0.27832746316058615	false	0.5
besorgt	neg 1.0		__DUMMY__ 0.4515432460130089 off 0.2742361075019081 neg 0.274220646485083	false	0.5
nachlassen	neg 1.0		__DUMMY__ 0.4514514753314322 neg 0.2757400931605986 off 0.27280843150796924	false	1.0
alt	neg 1.0		__DUMMY__ 0.44577034497286605 neg 0.28450038009060197 off 0.2697292749365321	false	1.0
hundesohn	off 1.0	off 1.0	off 0.6362031569426084 __DUMMY__ 0.2097868585192364 neg 0.15400998453815512	false	1.0
als			__DUMMY__ 0.4493119733656257 neg 0.27737701799687703 off 0.27331100863749724	false	0.0
abschreckung	neg 1.0		__DUMMY__ 0.4507811796041147 neg 0.27909104132737744 off 0.2701277790685079	false	1.0
unqualifiziert	neg 1.0		__DUMMY__ 0.4455157380715252 off 0.2808978499368023 neg 0.2735864119916724	false	0.5
abgewichst	off 1.0		__DUMMY__ 0.4489120202721367 neg 0.27561243097174587 off 0.2754755487561175	false	0.5
schwer	neg 1.0		__DUMMY__ 0.4492228824165323 neg 0.27546296773307105 off 0.2753141498503967	false	1.0
bedeutungslosigkeit	neg 1.0		__DUMMY__ 0.4507025905347325 neg 0.27848083644022203 off 0.2708165730250454	false	1.0
kapitulation	neg 1.0		__DUMMY__ 0.44803434019854826 neg 0.27990809965766295 off 0.2720575601437888	false	1.0
unscharf	neg 1.0		__DUMMY__ 0.44384659393806164 neg 0.27926903939194136 off 0.27688436666999705	false	1.0
schwinden	neg 1.0		__DUMMY__ 0.44980860701298764 neg 0.2796529548621994 off 0.27053843812481293	false	1.0
versklavung	neg 1.0	neg 1.0	neg 0.6282601455122058 __DUMMY__ 0.21458898209900043 off 0.15715087238879377	false	1.0
schlecht	neg 1.0		__DUMMY__ 0.44527423265039145 off 0.28262449681144347 neg 0.272101270538165	false	0.5
verhasst	neg 1.0		__DUMMY__ 0.4463541730865719 off 0.2771617364344409 neg 0.2764840904789871	false	0.5
beschweren	neg 1.0		__DUMMY__ 0.4478566159640927 off 0.2782053485768206 neg 0.27393803545908657	false	0.5
scheiden	neg 1.0		__DUMMY__ 0.4486461930794814 off 0.27590671330157474 neg 0.27544709361894393	false	0.5
frustriert	neg 1.0		__DUMMY__ 0.44963196212521295 neg 0.2760306469218551 off 0.27433739095293186	false	1.0
schimmelig	neg 1.0		__DUMMY__ 0.44721253433951225 neg 0.2817273788406375 off 0.2710600868198503	false	1.0
fisch	neg 1.0		__DUMMY__ 0.4483047402235276 neg 0.28463729785034675 off 0.26705796192612563	false	1.0
schmuggel	neg 1.0		__DUMMY__ 0.45310928217597907 neg 0.2773605241224636 off 0.2695301937015573	false	1.0
auffallen	neg 1.0		__DUMMY__ 0.4469978580887643 off 0.2784899846710083 neg 0.2745121572402276	false	0.5
konkurrenz	neg 1.0		__DUMMY__ 0.45303507403592574 neg 0.2757399583288998 off 0.2712249676351744	false	1.0
teufelskreis	neg 1.0	neg 1.0	neg 0.6286814682963201 __DUMMY__ 0.21570233833013244 off 0.15561619337354737	false	1.0
aufschreien	neg 1.0		__DUMMY__ 0.44524867307254123 off 0.2785997463306081 neg 0.2761515805968507	false	0.5
schuldner	neg 1.0		__DUMMY__ 0.44819356363738205 neg 0.28227920313076926 off 0.26952723323184874	false	1.0
missgeburt	off 1.0	off 1.0	off 0.6355634325774043 __DUMMY__ 0.2113869857288453 neg 0.15304958169375044	false	1.0
arbeitslos	neg 1.0		__DUMMY__ 0.4495694770912007 neg 0.2777421110875996 off 0.2726884118211997	false	1.0
befallen	neg 1.0		__DUMMY__ 0.44480114324787073 neg 0.28248368103946464 off 0.2727151757126646	false	1.0
miesepetrig	off 1.0	off 1.0	off 0.6297413477972165 __DUMMY__ 0.21452852523320284 neg 0.15573012696958075	false	1.0
alarmieren	neg 1.0		__DUMMY__ 0.4448262007658987 off 0.2811191031619594 neg 0.27405469607214195	false	0.5
ungeduscht	off 1.0		__DUMMY__ 0.4440754776359954 off 0.28015857564541546 neg 0.275765946718589	false	1.0
knappheit	neg 1.0		__DUMMY__ 0.4470893044308004 neg 0.28073791708450396 off 0.2721727784846955	false	1.0
schlange	neg 1.0		__DUMMY__ 0.4489070488464471 off 0.27642440248031763 neg 0.2746685486732353	false	0.5
harsch	neg 1.0		__DUMMY__ 0.4429879635083994 off 0.2875308262614061 neg 0.2694812102301945	false	0.5
lang	neg 1.0		__DUMMY__ 0.44732847337544274 off 0.27720424143058386 neg 0.27546728519397345	false	0.5
ziellos	neg 1.0		__DUMMY__ 0.451975466691982 neg 0.27647532997138285 off 0.27154920333663496	false	1.0
selbstverliebt	neg 1.0		__DUMMY__ 0.43655238319251644 off 0.2957509840616626 neg 0.2676966327458211	false	0.5
beseitigen	neg 1.0		__DUMMY__ 0.44930954791738975 off 0.27592655134886773 neg 0.27476390073374257	false	0.5
dumm	off 1.0		__DUMMY__ 0.43921358062764176 off 0.28967249404383394 neg 0.2711139253285243	false	1.0
arbeitsloser	neg 1.0		__DUMMY__ 0.4536183800963664 off 0.2747332879030334 neg 0.2716483320006001	false	0.5
blitzen	neg 1.0		__DUMMY__ 0.44457244288907727 off 0.2798106477232628 neg 0.2756169093876599	false	0.5
hilflos	neg 1.0		__DUMMY__ 0.4495362949306811 neg 0.27764070326862594 off 0.27282300180069285	false	1.0
eklig	off 1.0		__DUMMY__ 0.43753543193693345 off 0.28957973772397105 neg 0.2728848303390955	false	1.0
begriff			__DUMMY__ 0.4490787366750669 off 0.2755499611121358 neg 0.2753713022127973	false	0.0
hungersnot	neg 1.0		__DUMMY__ 0.4475507736957632 neg 0.28002167872328515 off 0.27242754758095183	false	1.0
ungesetzlich	neg 1.0		__DUMMY__ 0.4463457952903152 off 0.2784576251889575 neg 0.27519657952072724	false	0.5
verschwendung	neg 1.0		__DUMMY__ 0.4505524080750545 neg 0.27875498763923423 off 0.2706926042857113	false	1.0
schmerzvoll	neg 1.0		__DUMMY__ 0.44646945053029985 off 0.2770239295265923 neg 0.27650661994310777	false	0.5
vorzeitig	neg 1.0		__DUMMY__ 0.44713320220170866 off 0.2827556791636918 neg 0.27011111863459947	false	0.5
unvollkommenheit	neg 1.0		__DUMMY__ 0.4490781033468389 neg 0.2770329841924448 off 0.27388891246071617	false	1.0
intervenieren	neg 1.0		__DUMMY__ 0.44819152339966334 neg 0.2811736349596721 off 0.2706348416406646	false	1.0
banause	off 1.0		__DUMMY__ 0.43476923966811926 off 0.29053971840778575 neg 0.27469104192409494	false	1.0
rebell	neg 1.0		__DUMMY__ 0.450298144071211 neg 0.28427727054849106 off 0.26542458538029795	false	1.0
unlogisch	neg 1.0		__DUMMY__ 0.441621908584907 off 0.2846340204600744 neg 0.2737440709550185	false	0.5
leiden	neg 1.0		__DUMMY__ 0.4537485859691942 neg 0.2758775593660139 off 0.2703738546647918	false	1.0
abschaffung	neg 1.0		__DUMMY__ 0.44581224009875164 neg 0.2778137123819315 off 0.27637404751931693	false	1.0
sturz	neg 1.0		__DUMMY__ 0.4495061369515811 off 0.27922038707014 neg 0.2712734759782789	false	0.5
verkleinerung	neg 1.0		__DUMMY__ 0.44184879990341974 neg 0.2791505730565 off 0.2790006270400801	false	1.0
schmarotzer	off 1.0		__DUMMY__ 0.4490830832542401 neg 0.2770832736755986 off 0.2738336430701614	false	0.5
bestrafung	neg 1.0	neg 1.0	neg 0.6265323770267361 __DUMMY__ 0.2164635467372397 off 0.15700407623602408	false	1.0
achtlos	neg 1.0		__DUMMY__ 0.4503313683550593 neg 0.2749920235598743 off 0.2746766080850664	false	1.0
ungeheuer	neg 1.0		__DUMMY__ 0.4471419244855354 neg 0.2769918805271971 off 0.2758661949872675	false	1.0
unaufrichtig	neg 1.0		__DUMMY__ 0.44553984915608413 off 0.2808034880824393 neg 0.2736566627614765	false	0.5
groggy	neg 1.0		__DUMMY__ 0.4465782713283535 off 0.2797173632024711 neg 0.27370436546917554	false	0.5
verletzlich	neg 1.0		__DUMMY__ 0.4419600351430944 off 0.280590733785962 neg 0.2774492310709435	false	0.5
ablehnen	neg 1.0		__DUMMY__ 0.4497129621284309 neg 0.27747553698565425 off 0.2728115008859149	false	1.0
