unsolidarisch	neg 1.0		__DUMMY__ 0.8645327285691651 neg 0.06789980518074018 off 0.06756746625009473	false	1.0
nachteilig	neg 1.0		__DUMMY__ 0.8727280019235389 neg 0.06453263578009788 off 0.06273936229636319	false	1.0
skeptisch	neg 1.0		__DUMMY__ 0.8716632597442074 neg 0.0666965065359773 off 0.06164023371981527	false	1.0
schrecklich	neg 1.0		__DUMMY__ 0.8594167869786872 off 0.0753755913545099 neg 0.06520762166680288	false	0.5
schlapp	neg 1.0	neg 1.0	neg 0.519729179504771 __DUMMY__ 0.42610888070567166 off 0.054161939789557384	false	1.0
abfall	neg 1.0		__DUMMY__ 0.8772495972309847 neg 0.06422578311002558 off 0.05852461965898974	false	1.0
widerspenstig	neg 1.0		__DUMMY__ 0.8662509212798587 neg 0.06835094302986006 off 0.06539813569028116	false	1.0
abrupt	neg 1.0		__DUMMY__ 0.870198587865011 neg 0.06899771189353632 off 0.06080370024145272	false	1.0
unwirksam	neg 1.0		__DUMMY__ 0.8607943038053906 neg 0.0724323053672589 off 0.06677339082735047	false	1.0
angreifen	neg 1.0		__DUMMY__ 0.8723807583398403 neg 0.06647286739230099 off 0.061146374267858794	false	1.0
inkonsistent	neg 1.0		__DUMMY__ 0.8639213810682079 off 0.06873067561162988 neg 0.06734794332016227	false	0.5
abrutschen	neg 1.0		__DUMMY__ 0.8761449713176511 neg 0.06567254738677113 off 0.05818248129557785	false	1.0
unsicher	neg 1.0		__DUMMY__ 0.8688861405590312 off 0.06617033974323074 neg 0.06494351969773796	false	0.5
bauernkind	off 1.0	off 1.0	off 0.5285081042983978 __DUMMY__ 0.4174974981543323 neg 0.053994397547269896	false	1.0
angreifer	neg 1.0		__DUMMY__ 0.8675404861405451 off 0.07012428155093674 neg 0.062335232308518125	false	0.5
trennen	neg 1.0		__DUMMY__ 0.873893187743066 neg 0.06543775924038234 off 0.06066905301655166	false	1.0
schmutz	neg 1.0		__DUMMY__ 0.8722271892547132 off 0.06897887935454367 neg 0.05879393139074323	false	0.5
inkonsistenz	neg 1.0		__DUMMY__ 0.8637947096375111 off 0.07133987302836821 neg 0.06486541733412059	false	0.5
erschreckend	neg 1.0		__DUMMY__ 0.8682446741422813 neg 0.06608826152279898 off 0.06566706433491969	false	1.0
ertrinken	neg 1.0		__DUMMY__ 0.8708849278315552 neg 0.06862594650193377 off 0.06048912566651095	false	1.0
pickelface	off 1.0		__DUMMY__ 0.8667025671841324 off 0.06672332144887361 neg 0.066574111366994	false	1.0
seiner			__DUMMY__ 0.8734541995059266 neg 0.06514406129848975 off 0.061401739195583595	false	0.0
lauch	neg 1.0	neg 1.0	neg 0.5217367447905076 __DUMMY__ 0.4339276525011714 off 0.04433560270832104	false	1.0
unwichtig	neg 1.0		__DUMMY__ 0.8627037223868412 off 0.07124184401644834 neg 0.06605443359671034	false	0.5
steuerhinterziehung	neg 1.0		__DUMMY__ 0.8666894885542421 neg 0.06753145363159732 off 0.0657790578141606	false	1.0
schock	neg 1.0		__DUMMY__ 0.8694779613413665 neg 0.06600341955089596 off 0.06451861910773755	false	1.0
beule	neg 1.0		__DUMMY__ 0.8606534661151619 off 0.07322686876822897 neg 0.06611966511660912	false	0.5
vergelten	neg 1.0		__DUMMY__ 0.8605638887793436 off 0.07654124373731985 neg 0.06289486748333653	false	0.5
verdorbenheit	neg 1.0		__DUMMY__ 0.8663310108280549 off 0.06697792465627352 neg 0.06669106451567154	false	0.5
trauma	neg 1.0		__DUMMY__ 0.8652404619958756 off 0.06769507970275475 neg 0.06706445830136971	false	0.5
sinnlos	neg 1.0		__DUMMY__ 0.8657640074624608 off 0.06830720787418196 neg 0.0659287846633571	false	0.5
fettsack	off 1.0	off 1.0	off 0.5296447417614827 __DUMMY__ 0.4178665108272518 neg 0.05248874741126547	false	1.0
feige	off 1.0	off 1.0	off 0.5250876661921529 __DUMMY__ 0.4238846387009873 neg 0.05102769510685987	false	1.0
abdanken	neg 1.0		__DUMMY__ 0.8682082095349462 off 0.06611090626993378 neg 0.06568088419512016	false	0.5
wichtigtuer	off 1.0	off 1.0	off 0.5225524596057214 __DUMMY__ 0.4278467045491918 neg 0.04960083584508695	false	1.0
misslingen	neg 1.0	neg 1.0	neg 0.5146938537569079 __DUMMY__ 0.4341183505928956 off 0.051187795650196405	false	1.0
untreu	off 1.0		__DUMMY__ 0.8615461121639268 off 0.07250785531471232 neg 0.06594603252136079	false	1.0
missmutig	neg 1.0		__DUMMY__ 0.863877945200215 off 0.06986883647243906 neg 0.06625321832734588	false	0.5
hurenbock	off 1.0		__DUMMY__ 0.8619981577355429 neg 0.07185303835788125 off 0.06614880390657579	false	0.5
betrunken	neg 1.0		__DUMMY__ 0.8601619865206054 off 0.07419859056135225 neg 0.06563942291804246	false	0.5
korrupt	off 1.0		__DUMMY__ 0.8661406435653829 neg 0.06842204418566271 off 0.06543731224895431	false	0.5
unmut	neg 1.0		__DUMMY__ 0.8733202394744741 neg 0.0667619411820889 off 0.05991781934343709	false	1.0
hackfresse	off 1.0		__DUMMY__ 0.855176515030064 off 0.07996515848896918 neg 0.06485832648096687	false	1.0
aufblasen	neg 1.0		__DUMMY__ 0.8676044225102937 off 0.06644599724279367 neg 0.06594958024691262	false	0.5
gewaltsam	neg 1.0		__DUMMY__ 0.8681794040652794 neg 0.06594807624371167 off 0.06587251969100905	false	1.0
unbeliebtheit	neg 1.0		__DUMMY__ 0.8622191711402283 off 0.07260532612256516 neg 0.06517550273720647	false	0.5
sturheit	neg 1.0		__DUMMY__ 0.8701358365155435 off 0.0656675764716929 neg 0.06419658701276362	false	0.5
kuh	neg 1.0		__DUMMY__ 0.8558420266048877 neg 0.07519090877494118 off 0.06896706462017109	false	1.0
erschrecken	neg 1.0		__DUMMY__ 0.8646881436418943 off 0.07032833900558122 neg 0.0649835173525245	false	0.5
opfer	neg 1.0		__DUMMY__ 0.8732886984056628 neg 0.06370642225070973 off 0.0630048793436275	false	1.0
sinken	neg 1.0		__DUMMY__ 0.871537402091584 neg 0.06815836076148853 off 0.0603042371469275	false	1.0
stinktier	neg 1.0		__DUMMY__ 0.8513943449169485 off 0.07766218588756299 neg 0.07094346919548847	false	0.5
tucke	off 1.0		__DUMMY__ 0.848379364902775 off 0.08193306535908838 neg 0.06968756973813672	false	1.0
ein			__DUMMY__ 0.866288623883523 neg 0.06856375224979108 off 0.06514762386668589	false	0.0
abstieg	neg 1.0		__DUMMY__ 0.8751588102264 off 0.06428385973021705 neg 0.060557330043382915	false	0.5
missverstehen	neg 1.0		__DUMMY__ 0.8648697368754543 off 0.06925149930393756 neg 0.06587876382060805	false	0.5
ergebnislos	neg 1.0		__DUMMY__ 0.8734331870131637 neg 0.0638691133393204 off 0.06269769964751595	false	1.0
unter			__DUMMY__ 0.8818394621471668 neg 0.06400766011658382 off 0.05415287773624936	false	0.0
manipulieren	neg 1.0		__DUMMY__ 0.8733538340780945 neg 0.06451224626987814 off 0.06213391965202729	false	1.0
unbewiesen	neg 1.0	neg 1.0	neg 0.5197924692991683 __DUMMY__ 0.4287734542809405 off 0.05143407641989115	false	1.0
verschleppen	neg 1.0		__DUMMY__ 0.869377177163359 neg 0.0668591260005238 off 0.06376369683611713	false	1.0
weib	off 1.0		__DUMMY__ 0.8507348790787816 off 0.08219652652216904 neg 0.0670685943990493	false	1.0
opposition	neg 1.0		__DUMMY__ 0.8638978742732927 neg 0.06835346559110954 off 0.06774866013559769	false	1.0
verkehrswidrig	neg 1.0	neg 1.0	neg 0.5157239953496914 __DUMMY__ 0.42615796182577187 off 0.0581180428245366	false	1.0
inkorrekt	neg 1.0		__DUMMY__ 0.8586952909752762 off 0.0754917329093181 neg 0.06581297611540575	false	0.5
vermeiden	neg 1.0		__DUMMY__ 0.8770043526333173 neg 0.06551331843472598 off 0.057482328931956685	false	1.0
abweichung	neg 1.0	neg 1.0	neg 0.5170823158198595 __DUMMY__ 0.4343306202386847 off 0.04858706394145567	false	1.0
alkoholisiert	neg 1.0		__DUMMY__ 0.8765089132869897 neg 0.06286216943049357 off 0.06062891728251673	false	1.0
scheiss	off 1.0	off 1.0	off 0.5256831605732855 __DUMMY__ 0.42305316646456315 neg 0.05126367296215153	false	1.0
herausforderung	neg 1.0		__DUMMY__ 0.8715698940752828 neg 0.064584977364763 off 0.06384512855995408	false	1.0
pervers	off 1.0		__DUMMY__ 0.8496548237807273 off 0.0845366618218256 neg 0.06580851439744707	false	1.0
wackelig	neg 1.0		__DUMMY__ 0.8718588048878212 neg 0.06474484144947813 off 0.06339635366270069	false	1.0
verwickeln	neg 1.0		__DUMMY__ 0.8652970889350323 off 0.06837185415060683 neg 0.0663310569143608	false	0.5
vorwand	neg 1.0		__DUMMY__ 0.872494172609214 neg 0.06683341526028126 off 0.060672412130504665	false	1.0
muschi	off 1.0		__DUMMY__ 0.8686740896325764 neg 0.06567535969558824 off 0.0656505506718353	false	0.5
entmutigung	neg 1.0		__DUMMY__ 0.862933378755508 off 0.06916282973608459 neg 0.06790379150840739	false	0.5
unangemessen	neg 1.0		__DUMMY__ 0.8695553204699018 off 0.06529921669478607 neg 0.06514546283531203	false	0.5
unstetig	neg 1.0		__DUMMY__ 0.8645758827207802 off 0.07014508574736841 neg 0.06527903153185137	false	0.5
entmutigen	neg 1.0		__DUMMY__ 0.8671624257844105 off 0.06723308592074678 neg 0.06560448829484283	false	0.5
schwanz	neg 1.0		__DUMMY__ 0.8692600515290881 neg 0.06740484261686262 off 0.06333510585404925	false	1.0
verbot	neg 1.0		__DUMMY__ 0.8665948691822886 neg 0.06835892434509175 off 0.06504620647261963	false	1.0
leid	neg 1.0		__DUMMY__ 0.8572682158211109 off 0.07692891946328216 neg 0.06580286471560698	false	0.5
archaisch	neg 1.0		__DUMMY__ 0.8678998670649551 neg 0.06721767496055915 off 0.06488245797448575	false	1.0
gegen			__DUMMY__ 0.8754438758929795 neg 0.06407786146806987 off 0.0604782626389507	false	0.0
scheidung	neg 1.0		__DUMMY__ 0.8531733061522939 off 0.08816686362256895 neg 0.05865983022513704	false	0.5
einschlag	neg 1.0		__DUMMY__ 0.8624651174333623 off 0.07563636094291183 neg 0.06189852162372592	false	0.5
m			__DUMMY__ 0.8700911087994377 neg 0.06592827735869378 off 0.06398061384186851	false	0.0
abgestanden	neg 1.0		__DUMMY__ 0.8604797803241562 neg 0.07385477810548893 off 0.0656654415703549	false	1.0
schmierig	off 1.0		__DUMMY__ 0.8577172612698126 off 0.07668901113858845 neg 0.06559372759159891	false	1.0
unpraktisch	neg 1.0		__DUMMY__ 0.8677974690256801 off 0.06739442792847965 neg 0.06480810304584031	false	0.5
wixxer	off 1.0		__DUMMY__ 0.8475621737220325 off 0.08492184953895944 neg 0.06751597673900812	false	1.0
bezeichnet			__DUMMY__ 0.8681388796300015 off 0.06672818547014102 neg 0.06513293489985741	false	0.0
jammerlappen	off 1.0		__DUMMY__ 0.8630634796541191 off 0.07157574575603755 neg 0.06536077458984335	false	1.0
farce	neg 1.0		__DUMMY__ 0.8650592963015189 neg 0.06828856587923166 off 0.06665213781924938	false	1.0
zwecklos	neg 1.0		__DUMMY__ 0.8689827831752311 neg 0.06671644341930352 off 0.06430077340546526	false	1.0
turbulent	neg 1.0		__DUMMY__ 0.8608308837677119 off 0.07353577762153124 neg 0.06563333861075696	false	0.5
invasion	neg 1.0		__DUMMY__ 0.8652468073834255 off 0.06894955338497061 neg 0.06580363923160387	false	0.5
schuld	neg 1.0		__DUMMY__ 0.8664793932850912 off 0.06767542087160346 neg 0.06584518584330547	false	0.5
risiko	neg 1.0		__DUMMY__ 0.8629412593032327 neg 0.06861161881239954 off 0.06844712188436765	false	1.0
finster	neg 1.0		__DUMMY__ 0.8660501104765179 neg 0.06856049514993083 off 0.06538939437355128	false	1.0
geisteskrank	off 1.0		__DUMMY__ 0.8600262398479974 off 0.07420663679401532 neg 0.06576712335798719	false	1.0
zusammenbrechen	neg 1.0		__DUMMY__ 0.868724390186272 neg 0.06684322942833308 off 0.06443238038539482	false	1.0
ausbeute	neg 1.0		__DUMMY__ 0.8723885359612223 off 0.06485164813109635 neg 0.0627598159076812	false	0.5
hinterhalt	neg 1.0		__DUMMY__ 0.8682551969056785 neg 0.0672041483021836 off 0.06454065479213783	false	1.0
kritik	neg 1.0		__DUMMY__ 0.8650107147075528 neg 0.0685899343351999 off 0.06639935095724743	false	1.0
einschrumpfen	neg 1.0		__DUMMY__ 0.8592936985125166 off 0.07168587856135947 neg 0.06902042292612402	false	0.5
riskant	neg 1.0		__DUMMY__ 0.870592162223668 neg 0.06754603894916361 off 0.06186179882716838	false	1.0
frustrieren	neg 1.0		__DUMMY__ 0.8690587167060992 neg 0.06816650818250793 off 0.06277477511139286	false	1.0
groll	neg 1.0		__DUMMY__ 0.8705661408940846 neg 0.06492130232936427 off 0.06451255677655116	false	1.0
gibt			__DUMMY__ 0.8702370690027623 neg 0.06572097183579567 off 0.06404195916144198	false	0.0
qualvoll	neg 1.0		__DUMMY__ 0.8657308281076384 off 0.06831754594989363 neg 0.06595162594246803	false	0.5
wackeln	neg 1.0		__DUMMY__ 0.8682957226147863 off 0.06595279228553305 neg 0.06575148509968078	false	0.5
klagen	neg 1.0		__DUMMY__ 0.8715135532998467 neg 0.06753215677017664 off 0.06095428992997667	false	1.0
bankrott	neg 1.0		__DUMMY__ 0.8650592305806425 off 0.07075421024293327 neg 0.06418655917642417	false	0.5
trauern	neg 1.0		__DUMMY__ 0.8763004310391552 off 0.061871398987271835 neg 0.06182816997357289	false	0.5
ablehnung	neg 1.0		__DUMMY__ 0.8661182262457362 neg 0.06808336378114906 off 0.06579840997311469	false	1.0
stur	neg 1.0		__DUMMY__ 0.8655354432003508 off 0.0676322877805499 neg 0.06683226901909933	false	0.5
aufruhr	neg 1.0	neg 1.0	neg 0.520116104415957 __DUMMY__ 0.4294292163294634 off 0.05045467925457955	false	1.0
melancholie	neg 1.0		__DUMMY__ 0.869853320222891 neg 0.06909894302382268 off 0.06104773675328637	false	1.0
ist			__DUMMY__ 0.8662368702209449 off 0.06806214380363025 neg 0.06570098597542484	false	0.0
torheit	neg 1.0		__DUMMY__ 0.8666119141872554 off 0.06780382764170145 neg 0.0655842581710433	false	0.5
dreckskind	off 1.0		__DUMMY__ 0.8528334169109266 off 0.08121320948086144 neg 0.06595337360821193	false	1.0
umtauschen	neg 1.0		__DUMMY__ 0.8679297115226265 neg 0.06690860593430985 off 0.06516168254306359	false	1.0
zum			__DUMMY__ 0.8822685584280557 neg 0.06012510242853516 off 0.057606339143409103	false	0.0
zersetzen	neg 1.0		__DUMMY__ 0.8701034036483833 neg 0.0681179222565441 off 0.06177867409507251	false	1.0
zur			__DUMMY__ 0.8771064484728354 neg 0.06504856811537452 off 0.057844983411790035	false	0.0
frust	neg 1.0		__DUMMY__ 0.8695505340216058 neg 0.06619719420791456 off 0.06425227177047964	false	1.0
unerbittlichkeit	neg 1.0		__DUMMY__ 0.8717292073707316 neg 0.06567068968074084 off 0.06260010294852761	false	1.0
zwei			__DUMMY__ 0.8781709482401008 neg 0.06475370987251851 off 0.057075341887380775	false	0.0
unkorrekt	neg 1.0		__DUMMY__ 0.8592654241687965 off 0.07400704319698856 neg 0.06672753263421492	false	0.5
hexe	off 1.0		__DUMMY__ 0.8601352149845379 off 0.07081174702817278 neg 0.06905303798728915	false	1.0
lasch	neg 1.0		__DUMMY__ 0.8639600533787261 off 0.07077235962484309 neg 0.06526758699643086	false	0.5
rivale	neg 1.0		__DUMMY__ 0.8596992945648533 off 0.07533306080774105 neg 0.06496764462740577	false	0.5
mutlos	off 1.0	off 1.0	off 0.5184372926899337 __DUMMY__ 0.4312149235792093 neg 0.05034778373085706	false	1.0
wirr	off 1.0		__DUMMY__ 0.8583506226557515 off 0.07604287118152553 neg 0.065606506162723	false	1.0
jahr			__DUMMY__ 0.877924943342622 off 0.06142519656636157 neg 0.06064986009101631	false	0.0
wird			__DUMMY__ 0.8709593410635965 neg 0.06568217225649317 off 0.06335848667991036	false	0.0
strafbar	neg 1.0		__DUMMY__ 0.87158059240285 neg 0.06592863087714627 off 0.06249077672000363	false	1.0
erosion	neg 1.0		__DUMMY__ 0.8675666671195956 off 0.06634263677795732 neg 0.06609069610244699	false	0.5
eingehen	neg 1.0		__DUMMY__ 0.8695388419353933 neg 0.06781742428044611 off 0.06264373378416059	false	1.0
faul	off 1.0		__DUMMY__ 0.8637558272532202 off 0.07033432344509259 neg 0.06590984930168724	false	1.0
provisorium	neg 1.0		__DUMMY__ 0.882390843615837 neg 0.0634913616839184 off 0.05411779470024461	false	1.0
schmerzen	neg 1.0		__DUMMY__ 0.867909309230814 neg 0.06750660511561066 off 0.06458408565357529	false	1.0
schrumpfen	neg 1.0		__DUMMY__ 0.8731497113362124 neg 0.0688531587255407 off 0.05799712993824693	false	1.0
geistlos	off 1.0		__DUMMY__ 0.8625826421743357 off 0.06966397433928025 neg 0.06775338348638402	false	1.0
fehlkauf	neg 1.0		__DUMMY__ 0.8633872781446547 off 0.0689493254166285 neg 0.06766339643871677	false	0.5
frustrierend	neg 1.0		__DUMMY__ 0.8640392829745499 off 0.07028156301190429 neg 0.06567915401354582	false	0.5
unzufrieden	neg 1.0		__DUMMY__ 0.869408602236069 neg 0.06649472235235422 off 0.06409667541157676	false	1.0
verzweifeln	neg 1.0		__DUMMY__ 0.8691504100143251 neg 0.06551020450507801 off 0.06533938548059674	false	1.0
verzweifelt	neg 1.0		__DUMMY__ 0.8663030543014272 off 0.0677200646239796 neg 0.06597688107459317	false	0.5
misstrauensantrag	neg 1.0		__DUMMY__ 0.8655255009781112 off 0.06824929300581821 neg 0.06622520601607053	false	0.5
abfallen	neg 1.0		__DUMMY__ 0.8671287823383118 neg 0.06676155456996526 off 0.06610966309172304	false	1.0
fucker	off 1.0		__DUMMY__ 0.8605336823889439 off 0.07503760019590389 neg 0.06442871741515226	false	1.0
ungezogen	neg 1.0		__DUMMY__ 0.8525132696937934 off 0.0821287721366591 neg 0.06535795816954754	false	0.5
irrsinnig	neg 1.0	neg 1.0	neg 0.5206214866428939 __DUMMY__ 0.4282716089441426 off 0.05110690441296352	false	1.0
unfassbar	neg 1.0		__DUMMY__ 0.8625303692888887 off 0.07244028303724695 neg 0.06502934767386434	false	0.5
hart	neg 1.0		__DUMMY__ 0.8562642429050324 off 0.07242236441586837 neg 0.07131339267909924	false	0.5
widerlich	off 1.0		__DUMMY__ 0.8611028500542253 off 0.07302562749148896 neg 0.06587152245428583	false	1.0
fatal	neg 1.0	neg 1.0	neg 0.5229011807004649 __DUMMY__ 0.4246479087754576 off 0.05245091052407741	false	1.0
bruch	neg 1.0		__DUMMY__ 0.8764428861927579 neg 0.06395229425049065 off 0.05960481955675139	false	1.0
aushungern	neg 1.0		__DUMMY__ 0.866144266489509 neg 0.06855631839380331 off 0.06529941511668765	false	1.0
anspannung	neg 1.0		__DUMMY__ 0.8794470465825359 neg 0.06314263718637131 off 0.05741031623109277	false	1.0
von			__DUMMY__ 0.8736388090567865 neg 0.06569534817451017 off 0.060665842768703335	false	0.0
kraftlos	neg 1.0		__DUMMY__ 0.8706637869005265 neg 0.06594322508420146 off 0.06339298801527216	false	1.0
vom			__DUMMY__ 0.8844177393180103 neg 0.061066586221238575 off 0.054515674460751125	false	0.0
grenzdebil	off 1.0		__DUMMY__ 0.8609288501247278 off 0.07271560435685992 neg 0.06635554551841231	false	1.0
vor			__DUMMY__ 0.874304014223076 neg 0.06595434237184068 off 0.0597416434050833	false	0.0
unterwerfen	neg 1.0		__DUMMY__ 0.8710364200060131 neg 0.06588219559450094 off 0.06308138439948588	false	1.0
versenkung	neg 1.0		__DUMMY__ 0.8716616986249796 neg 0.06571414622786527 off 0.06262415514715508	false	1.0
entziehen	neg 1.0		__DUMMY__ 0.872569451003123 neg 0.06681545575244938 off 0.060615093244427556	false	1.0
finanzkrise	neg 1.0		__DUMMY__ 0.8606646916371263 neg 0.07330773208409871 off 0.06602757627877497	false	1.0
schimpfend	neg 1.0		__DUMMY__ 0.8689859671313035 off 0.06663726881094949 neg 0.064376764057747	false	0.5
profan	neg 1.0		__DUMMY__ 0.8651435686395634 off 0.06869997670895404 neg 0.0661564546514825	false	0.5
korruption	neg 1.0		__DUMMY__ 0.8668346794236523 neg 0.06855150027784081 off 0.06461382029850682	false	1.0
â			__DUMMY__ 0.8696750027653187 neg 0.06699926540973711 off 0.06332573182494414	false	0.0
schmutzig	neg 1.0		__DUMMY__ 0.8616223786361683 off 0.07288583185490285 neg 0.06549178950892875	false	0.5
sexy	neg 1.0		__DUMMY__ 0.8648898540186477 off 0.07021014523901792 neg 0.0649000007423344	false	0.5
abraten	neg 1.0		__DUMMY__ 0.8666126908624385 off 0.06814913257943893 neg 0.06523817655812252	false	0.5
schwarz	neg 1.0		__DUMMY__ 0.8655203558882387 off 0.0686185652332947 neg 0.06586107887846646	false	0.5
fotze	off 1.0	off 1.0	off 0.5187024421442602 __DUMMY__ 0.4308938266691661 neg 0.050403731186573576	false	1.0
verwirren	neg 1.0		__DUMMY__ 0.8654568574462081 off 0.06902030134461322 neg 0.06552284120917863	false	0.5
zahnlos	off 1.0		__DUMMY__ 0.868529560572108 neg 0.0663652246563427 off 0.06510521477154943	false	0.5
verheeren	neg 1.0		__DUMMY__ 0.8526683287032153 off 0.08370891402955112 neg 0.06362275726723367	false	0.5
hippie	neg 1.0		__DUMMY__ 0.864371340440627 off 0.0699436877444815 neg 0.06568497181489148	false	0.5
rammen	neg 1.0		__DUMMY__ 0.8677535702279012 off 0.06637328614203336 neg 0.06587314363006552	false	0.5
unlauter	neg 1.0		__DUMMY__ 0.8643094615860899 off 0.0685147569275228 neg 0.06717578148638731	false	0.5
unheilvoll	neg 1.0		__DUMMY__ 0.8659793430934977 off 0.06716291499986127 neg 0.06685774190664107	false	0.5
niedrig	neg 1.0		__DUMMY__ 0.8680904839131433 neg 0.06878675148628578 off 0.06312276460057091	false	1.0
explosion	neg 1.0		__DUMMY__ 0.8649646499631166 off 0.06973169940580067 neg 0.06530365063108262	false	0.5
weichei	off 1.0	off 1.0	off 0.5291787816139156 __DUMMY__ 0.4198295005363993 neg 0.05099171784968506	false	1.0
minusmensch	off 1.0		__DUMMY__ 0.851066920113611 off 0.08366642407063092 neg 0.0652666558157582	false	1.0
farblos	neg 1.0		__DUMMY__ 0.865023149056036 neg 0.06802226035292148 off 0.06695459059104261	false	1.0
unwissend	neg 1.0	neg 1.0	neg 0.5209472218455854 __DUMMY__ 0.4249720417506525 off 0.05408073640376215	false	1.0
traurig	neg 1.0		__DUMMY__ 0.8596670022417026 off 0.07499436094062387 neg 0.06533863681767349	false	0.5
senkung	neg 1.0		__DUMMY__ 0.8604599511681961 neg 0.07033310409033004 off 0.06920694474147393	false	1.0
ungleich	neg 1.0	neg 1.0	neg 0.5203289082952233 __DUMMY__ 0.4317537206477081 off 0.04791737105706866	false	1.0
heikel	neg 1.0		__DUMMY__ 0.8714420936175691 neg 0.0665237106577748 off 0.06203419572465618	false	1.0
drosselung	neg 1.0		__DUMMY__ 0.8569640296051093 off 0.07271795220353483 neg 0.0703180181913559	false	0.5
falsch	neg 1.0		__DUMMY__ 0.8645136194515156 off 0.07040201628320467 neg 0.06508436426527982	false	0.5
unzufriedenheit	neg 1.0		__DUMMY__ 0.8694906725368796 neg 0.06859924273142097 off 0.061910084731699414	false	1.0
kurz	neg 1.0		__DUMMY__ 0.8713937081281421 neg 0.06467803828777795 off 0.06392825358408004	false	1.0
unsinnig	neg 1.0		__DUMMY__ 0.8662677974375104 neg 0.06816734612900326 off 0.06556485643348633	false	1.0
penner	off 1.0	off 1.0	off 0.5306984358873454 __DUMMY__ 0.4192834851980403 neg 0.050018078914614225	false	1.0
seicht	neg 1.0		__DUMMY__ 0.8501826764774824 off 0.08161953759982837 neg 0.06819778592268934	false	0.5
dummheit	off 1.0	off 1.0	off 0.5227175698238534 __DUMMY__ 0.42600093508730547 neg 0.05128149508884126	false	1.0
unerfreulich	neg 1.0		__DUMMY__ 0.8720813617852373 neg 0.06624838732461649 off 0.06167025089014627	false	1.0
motherfucker	off 1.0	off 1.0	off 0.5265625134264563 __DUMMY__ 0.4238448995881106 neg 0.04959258698543312	false	1.0
pikiert	neg 1.0	neg 1.0	neg 0.5209640028224001 __DUMMY__ 0.42452743681814964 off 0.05450856035945034	false	1.0
wrack	neg 1.0		__DUMMY__ 0.8770266938396158 off 0.06392586533392534 neg 0.05904744082645879	false	0.5
gangster	neg 1.0		__DUMMY__ 0.8640847478395566 off 0.0701159917383839 neg 0.06579926042205943	false	0.5
krank	neg 1.0	neg 1.0	neg 0.5188908862256824 __DUMMY__ 0.426087822508963 off 0.05502129126535469	false	1.0
reich	neg 1.0		__DUMMY__ 0.8608924773517238 off 0.0704971870179964 neg 0.06861033563027982	false	0.5
gnadenlos	neg 1.0		__DUMMY__ 0.8676217185090841 off 0.06743773772104601 neg 0.0649405437698699	false	0.5
niedergeschlagen	neg 1.0		__DUMMY__ 0.8712319575687802 neg 0.06514046257620353 off 0.06362757985501626	false	1.0
terrorisieren	off 1.0	off 1.0	off 0.5175089361663362 __DUMMY__ 0.4324819495666779 neg 0.050009114266985816	false	1.0
sinnlosigkeit	neg 1.0		__DUMMY__ 0.869390697521415 neg 0.06603667877259012 off 0.06457262370599491	false	1.0
behindern	neg 1.0		__DUMMY__ 0.8666201006370222 neg 0.06745501305410478 off 0.06592488630887301	false	1.0
undemokratisch	neg 1.0		__DUMMY__ 0.8643044325821797 off 0.06904102930551526 neg 0.06665453811230503	false	0.5
wirtschaftskrise	neg 1.0		__DUMMY__ 0.864894175568734 neg 0.07092344610791275 off 0.06418237832335315	false	1.0
neid	neg 1.0		__DUMMY__ 0.8646536018483396 off 0.06952542487611636 neg 0.06582097327554395	false	0.5
rutschen	neg 1.0		__DUMMY__ 0.8780759715097698 neg 0.06514182991241321 off 0.056782198577817	false	1.0
rezession	neg 1.0		__DUMMY__ 0.8539340196624393 off 0.07546169603267708 neg 0.07060428430488364	false	0.5
fehlgeburt	neg 1.0		__DUMMY__ 0.8702634413807271 off 0.06625521094551662 neg 0.06348134767375638	false	0.5
charakterschwach	off 1.0		__DUMMY__ 0.8610248547362356 off 0.07260267571155732 neg 0.06637246955220717	false	1.0
isolation	neg 1.0		__DUMMY__ 0.8654133286863251 off 0.07024541759790397 neg 0.06434125371577082	false	0.5
ablenkung	neg 1.0		__DUMMY__ 0.869448385302898 off 0.0659518496822544 neg 0.06459976501484757	false	0.5
pech	neg 1.0		__DUMMY__ 0.8643260647765828 off 0.07029178243063436 neg 0.06538215279278288	false	0.5
vermeidung	neg 1.0		__DUMMY__ 0.8604759923283052 off 0.07259363216928036 neg 0.06693037550241449	false	0.5
dominieren	neg 1.0		__DUMMY__ 0.8706222142440937 off 0.06482746496214112 neg 0.06455032079376513	false	0.5
schwindlig	neg 1.0		__DUMMY__ 0.8654351597153093 off 0.06784048807322128 neg 0.0667243522114694	false	0.5
lutscher	neg 1.0	neg 1.0	neg 0.5214834602442209 __DUMMY__ 0.4154649670413029 off 0.06305157271447612	false	1.0
pflicht	neg 1.0		__DUMMY__ 0.8741831581026154 neg 0.06500196062555424 off 0.06081488127183032	false	1.0
faschist	off 1.0		__DUMMY__ 0.8641480243192367 off 0.07051101729108329 neg 0.06534095838968011	false	1.0
verschleudern	neg 1.0		__DUMMY__ 0.8663857215682955 neg 0.07077111925233781 off 0.06284315917936667	false	1.0
wenn			__DUMMY__ 0.8631796292796833 off 0.07126155544088451 neg 0.06555881527943226	false	0.0
ehebruch	neg 1.0		__DUMMY__ 0.8698848255587955 neg 0.06643241872426395 off 0.06368275571694063	false	1.0
spott	off 1.0		__DUMMY__ 0.8713772726080352 neg 0.06507366447908604 off 0.06354906291287873	false	0.5
trostlosigkeit	neg 1.0		__DUMMY__ 0.8702453668518254 neg 0.06913938474596432 off 0.060615248402210255	false	1.0
lutschen	neg 1.0		__DUMMY__ 0.8630614538945559 off 0.0705467106319177 neg 0.06639183547352648	false	0.5
undiszipliniert	neg 1.0		__DUMMY__ 0.860739379318339 off 0.07423300415620424 neg 0.0650276165254567	false	0.5
kopfschmerz	neg 1.0		__DUMMY__ 0.8680190046781092 neg 0.06942548290941224 off 0.0625555124124786	false	1.0
unvorhergesehen	neg 1.0		__DUMMY__ 0.8741903361024271 neg 0.06549534912705418 off 0.06031431477051859	false	1.0
desinteressiert	neg 1.0		__DUMMY__ 0.8603617508798056 off 0.07367668643435246 neg 0.06596156268584188	false	0.5
armselig	off 1.0		__DUMMY__ 0.8588389244407246 off 0.07609653170726631 neg 0.06506454385200913	false	1.0
desaster	neg 1.0		__DUMMY__ 0.8720556997702589 neg 0.06771317524119728 off 0.06023112498854388	false	1.0
tod	neg 1.0		__DUMMY__ 0.8729448129311081 neg 0.06475777987266082 off 0.0622974071962311	false	1.0
herzlos	neg 1.0		__DUMMY__ 0.8590610966521222 off 0.07543106729057535 neg 0.06550783605730255	false	0.5
unwissenheit	neg 1.0		__DUMMY__ 0.8689482143036882 neg 0.06683992786917364 off 0.06421185782713827	false	1.0
widersinnig	neg 1.0		__DUMMY__ 0.8655945643544969 neg 0.0686324760906266 off 0.06577295955487639	false	1.0
bedenklich	neg 1.0		__DUMMY__ 0.8689691145354568 neg 0.06767267041593002 off 0.06335821504861315	false	1.0
beanstanden	neg 1.0		__DUMMY__ 0.8740028923871593 neg 0.06459046720456436 off 0.061406640408276356	false	1.0
panisch	neg 1.0		__DUMMY__ 0.8678625158734927 off 0.06795889759889853 neg 0.0641785865276088	false	0.5
debil	off 1.0		__DUMMY__ 0.8780697849222644 neg 0.06733591714111484 off 0.054594297936620725	false	0.5
abstrich	neg 1.0		__DUMMY__ 0.8672593512283828 neg 0.06900644756476558 off 0.0637342012068516	false	1.0
primitiv	neg 1.0		__DUMMY__ 0.860810061777322 off 0.0739319835090459 neg 0.06525795471363215	false	0.5
abschaum	off 1.0	off 1.0	off 0.5248800701344828 __DUMMY__ 0.4265042193227107 neg 0.04861571054280661	false	1.0
provozieren	neg 1.0		__DUMMY__ 0.8660055865824273 off 0.06742947739953774 neg 0.066564936018035	false	0.5
tot	neg 1.0		__DUMMY__ 0.8682761322596549 neg 0.06808867805984554 off 0.06363518968049955	false	1.0
instabil	neg 1.0		__DUMMY__ 0.8583833941419792 off 0.0763398475285634 neg 0.0652767583294573	false	0.5
schwuchtel	off 1.0	off 1.0	off 0.5364863899891881 __DUMMY__ 0.4129106537605287 neg 0.05060295625028326	false	1.0
zerren	neg 1.0		__DUMMY__ 0.8713931714777027 neg 0.06488778538037566 off 0.06371904314192176	false	1.0
kinderficker	off 1.0		__DUMMY__ 0.856293248902766 off 0.07846209439262156 neg 0.06524465670461248	false	1.0
gefahr	neg 1.0		__DUMMY__ 0.8731357727333727 neg 0.06565138170006131 off 0.06121284556656597	false	1.0
rabiat	neg 1.0		__DUMMY__ 0.8669097648502879 neg 0.06752058055584725 off 0.06556965459386481	false	1.0
verlangsamung	neg 1.0		__DUMMY__ 0.8544447675028435 off 0.08025860206604814 neg 0.0652966304311083	false	0.5
ausgestorben	neg 1.0		__DUMMY__ 0.8691911506019915 neg 0.06567006321411767 off 0.0651387861838908	false	1.0
anklagen	neg 1.0		__DUMMY__ 0.8689926954587222 neg 0.0661069402819443 off 0.06490036425933363	false	1.0
trott	neg 1.0		__DUMMY__ 0.8675662317524542 neg 0.06623959654265817 off 0.06619417170488763	false	1.0
verminderung	neg 1.0		__DUMMY__ 0.8610890323015558 off 0.07261236661136161 neg 0.0662986010870826	false	0.5
nach			__DUMMY__ 0.8805122344737987 neg 0.06388616977700196 off 0.05560159574919938	false	0.0
rost	neg 1.0		__DUMMY__ 0.8572296075686336 off 0.08135039319584736 neg 0.06141999923551897	false	0.5
destruktiv	neg 1.0		__DUMMY__ 0.866923280476057 neg 0.06674204556950822 off 0.06633467395443475	false	1.0
unzumutbarkeit	neg 1.0		__DUMMY__ 0.86213019599312 off 0.07262392885639302 neg 0.06524587515048698	false	0.5
labil	off 1.0	off 1.0	off 0.5242987390194688 __DUMMY__ 0.4253474203799354 neg 0.05035384060059579	false	1.0
ziemlich	neg 1.0		__DUMMY__ 0.8634615960123078 off 0.07208602502436044 neg 0.06445237896333168	false	0.5
lachnummer	off 1.0		__DUMMY__ 0.8680898300151638 off 0.06709969658927634 neg 0.06481047339555983	false	1.0
oder			__DUMMY__ 0.8689732313289937 off 0.06664693480086363 neg 0.06437983387014265	false	0.0
verfall	neg 1.0		__DUMMY__ 0.8725522091209086 neg 0.06937764036865528 off 0.058070150510436264	false	1.0
ausgrenzung	neg 1.0		__DUMMY__ 0.8640160609169806 off 0.06890554440921044 neg 0.06707839467380894	false	0.5
unordnung	neg 1.0		__DUMMY__ 0.8570708638660367 off 0.07654381899664625 neg 0.06638531713731707	false	0.5
fehlverhalten	neg 1.0		__DUMMY__ 0.8712825339629149 neg 0.06614256926855056 off 0.06257489676853452	false	1.0
eine			__DUMMY__ 0.8731430094024037 neg 0.06660137873438934 off 0.0602556118632069	false	0.0
nille	neg 1.0		__DUMMY__ 0.8672903059332553 off 0.06671906418458916 neg 0.06599062988215561	false	0.5
qual	neg 1.0		__DUMMY__ 0.8673933786594294 neg 0.06672732258407921 off 0.06587929875649136	false	1.0
verschwenden	neg 1.0		__DUMMY__ 0.8694557036800444 neg 0.0684977248367025 off 0.06204657148325301	false	1.0
riesig	neg 1.0		__DUMMY__ 0.8720456138677385 neg 0.0657934679050088 off 0.06216091822725278	false	1.0
verurteilen	neg 1.0		__DUMMY__ 0.8685631443738542 neg 0.06668350939319555 off 0.06475334623295019	false	1.0
klischee	neg 1.0	neg 1.0	neg 0.5208420363663354 __DUMMY__ 0.42566001030921674 off 0.053497953324447886	false	1.0
diktatorisch	neg 1.0		__DUMMY__ 0.8634601523116278 off 0.06914975931122642 neg 0.0673900883771459	false	0.5
vorhersehbar	neg 1.0		__DUMMY__ 0.863042686495983 off 0.06966908782844985 neg 0.06728822567556719	false	0.5
sowie			__DUMMY__ 0.8542357283739231 off 0.07765341704640984 neg 0.06811085457966709	false	0.0
stornieren	neg 1.0		__DUMMY__ 0.8703878332390619 off 0.06905695390151273 neg 0.060555212859425264	false	0.5
besteuerung	neg 1.0	neg 1.0	neg 0.5245574482394676 __DUMMY__ 0.4245020954888363 off 0.05094045627169616	false	1.0
ungeschminkt	neg 1.0		__DUMMY__ 0.8602074269367994 off 0.0734903444106678 neg 0.0663022286525328	false	0.5
kritisch	neg 1.0		__DUMMY__ 0.8696712302647599 neg 0.06601989401341042 off 0.06430887572182971	false	1.0
schlamperei	off 1.0		__DUMMY__ 0.8700669368265912 neg 0.06701583754149745 off 0.0629172256319113	false	0.5
sucht	neg 1.0	neg 1.0	neg 0.5187301664907314 __DUMMY__ 0.43029515926316914 off 0.05097467424609931	false	1.0
egoistisch	off 1.0	off 1.0	off 0.5290902608589155 __DUMMY__ 0.42182448765553243 neg 0.049085251485552074	false	1.0
ausbeuter	off 1.0		__DUMMY__ 0.868615700243217 neg 0.06906215424461665 off 0.06232214551216636	false	0.5
arschgeburt	off 1.0		__DUMMY__ 0.8459141689392359 off 0.08769977558713463 neg 0.06638605547362945	false	1.0
schubs	neg 1.0		__DUMMY__ 0.8681867717015195 neg 0.06909735138053925 off 0.06271587691794128	false	1.0
unsolide	neg 1.0		__DUMMY__ 0.866001887675739 off 0.06951694102662204 neg 0.06448117129763885	false	0.5
beschwerde	neg 1.0		__DUMMY__ 0.8698796646061264 neg 0.06558403429347906 off 0.0645363011003945	false	1.0
stocken	neg 1.0		__DUMMY__ 0.870423431634596 neg 0.06615492590155239 off 0.06342164246385162	false	1.0
isolieren	neg 1.0		__DUMMY__ 0.868174260533708 neg 0.06735545603958433 off 0.0644702834267076	false	1.0
unheilbar	neg 1.0		__DUMMY__ 0.8682943383523251 off 0.06664943177591867 neg 0.06505622987175624	false	0.5
pisser	off 1.0	off 1.0	off 0.5270526831922295 __DUMMY__ 0.4230232888875693 neg 0.04992402792020128	false	1.0
löschen	neg 1.0		__DUMMY__ 0.8660237091417706 neg 0.0670747739837441 off 0.06690151687448537	false	1.0
durchfallen	neg 1.0		__DUMMY__ 0.8701697866385957 neg 0.06586267948224504 off 0.06396753387915935	false	1.0
wichser	off 1.0	off 1.0	off 0.5331895288689574 __DUMMY__ 0.4171003556642611 neg 0.04971011546678145	false	1.0
terror	neg 1.0		__DUMMY__ 0.864615388217454 off 0.06950731313684581 neg 0.06587729864570026	false	0.5
krass	neg 1.0		__DUMMY__ 0.8575663779007341 off 0.07683932784373305 neg 0.06559429425553288	false	0.5
revolte	neg 1.0		__DUMMY__ 0.8600691806766548 off 0.07051335017278504 neg 0.06941746915056012	false	0.5
besorgt	neg 1.0		__DUMMY__ 0.8722108254271159 off 0.06425986919051135 neg 0.06352930538237271	false	0.5
nachlassen	neg 1.0		__DUMMY__ 0.8722701867645078 neg 0.06461936907473163 off 0.06311044416076052	false	1.0
alt	neg 1.0		__DUMMY__ 0.8646358169557368 neg 0.07307911331019419 off 0.062285069734068985	false	1.0
hundesohn	off 1.0	off 1.0	off 0.5325748808955975 __DUMMY__ 0.4170492228778765 neg 0.05037589622652609	false	1.0
als			__DUMMY__ 0.8689602902596538 neg 0.06669538450614618 off 0.06434432523419999	false	0.0
abschreckung	neg 1.0		__DUMMY__ 0.8709741068069261 neg 0.0672794442475536 off 0.061746448945520255	false	1.0
unqualifiziert	neg 1.0		__DUMMY__ 0.8637569389352331 off 0.07111633200081548 neg 0.06512672906395149	false	0.5
abgewichst	off 1.0		__DUMMY__ 0.8686225025514641 off 0.06592012520164556 neg 0.06545737224689027	false	1.0
schwer	neg 1.0		__DUMMY__ 0.8688258588521257 off 0.06583638000252372 neg 0.06533776114535057	false	0.5
bedeutungslosigkeit	neg 1.0		__DUMMY__ 0.8708199846398016 neg 0.06692393562333489 off 0.06225607973686355	false	1.0
kapitulation	neg 1.0		__DUMMY__ 0.8671796244881997 neg 0.06880744321285581 off 0.06401293229894443	false	1.0
unscharf	neg 1.0		__DUMMY__ 0.8620621643825884 neg 0.06993198568396772 off 0.06800584993344398	false	1.0
schwinden	neg 1.0		__DUMMY__ 0.8697330166429156 neg 0.06797764508405892 off 0.06228933827302552	false	1.0
versklavung	neg 1.0	neg 1.0	neg 0.522289305865289 __DUMMY__ 0.4258649217685863 off 0.051845772366124726	false	1.0
schlecht	neg 1.0		__DUMMY__ 0.8635652327400385 off 0.0722763552894191 neg 0.06415841197054235	false	0.5
verhasst	neg 1.0		__DUMMY__ 0.8648305403360197 off 0.06813535640628109 neg 0.06703410325769919	false	0.5
beschweren	neg 1.0		__DUMMY__ 0.8670074131432464 off 0.06833978716883195 neg 0.06465279968792179	false	0.5
scheiden	neg 1.0		__DUMMY__ 0.8686434146915557 off 0.06602750789660887 neg 0.0653290774118354	false	0.5
frustriert	neg 1.0		__DUMMY__ 0.8693911717919375 neg 0.0655773487166591 off 0.06503147949140341	false	1.0
schimmelig	neg 1.0		__DUMMY__ 0.8668404650162159 neg 0.07049851177434598 off 0.06266102320943807	false	1.0
fisch	neg 1.0		__DUMMY__ 0.8684370621175711 neg 0.0722072195701886 off 0.059355718312240416	false	1.0
schmuggel	neg 1.0		__DUMMY__ 0.8744656791075268 neg 0.06517896078686707 off 0.060355360105606215	false	1.0
auffallen	neg 1.0		__DUMMY__ 0.8658706121951542 off 0.06876860140615053 neg 0.06536078639869532	false	0.5
konkurrenz	neg 1.0		__DUMMY__ 0.8741064718990351 neg 0.06404637004128605 off 0.0618471580596789	false	1.0
teufelskreis	neg 1.0	neg 1.0	neg 0.5223226372783297 __DUMMY__ 0.42780664729609247 off 0.049870715425577826	false	1.0
aufschreien	neg 1.0		__DUMMY__ 0.8633564664635738 off 0.06945164153235397 neg 0.06719189200407234	false	0.5
schuldner	neg 1.0		__DUMMY__ 0.867499420361854 neg 0.07048364198123311 off 0.06201693765691282	false	1.0
missgeburt	off 1.0	off 1.0	off 0.5310270690849601 __DUMMY__ 0.4202698163528465 neg 0.04870311456219346	false	1.0
arbeitslos	neg 1.0		__DUMMY__ 0.869214962919981 neg 0.0668618152292677 off 0.06392322185075128	false	1.0
befallen	neg 1.0		__DUMMY__ 0.8627393022188578 neg 0.07182435459326834 off 0.06543634318787381	false	1.0
miesepetrig	off 1.0	off 1.0	off 0.5239144994854836 __DUMMY__ 0.4261250475282466 neg 0.04996045298626986	false	1.0
alarmieren	neg 1.0		__DUMMY__ 0.8629336230609845 off 0.07153303977824808 neg 0.0655333371607673	false	0.5
ungeduscht	off 1.0		__DUMMY__ 0.8624226859082625 off 0.0703270115678652 neg 0.06725030252387229	false	1.0
knappheit	neg 1.0		__DUMMY__ 0.8660942452475648 neg 0.06968130202170268 off 0.06422445273073252	false	1.0
schlange	neg 1.0		__DUMMY__ 0.8686340422257237 off 0.06653836754085043 neg 0.06482759023342577	false	0.5
harsch	neg 1.0		__DUMMY__ 0.8606243117520574 off 0.07644053106693119 neg 0.06293515718101143	false	0.5
lang	neg 1.0		__DUMMY__ 0.8663353670964298 off 0.06771968992505163 neg 0.06594494297851851	false	0.5
ziellos	neg 1.0		__DUMMY__ 0.872740512969138 neg 0.06507062857318371 off 0.06218885845767824	false	1.0
selbstverliebt	neg 1.0		__DUMMY__ 0.8515927283308247 off 0.08452809927325658 neg 0.06387917239591877	false	0.5
beseitigen	neg 1.0		__DUMMY__ 0.8693851850354236 off 0.06611331055756461 neg 0.0645015044070118	false	0.5
dumm	off 1.0		__DUMMY__ 0.8552622400935421 off 0.07920351534996017 neg 0.06553424455649762	false	1.0
arbeitsloser	neg 1.0		__DUMMY__ 0.875018199291989 off 0.06415092379984874 neg 0.06083087690816228	false	0.5
blitzen	neg 1.0		__DUMMY__ 0.8625315292585716 off 0.07047880020619984 neg 0.06698967053522854	false	0.5
hilflos	neg 1.0		__DUMMY__ 0.8693350620768304 neg 0.06679882598537577 off 0.0638661119377938	false	1.0
eklig	off 1.0		__DUMMY__ 0.8530306717684036 off 0.07957621806094163 neg 0.06739311017065472	false	1.0
begriff			__DUMMY__ 0.8687287910714524 off 0.06605512164182434 neg 0.0652160872867232	false	0.0
hungersnot	neg 1.0		__DUMMY__ 0.8667786250545151 neg 0.06896101501083332 off 0.06426035993465165	false	1.0
ungesetzlich	neg 1.0		__DUMMY__ 0.8648302799848212 off 0.06931304274614247 neg 0.06585667726903638	false	0.5
verschwendung	neg 1.0		__DUMMY__ 0.8706678220455006 neg 0.0672360031921476 off 0.062096174762351616	false	1.0
schmerzvoll	neg 1.0		__DUMMY__ 0.8650921960251008 off 0.06788232264284096 neg 0.06702548133205817	false	0.5
vorzeitig	neg 1.0		__DUMMY__ 0.8664072575061862 off 0.07170329046374257 neg 0.061889452030071165	false	0.5
unvollkommenheit	neg 1.0		__DUMMY__ 0.8690548332726581 neg 0.06631524869474176 off 0.0646299180326001	false	1.0
intervenieren	neg 1.0		__DUMMY__ 0.8673357879971695 neg 0.06972458036421357 off 0.06293963163861692	false	1.0
banause	off 1.0		__DUMMY__ 0.8491395840633054 off 0.08116641737920194 neg 0.06969399855749268	false	1.0
rebell	neg 1.0		__DUMMY__ 0.8707936206224526 neg 0.07132700028282764 off 0.057879379094719755	false	1.0
unlogisch	neg 1.0		__DUMMY__ 0.8585365346363161 off 0.07480845946886101 neg 0.0666550058948228	false	0.5
leiden	neg 1.0		__DUMMY__ 0.8756712722656261 neg 0.06392910484481669 off 0.06039962288955722	false	1.0
abschaffung	neg 1.0		__DUMMY__ 0.8643769503094727 neg 0.06798419379706991 off 0.06763885589345733	false	1.0
sturz	neg 1.0		__DUMMY__ 0.8695625751994451 off 0.06849629423808172 neg 0.06194113056247323	false	0.5
verkleinerung	neg 1.0		__DUMMY__ 0.8587735475059662 off 0.07084978050415841 neg 0.07037667198987536	false	0.5
schmarotzer	off 1.0		__DUMMY__ 0.8686220425141604 neg 0.06646946839766492 off 0.06490848908817462	false	0.5
bestrafung	neg 1.0	neg 1.0	neg 0.5198350773506187 __DUMMY__ 0.4293649486234008 off 0.05079997402598053	false	1.0
achtlos	neg 1.0		__DUMMY__ 0.8705314804766876 off 0.06493546281336224 neg 0.06453305670995017	false	0.5
ungeheuer	neg 1.0		__DUMMY__ 0.8663129969509541 neg 0.06703639689390377 off 0.06665060615514207	false	1.0
unaufrichtig	neg 1.0		__DUMMY__ 0.8639149193451601 off 0.07101300879580183 neg 0.06507207185903804	false	0.5
groggy	neg 1.0		__DUMMY__ 0.8651740390103743 off 0.06996287778760987 neg 0.06486308320201575	false	0.5
