unsolidarisch	neg 1.0		neg 0.3452666216989863 off 0.34300620699073825 __DUMMY__ 0.31172717131027533	false	1.0
nachteilig	neg 1.0		neg 0.3441970481990679 off 0.339970234916297 __DUMMY__ 0.31583271688463505	false	1.0
skeptisch	neg 1.0		neg 0.34668231893834045 off 0.3378799581625167 __DUMMY__ 0.3154377228991429	false	1.0
schrecklich	neg 1.0		off 0.3523620587250018 neg 0.3387690452355928 __DUMMY__ 0.3088688960394056	false	0.5
schlapp	neg 1.0	neg 1.0	neg 0.6584389350885422 off 0.19267174199098003 __DUMMY__ 0.1488893229204778	false	1.0
abfall	neg 1.0		neg 0.34592675318665744 off 0.3358350612558833 __DUMMY__ 0.31823818555745914	false	1.0
widerspenstig	neg 1.0		neg 0.34630034929852627 off 0.3412741307526433 __DUMMY__ 0.31242551994883044	false	1.0
abrupt	neg 1.0		neg 0.3491678501849737 off 0.33637085654321297 __DUMMY__ 0.31446129327181344	false	1.0
unwirksam	neg 1.0		neg 0.34971317831276416 off 0.3406599473688618 __DUMMY__ 0.30962687431837393	false	1.0
angreifen	neg 1.0		neg 0.3467390445376182 off 0.3374021336856114 __DUMMY__ 0.3158588217767705	false	1.0
inkonsistent	neg 1.0		off 0.34502194896691546 neg 0.3438636804857904 __DUMMY__ 0.31111437054729413	false	0.5
abrutschen	neg 1.0		neg 0.34732678045582394 off 0.33493670529171177 __DUMMY__ 0.3177365142524643	false	1.0
unsicher	neg 1.0		off 0.3431722047507559 neg 0.34286034078900196 __DUMMY__ 0.3139674544602422	false	0.5
bauernkind	off 1.0	off 1.0	off 0.6645384449871121 neg 0.18986101988304802 __DUMMY__ 0.14560053512983995	false	1.0
angreifer	neg 1.0		off 0.3480858453149599 neg 0.33880429095252484 __DUMMY__ 0.3131098637325151	false	0.5
trennen	neg 1.0		neg 0.3458039035311902 off 0.3376363397471069 __DUMMY__ 0.316559756721703	false	1.0
schmutz	neg 1.0		off 0.3487931050015652 neg 0.3359979889029223 __DUMMY__ 0.3152089060955126	false	0.5
inkonsistenz	neg 1.0		off 0.3483447791814606 neg 0.34045851143108086 __DUMMY__ 0.31119670938745847	false	0.5
erschreckend	neg 1.0		neg 0.3442321546948103 off 0.34208932483465543 __DUMMY__ 0.31367852047053424	false	1.0
ertrinken	neg 1.0		neg 0.3490031315638748 off 0.33597980869132843 __DUMMY__ 0.3150170597447967	false	1.0
pickelface	off 1.0		neg 0.34417559365148015 off 0.3431087937322351 __DUMMY__ 0.3127156126162848	false	0.5
seiner			neg 0.3452545872317455 off 0.3383816703138504 __DUMMY__ 0.3163637424544039	false	0.0
lauch	neg 1.0	neg 1.0	neg 0.6632039396366787 off 0.1848858513700791 __DUMMY__ 0.15191020899324223	false	1.0
unwichtig	neg 1.0		off 0.3477932341541072 neg 0.34150773028791365 __DUMMY__ 0.31069903555797923	false	0.5
steuerhinterziehung	neg 1.0		neg 0.34578634966464317 off 0.3414830960654916 __DUMMY__ 0.3127305542698651	false	1.0
schock	neg 1.0		neg 0.3445513914456016 off 0.341185332068281 __DUMMY__ 0.3142632764861173	false	1.0
beule	neg 1.0		off 0.3500915387622124 neg 0.3405802937641638 __DUMMY__ 0.30932816747362385	false	0.5
vergelten	neg 1.0		off 0.3542216396273197 neg 0.33639683185632374 __DUMMY__ 0.3093815285163565	false	0.5
verdorbenheit	neg 1.0		neg 0.3439459963501869 off 0.34368331198057384 __DUMMY__ 0.3123706916692392	false	1.0
trauma	neg 1.0		neg 0.3441162759310508 off 0.34385540831972367 __DUMMY__ 0.3120283157492254	false	1.0
sinnlos	neg 1.0		off 0.34488329712857757 neg 0.3427965942860553 __DUMMY__ 0.3123201085853672	false	0.5
fettsack	off 1.0	off 1.0	off 0.6657263944196276 neg 0.18849076849711663 __DUMMY__ 0.1457828370832558	false	1.0
feige	off 1.0	off 1.0	off 0.6626716071841923 neg 0.1891265079617784 __DUMMY__ 0.1482018848540294	false	1.0
abdanken	neg 1.0		neg 0.3438781172953204 off 0.3425276477845905 __DUMMY__ 0.31359423492008903	false	1.0
wichtigtuer	off 1.0	off 1.0	off 0.6613086672750661 neg 0.18900786650474857 __DUMMY__ 0.14968346622018538	false	1.0
misslingen	neg 1.0	neg 1.0	neg 0.6561334715082293 off 0.19198978829043203 __DUMMY__ 0.15187674020133857	false	1.0
untreu	off 1.0		off 0.3490806710931545 neg 0.34081688147604366 __DUMMY__ 0.3101024474308018	false	1.0
missmutig	neg 1.0		off 0.3464324333038967 neg 0.3423422967837413 __DUMMY__ 0.31122526991236193	false	0.5
hurenbock	off 1.0		neg 0.34931513507217393 off 0.34060634387991884 __DUMMY__ 0.31007852104790723	false	0.5
betrunken	neg 1.0		off 0.3511045344986864 neg 0.3396765693711557 __DUMMY__ 0.3092188961301578	false	0.5
korrupt	off 1.0		neg 0.34673645650034535 off 0.34068684177026504 __DUMMY__ 0.31257670172938967	false	0.5
unmut	neg 1.0		neg 0.34764366538512087 off 0.33604015600165144 __DUMMY__ 0.3163161786132276	false	1.0
hackfresse	off 1.0		off 0.357091107090393 neg 0.3362972340473909 __DUMMY__ 0.306611658862216	false	1.0
aufblasen	neg 1.0		neg 0.3436080639545002 off 0.34323769674040766 __DUMMY__ 0.31315423930509206	false	1.0
gewaltsam	neg 1.0		neg 0.3441226735745705 off 0.34242262994131123 __DUMMY__ 0.3134546964841183	false	1.0
unbeliebtheit	neg 1.0		off 0.3493268612926239 neg 0.34040884945048894 __DUMMY__ 0.3102642892568872	false	0.5
sturheit	neg 1.0		off 0.3427867888693563 neg 0.34259836222972945 __DUMMY__ 0.3146148489009142	false	0.5
kuh	neg 1.0		neg 0.35102654797231675 off 0.3420587629516434 __DUMMY__ 0.30691468907603975	false	1.0
erschrecken	neg 1.0		off 0.34737055814322154 neg 0.34094111223123946 __DUMMY__ 0.311688329625539	false	0.5
opfer	neg 1.0		neg 0.3432779931214207 off 0.34049966297582784 __DUMMY__ 0.31622234390275145	false	1.0
sinken	neg 1.0		neg 0.3488388210782419 off 0.33591476759014505 __DUMMY__ 0.3152464113316132	false	1.0
stinktier	neg 1.0		off 0.3521853713384922 neg 0.3431291698262707 __DUMMY__ 0.304685458835237	false	0.5
tucke	off 1.0		off 0.3570689680645439 neg 0.3399066547506772 __DUMMY__ 0.3030243771847789	false	1.0
ein			neg 0.3465945309597758 off 0.34092277397587817 __DUMMY__ 0.312482695064346	false	0.0
abstieg	neg 1.0		off 0.3430647117608031 neg 0.33987638662695185 __DUMMY__ 0.317058901612245	false	0.5
missverstehen	neg 1.0		off 0.3458079006333365 neg 0.3423423758446968 __DUMMY__ 0.3118497235219667	false	0.5
ergebnislos	neg 1.0		neg 0.3437155966186924 off 0.3400816558019673 __DUMMY__ 0.3162027475793404	false	1.0
unter			neg 0.34754514078285115 off 0.3318303906458786 __DUMMY__ 0.3206244685712703	false	0.0
manipulieren	neg 1.0		neg 0.34457782292577355 off 0.3391729122629947 __DUMMY__ 0.31624926481123183	false	1.0
unbewiesen	neg 1.0	neg 1.0	neg 0.6596859318739687 off 0.19026184995854353 __DUMMY__ 0.15005221816748765	false	1.0
verschleppen	neg 1.0		neg 0.34611905441625895 off 0.3397602012580374 __DUMMY__ 0.3141207443257037	false	1.0
weib	off 1.0		off 0.35824871662938346 neg 0.3374312420113464 __DUMMY__ 0.30432004135927004	false	1.0
opposition	neg 1.0		neg 0.34533584972576464 off 0.34350930742475955 __DUMMY__ 0.31115484284947587	false	1.0
verkehrswidrig	neg 1.0	neg 1.0	neg 0.6544104945382351 off 0.19677534678433076 __DUMMY__ 0.14881415867743422	false	1.0
inkorrekt	neg 1.0		off 0.35191808452324724 neg 0.33948142774147005 __DUMMY__ 0.3086004877352827	false	0.5
vermeiden	neg 1.0		neg 0.3475215304101484 off 0.334449959652918 __DUMMY__ 0.3180285099369336	false	1.0
abweichung	neg 1.0	neg 1.0	neg 0.6587212307477742 off 0.18921985497207192 __DUMMY__ 0.1520589142801538	false	1.0
alkoholisiert	neg 1.0		neg 0.34332599198354297 off 0.33923602468529573 __DUMMY__ 0.31743798333116124	false	1.0
scheiss	off 1.0	off 1.0	off 0.6634293217695607 neg 0.18888774246682236 __DUMMY__ 0.147682935763617	false	1.0
herausforderung	neg 1.0		neg 0.34377905616539456 off 0.340955052945133 __DUMMY__ 0.31526589088947243	false	1.0
pervers	off 1.0		off 0.3611454725935044 neg 0.3351141291210337 __DUMMY__ 0.30374039828546195	false	1.0
wackelig	neg 1.0		neg 0.34384554746692386 off 0.3408266185632774 __DUMMY__ 0.31532783396979863	false	1.0
verwickeln	neg 1.0		off 0.3447152310337283 neg 0.34316719011897284 __DUMMY__ 0.3121175788472989	false	0.5
vorwand	neg 1.0		neg 0.34730138058934035 off 0.3368356123858793 __DUMMY__ 0.3158630070247804	false	1.0
muschi	off 1.0		neg 0.34383073909484124 off 0.3424412367949449 __DUMMY__ 0.3137280241102139	false	0.5
entmutigung	neg 1.0		neg 0.34460117641950055 off 0.3445924458319472 __DUMMY__ 0.31080637774855224	false	1.0
unangemessen	neg 1.0		neg 0.34358303430841763 off 0.3420996875954251 __DUMMY__ 0.3143172780961573	false	1.0
unstetig	neg 1.0		off 0.3472151704511207 neg 0.3414028755575985 __DUMMY__ 0.3113819539912808	false	0.5
entmutigen	neg 1.0		off 0.3439971386371096 neg 0.34301033010890014 __DUMMY__ 0.3129925312539903	false	0.5
schwanz	neg 1.0		neg 0.34644868594599176 off 0.33961462264432873 __DUMMY__ 0.31393669140967956	false	1.0
verbot	neg 1.0		neg 0.34692661538159225 off 0.34029874549492933 __DUMMY__ 0.3127746391234786	false	1.0
leid	neg 1.0		off 0.3537667839312369 neg 0.3385242750562319 __DUMMY__ 0.3077089410125313	false	0.5
archaisch	neg 1.0		neg 0.34571169827804277 off 0.34085783151292226 __DUMMY__ 0.31343047020903486	false	1.0
gegen			neg 0.3449386722153219 off 0.33766384734901417 __DUMMY__ 0.31739748043566385	false	0.0
scheidung	neg 1.0		off 0.3673971124040391 neg 0.3271530121782259 __DUMMY__ 0.30544987541773516	false	0.5
einschlag	neg 1.0		off 0.3540403860518431 neg 0.33565169239418546 __DUMMY__ 0.3103079215539714	false	0.5
m			neg 0.3446995684042396 off 0.3408042395636696 __DUMMY__ 0.3144961920320908	false	0.0
abgestanden	neg 1.0		neg 0.3511814095180526 off 0.33956535593964804 __DUMMY__ 0.30925323454229925	false	1.0
schmierig	off 1.0		off 0.3535228025090858 neg 0.3385269201063008 __DUMMY__ 0.3079502773846134	false	1.0
unpraktisch	neg 1.0		off 0.34481111642932427 neg 0.34203368364946823 __DUMMY__ 0.31315519992120755	false	0.5
wixxer	off 1.0		off 0.3607608475499331 neg 0.3365554208026261 __DUMMY__ 0.3026837316474406	false	1.0
bezeichnet			off 0.3435688746606506 neg 0.3428510382002965 __DUMMY__ 0.31358008713905283	false	0.0
jammerlappen	off 1.0		off 0.34837453658678036 neg 0.34073547334479903 __DUMMY__ 0.3108899900684205	false	1.0
farce	neg 1.0		neg 0.34608032806389727 off 0.3419611827965864 __DUMMY__ 0.3119584891395164	false	1.0
zwecklos	neg 1.0		neg 0.3454804245367626 off 0.340449725149989 __DUMMY__ 0.31406985031324847	false	1.0
turbulent	neg 1.0		off 0.35034431476383476 neg 0.34023318175079476 __DUMMY__ 0.3094225034853706	false	0.5
invasion	neg 1.0		off 0.34568060954635815 neg 0.34232597777951124 __DUMMY__ 0.3119934126741306	false	0.5
schuld	neg 1.0		off 0.3442148544427095 neg 0.34305145891295463 __DUMMY__ 0.3127336866443359	false	0.5
risiko	neg 1.0		neg 0.345554068598506 off 0.34375273007726864 __DUMMY__ 0.31069320132422534	false	1.0
finster	neg 1.0		neg 0.34639604047311573 off 0.34146328878027193 __DUMMY__ 0.31214067074661245	false	1.0
geisteskrank	off 1.0		off 0.35072970675612447 neg 0.3399326356922003 __DUMMY__ 0.30933765755167514	false	1.0
zusammenbrechen	neg 1.0		neg 0.3454880709023473 off 0.34057357222268864 __DUMMY__ 0.3139383568749641	false	1.0
ausbeute	neg 1.0		off 0.34310893286614563 neg 0.34141649368165533 __DUMMY__ 0.3154745734521992	false	0.5
hinterhalt	neg 1.0		neg 0.3458313874145115 off 0.3408461544989166 __DUMMY__ 0.3133224580865717	false	1.0
kritik	neg 1.0		neg 0.34648513193246355 off 0.3415515417627808 __DUMMY__ 0.3119633263047557	false	1.0
einschrumpfen	neg 1.0		off 0.34693080226510414 neg 0.3441841321993347 __DUMMY__ 0.30888506553556105	false	0.5
riskant	neg 1.0		neg 0.34735255457067465 off 0.33772823920806966 __DUMMY__ 0.31491920622125585	false	1.0
frustrieren	neg 1.0		neg 0.3475179341283538 off 0.33834914352387757 __DUMMY__ 0.3141329223477686	false	1.0
groll	neg 1.0		neg 0.3437355710946407 off 0.34142864372920395 __DUMMY__ 0.3148357851761555	false	1.0
gibt			neg 0.3446306762144064 off 0.34063905880402706 __DUMMY__ 0.3147302649815665	false	0.0
qualvoll	neg 1.0		off 0.34503398837851124 neg 0.342781603056619 __DUMMY__ 0.31218440856486973	false	0.5
wackeln	neg 1.0		neg 0.34368108692163307 off 0.34274749274911237 __DUMMY__ 0.3135714203292545	false	1.0
klagen	neg 1.0		neg 0.3479595536079014 off 0.33670950752044315 __DUMMY__ 0.3153309388716554	false	1.0
bankrott	neg 1.0		off 0.3483493999702268 neg 0.3398700115113556 __DUMMY__ 0.31178058851841767	false	0.5
trauern	neg 1.0		neg 0.3420592727431147 off 0.34027782208105317 __DUMMY__ 0.3176629051758323	false	1.0
ablehnung	neg 1.0		neg 0.34630457565081946 off 0.34115773420178985 __DUMMY__ 0.3125376901473907	false	1.0
stur	neg 1.0		neg 0.34396770701418605 off 0.3437877017532827 __DUMMY__ 0.3122445912325313	false	1.0
aufruhr	neg 1.0	neg 1.0	neg 0.6601862822775642 off 0.18956745656044527 __DUMMY__ 0.15024626116199058	false	1.0
melancholie	neg 1.0		neg 0.34903550830405045 off 0.3367299491019209 __DUMMY__ 0.31423454259402867	false	1.0
ist			off 0.34475598202966606 neg 0.34267260571346536 __DUMMY__ 0.3125714122568687	false	0.0
torheit	neg 1.0		off 0.3443501575246129 neg 0.34293945139645465 __DUMMY__ 0.3127103910789324	false	0.5
dreckskind	off 1.0		off 0.3577580713660891 neg 0.33680774198334873 __DUMMY__ 0.30543418665056205	false	1.0
umtauschen	neg 1.0		neg 0.34494486848485384 off 0.341857802629503 __DUMMY__ 0.31319732888564306	false	1.0
zum			neg 0.34227176368439455 off 0.33698966735479524 __DUMMY__ 0.3207385689608103	false	0.0
zersetzen	neg 1.0		neg 0.34802801251312504 off 0.3373376678111497 __DUMMY__ 0.3146343196757252	false	1.0
zur			neg 0.34695082739451594 off 0.33483566720415237 __DUMMY__ 0.3182135054013317	false	0.0
frust	neg 1.0		neg 0.34498917614120994 off 0.34062205317987065 __DUMMY__ 0.3143887706789193	false	1.0
unerbittlichkeit	neg 1.0		neg 0.3453638676966533 off 0.33919526995870697 __DUMMY__ 0.31544086234463975	false	1.0
zwei			neg 0.34674905261150774 off 0.33455323998578884 __DUMMY__ 0.3186977074027035	false	0.0
unkorrekt	neg 1.0		off 0.35030932512791857 neg 0.3408990402681939 __DUMMY__ 0.30879163460388753	false	0.5
hexe	off 1.0		off 0.34640478226593163 neg 0.34450434859688567 __DUMMY__ 0.3090908691371827	false	1.0
lasch	neg 1.0		off 0.3475286643623942 neg 0.34111153197213345 __DUMMY__ 0.31135980366547245	false	0.5
rivale	neg 1.0		off 0.3524385097334912 neg 0.3386547083666004 __DUMMY__ 0.30890678189990844	false	0.5
mutlos	off 1.0	off 1.0	off 0.657989507151652 neg 0.1910111202210964 __DUMMY__ 0.1509993726272516	false	1.0
wirr	off 1.0		off 0.3527979414014279 neg 0.3389192621179732 __DUMMY__ 0.3082827964805989	false	1.0
jahr			neg 0.3410279398055184 off 0.34054755096142997 __DUMMY__ 0.3184245092330516	false	0.0
wird			neg 0.3448413686545511 off 0.3401035191628309 __DUMMY__ 0.31505511218261817	false	0.0
strafbar	neg 1.0		neg 0.3456704037969255 off 0.33898332494941014 __DUMMY__ 0.31534627125366443	false	1.0
erosion	neg 1.0		neg 0.3437259752870869 off 0.3430929529436082 __DUMMY__ 0.3131810717693048	false	1.0
eingehen	neg 1.0		neg 0.34727315053381486 off 0.3383405001892347 __DUMMY__ 0.31438634927695047	false	1.0
faul	off 1.0		off 0.34728660768032565 neg 0.3416833154009773 __DUMMY__ 0.31103007691869705	false	1.0
provisorium	neg 1.0		neg 0.347030056157264 off 0.33212668054890343 __DUMMY__ 0.3208432632938327	false	1.0
schmerzen	neg 1.0		neg 0.34581153237405904 off 0.34102271683564167 __DUMMY__ 0.3131657507902992	false	1.0
schrumpfen	neg 1.0		neg 0.3505801120058198 off 0.3332300618952666 __DUMMY__ 0.3161898260989135	false	1.0
geistlos	off 1.0		off 0.34522340083035996 neg 0.3440771418874115 __DUMMY__ 0.3106994572822285	false	1.0
fehlkauf	neg 1.0		off 0.34483438581864323 neg 0.34414966005634035 __DUMMY__ 0.3110159541250164	false	0.5
frustrierend	neg 1.0		off 0.3469680256117711 neg 0.341637941565719 __DUMMY__ 0.31139403282251	false	0.5
unzufrieden	neg 1.0		neg 0.34534720530893454 off 0.3403371446005986 __DUMMY__ 0.3143156500904669	false	1.0
verzweifeln	neg 1.0		neg 0.34380186992394784 off 0.3420701830560049 __DUMMY__ 0.31412794702004726	false	1.0
verzweifelt	neg 1.0		off 0.34424760846060143 neg 0.34310018279003407 __DUMMY__ 0.31265220874936467	false	0.5
misstrauensantrag	neg 1.0		off 0.3449530622013293 neg 0.34306244040032147 __DUMMY__ 0.31198449739834916	false	0.5
abfallen	neg 1.0		neg 0.34444338119990264 off 0.3427006923826099 __DUMMY__ 0.3128559264174875	false	1.0
fucker	off 1.0		off 0.35211164376254933 neg 0.3383093971623908 __DUMMY__ 0.30957895907506006	false	1.0
ungezogen	neg 1.0		off 0.3590392024639655 neg 0.3357721506017285 __DUMMY__ 0.30518864693430603	false	0.5
irrsinnig	neg 1.0	neg 1.0	neg 0.6601872429975529 off 0.1899467508928032 __DUMMY__ 0.14986600610964385	false	1.0
unfassbar	neg 1.0		off 0.34943665748158254 neg 0.3399677358853672 __DUMMY__ 0.31059560663305014	false	0.5
hart	neg 1.0		off 0.3468954421552928 neg 0.34595329821249804 __DUMMY__ 0.30715125963220924	false	0.5
widerlich	off 1.0		off 0.3496515490696271 neg 0.3405191406373273 __DUMMY__ 0.3098293102930455	false	1.0
fatal	neg 1.0	neg 1.0	neg 0.661282946348969 off 0.1902265966691557 __DUMMY__ 0.14849045698187532	false	1.0
bruch	neg 1.0		neg 0.34523355424568136 off 0.33696355503122066 __DUMMY__ 0.3178028907230981	false	1.0
aushungern	neg 1.0		neg 0.34704246394100147 off 0.3403858982987204 __DUMMY__ 0.3125716377602781	false	1.0
anspannung	neg 1.0		neg 0.3453632060120344 off 0.33529591645981505 __DUMMY__ 0.3193408775281506	false	1.0
von			neg 0.3461252349106157 off 0.3375715545692368 __DUMMY__ 0.31630321052014754	false	0.0
kraftlos	neg 1.0		neg 0.34510276800495 off 0.3400907703372614 __DUMMY__ 0.3148064616577885	false	1.0
vom			neg 0.34449754226887475 off 0.3336705709642782 __DUMMY__ 0.32183188676684715	false	0.0
grenzdebil	off 1.0		off 0.3491870103383867 neg 0.3410947821344915 __DUMMY__ 0.30971820752712165	false	1.0
vor			neg 0.34678955683947194 off 0.33638595872137966 __DUMMY__ 0.31682448443914846	false	0.0
unterwerfen	neg 1.0		neg 0.3453401834327179 off 0.33961212933344165 __DUMMY__ 0.3150476872338404	false	1.0
versenkung	neg 1.0		neg 0.34533993722164236 off 0.3391577046120839 __DUMMY__ 0.3155023581662737	false	1.0
entziehen	neg 1.0		neg 0.34733099547508683 off 0.3367441018540733 __DUMMY__ 0.3159249026708399	false	1.0
finanzkrise	neg 1.0		neg 0.3510139717017819 off 0.3393600776334598 __DUMMY__ 0.3096259506647582	false	1.0
schimpfend	neg 1.0		off 0.3443416721158224 neg 0.34197833659266624 __DUMMY__ 0.31367999129151153	false	0.5
profan	neg 1.0		off 0.34527139739473345 neg 0.3427957759491907 __DUMMY__ 0.31193282665607586	false	0.5
korruption	neg 1.0		neg 0.3472590096871564 off 0.339882060089208 __DUMMY__ 0.3128589302236354	false	1.0
â			neg 0.34602245202205695 off 0.33970472479288527 __DUMMY__ 0.31427282318505795	false	0.0
schmutzig	neg 1.0		off 0.34969863587523303 neg 0.3402475054605649 __DUMMY__ 0.3100538586642021	false	0.5
sexy	neg 1.0		off 0.3473178419011768 neg 0.34088941331576034 __DUMMY__ 0.3117927447830628	false	0.5
abraten	neg 1.0		off 0.34520272505090016 neg 0.34212580279008004 __DUMMY__ 0.3126714721590198	false	0.5
schwarz	neg 1.0		off 0.34528008062993115 neg 0.34256434752762666 __DUMMY__ 0.3121555718424423	false	0.5
fotze	off 1.0	off 1.0	off 0.6583682912635579 neg 0.19084546216435555 __DUMMY__ 0.15078624657208656	false	1.0
verwirren	neg 1.0		off 0.34580776531617974 neg 0.3420587924590618 __DUMMY__ 0.31213344222475836	false	0.5
zahnlos	off 1.0		neg 0.3448078884498443 off 0.3413370612604419 __DUMMY__ 0.31385505028971367	false	0.5
verheeren	neg 1.0		off 0.36098847045855764 neg 0.33371695554988606 __DUMMY__ 0.30529457399155624	false	0.5
hippie	neg 1.0		off 0.3466439203811115 neg 0.3417931654231305 __DUMMY__ 0.311562914195758	false	0.5
rammen	neg 1.0		neg 0.34357048969769655 off 0.343490473852099 __DUMMY__ 0.3129390364502043	false	1.0
unlauter	neg 1.0		off 0.34450110774431036 neg 0.34408188661087175 __DUMMY__ 0.31141700564481783	false	0.5
unheilvoll	neg 1.0		neg 0.3441118789034596 off 0.34371369199113677 __DUMMY__ 0.31217442910540366	false	1.0
niedrig	neg 1.0		neg 0.3480459736261775 off 0.33863793341066584 __DUMMY__ 0.31331609296315666	false	1.0
explosion	neg 1.0		off 0.3467000558739464 neg 0.3415033954065652 __DUMMY__ 0.3117965487194884	false	0.5
weichei	off 1.0	off 1.0	off 0.6658244298314315 neg 0.18763008048775798 __DUMMY__ 0.14654548968081055	false	1.0
minusmensch	off 1.0		off 0.3601023275277653 neg 0.33528485650865725 __DUMMY__ 0.3046128159635774	false	1.0
farblos	neg 1.0		neg 0.34535751862721514 off 0.34309892483739374 __DUMMY__ 0.311543556535391	false	1.0
unwissend	neg 1.0	neg 1.0	neg 0.6593444966987649 off 0.19208312458521304 __DUMMY__ 0.14857237871602205	false	1.0
traurig	neg 1.0		off 0.35188844983611467 neg 0.3390785270956339 __DUMMY__ 0.3090330230682514	false	0.5
senkung	neg 1.0		neg 0.3465956967634779 off 0.34402884325172317 __DUMMY__ 0.3093754599847989	false	1.0
ungleich	neg 1.0	neg 1.0	neg 0.6611560130820342 off 0.1876693921614235 __DUMMY__ 0.15117459475654227	false	1.0
heikel	neg 1.0		neg 0.34633492021224427 off 0.33836321200547337 __DUMMY__ 0.3153018677822824	false	1.0
drosselung	neg 1.0		off 0.34761976741479483 neg 0.34483316551589344 __DUMMY__ 0.3075470670693118	false	0.5
falsch	neg 1.0		off 0.3474548692447535 neg 0.3409554293071259 __DUMMY__ 0.31158970144812065	false	0.5
unzufriedenheit	neg 1.0		neg 0.34844556585579944 off 0.33718056817149716 __DUMMY__ 0.31437386597270334	false	1.0
kurz	neg 1.0		neg 0.34352364571602073 off 0.3413188332562141 __DUMMY__ 0.3151575210277651	false	1.0
unsinnig	neg 1.0		neg 0.34625120619148003 off 0.3410867084427703 __DUMMY__ 0.3126620853657497	false	1.0
penner	off 1.0	off 1.0	off 0.6671430979137873 neg 0.18648206098718992 __DUMMY__ 0.14637484109902266	false	1.0
seicht	neg 1.0		off 0.35703190485558917 neg 0.33877513715492735 __DUMMY__ 0.30419295798948337	false	0.5
dummheit	off 1.0	off 1.0	off 0.6609034609262856 neg 0.19009216719025554 __DUMMY__ 0.14900437188345889	false	1.0
unerfreulich	neg 1.0		neg 0.3462076239122458 off 0.33818105761728706 __DUMMY__ 0.3156113184704671	false	1.0
motherfucker	off 1.0	off 1.0	off 0.6641730545574039 neg 0.18766389631564617 __DUMMY__ 0.14816304912694991	false	1.0
pikiert	neg 1.0	neg 1.0	neg 0.6592423705282794 off 0.19234654255438333 __DUMMY__ 0.1484110869173373	false	1.0
wrack	neg 1.0		off 0.34384962860696555 neg 0.3384614822097623 __DUMMY__ 0.3176888891832721	false	0.5
gangster	neg 1.0		off 0.34681545452813395 neg 0.3417875960407088 __DUMMY__ 0.31139694943115714	false	0.5
krank	neg 1.0	neg 1.0	neg 0.657595595331621 off 0.19350442613476732 __DUMMY__ 0.14889997853361162	false	1.0
reich	neg 1.0		off 0.34611641117249553 neg 0.34438916507223566 __DUMMY__ 0.3094944237552689	false	0.5
gnadenlos	neg 1.0		off 0.3443566552127677 neg 0.3423117965665341 __DUMMY__ 0.3133315482206982	false	0.5
niedergeschlagen	neg 1.0		neg 0.3441491299557283 off 0.34073530428742854 __DUMMY__ 0.3151155657568433	false	1.0
terrorisieren	off 1.0	off 1.0	off 0.657454258955388 neg 0.19106371827316815 __DUMMY__ 0.15148202277144385	false	1.0
sinnlosigkeit	neg 1.0		neg 0.3447217827246731 off 0.34102771033481205 __DUMMY__ 0.314250506940515	false	1.0
behindern	neg 1.0		neg 0.34524307308741686 off 0.3420708338433789 __DUMMY__ 0.31268609306920425	false	1.0
undemokratisch	neg 1.0		off 0.3449727728907276 neg 0.3434745502917853 __DUMMY__ 0.3115526768174871	false	0.5
wirtschaftskrise	neg 1.0		neg 0.3496764615761043 off 0.33846954388946887 __DUMMY__ 0.3118539945344268	false	1.0
neid	neg 1.0		off 0.34641944152816595 neg 0.34203138431405616 __DUMMY__ 0.311549174157778	false	0.5
rutschen	neg 1.0		neg 0.3473069573131954 off 0.33409916615178203 __DUMMY__ 0.3185938765350226	false	1.0
rezession	neg 1.0		off 0.3498967505350246 neg 0.34404456464210836 __DUMMY__ 0.3060586848228671	false	0.5
fehlgeburt	neg 1.0		off 0.3443204989789359 neg 0.3414384670882691 __DUMMY__ 0.3142410339327949	false	0.5
charakterschwach	off 1.0		off 0.34895257496112764 neg 0.3412334926758298 __DUMMY__ 0.3098139323630428	false	1.0
isolation	neg 1.0		off 0.34770335763133764 neg 0.3402934206869909 __DUMMY__ 0.3120032216816713	false	0.5
ablenkung	neg 1.0		off 0.3432020675794151 neg 0.34260525527997715 __DUMMY__ 0.31419267714060783	false	0.5
pech	neg 1.0		off 0.3475655114394688 neg 0.3411718522735837 __DUMMY__ 0.31126263628694756	false	0.5
vermeidung	neg 1.0		off 0.3489664791451058 neg 0.34165262280356573 __DUMMY__ 0.30938089805132846	false	0.5
dominieren	neg 1.0		neg 0.3432566102002871 off 0.34202501876373836 __DUMMY__ 0.3147183710359746	false	1.0
schwindlig	neg 1.0		off 0.3446055713269555 neg 0.34354794509424375 __DUMMY__ 0.3118464835788008	false	0.5
lutscher	neg 1.0	neg 1.0	neg 0.6567032615293645 off 0.198401335628019 __DUMMY__ 0.14489540284261648	false	1.0
pflicht	neg 1.0		neg 0.34552350701607737 off 0.3377055597653471 __DUMMY__ 0.31677093321857547	false	1.0
faschist	off 1.0		off 0.3470642561575161 neg 0.3414880799085482 __DUMMY__ 0.31144766393393564	false	1.0
verschleudern	neg 1.0		neg 0.350122861167677 off 0.33726817865116804 __DUMMY__ 0.3126089601811551	false	1.0
wenn			off 0.34799167221193067 neg 0.3410455840007181 __DUMMY__ 0.31096274378735117	false	0.0
ehebruch	neg 1.0		neg 0.34560454093500836 off 0.33991493823679714 __DUMMY__ 0.3144805208281944	false	1.0
spott	off 1.0		neg 0.3443852432609254 off 0.3403653160623579 __DUMMY__ 0.31524944067671673	false	0.5
trostlosigkeit	neg 1.0		neg 0.34957122526645407 off 0.3357520074497834 __DUMMY__ 0.3146767672837625	false	1.0
lutschen	neg 1.0		off 0.3470459017623059 neg 0.342225615861633 __DUMMY__ 0.31072848237606104	false	0.5
undiszipliniert	neg 1.0		off 0.3513586671250692 neg 0.3391131898000201 __DUMMY__ 0.3095281430749107	false	0.5
kopfschmerz	neg 1.0		neg 0.34862745188172833 off 0.33816064476242846 __DUMMY__ 0.31321190335584326	false	1.0
unvorhergesehen	neg 1.0		neg 0.34594270081138395 off 0.3376337443271408 __DUMMY__ 0.3164235548614754	false	1.0
desinteressiert	neg 1.0		off 0.350321957363168 neg 0.34026502346479004 __DUMMY__ 0.309413019172042	false	0.5
armselig	off 1.0		off 0.35293704513661545 neg 0.3383677119255919 __DUMMY__ 0.30869524293779266	false	1.0
desaster	neg 1.0		neg 0.34844183256529854 off 0.3358923470456303 __DUMMY__ 0.31566582038907126	false	1.0
tod	neg 1.0		neg 0.3445636609035695 off 0.3397393555407693 __DUMMY__ 0.31569698355566117	false	1.0
herzlos	neg 1.0		off 0.35220735642750767 neg 0.3390469373055088 __DUMMY__ 0.3087457062669835	false	0.5
unwissenheit	neg 1.0		neg 0.3456782262228382 off 0.34032311162153117 __DUMMY__ 0.3139986621556305	false	1.0
widersinnig	neg 1.0		neg 0.3467829530376676 off 0.3409386426003315 __DUMMY__ 0.3122784043620008	false	1.0
bedenklich	neg 1.0		neg 0.3468030480761127 off 0.33913831389156135 __DUMMY__ 0.3140586380323261	false	1.0
beanstanden	neg 1.0		neg 0.34487646347958223 off 0.33849201589150185 __DUMMY__ 0.316631520628916	false	1.0
panisch	neg 1.0		off 0.34558181524586185 neg 0.34119730869598963 __DUMMY__ 0.31322087605814863	false	0.5
debil	off 1.0		neg 0.350405563542611 off 0.3310762295044188 __DUMMY__ 0.3185182069529702	false	0.5
abstrich	neg 1.0		neg 0.34752247053079366 off 0.34000666704520455 __DUMMY__ 0.3124708624240018	false	1.0
primitiv	neg 1.0		off 0.35076589187356894 neg 0.339542952604122 __DUMMY__ 0.30969115552230925	false	0.5
abschaum	off 1.0	off 1.0	off 0.6632611315960429 neg 0.18757442360241322 __DUMMY__ 0.14916444480154384	false	1.0
provozieren	neg 1.0		neg 0.34383451601313286 off 0.34366568513737533 __DUMMY__ 0.3124997988494918	false	1.0
tot	neg 1.0		neg 0.3469730418487346 off 0.33980910411515086 __DUMMY__ 0.3132178540361145	false	1.0
instabil	neg 1.0		off 0.3531083587671833 neg 0.33860531383104414 __DUMMY__ 0.3082863274017726	false	0.5
schwuchtel	off 1.0	off 1.0	off 0.671019759779171 neg 0.18499270575637114 __DUMMY__ 0.1439875344644578	false	1.0
zerren	neg 1.0		neg 0.3439539020195403 off 0.3407983583121807 __DUMMY__ 0.3152477396682792	false	1.0
kinderficker	off 1.0		off 0.3551748729102958 neg 0.33751714127043514 __DUMMY__ 0.307307985819269	false	1.0
gefahr	neg 1.0		neg 0.34608926402901524 off 0.3377677319259211 __DUMMY__ 0.31614300404506385	false	1.0
rabiat	neg 1.0		neg 0.34554696053935696 off 0.3414663273988214 __DUMMY__ 0.3129867120618216	false	1.0
verlangsamung	neg 1.0		off 0.35680465444921095 neg 0.336984903441703 __DUMMY__ 0.306210442109086	false	0.5
ausgestorben	neg 1.0		neg 0.34403355506388794 off 0.3418578045795359 __DUMMY__ 0.31410864035657626	false	1.0
anklagen	neg 1.0		neg 0.3448162133321697 off 0.3412850567670898 __DUMMY__ 0.3138987299007406	false	1.0
trott	neg 1.0		neg 0.3439805843932387 off 0.3428159485922893 __DUMMY__ 0.31320346701447205	false	1.0
verminderung	neg 1.0		off 0.34933050498708634 neg 0.3410090249113276 __DUMMY__ 0.3096604701015862	false	0.5
nach			neg 0.34663093351851343 off 0.33345669097333697 __DUMMY__ 0.31991237550814944	false	0.0
rost	neg 1.0		off 0.359806687859201 neg 0.3326654565702464 __DUMMY__ 0.3075278555705526	false	0.5
destruktiv	neg 1.0		neg 0.34456658092849507 off 0.34250227109032627 __DUMMY__ 0.31293114798117866	false	1.0
unzumutbarkeit	neg 1.0		off 0.3496165973096395 neg 0.34020963411787375 __DUMMY__ 0.31017376857248674	false	0.5
labil	off 1.0	off 1.0	off 0.6623030681109979 neg 0.18894838640506906 __DUMMY__ 0.14874854548393304	false	1.0
ziemlich	neg 1.0		off 0.3493806202451781 neg 0.33961368818708776 __DUMMY__ 0.3110056915677341	false	0.5
lachnummer	off 1.0		off 0.34394880315030596 neg 0.34244049156811623 __DUMMY__ 0.31361070528157775	false	1.0
oder			off 0.3440948249099395 neg 0.34202110879974784 __DUMMY__ 0.31388406629031257	false	0.0
verfall	neg 1.0		neg 0.3509286915661016 off 0.33316229107732026 __DUMMY__ 0.31590901735657817	false	1.0
ausgrenzung	neg 1.0		off 0.34470634623347096 neg 0.3439235813492176 __DUMMY__ 0.3113700724173114	false	0.5
unordnung	neg 1.0		off 0.35293782511920885 neg 0.33953774254434466 __DUMMY__ 0.3075244323364465	false	0.5
fehlverhalten	neg 1.0		neg 0.3458526564957114 off 0.338890314179669 __DUMMY__ 0.3152570293246196	false	1.0
eine			neg 0.3471259907945097 off 0.33667244851368133 __DUMMY__ 0.316201560691809	false	0.0
nille	neg 1.0		neg 0.34367117501481576 off 0.3432124820808264 __DUMMY__ 0.31311634290435775	false	1.0
qual	neg 1.0		neg 0.34460427476641187 off 0.34226787008094844 __DUMMY__ 0.31312785515263963	false	1.0
verschwenden	neg 1.0		neg 0.3481105264187288 off 0.3376297058996989 __DUMMY__ 0.3142597676815723	false	1.0
riesig	neg 1.0		neg 0.3454943095174348 off 0.33921844882202606 __DUMMY__ 0.3152872416605392	false	1.0
verurteilen	neg 1.0		neg 0.34538175871893967 off 0.3408053388784034 __DUMMY__ 0.3138129024026568	false	1.0
klischee	neg 1.0	neg 1.0	neg 0.6595298282754433 off 0.1915904175509112 __DUMMY__ 0.1488797541736456	false	1.0
diktatorisch	neg 1.0		off 0.34473072062668425 neg 0.3441389664821181 __DUMMY__ 0.3111303128911977	false	0.5
vorhersehbar	neg 1.0		off 0.3455729721324894 neg 0.34347748422079255 __DUMMY__ 0.3109495436467181	false	0.5
sowie			off 0.3532797224623783 neg 0.3404949726495275 __DUMMY__ 0.3062253048880942	false	0.0
stornieren	neg 1.0		off 0.3480819242194317 neg 0.3375014736202256 __DUMMY__ 0.31441660216034256	false	0.5
besteuerung	neg 1.0	neg 1.0	neg 0.6629672198732524 off 0.18869870255657198 __DUMMY__ 0.14833407757017567	false	1.0
ungeschminkt	neg 1.0		off 0.3503400472645079 neg 0.3405587482870314 __DUMMY__ 0.3091012044484606	false	0.5
kritisch	neg 1.0		neg 0.34491459498107385 off 0.3406619186697953 __DUMMY__ 0.3144234863491308	false	1.0
schlamperei	off 1.0		neg 0.3466155688734583 off 0.33885365793739947 __DUMMY__ 0.3145307731891423	false	0.5
sucht	neg 1.0	neg 1.0	neg 0.6589236658914288 off 0.1906990115241662 __DUMMY__ 0.15037732258440498	false	1.0
egoistisch	off 1.0	off 1.0	off 0.666285581028206 neg 0.18638581616334984 __DUMMY__ 0.14732860280844418	false	1.0
ausbeuter	off 1.0		neg 0.3487318015500825 off 0.3373809135945092 __DUMMY__ 0.31388728485540834	false	0.5
arschgeburt	off 1.0		off 0.3636267871742836 neg 0.33441758218950085 __DUMMY__ 0.3019556306362156	false	1.0
schubs	neg 1.0		neg 0.34814355560342086 off 0.33858737158430674 __DUMMY__ 0.3132690728122724	false	1.0
unsolide	neg 1.0		off 0.34650053004252696 neg 0.3412001061784152 __DUMMY__ 0.312299363779058	false	0.5
beschwerde	neg 1.0		neg 0.3445023417449001 off 0.3411002193748218 __DUMMY__ 0.31439743888027816	false	1.0
stocken	neg 1.0		neg 0.345543805632442 off 0.33977724166269146 __DUMMY__ 0.31467895270486657	false	1.0
isolieren	neg 1.0		neg 0.3462338941253995 off 0.3402839539198413 __DUMMY__ 0.31348215195475926	false	1.0
unheilbar	neg 1.0		off 0.3434493702300891 neg 0.3429309518939311 __DUMMY__ 0.31361967787597994	false	0.5
pisser	off 1.0	off 1.0	off 0.6645503163354302 neg 0.18768632561092785 __DUMMY__ 0.14776335805364205	false	1.0
löschen	neg 1.0		neg 0.34452515340035633 off 0.3430455481691315 __DUMMY__ 0.3124292984305121	false	1.0
durchfallen	neg 1.0		neg 0.3448063300347546 off 0.34055780007837916 __DUMMY__ 0.3146358698868664	false	1.0
wichser	off 1.0	off 1.0	off 0.6690141137985824 neg 0.18543820540006703 __DUMMY__ 0.1455476808013506	false	1.0
terror	neg 1.0		off 0.3463430498813773 neg 0.3420802059013521 __DUMMY__ 0.3115767442172707	false	0.5
krass	neg 1.0		off 0.35388859454928845 neg 0.338349644727594 __DUMMY__ 0.3077617607231176	false	0.5
revolte	neg 1.0		neg 0.3453470857827307 off 0.3452766986747968 __DUMMY__ 0.30937621554247235	false	1.0
besorgt	neg 1.0		neg 0.34245827376668275 off 0.34192511900897365 __DUMMY__ 0.31561660722434365	false	1.0
nachlassen	neg 1.0		neg 0.3440096342767708 off 0.34045305919397584 __DUMMY__ 0.31553730652925344	false	1.0
alt	neg 1.0		neg 0.3521114097257755 off 0.33646152605566465 __DUMMY__ 0.3114270642185598	false	1.0
hundesohn	off 1.0	off 1.0	off 0.6681923578681164 neg 0.18623185980425494 __DUMMY__ 0.14557578232762852	false	1.0
als			neg 0.3453503613961966 off 0.3406293404136584 __DUMMY__ 0.31402029819014493	false	0.0
abschreckung	neg 1.0		neg 0.3473781506935815 off 0.337540425747451 __DUMMY__ 0.3150814235589675	false	1.0
unqualifiziert	neg 1.0		off 0.34785947803774775 neg 0.34085920899646255 __DUMMY__ 0.3112813129657897	false	0.5
abgewichst	off 1.0		neg 0.34346922221420434 off 0.3428050548663739 __DUMMY__ 0.3137257229194217	false	0.5
schwer	neg 1.0		neg 0.3433604403566605 off 0.3426791350044066 __DUMMY__ 0.31396042463893287	false	1.0
bedeutungslosigkeit	neg 1.0		neg 0.3467273516348074 off 0.3382425520833606 __DUMMY__ 0.31503009628183204	false	1.0
kapitulation	neg 1.0		neg 0.347788668193277 off 0.3391129956221085 __DUMMY__ 0.3130983361846145	false	1.0
unscharf	neg 1.0		neg 0.346406332793851 off 0.3435546904978419 __DUMMY__ 0.3100389767083071	false	1.0
schwinden	neg 1.0		neg 0.34780678125818953 off 0.3378245403558607 __DUMMY__ 0.31436867838594984	false	1.0
versklavung	neg 1.0	neg 1.0	neg 0.6612378740322905 off 0.189813512328652 __DUMMY__ 0.14894861363905748	false	1.0
schlecht	neg 1.0		off 0.3496242579859113 neg 0.3392729415833954 __DUMMY__ 0.31110280043069327	false	0.5
verhasst	neg 1.0		off 0.34413808873148544 neg 0.3439677898871375 __DUMMY__ 0.3118941213813772	false	0.5
beschweren	neg 1.0		off 0.3454523605617624 neg 0.341574981237352 __DUMMY__ 0.3129726582008856	false	0.5
scheiden	neg 1.0		neg 0.3432602637990231 off 0.34324664986405923 __DUMMY__ 0.31349308633691775	false	1.0
frustriert	neg 1.0		neg 0.34401513751930723 off 0.34172747008425763 __DUMMY__ 0.31425739239643513	false	1.0
schimmelig	neg 1.0		neg 0.3494783515261466 off 0.3380636916672212 __DUMMY__ 0.31245795680663213	false	1.0
fisch	neg 1.0		neg 0.35265526158247273 off 0.33411130472038053 __DUMMY__ 0.3132334336971467	false	1.0
schmuggel	neg 1.0		neg 0.3459622075430274 off 0.3373112442386917 __DUMMY__ 0.31672654821828083	false	1.0
auffallen	neg 1.0		off 0.3456208724234751 neg 0.34202909479308485 __DUMMY__ 0.31235003278344	false	0.5
konkurrenz	neg 1.0		neg 0.3442847383146737 off 0.3390178826853938 __DUMMY__ 0.3166973789999326	false	1.0
teufelskreis	neg 1.0	neg 1.0	neg 0.6618190225119818 off 0.18844481249987155 __DUMMY__ 0.1497361649881466	false	1.0
aufschreien	neg 1.0		off 0.34546211113471276 neg 0.3434424285499952 __DUMMY__ 0.3110954603152921	false	0.5
schuldner	neg 1.0		neg 0.350252621041958 off 0.3365415770324543 __DUMMY__ 0.3132058019255878	false	1.0
missgeburt	off 1.0	off 1.0	off 0.6678066834864594 neg 0.1855043169445941 __DUMMY__ 0.1466889995689464	false	1.0
arbeitslos	neg 1.0		neg 0.3457736722039813 off 0.34001087216093984 __DUMMY__ 0.31421545563507897	false	1.0
befallen	neg 1.0		neg 0.3499319891989565 off 0.33931731534164966 __DUMMY__ 0.31075069545939377	false	1.0
miesepetrig	off 1.0	off 1.0	off 0.6624447185589786 neg 0.18866063271416134 __DUMMY__ 0.1488946487268601	false	1.0
alarmieren	neg 1.0		off 0.34797469680910253 neg 0.34125683612546565 __DUMMY__ 0.3107684670654318	false	0.5
ungeduscht	off 1.0		off 0.3469586007703585 neg 0.34283343448135084 __DUMMY__ 0.3102079647482907	false	1.0
knappheit	neg 1.0		neg 0.3484923856210893 off 0.33910715302921585 __DUMMY__ 0.31240046134969485	false	1.0
schlange	neg 1.0		off 0.3437986190776101 neg 0.3424853919142458 __DUMMY__ 0.3137159890081441	false	0.5
harsch	neg 1.0		off 0.35434979804434236 neg 0.3362205577637009 __DUMMY__ 0.3094296441919567	false	0.5
lang	neg 1.0		off 0.3443431901106083 neg 0.34306347145173605 __DUMMY__ 0.3125933384376557	false	0.5
ziellos	neg 1.0		neg 0.3448436642939762 off 0.3392194199462579 __DUMMY__ 0.31593691575976596	false	1.0
selbstverliebt	neg 1.0		off 0.361831743707515 neg 0.333363154496986 __DUMMY__ 0.30480510179549913	false	0.5
beseitigen	neg 1.0		off 0.34332985231154217 neg 0.34268498460019786 __DUMMY__ 0.31398516308826	false	0.5
dumm	off 1.0		off 0.3559801583244854 neg 0.33729210411994437 __DUMMY__ 0.30672773755557015	false	1.0
arbeitsloser	neg 1.0		off 0.342724852646089 neg 0.34015689908308894 __DUMMY__ 0.31711824827082197	false	0.5
blitzen	neg 1.0		off 0.34661173094773845 neg 0.34278594800278045 __DUMMY__ 0.310602321049481	false	0.5
hilflos	neg 1.0		neg 0.3456528904276369 off 0.34016187552543986 __DUMMY__ 0.3141852340469234	false	1.0
eklig	off 1.0		off 0.3556402259125104 neg 0.3388495149547562 __DUMMY__ 0.30551025913273355	false	1.0
begriff			neg 0.3432559888000813 off 0.3428923606014546 __DUMMY__ 0.3138516505984642	false	0.0
hungersnot	neg 1.0		neg 0.3478324272084517 off 0.3394391959645178 __DUMMY__ 0.3127283768270304	false	1.0
ungesetzlich	neg 1.0		off 0.3454393187579554 neg 0.3426836712483482 __DUMMY__ 0.3118770099936964	false	0.5
verschwendung	neg 1.0		neg 0.34697103385528766 off 0.3381073859613011 __DUMMY__ 0.31492158018341126	false	1.0
schmerzvoll	neg 1.0		off 0.344028916625581 neg 0.34399907531489 __DUMMY__ 0.3119720080595291	false	0.5
vorzeitig	neg 1.0		off 0.35004736909246853 neg 0.33753782321888764 __DUMMY__ 0.3124148076886439	false	0.5
unvollkommenheit	neg 1.0		neg 0.3449751542091292 off 0.3412055992716729 __DUMMY__ 0.313819246519198	false	1.0
intervenieren	neg 1.0		neg 0.34911259430661723 off 0.33767070119152964 __DUMMY__ 0.31321670450185296	false	1.0
banause	off 1.0		off 0.35621049620521955 neg 0.3402747370325478 __DUMMY__ 0.30351476676223255	false	1.0
rebell	neg 1.0		neg 0.35260752490250163 off 0.332692860282233 __DUMMY__ 0.3146996148152653	false	1.0
unlogisch	neg 1.0		off 0.35115093379410794 neg 0.3403818939977613 __DUMMY__ 0.3084671722081308	false	0.5
leiden	neg 1.0		neg 0.3445004631869039 off 0.3383147316358299 __DUMMY__ 0.3171848051772663	false	1.0
abschaffung	neg 1.0		neg 0.3452717975490957 off 0.3432463859017686 __DUMMY__ 0.3114818165491357	false	1.0
sturz	neg 1.0		off 0.34675319149666656 neg 0.33911638579427156 __DUMMY__ 0.31413042270906183	false	0.5
verkleinerung	neg 1.0		neg 0.34602482320318134 off 0.3453532913504457 __DUMMY__ 0.308621885446373	false	1.0
schmarotzer	off 1.0		neg 0.34502706024641094 off 0.34111289660601896 __DUMMY__ 0.31386004314757027	false	0.5
bestrafung	neg 1.0	neg 1.0	neg 0.6597799762438682 off 0.18995501435450415 __DUMMY__ 0.15026500940162765	false	1.0
achtlos	neg 1.0		neg 0.34305393991607547 off 0.342196708731403 __DUMMY__ 0.31474935135252147	false	1.0
ungeheuer	neg 1.0		neg 0.34461386302443564 off 0.34295734059237754 __DUMMY__ 0.31242879638318677	false	1.0
unaufrichtig	neg 1.0		off 0.3477670814066926 neg 0.34094774385867976 __DUMMY__ 0.3112851747346275	false	0.5
groggy	neg 1.0		off 0.3467991314224126 neg 0.341146266678719 __DUMMY__ 0.31205460189886847	false	0.5
verletzlich	neg 1.0		off 0.3470448112122219 neg 0.3442495759470287 __DUMMY__ 0.3087056128407492	false	0.5
ablehnen	neg 1.0		neg 0.3455366400535484 off 0.3401509913383307 __DUMMY__ 0.3143123686081209	false	1.0
