unsolidarisch	neg 1.0		neg 0.48220651863201325 off 0.47853014669123956 __DUMMY__ 0.039263334676747114	false	1.0
nachteilig	neg 1.0		neg 0.48296224239151564 off 0.47723716091263907 __DUMMY__ 0.03980059669584526	false	1.0
skeptisch	neg 1.0		neg 0.48537009282757193 off 0.47487725178776313 __DUMMY__ 0.03975265538466488	false	1.0
schrecklich	neg 1.0		off 0.48707945906693445 neg 0.4740353013050145 __DUMMY__ 0.03888523962805094	false	0.5
schlapp	neg 1.0	neg 1.0	neg 0.7239025344813459 off 0.257561153826172 __DUMMY__ 0.018536311692482127	false	1.0
abfall	neg 1.0		neg 0.48589305506171154 off 0.4739896367131207 __DUMMY__ 0.0401173082251676	false	1.0
widerspenstig	neg 1.0		neg 0.4835288108357804 off 0.4771195575681428 __DUMMY__ 0.03935163159607685	false	1.0
abrupt	neg 1.0		neg 0.48748266540453145 off 0.47290234901636913 __DUMMY__ 0.039614985579099385	false	1.0
unwirksam	neg 1.0		neg 0.4858248425944657 off 0.47519151172078467 __DUMMY__ 0.03898364568474981	false	1.0
angreifen	neg 1.0		neg 0.4856334180808729 off 0.4745582179222476 __DUMMY__ 0.039808363996879356	false	1.0
inkonsistent	neg 1.0		off 0.48043915055080993 neg 0.4803848883771152 __DUMMY__ 0.039175961072074786	false	0.5
abrutschen	neg 1.0		neg 0.4871052749462648 off 0.47284080076542856 __DUMMY__ 0.04005392428830664	false	1.0
unsicher	neg 1.0		neg 0.48068827606345993 off 0.47975333308944046 __DUMMY__ 0.03955839084709955	false	1.0
bauernkind	off 1.0	off 1.0	off 0.7280239614018237 neg 0.2538570665674892 __DUMMY__ 0.018118972030687165	false	1.0
angreifer	neg 1.0		off 0.484468512302162 neg 0.47609192981110554 __DUMMY__ 0.03943955788673238	false	0.5
trennen	neg 1.0		neg 0.4849473964371448 off 0.4751547069323846 __DUMMY__ 0.03989789663047065	false	1.0
schmutz	neg 1.0		off 0.48617542749426845 neg 0.4741164430341864 __DUMMY__ 0.039708129471545096	false	0.5
inkonsistenz	neg 1.0		off 0.48390213428961953 neg 0.4769072604358744 __DUMMY__ 0.039190605274506025	false	0.5
erschreckend	neg 1.0		neg 0.4819985256849448 off 0.4784795984741076 __DUMMY__ 0.039521875840947615	false	1.0
ertrinken	neg 1.0		neg 0.4875863726385582 off 0.4727183326838904 __DUMMY__ 0.03969529467755138	false	1.0
pickelface	off 1.0		neg 0.48148191801942963 off 0.47912700641319994 __DUMMY__ 0.03939107556737039	false	0.5
seiner			neg 0.4842987994020159 off 0.475827335028622 __DUMMY__ 0.03987386556936209	false	0.0
lauch	neg 1.0	neg 1.0	neg 0.7300506305186715 off 0.251030125634431 __DUMMY__ 0.01891924384689759	false	1.0
unwichtig	neg 1.0		off 0.48311875290533984 neg 0.4777529985243605 __DUMMY__ 0.03912824857029957	false	0.5
steuerhinterziehung	neg 1.0		neg 0.4832108946107748 off 0.47739674077905814 __DUMMY__ 0.039392364610167	false	1.0
schock	neg 1.0		neg 0.48257749522144644 off 0.47782712243954306 __DUMMY__ 0.039595382339010554	false	1.0
beule	neg 1.0		off 0.4849407419594499 neg 0.476117838584065 __DUMMY__ 0.03894141945648512	false	0.5
vergelten	neg 1.0		off 0.4892006009308733 neg 0.4718530044680144 __DUMMY__ 0.03894639460111242	false	0.5
verdorbenheit	neg 1.0		neg 0.4810334365442215 off 0.4796235156616533 __DUMMY__ 0.03934304779412519	false	1.0
trauma	neg 1.0		neg 0.48109020517481144 off 0.47960527242837836 __DUMMY__ 0.039304522396810156	false	1.0
sinnlos	neg 1.0		off 0.48080193820723327 neg 0.47985599270220813 __DUMMY__ 0.03934206909055855	false	0.5
fettsack	off 1.0	off 1.0	off 0.7292844392331148 neg 0.2525725640248282 __DUMMY__ 0.018142996742056824	false	1.0
feige	off 1.0	off 1.0	off 0.7272334086234321 neg 0.2543147805288011 __DUMMY__ 0.018451810847766807	false	1.0
abdanken	neg 1.0		neg 0.48162734295103743 off 0.4788659291504385 __DUMMY__ 0.039506727898524135	false	1.0
wichtigtuer	off 1.0	off 1.0	off 0.7265043831300662 neg 0.25485646767281966 __DUMMY__ 0.018639149197114204	false	1.0
misslingen	neg 1.0	neg 1.0	neg 0.7229429711273043 off 0.25814376960971486 __DUMMY__ 0.018913259262980816	false	1.0
untreu	off 1.0		off 0.48419538093926195 neg 0.4767550456357818 __DUMMY__ 0.039049573424956414	false	1.0
missmutig	neg 1.0		off 0.4819437371288454 neg 0.4788619424551861 __DUMMY__ 0.03919432041596843	false	0.5
hurenbock	off 1.0		neg 0.48558626731567134 off 0.47537664527877177 __DUMMY__ 0.03903708740555689	false	0.5
betrunken	neg 1.0		off 0.48593603098550636 neg 0.4751337859949773 __DUMMY__ 0.038930183019516285	false	0.5
korrupt	off 1.0		neg 0.48413264557318886 off 0.4764919274806605 __DUMMY__ 0.0393754269461506	false	0.5
unmut	neg 1.0		neg 0.4867979355156541 off 0.47333418924842857 __DUMMY__ 0.0398678752359172	false	1.0
hackfresse	off 1.0		off 0.4910051532918955 neg 0.47040748538136845 __DUMMY__ 0.03858736132673602	false	1.0
aufblasen	neg 1.0		neg 0.48106813922979885 off 0.4794833362929685 __DUMMY__ 0.03944852447723264	false	1.0
gewaltsam	neg 1.0		neg 0.4817888356428621 off 0.4787257509917853 __DUMMY__ 0.039485413365352474	false	1.0
unbeliebtheit	neg 1.0		off 0.4844835119361739 neg 0.4764525856473087 __DUMMY__ 0.039063902416517526	false	0.5
sturheit	neg 1.0		neg 0.4807519295274519 off 0.47960465429496857 __DUMMY__ 0.03964341617757961	false	1.0
kuh	neg 1.0		neg 0.4858884937382662 off 0.47548846702090714 __DUMMY__ 0.03862303924082678	false	1.0
erschrecken	neg 1.0		off 0.48312431259926636 neg 0.47761829684260076 __DUMMY__ 0.0392573905581329	false	0.5
opfer	neg 1.0		neg 0.4821892621300664 off 0.4779566440300577 __DUMMY__ 0.03985409383987586	false	1.0
sinken	neg 1.0		neg 0.48754638443509885 off 0.4727315889786061 __DUMMY__ 0.03972202658629508	false	1.0
stinktier	neg 1.0		off 0.4850207005920646 neg 0.47664618176747836 __DUMMY__ 0.03833311764045693	false	0.5
tucke	off 1.0		off 0.4893855519793124 neg 0.47250238257488386 __DUMMY__ 0.038112065445803665	false	1.0
ein			neg 0.48386099010156736 off 0.47678103906893526 __DUMMY__ 0.0393579708294973	false	0.0
abstieg	neg 1.0		off 0.4809942699119038 neg 0.47904734973279794 __DUMMY__ 0.03995838035529841	false	0.5
missverstehen	neg 1.0		off 0.481548853655271 neg 0.4791712767080854 __DUMMY__ 0.03927986963664351	false	0.5
ergebnislos	neg 1.0		neg 0.4826521933680091 off 0.47749953842742676 __DUMMY__ 0.03984826820456421	false	1.0
unter			neg 0.48865478115101146 off 0.4709140205291931 __DUMMY__ 0.04043119831979539	false	0.0
manipulieren	neg 1.0		neg 0.48357707675745054 off 0.4765660170825931 __DUMMY__ 0.039856906159956344	false	1.0
unbewiesen	neg 1.0	neg 1.0	neg 0.7257289312402072 off 0.2555854148099103 __DUMMY__ 0.018685653949882582	false	1.0
verschleppen	neg 1.0		neg 0.4842070442691187 off 0.4762184358254437 __DUMMY__ 0.0395745199054376	false	1.0
weib	off 1.0		off 0.49117146538734485 neg 0.4705434390720089 __DUMMY__ 0.038285095540646207	false	1.0
opposition	neg 1.0		neg 0.4819501420217764 off 0.47886585160101486 __DUMMY__ 0.03918400637720888	false	1.0
verkehrswidrig	neg 1.0	neg 1.0	neg 0.719829551293184 off 0.2616459852565701 __DUMMY__ 0.01852446345024578	false	1.0
inkorrekt	neg 1.0		off 0.4864528915391331 neg 0.4746970876390527 __DUMMY__ 0.03885002082181408	false	0.5
vermeiden	neg 1.0		neg 0.4874374319205097 off 0.4724740407681746 __DUMMY__ 0.040088527311315576	false	1.0
abweichung	neg 1.0	neg 1.0	neg 0.7256395025855313 off 0.2554224186382688 __DUMMY__ 0.0189380787761998	false	1.0
alkoholisiert	neg 1.0		neg 0.4827322230464722 off 0.47726675216722225 __DUMMY__ 0.04000102478630566	false	1.0
scheiss	off 1.0	off 1.0	off 0.7278177308212045 neg 0.2537995470868574 __DUMMY__ 0.018382722091938124	false	1.0
herausforderung	neg 1.0		neg 0.4822728237839504 off 0.47800313445211834 __DUMMY__ 0.039724041763931385	false	1.0
pervers	off 1.0		off 0.49394046282115844 neg 0.4678506557110402 __DUMMY__ 0.038208881467801346	false	1.0
wackelig	neg 1.0		neg 0.48231449845979457 off 0.4779521750425178 __DUMMY__ 0.03973332649768755	false	1.0
verwickeln	neg 1.0		off 0.4805274145368036 neg 0.4801570695284753 __DUMMY__ 0.039315515934721164	false	0.5
vorwand	neg 1.0		neg 0.4862192996528539 off 0.4739724837931028 __DUMMY__ 0.03980821655404338	false	1.0
muschi	off 1.0		neg 0.48159056305294284 off 0.47888506893506944 __DUMMY__ 0.039524368011987644	false	0.5
entmutigung	neg 1.0		neg 0.4810914107954931 off 0.4797693274064318 __DUMMY__ 0.03913926179807518	false	1.0
unangemessen	neg 1.0		neg 0.48162809804600415 off 0.47876710677621653 __DUMMY__ 0.03960479517777932	false	1.0
unstetig	neg 1.0		off 0.48283075154489624 neg 0.4779614508046408 __DUMMY__ 0.03920779765046291	false	0.5
entmutigen	neg 1.0		neg 0.4803923625088626 off 0.4801794928335282 __DUMMY__ 0.039428144657609264	false	1.0
schwanz	neg 1.0		neg 0.48439763426196725 off 0.476052819081957 __DUMMY__ 0.03954954665607568	false	1.0
verbot	neg 1.0		neg 0.48443026123887545 off 0.4761695342733154 __DUMMY__ 0.039400204487809225	false	1.0
leid	neg 1.0		off 0.4880403808564407 neg 0.47322801923622265 __DUMMY__ 0.038731599907336704	false	0.5
archaisch	neg 1.0		neg 0.4834303103340612 off 0.47708293129961965 __DUMMY__ 0.03948675836631914	false	1.0
gegen			neg 0.4844912402738741 off 0.475500663037185 __DUMMY__ 0.0400080966889409	false	0.0
scheidung	neg 1.0		off 0.50116640665301 neg 0.4604065664621211 __DUMMY__ 0.038427026884868855	false	0.5
einschlag	neg 1.0		off 0.48946467581913045 neg 0.4714649992362541 __DUMMY__ 0.03907032494461543	false	0.5
m			neg 0.48282773469722545 off 0.4775440369009151 __DUMMY__ 0.03962822840185942	false	0.0
abgestanden	neg 1.0		neg 0.4871075050892684 off 0.47396259419421655 __DUMMY__ 0.03892990071651505	false	1.0
schmierig	off 1.0		off 0.4878810225375598 neg 0.4733554252969435 __DUMMY__ 0.038763552165496575	false	1.0
unpraktisch	neg 1.0		off 0.48114126715578603 neg 0.47941155605917934 __DUMMY__ 0.039447176785034684	false	0.5
wixxer	off 1.0		off 0.4930621848677842 neg 0.46886753041264645 __DUMMY__ 0.03807028471956929	false	1.0
bezeichnet			neg 0.4805139220608006 off 0.4799780494397259 __DUMMY__ 0.03950802849947354	false	0.0
jammerlappen	off 1.0		off 0.48380520337360616 neg 0.4770413265952731 __DUMMY__ 0.039153470031120734	false	1.0
farce	neg 1.0		neg 0.48316300908814697 off 0.477544401213072 __DUMMY__ 0.03929258969878119	false	1.0
zwecklos	neg 1.0		neg 0.483486130463237 off 0.4769407550476812 __DUMMY__ 0.0395731144890818	false	1.0
turbulent	neg 1.0		off 0.48520598286728767 neg 0.47584489285524667 __DUMMY__ 0.03894912427746578	false	0.5
invasion	neg 1.0		off 0.48149945906665953 neg 0.4792018854811678 __DUMMY__ 0.03929865545217266	false	0.5
schuld	neg 1.0		neg 0.48032428439863656 off 0.48027834036802725 __DUMMY__ 0.039397375233336064	false	1.0
risiko	neg 1.0		neg 0.4820143591084467 off 0.47886427435917966 __DUMMY__ 0.03912136653237363	false	1.0
finster	neg 1.0		neg 0.48346606166875183 off 0.47722340417171993 __DUMMY__ 0.03931053415952829	false	1.0
geisteskrank	off 1.0		off 0.4855557863346649 neg 0.47549450720056147 __DUMMY__ 0.038949706464773776	false	1.0
zusammenbrechen	neg 1.0		neg 0.48342281023213607 off 0.4770214993013052 __DUMMY__ 0.03955569046655859	false	1.0
ausbeute	neg 1.0		off 0.4803887913789977 neg 0.4798636027163132 __DUMMY__ 0.03974760590468911	false	0.5
hinterhalt	neg 1.0		neg 0.48348242259686197 off 0.47705430663361903 __DUMMY__ 0.0394632707695189	false	1.0
kritik	neg 1.0		neg 0.4835898417382261 off 0.4771163356370623 __DUMMY__ 0.03929382262471161	false	1.0
einschrumpfen	neg 1.0		off 0.4813968585315255 neg 0.4797151785249429 __DUMMY__ 0.038887962943531515	false	0.5
riskant	neg 1.0		neg 0.48582553519694066 off 0.4744893288965505 __DUMMY__ 0.03968513590650893	false	1.0
frustrieren	neg 1.0		neg 0.4856347725172905 off 0.47478353646394333 __DUMMY__ 0.03958169101876628	false	1.0
groll	neg 1.0		neg 0.48202715759968096 off 0.4783004471507252 __DUMMY__ 0.03967239524959372	false	1.0
gibt			neg 0.48290003939534903 off 0.47744011974234096 __DUMMY__ 0.0396598408623099	false	0.0
qualvoll	neg 1.0		off 0.480915524942343 neg 0.4797642907270633 __DUMMY__ 0.0393201843305936	false	0.5
wackeln	neg 1.0		neg 0.48134656019684485 off 0.47914954261864157 __DUMMY__ 0.03950389718451365	false	1.0
klagen	neg 1.0		neg 0.48667858872069614 off 0.4735844560214172 __DUMMY__ 0.03973695525788679	false	1.0
bankrott	neg 1.0		off 0.48421272834845597 neg 0.4765195847678712 __DUMMY__ 0.03926768688367279	false	0.5
trauern	neg 1.0		neg 0.48158215589305653 off 0.4783778870688318 __DUMMY__ 0.04003995703811159	false	1.0
ablehnung	neg 1.0		neg 0.4836704972500162 off 0.47695977122101835 __DUMMY__ 0.03936973152896556	false	1.0
stur	neg 1.0		neg 0.481047527707588 off 0.47961975180211536 __DUMMY__ 0.03933272049029662	false	1.0
aufruhr	neg 1.0	neg 1.0	neg 0.7263055338999195 off 0.2549855238513773 __DUMMY__ 0.018708942248703207	false	1.0
melancholie	neg 1.0		neg 0.48721590817532384 off 0.47319632876125467 __DUMMY__ 0.03958776306342152	false	1.0
ist			off 0.48078563930677876 neg 0.4798394659773077 __DUMMY__ 0.039374894715913614	false	0.0
torheit	neg 1.0		off 0.4803854515653637 neg 0.4802245839785096 __DUMMY__ 0.03938996445612661	false	0.5
dreckskind	off 1.0		off 0.4911590649547079 neg 0.4704087268488801 __DUMMY__ 0.03843220819641196	false	1.0
umtauschen	neg 1.0		neg 0.48244883746246087 off 0.47809994026446906 __DUMMY__ 0.03945122227307016	false	1.0
zum			neg 0.48320002106765886 off 0.476356816900287 __DUMMY__ 0.04044316203205425	false	0.0
zersetzen	neg 1.0		neg 0.48641242293632725 off 0.473940920708612 __DUMMY__ 0.039646656355060685	false	1.0
zur			neg 0.48694383054886164 off 0.4729413736267655 __DUMMY__ 0.04011479582437273	false	0.0
frust	neg 1.0		neg 0.48311748309024455 off 0.4772675657782196 __DUMMY__ 0.03961495113153597	false	1.0
unerbittlichkeit	neg 1.0		neg 0.48401095879970635 off 0.47623714626996255 __DUMMY__ 0.03975189493033097	false	1.0
zwei			neg 0.4869063446894096 off 0.4729169736326632 __DUMMY__ 0.040176681677927144	false	0.0
unkorrekt	neg 1.0		off 0.48489089525572787 neg 0.47623639600956175 __DUMMY__ 0.03887270873471046	false	0.5
hexe	off 1.0		off 0.480982506549066 neg 0.48010846090896075 __DUMMY__ 0.0389090325419733	false	1.0
lasch	neg 1.0		off 0.483116861856904 neg 0.47766880585884397 __DUMMY__ 0.03921433228425187	false	0.5
rivale	neg 1.0		off 0.48717076716865876 neg 0.47394306972705086 __DUMMY__ 0.038886163104290224	false	0.5
mutlos	off 1.0	off 1.0	off 0.7237207400359311 neg 0.2574731597636761 __DUMMY__ 0.018806100200392695	false	1.0
wirr	off 1.0		off 0.487259252100508 neg 0.47393663450387113 __DUMMY__ 0.038804113395620926	false	1.0
jahr			neg 0.4808315259744374 off 0.4790315686484077 __DUMMY__ 0.04013690537715499	false	0.0
wird			neg 0.48325591823316044 off 0.4770419357908024 __DUMMY__ 0.03970214597603711	false	0.0
strafbar	neg 1.0		neg 0.48428786982206945 off 0.47597312747987625 __DUMMY__ 0.03973900269805431	false	1.0
erosion	neg 1.0		neg 0.48119830189272433 off 0.47934758562305907 __DUMMY__ 0.039454112484216604	false	1.0
eingehen	neg 1.0		neg 0.4855008444549317 off 0.47488416414924123 __DUMMY__ 0.039614991395826984	false	1.0
faul	off 1.0		off 0.4827770367080414 neg 0.47805545332006444 __DUMMY__ 0.03916750997189419	false	1.0
provisorium	neg 1.0		neg 0.48820718438472355 off 0.4713338850307989 __DUMMY__ 0.040458930584477554	false	1.0
schmerzen	neg 1.0		neg 0.4833418308440194 off 0.4772112625095623 __DUMMY__ 0.03944690664641822	false	1.0
schrumpfen	neg 1.0		neg 0.4898089971560626 off 0.4703419560591906 __DUMMY__ 0.03984904678474685	false	1.0
geistlos	off 1.0		neg 0.4804769453361618 off 0.480395606831746 __DUMMY__ 0.03912744783209224	false	0.5
fehlkauf	neg 1.0		neg 0.4806622080097384 off 0.4801683823845414 __DUMMY__ 0.03916940960572022	false	1.0
frustrierend	neg 1.0		off 0.4825662041107427 neg 0.47821472539628107 __DUMMY__ 0.039219070492976175	false	0.5
unzufrieden	neg 1.0		neg 0.48345940212759986 off 0.4769348145197751 __DUMMY__ 0.039605783352625074	false	1.0
verzweifeln	neg 1.0		neg 0.48174942044133634 off 0.47867023521658797 __DUMMY__ 0.03958034434207575	false	1.0
verzweifelt	neg 1.0		neg 0.48032783760339065 off 0.4802857496940911 __DUMMY__ 0.039386412702518324	false	1.0
misstrauensantrag	neg 1.0		off 0.48074930754697304 neg 0.4799575577411779 __DUMMY__ 0.03929313471184902	false	0.5
abfallen	neg 1.0		neg 0.4817832550517843 off 0.47880801589014116 __DUMMY__ 0.03940872905807454	false	1.0
fucker	off 1.0		off 0.48710537285958666 neg 0.4739128731358574 __DUMMY__ 0.03898175400455601	false	1.0
ungezogen	neg 1.0		off 0.49240165960281823 neg 0.4691996262585687 __DUMMY__ 0.03839871413861306	false	0.5
irrsinnig	neg 1.0	neg 1.0	neg 0.7261199807713631 off 0.25521757017736346 __DUMMY__ 0.018662449051273483	false	1.0
unfassbar	neg 1.0		off 0.48479102012235775 neg 0.4760950972224589 __DUMMY__ 0.03911388265518337	false	0.5
hart	neg 1.0		neg 0.4807392683468054 off 0.48060628484670725 __DUMMY__ 0.0386544468064873	false	1.0
widerlich	off 1.0		off 0.48466805015088327 neg 0.47631866333127604 __DUMMY__ 0.03901328651784059	false	1.0
fatal	neg 1.0	neg 1.0	neg 0.7266040265085356 off 0.2549076945133294 __DUMMY__ 0.018488278978134896	false	1.0
bruch	neg 1.0		neg 0.48498095850723333 off 0.47496049987383077 __DUMMY__ 0.040058541618935926	false	1.0
aushungern	neg 1.0		neg 0.48446696017418506 off 0.476159591724927 __DUMMY__ 0.03937344810088801	false	1.0
anspannung	neg 1.0		neg 0.48580433780138704 off 0.47393523184642905 __DUMMY__ 0.040260430352183935	false	1.0
von			neg 0.48516997554985253 off 0.4749717988805046 __DUMMY__ 0.03985822556964275	false	0.0
kraftlos	neg 1.0		neg 0.48341098003676564 off 0.47692226758267525 __DUMMY__ 0.03966675238055917	false	1.0
vom			neg 0.48601162644243806 off 0.47340195980541666 __DUMMY__ 0.04058641375214521	false	0.0
grenzdebil	off 1.0		off 0.4841418884643147 neg 0.4768598632092349 __DUMMY__ 0.03899824832645039	false	1.0
vor			neg 0.4861127112729377 off 0.47395249926046307 __DUMMY__ 0.03993478946659912	false	0.0
unterwerfen	neg 1.0		neg 0.4838017021799819 off 0.47649873122834413 __DUMMY__ 0.03969956659167396	false	1.0
versenkung	neg 1.0		neg 0.4840107895421112 off 0.476228051221058 __DUMMY__ 0.0397611592368308	false	1.0
entziehen	neg 1.0		neg 0.4862834536039866 off 0.4738996663877488 __DUMMY__ 0.039816880008264756	false	1.0
finanzkrise	neg 1.0		neg 0.48720636107141563 off 0.4738089836121697 __DUMMY__ 0.03898465531641473	false	1.0
schimpfend	neg 1.0		off 0.48089519365424915 neg 0.4795927181931122 __DUMMY__ 0.03951208815263856	false	0.5
profan	neg 1.0		off 0.48104485879797565 neg 0.47966586751772156 __DUMMY__ 0.039289273684302906	false	0.5
korruption	neg 1.0		neg 0.48480520856010423 off 0.4757837587256233 __DUMMY__ 0.039411032714272515	false	1.0
â			neg 0.484104635761708 off 0.47629671477960867 __DUMMY__ 0.03959864945868338	false	0.0
schmutzig	neg 1.0		off 0.48482209997485937 neg 0.47613640160764253 __DUMMY__ 0.03904149841749796	false	0.5
sexy	neg 1.0		off 0.4831181211446603 neg 0.4776093255477166 __DUMMY__ 0.03927255330762305	false	0.5
abraten	neg 1.0		off 0.48131501403719273 neg 0.4792993070213076 __DUMMY__ 0.039385678941499615	false	0.5
schwarz	neg 1.0		off 0.48114697592564243 neg 0.4795324397865116 __DUMMY__ 0.039320584287845864	false	0.5
fotze	off 1.0	off 1.0	off 0.7240342942002919 neg 0.2571883278165354 __DUMMY__ 0.0187773779831727	false	1.0
verwirren	neg 1.0		off 0.48168855819621254 neg 0.47899442515135426 __DUMMY__ 0.03931701665243313	false	0.5
zahnlos	off 1.0		neg 0.48269213933549526 off 0.47776256627185676 __DUMMY__ 0.03954529439264804	false	0.5
verheeren	neg 1.0		off 0.4944329700059939 neg 0.4671562057084635 __DUMMY__ 0.03841082428554257	false	0.5
hippie	neg 1.0		off 0.4823027999297438 neg 0.47845414381057966 __DUMMY__ 0.03924305625967657	false	0.5
rammen	neg 1.0		neg 0.48091253304176546 off 0.4796752374514105 __DUMMY__ 0.03941222950682418	false	1.0
unlauter	neg 1.0		neg 0.48080327845920867 off 0.4799787874258166 __DUMMY__ 0.03921793411497471	false	1.0
unheilvoll	neg 1.0		neg 0.48112958702709013 off 0.47955418630251395 __DUMMY__ 0.039316226670396005	false	1.0
niedrig	neg 1.0		neg 0.4858032945441664 off 0.4747318392836274 __DUMMY__ 0.0394648661722063	false	1.0
explosion	neg 1.0		off 0.4824766474379272 neg 0.47825165704745853 __DUMMY__ 0.03927169551461433	false	0.5
weichei	off 1.0	off 1.0	off 0.7297095307629548 neg 0.25205032543372397 __DUMMY__ 0.01824014380332136	false	1.0
minusmensch	off 1.0		off 0.49318683364490273 neg 0.4684891086782519 __DUMMY__ 0.03832405767684538	false	1.0
farblos	neg 1.0		neg 0.48213892242473644 off 0.47863283688252245 __DUMMY__ 0.03922824069274112	false	1.0
unwissend	neg 1.0	neg 1.0	neg 0.7246849808095981 off 0.2568169022408289 __DUMMY__ 0.01849811694957306	false	1.0
traurig	neg 1.0		off 0.4866542412949716 neg 0.47443830971937634 __DUMMY__ 0.03890744898565203	false	0.5
senkung	neg 1.0		neg 0.4824498138682578 off 0.47860043299635274 __DUMMY__ 0.03894975313538954	false	1.0
ungleich	neg 1.0	neg 1.0	neg 0.7276915493474805 off 0.2534805889940416 __DUMMY__ 0.018827861658477902	false	1.0
heikel	neg 1.0		neg 0.4849431655195088 off 0.47532242463335367 __DUMMY__ 0.03973440984713756	false	1.0
drosselung	neg 1.0		off 0.4815461999801987 neg 0.4797456238336781 __DUMMY__ 0.038708176186123176	false	0.5
falsch	neg 1.0		off 0.4831735151751216 neg 0.4775817957435558 __DUMMY__ 0.03924468908132258	false	0.5
unzufriedenheit	neg 1.0		neg 0.48673525746095675 off 0.4736514911030329 __DUMMY__ 0.039613251436010334	false	1.0
kurz	neg 1.0		neg 0.481903084848887 off 0.47838416716433546 __DUMMY__ 0.039712747986777604	false	1.0
unsinnig	neg 1.0		neg 0.48363565787475704 off 0.4769763978186954 __DUMMY__ 0.03938794430654772	false	1.0
penner	off 1.0	off 1.0	off 0.730951681728991 neg 0.2508292933045461 __DUMMY__ 0.0182190249664629	false	1.0
seicht	neg 1.0		off 0.4898301182486551 neg 0.471898727265727 __DUMMY__ 0.03827115448561794	false	0.5
dummheit	off 1.0	off 1.0	off 0.725805978785536 neg 0.2556406084166181 __DUMMY__ 0.01855341279784596	false	1.0
unerfreulich	neg 1.0		neg 0.48494562723956847 off 0.4752804664873301 __DUMMY__ 0.03977390627310147	false	1.0
motherfucker	off 1.0	off 1.0	off 0.7287236712833702 neg 0.25282985959104776 __DUMMY__ 0.018446469125581996	false	1.0
pikiert	neg 1.0	neg 1.0	neg 0.7245164457847034 off 0.25700582261041277 __DUMMY__ 0.018477731604883814	false	1.0
wrack	neg 1.0		off 0.48214931053986987 neg 0.4778159929899639 __DUMMY__ 0.040034696470166255	false	0.5
gangster	neg 1.0		off 0.48241374913647495 neg 0.47836529467474515 __DUMMY__ 0.039220956188779875	false	0.5
krank	neg 1.0	neg 1.0	neg 0.7230656260418046 off 0.258396345047712 __DUMMY__ 0.018538028910483534	false	1.0
reich	neg 1.0		off 0.48083768293019397 neg 0.48020435381607524 __DUMMY__ 0.03895796325373083	false	0.5
gnadenlos	neg 1.0		off 0.48069409108843697 neg 0.47983003363461013 __DUMMY__ 0.03947587527695299	false	0.5
niedergeschlagen	neg 1.0		neg 0.4825497291345731 off 0.4777434289104285 __DUMMY__ 0.039706841954998455	false	1.0
terrorisieren	off 1.0	off 1.0	off 0.7233961218045828 neg 0.25773663108488637 __DUMMY__ 0.018867247110530932	false	1.0
sinnlosigkeit	neg 1.0		neg 0.48277766771240227 off 0.4776260904318498 __DUMMY__ 0.03959624185574802	false	1.0
behindern	neg 1.0		neg 0.4825563714797627 off 0.4780540901824831 __DUMMY__ 0.039389538337754035	false	1.0
undemokratisch	neg 1.0		off 0.48049749074460496 neg 0.480263527839944 __DUMMY__ 0.039238981415451034	false	0.5
wirtschaftskrise	neg 1.0		neg 0.4868566835395044 off 0.4738651837377992 __DUMMY__ 0.03927813272269652	false	1.0
neid	neg 1.0		off 0.4820907391411455 neg 0.478673067716562 __DUMMY__ 0.039236193142292486	false	0.5
rutschen	neg 1.0		neg 0.48744325231029134 off 0.47239395634271436 __DUMMY__ 0.04016279134699428	false	1.0
rezession	neg 1.0		off 0.4832138599047013 neg 0.47827217914239895 __DUMMY__ 0.03851396095289983	false	0.5
fehlgeburt	neg 1.0		off 0.4811112922010398 neg 0.4793078088980737 __DUMMY__ 0.03958089890088648	false	0.5
charakterschwach	off 1.0		off 0.48392271925205227 neg 0.4770667540895795 __DUMMY__ 0.03901052665836831	false	1.0
isolation	neg 1.0		off 0.48362817095365385 neg 0.4770738548060889 __DUMMY__ 0.039297974240257244	false	0.5
ablenkung	neg 1.0		neg 0.4805165164296181 off 0.47989628208272755 __DUMMY__ 0.03958720148765433	false	1.0
pech	neg 1.0		off 0.48318210345688056 neg 0.47762266439610246 __DUMMY__ 0.03919523214701687	false	0.5
vermeidung	neg 1.0		off 0.48377729190644697 neg 0.47727236039792326 __DUMMY__ 0.03895034769562968	false	0.5
dominieren	neg 1.0		neg 0.48146569389064847 off 0.478883258611621 __DUMMY__ 0.039651047497730525	false	1.0
schwindlig	neg 1.0		neg 0.4803645109980824 off 0.4803616439758887 __DUMMY__ 0.03927384502602897	false	1.0
lutscher	neg 1.0	neg 1.0	neg 0.720391700421897 off 0.26157732284368396 __DUMMY__ 0.01803097673441896	false	1.0
pflicht	neg 1.0		neg 0.48479061053449196 off 0.4752815460736147 __DUMMY__ 0.039927843391893286	false	1.0
faschist	off 1.0		off 0.4826418713659694 neg 0.478133753001731 __DUMMY__ 0.03922437563229947	false	1.0
verschleudern	neg 1.0		neg 0.4876656121829053 off 0.472958250491097 __DUMMY__ 0.03937613732599783	false	1.0
wenn			off 0.48344217098530445 neg 0.47739468512948857 __DUMMY__ 0.03916314388520702	false	0.0
ehebruch	neg 1.0		neg 0.48382167472170845 off 0.4765537116163532 __DUMMY__ 0.039624613661938445	false	1.0
spott	off 1.0		neg 0.4829061488101878 off 0.47736746009898745 __DUMMY__ 0.03972639109082472	false	0.5
trostlosigkeit	neg 1.0		neg 0.4880452814424895 off 0.4723048233913606 __DUMMY__ 0.03964989516614999	false	1.0
lutschen	neg 1.0		off 0.4823522311921379 neg 0.47852025780572144 __DUMMY__ 0.03912751100214076	false	0.5
undiszipliniert	neg 1.0		off 0.4863323874504474 neg 0.4746968195195402 __DUMMY__ 0.03897079303001245	false	0.5
kopfschmerz	neg 1.0		neg 0.48630803370690284 off 0.47424077917186147 __DUMMY__ 0.03945118712123584	false	1.0
unvorhergesehen	neg 1.0		neg 0.48499597567269676 off 0.47513041061606964 __DUMMY__ 0.03987361371123365	false	1.0
desinteressiert	neg 1.0		off 0.4851899927582768 neg 0.47585201054090226 __DUMMY__ 0.038957996700820965	false	0.5
armselig	off 1.0		off 0.48757657902126816 neg 0.473558640964137 __DUMMY__ 0.03886478001459478	false	1.0
desaster	neg 1.0		neg 0.4873364293243224 off 0.47288184655751464 __DUMMY__ 0.03978172411816291	false	1.0
tod	neg 1.0		neg 0.48325752174880876 off 0.4769679916146905 __DUMMY__ 0.03977448663650091	false	1.0
herzlos	neg 1.0		off 0.48685320964548723 neg 0.4742765289551757 __DUMMY__ 0.038870261399337094	false	0.5
unwissenheit	neg 1.0		neg 0.48366382758703286 off 0.4767736917054548 __DUMMY__ 0.039562480707512455	false	1.0
widersinnig	neg 1.0		neg 0.48404203974074056 off 0.4766222777298015 __DUMMY__ 0.03933568252945795	false	1.0
bedenklich	neg 1.0		neg 0.48485741639528646 off 0.47557076939083387 __DUMMY__ 0.03957181421387964	false	1.0
beanstanden	neg 1.0		neg 0.48405148679046256 off 0.47604010138210423 __DUMMY__ 0.03990841182743327	false	1.0
panisch	neg 1.0		off 0.48196911547167753 neg 0.4785746224942946 __DUMMY__ 0.03945626203402786	false	0.5
debil	off 1.0		neg 0.49064157243155626 off 0.4692071006178698 __DUMMY__ 0.040151326950573885	false	0.5
abstrich	neg 1.0		neg 0.48476975605738465 off 0.47588551277963465 __DUMMY__ 0.039344731162980595	false	1.0
primitiv	neg 1.0		off 0.48576270277127565 neg 0.475241893123704 __DUMMY__ 0.038995404105020295	false	0.5
abschaum	off 1.0	off 1.0	off 0.7282365433645045 neg 0.2531902112297438 __DUMMY__ 0.0185732454057518	false	1.0
provozieren	neg 1.0		neg 0.4810325313806389 off 0.4796008048681126 __DUMMY__ 0.03936666375124844	false	1.0
tot	neg 1.0		neg 0.4845997066843671 off 0.4759529190116708 __DUMMY__ 0.03944737430396219	false	1.0
instabil	neg 1.0		off 0.4875673681742725 neg 0.4736297126181399 __DUMMY__ 0.038802919207587605	false	0.5
schwuchtel	off 1.0	off 1.0	off 0.733800754530137 neg 0.24828237716952986 __DUMMY__ 0.017916868300333164	false	1.0
zerren	neg 1.0		neg 0.4824223403896066 off 0.477850961884399 __DUMMY__ 0.039726697725994464	false	1.0
kinderficker	off 1.0		off 0.48928040309175025 neg 0.47204015614619066 __DUMMY__ 0.03867944076205904	false	1.0
gefahr	neg 1.0		neg 0.4851069635727873 off 0.4750508320261991 __DUMMY__ 0.039842204401013534	false	1.0
rabiat	neg 1.0		neg 0.48303636883934614 off 0.47753413809397466 __DUMMY__ 0.03942949306667936	false	1.0
verlangsamung	neg 1.0		off 0.4904672553618966 neg 0.47100191713593764 __DUMMY__ 0.03853082750216572	false	0.5
ausgestorben	neg 1.0		neg 0.4819776928054227 off 0.47844566869156074 __DUMMY__ 0.03957663850301673	false	1.0
anklagen	neg 1.0		neg 0.48273379762250934 off 0.4777206847997522 __DUMMY__ 0.03954551757773847	false	1.0
trott	neg 1.0		neg 0.4814823245477425 off 0.4790590855507839 __DUMMY__ 0.03945858990147348	false	1.0
verminderung	neg 1.0		off 0.48429109406652426 neg 0.476722124027183 __DUMMY__ 0.03898678190629285	false	0.5
nach			neg 0.48734994283327565 off 0.4723129485457785 __DUMMY__ 0.040337108620945916	false	0.0
rost	neg 1.0		off 0.49421976337986284 neg 0.4670786426666092 __DUMMY__ 0.03870159395352797	false	0.5
destruktiv	neg 1.0		neg 0.48200317987543334 off 0.4785749074746819 __DUMMY__ 0.039421912649884594	false	1.0
unzumutbarkeit	neg 1.0		off 0.4847903146286941 neg 0.47615734239717855 __DUMMY__ 0.03905234297412737	false	0.5
labil	off 1.0	off 1.0	off 0.7270977745908481 neg 0.2543813354367269 __DUMMY__ 0.018520889972424955	false	1.0
ziemlich	neg 1.0		off 0.4849201428690972 neg 0.4759131356404047 __DUMMY__ 0.03916672149049808	false	0.5
lachnummer	off 1.0		off 0.48037323526662673 neg 0.48011423636535033 __DUMMY__ 0.03951252836802291	false	1.0
oder			off 0.48070371832050895 neg 0.4797509713961894 __DUMMY__ 0.03954531028330172	false	0.0
verfall	neg 1.0		neg 0.49002764938196985 off 0.47015837340383826 __DUMMY__ 0.03981397721419179	false	1.0
ausgrenzung	neg 1.0		neg 0.4806425468443017 off 0.48014287759424834 __DUMMY__ 0.03921457556144996	false	1.0
unordnung	neg 1.0		off 0.48705689031082905 neg 0.47424223684085826 __DUMMY__ 0.038700872848312695	false	0.5
fehlverhalten	neg 1.0		neg 0.484443787314361 off 0.4758275339216576 __DUMMY__ 0.039728678763981534	false	1.0
eine			neg 0.48616729407797754 off 0.47398040673979025 __DUMMY__ 0.039852299182232286	false	0.0
nille	neg 1.0		neg 0.48115358665308433 off 0.479400503029164 __DUMMY__ 0.03944591031775166	false	1.0
qual	neg 1.0		neg 0.4821015918137271 off 0.4784495353936617 __DUMMY__ 0.039448872792611174	false	1.0
verschwenden	neg 1.0		neg 0.4862958785549854 off 0.4741075126385693 __DUMMY__ 0.03959660880644536	false	1.0
riesig	neg 1.0		neg 0.48402466310143455 off 0.47625066279554895 __DUMMY__ 0.03972467410301644	false	1.0
verurteilen	neg 1.0		neg 0.48328628103409643 off 0.47717584359028065 __DUMMY__ 0.03953787537562293	false	1.0
klischee	neg 1.0	neg 1.0	neg 0.7250204004521473 off 0.2564419276514299 __DUMMY__ 0.01853767189642268	false	1.0
diktatorisch	neg 1.0		neg 0.48076560585286604 off 0.4800509810140594 __DUMMY__ 0.03918341313307443	false	1.0
vorhersehbar	neg 1.0		off 0.48089794609397757 neg 0.47994039892169515 __DUMMY__ 0.03916165498432725	false	0.5
sowie			off 0.48684106387839843 neg 0.4746215284911433 __DUMMY__ 0.03853740763045819	false	0.0
stornieren	neg 1.0		off 0.48508445910958364 neg 0.4753073941396954 __DUMMY__ 0.03960814675072103	false	0.5
besteuerung	neg 1.0	neg 1.0	neg 0.7282232095600992 off 0.25331039911232905 __DUMMY__ 0.018466391327571708	false	1.0
ungeschminkt	neg 1.0		off 0.48510620433853185 neg 0.4759818020663793 __DUMMY__ 0.038911993595088845	false	0.5
kritisch	neg 1.0		neg 0.48307592053951454 off 0.4773047160239938 __DUMMY__ 0.03961936343649154	false	1.0
schlamperei	off 1.0		neg 0.4849120617354969 off 0.4754579331802917 __DUMMY__ 0.03963000508421132	false	0.5
sucht	neg 1.0	neg 1.0	neg 0.7250630205415275 off 0.2562147031770045 __DUMMY__ 0.018722276281468074	false	1.0
egoistisch	off 1.0	off 1.0	off 0.7305010342001399 neg 0.2511592482084129 __DUMMY__ 0.01833971759144722	false	1.0
ausbeuter	off 1.0		neg 0.4868132284154409 off 0.47363822655736826 __DUMMY__ 0.039548545027190865	false	0.5
arschgeburt	off 1.0		off 0.49567898113556363 neg 0.4663453319558966 __DUMMY__ 0.037975686908539745	false	1.0
schubs	neg 1.0		neg 0.48581528078887753 off 0.4747258133659051 __DUMMY__ 0.03945890584521744	false	1.0
unsolide	neg 1.0		off 0.4824378052549029 neg 0.4782291243278249 __DUMMY__ 0.03933307041727224	false	0.5
beschwerde	neg 1.0		neg 0.4826419215903452 off 0.477746506838962 __DUMMY__ 0.03961157157069282	false	1.0
stocken	neg 1.0		neg 0.48385488754706246 off 0.47649653614363496 __DUMMY__ 0.03964857630930252	false	1.0
isolieren	neg 1.0		neg 0.4840251536482418 off 0.47648469225347617 __DUMMY__ 0.03949015409828213	false	1.0
unheilbar	neg 1.0		neg 0.4806298574839182 off 0.4798598815082146 __DUMMY__ 0.03951026100786718	false	1.0
pisser	off 1.0	off 1.0	off 0.7289416039363632 neg 0.2526645616569273 __DUMMY__ 0.01839383440670946	false	1.0
löschen	neg 1.0		neg 0.48170739194870155 off 0.4789361646338201 __DUMMY__ 0.039356443417478286	false	1.0
durchfallen	neg 1.0		neg 0.4830385407307738 off 0.47731525829484794 __DUMMY__ 0.03964620097437838	false	1.0
wichser	off 1.0	off 1.0	off 0.7324713689455455 neg 0.24941432820692427 __DUMMY__ 0.018114302847530257	false	1.0
terror	neg 1.0		off 0.4820219167973576 neg 0.47873682565429876 __DUMMY__ 0.03924125754834348	false	0.5
krass	neg 1.0		off 0.48820242565405864 neg 0.4730611711309971 __DUMMY__ 0.03873640321494427	false	0.5
revolte	neg 1.0		neg 0.4812004831225196 off 0.4798472322673081 __DUMMY__ 0.038952284610172146	false	1.0
besorgt	neg 1.0		neg 0.48103715862169255 off 0.47919063825871394 __DUMMY__ 0.039772203119593466	false	1.0
nachlassen	neg 1.0		neg 0.48261003517774603 off 0.4776308159552928 __DUMMY__ 0.0397591488669612	false	1.0
alt	neg 1.0		neg 0.48910341793755807 off 0.4716806387844112 __DUMMY__ 0.0392159432780308	false	1.0
hundesohn	off 1.0	off 1.0	off 0.7316338609878567 neg 0.2502481472266528 __DUMMY__ 0.018117991785490548	false	1.0
als			neg 0.48330980007087265 off 0.4771253757594241 __DUMMY__ 0.03956482416970322	false	0.0
abschreckung	neg 1.0		neg 0.48596324514687916 off 0.474332028685783 __DUMMY__ 0.039704726167337834	false	1.0
unqualifiziert	neg 1.0		off 0.48341757942984026 neg 0.47737807339126587 __DUMMY__ 0.039204347178894025	false	0.5
abgewichst	off 1.0		neg 0.48120801671075386 off 0.4792666615621679 __DUMMY__ 0.03952532172707823	false	0.5
schwer	neg 1.0		neg 0.48120397397599296 off 0.4792380064623655 __DUMMY__ 0.039558019561641664	false	1.0
bedeutungslosigkeit	neg 1.0		neg 0.4852494542280499 off 0.47505138854303836 __DUMMY__ 0.039699157228911784	false	1.0
kapitulation	neg 1.0		neg 0.48547447197749455 off 0.4750822028362389 __DUMMY__ 0.03944332518626655	false	1.0
unscharf	neg 1.0		neg 0.48249290150667035 off 0.47847361457826587 __DUMMY__ 0.03903348391506378	false	1.0
schwinden	neg 1.0		neg 0.48607683865595297 off 0.4743146633802373 __DUMMY__ 0.0396084979638098	false	1.0
versklavung	neg 1.0	neg 1.0	neg 0.7267899598501917 off 0.2546643682842688 __DUMMY__ 0.01854567186553946	false	1.0
schlecht	neg 1.0		off 0.4852098352699316 neg 0.4756098450077468 __DUMMY__ 0.03918031972232165	false	0.5
verhasst	neg 1.0		neg 0.48089448037638044 off 0.47981881904037094 __DUMMY__ 0.03928670058324869	false	1.0
beschweren	neg 1.0		off 0.48168734643994726 neg 0.47888493682248534 __DUMMY__ 0.03942771673756731	false	0.5
scheiden	neg 1.0		neg 0.4808602598971933 off 0.47965389696966276 __DUMMY__ 0.03948584313314382	false	1.0
frustriert	neg 1.0		neg 0.48203359337785073 off 0.47836883812841924 __DUMMY__ 0.039597568493730084	false	1.0
schimmelig	neg 1.0		neg 0.48682364576073484 off 0.47382632310908623 __DUMMY__ 0.0393500311301788	false	1.0
fisch	neg 1.0		neg 0.4904972948745482 off 0.4700534095544013 __DUMMY__ 0.03944929557105062	false	1.0
schmuggel	neg 1.0		neg 0.4852260154326443 off 0.4748603352312293 __DUMMY__ 0.039913649336126365	false	1.0
auffallen	neg 1.0		off 0.48159005972733915 neg 0.47906477702486333 __DUMMY__ 0.03934516324779761	false	0.5
konkurrenz	neg 1.0		neg 0.4834851495467193 off 0.4765998595691792 __DUMMY__ 0.03991499088410136	false	1.0
teufelskreis	neg 1.0	neg 1.0	neg 0.7277103342396398 off 0.2536430548991281 __DUMMY__ 0.01864661086123201	false	1.0
aufschreien	neg 1.0		off 0.4808558092447098 neg 0.47996269860948204 __DUMMY__ 0.03918149214580825	false	0.5
schuldner	neg 1.0		neg 0.4880821004199084 off 0.47246191738310933 __DUMMY__ 0.039455982196982375	false	1.0
missgeburt	off 1.0	off 1.0	off 0.7317497633047041 neg 0.24999292951982655 __DUMMY__ 0.018257307175469407	false	1.0
arbeitslos	neg 1.0		neg 0.4838580494957748 off 0.4765494505213092 __DUMMY__ 0.039592499982915856	false	1.0
befallen	neg 1.0		neg 0.4866108834575219 off 0.47425851411227304 __DUMMY__ 0.03913060243020523	false	1.0
miesepetrig	off 1.0	off 1.0	off 0.727338080040392 neg 0.2541249109425599 __DUMMY__ 0.018537009017048158	false	1.0
alarmieren	neg 1.0		off 0.4832855129154144 neg 0.4775810270914474 __DUMMY__ 0.039133459993138185	false	0.5
ungeduscht	off 1.0		off 0.482094897570615 neg 0.47884823693141687 __DUMMY__ 0.03905686549796816	false	1.0
knappheit	neg 1.0		neg 0.48587037952482115 off 0.47478139138050857 __DUMMY__ 0.03934822909467036	false	1.0
schlange	neg 1.0		off 0.4803207476519958 neg 0.48015667346967505 __DUMMY__ 0.03952257887832925	false	0.5
harsch	neg 1.0		off 0.4893971902364592 neg 0.4716478885240282 __DUMMY__ 0.03895492123951253	false	0.5
lang	neg 1.0		off 0.48036496050171507 neg 0.4802566105152106 __DUMMY__ 0.03937842898307422	false	0.5
ziellos	neg 1.0		neg 0.4836691965809709 off 0.47651453885722084 __DUMMY__ 0.03981626456180824	false	1.0
selbstverliebt	neg 1.0		off 0.49511690624621046 neg 0.4665328814984368 __DUMMY__ 0.03835021225535271	false	0.5
beseitigen	neg 1.0		neg 0.4805338700063073 off 0.47991275399910893 __DUMMY__ 0.03955337599458371	false	1.0
dumm	off 1.0		off 0.4898917716298339 neg 0.47150426155164005 __DUMMY__ 0.03860396681852607	false	1.0
arbeitsloser	neg 1.0		off 0.48065937993647423 neg 0.4793698326745015 __DUMMY__ 0.0399707873890242	false	0.5
blitzen	neg 1.0		off 0.4818364007914988 neg 0.479047941364225 __DUMMY__ 0.039115657844276015	false	0.5
hilflos	neg 1.0		neg 0.4836966976911912 off 0.47671574581831894 __DUMMY__ 0.03958755649048985	false	1.0
eklig	off 1.0		off 0.48900206255911693 neg 0.47255561483538755 __DUMMY__ 0.03844232260549553	false	1.0
begriff			neg 0.4810615426960646 off 0.4793956111165541 __DUMMY__ 0.039542846187381395	false	0.0
hungersnot	neg 1.0		neg 0.48533895144007777 off 0.4752707417701621 __DUMMY__ 0.03939030678976004	false	1.0
ungesetzlich	neg 1.0		off 0.4811109365893026 neg 0.479607361144733 __DUMMY__ 0.03928170226596445	false	0.5
verschwendung	neg 1.0		neg 0.4854297107092275 off 0.4748852437837369 __DUMMY__ 0.03968504550703556	false	1.0
schmerzvoll	neg 1.0		neg 0.48094344001732214 off 0.4797605356607077 __DUMMY__ 0.03929602432197022	false	1.0
vorzeitig	neg 1.0		off 0.48622952762678173 neg 0.4744237629056142 __DUMMY__ 0.039346709467604005	false	0.5
unvollkommenheit	neg 1.0		neg 0.4828288443898878 off 0.47763939709677156 __DUMMY__ 0.039531758513340794	false	1.0
intervenieren	neg 1.0		neg 0.4869058003145339 off 0.473634268882192 __DUMMY__ 0.039459930803274236	false	1.0
banause	off 1.0		off 0.48870221258633456 neg 0.4731183685612099 __DUMMY__ 0.038179418852455405	false	1.0
rebell	neg 1.0		neg 0.49115911105835913 off 0.4691929914934214 __DUMMY__ 0.039647897448219345	false	1.0
unlogisch	neg 1.0		off 0.4856334058357809 neg 0.47553334744699255 __DUMMY__ 0.03883324671722664	false	0.5
leiden	neg 1.0		neg 0.4838584730761824 off 0.4761671166025611 __DUMMY__ 0.03997441032125648	false	1.0
abschaffung	neg 1.0		neg 0.4820785423627242 off 0.4786933002106411 __DUMMY__ 0.03922815742663467	false	1.0
sturz	neg 1.0		off 0.48354937380271706 neg 0.4768776016352403 __DUMMY__ 0.039573024562042765	false	0.5
verkleinerung	neg 1.0		neg 0.4815396081083528 off 0.47960930956256026 __DUMMY__ 0.038851082329086906	false	1.0
schmarotzer	off 1.0		neg 0.4829257211938845 off 0.47752942226251877 __DUMMY__ 0.03954485654359676	false	0.5
bestrafung	neg 1.0	neg 1.0	neg 0.7258943009872592 off 0.2553930208087821 __DUMMY__ 0.018712678203958822	false	1.0
achtlos	neg 1.0		neg 0.48124848709240764 off 0.47909171272524875 __DUMMY__ 0.03965980018234372	false	1.0
ungeheuer	neg 1.0		neg 0.4817908668357143 off 0.4788590432505638 __DUMMY__ 0.039350089913721874	false	1.0
