unsolidarisch	neg 1.0		neg 0.48220651863201336 off 0.4785301466912396 __DUMMY__ 0.03926333467674703	false	1.0
nachteilig	neg 1.0		neg 0.4829622423915161 off 0.47723716091263874 __DUMMY__ 0.03980059669584527	false	1.0
skeptisch	neg 1.0		neg 0.4853700928275721 off 0.47487725178776297 __DUMMY__ 0.03975265538466493	false	1.0
schrecklich	neg 1.0		off 0.48707945906693445 neg 0.4740353013050147 __DUMMY__ 0.03888523962805095	false	0.5
schlapp	neg 1.0	neg 1.0	neg 0.7239025344813457 off 0.2575611538261722 __DUMMY__ 0.018536311692482117	false	1.0
abfall	neg 1.0		neg 0.4858930550617118 off 0.47398963671312044 __DUMMY__ 0.040117308225167674	false	1.0
widerspenstig	neg 1.0		neg 0.48352881083578014 off 0.4771195575681429 __DUMMY__ 0.03935163159607688	false	1.0
abrupt	neg 1.0		neg 0.4874826654045313 off 0.4729023490163693 __DUMMY__ 0.03961498557909941	false	1.0
unwirksam	neg 1.0		neg 0.4858248425944657 off 0.47519151172078467 __DUMMY__ 0.03898364568474982	false	1.0
angreifen	neg 1.0		neg 0.48563341808087274 off 0.47455821792224784 __DUMMY__ 0.03980836399687931	false	1.0
inkonsistent	neg 1.0		off 0.48043915055081005 neg 0.4803848883771152 __DUMMY__ 0.0391759610720748	false	0.5
abrutschen	neg 1.0		neg 0.48710527494626416 off 0.4728408007654292 __DUMMY__ 0.040053924288306605	false	1.0
unsicher	neg 1.0		neg 0.48068827606346 off 0.4797533330894405 __DUMMY__ 0.039558390847099466	false	1.0
bauernkind	off 1.0	off 1.0	off 0.7280239614018239 neg 0.25385706656748896 __DUMMY__ 0.018118972030687117	false	1.0
angreifer	neg 1.0		off 0.4844685123021624 neg 0.47609192981110515 __DUMMY__ 0.03943955788673237	false	0.5
trennen	neg 1.0		neg 0.484947396437144 off 0.4751547069323855 __DUMMY__ 0.03989789663047064	false	1.0
schmutz	neg 1.0		off 0.4861754274942682 neg 0.47411644303418665 __DUMMY__ 0.039708129471545076	false	0.5
inkonsistenz	neg 1.0		off 0.4839021342896194 neg 0.4769072604358745 __DUMMY__ 0.03919060527450597	false	0.5
erschreckend	neg 1.0		neg 0.4819985256849445 off 0.4784795984741079 __DUMMY__ 0.039521875840947567	false	1.0
ertrinken	neg 1.0		neg 0.487586372638558 off 0.47271833268389063 __DUMMY__ 0.03969529467755136	false	1.0
pickelface	off 1.0		neg 0.4814819180194293 off 0.47912700641320033 __DUMMY__ 0.03939107556737036	false	0.5
seiner			neg 0.48429879940201537 off 0.47582733502862257 __DUMMY__ 0.03987386556936203	false	0.0
lauch	neg 1.0	neg 1.0	neg 0.7300506305186716 off 0.2510301256344309 __DUMMY__ 0.018919243846897547	false	1.0
unwichtig	neg 1.0		off 0.48311875290533973 neg 0.47775299852436076 __DUMMY__ 0.03912824857029954	false	0.5
steuerhinterziehung	neg 1.0		neg 0.483210894610775 off 0.47739674077905797 __DUMMY__ 0.039392364610167	false	1.0
schock	neg 1.0		neg 0.48257749522144655 off 0.47782712243954284 __DUMMY__ 0.039595382339010596	false	1.0
beule	neg 1.0		off 0.4849407419594501 neg 0.47611783858406487 __DUMMY__ 0.03894141945648513	false	0.5
vergelten	neg 1.0		off 0.4892006009308734 neg 0.4718530044680143 __DUMMY__ 0.03894639460111239	false	0.5
verdorbenheit	neg 1.0		neg 0.4810334365442224 off 0.47962351566165234 __DUMMY__ 0.03934304779412521	false	1.0
trauma	neg 1.0		neg 0.4810902051748119 off 0.47960527242837786 __DUMMY__ 0.03930452239681023	false	1.0
sinnlos	neg 1.0		off 0.480801938207232 neg 0.4798559927022094 __DUMMY__ 0.039342069090558526	false	0.5
fettsack	off 1.0	off 1.0	off 0.7292844392331148 neg 0.25257256402482825 __DUMMY__ 0.018142996742056845	false	1.0
feige	off 1.0	off 1.0	off 0.7272334086234321 neg 0.25431478052880113 __DUMMY__ 0.01845181084776679	false	1.0
abdanken	neg 1.0		neg 0.4816273429510371 off 0.47886592915043874 __DUMMY__ 0.039506727898524066	false	1.0
wichtigtuer	off 1.0	off 1.0	off 0.726504383130066 neg 0.25485646767281983 __DUMMY__ 0.018639149197114232	false	1.0
misslingen	neg 1.0	neg 1.0	neg 0.7229429711273043 off 0.25814376960971486 __DUMMY__ 0.018913259262980802	false	1.0
untreu	off 1.0		off 0.4841953809392619 neg 0.4767550456357818 __DUMMY__ 0.03904957342495642	false	1.0
missmutig	neg 1.0		off 0.4819437371288451 neg 0.4788619424551864 __DUMMY__ 0.0391943204159684	false	0.5
hurenbock	off 1.0		neg 0.48558626731567156 off 0.47537664527877166 __DUMMY__ 0.03903708740555688	false	0.5
betrunken	neg 1.0		off 0.485936030985507 neg 0.4751337859949768 __DUMMY__ 0.038930183019516236	false	0.5
korrupt	off 1.0		neg 0.484132645573189 off 0.4764919274806603 __DUMMY__ 0.03937542694615057	false	0.5
unmut	neg 1.0		neg 0.48679793551565453 off 0.47333418924842846 __DUMMY__ 0.03986787523591716	false	1.0
hackfresse	off 1.0		off 0.4910051532918952 neg 0.47040748538136873 __DUMMY__ 0.03858736132673597	false	1.0
aufblasen	neg 1.0		neg 0.48106813922979885 off 0.47948333629296835 __DUMMY__ 0.03944852447723264	false	1.0
gewaltsam	neg 1.0		neg 0.4817888356428616 off 0.4787257509917858 __DUMMY__ 0.03948541336535251	false	1.0
unbeliebtheit	neg 1.0		off 0.4844835119361744 neg 0.4764525856473082 __DUMMY__ 0.03906390241651756	false	0.5
sturheit	neg 1.0		neg 0.48075192952745177 off 0.47960465429496857 __DUMMY__ 0.03964341617757971	false	1.0
kuh	neg 1.0		neg 0.48588849373826626 off 0.4754884670209069 __DUMMY__ 0.03862303924082681	false	1.0
erschrecken	neg 1.0		off 0.483124312599266 neg 0.47761829684260115 __DUMMY__ 0.039257390558132876	false	0.5
opfer	neg 1.0		neg 0.48218926213006635 off 0.4779566440300578 __DUMMY__ 0.0398540938398759	false	1.0
sinken	neg 1.0		neg 0.4875463844350988 off 0.4727315889786063 __DUMMY__ 0.03972202658629505	false	1.0
stinktier	neg 1.0		off 0.4850207005920651 neg 0.47664618176747786 __DUMMY__ 0.03833311764045693	false	0.5
tucke	off 1.0		off 0.4893855519793127 neg 0.4725023825748836 __DUMMY__ 0.03811206544580371	false	1.0
ein			neg 0.48386099010156747 off 0.4767810390689351 __DUMMY__ 0.03935797082949736	false	0.0
abstieg	neg 1.0		off 0.4809942699119033 neg 0.4790473497327981 __DUMMY__ 0.039958380355298445	false	0.5
missverstehen	neg 1.0		off 0.48154885365527134 neg 0.4791712767080852 __DUMMY__ 0.03927986963664342	false	0.5
ergebnislos	neg 1.0		neg 0.4826521933680082 off 0.4774995384274275 __DUMMY__ 0.03984826820456423	false	1.0
unter			neg 0.48865478115101185 off 0.47091402052919284 __DUMMY__ 0.04043119831979533	false	0.0
manipulieren	neg 1.0		neg 0.4835770767574508 off 0.4765660170825928 __DUMMY__ 0.0398569061599564	false	1.0
unbewiesen	neg 1.0	neg 1.0	neg 0.7257289312402072 off 0.2555854148099102 __DUMMY__ 0.018685653949882572	false	1.0
verschleppen	neg 1.0		neg 0.4842070442691182 off 0.47621843582544415 __DUMMY__ 0.03957451990543764	false	1.0
weib	off 1.0		off 0.49117146538734524 neg 0.4705434390720085 __DUMMY__ 0.038285095540646144	false	1.0
opposition	neg 1.0		neg 0.4819501420217763 off 0.4788658516010149 __DUMMY__ 0.03918400637720887	false	1.0
verkehrswidrig	neg 1.0	neg 1.0	neg 0.7198295512931842 off 0.26164598525657007 __DUMMY__ 0.018524463450245797	false	1.0
inkorrekt	neg 1.0		off 0.4864528915391327 neg 0.4746970876390531 __DUMMY__ 0.03885002082181413	false	0.5
vermeiden	neg 1.0		neg 0.4874374319205097 off 0.47247404076817473 __DUMMY__ 0.040088527311315465	false	1.0
abweichung	neg 1.0	neg 1.0	neg 0.7256395025855312 off 0.2554224186382689 __DUMMY__ 0.0189380787761998	false	1.0
alkoholisiert	neg 1.0		neg 0.48273222304647223 off 0.4772667521672222 __DUMMY__ 0.04000102478630568	false	1.0
scheiss	off 1.0	off 1.0	off 0.7278177308212045 neg 0.2537995470868574 __DUMMY__ 0.01838272209193815	false	1.0
herausforderung	neg 1.0		neg 0.48227282378395014 off 0.47800313445211845 __DUMMY__ 0.039724041763931336	false	1.0
pervers	off 1.0		off 0.49394046282115833 neg 0.4678506557110404 __DUMMY__ 0.03820888146780131	false	1.0
wackelig	neg 1.0		neg 0.4823144984597949 off 0.4779521750425176 __DUMMY__ 0.03973332649768758	false	1.0
verwickeln	neg 1.0		off 0.48052741453680364 neg 0.48015706952847526 __DUMMY__ 0.039315515934721164	false	0.5
vorwand	neg 1.0		neg 0.4862192996528535 off 0.4739724837931031 __DUMMY__ 0.03980821655404341	false	1.0
muschi	off 1.0		neg 0.48159056305294257 off 0.47888506893506966 __DUMMY__ 0.03952436801198767	false	0.5
entmutigung	neg 1.0		neg 0.48109141079549345 off 0.4797693274064313 __DUMMY__ 0.03913926179807519	false	1.0
unangemessen	neg 1.0		neg 0.4816280980460031 off 0.47876710677621775 __DUMMY__ 0.03960479517777926	false	1.0
unstetig	neg 1.0		off 0.4828307515448969 neg 0.4779614508046402 __DUMMY__ 0.03920779765046289	false	0.5
entmutigen	neg 1.0		neg 0.48039236250886297 off 0.48017949283352773 __DUMMY__ 0.03942814465760926	false	1.0
schwanz	neg 1.0		neg 0.48439763426196747 off 0.476052819081957 __DUMMY__ 0.03954954665607562	false	1.0
verbot	neg 1.0		neg 0.48443026123887545 off 0.4761695342733152 __DUMMY__ 0.039400204487809176	false	1.0
leid	neg 1.0		off 0.4880403808564406 neg 0.47322801923622265 __DUMMY__ 0.038731599907336677	false	0.5
archaisch	neg 1.0		neg 0.4834303103340613 off 0.4770829312996195 __DUMMY__ 0.039486758366319236	false	1.0
gegen			neg 0.48449124027387414 off 0.47550066303718497 __DUMMY__ 0.040008096688940856	false	0.0
scheidung	neg 1.0		off 0.50116640665301 neg 0.4604065664621211 __DUMMY__ 0.03842702688486886	false	0.5
einschlag	neg 1.0		off 0.4894646758191309 neg 0.4714649992362537 __DUMMY__ 0.03907032494461546	false	0.5
m			neg 0.4828277346972258 off 0.4775440369009148 __DUMMY__ 0.0396282284018594	false	0.0
abgestanden	neg 1.0		neg 0.48710750508926837 off 0.47396259419421655 __DUMMY__ 0.03892990071651504	false	1.0
schmierig	off 1.0		off 0.48788102253756027 neg 0.4733554252969431 __DUMMY__ 0.03876355216549653	false	1.0
unpraktisch	neg 1.0		off 0.48114126715578637 neg 0.47941155605917907 __DUMMY__ 0.039447176785034656	false	0.5
wixxer	off 1.0		off 0.49306218486778475 neg 0.46886753041264595 __DUMMY__ 0.03807028471956934	false	1.0
bezeichnet			neg 0.4805139220608003 off 0.47997804943972605 __DUMMY__ 0.039508028499473546	false	0.0
jammerlappen	off 1.0		off 0.4838052033736059 neg 0.4770413265952735 __DUMMY__ 0.03915347003112063	false	1.0
farce	neg 1.0		neg 0.4831630090881474 off 0.47754440121307157 __DUMMY__ 0.039292589698781126	false	1.0
zwecklos	neg 1.0		neg 0.4834861304632368 off 0.4769407550476816 __DUMMY__ 0.039573114489081816	false	1.0
turbulent	neg 1.0		off 0.48520598286728794 neg 0.4758448928552463 __DUMMY__ 0.03894912427746572	false	0.5
invasion	neg 1.0		off 0.48149945906665864 neg 0.4792018854811685 __DUMMY__ 0.0392986554521727	false	0.5
schuld	neg 1.0		neg 0.4803242843986363 off 0.4802783403680278 __DUMMY__ 0.03939737523333601	false	1.0
risiko	neg 1.0		neg 0.4820143591084469 off 0.4788642743591796 __DUMMY__ 0.03912136653237358	false	1.0
finster	neg 1.0		neg 0.4834660616687517 off 0.47722340417172 __DUMMY__ 0.03931053415952829	false	1.0
geisteskrank	off 1.0		off 0.4855557863346653 neg 0.4754945072005611 __DUMMY__ 0.03894970646477372	false	1.0
zusammenbrechen	neg 1.0		neg 0.4834228102321364 off 0.477021499301305 __DUMMY__ 0.03955569046655868	false	1.0
ausbeute	neg 1.0		off 0.4803887913789976 neg 0.4798636027163133 __DUMMY__ 0.039747605904689086	false	0.5
hinterhalt	neg 1.0		neg 0.4834824225968618 off 0.4770543066336192 __DUMMY__ 0.03946327076951891	false	1.0
kritik	neg 1.0		neg 0.4835898417382261 off 0.4771163356370623 __DUMMY__ 0.0392938226247116	false	1.0
einschrumpfen	neg 1.0		off 0.4813968585315258 neg 0.47971517852494255 __DUMMY__ 0.03888796294353151	false	0.5
riskant	neg 1.0		neg 0.4858255351969395 off 0.47448932889655143 __DUMMY__ 0.03968513590650897	false	1.0
frustrieren	neg 1.0		neg 0.4856347725172907 off 0.47478353646394283 __DUMMY__ 0.03958169101876638	false	1.0
groll	neg 1.0		neg 0.4820271575996808 off 0.47830044715072556 __DUMMY__ 0.039672395249593664	false	1.0
gibt			neg 0.48290003939534876 off 0.47744011974234135 __DUMMY__ 0.039659840862309836	false	0.0
qualvoll	neg 1.0		off 0.4809155249423436 neg 0.47976429072706284 __DUMMY__ 0.03932018433059358	false	0.5
wackeln	neg 1.0		neg 0.4813465601968448 off 0.4791495426186416 __DUMMY__ 0.03950389718451366	false	1.0
klagen	neg 1.0		neg 0.4866785887206959 off 0.47358445602141724 __DUMMY__ 0.03973695525788678	false	1.0
bankrott	neg 1.0		off 0.4842127283484567 neg 0.47651958476787054 __DUMMY__ 0.03926768688367276	false	0.5
trauern	neg 1.0		neg 0.48158215589305703 off 0.4783778870688313 __DUMMY__ 0.04003995703811163	false	1.0
ablehnung	neg 1.0		neg 0.48367049725001576 off 0.47695977122101857 __DUMMY__ 0.039369731528965536	false	1.0
stur	neg 1.0		neg 0.4810475277075875 off 0.4796197518021161 __DUMMY__ 0.03933272049029656	false	1.0
aufruhr	neg 1.0	neg 1.0	neg 0.7263055338999194 off 0.2549855238513774 __DUMMY__ 0.018708942248703234	false	1.0
melancholie	neg 1.0		neg 0.48721590817532373 off 0.4731963287612546 __DUMMY__ 0.03958776306342162	false	1.0
ist			off 0.48078563930677826 neg 0.47983946597730814 __DUMMY__ 0.03937489471591359	false	0.0
torheit	neg 1.0		off 0.48038545156536394 neg 0.4802245839785095 __DUMMY__ 0.03938996445612662	false	0.5
dreckskind	off 1.0		off 0.4911590649547081 neg 0.4704087268488799 __DUMMY__ 0.038432208196411875	false	1.0
umtauschen	neg 1.0		neg 0.4824488374624611 off 0.4780999402644688 __DUMMY__ 0.03945122227307016	false	1.0
zum			neg 0.4832000210676585 off 0.47635681690028703 __DUMMY__ 0.04044316203205434	false	0.0
zersetzen	neg 1.0		neg 0.48641242293632664 off 0.4739409207086127 __DUMMY__ 0.039646656355060574	false	1.0
zur			neg 0.48694383054886176 off 0.47294137362676547 __DUMMY__ 0.040114795824372655	false	0.0
frust	neg 1.0		neg 0.4831174830902442 off 0.4772675657782198 __DUMMY__ 0.039614951131535986	false	1.0
unerbittlichkeit	neg 1.0		neg 0.48401095879970646 off 0.4762371462699626 __DUMMY__ 0.03975189493033095	false	1.0
zwei			neg 0.4869063446894099 off 0.472916973632663 __DUMMY__ 0.04017668167792722	false	0.0
unkorrekt	neg 1.0		off 0.48489089525572804 neg 0.47623639600956164 __DUMMY__ 0.038872708734710486	false	0.5
hexe	off 1.0		off 0.48098250654906605 neg 0.4801084609089607 __DUMMY__ 0.03890903254197324	false	1.0
lasch	neg 1.0		off 0.48311686185690456 neg 0.47766880585884347 __DUMMY__ 0.03921433228425195	false	0.5
rivale	neg 1.0		off 0.48717076716865954 neg 0.4739430697270502 __DUMMY__ 0.03888616310429019	false	0.5
mutlos	off 1.0	off 1.0	off 0.7237207400359311 neg 0.2574731597636761 __DUMMY__ 0.018806100200392688	false	1.0
wirr	off 1.0		off 0.48725925210050725 neg 0.4739366345038718 __DUMMY__ 0.03880411339562089	false	1.0
jahr			neg 0.480831525974437 off 0.4790315686484081 __DUMMY__ 0.04013690537715495	false	0.0
wird			neg 0.4832559182331609 off 0.4770419357908019 __DUMMY__ 0.039702145976037155	false	0.0
strafbar	neg 1.0		neg 0.48428786982206967 off 0.4759731274798761 __DUMMY__ 0.03973900269805429	false	1.0
erosion	neg 1.0		neg 0.4811983018927239 off 0.4793475856230595 __DUMMY__ 0.03945411248421656	false	1.0
eingehen	neg 1.0		neg 0.485500844454932 off 0.4748841641492409 __DUMMY__ 0.039614991395827	false	1.0
faul	off 1.0		off 0.48277703670804223 neg 0.4780554533200636 __DUMMY__ 0.039167509971894145	false	1.0
provisorium	neg 1.0		neg 0.48820718438472294 off 0.47133388503079965 __DUMMY__ 0.04045893058447753	false	1.0
schmerzen	neg 1.0		neg 0.4833418308440198 off 0.47721126250956186 __DUMMY__ 0.03944690664641818	false	1.0
schrumpfen	neg 1.0		neg 0.489808997156062 off 0.4703419560591912 __DUMMY__ 0.03984904678474675	false	1.0
geistlos	off 1.0		neg 0.4804769453361616 off 0.48039560683174626 __DUMMY__ 0.039127447832092196	false	0.5
fehlkauf	neg 1.0		neg 0.4806622080097386 off 0.4801683823845412 __DUMMY__ 0.039169409605720205	false	1.0
frustrierend	neg 1.0		off 0.4825662041107423 neg 0.47821472539628146 __DUMMY__ 0.03921907049297624	false	0.5
unzufrieden	neg 1.0		neg 0.4834594021275999 off 0.47693481451977493 __DUMMY__ 0.03960578335262511	false	1.0
verzweifeln	neg 1.0		neg 0.48174942044133656 off 0.47867023521658775 __DUMMY__ 0.039580344342075705	false	1.0
verzweifelt	neg 1.0		neg 0.48032783760339043 off 0.48028574969409127 __DUMMY__ 0.039386412702518275	false	1.0
misstrauensantrag	neg 1.0		off 0.48074930754697287 neg 0.47995755774117815 __DUMMY__ 0.039293134711848934	false	0.5
abfallen	neg 1.0		neg 0.48178325505178365 off 0.47880801589014194 __DUMMY__ 0.0394087290580745	false	1.0
fucker	off 1.0		off 0.4871053728595871 neg 0.47391287313585684 __DUMMY__ 0.03898175400455597	false	1.0
ungezogen	neg 1.0		off 0.49240165960281823 neg 0.46919962625856876 __DUMMY__ 0.03839871413861301	false	0.5
irrsinnig	neg 1.0	neg 1.0	neg 0.726119980771363 off 0.25521757017736363 __DUMMY__ 0.0186624490512735	false	1.0
unfassbar	neg 1.0		off 0.4847910201223581 neg 0.4760950972224585 __DUMMY__ 0.03911388265518332	false	0.5
hart	neg 1.0		neg 0.480739268346805 off 0.48060628484670775 __DUMMY__ 0.03865444680648725	false	1.0
widerlich	off 1.0		off 0.48466805015088277 neg 0.4763186633312765 __DUMMY__ 0.03901328651784069	false	1.0
fatal	neg 1.0	neg 1.0	neg 0.7266040265085354 off 0.2549076945133297 __DUMMY__ 0.018488278978134973	false	1.0
bruch	neg 1.0		neg 0.4849809585072332 off 0.4749604998738308 __DUMMY__ 0.0400585416189359	false	1.0
aushungern	neg 1.0		neg 0.48446696017418517 off 0.4761595917249268 __DUMMY__ 0.03937344810088805	false	1.0
anspannung	neg 1.0		neg 0.48580433780138677 off 0.47393523184642916 __DUMMY__ 0.04026043035218402	false	1.0
von			neg 0.48516997554985236 off 0.4749717988805049 __DUMMY__ 0.039858225569642684	false	0.0
kraftlos	neg 1.0		neg 0.48341098003676675 off 0.47692226758267414 __DUMMY__ 0.03966675238055916	false	1.0
vom			neg 0.4860116264424378 off 0.473401959805417 __DUMMY__ 0.040586413752145264	false	0.0
grenzdebil	off 1.0		off 0.48414188846431516 neg 0.4768598632092345 __DUMMY__ 0.03899824832645041	false	1.0
vor			neg 0.4861127112729377 off 0.47395249926046334 __DUMMY__ 0.03993478946659902	false	0.0
unterwerfen	neg 1.0		neg 0.4838017021799822 off 0.4764987312283439 __DUMMY__ 0.039699566591674014	false	1.0
versenkung	neg 1.0		neg 0.48401078954211174 off 0.4762280512210574 __DUMMY__ 0.03976115923683078	false	1.0
entziehen	neg 1.0		neg 0.4862834536039868 off 0.4738996663877486 __DUMMY__ 0.03981688000826472	false	1.0
finanzkrise	neg 1.0		neg 0.4872063610714152 off 0.4738089836121701 __DUMMY__ 0.038984655316414735	false	1.0
schimpfend	neg 1.0		off 0.4808951936542495 neg 0.47959271819311206 __DUMMY__ 0.039512088152638576	false	0.5
profan	neg 1.0		off 0.4810448587979755 neg 0.47966586751772167 __DUMMY__ 0.03928927368430289	false	0.5
korruption	neg 1.0		neg 0.4848052085601037 off 0.4757837587256239 __DUMMY__ 0.03941103271427254	false	1.0
â			neg 0.4841046357617083 off 0.4762967147796082 __DUMMY__ 0.039598649458683376	false	0.0
schmutzig	neg 1.0		off 0.4848220999748593 neg 0.4761364016076426 __DUMMY__ 0.039041498417498134	false	0.5
sexy	neg 1.0		off 0.48311812114466046 neg 0.47760932554771646 __DUMMY__ 0.039272553307623054	false	0.5
abraten	neg 1.0		off 0.4813150140371932 neg 0.4792993070213071 __DUMMY__ 0.03938567894149963	false	0.5
schwarz	neg 1.0		off 0.48114697592564265 neg 0.4795324397865115 __DUMMY__ 0.03932058428784585	false	0.5
fotze	off 1.0	off 1.0	off 0.7240342942002919 neg 0.25718832781653556 __DUMMY__ 0.018777377983172715	false	1.0
verwirren	neg 1.0		off 0.48168855819621154 neg 0.47899442515135543 __DUMMY__ 0.039317016652433125	false	0.5
zahnlos	off 1.0		neg 0.48269213933549443 off 0.4777625662718576 __DUMMY__ 0.03954529439264804	false	0.5
verheeren	neg 1.0		off 0.4944329700059935 neg 0.46715620570846383 __DUMMY__ 0.038410824285542586	false	0.5
hippie	neg 1.0		off 0.4823027999297441 neg 0.4784541438105793 __DUMMY__ 0.039243056259676536	false	0.5
rammen	neg 1.0		neg 0.4809125330417652 off 0.47967523745141083 __DUMMY__ 0.03941222950682416	false	1.0
unlauter	neg 1.0		neg 0.4808032784592084 off 0.47997878742581684 __DUMMY__ 0.0392179341149747	false	1.0
unheilvoll	neg 1.0		neg 0.48112958702708986 off 0.4795541863025141 __DUMMY__ 0.03931622667039597	false	1.0
niedrig	neg 1.0		neg 0.4858032945441662 off 0.4747318392836276 __DUMMY__ 0.039464866172206306	false	1.0
explosion	neg 1.0		off 0.4824766474379275 neg 0.47825165704745826 __DUMMY__ 0.03927169551461421	false	0.5
weichei	off 1.0	off 1.0	off 0.7297095307629546 neg 0.25205032543372397 __DUMMY__ 0.018240143803321396	false	1.0
minusmensch	off 1.0		off 0.4931868336449024 neg 0.46848910867825216 __DUMMY__ 0.03832405767684534	false	1.0
farblos	neg 1.0		neg 0.4821389224247364 off 0.4786328368825225 __DUMMY__ 0.039228240692741084	false	1.0
unwissend	neg 1.0	neg 1.0	neg 0.7246849808095975 off 0.2568169022408293 __DUMMY__ 0.018498116949573054	false	1.0
traurig	neg 1.0		off 0.4866542412949723 neg 0.4744383097193757 __DUMMY__ 0.03890744898565194	false	0.5
senkung	neg 1.0		neg 0.48244981386825786 off 0.47860043299635247 __DUMMY__ 0.03894975313538961	false	1.0
ungleich	neg 1.0	neg 1.0	neg 0.7276915493474803 off 0.2534805889940418 __DUMMY__ 0.018827861658477902	false	1.0
heikel	neg 1.0		neg 0.4849431655195097 off 0.4753224246333528 __DUMMY__ 0.03973440984713754	false	1.0
drosselung	neg 1.0		off 0.48154619998019904 neg 0.47974562383367786 __DUMMY__ 0.03870817618612314	false	0.5
falsch	neg 1.0		off 0.4831735151751218 neg 0.4775817957435556 __DUMMY__ 0.039244689081322594	false	0.5
unzufriedenheit	neg 1.0		neg 0.4867352574609562 off 0.47365149110303334 __DUMMY__ 0.039613251436010355	false	1.0
kurz	neg 1.0		neg 0.48190308484888716 off 0.47838416716433524 __DUMMY__ 0.039712747986777666	false	1.0
unsinnig	neg 1.0		neg 0.48363565787475726 off 0.4769763978186951 __DUMMY__ 0.03938794430654768	false	1.0
penner	off 1.0	off 1.0	off 0.7309516817289909 neg 0.2508292933045461 __DUMMY__ 0.01821902496646292	false	1.0
seicht	neg 1.0		off 0.48983011824865497 neg 0.47189872726572707 __DUMMY__ 0.03827115448561798	false	0.5
dummheit	off 1.0	off 1.0	off 0.725805978785536 neg 0.255640608416618 __DUMMY__ 0.018553412797845954	false	1.0
unerfreulich	neg 1.0		neg 0.48494562723956863 off 0.47528046648733 __DUMMY__ 0.03977390627310146	false	1.0
motherfucker	off 1.0	off 1.0	off 0.7287236712833703 neg 0.25282985959104765 __DUMMY__ 0.018446469125582	false	1.0
pikiert	neg 1.0	neg 1.0	neg 0.7245164457847035 off 0.25700582261041266 __DUMMY__ 0.018477731604883783	false	1.0
wrack	neg 1.0		off 0.48214931053986965 neg 0.4778159929899642 __DUMMY__ 0.04003469647016617	false	0.5
gangster	neg 1.0		off 0.482413749136475 neg 0.4783652946747451 __DUMMY__ 0.03922095618877982	false	0.5
krank	neg 1.0	neg 1.0	neg 0.7230656260418046 off 0.25839634504771186 __DUMMY__ 0.01853802891048354	false	1.0
reich	neg 1.0		off 0.48083768293019447 neg 0.4802043538160747 __DUMMY__ 0.038957963253730854	false	0.5
gnadenlos	neg 1.0		off 0.48069409108843647 neg 0.4798300336346105 __DUMMY__ 0.03947587527695287	false	0.5
niedergeschlagen	neg 1.0		neg 0.48254972913457284 off 0.47774342891042887 __DUMMY__ 0.039706841954998434	false	1.0
terrorisieren	off 1.0	off 1.0	off 0.7233961218045827 neg 0.2577366310848864 __DUMMY__ 0.01886724711053092	false	1.0
sinnlosigkeit	neg 1.0		neg 0.48277766771240255 off 0.4776260904318495 __DUMMY__ 0.039596241855747956	false	1.0
behindern	neg 1.0		neg 0.4825563714797631 off 0.47805409018248274 __DUMMY__ 0.039389538337754056	false	1.0
undemokratisch	neg 1.0		off 0.4804974907446048 neg 0.4802635278399441 __DUMMY__ 0.03923898141545109	false	0.5
wirtschaftskrise	neg 1.0		neg 0.4868566835395049 off 0.4738651837377986 __DUMMY__ 0.03927813272269651	false	1.0
neid	neg 1.0		off 0.4820907391411456 neg 0.4786730677165619 __DUMMY__ 0.039236193142292465	false	0.5
rutschen	neg 1.0		neg 0.4874432523102917 off 0.472393956342714 __DUMMY__ 0.04016279134699423	false	1.0
rezession	neg 1.0		off 0.48321385990470145 neg 0.47827217914239867 __DUMMY__ 0.038513960952899814	false	0.5
fehlgeburt	neg 1.0		off 0.4811112922010396 neg 0.47930780889807384 __DUMMY__ 0.039580898900886494	false	0.5
charakterschwach	off 1.0		off 0.4839227192520517 neg 0.4770667540895799 __DUMMY__ 0.03901052665836837	false	1.0
isolation	neg 1.0		off 0.4836281709536536 neg 0.47707385480608894 __DUMMY__ 0.039297974240257307	false	0.5
ablenkung	neg 1.0		neg 0.4805165164296179 off 0.4798962820827277 __DUMMY__ 0.03958720148765434	false	1.0
pech	neg 1.0		off 0.4831821034568813 neg 0.47762266439610174 __DUMMY__ 0.03919523214701684	false	0.5
vermeidung	neg 1.0		off 0.4837772919064467 neg 0.47727236039792353 __DUMMY__ 0.03895034769562964	false	0.5
dominieren	neg 1.0		neg 0.48146569389064825 off 0.47888325861162123 __DUMMY__ 0.03965104749773053	false	1.0
schwindlig	neg 1.0		neg 0.4803645109980822 off 0.48036164397588893 __DUMMY__ 0.03927384502602906	false	1.0
lutscher	neg 1.0	neg 1.0	neg 0.7203917004218973 off 0.26157732284368385 __DUMMY__ 0.01803097673441893	false	1.0
pflicht	neg 1.0		neg 0.4847906105344919 off 0.47528154607361484 __DUMMY__ 0.039927843391893245	false	1.0
faschist	off 1.0		off 0.4826418713659698 neg 0.4781337530017308 __DUMMY__ 0.03922437563229944	false	1.0
verschleudern	neg 1.0		neg 0.48766561218290533 off 0.4729582504910968 __DUMMY__ 0.03937613732599784	false	1.0
wenn			off 0.48344217098530556 neg 0.47739468512948746 __DUMMY__ 0.039163143885207044	false	0.0
ehebruch	neg 1.0		neg 0.48382167472170856 off 0.47655371161635296 __DUMMY__ 0.03962461366193838	false	1.0
spott	off 1.0		neg 0.4829061488101874 off 0.4773674600989879 __DUMMY__ 0.039726391090824674	false	0.5
trostlosigkeit	neg 1.0		neg 0.48804528144248926 off 0.4723048233913607 __DUMMY__ 0.03964989516615006	false	1.0
lutschen	neg 1.0		off 0.4823522311921376 neg 0.4785202578057215 __DUMMY__ 0.03912751100214082	false	0.5
undiszipliniert	neg 1.0		off 0.4863323874504479 neg 0.4746968195195397 __DUMMY__ 0.03897079303001244	false	0.5
kopfschmerz	neg 1.0		neg 0.48630803370690273 off 0.4742407791718616 __DUMMY__ 0.039451187121235846	false	1.0
unvorhergesehen	neg 1.0		neg 0.4849959756726965 off 0.4751304106160699 __DUMMY__ 0.03987361371123372	false	1.0
desinteressiert	neg 1.0		off 0.48518999275827684 neg 0.47585201054090226 __DUMMY__ 0.03895799670082086	false	0.5
armselig	off 1.0		off 0.487576579021268 neg 0.47355864096413736 __DUMMY__ 0.03886478001459476	false	1.0
desaster	neg 1.0		neg 0.4873364293243225 off 0.4728818465575146 __DUMMY__ 0.03978172411816291	false	1.0
tod	neg 1.0		neg 0.4832575217488089 off 0.4769679916146903 __DUMMY__ 0.039774486636500905	false	1.0
herzlos	neg 1.0		off 0.48685320964548773 neg 0.47427652895517525 __DUMMY__ 0.03887026139933705	false	0.5
unwissenheit	neg 1.0		neg 0.48366382758703225 off 0.4767736917054552 __DUMMY__ 0.039562480707512546	false	1.0
widersinnig	neg 1.0		neg 0.48404203974074034 off 0.47662227772980165 __DUMMY__ 0.039335682529457947	false	1.0
bedenklich	neg 1.0		neg 0.48485741639528607 off 0.4755707693908342 __DUMMY__ 0.03957181421387968	false	1.0
beanstanden	neg 1.0		neg 0.48405148679046206 off 0.47604010138210473 __DUMMY__ 0.03990841182743321	false	1.0
panisch	neg 1.0		off 0.48196911547167764 neg 0.47857462249429455 __DUMMY__ 0.039456262034027856	false	0.5
debil	off 1.0		neg 0.49064157243155565 off 0.4692071006178706 __DUMMY__ 0.04015132695057382	false	0.5
abstrich	neg 1.0		neg 0.4847697560573844 off 0.475885512779635 __DUMMY__ 0.03934473116298058	false	1.0
primitiv	neg 1.0		off 0.48576270277127537 neg 0.47524189312370424 __DUMMY__ 0.03899540410502034	false	0.5
abschaum	off 1.0	off 1.0	off 0.728236543364505 neg 0.2531902112297433 __DUMMY__ 0.018573245405751778	false	1.0
provozieren	neg 1.0		neg 0.4810325313806391 off 0.47960080486811246 __DUMMY__ 0.03936666375124852	false	1.0
tot	neg 1.0		neg 0.4845997066843669 off 0.47595291901167086 __DUMMY__ 0.039447374303962154	false	1.0
instabil	neg 1.0		off 0.4875673681742722 neg 0.47362971261814013 __DUMMY__ 0.038802919207587584	false	0.5
schwuchtel	off 1.0	off 1.0	off 0.733800754530137 neg 0.24828237716952983 __DUMMY__ 0.017916868300333125	false	1.0
zerren	neg 1.0		neg 0.4824223403896067 off 0.4778509618843988 __DUMMY__ 0.03972669772599444	false	1.0
kinderficker	off 1.0		off 0.48928040309175097 neg 0.4720401561461898 __DUMMY__ 0.038679440762059085	false	1.0
gefahr	neg 1.0		neg 0.4851069635727869 off 0.4750508320261995 __DUMMY__ 0.039842204401013555	false	1.0
rabiat	neg 1.0		neg 0.4830363688393462 off 0.4775341380939745 __DUMMY__ 0.039429493066679394	false	1.0
verlangsamung	neg 1.0		off 0.4904672553618963 neg 0.47100191713593803 __DUMMY__ 0.038530827502165695	false	0.5
ausgestorben	neg 1.0		neg 0.48197769280542324 off 0.4784456686915601 __DUMMY__ 0.03957663850301675	false	1.0
anklagen	neg 1.0		neg 0.48273379762250934 off 0.4777206847997522 __DUMMY__ 0.03954551757773843	false	1.0
trott	neg 1.0		neg 0.4814823245477418 off 0.47905908555078464 __DUMMY__ 0.03945858990147348	false	1.0
verminderung	neg 1.0		off 0.4842910940665242 neg 0.4767221240271829 __DUMMY__ 0.03898678190629289	false	0.5
nach			neg 0.48734994283327543 off 0.4723129485457787 __DUMMY__ 0.04033710862094593	false	0.0
rost	neg 1.0		off 0.49421976337986284 neg 0.4670786426666093 __DUMMY__ 0.03870159395352797	false	0.5
destruktiv	neg 1.0		neg 0.48200317987543384 off 0.47857490747468173 __DUMMY__ 0.039421912649884615	false	1.0
unzumutbarkeit	neg 1.0		off 0.4847903146286944 neg 0.47615734239717833 __DUMMY__ 0.03905234297412736	false	0.5
labil	off 1.0	off 1.0	off 0.727097774590848 neg 0.254381335436727 __DUMMY__ 0.018520889972424938	false	1.0
ziemlich	neg 1.0		off 0.48492014286909657 neg 0.47591313564040555 __DUMMY__ 0.03916672149049805	false	0.5
lachnummer	off 1.0		off 0.48037323526662695 neg 0.4801142363653501 __DUMMY__ 0.03951252836802297	false	1.0
oder			off 0.4807037183205088 neg 0.47975097139618944 __DUMMY__ 0.039545310283301716	false	0.0
verfall	neg 1.0		neg 0.49002764938196963 off 0.47015837340383854 __DUMMY__ 0.039813977214191824	false	1.0
ausgrenzung	neg 1.0		neg 0.48064254684430235 off 0.48014287759424756 __DUMMY__ 0.03921457556144992	false	1.0
unordnung	neg 1.0		off 0.487056890310829 neg 0.4742422368408582 __DUMMY__ 0.038700872848312674	false	0.5
fehlverhalten	neg 1.0		neg 0.4844437873143601 off 0.4758275339216584 __DUMMY__ 0.03972867876398154	false	1.0
eine			neg 0.48616729407797754 off 0.4739804067397903 __DUMMY__ 0.03985229918223222	false	0.0
nille	neg 1.0		neg 0.4811535866530842 off 0.47940050302916415 __DUMMY__ 0.03944591031775164	false	1.0
qual	neg 1.0		neg 0.4821015918137275 off 0.47844953539366125 __DUMMY__ 0.03944887279261125	false	1.0
verschwenden	neg 1.0		neg 0.48629587855498524 off 0.47410751263856954 __DUMMY__ 0.03959660880644538	false	1.0
riesig	neg 1.0		neg 0.4840246631014346 off 0.476250662795549 __DUMMY__ 0.03972467410301639	false	1.0
verurteilen	neg 1.0		neg 0.4832862810340963 off 0.4771758435902807 __DUMMY__ 0.03953787537562292	false	1.0
klischee	neg 1.0	neg 1.0	neg 0.7250204004521473 off 0.2564419276514299 __DUMMY__ 0.01853767189642269	false	1.0
diktatorisch	neg 1.0		neg 0.48076560585286565 off 0.4800509810140599 __DUMMY__ 0.039183413133074434	false	1.0
vorhersehbar	neg 1.0		off 0.48089794609397846 neg 0.47994039892169443 __DUMMY__ 0.039161654984327235	false	0.5
sowie			off 0.4868410638783985 neg 0.47462152849114336 __DUMMY__ 0.03853740763045821	false	0.0
stornieren	neg 1.0		off 0.4850844591095838 neg 0.47530739413969514 __DUMMY__ 0.03960814675072102	false	0.5
besteuerung	neg 1.0	neg 1.0	neg 0.7282232095600991 off 0.2533103991123292 __DUMMY__ 0.018466391327571715	false	1.0
ungeschminkt	neg 1.0		off 0.4851062043385319 neg 0.47598180206637924 __DUMMY__ 0.0389119935950888	false	0.5
kritisch	neg 1.0		neg 0.48307592053951454 off 0.47730471602399405 __DUMMY__ 0.039619363436491487	false	1.0
schlamperei	off 1.0		neg 0.48491206173549767 off 0.4754579331802911 __DUMMY__ 0.03963000508421128	false	0.5
sucht	neg 1.0	neg 1.0	neg 0.7250630205415274 off 0.25621470317700457 __DUMMY__ 0.018722276281468036	false	1.0
egoistisch	off 1.0	off 1.0	off 0.7305010342001401 neg 0.2511592482084126 __DUMMY__ 0.018339717591447258	false	1.0
ausbeuter	off 1.0		neg 0.4868132284154409 off 0.4736382265573684 __DUMMY__ 0.0395485450271908	false	0.5
arschgeburt	off 1.0		off 0.495678981135563 neg 0.4663453319558971 __DUMMY__ 0.03797568690853977	false	1.0
schubs	neg 1.0		neg 0.48581528078887726 off 0.47472581336590536 __DUMMY__ 0.03945890584521743	false	1.0
unsolide	neg 1.0		off 0.4824378052549031 neg 0.4782291243278246 __DUMMY__ 0.039333070417272215	false	0.5
beschwerde	neg 1.0		neg 0.48264192159034547 off 0.4777465068389617 __DUMMY__ 0.03961157157069284	false	1.0
stocken	neg 1.0		neg 0.4838548875470626 off 0.4764965361436349 __DUMMY__ 0.03964857630930252	false	1.0
isolieren	neg 1.0		neg 0.4840251536482418 off 0.4764846922534761 __DUMMY__ 0.03949015409828215	false	1.0
unheilbar	neg 1.0		neg 0.48062985748391784 off 0.479859881508215 __DUMMY__ 0.03951026100786717	false	1.0
pisser	off 1.0	off 1.0	off 0.7289416039363632 neg 0.25266456165692736 __DUMMY__ 0.018393834406709452	false	1.0
löschen	neg 1.0		neg 0.4817073919487025 off 0.4789361646338193 __DUMMY__ 0.039356443417478224	false	1.0
durchfallen	neg 1.0		neg 0.4830385407307739 off 0.4773152582948478 __DUMMY__ 0.03964620097437832	false	1.0
wichser	off 1.0	off 1.0	off 0.7324713689455455 neg 0.2494143282069243 __DUMMY__ 0.01811430284753024	false	1.0
terror	neg 1.0		off 0.4820219167973571 neg 0.47873682565429915 __DUMMY__ 0.039241257548343615	false	0.5
krass	neg 1.0		off 0.4882024256540592 neg 0.4730611711309966 __DUMMY__ 0.03873640321494423	false	0.5
revolte	neg 1.0		neg 0.4812004831225197 off 0.47984723226730813 __DUMMY__ 0.038952284610172194	false	1.0
besorgt	neg 1.0		neg 0.4810371586216928 off 0.4791906382587138 __DUMMY__ 0.039772203119593466	false	1.0
nachlassen	neg 1.0		neg 0.48261003517774564 off 0.4776308159552932 __DUMMY__ 0.03975914886696117	false	1.0
alt	neg 1.0		neg 0.4891034179375583 off 0.47168063878441086 __DUMMY__ 0.0392159432780308	false	1.0
hundesohn	off 1.0	off 1.0	off 0.7316338609878564 neg 0.25024814722665295 __DUMMY__ 0.018117991785490527	false	1.0
als			neg 0.4833098000708726 off 0.47712537575942426 __DUMMY__ 0.03956482416970319	false	0.0
abschreckung	neg 1.0		neg 0.48596324514687983 off 0.47433202868578245 __DUMMY__ 0.03970472616733774	false	1.0
unqualifiziert	neg 1.0		off 0.48341757942984076 neg 0.4773780733912652 __DUMMY__ 0.03920434717889403	false	0.5
abgewichst	off 1.0		neg 0.48120801671075397 off 0.4792666615621679 __DUMMY__ 0.03952532172707812	false	0.5
schwer	neg 1.0		neg 0.48120397397599257 off 0.4792380064623659 __DUMMY__ 0.039558019561641636	false	1.0
bedeutungslosigkeit	neg 1.0		neg 0.48524945422805027 off 0.47505138854303797 __DUMMY__ 0.03969915722891179	false	1.0
kapitulation	neg 1.0		neg 0.48547447197749405 off 0.47508220283623925 __DUMMY__ 0.03944332518626663	false	1.0
unscharf	neg 1.0		neg 0.4824929015066702 off 0.478473614578266 __DUMMY__ 0.03903348391506379	false	1.0
schwinden	neg 1.0		neg 0.4860768386559532 off 0.474314663380237 __DUMMY__ 0.03960849796380977	false	1.0
versklavung	neg 1.0	neg 1.0	neg 0.7267899598501917 off 0.2546643682842688 __DUMMY__ 0.018545671865539456	false	1.0
schlecht	neg 1.0		off 0.48520983526993133 neg 0.475609845007747 __DUMMY__ 0.03918031972232169	false	0.5
verhasst	neg 1.0		neg 0.4808944803763802 off 0.47981881904037127 __DUMMY__ 0.03928670058324863	false	1.0
beschweren	neg 1.0		off 0.4816873464399477 neg 0.478884936822485 __DUMMY__ 0.03942771673756737	false	0.5
scheiden	neg 1.0		neg 0.4808602598971931 off 0.47965389696966304 __DUMMY__ 0.039485843133143766	false	1.0
frustriert	neg 1.0		neg 0.4820335933778508 off 0.4783688381284192 __DUMMY__ 0.03959756849373	false	1.0
schimmelig	neg 1.0		neg 0.4868236457607346 off 0.4738263231090865 __DUMMY__ 0.03935003113017881	false	1.0
fisch	neg 1.0		neg 0.4904972948745479 off 0.47005340955440145 __DUMMY__ 0.039449295571050584	false	1.0
schmuggel	neg 1.0		neg 0.4852260154326442 off 0.4748603352312295 __DUMMY__ 0.03991364933612633	false	1.0
auffallen	neg 1.0		off 0.4815900597273388 neg 0.4790647770248637 __DUMMY__ 0.03934516324779752	false	0.5
konkurrenz	neg 1.0		neg 0.4834851495467195 off 0.47659985956917916 __DUMMY__ 0.03991499088410131	false	1.0
teufelskreis	neg 1.0	neg 1.0	neg 0.7277103342396398 off 0.2536430548991282 __DUMMY__ 0.018646610861231996	false	1.0
aufschreien	neg 1.0		off 0.48085580924471016 neg 0.4799626986094817 __DUMMY__ 0.039181492145808246	false	0.5
schuldner	neg 1.0		neg 0.4880821004199078 off 0.47246191738310966 __DUMMY__ 0.03945598219698238	false	1.0
missgeburt	off 1.0	off 1.0	off 0.7317497633047038 neg 0.2499929295198268 __DUMMY__ 0.01825730717546941	false	1.0
arbeitslos	neg 1.0		neg 0.4838580494957747 off 0.47654945052130926 __DUMMY__ 0.0395924999829159	false	1.0
befallen	neg 1.0		neg 0.4866108834575217 off 0.4742585141122731 __DUMMY__ 0.03913060243020518	false	1.0
miesepetrig	off 1.0	off 1.0	off 0.7273380800403917 neg 0.25412491094256007 __DUMMY__ 0.018537009017048186	false	1.0
alarmieren	neg 1.0		off 0.48328551291541444 neg 0.4775810270914474 __DUMMY__ 0.03913345999313822	false	0.5
ungeduscht	off 1.0		off 0.4820948975706145 neg 0.47884823693141726 __DUMMY__ 0.039056865497968066	false	1.0
knappheit	neg 1.0		neg 0.48587037952482104 off 0.47478139138050873 __DUMMY__ 0.039348229094670374	false	1.0
schlange	neg 1.0		off 0.4803207476519957 neg 0.480156673469675 __DUMMY__ 0.039522578878329245	false	0.5
harsch	neg 1.0		off 0.48939719023645933 neg 0.47164788852402817 __DUMMY__ 0.038954921239512566	false	0.5
lang	neg 1.0		off 0.48036496050171507 neg 0.4802566105152107 __DUMMY__ 0.039378428983074185	false	0.5
ziellos	neg 1.0		neg 0.48366919658097096 off 0.4765145388572207 __DUMMY__ 0.03981626456180825	false	1.0
selbstverliebt	neg 1.0		off 0.4951169062462111 neg 0.4665328814984363 __DUMMY__ 0.038350212255352636	false	0.5
beseitigen	neg 1.0		neg 0.480533870006307 off 0.4799127539991094 __DUMMY__ 0.0395533759945837	false	1.0
dumm	off 1.0		off 0.48989177162983377 neg 0.47150426155164016 __DUMMY__ 0.03860396681852608	false	1.0
arbeitsloser	neg 1.0		off 0.4806593799364744 neg 0.47936983267450134 __DUMMY__ 0.03997078738902428	false	0.5
blitzen	neg 1.0		off 0.4818364007914991 neg 0.479047941364225 __DUMMY__ 0.03911565784427601	false	0.5
hilflos	neg 1.0		neg 0.4836966976911915 off 0.4767157458183186 __DUMMY__ 0.03958755649048983	false	1.0
eklig	off 1.0		off 0.48900206255911616 neg 0.4725556148353883 __DUMMY__ 0.038442322605495495	false	1.0
begriff			neg 0.48106154269606494 off 0.47939561111655377 __DUMMY__ 0.03954284618738133	false	0.0
hungersnot	neg 1.0		neg 0.48533895144007805 off 0.4752707417701618 __DUMMY__ 0.039390306789760035	false	1.0
ungesetzlich	neg 1.0		off 0.4811109365893031 neg 0.4796073611447324 __DUMMY__ 0.03928170226596446	false	0.5
verschwendung	neg 1.0		neg 0.4854297107092269 off 0.4748852437837376 __DUMMY__ 0.03968504550703555	false	1.0
schmerzvoll	neg 1.0		neg 0.48094344001732214 off 0.47976053566070764 __DUMMY__ 0.03929602432197032	false	1.0
vorzeitig	neg 1.0		off 0.4862295276267818 neg 0.4744237629056141 __DUMMY__ 0.03934670946760407	false	0.5
unvollkommenheit	neg 1.0		neg 0.4828288443898878 off 0.4776393970967714 __DUMMY__ 0.0395317585133408	false	1.0
intervenieren	neg 1.0		neg 0.48690580031453345 off 0.4736342688821923 __DUMMY__ 0.03945993080327413	false	1.0
banause	off 1.0		off 0.48870221258633484 neg 0.47311836856120976 __DUMMY__ 0.038179418852455446	false	1.0
rebell	neg 1.0		neg 0.49115911105835885 off 0.4691929914934218 __DUMMY__ 0.0396478974482194	false	1.0
unlogisch	neg 1.0		off 0.4856334058357809 neg 0.47553334744699244 __DUMMY__ 0.03883324671722663	false	0.5
leiden	neg 1.0		neg 0.4838584730761827 off 0.4761671166025609 __DUMMY__ 0.039974410321256454	false	1.0
abschaffung	neg 1.0		neg 0.48207854236272435 off 0.4786933002106408 __DUMMY__ 0.03922815742663474	false	1.0
sturz	neg 1.0		off 0.48354937380271695 neg 0.47687760163524023 __DUMMY__ 0.03957302456204275	false	0.5
verkleinerung	neg 1.0		neg 0.4815396081083522 off 0.4796093095625608 __DUMMY__ 0.038851082329086926	false	1.0
schmarotzer	off 1.0		neg 0.4829257211938853 off 0.4775294222625179 __DUMMY__ 0.039544856543596775	false	0.5
bestrafung	neg 1.0	neg 1.0	neg 0.725894300987259 off 0.25539302080878207 __DUMMY__ 0.018712678203958825	false	1.0
achtlos	neg 1.0		neg 0.4812484870924073 off 0.47909171272524875 __DUMMY__ 0.03965980018234375	false	1.0
ungeheuer	neg 1.0		neg 0.48179086683571415 off 0.47885904325056405 __DUMMY__ 0.03935008991372183	false	1.0
unaufrichtig	neg 1.0		off 0.4833159414162853 neg 0.47748214165326347 __DUMMY__ 0.03920191693045126	false	0.5
