unsolidarisch	neg 1.0		__DUMMY__ 0.44613059479046835 neg 0.27775442235302894 off 0.2761149828565028	false	1.0
nachteilig	neg 1.0		__DUMMY__ 0.4518450479488311 neg 0.2758540108605706 off 0.27230094119059833	false	1.0
skeptisch	neg 1.0		__DUMMY__ 0.45126975106018297 neg 0.2783630452154039 off 0.27036720372441314	false	1.0
schrecklich	neg 1.0		__DUMMY__ 0.44218573274126916 off 0.28572270938183997 neg 0.27209155787689093	false	0.5
schlapp	neg 1.0	neg 1.0	neg 0.6255082926092411 __DUMMY__ 0.21452103649827528 off 0.15997067089248362	false	1.0
abfall	neg 1.0		__DUMMY__ 0.45517735083895106 neg 0.27701503093392105 off 0.26780761822712795	false	1.0
widerspenstig	neg 1.0		__DUMMY__ 0.447125685249186 neg 0.27864699676347277 off 0.27422731798734135	false	1.0
abrupt	neg 1.0		__DUMMY__ 0.44997333370757864 neg 0.28097345287117215 off 0.26905321342124916	false	1.0
unwirksam	neg 1.0		__DUMMY__ 0.44324229107295005 neg 0.28253355282121634 off 0.2742241561058335	false	1.0
angreifen	neg 1.0		__DUMMY__ 0.45185021625126043 neg 0.2783244325014371 off 0.2698253512473024	false	1.0
inkonsistent	neg 1.0		__DUMMY__ 0.44532833973614644 off 0.27812305824514577 neg 0.2765486020187079	false	0.5
abrutschen	neg 1.0		__DUMMY__ 0.45446494507596547 neg 0.2784977523937139 off 0.26703730253032076	false	1.0
unsicher	neg 1.0		__DUMMY__ 0.4492365080621809 off 0.27579080310280174 neg 0.2749726888350173	false	0.5
bauernkind	off 1.0	off 1.0	off 0.6325132413349154 __DUMMY__ 0.20984017843808636 neg 0.15764658022699823	false	1.0
angreifer	neg 1.0		__DUMMY__ 0.44808547803304344 off 0.2807327273764469 neg 0.27118179459050973	false	0.5
trennen	neg 1.0		__DUMMY__ 0.4528399298774861 neg 0.2772822323015778 off 0.2698778378209361	false	1.0
schmutz	neg 1.0		__DUMMY__ 0.45104963253931496 off 0.28094901968564573 neg 0.2680013477750393	false	0.5
inkonsistenz	neg 1.0		__DUMMY__ 0.4454163306290883 off 0.28136748028755987 neg 0.2732161890833518	false	0.5
erschreckend	neg 1.0		__DUMMY__ 0.4488260563061938 neg 0.2763615245060551 off 0.27481241918775096	false	1.0
ertrinken	neg 1.0		__DUMMY__ 0.45069792111667323 neg 0.2807049626311308 off 0.26859711625219596	false	1.0
pickelface	off 1.0		__DUMMY__ 0.44751897397374824 neg 0.2765060405637493 off 0.27597498546250254	false	0.5
seiner			__DUMMY__ 0.45255739727921507 neg 0.27678638444381204 off 0.27065621827697295	false	0.0
lauch	neg 1.0	neg 1.0	neg 0.6295919903787058 __DUMMY__ 0.21882155570313416 off 0.1515864539181601	false	1.0
unwichtig	neg 1.0		__DUMMY__ 0.44470695721197323 off 0.280933171228932 neg 0.27435987155909475	false	0.5
steuerhinterziehung	neg 1.0		__DUMMY__ 0.4475424918817978 neg 0.2780377060462005 off 0.2744198020720017	false	1.0
schock	neg 1.0		__DUMMY__ 0.44965751662342496 neg 0.2765535164402054 off 0.2737889669363696	false	1.0
beule	neg 1.0		__DUMMY__ 0.44285234572913046 off 0.28339729814322506 neg 0.2737503561276445	false	0.5
vergelten	neg 1.0		__DUMMY__ 0.44293352037134265 off 0.2874368252178183 neg 0.2696296544108391	false	0.5
verdorbenheit	neg 1.0		__DUMMY__ 0.4470607698940199 off 0.276561218399162 neg 0.2763780117068181	false	0.5
trauma	neg 1.0		__DUMMY__ 0.4465424941792215 off 0.27684572313653727 neg 0.27661178268424125	false	0.5
sinnlos	neg 1.0		__DUMMY__ 0.4469508591736829 off 0.2777861827536005 neg 0.2752629580727167	false	0.5
fettsack	off 1.0	off 1.0	off 0.6336704068951969 __DUMMY__ 0.21009289981356447 neg 0.15623669329123874	false	1.0
feige	off 1.0	off 1.0	off 0.6301447590263314 __DUMMY__ 0.2135205693780161 neg 0.15633467159565256	false	1.0
abdanken	neg 1.0		__DUMMY__ 0.448733314469453 neg 0.2760017648232924 off 0.2752649207072545	false	1.0
wichtigtuer	off 1.0	off 1.0	off 0.6284738901824611 __DUMMY__ 0.21563433953896527 neg 0.1558917702785735	false	1.0
misslingen	neg 1.0	neg 1.0	neg 0.6225371728832256 __DUMMY__ 0.21878813028199273 off 0.15867469683478164	false	1.0
untreu	off 1.0		__DUMMY__ 0.44388051939310647 off 0.28230319386748454 neg 0.27381628673940894	false	1.0
missmutig	neg 1.0		__DUMMY__ 0.44545686305530513 off 0.27949124025694616 neg 0.2750518966877486	false	0.5
hurenbock	off 1.0		__DUMMY__ 0.4439073271978092 neg 0.2820545068041048 off 0.2740381659980859	false	0.5
betrunken	neg 1.0		__DUMMY__ 0.4426784436478059 off 0.28442060830825455 neg 0.2729009480439396	false	0.5
korrupt	off 1.0		__DUMMY__ 0.4473063527469405 neg 0.2790017302003063 off 0.27369191705275303	false	0.5
unmut	neg 1.0		__DUMMY__ 0.4524891048817288 neg 0.27909738715178867 off 0.2684135079664825	false	1.0
hackfresse	off 1.0		__DUMMY__ 0.4390624911293576 off 0.2907655335568509 neg 0.2701719753137915	false	1.0
aufblasen	neg 1.0		__DUMMY__ 0.44812984551122664 off 0.27599419814596504 neg 0.2758759563428083	false	0.5
gewaltsam	neg 1.0		__DUMMY__ 0.44856051260624763 neg 0.27627736261359115 off 0.27516212478016117	false	1.0
unbeliebtheit	neg 1.0		__DUMMY__ 0.44414938242795304 off 0.2825152819149819 neg 0.27333533565706497	false	0.5
sturheit	neg 1.0		__DUMMY__ 0.4501349640195518 off 0.2753074312196281 neg 0.2745576047608202	false	0.5
kuh	neg 1.0		__DUMMY__ 0.43950680443760687 neg 0.28440460419802127 off 0.276088591364372	false	1.0
erschrecken	neg 1.0		__DUMMY__ 0.4460859275901013 off 0.2803165784877654 neg 0.27359749392213334	false	0.5
opfer	neg 1.0		__DUMMY__ 0.4523696195593757 neg 0.27488349384707833 off 0.272746886593546	false	1.0
sinken	neg 1.0		__DUMMY__ 0.45103851115575366 neg 0.2804707391122722 off 0.26849074973197407	false	1.0
stinktier	neg 1.0		__DUMMY__ 0.4363943948550551 off 0.28639922834693554 neg 0.27720637679800936	false	0.5
tucke	off 1.0		__DUMMY__ 0.43410800224747065 off 0.2914591365490804 neg 0.2744328612034492	false	1.0
ein			__DUMMY__ 0.44720993181090785 neg 0.27891881690368964 off 0.2738712512854024	false	0.0
abstieg	neg 1.0		__DUMMY__ 0.453565801751727 off 0.2750575461464009 neg 0.27137665210187206	false	0.5
missverstehen	neg 1.0		__DUMMY__ 0.44630039064065363 off 0.2787824201550615 neg 0.2749171892042848	false	0.5
ergebnislos	neg 1.0		__DUMMY__ 0.4523634897724947 neg 0.27529266945739306 off 0.27234384077011226	false	1.0
unter			__DUMMY__ 0.4584867261466579 neg 0.278098745857858 off 0.2634145279954841	false	0.0
manipulieren	neg 1.0		__DUMMY__ 0.45241110011702096 neg 0.27612461107673253 off 0.2714642888062466	false	1.0
unbewiesen	neg 1.0	neg 1.0	neg 0.6264688334592748 __DUMMY__ 0.21616033340893037 off 0.15737083313179476	false	1.0
verschleppen	neg 1.0		__DUMMY__ 0.44947446174258054 neg 0.27806012695299154 off 0.2724654113044279	false	1.0
weib	off 1.0		__DUMMY__ 0.43588824409896026 off 0.29236340445938064 neg 0.2717483514416592	false	1.0
opposition	neg 1.0		__DUMMY__ 0.4453679434739565 neg 0.27796873994592003 off 0.2766633165801234	false	1.0
verkehrswidrig	neg 1.0	neg 1.0	neg 0.6214960681626716 __DUMMY__ 0.214431028776783 off 0.16407290306054542	false	1.0
inkorrekt	neg 1.0		__DUMMY__ 0.4418088329216285 off 0.2853757516396326 neg 0.2728154154387389	false	0.5
vermeiden	neg 1.0		__DUMMY__ 0.4548961085102611 neg 0.27861673870435655 off 0.2664871527853824	false	1.0
abweichung	neg 1.0	neg 1.0	neg 0.6250730544641462 __DUMMY__ 0.21903367826731 off 0.15589326726854372	false	1.0
alkoholisiert	neg 1.0		__DUMMY__ 0.45414254503595053 neg 0.27467662787561636 off 0.2711808270884331	false	1.0
scheiss	off 1.0	off 1.0	off 0.6309645142697826 __DUMMY__ 0.2128083806759525 neg 0.15622710505426488	false	1.0
herausforderung	neg 1.0		__DUMMY__ 0.4510683756491341 neg 0.27555868691780583 off 0.2733729374330602	false	1.0
pervers	off 1.0		__DUMMY__ 0.4350848975454374 off 0.29528760169527585 neg 0.26962750075928665	false	1.0
wackelig	neg 1.0		__DUMMY__ 0.4511516540704338 neg 0.275646473310371 off 0.27320187261919515	false	1.0
verwickeln	neg 1.0		__DUMMY__ 0.4466679176135296 off 0.2776704634365331 neg 0.2756616189499373	false	0.5
vorwand	neg 1.0		__DUMMY__ 0.45186180378527774 neg 0.2788683250653247 off 0.26926987114939754	false	1.0
muschi	off 1.0		__DUMMY__ 0.44892285334667353 neg 0.27595662891886175 off 0.2751205177344647	false	0.5
entmutigung	neg 1.0		__DUMMY__ 0.4448728717770961 off 0.2778351234439532 neg 0.2772920047789506	false	0.5
unangemessen	neg 1.0		__DUMMY__ 0.4497193513058027 neg 0.2755859684396789 off 0.2746946802545183	false	1.0
unstetig	neg 1.0		__DUMMY__ 0.44572022024895147 off 0.2801977776720103 neg 0.27408200207903827	false	0.5
entmutigen	neg 1.0		__DUMMY__ 0.44789812906837306 off 0.2767820664653267 neg 0.27531980446630017	false	0.5
schwanz	neg 1.0		__DUMMY__ 0.44922803412283574 neg 0.2784584249731582 off 0.27231354090400606	false	1.0
verbot	neg 1.0		__DUMMY__ 0.4475891036492638 neg 0.27913549258417075 off 0.27327540376656545	false	1.0
leid	neg 1.0		__DUMMY__ 0.4405843583983512 off 0.28730889853211233 neg 0.2721067430695364	false	0.5
archaisch	neg 1.0		__DUMMY__ 0.44849795162371053 neg 0.277840541337658 off 0.27366150703863157	false	1.0
gegen			__DUMMY__ 0.45400034838856423 neg 0.2762287039233051 off 0.26977094768813065	false	0.0
scheidung	neg 1.0		__DUMMY__ 0.43749632951908834 off 0.30102661741053904 neg 0.2614770530703726	false	0.5
einschlag	neg 1.0		__DUMMY__ 0.4442094798229023 off 0.28705147606399267 neg 0.268739044113105	false	0.5
m			__DUMMY__ 0.44997198718408715 neg 0.2766591853118572 off 0.2733688275040556	false	0.0
abgestanden	neg 1.0		__DUMMY__ 0.4427567707244178 neg 0.284070859650309 off 0.2731723696252731	false	1.0
schmierig	off 1.0		__DUMMY__ 0.440917669826052 off 0.28703209280961733 neg 0.2720502373643308	false	1.0
unpraktisch	neg 1.0		__DUMMY__ 0.44814286013167587 off 0.27750500553220075 neg 0.27435213433612343	false	0.5
wixxer	off 1.0		__DUMMY__ 0.43361617100172684 off 0.2951335946605324 neg 0.2712502343377408	false	1.0
bezeichnet			__DUMMY__ 0.44869594744826014 off 0.2762654661373634 neg 0.2750385864143765	false	0.0
jammerlappen	off 1.0		__DUMMY__ 0.44497110336339735 off 0.28146223747721033 neg 0.2735666591593923	false	1.0
farce	neg 1.0		__DUMMY__ 0.4464593143566439 neg 0.2784908676536362 off 0.27504981798972	false	1.0
zwecklos	neg 1.0		__DUMMY__ 0.4493697130871211 neg 0.277486588784789 off 0.27314369812809	false	1.0
turbulent	neg 1.0		__DUMMY__ 0.4430083124514847 off 0.283637882487821 neg 0.27335380506069423	false	0.5
invasion	neg 1.0		__DUMMY__ 0.44650239609640524 off 0.2786164085868297 neg 0.27488119531676514	false	0.5
schuld	neg 1.0		__DUMMY__ 0.44751794204778794 off 0.2770633635469488 neg 0.27541869440526323	false	0.5
risiko	neg 1.0		__DUMMY__ 0.444736571091594 neg 0.2782425929097342 off 0.277020835998672	false	1.0
finster	neg 1.0		__DUMMY__ 0.4467570352697451 neg 0.2788074583364635 off 0.27443550639379144	false	1.0
geisteskrank	off 1.0		__DUMMY__ 0.44281489897467496 off 0.28407190823213285 neg 0.2731131927931922	false	1.0
zusammenbrechen	neg 1.0		__DUMMY__ 0.4491880251436492 neg 0.2775278989877178 off 0.2732840758686329	false	1.0
ausbeute	neg 1.0		__DUMMY__ 0.4513868926545935 off 0.2753783280812935 neg 0.27323477926411316	false	0.5
hinterhalt	neg 1.0		__DUMMY__ 0.4484091208045903 neg 0.2779662381729528 off 0.2736246410224569	false	1.0
kritik	neg 1.0		__DUMMY__ 0.4464616828536441 neg 0.27888314361560806 off 0.27465517353074775	false	1.0
einschrumpfen	neg 1.0		__DUMMY__ 0.4422018763646298 off 0.2804672739195355 neg 0.27733084971583466	false	0.5
riskant	neg 1.0		__DUMMY__ 0.4505455833561923 neg 0.2791279619301637 off 0.27032645471364386	false	1.0
frustrieren	neg 1.0		__DUMMY__ 0.4494548044837726 neg 0.27945504029292667 off 0.2710901552233008	false	1.0
groll	neg 1.0		__DUMMY__ 0.4504419154491733 neg 0.2756224228342622 off 0.2739356617165646	false	1.0
gibt			__DUMMY__ 0.45028612620892905 neg 0.27652482330561484 off 0.2731890504854561	false	0.0
qualvoll	neg 1.0		__DUMMY__ 0.446788830275641 off 0.277937573966887 neg 0.27527359575747207	false	0.5
wackeln	neg 1.0		__DUMMY__ 0.4487035687078449 neg 0.27585471110110626 off 0.27544172019104896	false	1.0
klagen	neg 1.0		__DUMMY__ 0.4511315896582606 neg 0.27960435288905583 off 0.2692640574526835	false	1.0
bankrott	neg 1.0		__DUMMY__ 0.44622759677382673 off 0.2812245829745296 neg 0.27254782025164365	false	0.5
trauern	neg 1.0		__DUMMY__ 0.45439160822897723 neg 0.27338577057498237 off 0.2722226211960404	false	1.0
ablehnung	neg 1.0		__DUMMY__ 0.44725634830296374 neg 0.27858487988589253 off 0.2741587718111438	false	1.0
stur	neg 1.0		__DUMMY__ 0.44684131034853974 off 0.27674398971008746 neg 0.27641469994137274	false	0.5
aufruhr	neg 1.0	neg 1.0	neg 0.6269293145231477 __DUMMY__ 0.21644640488612207 off 0.15662428059073025	false	1.0
melancholie	neg 1.0		__DUMMY__ 0.44964671261698735 neg 0.2809134496095628 off 0.26943983777344993	false	1.0
ist			__DUMMY__ 0.4473004328663743 off 0.27760856328630795 neg 0.27509100384731777	false	0.0
torheit	neg 1.0		__DUMMY__ 0.44751232892943954 off 0.2772022352373232 neg 0.2752854358332373	false	0.5
dreckskind	off 1.0		__DUMMY__ 0.4374294538952449 off 0.29166156694213247 neg 0.27090897916262263	false	1.0
umtauschen	neg 1.0		__DUMMY__ 0.4482103273496063 neg 0.2771760270218553 off 0.27461364562853846	false	1.0
zum			__DUMMY__ 0.45866545827558525 neg 0.27295247677365686 off 0.26838206495075795	false	0.0
zersetzen	neg 1.0		__DUMMY__ 0.4501569750346364 neg 0.2798320264849285 off 0.2700109984804349	false	1.0
zur			__DUMMY__ 0.4551373001975129 neg 0.2780207421205466 off 0.2668419576819406	false	0.0
frust	neg 1.0		__DUMMY__ 0.4498117939730118 neg 0.2769444924308681 off 0.2732437135961201	false	1.0
unerbittlichkeit	neg 1.0		__DUMMY__ 0.4512815104868491 neg 0.27707046910341704 off 0.27164802040973396	false	1.0
zwei			__DUMMY__ 0.4558212451089735 neg 0.27774867263377306 off 0.26643008225725356	false	0.0
unkorrekt	neg 1.0		__DUMMY__ 0.4420911021895789 off 0.2837485274978475 neg 0.2741603703125735	false	0.5
hexe	off 1.0		__DUMMY__ 0.44252831227180034 off 0.2798700597392247 neg 0.27760162798897514	false	1.0
lasch	neg 1.0		__DUMMY__ 0.44562742538191613 off 0.28055377678030025 neg 0.2738187978377837	false	0.5
rivale	neg 1.0		__DUMMY__ 0.442264232152269 off 0.2857808534004082 neg 0.2719549144473227	false	0.5
mutlos	off 1.0	off 1.0	off 0.6249023438440341 __DUMMY__ 0.21750632212893295 neg 0.1575913340270329	false	1.0
wirr	off 1.0		__DUMMY__ 0.44139571989916254 off 0.28626238522940356 neg 0.27234189487143406	false	1.0
jahr			__DUMMY__ 0.45546842384044023 off 0.2723005938949653 neg 0.27223098226459436	false	0.0
wird			__DUMMY__ 0.4507408422308525 neg 0.27666745353163275 off 0.27259170423751466	false	0.0
strafbar	neg 1.0		__DUMMY__ 0.4511533979542322 neg 0.27738601974434784 off 0.27146058230141995	false	1.0
erosion	neg 1.0		__DUMMY__ 0.4481542846018593 neg 0.275994111930083 off 0.2758516034680578	false	1.0
eingehen	neg 1.0		__DUMMY__ 0.4498063193370119 neg 0.27916107312396476 off 0.2710326075390234	false	1.0
faul	off 1.0		__DUMMY__ 0.4451972868337145 off 0.28033586015769246 neg 0.2744668530085929	false	1.0
provisorium	neg 1.0		__DUMMY__ 0.45879836122844936 neg 0.2775560372549574 off 0.2636456015165931	false	1.0
schmerzen	neg 1.0		__DUMMY__ 0.448168165274621 neg 0.2780206247269494 off 0.2738112099984295	false	1.0
schrumpfen	neg 1.0		__DUMMY__ 0.45232715313667127 neg 0.28196314093715136 off 0.26570970592617726	false	1.0
geistlos	off 1.0		__DUMMY__ 0.4447096272149193 off 0.2784655824204498 neg 0.276824790364631	false	1.0
fehlkauf	neg 1.0		__DUMMY__ 0.44515077273687337 off 0.277999239295153 neg 0.2768499879679736	false	0.5
frustrierend	neg 1.0		__DUMMY__ 0.4456740460724303 off 0.2799917312122593 neg 0.2743342227153105	false	0.5
unzufrieden	neg 1.0		__DUMMY__ 0.44970789801833017 neg 0.2773073224126341 off 0.2729847795690357	false	1.0
verzweifeln	neg 1.0		__DUMMY__ 0.4494536785078433 neg 0.27585169954048055 off 0.274694621951676	false	1.0
verzweifelt	neg 1.0		__DUMMY__ 0.44740594642630893 off 0.2771053627961376 neg 0.27548869077755356	false	0.5
misstrauensantrag	neg 1.0		__DUMMY__ 0.44651918577250693 off 0.27789116013480275 neg 0.27558965409269043	false	0.5
abfallen	neg 1.0		__DUMMY__ 0.44772107184685034 neg 0.27675899537089377 off 0.27551993278225584	false	1.0
fucker	off 1.0		__DUMMY__ 0.44314891356680336 off 0.2853643321208332 neg 0.27148675431236335	false	1.0
ungezogen	neg 1.0		__DUMMY__ 0.4370983748079819 off 0.2929404204064343 neg 0.26996120478558383	false	0.5
irrsinnig	neg 1.0	neg 1.0	neg 0.6270300483922335 __DUMMY__ 0.2158926374447067 off 0.1570773141630598	false	1.0
unfassbar	neg 1.0		__DUMMY__ 0.44456813320064464 off 0.2825442389217668 neg 0.27288762787758863	false	0.5
hart	neg 1.0		__DUMMY__ 0.4398326778020189 off 0.2807557887839577 neg 0.2794115334140234	false	0.5
widerlich	off 1.0		__DUMMY__ 0.443505199790507 off 0.28291124987506033 neg 0.2735835503344327	false	1.0
fatal	neg 1.0	neg 1.0	neg 0.6284249913462089 __DUMMY__ 0.21393224669552097 off 0.15764276195827015	false	1.0
bruch	neg 1.0		__DUMMY__ 0.45458229672501216 neg 0.2764233449932155 off 0.26899435828177237	false	1.0
aushungern	neg 1.0		__DUMMY__ 0.44730665315202717 neg 0.27928524522283227 off 0.27340810162514056	false	1.0
anspannung	neg 1.0		__DUMMY__ 0.4567184580340498 neg 0.27623588707893365 off 0.26704565488701654	false	1.0
von			__DUMMY__ 0.4525205641342144 neg 0.27762825029500643 off 0.26985118557077925	false	0.0
kraftlos	neg 1.0		__DUMMY__ 0.4504139930940092 neg 0.27696708234271544 off 0.27261892456327547	false	1.0
vom			__DUMMY__ 0.46018561239240646 neg 0.2748888219758214 off 0.26492556563177216	false	0.0
grenzdebil	off 1.0		__DUMMY__ 0.4433542417576408 off 0.28247683362146625 neg 0.27416892462089293	false	1.0
vor			__DUMMY__ 0.453193996532364 neg 0.27817922725219596 off 0.26862677621543996	false	0.0
unterwerfen	neg 1.0		__DUMMY__ 0.45074076358685083 neg 0.2771304615742357 off 0.27212877483891335	false	1.0
versenkung	neg 1.0		__DUMMY__ 0.4513569189107517 neg 0.277040867488239 off 0.27160221360100945	false	1.0
entziehen	neg 1.0		__DUMMY__ 0.4519439917273931 neg 0.2788826539999624 off 0.2691733542726444	false	1.0
finanzkrise	neg 1.0		__DUMMY__ 0.4432323709494145 neg 0.283784080453984 off 0.2729835485966016	false	1.0
schimpfend	neg 1.0		__DUMMY__ 0.448896241920448 off 0.27692563132055553 neg 0.2741781267589964	false	0.5
profan	neg 1.0		__DUMMY__ 0.4464261554719132 off 0.2782288307835278 neg 0.27534501374455883	false	0.5
korruption	neg 1.0		__DUMMY__ 0.44770892020208025 neg 0.2794456314619484 off 0.27284544833597135	false	1.0
â			__DUMMY__ 0.44966351784040237 neg 0.27798940981549086 off 0.2723470723441066	false	0.0
schmutzig	neg 1.0		__DUMMY__ 0.4438255566668496 off 0.28290492208781187 neg 0.2732695212453386	false	0.5
sexy	neg 1.0		__DUMMY__ 0.44622312013134846 off 0.2802459585464664 neg 0.2735309213221851	false	0.5
abraten	neg 1.0		__DUMMY__ 0.44745553530321347 off 0.27800239658026427 neg 0.2745420681165222	false	0.5
schwarz	neg 1.0		__DUMMY__ 0.4467232870104507 off 0.2782010663928784 neg 0.27507564659667094	false	0.5
fotze	off 1.0	off 1.0	off 0.6253015247665444 __DUMMY__ 0.21721612235202678 neg 0.15748235288142884	false	1.0
verwirren	neg 1.0		__DUMMY__ 0.4466956876828721 off 0.2787158406117949 neg 0.274588471705333	false	0.5
zahnlos	off 1.0		__DUMMY__ 0.4490686925404069 neg 0.27687665154048846 off 0.2740546559191047	false	0.5
verheeren	neg 1.0		__DUMMY__ 0.4372541810049478 off 0.29483819325979094 neg 0.2679076257352614	false	0.5
hippie	neg 1.0		__DUMMY__ 0.44589893290339255 off 0.27964730809252747 neg 0.2744537590040799	false	0.5
rammen	neg 1.0		__DUMMY__ 0.4478853166699247 off 0.2762432266762175 neg 0.27587145665385776	false	0.5
unlauter	neg 1.0		__DUMMY__ 0.4457326018049523 off 0.2775965302320001 neg 0.27667086796304763	false	0.5
unheilvoll	neg 1.0		__DUMMY__ 0.4467943945463492 off 0.2766365146252046 neg 0.27656909082844616	false	0.5
niedrig	neg 1.0		__DUMMY__ 0.4483841961752491 neg 0.28011500120464233 off 0.27150080262010856	false	1.0
explosion	neg 1.0		__DUMMY__ 0.44623697491021985 off 0.2796410236064477 neg 0.27412200148333243	false	0.5
weichei	off 1.0	off 1.0	off 0.6336119839151196 __DUMMY__ 0.21117574883720128 neg 0.15521226724767906	false	1.0
minusmensch	off 1.0		__DUMMY__ 0.43628727593857763 off 0.2941368024956963 neg 0.269575921565726	false	1.0
farblos	neg 1.0		__DUMMY__ 0.4459513950839804 neg 0.27789629711372743 off 0.27615230780229216	false	1.0
unwissend	neg 1.0	neg 1.0	neg 0.6264780722216997 __DUMMY__ 0.21405372403539802 off 0.15946820374290233	false	1.0
traurig	neg 1.0		__DUMMY__ 0.442408715293975 off 0.28523472947315337 neg 0.27235655523287156	false	0.5
senkung	neg 1.0		__DUMMY__ 0.44290099694147833 neg 0.2795626050829428 off 0.27753639797557894	false	1.0
ungleich	neg 1.0	neg 1.0	neg 0.6276993665064818 __DUMMY__ 0.21775962875763583 off 0.1545410047358823	false	1.0
heikel	neg 1.0		__DUMMY__ 0.45108414433885363 neg 0.2780545472687065 off 0.27086130839244005	false	1.0
drosselung	neg 1.0		__DUMMY__ 0.440371562649163 off 0.2813784476950464 neg 0.27824998965579073	false	0.5
falsch	neg 1.0		__DUMMY__ 0.4459479187344791 off 0.2804152104247809 neg 0.27363687084073984	false	0.5
unzufriedenheit	neg 1.0		__DUMMY__ 0.44978898770813336 neg 0.2802906724977999 off 0.2699203397940669	false	1.0
kurz	neg 1.0		__DUMMY__ 0.45090296869698615 neg 0.27537402274638983 off 0.27372300855662396	false	1.0
unsinnig	neg 1.0		__DUMMY__ 0.447417229985469 neg 0.27853516377952914 off 0.27404760623500185	false	1.0
penner	off 1.0	off 1.0	off 0.6349703144693033 __DUMMY__ 0.210928344457057 neg 0.15410134107363965	false	1.0
seicht	neg 1.0		__DUMMY__ 0.4356909787168291 off 0.2912277107182129 neg 0.2730813105649581	false	0.5
dummheit	off 1.0	off 1.0	off 0.6282122044345397 __DUMMY__ 0.21466429388245342 neg 0.15712350168300687	false	1.0
unerfreulich	neg 1.0		__DUMMY__ 0.45152067826927644 neg 0.2778669285477278 off 0.2706123931829958	false	1.0
motherfucker	off 1.0	off 1.0	off 0.6316492186816263 __DUMMY__ 0.21346857765164778 neg 0.15488220366672598	false	1.0
pikiert	neg 1.0	neg 1.0	neg 0.6264077677906723 __DUMMY__ 0.21382334562904637 off 0.15976888658028143	false	1.0
wrack	neg 1.0		__DUMMY__ 0.45448756948606084 off 0.2756346907550231 neg 0.26987773975891605	false	0.5
gangster	neg 1.0		__DUMMY__ 0.4456708454286287 off 0.27984253137723 neg 0.2744866231941413	false	0.5
krank	neg 1.0	neg 1.0	neg 0.6246628239211196 __DUMMY__ 0.21453337916418577 off 0.16080379691469457	false	1.0
reich	neg 1.0		__DUMMY__ 0.44310992020669593 off 0.27951397115321897 neg 0.27737610864008516	false	0.5
gnadenlos	neg 1.0		__DUMMY__ 0.44834772419996655 off 0.27707897246452967 neg 0.27457330333550384	false	0.5
niedergeschlagen	neg 1.0		__DUMMY__ 0.45084518676255225 neg 0.275981488299813 off 0.2731733249376348	false	1.0
terrorisieren	off 1.0	off 1.0	off 0.6242645351060552 __DUMMY__ 0.21819390515811843 neg 0.15754155973582634	false	1.0
sinnlosigkeit	neg 1.0		__DUMMY__ 0.44962486208464175 neg 0.27671039173730194 off 0.2736647461780564	false	1.0
behindern	neg 1.0		__DUMMY__ 0.44746504446663693 neg 0.2775695492120666 off 0.27496540632129646	false	1.0
undemokratisch	neg 1.0		__DUMMY__ 0.4458982617969792 off 0.27805819795658865 neg 0.2760435402464321	false	0.5
wirtschaftskrise	neg 1.0		__DUMMY__ 0.4463189412409165 neg 0.2820061025398978 off 0.27167495621918575	false	1.0
neid	neg 1.0		__DUMMY__ 0.4459129745943136 off 0.2793994914276523 neg 0.27468753397803414	false	0.5
rutschen	neg 1.0		__DUMMY__ 0.4556805707917089 neg 0.2783083217348927 off 0.2660111074733984	false	1.0
rezession	neg 1.0		__DUMMY__ 0.438295732233992 off 0.2839225968272353 neg 0.27778167093877254	false	0.5
fehlgeburt	neg 1.0		__DUMMY__ 0.4497049247866596 off 0.27678502495325313 neg 0.27351005026008735	false	0.5
charakterschwach	off 1.0		__DUMMY__ 0.4434868426858032 off 0.28224071397621053 neg 0.27427244333798617	false	1.0
isolation	neg 1.0		__DUMMY__ 0.44652950341808195 off 0.2805619491168527 neg 0.2729085474650652	false	0.5
ablenkung	neg 1.0		__DUMMY__ 0.4495557681638653 off 0.2757638260892225 neg 0.27468040574691216	false	0.5
pech	neg 1.0		__DUMMY__ 0.44553757904782276 off 0.28054463374639743 neg 0.2739177872057798	false	0.5
vermeidung	neg 1.0		__DUMMY__ 0.4429093590244823 off 0.2823108427694459 neg 0.2747797982060717	false	0.5
dominieren	neg 1.0		__DUMMY__ 0.4503163764215398 neg 0.27517019124934555 off 0.2745134323291145	false	1.0
schwindlig	neg 1.0		__DUMMY__ 0.4463373026263508 off 0.27755460840025087 neg 0.27610808897339834	false	0.5
lutscher	neg 1.0	neg 1.0	neg 0.6246426118300441 __DUMMY__ 0.20882527626625277 off 0.16653211190370318	false	1.0
pflicht	neg 1.0		__DUMMY__ 0.45311876634086096 neg 0.27694793227361836 off 0.2699333013855207	false	1.0
faschist	off 1.0		__DUMMY__ 0.4457577055291598 off 0.28010026796228327 neg 0.274142026508557	false	1.0
verschleudern	neg 1.0		__DUMMY__ 0.4473737229395863 neg 0.2822793815731035 off 0.27034689548731	false	1.0
wenn			__DUMMY__ 0.4450710189528993 off 0.2810741186881439 neg 0.2738548623589567	false	0.0
ehebruch	neg 1.0		__DUMMY__ 0.44995486761714987 neg 0.27750295518754037 off 0.27254217719530976	false	1.0
spott	off 1.0		__DUMMY__ 0.451018083475086 neg 0.27615777087262094 off 0.2728241456522931	false	0.5
trostlosigkeit	neg 1.0		__DUMMY__ 0.4502296118750332 neg 0.28131192902115826 off 0.2684584591038085	false	1.0
lutschen	neg 1.0		__DUMMY__ 0.44477846902815665 off 0.28018800776036445 neg 0.27503352321147884	false	0.5
undiszipliniert	neg 1.0		__DUMMY__ 0.4431072910274547 off 0.2846085935749371 neg 0.27228411539760816	false	0.5
kopfschmerz	neg 1.0		__DUMMY__ 0.44824223501248567 neg 0.2807337019352924 off 0.2710240630522221	false	1.0
unvorhergesehen	neg 1.0		__DUMMY__ 0.45269622779169605 neg 0.2774459849942692 off 0.26985778721403475	false	1.0
desinteressiert	neg 1.0		__DUMMY__ 0.44293193218641536 off 0.2836390715022457 neg 0.2734289963113389	false	0.5
armselig	off 1.0		__DUMMY__ 0.44192723520283944 off 0.286339427595627 neg 0.2717333372015336	false	1.0
desaster	neg 1.0		__DUMMY__ 0.4515901505775574 neg 0.2800041132446807 off 0.2684057361777619	false	1.0
tod	neg 1.0		__DUMMY__ 0.4517105899808827 neg 0.27622942961735897 off 0.2720599804017584	false	1.0
herzlos	neg 1.0		__DUMMY__ 0.4420059464261112 off 0.2856077409166578 neg 0.272386312657231	false	0.5
unwissenheit	neg 1.0		__DUMMY__ 0.4492797521730617 neg 0.27768708578761925 off 0.273033162039319	false	1.0
widersinnig	neg 1.0		__DUMMY__ 0.4468959646042115 neg 0.27910923700158263 off 0.27399479839420576	false	1.0
bedenklich	neg 1.0		__DUMMY__ 0.44935338250491524 neg 0.27877476417686353 off 0.2718718533182212	false	1.0
beanstanden	neg 1.0		__DUMMY__ 0.4529330100415885 neg 0.2763460714164956 off 0.2707209185419159	false	1.0
panisch	neg 1.0		__DUMMY__ 0.4482303449017993 off 0.2782446742017633 neg 0.2735249808964374	false	0.5
debil	off 1.0		__DUMMY__ 0.4555863983454766 neg 0.28132609741094555 off 0.26308750424357785	false	0.5
abstrich	neg 1.0		__DUMMY__ 0.44727574375865237 neg 0.2798186735934388 off 0.27290558264790876	false	1.0
primitiv	neg 1.0		__DUMMY__ 0.44331149974296385 off 0.28402528133594046 neg 0.2726632189210957	false	0.5
abschaum	off 1.0	off 1.0	off 0.6305319433814045 __DUMMY__ 0.2148961003244491 neg 0.15457195629414636	false	1.0
provozieren	neg 1.0		__DUMMY__ 0.447192788168673 off 0.276578355918572 neg 0.27622885591275487	false	0.5
tot	neg 1.0		__DUMMY__ 0.4482799139406284 neg 0.2791050618152892 off 0.2726150242440824	false	1.0
instabil	neg 1.0		__DUMMY__ 0.4414100756181746 off 0.28657001746201843 neg 0.27201990691980693	false	0.5
schwuchtel	off 1.0	off 1.0	off 0.639346227521897 __DUMMY__ 0.20752421074086858 neg 0.15312956173723447	false	1.0
zerren	neg 1.0		__DUMMY__ 0.451013431991386 neg 0.27576103389536316 off 0.27322553411325073	false	1.0
kinderficker	off 1.0		__DUMMY__ 0.4400210441141754 off 0.28879107505516194 neg 0.2711878808306627	false	1.0
gefahr	neg 1.0		__DUMMY__ 0.45226739370683505 neg 0.27761069078502154 off 0.27012191550814335	false	1.0
rabiat	neg 1.0		__DUMMY__ 0.4478739997455072 neg 0.277789388509869 off 0.27433661174462376	false	1.0
verlangsamung	neg 1.0		__DUMMY__ 0.4385270873350234 off 0.290598135142683 neg 0.2708747775222936	false	0.5
ausgestorben	neg 1.0		__DUMMY__ 0.4494346661390693 neg 0.27607992392842023 off 0.2744854099325105	false	1.0
anklagen	neg 1.0		__DUMMY__ 0.449166365065912 neg 0.2768504433071787 off 0.27398319162690926	false	1.0
trott	neg 1.0		__DUMMY__ 0.4481762697418156 neg 0.2762353522120486 off 0.2755883780461358	false	1.0
verminderung	neg 1.0		__DUMMY__ 0.44330036478482326 off 0.28259991121647343 neg 0.2740997239987034	false	0.5
nach			__DUMMY__ 0.45750233600280094 neg 0.2773751082902317 off 0.2651225557069674	false	0.0
rost	neg 1.0		__DUMMY__ 0.4403725382807442 off 0.2932141495558565 neg 0.26641331216339936	false	0.5
destruktiv	neg 1.0		__DUMMY__ 0.44780066643649735 neg 0.27683873156305366 off 0.275360602000449	false	1.0
unzumutbarkeit	neg 1.0		__DUMMY__ 0.4440237584567691 off 0.2827862845974866 neg 0.27318995694574427	false	0.5
labil	off 1.0	off 1.0	off 0.629663313623584 __DUMMY__ 0.21430073377678877 neg 0.15603595259962724	false	1.0
ziemlich	neg 1.0		__DUMMY__ 0.4451456165774382 off 0.282400099838346 neg 0.272454283584216	false	0.5
lachnummer	off 1.0		__DUMMY__ 0.4487337607898081 off 0.2766395174780256 neg 0.27462672173216623	false	1.0
oder			__DUMMY__ 0.44913710403761226 off 0.276679696926308 neg 0.2741831990360799	false	0.0
verfall	neg 1.0		__DUMMY__ 0.45192656640082174 neg 0.28237577883566756 off 0.26569765476351065	false	1.0
ausgrenzung	neg 1.0		__DUMMY__ 0.4456483403607652 off 0.2778321352932707 neg 0.27651952434596416	false	0.5
unordnung	neg 1.0		__DUMMY__ 0.4403663020693591 off 0.2865482671529214 neg 0.2730854307777194	false	0.5
fehlverhalten	neg 1.0		__DUMMY__ 0.4510195809977761 neg 0.277581870719664 off 0.27139854828255994	false	1.0
eine			__DUMMY__ 0.45233380141916874 neg 0.2786412170184525 off 0.26902498156237875	false	0.0
nille	neg 1.0		__DUMMY__ 0.44805975598750386 off 0.27600988233896595 neg 0.27593036167353013	false	0.5
qual	neg 1.0		__DUMMY__ 0.44806962779341686 neg 0.2768550989795884 off 0.27507527322699465	false	1.0
verschwenden	neg 1.0		__DUMMY__ 0.4496432415666883 neg 0.2800072277291912 off 0.2703495307041206	false	1.0
riesig	neg 1.0		__DUMMY__ 0.45111824151109947 neg 0.2772393595452327 off 0.2716423989436679	false	1.0
verurteilen	neg 1.0		__DUMMY__ 0.4490224762066731 neg 0.27742750964076884 off 0.273550014152558	false	1.0
klischee	neg 1.0	neg 1.0	neg 0.6265899688907333 __DUMMY__ 0.21448631924857833 off 0.15892371186068838	false	1.0
diktatorisch	neg 1.0		__DUMMY__ 0.44531192109191126 off 0.277912695646247 neg 0.27677538326184176	false	0.5
vorhersehbar	neg 1.0		__DUMMY__ 0.4450490930192593 off 0.27874104648918585 neg 0.2762098604915548	false	0.5
sowie			__DUMMY__ 0.43851821644570504 off 0.2871596489011887 neg 0.27432213465310623	false	0.0
stornieren	neg 1.0		__DUMMY__ 0.4499219616991658 off 0.28042977331135965 neg 0.2696482649894746	false	0.5
besteuerung	neg 1.0	neg 1.0	neg 0.6301327555452566 __DUMMY__ 0.2137254057925689 off 0.1561418386621744	false	1.0
ungeschminkt	neg 1.0		__DUMMY__ 0.44253506910506996 off 0.28368037064813234 neg 0.2737845602467977	false	0.5
kritisch	neg 1.0		__DUMMY__ 0.4498617073850072 neg 0.2768515408502418 off 0.273286751764751	false	1.0
schlamperei	off 1.0		__DUMMY__ 0.450032836186675 neg 0.27846142904371657 off 0.27150573476960843	false	0.5
sucht	neg 1.0	neg 1.0	neg 0.6256518889509874 __DUMMY__ 0.21665960542024573 off 0.15768850562876677	false	1.0
egoistisch	off 1.0	off 1.0	off 0.6339155192219218 __DUMMY__ 0.2122883633214351 neg 0.15379611745664304	false	1.0
ausbeuter	off 1.0		__DUMMY__ 0.44911912540447935 neg 0.28066657313201177 off 0.27021430146350894	false	0.5
arschgeburt	off 1.0		__DUMMY__ 0.43259523294680446 off 0.2980975565151216 neg 0.2693072105380739	false	1.0
schubs	neg 1.0		__DUMMY__ 0.44832151649386676 neg 0.28026165357637556 off 0.2714168299297576	false	1.0
unsolide	neg 1.0		__DUMMY__ 0.4469610694448187 off 0.27936847229105166 neg 0.2736704582641297	false	0.5
beschwerde	neg 1.0		__DUMMY__ 0.4498541291695376 neg 0.27643885077718805 off 0.27370702005327435	false	1.0
stocken	neg 1.0		__DUMMY__ 0.4502447260868297 neg 0.2773917727646722 off 0.272363501148498	false	1.0
isolieren	neg 1.0		__DUMMY__ 0.44859132057031087 neg 0.2783097257433357 off 0.27309895368635334	false	1.0
unheilbar	neg 1.0		__DUMMY__ 0.44876840112743743 off 0.27614115557736846 neg 0.2750904432951941	false	0.5
pisser	off 1.0	off 1.0	off 0.6320941951594697 __DUMMY__ 0.21291409407376746 neg 0.15499171076676269	false	1.0
löschen	neg 1.0		__DUMMY__ 0.44710323027497045 neg 0.2769181487893425 off 0.2759786209356869	false	1.0
durchfallen	neg 1.0		__DUMMY__ 0.45016396563601796 neg 0.27671219762791077 off 0.27312383673607143	false	1.0
wichser	off 1.0	off 1.0	off 0.6370108584286697 __DUMMY__ 0.2097494090520711 neg 0.15323973251925924	false	1.0
terror	neg 1.0		__DUMMY__ 0.44594182611555633 off 0.27932500880831 neg 0.2747331650761336	false	0.5
krass	neg 1.0		__DUMMY__ 0.4406729984836813 off 0.28740210016947165 neg 0.27192490134684705	false	0.5
revolte	neg 1.0		__DUMMY__ 0.4428811824883748 off 0.2787913543510389 neg 0.2783274631605864	false	0.5
besorgt	neg 1.0		__DUMMY__ 0.45154324601300855 off 0.27423610750190824 neg 0.2742206464850832	false	0.5
nachlassen	neg 1.0		__DUMMY__ 0.45145147533143226 neg 0.2757400931605987 off 0.272808431507969	false	1.0
alt	neg 1.0		__DUMMY__ 0.4457703449728665 neg 0.2845003800906019 off 0.26972927493653176	false	1.0
hundesohn	off 1.0	off 1.0	off 0.6362031569426083 __DUMMY__ 0.20978685851923648 neg 0.15400998453815515	false	1.0
als			__DUMMY__ 0.4493119733656258 neg 0.277377017996877 off 0.27331100863749735	false	0.0
abschreckung	neg 1.0		__DUMMY__ 0.45078117960411507 neg 0.27909104132737717 off 0.2701277790685078	false	1.0
unqualifiziert	neg 1.0		__DUMMY__ 0.4455157380715249 off 0.28089784993680267 neg 0.27358641199167233	false	0.5
abgewichst	off 1.0		__DUMMY__ 0.4489120202721371 neg 0.27561243097174537 off 0.2754755487561175	false	0.5
schwer	neg 1.0		__DUMMY__ 0.4492228824165325 neg 0.2754629677330709 off 0.2753141498503966	false	1.0
bedeutungslosigkeit	neg 1.0		__DUMMY__ 0.45070259053473277 neg 0.2784808364402225 off 0.2708165730250448	false	1.0
kapitulation	neg 1.0		__DUMMY__ 0.44803434019854826 neg 0.27990809965766267 off 0.27205756014378907	false	1.0
unscharf	neg 1.0		__DUMMY__ 0.44384659393806164 neg 0.2792690393919413 off 0.2768843666699969	false	1.0
schwinden	neg 1.0		__DUMMY__ 0.44980860701298764 neg 0.27965295486219943 off 0.27053843812481293	false	1.0
versklavung	neg 1.0	neg 1.0	neg 0.6282601455122057 __DUMMY__ 0.21458898209900043 off 0.15715087238879394	false	1.0
schlecht	neg 1.0		__DUMMY__ 0.4452742326503916 off 0.28262449681144375 neg 0.27210127053816474	false	0.5
verhasst	neg 1.0		__DUMMY__ 0.44635417308657166 off 0.27716173643444125 neg 0.276484090478987	false	0.5
beschweren	neg 1.0		__DUMMY__ 0.4478566159640934 off 0.27820534857682055 neg 0.2739380354590861	false	0.5
scheiden	neg 1.0		__DUMMY__ 0.4486461930794815 off 0.27590671330157435 neg 0.27544709361894415	false	0.5
frustriert	neg 1.0		__DUMMY__ 0.44963196212521317 neg 0.276030646921855 off 0.2743373909529317	false	1.0
schimmelig	neg 1.0		__DUMMY__ 0.44721253433951247 neg 0.2817273788406372 off 0.2710600868198503	false	1.0
fisch	neg 1.0		__DUMMY__ 0.448304740223528 neg 0.2846372978503466 off 0.2670579619261254	false	1.0
schmuggel	neg 1.0		__DUMMY__ 0.45310928217597896 neg 0.27736052412246365 off 0.26953019370155734	false	1.0
auffallen	neg 1.0		__DUMMY__ 0.4469978580887638 off 0.27848998467100844 neg 0.27451215724022787	false	0.5
konkurrenz	neg 1.0		__DUMMY__ 0.45303507403592624 neg 0.2757399583288994 off 0.27122496763517434	false	1.0
teufelskreis	neg 1.0	neg 1.0	neg 0.6286814682963203 __DUMMY__ 0.21570233833013228 off 0.15561619337354746	false	1.0
aufschreien	neg 1.0		__DUMMY__ 0.44524867307254096 off 0.27859974633060813 neg 0.2761515805968509	false	0.5
schuldner	neg 1.0		__DUMMY__ 0.44819356363738194 neg 0.282279203130769 off 0.2695272332318492	false	1.0
missgeburt	off 1.0	off 1.0	off 0.6355634325774043 __DUMMY__ 0.21138698572884557 neg 0.15304958169375	false	1.0
arbeitslos	neg 1.0		__DUMMY__ 0.44956947709120054 neg 0.27774211108759966 off 0.2726884118211998	false	1.0
befallen	neg 1.0		__DUMMY__ 0.44480114324787035 neg 0.282483681039465 off 0.2727151757126646	false	1.0
miesepetrig	off 1.0	off 1.0	off 0.6297413477972162 __DUMMY__ 0.21452852523320298 neg 0.15573012696958075	false	1.0
alarmieren	neg 1.0		__DUMMY__ 0.44482620076589885 off 0.2811191031619593 neg 0.27405469607214183	false	0.5
ungeduscht	off 1.0		__DUMMY__ 0.4440754776359954 off 0.28015857564541496 neg 0.2757659467185895	false	1.0
knappheit	neg 1.0		__DUMMY__ 0.4470893044308007 neg 0.2807379170845039 off 0.27217277848469523	false	1.0
schlange	neg 1.0		__DUMMY__ 0.4489070488464469 off 0.2764244024803177 neg 0.27466854867323537	false	0.5
harsch	neg 1.0		__DUMMY__ 0.4429879635083994 off 0.2875308262614062 neg 0.2694812102301942	false	0.5
lang	neg 1.0		__DUMMY__ 0.4473284733754427 off 0.27720424143058364 neg 0.2754672851939738	false	0.5
ziellos	neg 1.0		__DUMMY__ 0.4519754666919819 neg 0.27647532997138285 off 0.2715492033366351	false	1.0
selbstverliebt	neg 1.0		__DUMMY__ 0.4365523831925163 off 0.29575098406166245 neg 0.2676966327458214	false	0.5
beseitigen	neg 1.0		__DUMMY__ 0.4493095479173896 off 0.2759265513488679 neg 0.2747639007337425	false	0.5
dumm	off 1.0		__DUMMY__ 0.4392135806276414 off 0.2896724940438341 neg 0.2711139253285246	false	1.0
arbeitsloser	neg 1.0		__DUMMY__ 0.45361838009636646 off 0.2747332879030335 neg 0.2716483320006	false	0.5
blitzen	neg 1.0		__DUMMY__ 0.4445724428890776 off 0.2798106477232629 neg 0.2756169093876595	false	0.5
hilflos	neg 1.0		__DUMMY__ 0.4495362949306812 neg 0.27764070326862633 off 0.2728230018006925	false	1.0
eklig	off 1.0		__DUMMY__ 0.4375354319369339 off 0.28957973772397116 neg 0.272884830339095	false	1.0
begriff			__DUMMY__ 0.44907873667506715 off 0.27554996111213553 neg 0.2753713022127973	false	0.0
hungersnot	neg 1.0		__DUMMY__ 0.4475507736957637 neg 0.2800216787232848 off 0.2724275475809515	false	1.0
ungesetzlich	neg 1.0		__DUMMY__ 0.4463457952903154 off 0.2784576251889573 neg 0.2751965795207273	false	0.5
verschwendung	neg 1.0		__DUMMY__ 0.4505524080750544 neg 0.2787549876392344 off 0.2706926042857111	false	1.0
schmerzvoll	neg 1.0		__DUMMY__ 0.4464694505302995 off 0.2770239295265923 neg 0.2765066199431081	false	0.5
vorzeitig	neg 1.0		__DUMMY__ 0.44713320220170905 off 0.28275567916369115 neg 0.27011111863459986	false	0.5
unvollkommenheit	neg 1.0		__DUMMY__ 0.4490781033468392 neg 0.27703298419244465 off 0.273888912460716	false	1.0
intervenieren	neg 1.0		__DUMMY__ 0.44819152339966295 neg 0.2811736349596723 off 0.27063484164066476	false	1.0
banause	off 1.0		__DUMMY__ 0.4347692396681195 off 0.2905397184077857 neg 0.27469104192409477	false	1.0
rebell	neg 1.0		__DUMMY__ 0.45029814407121094 neg 0.28427727054849106 off 0.26542458538029795	false	1.0
unlogisch	neg 1.0		__DUMMY__ 0.44162190858490674 off 0.28463402046007436 neg 0.2737440709550189	false	0.5
leiden	neg 1.0		__DUMMY__ 0.45374858596919376 neg 0.275877559366014 off 0.27037385466479213	false	1.0
abschaffung	neg 1.0		__DUMMY__ 0.44581224009875214 neg 0.27781371238193137 off 0.2763740475193166	false	1.0
sturz	neg 1.0		__DUMMY__ 0.4495061369515807 off 0.2792203870701402 neg 0.271273475978279	false	0.5
verkleinerung	neg 1.0		__DUMMY__ 0.44184879990341974 neg 0.27915057305649976 off 0.2790006270400804	false	1.0
schmarotzer	off 1.0		__DUMMY__ 0.4490830832542398 neg 0.2770832736755987 off 0.2738336430701616	false	0.5
bestrafung	neg 1.0	neg 1.0	neg 0.626532377026736 __DUMMY__ 0.21646354673723991 off 0.15700407623602397	false	1.0
achtlos	neg 1.0		__DUMMY__ 0.45033136835505927 neg 0.27499202355987434 off 0.27467660808506633	false	1.0
ungeheuer	neg 1.0		__DUMMY__ 0.4471419244855353 neg 0.27699188052719736 off 0.2758661949872672	false	1.0
unaufrichtig	neg 1.0		__DUMMY__ 0.44553984915608386 off 0.2808034880824393 neg 0.27365666276147677	false	0.5
groggy	neg 1.0		__DUMMY__ 0.4465782713283527 off 0.27971736320247154 neg 0.27370436546917587	false	0.5
verletzlich	neg 1.0		__DUMMY__ 0.4419600351430944 off 0.2805907337859622 neg 0.2774492310709434	false	0.5
