unsolidarisch	neg 1.0		neg 0.4822065186320133 off 0.47853014669123956 __DUMMY__ 0.03926333467674702	false	1.0
nachteilig	neg 1.0		neg 0.48296224239151603 off 0.4772371609126386 __DUMMY__ 0.039800596695845326	false	1.0
skeptisch	neg 1.0		neg 0.48537009282757165 off 0.4748772517877634 __DUMMY__ 0.03975265538466489	false	1.0
schrecklich	neg 1.0		off 0.487079459066934 neg 0.4740353013050151 __DUMMY__ 0.038885239628050905	false	0.5
schlapp	neg 1.0	neg 1.0	neg 0.7239025344813453 off 0.2575611538261725 __DUMMY__ 0.01853631169248211	false	1.0
abfall	neg 1.0		neg 0.48589305506171143 off 0.47398963671312083 __DUMMY__ 0.04011730822516765	false	1.0
widerspenstig	neg 1.0		neg 0.48352881083578014 off 0.47711955756814295 __DUMMY__ 0.03935163159607691	false	1.0
abrupt	neg 1.0		neg 0.4874826654045315 off 0.4729023490163692 __DUMMY__ 0.03961498557909937	false	1.0
unwirksam	neg 1.0		neg 0.4858248425944655 off 0.4751915117207848 __DUMMY__ 0.038983645684749775	false	1.0
angreifen	neg 1.0		neg 0.4856334180808734 off 0.4745582179222473 __DUMMY__ 0.03980836399687934	false	1.0
inkonsistent	neg 1.0		off 0.48043915055080966 neg 0.4803848883771155 __DUMMY__ 0.03917596107207483	false	0.5
abrutschen	neg 1.0		neg 0.48710527494626454 off 0.47284080076542884 __DUMMY__ 0.04005392428830663	false	1.0
unsicher	neg 1.0		neg 0.4806882760634602 off 0.4797533330894404 __DUMMY__ 0.0395583908470995	false	1.0
bauernkind	off 1.0	off 1.0	off 0.728023961401824 neg 0.2538570665674889 __DUMMY__ 0.018118972030687137	false	1.0
angreifer	neg 1.0		off 0.48446851230216265 neg 0.476091929811105 __DUMMY__ 0.03943955788673235	false	0.5
trennen	neg 1.0		neg 0.48494739643714424 off 0.47515470693238515 __DUMMY__ 0.03989789663047065	false	1.0
schmutz	neg 1.0		off 0.48617542749426806 neg 0.4741164430341869 __DUMMY__ 0.03970812947154512	false	0.5
inkonsistenz	neg 1.0		off 0.4839021342896193 neg 0.47690726043587467 __DUMMY__ 0.039190605274506	false	0.5
erschreckend	neg 1.0		neg 0.48199852568494483 off 0.4784795984741077 __DUMMY__ 0.03952187584094753	false	1.0
ertrinken	neg 1.0		neg 0.487586372638558 off 0.4727183326838908 __DUMMY__ 0.03969529467755133	false	1.0
pickelface	off 1.0		neg 0.481481918019429 off 0.47912700641320066 __DUMMY__ 0.03939107556737036	false	0.5
seiner			neg 0.48429879940201576 off 0.4758273350286222 __DUMMY__ 0.03987386556936201	false	0.0
lauch	neg 1.0	neg 1.0	neg 0.7300506305186711 off 0.2510301256344313 __DUMMY__ 0.018919243846897582	false	1.0
unwichtig	neg 1.0		off 0.4831187529053396 neg 0.4777529985243608 __DUMMY__ 0.03912824857029957	false	0.5
steuerhinterziehung	neg 1.0		neg 0.4832108946107749 off 0.477396740779058 __DUMMY__ 0.03939236461016704	false	1.0
schock	neg 1.0		neg 0.48257749522144644 off 0.47782712243954295 __DUMMY__ 0.039595382339010554	false	1.0
beule	neg 1.0		off 0.4849407419594505 neg 0.47611783858406437 __DUMMY__ 0.03894141945648516	false	0.5
vergelten	neg 1.0		off 0.4892006009308732 neg 0.47185300446801437 __DUMMY__ 0.03894639460111241	false	0.5
verdorbenheit	neg 1.0		neg 0.4810334365442225 off 0.47962351566165234 __DUMMY__ 0.03934304779412521	false	1.0
trauma	neg 1.0		neg 0.4810902051748117 off 0.4796052724283781 __DUMMY__ 0.039304522396810204	false	1.0
sinnlos	neg 1.0		off 0.4808019382072323 neg 0.47985599270220897 __DUMMY__ 0.039342069090558596	false	0.5
fettsack	off 1.0	off 1.0	off 0.7292844392331151 neg 0.252572564024828 __DUMMY__ 0.018142996742056862	false	1.0
feige	off 1.0	off 1.0	off 0.7272334086234322 neg 0.254314780528801 __DUMMY__ 0.018451810847766797	false	1.0
abdanken	neg 1.0		neg 0.4816273429510374 off 0.4788659291504385 __DUMMY__ 0.03950672789852411	false	1.0
wichtigtuer	off 1.0	off 1.0	off 0.7265043831300666 neg 0.25485646767281916 __DUMMY__ 0.018639149197114194	false	1.0
misslingen	neg 1.0	neg 1.0	neg 0.7229429711273045 off 0.25814376960971475 __DUMMY__ 0.018913259262980812	false	1.0
untreu	off 1.0		off 0.4841953809392622 neg 0.4767550456357814 __DUMMY__ 0.039049573424956345	false	1.0
missmutig	neg 1.0		off 0.48194373712884564 neg 0.4788619424551859 __DUMMY__ 0.03919432041596848	false	0.5
hurenbock	off 1.0		neg 0.4855862673156714 off 0.47537664527877177 __DUMMY__ 0.03903708740555684	false	0.5
betrunken	neg 1.0		off 0.4859360309855062 neg 0.4751337859949776 __DUMMY__ 0.03893018301951633	false	0.5
korrupt	off 1.0		neg 0.48413264557318864 off 0.4764919274806608 __DUMMY__ 0.039375426946150614	false	0.5
unmut	neg 1.0		neg 0.4867979355156539 off 0.47333418924842874 __DUMMY__ 0.039867875235917165	false	1.0
hackfresse	off 1.0		off 0.491005153291896 neg 0.470407485381368 __DUMMY__ 0.03858736132673596	false	1.0
aufblasen	neg 1.0		neg 0.4810681392297987 off 0.4794833362929687 __DUMMY__ 0.039448524477232655	false	1.0
gewaltsam	neg 1.0		neg 0.4817888356428618 off 0.4787257509917857 __DUMMY__ 0.03948541336535248	false	1.0
unbeliebtheit	neg 1.0		off 0.48448351193617445 neg 0.47645258564730814 __DUMMY__ 0.039063902416517575	false	0.5
sturheit	neg 1.0		neg 0.4807519295274513 off 0.479604654294969 __DUMMY__ 0.03964341617757963	false	1.0
kuh	neg 1.0		neg 0.48588849373826615 off 0.4754884670209071 __DUMMY__ 0.03862303924082678	false	1.0
erschrecken	neg 1.0		off 0.4831243125992664 neg 0.47761829684260065 __DUMMY__ 0.039257390558132904	false	0.5
opfer	neg 1.0		neg 0.4821892621300665 off 0.4779566440300577 __DUMMY__ 0.03985409383987586	false	1.0
sinken	neg 1.0		neg 0.48754638443509885 off 0.4727315889786062 __DUMMY__ 0.039722026586295034	false	1.0
stinktier	neg 1.0		off 0.48502070059206503 neg 0.4766461817674779 __DUMMY__ 0.03833311764045693	false	0.5
tucke	off 1.0		off 0.48938555197931266 neg 0.4725023825748837 __DUMMY__ 0.038112065445803714	false	1.0
ein			neg 0.48386099010156747 off 0.47678103906893515 __DUMMY__ 0.03935797082949731	false	0.0
abstieg	neg 1.0		off 0.48099426991190375 neg 0.47904734973279767 __DUMMY__ 0.039958380355298466	false	0.5
missverstehen	neg 1.0		off 0.4815488536552713 neg 0.4791712767080852 __DUMMY__ 0.03927986963664354	false	0.5
ergebnislos	neg 1.0		neg 0.48265219336800846 off 0.4774995384274272 __DUMMY__ 0.039848268204564254	false	1.0
unter			neg 0.48865478115101185 off 0.47091402052919273 __DUMMY__ 0.04043119831979537	false	0.0
manipulieren	neg 1.0		neg 0.483577076757451 off 0.47656601708259266 __DUMMY__ 0.03985690615995635	false	1.0
unbewiesen	neg 1.0	neg 1.0	neg 0.7257289312402074 off 0.2555854148099101 __DUMMY__ 0.018685653949882548	false	1.0
verschleppen	neg 1.0		neg 0.4842070442691182 off 0.47621843582544393 __DUMMY__ 0.039574519905437665	false	1.0
weib	off 1.0		off 0.4911714653873451 neg 0.47054343907200885 __DUMMY__ 0.03828509554064621	false	1.0
opposition	neg 1.0		neg 0.48195014202177644 off 0.47886585160101464 __DUMMY__ 0.0391840063772089	false	1.0
verkehrswidrig	neg 1.0	neg 1.0	neg 0.7198295512931842 off 0.26164598525657 __DUMMY__ 0.018524463450245787	false	1.0
inkorrekt	neg 1.0		off 0.48645289153913296 neg 0.4746970876390529 __DUMMY__ 0.0388500208218141	false	0.5
vermeiden	neg 1.0		neg 0.48743743192050953 off 0.47247404076817495 __DUMMY__ 0.04008852731131555	false	1.0
abweichung	neg 1.0	neg 1.0	neg 0.7256395025855312 off 0.2554224186382689 __DUMMY__ 0.018938078776199782	false	1.0
alkoholisiert	neg 1.0		neg 0.48273222304647223 off 0.4772667521672221 __DUMMY__ 0.040001024786305725	false	1.0
scheiss	off 1.0	off 1.0	off 0.7278177308212045 neg 0.2537995470868574 __DUMMY__ 0.01838272209193813	false	1.0
herausforderung	neg 1.0		neg 0.4822728237839503 off 0.47800313445211834 __DUMMY__ 0.039724041763931385	false	1.0
pervers	off 1.0		off 0.4939404628211583 neg 0.46785065571104045 __DUMMY__ 0.03820888146780134	false	1.0
wackelig	neg 1.0		neg 0.48231449845979407 off 0.47795217504251825 __DUMMY__ 0.03973332649768754	false	1.0
verwickeln	neg 1.0		off 0.4805274145368035 neg 0.48015706952847526 __DUMMY__ 0.0393155159347212	false	0.5
vorwand	neg 1.0		neg 0.4862192996528536 off 0.47397248379310297 __DUMMY__ 0.0398082165540434	false	1.0
muschi	off 1.0		neg 0.48159056305294307 off 0.4788850689350693 __DUMMY__ 0.03952436801198774	false	0.5
entmutigung	neg 1.0		neg 0.4810914107954929 off 0.4797693274064321 __DUMMY__ 0.039139261798075184	false	1.0
unangemessen	neg 1.0		neg 0.48162809804600315 off 0.47876710677621764 __DUMMY__ 0.03960479517777928	false	1.0
unstetig	neg 1.0		off 0.4828307515448962 neg 0.4779614508046409 __DUMMY__ 0.039207797650462894	false	0.5
entmutigen	neg 1.0		neg 0.48039236250886325 off 0.4801794928335274 __DUMMY__ 0.039428144657609236	false	1.0
schwanz	neg 1.0		neg 0.48439763426196697 off 0.4760528190819574 __DUMMY__ 0.03954954665607564	false	1.0
verbot	neg 1.0		neg 0.4844302612388754 off 0.4761695342733154 __DUMMY__ 0.0394002044878092	false	1.0
leid	neg 1.0		off 0.488040380856441 neg 0.47322801923622226 __DUMMY__ 0.0387315999073366	false	0.5
archaisch	neg 1.0		neg 0.48343031033406186 off 0.477082931299619 __DUMMY__ 0.03948675836631915	false	1.0
gegen			neg 0.4844912402738743 off 0.47550066303718486 __DUMMY__ 0.04000809668894086	false	0.0
scheidung	neg 1.0		off 0.5011664066530105 neg 0.4604065664621207 __DUMMY__ 0.03842702688486882	false	0.5
einschlag	neg 1.0		off 0.48946467581913067 neg 0.4714649992362539 __DUMMY__ 0.039070324944615445	false	0.5
m			neg 0.4828277346972264 off 0.4775440369009141 __DUMMY__ 0.03962822840185939	false	0.0
abgestanden	neg 1.0		neg 0.48710750508926776 off 0.47396259419421716 __DUMMY__ 0.03892990071651501	false	1.0
schmierig	off 1.0		off 0.4878810225375606 neg 0.4733554252969428 __DUMMY__ 0.03876355216549652	false	1.0
unpraktisch	neg 1.0		off 0.48114126715578653 neg 0.47941155605917873 __DUMMY__ 0.03944717678503471	false	0.5
wixxer	off 1.0		off 0.4930621848677839 neg 0.46886753041264684 __DUMMY__ 0.03807028471956934	false	1.0
bezeichnet			neg 0.4805139220608003 off 0.47997804943972616 __DUMMY__ 0.0395080284994735	false	0.0
jammerlappen	off 1.0		off 0.48380520337360594 neg 0.47704132659527343 __DUMMY__ 0.03915347003112066	false	1.0
farce	neg 1.0		neg 0.4831630090881473 off 0.4775444012130715 __DUMMY__ 0.03929258969878111	false	1.0
zwecklos	neg 1.0		neg 0.48348613046323696 off 0.4769407550476812 __DUMMY__ 0.03957311448908183	false	1.0
turbulent	neg 1.0		off 0.48520598286728767 neg 0.47584489285524656 __DUMMY__ 0.03894912427746573	false	0.5
invasion	neg 1.0		off 0.4814994590666595 neg 0.47920188548116766 __DUMMY__ 0.039298655452172704	false	0.5
schuld	neg 1.0		neg 0.48032428439863695 off 0.4802783403680271 __DUMMY__ 0.039397375233336	false	1.0
risiko	neg 1.0		neg 0.48201435910844637 off 0.47886427435918 __DUMMY__ 0.0391213665323736	false	1.0
finster	neg 1.0		neg 0.4834660616687514 off 0.4772234041717205 __DUMMY__ 0.03931053415952823	false	1.0
geisteskrank	off 1.0		off 0.4855557863346651 neg 0.47549450720056113 __DUMMY__ 0.03894970646477383	false	1.0
zusammenbrechen	neg 1.0		neg 0.483422810232136 off 0.47702149930130544 __DUMMY__ 0.039555690466558595	false	1.0
ausbeute	neg 1.0		off 0.4803887913789977 neg 0.47986360271631306 __DUMMY__ 0.039747605904689114	false	0.5
hinterhalt	neg 1.0		neg 0.4834824225968621 off 0.477054306633619 __DUMMY__ 0.039463270769518874	false	1.0
kritik	neg 1.0		neg 0.48358984173822606 off 0.47711633563706246 __DUMMY__ 0.03929382262471155	false	1.0
einschrumpfen	neg 1.0		off 0.4813968585315258 neg 0.47971517852494266 __DUMMY__ 0.038887962943531446	false	0.5
riskant	neg 1.0		neg 0.4858255351969401 off 0.47448932889655093 __DUMMY__ 0.039685135906509045	false	1.0
frustrieren	neg 1.0		neg 0.4856347725172903 off 0.4747835364639432 __DUMMY__ 0.03958169101876636	false	1.0
groll	neg 1.0		neg 0.48202715759967996 off 0.4783004471507264 __DUMMY__ 0.03967239524959362	false	1.0
gibt			neg 0.4829000393953492 off 0.47744011974234096 __DUMMY__ 0.039659840862309885	false	0.0
qualvoll	neg 1.0		off 0.4809155249423433 neg 0.4797642907270632 __DUMMY__ 0.03932018433059351	false	0.5
wackeln	neg 1.0		neg 0.48134656019684485 off 0.47914954261864157 __DUMMY__ 0.03950389718451366	false	1.0
klagen	neg 1.0		neg 0.4866785887206962 off 0.473584456021417 __DUMMY__ 0.039736955257886834	false	1.0
bankrott	neg 1.0		off 0.4842127283484563 neg 0.476519584767871 __DUMMY__ 0.03926768688367282	false	0.5
trauern	neg 1.0		neg 0.48158215589305675 off 0.4783778870688316 __DUMMY__ 0.04003995703811162	false	1.0
ablehnung	neg 1.0		neg 0.48367049725001576 off 0.4769597712210187 __DUMMY__ 0.03936973152896548	false	1.0
stur	neg 1.0		neg 0.48104752770758785 off 0.4796197518021154 __DUMMY__ 0.03933272049029666	false	1.0
aufruhr	neg 1.0	neg 1.0	neg 0.7263055338999194 off 0.25498552385137746 __DUMMY__ 0.018708942248703207	false	1.0
melancholie	neg 1.0		neg 0.48721590817532356 off 0.4731963287612548 __DUMMY__ 0.039587763063421565	false	1.0
ist			off 0.4807856393067788 neg 0.47983946597730753 __DUMMY__ 0.03937489471591361	false	0.0
torheit	neg 1.0		off 0.4803854515653637 neg 0.48022458397850976 __DUMMY__ 0.03938996445612661	false	0.5
dreckskind	off 1.0		off 0.4911590649547082 neg 0.47040872684887997 __DUMMY__ 0.038432208196411924	false	1.0
umtauschen	neg 1.0		neg 0.482448837462461 off 0.47809994026446895 __DUMMY__ 0.03945122227307021	false	1.0
zum			neg 0.4832000210676588 off 0.476356816900287 __DUMMY__ 0.040443162032054246	false	0.0
zersetzen	neg 1.0		neg 0.48641242293632697 off 0.47394092070861227 __DUMMY__ 0.039646656355060636	false	1.0
zur			neg 0.48694383054886176 off 0.47294137362676547 __DUMMY__ 0.04011479582437268	false	0.0
frust	neg 1.0		neg 0.4831174830902443 off 0.47726756577821966 __DUMMY__ 0.039614951131536	false	1.0
unerbittlichkeit	neg 1.0		neg 0.4840109587997064 off 0.47623714626996266 __DUMMY__ 0.039751894930330954	false	1.0
zwei			neg 0.48690634468940963 off 0.4729169736326631 __DUMMY__ 0.04017668167792718	false	0.0
unkorrekt	neg 1.0		off 0.4848908952557276 neg 0.4762363960095621 __DUMMY__ 0.03887270873471046	false	0.5
hexe	off 1.0		off 0.48098250654906605 neg 0.48010846090896075 __DUMMY__ 0.03890903254197327	false	1.0
lasch	neg 1.0		off 0.483116861856904 neg 0.47766880585884397 __DUMMY__ 0.039214332284251835	false	0.5
rivale	neg 1.0		off 0.48717076716865926 neg 0.47394306972705036 __DUMMY__ 0.03888616310429022	false	0.5
mutlos	off 1.0	off 1.0	off 0.7237207400359311 neg 0.2574731597636762 __DUMMY__ 0.0188061002003927	false	1.0
wirr	off 1.0		off 0.4872592521005074 neg 0.4739366345038717 __DUMMY__ 0.038804113395620926	false	1.0
jahr			neg 0.4808315259744372 off 0.4790315686484078 __DUMMY__ 0.04013690537715495	false	0.0
wird			neg 0.4832559182331606 off 0.47704193579080234 __DUMMY__ 0.039702145976037086	false	0.0
strafbar	neg 1.0		neg 0.48428786982206923 off 0.4759731274798764 __DUMMY__ 0.03973900269805431	false	1.0
erosion	neg 1.0		neg 0.4811983018927244 off 0.47934758562305896 __DUMMY__ 0.039454112484216604	false	1.0
eingehen	neg 1.0		neg 0.485500844454932 off 0.47488416414924095 __DUMMY__ 0.039614991395827	false	1.0
faul	off 1.0		off 0.4827770367080421 neg 0.47805545332006355 __DUMMY__ 0.03916750997189425	false	1.0
provisorium	neg 1.0		neg 0.4882071843847239 off 0.4713338850307987 __DUMMY__ 0.040458930584477484	false	1.0
schmerzen	neg 1.0		neg 0.48334183084401916 off 0.47721126250956253 __DUMMY__ 0.03944690664641821	false	1.0
schrumpfen	neg 1.0		neg 0.48980899715606224 off 0.4703419560591909 __DUMMY__ 0.039849046784746864	false	1.0
geistlos	off 1.0		neg 0.4804769453361612 off 0.4803956068317466 __DUMMY__ 0.03912744783209229	false	0.5
fehlkauf	neg 1.0		neg 0.48066220800973813 off 0.48016838238454157 __DUMMY__ 0.039169409605720226	false	1.0
frustrierend	neg 1.0		off 0.48256620411074236 neg 0.47821472539628135 __DUMMY__ 0.03921907049297621	false	0.5
unzufrieden	neg 1.0		neg 0.4834594021275999 off 0.47693481451977504 __DUMMY__ 0.03960578335262507	false	1.0
verzweifeln	neg 1.0		neg 0.48174942044133634 off 0.47867023521658786 __DUMMY__ 0.03958034434207572	false	1.0
verzweifelt	neg 1.0		neg 0.4803278376033903 off 0.48028574969409155 __DUMMY__ 0.03938641270251831	false	1.0
misstrauensantrag	neg 1.0		off 0.48074930754697304 neg 0.479957557741178 __DUMMY__ 0.03929313471184893	false	0.5
abfallen	neg 1.0		neg 0.48178325505178393 off 0.4788080158901417 __DUMMY__ 0.03940872905807446	false	1.0
fucker	off 1.0		off 0.4871053728595872 neg 0.4739128731358567 __DUMMY__ 0.038981754004556085	false	1.0
ungezogen	neg 1.0		off 0.49240165960281845 neg 0.4691996262585684 __DUMMY__ 0.03839871413861304	false	0.5
irrsinnig	neg 1.0	neg 1.0	neg 0.7261199807713632 off 0.2552175701773633 __DUMMY__ 0.018662449051273514	false	1.0
unfassbar	neg 1.0		off 0.4847910201223582 neg 0.47609509722245835 __DUMMY__ 0.03911388265518343	false	0.5
hart	neg 1.0		neg 0.48073926834680525 off 0.48060628484670737 __DUMMY__ 0.03865444680648726	false	1.0
widerlich	off 1.0		off 0.4846680501508834 neg 0.47631866333127587 __DUMMY__ 0.03901328651784066	false	1.0
fatal	neg 1.0	neg 1.0	neg 0.7266040265085353 off 0.2549076945133298 __DUMMY__ 0.018488278978134935	false	1.0
bruch	neg 1.0		neg 0.48498095850723316 off 0.47496049987383093 __DUMMY__ 0.0400585416189359	false	1.0
aushungern	neg 1.0		neg 0.4844669601741851 off 0.47615959172492694 __DUMMY__ 0.039373448100888	false	1.0
anspannung	neg 1.0		neg 0.48580433780138704 off 0.4739352318464289 __DUMMY__ 0.04026043035218395	false	1.0
von			neg 0.4851699755498525 off 0.4749717988805047 __DUMMY__ 0.03985822556964267	false	0.0
kraftlos	neg 1.0		neg 0.4834109800367667 off 0.476922267582674 __DUMMY__ 0.03966675238055925	false	1.0
vom			neg 0.4860116264424377 off 0.47340195980541705 __DUMMY__ 0.04058641375214527	false	0.0
grenzdebil	off 1.0		off 0.4841418884643148 neg 0.47685986320923474 __DUMMY__ 0.03899824832645037	false	1.0
vor			neg 0.4861127112729378 off 0.4739524992604631 __DUMMY__ 0.03993478946659907	false	0.0
unterwerfen	neg 1.0		neg 0.4838017021799826 off 0.47649873122834335 __DUMMY__ 0.03969956659167398	false	1.0
versenkung	neg 1.0		neg 0.48401078954211163 off 0.4762280512210576 __DUMMY__ 0.03976115923683082	false	1.0
entziehen	neg 1.0		neg 0.4862834536039861 off 0.4738996663877492 __DUMMY__ 0.03981688000826469	false	1.0
finanzkrise	neg 1.0		neg 0.48720636107141496 off 0.4738089836121702 __DUMMY__ 0.0389846553164147	false	1.0
schimpfend	neg 1.0		off 0.4808951936542494 neg 0.47959271819311217 __DUMMY__ 0.03951208815263858	false	0.5
profan	neg 1.0		off 0.4810448587979754 neg 0.4796658675177217 __DUMMY__ 0.039289273684302906	false	0.5
korruption	neg 1.0		neg 0.4848052085601045 off 0.475783758725623 __DUMMY__ 0.03941103271427251	false	1.0
â			neg 0.4841046357617082 off 0.47629671477960844 __DUMMY__ 0.03959864945868344	false	0.0
schmutzig	neg 1.0		off 0.48482209997485826 neg 0.4761364016076438 __DUMMY__ 0.039041498417498016	false	0.5
sexy	neg 1.0		off 0.4831181211446597 neg 0.4776093255477174 __DUMMY__ 0.039272553307623	false	0.5
abraten	neg 1.0		off 0.4813150140371931 neg 0.47929930702130724 __DUMMY__ 0.039385678941499615	false	0.5
schwarz	neg 1.0		off 0.4811469759256427 neg 0.47953243978651156 __DUMMY__ 0.03932058428784576	false	0.5
fotze	off 1.0	off 1.0	off 0.7240342942002918 neg 0.25718832781653556 __DUMMY__ 0.018777377983172697	false	1.0
verwirren	neg 1.0		off 0.48168855819621154 neg 0.4789944251513554 __DUMMY__ 0.03931701665243313	false	0.5
zahnlos	off 1.0		neg 0.48269213933549504 off 0.477762566271857 __DUMMY__ 0.03954529439264808	false	0.5
verheeren	neg 1.0		off 0.4944329700059936 neg 0.4671562057084638 __DUMMY__ 0.038410824285542586	false	0.5
hippie	neg 1.0		off 0.48230279992974473 neg 0.4784541438105787 __DUMMY__ 0.03924305625967649	false	0.5
rammen	neg 1.0		neg 0.4809125330417654 off 0.47967523745141044 __DUMMY__ 0.03941222950682412	false	1.0
unlauter	neg 1.0		neg 0.480803278459208 off 0.47997878742581734 __DUMMY__ 0.039217934114974706	false	1.0
unheilvoll	neg 1.0		neg 0.4811295870270905 off 0.47955418630251345 __DUMMY__ 0.039316226670396005	false	1.0
niedrig	neg 1.0		neg 0.4858032945441665 off 0.47473183928362733 __DUMMY__ 0.039464866172206244	false	1.0
explosion	neg 1.0		off 0.4824766474379276 neg 0.4782516570474582 __DUMMY__ 0.03927169551461425	false	0.5
weichei	off 1.0	off 1.0	off 0.7297095307629548 neg 0.25205032543372385 __DUMMY__ 0.01824014380332134	false	1.0
minusmensch	off 1.0		off 0.4931868336449028 neg 0.4684891086782519 __DUMMY__ 0.03832405767684536	false	1.0
farblos	neg 1.0		neg 0.4821389224247363 off 0.4786328368825226 __DUMMY__ 0.0392282406927411	false	1.0
unwissend	neg 1.0	neg 1.0	neg 0.7246849808095981 off 0.25681690224082887 __DUMMY__ 0.01849811694957305	false	1.0
traurig	neg 1.0		off 0.4866542412949724 neg 0.47443830971937556 __DUMMY__ 0.038907448985651946	false	0.5
senkung	neg 1.0		neg 0.48244981386825764 off 0.47860043299635274 __DUMMY__ 0.03894975313538963	false	1.0
ungleich	neg 1.0	neg 1.0	neg 0.7276915493474807 off 0.25348058899404147 __DUMMY__ 0.018827861658477923	false	1.0
heikel	neg 1.0		neg 0.4849431655195092 off 0.4753224246333532 __DUMMY__ 0.03973440984713758	false	1.0
drosselung	neg 1.0		off 0.4815461999801993 neg 0.4797456238336775 __DUMMY__ 0.038708176186123176	false	0.5
falsch	neg 1.0		off 0.48317351517512175 neg 0.4775817957435557 __DUMMY__ 0.03924468908132259	false	0.5
unzufriedenheit	neg 1.0		neg 0.48673525746095603 off 0.47365149110303356 __DUMMY__ 0.03961325143601035	false	1.0
kurz	neg 1.0		neg 0.4819030848488871 off 0.47838416716433535 __DUMMY__ 0.039712747986777604	false	1.0
unsinnig	neg 1.0		neg 0.483635657874757 off 0.47697639781869516 __DUMMY__ 0.039387944306547754	false	1.0
penner	off 1.0	off 1.0	off 0.7309516817289912 neg 0.2508292933045459 __DUMMY__ 0.01821902496646296	false	1.0
seicht	neg 1.0		off 0.48983011824865497 neg 0.47189872726572696 __DUMMY__ 0.038271154485618054	false	0.5
dummheit	off 1.0	off 1.0	off 0.7258059787855363 neg 0.25564060841661773 __DUMMY__ 0.018553412797846006	false	1.0
unerfreulich	neg 1.0		neg 0.48494562723956786 off 0.4752804664873307 __DUMMY__ 0.039773906273101504	false	1.0
motherfucker	off 1.0	off 1.0	off 0.7287236712833705 neg 0.2528298595910474 __DUMMY__ 0.018446469125582034	false	1.0
pikiert	neg 1.0	neg 1.0	neg 0.7245164457847036 off 0.2570058226104126 __DUMMY__ 0.018477731604883765	false	1.0
wrack	neg 1.0		off 0.4821493105398695 neg 0.4778159929899642 __DUMMY__ 0.04003469647016627	false	0.5
gangster	neg 1.0		off 0.4824137491364751 neg 0.478365294674745 __DUMMY__ 0.039220956188779806	false	0.5
krank	neg 1.0	neg 1.0	neg 0.7230656260418044 off 0.2583963450477121 __DUMMY__ 0.018538028910483548	false	1.0
reich	neg 1.0		off 0.4808376829301947 neg 0.4802043538160746 __DUMMY__ 0.0389579632537308	false	0.5
gnadenlos	neg 1.0		off 0.4806940910884369 neg 0.47983003363461013 __DUMMY__ 0.03947587527695291	false	0.5
niedergeschlagen	neg 1.0		neg 0.4825497291345732 off 0.4777434289104285 __DUMMY__ 0.039706841954998386	false	1.0
terrorisieren	off 1.0	off 1.0	off 0.7233961218045827 neg 0.2577366310848864 __DUMMY__ 0.018867247110530914	false	1.0
sinnlosigkeit	neg 1.0		neg 0.4827776677124027 off 0.4776260904318494 __DUMMY__ 0.039596241855748074	false	1.0
behindern	neg 1.0		neg 0.48255637147976327 off 0.4780540901824826 __DUMMY__ 0.039389538337754076	false	1.0
undemokratisch	neg 1.0		off 0.4804974907446054 neg 0.4802635278399435 __DUMMY__ 0.03923898141545104	false	0.5
wirtschaftskrise	neg 1.0		neg 0.48685668353950473 off 0.4738651837377989 __DUMMY__ 0.03927813272269653	false	1.0
neid	neg 1.0		off 0.4820907391411451 neg 0.4786730677165623 __DUMMY__ 0.039236193142292514	false	0.5
rutschen	neg 1.0		neg 0.48744325231029156 off 0.4723939563427141 __DUMMY__ 0.04016279134699428	false	1.0
rezession	neg 1.0		off 0.48321385990470156 neg 0.4782721791423985 __DUMMY__ 0.03851396095289982	false	0.5
fehlgeburt	neg 1.0		off 0.48111129220103993 neg 0.4793078088980735 __DUMMY__ 0.039580898900886514	false	0.5
charakterschwach	off 1.0		off 0.483922719252052 neg 0.4770667540895798 __DUMMY__ 0.039010526658368294	false	1.0
isolation	neg 1.0		off 0.4836281709536535 neg 0.47707385480608927 __DUMMY__ 0.03929797424025725	false	0.5
ablenkung	neg 1.0		neg 0.48051651642961785 off 0.4798962820827279 __DUMMY__ 0.03958720148765433	false	1.0
pech	neg 1.0		off 0.48318210345688045 neg 0.4776226643961026 __DUMMY__ 0.03919523214701685	false	0.5
vermeidung	neg 1.0		off 0.4837772919064467 neg 0.4772723603979236 __DUMMY__ 0.03895034769562965	false	0.5
dominieren	neg 1.0		neg 0.4814656938906485 off 0.47888325861162084 __DUMMY__ 0.0396510474977305	false	1.0
schwindlig	neg 1.0		neg 0.4803645109980818 off 0.4803616439758892 __DUMMY__ 0.03927384502602904	false	1.0
lutscher	neg 1.0	neg 1.0	neg 0.720391700421897 off 0.261577322843684 __DUMMY__ 0.01803097673441892	false	1.0
pflicht	neg 1.0		neg 0.4847906105344919 off 0.4752815460736149 __DUMMY__ 0.03992784339189331	false	1.0
faschist	off 1.0		off 0.4826418713659702 neg 0.47813375300173033 __DUMMY__ 0.03922437563229947	false	1.0
verschleudern	neg 1.0		neg 0.4876656121829053 off 0.472958250491097 __DUMMY__ 0.03937613732599782	false	1.0
wenn			off 0.4834421709853058 neg 0.4773946851294872 __DUMMY__ 0.03916314388520698	false	0.0
ehebruch	neg 1.0		neg 0.4838216747217085 off 0.4765537116163531 __DUMMY__ 0.039624613661938486	false	1.0
spott	off 1.0		neg 0.4829061488101873 off 0.477367460098988 __DUMMY__ 0.039726391090824716	false	0.5
trostlosigkeit	neg 1.0		neg 0.4880452814424896 off 0.47230482339136026 __DUMMY__ 0.03964989516615001	false	1.0
lutschen	neg 1.0		off 0.48235223119213716 neg 0.47852025780572194 __DUMMY__ 0.03912751100214077	false	0.5
undiszipliniert	neg 1.0		off 0.4863323874504475 neg 0.4746968195195401 __DUMMY__ 0.03897079303001249	false	0.5
kopfschmerz	neg 1.0		neg 0.48630803370690273 off 0.4742407791718616 __DUMMY__ 0.03945118712123581	false	1.0
unvorhergesehen	neg 1.0		neg 0.4849959756726963 off 0.4751304106160701 __DUMMY__ 0.03987361371123366	false	1.0
desinteressiert	neg 1.0		off 0.48518999275827696 neg 0.47585201054090215 __DUMMY__ 0.03895799670082093	false	0.5
armselig	off 1.0		off 0.48757657902126855 neg 0.47355864096413686 __DUMMY__ 0.03886478001459468	false	1.0
desaster	neg 1.0		neg 0.48733642932432314 off 0.472881846557514 __DUMMY__ 0.039781724118162894	false	1.0
tod	neg 1.0		neg 0.4832575217488091 off 0.47696799161469 __DUMMY__ 0.03977448663650092	false	1.0
herzlos	neg 1.0		off 0.4868532096454875 neg 0.4742765289551754 __DUMMY__ 0.03887026139933712	false	0.5
unwissenheit	neg 1.0		neg 0.48366382758703225 off 0.47677369170545525 __DUMMY__ 0.03956248070751254	false	1.0
widersinnig	neg 1.0		neg 0.48404203974073995 off 0.4766222777298022 __DUMMY__ 0.03933568252945793	false	1.0
bedenklich	neg 1.0		neg 0.4848574163952858 off 0.4755707693908344 __DUMMY__ 0.039571814213879695	false	1.0
beanstanden	neg 1.0		neg 0.4840514867904623 off 0.47604010138210445 __DUMMY__ 0.03990841182743326	false	1.0
panisch	neg 1.0		off 0.48196911547167753 neg 0.4785746224942945 __DUMMY__ 0.03945626203402783	false	0.5
debil	off 1.0		neg 0.49064157243155626 off 0.4692071006178698 __DUMMY__ 0.04015132695057387	false	0.5
abstrich	neg 1.0		neg 0.48476975605738454 off 0.4758855127796349 __DUMMY__ 0.039344731162980574	false	1.0
primitiv	neg 1.0		off 0.48576270277127487 neg 0.4752418931237047 __DUMMY__ 0.038995404105020365	false	0.5
abschaum	off 1.0	off 1.0	off 0.7282365433645049 neg 0.25319021122974333 __DUMMY__ 0.018573245405751795	false	1.0
provozieren	neg 1.0		neg 0.4810325313806387 off 0.47960080486811285 __DUMMY__ 0.039366663751248476	false	1.0
tot	neg 1.0		neg 0.4845997066843671 off 0.47595291901167064 __DUMMY__ 0.03944737430396216	false	1.0
instabil	neg 1.0		off 0.4875673681742724 neg 0.47362971261813996 __DUMMY__ 0.0388029192075876	false	0.5
schwuchtel	off 1.0	off 1.0	off 0.7338007545301369 neg 0.24828237716952986 __DUMMY__ 0.017916868300333157	false	1.0
zerren	neg 1.0		neg 0.4824223403896067 off 0.47785096188439874 __DUMMY__ 0.03972669772599445	false	1.0
kinderficker	off 1.0		off 0.489280403091751 neg 0.4720401561461901 __DUMMY__ 0.03867944076205903	false	1.0
gefahr	neg 1.0		neg 0.48510696357278676 off 0.4750508320261996 __DUMMY__ 0.03984220440101356	false	1.0
rabiat	neg 1.0		neg 0.48303636883934586 off 0.477534138093975 __DUMMY__ 0.039429493066679276	false	1.0
verlangsamung	neg 1.0		off 0.49046725536189645 neg 0.47100191713593775 __DUMMY__ 0.03853082750216572	false	0.5
ausgestorben	neg 1.0		neg 0.4819776928054229 off 0.47844566869156036 __DUMMY__ 0.03957663850301682	false	1.0
anklagen	neg 1.0		neg 0.48273379762250934 off 0.4777206847997522 __DUMMY__ 0.039545517577738436	false	1.0
trott	neg 1.0		neg 0.48148232454774204 off 0.47905908555078436 __DUMMY__ 0.03945858990147349	false	1.0
verminderung	neg 1.0		off 0.48429109406652443 neg 0.4767221240271828 __DUMMY__ 0.03898678190629285	false	0.5
nach			neg 0.48734994283327565 off 0.47231294854577843 __DUMMY__ 0.04033710862094592	false	0.0
rost	neg 1.0		off 0.49421976337986245 neg 0.4670786426666095 __DUMMY__ 0.038701593953528006	false	0.5
destruktiv	neg 1.0		neg 0.48200317987543306 off 0.4785749074746823 __DUMMY__ 0.039421912649884656	false	1.0
unzumutbarkeit	neg 1.0		off 0.484790314628694 neg 0.47615734239717855 __DUMMY__ 0.03905234297412746	false	0.5
labil	off 1.0	off 1.0	off 0.7270977745908482 neg 0.2543813354367268 __DUMMY__ 0.018520889972424907	false	1.0
ziemlich	neg 1.0		off 0.48492014286909624 neg 0.47591313564040555 __DUMMY__ 0.039166721490498074	false	0.5
lachnummer	off 1.0		off 0.48037323526662723 neg 0.48011423636534994 __DUMMY__ 0.039512528368022916	false	1.0
oder			off 0.48070371832050846 neg 0.47975097139618983 __DUMMY__ 0.039545310283301674	false	0.0
verfall	neg 1.0		neg 0.4900276493819694 off 0.47015837340383876 __DUMMY__ 0.039813977214191776	false	1.0
ausgrenzung	neg 1.0		neg 0.4806425468443014 off 0.4801428775942486 __DUMMY__ 0.03921457556144995	false	1.0
unordnung	neg 1.0		off 0.48705689031082894 neg 0.4742422368408583 __DUMMY__ 0.03870087284831269	false	0.5
fehlverhalten	neg 1.0		neg 0.4844437873143607 off 0.4758275339216579 __DUMMY__ 0.03972867876398152	false	1.0
eine			neg 0.48616729407797726 off 0.4739804067397905 __DUMMY__ 0.0398522991822322	false	0.0
nille	neg 1.0		neg 0.48115358665308383 off 0.4794005030291645 __DUMMY__ 0.03944591031775161	false	1.0
qual	neg 1.0		neg 0.48210159181372697 off 0.47844953539366186 __DUMMY__ 0.03944887279261117	false	1.0
verschwenden	neg 1.0		neg 0.48629587855498524 off 0.4741075126385692 __DUMMY__ 0.0395966088064454	false	1.0
riesig	neg 1.0		neg 0.4840246631014345 off 0.4762506627955491 __DUMMY__ 0.03972467410301642	false	1.0
verurteilen	neg 1.0		neg 0.48328628103409604 off 0.47717584359028103 __DUMMY__ 0.03953787537562289	false	1.0
klischee	neg 1.0	neg 1.0	neg 0.7250204004521477 off 0.2564419276514296 __DUMMY__ 0.018537671896422685	false	1.0
diktatorisch	neg 1.0		neg 0.48076560585286576 off 0.48005098101405974 __DUMMY__ 0.03918341313307446	false	1.0
vorhersehbar	neg 1.0		off 0.48089794609397857 neg 0.47994039892169427 __DUMMY__ 0.039161654984327235	false	0.5
sowie			off 0.48684106387839854 neg 0.47462152849114325 __DUMMY__ 0.0385374076304582	false	0.0
stornieren	neg 1.0		off 0.4850844591095841 neg 0.47530739413969497 __DUMMY__ 0.039608146750721024	false	0.5
besteuerung	neg 1.0	neg 1.0	neg 0.7282232095600993 off 0.253310399112329 __DUMMY__ 0.01846639132757168	false	1.0
ungeschminkt	neg 1.0		off 0.48510620433853224 neg 0.47598180206637886 __DUMMY__ 0.038911993595088804	false	0.5
kritisch	neg 1.0		neg 0.4830759205395142 off 0.47730471602399427 __DUMMY__ 0.03961936343649149	false	1.0
schlamperei	off 1.0		neg 0.48491206173549706 off 0.4754579331802916 __DUMMY__ 0.03963000508421132	false	0.5
sucht	neg 1.0	neg 1.0	neg 0.7250630205415275 off 0.2562147031770045 __DUMMY__ 0.018722276281468046	false	1.0
egoistisch	off 1.0	off 1.0	off 0.7305010342001398 neg 0.25115924820841296 __DUMMY__ 0.018339717591447258	false	1.0
ausbeuter	off 1.0		neg 0.48681322841544045 off 0.4736382265573687 __DUMMY__ 0.03954854502719086	false	0.5
arschgeburt	off 1.0		off 0.4956789811355636 neg 0.4663453319558967 __DUMMY__ 0.037975686908539766	false	1.0
schubs	neg 1.0		neg 0.485815280788877 off 0.4747258133659056 __DUMMY__ 0.039458905845217405	false	1.0
unsolide	neg 1.0		off 0.48243780525490315 neg 0.47822912432782455 __DUMMY__ 0.03933307041727221	false	0.5
beschwerde	neg 1.0		neg 0.4826419215903453 off 0.47774650683896186 __DUMMY__ 0.03961157157069279	false	1.0
stocken	neg 1.0		neg 0.4838548875470619 off 0.4764965361436356 __DUMMY__ 0.039648576309302505	false	1.0
isolieren	neg 1.0		neg 0.484025153648242 off 0.4764846922534759 __DUMMY__ 0.0394901540982821	false	1.0
unheilbar	neg 1.0		neg 0.4806298574839182 off 0.47985988150821457 __DUMMY__ 0.03951026100786717	false	1.0
pisser	off 1.0	off 1.0	off 0.7289416039363631 neg 0.25266456165692747 __DUMMY__ 0.018393834406709445	false	1.0
löschen	neg 1.0		neg 0.4817073919487024 off 0.4789361646338194 __DUMMY__ 0.03935644341747824	false	1.0
durchfallen	neg 1.0		neg 0.4830385407307738 off 0.47731525829484794 __DUMMY__ 0.03964620097437837	false	1.0
wichser	off 1.0	off 1.0	off 0.7324713689455457 neg 0.2494143282069242 __DUMMY__ 0.01811430284753027	false	1.0
terror	neg 1.0		off 0.4820219167973574 neg 0.4787368256542989 __DUMMY__ 0.03924125754834359	false	0.5
krass	neg 1.0		off 0.48820242565405875 neg 0.4730611711309971 __DUMMY__ 0.03873640321494426	false	0.5
revolte	neg 1.0		neg 0.4812004831225198 off 0.4798472322673081 __DUMMY__ 0.03895228461017216	false	1.0
besorgt	neg 1.0		neg 0.48103715862169266 off 0.47919063825871394 __DUMMY__ 0.039772203119593424	false	1.0
nachlassen	neg 1.0		neg 0.4826100351777451 off 0.47763081595529383 __DUMMY__ 0.039759148866961115	false	1.0
alt	neg 1.0		neg 0.48910341793755824 off 0.47168063878441097 __DUMMY__ 0.039215943278030824	false	1.0
hundesohn	off 1.0	off 1.0	off 0.7316338609878567 neg 0.25024814722665284 __DUMMY__ 0.01811799178549054	false	1.0
als			neg 0.4833098000708728 off 0.47712537575942404 __DUMMY__ 0.03956482416970322	false	0.0
abschreckung	neg 1.0		neg 0.4859632451468797 off 0.47433202868578256 __DUMMY__ 0.03970472616733777	false	1.0
unqualifiziert	neg 1.0		off 0.4834175794298402 neg 0.47737807339126576 __DUMMY__ 0.039204347178894025	false	0.5
abgewichst	off 1.0		neg 0.48120801671075425 off 0.4792666615621675 __DUMMY__ 0.0395253217270781	false	0.5
schwer	neg 1.0		neg 0.4812039739759928 off 0.4792380064623656 __DUMMY__ 0.03955801956164166	false	1.0
bedeutungslosigkeit	neg 1.0		neg 0.4852494542280492 off 0.47505138854303897 __DUMMY__ 0.03969915722891171	false	1.0
kapitulation	neg 1.0		neg 0.4854744719774942 off 0.47508220283623914 __DUMMY__ 0.03944332518626662	false	1.0
unscharf	neg 1.0		neg 0.48249290150667035 off 0.47847361457826587 __DUMMY__ 0.03903348391506377	false	1.0
schwinden	neg 1.0		neg 0.48607683865595325 off 0.4743146633802369 __DUMMY__ 0.03960849796380978	false	1.0
versklavung	neg 1.0	neg 1.0	neg 0.7267899598501917 off 0.2546643682842689 __DUMMY__ 0.01854567186553942	false	1.0
schlecht	neg 1.0		off 0.48520983526993133 neg 0.47560984500774695 __DUMMY__ 0.03918031972232162	false	0.5
verhasst	neg 1.0		neg 0.48089448037638033 off 0.47981881904037105 __DUMMY__ 0.03928670058324864	false	1.0
beschweren	neg 1.0		off 0.4816873464399476 neg 0.4788849368224851 __DUMMY__ 0.03942771673756739	false	0.5
scheiden	neg 1.0		neg 0.4808602598971934 off 0.47965389696966276 __DUMMY__ 0.039485843133143766	false	1.0
frustriert	neg 1.0		neg 0.48203359337785123 off 0.4783688381284188 __DUMMY__ 0.039597568493730015	false	1.0
schimmelig	neg 1.0		neg 0.486823645760735 off 0.4738263231090864 __DUMMY__ 0.039350031130178785	false	1.0
fisch	neg 1.0		neg 0.4904972948745482 off 0.4700534095544012 __DUMMY__ 0.0394492955710506	false	1.0
schmuggel	neg 1.0		neg 0.485226015432644 off 0.4748603352312296 __DUMMY__ 0.03991364933612628	false	1.0
auffallen	neg 1.0		off 0.48159005972733865 neg 0.4790647770248637 __DUMMY__ 0.03934516324779754	false	0.5
konkurrenz	neg 1.0		neg 0.48348514954671945 off 0.4765998595691791 __DUMMY__ 0.039914990884101366	false	1.0
teufelskreis	neg 1.0	neg 1.0	neg 0.7277103342396398 off 0.2536430548991282 __DUMMY__ 0.01864661086123203	false	1.0
aufschreien	neg 1.0		off 0.4808558092447094 neg 0.47996269860948226 __DUMMY__ 0.03918149214580828	false	0.5
schuldner	neg 1.0		neg 0.4880821004199077 off 0.4724619173831098 __DUMMY__ 0.03945598219698242	false	1.0
missgeburt	off 1.0	off 1.0	off 0.7317497633047039 neg 0.2499929295198267 __DUMMY__ 0.0182573071754694	false	1.0
arbeitslos	neg 1.0		neg 0.48385804949577454 off 0.47654945052130954 __DUMMY__ 0.039592499982915946	false	1.0
befallen	neg 1.0		neg 0.48661088345752185 off 0.47425851411227293 __DUMMY__ 0.03913060243020521	false	1.0
miesepetrig	off 1.0	off 1.0	off 0.7273380800403917 neg 0.25412491094256007 __DUMMY__ 0.018537009017048175	false	1.0
alarmieren	neg 1.0		off 0.4832855129154144 neg 0.4775810270914475 __DUMMY__ 0.03913345999313816	false	0.5
ungeduscht	off 1.0		off 0.48209489757061535 neg 0.4788482369314166 __DUMMY__ 0.03905686549796812	false	1.0
knappheit	neg 1.0		neg 0.4858703795248209 off 0.47478139138050873 __DUMMY__ 0.0393482290946703	false	1.0
schlange	neg 1.0		off 0.48032074765199595 neg 0.48015667346967483 __DUMMY__ 0.03952257887832925	false	0.5
harsch	neg 1.0		off 0.4893971902364596 neg 0.4716478885240279 __DUMMY__ 0.038954921239512594	false	0.5
lang	neg 1.0		off 0.4803649605017149 neg 0.48025661051521096 __DUMMY__ 0.03937842898307424	false	0.5
ziellos	neg 1.0		neg 0.4836691965809705 off 0.4765145388572213 __DUMMY__ 0.039816264561808284	false	1.0
selbstverliebt	neg 1.0		off 0.49511690624621135 neg 0.466532881498436 __DUMMY__ 0.038350212255352706	false	0.5
beseitigen	neg 1.0		neg 0.48053387000630693 off 0.47991275399910943 __DUMMY__ 0.03955337599458377	false	1.0
dumm	off 1.0		off 0.4898917716298338 neg 0.47150426155164005 __DUMMY__ 0.038603966818526105	false	1.0
arbeitsloser	neg 1.0		off 0.48065937993647434 neg 0.4793698326745015 __DUMMY__ 0.03997078738902429	false	0.5
blitzen	neg 1.0		off 0.4818364007915 neg 0.47904794136422413 __DUMMY__ 0.039115657844276	false	0.5
hilflos	neg 1.0		neg 0.4836966976911908 off 0.4767157458183194 __DUMMY__ 0.03958755649048976	false	1.0
eklig	off 1.0		off 0.48900206255911766 neg 0.47255561483538694 __DUMMY__ 0.038442322605495495	false	1.0
begriff			neg 0.4810615426960641 off 0.47939561111655454 __DUMMY__ 0.03954284618738142	false	0.0
hungersnot	neg 1.0		neg 0.4853389514400784 off 0.4752707417701616 __DUMMY__ 0.03939030678976008	false	1.0
ungesetzlich	neg 1.0		off 0.48111093658930293 neg 0.4796073611447327 __DUMMY__ 0.03928170226596451	false	0.5
verschwendung	neg 1.0		neg 0.48542971070922764 off 0.4748852437837368 __DUMMY__ 0.03968504550703561	false	1.0
schmerzvoll	neg 1.0		neg 0.4809434400173222 off 0.4797605356607076 __DUMMY__ 0.03929602432197022	false	1.0
vorzeitig	neg 1.0		off 0.4862295276267818 neg 0.4744237629056142 __DUMMY__ 0.039346709467604046	false	0.5
unvollkommenheit	neg 1.0		neg 0.48282884438988766 off 0.47763939709677156 __DUMMY__ 0.03953175851334079	false	1.0
intervenieren	neg 1.0		neg 0.4869058003145334 off 0.4736342688821924 __DUMMY__ 0.03945993080327421	false	1.0
banause	off 1.0		off 0.48870221258633467 neg 0.47311836856120987 __DUMMY__ 0.03817941885245548	false	1.0
rebell	neg 1.0		neg 0.491159111058359 off 0.46919299149342153 __DUMMY__ 0.03964789744821933	false	1.0
unlogisch	neg 1.0		off 0.48563340583578124 neg 0.475533347446992 __DUMMY__ 0.03883324671722666	false	0.5
leiden	neg 1.0		neg 0.4838584730761824 off 0.4761671166025611 __DUMMY__ 0.039974410321256426	false	1.0
abschaffung	neg 1.0		neg 0.482078542362725 off 0.47869330021064016 __DUMMY__ 0.03922815742663473	false	1.0
sturz	neg 1.0		off 0.48354937380271723 neg 0.47687760163523996 __DUMMY__ 0.03957302456204273	false	0.5
verkleinerung	neg 1.0		neg 0.4815396081083524 off 0.47960930956256076 __DUMMY__ 0.0388510823290869	false	1.0
schmarotzer	off 1.0		neg 0.48292572119388516 off 0.47752942226251816 __DUMMY__ 0.039544856543596775	false	0.5
bestrafung	neg 1.0	neg 1.0	neg 0.7258943009872592 off 0.255393020808782 __DUMMY__ 0.018712678203958843	false	1.0
achtlos	neg 1.0		neg 0.48124848709240714 off 0.4790917127252492 __DUMMY__ 0.03965980018234371	false	1.0
ungeheuer	neg 1.0		neg 0.4817908668357142 off 0.47885904325056394 __DUMMY__ 0.03935008991372189	false	1.0
unaufrichtig	neg 1.0		off 0.4833159414162853 neg 0.4774821416532633 __DUMMY__ 0.039201916930451323	false	0.5
