unsolidarisch	neg 1.0		__DUMMY__ 0.9149191183729057 neg 0.04265614595399963 off 0.04242473567309458	false	1.0
nachteilig	neg 1.0		__DUMMY__ 0.9220984700442283 neg 0.03967952920749084 off 0.03822200074828082	false	1.0
skeptisch	neg 1.0		__DUMMY__ 0.9210903020800688 neg 0.04153091585847572 off 0.0373787820614555	false	1.0
schrecklich	neg 1.0		__DUMMY__ 0.9106783676774597 off 0.0487499959980844 neg 0.04057163632445599	false	0.5
schlapp	neg 1.0	neg 1.0	neg 0.5071383433214507 __DUMMY__ 0.45155055125186255 off 0.04131110542668683	false	1.0
abfall	neg 1.0		__DUMMY__ 0.9259410050953899 neg 0.03932186098397619 off 0.034737133920634	false	1.0
widerspenstig	neg 1.0		__DUMMY__ 0.9165366597088178 neg 0.04303350211509718 off 0.040429838176084976	false	1.0
abrupt	neg 1.0		__DUMMY__ 0.9198578686851892 neg 0.04348378688886293 off 0.03665834442594782	false	1.0
unwirksam	neg 1.0		__DUMMY__ 0.9117884355059426 neg 0.04649477552885156 off 0.04171678896520585	false	1.0
angreifen	neg 1.0		__DUMMY__ 0.9216613602140301 neg 0.04133711101838531 off 0.037001528767584606	false	1.0
inkonsistent	neg 1.0		__DUMMY__ 0.914567811267485 off 0.04318858263093256 neg 0.04224360610158245	false	0.5
abrutschen	neg 1.0		__DUMMY__ 0.9249635267957571 neg 0.04057533231675423 off 0.034461140887488584	false	1.0
unsicher	neg 1.0		__DUMMY__ 0.9187010121785336 off 0.041135685288111255 neg 0.04016330253335508	false	0.5
bauernkind	off 1.0	off 1.0	off 0.5157244029640281 __DUMMY__ 0.4426486100179105 neg 0.04162698701806146	false	1.0
angreifer	neg 1.0		__DUMMY__ 0.9175828016764875 off 0.04442995602761175 neg 0.03798724229590066	false	0.5
trennen	neg 1.0		__DUMMY__ 0.9229971645249339 neg 0.040482127950115035 off 0.03652070752495108	false	1.0
schmutz	neg 1.0		__DUMMY__ 0.9218383354977802 off 0.04327425009303704 neg 0.03488741440918275	false	0.5
inkonsistenz	neg 1.0		__DUMMY__ 0.9143827384209621 off 0.0454278787260312 neg 0.04018938285300666	false	0.5
erschreckend	neg 1.0		__DUMMY__ 0.918134316652376 neg 0.041112854579205084 off 0.04075282876841895	false	1.0
ertrinken	neg 1.0		__DUMMY__ 0.920387296448388 neg 0.04315947183625397 off 0.03645323171535804	false	1.0
pickelface	off 1.0		__DUMMY__ 0.91689372596228 off 0.041570727101857705 neg 0.04153554693586218	false	1.0
seiner			__DUMMY__ 0.9226255433865241 neg 0.040232016483806636 off 0.03714244012966918	false	0.0
lauch	neg 1.0	neg 1.0	neg 0.5089193482242591 __DUMMY__ 0.459556459281142 off 0.03152419249459893	false	1.0
unwichtig	neg 1.0		__DUMMY__ 0.9134292682904435 off 0.04535329058138181 neg 0.04121744112817466	false	0.5
steuerhinterziehung	neg 1.0		__DUMMY__ 0.9168422819506915 neg 0.04227196818874904 off 0.040885749860559435	false	1.0
schock	neg 1.0		__DUMMY__ 0.9191804299949231 neg 0.04105924969620299 off 0.03976032030887401	false	1.0
beule	neg 1.0		__DUMMY__ 0.911855906192398 off 0.04687272450438886 neg 0.041271369303213165	false	0.5
vergelten	neg 1.0		__DUMMY__ 0.9116179467174729 off 0.04979296904552979 neg 0.03858908423699739	false	0.5
verdorbenheit	neg 1.0		__DUMMY__ 0.916679370220031 off 0.04166821122505291 neg 0.04165241855491609	false	0.5
trauma	neg 1.0		__DUMMY__ 0.9156341208927629 off 0.04238987447330881 neg 0.04197600463392832	false	0.5
sinnlos	neg 1.0		__DUMMY__ 0.9160454126753788 off 0.04291989161070903 neg 0.04103469571391234	false	0.5
fettsack	off 1.0	off 1.0	off 0.5168931547343142 __DUMMY__ 0.4429888430243847 neg 0.040118002241301236	false	1.0
feige	off 1.0	off 1.0	off 0.5124238531662033 __DUMMY__ 0.4490632324128283 neg 0.03851291442096839	false	1.0
abdanken	neg 1.0		__DUMMY__ 0.9180886423832749 off 0.041171930428784115 neg 0.04073942718794092	false	0.5
wichtigtuer	off 1.0	off 1.0	off 0.5098315108189302 __DUMMY__ 0.45319182863817564 neg 0.03697666054289412	false	1.0
misslingen	neg 1.0	neg 1.0	neg 0.5018616448001239 __DUMMY__ 0.4598790106032315 off 0.03825934459664458	false	1.0
untreu	off 1.0		__DUMMY__ 0.912418361477931 off 0.04642251361828526 neg 0.04115912490378373	false	1.0
missmutig	neg 1.0		__DUMMY__ 0.9144641372431851 off 0.04418991089188094 neg 0.04134595186493391	false	0.5
hurenbock	off 1.0		__DUMMY__ 0.9128851262600787 neg 0.04601399212343936 off 0.041100881616482	false	0.5
betrunken	neg 1.0		__DUMMY__ 0.9113371474814922 off 0.047746448758221774 neg 0.04091640376028609	false	0.5
korrupt	off 1.0		__DUMMY__ 0.9162990376939895 neg 0.04305394184158646 off 0.040647020464423984	false	0.5
unmut	neg 1.0		__DUMMY__ 0.922493896835677 neg 0.041533033066196476 off 0.03597307009812654	false	1.0
hackfresse	off 1.0		__DUMMY__ 0.9070609604880359 off 0.052561689856063076 neg 0.04037734965590106	false	1.0
aufblasen	neg 1.0		__DUMMY__ 0.9176958395953753 off 0.04129898117637716 neg 0.041005179228247514	false	0.5
gewaltsam	neg 1.0		__DUMMY__ 0.9181326564266427 neg 0.04096525745061778 off 0.040902086122739593	false	1.0
unbeliebtheit	neg 1.0		__DUMMY__ 0.9130549287425821 off 0.04653070282542739 neg 0.04041436843199047	false	0.5
sturheit	neg 1.0		__DUMMY__ 0.9197853979189883 off 0.04074406207222145 neg 0.03947054000879028	false	0.5
kuh	neg 1.0		__DUMMY__ 0.9075877287973317 neg 0.04893934657427769 off 0.043472924628390655	false	1.0
erschrecken	neg 1.0		__DUMMY__ 0.9151623016999216 off 0.04456626721398118 neg 0.040271431086097244	false	0.5
opfer	neg 1.0		__DUMMY__ 0.922521990906609 neg 0.03900985194093544 off 0.038468157152455495	false	1.0
sinken	neg 1.0		__DUMMY__ 0.9209997007595255 neg 0.042702258636210993 off 0.03629804060426352	false	1.0
stinktier	neg 1.0		__DUMMY__ 0.9037319981651908 off 0.05076091456655255 neg 0.04550708726825668	false	0.5
tucke	off 1.0		__DUMMY__ 0.9011814015309533 off 0.05427266794097625 neg 0.04454593052807039	false	1.0
ein			__DUMMY__ 0.9164973296400621 neg 0.04324351558318932 off 0.04025915477674851	false	0.0
abstieg	neg 1.0		__DUMMY__ 0.9241558889462892 off 0.03951104580292695 neg 0.03633306525078383	false	0.5
missverstehen	neg 1.0		__DUMMY__ 0.9152765601927189 off 0.043712513022013795 neg 0.04101092678526734	false	0.5
ergebnislos	neg 1.0		__DUMMY__ 0.9226781963780891 neg 0.039098790901531094 off 0.03822301272037977	false	1.0
unter			__DUMMY__ 0.9298974992526747 neg 0.03908428226836753 off 0.03101821847895775	false	0.0
manipulieren	neg 1.0		__DUMMY__ 0.9225704244292053 neg 0.039641204213894 off 0.03778837135690077	false	1.0
unbewiesen	neg 1.0	neg 1.0	neg 0.507089976469259 __DUMMY__ 0.45410942997217685 off 0.038800593558564175	false	1.0
verschleppen	neg 1.0		__DUMMY__ 0.9191539681395999 neg 0.04164979251544571 off 0.03919623934495437	false	1.0
weib	off 1.0		__DUMMY__ 0.9031900527516347 off 0.05450623399434742 neg 0.042303713254018015	false	1.0
opposition	neg 1.0		__DUMMY__ 0.9145466344206304 neg 0.0430469002239318 off 0.04240646535543773	false	1.0
verkehrswidrig	neg 1.0	neg 1.0	neg 0.5031286475528762 __DUMMY__ 0.4516804470295525 off 0.045190905417571356	false	1.0
inkorrekt	neg 1.0		__DUMMY__ 0.9099432434541719 off 0.04896471424787038 neg 0.041092042297957675	false	0.5
vermeiden	neg 1.0		__DUMMY__ 0.925796235710686 neg 0.040391536497524305 off 0.03381222779178972	false	1.0
abweichung	neg 1.0	neg 1.0	neg 0.504234490865255 __DUMMY__ 0.4599803039681467 off 0.035785205166598416	false	1.0
alkoholisiert	neg 1.0		__DUMMY__ 0.9255195330355291 neg 0.03824084301324469 off 0.036239623951226235	false	1.0
scheiss	off 1.0	off 1.0	off 0.5127860844647936 __DUMMY__ 0.4484469352299314 neg 0.03876698030527504	false	1.0
herausforderung	neg 1.0		__DUMMY__ 0.9210115747631871 neg 0.03977566557534209 off 0.03921275966147078	false	1.0
pervers	off 1.0		__DUMMY__ 0.9022802222428943 off 0.056426786861174506 neg 0.04129299089593121	false	1.0
wackelig	neg 1.0		__DUMMY__ 0.9213818510348343 neg 0.03991683912430476 off 0.038701309840860884	false	1.0
verwickeln	neg 1.0		__DUMMY__ 0.9156022400151409 off 0.04300587429089593 neg 0.04139188569396315	false	0.5
vorwand	neg 1.0		__DUMMY__ 0.9218071783261943 neg 0.04161529899501981 off 0.03657752267878594	false	1.0
muschi	off 1.0		__DUMMY__ 0.9186102244401093 neg 0.04073819264522657 off 0.040651582914664086	false	0.5
entmutigung	neg 1.0		__DUMMY__ 0.9135725330669069 off 0.04375399115731762 neg 0.04267347577577545	false	0.5
unangemessen	neg 1.0		__DUMMY__ 0.9192910866971002 off 0.04042586748711041 neg 0.040283045815789356	false	0.5
unstetig	neg 1.0		__DUMMY__ 0.9151378168406704 off 0.044371534305173925 neg 0.04049064885415573	false	0.5
entmutigen	neg 1.0		__DUMMY__ 0.9172618410915069 off 0.04200555541406966 neg 0.04073260349442345	false	0.5
schwanz	neg 1.0		__DUMMY__ 0.9191732741303448 neg 0.04215457769048508 off 0.038672148179170245	false	1.0
verbot	neg 1.0		__DUMMY__ 0.9167032484120219 neg 0.04297077168162021 off 0.040325979906357785	false	1.0
leid	neg 1.0		__DUMMY__ 0.9088519283021158 off 0.05001822098609145 neg 0.04112985071179273	false	0.5
archaisch	neg 1.0		__DUMMY__ 0.9178608069573247 neg 0.04203574968327272 off 0.04010344335940256	false	1.0
gegen			__DUMMY__ 0.9243039064925246 neg 0.03926139004722142 off 0.036434703460254056	false	0.0
scheidung	neg 1.0		__DUMMY__ 0.9052916528179652 off 0.05948698947672302 neg 0.03522135770531185	false	0.5
einschlag	neg 1.0		__DUMMY__ 0.913375995530058 off 0.048896156986899426 neg 0.03772784748304251	false	0.5
m			__DUMMY__ 0.9198561397709738 neg 0.04092719590106764 off 0.03921666432795862	false	0.0
abgestanden	neg 1.0		__DUMMY__ 0.911650084337631 neg 0.047727800920596884 off 0.04062211474177217	false	1.0
schmierig	off 1.0		__DUMMY__ 0.9092335317481122 off 0.049842863880700104 neg 0.04092360437118776	false	1.0
unpraktisch	neg 1.0		__DUMMY__ 0.9179414278382175 off 0.04201159208898411 neg 0.04004698007279844	false	0.5
wixxer	off 1.0		__DUMMY__ 0.9004495258480588 off 0.0567928969069793 neg 0.04275757724496185	false	1.0
bezeichnet			__DUMMY__ 0.9180749977369068 off 0.04160705172185215 neg 0.04031795054124112	false	0.0
jammerlappen	off 1.0		__DUMMY__ 0.9137360864580538 off 0.04563647984213462 neg 0.040627433699811526	false	1.0
farce	neg 1.0		__DUMMY__ 0.9153934408809623 neg 0.04295313651546335 off 0.04165342260357442	false	1.0
zwecklos	neg 1.0		__DUMMY__ 0.9187579315023839 neg 0.04161409869294273 off 0.03962796980467324	false	1.0
turbulent	neg 1.0		__DUMMY__ 0.9118993084797058 off 0.04723819923383001 neg 0.04086249228646429	false	0.5
invasion	neg 1.0		__DUMMY__ 0.9156530202508776 off 0.043408106666914484 neg 0.040938873082207936	false	0.5
schuld	neg 1.0		__DUMMY__ 0.9166376776345342 off 0.04241279040246319 neg 0.04094953196300254	false	0.5
risiko	neg 1.0		__DUMMY__ 0.9136408451473335 neg 0.043244745920621164 off 0.04311440893204526	false	1.0
finster	neg 1.0		__DUMMY__ 0.9164821820837434 neg 0.043195341797521776 off 0.040322476118734754	false	1.0
geisteskrank	off 1.0		__DUMMY__ 0.9111001122897293 off 0.04786340603717679 neg 0.04103648167309386	false	1.0
zusammenbrechen	neg 1.0		__DUMMY__ 0.9185248201567897 neg 0.04173719237736865 off 0.0397379874658416	false	1.0
ausbeute	neg 1.0		__DUMMY__ 0.9218734168719102 off 0.03988530909115514 neg 0.038241274036934704	false	0.5
hinterhalt	neg 1.0		__DUMMY__ 0.9182836466391328 neg 0.04199643392952075 off 0.03971991943134655	false	1.0
kritik	neg 1.0		__DUMMY__ 0.9153308927010929 neg 0.04320870287694444 off 0.04146040442196268	false	1.0
einschrumpfen	neg 1.0		__DUMMY__ 0.9104963310910911 off 0.04577814677637005 neg 0.04372552213253892	false	0.5
riskant	neg 1.0		__DUMMY__ 0.9201363599649494 neg 0.04227205884870436 off 0.03759158118634631	false	1.0
frustrieren	neg 1.0		__DUMMY__ 0.9188021519518338 neg 0.04282323341151269 off 0.038374614636653454	false	1.0
groll	neg 1.0		__DUMMY__ 0.9201575702028323 neg 0.040077926220435364 off 0.03976450357673234	false	1.0
gibt			__DUMMY__ 0.9198232185942693 neg 0.04077476721003284 off 0.03940201419569786	false	0.0
qualvoll	neg 1.0		__DUMMY__ 0.9160576443327063 off 0.04288893854659841 neg 0.04105341712069523	false	0.5
wackeln	neg 1.0		__DUMMY__ 0.9182364898168383 off 0.04092489781564962 neg 0.040838612367512205	false	0.5
klagen	neg 1.0		__DUMMY__ 0.9209577976448873 neg 0.04218733563211928 off 0.03685486672299339	false	1.0
bankrott	neg 1.0		__DUMMY__ 0.9155529477393425 off 0.044832416625099084 neg 0.039614635635558455	false	0.5
trauern	neg 1.0		__DUMMY__ 0.9251788486917873 off 0.037454401185102536 neg 0.03736675012311006	false	0.5
ablehnung	neg 1.0		__DUMMY__ 0.91629628499291 neg 0.04275546629720726 off 0.04094824870988266	false	1.0
stur	neg 1.0		__DUMMY__ 0.9158142031173016 off 0.04238755669479403 neg 0.04179824018790435	false	0.5
aufruhr	neg 1.0	neg 1.0	neg 0.5073971793310001 __DUMMY__ 0.45483571772848647 off 0.03776710294051337	false	1.0
melancholie	neg 1.0		__DUMMY__ 0.9196727939809184 neg 0.043551719213388594 off 0.036775486805693085	false	1.0
ist			__DUMMY__ 0.9164402541774394 off 0.04271389202936322 neg 0.04084585379319746	false	0.0
torheit	neg 1.0		__DUMMY__ 0.9167618773605818 off 0.04254489672664305 neg 0.04069322591277519	false	0.5
dreckskind	off 1.0		__DUMMY__ 0.9049875668970393 off 0.05366405710407798 neg 0.04134837599888278	false	1.0
umtauschen	neg 1.0		__DUMMY__ 0.9180510896814079 neg 0.041806890870603054 off 0.040142019447989015	false	1.0
zum			__DUMMY__ 0.930320164446611 neg 0.035861042641882744 off 0.033818792911506204	false	0.0
zersetzen	neg 1.0		__DUMMY__ 0.919730478087079 neg 0.042728813897092884 off 0.03754070801582807	false	1.0
zur			__DUMMY__ 0.9257777721933999 neg 0.04003701962682753 off 0.03418520817977253	false	0.0
frust	neg 1.0		__DUMMY__ 0.919214043376784 neg 0.04118811646710434 off 0.0395978401561116	false	1.0
unerbittlichkeit	neg 1.0		__DUMMY__ 0.9211586251419358 neg 0.04066037632460211 off 0.038180998533461984	false	1.0
zwei			__DUMMY__ 0.9267271281956887 neg 0.03982468373829596 off 0.03344818806601533	false	0.0
unkorrekt	neg 1.0		__DUMMY__ 0.9104974703182366 off 0.047655612809731115 neg 0.04184691687203229	false	0.5
hexe	off 1.0		__DUMMY__ 0.9113462055012315 off 0.0449336592923284 neg 0.04372013520644004	false	1.0
lasch	neg 1.0		__DUMMY__ 0.9144882439040807 off 0.04499026844835246 neg 0.04052148764756684	false	0.5
rivale	neg 1.0		__DUMMY__ 0.9109505361467831 off 0.04870473528241707 neg 0.04034472857079981	false	0.5
mutlos	off 1.0	off 1.0	off 0.5057768846037088 __DUMMY__ 0.4566179820001277 neg 0.03760513339616342	false	1.0
wirr	off 1.0		__DUMMY__ 0.9097036827222805 off 0.04935300625986976 neg 0.040943311017849704	false	1.0
jahr			__DUMMY__ 0.9265945013927113 off 0.03702171760516105 neg 0.03638378100212778	false	0.0
wird			__DUMMY__ 0.92049356749545 neg 0.040725383318517515 off 0.03878104918603254	false	0.0
strafbar	neg 1.0		__DUMMY__ 0.9210398542323622 neg 0.040871173452252094 off 0.03808897231538571	false	1.0
erosion	neg 1.0		__DUMMY__ 0.917656512841857 off 0.04120335016011678 neg 0.0411401369980263	false	0.5
eingehen	neg 1.0		__DUMMY__ 0.9192104432035291 neg 0.04252029846797496 off 0.03826925832849585	false	1.0
faul	off 1.0		__DUMMY__ 0.9144810411532767 off 0.044470791382841005 neg 0.04104816746388225	false	1.0
provisorium	neg 1.0		__DUMMY__ 0.930425595981045 neg 0.038637539017464285 off 0.030936865001490736	false	1.0
schmerzen	neg 1.0		__DUMMY__ 0.9180551144018878 neg 0.042283368675445764 off 0.03966151692266652	false	1.0
schrumpfen	neg 1.0		__DUMMY__ 0.9223388195997988 neg 0.04324744136733266 off 0.03441373903286854	false	1.0
geistlos	off 1.0		__DUMMY__ 0.9132374557290578 off 0.04415926885890078 neg 0.042603275412041494	false	1.0
fehlkauf	neg 1.0		__DUMMY__ 0.9140493230745148 off 0.043447950898200506 neg 0.0425027260272846	false	0.5
frustrierend	neg 1.0		__DUMMY__ 0.9145633068044449 off 0.04456608599003233 neg 0.04087060720552292	false	0.5
unzufrieden	neg 1.0		__DUMMY__ 0.9191034644470102 neg 0.04143293648442423 off 0.03946359906856564	false	1.0
verzweifeln	neg 1.0		__DUMMY__ 0.9189224175937235 neg 0.040619887395925515 off 0.04045769501035099	false	1.0
verzweifelt	neg 1.0		__DUMMY__ 0.9164651060247585 off 0.04245342395301856 neg 0.041081470022222934	false	0.5
misstrauensantrag	neg 1.0		__DUMMY__ 0.9159683979114946 off 0.042776554280925215 neg 0.04125504780758015	false	0.5
abfallen	neg 1.0		__DUMMY__ 0.917330330931292 neg 0.041690013356168065 off 0.040979655712539934	false	1.0
fucker	off 1.0		__DUMMY__ 0.9115632033716277 off 0.048537254122181274 neg 0.03989954250619107	false	1.0
ungezogen	neg 1.0		__DUMMY__ 0.9047731544245574 off 0.054375502053098025 neg 0.040851343522344555	false	0.5
irrsinnig	neg 1.0	neg 1.0	neg 0.5079879915517297 __DUMMY__ 0.4535944604173152 off 0.038417548030955	false	1.0
unfassbar	neg 1.0		__DUMMY__ 0.9132762636828786 off 0.04634108242721605 neg 0.040382653889905376	false	0.5
hart	neg 1.0		__DUMMY__ 0.9079394438822921 off 0.046368222996459416 neg 0.04569233312124848	false	0.5
widerlich	off 1.0		__DUMMY__ 0.9120796137117368 off 0.046828717848500005 neg 0.04109166843976323	false	1.0
fatal	neg 1.0	neg 1.0	neg 0.5103537225884005 __DUMMY__ 0.4498499581633842 off 0.03979631924821537	false	1.0
bruch	neg 1.0		__DUMMY__ 0.9252317545578008 neg 0.03911264822887882 off 0.03565559721332034	false	1.0
aushungern	neg 1.0		__DUMMY__ 0.9162790174969397 neg 0.0431470419323446 off 0.04057394057071561	false	1.0
anspannung	neg 1.0		__DUMMY__ 0.9278351478644205 neg 0.03839455162179633 off 0.03377030051378322	false	1.0
von			__DUMMY__ 0.9227866114634399 neg 0.04069290721558305 off 0.036520481320977	false	0.0
kraftlos	neg 1.0		__DUMMY__ 0.9202863155441362 neg 0.04092476424656124 off 0.03878892020930251	false	1.0
vom			__DUMMY__ 0.9321882543785707 neg 0.0366061636708401 off 0.031205581950589145	false	0.0
grenzdebil	off 1.0		__DUMMY__ 0.9119404895016848 off 0.04656602271560019 neg 0.041493487782715006	false	1.0
vor			__DUMMY__ 0.9233415772830542 neg 0.040882808420559406 off 0.03577561429638633	false	0.0
unterwerfen	neg 1.0		__DUMMY__ 0.920585130111508 neg 0.040842788731725366 off 0.03857208115676662	false	1.0
versenkung	neg 1.0		__DUMMY__ 0.9210133646027149 neg 0.04073959730552432 off 0.038247038091760825	false	1.0
entziehen	neg 1.0		__DUMMY__ 0.9218577195198234 neg 0.041598289485601146 off 0.03654399099457549	false	1.0
finanzkrise	neg 1.0		__DUMMY__ 0.9116292983924575 neg 0.04720502365454462 off 0.041165677952997845	false	1.0
schimpfend	neg 1.0		__DUMMY__ 0.9189793206487066 off 0.04135193654906789 neg 0.03966874280222559	false	0.5
profan	neg 1.0		__DUMMY__ 0.9155417004492553 off 0.04322205525721503 neg 0.041236244293529706	false	0.5
korruption	neg 1.0		__DUMMY__ 0.9169502122026437 neg 0.04312083739050513 off 0.03992895040685113	false	1.0
â			__DUMMY__ 0.9195017660877649 neg 0.04181640123576784 off 0.03868183267646727	false	0.0
schmutzig	neg 1.0		__DUMMY__ 0.9125440231958628 off 0.046704936960870795 neg 0.04075103984326639	false	0.5
sexy	neg 1.0		__DUMMY__ 0.915368469742413 off 0.04443979597785964 neg 0.04019173427972727	false	0.5
abraten	neg 1.0		__DUMMY__ 0.9168196129692177 off 0.042722923054196074 neg 0.04045746397658626	false	0.5
schwarz	neg 1.0		__DUMMY__ 0.915881227193999 off 0.04314356582505388 neg 0.04097520698094712	false	0.5
fotze	off 1.0	off 1.0	off 0.5059316389373962 __DUMMY__ 0.45638529557679397 neg 0.037683065485809845	false	1.0
verwirren	neg 1.0		__DUMMY__ 0.9157996466720496 off 0.04349364419163831 neg 0.04070670913631214	false	0.5
zahnlos	off 1.0		__DUMMY__ 0.9183538911443014 neg 0.041332580832694685 off 0.04031352802300389	false	0.5
verheeren	neg 1.0		__DUMMY__ 0.904832348198805 off 0.05579748652656699 neg 0.039370165274627986	false	0.5
hippie	neg 1.0		__DUMMY__ 0.9148932341241875 off 0.044255871092908634 neg 0.04085089478290379	false	0.5
rammen	neg 1.0		__DUMMY__ 0.9179755238118282 off 0.04112459848815065 neg 0.04089987770002116	false	0.5
unlauter	neg 1.0		__DUMMY__ 0.9148370506836853 off 0.04311914107577208 neg 0.04204380824054263	false	0.5
unheilvoll	neg 1.0		__DUMMY__ 0.916372486644327 off 0.041849512906935074 neg 0.04177800044873795	false	0.5
niedrig	neg 1.0		__DUMMY__ 0.9181092881204012 neg 0.04329560196507028 off 0.03859510991452863	false	1.0
explosion	neg 1.0		__DUMMY__ 0.9154432014931261 off 0.04403687201694539 neg 0.04051992648992863	false	0.5
weichei	off 1.0	off 1.0	off 0.5164169570386048 __DUMMY__ 0.4450086970897049 neg 0.03857434587169022	false	1.0
minusmensch	off 1.0		__DUMMY__ 0.9033506697328164 off 0.05584382741815263 neg 0.04080550284903099	false	1.0
farblos	neg 1.0		__DUMMY__ 0.9155851464730996 neg 0.04274984502656921 off 0.04166500850033115	false	1.0
unwissend	neg 1.0	neg 1.0	neg 0.5084084781114917 __DUMMY__ 0.4502401272655869 off 0.041351394622921374	false	1.0
traurig	neg 1.0		__DUMMY__ 0.9108702566365305 off 0.0484493326137736 neg 0.040680410749695764	false	0.5
senkung	neg 1.0		__DUMMY__ 0.9115686832688511 neg 0.044747574116143836 off 0.04368374261500514	false	1.0
ungleich	neg 1.0	neg 1.0	neg 0.50756352576028 __DUMMY__ 0.45721238752635096 off 0.03522408671336904	false	1.0
heikel	neg 1.0		__DUMMY__ 0.9209148963779882 neg 0.04138877768281011 off 0.0376963259392017	false	1.0
drosselung	neg 1.0		__DUMMY__ 0.9085392643272335 off 0.04660392901849837 neg 0.044856806654268014	false	0.5
falsch	neg 1.0		__DUMMY__ 0.9150301289172817 off 0.04460349529585896 neg 0.0403663757868593	false	0.5
unzufriedenheit	neg 1.0		__DUMMY__ 0.9191553981424023 neg 0.04315127217913799 off 0.03769332967845978	false	1.0
kurz	neg 1.0		__DUMMY__ 0.9209411112754499 neg 0.039888412678195526 off 0.03917047604635463	false	1.0
unsinnig	neg 1.0		__DUMMY__ 0.9164122433654727 neg 0.042878890095018565 off 0.0407088665395087	false	1.0
penner	off 1.0	off 1.0	off 0.5179766627519279 __DUMMY__ 0.44439389475698854 neg 0.03762944249108359	false	1.0
seicht	neg 1.0		__DUMMY__ 0.902598456724074 off 0.054117170000394815 neg 0.04328437327553117	false	0.5
dummheit	off 1.0	off 1.0	off 0.5100398354293225 __DUMMY__ 0.4512519799787736 neg 0.03870818459190386	false	1.0
unerfreulich	neg 1.0		__DUMMY__ 0.9214629977241773 neg 0.04115718010278643 off 0.037379822173036245	false	1.0
motherfucker	off 1.0	off 1.0	off 0.5138801792029518 __DUMMY__ 0.44904698802314214 neg 0.03707283277390619	false	1.0
pikiert	neg 1.0	neg 1.0	neg 0.5084315077739301 __DUMMY__ 0.44976939476073036 off 0.04179909746533951	false	1.0
wrack	neg 1.0		__DUMMY__ 0.9260042524425939 off 0.03899310663223056 neg 0.035002640925175625	false	0.5
gangster	neg 1.0		__DUMMY__ 0.9146597554390681 off 0.044384357950257664 neg 0.040955886610674286	false	0.5
krank	neg 1.0	neg 1.0	neg 0.506306843928819 __DUMMY__ 0.4515087688693213 off 0.04218438720185976	false	1.0
reich	neg 1.0		__DUMMY__ 0.9118907875160007 off 0.04475520562776075 neg 0.043354006856238574	false	0.5
gnadenlos	neg 1.0		__DUMMY__ 0.9176129972925878 off 0.04220864470169998 neg 0.04017835800571223	false	0.5
niedergeschlagen	neg 1.0		__DUMMY__ 0.9207480220043582 neg 0.04028807618711917 off 0.03896390180852256	false	1.0
terrorisieren	off 1.0	off 1.0	off 0.5048294204861801 __DUMMY__ 0.45792525199063266 neg 0.03724532752318729	false	1.0
sinnlosigkeit	neg 1.0		__DUMMY__ 0.9191305238039129 neg 0.041034417433325775 off 0.03983505876276124	false	1.0
behindern	neg 1.0		__DUMMY__ 0.9168573648502883 neg 0.042270705827429644 off 0.04087192932228202	false	1.0
undemokratisch	neg 1.0		__DUMMY__ 0.9147521669331874 off 0.04363813206045791 neg 0.04160970100635474	false	0.5
wirtschaftskrise	neg 1.0		__DUMMY__ 0.9152553020328049 neg 0.04513560132443497 off 0.0396090966427601	false	1.0
neid	neg 1.0		__DUMMY__ 0.9152078056230526 off 0.04383243242542315 neg 0.040959761951524294	false	0.5
rutschen	neg 1.0		__DUMMY__ 0.9267016103533661 neg 0.04010846608309997 off 0.03318992356353396	false	1.0
rezession	neg 1.0		__DUMMY__ 0.9058643374687976 off 0.049004280403303395 neg 0.045131382127898995	false	0.5
fehlgeburt	neg 1.0		__DUMMY__ 0.9200859041298988 off 0.04103020875862166 neg 0.03888388711147953	false	0.5
charakterschwach	off 1.0		__DUMMY__ 0.9119680231763703 off 0.04651593778801897 neg 0.04151603903561087	false	1.0
isolation	neg 1.0		__DUMMY__ 0.9158377887497463 off 0.04443177869628379 neg 0.039730432553969866	false	0.5
ablenkung	neg 1.0		__DUMMY__ 0.9192435176550962 off 0.0409037628536005 neg 0.03985271949130332	false	0.5
pech	neg 1.0		__DUMMY__ 0.9149812616925622 off 0.044404897155320894 neg 0.0406138411521168	false	0.5
vermeidung	neg 1.0		__DUMMY__ 0.9115802174402964 off 0.0464357305083878 neg 0.041984052051315834	false	0.5
dominieren	neg 1.0		__DUMMY__ 0.9202340178809921 off 0.040000603452142965 neg 0.0397653786668649	false	0.5
schwindlig	neg 1.0		__DUMMY__ 0.915969431000753 off 0.04235025616998724 neg 0.04168031282925969	false	0.5
lutscher	neg 1.0	neg 1.0	neg 0.5091780297568888 __DUMMY__ 0.4404742566498296 off 0.050347713593281704	false	1.0
pflicht	neg 1.0		__DUMMY__ 0.9232328597660711 neg 0.040072926874629454 off 0.03669421335929949	false	1.0
faschist	off 1.0		__DUMMY__ 0.9146292299709332 off 0.044823364525866514 neg 0.0405474055032004	false	1.0
verschleudern	neg 1.0		__DUMMY__ 0.9165343241337296 neg 0.044986845847345136 off 0.038478830018925235	false	1.0
wenn			__DUMMY__ 0.9138225083683448 off 0.04538066736881052 neg 0.04079682426284473	false	0.0
ehebruch	neg 1.0		__DUMMY__ 0.9195484484305317 neg 0.04133728075311989 off 0.0391142708163484	false	1.0
spott	off 1.0		__DUMMY__ 0.9208581561295655 neg 0.04017176469782146 off 0.03897007917261302	false	0.5
trostlosigkeit	neg 1.0		__DUMMY__ 0.9198343619932078 neg 0.04356819480185833 off 0.03659744320493394	false	1.0
lutschen	neg 1.0		__DUMMY__ 0.9138097042754545 off 0.04473518063249688 neg 0.04145511509204855	false	0.5
undiszipliniert	neg 1.0		__DUMMY__ 0.9118251121193747 off 0.047776618762411086 neg 0.04039826911821412	false	0.5
kopfschmerz	neg 1.0		__DUMMY__ 0.9181187307385654 neg 0.04385987016239155 off 0.038021399099043014	false	1.0
unvorhergesehen	neg 1.0		__DUMMY__ 0.9234376855146281 neg 0.040481245952496935 off 0.036081068532875044	false	1.0
desinteressiert	neg 1.0		__DUMMY__ 0.9114624010535791 off 0.04735377105194164 neg 0.04118382789447925	false	0.5
armselig	off 1.0		__DUMMY__ 0.9100941171383056 off 0.049421092437115496 neg 0.04048479042457902	false	1.0
desaster	neg 1.0		__DUMMY__ 0.9213811552374325 neg 0.04234515619994929 off 0.03627368856261813	false	1.0
tod	neg 1.0		__DUMMY__ 0.9223750935383762 neg 0.03985362603023117 off 0.037771280431392724	false	1.0
herzlos	neg 1.0		__DUMMY__ 0.910330671447826 off 0.04883115450972157 neg 0.04083817404245242	false	0.5
unwissenheit	neg 1.0		__DUMMY__ 0.9187623712224133 neg 0.04169873551762678 off 0.039538893259959844	false	1.0
widersinnig	neg 1.0		__DUMMY__ 0.9158313460708426 neg 0.04323838834173927 off 0.040930265587418135	false	1.0
bedenklich	neg 1.0		__DUMMY__ 0.9187549277571255 neg 0.04240350569651496 off 0.038841566546359584	false	1.0
beanstanden	neg 1.0		__DUMMY__ 0.9231048474416111 neg 0.03972691247779644 off 0.037168240080592364	false	1.0
panisch	neg 1.0		__DUMMY__ 0.9179712108034161 off 0.0424984600562014 neg 0.03953032914038246	false	0.5
debil	off 1.0		__DUMMY__ 0.9267476405446674 neg 0.0419056049473247 off 0.031346754508007904	false	0.5
abstrich	neg 1.0		__DUMMY__ 0.9176563179777508 neg 0.043525790813561005 off 0.038817891208688095	false	1.0
primitiv	neg 1.0		__DUMMY__ 0.9118183876447417 off 0.04759047498199369 neg 0.040591137373264585	false	0.5
abschaum	off 1.0	off 1.0	off 0.5121607248071219 __DUMMY__ 0.4518151080187103 neg 0.03602416717416778	false	1.0
provozieren	neg 1.0		__DUMMY__ 0.9162176033192814 off 0.04222007837237869 neg 0.04156231830833999	false	0.5
tot	neg 1.0		__DUMMY__ 0.9183834033042875 neg 0.04272705357751281 off 0.038889543118199706	false	1.0
instabil	neg 1.0		__DUMMY__ 0.9097074926660349 off 0.04964560275960849 neg 0.040646904574356546	false	0.5
schwuchtel	off 1.0	off 1.0	off 0.5238626472456734 __DUMMY__ 0.43775093353168737 neg 0.03838641922263924	false	1.0
zerren	neg 1.0		__DUMMY__ 0.9208877818963531 neg 0.040047023371185216 off 0.039065194732461714	false	1.0
kinderficker	off 1.0		__DUMMY__ 0.9079091168401306 off 0.05140861703248327 neg 0.04068226612738616	false	1.0
gefahr	neg 1.0		__DUMMY__ 0.9223556403906259 neg 0.04059685321481588 off 0.03704750639455817	false	1.0
rabiat	neg 1.0		__DUMMY__ 0.9169477326852759 neg 0.04236173364324374 off 0.04069053367148037	false	1.0
verlangsamung	neg 1.0		__DUMMY__ 0.9063643803623335 off 0.05294894238825927 neg 0.04068667724940717	false	0.5
ausgestorben	neg 1.0		__DUMMY__ 0.9189781027224131 neg 0.040748189129594395 off 0.040273708147992505	false	1.0
anklagen	neg 1.0		__DUMMY__ 0.9188504572073513 neg 0.04104444508756975 off 0.04010509770507902	false	1.0
trott	neg 1.0		__DUMMY__ 0.9176657892420328 neg 0.04124444471879517 off 0.04108976603917205	false	1.0
verminderung	neg 1.0		__DUMMY__ 0.9121466030119992 off 0.04640899969169525 neg 0.04144439729630547	false	0.5
nach			__DUMMY__ 0.9287659137550028 neg 0.039043382522719314 off 0.0321907037222779	false	0.0
rost	neg 1.0		__DUMMY__ 0.9088588723797777 off 0.0537023807158029 neg 0.037438746904419375	false	0.5
destruktiv	neg 1.0		__DUMMY__ 0.9170291475232881 neg 0.041669591967042084 off 0.041301260509669854	false	1.0
unzumutbarkeit	neg 1.0		__DUMMY__ 0.9130322248225865 off 0.046454383008983156 neg 0.04051339216843036	false	0.5
labil	off 1.0	off 1.0	off 0.5116235735038982 __DUMMY__ 0.45058429328829985 neg 0.037792133207801996	false	1.0
ziemlich	neg 1.0		__DUMMY__ 0.9141363729561199 off 0.04600852441235045 neg 0.039855102631529665	false	0.5
lachnummer	off 1.0		__DUMMY__ 0.9179790143903099 off 0.04196403287192396 neg 0.040056952737766154	false	1.0
oder			__DUMMY__ 0.9188726137173523 off 0.04144506631703187 neg 0.039682319965615935	false	0.0
verfall	neg 1.0		__DUMMY__ 0.9218328745720127 neg 0.04371670818830453 off 0.034450417239682854	false	1.0
ausgrenzung	neg 1.0		__DUMMY__ 0.9145315343390062 off 0.043509607555244065 neg 0.04195885810574965	false	0.5
unordnung	neg 1.0		__DUMMY__ 0.9086233529468901 off 0.04979186941523667 neg 0.04158477763787322	false	0.5
fehlverhalten	neg 1.0		__DUMMY__ 0.9207394078041343 neg 0.04106372054350701 off 0.038196871652358626	false	1.0
eine			__DUMMY__ 0.9223497694208685 neg 0.04144860064030676 off 0.03620162993882465	false	0.0
nille	neg 1.0		__DUMMY__ 0.9173393426699378 off 0.04161360999608338 neg 0.04104704733397878	false	0.5
qual	neg 1.0		__DUMMY__ 0.9175063819503652 neg 0.04165021400541709 off 0.040843404044217754	false	1.0
verschwenden	neg 1.0		__DUMMY__ 0.9191931734630702 neg 0.04308335969170396 off 0.0377234668452258	false	1.0
riesig	neg 1.0		__DUMMY__ 0.9216285473939705 neg 0.04073806874602653 off 0.037633383860003006	false	1.0
verurteilen	neg 1.0		__DUMMY__ 0.918411150476772 neg 0.041562350268435334 off 0.04002649925479267	false	1.0
klischee	neg 1.0	neg 1.0	neg 0.5082821821056553 __DUMMY__ 0.45088976866496255 off 0.04082804922938218	false	1.0
diktatorisch	neg 1.0		__DUMMY__ 0.9140061959461917 off 0.043755077803233816 neg 0.04223872625057438	false	0.5
vorhersehbar	neg 1.0		__DUMMY__ 0.913648174667018 off 0.04411647680908629 neg 0.04223534852389567	false	0.5
sowie			__DUMMY__ 0.9061490156172511 off 0.05074712661503014 neg 0.0431038577677187	false	0.0
stornieren	neg 1.0		__DUMMY__ 0.9201604212100668 off 0.043401368484280015 neg 0.03643821030565319	false	0.5
besteuerung	neg 1.0	neg 1.0	neg 0.51194800646689 __DUMMY__ 0.44980226377795046 off 0.03824972975515953	false	1.0
ungeschminkt	neg 1.0		__DUMMY__ 0.9114768865132953 off 0.04707123752738185 neg 0.04145187595932287	false	0.5
kritisch	neg 1.0		__DUMMY__ 0.9193519056709585 neg 0.041002659205378045 off 0.039645435123663426	false	1.0
schlamperei	off 1.0		__DUMMY__ 0.9197256498520566 neg 0.0417810147371578 off 0.038493335410785604	false	0.5
sucht	neg 1.0	neg 1.0	neg 0.5059720906705022 __DUMMY__ 0.45597217794667244 off 0.03805573138282522	false	1.0
egoistisch	off 1.0	off 1.0	off 0.5163277787324616 __DUMMY__ 0.44704109513072704 neg 0.03663112613681137	false	1.0
ausbeuter	off 1.0		__DUMMY__ 0.918422024455864 neg 0.04353790586952861 off 0.038040069674607366	false	0.5
arschgeburt	off 1.0		__DUMMY__ 0.8989089080597085 off 0.05923211955070728 neg 0.041858972389584304	false	1.0
schubs	neg 1.0		__DUMMY__ 0.9183056184331823 neg 0.043599168674006365 off 0.03809521289281137	false	1.0
unsolide	neg 1.0		__DUMMY__ 0.916276447466618 off 0.043959385264731574 neg 0.03976416726865043	false	0.5
beschwerde	neg 1.0		__DUMMY__ 0.9195827641628251 neg 0.04060164423075868 off 0.039815591606416206	false	1.0
stocken	neg 1.0		__DUMMY__ 0.9200522813580592 neg 0.041060603315467584 off 0.03888711532647331	false	1.0
isolieren	neg 1.0		__DUMMY__ 0.9181230518827309 neg 0.042090741656686935 off 0.03978620646058203	false	1.0
unheilbar	neg 1.0		__DUMMY__ 0.9181862558492502 off 0.04157961553015745 neg 0.040234128620592315	false	0.5
pisser	off 1.0	off 1.0	off 0.5142973144801022 __DUMMY__ 0.4482806911371618 neg 0.037421994382736	false	1.0
löschen	neg 1.0		__DUMMY__ 0.9162980159717555 neg 0.04196492694278091 off 0.04173705708546355	false	1.0
durchfallen	neg 1.0		__DUMMY__ 0.9198076491850027 neg 0.040880405720080136 off 0.039311945094917145	false	1.0
wichser	off 1.0	off 1.0	off 0.5204810947018045 __DUMMY__ 0.4421348941830961 neg 0.037384011115099404	false	1.0
terror	neg 1.0		__DUMMY__ 0.9151482106371006 off 0.04383529252412083 neg 0.041016496838778546	false	0.5
krass	neg 1.0		__DUMMY__ 0.9091756821556279 off 0.04988901863601317 neg 0.040935299208358936	false	0.5
revolte	neg 1.0		__DUMMY__ 0.911058940493637 off 0.044924946941322916 neg 0.044016112565040136	false	0.5
besorgt	neg 1.0		__DUMMY__ 0.9215894435889636 off 0.039502885826257605 neg 0.0389076705847789	false	0.5
nachlassen	neg 1.0		__DUMMY__ 0.9217078632848102 neg 0.03978753503393567 off 0.038504601681254	false	1.0
alt	neg 1.0		__DUMMY__ 0.9152259669603777 neg 0.04697449406987267 off 0.03779953896974956	false	1.0
hundesohn	off 1.0	off 1.0	off 0.5199708444250982 __DUMMY__ 0.4419987791145426 neg 0.03803037646035907	false	1.0
als			__DUMMY__ 0.918739113904523 neg 0.04162050928788868 off 0.039640376807588334	false	0.0
abschreckung	neg 1.0		__DUMMY__ 0.9204721919081924 neg 0.041993698481785136 off 0.03753410961002255	false	1.0
unqualifiziert	neg 1.0		__DUMMY__ 0.9142893780702657 off 0.0453006203614387 neg 0.04041000156829565	false	0.5
abgewichst	off 1.0		__DUMMY__ 0.9185656461128262 off 0.04087147238400306 neg 0.04056288150317076	false	1.0
schwer	neg 1.0		__DUMMY__ 0.9186334599764013 off 0.04086506918962684 neg 0.04050147083397193	false	0.5
bedeutungslosigkeit	neg 1.0		__DUMMY__ 0.9203325781345486 neg 0.041722869689350316 off 0.037944552176101036	false	1.0
kapitulation	neg 1.0		__DUMMY__ 0.917198427869133 neg 0.043339501805085646 off 0.039462070325781445	false	1.0
unscharf	neg 1.0		__DUMMY__ 0.9130636418801297 neg 0.04443687971158492 off 0.04249947840828539	false	1.0
schwinden	neg 1.0		__DUMMY__ 0.9194200580044698 neg 0.04258731776693309 off 0.03799262422859708	false	1.0
versklavung	neg 1.0	neg 1.0	neg 0.5096570218115162 __DUMMY__ 0.45108921494216053 off 0.03925376324632332	false	1.0
schlecht	neg 1.0		__DUMMY__ 0.9141951954835863 off 0.04618993181212146 neg 0.03961487270429224	false	0.5
verhasst	neg 1.0		__DUMMY__ 0.915192578687111 off 0.04282912032156406 neg 0.041978300991324984	false	0.5
beschweren	neg 1.0		__DUMMY__ 0.9171058783378455 off 0.04293448620297756 neg 0.03995963545917694	false	0.5
scheiden	neg 1.0		__DUMMY__ 0.9186596266334353 off 0.04088778933302532 neg 0.040452584033539435	false	0.5
frustriert	neg 1.0		__DUMMY__ 0.9191303735981313 neg 0.04066794693416172 off 0.040201679467707044	false	1.0
schimmelig	neg 1.0		__DUMMY__ 0.9172221797722547 neg 0.04476657308733481 off 0.03801124714041054	false	1.0
fisch	neg 1.0		__DUMMY__ 0.9185989781640888 neg 0.04613408462544419 off 0.03526693721046703	false	1.0
schmuggel	neg 1.0		__DUMMY__ 0.923502056458637 neg 0.04020618941140902 off 0.03629175412995399	false	1.0
auffallen	neg 1.0		__DUMMY__ 0.9161463003189523 off 0.04328776607887412 neg 0.0405659336021736	false	0.5
konkurrenz	neg 1.0		__DUMMY__ 0.923132154155861 neg 0.03927143443585221 off 0.03759641140828672	false	1.0
teufelskreis	neg 1.0	neg 1.0	neg 0.5096903798229464 __DUMMY__ 0.4530507888732328 off 0.03725883130382084	false	1.0
aufschreien	neg 1.0		__DUMMY__ 0.9139523940621184 off 0.04390285793781359 neg 0.04214474800006803	false	0.5
schuldner	neg 1.0		__DUMMY__ 0.9175061192289576 neg 0.04471332362277004 off 0.03778055714827224	false	1.0
missgeburt	off 1.0	off 1.0	off 0.5182521906517338 __DUMMY__ 0.44546892032157714 neg 0.03627888902668909	false	1.0
arbeitslos	neg 1.0		__DUMMY__ 0.9189338772148044 neg 0.04174209299368404 off 0.03932402979151159	false	1.0
befallen	neg 1.0		__DUMMY__ 0.9133212424677536 neg 0.045965630117336884 off 0.04071312741490962	false	1.0
miesepetrig	off 1.0	off 1.0	off 0.5110533577112143 __DUMMY__ 0.45157052896858346 neg 0.03737611332020235	false	1.0
alarmieren	neg 1.0		__DUMMY__ 0.9135933220992103 off 0.04569377194648724 neg 0.040712905954302485	false	0.5
ungeduscht	off 1.0		__DUMMY__ 0.9134214113493953 off 0.044391534045347576 neg 0.042187054605257124	false	1.0
knappheit	neg 1.0		__DUMMY__ 0.916337494421754 neg 0.04406472349658378 off 0.03959778208166222	false	1.0
schlange	neg 1.0		__DUMMY__ 0.9185558735973937 off 0.04137165327946318 neg 0.04007247312314319	false	0.5
harsch	neg 1.0		__DUMMY__ 0.9116953548961348 off 0.04963861154557521 neg 0.03866603355828992	false	0.5
lang	neg 1.0		__DUMMY__ 0.9165733565697546 off 0.042399903275796846 neg 0.04102674015444862	false	0.5
ziellos	neg 1.0		__DUMMY__ 0.9220368992517453 neg 0.04016925825336366 off 0.037793842494891094	false	1.0
selbstverliebt	neg 1.0		__DUMMY__ 0.9039168082918027 off 0.056430808034141036 neg 0.039652383674056296	false	0.5
beseitigen	neg 1.0		__DUMMY__ 0.9192414183016528 off 0.04104956792308798 neg 0.03970901377525911	false	0.5
dumm	off 1.0		__DUMMY__ 0.9070845776087031 off 0.05196681527227555 neg 0.04094860711902138	false	1.0
arbeitsloser	neg 1.0		__DUMMY__ 0.9239906300311107 off 0.039429342277807825 neg 0.03658002769108149	false	0.5
blitzen	neg 1.0		__DUMMY__ 0.9132901732155192 off 0.04472982933420398 neg 0.041979997450276814	false	0.5
hilflos	neg 1.0		__DUMMY__ 0.9191198163107676 neg 0.04167665958339557 off 0.039203524105836905	false	1.0
eklig	off 1.0		__DUMMY__ 0.9051880957583289 off 0.05228147678637732 neg 0.04253042745529376	false	1.0
begriff			__DUMMY__ 0.9186028454790922 off 0.04103477909701767 neg 0.040362375423890096	false	0.0
hungersnot	neg 1.0		__DUMMY__ 0.9169355791063819 neg 0.04344629397158502 off 0.03961812692203304	false	1.0
ungesetzlich	neg 1.0		__DUMMY__ 0.9151495235212544 off 0.04390957042949908 neg 0.04094090604924651	false	0.5
verschwendung	neg 1.0		__DUMMY__ 0.9202357581365992 neg 0.04199787644632911 off 0.03776636541707169	false	1.0
schmerzvoll	neg 1.0		__DUMMY__ 0.9154582112414293 off 0.042577499156687494 neg 0.04196428960188322	false	0.5
vorzeitig	neg 1.0		__DUMMY__ 0.9166935610898785 off 0.04566363320528282 neg 0.03764280570483865	false	0.5
unvollkommenheit	neg 1.0		__DUMMY__ 0.9189552985172817 neg 0.041239696551207086 off 0.039805004931511116	false	1.0
intervenieren	neg 1.0		__DUMMY__ 0.9173149997979241 neg 0.044105781256821304 off 0.038579218945254616	false	1.0
banause	off 1.0		__DUMMY__ 0.9017920540316456 off 0.05366861378995295 neg 0.044539332178401385	false	1.0
rebell	neg 1.0		__DUMMY__ 0.9204877855031698 neg 0.04537413892223024 off 0.03413807557459997	false	1.0
unlogisch	neg 1.0		__DUMMY__ 0.9098763931749922 off 0.0483172495657265 neg 0.041806357259281314	false	0.5
leiden	neg 1.0		__DUMMY__ 0.924745780327798 neg 0.039127110162493345 off 0.036127109509708676	false	1.0
abschaffung	neg 1.0		__DUMMY__ 0.9149007773120515 neg 0.04269680834844929 off 0.042402414339499164	false	1.0
sturz	neg 1.0		__DUMMY__ 0.9193437975098693 off 0.043028557807208066 neg 0.037627644682922665	false	0.5
verkleinerung	neg 1.0		__DUMMY__ 0.909985456133182 off 0.04517512168657984 neg 0.04483942218023808	false	0.5
schmarotzer	off 1.0		__DUMMY__ 0.9184592136104499 neg 0.04140272036663422 off 0.04013806602291578	false	0.5
bestrafung	neg 1.0	neg 1.0	neg 0.5071643303951365 __DUMMY__ 0.4547470669989026 off 0.038088602605960926	false	1.0
achtlos	neg 1.0		__DUMMY__ 0.9201706959397778 off 0.04006309670538313 neg 0.039766207354839024	false	0.5
ungeheuer	neg 1.0		__DUMMY__ 0.9165772124040995 neg 0.0419236030442338 off 0.041499184551666735	false	1.0
