unsolidarisch	neg 1.0		__DUMMY__ 0.9149191183729057 neg 0.04265614595399961 off 0.042424735673094585	false	1.0
nachteilig	neg 1.0		__DUMMY__ 0.9220984700442285 neg 0.03967952920749073 off 0.038222000748280784	false	1.0
skeptisch	neg 1.0		__DUMMY__ 0.9210903020800687 neg 0.0415309158584757 off 0.03737878206145559	false	1.0
schrecklich	neg 1.0		__DUMMY__ 0.9106783676774598 off 0.04874999599808428 neg 0.040571636324455866	false	0.5
schlapp	neg 1.0	neg 1.0	neg 0.5071383433214507 __DUMMY__ 0.45155055125186233 off 0.04131110542668693	false	1.0
abfall	neg 1.0		__DUMMY__ 0.9259410050953899 neg 0.03932186098397618 off 0.034737133920634	false	1.0
widerspenstig	neg 1.0		__DUMMY__ 0.9165366597088179 neg 0.04303350211509715 off 0.040429838176084955	false	1.0
abrupt	neg 1.0		__DUMMY__ 0.9198578686851892 neg 0.043483786888862896 off 0.03665834442594783	false	1.0
unwirksam	neg 1.0		__DUMMY__ 0.9117884355059425 neg 0.04649477552885162 off 0.041716788965205885	false	1.0
angreifen	neg 1.0		__DUMMY__ 0.9216613602140301 neg 0.04133711101838526 off 0.0370015287675846	false	1.0
inkonsistent	neg 1.0		__DUMMY__ 0.9145678112674851 off 0.043188582630932545 neg 0.042243606101582426	false	0.5
abrutschen	neg 1.0		__DUMMY__ 0.9249635267957572 neg 0.0405753323167542 off 0.03446114088748858	false	1.0
unsicher	neg 1.0		__DUMMY__ 0.9187010121785336 off 0.0411356852881113 neg 0.040163302533355094	false	0.5
bauernkind	off 1.0	off 1.0	off 0.5157244029640279 __DUMMY__ 0.4426486100179106 neg 0.041626987018061404	false	1.0
angreifer	neg 1.0		__DUMMY__ 0.9175828016764875 off 0.04442995602761181 neg 0.03798724229590067	false	0.5
trennen	neg 1.0		__DUMMY__ 0.9229971645249339 neg 0.04048212795011507 off 0.036520707524951145	false	1.0
schmutz	neg 1.0		__DUMMY__ 0.9218383354977802 off 0.043274250093037064 neg 0.034887414409182714	false	0.5
inkonsistenz	neg 1.0		__DUMMY__ 0.9143827384209621 off 0.045427878726031205 neg 0.04018938285300663	false	0.5
erschreckend	neg 1.0		__DUMMY__ 0.9181343166523759 neg 0.041112854579205285 off 0.040752828768418924	false	1.0
ertrinken	neg 1.0		__DUMMY__ 0.9203872964483879 neg 0.04315947183625398 off 0.03645323171535811	false	1.0
pickelface	off 1.0		__DUMMY__ 0.9168937259622801 off 0.04157072710185773 neg 0.04153554693586211	false	1.0
seiner			__DUMMY__ 0.9226255433865241 neg 0.04023201648380656 off 0.03714244012966922	false	0.0
lauch	neg 1.0	neg 1.0	neg 0.508919348224259 __DUMMY__ 0.459556459281142 off 0.031524192494598896	false	1.0
unwichtig	neg 1.0		__DUMMY__ 0.9134292682904434 off 0.045353290581381864 neg 0.04121744112817479	false	0.5
steuerhinterziehung	neg 1.0		__DUMMY__ 0.9168422819506917 neg 0.04227196818874893 off 0.040885749860559324	false	1.0
schock	neg 1.0		__DUMMY__ 0.9191804299949231 neg 0.04105924969620292 off 0.03976032030887401	false	1.0
beule	neg 1.0		__DUMMY__ 0.9118559061923978 off 0.04687272450438899 neg 0.041271369303213165	false	0.5
vergelten	neg 1.0		__DUMMY__ 0.9116179467174729 off 0.0497929690455298 neg 0.03858908423699741	false	0.5
verdorbenheit	neg 1.0		__DUMMY__ 0.9166793702200311 off 0.04166821122505285 neg 0.04165241855491603	false	0.5
trauma	neg 1.0		__DUMMY__ 0.915634120892763 off 0.042389874473308796 neg 0.041976004633928254	false	0.5
sinnlos	neg 1.0		__DUMMY__ 0.916045412675379 off 0.04291989161070889 neg 0.04103469571391222	false	0.5
fettsack	off 1.0	off 1.0	off 0.5168931547343142 __DUMMY__ 0.4429888430243847 neg 0.04011800224130121	false	1.0
feige	off 1.0	off 1.0	off 0.5124238531662032 __DUMMY__ 0.4490632324128284 neg 0.03851291442096833	false	1.0
abdanken	neg 1.0		__DUMMY__ 0.9180886423832749 off 0.04117193042878414 neg 0.040739427187940956	false	0.5
wichtigtuer	off 1.0	off 1.0	off 0.5098315108189302 __DUMMY__ 0.45319182863817564 neg 0.036976660542894106	false	1.0
misslingen	neg 1.0	neg 1.0	neg 0.5018616448001239 __DUMMY__ 0.45987901060323144 off 0.03825934459664461	false	1.0
untreu	off 1.0		__DUMMY__ 0.9124183614779311 off 0.04642251361828516 neg 0.04115912490378368	false	1.0
missmutig	neg 1.0		__DUMMY__ 0.9144641372431852 off 0.04418991089188092 neg 0.04134595186493389	false	0.5
hurenbock	off 1.0		__DUMMY__ 0.9128851262600787 neg 0.04601399212343937 off 0.041100881616482024	false	0.5
betrunken	neg 1.0		__DUMMY__ 0.911337147481492 off 0.047746448758221885 neg 0.04091640376028603	false	0.5
korrupt	off 1.0		__DUMMY__ 0.9162990376939895 neg 0.043053941841586445 off 0.04064702046442406	false	0.5
unmut	neg 1.0		__DUMMY__ 0.9224938968356771 neg 0.04153303306619648 off 0.03597307009812645	false	1.0
hackfresse	off 1.0		__DUMMY__ 0.9070609604880359 off 0.05256168985606308 neg 0.04037734965590103	false	1.0
aufblasen	neg 1.0		__DUMMY__ 0.9176958395953755 off 0.041298981176377064 neg 0.04100517922824752	false	0.5
gewaltsam	neg 1.0		__DUMMY__ 0.9181326564266424 neg 0.04096525745061781 off 0.0409020861227397	false	1.0
unbeliebtheit	neg 1.0		__DUMMY__ 0.9130549287425821 off 0.04653070282542744 neg 0.04041436843199048	false	0.5
sturheit	neg 1.0		__DUMMY__ 0.9197853979189883 off 0.04074406207222142 neg 0.039470540008790286	false	0.5
kuh	neg 1.0		__DUMMY__ 0.9075877287973317 neg 0.04893934657427763 off 0.04347292462839068	false	1.0
erschrecken	neg 1.0		__DUMMY__ 0.9151623016999214 off 0.04456626721398135 neg 0.040271431086097216	false	0.5
opfer	neg 1.0		__DUMMY__ 0.922521990906609 neg 0.03900985194093545 off 0.038468157152455544	false	1.0
sinken	neg 1.0		__DUMMY__ 0.9209997007595255 neg 0.04270225863621095 off 0.03629804060426351	false	1.0
stinktier	neg 1.0		__DUMMY__ 0.9037319981651908 off 0.050760914566552594 neg 0.04550708726825669	false	0.5
tucke	off 1.0		__DUMMY__ 0.9011814015309532 off 0.05427266794097642 neg 0.044545930528070446	false	1.0
ein			__DUMMY__ 0.9164973296400623 neg 0.04324351558318925 off 0.04025915477674844	false	0.0
abstieg	neg 1.0		__DUMMY__ 0.9241558889462892 off 0.039511045802927 neg 0.0363330652507838	false	0.5
missverstehen	neg 1.0		__DUMMY__ 0.915276560192719 off 0.0437125130220138 neg 0.04101092678526729	false	0.5
ergebnislos	neg 1.0		__DUMMY__ 0.922678196378089 neg 0.03909879090153111 off 0.03822301272037984	false	1.0
unter			__DUMMY__ 0.9298974992526747 neg 0.0390842822683675 off 0.031018218478957707	false	0.0
manipulieren	neg 1.0		__DUMMY__ 0.9225704244292053 neg 0.03964120421389392 off 0.037788371356900746	false	1.0
unbewiesen	neg 1.0	neg 1.0	neg 0.507089976469259 __DUMMY__ 0.4541094299721768 off 0.03880059355856421	false	1.0
verschleppen	neg 1.0		__DUMMY__ 0.9191539681396 neg 0.0416497925154456 off 0.03919623934495436	false	1.0
weib	off 1.0		__DUMMY__ 0.9031900527516348 off 0.054506233994347376 neg 0.042303713254017924	false	1.0
opposition	neg 1.0		__DUMMY__ 0.9145466344206304 neg 0.04304690022393181 off 0.04240646535543768	false	1.0
verkehrswidrig	neg 1.0	neg 1.0	neg 0.5031286475528761 __DUMMY__ 0.4516804470295524 off 0.04519090541757136	false	1.0
inkorrekt	neg 1.0		__DUMMY__ 0.909943243454172 off 0.04896471424787036 neg 0.041092042297957675	false	0.5
vermeiden	neg 1.0		__DUMMY__ 0.9257962357106859 neg 0.04039153649752431 off 0.03381222779178979	false	1.0
abweichung	neg 1.0	neg 1.0	neg 0.504234490865255 __DUMMY__ 0.4599803039681467 off 0.03578520516659841	false	1.0
alkoholisiert	neg 1.0		__DUMMY__ 0.925519533035529 neg 0.038240843013244714 off 0.03623962395122625	false	1.0
scheiss	off 1.0	off 1.0	off 0.5127860844647936 __DUMMY__ 0.4484469352299314 neg 0.03876698030527507	false	1.0
herausforderung	neg 1.0		__DUMMY__ 0.9210115747631871 neg 0.03977566557534205 off 0.039212759661470815	false	1.0
pervers	off 1.0		__DUMMY__ 0.9022802222428943 off 0.05642678686117449 neg 0.041292990895931206	false	1.0
wackelig	neg 1.0		__DUMMY__ 0.9213818510348343 neg 0.03991683912430475 off 0.03870130984086094	false	1.0
verwickeln	neg 1.0		__DUMMY__ 0.9156022400151409 off 0.043005874290895946 neg 0.041391885693963126	false	0.5
vorwand	neg 1.0		__DUMMY__ 0.9218071783261943 neg 0.04161529899501977 off 0.03657752267878592	false	1.0
muschi	off 1.0		__DUMMY__ 0.9186102244401092 neg 0.04073819264522668 off 0.04065158291466409	false	0.5
entmutigung	neg 1.0		__DUMMY__ 0.9135725330669068 off 0.043753991157317665 neg 0.042673475775775495	false	0.5
unangemessen	neg 1.0		__DUMMY__ 0.9192910866971001 off 0.04042586748711051 neg 0.0402830458157894	false	0.5
unstetig	neg 1.0		__DUMMY__ 0.9151378168406704 off 0.04437153430517391 neg 0.04049064885415568	false	0.5
entmutigen	neg 1.0		__DUMMY__ 0.9172618410915068 off 0.04200555541406974 neg 0.040732603494423425	false	0.5
schwanz	neg 1.0		__DUMMY__ 0.9191732741303448 neg 0.042154577690485084 off 0.038672148179170196	false	1.0
verbot	neg 1.0		__DUMMY__ 0.9167032484120219 neg 0.042970771681620286 off 0.04032597990635777	false	1.0
leid	neg 1.0		__DUMMY__ 0.9088519283021157 off 0.05001822098609155 neg 0.04112985071179277	false	0.5
archaisch	neg 1.0		__DUMMY__ 0.9178608069573245 neg 0.04203574968327286 off 0.04010344335940263	false	1.0
gegen			__DUMMY__ 0.9243039064925245 neg 0.03926139004722146 off 0.03643470346025412	false	0.0
scheidung	neg 1.0		__DUMMY__ 0.9052916528179652 off 0.05948698947672298 neg 0.035221357705311845	false	0.5
einschlag	neg 1.0		__DUMMY__ 0.913375995530058 off 0.048896156986899454 neg 0.03772784748304252	false	0.5
m			__DUMMY__ 0.9198561397709738 neg 0.0409271959010676 off 0.03921666432795868	false	0.0
abgestanden	neg 1.0		__DUMMY__ 0.911650084337631 neg 0.047727800920596905 off 0.04062211474177221	false	1.0
schmierig	off 1.0		__DUMMY__ 0.909233531748112 off 0.04984286388070018 neg 0.04092360437118786	false	1.0
unpraktisch	neg 1.0		__DUMMY__ 0.9179414278382174 off 0.04201159208898407 neg 0.040046980072798534	false	0.5
wixxer	off 1.0		__DUMMY__ 0.9004495258480587 off 0.05679289690697923 neg 0.042757577244961986	false	1.0
bezeichnet			__DUMMY__ 0.918074997736907 off 0.041607051721851945 neg 0.04031795054124107	false	0.0
jammerlappen	off 1.0		__DUMMY__ 0.9137360864580537 off 0.045636479842134606 neg 0.04062743369981159	false	1.0
farce	neg 1.0		__DUMMY__ 0.9153934408809621 neg 0.04295313651546334 off 0.041653422603574464	false	1.0
zwecklos	neg 1.0		__DUMMY__ 0.9187579315023839 neg 0.04161409869294273 off 0.039627969804673306	false	1.0
turbulent	neg 1.0		__DUMMY__ 0.9118993084797058 off 0.04723819923382994 neg 0.04086249228646432	false	0.5
invasion	neg 1.0		__DUMMY__ 0.9156530202508776 off 0.04340810666691444 neg 0.040938873082208	false	0.5
schuld	neg 1.0		__DUMMY__ 0.9166376776345343 off 0.04241279040246313 neg 0.04094953196300251	false	0.5
risiko	neg 1.0		__DUMMY__ 0.9136408451473336 neg 0.04324474592062117 off 0.043114408932045226	false	1.0
finster	neg 1.0		__DUMMY__ 0.9164821820837434 neg 0.04319534179752182 off 0.04032247611873473	false	1.0
geisteskrank	off 1.0		__DUMMY__ 0.9111001122897292 off 0.047863406037176946 neg 0.041036481673093816	false	1.0
zusammenbrechen	neg 1.0		__DUMMY__ 0.9185248201567896 neg 0.04173719237736874 off 0.039737987465841625	false	1.0
ausbeute	neg 1.0		__DUMMY__ 0.9218734168719102 off 0.03988530909115506 neg 0.038241274036934725	false	0.5
hinterhalt	neg 1.0		__DUMMY__ 0.9182836466391328 neg 0.04199643392952076 off 0.0397199194313465	false	1.0
kritik	neg 1.0		__DUMMY__ 0.9153308927010929 neg 0.04320870287694437 off 0.041460404421962735	false	1.0
einschrumpfen	neg 1.0		__DUMMY__ 0.9104963310910911 off 0.04577814677637001 neg 0.0437255221325389	false	0.5
riskant	neg 1.0		__DUMMY__ 0.9201363599649494 neg 0.042272058848704455 off 0.037591581186346236	false	1.0
frustrieren	neg 1.0		__DUMMY__ 0.9188021519518337 neg 0.04282323341151274 off 0.038374614636653565	false	1.0
groll	neg 1.0		__DUMMY__ 0.9201575702028324 neg 0.04007792622043525 off 0.03976450357673233	false	1.0
gibt			__DUMMY__ 0.9198232185942693 neg 0.040774767210032856 off 0.03940201419569789	false	0.0
qualvoll	neg 1.0		__DUMMY__ 0.9160576443327064 off 0.0428889385465984 neg 0.04105341712069521	false	0.5
wackeln	neg 1.0		__DUMMY__ 0.9182364898168383 off 0.040924897815649605 neg 0.04083861236751215	false	0.5
klagen	neg 1.0		__DUMMY__ 0.9209577976448873 neg 0.042187335632119266 off 0.03685486672299342	false	1.0
bankrott	neg 1.0		__DUMMY__ 0.9155529477393426 off 0.044832416625099 neg 0.03961463563555848	false	0.5
trauern	neg 1.0		__DUMMY__ 0.9251788486917876 off 0.037454401185102446 neg 0.03736675012310998	false	0.5
ablehnung	neg 1.0		__DUMMY__ 0.9162962849929099 neg 0.04275546629720726 off 0.0409482487098827	false	1.0
stur	neg 1.0		__DUMMY__ 0.9158142031173014 off 0.04238755669479411 neg 0.041798240187904394	false	0.5
aufruhr	neg 1.0	neg 1.0	neg 0.507397179331 __DUMMY__ 0.4548357177284865 off 0.037767102940513345	false	1.0
melancholie	neg 1.0		__DUMMY__ 0.9196727939809183 neg 0.04355171921338859 off 0.03677548680569311	false	1.0
ist			__DUMMY__ 0.9164402541774394 off 0.042713892029363175 neg 0.04084585379319755	false	0.0
torheit	neg 1.0		__DUMMY__ 0.9167618773605816 off 0.042544896726643106 neg 0.04069322591277532	false	0.5
dreckskind	off 1.0		__DUMMY__ 0.9049875668970392 off 0.05366405710407805 neg 0.04134837599888279	false	1.0
umtauschen	neg 1.0		__DUMMY__ 0.9180510896814079 neg 0.04180689087060313 off 0.04014201944798907	false	1.0
zum			__DUMMY__ 0.930320164446611 neg 0.03586104264188272 off 0.03381879291150623	false	0.0
zersetzen	neg 1.0		__DUMMY__ 0.919730478087079 neg 0.04272881389709292 off 0.0375407080158281	false	1.0
zur			__DUMMY__ 0.9257777721933999 neg 0.040037019626827576 off 0.0341852081797726	false	0.0
frust	neg 1.0		__DUMMY__ 0.9192140433767839 neg 0.041188116467104394 off 0.03959784015611165	false	1.0
unerbittlichkeit	neg 1.0		__DUMMY__ 0.9211586251419359 neg 0.04066037632460213 off 0.03818099853346193	false	1.0
zwei			__DUMMY__ 0.9267271281956887 neg 0.03982468373829599 off 0.033448188066015336	false	0.0
unkorrekt	neg 1.0		__DUMMY__ 0.9104974703182366 off 0.04765561280973114 neg 0.04184691687203225	false	0.5
hexe	off 1.0		__DUMMY__ 0.9113462055012315 off 0.04493365929232847 neg 0.04372013520644004	false	1.0
lasch	neg 1.0		__DUMMY__ 0.9144882439040807 off 0.04499026844835246 neg 0.04052148764756679	false	0.5
rivale	neg 1.0		__DUMMY__ 0.9109505361467831 off 0.04870473528241709 neg 0.04034472857079978	false	0.5
mutlos	off 1.0	off 1.0	off 0.5057768846037088 __DUMMY__ 0.4566179820001277 neg 0.037605133396163434	false	1.0
wirr	off 1.0		__DUMMY__ 0.9097036827222806 off 0.04935300625986973 neg 0.04094331101784969	false	1.0
jahr			__DUMMY__ 0.9265945013927113 off 0.037021717605161014 neg 0.036383781002127795	false	0.0
wird			__DUMMY__ 0.9204935674954499 neg 0.04072538331851755 off 0.03878104918603256	false	0.0
strafbar	neg 1.0		__DUMMY__ 0.9210398542323622 neg 0.040871173452252135 off 0.03808897231538574	false	1.0
erosion	neg 1.0		__DUMMY__ 0.917656512841857 off 0.04120335016011678 neg 0.041140136998026246	false	0.5
eingehen	neg 1.0		__DUMMY__ 0.9192104432035293 neg 0.042520298467974886 off 0.038269258328495835	false	1.0
faul	off 1.0		__DUMMY__ 0.9144810411532766 off 0.04447079138284108 neg 0.04104816746388238	false	1.0
provisorium	neg 1.0		__DUMMY__ 0.9304255959810451 neg 0.03863753901746419 off 0.030936865001490704	false	1.0
schmerzen	neg 1.0		__DUMMY__ 0.9180551144018877 neg 0.04228336867544582 off 0.039661516922666576	false	1.0
schrumpfen	neg 1.0		__DUMMY__ 0.9223388195997987 neg 0.04324744136733268 off 0.03441373903286856	false	1.0
geistlos	off 1.0		__DUMMY__ 0.9132374557290578 off 0.04415926885890073 neg 0.04260327541204144	false	1.0
fehlkauf	neg 1.0		__DUMMY__ 0.9140493230745148 off 0.04344795089820055 neg 0.04250272602728462	false	0.5
frustrierend	neg 1.0		__DUMMY__ 0.9145633068044449 off 0.04456608599003231 neg 0.04087060720552295	false	0.5
unzufrieden	neg 1.0		__DUMMY__ 0.9191034644470102 neg 0.041432936484424296 off 0.03946359906856559	false	1.0
verzweifeln	neg 1.0		__DUMMY__ 0.9189224175937235 neg 0.04061988739592551 off 0.040457695010351	false	1.0
verzweifelt	neg 1.0		__DUMMY__ 0.9164651060247585 off 0.04245342395301856 neg 0.04108147002222296	false	0.5
misstrauensantrag	neg 1.0		__DUMMY__ 0.9159683979114945 off 0.0427765542809252 neg 0.04125504780758022	false	0.5
abfallen	neg 1.0		__DUMMY__ 0.917330330931292 neg 0.04169001335616806 off 0.04097965571253995	false	1.0
fucker	off 1.0		__DUMMY__ 0.9115632033716276 off 0.0485372541221814 neg 0.039899542506191044	false	1.0
ungezogen	neg 1.0		__DUMMY__ 0.9047731544245573 off 0.05437550205309816 neg 0.04085134352234456	false	0.5
irrsinnig	neg 1.0	neg 1.0	neg 0.5079879915517297 __DUMMY__ 0.4535944604173154 off 0.03841754803095489	false	1.0
unfassbar	neg 1.0		__DUMMY__ 0.9132762636828785 off 0.04634108242721609 neg 0.04038265388990545	false	0.5
hart	neg 1.0		__DUMMY__ 0.9079394438822921 off 0.04636822299645941 neg 0.04569233312124846	false	0.5
widerlich	off 1.0		__DUMMY__ 0.9120796137117367 off 0.046828717848500095 neg 0.04109166843976319	false	1.0
fatal	neg 1.0	neg 1.0	neg 0.5103537225884005 __DUMMY__ 0.4498499581633842 off 0.03979631924821538	false	1.0
bruch	neg 1.0		__DUMMY__ 0.9252317545578008 neg 0.039112648228878784 off 0.035655597213320345	false	1.0
aushungern	neg 1.0		__DUMMY__ 0.9162790174969397 neg 0.04314704193234455 off 0.040573940570715616	false	1.0
anspannung	neg 1.0		__DUMMY__ 0.9278351478644203 neg 0.038394551621796384 off 0.03377030051378329	false	1.0
von			__DUMMY__ 0.9227866114634399 neg 0.04069290721558303 off 0.03652048132097704	false	0.0
kraftlos	neg 1.0		__DUMMY__ 0.9202863155441363 neg 0.04092476424656123 off 0.038788920209302476	false	1.0
vom			__DUMMY__ 0.9321882543785707 neg 0.03660616367084021 off 0.031205581950589152	false	0.0
grenzdebil	off 1.0		__DUMMY__ 0.9119404895016847 off 0.04656602271560026 neg 0.04149348778271506	false	1.0
vor			__DUMMY__ 0.9233415772830543 neg 0.04088280842055937 off 0.035775614296386316	false	0.0
unterwerfen	neg 1.0		__DUMMY__ 0.9205851301115079 neg 0.04084278873172536 off 0.038572081156766705	false	1.0
versenkung	neg 1.0		__DUMMY__ 0.9210133646027148 neg 0.04073959730552439 off 0.03824703809176087	false	1.0
entziehen	neg 1.0		__DUMMY__ 0.9218577195198233 neg 0.041598289485601195 off 0.036543990994575566	false	1.0
finanzkrise	neg 1.0		__DUMMY__ 0.9116292983924575 neg 0.04720502365454464 off 0.041165677952997824	false	1.0
schimpfend	neg 1.0		__DUMMY__ 0.9189793206487065 off 0.04135193654906792 neg 0.03966874280222563	false	0.5
profan	neg 1.0		__DUMMY__ 0.9155417004492552 off 0.043222055257215036 neg 0.04123624429352975	false	0.5
korruption	neg 1.0		__DUMMY__ 0.9169502122026437 neg 0.04312083739050512 off 0.03992895040685111	false	1.0
â			__DUMMY__ 0.9195017660877649 neg 0.04181640123576781 off 0.03868183267646733	false	0.0
schmutzig	neg 1.0		__DUMMY__ 0.9125440231958628 off 0.04670493696087075 neg 0.04075103984326639	false	0.5
sexy	neg 1.0		__DUMMY__ 0.915368469742413 off 0.044439795977859714 neg 0.040191734279727276	false	0.5
abraten	neg 1.0		__DUMMY__ 0.9168196129692178 off 0.04272292305419606 neg 0.04045746397658625	false	0.5
schwarz	neg 1.0		__DUMMY__ 0.915881227193999 off 0.04314356582505393 neg 0.04097520698094705	false	0.5
fotze	off 1.0	off 1.0	off 0.5059316389373962 __DUMMY__ 0.45638529557679386 neg 0.03768306548580988	false	1.0
verwirren	neg 1.0		__DUMMY__ 0.9157996466720497 off 0.04349364419163823 neg 0.04070670913631206	false	0.5
zahnlos	off 1.0		__DUMMY__ 0.9183538911443012 neg 0.041332580832694754 off 0.040313528023004024	false	0.5
verheeren	neg 1.0		__DUMMY__ 0.9048323481988049 off 0.055797486526567165 neg 0.039370165274628	false	0.5
hippie	neg 1.0		__DUMMY__ 0.9148932341241875 off 0.04425587109290873 neg 0.04085089478290367	false	0.5
rammen	neg 1.0		__DUMMY__ 0.9179755238118281 off 0.04112459848815071 neg 0.0408998777000212	false	0.5
unlauter	neg 1.0		__DUMMY__ 0.9148370506836853 off 0.04311914107577212 neg 0.04204380824054262	false	0.5
unheilvoll	neg 1.0		__DUMMY__ 0.916372486644327 off 0.0418495129069351 neg 0.041778000448737924	false	0.5
niedrig	neg 1.0		__DUMMY__ 0.9181092881204012 neg 0.04329560196507027 off 0.03859510991452853	false	1.0
explosion	neg 1.0		__DUMMY__ 0.9154432014931261 off 0.04403687201694534 neg 0.040519926489928575	false	0.5
weichei	off 1.0	off 1.0	off 0.5164169570386048 __DUMMY__ 0.445008697089705 neg 0.0385743458716902	false	1.0
minusmensch	off 1.0		__DUMMY__ 0.9033506697328164 off 0.05584382741815263 neg 0.04080550284903098	false	1.0
farblos	neg 1.0		__DUMMY__ 0.9155851464730996 neg 0.04274984502656925 off 0.04166500850033119	false	1.0
unwissend	neg 1.0	neg 1.0	neg 0.5084084781114919 __DUMMY__ 0.4502401272655868 off 0.041351394622921395	false	1.0
traurig	neg 1.0		__DUMMY__ 0.9108702566365305 off 0.04844933261377367 neg 0.040680410749695785	false	0.5
senkung	neg 1.0		__DUMMY__ 0.911568683268851 neg 0.04474757411614382 off 0.043683742615005204	false	1.0
ungleich	neg 1.0	neg 1.0	neg 0.5075635257602801 __DUMMY__ 0.45721238752635085 off 0.03522408671336908	false	1.0
heikel	neg 1.0		__DUMMY__ 0.9209148963779882 neg 0.04138877768281012 off 0.03769632593920175	false	1.0
drosselung	neg 1.0		__DUMMY__ 0.9085392643272334 off 0.046603929018498434 neg 0.044856806654268076	false	0.5
falsch	neg 1.0		__DUMMY__ 0.9150301289172816 off 0.04460349529585902 neg 0.0403663757868594	false	0.5
unzufriedenheit	neg 1.0		__DUMMY__ 0.9191553981424021 neg 0.04315127217913802 off 0.03769332967845988	false	1.0
kurz	neg 1.0		__DUMMY__ 0.9209411112754499 neg 0.03988841267819557 off 0.03917047604635465	false	1.0
unsinnig	neg 1.0		__DUMMY__ 0.9164122433654728 neg 0.042878890095018496 off 0.040708866539508726	false	1.0
penner	off 1.0	off 1.0	off 0.5179766627519279 __DUMMY__ 0.4443938947569886 neg 0.03762944249108351	false	1.0
seicht	neg 1.0		__DUMMY__ 0.9025984567240741 off 0.05411717000039461 neg 0.04328437327553114	false	0.5
dummheit	off 1.0	off 1.0	off 0.5100398354293226 __DUMMY__ 0.45125197997877353 neg 0.03870818459190388	false	1.0
unerfreulich	neg 1.0		__DUMMY__ 0.9214629977241772 neg 0.041157180102786455 off 0.037379822173036335	false	1.0
motherfucker	off 1.0	off 1.0	off 0.5138801792029518 __DUMMY__ 0.449046988023142 neg 0.03707283277390622	false	1.0
pikiert	neg 1.0	neg 1.0	neg 0.5084315077739302 __DUMMY__ 0.44976939476073025 off 0.041799097465339524	false	1.0
wrack	neg 1.0		__DUMMY__ 0.9260042524425938 off 0.03899310663223055 neg 0.03500264092517566	false	0.5
gangster	neg 1.0		__DUMMY__ 0.9146597554390682 off 0.044384357950257566 neg 0.0409558866106743	false	0.5
krank	neg 1.0	neg 1.0	neg 0.5063068439288189 __DUMMY__ 0.4515087688693215 off 0.0421843872018596	false	1.0
reich	neg 1.0		__DUMMY__ 0.9118907875160006 off 0.044755205627760745 neg 0.04335400685623865	false	0.5
gnadenlos	neg 1.0		__DUMMY__ 0.9176129972925876 off 0.04220864470170002 neg 0.04017835800571237	false	0.5
niedergeschlagen	neg 1.0		__DUMMY__ 0.9207480220043583 neg 0.04028807618711917 off 0.03896390180852243	false	1.0
terrorisieren	off 1.0	off 1.0	off 0.5048294204861801 __DUMMY__ 0.4579252519906327 neg 0.03724532752318726	false	1.0
sinnlosigkeit	neg 1.0		__DUMMY__ 0.919130523803913 neg 0.041034417433325754 off 0.03983505876276122	false	1.0
behindern	neg 1.0		__DUMMY__ 0.9168573648502881 neg 0.04227070582742966 off 0.04087192932228212	false	1.0
undemokratisch	neg 1.0		__DUMMY__ 0.9147521669331873 off 0.04363813206045793 neg 0.04160970100635476	false	0.5
wirtschaftskrise	neg 1.0		__DUMMY__ 0.9152553020328049 neg 0.04513560132443492 off 0.039609096642760105	false	1.0
neid	neg 1.0		__DUMMY__ 0.9152078056230524 off 0.04383243242542322 neg 0.04095976195152436	false	0.5
rutschen	neg 1.0		__DUMMY__ 0.9267016103533662 neg 0.04010846608309992 off 0.03318992356353392	false	1.0
rezession	neg 1.0		__DUMMY__ 0.9058643374687976 off 0.049004280403303416 neg 0.04513138212789904	false	0.5
fehlgeburt	neg 1.0		__DUMMY__ 0.9200859041298988 off 0.04103020875862169 neg 0.03888388711147949	false	0.5
charakterschwach	off 1.0		__DUMMY__ 0.9119680231763703 off 0.046515937788018935 neg 0.04151603903561089	false	1.0
isolation	neg 1.0		__DUMMY__ 0.9158377887497464 off 0.044431778696283813 neg 0.03973043255396977	false	0.5
ablenkung	neg 1.0		__DUMMY__ 0.9192435176550964 off 0.040903762853600485 neg 0.03985271949130315	false	0.5
pech	neg 1.0		__DUMMY__ 0.9149812616925623 off 0.04440489715532089 neg 0.040613841152116775	false	0.5
vermeidung	neg 1.0		__DUMMY__ 0.9115802174402965 off 0.046435730508387806 neg 0.04198405205131576	false	0.5
dominieren	neg 1.0		__DUMMY__ 0.920234017880992 off 0.04000060345214295 neg 0.03976537866686492	false	0.5
schwindlig	neg 1.0		__DUMMY__ 0.915969431000753 off 0.0423502561699873 neg 0.041680312829259714	false	0.5
lutscher	neg 1.0	neg 1.0	neg 0.5091780297568886 __DUMMY__ 0.4404742566498296 off 0.05034771359328171	false	1.0
pflicht	neg 1.0		__DUMMY__ 0.923232859766071 neg 0.04007292687462956 off 0.03669421335929953	false	1.0
faschist	off 1.0		__DUMMY__ 0.9146292299709332 off 0.04482336452586648 neg 0.04054740550320036	false	1.0
verschleudern	neg 1.0		__DUMMY__ 0.9165343241337296 neg 0.04498684584734512 off 0.03847883001892521	false	1.0
wenn			__DUMMY__ 0.9138225083683447 off 0.045380667368810565 neg 0.040796824262844804	false	0.0
ehebruch	neg 1.0		__DUMMY__ 0.9195484484305317 neg 0.041337280753119855 off 0.03911427081634841	false	1.0
spott	off 1.0		__DUMMY__ 0.9208581561295656 neg 0.040171764697821376 off 0.03897007917261299	false	0.5
trostlosigkeit	neg 1.0		__DUMMY__ 0.9198343619932077 neg 0.04356819480185841 off 0.036597443204933994	false	1.0
lutschen	neg 1.0		__DUMMY__ 0.9138097042754545 off 0.04473518063249694 neg 0.041455115092048515	false	0.5
undiszipliniert	neg 1.0		__DUMMY__ 0.9118251121193749 off 0.04777661876241109 neg 0.04039826911821412	false	0.5
kopfschmerz	neg 1.0		__DUMMY__ 0.9181187307385654 neg 0.04385987016239153 off 0.03802139909904302	false	1.0
unvorhergesehen	neg 1.0		__DUMMY__ 0.9234376855146278 neg 0.04048124595249703 off 0.03608106853287513	false	1.0
desinteressiert	neg 1.0		__DUMMY__ 0.9114624010535791 off 0.04735377105194166 neg 0.04118382789447928	false	0.5
armselig	off 1.0		__DUMMY__ 0.9100941171383056 off 0.04942109243711551 neg 0.04048479042457898	false	1.0
desaster	neg 1.0		__DUMMY__ 0.9213811552374325 neg 0.04234515619994937 off 0.03627368856261813	false	1.0
tod	neg 1.0		__DUMMY__ 0.9223750935383761 neg 0.039853626030231175 off 0.03777128043139278	false	1.0
herzlos	neg 1.0		__DUMMY__ 0.910330671447826 off 0.048831154509721524 neg 0.04083817404245248	false	0.5
unwissenheit	neg 1.0		__DUMMY__ 0.9187623712224133 neg 0.04169873551762681 off 0.03953889325995989	false	1.0
widersinnig	neg 1.0		__DUMMY__ 0.9158313460708426 neg 0.04323838834173928 off 0.04093026558741814	false	1.0
bedenklich	neg 1.0		__DUMMY__ 0.9187549277571253 neg 0.042403505696514965 off 0.038841566546359695	false	1.0
beanstanden	neg 1.0		__DUMMY__ 0.9231048474416113 neg 0.03972691247779648 off 0.03716824008059231	false	1.0
panisch	neg 1.0		__DUMMY__ 0.9179712108034163 off 0.04249846005620137 neg 0.039530329140382396	false	0.5
debil	off 1.0		__DUMMY__ 0.9267476405446674 neg 0.041905604947324655 off 0.031346754508007904	false	0.5
abstrich	neg 1.0		__DUMMY__ 0.9176563179777508 neg 0.043525790813560984 off 0.038817891208688074	false	1.0
primitiv	neg 1.0		__DUMMY__ 0.9118183876447417 off 0.047590474981993765 neg 0.04059113737326454	false	0.5
abschaum	off 1.0	off 1.0	off 0.5121607248071218 __DUMMY__ 0.4518151080187104 neg 0.036024167174167745	false	1.0
provozieren	neg 1.0		__DUMMY__ 0.9162176033192814 off 0.042220078372378705 neg 0.04156231830834001	false	0.5
tot	neg 1.0		__DUMMY__ 0.9183834033042874 neg 0.042727053577512865 off 0.038889543118199754	false	1.0
instabil	neg 1.0		__DUMMY__ 0.909707492666035 off 0.04964560275960851 neg 0.040646904574356546	false	0.5
schwuchtel	off 1.0	off 1.0	off 0.5238626472456734 __DUMMY__ 0.4377509335316873 neg 0.03838641922263927	false	1.0
zerren	neg 1.0		__DUMMY__ 0.920887781896353 neg 0.040047023371185216 off 0.03906519473246178	false	1.0
kinderficker	off 1.0		__DUMMY__ 0.9079091168401306 off 0.05140861703248322 neg 0.04068226612738618	false	1.0
gefahr	neg 1.0		__DUMMY__ 0.922355640390626 neg 0.04059685321481585 off 0.03704750639455812	false	1.0
rabiat	neg 1.0		__DUMMY__ 0.9169477326852759 neg 0.04236173364324373 off 0.04069053367148038	false	1.0
verlangsamung	neg 1.0		__DUMMY__ 0.9063643803623334 off 0.05294894238825939 neg 0.04068667724940724	false	0.5
ausgestorben	neg 1.0		__DUMMY__ 0.9189781027224131 neg 0.04074818912959435 off 0.04027370814799252	false	1.0
anklagen	neg 1.0		__DUMMY__ 0.9188504572073513 neg 0.041044445087569804 off 0.040105097705078994	false	1.0
trott	neg 1.0		__DUMMY__ 0.9176657892420328 neg 0.041244444718795154 off 0.041089766039172	false	1.0
verminderung	neg 1.0		__DUMMY__ 0.9121466030119991 off 0.04640899969169532 neg 0.04144439729630545	false	0.5
nach			__DUMMY__ 0.9287659137550027 neg 0.03904338252271946 off 0.032190703722277905	false	0.0
rost	neg 1.0		__DUMMY__ 0.9088588723797777 off 0.05370238071580285 neg 0.03743874690441942	false	0.5
destruktiv	neg 1.0		__DUMMY__ 0.917029147523288 neg 0.04166959196704212 off 0.04130126050966986	false	1.0
unzumutbarkeit	neg 1.0		__DUMMY__ 0.9130322248225865 off 0.04645438300898312 neg 0.04051339216843041	false	0.5
labil	off 1.0	off 1.0	off 0.5116235735038982 __DUMMY__ 0.4505842932882997 neg 0.03779213320780208	false	1.0
ziemlich	neg 1.0		__DUMMY__ 0.9141363729561198 off 0.046008524412350406 neg 0.03985510263152973	false	0.5
lachnummer	off 1.0		__DUMMY__ 0.9179790143903099 off 0.041964032871924004 neg 0.040056952737766126	false	1.0
oder			__DUMMY__ 0.9188726137173523 off 0.0414450663170318 neg 0.0396823199656159	false	0.0
verfall	neg 1.0		__DUMMY__ 0.9218328745720127 neg 0.0437167081883045 off 0.03445041723968286	false	1.0
ausgrenzung	neg 1.0		__DUMMY__ 0.914531534339006 off 0.04350960755524413 neg 0.041958858105749786	false	0.5
unordnung	neg 1.0		__DUMMY__ 0.9086233529468901 off 0.049791869415236646 neg 0.04158477763787321	false	0.5
fehlverhalten	neg 1.0		__DUMMY__ 0.9207394078041342 neg 0.041063720543507085 off 0.038196871652358674	false	1.0
eine			__DUMMY__ 0.9223497694208685 neg 0.041448600640306844 off 0.036201629938824614	false	0.0
nille	neg 1.0		__DUMMY__ 0.9173393426699377 off 0.04161360999608349 neg 0.04104704733397887	false	0.5
qual	neg 1.0		__DUMMY__ 0.917506381950365 neg 0.04165021400541717 off 0.04084340404421775	false	1.0
verschwenden	neg 1.0		__DUMMY__ 0.9191931734630702 neg 0.04308335969170397 off 0.037723466845225824	false	1.0
riesig	neg 1.0		__DUMMY__ 0.9216285473939705 neg 0.04073806874602655 off 0.03763338386000294	false	1.0
verurteilen	neg 1.0		__DUMMY__ 0.918411150476772 neg 0.041562350268435334 off 0.040026499254792715	false	1.0
klischee	neg 1.0	neg 1.0	neg 0.5082821821056553 __DUMMY__ 0.4508897686649625 off 0.04082804922938222	false	1.0
diktatorisch	neg 1.0		__DUMMY__ 0.9140061959461917 off 0.043755077803233886 neg 0.0422387262505744	false	0.5
vorhersehbar	neg 1.0		__DUMMY__ 0.913648174667018 off 0.04411647680908633 neg 0.0422353485238957	false	0.5
sowie			__DUMMY__ 0.9061490156172511 off 0.05074712661503015 neg 0.04310385776771864	false	0.0
stornieren	neg 1.0		__DUMMY__ 0.9201604212100668 off 0.04340136848427996 neg 0.03643821030565318	false	0.5
besteuerung	neg 1.0	neg 1.0	neg 0.5119480064668899 __DUMMY__ 0.44980226377795063 off 0.03824972975515949	false	1.0
ungeschminkt	neg 1.0		__DUMMY__ 0.9114768865132954 off 0.04707123752738181 neg 0.041451875959322836	false	0.5
kritisch	neg 1.0		__DUMMY__ 0.9193519056709586 neg 0.041002659205377996 off 0.039645435123663406	false	1.0
schlamperei	off 1.0		__DUMMY__ 0.9197256498520566 neg 0.04178101473715776 off 0.0384933354107856	false	0.5
sucht	neg 1.0	neg 1.0	neg 0.5059720906705022 __DUMMY__ 0.4559721779466724 off 0.03805573138282531	false	1.0
egoistisch	off 1.0	off 1.0	off 0.5163277787324616 __DUMMY__ 0.44704109513072693 neg 0.0366311261368114	false	1.0
ausbeuter	off 1.0		__DUMMY__ 0.9184220244558641 neg 0.04353790586952865 off 0.038040069674607296	false	0.5
arschgeburt	off 1.0		__DUMMY__ 0.8989089080597085 off 0.05923211955070727 neg 0.041858972389584366	false	1.0
schubs	neg 1.0		__DUMMY__ 0.9183056184331824 neg 0.04359916867400635 off 0.03809521289281136	false	1.0
unsolide	neg 1.0		__DUMMY__ 0.9162764474666181 off 0.04395938526473159 neg 0.03976416726865037	false	0.5
beschwerde	neg 1.0		__DUMMY__ 0.9195827641628249 neg 0.04060164423075875 off 0.03981559160641633	false	1.0
stocken	neg 1.0		__DUMMY__ 0.9200522813580592 neg 0.04106060331546757 off 0.038887115326473244	false	1.0
isolieren	neg 1.0		__DUMMY__ 0.9181230518827309 neg 0.042090741656686935 off 0.03978620646058205	false	1.0
unheilbar	neg 1.0		__DUMMY__ 0.9181862558492503 off 0.04157961553015736 neg 0.04023412862059225	false	0.5
pisser	off 1.0	off 1.0	off 0.5142973144801023 __DUMMY__ 0.4482806911371617 neg 0.03742199438273606	false	1.0
löschen	neg 1.0		__DUMMY__ 0.9162980159717552 neg 0.04196492694278111 off 0.04173705708546361	false	1.0
durchfallen	neg 1.0		__DUMMY__ 0.9198076491850025 neg 0.0408804057200803 off 0.03931194509491725	false	1.0
wichser	off 1.0	off 1.0	off 0.5204810947018045 __DUMMY__ 0.44213489418309615 neg 0.03738401111509944	false	1.0
terror	neg 1.0		__DUMMY__ 0.9151482106371004 off 0.04383529252412101 neg 0.04101649683877858	false	0.5
krass	neg 1.0		__DUMMY__ 0.9091756821556279 off 0.049889018636013124 neg 0.04093529920835886	false	0.5
revolte	neg 1.0		__DUMMY__ 0.9110589404936368 off 0.044924946941323006 neg 0.044016112565040164	false	0.5
besorgt	neg 1.0		__DUMMY__ 0.9215894435889637 off 0.03950288582625755 neg 0.038907670584778765	false	0.5
nachlassen	neg 1.0		__DUMMY__ 0.9217078632848102 neg 0.03978753503393576 off 0.03850460168125405	false	1.0
alt	neg 1.0		__DUMMY__ 0.915225966960378 neg 0.046974494069872606 off 0.03779953896974951	false	1.0
hundesohn	off 1.0	off 1.0	off 0.5199708444250982 __DUMMY__ 0.44199877911454266 neg 0.03803037646035911	false	1.0
als			__DUMMY__ 0.918739113904523 neg 0.04162050928788862 off 0.039640376807588376	false	0.0
abschreckung	neg 1.0		__DUMMY__ 0.9204721919081924 neg 0.04199369848178504 off 0.03753410961002254	false	1.0
unqualifiziert	neg 1.0		__DUMMY__ 0.9142893780702658 off 0.04530062036143866 neg 0.04041000156829555	false	0.5
abgewichst	off 1.0		__DUMMY__ 0.9185656461128263 off 0.040871472384003064 neg 0.04056288150317071	false	1.0
schwer	neg 1.0		__DUMMY__ 0.9186334599764011 off 0.04086506918962688 neg 0.04050147083397202	false	0.5
bedeutungslosigkeit	neg 1.0		__DUMMY__ 0.9203325781345486 neg 0.04172286968935035 off 0.03794455217610103	false	1.0
kapitulation	neg 1.0		__DUMMY__ 0.917198427869133 neg 0.043339501805085646 off 0.03946207032578151	false	1.0
unscharf	neg 1.0		__DUMMY__ 0.9130636418801298 neg 0.04443687971158491 off 0.04249947840828535	false	1.0
schwinden	neg 1.0		__DUMMY__ 0.9194200580044697 neg 0.04258731776693314 off 0.0379926242285972	false	1.0
versklavung	neg 1.0	neg 1.0	neg 0.5096570218115161 __DUMMY__ 0.4510892149421607 off 0.03925376324632326	false	1.0
schlecht	neg 1.0		__DUMMY__ 0.9141951954835865 off 0.04618993181212134 neg 0.03961487270429214	false	0.5
verhasst	neg 1.0		__DUMMY__ 0.9151925786871109 off 0.0428291203215641 neg 0.04197830099132505	false	0.5
beschweren	neg 1.0		__DUMMY__ 0.9171058783378455 off 0.04293448620297755 neg 0.03995963545917693	false	0.5
scheiden	neg 1.0		__DUMMY__ 0.9186596266334353 off 0.04088778933302532 neg 0.0404525840335394	false	0.5
frustriert	neg 1.0		__DUMMY__ 0.9191303735981314 neg 0.04066794693416165 off 0.040201679467706974	false	1.0
schimmelig	neg 1.0		__DUMMY__ 0.9172221797722546 neg 0.044766573087334824 off 0.0380112471404106	false	1.0
fisch	neg 1.0		__DUMMY__ 0.9185989781640888 neg 0.04613408462544418 off 0.03526693721046704	false	1.0
schmuggel	neg 1.0		__DUMMY__ 0.923502056458637 neg 0.040206189411408993 off 0.036291754129953974	false	1.0
auffallen	neg 1.0		__DUMMY__ 0.9161463003189524 off 0.04328776607887403 neg 0.0405659336021735	false	0.5
konkurrenz	neg 1.0		__DUMMY__ 0.923132154155861 neg 0.039271434435852286 off 0.037596411408286734	false	1.0
teufelskreis	neg 1.0	neg 1.0	neg 0.5096903798229464 __DUMMY__ 0.4530507888732327 off 0.037258831303820864	false	1.0
aufschreien	neg 1.0		__DUMMY__ 0.9139523940621186 off 0.043902857937813566 neg 0.04214474800006792	false	0.5
schuldner	neg 1.0		__DUMMY__ 0.9175061192289576 neg 0.044713323622770126 off 0.03778055714827226	false	1.0
missgeburt	off 1.0	off 1.0	off 0.5182521906517337 __DUMMY__ 0.44546892032157714 neg 0.03627888902668915	false	1.0
arbeitslos	neg 1.0		__DUMMY__ 0.9189338772148044 neg 0.041742092993684005 off 0.03932402979151163	false	1.0
befallen	neg 1.0		__DUMMY__ 0.9133212424677536 neg 0.045965630117336835 off 0.04071312741490964	false	1.0
miesepetrig	off 1.0	off 1.0	off 0.5110533577112142 __DUMMY__ 0.45157052896858335 neg 0.037376113320202436	false	1.0
alarmieren	neg 1.0		__DUMMY__ 0.9135933220992104 off 0.04569377194648718 neg 0.04071290595430242	false	0.5
ungeduscht	off 1.0		__DUMMY__ 0.9134214113493954 off 0.044391534045347535 neg 0.04218705460525714	false	1.0
knappheit	neg 1.0		__DUMMY__ 0.916337494421754 neg 0.04406472349658374 off 0.03959778208166223	false	1.0
schlange	neg 1.0		__DUMMY__ 0.9185558735973937 off 0.041371653279463176 neg 0.04007247312314316	false	0.5
harsch	neg 1.0		__DUMMY__ 0.911695354896135 off 0.049638611545575216 neg 0.038666033558289806	false	0.5
lang	neg 1.0		__DUMMY__ 0.9165733565697546 off 0.04239990327579677 neg 0.04102674015444868	false	0.5
ziellos	neg 1.0		__DUMMY__ 0.9220368992517453 neg 0.04016925825336363 off 0.03779384249489115	false	1.0
selbstverliebt	neg 1.0		__DUMMY__ 0.9039168082918028 off 0.056430808034141 neg 0.03965238367405625	false	0.5
beseitigen	neg 1.0		__DUMMY__ 0.9192414183016528 off 0.04104956792308803 neg 0.039709013775259115	false	0.5
dumm	off 1.0		__DUMMY__ 0.9070845776087031 off 0.051966815272275535 neg 0.040948607119021325	false	1.0
arbeitsloser	neg 1.0		__DUMMY__ 0.9239906300311107 off 0.039429342277807845 neg 0.036580027691081464	false	0.5
blitzen	neg 1.0		__DUMMY__ 0.9132901732155194 off 0.044729829334203865 neg 0.04197999745027671	false	0.5
hilflos	neg 1.0		__DUMMY__ 0.9191198163107673 neg 0.04167665958339573 off 0.039203524105836995	false	1.0
eklig	off 1.0		__DUMMY__ 0.9051880957583289 off 0.05228147678637733 neg 0.0425304274552938	false	1.0
begriff			__DUMMY__ 0.9186028454790923 off 0.041034779097017665 neg 0.04036237542389001	false	0.0
hungersnot	neg 1.0		__DUMMY__ 0.916935579106382 neg 0.04344629397158495 off 0.03961812692203298	false	1.0
ungesetzlich	neg 1.0		__DUMMY__ 0.9151495235212542 off 0.04390957042949919 neg 0.0409409060492466	false	0.5
verschwendung	neg 1.0		__DUMMY__ 0.9202357581365992 neg 0.041997876446329116 off 0.037766365417071686	false	1.0
schmerzvoll	neg 1.0		__DUMMY__ 0.9154582112414293 off 0.04257749915668743 neg 0.04196428960188318	false	0.5
vorzeitig	neg 1.0		__DUMMY__ 0.9166935610898784 off 0.04566363320528283 neg 0.037642805704838675	false	0.5
unvollkommenheit	neg 1.0		__DUMMY__ 0.9189552985172817 neg 0.041239696551207086 off 0.03980500493151109	false	1.0
intervenieren	neg 1.0		__DUMMY__ 0.9173149997979242 neg 0.04410578125682128 off 0.038579218945254595	false	1.0
banause	off 1.0		__DUMMY__ 0.9017920540316456 off 0.05366861378995295 neg 0.044539332178401364	false	1.0
rebell	neg 1.0		__DUMMY__ 0.9204877855031699 neg 0.04537413892223012 off 0.03413807557459997	false	1.0
unlogisch	neg 1.0		__DUMMY__ 0.9098763931749922 off 0.04831724956572651 neg 0.04180635725928129	false	0.5
leiden	neg 1.0		__DUMMY__ 0.9247457803277981 neg 0.03912711016249333 off 0.036127109509708634	false	1.0
abschaffung	neg 1.0		__DUMMY__ 0.9149007773120517 neg 0.04269680834844929 off 0.04240241433949912	false	1.0
sturz	neg 1.0		__DUMMY__ 0.9193437975098693 off 0.04302855780720807 neg 0.03762764468292268	false	0.5
verkleinerung	neg 1.0		__DUMMY__ 0.9099854561331823 off 0.045175121686579715 neg 0.04483942218023811	false	0.5
schmarotzer	off 1.0		__DUMMY__ 0.91845921361045 neg 0.04140272036663425 off 0.040138066022915704	false	0.5
bestrafung	neg 1.0	neg 1.0	neg 0.5071643303951365 __DUMMY__ 0.4547470669989025 off 0.03808860260596094	false	1.0
achtlos	neg 1.0		__DUMMY__ 0.9201706959397782 off 0.04006309670538298 neg 0.03976620735483896	false	0.5
ungeheuer	neg 1.0		__DUMMY__ 0.9165772124040996 neg 0.04192360304423376 off 0.04149918455166662	false	1.0
