unsolidarisch	neg 1.0		neg 0.3452666216989864 off 0.34300620699073836 __DUMMY__ 0.3117271713102752	false	1.0
nachteilig	neg 1.0		neg 0.34419704819906793 off 0.33997023491629713 __DUMMY__ 0.31583271688463505	false	1.0
skeptisch	neg 1.0		neg 0.3466823189383408 off 0.3378799581625163 __DUMMY__ 0.31543772289914296	false	1.0
schrecklich	neg 1.0		off 0.35236205872500165 neg 0.3387690452355929 __DUMMY__ 0.3088688960394056	false	0.5
schlapp	neg 1.0	neg 1.0	neg 0.6584389350885419 off 0.1926717419909802 __DUMMY__ 0.14888932292047793	false	1.0
abfall	neg 1.0		neg 0.34592675318665733 off 0.33583506125588347 __DUMMY__ 0.31823818555745925	false	1.0
widerspenstig	neg 1.0		neg 0.34630034929852643 off 0.3412741307526426 __DUMMY__ 0.312425519948831	false	1.0
abrupt	neg 1.0		neg 0.34916785018497354 off 0.3363708565432129 __DUMMY__ 0.3144612932718136	false	1.0
unwirksam	neg 1.0		neg 0.34971317831276416 off 0.3406599473688621 __DUMMY__ 0.30962687431837366	false	1.0
angreifen	neg 1.0		neg 0.34673904453761845 off 0.3374021336856108 __DUMMY__ 0.3158588217767707	false	1.0
inkonsistent	neg 1.0		off 0.3450219489669156 neg 0.34386368048579 __DUMMY__ 0.31111437054729435	false	0.5
abrutschen	neg 1.0		neg 0.3473267804558233 off 0.3349367052917124 __DUMMY__ 0.31773651425246424	false	1.0
unsicher	neg 1.0		off 0.3431722047507558 neg 0.34286034078900224 __DUMMY__ 0.3139674544602421	false	0.5
bauernkind	off 1.0	off 1.0	off 0.6645384449871119 neg 0.18986101988304802 __DUMMY__ 0.14560053512984006	false	1.0
angreifer	neg 1.0		off 0.34808584531495984 neg 0.33880429095252507 __DUMMY__ 0.3131098637325152	false	0.5
trennen	neg 1.0		neg 0.34580390353119084 off 0.3376363397471068 __DUMMY__ 0.31655975672170233	false	1.0
schmutz	neg 1.0		off 0.3487931050015647 neg 0.33599798890292254 __DUMMY__ 0.3152089060955128	false	0.5
inkonsistenz	neg 1.0		off 0.3483447791814608 neg 0.34045851143108063 __DUMMY__ 0.31119670938745864	false	0.5
erschreckend	neg 1.0		neg 0.3442321546948106 off 0.34208932483465504 __DUMMY__ 0.31367852047053446	false	1.0
ertrinken	neg 1.0		neg 0.3490031315638752 off 0.3359798086913281 __DUMMY__ 0.31501705974479666	false	1.0
pickelface	off 1.0		neg 0.34417559365147943 off 0.3431087937322354 __DUMMY__ 0.31271561261628517	false	0.5
seiner			neg 0.3452545872317461 off 0.3383816703138503 __DUMMY__ 0.31636374245440363	false	0.0
lauch	neg 1.0	neg 1.0	neg 0.6632039396366786 off 0.18488585137007918 __DUMMY__ 0.15191020899324228	false	1.0
unwichtig	neg 1.0		off 0.34779323415410734 neg 0.3415077302879139 __DUMMY__ 0.3106990355579788	false	0.5
steuerhinterziehung	neg 1.0		neg 0.3457863496646435 off 0.3414830960654912 __DUMMY__ 0.31273055426986524	false	1.0
schock	neg 1.0		neg 0.3445513914456018 off 0.34118533206828083 __DUMMY__ 0.31426327648611735	false	1.0
beule	neg 1.0		off 0.35009153876221194 neg 0.34058029376416427 __DUMMY__ 0.30932816747362385	false	0.5
vergelten	neg 1.0		off 0.3542216396273198 neg 0.33639683185632385 __DUMMY__ 0.3093815285163563	false	0.5
verdorbenheit	neg 1.0		neg 0.3439459963501867 off 0.34368331198057395 __DUMMY__ 0.31237069166923936	false	1.0
trauma	neg 1.0		neg 0.34411627593105093 off 0.34385540831972383 __DUMMY__ 0.3120283157492252	false	1.0
sinnlos	neg 1.0		off 0.34488329712857724 neg 0.3427965942860549 __DUMMY__ 0.31232010858536785	false	0.5
fettsack	off 1.0	off 1.0	off 0.6657263944196278 neg 0.18849076849711655 __DUMMY__ 0.14578283708325565	false	1.0
feige	off 1.0	off 1.0	off 0.6626716071841922 neg 0.1891265079617786 __DUMMY__ 0.14820188485402927	false	1.0
abdanken	neg 1.0		neg 0.3438781172953207 off 0.3425276477845902 __DUMMY__ 0.3135942349200889	false	1.0
wichtigtuer	off 1.0	off 1.0	off 0.6613086672750658 neg 0.18900786650474866 __DUMMY__ 0.14968346622018552	false	1.0
misslingen	neg 1.0	neg 1.0	neg 0.6561334715082295 off 0.1919897882904321 __DUMMY__ 0.15187674020133843	false	1.0
untreu	off 1.0		off 0.3490806710931544 neg 0.34081688147604383 __DUMMY__ 0.31010244743080184	false	1.0
missmutig	neg 1.0		off 0.34643243330389656 neg 0.34234229678374145 __DUMMY__ 0.31122526991236193	false	0.5
hurenbock	off 1.0		neg 0.34931513507217404 off 0.34060634387991884 __DUMMY__ 0.3100785210479072	false	0.5
betrunken	neg 1.0		off 0.35110453449868606 neg 0.33967656937115615 __DUMMY__ 0.3092188961301578	false	0.5
korrupt	off 1.0		neg 0.3467364565003454 off 0.3406868417702649 __DUMMY__ 0.3125767017293896	false	0.5
unmut	neg 1.0		neg 0.3476436653851213 off 0.3360401560016513 __DUMMY__ 0.3163161786132273	false	1.0
hackfresse	off 1.0		off 0.3570911070903931 neg 0.33629723404739065 __DUMMY__ 0.3066116588622162	false	1.0
aufblasen	neg 1.0		neg 0.3436080639545002 off 0.34323769674040766 __DUMMY__ 0.313154239305092	false	1.0
gewaltsam	neg 1.0		neg 0.3441226735745705 off 0.34242262994131134 __DUMMY__ 0.313454696484118	false	1.0
unbeliebtheit	neg 1.0		off 0.34932686129262425 neg 0.340408849450489 __DUMMY__ 0.3102642892568868	false	0.5
sturheit	neg 1.0		off 0.34278678886935643 neg 0.34259836222972934 __DUMMY__ 0.3146148489009144	false	0.5
kuh	neg 1.0		neg 0.3510265479723165 off 0.34205876295164384 __DUMMY__ 0.30691468907603964	false	1.0
erschrecken	neg 1.0		off 0.3473705581432219 neg 0.34094111223123874 __DUMMY__ 0.3116883296255394	false	0.5
opfer	neg 1.0		neg 0.3432779931214207 off 0.3404996629758282 __DUMMY__ 0.3162223439027512	false	1.0
sinken	neg 1.0		neg 0.3488388210782416 off 0.33591476759014555 __DUMMY__ 0.31524641133161296	false	1.0
stinktier	neg 1.0		off 0.35218537133849237 neg 0.34312916982627073 __DUMMY__ 0.30468545883523707	false	0.5
tucke	off 1.0		off 0.35706896806454375 neg 0.33990665475067705 __DUMMY__ 0.30302437718477915	false	1.0
ein			neg 0.34659453095977605 off 0.3409227739758781 __DUMMY__ 0.31248269506434595	false	0.0
abstieg	neg 1.0		off 0.3430647117608032 neg 0.3398763866269512 __DUMMY__ 0.31705890161224554	false	0.5
missverstehen	neg 1.0		off 0.34580790063333655 neg 0.3423423758446972 __DUMMY__ 0.3118497235219662	false	0.5
ergebnislos	neg 1.0		neg 0.3437155966186917 off 0.34008165580196753 __DUMMY__ 0.3162027475793408	false	1.0
unter			neg 0.34754514078285065 off 0.33183039064587927 __DUMMY__ 0.3206244685712702	false	0.0
manipulieren	neg 1.0		neg 0.3445778229257738 off 0.3391729122629936 __DUMMY__ 0.3162492648112324	false	1.0
unbewiesen	neg 1.0	neg 1.0	neg 0.659685931873969 off 0.1902618499585434 __DUMMY__ 0.15005221816748768	false	1.0
verschleppen	neg 1.0		neg 0.34611905441625895 off 0.3397602012580373 __DUMMY__ 0.3141207443257038	false	1.0
weib	off 1.0		off 0.35824871662938335 neg 0.3374312420113465 __DUMMY__ 0.30432004135927027	false	1.0
opposition	neg 1.0		neg 0.34533584972576475 off 0.3435093074247595 __DUMMY__ 0.3111548428494756	false	1.0
verkehrswidrig	neg 1.0	neg 1.0	neg 0.654410494538235 off 0.1967753467843306 __DUMMY__ 0.1488141586774345	false	1.0
inkorrekt	neg 1.0		off 0.35191808452324763 neg 0.33948142774146933 __DUMMY__ 0.30860048773528304	false	0.5
vermeiden	neg 1.0		neg 0.3475215304101484 off 0.3344499596529178 __DUMMY__ 0.3180285099369337	false	1.0
abweichung	neg 1.0	neg 1.0	neg 0.6587212307477742 off 0.1892198549720719 __DUMMY__ 0.15205891428015386	false	1.0
alkoholisiert	neg 1.0		neg 0.343325991983543 off 0.33923602468529546 __DUMMY__ 0.3174379833311616	false	1.0
scheiss	off 1.0	off 1.0	off 0.6634293217695607 neg 0.18888774246682222 __DUMMY__ 0.14768293576361707	false	1.0
herausforderung	neg 1.0		neg 0.34377905616539456 off 0.3409550529451332 __DUMMY__ 0.3152658908894724	false	1.0
pervers	off 1.0		off 0.3611454725935043 neg 0.33511412912103355 __DUMMY__ 0.30374039828546207	false	1.0
wackelig	neg 1.0		neg 0.3438455474669241 off 0.340826618563277 __DUMMY__ 0.3153278339697988	false	1.0
verwickeln	neg 1.0		off 0.34471523103372814 neg 0.34316719011897323 __DUMMY__ 0.3121175788472987	false	0.5
vorwand	neg 1.0		neg 0.3473013805893402 off 0.33683561238587967 __DUMMY__ 0.3158630070247803	false	1.0
muschi	off 1.0		neg 0.34383073909484163 off 0.3424412367949447 __DUMMY__ 0.3137280241102136	false	0.5
entmutigung	neg 1.0		neg 0.34460117641950083 off 0.3445924458319471 __DUMMY__ 0.31080637774855197	false	1.0
unangemessen	neg 1.0		neg 0.3435830343084175 off 0.34209968759542536 __DUMMY__ 0.3143172780961571	false	1.0
unstetig	neg 1.0		off 0.347215170451121 neg 0.3414028755575984 __DUMMY__ 0.3113819539912807	false	0.5
entmutigen	neg 1.0		off 0.34399713863710957 neg 0.34301033010890003 __DUMMY__ 0.3129925312539903	false	0.5
schwanz	neg 1.0		neg 0.3464486859459919 off 0.3396146226443291 __DUMMY__ 0.3139366914096789	false	1.0
verbot	neg 1.0		neg 0.3469266153815919 off 0.3402987454949294 __DUMMY__ 0.31277463912347864	false	1.0
leid	neg 1.0		off 0.3537667839312367 neg 0.3385242750562319 __DUMMY__ 0.3077089410125314	false	0.5
archaisch	neg 1.0		neg 0.34571169827804277 off 0.34085783151292215 __DUMMY__ 0.313430470209035	false	1.0
gegen			neg 0.34493867221532226 off 0.33766384734901395 __DUMMY__ 0.31739748043566396	false	0.0
scheidung	neg 1.0		off 0.36739711240403916 neg 0.3271530121782258 __DUMMY__ 0.30544987541773494	false	0.5
einschlag	neg 1.0		off 0.35404038605184285 neg 0.33565169239418574 __DUMMY__ 0.3103079215539714	false	0.5
m			neg 0.3446995684042397 off 0.3408042395636695 __DUMMY__ 0.31449619203209067	false	0.0
abgestanden	neg 1.0		neg 0.3511814095180526 off 0.3395653559396484 __DUMMY__ 0.309253234542299	false	1.0
schmierig	off 1.0		off 0.3535228025090853 neg 0.33852692010630137 __DUMMY__ 0.30795027738461334	false	1.0
unpraktisch	neg 1.0		off 0.34481111642932394 neg 0.3420336836494686 __DUMMY__ 0.31315519992120733	false	0.5
wixxer	off 1.0		off 0.36076084754993337 neg 0.3365554208026265 __DUMMY__ 0.30268373164744006	false	1.0
bezeichnet			off 0.34356887466064995 neg 0.3428510382002966 __DUMMY__ 0.3135800871390534	false	0.0
jammerlappen	off 1.0		off 0.3483745365867808 neg 0.34073547334479887 __DUMMY__ 0.3108899900684204	false	1.0
farce	neg 1.0		neg 0.34608032806389727 off 0.34196118279658666 __DUMMY__ 0.3119584891395161	false	1.0
zwecklos	neg 1.0		neg 0.34548042453676264 off 0.34044972514998884 __DUMMY__ 0.3140698503132486	false	1.0
turbulent	neg 1.0		off 0.350344314763835 neg 0.3402331817507945 __DUMMY__ 0.3094225034853705	false	0.5
invasion	neg 1.0		off 0.3456806095463577 neg 0.34232597777951196 __DUMMY__ 0.31199341267413033	false	0.5
schuld	neg 1.0		off 0.3442148544427093 neg 0.3430514589129542 __DUMMY__ 0.3127336866443366	false	0.5
risiko	neg 1.0		neg 0.3455540685985056 off 0.34375273007726853 __DUMMY__ 0.31069320132422584	false	1.0
finster	neg 1.0		neg 0.34639604047311595 off 0.3414632887802716 __DUMMY__ 0.3121406707466124	false	1.0
geisteskrank	off 1.0		off 0.3507297067561256 neg 0.33993263569219934 __DUMMY__ 0.3093376575516752	false	1.0
zusammenbrechen	neg 1.0		neg 0.34548807090234673 off 0.3405735722226887 __DUMMY__ 0.3139383568749644	false	1.0
ausbeute	neg 1.0		off 0.34310893286614574 neg 0.3414164936816553 __DUMMY__ 0.31547457345219904	false	0.5
hinterhalt	neg 1.0		neg 0.3458313874145116 off 0.34084615449891625 __DUMMY__ 0.3133224580865721	false	1.0
kritik	neg 1.0		neg 0.3464851319324632 off 0.3415515417627808 __DUMMY__ 0.31196332630475604	false	1.0
einschrumpfen	neg 1.0		off 0.3469308022651039 neg 0.3441841321993352 __DUMMY__ 0.3088850655355609	false	0.5
riskant	neg 1.0		neg 0.3473525545706749 off 0.33772823920806994 __DUMMY__ 0.3149192062212552	false	1.0
frustrieren	neg 1.0		neg 0.3475179341283536 off 0.33834914352387807 __DUMMY__ 0.31413292234776835	false	1.0
groll	neg 1.0		neg 0.3437355710946407 off 0.34142864372920373 __DUMMY__ 0.31483578517615574	false	1.0
gibt			neg 0.3446306762144064 off 0.34063905880402706 __DUMMY__ 0.3147302649815665	false	0.0
qualvoll	neg 1.0		off 0.34503398837851135 neg 0.34278160305661887 __DUMMY__ 0.31218440856486984	false	0.5
wackeln	neg 1.0		neg 0.34368108692163346 off 0.3427474927491122 __DUMMY__ 0.3135714203292542	false	1.0
klagen	neg 1.0		neg 0.3479595536079008 off 0.3367095075204438 __DUMMY__ 0.31533093887165536	false	1.0
bankrott	neg 1.0		off 0.3483493999702264 neg 0.3398700115113554 __DUMMY__ 0.3117805885184183	false	0.5
trauern	neg 1.0		neg 0.3420592727431147 off 0.34027782208105295 __DUMMY__ 0.31766290517583223	false	1.0
ablehnung	neg 1.0		neg 0.3463045756508187 off 0.34115773420179035 __DUMMY__ 0.3125376901473909	false	1.0
stur	neg 1.0		neg 0.34396770701418605 off 0.3437877017532829 __DUMMY__ 0.31224459123253107	false	1.0
aufruhr	neg 1.0	neg 1.0	neg 0.660186282277564 off 0.18956745656044544 __DUMMY__ 0.1502462611619905	false	1.0
melancholie	neg 1.0		neg 0.34903550830405056 off 0.3367299491019208 __DUMMY__ 0.3142345425940285	false	1.0
ist			off 0.34475598202966623 neg 0.34267260571346536 __DUMMY__ 0.3125714122568684	false	0.0
torheit	neg 1.0		off 0.34435015752461295 neg 0.34293945139645493 __DUMMY__ 0.31271039107893217	false	0.5
dreckskind	off 1.0		off 0.3577580713660889 neg 0.33680774198334856 __DUMMY__ 0.30543418665056243	false	1.0
umtauschen	neg 1.0		neg 0.34494486848485434 off 0.34185780262950305 __DUMMY__ 0.3131973288856427	false	1.0
zum			neg 0.34227176368439466 off 0.3369896673547952 __DUMMY__ 0.3207385689608104	false	0.0
zersetzen	neg 1.0		neg 0.3480280125131249 off 0.3373376678111498 __DUMMY__ 0.31463431967572525	false	1.0
zur			neg 0.34695082739451605 off 0.3348356672041517 __DUMMY__ 0.3182135054013321	false	0.0
frust	neg 1.0		neg 0.3449891761412097 off 0.340622053179871 __DUMMY__ 0.31438877067891924	false	1.0
unerbittlichkeit	neg 1.0		neg 0.3453638676966529 off 0.3391952699587073 __DUMMY__ 0.31544086234463975	false	1.0
zwei			neg 0.34674905261150785 off 0.3345532399857884 __DUMMY__ 0.31869770740270376	false	0.0
unkorrekt	neg 1.0		off 0.3503093251279185 neg 0.3408990402681936 __DUMMY__ 0.3087916346038879	false	0.5
hexe	off 1.0		off 0.3464047822659313 neg 0.3445043485968859 __DUMMY__ 0.30909086913718276	false	1.0
lasch	neg 1.0		off 0.3475286643623946 neg 0.34111153197213334 __DUMMY__ 0.3113598036654721	false	0.5
rivale	neg 1.0		off 0.3524385097334913 neg 0.33865470836660067 __DUMMY__ 0.308906781899908	false	0.5
mutlos	off 1.0	off 1.0	off 0.6579895071516525 neg 0.19101112022109612 __DUMMY__ 0.1509993726272514	false	1.0
wirr	off 1.0		off 0.352797941401428 neg 0.33891926211797335 __DUMMY__ 0.3082827964805988	false	1.0
jahr			neg 0.3410279398055182 off 0.34054755096143013 __DUMMY__ 0.31842450923305177	false	0.0
wird			neg 0.34484136865455095 off 0.34010351916283094 __DUMMY__ 0.31505511218261817	false	0.0
strafbar	neg 1.0		neg 0.3456704037969256 off 0.33898332494941025 __DUMMY__ 0.3153462712536642	false	1.0
erosion	neg 1.0		neg 0.3437259752870872 off 0.343092952943608 __DUMMY__ 0.3131810717693047	false	1.0
eingehen	neg 1.0		neg 0.3472731505338152 off 0.3383405001892344 __DUMMY__ 0.31438634927695036	false	1.0
faul	off 1.0		off 0.3472866076803255 neg 0.3416833154009774 __DUMMY__ 0.311030076918697	false	1.0
provisorium	neg 1.0		neg 0.347030056157264 off 0.33212668054890343 __DUMMY__ 0.3208432632938327	false	1.0
schmerzen	neg 1.0		neg 0.3458115323740593 off 0.3410227168356414 __DUMMY__ 0.3131657507902993	false	1.0
schrumpfen	neg 1.0		neg 0.35058011200581973 off 0.3332300618952667 __DUMMY__ 0.3161898260989136	false	1.0
geistlos	off 1.0		off 0.34522340083035946 neg 0.34407714188741195 __DUMMY__ 0.3106994572822284	false	1.0
fehlkauf	neg 1.0		off 0.34483438581864345 neg 0.34414966005634046 __DUMMY__ 0.3110159541250162	false	0.5
frustrierend	neg 1.0		off 0.3469680256117719 neg 0.3416379415657183 __DUMMY__ 0.31139403282250977	false	0.5
unzufrieden	neg 1.0		neg 0.3453472053089343 off 0.34033714460059894 __DUMMY__ 0.31431565009046675	false	1.0
verzweifeln	neg 1.0		neg 0.3438018699239481 off 0.34207018305600445 __DUMMY__ 0.3141279470200474	false	1.0
verzweifelt	neg 1.0		off 0.3442476084606011 neg 0.3431001827900341 __DUMMY__ 0.3126522087493647	false	0.5
misstrauensantrag	neg 1.0		off 0.3449530622013295 neg 0.3430624404003217 __DUMMY__ 0.3119844973983489	false	0.5
abfallen	neg 1.0		neg 0.3444433811999031 off 0.34270069238261014 __DUMMY__ 0.31285592641748683	false	1.0
fucker	off 1.0		off 0.35211164376254955 neg 0.33830939716239056 __DUMMY__ 0.30957895907506006	false	1.0
ungezogen	neg 1.0		off 0.35903920246396565 neg 0.33577215060172816 __DUMMY__ 0.3051886469343063	false	0.5
irrsinnig	neg 1.0	neg 1.0	neg 0.6601872429975528 off 0.18994675089280316 __DUMMY__ 0.14986600610964398	false	1.0
unfassbar	neg 1.0		off 0.3494366574815825 neg 0.33996773588536744 __DUMMY__ 0.31059560663304997	false	0.5
hart	neg 1.0		off 0.34689544215529255 neg 0.345953298212498 __DUMMY__ 0.30715125963220946	false	0.5
widerlich	off 1.0		off 0.349651549069627 neg 0.3405191406373274 __DUMMY__ 0.3098293102930456	false	1.0
fatal	neg 1.0	neg 1.0	neg 0.6612829463489689 off 0.19022659666915603 __DUMMY__ 0.14849045698187507	false	1.0
bruch	neg 1.0		neg 0.34523355424568114 off 0.33696355503122055 __DUMMY__ 0.3178028907230983	false	1.0
aushungern	neg 1.0		neg 0.34704246394100186 off 0.34038589829872057 __DUMMY__ 0.3125716377602776	false	1.0
anspannung	neg 1.0		neg 0.3453632060120346 off 0.3352959164598149 __DUMMY__ 0.31934087752815066	false	1.0
von			neg 0.3461252349106154 off 0.337571554569237 __DUMMY__ 0.3163032105201476	false	0.0
kraftlos	neg 1.0		neg 0.3451027680049501 off 0.3400907703372616 __DUMMY__ 0.3148064616577885	false	1.0
vom			neg 0.34449754226887497 off 0.3336705709642777 __DUMMY__ 0.3218318867668473	false	0.0
grenzdebil	off 1.0		off 0.34918701033838667 neg 0.34109478213449196 __DUMMY__ 0.3097182075271214	false	1.0
vor			neg 0.34678955683947177 off 0.3363859587213795 __DUMMY__ 0.3168244844391488	false	0.0
unterwerfen	neg 1.0		neg 0.345340183432718 off 0.33961212933344176 __DUMMY__ 0.3150476872338402	false	1.0
versenkung	neg 1.0		neg 0.34533993722164263 off 0.33915770461208394 __DUMMY__ 0.3155023581662735	false	1.0
entziehen	neg 1.0		neg 0.34733099547508717 off 0.33674410185407316 __DUMMY__ 0.31592490267083984	false	1.0
finanzkrise	neg 1.0		neg 0.3510139717017825 off 0.3393600776334593 __DUMMY__ 0.3096259506647583	false	1.0
schimpfend	neg 1.0		off 0.34434167211582173 neg 0.34197833659266663 __DUMMY__ 0.3136799912915116	false	0.5
profan	neg 1.0		off 0.3452713973947339 neg 0.3427957759491905 __DUMMY__ 0.31193282665607563	false	0.5
korruption	neg 1.0		neg 0.3472590096871559 off 0.339882060089208 __DUMMY__ 0.31285893022363603	false	1.0
â			neg 0.346022452022057 off 0.3397047247928852 __DUMMY__ 0.31427282318505795	false	0.0
schmutzig	neg 1.0		off 0.34969863587523264 neg 0.340247505460565 __DUMMY__ 0.3100538586642023	false	0.5
sexy	neg 1.0		off 0.34731784190117687 neg 0.3408894133157604 __DUMMY__ 0.3117927447830626	false	0.5
abraten	neg 1.0		off 0.3452027250509001 neg 0.3421258027900804 __DUMMY__ 0.31267147215901947	false	0.5
schwarz	neg 1.0		off 0.34528008062993104 neg 0.34256434752762593 __DUMMY__ 0.3121555718424431	false	0.5
fotze	off 1.0	off 1.0	off 0.6583682912635579 neg 0.1908454621643556 __DUMMY__ 0.15078624657208659	false	1.0
verwirren	neg 1.0		off 0.345807765316179 neg 0.3420587924590623 __DUMMY__ 0.3121334422247587	false	0.5
zahnlos	off 1.0		neg 0.34480788844984467 off 0.34133706126044133 __DUMMY__ 0.31385505028971394	false	0.5
verheeren	neg 1.0		off 0.3609884704585579 neg 0.33371695554988584 __DUMMY__ 0.30529457399155624	false	0.5
hippie	neg 1.0		off 0.3466439203811116 neg 0.34179316542313043 __DUMMY__ 0.311562914195758	false	0.5
rammen	neg 1.0		neg 0.34357048969769644 off 0.3434904738520993 __DUMMY__ 0.3129390364502043	false	1.0
unlauter	neg 1.0		off 0.3445011077443106 neg 0.34408188661087147 __DUMMY__ 0.31141700564481795	false	0.5
unheilvoll	neg 1.0		neg 0.3441118789034596 off 0.34371369199113705 __DUMMY__ 0.3121744291054033	false	1.0
niedrig	neg 1.0		neg 0.3480459736261778 off 0.3386379334106657 __DUMMY__ 0.31331609296315655	false	1.0
explosion	neg 1.0		off 0.3467000558739467 neg 0.3415033954065646 __DUMMY__ 0.3117965487194887	false	0.5
weichei	off 1.0	off 1.0	off 0.6658244298314319 neg 0.18763008048775764 __DUMMY__ 0.14654548968081044	false	1.0
minusmensch	off 1.0		off 0.36010232752776544 neg 0.3352848565086574 __DUMMY__ 0.3046128159635772	false	1.0
farblos	neg 1.0		neg 0.3453575186272152 off 0.34309892483739346 __DUMMY__ 0.31154355653539123	false	1.0
unwissend	neg 1.0	neg 1.0	neg 0.6593444966987649 off 0.19208312458521298 __DUMMY__ 0.1485723787160222	false	1.0
traurig	neg 1.0		off 0.3518884498361143 neg 0.33907852709563413 __DUMMY__ 0.3090330230682516	false	0.5
senkung	neg 1.0		neg 0.34659569676347823 off 0.34402884325172256 __DUMMY__ 0.30937545998479904	false	1.0
ungleich	neg 1.0	neg 1.0	neg 0.6611560130820342 off 0.1876693921614236 __DUMMY__ 0.15117459475654213	false	1.0
heikel	neg 1.0		neg 0.3463349202122441 off 0.3383632120054731 __DUMMY__ 0.31530186778228286	false	1.0
drosselung	neg 1.0		off 0.34761976741479544 neg 0.34483316551589327 __DUMMY__ 0.3075470670693113	false	0.5
falsch	neg 1.0		off 0.3474548692447536 neg 0.3409554293071256 __DUMMY__ 0.3115897014481207	false	0.5
unzufriedenheit	neg 1.0		neg 0.3484455658558 off 0.3371805681714967 __DUMMY__ 0.3143738659727034	false	1.0
kurz	neg 1.0		neg 0.3435236457160208 off 0.34131883325621437 __DUMMY__ 0.3151575210277649	false	1.0
unsinnig	neg 1.0		neg 0.3462512061914805 off 0.3410867084427697 __DUMMY__ 0.3126620853657499	false	1.0
penner	off 1.0	off 1.0	off 0.6671430979137871 neg 0.1864820609871901 __DUMMY__ 0.1463748410990227	false	1.0
seicht	neg 1.0		off 0.35703190485558933 neg 0.3387751371549269 __DUMMY__ 0.3041929579894837	false	0.5
dummheit	off 1.0	off 1.0	off 0.6609034609262854 neg 0.19009216719025548 __DUMMY__ 0.1490043718834592	false	1.0
unerfreulich	neg 1.0		neg 0.34620762391224563 off 0.3381810576172875 __DUMMY__ 0.3156113184704669	false	1.0
motherfucker	off 1.0	off 1.0	off 0.6641730545574044 neg 0.18766389631564567 __DUMMY__ 0.14816304912695005	false	1.0
pikiert	neg 1.0	neg 1.0	neg 0.6592423705282794 off 0.19234654255438347 __DUMMY__ 0.14841108691733715	false	1.0
wrack	neg 1.0		off 0.3438496286069656 neg 0.3384614822097623 __DUMMY__ 0.3176888891832719	false	0.5
gangster	neg 1.0		off 0.346815454528134 neg 0.341787596040709 __DUMMY__ 0.3113969494311568	false	0.5
krank	neg 1.0	neg 1.0	neg 0.6575955953316213 off 0.19350442613476718 __DUMMY__ 0.1488999785336115	false	1.0
reich	neg 1.0		off 0.3461164111724958 neg 0.3443891650722357 __DUMMY__ 0.3094944237552686	false	0.5
gnadenlos	neg 1.0		off 0.3443566552127678 neg 0.3423117965665344 __DUMMY__ 0.31333154822069775	false	0.5
niedergeschlagen	neg 1.0		neg 0.34414912995572844 off 0.3407353042874284 __DUMMY__ 0.31511556575684335	false	1.0
terrorisieren	off 1.0	off 1.0	off 0.657454258955388 neg 0.19106371827316834 __DUMMY__ 0.15148202277144365	false	1.0
sinnlosigkeit	neg 1.0		neg 0.3447217827246732 off 0.34102771033481244 __DUMMY__ 0.3142505069405144	false	1.0
behindern	neg 1.0		neg 0.34524307308741686 off 0.3420708338433786 __DUMMY__ 0.3126860930692045	false	1.0
undemokratisch	neg 1.0		off 0.3449727728907276 neg 0.343474550291785 __DUMMY__ 0.31155267681748744	false	0.5
wirtschaftskrise	neg 1.0		neg 0.3496764615761043 off 0.3384695438894688 __DUMMY__ 0.3118539945344268	false	1.0
neid	neg 1.0		off 0.3464194415281659 neg 0.34203138431405616 __DUMMY__ 0.31154917415777783	false	0.5
rutschen	neg 1.0		neg 0.34730695731319555 off 0.33409916615178153 __DUMMY__ 0.31859387653502286	false	1.0
rezession	neg 1.0		off 0.34989675053502484 neg 0.34404456464210836 __DUMMY__ 0.3060586848228669	false	0.5
fehlgeburt	neg 1.0		off 0.34432049897893596 neg 0.3414384670882692 __DUMMY__ 0.3142410339327948	false	0.5
charakterschwach	off 1.0		off 0.34895257496112747 neg 0.3412334926758298 __DUMMY__ 0.30981393236304267	false	1.0
isolation	neg 1.0		off 0.3477033576313379 neg 0.3402934206869909 __DUMMY__ 0.31200322168167127	false	0.5
ablenkung	neg 1.0		off 0.34320206757941496 neg 0.3426052552799774 __DUMMY__ 0.31419267714060756	false	0.5
pech	neg 1.0		off 0.3475655114394686 neg 0.34117185227358393 __DUMMY__ 0.3112626362869475	false	0.5
vermeidung	neg 1.0		off 0.348966479145105 neg 0.34165262280356634 __DUMMY__ 0.30938089805132873	false	0.5
dominieren	neg 1.0		neg 0.34325661020028686 off 0.3420250187637385 __DUMMY__ 0.3147183710359748	false	1.0
schwindlig	neg 1.0		off 0.34460557132695535 neg 0.34354794509424424 __DUMMY__ 0.31184648357880035	false	0.5
lutscher	neg 1.0	neg 1.0	neg 0.6567032615293645 off 0.19840133562801895 __DUMMY__ 0.14489540284261662	false	1.0
pflicht	neg 1.0		neg 0.3455235070160772 off 0.337705559765347 __DUMMY__ 0.31677093321857586	false	1.0
faschist	off 1.0		off 0.3470642561575157 neg 0.3414880799085485 __DUMMY__ 0.31144766393393575	false	1.0
verschleudern	neg 1.0		neg 0.3501228611676769 off 0.3372681786511676 __DUMMY__ 0.3126089601811554	false	1.0
wenn			off 0.3479916722119305 neg 0.3410455840007186 __DUMMY__ 0.3109627437873508	false	0.0
ehebruch	neg 1.0		neg 0.3456045409350082 off 0.33991493823679764 __DUMMY__ 0.31448052082819417	false	1.0
spott	off 1.0		neg 0.34438524326092607 off 0.34036531606235754 __DUMMY__ 0.3152494406767164	false	0.5
trostlosigkeit	neg 1.0		neg 0.349571225266454 off 0.3357520074497834 __DUMMY__ 0.3146767672837626	false	1.0
lutschen	neg 1.0		off 0.34704590176230604 neg 0.3422256158616329 __DUMMY__ 0.31072848237606104	false	0.5
undiszipliniert	neg 1.0		off 0.3513586671250689 neg 0.33911318980002014 __DUMMY__ 0.3095281430749111	false	0.5
kopfschmerz	neg 1.0		neg 0.3486274518817281 off 0.33816064476242863 __DUMMY__ 0.3132119033558432	false	1.0
unvorhergesehen	neg 1.0		neg 0.34594270081138384 off 0.33763374432714066 __DUMMY__ 0.3164235548614754	false	1.0
desinteressiert	neg 1.0		off 0.3503219573631678 neg 0.34026502346478993 __DUMMY__ 0.30941301917204217	false	0.5
armselig	off 1.0		off 0.35293704513661545 neg 0.33836771192559195 __DUMMY__ 0.3086952429377927	false	1.0
desaster	neg 1.0		neg 0.34844183256529854 off 0.3358923470456305 __DUMMY__ 0.315665820389071	false	1.0
tod	neg 1.0		neg 0.34456366090356977 off 0.33973935554076906 __DUMMY__ 0.31569698355566117	false	1.0
herzlos	neg 1.0		off 0.35220735642750767 neg 0.33904693730550883 __DUMMY__ 0.30874570626698356	false	0.5
unwissenheit	neg 1.0		neg 0.3456782262228384 off 0.340323111621531 __DUMMY__ 0.3139986621556305	false	1.0
widersinnig	neg 1.0		neg 0.3467829530376677 off 0.34093864260033124 __DUMMY__ 0.3122784043620009	false	1.0
bedenklich	neg 1.0		neg 0.34680304807611256 off 0.339138313891561 __DUMMY__ 0.31405863803232653	false	1.0
beanstanden	neg 1.0		neg 0.34487646347958245 off 0.33849201589150196 __DUMMY__ 0.31663152062891553	false	1.0
panisch	neg 1.0		off 0.3455818152458614 neg 0.34119730869598985 __DUMMY__ 0.31322087605814875	false	0.5
debil	off 1.0		neg 0.3504055635426112 off 0.3310762295044186 __DUMMY__ 0.3185182069529701	false	0.5
abstrich	neg 1.0		neg 0.3475224705307941 off 0.34000666704520405 __DUMMY__ 0.31247086242400185	false	1.0
primitiv	neg 1.0		off 0.35076589187356855 neg 0.3395429526041224 __DUMMY__ 0.30969115552230914	false	0.5
abschaum	off 1.0	off 1.0	off 0.6632611315960432 neg 0.18757442360241297 __DUMMY__ 0.14916444480154384	false	1.0
provozieren	neg 1.0		neg 0.3438345160131329 off 0.34366568513737533 __DUMMY__ 0.31249979884949175	false	1.0
tot	neg 1.0		neg 0.3469730418487348 off 0.33980910411515086 __DUMMY__ 0.31321785403611435	false	1.0
instabil	neg 1.0		off 0.35310835876718344 neg 0.3386053138310441 __DUMMY__ 0.3082863274017724	false	0.5
schwuchtel	off 1.0	off 1.0	off 0.6710197597791712 neg 0.18499270575637108 __DUMMY__ 0.14398753446445772	false	1.0
zerren	neg 1.0		neg 0.3439539020195412 off 0.34079835831217997 __DUMMY__ 0.31524773966827885	false	1.0
kinderficker	off 1.0		off 0.35517487291029604 neg 0.33751714127043475 __DUMMY__ 0.3073079858192692	false	1.0
gefahr	neg 1.0		neg 0.34608926402901563 off 0.3377677319259205 __DUMMY__ 0.31614300404506385	false	1.0
rabiat	neg 1.0		neg 0.34554696053935663 off 0.3414663273988216 __DUMMY__ 0.31298671206182166	false	1.0
verlangsamung	neg 1.0		off 0.3568046544492113 neg 0.33698490344170273 __DUMMY__ 0.3062104421090859	false	0.5
ausgestorben	neg 1.0		neg 0.34403355506388805 off 0.34185780457953574 __DUMMY__ 0.31410864035657626	false	1.0
anklagen	neg 1.0		neg 0.34481621333217005 off 0.3412850567670894 __DUMMY__ 0.3138987299007404	false	1.0
trott	neg 1.0		neg 0.34398058439323814 off 0.34281594859229 __DUMMY__ 0.3132034670144719	false	1.0
verminderung	neg 1.0		off 0.3493305049870867 neg 0.341009024911327 __DUMMY__ 0.3096604701015863	false	0.5
nach			neg 0.34663093351851326 off 0.333456690973337 __DUMMY__ 0.31991237550814955	false	0.0
rost	neg 1.0		off 0.35980668785920106 neg 0.3326654565702463 __DUMMY__ 0.30752785557055273	false	0.5
destruktiv	neg 1.0		neg 0.344566580928495 off 0.34250227109032627 __DUMMY__ 0.3129311479811786	false	1.0
unzumutbarkeit	neg 1.0		off 0.34961659730963934 neg 0.34020963411787375 __DUMMY__ 0.31017376857248685	false	0.5
labil	off 1.0	off 1.0	off 0.6623030681109978 neg 0.1889483864050691 __DUMMY__ 0.14874854548393307	false	1.0
ziemlich	neg 1.0		off 0.3493806202451777 neg 0.33961368818708804 __DUMMY__ 0.3110056915677343	false	0.5
lachnummer	off 1.0		off 0.343948803150306 neg 0.3424404915681162 __DUMMY__ 0.3136107052815778	false	1.0
oder			off 0.3440948249099392 neg 0.3420211087997484 __DUMMY__ 0.31388406629031246	false	0.0
verfall	neg 1.0		neg 0.3509286915661024 off 0.33316229107731943 __DUMMY__ 0.3159090173565782	false	1.0
ausgrenzung	neg 1.0		off 0.344706346233471 neg 0.34392358134921763 __DUMMY__ 0.3113700724173113	false	0.5
unordnung	neg 1.0		off 0.3529378251192084 neg 0.3395377425443448 __DUMMY__ 0.30752443233644683	false	0.5
fehlverhalten	neg 1.0		neg 0.345852656495711 off 0.3388903141796695 __DUMMY__ 0.3152570293246196	false	1.0
eine			neg 0.34712599079450945 off 0.3366724485136813 __DUMMY__ 0.3162015606918092	false	0.0
nille	neg 1.0		neg 0.3436711750148153 off 0.3432124820808266 __DUMMY__ 0.31311634290435797	false	1.0
qual	neg 1.0		neg 0.34460427476641176 off 0.34226787008094844 __DUMMY__ 0.31312785515263986	false	1.0
verschwenden	neg 1.0		neg 0.34811052641872847 off 0.3376297058996989 __DUMMY__ 0.3142597676815726	false	1.0
riesig	neg 1.0		neg 0.3454943095174347 off 0.3392184488220255 __DUMMY__ 0.31528724166053984	false	1.0
verurteilen	neg 1.0		neg 0.3453817587189396 off 0.3408053388784037 __DUMMY__ 0.31381290240265686	false	1.0
klischee	neg 1.0	neg 1.0	neg 0.6595298282754432 off 0.19159041755091116 __DUMMY__ 0.14887975417364566	false	1.0
diktatorisch	neg 1.0		off 0.34473072062668375 neg 0.3441389664821181 __DUMMY__ 0.31113031289119814	false	0.5
vorhersehbar	neg 1.0		off 0.3455729721324891 neg 0.3434774842207926 __DUMMY__ 0.31094954364671834	false	0.5
sowie			off 0.35327972246237815 neg 0.3404949726495273 __DUMMY__ 0.3062253048880946	false	0.0
stornieren	neg 1.0		off 0.3480819242194318 neg 0.3375014736202255 __DUMMY__ 0.31441660216034256	false	0.5
besteuerung	neg 1.0	neg 1.0	neg 0.6629672198732522 off 0.1886987025565722 __DUMMY__ 0.1483340775701756	false	1.0
ungeschminkt	neg 1.0		off 0.35034004726450724 neg 0.3405587482870317 __DUMMY__ 0.30910120444846123	false	0.5
kritisch	neg 1.0		neg 0.34491459498107413 off 0.3406619186697949 __DUMMY__ 0.314423486349131	false	1.0
schlamperei	off 1.0		neg 0.3466155688734589 off 0.33885365793739913 __DUMMY__ 0.3145307731891421	false	0.5
sucht	neg 1.0	neg 1.0	neg 0.6589236658914289 off 0.19069901152416618 __DUMMY__ 0.1503773225844049	false	1.0
egoistisch	off 1.0	off 1.0	off 0.666285581028206 neg 0.18638581616334982 __DUMMY__ 0.14732860280844418	false	1.0
ausbeuter	off 1.0		neg 0.34873180155008227 off 0.3373809135945092 __DUMMY__ 0.3138872848554084	false	0.5
arschgeburt	off 1.0		off 0.3636267871742836 neg 0.33441758218950085 __DUMMY__ 0.30195563063621544	false	1.0
schubs	neg 1.0		neg 0.34814355560342075 off 0.3385873715843069 __DUMMY__ 0.3132690728122723	false	1.0
unsolide	neg 1.0		off 0.3465005300425267 neg 0.34120010617841534 __DUMMY__ 0.3122993637790581	false	0.5
beschwerde	neg 1.0		neg 0.3445023417449 off 0.34110021937482177 __DUMMY__ 0.3143974388802781	false	1.0
stocken	neg 1.0		neg 0.3455438056324423 off 0.33977724166269124 __DUMMY__ 0.3146789527048665	false	1.0
isolieren	neg 1.0		neg 0.3462338941253997 off 0.3402839539198414 __DUMMY__ 0.31348215195475904	false	1.0
unheilbar	neg 1.0		off 0.3434493702300887 neg 0.34293095189393097 __DUMMY__ 0.3136196778759804	false	0.5
pisser	off 1.0	off 1.0	off 0.6645503163354302 neg 0.1876863256109279 __DUMMY__ 0.147763358053642	false	1.0
löschen	neg 1.0		neg 0.34452515340035667 off 0.3430455481691312 __DUMMY__ 0.31242929843051204	false	1.0
durchfallen	neg 1.0		neg 0.3448063300347542 off 0.34055780007837916 __DUMMY__ 0.3146358698868666	false	1.0
wichser	off 1.0	off 1.0	off 0.6690141137985823 neg 0.18543820540006706 __DUMMY__ 0.14554768080135072	false	1.0
terror	neg 1.0		off 0.3463430498813774 neg 0.34208020590135146 __DUMMY__ 0.3115767442172712	false	0.5
krass	neg 1.0		off 0.3538885945492882 neg 0.338349644727594 __DUMMY__ 0.3077617607231177	false	0.5
revolte	neg 1.0		neg 0.3453470857827304 off 0.34527669867479677 __DUMMY__ 0.3093762155424727	false	1.0
besorgt	neg 1.0		neg 0.3424582737666829 off 0.3419251190089734 __DUMMY__ 0.3156166072243437	false	1.0
nachlassen	neg 1.0		neg 0.3440096342767707 off 0.3404530591939759 __DUMMY__ 0.3155373065292534	false	1.0
alt	neg 1.0		neg 0.35211140972577537 off 0.3364615260556643 __DUMMY__ 0.3114270642185604	false	1.0
hundesohn	off 1.0	off 1.0	off 0.6681923578681166 neg 0.18623185980425472 __DUMMY__ 0.14557578232762874	false	1.0
als			neg 0.3453503613961965 off 0.34062934041365855 __DUMMY__ 0.3140202981901448	false	0.0
abschreckung	neg 1.0		neg 0.34737815069358163 off 0.3375404257474509 __DUMMY__ 0.31508142355896757	false	1.0
unqualifiziert	neg 1.0		off 0.34785947803774747 neg 0.340859208996463 __DUMMY__ 0.31128131296578954	false	0.5
abgewichst	off 1.0		neg 0.34346922221420434 off 0.34280505486637375 __DUMMY__ 0.31372572291942186	false	0.5
schwer	neg 1.0		neg 0.34336044035666075 off 0.34267913500440605 __DUMMY__ 0.31396042463893314	false	1.0
bedeutungslosigkeit	neg 1.0		neg 0.3467273516348078 off 0.3382425520833606 __DUMMY__ 0.31503009628183165	false	1.0
kapitulation	neg 1.0		neg 0.34778866819327714 off 0.33911299562210867 __DUMMY__ 0.31309833618461413	false	1.0
unscharf	neg 1.0		neg 0.3464063327938508 off 0.34355469049784204 __DUMMY__ 0.31003897670830727	false	1.0
schwinden	neg 1.0		neg 0.3478067812581895 off 0.33782454035586046 __DUMMY__ 0.31436867838595006	false	1.0
versklavung	neg 1.0	neg 1.0	neg 0.6612378740322905 off 0.18981351232865198 __DUMMY__ 0.14894861363905743	false	1.0
schlecht	neg 1.0		off 0.34962425798591146 neg 0.33927294158339494 __DUMMY__ 0.31110280043069344	false	0.5
verhasst	neg 1.0		off 0.34413808873148516 neg 0.3439677898871379 __DUMMY__ 0.31189412138137695	false	0.5
beschweren	neg 1.0		off 0.3454523605617627 neg 0.3415749812373518 __DUMMY__ 0.31297265820088543	false	0.5
scheiden	neg 1.0		neg 0.3432602637990233 off 0.34324664986405906 __DUMMY__ 0.3134930863369176	false	1.0
frustriert	neg 1.0		neg 0.3440151375193078 off 0.34172747008425725 __DUMMY__ 0.314257392396435	false	1.0
schimmelig	neg 1.0		neg 0.3494783515261467 off 0.3380636916672209 __DUMMY__ 0.3124579568066323	false	1.0
fisch	neg 1.0		neg 0.3526552615824725 off 0.33411130472038075 __DUMMY__ 0.3132334336971467	false	1.0
schmuggel	neg 1.0		neg 0.3459622075430276 off 0.3373112442386912 __DUMMY__ 0.31672654821828106	false	1.0
auffallen	neg 1.0		off 0.3456208724234754 neg 0.3420290947930845 __DUMMY__ 0.3123500327834401	false	0.5
konkurrenz	neg 1.0		neg 0.34428473831467366 off 0.33901788268539373 __DUMMY__ 0.3166973789999328	false	1.0
teufelskreis	neg 1.0	neg 1.0	neg 0.6618190225119815 off 0.18844481249987213 __DUMMY__ 0.1497361649881463	false	1.0
aufschreien	neg 1.0		off 0.3454621111347128 neg 0.3434424285499947 __DUMMY__ 0.3110954603152925	false	0.5
schuldner	neg 1.0		neg 0.3502526210419578 off 0.3365415770324543 __DUMMY__ 0.3132058019255879	false	1.0
missgeburt	off 1.0	off 1.0	off 0.6678066834864594 neg 0.1855043169445943 __DUMMY__ 0.14668899956894627	false	1.0
arbeitslos	neg 1.0		neg 0.34577367220398086 off 0.34001087216093945 __DUMMY__ 0.3142154556350796	false	1.0
befallen	neg 1.0		neg 0.34993198919895613 off 0.33931731534165 __DUMMY__ 0.310750695459394	false	1.0
miesepetrig	off 1.0	off 1.0	off 0.6624447185589788 neg 0.18866063271416128 __DUMMY__ 0.14889464872686003	false	1.0
alarmieren	neg 1.0		off 0.34797469680910303 neg 0.34125683612546487 __DUMMY__ 0.3107684670654321	false	0.5
ungeduscht	off 1.0		off 0.34695860077035906 neg 0.3428334344813501 __DUMMY__ 0.3102079647482907	false	1.0
knappheit	neg 1.0		neg 0.34849238562108936 off 0.3391071530292157 __DUMMY__ 0.312400461349695	false	1.0
schlange	neg 1.0		off 0.34379861907760983 neg 0.3424853919142461 __DUMMY__ 0.313715989008144	false	0.5
harsch	neg 1.0		off 0.354349798044342 neg 0.336220557763701 __DUMMY__ 0.3094296441919569	false	0.5
lang	neg 1.0		off 0.34434319011060766 neg 0.3430634714517367 __DUMMY__ 0.31259333843765574	false	0.5
ziellos	neg 1.0		neg 0.3448436642939761 off 0.3392194199462577 __DUMMY__ 0.3159369157597662	false	1.0
selbstverliebt	neg 1.0		off 0.36183174370751475 neg 0.3333631544969863 __DUMMY__ 0.304805101795499	false	0.5
beseitigen	neg 1.0		off 0.3433298523115423 neg 0.34268498460019764 __DUMMY__ 0.31398516308826	false	0.5
dumm	off 1.0		off 0.35598015832448493 neg 0.33729210411994476 __DUMMY__ 0.3067277375555703	false	1.0
arbeitsloser	neg 1.0		off 0.3427248526460891 neg 0.34015689908308866 __DUMMY__ 0.31711824827082224	false	0.5
blitzen	neg 1.0		off 0.3466117309477381 neg 0.3427859480027808 __DUMMY__ 0.3106023210494812	false	0.5
hilflos	neg 1.0		neg 0.3456528904276371 off 0.34016187552543975 __DUMMY__ 0.31418523404692306	false	1.0
eklig	off 1.0		off 0.35564022591251065 neg 0.3388495149547559 __DUMMY__ 0.3055102591327335	false	1.0
begriff			neg 0.34325598880008096 off 0.34289236060145495 __DUMMY__ 0.31385165059846415	false	0.0
hungersnot	neg 1.0		neg 0.34783242720845176 off 0.3394391959645179 __DUMMY__ 0.3127283768270304	false	1.0
ungesetzlich	neg 1.0		off 0.3454393187579552 neg 0.34268367124834886 __DUMMY__ 0.3118770099936961	false	0.5
verschwendung	neg 1.0		neg 0.3469710338552872 off 0.3381073859613014 __DUMMY__ 0.31492158018341126	false	1.0
schmerzvoll	neg 1.0		off 0.34402891662558127 neg 0.34399907531488993 __DUMMY__ 0.3119720080595289	false	0.5
vorzeitig	neg 1.0		off 0.35004736909246825 neg 0.3375378232188876 __DUMMY__ 0.31241480768864416	false	0.5
unvollkommenheit	neg 1.0		neg 0.34497515420912883 off 0.3412055992716729 __DUMMY__ 0.31381924651919846	false	1.0
intervenieren	neg 1.0		neg 0.34911259430661695 off 0.33767070119153 __DUMMY__ 0.3132167045018531	false	1.0
banause	off 1.0		off 0.35621049620521966 neg 0.34027473703254774 __DUMMY__ 0.30351476676223255	false	1.0
rebell	neg 1.0		neg 0.35260752490250147 off 0.3326928602822331 __DUMMY__ 0.3146996148152654	false	1.0
unlogisch	neg 1.0		off 0.35115093379410744 neg 0.3403818939977619 __DUMMY__ 0.3084671722081306	false	0.5
leiden	neg 1.0		neg 0.34450046318690314 off 0.33831473163583026 __DUMMY__ 0.3171848051772665	false	1.0
abschaffung	neg 1.0		neg 0.34527179754909565 off 0.3432463859017687 __DUMMY__ 0.31148181654913576	false	1.0
sturz	neg 1.0		off 0.3467531914966668 neg 0.3391163857942712 __DUMMY__ 0.31413042270906205	false	0.5
verkleinerung	neg 1.0		neg 0.34602482320318123 off 0.3453532913504458 __DUMMY__ 0.3086218854463729	false	1.0
schmarotzer	off 1.0		neg 0.34502706024641067 off 0.34111289660601896 __DUMMY__ 0.3138600431475704	false	0.5
bestrafung	neg 1.0	neg 1.0	neg 0.6597799762438681 off 0.18995501435450426 __DUMMY__ 0.15026500940162768	false	1.0
achtlos	neg 1.0		neg 0.3430539399160749 off 0.3421967087314032 __DUMMY__ 0.31474935135252186	false	1.0
ungeheuer	neg 1.0		neg 0.3446138630244358 off 0.34295734059237715 __DUMMY__ 0.312428796383187	false	1.0
unaufrichtig	neg 1.0		off 0.3477670814066923 neg 0.34094774385867954 __DUMMY__ 0.3112851747346282	false	0.5
groggy	neg 1.0		off 0.346799131422412 neg 0.34114626667871933 __DUMMY__ 0.3120546018988688	false	0.5
verletzlich	neg 1.0		off 0.3470448112122224 neg 0.34424957594702826 __DUMMY__ 0.30870561284074927	false	0.5
