unsolidarisch	neg 1.0		neg 0.46963941301192436 off 0.46609989366814936 __DUMMY__ 0.06426069331992622	false	1.0
nachteilig	neg 1.0		neg 0.4702220235935443 off 0.4646404740342436 __DUMMY__ 0.06513750237221211	false	1.0
skeptisch	neg 1.0		neg 0.4726378780163565 off 0.462303348791455 __DUMMY__ 0.06505877319218838	false	1.0
schrecklich	neg 1.0		off 0.4747345632881367 neg 0.461621320672538 __DUMMY__ 0.06364411603932521	false	0.5
schlapp	neg 1.0	neg 1.0	neg 0.7179585638450359 off 0.2516741969739125 __DUMMY__ 0.03036723918105152	false	1.0
abfall	neg 1.0		neg 0.4730406008207175 off 0.46130525039891684 __DUMMY__ 0.06565414878036549	false	1.0
widerspenstig	neg 1.0		neg 0.47093512967088325 off 0.46465969315947253 __DUMMY__ 0.06440517716964413	false	1.0
abrupt	neg 1.0		neg 0.474789924434482 off 0.4603746439949913 __DUMMY__ 0.0648354315705267	false	1.0
unwirksam	neg 1.0		neg 0.4733398215554906 off 0.46285532556934944 __DUMMY__ 0.06380485287515995	false	1.0
angreifen	neg 1.0		neg 0.4728817350523293 off 0.46196863936487986 __DUMMY__ 0.06514962558279074	false	1.0
inkonsistent	neg 1.0		off 0.4680237078988509 neg 0.4678572727574418 __DUMMY__ 0.06411901934370724	false	0.5
abrutschen	neg 1.0		neg 0.47427066092672343 off 0.46017894057824704 __DUMMY__ 0.06555039849502968	false	1.0
unsicher	neg 1.0		neg 0.4680346046755326 off 0.46722342333612615 __DUMMY__ 0.06474197198834117	false	1.0
bauernkind	off 1.0	off 1.0	off 0.7222670762813592 neg 0.24804835349777837 __DUMMY__ 0.029684570220862423	false	1.0
angreifer	neg 1.0		off 0.47196257416266735 neg 0.4634885045627535 __DUMMY__ 0.0645489212745791	false	0.5
trennen	neg 1.0		neg 0.47217172930116297 off 0.46253223429672274 __DUMMY__ 0.06529603640211429	false	1.0
schmutz	neg 1.0		off 0.47357775918964523 neg 0.4614342228388951 __DUMMY__ 0.06498801797145957	false	0.5
inkonsistenz	neg 1.0		off 0.471474275362684 neg 0.46438330790104204 __DUMMY__ 0.06414241673627408	false	0.5
erschreckend	neg 1.0		neg 0.4693514522254377 off 0.46596634207776116 __DUMMY__ 0.06468220569680104	false	1.0
ertrinken	neg 1.0		neg 0.4748662745685823 off 0.46016824366314124 __DUMMY__ 0.0649654817682765	false	1.0
pickelface	off 1.0		neg 0.46887934988447155 off 0.4666512899964941 __DUMMY__ 0.06446936011903452	false	0.5
seiner			neg 0.47153179598621375 off 0.46321160998713257 __DUMMY__ 0.06525659402665374	false	0.0
lauch	neg 1.0	neg 1.0	neg 0.7239797627696967 off 0.2450265399803168 __DUMMY__ 0.03099369724998658	false	1.0
unwichtig	neg 1.0		off 0.47071177657065477 neg 0.4652479549732063 __DUMMY__ 0.06404026845613882	false	0.5
steuerhinterziehung	neg 1.0		neg 0.47059916821444603 off 0.4649292637427597 __DUMMY__ 0.06447156804279418	false	1.0
schock	neg 1.0		neg 0.46990672829832597 off 0.465290681947512 __DUMMY__ 0.06480258975416202	false	1.0
beule	neg 1.0		off 0.47258317120186444 neg 0.46368052230838624 __DUMMY__ 0.06373630648974926	false	0.5
vergelten	neg 1.0		off 0.47683340554661346 neg 0.45942184221168414 __DUMMY__ 0.06374475224170238	false	0.5
verdorbenheit	neg 1.0		neg 0.46845152318595457 off 0.4671571419919648 __DUMMY__ 0.06439133482208056	false	1.0
trauma	neg 1.0		neg 0.4685177970714491 off 0.46715457011289113 __DUMMY__ 0.06432763281565985	false	1.0
sinnlos	neg 1.0		off 0.4683361404822088 neg 0.46727484715383755 __DUMMY__ 0.06438901236395365	false	0.5
fettsack	off 1.0	off 1.0	off 0.7235204930675863 neg 0.24675575114772758 __DUMMY__ 0.029723755784686137	false	1.0
feige	off 1.0	off 1.0	off 0.7213755078028091 neg 0.24839581159768384 __DUMMY__ 0.03022868059950699	false	1.0
abdanken	neg 1.0		neg 0.4689833045101242 off 0.46635864077160366 __DUMMY__ 0.06465805471827214	false	1.0
wichtigtuer	off 1.0	off 1.0	off 0.7205879774947478 neg 0.24887681528665415 __DUMMY__ 0.030535207218598048	false	1.0
misslingen	neg 1.0	neg 1.0	neg 0.7168757376106537 off 0.25214014344150393 __DUMMY__ 0.0309841189478423	false	1.0
untreu	off 1.0		off 0.4718094570879253 neg 0.46427859159767965 __DUMMY__ 0.0639119513143951	false	1.0
missmutig	neg 1.0		off 0.46951909604976133 neg 0.46633242743520026 __DUMMY__ 0.0641484765150384	false	0.5
hurenbock	off 1.0		neg 0.4730871308188914 off 0.4630200407353821 __DUMMY__ 0.0638928284457265	false	0.5
betrunken	neg 1.0		off 0.47357982095879836 neg 0.46270260085827725 __DUMMY__ 0.06371757818292441	false	0.5
korrupt	off 1.0		neg 0.47152336355535635 off 0.46403312508718036 __DUMMY__ 0.0644435113574633	false	0.5
unmut	neg 1.0		neg 0.47402265353155043 off 0.4607305543259391 __DUMMY__ 0.06524679214251046	false	1.0
hackfresse	off 1.0		off 0.47874048302381617 neg 0.45810122741275144 __DUMMY__ 0.06315828956343242	false	1.0
aufblasen	neg 1.0		neg 0.46845037205827056 off 0.46698652460765294 __DUMMY__ 0.06456310333407654	false	1.0
gewaltsam	neg 1.0		neg 0.4691533153042511 off 0.46622302295061463 __DUMMY__ 0.06462366174513434	false	1.0
unbeliebtheit	neg 1.0		off 0.47209520259197 neg 0.46396853866900356 __DUMMY__ 0.06393625873902646	false	0.5
sturheit	neg 1.0		neg 0.4680677856083161 off 0.4670515156913221 __DUMMY__ 0.06488069870036194	false	1.0
kuh	neg 1.0		neg 0.4735230879553368 off 0.46325983415535193 __DUMMY__ 0.06321707788931114	false	1.0
erschrecken	neg 1.0		off 0.4706766786768621 neg 0.46507225041332473 __DUMMY__ 0.06425107090981319	false	0.5
opfer	neg 1.0		neg 0.4694339330565304 off 0.4653415785666972 __DUMMY__ 0.06522448837677226	false	1.0
sinken	neg 1.0		neg 0.47481575006844506 off 0.46017470423301693 __DUMMY__ 0.06500954569853822	false	1.0
stinktier	neg 1.0		off 0.47285481749862934 neg 0.4644015158837986 __DUMMY__ 0.06274366661757204	false	0.5
tucke	off 1.0		off 0.4772736154560557 neg 0.46034299983341886 __DUMMY__ 0.062383384710525396	false	1.0
ein			neg 0.47126425835914176 off 0.46432004019200374 __DUMMY__ 0.06441570144885456	false	0.0
abstieg	neg 1.0		off 0.46833777796246057 neg 0.4662668282805667 __DUMMY__ 0.06539539375697277	false	0.5
missverstehen	neg 1.0		off 0.46910064299283033 neg 0.4666117685238411 __DUMMY__ 0.06428758848332863	false	0.5
ergebnislos	neg 1.0		neg 0.46989597850538667 off 0.4648886050985361 __DUMMY__ 0.06521541639607736	false	1.0
unter			neg 0.4756949135346071 off 0.45813887114374974 __DUMMY__ 0.06616621532164324	false	0.0
manipulieren	neg 1.0		neg 0.4708149064592904 off 0.46395591483766657 __DUMMY__ 0.06522917870304297	false	1.0
unbewiesen	neg 1.0	neg 1.0	neg 0.7197318727172074 off 0.2496568035789749 __DUMMY__ 0.030611323703817694	false	1.0
verschleppen	neg 1.0		neg 0.4715330758462046 off 0.46369809592732597 __DUMMY__ 0.06476882822646951	false	1.0
weib	off 1.0		off 0.47900178447643105 neg 0.45833290468672033 __DUMMY__ 0.06266531083684865	false	1.0
opposition	neg 1.0		neg 0.4694142198246671 off 0.46645400856355557 __DUMMY__ 0.06413177161177733	false	1.0
verkehrswidrig	neg 1.0	neg 1.0	neg 0.7138901973620857 off 0.25576164623809683 __DUMMY__ 0.030348156399817496	false	1.0
inkorrekt	neg 1.0		off 0.47412434938782266 neg 0.4622889613486395 __DUMMY__ 0.06358668926353794	false	0.5
vermeiden	neg 1.0		neg 0.47459098736039296 off 0.45980167300240415 __DUMMY__ 0.06560733963720292	false	1.0
abweichung	neg 1.0	neg 1.0	neg 0.7195621291773809 off 0.24941336167474035 __DUMMY__ 0.031024509147878684	false	1.0
alkoholisiert	neg 1.0		neg 0.4699328991410143 off 0.46460121955157746 __DUMMY__ 0.06546588130740827	false	1.0
scheiss	off 1.0	off 1.0	off 0.7219775608877171 neg 0.24790637738271928 __DUMMY__ 0.030116061729563617	false	1.0
herausforderung	neg 1.0		neg 0.4695586801947823 off 0.46542840729412593 __DUMMY__ 0.06501291251109181	false	1.0
pervers	off 1.0		off 0.4817852303658906 neg 0.4556738022578938 __DUMMY__ 0.06254096737621559	false	1.0
wackelig	neg 1.0		neg 0.46960166350256216 off 0.465370473754801 __DUMMY__ 0.06502786274263687	false	1.0
verwickeln	neg 1.0		off 0.4680714551446086 neg 0.4675828473572872 __DUMMY__ 0.06434569749810426	false	0.5
vorwand	neg 1.0		neg 0.47346597628399995 off 0.46138455781728155 __DUMMY__ 0.06514946589871858	false	1.0
muschi	off 1.0		neg 0.4689447944429149 off 0.46636841987343636 __DUMMY__ 0.06468678568364869	false	0.5
entmutigung	neg 1.0		neg 0.46856729017164356 off 0.4673740324481816 __DUMMY__ 0.06405867738017482	false	1.0
unangemessen	neg 1.0		neg 0.46895462467861393 off 0.4662277548166826 __DUMMY__ 0.06481762050470355	false	1.0
unstetig	neg 1.0		off 0.4703988840939616 neg 0.46542970351510204 __DUMMY__ 0.06417141239093649	false	0.5
entmutigen	neg 1.0		neg 0.46778155579082104 off 0.46768868992528784 __DUMMY__ 0.06452975428389109	false	1.0
schwanz	neg 1.0		neg 0.4717363183789515 off 0.46353552926888253 __DUMMY__ 0.06472815235216588	false	1.0
verbot	neg 1.0		neg 0.4718114409138883 off 0.4637044602640298 __DUMMY__ 0.06448409882208185	false	1.0
leid	neg 1.0		off 0.47573923006175656 neg 0.46086715805725964 __DUMMY__ 0.06339361188098383	false	0.5
archaisch	neg 1.0		neg 0.470789645126881 off 0.464585105094305 __DUMMY__ 0.06462524977881415	false	1.0
gegen			neg 0.47167701354312025 off 0.4628471625239051 __DUMMY__ 0.0654758239329747	false	0.0
scheidung	neg 1.0		off 0.48892450654934533 neg 0.44817773313817016 __DUMMY__ 0.06289776031248444	false	0.5
einschlag	neg 1.0		off 0.47705506924479457 neg 0.45899832370806737 __DUMMY__ 0.06394660704713821	false	0.5
m			neg 0.4701466323712641 off 0.46499754287239864 __DUMMY__ 0.0648558247563372	false	0.0
abgestanden	neg 1.0		neg 0.4746414179651555 off 0.46164082269649764 __DUMMY__ 0.06371775933834684	false	1.0
schmierig	off 1.0		off 0.4755713875151733 neg 0.46098290227860406 __DUMMY__ 0.06344571020622257	false	1.0
unpraktisch	neg 1.0		off 0.4686383196243657 neg 0.4668005999595005 __DUMMY__ 0.06456108041613387	false	0.5
wixxer	off 1.0		off 0.4809533357112995 neg 0.456731843270078 __DUMMY__ 0.062314821018622533	false	1.0
bezeichnet			neg 0.4678758659195748 off 0.4674644040832023 __DUMMY__ 0.06465972999722298	false	0.0
jammerlappen	off 1.0		off 0.47138857520367966 neg 0.4645300248995478 __DUMMY__ 0.06408139989677253	false	1.0
farce	neg 1.0		neg 0.47058336099432263 off 0.4651080675994435 __DUMMY__ 0.06430857140623385	false	1.0
zwecklos	neg 1.0		neg 0.4708174784353687 off 0.4644166902885667 __DUMMY__ 0.06476583127606456	false	1.0
turbulent	neg 1.0		off 0.4728481794675884 neg 0.4634022685315061 __DUMMY__ 0.0637495520009056	false	0.5
invasion	neg 1.0		off 0.4690440648325037 neg 0.46663770422174156 __DUMMY__ 0.06431823094575473	false	0.5
schuld	neg 1.0		off 0.46779786593561423 neg 0.4677230119063339 __DUMMY__ 0.06447912215805181	false	0.5
risiko	neg 1.0		neg 0.46949443888196973 off 0.4664756886343544 __DUMMY__ 0.06402987248367585	false	1.0
finster	neg 1.0		neg 0.47088809320261904 off 0.4647733193528473 __DUMMY__ 0.06433858744453352	false	1.0
geisteskrank	off 1.0		off 0.4731980856816303 neg 0.46305297662420625 __DUMMY__ 0.06374893769416344	false	1.0
zusammenbrechen	neg 1.0		neg 0.4707607896496621 off 0.4645017856193439 __DUMMY__ 0.0647374247309939	false	1.0
ausbeute	neg 1.0		off 0.46779551752121334 neg 0.46715264938926193 __DUMMY__ 0.06505183308952464	false	0.5
hinterhalt	neg 1.0		neg 0.4708506306864887 off 0.464561210664349 __DUMMY__ 0.06458815864916226	false	1.0
kritik	neg 1.0		neg 0.47100827270226325 off 0.46468121935734846 __DUMMY__ 0.06431050794038817	false	1.0
einschrumpfen	neg 1.0		off 0.46907113550262336 neg 0.46728036195803935 __DUMMY__ 0.06364850253933726	false	0.5
riskant	neg 1.0		neg 0.47311390692535793 off 0.4619375535084472 __DUMMY__ 0.06494853956619483	false	1.0
frustrieren	neg 1.0		neg 0.47295698258693586 off 0.4622632266563985 __DUMMY__ 0.06477979075666568	false	1.0
groll	neg 1.0		neg 0.46933064478512726 off 0.4657413704577132 __DUMMY__ 0.06492798475715959	false	1.0
gibt			neg 0.4702057773701715 off 0.464886886852808 __DUMMY__ 0.06490733577702054	false	0.0
qualvoll	neg 1.0		off 0.46845476420348925 neg 0.4671913891218394 __DUMMY__ 0.06435384667467146	false	0.5
wackeln	neg 1.0		neg 0.46870939245965454 off 0.46663722230688975 __DUMMY__ 0.06465338523345575	false	1.0
klagen	neg 1.0		neg 0.473945222262146 off 0.4610213896275277 __DUMMY__ 0.06503338811032619	false	1.0
bankrott	neg 1.0		off 0.47175637837425266 neg 0.463975526464496 __DUMMY__ 0.06426809516125125	false	0.5
trauern	neg 1.0		neg 0.46876905955235815 off 0.4657027670851814 __DUMMY__ 0.06552817336246046	false	1.0
ablehnung	neg 1.0		neg 0.4710640176783023 off 0.46450169155646276 __DUMMY__ 0.06443429076523476	false	1.0
stur	neg 1.0		neg 0.4684652158845437 off 0.46716109053630245 __DUMMY__ 0.06437369357915378	false	1.0
aufruhr	neg 1.0	neg 1.0	neg 0.7203016972419695 off 0.24904871328016662 __DUMMY__ 0.030649589477863996	false	1.0
melancholie	neg 1.0		neg 0.47453471698949595 off 0.460674652184402 __DUMMY__ 0.06479063082610204	false	1.0
ist			off 0.46830932401171216 neg 0.46724807855339434 __DUMMY__ 0.06444259743489354	false	0.0
torheit	neg 1.0		off 0.4679086734288427 neg 0.46762370200167325 __DUMMY__ 0.06446762456948402	false	0.5
dreckskind	off 1.0		off 0.4789434802885362 neg 0.45815128702595437 __DUMMY__ 0.06290523268550949	false	1.0
umtauschen	neg 1.0		neg 0.4698283091291075 off 0.4656038057251323 __DUMMY__ 0.06456788514576034	false	1.0
zum			neg 0.4702541298247929 off 0.4635597402962559 __DUMMY__ 0.06618612987895116	false	0.0
zersetzen	neg 1.0		neg 0.4737101729451647 off 0.461403927154428 __DUMMY__ 0.06488589990040729	false	1.0
zur			neg 0.47408930222855394 off 0.4602607350232724 __DUMMY__ 0.06564996274817357	false	0.0
frust	neg 1.0		neg 0.4704368533548065 off 0.4647290408883503 __DUMMY__ 0.06483410575684319	false	1.0
unerbittlichkeit	neg 1.0		neg 0.4712821390225609 off 0.46366017035122775 __DUMMY__ 0.06505769062621136	false	1.0
zwei			neg 0.4740359386685956 off 0.4602129079052001 __DUMMY__ 0.06575115342620422	false	0.0
unkorrekt	neg 1.0		off 0.47255784199192724 neg 0.46381814239599173 __DUMMY__ 0.06362401561208111	false	0.5
hexe	off 1.0		off 0.4686481041407453 neg 0.4676682438444508 __DUMMY__ 0.06368365201480379	false	1.0
lasch	neg 1.0		off 0.47068467830655947 neg 0.4651344966643606 __DUMMY__ 0.06418082502907994	false	0.5
rivale	neg 1.0		off 0.4748256166748732 neg 0.46152821780487163 __DUMMY__ 0.0636461655202553	false	0.5
mutlos	off 1.0	off 1.0	off 0.7177543439862814 neg 0.2514373416549995 __DUMMY__ 0.0308083143587192	false	1.0
wirr	off 1.0		off 0.47493999172036655 neg 0.46154767058410245 __DUMMY__ 0.06351233769553098	false	1.0
jahr			neg 0.4679916681710986 off 0.46632156836060096 __DUMMY__ 0.06568676346830046	false	0.0
wird			neg 0.47054800092583665 off 0.4644756059312791 __DUMMY__ 0.06497639314288423	false	0.0
strafbar	neg 1.0		neg 0.4715622281104096 off 0.46340105476592636 __DUMMY__ 0.06503671712366392	false	1.0
erosion	neg 1.0		neg 0.46857877092124894 off 0.4668492888140277 __DUMMY__ 0.06457194026472342	false	1.0
eingehen	neg 1.0		neg 0.47281245020595963 off 0.4623534279366339 __DUMMY__ 0.06483412185740645	false	1.0
faul	off 1.0		off 0.47035580567753416 neg 0.4655393403003614 __DUMMY__ 0.0641048540221045	false	1.0
provisorium	neg 1.0		neg 0.47524068994280333 off 0.458547727711629 __DUMMY__ 0.06621158234556768	false	1.0
schmerzen	neg 1.0		neg 0.47071956844196133 off 0.4647195707115752 __DUMMY__ 0.0645608608464633	false	1.0
schrumpfen	neg 1.0		neg 0.47702962567362295 off 0.4577539947467658 __DUMMY__ 0.0652163795796112	false	1.0
geistlos	off 1.0		off 0.46800083225271244 neg 0.46796005859202816 __DUMMY__ 0.06403910915525947	false	1.0
fehlkauf	neg 1.0		neg 0.46813411979456343 off 0.46775840203019775 __DUMMY__ 0.06410747817523879	false	1.0
frustrierend	neg 1.0		off 0.47013281603793805 neg 0.4656786672988108 __DUMMY__ 0.06418851666325114	false	0.5
unzufrieden	neg 1.0		neg 0.470780454290387 off 0.4644004597472009 __DUMMY__ 0.06481908596241198	false	1.0
verzweifeln	neg 1.0		neg 0.4690849629574123 off 0.4661373635582728 __DUMMY__ 0.06477767348431478	false	1.0
verzweifelt	neg 1.0		off 0.46780790068299594 neg 0.4677308229239874 __DUMMY__ 0.06446127639301676	false	0.5
misstrauensantrag	neg 1.0		off 0.468296932666222 neg 0.4673932739824195 __DUMMY__ 0.06430979335135852	false	0.5
abfallen	neg 1.0		neg 0.4691774043937683 off 0.4663243516941587 __DUMMY__ 0.06449824391207301	false	1.0
fucker	off 1.0		off 0.4747327130059734 neg 0.46146612238381085 __DUMMY__ 0.06380116461021575	false	1.0
ungezogen	neg 1.0		off 0.4801912840930321 neg 0.45695798117549163 __DUMMY__ 0.06285073473147643	false	0.5
irrsinnig	neg 1.0	neg 1.0	neg 0.7201325853690489 off 0.2492941074655679 __DUMMY__ 0.03057330716538319	false	1.0
unfassbar	neg 1.0		off 0.4723828413375132 neg 0.46360022201227163 __DUMMY__ 0.0640169366502152	false	0.5
hart	neg 1.0		neg 0.46837760505050047 off 0.4683541153620072 __DUMMY__ 0.06326827958749218	false	1.0
widerlich	off 1.0		off 0.4722920023338448 neg 0.46385520639953903 __DUMMY__ 0.0638527912666162	false	1.0
fatal	neg 1.0	neg 1.0	neg 0.7206729259690959 off 0.2490387191979281 __DUMMY__ 0.03028835483297593	false	1.0
bruch	neg 1.0		neg 0.4721492816713781 off 0.462292227282832 __DUMMY__ 0.06555849104578994	false	1.0
aushungern	neg 1.0		neg 0.4718558657184734 off 0.46370366538136315 __DUMMY__ 0.06444046890016347	false	1.0
anspannung	neg 1.0		neg 0.472906930158169 off 0.46120517611909656 __DUMMY__ 0.06588789372273451	false	1.0
von			neg 0.4724056923100323 off 0.462362182337746 __DUMMY__ 0.06523212535222173	false	0.0
kraftlos	neg 1.0		neg 0.4707140844932055 off 0.4643669103105596 __DUMMY__ 0.06491900519623496	false	1.0
vom			neg 0.4730119100344033 off 0.46056819314934005 __DUMMY__ 0.06641989681625658	false	0.0
grenzdebil	off 1.0		off 0.47177155413355115 neg 0.4644001346168574 __DUMMY__ 0.06382831124959143	false	1.0
vor			neg 0.4733203869461259 off 0.4613236698860447 __DUMMY__ 0.06535594316782942	false	0.0
unterwerfen	neg 1.0		neg 0.4710905692362289 off 0.46393703054250146 __DUMMY__ 0.06497240022126964	false	1.0
versenkung	neg 1.0		neg 0.47127931484882324 off 0.46364801599599126 __DUMMY__ 0.06507266915518567	false	1.0
entziehen	neg 1.0		neg 0.4735267977851808 off 0.46130966994535433 __DUMMY__ 0.06516353226946489	false	1.0
finanzkrise	neg 1.0		neg 0.47471470286298156 off 0.4614789349985247 __DUMMY__ 0.06380636213849378	false	1.0
schimpfend	neg 1.0		off 0.468371995436989 neg 0.4669604723483318 __DUMMY__ 0.06466753221467918	false	0.5
profan	neg 1.0		off 0.46859383631637236 neg 0.4671030368396813 __DUMMY__ 0.06430312684394641	false	0.5
korruption	neg 1.0		neg 0.4721825388259342 off 0.4633156749637964 __DUMMY__ 0.06450178621026936	false	1.0
â			neg 0.4714289470505046 off 0.4637634560136604 __DUMMY__ 0.06480759693583507	false	0.0
schmutzig	neg 1.0		off 0.4724363481234975 neg 0.46366466443573323 __DUMMY__ 0.06389898744076931	false	0.5
sexy	neg 1.0		off 0.47066567354394334 neg 0.4650587252234829 __DUMMY__ 0.06427560123257374	false	0.5
abraten	neg 1.0		off 0.4688321656757146 neg 0.466707336705514 __DUMMY__ 0.06446049761877132	false	0.5
schwarz	neg 1.0		off 0.4686864415069452 neg 0.4669596321924054 __DUMMY__ 0.06435392630064955	false	0.5
fotze	off 1.0	off 1.0	off 0.7180748157569155 neg 0.25116364331770474 __DUMMY__ 0.03076154092537981	false	1.0
verwirren	neg 1.0		off 0.46922729341416336 neg 0.46642450192919443 __DUMMY__ 0.06434820465664216	false	0.5
zahnlos	off 1.0		neg 0.4700344395061572 off 0.4652451684774985 __DUMMY__ 0.06472039201634439	false	0.5
verheeren	neg 1.0		off 0.4822160735684456 neg 0.4549131657587065 __DUMMY__ 0.06287076067284796	false	0.5
hippie	neg 1.0		off 0.4698629026918346 neg 0.46590970736471665 __DUMMY__ 0.06422738994344873	false	0.5
rammen	neg 1.0		neg 0.4683079899881608 off 0.46718707548613064 __DUMMY__ 0.06450493452570867	false	1.0
unlauter	neg 1.0		neg 0.4682569794629508 off 0.46755580245409817 __DUMMY__ 0.06418721808295104	false	1.0
unheilvoll	neg 1.0		neg 0.468554890474377 off 0.4670973890646236 __DUMMY__ 0.06434772046099932	false	1.0
niedrig	neg 1.0		neg 0.47316261063698994 off 0.46224694817499806 __DUMMY__ 0.06459044118801205	false	1.0
explosion	neg 1.0		off 0.4700263859391868 neg 0.4656992294684734 __DUMMY__ 0.06427438459233972	false	0.5
weichei	off 1.0	off 1.0	off 0.7239151915796773 neg 0.2462021913530925 __DUMMY__ 0.02988261706723024	false	1.0
minusmensch	off 1.0		off 0.4810023730874947 neg 0.45626877600701266 __DUMMY__ 0.06272885090549256	false	1.0
farblos	neg 1.0		neg 0.4695889866997298 off 0.46620615979323693 __DUMMY__ 0.06420485350703316	false	1.0
unwissend	neg 1.0	neg 1.0	neg 0.7187520112014865 off 0.25094347656918964 __DUMMY__ 0.030304512229323843	false	1.0
traurig	neg 1.0		off 0.474304144178868 neg 0.46201558496506523 __DUMMY__ 0.06368027085606673	false	0.5
senkung	neg 1.0		neg 0.4699869687376093 off 0.4662633795592084 __DUMMY__ 0.06374965170318231	false	1.0
ungleich	neg 1.0	neg 1.0	neg 0.7216490354936861 off 0.24750699629585216 __DUMMY__ 0.030843968210461762	false	1.0
heikel	neg 1.0		neg 0.4722183010642582 off 0.462752644348538 __DUMMY__ 0.06502905458720377	false	1.0
drosselung	neg 1.0		off 0.46927372088534375 neg 0.4673705765070471 __DUMMY__ 0.06335570260760919	false	0.5
falsch	neg 1.0		off 0.4707293044229374 neg 0.4650403864268297 __DUMMY__ 0.0642303091502329	false	0.5
unzufriedenheit	neg 1.0		neg 0.47404214014829493 off 0.46112655712373757 __DUMMY__ 0.06483130272796761	false	1.0
kurz	neg 1.0		neg 0.46919798192157103 off 0.46580796238344163 __DUMMY__ 0.0649940556949874	false	1.0
unsinnig	neg 1.0		neg 0.471026332020226 off 0.46450991508317907 __DUMMY__ 0.0644637528965949	false	1.0
penner	off 1.0	off 1.0	off 0.7251642165839849 neg 0.2449877758021505 __DUMMY__ 0.029848007613864698	false	1.0
seicht	neg 1.0		off 0.47767029305816894 neg 0.4596874788320011 __DUMMY__ 0.06264222810983006	false	0.5
dummheit	off 1.0	off 1.0	off 0.71991655224719 neg 0.24968853922790313 __DUMMY__ 0.030394908524906908	false	1.0
unerfreulich	neg 1.0		neg 0.4722086353275708 off 0.4626977124175783 __DUMMY__ 0.06509365225485092	false	1.0
motherfucker	off 1.0	off 1.0	off 0.7228669972452996 neg 0.2469130085944025 __DUMMY__ 0.030219994160297928	false	1.0
pikiert	neg 1.0	neg 1.0	neg 0.7185896466277348 off 0.25113919546208135 __DUMMY__ 0.030271157910183887	false	1.0
wrack	neg 1.0		off 0.469460988526982 neg 0.4650183015213717 __DUMMY__ 0.06552070995164631	false	0.5
gangster	neg 1.0		off 0.4699799085820777 neg 0.46582872193871616 __DUMMY__ 0.0641913694792061	false	0.5
krank	neg 1.0	neg 1.0	neg 0.7171209769040688 off 0.25250902082439863 __DUMMY__ 0.03037000227153255	false	1.0
reich	neg 1.0		off 0.4684902585358182 neg 0.4677456668809995 __DUMMY__ 0.06376407458318231	false	0.5
gnadenlos	neg 1.0		off 0.4681877572041008 neg 0.4672050376508641 __DUMMY__ 0.06460720514503512	false	0.5
niedergeschlagen	neg 1.0		neg 0.46984337012941574 off 0.4651721373328164 __DUMMY__ 0.06498449253776789	false	1.0
terrorisieren	off 1.0	off 1.0	off 0.7174103063377182 neg 0.251681343614323 __DUMMY__ 0.030908350047958735	false	1.0
sinnlosigkeit	neg 1.0		neg 0.4701038756146742 off 0.46509248422389105 __DUMMY__ 0.06480364016143471	false	1.0
behindern	neg 1.0		neg 0.4699529477527054 off 0.46558053296730106 __DUMMY__ 0.06446651927999354	false	1.0
undemokratisch	neg 1.0		off 0.4680689901469018 neg 0.46770986487298066 __DUMMY__ 0.06422114498011743	false	0.5
wirtschaftskrise	neg 1.0		neg 0.47427061091198397 off 0.46144430690921845 __DUMMY__ 0.06428508217879757	false	1.0
neid	neg 1.0		off 0.4696513576136576 neg 0.46613177953503065 __DUMMY__ 0.06421686285131185	false	0.5
rutschen	neg 1.0		neg 0.4745753898187561 off 0.4596961032353056 __DUMMY__ 0.06572850694593843	false	1.0
rezession	neg 1.0		off 0.4709998938125167 neg 0.4659614311786708 __DUMMY__ 0.06303867500881252	false	0.5
fehlgeburt	neg 1.0		off 0.4685668243255562 neg 0.46665270908510137 __DUMMY__ 0.06478046658934256	false	0.5
charakterschwach	off 1.0		off 0.4715506092068881 neg 0.46460098660522353 __DUMMY__ 0.06384840418788831	false	1.0
isolation	neg 1.0		off 0.47116505324091024 neg 0.46451757199677074 __DUMMY__ 0.06431737476231897	false	0.5
ablenkung	neg 1.0		neg 0.46785487438327555 off 0.4673560604194759 __DUMMY__ 0.06478906519724854	false	1.0
pech	neg 1.0		off 0.470750093262898 neg 0.4650994388052961 __DUMMY__ 0.06415046793180607	false	0.5
vermeidung	neg 1.0		off 0.47142171476188616 neg 0.46482764801035614 __DUMMY__ 0.06375063722775766	false	0.5
dominieren	neg 1.0		neg 0.46877825198232487 off 0.466327795326162 __DUMMY__ 0.06489395269151313	false	1.0
schwindlig	neg 1.0		off 0.46791367479891055 neg 0.4678078698029874 __DUMMY__ 0.06427845539810209	false	0.5
lutscher	neg 1.0	neg 1.0	neg 0.7146110124110289 off 0.25584854487528674 __DUMMY__ 0.02954044271368437	false	1.0
pflicht	neg 1.0		neg 0.47200292259502274 off 0.4626524755063544 __DUMMY__ 0.06534460189862282	false	1.0
faschist	off 1.0		off 0.47021034632781034 neg 0.4655922299187929 __DUMMY__ 0.0641974237533967	false	1.0
verschleudern	neg 1.0		neg 0.4750458660528223 off 0.4605089917348317 __DUMMY__ 0.06444514221234604	false	1.0
wenn			off 0.4710233805377439 neg 0.464879449013598 __DUMMY__ 0.06409717044865802	false	0.0
ehebruch	neg 1.0		neg 0.4711340488096927 off 0.4640157644691845 __DUMMY__ 0.06485018672112285	false	1.0
spott	off 1.0		neg 0.470188681138042 off 0.4647951903670512 __DUMMY__ 0.06501612849490672	false	0.5
trostlosigkeit	neg 1.0		neg 0.4753364504065816 off 0.45977204077441935 __DUMMY__ 0.06489150881899909	false	1.0
lutschen	neg 1.0		off 0.4699478501830668 neg 0.4660124792172067 __DUMMY__ 0.06403967059972655	false	0.5
undiszipliniert	neg 1.0		off 0.4739628022956771 neg 0.4622533565363418 __DUMMY__ 0.06378384116798098	false	0.5
kopfschmerz	neg 1.0		neg 0.4736743177802592 off 0.46175758583111287 __DUMMY__ 0.06456809638862794	false	1.0
unvorhergesehen	neg 1.0		neg 0.4722303629655882 off 0.4625124057624902 __DUMMY__ 0.0652572312719217	false	1.0
desinteressiert	neg 1.0		off 0.4728288314574319 neg 0.4634085099854151 __DUMMY__ 0.06376265855715302	false	0.5
armselig	off 1.0		off 0.47523848514014055 neg 0.4611510710753952 __DUMMY__ 0.0636104437844643	false	1.0
desaster	neg 1.0		neg 0.4745865973595663 off 0.4603070646405856 __DUMMY__ 0.06510633799984825	false	1.0
tod	neg 1.0		neg 0.47052639804186397 off 0.46437759976210286 __DUMMY__ 0.06509600219603315	false	1.0
herzlos	neg 1.0		off 0.47451449826253117 neg 0.4618659739637069 __DUMMY__ 0.0636195277737619	false	0.5
unwissenheit	neg 1.0		neg 0.47099764799017646 off 0.4642537044288726 __DUMMY__ 0.06474864758095093	false	1.0
widersinnig	neg 1.0		neg 0.471445904046473 off 0.46417535478830363 __DUMMY__ 0.06437874116522338	false	1.0
bedenklich	neg 1.0		neg 0.47218506168752783 off 0.46305125479557313 __DUMMY__ 0.06476368351689907	false	1.0
beanstanden	neg 1.0		neg 0.4712723424652501 off 0.4634146148448616 __DUMMY__ 0.06531304268988812	false	1.0
panisch	neg 1.0		off 0.4694611194143109 neg 0.4659630315020227 __DUMMY__ 0.06457584908366633	false	0.5
debil	off 1.0		neg 0.47776703246377816 off 0.45652297141999154 __DUMMY__ 0.06570999611623032	false	0.5
abstrich	neg 1.0		neg 0.4721781768078821 off 0.463426229302832 __DUMMY__ 0.06439559388928587	false	1.0
primitiv	neg 1.0		off 0.4733892150110961 neg 0.46278720278310786 __DUMMY__ 0.06382358220579594	false	0.5
abschaum	off 1.0	off 1.0	off 0.7223405806609192 neg 0.2472320113366138 __DUMMY__ 0.03042740800246695	false	1.0
provozieren	neg 1.0		neg 0.46843889982178927 off 0.46713208230711156 __DUMMY__ 0.0644290178710992	false	1.0
tot	neg 1.0		neg 0.47197134728269363 off 0.463466162023425 __DUMMY__ 0.06456249069388137	false	1.0
instabil	neg 1.0		off 0.47524876109704556 neg 0.4612406167115063 __DUMMY__ 0.06351062219144812	false	0.5
schwuchtel	off 1.0	off 1.0	off 0.7281081385372704 neg 0.24253820734659404 __DUMMY__ 0.02935365411613556	false	1.0
zerren	neg 1.0		neg 0.4697089268100747 off 0.46527452618454523 __DUMMY__ 0.06501654700538012	false	1.0
kinderficker	off 1.0		off 0.4769954180999864 neg 0.4596961041718675 __DUMMY__ 0.06330847772814607	false	1.0
gefahr	neg 1.0		neg 0.47234442532649334 off 0.4624502737189057 __DUMMY__ 0.06520530095460103	false	1.0
rabiat	neg 1.0		neg 0.47041670229188487 off 0.4650516022728424 __DUMMY__ 0.0645316954352727	false	1.0
verlangsamung	neg 1.0		off 0.47822640696435403 neg 0.4587069990884457 __DUMMY__ 0.06306659394720031	false	0.5
ausgestorben	neg 1.0		neg 0.46931400951541075 off 0.4659142094116714 __DUMMY__ 0.06477178107291791	false	1.0
anklagen	neg 1.0		neg 0.4700747470816112 off 0.46520377516657985 __DUMMY__ 0.06472147775180882	false	1.0
trott	neg 1.0		neg 0.468859876997734 off 0.46656109019001873 __DUMMY__ 0.06457903281224728	false	1.0
verminderung	neg 1.0		off 0.4719218166850399 neg 0.4642680738868322 __DUMMY__ 0.0638101094281279	false	0.5
nach			neg 0.4744261601981103 off 0.4595610665049585 __DUMMY__ 0.06601277329693127	false	0.0
rost	neg 1.0		off 0.4819112172682566 neg 0.45474329164234034 __DUMMY__ 0.06334549108940321	false	0.5
destruktiv	neg 1.0		neg 0.4693880558482696 off 0.46609259750567583 __DUMMY__ 0.06451934664605459	false	1.0
unzumutbarkeit	neg 1.0		off 0.47240116548368033 neg 0.463681500340349 __DUMMY__ 0.06391733417597081	false	0.5
labil	off 1.0	off 1.0	off 0.7212183673353505 neg 0.24843991705003354 __DUMMY__ 0.03034171561461596	false	1.0
ziemlich	neg 1.0		off 0.4724947118398256 neg 0.4634020212948558 __DUMMY__ 0.06410326686531855	false	0.5
lachnummer	off 1.0		off 0.467858071415592 neg 0.46747490539562675 __DUMMY__ 0.06466702318878122	false	1.0
oder			off 0.46817286058672225 neg 0.46710625017664537 __DUMMY__ 0.06472088923663231	false	0.0
verfall	neg 1.0		neg 0.4772600644520182 off 0.457581024290985 __DUMMY__ 0.06515891125699677	false	1.0
ausgrenzung	neg 1.0		neg 0.4680958963887203 off 0.46772272973857265 __DUMMY__ 0.06418137387270702	false	1.0
unordnung	neg 1.0		off 0.4747710847229158 neg 0.46188453379976396 __DUMMY__ 0.06334438147732017	false	0.5
fehlverhalten	neg 1.0		neg 0.47172046219441177 off 0.46325984241134727 __DUMMY__ 0.06501969539424103	false	1.0
eine			neg 0.4734019461146575 off 0.46137660964682436 __DUMMY__ 0.0652214442385182	false	0.0
nille	neg 1.0		neg 0.46853353933110337 off 0.46690791632032025 __DUMMY__ 0.06455854434857634	false	1.0
qual	neg 1.0		neg 0.46948001701725145 off 0.4659568297924281 __DUMMY__ 0.06456315319032031	false	1.0
verschwenden	neg 1.0		neg 0.4736123600621694 off 0.46158328826501 __DUMMY__ 0.06480435167282057	false	1.0
riesig	neg 1.0		neg 0.47130832244265847 off 0.46367750283190173 __DUMMY__ 0.0650141747254399	false	1.0
verurteilen	neg 1.0		neg 0.4706278461554259 off 0.4646636163185663 __DUMMY__ 0.06470853752600786	false	1.0
klischee	neg 1.0	neg 1.0	neg 0.7190736194790335 off 0.25055722914889306 __DUMMY__ 0.030369151372073522	false	1.0
diktatorisch	neg 1.0		neg 0.46822786655942866 off 0.46764163233318085 __DUMMY__ 0.06413050110739048	false	1.0
vorhersehbar	neg 1.0		off 0.4684889245946949 neg 0.46741634741331517 __DUMMY__ 0.06409472799199005	false	0.5
sowie			off 0.4746064506542332 neg 0.4623168403391397 __DUMMY__ 0.0630767090066271	false	0.0
stornieren	neg 1.0		off 0.4725211444314779 neg 0.4626544947179389 __DUMMY__ 0.06482436085058317	false	0.5
besteuerung	neg 1.0	neg 1.0	neg 0.7222987904819343 off 0.24744840054597614 __DUMMY__ 0.03025280897208953	false	1.0
ungeschminkt	neg 1.0		off 0.4727567259544935 neg 0.463555031033704 __DUMMY__ 0.06368824301180252	false	0.5
kritisch	neg 1.0		neg 0.47039241755241706 off 0.4647662652687493 __DUMMY__ 0.06484131717883371	false	1.0
schlamperei	off 1.0		neg 0.4722182379798832 off 0.462922621674347 __DUMMY__ 0.06485914034576963	false	0.5
sucht	neg 1.0	neg 1.0	neg 0.7190577568410658 off 0.250270438401656 __DUMMY__ 0.030671804757278192	false	1.0
egoistisch	off 1.0	off 1.0	off 0.7246759854299778 neg 0.24527853938491306 __DUMMY__ 0.03004547518510912	false	1.0
ausbeuter	off 1.0		neg 0.4741403009718451 off 0.46113386593152594 __DUMMY__ 0.06472583309662888	false	0.5
arschgeburt	off 1.0		off 0.4835949518173311 neg 0.45424467230667603 __DUMMY__ 0.06216037587599301	false	1.0
schubs	neg 1.0		neg 0.4731817454853035 off 0.4622376046418828 __DUMMY__ 0.0645806498728138	false	1.0
unsolide	neg 1.0		off 0.46997269216229076 neg 0.4656521260979516 __DUMMY__ 0.06437518173975776	false	0.5
beschwerde	neg 1.0		neg 0.4699615583872139 off 0.46520925789264606 __DUMMY__ 0.06482918372013997	false	1.0
stocken	neg 1.0		neg 0.47115904953592597 off 0.4639513956525015 __DUMMY__ 0.06488955481157253	false	1.0
isolieren	neg 1.0		neg 0.47137937715753014 off 0.46398937774852433 __DUMMY__ 0.06463124509394541	false	1.0
unheilbar	neg 1.0		neg 0.46798953807545973 off 0.4673466779500435 __DUMMY__ 0.06466378397449683	false	1.0
pisser	off 1.0	off 1.0	off 0.7231004344748168 neg 0.2467654251562122 __DUMMY__ 0.030134140368971028	false	1.0
löschen	neg 1.0		neg 0.46911588977714475 off 0.466471659502074 __DUMMY__ 0.06441245072078121	false	1.0
durchfallen	neg 1.0		neg 0.4703482556100552 off 0.4647665052436475 __DUMMY__ 0.06488523914629729	false	1.0
wichser	off 1.0	off 1.0	off 0.7267164113385416 neg 0.2436069141032156 __DUMMY__ 0.029676674558242754	false	1.0
terror	neg 1.0		off 0.4695813157633764 neg 0.46619375027721616 __DUMMY__ 0.06422493395940741	false	0.5
krass	neg 1.0		off 0.4758983432498717 neg 0.46069993809485543 __DUMMY__ 0.06340171865527287	false	0.5
revolte	neg 1.0		neg 0.46873675668649695 off 0.46750973643745436 __DUMMY__ 0.06375350687604879	false	1.0
besorgt	neg 1.0		neg 0.4683130919629293 off 0.466595712399591 __DUMMY__ 0.06509119563747973	false	1.0
nachlassen	neg 1.0		neg 0.46988574515931236 off 0.4650440180856094 __DUMMY__ 0.06507023675507817	false	1.0
alt	neg 1.0		neg 0.4765373966529713 off 0.45927821452978457 __DUMMY__ 0.06418438881724423	false	1.0
hundesohn	off 1.0	off 1.0	off 0.7258799182542931 neg 0.24443737415300615 __DUMMY__ 0.02968270759270079	false	1.0
als			neg 0.4706457004439932 off 0.46460175241687734 __DUMMY__ 0.06475254713912938	false	0.0
abschreckung	neg 1.0		neg 0.47324202721389247 off 0.4617772353247735 __DUMMY__ 0.06498073746133395	false	1.0
unqualifiziert	neg 1.0		off 0.47098827619913225 neg 0.46484722716206384 __DUMMY__ 0.06416449663880396	false	0.5
abgewichst	off 1.0		neg 0.46856354655027604 off 0.466748283755251 __DUMMY__ 0.06468816969447297	false	0.5
schwer	neg 1.0		neg 0.4685490016634645 off 0.46670970287532987 __DUMMY__ 0.0647412954612057	false	1.0
bedeutungslosigkeit	neg 1.0		neg 0.4725332056484397 off 0.46249530152649193 __DUMMY__ 0.06497149282506831	false	1.0
kapitulation	neg 1.0		neg 0.47283883419477113 off 0.4626067921624418 __DUMMY__ 0.0645543736427871	false	1.0
unscharf	neg 1.0		neg 0.47000798615796996 off 0.46610531877427536 __DUMMY__ 0.06388669506775459	false	1.0
schwinden	neg 1.0		neg 0.47338644721000667 off 0.4617894676020838 __DUMMY__ 0.06482408518790947	false	1.0
versklavung	neg 1.0	neg 1.0	neg 0.7208381623622854 off 0.24877949824713833 __DUMMY__ 0.03038233939057636	false	1.0
schlecht	neg 1.0		off 0.4727798659558959 neg 0.46309478644363 __DUMMY__ 0.0641253476004741	false	0.5
verhasst	neg 1.0		neg 0.46832675016550324 off 0.4673746362957639 __DUMMY__ 0.06429861353873281	false	1.0
beschweren	neg 1.0		off 0.4691920099749687 neg 0.46627922661786325 __DUMMY__ 0.06452876340716816	false	0.5
scheiden	neg 1.0		neg 0.4682310482915296 off 0.4671439985070107 __DUMMY__ 0.06462495320145975	false	1.0
frustriert	neg 1.0		neg 0.46936255224098344 off 0.46583170209729313 __DUMMY__ 0.06480574566172352	false	1.0
schimmelig	neg 1.0		neg 0.4742225124545117 off 0.461374177973982 __DUMMY__ 0.06440330957150639	false	1.0
fisch	neg 1.0		neg 0.4778523712759203 off 0.45758200939843713 __DUMMY__ 0.06456561932564263	false	1.0
schmuggel	neg 1.0		neg 0.47244137325249586 off 0.46223604989087436 __DUMMY__ 0.06532257685662986	false	1.0
auffallen	neg 1.0		off 0.46912034737887215 neg 0.46648548107881505 __DUMMY__ 0.06439417154231274	false	0.5
konkurrenz	neg 1.0		neg 0.4707040578979474 off 0.4639718631927982 __DUMMY__ 0.06532407890925442	false	1.0
teufelskreis	neg 1.0	neg 1.0	neg 0.7217268036097085 off 0.2477258720254592 __DUMMY__ 0.03054732436483231	false	1.0
aufschreien	neg 1.0		off 0.4684401204045119 neg 0.46743288889423856 __DUMMY__ 0.06412699070124965	false	0.5
schuldner	neg 1.0		neg 0.47543499572204223 off 0.45998979172482723 __DUMMY__ 0.06457521255313044	false	1.0
missgeburt	off 1.0	off 1.0	off 0.7259503305707025 neg 0.24413883553328505 __DUMMY__ 0.02991083389601264	false	1.0
arbeitslos	neg 1.0		neg 0.4711820851247788 off 0.46402048365627446 __DUMMY__ 0.0647974312189466	false	1.0
befallen	neg 1.0		neg 0.47407311292746523 off 0.46188212878779444 __DUMMY__ 0.06404475828474031	false	1.0
miesepetrig	off 1.0	off 1.0	off 0.7214507829769566 neg 0.2481808405809889 __DUMMY__ 0.03036837644205436	false	1.0
alarmieren	neg 1.0		off 0.47088040014277205 neg 0.46507028502736913 __DUMMY__ 0.0640493148298587	false	0.5
ungeduscht	off 1.0		off 0.46970818246092017 neg 0.4663671510845548 __DUMMY__ 0.06392466645452517	false	1.0
knappheit	neg 1.0		neg 0.47326517323280093 off 0.46233516397839675 __DUMMY__ 0.0643996627888024	false	1.0
schlange	neg 1.0		off 0.46779808925670585 neg 0.467518012304521 __DUMMY__ 0.06468389843877322	false	0.5
harsch	neg 1.0		off 0.47702355756622566 neg 0.459218091168876 __DUMMY__ 0.06375835126489834	false	0.5
lang	neg 1.0		off 0.46788891433248114 neg 0.4676628266134425 __DUMMY__ 0.06444825905407629	false	0.5
ziellos	neg 1.0		neg 0.4709229863367663 off 0.46391419932890615 __DUMMY__ 0.06516281433432765	false	1.0
selbstverliebt	neg 1.0		off 0.48291507520027804 neg 0.4543135592361662 __DUMMY__ 0.06277136556355582	false	0.5
beseitigen	neg 1.0		neg 0.46788051150226373 off 0.46738472956128 __DUMMY__ 0.06473475893645617	false	1.0
dumm	off 1.0		off 0.47762599590208094 neg 0.45918879099507515 __DUMMY__ 0.0631852131028439	false	1.0
arbeitsloser	neg 1.0		off 0.4680007396482435 neg 0.46658423865359827 __DUMMY__ 0.06541502169815824	false	0.5
blitzen	neg 1.0		off 0.46943796397350357 neg 0.4665423294254997 __DUMMY__ 0.06401970660099675	false	0.5
hilflos	neg 1.0		neg 0.4710244772782387 off 0.464186050837082 __DUMMY__ 0.06478947188467941	false	1.0
eklig	off 1.0		off 0.47678877525154395 neg 0.4602895175173444 __DUMMY__ 0.06292170723111166	false	1.0
begriff			neg 0.4684105555426521 off 0.46687279734271653 __DUMMY__ 0.0647166471146314	false	0.0
hungersnot	neg 1.0		neg 0.47272145997881354 off 0.4628100917834766 __DUMMY__ 0.06446844823770988	false	1.0
ungesetzlich	neg 1.0		off 0.4686685607909789 neg 0.4670405910761868 __DUMMY__ 0.06429084813283416	false	0.5
verschwendung	neg 1.0		neg 0.47271928101448046 off 0.4623322821058006 __DUMMY__ 0.06494843687971885	false	1.0
schmerzvoll	neg 1.0		neg 0.46837408515496476 off 0.4673119809805972 __DUMMY__ 0.06431393386443802	false	1.0
vorzeitig	neg 1.0		off 0.4737449277063263 neg 0.4618574542083857 __DUMMY__ 0.06439761808528795	false	0.5
unvollkommenheit	neg 1.0		neg 0.47017644839778544 off 0.46512408593989624 __DUMMY__ 0.06469946566231839	false	1.0
intervenieren	neg 1.0		neg 0.474260634857282 off 0.4611580369576584 __DUMMY__ 0.06458132818505972	false	1.0
banause	off 1.0		off 0.47657204730966907 neg 0.4609350654329698 __DUMMY__ 0.06249288725736114	false	1.0
rebell	neg 1.0		neg 0.47844578648840647 off 0.456665340888736 __DUMMY__ 0.06488887262285761	false	1.0
unlogisch	neg 1.0		off 0.473309596576061 neg 0.4631312078576838 __DUMMY__ 0.06355919556625526	false	0.5
leiden	neg 1.0		neg 0.47106293018500034 off 0.46351549992944835 __DUMMY__ 0.06542156988555121	false	1.0
abschaffung	neg 1.0		neg 0.46952463704298536 off 0.46627169997624707 __DUMMY__ 0.06420366298076757	false	1.0
sturz	neg 1.0		off 0.47100359841117484 neg 0.4642296479699313 __DUMMY__ 0.06476675361889374	false	0.5
verkleinerung	neg 1.0		neg 0.4691087619592238 off 0.46730257414397214 __DUMMY__ 0.06358866389680409	false	1.0
schmarotzer	off 1.0		neg 0.47026717511903887 off 0.46501300512619725 __DUMMY__ 0.06471981975476386	false	0.5
bestrafung	neg 1.0	neg 1.0	neg 0.7198903230071386 off 0.24945415524728018 __DUMMY__ 0.030655521745581237	false	1.0
achtlos	neg 1.0		neg 0.46856064963564314 off 0.46653176313992667 __DUMMY__ 0.06490758722443031	false	1.0
ungeheuer	neg 1.0		neg 0.4692016420922938 off 0.46639542320400335 __DUMMY__ 0.06440293470370292	false	1.0
unaufrichtig	neg 1.0		off 0.47088818407897487 neg 0.4649508906291297 __DUMMY__ 0.0641609252918954	false	0.5
groggy	neg 1.0		off 0.47019677026220236 neg 0.4654703974443718 __DUMMY__ 0.06433283229342579	false	0.5
