unsolidarisch	neg 1.0		neg 0.49858026950476486 off 0.49472381342503974 __DUMMY__ 0.006695917070195424	false	1.0
nachteilig	neg 1.0		neg 0.4995629031002459 off 0.49364922807798073 __DUMMY__ 0.006787868821773272	false	1.0
skeptisch	neg 1.0		neg 0.5019601537178178 off 0.4912601175320665 __DUMMY__ 0.006779728750115861	false	1.0
schrecklich	neg 1.0		off 0.5031592496704755 neg 0.49020960514443146 __DUMMY__ 0.006631145185092928	false	0.5
schlapp	neg 1.0	neg 1.0	neg 0.73162974196248 off 0.2652130404366906 __DUMMY__ 0.0031572176008294876	false	1.0
abfall	neg 1.0		neg 0.5026404526637737 off 0.4905174443931289 __DUMMY__ 0.006842102943097584	false	1.0
widerspenstig	neg 1.0		neg 0.49993720953791826 off 0.49335181200757844 __DUMMY__ 0.006710978454503344	false	1.0
abrupt	neg 1.0		neg 0.5040199394609733 off 0.4892240722995472 __DUMMY__ 0.006755988239479462	false	1.0
unwirksam	neg 1.0		neg 0.502090181891536 off 0.4912618501405279 __DUMMY__ 0.006647967967935962	false	1.0
angreifen	neg 1.0		neg 0.502248963627486 off 0.4909617650363141 __DUMMY__ 0.006789271336200044	false	1.0
inkonsistent	neg 1.0		neg 0.496706873646215 off 0.4966122849416145 __DUMMY__ 0.006680841412170464	false	1.0
abrutschen	neg 1.0		neg 0.5038293162149583 off 0.4893393876888502 __DUMMY__ 0.006831296096191521	false	1.0
unsicher	neg 1.0		neg 0.49717604561472295 off 0.4960775052293752 __DUMMY__ 0.006746449155901953	false	1.0
bauernkind	off 1.0	off 1.0	off 0.7355060933665777 neg 0.26140791014104725 __DUMMY__ 0.0030859964923751213	false	1.0
angreifer	neg 1.0		off 0.50076003253278 neg 0.4925139744784605 __DUMMY__ 0.00672599298875955	false	0.5
trennen	neg 1.0		neg 0.5015944351837522 off 0.4916010093387189 __DUMMY__ 0.006804555477528935	false	1.0
schmutz	neg 1.0		off 0.5025864337877453 neg 0.49064171220601377 __DUMMY__ 0.006771854006240799	false	0.5
inkonsistenz	neg 1.0		off 0.5000913901267576 neg 0.49322519548884897 __DUMMY__ 0.006683414384393486	false	0.5
erschreckend	neg 1.0		neg 0.4984774922371695 off 0.4947822848648096 __DUMMY__ 0.006740222898020885	false	1.0
ertrinken	neg 1.0		neg 0.5041600234256199 off 0.48907010816833313 __DUMMY__ 0.006769868406047042	false	1.0
pickelface	off 1.0		neg 0.4979023088385107 off 0.4953799368351694 __DUMMY__ 0.006717754326319926	false	0.5
seiner			neg 0.5009346735625987 off 0.4922648538027456 __DUMMY__ 0.006800472634655728	false	0.0
lauch	neg 1.0	neg 1.0	neg 0.7379431509877399 off 0.2588342920148735 __DUMMY__ 0.003222556997386724	false	1.0
unwichtig	neg 1.0		off 0.4992809245345489 neg 0.49404628201499573 __DUMMY__ 0.006672793450455386	false	0.5
steuerhinterziehung	neg 1.0		neg 0.4996428069352342 off 0.49363923238783247 __DUMMY__ 0.006717960676933125	false	1.0
schock	neg 1.0		neg 0.49908725971153006 off 0.49415999358542717 __DUMMY__ 0.006752746703042808	false	1.0
beule	neg 1.0		off 0.5010371467422633 neg 0.4923221599631762 __DUMMY__ 0.006640693294560353	false	0.5
vergelten	neg 1.0		off 0.5053089653961135 neg 0.4880495347433026 __DUMMY__ 0.006641499860584001	false	0.5
verdorbenheit	neg 1.0		neg 0.49742676907954253 off 0.4958637432658553 __DUMMY__ 0.006709487654602138	false	1.0
trauma	neg 1.0		neg 0.49747142809045547 off 0.4958255674459555 __DUMMY__ 0.006703004463588986	false	1.0
sinnlos	neg 1.0		off 0.49704179568080037 neg 0.4962487880330478 __DUMMY__ 0.006709416286151984	false	0.5
fettsack	off 1.0	off 1.0	off 0.7367758693304254 neg 0.2601340193565468 __DUMMY__ 0.00309011131302784	false	1.0
feige	off 1.0	off 1.0	off 0.7348476786430456 neg 0.262009480464246 __DUMMY__ 0.003142840892708494	false	1.0
abdanken	neg 1.0		neg 0.4981019456200737 off 0.4951605006489159 __DUMMY__ 0.006737553731010365	false	1.0
wichtigtuer	off 1.0	off 1.0	off 0.734194951348217 neg 0.26263024876422053 __DUMMY__ 0.0031747998875625875	false	1.0
misslingen	neg 1.0	neg 1.0	neg 0.7308307026874438 off 0.2659477891298253 __DUMMY__ 0.003221508182730923	false	1.0
untreu	off 1.0		off 0.5003297135687685 neg 0.4930109688485796 __DUMMY__ 0.006659317582651777	false	1.0
missmutig	neg 1.0		off 0.4981290325482193 neg 0.49518691663103076 __DUMMY__ 0.006684050820749808	false	0.5
hurenbock	off 1.0		neg 0.5018698136633694 off 0.49147317324311873 __DUMMY__ 0.0066570130935118986	false	0.5
betrunken	neg 1.0		off 0.5020307499004057 neg 0.49133042822334894 __DUMMY__ 0.00663882187624529	false	0.5
korrupt	off 1.0		neg 0.5005614395903443 off 0.4927234435606317 __DUMMY__ 0.006715116849023944	false	0.5
unmut	neg 1.0		neg 0.5034441732738817 off 0.48975637603345795 __DUMMY__ 0.006799450692660309	false	1.0
hackfresse	off 1.0		off 0.5069788711516858 neg 0.48644100594400014 __DUMMY__ 0.006580122904313994	false	1.0
aufblasen	neg 1.0		neg 0.49750859955638665 off 0.4957638118952734 __DUMMY__ 0.006727588548339995	false	1.0
gewaltsam	neg 1.0		neg 0.49825210656611046 off 0.4950140396431584 __DUMMY__ 0.006733853790731171	false	1.0
unbeliebtheit	neg 1.0		off 0.5006205302978318 neg 0.49271782305242146 __DUMMY__ 0.006661646649746651	false	0.5
sturheit	neg 1.0		neg 0.49727954284636794 off 0.4959594516060245 __DUMMY__ 0.006761005547607532	false	1.0
kuh	neg 1.0		neg 0.5019967566919437 off 0.4914170899288671 __DUMMY__ 0.006586153379189117	false	1.0
erschrecken	neg 1.0		off 0.49933978020284986 neg 0.4939653296491169 __DUMMY__ 0.006694890148033246	false	0.5
opfer	neg 1.0		neg 0.49881003027226867 off 0.49439290240905753 __DUMMY__ 0.006797067318673719	false	1.0
sinken	neg 1.0		neg 0.5041335210990973 off 0.48909209375243434 __DUMMY__ 0.006774385148468466	false	1.0
stinktier	neg 1.0		off 0.5008656871110929 neg 0.49259774398890904 __DUMMY__ 0.0065365688999981615	false	0.5
tucke	off 1.0		off 0.5051587309861492 neg 0.48834259582671236 __DUMMY__ 0.006498673187138448	false	1.0
ein			neg 0.5002732315402809 off 0.49301472951299313 __DUMMY__ 0.006712038946726035	false	0.0
abstieg	neg 1.0		off 0.49748399409418015 neg 0.4957011852892591 __DUMMY__ 0.0068148206165607505	false	0.5
missverstehen	neg 1.0		off 0.49776548838368906 neg 0.4955357520690649 __DUMMY__ 0.006698759547246089	false	0.5
ergebnislos	neg 1.0		neg 0.4992737411220372 off 0.49393024672450636 __DUMMY__ 0.0067960121534564495	false	1.0
unter			neg 0.5055427544046465 off 0.48756139431815537 __DUMMY__ 0.006895851277198098	false	0.0
manipulieren	neg 1.0		neg 0.5002064609282325 off 0.492996003995026 __DUMMY__ 0.006797535076741416	false	1.0
unbewiesen	neg 1.0	neg 1.0	neg 0.7335252831101737 off 0.26329198695968964 __DUMMY__ 0.003182729930136661	false	1.0
verschleppen	neg 1.0		neg 0.5007203798344805 off 0.4925304819830519 __DUMMY__ 0.006749138182467571	false	1.0
weib	off 1.0		off 0.5070204311085107 neg 0.4864512208009719 __DUMMY__ 0.006528348090517426	false	1.0
opposition	neg 1.0		neg 0.49828293932453416 off 0.49503479166693615 __DUMMY__ 0.0066822690085297275	false	1.0
verkehrswidrig	neg 1.0	neg 1.0	neg 0.7275506049099888 off 0.2692942387729343 __DUMMY__ 0.003155156317077025	false	1.0
inkorrekt	neg 1.0		off 0.502511441469022 neg 0.49086344858221703 __DUMMY__ 0.006625109948760853	false	0.5
vermeiden	neg 1.0		neg 0.5041766755307813 off 0.48898616843263726 __DUMMY__ 0.006837156036581581	false	1.0
abweichung	neg 1.0	neg 1.0	neg 0.7335404862132445 off 0.26323374277527384 __DUMMY__ 0.003225771011481562	false	1.0
alkoholisiert	neg 1.0		neg 0.49940986803590826 off 0.4937681309761936 __DUMMY__ 0.006822000987898158	false	1.0
scheiss	off 1.0	off 1.0	off 0.7354084732534076 neg 0.2614605275961804 __DUMMY__ 0.003130999150412023	false	1.0
herausforderung	neg 1.0		neg 0.49883918115417486 off 0.4943860993779938 __DUMMY__ 0.006774719467831333	false	1.0
pervers	off 1.0		off 0.5097699707684757 neg 0.48371472985021513 __DUMMY__ 0.00651529938130903	false	1.0
wackelig	neg 1.0		neg 0.49887942744293906 off 0.49434423594172 __DUMMY__ 0.006776336615341072	false	1.0
verwickeln	neg 1.0		off 0.4967544261266078 neg 0.4965407050758127 __DUMMY__ 0.006704868797579584	false	0.5
vorwand	neg 1.0		neg 0.5028368623095502 off 0.4903739021141647 __DUMMY__ 0.006789235576285019	false	1.0
muschi	off 1.0		neg 0.4980676309271403 off 0.49519178762541577 __DUMMY__ 0.0067405814474439645	false	0.5
entmutigung	neg 1.0		neg 0.4974087034286927 off 0.49591667704451803 __DUMMY__ 0.006674619526789161	false	1.0
unangemessen	neg 1.0		neg 0.4981416498619501 off 0.49510394785432693 __DUMMY__ 0.006754402283722815	false	1.0
unstetig	neg 1.0		off 0.49902483483679116 neg 0.4942889334027678 __DUMMY__ 0.006686231760440978	false	0.5
entmutigen	neg 1.0		neg 0.49682379415055256 off 0.4964520937236419 __DUMMY__ 0.00672411212580537	false	1.0
schwanz	neg 1.0		neg 0.5008945279401996 off 0.49236061784482127 __DUMMY__ 0.006744854214979084	false	1.0
verbot	neg 1.0		neg 0.5008713964312969 off 0.4924092661866806 __DUMMY__ 0.006719337382022466	false	1.0
leid	neg 1.0		off 0.5040624465045345 neg 0.4893327346846334 __DUMMY__ 0.0066048188108320536	false	0.5
archaisch	neg 1.0		neg 0.4999004229351546 off 0.49336541196850253 __DUMMY__ 0.006734165096342888	false	1.0
gegen			neg 0.5011887545476709 off 0.49198782199640345 __DUMMY__ 0.0068234234559257385	false	0.0
scheidung	neg 1.0		off 0.5171081423727933 neg 0.4763393280032163 __DUMMY__ 0.006552529623990233	false	0.5
einschlag	neg 1.0		off 0.505628725224619 neg 0.48770851024051143 __DUMMY__ 0.006662764534869658	false	0.5
m			neg 0.499351261077076 off 0.49389032006023353 __DUMMY__ 0.0067584188626904785	false	0.0
abgestanden	neg 1.0		neg 0.5033476971496336 off 0.49001361505734153 __DUMMY__ 0.006638687793025031	false	1.0
schmierig	off 1.0		off 0.5039143157964059 neg 0.48947539049043737 __DUMMY__ 0.006610293713156668	false	1.0
unpraktisch	neg 1.0		off 0.497429358830109 neg 0.4958433063605245 __DUMMY__ 0.0067273348093665145	false	0.5
wixxer	off 1.0		off 0.5088309897812242 neg 0.48467743723501927 __DUMMY__ 0.006491572983756458	false	1.0
bezeichnet			neg 0.4969812389646352 off 0.4962809243860575 __DUMMY__ 0.00673783664930737	false	0.0
jammerlappen	off 1.0		off 0.499979956848498 neg 0.49334292911992966 __DUMMY__ 0.00667711403157238	false	1.0
farce	neg 1.0		neg 0.49955296474490546 off 0.4937461290732411 __DUMMY__ 0.006700906181853393	false	1.0
zwecklos	neg 1.0		neg 0.49999312447183253 off 0.49325788396909015 __DUMMY__ 0.006748991559077293	false	1.0
turbulent	neg 1.0		off 0.5013023928999424 neg 0.49205568594341315 __DUMMY__ 0.006641921156644409	false	0.5
invasion	neg 1.0		off 0.49772547367245906 neg 0.4955725490554968 __DUMMY__ 0.006701977272044152	false	0.5
schuld	neg 1.0		neg 0.4967434424612646 off 0.4965376559123216 __DUMMY__ 0.006718901626413977	false	1.0
risiko	neg 1.0		neg 0.498325814388815 off 0.49500268195812486 __DUMMY__ 0.006671503653060187	false	1.0
finster	neg 1.0		neg 0.49985368809062825 off 0.4934424307561171 __DUMMY__ 0.0067038811532546694	false	1.0
geisteskrank	off 1.0		off 0.5016529425967425 neg 0.4917048277096411 __DUMMY__ 0.006642229693616516	false	1.0
zusammenbrechen	neg 1.0		neg 0.4999211330750888 off 0.49333286139577553 __DUMMY__ 0.006746005529135576	false	1.0
ausbeute	neg 1.0		off 0.49679527096041576 neg 0.49642603768208043 __DUMMY__ 0.006778691357503626	false	0.5
hinterhalt	neg 1.0		neg 0.49994024511952206 off 0.49332977503009356 __DUMMY__ 0.006729979850384363	false	1.0
kritik	neg 1.0		neg 0.49998228171700543 off 0.49331659110367715 __DUMMY__ 0.006701127179317558	false	1.0
einschrumpfen	neg 1.0		off 0.4974525572406898 neg 0.4959158242942531 __DUMMY__ 0.006631618465056887	false	0.5
riskant	neg 1.0		neg 0.502388567441061 off 0.49084325411830304 __DUMMY__ 0.006768178440636011	false	1.0
frustrieren	neg 1.0		neg 0.5021534313008867 off 0.4910961044227427 __DUMMY__ 0.006750464276370507	false	1.0
groll	neg 1.0		neg 0.4985708235123783 off 0.49466321021516396 __DUMMY__ 0.0067659662724578636	false	1.0
gibt			neg 0.4994407360224344 off 0.49379542514601915 __DUMMY__ 0.0067638388315465255	false	0.0
qualvoll	neg 1.0		off 0.4971483881117066 neg 0.4961460145569608 __DUMMY__ 0.006705597331332657	false	0.5
wackeln	neg 1.0		neg 0.49781242806635817 off 0.49545049534321733 __DUMMY__ 0.006737076590424554	false	1.0
klagen	neg 1.0		neg 0.5032697240830899 off 0.48995326608191264 __DUMMY__ 0.006777009834997503	false	1.0
bankrott	neg 1.0		off 0.5004392322913905 neg 0.49286414442275395 __DUMMY__ 0.0066966232858554344	false	0.5
trauern	neg 1.0		neg 0.4982785536896683 off 0.49489261646470195 __DUMMY__ 0.006828829845629695	false	1.0
ablehnung	neg 1.0		neg 0.5000956283974038 off 0.4931902393273392 __DUMMY__ 0.006714132275256818	false	1.0
stur	neg 1.0		neg 0.49744167863936056 off 0.4958504970336515 __DUMMY__ 0.0067078243269879335	false	1.0
aufruhr	neg 1.0	neg 1.0	neg 0.7341106577651909 off 0.262702660659102 __DUMMY__ 0.0031866815757070526	false	1.0
melancholie	neg 1.0		neg 0.5037383773089505 off 0.4895102425789 __DUMMY__ 0.006751380112149329	false	1.0
ist			off 0.49703927484765303 neg 0.49624569277596803 __DUMMY__ 0.006715032376378984	false	0.0
torheit	neg 1.0		neg 0.4966428135960563 off 0.4966396331118208 __DUMMY__ 0.006717553292122916	false	1.0
dreckskind	off 1.0		off 0.5070683308526392 neg 0.4863781210749182 __DUMMY__ 0.006553548072442697	false	1.0
umtauschen	neg 1.0		neg 0.49889257986092417 off 0.494379420132032 __DUMMY__ 0.006728000007043662	false	1.0
zum			neg 0.5000703647937838 off 0.4930317882332319 __DUMMY__ 0.006897846972984447	false	0.0
zersetzen	neg 1.0		neg 0.5029629279273452 off 0.4902755005258875 __DUMMY__ 0.006761571546767371	false	1.0
zur			neg 0.5036938465918617 off 0.48946446924133075 __DUMMY__ 0.006841684166807459	false	0.0
frust	neg 1.0		neg 0.49964024975585847 off 0.4936035982842649 __DUMMY__ 0.0067561519598766506	false	1.0
unerbittlichkeit	neg 1.0		neg 0.5005966552752827 off 0.49262376733044405 __DUMMY__ 0.006779577394273239	false	1.0
zwei			neg 0.5036772294565219 off 0.4894705203813567 __DUMMY__ 0.006852250162121458	false	0.0
unkorrekt	neg 1.0		off 0.5009553503843424 neg 0.49241569641496635 __DUMMY__ 0.006628953200691278	false	0.5
hexe	off 1.0		off 0.4970490891152512 neg 0.49631578790942915 __DUMMY__ 0.006635122975319575	false	1.0
lasch	neg 1.0		off 0.4993121262124755 neg 0.4940003567340489 __DUMMY__ 0.006687517053475596	false	0.5
rivale	neg 1.0		off 0.503250582018882 neg 0.4901181872190023 __DUMMY__ 0.00663123076211593	false	0.5
mutlos	off 1.0	off 1.0	off 0.7314766286428315 neg 0.2653200826399517 __DUMMY__ 0.003203288717216741	false	1.0
wirr	off 1.0		off 0.5033050682613164 neg 0.4900777545255347 __DUMMY__ 0.006617177213149015	false	1.0
jahr			neg 0.4975629966207165 off 0.4955916306287445 __DUMMY__ 0.006845372750538932	false	0.0
wird			neg 0.49981449500126574 off 0.4934144275056506 __DUMMY__ 0.006771077493083738	false	0.0
strafbar	neg 1.0		neg 0.5008693131210591 off 0.49235332481035715 __DUMMY__ 0.006777362068583706	false	1.0
erosion	neg 1.0		neg 0.49764123850084185 off 0.49563017871482784 __DUMMY__ 0.006728582784330308	false	1.0
eingehen	neg 1.0		neg 0.5020334220486782 off 0.49121041243498403 __DUMMY__ 0.006756165516337758	false	1.0
faul	off 1.0		off 0.4989575486726594 neg 0.4943630058291613 __DUMMY__ 0.006679445498179277	false	1.0
provisorium	neg 1.0		neg 0.5051038927837208 off 0.4879955237400846 __DUMMY__ 0.006900583476194608	false	1.0
schmerzen	neg 1.0		neg 0.4997876767468701 off 0.49348506423465294 __DUMMY__ 0.00672725901847711	false	1.0
schrumpfen	neg 1.0		neg 0.5064598918252659 off 0.48674392225659185 __DUMMY__ 0.0067961859181422425	false	1.0
geistlos	off 1.0		neg 0.4967850837193415 off 0.4965422803454022 __DUMMY__ 0.006672635935256248	false	0.5
fehlkauf	neg 1.0		neg 0.49698518139779335 off 0.4963349850214217 __DUMMY__ 0.006679833580784989	false	1.0
frustrierend	neg 1.0		off 0.4987631095046034 neg 0.4945485568598799 __DUMMY__ 0.006688333635516878	false	0.5
unzufrieden	neg 1.0		neg 0.49997993725267054 off 0.4932654719935439 __DUMMY__ 0.006754590753785444	false	1.0
verzweifeln	neg 1.0		neg 0.4982512138370006 off 0.4949985628200288 __DUMMY__ 0.006750223342970612	false	1.0
verzweifelt	neg 1.0		neg 0.49674141495464336 off 0.4965415657680226 __DUMMY__ 0.0067170192773340675	false	1.0
misstrauensantrag	neg 1.0		off 0.4969711195695748 neg 0.4963279241863535 __DUMMY__ 0.006700956244071676	false	0.5
abfallen	neg 1.0		neg 0.49820798326428256 off 0.49507125032824123 __DUMMY__ 0.006720766407476085	false	1.0
fucker	off 1.0		off 0.5032219394994594 neg 0.4901303356829403 __DUMMY__ 0.006647724817600275	false	1.0
ungezogen	neg 1.0		off 0.5083037428255122 neg 0.48514846306745857 __DUMMY__ 0.006547794107029283	false	0.5
irrsinnig	neg 1.0	neg 1.0	neg 0.7339038538244299 off 0.26291736842817637 __DUMMY__ 0.003178777747393663	false	1.0
unfassbar	neg 1.0		off 0.5009544123827226 neg 0.49237526805231324 __DUMMY__ 0.006670319564964122	false	0.5
hart	neg 1.0		neg 0.49684339884552525 off 0.49656506513793713 __DUMMY__ 0.006591536016537636	false	1.0
widerlich	off 1.0		off 0.5007893144838822 neg 0.4925575861107017 __DUMMY__ 0.006653099405416113	false	1.0
fatal	neg 1.0	neg 1.0	neg 0.7343145181368264 off 0.262536420309869 __DUMMY__ 0.0031490615533046884	false	1.0
bruch	neg 1.0		neg 0.5017010881656804 off 0.49146690016931116 __DUMMY__ 0.006832011665008549	false	1.0
aushungern	neg 1.0		neg 0.5008979086345197 off 0.4923873384175434 __DUMMY__ 0.006714752947936799	false	1.0
anspannung	neg 1.0		neg 0.5026106175406708 off 0.4905228073692997 __DUMMY__ 0.006866575090029366	false	1.0
von			neg 0.5018015522294248 off 0.49140079339988824 __DUMMY__ 0.006797654370686853	false	0.0
kraftlos	neg 1.0		neg 0.49995487036652975 off 0.49328015949835624 __DUMMY__ 0.006764970135114089	false	1.0
vom			neg 0.5029521336668936 off 0.49012549954507567 __DUMMY__ 0.006922366788030683	false	0.0
grenzdebil	off 1.0		off 0.5002556885119929 neg 0.49309379405310455 __DUMMY__ 0.006650517434902707	false	1.0
vor			neg 0.5027815251883914 off 0.4904075647987927 __DUMMY__ 0.00681091001281601	false	0.0
unterwerfen	neg 1.0		neg 0.5003641911730066 off 0.4928652017554562 __DUMMY__ 0.006770607071537153	false	1.0
versenkung	neg 1.0		neg 0.5006000567249811 off 0.4926187620239954 __DUMMY__ 0.006781181251023407	false	1.0
entziehen	neg 1.0		neg 0.5029054014266424 off 0.4903038706694857 __DUMMY__ 0.006790727903871855	false	1.0
finanzkrise	neg 1.0		neg 0.5034801745034543 off 0.4898716665475313 __DUMMY__ 0.00664815894901458	false	1.0
schimpfend	neg 1.0		off 0.49720956296099 neg 0.496052062030948 __DUMMY__ 0.006738375008061973	false	0.5
profan	neg 1.0		off 0.49726510119218736 neg 0.4960345551321397 __DUMMY__ 0.0067003436756730515	false	0.5
korruption	neg 1.0		neg 0.5012513541426763 off 0.49202745707867757 __DUMMY__ 0.006721188778646123	false	1.0
â			neg 0.500620827609425 off 0.492625821879918 __DUMMY__ 0.006753350510657187	false	0.0
schmutzig	neg 1.0		off 0.5009559709161104 neg 0.4923861218114441 __DUMMY__ 0.006657907272445352	false	0.5
sexy	neg 1.0		off 0.49934001695934926 neg 0.49396246872628236 __DUMMY__ 0.0066975143143682865	false	0.5
abraten	neg 1.0		off 0.4975768961631544 neg 0.49570626565627074 __DUMMY__ 0.006716838180574735	false	0.5
schwarz	neg 1.0		off 0.49737986679897944 neg 0.4959143905542184 __DUMMY__ 0.006705742646802034	false	0.5
fotze	off 1.0	off 1.0	off 0.7317809481480696 neg 0.2650206921646725 __DUMMY__ 0.0031983596872580053	false	1.0
verwirren	neg 1.0		off 0.49792225858174055 neg 0.4953726230709208 __DUMMY__ 0.0067051183473387215	false	0.5
zahnlos	off 1.0		neg 0.49918490619885214 off 0.4940708587188466 __DUMMY__ 0.006744235082301324	false	0.5
verheeren	neg 1.0		off 0.5103432828897266 neg 0.4831068860301636 __DUMMY__ 0.006549831080109718	false	0.5
hippie	neg 1.0		off 0.4985084425733993 neg 0.49479908197343564 __DUMMY__ 0.006692475453165046	false	0.5
rammen	neg 1.0		neg 0.497335120841573 off 0.49594364401066454 __DUMMY__ 0.006721235147762517	false	1.0
unlauter	neg 1.0		neg 0.49714969841352274 off 0.496162236715511 __DUMMY__ 0.006688064870966357	false	1.0
unheilvoll	neg 1.0		neg 0.4975133055492154 off 0.4957818183678465 __DUMMY__ 0.006704876082937967	false	1.0
niedrig	neg 1.0		neg 0.5022725331114392 off 0.49099717119724445 __DUMMY__ 0.006730295691316327	false	1.0
explosion	neg 1.0		off 0.4986956730670628 neg 0.49460698394457436 __DUMMY__ 0.006697342988362949	false	0.5
weichei	off 1.0	off 1.0	off 0.7372406500246164 neg 0.25965265363470325 __DUMMY__ 0.003106696340680383	false	1.0
minusmensch	off 1.0		off 0.5090550324725029 neg 0.48440994593756875 __DUMMY__ 0.006535021589928322	false	1.0
farblos	neg 1.0		neg 0.49848959111247987 off 0.4948206883840015 __DUMMY__ 0.006689720503518688	false	1.0
unwissend	neg 1.0	neg 1.0	neg 0.7323979291172833 off 0.2644513388011598 __DUMMY__ 0.003150732081556908	false	1.0
traurig	neg 1.0		off 0.5027409913702902 neg 0.4906240503899092 __DUMMY__ 0.006634958239800656	false	0.5
senkung	neg 1.0		neg 0.49868659284426764 off 0.49467125421599906 __DUMMY__ 0.006642152939733377	false	1.0
ungleich	neg 1.0	neg 1.0	neg 0.735547184456145 off 0.26124582058201323 __DUMMY__ 0.003206994961841741	false	1.0
heikel	neg 1.0		neg 0.5015236323835733 off 0.4916997692105486 __DUMMY__ 0.006776598405878002	false	1.0
drosselung	neg 1.0		off 0.49753159585747503 neg 0.49586763717576626 __DUMMY__ 0.006600766966758763	false	0.5
falsch	neg 1.0		off 0.49938448126947416 neg 0.49392279788950255 __DUMMY__ 0.006692720841023361	false	0.5
unzufriedenheit	neg 1.0		neg 0.5032737589460882 off 0.4899703762118886 __DUMMY__ 0.006755864842023261	false	1.0
kurz	neg 1.0		neg 0.4984580658058989 off 0.49476908992232727 __DUMMY__ 0.006772844271773951	false	1.0
unsinnig	neg 1.0		neg 0.5000647939637791 off 0.4932179217587461 __DUMMY__ 0.0067172842774746	false	1.0
penner	off 1.0	off 1.0	off 0.7384738791266016 neg 0.25842302024567554 __DUMMY__ 0.0031031006277228196	false	1.0
seicht	neg 1.0		off 0.5056666188052861 neg 0.4878073755842677 __DUMMY__ 0.006526005610446311	false	0.5
dummheit	off 1.0	off 1.0	off 0.7334613805953129 neg 0.2633784437701524 __DUMMY__ 0.0031601756345347623	false	1.0
unerfreulich	neg 1.0		neg 0.5015419344040192 off 0.4916747262152012 __DUMMY__ 0.006783339380779716	false	1.0
motherfucker	off 1.0	off 1.0	off 0.7363362948240936 neg 0.2605217826025638 __DUMMY__ 0.003141922573342647	false	1.0
pikiert	neg 1.0	neg 1.0	neg 0.7322213359898162 off 0.26463140968577975 __DUMMY__ 0.003147254324404177	false	1.0
wrack	neg 1.0		off 0.4986799754697359 neg 0.4944922439362138 __DUMMY__ 0.0068277805940502555	false	0.5
gangster	neg 1.0		off 0.49861138100407104 neg 0.4946999320843617 __DUMMY__ 0.006688686911567355	false	0.5
krank	neg 1.0	neg 1.0	neg 0.7307937395821444 off 0.2660487437445689 __DUMMY__ 0.0031575166732866625	false	1.0
reich	neg 1.0		off 0.49692112278886524 neg 0.4964354567664437 __DUMMY__ 0.006643420444691005	false	0.5
gnadenlos	neg 1.0		off 0.4969872731257802 neg 0.4962803863748785 __DUMMY__ 0.0067323404993411915	false	0.5
niedergeschlagen	neg 1.0		neg 0.4991061673291994 off 0.49412200975175896 __DUMMY__ 0.006771822919041646	false	1.0
terrorisieren	off 1.0	off 1.0	off 0.7311773312103215 neg 0.26560894688709663 __DUMMY__ 0.003213721902581845	false	1.0
sinnlosigkeit	neg 1.0		neg 0.49929148041037874 off 0.4939555784208637 __DUMMY__ 0.006752941168757581	false	1.0
behindern	neg 1.0		neg 0.498977975009521 off 0.4943044889266991 __DUMMY__ 0.0067175360637799575	false	1.0
undemokratisch	neg 1.0		off 0.4966884384219813 neg 0.49661983855008557 __DUMMY__ 0.006691723027933124	false	0.5
wirtschaftskrise	neg 1.0		neg 0.5032544194830036 off 0.49004716257471315 __DUMMY__ 0.0066984179422831785	false	1.0
neid	neg 1.0		off 0.4982952631854527 neg 0.49501352580144176 __DUMMY__ 0.0066912110131056544	false	0.5
rutschen	neg 1.0		neg 0.5042106883731375 off 0.48893944135566814 __DUMMY__ 0.006849870271194311	false	1.0
rezession	neg 1.0		off 0.49912240591403945 neg 0.4943100577033681 __DUMMY__ 0.00656753638259231	false	0.5
fehlgeburt	neg 1.0		off 0.4974531963223695 neg 0.4957967370950734 __DUMMY__ 0.006750066582557141	false	0.5
charakterschwach	off 1.0		off 0.5000389050932348 neg 0.4933084838683665 __DUMMY__ 0.006652611038398724	false	1.0
isolation	neg 1.0		off 0.4998637674697203 neg 0.49343440579479425 __DUMMY__ 0.00670182673548548	false	0.5
ablenkung	neg 1.0		neg 0.497014751370954 off 0.49623387816297426 __DUMMY__ 0.006751370466071776	false	1.0
pech	neg 1.0		off 0.499376438112052 neg 0.49393942157282394 __DUMMY__ 0.00668414031512416	false	0.5
vermeidung	neg 1.0		off 0.49987145761788293 neg 0.4934862897018465 __DUMMY__ 0.006642252680270461	false	0.5
dominieren	neg 1.0		neg 0.49799711209355474 off 0.4952406832323996 __DUMMY__ 0.006762204674045631	false	1.0
schwindlig	neg 1.0		neg 0.4967248208121296 off 0.49657754289816375 __DUMMY__ 0.006697636289706673	false	1.0
lutscher	neg 1.0	neg 1.0	neg 0.7279060850253423 off 0.26902291060927247 __DUMMY__ 0.0030710043653853648	false	1.0
pflicht	neg 1.0		neg 0.5014534949962601 off 0.4917367831662375 __DUMMY__ 0.006809721837502352	false	1.0
faschist	off 1.0		off 0.49883632632929886 neg 0.49447446580251614 __DUMMY__ 0.0066892078681849475	false	1.0
verschleudern	neg 1.0		neg 0.5041073098962703 off 0.48917751466837606 __DUMMY__ 0.0067151754353536736	false	1.0
wenn			off 0.4996198205391812 neg 0.49370140755075437 __DUMMY__ 0.006678771910064472	false	0.0
ehebruch	neg 1.0		neg 0.5003532603052017 off 0.49288897559094097 __DUMMY__ 0.006757764103857339	false	1.0
spott	off 1.0		neg 0.49947709726869627 off 0.4937476982850846 __DUMMY__ 0.006775204446219032	false	0.5
trostlosigkeit	neg 1.0		neg 0.5046039440269243 off 0.48863397357188554 __DUMMY__ 0.006762082401190056	false	1.0
lutschen	neg 1.0		off 0.498510776420504 neg 0.49481663705663775 __DUMMY__ 0.006672586522858183	false	0.5
undiszipliniert	neg 1.0		off 0.5024446109131471 neg 0.4909096153601269 __DUMMY__ 0.006645773726725941	false	0.5
kopfschmerz	neg 1.0		neg 0.5027682332554995 off 0.4905038088215516 __DUMMY__ 0.006727957922948993	false	1.0
unvorhergesehen	neg 1.0		neg 0.5016294503883763 off 0.491570259276093 __DUMMY__ 0.006800290335530684	false	1.0
desinteressiert	neg 1.0		off 0.5012915589665727 neg 0.4920648175605989 __DUMMY__ 0.006643623472828249	false	0.5
armselig	off 1.0		off 0.503647602246587 neg 0.4897247170097686 __DUMMY__ 0.006627680743644255	false	1.0
desaster	neg 1.0		neg 0.5039491077893773 off 0.48926620551835637 __DUMMY__ 0.00678468669226633	false	1.0
tod	neg 1.0		neg 0.4998456411069748 off 0.49337110702285175 __DUMMY__ 0.0067832518701734885	false	1.0
herzlos	neg 1.0		off 0.5029250381197592 neg 0.4904463612045722 __DUMMY__ 0.006628600675668577	false	0.5
unwissenheit	neg 1.0		neg 0.5001674407705005 off 0.49308541027243386 __DUMMY__ 0.006747148957065692	false	1.0
widersinnig	neg 1.0		neg 0.5004535631228774 off 0.4928381345340637 __DUMMY__ 0.006708302343059027	false	1.0
bedenklich	neg 1.0		neg 0.5013690643074832 off 0.4918821631612754 __DUMMY__ 0.006748772531241485	false	1.0
beanstanden	neg 1.0		neg 0.5007032039772655 off 0.49249042016600164 __DUMMY__ 0.006806375856732748	false	1.0
panisch	neg 1.0		off 0.4982637430785607 neg 0.49500735955282427 __DUMMY__ 0.006728897368614936	false	0.5
debil	off 1.0		neg 0.5074171251070579 off 0.48573499307879553 __DUMMY__ 0.006847881814146482	false	0.5
abstrich	neg 1.0		neg 0.5011744002484809 off 0.4921160254494647 __DUMMY__ 0.006709574302054336	false	1.0
primitiv	neg 1.0		off 0.5018804589972897 neg 0.4914694988371186 __DUMMY__ 0.006650042165591553	false	0.5
abschaum	off 1.0	off 1.0	off 0.7359004253527534 neg 0.2609360220367829 __DUMMY__ 0.003163552610463809	false	1.0
provozieren	neg 1.0		neg 0.49744154869837326 off 0.4958448082042966 __DUMMY__ 0.006713643097330049	false	1.0
tot	neg 1.0		neg 0.5010527681409186 off 0.49222000890822304 __DUMMY__ 0.006727222950858355	false	1.0
instabil	neg 1.0		off 0.5036122033473001 neg 0.4897708552614984 __DUMMY__ 0.006616941391201462	false	0.5
schwuchtel	off 1.0	off 1.0	off 0.7411992495967552 neg 0.2557492016955974 __DUMMY__ 0.0030515487076474583	false	1.0
zerren	neg 1.0		neg 0.498988200415695 off 0.4942365314553591 __DUMMY__ 0.006775268128945845	false	1.0
kinderficker	off 1.0		off 0.5052812182678136 neg 0.4881228891993813 __DUMMY__ 0.006595892532805035	false	1.0
gefahr	neg 1.0		neg 0.5017365043053438 off 0.49146849242925955 __DUMMY__ 0.006795003265396675	false	1.0
rabiat	neg 1.0		neg 0.4994791281895271 off 0.4937964948006386 __DUMMY__ 0.0067243770098344155	false	1.0
verlangsamung	neg 1.0		off 0.5064096912076617 neg 0.48701993798862553 __DUMMY__ 0.006570370803712713	false	0.5
ausgestorben	neg 1.0		neg 0.4984783577932912 off 0.4947720738226856 __DUMMY__ 0.006749568384023216	false	1.0
anklagen	neg 1.0		neg 0.4992278680525416 off 0.49402795468467375 __DUMMY__ 0.006744177262784646	false	1.0
trott	neg 1.0		neg 0.4979291364235372 off 0.49534148565893693 __DUMMY__ 0.006729377917525815	false	1.0
verminderung	neg 1.0		off 0.5004031073573991 neg 0.49294840565984305 __DUMMY__ 0.0066484869827578685	false	0.5
nach			neg 0.5041908306202457 off 0.4889294361727692 __DUMMY__ 0.006879733206985057	false	0.0
rost	neg 1.0		off 0.5102501403515927 neg 0.4831502897560379 __DUMMY__ 0.006599569892369469	false	0.5
destruktiv	neg 1.0		neg 0.49844009634149977 off 0.49483682657922246 __DUMMY__ 0.006723077079277785	false	1.0
unzumutbarkeit	neg 1.0		off 0.5009282721567704 neg 0.4924120511176848 __DUMMY__ 0.006659676725544783	false	0.5
labil	off 1.0	off 1.0	off 0.7347400933355366 neg 0.2621052820841514 __DUMMY__ 0.0031546245803120393	false	1.0
ziemlich	neg 1.0		off 0.5011060770761363 neg 0.4922145727654441 __DUMMY__ 0.006679350158419563	false	0.5
lachnummer	off 1.0		off 0.49667811386756217 neg 0.49658327294451887 __DUMMY__ 0.006738613187919015	false	1.0
oder			off 0.4970287430731454 neg 0.4962270812339628 __DUMMY__ 0.006744175692891906	false	0.0
verfall	neg 1.0		neg 0.5066632446850867 off 0.4865465398964866 __DUMMY__ 0.006790215418426671	false	1.0
ausgrenzung	neg 1.0		neg 0.49698958308249064 off 0.49632287860405944 __DUMMY__ 0.006687538313450048	false	1.0
unordnung	neg 1.0		off 0.5030585858905217 neg 0.4903419773269062 __DUMMY__ 0.006599436782572211	false	0.5
fehlverhalten	neg 1.0		neg 0.5010222454324403 off 0.49220213650304356 __DUMMY__ 0.006775618064516104	false	1.0
eine			neg 0.5028006865861148 off 0.49040253805481376 __DUMMY__ 0.0067967753590715396	false	0.0
nille	neg 1.0		neg 0.49759708152614934 off 0.49567573875257986 __DUMMY__ 0.006727179721270783	false	1.0
qual	neg 1.0		neg 0.4985471584571381 off 0.4947251239039221 __DUMMY__ 0.006727717638939835	false	1.0
verschwenden	neg 1.0		neg 0.5028218615259088 off 0.4904251495322354 __DUMMY__ 0.006752988941855772	false	1.0
riesig	neg 1.0		neg 0.5005936340755396 off 0.49263156759003274 __DUMMY__ 0.006774798334427699	false	1.0
verurteilen	neg 1.0		neg 0.4997797204835811 off 0.49347734798144316 __DUMMY__ 0.006742931534975774	false	1.0
klischee	neg 1.0	neg 1.0	neg 0.732751351243293 off 0.2640911582453145 __DUMMY__ 0.003157490511392423	false	1.0
diktatorisch	neg 1.0		neg 0.497100919927669 off 0.49621687335579007 __DUMMY__ 0.00668220671654092	false	1.0
vorhersehbar	neg 1.0		off 0.4970632608208547 neg 0.4962582208691449 __DUMMY__ 0.0066785183100004746	false	0.5
sowie			off 0.5027761361316408 neg 0.49065228352997503 __DUMMY__ 0.0065715803383842334	false	0.0
stornieren	neg 1.0		off 0.5014508483325353 neg 0.4917943449382661 __DUMMY__ 0.00675480672919849	false	0.5
besteuerung	neg 1.0	neg 1.0	neg 0.735924822830266 off 0.2609298846094474 __DUMMY__ 0.003145292560286641	false	1.0
ungeschminkt	neg 1.0		off 0.5011919595096405 neg 0.49217237788605567 __DUMMY__ 0.006635662604303874	false	0.5
kritisch	neg 1.0		neg 0.4996023955634846 off 0.49364069856700943 __DUMMY__ 0.0067569058695060025	false	1.0
schlamperei	off 1.0		neg 0.5014514602332559 off 0.4917898735148292 __DUMMY__ 0.006758666251914902	false	0.5
sucht	neg 1.0	neg 1.0	neg 0.7328698990385792 off 0.26394119662749416 __DUMMY__ 0.0031889043339266014	false	1.0
egoistisch	off 1.0	off 1.0	off 0.738072254255722 neg 0.2588040539708123 __DUMMY__ 0.0031236917734657702	false	1.0
ausbeuter	off 1.0		neg 0.50332515943144 off 0.4899300674663424 __DUMMY__ 0.006744773102217638	false	0.5
arschgeburt	off 1.0		off 0.5114149812447814 neg 0.48210962849098626 __DUMMY__ 0.006475390264232238	false	1.0
schubs	neg 1.0		neg 0.5022754030112103 off 0.49099531194443696 __DUMMY__ 0.0067292850443527105	false	1.0
unsolide	neg 1.0		off 0.4986761339236165 neg 0.4946161044223171 __DUMMY__ 0.006707761654066443	false	0.5
beschwerde	neg 1.0		neg 0.49916398628497183 off 0.4940805191454781 __DUMMY__ 0.0067554945695499705	false	1.0
stocken	neg 1.0		neg 0.5003970605255639 off 0.4928411088937091 __DUMMY__ 0.006761830580726996	false	1.0
isolieren	neg 1.0		neg 0.5005015202380495 off 0.4927637941084122 __DUMMY__ 0.006734685653538418	false	1.0
unheilbar	neg 1.0		neg 0.4970998334054539 off 0.49616200304276253 __DUMMY__ 0.00673816355178347	false	1.0
pisser	off 1.0	off 1.0	off 0.7365338122311941 neg 0.26033327970270514 __DUMMY__ 0.003132908066100731	false	1.0
löschen	neg 1.0		neg 0.49811348015918927 off 0.4951746404589671 __DUMMY__ 0.006711879381843667	false	1.0
durchfallen	neg 1.0		neg 0.4995739126140561 off 0.4936646046483132 __DUMMY__ 0.006761482737630596	false	1.0
wichser	off 1.0	off 1.0	off 0.7399511536101205 neg 0.25696361281152497 __DUMMY__ 0.0030852335783545203	false	1.0
terror	neg 1.0		off 0.4982281691120027 neg 0.49507972722603205 __DUMMY__ 0.0066921036619652045	false	0.5
krass	neg 1.0		off 0.5042281183246173 neg 0.48916627620305464 __DUMMY__ 0.006605605472328003	false	0.5
revolte	neg 1.0		neg 0.4974386194946527 off 0.4959187585899174 __DUMMY__ 0.006642621915429958	false	1.0
besorgt	neg 1.0		neg 0.49761697651065817 off 0.49560001877358606 __DUMMY__ 0.006783004715755828	false	1.0
nachlassen	neg 1.0		neg 0.4991897149800384 off 0.49402956037341383 __DUMMY__ 0.0067807246465477955	false	1.0
alt	neg 1.0		neg 0.5054743422049911 off 0.4878379891679514 __DUMMY__ 0.006687668627057557	false	1.0
hundesohn	off 1.0	off 1.0	off 0.7391124139968637 neg 0.2578017230835536 __DUMMY__ 0.003085862919582632	false	1.0
als			neg 0.4998107669923069 off 0.4934416932150121 __DUMMY__ 0.0067475397926811	false	0.0
abschreckung	neg 1.0		neg 0.5025385828785546 off 0.4906899162773025 __DUMMY__ 0.006771500844142921	false	1.0
unqualifiziert	neg 1.0		off 0.499609063572328 neg 0.4937051240710511 __DUMMY__ 0.006685812356620968	false	0.5
abgewichst	off 1.0		neg 0.49768355812167514 off 0.4955756740714155 __DUMMY__ 0.006740767806909406	false	0.5
schwer	neg 1.0		neg 0.49769341408062406 off 0.49556019094911524 __DUMMY__ 0.006746394970260702	false	1.0
bedeutungslosigkeit	neg 1.0		neg 0.5018185209317907 off 0.4914109104306323 __DUMMY__ 0.0067705686375770825	false	1.0
kapitulation	neg 1.0		neg 0.5019375553588559 off 0.49133571421565275 __DUMMY__ 0.006726730425491276	false	1.0
unscharf	neg 1.0		neg 0.498758595515944 off 0.49458497342278884 __DUMMY__ 0.006656431061267221	false	1.0
schwinden	neg 1.0		neg 0.5026115250216439 off 0.49063349568145764 __DUMMY__ 0.006754979296898409	false	1.0
versklavung	neg 1.0	neg 1.0	neg 0.7345272916309217 off 0.2623138662286702 __DUMMY__ 0.003158842140408108	false	1.0
schlecht	neg 1.0		off 0.5014017630503553 neg 0.4919165447593114 __DUMMY__ 0.006681692190333207	false	0.5
verhasst	neg 1.0		neg 0.4972694998771433 off 0.4960305553613829 __DUMMY__ 0.006699944761473842	false	1.0
beschweren	neg 1.0		off 0.49796581550331326 neg 0.49531010650905927 __DUMMY__ 0.006724077987627445	false	0.5
scheiden	neg 1.0		neg 0.4973152186703266 off 0.4959509321935243 __DUMMY__ 0.006733849136149034	false	1.0
frustriert	neg 1.0		neg 0.4985439876152804 off 0.49470283614714905 __DUMMY__ 0.0067531762375706355	false	1.0
schimmelig	neg 1.0		neg 0.5032409562373977 off 0.4900484377252085 __DUMMY__ 0.006710606037393785	false	1.0
fisch	neg 1.0		neg 0.5069712224273135 off 0.48630122435426953 __DUMMY__ 0.0067275532184168495	false	1.0
schmuggel	neg 1.0		neg 0.501884178001366 off 0.49130868202370703 __DUMMY__ 0.006807139974927001	false	1.0
auffallen	neg 1.0		off 0.49783484088110824 neg 0.49545522788491575 __DUMMY__ 0.006709931233975831	false	0.5
konkurrenz	neg 1.0		neg 0.5001392700196851 off 0.49305326869631794 __DUMMY__ 0.006807461283996974	false	1.0
teufelskreis	neg 1.0	neg 1.0	neg 0.7354891567562485 off 0.26133475860493677 __DUMMY__ 0.003176084638814773	false	1.0
aufschreien	neg 1.0		off 0.49702991323905327 neg 0.4962881581796338 __DUMMY__ 0.006681928581312939	false	0.5
schuldner	neg 1.0		neg 0.5045597185137046 off 0.48871140909812416 __DUMMY__ 0.006728872388171242	false	1.0
missgeburt	off 1.0	off 1.0	off 0.7392874557074208 neg 0.2576029377671545 __DUMMY__ 0.003109606525424731	false	1.0
arbeitslos	neg 1.0		neg 0.5003745941475607 off 0.4928730917057776 __DUMMY__ 0.006752314146661699	false	1.0
befallen	neg 1.0		neg 0.5029450831749386 off 0.4903818084563845 __DUMMY__ 0.006673108368676829	false	1.0
miesepetrig	off 1.0	off 1.0	off 0.7349904055851616 neg 0.2618522573484828 __DUMMY__ 0.0031573370663556997	false	1.0
alarmieren	neg 1.0		off 0.4994450789092497 neg 0.49388130852924844 __DUMMY__ 0.0066736125615018205	false	0.5
ungeduscht	off 1.0		off 0.4982299364720446 neg 0.49510960532194953 __DUMMY__ 0.006660458206005807	false	1.0
knappheit	neg 1.0		neg 0.5022932657360667 off 0.49099634379914675 __DUMMY__ 0.006710390464786651	false	1.0
schlange	neg 1.0		off 0.4966350167504429 neg 0.4966247124542988 __DUMMY__ 0.006740270795258236	false	0.5
harsch	neg 1.0		off 0.5055140154311989 neg 0.48784298271237747 __DUMMY__ 0.006643001856423605	false	0.5
lang	neg 1.0		neg 0.49666597719946315 off 0.4966183709406765 __DUMMY__ 0.006715651859860338	false	1.0
ziellos	neg 1.0		neg 0.5002777894287413 off 0.4929316261001006 __DUMMY__ 0.006790584471158175	false	1.0
selbstverliebt	neg 1.0		off 0.5110075347269328 neg 0.48245294386588783 __DUMMY__ 0.006539521407179381	false	0.5
beseitigen	neg 1.0		neg 0.4970206262973852 off 0.49623391226980956 __DUMMY__ 0.006745461432805241	false	1.0
dumm	off 1.0		off 0.5058672471256698 neg 0.48754976468874467 __DUMMY__ 0.006582988185585521	false	1.0
arbeitsloser	neg 1.0		off 0.4971523538676933 neg 0.4960306192652181 __DUMMY__ 0.006817026867088491	false	0.5
blitzen	neg 1.0		off 0.49798761383819307 neg 0.4953417456295271 __DUMMY__ 0.006670640532279834	false	0.5
hilflos	neg 1.0		neg 0.5002083648921739 off 0.493040180950114 __DUMMY__ 0.00675145415771204	false	1.0
eklig	off 1.0		off 0.5049086404977037 neg 0.4885360758172165 __DUMMY__ 0.0065552836850798135	false	1.0
begriff			neg 0.4975456666930645 off 0.4957105502767295 __DUMMY__ 0.006743783030206067	false	0.0
hungersnot	neg 1.0		neg 0.5017779480239932 off 0.49150447537516173 __DUMMY__ 0.006717576600845061	false	1.0
ungesetzlich	neg 1.0		off 0.49732005037607857 neg 0.49598091316572657 __DUMMY__ 0.0066990364581948365	false	0.5
verschwendung	neg 1.0		neg 0.5019912080866533 off 0.49124063472608737 __DUMMY__ 0.00676815718725936	false	1.0
schmerzvoll	neg 1.0		neg 0.4973205780120112 off 0.49597789508000834 __DUMMY__ 0.006701526907980344	false	1.0
vorzeitig	neg 1.0		off 0.502492551996141 neg 0.4907973752912561 __DUMMY__ 0.006710072712602895	false	0.5
unvollkommenheit	neg 1.0		neg 0.499314025577159 off 0.493944210951591 __DUMMY__ 0.006741763471250037	false	1.0
intervenieren	neg 1.0		neg 0.5033812369997459 off 0.4898891711666208 __DUMMY__ 0.006729591833633214	false	1.0
banause	off 1.0		off 0.5044996820584826 neg 0.4889900616804149 __DUMMY__ 0.006510256261102558	false	1.0
rebell	neg 1.0		neg 0.5077229976985389 off 0.4855153441147676 __DUMMY__ 0.006761658186693501	false	1.0
unlogisch	neg 1.0		off 0.5016858261907094 neg 0.4916919182424503 __DUMMY__ 0.006622255566840273	false	0.5
leiden	neg 1.0		neg 0.5005314236022013 off 0.49265101327397337 __DUMMY__ 0.006817563123825458	false	1.0
abschaffung	neg 1.0		neg 0.49843484911354635 off 0.49487530418057035 __DUMMY__ 0.0066898467058831386	false	1.0
sturz	neg 1.0		off 0.49989324381237094 neg 0.49335792267891 __DUMMY__ 0.006748833508719085	false	0.5
verkleinerung	neg 1.0		neg 0.4977344565432111 off 0.4956402843992003 __DUMMY__ 0.006625259057588742	false	1.0
schmarotzer	off 1.0		neg 0.4994194690967388 off 0.4938363896729322 __DUMMY__ 0.006744141230329097	false	0.5
bestrafung	neg 1.0	neg 1.0	neg 0.7336997579146696 off 0.26311289926936177 __DUMMY__ 0.0031873428159686704	false	1.0
