unsolidarisch	neg 1.0		__DUMMY__ 0.9149191183729057 neg 0.04265614595399969 off 0.042424735673094585	false	1.0
nachteilig	neg 1.0		__DUMMY__ 0.9220984700442283 neg 0.0396795292074908 off 0.03822200074828087	false	1.0
skeptisch	neg 1.0		__DUMMY__ 0.9210903020800687 neg 0.04153091585847575 off 0.03737878206145554	false	1.0
schrecklich	neg 1.0		__DUMMY__ 0.9106783676774597 off 0.04874999599808434 neg 0.04057163632445602	false	0.5
schlapp	neg 1.0	neg 1.0	neg 0.5071383433214507 __DUMMY__ 0.45155055125186244 off 0.04131110542668691	false	1.0
abfall	neg 1.0		__DUMMY__ 0.9259410050953898 neg 0.039321860983976185 off 0.034737133920634024	false	1.0
widerspenstig	neg 1.0		__DUMMY__ 0.9165366597088178 neg 0.043033502115097134 off 0.04042983817608502	false	1.0
abrupt	neg 1.0		__DUMMY__ 0.9198578686851892 neg 0.043483786888862924 off 0.03665834442594781	false	1.0
unwirksam	neg 1.0		__DUMMY__ 0.9117884355059426 neg 0.046494775528851506 off 0.04171678896520591	false	1.0
angreifen	neg 1.0		__DUMMY__ 0.92166136021403 neg 0.04133711101838534 off 0.0370015287675846	false	1.0
inkonsistent	neg 1.0		__DUMMY__ 0.9145678112674851 off 0.04318858263093253 neg 0.04224360610158237	false	0.5
abrutschen	neg 1.0		__DUMMY__ 0.924963526795757 neg 0.04057533231675435 off 0.034461140887488584	false	1.0
unsicher	neg 1.0		__DUMMY__ 0.9187010121785336 off 0.04113568528811125 neg 0.04016330253335516	false	0.5
bauernkind	off 1.0	off 1.0	off 0.5157244029640279 __DUMMY__ 0.4426486100179105 neg 0.04162698701806151	false	1.0
angreifer	neg 1.0		__DUMMY__ 0.9175828016764875 off 0.0444299560276118 neg 0.037987242295900635	false	0.5
trennen	neg 1.0		__DUMMY__ 0.9229971645249339 neg 0.04048212795011505 off 0.03652070752495109	false	1.0
schmutz	neg 1.0		__DUMMY__ 0.9218383354977802 off 0.04327425009303706 neg 0.03488741440918279	false	0.5
inkonsistenz	neg 1.0		__DUMMY__ 0.9143827384209621 off 0.04542787872603128 neg 0.04018938285300664	false	0.5
erschreckend	neg 1.0		__DUMMY__ 0.9181343166523758 neg 0.041112854579205306 off 0.040752828768418924	false	1.0
ertrinken	neg 1.0		__DUMMY__ 0.9203872964483879 neg 0.043159471836253946 off 0.03645323171535809	false	1.0
pickelface	off 1.0		__DUMMY__ 0.91689372596228 off 0.04157072710185769 neg 0.041535546935862186	false	1.0
seiner			__DUMMY__ 0.9226255433865241 neg 0.04023201648380662 off 0.03714244012966922	false	0.0
lauch	neg 1.0	neg 1.0	neg 0.5089193482242591 __DUMMY__ 0.45955645928114197 off 0.03152419249459891	false	1.0
unwichtig	neg 1.0		__DUMMY__ 0.9134292682904435 off 0.04535329058138179 neg 0.04121744112817468	false	0.5
steuerhinterziehung	neg 1.0		__DUMMY__ 0.9168422819506915 neg 0.04227196818874905 off 0.040885749860559414	false	1.0
schock	neg 1.0		__DUMMY__ 0.9191804299949231 neg 0.04105924969620292 off 0.03976032030887404	false	1.0
beule	neg 1.0		__DUMMY__ 0.9118559061923979 off 0.04687272450438885 neg 0.04127136930321318	false	0.5
vergelten	neg 1.0		__DUMMY__ 0.9116179467174728 off 0.049792969045529795 neg 0.03858908423699743	false	0.5
verdorbenheit	neg 1.0		__DUMMY__ 0.9166793702200311 off 0.041668211225052855 neg 0.041652418554916096	false	0.5
trauma	neg 1.0		__DUMMY__ 0.915634120892763 off 0.042389874473308824 neg 0.04197600463392824	false	0.5
sinnlos	neg 1.0		__DUMMY__ 0.9160454126753788 off 0.04291989161070893 neg 0.04103469571391231	false	0.5
fettsack	off 1.0	off 1.0	off 0.5168931547343141 __DUMMY__ 0.4429888430243847 neg 0.040118002241301215	false	1.0
feige	off 1.0	off 1.0	off 0.5124238531662033 __DUMMY__ 0.44906323241282825 neg 0.0385129144209684	false	1.0
abdanken	neg 1.0		__DUMMY__ 0.9180886423832749 off 0.04117193042878414 neg 0.04073942718794095	false	0.5
wichtigtuer	off 1.0	off 1.0	off 0.5098315108189303 __DUMMY__ 0.4531918286381755 neg 0.0369766605428942	false	1.0
misslingen	neg 1.0	neg 1.0	neg 0.5018616448001239 __DUMMY__ 0.45987901060323155 off 0.03825934459664451	false	1.0
untreu	off 1.0		__DUMMY__ 0.9124183614779312 off 0.04642251361828514 neg 0.04115912490378357	false	1.0
missmutig	neg 1.0		__DUMMY__ 0.9144641372431851 off 0.044189910891880936 neg 0.04134595186493387	false	0.5
hurenbock	off 1.0		__DUMMY__ 0.9128851262600786 neg 0.04601399212343941 off 0.041100881616482086	false	0.5
betrunken	neg 1.0		__DUMMY__ 0.9113371474814919 off 0.0477464487582219 neg 0.040916403760286144	false	0.5
korrupt	off 1.0		__DUMMY__ 0.9162990376939896 neg 0.04305394184158643 off 0.040647020464423984	false	0.5
unmut	neg 1.0		__DUMMY__ 0.922493896835677 neg 0.04153303306619649 off 0.035973070098126475	false	1.0
hackfresse	off 1.0		__DUMMY__ 0.9070609604880358 off 0.0525616898560632 neg 0.04037734965590106	false	1.0
aufblasen	neg 1.0		__DUMMY__ 0.9176958395953752 off 0.04129898117637719 neg 0.04100517922824761	false	0.5
gewaltsam	neg 1.0		__DUMMY__ 0.9181326564266425 neg 0.040965257450617826 off 0.04090208612273962	false	1.0
unbeliebtheit	neg 1.0		__DUMMY__ 0.9130549287425821 off 0.04653070282542744 neg 0.04041436843199048	false	0.5
sturheit	neg 1.0		__DUMMY__ 0.9197853979189884 off 0.04074406207222139 neg 0.03947054000879026	false	0.5
kuh	neg 1.0		__DUMMY__ 0.9075877287973317 neg 0.0489393465742776 off 0.04347292462839065	false	1.0
erschrecken	neg 1.0		__DUMMY__ 0.9151623016999216 off 0.044566267213981214 neg 0.040271431086097195	false	0.5
opfer	neg 1.0		__DUMMY__ 0.922521990906609 neg 0.03900985194093542 off 0.038468157152455495	false	1.0
sinken	neg 1.0		__DUMMY__ 0.9209997007595256 neg 0.0427022586362109 off 0.03629804060426343	false	1.0
stinktier	neg 1.0		__DUMMY__ 0.9037319981651908 off 0.050760914566552566 neg 0.04550708726825667	false	0.5
tucke	off 1.0		__DUMMY__ 0.9011814015309533 off 0.054272667940976294 neg 0.0445459305280704	false	1.0
ein			__DUMMY__ 0.9164973296400623 neg 0.04324351558318924 off 0.04025915477674843	false	0.0
abstieg	neg 1.0		__DUMMY__ 0.9241558889462892 off 0.03951104580292697 neg 0.036333065250783815	false	0.5
missverstehen	neg 1.0		__DUMMY__ 0.915276560192719 off 0.04371251302201376 neg 0.04101092678526726	false	0.5
ergebnislos	neg 1.0		__DUMMY__ 0.922678196378089 neg 0.03909879090153118 off 0.03822301272037979	false	1.0
unter			__DUMMY__ 0.9298974992526746 neg 0.03908428226836759 off 0.0310182184789577	false	0.0
manipulieren	neg 1.0		__DUMMY__ 0.9225704244292051 neg 0.03964120421389405 off 0.03778837135690079	false	1.0
unbewiesen	neg 1.0	neg 1.0	neg 0.507089976469259 __DUMMY__ 0.45410942997217674 off 0.0388005935585642	false	1.0
verschleppen	neg 1.0		__DUMMY__ 0.9191539681396002 neg 0.041649792515445545 off 0.03919623934495436	false	1.0
weib	off 1.0		__DUMMY__ 0.9031900527516346 off 0.054506233994347536 neg 0.04230371325401802	false	1.0
opposition	neg 1.0		__DUMMY__ 0.9145466344206304 neg 0.04304690022393182 off 0.04240646535543773	false	1.0
verkehrswidrig	neg 1.0	neg 1.0	neg 0.5031286475528761 __DUMMY__ 0.4516804470295525 off 0.04519090541757133	false	1.0
inkorrekt	neg 1.0		__DUMMY__ 0.9099432434541718 off 0.04896471424787048 neg 0.041092042297957786	false	0.5
vermeiden	neg 1.0		__DUMMY__ 0.9257962357106859 neg 0.04039153649752433 off 0.03381222779178975	false	1.0
abweichung	neg 1.0	neg 1.0	neg 0.504234490865255 __DUMMY__ 0.4599803039681466 off 0.03578520516659842	false	1.0
alkoholisiert	neg 1.0		__DUMMY__ 0.9255195330355291 neg 0.038240843013244714 off 0.03623962395122621	false	1.0
scheiss	off 1.0	off 1.0	off 0.5127860844647936 __DUMMY__ 0.44844693522993134 neg 0.0387669803052751	false	1.0
herausforderung	neg 1.0		__DUMMY__ 0.9210115747631871 neg 0.03977566557534206 off 0.03921275966147082	false	1.0
pervers	off 1.0		__DUMMY__ 0.9022802222428943 off 0.056426786861174506 neg 0.04129299089593117	false	1.0
wackelig	neg 1.0		__DUMMY__ 0.9213818510348346 neg 0.03991683912430466 off 0.03870130984086085	false	1.0
verwickeln	neg 1.0		__DUMMY__ 0.915602240015141 off 0.04300587429089591 neg 0.041391885693963085	false	0.5
vorwand	neg 1.0		__DUMMY__ 0.9218071783261942 neg 0.041615298995019846 off 0.03657752267878594	false	1.0
muschi	off 1.0		__DUMMY__ 0.9186102244401092 neg 0.04073819264522667 off 0.04065158291466415	false	0.5
entmutigung	neg 1.0		__DUMMY__ 0.9135725330669068 off 0.043753991157317686 neg 0.04267347577577547	false	0.5
unangemessen	neg 1.0		__DUMMY__ 0.9192910866971001 off 0.040425867487110446 neg 0.04028304581578939	false	0.5
unstetig	neg 1.0		__DUMMY__ 0.9151378168406704 off 0.044371534305174 neg 0.04049064885415568	false	0.5
entmutigen	neg 1.0		__DUMMY__ 0.9172618410915069 off 0.04200555541406975 neg 0.040732603494423404	false	0.5
schwanz	neg 1.0		__DUMMY__ 0.9191732741303448 neg 0.04215457769048507 off 0.03867214817917021	false	1.0
verbot	neg 1.0		__DUMMY__ 0.9167032484120219 neg 0.042970771681620216 off 0.04032597990635783	false	1.0
leid	neg 1.0		__DUMMY__ 0.9088519283021158 off 0.05001822098609144 neg 0.041129850711792704	false	0.5
archaisch	neg 1.0		__DUMMY__ 0.9178608069573245 neg 0.04203574968327281 off 0.040103443359402614	false	1.0
gegen			__DUMMY__ 0.9243039064925245 neg 0.03926139004722152 off 0.03643470346025412	false	0.0
scheidung	neg 1.0		__DUMMY__ 0.9052916528179652 off 0.05948698947672298 neg 0.03522135770531185	false	0.5
einschlag	neg 1.0		__DUMMY__ 0.913375995530058 off 0.0488961569868994 neg 0.037727847483042566	false	0.5
m			__DUMMY__ 0.9198561397709738 neg 0.040927195901067616 off 0.0392166643279586	false	0.0
abgestanden	neg 1.0		__DUMMY__ 0.911650084337631 neg 0.047727800920596954 off 0.04062211474177219	false	1.0
schmierig	off 1.0		__DUMMY__ 0.9092335317481121 off 0.049842863880700125 neg 0.04092360437118789	false	1.0
unpraktisch	neg 1.0		__DUMMY__ 0.9179414278382172 off 0.04201159208898421 neg 0.040046980072798506	false	0.5
wixxer	off 1.0		__DUMMY__ 0.9004495258480588 off 0.05679289690697927 neg 0.04275757724496194	false	1.0
bezeichnet			__DUMMY__ 0.9180749977369068 off 0.041607051721852036 neg 0.04031795054124112	false	0.0
jammerlappen	off 1.0		__DUMMY__ 0.9137360864580538 off 0.04563647984213459 neg 0.04062743369981154	false	1.0
farce	neg 1.0		__DUMMY__ 0.9153934408809622 neg 0.04295313651546334 off 0.041653422603574415	false	1.0
zwecklos	neg 1.0		__DUMMY__ 0.9187579315023839 neg 0.04161409869294267 off 0.039627969804673285	false	1.0
turbulent	neg 1.0		__DUMMY__ 0.9118993084797058 off 0.04723819923382997 neg 0.040862492286464325	false	0.5
invasion	neg 1.0		__DUMMY__ 0.9156530202508776 off 0.043408106666914435 neg 0.04093887308220803	false	0.5
schuld	neg 1.0		__DUMMY__ 0.9166376776345343 off 0.04241279040246312 neg 0.04094953196300248	false	0.5
risiko	neg 1.0		__DUMMY__ 0.9136408451473335 neg 0.04324474592062118 off 0.04311440893204531	false	1.0
finster	neg 1.0		__DUMMY__ 0.9164821820837433 neg 0.04319534179752187 off 0.040322476118734824	false	1.0
geisteskrank	off 1.0		__DUMMY__ 0.9111001122897293 off 0.04786340603717684 neg 0.041036481673093844	false	1.0
zusammenbrechen	neg 1.0		__DUMMY__ 0.9185248201567897 neg 0.041737192377368636 off 0.03973798746584164	false	1.0
ausbeute	neg 1.0		__DUMMY__ 0.9218734168719104 off 0.039885309091155056 neg 0.03824127403693468	false	0.5
hinterhalt	neg 1.0		__DUMMY__ 0.9182836466391326 neg 0.04199643392952076 off 0.03971991943134659	false	1.0
kritik	neg 1.0		__DUMMY__ 0.9153308927010929 neg 0.043208702876944415 off 0.041460404421962686	false	1.0
einschrumpfen	neg 1.0		__DUMMY__ 0.9104963310910913 off 0.04577814677636989 neg 0.04372552213253881	false	0.5
riskant	neg 1.0		__DUMMY__ 0.9201363599649494 neg 0.0422720588487044 off 0.03759158118634629	false	1.0
frustrieren	neg 1.0		__DUMMY__ 0.9188021519518337 neg 0.04282323341151279 off 0.03837461463665359	false	1.0
groll	neg 1.0		__DUMMY__ 0.9201575702028324 neg 0.04007792622043532 off 0.03976450357673235	false	1.0
gibt			__DUMMY__ 0.9198232185942692 neg 0.04077476721003293 off 0.03940201419569791	false	0.0
qualvoll	neg 1.0		__DUMMY__ 0.9160576443327064 off 0.04288893854659836 neg 0.04105341712069527	false	0.5
wackeln	neg 1.0		__DUMMY__ 0.9182364898168383 off 0.04092489781564964 neg 0.04083861236751219	false	0.5
klagen	neg 1.0		__DUMMY__ 0.9209577976448875 neg 0.04218733563211915 off 0.036854866722993374	false	1.0
bankrott	neg 1.0		__DUMMY__ 0.9155529477393421 off 0.044832416625099125 neg 0.03961463563555864	false	0.5
trauern	neg 1.0		__DUMMY__ 0.9251788486917873 off 0.0374544011851025 neg 0.037366750123110075	false	0.5
ablehnung	neg 1.0		__DUMMY__ 0.9162962849929099 neg 0.042755466297207285 off 0.04094824870988273	false	1.0
stur	neg 1.0		__DUMMY__ 0.9158142031173016 off 0.04238755669479406 neg 0.04179824018790441	false	0.5
aufruhr	neg 1.0	neg 1.0	neg 0.507397179331 __DUMMY__ 0.4548357177284865 off 0.037767102940513345	false	1.0
melancholie	neg 1.0		__DUMMY__ 0.9196727939809183 neg 0.043551719213388594 off 0.03677548680569314	false	1.0
ist			__DUMMY__ 0.9164402541774392 off 0.042713892029363175 neg 0.04084585379319761	false	0.0
torheit	neg 1.0		__DUMMY__ 0.9167618773605816 off 0.042544896726643085 neg 0.0406932259127753	false	0.5
dreckskind	off 1.0		__DUMMY__ 0.9049875668970391 off 0.05366405710407804 neg 0.04134837599888284	false	1.0
umtauschen	neg 1.0		__DUMMY__ 0.9180510896814079 neg 0.041806890870603075 off 0.04014201944798902	false	1.0
zum			__DUMMY__ 0.930320164446611 neg 0.03586104264188276 off 0.03381879291150623	false	0.0
zersetzen	neg 1.0		__DUMMY__ 0.9197304780870789 neg 0.04272881389709301 off 0.03754070801582815	false	1.0
zur			__DUMMY__ 0.9257777721934 neg 0.04003701962682753 off 0.03418520817977253	false	0.0
frust	neg 1.0		__DUMMY__ 0.919214043376784 neg 0.041188116467104345 off 0.0395978401561116	false	1.0
unerbittlichkeit	neg 1.0		__DUMMY__ 0.9211586251419359 neg 0.040660376324602135 off 0.0381809985334619	false	1.0
zwei			__DUMMY__ 0.9267271281956886 neg 0.03982468373829602 off 0.033448188066015364	false	0.0
unkorrekt	neg 1.0		__DUMMY__ 0.9104974703182366 off 0.04765561280973112 neg 0.04184691687203234	false	0.5
hexe	off 1.0		__DUMMY__ 0.9113462055012315 off 0.04493365929232846 neg 0.04372013520644008	false	1.0
lasch	neg 1.0		__DUMMY__ 0.9144882439040807 off 0.04499026844835246 neg 0.04052148764756679	false	0.5
rivale	neg 1.0		__DUMMY__ 0.910950536146783 off 0.04870473528241716 neg 0.040344728570799814	false	0.5
mutlos	off 1.0	off 1.0	off 0.5057768846037088 __DUMMY__ 0.4566179820001277 neg 0.03760513339616341	false	1.0
wirr	off 1.0		__DUMMY__ 0.9097036827222805 off 0.049353006259869825 neg 0.0409433110178497	false	1.0
jahr			__DUMMY__ 0.9265945013927113 off 0.037021717605161035 neg 0.03638378100212777	false	0.0
wird			__DUMMY__ 0.92049356749545 neg 0.040725383318517515 off 0.03878104918603254	false	0.0
strafbar	neg 1.0		__DUMMY__ 0.9210398542323621 neg 0.04087117345225215 off 0.038088972315385806	false	1.0
erosion	neg 1.0		__DUMMY__ 0.9176565128418569 off 0.04120335016011685 neg 0.04114013699802625	false	0.5
eingehen	neg 1.0		__DUMMY__ 0.9192104432035291 neg 0.04252029846797495 off 0.03826925832849594	false	1.0
faul	off 1.0		__DUMMY__ 0.9144810411532766 off 0.04447079138284101 neg 0.04104816746388235	false	1.0
provisorium	neg 1.0		__DUMMY__ 0.9304255959810451 neg 0.038637539017464195 off 0.030936865001490697	false	1.0
schmerzen	neg 1.0		__DUMMY__ 0.9180551144018877 neg 0.04228336867544584 off 0.03966151692266649	false	1.0
schrumpfen	neg 1.0		__DUMMY__ 0.9223388195997987 neg 0.04324744136733273 off 0.0344137390328686	false	1.0
geistlos	off 1.0		__DUMMY__ 0.9132374557290578 off 0.04415926885890077 neg 0.04260327541204146	false	1.0
fehlkauf	neg 1.0		__DUMMY__ 0.9140493230745147 off 0.0434479508982006 neg 0.04250272602728467	false	0.5
frustrierend	neg 1.0		__DUMMY__ 0.9145633068044449 off 0.04456608599003233 neg 0.040870607205522914	false	0.5
unzufrieden	neg 1.0		__DUMMY__ 0.9191034644470101 neg 0.041432936484424344 off 0.039463599068565586	false	1.0
verzweifeln	neg 1.0		__DUMMY__ 0.9189224175937236 neg 0.040619887395925515 off 0.0404576950103509	false	1.0
verzweifelt	neg 1.0		__DUMMY__ 0.9164651060247585 off 0.042453423953018585 neg 0.041081470022222955	false	0.5
misstrauensantrag	neg 1.0		__DUMMY__ 0.9159683979114945 off 0.042776554280925264 neg 0.041255047807580165	false	0.5
abfallen	neg 1.0		__DUMMY__ 0.9173303309312921 neg 0.04169001335616809 off 0.04097965571253979	false	1.0
fucker	off 1.0		__DUMMY__ 0.9115632033716277 off 0.04853725412218134 neg 0.03989954250619106	false	1.0
ungezogen	neg 1.0		__DUMMY__ 0.9047731544245573 off 0.05437550205309815 neg 0.04085134352234455	false	0.5
irrsinnig	neg 1.0	neg 1.0	neg 0.5079879915517297 __DUMMY__ 0.45359446041731527 off 0.038417548030955026	false	1.0
unfassbar	neg 1.0		__DUMMY__ 0.9132762636828786 off 0.04634108242721604 neg 0.04038265388990535	false	0.5
hart	neg 1.0		__DUMMY__ 0.9079394438822921 off 0.04636822299645935 neg 0.045692333121248485	false	0.5
widerlich	off 1.0		__DUMMY__ 0.9120796137117368 off 0.046828717848500026 neg 0.041091668439763133	false	1.0
fatal	neg 1.0	neg 1.0	neg 0.5103537225884005 __DUMMY__ 0.44984995816338413 off 0.03979631924821537	false	1.0
bruch	neg 1.0		__DUMMY__ 0.9252317545578007 neg 0.03911264822887888 off 0.03565559721332049	false	1.0
aushungern	neg 1.0		__DUMMY__ 0.9162790174969397 neg 0.04314704193234461 off 0.04057394057071561	false	1.0
anspannung	neg 1.0		__DUMMY__ 0.9278351478644203 neg 0.03839455162179636 off 0.033770300513783214	false	1.0
von			__DUMMY__ 0.9227866114634399 neg 0.04069290721558311 off 0.036520481320977044	false	0.0
kraftlos	neg 1.0		__DUMMY__ 0.9202863155441362 neg 0.040924764246561295 off 0.038788920209302524	false	1.0
vom			__DUMMY__ 0.9321882543785707 neg 0.03660616367084017 off 0.0312055819505891	false	0.0
grenzdebil	off 1.0		__DUMMY__ 0.9119404895016847 off 0.04656602271560022 neg 0.04149348778271503	false	1.0
vor			__DUMMY__ 0.9233415772830543 neg 0.04088280842055935 off 0.035775614296386274	false	0.0
unterwerfen	neg 1.0		__DUMMY__ 0.9205851301115081 neg 0.04084278873172539 off 0.03857208115676657	false	1.0
versenkung	neg 1.0		__DUMMY__ 0.9210133646027148 neg 0.040739597305524386 off 0.03824703809176086	false	1.0
entziehen	neg 1.0		__DUMMY__ 0.9218577195198233 neg 0.04159828948560124 off 0.03654399099457551	false	1.0
finanzkrise	neg 1.0		__DUMMY__ 0.9116292983924575 neg 0.04720502365454466 off 0.04116567795299787	false	1.0
schimpfend	neg 1.0		__DUMMY__ 0.9189793206487065 off 0.041351936549067936 neg 0.0396687428022256	false	0.5
profan	neg 1.0		__DUMMY__ 0.9155417004492552 off 0.04322205525721507 neg 0.04123624429352978	false	0.5
korruption	neg 1.0		__DUMMY__ 0.9169502122026437 neg 0.04312083739050515 off 0.03992895040685117	false	1.0
â			__DUMMY__ 0.919501766087765 neg 0.04181640123576773 off 0.03868183267646727	false	0.0
schmutzig	neg 1.0		__DUMMY__ 0.9125440231958627 off 0.04670493696087087 neg 0.04075103984326644	false	0.5
sexy	neg 1.0		__DUMMY__ 0.9153684697424129 off 0.0444397959778598 neg 0.04019173427972729	false	0.5
abraten	neg 1.0		__DUMMY__ 0.9168196129692174 off 0.042722923054196144 neg 0.04045746397658643	false	0.5
schwarz	neg 1.0		__DUMMY__ 0.915881227193999 off 0.04314356582505384 neg 0.04097520698094713	false	0.5
fotze	off 1.0	off 1.0	off 0.5059316389373963 __DUMMY__ 0.45638529557679375 neg 0.037683065485809866	false	1.0
verwirren	neg 1.0		__DUMMY__ 0.9157996466720496 off 0.043493644191638293 neg 0.04070670913631206	false	0.5
zahnlos	off 1.0		__DUMMY__ 0.9183538911443012 neg 0.041332580832694775 off 0.040313528023003954	false	0.5
verheeren	neg 1.0		__DUMMY__ 0.9048323481988049 off 0.05579748652656713 neg 0.039370165274628006	false	0.5
hippie	neg 1.0		__DUMMY__ 0.9148932341241875 off 0.04425587109290868 neg 0.040850894782903706	false	0.5
rammen	neg 1.0		__DUMMY__ 0.9179755238118281 off 0.04112459848815076 neg 0.04089987770002118	false	0.5
unlauter	neg 1.0		__DUMMY__ 0.9148370506836853 off 0.043119141075772076 neg 0.04204380824054261	false	0.5
unheilvoll	neg 1.0		__DUMMY__ 0.916372486644327 off 0.04184951290693508 neg 0.04177800044873791	false	0.5
niedrig	neg 1.0		__DUMMY__ 0.9181092881204012 neg 0.04329560196507025 off 0.03859510991452856	false	1.0
explosion	neg 1.0		__DUMMY__ 0.9154432014931262 off 0.04403687201694535 neg 0.04051992648992855	false	0.5
weichei	off 1.0	off 1.0	off 0.5164169570386048 __DUMMY__ 0.445008697089705 neg 0.038574345871690154	false	1.0
minusmensch	off 1.0		__DUMMY__ 0.9033506697328165 off 0.05584382741815261 neg 0.04080550284903092	false	1.0
farblos	neg 1.0		__DUMMY__ 0.9155851464730996 neg 0.042749845026569186 off 0.0416650085003312	false	1.0
unwissend	neg 1.0	neg 1.0	neg 0.5084084781114919 __DUMMY__ 0.45024012726558676 off 0.04135139462292144	false	1.0
traurig	neg 1.0		__DUMMY__ 0.9108702566365307 off 0.04844933261377361 neg 0.04068041074969577	false	0.5
senkung	neg 1.0		__DUMMY__ 0.9115686832688511 neg 0.04474757411614377 off 0.04368374261500518	false	1.0
ungleich	neg 1.0	neg 1.0	neg 0.5075635257602801 __DUMMY__ 0.45721238752635085 off 0.03522408671336909	false	1.0
heikel	neg 1.0		__DUMMY__ 0.920914896377988 neg 0.04138877768281019 off 0.0376963259392018	false	1.0
drosselung	neg 1.0		__DUMMY__ 0.9085392643272334 off 0.04660392901849853 neg 0.044856806654268076	false	0.5
falsch	neg 1.0		__DUMMY__ 0.9150301289172816 off 0.04460349529585898 neg 0.04036637578685938	false	0.5
unzufriedenheit	neg 1.0		__DUMMY__ 0.9191553981424022 neg 0.04315127217913801 off 0.037693329678459765	false	1.0
kurz	neg 1.0		__DUMMY__ 0.9209411112754496 neg 0.039888412678195574 off 0.03917047604635469	false	1.0
unsinnig	neg 1.0		__DUMMY__ 0.9164122433654726 neg 0.04287889009501865 off 0.04070886653950874	false	1.0
penner	off 1.0	off 1.0	off 0.517976662751928 __DUMMY__ 0.4443938947569884 neg 0.037629442491083576	false	1.0
seicht	neg 1.0		__DUMMY__ 0.9025984567240741 off 0.05411717000039474 neg 0.04328437327553115	false	0.5
dummheit	off 1.0	off 1.0	off 0.5100398354293226 __DUMMY__ 0.45125197997877353 neg 0.03870818459190383	false	1.0
unerfreulich	neg 1.0		__DUMMY__ 0.9214629977241774 neg 0.04115718010278641 off 0.0373798221730362	false	1.0
motherfucker	off 1.0	off 1.0	off 0.5138801792029518 __DUMMY__ 0.449046988023142 neg 0.03707283277390627	false	1.0
pikiert	neg 1.0	neg 1.0	neg 0.5084315077739302 __DUMMY__ 0.44976939476073036 off 0.041799097465339455	false	1.0
wrack	neg 1.0		__DUMMY__ 0.9260042524425938 off 0.03899310663223058 neg 0.035002640925175674	false	0.5
gangster	neg 1.0		__DUMMY__ 0.9146597554390682 off 0.04438435795025754 neg 0.04095588661067432	false	0.5
krank	neg 1.0	neg 1.0	neg 0.5063068439288189 __DUMMY__ 0.45150876886932145 off 0.042184387201859665	false	1.0
reich	neg 1.0		__DUMMY__ 0.9118907875160006 off 0.044755205627760794 neg 0.043354006856238615	false	0.5
gnadenlos	neg 1.0		__DUMMY__ 0.9176129972925878 off 0.04220864470169989 neg 0.040178358005712206	false	0.5
niedergeschlagen	neg 1.0		__DUMMY__ 0.9207480220043583 neg 0.04028807618711915 off 0.03896390180852254	false	1.0
terrorisieren	off 1.0	off 1.0	off 0.50482942048618 __DUMMY__ 0.4579252519906328 neg 0.03724532752318726	false	1.0
sinnlosigkeit	neg 1.0		__DUMMY__ 0.9191305238039129 neg 0.0410344174333258 off 0.03983505876276127	false	1.0
behindern	neg 1.0		__DUMMY__ 0.9168573648502882 neg 0.042270705827429665 off 0.040871929322282084	false	1.0
undemokratisch	neg 1.0		__DUMMY__ 0.9147521669331873 off 0.04363813206045789 neg 0.04160970100635472	false	0.5
wirtschaftskrise	neg 1.0		__DUMMY__ 0.9152553020328049 neg 0.04513560132443493 off 0.039609096642760105	false	1.0
neid	neg 1.0		__DUMMY__ 0.9152078056230525 off 0.04383243242542315 neg 0.040959761951524364	false	0.5
rutschen	neg 1.0		__DUMMY__ 0.9267016103533663 neg 0.04010846608309989 off 0.03318992356353389	false	1.0
rezession	neg 1.0		__DUMMY__ 0.9058643374687976 off 0.049004280403303374 neg 0.04513138212789908	false	0.5
fehlgeburt	neg 1.0		__DUMMY__ 0.9200859041298989 off 0.04103020875862167 neg 0.03888388711147945	false	0.5
charakterschwach	off 1.0		__DUMMY__ 0.9119680231763703 off 0.04651593778801892 neg 0.04151603903561087	false	1.0
isolation	neg 1.0		__DUMMY__ 0.9158377887497463 off 0.04443177869628381 neg 0.039730432553969845	false	0.5
ablenkung	neg 1.0		__DUMMY__ 0.9192435176550963 off 0.040903762853600555 neg 0.039852719491303215	false	0.5
pech	neg 1.0		__DUMMY__ 0.9149812616925623 off 0.04440489715532088 neg 0.0406138411521168	false	0.5
vermeidung	neg 1.0		__DUMMY__ 0.9115802174402965 off 0.04643573050838781 neg 0.041984052051315765	false	0.5
dominieren	neg 1.0		__DUMMY__ 0.9202340178809921 off 0.04000060345214295 neg 0.039765378666864894	false	0.5
schwindlig	neg 1.0		__DUMMY__ 0.9159694310007529 off 0.042350256169987305 neg 0.04168031282925975	false	0.5
lutscher	neg 1.0	neg 1.0	neg 0.5091780297568886 __DUMMY__ 0.4404742566498297 off 0.05034771359328172	false	1.0
pflicht	neg 1.0		__DUMMY__ 0.9232328597660708 neg 0.04007292687462956 off 0.03669421335929959	false	1.0
faschist	off 1.0		__DUMMY__ 0.9146292299709332 off 0.04482336452586647 neg 0.04054740550320039	false	1.0
verschleudern	neg 1.0		__DUMMY__ 0.9165343241337297 neg 0.044986845847345115 off 0.03847883001892519	false	1.0
wenn			__DUMMY__ 0.9138225083683447 off 0.045380667368810565 neg 0.040796824262844714	false	0.0
ehebruch	neg 1.0		__DUMMY__ 0.9195484484305317 neg 0.04133728075311989 off 0.03911427081634843	false	1.0
spott	off 1.0		__DUMMY__ 0.9208581561295656 neg 0.04017176469782145 off 0.03897007917261298	false	0.5
trostlosigkeit	neg 1.0		__DUMMY__ 0.9198343619932077 neg 0.043568194801858404 off 0.03659744320493395	false	1.0
lutschen	neg 1.0		__DUMMY__ 0.9138097042754545 off 0.04473518063249693 neg 0.04145511509204848	false	0.5
undiszipliniert	neg 1.0		__DUMMY__ 0.9118251121193747 off 0.047776618762411176 neg 0.040398269118214085	false	0.5
kopfschmerz	neg 1.0		__DUMMY__ 0.9181187307385655 neg 0.043859870162391526 off 0.03802139909904297	false	1.0
unvorhergesehen	neg 1.0		__DUMMY__ 0.9234376855146281 neg 0.040481245952496935 off 0.03608106853287502	false	1.0
desinteressiert	neg 1.0		__DUMMY__ 0.9114624010535791 off 0.04735377105194163 neg 0.04118382789447932	false	0.5
armselig	off 1.0		__DUMMY__ 0.9100941171383052 off 0.0494210924371156 neg 0.04048479042457908	false	1.0
desaster	neg 1.0		__DUMMY__ 0.9213811552374325 neg 0.04234515619994937 off 0.0362736885626181	false	1.0
tod	neg 1.0		__DUMMY__ 0.9223750935383762 neg 0.03985362603023111 off 0.037771280431392766	false	1.0
herzlos	neg 1.0		__DUMMY__ 0.9103306714478261 off 0.048831154509721475 neg 0.04083817404245242	false	0.5
unwissenheit	neg 1.0		__DUMMY__ 0.9187623712224133 neg 0.041698735517626796 off 0.0395388932599599	false	1.0
widersinnig	neg 1.0		__DUMMY__ 0.9158313460708426 neg 0.043238388341739244 off 0.040930265587418156	false	1.0
bedenklich	neg 1.0		__DUMMY__ 0.9187549277571256 neg 0.04240350569651489 off 0.03884156654635955	false	1.0
beanstanden	neg 1.0		__DUMMY__ 0.9231048474416113 neg 0.039726912477796424 off 0.037168240080592246	false	1.0
panisch	neg 1.0		__DUMMY__ 0.9179712108034161 off 0.0424984600562014 neg 0.039530329140382445	false	0.5
debil	off 1.0		__DUMMY__ 0.9267476405446673 neg 0.041905604947324725 off 0.031346754508007904	false	0.5
abstrich	neg 1.0		__DUMMY__ 0.9176563179777508 neg 0.04352579081356101 off 0.03881789120868807	false	1.0
primitiv	neg 1.0		__DUMMY__ 0.9118183876447418 off 0.04759047498199373 neg 0.04059113737326451	false	0.5
abschaum	off 1.0	off 1.0	off 0.5121607248071219 __DUMMY__ 0.4518151080187103 neg 0.036024167174167794	false	1.0
provozieren	neg 1.0		__DUMMY__ 0.9162176033192811 off 0.04222007837237876 neg 0.04156231830834008	false	0.5
tot	neg 1.0		__DUMMY__ 0.9183834033042874 neg 0.04272705357751286 off 0.03888954311819976	false	1.0
instabil	neg 1.0		__DUMMY__ 0.9097074926660349 off 0.049645602759608554 neg 0.04064690457435657	false	0.5
schwuchtel	off 1.0	off 1.0	off 0.5238626472456734 __DUMMY__ 0.43775093353168715 neg 0.038386419222639356	false	1.0
zerren	neg 1.0		__DUMMY__ 0.9208877818963531 neg 0.04004702337118525 off 0.03906519473246169	false	1.0
kinderficker	off 1.0		__DUMMY__ 0.9079091168401305 off 0.051408617032483235 neg 0.0406822661273862	false	1.0
gefahr	neg 1.0		__DUMMY__ 0.922355640390626 neg 0.04059685321481586 off 0.037047506394558095	false	1.0
rabiat	neg 1.0		__DUMMY__ 0.916947732685276 neg 0.04236173364324374 off 0.04069053367148032	false	1.0
verlangsamung	neg 1.0		__DUMMY__ 0.9063643803623335 off 0.05294894238825939 neg 0.04068667724940717	false	0.5
ausgestorben	neg 1.0		__DUMMY__ 0.9189781027224132 neg 0.04074818912959435 off 0.04027370814799245	false	1.0
anklagen	neg 1.0		__DUMMY__ 0.9188504572073511 neg 0.041044445087569784 off 0.04010509770507905	false	1.0
trott	neg 1.0		__DUMMY__ 0.9176657892420329 neg 0.04124444471879514 off 0.04108976603917194	false	1.0
verminderung	neg 1.0		__DUMMY__ 0.9121466030119992 off 0.04640899969169528 neg 0.04144439729630548	false	0.5
nach			__DUMMY__ 0.9287659137550028 neg 0.039043382522719314 off 0.032190703722277836	false	0.0
rost	neg 1.0		__DUMMY__ 0.9088588723797777 off 0.05370238071580293 neg 0.037438746904419416	false	0.5
destruktiv	neg 1.0		__DUMMY__ 0.9170291475232881 neg 0.04166959196704203 off 0.0413012605096698	false	1.0
unzumutbarkeit	neg 1.0		__DUMMY__ 0.9130322248225866 off 0.04645438300898304 neg 0.04051339216843037	false	0.5
labil	off 1.0	off 1.0	off 0.5116235735038982 __DUMMY__ 0.45058429328829985 neg 0.03779213320780199	false	1.0
ziemlich	neg 1.0		__DUMMY__ 0.9141363729561199 off 0.046008524412350364 neg 0.03985510263152974	false	0.5
lachnummer	off 1.0		__DUMMY__ 0.9179790143903099 off 0.04196403287192398 neg 0.04005695273776618	false	1.0
oder			__DUMMY__ 0.9188726137173523 off 0.04144506631703186 neg 0.03968231996561593	false	0.0
verfall	neg 1.0		__DUMMY__ 0.9218328745720125 neg 0.043716708188304566 off 0.03445041723968288	false	1.0
ausgrenzung	neg 1.0		__DUMMY__ 0.9145315343390061 off 0.04350960755524416 neg 0.04195885810574971	false	0.5
unordnung	neg 1.0		__DUMMY__ 0.9086233529468901 off 0.04979186941523665 neg 0.04158477763787326	false	0.5
fehlverhalten	neg 1.0		__DUMMY__ 0.9207394078041342 neg 0.04106372054350709 off 0.038196871652358674	false	1.0
eine			__DUMMY__ 0.9223497694208685 neg 0.04144860064030684 off 0.03620162993882462	false	0.0
nille	neg 1.0		__DUMMY__ 0.9173393426699378 off 0.0416136099960834 neg 0.041047047333978744	false	0.5
qual	neg 1.0		__DUMMY__ 0.9175063819503652 neg 0.04165021400541716 off 0.040843404044217754	false	1.0
verschwenden	neg 1.0		__DUMMY__ 0.9191931734630701 neg 0.04308335969170407 off 0.037723466845225845	false	1.0
riesig	neg 1.0		__DUMMY__ 0.9216285473939705 neg 0.04073806874602651 off 0.03763338386000301	false	1.0
verurteilen	neg 1.0		__DUMMY__ 0.918411150476772 neg 0.04156235026843534 off 0.040026499254792694	false	1.0
klischee	neg 1.0	neg 1.0	neg 0.5082821821056553 __DUMMY__ 0.45088976866496244 off 0.040828049229382234	false	1.0
diktatorisch	neg 1.0		__DUMMY__ 0.9140061959461917 off 0.04375507780323383 neg 0.042238726250574406	false	0.5
vorhersehbar	neg 1.0		__DUMMY__ 0.913648174667018 off 0.044116476809086265 neg 0.04223534852389567	false	0.5
sowie			__DUMMY__ 0.9061490156172513 off 0.05074712661503007 neg 0.04310385776771863	false	0.0
stornieren	neg 1.0		__DUMMY__ 0.9201604212100669 off 0.04340136848427996 neg 0.03643821030565313	false	0.5
besteuerung	neg 1.0	neg 1.0	neg 0.5119480064668901 __DUMMY__ 0.44980226377795046 off 0.038249729755159584	false	1.0
ungeschminkt	neg 1.0		__DUMMY__ 0.9114768865132955 off 0.0470712375273818 neg 0.04145187595932274	false	0.5
kritisch	neg 1.0		__DUMMY__ 0.9193519056709584 neg 0.04100265920537812 off 0.03964543512366345	false	1.0
schlamperei	off 1.0		__DUMMY__ 0.9197256498520565 neg 0.0417810147371578 off 0.03849333541078562	false	0.5
sucht	neg 1.0	neg 1.0	neg 0.5059720906705022 __DUMMY__ 0.45597217794667244 off 0.038055731382825295	false	1.0
egoistisch	off 1.0	off 1.0	off 0.5163277787324616 __DUMMY__ 0.44704109513072693 neg 0.03663112613681138	false	1.0
ausbeuter	off 1.0		__DUMMY__ 0.9184220244558641 neg 0.043537905869528576 off 0.03804006967460729	false	0.5
arschgeburt	off 1.0		__DUMMY__ 0.8989089080597085 off 0.05923211955070725 neg 0.04185897238958431	false	1.0
schubs	neg 1.0		__DUMMY__ 0.9183056184331824 neg 0.04359916867400634 off 0.03809521289281137	false	1.0
unsolide	neg 1.0		__DUMMY__ 0.916276447466618 off 0.04395938526473159 neg 0.03976416726865045	false	0.5
beschwerde	neg 1.0		__DUMMY__ 0.9195827641628249 neg 0.04060164423075871 off 0.03981559160641636	false	1.0
stocken	neg 1.0		__DUMMY__ 0.9200522813580592 neg 0.04106060331546755 off 0.03888711532647326	false	1.0
isolieren	neg 1.0		__DUMMY__ 0.9181230518827311 neg 0.042090741656686914 off 0.03978620646058203	false	1.0
unheilbar	neg 1.0		__DUMMY__ 0.9181862558492502 off 0.04157961553015747 neg 0.040234128620592356	false	0.5
pisser	off 1.0	off 1.0	off 0.5142973144801023 __DUMMY__ 0.4482806911371617 neg 0.03742199438273609	false	1.0
löschen	neg 1.0		__DUMMY__ 0.9162980159717552 neg 0.04196492694278114 off 0.041737057085463665	false	1.0
durchfallen	neg 1.0		__DUMMY__ 0.9198076491850026 neg 0.04088040572008027 off 0.03931194509491714	false	1.0
wichser	off 1.0	off 1.0	off 0.5204810947018044 __DUMMY__ 0.4421348941830962 neg 0.03738401111509939	false	1.0
terror	neg 1.0		__DUMMY__ 0.9151482106371005 off 0.04383529252412094 neg 0.04101649683877861	false	0.5
krass	neg 1.0		__DUMMY__ 0.9091756821556279 off 0.04988901863601322 neg 0.04093529920835889	false	0.5
revolte	neg 1.0		__DUMMY__ 0.911058940493637 off 0.04492494694132293 neg 0.044016112565040164	false	0.5
besorgt	neg 1.0		__DUMMY__ 0.9215894435889638 off 0.03950288582625749 neg 0.038907670584778765	false	0.5
nachlassen	neg 1.0		__DUMMY__ 0.9217078632848102 neg 0.0397875350339357 off 0.03850460168125402	false	1.0
alt	neg 1.0		__DUMMY__ 0.9152259669603777 neg 0.046974494069872724 off 0.037799538969749545	false	1.0
hundesohn	off 1.0	off 1.0	off 0.5199708444250983 __DUMMY__ 0.44199877911454255 neg 0.03803037646035912	false	1.0
als			__DUMMY__ 0.918739113904523 neg 0.04162050928788862 off 0.039640376807588314	false	0.0
abschreckung	neg 1.0		__DUMMY__ 0.9204721919081924 neg 0.04199369848178512 off 0.037534109610022584	false	1.0
unqualifiziert	neg 1.0		__DUMMY__ 0.9142893780702657 off 0.04530062036143868 neg 0.040410001568295585	false	0.5
abgewichst	off 1.0		__DUMMY__ 0.9185656461128262 off 0.040871472384003085 neg 0.040562881503170715	false	1.0
schwer	neg 1.0		__DUMMY__ 0.9186334599764012 off 0.040865069189626825 neg 0.04050147083397194	false	0.5
bedeutungslosigkeit	neg 1.0		__DUMMY__ 0.9203325781345486 neg 0.041722869689350336 off 0.03794455217610101	false	1.0
kapitulation	neg 1.0		__DUMMY__ 0.917198427869133 neg 0.04333950180508554 off 0.03946207032578148	false	1.0
unscharf	neg 1.0		__DUMMY__ 0.9130636418801298 neg 0.04443687971158486 off 0.04249947840828535	false	1.0
schwinden	neg 1.0		__DUMMY__ 0.9194200580044699 neg 0.042587317766933065 off 0.037992624228597054	false	1.0
versklavung	neg 1.0	neg 1.0	neg 0.5096570218115161 __DUMMY__ 0.4510892149421607 off 0.039253763246323306	false	1.0
schlecht	neg 1.0		__DUMMY__ 0.9141951954835863 off 0.04618993181212147 neg 0.039614872704292245	false	0.5
verhasst	neg 1.0		__DUMMY__ 0.915192578687111 off 0.04282912032156406 neg 0.04197830099132495	false	0.5
beschweren	neg 1.0		__DUMMY__ 0.9171058783378454 off 0.04293448620297761 neg 0.03995963545917699	false	0.5
scheiden	neg 1.0		__DUMMY__ 0.9186596266334351 off 0.040887789333025316 neg 0.040452584033539435	false	0.5
frustriert	neg 1.0		__DUMMY__ 0.9191303735981314 neg 0.04066794693416159 off 0.04020167946770707	false	1.0
schimmelig	neg 1.0		__DUMMY__ 0.9172221797722547 neg 0.04476657308733472 off 0.03801124714041061	false	1.0
fisch	neg 1.0		__DUMMY__ 0.9185989781640886 neg 0.04613408462544422 off 0.035266937210467066	false	1.0
schmuggel	neg 1.0		__DUMMY__ 0.9235020564586369 neg 0.04020618941140903 off 0.03629175412995404	false	1.0
auffallen	neg 1.0		__DUMMY__ 0.9161463003189522 off 0.043287766078874204 neg 0.04056593360217357	false	0.5
konkurrenz	neg 1.0		__DUMMY__ 0.923132154155861 neg 0.03927143443585227 off 0.03759641140828674	false	1.0
teufelskreis	neg 1.0	neg 1.0	neg 0.5096903798229464 __DUMMY__ 0.45305078887323275 off 0.03725883130382086	false	1.0
aufschreien	neg 1.0		__DUMMY__ 0.9139523940621185 off 0.04390285793781355 neg 0.04214474800006794	false	0.5
schuldner	neg 1.0		__DUMMY__ 0.9175061192289576 neg 0.04471332362277012 off 0.03778055714827228	false	1.0
missgeburt	off 1.0	off 1.0	off 0.5182521906517338 __DUMMY__ 0.44546892032157703 neg 0.03627888902668911	false	1.0
arbeitslos	neg 1.0		__DUMMY__ 0.9189338772148045 neg 0.041742092993683984 off 0.039324029791511554	false	1.0
befallen	neg 1.0		__DUMMY__ 0.9133212424677536 neg 0.04596563011733687 off 0.040713127414909595	false	1.0
miesepetrig	off 1.0	off 1.0	off 0.5110533577112143 __DUMMY__ 0.45157052896858324 neg 0.037376113320202436	false	1.0
alarmieren	neg 1.0		__DUMMY__ 0.9135933220992103 off 0.04569377194648726 neg 0.04071290595430246	false	0.5
ungeduscht	off 1.0		__DUMMY__ 0.9134214113493954 off 0.04439153404534757 neg 0.0421870546052571	false	1.0
knappheit	neg 1.0		__DUMMY__ 0.916337494421754 neg 0.044064723496583726 off 0.03959778208166226	false	1.0
schlange	neg 1.0		__DUMMY__ 0.9185558735973937 off 0.04137165327946317 neg 0.0400724731231432	false	0.5
harsch	neg 1.0		__DUMMY__ 0.9116953548961348 off 0.04963861154557526 neg 0.038666033558289896	false	0.5
lang	neg 1.0		__DUMMY__ 0.9165733565697545 off 0.04239990327579682 neg 0.04102674015444873	false	0.5
ziellos	neg 1.0		__DUMMY__ 0.9220368992517453 neg 0.04016925825336364 off 0.03779384249489111	false	1.0
selbstverliebt	neg 1.0		__DUMMY__ 0.9039168082918027 off 0.05643080803414103 neg 0.039652383674056275	false	0.5
beseitigen	neg 1.0		__DUMMY__ 0.9192414183016528 off 0.04104956792308798 neg 0.0397090137752591	false	0.5
dumm	off 1.0		__DUMMY__ 0.9070845776087032 off 0.05196681527227551 neg 0.04094860711902128	false	1.0
arbeitsloser	neg 1.0		__DUMMY__ 0.9239906300311107 off 0.039429342277807845 neg 0.0365800276910815	false	0.5
blitzen	neg 1.0		__DUMMY__ 0.9132901732155194 off 0.04472982933420384 neg 0.041979997450276745	false	0.5
hilflos	neg 1.0		__DUMMY__ 0.9191198163107672 neg 0.041676659583395774 off 0.03920352410583707	false	1.0
eklig	off 1.0		__DUMMY__ 0.905188095758329 off 0.05228147678637728 neg 0.042530427455293715	false	1.0
begriff			__DUMMY__ 0.9186028454790923 off 0.0410347790970177 neg 0.040362375423890026	false	0.0
hungersnot	neg 1.0		__DUMMY__ 0.916935579106382 neg 0.04344629397158491 off 0.03961812692203298	false	1.0
ungesetzlich	neg 1.0		__DUMMY__ 0.9151495235212542 off 0.04390957042949911 neg 0.04094090604924666	false	0.5
verschwendung	neg 1.0		__DUMMY__ 0.9202357581365992 neg 0.041997876446329095 off 0.03776636541707171	false	1.0
schmerzvoll	neg 1.0		__DUMMY__ 0.9154582112414293 off 0.04257749915668741 neg 0.041964289601883156	false	0.5
vorzeitig	neg 1.0		__DUMMY__ 0.9166935610898785 off 0.045663633205282786 neg 0.03764280570483862	false	0.5
unvollkommenheit	neg 1.0		__DUMMY__ 0.9189552985172817 neg 0.04123969655120705 off 0.03980500493151111	false	1.0
intervenieren	neg 1.0		__DUMMY__ 0.9173149997979241 neg 0.04410578125682131 off 0.038579218945254665	false	1.0
banause	off 1.0		__DUMMY__ 0.9017920540316456 off 0.053668613789952954 neg 0.044539332178401364	false	1.0
rebell	neg 1.0		__DUMMY__ 0.9204877855031699 neg 0.04537413892223022 off 0.03413807557459995	false	1.0
unlogisch	neg 1.0		__DUMMY__ 0.9098763931749922 off 0.048317249565726424 neg 0.04180635725928135	false	0.5
leiden	neg 1.0		__DUMMY__ 0.9247457803277981 neg 0.03912711016249333 off 0.036127109509708634	false	1.0
abschaffung	neg 1.0		__DUMMY__ 0.9149007773120515 neg 0.042696808348449376 off 0.0424024143394991	false	1.0
sturz	neg 1.0		__DUMMY__ 0.9193437975098692 off 0.04302855780720809 neg 0.03762764468292272	false	0.5
verkleinerung	neg 1.0		__DUMMY__ 0.909985456133182 off 0.04517512168657977 neg 0.0448394221802381	false	0.5
schmarotzer	off 1.0		__DUMMY__ 0.9184592136104502 neg 0.04140272036663407 off 0.0401380660229157	false	0.5
bestrafung	neg 1.0	neg 1.0	neg 0.5071643303951364 __DUMMY__ 0.4547470669989025 off 0.03808860260596096	false	1.0
achtlos	neg 1.0		__DUMMY__ 0.9201706959397778 off 0.040063096705383085 neg 0.03976620735483897	false	0.5
ungeheuer	neg 1.0		__DUMMY__ 0.9165772124040996 neg 0.0419236030442338 off 0.041499184551666596	false	1.0
