unsolidarisch	neg 1.0		neg 0.4696394130119249 off 0.4660998936681491 __DUMMY__ 0.06426069331992615	false	1.0
nachteilig	neg 1.0		neg 0.4702220235935441 off 0.46464047403424386 __DUMMY__ 0.06513750237221204	false	1.0
skeptisch	neg 1.0		neg 0.4726378780163566 off 0.46230334879145524 __DUMMY__ 0.06505877319218833	false	1.0
schrecklich	neg 1.0		off 0.4747345632881374 neg 0.4616213206725376 __DUMMY__ 0.06364411603932518	false	0.5
schlapp	neg 1.0	neg 1.0	neg 0.717958563845036 off 0.2516741969739124 __DUMMY__ 0.030367239181051563	false	1.0
abfall	neg 1.0		neg 0.47304060082071714 off 0.4613052503989175 __DUMMY__ 0.06565414878036542	false	1.0
widerspenstig	neg 1.0		neg 0.470935129670883 off 0.4646596931594729 __DUMMY__ 0.06440517716964406	false	1.0
abrupt	neg 1.0		neg 0.47478992443448204 off 0.46037464399499134 __DUMMY__ 0.06483543157052668	false	1.0
unwirksam	neg 1.0		neg 0.47333982155549076 off 0.4628553255693493 __DUMMY__ 0.06380485287515993	false	1.0
angreifen	neg 1.0		neg 0.4728817350523287 off 0.4619686393648806 __DUMMY__ 0.06514962558279068	false	1.0
inkonsistent	neg 1.0		off 0.46802370789885156 neg 0.4678572727574411 __DUMMY__ 0.06411901934370724	false	0.5
abrutschen	neg 1.0		neg 0.4742706609267232 off 0.4601789405782472 __DUMMY__ 0.06555039849502955	false	1.0
unsicher	neg 1.0		neg 0.4680346046755326 off 0.4672234233361261 __DUMMY__ 0.06474197198834127	false	1.0
bauernkind	off 1.0	off 1.0	off 0.7222670762813591 neg 0.24804835349777837 __DUMMY__ 0.02968457022086246	false	1.0
angreifer	neg 1.0		off 0.47196257416266757 neg 0.46348850456275326 __DUMMY__ 0.06454892127457913	false	0.5
trennen	neg 1.0		neg 0.4721717293011629 off 0.46253223429672263 __DUMMY__ 0.06529603640211437	false	1.0
schmutz	neg 1.0		off 0.4735777591896454 neg 0.4614342228388951 __DUMMY__ 0.06498801797145962	false	0.5
inkonsistenz	neg 1.0		off 0.47147427536268377 neg 0.46438330790104204 __DUMMY__ 0.06414241673627413	false	0.5
erschreckend	neg 1.0		neg 0.46935145222543756 off 0.46596634207776144 __DUMMY__ 0.06468220569680101	false	1.0
ertrinken	neg 1.0		neg 0.4748662745685822 off 0.46016824366314146 __DUMMY__ 0.06496548176827631	false	1.0
pickelface	off 1.0		neg 0.46887934988447183 off 0.46665128999649347 __DUMMY__ 0.06446936011903466	false	0.5
seiner			neg 0.47153179598621364 off 0.46321160998713273 __DUMMY__ 0.0652565940266537	false	0.0
lauch	neg 1.0	neg 1.0	neg 0.7239797627696968 off 0.2450265399803167 __DUMMY__ 0.030993697249986546	false	1.0
unwichtig	neg 1.0		off 0.4707117765706547 neg 0.46524795497320653 __DUMMY__ 0.06404026845613875	false	0.5
steuerhinterziehung	neg 1.0		neg 0.4705991682144464 off 0.4649292637427595 __DUMMY__ 0.06447156804279414	false	1.0
schock	neg 1.0		neg 0.4699067282983257 off 0.46529068194751244 __DUMMY__ 0.06480258975416198	false	1.0
beule	neg 1.0		off 0.4725831712018643 neg 0.4636805223083865 __DUMMY__ 0.06373630648974919	false	0.5
vergelten	neg 1.0		off 0.4768334055466135 neg 0.4594218422116842 __DUMMY__ 0.06374475224170233	false	0.5
verdorbenheit	neg 1.0		neg 0.4684515231859548 off 0.4671571419919646 __DUMMY__ 0.06439133482208059	false	1.0
trauma	neg 1.0		neg 0.4685177970714492 off 0.4671545701128909 __DUMMY__ 0.06432763281565992	false	1.0
sinnlos	neg 1.0		off 0.4683361404822088 neg 0.4672748471538375 __DUMMY__ 0.06438901236395361	false	0.5
fettsack	off 1.0	off 1.0	off 0.7235204930675863 neg 0.2467557511477276 __DUMMY__ 0.029723755784686157	false	1.0
feige	off 1.0	off 1.0	off 0.7213755078028092 neg 0.24839581159768379 __DUMMY__ 0.03022868059950694	false	1.0
abdanken	neg 1.0		neg 0.4689833045101247 off 0.4663586407716031 __DUMMY__ 0.06465805471827214	false	1.0
wichtigtuer	off 1.0	off 1.0	off 0.7205879774947475 neg 0.2488768152866545 __DUMMY__ 0.030535207218598006	false	1.0
misslingen	neg 1.0	neg 1.0	neg 0.7168757376106539 off 0.2521401434415039 __DUMMY__ 0.030984118947842282	false	1.0
untreu	off 1.0		off 0.47180945708792493 neg 0.4642785915976799 __DUMMY__ 0.06391195131439512	false	1.0
missmutig	neg 1.0		off 0.46951909604976166 neg 0.46633242743520004 __DUMMY__ 0.06414847651503833	false	0.5
hurenbock	off 1.0		neg 0.4730871308188917 off 0.4630200407353819 __DUMMY__ 0.06389282844572648	false	0.5
betrunken	neg 1.0		off 0.473579820958799 neg 0.4627026008582767 __DUMMY__ 0.06371757818292434	false	0.5
korrupt	off 1.0		neg 0.471523363555356 off 0.46403312508718086 __DUMMY__ 0.06444351135746315	false	0.5
unmut	neg 1.0		neg 0.4740226535315502 off 0.46073055432593946 __DUMMY__ 0.0652467921425104	false	1.0
hackfresse	off 1.0		off 0.47874048302381655 neg 0.45810122741275094 __DUMMY__ 0.06315828956343243	false	1.0
aufblasen	neg 1.0		neg 0.4684503720582704 off 0.46698652460765305 __DUMMY__ 0.06456310333407649	false	1.0
gewaltsam	neg 1.0		neg 0.469153315304251 off 0.4662230229506147 __DUMMY__ 0.06462366174513438	false	1.0
unbeliebtheit	neg 1.0		off 0.4720952025919698 neg 0.4639685386690038 __DUMMY__ 0.0639362587390265	false	0.5
sturheit	neg 1.0		neg 0.4680677856083159 off 0.4670515156913222 __DUMMY__ 0.06488069870036198	false	1.0
kuh	neg 1.0		neg 0.4735230879553368 off 0.46325983415535205 __DUMMY__ 0.06321707788931114	false	1.0
erschrecken	neg 1.0		off 0.470676678676861 neg 0.46507225041332567 __DUMMY__ 0.06425107090981333	false	0.5
opfer	neg 1.0		neg 0.46943393305653075 off 0.46534157856669706 __DUMMY__ 0.06522448837677218	false	1.0
sinken	neg 1.0		neg 0.4748157500684449 off 0.46017470423301704 __DUMMY__ 0.06500954569853805	false	1.0
stinktier	neg 1.0		off 0.4728548174986292 neg 0.46440151588379874 __DUMMY__ 0.06274366661757205	false	0.5
tucke	off 1.0		off 0.4772736154560561 neg 0.46034299983341836 __DUMMY__ 0.06238338471052542	false	1.0
ein			neg 0.4712642583591417 off 0.4643200401920037 __DUMMY__ 0.06441570144885463	false	0.0
abstieg	neg 1.0		off 0.468337777962461 neg 0.46626682828056615 __DUMMY__ 0.06539539375697281	false	0.5
missverstehen	neg 1.0		off 0.46910064299283005 neg 0.4666117685238414 __DUMMY__ 0.06428758848332856	false	0.5
ergebnislos	neg 1.0		neg 0.4698959785053862 off 0.4648886050985364 __DUMMY__ 0.06521541639607728	false	1.0
unter			neg 0.47569491353460647 off 0.4581388711437503 __DUMMY__ 0.06616621532164317	false	0.0
manipulieren	neg 1.0		neg 0.47081490645929003 off 0.463955914837667 __DUMMY__ 0.06522917870304304	false	1.0
unbewiesen	neg 1.0	neg 1.0	neg 0.7197318727172075 off 0.24965680357897474 __DUMMY__ 0.03061132370381765	false	1.0
verschleppen	neg 1.0		neg 0.4715330758462045 off 0.463698095927326 __DUMMY__ 0.0647688282264695	false	1.0
weib	off 1.0		off 0.47900178447643066 neg 0.4583329046867208 __DUMMY__ 0.06266531083684863	false	1.0
opposition	neg 1.0		neg 0.46941421982466724 off 0.46645400856355534 __DUMMY__ 0.06413177161177736	false	1.0
verkehrswidrig	neg 1.0	neg 1.0	neg 0.7138901973620857 off 0.2557616462380968 __DUMMY__ 0.030348156399817503	false	1.0
inkorrekt	neg 1.0		off 0.4741243493878228 neg 0.4622889613486392 __DUMMY__ 0.06358668926353793	false	0.5
vermeiden	neg 1.0		neg 0.47459098736039307 off 0.45980167300240404 __DUMMY__ 0.06560733963720292	false	1.0
abweichung	neg 1.0	neg 1.0	neg 0.7195621291773807 off 0.2494133616747405 __DUMMY__ 0.031024509147878687	false	1.0
alkoholisiert	neg 1.0		neg 0.4699328991410144 off 0.4646012195515774 __DUMMY__ 0.0654658813074082	false	1.0
scheiss	off 1.0	off 1.0	off 0.721977560887717 neg 0.24790637738271926 __DUMMY__ 0.03011606172956367	false	1.0
herausforderung	neg 1.0		neg 0.469558680194782 off 0.4654284072941262 __DUMMY__ 0.0650129125110918	false	1.0
pervers	off 1.0		off 0.48178523036589055 neg 0.45567380225789383 __DUMMY__ 0.06254096737621563	false	1.0
wackelig	neg 1.0		neg 0.4696016635025623 off 0.4653704737548007 __DUMMY__ 0.0650278627426369	false	1.0
verwickeln	neg 1.0		off 0.46807145514460846 neg 0.4675828473572874 __DUMMY__ 0.06434569749810425	false	0.5
vorwand	neg 1.0		neg 0.47346597628399956 off 0.4613845578172819 __DUMMY__ 0.0651494658987185	false	1.0
muschi	off 1.0		neg 0.4689447944429144 off 0.4663684198734369 __DUMMY__ 0.06468678568364873	false	0.5
entmutigung	neg 1.0		neg 0.46856729017164345 off 0.4673740324481817 __DUMMY__ 0.06405867738017486	false	1.0
unangemessen	neg 1.0		neg 0.4689546246786135 off 0.4662277548166831 __DUMMY__ 0.06481762050470348	false	1.0
unstetig	neg 1.0		off 0.4703988840939612 neg 0.4654297035151024 __DUMMY__ 0.06417141239093649	false	0.5
entmutigen	neg 1.0		neg 0.46778155579082115 off 0.4676886899252878 __DUMMY__ 0.06452975428389107	false	1.0
schwanz	neg 1.0		neg 0.4717363183789517 off 0.4635355292688825 __DUMMY__ 0.06472815235216586	false	1.0
verbot	neg 1.0		neg 0.4718114409138873 off 0.4637044602640309 __DUMMY__ 0.06448409882208189	false	1.0
leid	neg 1.0		off 0.4757392300617562 neg 0.46086715805726 __DUMMY__ 0.0633936118809839	false	0.5
archaisch	neg 1.0		neg 0.47078964512688065 off 0.46458510509430534 __DUMMY__ 0.06462524977881404	false	1.0
gegen			neg 0.4716770135431198 off 0.4628471625239056 __DUMMY__ 0.06547582393297467	false	0.0
scheidung	neg 1.0		off 0.48892450654934494 neg 0.4481777331381706 __DUMMY__ 0.06289776031248442	false	0.5
einschlag	neg 1.0		off 0.4770550692447941 neg 0.45899832370806753 __DUMMY__ 0.06394660704713823	false	0.5
m			neg 0.47014663237126486 off 0.46499754287239803 __DUMMY__ 0.06485582475633717	false	0.0
abgestanden	neg 1.0		neg 0.47464141796515524 off 0.4616408226964978 __DUMMY__ 0.06371775933834696	false	1.0
schmierig	off 1.0		off 0.4755713875151737 neg 0.4609829022786036 __DUMMY__ 0.06344571020622275	false	1.0
unpraktisch	neg 1.0		off 0.4686383196243653 neg 0.4668005999595009 __DUMMY__ 0.06456108041613384	false	0.5
wixxer	off 1.0		off 0.48095333571129933 neg 0.45673184327007815 __DUMMY__ 0.06231482101862252	false	1.0
bezeichnet			neg 0.4678758659195748 off 0.4674644040832024 __DUMMY__ 0.06465972999722276	false	0.0
jammerlappen	off 1.0		off 0.47138857520367977 neg 0.46453002489954764 __DUMMY__ 0.06408139989677256	false	1.0
farce	neg 1.0		neg 0.4705833609943228 off 0.4651080675994432 __DUMMY__ 0.06430857140623393	false	1.0
zwecklos	neg 1.0		neg 0.47081747843536853 off 0.4644166902885668 __DUMMY__ 0.06476583127606464	false	1.0
turbulent	neg 1.0		off 0.4728481794675884 neg 0.46340226853150596 __DUMMY__ 0.06374955200090562	false	0.5
invasion	neg 1.0		off 0.46904406483250377 neg 0.46663770422174145 __DUMMY__ 0.06431823094575484	false	0.5
schuld	neg 1.0		off 0.4677978659356144 neg 0.4677230119063338 __DUMMY__ 0.06447912215805182	false	0.5
risiko	neg 1.0		neg 0.4694944388819702 off 0.466475688634354 __DUMMY__ 0.06402987248367589	false	1.0
finster	neg 1.0		neg 0.4708880932026191 off 0.46477331935284744 __DUMMY__ 0.0643385874445334	false	1.0
geisteskrank	off 1.0		off 0.4731980856816298 neg 0.46305297662420675 __DUMMY__ 0.06374893769416341	false	1.0
zusammenbrechen	neg 1.0		neg 0.4707607896496624 off 0.4645017856193438 __DUMMY__ 0.06473742473099386	false	1.0
ausbeute	neg 1.0		off 0.4677955175212129 neg 0.4671526493892626 __DUMMY__ 0.06505183308952453	false	0.5
hinterhalt	neg 1.0		neg 0.4708506306864885 off 0.4645612106643492 __DUMMY__ 0.06458815864916227	false	1.0
kritik	neg 1.0		neg 0.47100827270226325 off 0.46468121935734846 __DUMMY__ 0.06431050794038815	false	1.0
einschrumpfen	neg 1.0		off 0.46907113550262397 neg 0.4672803619580388 __DUMMY__ 0.0636485025393372	false	0.5
riskant	neg 1.0		neg 0.47311390692535815 off 0.46193755350844695 __DUMMY__ 0.06494853956619479	false	1.0
frustrieren	neg 1.0		neg 0.4729569825869363 off 0.4622632266563979 __DUMMY__ 0.06477979075666582	false	1.0
groll	neg 1.0		neg 0.46933064478512765 off 0.46574137045771274 __DUMMY__ 0.06492798475715958	false	1.0
gibt			neg 0.47020577737017166 off 0.4648868868528079 __DUMMY__ 0.06490733577702042	false	0.0
qualvoll	neg 1.0		off 0.46845476420348897 neg 0.4671913891218395 __DUMMY__ 0.06435384667467145	false	0.5
wackeln	neg 1.0		neg 0.468709392459654 off 0.4666372223068902 __DUMMY__ 0.06465338523345573	false	1.0
klagen	neg 1.0		neg 0.47394522226214636 off 0.4610213896275275 __DUMMY__ 0.06503338811032622	false	1.0
bankrott	neg 1.0		off 0.47175637837425227 neg 0.4639755264644964 __DUMMY__ 0.06426809516125123	false	0.5
trauern	neg 1.0		neg 0.46876905955235787 off 0.46570276708518166 __DUMMY__ 0.06552817336246038	false	1.0
ablehnung	neg 1.0		neg 0.47106401767830286 off 0.4645016915564625 __DUMMY__ 0.06443429076523466	false	1.0
stur	neg 1.0		neg 0.46846521588454393 off 0.4671610905363022 __DUMMY__ 0.06437369357915385	false	1.0
aufruhr	neg 1.0	neg 1.0	neg 0.7203016972419697 off 0.24904871328016626 __DUMMY__ 0.030649589477863972	false	1.0
melancholie	neg 1.0		neg 0.47453471698949595 off 0.46067465218440184 __DUMMY__ 0.06479063082610213	false	1.0
ist			off 0.4683093240117125 neg 0.46724807855339406 __DUMMY__ 0.06444259743489349	false	0.0
torheit	neg 1.0		off 0.46790867342884285 neg 0.4676237020016732 __DUMMY__ 0.06446762456948392	false	0.5
dreckskind	off 1.0		off 0.4789434802885365 neg 0.4581512870259542 __DUMMY__ 0.06290523268550936	false	1.0
umtauschen	neg 1.0		neg 0.46982830912910706 off 0.4656038057251326 __DUMMY__ 0.0645678851457604	false	1.0
zum			neg 0.47025412982479303 off 0.46355974029625596 __DUMMY__ 0.06618612987895107	false	0.0
zersetzen	neg 1.0		neg 0.4737101729451643 off 0.4614039271544283 __DUMMY__ 0.06488589990040737	false	1.0
zur			neg 0.4740893022285541 off 0.46026073502327225 __DUMMY__ 0.06564996274817364	false	0.0
frust	neg 1.0		neg 0.4704368533548071 off 0.4647290408883499 __DUMMY__ 0.0648341057568431	false	1.0
unerbittlichkeit	neg 1.0		neg 0.4712821390225608 off 0.46366017035122786 __DUMMY__ 0.06505769062621129	false	1.0
zwei			neg 0.4740359386685957 off 0.4602129079052001 __DUMMY__ 0.06575115342620429	false	0.0
unkorrekt	neg 1.0		off 0.47255784199192724 neg 0.46381814239599145 __DUMMY__ 0.06362401561208117	false	0.5
hexe	off 1.0		off 0.46864810414074515 neg 0.46766824384445094 __DUMMY__ 0.06368365201480385	false	1.0
lasch	neg 1.0		off 0.4706846783065599 neg 0.4651344966643603 __DUMMY__ 0.06418082502907992	false	0.5
rivale	neg 1.0		off 0.47482561667487344 neg 0.46152821780487135 __DUMMY__ 0.06364616552025536	false	0.5
mutlos	off 1.0	off 1.0	off 0.7177543439862815 neg 0.25143734165499926 __DUMMY__ 0.03080831435871926	false	1.0
wirr	off 1.0		off 0.4749399917203665 neg 0.4615476705841027 __DUMMY__ 0.06351233769553097	false	1.0
jahr			neg 0.46799166817109855 off 0.4663215683606011 __DUMMY__ 0.06568676346830044	false	0.0
wird			neg 0.47054800092583643 off 0.46447560593127946 __DUMMY__ 0.06497639314288421	false	0.0
strafbar	neg 1.0		neg 0.4715622281104099 off 0.46340105476592636 __DUMMY__ 0.0650367171236638	false	1.0
erosion	neg 1.0		neg 0.46857877092124983 off 0.46684928881402665 __DUMMY__ 0.06457194026472343	false	1.0
eingehen	neg 1.0		neg 0.47281245020595963 off 0.46235342793663375 __DUMMY__ 0.06483412185740661	false	1.0
faul	off 1.0		off 0.470355805677534 neg 0.4655393403003615 __DUMMY__ 0.06410485402210453	false	1.0
provisorium	neg 1.0		neg 0.4752406899428032 off 0.45854772771162927 __DUMMY__ 0.06621158234556751	false	1.0
schmerzen	neg 1.0		neg 0.4707195684419616 off 0.464719570711575 __DUMMY__ 0.06456086084646338	false	1.0
schrumpfen	neg 1.0		neg 0.477029625673623 off 0.4577539947467657 __DUMMY__ 0.06521637957961123	false	1.0
geistlos	off 1.0		off 0.46800083225271283 neg 0.4679600585920278 __DUMMY__ 0.06403910915525934	false	1.0
fehlkauf	neg 1.0		neg 0.46813411979456354 off 0.4677584020301977 __DUMMY__ 0.06410747817523885	false	1.0
frustrierend	neg 1.0		off 0.47013281603793844 neg 0.46567866729881036 __DUMMY__ 0.06418851666325105	false	0.5
unzufrieden	neg 1.0		neg 0.4707804542903864 off 0.4644004597472017 __DUMMY__ 0.06481908596241195	false	1.0
verzweifeln	neg 1.0		neg 0.46908496295741225 off 0.466137363558273 __DUMMY__ 0.06477767348431468	false	1.0
verzweifelt	neg 1.0		off 0.46780790068299616 neg 0.46773082292398727 __DUMMY__ 0.06446127639301656	false	0.5
misstrauensantrag	neg 1.0		off 0.46829693266622235 neg 0.4673932739824191 __DUMMY__ 0.06430979335135859	false	0.5
abfallen	neg 1.0		neg 0.469177404393768 off 0.46632435169415914 __DUMMY__ 0.0644982439120729	false	1.0
fucker	off 1.0		off 0.47473271300597364 neg 0.4614661223838105 __DUMMY__ 0.06380116461021583	false	1.0
ungezogen	neg 1.0		off 0.4801912840930317 neg 0.45695798117549197 __DUMMY__ 0.06285073473147641	false	0.5
irrsinnig	neg 1.0	neg 1.0	neg 0.7201325853690486 off 0.24929410746556813 __DUMMY__ 0.03057330716538324	false	1.0
unfassbar	neg 1.0		off 0.4723828413375133 neg 0.4636002220122716 __DUMMY__ 0.06401693665021516	false	0.5
hart	neg 1.0		neg 0.4683776050505003 off 0.46835411536200744 __DUMMY__ 0.06326827958749215	false	1.0
widerlich	off 1.0		off 0.4722920023338443 neg 0.46385520639953937 __DUMMY__ 0.06385279126661625	false	1.0
fatal	neg 1.0	neg 1.0	neg 0.7206729259690958 off 0.24903871919792817 __DUMMY__ 0.030288354832975855	false	1.0
bruch	neg 1.0		neg 0.4721492816713779 off 0.4622922272828322 __DUMMY__ 0.06555849104578991	false	1.0
aushungern	neg 1.0		neg 0.4718558657184738 off 0.46370366538136276 __DUMMY__ 0.06444046890016333	false	1.0
anspannung	neg 1.0		neg 0.47290693015816904 off 0.4612051761190964 __DUMMY__ 0.06588789372273458	false	1.0
von			neg 0.4724056923100327 off 0.4623621823377455 __DUMMY__ 0.06523212535222167	false	0.0
kraftlos	neg 1.0		neg 0.47071408449320534 off 0.4643669103105596 __DUMMY__ 0.06491900519623503	false	1.0
vom			neg 0.47301191003440357 off 0.46056819314934 __DUMMY__ 0.06641989681625651	false	0.0
grenzdebil	off 1.0		off 0.4717715541335515 neg 0.4644001346168571 __DUMMY__ 0.06382831124959139	false	1.0
vor			neg 0.47332038694612555 off 0.46132366988604495 __DUMMY__ 0.06535594316782942	false	0.0
unterwerfen	neg 1.0		neg 0.47109056923622916 off 0.4639370305425013 __DUMMY__ 0.06497240022126957	false	1.0
versenkung	neg 1.0		neg 0.4712793148488227 off 0.46364801599599154 __DUMMY__ 0.06507266915518578	false	1.0
entziehen	neg 1.0		neg 0.47352679778518086 off 0.4613096699453544 __DUMMY__ 0.06516353226946468	false	1.0
finanzkrise	neg 1.0		neg 0.4747147028629813 off 0.46147893499852494 __DUMMY__ 0.06380636213849383	false	1.0
schimpfend	neg 1.0		off 0.468371995436989 neg 0.4669604723483318 __DUMMY__ 0.06466753221467919	false	0.5
profan	neg 1.0		off 0.46859383631637247 neg 0.4671030368396811 __DUMMY__ 0.06430312684394648	false	0.5
korruption	neg 1.0		neg 0.47218253882593425 off 0.46331567496379633 __DUMMY__ 0.0645017862102694	false	1.0
â			neg 0.4714289470505044 off 0.4637634560136606 __DUMMY__ 0.06480759693583493	false	0.0
schmutzig	neg 1.0		off 0.47243634812349794 neg 0.4636646644357328 __DUMMY__ 0.06389898744076931	false	0.5
sexy	neg 1.0		off 0.4706656735439434 neg 0.46505872522348285 __DUMMY__ 0.06427560123257374	false	0.5
abraten	neg 1.0		off 0.4688321656757147 neg 0.46670733670551395 __DUMMY__ 0.06446049761877129	false	0.5
schwarz	neg 1.0		off 0.4686864415069448 neg 0.4669596321924059 __DUMMY__ 0.06435392630064939	false	0.5
fotze	off 1.0	off 1.0	off 0.7180748157569157 neg 0.2511636433177045 __DUMMY__ 0.030761540925379752	false	1.0
verwirren	neg 1.0		off 0.4692272934141632 neg 0.4664245019291948 __DUMMY__ 0.06434820465664208	false	0.5
zahnlos	off 1.0		neg 0.47003443950615764 off 0.4652451684774981 __DUMMY__ 0.06472039201634436	false	0.5
verheeren	neg 1.0		off 0.48221607356844526 neg 0.4549131657587068 __DUMMY__ 0.06287076067284797	false	0.5
hippie	neg 1.0		off 0.4698629026918357 neg 0.46590970736471554 __DUMMY__ 0.06422738994344872	false	0.5
rammen	neg 1.0		neg 0.46830798998816076 off 0.4671870754861306 __DUMMY__ 0.0645049345257087	false	1.0
unlauter	neg 1.0		neg 0.468256979462951 off 0.4675558024540979 __DUMMY__ 0.06418721808295108	false	1.0
unheilvoll	neg 1.0		neg 0.4685548904743767 off 0.46709738906462395 __DUMMY__ 0.06434772046099924	false	1.0
niedrig	neg 1.0		neg 0.47316261063698994 off 0.46224694817499795 __DUMMY__ 0.06459044118801212	false	1.0
explosion	neg 1.0		off 0.4700263859391864 neg 0.46569922946847375 __DUMMY__ 0.06427438459233972	false	0.5
weichei	off 1.0	off 1.0	off 0.7239151915796775 neg 0.2462021913530922 __DUMMY__ 0.02988261706723028	false	1.0
minusmensch	off 1.0		off 0.48100237308749494 neg 0.45626877600701254 __DUMMY__ 0.06272885090549246	false	1.0
farblos	neg 1.0		neg 0.46958898669972976 off 0.46620615979323704 __DUMMY__ 0.06420485350703313	false	1.0
unwissend	neg 1.0	neg 1.0	neg 0.7187520112014869 off 0.25094347656918925 __DUMMY__ 0.030304512229323927	false	1.0
traurig	neg 1.0		off 0.47430414417886735 neg 0.46201558496506595 __DUMMY__ 0.0636802708560667	false	0.5
senkung	neg 1.0		neg 0.46998696873760953 off 0.46626337955920805 __DUMMY__ 0.0637496517031824	false	1.0
ungleich	neg 1.0	neg 1.0	neg 0.721649035493686 off 0.24750699629585224 __DUMMY__ 0.03084396821046181	false	1.0
heikel	neg 1.0		neg 0.4722183010642583 off 0.4627526443485379 __DUMMY__ 0.06502905458720373	false	1.0
drosselung	neg 1.0		off 0.46927372088534447 neg 0.46737057650704644 __DUMMY__ 0.06335570260760905	false	0.5
falsch	neg 1.0		off 0.4707293044229372 neg 0.4650403864268299 __DUMMY__ 0.06423030915023292	false	0.5
unzufriedenheit	neg 1.0		neg 0.4740421401482952 off 0.4611265571237372 __DUMMY__ 0.06483130272796757	false	1.0
kurz	neg 1.0		neg 0.46919798192157114 off 0.4658079623834415 __DUMMY__ 0.06499405569498742	false	1.0
unsinnig	neg 1.0		neg 0.47102633202022604 off 0.4645099150831791 __DUMMY__ 0.06446375289659484	false	1.0
penner	off 1.0	off 1.0	off 0.7251642165839848 neg 0.24498777580215067 __DUMMY__ 0.029848007613864698	false	1.0
seicht	neg 1.0		off 0.4776702930581684 neg 0.45968747883200156 __DUMMY__ 0.06264222810983003	false	0.5
dummheit	off 1.0	off 1.0	off 0.7199165522471902 neg 0.24968853922790293 __DUMMY__ 0.03039490852490692	false	1.0
unerfreulich	neg 1.0		neg 0.4722086353275714 off 0.4626977124175775 __DUMMY__ 0.065093652254851	false	1.0
motherfucker	off 1.0	off 1.0	off 0.7228669972452997 neg 0.2469130085944024 __DUMMY__ 0.03021999416029792	false	1.0
pikiert	neg 1.0	neg 1.0	neg 0.7185896466277345 off 0.25113919546208147 __DUMMY__ 0.030271157910183952	false	1.0
wrack	neg 1.0		off 0.46946098852698204 neg 0.4650183015213715 __DUMMY__ 0.06552070995164633	false	0.5
gangster	neg 1.0		off 0.4699799085820781 neg 0.4658287219387159 __DUMMY__ 0.06419136947920599	false	0.5
krank	neg 1.0	neg 1.0	neg 0.7171209769040687 off 0.2525090208243987 __DUMMY__ 0.030370002271532574	false	1.0
reich	neg 1.0		off 0.4684902585358185 neg 0.4677456668809993 __DUMMY__ 0.06376407458318234	false	0.5
gnadenlos	neg 1.0		off 0.46818775720410105 neg 0.46720503765086385 __DUMMY__ 0.06460720514503511	false	0.5
niedergeschlagen	neg 1.0		neg 0.4698433701294158 off 0.4651721373328163 __DUMMY__ 0.06498449253776785	false	1.0
terrorisieren	off 1.0	off 1.0	off 0.7174103063377181 neg 0.25168134361432304 __DUMMY__ 0.030908350047958787	false	1.0
sinnlosigkeit	neg 1.0		neg 0.4701038756146745 off 0.46509248422389093 __DUMMY__ 0.06480364016143475	false	1.0
behindern	neg 1.0		neg 0.4699529477527053 off 0.46558053296730123 __DUMMY__ 0.06446651927999356	false	1.0
undemokratisch	neg 1.0		off 0.46806899014690206 neg 0.46770986487298055 __DUMMY__ 0.06422114498011736	false	0.5
wirtschaftskrise	neg 1.0		neg 0.4742706109119835 off 0.4614443069092189 __DUMMY__ 0.06428508217879768	false	1.0
neid	neg 1.0		off 0.46965135761365806 neg 0.4661317795350302 __DUMMY__ 0.06421686285131191	false	0.5
rutschen	neg 1.0		neg 0.4745753898187561 off 0.45969610323530546 __DUMMY__ 0.06572850694593843	false	1.0
rezession	neg 1.0		off 0.4709998938125165 neg 0.46596143117867095 __DUMMY__ 0.06303867500881259	false	0.5
fehlgeburt	neg 1.0		off 0.46856682432555613 neg 0.4666527090851015 __DUMMY__ 0.06478046658934251	false	0.5
charakterschwach	off 1.0		off 0.4715506092068886 neg 0.46460098660522303 __DUMMY__ 0.06384840418788831	false	1.0
isolation	neg 1.0		off 0.47116505324091046 neg 0.4645175719967705 __DUMMY__ 0.06431737476231902	false	0.5
ablenkung	neg 1.0		neg 0.46785487438327605 off 0.4673560604194756 __DUMMY__ 0.06478906519724846	false	1.0
pech	neg 1.0		off 0.4707500932628986 neg 0.4650994388052954 __DUMMY__ 0.064150467931806	false	0.5
vermeidung	neg 1.0		off 0.4714217147618863 neg 0.464827648010356 __DUMMY__ 0.06375063722775769	false	0.5
dominieren	neg 1.0		neg 0.468778251982325 off 0.466327795326162 __DUMMY__ 0.06489395269151307	false	1.0
schwindlig	neg 1.0		off 0.4679136747989106 neg 0.46780786980298716 __DUMMY__ 0.06427845539810219	false	0.5
lutscher	neg 1.0	neg 1.0	neg 0.7146110124110288 off 0.2558485448752869 __DUMMY__ 0.029540442713684303	false	1.0
pflicht	neg 1.0		neg 0.472002922595022 off 0.46265247550635513 __DUMMY__ 0.06534460189862297	false	1.0
faschist	off 1.0		off 0.4702103463278104 neg 0.46559222991879295 __DUMMY__ 0.06419742375339667	false	1.0
verschleudern	neg 1.0		neg 0.4750458660528227 off 0.46050899173483134 __DUMMY__ 0.064445142212346	false	1.0
wenn			off 0.47102338053774384 neg 0.46487944901359807 __DUMMY__ 0.06409717044865801	false	0.0
ehebruch	neg 1.0		neg 0.4711340488096929 off 0.4640157644691843 __DUMMY__ 0.06485018672112282	false	1.0
spott	off 1.0		neg 0.47018868113804185 off 0.4647951903670515 __DUMMY__ 0.06501612849490652	false	0.5
trostlosigkeit	neg 1.0		neg 0.47533645040658185 off 0.459772040774419 __DUMMY__ 0.06489150881899904	false	1.0
lutschen	neg 1.0		off 0.4699478501830664 neg 0.46601247921720684 __DUMMY__ 0.0640396705997267	false	0.5
undiszipliniert	neg 1.0		off 0.4739628022956767 neg 0.4622533565363422 __DUMMY__ 0.06378384116798097	false	0.5
kopfschmerz	neg 1.0		neg 0.4736743177802591 off 0.46175758583111304 __DUMMY__ 0.06456809638862789	false	1.0
unvorhergesehen	neg 1.0		neg 0.4722303629655877 off 0.46251240576249064 __DUMMY__ 0.06525723127192164	false	1.0
desinteressiert	neg 1.0		off 0.47282883145743226 neg 0.4634085099854146 __DUMMY__ 0.06376265855715303	false	0.5
armselig	off 1.0		off 0.47523848514014055 neg 0.46115107107539527 __DUMMY__ 0.06361044378446422	false	1.0
desaster	neg 1.0		neg 0.47458659735956554 off 0.46030706464058635 __DUMMY__ 0.06510633799984825	false	1.0
tod	neg 1.0		neg 0.470526398041864 off 0.4643775997621029 __DUMMY__ 0.0650960021960332	false	1.0
herzlos	neg 1.0		off 0.47451449826253084 neg 0.4618659739637072 __DUMMY__ 0.06361952777376184	false	0.5
unwissenheit	neg 1.0		neg 0.47099764799017735 off 0.46425370442887176 __DUMMY__ 0.064748647580951	false	1.0
widersinnig	neg 1.0		neg 0.47144590404647285 off 0.46417535478830385 __DUMMY__ 0.06437874116522342	false	1.0
bedenklich	neg 1.0		neg 0.47218506168752805 off 0.4630512547955728 __DUMMY__ 0.06476368351689912	false	1.0
beanstanden	neg 1.0		neg 0.4712723424652513 off 0.4634146148448605 __DUMMY__ 0.06531304268988819	false	1.0
panisch	neg 1.0		off 0.4694611194143111 neg 0.46596303150202273 __DUMMY__ 0.06457584908366629	false	0.5
debil	off 1.0		neg 0.47776703246377855 off 0.45652297141999126 __DUMMY__ 0.06570999611623024	false	0.5
abstrich	neg 1.0		neg 0.4721781768078823 off 0.46342622930283167 __DUMMY__ 0.06439559388928591	false	1.0
primitiv	neg 1.0		off 0.47338921501109665 neg 0.4627872027831073 __DUMMY__ 0.06382358220579594	false	0.5
abschaum	off 1.0	off 1.0	off 0.7223405806609192 neg 0.2472320113366139 __DUMMY__ 0.030427408002466915	false	1.0
provozieren	neg 1.0		neg 0.46843889982179 off 0.46713208230711095 __DUMMY__ 0.06442901787109895	false	1.0
tot	neg 1.0		neg 0.47197134728269347 off 0.46346616202342505 __DUMMY__ 0.06456249069388138	false	1.0
instabil	neg 1.0		off 0.4752487610970454 neg 0.46124061671150646 __DUMMY__ 0.06351062219144814	false	0.5
schwuchtel	off 1.0	off 1.0	off 0.7281081385372709 neg 0.2425382073465936 __DUMMY__ 0.029353654116135587	false	1.0
zerren	neg 1.0		neg 0.46970892681007487 off 0.46527452618454523 __DUMMY__ 0.06501654700538	false	1.0
kinderficker	off 1.0		off 0.4769954180999863 neg 0.4596961041718678 __DUMMY__ 0.06330847772814595	false	1.0
gefahr	neg 1.0		neg 0.4723444253264933 off 0.46245027371890557 __DUMMY__ 0.065205300954601	false	1.0
rabiat	neg 1.0		neg 0.47041670229188454 off 0.46505160227284287 __DUMMY__ 0.06453169543527258	false	1.0
verlangsamung	neg 1.0		off 0.47822640696435387 neg 0.4587069990884458 __DUMMY__ 0.0630665939472003	false	0.5
ausgestorben	neg 1.0		neg 0.4693140095154108 off 0.4659142094116711 __DUMMY__ 0.06477178107291806	false	1.0
anklagen	neg 1.0		neg 0.4700747470816116 off 0.4652037751665796 __DUMMY__ 0.0647214777518088	false	1.0
trott	neg 1.0		neg 0.46885987699773357 off 0.466561090190019 __DUMMY__ 0.06457903281224742	false	1.0
verminderung	neg 1.0		off 0.4719218166850398 neg 0.46426807388683233 __DUMMY__ 0.06381010942812793	false	0.5
nach			neg 0.47442616019811074 off 0.45956106650495815 __DUMMY__ 0.06601277329693116	false	0.0
rost	neg 1.0		off 0.48191121726825664 neg 0.4547432916423402 __DUMMY__ 0.06334549108940314	false	0.5
destruktiv	neg 1.0		neg 0.4693880558482698 off 0.46609259750567555 __DUMMY__ 0.06451934664605458	false	1.0
unzumutbarkeit	neg 1.0		off 0.47240116548368005 neg 0.46368150034034916 __DUMMY__ 0.06391733417597079	false	0.5
labil	off 1.0	off 1.0	off 0.721218367335351 neg 0.24843991705003307 __DUMMY__ 0.03034171561461592	false	1.0
ziemlich	neg 1.0		off 0.4724947118398257 neg 0.46340202129485564 __DUMMY__ 0.06410326686531873	false	0.5
lachnummer	off 1.0		off 0.4678580714155919 neg 0.46747490539562697 __DUMMY__ 0.06466702318878122	false	1.0
oder			off 0.46817286058672225 neg 0.4671062501766455 __DUMMY__ 0.06472088923663222	false	0.0
verfall	neg 1.0		neg 0.477260064452018 off 0.4575810242909851 __DUMMY__ 0.06515891125699678	false	1.0
ausgrenzung	neg 1.0		neg 0.46809589638871985 off 0.46772272973857304 __DUMMY__ 0.06418137387270702	false	1.0
unordnung	neg 1.0		off 0.47477108472291546 neg 0.4618845337997643 __DUMMY__ 0.06334438147732019	false	0.5
fehlverhalten	neg 1.0		neg 0.4717204621944116 off 0.46325984241134743 __DUMMY__ 0.0650196953942409	false	1.0
eine			neg 0.47340194611465797 off 0.46137660964682403 __DUMMY__ 0.0652214442385181	false	0.0
nille	neg 1.0		neg 0.4685335393311034 off 0.4669079163203203 __DUMMY__ 0.06455854434857623	false	1.0
qual	neg 1.0		neg 0.4694800170172512 off 0.4659568297924285 __DUMMY__ 0.06456315319032035	false	1.0
verschwenden	neg 1.0		neg 0.4736123600621697 off 0.46158328826500955 __DUMMY__ 0.06480435167282055	false	1.0
riesig	neg 1.0		neg 0.4713083224426585 off 0.46367750283190146 __DUMMY__ 0.06501417472543995	false	1.0
verurteilen	neg 1.0		neg 0.4706278461554259 off 0.46466361631856623 __DUMMY__ 0.06470853752600779	false	1.0
klischee	neg 1.0	neg 1.0	neg 0.7190736194790328 off 0.2505572291488936 __DUMMY__ 0.03036915137207356	false	1.0
diktatorisch	neg 1.0		neg 0.4682278665594283 off 0.46764163233318135 __DUMMY__ 0.06413050110739049	false	1.0
vorhersehbar	neg 1.0		off 0.46848892459469416 neg 0.46741634741331567 __DUMMY__ 0.06409472799199008	false	0.5
sowie			off 0.47460645065423335 neg 0.4623168403391395 __DUMMY__ 0.06307670900662711	false	0.0
stornieren	neg 1.0		off 0.4725211444314782 neg 0.4626544947179387 __DUMMY__ 0.06482436085058313	false	0.5
besteuerung	neg 1.0	neg 1.0	neg 0.7222987904819341 off 0.24744840054597633 __DUMMY__ 0.030252808972089536	false	1.0
ungeschminkt	neg 1.0		off 0.4727567259544934 neg 0.4635550310337041 __DUMMY__ 0.06368824301180252	false	0.5
kritisch	neg 1.0		neg 0.47039241755241645 off 0.4647662652687499 __DUMMY__ 0.06484131717883362	false	1.0
schlamperei	off 1.0		neg 0.4722182379798834 off 0.46292262167434683 __DUMMY__ 0.06485914034576966	false	0.5
sucht	neg 1.0	neg 1.0	neg 0.7190577568410655 off 0.25027043840165625 __DUMMY__ 0.030671804757278234	false	1.0
egoistisch	off 1.0	off 1.0	off 0.7246759854299776 neg 0.2452785393849133 __DUMMY__ 0.03004547518510912	false	1.0
ausbeuter	off 1.0		neg 0.4741403009718458 off 0.4611338659315254 __DUMMY__ 0.0647258330966289	false	0.5
arschgeburt	off 1.0		off 0.4835949518173311 neg 0.45424467230667603 __DUMMY__ 0.06216037587599301	false	1.0
schubs	neg 1.0		neg 0.47318174548530323 off 0.46223760464188285 __DUMMY__ 0.06458064987281388	false	1.0
unsolide	neg 1.0		off 0.4699726921622915 neg 0.46565212609795076 __DUMMY__ 0.06437518173975769	false	0.5
beschwerde	neg 1.0		neg 0.4699615583872136 off 0.46520925789264633 __DUMMY__ 0.06482918372014004	false	1.0
stocken	neg 1.0		neg 0.4711590495359254 off 0.46395139565250204 __DUMMY__ 0.06488955481157259	false	1.0
isolieren	neg 1.0		neg 0.4713793771575307 off 0.463989377748524 __DUMMY__ 0.06463124509394537	false	1.0
unheilbar	neg 1.0		neg 0.4679895380754597 off 0.4673466779500434 __DUMMY__ 0.06466378397449686	false	1.0
pisser	off 1.0	off 1.0	off 0.7231004344748166 neg 0.24676542515621236 __DUMMY__ 0.030134140368971	false	1.0
löschen	neg 1.0		neg 0.46911588977714486 off 0.4664716595020738 __DUMMY__ 0.06441245072078136	false	1.0
durchfallen	neg 1.0		neg 0.4703482556100553 off 0.4647665052436472 __DUMMY__ 0.06488523914629743	false	1.0
wichser	off 1.0	off 1.0	off 0.7267164113385417 neg 0.24360691410321555 __DUMMY__ 0.02967667455824278	false	1.0
terror	neg 1.0		off 0.4695813157633763 neg 0.46619375027721605 __DUMMY__ 0.06422493395940755	false	0.5
krass	neg 1.0		off 0.475898343249872 neg 0.4606999380948551 __DUMMY__ 0.0634017186552729	false	0.5
revolte	neg 1.0		neg 0.46873675668649734 off 0.46750973643745397 __DUMMY__ 0.06375350687604872	false	1.0
besorgt	neg 1.0		neg 0.46831309196292914 off 0.4665957123995912 __DUMMY__ 0.06509119563747975	false	1.0
nachlassen	neg 1.0		neg 0.4698857451593126 off 0.4650440180856092 __DUMMY__ 0.06507023675507817	false	1.0
alt	neg 1.0		neg 0.47653739665297146 off 0.45927821452978446 __DUMMY__ 0.06418438881724413	false	1.0
hundesohn	off 1.0	off 1.0	off 0.7258799182542931 neg 0.24443737415300626 __DUMMY__ 0.029682707592700756	false	1.0
als			neg 0.4706457004439933 off 0.46460175241687723 __DUMMY__ 0.06475254713912947	false	0.0
abschreckung	neg 1.0		neg 0.4732420272138922 off 0.46177723532477394 __DUMMY__ 0.06498073746133388	false	1.0
unqualifiziert	neg 1.0		off 0.4709882761991324 neg 0.4648472271620636 __DUMMY__ 0.06416449663880391	false	0.5
abgewichst	off 1.0		neg 0.4685635465502768 off 0.4667482837552503 __DUMMY__ 0.06468816969447282	false	0.5
schwer	neg 1.0		neg 0.4685490016634639 off 0.4667097028753304 __DUMMY__ 0.0647412954612056	false	1.0
bedeutungslosigkeit	neg 1.0		neg 0.47253320564844015 off 0.4624953015264915 __DUMMY__ 0.06497149282506828	false	1.0
kapitulation	neg 1.0		neg 0.4728388341947714 off 0.4626067921624415 __DUMMY__ 0.06455437364278709	false	1.0
unscharf	neg 1.0		neg 0.47000798615796985 off 0.4661053187742755 __DUMMY__ 0.06388669506775466	false	1.0
schwinden	neg 1.0		neg 0.4733864472100075 off 0.46178946760208295 __DUMMY__ 0.06482408518790943	false	1.0
versklavung	neg 1.0	neg 1.0	neg 0.7208381623622853 off 0.24877949824713846 __DUMMY__ 0.030382339390576333	false	1.0
schlecht	neg 1.0		off 0.472779865955896 neg 0.46309478644362995 __DUMMY__ 0.06412534760047404	false	0.5
verhasst	neg 1.0		neg 0.4683267501655027 off 0.46737463629576453 __DUMMY__ 0.06429861353873279	false	1.0
beschweren	neg 1.0		off 0.46919200997496857 neg 0.4662792266178632 __DUMMY__ 0.06452876340716823	false	0.5
scheiden	neg 1.0		neg 0.4682310482915294 off 0.4671439985070109 __DUMMY__ 0.06462495320145975	false	1.0
frustriert	neg 1.0		neg 0.4693625522409827 off 0.46583170209729385 __DUMMY__ 0.0648057456617235	false	1.0
schimmelig	neg 1.0		neg 0.4742225124545113 off 0.46137417797398217 __DUMMY__ 0.06440330957150646	false	1.0
fisch	neg 1.0		neg 0.4778523712759203 off 0.45758200939843696 __DUMMY__ 0.06456561932564268	false	1.0
schmuggel	neg 1.0		neg 0.47244137325249536 off 0.46223604989087486 __DUMMY__ 0.06532257685662987	false	1.0
auffallen	neg 1.0		off 0.4691203473788719 neg 0.4664854810788154 __DUMMY__ 0.06439417154231271	false	0.5
konkurrenz	neg 1.0		neg 0.4707040578979478 off 0.46397186319279793 __DUMMY__ 0.06532407890925436	false	1.0
teufelskreis	neg 1.0	neg 1.0	neg 0.7217268036097083 off 0.24772587202545934 __DUMMY__ 0.030547324364832314	false	1.0
aufschreien	neg 1.0		off 0.46844012040451216 neg 0.4674328888942381 __DUMMY__ 0.06412699070124969	false	0.5
schuldner	neg 1.0		neg 0.47543499572204245 off 0.4599897917248271 __DUMMY__ 0.06457521255313053	false	1.0
missgeburt	off 1.0	off 1.0	off 0.7259503305707025 neg 0.24413883553328497 __DUMMY__ 0.02991083389601262	false	1.0
arbeitslos	neg 1.0		neg 0.4711820851247789 off 0.4640204836562744 __DUMMY__ 0.06479743121894674	false	1.0
befallen	neg 1.0		neg 0.4740731129274651 off 0.46188212878779467 __DUMMY__ 0.06404475828474031	false	1.0
miesepetrig	off 1.0	off 1.0	off 0.7214507829769562 neg 0.24818084058098927 __DUMMY__ 0.03036837644205441	false	1.0
alarmieren	neg 1.0		off 0.4708804001427724 neg 0.46507028502736886 __DUMMY__ 0.0640493148298587	false	0.5
ungeduscht	off 1.0		off 0.46970818246092 neg 0.46636715108455484 __DUMMY__ 0.0639246664545251	false	1.0
knappheit	neg 1.0		neg 0.47326517323280065 off 0.46233516397839686 __DUMMY__ 0.06439966278880245	false	1.0
schlange	neg 1.0		off 0.4677980892567059 neg 0.46751801230452084 __DUMMY__ 0.06468389843877323	false	0.5
harsch	neg 1.0		off 0.47702355756622544 neg 0.45921809116887613 __DUMMY__ 0.06375835126489839	false	0.5
lang	neg 1.0		off 0.46788891433248087 neg 0.4676628266134429 __DUMMY__ 0.06444825905407632	false	0.5
ziellos	neg 1.0		neg 0.4709229863367659 off 0.4639141993289065 __DUMMY__ 0.06516281433432758	false	1.0
selbstverliebt	neg 1.0		off 0.4829150752002779 neg 0.45431355923616634 __DUMMY__ 0.06277136556355575	false	0.5
beseitigen	neg 1.0		neg 0.4678805115022637 off 0.4673847295612803 __DUMMY__ 0.06473475893645617	false	1.0
dumm	off 1.0		off 0.4776259959020802 neg 0.45918879099507603 __DUMMY__ 0.06318521310284383	false	1.0
arbeitsloser	neg 1.0		off 0.4680007396482438 neg 0.46658423865359794 __DUMMY__ 0.06541502169815831	false	0.5
blitzen	neg 1.0		off 0.46943796397350296 neg 0.46654232942550034 __DUMMY__ 0.06401970660099662	false	0.5
hilflos	neg 1.0		neg 0.4710244772782383 off 0.46418605083708253 __DUMMY__ 0.06478947188467932	false	1.0
eklig	off 1.0		off 0.47678877525154456 neg 0.46028951751734376 __DUMMY__ 0.06292170723111173	false	1.0
begriff			neg 0.4684105555426526 off 0.46687279734271603 __DUMMY__ 0.06471664711463142	false	0.0
hungersnot	neg 1.0		neg 0.4727214599788139 off 0.46281009178347626 __DUMMY__ 0.06446844823770986	false	1.0
ungesetzlich	neg 1.0		off 0.4686685607909789 neg 0.4670405910761868 __DUMMY__ 0.06429084813283427	false	0.5
verschwendung	neg 1.0		neg 0.4727192810144802 off 0.462332282105801 __DUMMY__ 0.06494843687971884	false	1.0
schmerzvoll	neg 1.0		neg 0.4683740851549646 off 0.46731198098059734 __DUMMY__ 0.064313933864438	false	1.0
vorzeitig	neg 1.0		off 0.47374492770632604 neg 0.4618574542083861 __DUMMY__ 0.0643976180852879	false	0.5
unvollkommenheit	neg 1.0		neg 0.47017644839778505 off 0.46512408593989646 __DUMMY__ 0.06469946566231846	false	1.0
intervenieren	neg 1.0		neg 0.4742606348572814 off 0.4611580369576586 __DUMMY__ 0.06458132818505989	false	1.0
banause	off 1.0		off 0.4765720473096685 neg 0.4609350654329703 __DUMMY__ 0.06249288725736124	false	1.0
rebell	neg 1.0		neg 0.47844578648840724 off 0.45666534088873517 __DUMMY__ 0.06488887262285772	false	1.0
unlogisch	neg 1.0		off 0.4733095965760607 neg 0.463131207857684 __DUMMY__ 0.06355919556625511	false	0.5
leiden	neg 1.0		neg 0.4710629301850002 off 0.4635154999294487 __DUMMY__ 0.06542156988555131	false	1.0
abschaffung	neg 1.0		neg 0.46952463704298536 off 0.4662716999762471 __DUMMY__ 0.0642036629807675	false	1.0
sturz	neg 1.0		off 0.4710035984111748 neg 0.4642296479699315 __DUMMY__ 0.0647667536188938	false	0.5
verkleinerung	neg 1.0		neg 0.4691087619592239 off 0.467302574143972 __DUMMY__ 0.06358866389680412	false	1.0
schmarotzer	off 1.0		neg 0.4702671751190394 off 0.46501300512619637 __DUMMY__ 0.06471981975476412	false	0.5
bestrafung	neg 1.0	neg 1.0	neg 0.7198903230071385 off 0.2494541552472803 __DUMMY__ 0.030655521745581185	false	1.0
achtlos	neg 1.0		neg 0.4685606496356418 off 0.466531763139928 __DUMMY__ 0.06490758722443025	false	1.0
ungeheuer	neg 1.0		neg 0.469201642092294 off 0.4663954232040032 __DUMMY__ 0.06440293470370287	false	1.0
unaufrichtig	neg 1.0		off 0.47088818407897415 neg 0.4649508906291303 __DUMMY__ 0.06416092529189554	false	0.5
groggy	neg 1.0		off 0.4701967702622025 neg 0.4654703974443718 __DUMMY__ 0.06433283229342569	false	0.5
