unsolidarisch	neg 1.0		__DUMMY__ 0.8645327285691651 neg 0.06789980518074018 off 0.06756746625009474	false	1.0
nachteilig	neg 1.0		__DUMMY__ 0.8727280019235389 neg 0.0645326357800979 off 0.06273936229636325	false	1.0
skeptisch	neg 1.0		__DUMMY__ 0.8716632597442073 neg 0.06669650653597736 off 0.06164023371981527	false	1.0
schrecklich	neg 1.0		__DUMMY__ 0.8594167869786872 off 0.0753755913545098 neg 0.06520762166680295	false	0.5
schlapp	neg 1.0	neg 1.0	neg 0.5197291795047709 __DUMMY__ 0.42610888070567177 off 0.05416193978955732	false	1.0
abfall	neg 1.0		__DUMMY__ 0.8772495972309848 neg 0.06422578311002554 off 0.05852461965898968	false	1.0
widerspenstig	neg 1.0		__DUMMY__ 0.8662509212798588 neg 0.06835094302986004 off 0.06539813569028118	false	1.0
abrupt	neg 1.0		__DUMMY__ 0.8701985878650109 neg 0.0689977118935364 off 0.06080370024145265	false	1.0
unwirksam	neg 1.0		__DUMMY__ 0.8607943038053908 neg 0.07243230536725889 off 0.06677339082735036	false	1.0
angreifen	neg 1.0		__DUMMY__ 0.8723807583398401 neg 0.06647286739230117 off 0.061146374267858856	false	1.0
inkonsistent	neg 1.0		__DUMMY__ 0.8639213810682077 off 0.06873067561162996 neg 0.0673479433201624	false	0.5
abrutschen	neg 1.0		__DUMMY__ 0.8761449713176511 neg 0.06567254738677109 off 0.05818248129557785	false	1.0
unsicher	neg 1.0		__DUMMY__ 0.8688861405590314 off 0.06617033974323064 neg 0.06494351969773798	false	0.5
bauernkind	off 1.0	off 1.0	off 0.5285081042983979 __DUMMY__ 0.4174974981543322 neg 0.053994397547269916	false	1.0
angreifer	neg 1.0		__DUMMY__ 0.8675404861405451 off 0.07012428155093672 neg 0.06233523230851811	false	0.5
trennen	neg 1.0		__DUMMY__ 0.8738931877430659 neg 0.06543775924038232 off 0.060669053016551774	false	1.0
schmutz	neg 1.0		__DUMMY__ 0.8722271892547132 off 0.06897887935454367 neg 0.0587939313907432	false	0.5
inkonsistenz	neg 1.0		__DUMMY__ 0.8637947096375115 off 0.071339873028368 neg 0.06486541733412048	false	0.5
erschreckend	neg 1.0		__DUMMY__ 0.8682446741422816 neg 0.06608826152279884 off 0.06566706433491971	false	1.0
ertrinken	neg 1.0		__DUMMY__ 0.8708849278315552 neg 0.06862594650193378 off 0.06048912566651095	false	1.0
pickelface	off 1.0		__DUMMY__ 0.8667025671841323 off 0.06672332144887363 neg 0.06657411136699412	false	1.0
seiner			__DUMMY__ 0.8734541995059265 neg 0.06514406129848985 off 0.061401739195583664	false	0.0
lauch	neg 1.0	neg 1.0	neg 0.5217367447905075 __DUMMY__ 0.43392765250117155 off 0.04433560270832107	false	1.0
unwichtig	neg 1.0		__DUMMY__ 0.8627037223868415 off 0.07124184401644836 neg 0.06605443359671018	false	0.5
steuerhinterziehung	neg 1.0		__DUMMY__ 0.866689488554242 neg 0.06753145363159722 off 0.06577905781416071	false	1.0
schock	neg 1.0		__DUMMY__ 0.8694779613413665 neg 0.06600341955089588 off 0.06451861910773768	false	1.0
beule	neg 1.0		__DUMMY__ 0.8606534661151619 off 0.07322686876822897 neg 0.0661196651166091	false	0.5
vergelten	neg 1.0		__DUMMY__ 0.8605638887793435 off 0.07654124373731987 neg 0.06289486748333652	false	0.5
verdorbenheit	neg 1.0		__DUMMY__ 0.8663310108280549 off 0.06697792465627352 neg 0.06669106451567158	false	0.5
trauma	neg 1.0		__DUMMY__ 0.8652404619958758 off 0.06769507970275464 neg 0.06706445830136964	false	0.5
sinnlos	neg 1.0		__DUMMY__ 0.8657640074624608 off 0.06830720787418199 neg 0.06592878466335712	false	0.5
fettsack	off 1.0	off 1.0	off 0.5296447417614828 __DUMMY__ 0.4178665108272517 neg 0.05248874741126555	false	1.0
feige	off 1.0	off 1.0	off 0.5250876661921527 __DUMMY__ 0.42388463870098736 neg 0.051027695106859866	false	1.0
abdanken	neg 1.0		__DUMMY__ 0.8682082095349459 off 0.06611090626993381 neg 0.06568088419512022	false	0.5
wichtigtuer	off 1.0	off 1.0	off 0.5225524596057214 __DUMMY__ 0.4278467045491915 neg 0.04960083584508711	false	1.0
misslingen	neg 1.0	neg 1.0	neg 0.5146938537569079 __DUMMY__ 0.43411835059289555 off 0.05118779565019646	false	1.0
untreu	off 1.0		__DUMMY__ 0.8615461121639268 off 0.0725078553147124 neg 0.06594603252136072	false	1.0
missmutig	neg 1.0		__DUMMY__ 0.8638779452002151 off 0.06986883647243904 neg 0.06625321832734583	false	0.5
hurenbock	off 1.0		__DUMMY__ 0.8619981577355429 neg 0.07185303835788122 off 0.06614880390657576	false	0.5
betrunken	neg 1.0		__DUMMY__ 0.8601619865206052 off 0.07419859056135236 neg 0.06563942291804246	false	0.5
korrupt	off 1.0		__DUMMY__ 0.8661406435653827 neg 0.0684220441856629 off 0.06543731224895452	false	0.5
unmut	neg 1.0		__DUMMY__ 0.8733202394744739 neg 0.06676194118208897 off 0.05991781934343702	false	1.0
hackfresse	off 1.0		__DUMMY__ 0.855176515030064 off 0.0799651584889692 neg 0.0648583264809668	false	1.0
aufblasen	neg 1.0		__DUMMY__ 0.8676044225102939 off 0.06644599724279368 neg 0.06594958024691253	false	0.5
gewaltsam	neg 1.0		__DUMMY__ 0.8681794040652794 neg 0.06594807624371163 off 0.06587251969100895	false	1.0
unbeliebtheit	neg 1.0		__DUMMY__ 0.8622191711402285 off 0.07260532612256511 neg 0.06517550273720646	false	0.5
sturheit	neg 1.0		__DUMMY__ 0.8701358365155438 off 0.06566757647169286 neg 0.06419658701276341	false	0.5
kuh	neg 1.0		__DUMMY__ 0.8558420266048876 neg 0.07519090877494122 off 0.06896706462017121	false	1.0
erschrecken	neg 1.0		__DUMMY__ 0.8646881436418945 off 0.07032833900558108 neg 0.06498351735252439	false	0.5
opfer	neg 1.0		__DUMMY__ 0.8732886984056631 neg 0.06370642225070959 off 0.06300487934362736	false	1.0
sinken	neg 1.0		__DUMMY__ 0.871537402091584 neg 0.06815836076148854 off 0.06030423714692746	false	1.0
stinktier	neg 1.0		__DUMMY__ 0.8513943449169488 off 0.07766218588756287 neg 0.07094346919548845	false	0.5
tucke	off 1.0		__DUMMY__ 0.8483793649027751 off 0.0819330653590883 neg 0.06968756973813661	false	1.0
ein			__DUMMY__ 0.8662886238835231 neg 0.06856375224979099 off 0.06514762386668586	false	0.0
abstieg	neg 1.0		__DUMMY__ 0.8751588102264002 off 0.06428385973021702 neg 0.06055733004338283	false	0.5
missverstehen	neg 1.0		__DUMMY__ 0.8648697368754542 off 0.06925149930393773 neg 0.06587876382060814	false	0.5
ergebnislos	neg 1.0		__DUMMY__ 0.8734331870131637 neg 0.06386911333932037 off 0.06269769964751598	false	1.0
unter			__DUMMY__ 0.8818394621471668 neg 0.06400766011658389 off 0.05415287773624928	false	0.0
manipulieren	neg 1.0		__DUMMY__ 0.8733538340780945 neg 0.06451224626987813 off 0.06213391965202735	false	1.0
unbewiesen	neg 1.0	neg 1.0	neg 0.5197924692991683 __DUMMY__ 0.42877345428094044 off 0.05143407641989123	false	1.0
verschleppen	neg 1.0		__DUMMY__ 0.8693771771633589 neg 0.06685912600052395 off 0.0637636968361171	false	1.0
weib	off 1.0		__DUMMY__ 0.8507348790787815 off 0.08219652652216909 neg 0.06706859439904934	false	1.0
opposition	neg 1.0		__DUMMY__ 0.863897874273293 neg 0.06835346559110943 off 0.0677486601355976	false	1.0
verkehrswidrig	neg 1.0	neg 1.0	neg 0.5157239953496915 __DUMMY__ 0.4261579618257717 off 0.05811804282453672	false	1.0
inkorrekt	neg 1.0		__DUMMY__ 0.8586952909752762 off 0.07549173290931808 neg 0.06581297611540571	false	0.5
vermeiden	neg 1.0		__DUMMY__ 0.8770043526333174 neg 0.06551331843472592 off 0.057482328931956685	false	1.0
abweichung	neg 1.0	neg 1.0	neg 0.5170823158198595 __DUMMY__ 0.4343306202386846 off 0.048587063941455795	false	1.0
alkoholisiert	neg 1.0		__DUMMY__ 0.8765089132869898 neg 0.06286216943049354 off 0.06062891728251668	false	1.0
scheiss	off 1.0	off 1.0	off 0.5256831605732855 __DUMMY__ 0.423053166464563 neg 0.051263672962151646	false	1.0
herausforderung	neg 1.0		__DUMMY__ 0.8715698940752827 neg 0.06458497736476312 off 0.06384512855995411	false	1.0
pervers	off 1.0		__DUMMY__ 0.8496548237807273 off 0.08453666182182573 neg 0.06580851439744705	false	1.0
wackelig	neg 1.0		__DUMMY__ 0.8718588048878211 neg 0.06474484144947812 off 0.06339635366270076	false	1.0
verwickeln	neg 1.0		__DUMMY__ 0.8652970889350325 off 0.06837185415060691 neg 0.06633105691436057	false	0.5
vorwand	neg 1.0		__DUMMY__ 0.8724941726092138 neg 0.06683341526028144 off 0.06067241213050471	false	1.0
muschi	off 1.0		__DUMMY__ 0.8686740896325764 neg 0.0656753596955882 off 0.06565055067183527	false	0.5
entmutigung	neg 1.0		__DUMMY__ 0.8629333787555082 off 0.06916282973608451 neg 0.06790379150840735	false	0.5
unangemessen	neg 1.0		__DUMMY__ 0.8695553204699018 off 0.06529921669478611 neg 0.06514546283531202	false	0.5
unstetig	neg 1.0		__DUMMY__ 0.8645758827207801 off 0.07014508574736845 neg 0.06527903153185136	false	0.5
entmutigen	neg 1.0		__DUMMY__ 0.8671624257844106 off 0.06723308592074667 neg 0.06560448829484267	false	0.5
schwanz	neg 1.0		__DUMMY__ 0.869260051529088 neg 0.06740484261686262 off 0.06333510585404924	false	1.0
verbot	neg 1.0		__DUMMY__ 0.8665948691822883 neg 0.06835892434509185 off 0.06504620647261972	false	1.0
leid	neg 1.0		__DUMMY__ 0.8572682158211109 off 0.0769289194632822 neg 0.06580286471560697	false	0.5
archaisch	neg 1.0		__DUMMY__ 0.8678998670649553 neg 0.06721767496055907 off 0.06488245797448566	false	1.0
gegen			__DUMMY__ 0.8754438758929793 neg 0.06407786146806983 off 0.06047826263895086	false	0.0
scheidung	neg 1.0		__DUMMY__ 0.8531733061522943 off 0.0881668636225689 neg 0.058659830225136905	false	0.5
einschlag	neg 1.0		__DUMMY__ 0.8624651174333625 off 0.0756363609429116 neg 0.06189852162372594	false	0.5
m			__DUMMY__ 0.8700911087994375 neg 0.06592827735869379 off 0.0639806138418686	false	0.0
abgestanden	neg 1.0		__DUMMY__ 0.8604797803241561 neg 0.07385477810548893 off 0.06566544157035496	false	1.0
schmierig	off 1.0		__DUMMY__ 0.8577172612698126 off 0.07668901113858859 neg 0.06559372759159877	false	1.0
unpraktisch	neg 1.0		__DUMMY__ 0.8677974690256804 off 0.0673944279284796 neg 0.06480810304584007	false	0.5
wixxer	off 1.0		__DUMMY__ 0.8475621737220326 off 0.08492184953895932 neg 0.0675159767390081	false	1.0
bezeichnet			__DUMMY__ 0.8681388796300015 off 0.06672818547014112 neg 0.0651329348998574	false	0.0
jammerlappen	off 1.0		__DUMMY__ 0.8630634796541189 off 0.07157574575603762 neg 0.06536077458984342	false	1.0
farce	neg 1.0		__DUMMY__ 0.8650592963015189 neg 0.06828856587923163 off 0.06665213781924943	false	1.0
zwecklos	neg 1.0		__DUMMY__ 0.8689827831752311 neg 0.0667164434193035 off 0.06430077340546535	false	1.0
turbulent	neg 1.0		__DUMMY__ 0.8608308837677118 off 0.07353577762153132 neg 0.06563333861075693	false	0.5
invasion	neg 1.0		__DUMMY__ 0.8652468073834259 off 0.06894955338497039 neg 0.06580363923160376	false	0.5
schuld	neg 1.0		__DUMMY__ 0.866479393285091 off 0.0676754208716036 neg 0.06584518584330543	false	0.5
risiko	neg 1.0		__DUMMY__ 0.8629412593032328 neg 0.06861161881239962 off 0.06844712188436759	false	1.0
finster	neg 1.0		__DUMMY__ 0.8660501104765179 neg 0.06856049514993076 off 0.06538939437355122	false	1.0
geisteskrank	off 1.0		__DUMMY__ 0.8600262398479973 off 0.07420663679401539 neg 0.06576712335798737	false	1.0
zusammenbrechen	neg 1.0		__DUMMY__ 0.8687243901862723 neg 0.06684322942833305 off 0.06443238038539462	false	1.0
ausbeute	neg 1.0		__DUMMY__ 0.8723885359612227 off 0.06485164813109624 neg 0.06275981590768114	false	0.5
hinterhalt	neg 1.0		__DUMMY__ 0.8682551969056787 neg 0.06720414830218366 off 0.06454065479213777	false	1.0
kritik	neg 1.0		__DUMMY__ 0.8650107147075526 neg 0.06858993433519989 off 0.06639935095724743	false	1.0
einschrumpfen	neg 1.0		__DUMMY__ 0.8592936985125168 off 0.07168587856135943 neg 0.0690204229261239	false	0.5
riskant	neg 1.0		__DUMMY__ 0.8705921622236681 neg 0.06754603894916354 off 0.06186179882716839	false	1.0
frustrieren	neg 1.0		__DUMMY__ 0.8690587167060991 neg 0.06816650818250793 off 0.06277477511139287	false	1.0
groll	neg 1.0		__DUMMY__ 0.8705661408940846 neg 0.0649213023293642 off 0.06451255677655122	false	1.0
gibt			__DUMMY__ 0.8702370690027622 neg 0.06572097183579578 off 0.064041959161442	false	0.0
qualvoll	neg 1.0		__DUMMY__ 0.8657308281076384 off 0.06831754594989357 neg 0.06595162594246805	false	0.5
wackeln	neg 1.0		__DUMMY__ 0.8682957226147863 off 0.06595279228553305 neg 0.0657514850996807	false	0.5
klagen	neg 1.0		__DUMMY__ 0.8715135532998465 neg 0.06753215677017678 off 0.06095428992997674	false	1.0
bankrott	neg 1.0		__DUMMY__ 0.8650592305806422 off 0.07075421024293348 neg 0.06418655917642428	false	0.5
trauern	neg 1.0		__DUMMY__ 0.8763004310391553 off 0.061871398987271696 neg 0.06182816997357294	false	0.5
ablehnung	neg 1.0		__DUMMY__ 0.8661182262457365 neg 0.06808336378114893 off 0.06579840997311455	false	1.0
stur	neg 1.0		__DUMMY__ 0.8655354432003504 off 0.06763228778055 neg 0.06683226901909958	false	0.5
aufruhr	neg 1.0	neg 1.0	neg 0.520116104415957 __DUMMY__ 0.42942921632946324 off 0.05045467925457961	false	1.0
melancholie	neg 1.0		__DUMMY__ 0.8698533202228911 neg 0.06909894302382265 off 0.06104773675328624	false	1.0
ist			__DUMMY__ 0.8662368702209448 off 0.0680621438036303 neg 0.06570098597542487	false	0.0
torheit	neg 1.0		__DUMMY__ 0.866611914187255 off 0.06780382764170158 neg 0.06558425817104338	false	0.5
dreckskind	off 1.0		__DUMMY__ 0.8528334169109265 off 0.08121320948086146 neg 0.06595337360821196	false	1.0
umtauschen	neg 1.0		__DUMMY__ 0.8679297115226265 neg 0.06690860593430968 off 0.06516168254306369	false	1.0
zum			__DUMMY__ 0.8822685584280557 neg 0.060125102428535165 off 0.05760633914340906	false	0.0
zersetzen	neg 1.0		__DUMMY__ 0.8701034036483833 neg 0.06811792225654406 off 0.061778674095072525	false	1.0
zur			__DUMMY__ 0.8771064484728353 neg 0.06504856811537454 off 0.057844983411790174	false	0.0
frust	neg 1.0		__DUMMY__ 0.8695505340216058 neg 0.06619719420791462 off 0.06425227177047967	false	1.0
unerbittlichkeit	neg 1.0		__DUMMY__ 0.8717292073707316 neg 0.06567068968074083 off 0.06260010294852768	false	1.0
zwei			__DUMMY__ 0.8781709482401008 neg 0.06475370987251847 off 0.05707534188738072	false	0.0
unkorrekt	neg 1.0		__DUMMY__ 0.8592654241687966 off 0.07400704319698845 neg 0.06672753263421494	false	0.5
hexe	off 1.0		__DUMMY__ 0.8601352149845379 off 0.07081174702817279 neg 0.06905303798728925	false	1.0
lasch	neg 1.0		__DUMMY__ 0.8639600533787261 off 0.07077235962484299 neg 0.06526758699643088	false	0.5
rivale	neg 1.0		__DUMMY__ 0.8596992945648533 off 0.07533306080774102 neg 0.06496764462740577	false	0.5
mutlos	off 1.0	off 1.0	off 0.5184372926899338 __DUMMY__ 0.4312149235792093 neg 0.050347783730856986	false	1.0
wirr	off 1.0		__DUMMY__ 0.8583506226557515 off 0.07604287118152551 neg 0.06560650616272301	false	1.0
jahr			__DUMMY__ 0.877924943342622 off 0.06142519656636165 neg 0.06064986009101628	false	0.0
wird			__DUMMY__ 0.8709593410635965 neg 0.06568217225649306 off 0.06335848667991037	false	0.0
strafbar	neg 1.0		__DUMMY__ 0.87158059240285 neg 0.06592863087714627 off 0.06249077672000375	false	1.0
erosion	neg 1.0		__DUMMY__ 0.8675666671195957 off 0.06634263677795725 neg 0.06609069610244704	false	0.5
eingehen	neg 1.0		__DUMMY__ 0.8695388419353933 neg 0.0678174242804461 off 0.06264373378416059	false	1.0
faul	off 1.0		__DUMMY__ 0.8637558272532201 off 0.0703343234450927 neg 0.0659098493016873	false	1.0
provisorium	neg 1.0		__DUMMY__ 0.882390843615837 neg 0.0634913616839184 off 0.05411779470024466	false	1.0
schmerzen	neg 1.0		__DUMMY__ 0.867909309230814 neg 0.06750660511561067 off 0.06458408565357536	false	1.0
schrumpfen	neg 1.0		__DUMMY__ 0.8731497113362124 neg 0.06885315872554064 off 0.05799712993824696	false	1.0
geistlos	off 1.0		__DUMMY__ 0.8625826421743356 off 0.06966397433928044 neg 0.06775338348638404	false	1.0
fehlkauf	neg 1.0		__DUMMY__ 0.8633872781446547 off 0.06894932541662849 neg 0.06766339643871688	false	0.5
frustrierend	neg 1.0		__DUMMY__ 0.8640392829745497 off 0.07028156301190441 neg 0.06567915401354583	false	0.5
unzufrieden	neg 1.0		__DUMMY__ 0.869408602236069 neg 0.06649472235235429 off 0.06409667541157678	false	1.0
verzweifeln	neg 1.0		__DUMMY__ 0.8691504100143251 neg 0.06551020450507809 off 0.06533938548059673	false	1.0
verzweifelt	neg 1.0		__DUMMY__ 0.8663030543014273 off 0.06772006462397945 neg 0.06597688107459325	false	0.5
misstrauensantrag	neg 1.0		__DUMMY__ 0.8655255009781112 off 0.06824929300581824 neg 0.0662252060160706	false	0.5
abfallen	neg 1.0		__DUMMY__ 0.8671287823383116 neg 0.06676155456996546 off 0.06610966309172299	false	1.0
fucker	off 1.0		__DUMMY__ 0.860533682388944 off 0.07503760019590366 neg 0.06442871741515235	false	1.0
ungezogen	neg 1.0		__DUMMY__ 0.852513269693793 off 0.0821287721366593 neg 0.06535795816954768	false	0.5
irrsinnig	neg 1.0	neg 1.0	neg 0.5206214866428941 __DUMMY__ 0.4282716089441424 off 0.05110690441296358	false	1.0
unfassbar	neg 1.0		__DUMMY__ 0.8625303692888887 off 0.07244028303724692 neg 0.06502934767386438	false	0.5
hart	neg 1.0		__DUMMY__ 0.8562642429050322 off 0.0724223644158684 neg 0.07131339267909931	false	0.5
widerlich	off 1.0		__DUMMY__ 0.8611028500542249 off 0.07302562749148912 neg 0.06587152245428601	false	1.0
fatal	neg 1.0	neg 1.0	neg 0.522901180700465 __DUMMY__ 0.4246479087754577 off 0.05245091052407735	false	1.0
bruch	neg 1.0		__DUMMY__ 0.8764428861927581 neg 0.06395229425049062 off 0.05960481955675133	false	1.0
aushungern	neg 1.0		__DUMMY__ 0.8661442664895089 neg 0.0685563183938034 off 0.06529941511668762	false	1.0
anspannung	neg 1.0		__DUMMY__ 0.8794470465825359 neg 0.06314263718637125 off 0.05741031623109278	false	1.0
von			__DUMMY__ 0.8736388090567865 neg 0.06569534817451018 off 0.06066584276870335	false	0.0
kraftlos	neg 1.0		__DUMMY__ 0.8706637869005259 neg 0.06594322508420165 off 0.06339298801527235	false	1.0
vom			__DUMMY__ 0.8844177393180102 neg 0.0610665862212387 off 0.05451567446075115	false	0.0
grenzdebil	off 1.0		__DUMMY__ 0.8609288501247278 off 0.07271560435685989 neg 0.06635554551841229	false	1.0
vor			__DUMMY__ 0.8743040142230761 neg 0.06595434237184065 off 0.05974164340508325	false	0.0
unterwerfen	neg 1.0		__DUMMY__ 0.8710364200060131 neg 0.06588219559450105 off 0.06308138439948589	false	1.0
versenkung	neg 1.0		__DUMMY__ 0.8716616986249794 neg 0.06571414622786548 off 0.06262415514715514	false	1.0
entziehen	neg 1.0		__DUMMY__ 0.872569451003123 neg 0.0668154557524494 off 0.06061509324442754	false	1.0
finanzkrise	neg 1.0		__DUMMY__ 0.8606646916371262 neg 0.07330773208409866 off 0.06602757627877506	false	1.0
schimpfend	neg 1.0		__DUMMY__ 0.8689859671313033 off 0.06663726881094957 neg 0.06437676405774709	false	0.5
profan	neg 1.0		__DUMMY__ 0.8651435686395638 off 0.0686999767089539 neg 0.06615645465148241	false	0.5
korruption	neg 1.0		__DUMMY__ 0.8668346794236523 neg 0.0685515002778408 off 0.06461382029850692	false	1.0
â			__DUMMY__ 0.8696750027653184 neg 0.06699926540973732 off 0.06332573182494437	false	0.0
schmutzig	neg 1.0		__DUMMY__ 0.8616223786361686 off 0.07288583185490266 neg 0.06549178950892867	false	0.5
sexy	neg 1.0		__DUMMY__ 0.8648898540186477 off 0.07021014523901786 neg 0.06490000074233435	false	0.5
abraten	neg 1.0		__DUMMY__ 0.8666126908624385 off 0.06814913257943897 neg 0.06523817655812252	false	0.5
schwarz	neg 1.0		__DUMMY__ 0.8655203558882386 off 0.06861856523329475 neg 0.06586107887846661	false	0.5
fotze	off 1.0	off 1.0	off 0.5187024421442604 __DUMMY__ 0.430893826669166 neg 0.05040373118657364	false	1.0
verwirren	neg 1.0		__DUMMY__ 0.8654568574462081 off 0.06902030134461327 neg 0.06552284120917859	false	0.5
zahnlos	off 1.0		__DUMMY__ 0.8685295605721077 neg 0.06636522465634276 off 0.06510521477154946	false	0.5
verheeren	neg 1.0		__DUMMY__ 0.8526683287032154 off 0.083708914029551 neg 0.06362275726723358	false	0.5
hippie	neg 1.0		__DUMMY__ 0.8643713404406271 off 0.06994368774448147 neg 0.0656849718148914	false	0.5
rammen	neg 1.0		__DUMMY__ 0.8677535702279009 off 0.0663732861420335 neg 0.06587314363006558	false	0.5
unlauter	neg 1.0		__DUMMY__ 0.8643094615860899 off 0.06851475692752282 neg 0.06717578148638728	false	0.5
unheilvoll	neg 1.0		__DUMMY__ 0.8659793430934977 off 0.06716291499986136 neg 0.06685774190664104	false	0.5
niedrig	neg 1.0		__DUMMY__ 0.8680904839131434 neg 0.06878675148628581 off 0.06312276460057087	false	1.0
explosion	neg 1.0		__DUMMY__ 0.8649646499631166 off 0.06973169940580061 neg 0.06530365063108272	false	0.5
weichei	off 1.0	off 1.0	off 0.5291787816139155 __DUMMY__ 0.4198295005363994 neg 0.05099171784968499	false	1.0
minusmensch	off 1.0		__DUMMY__ 0.8510669201136108 off 0.08366642407063095 neg 0.06526665581575829	false	1.0
farblos	neg 1.0		__DUMMY__ 0.8650231490560362 neg 0.06802226035292136 off 0.06695459059104256	false	1.0
unwissend	neg 1.0	neg 1.0	neg 0.5209472218455854 __DUMMY__ 0.4249720417506526 off 0.05408073640376195	false	1.0
traurig	neg 1.0		__DUMMY__ 0.8596670022417028 off 0.07499436094062382 neg 0.06533863681767346	false	0.5
senkung	neg 1.0		__DUMMY__ 0.8604599511681961 neg 0.07033310409032992 off 0.06920694474147406	false	1.0
ungleich	neg 1.0	neg 1.0	neg 0.5203289082952234 __DUMMY__ 0.431753720647708 off 0.0479173710570687	false	1.0
heikel	neg 1.0		__DUMMY__ 0.8714420936175691 neg 0.0665237106577747 off 0.06203419572465618	false	1.0
drosselung	neg 1.0		__DUMMY__ 0.8569640296051093 off 0.07271795220353494 neg 0.07031801819135576	false	0.5
falsch	neg 1.0		__DUMMY__ 0.8645136194515153 off 0.07040201628320476 neg 0.0650843642652799	false	0.5
unzufriedenheit	neg 1.0		__DUMMY__ 0.8694906725368795 neg 0.06859924273142094 off 0.061910084731699476	false	1.0
kurz	neg 1.0		__DUMMY__ 0.8713937081281418 neg 0.06467803828777811 off 0.06392825358408011	false	1.0
unsinnig	neg 1.0		__DUMMY__ 0.8662677974375109 neg 0.06816734612900302 off 0.06556485643348614	false	1.0
penner	off 1.0	off 1.0	off 0.5306984358873456 __DUMMY__ 0.4192834851980403 neg 0.05001807891461419	false	1.0
seicht	neg 1.0		__DUMMY__ 0.8501826764774822 off 0.08161953759982846 neg 0.06819778592268935	false	0.5
dummheit	off 1.0	off 1.0	off 0.5227175698238532 __DUMMY__ 0.4260009350873056 neg 0.05128149508884116	false	1.0
unerfreulich	neg 1.0		__DUMMY__ 0.8720813617852373 neg 0.06624838732461637 off 0.061670250890146244	false	1.0
motherfucker	off 1.0	off 1.0	off 0.5265625134264562 __DUMMY__ 0.42384489958811067 neg 0.049592586985433174	false	1.0
pikiert	neg 1.0	neg 1.0	neg 0.5209640028224 __DUMMY__ 0.4245274368181498 off 0.05450856035945025	false	1.0
wrack	neg 1.0		__DUMMY__ 0.8770266938396158 off 0.0639258653339253 neg 0.05904744082645882	false	0.5
gangster	neg 1.0		__DUMMY__ 0.8640847478395569 off 0.07011599173838368 neg 0.0657992604220594	false	0.5
krank	neg 1.0	neg 1.0	neg 0.5188908862256824 __DUMMY__ 0.42608782250896304 off 0.05502129126535467	false	1.0
reich	neg 1.0		__DUMMY__ 0.8608924773517238 off 0.07049718701799636 neg 0.06861033563027982	false	0.5
gnadenlos	neg 1.0		__DUMMY__ 0.867621718509084 off 0.06743773772104605 neg 0.06494054376986994	false	0.5
niedergeschlagen	neg 1.0		__DUMMY__ 0.8712319575687804 neg 0.0651404625762035 off 0.06362757985501616	false	1.0
terrorisieren	off 1.0	off 1.0	off 0.5175089361663363 __DUMMY__ 0.43248194956667785 neg 0.05000911426698586	false	1.0
sinnlosigkeit	neg 1.0		__DUMMY__ 0.8693906975214148 neg 0.06603667877259017 off 0.06457262370599494	false	1.0
behindern	neg 1.0		__DUMMY__ 0.8666201006370219 neg 0.06745501305410505 off 0.06592488630887301	false	1.0
undemokratisch	neg 1.0		__DUMMY__ 0.8643044325821796 off 0.06904102930551533 neg 0.066654538112305	false	0.5
wirtschaftskrise	neg 1.0		__DUMMY__ 0.864894175568734 neg 0.07092344610791268 off 0.0641823783233532	false	1.0
neid	neg 1.0		__DUMMY__ 0.8646536018483396 off 0.06952542487611645 neg 0.06582097327554397	false	0.5
rutschen	neg 1.0		__DUMMY__ 0.8780759715097693 neg 0.06514182991241342 off 0.05678219857781722	false	1.0
rezession	neg 1.0		__DUMMY__ 0.8539340196624391 off 0.07546169603267727 neg 0.07060428430488364	false	0.5
fehlgeburt	neg 1.0		__DUMMY__ 0.8702634413807269 off 0.06625521094551667 neg 0.0634813476737564	false	0.5
charakterschwach	off 1.0		__DUMMY__ 0.8610248547362355 off 0.07260267571155725 neg 0.0663724695522073	false	1.0
isolation	neg 1.0		__DUMMY__ 0.8654133286863251 off 0.07024541759790398 neg 0.06434125371577086	false	0.5
ablenkung	neg 1.0		__DUMMY__ 0.869448385302898 off 0.06595184968225441 neg 0.0645997650148475	false	0.5
pech	neg 1.0		__DUMMY__ 0.8643260647765828 off 0.0702917824306343 neg 0.06538215279278277	false	0.5
vermeidung	neg 1.0		__DUMMY__ 0.8604759923283052 off 0.07259363216928039 neg 0.06693037550241454	false	0.5
dominieren	neg 1.0		__DUMMY__ 0.8706222142440936 off 0.06482746496214127 neg 0.06455032079376516	false	0.5
schwindlig	neg 1.0		__DUMMY__ 0.8654351597153093 off 0.06784048807322125 neg 0.06672435221146941	false	0.5
lutscher	neg 1.0	neg 1.0	neg 0.521483460244221 __DUMMY__ 0.4154649670413027 off 0.06305157271447621	false	1.0
pflicht	neg 1.0		__DUMMY__ 0.8741831581026155 neg 0.06500196062555413 off 0.060814881271830316	false	1.0
faschist	off 1.0		__DUMMY__ 0.8641480243192367 off 0.07051101729108322 neg 0.06534095838968021	false	1.0
verschleudern	neg 1.0		__DUMMY__ 0.8663857215682955 neg 0.07077111925233798 off 0.06284315917936657	false	1.0
wenn			__DUMMY__ 0.8631796292796834 off 0.07126155544088446 neg 0.0655588152794322	false	0.0
ehebruch	neg 1.0		__DUMMY__ 0.8698848255587959 neg 0.06643241872426377 off 0.0636827557169404	false	1.0
spott	off 1.0		__DUMMY__ 0.8713772726080355 neg 0.06507366447908589 off 0.06354906291287855	false	0.5
trostlosigkeit	neg 1.0		__DUMMY__ 0.8702453668518254 neg 0.06913938474596433 off 0.06061524840221025	false	1.0
lutschen	neg 1.0		__DUMMY__ 0.8630614538945557 off 0.07054671063191768 neg 0.06639183547352662	false	0.5
undiszipliniert	neg 1.0		__DUMMY__ 0.8607393793183392 off 0.07423300415620418 neg 0.06502761652545662	false	0.5
kopfschmerz	neg 1.0		__DUMMY__ 0.8680190046781092 neg 0.06942548290941218 off 0.0625555124124787	false	1.0
unvorhergesehen	neg 1.0		__DUMMY__ 0.8741903361024274 neg 0.06549534912705408 off 0.06031431477051864	false	1.0
desinteressiert	neg 1.0		__DUMMY__ 0.8603617508798057 off 0.07367668643435243 neg 0.06596156268584184	false	0.5
armselig	off 1.0		__DUMMY__ 0.8588389244407247 off 0.07609653170726623 neg 0.06506454385200904	false	1.0
desaster	neg 1.0		__DUMMY__ 0.8720556997702589 neg 0.06771317524119717 off 0.06023112498854391	false	1.0
tod	neg 1.0		__DUMMY__ 0.8729448129311081 neg 0.06475777987266082 off 0.06229740719623112	false	1.0
herzlos	neg 1.0		__DUMMY__ 0.8590610966521223 off 0.07543106729057528 neg 0.0655078360573025	false	0.5
unwissenheit	neg 1.0		__DUMMY__ 0.8689482143036878 neg 0.06683992786917371 off 0.06421185782713835	false	1.0
widersinnig	neg 1.0		__DUMMY__ 0.8655945643544971 neg 0.06863247609062667 off 0.06577295955487632	false	1.0
bedenklich	neg 1.0		__DUMMY__ 0.8689691145354567 neg 0.06767267041593006 off 0.06335821504861323	false	1.0
beanstanden	neg 1.0		__DUMMY__ 0.8740028923871592 neg 0.06459046720456436 off 0.061406640408276404	false	1.0
panisch	neg 1.0		__DUMMY__ 0.8678625158734927 off 0.06795889759889846 neg 0.06417858652760886	false	0.5
debil	off 1.0		__DUMMY__ 0.8780697849222647 neg 0.06733591714111481 off 0.05459429793662059	false	0.5
abstrich	neg 1.0		__DUMMY__ 0.8672593512283827 neg 0.06900644756476572 off 0.06373420120685155	false	1.0
primitiv	neg 1.0		__DUMMY__ 0.8608100617773219 off 0.07393198350904588 neg 0.06525795471363222	false	0.5
abschaum	off 1.0	off 1.0	off 0.5248800701344828 __DUMMY__ 0.4265042193227106 neg 0.0486157105428066	false	1.0
provozieren	neg 1.0		__DUMMY__ 0.8660055865824271 off 0.06742947739953775 neg 0.06656493601803504	false	0.5
tot	neg 1.0		__DUMMY__ 0.868276132259655 neg 0.06808867805984549 off 0.06363518968049954	false	1.0
instabil	neg 1.0		__DUMMY__ 0.8583833941419792 off 0.0763398475285635 neg 0.0652767583294573	false	0.5
schwuchtel	off 1.0	off 1.0	off 0.536486389989188 __DUMMY__ 0.4129106537605289 neg 0.050602956250283174	false	1.0
zerren	neg 1.0		__DUMMY__ 0.8713931714777025 neg 0.06488778538037576 off 0.06371904314192177	false	1.0
kinderficker	off 1.0		__DUMMY__ 0.856293248902766 off 0.07846209439262158 neg 0.06524465670461245	false	1.0
gefahr	neg 1.0		__DUMMY__ 0.873135772733373 neg 0.06565138170006123 off 0.061212845566565935	false	1.0
rabiat	neg 1.0		__DUMMY__ 0.866909764850288 neg 0.06752058055584717 off 0.06556965459386477	false	1.0
verlangsamung	neg 1.0		__DUMMY__ 0.8544447675028439 off 0.08025860206604793 neg 0.06529663043110817	false	0.5
ausgestorben	neg 1.0		__DUMMY__ 0.8691911506019917 neg 0.06567006321411753 off 0.06513878618389085	false	1.0
anklagen	neg 1.0		__DUMMY__ 0.8689926954587223 neg 0.06610694028194423 off 0.06490036425933354	false	1.0
trott	neg 1.0		__DUMMY__ 0.8675662317524544 neg 0.06623959654265807 off 0.0661941717048875	false	1.0
verminderung	neg 1.0		__DUMMY__ 0.8610890323015558 off 0.07261236661136158 neg 0.06629860108708259	false	0.5
nach			__DUMMY__ 0.8805122344737986 neg 0.06388616977700196 off 0.055601595749199456	false	0.0
rost	neg 1.0		__DUMMY__ 0.8572296075686336 off 0.08135039319584744 neg 0.06141999923551897	false	0.5
destruktiv	neg 1.0		__DUMMY__ 0.866923280476057 neg 0.0667420455695082 off 0.06633467395443478	false	1.0
unzumutbarkeit	neg 1.0		__DUMMY__ 0.8621301959931198 off 0.07262392885639314 neg 0.06524587515048696	false	0.5
labil	off 1.0	off 1.0	off 0.5242987390194688 __DUMMY__ 0.4253474203799352 neg 0.05035384060059592	false	1.0
ziemlich	neg 1.0		__DUMMY__ 0.8634615960123079 off 0.07208602502436041 neg 0.06445237896333168	false	0.5
lachnummer	off 1.0		__DUMMY__ 0.8680898300151639 off 0.06709969658927624 neg 0.06481047339555981	false	1.0
oder			__DUMMY__ 0.8689732313289937 off 0.06664693480086364 neg 0.06437983387014269	false	0.0
verfall	neg 1.0		__DUMMY__ 0.8725522091209085 neg 0.06937764036865528 off 0.05807015051043624	false	1.0
ausgrenzung	neg 1.0		__DUMMY__ 0.8640160609169804 off 0.0689055444092105 neg 0.0670783946738091	false	0.5
unordnung	neg 1.0		__DUMMY__ 0.8570708638660368 off 0.07654381899664618 neg 0.06638531713731695	false	0.5
fehlverhalten	neg 1.0		__DUMMY__ 0.8712825339629148 neg 0.06614256926855062 off 0.06257489676853464	false	1.0
eine			__DUMMY__ 0.8731430094024039 neg 0.06660137873438939 off 0.0602556118632068	false	0.0
nille	neg 1.0		__DUMMY__ 0.8672903059332552 off 0.06671906418458923 neg 0.06599062988215558	false	0.5
qual	neg 1.0		__DUMMY__ 0.8673933786594297 neg 0.06672732258407912 off 0.06587929875649123	false	1.0
verschwenden	neg 1.0		__DUMMY__ 0.8694557036800444 neg 0.06849772483670259 off 0.06204657148325297	false	1.0
riesig	neg 1.0		__DUMMY__ 0.8720456138677386 neg 0.06579346790500884 off 0.06216091822725266	false	1.0
verurteilen	neg 1.0		__DUMMY__ 0.868563144373854 neg 0.0666835093931958 off 0.06475334623295032	false	1.0
klischee	neg 1.0	neg 1.0	neg 0.5208420363663354 __DUMMY__ 0.42566001030921674 off 0.053497953324447824	false	1.0
diktatorisch	neg 1.0		__DUMMY__ 0.8634601523116274 off 0.06914975931122654 neg 0.06739008837714594	false	0.5
vorhersehbar	neg 1.0		__DUMMY__ 0.8630426864959829 off 0.06966908782844988 neg 0.06728822567556718	false	0.5
sowie			__DUMMY__ 0.854235728373923 off 0.0776534170464098 neg 0.06811085457966715	false	0.0
stornieren	neg 1.0		__DUMMY__ 0.8703878332390622 off 0.0690569539015126 neg 0.060555212859425174	false	0.5
besteuerung	neg 1.0	neg 1.0	neg 0.5245574482394676 __DUMMY__ 0.4245020954888364 off 0.05094045627169612	false	1.0
ungeschminkt	neg 1.0		__DUMMY__ 0.8602074269367993 off 0.0734903444106679 neg 0.06630222865253285	false	0.5
kritisch	neg 1.0		__DUMMY__ 0.8696712302647601 neg 0.06601989401341041 off 0.06430887572182954	false	1.0
schlamperei	off 1.0		__DUMMY__ 0.8700669368265915 neg 0.06701583754149727 off 0.06291722563191122	false	0.5
sucht	neg 1.0	neg 1.0	neg 0.5187301664907314 __DUMMY__ 0.4302951592631691 off 0.05097467424609943	false	1.0
egoistisch	off 1.0	off 1.0	off 0.5290902608589154 __DUMMY__ 0.4218244876555326 neg 0.049085251485552026	false	1.0
ausbeuter	off 1.0		__DUMMY__ 0.8686157002432169 neg 0.06906215424461667 off 0.06232214551216642	false	0.5
arschgeburt	off 1.0		__DUMMY__ 0.8459141689392361 off 0.08769977558713464 neg 0.06638605547362936	false	1.0
schubs	neg 1.0		__DUMMY__ 0.8681867717015193 neg 0.0690973513805394 off 0.06271587691794138	false	1.0
unsolide	neg 1.0		__DUMMY__ 0.866001887675739 off 0.069516941026622 neg 0.06448117129763895	false	0.5
beschwerde	neg 1.0		__DUMMY__ 0.8698796646061264 neg 0.06558403429347907 off 0.06453630110039453	false	1.0
stocken	neg 1.0		__DUMMY__ 0.8704234316345961 neg 0.06615492590155232 off 0.06342164246385155	false	1.0
isolieren	neg 1.0		__DUMMY__ 0.8681742605337084 neg 0.0673554560395842 off 0.06447028342670741	false	1.0
unheilbar	neg 1.0		__DUMMY__ 0.8682943383523251 off 0.06664943177591874 neg 0.06505622987175624	false	0.5
pisser	off 1.0	off 1.0	off 0.5270526831922295 __DUMMY__ 0.42302328888756907 neg 0.04992402792020133	false	1.0
löschen	neg 1.0		__DUMMY__ 0.8660237091417704 neg 0.06707477398374412 off 0.06690151687448546	false	1.0
durchfallen	neg 1.0		__DUMMY__ 0.8701697866385955 neg 0.06586267948224511 off 0.0639675338791594	false	1.0
wichser	off 1.0	off 1.0	off 0.5331895288689575 __DUMMY__ 0.417100355664261 neg 0.04971011546678147	false	1.0
terror	neg 1.0		__DUMMY__ 0.864615388217454 off 0.06950731313684573 neg 0.06587729864570026	false	0.5
krass	neg 1.0		__DUMMY__ 0.857566377900734 off 0.07683932784373305 neg 0.065594294255533	false	0.5
revolte	neg 1.0		__DUMMY__ 0.8600691806766549 off 0.070513350172785 neg 0.06941746915056002	false	0.5
besorgt	neg 1.0		__DUMMY__ 0.8722108254271159 off 0.06425986919051134 neg 0.06352930538237268	false	0.5
nachlassen	neg 1.0		__DUMMY__ 0.872270186764508 neg 0.0646193690747316 off 0.06311044416076049	false	1.0
alt	neg 1.0		__DUMMY__ 0.8646358169557367 neg 0.07307911331019427 off 0.062285069734069054	false	1.0
hundesohn	off 1.0	off 1.0	off 0.5325748808955975 __DUMMY__ 0.4170492228778764 neg 0.05037589622652612	false	1.0
als			__DUMMY__ 0.8689602902596539 neg 0.06669538450614622 off 0.06434432523419994	false	0.0
abschreckung	neg 1.0		__DUMMY__ 0.8709741068069262 neg 0.06727944424755351 off 0.06174644894552022	false	1.0
unqualifiziert	neg 1.0		__DUMMY__ 0.8637569389352331 off 0.07111633200081553 neg 0.06512672906395134	false	0.5
abgewichst	off 1.0		__DUMMY__ 0.8686225025514641 off 0.06592012520164554 neg 0.06545737224689029	false	1.0
schwer	neg 1.0		__DUMMY__ 0.8688258588521256 off 0.06583638000252373 neg 0.06533776114535063	false	0.5
bedeutungslosigkeit	neg 1.0		__DUMMY__ 0.8708199846398018 neg 0.06692393562333475 off 0.06225607973686345	false	1.0
kapitulation	neg 1.0		__DUMMY__ 0.8671796244881994 neg 0.06880744321285598 off 0.06401293229894453	false	1.0
unscharf	neg 1.0		__DUMMY__ 0.8620621643825884 neg 0.06993198568396769 off 0.0680058499334439	false	1.0
schwinden	neg 1.0		__DUMMY__ 0.8697330166429155 neg 0.06797764508405886 off 0.06228933827302557	false	1.0
versklavung	neg 1.0	neg 1.0	neg 0.522289305865289 __DUMMY__ 0.4258649217685863 off 0.05184577236612481	false	1.0
schlecht	neg 1.0		__DUMMY__ 0.8635652327400384 off 0.07227635528941914 neg 0.06415841197054238	false	0.5
verhasst	neg 1.0		__DUMMY__ 0.8648305403360195 off 0.06813535640628117 neg 0.06703410325769933	false	0.5
beschweren	neg 1.0		__DUMMY__ 0.8670074131432464 off 0.06833978716883196 neg 0.06465279968792169	false	0.5
scheiden	neg 1.0		__DUMMY__ 0.8686434146915557 off 0.06602750789660887 neg 0.06532907741183545	false	0.5
frustriert	neg 1.0		__DUMMY__ 0.8693911717919378 neg 0.06557734871665902 off 0.0650314794914032	false	1.0
schimmelig	neg 1.0		__DUMMY__ 0.8668404650162159 neg 0.07049851177434595 off 0.06266102320943809	false	1.0
fisch	neg 1.0		__DUMMY__ 0.8684370621175712 neg 0.07220721957018843 off 0.0593557183122403	false	1.0
schmuggel	neg 1.0		__DUMMY__ 0.8744656791075266 neg 0.06517896078686704 off 0.06035536010560624	false	1.0
auffallen	neg 1.0		__DUMMY__ 0.8658706121951544 off 0.06876860140615036 neg 0.06536078639869532	false	0.5
konkurrenz	neg 1.0		__DUMMY__ 0.874106471899035 neg 0.06404637004128608 off 0.06184715805967893	false	1.0
teufelskreis	neg 1.0	neg 1.0	neg 0.5223226372783297 __DUMMY__ 0.42780664729609247 off 0.04987071542557782	false	1.0
aufschreien	neg 1.0		__DUMMY__ 0.8633564664635734 off 0.06945164153235396 neg 0.06719189200407255	false	0.5
schuldner	neg 1.0		__DUMMY__ 0.8674994203618541 neg 0.0704836419812331 off 0.06201693765691282	false	1.0
missgeburt	off 1.0	off 1.0	off 0.53102706908496 __DUMMY__ 0.42026981635284655 neg 0.04870311456219341	false	1.0
arbeitslos	neg 1.0		__DUMMY__ 0.8692149629199812 neg 0.06686181522926762 off 0.0639232218507512	false	1.0
befallen	neg 1.0		__DUMMY__ 0.862739302218858 neg 0.07182435459326833 off 0.06543634318787371	false	1.0
miesepetrig	off 1.0	off 1.0	off 0.5239144994854835 __DUMMY__ 0.4261250475282467 neg 0.04996045298626974	false	1.0
alarmieren	neg 1.0		__DUMMY__ 0.8629336230609848 off 0.07153303977824797 neg 0.0655333371607673	false	0.5
ungeduscht	off 1.0		__DUMMY__ 0.8624226859082622 off 0.07032701156786528 neg 0.06725030252387242	false	1.0
knappheit	neg 1.0		__DUMMY__ 0.8660942452475648 neg 0.06968130202170274 off 0.06422445273073249	false	1.0
schlange	neg 1.0		__DUMMY__ 0.8686340422257237 off 0.0665383675408505 neg 0.0648275902334258	false	0.5
harsch	neg 1.0		__DUMMY__ 0.8606243117520578 off 0.07644053106693108 neg 0.06293515718101125	false	0.5
lang	neg 1.0		__DUMMY__ 0.8663353670964299 off 0.06771968992505153 neg 0.06594494297851851	false	0.5
ziellos	neg 1.0		__DUMMY__ 0.8727405129691381 neg 0.06507062857318374 off 0.062188858457678194	false	1.0
selbstverliebt	neg 1.0		__DUMMY__ 0.8515927283308246 off 0.08452809927325676 neg 0.06387917239591868	false	0.5
beseitigen	neg 1.0		__DUMMY__ 0.8693851850354234 off 0.06611331055756463 neg 0.06450150440701195	false	0.5
dumm	off 1.0		__DUMMY__ 0.8552622400935419 off 0.07920351534996034 neg 0.06553424455649776	false	1.0
arbeitsloser	neg 1.0		__DUMMY__ 0.8750181992919887 off 0.064150923799849 neg 0.060830876908162385	false	0.5
blitzen	neg 1.0		__DUMMY__ 0.8625315292585715 off 0.07047880020620001 neg 0.06698967053522863	false	0.5
hilflos	neg 1.0		__DUMMY__ 0.8693350620768303 neg 0.06679882598537577 off 0.06386611193779392	false	1.0
eklig	off 1.0		__DUMMY__ 0.8530306717684039 off 0.07957621806094148 neg 0.06739311017065462	false	1.0
begriff			__DUMMY__ 0.8687287910714523 off 0.06605512164182441 neg 0.06521608728672326	false	0.0
hungersnot	neg 1.0		__DUMMY__ 0.8667786250545149 neg 0.06896101501083342 off 0.06426035993465162	false	1.0
ungesetzlich	neg 1.0		__DUMMY__ 0.8648302799848212 off 0.06931304274614247 neg 0.06585667726903639	false	0.5
verschwendung	neg 1.0		__DUMMY__ 0.8706678220455003 neg 0.06723600319214787 off 0.06209617476235178	false	1.0
schmerzvoll	neg 1.0		__DUMMY__ 0.8650921960251006 off 0.06788232264284115 neg 0.0670254813320582	false	0.5
vorzeitig	neg 1.0		__DUMMY__ 0.8664072575061862 off 0.07170329046374257 neg 0.06188945203007121	false	0.5
unvollkommenheit	neg 1.0		__DUMMY__ 0.8690548332726581 neg 0.06631524869474179 off 0.06462991803260003	false	1.0
intervenieren	neg 1.0		__DUMMY__ 0.8673357879971699 neg 0.0697245803642135 off 0.06293963163861664	false	1.0
banause	off 1.0		__DUMMY__ 0.8491395840633053 off 0.08116641737920209 neg 0.0696939985574927	false	1.0
rebell	neg 1.0		__DUMMY__ 0.8707936206224527 neg 0.07132700028282768 off 0.05787937909471959	false	1.0
unlogisch	neg 1.0		__DUMMY__ 0.8585365346363161 off 0.07480845946886094 neg 0.06665500589482287	false	0.5
leiden	neg 1.0		__DUMMY__ 0.8756712722656261 neg 0.06392910484481672 off 0.06039962288955719	false	1.0
abschaffung	neg 1.0		__DUMMY__ 0.8643769503094729 neg 0.06798419379706981 off 0.06763885589345728	false	1.0
sturz	neg 1.0		__DUMMY__ 0.869562575199445 off 0.06849629423808183 neg 0.061941130562473204	false	0.5
verkleinerung	neg 1.0		__DUMMY__ 0.8587735475059662 off 0.07084978050415837 neg 0.0703766719898753	false	0.5
schmarotzer	off 1.0		__DUMMY__ 0.8686220425141605 neg 0.0664694683976649 off 0.06490848908817459	false	0.5
bestrafung	neg 1.0	neg 1.0	neg 0.5198350773506188 __DUMMY__ 0.42936494862340074 off 0.05079997402598045	false	1.0
achtlos	neg 1.0		__DUMMY__ 0.8705314804766874 off 0.06493546281336238 neg 0.0645330567099502	false	0.5
ungeheuer	neg 1.0		__DUMMY__ 0.8663129969509541 neg 0.06703639689390373 off 0.06665060615514212	false	1.0
unaufrichtig	neg 1.0		__DUMMY__ 0.8639149193451603 off 0.07101300879580179 neg 0.0650720718590379	false	0.5
groggy	neg 1.0		__DUMMY__ 0.8651740390103743 off 0.06996287778760983 neg 0.06486308320201584	false	0.5
