unsolidarisch	neg 1.0		neg 0.34526662169898675 off 0.34300620699073797 __DUMMY__ 0.31172717131027533	false	1.0
nachteilig	neg 1.0		neg 0.34419704819906793 off 0.3399702349162972 __DUMMY__ 0.3158327168846349	false	1.0
skeptisch	neg 1.0		neg 0.3466823189383409 off 0.33787995816251626 __DUMMY__ 0.31543772289914285	false	1.0
schrecklich	neg 1.0		off 0.35236205872500176 neg 0.3387690452355926 __DUMMY__ 0.30886889603940554	false	0.5
schlapp	neg 1.0	neg 1.0	neg 0.6584389350885419 off 0.1926717419909802 __DUMMY__ 0.14888932292047785	false	1.0
abfall	neg 1.0		neg 0.3459267531866572 off 0.3358350612558834 __DUMMY__ 0.3182381855574593	false	1.0
widerspenstig	neg 1.0		neg 0.34630034929852627 off 0.3412741307526433 __DUMMY__ 0.31242551994883055	false	1.0
abrupt	neg 1.0		neg 0.3491678501849735 off 0.336370856543213 __DUMMY__ 0.3144612932718135	false	1.0
unwirksam	neg 1.0		neg 0.3497131783127644 off 0.3406599473688619 __DUMMY__ 0.30962687431837377	false	1.0
angreifen	neg 1.0		neg 0.34673904453761833 off 0.33740213368561117 __DUMMY__ 0.31585882177677044	false	1.0
inkonsistent	neg 1.0		off 0.34502194896691574 neg 0.3438636804857896 __DUMMY__ 0.31111437054729457	false	0.5
abrutschen	neg 1.0		neg 0.3473267804558236 off 0.3349367052917118 __DUMMY__ 0.3177365142524645	false	1.0
unsicher	neg 1.0		off 0.3431722047507558 neg 0.342860340789002 __DUMMY__ 0.3139674544602422	false	0.5
bauernkind	off 1.0	off 1.0	off 0.6645384449871121 neg 0.18986101988304782 __DUMMY__ 0.14560053512984006	false	1.0
angreifer	neg 1.0		off 0.34808584531495956 neg 0.3388042909525251 __DUMMY__ 0.31310986373251526	false	0.5
trennen	neg 1.0		neg 0.3458039035311905 off 0.33763633974710683 __DUMMY__ 0.3165597567217027	false	1.0
schmutz	neg 1.0		off 0.34879310500156463 neg 0.33599798890292265 __DUMMY__ 0.31520890609551255	false	0.5
inkonsistenz	neg 1.0		off 0.34834477918146056 neg 0.3404585114310806 __DUMMY__ 0.3111967093874589	false	0.5
erschreckend	neg 1.0		neg 0.34423215469481083 off 0.3420893248346551 __DUMMY__ 0.3136785204705342	false	1.0
ertrinken	neg 1.0		neg 0.34900313156387486 off 0.3359798086913283 __DUMMY__ 0.3150170597447968	false	1.0
pickelface	off 1.0		neg 0.34417559365147926 off 0.34310879373223546 __DUMMY__ 0.3127156126162854	false	0.5
seiner			neg 0.34525458723174585 off 0.3383816703138505 __DUMMY__ 0.3163637424544036	false	0.0
lauch	neg 1.0	neg 1.0	neg 0.6632039396366788 off 0.18488585137007918 __DUMMY__ 0.1519102089932421	false	1.0
unwichtig	neg 1.0		off 0.34779323415410696 neg 0.3415077302879139 __DUMMY__ 0.31069903555797923	false	0.5
steuerhinterziehung	neg 1.0		neg 0.34578634966464333 off 0.34148309606549143 __DUMMY__ 0.3127305542698651	false	1.0
schock	neg 1.0		neg 0.3445513914456016 off 0.34118533206828106 __DUMMY__ 0.31426327648611735	false	1.0
beule	neg 1.0		off 0.35009153876221205 neg 0.3405802937641641 __DUMMY__ 0.3093281674736238	false	0.5
vergelten	neg 1.0		off 0.3542216396273196 neg 0.3363968318563238 __DUMMY__ 0.3093815285163565	false	0.5
verdorbenheit	neg 1.0		neg 0.34394599635018647 off 0.3436833119805743 __DUMMY__ 0.31237069166923925	false	1.0
trauma	neg 1.0		neg 0.3441162759310505 off 0.34385540831972394 __DUMMY__ 0.31202831574922557	false	1.0
sinnlos	neg 1.0		off 0.3448832971285771 neg 0.3427965942860548 __DUMMY__ 0.312320108585368	false	0.5
fettsack	off 1.0	off 1.0	off 0.6657263944196279 neg 0.18849076849711663 __DUMMY__ 0.14578283708325565	false	1.0
feige	off 1.0	off 1.0	off 0.6626716071841922 neg 0.18912650796177824 __DUMMY__ 0.1482018848540296	false	1.0
abdanken	neg 1.0		neg 0.3438781172953209 off 0.3425276477845903 __DUMMY__ 0.3135942349200889	false	1.0
wichtigtuer	off 1.0	off 1.0	off 0.6613086672750659 neg 0.18900786650474888 __DUMMY__ 0.1496834662201852	false	1.0
misslingen	neg 1.0	neg 1.0	neg 0.6561334715082293 off 0.1919897882904321 __DUMMY__ 0.15187674020133868	false	1.0
untreu	off 1.0		off 0.34908067109315477 neg 0.34081688147604355 __DUMMY__ 0.3101024474308017	false	1.0
missmutig	neg 1.0		off 0.3464324333038967 neg 0.3423422967837418 __DUMMY__ 0.3112252699123615	false	0.5
hurenbock	off 1.0		neg 0.34931513507217415 off 0.3406063438799191 __DUMMY__ 0.3100785210479068	false	0.5
betrunken	neg 1.0		off 0.3511045344986863 neg 0.33967656937115626 __DUMMY__ 0.3092188961301574	false	0.5
korrupt	off 1.0		neg 0.34673645650034535 off 0.3406868417702653 __DUMMY__ 0.3125767017293893	false	0.5
unmut	neg 1.0		neg 0.34764366538512154 off 0.3360401560016508 __DUMMY__ 0.3163161786132278	false	1.0
hackfresse	off 1.0		off 0.357091107090393 neg 0.33629723404739104 __DUMMY__ 0.306611658862216	false	1.0
aufblasen	neg 1.0		neg 0.3436080639545 off 0.343237696740408 __DUMMY__ 0.3131542393050919	false	1.0
gewaltsam	neg 1.0		neg 0.3441226735745707 off 0.34242262994131095 __DUMMY__ 0.3134546964841184	false	1.0
unbeliebtheit	neg 1.0		off 0.3493268612926243 neg 0.34040884945048877 __DUMMY__ 0.3102642892568869	false	0.5
sturheit	neg 1.0		off 0.34278678886935654 neg 0.34259836222972906 __DUMMY__ 0.31461484890091423	false	0.5
kuh	neg 1.0		neg 0.3510265479723165 off 0.3420587629516438 __DUMMY__ 0.3069146890760397	false	1.0
erschrecken	neg 1.0		off 0.34737055814322176 neg 0.340941112231239 __DUMMY__ 0.31168832962553905	false	0.5
opfer	neg 1.0		neg 0.34327799312142065 off 0.3404996629758279 __DUMMY__ 0.31622234390275145	false	1.0
sinken	neg 1.0		neg 0.3488388210782415 off 0.33591476759014544 __DUMMY__ 0.3152464113316131	false	1.0
stinktier	neg 1.0		off 0.3521853713384924 neg 0.34312916982627023 __DUMMY__ 0.30468545883523745	false	0.5
tucke	off 1.0		off 0.35706896806454413 neg 0.3399066547506772 __DUMMY__ 0.30302437718477876	false	1.0
ein			neg 0.34659453095977566 off 0.34092277397587833 __DUMMY__ 0.3124826950643461	false	0.0
abstieg	neg 1.0		off 0.3430647117608032 neg 0.3398763866269516 __DUMMY__ 0.31705890161224526	false	0.5
missverstehen	neg 1.0		off 0.345807900633337 neg 0.3423423758446968 __DUMMY__ 0.3118497235219662	false	0.5
ergebnislos	neg 1.0		neg 0.34371559661869205 off 0.3400816558019674 __DUMMY__ 0.3162027475793405	false	1.0
unter			neg 0.3475451407828504 off 0.33183039064587944 __DUMMY__ 0.32062446857127025	false	0.0
manipulieren	neg 1.0		neg 0.34457782292577377 off 0.33917291226299406 __DUMMY__ 0.3162492648112321	false	1.0
unbewiesen	neg 1.0	neg 1.0	neg 0.659685931873969 off 0.1902618499585435 __DUMMY__ 0.1500522181674876	false	1.0
verschleppen	neg 1.0		neg 0.3461190544162587 off 0.3397602012580376 __DUMMY__ 0.3141207443257036	false	1.0
weib	off 1.0		off 0.35824871662938385 neg 0.33743124201134617 __DUMMY__ 0.30432004135927004	false	1.0
opposition	neg 1.0		neg 0.3453358497257642 off 0.34350930742476005 __DUMMY__ 0.31115484284947564	false	1.0
verkehrswidrig	neg 1.0	neg 1.0	neg 0.6544104945382351 off 0.1967753467843304 __DUMMY__ 0.1488141586774346	false	1.0
inkorrekt	neg 1.0		off 0.3519180845232475 neg 0.3394814277414697 __DUMMY__ 0.3086004877352827	false	0.5
vermeiden	neg 1.0		neg 0.34752153041014816 off 0.33444995965291807 __DUMMY__ 0.3180285099369339	false	1.0
abweichung	neg 1.0	neg 1.0	neg 0.6587212307477744 off 0.18921985497207186 __DUMMY__ 0.1520589142801537	false	1.0
alkoholisiert	neg 1.0		neg 0.34332599198354297 off 0.3392360246852954 __DUMMY__ 0.3174379833311617	false	1.0
scheiss	off 1.0	off 1.0	off 0.6634293217695607 neg 0.18888774246682227 __DUMMY__ 0.14768293576361705	false	1.0
herausforderung	neg 1.0		neg 0.34377905616539456 off 0.3409550529451333 __DUMMY__ 0.31526589088947216	false	1.0
pervers	off 1.0		off 0.3611454725935044 neg 0.3351141291210335 __DUMMY__ 0.30374039828546223	false	1.0
wackelig	neg 1.0		neg 0.3438455474669244 off 0.34082661856327706 __DUMMY__ 0.3153278339697984	false	1.0
verwickeln	neg 1.0		off 0.3447152310337283 neg 0.34316719011897323 __DUMMY__ 0.31211757884729846	false	0.5
vorwand	neg 1.0		neg 0.34730138058934024 off 0.3368356123858794 __DUMMY__ 0.3158630070247803	false	1.0
muschi	off 1.0		neg 0.3438307390948416 off 0.3424412367949447 __DUMMY__ 0.31372802411021367	false	0.5
entmutigung	neg 1.0		neg 0.3446011764195011 off 0.3445924458319469 __DUMMY__ 0.3108063777485521	false	1.0
unangemessen	neg 1.0		neg 0.3435830343084174 off 0.3420996875954252 __DUMMY__ 0.3143172780961574	false	1.0
unstetig	neg 1.0		off 0.34721517045112127 neg 0.3414028755575984 __DUMMY__ 0.31138195399128055	false	0.5
entmutigen	neg 1.0		off 0.3439971386371094 neg 0.3430103301089004 __DUMMY__ 0.3129925312539902	false	0.5
schwanz	neg 1.0		neg 0.3464486859459914 off 0.33961462264432896 __DUMMY__ 0.31393669140967967	false	1.0
verbot	neg 1.0		neg 0.3469266153815921 off 0.34029874549492944 __DUMMY__ 0.31277463912347847	false	1.0
leid	neg 1.0		off 0.3537667839312367 neg 0.33852427505623206 __DUMMY__ 0.3077089410125313	false	0.5
archaisch	neg 1.0		neg 0.34571169827804255 off 0.3408578315129225 __DUMMY__ 0.31343047020903486	false	1.0
gegen			neg 0.3449386722153219 off 0.3376638473490143 __DUMMY__ 0.31739748043566385	false	0.0
scheidung	neg 1.0		off 0.367397112404039 neg 0.32715301217822595 __DUMMY__ 0.30544987541773494	false	0.5
einschlag	neg 1.0		off 0.35404038605184335 neg 0.3356516923941856 __DUMMY__ 0.3103079215539711	false	0.5
m			neg 0.3446995684042397 off 0.3408042395636703 __DUMMY__ 0.31449619203208995	false	0.0
abgestanden	neg 1.0		neg 0.3511814095180525 off 0.3395653559396484 __DUMMY__ 0.309253234542299	false	1.0
schmierig	off 1.0		off 0.35352280250908513 neg 0.33852692010630137 __DUMMY__ 0.3079502773846135	false	1.0
unpraktisch	neg 1.0		off 0.344811116429324 neg 0.34203368364946896 __DUMMY__ 0.31315519992120694	false	0.5
wixxer	off 1.0		off 0.3607608475499335 neg 0.33655542080262574 __DUMMY__ 0.30268373164744067	false	1.0
bezeichnet			off 0.3435688746606502 neg 0.3428510382002962 __DUMMY__ 0.31358008713905355	false	0.0
jammerlappen	off 1.0		off 0.3483745365867804 neg 0.3407354733447988 __DUMMY__ 0.3108899900684207	false	1.0
farce	neg 1.0		neg 0.34608032806389744 off 0.3419611827965865 __DUMMY__ 0.31195848913951607	false	1.0
zwecklos	neg 1.0		neg 0.3454804245367624 off 0.340449725149989 __DUMMY__ 0.31406985031324863	false	1.0
turbulent	neg 1.0		off 0.3503443147638349 neg 0.3402331817507946 __DUMMY__ 0.3094225034853707	false	0.5
invasion	neg 1.0		off 0.34568060954635826 neg 0.3423259777795118 __DUMMY__ 0.31199341267413006	false	0.5
schuld	neg 1.0		off 0.34421485444271 neg 0.3430514589129542 __DUMMY__ 0.31273368664433576	false	0.5
risiko	neg 1.0		neg 0.34555406859850574 off 0.3437527300772686 __DUMMY__ 0.3106932013242257	false	1.0
finster	neg 1.0		neg 0.34639604047311573 off 0.34146328878027227 __DUMMY__ 0.31214067074661195	false	1.0
geisteskrank	off 1.0		off 0.350729706756125 neg 0.3399326356921999 __DUMMY__ 0.30933765755167525	false	1.0
zusammenbrechen	neg 1.0		neg 0.3454880709023475 off 0.3405735722226878 __DUMMY__ 0.31393835687496474	false	1.0
ausbeute	neg 1.0		off 0.34310893286614563 neg 0.3414164936816551 __DUMMY__ 0.31547457345219915	false	0.5
hinterhalt	neg 1.0		neg 0.3458313874145116 off 0.3408461544989165 __DUMMY__ 0.31332245808657205	false	1.0
kritik	neg 1.0		neg 0.346485131932463 off 0.34155154176278113 __DUMMY__ 0.3119633263047561	false	1.0
einschrumpfen	neg 1.0		off 0.34693080226510375 neg 0.34418413219933514 __DUMMY__ 0.30888506553556117	false	0.5
riskant	neg 1.0		neg 0.3473525545706747 off 0.33772823920807 __DUMMY__ 0.3149192062212552	false	1.0
frustrieren	neg 1.0		neg 0.3475179341283536 off 0.33834914352387774 __DUMMY__ 0.3141329223477686	false	1.0
groll	neg 1.0		neg 0.34373557109464065 off 0.3414286437292038 __DUMMY__ 0.3148357851761555	false	1.0
gibt			neg 0.3446306762144063 off 0.34063905880402684 __DUMMY__ 0.3147302649815667	false	0.0
qualvoll	neg 1.0		off 0.34503398837851146 neg 0.34278160305661926 __DUMMY__ 0.31218440856486923	false	0.5
wackeln	neg 1.0		neg 0.343681086921633 off 0.34274749274911254 __DUMMY__ 0.31357142032925456	false	1.0
klagen	neg 1.0		neg 0.3479595536079009 off 0.336709507520444 __DUMMY__ 0.3153309388716552	false	1.0
bankrott	neg 1.0		off 0.3483493999702268 neg 0.3398700115113556 __DUMMY__ 0.31178058851841745	false	0.5
trauern	neg 1.0		neg 0.34205927274311465 off 0.3402778220810534 __DUMMY__ 0.317662905175832	false	1.0
ablehnung	neg 1.0		neg 0.3463045756508194 off 0.34115773420178996 __DUMMY__ 0.31253769014739075	false	1.0
stur	neg 1.0		neg 0.3439677070141858 off 0.34378770175328277 __DUMMY__ 0.31224459123253134	false	1.0
aufruhr	neg 1.0	neg 1.0	neg 0.660186282277564 off 0.18956745656044535 __DUMMY__ 0.15024626116199058	false	1.0
melancholie	neg 1.0		neg 0.34903550830405045 off 0.33672994910192083 __DUMMY__ 0.31423454259402867	false	1.0
ist			off 0.34475598202966573 neg 0.34267260571346575 __DUMMY__ 0.31257141225686846	false	0.0
torheit	neg 1.0		off 0.3443501575246126 neg 0.3429394513964549 __DUMMY__ 0.31271039107893256	false	0.5
dreckskind	off 1.0		off 0.3577580713660894 neg 0.33680774198334856 __DUMMY__ 0.30543418665056205	false	1.0
umtauschen	neg 1.0		neg 0.3449448684848543 off 0.34185780262950277 __DUMMY__ 0.31319732888564306	false	1.0
zum			neg 0.3422717636843946 off 0.3369896673547951 __DUMMY__ 0.32073856896081027	false	0.0
zersetzen	neg 1.0		neg 0.34802801251312515 off 0.33733766781114977 __DUMMY__ 0.31463431967572525	false	1.0
zur			neg 0.3469508273945157 off 0.3348356672041524 __DUMMY__ 0.31821350540133175	false	0.0
frust	neg 1.0		neg 0.3449891761412095 off 0.3406220531798709 __DUMMY__ 0.31438877067891957	false	1.0
unerbittlichkeit	neg 1.0		neg 0.3453638676966526 off 0.33919526995870725 __DUMMY__ 0.3154408623446402	false	1.0
zwei			neg 0.34674905261150746 off 0.33455323998578873 __DUMMY__ 0.31869770740270387	false	0.0
unkorrekt	neg 1.0		off 0.350309325127919 neg 0.3408990402681931 __DUMMY__ 0.30879163460388775	false	0.5
hexe	off 1.0		off 0.34640478226593147 neg 0.34450434859688583 __DUMMY__ 0.30909086913718276	false	1.0
lasch	neg 1.0		off 0.3475286643623946 neg 0.3411115319721333 __DUMMY__ 0.3113598036654722	false	0.5
rivale	neg 1.0		off 0.3524385097334911 neg 0.3386547083666006 __DUMMY__ 0.30890678189990833	false	0.5
mutlos	off 1.0	off 1.0	off 0.6579895071516522 neg 0.19101112022109643 __DUMMY__ 0.15099937262725147	false	1.0
wirr	off 1.0		off 0.35279794140142806 neg 0.3389192621179735 __DUMMY__ 0.3082827964805985	false	1.0
jahr			neg 0.3410279398055183 off 0.34054755096143 __DUMMY__ 0.3184245092330516	false	0.0
wird			neg 0.34484136865455145 off 0.3401035191628303 __DUMMY__ 0.31505511218261817	false	0.0
strafbar	neg 1.0		neg 0.34567040379692543 off 0.33898332494941064 __DUMMY__ 0.315346271253664	false	1.0
erosion	neg 1.0		neg 0.34372597528708726 off 0.34309295294360853 __DUMMY__ 0.31318107176930415	false	1.0
eingehen	neg 1.0		neg 0.34727315053381513 off 0.33834050018923434 __DUMMY__ 0.31438634927695036	false	1.0
faul	off 1.0		off 0.34728660768032565 neg 0.3416833154009775 __DUMMY__ 0.31103007691869683	false	1.0
provisorium	neg 1.0		neg 0.34703005615726407 off 0.3321266805489033 __DUMMY__ 0.3208432632938327	false	1.0
schmerzen	neg 1.0		neg 0.34581153237405915 off 0.34102271683564167 __DUMMY__ 0.3131657507902992	false	1.0
schrumpfen	neg 1.0		neg 0.35058011200581973 off 0.33323006189526644 __DUMMY__ 0.31618982609891383	false	1.0
geistlos	off 1.0		off 0.34522340083036 neg 0.3440771418874116 __DUMMY__ 0.3106994572822286	false	1.0
fehlkauf	neg 1.0		off 0.34483438581864323 neg 0.34414966005634023 __DUMMY__ 0.31101595412501665	false	0.5
frustrierend	neg 1.0		off 0.3469680256117715 neg 0.3416379415657184 __DUMMY__ 0.3113940328225102	false	0.5
unzufrieden	neg 1.0		neg 0.34534720530893404 off 0.34033714460059894 __DUMMY__ 0.3143156500904671	false	1.0
verzweifeln	neg 1.0		neg 0.34380186992394796 off 0.3420701830560046 __DUMMY__ 0.3141279470200474	false	1.0
verzweifelt	neg 1.0		off 0.344247608460601 neg 0.3431001827900344 __DUMMY__ 0.3126522087493646	false	0.5
misstrauensantrag	neg 1.0		off 0.3449530622013297 neg 0.34306244040032147 __DUMMY__ 0.3119844973983487	false	0.5
abfallen	neg 1.0		neg 0.3444433811999029 off 0.3427006923826098 __DUMMY__ 0.3128559264174873	false	1.0
fucker	off 1.0		off 0.3521116437625499 neg 0.3383093971623902 __DUMMY__ 0.30957895907505983	false	1.0
ungezogen	neg 1.0		off 0.35903920246396553 neg 0.3357721506017284 __DUMMY__ 0.3051886469343061	false	0.5
irrsinnig	neg 1.0	neg 1.0	neg 0.660187242997553 off 0.1899467508928033 __DUMMY__ 0.14986600610964362	false	1.0
unfassbar	neg 1.0		off 0.34943665748158265 neg 0.33996773588536766 __DUMMY__ 0.31059560663304986	false	0.5
hart	neg 1.0		off 0.34689544215529244 neg 0.34595329821249815 __DUMMY__ 0.30715125963220935	false	0.5
widerlich	off 1.0		off 0.3496515490696273 neg 0.3405191406373273 __DUMMY__ 0.30982931029304545	false	1.0
fatal	neg 1.0	neg 1.0	neg 0.6612829463489691 off 0.19022659666915567 __DUMMY__ 0.14849045698187516	false	1.0
bruch	neg 1.0		neg 0.3452335542456812 off 0.3369635550312205 __DUMMY__ 0.31780289072309836	false	1.0
aushungern	neg 1.0		neg 0.3470424639410018 off 0.3403858982987205 __DUMMY__ 0.31257163776027763	false	1.0
anspannung	neg 1.0		neg 0.34536320601203413 off 0.33529591645981544 __DUMMY__ 0.31934087752815044	false	1.0
von			neg 0.34612523491061564 off 0.33757155456923676 __DUMMY__ 0.31630321052014765	false	0.0
kraftlos	neg 1.0		neg 0.3451027680049502 off 0.3400907703372612 __DUMMY__ 0.3148064616577885	false	1.0
vom			neg 0.34449754226887497 off 0.3336705709642779 __DUMMY__ 0.32183188676684726	false	0.0
grenzdebil	off 1.0		off 0.34918701033838684 neg 0.34109478213449135 __DUMMY__ 0.30971820752712187	false	1.0
vor			neg 0.3467895568394716 off 0.33638595872137983 __DUMMY__ 0.3168244844391485	false	0.0
unterwerfen	neg 1.0		neg 0.34534018343271783 off 0.3396121293334413 __DUMMY__ 0.3150476872338408	false	1.0
versenkung	neg 1.0		neg 0.3453399372216425 off 0.339157704612084 __DUMMY__ 0.31550235816627337	false	1.0
entziehen	neg 1.0		neg 0.3473309954750871 off 0.3367441018540734 __DUMMY__ 0.3159249026708394	false	1.0
finanzkrise	neg 1.0		neg 0.35101397170178267 off 0.33936007763345927 __DUMMY__ 0.309625950664758	false	1.0
schimpfend	neg 1.0		off 0.34434167211582206 neg 0.34197833659266663 __DUMMY__ 0.3136799912915113	false	0.5
profan	neg 1.0		off 0.3452713973947336 neg 0.3427957759491907 __DUMMY__ 0.31193282665607586	false	0.5
korruption	neg 1.0		neg 0.347259009687156 off 0.33988206008920824 __DUMMY__ 0.31285893022363576	false	1.0
â			neg 0.34602245202205684 off 0.33970472479288527 __DUMMY__ 0.3142728231850579	false	0.0
schmutzig	neg 1.0		off 0.34969863587523303 neg 0.3402475054605649 __DUMMY__ 0.310053858664202	false	0.5
sexy	neg 1.0		off 0.3473178419011766 neg 0.3408894133157607 __DUMMY__ 0.3117927447830626	false	0.5
abraten	neg 1.0		off 0.3452027250509002 neg 0.3421258027900804 __DUMMY__ 0.3126714721590192	false	0.5
schwarz	neg 1.0		off 0.3452800806299312 neg 0.3425643475276266 __DUMMY__ 0.3121555718424421	false	0.5
fotze	off 1.0	off 1.0	off 0.658368291263558 neg 0.19084546216435552 __DUMMY__ 0.15078624657208653	false	1.0
verwirren	neg 1.0		off 0.34580776531617924 neg 0.3420587924590623 __DUMMY__ 0.31213344222475853	false	0.5
zahnlos	off 1.0		neg 0.34480788844984506 off 0.34133706126044117 __DUMMY__ 0.31385505028971367	false	0.5
verheeren	neg 1.0		off 0.36098847045855786 neg 0.3337169555498862 __DUMMY__ 0.305294573991556	false	0.5
hippie	neg 1.0		off 0.346643920381111 neg 0.3417931654231308 __DUMMY__ 0.3115629141957582	false	0.5
rammen	neg 1.0		neg 0.34357048969769605 off 0.34349047385209963 __DUMMY__ 0.3129390364502044	false	1.0
unlauter	neg 1.0		off 0.34450110774431053 neg 0.3440818866108715 __DUMMY__ 0.3114170056448179	false	0.5
unheilvoll	neg 1.0		neg 0.34411187890345957 off 0.34371369199113677 __DUMMY__ 0.31217442910540366	false	1.0
niedrig	neg 1.0		neg 0.3480459736261777 off 0.338637933410666 __DUMMY__ 0.3133160929631563	false	1.0
explosion	neg 1.0		off 0.34670005587394703 neg 0.34150339540656427 __DUMMY__ 0.3117965487194887	false	0.5
weichei	off 1.0	off 1.0	off 0.6658244298314315 neg 0.1876300804877577 __DUMMY__ 0.1465454896808107	false	1.0
minusmensch	off 1.0		off 0.36010232752776533 neg 0.3352848565086574 __DUMMY__ 0.3046128159635772	false	1.0
farblos	neg 1.0		neg 0.34535751862721525 off 0.3430989248373936 __DUMMY__ 0.31154355653539106	false	1.0
unwissend	neg 1.0	neg 1.0	neg 0.6593444966987649 off 0.19208312458521298 __DUMMY__ 0.14857237871602208	false	1.0
traurig	neg 1.0		off 0.35188844983611467 neg 0.3390785270956339 __DUMMY__ 0.3090330230682514	false	0.5
senkung	neg 1.0		neg 0.3465956967634779 off 0.344028843251723 __DUMMY__ 0.30937545998479915	false	1.0
ungleich	neg 1.0	neg 1.0	neg 0.6611560130820342 off 0.1876693921614234 __DUMMY__ 0.15117459475654238	false	1.0
heikel	neg 1.0		neg 0.3463349202122436 off 0.33836321200547387 __DUMMY__ 0.31530186778228253	false	1.0
drosselung	neg 1.0		off 0.347619767414795 neg 0.3448331655158932 __DUMMY__ 0.30754706706931173	false	0.5
falsch	neg 1.0		off 0.34745486924475316 neg 0.3409554293071259 __DUMMY__ 0.31158970144812104	false	0.5
unzufriedenheit	neg 1.0		neg 0.3484455658558 off 0.3371805681714968 __DUMMY__ 0.3143738659727032	false	1.0
kurz	neg 1.0		neg 0.3435236457160209 off 0.3413188332562141 __DUMMY__ 0.31515752102776495	false	1.0
unsinnig	neg 1.0		neg 0.3462512061914803 off 0.3410867084427699 __DUMMY__ 0.3126620853657497	false	1.0
penner	off 1.0	off 1.0	off 0.6671430979137872 neg 0.18648206098718997 __DUMMY__ 0.14637484109902277	false	1.0
seicht	neg 1.0		off 0.35703190485558944 neg 0.33877513715492724 __DUMMY__ 0.30419295798948337	false	0.5
dummheit	off 1.0	off 1.0	off 0.6609034609262855 neg 0.1900921671902556 __DUMMY__ 0.14900437188345894	false	1.0
unerfreulich	neg 1.0		neg 0.34620762391224574 off 0.3381810576172873 __DUMMY__ 0.31561131847046703	false	1.0
motherfucker	off 1.0	off 1.0	off 0.6641730545574042 neg 0.18766389631564614 __DUMMY__ 0.1481630491269498	false	1.0
pikiert	neg 1.0	neg 1.0	neg 0.6592423705282795 off 0.1923465425543833 __DUMMY__ 0.14841108691733715	false	1.0
wrack	neg 1.0		off 0.3438496286069658 neg 0.3384614822097624 __DUMMY__ 0.31768888918327176	false	0.5
gangster	neg 1.0		off 0.3468154545281338 neg 0.3417875960407092 __DUMMY__ 0.311396949431157	false	0.5
krank	neg 1.0	neg 1.0	neg 0.6575955953316213 off 0.19350442613476732 __DUMMY__ 0.14889997853361142	false	1.0
reich	neg 1.0		off 0.3461164111724958 neg 0.3443891650722357 __DUMMY__ 0.3094944237552686	false	0.5
gnadenlos	neg 1.0		off 0.3443566552127672 neg 0.34231179656653427 __DUMMY__ 0.3133315482206984	false	0.5
niedergeschlagen	neg 1.0		neg 0.3441491299557283 off 0.34073530428742854 __DUMMY__ 0.31511556575684335	false	1.0
terrorisieren	off 1.0	off 1.0	off 0.6574542589553879 neg 0.19106371827316831 __DUMMY__ 0.15148202277144385	false	1.0
sinnlosigkeit	neg 1.0		neg 0.3447217827246732 off 0.3410277103348123 __DUMMY__ 0.31425050694051454	false	1.0
behindern	neg 1.0		neg 0.34524307308741653 off 0.342070833843379 __DUMMY__ 0.3126860930692044	false	1.0
undemokratisch	neg 1.0		off 0.34497277289072775 neg 0.3434745502917848 __DUMMY__ 0.3115526768174875	false	0.5
wirtschaftskrise	neg 1.0		neg 0.3496764615761045 off 0.33846954388946887 __DUMMY__ 0.31185399453442675	false	1.0
neid	neg 1.0		off 0.34641944152816584 neg 0.3420313843140562 __DUMMY__ 0.3115491741577781	false	0.5
rutschen	neg 1.0		neg 0.34730695731319566 off 0.3340991661517816 __DUMMY__ 0.3185938765350228	false	1.0
rezession	neg 1.0		off 0.349896750535025 neg 0.3440445646421084 __DUMMY__ 0.30605868482286663	false	0.5
fehlgeburt	neg 1.0		off 0.3443204989789358 neg 0.34143846708826925 __DUMMY__ 0.3142410339327949	false	0.5
charakterschwach	off 1.0		off 0.3489525749611275 neg 0.34123349267582975 __DUMMY__ 0.30981393236304283	false	1.0
isolation	neg 1.0		off 0.34770335763133714 neg 0.34029342068699175 __DUMMY__ 0.31200322168167105	false	0.5
ablenkung	neg 1.0		off 0.34320206757941496 neg 0.3426052552799774 __DUMMY__ 0.3141926771406076	false	0.5
pech	neg 1.0		off 0.34756551143946895 neg 0.34117185227358354 __DUMMY__ 0.31126263628694745	false	0.5
vermeidung	neg 1.0		off 0.34896647914510537 neg 0.34165262280356595 __DUMMY__ 0.30938089805132873	false	0.5
dominieren	neg 1.0		neg 0.3432566102002869 off 0.3420250187637387 __DUMMY__ 0.3147183710359745	false	1.0
schwindlig	neg 1.0		off 0.3446055713269557 neg 0.34354794509424375 __DUMMY__ 0.3118464835788007	false	0.5
lutscher	neg 1.0	neg 1.0	neg 0.6567032615293646 off 0.19840133562801907 __DUMMY__ 0.14489540284261632	false	1.0
pflicht	neg 1.0		neg 0.34552350701607737 off 0.3377055597653468 __DUMMY__ 0.3167709332185758	false	1.0
faschist	off 1.0		off 0.3470642561575164 neg 0.3414880799085479 __DUMMY__ 0.31144766393393564	false	1.0
verschleudern	neg 1.0		neg 0.3501228611676769 off 0.33726817865116804 __DUMMY__ 0.31260896018115497	false	1.0
wenn			off 0.3479916722119307 neg 0.34104558400071827 __DUMMY__ 0.31096274378735095	false	0.0
ehebruch	neg 1.0		neg 0.3456045409350079 off 0.33991493823679775 __DUMMY__ 0.3144805208281943	false	1.0
spott	off 1.0		neg 0.3443852432609258 off 0.3403653160623577 __DUMMY__ 0.31524944067671656	false	0.5
trostlosigkeit	neg 1.0		neg 0.3495712252664538 off 0.3357520074497836 __DUMMY__ 0.3146767672837626	false	1.0
lutschen	neg 1.0		off 0.34704590176230576 neg 0.342225615861633 __DUMMY__ 0.31072848237606115	false	0.5
undiszipliniert	neg 1.0		off 0.35135866712506925 neg 0.3391131898000202 __DUMMY__ 0.30952814307491056	false	0.5
kopfschmerz	neg 1.0		neg 0.3486274518817279 off 0.3381606447624284 __DUMMY__ 0.3132119033558436	false	1.0
unvorhergesehen	neg 1.0		neg 0.3459427008113841 off 0.3376337443271406 __DUMMY__ 0.3164235548614753	false	1.0
desinteressiert	neg 1.0		off 0.35032195736316774 neg 0.3402650234647901 __DUMMY__ 0.3094130191720422	false	0.5
armselig	off 1.0		off 0.3529370451366157 neg 0.33836771192559173 __DUMMY__ 0.3086952429377926	false	1.0
desaster	neg 1.0		neg 0.3484418325652981 off 0.33589234704563087 __DUMMY__ 0.31566582038907093	false	1.0
tod	neg 1.0		neg 0.34456366090356944 off 0.33973935554076945 __DUMMY__ 0.31569698355566117	false	1.0
herzlos	neg 1.0		off 0.35220735642750767 neg 0.3390469373055091 __DUMMY__ 0.3087457062669832	false	0.5
unwissenheit	neg 1.0		neg 0.34567822622283834 off 0.34032311162153067 __DUMMY__ 0.3139986621556309	false	1.0
widersinnig	neg 1.0		neg 0.3467829530376677 off 0.34093864260033147 __DUMMY__ 0.31227840436200105	false	1.0
bedenklich	neg 1.0		neg 0.3468030480761126 off 0.339138313891561 __DUMMY__ 0.3140586380323263	false	1.0
beanstanden	neg 1.0		neg 0.3448764634795827 off 0.3384920158915015 __DUMMY__ 0.3166315206289158	false	1.0
panisch	neg 1.0		off 0.3455818152458616 neg 0.34119730869598985 __DUMMY__ 0.3132208760581486	false	0.5
debil	off 1.0		neg 0.3504055635426111 off 0.33107622950441884 __DUMMY__ 0.31851820695296995	false	0.5
abstrich	neg 1.0		neg 0.3475224705307938 off 0.34000666704520427 __DUMMY__ 0.31247086242400185	false	1.0
primitiv	neg 1.0		off 0.3507658918735686 neg 0.3395429526041223 __DUMMY__ 0.3096911555223092	false	0.5
abschaum	off 1.0	off 1.0	off 0.6632611315960433 neg 0.1875744236024131 __DUMMY__ 0.1491644448015436	false	1.0
provozieren	neg 1.0		neg 0.3438345160131332 off 0.3436656851373751 __DUMMY__ 0.31249979884949164	false	1.0
tot	neg 1.0		neg 0.3469730418487346 off 0.3398091041151508 __DUMMY__ 0.31321785403611463	false	1.0
instabil	neg 1.0		off 0.3531083587671835 neg 0.33860531383104425 __DUMMY__ 0.30828632740177225	false	0.5
schwuchtel	off 1.0	off 1.0	off 0.6710197597791712 neg 0.1849927057563713 __DUMMY__ 0.1439875344644575	false	1.0
zerren	neg 1.0		neg 0.34395390201954107 off 0.34079835831218014 __DUMMY__ 0.31524773966827896	false	1.0
kinderficker	off 1.0		off 0.3551748729102954 neg 0.3375171412704356 __DUMMY__ 0.30730798581926916	false	1.0
gefahr	neg 1.0		neg 0.34608926402901535 off 0.33776773192592074 __DUMMY__ 0.31614300404506385	false	1.0
rabiat	neg 1.0		neg 0.34554696053935685 off 0.3414663273988217 __DUMMY__ 0.3129867120618215	false	1.0
verlangsamung	neg 1.0		off 0.3568046544492113 neg 0.33698490344170273 __DUMMY__ 0.306210442109086	false	0.5
ausgestorben	neg 1.0		neg 0.344033555063888 off 0.34185780457953574 __DUMMY__ 0.3141086403565762	false	1.0
anklagen	neg 1.0		neg 0.34481621333216994 off 0.34128505676708937 __DUMMY__ 0.3138987299007408	false	1.0
trott	neg 1.0		neg 0.34398058439323886 off 0.3428159485922892 __DUMMY__ 0.3132034670144719	false	1.0
verminderung	neg 1.0		off 0.3493305049870862 neg 0.3410090249113278 __DUMMY__ 0.3096604701015862	false	0.5
nach			neg 0.3466309335185133 off 0.3334566909733371 __DUMMY__ 0.3199123755081495	false	0.0
rost	neg 1.0		off 0.35980668785920117 neg 0.3326654565702464 __DUMMY__ 0.3075278555705524	false	0.5
destruktiv	neg 1.0		neg 0.3445665809284948 off 0.34250227109032627 __DUMMY__ 0.3129311479811789	false	1.0
unzumutbarkeit	neg 1.0		off 0.34961659730963957 neg 0.34020963411787336 __DUMMY__ 0.3101737685724871	false	0.5
labil	off 1.0	off 1.0	off 0.6623030681109984 neg 0.18894838640506892 __DUMMY__ 0.1487485454839327	false	1.0
ziemlich	neg 1.0		off 0.34938062024517774 neg 0.33961368818708787 __DUMMY__ 0.31100569156773444	false	0.5
lachnummer	off 1.0		off 0.34394880315030557 neg 0.3424404915681162 __DUMMY__ 0.31361070528157825	false	1.0
oder			off 0.34409482490993937 neg 0.34202110879974795 __DUMMY__ 0.3138840662903125	false	0.0
verfall	neg 1.0		neg 0.3509286915661024 off 0.33316229107731976 __DUMMY__ 0.31590901735657784	false	1.0
ausgrenzung	neg 1.0		off 0.344706346233471 neg 0.3439235813492177 __DUMMY__ 0.31137007241731135	false	0.5
unordnung	neg 1.0		off 0.35293782511920857 neg 0.3395377425443447 __DUMMY__ 0.3075244323364467	false	0.5
fehlverhalten	neg 1.0		neg 0.34585265649571145 off 0.33889031417966914 __DUMMY__ 0.31525702932461946	false	1.0
eine			neg 0.34712599079450945 off 0.33667244851368117 __DUMMY__ 0.31620156069180927	false	0.0
nille	neg 1.0		neg 0.3436711750148155 off 0.3432124820808268 __DUMMY__ 0.31311634290435764	false	1.0
qual	neg 1.0		neg 0.34460427476641153 off 0.3422678700809484 __DUMMY__ 0.3131278551526402	false	1.0
verschwenden	neg 1.0		neg 0.34811052641872886 off 0.3376297058996987 __DUMMY__ 0.3142597676815724	false	1.0
riesig	neg 1.0		neg 0.34549430951743465 off 0.3392184488220258 __DUMMY__ 0.31528724166053945	false	1.0
verurteilen	neg 1.0		neg 0.34538175871893967 off 0.34080533887840375 __DUMMY__ 0.3138129024026566	false	1.0
klischee	neg 1.0	neg 1.0	neg 0.6595298282754429 off 0.19159041755091125 __DUMMY__ 0.14887975417364577	false	1.0
diktatorisch	neg 1.0		off 0.344730720626684 neg 0.34413896648211806 __DUMMY__ 0.311130312891198	false	0.5
vorhersehbar	neg 1.0		off 0.3455729721324894 neg 0.34347748422079294 __DUMMY__ 0.3109495436467177	false	0.5
sowie			off 0.3532797224623782 neg 0.3404949726495275 __DUMMY__ 0.3062253048880943	false	0.0
stornieren	neg 1.0		off 0.3480819242194318 neg 0.33750147362022564 __DUMMY__ 0.31441660216034234	false	0.5
besteuerung	neg 1.0	neg 1.0	neg 0.662967219873252 off 0.18869870255657198 __DUMMY__ 0.14833407757017592	false	1.0
ungeschminkt	neg 1.0		off 0.35034004726450785 neg 0.3405587482870316 __DUMMY__ 0.3091012044484606	false	0.5
kritisch	neg 1.0		neg 0.34491459498107413 off 0.3406619186697951 __DUMMY__ 0.31442348634913075	false	1.0
schlamperei	off 1.0		neg 0.3466155688734586 off 0.3388536579373989 __DUMMY__ 0.3145307731891426	false	0.5
sucht	neg 1.0	neg 1.0	neg 0.6589236658914289 off 0.19069901152416627 __DUMMY__ 0.1503773225844048	false	1.0
egoistisch	off 1.0	off 1.0	off 0.6662855810282061 neg 0.18638581616334995 __DUMMY__ 0.14732860280844395	false	1.0
ausbeuter	off 1.0		neg 0.3487318015500824 off 0.337380913594509 __DUMMY__ 0.3138872848554086	false	0.5
arschgeburt	off 1.0		off 0.363626787174283 neg 0.33441758218950135 __DUMMY__ 0.30195563063621556	false	1.0
schubs	neg 1.0		neg 0.34814355560342086 off 0.338587371584307 __DUMMY__ 0.31326907281227223	false	1.0
unsolide	neg 1.0		off 0.3465005300425268 neg 0.3412001061784155 __DUMMY__ 0.3122993637790577	false	0.5
beschwerde	neg 1.0		neg 0.34450234174490046 off 0.3411002193748215 __DUMMY__ 0.314397438880278	false	1.0
stocken	neg 1.0		neg 0.3455438056324421 off 0.33977724166269124 __DUMMY__ 0.31467895270486673	false	1.0
isolieren	neg 1.0		neg 0.3462338941253997 off 0.34028395391984106 __DUMMY__ 0.3134821519547592	false	1.0
unheilbar	neg 1.0		off 0.3434493702300884 neg 0.3429309518939312 __DUMMY__ 0.3136196778759803	false	0.5
pisser	off 1.0	off 1.0	off 0.6645503163354303 neg 0.18768632561092788 __DUMMY__ 0.14776335805364182	false	1.0
löschen	neg 1.0		neg 0.3445251534003564 off 0.3430455481691315 __DUMMY__ 0.31242929843051204	false	1.0
durchfallen	neg 1.0		neg 0.34480633003475425 off 0.34055780007837944 __DUMMY__ 0.3146358698868664	false	1.0
wichser	off 1.0	off 1.0	off 0.6690141137985822 neg 0.1854382054000672 __DUMMY__ 0.14554768080135067	false	1.0
terror	neg 1.0		off 0.34634304988137726 neg 0.3420802059013521 __DUMMY__ 0.31157674421727066	false	0.5
krass	neg 1.0		off 0.3538885945492886 neg 0.3383496447275938 __DUMMY__ 0.30776176072311756	false	0.5
revolte	neg 1.0		neg 0.34534708578273016 off 0.3452766986747972 __DUMMY__ 0.3093762155424726	false	1.0
besorgt	neg 1.0		neg 0.3424582737666831 off 0.3419251190089735 __DUMMY__ 0.3156166072243435	false	1.0
nachlassen	neg 1.0		neg 0.3440096342767709 off 0.34045305919397567 __DUMMY__ 0.31553730652925344	false	1.0
alt	neg 1.0		neg 0.35211140972577554 off 0.33646152605566426 __DUMMY__ 0.3114270642185603	false	1.0
hundesohn	off 1.0	off 1.0	off 0.6681923578681166 neg 0.18623185980425477 __DUMMY__ 0.14557578232762866	false	1.0
als			neg 0.3453503613961963 off 0.34062934041365883 __DUMMY__ 0.3140202981901449	false	0.0
abschreckung	neg 1.0		neg 0.34737815069358086 off 0.3375404257474516 __DUMMY__ 0.31508142355896757	false	1.0
unqualifiziert	neg 1.0		off 0.3478594780377475 neg 0.3408592089964626 __DUMMY__ 0.31128131296578976	false	0.5
abgewichst	off 1.0		neg 0.3434692222142042 off 0.342805054866374 __DUMMY__ 0.31372572291942175	false	0.5
schwer	neg 1.0		neg 0.3433604403566605 off 0.34267913500440583 __DUMMY__ 0.31396042463893353	false	1.0
bedeutungslosigkeit	neg 1.0		neg 0.3467273516348078 off 0.3382425520833603 __DUMMY__ 0.315030096281832	false	1.0
kapitulation	neg 1.0		neg 0.3477886681932775 off 0.33911299562210806 __DUMMY__ 0.3130983361846144	false	1.0
unscharf	neg 1.0		neg 0.34640633279385097 off 0.3435546904978417 __DUMMY__ 0.3100389767083074	false	1.0
schwinden	neg 1.0		neg 0.3478067812581895 off 0.3378245403558606 __DUMMY__ 0.31436867838594995	false	1.0
versklavung	neg 1.0	neg 1.0	neg 0.6612378740322903 off 0.18981351232865226 __DUMMY__ 0.1489486136390575	false	1.0
schlecht	neg 1.0		off 0.3496242579859111 neg 0.33927294158339555 __DUMMY__ 0.31110280043069327	false	0.5
verhasst	neg 1.0		off 0.3441380887314847 neg 0.3439677898871376 __DUMMY__ 0.3118941213813776	false	0.5
beschweren	neg 1.0		off 0.34545236056176276 neg 0.3415749812373521 __DUMMY__ 0.3129726582008852	false	0.5
scheiden	neg 1.0		neg 0.34326026379902314 off 0.3432466498640592 __DUMMY__ 0.31349308633691775	false	1.0
frustriert	neg 1.0		neg 0.34401513751930757 off 0.34172747008425736 __DUMMY__ 0.3142573923964351	false	1.0
schimmelig	neg 1.0		neg 0.3494783515261468 off 0.33806369166722094 __DUMMY__ 0.3124579568066322	false	1.0
fisch	neg 1.0		neg 0.35265526158247246 off 0.33411130472038086 __DUMMY__ 0.3132334336971467	false	1.0
schmuggel	neg 1.0		neg 0.34596220754302737 off 0.3373112442386916 __DUMMY__ 0.31672654821828095	false	1.0
auffallen	neg 1.0		off 0.34562087242347533 neg 0.34202909479308435 __DUMMY__ 0.31235003278344037	false	0.5
konkurrenz	neg 1.0		neg 0.34428473831467377 off 0.33901788268539385 __DUMMY__ 0.31669737899993244	false	1.0
teufelskreis	neg 1.0	neg 1.0	neg 0.6618190225119815 off 0.18844481249987186 __DUMMY__ 0.1497361649881466	false	1.0
aufschreien	neg 1.0		off 0.345462111134713 neg 0.34344242854999496 __DUMMY__ 0.31109546031529217	false	0.5
schuldner	neg 1.0		neg 0.3502526210419576 off 0.3365415770324544 __DUMMY__ 0.313205801925588	false	1.0
missgeburt	off 1.0	off 1.0	off 0.6678066834864592 neg 0.18550431694459424 __DUMMY__ 0.14668899956894652	false	1.0
arbeitslos	neg 1.0		neg 0.3457736722039815 off 0.3400108721609393 __DUMMY__ 0.31421545563507913	false	1.0
befallen	neg 1.0		neg 0.3499319891989563 off 0.33931731534164994 __DUMMY__ 0.31075069545939377	false	1.0
miesepetrig	off 1.0	off 1.0	off 0.6624447185589788 neg 0.1886606327141611 __DUMMY__ 0.14889464872686017	false	1.0
alarmieren	neg 1.0		off 0.34797469680910303 neg 0.34125683612546487 __DUMMY__ 0.31076846706543215	false	0.5
ungeduscht	off 1.0		off 0.3469586007703589 neg 0.34283343448135034 __DUMMY__ 0.3102079647482909	false	1.0
knappheit	neg 1.0		neg 0.34849238562108953 off 0.33910715302921524 __DUMMY__ 0.3124004613496952	false	1.0
schlange	neg 1.0		off 0.3437986190776098 neg 0.3424853919142457 __DUMMY__ 0.31371598900814446	false	0.5
harsch	neg 1.0		off 0.354349798044342 neg 0.336220557763701 __DUMMY__ 0.309429644191957	false	0.5
lang	neg 1.0		off 0.3443431901106086 neg 0.34306347145173566 __DUMMY__ 0.31259333843765574	false	0.5
ziellos	neg 1.0		neg 0.34484366429397645 off 0.3392194199462575 __DUMMY__ 0.3159369157597662	false	1.0
selbstverliebt	neg 1.0		off 0.36183174370751464 neg 0.33336315449698567 __DUMMY__ 0.3048051017954996	false	0.5
beseitigen	neg 1.0		off 0.3433298523115426 neg 0.34268498460019736 __DUMMY__ 0.3139851630882599	false	0.5
dumm	off 1.0		off 0.35598015832448526 neg 0.33729210411994454 __DUMMY__ 0.3067277375555702	false	1.0
arbeitsloser	neg 1.0		off 0.3427248526460889 neg 0.34015689908308894 __DUMMY__ 0.3171182482708221	false	0.5
blitzen	neg 1.0		off 0.346611730947738 neg 0.3427859480027804 __DUMMY__ 0.31060232104948154	false	0.5
hilflos	neg 1.0		neg 0.34565289042763714 off 0.34016187552543947 __DUMMY__ 0.3141852340469232	false	1.0
eklig	off 1.0		off 0.3556402259125104 neg 0.3388495149547561 __DUMMY__ 0.3055102591327335	false	1.0
begriff			neg 0.343255988800081 off 0.3428923606014548 __DUMMY__ 0.3138516505984642	false	0.0
hungersnot	neg 1.0		neg 0.34783242720845226 off 0.3394391959645177 __DUMMY__ 0.3127283768270301	false	1.0
ungesetzlich	neg 1.0		off 0.34543931875795536 neg 0.34268367124834825 __DUMMY__ 0.3118770099936964	false	0.5
verschwendung	neg 1.0		neg 0.34697103385528716 off 0.33810738596130147 __DUMMY__ 0.31492158018341143	false	1.0
schmerzvoll	neg 1.0		off 0.34402891662558166 neg 0.34399907531488977 __DUMMY__ 0.31197200805952857	false	0.5
vorzeitig	neg 1.0		off 0.3500473690924687 neg 0.33753782321888737 __DUMMY__ 0.31241480768864394	false	0.5
unvollkommenheit	neg 1.0		neg 0.3449751542091293 off 0.34120559927167227 __DUMMY__ 0.31381924651919857	false	1.0
intervenieren	neg 1.0		neg 0.34911259430661706 off 0.3376707011915301 __DUMMY__ 0.3132167045018528	false	1.0
banause	off 1.0		off 0.3562104962052198 neg 0.34027473703254774 __DUMMY__ 0.30351476676223255	false	1.0
rebell	neg 1.0		neg 0.3526075249025013 off 0.3326928602822333 __DUMMY__ 0.31469961481526537	false	1.0
unlogisch	neg 1.0		off 0.3511509337941081 neg 0.34038189399776153 __DUMMY__ 0.30846717220813047	false	0.5
leiden	neg 1.0		neg 0.3445004631869037 off 0.33831473163583 __DUMMY__ 0.3171848051772664	false	1.0
abschaffung	neg 1.0		neg 0.3452717975490957 off 0.3432463859017688 __DUMMY__ 0.3114818165491354	false	1.0
sturz	neg 1.0		off 0.34675319149666656 neg 0.33911638579427167 __DUMMY__ 0.3141304227090618	false	0.5
verkleinerung	neg 1.0		neg 0.34602482320318134 off 0.3453532913504455 __DUMMY__ 0.3086218854463731	false	1.0
schmarotzer	off 1.0		neg 0.345027060246411 off 0.34111289660601846 __DUMMY__ 0.31386004314757054	false	0.5
bestrafung	neg 1.0	neg 1.0	neg 0.6597799762438681 off 0.18995501435450418 __DUMMY__ 0.1502650094016277	false	1.0
achtlos	neg 1.0		neg 0.34305393991607497 off 0.34219670873140307 __DUMMY__ 0.31474935135252197	false	1.0
ungeheuer	neg 1.0		neg 0.3446138630244356 off 0.34295734059237726 __DUMMY__ 0.31242879638318716	false	1.0
unaufrichtig	neg 1.0		off 0.34776708140669227 neg 0.34094774385867976 __DUMMY__ 0.31128517473462797	false	0.5
groggy	neg 1.0		off 0.3467991314224119 neg 0.3411462666787194 __DUMMY__ 0.31205460189886874	false	0.5
verletzlich	neg 1.0		off 0.3470448112122219 neg 0.34424957594702876 __DUMMY__ 0.30870561284074927	false	0.5
