unsolidarisch	neg 1.0		neg 0.34526662169898614 off 0.34300620699073836 __DUMMY__ 0.31172717131027544	false	1.0
nachteilig	neg 1.0		neg 0.3441970481990681 off 0.33997023491629674 __DUMMY__ 0.31583271688463516	false	1.0
skeptisch	neg 1.0		neg 0.34668231893834117 off 0.33787995816251626 __DUMMY__ 0.3154377228991426	false	1.0
schrecklich	neg 1.0		off 0.3523620587250024 neg 0.3387690452355925 __DUMMY__ 0.3088688960394052	false	0.5
schlapp	neg 1.0	neg 1.0	neg 0.658438935088542 off 0.1926717419909802 __DUMMY__ 0.14888932292047774	false	1.0
abfall	neg 1.0		neg 0.3459267531866575 off 0.3358350612558834 __DUMMY__ 0.318238185557459	false	1.0
widerspenstig	neg 1.0		neg 0.3463003492985264 off 0.34127413075264307 __DUMMY__ 0.31242551994883055	false	1.0
abrupt	neg 1.0		neg 0.34916785018497354 off 0.336370856543213 __DUMMY__ 0.31446129327181344	false	1.0
unwirksam	neg 1.0		neg 0.34971317831276444 off 0.34065994736886174 __DUMMY__ 0.309626874318374	false	1.0
angreifen	neg 1.0		neg 0.3467390445376184 off 0.33740213368561117 __DUMMY__ 0.31585882177677055	false	1.0
inkonsistent	neg 1.0		off 0.34502194896691574 neg 0.34386368048578986 __DUMMY__ 0.31111437054729446	false	0.5
abrutschen	neg 1.0		neg 0.34732678045582344 off 0.3349367052917123 __DUMMY__ 0.31773651425246435	false	1.0
unsicher	neg 1.0		off 0.34317220475075616 neg 0.3428603407890021 __DUMMY__ 0.31396745446024177	false	0.5
bauernkind	off 1.0	off 1.0	off 0.664538444987112 neg 0.18986101988304793 __DUMMY__ 0.14560053512984	false	1.0
angreifer	neg 1.0		off 0.3480858453149597 neg 0.33880429095252484 __DUMMY__ 0.3131098637325153	false	0.5
trennen	neg 1.0		neg 0.3458039035311904 off 0.33763633974710666 __DUMMY__ 0.3165597567217028	false	1.0
schmutz	neg 1.0		off 0.34879310500156535 neg 0.3359979889029223 __DUMMY__ 0.3152089060955123	false	0.5
inkonsistenz	neg 1.0		off 0.3483447791814608 neg 0.34045851143108063 __DUMMY__ 0.3111967093874585	false	0.5
erschreckend	neg 1.0		neg 0.34423215469481067 off 0.3420893248346552 __DUMMY__ 0.3136785204705343	false	1.0
ertrinken	neg 1.0		neg 0.34900313156387536 off 0.3359798086913282 __DUMMY__ 0.31501705974479643	false	1.0
pickelface	off 1.0		neg 0.3441755936514799 off 0.34310879373223546 __DUMMY__ 0.31271561261628456	false	0.5
seiner			neg 0.3452545872317459 off 0.3383816703138504 __DUMMY__ 0.31636374245440363	false	0.0
lauch	neg 1.0	neg 1.0	neg 0.6632039396366789 off 0.18488585137007918 __DUMMY__ 0.151910208993242	false	1.0
unwichtig	neg 1.0		off 0.3477932341541072 neg 0.3415077302879137 __DUMMY__ 0.3106990355579791	false	0.5
steuerhinterziehung	neg 1.0		neg 0.3457863496646433 off 0.34148309606549115 __DUMMY__ 0.31273055426986546	false	1.0
schock	neg 1.0		neg 0.3445513914456017 off 0.34118533206828106 __DUMMY__ 0.314263276486117	false	1.0
beule	neg 1.0		off 0.35009153876221255 neg 0.3405802937641637 __DUMMY__ 0.3093281674736237	false	0.5
vergelten	neg 1.0		off 0.3542216396273199 neg 0.33639683185632363 __DUMMY__ 0.3093815285163565	false	0.5
verdorbenheit	neg 1.0		neg 0.3439459963501869 off 0.3436833119805741 __DUMMY__ 0.312370691669239	false	1.0
trauma	neg 1.0		neg 0.34411627593105043 off 0.34385540831972444 __DUMMY__ 0.31202831574922507	false	1.0
sinnlos	neg 1.0		off 0.3448832971285773 neg 0.342796594286055 __DUMMY__ 0.31232010858536774	false	0.5
fettsack	off 1.0	off 1.0	off 0.6657263944196279 neg 0.18849076849711652 __DUMMY__ 0.14578283708325565	false	1.0
feige	off 1.0	off 1.0	off 0.6626716071841923 neg 0.1891265079617781 __DUMMY__ 0.14820188485402966	false	1.0
abdanken	neg 1.0		neg 0.3438781172953209 off 0.34252764778459055 __DUMMY__ 0.31359423492008853	false	1.0
wichtigtuer	off 1.0	off 1.0	off 0.6613086672750661 neg 0.18900786650474868 __DUMMY__ 0.1496834662201852	false	1.0
misslingen	neg 1.0	neg 1.0	neg 0.6561334715082292 off 0.1919897882904323 __DUMMY__ 0.1518767402013385	false	1.0
untreu	off 1.0		off 0.3490806710931546 neg 0.34081688147604394 __DUMMY__ 0.3101024474308016	false	1.0
missmutig	neg 1.0		off 0.346432433303897 neg 0.34234229678374145 __DUMMY__ 0.31122526991236166	false	0.5
hurenbock	off 1.0		neg 0.3493151350721741 off 0.3406063438799189 __DUMMY__ 0.3100785210479071	false	0.5
betrunken	neg 1.0		off 0.35110453449868656 neg 0.33967656937115587 __DUMMY__ 0.3092188961301576	false	0.5
korrupt	off 1.0		neg 0.3467364565003456 off 0.3406868417702653 __DUMMY__ 0.31257670172938906	false	0.5
unmut	neg 1.0		neg 0.3476436653851214 off 0.33604015600165105 __DUMMY__ 0.31631617861322736	false	1.0
hackfresse	off 1.0		off 0.3570911070903931 neg 0.3362972340473912 __DUMMY__ 0.30661165886221575	false	1.0
aufblasen	neg 1.0		neg 0.34360806395450066 off 0.3432376967404074 __DUMMY__ 0.3131542393050919	false	1.0
gewaltsam	neg 1.0		neg 0.3441226735745705 off 0.3424226299413111 __DUMMY__ 0.3134546964841185	false	1.0
unbeliebtheit	neg 1.0		off 0.3493268612926241 neg 0.3404088494504888 __DUMMY__ 0.31026428925688715	false	0.5
sturheit	neg 1.0		off 0.34278678886935626 neg 0.3425983622297294 __DUMMY__ 0.3146148489009143	false	0.5
kuh	neg 1.0		neg 0.35102654797231675 off 0.3420587629516435 __DUMMY__ 0.30691468907603964	false	1.0
erschrecken	neg 1.0		off 0.34737055814322165 neg 0.3409411122312389 __DUMMY__ 0.31168832962553955	false	0.5
opfer	neg 1.0		neg 0.3432779931214211 off 0.34049966297582773 __DUMMY__ 0.3162223439027511	false	1.0
sinken	neg 1.0		neg 0.34883882107824116 off 0.3359147675901456 __DUMMY__ 0.3152464113316132	false	1.0
stinktier	neg 1.0		off 0.35218537133849226 neg 0.34312916982627056 __DUMMY__ 0.3046854588352371	false	0.5
tucke	off 1.0		off 0.35706896806454375 neg 0.33990665475067705 __DUMMY__ 0.30302437718477915	false	1.0
ein			neg 0.34659453095977616 off 0.340922773975878 __DUMMY__ 0.3124826950643459	false	0.0
abstieg	neg 1.0		off 0.34306471176080316 neg 0.33987638662695124 __DUMMY__ 0.3170589016122454	false	0.5
missverstehen	neg 1.0		off 0.3458079006333371 neg 0.34234237584469646 __DUMMY__ 0.31184972352196644	false	0.5
ergebnislos	neg 1.0		neg 0.3437155966186924 off 0.340081655801967 __DUMMY__ 0.31620274757934064	false	1.0
unter			neg 0.34754514078285037 off 0.33183039064587894 __DUMMY__ 0.3206244685712708	false	0.0
manipulieren	neg 1.0		neg 0.3445778229257738 off 0.33917291226299406 __DUMMY__ 0.31624926481123206	false	1.0
unbewiesen	neg 1.0	neg 1.0	neg 0.659685931873969 off 0.19026184995854353 __DUMMY__ 0.1500522181674876	false	1.0
verschleppen	neg 1.0		neg 0.3461190544162586 off 0.33976020125803763 __DUMMY__ 0.3141207443257038	false	1.0
weib	off 1.0		off 0.35824871662938335 neg 0.33743124201134655 __DUMMY__ 0.3043200413592701	false	1.0
opposition	neg 1.0		neg 0.34533584972576453 off 0.3435093074247594 __DUMMY__ 0.3111548428494761	false	1.0
verkehrswidrig	neg 1.0	neg 1.0	neg 0.6544104945382352 off 0.1967753467843305 __DUMMY__ 0.1488141586774344	false	1.0
inkorrekt	neg 1.0		off 0.35191808452324774 neg 0.3394814277414691 __DUMMY__ 0.3086004877352832	false	0.5
vermeiden	neg 1.0		neg 0.34752153041014794 off 0.3344499596529183 __DUMMY__ 0.3180285099369339	false	1.0
abweichung	neg 1.0	neg 1.0	neg 0.6587212307477744 off 0.18921985497207175 __DUMMY__ 0.15205891428015383	false	1.0
alkoholisiert	neg 1.0		neg 0.34332599198354286 off 0.33923602468529546 __DUMMY__ 0.31743798333116163	false	1.0
scheiss	off 1.0	off 1.0	off 0.6634293217695607 neg 0.18888774246682238 __DUMMY__ 0.147682935763617	false	1.0
herausforderung	neg 1.0		neg 0.34377905616539495 off 0.3409550529451327 __DUMMY__ 0.31526589088947243	false	1.0
pervers	off 1.0		off 0.3611454725935044 neg 0.3351141291210333 __DUMMY__ 0.30374039828546234	false	1.0
wackelig	neg 1.0		neg 0.34384554746692414 off 0.3408266185632773 __DUMMY__ 0.3153278339697985	false	1.0
verwickeln	neg 1.0		off 0.3447152310337287 neg 0.3431671901189725 __DUMMY__ 0.3121175788472988	false	0.5
vorwand	neg 1.0		neg 0.3473013805893402 off 0.3368356123858797 __DUMMY__ 0.31586300702478015	false	1.0
muschi	off 1.0		neg 0.3438307390948413 off 0.3424412367949451 __DUMMY__ 0.31372802411021367	false	0.5
entmutigung	neg 1.0		neg 0.3446011764195008 off 0.344592445831947 __DUMMY__ 0.31080637774855224	false	1.0
unangemessen	neg 1.0		neg 0.3435830343084178 off 0.3420996875954248 __DUMMY__ 0.3143172780961574	false	1.0
unstetig	neg 1.0		off 0.3472151704511209 neg 0.3414028755575982 __DUMMY__ 0.3113819539912808	false	0.5
entmutigen	neg 1.0		off 0.34399713863710984 neg 0.34301033010889964 __DUMMY__ 0.31299253125399057	false	0.5
schwanz	neg 1.0		neg 0.34644868594599176 off 0.33961462264432896 __DUMMY__ 0.31393669140967934	false	1.0
verbot	neg 1.0		neg 0.34692661538159186 off 0.34029874549492956 __DUMMY__ 0.3127746391234786	false	1.0
leid	neg 1.0		off 0.35376678393123673 neg 0.3385242750562317 __DUMMY__ 0.30770894101253154	false	0.5
archaisch	neg 1.0		neg 0.3457116982780427 off 0.3408578315129225 __DUMMY__ 0.3134304702090347	false	1.0
gegen			neg 0.34493867221532204 off 0.33766384734901395 __DUMMY__ 0.31739748043566407	false	0.0
scheidung	neg 1.0		off 0.36739711240403927 neg 0.327153012178226 __DUMMY__ 0.30544987541773466	false	0.5
einschlag	neg 1.0		off 0.35404038605184307 neg 0.33565169239418563 __DUMMY__ 0.3103079215539712	false	0.5
m			neg 0.3446995684042396 off 0.34080423956367 __DUMMY__ 0.3144961920320905	false	0.0
abgestanden	neg 1.0		neg 0.35118140951805266 off 0.3395653559396485 __DUMMY__ 0.30925323454229897	false	1.0
schmierig	off 1.0		off 0.35352280250908524 neg 0.33852692010630103 __DUMMY__ 0.3079502773846137	false	1.0
unpraktisch	neg 1.0		off 0.34481111642932355 neg 0.3420336836494688 __DUMMY__ 0.3131551999212075	false	0.5
wixxer	off 1.0		off 0.3607608475499336 neg 0.336555420802626 __DUMMY__ 0.3026837316474404	false	1.0
bezeichnet			off 0.3435688746606501 neg 0.3428510382002968 __DUMMY__ 0.3135800871390531	false	0.0
jammerlappen	off 1.0		off 0.3483745365867807 neg 0.34073547334479876 __DUMMY__ 0.3108899900684206	false	1.0
farce	neg 1.0		neg 0.3460803280638974 off 0.3419611827965868 __DUMMY__ 0.3119584891395157	false	1.0
zwecklos	neg 1.0		neg 0.3454804245367623 off 0.3404497251499889 __DUMMY__ 0.31406985031324886	false	1.0
turbulent	neg 1.0		off 0.3503443147638345 neg 0.34023318175079476 __DUMMY__ 0.30942250348537065	false	0.5
invasion	neg 1.0		off 0.3456806095463579 neg 0.34232597777951146 __DUMMY__ 0.31199341267413067	false	0.5
schuld	neg 1.0		off 0.34421485444270916 neg 0.34305145891295447 __DUMMY__ 0.3127336866443363	false	0.5
risiko	neg 1.0		neg 0.34555406859850574 off 0.3437527300772686 __DUMMY__ 0.3106932013242256	false	1.0
finster	neg 1.0		neg 0.3463960404731159 off 0.341463288780272 __DUMMY__ 0.31214067074661206	false	1.0
geisteskrank	off 1.0		off 0.350729706756125 neg 0.3399326356922001 __DUMMY__ 0.30933765755167497	false	1.0
zusammenbrechen	neg 1.0		neg 0.34548807090234723 off 0.340573572222688 __DUMMY__ 0.3139383568749647	false	1.0
ausbeute	neg 1.0		off 0.34310893286614513 neg 0.34141649368165544 __DUMMY__ 0.31547457345219954	false	0.5
hinterhalt	neg 1.0		neg 0.3458313874145114 off 0.34084615449891664 __DUMMY__ 0.3133224580865719	false	1.0
kritik	neg 1.0		neg 0.3464851319324634 off 0.34155154176278085 __DUMMY__ 0.3119633263047557	false	1.0
einschrumpfen	neg 1.0		off 0.34693080226510425 neg 0.34418413219933475 __DUMMY__ 0.308885065535561	false	0.5
riskant	neg 1.0		neg 0.34735255457067493 off 0.3377282392080698 __DUMMY__ 0.31491920622125513	false	1.0
frustrieren	neg 1.0		neg 0.34751793412835347 off 0.33834914352387774 __DUMMY__ 0.31413292234776874	false	1.0
groll	neg 1.0		neg 0.34373557109464015 off 0.34142864372920434 __DUMMY__ 0.3148357851761556	false	1.0
gibt			neg 0.344630676214406 off 0.3406390588040273 __DUMMY__ 0.3147302649815667	false	0.0
qualvoll	neg 1.0		off 0.3450339883785113 neg 0.3427816030566192 __DUMMY__ 0.31218440856486945	false	0.5
wackeln	neg 1.0		neg 0.34368108692163346 off 0.3427474927491121 __DUMMY__ 0.3135714203292546	false	1.0
klagen	neg 1.0		neg 0.3479595536079006 off 0.33670950752044393 __DUMMY__ 0.3153309388716554	false	1.0
bankrott	neg 1.0		off 0.3483493999702271 neg 0.3398700115113552 __DUMMY__ 0.31178058851841756	false	0.5
trauern	neg 1.0		neg 0.3420592727431149 off 0.34027782208105267 __DUMMY__ 0.3176629051758324	false	1.0
ablehnung	neg 1.0		neg 0.3463045756508194 off 0.34115773420178963 __DUMMY__ 0.3125376901473909	false	1.0
stur	neg 1.0		neg 0.3439677070141861 off 0.34378770175328316 __DUMMY__ 0.31224459123253057	false	1.0
aufruhr	neg 1.0	neg 1.0	neg 0.6601862822775642 off 0.1895674565604454 __DUMMY__ 0.15024626116199052	false	1.0
melancholie	neg 1.0		neg 0.3490355083040506 off 0.3367299491019211 __DUMMY__ 0.31423454259402844	false	1.0
ist			off 0.3447559820296662 neg 0.3426726057134655 __DUMMY__ 0.31257141225686846	false	0.0
torheit	neg 1.0		off 0.34435015752461284 neg 0.34293945139645515 __DUMMY__ 0.31271039107893206	false	0.5
dreckskind	off 1.0		off 0.35775807136608917 neg 0.33680774198334845 __DUMMY__ 0.3054341866505623	false	1.0
umtauschen	neg 1.0		neg 0.34494486848485384 off 0.341857802629503 __DUMMY__ 0.31319732888564317	false	1.0
zum			neg 0.34227176368439444 off 0.33698966735479513 __DUMMY__ 0.32073856896081043	false	0.0
zersetzen	neg 1.0		neg 0.348028012513125 off 0.3373376678111496 __DUMMY__ 0.3146343196757253	false	1.0
zur			neg 0.34695082739451555 off 0.33483566720415237 __DUMMY__ 0.318213505401332	false	0.0
frust	neg 1.0		neg 0.3449891761412102 off 0.34062205317987027 __DUMMY__ 0.31438877067891946	false	1.0
unerbittlichkeit	neg 1.0		neg 0.3453638676966522 off 0.33919526995870736 __DUMMY__ 0.31544086234464036	false	1.0
zwei			neg 0.3467490526115079 off 0.33455323998578834 __DUMMY__ 0.3186977074027037	false	0.0
unkorrekt	neg 1.0		off 0.35030932512791896 neg 0.3408990402681938 __DUMMY__ 0.30879163460388737	false	0.5
hexe	off 1.0		off 0.34640478226593113 neg 0.3445043485968857 __DUMMY__ 0.30909086913718314	false	1.0
lasch	neg 1.0		off 0.34752866436239455 neg 0.3411115319721332 __DUMMY__ 0.3113598036654722	false	0.5
rivale	neg 1.0		off 0.35243850973349095 neg 0.3386547083666009 __DUMMY__ 0.308906781899908	false	0.5
mutlos	off 1.0	off 1.0	off 0.6579895071516519 neg 0.19101112022109626 __DUMMY__ 0.1509993726272518	false	1.0
wirr	off 1.0		off 0.352797941401428 neg 0.3389192621179732 __DUMMY__ 0.30828279648059875	false	1.0
jahr			neg 0.34102793980551793 off 0.3405475509614302 __DUMMY__ 0.3184245092330519	false	0.0
wird			neg 0.3448413686545512 off 0.3401035191628308 __DUMMY__ 0.31505511218261806	false	0.0
strafbar	neg 1.0		neg 0.34567040379692526 off 0.3389833249494107 __DUMMY__ 0.31534627125366416	false	1.0
erosion	neg 1.0		neg 0.3437259752870873 off 0.3430929529436084 __DUMMY__ 0.31318107176930415	false	1.0
eingehen	neg 1.0		neg 0.3472731505338155 off 0.3383405001892342 __DUMMY__ 0.31438634927695036	false	1.0
faul	off 1.0		off 0.34728660768032565 neg 0.34168331540097724 __DUMMY__ 0.3110300769186971	false	1.0
provisorium	neg 1.0		neg 0.34703005615726396 off 0.33212668054890304 __DUMMY__ 0.320843263293833	false	1.0
schmerzen	neg 1.0		neg 0.3458115323740591 off 0.3410227168356416 __DUMMY__ 0.3131657507902993	false	1.0
schrumpfen	neg 1.0		neg 0.35058011200581957 off 0.3332300618952669 __DUMMY__ 0.31618982609891344	false	1.0
geistlos	off 1.0		off 0.34522340083035974 neg 0.344077141887412 __DUMMY__ 0.31069945728222836	false	1.0
fehlkauf	neg 1.0		off 0.34483438581864284 neg 0.3441496600563404 __DUMMY__ 0.31101595412501676	false	0.5
frustrierend	neg 1.0		off 0.3469680256117716 neg 0.34163794156571864 __DUMMY__ 0.3113940328225099	false	0.5
unzufrieden	neg 1.0		neg 0.3453472053089343 off 0.34033714460059883 __DUMMY__ 0.3143156500904669	false	1.0
verzweifeln	neg 1.0		neg 0.34380186992394784 off 0.3420701830560044 __DUMMY__ 0.3141279470200477	false	1.0
verzweifelt	neg 1.0		off 0.3442476084606011 neg 0.3431001827900346 __DUMMY__ 0.31265220874936434	false	0.5
misstrauensantrag	neg 1.0		off 0.34495306220132954 neg 0.34306244040032174 __DUMMY__ 0.3119844973983487	false	0.5
abfallen	neg 1.0		neg 0.344443381199903 off 0.34270069238260986 __DUMMY__ 0.31285592641748716	false	1.0
fucker	off 1.0		off 0.35211164376254994 neg 0.3383093971623907 __DUMMY__ 0.30957895907505933	false	1.0
ungezogen	neg 1.0		off 0.35903920246396537 neg 0.3357721506017287 __DUMMY__ 0.305188646934306	false	0.5
irrsinnig	neg 1.0	neg 1.0	neg 0.6601872429975526 off 0.1899467508928035 __DUMMY__ 0.14986600610964376	false	1.0
unfassbar	neg 1.0		off 0.34943665748158204 neg 0.3399677358853679 __DUMMY__ 0.31059560663304997	false	0.5
hart	neg 1.0		off 0.34689544215529244 neg 0.34595329821249804 __DUMMY__ 0.3071512596322095	false	0.5
widerlich	off 1.0		off 0.34965154906962664 neg 0.34051914063732763 __DUMMY__ 0.3098293102930457	false	1.0
fatal	neg 1.0	neg 1.0	neg 0.6612829463489687 off 0.19022659666915598 __DUMMY__ 0.14849045698187535	false	1.0
bruch	neg 1.0		neg 0.3452335542456811 off 0.33696355503122044 __DUMMY__ 0.31780289072309853	false	1.0
aushungern	neg 1.0		neg 0.3470424639410018 off 0.3403858982987205 __DUMMY__ 0.3125716377602777	false	1.0
anspannung	neg 1.0		neg 0.34536320601203474 off 0.33529591645981494 __DUMMY__ 0.31934087752815044	false	1.0
von			neg 0.34612523491061514 off 0.33757155456923704 __DUMMY__ 0.31630321052014776	false	0.0
kraftlos	neg 1.0		neg 0.34510276800495 off 0.3400907703372613 __DUMMY__ 0.31480646165778864	false	1.0
vom			neg 0.3444975422688751 off 0.3336705709642779 __DUMMY__ 0.32183188676684715	false	0.0
grenzdebil	off 1.0		off 0.3491870103383869 neg 0.3410947821344917 __DUMMY__ 0.30971820752712154	false	1.0
vor			neg 0.3467895568394713 off 0.33638595872138 __DUMMY__ 0.3168244844391488	false	0.0
unterwerfen	neg 1.0		neg 0.3453401834327178 off 0.3396121293334416 __DUMMY__ 0.31504768723384063	false	1.0
versenkung	neg 1.0		neg 0.3453399372216424 off 0.33915770461208405 __DUMMY__ 0.3155023581662736	false	1.0
entziehen	neg 1.0		neg 0.34733099547508745 off 0.33674410185407305 __DUMMY__ 0.31592490267083967	false	1.0
finanzkrise	neg 1.0		neg 0.3510139717017823 off 0.3393600776334595 __DUMMY__ 0.30962595066475834	false	1.0
schimpfend	neg 1.0		off 0.3443416721158224 neg 0.3419783365926664 __DUMMY__ 0.3136799912915113	false	0.5
profan	neg 1.0		off 0.3452713973947343 neg 0.3427957759491901 __DUMMY__ 0.3119328266560757	false	0.5
korruption	neg 1.0		neg 0.347259009687156 off 0.3398820600892083 __DUMMY__ 0.31285893022363576	false	1.0
â			neg 0.3460224520220561 off 0.33970472479288516 __DUMMY__ 0.31427282318505867	false	0.0
schmutzig	neg 1.0		off 0.3496986358752329 neg 0.3402475054605648 __DUMMY__ 0.3100538586642024	false	0.5
sexy	neg 1.0		off 0.3473178419011765 neg 0.34088941331576167 __DUMMY__ 0.31179274478306196	false	0.5
abraten	neg 1.0		off 0.3452027250509003 neg 0.34212580279008026 __DUMMY__ 0.31267147215901947	false	0.5
schwarz	neg 1.0		off 0.3452800806299313 neg 0.34256434752762605 __DUMMY__ 0.3121555718424427	false	0.5
fotze	off 1.0	off 1.0	off 0.658368291263558 neg 0.19084546216435563 __DUMMY__ 0.15078624657208645	false	1.0
verwirren	neg 1.0		off 0.3458077653161798 neg 0.34205879245906196 __DUMMY__ 0.31213344222475814	false	0.5
zahnlos	off 1.0		neg 0.3448078884498441 off 0.3413370612604419 __DUMMY__ 0.3138550502897139	false	0.5
verheeren	neg 1.0		off 0.3609884704585579 neg 0.3337169555498861 __DUMMY__ 0.305294573991556	false	0.5
hippie	neg 1.0		off 0.3466439203811113 neg 0.3417931654231304 __DUMMY__ 0.3115629141957583	false	0.5
rammen	neg 1.0		neg 0.3435704896976964 off 0.3434904738520993 __DUMMY__ 0.31293903645020443	false	1.0
unlauter	neg 1.0		off 0.34450110774431103 neg 0.3440818866108715 __DUMMY__ 0.3114170056448175	false	0.5
unheilvoll	neg 1.0		neg 0.3441118789034594 off 0.34371369199113677 __DUMMY__ 0.3121744291054037	false	1.0
niedrig	neg 1.0		neg 0.3480459736261776 off 0.33863793341066567 __DUMMY__ 0.3133160929631566	false	1.0
explosion	neg 1.0		off 0.34670005587394687 neg 0.34150339540656477 __DUMMY__ 0.3117965487194884	false	0.5
weichei	off 1.0	off 1.0	off 0.6658244298314314 neg 0.18763008048775798 __DUMMY__ 0.14654548968081058	false	1.0
minusmensch	off 1.0		off 0.3601023275277652 neg 0.3352848565086571 __DUMMY__ 0.30461281596357764	false	1.0
farblos	neg 1.0		neg 0.3453575186272155 off 0.34309892483739335 __DUMMY__ 0.3115435565353911	false	1.0
unwissend	neg 1.0	neg 1.0	neg 0.659344496698765 off 0.19208312458521296 __DUMMY__ 0.14857237871602208	false	1.0
traurig	neg 1.0		off 0.3518884498361141 neg 0.3390785270956343 __DUMMY__ 0.30903302306825164	false	0.5
senkung	neg 1.0		neg 0.34659569676347773 off 0.34402884325172306 __DUMMY__ 0.3093754599847992	false	1.0
ungleich	neg 1.0	neg 1.0	neg 0.6611560130820343 off 0.1876693921614235 __DUMMY__ 0.15117459475654213	false	1.0
heikel	neg 1.0		neg 0.3463349202122443 off 0.3383632120054734 __DUMMY__ 0.3153018677822823	false	1.0
drosselung	neg 1.0		off 0.34761976741479444 neg 0.3448331655158941 __DUMMY__ 0.3075470670693115	false	0.5
falsch	neg 1.0		off 0.3474548692447537 neg 0.3409554293071257 __DUMMY__ 0.3115897014481207	false	0.5
unzufriedenheit	neg 1.0		neg 0.3484455658558001 off 0.3371805681714968 __DUMMY__ 0.3143738659727031	false	1.0
kurz	neg 1.0		neg 0.34352364571602095 off 0.3413188332562139 __DUMMY__ 0.3151575210277651	false	1.0
unsinnig	neg 1.0		neg 0.3462512061914804 off 0.34108670844276967 __DUMMY__ 0.31266208536574996	false	1.0
penner	off 1.0	off 1.0	off 0.6671430979137875 neg 0.18648206098718997 __DUMMY__ 0.14637484109902263	false	1.0
seicht	neg 1.0		off 0.3570319048555893 neg 0.3387751371549271 __DUMMY__ 0.3041929579894836	false	0.5
dummheit	off 1.0	off 1.0	off 0.6609034609262855 neg 0.19009216719025554 __DUMMY__ 0.1490043718834589	false	1.0
unerfreulich	neg 1.0		neg 0.3462076239122454 off 0.3381810576172878 __DUMMY__ 0.31561131847046686	false	1.0
motherfucker	off 1.0	off 1.0	off 0.6641730545574042 neg 0.18766389631564592 __DUMMY__ 0.14816304912694986	false	1.0
pikiert	neg 1.0	neg 1.0	neg 0.6592423705282794 off 0.19234654255438333 __DUMMY__ 0.1484110869173373	false	1.0
wrack	neg 1.0		off 0.34384962860696566 neg 0.3384614822097623 __DUMMY__ 0.3176888891832721	false	0.5
gangster	neg 1.0		off 0.34681545452813395 neg 0.34178759604070896 __DUMMY__ 0.31139694943115703	false	0.5
krank	neg 1.0	neg 1.0	neg 0.6575955953316213 off 0.19350442613476734 __DUMMY__ 0.1488999785336114	false	1.0
reich	neg 1.0		off 0.34611641117249514 neg 0.34438916507223616 __DUMMY__ 0.3094944237552688	false	0.5
gnadenlos	neg 1.0		off 0.34435665521276765 neg 0.34231179656653415 __DUMMY__ 0.31333154822069825	false	0.5
niedergeschlagen	neg 1.0		neg 0.3441491299557287 off 0.3407353042874284 __DUMMY__ 0.31511556575684296	false	1.0
terrorisieren	off 1.0	off 1.0	off 0.6574542589553881 neg 0.19106371827316812 __DUMMY__ 0.15148202277144376	false	1.0
sinnlosigkeit	neg 1.0		neg 0.34472178272467285 off 0.34102771033481233 __DUMMY__ 0.31425050694051476	false	1.0
behindern	neg 1.0		neg 0.3452430730874163 off 0.3420708338433792 __DUMMY__ 0.3126860930692045	false	1.0
undemokratisch	neg 1.0		off 0.3449727728907279 neg 0.34347455029178486 __DUMMY__ 0.3115526768174874	false	0.5
wirtschaftskrise	neg 1.0		neg 0.34967646157610416 off 0.33846954388946926 __DUMMY__ 0.3118539945344266	false	1.0
neid	neg 1.0		off 0.34641944152816595 neg 0.3420313843140565 __DUMMY__ 0.31154917415777766	false	0.5
rutschen	neg 1.0		neg 0.34730695731319566 off 0.3340991661517814 __DUMMY__ 0.3185938765350228	false	1.0
rezession	neg 1.0		off 0.34989675053502467 neg 0.34404456464210864 __DUMMY__ 0.30605868482286663	false	0.5
fehlgeburt	neg 1.0		off 0.3443204989789358 neg 0.3414384670882694 __DUMMY__ 0.31424103393279484	false	0.5
charakterschwach	off 1.0		off 0.3489525749611274 neg 0.3412334926758299 __DUMMY__ 0.3098139323630427	false	1.0
isolation	neg 1.0		off 0.34770335763133786 neg 0.3402934206869914 __DUMMY__ 0.31200322168167066	false	0.5
ablenkung	neg 1.0		off 0.34320206757941457 neg 0.3426052552799778 __DUMMY__ 0.31419267714060756	false	0.5
pech	neg 1.0		off 0.3475655114394689 neg 0.34117185227358343 __DUMMY__ 0.31126263628694767	false	0.5
vermeidung	neg 1.0		off 0.34896647914510526 neg 0.3416526228035657 __DUMMY__ 0.30938089805132907	false	0.5
dominieren	neg 1.0		neg 0.34325661020028697 off 0.3420250187637388 __DUMMY__ 0.3147183710359742	false	1.0
schwindlig	neg 1.0		off 0.3446055713269555 neg 0.3435479450942437 __DUMMY__ 0.3118464835788009	false	0.5
lutscher	neg 1.0	neg 1.0	neg 0.6567032615293648 off 0.19840133562801876 __DUMMY__ 0.1448954028426165	false	1.0
pflicht	neg 1.0		neg 0.34552350701607737 off 0.3377055597653471 __DUMMY__ 0.3167709332185755	false	1.0
faschist	off 1.0		off 0.347064256157516 neg 0.34148807990854824 __DUMMY__ 0.31144766393393575	false	1.0
verschleudern	neg 1.0		neg 0.3501228611676775 off 0.33726817865116754 __DUMMY__ 0.31260896018115497	false	1.0
wenn			off 0.34799167221193045 neg 0.3410455840007181 __DUMMY__ 0.31096274378735145	false	0.0
ehebruch	neg 1.0		neg 0.3456045409350079 off 0.3399149382367975 __DUMMY__ 0.31448052082819455	false	1.0
spott	off 1.0		neg 0.3443852432609255 off 0.340365316062358 __DUMMY__ 0.3152494406767165	false	0.5
trostlosigkeit	neg 1.0		neg 0.3495712252664541 off 0.3357520074497836 __DUMMY__ 0.31467676728376237	false	1.0
lutschen	neg 1.0		off 0.3470459017623055 neg 0.3422256158616331 __DUMMY__ 0.3107284823760615	false	0.5
undiszipliniert	neg 1.0		off 0.3513586671250696 neg 0.3391131898000201 __DUMMY__ 0.30952814307491044	false	0.5
kopfschmerz	neg 1.0		neg 0.34862745188172795 off 0.3381606447624288 __DUMMY__ 0.31321190335584326	false	1.0
unvorhergesehen	neg 1.0		neg 0.34594270081138395 off 0.337633744327141 __DUMMY__ 0.31642355486147516	false	1.0
desinteressiert	neg 1.0		off 0.35032195736316807 neg 0.34026502346478976 __DUMMY__ 0.3094130191720422	false	0.5
armselig	off 1.0		off 0.35293704513661583 neg 0.3383677119255916 __DUMMY__ 0.3086952429377926	false	1.0
desaster	neg 1.0		neg 0.34844183256529837 off 0.33589234704563037 __DUMMY__ 0.3156658203890712	false	1.0
tod	neg 1.0		neg 0.34456366090356944 off 0.3397393555407693 __DUMMY__ 0.31569698355566134	false	1.0
herzlos	neg 1.0		off 0.35220735642750794 neg 0.33904693730550844 __DUMMY__ 0.3087457062669837	false	0.5
unwissenheit	neg 1.0		neg 0.3456782262228385 off 0.3403231116215308 __DUMMY__ 0.31399866215563066	false	1.0
widersinnig	neg 1.0		neg 0.3467829530376674 off 0.3409386426003318 __DUMMY__ 0.31227840436200066	false	1.0
bedenklich	neg 1.0		neg 0.346803048076113 off 0.33913831389156074 __DUMMY__ 0.31405863803232625	false	1.0
beanstanden	neg 1.0		neg 0.34487646347958256 off 0.338492015891502 __DUMMY__ 0.31663152062891553	false	1.0
panisch	neg 1.0		off 0.34558181524586157 neg 0.3411973086959902 __DUMMY__ 0.3132208760581483	false	0.5
debil	off 1.0		neg 0.35040556354261115 off 0.33107622950441906 __DUMMY__ 0.31851820695296984	false	0.5
abstrich	neg 1.0		neg 0.3475224705307937 off 0.3400066670452044 __DUMMY__ 0.3124708624240018	false	1.0
primitiv	neg 1.0		off 0.350765891873569 neg 0.33954295260412193 __DUMMY__ 0.30969115552230914	false	0.5
abschaum	off 1.0	off 1.0	off 0.6632611315960432 neg 0.1875744236024132 __DUMMY__ 0.14916444480154364	false	1.0
provozieren	neg 1.0		neg 0.343834516013133 off 0.3436656851373758 __DUMMY__ 0.31249979884949125	false	1.0
tot	neg 1.0		neg 0.3469730418487349 off 0.33980910411515064 __DUMMY__ 0.3132178540361143	false	1.0
instabil	neg 1.0		off 0.35310835876718355 neg 0.3386053138310442 __DUMMY__ 0.30828632740177225	false	0.5
schwuchtel	off 1.0	off 1.0	off 0.6710197597791712 neg 0.18499270575637108 __DUMMY__ 0.1439875344644577	false	1.0
zerren	neg 1.0		neg 0.34395390201954107 off 0.3407983583121804 __DUMMY__ 0.3152477396682786	false	1.0
kinderficker	off 1.0		off 0.3551748729102957 neg 0.33751714127043475 __DUMMY__ 0.3073079858192695	false	1.0
gefahr	neg 1.0		neg 0.34608926402901546 off 0.3377677319259209 __DUMMY__ 0.31614300404506346	false	1.0
rabiat	neg 1.0		neg 0.34554696053935685 off 0.3414663273988216 __DUMMY__ 0.3129867120618216	false	1.0
verlangsamung	neg 1.0		off 0.3568046544492116 neg 0.3369849034417026 __DUMMY__ 0.30621044210908577	false	0.5
ausgestorben	neg 1.0		neg 0.3440335550638882 off 0.3418578045795358 __DUMMY__ 0.314108640356576	false	1.0
anklagen	neg 1.0		neg 0.3448162133321697 off 0.34128505676708987 __DUMMY__ 0.3138987299007405	false	1.0
trott	neg 1.0		neg 0.34398058439323886 off 0.3428159485922895 __DUMMY__ 0.3132034670144717	false	1.0
verminderung	neg 1.0		off 0.3493305049870862 neg 0.3410090249113278 __DUMMY__ 0.3096604701015862	false	0.5
nach			neg 0.3466309335185133 off 0.33345669097333674 __DUMMY__ 0.31991237550814977	false	0.0
rost	neg 1.0		off 0.3598066878592009 neg 0.33266545657024665 __DUMMY__ 0.30752785557055257	false	0.5
destruktiv	neg 1.0		neg 0.3445665809284945 off 0.342502271090327 __DUMMY__ 0.3129311479811786	false	1.0
unzumutbarkeit	neg 1.0		off 0.34961659730963923 neg 0.3402096341178735 __DUMMY__ 0.31017376857248735	false	0.5
labil	off 1.0	off 1.0	off 0.6623030681109983 neg 0.18894838640506897 __DUMMY__ 0.14874854548393282	false	1.0
ziemlich	neg 1.0		off 0.3493806202451775 neg 0.33961368818708815 __DUMMY__ 0.31100569156773444	false	0.5
lachnummer	off 1.0		off 0.343948803150306 neg 0.34244049156811646 __DUMMY__ 0.31361070528157753	false	1.0
oder			off 0.3440948249099395 neg 0.34202110879974845 __DUMMY__ 0.31388406629031207	false	0.0
verfall	neg 1.0		neg 0.35092869156610246 off 0.3331622910773197 __DUMMY__ 0.3159090173565778	false	1.0
ausgrenzung	neg 1.0		off 0.34470634623347085 neg 0.3439235813492175 __DUMMY__ 0.3113700724173116	false	0.5
unordnung	neg 1.0		off 0.3529378251192086 neg 0.3395377425443448 __DUMMY__ 0.3075244323364466	false	0.5
fehlverhalten	neg 1.0		neg 0.34585265649571173 off 0.33889031417966875 __DUMMY__ 0.3152570293246196	false	1.0
eine			neg 0.34712599079450956 off 0.33667244851368117 __DUMMY__ 0.3162015606918093	false	0.0
nille	neg 1.0		neg 0.3436711750148155 off 0.34321248208082683 __DUMMY__ 0.31311634290435775	false	1.0
qual	neg 1.0		neg 0.34460427476641164 off 0.34226787008094833 __DUMMY__ 0.31312785515263997	false	1.0
verschwenden	neg 1.0		neg 0.3481105264187291 off 0.33762970589969826 __DUMMY__ 0.31425976768157265	false	1.0
riesig	neg 1.0		neg 0.3454943095174346 off 0.33921844882202584 __DUMMY__ 0.3152872416605396	false	1.0
verurteilen	neg 1.0		neg 0.34538175871894 off 0.34080533887840364 __DUMMY__ 0.3138129024026564	false	1.0
klischee	neg 1.0	neg 1.0	neg 0.659529828275443 off 0.19159041755091114 __DUMMY__ 0.14887975417364585	false	1.0
diktatorisch	neg 1.0		off 0.344730720626684 neg 0.34413896648211806 __DUMMY__ 0.311130312891198	false	0.5
vorhersehbar	neg 1.0		off 0.3455729721324892 neg 0.34347748422079255 __DUMMY__ 0.3109495436467181	false	0.5
sowie			off 0.3532797224623784 neg 0.3404949726495277 __DUMMY__ 0.30622530488809385	false	0.0
stornieren	neg 1.0		off 0.3480819242194319 neg 0.3375014736202257 __DUMMY__ 0.31441660216034245	false	0.5
besteuerung	neg 1.0	neg 1.0	neg 0.6629672198732525 off 0.18869870255657198 __DUMMY__ 0.14833407757017558	false	1.0
ungeschminkt	neg 1.0		off 0.3503400472645078 neg 0.34055874828703153 __DUMMY__ 0.3091012044484605	false	0.5
kritisch	neg 1.0		neg 0.3449145949810743 off 0.3406619186697953 __DUMMY__ 0.3144234863491305	false	1.0
schlamperei	off 1.0		neg 0.34661556887345846 off 0.3388536579373993 __DUMMY__ 0.31453077318914224	false	0.5
sucht	neg 1.0	neg 1.0	neg 0.658923665891429 off 0.19069901152416627 __DUMMY__ 0.15037732258440475	false	1.0
egoistisch	off 1.0	off 1.0	off 0.6662855810282061 neg 0.18638581616334973 __DUMMY__ 0.14732860280844415	false	1.0
ausbeuter	off 1.0		neg 0.3487318015500821 off 0.3373809135945095 __DUMMY__ 0.3138872848554084	false	0.5
arschgeburt	off 1.0		off 0.3636267871742835 neg 0.33441758218950096 __DUMMY__ 0.3019556306362155	false	1.0
schubs	neg 1.0		neg 0.34814355560342075 off 0.33858737158430713 __DUMMY__ 0.31326907281227206	false	1.0
unsolide	neg 1.0		off 0.3465005300425269 neg 0.34120010617841534 __DUMMY__ 0.31229936377905765	false	0.5
beschwerde	neg 1.0		neg 0.34450234174489996 off 0.3411002193748218 __DUMMY__ 0.31439743888027827	false	1.0
stocken	neg 1.0		neg 0.3455438056324421 off 0.33977724166269163 __DUMMY__ 0.31467895270486634	false	1.0
isolieren	neg 1.0		neg 0.3462338941253997 off 0.34028395391984106 __DUMMY__ 0.3134821519547592	false	1.0
unheilbar	neg 1.0		off 0.3434493702300886 neg 0.3429309518939312 __DUMMY__ 0.3136196778759803	false	0.5
pisser	off 1.0	off 1.0	off 0.6645503163354304 neg 0.18768632561092746 __DUMMY__ 0.14776335805364207	false	1.0
löschen	neg 1.0		neg 0.34452515340035644 off 0.34304554816913135 __DUMMY__ 0.3124292984305122	false	1.0
durchfallen	neg 1.0		neg 0.3448063300347541 off 0.3405578000783793 __DUMMY__ 0.31463586988686654	false	1.0
wichser	off 1.0	off 1.0	off 0.6690141137985826 neg 0.18543820540006697 __DUMMY__ 0.14554768080135053	false	1.0
terror	neg 1.0		off 0.3463430498813781 neg 0.34208020590135146 __DUMMY__ 0.31157674421727055	false	0.5
krass	neg 1.0		off 0.35388859454928845 neg 0.3383496447275939 __DUMMY__ 0.3077617607231178	false	0.5
revolte	neg 1.0		neg 0.34534708578273066 off 0.3452766986747966 __DUMMY__ 0.3093762155424727	false	1.0
besorgt	neg 1.0		neg 0.34245827376668314 off 0.34192511900897343 __DUMMY__ 0.3156166072243435	false	1.0
nachlassen	neg 1.0		neg 0.3440096342767708 off 0.3404530591939757 __DUMMY__ 0.31553730652925344	false	1.0
alt	neg 1.0		neg 0.3521114097257755 off 0.33646152605566415 __DUMMY__ 0.3114270642185604	false	1.0
hundesohn	off 1.0	off 1.0	off 0.6681923578681166 neg 0.18623185980425483 __DUMMY__ 0.14557578232762866	false	1.0
als			neg 0.3453503613961969 off 0.3406293404136585 __DUMMY__ 0.31402029819014454	false	0.0
abschreckung	neg 1.0		neg 0.34737815069358136 off 0.337540425747451 __DUMMY__ 0.3150814235589677	false	1.0
unqualifiziert	neg 1.0		off 0.3478594780377476 neg 0.3408592089964625 __DUMMY__ 0.31128131296578976	false	0.5
abgewichst	off 1.0		neg 0.3434692222142044 off 0.3428050548663741 __DUMMY__ 0.3137257229194216	false	0.5
schwer	neg 1.0		neg 0.3433604403566608 off 0.3426791350044061 __DUMMY__ 0.3139604246389331	false	1.0
bedeutungslosigkeit	neg 1.0		neg 0.34672735163480717 off 0.3382425520833607 __DUMMY__ 0.3150300962818321	false	1.0
kapitulation	neg 1.0		neg 0.3477886681932775 off 0.3391129956221084 __DUMMY__ 0.31309833618461413	false	1.0
unscharf	neg 1.0		neg 0.346406332793851 off 0.3435546904978419 __DUMMY__ 0.31003897670830705	false	1.0
schwinden	neg 1.0		neg 0.3478067812581898 off 0.3378245403558604 __DUMMY__ 0.3143686783859497	false	1.0
versklavung	neg 1.0	neg 1.0	neg 0.6612378740322905 off 0.189813512328652 __DUMMY__ 0.14894861363905745	false	1.0
schlecht	neg 1.0		off 0.34962425798591124 neg 0.33927294158339527 __DUMMY__ 0.31110280043069355	false	0.5
verhasst	neg 1.0		off 0.34413808873148555 neg 0.3439677898871375 __DUMMY__ 0.31189412138137695	false	0.5
beschweren	neg 1.0		off 0.34545236056176226 neg 0.341574981237352 __DUMMY__ 0.31297265820088566	false	0.5
scheiden	neg 1.0		neg 0.3432602637990232 off 0.34324664986405884 __DUMMY__ 0.313493086336918	false	1.0
frustriert	neg 1.0		neg 0.3440151375193076 off 0.3417274700842573 __DUMMY__ 0.31425739239643513	false	1.0
schimmelig	neg 1.0		neg 0.3494783515261467 off 0.3380636916672211 __DUMMY__ 0.3124579568066322	false	1.0
fisch	neg 1.0		neg 0.3526552615824724 off 0.33411130472038086 __DUMMY__ 0.3132334336971467	false	1.0
schmuggel	neg 1.0		neg 0.3459622075430274 off 0.3373112442386917 __DUMMY__ 0.3167265482182809	false	1.0
auffallen	neg 1.0		off 0.3456208724234756 neg 0.34202909479308424 __DUMMY__ 0.31235003278344026	false	0.5
konkurrenz	neg 1.0		neg 0.34428473831467377 off 0.3390178826853937 __DUMMY__ 0.31669737899993267	false	1.0
teufelskreis	neg 1.0	neg 1.0	neg 0.6618190225119817 off 0.18844481249987194 __DUMMY__ 0.14973616498814646	false	1.0
aufschreien	neg 1.0		off 0.3454621111347126 neg 0.3434424285499951 __DUMMY__ 0.3110954603152924	false	0.5
schuldner	neg 1.0		neg 0.350252621041958 off 0.3365415770324539 __DUMMY__ 0.31320580192558817	false	1.0
missgeburt	off 1.0	off 1.0	off 0.6678066834864592 neg 0.18550431694459443 __DUMMY__ 0.14668899956894643	false	1.0
arbeitslos	neg 1.0		neg 0.34577367220398114 off 0.34001087216093967 __DUMMY__ 0.314215455635079	false	1.0
befallen	neg 1.0		neg 0.3499319891989561 off 0.33931731534165005 __DUMMY__ 0.31075069545939393	false	1.0
miesepetrig	off 1.0	off 1.0	off 0.6624447185589787 neg 0.18866063271416125 __DUMMY__ 0.14889464872686017	false	1.0
alarmieren	neg 1.0		off 0.3479746968091032 neg 0.3412568361254648 __DUMMY__ 0.31076846706543204	false	0.5
ungeduscht	off 1.0		off 0.34695860077035917 neg 0.34283343448135045 __DUMMY__ 0.31020796474829043	false	1.0
knappheit	neg 1.0		neg 0.3484923856210895 off 0.33910715302921557 __DUMMY__ 0.312400461349695	false	1.0
schlange	neg 1.0		off 0.34379861907760995 neg 0.3424853919142458 __DUMMY__ 0.3137159890081443	false	0.5
harsch	neg 1.0		off 0.3543497980443424 neg 0.33622055776370074 __DUMMY__ 0.30942964419195684	false	0.5
lang	neg 1.0		off 0.3443431901106083 neg 0.34306347145173616 __DUMMY__ 0.3125933384376556	false	0.5
ziellos	neg 1.0		neg 0.3448436642939761 off 0.33921941994625743 __DUMMY__ 0.3159369157597664	false	1.0
selbstverliebt	neg 1.0		off 0.3618317437075145 neg 0.3333631544969861 __DUMMY__ 0.3048051017954995	false	0.5
beseitigen	neg 1.0		off 0.34332985231154234 neg 0.34268498460019753 __DUMMY__ 0.3139851630882601	false	0.5
dumm	off 1.0		off 0.3559801583244851 neg 0.3372921041199449 __DUMMY__ 0.30672773755557003	false	1.0
arbeitsloser	neg 1.0		off 0.3427248526460887 neg 0.3401568990830891 __DUMMY__ 0.3171182482708223	false	0.5
blitzen	neg 1.0		off 0.3466117309477386 neg 0.34278594800278034 __DUMMY__ 0.3106023210494811	false	0.5
hilflos	neg 1.0		neg 0.34565289042763686 off 0.34016187552544014 __DUMMY__ 0.31418523404692317	false	1.0
eklig	off 1.0		off 0.35564022591251065 neg 0.33884951495475607 __DUMMY__ 0.3055102591327332	false	1.0
begriff			neg 0.34325598880008096 off 0.342892360601455 __DUMMY__ 0.3138516505984641	false	0.0
hungersnot	neg 1.0		neg 0.34783242720845176 off 0.3394391959645179 __DUMMY__ 0.3127283768270303	false	1.0
ungesetzlich	neg 1.0		off 0.34543931875795525 neg 0.3426836712483487 __DUMMY__ 0.3118770099936962	false	0.5
verschwendung	neg 1.0		neg 0.3469710338552872 off 0.33810738596130124 __DUMMY__ 0.3149215801834116	false	1.0
schmerzvoll	neg 1.0		off 0.34402891662558105 neg 0.3439990753148901 __DUMMY__ 0.311972008059529	false	0.5
vorzeitig	neg 1.0		off 0.3500473690924685 neg 0.33753782321888737 __DUMMY__ 0.31241480768864394	false	0.5
unvollkommenheit	neg 1.0		neg 0.344975154209129 off 0.34120559927167277 __DUMMY__ 0.31381924651919835	false	1.0
intervenieren	neg 1.0		neg 0.349112594306617 off 0.33767070119153036 __DUMMY__ 0.3132167045018526	false	1.0
banause	off 1.0		off 0.3562104962052191 neg 0.340274737032548 __DUMMY__ 0.30351476676223277	false	1.0
rebell	neg 1.0		neg 0.3526075249025014 off 0.33269286028223305 __DUMMY__ 0.31469961481526554	false	1.0
unlogisch	neg 1.0		off 0.35115093379410817 neg 0.3403818939977614 __DUMMY__ 0.30846717220813036	false	0.5
leiden	neg 1.0		neg 0.3445004631869034 off 0.33831473163583003 __DUMMY__ 0.3171848051772665	false	1.0
abschaffung	neg 1.0		neg 0.3452717975490957 off 0.3432463859017687 __DUMMY__ 0.3114818165491356	false	1.0
sturz	neg 1.0		off 0.34675319149666645 neg 0.33911638579427145 __DUMMY__ 0.31413042270906216	false	0.5
verkleinerung	neg 1.0		neg 0.3460248232031814 off 0.3453532913504455 __DUMMY__ 0.30862188544637315	false	1.0
schmarotzer	off 1.0		neg 0.34502706024641105 off 0.3411128966060188 __DUMMY__ 0.31386004314757016	false	0.5
bestrafung	neg 1.0	neg 1.0	neg 0.659779976243868 off 0.18995501435450432 __DUMMY__ 0.15026500940162768	false	1.0
achtlos	neg 1.0		neg 0.34305393991607513 off 0.3421967087314031 __DUMMY__ 0.31474935135252174	false	1.0
ungeheuer	neg 1.0		neg 0.34461386302443586 off 0.34295734059237704 __DUMMY__ 0.31242879638318705	false	1.0
unaufrichtig	neg 1.0		off 0.34776708140669244 neg 0.3409477438586797 __DUMMY__ 0.31128517473462797	false	0.5
groggy	neg 1.0		off 0.34679913142241214 neg 0.3411462666787192 __DUMMY__ 0.3120546018988688	false	0.5
verletzlich	neg 1.0		off 0.34704481121222247 neg 0.3442495759470282 __DUMMY__ 0.3087056128407493	false	0.5
