unsolidarisch	neg 1.0		__DUMMY__ 0.9149191183729057 neg 0.04265614595399963 off 0.04242473567309455	false	1.0
nachteilig	neg 1.0		__DUMMY__ 0.9220984700442285 neg 0.03967952920749075 off 0.03822200074828079	false	1.0
skeptisch	neg 1.0		__DUMMY__ 0.9210903020800688 neg 0.041530915858475646 off 0.03737878206145554	false	1.0
schrecklich	neg 1.0		__DUMMY__ 0.9106783676774597 off 0.04874999599808436 neg 0.040571636324455915	false	0.5
schlapp	neg 1.0	neg 1.0	neg 0.5071383433214507 __DUMMY__ 0.4515505512518624 off 0.041311105426686874	false	1.0
abfall	neg 1.0		__DUMMY__ 0.9259410050953899 neg 0.03932186098397619 off 0.03473713392063396	false	1.0
widerspenstig	neg 1.0		__DUMMY__ 0.9165366597088178 neg 0.04303350211509721 off 0.04042983817608502	false	1.0
abrupt	neg 1.0		__DUMMY__ 0.9198578686851893 neg 0.0434837868888629 off 0.036658344425947856	false	1.0
unwirksam	neg 1.0		__DUMMY__ 0.9117884355059426 neg 0.04649477552885154 off 0.0417167889652059	false	1.0
angreifen	neg 1.0		__DUMMY__ 0.9216613602140301 neg 0.04133711101838526 off 0.037001528767584606	false	1.0
inkonsistent	neg 1.0		__DUMMY__ 0.914567811267485 off 0.04318858263093262 neg 0.04224360610158247	false	0.5
abrutschen	neg 1.0		__DUMMY__ 0.9249635267957571 neg 0.04057533231675428 off 0.03446114088748856	false	1.0
unsicher	neg 1.0		__DUMMY__ 0.9187010121785336 off 0.041135685288111234 neg 0.04016330253335506	false	0.5
bauernkind	off 1.0	off 1.0	off 0.515724402964028 __DUMMY__ 0.44264861001791056 neg 0.041626987018061404	false	1.0
angreifer	neg 1.0		__DUMMY__ 0.9175828016764874 off 0.04442995602761185 neg 0.037987242295900704	false	0.5
trennen	neg 1.0		__DUMMY__ 0.9229971645249339 neg 0.04048212795011509 off 0.036520707524951124	false	1.0
schmutz	neg 1.0		__DUMMY__ 0.9218383354977802 off 0.04327425009303707 neg 0.03488741440918277	false	0.5
inkonsistenz	neg 1.0		__DUMMY__ 0.9143827384209621 off 0.04542787872603119 neg 0.04018938285300668	false	0.5
erschreckend	neg 1.0		__DUMMY__ 0.9181343166523759 neg 0.04111285457920522 off 0.04075282876841887	false	1.0
ertrinken	neg 1.0		__DUMMY__ 0.9203872964483879 neg 0.04315947183625402 off 0.0364532317153581	false	1.0
pickelface	off 1.0		__DUMMY__ 0.91689372596228 off 0.04157072710185773 neg 0.041535546935862165	false	1.0
seiner			__DUMMY__ 0.922625543386524 neg 0.040232016483806636 off 0.03714244012966928	false	0.0
lauch	neg 1.0	neg 1.0	neg 0.508919348224259 __DUMMY__ 0.4595564592811421 off 0.031524192494598924	false	1.0
unwichtig	neg 1.0		__DUMMY__ 0.9134292682904434 off 0.04535329058138187 neg 0.041217441128174694	false	0.5
steuerhinterziehung	neg 1.0		__DUMMY__ 0.9168422819506916 neg 0.04227196818874898 off 0.04088574986055941	false	1.0
schock	neg 1.0		__DUMMY__ 0.9191804299949229 neg 0.04105924969620304 off 0.03976032030887405	false	1.0
beule	neg 1.0		__DUMMY__ 0.9118559061923978 off 0.04687272450438899 neg 0.041271369303213165	false	0.5
vergelten	neg 1.0		__DUMMY__ 0.9116179467174729 off 0.049792969045529746 neg 0.03858908423699736	false	0.5
verdorbenheit	neg 1.0		__DUMMY__ 0.916679370220031 off 0.04166821122505294 neg 0.041652418554916096	false	0.5
trauma	neg 1.0		__DUMMY__ 0.915634120892763 off 0.0423898744733088 neg 0.04197600463392816	false	0.5
sinnlos	neg 1.0		__DUMMY__ 0.9160454126753788 off 0.04291989161070894 neg 0.04103469571391231	false	0.5
fettsack	off 1.0	off 1.0	off 0.5168931547343142 __DUMMY__ 0.4429888430243847 neg 0.04011800224130118	false	1.0
feige	off 1.0	off 1.0	off 0.5124238531662032 __DUMMY__ 0.44906323241282836 neg 0.038512914420968346	false	1.0
abdanken	neg 1.0		__DUMMY__ 0.9180886423832748 off 0.04117193042878418 neg 0.04073942718794101	false	0.5
wichtigtuer	off 1.0	off 1.0	off 0.5098315108189302 __DUMMY__ 0.4531918286381758 neg 0.03697666054289401	false	1.0
misslingen	neg 1.0	neg 1.0	neg 0.5018616448001239 __DUMMY__ 0.45987901060323155 off 0.0382593445966445	false	1.0
untreu	off 1.0		__DUMMY__ 0.9124183614779311 off 0.046422513618285165 neg 0.041159124903783734	false	1.0
missmutig	neg 1.0		__DUMMY__ 0.9144641372431851 off 0.04418991089188093 neg 0.04134595186493387	false	0.5
hurenbock	off 1.0		__DUMMY__ 0.9128851262600787 neg 0.046013992123439325 off 0.04110088161648204	false	0.5
betrunken	neg 1.0		__DUMMY__ 0.911337147481492 off 0.047746448758221836 neg 0.04091640376028607	false	0.5
korrupt	off 1.0		__DUMMY__ 0.9162990376939896 neg 0.043053941841586424 off 0.04064702046442402	false	0.5
unmut	neg 1.0		__DUMMY__ 0.9224938968356771 neg 0.04153303306619651 off 0.03597307009812645	false	1.0
hackfresse	off 1.0		__DUMMY__ 0.907060960488036 off 0.05256168985606299 neg 0.04037734965590104	false	1.0
aufblasen	neg 1.0		__DUMMY__ 0.9176958395953755 off 0.041298981176377106 neg 0.041005179228247465	false	0.5
gewaltsam	neg 1.0		__DUMMY__ 0.9181326564266424 neg 0.04096525745061785 off 0.04090208612273972	false	1.0
unbeliebtheit	neg 1.0		__DUMMY__ 0.913054928742582 off 0.046530702825427456 neg 0.04041436843199054	false	0.5
sturheit	neg 1.0		__DUMMY__ 0.9197853979189884 off 0.040744062072221365 neg 0.039470540008790286	false	0.5
kuh	neg 1.0		__DUMMY__ 0.9075877287973318 neg 0.048939346574277585 off 0.04347292462839064	false	1.0
erschrecken	neg 1.0		__DUMMY__ 0.9151623016999215 off 0.044566267213981214 neg 0.0402714310860973	false	0.5
opfer	neg 1.0		__DUMMY__ 0.922521990906609 neg 0.03900985194093538 off 0.03846815715245553	false	1.0
sinken	neg 1.0		__DUMMY__ 0.9209997007595256 neg 0.04270225863621093 off 0.03629804060426346	false	1.0
stinktier	neg 1.0		__DUMMY__ 0.9037319981651908 off 0.05076091456655255 neg 0.04550708726825662	false	0.5
tucke	off 1.0		__DUMMY__ 0.9011814015309533 off 0.054272667940976245 neg 0.04454593052807042	false	1.0
ein			__DUMMY__ 0.9164973296400623 neg 0.04324351558318923 off 0.04025915477674847	false	0.0
abstieg	neg 1.0		__DUMMY__ 0.9241558889462891 off 0.03951104580292702 neg 0.036333065250783836	false	0.5
missverstehen	neg 1.0		__DUMMY__ 0.9152765601927189 off 0.04371251302201382 neg 0.04101092678526734	false	0.5
ergebnislos	neg 1.0		__DUMMY__ 0.9226781963780891 neg 0.039098790901531046 off 0.03822301272037982	false	1.0
unter			__DUMMY__ 0.9298974992526747 neg 0.03908428226836757 off 0.031018218478957686	false	0.0
manipulieren	neg 1.0		__DUMMY__ 0.9225704244292053 neg 0.03964120421389403 off 0.03778837135690076	false	1.0
unbewiesen	neg 1.0	neg 1.0	neg 0.5070899764692589 __DUMMY__ 0.45410942997217685 off 0.038800593558564175	false	1.0
verschleppen	neg 1.0		__DUMMY__ 0.9191539681395999 neg 0.04164979251544568 off 0.039196239344954385	false	1.0
weib	off 1.0		__DUMMY__ 0.9031900527516346 off 0.054506233994347515 neg 0.042303713254017966	false	1.0
opposition	neg 1.0		__DUMMY__ 0.9145466344206303 neg 0.04304690022393195 off 0.04240646535543774	false	1.0
verkehrswidrig	neg 1.0	neg 1.0	neg 0.5031286475528761 __DUMMY__ 0.4516804470295524 off 0.045190905417571384	false	1.0
inkorrekt	neg 1.0		__DUMMY__ 0.9099432434541719 off 0.04896471424787036 neg 0.04109204229795772	false	0.5
vermeiden	neg 1.0		__DUMMY__ 0.9257962357106859 neg 0.04039153649752434 off 0.03381222779178978	false	1.0
abweichung	neg 1.0	neg 1.0	neg 0.5042344908652548 __DUMMY__ 0.4599803039681466 off 0.035785205166598444	false	1.0
alkoholisiert	neg 1.0		__DUMMY__ 0.9255195330355291 neg 0.03824084301324464 off 0.036239623951226214	false	1.0
scheiss	off 1.0	off 1.0	off 0.5127860844647936 __DUMMY__ 0.44844693522993145 neg 0.03876698030527505	false	1.0
herausforderung	neg 1.0		__DUMMY__ 0.9210115747631871 neg 0.03977566557534212 off 0.03921275966147085	false	1.0
pervers	off 1.0		__DUMMY__ 0.9022802222428943 off 0.05642678686117455 neg 0.04129299089593121	false	1.0
wackelig	neg 1.0		__DUMMY__ 0.9213818510348344 neg 0.0399168391243047 off 0.038701309840860905	false	1.0
verwickeln	neg 1.0		__DUMMY__ 0.9156022400151409 off 0.04300587429089597 neg 0.04139188569396311	false	0.5
vorwand	neg 1.0		__DUMMY__ 0.9218071783261944 neg 0.041615298995019735 off 0.03657752267878586	false	1.0
muschi	off 1.0		__DUMMY__ 0.9186102244401093 neg 0.04073819264522656 off 0.0406515829146641	false	0.5
entmutigung	neg 1.0		__DUMMY__ 0.9135725330669069 off 0.043753991157317616 neg 0.04267347577577548	false	0.5
unangemessen	neg 1.0		__DUMMY__ 0.9192910866971001 off 0.04042586748711043 neg 0.04028304581578943	false	0.5
unstetig	neg 1.0		__DUMMY__ 0.9151378168406703 off 0.04437153430517396 neg 0.04049064885415573	false	0.5
entmutigen	neg 1.0		__DUMMY__ 0.9172618410915069 off 0.0420055554140697 neg 0.0407326034944234	false	0.5
schwanz	neg 1.0		__DUMMY__ 0.9191732741303447 neg 0.04215457769048512 off 0.03867214817917024	false	1.0
verbot	neg 1.0		__DUMMY__ 0.9167032484120219 neg 0.04297077168162026 off 0.04032597990635784	false	1.0
leid	neg 1.0		__DUMMY__ 0.9088519283021157 off 0.05001822098609144 neg 0.0411298507117928	false	0.5
archaisch	neg 1.0		__DUMMY__ 0.9178608069573245 neg 0.04203574968327277 off 0.040103443359402614	false	1.0
gegen			__DUMMY__ 0.9243039064925245 neg 0.03926139004722146 off 0.036434703460254056	false	0.0
scheidung	neg 1.0		__DUMMY__ 0.9052916528179651 off 0.05948698947672304 neg 0.03522135770531188	false	0.5
einschlag	neg 1.0		__DUMMY__ 0.9133759955300581 off 0.0488961569868994 neg 0.03772784748304249	false	0.5
m			__DUMMY__ 0.9198561397709736 neg 0.040927195901067664 off 0.03921666432795865	false	0.0
abgestanden	neg 1.0		__DUMMY__ 0.911650084337631 neg 0.04772780092059684 off 0.04062211474177221	false	1.0
schmierig	off 1.0		__DUMMY__ 0.909233531748112 off 0.04984286388070023 neg 0.040923604371187874	false	1.0
unpraktisch	neg 1.0		__DUMMY__ 0.9179414278382174 off 0.04201159208898413 neg 0.040046980072798465	false	0.5
wixxer	off 1.0		__DUMMY__ 0.9004495258480588 off 0.0567928969069793 neg 0.04275757724496189	false	1.0
bezeichnet			__DUMMY__ 0.918074997736907 off 0.04160705172185204 neg 0.04031795054124099	false	0.0
jammerlappen	off 1.0		__DUMMY__ 0.913736086458054 off 0.045636479842134495 neg 0.04062743369981145	false	1.0
farce	neg 1.0		__DUMMY__ 0.9153934408809623 neg 0.04295313651546333 off 0.04165342260357436	false	1.0
zwecklos	neg 1.0		__DUMMY__ 0.9187579315023839 neg 0.041614098692942796 off 0.03962796980467327	false	1.0
turbulent	neg 1.0		__DUMMY__ 0.9118993084797057 off 0.04723819923383 neg 0.0408624922864643	false	0.5
invasion	neg 1.0		__DUMMY__ 0.9156530202508776 off 0.043408106666914414 neg 0.04093887308220791	false	0.5
schuld	neg 1.0		__DUMMY__ 0.9166376776345342 off 0.04241279040246316 neg 0.04094953196300261	false	0.5
risiko	neg 1.0		__DUMMY__ 0.9136408451473336 neg 0.04324474592062119 off 0.04311440893204523	false	1.0
finster	neg 1.0		__DUMMY__ 0.9164821820837434 neg 0.043195341797521866 off 0.04032247611873476	false	1.0
geisteskrank	off 1.0		__DUMMY__ 0.9111001122897293 off 0.047863406037176835 neg 0.04103648167309387	false	1.0
zusammenbrechen	neg 1.0		__DUMMY__ 0.9185248201567897 neg 0.041737192377368594 off 0.039737987465841604	false	1.0
ausbeute	neg 1.0		__DUMMY__ 0.9218734168719102 off 0.03988530909115509 neg 0.03824127403693468	false	0.5
hinterhalt	neg 1.0		__DUMMY__ 0.9182836466391328 neg 0.04199643392952076 off 0.03971991943134653	false	1.0
kritik	neg 1.0		__DUMMY__ 0.9153308927010929 neg 0.04320870287694437 off 0.04146040442196273	false	1.0
einschrumpfen	neg 1.0		__DUMMY__ 0.9104963310910911 off 0.04577814677636993 neg 0.04372552213253895	false	0.5
riskant	neg 1.0		__DUMMY__ 0.9201363599649492 neg 0.04227205884870445 off 0.037591581186346354	false	1.0
frustrieren	neg 1.0		__DUMMY__ 0.9188021519518336 neg 0.04282323341151278 off 0.03837461463665362	false	1.0
groll	neg 1.0		__DUMMY__ 0.9201575702028324 neg 0.040077926220435295 off 0.03976450357673235	false	1.0
gibt			__DUMMY__ 0.9198232185942693 neg 0.04077476721003284 off 0.03940201419569786	false	0.0
qualvoll	neg 1.0		__DUMMY__ 0.9160576443327064 off 0.04288893854659835 neg 0.04105341712069524	false	0.5
wackeln	neg 1.0		__DUMMY__ 0.9182364898168383 off 0.04092489781564961 neg 0.04083861236751215	false	0.5
klagen	neg 1.0		__DUMMY__ 0.9209577976448873 neg 0.04218733563211929 off 0.03685486672299336	false	1.0
bankrott	neg 1.0		__DUMMY__ 0.9155529477393425 off 0.044832416625099035 neg 0.039614635635558566	false	0.5
trauern	neg 1.0		__DUMMY__ 0.9251788486917875 off 0.037454401185102515 neg 0.03736675012311003	false	0.5
ablehnung	neg 1.0		__DUMMY__ 0.91629628499291 neg 0.04275546629720728 off 0.04094824870988266	false	1.0
stur	neg 1.0		__DUMMY__ 0.9158142031173017 off 0.042387556694794055 neg 0.04179824018790431	false	0.5
aufruhr	neg 1.0	neg 1.0	neg 0.507397179331 __DUMMY__ 0.45483571772848647 off 0.03776710294051338	false	1.0
melancholie	neg 1.0		__DUMMY__ 0.9196727939809183 neg 0.04355171921338861 off 0.03677548680569312	false	1.0
ist			__DUMMY__ 0.9164402541774392 off 0.04271389202936324 neg 0.04084585379319761	false	0.0
torheit	neg 1.0		__DUMMY__ 0.9167618773605816 off 0.042544896726643154 neg 0.04069322591277527	false	0.5
dreckskind	off 1.0		__DUMMY__ 0.9049875668970393 off 0.05366405710407799 neg 0.04134837599888279	false	1.0
umtauschen	neg 1.0		__DUMMY__ 0.9180510896814078 neg 0.041806890870603096 off 0.040142019447989064	false	1.0
zum			__DUMMY__ 0.9303201644466111 neg 0.03586104264188271 off 0.033818792911506176	false	0.0
zersetzen	neg 1.0		__DUMMY__ 0.9197304780870789 neg 0.042728813897092995 off 0.03754070801582808	false	1.0
zur			__DUMMY__ 0.9257777721933999 neg 0.040037019626827514 off 0.03418520817977258	false	0.0
frust	neg 1.0		__DUMMY__ 0.919214043376784 neg 0.041188116467104324 off 0.039597840156111605	false	1.0
unerbittlichkeit	neg 1.0		__DUMMY__ 0.9211586251419359 neg 0.04066037632460212 off 0.03818099853346197	false	1.0
zwei			__DUMMY__ 0.9267271281956886 neg 0.03982468373829605 off 0.03344818806601537	false	0.0
unkorrekt	neg 1.0		__DUMMY__ 0.9104974703182367 off 0.04765561280973103 neg 0.041846916872032264	false	0.5
hexe	off 1.0		__DUMMY__ 0.9113462055012314 off 0.04493365929232849 neg 0.043720135206440094	false	1.0
lasch	neg 1.0		__DUMMY__ 0.9144882439040808 off 0.04499026844835239 neg 0.040521487647566745	false	0.5
rivale	neg 1.0		__DUMMY__ 0.9109505361467832 off 0.04870473528241703 neg 0.04034472857079977	false	0.5
mutlos	off 1.0	off 1.0	off 0.505776884603709 __DUMMY__ 0.4566179820001277 neg 0.03760513339616347	false	1.0
wirr	off 1.0		__DUMMY__ 0.9097036827222805 off 0.04935300625986983 neg 0.04094331101784972	false	1.0
jahr			__DUMMY__ 0.9265945013927113 off 0.037021717605160986 neg 0.036383781002127816	false	0.0
wird			__DUMMY__ 0.92049356749545 neg 0.04072538331851752 off 0.03878104918603253	false	0.0
strafbar	neg 1.0		__DUMMY__ 0.9210398542323621 neg 0.0408711734522521 off 0.0380889723153858	false	1.0
erosion	neg 1.0		__DUMMY__ 0.917656512841857 off 0.041203350160116795 neg 0.041140136998026225	false	0.5
eingehen	neg 1.0		__DUMMY__ 0.9192104432035291 neg 0.04252029846797495 off 0.038269258328495856	false	1.0
faul	off 1.0		__DUMMY__ 0.9144810411532767 off 0.044470791382841 neg 0.04104816746388234	false	1.0
provisorium	neg 1.0		__DUMMY__ 0.9304255959810451 neg 0.038637539017464126 off 0.03093686500149072	false	1.0
schmerzen	neg 1.0		__DUMMY__ 0.9180551144018877 neg 0.04228336867544582 off 0.03966151692266652	false	1.0
schrumpfen	neg 1.0		__DUMMY__ 0.9223388195997988 neg 0.04324744136733265 off 0.03441373903286854	false	1.0
geistlos	off 1.0		__DUMMY__ 0.9132374557290577 off 0.04415926885890081 neg 0.042603275412041494	false	1.0
fehlkauf	neg 1.0		__DUMMY__ 0.9140493230745148 off 0.04344795089820058 neg 0.04250272602728461	false	0.5
frustrierend	neg 1.0		__DUMMY__ 0.9145633068044449 off 0.0445660859900322 neg 0.04087060720552289	false	0.5
unzufrieden	neg 1.0		__DUMMY__ 0.9191034644470101 neg 0.04143293648442432 off 0.039463599068565655	false	1.0
verzweifeln	neg 1.0		__DUMMY__ 0.9189224175937235 neg 0.04061988739592554 off 0.040457695010350944	false	1.0
verzweifelt	neg 1.0		__DUMMY__ 0.9164651060247585 off 0.04245342395301859 neg 0.04108147002222293	false	0.5
misstrauensantrag	neg 1.0		__DUMMY__ 0.9159683979114945 off 0.042776554280925264 neg 0.04125504780758017	false	0.5
abfallen	neg 1.0		__DUMMY__ 0.9173303309312921 neg 0.041690013356168044 off 0.04097965571253986	false	1.0
fucker	off 1.0		__DUMMY__ 0.9115632033716273 off 0.04853725412218148 neg 0.03989954250619112	false	1.0
ungezogen	neg 1.0		__DUMMY__ 0.9047731544245573 off 0.05437550205309809 neg 0.0408513435223446	false	0.5
irrsinnig	neg 1.0	neg 1.0	neg 0.5079879915517297 __DUMMY__ 0.4535944604173152 off 0.038417548030955	false	1.0
unfassbar	neg 1.0		__DUMMY__ 0.9132762636828786 off 0.046341082427216025 neg 0.040382653889905404	false	0.5
hart	neg 1.0		__DUMMY__ 0.9079394438822921 off 0.046368222996459374 neg 0.045692333121248443	false	0.5
widerlich	off 1.0		__DUMMY__ 0.9120796137117367 off 0.04682871784850012 neg 0.04109166843976318	false	1.0
fatal	neg 1.0	neg 1.0	neg 0.5103537225884004 __DUMMY__ 0.4498499581633841 off 0.03979631924821542	false	1.0
bruch	neg 1.0		__DUMMY__ 0.9252317545578008 neg 0.039112648228878846 off 0.03565559721332037	false	1.0
aushungern	neg 1.0		__DUMMY__ 0.9162790174969399 neg 0.04314704193234457 off 0.04057394057071558	false	1.0
anspannung	neg 1.0		__DUMMY__ 0.9278351478644203 neg 0.038394551621796384 off 0.03377030051378331	false	1.0
von			__DUMMY__ 0.9227866114634399 neg 0.040692907215583066 off 0.03652048132097703	false	0.0
kraftlos	neg 1.0		__DUMMY__ 0.9202863155441362 neg 0.04092476424656127 off 0.03878892020930256	false	1.0
vom			__DUMMY__ 0.9321882543785707 neg 0.03660616367084014 off 0.031205581950589117	false	0.0
grenzdebil	off 1.0		__DUMMY__ 0.9119404895016847 off 0.04656602271560022 neg 0.04149348778271502	false	1.0
vor			__DUMMY__ 0.9233415772830544 neg 0.04088280842055926 off 0.03577561429638633	false	0.0
unterwerfen	neg 1.0		__DUMMY__ 0.920585130111508 neg 0.04084278873172539 off 0.03857208115676661	false	1.0
versenkung	neg 1.0		__DUMMY__ 0.9210133646027148 neg 0.04073959730552437 off 0.03824703809176082	false	1.0
entziehen	neg 1.0		__DUMMY__ 0.9218577195198233 neg 0.041598289485601174 off 0.03654399099457551	false	1.0
finanzkrise	neg 1.0		__DUMMY__ 0.9116292983924574 neg 0.04720502365454467 off 0.04116567795299787	false	1.0
schimpfend	neg 1.0		__DUMMY__ 0.9189793206487066 off 0.04135193654906787 neg 0.03966874280222556	false	0.5
profan	neg 1.0		__DUMMY__ 0.9155417004492552 off 0.043222055257215015 neg 0.04123624429352974	false	0.5
korruption	neg 1.0		__DUMMY__ 0.9169502122026435 neg 0.043120837390505255 off 0.03992895040685123	false	1.0
â			__DUMMY__ 0.919501766087765 neg 0.04181640123576771 off 0.038681832676467263	false	0.0
schmutzig	neg 1.0		__DUMMY__ 0.9125440231958628 off 0.04670493696087077 neg 0.040751039843266376	false	0.5
sexy	neg 1.0		__DUMMY__ 0.915368469742413 off 0.04443979597785974 neg 0.04019173427972719	false	0.5
abraten	neg 1.0		__DUMMY__ 0.9168196129692179 off 0.04272292305419599 neg 0.040457463976586214	false	0.5
schwarz	neg 1.0		__DUMMY__ 0.915881227193999 off 0.04314356582505385 neg 0.0409752069809471	false	0.5
fotze	off 1.0	off 1.0	off 0.5059316389373962 __DUMMY__ 0.45638529557679386 neg 0.03768306548580989	false	1.0
verwirren	neg 1.0		__DUMMY__ 0.9157996466720496 off 0.043493644191638293 neg 0.04070670913631213	false	0.5
zahnlos	off 1.0		__DUMMY__ 0.9183538911443012 neg 0.04133258083269475 off 0.04031352802300392	false	0.5
verheeren	neg 1.0		__DUMMY__ 0.9048323481988049 off 0.05579748652656711 neg 0.039370165274628006	false	0.5
hippie	neg 1.0		__DUMMY__ 0.9148932341241877 off 0.04425587109290865 neg 0.040850894782903734	false	0.5
rammen	neg 1.0		__DUMMY__ 0.9179755238118281 off 0.04112459848815069 neg 0.04089987770002117	false	0.5
unlauter	neg 1.0		__DUMMY__ 0.9148370506836854 off 0.043119141075772055 neg 0.04204380824054258	false	0.5
unheilvoll	neg 1.0		__DUMMY__ 0.9163724866443271 off 0.041849512906935046 neg 0.041778000448737904	false	0.5
niedrig	neg 1.0		__DUMMY__ 0.9181092881204012 neg 0.04329560196507027 off 0.03859510991452856	false	1.0
explosion	neg 1.0		__DUMMY__ 0.9154432014931261 off 0.04403687201694534 neg 0.04051992648992857	false	0.5
weichei	off 1.0	off 1.0	off 0.5164169570386048 __DUMMY__ 0.445008697089705 neg 0.038574345871690216	false	1.0
minusmensch	off 1.0		__DUMMY__ 0.9033506697328163 off 0.0558438274181527 neg 0.040805502849030964	false	1.0
farblos	neg 1.0		__DUMMY__ 0.9155851464730996 neg 0.04274984502656923 off 0.04166500850033124	false	1.0
unwissend	neg 1.0	neg 1.0	neg 0.5084084781114919 __DUMMY__ 0.4502401272655868 off 0.04135139462292137	false	1.0
traurig	neg 1.0		__DUMMY__ 0.9108702566365307 off 0.048449332613773544 neg 0.04068041074969574	false	0.5
senkung	neg 1.0		__DUMMY__ 0.9115686832688511 neg 0.04474757411614378 off 0.04368374261500519	false	1.0
ungleich	neg 1.0	neg 1.0	neg 0.5075635257602801 __DUMMY__ 0.45721238752635096 off 0.03522408671336903	false	1.0
heikel	neg 1.0		__DUMMY__ 0.920914896377988 neg 0.041388777682810206 off 0.037696325939201775	false	1.0
drosselung	neg 1.0		__DUMMY__ 0.9085392643272334 off 0.04660392901849844 neg 0.044856806654268146	false	0.5
falsch	neg 1.0		__DUMMY__ 0.9150301289172817 off 0.04460349529585896 neg 0.0403663757868593	false	0.5
unzufriedenheit	neg 1.0		__DUMMY__ 0.9191553981424023 neg 0.043151272179137994 off 0.037693329678459786	false	1.0
kurz	neg 1.0		__DUMMY__ 0.9209411112754499 neg 0.03988841267819557 off 0.03917047604635464	false	1.0
unsinnig	neg 1.0		__DUMMY__ 0.9164122433654727 neg 0.04287889009501851 off 0.040708866539508747	false	1.0
penner	off 1.0	off 1.0	off 0.517976662751928 __DUMMY__ 0.4443938947569884 neg 0.03762944249108361	false	1.0
seicht	neg 1.0		__DUMMY__ 0.902598456724074 off 0.054117170000394794 neg 0.04328437327553117	false	0.5
dummheit	off 1.0	off 1.0	off 0.5100398354293225 __DUMMY__ 0.4512519799787736 neg 0.03870818459190383	false	1.0
unerfreulich	neg 1.0		__DUMMY__ 0.9214629977241773 neg 0.04115718010278643 off 0.037379822173036294	false	1.0
motherfucker	off 1.0	off 1.0	off 0.5138801792029518 __DUMMY__ 0.4490469880231419 neg 0.037072832773906265	false	1.0
pikiert	neg 1.0	neg 1.0	neg 0.5084315077739302 __DUMMY__ 0.44976939476073036 off 0.041799097465339455	false	1.0
wrack	neg 1.0		__DUMMY__ 0.9260042524425938 off 0.03899310663223057 neg 0.035002640925175646	false	0.5
gangster	neg 1.0		__DUMMY__ 0.9146597554390683 off 0.04438435795025754 neg 0.04095588661067421	false	0.5
krank	neg 1.0	neg 1.0	neg 0.506306843928819 __DUMMY__ 0.45150876886932145 off 0.042184387201859616	false	1.0
reich	neg 1.0		__DUMMY__ 0.9118907875160007 off 0.04475520562776069 neg 0.043354006856238615	false	0.5
gnadenlos	neg 1.0		__DUMMY__ 0.9176129972925877 off 0.042208644701699966 neg 0.04017835800571228	false	0.5
niedergeschlagen	neg 1.0		__DUMMY__ 0.9207480220043582 neg 0.04028807618711921 off 0.038963901808522515	false	1.0
terrorisieren	off 1.0	off 1.0	off 0.50482942048618 __DUMMY__ 0.4579252519906327 neg 0.03724532752318728	false	1.0
sinnlosigkeit	neg 1.0		__DUMMY__ 0.919130523803913 neg 0.04103441743332575 off 0.039835058762761236	false	1.0
behindern	neg 1.0		__DUMMY__ 0.9168573648502881 neg 0.042270705827429686 off 0.04087192932228214	false	1.0
undemokratisch	neg 1.0		__DUMMY__ 0.9147521669331874 off 0.04363813206045783 neg 0.04160970100635472	false	0.5
wirtschaftskrise	neg 1.0		__DUMMY__ 0.915255302032805 neg 0.04513560132443491 off 0.03960909664276008	false	1.0
neid	neg 1.0		__DUMMY__ 0.9152078056230525 off 0.043832432425423146 neg 0.040959761951524364	false	0.5
rutschen	neg 1.0		__DUMMY__ 0.9267016103533662 neg 0.040108466083099904 off 0.03318992356353392	false	1.0
rezession	neg 1.0		__DUMMY__ 0.9058643374687976 off 0.049004280403303395 neg 0.04513138212789913	false	0.5
fehlgeburt	neg 1.0		__DUMMY__ 0.9200859041298988 off 0.04103020875862168 neg 0.03888388711147949	false	0.5
charakterschwach	off 1.0		__DUMMY__ 0.9119680231763703 off 0.04651593778801893 neg 0.0415160390356109	false	1.0
isolation	neg 1.0		__DUMMY__ 0.9158377887497464 off 0.044431778696283765 neg 0.039730432553969755	false	0.5
ablenkung	neg 1.0		__DUMMY__ 0.9192435176550964 off 0.040903762853600464 neg 0.039852719491303215	false	0.5
pech	neg 1.0		__DUMMY__ 0.9149812616925622 off 0.044404897155320956 neg 0.0406138411521168	false	0.5
vermeidung	neg 1.0		__DUMMY__ 0.9115802174402964 off 0.04643573050838777 neg 0.041984052051315814	false	0.5
dominieren	neg 1.0		__DUMMY__ 0.9202340178809921 off 0.04000060345214297 neg 0.03976537866686489	false	0.5
schwindlig	neg 1.0		__DUMMY__ 0.915969431000753 off 0.042350256169987235 neg 0.041680312829259665	false	0.5
lutscher	neg 1.0	neg 1.0	neg 0.5091780297568886 __DUMMY__ 0.4404742566498297 off 0.050347713593281676	false	1.0
pflicht	neg 1.0		__DUMMY__ 0.923232859766071 neg 0.04007292687462952 off 0.03669421335929956	false	1.0
faschist	off 1.0		__DUMMY__ 0.914629229970933 off 0.044823364525866535 neg 0.04054740550320038	false	1.0
verschleudern	neg 1.0		__DUMMY__ 0.9165343241337296 neg 0.04498684584734513 off 0.03847883001892521	false	1.0
wenn			__DUMMY__ 0.9138225083683448 off 0.04538066736881049 neg 0.04079682426284475	false	0.0
ehebruch	neg 1.0		__DUMMY__ 0.9195484484305317 neg 0.041337280753119925 off 0.03911427081634844	false	1.0
spott	off 1.0		__DUMMY__ 0.9208581561295656 neg 0.040171764697821404 off 0.038970079172613005	false	0.5
trostlosigkeit	neg 1.0		__DUMMY__ 0.9198343619932077 neg 0.043568194801858404 off 0.036597443204934015	false	1.0
lutschen	neg 1.0		__DUMMY__ 0.9138097042754546 off 0.04473518063249694 neg 0.0414551150920485	false	0.5
undiszipliniert	neg 1.0		__DUMMY__ 0.9118251121193747 off 0.04777661876241111 neg 0.04039826911821412	false	0.5
kopfschmerz	neg 1.0		__DUMMY__ 0.9181187307385654 neg 0.043859870162391575 off 0.038021399099043056	false	1.0
unvorhergesehen	neg 1.0		__DUMMY__ 0.9234376855146278 neg 0.04048124595249701 off 0.03608106853287511	false	1.0
desinteressiert	neg 1.0		__DUMMY__ 0.9114624010535791 off 0.04735377105194158 neg 0.041183827894479226	false	0.5
armselig	off 1.0		__DUMMY__ 0.9100941171383056 off 0.04942109243711551 neg 0.040484790424578976	false	1.0
desaster	neg 1.0		__DUMMY__ 0.9213811552374325 neg 0.04234515619994931 off 0.0362736885626181	false	1.0
tod	neg 1.0		__DUMMY__ 0.9223750935383762 neg 0.03985362603023111 off 0.03777128043139279	false	1.0
herzlos	neg 1.0		__DUMMY__ 0.9103306714478259 off 0.048831154509721586 neg 0.04083817404245248	false	0.5
unwissenheit	neg 1.0		__DUMMY__ 0.9187623712224134 neg 0.041698735517626706 off 0.039538893259959816	false	1.0
widersinnig	neg 1.0		__DUMMY__ 0.9158313460708426 neg 0.04323838834173929 off 0.04093026558741807	false	1.0
bedenklich	neg 1.0		__DUMMY__ 0.9187549277571253 neg 0.042403505696515055 off 0.03884156654635964	false	1.0
beanstanden	neg 1.0		__DUMMY__ 0.9231048474416111 neg 0.039726912477796465 off 0.037168240080592364	false	1.0
panisch	neg 1.0		__DUMMY__ 0.9179712108034161 off 0.04249846005620136 neg 0.03953032914038247	false	0.5
debil	off 1.0		__DUMMY__ 0.9267476405446674 neg 0.041905604947324704 off 0.031346754508007856	false	0.5
abstrich	neg 1.0		__DUMMY__ 0.9176563179777508 neg 0.04352579081356102 off 0.038817891208688095	false	1.0
primitiv	neg 1.0		__DUMMY__ 0.9118183876447417 off 0.04759047498199375 neg 0.0405911373732646	false	0.5
abschaum	off 1.0	off 1.0	off 0.5121607248071219 __DUMMY__ 0.4518151080187103 neg 0.036024167174167766	false	1.0
provozieren	neg 1.0		__DUMMY__ 0.9162176033192811 off 0.042220078372378754 neg 0.04156231830834007	false	0.5
tot	neg 1.0		__DUMMY__ 0.9183834033042876 neg 0.04272705357751276 off 0.03888954311819972	false	1.0
instabil	neg 1.0		__DUMMY__ 0.9097074926660349 off 0.049645602759608526 neg 0.040646904574356546	false	0.5
schwuchtel	off 1.0	off 1.0	off 0.5238626472456734 __DUMMY__ 0.4377509335316872 neg 0.03838641922263934	false	1.0
zerren	neg 1.0		__DUMMY__ 0.920887781896353 neg 0.04004702337118527 off 0.03906519473246177	false	1.0
kinderficker	off 1.0		__DUMMY__ 0.9079091168401306 off 0.05140861703248322 neg 0.0406822661273862	false	1.0
gefahr	neg 1.0		__DUMMY__ 0.9223556403906259 neg 0.04059685321481594 off 0.03704750639455812	false	1.0
rabiat	neg 1.0		__DUMMY__ 0.9169477326852759 neg 0.04236173364324374 off 0.040690533671480345	false	1.0
verlangsamung	neg 1.0		__DUMMY__ 0.9063643803623335 off 0.052948942388259375 neg 0.04068667724940717	false	0.5
ausgestorben	neg 1.0		__DUMMY__ 0.9189781027224131 neg 0.04074818912959433 off 0.04027370814799252	false	1.0
anklagen	neg 1.0		__DUMMY__ 0.9188504572073513 neg 0.04104444508756973 off 0.04010509770507897	false	1.0
trott	neg 1.0		__DUMMY__ 0.9176657892420327 neg 0.04124444471879522 off 0.04108976603917206	false	1.0
verminderung	neg 1.0		__DUMMY__ 0.9121466030119991 off 0.04640899969169527 neg 0.0414443972963055	false	0.5
nach			__DUMMY__ 0.9287659137550028 neg 0.03904338252271937 off 0.03219070372227787	false	0.0
rost	neg 1.0		__DUMMY__ 0.9088588723797777 off 0.05370238071580292 neg 0.03743874690441942	false	0.5
destruktiv	neg 1.0		__DUMMY__ 0.9170291475232882 neg 0.04166959196704199 off 0.04130126050966977	false	1.0
unzumutbarkeit	neg 1.0		__DUMMY__ 0.9130322248225865 off 0.04645438300898311 neg 0.04051339216843036	false	0.5
labil	off 1.0	off 1.0	off 0.5116235735038982 __DUMMY__ 0.45058429328829963 neg 0.03779213320780211	false	1.0
ziemlich	neg 1.0		__DUMMY__ 0.9141363729561198 off 0.04600852441235044 neg 0.039855102631529755	false	0.5
lachnummer	off 1.0		__DUMMY__ 0.91797901439031 off 0.041964032871923865 neg 0.04005695273776613	false	1.0
oder			__DUMMY__ 0.9188726137173523 off 0.04144506631703183 neg 0.03968231996561586	false	0.0
verfall	neg 1.0		__DUMMY__ 0.9218328745720127 neg 0.04371670818830455 off 0.034450417239682805	false	1.0
ausgrenzung	neg 1.0		__DUMMY__ 0.9145315343390062 off 0.043509607555244086 neg 0.041958858105749654	false	0.5
unordnung	neg 1.0		__DUMMY__ 0.9086233529468901 off 0.04979186941523668 neg 0.04158477763787326	false	0.5
fehlverhalten	neg 1.0		__DUMMY__ 0.9207394078041344 neg 0.041063720543507036 off 0.03819687165235855	false	1.0
eine			__DUMMY__ 0.9223497694208685 neg 0.04144860064030682 off 0.036201629938824725	false	0.0
nille	neg 1.0		__DUMMY__ 0.9173393426699378 off 0.04161360999608341 neg 0.041047047333978834	false	0.5
qual	neg 1.0		__DUMMY__ 0.917506381950365 neg 0.04165021400541719 off 0.04084340404421781	false	1.0
verschwenden	neg 1.0		__DUMMY__ 0.9191931734630702 neg 0.04308335969170398 off 0.037723466845225866	false	1.0
riesig	neg 1.0		__DUMMY__ 0.9216285473939705 neg 0.04073806874602656 off 0.03763338386000301	false	1.0
verurteilen	neg 1.0		__DUMMY__ 0.918411150476772 neg 0.04156235026843532 off 0.040026499254792694	false	1.0
klischee	neg 1.0	neg 1.0	neg 0.5082821821056555 __DUMMY__ 0.4508897686649624 off 0.040828049229382206	false	1.0
diktatorisch	neg 1.0		__DUMMY__ 0.9140061959461917 off 0.043755077803233906 neg 0.0422387262505744	false	0.5
vorhersehbar	neg 1.0		__DUMMY__ 0.9136481746670179 off 0.044116476809086355 neg 0.04223534852389568	false	0.5
sowie			__DUMMY__ 0.9061490156172513 off 0.0507471266150301 neg 0.04310385776771868	false	0.0
stornieren	neg 1.0		__DUMMY__ 0.9201604212100668 off 0.04340136848427999 neg 0.036438210305653154	false	0.5
besteuerung	neg 1.0	neg 1.0	neg 0.5119480064668901 __DUMMY__ 0.44980226377795046 off 0.03824972975515953	false	1.0
ungeschminkt	neg 1.0		__DUMMY__ 0.9114768865132954 off 0.04707123752738182 neg 0.0414518759593228	false	0.5
kritisch	neg 1.0		__DUMMY__ 0.9193519056709586 neg 0.04100265920537802 off 0.0396454351236634	false	1.0
schlamperei	off 1.0		__DUMMY__ 0.9197256498520566 neg 0.04178101473715778 off 0.03849333541078556	false	0.5
sucht	neg 1.0	neg 1.0	neg 0.5059720906705022 __DUMMY__ 0.4559721779466724 off 0.038055731382825315	false	1.0
egoistisch	off 1.0	off 1.0	off 0.5163277787324616 __DUMMY__ 0.4470410951307268 neg 0.03663112613681146	false	1.0
ausbeuter	off 1.0		__DUMMY__ 0.918422024455864 neg 0.04353790586952863 off 0.0380400696746073	false	0.5
arschgeburt	off 1.0		__DUMMY__ 0.8989089080597085 off 0.0592321195507073 neg 0.041858972389584324	false	1.0
schubs	neg 1.0		__DUMMY__ 0.9183056184331821 neg 0.04359916867400637 off 0.03809521289281143	false	1.0
unsolide	neg 1.0		__DUMMY__ 0.916276447466618 off 0.04395938526473161 neg 0.03976416726865042	false	0.5
beschwerde	neg 1.0		__DUMMY__ 0.9195827641628249 neg 0.04060164423075873 off 0.03981559160641633	false	1.0
stocken	neg 1.0		__DUMMY__ 0.9200522813580592 neg 0.041060603315467605 off 0.0388871153264733	false	1.0
isolieren	neg 1.0		__DUMMY__ 0.9181230518827311 neg 0.042090741656686914 off 0.039786206460582015	false	1.0
unheilbar	neg 1.0		__DUMMY__ 0.9181862558492503 off 0.04157961553015747 neg 0.04023412862059224	false	0.5
pisser	off 1.0	off 1.0	off 0.5142973144801023 __DUMMY__ 0.4482806911371617 neg 0.03742199438273608	false	1.0
löschen	neg 1.0		__DUMMY__ 0.9162980159717552 neg 0.04196492694278107 off 0.04173705708546368	false	1.0
durchfallen	neg 1.0		__DUMMY__ 0.9198076491850026 neg 0.04088040572008024 off 0.0393119450949172	false	1.0
wichser	off 1.0	off 1.0	off 0.5204810947018045 __DUMMY__ 0.4421348941830961 neg 0.03738401111509944	false	1.0
terror	neg 1.0		__DUMMY__ 0.9151482106371005 off 0.04383529252412091 neg 0.04101649683877858	false	0.5
krass	neg 1.0		__DUMMY__ 0.9091756821556278 off 0.04988901863601319 neg 0.040935299208358956	false	0.5
revolte	neg 1.0		__DUMMY__ 0.9110589404936368 off 0.04492494694132298 neg 0.044016112565040115	false	0.5
besorgt	neg 1.0		__DUMMY__ 0.9215894435889638 off 0.03950288582625749 neg 0.03890767058477875	false	0.5
nachlassen	neg 1.0		__DUMMY__ 0.9217078632848104 neg 0.03978753503393567 off 0.038504601681253976	false	1.0
alt	neg 1.0		__DUMMY__ 0.9152259669603777 neg 0.046974494069872676 off 0.03779953896974957	false	1.0
hundesohn	off 1.0	off 1.0	off 0.5199708444250982 __DUMMY__ 0.4419987791145426 neg 0.038030376460359096	false	1.0
als			__DUMMY__ 0.9187391139045229 neg 0.04162050928788862 off 0.03964037680758841	false	0.0
abschreckung	neg 1.0		__DUMMY__ 0.9204721919081924 neg 0.041993698481785115 off 0.037534109610022584	false	1.0
unqualifiziert	neg 1.0		__DUMMY__ 0.9142893780702656 off 0.04530062036143873 neg 0.04041000156829566	false	0.5
abgewichst	off 1.0		__DUMMY__ 0.9185656461128263 off 0.040871472384003016 neg 0.0405628815031707	false	1.0
schwer	neg 1.0		__DUMMY__ 0.9186334599764012 off 0.04086506918962683 neg 0.040501470833971986	false	0.5
bedeutungslosigkeit	neg 1.0		__DUMMY__ 0.9203325781345486 neg 0.04172286968935028 off 0.03794455217610104	false	1.0
kapitulation	neg 1.0		__DUMMY__ 0.9171984278691331 neg 0.043339501805085584 off 0.039462070325781445	false	1.0
unscharf	neg 1.0		__DUMMY__ 0.9130636418801297 neg 0.04443687971158496 off 0.04249947840828543	false	1.0
schwinden	neg 1.0		__DUMMY__ 0.9194200580044698 neg 0.04258731776693312 off 0.03799262422859711	false	1.0
versklavung	neg 1.0	neg 1.0	neg 0.5096570218115161 __DUMMY__ 0.45108921494216064 off 0.039253763246323264	false	1.0
schlecht	neg 1.0		__DUMMY__ 0.9141951954835863 off 0.04618993181212139 neg 0.03961487270429228	false	0.5
verhasst	neg 1.0		__DUMMY__ 0.915192578687111 off 0.04282912032156405 neg 0.04197830099132497	false	0.5
beschweren	neg 1.0		__DUMMY__ 0.9171058783378453 off 0.042934486202977656 neg 0.03995963545917705	false	0.5
scheiden	neg 1.0		__DUMMY__ 0.9186596266334351 off 0.040887789333025316 neg 0.04045258403353948	false	0.5
frustriert	neg 1.0		__DUMMY__ 0.9191303735981313 neg 0.04066794693416164 off 0.04020167946770705	false	1.0
schimmelig	neg 1.0		__DUMMY__ 0.9172221797722545 neg 0.044766573087334886 off 0.038011247140410605	false	1.0
fisch	neg 1.0		__DUMMY__ 0.9185989781640886 neg 0.046134084625444216 off 0.03526693721046707	false	1.0
schmuggel	neg 1.0		__DUMMY__ 0.923502056458637 neg 0.040206189411408993 off 0.036291754129954015	false	1.0
auffallen	neg 1.0		__DUMMY__ 0.9161463003189523 off 0.043287766078874156 neg 0.040565933602173594	false	0.5
konkurrenz	neg 1.0		__DUMMY__ 0.9231321541558611 neg 0.03927143443585216 off 0.037596411408286706	false	1.0
teufelskreis	neg 1.0	neg 1.0	neg 0.5096903798229464 __DUMMY__ 0.4530507888732327 off 0.03725883130382088	false	1.0
aufschreien	neg 1.0		__DUMMY__ 0.9139523940621185 off 0.04390285793781355 neg 0.04214474800006798	false	0.5
schuldner	neg 1.0		__DUMMY__ 0.9175061192289576 neg 0.044713323622770106 off 0.037780557148272186	false	1.0
missgeburt	off 1.0	off 1.0	off 0.5182521906517337 __DUMMY__ 0.4454689203215772 neg 0.03627888902668911	false	1.0
arbeitslos	neg 1.0		__DUMMY__ 0.9189338772148042 neg 0.04174209299368408 off 0.03932402979151165	false	1.0
befallen	neg 1.0		__DUMMY__ 0.9133212424677535 neg 0.045965630117336904 off 0.04071312741490963	false	1.0
miesepetrig	off 1.0	off 1.0	off 0.5110533577112143 __DUMMY__ 0.45157052896858335 neg 0.03737611332020238	false	1.0
alarmieren	neg 1.0		__DUMMY__ 0.9135933220992103 off 0.04569377194648728 neg 0.040712905954302436	false	0.5
ungeduscht	off 1.0		__DUMMY__ 0.9134214113493953 off 0.04439153404534759 neg 0.04218705460525714	false	1.0
knappheit	neg 1.0		__DUMMY__ 0.916337494421754 neg 0.04406472349658372 off 0.03959778208166219	false	1.0
schlange	neg 1.0		__DUMMY__ 0.9185558735973935 off 0.04137165327946322 neg 0.04007247312314316	false	0.5
harsch	neg 1.0		__DUMMY__ 0.911695354896135 off 0.04963861154557529 neg 0.0386660335582898	false	0.5
lang	neg 1.0		__DUMMY__ 0.9165733565697546 off 0.042399903275796784 neg 0.04102674015444865	false	0.5
ziellos	neg 1.0		__DUMMY__ 0.9220368992517453 neg 0.04016925825336362 off 0.03779384249489111	false	1.0
selbstverliebt	neg 1.0		__DUMMY__ 0.9039168082918028 off 0.05643080803414097 neg 0.03965238367405629	false	0.5
beseitigen	neg 1.0		__DUMMY__ 0.9192414183016531 off 0.04104956792308792 neg 0.03970901377525906	false	0.5
dumm	off 1.0		__DUMMY__ 0.9070845776087031 off 0.05196681527227553 neg 0.04094860711902142	false	1.0
arbeitsloser	neg 1.0		__DUMMY__ 0.9239906300311107 off 0.039429342277807776 neg 0.03658002769108154	false	0.5
blitzen	neg 1.0		__DUMMY__ 0.9132901732155194 off 0.04472982933420389 neg 0.04197999745027674	false	0.5
hilflos	neg 1.0		__DUMMY__ 0.9191198163107673 neg 0.04167665958339568 off 0.039203524105836995	false	1.0
eklig	off 1.0		__DUMMY__ 0.905188095758329 off 0.052281476786377235 neg 0.042530427455293764	false	1.0
begriff			__DUMMY__ 0.9186028454790923 off 0.04103477909701768 neg 0.04036237542388994	false	0.0
hungersnot	neg 1.0		__DUMMY__ 0.9169355791063821 neg 0.04344629397158496 off 0.039618126922032953	false	1.0
ungesetzlich	neg 1.0		__DUMMY__ 0.9151495235212542 off 0.04390957042949911 neg 0.04094090604924661	false	0.5
verschwendung	neg 1.0		__DUMMY__ 0.9202357581365992 neg 0.041997876446329116 off 0.03776636541707173	false	1.0
schmerzvoll	neg 1.0		__DUMMY__ 0.9154582112414295 off 0.042577499156687425 neg 0.04196428960188312	false	0.5
vorzeitig	neg 1.0		__DUMMY__ 0.9166935610898785 off 0.045663633205282786 neg 0.03764280570483863	false	0.5
unvollkommenheit	neg 1.0		__DUMMY__ 0.9189552985172817 neg 0.041239696551207086 off 0.03980500493151109	false	1.0
intervenieren	neg 1.0		__DUMMY__ 0.9173149997979241 neg 0.04410578125682133 off 0.03857921894525464	false	1.0
banause	off 1.0		__DUMMY__ 0.9017920540316458 off 0.053668613789952906 neg 0.044539332178401336	false	1.0
rebell	neg 1.0		__DUMMY__ 0.9204877855031698 neg 0.04537413892223029 off 0.03413807557459999	false	1.0
unlogisch	neg 1.0		__DUMMY__ 0.9098763931749922 off 0.04831724956572644 neg 0.04180635725928137	false	0.5
leiden	neg 1.0		__DUMMY__ 0.9247457803277981 neg 0.03912711016249328 off 0.03612710950970865	false	1.0
abschaffung	neg 1.0		__DUMMY__ 0.9149007773120515 neg 0.04269680834844937 off 0.042402414339499164	false	1.0
sturz	neg 1.0		__DUMMY__ 0.9193437975098692 off 0.04302855780720809 neg 0.03762764468292272	false	0.5
verkleinerung	neg 1.0		__DUMMY__ 0.9099854561331823 off 0.0451751216865797 neg 0.04483942218023807	false	0.5
schmarotzer	off 1.0		__DUMMY__ 0.9184592136104501 neg 0.041402720366634164 off 0.0401380660229157	false	0.5
bestrafung	neg 1.0	neg 1.0	neg 0.5071643303951364 __DUMMY__ 0.4547470669989025 off 0.038088602605960954	false	1.0
achtlos	neg 1.0		__DUMMY__ 0.9201706959397778 off 0.0400630967053831 neg 0.039766207354839024	false	0.5
ungeheuer	neg 1.0		__DUMMY__ 0.9165772124040996 neg 0.04192360304423376 off 0.041499184551666665	false	1.0
