unsolidarisch	neg 1.0		neg 0.4822065186320135 off 0.47853014669123944 __DUMMY__ 0.03926333467674708	false	1.0
nachteilig	neg 1.0		neg 0.48296224239151614 off 0.4772371609126385 __DUMMY__ 0.03980059669584527	false	1.0
skeptisch	neg 1.0		neg 0.4853700928275717 off 0.47487725178776335 __DUMMY__ 0.03975265538466483	false	1.0
schrecklich	neg 1.0		off 0.4870794590669343 neg 0.4740353013050149 __DUMMY__ 0.03888523962805095	false	0.5
schlapp	neg 1.0	neg 1.0	neg 0.7239025344813459 off 0.25756115382617195 __DUMMY__ 0.018536311692482106	false	1.0
abfall	neg 1.0		neg 0.4858930550617122 off 0.47398963671312017 __DUMMY__ 0.04011730822516762	false	1.0
widerspenstig	neg 1.0		neg 0.48352881083578036 off 0.4771195575681428 __DUMMY__ 0.03935163159607685	false	1.0
abrupt	neg 1.0		neg 0.48748266540453156 off 0.47290234901636896 __DUMMY__ 0.039614985579099385	false	1.0
unwirksam	neg 1.0		neg 0.4858248425944657 off 0.47519151172078455 __DUMMY__ 0.03898364568474984	false	1.0
angreifen	neg 1.0		neg 0.4856334180808737 off 0.4745582179222469 __DUMMY__ 0.03980836399687931	false	1.0
inkonsistent	neg 1.0		off 0.48043915055080977 neg 0.4803848883771154 __DUMMY__ 0.03917596107207476	false	0.5
abrutschen	neg 1.0		neg 0.4871052749462646 off 0.4728408007654287 __DUMMY__ 0.04005392428830672	false	1.0
unsicher	neg 1.0		neg 0.4806882760634595 off 0.47975333308944096 __DUMMY__ 0.03955839084709948	false	1.0
bauernkind	off 1.0	off 1.0	off 0.7280239614018241 neg 0.25385706656748874 __DUMMY__ 0.01811897203068716	false	1.0
angreifer	neg 1.0		off 0.4844685123021619 neg 0.47609192981110565 __DUMMY__ 0.03943955788673238	false	0.5
trennen	neg 1.0		neg 0.48494739643714435 off 0.4751547069323851 __DUMMY__ 0.039897896630470664	false	1.0
schmutz	neg 1.0		off 0.4861754274942685 neg 0.47411644303418643 __DUMMY__ 0.03970812947154513	false	0.5
inkonsistenz	neg 1.0		off 0.4839021342896196 neg 0.47690726043587445 __DUMMY__ 0.039190605274506046	false	0.5
erschreckend	neg 1.0		neg 0.4819985256849451 off 0.47847959847410726 __DUMMY__ 0.03952187584094753	false	1.0
ertrinken	neg 1.0		neg 0.48758637263855753 off 0.4727183326838911 __DUMMY__ 0.03969529467755135	false	1.0
pickelface	off 1.0		neg 0.4814819180194288 off 0.47912700641320083 __DUMMY__ 0.03939107556737043	false	0.5
seiner			neg 0.4842987994020159 off 0.4758273350286222 __DUMMY__ 0.039873865569361996	false	0.0
lauch	neg 1.0	neg 1.0	neg 0.7300506305186718 off 0.25103012563443067 __DUMMY__ 0.018919243846897537	false	1.0
unwichtig	neg 1.0		off 0.48311875290534 neg 0.4777529985243606 __DUMMY__ 0.03912824857029955	false	0.5
steuerhinterziehung	neg 1.0		neg 0.4832108946107753 off 0.4773967407790576 __DUMMY__ 0.03939236461016701	false	1.0
schock	neg 1.0		neg 0.4825774952214464 off 0.477827122439543 __DUMMY__ 0.039595382339010596	false	1.0
beule	neg 1.0		off 0.4849407419594502 neg 0.47611783858406465 __DUMMY__ 0.03894141945648517	false	0.5
vergelten	neg 1.0		off 0.4892006009308733 neg 0.47185300446801426 __DUMMY__ 0.0389463946011124	false	0.5
verdorbenheit	neg 1.0		neg 0.48103343654422287 off 0.47962351566165196 __DUMMY__ 0.03934304779412526	false	1.0
trauma	neg 1.0		neg 0.4810902051748119 off 0.47960527242837786 __DUMMY__ 0.039304522396810156	false	1.0
sinnlos	neg 1.0		off 0.48080193820723266 neg 0.4798559927022087 __DUMMY__ 0.039342069090558526	false	0.5
fettsack	off 1.0	off 1.0	off 0.729284439233115 neg 0.25257256402482814 __DUMMY__ 0.01814299674205685	false	1.0
feige	off 1.0	off 1.0	off 0.7272334086234319 neg 0.2543147805288013 __DUMMY__ 0.01845181084776679	false	1.0
abdanken	neg 1.0		neg 0.4816273429510373 off 0.4788659291504386 __DUMMY__ 0.0395067278985241	false	1.0
wichtigtuer	off 1.0	off 1.0	off 0.7265043831300662 neg 0.25485646767281966 __DUMMY__ 0.01863914919711422	false	1.0
misslingen	neg 1.0	neg 1.0	neg 0.7229429711273042 off 0.25814376960971497 __DUMMY__ 0.018913259262980795	false	1.0
untreu	off 1.0		off 0.4841953809392622 neg 0.47675504563578147 __DUMMY__ 0.03904957342495631	false	1.0
missmutig	neg 1.0		off 0.4819437371288457 neg 0.4788619424551859 __DUMMY__ 0.0391943204159685	false	0.5
hurenbock	off 1.0		neg 0.48558626731567156 off 0.4753766452787716 __DUMMY__ 0.039037087405556885	false	0.5
betrunken	neg 1.0		off 0.4859360309855065 neg 0.4751337859949772 __DUMMY__ 0.03893018301951626	false	0.5
korrupt	off 1.0		neg 0.484132645573189 off 0.4764919274806603 __DUMMY__ 0.039375426946150635	false	0.5
unmut	neg 1.0		neg 0.4867979355156548 off 0.473334189248428 __DUMMY__ 0.039867875235917234	false	1.0
hackfresse	off 1.0		off 0.4910051532918958 neg 0.47040748538136823 __DUMMY__ 0.03858736132673599	false	1.0
aufblasen	neg 1.0		neg 0.481068139229799 off 0.47948333629296835 __DUMMY__ 0.039448524477232655	false	1.0
gewaltsam	neg 1.0		neg 0.4817888356428616 off 0.47872575099178594 __DUMMY__ 0.03948541336535246	false	1.0
unbeliebtheit	neg 1.0		off 0.4844835119361739 neg 0.4764525856473086 __DUMMY__ 0.039063902416517554	false	0.5
sturheit	neg 1.0		neg 0.4807519295274514 off 0.4796046542949689 __DUMMY__ 0.03964341617757973	false	1.0
kuh	neg 1.0		neg 0.4858884937382666 off 0.47548846702090664 __DUMMY__ 0.038623039240826766	false	1.0
erschrecken	neg 1.0		off 0.483124312599266 neg 0.47761829684260126 __DUMMY__ 0.03925739055813283	false	0.5
opfer	neg 1.0		neg 0.4821892621300659 off 0.47795664403005833 __DUMMY__ 0.039854093839875884	false	1.0
sinken	neg 1.0		neg 0.4875463844350993 off 0.4727315889786058 __DUMMY__ 0.039722026586295055	false	1.0
stinktier	neg 1.0		off 0.4850207005920653 neg 0.4766461817674777 __DUMMY__ 0.038333117640456986	false	0.5
tucke	off 1.0		off 0.48938555197931277 neg 0.47250238257488364 __DUMMY__ 0.03811206544580368	false	1.0
ein			neg 0.4838609901015674 off 0.4767810390689352 __DUMMY__ 0.03935797082949727	false	0.0
abstieg	neg 1.0		off 0.4809942699119036 neg 0.479047349732798 __DUMMY__ 0.03995838035529842	false	0.5
missverstehen	neg 1.0		off 0.48154885365527056 neg 0.47917127670808596 __DUMMY__ 0.03927986963664343	false	0.5
ergebnislos	neg 1.0		neg 0.48265219336800824 off 0.47749953842742754 __DUMMY__ 0.03984826820456429	false	1.0
unter			neg 0.48865478115101135 off 0.47091402052919323 __DUMMY__ 0.0404311983197954	false	0.0
manipulieren	neg 1.0		neg 0.48357707675745093 off 0.47656601708259283 __DUMMY__ 0.039856906159956344	false	1.0
unbewiesen	neg 1.0	neg 1.0	neg 0.7257289312402073 off 0.25558541480991015 __DUMMY__ 0.01868565394988253	false	1.0
verschleppen	neg 1.0		neg 0.4842070442691181 off 0.4762184358254443 __DUMMY__ 0.039574519905437644	false	1.0
weib	off 1.0		off 0.49117146538734496 neg 0.4705434390720088 __DUMMY__ 0.03828509554064621	false	1.0
opposition	neg 1.0		neg 0.4819501420217766 off 0.4788658516010146 __DUMMY__ 0.03918400637720884	false	1.0
verkehrswidrig	neg 1.0	neg 1.0	neg 0.7198295512931843 off 0.26164598525656996 __DUMMY__ 0.01852446345024581	false	1.0
inkorrekt	neg 1.0		off 0.48645289153913324 neg 0.4746970876390526 __DUMMY__ 0.03885002082181415	false	0.5
vermeiden	neg 1.0		neg 0.4874374319205093 off 0.47247404076817523 __DUMMY__ 0.04008852731131547	false	1.0
abweichung	neg 1.0	neg 1.0	neg 0.7256395025855312 off 0.255422418638269 __DUMMY__ 0.0189380787761998	false	1.0
alkoholisiert	neg 1.0		neg 0.4827322230464718 off 0.4772667521672225 __DUMMY__ 0.04000102478630571	false	1.0
scheiss	off 1.0	off 1.0	off 0.7278177308212045 neg 0.25379954708685737 __DUMMY__ 0.01838272209193814	false	1.0
herausforderung	neg 1.0		neg 0.4822728237839503 off 0.4780031344521184 __DUMMY__ 0.03972404176393136	false	1.0
pervers	off 1.0		off 0.4939404628211583 neg 0.4678506557110405 __DUMMY__ 0.03820888146780139	false	1.0
wackelig	neg 1.0		neg 0.4823144984597954 off 0.477952175042517 __DUMMY__ 0.03973332649768764	false	1.0
verwickeln	neg 1.0		off 0.4805274145368039 neg 0.4801570695284749 __DUMMY__ 0.039315515934721115	false	0.5
vorwand	neg 1.0		neg 0.4862192996528541 off 0.47397248379310264 __DUMMY__ 0.03980821655404328	false	1.0
muschi	off 1.0		neg 0.4815905630529435 off 0.4788850689350688 __DUMMY__ 0.039524368011987714	false	0.5
entmutigung	neg 1.0		neg 0.4810914107954927 off 0.4797693274064319 __DUMMY__ 0.03913926179807519	false	1.0
unangemessen	neg 1.0		neg 0.4816280980460034 off 0.4787671067762175 __DUMMY__ 0.03960479517777927	false	1.0
unstetig	neg 1.0		off 0.4828307515448965 neg 0.47796145080464064 __DUMMY__ 0.03920779765046285	false	0.5
entmutigen	neg 1.0		neg 0.48039236250886314 off 0.48017949283352757 __DUMMY__ 0.03942814465760924	false	1.0
schwanz	neg 1.0		neg 0.48439763426196736 off 0.4760528190819571 __DUMMY__ 0.03954954665607564	false	1.0
verbot	neg 1.0		neg 0.4844302612388754 off 0.4761695342733154 __DUMMY__ 0.039400204487809204	false	1.0
leid	neg 1.0		off 0.48804038085644064 neg 0.4732280192362226 __DUMMY__ 0.03873159990733668	false	0.5
archaisch	neg 1.0		neg 0.48343031033406136 off 0.4770829312996194 __DUMMY__ 0.03948675836631917	false	1.0
gegen			neg 0.4844912402738743 off 0.4755006630371849 __DUMMY__ 0.04000809668894086	false	0.0
scheidung	neg 1.0		off 0.50116640665301 neg 0.46040656646212125 __DUMMY__ 0.03842702688486884	false	0.5
einschlag	neg 1.0		off 0.4894646758191305 neg 0.4714649992362541 __DUMMY__ 0.03907032494461546	false	0.5
m			neg 0.48282773469722695 off 0.4775440369009138 __DUMMY__ 0.039628228401859374	false	0.0
abgestanden	neg 1.0		neg 0.4871075050892683 off 0.4739625941942167 __DUMMY__ 0.038929900716515066	false	1.0
schmierig	off 1.0		off 0.48788102253755994 neg 0.47335542529694347 __DUMMY__ 0.03876355216549653	false	1.0
unpraktisch	neg 1.0		off 0.48114126715578626 neg 0.47941155605917907 __DUMMY__ 0.039447176785034684	false	0.5
wixxer	off 1.0		off 0.49306218486778425 neg 0.46886753041264645 __DUMMY__ 0.038070284719569324	false	1.0
bezeichnet			neg 0.4805139220608 off 0.47997804943972633 __DUMMY__ 0.039508028499473505	false	0.0
jammerlappen	off 1.0		off 0.4838052033736056 neg 0.47704132659527376 __DUMMY__ 0.039153470031120644	false	1.0
farce	neg 1.0		neg 0.4831630090881466 off 0.4775444012130724 __DUMMY__ 0.03929258969878112	false	1.0
zwecklos	neg 1.0		neg 0.4834861304632364 off 0.4769407550476818 __DUMMY__ 0.039573114489081844	false	1.0
turbulent	neg 1.0		off 0.4852059828672876 neg 0.47584489285524667 __DUMMY__ 0.038949124277465774	false	0.5
invasion	neg 1.0		off 0.48149945906665886 neg 0.4792018854811686 __DUMMY__ 0.03929865545217264	false	0.5
schuld	neg 1.0		neg 0.4803242843986368 off 0.4802783403680272 __DUMMY__ 0.03939737523333601	false	1.0
risiko	neg 1.0		neg 0.48201435910844703 off 0.4788642743591794 __DUMMY__ 0.03912136653237362	false	1.0
finster	neg 1.0		neg 0.4834660616687518 off 0.47722340417171993 __DUMMY__ 0.039310534159528294	false	1.0
geisteskrank	off 1.0		off 0.4855557863346654 neg 0.47549450720056086 __DUMMY__ 0.03894970646477379	false	1.0
zusammenbrechen	neg 1.0		neg 0.4834228102321364 off 0.47702149930130505 __DUMMY__ 0.03955569046655859	false	1.0
ausbeute	neg 1.0		off 0.4803887913789975 neg 0.4798636027163135 __DUMMY__ 0.03974760590468909	false	0.5
hinterhalt	neg 1.0		neg 0.4834824225968619 off 0.47705430663361914 __DUMMY__ 0.039463270769518874	false	1.0
kritik	neg 1.0		neg 0.483589841738226 off 0.4771163356370624 __DUMMY__ 0.039293822624711545	false	1.0
einschrumpfen	neg 1.0		off 0.4813968585315263 neg 0.4797151785249422 __DUMMY__ 0.038887962943531466	false	0.5
riskant	neg 1.0		neg 0.48582553519694016 off 0.4744893288965507 __DUMMY__ 0.039685135906509086	false	1.0
frustrieren	neg 1.0		neg 0.4856347725172904 off 0.4747835364639434 __DUMMY__ 0.03958169101876628	false	1.0
groll	neg 1.0		neg 0.4820271575996811 off 0.4783004471507252 __DUMMY__ 0.0396723952495937	false	1.0
gibt			neg 0.4829000393953488 off 0.47744011974234146 __DUMMY__ 0.03965984086230992	false	0.0
qualvoll	neg 1.0		off 0.4809155249423432 neg 0.47976429072706334 __DUMMY__ 0.03932018433059351	false	0.5
wackeln	neg 1.0		neg 0.48134656019684474 off 0.4791495426186416 __DUMMY__ 0.03950389718451367	false	1.0
klagen	neg 1.0		neg 0.4866785887206961 off 0.47358445602141724 __DUMMY__ 0.03973695525788676	false	1.0
bankrott	neg 1.0		off 0.48421272834845586 neg 0.47651958476787143 __DUMMY__ 0.03926768688367275	false	0.5
trauern	neg 1.0		neg 0.4815821558930568 off 0.4783778870688315 __DUMMY__ 0.040039957038111605	false	1.0
ablehnung	neg 1.0		neg 0.4836704972500161 off 0.4769597712210183 __DUMMY__ 0.03936973152896552	false	1.0
stur	neg 1.0		neg 0.48104752770758774 off 0.47961975180211563 __DUMMY__ 0.03933272049029663	false	1.0
aufruhr	neg 1.0	neg 1.0	neg 0.7263055338999193 off 0.25498552385137746 __DUMMY__ 0.018708942248703248	false	1.0
melancholie	neg 1.0		neg 0.48721590817532395 off 0.4731963287612545 __DUMMY__ 0.039587763063421585	false	1.0
ist			off 0.48078563930677887 neg 0.4798394659773075 __DUMMY__ 0.03937489471591361	false	0.0
torheit	neg 1.0		off 0.48038545156536316 neg 0.4802245839785102 __DUMMY__ 0.03938996445612662	false	0.5
dreckskind	off 1.0		off 0.491159064954708 neg 0.47040872684888 __DUMMY__ 0.0384322081964119	false	1.0
umtauschen	neg 1.0		neg 0.48244883746246103 off 0.4780999402644689 __DUMMY__ 0.0394512222730702	false	1.0
zum			neg 0.48320002106765875 off 0.47635681690028703 __DUMMY__ 0.04044316203205428	false	0.0
zersetzen	neg 1.0		neg 0.48641242293632725 off 0.4739409207086121 __DUMMY__ 0.03964665635506063	false	1.0
zur			neg 0.48694383054886214 off 0.472941373626765 __DUMMY__ 0.04011479582437267	false	0.0
frust	neg 1.0		neg 0.48311748309024494 off 0.4772675657782191 __DUMMY__ 0.039614951131535986	false	1.0
unerbittlichkeit	neg 1.0		neg 0.4840109587997063 off 0.4762371462699626 __DUMMY__ 0.03975189493033096	false	1.0
zwei			neg 0.48690634468940974 off 0.4729169736326631 __DUMMY__ 0.0401766816779272	false	0.0
unkorrekt	neg 1.0		off 0.48489089525572765 neg 0.47623639600956197 __DUMMY__ 0.03887270873471047	false	0.5
hexe	off 1.0		off 0.48098250654906577 neg 0.48010846090896103 __DUMMY__ 0.03890903254197326	false	1.0
lasch	neg 1.0		off 0.4831168618569041 neg 0.47766880585884386 __DUMMY__ 0.03921433228425193	false	0.5
rivale	neg 1.0		off 0.48717076716865926 neg 0.47394306972705036 __DUMMY__ 0.03888616310429024	false	0.5
mutlos	off 1.0	off 1.0	off 0.7237207400359316 neg 0.2574731597636758 __DUMMY__ 0.018806100200392712	false	1.0
wirr	off 1.0		off 0.48725925210050763 neg 0.47393663450387136 __DUMMY__ 0.038804113395620884	false	1.0
jahr			neg 0.48083152597443757 off 0.47903156864840757 __DUMMY__ 0.040136905377154974	false	0.0
wird			neg 0.4832559182331604 off 0.4770419357908025 __DUMMY__ 0.039702145976037176	false	0.0
strafbar	neg 1.0		neg 0.4842878698220696 off 0.4759731274798763 __DUMMY__ 0.03973900269805424	false	1.0
erosion	neg 1.0		neg 0.48119830189272417 off 0.47934758562305924 __DUMMY__ 0.03945411248421659	false	1.0
eingehen	neg 1.0		neg 0.4855008444549316 off 0.4748841641492413 __DUMMY__ 0.039614991395827026	false	1.0
faul	off 1.0		off 0.48277703670804184 neg 0.47805545332006394 __DUMMY__ 0.03916750997189422	false	1.0
provisorium	neg 1.0		neg 0.4882071843847232 off 0.4713338850307992 __DUMMY__ 0.04045893058447754	false	1.0
schmerzen	neg 1.0		neg 0.4833418308440195 off 0.47721126250956236 __DUMMY__ 0.03944690664641824	false	1.0
schrumpfen	neg 1.0		neg 0.4898089971560617 off 0.47034195605919144 __DUMMY__ 0.03984904678474683	false	1.0
geistlos	off 1.0		neg 0.4804769453361618 off 0.4803956068317459 __DUMMY__ 0.03912744783209228	false	0.5
fehlkauf	neg 1.0		neg 0.4806622080097393 off 0.4801683823845404 __DUMMY__ 0.03916940960572022	false	1.0
frustrierend	neg 1.0		off 0.48256620411074236 neg 0.47821472539628146 __DUMMY__ 0.03921907049297617	false	0.5
unzufrieden	neg 1.0		neg 0.48345940212760036 off 0.47693481451977443 __DUMMY__ 0.03960578335262516	false	1.0
verzweifeln	neg 1.0		neg 0.481749420441336 off 0.47867023521658814 __DUMMY__ 0.039580344342075725	false	1.0
verzweifelt	neg 1.0		neg 0.4803278376033908 off 0.4802857496940909 __DUMMY__ 0.039386412702518324	false	1.0
misstrauensantrag	neg 1.0		off 0.48074930754697254 neg 0.47995755774117843 __DUMMY__ 0.039293134711848976	false	0.5
abfallen	neg 1.0		neg 0.481783255051784 off 0.4788080158901416 __DUMMY__ 0.03940872905807447	false	1.0
fucker	off 1.0		off 0.4871053728595864 neg 0.47391287313585756 __DUMMY__ 0.03898175400455608	false	1.0
ungezogen	neg 1.0		off 0.49240165960281845 neg 0.46919962625856854 __DUMMY__ 0.038398714138613045	false	0.5
irrsinnig	neg 1.0	neg 1.0	neg 0.7261199807713631 off 0.2552175701773634 __DUMMY__ 0.018662449051273497	false	1.0
unfassbar	neg 1.0		off 0.48479102012235736 neg 0.4760950972224593 __DUMMY__ 0.03911388265518335	false	0.5
hart	neg 1.0		neg 0.4807392683468052 off 0.4806062848467075 __DUMMY__ 0.03865444680648722	false	1.0
widerlich	off 1.0		off 0.48466805015088366 neg 0.47631866333127576 __DUMMY__ 0.03901328651784064	false	1.0
fatal	neg 1.0	neg 1.0	neg 0.726604026508535 off 0.2549076945133301 __DUMMY__ 0.018488278978134962	false	1.0
bruch	neg 1.0		neg 0.48498095850723305 off 0.47496049987383104 __DUMMY__ 0.04005854161893595	false	1.0
aushungern	neg 1.0		neg 0.4844669601741851 off 0.4761595917249268 __DUMMY__ 0.03937344810088804	false	1.0
anspannung	neg 1.0		neg 0.48580433780138643 off 0.4739352318464296 __DUMMY__ 0.040260430352183935	false	1.0
von			neg 0.4851699755498524 off 0.4749717988805048 __DUMMY__ 0.0398582255696427	false	0.0
kraftlos	neg 1.0		neg 0.4834109800367665 off 0.47692226758267436 __DUMMY__ 0.039666752380559174	false	1.0
vom			neg 0.486011626442438 off 0.47340195980541677 __DUMMY__ 0.04058641375214522	false	0.0
grenzdebil	off 1.0		off 0.4841418884643147 neg 0.4768598632092349 __DUMMY__ 0.0389982483264504	false	1.0
vor			neg 0.4861127112729378 off 0.4739524992604632 __DUMMY__ 0.039934789466599015	false	0.0
unterwerfen	neg 1.0		neg 0.4838017021799821 off 0.4764987312283439 __DUMMY__ 0.039699566591674	false	1.0
versenkung	neg 1.0		neg 0.48401078954211146 off 0.4762280512210579 __DUMMY__ 0.03976115923683075	false	1.0
entziehen	neg 1.0		neg 0.48628345360398617 off 0.4738996663877492 __DUMMY__ 0.03981688000826479	false	1.0
finanzkrise	neg 1.0		neg 0.4872063610714147 off 0.4738089836121706 __DUMMY__ 0.038984655316414714	false	1.0
schimpfend	neg 1.0		off 0.48089519365424915 neg 0.4795927181931123 __DUMMY__ 0.03951208815263861	false	0.5
profan	neg 1.0		off 0.48104485879797554 neg 0.4796658675177216 __DUMMY__ 0.03928927368430285	false	0.5
korruption	neg 1.0		neg 0.484805208560104 off 0.47578375872562345 __DUMMY__ 0.03941103271427248	false	1.0
â			neg 0.4841046357617075 off 0.47629671477960916 __DUMMY__ 0.03959864945868336	false	0.0
schmutzig	neg 1.0		off 0.48482209997485876 neg 0.4761364016076432 __DUMMY__ 0.039041498417498086	false	0.5
sexy	neg 1.0		off 0.4831181211446608 neg 0.4776093255477163 __DUMMY__ 0.03927255330762296	false	0.5
abraten	neg 1.0		off 0.4813150140371929 neg 0.47929930702130763 __DUMMY__ 0.03938567894149955	false	0.5
schwarz	neg 1.0		off 0.4811469759256433 neg 0.4795324397865108 __DUMMY__ 0.03932058428784579	false	0.5
fotze	off 1.0	off 1.0	off 0.724034294200292 neg 0.25718832781653533 __DUMMY__ 0.018777377983172708	false	1.0
verwirren	neg 1.0		off 0.4816885581962113 neg 0.47899442515135554 __DUMMY__ 0.039317016652433145	false	0.5
zahnlos	off 1.0		neg 0.48269213933549493 off 0.47776256627185704 __DUMMY__ 0.0395452943926481	false	0.5
verheeren	neg 1.0		off 0.4944329700059935 neg 0.4671562057084639 __DUMMY__ 0.0384108242855426	false	0.5
hippie	neg 1.0		off 0.48230279992974345 neg 0.47845414381058 __DUMMY__ 0.039243056259676515	false	0.5
rammen	neg 1.0		neg 0.48091253304176523 off 0.4796752374514106 __DUMMY__ 0.03941222950682413	false	1.0
unlauter	neg 1.0		neg 0.48080327845920845 off 0.4799787874258169 __DUMMY__ 0.039217934114974706	false	1.0
unheilvoll	neg 1.0		neg 0.4811295870270899 off 0.4795541863025142 __DUMMY__ 0.03931622667039601	false	1.0
niedrig	neg 1.0		neg 0.48580329454416626 off 0.47473183928362755 __DUMMY__ 0.03946486617220629	false	1.0
explosion	neg 1.0		off 0.48247664743792734 neg 0.4782516570474584 __DUMMY__ 0.03927169551461421	false	0.5
weichei	off 1.0	off 1.0	off 0.7297095307629546 neg 0.252050325433724 __DUMMY__ 0.018240143803321344	false	1.0
minusmensch	off 1.0		off 0.49318683364490273 neg 0.468489108678252 __DUMMY__ 0.03832405767684532	false	1.0
farblos	neg 1.0		neg 0.48213892242473666 off 0.47863283688252223 __DUMMY__ 0.039228240692741105	false	1.0
unwissend	neg 1.0	neg 1.0	neg 0.7246849808095982 off 0.2568169022408288 __DUMMY__ 0.01849811694957307	false	1.0
traurig	neg 1.0		off 0.4866542412949725 neg 0.4744383097193755 __DUMMY__ 0.038907448985652	false	0.5
senkung	neg 1.0		neg 0.482449813868257 off 0.4786004329963534 __DUMMY__ 0.038949753135389585	false	1.0
ungleich	neg 1.0	neg 1.0	neg 0.7276915493474807 off 0.2534805889940414 __DUMMY__ 0.018827861658477895	false	1.0
heikel	neg 1.0		neg 0.4849431655195093 off 0.47532242463335306 __DUMMY__ 0.039734409847137615	false	1.0
drosselung	neg 1.0		off 0.4815461999801993 neg 0.4797456238336775 __DUMMY__ 0.0387081761861232	false	0.5
falsch	neg 1.0		off 0.4831735151751222 neg 0.4775817957435551 __DUMMY__ 0.039244689081322594	false	0.5
unzufriedenheit	neg 1.0		neg 0.4867352574609567 off 0.4736514911030329 __DUMMY__ 0.03961325143601034	false	1.0
kurz	neg 1.0		neg 0.4819030848488874 off 0.47838416716433513 __DUMMY__ 0.03971274798677755	false	1.0
unsinnig	neg 1.0		neg 0.48363565787475715 off 0.4769763978186951 __DUMMY__ 0.03938794430654771	false	1.0
penner	off 1.0	off 1.0	off 0.7309516817289909 neg 0.2508292933045462 __DUMMY__ 0.01821902496646292	false	1.0
seicht	neg 1.0		off 0.4898301182486552 neg 0.47189872726572685 __DUMMY__ 0.038271154485618006	false	0.5
dummheit	off 1.0	off 1.0	off 0.7258059787855361 neg 0.2556406084166179 __DUMMY__ 0.01855341279784594	false	1.0
unerfreulich	neg 1.0		neg 0.4849456272395682 off 0.4752804664873303 __DUMMY__ 0.03977390627310154	false	1.0
motherfucker	off 1.0	off 1.0	off 0.7287236712833703 neg 0.25282985959104765 __DUMMY__ 0.01844646912558202	false	1.0
pikiert	neg 1.0	neg 1.0	neg 0.7245164457847032 off 0.25700582261041294 __DUMMY__ 0.01847773160488382	false	1.0
wrack	neg 1.0		off 0.48214931053986965 neg 0.4778159929899642 __DUMMY__ 0.040034696470166234	false	0.5
gangster	neg 1.0		off 0.48241374913647495 neg 0.4783652946747452 __DUMMY__ 0.03922095618877985	false	0.5
krank	neg 1.0	neg 1.0	neg 0.7230656260418045 off 0.25839634504771203 __DUMMY__ 0.01853802891048353	false	1.0
reich	neg 1.0		off 0.48083768293019447 neg 0.4802043538160746 __DUMMY__ 0.03895796325373082	false	0.5
gnadenlos	neg 1.0		off 0.480694091088437 neg 0.47983003363461013 __DUMMY__ 0.03947587527695294	false	0.5
niedergeschlagen	neg 1.0		neg 0.48254972913457295 off 0.47774342891042876 __DUMMY__ 0.03970684195499836	false	1.0
terrorisieren	off 1.0	off 1.0	off 0.7233961218045829 neg 0.2577366310848861 __DUMMY__ 0.018867247110530918	false	1.0
sinnlosigkeit	neg 1.0		neg 0.4827776677124028 off 0.4776260904318493 __DUMMY__ 0.03959624185574804	false	1.0
behindern	neg 1.0		neg 0.48255637147976355 off 0.47805409018248235 __DUMMY__ 0.0393895383377541	false	1.0
undemokratisch	neg 1.0		off 0.48049749074460446 neg 0.4802635278399445 __DUMMY__ 0.039238981415451006	false	0.5
wirtschaftskrise	neg 1.0		neg 0.4868566835395047 off 0.4738651837377989 __DUMMY__ 0.03927813272269651	false	1.0
neid	neg 1.0		off 0.4820907391411455 neg 0.4786730677165621 __DUMMY__ 0.03923619314229244	false	0.5
rutschen	neg 1.0		neg 0.4874432523102917 off 0.47239395634271414 __DUMMY__ 0.04016279134699429	false	1.0
rezession	neg 1.0		off 0.48321385990470095 neg 0.47827217914239906 __DUMMY__ 0.038513960952899884	false	0.5
fehlgeburt	neg 1.0		off 0.4811112922010395 neg 0.4793078088980739 __DUMMY__ 0.039580898900886494	false	0.5
charakterschwach	off 1.0		off 0.4839227192520522 neg 0.4770667540895795 __DUMMY__ 0.03901052665836834	false	1.0
isolation	neg 1.0		off 0.48362817095365296 neg 0.47707385480608966 __DUMMY__ 0.03929797424025729	false	0.5
ablenkung	neg 1.0		neg 0.4805165164296179 off 0.4798962820827278 __DUMMY__ 0.0395872014876543	false	1.0
pech	neg 1.0		off 0.48318210345688045 neg 0.4776226643961026 __DUMMY__ 0.039195232147016916	false	0.5
vermeidung	neg 1.0		off 0.48377729190644736 neg 0.47727236039792287 __DUMMY__ 0.038950347695629696	false	0.5
dominieren	neg 1.0		neg 0.4814656938906487 off 0.47888325861162073 __DUMMY__ 0.03965104749773053	false	1.0
schwindlig	neg 1.0		neg 0.4803645109980823 off 0.48036164397588865 __DUMMY__ 0.039273845026029014	false	1.0
lutscher	neg 1.0	neg 1.0	neg 0.7203917004218974 off 0.26157732284368373 __DUMMY__ 0.01803097673441893	false	1.0
pflicht	neg 1.0		neg 0.484790610534492 off 0.47528154607361484 __DUMMY__ 0.03992784339189327	false	1.0
faschist	off 1.0		off 0.4826418713659696 neg 0.47813375300173105 __DUMMY__ 0.039224375632299455	false	1.0
verschleudern	neg 1.0		neg 0.4876656121829057 off 0.4729582504910965 __DUMMY__ 0.03937613732599781	false	1.0
wenn			off 0.4834421709853054 neg 0.4773946851294876 __DUMMY__ 0.03916314388520699	false	0.0
ehebruch	neg 1.0		neg 0.48382167472170823 off 0.47655371161635335 __DUMMY__ 0.0396246136619384	false	1.0
spott	off 1.0		neg 0.4829061488101871 off 0.4773674600989883 __DUMMY__ 0.03972639109082471	false	0.5
trostlosigkeit	neg 1.0		neg 0.4880452814424894 off 0.47230482339136054 __DUMMY__ 0.039649895166150015	false	1.0
lutschen	neg 1.0		off 0.48235223119213716 neg 0.4785202578057221 __DUMMY__ 0.0391275110021408	false	0.5
undiszipliniert	neg 1.0		off 0.4863323874504472 neg 0.4746968195195402 __DUMMY__ 0.03897079303001252	false	0.5
kopfschmerz	neg 1.0		neg 0.48630803370690256 off 0.4742407791718616 __DUMMY__ 0.039451187121235826	false	1.0
unvorhergesehen	neg 1.0		neg 0.4849959756726966 off 0.47513041061606975 __DUMMY__ 0.039873613711233685	false	1.0
desinteressiert	neg 1.0		off 0.4851899927582768 neg 0.4758520105409025 __DUMMY__ 0.0389579967008209	false	0.5
armselig	off 1.0		off 0.48757657902126833 neg 0.47355864096413697 __DUMMY__ 0.03886478001459465	false	1.0
desaster	neg 1.0		neg 0.4873364293243227 off 0.47288184655751453 __DUMMY__ 0.03978172411816288	false	1.0
tod	neg 1.0		neg 0.4832575217488093 off 0.4769679916146898 __DUMMY__ 0.039774486636500885	false	1.0
herzlos	neg 1.0		off 0.4868532096454873 neg 0.4742765289551758 __DUMMY__ 0.03887026139933709	false	0.5
unwissenheit	neg 1.0		neg 0.48366382758703236 off 0.47677369170545514 __DUMMY__ 0.039562480707512546	false	1.0
widersinnig	neg 1.0		neg 0.48404203974074034 off 0.47662227772980176 __DUMMY__ 0.03933568252945791	false	1.0
bedenklich	neg 1.0		neg 0.4848574163952869 off 0.47557076939083354 __DUMMY__ 0.03957181421387964	false	1.0
beanstanden	neg 1.0		neg 0.4840514867904627 off 0.47604010138210406 __DUMMY__ 0.03990841182743324	false	1.0
panisch	neg 1.0		off 0.48196911547167726 neg 0.47857462249429483 __DUMMY__ 0.0394562620340279	false	0.5
debil	off 1.0		neg 0.4906415724315561 off 0.46920710061787 __DUMMY__ 0.04015132695057381	false	0.5
abstrich	neg 1.0		neg 0.48476975605738437 off 0.47588551277963503 __DUMMY__ 0.039344731162980574	false	1.0
primitiv	neg 1.0		off 0.4857627027712751 neg 0.47524189312370474 __DUMMY__ 0.0389954041050203	false	0.5
abschaum	off 1.0	off 1.0	off 0.7282365433645052 neg 0.2531902112297431 __DUMMY__ 0.01857324540575175	false	1.0
provozieren	neg 1.0		neg 0.48103253138063845 off 0.47960080486811324 __DUMMY__ 0.03936666375124842	false	1.0
tot	neg 1.0		neg 0.4845997066843674 off 0.47595291901167036 __DUMMY__ 0.03944737430396214	false	1.0
instabil	neg 1.0		off 0.4875673681742719 neg 0.47362971261814046 __DUMMY__ 0.03880291920758755	false	0.5
schwuchtel	off 1.0	off 1.0	off 0.7338007545301369 neg 0.24828237716953 __DUMMY__ 0.01791686830033314	false	1.0
zerren	neg 1.0		neg 0.48242234038960663 off 0.47785096188439885 __DUMMY__ 0.039726697725994436	false	1.0
kinderficker	off 1.0		off 0.4892804030917504 neg 0.4720401561461906 __DUMMY__ 0.038679440762058995	false	1.0
gefahr	neg 1.0		neg 0.48510696357278654 off 0.47505083202619997 __DUMMY__ 0.03984220440101358	false	1.0
rabiat	neg 1.0		neg 0.48303636883934575 off 0.477534138093975 __DUMMY__ 0.039429493066679325	false	1.0
verlangsamung	neg 1.0		off 0.4904672553618961 neg 0.47100191713593814 __DUMMY__ 0.03853082750216571	false	0.5
ausgestorben	neg 1.0		neg 0.4819776928054232 off 0.4784456686915602 __DUMMY__ 0.03957663850301675	false	1.0
anklagen	neg 1.0		neg 0.48273379762250945 off 0.47772068479975205 __DUMMY__ 0.039545517577738436	false	1.0
trott	neg 1.0		neg 0.4814823245477427 off 0.47905908555078364 __DUMMY__ 0.039458589901473495	false	1.0
verminderung	neg 1.0		off 0.48429109406652376 neg 0.47672212402718334 __DUMMY__ 0.038986781906292865	false	0.5
nach			neg 0.4873499428332753 off 0.47231294854577877 __DUMMY__ 0.0403371086209459	false	0.0
rost	neg 1.0		off 0.4942197633798626 neg 0.4670786426666094 __DUMMY__ 0.03870159395352796	false	0.5
destruktiv	neg 1.0		neg 0.4820031798754336 off 0.4785749074746818 __DUMMY__ 0.03942191264988464	false	1.0
unzumutbarkeit	neg 1.0		off 0.48479031462869426 neg 0.4761573423971784 __DUMMY__ 0.039052342974127435	false	0.5
labil	off 1.0	off 1.0	off 0.727097774590848 neg 0.254381335436727 __DUMMY__ 0.01852088997242493	false	1.0
ziemlich	neg 1.0		off 0.48492014286909596 neg 0.4759131356404058 __DUMMY__ 0.03916672149049805	false	0.5
lachnummer	off 1.0		off 0.4803732352666272 neg 0.4801142363653499 __DUMMY__ 0.039512528368022944	false	1.0
oder			off 0.48070371832050873 neg 0.4797509713961895 __DUMMY__ 0.03954531028330168	false	0.0
verfall	neg 1.0		neg 0.49002764938196997 off 0.4701583734038382 __DUMMY__ 0.039813977214191776	false	1.0
ausgrenzung	neg 1.0		neg 0.4806425468443027 off 0.4801428775942474 __DUMMY__ 0.039214575561449846	false	1.0
unordnung	neg 1.0		off 0.4870568903108287 neg 0.4742422368408584 __DUMMY__ 0.03870087284831267	false	0.5
fehlverhalten	neg 1.0		neg 0.4844437873143611 off 0.4758275339216575 __DUMMY__ 0.03972867876398146	false	1.0
eine			neg 0.48616729407797726 off 0.47398040673979047 __DUMMY__ 0.03985229918223223	false	0.0
nille	neg 1.0		neg 0.48115358665308383 off 0.47940050302916454 __DUMMY__ 0.03944591031775167	false	1.0
qual	neg 1.0		neg 0.48210159181372725 off 0.4784495353936615 __DUMMY__ 0.0394488727926112	false	1.0
verschwenden	neg 1.0		neg 0.4862958785549857 off 0.474107512638569 __DUMMY__ 0.039596608806445374	false	1.0
riesig	neg 1.0		neg 0.48402466310143494 off 0.4762506627955488 __DUMMY__ 0.0397246741030164	false	1.0
verurteilen	neg 1.0		neg 0.4832862810340962 off 0.47717584359028087 __DUMMY__ 0.03953787537562293	false	1.0
klischee	neg 1.0	neg 1.0	neg 0.7250204004521478 off 0.2564419276514295 __DUMMY__ 0.01853767189642269	false	1.0
diktatorisch	neg 1.0		neg 0.48076560585286654 off 0.480050981014059 __DUMMY__ 0.039183413133074455	false	1.0
vorhersehbar	neg 1.0		off 0.48089794609397796 neg 0.4799403989216948 __DUMMY__ 0.03916165498432715	false	0.5
sowie			off 0.4868410638783982 neg 0.47462152849114364 __DUMMY__ 0.038537407630458154	false	0.0
stornieren	neg 1.0		off 0.485084459109584 neg 0.47530739413969497 __DUMMY__ 0.03960814675072106	false	0.5
besteuerung	neg 1.0	neg 1.0	neg 0.7282232095600993 off 0.25331039911232894 __DUMMY__ 0.018466391327571684	false	1.0
ungeschminkt	neg 1.0		off 0.485106204338532 neg 0.47598180206637913 __DUMMY__ 0.03891199359508879	false	0.5
kritisch	neg 1.0		neg 0.4830759205395142 off 0.4773047160239944 __DUMMY__ 0.03961936343649145	false	1.0
schlamperei	off 1.0		neg 0.4849120617354976 off 0.4754579331802911 __DUMMY__ 0.03963000508421131	false	0.5
sucht	neg 1.0	neg 1.0	neg 0.7250630205415274 off 0.2562147031770046 __DUMMY__ 0.018722276281468043	false	1.0
egoistisch	off 1.0	off 1.0	off 0.7305010342001397 neg 0.25115924820841307 __DUMMY__ 0.01833971759144726	false	1.0
ausbeuter	off 1.0		neg 0.48681322841544067 off 0.4736382265573685 __DUMMY__ 0.03954854502719082	false	0.5
arschgeburt	off 1.0		off 0.4956789811355642 neg 0.46634533195589606 __DUMMY__ 0.03797568690853979	false	1.0
schubs	neg 1.0		neg 0.485815280788877 off 0.4747258133659055 __DUMMY__ 0.03945890584521743	false	1.0
unsolide	neg 1.0		off 0.48243780525490315 neg 0.47822912432782466 __DUMMY__ 0.039333070417272235	false	0.5
beschwerde	neg 1.0		neg 0.4826419215903457 off 0.47774650683896147 __DUMMY__ 0.03961157157069285	false	1.0
stocken	neg 1.0		neg 0.48385488754706235 off 0.4764965361436351 __DUMMY__ 0.039648576309302505	false	1.0
isolieren	neg 1.0		neg 0.48402515364824156 off 0.47648469225347634 __DUMMY__ 0.03949015409828216	false	1.0
unheilbar	neg 1.0		neg 0.48062985748391746 off 0.47985988150821546 __DUMMY__ 0.03951026100786716	false	1.0
pisser	off 1.0	off 1.0	off 0.728941603936363 neg 0.2526645616569277 __DUMMY__ 0.01839383440670946	false	1.0
löschen	neg 1.0		neg 0.4817073919487023 off 0.47893616463381933 __DUMMY__ 0.03935644341747828	false	1.0
durchfallen	neg 1.0		neg 0.4830385407307739 off 0.47731525829484767 __DUMMY__ 0.03964620097437837	false	1.0
wichser	off 1.0	off 1.0	off 0.7324713689455453 neg 0.24941432820692438 __DUMMY__ 0.018114302847530253	false	1.0
terror	neg 1.0		off 0.48202191679735706 neg 0.4787368256542994 __DUMMY__ 0.039241257548343504	false	0.5
krass	neg 1.0		off 0.4882024256540586 neg 0.4730611711309972 __DUMMY__ 0.03873640321494427	false	0.5
revolte	neg 1.0		neg 0.4812004831225194 off 0.47984723226730847 __DUMMY__ 0.03895228461017216	false	1.0
besorgt	neg 1.0		neg 0.4810371586216921 off 0.4791906382587144 __DUMMY__ 0.0397722031195934	false	1.0
nachlassen	neg 1.0		neg 0.48261003517774537 off 0.4776308159552935 __DUMMY__ 0.039759148866961136	false	1.0
alt	neg 1.0		neg 0.4891034179375582 off 0.47168063878441097 __DUMMY__ 0.03921594327803081	false	1.0
hundesohn	off 1.0	off 1.0	off 0.7316338609878564 neg 0.250248147226653 __DUMMY__ 0.01811799178549055	false	1.0
als			neg 0.48330980007087265 off 0.4771253757594241 __DUMMY__ 0.03956482416970321	false	0.0
abschreckung	neg 1.0		neg 0.48596324514687955 off 0.4743320286857826 __DUMMY__ 0.03970472616733783	false	1.0
unqualifiziert	neg 1.0		off 0.48341757942983954 neg 0.4773780733912665 __DUMMY__ 0.039204347178894025	false	0.5
abgewichst	off 1.0		neg 0.48120801671075425 off 0.47926666156216774 __DUMMY__ 0.0395253217270781	false	0.5
schwer	neg 1.0		neg 0.48120397397599246 off 0.4792380064623659 __DUMMY__ 0.03955801956164158	false	1.0
bedeutungslosigkeit	neg 1.0		neg 0.4852494542280504 off 0.4750513885430378 __DUMMY__ 0.03969915722891175	false	1.0
kapitulation	neg 1.0		neg 0.485474471977494 off 0.4750822028362394 __DUMMY__ 0.039443325186266545	false	1.0
unscharf	neg 1.0		neg 0.48249290150666985 off 0.4784736145782663 __DUMMY__ 0.039033483915063776	false	1.0
schwinden	neg 1.0		neg 0.48607683865595336 off 0.4743146633802368 __DUMMY__ 0.039608497963809844	false	1.0
versklavung	neg 1.0	neg 1.0	neg 0.7267899598501916 off 0.25466436828426897 __DUMMY__ 0.018545671865539456	false	1.0
schlecht	neg 1.0		off 0.48520983526993106 neg 0.47560984500774733 __DUMMY__ 0.03918031972232168	false	0.5
verhasst	neg 1.0		neg 0.4808944803763801 off 0.4798188190403714 __DUMMY__ 0.03928670058324864	false	1.0
beschweren	neg 1.0		off 0.4816873464399473 neg 0.4788849368224853 __DUMMY__ 0.03942771673756733	false	0.5
scheiden	neg 1.0		neg 0.4808602598971934 off 0.4796538969696629 __DUMMY__ 0.039485843133143794	false	1.0
frustriert	neg 1.0		neg 0.48203359337785107 off 0.47836883812841896 __DUMMY__ 0.03959756849373005	false	1.0
schimmelig	neg 1.0		neg 0.48682364576073495 off 0.47382632310908634 __DUMMY__ 0.03935003113017879	false	1.0
fisch	neg 1.0		neg 0.4904972948745481 off 0.47005340955440134 __DUMMY__ 0.039449295571050584	false	1.0
schmuggel	neg 1.0		neg 0.4852260154326443 off 0.47486033523122934 __DUMMY__ 0.03991364933612636	false	1.0
auffallen	neg 1.0		off 0.48159005972733865 neg 0.47906477702486383 __DUMMY__ 0.03934516324779754	false	0.5
konkurrenz	neg 1.0		neg 0.48348514954671956 off 0.4765998595691791 __DUMMY__ 0.03991499088410139	false	1.0
teufelskreis	neg 1.0	neg 1.0	neg 0.7277103342396402 off 0.2536430548991278 __DUMMY__ 0.01864661086123198	false	1.0
aufschreien	neg 1.0		off 0.4808558092447095 neg 0.4799626986094822 __DUMMY__ 0.03918149214580827	false	0.5
schuldner	neg 1.0		neg 0.488082100419908 off 0.4724619173831096 __DUMMY__ 0.039455982196982396	false	1.0
missgeburt	off 1.0	off 1.0	off 0.7317497633047038 neg 0.2499929295198269 __DUMMY__ 0.01825730717546941	false	1.0
arbeitslos	neg 1.0		neg 0.4838580494957745 off 0.4765494505213096 __DUMMY__ 0.039592499982915925	false	1.0
befallen	neg 1.0		neg 0.4866108834575218 off 0.47425851411227304 __DUMMY__ 0.03913060243020521	false	1.0
miesepetrig	off 1.0	off 1.0	off 0.7273380800403919 neg 0.25412491094256 __DUMMY__ 0.018537009017048165	false	1.0
alarmieren	neg 1.0		off 0.4832855129154144 neg 0.47758102709144756 __DUMMY__ 0.03913345999313815	false	0.5
ungeduscht	off 1.0		off 0.48209489757061474 neg 0.47884823693141715 __DUMMY__ 0.03905686549796815	false	1.0
knappheit	neg 1.0		neg 0.4858703795248213 off 0.4747813913805084 __DUMMY__ 0.039348229094670346	false	1.0
schlange	neg 1.0		off 0.4803207476519956 neg 0.4801566734696753 __DUMMY__ 0.03952257887832924	false	0.5
harsch	neg 1.0		off 0.4893971902364595 neg 0.4716478885240279 __DUMMY__ 0.03895492123951255	false	0.5
lang	neg 1.0		off 0.4803649605017152 neg 0.4802566105152107 __DUMMY__ 0.0393784289830742	false	0.5
ziellos	neg 1.0		neg 0.4836691965809708 off 0.47651453885722084 __DUMMY__ 0.039816264561808264	false	1.0
selbstverliebt	neg 1.0		off 0.49511690624621085 neg 0.4665328814984365 __DUMMY__ 0.038350212255352636	false	0.5
beseitigen	neg 1.0		neg 0.4805338700063068 off 0.47991275399910954 __DUMMY__ 0.03955337599458371	false	1.0
dumm	off 1.0		off 0.48989177162983355 neg 0.47150426155164044 __DUMMY__ 0.03860396681852603	false	1.0
arbeitsloser	neg 1.0		off 0.48065937993647423 neg 0.4793698326745016 __DUMMY__ 0.03997078738902425	false	0.5
blitzen	neg 1.0		off 0.48183640079149925 neg 0.47904794136422474 __DUMMY__ 0.03911565784427599	false	0.5
hilflos	neg 1.0		neg 0.4836966976911911 off 0.47671574581831905 __DUMMY__ 0.039587556490489825	false	1.0
eklig	off 1.0		off 0.48900206255911677 neg 0.47255561483538777 __DUMMY__ 0.03844232260549554	false	1.0
begriff			neg 0.481061542696065 off 0.47939561111655365 __DUMMY__ 0.039542846187381395	false	0.0
hungersnot	neg 1.0		neg 0.4853389514400783 off 0.47527074177016154 __DUMMY__ 0.039390306789760014	false	1.0
ungesetzlich	neg 1.0		off 0.48111093658930326 neg 0.47960736114473235 __DUMMY__ 0.039281702265964474	false	0.5
verschwendung	neg 1.0		neg 0.4854297107092281 off 0.4748852437837365 __DUMMY__ 0.03968504550703554	false	1.0
schmerzvoll	neg 1.0		neg 0.4809434400173225 off 0.4797605356607073 __DUMMY__ 0.039296024321970206	false	1.0
vorzeitig	neg 1.0		off 0.48622952762678173 neg 0.4744237629056143 __DUMMY__ 0.03934670946760404	false	0.5
unvollkommenheit	neg 1.0		neg 0.48282884438988755 off 0.47763939709677156 __DUMMY__ 0.0395317585133408	false	1.0
intervenieren	neg 1.0		neg 0.48690580031453323 off 0.4736342688821925 __DUMMY__ 0.03945993080327416	false	1.0
banause	off 1.0		off 0.4887022125863344 neg 0.4731183685612101 __DUMMY__ 0.038179418852455405	false	1.0
rebell	neg 1.0		neg 0.49115911105835947 off 0.46919299149342114 __DUMMY__ 0.039647897448219345	false	1.0
unlogisch	neg 1.0		off 0.4856334058357806 neg 0.4755333474469928 __DUMMY__ 0.03883324671722663	false	0.5
leiden	neg 1.0		neg 0.48385847307618235 off 0.4761671166025613 __DUMMY__ 0.039974410321256426	false	1.0
abschaffung	neg 1.0		neg 0.48207854236272435 off 0.47869330021064077 __DUMMY__ 0.03922815742663474	false	1.0
sturz	neg 1.0		off 0.48354937380271723 neg 0.47687760163524007 __DUMMY__ 0.03957302456204281	false	0.5
verkleinerung	neg 1.0		neg 0.4815396081083527 off 0.4796093095625604 __DUMMY__ 0.03885108232908697	false	1.0
schmarotzer	off 1.0		neg 0.48292572119388527 off 0.47752942226251804 __DUMMY__ 0.039544856543596775	false	0.5
bestrafung	neg 1.0	neg 1.0	neg 0.725894300987259 off 0.2553930208087822 __DUMMY__ 0.018712678203958815	false	1.0
achtlos	neg 1.0		neg 0.4812484870924073 off 0.47909171272524903 __DUMMY__ 0.039659800182343746	false	1.0
ungeheuer	neg 1.0		neg 0.48179086683571387 off 0.4788590432505642 __DUMMY__ 0.03935008991372179	false	1.0
unaufrichtig	neg 1.0		off 0.4833159414162851 neg 0.47748214165326375 __DUMMY__ 0.039201916930451296	false	0.5
