unsolidarisch	neg 1.0		neg 0.48220651863201336 off 0.47853014669123956 __DUMMY__ 0.039263334676747134	false	1.0
nachteilig	neg 1.0		neg 0.4829622423915155 off 0.4772371609126392 __DUMMY__ 0.039800596695845215	false	1.0
skeptisch	neg 1.0		neg 0.4853700928275725 off 0.4748772517877625 __DUMMY__ 0.039752655384664826	false	1.0
schrecklich	neg 1.0		off 0.48707945906693445 neg 0.4740353013050147 __DUMMY__ 0.03888523962805094	false	0.5
schlapp	neg 1.0	neg 1.0	neg 0.723902534481346 off 0.25756115382617184 __DUMMY__ 0.018536311692482092	false	1.0
abfall	neg 1.0		neg 0.4858930550617122 off 0.47398963671312005 __DUMMY__ 0.04011730822516767	false	1.0
widerspenstig	neg 1.0		neg 0.48352881083578 off 0.47711955756814306 __DUMMY__ 0.03935163159607687	false	1.0
abrupt	neg 1.0		neg 0.4874826654045309 off 0.47290234901636974 __DUMMY__ 0.039614985579099385	false	1.0
unwirksam	neg 1.0		neg 0.4858248425944654 off 0.4751915117207849 __DUMMY__ 0.03898364568474983	false	1.0
angreifen	neg 1.0		neg 0.48563341808087307 off 0.4745582179222475 __DUMMY__ 0.03980836399687932	false	1.0
inkonsistent	neg 1.0		off 0.48043915055080977 neg 0.48038488837711535 __DUMMY__ 0.03917596107207483	false	0.5
abrutschen	neg 1.0		neg 0.4871052749462646 off 0.4728408007654287 __DUMMY__ 0.040053924288306654	false	1.0
unsicher	neg 1.0		neg 0.48068827606346004 off 0.4797533330894405 __DUMMY__ 0.03955839084709946	false	1.0
bauernkind	off 1.0	off 1.0	off 0.7280239614018239 neg 0.25385706656748896 __DUMMY__ 0.018118972030687137	false	1.0
angreifer	neg 1.0		off 0.48446851230216204 neg 0.47609192981110554 __DUMMY__ 0.03943955788673237	false	0.5
trennen	neg 1.0		neg 0.48494739643714446 off 0.475154706932385 __DUMMY__ 0.03989789663047069	false	1.0
schmutz	neg 1.0		off 0.48617542749426823 neg 0.4741164430341867 __DUMMY__ 0.0397081294715451	false	0.5
inkonsistenz	neg 1.0		off 0.48390213428961887 neg 0.4769072604358751 __DUMMY__ 0.039190605274505984	false	0.5
erschreckend	neg 1.0		neg 0.481998525684945 off 0.47847959847410737 __DUMMY__ 0.03952187584094749	false	1.0
ertrinken	neg 1.0		neg 0.487586372638558 off 0.4727183326838907 __DUMMY__ 0.039695294677551354	false	1.0
pickelface	off 1.0		neg 0.4814819180194288 off 0.47912700641320083 __DUMMY__ 0.03939107556737039	false	0.5
seiner			neg 0.4842987994020158 off 0.4758273350286223 __DUMMY__ 0.03987386556936203	false	0.0
lauch	neg 1.0	neg 1.0	neg 0.7300506305186715 off 0.2510301256344309 __DUMMY__ 0.01891924384689758	false	1.0
unwichtig	neg 1.0		off 0.4831187529053407 neg 0.4777529985243596 __DUMMY__ 0.0391282485702996	false	0.5
steuerhinterziehung	neg 1.0		neg 0.4832108946107748 off 0.47739674077905825 __DUMMY__ 0.03939236461016702	false	1.0
schock	neg 1.0		neg 0.48257749522144655 off 0.47782712243954284 __DUMMY__ 0.03959538233901059	false	1.0
beule	neg 1.0		off 0.48494074195945064 neg 0.4761178385840641 __DUMMY__ 0.0389414194564852	false	0.5
vergelten	neg 1.0		off 0.4892006009308735 neg 0.4718530044680142 __DUMMY__ 0.038946394601112384	false	0.5
verdorbenheit	neg 1.0		neg 0.4810334365442219 off 0.47962351566165284 __DUMMY__ 0.03934304779412522	false	1.0
trauma	neg 1.0		neg 0.48109020517481166 off 0.47960527242837814 __DUMMY__ 0.03930452239681019	false	1.0
sinnlos	neg 1.0		off 0.4808019382072328 neg 0.47985599270220847 __DUMMY__ 0.03934206909055858	false	0.5
fettsack	off 1.0	off 1.0	off 0.7292844392331149 neg 0.2525725640248282 __DUMMY__ 0.018142996742056827	false	1.0
feige	off 1.0	off 1.0	off 0.7272334086234319 neg 0.25431478052880135 __DUMMY__ 0.018451810847766797	false	1.0
abdanken	neg 1.0		neg 0.48162734295103715 off 0.4788659291504388 __DUMMY__ 0.03950672789852411	false	1.0
wichtigtuer	off 1.0	off 1.0	off 0.7265043831300664 neg 0.25485646767281944 __DUMMY__ 0.018639149197114232	false	1.0
misslingen	neg 1.0	neg 1.0	neg 0.7229429711273045 off 0.2581437696097147 __DUMMY__ 0.018913259262980816	false	1.0
untreu	off 1.0		off 0.4841953809392615 neg 0.47675504563578225 __DUMMY__ 0.039049573424956366	false	1.0
missmutig	neg 1.0		off 0.4819437371288453 neg 0.47886194245518626 __DUMMY__ 0.03919432041596845	false	0.5
hurenbock	off 1.0		neg 0.48558626731567156 off 0.47537664527877166 __DUMMY__ 0.03903708740555688	false	0.5
betrunken	neg 1.0		off 0.48593603098550686 neg 0.4751337859949769 __DUMMY__ 0.03893018301951624	false	0.5
korrupt	off 1.0		neg 0.48413264557318914 off 0.4764919274806603 __DUMMY__ 0.0393754269461506	false	0.5
unmut	neg 1.0		neg 0.48679793551565426 off 0.4733341892484286 __DUMMY__ 0.03986787523591709	false	1.0
hackfresse	off 1.0		off 0.4910051532918957 neg 0.47040748538136823 __DUMMY__ 0.03858736132673597	false	1.0
aufblasen	neg 1.0		neg 0.4810681392297986 off 0.4794833362929688 __DUMMY__ 0.03944852447723267	false	1.0
gewaltsam	neg 1.0		neg 0.4817888356428619 off 0.4787257509917856 __DUMMY__ 0.039485413365352474	false	1.0
unbeliebtheit	neg 1.0		off 0.48448351193617367 neg 0.47645258564730875 __DUMMY__ 0.03906390241651753	false	0.5
sturheit	neg 1.0		neg 0.4807519295274521 off 0.47960465429496824 __DUMMY__ 0.03964341617757964	false	1.0
kuh	neg 1.0		neg 0.4858884937382661 off 0.47548846702090714 __DUMMY__ 0.03862303924082678	false	1.0
erschrecken	neg 1.0		off 0.48312431259926597 neg 0.47761829684260104 __DUMMY__ 0.0392573905581329	false	0.5
opfer	neg 1.0		neg 0.4821892621300666 off 0.47795664403005766 __DUMMY__ 0.03985409383987586	false	1.0
sinken	neg 1.0		neg 0.48754638443509885 off 0.4727315889786061 __DUMMY__ 0.03972202658629504	false	1.0
stinktier	neg 1.0		off 0.48502070059206503 neg 0.47664618176747814 __DUMMY__ 0.03833311764045691	false	0.5
tucke	off 1.0		off 0.4893855519793124 neg 0.472502382574884 __DUMMY__ 0.038112065445803686	false	1.0
ein			neg 0.48386099010156747 off 0.47678103906893515 __DUMMY__ 0.039357970829497296	false	0.0
abstieg	neg 1.0		off 0.4809942699119037 neg 0.47904734973279783 __DUMMY__ 0.03995838035529845	false	0.5
missverstehen	neg 1.0		off 0.4815488536552706 neg 0.47917127670808585 __DUMMY__ 0.039279869636643476	false	0.5
ergebnislos	neg 1.0		neg 0.48265219336800835 off 0.4774995384274274 __DUMMY__ 0.03984826820456426	false	1.0
unter			neg 0.4886547811510121 off 0.4709140205291926 __DUMMY__ 0.040431198319795324	false	0.0
manipulieren	neg 1.0		neg 0.483577076757451 off 0.4765660170825927 __DUMMY__ 0.03985690615995632	false	1.0
unbewiesen	neg 1.0	neg 1.0	neg 0.7257289312402071 off 0.25558541480991037 __DUMMY__ 0.018685653949882555	false	1.0
verschleppen	neg 1.0		neg 0.48420704426911826 off 0.4762184358254442 __DUMMY__ 0.039574519905437644	false	1.0
weib	off 1.0		off 0.49117146538734474 neg 0.47054343907200896 __DUMMY__ 0.03828509554064622	false	1.0
opposition	neg 1.0		neg 0.4819501420217763 off 0.4788658516010148 __DUMMY__ 0.039184006377208945	false	1.0
verkehrswidrig	neg 1.0	neg 1.0	neg 0.7198295512931843 off 0.2616459852565699 __DUMMY__ 0.01852446345024581	false	1.0
inkorrekt	neg 1.0		off 0.4864528915391336 neg 0.4746970876390523 __DUMMY__ 0.03885002082181414	false	0.5
vermeiden	neg 1.0		neg 0.4874374319205096 off 0.47247404076817484 __DUMMY__ 0.04008852731131554	false	1.0
abweichung	neg 1.0	neg 1.0	neg 0.7256395025855317 off 0.2554224186382687 __DUMMY__ 0.01893807877619977	false	1.0
alkoholisiert	neg 1.0		neg 0.48273222304647184 off 0.4772667521672224 __DUMMY__ 0.04000102478630569	false	1.0
scheiss	off 1.0	off 1.0	off 0.7278177308212046 neg 0.25379954708685726 __DUMMY__ 0.018382722091938142	false	1.0
herausforderung	neg 1.0		neg 0.48227282378395014 off 0.47800313445211856 __DUMMY__ 0.039724041763931385	false	1.0
pervers	off 1.0		off 0.4939404628211579 neg 0.46785065571104084 __DUMMY__ 0.038208881467801326	false	1.0
wackelig	neg 1.0		neg 0.4823144984597951 off 0.4779521750425172 __DUMMY__ 0.03973332649768759	false	1.0
verwickeln	neg 1.0		off 0.4805274145368037 neg 0.4801570695284752 __DUMMY__ 0.03931551593472118	false	0.5
vorwand	neg 1.0		neg 0.48621929965285376 off 0.4739724837931028 __DUMMY__ 0.03980821655404341	false	1.0
muschi	off 1.0		neg 0.48159056305294273 off 0.47888506893506955 __DUMMY__ 0.03952436801198767	false	0.5
entmutigung	neg 1.0		neg 0.4810914107954928 off 0.47976932740643213 __DUMMY__ 0.039139261798075135	false	1.0
unangemessen	neg 1.0		neg 0.4816280980460031 off 0.4787671067762176 __DUMMY__ 0.039604795177779296	false	1.0
unstetig	neg 1.0		off 0.4828307515448966 neg 0.4779614508046407 __DUMMY__ 0.039207797650462894	false	0.5
entmutigen	neg 1.0		neg 0.48039236250886347 off 0.4801794928335274 __DUMMY__ 0.03942814465760923	false	1.0
schwanz	neg 1.0		neg 0.4843976342619677 off 0.47605281908195657 __DUMMY__ 0.03954954665607568	false	1.0
verbot	neg 1.0		neg 0.48443026123887534 off 0.47616953427331543 __DUMMY__ 0.03940020448780918	false	1.0
leid	neg 1.0		off 0.4880403808564408 neg 0.47322801923622243 __DUMMY__ 0.03873159990733678	false	0.5
archaisch	neg 1.0		neg 0.4834303103340617 off 0.47708293129961904 __DUMMY__ 0.039486758366319166	false	1.0
gegen			neg 0.4844912402738743 off 0.47550066303718475 __DUMMY__ 0.04000809668894086	false	0.0
scheidung	neg 1.0		off 0.5011664066530103 neg 0.4604065664621209 __DUMMY__ 0.038427026884868834	false	0.5
einschlag	neg 1.0		off 0.4894646758191309 neg 0.4714649992362537 __DUMMY__ 0.03907032494461545	false	0.5
m			neg 0.4828277346972253 off 0.47754403690091524 __DUMMY__ 0.03962822840185942	false	0.0
abgestanden	neg 1.0		neg 0.4871075050892684 off 0.4739625941942166 __DUMMY__ 0.038929900716515066	false	1.0
schmierig	off 1.0		off 0.48788102253756005 neg 0.47335542529694347 __DUMMY__ 0.03876355216549653	false	1.0
unpraktisch	neg 1.0		off 0.4811412671557865 neg 0.47941155605917884 __DUMMY__ 0.03944717678503468	false	0.5
wixxer	off 1.0		off 0.49306218486778436 neg 0.46886753041264634 __DUMMY__ 0.0380702847195693	false	1.0
bezeichnet			neg 0.48051392206080057 off 0.4799780494397259 __DUMMY__ 0.03950802849947352	false	0.0
jammerlappen	off 1.0		off 0.48380520337360605 neg 0.4770413265952733 __DUMMY__ 0.039153470031120664	false	1.0
farce	neg 1.0		neg 0.4831630090881469 off 0.477544401213072 __DUMMY__ 0.03929258969878116	false	1.0
zwecklos	neg 1.0		neg 0.4834861304632364 off 0.47694075504768174 __DUMMY__ 0.03957311448908184	false	1.0
turbulent	neg 1.0		off 0.48520598286728744 neg 0.47584489285524684 __DUMMY__ 0.038949124277465774	false	0.5
invasion	neg 1.0		off 0.48149945906665864 neg 0.47920188548116854 __DUMMY__ 0.03929865545217274	false	0.5
schuld	neg 1.0		neg 0.4803242843986368 off 0.4802783403680273 __DUMMY__ 0.039397375233336	false	1.0
risiko	neg 1.0		neg 0.48201435910844664 off 0.47886427435917966 __DUMMY__ 0.03912136653237366	false	1.0
finster	neg 1.0		neg 0.48346606166875167 off 0.47722340417172004 __DUMMY__ 0.03931053415952827	false	1.0
geisteskrank	off 1.0		off 0.4855557863346644 neg 0.47549450720056174 __DUMMY__ 0.03894970646477381	false	1.0
zusammenbrechen	neg 1.0		neg 0.483422810232136 off 0.4770214993013053 __DUMMY__ 0.039555690466558595	false	1.0
ausbeute	neg 1.0		off 0.4803887913789976 neg 0.47986360271631345 __DUMMY__ 0.039747605904689065	false	0.5
hinterhalt	neg 1.0		neg 0.4834824225968624 off 0.47705430663361875 __DUMMY__ 0.0394632707695189	false	1.0
kritik	neg 1.0		neg 0.4835898417382259 off 0.4771163356370624 __DUMMY__ 0.0392938226247116	false	1.0
einschrumpfen	neg 1.0		off 0.48139685853152525 neg 0.47971517852494305 __DUMMY__ 0.03888796294353153	false	0.5
riskant	neg 1.0		neg 0.4858255351969406 off 0.4744893288965504 __DUMMY__ 0.039685135906508955	false	1.0
frustrieren	neg 1.0		neg 0.48563477251729065 off 0.47478353646394283 __DUMMY__ 0.03958169101876635	false	1.0
groll	neg 1.0		neg 0.4820271575996806 off 0.47830044715072556 __DUMMY__ 0.03967239524959366	false	1.0
gibt			neg 0.48290003939534937 off 0.47744011974234085 __DUMMY__ 0.039659840862309885	false	0.0
qualvoll	neg 1.0		off 0.4809155249423435 neg 0.4797642907270629 __DUMMY__ 0.039320184330593505	false	0.5
wackeln	neg 1.0		neg 0.48134656019684474 off 0.4791495426186417 __DUMMY__ 0.03950389718451361	false	1.0
klagen	neg 1.0		neg 0.4866785887206963 off 0.4735844560214169 __DUMMY__ 0.03973695525788681	false	1.0
bankrott	neg 1.0		off 0.4842127283484561 neg 0.4765195847678712 __DUMMY__ 0.03926768688367279	false	0.5
trauern	neg 1.0		neg 0.48158215589305686 off 0.4783778870688316 __DUMMY__ 0.04003995703811162	false	1.0
ablehnung	neg 1.0		neg 0.4836704972500162 off 0.47695977122101835 __DUMMY__ 0.039369731528965446	false	1.0
stur	neg 1.0		neg 0.48104752770758763 off 0.47961975180211563 __DUMMY__ 0.03933272049029664	false	1.0
aufruhr	neg 1.0	neg 1.0	neg 0.7263055338999194 off 0.2549855238513774 __DUMMY__ 0.018708942248703224	false	1.0
melancholie	neg 1.0		neg 0.4872159081753241 off 0.47319632876125417 __DUMMY__ 0.03958776306342155	false	1.0
ist			off 0.4807856393067791 neg 0.47983946597730726 __DUMMY__ 0.03937489471591357	false	0.0
torheit	neg 1.0		off 0.4803854515653634 neg 0.4802245839785099 __DUMMY__ 0.03938996445612666	false	0.5
dreckskind	off 1.0		off 0.491159064954708 neg 0.47040872684888 __DUMMY__ 0.038432208196411896	false	1.0
umtauschen	neg 1.0		neg 0.482448837462461 off 0.4780999402644689 __DUMMY__ 0.039451222273070206	false	1.0
zum			neg 0.48320002106765864 off 0.4763568169002871 __DUMMY__ 0.040443162032054294	false	0.0
zersetzen	neg 1.0		neg 0.48641242293632736 off 0.473940920708612 __DUMMY__ 0.03964665635506067	false	1.0
zur			neg 0.4869438305488616 off 0.47294137362676575 __DUMMY__ 0.04011479582437271	false	0.0
frust	neg 1.0		neg 0.48311748309024494 off 0.47726756577821916 __DUMMY__ 0.03961495113153593	false	1.0
unerbittlichkeit	neg 1.0		neg 0.48401095879970635 off 0.47623714626996255 __DUMMY__ 0.03975189493033095	false	1.0
zwei			neg 0.48690634468941024 off 0.4729169736326627 __DUMMY__ 0.04017668167792714	false	0.0
unkorrekt	neg 1.0		off 0.48489089525572776 neg 0.47623639600956186 __DUMMY__ 0.03887270873471047	false	0.5
hexe	off 1.0		off 0.4809825065490654 neg 0.48010846090896125 __DUMMY__ 0.03890903254197329	false	1.0
lasch	neg 1.0		off 0.4831168618569039 neg 0.47766880585884414 __DUMMY__ 0.039214332284251904	false	0.5
rivale	neg 1.0		off 0.48717076716865926 neg 0.4739430697270507 __DUMMY__ 0.038886163104290154	false	0.5
mutlos	off 1.0	off 1.0	off 0.7237207400359311 neg 0.2574731597636761 __DUMMY__ 0.018806100200392716	false	1.0
wirr	off 1.0		off 0.48725925210050763 neg 0.4739366345038715 __DUMMY__ 0.03880411339562092	false	1.0
jahr			neg 0.4808315259744369 off 0.4790315686484082 __DUMMY__ 0.04013690537715496	false	0.0
wird			neg 0.4832559182331602 off 0.4770419357908026 __DUMMY__ 0.03970214597603711	false	0.0
strafbar	neg 1.0		neg 0.48428786982207 off 0.47597312747987575 __DUMMY__ 0.03973900269805429	false	1.0
erosion	neg 1.0		neg 0.48119830189272395 off 0.47934758562305935 __DUMMY__ 0.039454112484216604	false	1.0
eingehen	neg 1.0		neg 0.4855008444549315 off 0.4748841641492414 __DUMMY__ 0.039614991395826915	false	1.0
faul	off 1.0		off 0.48277703670804206 neg 0.4780554533200639 __DUMMY__ 0.039167509971894165	false	1.0
provisorium	neg 1.0		neg 0.4882071843847231 off 0.47133388503079937 __DUMMY__ 0.040458930584477526	false	1.0
schmerzen	neg 1.0		neg 0.4833418308440195 off 0.4772112625095622 __DUMMY__ 0.039446906646418214	false	1.0
schrumpfen	neg 1.0		neg 0.4898089971560622 off 0.47034195605919105 __DUMMY__ 0.03984904678474682	false	1.0
geistlos	off 1.0		neg 0.480476945336162 off 0.4803956068317457 __DUMMY__ 0.039127447832092314	false	0.5
fehlkauf	neg 1.0		neg 0.4806622080097391 off 0.4801683823845406 __DUMMY__ 0.03916940960572021	false	1.0
frustrierend	neg 1.0		off 0.4825662041107429 neg 0.4782147253962808 __DUMMY__ 0.0392190704929762	false	0.5
unzufrieden	neg 1.0		neg 0.4834594021276003 off 0.4769348145197746 __DUMMY__ 0.03960578335262505	false	1.0
verzweifeln	neg 1.0		neg 0.48174942044133623 off 0.4786702352165879 __DUMMY__ 0.03958034434207572	false	1.0
verzweifelt	neg 1.0		neg 0.48032783760339054 off 0.480285749694091 __DUMMY__ 0.03938641270251838	false	1.0
misstrauensantrag	neg 1.0		off 0.48074930754697315 neg 0.47995755774117793 __DUMMY__ 0.03929313471184896	false	0.5
abfallen	neg 1.0		neg 0.48178325505178415 off 0.47880801589014144 __DUMMY__ 0.039408729058074514	false	1.0
fucker	off 1.0		off 0.48710537285958666 neg 0.47391287313585734 __DUMMY__ 0.03898175400455604	false	1.0
ungezogen	neg 1.0		off 0.49240165960281795 neg 0.469199626258569 __DUMMY__ 0.038398714138612976	false	0.5
irrsinnig	neg 1.0	neg 1.0	neg 0.726119980771363 off 0.2552175701773636 __DUMMY__ 0.018662449051273455	false	1.0
unfassbar	neg 1.0		off 0.48479102012235786 neg 0.4760950972224587 __DUMMY__ 0.03911388265518343	false	0.5
hart	neg 1.0		neg 0.4807392683468055 off 0.48060628484670714 __DUMMY__ 0.038654446806487226	false	1.0
widerlich	off 1.0		off 0.484668050150883 neg 0.47631866333127626 __DUMMY__ 0.03901328651784063	false	1.0
fatal	neg 1.0	neg 1.0	neg 0.7266040265085354 off 0.2549076945133297 __DUMMY__ 0.018488278978134928	false	1.0
bruch	neg 1.0		neg 0.48498095850723316 off 0.474960499873831 __DUMMY__ 0.04005854161893592	false	1.0
aushungern	neg 1.0		neg 0.48446696017418495 off 0.47615959172492706 __DUMMY__ 0.03937344810088802	false	1.0
anspannung	neg 1.0		neg 0.4858043378013871 off 0.47393523184642894 __DUMMY__ 0.04026043035218396	false	1.0
von			neg 0.48516997554985275 off 0.47497179888050456 __DUMMY__ 0.03985822556964271	false	0.0
kraftlos	neg 1.0		neg 0.4834109800367661 off 0.47692226758267475 __DUMMY__ 0.03966675238055922	false	1.0
vom			neg 0.48601162644243767 off 0.473401959805417 __DUMMY__ 0.0405864137521452	false	0.0
grenzdebil	off 1.0		off 0.48414188846431494 neg 0.47685986320923457 __DUMMY__ 0.038998248326450366	false	1.0
vor			neg 0.48611271127293754 off 0.47395249926046334 __DUMMY__ 0.039934789466599105	false	0.0
unterwerfen	neg 1.0		neg 0.483801702179982 off 0.4764987312283441 __DUMMY__ 0.03969956659167402	false	1.0
versenkung	neg 1.0		neg 0.4840107895421117 off 0.4762280512210576 __DUMMY__ 0.03976115923683077	false	1.0
entziehen	neg 1.0		neg 0.4862834536039859 off 0.4738996663877492 __DUMMY__ 0.039816880008264804	false	1.0
finanzkrise	neg 1.0		neg 0.487206361071415 off 0.4738089836121702 __DUMMY__ 0.038984655316414714	false	1.0
schimpfend	neg 1.0		off 0.4808951936542494 neg 0.479592718193112 __DUMMY__ 0.039512088152638555	false	0.5
profan	neg 1.0		off 0.48104485879797526 neg 0.47966586751772183 __DUMMY__ 0.039289273684302906	false	0.5
korruption	neg 1.0		neg 0.4848052085601042 off 0.4757837587256235 __DUMMY__ 0.03941103271427244	false	1.0
â			neg 0.48410463576170804 off 0.47629671477960867 __DUMMY__ 0.03959864945868336	false	0.0
schmutzig	neg 1.0		off 0.48482209997485903 neg 0.476136401607643 __DUMMY__ 0.03904149841749807	false	0.5
sexy	neg 1.0		off 0.4831181211446602 neg 0.47760932554771685 __DUMMY__ 0.03927255330762301	false	0.5
abraten	neg 1.0		off 0.481315014037193 neg 0.4792993070213075 __DUMMY__ 0.03938567894149957	false	0.5
schwarz	neg 1.0		off 0.48114697592564354 neg 0.47953243978651056 __DUMMY__ 0.03932058428784586	false	0.5
fotze	off 1.0	off 1.0	off 0.724034294200292 neg 0.2571883278165354 __DUMMY__ 0.018777377983172715	false	1.0
verwirren	neg 1.0		off 0.48168855819621204 neg 0.4789944251513548 __DUMMY__ 0.039317016652433166	false	0.5
zahnlos	off 1.0		neg 0.4826921393354945 off 0.47776256627185737 __DUMMY__ 0.03954529439264806	false	0.5
verheeren	neg 1.0		off 0.49443297000599407 neg 0.46715620570846345 __DUMMY__ 0.038410824285542565	false	0.5
hippie	neg 1.0		off 0.48230279992974423 neg 0.4784541438105792 __DUMMY__ 0.039243056259676584	false	0.5
rammen	neg 1.0		neg 0.4809125330417654 off 0.47967523745141033 __DUMMY__ 0.039412229506824166	false	1.0
unlauter	neg 1.0		neg 0.48080327845920806 off 0.4799787874258172 __DUMMY__ 0.03921793411497468	false	1.0
unheilvoll	neg 1.0		neg 0.4811295870270901 off 0.4795541863025139 __DUMMY__ 0.03931622667039593	false	1.0
niedrig	neg 1.0		neg 0.48580329454416593 off 0.47473183928362783 __DUMMY__ 0.0394648661722063	false	1.0
explosion	neg 1.0		off 0.48247664743792756 neg 0.4782516570474582 __DUMMY__ 0.03927169551461429	false	0.5
weichei	off 1.0	off 1.0	off 0.729709530762955 neg 0.2520503254337237 __DUMMY__ 0.018240143803321323	false	1.0
minusmensch	off 1.0		off 0.49318683364490246 neg 0.4684891086782523 __DUMMY__ 0.038324057676845394	false	1.0
farblos	neg 1.0		neg 0.4821389224247363 off 0.47863283688252267 __DUMMY__ 0.03922824069274114	false	1.0
unwissend	neg 1.0	neg 1.0	neg 0.7246849808095981 off 0.25681690224082876 __DUMMY__ 0.01849811694957305	false	1.0
traurig	neg 1.0		off 0.48665424129497176 neg 0.4744383097193763 __DUMMY__ 0.038907448985652016	false	0.5
senkung	neg 1.0		neg 0.48244981386825764 off 0.4786004329963528 __DUMMY__ 0.03894975313538963	false	1.0
ungleich	neg 1.0	neg 1.0	neg 0.7276915493474805 off 0.2534805889940416 __DUMMY__ 0.018827861658477905	false	1.0
heikel	neg 1.0		neg 0.4849431655195092 off 0.4753224246333531 __DUMMY__ 0.039734409847137546	false	1.0
drosselung	neg 1.0		off 0.4815461999801989 neg 0.4797456238336779 __DUMMY__ 0.038708176186123114	false	0.5
falsch	neg 1.0		off 0.4831735151751217 neg 0.4775817957435556 __DUMMY__ 0.0392446890813226	false	0.5
unzufriedenheit	neg 1.0		neg 0.48673525746095636 off 0.47365149110303323 __DUMMY__ 0.03961325143601037	false	1.0
kurz	neg 1.0		neg 0.4819030848488873 off 0.4783841671643351 __DUMMY__ 0.0397127479867776	false	1.0
unsinnig	neg 1.0		neg 0.4836356578747569 off 0.4769763978186954 __DUMMY__ 0.03938794430654775	false	1.0
penner	off 1.0	off 1.0	off 0.7309516817289908 neg 0.25082929330454623 __DUMMY__ 0.018219024966462914	false	1.0
seicht	neg 1.0		off 0.489830118248655 neg 0.47189872726572696 __DUMMY__ 0.038271154485618	false	0.5
dummheit	off 1.0	off 1.0	off 0.725805978785536 neg 0.2556406084166181 __DUMMY__ 0.018553412797845965	false	1.0
unerfreulich	neg 1.0		neg 0.48494562723956913 off 0.4752804664873295 __DUMMY__ 0.039773906273101456	false	1.0
motherfucker	off 1.0	off 1.0	off 0.7287236712833703 neg 0.2528298595910477 __DUMMY__ 0.018446469125582014	false	1.0
pikiert	neg 1.0	neg 1.0	neg 0.7245164457847039 off 0.2570058226104124 __DUMMY__ 0.018477731604883814	false	1.0
wrack	neg 1.0		off 0.4821493105398699 neg 0.47781599298996374 __DUMMY__ 0.04003469647016623	false	0.5
gangster	neg 1.0		off 0.48241374913647583 neg 0.47836529467474437 __DUMMY__ 0.039220956188779875	false	0.5
krank	neg 1.0	neg 1.0	neg 0.7230656260418044 off 0.2583963450477121 __DUMMY__ 0.018538028910483548	false	1.0
reich	neg 1.0		off 0.48083768293019447 neg 0.48020435381607485 __DUMMY__ 0.03895796325373079	false	0.5
gnadenlos	neg 1.0		off 0.4806940910884378 neg 0.4798300336346093 __DUMMY__ 0.03947587527695289	false	0.5
niedergeschlagen	neg 1.0		neg 0.48254972913457284 off 0.4777434289104288 __DUMMY__ 0.03970684195499838	false	1.0
terrorisieren	off 1.0	off 1.0	off 0.7233961218045829 neg 0.25773663108488637 __DUMMY__ 0.018867247110530852	false	1.0
sinnlosigkeit	neg 1.0		neg 0.4827776677124025 off 0.47762609043184956 __DUMMY__ 0.03959624185574803	false	1.0
behindern	neg 1.0		neg 0.48255637147976305 off 0.4780540901824828 __DUMMY__ 0.03938953833775412	false	1.0
undemokratisch	neg 1.0		off 0.48049749074460496 neg 0.4802635278399441 __DUMMY__ 0.039238981415451006	false	0.5
wirtschaftskrise	neg 1.0		neg 0.4868566835395051 off 0.4738651837377982 __DUMMY__ 0.03927813272269654	false	1.0
neid	neg 1.0		off 0.48209073914114525 neg 0.4786730677165623 __DUMMY__ 0.03923619314229245	false	0.5
rutschen	neg 1.0		neg 0.4874432523102914 off 0.47239395634271425 __DUMMY__ 0.040162791346994256	false	1.0
rezession	neg 1.0		off 0.48321385990470145 neg 0.4782721791423988 __DUMMY__ 0.03851396095289984	false	0.5
fehlgeburt	neg 1.0		off 0.48111129220104004 neg 0.47930780889807345 __DUMMY__ 0.0395808989008865	false	0.5
charakterschwach	off 1.0		off 0.48392271925205166 neg 0.4770667540895801 __DUMMY__ 0.039010526658368266	false	1.0
isolation	neg 1.0		off 0.48362817095365324 neg 0.47707385480608955 __DUMMY__ 0.03929797424025728	false	0.5
ablenkung	neg 1.0		neg 0.4805165164296176 off 0.4798962820827281 __DUMMY__ 0.03958720148765433	false	1.0
pech	neg 1.0		off 0.48318210345688056 neg 0.47762266439610257 __DUMMY__ 0.039195232147016854	false	0.5
vermeidung	neg 1.0		off 0.48377729190644697 neg 0.4772723603979233 __DUMMY__ 0.038950347695629654	false	0.5
dominieren	neg 1.0		neg 0.4814656938906485 off 0.47888325861162084 __DUMMY__ 0.03965104749773058	false	1.0
schwindlig	neg 1.0		neg 0.48036451099808225 off 0.4803616439758889 __DUMMY__ 0.039273845026029014	false	1.0
lutscher	neg 1.0	neg 1.0	neg 0.720391700421897 off 0.26157732284368396 __DUMMY__ 0.018030976734418974	false	1.0
pflicht	neg 1.0		neg 0.4847906105344919 off 0.4752815460736148 __DUMMY__ 0.03992784339189323	false	1.0
faschist	off 1.0		off 0.4826418713659692 neg 0.47813375300173133 __DUMMY__ 0.03922437563229955	false	1.0
verschleudern	neg 1.0		neg 0.48766561218290533 off 0.4729582504910968 __DUMMY__ 0.03937613732599787	false	1.0
wenn			off 0.48344217098530534 neg 0.4773946851294877 __DUMMY__ 0.03916314388520702	false	0.0
ehebruch	neg 1.0		neg 0.483821674721709 off 0.47655371161635246 __DUMMY__ 0.03962461366193843	false	1.0
spott	off 1.0		neg 0.48290614881018723 off 0.47736746009898806 __DUMMY__ 0.03972639109082471	false	0.5
trostlosigkeit	neg 1.0		neg 0.48804528144248965 off 0.47230482339136043 __DUMMY__ 0.03964989516614998	false	1.0
lutschen	neg 1.0		off 0.4823522311921375 neg 0.4785202578057216 __DUMMY__ 0.03912751100214084	false	0.5
undiszipliniert	neg 1.0		off 0.4863323874504475 neg 0.47469681951954 __DUMMY__ 0.038970793030012496	false	0.5
kopfschmerz	neg 1.0		neg 0.48630803370690295 off 0.4742407791718612 __DUMMY__ 0.03945118712123578	false	1.0
unvorhergesehen	neg 1.0		neg 0.4849959756726965 off 0.47513041061606986 __DUMMY__ 0.039873613711233664	false	1.0
desinteressiert	neg 1.0		off 0.48518999275827657 neg 0.4758520105409025 __DUMMY__ 0.03895799670082091	false	0.5
armselig	off 1.0		off 0.4875765790212681 neg 0.47355864096413713 __DUMMY__ 0.03886478001459467	false	1.0
desaster	neg 1.0		neg 0.4873364293243225 off 0.47288184655751475 __DUMMY__ 0.0397817241181628	false	1.0
tod	neg 1.0		neg 0.48325752174880915 off 0.47696799161469006 __DUMMY__ 0.03977448663650086	false	1.0
herzlos	neg 1.0		off 0.48685320964548723 neg 0.4742765289551756 __DUMMY__ 0.038870261399337094	false	0.5
unwissenheit	neg 1.0		neg 0.4836638275870324 off 0.4767736917054551 __DUMMY__ 0.03956248070751244	false	1.0
widersinnig	neg 1.0		neg 0.4840420397407404 off 0.47662227772980165 __DUMMY__ 0.03933568252945798	false	1.0
bedenklich	neg 1.0		neg 0.4848574163952864 off 0.4755707693908339 __DUMMY__ 0.03957181421387961	false	1.0
beanstanden	neg 1.0		neg 0.4840514867904625 off 0.4760401013821042 __DUMMY__ 0.03990841182743319	false	1.0
panisch	neg 1.0		off 0.48196911547167737 neg 0.4785746224942947 __DUMMY__ 0.03945626203402782	false	0.5
debil	off 1.0		neg 0.4906415724315567 off 0.4692071006178693 __DUMMY__ 0.04015132695057388	false	0.5
abstrich	neg 1.0		neg 0.4847697560573848 off 0.4758855127796346 __DUMMY__ 0.0393447311629806	false	1.0
primitiv	neg 1.0		off 0.48576270277127576 neg 0.47524189312370385 __DUMMY__ 0.038995404105020365	false	0.5
abschaum	off 1.0	off 1.0	off 0.7282365433645046 neg 0.25319021122974356 __DUMMY__ 0.018573245405751757	false	1.0
provozieren	neg 1.0		neg 0.48103253138063895 off 0.4796008048681126 __DUMMY__ 0.03936666375124844	false	1.0
tot	neg 1.0		neg 0.4845997066843673 off 0.4759529190116706 __DUMMY__ 0.03944737430396217	false	1.0
instabil	neg 1.0		off 0.48756736817427193 neg 0.4736297126181405 __DUMMY__ 0.0388029192075876	false	0.5
schwuchtel	off 1.0	off 1.0	off 0.7338007545301369 neg 0.24828237716952983 __DUMMY__ 0.017916868300333143	false	1.0
zerren	neg 1.0		neg 0.48242234038960696 off 0.4778509618843988 __DUMMY__ 0.03972669772599436	false	1.0
kinderficker	off 1.0		off 0.48928040309175014 neg 0.47204015614619066 __DUMMY__ 0.038679440762059064	false	1.0
gefahr	neg 1.0		neg 0.4851069635727874 off 0.47505083202619897 __DUMMY__ 0.039842204401013576	false	1.0
rabiat	neg 1.0		neg 0.4830363688393458 off 0.47753413809397494 __DUMMY__ 0.039429493066679325	false	1.0
verlangsamung	neg 1.0		off 0.4904672553618962 neg 0.4710019171359379 __DUMMY__ 0.03853082750216572	false	0.5
ausgestorben	neg 1.0		neg 0.4819776928054232 off 0.47844566869156013 __DUMMY__ 0.03957663850301677	false	1.0
anklagen	neg 1.0		neg 0.4827337976225096 off 0.47772068479975205 __DUMMY__ 0.039545517577738436	false	1.0
trott	neg 1.0		neg 0.4814823245477426 off 0.47905908555078397 __DUMMY__ 0.03945858990147342	false	1.0
verminderung	neg 1.0		off 0.48429109406652426 neg 0.4767221240271829 __DUMMY__ 0.03898678190629289	false	0.5
nach			neg 0.4873499428332754 off 0.4723129485457788 __DUMMY__ 0.040337108620945916	false	0.0
rost	neg 1.0		off 0.49421976337986234 neg 0.46707864266660964 __DUMMY__ 0.03870159395352799	false	0.5
destruktiv	neg 1.0		neg 0.4820031798754333 off 0.47857490747468207 __DUMMY__ 0.03942191264988467	false	1.0
unzumutbarkeit	neg 1.0		off 0.48479031462869393 neg 0.47615734239717866 __DUMMY__ 0.0390523429741274	false	0.5
labil	off 1.0	off 1.0	off 0.727097774590848 neg 0.2543813354367271 __DUMMY__ 0.018520889972424952	false	1.0
ziemlich	neg 1.0		off 0.4849201428690967 neg 0.47591313564040516 __DUMMY__ 0.03916672149049813	false	0.5
lachnummer	off 1.0		off 0.48037323526662684 neg 0.48011423636535017 __DUMMY__ 0.039512528368022944	false	1.0
oder			off 0.4807037183205087 neg 0.4797509713961896 __DUMMY__ 0.03954531028330168	false	0.0
verfall	neg 1.0		neg 0.4900276493819693 off 0.47015837340383887 __DUMMY__ 0.0398139772141918	false	1.0
ausgrenzung	neg 1.0		neg 0.48064254684430174 off 0.4801428775942484 __DUMMY__ 0.03921457556144989	false	1.0
unordnung	neg 1.0		off 0.48705689031082855 neg 0.4742422368408586 __DUMMY__ 0.03870087284831266	false	0.5
fehlverhalten	neg 1.0		neg 0.4844437873143605 off 0.47582753392165805 __DUMMY__ 0.03972867876398151	false	1.0
eine			neg 0.48616729407797765 off 0.4739804067397901 __DUMMY__ 0.03985229918223226	false	0.0
nille	neg 1.0		neg 0.48115358665308394 off 0.47940050302916454 __DUMMY__ 0.039445910317751576	false	1.0
qual	neg 1.0		neg 0.4821015918137269 off 0.4784495353936619 __DUMMY__ 0.03944887279261118	false	1.0
verschwenden	neg 1.0		neg 0.4862958785549856 off 0.4741075126385692 __DUMMY__ 0.03959660880644537	false	1.0
riesig	neg 1.0		neg 0.48402466310143455 off 0.47625066279554906 __DUMMY__ 0.039724674103016416	false	1.0
verurteilen	neg 1.0		neg 0.4832862810340969 off 0.4771758435902803 __DUMMY__ 0.039537875375622915	false	1.0
klischee	neg 1.0	neg 1.0	neg 0.7250204004521479 off 0.2564419276514295 __DUMMY__ 0.01853767189642266	false	1.0
diktatorisch	neg 1.0		neg 0.48076560585286615 off 0.4800509810140594 __DUMMY__ 0.039183413133074455	false	1.0
vorhersehbar	neg 1.0		off 0.4808979460939792 neg 0.4799403989216936 __DUMMY__ 0.0391616549843272	false	0.5
sowie			off 0.4868410638783979 neg 0.4746215284911439 __DUMMY__ 0.03853740763045821	false	0.0
stornieren	neg 1.0		off 0.4850844591095838 neg 0.475307394139695 __DUMMY__ 0.03960814675072106	false	0.5
besteuerung	neg 1.0	neg 1.0	neg 0.7282232095600992 off 0.25331039911232917 __DUMMY__ 0.01846639132757172	false	1.0
ungeschminkt	neg 1.0		off 0.4851062043385323 neg 0.4759818020663789 __DUMMY__ 0.038911993595088804	false	0.5
kritisch	neg 1.0		neg 0.48307592053951465 off 0.4773047160239939 __DUMMY__ 0.039619363436491604	false	1.0
schlamperei	off 1.0		neg 0.48491206173549734 off 0.4754579331802913 __DUMMY__ 0.03963000508421135	false	0.5
sucht	neg 1.0	neg 1.0	neg 0.7250630205415275 off 0.25621470317700457 __DUMMY__ 0.018722276281468067	false	1.0
egoistisch	off 1.0	off 1.0	off 0.7305010342001399 neg 0.2511592482084128 __DUMMY__ 0.018339717591447292	false	1.0
ausbeuter	off 1.0		neg 0.48681322841544106 off 0.4736382265573681 __DUMMY__ 0.039548545027190865	false	0.5
arschgeburt	off 1.0		off 0.495678981135563 neg 0.4663453319558972 __DUMMY__ 0.03797568690853983	false	1.0
schubs	neg 1.0		neg 0.4858152807888767 off 0.47472581336590586 __DUMMY__ 0.03945890584521741	false	1.0
unsolide	neg 1.0		off 0.48243780525490293 neg 0.4782291243278247 __DUMMY__ 0.039333070417272256	false	0.5
beschwerde	neg 1.0		neg 0.4826419215903457 off 0.4777465068389615 __DUMMY__ 0.039611571570692866	false	1.0
stocken	neg 1.0		neg 0.4838548875470629 off 0.4764965361436348 __DUMMY__ 0.039648576309302457	false	1.0
isolieren	neg 1.0		neg 0.4840251536482417 off 0.4764846922534762 __DUMMY__ 0.039490154098282125	false	1.0
unheilbar	neg 1.0		neg 0.48062985748391784 off 0.47985988150821496 __DUMMY__ 0.039510261007867156	false	1.0
pisser	off 1.0	off 1.0	off 0.7289416039363631 neg 0.2526645616569275 __DUMMY__ 0.018393834406709435	false	1.0
löschen	neg 1.0		neg 0.4817073919487019 off 0.47893616463381977 __DUMMY__ 0.03935644341747831	false	1.0
durchfallen	neg 1.0		neg 0.48303854073077346 off 0.47731525829484817 __DUMMY__ 0.03964620097437838	false	1.0
wichser	off 1.0	off 1.0	off 0.7324713689455453 neg 0.24941432820692433 __DUMMY__ 0.018114302847530257	false	1.0
terror	neg 1.0		off 0.4820219167973575 neg 0.4787368256542989 __DUMMY__ 0.03924125754834352	false	0.5
krass	neg 1.0		off 0.4882024256540583 neg 0.4730611711309974 __DUMMY__ 0.03873640321494423	false	0.5
revolte	neg 1.0		neg 0.4812004831225198 off 0.4798472322673081 __DUMMY__ 0.03895228461017216	false	1.0
besorgt	neg 1.0		neg 0.4810371586216926 off 0.479190638258714 __DUMMY__ 0.039772203119593466	false	1.0
nachlassen	neg 1.0		neg 0.48261003517774537 off 0.4776308159552935 __DUMMY__ 0.03975914886696115	false	1.0
alt	neg 1.0		neg 0.4891034179375582 off 0.47168063878441113 __DUMMY__ 0.039215943278030775	false	1.0
hundesohn	off 1.0	off 1.0	off 0.7316338609878567 neg 0.25024814722665284 __DUMMY__ 0.01811799178549054	false	1.0
als			neg 0.48330980007087276 off 0.477125375759424 __DUMMY__ 0.03956482416970326	false	0.0
abschreckung	neg 1.0		neg 0.48596324514687983 off 0.4743320286857822 __DUMMY__ 0.0397047261673378	false	1.0
unqualifiziert	neg 1.0		off 0.48341757942983987 neg 0.4773780733912661 __DUMMY__ 0.03920434717889414	false	0.5
abgewichst	off 1.0		neg 0.4812080167107539 off 0.4792666615621679 __DUMMY__ 0.03952532172707815	false	0.5
schwer	neg 1.0		neg 0.4812039739759924 off 0.479238006462366 __DUMMY__ 0.039558019561641615	false	1.0
bedeutungslosigkeit	neg 1.0		neg 0.48524945422804955 off 0.47505138854303874 __DUMMY__ 0.03969915722891176	false	1.0
kapitulation	neg 1.0		neg 0.48547447197749366 off 0.47508220283623975 __DUMMY__ 0.03944332518626654	false	1.0
unscharf	neg 1.0		neg 0.4824929015066704 off 0.47847361457826587 __DUMMY__ 0.03903348391506373	false	1.0
schwinden	neg 1.0		neg 0.4860768386559525 off 0.4743146633802376 __DUMMY__ 0.039608497963809816	false	1.0
versklavung	neg 1.0	neg 1.0	neg 0.7267899598501915 off 0.25466436828426914 __DUMMY__ 0.018545671865539463	false	1.0
schlecht	neg 1.0		off 0.48520983526993183 neg 0.4756098450077465 __DUMMY__ 0.03918031972232167	false	0.5
verhasst	neg 1.0		neg 0.4808944803763809 off 0.47981881904037055 __DUMMY__ 0.03928670058324867	false	1.0
beschweren	neg 1.0		off 0.4816873464399478 neg 0.4788849368224849 __DUMMY__ 0.0394277167375674	false	0.5
scheiden	neg 1.0		neg 0.4808602598971937 off 0.47965389696966254 __DUMMY__ 0.03948584313314379	false	1.0
frustriert	neg 1.0		neg 0.4820335933778511 off 0.47836883812841885 __DUMMY__ 0.03959756849373004	false	1.0
schimmelig	neg 1.0		neg 0.486823645760735 off 0.47382632310908623 __DUMMY__ 0.039350031130178806	false	1.0
fisch	neg 1.0		neg 0.4904972948745481 off 0.47005340955440134 __DUMMY__ 0.03944929557105053	false	1.0
schmuggel	neg 1.0		neg 0.4852260154326444 off 0.4748603352312293 __DUMMY__ 0.03991364933612635	false	1.0
auffallen	neg 1.0		off 0.4815900597273391 neg 0.4790647770248634 __DUMMY__ 0.03934516324779759	false	0.5
konkurrenz	neg 1.0		neg 0.48348514954671984 off 0.4765998595691787 __DUMMY__ 0.03991499088410136	false	1.0
teufelskreis	neg 1.0	neg 1.0	neg 0.7277103342396402 off 0.2536430548991279 __DUMMY__ 0.018646610861231976	false	1.0
aufschreien	neg 1.0		off 0.4808558092447104 neg 0.4799626986094814 __DUMMY__ 0.0391814921458083	false	0.5
schuldner	neg 1.0		neg 0.4880821004199078 off 0.47246191738310983 __DUMMY__ 0.0394559821969824	false	1.0
missgeburt	off 1.0	off 1.0	off 0.7317497633047036 neg 0.24999292951982696 __DUMMY__ 0.018257307175469438	false	1.0
arbeitslos	neg 1.0		neg 0.48385804949577466 off 0.4765494505213093 __DUMMY__ 0.03959249998291591	false	1.0
befallen	neg 1.0		neg 0.486610883457522 off 0.47425851411227277 __DUMMY__ 0.03913060243020519	false	1.0
miesepetrig	off 1.0	off 1.0	off 0.7273380800403919 neg 0.2541249109425599 __DUMMY__ 0.01853700901704819	false	1.0
alarmieren	neg 1.0		off 0.48328551291541416 neg 0.4775810270914476 __DUMMY__ 0.039133459993138206	false	0.5
ungeduscht	off 1.0		off 0.48209489757061486 neg 0.47884823693141704 __DUMMY__ 0.03905686549796805	false	1.0
knappheit	neg 1.0		neg 0.4858703795248209 off 0.47478139138050873 __DUMMY__ 0.039348229094670346	false	1.0
schlange	neg 1.0		off 0.48032074765199584 neg 0.4801566734696748 __DUMMY__ 0.0395225788783293	false	0.5
harsch	neg 1.0		off 0.4893971902364594 neg 0.47164788852402795 __DUMMY__ 0.038954921239512566	false	0.5
lang	neg 1.0		off 0.4803649605017142 neg 0.48025661051521173 __DUMMY__ 0.039378428983074185	false	0.5
ziellos	neg 1.0		neg 0.4836691965809703 off 0.4765145388572215 __DUMMY__ 0.03981626456180817	false	1.0
selbstverliebt	neg 1.0		off 0.4951169062462106 neg 0.46653288149843675 __DUMMY__ 0.038350212255352616	false	0.5
beseitigen	neg 1.0		neg 0.4805338700063072 off 0.4799127539991091 __DUMMY__ 0.03955337599458367	false	1.0
dumm	off 1.0		off 0.4898917716298344 neg 0.47150426155163955 __DUMMY__ 0.03860396681852612	false	1.0
arbeitsloser	neg 1.0		off 0.4806593799364742 neg 0.4793698326745015 __DUMMY__ 0.039970787389024265	false	0.5
blitzen	neg 1.0		off 0.4818364007914994 neg 0.47904794136422474 __DUMMY__ 0.03911565784427596	false	0.5
hilflos	neg 1.0		neg 0.48369669769119084 off 0.4767157458183194 __DUMMY__ 0.0395875564904898	false	1.0
eklig	off 1.0		off 0.4890020625591168 neg 0.4725556148353877 __DUMMY__ 0.03844232260549547	false	1.0
begriff			neg 0.48106154269606466 off 0.47939561111655393 __DUMMY__ 0.03954284618738138	false	0.0
hungersnot	neg 1.0		neg 0.4853389514400784 off 0.47527074177016154 __DUMMY__ 0.039390306789760056	false	1.0
ungesetzlich	neg 1.0		off 0.48111093658930304 neg 0.4796073611447324 __DUMMY__ 0.039281702265964474	false	0.5
verschwendung	neg 1.0		neg 0.4854297107092273 off 0.4748852437837372 __DUMMY__ 0.03968504550703552	false	1.0
schmerzvoll	neg 1.0		neg 0.48094344001732264 off 0.4797605356607071 __DUMMY__ 0.03929602432197023	false	1.0
vorzeitig	neg 1.0		off 0.48622952762678195 neg 0.47442376290561405 __DUMMY__ 0.039346709467604074	false	0.5
unvollkommenheit	neg 1.0		neg 0.4828288443898879 off 0.47763939709677133 __DUMMY__ 0.039531758513340766	false	1.0
intervenieren	neg 1.0		neg 0.48690580031453345 off 0.4736342688821924 __DUMMY__ 0.03945993080327422	false	1.0
banause	off 1.0		off 0.48870221258633484 neg 0.47311836856120976 __DUMMY__ 0.03817941885245544	false	1.0
rebell	neg 1.0		neg 0.491159111058359 off 0.46919299149342153 __DUMMY__ 0.03964789744821941	false	1.0
unlogisch	neg 1.0		off 0.48563340583578074 neg 0.47553334744699277 __DUMMY__ 0.038833246717226634	false	0.5
leiden	neg 1.0		neg 0.4838584730761824 off 0.4761671166025612 __DUMMY__ 0.039974410321256496	false	1.0
abschaffung	neg 1.0		neg 0.4820785423627251 off 0.4786933002106401 __DUMMY__ 0.03922815742663471	false	1.0
sturz	neg 1.0		off 0.48354937380271723 neg 0.4768776016352401 __DUMMY__ 0.039573024562042806	false	0.5
verkleinerung	neg 1.0		neg 0.4815396081083527 off 0.47960930956256026 __DUMMY__ 0.03885108232908694	false	1.0
schmarotzer	off 1.0		neg 0.4829257211938848 off 0.47752942226251843 __DUMMY__ 0.0395448565435968	false	0.5
bestrafung	neg 1.0	neg 1.0	neg 0.7258943009872588 off 0.2553930208087823 __DUMMY__ 0.018712678203958825	false	1.0
achtlos	neg 1.0		neg 0.48124848709240725 off 0.4790917127252491 __DUMMY__ 0.03965980018234373	false	1.0
ungeheuer	neg 1.0		neg 0.48179086683571437 off 0.47885904325056383 __DUMMY__ 0.03935008991372186	false	1.0
