unsolidarisch	neg 1.0		__DUMMY__ 0.44613059479046807 neg 0.2777544223530285 off 0.27611498285650343	false	1.0
nachteilig	neg 1.0		__DUMMY__ 0.4518450479488307 neg 0.2758540108605708 off 0.27230094119059844	false	1.0
skeptisch	neg 1.0		__DUMMY__ 0.45126975106018324 neg 0.27836304521540367 off 0.27036720372441303	false	1.0
schrecklich	neg 1.0		__DUMMY__ 0.4421857327412696 off 0.28572270938183975 neg 0.27209155787689066	false	0.5
schlapp	neg 1.0	neg 1.0	neg 0.6255082926092412 __DUMMY__ 0.21452103649827522 off 0.1599706708924835	false	1.0
abfall	neg 1.0		__DUMMY__ 0.4551773508389508 neg 0.277015030933921 off 0.2678076182271282	false	1.0
widerspenstig	neg 1.0		__DUMMY__ 0.4471256852491859 neg 0.2786469967634729 off 0.27422731798734123	false	1.0
abrupt	neg 1.0		__DUMMY__ 0.44997333370757836 neg 0.28097345287117215 off 0.26905321342124955	false	1.0
unwirksam	neg 1.0		__DUMMY__ 0.44324229107295005 neg 0.2825335528212162 off 0.27422415610583367	false	1.0
angreifen	neg 1.0		__DUMMY__ 0.4518502162512602 neg 0.2783244325014371 off 0.2698253512473027	false	1.0
inkonsistent	neg 1.0		__DUMMY__ 0.44532833973614666 off 0.27812305824514566 neg 0.27654860201870757	false	0.5
abrutschen	neg 1.0		__DUMMY__ 0.45446494507596535 neg 0.278497752393714 off 0.2670373025303207	false	1.0
unsicher	neg 1.0		__DUMMY__ 0.44923650806218074 off 0.27579080310280163 neg 0.27497268883501763	false	0.5
bauernkind	off 1.0	off 1.0	off 0.6325132413349155 __DUMMY__ 0.20984017843808614 neg 0.15764658022699837	false	1.0
angreifer	neg 1.0		__DUMMY__ 0.44808547803304377 off 0.2807327273764463 neg 0.27118179459051006	false	0.5
trennen	neg 1.0		__DUMMY__ 0.45283992987748656 neg 0.2772822323015774 off 0.26987783782093594	false	1.0
schmutz	neg 1.0		__DUMMY__ 0.45104963253931474 off 0.2809490196856459 neg 0.2680013477750393	false	0.5
inkonsistenz	neg 1.0		__DUMMY__ 0.4454163306290881 off 0.28136748028756015 neg 0.27321618908335166	false	0.5
erschreckend	neg 1.0		__DUMMY__ 0.4488260563061942 neg 0.27636152450605456 off 0.2748124191877513	false	1.0
ertrinken	neg 1.0		__DUMMY__ 0.4506979211166733 neg 0.2807049626311311 off 0.26859711625219557	false	1.0
pickelface	off 1.0		__DUMMY__ 0.4475189739737478 neg 0.2765060405637492 off 0.2759749854625031	false	0.5
seiner			__DUMMY__ 0.452557397279215 neg 0.2767863844438118 off 0.2706562182769731	false	0.0
lauch	neg 1.0	neg 1.0	neg 0.6295919903787061 __DUMMY__ 0.2188215557031337 off 0.15158645391816025	false	1.0
unwichtig	neg 1.0		__DUMMY__ 0.4447069572119731 off 0.280933171228932 neg 0.2743598715590947	false	0.5
steuerhinterziehung	neg 1.0		__DUMMY__ 0.44754249188179807 neg 0.27803770604620043 off 0.27441980207200145	false	1.0
schock	neg 1.0		__DUMMY__ 0.44965751662342496 neg 0.2765535164402052 off 0.27378896693636984	false	1.0
beule	neg 1.0		__DUMMY__ 0.44285234572913074 off 0.2833972981432248 neg 0.27375035612764437	false	0.5
vergelten	neg 1.0		__DUMMY__ 0.4429335203713425 off 0.2874368252178185 neg 0.26962965441083897	false	0.5
verdorbenheit	neg 1.0		__DUMMY__ 0.4470607698940196 off 0.2765612183991622 neg 0.27637801170681814	false	0.5
trauma	neg 1.0		__DUMMY__ 0.44654249417922165 off 0.2768457231365371 neg 0.2766117826842413	false	0.5
sinnlos	neg 1.0		__DUMMY__ 0.446950859173682 off 0.27778618275360134 neg 0.27526295807271667	false	0.5
fettsack	off 1.0	off 1.0	off 0.6336704068951973 __DUMMY__ 0.21009289981356422 neg 0.15623669329123857	false	1.0
feige	off 1.0	off 1.0	off 0.6301447590263316 __DUMMY__ 0.2135205693780162 neg 0.15633467159565215	false	1.0
abdanken	neg 1.0		__DUMMY__ 0.4487333144694529 neg 0.27600176482329236 off 0.2752649207072548	false	1.0
wichtigtuer	off 1.0	off 1.0	off 0.6284738901824612 __DUMMY__ 0.2156343395389652 neg 0.15589177027857354	false	1.0
misslingen	neg 1.0	neg 1.0	neg 0.6225371728832259 __DUMMY__ 0.21878813028199257 off 0.15867469683478153	false	1.0
untreu	off 1.0		__DUMMY__ 0.4438805193931067 off 0.28230319386748415 neg 0.2738162867394091	false	1.0
missmutig	neg 1.0		__DUMMY__ 0.44545686305530524 off 0.27949124025694605 neg 0.2750518966877488	false	0.5
hurenbock	off 1.0		__DUMMY__ 0.44390732719780923 neg 0.2820545068041047 off 0.2740381659980861	false	0.5
betrunken	neg 1.0		__DUMMY__ 0.4426784436478058 off 0.2844206083082546 neg 0.2729009480439396	false	0.5
korrupt	off 1.0		__DUMMY__ 0.44730635274694064 neg 0.27900173020030594 off 0.27369191705275353	false	0.5
unmut	neg 1.0		__DUMMY__ 0.4524891048817286 neg 0.27909738715178894 off 0.2684135079664824	false	1.0
hackfresse	off 1.0		__DUMMY__ 0.43906249112935736 off 0.29076553355685125 neg 0.27017197531379145	false	1.0
aufblasen	neg 1.0		__DUMMY__ 0.44812984551122653 off 0.27599419814596493 neg 0.2758759563428085	false	0.5
gewaltsam	neg 1.0		__DUMMY__ 0.44856051260624774 neg 0.27627736261359104 off 0.2751621247801612	false	1.0
unbeliebtheit	neg 1.0		__DUMMY__ 0.44414938242795293 off 0.2825152819149819 neg 0.2733353356570652	false	0.5
sturheit	neg 1.0		__DUMMY__ 0.45013496401955183 off 0.27530743121962814 neg 0.27455760476082014	false	0.5
kuh	neg 1.0		__DUMMY__ 0.43950680443760676 neg 0.28440460419802116 off 0.2760885913643721	false	1.0
erschrecken	neg 1.0		__DUMMY__ 0.44608592759010185 off 0.28031657848776476 neg 0.27359749392213345	false	0.5
opfer	neg 1.0		__DUMMY__ 0.4523696195593756 neg 0.27488349384707855 off 0.2727468865935459	false	1.0
sinken	neg 1.0		__DUMMY__ 0.4510385111557539 neg 0.28047073911227227 off 0.26849074973197373	false	1.0
stinktier	neg 1.0		__DUMMY__ 0.4363943948550551 off 0.2863992283469361 neg 0.2772063767980087	false	0.5
tucke	off 1.0		__DUMMY__ 0.4341080022474707 off 0.2914591365490801 neg 0.2744328612034492	false	1.0
ein			__DUMMY__ 0.4472099318109078 neg 0.27891881690368975 off 0.2738712512854025	false	0.0
abstieg	neg 1.0		__DUMMY__ 0.4535658017517272 off 0.27505754614640066 neg 0.2713766521018721	false	0.5
missverstehen	neg 1.0		__DUMMY__ 0.4463003906406536 off 0.27878242015506177 neg 0.27491718920428465	false	0.5
ergebnislos	neg 1.0		__DUMMY__ 0.45236348977249474 neg 0.27529266945739306 off 0.2723438407701123	false	1.0
unter			__DUMMY__ 0.45848672614665775 neg 0.2780987458578581 off 0.263414527995484	false	0.0
manipulieren	neg 1.0		__DUMMY__ 0.4524111001170209 neg 0.2761246110767326 off 0.27146428880624657	false	1.0
unbewiesen	neg 1.0	neg 1.0	neg 0.6264688334592747 __DUMMY__ 0.21616033340893057 off 0.15737083313179473	false	1.0
verschleppen	neg 1.0		__DUMMY__ 0.4494744617425801 neg 0.2780601269529917 off 0.27246541130442825	false	1.0
weib	off 1.0		__DUMMY__ 0.4358882440989602 off 0.2923634044593802 neg 0.27174835144165965	false	1.0
opposition	neg 1.0		__DUMMY__ 0.44536794347395686 neg 0.2779687399459198 off 0.27666331658012333	false	1.0
verkehrswidrig	neg 1.0	neg 1.0	neg 0.6214960681626713 __DUMMY__ 0.21443102877678347 off 0.16407290306054523	false	1.0
inkorrekt	neg 1.0		__DUMMY__ 0.4418088329216285 off 0.2853757516396327 neg 0.2728154154387389	false	0.5
vermeiden	neg 1.0		__DUMMY__ 0.454896108510261 neg 0.27861673870435627 off 0.2664871527853827	false	1.0
abweichung	neg 1.0	neg 1.0	neg 0.6250730544641461 __DUMMY__ 0.21903367826731013 off 0.1558932672685438	false	1.0
alkoholisiert	neg 1.0		__DUMMY__ 0.45414254503595086 neg 0.2746766278756162 off 0.27118082708843305	false	1.0
scheiss	off 1.0	off 1.0	off 0.6309645142697827 __DUMMY__ 0.21280838067595237 neg 0.1562271050542649	false	1.0
herausforderung	neg 1.0		__DUMMY__ 0.4510683756491341 neg 0.27555868691780594 off 0.27337293743305996	false	1.0
pervers	off 1.0		__DUMMY__ 0.4350848975454375 off 0.2952876016952761 neg 0.2696275007592863	false	1.0
wackelig	neg 1.0		__DUMMY__ 0.4511516540704338 neg 0.275646473310371 off 0.27320187261919515	false	1.0
verwickeln	neg 1.0		__DUMMY__ 0.44666791761352986 off 0.2776704634365329 neg 0.2756616189499373	false	0.5
vorwand	neg 1.0		__DUMMY__ 0.45186180378527774 neg 0.2788683250653247 off 0.26926987114939743	false	1.0
muschi	off 1.0		__DUMMY__ 0.44892285334667414 neg 0.27595662891886114 off 0.2751205177344649	false	0.5
entmutigung	neg 1.0		__DUMMY__ 0.4448728717770957 off 0.2778351234439535 neg 0.277292004778951	false	0.5
unangemessen	neg 1.0		__DUMMY__ 0.4497193513058021 neg 0.2755859684396793 off 0.2746946802545185	false	1.0
unstetig	neg 1.0		__DUMMY__ 0.44572022024895125 off 0.2801977776720103 neg 0.27408200207903843	false	0.5
entmutigen	neg 1.0		__DUMMY__ 0.4478981290683728 off 0.276782066465327 neg 0.2753198044663003	false	0.5
schwanz	neg 1.0		__DUMMY__ 0.4492280341228358 neg 0.2784584249731584 off 0.2723135409040058	false	1.0
verbot	neg 1.0		__DUMMY__ 0.4475891036492637 neg 0.27913549258417064 off 0.27327540376656556	false	1.0
leid	neg 1.0		__DUMMY__ 0.44058435839835136 off 0.28730889853211244 neg 0.2721067430695362	false	0.5
archaisch	neg 1.0		__DUMMY__ 0.4484979516237101 neg 0.2778405413376586 off 0.2736615070386314	false	1.0
gegen			__DUMMY__ 0.45400034838856435 neg 0.27622870392330506 off 0.26977094768813054	false	0.0
scheidung	neg 1.0		__DUMMY__ 0.4374963295190882 off 0.30102661741053915 neg 0.26147705307037283	false	0.5
einschlag	neg 1.0		__DUMMY__ 0.44420947982290254 off 0.2870514760639925 neg 0.26873904411310484	false	0.5
m			__DUMMY__ 0.4499719871840863 neg 0.27665918531185796 off 0.27336882750405583	false	0.0
abgestanden	neg 1.0		__DUMMY__ 0.44275677072441827 neg 0.2840708596503089 off 0.27317236962527286	false	1.0
schmierig	off 1.0		__DUMMY__ 0.44091766982605163 off 0.2870320928096175 neg 0.27205023736433087	false	1.0
unpraktisch	neg 1.0		__DUMMY__ 0.4481428601316758 off 0.2775050055322005 neg 0.2743521343361237	false	0.5
wixxer	off 1.0		__DUMMY__ 0.4336161710017268 off 0.29513359466053235 neg 0.2712502343377408	false	1.0
bezeichnet			__DUMMY__ 0.4486959474482599 off 0.2762654661373636 neg 0.27503858641437645	false	0.0
jammerlappen	off 1.0		__DUMMY__ 0.4449711033633969 off 0.28146223747721083 neg 0.27356665915939216	false	1.0
farce	neg 1.0		__DUMMY__ 0.446459314356644 neg 0.27849086765363595 off 0.2750498179897201	false	1.0
zwecklos	neg 1.0		__DUMMY__ 0.44936971308712115 neg 0.27748658878478877 off 0.27314369812809014	false	1.0
turbulent	neg 1.0		__DUMMY__ 0.4430083124514848 off 0.2836378824878209 neg 0.27335380506069423	false	0.5
invasion	neg 1.0		__DUMMY__ 0.446502396096405 off 0.27861640858682946 neg 0.27488119531676564	false	0.5
schuld	neg 1.0		__DUMMY__ 0.44751794204778816 off 0.277063363546949 neg 0.27541869440526295	false	0.5
risiko	neg 1.0		__DUMMY__ 0.4447365710915945 neg 0.2782425929097339 off 0.27702083599867156	false	1.0
finster	neg 1.0		__DUMMY__ 0.4467570352697454 neg 0.2788074583364638 off 0.27443550639379083	false	1.0
geisteskrank	off 1.0		__DUMMY__ 0.44281489897467435 off 0.28407190823213313 neg 0.2731131927931926	false	1.0
zusammenbrechen	neg 1.0		__DUMMY__ 0.4491880251436494 neg 0.27752789898771735 off 0.27328407586863324	false	1.0
ausbeute	neg 1.0		__DUMMY__ 0.4513868926545937 off 0.27537832808129314 neg 0.2732347792641131	false	0.5
hinterhalt	neg 1.0		__DUMMY__ 0.44840912080459006 neg 0.2779662381729529 off 0.27362464102245704	false	1.0
kritik	neg 1.0		__DUMMY__ 0.44646168285364435 neg 0.2788831436156081 off 0.2746551735307477	false	1.0
einschrumpfen	neg 1.0		__DUMMY__ 0.44220187636463026 off 0.2804672739195356 neg 0.277330849715834	false	0.5
riskant	neg 1.0		__DUMMY__ 0.4505455833561924 neg 0.27912796193016326 off 0.27032645471364436	false	1.0
frustrieren	neg 1.0		__DUMMY__ 0.44945480448377184 neg 0.2794550402929266 off 0.2710901552233015	false	1.0
groll	neg 1.0		__DUMMY__ 0.45044191544917334 neg 0.2756224228342621 off 0.2739356617165644	false	1.0
gibt			__DUMMY__ 0.4502861262089299 neg 0.27652482330561423 off 0.2731890504854558	false	0.0
qualvoll	neg 1.0		__DUMMY__ 0.44678883027564076 off 0.27793757396688706 neg 0.2752735957574722	false	0.5
wackeln	neg 1.0		__DUMMY__ 0.44870356870784545 neg 0.2758547111011061 off 0.27544172019104834	false	1.0
klagen	neg 1.0		__DUMMY__ 0.4511315896582609 neg 0.27960435288905555 off 0.26926405745268345	false	1.0
bankrott	neg 1.0		__DUMMY__ 0.4462275967738267 off 0.2812245829745301 neg 0.2725478202516432	false	0.5
trauern	neg 1.0		__DUMMY__ 0.4543916082289772 neg 0.2733857705749823 off 0.2722226211960405	false	1.0
ablehnung	neg 1.0		__DUMMY__ 0.4472563483029642 neg 0.2785848798858925 off 0.2741587718111434	false	1.0
stur	neg 1.0		__DUMMY__ 0.44684131034853963 off 0.2767439897100877 neg 0.27641469994137263	false	0.5
aufruhr	neg 1.0	neg 1.0	neg 0.6269293145231476 __DUMMY__ 0.2164464048861222 off 0.15662428059073025	false	1.0
melancholie	neg 1.0		__DUMMY__ 0.44964671261698713 neg 0.28091344960956305 off 0.26943983777344965	false	1.0
ist			__DUMMY__ 0.4473004328663745 off 0.27760856328630795 neg 0.2750910038473174	false	0.0
torheit	neg 1.0		__DUMMY__ 0.4475123289294394 off 0.27720223523732324 neg 0.27528543583323734	false	0.5
dreckskind	off 1.0		__DUMMY__ 0.4374294538952446 off 0.2916615669421327 neg 0.27090897916262263	false	1.0
umtauschen	neg 1.0		__DUMMY__ 0.4482103273496064 neg 0.277176027021855 off 0.27461364562853846	false	1.0
zum			__DUMMY__ 0.4586654582755852 neg 0.27295247677365725 off 0.26838206495075767	false	0.0
zersetzen	neg 1.0		__DUMMY__ 0.45015697503463636 neg 0.2798320264849287 off 0.27001099848043486	false	1.0
zur			__DUMMY__ 0.4551373001975137 neg 0.2780207421205456 off 0.26684195768194074	false	0.0
frust	neg 1.0		__DUMMY__ 0.44981179397301196 neg 0.2769444924308682 off 0.27324371359611976	false	1.0
unerbittlichkeit	neg 1.0		__DUMMY__ 0.4512815104868489 neg 0.2770704691034171 off 0.2716480204097341	false	1.0
zwei			__DUMMY__ 0.45582124510897326 neg 0.27774867263377306 off 0.2664300822572537	false	0.0
unkorrekt	neg 1.0		__DUMMY__ 0.44209110218957864 off 0.2837485274978478 neg 0.27416037031257356	false	0.5
hexe	off 1.0		__DUMMY__ 0.4425283122718002 off 0.2798700597392247 neg 0.27760162798897503	false	1.0
lasch	neg 1.0		__DUMMY__ 0.44562742538191663 off 0.2805537767803 neg 0.27381879783778323	false	0.5
rivale	neg 1.0		__DUMMY__ 0.4422642321522686 off 0.2857808534004083 neg 0.27195491444732306	false	0.5
mutlos	off 1.0	off 1.0	off 0.6249023438440341 __DUMMY__ 0.21750632212893278 neg 0.15759133402703307	false	1.0
wirr	off 1.0		__DUMMY__ 0.44139571989916243 off 0.2862623852294034 neg 0.2723418948714341	false	1.0
jahr			__DUMMY__ 0.45546842384044034 off 0.27230059389496514 neg 0.27223098226459447	false	0.0
wird			__DUMMY__ 0.4507408422308525 neg 0.27666745353163336 off 0.2725917042375141	false	0.0
strafbar	neg 1.0		__DUMMY__ 0.45115339795423187 neg 0.2773860197443479 off 0.27146058230142006	false	1.0
erosion	neg 1.0		__DUMMY__ 0.44815428460185924 neg 0.27599411193008305 off 0.27585160346805765	false	1.0
eingehen	neg 1.0		__DUMMY__ 0.4498063193370114 neg 0.279161073123965 off 0.2710326075390236	false	1.0
faul	off 1.0		__DUMMY__ 0.4451972868337139 off 0.28033586015769285 neg 0.2744668530085932	false	1.0
provisorium	neg 1.0		__DUMMY__ 0.45879836122844964 neg 0.27755603725495726 off 0.26364560151659316	false	1.0
schmerzen	neg 1.0		__DUMMY__ 0.4481681652746209 neg 0.27802062472694966 off 0.2738112099984295	false	1.0
schrumpfen	neg 1.0		__DUMMY__ 0.4523271531366714 neg 0.28196314093715147 off 0.2657097059261771	false	1.0
geistlos	off 1.0		__DUMMY__ 0.4447096272149194 off 0.2784655824204498 neg 0.2768247903646309	false	1.0
fehlkauf	neg 1.0		__DUMMY__ 0.445150772736873 off 0.2779992392951531 neg 0.2768499879679739	false	0.5
frustrierend	neg 1.0		__DUMMY__ 0.44567404607243044 off 0.27999173121225895 neg 0.27433422271531044	false	0.5
unzufrieden	neg 1.0		__DUMMY__ 0.44970789801832967 neg 0.2773073224126342 off 0.2729847795690359	false	1.0
verzweifeln	neg 1.0		__DUMMY__ 0.44945367850784274 neg 0.27585169954048167 off 0.27469462195167565	false	1.0
verzweifelt	neg 1.0		__DUMMY__ 0.4474059464263091 off 0.27710536279613757 neg 0.2754886907775533	false	0.5
misstrauensantrag	neg 1.0		__DUMMY__ 0.4465191857725068 off 0.27789116013480286 neg 0.2755896540926904	false	0.5
abfallen	neg 1.0		__DUMMY__ 0.4477210718468499 neg 0.27675899537089393 off 0.2755199327822561	false	1.0
fucker	off 1.0		__DUMMY__ 0.4431489135668034 off 0.28536433212083295 neg 0.2714867543123635	false	1.0
ungezogen	neg 1.0		__DUMMY__ 0.43709837480798136 off 0.2929404204064344 neg 0.26996120478558416	false	0.5
irrsinnig	neg 1.0	neg 1.0	neg 0.6270300483922338 __DUMMY__ 0.21589263744470644 off 0.1570773141630598	false	1.0
unfassbar	neg 1.0		__DUMMY__ 0.44456813320064503 off 0.2825442389217664 neg 0.2728876278775887	false	0.5
hart	neg 1.0		__DUMMY__ 0.43983267780201873 off 0.2807557887839579 neg 0.2794115334140234	false	0.5
widerlich	off 1.0		__DUMMY__ 0.443505199790507 off 0.2829112498750605 neg 0.2735835503344324	false	1.0
fatal	neg 1.0	neg 1.0	neg 0.6284249913462091 __DUMMY__ 0.2139322466955209 off 0.15764276195826998	false	1.0
bruch	neg 1.0		__DUMMY__ 0.45458229672501216 neg 0.2764233449932154 off 0.2689943582817725	false	1.0
aushungern	neg 1.0		__DUMMY__ 0.44730665315202733 neg 0.27928524522283243 off 0.2734081016251401	false	1.0
anspannung	neg 1.0		__DUMMY__ 0.4567184580340494 neg 0.27623588707893354 off 0.26704565488701704	false	1.0
von			__DUMMY__ 0.4525205641342146 neg 0.2776282502950063 off 0.2698511855707791	false	0.0
kraftlos	neg 1.0		__DUMMY__ 0.45041399309400865 neg 0.2769670823427153 off 0.2726189245632762	false	1.0
vom			__DUMMY__ 0.4601856123924063 neg 0.2748888219758215 off 0.2649255656317723	false	0.0
grenzdebil	off 1.0		__DUMMY__ 0.44335424175764093 off 0.28247683362146614 neg 0.27416892462089293	false	1.0
vor			__DUMMY__ 0.45319399653236425 neg 0.27817922725219574 off 0.26862677621543996	false	0.0
unterwerfen	neg 1.0		__DUMMY__ 0.45074076358685033 neg 0.27713046157423643 off 0.27212877483891323	false	1.0
versenkung	neg 1.0		__DUMMY__ 0.4513569189107519 neg 0.2770408674882382 off 0.27160221360101006	false	1.0
entziehen	neg 1.0		__DUMMY__ 0.4519439917273937 neg 0.2788826539999623 off 0.269173354272644	false	1.0
finanzkrise	neg 1.0		__DUMMY__ 0.44323237094941403 neg 0.28378408045398373 off 0.2729835485966022	false	1.0
schimpfend	neg 1.0		__DUMMY__ 0.44889624192044814 off 0.2769256313205555 neg 0.27417812675899644	false	0.5
profan	neg 1.0		__DUMMY__ 0.4464261554719134 off 0.27822883078352767 neg 0.27534501374455894	false	0.5
korruption	neg 1.0		__DUMMY__ 0.44770892020208025 neg 0.2794456314619483 off 0.27284544833597146	false	1.0
â			__DUMMY__ 0.4496635178404023 neg 0.2779894098154918 off 0.2723470723441059	false	0.0
schmutzig	neg 1.0		__DUMMY__ 0.44382555666684903 off 0.28290492208781215 neg 0.27326952124533876	false	0.5
sexy	neg 1.0		__DUMMY__ 0.4462231201313487 off 0.280245958546466 neg 0.2735309213221853	false	0.5
abraten	neg 1.0		__DUMMY__ 0.4474555353032135 off 0.2780023965802642 neg 0.2745420681165223	false	0.5
schwarz	neg 1.0		__DUMMY__ 0.44672328701045116 off 0.2782010663928782 neg 0.2750756465966705	false	0.5
fotze	off 1.0	off 1.0	off 0.6253015247665444 __DUMMY__ 0.2172161223520269 neg 0.15748235288142867	false	1.0
verwirren	neg 1.0		__DUMMY__ 0.4466956876828719 off 0.278715840611795 neg 0.27458847170533324	false	0.5
zahnlos	off 1.0		__DUMMY__ 0.4490686925404064 neg 0.2768766515404888 off 0.2740546559191048	false	0.5
verheeren	neg 1.0		__DUMMY__ 0.43725418100494745 off 0.29483819325979116 neg 0.2679076257352614	false	0.5
hippie	neg 1.0		__DUMMY__ 0.44589893290339233 off 0.279647308092528 neg 0.2744537590040797	false	0.5
rammen	neg 1.0		__DUMMY__ 0.4478853166699246 off 0.2762432266762177 neg 0.27587145665385776	false	0.5
unlauter	neg 1.0		__DUMMY__ 0.44573260180495183 off 0.2775965302320004 neg 0.2766708679630477	false	0.5
unheilvoll	neg 1.0		__DUMMY__ 0.4467943945463495 off 0.27663651462520444 neg 0.2765690908284461	false	0.5
niedrig	neg 1.0		__DUMMY__ 0.4483841961752488 neg 0.2801150012046424 off 0.271500802620109	false	1.0
explosion	neg 1.0		__DUMMY__ 0.4462369749102199 off 0.27964102360644777 neg 0.2741220014833325	false	0.5
weichei	off 1.0	off 1.0	off 0.6336119839151197 __DUMMY__ 0.2111757488372012 neg 0.15521226724767914	false	1.0
minusmensch	off 1.0		__DUMMY__ 0.43628727593857763 off 0.2941368024956961 neg 0.2695759215657262	false	1.0
farblos	neg 1.0		__DUMMY__ 0.44595139508398046 neg 0.2778962971137275 off 0.276152307802292	false	1.0
unwissend	neg 1.0	neg 1.0	neg 0.6264780722216996 __DUMMY__ 0.21405372403539807 off 0.15946820374290233	false	1.0
traurig	neg 1.0		__DUMMY__ 0.44240871529397485 off 0.2852347294731532 neg 0.2723565552328719	false	0.5
senkung	neg 1.0		__DUMMY__ 0.4429009969414783 neg 0.2795626050829429 off 0.2775363979755789	false	1.0
ungleich	neg 1.0	neg 1.0	neg 0.6276993665064818 __DUMMY__ 0.21775962875763566 off 0.1545410047358825	false	1.0
heikel	neg 1.0		__DUMMY__ 0.4510841443388534 neg 0.27805454726870626 off 0.2708613083924403	false	1.0
drosselung	neg 1.0		__DUMMY__ 0.4403715626491627 off 0.28137844769504666 neg 0.27824998965579045	false	0.5
falsch	neg 1.0		__DUMMY__ 0.44594791873447936 off 0.2804152104247808 neg 0.27363687084073995	false	0.5
unzufriedenheit	neg 1.0		__DUMMY__ 0.4497889877081327 neg 0.28029067249780015 off 0.2699203397940672	false	1.0
kurz	neg 1.0		__DUMMY__ 0.45090296869698665 neg 0.27537402274638983 off 0.27372300855662346	false	1.0
unsinnig	neg 1.0		__DUMMY__ 0.4474172299854692 neg 0.27853516377952897 off 0.2740476062350019	false	1.0
penner	off 1.0	off 1.0	off 0.6349703144693035 __DUMMY__ 0.210928344457057 neg 0.15410134107363946	false	1.0
seicht	neg 1.0		__DUMMY__ 0.43569097871682927 off 0.29122771071821263 neg 0.27308131056495816	false	0.5
dummheit	off 1.0	off 1.0	off 0.62821220443454 __DUMMY__ 0.21466429388245328 neg 0.15712350168300676	false	1.0
unerfreulich	neg 1.0		__DUMMY__ 0.45152067826927617 neg 0.27786692854772743 off 0.27061239318299635	false	1.0
motherfucker	off 1.0	off 1.0	off 0.631649218681626 __DUMMY__ 0.21346857765164795 neg 0.154882203666726	false	1.0
pikiert	neg 1.0	neg 1.0	neg 0.6264077677906724 __DUMMY__ 0.2138233456290462 off 0.15976888658028143	false	1.0
wrack	neg 1.0		__DUMMY__ 0.45448756948606095 off 0.27563469075502317 neg 0.26987773975891605	false	0.5
gangster	neg 1.0		__DUMMY__ 0.4456708454286279 off 0.27984253137723036 neg 0.27448662319414163	false	0.5
krank	neg 1.0	neg 1.0	neg 0.6246628239211195 __DUMMY__ 0.21453337916418572 off 0.1608037969146947	false	1.0
reich	neg 1.0		__DUMMY__ 0.4431099202066956 off 0.27951397115321924 neg 0.27737610864008516	false	0.5
gnadenlos	neg 1.0		__DUMMY__ 0.4483477241999661 off 0.2770789724645299 neg 0.27457330333550395	false	0.5
niedergeschlagen	neg 1.0		__DUMMY__ 0.45084518676255186 neg 0.27598148829981306 off 0.2731733249376352	false	1.0
terrorisieren	off 1.0	off 1.0	off 0.6242645351060555 __DUMMY__ 0.21819390515811826 neg 0.1575415597358262	false	1.0
sinnlosigkeit	neg 1.0		__DUMMY__ 0.44962486208464186 neg 0.27671039173730194 off 0.2736647461780562	false	1.0
behindern	neg 1.0		__DUMMY__ 0.44746504446663754 neg 0.2775695492120665 off 0.2749654063212959	false	1.0
undemokratisch	neg 1.0		__DUMMY__ 0.4458982617969795 off 0.27805819795658854 neg 0.27604354024643196	false	0.5
wirtschaftskrise	neg 1.0		__DUMMY__ 0.44631894124091626 neg 0.2820061025398974 off 0.2716749562191863	false	1.0
neid	neg 1.0		__DUMMY__ 0.44591297459431356 off 0.2793994914276523 neg 0.274687533978034	false	0.5
rutschen	neg 1.0		__DUMMY__ 0.455680570791709 neg 0.2783083217348924 off 0.2660111074733985	false	1.0
rezession	neg 1.0		__DUMMY__ 0.43829573223399176 off 0.28392259682723553 neg 0.2777816709387727	false	0.5
fehlgeburt	neg 1.0		__DUMMY__ 0.44970492478665935 off 0.2767850249532531 neg 0.2735100502600875	false	0.5
charakterschwach	off 1.0		__DUMMY__ 0.44348684268580346 off 0.28224071397621037 neg 0.27427244333798606	false	1.0
isolation	neg 1.0		__DUMMY__ 0.4465295034180813 off 0.280561949116853 neg 0.2729085474650659	false	0.5
ablenkung	neg 1.0		__DUMMY__ 0.4495557681638655 off 0.2757638260892221 neg 0.2746804057469123	false	0.5
pech	neg 1.0		__DUMMY__ 0.4455375790478222 off 0.28054463374639776 neg 0.2739177872057799	false	0.5
vermeidung	neg 1.0		__DUMMY__ 0.4429093590244825 off 0.28231084276944557 neg 0.27477979820607207	false	0.5
dominieren	neg 1.0		__DUMMY__ 0.4503163764215398 neg 0.2751701912493455 off 0.27451343232911457	false	1.0
schwindlig	neg 1.0		__DUMMY__ 0.4463373026263509 off 0.2775546084002511 neg 0.276108088973398	false	0.5
lutscher	neg 1.0	neg 1.0	neg 0.6246426118300441 __DUMMY__ 0.20882527626625272 off 0.1665321119037031	false	1.0
pflicht	neg 1.0		__DUMMY__ 0.4531187663408608 neg 0.2769479322736182 off 0.2699333013855209	false	1.0
faschist	off 1.0		__DUMMY__ 0.44575770552915983 off 0.2801002679622833 neg 0.27414202650855696	false	1.0
verschleudern	neg 1.0		__DUMMY__ 0.44737372293958644 neg 0.28227938157310317 off 0.27034689548731033	false	1.0
wenn			__DUMMY__ 0.44507101895289913 off 0.28107411868814436 neg 0.27385486235895645	false	0.0
ehebruch	neg 1.0		__DUMMY__ 0.44995486761714953 neg 0.2775029551875404 off 0.27254217719531004	false	1.0
spott	off 1.0		__DUMMY__ 0.45101808347508565 neg 0.27615777087262094 off 0.27282414565229335	false	0.5
trostlosigkeit	neg 1.0		__DUMMY__ 0.45022961187503324 neg 0.2813119290211585 off 0.26845845910380817	false	1.0
lutschen	neg 1.0		__DUMMY__ 0.44477846902815626 off 0.28018800776036457 neg 0.27503352321147917	false	0.5
undiszipliniert	neg 1.0		__DUMMY__ 0.44310729102745516 off 0.28460859357493673 neg 0.2722841153976082	false	0.5
kopfschmerz	neg 1.0		__DUMMY__ 0.44824223501248583 neg 0.28073370193529207 off 0.27102406305222215	false	1.0
unvorhergesehen	neg 1.0		__DUMMY__ 0.4526962277916963 neg 0.27744598499426937 off 0.2698577872140343	false	1.0
desinteressiert	neg 1.0		__DUMMY__ 0.44293193218641563 off 0.2836390715022455 neg 0.2734289963113389	false	0.5
armselig	off 1.0		__DUMMY__ 0.4419272352028395 off 0.28633942759562697 neg 0.27173333720153353	false	1.0
desaster	neg 1.0		__DUMMY__ 0.45159015057755797 neg 0.2800041132446801 off 0.2684057361777619	false	1.0
tod	neg 1.0		__DUMMY__ 0.45171058998088287 neg 0.27622942961735875 off 0.27205998040175833	false	1.0
herzlos	neg 1.0		__DUMMY__ 0.44200594642611063 off 0.2856077409166581 neg 0.27238631265723134	false	0.5
unwissenheit	neg 1.0		__DUMMY__ 0.44927975217306204 neg 0.27768708578761925 off 0.2730331620393188	false	1.0
widersinnig	neg 1.0		__DUMMY__ 0.44689596460421127 neg 0.2791092370015829 off 0.27399479839420576	false	1.0
bedenklich	neg 1.0		__DUMMY__ 0.4493533825049149 neg 0.2787747641768635 off 0.27187185331822167	false	1.0
beanstanden	neg 1.0		__DUMMY__ 0.45293301004158837 neg 0.27634607141649564 off 0.270720918541916	false	1.0
panisch	neg 1.0		__DUMMY__ 0.4482303449017993 off 0.2782446742017635 neg 0.27352498089643734	false	0.5
debil	off 1.0		__DUMMY__ 0.45558639834547704 neg 0.2813260974109453 off 0.2630875042435776	false	0.5
abstrich	neg 1.0		__DUMMY__ 0.44727574375865203 neg 0.27981867359343876 off 0.2729055826479092	false	1.0
primitiv	neg 1.0		__DUMMY__ 0.4433114997429637 off 0.2840252813359406 neg 0.27266321892109563	false	0.5
abschaum	off 1.0	off 1.0	off 0.6305319433814048 __DUMMY__ 0.21489610032444897 neg 0.15457195629414622	false	1.0
provozieren	neg 1.0		__DUMMY__ 0.447192788168673 off 0.2765783559185719 neg 0.276228855912755	false	0.5
tot	neg 1.0		__DUMMY__ 0.4482799139406282 neg 0.279105061815289 off 0.27261502424408285	false	1.0
instabil	neg 1.0		__DUMMY__ 0.4414100756181744 off 0.2865700174620187 neg 0.2720199069198069	false	0.5
schwuchtel	off 1.0	off 1.0	off 0.639346227521897 __DUMMY__ 0.20752421074086871 neg 0.15312956173723433	false	1.0
zerren	neg 1.0		__DUMMY__ 0.45101343199138555 neg 0.2757610338953633 off 0.2732255341132512	false	1.0
kinderficker	off 1.0		__DUMMY__ 0.44002104411417614 off 0.2887910750551614 neg 0.27118788083066236	false	1.0
gefahr	neg 1.0		__DUMMY__ 0.4522673937068342 neg 0.27761069078502176 off 0.27012191550814396	false	1.0
rabiat	neg 1.0		__DUMMY__ 0.44787399974550773 neg 0.2777893885098686 off 0.27433661174462365	false	1.0
verlangsamung	neg 1.0		__DUMMY__ 0.4385270873350233 off 0.2905981351426828 neg 0.2708747775222938	false	0.5
ausgestorben	neg 1.0		__DUMMY__ 0.4494346661390692 neg 0.27607992392842 off 0.27448540993251075	false	1.0
anklagen	neg 1.0		__DUMMY__ 0.44916636506591195 neg 0.2768504433071792 off 0.27398319162690893	false	1.0
trott	neg 1.0		__DUMMY__ 0.4481762697418152 neg 0.2762353522120487 off 0.2755883780461362	false	1.0
verminderung	neg 1.0		__DUMMY__ 0.44330036478482315 off 0.2825999112164734 neg 0.2740997239987034	false	0.5
nach			__DUMMY__ 0.4575023360028011 neg 0.277375108290232 off 0.26512255570696697	false	0.0
rost	neg 1.0		__DUMMY__ 0.44037253828074385 off 0.2932141495558567 neg 0.26641331216339964	false	0.5
destruktiv	neg 1.0		__DUMMY__ 0.4478006664364972 neg 0.2768387315630537 off 0.27536060200044915	false	1.0
unzumutbarkeit	neg 1.0		__DUMMY__ 0.44402375845676917 off 0.28278628459748667 neg 0.27318995694574405	false	0.5
labil	off 1.0	off 1.0	off 0.629663313623584 __DUMMY__ 0.21430073377678882 neg 0.15603595259962721	false	1.0
ziemlich	neg 1.0		__DUMMY__ 0.44514561657743856 off 0.282400099838346 neg 0.27245428358421553	false	0.5
lachnummer	off 1.0		__DUMMY__ 0.44873376078980776 off 0.2766395174780259 neg 0.2746267217321663	false	1.0
oder			__DUMMY__ 0.44913710403761165 off 0.27667969692630817 neg 0.27418319903608035	false	0.0
verfall	neg 1.0		__DUMMY__ 0.4519265664008209 neg 0.28237577883566845 off 0.2656976547635106	false	1.0
ausgrenzung	neg 1.0		__DUMMY__ 0.4456483403607652 off 0.2778321352932709 neg 0.2765195243459639	false	0.5
unordnung	neg 1.0		__DUMMY__ 0.4403663020693593 off 0.2865482671529213 neg 0.2730854307777196	false	0.5
fehlverhalten	neg 1.0		__DUMMY__ 0.4510195809977761 neg 0.277581870719664 off 0.27139854828255977	false	1.0
eine			__DUMMY__ 0.4523338014191689 neg 0.27864121701845196 off 0.26902498156237914	false	0.0
nille	neg 1.0		__DUMMY__ 0.4480597559875033 off 0.2760098823389662 neg 0.27593036167353063	false	0.5
qual	neg 1.0		__DUMMY__ 0.4480696277934165 neg 0.2768550989795889 off 0.2750752732269946	false	1.0
verschwenden	neg 1.0		__DUMMY__ 0.4496432415666876 neg 0.28000722772919157 off 0.27034953070412077	false	1.0
riesig	neg 1.0		__DUMMY__ 0.4511182415110991 neg 0.27723935954523315 off 0.27164239894366776	false	1.0
verurteilen	neg 1.0		__DUMMY__ 0.44902247620667296 neg 0.27742750964076895 off 0.27355001415255803	false	1.0
klischee	neg 1.0	neg 1.0	neg 0.6265899688907335 __DUMMY__ 0.21448631924857842 off 0.15892371186068824	false	1.0
diktatorisch	neg 1.0		__DUMMY__ 0.4453119210919114 off 0.27791269564624715 neg 0.2767753832618414	false	0.5
vorhersehbar	neg 1.0		__DUMMY__ 0.4450490930192586 off 0.2787410464891863 neg 0.2762098604915552	false	0.5
sowie			__DUMMY__ 0.438518216445705 off 0.2871596489011885 neg 0.27432213465310656	false	0.0
stornieren	neg 1.0		__DUMMY__ 0.4499219616991662 off 0.2804297733113593 neg 0.26964826498947436	false	0.5
besteuerung	neg 1.0	neg 1.0	neg 0.6301327555452564 __DUMMY__ 0.2137254057925694 off 0.15614183866217415	false	1.0
ungeschminkt	neg 1.0		__DUMMY__ 0.44253506910506957 off 0.28368037064813273 neg 0.2737845602467977	false	0.5
kritisch	neg 1.0		__DUMMY__ 0.4498617073850071 neg 0.2768515408502416 off 0.2732867517647513	false	1.0
schlamperei	off 1.0		__DUMMY__ 0.4500328361866756 neg 0.2784614290437161 off 0.2715057347696084	false	0.5
sucht	neg 1.0	neg 1.0	neg 0.6256518889509874 __DUMMY__ 0.21665960542024565 off 0.1576885056287669	false	1.0
egoistisch	off 1.0	off 1.0	off 0.6339155192219219 __DUMMY__ 0.21228836332143483 neg 0.15379611745664323	false	1.0
ausbeuter	off 1.0		__DUMMY__ 0.44911912540447896 neg 0.28066657313201193 off 0.2702143014635091	false	0.5
arschgeburt	off 1.0		__DUMMY__ 0.4325952329468045 off 0.29809755651512154 neg 0.269307210538074	false	1.0
schubs	neg 1.0		__DUMMY__ 0.4483215164938672 neg 0.2802616535763753 off 0.2714168299297577	false	1.0
unsolide	neg 1.0		__DUMMY__ 0.4469610694448188 off 0.2793684722910516 neg 0.2736704582641295	false	0.5
beschwerde	neg 1.0		__DUMMY__ 0.44985412916953743 neg 0.276438850777188 off 0.27370702005327446	false	1.0
stocken	neg 1.0		__DUMMY__ 0.4502447260868297 neg 0.2773917727646721 off 0.2723635011484982	false	1.0
isolieren	neg 1.0		__DUMMY__ 0.4485913205703107 neg 0.2783097257433359 off 0.27309895368635345	false	1.0
unheilbar	neg 1.0		__DUMMY__ 0.4487684011274379 off 0.2761411555773683 neg 0.2750904432951939	false	0.5
pisser	off 1.0	off 1.0	off 0.6320941951594697 __DUMMY__ 0.21291409407376763 neg 0.1549917107667627	false	1.0
löschen	neg 1.0		__DUMMY__ 0.44710323027497156 neg 0.2769181487893418 off 0.2759786209356866	false	1.0
durchfallen	neg 1.0		__DUMMY__ 0.450163965636018 neg 0.2767121976279104 off 0.27312383673607155	false	1.0
wichser	off 1.0	off 1.0	off 0.6370108584286697 __DUMMY__ 0.20974940905207107 neg 0.1532397325192593	false	1.0
terror	neg 1.0		__DUMMY__ 0.44594182611555644 off 0.27932500880831 neg 0.27473316507613343	false	0.5
krass	neg 1.0		__DUMMY__ 0.4406729984836812 off 0.2874021001694715 neg 0.27192490134684727	false	0.5
revolte	neg 1.0		__DUMMY__ 0.4428811824883748 off 0.2787913543510389 neg 0.2783274631605863	false	0.5
besorgt	neg 1.0		__DUMMY__ 0.45154324601300905 off 0.2742361075019079 neg 0.2742206464850831	false	0.5
nachlassen	neg 1.0		__DUMMY__ 0.4514514753314327 neg 0.27574009316059833 off 0.27280843150796885	false	1.0
alt	neg 1.0		__DUMMY__ 0.4457703449728665 neg 0.2845003800906018 off 0.26972927493653176	false	1.0
hundesohn	off 1.0	off 1.0	off 0.6362031569426085 __DUMMY__ 0.20978685851923645 neg 0.154009984538155	false	1.0
als			__DUMMY__ 0.4493119733656263 neg 0.2773770179968768 off 0.273311008637497	false	0.0
abschreckung	neg 1.0		__DUMMY__ 0.4507811796041151 neg 0.2790910413273773 off 0.2701277790685077	false	1.0
unqualifiziert	neg 1.0		__DUMMY__ 0.4455157380715249 off 0.2808978499368029 neg 0.2735864119916721	false	0.5
abgewichst	off 1.0		__DUMMY__ 0.44891202027213695 neg 0.2756124309717454 off 0.27547554875611774	false	0.5
schwer	neg 1.0		__DUMMY__ 0.4492228824165324 neg 0.27546296773307094 off 0.27531414985039665	false	1.0
bedeutungslosigkeit	neg 1.0		__DUMMY__ 0.4507025905347323 neg 0.2784808364402225 off 0.2708165730250453	false	1.0
kapitulation	neg 1.0		__DUMMY__ 0.4480343401985481 neg 0.2799080996576627 off 0.27205756014378923	false	1.0
unscharf	neg 1.0		__DUMMY__ 0.44384659393806153 neg 0.27926903939194114 off 0.2768843666699972	false	1.0
schwinden	neg 1.0		__DUMMY__ 0.44980860701298764 neg 0.27965295486219904 off 0.2705384381248134	false	1.0
versklavung	neg 1.0	neg 1.0	neg 0.6282601455122058 __DUMMY__ 0.21458898209900024 off 0.15715087238879397	false	1.0
schlecht	neg 1.0		__DUMMY__ 0.44527423265039123 off 0.28262449681144375 neg 0.2721012705381651	false	0.5
verhasst	neg 1.0		__DUMMY__ 0.4463541730865719 off 0.2771617364344414 neg 0.27648409047898675	false	0.5
beschweren	neg 1.0		__DUMMY__ 0.44785661596409304 off 0.27820534857682083 neg 0.2739380354590861	false	0.5
scheiden	neg 1.0		__DUMMY__ 0.4486461930794815 off 0.2759067133015746 neg 0.2754470936189438	false	0.5
frustriert	neg 1.0		__DUMMY__ 0.44963196212521256 neg 0.276030646921855 off 0.2743373909529324	false	1.0
schimmelig	neg 1.0		__DUMMY__ 0.44721253433951225 neg 0.28172737884063764 off 0.2710600868198501	false	1.0
fisch	neg 1.0		__DUMMY__ 0.4483047402235276 neg 0.2846372978503467 off 0.26705796192612574	false	1.0
schmuggel	neg 1.0		__DUMMY__ 0.453109282175979 neg 0.2773605241224635 off 0.26953019370155756	false	1.0
auffallen	neg 1.0		__DUMMY__ 0.44699785808876386 off 0.2784899846710084 neg 0.27451215724022787	false	0.5
konkurrenz	neg 1.0		__DUMMY__ 0.45303507403592647 neg 0.27573995832889925 off 0.2712249676351743	false	1.0
teufelskreis	neg 1.0	neg 1.0	neg 0.6286814682963203 __DUMMY__ 0.21570233833013241 off 0.15561619337354732	false	1.0
aufschreien	neg 1.0		__DUMMY__ 0.44524867307254135 off 0.278599746330608 neg 0.2761515805968507	false	0.5
schuldner	neg 1.0		__DUMMY__ 0.44819356363738144 neg 0.2822792031307691 off 0.26952723323184946	false	1.0
missgeburt	off 1.0	off 1.0	off 0.6355634325774044 __DUMMY__ 0.21138698572884534 neg 0.15304958169375021	false	1.0
arbeitslos	neg 1.0		__DUMMY__ 0.44956947709120115 neg 0.2777421110875995 off 0.2726884118211995	false	1.0
befallen	neg 1.0		__DUMMY__ 0.44480114324787035 neg 0.2824836810394647 off 0.27271517571266485	false	1.0
miesepetrig	off 1.0	off 1.0	off 0.6297413477972162 __DUMMY__ 0.21452852523320295 neg 0.1557301269695808	false	1.0
alarmieren	neg 1.0		__DUMMY__ 0.44482620076589924 off 0.2811191031619595 neg 0.2740546960721413	false	0.5
ungeduscht	off 1.0		__DUMMY__ 0.4440754776359955 off 0.28015857564541524 neg 0.27576594671858934	false	1.0
knappheit	neg 1.0		__DUMMY__ 0.447089304430801 neg 0.28073791708450413 off 0.27217277848469484	false	1.0
schlange	neg 1.0		__DUMMY__ 0.4489070488464471 off 0.2764244024803176 neg 0.2746685486732353	false	0.5
harsch	neg 1.0		__DUMMY__ 0.4429879635083992 off 0.28753082626140636 neg 0.26948121023019445	false	0.5
lang	neg 1.0		__DUMMY__ 0.44732847337544196 off 0.2772042414305837 neg 0.2754672851939742	false	0.5
ziellos	neg 1.0		__DUMMY__ 0.4519754666919818 neg 0.2764753299713831 off 0.271549203336635	false	1.0
selbstverliebt	neg 1.0		__DUMMY__ 0.4365523831925163 off 0.2957509840616623 neg 0.2676966327458214	false	0.5
beseitigen	neg 1.0		__DUMMY__ 0.44930954791738986 off 0.27592655134886784 neg 0.2747639007337424	false	0.5
dumm	off 1.0		__DUMMY__ 0.4392135806276415 off 0.2896724940438341 neg 0.27111392532852435	false	1.0
arbeitsloser	neg 1.0		__DUMMY__ 0.45361838009636657 off 0.2747332879030333 neg 0.2716483320006001	false	0.5
blitzen	neg 1.0		__DUMMY__ 0.444572442889077 off 0.2798106477232636 neg 0.27561690938765954	false	0.5
hilflos	neg 1.0		__DUMMY__ 0.44953629493068104 neg 0.277640703268626 off 0.272823001800693	false	1.0
eklig	off 1.0		__DUMMY__ 0.43753543193693395 off 0.2895797377239706 neg 0.2728848303390954	false	1.0
begriff			__DUMMY__ 0.4490787366750673 off 0.27554996111213526 neg 0.27537130221279743	false	0.0
hungersnot	neg 1.0		__DUMMY__ 0.4475507736957632 neg 0.28002167872328493 off 0.2724275475809517	false	1.0
ungesetzlich	neg 1.0		__DUMMY__ 0.4463457952903153 off 0.2784576251889573 neg 0.2751965795207273	false	0.5
verschwendung	neg 1.0		__DUMMY__ 0.45055240807505487 neg 0.2787549876392341 off 0.27069260428571107	false	1.0
schmerzvoll	neg 1.0		__DUMMY__ 0.4464694505302996 off 0.27702392952659266 neg 0.27650661994310766	false	0.5
vorzeitig	neg 1.0		__DUMMY__ 0.4471332022017092 off 0.28275567916369126 neg 0.2701111186345996	false	0.5
unvollkommenheit	neg 1.0		__DUMMY__ 0.44907810334683934 neg 0.27703298419244476 off 0.2738889124607159	false	1.0
intervenieren	neg 1.0		__DUMMY__ 0.44819152339966317 neg 0.2811736349596721 off 0.2706348416406647	false	1.0
banause	off 1.0		__DUMMY__ 0.4347692396681192 off 0.2905397184077858 neg 0.2746910419240949	false	1.0
rebell	neg 1.0		__DUMMY__ 0.4502981440712114 neg 0.2842772705484909 off 0.26542458538029784	false	1.0
unlogisch	neg 1.0		__DUMMY__ 0.4416219085849067 off 0.2846340204600741 neg 0.2737440709550191	false	0.5
leiden	neg 1.0		__DUMMY__ 0.45374858596919404 neg 0.27587755936601377 off 0.27037385466479213	false	1.0
abschaffung	neg 1.0		__DUMMY__ 0.44581224009875164 neg 0.2778137123819316 off 0.27637404751931677	false	1.0
sturz	neg 1.0		__DUMMY__ 0.4495061369515807 off 0.2792203870701403 neg 0.27127347597827894	false	0.5
verkleinerung	neg 1.0		__DUMMY__ 0.44184879990342 neg 0.27915057305649993 off 0.27900062704008016	false	1.0
schmarotzer	off 1.0		__DUMMY__ 0.4490830832542396 neg 0.27708327367559876 off 0.27383364307016167	false	0.5
bestrafung	neg 1.0	neg 1.0	neg 0.6265323770267363 __DUMMY__ 0.21646354673723966 off 0.15700407623602408	false	1.0
achtlos	neg 1.0		__DUMMY__ 0.45033136835505966 neg 0.27499202355987423 off 0.2746766080850661	false	1.0
ungeheuer	neg 1.0		__DUMMY__ 0.4471419244855353 neg 0.2769918805271974 off 0.2758661949872671	false	1.0
unaufrichtig	neg 1.0		__DUMMY__ 0.44553984915608424 off 0.2808034880824392 neg 0.2736566627614766	false	0.5
groggy	neg 1.0		__DUMMY__ 0.44657827132835276 off 0.27971736320247126 neg 0.27370436546917604	false	0.5
verletzlich	neg 1.0		__DUMMY__ 0.44196003514309457 off 0.28059073378596194 neg 0.2774492310709435	false	0.5
