unsolidarisch	neg 1.0		__DUMMY__ 0.44613059479046785 neg 0.2777544223530292 off 0.27611498285650304	false	1.0
nachteilig	neg 1.0		__DUMMY__ 0.451845047948831 neg 0.27585401086057054 off 0.27230094119059856	false	1.0
skeptisch	neg 1.0		__DUMMY__ 0.45126975106018297 neg 0.2783630452154037 off 0.2703672037244133	false	1.0
schrecklich	neg 1.0		__DUMMY__ 0.44218573274126943 off 0.2857227093818398 neg 0.2720915578768908	false	0.5
schlapp	neg 1.0	neg 1.0	neg 0.6255082926092411 __DUMMY__ 0.21452103649827545 off 0.15997067089248343	false	1.0
abfall	neg 1.0		__DUMMY__ 0.45517735083895094 neg 0.27701503093392077 off 0.26780761822712834	false	1.0
widerspenstig	neg 1.0		__DUMMY__ 0.4471256852491858 neg 0.27864699676347277 off 0.2742273179873416	false	1.0
abrupt	neg 1.0		__DUMMY__ 0.44997333370757864 neg 0.280973452871172 off 0.2690532134212494	false	1.0
unwirksam	neg 1.0		__DUMMY__ 0.4432422910729501 neg 0.2825335528212163 off 0.27422415610583356	false	1.0
angreifen	neg 1.0		__DUMMY__ 0.45185021625126015 neg 0.2783244325014375 off 0.26982535124730234	false	1.0
inkonsistent	neg 1.0		__DUMMY__ 0.4453283397361468 off 0.2781230582451456 neg 0.27654860201870757	false	0.5
abrutschen	neg 1.0		__DUMMY__ 0.45446494507596497 neg 0.2784977523937142 off 0.26703730253032076	false	1.0
unsicher	neg 1.0		__DUMMY__ 0.4492365080621805 off 0.27579080310280163 neg 0.2749726888350179	false	0.5
bauernkind	off 1.0	off 1.0	off 0.6325132413349156 __DUMMY__ 0.20984017843808622 neg 0.1576465802269982	false	1.0
angreifer	neg 1.0		__DUMMY__ 0.4480854780330437 off 0.2807327273764465 neg 0.2711817945905098	false	0.5
trennen	neg 1.0		__DUMMY__ 0.45283992987748595 neg 0.27728223230157845 off 0.26987783782093555	false	1.0
schmutz	neg 1.0		__DUMMY__ 0.4510496325393146 off 0.28094901968564595 neg 0.2680013477750394	false	0.5
inkonsistenz	neg 1.0		__DUMMY__ 0.44541633062908786 off 0.28136748028756003 neg 0.27321618908335216	false	0.5
erschreckend	neg 1.0		__DUMMY__ 0.4488260563061943 neg 0.2763615245060549 off 0.27481241918775073	false	1.0
ertrinken	neg 1.0		__DUMMY__ 0.4506979211166734 neg 0.2807049626311306 off 0.26859711625219607	false	1.0
pickelface	off 1.0		__DUMMY__ 0.447518973973748 neg 0.27650604056374933 off 0.2759749854625027	false	0.5
seiner			__DUMMY__ 0.4525573972792149 neg 0.2767863844438122 off 0.27065621827697284	false	0.0
lauch	neg 1.0	neg 1.0	neg 0.6295919903787058 __DUMMY__ 0.21882155570313414 off 0.15158645391816006	false	1.0
unwichtig	neg 1.0		__DUMMY__ 0.44470695721197295 off 0.28093317122893224 neg 0.2743598715590948	false	0.5
steuerhinterziehung	neg 1.0		__DUMMY__ 0.44754249188179807 neg 0.2780377060462006 off 0.27441980207200134	false	1.0
schock	neg 1.0		__DUMMY__ 0.44965751662342524 neg 0.27655351644020565 off 0.2737889669363693	false	1.0
beule	neg 1.0		__DUMMY__ 0.4428523457291303 off 0.283397298143225 neg 0.2737503561276446	false	0.5
vergelten	neg 1.0		__DUMMY__ 0.4429335203713426 off 0.2874368252178186 neg 0.2696296544108388	false	0.5
verdorbenheit	neg 1.0		__DUMMY__ 0.44706076989402016 off 0.27656121839916226 neg 0.27637801170681775	false	0.5
trauma	neg 1.0		__DUMMY__ 0.4465424941792212 off 0.2768457231365371 neg 0.2766117826842418	false	0.5
sinnlos	neg 1.0		__DUMMY__ 0.44695085917368216 off 0.277786182753601 neg 0.2752629580727168	false	0.5
fettsack	off 1.0	off 1.0	off 0.6336704068951972 __DUMMY__ 0.21009289981356455 neg 0.1562366932912384	false	1.0
feige	off 1.0	off 1.0	off 0.6301447590263316 __DUMMY__ 0.21352056937801606 neg 0.15633467159565245	false	1.0
abdanken	neg 1.0		__DUMMY__ 0.44873331446945314 neg 0.2760017648232923 off 0.27526492070725445	false	1.0
wichtigtuer	off 1.0	off 1.0	off 0.628473890182461 __DUMMY__ 0.21563433953896585 neg 0.155891770278573	false	1.0
misslingen	neg 1.0	neg 1.0	neg 0.6225371728832257 __DUMMY__ 0.21878813028199257 off 0.1586746968347817	false	1.0
untreu	off 1.0		__DUMMY__ 0.44388051939310647 off 0.28230319386748476 neg 0.27381628673940867	false	1.0
missmutig	neg 1.0		__DUMMY__ 0.4454568630553052 off 0.27949124025694616 neg 0.27505189668774854	false	0.5
hurenbock	off 1.0		__DUMMY__ 0.44390732719780907 neg 0.28205450680410493 off 0.274038165998086	false	0.5
betrunken	neg 1.0		__DUMMY__ 0.4426784436478057 off 0.28442060830825444 neg 0.27290094804393994	false	0.5
korrupt	off 1.0		__DUMMY__ 0.4473063527469405 neg 0.2790017302003064 off 0.273691917052753	false	0.5
unmut	neg 1.0		__DUMMY__ 0.4524891048817287 neg 0.2790973871517886 off 0.2684135079664828	false	1.0
hackfresse	off 1.0		__DUMMY__ 0.43906249112935714 off 0.2907655335568511 neg 0.27017197531379183	false	1.0
aufblasen	neg 1.0		__DUMMY__ 0.44812984551122675 off 0.2759941981459648 neg 0.2758759563428085	false	0.5
gewaltsam	neg 1.0		__DUMMY__ 0.4485605126062479 neg 0.2762773626135911 off 0.27516212478016094	false	1.0
unbeliebtheit	neg 1.0		__DUMMY__ 0.44414938242795315 off 0.2825152819149819 neg 0.27333533565706486	false	0.5
sturheit	neg 1.0		__DUMMY__ 0.4501349640195514 off 0.2753074312196282 neg 0.2745576047608204	false	0.5
kuh	neg 1.0		__DUMMY__ 0.43950680443760665 neg 0.28440460419802144 off 0.2760885913643719	false	1.0
erschrecken	neg 1.0		__DUMMY__ 0.446085927590101 off 0.2803165784877652 neg 0.2735974939221339	false	0.5
opfer	neg 1.0		__DUMMY__ 0.4523696195593757 neg 0.2748834938470785 off 0.2727468865935458	false	1.0
sinken	neg 1.0		__DUMMY__ 0.4510385111557539 neg 0.2804707391122722 off 0.2684907497319739	false	1.0
stinktier	neg 1.0		__DUMMY__ 0.436394394855055 off 0.2863992283469356 neg 0.2772063767980094	false	0.5
tucke	off 1.0		__DUMMY__ 0.43410800224747104 off 0.29145913654908007 neg 0.27443286120344895	false	1.0
ein			__DUMMY__ 0.4472099318109077 neg 0.27891881690368997 off 0.2738712512854024	false	0.0
abstieg	neg 1.0		__DUMMY__ 0.4535658017517271 off 0.2750575461464006 neg 0.27137665210187234	false	0.5
missverstehen	neg 1.0		__DUMMY__ 0.44630039064065363 off 0.27878242015506194 neg 0.2749171892042844	false	0.5
ergebnislos	neg 1.0		__DUMMY__ 0.4523634897724949 neg 0.27529266945739284 off 0.27234384077011237	false	1.0
unter			__DUMMY__ 0.4584867261466579 neg 0.27809874585785804 off 0.26341452799548404	false	0.0
manipulieren	neg 1.0		__DUMMY__ 0.4524111001170213 neg 0.2761246110767325 off 0.27146428880624635	false	1.0
unbewiesen	neg 1.0	neg 1.0	neg 0.6264688334592746 __DUMMY__ 0.2161603334089308 off 0.15737083313179454	false	1.0
verschleppen	neg 1.0		__DUMMY__ 0.4494744617425801 neg 0.27806012695299165 off 0.27246541130442825	false	1.0
weib	off 1.0		__DUMMY__ 0.4358882440989602 off 0.2923634044593801 neg 0.2717483514416597	false	1.0
opposition	neg 1.0		__DUMMY__ 0.4453679434739568 neg 0.27796873994592003 off 0.27666331658012316	false	1.0
verkehrswidrig	neg 1.0	neg 1.0	neg 0.6214960681626714 __DUMMY__ 0.21443102877678308 off 0.16407290306054545	false	1.0
inkorrekt	neg 1.0		__DUMMY__ 0.4418088329216287 off 0.28537575163963247 neg 0.2728154154387389	false	0.5
vermeiden	neg 1.0		__DUMMY__ 0.45489610851026097 neg 0.27861673870435644 off 0.26648715278538276	false	1.0
abweichung	neg 1.0	neg 1.0	neg 0.6250730544641461 __DUMMY__ 0.21903367826731007 off 0.15589326726854377	false	1.0
alkoholisiert	neg 1.0		__DUMMY__ 0.45414254503595064 neg 0.2746766278756161 off 0.2711808270884331	false	1.0
scheiss	off 1.0	off 1.0	off 0.6309645142697825 __DUMMY__ 0.21280838067595265 neg 0.15622710505426485	false	1.0
herausforderung	neg 1.0		__DUMMY__ 0.4510683756491339 neg 0.275558686917806 off 0.2733729374330602	false	1.0
pervers	off 1.0		__DUMMY__ 0.43508489754543783 off 0.295287601695276 neg 0.2696275007592861	false	1.0
wackelig	neg 1.0		__DUMMY__ 0.4511516540704336 neg 0.27564647331037123 off 0.2732018726191951	false	1.0
verwickeln	neg 1.0		__DUMMY__ 0.4466679176135301 off 0.2776704634365325 neg 0.27566161894993746	false	0.5
vorwand	neg 1.0		__DUMMY__ 0.4518618037852777 neg 0.2788683250653252 off 0.26926987114939716	false	1.0
muschi	off 1.0		__DUMMY__ 0.44892285334667353 neg 0.2759566289188613 off 0.275120517734465	false	0.5
entmutigung	neg 1.0		__DUMMY__ 0.4448728717770957 off 0.27783512344395356 neg 0.2772920047789508	false	0.5
unangemessen	neg 1.0		__DUMMY__ 0.44971935130580265 neg 0.2755859684396789 off 0.27469468025451826	false	1.0
unstetig	neg 1.0		__DUMMY__ 0.4457202202489515 off 0.28019777767201015 neg 0.2740820020790383	false	0.5
entmutigen	neg 1.0		__DUMMY__ 0.4478981290683728 off 0.2767820664653268 neg 0.27531980446630033	false	0.5
schwanz	neg 1.0		__DUMMY__ 0.4492280341228357 neg 0.2784584249731584 off 0.2723135409040059	false	1.0
verbot	neg 1.0		__DUMMY__ 0.44758910364926346 neg 0.27913549258417075 off 0.2732754037665657	false	1.0
leid	neg 1.0		__DUMMY__ 0.44058435839835114 off 0.28730889853211267 neg 0.27210674306953603	false	0.5
archaisch	neg 1.0		__DUMMY__ 0.4484979516237106 neg 0.27784054133765845 off 0.273661507038631	false	1.0
gegen			__DUMMY__ 0.45400034838856435 neg 0.2762287039233045 off 0.269770947688131	false	0.0
scheidung	neg 1.0		__DUMMY__ 0.43749632951908796 off 0.30102661741053915 neg 0.2614770530703729	false	0.5
einschlag	neg 1.0		__DUMMY__ 0.4442094798229029 off 0.2870514760639921 neg 0.26873904411310495	false	0.5
m			__DUMMY__ 0.44997198718408754 neg 0.27665918531185735 off 0.27336882750405517	false	0.0
abgestanden	neg 1.0		__DUMMY__ 0.4427567707244182 neg 0.28407085965030854 off 0.2731723696252733	false	1.0
schmierig	off 1.0		__DUMMY__ 0.4409176698260516 off 0.28703209280961717 neg 0.27205023736433137	false	1.0
unpraktisch	neg 1.0		__DUMMY__ 0.448142860131676 off 0.27750500553220064 neg 0.2743521343361232	false	0.5
wixxer	off 1.0		__DUMMY__ 0.43361617100172645 off 0.29513359466053285 neg 0.2712502343377406	false	1.0
bezeichnet			__DUMMY__ 0.44869594744826014 off 0.27626546613736347 neg 0.27503858641437645	false	0.0
jammerlappen	off 1.0		__DUMMY__ 0.4449711033633965 off 0.2814622374772107 neg 0.2735666591593927	false	1.0
farce	neg 1.0		__DUMMY__ 0.4464593143566442 neg 0.2784908676536356 off 0.27504981798972034	false	1.0
zwecklos	neg 1.0		__DUMMY__ 0.449369713087121 neg 0.27748658878478877 off 0.27314369812809014	false	1.0
turbulent	neg 1.0		__DUMMY__ 0.44300831245148486 off 0.2836378824878208 neg 0.2733538050606943	false	0.5
invasion	neg 1.0		__DUMMY__ 0.4465023960964054 off 0.2786164085868293 neg 0.2748811953167653	false	0.5
schuld	neg 1.0		__DUMMY__ 0.44751794204778766 off 0.2770633635469489 neg 0.2754186944052635	false	0.5
risiko	neg 1.0		__DUMMY__ 0.44473657109159426 neg 0.2782425929097342 off 0.27702083599867156	false	1.0
finster	neg 1.0		__DUMMY__ 0.4467570352697454 neg 0.2788074583364636 off 0.27443550639379094	false	1.0
geisteskrank	off 1.0		__DUMMY__ 0.44281489897467463 off 0.284071908232133 neg 0.27311319279319235	false	1.0
zusammenbrechen	neg 1.0		__DUMMY__ 0.4491880251436489 neg 0.27752789898771774 off 0.2732840758686333	false	1.0
ausbeute	neg 1.0		__DUMMY__ 0.45138689265459364 off 0.27537832808129314 neg 0.27323477926411316	false	0.5
hinterhalt	neg 1.0		__DUMMY__ 0.4484091208045899 neg 0.277966238172953 off 0.273624641022457	false	1.0
kritik	neg 1.0		__DUMMY__ 0.44646168285364435 neg 0.2788831436156083 off 0.2746551735307473	false	1.0
einschrumpfen	neg 1.0		__DUMMY__ 0.44220187636462976 off 0.2804672739195358 neg 0.27733084971583444	false	0.5
riskant	neg 1.0		__DUMMY__ 0.45054558335619255 neg 0.27912796193016337 off 0.270326454713644	false	1.0
frustrieren	neg 1.0		__DUMMY__ 0.449454804483773 neg 0.2794550402929265 off 0.2710901552233004	false	1.0
groll	neg 1.0		__DUMMY__ 0.4504419154491733 neg 0.27562242283426214 off 0.2739356617165646	false	1.0
gibt			__DUMMY__ 0.4502861262089297 neg 0.2765248233056142 off 0.2731890504854561	false	0.0
qualvoll	neg 1.0		__DUMMY__ 0.4467888302756409 off 0.27793757396688684 neg 0.27527359575747223	false	0.5
wackeln	neg 1.0		__DUMMY__ 0.4487035687078454 neg 0.2758547111011064 off 0.2754417201910483	false	1.0
klagen	neg 1.0		__DUMMY__ 0.45113158965826056 neg 0.27960435288905594 off 0.2692640574526835	false	1.0
bankrott	neg 1.0		__DUMMY__ 0.44622759677382695 off 0.2812245829745301 neg 0.27254782025164304	false	0.5
trauern	neg 1.0		__DUMMY__ 0.454391608228977 neg 0.2733857705749827 off 0.2722226211960403	false	1.0
ablehnung	neg 1.0		__DUMMY__ 0.4472563483029632 neg 0.278584879885893 off 0.2741587718111438	false	1.0
stur	neg 1.0		__DUMMY__ 0.4468413103485401 off 0.27674398971008746 neg 0.2764146999413725	false	0.5
aufruhr	neg 1.0	neg 1.0	neg 0.6269293145231476 __DUMMY__ 0.21644640488612238 off 0.15662428059073005	false	1.0
melancholie	neg 1.0		__DUMMY__ 0.44964671261698735 neg 0.28091344960956305 off 0.26943983777344965	false	1.0
ist			__DUMMY__ 0.4473004328663741 off 0.27760856328630784 neg 0.275091003847318	false	0.0
torheit	neg 1.0		__DUMMY__ 0.44751232892943943 off 0.2772022352373231 neg 0.27528543583323745	false	0.5
dreckskind	off 1.0		__DUMMY__ 0.43742945389524446 off 0.2916615669421328 neg 0.2709089791626227	false	1.0
umtauschen	neg 1.0		__DUMMY__ 0.44821032734960675 neg 0.27717602702185523 off 0.2746136456285381	false	1.0
zum			__DUMMY__ 0.4586654582755852 neg 0.2729524767736573 off 0.26838206495075756	false	0.0
zersetzen	neg 1.0		__DUMMY__ 0.450156975034637 neg 0.2798320264849287 off 0.2700109984804344	false	1.0
zur			__DUMMY__ 0.45513730019751314 neg 0.27802074212054595 off 0.26684195768194086	false	0.0
frust	neg 1.0		__DUMMY__ 0.4498117939730113 neg 0.2769444924308685 off 0.2732437135961203	false	1.0
unerbittlichkeit	neg 1.0		__DUMMY__ 0.4512815104868491 neg 0.27707046910341704 off 0.27164802040973385	false	1.0
zwei			__DUMMY__ 0.45582124510897326 neg 0.2777486726337731 off 0.26643008225725356	false	0.0
unkorrekt	neg 1.0		__DUMMY__ 0.4420911021895783 off 0.28374852749784785 neg 0.2741603703125739	false	0.5
hexe	off 1.0		__DUMMY__ 0.4425283122718001 off 0.2798700597392245 neg 0.2776016279889754	false	1.0
lasch	neg 1.0		__DUMMY__ 0.44562742538191624 off 0.28055377678029997 neg 0.2738187978377837	false	0.5
rivale	neg 1.0		__DUMMY__ 0.44226423215226857 off 0.2857808534004083 neg 0.27195491444732317	false	0.5
mutlos	off 1.0	off 1.0	off 0.6249023438440342 __DUMMY__ 0.21750632212893267 neg 0.15759133402703315	false	1.0
wirr	off 1.0		__DUMMY__ 0.4413957198991624 off 0.28626238522940317 neg 0.27234189487143434	false	1.0
jahr			__DUMMY__ 0.45546842384044006 off 0.27230059389496536 neg 0.2722309822645946	false	0.0
wird			__DUMMY__ 0.4507408422308528 neg 0.27666745353163325 off 0.272591704237514	false	0.0
strafbar	neg 1.0		__DUMMY__ 0.4511533979542321 neg 0.27738601974434784 off 0.27146058230142006	false	1.0
erosion	neg 1.0		__DUMMY__ 0.44815428460185897 neg 0.27599411193008333 off 0.2758516034680577	false	1.0
eingehen	neg 1.0		__DUMMY__ 0.44980631933701126 neg 0.279161073123965 off 0.2710326075390236	false	1.0
faul	off 1.0		__DUMMY__ 0.44519728683371407 off 0.2803358601576928 neg 0.2744668530085932	false	1.0
provisorium	neg 1.0		__DUMMY__ 0.4587983612284496 neg 0.27755603725495737 off 0.26364560151659294	false	1.0
schmerzen	neg 1.0		__DUMMY__ 0.4481681652746213 neg 0.27802062472694933 off 0.2738112099984294	false	1.0
schrumpfen	neg 1.0		__DUMMY__ 0.4523271531366714 neg 0.2819631409371515 off 0.265709705926177	false	1.0
geistlos	off 1.0		__DUMMY__ 0.4447096272149194 off 0.27846558242044966 neg 0.27682479036463087	false	1.0
fehlkauf	neg 1.0		__DUMMY__ 0.4451507727368731 off 0.2779992392951532 neg 0.27684998796797367	false	0.5
frustrierend	neg 1.0		__DUMMY__ 0.4456740460724304 off 0.2799917312122592 neg 0.2743342227153104	false	0.5
unzufrieden	neg 1.0		__DUMMY__ 0.4497078980183298 neg 0.2773073224126342 off 0.2729847795690361	false	1.0
verzweifeln	neg 1.0		__DUMMY__ 0.44945367850784296 neg 0.2758516995404811 off 0.274694621951676	false	1.0
verzweifelt	neg 1.0		__DUMMY__ 0.4474059464263091 off 0.2771053627961376 neg 0.27548869077755334	false	0.5
misstrauensantrag	neg 1.0		__DUMMY__ 0.4465191857725073 off 0.2778911601348032 neg 0.2755896540926896	false	0.5
abfallen	neg 1.0		__DUMMY__ 0.4477210718468501 neg 0.2767589953708937 off 0.27551993278225617	false	1.0
fucker	off 1.0		__DUMMY__ 0.4431489135668032 off 0.2853643321208332 neg 0.2714867543123637	false	1.0
ungezogen	neg 1.0		__DUMMY__ 0.4370983748079813 off 0.2929404204064343 neg 0.2699612047855843	false	0.5
irrsinnig	neg 1.0	neg 1.0	neg 0.6270300483922338 __DUMMY__ 0.21589263744470605 off 0.15707731416306006	false	1.0
unfassbar	neg 1.0		__DUMMY__ 0.44456813320064503 off 0.2825442389217662 neg 0.2728876278775888	false	0.5
hart	neg 1.0		__DUMMY__ 0.4398326778020185 off 0.2807557887839578 neg 0.27941153341402364	false	0.5
widerlich	off 1.0		__DUMMY__ 0.4435051997905072 off 0.28291124987506017 neg 0.2735835503344327	false	1.0
fatal	neg 1.0	neg 1.0	neg 0.6284249913462088 __DUMMY__ 0.21393224669552127 off 0.15764276195826987	false	1.0
bruch	neg 1.0		__DUMMY__ 0.45458229672501244 neg 0.2764233449932151 off 0.2689943582817725	false	1.0
aushungern	neg 1.0		__DUMMY__ 0.44730665315202744 neg 0.27928524522283216 off 0.2734081016251404	false	1.0
anspannung	neg 1.0		__DUMMY__ 0.4567184580340497 neg 0.27623588707893365 off 0.2670456548870167	false	1.0
von			__DUMMY__ 0.4525205641342149 neg 0.2776282502950061 off 0.2698511855707789	false	0.0
kraftlos	neg 1.0		__DUMMY__ 0.4504139930940088 neg 0.27696708234271533 off 0.2726189245632757	false	1.0
vom			__DUMMY__ 0.4601856123924059 neg 0.2748888219758219 off 0.2649255656317721	false	0.0
grenzdebil	off 1.0		__DUMMY__ 0.4433542417576414 off 0.2824768336214661 neg 0.27416892462089265	false	1.0
vor			__DUMMY__ 0.45319399653236414 neg 0.27817922725219574 off 0.26862677621544007	false	0.0
unterwerfen	neg 1.0		__DUMMY__ 0.4507407635868507 neg 0.27713046157423576 off 0.27212877483891357	false	1.0
versenkung	neg 1.0		__DUMMY__ 0.45135691891075164 neg 0.2770408674882383 off 0.2716022136010101	false	1.0
entziehen	neg 1.0		__DUMMY__ 0.45194399172739214 neg 0.27888265399996304 off 0.2691733542726448	false	1.0
finanzkrise	neg 1.0		__DUMMY__ 0.4432323709494139 neg 0.28378408045398384 off 0.2729835485966021	false	1.0
schimpfend	neg 1.0		__DUMMY__ 0.44889624192044775 off 0.27692563132055553 neg 0.2741781267589968	false	0.5
profan	neg 1.0		__DUMMY__ 0.446426155471913 off 0.27822883078352767 neg 0.27534501374455916	false	0.5
korruption	neg 1.0		__DUMMY__ 0.4477089202020799 neg 0.2794456314619486 off 0.2728454483359714	false	1.0
â			__DUMMY__ 0.4496635178404018 neg 0.27798940981549125 off 0.27234707234410693	false	0.0
schmutzig	neg 1.0		__DUMMY__ 0.44382555666684925 off 0.28290492208781215 neg 0.2732695212453386	false	0.5
sexy	neg 1.0		__DUMMY__ 0.4462231201313488 off 0.28024595854646595 neg 0.2735309213221853	false	0.5
abraten	neg 1.0		__DUMMY__ 0.4474555353032132 off 0.27800239658026443 neg 0.2745420681165224	false	0.5
schwarz	neg 1.0		__DUMMY__ 0.44672328701045116 off 0.2782010663928782 neg 0.2750756465966705	false	0.5
fotze	off 1.0	off 1.0	off 0.6253015247665443 __DUMMY__ 0.21721612235202714 neg 0.15748235288142862	false	1.0
verwirren	neg 1.0		__DUMMY__ 0.4466956876828722 off 0.27871584061179466 neg 0.2745884717053331	false	0.5
zahnlos	off 1.0		__DUMMY__ 0.44906869254040677 neg 0.27687665154048835 off 0.27405465591910494	false	0.5
verheeren	neg 1.0		__DUMMY__ 0.4372541810049477 off 0.2948381932597911 neg 0.2679076257352612	false	0.5
hippie	neg 1.0		__DUMMY__ 0.4458989329033928 off 0.2796473080925279 neg 0.2744537590040794	false	0.5
rammen	neg 1.0		__DUMMY__ 0.4478853166699247 off 0.27624322667621726 neg 0.2758714566538581	false	0.5
unlauter	neg 1.0		__DUMMY__ 0.4457326018049516 off 0.27759653023200065 neg 0.2766708679630477	false	0.5
unheilvoll	neg 1.0		__DUMMY__ 0.44679439454634934 off 0.27663651462520444 neg 0.27656909082844616	false	0.5
niedrig	neg 1.0		__DUMMY__ 0.4483841961752491 neg 0.28011500120464217 off 0.2715008026201087	false	1.0
explosion	neg 1.0		__DUMMY__ 0.44623697491022024 off 0.2796410236064475 neg 0.2741220014833322	false	0.5
weichei	off 1.0	off 1.0	off 0.6336119839151197 __DUMMY__ 0.2111757488372012 neg 0.15521226724767914	false	1.0
minusmensch	off 1.0		__DUMMY__ 0.43628727593857786 off 0.29413680249569607 neg 0.26957592156572613	false	1.0
farblos	neg 1.0		__DUMMY__ 0.44595139508398024 neg 0.2778962971137274 off 0.2761523078022924	false	1.0
unwissend	neg 1.0	neg 1.0	neg 0.6264780722216996 __DUMMY__ 0.21405372403539785 off 0.1594682037429024	false	1.0
traurig	neg 1.0		__DUMMY__ 0.4424087152939746 off 0.2852347294731535 neg 0.272356555232872	false	0.5
senkung	neg 1.0		__DUMMY__ 0.44290099694147816 neg 0.279562605082943 off 0.27753639797557883	false	1.0
ungleich	neg 1.0	neg 1.0	neg 0.6276993665064817 __DUMMY__ 0.21775962875763596 off 0.15454100473588225	false	1.0
heikel	neg 1.0		__DUMMY__ 0.45108414433885374 neg 0.27805454726870643 off 0.27086130839243994	false	1.0
drosselung	neg 1.0		__DUMMY__ 0.4403715626491626 off 0.2813784476950464 neg 0.2782499896557909	false	0.5
falsch	neg 1.0		__DUMMY__ 0.44594791873447936 off 0.28041521042478074 neg 0.27363687084073984	false	0.5
unzufriedenheit	neg 1.0		__DUMMY__ 0.44978898770813297 neg 0.28029067249780004 off 0.2699203397940671	false	1.0
kurz	neg 1.0		__DUMMY__ 0.45090296869698626 neg 0.2753740227463901 off 0.2737230085566237	false	1.0
unsinnig	neg 1.0		__DUMMY__ 0.44741722998546907 neg 0.278535163779529 off 0.2740476062350018	false	1.0
penner	off 1.0	off 1.0	off 0.6349703144693036 __DUMMY__ 0.21092834445705674 neg 0.15410134107363962	false	1.0
seicht	neg 1.0		__DUMMY__ 0.4356909787168288 off 0.29122771071821263 neg 0.27308131056495843	false	0.5
dummheit	off 1.0	off 1.0	off 0.6282122044345398 __DUMMY__ 0.2146642938824533 neg 0.1571235016830068	false	1.0
unerfreulich	neg 1.0		__DUMMY__ 0.4515206782692773 neg 0.2778669285477271 off 0.2706123931829957	false	1.0
motherfucker	off 1.0	off 1.0	off 0.6316492186816265 __DUMMY__ 0.21346857765164742 neg 0.15488220366672611	false	1.0
pikiert	neg 1.0	neg 1.0	neg 0.6264077677906725 __DUMMY__ 0.21382334562904612 off 0.15976888658028143	false	1.0
wrack	neg 1.0		__DUMMY__ 0.45448756948606095 off 0.27563469075502345 neg 0.2698777397589157	false	0.5
gangster	neg 1.0		__DUMMY__ 0.4456708454286279 off 0.2798425313772303 neg 0.27448662319414174	false	0.5
krank	neg 1.0	neg 1.0	neg 0.6246628239211197 __DUMMY__ 0.21453337916418552 off 0.1608037969146948	false	1.0
reich	neg 1.0		__DUMMY__ 0.4431099202066954 off 0.27951397115321913 neg 0.2773761086400854	false	0.5
gnadenlos	neg 1.0		__DUMMY__ 0.44834772419996605 off 0.2770789724645297 neg 0.27457330333550417	false	0.5
niedergeschlagen	neg 1.0		__DUMMY__ 0.450845186762552 neg 0.275981488299813 off 0.2731733249376351	false	1.0
terrorisieren	off 1.0	off 1.0	off 0.6242645351060555 __DUMMY__ 0.21819390515811826 neg 0.15754155973582618	false	1.0
sinnlosigkeit	neg 1.0		__DUMMY__ 0.44962486208464203 neg 0.2767103917373021 off 0.2736647461780559	false	1.0
behindern	neg 1.0		__DUMMY__ 0.44746504446663754 neg 0.2775695492120661 off 0.2749654063212964	false	1.0
undemokratisch	neg 1.0		__DUMMY__ 0.4458982617969791 off 0.2780581979565886 neg 0.27604354024643224	false	0.5
wirtschaftskrise	neg 1.0		__DUMMY__ 0.4463189412409165 neg 0.2820061025398974 off 0.27167495621918614	false	1.0
neid	neg 1.0		__DUMMY__ 0.44591297459431367 off 0.2793994914276521 neg 0.2746875339780342	false	0.5
rutschen	neg 1.0		__DUMMY__ 0.4556805707917091 neg 0.27830832173489306 off 0.26601110747339785	false	1.0
rezession	neg 1.0		__DUMMY__ 0.438295732233992 off 0.28392259682723525 neg 0.2777816709387727	false	0.5
fehlgeburt	neg 1.0		__DUMMY__ 0.4497049247866596 off 0.2767850249532531 neg 0.27351005026008735	false	0.5
charakterschwach	off 1.0		__DUMMY__ 0.44348684268580363 off 0.28224071397621003 neg 0.2742724433379862	false	1.0
isolation	neg 1.0		__DUMMY__ 0.4465295034180815 off 0.2805619491168527 neg 0.2729085474650657	false	0.5
ablenkung	neg 1.0		__DUMMY__ 0.4495557681638655 off 0.2757638260892222 neg 0.27468040574691244	false	0.5
pech	neg 1.0		__DUMMY__ 0.4455375790478222 off 0.28054463374639765 neg 0.27391778720578014	false	0.5
vermeidung	neg 1.0		__DUMMY__ 0.4429093590244823 off 0.2823108427694459 neg 0.27477979820607173	false	0.5
dominieren	neg 1.0		__DUMMY__ 0.45031637642153993 neg 0.2751701912493458 off 0.27451343232911435	false	1.0
schwindlig	neg 1.0		__DUMMY__ 0.4463373026263509 off 0.277554608400251 neg 0.276108088973398	false	0.5
lutscher	neg 1.0	neg 1.0	neg 0.6246426118300441 __DUMMY__ 0.20882527626625283 off 0.16653211190370312	false	1.0
pflicht	neg 1.0		__DUMMY__ 0.4531187663408612 neg 0.2769479322736182 off 0.2699333013855207	false	1.0
faschist	off 1.0		__DUMMY__ 0.44575770552916 off 0.2801002679622832 neg 0.2741420265085569	false	1.0
verschleudern	neg 1.0		__DUMMY__ 0.4473737229395864 neg 0.2822793815731034 off 0.27034689548731017	false	1.0
wenn			__DUMMY__ 0.4450710189528989 off 0.28107411868814414 neg 0.2738548623589569	false	0.0
ehebruch	neg 1.0		__DUMMY__ 0.4499548676171496 neg 0.27750295518754026 off 0.2725421771953101	false	1.0
spott	off 1.0		__DUMMY__ 0.45101808347508643 neg 0.2761577708726208 off 0.27282414565229285	false	0.5
trostlosigkeit	neg 1.0		__DUMMY__ 0.45022961187503346 neg 0.28131192902115826 off 0.26845845910380817	false	1.0
lutschen	neg 1.0		__DUMMY__ 0.44477846902815654 off 0.28018800776036423 neg 0.27503352321147917	false	0.5
undiszipliniert	neg 1.0		__DUMMY__ 0.44310729102745483 off 0.2846085935749369 neg 0.2722841153976083	false	0.5
kopfschmerz	neg 1.0		__DUMMY__ 0.44824223501248583 neg 0.2807337019352923 off 0.27102406305222193	false	1.0
unvorhergesehen	neg 1.0		__DUMMY__ 0.45269622779169627 neg 0.2774459849942691 off 0.26985778721403453	false	1.0
desinteressiert	neg 1.0		__DUMMY__ 0.44293193218641586 off 0.2836390715022456 neg 0.27342899631133843	false	0.5
armselig	off 1.0		__DUMMY__ 0.44192723520283883 off 0.28633942759562714 neg 0.27173333720153386	false	1.0
desaster	neg 1.0		__DUMMY__ 0.45159015057755747 neg 0.2800041132446806 off 0.26840573617776187	false	1.0
tod	neg 1.0		__DUMMY__ 0.4517105899808827 neg 0.2762294296173589 off 0.2720599804017584	false	1.0
herzlos	neg 1.0		__DUMMY__ 0.4420059464261112 off 0.2856077409166576 neg 0.2723863126572311	false	0.5
unwissenheit	neg 1.0		__DUMMY__ 0.44927975217306176 neg 0.2776870857876194 off 0.2730331620393188	false	1.0
widersinnig	neg 1.0		__DUMMY__ 0.44689596460421177 neg 0.27910923700158274 off 0.27399479839420543	false	1.0
bedenklich	neg 1.0		__DUMMY__ 0.4493533825049157 neg 0.27877476417686337 off 0.27187185331822106	false	1.0
beanstanden	neg 1.0		__DUMMY__ 0.45293301004158815 neg 0.27634607141649536 off 0.27072091854191643	false	1.0
panisch	neg 1.0		__DUMMY__ 0.4482303449017991 off 0.2782446742017635 neg 0.2735249808964374	false	0.5
debil	off 1.0		__DUMMY__ 0.4555863983454768 neg 0.2813260974109453 off 0.26308750424357785	false	0.5
abstrich	neg 1.0		__DUMMY__ 0.4472757437586522 neg 0.27981867359343876 off 0.27290558264790893	false	1.0
primitiv	neg 1.0		__DUMMY__ 0.44331149974296347 off 0.2840252813359408 neg 0.27266321892109585	false	0.5
abschaum	off 1.0	off 1.0	off 0.6305319433814046 __DUMMY__ 0.21489610032444909 neg 0.15457195629414633	false	1.0
provozieren	neg 1.0		__DUMMY__ 0.4471927881686729 off 0.27657835591857194 neg 0.2762288559127551	false	0.5
tot	neg 1.0		__DUMMY__ 0.44827991394062827 neg 0.2791050618152892 off 0.27261502424408246	false	1.0
instabil	neg 1.0		__DUMMY__ 0.4414100756181744 off 0.28657001746201893 neg 0.2720199069198068	false	0.5
schwuchtel	off 1.0	off 1.0	off 0.6393462275218968 __DUMMY__ 0.20752421074086858 neg 0.15312956173723463	false	1.0
zerren	neg 1.0		__DUMMY__ 0.45101343199138594 neg 0.2757610338953633 off 0.27322553411325073	false	1.0
kinderficker	off 1.0		__DUMMY__ 0.4400210441141758 off 0.2887910750551616 neg 0.27118788083066264	false	1.0
gefahr	neg 1.0		__DUMMY__ 0.45226739370683505 neg 0.27761069078502143 off 0.2701219155081435	false	1.0
rabiat	neg 1.0		__DUMMY__ 0.44787399974550784 neg 0.27778938850986856 off 0.2743366117446237	false	1.0
verlangsamung	neg 1.0		__DUMMY__ 0.4385270873350233 off 0.29059813514268296 neg 0.27087477752229383	false	0.5
ausgestorben	neg 1.0		__DUMMY__ 0.4494346661390695 neg 0.27607992392841996 off 0.2744854099325106	false	1.0
anklagen	neg 1.0		__DUMMY__ 0.44916636506591207 neg 0.27685044330717884 off 0.2739831916269091	false	1.0
trott	neg 1.0		__DUMMY__ 0.4481762697418151 neg 0.27623535221204926 off 0.27558837804613556	false	1.0
verminderung	neg 1.0		__DUMMY__ 0.4433003647848229 off 0.2825999112164735 neg 0.2740997239987035	false	0.5
nach			__DUMMY__ 0.45750233600280066 neg 0.27737510829023204 off 0.26512255570696724	false	0.0
rost	neg 1.0		__DUMMY__ 0.44037253828074463 off 0.2932141495558564 neg 0.2664133121633991	false	0.5
destruktiv	neg 1.0		__DUMMY__ 0.4478006664364971 neg 0.27683873156305383 off 0.27536060200044904	false	1.0
unzumutbarkeit	neg 1.0		__DUMMY__ 0.4440237584567691 off 0.28278628459748684 neg 0.27318995694574405	false	0.5
labil	off 1.0	off 1.0	off 0.6296633136235841 __DUMMY__ 0.21430073377678865 neg 0.15603595259962724	false	1.0
ziemlich	neg 1.0		__DUMMY__ 0.4451456165774382 off 0.28240009983834613 neg 0.2724542835842158	false	0.5
lachnummer	off 1.0		__DUMMY__ 0.4487337607898079 off 0.2766395174780259 neg 0.27462672173216607	false	1.0
oder			__DUMMY__ 0.44913710403761165 off 0.2766796969263082 neg 0.2741831990360803	false	0.0
verfall	neg 1.0		__DUMMY__ 0.4519265664008214 neg 0.2823757788356676 off 0.2656976547635109	false	1.0
ausgrenzung	neg 1.0		__DUMMY__ 0.445648340360765 off 0.277832135293271 neg 0.276519524345964	false	0.5
unordnung	neg 1.0		__DUMMY__ 0.44036630206935934 off 0.2865482671529213 neg 0.2730854307777193	false	0.5
fehlverhalten	neg 1.0		__DUMMY__ 0.451019580997776 neg 0.2775818707196642 off 0.2713985482825598	false	1.0
eine			__DUMMY__ 0.45233380141916896 neg 0.27864121701845196 off 0.2690249815623791	false	0.0
nille	neg 1.0		__DUMMY__ 0.4480597559875033 off 0.276009882338966 neg 0.27593036167353074	false	0.5
qual	neg 1.0		__DUMMY__ 0.44806962779341697 neg 0.2768550989795887 off 0.27507527322699443	false	1.0
verschwenden	neg 1.0		__DUMMY__ 0.44964324156668833 neg 0.2800072277291913 off 0.2703495307041203	false	1.0
riesig	neg 1.0		__DUMMY__ 0.45111824151109947 neg 0.2772393595452328 off 0.27164239894366765	false	1.0
verurteilen	neg 1.0		__DUMMY__ 0.4490224762066733 neg 0.27742750964076934 off 0.2735500141525575	false	1.0
klischee	neg 1.0	neg 1.0	neg 0.6265899688907335 __DUMMY__ 0.21448631924857847 off 0.15892371186068807	false	1.0
diktatorisch	neg 1.0		__DUMMY__ 0.4453119210919113 off 0.27791269564624715 neg 0.2767753832618416	false	0.5
vorhersehbar	neg 1.0		__DUMMY__ 0.4450490930192591 off 0.278741046489186 neg 0.27620986049155477	false	0.5
sowie			__DUMMY__ 0.43851821644570427 off 0.28715964890118895 neg 0.2743221346531069	false	0.0
stornieren	neg 1.0		__DUMMY__ 0.44992196169916593 off 0.2804297733113597 neg 0.2696482649894745	false	0.5
besteuerung	neg 1.0	neg 1.0	neg 0.6301327555452564 __DUMMY__ 0.21372540579256924 off 0.15614183866217435	false	1.0
ungeschminkt	neg 1.0		__DUMMY__ 0.44253506910506973 off 0.2836803706481324 neg 0.2737845602467979	false	0.5
kritisch	neg 1.0		__DUMMY__ 0.44986170738500747 neg 0.2768515408502417 off 0.2732867517647509	false	1.0
schlamperei	off 1.0		__DUMMY__ 0.4500328361866755 neg 0.2784614290437161 off 0.2715057347696084	false	0.5
sucht	neg 1.0	neg 1.0	neg 0.6256518889509876 __DUMMY__ 0.2166596054202455 off 0.15768850562876696	false	1.0
egoistisch	off 1.0	off 1.0	off 0.6339155192219217 __DUMMY__ 0.21228836332143527 neg 0.153796117456643	false	1.0
ausbeuter	off 1.0		__DUMMY__ 0.4491191254044792 neg 0.28066657313201204 off 0.27021430146350883	false	0.5
arschgeburt	off 1.0		__DUMMY__ 0.43259523294680435 off 0.2980975565151216 neg 0.26930721053807405	false	1.0
schubs	neg 1.0		__DUMMY__ 0.448321516493867 neg 0.28026165357637567 off 0.2714168299297574	false	1.0
unsolide	neg 1.0		__DUMMY__ 0.44696106944481867 off 0.2793684722910515 neg 0.27367045826413	false	0.5
beschwerde	neg 1.0		__DUMMY__ 0.44985412916953804 neg 0.2764388507771878 off 0.27370702005327424	false	1.0
stocken	neg 1.0		__DUMMY__ 0.45024472608682947 neg 0.2773917727646721 off 0.27236350114849844	false	1.0
isolieren	neg 1.0		__DUMMY__ 0.44859132057031115 neg 0.2783097257433356 off 0.27309895368635323	false	1.0
unheilbar	neg 1.0		__DUMMY__ 0.4487684011274373 off 0.27614115557736874 neg 0.275090443295194	false	0.5
pisser	off 1.0	off 1.0	off 0.6320941951594696 __DUMMY__ 0.21291409407376768 neg 0.15499171076676266	false	1.0
löschen	neg 1.0		__DUMMY__ 0.44710323027497084 neg 0.2769181487893423 off 0.27597862093568687	false	1.0
durchfallen	neg 1.0		__DUMMY__ 0.45016396563601757 neg 0.276712197627911 off 0.27312383673607143	false	1.0
wichser	off 1.0	off 1.0	off 0.6370108584286698 __DUMMY__ 0.20974940905207096 neg 0.15323973251925924	false	1.0
terror	neg 1.0		__DUMMY__ 0.4459418261155561 off 0.2793250088083104 neg 0.2747331650761335	false	0.5
krass	neg 1.0		__DUMMY__ 0.44067299848368113 off 0.28740210016947143 neg 0.27192490134684755	false	0.5
revolte	neg 1.0		__DUMMY__ 0.442881182488375 off 0.2787913543510385 neg 0.27832746316058643	false	0.5
besorgt	neg 1.0		__DUMMY__ 0.4515432460130087 off 0.2742361075019081 neg 0.2742206464850831	false	0.5
nachlassen	neg 1.0		__DUMMY__ 0.4514514753314322 neg 0.2757400931605988 off 0.27280843150796896	false	1.0
alt	neg 1.0		__DUMMY__ 0.4457703449728663 neg 0.28450038009060197 off 0.2697292749365319	false	1.0
hundesohn	off 1.0	off 1.0	off 0.6362031569426084 __DUMMY__ 0.20978685851923637 neg 0.15400998453815518	false	1.0
als			__DUMMY__ 0.4493119733656257 neg 0.277377017996877 off 0.27331100863749724	false	0.0
abschreckung	neg 1.0		__DUMMY__ 0.45078117960411496 neg 0.27909104132737744 off 0.2701277790685077	false	1.0
unqualifiziert	neg 1.0		__DUMMY__ 0.4455157380715249 off 0.28089784993680317 neg 0.2735864119916721	false	0.5
abgewichst	off 1.0		__DUMMY__ 0.448912020272137 neg 0.2756124309717457 off 0.27547554875611746	false	0.5
schwer	neg 1.0		__DUMMY__ 0.4492228824165324 neg 0.2754629677330707 off 0.2753141498503968	false	1.0
bedeutungslosigkeit	neg 1.0		__DUMMY__ 0.4507025905347329 neg 0.278480836440222 off 0.2708165730250452	false	1.0
kapitulation	neg 1.0		__DUMMY__ 0.44803434019854815 neg 0.2799080996576632 off 0.2720575601437888	false	1.0
unscharf	neg 1.0		__DUMMY__ 0.4438465939380614 neg 0.27926903939194125 off 0.27688436666999716	false	1.0
schwinden	neg 1.0		__DUMMY__ 0.44980860701298786 neg 0.27965295486219915 off 0.270538438124813	false	1.0
versklavung	neg 1.0	neg 1.0	neg 0.6282601455122058 __DUMMY__ 0.21458898209900035 off 0.15715087238879388	false	1.0
schlecht	neg 1.0		__DUMMY__ 0.44527423265039145 off 0.2826244968114437 neg 0.2721012705381649	false	0.5
verhasst	neg 1.0		__DUMMY__ 0.44635417308657194 off 0.27716173643444125 neg 0.2764840904789868	false	0.5
beschweren	neg 1.0		__DUMMY__ 0.4478566159640928 off 0.27820534857682094 neg 0.2739380354590863	false	0.5
scheiden	neg 1.0		__DUMMY__ 0.4486461930794814 off 0.27590671330157474 neg 0.275447093618944	false	0.5
frustriert	neg 1.0		__DUMMY__ 0.44963196212521234 neg 0.27603064692185564 off 0.27433739095293214	false	1.0
schimmelig	neg 1.0		__DUMMY__ 0.4472125343395121 neg 0.2817273788406377 off 0.27106008681985017	false	1.0
fisch	neg 1.0		__DUMMY__ 0.4483047402235278 neg 0.28463729785034664 off 0.2670579619261257	false	1.0
schmuggel	neg 1.0		__DUMMY__ 0.45310928217597923 neg 0.2773605241224634 off 0.2695301937015575	false	1.0
auffallen	neg 1.0		__DUMMY__ 0.44699785808876397 off 0.278489984671008 neg 0.27451215724022815	false	0.5
konkurrenz	neg 1.0		__DUMMY__ 0.45303507403592636 neg 0.2757399583288993 off 0.2712249676351742	false	1.0
teufelskreis	neg 1.0	neg 1.0	neg 0.6286814682963202 __DUMMY__ 0.21570233833013253 off 0.15561619337354737	false	1.0
aufschreien	neg 1.0		__DUMMY__ 0.44524867307254096 off 0.278599746330608 neg 0.2761515805968509	false	0.5
schuldner	neg 1.0		__DUMMY__ 0.4481935636373815 neg 0.2822792031307691 off 0.2695272332318493	false	1.0
missgeburt	off 1.0	off 1.0	off 0.6355634325774043 __DUMMY__ 0.2113869857288454 neg 0.1530495816937502	false	1.0
arbeitslos	neg 1.0		__DUMMY__ 0.4495694770912009 neg 0.2777421110875995 off 0.2726884118211996	false	1.0
befallen	neg 1.0		__DUMMY__ 0.44480114324787 neg 0.28248368103946525 off 0.27271517571266474	false	1.0
miesepetrig	off 1.0	off 1.0	off 0.6297413477972164 __DUMMY__ 0.21452852523320304 neg 0.15573012696958058	false	1.0
alarmieren	neg 1.0		__DUMMY__ 0.4448262007658989 off 0.2811191031619593 neg 0.2740546960721418	false	0.5
ungeduscht	off 1.0		__DUMMY__ 0.44407547763599564 off 0.2801585756454153 neg 0.2757659467185891	false	1.0
knappheit	neg 1.0		__DUMMY__ 0.4470893044308008 neg 0.28073791708450424 off 0.27217277848469495	false	1.0
schlange	neg 1.0		__DUMMY__ 0.4489070488464472 off 0.27642440248031724 neg 0.2746685486732354	false	0.5
harsch	neg 1.0		__DUMMY__ 0.4429879635083994 off 0.2875308262614063 neg 0.26948121023019433	false	0.5
lang	neg 1.0		__DUMMY__ 0.4473284733754424 off 0.27720424143058375 neg 0.2754672851939738	false	0.5
ziellos	neg 1.0		__DUMMY__ 0.451975466691982 neg 0.2764753299713827 off 0.27154920333663524	false	1.0
selbstverliebt	neg 1.0		__DUMMY__ 0.4365523831925165 off 0.2957509840616621 neg 0.2676966327458215	false	0.5
beseitigen	neg 1.0		__DUMMY__ 0.4493095479173894 off 0.275926551348868 neg 0.2747639007337425	false	0.5
dumm	off 1.0		__DUMMY__ 0.43921358062764115 off 0.2896724940438339 neg 0.2711139253285249	false	1.0
arbeitsloser	neg 1.0		__DUMMY__ 0.45361838009636607 off 0.2747332879030336 neg 0.27164833200060046	false	0.5
blitzen	neg 1.0		__DUMMY__ 0.4445724428890776 off 0.27981064772326253 neg 0.2756169093876599	false	0.5
hilflos	neg 1.0		__DUMMY__ 0.44953629493068087 neg 0.27764070326862633 off 0.27282300180069274	false	1.0
eklig	off 1.0		__DUMMY__ 0.4375354319369342 off 0.28957973772397094 neg 0.2728848303390947	false	1.0
begriff			__DUMMY__ 0.44907873667506715 off 0.27554996111213553 neg 0.27537130221279743	false	0.0
hungersnot	neg 1.0		__DUMMY__ 0.44755077369576296 neg 0.2800216787232853 off 0.2724275475809518	false	1.0
ungesetzlich	neg 1.0		__DUMMY__ 0.4463457952903154 off 0.2784576251889572 neg 0.2751965795207273	false	0.5
verschwendung	neg 1.0		__DUMMY__ 0.4505524080750546 neg 0.27875498763923434 off 0.27069260428571096	false	1.0
schmerzvoll	neg 1.0		__DUMMY__ 0.4464694505302996 off 0.2770239295265923 neg 0.276506619943108	false	0.5
vorzeitig	neg 1.0		__DUMMY__ 0.44713320220170943 off 0.2827556791636911 neg 0.27011111863459947	false	0.5
unvollkommenheit	neg 1.0		__DUMMY__ 0.4490781033468393 neg 0.277032984192445 off 0.2738889124607157	false	1.0
intervenieren	neg 1.0		__DUMMY__ 0.4481915233996632 neg 0.2811736349596721 off 0.2706348416406647	false	1.0
banause	off 1.0		__DUMMY__ 0.43476923966811937 off 0.2905397184077856 neg 0.2746910419240949	false	1.0
rebell	neg 1.0		__DUMMY__ 0.45029814407121066 neg 0.28427727054849117 off 0.2654245853802981	false	1.0
unlogisch	neg 1.0		__DUMMY__ 0.4416219085849065 off 0.2846340204600744 neg 0.273744070955019	false	0.5
leiden	neg 1.0		__DUMMY__ 0.453748585969194 neg 0.2758775593660141 off 0.2703738546647918	false	1.0
abschaffung	neg 1.0		__DUMMY__ 0.44581224009875225 neg 0.27781371238193114 off 0.2763740475193167	false	1.0
sturz	neg 1.0		__DUMMY__ 0.44950613695158087 off 0.2792203870701402 neg 0.27127347597827906	false	0.5
verkleinerung	neg 1.0		__DUMMY__ 0.44184879990341974 neg 0.2791505730564998 off 0.27900062704008033	false	1.0
schmarotzer	off 1.0		__DUMMY__ 0.4490830832542398 neg 0.2770832736755988 off 0.27383364307016156	false	0.5
bestrafung	neg 1.0	neg 1.0	neg 0.6265323770267364 __DUMMY__ 0.21646354673723958 off 0.15700407623602414	false	1.0
achtlos	neg 1.0		__DUMMY__ 0.45033136835505955 neg 0.27499202355987457 off 0.2746766080850659	false	1.0
ungeheuer	neg 1.0		__DUMMY__ 0.4471419244855354 neg 0.27699188052719725 off 0.2758661949872672	false	1.0
unaufrichtig	neg 1.0		__DUMMY__ 0.44553984915608413 off 0.2808034880824393 neg 0.27365666276147654	false	0.5
groggy	neg 1.0		__DUMMY__ 0.44657827132835265 off 0.27971736320247154 neg 0.2737043654691758	false	0.5
verletzlich	neg 1.0		__DUMMY__ 0.44196003514309395 off 0.2805907337859622 neg 0.2774492310709438	false	0.5
