unsolidarisch	neg 1.0		__DUMMY__ 0.8645327285691651 neg 0.06789980518074024 off 0.06756746625009472	false	1.0
nachteilig	neg 1.0		__DUMMY__ 0.8727280019235389 neg 0.06453263578009785 off 0.06273936229636319	false	1.0
skeptisch	neg 1.0		__DUMMY__ 0.8716632597442071 neg 0.06669650653597747 off 0.061640233719815404	false	1.0
schrecklich	neg 1.0		__DUMMY__ 0.8594167869786868 off 0.07537559135450997 neg 0.06520762166680306	false	0.5
schlapp	neg 1.0	neg 1.0	neg 0.519729179504771 __DUMMY__ 0.42610888070567166 off 0.05416193978955735	false	1.0
abfall	neg 1.0		__DUMMY__ 0.8772495972309846 neg 0.06422578311002554 off 0.058524619658989786	false	1.0
widerspenstig	neg 1.0		__DUMMY__ 0.8662509212798588 neg 0.06835094302985997 off 0.0653981356902811	false	1.0
abrupt	neg 1.0		__DUMMY__ 0.8701985878650109 neg 0.06899771189353643 off 0.06080370024145268	false	1.0
unwirksam	neg 1.0		__DUMMY__ 0.8607943038053906 neg 0.07243230536725899 off 0.06677339082735047	false	1.0
angreifen	neg 1.0		__DUMMY__ 0.8723807583398402 neg 0.06647286739230106 off 0.06114637426785882	false	1.0
inkonsistent	neg 1.0		__DUMMY__ 0.863921381068208 off 0.06873067561162972 neg 0.06734794332016233	false	0.5
abrutschen	neg 1.0		__DUMMY__ 0.8761449713176512 neg 0.06567254738677093 off 0.05818248129557772	false	1.0
unsicher	neg 1.0		__DUMMY__ 0.8688861405590315 off 0.06617033974323067 neg 0.06494351969773789	false	0.5
bauernkind	off 1.0	off 1.0	off 0.5285081042983977 __DUMMY__ 0.4174974981543324 neg 0.05399439754726991	false	1.0
angreifer	neg 1.0		__DUMMY__ 0.8675404861405451 off 0.07012428155093677 neg 0.06233523230851813	false	0.5
trennen	neg 1.0		__DUMMY__ 0.8738931877430659 neg 0.06543775924038236 off 0.06066905301655173	false	1.0
schmutz	neg 1.0		__DUMMY__ 0.8722271892547132 off 0.06897887935454362 neg 0.058793931390743195	false	0.5
inkonsistenz	neg 1.0		__DUMMY__ 0.8637947096375115 off 0.07133987302836815 neg 0.06486541733412045	false	0.5
erschreckend	neg 1.0		__DUMMY__ 0.8682446741422813 neg 0.06608826152279902 off 0.06566706433491967	false	1.0
ertrinken	neg 1.0		__DUMMY__ 0.8708849278315554 neg 0.06862594650193371 off 0.06048912566651093	false	1.0
pickelface	off 1.0		__DUMMY__ 0.8667025671841324 off 0.06672332144887357 neg 0.06657411136699404	false	1.0
seiner			__DUMMY__ 0.8734541995059268 neg 0.0651440612984897 off 0.06140173919558347	false	0.0
lauch	neg 1.0	neg 1.0	neg 0.5217367447905076 __DUMMY__ 0.4339276525011713 off 0.04433560270832114	false	1.0
unwichtig	neg 1.0		__DUMMY__ 0.8627037223868415 off 0.07124184401644831 neg 0.06605443359671025	false	0.5
steuerhinterziehung	neg 1.0		__DUMMY__ 0.866689488554242 neg 0.0675314536315973 off 0.06577905781416064	false	1.0
schock	neg 1.0		__DUMMY__ 0.8694779613413663 neg 0.06600341955089603 off 0.06451861910773767	false	1.0
beule	neg 1.0		__DUMMY__ 0.8606534661151618 off 0.07322686876822906 neg 0.0661196651166091	false	0.5
vergelten	neg 1.0		__DUMMY__ 0.8605638887793438 off 0.07654124373731983 neg 0.06289486748333649	false	0.5
verdorbenheit	neg 1.0		__DUMMY__ 0.866331010828055 off 0.06697792465627345 neg 0.0666910645156716	false	0.5
trauma	neg 1.0		__DUMMY__ 0.8652404619958758 off 0.06769507970275461 neg 0.06706445830136962	false	0.5
sinnlos	neg 1.0		__DUMMY__ 0.8657640074624607 off 0.0683072078741821 neg 0.06592878466335712	false	0.5
fettsack	off 1.0	off 1.0	off 0.5296447417614827 __DUMMY__ 0.41786651082725174 neg 0.052488747411265524	false	1.0
feige	off 1.0	off 1.0	off 0.5250876661921527 __DUMMY__ 0.4238846387009873 neg 0.051027695106859894	false	1.0
abdanken	neg 1.0		__DUMMY__ 0.8682082095349462 off 0.06611090626993381 neg 0.06568088419512015	false	0.5
wichtigtuer	off 1.0	off 1.0	off 0.5225524596057213 __DUMMY__ 0.4278467045491917 neg 0.04960083584508696	false	1.0
misslingen	neg 1.0	neg 1.0	neg 0.5146938537569079 __DUMMY__ 0.4341183505928956 off 0.05118779565019645	false	1.0
untreu	off 1.0		__DUMMY__ 0.861546112163927 off 0.07250785531471222 neg 0.06594603252136072	false	1.0
missmutig	neg 1.0		__DUMMY__ 0.863877945200215 off 0.06986883647243909 neg 0.06625321832734586	false	0.5
hurenbock	off 1.0		__DUMMY__ 0.8619981577355429 neg 0.0718530383578812 off 0.0661488039065758	false	0.5
betrunken	neg 1.0		__DUMMY__ 0.8601619865206054 off 0.07419859056135227 neg 0.06563942291804234	false	0.5
korrupt	off 1.0		__DUMMY__ 0.8661406435653828 neg 0.06842204418566271 off 0.0654373122489544	false	0.5
unmut	neg 1.0		__DUMMY__ 0.8733202394744741 neg 0.06676194118208888 off 0.05991781934343706	false	1.0
hackfresse	off 1.0		__DUMMY__ 0.8551765150300639 off 0.07996515848896926 neg 0.06485832648096683	false	1.0
aufblasen	neg 1.0		__DUMMY__ 0.8676044225102937 off 0.06644599724279374 neg 0.06594958024691255	false	0.5
gewaltsam	neg 1.0		__DUMMY__ 0.8681794040652792 neg 0.06594807624371181 off 0.06587251969100905	false	1.0
unbeliebtheit	neg 1.0		__DUMMY__ 0.8622191711402284 off 0.07260532612256511 neg 0.06517550273720647	false	0.5
sturheit	neg 1.0		__DUMMY__ 0.8701358365155436 off 0.06566757647169293 neg 0.06419658701276351	false	0.5
kuh	neg 1.0		__DUMMY__ 0.8558420266048876 neg 0.0751909087749412 off 0.06896706462017113	false	1.0
erschrecken	neg 1.0		__DUMMY__ 0.8646881436418945 off 0.07032833900558105 neg 0.06498351735252443	false	0.5
opfer	neg 1.0		__DUMMY__ 0.8732886984056631 neg 0.0637064222507096 off 0.06300487934362738	false	1.0
sinken	neg 1.0		__DUMMY__ 0.8715374020915841 neg 0.06815836076148847 off 0.06030423714692748	false	1.0
stinktier	neg 1.0		__DUMMY__ 0.8513943449169488 off 0.07766218588756275 neg 0.07094346919548848	false	0.5
tucke	off 1.0		__DUMMY__ 0.8483793649027748 off 0.08193306535908843 neg 0.0696875697381368	false	1.0
ein			__DUMMY__ 0.8662886238835232 neg 0.06856375224979094 off 0.06514762386668578	false	0.0
abstieg	neg 1.0		__DUMMY__ 0.8751588102264002 off 0.06428385973021701 neg 0.06055733004338285	false	0.5
missverstehen	neg 1.0		__DUMMY__ 0.8648697368754544 off 0.0692514993039376 neg 0.06587876382060795	false	0.5
ergebnislos	neg 1.0		__DUMMY__ 0.8734331870131634 neg 0.06386911333932041 off 0.06269769964751609	false	1.0
unter			__DUMMY__ 0.8818394621471669 neg 0.06400766011658376 off 0.05415287773624928	false	0.0
manipulieren	neg 1.0		__DUMMY__ 0.8733538340780943 neg 0.06451224626987827 off 0.062133919652027435	false	1.0
unbewiesen	neg 1.0	neg 1.0	neg 0.5197924692991683 __DUMMY__ 0.42877345428094044 off 0.05143407641989122	false	1.0
verschleppen	neg 1.0		__DUMMY__ 0.8693771771633589 neg 0.06685912600052397 off 0.06376369683611703	false	1.0
weib	off 1.0		__DUMMY__ 0.8507348790787815 off 0.08219652652216902 neg 0.06706859439904937	false	1.0
opposition	neg 1.0		__DUMMY__ 0.8638978742732929 neg 0.06835346559110952 off 0.06774866013559769	false	1.0
verkehrswidrig	neg 1.0	neg 1.0	neg 0.5157239953496914 __DUMMY__ 0.42615796182577176 off 0.05811804282453669	false	1.0
inkorrekt	neg 1.0		__DUMMY__ 0.858695290975276 off 0.07549173290931817 neg 0.06581297611540575	false	0.5
vermeiden	neg 1.0		__DUMMY__ 0.8770043526333174 neg 0.0655133184347259 off 0.05748232893195667	false	1.0
abweichung	neg 1.0	neg 1.0	neg 0.5170823158198598 __DUMMY__ 0.4343306202386846 off 0.04858706394145583	false	1.0
alkoholisiert	neg 1.0		__DUMMY__ 0.8765089132869898 neg 0.06286216943049357 off 0.06062891728251673	false	1.0
scheiss	off 1.0	off 1.0	off 0.5256831605732855 __DUMMY__ 0.42305316646456304 neg 0.05126367296215153	false	1.0
herausforderung	neg 1.0		__DUMMY__ 0.8715698940752828 neg 0.06458497736476301 off 0.06384512855995408	false	1.0
pervers	off 1.0		__DUMMY__ 0.8496548237807274 off 0.08453666182182555 neg 0.06580851439744706	false	1.0
wackelig	neg 1.0		__DUMMY__ 0.8718588048878211 neg 0.06474484144947826 off 0.06339635366270072	false	1.0
verwickeln	neg 1.0		__DUMMY__ 0.8652970889350322 off 0.068371854150607 neg 0.06633105691436078	false	0.5
vorwand	neg 1.0		__DUMMY__ 0.8724941726092139 neg 0.06683341526028129 off 0.06067241213050472	false	1.0
muschi	off 1.0		__DUMMY__ 0.8686740896325764 neg 0.06567535969558826 off 0.06565055067183534	false	0.5
entmutigung	neg 1.0		__DUMMY__ 0.862933378755508 off 0.06916282973608462 neg 0.06790379150840732	false	0.5
unangemessen	neg 1.0		__DUMMY__ 0.869555320469902 off 0.06529921669478608 neg 0.0651454628353119	false	0.5
unstetig	neg 1.0		__DUMMY__ 0.8645758827207802 off 0.07014508574736837 neg 0.06527903153185133	false	0.5
entmutigen	neg 1.0		__DUMMY__ 0.8671624257844105 off 0.06723308592074675 neg 0.0656044882948428	false	0.5
schwanz	neg 1.0		__DUMMY__ 0.8692600515290879 neg 0.06740484261686287 off 0.0633351058540493	false	1.0
verbot	neg 1.0		__DUMMY__ 0.8665948691822886 neg 0.06835892434509185 off 0.06504620647261967	false	1.0
leid	neg 1.0		__DUMMY__ 0.8572682158211109 off 0.07692891946328213 neg 0.06580286471560699	false	0.5
archaisch	neg 1.0		__DUMMY__ 0.8678998670649555 neg 0.06721767496055898 off 0.0648824579744856	false	1.0
gegen			__DUMMY__ 0.8754438758929795 neg 0.06407786146806974 off 0.06047826263895079	false	0.0
scheidung	neg 1.0		__DUMMY__ 0.8531733061522941 off 0.0881668636225689 neg 0.058659830225136926	false	0.5
einschlag	neg 1.0		__DUMMY__ 0.8624651174333622 off 0.07563636094291182 neg 0.061898521623726006	false	0.5
m			__DUMMY__ 0.8700911087994377 neg 0.06592827735869379 off 0.06398061384186846	false	0.0
abgestanden	neg 1.0		__DUMMY__ 0.860479780324156 neg 0.07385477810548902 off 0.06566544157035499	false	1.0
schmierig	off 1.0		__DUMMY__ 0.8577172612698127 off 0.07668901113858852 neg 0.06559372759159876	false	1.0
unpraktisch	neg 1.0		__DUMMY__ 0.8677974690256801 off 0.06739442792847967 neg 0.06480810304584021	false	0.5
wixxer	off 1.0		__DUMMY__ 0.8475621737220326 off 0.08492184953895929 neg 0.0675159767390082	false	1.0
bezeichnet			__DUMMY__ 0.8681388796300017 off 0.06672818547014087 neg 0.06513293489985741	false	0.0
jammerlappen	off 1.0		__DUMMY__ 0.8630634796541191 off 0.07157574575603749 neg 0.06536077458984349	false	1.0
farce	neg 1.0		__DUMMY__ 0.8650592963015189 neg 0.06828856587923167 off 0.0666521378192494	false	1.0
zwecklos	neg 1.0		__DUMMY__ 0.8689827831752313 neg 0.06671644341930347 off 0.06430077340546525	false	1.0
turbulent	neg 1.0		__DUMMY__ 0.8608308837677118 off 0.07353577762153125 neg 0.06563333861075694	false	0.5
invasion	neg 1.0		__DUMMY__ 0.8652468073834254 off 0.06894955338497054 neg 0.06580363923160396	false	0.5
schuld	neg 1.0		__DUMMY__ 0.8664793932850908 off 0.06767542087160369 neg 0.06584518584330552	false	0.5
risiko	neg 1.0		__DUMMY__ 0.8629412593032331 neg 0.06861161881239945 off 0.06844712188436747	false	1.0
finster	neg 1.0		__DUMMY__ 0.8660501104765178 neg 0.06856049514993091 off 0.06538939437355135	false	1.0
geisteskrank	off 1.0		__DUMMY__ 0.8600262398479973 off 0.07420663679401536 neg 0.0657671233579873	false	1.0
zusammenbrechen	neg 1.0		__DUMMY__ 0.8687243901862722 neg 0.06684322942833312 off 0.06443238038539464	false	1.0
ausbeute	neg 1.0		__DUMMY__ 0.8723885359612226 off 0.06485164813109628 neg 0.06275981590768111	false	0.5
hinterhalt	neg 1.0		__DUMMY__ 0.8682551969056785 neg 0.06720414830218364 off 0.06454065479213791	false	1.0
kritik	neg 1.0		__DUMMY__ 0.8650107147075528 neg 0.06858993433519989 off 0.06639935095724739	false	1.0
einschrumpfen	neg 1.0		__DUMMY__ 0.8592936985125166 off 0.07168587856135941 neg 0.06902042292612394	false	0.5
riskant	neg 1.0		__DUMMY__ 0.870592162223668 neg 0.06754603894916354 off 0.06186179882716847	false	1.0
frustrieren	neg 1.0		__DUMMY__ 0.8690587167060991 neg 0.06816650818250788 off 0.0627747751113929	false	1.0
groll	neg 1.0		__DUMMY__ 0.8705661408940847 neg 0.06492130232936419 off 0.0645125567765511	false	1.0
gibt			__DUMMY__ 0.8702370690027622 neg 0.06572097183579569 off 0.06404195916144208	false	0.0
qualvoll	neg 1.0		__DUMMY__ 0.8657308281076382 off 0.0683175459498937 neg 0.06595162594246802	false	0.5
wackeln	neg 1.0		__DUMMY__ 0.8682957226147863 off 0.06595279228553301 neg 0.06575148509968072	false	0.5
klagen	neg 1.0		__DUMMY__ 0.8715135532998468 neg 0.06753215677017667 off 0.0609542899299766	false	1.0
bankrott	neg 1.0		__DUMMY__ 0.8650592305806424 off 0.07075421024293338 neg 0.06418655917642424	false	0.5
trauern	neg 1.0		__DUMMY__ 0.8763004310391551 off 0.061871398987271835 neg 0.06182816997357306	false	0.5
ablehnung	neg 1.0		__DUMMY__ 0.8661182262457365 neg 0.06808336378114886 off 0.06579840997311458	false	1.0
stur	neg 1.0		__DUMMY__ 0.8655354432003506 off 0.0676322877805499 neg 0.06683226901909949	false	0.5
aufruhr	neg 1.0	neg 1.0	neg 0.520116104415957 __DUMMY__ 0.42942921632946335 off 0.05045467925457952	false	1.0
melancholie	neg 1.0		__DUMMY__ 0.8698533202228911 neg 0.0690989430238226 off 0.06104773675328627	false	1.0
ist			__DUMMY__ 0.8662368702209448 off 0.06806214380363025 neg 0.06570098597542492	false	0.0
torheit	neg 1.0		__DUMMY__ 0.8666119141872554 off 0.06780382764170141 neg 0.06558425817104323	false	0.5
dreckskind	off 1.0		__DUMMY__ 0.8528334169109263 off 0.08121320948086154 neg 0.06595337360821212	false	1.0
umtauschen	neg 1.0		__DUMMY__ 0.8679297115226265 neg 0.0669086059343098 off 0.06516168254306358	false	1.0
zum			__DUMMY__ 0.8822685584280558 neg 0.06012510242853516 off 0.05760633914340897	false	0.0
zersetzen	neg 1.0		__DUMMY__ 0.8701034036483832 neg 0.0681179222565441 off 0.06177867409507261	false	1.0
zur			__DUMMY__ 0.8771064484728354 neg 0.06504856811537456 off 0.05784498341179015	false	0.0
frust	neg 1.0		__DUMMY__ 0.869550534021606 neg 0.06619719420791455 off 0.06425227177047949	false	1.0
unerbittlichkeit	neg 1.0		__DUMMY__ 0.8717292073707316 neg 0.06567068968074093 off 0.06260010294852755	false	1.0
zwei			__DUMMY__ 0.8781709482401008 neg 0.06475370987251851 off 0.057075341887380816	false	0.0
unkorrekt	neg 1.0		__DUMMY__ 0.8592654241687967 off 0.07400704319698843 neg 0.06672753263421496	false	0.5
hexe	off 1.0		__DUMMY__ 0.8601352149845382 off 0.0708117470281727 neg 0.06905303798728918	false	1.0
lasch	neg 1.0		__DUMMY__ 0.863960053378726 off 0.07077235962484314 neg 0.06526758699643098	false	0.5
rivale	neg 1.0		__DUMMY__ 0.859699294564853 off 0.07533306080774123 neg 0.06496764462740577	false	0.5
mutlos	off 1.0	off 1.0	off 0.5184372926899337 __DUMMY__ 0.4312149235792093 neg 0.05034778373085706	false	1.0
wirr	off 1.0		__DUMMY__ 0.8583506226557515 off 0.07604287118152549 neg 0.06560650616272301	false	1.0
jahr			__DUMMY__ 0.8779249433426223 off 0.06142519656636153 neg 0.060649860091016236	false	0.0
wird			__DUMMY__ 0.8709593410635965 neg 0.0656821722564932 off 0.06335848667991023	false	0.0
strafbar	neg 1.0		__DUMMY__ 0.87158059240285 neg 0.06592863087714626 off 0.06249077672000366	false	1.0
erosion	neg 1.0		__DUMMY__ 0.8675666671195957 off 0.06634263677795732 neg 0.06609069610244699	false	0.5
eingehen	neg 1.0		__DUMMY__ 0.8695388419353932 neg 0.06781742428044617 off 0.06264373378416067	false	1.0
faul	off 1.0		__DUMMY__ 0.8637558272532201 off 0.07033432344509259 neg 0.06590984930168732	false	1.0
provisorium	neg 1.0		__DUMMY__ 0.8823908436158371 neg 0.06349136168391831 off 0.05411779470024459	false	1.0
schmerzen	neg 1.0		__DUMMY__ 0.867909309230814 neg 0.06750660511561068 off 0.0645840856535753	false	1.0
schrumpfen	neg 1.0		__DUMMY__ 0.8731497113362124 neg 0.06885315872554061 off 0.057997129938246864	false	1.0
geistlos	off 1.0		__DUMMY__ 0.8625826421743354 off 0.06966397433928047 neg 0.06775338348638407	false	1.0
fehlkauf	neg 1.0		__DUMMY__ 0.8633872781446544 off 0.06894932541662858 neg 0.06766339643871697	false	0.5
frustrierend	neg 1.0		__DUMMY__ 0.8640392829745497 off 0.07028156301190432 neg 0.0656791540135459	false	0.5
unzufrieden	neg 1.0		__DUMMY__ 0.869408602236069 neg 0.06649472235235432 off 0.06409667541157671	false	1.0
verzweifeln	neg 1.0		__DUMMY__ 0.8691504100143251 neg 0.06551020450507812 off 0.06533938548059673	false	1.0
verzweifelt	neg 1.0		__DUMMY__ 0.8663030543014274 off 0.06772006462397959 neg 0.06597688107459306	false	0.5
misstrauensantrag	neg 1.0		__DUMMY__ 0.8655255009781113 off 0.06824929300581818 neg 0.0662252060160705	false	0.5
abfallen	neg 1.0		__DUMMY__ 0.8671287823383118 neg 0.06676155456996527 off 0.06610966309172302	false	1.0
fucker	off 1.0		__DUMMY__ 0.8605336823889436 off 0.0750376001959038 neg 0.06442871741515249	false	1.0
ungezogen	neg 1.0		__DUMMY__ 0.8525132696937934 off 0.08212877213665905 neg 0.06535795816954763	false	0.5
irrsinnig	neg 1.0	neg 1.0	neg 0.520621486642894 __DUMMY__ 0.42827160894414257 off 0.05110690441296348	false	1.0
unfassbar	neg 1.0		__DUMMY__ 0.8625303692888885 off 0.07244028303724707 neg 0.06502934767386438	false	0.5
hart	neg 1.0		__DUMMY__ 0.8562642429050322 off 0.07242236441586847 neg 0.07131339267909931	false	0.5
widerlich	off 1.0		__DUMMY__ 0.8611028500542249 off 0.07302562749148907 neg 0.06587152245428604	false	1.0
fatal	neg 1.0	neg 1.0	neg 0.5229011807004651 __DUMMY__ 0.42464790877545744 off 0.05245091052407742	false	1.0
bruch	neg 1.0		__DUMMY__ 0.8764428861927581 neg 0.06395229425049057 off 0.059604819556751294	false	1.0
aushungern	neg 1.0		__DUMMY__ 0.866144266489509 neg 0.06855631839380344 off 0.0652994151166875	false	1.0
anspannung	neg 1.0		__DUMMY__ 0.8794470465825358 neg 0.06314263718637134 off 0.05741031623109283	false	1.0
von			__DUMMY__ 0.8736388090567864 neg 0.06569534817451024 off 0.060665842768703425	false	0.0
kraftlos	neg 1.0		__DUMMY__ 0.8706637869005263 neg 0.0659432250842015 off 0.06339298801527221	false	1.0
vom			__DUMMY__ 0.8844177393180102 neg 0.06106658622123863 off 0.05451567446075122	false	0.0
grenzdebil	off 1.0		__DUMMY__ 0.8609288501247278 off 0.07271560435685992 neg 0.0663555455184123	false	1.0
vor			__DUMMY__ 0.874304014223076 neg 0.06595434237184061 off 0.05974164340508332	false	0.0
unterwerfen	neg 1.0		__DUMMY__ 0.8710364200060131 neg 0.06588219559450105 off 0.06308138439948587	false	1.0
versenkung	neg 1.0		__DUMMY__ 0.8716616986249796 neg 0.06571414622786531 off 0.06262415514715505	false	1.0
entziehen	neg 1.0		__DUMMY__ 0.872569451003123 neg 0.06681545575244945 off 0.060615093244427584	false	1.0
finanzkrise	neg 1.0		__DUMMY__ 0.8606646916371261 neg 0.07330773208409885 off 0.06602757627877509	false	1.0
schimpfend	neg 1.0		__DUMMY__ 0.8689859671313035 off 0.06663726881094947 neg 0.06437676405774712	false	0.5
profan	neg 1.0		__DUMMY__ 0.8651435686395637 off 0.06869997670895392 neg 0.0661564546514824	false	0.5
korruption	neg 1.0		__DUMMY__ 0.8668346794236521 neg 0.06855150027784092 off 0.06461382029850689	false	1.0
â			__DUMMY__ 0.8696750027653191 neg 0.06699926540973689 off 0.06332573182494418	false	0.0
schmutzig	neg 1.0		__DUMMY__ 0.8616223786361686 off 0.07288583185490274 neg 0.06549178950892869	false	0.5
sexy	neg 1.0		__DUMMY__ 0.8648898540186477 off 0.07021014523901792 neg 0.06490000074233432	false	0.5
abraten	neg 1.0		__DUMMY__ 0.8666126908624385 off 0.06814913257943896 neg 0.06523817655812257	false	0.5
schwarz	neg 1.0		__DUMMY__ 0.8655203558882387 off 0.06861856523329475 neg 0.06586107887846639	false	0.5
fotze	off 1.0	off 1.0	off 0.5187024421442604 __DUMMY__ 0.43089382666916604 neg 0.050403731186573625	false	1.0
verwirren	neg 1.0		__DUMMY__ 0.865456857446208 off 0.0690203013446133 neg 0.06552284120917864	false	0.5
zahnlos	off 1.0		__DUMMY__ 0.8685295605721077 neg 0.06636522465634276 off 0.0651052147715495	false	0.5
verheeren	neg 1.0		__DUMMY__ 0.8526683287032155 off 0.08370891402955094 neg 0.06362275726723358	false	0.5
hippie	neg 1.0		__DUMMY__ 0.8643713404406269 off 0.06994368774448144 neg 0.06568497181489162	false	0.5
rammen	neg 1.0		__DUMMY__ 0.8677535702279008 off 0.06637328614203354 neg 0.06587314363006563	false	0.5
unlauter	neg 1.0		__DUMMY__ 0.8643094615860901 off 0.0685147569275227 neg 0.06717578148638724	false	0.5
unheilvoll	neg 1.0		__DUMMY__ 0.8659793430934978 off 0.06716291499986123 neg 0.06685774190664102	false	0.5
niedrig	neg 1.0		__DUMMY__ 0.8680904839131436 neg 0.0687867514862857 off 0.0631227646005708	false	1.0
explosion	neg 1.0		__DUMMY__ 0.864964649963117 off 0.06973169940580048 neg 0.0653036506310825	false	0.5
weichei	off 1.0	off 1.0	off 0.5291787816139155 __DUMMY__ 0.4198295005363995 neg 0.050991717849684974	false	1.0
minusmensch	off 1.0		__DUMMY__ 0.851066920113611 off 0.08366642407063082 neg 0.06526665581575818	false	1.0
farblos	neg 1.0		__DUMMY__ 0.865023149056036 neg 0.06802226035292139 off 0.06695459059104263	false	1.0
unwissend	neg 1.0	neg 1.0	neg 0.5209472218455855 __DUMMY__ 0.42497204175065234 off 0.054080736403762146	false	1.0
traurig	neg 1.0		__DUMMY__ 0.8596670022417029 off 0.07499436094062373 neg 0.0653386368176733	false	0.5
senkung	neg 1.0		__DUMMY__ 0.8604599511681961 neg 0.07033310409033004 off 0.0692069447414739	false	1.0
ungleich	neg 1.0	neg 1.0	neg 0.5203289082952233 __DUMMY__ 0.4317537206477079 off 0.04791737105706875	false	1.0
heikel	neg 1.0		__DUMMY__ 0.8714420936175692 neg 0.06652371065777471 off 0.06203419572465606	false	1.0
drosselung	neg 1.0		__DUMMY__ 0.8569640296051091 off 0.07271795220353497 neg 0.07031801819135589	false	0.5
falsch	neg 1.0		__DUMMY__ 0.8645136194515154 off 0.07040201628320471 neg 0.06508436426527985	false	0.5
unzufriedenheit	neg 1.0		__DUMMY__ 0.8694906725368797 neg 0.06859924273142094 off 0.06191008473169933	false	1.0
kurz	neg 1.0		__DUMMY__ 0.8713937081281419 neg 0.06467803828777799 off 0.0639282535840801	false	1.0
unsinnig	neg 1.0		__DUMMY__ 0.8662677974375107 neg 0.06816734612900315 off 0.06556485643348614	false	1.0
penner	off 1.0	off 1.0	off 0.5306984358873454 __DUMMY__ 0.41928348519804043 neg 0.050018078914614066	false	1.0
seicht	neg 1.0		__DUMMY__ 0.8501826764774822 off 0.08161953759982836 neg 0.0681977859226894	false	0.5
dummheit	off 1.0	off 1.0	off 0.5227175698238532 __DUMMY__ 0.4260009350873056 neg 0.051281495088841174	false	1.0
unerfreulich	neg 1.0		__DUMMY__ 0.8720813617852373 neg 0.06624838732461633 off 0.06167025089014627	false	1.0
motherfucker	off 1.0	off 1.0	off 0.5265625134264561 __DUMMY__ 0.4238448995881108 neg 0.049592586985433125	false	1.0
pikiert	neg 1.0	neg 1.0	neg 0.5209640028224001 __DUMMY__ 0.42452743681814964 off 0.05450856035945035	false	1.0
wrack	neg 1.0		__DUMMY__ 0.8770266938396157 off 0.06392586533392537 neg 0.05904744082645888	false	0.5
gangster	neg 1.0		__DUMMY__ 0.8640847478395569 off 0.07011599173838373 neg 0.06579926042205927	false	0.5
krank	neg 1.0	neg 1.0	neg 0.5188908862256822 __DUMMY__ 0.4260878225089631 off 0.05502129126535468	false	1.0
reich	neg 1.0		__DUMMY__ 0.8608924773517238 off 0.07049718701799637 neg 0.06861033563027977	false	0.5
gnadenlos	neg 1.0		__DUMMY__ 0.8676217185090841 off 0.06743773772104608 neg 0.06494054376986984	false	0.5
niedergeschlagen	neg 1.0		__DUMMY__ 0.8712319575687802 neg 0.06514046257620348 off 0.06362757985501626	false	1.0
terrorisieren	off 1.0	off 1.0	off 0.5175089361663364 __DUMMY__ 0.43248194956667774 neg 0.0500091142669859	false	1.0
sinnlosigkeit	neg 1.0		__DUMMY__ 0.869390697521415 neg 0.0660366787725901 off 0.06457262370599492	false	1.0
behindern	neg 1.0		__DUMMY__ 0.8666201006370222 neg 0.0674550130541048 off 0.06592488630887301	false	1.0
undemokratisch	neg 1.0		__DUMMY__ 0.8643044325821797 off 0.06904102930551527 neg 0.06665453811230504	false	0.5
wirtschaftskrise	neg 1.0		__DUMMY__ 0.8648941755687339 neg 0.07092344610791283 off 0.06418237832335329	false	1.0
neid	neg 1.0		__DUMMY__ 0.8646536018483396 off 0.06952542487611642 neg 0.06582097327554401	false	0.5
rutschen	neg 1.0		__DUMMY__ 0.8780759715097696 neg 0.06514182991241332 off 0.056782198577816974	false	1.0
rezession	neg 1.0		__DUMMY__ 0.8539340196624392 off 0.07546169603267722 neg 0.0706042843048836	false	0.5
fehlgeburt	neg 1.0		__DUMMY__ 0.870263441380727 off 0.06625521094551665 neg 0.06348134767375639	false	0.5
charakterschwach	off 1.0		__DUMMY__ 0.8610248547362357 off 0.07260267571155722 neg 0.066372469552207	false	1.0
isolation	neg 1.0		__DUMMY__ 0.8654133286863251 off 0.07024541759790397 neg 0.0643412537157708	false	0.5
ablenkung	neg 1.0		__DUMMY__ 0.869448385302898 off 0.0659518496822544 neg 0.0645997650148475	false	0.5
pech	neg 1.0		__DUMMY__ 0.864326064776583 off 0.07029178243063426 neg 0.06538215279278281	false	0.5
vermeidung	neg 1.0		__DUMMY__ 0.8604759923283052 off 0.07259363216928044 neg 0.06693037550241436	false	0.5
dominieren	neg 1.0		__DUMMY__ 0.8706222142440937 off 0.06482746496214117 neg 0.06455032079376513	false	0.5
schwindlig	neg 1.0		__DUMMY__ 0.8654351597153093 off 0.06784048807322136 neg 0.06672435221146941	false	0.5
lutscher	neg 1.0	neg 1.0	neg 0.521483460244221 __DUMMY__ 0.4154649670413029 off 0.06305157271447616	false	1.0
pflicht	neg 1.0		__DUMMY__ 0.8741831581026152 neg 0.06500196062555437 off 0.060814881271830476	false	1.0
faschist	off 1.0		__DUMMY__ 0.8641480243192368 off 0.07051101729108313 neg 0.06534095838968024	false	1.0
verschleudern	neg 1.0		__DUMMY__ 0.8663857215682955 neg 0.07077111925233785 off 0.0628431591793667	false	1.0
wenn			__DUMMY__ 0.8631796292796832 off 0.07126155544088449 neg 0.06555881527943233	false	0.0
ehebruch	neg 1.0		__DUMMY__ 0.8698848255587956 neg 0.06643241872426377 off 0.0636827557169405	false	1.0
spott	off 1.0		__DUMMY__ 0.8713772726080352 neg 0.06507366447908602 off 0.0635490629128787	false	0.5
trostlosigkeit	neg 1.0		__DUMMY__ 0.8702453668518254 neg 0.06913938474596434 off 0.060615248402210296	false	1.0
lutschen	neg 1.0		__DUMMY__ 0.8630614538945557 off 0.07054671063191773 neg 0.06639183547352656	false	0.5
undiszipliniert	neg 1.0		__DUMMY__ 0.8607393793183393 off 0.07423300415620407 neg 0.06502761652545656	false	0.5
kopfschmerz	neg 1.0		__DUMMY__ 0.8680190046781092 neg 0.06942548290941218 off 0.06255551241247867	false	1.0
unvorhergesehen	neg 1.0		__DUMMY__ 0.8741903361024271 neg 0.06549534912705415 off 0.060314314770518684	false	1.0
desinteressiert	neg 1.0		__DUMMY__ 0.8603617508798057 off 0.07367668643435252 neg 0.06596156268584187	false	0.5
armselig	off 1.0		__DUMMY__ 0.8588389244407246 off 0.07609653170726627 neg 0.06506454385200912	false	1.0
desaster	neg 1.0		__DUMMY__ 0.8720556997702589 neg 0.0677131752411973 off 0.06023112498854388	false	1.0
tod	neg 1.0		__DUMMY__ 0.8729448129311081 neg 0.06475777987266078 off 0.06229740719623108	false	1.0
herzlos	neg 1.0		__DUMMY__ 0.8590610966521222 off 0.07543106729057537 neg 0.06550783605730254	false	0.5
unwissenheit	neg 1.0		__DUMMY__ 0.8689482143036882 neg 0.06683992786917352 off 0.06421185782713823	false	1.0
widersinnig	neg 1.0		__DUMMY__ 0.8655945643544971 neg 0.06863247609062659 off 0.0657729595548763	false	1.0
bedenklich	neg 1.0		__DUMMY__ 0.8689691145354569 neg 0.06767267041592999 off 0.06335821504861307	false	1.0
beanstanden	neg 1.0		__DUMMY__ 0.8740028923871593 neg 0.06459046720456424 off 0.06140664040827643	false	1.0
panisch	neg 1.0		__DUMMY__ 0.8678625158734927 off 0.06795889759889852 neg 0.06417858652760886	false	0.5
debil	off 1.0		__DUMMY__ 0.8780697849222647 neg 0.06733591714111471 off 0.0545942979366206	false	0.5
abstrich	neg 1.0		__DUMMY__ 0.8672593512283829 neg 0.06900644756476557 off 0.06373420120685148	false	1.0
primitiv	neg 1.0		__DUMMY__ 0.8608100617773217 off 0.07393198350904598 neg 0.06525795471363227	false	0.5
abschaum	off 1.0	off 1.0	off 0.5248800701344828 __DUMMY__ 0.4265042193227107 neg 0.048615710542806556	false	1.0
provozieren	neg 1.0		__DUMMY__ 0.8660055865824274 off 0.06742947739953774 neg 0.06656493601803486	false	0.5
tot	neg 1.0		__DUMMY__ 0.8682761322596549 neg 0.0680886780598456 off 0.06363518968049953	false	1.0
instabil	neg 1.0		__DUMMY__ 0.8583833941419794 off 0.07633984752856345 neg 0.06527675832945723	false	0.5
schwuchtel	off 1.0	off 1.0	off 0.5364863899891881 __DUMMY__ 0.412910653760529 neg 0.05060295625028309	false	1.0
zerren	neg 1.0		__DUMMY__ 0.8713931714777026 neg 0.06488778538037569 off 0.06371904314192182	false	1.0
kinderficker	off 1.0		__DUMMY__ 0.8562932489027658 off 0.07846209439262168 neg 0.06524465670461253	false	1.0
gefahr	neg 1.0		__DUMMY__ 0.873135772733373 neg 0.06565138170006116 off 0.06121284556656589	false	1.0
rabiat	neg 1.0		__DUMMY__ 0.8669097648502883 neg 0.06752058055584716 off 0.06556965459386467	false	1.0
verlangsamung	neg 1.0		__DUMMY__ 0.8544447675028437 off 0.08025860206604801 neg 0.06529663043110825	false	0.5
ausgestorben	neg 1.0		__DUMMY__ 0.8691911506019918 neg 0.06567006321411747 off 0.06513878618389066	false	1.0
anklagen	neg 1.0		__DUMMY__ 0.8689926954587222 neg 0.06610694028194425 off 0.06490036425933364	false	1.0
trott	neg 1.0		__DUMMY__ 0.8675662317524546 neg 0.06623959654265797 off 0.06619417170488735	false	1.0
verminderung	neg 1.0		__DUMMY__ 0.8610890323015558 off 0.07261236661136167 neg 0.06629860108708256	false	0.5
nach			__DUMMY__ 0.8805122344737987 neg 0.06388616977700187 off 0.05560159574919949	false	0.0
rost	neg 1.0		__DUMMY__ 0.8572296075686334 off 0.08135039319584748 neg 0.06141999923551902	false	0.5
destruktiv	neg 1.0		__DUMMY__ 0.8669232804760569 neg 0.06674204556950829 off 0.06633467395443472	false	1.0
unzumutbarkeit	neg 1.0		__DUMMY__ 0.86213019599312 off 0.07262392885639309 neg 0.06524587515048687	false	0.5
labil	off 1.0	off 1.0	off 0.5242987390194689 __DUMMY__ 0.4253474203799351 neg 0.05035384060059596	false	1.0
ziemlich	neg 1.0		__DUMMY__ 0.8634615960123079 off 0.07208602502436047 neg 0.06445237896333164	false	0.5
lachnummer	off 1.0		__DUMMY__ 0.8680898300151638 off 0.0670996965892763 neg 0.06481047339555983	false	1.0
oder			__DUMMY__ 0.8689732313289938 off 0.0666469348008636 neg 0.06437983387014257	false	0.0
verfall	neg 1.0		__DUMMY__ 0.8725522091209086 neg 0.0693776403686552 off 0.058070150510436215	false	1.0
ausgrenzung	neg 1.0		__DUMMY__ 0.8640160609169802 off 0.0689055444092105 neg 0.06707839467380916	false	0.5
unordnung	neg 1.0		__DUMMY__ 0.8570708638660367 off 0.07654381899664632 neg 0.0663853171373171	false	0.5
fehlverhalten	neg 1.0		__DUMMY__ 0.8712825339629151 neg 0.06614256926855037 off 0.06257489676853445	false	1.0
eine			__DUMMY__ 0.8731430094024035 neg 0.06660137873438958 off 0.060255611863206854	false	0.0
nille	neg 1.0		__DUMMY__ 0.867290305933255 off 0.06671906418458921 neg 0.06599062988215576	false	0.5
qual	neg 1.0		__DUMMY__ 0.8673933786594296 neg 0.06672732258407908 off 0.06587929875649134	false	1.0
verschwenden	neg 1.0		__DUMMY__ 0.8694557036800444 neg 0.06849772483670256 off 0.06204657148325291	false	1.0
riesig	neg 1.0		__DUMMY__ 0.8720456138677386 neg 0.0657934679050088 off 0.0621609182272526	false	1.0
verurteilen	neg 1.0		__DUMMY__ 0.8685631443738543 neg 0.06668350939319552 off 0.06475334623295019	false	1.0
klischee	neg 1.0	neg 1.0	neg 0.5208420363663354 __DUMMY__ 0.42566001030921663 off 0.053497953324447886	false	1.0
diktatorisch	neg 1.0		__DUMMY__ 0.8634601523116276 off 0.0691497593112265 neg 0.06739008837714591	false	0.5
vorhersehbar	neg 1.0		__DUMMY__ 0.8630426864959829 off 0.06966908782844988 neg 0.06728822567556722	false	0.5
sowie			__DUMMY__ 0.8542357283739231 off 0.07765341704640982 neg 0.06811085457966695	false	0.0
stornieren	neg 1.0		__DUMMY__ 0.8703878332390621 off 0.0690569539015127 neg 0.060555212859425125	false	0.5
besteuerung	neg 1.0	neg 1.0	neg 0.5245574482394676 __DUMMY__ 0.4245020954888362 off 0.05094045627169618	false	1.0
ungeschminkt	neg 1.0		__DUMMY__ 0.8602074269367993 off 0.07349034441066785 neg 0.0663022286525329	false	0.5
kritisch	neg 1.0		__DUMMY__ 0.86967123026476 neg 0.06601989401341037 off 0.06430887572182971	false	1.0
schlamperei	off 1.0		__DUMMY__ 0.8700669368265913 neg 0.0670158375414974 off 0.06291722563191131	false	0.5
sucht	neg 1.0	neg 1.0	neg 0.5187301664907314 __DUMMY__ 0.430295159263169 off 0.05097467424609948	false	1.0
egoistisch	off 1.0	off 1.0	off 0.5290902608589154 __DUMMY__ 0.42182448765553265 neg 0.049085251485551894	false	1.0
ausbeuter	off 1.0		__DUMMY__ 0.8686157002432168 neg 0.06906215424461679 off 0.0623221455121665	false	0.5
arschgeburt	off 1.0		__DUMMY__ 0.8459141689392358 off 0.08769977558713468 neg 0.06638605547362947	false	1.0
schubs	neg 1.0		__DUMMY__ 0.8681867717015194 neg 0.06909735138053935 off 0.06271587691794135	false	1.0
unsolide	neg 1.0		__DUMMY__ 0.8660018876757389 off 0.06951694102662204 neg 0.06448117129763893	false	0.5
beschwerde	neg 1.0		__DUMMY__ 0.8698796646061264 neg 0.06558403429347909 off 0.06453630110039447	false	1.0
stocken	neg 1.0		__DUMMY__ 0.8704234316345961 neg 0.06615492590155235 off 0.06342164246385153	false	1.0
isolieren	neg 1.0		__DUMMY__ 0.8681742605337084 neg 0.06735545603958414 off 0.06447028342670744	false	1.0
unheilbar	neg 1.0		__DUMMY__ 0.868294338352325 off 0.06664943177591873 neg 0.06505622987175629	false	0.5
pisser	off 1.0	off 1.0	off 0.5270526831922293 __DUMMY__ 0.4230232888875693 neg 0.04992402792020126	false	1.0
löschen	neg 1.0		__DUMMY__ 0.8660237091417704 neg 0.06707477398374412 off 0.06690151687448542	false	1.0
durchfallen	neg 1.0		__DUMMY__ 0.8701697866385957 neg 0.06586267948224508 off 0.06396753387915934	false	1.0
wichser	off 1.0	off 1.0	off 0.5331895288689575 __DUMMY__ 0.4171003556642611 neg 0.04971011546678138	false	1.0
terror	neg 1.0		__DUMMY__ 0.8646153882174541 off 0.06950731313684572 neg 0.06587729864570017	false	0.5
krass	neg 1.0		__DUMMY__ 0.857566377900734 off 0.07683932784373303 neg 0.06559429425553302	false	0.5
revolte	neg 1.0		__DUMMY__ 0.8600691806766547 off 0.07051335017278511 neg 0.06941746915056012	false	0.5
besorgt	neg 1.0		__DUMMY__ 0.8722108254271159 off 0.06425986919051133 neg 0.06352930538237271	false	0.5
nachlassen	neg 1.0		__DUMMY__ 0.872270186764508 neg 0.0646193690747315 off 0.06311044416076053	false	1.0
alt	neg 1.0		__DUMMY__ 0.8646358169557368 neg 0.07307911331019416 off 0.062285069734069075	false	1.0
hundesohn	off 1.0	off 1.0	off 0.5325748808955973 __DUMMY__ 0.4170492228778765 neg 0.05037589622652614	false	1.0
als			__DUMMY__ 0.8689602902596539 neg 0.06669538450614608 off 0.06434432523419994	false	0.0
abschreckung	neg 1.0		__DUMMY__ 0.8709741068069261 neg 0.06727944424755368 off 0.06174644894552027	false	1.0
unqualifiziert	neg 1.0		__DUMMY__ 0.8637569389352332 off 0.07111633200081545 neg 0.06512672906395134	false	0.5
abgewichst	off 1.0		__DUMMY__ 0.8686225025514641 off 0.06592012520164557 neg 0.06545737224689037	false	1.0
schwer	neg 1.0		__DUMMY__ 0.8688258588521256 off 0.06583638000252372 neg 0.06533776114535061	false	0.5
bedeutungslosigkeit	neg 1.0		__DUMMY__ 0.8708199846398017 neg 0.0669239356233347 off 0.06225607973686354	false	1.0
kapitulation	neg 1.0		__DUMMY__ 0.8671796244881997 neg 0.0688074432128558 off 0.06401293229894443	false	1.0
unscharf	neg 1.0		__DUMMY__ 0.8620621643825881 neg 0.06993198568396782 off 0.06800584993344407	false	1.0
schwinden	neg 1.0		__DUMMY__ 0.8697330166429155 neg 0.06797764508405885 off 0.062289338273025664	false	1.0
versklavung	neg 1.0	neg 1.0	neg 0.5222893058652891 __DUMMY__ 0.4258649217685863 off 0.05184577236612467	false	1.0
schlecht	neg 1.0		__DUMMY__ 0.8635652327400385 off 0.07227635528941907 neg 0.0641584119705423	false	0.5
verhasst	neg 1.0		__DUMMY__ 0.8648305403360196 off 0.06813535640628124 neg 0.06703410325769917	false	0.5
beschweren	neg 1.0		__DUMMY__ 0.8670074131432464 off 0.0683397871688319 neg 0.0646527996879218	false	0.5
scheiden	neg 1.0		__DUMMY__ 0.8686434146915559 off 0.06602750789660879 neg 0.06532907741183536	false	0.5
frustriert	neg 1.0		__DUMMY__ 0.8693911717919374 neg 0.06557734871665918 off 0.06503147949140342	false	1.0
schimmelig	neg 1.0		__DUMMY__ 0.866840465016216 neg 0.07049851177434589 off 0.06266102320943809	false	1.0
fisch	neg 1.0		__DUMMY__ 0.8684370621175711 neg 0.07220721957018852 off 0.05935571831224035	false	1.0
schmuggel	neg 1.0		__DUMMY__ 0.8744656791075268 neg 0.06517896078686705 off 0.060355360105606215	false	1.0
auffallen	neg 1.0		__DUMMY__ 0.8658706121951544 off 0.06876860140615032 neg 0.06536078639869539	false	0.5
konkurrenz	neg 1.0		__DUMMY__ 0.874106471899035 neg 0.06404637004128608 off 0.06184715805967888	false	1.0
teufelskreis	neg 1.0	neg 1.0	neg 0.5223226372783297 __DUMMY__ 0.42780664729609247 off 0.049870715425577763	false	1.0
aufschreien	neg 1.0		__DUMMY__ 0.8633564664635734 off 0.06945164153235406 neg 0.06719189200407243	false	0.5
schuldner	neg 1.0		__DUMMY__ 0.867499420361854 neg 0.07048364198123311 off 0.06201693765691287	false	1.0
missgeburt	off 1.0	off 1.0	off 0.53102706908496 __DUMMY__ 0.4202698163528465 neg 0.04870311456219341	false	1.0
arbeitslos	neg 1.0		__DUMMY__ 0.8692149629199812 neg 0.06686181522926757 off 0.0639232218507512	false	1.0
befallen	neg 1.0		__DUMMY__ 0.862739302218858 neg 0.07182435459326841 off 0.06543634318787368	false	1.0
miesepetrig	off 1.0	off 1.0	off 0.5239144994854835 __DUMMY__ 0.4261250475282466 neg 0.049960452986269825	false	1.0
alarmieren	neg 1.0		__DUMMY__ 0.8629336230609848 off 0.07153303977824807 neg 0.06553333716076723	false	0.5
ungeduscht	off 1.0		__DUMMY__ 0.8624226859082622 off 0.07032701156786542 neg 0.06725030252387235	false	1.0
knappheit	neg 1.0		__DUMMY__ 0.8660942452475648 neg 0.06968130202170274 off 0.06422445273073245	false	1.0
schlange	neg 1.0		__DUMMY__ 0.8686340422257237 off 0.06653836754085045 neg 0.06482759023342581	false	0.5
harsch	neg 1.0		__DUMMY__ 0.8606243117520574 off 0.07644053106693115 neg 0.06293515718101139	false	0.5
lang	neg 1.0		__DUMMY__ 0.8663353670964298 off 0.06771968992505166 neg 0.06594494297851858	false	0.5
ziellos	neg 1.0		__DUMMY__ 0.8727405129691381 neg 0.06507062857318366 off 0.062188858457678214	false	1.0
selbstverliebt	neg 1.0		__DUMMY__ 0.8515927283308246 off 0.08452809927325661 neg 0.06387917239591888	false	0.5
beseitigen	neg 1.0		__DUMMY__ 0.8693851850354234 off 0.06611331055756466 neg 0.06450150440701194	false	0.5
dumm	off 1.0		__DUMMY__ 0.8552622400935421 off 0.0792035153499601 neg 0.06553424455649766	false	1.0
arbeitsloser	neg 1.0		__DUMMY__ 0.8750181992919889 off 0.06415092379984884 neg 0.06083087690816227	false	0.5
blitzen	neg 1.0		__DUMMY__ 0.8625315292585715 off 0.07047880020619988 neg 0.0669896705352286	false	0.5
hilflos	neg 1.0		__DUMMY__ 0.8693350620768305 neg 0.06679882598537569 off 0.06386611193779371	false	1.0
eklig	off 1.0		__DUMMY__ 0.8530306717684039 off 0.07957621806094153 neg 0.06739311017065462	false	1.0
begriff			__DUMMY__ 0.8687287910714526 off 0.0660551216418244 neg 0.06521608728672311	false	0.0
hungersnot	neg 1.0		__DUMMY__ 0.8667786250545151 neg 0.06896101501083335 off 0.06426035993465155	false	1.0
ungesetzlich	neg 1.0		__DUMMY__ 0.8648302799848211 off 0.06931304274614251 neg 0.06585667726903635	false	0.5
verschwendung	neg 1.0		__DUMMY__ 0.8706678220455006 neg 0.06723600319214763 off 0.06209617476235166	false	1.0
schmerzvoll	neg 1.0		__DUMMY__ 0.8650921960251009 off 0.06788232264284096 neg 0.06702548133205813	false	0.5
vorzeitig	neg 1.0		__DUMMY__ 0.8664072575061862 off 0.0717032904637426 neg 0.061889452030071214	false	0.5
unvollkommenheit	neg 1.0		__DUMMY__ 0.869054833272658 neg 0.06631524869474181 off 0.06462991803260015	false	1.0
intervenieren	neg 1.0		__DUMMY__ 0.8673357879971695 neg 0.06972458036421363 off 0.06293963163861692	false	1.0
banause	off 1.0		__DUMMY__ 0.8491395840633053 off 0.08116641737920205 neg 0.06969399855749273	false	1.0
rebell	neg 1.0		__DUMMY__ 0.8707936206224527 neg 0.07132700028282775 off 0.057879379094719595	false	1.0
unlogisch	neg 1.0		__DUMMY__ 0.8585365346363161 off 0.07480845946886105 neg 0.0666550058948228	false	0.5
leiden	neg 1.0		__DUMMY__ 0.8756712722656261 neg 0.06392910484481674 off 0.06039962288955719	false	1.0
abschaffung	neg 1.0		__DUMMY__ 0.8643769503094727 neg 0.06798419379706995 off 0.06763885589345739	false	1.0
sturz	neg 1.0		__DUMMY__ 0.8695625751994448 off 0.0684962942380818 neg 0.06194113056247341	false	0.5
verkleinerung	neg 1.0		__DUMMY__ 0.8587735475059662 off 0.07084978050415834 neg 0.07037667198987535	false	0.5
schmarotzer	off 1.0		__DUMMY__ 0.8686220425141604 neg 0.06646946839766497 off 0.06490848908817459	false	0.5
bestrafung	neg 1.0	neg 1.0	neg 0.5198350773506186 __DUMMY__ 0.429364948623401 off 0.05079997402598043	false	1.0
achtlos	neg 1.0		__DUMMY__ 0.8705314804766874 off 0.06493546281336228 neg 0.06453305670995033	false	0.5
ungeheuer	neg 1.0		__DUMMY__ 0.866312996950954 neg 0.06703639689390378 off 0.06665060615514223	false	1.0
unaufrichtig	neg 1.0		__DUMMY__ 0.8639149193451602 off 0.07101300879580179 neg 0.06507207185903799	false	0.5
groggy	neg 1.0		__DUMMY__ 0.865174039010374 off 0.06996287778761015 neg 0.06486308320201592	false	0.5
