unsolidarisch	neg 1.0		neg 0.48220651863201314 off 0.4785301466912397 __DUMMY__ 0.039263334676747044	false	1.0
nachteilig	neg 1.0		neg 0.4829622423915156 off 0.4772371609126391 __DUMMY__ 0.03980059669584528	false	1.0
skeptisch	neg 1.0		neg 0.485370092827572 off 0.4748772517877631 __DUMMY__ 0.03975265538466489	false	1.0
schrecklich	neg 1.0		off 0.487079459066934 neg 0.47403530130501514 __DUMMY__ 0.03888523962805094	false	0.5
schlapp	neg 1.0	neg 1.0	neg 0.7239025344813454 off 0.25756115382617234 __DUMMY__ 0.01853631169248215	false	1.0
abfall	neg 1.0		neg 0.4858930550617116 off 0.4739896367131208 __DUMMY__ 0.04011730822516763	false	1.0
widerspenstig	neg 1.0		neg 0.4835288108357802 off 0.4771195575681429 __DUMMY__ 0.0393516315960769	false	1.0
abrupt	neg 1.0		neg 0.4874826654045313 off 0.4729023490163694 __DUMMY__ 0.03961498557909939	false	1.0
unwirksam	neg 1.0		neg 0.48582484259446523 off 0.4751915117207851 __DUMMY__ 0.038983645684749796	false	1.0
angreifen	neg 1.0		neg 0.48563341808087324 off 0.47455821792224745 __DUMMY__ 0.039808363996879315	false	1.0
inkonsistent	neg 1.0		off 0.4804391505508099 neg 0.48038488837711524 __DUMMY__ 0.039175961072074786	false	0.5
abrutschen	neg 1.0		neg 0.48710527494626515 off 0.4728408007654282 __DUMMY__ 0.04005392428830661	false	1.0
unsicher	neg 1.0		neg 0.4806882760634602 off 0.4797533330894403 __DUMMY__ 0.03955839084709955	false	1.0
bauernkind	off 1.0	off 1.0	off 0.7280239614018239 neg 0.2538570665674889 __DUMMY__ 0.01811897203068712	false	1.0
angreifer	neg 1.0		off 0.48446851230216226 neg 0.47609192981110543 __DUMMY__ 0.03943955788673234	false	0.5
trennen	neg 1.0		neg 0.4849473964371444 off 0.47515470693238493 __DUMMY__ 0.03989789663047069	false	1.0
schmutz	neg 1.0		off 0.48617542749426823 neg 0.47411644303418665 __DUMMY__ 0.039708129471545124	false	0.5
inkonsistenz	neg 1.0		off 0.48390213428961953 neg 0.4769072604358745 __DUMMY__ 0.03919060527450603	false	0.5
erschreckend	neg 1.0		neg 0.4819985256849447 off 0.47847959847410776 __DUMMY__ 0.039521875840947567	false	1.0
ertrinken	neg 1.0		neg 0.48758637263855775 off 0.4727183326838909 __DUMMY__ 0.03969529467755133	false	1.0
pickelface	off 1.0		neg 0.4814819180194294 off 0.4791270064132002 __DUMMY__ 0.039391075567370405	false	0.5
seiner			neg 0.4842987994020155 off 0.47582733502862246 __DUMMY__ 0.039873865569362024	false	0.0
lauch	neg 1.0	neg 1.0	neg 0.7300506305186713 off 0.25103012563443117 __DUMMY__ 0.018919243846897547	false	1.0
unwichtig	neg 1.0		off 0.48311875290534023 neg 0.47775299852436015 __DUMMY__ 0.0391282485702996	false	0.5
steuerhinterziehung	neg 1.0		neg 0.48321089461077477 off 0.47739674077905814 __DUMMY__ 0.039392364610167006	false	1.0
schock	neg 1.0		neg 0.4825774952214468 off 0.4778271224395427 __DUMMY__ 0.03959538233901057	false	1.0
beule	neg 1.0		off 0.4849407419594503 neg 0.4761178385840644 __DUMMY__ 0.03894141945648518	false	0.5
vergelten	neg 1.0		off 0.48920060093087314 neg 0.47185300446801465 __DUMMY__ 0.03894639460111233	false	0.5
verdorbenheit	neg 1.0		neg 0.4810334365442222 off 0.4796235156616526 __DUMMY__ 0.03934304779412518	false	1.0
trauma	neg 1.0		neg 0.48109020517481177 off 0.4796052724283779 __DUMMY__ 0.03930452239681015	false	1.0
sinnlos	neg 1.0		off 0.4808019382072321 neg 0.4798559927022093 __DUMMY__ 0.039342069090558526	false	0.5
fettsack	off 1.0	off 1.0	off 0.7292844392331148 neg 0.2525725640248282 __DUMMY__ 0.01814299674205684	false	1.0
feige	off 1.0	off 1.0	off 0.7272334086234319 neg 0.2543147805288013 __DUMMY__ 0.018451810847766772	false	1.0
abdanken	neg 1.0		neg 0.48162734295103693 off 0.4788659291504389 __DUMMY__ 0.03950672789852412	false	1.0
wichtigtuer	off 1.0	off 1.0	off 0.7265043831300663 neg 0.2548564676728195 __DUMMY__ 0.018639149197114215	false	1.0
misslingen	neg 1.0	neg 1.0	neg 0.7229429711273042 off 0.25814376960971497 __DUMMY__ 0.018913259262980774	false	1.0
untreu	off 1.0		off 0.48419538093926157 neg 0.4767550456357821 __DUMMY__ 0.03904957342495633	false	1.0
missmutig	neg 1.0		off 0.4819437371288458 neg 0.47886194245518576 __DUMMY__ 0.03919432041596849	false	0.5
hurenbock	off 1.0		neg 0.4855862673156716 off 0.4753766452787715 __DUMMY__ 0.03903708740555683	false	0.5
betrunken	neg 1.0		off 0.48593603098550586 neg 0.47513378599497774 __DUMMY__ 0.038930183019516236	false	0.5
korrupt	off 1.0		neg 0.4841326455731889 off 0.4764919274806606 __DUMMY__ 0.03937542694615061	false	0.5
unmut	neg 1.0		neg 0.4867979355156547 off 0.4733341892484283 __DUMMY__ 0.03986787523591713	false	1.0
hackfresse	off 1.0		off 0.49100515329189565 neg 0.47040748538136845 __DUMMY__ 0.03858736132673599	false	1.0
aufblasen	neg 1.0		neg 0.48106813922979896 off 0.4794833362929685 __DUMMY__ 0.039448524477232585	false	1.0
gewaltsam	neg 1.0		neg 0.4817888356428622 off 0.47872575099178527 __DUMMY__ 0.039485413365352495	false	1.0
unbeliebtheit	neg 1.0		off 0.4844835119361739 neg 0.4764525856473086 __DUMMY__ 0.03906390241651753	false	0.5
sturheit	neg 1.0		neg 0.4807519295274521 off 0.4796046542949683 __DUMMY__ 0.03964341617757957	false	1.0
kuh	neg 1.0		neg 0.48588849373826615 off 0.4754884670209069 __DUMMY__ 0.03862303924082678	false	1.0
erschrecken	neg 1.0		off 0.48312431259926625 neg 0.477618296842601 __DUMMY__ 0.039257390558132856	false	0.5
opfer	neg 1.0		neg 0.4821892621300668 off 0.47795664403005733 __DUMMY__ 0.039854093839875884	false	1.0
sinken	neg 1.0		neg 0.48754638443509896 off 0.4727315889786059 __DUMMY__ 0.03972202658629506	false	1.0
stinktier	neg 1.0		off 0.48502070059206465 neg 0.4766461817674784 __DUMMY__ 0.038333117640456896	false	0.5
tucke	off 1.0		off 0.4893855519793128 neg 0.4725023825748836 __DUMMY__ 0.03811206544580364	false	1.0
ein			neg 0.48386099010156747 off 0.4767810390689351 __DUMMY__ 0.03935797082949733	false	0.0
abstieg	neg 1.0		off 0.48099426991190375 neg 0.47904734973279783 __DUMMY__ 0.039958380355298445	false	0.5
missverstehen	neg 1.0		off 0.4815488536552712 neg 0.47917127670808524 __DUMMY__ 0.03927986963664346	false	0.5
ergebnislos	neg 1.0		neg 0.4826521933680082 off 0.47749953842742765 __DUMMY__ 0.03984826820456427	false	1.0
unter			neg 0.48865478115101196 off 0.47091402052919257 __DUMMY__ 0.04043119831979536	false	0.0
manipulieren	neg 1.0		neg 0.483577076757451 off 0.47656601708259266 __DUMMY__ 0.03985690615995633	false	1.0
unbewiesen	neg 1.0	neg 1.0	neg 0.7257289312402071 off 0.25558541480991037 __DUMMY__ 0.01868565394988255	false	1.0
verschleppen	neg 1.0		neg 0.4842070442691183 off 0.47621843582544404 __DUMMY__ 0.03957451990543764	false	1.0
weib	off 1.0		off 0.4911714653873452 neg 0.4705434390720084 __DUMMY__ 0.03828509554064624	false	1.0
opposition	neg 1.0		neg 0.4819501420217765 off 0.47886585160101464 __DUMMY__ 0.03918400637720886	false	1.0
verkehrswidrig	neg 1.0	neg 1.0	neg 0.7198295512931842 off 0.26164598525657 __DUMMY__ 0.018524463450245776	false	1.0
inkorrekt	neg 1.0		off 0.4864528915391332 neg 0.4746970876390527 __DUMMY__ 0.038850020821814116	false	0.5
vermeiden	neg 1.0		neg 0.4874374319205094 off 0.47247404076817495 __DUMMY__ 0.04008852731131548	false	1.0
abweichung	neg 1.0	neg 1.0	neg 0.7256395025855311 off 0.255422418638269 __DUMMY__ 0.018938078776199792	false	1.0
alkoholisiert	neg 1.0		neg 0.48273222304647223 off 0.4772667521672219 __DUMMY__ 0.040001024786305774	false	1.0
scheiss	off 1.0	off 1.0	off 0.7278177308212045 neg 0.2537995470868573 __DUMMY__ 0.018382722091938187	false	1.0
herausforderung	neg 1.0		neg 0.48227282378395026 off 0.47800313445211834 __DUMMY__ 0.039724041763931385	false	1.0
pervers	off 1.0		off 0.49394046282115794 neg 0.46785065571104084 __DUMMY__ 0.03820888146780128	false	1.0
wackelig	neg 1.0		neg 0.4823144984597949 off 0.47795217504251747 __DUMMY__ 0.03973332649768752	false	1.0
verwickeln	neg 1.0		off 0.4805274145368038 neg 0.4801570695284748 __DUMMY__ 0.03931551593472124	false	0.5
vorwand	neg 1.0		neg 0.4862192996528536 off 0.47397248379310297 __DUMMY__ 0.0398082165540434	false	1.0
muschi	off 1.0		neg 0.48159056305294295 off 0.47888506893506944 __DUMMY__ 0.03952436801198777	false	0.5
entmutigung	neg 1.0		neg 0.48109141079549333 off 0.4797693274064316 __DUMMY__ 0.03913926179807515	false	1.0
unangemessen	neg 1.0		neg 0.4816280980460035 off 0.4787671067762172 __DUMMY__ 0.03960479517777925	false	1.0
unstetig	neg 1.0		off 0.4828307515448963 neg 0.4779614508046408 __DUMMY__ 0.039207797650462874	false	0.5
entmutigen	neg 1.0		neg 0.4803923625088629 off 0.4801794928335278 __DUMMY__ 0.03942814465760923	false	1.0
schwanz	neg 1.0		neg 0.48439763426196714 off 0.4760528190819573 __DUMMY__ 0.03954954665607562	false	1.0
verbot	neg 1.0		neg 0.4844302612388754 off 0.4761695342733152 __DUMMY__ 0.03940020448780925	false	1.0
leid	neg 1.0		off 0.48804038085644097 neg 0.4732280192362223 __DUMMY__ 0.038731599907336704	false	0.5
archaisch	neg 1.0		neg 0.4834303103340616 off 0.4770829312996192 __DUMMY__ 0.039486758366319145	false	1.0
gegen			neg 0.4844912402738738 off 0.47550066303718524 __DUMMY__ 0.04000809668894084	false	0.0
scheidung	neg 1.0		off 0.5011664066530103 neg 0.46040656646212097 __DUMMY__ 0.03842702688486887	false	0.5
einschlag	neg 1.0		off 0.48946467581913067 neg 0.4714649992362539 __DUMMY__ 0.039070324944615445	false	0.5
m			neg 0.482827734697226 off 0.4775440369009145 __DUMMY__ 0.03962822840185941	false	0.0
abgestanden	neg 1.0		neg 0.48710750508926837 off 0.47396259419421666 __DUMMY__ 0.03892990071651504	false	1.0
schmierig	off 1.0		off 0.4878810225375601 neg 0.47335542529694336 __DUMMY__ 0.0387635521654965	false	1.0
unpraktisch	neg 1.0		off 0.4811412671557862 neg 0.4794115560591792 __DUMMY__ 0.0394471767850347	false	0.5
wixxer	off 1.0		off 0.4930621848677842 neg 0.46886753041264656 __DUMMY__ 0.0380702847195693	false	1.0
bezeichnet			neg 0.48051392206080024 off 0.4799780494397262 __DUMMY__ 0.03950802849947358	false	0.0
jammerlappen	off 1.0		off 0.48380520337360605 neg 0.4770413265952733 __DUMMY__ 0.0391534700311207	false	1.0
farce	neg 1.0		neg 0.48316300908814774 off 0.47754440121307123 __DUMMY__ 0.039292589698781105	false	1.0
zwecklos	neg 1.0		neg 0.4834861304632363 off 0.47694075504768196 __DUMMY__ 0.03957311448908179	false	1.0
turbulent	neg 1.0		off 0.48520598286728744 neg 0.4758448928552468 __DUMMY__ 0.03894912427746576	false	0.5
invasion	neg 1.0		off 0.48149945906665925 neg 0.47920188548116804 __DUMMY__ 0.03929865545217269	false	0.5
schuld	neg 1.0		neg 0.48032428439863667 off 0.4802783403680273 __DUMMY__ 0.039397375233335946	false	1.0
risiko	neg 1.0		neg 0.4820143591084464 off 0.47886427435917983 __DUMMY__ 0.03912136653237363	false	1.0
finster	neg 1.0		neg 0.48346606166875206 off 0.47722340417171966 __DUMMY__ 0.03931053415952826	false	1.0
geisteskrank	off 1.0		off 0.4855557863346654 neg 0.4754945072005609 __DUMMY__ 0.038949706464773776	false	1.0
zusammenbrechen	neg 1.0		neg 0.48342281023213574 off 0.4770214993013058 __DUMMY__ 0.03955569046655856	false	1.0
ausbeute	neg 1.0		off 0.48038879137899737 neg 0.47986360271631345 __DUMMY__ 0.03974760590468912	false	0.5
hinterhalt	neg 1.0		neg 0.4834824225968624 off 0.4770543066336187 __DUMMY__ 0.03946327076951891	false	1.0
kritik	neg 1.0		neg 0.48358984173822556 off 0.4771163356370627 __DUMMY__ 0.0392938226247116	false	1.0
einschrumpfen	neg 1.0		off 0.4813968585315259 neg 0.4797151785249424 __DUMMY__ 0.03888796294353151	false	0.5
riskant	neg 1.0		neg 0.48582553519694105 off 0.47448932889655 __DUMMY__ 0.03968513590650903	false	1.0
frustrieren	neg 1.0		neg 0.4856347725172905 off 0.474783536463943 __DUMMY__ 0.03958169101876634	false	1.0
groll	neg 1.0		neg 0.4820271575996809 off 0.4783004471507255 __DUMMY__ 0.03967239524959365	false	1.0
gibt			neg 0.4829000393953488 off 0.4774401197423413 __DUMMY__ 0.03965984086230993	false	0.0
qualvoll	neg 1.0		off 0.4809155249423429 neg 0.4797642907270634 __DUMMY__ 0.03932018433059358	false	0.5
wackeln	neg 1.0		neg 0.48134656019684513 off 0.4791495426186413 __DUMMY__ 0.0395038971845137	false	1.0
klagen	neg 1.0		neg 0.48667858872069564 off 0.47358445602141763 __DUMMY__ 0.039736955257886834	false	1.0
bankrott	neg 1.0		off 0.4842127283484562 neg 0.476519584767871 __DUMMY__ 0.03926768688367279	false	0.5
trauern	neg 1.0		neg 0.4815821558930566 off 0.4783778870688319 __DUMMY__ 0.0400399570381116	false	1.0
ablehnung	neg 1.0		neg 0.4836704972500163 off 0.47695977122101807 __DUMMY__ 0.03936973152896552	false	1.0
stur	neg 1.0		neg 0.48104752770758735 off 0.4796197518021159 __DUMMY__ 0.039332720490296603	false	1.0
aufruhr	neg 1.0	neg 1.0	neg 0.7263055338999194 off 0.25498552385137746 __DUMMY__ 0.018708942248703207	false	1.0
melancholie	neg 1.0		neg 0.48721590817532323 off 0.47319632876125506 __DUMMY__ 0.03958776306342156	false	1.0
ist			off 0.4807856393067792 neg 0.4798394659773071 __DUMMY__ 0.039374894715913565	false	0.0
torheit	neg 1.0		off 0.4803854515653634 neg 0.4802245839785099 __DUMMY__ 0.03938996445612666	false	0.5
dreckskind	off 1.0		off 0.4911590649547079 neg 0.4704087268488801 __DUMMY__ 0.038432208196411875	false	1.0
umtauschen	neg 1.0		neg 0.4824488374624609 off 0.47809994026446884 __DUMMY__ 0.03945122227307022	false	1.0
zum			neg 0.4832000210676588 off 0.47635681690028686 __DUMMY__ 0.040443162032054274	false	0.0
zersetzen	neg 1.0		neg 0.486412422936327 off 0.4739409207086123 __DUMMY__ 0.039646656355060664	false	1.0
zur			neg 0.48694383054886126 off 0.472941373626766 __DUMMY__ 0.04011479582437269	false	0.0
frust	neg 1.0		neg 0.4831174830902449 off 0.4772675657782192 __DUMMY__ 0.039614951131536014	false	1.0
unerbittlichkeit	neg 1.0		neg 0.48401095879970674 off 0.47623714626996233 __DUMMY__ 0.039751894930330926	false	1.0
zwei			neg 0.4869063446894096 off 0.4729169736326633 __DUMMY__ 0.0401766816779272	false	0.0
unkorrekt	neg 1.0		off 0.4848908952557279 neg 0.47623639600956175 __DUMMY__ 0.03887270873471046	false	0.5
hexe	off 1.0		off 0.4809825065490657 neg 0.4801084609089609 __DUMMY__ 0.038909032541973324	false	1.0
lasch	neg 1.0		off 0.4831168618569044 neg 0.4776688058588437 __DUMMY__ 0.03921433228425197	false	0.5
rivale	neg 1.0		off 0.48717076716865926 neg 0.4739430697270504 __DUMMY__ 0.038886163104290196	false	0.5
mutlos	off 1.0	off 1.0	off 0.7237207400359312 neg 0.2574731597636761 __DUMMY__ 0.01880610020039268	false	1.0
wirr	off 1.0		off 0.4872592521005081 neg 0.47393663450387097 __DUMMY__ 0.03880411339562097	false	1.0
jahr			neg 0.48083152597443746 off 0.4790315686484077 __DUMMY__ 0.04013690537715492	false	0.0
wird			neg 0.48325591823316105 off 0.47704193579080184 __DUMMY__ 0.03970214597603707	false	0.0
strafbar	neg 1.0		neg 0.4842878698220704 off 0.47597312747987547 __DUMMY__ 0.03973900269805425	false	1.0
erosion	neg 1.0		neg 0.4811983018927238 off 0.47934758562305957 __DUMMY__ 0.039454112484216604	false	1.0
eingehen	neg 1.0		neg 0.48550084445493163 off 0.47488416414924134 __DUMMY__ 0.03961499139582703	false	1.0
faul	off 1.0		off 0.482777036708042 neg 0.4780554533200639 __DUMMY__ 0.03916750997189419	false	1.0
provisorium	neg 1.0		neg 0.48820718438472316 off 0.4713338850307995 __DUMMY__ 0.04045893058447746	false	1.0
schmerzen	neg 1.0		neg 0.4833418308440196 off 0.47721126250956214 __DUMMY__ 0.03944690664641825	false	1.0
schrumpfen	neg 1.0		neg 0.4898089971560619 off 0.4703419560591912 __DUMMY__ 0.039849046784746836	false	1.0
geistlos	off 1.0		neg 0.4804769453361614 off 0.4803956068317464 __DUMMY__ 0.03912744783209227	false	0.5
fehlkauf	neg 1.0		neg 0.4806622080097381 off 0.4801683823845417 __DUMMY__ 0.039169409605720205	false	1.0
frustrierend	neg 1.0		off 0.4825662041107427 neg 0.47821472539628107 __DUMMY__ 0.03921907049297616	false	0.5
unzufrieden	neg 1.0		neg 0.4834594021275997 off 0.4769348145197752 __DUMMY__ 0.0396057833526251	false	1.0
verzweifeln	neg 1.0		neg 0.4817494204413362 off 0.4786702352165881 __DUMMY__ 0.039580344342075774	false	1.0
verzweifelt	neg 1.0		neg 0.48032783760339004 off 0.4802857496940917 __DUMMY__ 0.03938641270251826	false	1.0
misstrauensantrag	neg 1.0		off 0.4807493075469728 neg 0.4799575577411782 __DUMMY__ 0.03929313471184896	false	0.5
abfallen	neg 1.0		neg 0.481783255051784 off 0.47880801589014155 __DUMMY__ 0.039408729058074486	false	1.0
fucker	off 1.0		off 0.48710537285958677 neg 0.47391287313585706 __DUMMY__ 0.038981754004556106	false	1.0
ungezogen	neg 1.0		off 0.49240165960281845 neg 0.4691996262585686 __DUMMY__ 0.03839871413861299	false	0.5
irrsinnig	neg 1.0	neg 1.0	neg 0.7261199807713633 off 0.2552175701773633 __DUMMY__ 0.018662449051273487	false	1.0
unfassbar	neg 1.0		off 0.4847910201223576 neg 0.476095097222459 __DUMMY__ 0.03911388265518328	false	0.5
hart	neg 1.0		neg 0.48073926834680525 off 0.48060628484670753 __DUMMY__ 0.03865444680648725	false	1.0
widerlich	off 1.0		off 0.48466805015088305 neg 0.47631866333127626 __DUMMY__ 0.03901328651784064	false	1.0
fatal	neg 1.0	neg 1.0	neg 0.7266040265085355 off 0.2549076945133295 __DUMMY__ 0.01848827897813493	false	1.0
bruch	neg 1.0		neg 0.48498095850723305 off 0.47496049987383093 __DUMMY__ 0.04005854161893597	false	1.0
aushungern	neg 1.0		neg 0.484466960174185 off 0.47615959172492694 __DUMMY__ 0.03937344810088805	false	1.0
anspannung	neg 1.0		neg 0.48580433780138693 off 0.47393523184642916 __DUMMY__ 0.04026043035218399	false	1.0
von			neg 0.4851699755498525 off 0.4749717988805047 __DUMMY__ 0.03985822556964272	false	0.0
kraftlos	neg 1.0		neg 0.4834109800367664 off 0.4769222675826744 __DUMMY__ 0.03966675238055919	false	1.0
vom			neg 0.48601162644243767 off 0.473401959805417 __DUMMY__ 0.04058641375214519	false	0.0
grenzdebil	off 1.0		off 0.48414188846431494 neg 0.4768598632092346 __DUMMY__ 0.03899824832645049	false	1.0
vor			neg 0.4861127112729377 off 0.4739524992604631 __DUMMY__ 0.039934789466599105	false	0.0
unterwerfen	neg 1.0		neg 0.4838017021799823 off 0.4764987312283437 __DUMMY__ 0.039699566591674	false	1.0
versenkung	neg 1.0		neg 0.48401078954211146 off 0.4762280512210578 __DUMMY__ 0.03976115923683076	false	1.0
entziehen	neg 1.0		neg 0.4862834536039861 off 0.47389966638774905 __DUMMY__ 0.03981688000826482	false	1.0
finanzkrise	neg 1.0		neg 0.48720636107141474 off 0.4738089836121706 __DUMMY__ 0.03898465531641476	false	1.0
schimpfend	neg 1.0		off 0.4808951936542493 neg 0.47959271819311217 __DUMMY__ 0.03951208815263856	false	0.5
profan	neg 1.0		off 0.48104485879797554 neg 0.4796658675177215 __DUMMY__ 0.03928927368430289	false	0.5
korruption	neg 1.0		neg 0.4848052085601042 off 0.47578375872562345 __DUMMY__ 0.03941103271427244	false	1.0
â			neg 0.4841046357617075 off 0.47629671477960905 __DUMMY__ 0.03959864945868338	false	0.0
schmutzig	neg 1.0		off 0.48482209997485864 neg 0.47613640160764337 __DUMMY__ 0.03904149841749809	false	0.5
sexy	neg 1.0		off 0.4831181211446603 neg 0.47760932554771673 __DUMMY__ 0.03927255330762302	false	0.5
abraten	neg 1.0		off 0.48131501403719334 neg 0.47929930702130713 __DUMMY__ 0.039385678941499594	false	0.5
schwarz	neg 1.0		off 0.48114697592564365 neg 0.4795324397865104 __DUMMY__ 0.03932058428784583	false	0.5
fotze	off 1.0	off 1.0	off 0.7240342942002918 neg 0.2571883278165356 __DUMMY__ 0.0187773779831727	false	1.0
verwirren	neg 1.0		off 0.48168855819621204 neg 0.47899442515135493 __DUMMY__ 0.03931701665243315	false	0.5
zahnlos	off 1.0		neg 0.4826921393354956 off 0.47776256627185637 __DUMMY__ 0.039545294392648	false	0.5
verheeren	neg 1.0		off 0.4944329700059938 neg 0.46715620570846356 __DUMMY__ 0.03841082428554259	false	0.5
hippie	neg 1.0		off 0.48230279992974334 neg 0.47845414381058005 __DUMMY__ 0.039243056259676536	false	0.5
rammen	neg 1.0		neg 0.48091253304176557 off 0.47967523745141044 __DUMMY__ 0.03941222950682419	false	1.0
unlauter	neg 1.0		neg 0.48080327845920834 off 0.479978787425817 __DUMMY__ 0.03921793411497468	false	1.0
unheilvoll	neg 1.0		neg 0.48112958702709 off 0.4795541863025139 __DUMMY__ 0.039316226670396	false	1.0
niedrig	neg 1.0		neg 0.48580329454416615 off 0.4747318392836275 __DUMMY__ 0.03946486617220624	false	1.0
explosion	neg 1.0		off 0.4824766474379278 neg 0.47825165704745787 __DUMMY__ 0.03927169551461428	false	0.5
weichei	off 1.0	off 1.0	off 0.7297095307629549 neg 0.25205032543372374 __DUMMY__ 0.018240143803321344	false	1.0
minusmensch	off 1.0		off 0.49318683364490273 neg 0.468489108678252 __DUMMY__ 0.038324057676845345	false	1.0
farblos	neg 1.0		neg 0.4821389224247363 off 0.47863283688252256 __DUMMY__ 0.0392282406927411	false	1.0
unwissend	neg 1.0	neg 1.0	neg 0.7246849808095983 off 0.25681690224082865 __DUMMY__ 0.01849811694957309	false	1.0
traurig	neg 1.0		off 0.4866542412949719 neg 0.47443830971937606 __DUMMY__ 0.038907448985651995	false	0.5
senkung	neg 1.0		neg 0.4824498138682574 off 0.478600432996353 __DUMMY__ 0.03894975313538951	false	1.0
ungleich	neg 1.0	neg 1.0	neg 0.7276915493474803 off 0.2534805889940418 __DUMMY__ 0.018827861658477878	false	1.0
heikel	neg 1.0		neg 0.4849431655195089 off 0.4753224246333535 __DUMMY__ 0.03973440984713764	false	1.0
drosselung	neg 1.0		off 0.4815461999801992 neg 0.47974562383367747 __DUMMY__ 0.03870817618612321	false	0.5
falsch	neg 1.0		off 0.48317351517512247 neg 0.4775817957435549 __DUMMY__ 0.03924468908132255	false	0.5
unzufriedenheit	neg 1.0		neg 0.4867352574609567 off 0.4736514911030329 __DUMMY__ 0.03961325143601038	false	1.0
kurz	neg 1.0		neg 0.48190308484888766 off 0.4783841671643347 __DUMMY__ 0.03971274798677762	false	1.0
unsinnig	neg 1.0		neg 0.48363565787475676 off 0.47697639781869566 __DUMMY__ 0.03938794430654774	false	1.0
penner	off 1.0	off 1.0	off 0.7309516817289908 neg 0.2508292933045462 __DUMMY__ 0.018219024966462938	false	1.0
seicht	neg 1.0		off 0.48983011824865513 neg 0.47189872726572696 __DUMMY__ 0.03827115448561799	false	0.5
dummheit	off 1.0	off 1.0	off 0.725805978785536 neg 0.25564060841661795 __DUMMY__ 0.01855341279784596	false	1.0
unerfreulich	neg 1.0		neg 0.4849456272395683 off 0.47528046648733 __DUMMY__ 0.03977390627310153	false	1.0
motherfucker	off 1.0	off 1.0	off 0.7287236712833702 neg 0.2528298595910478 __DUMMY__ 0.01844646912558202	false	1.0
pikiert	neg 1.0	neg 1.0	neg 0.7245164457847039 off 0.2570058226104124 __DUMMY__ 0.018477731604883797	false	1.0
wrack	neg 1.0		off 0.4821493105398691 neg 0.4778159929899646 __DUMMY__ 0.04003469647016624	false	0.5
gangster	neg 1.0		off 0.4824137491364756 neg 0.4783652946747446 __DUMMY__ 0.039220956188779896	false	0.5
krank	neg 1.0	neg 1.0	neg 0.7230656260418042 off 0.2583963450477122 __DUMMY__ 0.018538028910483555	false	1.0
reich	neg 1.0		off 0.4808376829301943 neg 0.4802043538160748 __DUMMY__ 0.03895796325373081	false	0.5
gnadenlos	neg 1.0		off 0.4806940910884375 neg 0.47983003363460974 __DUMMY__ 0.039475875276952836	false	0.5
niedergeschlagen	neg 1.0		neg 0.4825497291345731 off 0.4777434289104284 __DUMMY__ 0.039706841954998434	false	1.0
terrorisieren	off 1.0	off 1.0	off 0.7233961218045828 neg 0.2577366310848863 __DUMMY__ 0.01886724711053092	false	1.0
sinnlosigkeit	neg 1.0		neg 0.4827776677124026 off 0.47762609043184945 __DUMMY__ 0.03959624185574806	false	1.0
behindern	neg 1.0		neg 0.482556371479763 off 0.47805409018248296 __DUMMY__ 0.039389538337754104	false	1.0
undemokratisch	neg 1.0		off 0.4804974907446054 neg 0.48026352783994364 __DUMMY__ 0.039238981415451034	false	0.5
wirtschaftskrise	neg 1.0		neg 0.48685668353950523 off 0.47386518373779823 __DUMMY__ 0.039278132722696556	false	1.0
neid	neg 1.0		off 0.48209073914114575 neg 0.47867306771656165 __DUMMY__ 0.03923619314229249	false	0.5
rutschen	neg 1.0		neg 0.48744325231029173 off 0.472393956342714 __DUMMY__ 0.04016279134699427	false	1.0
rezession	neg 1.0		off 0.4832138599047016 neg 0.47827217914239856 __DUMMY__ 0.038513960952899884	false	0.5
fehlgeburt	neg 1.0		off 0.48111129220103965 neg 0.47930780889807395 __DUMMY__ 0.03958089890088648	false	0.5
charakterschwach	off 1.0		off 0.4839227192520517 neg 0.47706675408958005 __DUMMY__ 0.039010526658368294	false	1.0
isolation	neg 1.0		off 0.4836281709536532 neg 0.47707385480608966 __DUMMY__ 0.0392979742402573	false	0.5
ablenkung	neg 1.0		neg 0.48051651642961807 off 0.4798962820827277 __DUMMY__ 0.03958720148765425	false	1.0
pech	neg 1.0		off 0.4831821034568812 neg 0.4776226643961019 __DUMMY__ 0.03919523214701681	false	0.5
vermeidung	neg 1.0		off 0.4837772919064467 neg 0.47727236039792353 __DUMMY__ 0.0389503476956297	false	0.5
dominieren	neg 1.0		neg 0.4814656938906484 off 0.47888325861162095 __DUMMY__ 0.03965104749773054	false	1.0
schwindlig	neg 1.0		neg 0.480364510998082 off 0.480361643975889 __DUMMY__ 0.03927384502602904	false	1.0
lutscher	neg 1.0	neg 1.0	neg 0.720391700421897 off 0.2615773228436839 __DUMMY__ 0.018030976734418953	false	1.0
pflicht	neg 1.0		neg 0.4847906105344917 off 0.47528154607361506 __DUMMY__ 0.039927843391893286	false	1.0
faschist	off 1.0		off 0.48264187136596937 neg 0.4781337530017311 __DUMMY__ 0.039224375632299524	false	1.0
verschleudern	neg 1.0		neg 0.48766561218290544 off 0.4729582504910968 __DUMMY__ 0.03937613732599778	false	1.0
wenn			off 0.4834421709853056 neg 0.4773946851294874 __DUMMY__ 0.039163143885207065	false	0.0
ehebruch	neg 1.0		neg 0.4838216747217085 off 0.4765537116163531 __DUMMY__ 0.039624613661938445	false	1.0
spott	off 1.0		neg 0.48290614881018784 off 0.47736746009898756 __DUMMY__ 0.03972639109082471	false	0.5
trostlosigkeit	neg 1.0		neg 0.48804528144249 off 0.4723048233913601 __DUMMY__ 0.039649895166149994	false	1.0
lutschen	neg 1.0		off 0.4823522311921368 neg 0.4785202578057223 __DUMMY__ 0.039127511002140826	false	0.5
undiszipliniert	neg 1.0		off 0.48633238745044766 neg 0.47469681951953985 __DUMMY__ 0.03897079303001252	false	0.5
kopfschmerz	neg 1.0		neg 0.48630803370690273 off 0.4742407791718614 __DUMMY__ 0.039451187121235756	false	1.0
unvorhergesehen	neg 1.0		neg 0.48499597567269664 off 0.47513041061606975 __DUMMY__ 0.03987361371123362	false	1.0
desinteressiert	neg 1.0		off 0.4851899927582767 neg 0.4758520105409024 __DUMMY__ 0.03895799670082095	false	0.5
armselig	off 1.0		off 0.4875765790212682 neg 0.4735586409641371 __DUMMY__ 0.03886478001459465	false	1.0
desaster	neg 1.0		neg 0.48733642932432264 off 0.47288184655751453 __DUMMY__ 0.03978172411816284	false	1.0
tod	neg 1.0		neg 0.4832575217488093 off 0.47696799161468995 __DUMMY__ 0.039774486636500885	false	1.0
herzlos	neg 1.0		off 0.48685320964548734 neg 0.47427652895517547 __DUMMY__ 0.03887026139933716	false	0.5
unwissenheit	neg 1.0		neg 0.48366382758703214 off 0.4767736917054553 __DUMMY__ 0.03956248070751253	false	1.0
widersinnig	neg 1.0		neg 0.48404203974074017 off 0.4766222777298018 __DUMMY__ 0.039335682529457947	false	1.0
bedenklich	neg 1.0		neg 0.4848574163952858 off 0.47557076939083465 __DUMMY__ 0.0395718142138796	false	1.0
beanstanden	neg 1.0		neg 0.48405148679046256 off 0.4760401013821042 __DUMMY__ 0.039908411827433266	false	1.0
panisch	neg 1.0		off 0.4819691154716774 neg 0.4785746224942948 __DUMMY__ 0.03945626203402786	false	0.5
debil	off 1.0		neg 0.4906415724315557 off 0.46920710061787024 __DUMMY__ 0.04015132695057387	false	0.5
abstrich	neg 1.0		neg 0.4847697560573847 off 0.47588551277963476 __DUMMY__ 0.0393447311629806	false	1.0
primitiv	neg 1.0		off 0.48576270277127465 neg 0.4752418931237051 __DUMMY__ 0.0389954041050203	false	0.5
abschaum	off 1.0	off 1.0	off 0.7282365433645049 neg 0.2531902112297432 __DUMMY__ 0.01857324540575177	false	1.0
provozieren	neg 1.0		neg 0.4810325313806391 off 0.4796008048681124 __DUMMY__ 0.0393666637512485	false	1.0
tot	neg 1.0		neg 0.48459970668436725 off 0.4759529190116706 __DUMMY__ 0.03944737430396219	false	1.0
instabil	neg 1.0		off 0.48756736817427243 neg 0.47362971261813996 __DUMMY__ 0.03880291920758753	false	0.5
schwuchtel	off 1.0	off 1.0	off 0.7338007545301368 neg 0.24828237716953003 __DUMMY__ 0.01791686830033314	false	1.0
zerren	neg 1.0		neg 0.48242234038960696 off 0.47785096188439863 __DUMMY__ 0.0397266977259945	false	1.0
kinderficker	off 1.0		off 0.48928040309175047 neg 0.4720401561461904 __DUMMY__ 0.03867944076205911	false	1.0
gefahr	neg 1.0		neg 0.48510696357278704 off 0.47505083202619935 __DUMMY__ 0.039842204401013534	false	1.0
rabiat	neg 1.0		neg 0.48303636883934575 off 0.4775341380939749 __DUMMY__ 0.039429493066679325	false	1.0
verlangsamung	neg 1.0		off 0.4904672553618966 neg 0.4710019171359376 __DUMMY__ 0.03853082750216576	false	0.5
ausgestorben	neg 1.0		neg 0.48197769280542313 off 0.47844566869156013 __DUMMY__ 0.03957663850301671	false	1.0
anklagen	neg 1.0		neg 0.4827337976225093 off 0.4777206847997523 __DUMMY__ 0.039545517577738436	false	1.0
trott	neg 1.0		neg 0.481482324547743 off 0.4790590855507837 __DUMMY__ 0.03945858990147343	false	1.0
verminderung	neg 1.0		off 0.48429109406652393 neg 0.4767221240271832 __DUMMY__ 0.03898678190629286	false	0.5
nach			neg 0.48734994283327565 off 0.4723129485457785 __DUMMY__ 0.04033710862094595	false	0.0
rost	neg 1.0		off 0.4942197633798621 neg 0.46707864266661003 __DUMMY__ 0.03870159395352798	false	0.5
destruktiv	neg 1.0		neg 0.48200317987543345 off 0.47857490747468184 __DUMMY__ 0.039421912649884656	false	1.0
unzumutbarkeit	neg 1.0		off 0.4847903146286946 neg 0.476157342397178 __DUMMY__ 0.03905234297412742	false	0.5
labil	off 1.0	off 1.0	off 0.7270977745908482 neg 0.2543813354367267 __DUMMY__ 0.01852088997242492	false	1.0
ziemlich	neg 1.0		off 0.48492014286909674 neg 0.4759131356404052 __DUMMY__ 0.0391667214904981	false	0.5
lachnummer	off 1.0		off 0.48037323526662734 neg 0.48011423636534983 __DUMMY__ 0.039512528368022916	false	1.0
oder			off 0.4807037183205088 neg 0.47975097139618944 __DUMMY__ 0.0395453102833018	false	0.0
verfall	neg 1.0		neg 0.4900276493819698 off 0.47015837340383837 __DUMMY__ 0.03981397721419182	false	1.0
ausgrenzung	neg 1.0		neg 0.48064254684430135 off 0.48014287759424873 __DUMMY__ 0.03921457556144991	false	1.0
unordnung	neg 1.0		off 0.48705689031082855 neg 0.47424223684085864 __DUMMY__ 0.038700872848312674	false	0.5
fehlverhalten	neg 1.0		neg 0.48444378731436044 off 0.47582753392165816 __DUMMY__ 0.0397286787639815	false	1.0
eine			neg 0.4861672940779779 off 0.47398040673978975 __DUMMY__ 0.03985229918223229	false	0.0
nille	neg 1.0		neg 0.4811535866530845 off 0.479400503029164 __DUMMY__ 0.03944591031775156	false	1.0
qual	neg 1.0		neg 0.48210159181372736 off 0.47844953539366153 __DUMMY__ 0.03944887279261124	false	1.0
verschwenden	neg 1.0		neg 0.4862958785549854 off 0.4741075126385694 __DUMMY__ 0.039596608806445374	false	1.0
riesig	neg 1.0		neg 0.48402466310143444 off 0.4762506627955493 __DUMMY__ 0.03972467410301644	false	1.0
verurteilen	neg 1.0		neg 0.4832862810340966 off 0.4771758435902804 __DUMMY__ 0.0395378753756229	false	1.0
klischee	neg 1.0	neg 1.0	neg 0.7250204004521476 off 0.2564419276514298 __DUMMY__ 0.018537671896422653	false	1.0
diktatorisch	neg 1.0		neg 0.480765605852866 off 0.4800509810140596 __DUMMY__ 0.03918341313307443	false	1.0
vorhersehbar	neg 1.0		off 0.4808979460939785 neg 0.4799403989216944 __DUMMY__ 0.03916165498432721	false	0.5
sowie			off 0.4868410638783984 neg 0.47462152849114353 __DUMMY__ 0.03853740763045817	false	0.0
stornieren	neg 1.0		off 0.485084459109584 neg 0.4753073941396949 __DUMMY__ 0.03960814675072109	false	0.5
besteuerung	neg 1.0	neg 1.0	neg 0.7282232095600991 off 0.2533103991123291 __DUMMY__ 0.018466391327571684	false	1.0
ungeschminkt	neg 1.0		off 0.48510620433853185 neg 0.4759818020663792 __DUMMY__ 0.038911993595088804	false	0.5
kritisch	neg 1.0		neg 0.4830759205395146 off 0.47730471602399377 __DUMMY__ 0.03961936343649152	false	1.0
schlamperei	off 1.0		neg 0.4849120617354971 off 0.4754579331802915 __DUMMY__ 0.0396300050842113	false	0.5
sucht	neg 1.0	neg 1.0	neg 0.7250630205415274 off 0.25621470317700457 __DUMMY__ 0.018722276281468053	false	1.0
egoistisch	off 1.0	off 1.0	off 0.7305010342001401 neg 0.2511592482084126 __DUMMY__ 0.01833971759144727	false	1.0
ausbeuter	off 1.0		neg 0.4868132284154409 off 0.47363822655736826 __DUMMY__ 0.039548545027190754	false	0.5
arschgeburt	off 1.0		off 0.49567898113556363 neg 0.4663453319558967 __DUMMY__ 0.037975686908539766	false	1.0
schubs	neg 1.0		neg 0.4858152807888772 off 0.47472581336590525 __DUMMY__ 0.039458905845217426	false	1.0
unsolide	neg 1.0		off 0.4824378052549029 neg 0.4782291243278248 __DUMMY__ 0.03933307041727224	false	0.5
beschwerde	neg 1.0		neg 0.48264192159034536 off 0.4777465068389619 __DUMMY__ 0.0396115715706928	false	1.0
stocken	neg 1.0		neg 0.4838548875470627 off 0.4764965361436348 __DUMMY__ 0.03964857630930249	false	1.0
isolieren	neg 1.0		neg 0.48402515364824206 off 0.4764846922534759 __DUMMY__ 0.03949015409828216	false	1.0
unheilbar	neg 1.0		neg 0.48062985748391795 off 0.47985988150821485 __DUMMY__ 0.039510261007867184	false	1.0
pisser	off 1.0	off 1.0	off 0.728941603936363 neg 0.2526645616569276 __DUMMY__ 0.018393834406709456	false	1.0
löschen	neg 1.0		neg 0.4817073919487025 off 0.4789361646338193 __DUMMY__ 0.039356443417478224	false	1.0
durchfallen	neg 1.0		neg 0.4830385407307741 off 0.47731525829484744 __DUMMY__ 0.03964620097437835	false	1.0
wichser	off 1.0	off 1.0	off 0.7324713689455453 neg 0.24941432820692444 __DUMMY__ 0.018114302847530215	false	1.0
terror	neg 1.0		off 0.48202191679735706 neg 0.4787368256542993 __DUMMY__ 0.03924125754834358	false	0.5
krass	neg 1.0		off 0.4882024256540588 neg 0.47306117113099694 __DUMMY__ 0.03873640321494425	false	0.5
revolte	neg 1.0		neg 0.48120048312251984 off 0.47984723226730797 __DUMMY__ 0.038952284610172146	false	1.0
besorgt	neg 1.0		neg 0.48103715862169305 off 0.47919063825871344 __DUMMY__ 0.0397722031195934	false	1.0
nachlassen	neg 1.0		neg 0.4826100351777453 off 0.4776308159552936 __DUMMY__ 0.03975914886696117	false	1.0
alt	neg 1.0		neg 0.48910341793755785 off 0.47168063878441135 __DUMMY__ 0.039215943278030824	false	1.0
hundesohn	off 1.0	off 1.0	off 0.7316338609878567 neg 0.2502481472266528 __DUMMY__ 0.018117991785490555	false	1.0
als			neg 0.48330980007087215 off 0.4771253757594246 __DUMMY__ 0.03956482416970323	false	0.0
abschreckung	neg 1.0		neg 0.48596324514687983 off 0.47433202868578234 __DUMMY__ 0.039704726167337806	false	1.0
unqualifiziert	neg 1.0		off 0.48341757942984015 neg 0.4773780733912658 __DUMMY__ 0.039204347178894025	false	0.5
abgewichst	off 1.0		neg 0.48120801671075353 off 0.47926666156216835 __DUMMY__ 0.0395253217270781	false	0.5
schwer	neg 1.0		neg 0.4812039739759926 off 0.47923800646236586 __DUMMY__ 0.039558019561641636	false	1.0
bedeutungslosigkeit	neg 1.0		neg 0.4852494542280498 off 0.4750513885430384 __DUMMY__ 0.03969915722891171	false	1.0
kapitulation	neg 1.0		neg 0.4854744719774941 off 0.4750822028362393 __DUMMY__ 0.039443325186266566	false	1.0
unscharf	neg 1.0		neg 0.4824929015066701 off 0.4784736145782661 __DUMMY__ 0.03903348391506372	false	1.0
schwinden	neg 1.0		neg 0.486076838655953 off 0.4743146633802372 __DUMMY__ 0.03960849796380982	false	1.0
versklavung	neg 1.0	neg 1.0	neg 0.7267899598501918 off 0.2546643682842688 __DUMMY__ 0.01854567186553944	false	1.0
schlecht	neg 1.0		off 0.4852098352699318 neg 0.4756098450077466 __DUMMY__ 0.03918031972232163	false	0.5
verhasst	neg 1.0		neg 0.4808944803763808 off 0.47981881904037055 __DUMMY__ 0.039286700583248714	false	1.0
beschweren	neg 1.0		off 0.48168734643994715 neg 0.47888493682248545 __DUMMY__ 0.03942771673756739	false	0.5
scheiden	neg 1.0		neg 0.480860259897193 off 0.4796538969696632 __DUMMY__ 0.0394858431331438	false	1.0
frustriert	neg 1.0		neg 0.48203359337785107 off 0.47836883812841896 __DUMMY__ 0.03959756849373	false	1.0
schimmelig	neg 1.0		neg 0.48682364576073517 off 0.4738263231090861 __DUMMY__ 0.039350031130178716	false	1.0
fisch	neg 1.0		neg 0.49049729487454835 off 0.470053409554401 __DUMMY__ 0.03944929557105059	false	1.0
schmuggel	neg 1.0		neg 0.4852260154326446 off 0.4748603352312291 __DUMMY__ 0.03991364933612629	false	1.0
auffallen	neg 1.0		off 0.4815900597273389 neg 0.4790647770248635 __DUMMY__ 0.03934516324779757	false	0.5
konkurrenz	neg 1.0		neg 0.48348514954671923 off 0.4765998595691793 __DUMMY__ 0.03991499088410136	false	1.0
teufelskreis	neg 1.0	neg 1.0	neg 0.72771033423964 off 0.253643054899128 __DUMMY__ 0.01864661086123202	false	1.0
aufschreien	neg 1.0		off 0.4808558092447098 neg 0.47996269860948204 __DUMMY__ 0.03918149214580827	false	0.5
schuldner	neg 1.0		neg 0.48808210041990807 off 0.47246191738310944 __DUMMY__ 0.03945598219698245	false	1.0
missgeburt	off 1.0	off 1.0	off 0.7317497633047038 neg 0.24999292951982685 __DUMMY__ 0.018257307175469403	false	1.0
arbeitslos	neg 1.0		neg 0.4838580494957749 off 0.4765494505213093 __DUMMY__ 0.039592499982915884	false	1.0
befallen	neg 1.0		neg 0.4866108834575221 off 0.4742585141122728 __DUMMY__ 0.039130602430205226	false	1.0
miesepetrig	off 1.0	off 1.0	off 0.7273380800403918 neg 0.25412491094255996 __DUMMY__ 0.018537009017048186	false	1.0
alarmieren	neg 1.0		off 0.4832855129154144 neg 0.47758102709144756 __DUMMY__ 0.03913345999313821	false	0.5
ungeduscht	off 1.0		off 0.4820948975706147 neg 0.4788482369314171 __DUMMY__ 0.039056865497968093	false	1.0
knappheit	neg 1.0		neg 0.48587037952482093 off 0.47478139138050884 __DUMMY__ 0.03934822909467031	false	1.0
schlange	neg 1.0		off 0.4803207476519959 neg 0.48015667346967483 __DUMMY__ 0.03952257887832927	false	0.5
harsch	neg 1.0		off 0.48939719023646 neg 0.47164788852402745 __DUMMY__ 0.03895492123951253	false	0.5
lang	neg 1.0		off 0.4803649605017151 neg 0.48025661051521074 __DUMMY__ 0.03937842898307429	false	0.5
ziellos	neg 1.0		neg 0.48366919658097046 off 0.47651453885722117 __DUMMY__ 0.039816264561808215	false	1.0
selbstverliebt	neg 1.0		off 0.4951169062462105 neg 0.46653288149843686 __DUMMY__ 0.038350212255352664	false	0.5
beseitigen	neg 1.0		neg 0.4805338700063072 off 0.4799127539991092 __DUMMY__ 0.03955337599458369	false	1.0
dumm	off 1.0		off 0.48989177162983416 neg 0.47150426155163977 __DUMMY__ 0.03860396681852604	false	1.0
arbeitsloser	neg 1.0		off 0.480659379936474 neg 0.47936983267450184 __DUMMY__ 0.03997078738902425	false	0.5
blitzen	neg 1.0		off 0.4818364007914993 neg 0.4790479413642247 __DUMMY__ 0.03911565784427597	false	0.5
hilflos	neg 1.0		neg 0.4836966976911913 off 0.476715745818319 __DUMMY__ 0.039587556490489804	false	1.0
eklig	off 1.0		off 0.48900206255911743 neg 0.47255561483538694 __DUMMY__ 0.03844232260549555	false	1.0
begriff			neg 0.4810615426960648 off 0.479395611116554 __DUMMY__ 0.0395428461873813	false	0.0
hungersnot	neg 1.0		neg 0.48533895144007777 off 0.47527074177016215 __DUMMY__ 0.03939030678976005	false	1.0
ungesetzlich	neg 1.0		off 0.48111093658930304 neg 0.4796073611447325 __DUMMY__ 0.03928170226596444	false	0.5
verschwendung	neg 1.0		neg 0.4854297107092275 off 0.47488524378373675 __DUMMY__ 0.0396850455070356	false	1.0
schmerzvoll	neg 1.0		neg 0.48094344001732203 off 0.47976053566070764 __DUMMY__ 0.03929602432197021	false	1.0
vorzeitig	neg 1.0		off 0.48622952762678207 neg 0.474423762905614 __DUMMY__ 0.03934670946760407	false	0.5
unvollkommenheit	neg 1.0		neg 0.4828288443898882 off 0.4776393970967711 __DUMMY__ 0.0395317585133408	false	1.0
intervenieren	neg 1.0		neg 0.48690580031453357 off 0.4736342688821923 __DUMMY__ 0.039459930803274174	false	1.0
banause	off 1.0		off 0.4887022125863349 neg 0.47311836856120965 __DUMMY__ 0.03817941885245546	false	1.0
rebell	neg 1.0		neg 0.4911591110583591 off 0.4691929914934215 __DUMMY__ 0.039647897448219414	false	1.0
unlogisch	neg 1.0		off 0.4856334058357808 neg 0.47553334744699266 __DUMMY__ 0.038833246717226585	false	0.5
leiden	neg 1.0		neg 0.48385847307618246 off 0.47616711660256106 __DUMMY__ 0.03997441032125642	false	1.0
abschaffung	neg 1.0		neg 0.4820785423627248 off 0.4786933002106404 __DUMMY__ 0.039228157426634706	false	1.0
sturz	neg 1.0		off 0.4835493738027171 neg 0.47687760163524007 __DUMMY__ 0.0395730245620428	false	0.5
verkleinerung	neg 1.0		neg 0.48153960810835256 off 0.4796093095625605 __DUMMY__ 0.03885108232908694	false	1.0
schmarotzer	off 1.0		neg 0.4829257211938846 off 0.4775294222625187 __DUMMY__ 0.039544856543596775	false	0.5
bestrafung	neg 1.0	neg 1.0	neg 0.7258943009872592 off 0.2553930208087821 __DUMMY__ 0.01871267820395881	false	1.0
achtlos	neg 1.0		neg 0.4812484870924068 off 0.4790917127252494 __DUMMY__ 0.039659800182343746	false	1.0
ungeheuer	neg 1.0		neg 0.4817908668357142 off 0.4788590432505639 __DUMMY__ 0.03935008991372186	false	1.0
unaufrichtig	neg 1.0		off 0.4833159414162857 neg 0.4774821416532631 __DUMMY__ 0.039201916930451296	false	0.5
