unsolidarisch	neg 1.0		neg 0.46963941301192447 off 0.46609989366814913 __DUMMY__ 0.06426069331992627	false	1.0
nachteilig	neg 1.0		neg 0.47022202359354376 off 0.464640474034244 __DUMMY__ 0.06513750237221211	false	1.0
skeptisch	neg 1.0		neg 0.4726378780163565 off 0.46230334879145524 __DUMMY__ 0.06505877319218832	false	1.0
schrecklich	neg 1.0		off 0.4747345632881372 neg 0.46162132067253747 __DUMMY__ 0.06364411603932524	false	0.5
schlapp	neg 1.0	neg 1.0	neg 0.7179585638450359 off 0.2516741969739125 __DUMMY__ 0.030367239181051553	false	1.0
abfall	neg 1.0		neg 0.47304060082071725 off 0.4613052503989173 __DUMMY__ 0.0656541487803654	false	1.0
widerspenstig	neg 1.0		neg 0.4709351296708831 off 0.46465969315947286 __DUMMY__ 0.06440517716964404	false	1.0
abrupt	neg 1.0		neg 0.47478992443448204 off 0.4603746439949914 __DUMMY__ 0.06483543157052664	false	1.0
unwirksam	neg 1.0		neg 0.47333982155549026 off 0.46285532556934983 __DUMMY__ 0.06380485287516	false	1.0
angreifen	neg 1.0		neg 0.4728817350523292 off 0.46196863936488003 __DUMMY__ 0.06514962558279072	false	1.0
inkonsistent	neg 1.0		off 0.46802370789885145 neg 0.4678572727574412 __DUMMY__ 0.0641190193437073	false	0.5
abrutschen	neg 1.0		neg 0.47427066092672315 off 0.46017894057824726 __DUMMY__ 0.06555039849502971	false	1.0
unsicher	neg 1.0		neg 0.46803460467553293 off 0.46722342333612593 __DUMMY__ 0.06474197198834108	false	1.0
bauernkind	off 1.0	off 1.0	off 0.7222670762813591 neg 0.24804835349777837 __DUMMY__ 0.02968457022086244	false	1.0
angreifer	neg 1.0		off 0.4719625741626679 neg 0.4634885045627531 __DUMMY__ 0.06454892127457904	false	0.5
trennen	neg 1.0		neg 0.47217172930116297 off 0.46253223429672286 __DUMMY__ 0.06529603640211426	false	1.0
schmutz	neg 1.0		off 0.47357775918964545 neg 0.46143422283889485 __DUMMY__ 0.06498801797145964	false	0.5
inkonsistenz	neg 1.0		off 0.4714742753626839 neg 0.46438330790104193 __DUMMY__ 0.06414241673627416	false	0.5
erschreckend	neg 1.0		neg 0.4693514522254374 off 0.46596634207776166 __DUMMY__ 0.06468220569680104	false	1.0
ertrinken	neg 1.0		neg 0.4748662745685821 off 0.4601682436631414 __DUMMY__ 0.06496548176827638	false	1.0
pickelface	off 1.0		neg 0.4688793498844718 off 0.4666512899964936 __DUMMY__ 0.06446936011903454	false	0.5
seiner			neg 0.47153179598621425 off 0.463211609987132 __DUMMY__ 0.06525659402665372	false	0.0
lauch	neg 1.0	neg 1.0	neg 0.7239797627696966 off 0.24502653998031684 __DUMMY__ 0.030993697249986584	false	1.0
unwichtig	neg 1.0		off 0.4707117765706554 neg 0.4652479549732059 __DUMMY__ 0.06404026845613868	false	0.5
steuerhinterziehung	neg 1.0		neg 0.47059916821444614 off 0.4649292637427597 __DUMMY__ 0.06447156804279414	false	1.0
schock	neg 1.0		neg 0.4699067282983259 off 0.46529068194751205 __DUMMY__ 0.06480258975416205	false	1.0
beule	neg 1.0		off 0.47258317120186427 neg 0.4636805223083864 __DUMMY__ 0.06373630648974926	false	0.5
vergelten	neg 1.0		off 0.47683340554661335 neg 0.4594218422116843 __DUMMY__ 0.06374475224170231	false	0.5
verdorbenheit	neg 1.0		neg 0.46845152318595423 off 0.467157141991965 __DUMMY__ 0.06439133482208063	false	1.0
trauma	neg 1.0		neg 0.46851779707144875 off 0.4671545701128913 __DUMMY__ 0.06432763281565988	false	1.0
sinnlos	neg 1.0		off 0.4683361404822087 neg 0.4672748471538377 __DUMMY__ 0.06438901236395365	false	0.5
fettsack	off 1.0	off 1.0	off 0.723520493067586 neg 0.24675575114772788 __DUMMY__ 0.029723755784686147	false	1.0
feige	off 1.0	off 1.0	off 0.7213755078028092 neg 0.24839581159768373 __DUMMY__ 0.030228680599506952	false	1.0
abdanken	neg 1.0		neg 0.46898330451012465 off 0.4663586407716032 __DUMMY__ 0.06465805471827214	false	1.0
wichtigtuer	off 1.0	off 1.0	off 0.7205879774947478 neg 0.24887681528665426 __DUMMY__ 0.030535207218598027	false	1.0
misslingen	neg 1.0	neg 1.0	neg 0.7168757376106537 off 0.25214014344150393 __DUMMY__ 0.03098411894784233	false	1.0
untreu	off 1.0		off 0.471809457087925 neg 0.46427859159767987 __DUMMY__ 0.06391195131439516	false	1.0
missmutig	neg 1.0		off 0.4695190960497613 neg 0.4663324274352003 __DUMMY__ 0.0641484765150384	false	0.5
hurenbock	off 1.0		neg 0.4730871308188917 off 0.4630200407353818 __DUMMY__ 0.06389282844572652	false	0.5
betrunken	neg 1.0		off 0.4735798209587985 neg 0.4627026008582771 __DUMMY__ 0.06371757818292448	false	0.5
korrupt	off 1.0		neg 0.4715233635553564 off 0.4640331250871803 __DUMMY__ 0.06444351135746323	false	0.5
unmut	neg 1.0		neg 0.4740226535315501 off 0.46073055432593946 __DUMMY__ 0.06524679214251046	false	1.0
hackfresse	off 1.0		off 0.4787404830238162 neg 0.4581012274127514 __DUMMY__ 0.06315828956343249	false	1.0
aufblasen	neg 1.0		neg 0.4684503720582705 off 0.466986524607653 __DUMMY__ 0.06456310333407651	false	1.0
gewaltsam	neg 1.0		neg 0.4691533153042507 off 0.46622302295061496 __DUMMY__ 0.0646236617451343	false	1.0
unbeliebtheit	neg 1.0		off 0.4720952025919699 neg 0.46396853866900345 __DUMMY__ 0.06393625873902653	false	0.5
sturheit	neg 1.0		neg 0.4680677856083162 off 0.46705151569132186 __DUMMY__ 0.06488069870036187	false	1.0
kuh	neg 1.0		neg 0.4735230879553365 off 0.46325983415535227 __DUMMY__ 0.0632170778893112	false	1.0
erschrecken	neg 1.0		off 0.4706766786768615 neg 0.46507225041332534 __DUMMY__ 0.06425107090981323	false	0.5
opfer	neg 1.0		neg 0.46943393305653064 off 0.4653415785666973 __DUMMY__ 0.06522448837677214	false	1.0
sinken	neg 1.0		neg 0.47481575006844523 off 0.4601747042330167 __DUMMY__ 0.06500954569853815	false	1.0
stinktier	neg 1.0		off 0.4728548174986292 neg 0.4644015158837988 __DUMMY__ 0.06274366661757205	false	0.5
tucke	off 1.0		off 0.4772736154560562 neg 0.46034299983341853 __DUMMY__ 0.06238338471052538	false	1.0
ein			neg 0.4712642583591418 off 0.46432004019200374 __DUMMY__ 0.06441570144885447	false	0.0
abstieg	neg 1.0		off 0.4683377779624607 neg 0.4662668282805665 __DUMMY__ 0.06539539375697279	false	0.5
missverstehen	neg 1.0		off 0.4691006429928301 neg 0.46661176852384145 __DUMMY__ 0.06428758848332852	false	0.5
ergebnislos	neg 1.0		neg 0.46989597850538595 off 0.46488860509853674 __DUMMY__ 0.06521541639607724	false	1.0
unter			neg 0.47569491353460713 off 0.4581388711437496 __DUMMY__ 0.06616621532164321	false	0.0
manipulieren	neg 1.0		neg 0.47081490645929014 off 0.46395591483766696 __DUMMY__ 0.06522917870304294	false	1.0
unbewiesen	neg 1.0	neg 1.0	neg 0.7197318727172076 off 0.24965680357897474 __DUMMY__ 0.030611323703817653	false	1.0
verschleppen	neg 1.0		neg 0.47153307584620446 off 0.46369809592732597 __DUMMY__ 0.0647688282264695	false	1.0
weib	off 1.0		off 0.47900178447643066 neg 0.4583329046867208 __DUMMY__ 0.0626653108368486	false	1.0
opposition	neg 1.0		neg 0.4694142198246674 off 0.4664540085635554 __DUMMY__ 0.06413177161177731	false	1.0
verkehrswidrig	neg 1.0	neg 1.0	neg 0.7138901973620857 off 0.2557616462380967 __DUMMY__ 0.030348156399817514	false	1.0
inkorrekt	neg 1.0		off 0.47412434938782283 neg 0.4622889613486393 __DUMMY__ 0.06358668926353797	false	0.5
vermeiden	neg 1.0		neg 0.474590987360393 off 0.4598016730024041 __DUMMY__ 0.06560733963720294	false	1.0
abweichung	neg 1.0	neg 1.0	neg 0.7195621291773808 off 0.24941336167474046 __DUMMY__ 0.03102450914787872	false	1.0
alkoholisiert	neg 1.0		neg 0.4699328991410141 off 0.46460121955157757 __DUMMY__ 0.06546588130740821	false	1.0
scheiss	off 1.0	off 1.0	off 0.7219775608877169 neg 0.24790637738271945 __DUMMY__ 0.03011606172956367	false	1.0
herausforderung	neg 1.0		neg 0.4695586801947818 off 0.4654284072941263 __DUMMY__ 0.0650129125110918	false	1.0
pervers	off 1.0		off 0.4817852303658912 neg 0.4556738022578932 __DUMMY__ 0.0625409673762156	false	1.0
wackelig	neg 1.0		neg 0.46960166350256183 off 0.4653704737548012 __DUMMY__ 0.06502786274263694	false	1.0
verwickeln	neg 1.0		off 0.46807145514460835 neg 0.46758284735728745 __DUMMY__ 0.06434569749810423	false	0.5
vorwand	neg 1.0		neg 0.47346597628400017 off 0.4613845578172812 __DUMMY__ 0.06514946589871852	false	1.0
muschi	off 1.0		neg 0.4689447944429148 off 0.4663684198734366 __DUMMY__ 0.06468678568364866	false	0.5
entmutigung	neg 1.0		neg 0.4685672901716433 off 0.46737403244818193 __DUMMY__ 0.06405867738017487	false	1.0
unangemessen	neg 1.0		neg 0.4689546246786134 off 0.4662277548166832 __DUMMY__ 0.06481762050470345	false	1.0
unstetig	neg 1.0		off 0.47039888409396124 neg 0.4654297035151022 __DUMMY__ 0.06417141239093653	false	0.5
entmutigen	neg 1.0		neg 0.46778155579082153 off 0.4676886899252873 __DUMMY__ 0.06452975428389116	false	1.0
schwanz	neg 1.0		neg 0.4717363183789521 off 0.4635355292688819 __DUMMY__ 0.06472815235216595	false	1.0
verbot	neg 1.0		neg 0.47181144091388794 off 0.46370446026403034 __DUMMY__ 0.0644840988220819	false	1.0
leid	neg 1.0		off 0.4757392300617563 neg 0.4608671580572599 __DUMMY__ 0.06339361188098387	false	0.5
archaisch	neg 1.0		neg 0.47078964512688093 off 0.464585105094305 __DUMMY__ 0.06462524977881418	false	1.0
gegen			neg 0.47167701354311975 off 0.46284716252390556 __DUMMY__ 0.06547582393297466	false	0.0
scheidung	neg 1.0		off 0.48892450654934505 neg 0.4481777331381705 __DUMMY__ 0.06289776031248447	false	0.5
einschlag	neg 1.0		off 0.47705506924479474 neg 0.45899832370806726 __DUMMY__ 0.0639466070471382	false	0.5
m			neg 0.4701466323712648 off 0.464997542872398 __DUMMY__ 0.06485582475633725	false	0.0
abgestanden	neg 1.0		neg 0.47464141796515513 off 0.46164082269649787 __DUMMY__ 0.06371775933834689	false	1.0
schmierig	off 1.0		off 0.475571387515173 neg 0.46098290227860433 __DUMMY__ 0.06344571020622262	false	1.0
unpraktisch	neg 1.0		off 0.4686383196243656 neg 0.46680059995950063 __DUMMY__ 0.064561080416134	false	0.5
wixxer	off 1.0		off 0.48095333571129895 neg 0.4567318432700785 __DUMMY__ 0.06231482101862263	false	1.0
bezeichnet			neg 0.467875865919575 off 0.46746440408320217 __DUMMY__ 0.06465972999722282	false	0.0
jammerlappen	off 1.0		off 0.4713885752036802 neg 0.46453002489954737 __DUMMY__ 0.06408139989677239	false	1.0
farce	neg 1.0		neg 0.47058336099432274 off 0.4651080675994433 __DUMMY__ 0.0643085714062339	false	1.0
zwecklos	neg 1.0		neg 0.4708174784353688 off 0.46441669028856647 __DUMMY__ 0.06476583127606471	false	1.0
turbulent	neg 1.0		off 0.47284817946758834 neg 0.4634022685315062 __DUMMY__ 0.06374955200090565	false	0.5
invasion	neg 1.0		off 0.46904406483250394 neg 0.4666377042217412 __DUMMY__ 0.06431823094575484	false	0.5
schuld	neg 1.0		off 0.4677978659356139 neg 0.46772301190633425 __DUMMY__ 0.06447912215805186	false	0.5
risiko	neg 1.0		neg 0.4694944388819698 off 0.4664756886343543 __DUMMY__ 0.06402987248367589	false	1.0
finster	neg 1.0		neg 0.470888093202619 off 0.4647733193528476 __DUMMY__ 0.0643385874445335	false	1.0
geisteskrank	off 1.0		off 0.47319808568162997 neg 0.4630529766242066 __DUMMY__ 0.06374893769416337	false	1.0
zusammenbrechen	neg 1.0		neg 0.4707607896496624 off 0.4645017856193439 __DUMMY__ 0.0647374247309938	false	1.0
ausbeute	neg 1.0		off 0.46779551752121334 neg 0.467152649389262 __DUMMY__ 0.06505183308952467	false	0.5
hinterhalt	neg 1.0		neg 0.47085063068648875 off 0.46456121066434897 __DUMMY__ 0.06458815864916229	false	1.0
kritik	neg 1.0		neg 0.471008272702263 off 0.4646812193573488 __DUMMY__ 0.06431050794038826	false	1.0
einschrumpfen	neg 1.0		off 0.4690711355026241 neg 0.46728036195803874 __DUMMY__ 0.06364850253933715	false	0.5
riskant	neg 1.0		neg 0.4731139069253577 off 0.4619375535084476 __DUMMY__ 0.06494853956619476	false	1.0
frustrieren	neg 1.0		neg 0.4729569825869361 off 0.46226322665639813 __DUMMY__ 0.06477979075666582	false	1.0
groll	neg 1.0		neg 0.46933064478512804 off 0.4657413704577125 __DUMMY__ 0.06492798475715957	false	1.0
gibt			neg 0.47020577737017166 off 0.46488688685280777 __DUMMY__ 0.06490733577702054	false	0.0
qualvoll	neg 1.0		off 0.46845476420348914 neg 0.4671913891218394 __DUMMY__ 0.06435384667467141	false	0.5
wackeln	neg 1.0		neg 0.46870939245965415 off 0.46663722230689003 __DUMMY__ 0.06465338523345579	false	1.0
klagen	neg 1.0		neg 0.4739452222621466 off 0.46102138962752715 __DUMMY__ 0.06503338811032619	false	1.0
bankrott	neg 1.0		off 0.4717563783742526 neg 0.46397552646449597 __DUMMY__ 0.0642680951612513	false	0.5
trauern	neg 1.0		neg 0.46876905955235737 off 0.4657027670851821 __DUMMY__ 0.06552817336246043	false	1.0
ablehnung	neg 1.0		neg 0.4710640176783019 off 0.4645016915564633 __DUMMY__ 0.06443429076523469	false	1.0
stur	neg 1.0		neg 0.46846521588454404 off 0.46716109053630206 __DUMMY__ 0.06437369357915382	false	1.0
aufruhr	neg 1.0	neg 1.0	neg 0.7203016972419696 off 0.24904871328016642 __DUMMY__ 0.03064958947786395	false	1.0
melancholie	neg 1.0		neg 0.47453471698949645 off 0.4606746521844014 __DUMMY__ 0.06479063082610216	false	1.0
ist			off 0.4683093240117125 neg 0.467248078553394 __DUMMY__ 0.0644425974348935	false	0.0
torheit	neg 1.0		off 0.4679086734288427 neg 0.4676237020016733 __DUMMY__ 0.06446762456948395	false	0.5
dreckskind	off 1.0		off 0.4789434802885367 neg 0.4581512870259538 __DUMMY__ 0.06290523268550939	false	1.0
umtauschen	neg 1.0		neg 0.46982830912910706 off 0.46560380572513266 __DUMMY__ 0.06456788514576041	false	1.0
zum			neg 0.47025412982479275 off 0.4635597402962562 __DUMMY__ 0.0661861298789511	false	0.0
zersetzen	neg 1.0		neg 0.47371017294516427 off 0.4614039271544285 __DUMMY__ 0.06488589990040737	false	1.0
zur			neg 0.4740893022285537 off 0.46026073502327264 __DUMMY__ 0.06564996274817368	false	0.0
frust	neg 1.0		neg 0.47043685335480706 off 0.4647290408883499 __DUMMY__ 0.0648341057568431	false	1.0
unerbittlichkeit	neg 1.0		neg 0.4712821390225605 off 0.4636601703512282 __DUMMY__ 0.06505769062621139	false	1.0
zwei			neg 0.4740359386685951 off 0.4602129079052005 __DUMMY__ 0.06575115342620434	false	0.0
unkorrekt	neg 1.0		off 0.47255784199192735 neg 0.46381814239599134 __DUMMY__ 0.0636240156120812	false	0.5
hexe	off 1.0		off 0.46864810414074537 neg 0.4676682438444508 __DUMMY__ 0.06368365201480376	false	1.0
lasch	neg 1.0		off 0.4706846783065603 neg 0.46513449666435996 __DUMMY__ 0.06418082502907985	false	0.5
rivale	neg 1.0		off 0.4748256166748732 neg 0.4615282178048716 __DUMMY__ 0.06364616552025537	false	0.5
mutlos	off 1.0	off 1.0	off 0.7177543439862814 neg 0.2514373416549995 __DUMMY__ 0.030808314358719165	false	1.0
wirr	off 1.0		off 0.47493999172036655 neg 0.4615476705841024 __DUMMY__ 0.06351233769553097	false	1.0
jahr			neg 0.46799166817109833 off 0.4663215683606012 __DUMMY__ 0.06568676346830035	false	0.0
wird			neg 0.4705480009258363 off 0.4644756059312795 __DUMMY__ 0.06497639314288423	false	0.0
strafbar	neg 1.0		neg 0.47156222811041015 off 0.463401054765926 __DUMMY__ 0.06503671712366384	false	1.0
erosion	neg 1.0		neg 0.46857877092124955 off 0.46684928881402704 __DUMMY__ 0.06457194026472346	false	1.0
eingehen	neg 1.0		neg 0.47281245020595974 off 0.4623534279366338 __DUMMY__ 0.06483412185740652	false	1.0
faul	off 1.0		off 0.4703558056775342 neg 0.4655393403003615 __DUMMY__ 0.06410485402210445	false	1.0
provisorium	neg 1.0		neg 0.4752406899428028 off 0.4585477277116295 __DUMMY__ 0.0662115823455677	false	1.0
schmerzen	neg 1.0		neg 0.4707195684419614 off 0.46471957071157527 __DUMMY__ 0.06456086084646333	false	1.0
schrumpfen	neg 1.0		neg 0.4770296256736235 off 0.4577539947467652 __DUMMY__ 0.06521637957961121	false	1.0
geistlos	off 1.0		off 0.4680008322527124 neg 0.467960058592028 __DUMMY__ 0.06403910915525954	false	1.0
fehlkauf	neg 1.0		neg 0.46813411979456293 off 0.46775840203019803 __DUMMY__ 0.06410747817523903	false	1.0
frustrierend	neg 1.0		off 0.4701328160379381 neg 0.4656786672988109 __DUMMY__ 0.06418851666325101	false	0.5
unzufrieden	neg 1.0		neg 0.4707804542903868 off 0.4644004597472012 __DUMMY__ 0.064819085962412	false	1.0
verzweifeln	neg 1.0		neg 0.4690849629574123 off 0.46613736355827284 __DUMMY__ 0.06477767348431475	false	1.0
verzweifelt	neg 1.0		off 0.46780790068299627 neg 0.4677308229239871 __DUMMY__ 0.06446127639301658	false	0.5
misstrauensantrag	neg 1.0		off 0.46829693266622213 neg 0.4673932739824193 __DUMMY__ 0.06430979335135854	false	0.5
abfallen	neg 1.0		neg 0.4691774043937681 off 0.46632435169415887 __DUMMY__ 0.06449824391207297	false	1.0
fucker	off 1.0		off 0.4747327130059727 neg 0.46146612238381146 __DUMMY__ 0.06380116461021577	false	1.0
ungezogen	neg 1.0		off 0.4801912840930314 neg 0.4569579811754922 __DUMMY__ 0.06285073473147644	false	0.5
irrsinnig	neg 1.0	neg 1.0	neg 0.7201325853690486 off 0.24929410746556818 __DUMMY__ 0.030573307165383205	false	1.0
unfassbar	neg 1.0		off 0.47238284133751346 neg 0.46360022201227136 __DUMMY__ 0.06401693665021516	false	0.5
hart	neg 1.0		neg 0.4683776050505005 off 0.4683541153620075 __DUMMY__ 0.06326827958749211	false	1.0
widerlich	off 1.0		off 0.4722920023338444 neg 0.46385520639953937 __DUMMY__ 0.06385279126661622	false	1.0
fatal	neg 1.0	neg 1.0	neg 0.7206729259690956 off 0.2490387191979285 __DUMMY__ 0.030288354832975883	false	1.0
bruch	neg 1.0		neg 0.4721492816713772 off 0.462292227282833 __DUMMY__ 0.06555849104578991	false	1.0
aushungern	neg 1.0		neg 0.4718558657184735 off 0.4637036653813631 __DUMMY__ 0.0644404689001633	false	1.0
anspannung	neg 1.0		neg 0.4729069301581693 off 0.46120517611909606 __DUMMY__ 0.06588789372273458	false	1.0
von			neg 0.4724056923100324 off 0.46236218233774584 __DUMMY__ 0.06523212535222177	false	0.0
kraftlos	neg 1.0		neg 0.4707140844932057 off 0.4643669103105593 __DUMMY__ 0.06491900519623499	false	1.0
vom			neg 0.4730119100344032 off 0.46056819314934017 __DUMMY__ 0.06641989681625654	false	0.0
grenzdebil	off 1.0		off 0.4717715541335519 neg 0.46440013461685675 __DUMMY__ 0.06382831124959136	false	1.0
vor			neg 0.4733203869461254 off 0.4613236698860452 __DUMMY__ 0.0653559431678294	false	0.0
unterwerfen	neg 1.0		neg 0.4710905692362288 off 0.46393703054250174 __DUMMY__ 0.06497240022126957	false	1.0
versenkung	neg 1.0		neg 0.47127931484882296 off 0.46364801599599137 __DUMMY__ 0.06507266915518566	false	1.0
entziehen	neg 1.0		neg 0.473526797785181 off 0.4613096699453543 __DUMMY__ 0.06516353226946481	false	1.0
finanzkrise	neg 1.0		neg 0.4747147028629813 off 0.4614789349985249 __DUMMY__ 0.06380636213849376	false	1.0
schimpfend	neg 1.0		off 0.468371995436989 neg 0.4669604723483316 __DUMMY__ 0.06466753221467925	false	0.5
profan	neg 1.0		off 0.468593836316373 neg 0.4671030368396806 __DUMMY__ 0.06430312684394648	false	0.5
korruption	neg 1.0		neg 0.47218253882593486 off 0.46331567496379594 __DUMMY__ 0.06450178621026932	false	1.0
â			neg 0.4714289470505043 off 0.46376345601366065 __DUMMY__ 0.06480759693583499	false	0.0
schmutzig	neg 1.0		off 0.4724363481234976 neg 0.4636646644357331 __DUMMY__ 0.06389898744076933	false	0.5
sexy	neg 1.0		off 0.47066567354394406 neg 0.46505872522348235 __DUMMY__ 0.06427560123257359	false	0.5
abraten	neg 1.0		off 0.46883216567571445 neg 0.46670733670551423 __DUMMY__ 0.06446049761877133	false	0.5
schwarz	neg 1.0		off 0.4686864415069445 neg 0.46695963219240605 __DUMMY__ 0.06435392630064943	false	0.5
fotze	off 1.0	off 1.0	off 0.7180748157569159 neg 0.25116364331770435 __DUMMY__ 0.030761540925379752	false	1.0
verwirren	neg 1.0		off 0.46922729341416336 neg 0.46642450192919455 __DUMMY__ 0.06434820465664207	false	0.5
zahnlos	off 1.0		neg 0.47003443950615675 off 0.46524516847749897 __DUMMY__ 0.06472039201634439	false	0.5
verheeren	neg 1.0		off 0.48221607356844526 neg 0.45491316575870666 __DUMMY__ 0.06287076067284798	false	0.5
hippie	neg 1.0		off 0.4698629026918355 neg 0.4659097073647159 __DUMMY__ 0.06422738994344866	false	0.5
rammen	neg 1.0		neg 0.46830798998816114 off 0.46718707548613037 __DUMMY__ 0.06450493452570866	false	1.0
unlauter	neg 1.0		neg 0.4682569794629511 off 0.46755580245409784 __DUMMY__ 0.06418721808295103	false	1.0
unheilvoll	neg 1.0		neg 0.468554890474377 off 0.46709738906462367 __DUMMY__ 0.0643477204609993	false	1.0
niedrig	neg 1.0		neg 0.47316261063698983 off 0.462246948174998 __DUMMY__ 0.06459044118801213	false	1.0
explosion	neg 1.0		off 0.47002638593918716 neg 0.4656992294684731 __DUMMY__ 0.06427438459233975	false	0.5
weichei	off 1.0	off 1.0	off 0.7239151915796775 neg 0.24620219135309224 __DUMMY__ 0.02988261706723026	false	1.0
minusmensch	off 1.0		off 0.4810023730874948 neg 0.4562687760070126 __DUMMY__ 0.06272885090549254	false	1.0
farblos	neg 1.0		neg 0.46958898669972965 off 0.4662061597932371 __DUMMY__ 0.06420485350703314	false	1.0
unwissend	neg 1.0	neg 1.0	neg 0.7187520112014869 off 0.25094347656918925 __DUMMY__ 0.030304512229323923	false	1.0
traurig	neg 1.0		off 0.47430414417886774 neg 0.4620155849650655 __DUMMY__ 0.06368027085606669	false	0.5
senkung	neg 1.0		neg 0.4699869687376095 off 0.4662633795592081 __DUMMY__ 0.06374965170318238	false	1.0
ungleich	neg 1.0	neg 1.0	neg 0.7216490354936858 off 0.2475069962958524 __DUMMY__ 0.03084396821046173	false	1.0
heikel	neg 1.0		neg 0.4722183010642584 off 0.46275264434853786 __DUMMY__ 0.06502905458720375	false	1.0
drosselung	neg 1.0		off 0.4692737208853438 neg 0.46737057650704705 __DUMMY__ 0.06335570260760909	false	0.5
falsch	neg 1.0		off 0.47072930442293703 neg 0.46504038642682993 __DUMMY__ 0.06423030915023306	false	0.5
unzufriedenheit	neg 1.0		neg 0.4740421401482959 off 0.46112655712373657 __DUMMY__ 0.06483130272796751	false	1.0
kurz	neg 1.0		neg 0.46919798192157147 off 0.4658079623834412 __DUMMY__ 0.06499405569498738	false	1.0
unsinnig	neg 1.0		neg 0.4710263320202258 off 0.4645099150831794 __DUMMY__ 0.06446375289659491	false	1.0
penner	off 1.0	off 1.0	off 0.7251642165839848 neg 0.2449877758021506 __DUMMY__ 0.029848007613864712	false	1.0
seicht	neg 1.0		off 0.47767029305816816 neg 0.45968747883200173 __DUMMY__ 0.06264222810983008	false	0.5
dummheit	off 1.0	off 1.0	off 0.7199165522471898 neg 0.24968853922790335 __DUMMY__ 0.030394908524906946	false	1.0
unerfreulich	neg 1.0		neg 0.47220863532757074 off 0.4626977124175783 __DUMMY__ 0.065093652254851	false	1.0
motherfucker	off 1.0	off 1.0	off 0.7228669972452996 neg 0.24691300859440252 __DUMMY__ 0.030219994160297952	false	1.0
pikiert	neg 1.0	neg 1.0	neg 0.7185896466277348 off 0.2511391954620813 __DUMMY__ 0.030271157910183904	false	1.0
wrack	neg 1.0		off 0.46946098852698204 neg 0.4650183015213717 __DUMMY__ 0.06552070995164629	false	0.5
gangster	neg 1.0		off 0.4699799085820785 neg 0.46582872193871544 __DUMMY__ 0.06419136947920616	false	0.5
krank	neg 1.0	neg 1.0	neg 0.7171209769040687 off 0.2525090208243987 __DUMMY__ 0.03037000227153258	false	1.0
reich	neg 1.0		off 0.4684902585358183 neg 0.4677456668809995 __DUMMY__ 0.06376407458318233	false	0.5
gnadenlos	neg 1.0		off 0.46818775720410083 neg 0.46720503765086413 __DUMMY__ 0.06460720514503511	false	0.5
niedergeschlagen	neg 1.0		neg 0.46984337012941607 off 0.4651721373328161 __DUMMY__ 0.06498449253776796	false	1.0
terrorisieren	off 1.0	off 1.0	off 0.717410306337718 neg 0.25168134361432326 __DUMMY__ 0.03090835004795871	false	1.0
sinnlosigkeit	neg 1.0		neg 0.4701038756146744 off 0.46509248422389077 __DUMMY__ 0.06480364016143478	false	1.0
behindern	neg 1.0		neg 0.4699529477527053 off 0.4655805329673011 __DUMMY__ 0.06446651927999364	false	1.0
undemokratisch	neg 1.0		off 0.468068990146902 neg 0.4677098648729806 __DUMMY__ 0.06422114498011744	false	0.5
wirtschaftskrise	neg 1.0		neg 0.47427061091198375 off 0.4614443069092186 __DUMMY__ 0.06428508217879768	false	1.0
neid	neg 1.0		off 0.46965135761365784 neg 0.4661317795350304 __DUMMY__ 0.06421686285131185	false	0.5
rutschen	neg 1.0		neg 0.4745753898187562 off 0.45969610323530524 __DUMMY__ 0.06572850694593853	false	1.0
rezession	neg 1.0		off 0.47099989381251656 neg 0.4659614311786709 __DUMMY__ 0.06303867500881255	false	0.5
fehlgeburt	neg 1.0		off 0.46856682432555635 neg 0.46665270908510115 __DUMMY__ 0.06478046658934257	false	0.5
charakterschwach	off 1.0		off 0.4715506092068883 neg 0.4646009866052234 __DUMMY__ 0.06384840418788829	false	1.0
isolation	neg 1.0		off 0.4711650532409105 neg 0.46451757199677063 __DUMMY__ 0.06431737476231895	false	0.5
ablenkung	neg 1.0		neg 0.46785487438327567 off 0.46735606041947586 __DUMMY__ 0.06478906519724843	false	1.0
pech	neg 1.0		off 0.4707500932628983 neg 0.4650994388052955 __DUMMY__ 0.06415046793180608	false	0.5
vermeidung	neg 1.0		off 0.4714217147618864 neg 0.464827648010356 __DUMMY__ 0.0637506372277577	false	0.5
dominieren	neg 1.0		neg 0.4687782519823247 off 0.46632779532616225 __DUMMY__ 0.06489395269151309	false	1.0
schwindlig	neg 1.0		off 0.4679136747989106 neg 0.4678078698029872 __DUMMY__ 0.06427845539810219	false	0.5
lutscher	neg 1.0	neg 1.0	neg 0.7146110124110289 off 0.2558485448752868 __DUMMY__ 0.02954044271368435	false	1.0
pflicht	neg 1.0		neg 0.4720029225950218 off 0.46265247550635524 __DUMMY__ 0.06534460189862294	false	1.0
faschist	off 1.0		off 0.4702103463278107 neg 0.4655922299187926 __DUMMY__ 0.0641974237533966	false	1.0
verschleudern	neg 1.0		neg 0.4750458660528221 off 0.46050899173483184 __DUMMY__ 0.06444514221234612	false	1.0
wenn			off 0.47102338053774406 neg 0.4648794490135979 __DUMMY__ 0.064097170448658	false	0.0
ehebruch	neg 1.0		neg 0.4711340488096927 off 0.46401576446918447 __DUMMY__ 0.06485018672112292	false	1.0
spott	off 1.0		neg 0.4701886811380418 off 0.46479519036705175 __DUMMY__ 0.06501612849490657	false	0.5
trostlosigkeit	neg 1.0		neg 0.47533645040658135 off 0.4597720407744196 __DUMMY__ 0.06489150881899922	false	1.0
lutschen	neg 1.0		off 0.4699478501830662 neg 0.4660124792172072 __DUMMY__ 0.06403967059972662	false	0.5
undiszipliniert	neg 1.0		off 0.4739628022956764 neg 0.4622533565363424 __DUMMY__ 0.06378384116798107	false	0.5
kopfschmerz	neg 1.0		neg 0.47367431778025954 off 0.46175758583111265 __DUMMY__ 0.06456809638862784	false	1.0
unvorhergesehen	neg 1.0		neg 0.47223036296558824 off 0.4625124057624901 __DUMMY__ 0.06525723127192166	false	1.0
desinteressiert	neg 1.0		off 0.4728288314574321 neg 0.46340850998541494 __DUMMY__ 0.06376265855715298	false	0.5
armselig	off 1.0		off 0.4752384851401408 neg 0.46115107107539505 __DUMMY__ 0.06361044378446422	false	1.0
desaster	neg 1.0		neg 0.47458659735956626 off 0.4603070646405856 __DUMMY__ 0.06510633799984815	false	1.0
tod	neg 1.0		neg 0.4705263980418638 off 0.4643775997621031 __DUMMY__ 0.0650960021960332	false	1.0
herzlos	neg 1.0		off 0.4745144982625309 neg 0.46186597396370715 __DUMMY__ 0.06361952777376191	false	0.5
unwissenheit	neg 1.0		neg 0.47099764799017746 off 0.46425370442887176 __DUMMY__ 0.06474864758095081	false	1.0
widersinnig	neg 1.0		neg 0.47144590404647224 off 0.46417535478830446 __DUMMY__ 0.06437874116522342	false	1.0
bedenklich	neg 1.0		neg 0.47218506168752833 off 0.4630512547955727 __DUMMY__ 0.0647636835168991	false	1.0
beanstanden	neg 1.0		neg 0.47127234246525 off 0.4634146148448619 __DUMMY__ 0.06531304268988819	false	1.0
panisch	neg 1.0		off 0.4694611194143109 neg 0.4659630315020229 __DUMMY__ 0.06457584908366625	false	0.5
debil	off 1.0		neg 0.47776703246377866 off 0.45652297141999104 __DUMMY__ 0.06570999611623038	false	0.5
abstrich	neg 1.0		neg 0.47217817680788265 off 0.46342622930283145 __DUMMY__ 0.06439559388928585	false	1.0
primitiv	neg 1.0		off 0.47338921501109626 neg 0.46278720278310764 __DUMMY__ 0.06382358220579598	false	0.5
abschaum	off 1.0	off 1.0	off 0.7223405806609189 neg 0.24723201133661402 __DUMMY__ 0.030427408002466978	false	1.0
provozieren	neg 1.0		neg 0.4684388998217904 off 0.4671320823071106 __DUMMY__ 0.06442901787109906	false	1.0
tot	neg 1.0		neg 0.4719713472826937 off 0.46346616202342483 __DUMMY__ 0.06456249069388142	false	1.0
instabil	neg 1.0		off 0.47524876109704584 neg 0.461240616711506 __DUMMY__ 0.06351062219144817	false	0.5
schwuchtel	off 1.0	off 1.0	off 0.7281081385372705 neg 0.24253820734659404 __DUMMY__ 0.029353654116135604	false	1.0
zerren	neg 1.0		neg 0.469708926810075 off 0.46527452618454507 __DUMMY__ 0.06501654700538008	false	1.0
kinderficker	off 1.0		off 0.47699541809998647 neg 0.4596961041718675 __DUMMY__ 0.06330847772814596	false	1.0
gefahr	neg 1.0		neg 0.47234442532649373 off 0.46245027371890535 __DUMMY__ 0.06520530095460088	false	1.0
rabiat	neg 1.0		neg 0.4704167022918849 off 0.46505160227284253 __DUMMY__ 0.06453169543527261	false	1.0
verlangsamung	neg 1.0		off 0.47822640696435414 neg 0.45870699908844564 __DUMMY__ 0.06306659394720025	false	0.5
ausgestorben	neg 1.0		neg 0.46931400951541047 off 0.4659142094116715 __DUMMY__ 0.06477178107291796	false	1.0
anklagen	neg 1.0		neg 0.47007474708161184 off 0.46520377516657924 __DUMMY__ 0.06472147775180874	false	1.0
trott	neg 1.0		neg 0.46885987699773385 off 0.46656109019001896 __DUMMY__ 0.0645790328122472	false	1.0
verminderung	neg 1.0		off 0.47192181668504013 neg 0.464268073886832 __DUMMY__ 0.0638101094281279	false	0.5
nach			neg 0.47442616019811046 off 0.4595610665049582 __DUMMY__ 0.0660127732969313	false	0.0
rost	neg 1.0		off 0.4819112172682568 neg 0.4547432916423402 __DUMMY__ 0.06334549108940313	false	0.5
destruktiv	neg 1.0		neg 0.46938805584826937 off 0.4660925975056761 __DUMMY__ 0.0645193466460545	false	1.0
unzumutbarkeit	neg 1.0		off 0.47240116548368005 neg 0.46368150034034916 __DUMMY__ 0.06391733417597088	false	0.5
labil	off 1.0	off 1.0	off 0.7212183673353507 neg 0.24843991705003332 __DUMMY__ 0.030341715614615992	false	1.0
ziemlich	neg 1.0		off 0.4724947118398256 neg 0.463402021294856 __DUMMY__ 0.06410326686531853	false	0.5
lachnummer	off 1.0		off 0.4678580714155921 neg 0.4674749053956266 __DUMMY__ 0.06466702318878129	false	1.0
oder			off 0.4681728605867225 neg 0.4671062501766451 __DUMMY__ 0.06472088923663236	false	0.0
verfall	neg 1.0		neg 0.4772600644520182 off 0.457581024290985 __DUMMY__ 0.06515891125699673	false	1.0
ausgrenzung	neg 1.0		neg 0.4680958963887199 off 0.46772272973857315 __DUMMY__ 0.06418137387270707	false	1.0
unordnung	neg 1.0		off 0.4747710847229158 neg 0.4618845337997639 __DUMMY__ 0.06334438147732022	false	0.5
fehlverhalten	neg 1.0		neg 0.47172046219441155 off 0.46325984241134743 __DUMMY__ 0.06501969539424095	false	1.0
eine			neg 0.47340194611465813 off 0.4613766096468237 __DUMMY__ 0.06522144423851808	false	0.0
nille	neg 1.0		neg 0.4685335393311034 off 0.4669079163203203 __DUMMY__ 0.06455854434857632	false	1.0
qual	neg 1.0		neg 0.4694800170172504 off 0.4659568297924292 __DUMMY__ 0.06456315319032042	false	1.0
verschwenden	neg 1.0		neg 0.47361236006216967 off 0.4615832882650099 __DUMMY__ 0.0648043516728205	false	1.0
riesig	neg 1.0		neg 0.4713083224426584 off 0.4636775028319017 __DUMMY__ 0.06501417472543988	false	1.0
verurteilen	neg 1.0		neg 0.47062784615542563 off 0.46466361631856656 __DUMMY__ 0.0647085375260078	false	1.0
klischee	neg 1.0	neg 1.0	neg 0.7190736194790328 off 0.2505572291488938 __DUMMY__ 0.030369151372073553	false	1.0
diktatorisch	neg 1.0		neg 0.4682278665594287 off 0.4676416323331808 __DUMMY__ 0.06413050110739046	false	1.0
vorhersehbar	neg 1.0		off 0.4684889245946947 neg 0.4674163474133153 __DUMMY__ 0.06409472799198998	false	0.5
sowie			off 0.4746064506542328 neg 0.4623168403391401 __DUMMY__ 0.06307670900662712	false	0.0
stornieren	neg 1.0		off 0.47252114443147814 neg 0.4626544947179388 __DUMMY__ 0.06482436085058313	false	0.5
besteuerung	neg 1.0	neg 1.0	neg 0.7222987904819342 off 0.24744840054597622 __DUMMY__ 0.030252808972089557	false	1.0
ungeschminkt	neg 1.0		off 0.4727567259544937 neg 0.4635550310337038 __DUMMY__ 0.0636882430118026	false	0.5
kritisch	neg 1.0		neg 0.47039241755241695 off 0.46476626526874937 __DUMMY__ 0.06484131717883362	false	1.0
schlamperei	off 1.0		neg 0.4722182379798831 off 0.4629226216743471 __DUMMY__ 0.06485914034576967	false	0.5
sucht	neg 1.0	neg 1.0	neg 0.7190577568410657 off 0.25027043840165614 __DUMMY__ 0.030671804757278254	false	1.0
egoistisch	off 1.0	off 1.0	off 0.7246759854299778 neg 0.24527853938491306 __DUMMY__ 0.03004547518510913	false	1.0
ausbeuter	off 1.0		neg 0.47414030097184484 off 0.4611338659315261 __DUMMY__ 0.06472583309662894	false	0.5
arschgeburt	off 1.0		off 0.4835949518173313 neg 0.45424467230667553 __DUMMY__ 0.06216037587599304	false	1.0
schubs	neg 1.0		neg 0.47318174548530284 off 0.46223760464188335 __DUMMY__ 0.06458064987281385	false	1.0
unsolide	neg 1.0		off 0.4699726921622914 neg 0.4656521260979509 __DUMMY__ 0.06437518173975768	false	0.5
beschwerde	neg 1.0		neg 0.4699615583872135 off 0.46520925789264655 __DUMMY__ 0.06482918372013999	false	1.0
stocken	neg 1.0		neg 0.47115904953592613 off 0.4639513956525014 __DUMMY__ 0.06488955481157256	false	1.0
isolieren	neg 1.0		neg 0.4713793771575305 off 0.46398937774852406 __DUMMY__ 0.06463124509394545	false	1.0
unheilbar	neg 1.0		neg 0.4679895380754596 off 0.4673466779500436 __DUMMY__ 0.06466378397449683	false	1.0
pisser	off 1.0	off 1.0	off 0.723100434474817 neg 0.24676542515621205 __DUMMY__ 0.030134140368971066	false	1.0
löschen	neg 1.0		neg 0.46911588977714463 off 0.46647165950207414 __DUMMY__ 0.06441245072078125	false	1.0
durchfallen	neg 1.0		neg 0.4703482556100549 off 0.4647665052436476 __DUMMY__ 0.06488523914629746	false	1.0
wichser	off 1.0	off 1.0	off 0.7267164113385416 neg 0.24360691410321553 __DUMMY__ 0.029676674558242824	false	1.0
terror	neg 1.0		off 0.46958131576337603 neg 0.4661937502772164 __DUMMY__ 0.06422493395940747	false	0.5
krass	neg 1.0		off 0.47589834324987135 neg 0.4606999380948557 __DUMMY__ 0.06340171865527293	false	0.5
revolte	neg 1.0		neg 0.4687367566864973 off 0.467509736437454 __DUMMY__ 0.06375350687604878	false	1.0
besorgt	neg 1.0		neg 0.46831309196292886 off 0.4665957123995913 __DUMMY__ 0.06509119563747987	false	1.0
nachlassen	neg 1.0		neg 0.46988574515931264 off 0.4650440180856091 __DUMMY__ 0.06507023675507827	false	1.0
alt	neg 1.0		neg 0.4765373966529717 off 0.4592782145297841 __DUMMY__ 0.06418438881724418	false	1.0
hundesohn	off 1.0	off 1.0	off 0.7258799182542931 neg 0.24443737415300618 __DUMMY__ 0.029682707592700797	false	1.0
als			neg 0.4706457004439933 off 0.46460175241687723 __DUMMY__ 0.06475254713912938	false	0.0
abschreckung	neg 1.0		neg 0.4732420272138923 off 0.4617772353247738 __DUMMY__ 0.06498073746133387	false	1.0
unqualifiziert	neg 1.0		off 0.4709882761991323 neg 0.464847227162064 __DUMMY__ 0.06416449663880382	false	0.5
abgewichst	off 1.0		neg 0.4685635465502759 off 0.4667482837552513 __DUMMY__ 0.06468816969447291	false	0.5
schwer	neg 1.0		neg 0.4685490016634641 off 0.4667097028753302 __DUMMY__ 0.06474129546120566	false	1.0
bedeutungslosigkeit	neg 1.0		neg 0.4725332056484398 off 0.4624953015264918 __DUMMY__ 0.06497149282506827	false	1.0
kapitulation	neg 1.0		neg 0.47283883419477174 off 0.46260679216244127 __DUMMY__ 0.064554373642787	false	1.0
unscharf	neg 1.0		neg 0.47000798615797007 off 0.4661053187742754 __DUMMY__ 0.06388669506775463	false	1.0
schwinden	neg 1.0		neg 0.47338644721000706 off 0.4617894676020834 __DUMMY__ 0.06482408518790947	false	1.0
versklavung	neg 1.0	neg 1.0	neg 0.7208381623622852 off 0.24877949824713846 __DUMMY__ 0.030382339390576326	false	1.0
schlecht	neg 1.0		off 0.4727798659558958 neg 0.4630947864436301 __DUMMY__ 0.0641253476004741	false	0.5
verhasst	neg 1.0		neg 0.46832675016550307 off 0.4673746362957641 __DUMMY__ 0.06429861353873285	false	1.0
beschweren	neg 1.0		off 0.4691920099749683 neg 0.46627922661786336 __DUMMY__ 0.06452876340716829	false	0.5
scheiden	neg 1.0		neg 0.4682310482915291 off 0.4671439985070111 __DUMMY__ 0.06462495320145972	false	1.0
frustriert	neg 1.0		neg 0.4693625522409831 off 0.46583170209729347 __DUMMY__ 0.06480574566172352	false	1.0
schimmelig	neg 1.0		neg 0.47422251245451097 off 0.46137417797398245 __DUMMY__ 0.0644033095715065	false	1.0
fisch	neg 1.0		neg 0.4778523712759199 off 0.45758200939843746 __DUMMY__ 0.06456561932564266	false	1.0
schmuggel	neg 1.0		neg 0.4724413732524958 off 0.4622360498908743 __DUMMY__ 0.06532257685662994	false	1.0
auffallen	neg 1.0		off 0.4691203473788721 neg 0.466485481078815 __DUMMY__ 0.06439417154231292	false	0.5
konkurrenz	neg 1.0		neg 0.4707040578979481 off 0.46397186319279754 __DUMMY__ 0.06532407890925437	false	1.0
teufelskreis	neg 1.0	neg 1.0	neg 0.7217268036097082 off 0.2477258720254595 __DUMMY__ 0.030547324364832294	false	1.0
aufschreien	neg 1.0		off 0.4684401204045119 neg 0.4674328888942385 __DUMMY__ 0.06412699070124966	false	0.5
schuldner	neg 1.0		neg 0.4754349957220425 off 0.45998979172482696 __DUMMY__ 0.0645752125531306	false	1.0
missgeburt	off 1.0	off 1.0	off 0.7259503305707022 neg 0.2441388355332852 __DUMMY__ 0.029910833896012578	false	1.0
arbeitslos	neg 1.0		neg 0.47118208512477877 off 0.46402048365627435 __DUMMY__ 0.0647974312189467	false	1.0
befallen	neg 1.0		neg 0.47407311292746546 off 0.46188212878779417 __DUMMY__ 0.06404475828474032	false	1.0
miesepetrig	off 1.0	off 1.0	off 0.7214507829769564 neg 0.24818084058098921 __DUMMY__ 0.030368376442054368	false	1.0
alarmieren	neg 1.0		off 0.47088040014277244 neg 0.46507028502736875 __DUMMY__ 0.06404931482985878	false	0.5
ungeduscht	off 1.0		off 0.4697081824609205 neg 0.46636715108455445 __DUMMY__ 0.06392466645452512	false	1.0
knappheit	neg 1.0		neg 0.4732651732328009 off 0.4623351639783965 __DUMMY__ 0.06439966278880248	false	1.0
schlange	neg 1.0		off 0.4677980892567058 neg 0.46751801230452084 __DUMMY__ 0.06468389843877326	false	0.5
harsch	neg 1.0		off 0.4770235575662259 neg 0.4592180911688759 __DUMMY__ 0.0637583512648982	false	0.5
lang	neg 1.0		off 0.46788891433248103 neg 0.4676628266134429 __DUMMY__ 0.06444825905407627	false	0.5
ziellos	neg 1.0		neg 0.4709229863367667 off 0.4639141993289057 __DUMMY__ 0.06516281433432758	false	1.0
selbstverliebt	neg 1.0		off 0.4829150752002784 neg 0.4543135592361658 __DUMMY__ 0.0627713655635558	false	0.5
beseitigen	neg 1.0		neg 0.46788051150226345 off 0.4673847295612804 __DUMMY__ 0.06473475893645622	false	1.0
dumm	off 1.0		off 0.4776259959020806 neg 0.4591887909950755 __DUMMY__ 0.06318521310284386	false	1.0
arbeitsloser	neg 1.0		off 0.46800073964824396 neg 0.46658423865359777 __DUMMY__ 0.06541502169815833	false	0.5
blitzen	neg 1.0		off 0.4694379639735038 neg 0.4665423294254998 __DUMMY__ 0.06401970660099651	false	0.5
hilflos	neg 1.0		neg 0.4710244772782381 off 0.46418605083708253 __DUMMY__ 0.06478947188467936	false	1.0
eklig	off 1.0		off 0.4767887752515447 neg 0.46028951751734354 __DUMMY__ 0.06292170723111169	false	1.0
begriff			neg 0.46841055554265215 off 0.4668727973427165 __DUMMY__ 0.06471664711463142	false	0.0
hungersnot	neg 1.0		neg 0.47272145997881393 off 0.4628100917834763 __DUMMY__ 0.06446844823770988	false	1.0
ungesetzlich	neg 1.0		off 0.4686685607909786 neg 0.467040591076187 __DUMMY__ 0.06429084813283426	false	0.5
verschwendung	neg 1.0		neg 0.47271928101448035 off 0.4623322821058008 __DUMMY__ 0.06494843687971885	false	1.0
schmerzvoll	neg 1.0		neg 0.4683740851549644 off 0.46731198098059745 __DUMMY__ 0.06431393386443802	false	1.0
vorzeitig	neg 1.0		off 0.4737449277063265 neg 0.4618574542083856 __DUMMY__ 0.06439761808528792	false	0.5
unvollkommenheit	neg 1.0		neg 0.47017644839778533 off 0.4651240859398962 __DUMMY__ 0.06469946566231834	false	1.0
intervenieren	neg 1.0		neg 0.47426063485728176 off 0.46115803695765867 __DUMMY__ 0.06458132818505971	false	1.0
banause	off 1.0		off 0.47657204730966873 neg 0.46093506543297 __DUMMY__ 0.0624928872573612	false	1.0
rebell	neg 1.0		neg 0.47844578648840713 off 0.45666534088873534 __DUMMY__ 0.06488887262285761	false	1.0
unlogisch	neg 1.0		off 0.473309596576061 neg 0.4631312078576838 __DUMMY__ 0.0635591955662552	false	0.5
leiden	neg 1.0		neg 0.471062930185 off 0.4635154999294488 __DUMMY__ 0.0654215698855513	false	1.0
abschaffung	neg 1.0		neg 0.46952463704298536 off 0.4662716999762473 __DUMMY__ 0.06420366298076745	false	1.0
sturz	neg 1.0		off 0.4710035984111749 neg 0.46422964796993144 __DUMMY__ 0.06476675361889371	false	0.5
verkleinerung	neg 1.0		neg 0.4691087619592241 off 0.4673025741439718 __DUMMY__ 0.06358866389680415	false	1.0
schmarotzer	off 1.0		neg 0.47026717511903904 off 0.4650130051261968 __DUMMY__ 0.06471981975476417	false	0.5
bestrafung	neg 1.0	neg 1.0	neg 0.7198903230071385 off 0.24945415524728026 __DUMMY__ 0.030655521745581248	false	1.0
achtlos	neg 1.0		neg 0.468560649635642 off 0.4665317631399278 __DUMMY__ 0.0649075872244302	false	1.0
ungeheuer	neg 1.0		neg 0.4692016420922939 off 0.4663954232040032 __DUMMY__ 0.06440293470370298	false	1.0
unaufrichtig	neg 1.0		off 0.4708881840789745 neg 0.46495089062913 __DUMMY__ 0.06416092529189547	false	0.5
groggy	neg 1.0		off 0.4701967702622029 neg 0.46547039744437135 __DUMMY__ 0.06433283229342576	false	0.5
