unsolidarisch	neg 1.0		neg 0.34526662169898636 off 0.34300620699073825 __DUMMY__ 0.31172717131027533	false	1.0
nachteilig	neg 1.0		neg 0.34419704819906793 off 0.33997023491629724 __DUMMY__ 0.3158327168846349	false	1.0
skeptisch	neg 1.0		neg 0.3466823189383405 off 0.3378799581625168 __DUMMY__ 0.3154377228991427	false	1.0
schrecklich	neg 1.0		off 0.35236205872500187 neg 0.33876904523559315 __DUMMY__ 0.3088688960394049	false	0.5
schlapp	neg 1.0	neg 1.0	neg 0.6584389350885421 off 0.19267174199098008 __DUMMY__ 0.14888932292047777	false	1.0
abfall	neg 1.0		neg 0.34592675318665683 off 0.3358350612558836 __DUMMY__ 0.3182381855574594	false	1.0
widerspenstig	neg 1.0		neg 0.3463003492985266 off 0.3412741307526428 __DUMMY__ 0.3124255199488307	false	1.0
abrupt	neg 1.0		neg 0.3491678501849734 off 0.33637085654321325 __DUMMY__ 0.3144612932718133	false	1.0
unwirksam	neg 1.0		neg 0.34971317831276405 off 0.34065994736886185 __DUMMY__ 0.30962687431837416	false	1.0
angreifen	neg 1.0		neg 0.34673904453761883 off 0.3374021336856108 __DUMMY__ 0.3158588217767703	false	1.0
inkonsistent	neg 1.0		off 0.3450219489669162 neg 0.34386368048578964 __DUMMY__ 0.31111437054729413	false	0.5
abrutschen	neg 1.0		neg 0.3473267804558232 off 0.33493670529171216 __DUMMY__ 0.3177365142524646	false	1.0
unsicher	neg 1.0		off 0.343172204750756 neg 0.3428603407890023 __DUMMY__ 0.31396745446024155	false	0.5
bauernkind	off 1.0	off 1.0	off 0.6645384449871121 neg 0.18986101988304796 __DUMMY__ 0.14560053512983995	false	1.0
angreifer	neg 1.0		off 0.3480858453149596 neg 0.33880429095252507 __DUMMY__ 0.3131098637325154	false	0.5
trennen	neg 1.0		neg 0.3458039035311904 off 0.33763633974710694 __DUMMY__ 0.3165597567217027	false	1.0
schmutz	neg 1.0		off 0.3487931050015648 neg 0.3359979889029226 __DUMMY__ 0.31520890609551266	false	0.5
inkonsistenz	neg 1.0		off 0.3483447791814605 neg 0.3404585114310808 __DUMMY__ 0.31119670938745875	false	0.5
erschreckend	neg 1.0		neg 0.3442321546948104 off 0.34208932483465543 __DUMMY__ 0.3136785204705343	false	1.0
ertrinken	neg 1.0		neg 0.3490031315638752 off 0.33597980869132815 __DUMMY__ 0.31501705974479666	false	1.0
pickelface	off 1.0		neg 0.3441755936514801 off 0.3431087937322352 __DUMMY__ 0.3127156126162848	false	0.5
seiner			neg 0.3452545872317458 off 0.3383816703138503 __DUMMY__ 0.3163637424544039	false	0.0
lauch	neg 1.0	neg 1.0	neg 0.663203939636679 off 0.184885851370079 __DUMMY__ 0.15191020899324204	false	1.0
unwichtig	neg 1.0		off 0.3477932341541069 neg 0.34150773028791387 __DUMMY__ 0.3106990355579792	false	0.5
steuerhinterziehung	neg 1.0		neg 0.34578634966464306 off 0.34148309606549165 __DUMMY__ 0.3127305542698653	false	1.0
schock	neg 1.0		neg 0.3445513914456013 off 0.3411853320682815 __DUMMY__ 0.3142632764861172	false	1.0
beule	neg 1.0		off 0.35009153876221233 neg 0.3405802937641639 __DUMMY__ 0.3093281674736239	false	0.5
vergelten	neg 1.0		off 0.35422163962731973 neg 0.3363968318563238 __DUMMY__ 0.3093815285163565	false	0.5
verdorbenheit	neg 1.0		neg 0.3439459963501868 off 0.34368331198057434 __DUMMY__ 0.31237069166923875	false	1.0
trauma	neg 1.0		neg 0.3441162759310511 off 0.34385540831972367 __DUMMY__ 0.3120283157492252	false	1.0
sinnlos	neg 1.0		off 0.34488329712857685 neg 0.3427965942860556 __DUMMY__ 0.3123201085853677	false	0.5
fettsack	off 1.0	off 1.0	off 0.6657263944196279 neg 0.18849076849711646 __DUMMY__ 0.1457828370832557	false	1.0
feige	off 1.0	off 1.0	off 0.6626716071841922 neg 0.18912650796177843 __DUMMY__ 0.14820188485402944	false	1.0
abdanken	neg 1.0		neg 0.343878117295321 off 0.34252764778459016 __DUMMY__ 0.313594234920089	false	1.0
wichtigtuer	off 1.0	off 1.0	off 0.6613086672750659 neg 0.18900786650474885 __DUMMY__ 0.14968346622018538	false	1.0
misslingen	neg 1.0	neg 1.0	neg 0.6561334715082293 off 0.1919897882904321 __DUMMY__ 0.15187674020133862	false	1.0
untreu	off 1.0		off 0.34908067109315444 neg 0.340816881476044 __DUMMY__ 0.3101024474308016	false	1.0
missmutig	neg 1.0		off 0.3464324333038969 neg 0.3423422967837415 __DUMMY__ 0.3112252699123616	false	0.5
hurenbock	off 1.0		neg 0.34931513507217404 off 0.3406063438799188 __DUMMY__ 0.3100785210479072	false	0.5
betrunken	neg 1.0		off 0.3511045344986868 neg 0.3396765693711556 __DUMMY__ 0.30921889613015763	false	0.5
korrupt	off 1.0		neg 0.3467364565003454 off 0.34068684177026537 __DUMMY__ 0.31257670172938923	false	0.5
unmut	neg 1.0		neg 0.3476436653851213 off 0.3360401560016511 __DUMMY__ 0.3163161786132276	false	1.0
hackfresse	off 1.0		off 0.35709110709039343 neg 0.3362972340473908 __DUMMY__ 0.30661165886221564	false	1.0
aufblasen	neg 1.0		neg 0.34360806395450044 off 0.3432376967404078 __DUMMY__ 0.3131542393050917	false	1.0
gewaltsam	neg 1.0		neg 0.34412267357457044 off 0.3424226299413113 __DUMMY__ 0.3134546964841183	false	1.0
unbeliebtheit	neg 1.0		off 0.3493268612926238 neg 0.34040884945048905 __DUMMY__ 0.31026428925688715	false	0.5
sturheit	neg 1.0		off 0.3427867888693566 neg 0.34259836222972884 __DUMMY__ 0.31461484890091457	false	0.5
kuh	neg 1.0		neg 0.35102654797231664 off 0.3420587629516435 __DUMMY__ 0.30691468907603986	false	1.0
erschrecken	neg 1.0		off 0.3473705581432219 neg 0.340941112231239 __DUMMY__ 0.31168832962553916	false	0.5
opfer	neg 1.0		neg 0.34327799312142077 off 0.340499662975828 __DUMMY__ 0.3162223439027512	false	1.0
sinken	neg 1.0		neg 0.3488388210782414 off 0.3359147675901455 __DUMMY__ 0.3152464113316131	false	1.0
stinktier	neg 1.0		off 0.3521853713384924 neg 0.34312916982627045 __DUMMY__ 0.304685458835237	false	0.5
tucke	off 1.0		off 0.35706896806454386 neg 0.33990665475067705 __DUMMY__ 0.30302437718477915	false	1.0
ein			neg 0.34659453095977594 off 0.3409227739758783 __DUMMY__ 0.31248269506434595	false	0.0
abstieg	neg 1.0		off 0.3430647117608033 neg 0.3398763866269514 __DUMMY__ 0.3170589016122453	false	0.5
missverstehen	neg 1.0		off 0.3458079006333369 neg 0.34234237584469684 __DUMMY__ 0.3118497235219663	false	0.5
ergebnislos	neg 1.0		neg 0.3437155966186924 off 0.3400816558019668 __DUMMY__ 0.3162027475793407	false	1.0
unter			neg 0.3475451407828508 off 0.33183039064587916 __DUMMY__ 0.32062446857127	false	0.0
manipulieren	neg 1.0		neg 0.3445778229257738 off 0.33917291226299395 __DUMMY__ 0.31624926481123217	false	1.0
unbewiesen	neg 1.0	neg 1.0	neg 0.6596859318739688 off 0.19026184995854362 __DUMMY__ 0.15005221816748754	false	1.0
verschleppen	neg 1.0		neg 0.3461190544162585 off 0.33976020125803774 __DUMMY__ 0.3141207443257037	false	1.0
weib	off 1.0		off 0.3582487166293833 neg 0.3374312420113463 __DUMMY__ 0.30432004135927043	false	1.0
opposition	neg 1.0		neg 0.34533584972576437 off 0.34350930742475994 __DUMMY__ 0.3111548428494756	false	1.0
verkehrswidrig	neg 1.0	neg 1.0	neg 0.6544104945382351 off 0.1967753467843307 __DUMMY__ 0.14881415867743428	false	1.0
inkorrekt	neg 1.0		off 0.35191808452324747 neg 0.3394814277414695 __DUMMY__ 0.308600487735283	false	0.5
vermeiden	neg 1.0		neg 0.34752153041014844 off 0.3344499596529177 __DUMMY__ 0.3180285099369338	false	1.0
abweichung	neg 1.0	neg 1.0	neg 0.6587212307477743 off 0.18921985497207172 __DUMMY__ 0.1520589142801539	false	1.0
alkoholisiert	neg 1.0		neg 0.34332599198354263 off 0.3392360246852957 __DUMMY__ 0.3174379833311617	false	1.0
scheiss	off 1.0	off 1.0	off 0.6634293217695606 neg 0.18888774246682236 __DUMMY__ 0.14768293576361702	false	1.0
herausforderung	neg 1.0		neg 0.34377905616539445 off 0.34095505294513306 __DUMMY__ 0.3152658908894725	false	1.0
pervers	off 1.0		off 0.3611454725935043 neg 0.33511412912103344 __DUMMY__ 0.3037403982854621	false	1.0
wackelig	neg 1.0		neg 0.34384554746692403 off 0.3408266185632773 __DUMMY__ 0.3153278339697987	false	1.0
verwickeln	neg 1.0		off 0.34471523103372825 neg 0.3431671901189728 __DUMMY__ 0.31211757884729907	false	0.5
vorwand	neg 1.0		neg 0.3473013805893405 off 0.3368356123858787 __DUMMY__ 0.31586300702478065	false	1.0
muschi	off 1.0		neg 0.3438307390948417 off 0.34244123679494454 __DUMMY__ 0.3137280241102137	false	0.5
entmutigung	neg 1.0		neg 0.344601176419501 off 0.3445924458319469 __DUMMY__ 0.31080637774855213	false	1.0
unangemessen	neg 1.0		neg 0.3435830343084179 off 0.3420996875954253 __DUMMY__ 0.3143172780961569	false	1.0
unstetig	neg 1.0		off 0.347215170451121 neg 0.34140287555759835 __DUMMY__ 0.3113819539912806	false	0.5
entmutigen	neg 1.0		off 0.34399713863710957 neg 0.3430103301089 __DUMMY__ 0.31299253125399057	false	0.5
schwanz	neg 1.0		neg 0.3464486859459919 off 0.3396146226443291 __DUMMY__ 0.3139366914096791	false	1.0
verbot	neg 1.0		neg 0.3469266153815921 off 0.34029874549492983 __DUMMY__ 0.3127746391234781	false	1.0
leid	neg 1.0		off 0.3537667839312369 neg 0.33852427505623195 __DUMMY__ 0.30770894101253116	false	0.5
archaisch	neg 1.0		neg 0.3457116982780429 off 0.34085783151292237 __DUMMY__ 0.31343047020903486	false	1.0
gegen			neg 0.3449386722153217 off 0.33766384734901456 __DUMMY__ 0.31739748043566385	false	0.0
scheidung	neg 1.0		off 0.36739711240403916 neg 0.3271530121782259 __DUMMY__ 0.30544987541773494	false	0.5
einschlag	neg 1.0		off 0.35404038605184324 neg 0.33565169239418596 __DUMMY__ 0.31030792155397074	false	0.5
m			neg 0.3446995684042396 off 0.34080423956367 __DUMMY__ 0.3144961920320905	false	0.0
abgestanden	neg 1.0		neg 0.35118140951805266 off 0.339565355939648 __DUMMY__ 0.3092532345422993	false	1.0
schmierig	off 1.0		off 0.35352280250908535 neg 0.3385269201063009 __DUMMY__ 0.3079502773846136	false	1.0
unpraktisch	neg 1.0		off 0.3448111164293233 neg 0.3420336836494688 __DUMMY__ 0.3131551999212077	false	0.5
wixxer	off 1.0		off 0.36076084754993354 neg 0.3365554208026262 __DUMMY__ 0.30268373164744033	false	1.0
bezeichnet			off 0.34356887466065017 neg 0.3428510382002966 __DUMMY__ 0.3135800871390534	false	0.0
jammerlappen	off 1.0		off 0.34837453658678025 neg 0.34073547334479926 __DUMMY__ 0.3108899900684205	false	1.0
farce	neg 1.0		neg 0.3460803280638976 off 0.3419611827965867 __DUMMY__ 0.3119584891395158	false	1.0
zwecklos	neg 1.0		neg 0.34548042453676275 off 0.3404497251499886 __DUMMY__ 0.31406985031324847	false	1.0
turbulent	neg 1.0		off 0.3503443147638349 neg 0.3402331817507946 __DUMMY__ 0.30942250348537065	false	0.5
invasion	neg 1.0		off 0.34568060954635843 neg 0.34232597777951107 __DUMMY__ 0.31199341267413044	false	0.5
schuld	neg 1.0		off 0.34421485444270933 neg 0.34305145891295374 __DUMMY__ 0.31273368664433693	false	0.5
risiko	neg 1.0		neg 0.3455540685985056 off 0.3437527300772689 __DUMMY__ 0.31069320132422534	false	1.0
finster	neg 1.0		neg 0.3463960404731158 off 0.34146328878027216 __DUMMY__ 0.31214067074661217	false	1.0
geisteskrank	off 1.0		off 0.35072970675612447 neg 0.3399326356922002 __DUMMY__ 0.3093376575516753	false	1.0
zusammenbrechen	neg 1.0		neg 0.3454880709023469 off 0.34057357222268836 __DUMMY__ 0.31393835687496474	false	1.0
ausbeute	neg 1.0		off 0.3431089328661458 neg 0.3414164936816554 __DUMMY__ 0.315474573452199	false	0.5
hinterhalt	neg 1.0		neg 0.34583138741451164 off 0.34084615449891675 __DUMMY__ 0.3133224580865717	false	1.0
kritik	neg 1.0		neg 0.34648513193246355 off 0.3415515417627811 __DUMMY__ 0.3119633263047554	false	1.0
einschrumpfen	neg 1.0		off 0.34693080226510437 neg 0.34418413219933475 __DUMMY__ 0.30888506553556083	false	0.5
riskant	neg 1.0		neg 0.34735255457067465 off 0.33772823920806994 __DUMMY__ 0.3149192062212555	false	1.0
frustrieren	neg 1.0		neg 0.3475179341283534 off 0.3383491435238781 __DUMMY__ 0.31413292234776835	false	1.0
groll	neg 1.0		neg 0.3437355710946404 off 0.341428643729204 __DUMMY__ 0.3148357851761555	false	1.0
gibt			neg 0.3446306762144059 off 0.3406390588040273 __DUMMY__ 0.31473026498156675	false	0.0
qualvoll	neg 1.0		off 0.3450339883785112 neg 0.34278160305661903 __DUMMY__ 0.31218440856486984	false	0.5
wackeln	neg 1.0		neg 0.3436810869216333 off 0.34274749274911226 __DUMMY__ 0.3135714203292544	false	1.0
klagen	neg 1.0		neg 0.3479595536079011 off 0.33670950752044393 __DUMMY__ 0.315330938871655	false	1.0
bankrott	neg 1.0		off 0.3483493999702273 neg 0.33987001151135515 __DUMMY__ 0.3117805885184175	false	0.5
trauern	neg 1.0		neg 0.34205927274311493 off 0.34027782208105284 __DUMMY__ 0.3176629051758321	false	1.0
ablehnung	neg 1.0		neg 0.34630457565081896 off 0.34115773420179035 __DUMMY__ 0.3125376901473907	false	1.0
stur	neg 1.0		neg 0.34396770701418605 off 0.34378770175328255 __DUMMY__ 0.31224459123253123	false	1.0
aufruhr	neg 1.0	neg 1.0	neg 0.6601862822775638 off 0.18956745656044532 __DUMMY__ 0.15024626116199075	false	1.0
melancholie	neg 1.0		neg 0.34903550830405033 off 0.33672994910192056 __DUMMY__ 0.31423454259402894	false	1.0
ist			off 0.34475598202966595 neg 0.3426726057134654 __DUMMY__ 0.3125714122568687	false	0.0
torheit	neg 1.0		off 0.34435015752461295 neg 0.34293945139645493 __DUMMY__ 0.31271039107893217	false	0.5
dreckskind	off 1.0		off 0.3577580713660893 neg 0.33680774198334845 __DUMMY__ 0.3054341866505623	false	1.0
umtauschen	neg 1.0		neg 0.34494486848485406 off 0.34185780262950316 __DUMMY__ 0.31319732888564294	false	1.0
zum			neg 0.34227176368439494 off 0.3369896673547949 __DUMMY__ 0.3207385689608102	false	0.0
zersetzen	neg 1.0		neg 0.34802801251312515 off 0.3373376678111499 __DUMMY__ 0.3146343196757249	false	1.0
zur			neg 0.3469508273945159 off 0.33483566720415203 __DUMMY__ 0.31821350540133203	false	0.0
frust	neg 1.0		neg 0.3449891761412099 off 0.3406220531798707 __DUMMY__ 0.3143887706789194	false	1.0
unerbittlichkeit	neg 1.0		neg 0.34536386769665306 off 0.3391952699587071 __DUMMY__ 0.3154408623446399	false	1.0
zwei			neg 0.3467490526115079 off 0.33455323998578834 __DUMMY__ 0.31869770740270376	false	0.0
unkorrekt	neg 1.0		off 0.3503093251279184 neg 0.34089904026819373 __DUMMY__ 0.30879163460388775	false	0.5
hexe	off 1.0		off 0.3464047822659313 neg 0.34450434859688556 __DUMMY__ 0.3090908691371831	false	1.0
lasch	neg 1.0		off 0.34752866436239443 neg 0.3411115319721329 __DUMMY__ 0.31135980366547267	false	0.5
rivale	neg 1.0		off 0.3524385097334911 neg 0.33865470836660055 __DUMMY__ 0.3089067818999082	false	0.5
mutlos	off 1.0	off 1.0	off 0.6579895071516522 neg 0.19101112022109612 __DUMMY__ 0.15099937262725163	false	1.0
wirr	off 1.0		off 0.3527979414014279 neg 0.33891926211797335 __DUMMY__ 0.30828279648059875	false	1.0
jahr			neg 0.3410279398055182 off 0.34054755096143013 __DUMMY__ 0.31842450923305166	false	0.0
wird			neg 0.3448413686545516 off 0.3401035191628302 __DUMMY__ 0.315055112182618	false	0.0
strafbar	neg 1.0		neg 0.34567040379692504 off 0.3389833249494109 __DUMMY__ 0.3153462712536641	false	1.0
erosion	neg 1.0		neg 0.34372597528708737 off 0.3430929529436083 __DUMMY__ 0.31318107176930426	false	1.0
eingehen	neg 1.0		neg 0.3472731505338154 off 0.33834050018923445 __DUMMY__ 0.31438634927695003	false	1.0
faul	off 1.0		off 0.3472866076803255 neg 0.3416833154009774 __DUMMY__ 0.311030076918697	false	1.0
provisorium	neg 1.0		neg 0.34703005615726407 off 0.33212668054890354 __DUMMY__ 0.3208432632938325	false	1.0
schmerzen	neg 1.0		neg 0.3458115323740594 off 0.3410227168356411 __DUMMY__ 0.3131657507902995	false	1.0
schrumpfen	neg 1.0		neg 0.35058011200581957 off 0.33323006189526666 __DUMMY__ 0.31618982609891366	false	1.0
geistlos	off 1.0		off 0.34522340083035974 neg 0.34407714188741184 __DUMMY__ 0.3106994572822285	false	1.0
fehlkauf	neg 1.0		off 0.3448343858186435 neg 0.3441496600563402 __DUMMY__ 0.3110159541250163	false	0.5
frustrierend	neg 1.0		off 0.34696802561177154 neg 0.3416379415657184 __DUMMY__ 0.31139403282251	false	0.5
unzufrieden	neg 1.0		neg 0.34534720530893454 off 0.34033714460059883 __DUMMY__ 0.3143156500904666	false	1.0
verzweifeln	neg 1.0		neg 0.34380186992394784 off 0.3420701830560045 __DUMMY__ 0.31412794702004754	false	1.0
verzweifelt	neg 1.0		off 0.3442476084606009 neg 0.3431001827900343 __DUMMY__ 0.31265220874936483	false	0.5
misstrauensantrag	neg 1.0		off 0.3449530622013295 neg 0.3430624404003217 __DUMMY__ 0.31198449739834894	false	0.5
abfallen	neg 1.0		neg 0.34444338119990325 off 0.34270069238261003 __DUMMY__ 0.3128559264174868	false	1.0
fucker	off 1.0		off 0.35211164376254955 neg 0.33830939716239056 __DUMMY__ 0.30957895907505983	false	1.0
ungezogen	neg 1.0		off 0.359039202463966 neg 0.33577215060172844 __DUMMY__ 0.30518864693430564	false	0.5
irrsinnig	neg 1.0	neg 1.0	neg 0.6601872429975529 off 0.18994675089280327 __DUMMY__ 0.14986600610964376	false	1.0
unfassbar	neg 1.0		off 0.3494366574815825 neg 0.3399677358853677 __DUMMY__ 0.31059560663304986	false	0.5
hart	neg 1.0		off 0.3468954421552924 neg 0.34595329821249815 __DUMMY__ 0.30715125963220946	false	0.5
widerlich	off 1.0		off 0.3496515490696266 neg 0.34051914063732774 __DUMMY__ 0.30982931029304583	false	1.0
fatal	neg 1.0	neg 1.0	neg 0.6612829463489689 off 0.19022659666915578 __DUMMY__ 0.14849045698187535	false	1.0
bruch	neg 1.0		neg 0.345233554245681 off 0.33696355503122044 __DUMMY__ 0.3178028907230984	false	1.0
aushungern	neg 1.0		neg 0.34704246394100174 off 0.34038589829872046 __DUMMY__ 0.3125716377602777	false	1.0
anspannung	neg 1.0		neg 0.3453632060120343 off 0.33529591645981527 __DUMMY__ 0.31934087752815055	false	1.0
von			neg 0.3461252349106155 off 0.3375715545692369 __DUMMY__ 0.3163032105201477	false	0.0
kraftlos	neg 1.0		neg 0.3451027680049502 off 0.340090770337261 __DUMMY__ 0.3148064616577889	false	1.0
vom			neg 0.34449754226887513 off 0.3336705709642778 __DUMMY__ 0.32183188676684715	false	0.0
grenzdebil	off 1.0		off 0.3491870103383867 neg 0.3410947821344914 __DUMMY__ 0.3097182075271219	false	1.0
vor			neg 0.3467895568394709 off 0.33638595872138016 __DUMMY__ 0.31682448443914885	false	0.0
unterwerfen	neg 1.0		neg 0.3453401834327176 off 0.3396121293334419 __DUMMY__ 0.3150476872338405	false	1.0
versenkung	neg 1.0		neg 0.3453399372216428 off 0.3391577046120837 __DUMMY__ 0.31550235816627337	false	1.0
entziehen	neg 1.0		neg 0.3473309954750871 off 0.33674410185407294 __DUMMY__ 0.31592490267083995	false	1.0
finanzkrise	neg 1.0		neg 0.3510139717017825 off 0.3393600776334595 __DUMMY__ 0.30962595066475807	false	1.0
schimpfend	neg 1.0		off 0.3443416721158219 neg 0.34197833659266647 __DUMMY__ 0.31367999129151153	false	0.5
profan	neg 1.0		off 0.345271397394734 neg 0.3427957759491907 __DUMMY__ 0.31193282665607536	false	0.5
korruption	neg 1.0		neg 0.34725900968715634 off 0.3398820600892079 __DUMMY__ 0.31285893022363587	false	1.0
â			neg 0.34602245202205656 off 0.33970472479288516 __DUMMY__ 0.3142728231850582	false	0.0
schmutzig	neg 1.0		off 0.3496986358752332 neg 0.340247505460565 __DUMMY__ 0.31005385866420193	false	0.5
sexy	neg 1.0		off 0.34731784190117654 neg 0.3408894133157609 __DUMMY__ 0.31179274478306246	false	0.5
abraten	neg 1.0		off 0.3452027250509001 neg 0.34212580279008037 __DUMMY__ 0.31267147215901947	false	0.5
schwarz	neg 1.0		off 0.34528008062993076 neg 0.34256434752762643 __DUMMY__ 0.3121555718424429	false	0.5
fotze	off 1.0	off 1.0	off 0.6583682912635581 neg 0.19084546216435552 __DUMMY__ 0.1507862465720864	false	1.0
verwirren	neg 1.0		off 0.34580776531617935 neg 0.3420587924590622 __DUMMY__ 0.3121334422247585	false	0.5
zahnlos	off 1.0		neg 0.34480788844984434 off 0.3413370612604419 __DUMMY__ 0.3138550502897137	false	0.5
verheeren	neg 1.0		off 0.36098847045855814 neg 0.33371695554988584 __DUMMY__ 0.30529457399155596	false	0.5
hippie	neg 1.0		off 0.34664392038111136 neg 0.34179316542313076 __DUMMY__ 0.3115629141957579	false	0.5
rammen	neg 1.0		neg 0.3435704896976965 off 0.3434904738520994 __DUMMY__ 0.31293903645020416	false	1.0
unlauter	neg 1.0		off 0.34450110774431053 neg 0.3440818866108716 __DUMMY__ 0.3114170056448179	false	0.5
unheilvoll	neg 1.0		neg 0.3441118789034597 off 0.343713691991137 __DUMMY__ 0.3121744291054033	false	1.0
niedrig	neg 1.0		neg 0.3480459736261776 off 0.3386379334106656 __DUMMY__ 0.31331609296315677	false	1.0
explosion	neg 1.0		off 0.34670005587394676 neg 0.3415033954065649 __DUMMY__ 0.3117965487194883	false	0.5
weichei	off 1.0	off 1.0	off 0.6658244298314314 neg 0.18763008048775798 __DUMMY__ 0.1465454896808106	false	1.0
minusmensch	off 1.0		off 0.3601023275277654 neg 0.3352848565086571 __DUMMY__ 0.3046128159635774	false	1.0
farblos	neg 1.0		neg 0.34535751862721553 off 0.3430989248373933 __DUMMY__ 0.3115435565353913	false	1.0
unwissend	neg 1.0	neg 1.0	neg 0.6593444966987649 off 0.19208312458521304 __DUMMY__ 0.14857237871602202	false	1.0
traurig	neg 1.0		off 0.3518884498361142 neg 0.33907852709563385 __DUMMY__ 0.3090330230682519	false	0.5
senkung	neg 1.0		neg 0.3465956967634778 off 0.34402884325172267 __DUMMY__ 0.3093754599847995	false	1.0
ungleich	neg 1.0	neg 1.0	neg 0.6611560130820342 off 0.18766939216142373 __DUMMY__ 0.15117459475654207	false	1.0
heikel	neg 1.0		neg 0.34633492021224405 off 0.3383632120054735 __DUMMY__ 0.31530186778228253	false	1.0
drosselung	neg 1.0		off 0.3476197674147947 neg 0.34483316551589377 __DUMMY__ 0.3075470670693115	false	0.5
falsch	neg 1.0		off 0.34745486924475366 neg 0.34095542930712563 __DUMMY__ 0.31158970144812076	false	0.5
unzufriedenheit	neg 1.0		neg 0.34844556585579983 off 0.3371805681714972 __DUMMY__ 0.31437386597270284	false	1.0
kurz	neg 1.0		neg 0.34352364571602084 off 0.3413188332562139 __DUMMY__ 0.3151575210277652	false	1.0
unsinnig	neg 1.0		neg 0.3462512061914803 off 0.34108670844277006 __DUMMY__ 0.31266208536574963	false	1.0
penner	off 1.0	off 1.0	off 0.6671430979137872 neg 0.18648206098719006 __DUMMY__ 0.1463748410990227	false	1.0
seicht	neg 1.0		off 0.35703190485558933 neg 0.3387751371549273 __DUMMY__ 0.3041929579894833	false	0.5
dummheit	off 1.0	off 1.0	off 0.6609034609262856 neg 0.1900921671902555 __DUMMY__ 0.14900437188345886	false	1.0
unerfreulich	neg 1.0		neg 0.34620762391224597 off 0.33818105761728745 __DUMMY__ 0.3156113184704667	false	1.0
motherfucker	off 1.0	off 1.0	off 0.664173054557404 neg 0.18766389631564628 __DUMMY__ 0.14816304912694966	false	1.0
pikiert	neg 1.0	neg 1.0	neg 0.6592423705282796 off 0.1923465425543833 __DUMMY__ 0.14841108691733723	false	1.0
wrack	neg 1.0		off 0.343849628606966 neg 0.3384614822097622 __DUMMY__ 0.31768888918327187	false	0.5
gangster	neg 1.0		off 0.34681545452813417 neg 0.341787596040709 __DUMMY__ 0.31139694943115687	false	0.5
krank	neg 1.0	neg 1.0	neg 0.6575955953316212 off 0.1935044261347673 __DUMMY__ 0.1488999785336115	false	1.0
reich	neg 1.0		off 0.34611641117249553 neg 0.34438916507223566 __DUMMY__ 0.3094944237552689	false	0.5
gnadenlos	neg 1.0		off 0.3443566552127676 neg 0.34231179656653427 __DUMMY__ 0.3133315482206982	false	0.5
niedergeschlagen	neg 1.0		neg 0.3441491299557283 off 0.34073530428742854 __DUMMY__ 0.31511556575684313	false	1.0
terrorisieren	off 1.0	off 1.0	off 0.6574542589553879 neg 0.19106371827316831 __DUMMY__ 0.15148202277144387	false	1.0
sinnlosigkeit	neg 1.0		neg 0.3447217827246731 off 0.34102771033481255 __DUMMY__ 0.31425050694051443	false	1.0
behindern	neg 1.0		neg 0.34524307308741636 off 0.3420708338433792 __DUMMY__ 0.31268609306920453	false	1.0
undemokratisch	neg 1.0		off 0.3449727728907272 neg 0.3434745502917854 __DUMMY__ 0.3115526768174875	false	0.5
wirtschaftskrise	neg 1.0		neg 0.3496764615761042 off 0.3384695438894689 __DUMMY__ 0.31185399453442686	false	1.0
neid	neg 1.0		off 0.34641944152816573 neg 0.3420313843140566 __DUMMY__ 0.3115491741577777	false	0.5
rutschen	neg 1.0		neg 0.34730695731319555 off 0.33409916615178187 __DUMMY__ 0.31859387653502264	false	1.0
rezession	neg 1.0		off 0.34989675053502456 neg 0.3440445646421085 __DUMMY__ 0.306058684822867	false	0.5
fehlgeburt	neg 1.0		off 0.3443204989789359 neg 0.3414384670882692 __DUMMY__ 0.31424103393279496	false	0.5
charakterschwach	off 1.0		off 0.3489525749611274 neg 0.3412334926758296 __DUMMY__ 0.309813932363043	false	1.0
isolation	neg 1.0		off 0.34770335763133825 neg 0.3402934206869903 __DUMMY__ 0.3120032216816714	false	0.5
ablenkung	neg 1.0		off 0.34320206757941457 neg 0.3426052552799779 __DUMMY__ 0.3141926771406075	false	0.5
pech	neg 1.0		off 0.34756551143946873 neg 0.3411718522735838 __DUMMY__ 0.31126263628694756	false	0.5
vermeidung	neg 1.0		off 0.3489664791451056 neg 0.3416526228035659 __DUMMY__ 0.3093808980513285	false	0.5
dominieren	neg 1.0		neg 0.34325661020028714 off 0.3420250187637388 __DUMMY__ 0.314718371035974	false	1.0
schwindlig	neg 1.0		off 0.34460557132695513 neg 0.3435479450942442 __DUMMY__ 0.3118464835788007	false	0.5
lutscher	neg 1.0	neg 1.0	neg 0.6567032615293646 off 0.19840133562801876 __DUMMY__ 0.14489540284261654	false	1.0
pflicht	neg 1.0		neg 0.3455235070160776 off 0.3377055597653466 __DUMMY__ 0.31677093321857575	false	1.0
faschist	off 1.0		off 0.3470642561575158 neg 0.34148807990854824 __DUMMY__ 0.3114476639339361	false	1.0
verschleudern	neg 1.0		neg 0.3501228611676771 off 0.3372681786511676 __DUMMY__ 0.3126089601811553	false	1.0
wenn			off 0.34799167221193084 neg 0.3410455840007178 __DUMMY__ 0.3109627437873512	false	0.0
ehebruch	neg 1.0		neg 0.3456045409350078 off 0.33991493823679764 __DUMMY__ 0.3144805208281944	false	1.0
spott	off 1.0		neg 0.34438524326092534 off 0.34036531606235787 __DUMMY__ 0.31524944067671673	false	0.5
trostlosigkeit	neg 1.0		neg 0.34957122526645396 off 0.3357520074497833 __DUMMY__ 0.31467676728376276	false	1.0
lutschen	neg 1.0		off 0.3470459017623057 neg 0.342225615861633 __DUMMY__ 0.31072848237606127	false	0.5
undiszipliniert	neg 1.0		off 0.3513586671250692 neg 0.33911318980002025 __DUMMY__ 0.3095281430749107	false	0.5
kopfschmerz	neg 1.0		neg 0.3486274518817282 off 0.3381606447624287 __DUMMY__ 0.31321190335584315	false	1.0
unvorhergesehen	neg 1.0		neg 0.3459427008113841 off 0.33763374432714066 __DUMMY__ 0.3164235548614753	false	1.0
desinteressiert	neg 1.0		off 0.35032195736316796 neg 0.3402650234647897 __DUMMY__ 0.3094130191720424	false	0.5
armselig	off 1.0		off 0.3529370451366154 neg 0.3383677119255922 __DUMMY__ 0.30869524293779244	false	1.0
desaster	neg 1.0		neg 0.3484418325652986 off 0.3358923470456304 __DUMMY__ 0.31566582038907093	false	1.0
tod	neg 1.0		neg 0.3445636609035696 off 0.3397393555407692 __DUMMY__ 0.3156969835556612	false	1.0
herzlos	neg 1.0		off 0.3522073564275079 neg 0.3390469373055087 __DUMMY__ 0.3087457062669835	false	0.5
unwissenheit	neg 1.0		neg 0.3456782262228385 off 0.3403231116215305 __DUMMY__ 0.313998662155631	false	1.0
widersinnig	neg 1.0		neg 0.3467829530376677 off 0.3409386426003312 __DUMMY__ 0.312278404362001	false	1.0
bedenklich	neg 1.0		neg 0.3468030480761122 off 0.3391383138915609 __DUMMY__ 0.314058638032327	false	1.0
beanstanden	neg 1.0		neg 0.3448764634795822 off 0.33849201589150185 __DUMMY__ 0.3166315206289158	false	1.0
panisch	neg 1.0		off 0.34558181524586173 neg 0.34119730869598985 __DUMMY__ 0.3132208760581484	false	0.5
debil	off 1.0		neg 0.35040556354261165 off 0.3310762295044186 __DUMMY__ 0.31851820695296973	false	0.5
abstrich	neg 1.0		neg 0.34752247053079377 off 0.3400066670452046 __DUMMY__ 0.3124708624240016	false	1.0
primitiv	neg 1.0		off 0.3507658918735694 neg 0.33954295260412165 __DUMMY__ 0.309691155522309	false	0.5
abschaum	off 1.0	off 1.0	off 0.663261131596043 neg 0.18757442360241325 __DUMMY__ 0.14916444480154373	false	1.0
provozieren	neg 1.0		neg 0.343834516013133 off 0.3436656851373754 __DUMMY__ 0.3124997988494917	false	1.0
tot	neg 1.0		neg 0.34697304184873484 off 0.3398091041151508 __DUMMY__ 0.31321785403611435	false	1.0
instabil	neg 1.0		off 0.35310835876718344 neg 0.33860531383104425 __DUMMY__ 0.3082863274017723	false	0.5
schwuchtel	off 1.0	off 1.0	off 0.6710197597791713 neg 0.18499270575637095 __DUMMY__ 0.1439875344644577	false	1.0
zerren	neg 1.0		neg 0.3439539020195406 off 0.3407983583121806 __DUMMY__ 0.31524773966827885	false	1.0
kinderficker	off 1.0		off 0.3551748729102958 neg 0.33751714127043503 __DUMMY__ 0.30730798581926916	false	1.0
gefahr	neg 1.0		neg 0.34608926402901535 off 0.3377677319259207 __DUMMY__ 0.31614300404506385	false	1.0
rabiat	neg 1.0		neg 0.3455469605393563 off 0.34146632739882177 __DUMMY__ 0.31298671206182194	false	1.0
verlangsamung	neg 1.0		off 0.3568046544492111 neg 0.336984903441703 __DUMMY__ 0.3062104421090858	false	0.5
ausgestorben	neg 1.0		neg 0.3440335550638885 off 0.3418578045795354 __DUMMY__ 0.31410864035657615	false	1.0
anklagen	neg 1.0		neg 0.3448162133321699 off 0.3412850567670897 __DUMMY__ 0.31389872990074047	false	1.0
trott	neg 1.0		neg 0.3439805843932389 off 0.34281594859228914 __DUMMY__ 0.31320346701447194	false	1.0
verminderung	neg 1.0		off 0.34933050498708623 neg 0.34100902491132734 __DUMMY__ 0.3096604701015864	false	0.5
nach			neg 0.34663093351851304 off 0.33345669097333724 __DUMMY__ 0.3199123755081497	false	0.0
rost	neg 1.0		off 0.35980668785920106 neg 0.3326654565702462 __DUMMY__ 0.3075278555705526	false	0.5
destruktiv	neg 1.0		neg 0.3445665809284947 off 0.3425022710903263 __DUMMY__ 0.31293114798117894	false	1.0
unzumutbarkeit	neg 1.0		off 0.34961659730963957 neg 0.3402096341178735 __DUMMY__ 0.31017376857248696	false	0.5
labil	off 1.0	off 1.0	off 0.6623030681109979 neg 0.18894838640506903 __DUMMY__ 0.14874854548393301	false	1.0
ziemlich	neg 1.0		off 0.34938062024517813 neg 0.33961368818708765 __DUMMY__ 0.3110056915677344	false	0.5
lachnummer	off 1.0		off 0.34394880315030585 neg 0.34244049156811646 __DUMMY__ 0.31361070528157775	false	1.0
oder			off 0.34409482490993903 neg 0.34202110879974834 __DUMMY__ 0.3138840662903125	false	0.0
verfall	neg 1.0		neg 0.35092869156610235 off 0.3331622910773194 __DUMMY__ 0.31590901735657834	false	1.0
ausgrenzung	neg 1.0		off 0.344706346233471 neg 0.3439235813492174 __DUMMY__ 0.3113700724173116	false	0.5
unordnung	neg 1.0		off 0.3529378251192084 neg 0.33953774254434493 __DUMMY__ 0.3075244323364467	false	0.5
fehlverhalten	neg 1.0		neg 0.3458526564957117 off 0.338890314179669 __DUMMY__ 0.31525702932461946	false	1.0
eine			neg 0.3471259907945098 off 0.3366724485136808 __DUMMY__ 0.3162015606918094	false	0.0
nille	neg 1.0		neg 0.34367117501481614 off 0.3432124820808267 __DUMMY__ 0.313116342904357	false	1.0
qual	neg 1.0		neg 0.344604274766412 off 0.34226787008094817 __DUMMY__ 0.31312785515263974	false	1.0
verschwenden	neg 1.0		neg 0.34811052641872836 off 0.3376297058996988 __DUMMY__ 0.31425976768157277	false	1.0
riesig	neg 1.0		neg 0.34549430951743443 off 0.33921844882202623 __DUMMY__ 0.31528724166053923	false	1.0
verurteilen	neg 1.0		neg 0.3453817587189395 off 0.34080533887840353 __DUMMY__ 0.3138129024026569	false	1.0
klischee	neg 1.0	neg 1.0	neg 0.6595298282754432 off 0.1915904175509112 __DUMMY__ 0.14887975417364566	false	1.0
diktatorisch	neg 1.0		off 0.34473072062668403 neg 0.34413896648211784 __DUMMY__ 0.311130312891198	false	0.5
vorhersehbar	neg 1.0		off 0.34557297213248883 neg 0.34347748422079316 __DUMMY__ 0.3109495436467179	false	0.5
sowie			off 0.35327972246237815 neg 0.3404949726495274 __DUMMY__ 0.3062253048880944	false	0.0
stornieren	neg 1.0		off 0.34808192421943185 neg 0.3375014736202258 __DUMMY__ 0.31441660216034234	false	0.5
besteuerung	neg 1.0	neg 1.0	neg 0.6629672198732522 off 0.1886987025565722 __DUMMY__ 0.14833407757017553	false	1.0
ungeschminkt	neg 1.0		off 0.35034004726450774 neg 0.3405587482870316 __DUMMY__ 0.3091012044484606	false	0.5
kritisch	neg 1.0		neg 0.34491459498107413 off 0.3406619186697953 __DUMMY__ 0.3144234863491306	false	1.0
schlamperei	off 1.0		neg 0.34661556887345824 off 0.33885365793739936 __DUMMY__ 0.3145307731891424	false	0.5
sucht	neg 1.0	neg 1.0	neg 0.6589236658914289 off 0.19069901152416632 __DUMMY__ 0.15037732258440467	false	1.0
egoistisch	off 1.0	off 1.0	off 0.6662855810282059 neg 0.1863858161633499 __DUMMY__ 0.14732860280844418	false	1.0
ausbeuter	off 1.0		neg 0.34873180155008227 off 0.33738091359450895 __DUMMY__ 0.3138872848554088	false	0.5
arschgeburt	off 1.0		off 0.3636267871742835 neg 0.334417582189501 __DUMMY__ 0.30195563063621544	false	1.0
schubs	neg 1.0		neg 0.3481435556034206 off 0.3385873715843068 __DUMMY__ 0.31326907281227256	false	1.0
unsolide	neg 1.0		off 0.34650053004252673 neg 0.34120010617841534 __DUMMY__ 0.3122993637790578	false	0.5
beschwerde	neg 1.0		neg 0.3445023417448999 off 0.341100219374822 __DUMMY__ 0.31439743888027816	false	1.0
stocken	neg 1.0		neg 0.3455438056324421 off 0.3397772416626915 __DUMMY__ 0.3146789527048664	false	1.0
isolieren	neg 1.0		neg 0.346233894125399 off 0.34028395391984156 __DUMMY__ 0.31348215195475954	false	1.0
unheilbar	neg 1.0		off 0.34344937023008804 neg 0.34293095189393163 __DUMMY__ 0.3136196778759803	false	0.5
pisser	off 1.0	off 1.0	off 0.6645503163354303 neg 0.1876863256109278 __DUMMY__ 0.14776335805364202	false	1.0
löschen	neg 1.0		neg 0.3445251534003561 off 0.3430455481691316 __DUMMY__ 0.3124292984305123	false	1.0
durchfallen	neg 1.0		neg 0.34480633003475414 off 0.3405578000783794 __DUMMY__ 0.3146358698868665	false	1.0
wichser	off 1.0	off 1.0	off 0.6690141137985824 neg 0.1854382054000671 __DUMMY__ 0.14554768080135047	false	1.0
terror	neg 1.0		off 0.3463430498813774 neg 0.34208020590135196 __DUMMY__ 0.3115767442172706	false	0.5
krass	neg 1.0		off 0.353888594549288 neg 0.3383496447275942 __DUMMY__ 0.3077617607231178	false	0.5
revolte	neg 1.0		neg 0.345347085782731 off 0.3452766986747965 __DUMMY__ 0.3093762155424724	false	1.0
besorgt	neg 1.0		neg 0.34245827376668275 off 0.3419251190089733 __DUMMY__ 0.31561660722434387	false	1.0
nachlassen	neg 1.0		neg 0.3440096342767708 off 0.3404530591939758 __DUMMY__ 0.3155373065292533	false	1.0
alt	neg 1.0		neg 0.35211140972577537 off 0.3364615260556645 __DUMMY__ 0.3114270642185601	false	1.0
hundesohn	off 1.0	off 1.0	off 0.6681923578681168 neg 0.1862318598042546 __DUMMY__ 0.14557578232762852	false	1.0
als			neg 0.34535036139619646 off 0.3406293404136586 __DUMMY__ 0.31402029819014493	false	0.0
abschreckung	neg 1.0		neg 0.347378150693581 off 0.33754042574745136 __DUMMY__ 0.3150814235589677	false	1.0
unqualifiziert	neg 1.0		off 0.34785947803774714 neg 0.3408592089964629 __DUMMY__ 0.3112813129657899	false	0.5
abgewichst	off 1.0		neg 0.34346922221420506 off 0.3428050548663737 __DUMMY__ 0.3137257229194213	false	0.5
schwer	neg 1.0		neg 0.34336044035666063 off 0.342679135004406 __DUMMY__ 0.31396042463893337	false	1.0
bedeutungslosigkeit	neg 1.0		neg 0.3467273516348072 off 0.3382425520833607 __DUMMY__ 0.3150300962818321	false	1.0
kapitulation	neg 1.0		neg 0.3477886681932769 off 0.3391129956221086 __DUMMY__ 0.3130983361846145	false	1.0
unscharf	neg 1.0		neg 0.3464063327938512 off 0.343554690497842 __DUMMY__ 0.3100389767083068	false	1.0
schwinden	neg 1.0		neg 0.34780678125818965 off 0.3378245403558605 __DUMMY__ 0.3143686783859498	false	1.0
versklavung	neg 1.0	neg 1.0	neg 0.6612378740322905 off 0.18981351232865204 __DUMMY__ 0.14894861363905745	false	1.0
schlecht	neg 1.0		off 0.3496242579859117 neg 0.33927294158339527 __DUMMY__ 0.31110280043069316	false	0.5
verhasst	neg 1.0		off 0.3441380887314848 neg 0.34396778988713783 __DUMMY__ 0.3118941213813773	false	0.5
beschweren	neg 1.0		off 0.34545236056176215 neg 0.3415749812373521 __DUMMY__ 0.31297265820088577	false	0.5
scheiden	neg 1.0		neg 0.34326026379902314 off 0.3432466498640591 __DUMMY__ 0.3134930863369178	false	1.0
frustriert	neg 1.0		neg 0.3440151375193078 off 0.34172747008425713 __DUMMY__ 0.314257392396435	false	1.0
schimmelig	neg 1.0		neg 0.34947835152614665 off 0.3380636916672212 __DUMMY__ 0.312457956806632	false	1.0
fisch	neg 1.0		neg 0.3526552615824725 off 0.33411130472038075 __DUMMY__ 0.3132334336971466	false	1.0
schmuggel	neg 1.0		neg 0.3459622075430272 off 0.3373112442386914 __DUMMY__ 0.3167265482182814	false	1.0
auffallen	neg 1.0		off 0.34562087242347533 neg 0.3420290947930846 __DUMMY__ 0.31235003278344003	false	0.5
konkurrenz	neg 1.0		neg 0.3442847383146738 off 0.33901788268539407 __DUMMY__ 0.31669737899993217	false	1.0
teufelskreis	neg 1.0	neg 1.0	neg 0.6618190225119815 off 0.18844481249987186 __DUMMY__ 0.1497361649881466	false	1.0
aufschreien	neg 1.0		off 0.34546211113471215 neg 0.343442428549995 __DUMMY__ 0.3110954603152927	false	0.5
schuldner	neg 1.0		neg 0.3502526210419578 off 0.3365415770324543 __DUMMY__ 0.31320580192558783	false	1.0
missgeburt	off 1.0	off 1.0	off 0.6678066834864593 neg 0.1855043169445942 __DUMMY__ 0.1466889995689464	false	1.0
arbeitslos	neg 1.0		neg 0.3457736722039819 off 0.3400108721609389 __DUMMY__ 0.314215455635079	false	1.0
befallen	neg 1.0		neg 0.34993198919895624 off 0.33931731534165 __DUMMY__ 0.3107506954593939	false	1.0
miesepetrig	off 1.0	off 1.0	off 0.6624447185589788 neg 0.1886606327141612 __DUMMY__ 0.14889464872686015	false	1.0
alarmieren	neg 1.0		off 0.34797469680910265 neg 0.3412568361254648 __DUMMY__ 0.3107684670654325	false	0.5
ungeduscht	off 1.0		off 0.3469586007703587 neg 0.3428334344813506 __DUMMY__ 0.3102079647482907	false	1.0
knappheit	neg 1.0		neg 0.34849238562108914 off 0.33910715302921596 __DUMMY__ 0.312400461349695	false	1.0
schlange	neg 1.0		off 0.34379861907761 neg 0.3424853919142455 __DUMMY__ 0.31371598900814446	false	0.5
harsch	neg 1.0		off 0.3543497980443423 neg 0.33622055776370074 __DUMMY__ 0.30942964419195707	false	0.5
lang	neg 1.0		off 0.34434319011060804 neg 0.3430634714517361 __DUMMY__ 0.31259333843765597	false	0.5
ziellos	neg 1.0		neg 0.3448436642939759 off 0.33921941994625776 __DUMMY__ 0.3159369157597664	false	1.0
selbstverliebt	neg 1.0		off 0.3618317437075144 neg 0.3333631544969861 __DUMMY__ 0.30480510179549936	false	0.5
beseitigen	neg 1.0		off 0.34332985231154234 neg 0.34268498460019764 __DUMMY__ 0.31398516308825997	false	0.5
dumm	off 1.0		off 0.35598015832448554 neg 0.33729210411994437 __DUMMY__ 0.3067277375555702	false	1.0
arbeitsloser	neg 1.0		off 0.3427248526460887 neg 0.3401568990830888 __DUMMY__ 0.31711824827082263	false	0.5
blitzen	neg 1.0		off 0.3466117309477382 neg 0.34278594800278045 __DUMMY__ 0.31060232104948127	false	0.5
hilflos	neg 1.0		neg 0.34565289042763747 off 0.3401618755254397 __DUMMY__ 0.3141852340469227	false	1.0
eklig	off 1.0		off 0.35564022591251016 neg 0.3388495149547561 __DUMMY__ 0.3055102591327336	false	1.0
begriff			neg 0.343255988800081 off 0.3428923606014549 __DUMMY__ 0.3138516505984642	false	0.0
hungersnot	neg 1.0		neg 0.34783242720845164 off 0.3394391959645178 __DUMMY__ 0.31272837682703064	false	1.0
ungesetzlich	neg 1.0		off 0.3454393187579556 neg 0.3426836712483483 __DUMMY__ 0.311877009993696	false	0.5
verschwendung	neg 1.0		neg 0.3469710338552877 off 0.33810738596130063 __DUMMY__ 0.3149215801834116	false	1.0
schmerzvoll	neg 1.0		off 0.34402891662558105 neg 0.34399907531489005 __DUMMY__ 0.31197200805952885	false	0.5
vorzeitig	neg 1.0		off 0.35004736909246886 neg 0.3375378232188875 __DUMMY__ 0.31241480768864366	false	0.5
unvollkommenheit	neg 1.0		neg 0.3449751542091289 off 0.34120559927167254 __DUMMY__ 0.3138192465191987	false	1.0
intervenieren	neg 1.0		neg 0.3491125943066172 off 0.3376707011915302 __DUMMY__ 0.31321670450185274	false	1.0
banause	off 1.0		off 0.35621049620521966 neg 0.3402747370325476 __DUMMY__ 0.30351476676223266	false	1.0
rebell	neg 1.0		neg 0.35260752490250197 off 0.3326928602822328 __DUMMY__ 0.31469961481526515	false	1.0
unlogisch	neg 1.0		off 0.35115093379410783 neg 0.34038189399776175 __DUMMY__ 0.30846717220813047	false	0.5
leiden	neg 1.0		neg 0.34450046318690325 off 0.3383147316358301 __DUMMY__ 0.31718480517726666	false	1.0
abschaffung	neg 1.0		neg 0.3452717975490954 off 0.3432463859017688 __DUMMY__ 0.3114818165491358	false	1.0
sturz	neg 1.0		off 0.3467531914966665 neg 0.33911638579427145 __DUMMY__ 0.314130422709062	false	0.5
verkleinerung	neg 1.0		neg 0.3460248232031815 off 0.34535329135044524 __DUMMY__ 0.30862188544637326	false	1.0
schmarotzer	off 1.0		neg 0.34502706024641033 off 0.3411128966060192 __DUMMY__ 0.3138600431475704	false	0.5
bestrafung	neg 1.0	neg 1.0	neg 0.6597799762438682 off 0.18995501435450426 __DUMMY__ 0.15026500940162757	false	1.0
achtlos	neg 1.0		neg 0.3430539399160748 off 0.3421967087314033 __DUMMY__ 0.31474935135252186	false	1.0
ungeheuer	neg 1.0		neg 0.3446138630244356 off 0.34295734059237726 __DUMMY__ 0.31242879638318716	false	1.0
unaufrichtig	neg 1.0		off 0.3477670814066922 neg 0.3409477438586797 __DUMMY__ 0.3112851747346281	false	0.5
groggy	neg 1.0		off 0.3467991314224124 neg 0.3411462666787185 __DUMMY__ 0.3120546018988691	false	0.5
verletzlich	neg 1.0		off 0.34704481121222247 neg 0.34424957594702854 __DUMMY__ 0.30870561284074916	false	0.5
ablehnen	neg 1.0		neg 0.34553664005354845 off 0.3401509913383302 __DUMMY__ 0.3143123686081214	false	1.0
