unsolidarisch	neg 1.0		__DUMMY__ 0.8645327285691652 neg 0.06789980518074015 off 0.0675674662500947	false	1.0
nachteilig	neg 1.0		__DUMMY__ 0.8727280019235388 neg 0.06453263578009791 off 0.06273936229636327	false	1.0
skeptisch	neg 1.0		__DUMMY__ 0.8716632597442073 neg 0.06669650653597746 off 0.06164023371981532	false	1.0
schrecklich	neg 1.0		__DUMMY__ 0.8594167869786872 off 0.07537559135450989 neg 0.06520762166680295	false	0.5
schlapp	neg 1.0	neg 1.0	neg 0.5197291795047709 __DUMMY__ 0.42610888070567166 off 0.05416193978955736	false	1.0
abfall	neg 1.0		__DUMMY__ 0.8772495972309846 neg 0.06422578311002561 off 0.058524619658989786	false	1.0
widerspenstig	neg 1.0		__DUMMY__ 0.866250921279859 neg 0.06835094302985997 off 0.06539813569028109	false	1.0
abrupt	neg 1.0		__DUMMY__ 0.8701985878650109 neg 0.06899771189353637 off 0.060803700241452714	false	1.0
unwirksam	neg 1.0		__DUMMY__ 0.8607943038053905 neg 0.07243230536725899 off 0.06677339082735051	false	1.0
angreifen	neg 1.0		__DUMMY__ 0.87238075833984 neg 0.06647286739230103 off 0.061146374267858995	false	1.0
inkonsistent	neg 1.0		__DUMMY__ 0.8639213810682076 off 0.0687306756116299 neg 0.06734794332016245	false	0.5
abrutschen	neg 1.0		__DUMMY__ 0.8761449713176512 neg 0.06567254738677097 off 0.05818248129557773	false	1.0
unsicher	neg 1.0		__DUMMY__ 0.8688861405590312 off 0.06617033974323076 neg 0.0649435196977379	false	0.5
bauernkind	off 1.0	off 1.0	off 0.5285081042983978 __DUMMY__ 0.41749749815433224 neg 0.05399439754726994	false	1.0
angreifer	neg 1.0		__DUMMY__ 0.8675404861405452 off 0.07012428155093664 neg 0.06233523230851808	false	0.5
trennen	neg 1.0		__DUMMY__ 0.8738931877430659 neg 0.06543775924038234 off 0.060669053016551754	false	1.0
schmutz	neg 1.0		__DUMMY__ 0.8722271892547132 off 0.06897887935454357 neg 0.058793931390743154	false	0.5
inkonsistenz	neg 1.0		__DUMMY__ 0.8637947096375114 off 0.07133987302836808 neg 0.06486541733412056	false	0.5
erschreckend	neg 1.0		__DUMMY__ 0.8682446741422816 neg 0.0660882615227989 off 0.06566706433491959	false	1.0
ertrinken	neg 1.0		__DUMMY__ 0.8708849278315554 neg 0.06862594650193372 off 0.060489125666510865	false	1.0
pickelface	off 1.0		__DUMMY__ 0.8667025671841324 off 0.06672332144887351 neg 0.06657411136699407	false	1.0
seiner			__DUMMY__ 0.8734541995059268 neg 0.06514406129848963 off 0.06140173919558347	false	0.0
lauch	neg 1.0	neg 1.0	neg 0.5217367447905075 __DUMMY__ 0.4339276525011714 off 0.044335602708321126	false	1.0
unwichtig	neg 1.0		__DUMMY__ 0.8627037223868411 off 0.07124184401644845 neg 0.06605443359671039	false	0.5
steuerhinterziehung	neg 1.0		__DUMMY__ 0.8666894885542421 neg 0.06753145363159724 off 0.06577905781416063	false	1.0
schock	neg 1.0		__DUMMY__ 0.8694779613413665 neg 0.0660034195508959 off 0.06451861910773767	false	1.0
beule	neg 1.0		__DUMMY__ 0.8606534661151619 off 0.07322686876822908 neg 0.06611966511660904	false	0.5
vergelten	neg 1.0		__DUMMY__ 0.8605638887793435 off 0.0765412437373199 neg 0.0628948674833365	false	0.5
verdorbenheit	neg 1.0		__DUMMY__ 0.8663310108280549 off 0.06697792465627359 neg 0.0666910645156715	false	0.5
trauma	neg 1.0		__DUMMY__ 0.8652404619958756 off 0.06769507970275473 neg 0.06706445830136974	false	0.5
sinnlos	neg 1.0		__DUMMY__ 0.8657640074624608 off 0.06830720787418203 neg 0.06592878466335707	false	0.5
fettsack	off 1.0	off 1.0	off 0.5296447417614827 __DUMMY__ 0.4178665108272517 neg 0.05248874741126559	false	1.0
feige	off 1.0	off 1.0	off 0.5250876661921527 __DUMMY__ 0.4238846387009873 neg 0.051027695106859894	false	1.0
abdanken	neg 1.0		__DUMMY__ 0.868208209534946 off 0.06611090626993381 neg 0.06568088419512019	false	0.5
wichtigtuer	off 1.0	off 1.0	off 0.5225524596057214 __DUMMY__ 0.4278467045491917 neg 0.04960083584508699	false	1.0
misslingen	neg 1.0	neg 1.0	neg 0.5146938537569079 __DUMMY__ 0.43411835059289555 off 0.05118779565019649	false	1.0
untreu	off 1.0		__DUMMY__ 0.8615461121639266 off 0.07250785531471249 neg 0.06594603252136083	false	1.0
missmutig	neg 1.0		__DUMMY__ 0.863877945200215 off 0.06986883647243904 neg 0.0662532183273459	false	0.5
hurenbock	off 1.0		__DUMMY__ 0.8619981577355429 neg 0.07185303835788126 off 0.06614880390657585	false	0.5
betrunken	neg 1.0		__DUMMY__ 0.8601619865206055 off 0.0741985905613522 neg 0.0656394229180424	false	0.5
korrupt	off 1.0		__DUMMY__ 0.8661406435653827 neg 0.06842204418566286 off 0.06543731224895451	false	0.5
unmut	neg 1.0		__DUMMY__ 0.8733202394744739 neg 0.06676194118208899 off 0.059917819343437	false	1.0
hackfresse	off 1.0		__DUMMY__ 0.8551765150300641 off 0.0799651584889691 neg 0.0648583264809668	false	1.0
aufblasen	neg 1.0		__DUMMY__ 0.8676044225102937 off 0.06644599724279371 neg 0.0659495802469126	false	0.5
gewaltsam	neg 1.0		__DUMMY__ 0.8681794040652794 neg 0.06594807624371166 off 0.06587251969100895	false	1.0
unbeliebtheit	neg 1.0		__DUMMY__ 0.8622191711402283 off 0.0726053261225652 neg 0.06517550273720653	false	0.5
sturheit	neg 1.0		__DUMMY__ 0.8701358365155435 off 0.06566757647169291 neg 0.06419658701276358	false	0.5
kuh	neg 1.0		__DUMMY__ 0.8558420266048875 neg 0.07519090877494126 off 0.06896706462017121	false	1.0
erschrecken	neg 1.0		__DUMMY__ 0.8646881436418944 off 0.07032833900558119 neg 0.06498351735252439	false	0.5
opfer	neg 1.0		__DUMMY__ 0.8732886984056629 neg 0.06370642225070962 off 0.06300487934362738	false	1.0
sinken	neg 1.0		__DUMMY__ 0.8715374020915839 neg 0.06815836076148853 off 0.06030423714692749	false	1.0
stinktier	neg 1.0		__DUMMY__ 0.8513943449169488 off 0.07766218588756284 neg 0.07094346919548847	false	0.5
tucke	off 1.0		__DUMMY__ 0.848379364902775 off 0.08193306535908834 neg 0.06968756973813672	false	1.0
ein			__DUMMY__ 0.8662886238835232 neg 0.06856375224979096 off 0.06514762386668574	false	0.0
abstieg	neg 1.0		__DUMMY__ 0.8751588102264001 off 0.06428385973021705 neg 0.06055733004338285	false	0.5
missverstehen	neg 1.0		__DUMMY__ 0.8648697368754544 off 0.06925149930393751 neg 0.06587876382060795	false	0.5
ergebnislos	neg 1.0		__DUMMY__ 0.8734331870131637 neg 0.06386911333932035 off 0.06269769964751594	false	1.0
unter			__DUMMY__ 0.8818394621471669 neg 0.06400766011658379 off 0.05415287773624931	false	0.0
manipulieren	neg 1.0		__DUMMY__ 0.8733538340780945 neg 0.06451224626987824 off 0.062133919652027324	false	1.0
unbewiesen	neg 1.0	neg 1.0	neg 0.5197924692991683 __DUMMY__ 0.4287734542809405 off 0.05143407641989116	false	1.0
verschleppen	neg 1.0		__DUMMY__ 0.8693771771633588 neg 0.06685912600052395 off 0.06376369683611714	false	1.0
weib	off 1.0		__DUMMY__ 0.8507348790787818 off 0.08219652652216905 neg 0.0670685943990493	false	1.0
opposition	neg 1.0		__DUMMY__ 0.863897874273293 neg 0.06835346559110946 off 0.06774866013559752	false	1.0
verkehrswidrig	neg 1.0	neg 1.0	neg 0.5157239953496915 __DUMMY__ 0.42615796182577176 off 0.05811804282453676	false	1.0
inkorrekt	neg 1.0		__DUMMY__ 0.8586952909752762 off 0.07549173290931818 neg 0.06581297611540571	false	0.5
vermeiden	neg 1.0		__DUMMY__ 0.8770043526333174 neg 0.06551331843472594 off 0.05748232893195666	false	1.0
abweichung	neg 1.0	neg 1.0	neg 0.5170823158198596 __DUMMY__ 0.4343306202386846 off 0.04858706394145582	false	1.0
alkoholisiert	neg 1.0		__DUMMY__ 0.8765089132869898 neg 0.0628621694304935 off 0.060628917282516716	false	1.0
scheiss	off 1.0	off 1.0	off 0.5256831605732853 __DUMMY__ 0.4230531664645631 neg 0.05126367296215161	false	1.0
herausforderung	neg 1.0		__DUMMY__ 0.8715698940752828 neg 0.06458497736476304 off 0.06384512855995411	false	1.0
pervers	off 1.0		__DUMMY__ 0.8496548237807273 off 0.08453666182182555 neg 0.06580851439744713	false	1.0
wackelig	neg 1.0		__DUMMY__ 0.8718588048878211 neg 0.0647448414494782 off 0.06339635366270076	false	1.0
verwickeln	neg 1.0		__DUMMY__ 0.8652970889350323 off 0.06837185415060691 neg 0.06633105691436073	false	0.5
vorwand	neg 1.0		__DUMMY__ 0.8724941726092139 neg 0.06683341526028132 off 0.06067241213050476	false	1.0
muschi	off 1.0		__DUMMY__ 0.8686740896325768 neg 0.0656753596955881 off 0.06565055067183519	false	0.5
entmutigung	neg 1.0		__DUMMY__ 0.8629333787555079 off 0.06916282973608462 neg 0.06790379150840745	false	0.5
unangemessen	neg 1.0		__DUMMY__ 0.8695553204699018 off 0.06529921669478604 neg 0.06514546283531206	false	0.5
unstetig	neg 1.0		__DUMMY__ 0.8645758827207802 off 0.0701450857473684 neg 0.06527903153185138	false	0.5
entmutigen	neg 1.0		__DUMMY__ 0.8671624257844104 off 0.06723308592074682 neg 0.0656044882948428	false	0.5
schwanz	neg 1.0		__DUMMY__ 0.8692600515290881 neg 0.06740484261686261 off 0.06333510585404922	false	1.0
verbot	neg 1.0		__DUMMY__ 0.8665948691822886 neg 0.06835892434509176 off 0.06504620647261972	false	1.0
leid	neg 1.0		__DUMMY__ 0.8572682158211109 off 0.07692891946328212 neg 0.06580286471560705	false	0.5
archaisch	neg 1.0		__DUMMY__ 0.8678998670649555 neg 0.06721767496055901 off 0.06488245797448551	false	1.0
gegen			__DUMMY__ 0.8754438758929793 neg 0.06407786146806986 off 0.06047826263895089	false	0.0
scheidung	neg 1.0		__DUMMY__ 0.8531733061522943 off 0.08816686362256883 neg 0.05865983022513695	false	0.5
einschlag	neg 1.0		__DUMMY__ 0.8624651174333624 off 0.07563636094291175 neg 0.061898521623725965	false	0.5
m			__DUMMY__ 0.8700911087994376 neg 0.06592827735869382 off 0.06398061384186846	false	0.0
abgestanden	neg 1.0		__DUMMY__ 0.8604797803241562 neg 0.07385477810548888 off 0.0656654415703549	false	1.0
schmierig	off 1.0		__DUMMY__ 0.8577172612698127 off 0.07668901113858852 neg 0.06559372759159879	false	1.0
unpraktisch	neg 1.0		__DUMMY__ 0.8677974690256801 off 0.06739442792847962 neg 0.06480810304584024	false	0.5
wixxer	off 1.0		__DUMMY__ 0.8475621737220326 off 0.08492184953895926 neg 0.0675159767390081	false	1.0
bezeichnet			__DUMMY__ 0.8681388796300015 off 0.06672818547014105 neg 0.06513293489985747	false	0.0
jammerlappen	off 1.0		__DUMMY__ 0.8630634796541191 off 0.07157574575603755 neg 0.06536077458984342	false	1.0
farce	neg 1.0		__DUMMY__ 0.8650592963015189 neg 0.06828856587923175 off 0.06665213781924935	false	1.0
zwecklos	neg 1.0		__DUMMY__ 0.8689827831752311 neg 0.0667164434193035 off 0.06430077340546529	false	1.0
turbulent	neg 1.0		__DUMMY__ 0.8608308837677118 off 0.0735357776215313 neg 0.06563333861075694	false	0.5
invasion	neg 1.0		__DUMMY__ 0.8652468073834254 off 0.06894955338497054 neg 0.06580363923160397	false	0.5
schuld	neg 1.0		__DUMMY__ 0.866479393285091 off 0.06767542087160362 neg 0.06584518584330537	false	0.5
risiko	neg 1.0		__DUMMY__ 0.862941259303233 neg 0.0686116188123995 off 0.06844712188436755	false	1.0
finster	neg 1.0		__DUMMY__ 0.8660501104765178 neg 0.06856049514993089 off 0.06538939437355135	false	1.0
geisteskrank	off 1.0		__DUMMY__ 0.8600262398479973 off 0.07420663679401536 neg 0.06576712335798726	false	1.0
zusammenbrechen	neg 1.0		__DUMMY__ 0.8687243901862723 neg 0.06684322942833297 off 0.06443238038539463	false	1.0
ausbeute	neg 1.0		__DUMMY__ 0.8723885359612227 off 0.0648516481310963 neg 0.06275981590768108	false	0.5
hinterhalt	neg 1.0		__DUMMY__ 0.8682551969056785 neg 0.06720414830218367 off 0.0645406547921379	false	1.0
kritik	neg 1.0		__DUMMY__ 0.8650107147075528 neg 0.06858993433519987 off 0.06639935095724744	false	1.0
einschrumpfen	neg 1.0		__DUMMY__ 0.8592936985125164 off 0.07168587856135952 neg 0.06902042292612405	false	0.5
riskant	neg 1.0		__DUMMY__ 0.870592162223668 neg 0.06754603894916372 off 0.06186179882716834	false	1.0
frustrieren	neg 1.0		__DUMMY__ 0.869058716706099 neg 0.06816650818250797 off 0.06277477511139302	false	1.0
groll	neg 1.0		__DUMMY__ 0.8705661408940846 neg 0.06492130232936427 off 0.06451255677655125	false	1.0
gibt			__DUMMY__ 0.8702370690027622 neg 0.06572097183579576 off 0.06404195916144202	false	0.0
qualvoll	neg 1.0		__DUMMY__ 0.8657308281076384 off 0.06831754594989367 neg 0.06595162594246796	false	0.5
wackeln	neg 1.0		__DUMMY__ 0.8682957226147863 off 0.06595279228553302 neg 0.0657514850996807	false	0.5
klagen	neg 1.0		__DUMMY__ 0.8715135532998467 neg 0.06753215677017664 off 0.060954289929976674	false	1.0
bankrott	neg 1.0		__DUMMY__ 0.8650592305806425 off 0.07075421024293338 neg 0.06418655917642409	false	0.5
trauern	neg 1.0		__DUMMY__ 0.8763004310391553 off 0.06187139898727174 neg 0.06182816997357294	false	0.5
ablehnung	neg 1.0		__DUMMY__ 0.8661182262457365 neg 0.06808336378114885 off 0.06579840997311455	false	1.0
stur	neg 1.0		__DUMMY__ 0.8655354432003506 off 0.06763228778054996 neg 0.0668322690190995	false	0.5
aufruhr	neg 1.0	neg 1.0	neg 0.520116104415957 __DUMMY__ 0.42942921632946346 off 0.0504546792545795	false	1.0
melancholie	neg 1.0		__DUMMY__ 0.8698533202228911 neg 0.06909894302382263 off 0.061047736753286286	false	1.0
ist			__DUMMY__ 0.866236870220945 off 0.0680621438036303 neg 0.06570098597542477	false	0.0
torheit	neg 1.0		__DUMMY__ 0.8666119141872554 off 0.06780382764170154 neg 0.0655842581710432	false	0.5
dreckskind	off 1.0		__DUMMY__ 0.8528334169109265 off 0.0812132094808615 neg 0.06595337360821193	false	1.0
umtauschen	neg 1.0		__DUMMY__ 0.8679297115226268 neg 0.06690860593430972 off 0.06516168254306359	false	1.0
zum			__DUMMY__ 0.8822685584280558 neg 0.06012510242853514 off 0.057606339143408944	false	0.0
zersetzen	neg 1.0		__DUMMY__ 0.8701034036483833 neg 0.06811792225654421 off 0.06177867409507244	false	1.0
zur			__DUMMY__ 0.8771064484728354 neg 0.06504856811537449 off 0.05784498341179021	false	0.0
frust	neg 1.0		__DUMMY__ 0.8695505340216059 neg 0.0661971942079145 off 0.06425227177047967	false	1.0
unerbittlichkeit	neg 1.0		__DUMMY__ 0.8717292073707313 neg 0.06567068968074095 off 0.06260010294852762	false	1.0
zwei			__DUMMY__ 0.8781709482401008 neg 0.06475370987251844 off 0.057075341887380775	false	0.0
unkorrekt	neg 1.0		__DUMMY__ 0.8592654241687967 off 0.07400704319698848 neg 0.06672753263421492	false	0.5
hexe	off 1.0		__DUMMY__ 0.8601352149845379 off 0.07081174702817278 neg 0.0690530379872892	false	1.0
lasch	neg 1.0		__DUMMY__ 0.8639600533787264 off 0.07077235962484282 neg 0.06526758699643082	false	0.5
rivale	neg 1.0		__DUMMY__ 0.8596992945648531 off 0.07533306080774112 neg 0.06496764462740577	false	0.5
mutlos	off 1.0	off 1.0	off 0.5184372926899339 __DUMMY__ 0.4312149235792091 neg 0.05034778373085715	false	1.0
wirr	off 1.0		__DUMMY__ 0.8583506226557515 off 0.0760428711815255 neg 0.06560650616272296	false	1.0
jahr			__DUMMY__ 0.8779249433426223 off 0.06142519656636153 neg 0.06064986009101625	false	0.0
wird			__DUMMY__ 0.8709593410635965 neg 0.06568217225649316 off 0.06335848667991038	false	0.0
strafbar	neg 1.0		__DUMMY__ 0.87158059240285 neg 0.06592863087714627 off 0.06249077672000378	false	1.0
erosion	neg 1.0		__DUMMY__ 0.8675666671195956 off 0.06634263677795733 neg 0.06609069610244704	false	0.5
eingehen	neg 1.0		__DUMMY__ 0.8695388419353933 neg 0.06781742428044599 off 0.06264373378416067	false	1.0
faul	off 1.0		__DUMMY__ 0.8637558272532202 off 0.07033432344509252 neg 0.06590984930168725	false	1.0
provisorium	neg 1.0		__DUMMY__ 0.882390843615837 neg 0.06349136168391847 off 0.05411779470024465	false	1.0
schmerzen	neg 1.0		__DUMMY__ 0.867909309230814 neg 0.06750660511561074 off 0.06458408565357532	false	1.0
schrumpfen	neg 1.0		__DUMMY__ 0.8731497113362123 neg 0.0688531587255407 off 0.05799712993824701	false	1.0
geistlos	off 1.0		__DUMMY__ 0.8625826421743356 off 0.0696639743392804 neg 0.06775338348638407	false	1.0
fehlkauf	neg 1.0		__DUMMY__ 0.8633872781446548 off 0.06894932541662849 neg 0.06766339643871666	false	0.5
frustrierend	neg 1.0		__DUMMY__ 0.8640392829745495 off 0.07028156301190448 neg 0.065679154013546	false	0.5
unzufrieden	neg 1.0		__DUMMY__ 0.8694086022360693 neg 0.06649472235235417 off 0.06409667541157658	false	1.0
verzweifeln	neg 1.0		__DUMMY__ 0.8691504100143252 neg 0.06551020450507812 off 0.06533938548059663	false	1.0
verzweifelt	neg 1.0		__DUMMY__ 0.8663030543014273 off 0.06772006462397952 neg 0.06597688107459315	false	0.5
misstrauensantrag	neg 1.0		__DUMMY__ 0.8655255009781112 off 0.0682492930058183 neg 0.06622520601607042	false	0.5
abfallen	neg 1.0		__DUMMY__ 0.8671287823383115 neg 0.06676155456996541 off 0.06610966309172309	false	1.0
fucker	off 1.0		__DUMMY__ 0.8605336823889439 off 0.07503760019590376 neg 0.06442871741515235	false	1.0
ungezogen	neg 1.0		__DUMMY__ 0.8525132696937933 off 0.08212877213665908 neg 0.06535795816954763	false	0.5
irrsinnig	neg 1.0	neg 1.0	neg 0.5206214866428939 __DUMMY__ 0.4282716089441426 off 0.05110690441296348	false	1.0
unfassbar	neg 1.0		__DUMMY__ 0.8625303692888885 off 0.07244028303724703 neg 0.06502934767386437	false	0.5
hart	neg 1.0		__DUMMY__ 0.8562642429050321 off 0.07242236441586844 neg 0.07131339267909939	false	0.5
widerlich	off 1.0		__DUMMY__ 0.861102850054225 off 0.07302562749148896 neg 0.06587152245428596	false	1.0
fatal	neg 1.0	neg 1.0	neg 0.522901180700465 __DUMMY__ 0.4246479087754576 off 0.052450910524077354	false	1.0
bruch	neg 1.0		__DUMMY__ 0.8764428861927578 neg 0.0639522942504907 off 0.059604819556751426	false	1.0
aushungern	neg 1.0		__DUMMY__ 0.8661442664895089 neg 0.06855631839380344 off 0.06529941511668766	false	1.0
anspannung	neg 1.0		__DUMMY__ 0.8794470465825358 neg 0.06314263718637132 off 0.05741031623109285	false	1.0
von			__DUMMY__ 0.8736388090567864 neg 0.06569534817451031 off 0.060665842768703356	false	0.0
kraftlos	neg 1.0		__DUMMY__ 0.8706637869005261 neg 0.06594322508420147 off 0.06339298801527236	false	1.0
vom			__DUMMY__ 0.8844177393180103 neg 0.061066586221238596 off 0.05451567446075104	false	0.0
grenzdebil	off 1.0		__DUMMY__ 0.8609288501247276 off 0.07271560435685996 neg 0.06635554551841227	false	1.0
vor			__DUMMY__ 0.874304014223076 neg 0.06595434237184065 off 0.059741643405083304	false	0.0
unterwerfen	neg 1.0		__DUMMY__ 0.8710364200060131 neg 0.065882195594501 off 0.06308138439948593	false	1.0
versenkung	neg 1.0		__DUMMY__ 0.8716616986249792 neg 0.0657141462278655 off 0.06262415514715527	false	1.0
entziehen	neg 1.0		__DUMMY__ 0.8725694510031229 neg 0.06681545575244947 off 0.06061509324442757	false	1.0
finanzkrise	neg 1.0		__DUMMY__ 0.8606646916371261 neg 0.07330773208409871 off 0.06602757627877509	false	1.0
schimpfend	neg 1.0		__DUMMY__ 0.8689859671313033 off 0.06663726881094957 neg 0.06437676405774712	false	0.5
profan	neg 1.0		__DUMMY__ 0.8651435686395639 off 0.06869997670895385 neg 0.06615645465148232	false	0.5
korruption	neg 1.0		__DUMMY__ 0.8668346794236523 neg 0.06855150027784085 off 0.06461382029850686	false	1.0
â			__DUMMY__ 0.8696750027653187 neg 0.06699926540973694 off 0.06332573182494428	false	0.0
schmutzig	neg 1.0		__DUMMY__ 0.8616223786361685 off 0.07288583185490273 neg 0.06549178950892875	false	0.5
sexy	neg 1.0		__DUMMY__ 0.8648898540186478 off 0.07021014523901777 neg 0.06490000074233442	false	0.5
abraten	neg 1.0		__DUMMY__ 0.8666126908624386 off 0.06814913257943883 neg 0.06523817655812258	false	0.5
schwarz	neg 1.0		__DUMMY__ 0.865520355888239 off 0.06861856523329474 neg 0.0658610788784664	false	0.5
fotze	off 1.0	off 1.0	off 0.5187024421442603 __DUMMY__ 0.43089382666916615 neg 0.050403731186573576	false	1.0
verwirren	neg 1.0		__DUMMY__ 0.8654568574462079 off 0.06902030134461334 neg 0.06552284120917867	false	0.5
zahnlos	off 1.0		__DUMMY__ 0.868529560572108 neg 0.06636522465634269 off 0.06510521477154943	false	0.5
verheeren	neg 1.0		__DUMMY__ 0.8526683287032153 off 0.08370891402955104 neg 0.06362275726723365	false	0.5
hippie	neg 1.0		__DUMMY__ 0.8643713404406272 off 0.06994368774448133 neg 0.06568497181489145	false	0.5
rammen	neg 1.0		__DUMMY__ 0.8677535702279009 off 0.06637328614203354 neg 0.06587314363006556	false	0.5
unlauter	neg 1.0		__DUMMY__ 0.8643094615860899 off 0.0685147569275228 neg 0.06717578148638725	false	0.5
unheilvoll	neg 1.0		__DUMMY__ 0.8659793430934979 off 0.06716291499986117 neg 0.0668577419066409	false	0.5
niedrig	neg 1.0		__DUMMY__ 0.8680904839131434 neg 0.06878675148628582 off 0.06312276460057084	false	1.0
explosion	neg 1.0		__DUMMY__ 0.8649646499631168 off 0.06973169940580065 neg 0.06530365063108258	false	0.5
weichei	off 1.0	off 1.0	off 0.5291787816139155 __DUMMY__ 0.41982950053639956 neg 0.05099171784968492	false	1.0
minusmensch	off 1.0		__DUMMY__ 0.8510669201136108 off 0.08366642407063093 neg 0.0652666558157582	false	1.0
farblos	neg 1.0		__DUMMY__ 0.8650231490560362 neg 0.06802226035292125 off 0.06695459059104253	false	1.0
unwissend	neg 1.0	neg 1.0	neg 0.5209472218455854 __DUMMY__ 0.4249720417506525 off 0.054080736403762084	false	1.0
traurig	neg 1.0		__DUMMY__ 0.8596670022417028 off 0.0749943609406238 neg 0.06533863681767348	false	0.5
senkung	neg 1.0		__DUMMY__ 0.8604599511681963 neg 0.07033310409032988 off 0.06920694474147386	false	1.0
ungleich	neg 1.0	neg 1.0	neg 0.5203289082952233 __DUMMY__ 0.431753720647708 off 0.0479173710570687	false	1.0
heikel	neg 1.0		__DUMMY__ 0.8714420936175691 neg 0.06652371065777478 off 0.06203419572465611	false	1.0
drosselung	neg 1.0		__DUMMY__ 0.8569640296051091 off 0.07271795220353507 neg 0.07031801819135587	false	0.5
falsch	neg 1.0		__DUMMY__ 0.8645136194515153 off 0.07040201628320489 neg 0.06508436426527987	false	0.5
unzufriedenheit	neg 1.0		__DUMMY__ 0.8694906725368795 neg 0.06859924273142111 off 0.06191008473169938	false	1.0
kurz	neg 1.0		__DUMMY__ 0.8713937081281421 neg 0.06467803828777802 off 0.06392825358407998	false	1.0
unsinnig	neg 1.0		__DUMMY__ 0.8662677974375106 neg 0.06816734612900312 off 0.06556485643348625	false	1.0
penner	off 1.0	off 1.0	off 0.5306984358873454 __DUMMY__ 0.4192834851980403 neg 0.05001807891461415	false	1.0
seicht	neg 1.0		__DUMMY__ 0.8501826764774824 off 0.08161953759982833 neg 0.06819778592268935	false	0.5
dummheit	off 1.0	off 1.0	off 0.5227175698238532 __DUMMY__ 0.42600093508730563 neg 0.05128149508884117	false	1.0
unerfreulich	neg 1.0		__DUMMY__ 0.8720813617852372 neg 0.06624838732461648 off 0.0616702508901463	false	1.0
motherfucker	off 1.0	off 1.0	off 0.5265625134264561 __DUMMY__ 0.4238448995881109 neg 0.04959258698543302	false	1.0
pikiert	neg 1.0	neg 1.0	neg 0.5209640028224001 __DUMMY__ 0.42452743681814964 off 0.05450856035945037	false	1.0
wrack	neg 1.0		__DUMMY__ 0.877026693839616 off 0.06392586533392533 neg 0.05904744082645875	false	0.5
gangster	neg 1.0		__DUMMY__ 0.8640847478395569 off 0.07011599173838373 neg 0.06579926042205933	false	0.5
krank	neg 1.0	neg 1.0	neg 0.5188908862256822 __DUMMY__ 0.42608782250896304 off 0.05502129126535472	false	1.0
reich	neg 1.0		__DUMMY__ 0.8608924773517238 off 0.07049718701799644 neg 0.06861033563027973	false	0.5
gnadenlos	neg 1.0		__DUMMY__ 0.8676217185090841 off 0.06743773772104594 neg 0.06494054376986991	false	0.5
niedergeschlagen	neg 1.0		__DUMMY__ 0.8712319575687802 neg 0.06514046257620358 off 0.06362757985501628	false	1.0
terrorisieren	off 1.0	off 1.0	off 0.5175089361663362 __DUMMY__ 0.4324819495666779 neg 0.05000911426698586	false	1.0
sinnlosigkeit	neg 1.0		__DUMMY__ 0.869390697521415 neg 0.0660366787725902 off 0.06457262370599488	false	1.0
behindern	neg 1.0		__DUMMY__ 0.8666201006370219 neg 0.0674550130541049 off 0.06592488630887311	false	1.0
undemokratisch	neg 1.0		__DUMMY__ 0.8643044325821797 off 0.06904102930551535 neg 0.06665453811230493	false	0.5
wirtschaftskrise	neg 1.0		__DUMMY__ 0.864894175568734 neg 0.07092344610791271 off 0.06418237832335326	false	1.0
neid	neg 1.0		__DUMMY__ 0.8646536018483395 off 0.0695254248761165 neg 0.06582097327554404	false	0.5
rutschen	neg 1.0		__DUMMY__ 0.8780759715097698 neg 0.06514182991241328 off 0.056782198577816995	false	1.0
rezession	neg 1.0		__DUMMY__ 0.8539340196624391 off 0.07546169603267718 neg 0.07060428430488375	false	0.5
fehlgeburt	neg 1.0		__DUMMY__ 0.8702634413807271 off 0.06625521094551659 neg 0.06348134767375642	false	0.5
charakterschwach	off 1.0		__DUMMY__ 0.8610248547362356 off 0.07260267571155733 neg 0.06637246955220714	false	1.0
isolation	neg 1.0		__DUMMY__ 0.865413328686325 off 0.07024541759790412 neg 0.06434125371577083	false	0.5
ablenkung	neg 1.0		__DUMMY__ 0.8694483853028981 off 0.06595184968225436 neg 0.0645997650148474	false	0.5
pech	neg 1.0		__DUMMY__ 0.8643260647765828 off 0.07029178243063434 neg 0.06538215279278288	false	0.5
vermeidung	neg 1.0		__DUMMY__ 0.860475992328305 off 0.07259363216928041 neg 0.06693037550241458	false	0.5
dominieren	neg 1.0		__DUMMY__ 0.8706222142440936 off 0.06482746496214122 neg 0.06455032079376519	false	0.5
schwindlig	neg 1.0		__DUMMY__ 0.8654351597153093 off 0.06784048807322125 neg 0.0667243522114694	false	0.5
lutscher	neg 1.0	neg 1.0	neg 0.521483460244221 __DUMMY__ 0.4154649670413028 off 0.06305157271447615	false	1.0
pflicht	neg 1.0		__DUMMY__ 0.8741831581026154 neg 0.0650019606255542 off 0.06081488127183043	false	1.0
faschist	off 1.0		__DUMMY__ 0.8641480243192368 off 0.07051101729108315 neg 0.06534095838968013	false	1.0
verschleudern	neg 1.0		__DUMMY__ 0.8663857215682955 neg 0.07077111925233782 off 0.06284315917936663	false	1.0
wenn			__DUMMY__ 0.8631796292796834 off 0.07126155544088443 neg 0.06555881527943219	false	0.0
ehebruch	neg 1.0		__DUMMY__ 0.8698848255587956 neg 0.06643241872426384 off 0.06368275571694051	false	1.0
spott	off 1.0		__DUMMY__ 0.8713772726080353 neg 0.06507366447908597 off 0.06354906291287864	false	0.5
trostlosigkeit	neg 1.0		__DUMMY__ 0.8702453668518254 neg 0.06913938474596429 off 0.06061524840221024	false	1.0
lutschen	neg 1.0		__DUMMY__ 0.8630614538945557 off 0.07054671063191775 neg 0.06639183547352656	false	0.5
undiszipliniert	neg 1.0		__DUMMY__ 0.860739379318339 off 0.07423300415620428 neg 0.06502761652545667	false	0.5
kopfschmerz	neg 1.0		__DUMMY__ 0.8680190046781092 neg 0.06942548290941208 off 0.06255551241247868	false	1.0
unvorhergesehen	neg 1.0		__DUMMY__ 0.8741903361024274 neg 0.06549534912705408 off 0.06031431477051856	false	1.0
desinteressiert	neg 1.0		__DUMMY__ 0.8603617508798054 off 0.07367668643435259 neg 0.06596156268584194	false	0.5
armselig	off 1.0		__DUMMY__ 0.8588389244407248 off 0.07609653170726609 neg 0.0650645438520091	false	1.0
desaster	neg 1.0		__DUMMY__ 0.872055699770259 neg 0.06771317524119715 off 0.06023112498854384	false	1.0
tod	neg 1.0		__DUMMY__ 0.8729448129311081 neg 0.06475777987266086 off 0.06229740719623105	false	1.0
herzlos	neg 1.0		__DUMMY__ 0.8590610966521223 off 0.07543106729057526 neg 0.06550783605730251	false	0.5
unwissenheit	neg 1.0		__DUMMY__ 0.8689482143036881 neg 0.06683992786917377 off 0.06421185782713823	false	1.0
widersinnig	neg 1.0		__DUMMY__ 0.8655945643544971 neg 0.06863247609062657 off 0.06577295955487628	false	1.0
bedenklich	neg 1.0		__DUMMY__ 0.8689691145354571 neg 0.06767267041592978 off 0.06335821504861312	false	1.0
beanstanden	neg 1.0		__DUMMY__ 0.8740028923871593 neg 0.06459046720456432 off 0.061406640408276314	false	1.0
panisch	neg 1.0		__DUMMY__ 0.8678625158734928 off 0.0679588975988985 neg 0.06417858652760872	false	0.5
debil	off 1.0		__DUMMY__ 0.8780697849222645 neg 0.06733591714111478 off 0.05459429793662062	false	0.5
abstrich	neg 1.0		__DUMMY__ 0.8672593512283827 neg 0.0690064475647657 off 0.06373420120685161	false	1.0
primitiv	neg 1.0		__DUMMY__ 0.8608100617773219 off 0.07393198350904594 neg 0.06525795471363223	false	0.5
abschaum	off 1.0	off 1.0	off 0.5248800701344828 __DUMMY__ 0.4265042193227106 neg 0.04861571054280656	false	1.0
provozieren	neg 1.0		__DUMMY__ 0.8660055865824273 off 0.06742947739953767 neg 0.066564936018035	false	0.5
tot	neg 1.0		__DUMMY__ 0.8682761322596549 neg 0.06808867805984553 off 0.06363518968049957	false	1.0
instabil	neg 1.0		__DUMMY__ 0.8583833941419794 off 0.07633984752856339 neg 0.0652767583294572	false	0.5
schwuchtel	off 1.0	off 1.0	off 0.536486389989188 __DUMMY__ 0.41291065376052877 neg 0.050602956250283236	false	1.0
zerren	neg 1.0		__DUMMY__ 0.8713931714777026 neg 0.06488778538037568 off 0.06371904314192181	false	1.0
kinderficker	off 1.0		__DUMMY__ 0.856293248902766 off 0.07846209439262146 neg 0.06524465670461241	false	1.0
gefahr	neg 1.0		__DUMMY__ 0.8731357727333727 neg 0.06565138170006117 off 0.06121284556656605	false	1.0
rabiat	neg 1.0		__DUMMY__ 0.8669097648502879 neg 0.0675205805558472 off 0.06556965459386478	false	1.0
verlangsamung	neg 1.0		__DUMMY__ 0.8544447675028438 off 0.080258602066048 neg 0.06529663043110817	false	0.5
ausgestorben	neg 1.0		__DUMMY__ 0.8691911506019915 neg 0.0656700632141176 off 0.06513878618389078	false	1.0
anklagen	neg 1.0		__DUMMY__ 0.8689926954587222 neg 0.06610694028194423 off 0.06490036425933361	false	1.0
trott	neg 1.0		__DUMMY__ 0.8675662317524546 neg 0.06623959654265799 off 0.0661941717048874	false	1.0
verminderung	neg 1.0		__DUMMY__ 0.8610890323015558 off 0.07261236661136157 neg 0.06629860108708259	false	0.5
nach			__DUMMY__ 0.8805122344737986 neg 0.06388616977700202 off 0.05560159574919948	false	0.0
rost	neg 1.0		__DUMMY__ 0.8572296075686336 off 0.08135039319584737 neg 0.061419999235518954	false	0.5
destruktiv	neg 1.0		__DUMMY__ 0.866923280476057 neg 0.0667420455695082 off 0.06633467395443474	false	1.0
unzumutbarkeit	neg 1.0		__DUMMY__ 0.8621301959931198 off 0.07262392885639314 neg 0.06524587515048705	false	0.5
labil	off 1.0	off 1.0	off 0.5242987390194687 __DUMMY__ 0.42534742037993556 neg 0.05035384060059577	false	1.0
ziemlich	neg 1.0		__DUMMY__ 0.8634615960123079 off 0.07208602502436044 neg 0.06445237896333163	false	0.5
lachnummer	off 1.0		__DUMMY__ 0.8680898300151643 off 0.06709969658927614 neg 0.06481047339555966	false	1.0
oder			__DUMMY__ 0.8689732313289938 off 0.06664693480086359 neg 0.06437983387014261	false	0.0
verfall	neg 1.0		__DUMMY__ 0.8725522091209084 neg 0.06937764036865526 off 0.05807015051043634	false	1.0
ausgrenzung	neg 1.0		__DUMMY__ 0.8640160609169802 off 0.06890554440921053 neg 0.06707839467380916	false	0.5
unordnung	neg 1.0		__DUMMY__ 0.8570708638660367 off 0.07654381899664632 neg 0.06638531713731709	false	0.5
fehlverhalten	neg 1.0		__DUMMY__ 0.8712825339629149 neg 0.06614256926855049 off 0.06257489676853449	false	1.0
eine			__DUMMY__ 0.8731430094024035 neg 0.06660137873438948 off 0.06025561186320698	false	0.0
nille	neg 1.0		__DUMMY__ 0.867290305933255 off 0.0667190641845894 neg 0.06599062988215569	false	0.5
qual	neg 1.0		__DUMMY__ 0.8673933786594297 neg 0.06672732258407905 off 0.06587929875649133	false	1.0
verschwenden	neg 1.0		__DUMMY__ 0.8694557036800441 neg 0.0684977248367027 off 0.062046571483253155	false	1.0
riesig	neg 1.0		__DUMMY__ 0.8720456138677385 neg 0.06579346790500884 off 0.06216091822725272	false	1.0
verurteilen	neg 1.0		__DUMMY__ 0.8685631443738543 neg 0.06668350939319555 off 0.06475334623295016	false	1.0
klischee	neg 1.0	neg 1.0	neg 0.5208420363663355 __DUMMY__ 0.4256600103092166 off 0.053497953324447955	false	1.0
diktatorisch	neg 1.0		__DUMMY__ 0.8634601523116276 off 0.06914975931122655 neg 0.06739008837714586	false	0.5
vorhersehbar	neg 1.0		__DUMMY__ 0.8630426864959828 off 0.06966908782844988 neg 0.06728822567556725	false	0.5
sowie			__DUMMY__ 0.8542357283739234 off 0.07765341704640974 neg 0.06811085457966697	false	0.0
stornieren	neg 1.0		__DUMMY__ 0.8703878332390624 off 0.06905695390151258 neg 0.06055521285942507	false	0.5
besteuerung	neg 1.0	neg 1.0	neg 0.5245574482394676 __DUMMY__ 0.4245020954888364 off 0.050940456271696105	false	1.0
ungeschminkt	neg 1.0		__DUMMY__ 0.8602074269367993 off 0.07349034441066786 neg 0.06630222865253288	false	0.5
kritisch	neg 1.0		__DUMMY__ 0.8696712302647598 neg 0.06601989401341048 off 0.06430887572182974	false	1.0
schlamperei	off 1.0		__DUMMY__ 0.8700669368265913 neg 0.06701583754149733 off 0.06291722563191131	false	0.5
sucht	neg 1.0	neg 1.0	neg 0.5187301664907314 __DUMMY__ 0.430295159263169 off 0.050974674246099416	false	1.0
egoistisch	off 1.0	off 1.0	off 0.5290902608589155 __DUMMY__ 0.4218244876555326 neg 0.04908525148555197	false	1.0
ausbeuter	off 1.0		__DUMMY__ 0.8686157002432169 neg 0.0690621542446167 off 0.06232214551216646	false	0.5
arschgeburt	off 1.0		__DUMMY__ 0.8459141689392357 off 0.08769977558713488 neg 0.06638605547362943	false	1.0
schubs	neg 1.0		__DUMMY__ 0.8681867717015194 neg 0.06909735138053934 off 0.06271587691794128	false	1.0
unsolide	neg 1.0		__DUMMY__ 0.866001887675739 off 0.06951694102662198 neg 0.06448117129763886	false	0.5
beschwerde	neg 1.0		__DUMMY__ 0.8698796646061264 neg 0.0655840342934791 off 0.06453630110039447	false	1.0
stocken	neg 1.0		__DUMMY__ 0.8704234316345959 neg 0.0661549259015524 off 0.06342164246385168	false	1.0
isolieren	neg 1.0		__DUMMY__ 0.868174260533708 neg 0.06735545603958426 off 0.0644702834267076	false	1.0
unheilbar	neg 1.0		__DUMMY__ 0.868294338352325 off 0.0666494317759188 neg 0.06505622987175627	false	0.5
pisser	off 1.0	off 1.0	off 0.5270526831922295 __DUMMY__ 0.42302328888756896 neg 0.04992402792020144	false	1.0
löschen	neg 1.0		__DUMMY__ 0.8660237091417703 neg 0.06707477398374427 off 0.06690151687448537	false	1.0
durchfallen	neg 1.0		__DUMMY__ 0.8701697866385956 neg 0.06586267948224515 off 0.06396753387915928	false	1.0
wichser	off 1.0	off 1.0	off 0.5331895288689574 __DUMMY__ 0.41710035566426107 neg 0.049710115466781446	false	1.0
terror	neg 1.0		__DUMMY__ 0.8646153882174539 off 0.06950731313684576 neg 0.0658772986457004	false	0.5
krass	neg 1.0		__DUMMY__ 0.857566377900734 off 0.07683932784373301 neg 0.06559429425553302	false	0.5
revolte	neg 1.0		__DUMMY__ 0.8600691806766549 off 0.07051335017278508 neg 0.06941746915055999	false	0.5
besorgt	neg 1.0		__DUMMY__ 0.872210825427116 off 0.06425986919051127 neg 0.06352930538237268	false	0.5
nachlassen	neg 1.0		__DUMMY__ 0.872270186764508 neg 0.06461936907473158 off 0.06311044416076055	false	1.0
alt	neg 1.0		__DUMMY__ 0.8646358169557367 neg 0.07307911331019419 off 0.062285069734069054	false	1.0
hundesohn	off 1.0	off 1.0	off 0.5325748808955973 __DUMMY__ 0.4170492228778764 neg 0.05037589622652615	false	1.0
als			__DUMMY__ 0.8689602902596539 neg 0.06669538450614615 off 0.06434432523420001	false	0.0
abschreckung	neg 1.0		__DUMMY__ 0.8709741068069262 neg 0.06727944424755354 off 0.06174644894552022	false	1.0
unqualifiziert	neg 1.0		__DUMMY__ 0.8637569389352331 off 0.07111633200081548 neg 0.06512672906395145	false	0.5
abgewichst	off 1.0		__DUMMY__ 0.8686225025514641 off 0.06592012520164552 neg 0.06545737224689027	false	1.0
schwer	neg 1.0		__DUMMY__ 0.8688258588521257 off 0.06583638000252372 neg 0.06533776114535055	false	0.5
bedeutungslosigkeit	neg 1.0		__DUMMY__ 0.8708199846398018 neg 0.06692393562333473 off 0.062256079736863465	false	1.0
kapitulation	neg 1.0		__DUMMY__ 0.8671796244881995 neg 0.06880744321285592 off 0.06401293229894447	false	1.0
unscharf	neg 1.0		__DUMMY__ 0.8620621643825882 neg 0.06993198568396773 off 0.06800584993344407	false	1.0
schwinden	neg 1.0		__DUMMY__ 0.8697330166429156 neg 0.06797764508405883 off 0.06228933827302557	false	1.0
versklavung	neg 1.0	neg 1.0	neg 0.522289305865289 __DUMMY__ 0.4258649217685863 off 0.051845772366124775	false	1.0
schlecht	neg 1.0		__DUMMY__ 0.8635652327400385 off 0.07227635528941913 neg 0.06415841197054235	false	0.5
verhasst	neg 1.0		__DUMMY__ 0.8648305403360197 off 0.0681353564062811 neg 0.06703410325769925	false	0.5
beschweren	neg 1.0		__DUMMY__ 0.867007413143246 off 0.0683397871688321 neg 0.06465279968792183	false	0.5
scheiden	neg 1.0		__DUMMY__ 0.8686434146915559 off 0.06602750789660877 neg 0.06532907741183529	false	0.5
frustriert	neg 1.0		__DUMMY__ 0.8693911717919378 neg 0.06557734871665899 off 0.06503147949140325	false	1.0
schimmelig	neg 1.0		__DUMMY__ 0.866840465016216 neg 0.07049851177434581 off 0.06266102320943805	false	1.0
fisch	neg 1.0		__DUMMY__ 0.8684370621175711 neg 0.07220721957018843 off 0.05935571831224044	false	1.0
schmuggel	neg 1.0		__DUMMY__ 0.8744656791075268 neg 0.06517896078686704 off 0.060355360105606194	false	1.0
auffallen	neg 1.0		__DUMMY__ 0.8658706121951545 off 0.06876860140615025 neg 0.06536078639869523	false	0.5
konkurrenz	neg 1.0		__DUMMY__ 0.8741064718990351 neg 0.06404637004128606 off 0.061847158059678844	false	1.0
teufelskreis	neg 1.0	neg 1.0	neg 0.5223226372783297 __DUMMY__ 0.42780664729609236 off 0.0498707154255779	false	1.0
aufschreien	neg 1.0		__DUMMY__ 0.8633564664635734 off 0.0694516415323541 neg 0.06719189200407245	false	0.5
schuldner	neg 1.0		__DUMMY__ 0.867499420361854 neg 0.07048364198123322 off 0.06201693765691285	false	1.0
missgeburt	off 1.0	off 1.0	off 0.5310270690849601 __DUMMY__ 0.4202698163528465 neg 0.04870311456219346	false	1.0
arbeitslos	neg 1.0		__DUMMY__ 0.8692149629199813 neg 0.06686181522926751 off 0.06392322185075114	false	1.0
befallen	neg 1.0		__DUMMY__ 0.862739302218858 neg 0.07182435459326839 off 0.0654363431878737	false	1.0
miesepetrig	off 1.0	off 1.0	off 0.5239144994854836 __DUMMY__ 0.4261250475282466 neg 0.049960452986269825	false	1.0
alarmieren	neg 1.0		__DUMMY__ 0.8629336230609845 off 0.07153303977824814 neg 0.06553333716076731	false	0.5
ungeduscht	off 1.0		__DUMMY__ 0.8624226859082625 off 0.07032701156786522 neg 0.06725030252387229	false	1.0
knappheit	neg 1.0		__DUMMY__ 0.8660942452475652 neg 0.0696813020217025 off 0.06422445273073232	false	1.0
schlange	neg 1.0		__DUMMY__ 0.8686340422257236 off 0.06653836754085046 neg 0.06482759023342592	false	0.5
harsch	neg 1.0		__DUMMY__ 0.8606243117520577 off 0.07644053106693109 neg 0.06293515718101128	false	0.5
lang	neg 1.0		__DUMMY__ 0.8663353670964299 off 0.06771968992505159 neg 0.0659449429785185	false	0.5
ziellos	neg 1.0		__DUMMY__ 0.872740512969138 neg 0.06507062857318364 off 0.06218885845767834	false	1.0
selbstverliebt	neg 1.0		__DUMMY__ 0.8515927283308246 off 0.08452809927325677 neg 0.0638791723959187	false	0.5
beseitigen	neg 1.0		__DUMMY__ 0.8693851850354235 off 0.06611331055756466 neg 0.06450150440701191	false	0.5
dumm	off 1.0		__DUMMY__ 0.8552622400935421 off 0.07920351534996013 neg 0.06553424455649767	false	1.0
arbeitsloser	neg 1.0		__DUMMY__ 0.8750181992919887 off 0.06415092379984892 neg 0.06083087690816233	false	0.5
blitzen	neg 1.0		__DUMMY__ 0.8625315292585715 off 0.07047880020619982 neg 0.06698967053522874	false	0.5
hilflos	neg 1.0		__DUMMY__ 0.8693350620768306 neg 0.06679882598537568 off 0.06386611193779372	false	1.0
eklig	off 1.0		__DUMMY__ 0.8530306717684035 off 0.07957621806094169 neg 0.06739311017065472	false	1.0
begriff			__DUMMY__ 0.8687287910714523 off 0.06605512164182442 neg 0.06521608728672328	false	0.0
hungersnot	neg 1.0		__DUMMY__ 0.8667786250545152 neg 0.06896101501083325 off 0.0642603599346515	false	1.0
ungesetzlich	neg 1.0		__DUMMY__ 0.8648302799848213 off 0.06931304274614244 neg 0.06585667726903621	false	0.5
verschwendung	neg 1.0		__DUMMY__ 0.8706678220455005 neg 0.06723600319214774 off 0.06209617476235173	false	1.0
schmerzvoll	neg 1.0		__DUMMY__ 0.8650921960251006 off 0.06788232264284116 neg 0.06702548133205823	false	0.5
vorzeitig	neg 1.0		__DUMMY__ 0.8664072575061861 off 0.07170329046374257 neg 0.06188945203007128	false	0.5
unvollkommenheit	neg 1.0		__DUMMY__ 0.8690548332726581 neg 0.06631524869474172 off 0.06462991803260015	false	1.0
intervenieren	neg 1.0		__DUMMY__ 0.8673357879971696 neg 0.06972458036421347 off 0.06293963163861686	false	1.0
banause	off 1.0		__DUMMY__ 0.8491395840633054 off 0.08116641737920194 neg 0.06969399855749274	false	1.0
rebell	neg 1.0		__DUMMY__ 0.8707936206224528 neg 0.07132700028282762 off 0.057879379094719546	false	1.0
unlogisch	neg 1.0		__DUMMY__ 0.8585365346363163 off 0.07480845946886096 neg 0.06665500589482282	false	0.5
leiden	neg 1.0		__DUMMY__ 0.8756712722656261 neg 0.06392910484481674 off 0.06039962288955717	false	1.0
abschaffung	neg 1.0		__DUMMY__ 0.8643769503094729 neg 0.06798419379706981 off 0.0676388558934573	false	1.0
sturz	neg 1.0		__DUMMY__ 0.8695625751994449 off 0.06849629423808182 neg 0.061941130562473294	false	0.5
verkleinerung	neg 1.0		__DUMMY__ 0.8587735475059662 off 0.07084978050415834 neg 0.07037667198987538	false	0.5
schmarotzer	off 1.0		__DUMMY__ 0.8686220425141605 neg 0.06646946839766492 off 0.06490848908817458	false	0.5
bestrafung	neg 1.0	neg 1.0	neg 0.5198350773506187 __DUMMY__ 0.4293649486234008 off 0.05079997402598051	false	1.0
achtlos	neg 1.0		__DUMMY__ 0.8705314804766875 off 0.06493546281336232 neg 0.06453305670995017	false	0.5
ungeheuer	neg 1.0		__DUMMY__ 0.866312996950954 neg 0.06703639689390385 off 0.06665060615514219	false	1.0
unaufrichtig	neg 1.0		__DUMMY__ 0.8639149193451603 off 0.07101300879580176 neg 0.06507207185903788	false	0.5
groggy	neg 1.0		__DUMMY__ 0.865174039010374 off 0.06996287778761004 neg 0.0648630832020159	false	0.5
