unsolidarisch	neg 1.0		neg 0.4985802695047645 off 0.49472381342504024 __DUMMY__ 0.006695917070195423	false	1.0
nachteilig	neg 1.0		neg 0.4995629031002454 off 0.49364922807798123 __DUMMY__ 0.0067878688217732535	false	1.0
skeptisch	neg 1.0		neg 0.501960153717818 off 0.4912601175320661 __DUMMY__ 0.006779728750115851	false	1.0
schrecklich	neg 1.0		off 0.5031592496704755 neg 0.4902096051444315 __DUMMY__ 0.006631145185092933	false	0.5
schlapp	neg 1.0	neg 1.0	neg 0.7316297419624797 off 0.2652130404366908 __DUMMY__ 0.0031572176008294885	false	1.0
abfall	neg 1.0		neg 0.5026404526637738 off 0.49051744439312867 __DUMMY__ 0.006842102943097585	false	1.0
widerspenstig	neg 1.0		neg 0.49993720953791826 off 0.4933518120075784 __DUMMY__ 0.006710978454503332	false	1.0
abrupt	neg 1.0		neg 0.504019939460973 off 0.4892240722995475 __DUMMY__ 0.006755988239479461	false	1.0
unwirksam	neg 1.0		neg 0.502090181891536 off 0.4912618501405281 __DUMMY__ 0.006647967967935953	false	1.0
angreifen	neg 1.0		neg 0.502248963627486 off 0.490961765036314 __DUMMY__ 0.00678927133620004	false	1.0
inkonsistent	neg 1.0		neg 0.49670687364621585 off 0.49661228494161375 __DUMMY__ 0.00668084141217047	false	1.0
abrutschen	neg 1.0		neg 0.5038293162149576 off 0.4893393876888508 __DUMMY__ 0.006831296096191519	false	1.0
unsicher	neg 1.0		neg 0.49717604561472234 off 0.4960775052293757 __DUMMY__ 0.0067464491559019605	false	1.0
bauernkind	off 1.0	off 1.0	off 0.7355060933665777 neg 0.26140791014104725 __DUMMY__ 0.0030859964923751213	false	1.0
angreifer	neg 1.0		off 0.5007600325327803 neg 0.4925139744784602 __DUMMY__ 0.006725992988759553	false	0.5
trennen	neg 1.0		neg 0.5015944351837526 off 0.4916010093387184 __DUMMY__ 0.006804555477528931	false	1.0
schmutz	neg 1.0		off 0.5025864337877459 neg 0.49064171220601316 __DUMMY__ 0.006771854006240796	false	0.5
inkonsistenz	neg 1.0		off 0.5000913901267577 neg 0.4932251954888488 __DUMMY__ 0.006683414384393492	false	0.5
erschreckend	neg 1.0		neg 0.4984774922371696 off 0.49478228486480963 __DUMMY__ 0.00674022289802087	false	1.0
ertrinken	neg 1.0		neg 0.5041600234256204 off 0.48907010816833263 __DUMMY__ 0.006769868406047037	false	1.0
pickelface	off 1.0		neg 0.4979023088385107 off 0.4953799368351694 __DUMMY__ 0.006717754326319942	false	0.5
seiner			neg 0.5009346735625988 off 0.4922648538027455 __DUMMY__ 0.006800472634655729	false	0.0
lauch	neg 1.0	neg 1.0	neg 0.7379431509877398 off 0.25883429201487357 __DUMMY__ 0.003222556997386726	false	1.0
unwichtig	neg 1.0		off 0.49928092453454936 neg 0.4940462820149952 __DUMMY__ 0.006672793450455387	false	0.5
steuerhinterziehung	neg 1.0		neg 0.4996428069352342 off 0.4936392323878326 __DUMMY__ 0.006717960676933131	false	1.0
schock	neg 1.0		neg 0.49908725971153006 off 0.4941599935854271 __DUMMY__ 0.006752746703042809	false	1.0
beule	neg 1.0		off 0.5010371467422641 neg 0.4923221599631754 __DUMMY__ 0.006640693294560347	false	0.5
vergelten	neg 1.0		off 0.5053089653961129 neg 0.48804953474330304 __DUMMY__ 0.006641499860584009	false	0.5
verdorbenheit	neg 1.0		neg 0.49742676907954303 off 0.49586374326585475 __DUMMY__ 0.006709487654602159	false	1.0
trauma	neg 1.0		neg 0.49747142809045547 off 0.4958255674459557 __DUMMY__ 0.006703004463588998	false	1.0
sinnlos	neg 1.0		off 0.49704179568080037 neg 0.49624878803304767 __DUMMY__ 0.006709416286151977	false	0.5
fettsack	off 1.0	off 1.0	off 0.7367758693304254 neg 0.2601340193565468 __DUMMY__ 0.0030901113130278436	false	1.0
feige	off 1.0	off 1.0	off 0.7348476786430452 neg 0.2620094804642463 __DUMMY__ 0.003142840892708494	false	1.0
abdanken	neg 1.0		neg 0.4981019456200738 off 0.4951605006489158 __DUMMY__ 0.0067375537310103645	false	1.0
wichtigtuer	off 1.0	off 1.0	off 0.7341949513482169 neg 0.26263024876422053 __DUMMY__ 0.003174799887562595	false	1.0
misslingen	neg 1.0	neg 1.0	neg 0.7308307026874437 off 0.2659477891298254 __DUMMY__ 0.0032215081827309225	false	1.0
untreu	off 1.0		off 0.5003297135687685 neg 0.49301096884857964 __DUMMY__ 0.006659317582651777	false	1.0
missmutig	neg 1.0		off 0.49812903254821916 neg 0.49518691663103104 __DUMMY__ 0.006684050820749812	false	0.5
hurenbock	off 1.0		neg 0.5018698136633694 off 0.4914731732431188 __DUMMY__ 0.006657013093511904	false	0.5
betrunken	neg 1.0		off 0.5020307499004052 neg 0.49133042822334955 __DUMMY__ 0.00663882187624529	false	0.5
korrupt	off 1.0		neg 0.5005614395903442 off 0.4927234435606319 __DUMMY__ 0.006715116849023938	false	0.5
unmut	neg 1.0		neg 0.5034441732738818 off 0.48975637603345784 __DUMMY__ 0.006799450692660319	false	1.0
hackfresse	off 1.0		off 0.5069788711516872 neg 0.48644100594399886 __DUMMY__ 0.0065801229043139986	false	1.0
aufblasen	neg 1.0		neg 0.49750859955638643 off 0.4957638118952735 __DUMMY__ 0.006727588548339997	false	1.0
gewaltsam	neg 1.0		neg 0.4982521065661103 off 0.4950140396431587 __DUMMY__ 0.006733853790731168	false	1.0
unbeliebtheit	neg 1.0		off 0.5006205302978319 neg 0.4927178230524214 __DUMMY__ 0.0066616466497466465	false	0.5
sturheit	neg 1.0		neg 0.4972795428463675 off 0.4959594516060249 __DUMMY__ 0.006761005547607516	false	1.0
kuh	neg 1.0		neg 0.5019967566919433 off 0.4914170899288676 __DUMMY__ 0.006586153379189119	false	1.0
erschrecken	neg 1.0		off 0.49933978020285014 neg 0.49396532964911666 __DUMMY__ 0.006694890148033251	false	0.5
opfer	neg 1.0		neg 0.49881003027226906 off 0.4943929024090571 __DUMMY__ 0.0067970673186737345	false	1.0
sinken	neg 1.0		neg 0.5041335210990966 off 0.48909209375243495 __DUMMY__ 0.006774385148468459	false	1.0
stinktier	neg 1.0		off 0.5008656871110926 neg 0.49259774398890926 __DUMMY__ 0.006536568899998169	false	0.5
tucke	off 1.0		off 0.5051587309861489 neg 0.4883425958267127 __DUMMY__ 0.006498673187138446	false	1.0
ein			neg 0.5002732315402808 off 0.4930147295129932 __DUMMY__ 0.006712038946726045	false	0.0
abstieg	neg 1.0		off 0.4974839940941799 neg 0.4957011852892594 __DUMMY__ 0.006814820616560749	false	0.5
missverstehen	neg 1.0		off 0.49776548838368945 neg 0.49553575206906453 __DUMMY__ 0.006698759547246086	false	0.5
ergebnislos	neg 1.0		neg 0.4992737411220377 off 0.49393024672450575 __DUMMY__ 0.006796012153456454	false	1.0
unter			neg 0.5055427544046468 off 0.48756139431815515 __DUMMY__ 0.006895851277198105	false	0.0
manipulieren	neg 1.0		neg 0.5002064609282331 off 0.49299600399502547 __DUMMY__ 0.0067975350767414296	false	1.0
unbewiesen	neg 1.0	neg 1.0	neg 0.7335252831101736 off 0.26329198695968986 __DUMMY__ 0.003182729930136659	false	1.0
verschleppen	neg 1.0		neg 0.500720379834481 off 0.49253048198305144 __DUMMY__ 0.00674913818246757	false	1.0
weib	off 1.0		off 0.5070204311085098 neg 0.48645122080097275 __DUMMY__ 0.006528348090517435	false	1.0
opposition	neg 1.0		neg 0.49828293932453344 off 0.49503479166693676 __DUMMY__ 0.0066822690085297405	false	1.0
verkehrswidrig	neg 1.0	neg 1.0	neg 0.7275506049099889 off 0.2692942387729342 __DUMMY__ 0.0031551563170770227	false	1.0
inkorrekt	neg 1.0		off 0.502511441469022 neg 0.49086344858221703 __DUMMY__ 0.006625109948760859	false	0.5
vermeiden	neg 1.0		neg 0.5041766755307809 off 0.4889861684326375 __DUMMY__ 0.006837156036581567	false	1.0
abweichung	neg 1.0	neg 1.0	neg 0.7335404862132443 off 0.26323374277527406 __DUMMY__ 0.0032257710114815645	false	1.0
alkoholisiert	neg 1.0		neg 0.4994098680359084 off 0.49376813097619343 __DUMMY__ 0.006822000987898161	false	1.0
scheiss	off 1.0	off 1.0	off 0.7354084732534074 neg 0.26146052759618055 __DUMMY__ 0.003130999150412027	false	1.0
herausforderung	neg 1.0		neg 0.49883918115417464 off 0.49438609937799405 __DUMMY__ 0.006774719467831328	false	1.0
pervers	off 1.0		off 0.5097699707684765 neg 0.48371472985021446 __DUMMY__ 0.006515299381309029	false	1.0
wackelig	neg 1.0		neg 0.4988794274429384 off 0.4943442359417206 __DUMMY__ 0.006776336615341061	false	1.0
verwickeln	neg 1.0		off 0.4967544261266078 neg 0.4965407050758126 __DUMMY__ 0.006704868797579586	false	0.5
vorwand	neg 1.0		neg 0.5028368623095502 off 0.4903739021141648 __DUMMY__ 0.006789235576285036	false	1.0
muschi	off 1.0		neg 0.4980676309271389 off 0.49519178762541705 __DUMMY__ 0.006740581447443963	false	0.5
entmutigung	neg 1.0		neg 0.49740870342869314 off 0.49591667704451775 __DUMMY__ 0.00667461952678917	false	1.0
unangemessen	neg 1.0		neg 0.4981416498619499 off 0.49510394785432715 __DUMMY__ 0.00675440228372282	false	1.0
unstetig	neg 1.0		off 0.4990248348367913 neg 0.4942889334027677 __DUMMY__ 0.006686231760440983	false	0.5
entmutigen	neg 1.0		neg 0.496823794150553 off 0.49645209372364174 __DUMMY__ 0.006724112125805361	false	1.0
schwanz	neg 1.0		neg 0.5008945279401994 off 0.4923606178448215 __DUMMY__ 0.006744854214979091	false	1.0
verbot	neg 1.0		neg 0.5008713964312969 off 0.4924092661866807 __DUMMY__ 0.006719337382022471	false	1.0
leid	neg 1.0		off 0.5040624465045346 neg 0.4893327346846333 __DUMMY__ 0.006604818810832046	false	0.5
archaisch	neg 1.0		neg 0.499900422935155 off 0.49336541196850214 __DUMMY__ 0.006734165096342895	false	1.0
gegen			neg 0.5011887545476713 off 0.4919878219964029 __DUMMY__ 0.006823423455925735	false	0.0
scheidung	neg 1.0		off 0.5171081423727935 neg 0.4763393280032164 __DUMMY__ 0.006552529623990231	false	0.5
einschlag	neg 1.0		off 0.5056287252246195 neg 0.48770851024051076 __DUMMY__ 0.006662764534869652	false	0.5
m			neg 0.49935126107707595 off 0.49389032006023353 __DUMMY__ 0.00675841886269046	false	0.0
abgestanden	neg 1.0		neg 0.5033476971496332 off 0.49001361505734176 __DUMMY__ 0.006638687793025023	false	1.0
schmierig	off 1.0		off 0.5039143157964059 neg 0.48947539049043737 __DUMMY__ 0.006610293713156672	false	1.0
unpraktisch	neg 1.0		off 0.49742935883010847 neg 0.4958433063605249 __DUMMY__ 0.006727334809366531	false	0.5
wixxer	off 1.0		off 0.5088309897812242 neg 0.48467743723501927 __DUMMY__ 0.0064915729837564645	false	1.0
bezeichnet			neg 0.496981238964635 off 0.49628092438605775 __DUMMY__ 0.00673783664930738	false	0.0
jammerlappen	off 1.0		off 0.49997995684849766 neg 0.49334292911992994 __DUMMY__ 0.0066771140315724	false	1.0
farce	neg 1.0		neg 0.4995529647449046 off 0.49374612907324195 __DUMMY__ 0.0067009061818533895	false	1.0
zwecklos	neg 1.0		neg 0.4999931244718323 off 0.49325788396909037 __DUMMY__ 0.006748991559077286	false	1.0
turbulent	neg 1.0		off 0.5013023928999427 neg 0.49205568594341287 __DUMMY__ 0.006641921156644404	false	0.5
invasion	neg 1.0		off 0.4977254736724594 neg 0.49557254905549647 __DUMMY__ 0.006701977272044164	false	0.5
schuld	neg 1.0		neg 0.49674344246126534 off 0.4965376559123207 __DUMMY__ 0.0067189016264139895	false	1.0
risiko	neg 1.0		neg 0.4983258143888149 off 0.49500268195812497 __DUMMY__ 0.006671503653060177	false	1.0
finster	neg 1.0		neg 0.49985368809062825 off 0.4934424307561171 __DUMMY__ 0.006703881153254667	false	1.0
geisteskrank	off 1.0		off 0.5016529425967422 neg 0.49170482770964125 __DUMMY__ 0.006642229693616498	false	1.0
zusammenbrechen	neg 1.0		neg 0.49992113307508845 off 0.493332861395776 __DUMMY__ 0.006746005529135589	false	1.0
ausbeute	neg 1.0		off 0.4967952709604162 neg 0.49642603768208 __DUMMY__ 0.006778691357503641	false	0.5
hinterhalt	neg 1.0		neg 0.49994024511952173 off 0.49332977503009384 __DUMMY__ 0.006729979850384365	false	1.0
kritik	neg 1.0		neg 0.49998228171700476 off 0.49331659110367776 __DUMMY__ 0.0067011271793175455	false	1.0
einschrumpfen	neg 1.0		off 0.49745255724069004 neg 0.495915824294253 __DUMMY__ 0.00663161846505691	false	0.5
riskant	neg 1.0		neg 0.5023885674410605 off 0.49084325411830343 __DUMMY__ 0.006768178440636012	false	1.0
frustrieren	neg 1.0		neg 0.5021534313008864 off 0.49109610442274304 __DUMMY__ 0.006750464276370514	false	1.0
groll	neg 1.0		neg 0.4985708235123781 off 0.4946632102151641 __DUMMY__ 0.006765966272457869	false	1.0
gibt			neg 0.49944073602243455 off 0.4937954251460189 __DUMMY__ 0.006763838831546518	false	0.0
qualvoll	neg 1.0		off 0.49714838811170614 neg 0.4961460145569612 __DUMMY__ 0.006705597331332654	false	0.5
wackeln	neg 1.0		neg 0.4978124280663574 off 0.4954504953432181 __DUMMY__ 0.006737076590424562	false	1.0
klagen	neg 1.0		neg 0.50326972408309 off 0.4899532660819125 __DUMMY__ 0.0067770098349975135	false	1.0
bankrott	neg 1.0		off 0.5004392322913908 neg 0.49286414442275384 __DUMMY__ 0.0066966232858554475	false	0.5
trauern	neg 1.0		neg 0.4982785536896685 off 0.4948926164647018 __DUMMY__ 0.006828829845629687	false	1.0
ablehnung	neg 1.0		neg 0.5000956283974038 off 0.49319023932733913 __DUMMY__ 0.006714132275256814	false	1.0
stur	neg 1.0		neg 0.49744167863935995 off 0.4958504970336521 __DUMMY__ 0.006707824326987942	false	1.0
aufruhr	neg 1.0	neg 1.0	neg 0.7341106577651908 off 0.2627026606591022 __DUMMY__ 0.0031866815757070595	false	1.0
melancholie	neg 1.0		neg 0.5037383773089502 off 0.48951024257890047 __DUMMY__ 0.006751380112149319	false	1.0
ist			off 0.49703927484765276 neg 0.4962456927759683 __DUMMY__ 0.006715032376378989	false	0.0
torheit	neg 1.0		neg 0.4966428135960565 off 0.4966396331118206 __DUMMY__ 0.006717553292122927	false	1.0
dreckskind	off 1.0		off 0.5070683308526392 neg 0.48637812107491807 __DUMMY__ 0.006553548072442692	false	1.0
umtauschen	neg 1.0		neg 0.4988925798609243 off 0.49437942013203207 __DUMMY__ 0.006728000007043657	false	1.0
zum			neg 0.5000703647937834 off 0.4930317882332322 __DUMMY__ 0.006897846972984446	false	0.0
zersetzen	neg 1.0		neg 0.5029629279273449 off 0.49027550052588775 __DUMMY__ 0.006761571546767378	false	1.0
zur			neg 0.5036938465918619 off 0.48946446924133064 __DUMMY__ 0.0068416841668074695	false	0.0
frust	neg 1.0		neg 0.49964024975585813 off 0.4936035982842652 __DUMMY__ 0.006756151959876661	false	1.0
unerbittlichkeit	neg 1.0		neg 0.500596655275283 off 0.4926237673304439 __DUMMY__ 0.006779577394273237	false	1.0
zwei			neg 0.5036772294565225 off 0.489470520381356 __DUMMY__ 0.006852250162121466	false	0.0
unkorrekt	neg 1.0		off 0.5009553503843428 neg 0.4924156964149659 __DUMMY__ 0.006628953200691279	false	0.5
hexe	off 1.0		off 0.49704908911525075 neg 0.49631578790942965 __DUMMY__ 0.006635122975319583	false	1.0
lasch	neg 1.0		off 0.49931212621247584 neg 0.49400035673404846 __DUMMY__ 0.006687517053475597	false	0.5
rivale	neg 1.0		off 0.5032505820188822 neg 0.490118187219002 __DUMMY__ 0.006631230762115936	false	0.5
mutlos	off 1.0	off 1.0	off 0.7314766286428316 neg 0.26532008263995166 __DUMMY__ 0.0032032887172167377	false	1.0
wirr	off 1.0		off 0.5033050682613168 neg 0.49007775452553426 __DUMMY__ 0.00661717721314901	false	1.0
jahr			neg 0.49756299662071596 off 0.4955916306287451 __DUMMY__ 0.006845372750538929	false	0.0
wird			neg 0.49981449500126596 off 0.4934144275056503 __DUMMY__ 0.006771077493083749	false	0.0
strafbar	neg 1.0		neg 0.5008693131210584 off 0.492353324810358 __DUMMY__ 0.006777362068583713	false	1.0
erosion	neg 1.0		neg 0.4976412385008419 off 0.49563017871482784 __DUMMY__ 0.006728582784330297	false	1.0
eingehen	neg 1.0		neg 0.5020334220486778 off 0.4912104124349845 __DUMMY__ 0.006756165516337757	false	1.0
faul	off 1.0		off 0.49895754867265946 neg 0.4943630058291612 __DUMMY__ 0.00667944549817927	false	1.0
provisorium	neg 1.0		neg 0.5051038927837199 off 0.48799552374008537 __DUMMY__ 0.006900583476194612	false	1.0
schmerzen	neg 1.0		neg 0.4997876767468701 off 0.4934850642346528 __DUMMY__ 0.0067272590184771115	false	1.0
schrumpfen	neg 1.0		neg 0.5064598918252664 off 0.48674392225659147 __DUMMY__ 0.006796185918142253	false	1.0
geistlos	off 1.0		neg 0.49678508371934127 off 0.49654228034540254 __DUMMY__ 0.006672635935256249	false	0.5
fehlkauf	neg 1.0		neg 0.4969851813977933 off 0.49633498502142176 __DUMMY__ 0.006679833580784991	false	1.0
frustrierend	neg 1.0		off 0.498763109504604 neg 0.49454855685987914 __DUMMY__ 0.006688333635516886	false	0.5
unzufrieden	neg 1.0		neg 0.49997993725267065 off 0.4932654719935438 __DUMMY__ 0.0067545907537854485	false	1.0
verzweifeln	neg 1.0		neg 0.4982512138370013 off 0.494998562820028 __DUMMY__ 0.0067502233429706255	false	1.0
verzweifelt	neg 1.0		neg 0.496741414954643 off 0.4965415657680229 __DUMMY__ 0.006717019277334072	false	1.0
misstrauensantrag	neg 1.0		off 0.49697111956957474 neg 0.4963279241863535 __DUMMY__ 0.006700956244071669	false	0.5
abfallen	neg 1.0		neg 0.498207983264283 off 0.49507125032824084 __DUMMY__ 0.006720766407476083	false	1.0
fucker	off 1.0		off 0.5032219394994583 neg 0.49013033568294134 __DUMMY__ 0.006647724817600289	false	1.0
ungezogen	neg 1.0		off 0.5083037428255123 neg 0.48514846306745846 __DUMMY__ 0.0065477941070292665	false	0.5
irrsinnig	neg 1.0	neg 1.0	neg 0.7339038538244299 off 0.2629173684281764 __DUMMY__ 0.0031787777473936663	false	1.0
unfassbar	neg 1.0		off 0.5009544123827225 neg 0.49237526805231346 __DUMMY__ 0.00667031956496413	false	0.5
hart	neg 1.0		neg 0.49684339884552553 off 0.49656506513793675 __DUMMY__ 0.006591536016537634	false	1.0
widerlich	off 1.0		off 0.5007893144838819 neg 0.49255758611070205 __DUMMY__ 0.0066530994054161035	false	1.0
fatal	neg 1.0	neg 1.0	neg 0.7343145181368265 off 0.2625364203098689 __DUMMY__ 0.003149061553304688	false	1.0
bruch	neg 1.0		neg 0.5017010881656807 off 0.4914669001693107 __DUMMY__ 0.006832011665008552	false	1.0
aushungern	neg 1.0		neg 0.5008979086345198 off 0.4923873384175434 __DUMMY__ 0.00671475294793679	false	1.0
anspannung	neg 1.0		neg 0.5026106175406705 off 0.49052280736930004 __DUMMY__ 0.006866575090029363	false	1.0
von			neg 0.5018015522294254 off 0.49140079339988785 __DUMMY__ 0.006797654370686856	false	0.0
kraftlos	neg 1.0		neg 0.49995487036652897 off 0.49328015949835685 __DUMMY__ 0.006764970135114096	false	1.0
vom			neg 0.5029521336668935 off 0.4901254995450757 __DUMMY__ 0.006922366788030673	false	0.0
grenzdebil	off 1.0		off 0.5002556885119925 neg 0.4930937940531048 __DUMMY__ 0.006650517434902718	false	1.0
vor			neg 0.5027815251883911 off 0.4904075647987929 __DUMMY__ 0.0068109100128159895	false	0.0
unterwerfen	neg 1.0		neg 0.5003641911730063 off 0.4928652017554565 __DUMMY__ 0.006770607071537149	false	1.0
versenkung	neg 1.0		neg 0.5006000567249813 off 0.49261876202399535 __DUMMY__ 0.006781181251023403	false	1.0
entziehen	neg 1.0		neg 0.502905401426642 off 0.49030387066948616 __DUMMY__ 0.00679072790387187	false	1.0
finanzkrise	neg 1.0		neg 0.5034801745034547 off 0.4898716665475307 __DUMMY__ 0.006648158949014586	false	1.0
schimpfend	neg 1.0		off 0.49720956296099006 neg 0.4960520620309479 __DUMMY__ 0.006738375008061983	false	0.5
profan	neg 1.0		off 0.4972651011921876 neg 0.4960345551321394 __DUMMY__ 0.006700343675673046	false	0.5
korruption	neg 1.0		neg 0.5012513541426765 off 0.4920274570786774 __DUMMY__ 0.0067211887786461175	false	1.0
â			neg 0.5006208276094248 off 0.49262582187991805 __DUMMY__ 0.0067533505106572135	false	0.0
schmutzig	neg 1.0		off 0.5009559709161099 neg 0.4923861218114448 __DUMMY__ 0.006657907272445359	false	0.5
sexy	neg 1.0		off 0.499340016959349 neg 0.4939624687262826 __DUMMY__ 0.006697514314368298	false	0.5
abraten	neg 1.0		off 0.49757689616315487 neg 0.49570626565627046 __DUMMY__ 0.006716838180574739	false	0.5
schwarz	neg 1.0		off 0.49737986679897983 neg 0.49591439055421815 __DUMMY__ 0.0067057426468020275	false	0.5
fotze	off 1.0	off 1.0	off 0.7317809481480698 neg 0.2650206921646723 __DUMMY__ 0.0031983596872580066	false	1.0
verwirren	neg 1.0		off 0.4979222585817406 neg 0.4953726230709208 __DUMMY__ 0.0067051183473387085	false	0.5
zahnlos	off 1.0		neg 0.49918490619885203 off 0.4940708587188467 __DUMMY__ 0.006744235082301332	false	0.5
verheeren	neg 1.0		off 0.510343282889727 neg 0.48310688603016333 __DUMMY__ 0.006549831080109706	false	0.5
hippie	neg 1.0		off 0.4985084425733993 neg 0.4947990819734357 __DUMMY__ 0.006692475453165063	false	0.5
rammen	neg 1.0		neg 0.49733512084157266 off 0.4959436440106648 __DUMMY__ 0.006721235147762523	false	1.0
unlauter	neg 1.0		neg 0.497149698413522 off 0.4961622367155117 __DUMMY__ 0.006688064870966364	false	1.0
unheilvoll	neg 1.0		neg 0.4975133055492156 off 0.4957818183678465 __DUMMY__ 0.0067048760829379675	false	1.0
niedrig	neg 1.0		neg 0.5022725331114395 off 0.49099717119724423 __DUMMY__ 0.006730295691316314	false	1.0
explosion	neg 1.0		off 0.49869567306706253 neg 0.49460698394457453 __DUMMY__ 0.006697342988362948	false	0.5
weichei	off 1.0	off 1.0	off 0.7372406500246164 neg 0.2596526536347033 __DUMMY__ 0.0031066963406803866	false	1.0
minusmensch	off 1.0		off 0.5090550324725029 neg 0.48440994593756886 __DUMMY__ 0.0065350215899283165	false	1.0
farblos	neg 1.0		neg 0.4984895911124797 off 0.49482068838400173 __DUMMY__ 0.006689720503518683	false	1.0
unwissend	neg 1.0	neg 1.0	neg 0.7323979291172833 off 0.26445133880115973 __DUMMY__ 0.0031507320815569017	false	1.0
traurig	neg 1.0		off 0.5027409913702903 neg 0.49062405038990914 __DUMMY__ 0.006634958239800649	false	0.5
senkung	neg 1.0		neg 0.49868659284426775 off 0.4946712542159989 __DUMMY__ 0.006642152939733388	false	1.0
ungleich	neg 1.0	neg 1.0	neg 0.7355471844561448 off 0.26124582058201357 __DUMMY__ 0.0032069949618417485	false	1.0
heikel	neg 1.0		neg 0.5015236323835731 off 0.49169976921054875 __DUMMY__ 0.006776598405878003	false	1.0
drosselung	neg 1.0		off 0.4975315958574753 neg 0.49586763717576593 __DUMMY__ 0.006600766966758758	false	0.5
falsch	neg 1.0		off 0.49938448126947477 neg 0.4939227978895019 __DUMMY__ 0.006692720841023367	false	0.5
unzufriedenheit	neg 1.0		neg 0.5032737589460877 off 0.489970376211889 __DUMMY__ 0.006755864842023252	false	1.0
kurz	neg 1.0		neg 0.49845806580589924 off 0.49476908992232693 __DUMMY__ 0.006772844271773961	false	1.0
unsinnig	neg 1.0		neg 0.500064793963779 off 0.4932179217587463 __DUMMY__ 0.006717284277474582	false	1.0
penner	off 1.0	off 1.0	off 0.738473879126602 neg 0.25842302024567526 __DUMMY__ 0.0031031006277228114	false	1.0
seicht	neg 1.0		off 0.5056666188052855 neg 0.48780737558426823 __DUMMY__ 0.006526005610446307	false	0.5
dummheit	off 1.0	off 1.0	off 0.7334613805953129 neg 0.26337844377015235 __DUMMY__ 0.00316017563453476	false	1.0
unerfreulich	neg 1.0		neg 0.5015419344040187 off 0.49167472621520153 __DUMMY__ 0.006783339380779721	false	1.0
motherfucker	off 1.0	off 1.0	off 0.736336294824094 neg 0.26052178260256326 __DUMMY__ 0.003141922573342642	false	1.0
pikiert	neg 1.0	neg 1.0	neg 0.7322213359898165 off 0.26463140968577936 __DUMMY__ 0.003147254324404177	false	1.0
wrack	neg 1.0		off 0.49867997546973575 neg 0.49449224393621405 __DUMMY__ 0.006827780594050248	false	0.5
gangster	neg 1.0		off 0.4986113810040712 neg 0.4946999320843615 __DUMMY__ 0.006688686911567339	false	0.5
krank	neg 1.0	neg 1.0	neg 0.7307937395821443 off 0.26604874374456894 __DUMMY__ 0.003157516673286659	false	1.0
reich	neg 1.0		off 0.4969211227888652 neg 0.4964354567664437 __DUMMY__ 0.0066434204446910086	false	0.5
gnadenlos	neg 1.0		off 0.49698727312578 neg 0.4962803863748788 __DUMMY__ 0.0067323404993411915	false	0.5
niedergeschlagen	neg 1.0		neg 0.49910616732919927 off 0.494122009751759 __DUMMY__ 0.006771822919041658	false	1.0
terrorisieren	off 1.0	off 1.0	off 0.7311773312103214 neg 0.2656089468870968 __DUMMY__ 0.0032137219025818497	false	1.0
sinnlosigkeit	neg 1.0		neg 0.49929148041037946 off 0.493955578420863 __DUMMY__ 0.006752941168757571	false	1.0
behindern	neg 1.0		neg 0.4989779750095207 off 0.4943044889266994 __DUMMY__ 0.0067175360637799645	false	1.0
undemokratisch	neg 1.0		off 0.49668843842198146 neg 0.4966198385500854 __DUMMY__ 0.006691723027933119	false	0.5
wirtschaftskrise	neg 1.0		neg 0.5032544194830043 off 0.4900471625747126 __DUMMY__ 0.006698417942283184	false	1.0
neid	neg 1.0		off 0.4982952631854527 neg 0.4950135258014418 __DUMMY__ 0.006691211013105655	false	0.5
rutschen	neg 1.0		neg 0.5042106883731373 off 0.48893944135566825 __DUMMY__ 0.006849870271194297	false	1.0
rezession	neg 1.0		off 0.49912240591403895 neg 0.49431005770336867 __DUMMY__ 0.006567536382592314	false	0.5
fehlgeburt	neg 1.0		off 0.4974531963223692 neg 0.4957967370950738 __DUMMY__ 0.006750066582557133	false	0.5
charakterschwach	off 1.0		off 0.5000389050932349 neg 0.4933084838683663 __DUMMY__ 0.0066526110383987105	false	1.0
isolation	neg 1.0		off 0.4998637674697203 neg 0.49343440579479425 __DUMMY__ 0.0067018267354854635	false	0.5
ablenkung	neg 1.0		neg 0.49701475137095397 off 0.49623387816297415 __DUMMY__ 0.006751370466071777	false	1.0
pech	neg 1.0		off 0.4993764381120521 neg 0.49393942157282367 __DUMMY__ 0.006684140315124162	false	0.5
vermeidung	neg 1.0		off 0.4998714576178826 neg 0.49348628970184705 __DUMMY__ 0.0066422526802704515	false	0.5
dominieren	neg 1.0		neg 0.49799711209355507 off 0.49524068323239934 __DUMMY__ 0.006762204674045636	false	1.0
schwindlig	neg 1.0		neg 0.49672482081213015 off 0.4965775428981632 __DUMMY__ 0.0066976362897066795	false	1.0
lutscher	neg 1.0	neg 1.0	neg 0.7279060850253422 off 0.26902291060927247 __DUMMY__ 0.0030710043653853665	false	1.0
pflicht	neg 1.0		neg 0.5014534949962601 off 0.49173678316623765 __DUMMY__ 0.006809721837502348	false	1.0
faschist	off 1.0		off 0.49883632632929964 neg 0.49447446580251553 __DUMMY__ 0.0066892078681849605	false	1.0
verschleudern	neg 1.0		neg 0.5041073098962706 off 0.4891775146683757 __DUMMY__ 0.006715175435353679	false	1.0
wenn			off 0.49961982053918125 neg 0.49370140755075415 __DUMMY__ 0.006678771910064476	false	0.0
ehebruch	neg 1.0		neg 0.5003532603052013 off 0.49288897559094125 __DUMMY__ 0.00675776410385735	false	1.0
spott	off 1.0		neg 0.4994770972686959 off 0.493747698285085 __DUMMY__ 0.006775204446219036	false	0.5
trostlosigkeit	neg 1.0		neg 0.5046039440269244 off 0.4886339735718854 __DUMMY__ 0.006762082401190063	false	1.0
lutschen	neg 1.0		off 0.4985107764205045 neg 0.49481663705663725 __DUMMY__ 0.006672586522858195	false	0.5
undiszipliniert	neg 1.0		off 0.5024446109131472 neg 0.49090961536012695 __DUMMY__ 0.006645773726725945	false	0.5
kopfschmerz	neg 1.0		neg 0.5027682332554994 off 0.4905038088215516 __DUMMY__ 0.006727957922948989	false	1.0
unvorhergesehen	neg 1.0		neg 0.5016294503883756 off 0.49157025927609377 __DUMMY__ 0.006800290335530686	false	1.0
desinteressiert	neg 1.0		off 0.5012915589665734 neg 0.49206481756059833 __DUMMY__ 0.0066436234728282535	false	0.5
armselig	off 1.0		off 0.5036476022465869 neg 0.48972471700976883 __DUMMY__ 0.0066276807436442585	false	1.0
desaster	neg 1.0		neg 0.5039491077893776 off 0.4892662055183561 __DUMMY__ 0.0067846866922663205	false	1.0
tod	neg 1.0		neg 0.49984564110697494 off 0.4933711070228517 __DUMMY__ 0.006783251870173503	false	1.0
herzlos	neg 1.0		off 0.5029250381197592 neg 0.49044636120457236 __DUMMY__ 0.006628600675668581	false	0.5
unwissenheit	neg 1.0		neg 0.5001674407705009 off 0.49308541027243336 __DUMMY__ 0.00674714895706569	false	1.0
widersinnig	neg 1.0		neg 0.500453563122878 off 0.49283813453406305 __DUMMY__ 0.006708302343059042	false	1.0
bedenklich	neg 1.0		neg 0.5013690643074833 off 0.4918821631612753 __DUMMY__ 0.006748772531241484	false	1.0
beanstanden	neg 1.0		neg 0.5007032039772656 off 0.4924904201660016 __DUMMY__ 0.00680637585673274	false	1.0
panisch	neg 1.0		off 0.4982637430785604 neg 0.49500735955282454 __DUMMY__ 0.006728897368614919	false	0.5
debil	off 1.0		neg 0.5074171251070579 off 0.48573499307879564 __DUMMY__ 0.006847881814146471	false	0.5
abstrich	neg 1.0		neg 0.5011744002484811 off 0.4921160254494646 __DUMMY__ 0.006709574302054336	false	1.0
primitiv	neg 1.0		off 0.50188045899729 neg 0.4914694988371184 __DUMMY__ 0.006650042165591551	false	0.5
abschaum	off 1.0	off 1.0	off 0.7359004253527534 neg 0.2609360220367829 __DUMMY__ 0.0031635526104638054	false	1.0
provozieren	neg 1.0		neg 0.4974415486983727 off 0.4958448082042971 __DUMMY__ 0.006713643097330068	false	1.0
tot	neg 1.0		neg 0.5010527681409181 off 0.4922200089082235 __DUMMY__ 0.00672722295085836	false	1.0
instabil	neg 1.0		off 0.5036122033473 neg 0.4897708552614986 __DUMMY__ 0.006616941391201462	false	0.5
schwuchtel	off 1.0	off 1.0	off 0.7411992495967553 neg 0.2557492016955972 __DUMMY__ 0.003051548707647459	false	1.0
zerren	neg 1.0		neg 0.4989882004156956 off 0.4942365314553587 __DUMMY__ 0.006775268128945839	false	1.0
kinderficker	off 1.0		off 0.5052812182678138 neg 0.48812288919938107 __DUMMY__ 0.006595892532805025	false	1.0
gefahr	neg 1.0		neg 0.5017365043053444 off 0.49146849242925905 __DUMMY__ 0.0067950032653966725	false	1.0
rabiat	neg 1.0		neg 0.4994791281895269 off 0.4937964948006387 __DUMMY__ 0.006724377009834412	false	1.0
verlangsamung	neg 1.0		off 0.5064096912076615 neg 0.4870199379886258 __DUMMY__ 0.006570370803712717	false	0.5
ausgestorben	neg 1.0		neg 0.49847835779329064 off 0.4947720738226863 __DUMMY__ 0.006749568384023215	false	1.0
anklagen	neg 1.0		neg 0.4992278680525415 off 0.49402795468467386 __DUMMY__ 0.006744177262784646	false	1.0
trott	neg 1.0		neg 0.4979291364235373 off 0.49534148565893693 __DUMMY__ 0.006729377917525815	false	1.0
verminderung	neg 1.0		off 0.500403107357399 neg 0.492948405659843 __DUMMY__ 0.006648486982757868	false	0.5
nach			neg 0.5041908306202459 off 0.48892943617276907 __DUMMY__ 0.0068797332069850566	false	0.0
rost	neg 1.0		off 0.510250140351593 neg 0.4831502897560376 __DUMMY__ 0.006599569892369467	false	0.5
destruktiv	neg 1.0		neg 0.49844009634149955 off 0.49483682657922273 __DUMMY__ 0.006723077079277787	false	1.0
unzumutbarkeit	neg 1.0		off 0.5009282721567705 neg 0.49241205111768466 __DUMMY__ 0.006659676725544787	false	0.5
labil	off 1.0	off 1.0	off 0.7347400933355367 neg 0.26210528208415124 __DUMMY__ 0.0031546245803120406	false	1.0
ziemlich	neg 1.0		off 0.5011060770761357 neg 0.4922145727654446 __DUMMY__ 0.006679350158419557	false	0.5
lachnummer	off 1.0		off 0.496678113867562 neg 0.496583272944519 __DUMMY__ 0.006738613187919009	false	1.0
oder			off 0.4970287430731455 neg 0.4962270812339626 __DUMMY__ 0.00674417569289191	false	0.0
verfall	neg 1.0		neg 0.5066632446850867 off 0.4865465398964865 __DUMMY__ 0.00679021541842668	false	1.0
ausgrenzung	neg 1.0		neg 0.4969895830824906 off 0.4963228786040595 __DUMMY__ 0.006687538313450062	false	1.0
unordnung	neg 1.0		off 0.5030585858905217 neg 0.49034197732690604 __DUMMY__ 0.006599436782572199	false	0.5
fehlverhalten	neg 1.0		neg 0.5010222454324407 off 0.4922021365030433 __DUMMY__ 0.0067756180645161075	false	1.0
eine			neg 0.502800686586114 off 0.4904025380548146 __DUMMY__ 0.006796775359071533	false	0.0
nille	neg 1.0		neg 0.49759708152614873 off 0.49567573875258053 __DUMMY__ 0.006727179721270777	false	1.0
qual	neg 1.0		neg 0.49854715845713804 off 0.49472512390392215 __DUMMY__ 0.00672771763893985	false	1.0
verschwenden	neg 1.0		neg 0.5028218615259087 off 0.49042514953223565 __DUMMY__ 0.006752988941855768	false	1.0
riesig	neg 1.0		neg 0.5005936340755394 off 0.49263156759003285 __DUMMY__ 0.006774798334427689	false	1.0
verurteilen	neg 1.0		neg 0.4997797204835809 off 0.4934773479814434 __DUMMY__ 0.0067429315349757666	false	1.0
klischee	neg 1.0	neg 1.0	neg 0.7327513512432934 off 0.2640911582453142 __DUMMY__ 0.0031574905113924256	false	1.0
diktatorisch	neg 1.0		neg 0.4971009199276689 off 0.4962168733557901 __DUMMY__ 0.006682206716540919	false	1.0
vorhersehbar	neg 1.0		off 0.497063260820854 neg 0.49625822086914556 __DUMMY__ 0.006678518310000465	false	0.5
sowie			off 0.5027761361316411 neg 0.49065228352997464 __DUMMY__ 0.006571580338384253	false	0.0
stornieren	neg 1.0		off 0.5014508483325347 neg 0.49179434493826674 __DUMMY__ 0.006754806729198488	false	0.5
besteuerung	neg 1.0	neg 1.0	neg 0.7359248228302658 off 0.26092988460944744 __DUMMY__ 0.0031452925602866453	false	1.0
ungeschminkt	neg 1.0		off 0.5011919595096399 neg 0.4921723778860561 __DUMMY__ 0.0066356626043038765	false	0.5
kritisch	neg 1.0		neg 0.4996023955634846 off 0.49364069856700943 __DUMMY__ 0.006756905869505997	false	1.0
schlamperei	off 1.0		neg 0.501451460233256 off 0.49178987351482917 __DUMMY__ 0.0067586662519149	false	0.5
sucht	neg 1.0	neg 1.0	neg 0.7328698990385788 off 0.26394119662749466 __DUMMY__ 0.003188904333926605	false	1.0
egoistisch	off 1.0	off 1.0	off 0.7380722542557221 neg 0.25880405397081213 __DUMMY__ 0.003123691773465772	false	1.0
ausbeuter	off 1.0		neg 0.5033251594314402 off 0.48993006746634205 __DUMMY__ 0.006744773102217637	false	0.5
arschgeburt	off 1.0		off 0.5114149812447814 neg 0.48210962849098626 __DUMMY__ 0.0064753902642322395	false	1.0
schubs	neg 1.0		neg 0.5022754030112098 off 0.4909953119444375 __DUMMY__ 0.006729285044352721	false	1.0
unsolide	neg 1.0		off 0.4986761339236162 neg 0.49461610442231746 __DUMMY__ 0.006707761654066449	false	0.5
beschwerde	neg 1.0		neg 0.4991639862849725 off 0.49408051914547746 __DUMMY__ 0.006755494569549969	false	1.0
stocken	neg 1.0		neg 0.5003970605255635 off 0.4928411088937094 __DUMMY__ 0.006761830580726994	false	1.0
isolieren	neg 1.0		neg 0.5005015202380498 off 0.4927637941084117 __DUMMY__ 0.006734685653538405	false	1.0
unheilbar	neg 1.0		neg 0.49709983340545394 off 0.4961620030427626 __DUMMY__ 0.006738163551783472	false	1.0
pisser	off 1.0	off 1.0	off 0.7365338122311941 neg 0.26033327970270514 __DUMMY__ 0.003132908066100736	false	1.0
löschen	neg 1.0		neg 0.4981134801591894 off 0.4951746404589668 __DUMMY__ 0.006711879381843674	false	1.0
durchfallen	neg 1.0		neg 0.4995739126140558 off 0.4936646046483136 __DUMMY__ 0.006761482737630589	false	1.0
wichser	off 1.0	off 1.0	off 0.7399511536101205 neg 0.2569636128115249 __DUMMY__ 0.0030852335783545246	false	1.0
terror	neg 1.0		off 0.4982281691120025 neg 0.4950797272260322 __DUMMY__ 0.006692103661965206	false	0.5
krass	neg 1.0		off 0.5042281183246177 neg 0.4891662762030543 __DUMMY__ 0.006605605472328003	false	0.5
revolte	neg 1.0		neg 0.4974386194946522 off 0.495918758589918 __DUMMY__ 0.006642621915429957	false	1.0
besorgt	neg 1.0		neg 0.49761697651065806 off 0.49560001877358617 __DUMMY__ 0.006783004715755835	false	1.0
nachlassen	neg 1.0		neg 0.4991897149800381 off 0.4940295603734143 __DUMMY__ 0.00678072464654779	false	1.0
alt	neg 1.0		neg 0.505474342204991 off 0.4878379891679515 __DUMMY__ 0.006687668627057562	false	1.0
hundesohn	off 1.0	off 1.0	off 0.7391124139968634 neg 0.2578017230835539 __DUMMY__ 0.003085862919582633	false	1.0
als			neg 0.49981076699230714 off 0.49344169321501186 __DUMMY__ 0.0067475397926811025	false	0.0
abschreckung	neg 1.0		neg 0.5025385828785546 off 0.49068991627730246 __DUMMY__ 0.006771500844142917	false	1.0
unqualifiziert	neg 1.0		off 0.49960906357232804 neg 0.49370512407105094 __DUMMY__ 0.006685812356620969	false	0.5
abgewichst	off 1.0		neg 0.4976835581216755 off 0.49557567407141506 __DUMMY__ 0.006740767806909394	false	0.5
schwer	neg 1.0		neg 0.49769341408062384 off 0.4955601909491155 __DUMMY__ 0.0067463949702607	false	1.0
bedeutungslosigkeit	neg 1.0		neg 0.5018185209317911 off 0.49141091043063184 __DUMMY__ 0.006770568637577069	false	1.0
kapitulation	neg 1.0		neg 0.5019375553588566 off 0.49133571421565214 __DUMMY__ 0.006726730425491288	false	1.0
unscharf	neg 1.0		neg 0.49875859551594404 off 0.49458497342278873 __DUMMY__ 0.006656431061267223	false	1.0
schwinden	neg 1.0		neg 0.5026115250216436 off 0.49063349568145787 __DUMMY__ 0.006754979296898414	false	1.0
versklavung	neg 1.0	neg 1.0	neg 0.7345272916309217 off 0.26231386622867015 __DUMMY__ 0.0031588421404081042	false	1.0
schlecht	neg 1.0		off 0.5014017630503554 neg 0.49191654475931146 __DUMMY__ 0.006681692190333217	false	0.5
verhasst	neg 1.0		neg 0.49726949987714375 off 0.49603055536138246 __DUMMY__ 0.006699944761473838	false	1.0
beschweren	neg 1.0		off 0.49796581550331387 neg 0.49531010650905866 __DUMMY__ 0.006724077987627445	false	0.5
scheiden	neg 1.0		neg 0.49731521867032663 off 0.4959509321935243 __DUMMY__ 0.0067338491361490435	false	1.0
frustriert	neg 1.0		neg 0.4985439876152799 off 0.4947028361471495 __DUMMY__ 0.006753176237570627	false	1.0
schimmelig	neg 1.0		neg 0.5032409562373971 off 0.490048437725209 __DUMMY__ 0.006710606037393786	false	1.0
fisch	neg 1.0		neg 0.506971222427313 off 0.48630122435427003 __DUMMY__ 0.006727553218416853	false	1.0
schmuggel	neg 1.0		neg 0.5018841780013661 off 0.491308682023707 __DUMMY__ 0.006807139974927008	false	1.0
auffallen	neg 1.0		off 0.497834840881108 neg 0.49545522788491614 __DUMMY__ 0.006709931233975837	false	0.5
konkurrenz	neg 1.0		neg 0.5001392700196851 off 0.4930532686963179 __DUMMY__ 0.006807461283996992	false	1.0
teufelskreis	neg 1.0	neg 1.0	neg 0.7354891567562485 off 0.26133475860493677 __DUMMY__ 0.003176084638814772	false	1.0
aufschreien	neg 1.0		off 0.49702991323905277 neg 0.49628815817963434 __DUMMY__ 0.006681928581312938	false	0.5
schuldner	neg 1.0		neg 0.504559718513705 off 0.4887114090981238 __DUMMY__ 0.006728872388171247	false	1.0
missgeburt	off 1.0	off 1.0	off 0.7392874557074208 neg 0.2576029377671544 __DUMMY__ 0.0031096065254247363	false	1.0
arbeitslos	neg 1.0		neg 0.5003745941475617 off 0.4928730917057764 __DUMMY__ 0.0067523141466617025	false	1.0
befallen	neg 1.0		neg 0.5029450831749387 off 0.49038180845638446 __DUMMY__ 0.006673108368676834	false	1.0
miesepetrig	off 1.0	off 1.0	off 0.7349904055851614 neg 0.26185225734848294 __DUMMY__ 0.003157337066355705	false	1.0
alarmieren	neg 1.0		off 0.49944507890924944 neg 0.49388130852924866 __DUMMY__ 0.00667361256150182	false	0.5
ungeduscht	off 1.0		off 0.49822993647204467 neg 0.4951096053219495 __DUMMY__ 0.006660458206005815	false	1.0
knappheit	neg 1.0		neg 0.5022932657360658 off 0.49099634379914764 __DUMMY__ 0.006710390464786641	false	1.0
schlange	neg 1.0		off 0.49663501675044236 neg 0.4966247124542995 __DUMMY__ 0.006740270795258242	false	0.5
harsch	neg 1.0		off 0.505514015431199 neg 0.4878429827123773 __DUMMY__ 0.006643001856423601	false	0.5
lang	neg 1.0		neg 0.4966659771994629 off 0.49661837094067685 __DUMMY__ 0.006715651859860336	false	1.0
ziellos	neg 1.0		neg 0.500277789428742 off 0.49293162610009983 __DUMMY__ 0.00679058447115817	false	1.0
selbstverliebt	neg 1.0		off 0.5110075347269332 neg 0.4824529438658875 __DUMMY__ 0.006539521407179379	false	0.5
beseitigen	neg 1.0		neg 0.497020626297385 off 0.4962339122698098 __DUMMY__ 0.006745461432805252	false	1.0
dumm	off 1.0		off 0.5058672471256697 neg 0.4875497646887449 __DUMMY__ 0.006582988185585528	false	1.0
arbeitsloser	neg 1.0		off 0.49715235386769363 neg 0.49603061926521785 __DUMMY__ 0.006817026867088505	false	0.5
blitzen	neg 1.0		off 0.4979876138381938 neg 0.4953417456295264 __DUMMY__ 0.006670640532279828	false	0.5
hilflos	neg 1.0		neg 0.5002083648921742 off 0.4930401809501137 __DUMMY__ 0.006751454157712051	false	1.0
eklig	off 1.0		off 0.5049086404977033 neg 0.48853607581721686 __DUMMY__ 0.006555283685079811	false	1.0
begriff			neg 0.4975456666930647 off 0.4957105502767293 __DUMMY__ 0.006743783030206058	false	0.0
hungersnot	neg 1.0		neg 0.5017779480239931 off 0.4915044753751619 __DUMMY__ 0.0067175766008450615	false	1.0
ungesetzlich	neg 1.0		off 0.49732005037607846 neg 0.4959809131657266 __DUMMY__ 0.006699036458194833	false	0.5
verschwendung	neg 1.0		neg 0.501991208086653 off 0.49124063472608753 __DUMMY__ 0.006768157187259359	false	1.0
schmerzvoll	neg 1.0		neg 0.4973205780120112 off 0.4959778950800084 __DUMMY__ 0.006701526907980352	false	1.0
vorzeitig	neg 1.0		off 0.5024925519961405 neg 0.4907973752912566 __DUMMY__ 0.006710072712602897	false	0.5
unvollkommenheit	neg 1.0		neg 0.49931402557715887 off 0.4939442109515911 __DUMMY__ 0.006741763471250031	false	1.0
intervenieren	neg 1.0		neg 0.5033812369997462 off 0.4898891711666207 __DUMMY__ 0.006729591833633209	false	1.0
banause	off 1.0		off 0.5044996820584828 neg 0.48899006168041464 __DUMMY__ 0.006510256261102552	false	1.0
rebell	neg 1.0		neg 0.5077229976985382 off 0.4855153441147683 __DUMMY__ 0.006761658186693512	false	1.0
unlogisch	neg 1.0		off 0.5016858261907086 neg 0.4916919182424512 __DUMMY__ 0.00662225556684028	false	0.5
leiden	neg 1.0		neg 0.5005314236022009 off 0.4926510132739736 __DUMMY__ 0.006817563123825447	false	1.0
abschaffung	neg 1.0		neg 0.4984348491135459 off 0.49487530418057096 __DUMMY__ 0.0066898467058831255	false	1.0
sturz	neg 1.0		off 0.49989324381237094 neg 0.49335792267891 __DUMMY__ 0.006748833508719081	false	0.5
verkleinerung	neg 1.0		neg 0.4977344565432117 off 0.4956402843991996 __DUMMY__ 0.006625259057588733	false	1.0
schmarotzer	off 1.0		neg 0.4994194690967389 off 0.4938363896729321 __DUMMY__ 0.006744141230329089	false	0.5
bestrafung	neg 1.0	neg 1.0	neg 0.7336997579146695 off 0.2631128992693618 __DUMMY__ 0.003187342815968671	false	1.0
