unsolidarisch	neg 1.0		neg 0.4696394130119246 off 0.4660998936681491 __DUMMY__ 0.06426069331992616	false	1.0
nachteilig	neg 1.0		neg 0.4702220235935439 off 0.4646404740342439 __DUMMY__ 0.0651375023722121	false	1.0
skeptisch	neg 1.0		neg 0.47263787801635676 off 0.4623033487914549 __DUMMY__ 0.06505877319218828	false	1.0
schrecklich	neg 1.0		off 0.47473456328813696 neg 0.4616213206725378 __DUMMY__ 0.06364411603932525	false	0.5
schlapp	neg 1.0	neg 1.0	neg 0.7179585638450359 off 0.2516741969739125 __DUMMY__ 0.030367239181051543	false	1.0
abfall	neg 1.0		neg 0.47304060082071725 off 0.4613052503989174 __DUMMY__ 0.06565414878036542	false	1.0
widerspenstig	neg 1.0		neg 0.47093512967088247 off 0.46465969315947336 __DUMMY__ 0.06440517716964406	false	1.0
abrupt	neg 1.0		neg 0.47478992443448226 off 0.460374643994991 __DUMMY__ 0.06483543157052665	false	1.0
unwirksam	neg 1.0		neg 0.47333982155549026 off 0.4628553255693498 __DUMMY__ 0.06380485287515991	false	1.0
angreifen	neg 1.0		neg 0.47288173505232894 off 0.46196863936488036 __DUMMY__ 0.06514962558279079	false	1.0
inkonsistent	neg 1.0		off 0.46802370789885145 neg 0.46785727275744127 __DUMMY__ 0.06411901934370721	false	0.5
abrutschen	neg 1.0		neg 0.4742706609267235 off 0.4601789405782469 __DUMMY__ 0.06555039849502964	false	1.0
unsicher	neg 1.0		neg 0.46803460467553265 off 0.46722342333612615 __DUMMY__ 0.06474197198834118	false	1.0
bauernkind	off 1.0	off 1.0	off 0.722267076281359 neg 0.24804835349777854 __DUMMY__ 0.02968457022086244	false	1.0
angreifer	neg 1.0		off 0.47196257416266735 neg 0.4634885045627534 __DUMMY__ 0.06454892127457913	false	0.5
trennen	neg 1.0		neg 0.47217172930116286 off 0.46253223429672286 __DUMMY__ 0.0652960364021144	false	1.0
schmutz	neg 1.0		off 0.47357775918964556 neg 0.46143422283889496 __DUMMY__ 0.06498801797145962	false	0.5
inkonsistenz	neg 1.0		off 0.4714742753626838 neg 0.4643833079010419 __DUMMY__ 0.06414241673627419	false	0.5
erschreckend	neg 1.0		neg 0.469351452225438 off 0.4659663420777609 __DUMMY__ 0.06468220569680107	false	1.0
ertrinken	neg 1.0		neg 0.47486627456858227 off 0.46016824366314135 __DUMMY__ 0.06496548176827638	false	1.0
pickelface	off 1.0		neg 0.4688793498844721 off 0.4666512899964935 __DUMMY__ 0.06446936011903445	false	0.5
seiner			neg 0.4715317959862144 off 0.463211609987132 __DUMMY__ 0.06525659402665365	false	0.0
lauch	neg 1.0	neg 1.0	neg 0.7239797627696967 off 0.2450265399803167 __DUMMY__ 0.03099369724998659	false	1.0
unwichtig	neg 1.0		off 0.47071177657065433 neg 0.46524795497320676 __DUMMY__ 0.0640402684561388	false	0.5
steuerhinterziehung	neg 1.0		neg 0.47059916821444603 off 0.46492926374275984 __DUMMY__ 0.06447156804279423	false	1.0
schock	neg 1.0		neg 0.4699067282983252 off 0.46529068194751266 __DUMMY__ 0.06480258975416209	false	1.0
beule	neg 1.0		off 0.47258317120186427 neg 0.46368052230838647 __DUMMY__ 0.06373630648974915	false	0.5
vergelten	neg 1.0		off 0.47683340554661346 neg 0.4594218422116843 __DUMMY__ 0.0637447522417023	false	0.5
verdorbenheit	neg 1.0		neg 0.46845152318595434 off 0.4671571419919652 __DUMMY__ 0.06439133482208048	false	1.0
trauma	neg 1.0		neg 0.46851779707144947 off 0.4671545701128907 __DUMMY__ 0.06432763281565987	false	1.0
sinnlos	neg 1.0		off 0.46833614048220845 neg 0.46727484715383794 __DUMMY__ 0.06438901236395356	false	0.5
fettsack	off 1.0	off 1.0	off 0.7235204930675863 neg 0.24675575114772752 __DUMMY__ 0.02972375578468619	false	1.0
feige	off 1.0	off 1.0	off 0.7213755078028091 neg 0.24839581159768379 __DUMMY__ 0.030228680599506987	false	1.0
abdanken	neg 1.0		neg 0.46898330451012443 off 0.46635864077160344 __DUMMY__ 0.06465805471827224	false	1.0
wichtigtuer	off 1.0	off 1.0	off 0.720587977494748 neg 0.24887681528665404 __DUMMY__ 0.030535207218598013	false	1.0
misslingen	neg 1.0	neg 1.0	neg 0.7168757376106539 off 0.2521401434415039 __DUMMY__ 0.03098411894784227	false	1.0
untreu	off 1.0		off 0.4718094570879251 neg 0.4642785915976796 __DUMMY__ 0.0639119513143952	false	1.0
missmutig	neg 1.0		off 0.4695190960497622 neg 0.4663324274351995 __DUMMY__ 0.06414847651503836	false	0.5
hurenbock	off 1.0		neg 0.47308713081889153 off 0.46302004073538194 __DUMMY__ 0.06389282844572645	false	0.5
betrunken	neg 1.0		off 0.4735798209587984 neg 0.4627026008582773 __DUMMY__ 0.06371757818292431	false	0.5
korrupt	off 1.0		neg 0.4715233635553562 off 0.4640331250871808 __DUMMY__ 0.06444351135746314	false	0.5
unmut	neg 1.0		neg 0.4740226535315505 off 0.4607305543259391 __DUMMY__ 0.06524679214251038	false	1.0
hackfresse	off 1.0		off 0.4787404830238166 neg 0.458101227412751 __DUMMY__ 0.06315828956343239	false	1.0
aufblasen	neg 1.0		neg 0.46845037205827095 off 0.46698652460765255 __DUMMY__ 0.06456310333407653	false	1.0
gewaltsam	neg 1.0		neg 0.46915331530425103 off 0.4662230229506147 __DUMMY__ 0.0646236617451343	false	1.0
unbeliebtheit	neg 1.0		off 0.4720952025919704 neg 0.46396853866900317 __DUMMY__ 0.06393625873902647	false	0.5
sturheit	neg 1.0		neg 0.46806778560831624 off 0.4670515156913218 __DUMMY__ 0.06488069870036194	false	1.0
kuh	neg 1.0		neg 0.47352308795533654 off 0.4632598341553523 __DUMMY__ 0.06321707788931115	false	1.0
erschrecken	neg 1.0		off 0.47067667867686147 neg 0.4650722504133254 __DUMMY__ 0.06425107090981316	false	0.5
opfer	neg 1.0		neg 0.4694339330565308 off 0.46534157856669695 __DUMMY__ 0.06522448837677221	false	1.0
sinken	neg 1.0		neg 0.4748157500684451 off 0.4601747042330169 __DUMMY__ 0.06500954569853816	false	1.0
stinktier	neg 1.0		off 0.47285481749862973 neg 0.4644015158837983 __DUMMY__ 0.062743666617572	false	0.5
tucke	off 1.0		off 0.4772736154560558 neg 0.4603429998334188 __DUMMY__ 0.06238338471052538	false	1.0
ein			neg 0.47126425835914143 off 0.46432004019200407 __DUMMY__ 0.06441570144885456	false	0.0
abstieg	neg 1.0		off 0.46833777796246107 neg 0.4662668282805662 __DUMMY__ 0.06539539375697279	false	0.5
missverstehen	neg 1.0		off 0.4691006429928302 neg 0.46661176852384123 __DUMMY__ 0.06428758848332854	false	0.5
ergebnislos	neg 1.0		neg 0.4698959785053863 off 0.46488860509853636 __DUMMY__ 0.06521541639607731	false	1.0
unter			neg 0.4756949135346071 off 0.4581388711437498 __DUMMY__ 0.0661662153216431	false	0.0
manipulieren	neg 1.0		neg 0.47081490645929025 off 0.4639559148376669 __DUMMY__ 0.06522917870304294	false	1.0
unbewiesen	neg 1.0	neg 1.0	neg 0.7197318727172077 off 0.2496568035789747 __DUMMY__ 0.03061132370381767	false	1.0
verschleppen	neg 1.0		neg 0.4715330758462043 off 0.4636980959273262 __DUMMY__ 0.06476882822646951	false	1.0
weib	off 1.0		off 0.4790017844764313 neg 0.45833290468672006 __DUMMY__ 0.06266531083684868	false	1.0
opposition	neg 1.0		neg 0.469414219824667 off 0.46645400856355584 __DUMMY__ 0.06413177161177722	false	1.0
verkehrswidrig	neg 1.0	neg 1.0	neg 0.7138901973620856 off 0.2557616462380969 __DUMMY__ 0.030348156399817434	false	1.0
inkorrekt	neg 1.0		off 0.474124349387823 neg 0.462288961348639 __DUMMY__ 0.0635866892635379	false	0.5
vermeiden	neg 1.0		neg 0.4745909873603931 off 0.459801673002404 __DUMMY__ 0.06560733963720299	false	1.0
abweichung	neg 1.0	neg 1.0	neg 0.7195621291773807 off 0.24941336167474049 __DUMMY__ 0.0310245091478787	false	1.0
alkoholisiert	neg 1.0		neg 0.46993289914101416 off 0.46460121955157757 __DUMMY__ 0.0654658813074082	false	1.0
scheiss	off 1.0	off 1.0	off 0.7219775608877169 neg 0.24790637738271945 __DUMMY__ 0.030116061729563694	false	1.0
herausforderung	neg 1.0		neg 0.4695586801947821 off 0.46542840729412605 __DUMMY__ 0.0650129125110919	false	1.0
pervers	off 1.0		off 0.48178523036589055 neg 0.4556738022578938 __DUMMY__ 0.06254096737621567	false	1.0
wackelig	neg 1.0		neg 0.4696016635025621 off 0.4653704737548009 __DUMMY__ 0.06502786274263692	false	1.0
verwickeln	neg 1.0		off 0.46807145514460813 neg 0.46758284735728767 __DUMMY__ 0.06434569749810425	false	0.5
vorwand	neg 1.0		neg 0.47346597628400006 off 0.4613845578172814 __DUMMY__ 0.06514946589871846	false	1.0
muschi	off 1.0		neg 0.4689447944429143 off 0.466368419873437 __DUMMY__ 0.06468678568364865	false	0.5
entmutigung	neg 1.0		neg 0.46856729017164384 off 0.4673740324481814 __DUMMY__ 0.06405867738017479	false	1.0
unangemessen	neg 1.0		neg 0.46895462467861326 off 0.46622775481668305 __DUMMY__ 0.06481762050470358	false	1.0
unstetig	neg 1.0		off 0.47039888409396136 neg 0.4654297035151022 __DUMMY__ 0.06417141239093647	false	0.5
entmutigen	neg 1.0		neg 0.4677815557908209 off 0.46768868992528806 __DUMMY__ 0.06452975428389104	false	1.0
schwanz	neg 1.0		neg 0.47173631837895197 off 0.4635355292688821 __DUMMY__ 0.06472815235216597	false	1.0
verbot	neg 1.0		neg 0.47181144091388777 off 0.4637044602640304 __DUMMY__ 0.06448409882208184	false	1.0
leid	neg 1.0		off 0.4757392300617561 neg 0.46086715805726 __DUMMY__ 0.0633936118809839	false	0.5
archaisch	neg 1.0		neg 0.4707896451268811 off 0.46458510509430473 __DUMMY__ 0.06462524977881418	false	1.0
gegen			neg 0.4716770135431201 off 0.46284716252390534 __DUMMY__ 0.06547582393297467	false	0.0
scheidung	neg 1.0		off 0.4889245065493452 neg 0.44817773313817044 __DUMMY__ 0.06289776031248452	false	0.5
einschlag	neg 1.0		off 0.47705506924479435 neg 0.4589983237080675 __DUMMY__ 0.06394660704713817	false	0.5
m			neg 0.4701466323712643 off 0.4649975428723985 __DUMMY__ 0.06485582475633726	false	0.0
abgestanden	neg 1.0		neg 0.4746414179651554 off 0.4616408226964977 __DUMMY__ 0.06371775933834695	false	1.0
schmierig	off 1.0		off 0.47557138751517375 neg 0.4609829022786037 __DUMMY__ 0.06344571020622256	false	1.0
unpraktisch	neg 1.0		off 0.4686383196243658 neg 0.46680059995950035 __DUMMY__ 0.06456108041613394	false	0.5
wixxer	off 1.0		off 0.48095333571129906 neg 0.4567318432700783 __DUMMY__ 0.06231482101862255	false	1.0
bezeichnet			neg 0.4678758659195752 off 0.467464404083202 __DUMMY__ 0.06465972999722282	false	0.0
jammerlappen	off 1.0		off 0.47138857520367977 neg 0.4645300248995479 __DUMMY__ 0.06408139989677243	false	1.0
farce	neg 1.0		neg 0.4705833609943225 off 0.4651080675994436 __DUMMY__ 0.06430857140623392	false	1.0
zwecklos	neg 1.0		neg 0.4708174784353682 off 0.46441669028856714 __DUMMY__ 0.06476583127606476	false	1.0
turbulent	neg 1.0		off 0.47284817946758845 neg 0.4634022685315059 __DUMMY__ 0.06374955200090564	false	0.5
invasion	neg 1.0		off 0.4690440648325038 neg 0.46663770422174145 __DUMMY__ 0.06431823094575481	false	0.5
schuld	neg 1.0		off 0.4677978659356141 neg 0.46772301190633403 __DUMMY__ 0.0644791221580519	false	0.5
risiko	neg 1.0		neg 0.4694944388819698 off 0.4664756886343544 __DUMMY__ 0.06402987248367593	false	1.0
finster	neg 1.0		neg 0.47088809320261904 off 0.46477331935284755 __DUMMY__ 0.0643385874445335	false	1.0
geisteskrank	off 1.0		off 0.4731980856816298 neg 0.46305297662420675 __DUMMY__ 0.0637489376941634	false	1.0
zusammenbrechen	neg 1.0		neg 0.4707607896496623 off 0.4645017856193439 __DUMMY__ 0.06473742473099389	false	1.0
ausbeute	neg 1.0		off 0.46779551752121323 neg 0.4671526493892622 __DUMMY__ 0.06505183308952456	false	0.5
hinterhalt	neg 1.0		neg 0.4708506306864885 off 0.4645612106643492 __DUMMY__ 0.06458815864916227	false	1.0
kritik	neg 1.0		neg 0.4710082727022635 off 0.4646812193573484 __DUMMY__ 0.06431050794038819	false	1.0
einschrumpfen	neg 1.0		off 0.4690711355026239 neg 0.46728036195803896 __DUMMY__ 0.06364850253933718	false	0.5
riskant	neg 1.0		neg 0.4731139069253578 off 0.46193755350844745 __DUMMY__ 0.06494853956619481	false	1.0
frustrieren	neg 1.0		neg 0.4729569825869361 off 0.46226322665639813 __DUMMY__ 0.0647797907566657	false	1.0
groll	neg 1.0		neg 0.4693306447851275 off 0.465741370457713 __DUMMY__ 0.06492798475715947	false	1.0
gibt			neg 0.47020577737017094 off 0.46488688685280866 __DUMMY__ 0.06490733577702036	false	0.0
qualvoll	neg 1.0		off 0.4684547642034895 neg 0.46719138912183905 __DUMMY__ 0.06435384667467148	false	0.5
wackeln	neg 1.0		neg 0.46870939245965365 off 0.46663722230689064 __DUMMY__ 0.06465338523345573	false	1.0
klagen	neg 1.0		neg 0.4739452222621463 off 0.4610213896275273 __DUMMY__ 0.06503338811032633	false	1.0
bankrott	neg 1.0		off 0.47175637837425255 neg 0.46397552646449614 __DUMMY__ 0.06426809516125127	false	0.5
trauern	neg 1.0		neg 0.4687690595523578 off 0.465702767085182 __DUMMY__ 0.0655281733624603	false	1.0
ablehnung	neg 1.0		neg 0.4710640176783032 off 0.46450169155646226 __DUMMY__ 0.06443429076523463	false	1.0
stur	neg 1.0		neg 0.46846521588454443 off 0.4671610905363017 __DUMMY__ 0.06437369357915385	false	1.0
aufruhr	neg 1.0	neg 1.0	neg 0.7203016972419696 off 0.2490487132801665 __DUMMY__ 0.03064958947786392	false	1.0
melancholie	neg 1.0		neg 0.47453471698949573 off 0.46067465218440223 __DUMMY__ 0.06479063082610208	false	1.0
ist			off 0.4683093240117128 neg 0.46724807855339373 __DUMMY__ 0.06444259743489356	false	0.0
torheit	neg 1.0		off 0.4679086734288422 neg 0.46762370200167375 __DUMMY__ 0.06446762456948388	false	0.5
dreckskind	off 1.0		off 0.47894348028853606 neg 0.4581512870259547 __DUMMY__ 0.06290523268550932	false	1.0
umtauschen	neg 1.0		neg 0.46982830912910695 off 0.4656038057251327 __DUMMY__ 0.06456788514576045	false	1.0
zum			neg 0.47025412982479253 off 0.4635597402962564 __DUMMY__ 0.06618612987895112	false	0.0
zersetzen	neg 1.0		neg 0.47371017294516443 off 0.4614039271544284 __DUMMY__ 0.06488589990040727	false	1.0
zur			neg 0.47408930222855405 off 0.46026073502327225 __DUMMY__ 0.06564996274817364	false	0.0
frust	neg 1.0		neg 0.4704368533548069 off 0.46472904088835004 __DUMMY__ 0.06483410575684313	false	1.0
unerbittlichkeit	neg 1.0		neg 0.4712821390225603 off 0.4636601703512283 __DUMMY__ 0.0650576906262113	false	1.0
zwei			neg 0.4740359386685958 off 0.4602129079051999 __DUMMY__ 0.06575115342620425	false	0.0
unkorrekt	neg 1.0		off 0.47255784199192785 neg 0.46381814239599106 __DUMMY__ 0.06362401561208114	false	0.5
hexe	off 1.0		off 0.46864810414074554 neg 0.4676682438444507 __DUMMY__ 0.06368365201480375	false	1.0
lasch	neg 1.0		off 0.4706846783065595 neg 0.4651344966643606 __DUMMY__ 0.06418082502907987	false	0.5
rivale	neg 1.0		off 0.47482561667487344 neg 0.46152821780487135 __DUMMY__ 0.06364616552025527	false	0.5
mutlos	off 1.0	off 1.0	off 0.7177543439862815 neg 0.25143734165499926 __DUMMY__ 0.03080831435871924	false	1.0
wirr	off 1.0		off 0.4749399917203669 neg 0.4615476705841021 __DUMMY__ 0.06351233769553088	false	1.0
jahr			neg 0.4679916681710986 off 0.4663215683606009 __DUMMY__ 0.06568676346830046	false	0.0
wird			neg 0.470548000925836 off 0.46447560593127984 __DUMMY__ 0.06497639314288423	false	0.0
strafbar	neg 1.0		neg 0.47156222811040993 off 0.4634010547659261 __DUMMY__ 0.06503671712366398	false	1.0
erosion	neg 1.0		neg 0.468578770921249 off 0.4668492888140277 __DUMMY__ 0.06457194026472335	false	1.0
eingehen	neg 1.0		neg 0.47281245020595997 off 0.4623534279366334 __DUMMY__ 0.06483412185740656	false	1.0
faul	off 1.0		off 0.47035580567753427 neg 0.46553934030036137 __DUMMY__ 0.06410485402210447	false	1.0
provisorium	neg 1.0		neg 0.4752406899428032 off 0.4585477277116291 __DUMMY__ 0.06621158234556763	false	1.0
schmerzen	neg 1.0		neg 0.47071956844196106 off 0.4647195707115753 __DUMMY__ 0.06456086084646344	false	1.0
schrumpfen	neg 1.0		neg 0.4770296256736233 off 0.4577539947467654 __DUMMY__ 0.06521637957961125	false	1.0
geistlos	off 1.0		off 0.46800083225271216 neg 0.4679600585920283 __DUMMY__ 0.06403910915525941	false	1.0
fehlkauf	neg 1.0		neg 0.4681341197945632 off 0.46775840203019803 __DUMMY__ 0.06410747817523879	false	1.0
frustrierend	neg 1.0		off 0.47013281603793794 neg 0.465678667298811 __DUMMY__ 0.06418851666325104	false	0.5
unzufrieden	neg 1.0		neg 0.4707804542903862 off 0.4644004597472017 __DUMMY__ 0.06481908596241208	false	1.0
verzweifeln	neg 1.0		neg 0.46908496295741303 off 0.4661373635582723 __DUMMY__ 0.06477767348431468	false	1.0
verzweifelt	neg 1.0		off 0.4678079006829962 neg 0.467730822923987 __DUMMY__ 0.0644612763930167	false	0.5
misstrauensantrag	neg 1.0		off 0.4682969326662221 neg 0.46739327398241926 __DUMMY__ 0.06430979335135859	false	0.5
abfallen	neg 1.0		neg 0.46917740439376804 off 0.46632435169415914 __DUMMY__ 0.06449824391207294	false	1.0
fucker	off 1.0		off 0.4747327130059738 neg 0.4614661223838106 __DUMMY__ 0.06380116461021561	false	1.0
ungezogen	neg 1.0		off 0.4801912840930315 neg 0.4569579811754919 __DUMMY__ 0.06285073473147647	false	0.5
irrsinnig	neg 1.0	neg 1.0	neg 0.7201325853690486 off 0.24929410746556815 __DUMMY__ 0.030573307165383205	false	1.0
unfassbar	neg 1.0		off 0.47238284133751374 neg 0.46360022201227113 __DUMMY__ 0.06401693665021511	false	0.5
hart	neg 1.0		neg 0.4683776050505005 off 0.4683541153620075 __DUMMY__ 0.06326827958749212	false	1.0
widerlich	off 1.0		off 0.47229200233384566 neg 0.4638552063995382 __DUMMY__ 0.06385279126661615	false	1.0
fatal	neg 1.0	neg 1.0	neg 0.7206729259690962 off 0.24903871919792792 __DUMMY__ 0.03028835483297585	false	1.0
bruch	neg 1.0		neg 0.4721492816713777 off 0.46229222728283237 __DUMMY__ 0.0655584910457899	false	1.0
aushungern	neg 1.0		neg 0.4718558657184738 off 0.463703665381363 __DUMMY__ 0.06444046890016328	false	1.0
anspannung	neg 1.0		neg 0.4729069301581689 off 0.4612051761190965 __DUMMY__ 0.06588789372273451	false	1.0
von			neg 0.47240569231003254 off 0.4623621823377457 __DUMMY__ 0.06523212535222182	false	0.0
kraftlos	neg 1.0		neg 0.47071408449320545 off 0.4643669103105596 __DUMMY__ 0.06491900519623493	false	1.0
vom			neg 0.4730119100344029 off 0.46056819314934055 __DUMMY__ 0.06641989681625662	false	0.0
grenzdebil	off 1.0		off 0.47177155413355126 neg 0.4644001346168573 __DUMMY__ 0.06382831124959143	false	1.0
vor			neg 0.47332038694612605 off 0.46132366988604456 __DUMMY__ 0.06535594316782932	false	0.0
unterwerfen	neg 1.0		neg 0.4710905692362282 off 0.4639370305425021 __DUMMY__ 0.06497240022126963	false	1.0
versenkung	neg 1.0		neg 0.4712793148488222 off 0.46364801599599215 __DUMMY__ 0.06507266915518574	false	1.0
entziehen	neg 1.0		neg 0.4735267977851813 off 0.4613096699453538 __DUMMY__ 0.06516353226946499	false	1.0
finanzkrise	neg 1.0		neg 0.4747147028629813 off 0.4614789349985249 __DUMMY__ 0.06380636213849387	false	1.0
schimpfend	neg 1.0		off 0.4683719954369891 neg 0.46696047234833166 __DUMMY__ 0.06466753221467918	false	0.5
profan	neg 1.0		off 0.46859383631637297 neg 0.46710303683968063 __DUMMY__ 0.06430312684394637	false	0.5
korruption	neg 1.0		neg 0.47218253882593403 off 0.4633156749637968 __DUMMY__ 0.06450178621026934	false	1.0
â			neg 0.47142894705050464 off 0.4637634560136603 __DUMMY__ 0.06480759693583496	false	0.0
schmutzig	neg 1.0		off 0.4724363481234977 neg 0.46366466443573284 __DUMMY__ 0.06389898744076938	false	0.5
sexy	neg 1.0		off 0.4706656735439436 neg 0.46505872522348274 __DUMMY__ 0.06427560123257377	false	0.5
abraten	neg 1.0		off 0.4688321656757141 neg 0.46670733670551456 __DUMMY__ 0.06446049761877128	false	0.5
schwarz	neg 1.0		off 0.4686864415069451 neg 0.46695963219240555 __DUMMY__ 0.0643539263006494	false	0.5
fotze	off 1.0	off 1.0	off 0.7180748157569158 neg 0.2511636433177044 __DUMMY__ 0.030761540925379773	false	1.0
verwirren	neg 1.0		off 0.46922729341416347 neg 0.46642450192919443 __DUMMY__ 0.06434820465664208	false	0.5
zahnlos	off 1.0		neg 0.4700344395061572 off 0.46524516847749836 __DUMMY__ 0.06472039201634446	false	0.5
verheeren	neg 1.0		off 0.48221607356844565 neg 0.4549131657587064 __DUMMY__ 0.06287076067284796	false	0.5
hippie	neg 1.0		off 0.46986290269183534 neg 0.4659097073647161 __DUMMY__ 0.06422738994344868	false	0.5
rammen	neg 1.0		neg 0.46830798998816087 off 0.4671870754861305 __DUMMY__ 0.06450493452570873	false	1.0
unlauter	neg 1.0		neg 0.46825697946295103 off 0.46755580245409795 __DUMMY__ 0.06418721808295108	false	1.0
unheilvoll	neg 1.0		neg 0.46855489047437704 off 0.4670973890646238 __DUMMY__ 0.06434772046099925	false	1.0
niedrig	neg 1.0		neg 0.47316261063698967 off 0.46224694817499834 __DUMMY__ 0.06459044118801201	false	1.0
explosion	neg 1.0		off 0.47002638593918705 neg 0.46569922946847314 __DUMMY__ 0.06427438459233978	false	0.5
weichei	off 1.0	off 1.0	off 0.7239151915796775 neg 0.24620219135309204 __DUMMY__ 0.02988261706723028	false	1.0
minusmensch	off 1.0		off 0.4810023730874954 neg 0.45626877600701227 __DUMMY__ 0.06272885090549246	false	1.0
farblos	neg 1.0		neg 0.46958898669972976 off 0.4662061597932371 __DUMMY__ 0.06420485350703312	false	1.0
unwissend	neg 1.0	neg 1.0	neg 0.7187520112014866 off 0.25094347656918964 __DUMMY__ 0.030304512229323847	false	1.0
traurig	neg 1.0		off 0.47430414417886735 neg 0.4620155849650659 __DUMMY__ 0.06368027085606671	false	0.5
senkung	neg 1.0		neg 0.46998696873760976 off 0.46626337955920777 __DUMMY__ 0.06374965170318247	false	1.0
ungleich	neg 1.0	neg 1.0	neg 0.7216490354936861 off 0.24750699629585218 __DUMMY__ 0.030843968210461776	false	1.0
heikel	neg 1.0		neg 0.47221830106425766 off 0.4627526443485387 __DUMMY__ 0.0650290545872037	false	1.0
drosselung	neg 1.0		off 0.4692737208853435 neg 0.4673705765070472 __DUMMY__ 0.06335570260760917	false	0.5
falsch	neg 1.0		off 0.470729304422937 neg 0.46504038642683004 __DUMMY__ 0.0642303091502329	false	0.5
unzufriedenheit	neg 1.0		neg 0.47404214014829554 off 0.46112655712373707 __DUMMY__ 0.06483130272796744	false	1.0
kurz	neg 1.0		neg 0.4691979819215715 off 0.465807962383441 __DUMMY__ 0.06499405569498737	false	1.0
unsinnig	neg 1.0		neg 0.47102633202022615 off 0.4645099150831789 __DUMMY__ 0.06446375289659492	false	1.0
penner	off 1.0	off 1.0	off 0.7251642165839848 neg 0.24498777580215045 __DUMMY__ 0.029848007613864736	false	1.0
seicht	neg 1.0		off 0.4776702930581684 neg 0.4596874788320017 __DUMMY__ 0.06264222810982996	false	0.5
dummheit	off 1.0	off 1.0	off 0.7199165522471901 neg 0.249688539227903 __DUMMY__ 0.030394908524906925	false	1.0
unerfreulich	neg 1.0		neg 0.4722086353275711 off 0.46269771241757796 __DUMMY__ 0.06509365225485093	false	1.0
motherfucker	off 1.0	off 1.0	off 0.7228669972452997 neg 0.24691300859440232 __DUMMY__ 0.030219994160297987	false	1.0
pikiert	neg 1.0	neg 1.0	neg 0.7185896466277346 off 0.2511391954620816 __DUMMY__ 0.0302711579101839	false	1.0
wrack	neg 1.0		off 0.4694609885269819 neg 0.46501830152137186 __DUMMY__ 0.06552070995164624	false	0.5
gangster	neg 1.0		off 0.4699799085820783 neg 0.46582872193871583 __DUMMY__ 0.06419136947920603	false	0.5
krank	neg 1.0	neg 1.0	neg 0.7171209769040685 off 0.2525090208243989 __DUMMY__ 0.030370002271532533	false	1.0
reich	neg 1.0		off 0.46849025853581855 neg 0.4677456668809992 __DUMMY__ 0.06376407458318233	false	0.5
gnadenlos	neg 1.0		off 0.46818775720410044 neg 0.46720503765086435 __DUMMY__ 0.06460720514503511	false	0.5
niedergeschlagen	neg 1.0		neg 0.4698433701294156 off 0.46517213733281654 __DUMMY__ 0.06498449253776781	false	1.0
terrorisieren	off 1.0	off 1.0	off 0.7174103063377182 neg 0.2516813436143231 __DUMMY__ 0.030908350047958763	false	1.0
sinnlosigkeit	neg 1.0		neg 0.47010387561467437 off 0.46509248422389105 __DUMMY__ 0.0648036401614347	false	1.0
behindern	neg 1.0		neg 0.4699529477527049 off 0.46558053296730145 __DUMMY__ 0.06446651927999372	false	1.0
undemokratisch	neg 1.0		off 0.4680689901469019 neg 0.4677098648729807 __DUMMY__ 0.06422114498011751	false	0.5
wirtschaftskrise	neg 1.0		neg 0.4742706109119835 off 0.46144430690921895 __DUMMY__ 0.06428508217879757	false	1.0
neid	neg 1.0		off 0.4696513576136578 neg 0.46613177953503027 __DUMMY__ 0.06421686285131198	false	0.5
rutschen	neg 1.0		neg 0.47457538981875613 off 0.4596961032353055 __DUMMY__ 0.06572850694593847	false	1.0
rezession	neg 1.0		off 0.47099989381251656 neg 0.465961431178671 __DUMMY__ 0.06303867500881245	false	0.5
fehlgeburt	neg 1.0		off 0.4685668243255563 neg 0.4666527090851012 __DUMMY__ 0.06478046658934253	false	0.5
charakterschwach	off 1.0		off 0.47155060920688857 neg 0.4646009866052232 __DUMMY__ 0.06384840418788827	false	1.0
isolation	neg 1.0		off 0.4711650532409103 neg 0.464517571996771 __DUMMY__ 0.06431737476231886	false	0.5
ablenkung	neg 1.0		neg 0.4678548743832756 off 0.4673560604194759 __DUMMY__ 0.06478906519724845	false	1.0
pech	neg 1.0		off 0.47075009326289863 neg 0.46509943880529536 __DUMMY__ 0.06415046793180594	false	0.5
vermeidung	neg 1.0		off 0.4714217147618858 neg 0.4648276480103565 __DUMMY__ 0.06375063722775774	false	0.5
dominieren	neg 1.0		neg 0.46877825198232503 off 0.466327795326162 __DUMMY__ 0.06489395269151306	false	1.0
schwindlig	neg 1.0		off 0.4679136747989105 neg 0.4678078698029873 __DUMMY__ 0.0642784553981022	false	0.5
lutscher	neg 1.0	neg 1.0	neg 0.7146110124110291 off 0.2558485448752865 __DUMMY__ 0.029540442713684365	false	1.0
pflicht	neg 1.0		neg 0.4720029225950224 off 0.46265247550635463 __DUMMY__ 0.065344601898623	false	1.0
faschist	off 1.0		off 0.4702103463278103 neg 0.46559222991879295 __DUMMY__ 0.06419742375339671	false	1.0
verschleudern	neg 1.0		neg 0.4750458660528223 off 0.4605089917348316 __DUMMY__ 0.06444514221234605	false	1.0
wenn			off 0.47102338053774456 neg 0.46487944901359757 __DUMMY__ 0.064097170448658	false	0.0
ehebruch	neg 1.0		neg 0.47113404880969234 off 0.4640157644691848 __DUMMY__ 0.06485018672112283	false	1.0
spott	off 1.0		neg 0.47018868113804196 off 0.4647951903670512 __DUMMY__ 0.06501612849490672	false	0.5
trostlosigkeit	neg 1.0		neg 0.4753364504065813 off 0.45977204077441947 __DUMMY__ 0.0648915088189992	false	1.0
lutschen	neg 1.0		off 0.46994785018306656 neg 0.46601247921720673 __DUMMY__ 0.06403967059972675	false	0.5
undiszipliniert	neg 1.0		off 0.4739628022956767 neg 0.4622533565363424 __DUMMY__ 0.06378384116798094	false	0.5
kopfschmerz	neg 1.0		neg 0.4736743177802591 off 0.46175758583111315 __DUMMY__ 0.06456809638862794	false	1.0
unvorhergesehen	neg 1.0		neg 0.4722303629655878 off 0.4625124057624905 __DUMMY__ 0.06525723127192164	false	1.0
desinteressiert	neg 1.0		off 0.472828831457432 neg 0.46340850998541494 __DUMMY__ 0.06376265855715296	false	0.5
armselig	off 1.0		off 0.47523848514014067 neg 0.46115107107539494 __DUMMY__ 0.0636104437844644	false	1.0
desaster	neg 1.0		neg 0.4745865973595658 off 0.46030706464058596 __DUMMY__ 0.0651063379998482	false	1.0
tod	neg 1.0		neg 0.47052639804186397 off 0.4643775997621028 __DUMMY__ 0.06509600219603316	false	1.0
herzlos	neg 1.0		off 0.47451449826253095 neg 0.4618659739637071 __DUMMY__ 0.06361952777376188	false	0.5
unwissenheit	neg 1.0		neg 0.47099764799017735 off 0.46425370442887176 __DUMMY__ 0.06474864758095096	false	1.0
widersinnig	neg 1.0		neg 0.4714459040464727 off 0.464175354788304 __DUMMY__ 0.06437874116522346	false	1.0
bedenklich	neg 1.0		neg 0.4721850616875281 off 0.46305125479557285 __DUMMY__ 0.06476368351689911	false	1.0
beanstanden	neg 1.0		neg 0.47127234246525057 off 0.4634146148448613 __DUMMY__ 0.06531304268988816	false	1.0
panisch	neg 1.0		off 0.4694611194143105 neg 0.46596303150202306 __DUMMY__ 0.06457584908366631	false	0.5
debil	off 1.0		neg 0.4777670324637784 off 0.4565229714199914 __DUMMY__ 0.06570999611623032	false	0.5
abstrich	neg 1.0		neg 0.4721781768078829 off 0.4634262293028313 __DUMMY__ 0.06439559388928587	false	1.0
primitiv	neg 1.0		off 0.4733892150110966 neg 0.46278720278310737 __DUMMY__ 0.06382358220579588	false	0.5
abschaum	off 1.0	off 1.0	off 0.7223405806609192 neg 0.24723201133661377 __DUMMY__ 0.030427408002466953	false	1.0
provozieren	neg 1.0		neg 0.46843889982179016 off 0.4671320823071109 __DUMMY__ 0.06442901787109906	false	1.0
tot	neg 1.0		neg 0.4719713472826937 off 0.46346616202342505 __DUMMY__ 0.06456249069388138	false	1.0
instabil	neg 1.0		off 0.4752487610970454 neg 0.46124061671150646 __DUMMY__ 0.06351062219144814	false	0.5
schwuchtel	off 1.0	off 1.0	off 0.7281081385372704 neg 0.2425382073465939 __DUMMY__ 0.02935365411613564	false	1.0
zerren	neg 1.0		neg 0.46970892681007487 off 0.465274526184545 __DUMMY__ 0.06501654700538004	false	1.0
kinderficker	off 1.0		off 0.47699541809998697 neg 0.459696104171867 __DUMMY__ 0.06330847772814589	false	1.0
gefahr	neg 1.0		neg 0.4723444253264936 off 0.4624502737189054 __DUMMY__ 0.065205300954601	false	1.0
rabiat	neg 1.0		neg 0.47041670229188537 off 0.465051602272842 __DUMMY__ 0.06453169543527262	false	1.0
verlangsamung	neg 1.0		off 0.47822640696435403 neg 0.4587069990884456 __DUMMY__ 0.06306659394720032	false	0.5
ausgestorben	neg 1.0		neg 0.4693140095154106 off 0.46591420941167133 __DUMMY__ 0.06477178107291803	false	1.0
anklagen	neg 1.0		neg 0.47007474708161173 off 0.4652037751665794 __DUMMY__ 0.06472147775180877	false	1.0
trott	neg 1.0		neg 0.46885987699773346 off 0.4665610901900193 __DUMMY__ 0.06457903281224728	false	1.0
verminderung	neg 1.0		off 0.47192181668504013 neg 0.4642680738868319 __DUMMY__ 0.06381010942812801	false	0.5
nach			neg 0.4744261601981107 off 0.4595610665049582 __DUMMY__ 0.06601277329693123	false	0.0
rost	neg 1.0		off 0.48191121726825636 neg 0.4547432916423405 __DUMMY__ 0.0633454910894032	false	0.5
destruktiv	neg 1.0		neg 0.4693880558482695 off 0.4660925975056761 __DUMMY__ 0.0645193466460545	false	1.0
unzumutbarkeit	neg 1.0		off 0.4724011654836801 neg 0.463681500340349 __DUMMY__ 0.06391733417597079	false	0.5
labil	off 1.0	off 1.0	off 0.7212183673353506 neg 0.24843991705003343 __DUMMY__ 0.03034171561461594	false	1.0
ziemlich	neg 1.0		off 0.4724947118398253 neg 0.46340202129485614 __DUMMY__ 0.06410326686531856	false	0.5
lachnummer	off 1.0		off 0.46785807141559216 neg 0.4674749053956265 __DUMMY__ 0.06466702318878124	false	1.0
oder			off 0.4681728605867218 neg 0.4671062501766459 __DUMMY__ 0.06472088923663229	false	0.0
verfall	neg 1.0		neg 0.47726006445201724 off 0.4575810242909859 __DUMMY__ 0.06515891125699684	false	1.0
ausgrenzung	neg 1.0		neg 0.4680958963887202 off 0.4677227297385728 __DUMMY__ 0.06418137387270693	false	1.0
unordnung	neg 1.0		off 0.4747710847229158 neg 0.4618845337997639 __DUMMY__ 0.06334438147732022	false	0.5
fehlverhalten	neg 1.0		neg 0.4717204621944117 off 0.46325984241134743 __DUMMY__ 0.06501969539424089	false	1.0
eine			neg 0.47340194611465863 off 0.46137660964682325 __DUMMY__ 0.06522144423851811	false	0.0
nille	neg 1.0		neg 0.4685335393311033 off 0.4669079163203204 __DUMMY__ 0.06455854434857632	false	1.0
qual	neg 1.0		neg 0.46948001701725117 off 0.46595682979242864 __DUMMY__ 0.06456315319032026	false	1.0
verschwenden	neg 1.0		neg 0.47361236006217017 off 0.46158328826500944 __DUMMY__ 0.06480435167282049	false	1.0
riesig	neg 1.0		neg 0.4713083224426591 off 0.46367750283190096 __DUMMY__ 0.06501417472543992	false	1.0
verurteilen	neg 1.0		neg 0.4706278461554253 off 0.46466361631856695 __DUMMY__ 0.06470853752600784	false	1.0
klischee	neg 1.0	neg 1.0	neg 0.7190736194790328 off 0.2505572291488938 __DUMMY__ 0.030369151372073508	false	1.0
diktatorisch	neg 1.0		neg 0.4682278665594284 off 0.4676416323331811 __DUMMY__ 0.06413050110739049	false	1.0
vorhersehbar	neg 1.0		off 0.46848892459469393 neg 0.4674163474133159 __DUMMY__ 0.0640947279919901	false	0.5
sowie			off 0.4746064506542333 neg 0.46231684033913956 __DUMMY__ 0.06307670900662707	false	0.0
stornieren	neg 1.0		off 0.47252114443147775 neg 0.4626544947179391 __DUMMY__ 0.06482436085058325	false	0.5
besteuerung	neg 1.0	neg 1.0	neg 0.7222987904819341 off 0.24744840054597625 __DUMMY__ 0.03025280897208961	false	1.0
ungeschminkt	neg 1.0		off 0.4727567259544934 neg 0.4635550310337042 __DUMMY__ 0.06368824301180247	false	0.5
kritisch	neg 1.0		neg 0.4703924175524168 off 0.4647662652687496 __DUMMY__ 0.06484131717883362	false	1.0
schlamperei	off 1.0		neg 0.4722182379798838 off 0.4629226216743464 __DUMMY__ 0.06485914034576963	false	0.5
sucht	neg 1.0	neg 1.0	neg 0.719057756841066 off 0.2502704384016558 __DUMMY__ 0.030671804757278195	false	1.0
egoistisch	off 1.0	off 1.0	off 0.7246759854299778 neg 0.24527853938491304 __DUMMY__ 0.030045475185109135	false	1.0
ausbeuter	off 1.0		neg 0.47414030097184556 off 0.4611338659315255 __DUMMY__ 0.06472583309662895	false	0.5
arschgeburt	off 1.0		off 0.4835949518173308 neg 0.4542446723066762 __DUMMY__ 0.062160375875993025	false	1.0
schubs	neg 1.0		neg 0.4731817454853028 off 0.4622376046418834 __DUMMY__ 0.06458064987281384	false	1.0
unsolide	neg 1.0		off 0.46997269216229104 neg 0.4656521260979513 __DUMMY__ 0.06437518173975773	false	0.5
beschwerde	neg 1.0		neg 0.46996155838721343 off 0.46520925789264655 __DUMMY__ 0.06482918372014002	false	1.0
stocken	neg 1.0		neg 0.47115904953592536 off 0.46395139565250215 __DUMMY__ 0.06488955481157259	false	1.0
isolieren	neg 1.0		neg 0.47137937715753053 off 0.46398937774852395 __DUMMY__ 0.06463124509394541	false	1.0
unheilbar	neg 1.0		neg 0.46798953807545973 off 0.4673466779500434 __DUMMY__ 0.06466378397449683	false	1.0
pisser	off 1.0	off 1.0	off 0.723100434474817 neg 0.24676542515621205 __DUMMY__ 0.03013414036897101	false	1.0
löschen	neg 1.0		neg 0.46911588977714425 off 0.4664716595020745 __DUMMY__ 0.06441245072078122	false	1.0
durchfallen	neg 1.0		neg 0.4703482556100554 off 0.46476650524364727 __DUMMY__ 0.06488523914629737	false	1.0
wichser	off 1.0	off 1.0	off 0.7267164113385419 neg 0.2436069141032153 __DUMMY__ 0.029676674558242754	false	1.0
terror	neg 1.0		off 0.46958131576337603 neg 0.46619375027721643 __DUMMY__ 0.06422493395940745	false	0.5
krass	neg 1.0		off 0.4758983432498721 neg 0.4606999380948551 __DUMMY__ 0.06340171865527287	false	0.5
revolte	neg 1.0		neg 0.4687367566864975 off 0.4675097364374538 __DUMMY__ 0.06375350687604878	false	1.0
besorgt	neg 1.0		neg 0.468313091962929 off 0.46659571239959136 __DUMMY__ 0.06509119563747968	false	1.0
nachlassen	neg 1.0		neg 0.4698857451593124 off 0.46504401808560925 __DUMMY__ 0.06507023675507824	false	1.0
alt	neg 1.0		neg 0.4765373966529712 off 0.4592782145297847 __DUMMY__ 0.06418438881724423	false	1.0
hundesohn	off 1.0	off 1.0	off 0.7258799182542929 neg 0.24443737415300631 __DUMMY__ 0.02968270759270074	false	1.0
als			neg 0.4706457004439933 off 0.46460175241687734 __DUMMY__ 0.06475254713912935	false	0.0
abschreckung	neg 1.0		neg 0.47324202721389247 off 0.46177723532477366 __DUMMY__ 0.06498073746133387	false	1.0
unqualifiziert	neg 1.0		off 0.4709882761991325 neg 0.46484722716206384 __DUMMY__ 0.06416449663880379	false	0.5
abgewichst	off 1.0		neg 0.46856354655027616 off 0.4667482837552511 __DUMMY__ 0.0646881696944728	false	0.5
schwer	neg 1.0		neg 0.4685490016634642 off 0.46670970287533015 __DUMMY__ 0.06474129546120563	false	1.0
bedeutungslosigkeit	neg 1.0		neg 0.4725332056484396 off 0.46249530152649204 __DUMMY__ 0.0649714928250683	false	1.0
kapitulation	neg 1.0		neg 0.4728388341947717 off 0.46260679216244127 __DUMMY__ 0.06455437364278707	false	1.0
unscharf	neg 1.0		neg 0.4700079861579699 off 0.4661053187742754 __DUMMY__ 0.06388669506775467	false	1.0
schwinden	neg 1.0		neg 0.47338644721000706 off 0.4617894676020835 __DUMMY__ 0.06482408518790936	false	1.0
versklavung	neg 1.0	neg 1.0	neg 0.7208381623622855 off 0.2487794982471383 __DUMMY__ 0.030382339390576305	false	1.0
schlecht	neg 1.0		off 0.47277986595589544 neg 0.4630947864436305 __DUMMY__ 0.06412534760047402	false	0.5
verhasst	neg 1.0		neg 0.46832675016550307 off 0.4673746362957641 __DUMMY__ 0.06429861353873287	false	1.0
beschweren	neg 1.0		off 0.4691920099749685 neg 0.46627922661786336 __DUMMY__ 0.0645287634071681	false	0.5
scheiden	neg 1.0		neg 0.46823104829152923 off 0.46714399850701094 __DUMMY__ 0.06462495320145971	false	1.0
frustriert	neg 1.0		neg 0.46936255224098256 off 0.465831702097294 __DUMMY__ 0.06480574566172347	false	1.0
schimmelig	neg 1.0		neg 0.4742225124545113 off 0.46137417797398234 __DUMMY__ 0.06440330957150643	false	1.0
fisch	neg 1.0		neg 0.4778523712759203 off 0.4575820093984372 __DUMMY__ 0.0645656193256426	false	1.0
schmuggel	neg 1.0		neg 0.47244137325249624 off 0.4622360498908739 __DUMMY__ 0.06532257685662984	false	1.0
auffallen	neg 1.0		off 0.4691203473788721 neg 0.466485481078815 __DUMMY__ 0.06439417154231286	false	0.5
konkurrenz	neg 1.0		neg 0.47070405789794745 off 0.46397186319279804 __DUMMY__ 0.06532407890925443	false	1.0
teufelskreis	neg 1.0	neg 1.0	neg 0.7217268036097084 off 0.24772587202545926 __DUMMY__ 0.030547324364832318	false	1.0
aufschreien	neg 1.0		off 0.4684401204045119 neg 0.4674328888942385 __DUMMY__ 0.06412699070124954	false	0.5
schuldner	neg 1.0		neg 0.4754349957220423 off 0.45998979172482723 __DUMMY__ 0.06457521255313048	false	1.0
missgeburt	off 1.0	off 1.0	off 0.7259503305707025 neg 0.24413883553328503 __DUMMY__ 0.029910833896012616	false	1.0
arbeitslos	neg 1.0		neg 0.47118208512477927 off 0.4640204836562741 __DUMMY__ 0.06479743121894657	false	1.0
befallen	neg 1.0		neg 0.4740731129274647 off 0.46188212878779505 __DUMMY__ 0.06404475828474032	false	1.0
miesepetrig	off 1.0	off 1.0	off 0.7214507829769564 neg 0.24818084058098924 __DUMMY__ 0.030368376442054357	false	1.0
alarmieren	neg 1.0		off 0.47088040014277277 neg 0.4650702850273685 __DUMMY__ 0.06404931482985875	false	0.5
ungeduscht	off 1.0		off 0.46970818246092017 neg 0.46636715108455473 __DUMMY__ 0.06392466645452508	false	1.0
knappheit	neg 1.0		neg 0.4732651732328006 off 0.4623351639783968 __DUMMY__ 0.06439966278880252	false	1.0
schlange	neg 1.0		off 0.4677980892567055 neg 0.46751801230452117 __DUMMY__ 0.06468389843877316	false	0.5
harsch	neg 1.0		off 0.4770235575662262 neg 0.45921809116887535 __DUMMY__ 0.06375835126489841	false	0.5
lang	neg 1.0		off 0.4678889143324807 neg 0.46766282661344305 __DUMMY__ 0.06444825905407632	false	0.5
ziellos	neg 1.0		neg 0.4709229863367666 off 0.4639141993289057 __DUMMY__ 0.06516281433432766	false	1.0
selbstverliebt	neg 1.0		off 0.4829150752002782 neg 0.454313559236166 __DUMMY__ 0.06277136556355584	false	0.5
beseitigen	neg 1.0		neg 0.46788051150226423 off 0.46738472956127974 __DUMMY__ 0.06473475893645617	false	1.0
dumm	off 1.0		off 0.47762599590208044 neg 0.4591887909950757 __DUMMY__ 0.06318521310284386	false	1.0
arbeitsloser	neg 1.0		off 0.4680007396482441 neg 0.4665842386535976 __DUMMY__ 0.06541502169815837	false	0.5
blitzen	neg 1.0		off 0.4694379639735037 neg 0.4665423294254997 __DUMMY__ 0.06401970660099657	false	0.5
hilflos	neg 1.0		neg 0.47102447727823854 off 0.46418605083708214 __DUMMY__ 0.06478947188467932	false	1.0
eklig	off 1.0		off 0.4767887752515447 neg 0.4602895175173436 __DUMMY__ 0.06292170723111168	false	1.0
begriff			neg 0.4684105555426526 off 0.4668727973427159 __DUMMY__ 0.0647166471146314	false	0.0
hungersnot	neg 1.0		neg 0.4727214599788134 off 0.46281009178347676 __DUMMY__ 0.06446844823770985	false	1.0
ungesetzlich	neg 1.0		off 0.4686685607909788 neg 0.46704059107618684 __DUMMY__ 0.06429084813283426	false	0.5
verschwendung	neg 1.0		neg 0.4727192810144803 off 0.4623322821058011 __DUMMY__ 0.06494843687971878	false	1.0
schmerzvoll	neg 1.0		neg 0.46837408515496526 off 0.4673119809805968 __DUMMY__ 0.06431393386443796	false	1.0
vorzeitig	neg 1.0		off 0.47374492770632654 neg 0.46185745420838564 __DUMMY__ 0.06439761808528785	false	0.5
unvollkommenheit	neg 1.0		neg 0.47017644839778555 off 0.46512408593989596 __DUMMY__ 0.06469946566231835	false	1.0
intervenieren	neg 1.0		neg 0.4742606348572812 off 0.46115803695765895 __DUMMY__ 0.06458132818505988	false	1.0
banause	off 1.0		off 0.47657204730966907 neg 0.4609350654329697 __DUMMY__ 0.062492887257361227	false	1.0
rebell	neg 1.0		neg 0.47844578648840635 off 0.45666534088873606 __DUMMY__ 0.0648888726228576	false	1.0
unlogisch	neg 1.0		off 0.47330959657606064 neg 0.46313120785768425 __DUMMY__ 0.0635591955662552	false	0.5
leiden	neg 1.0		neg 0.47106293018500056 off 0.46351549992944824 __DUMMY__ 0.06542156988555123	false	1.0
abschaffung	neg 1.0		neg 0.46952463704298525 off 0.46627169997624734 __DUMMY__ 0.0642036629807675	false	1.0
sturz	neg 1.0		off 0.4710035984111749 neg 0.46422964796993144 __DUMMY__ 0.06476675361889378	false	0.5
verkleinerung	neg 1.0		neg 0.46910876195922413 off 0.46730257414397175 __DUMMY__ 0.06358866389680415	false	1.0
schmarotzer	off 1.0		neg 0.4702671751190396 off 0.4650130051261963 __DUMMY__ 0.06471981975476411	false	0.5
bestrafung	neg 1.0	neg 1.0	neg 0.7198903230071386 off 0.24945415524728018 __DUMMY__ 0.030655521745581213	false	1.0
achtlos	neg 1.0		neg 0.46856064963564226 off 0.46653176313992745 __DUMMY__ 0.0649075872244303	false	1.0
ungeheuer	neg 1.0		neg 0.4692016420922941 off 0.4663954232040029 __DUMMY__ 0.06440293470370283	false	1.0
unaufrichtig	neg 1.0		off 0.47088818407897476 neg 0.46495089062912986 __DUMMY__ 0.06416092529189535	false	0.5
