unsolidarisch	neg 1.0		__DUMMY__ 0.4461305947904681 neg 0.2777544223530288 off 0.2761149828565031	false	1.0
nachteilig	neg 1.0		__DUMMY__ 0.4518450479488303 neg 0.27585401086057076 off 0.27230094119059894	false	1.0
skeptisch	neg 1.0		__DUMMY__ 0.45126975106018313 neg 0.2783630452154038 off 0.27036720372441303	false	1.0
schrecklich	neg 1.0		__DUMMY__ 0.44218573274126893 off 0.28572270938184 neg 0.27209155787689093	false	0.5
schlapp	neg 1.0	neg 1.0	neg 0.6255082926092412 __DUMMY__ 0.2145210364982752 off 0.1599706708924837	false	1.0
abfall	neg 1.0		__DUMMY__ 0.45517735083895094 neg 0.277015030933921 off 0.267807618227128	false	1.0
widerspenstig	neg 1.0		__DUMMY__ 0.4471256852491859 neg 0.2786469967634726 off 0.27422731798734157	false	1.0
abrupt	neg 1.0		__DUMMY__ 0.44997333370757825 neg 0.28097345287117237 off 0.26905321342124927	false	1.0
unwirksam	neg 1.0		__DUMMY__ 0.44324229107295005 neg 0.2825335528212165 off 0.2742241561058334	false	1.0
angreifen	neg 1.0		__DUMMY__ 0.45185021625126015 neg 0.2783244325014372 off 0.26982535124730267	false	1.0
inkonsistent	neg 1.0		__DUMMY__ 0.44532833973614666 off 0.2781230582451458 neg 0.2765486020187075	false	0.5
abrutschen	neg 1.0		__DUMMY__ 0.454464945075965 neg 0.27849775239371394 off 0.267037302530321	false	1.0
unsicher	neg 1.0		__DUMMY__ 0.44923650806218074 off 0.27579080310280174 neg 0.27497268883501763	false	0.5
bauernkind	off 1.0	off 1.0	off 0.6325132413349155 __DUMMY__ 0.2098401784380863 neg 0.15764658022699815	false	1.0
angreifer	neg 1.0		__DUMMY__ 0.4480854780330438 off 0.28073272737644633 neg 0.2711817945905098	false	0.5
trennen	neg 1.0		__DUMMY__ 0.45283992987748606 neg 0.27728223230157806 off 0.26987783782093594	false	1.0
schmutz	neg 1.0		__DUMMY__ 0.45104963253931457 off 0.2809490196856461 neg 0.26800134777503937	false	0.5
inkonsistenz	neg 1.0		__DUMMY__ 0.4454163306290884 off 0.28136748028756 neg 0.2732161890833516	false	0.5
erschreckend	neg 1.0		__DUMMY__ 0.4488260563061943 neg 0.2763615245060548 off 0.27481241918775096	false	1.0
ertrinken	neg 1.0		__DUMMY__ 0.4506979211166731 neg 0.280704962631131 off 0.26859711625219584	false	1.0
pickelface	off 1.0		__DUMMY__ 0.4475189739737478 neg 0.2765060405637494 off 0.2759749854625029	false	0.5
seiner			__DUMMY__ 0.45255739727921496 neg 0.2767863844438121 off 0.27065621827697295	false	0.0
lauch	neg 1.0	neg 1.0	neg 0.6295919903787057 __DUMMY__ 0.21882155570313422 off 0.15158645391815997	false	1.0
unwichtig	neg 1.0		__DUMMY__ 0.4447069572119737 off 0.2809331712289319 neg 0.2743598715590943	false	0.5
steuerhinterziehung	neg 1.0		__DUMMY__ 0.4475424918817984 neg 0.27803770604620043 off 0.27441980207200106	false	1.0
schock	neg 1.0		__DUMMY__ 0.449657516623425 neg 0.2765535164402057 off 0.27378896693636945	false	1.0
beule	neg 1.0		__DUMMY__ 0.4428523457291308 off 0.2833972981432246 neg 0.2737503561276446	false	0.5
vergelten	neg 1.0		__DUMMY__ 0.4429335203713427 off 0.28743682521781866 neg 0.2696296544108387	false	0.5
verdorbenheit	neg 1.0		__DUMMY__ 0.4470607698940199 off 0.27656121839916215 neg 0.27637801170681797	false	0.5
trauma	neg 1.0		__DUMMY__ 0.4465424941792213 off 0.2768457231365372 neg 0.27661178268424164	false	0.5
sinnlos	neg 1.0		__DUMMY__ 0.44695085917368244 off 0.277786182753601 neg 0.2752629580727166	false	0.5
fettsack	off 1.0	off 1.0	off 0.633670406895197 __DUMMY__ 0.21009289981356433 neg 0.1562366932912387	false	1.0
feige	off 1.0	off 1.0	off 0.6301447590263315 __DUMMY__ 0.21352056937801614 neg 0.15633467159565242	false	1.0
abdanken	neg 1.0		__DUMMY__ 0.4487333144694528 neg 0.2760017648232926 off 0.2752649207072545	false	1.0
wichtigtuer	off 1.0	off 1.0	off 0.628473890182461 __DUMMY__ 0.21563433953896552 neg 0.15589177027857343	false	1.0
misslingen	neg 1.0	neg 1.0	neg 0.6225371728832257 __DUMMY__ 0.21878813028199262 off 0.15867469683478175	false	1.0
untreu	off 1.0		__DUMMY__ 0.4438805193931073 off 0.2823031938674842 neg 0.27381628673940855	false	1.0
missmutig	neg 1.0		__DUMMY__ 0.4454568630553053 off 0.2794912402569461 neg 0.2750518966877485	false	0.5
hurenbock	off 1.0		__DUMMY__ 0.44390732719780934 neg 0.2820545068041047 off 0.27403816599808595	false	0.5
betrunken	neg 1.0		__DUMMY__ 0.4426784436478053 off 0.28442060830825466 neg 0.2729009480439401	false	0.5
korrupt	off 1.0		__DUMMY__ 0.4473063527469405 neg 0.27900173020030633 off 0.27369191705275314	false	0.5
unmut	neg 1.0		__DUMMY__ 0.45248910488172867 neg 0.27909738715178833 off 0.268413507966483	false	1.0
hackfresse	off 1.0		__DUMMY__ 0.43906249112935747 off 0.29076553355685086 neg 0.27017197531379156	false	1.0
aufblasen	neg 1.0		__DUMMY__ 0.44812984551122664 off 0.27599419814596504 neg 0.2758759563428085	false	0.5
gewaltsam	neg 1.0		__DUMMY__ 0.4485605126062476 neg 0.2762773626135912 off 0.2751621247801611	false	1.0
unbeliebtheit	neg 1.0		__DUMMY__ 0.4441493824279533 off 0.28251528191498176 neg 0.2733353356570649	false	0.5
sturheit	neg 1.0		__DUMMY__ 0.45013496401955116 off 0.2753074312196284 neg 0.2745576047608205	false	0.5
kuh	neg 1.0		__DUMMY__ 0.43950680443760687 neg 0.284404604198021 off 0.27608859136437214	false	1.0
erschrecken	neg 1.0		__DUMMY__ 0.44608592759010135 off 0.28031657848776553 neg 0.2735974939221332	false	0.5
opfer	neg 1.0		__DUMMY__ 0.45236961955937594 neg 0.27488349384707866 off 0.2727468865935455	false	1.0
sinken	neg 1.0		__DUMMY__ 0.45103851115575416 neg 0.2804707391122722 off 0.26849074973197373	false	1.0
stinktier	neg 1.0		__DUMMY__ 0.436394394855055 off 0.28639922834693593 neg 0.27720637679800914	false	0.5
tucke	off 1.0		__DUMMY__ 0.4341080022474708 off 0.2914591365490802 neg 0.27443286120344906	false	1.0
ein			__DUMMY__ 0.447209931810908 neg 0.2789188169036894 off 0.2738712512854026	false	0.0
abstieg	neg 1.0		__DUMMY__ 0.4535658017517271 off 0.275057546146401 neg 0.2713766521018719	false	0.5
missverstehen	neg 1.0		__DUMMY__ 0.44630039064065347 off 0.2787824201550618 neg 0.2749171892042846	false	0.5
ergebnislos	neg 1.0		__DUMMY__ 0.4523634897724945 neg 0.2752926694573926 off 0.2723438407701128	false	1.0
unter			__DUMMY__ 0.4584867261466578 neg 0.27809874585785793 off 0.26341452799548426	false	0.0
manipulieren	neg 1.0		__DUMMY__ 0.45241110011702074 neg 0.2761246110767331 off 0.2714642888062461	false	1.0
unbewiesen	neg 1.0	neg 1.0	neg 0.6264688334592748 __DUMMY__ 0.21616033340893032 off 0.15737083313179479	false	1.0
verschleppen	neg 1.0		__DUMMY__ 0.4494744617425803 neg 0.27806012695299176 off 0.2724654113044279	false	1.0
weib	off 1.0		__DUMMY__ 0.43588824409896054 off 0.2923634044593802 neg 0.2717483514416594	false	1.0
opposition	neg 1.0		__DUMMY__ 0.44536794347395653 neg 0.27796873994591986 off 0.2766633165801236	false	1.0
verkehrswidrig	neg 1.0	neg 1.0	neg 0.6214960681626714 __DUMMY__ 0.2144310287767831 off 0.1640729030605455	false	1.0
inkorrekt	neg 1.0		__DUMMY__ 0.44180883292162826 off 0.28537575163963286 neg 0.27281541543873883	false	0.5
vermeiden	neg 1.0		__DUMMY__ 0.4548961085102612 neg 0.27861673870435644 off 0.26648715278538243	false	1.0
abweichung	neg 1.0	neg 1.0	neg 0.625073054464146 __DUMMY__ 0.21903367826731002 off 0.155893267268544	false	1.0
alkoholisiert	neg 1.0		__DUMMY__ 0.454142545035951 neg 0.2746766278756163 off 0.2711808270884327	false	1.0
scheiss	off 1.0	off 1.0	off 0.6309645142697827 __DUMMY__ 0.2128083806759525 neg 0.1562271050542648	false	1.0
herausforderung	neg 1.0		__DUMMY__ 0.451068375649134 neg 0.27555868691780605 off 0.27337293743305985	false	1.0
pervers	off 1.0		__DUMMY__ 0.43508489754543805 off 0.2952876016952757 neg 0.2696275007592864	false	1.0
wackelig	neg 1.0		__DUMMY__ 0.45115165407043395 neg 0.2756464733103709 off 0.27320187261919515	false	1.0
verwickeln	neg 1.0		__DUMMY__ 0.44666791761352953 off 0.27767046343653273 neg 0.2756616189499376	false	0.5
vorwand	neg 1.0		__DUMMY__ 0.45186180378527757 neg 0.278868325065325 off 0.2692698711493974	false	1.0
muschi	off 1.0		__DUMMY__ 0.4489228533466737 neg 0.2759566289188616 off 0.27512051773446466	false	0.5
entmutigung	neg 1.0		__DUMMY__ 0.44487287177709567 off 0.27783512344395334 neg 0.27729200477895105	false	0.5
unangemessen	neg 1.0		__DUMMY__ 0.4497193513058026 neg 0.275585968439679 off 0.2746946802545186	false	1.0
unstetig	neg 1.0		__DUMMY__ 0.44572022024895147 off 0.28019777767201026 neg 0.2740820020790384	false	0.5
entmutigen	neg 1.0		__DUMMY__ 0.44789812906837284 off 0.2767820664653268 neg 0.2753198044663002	false	0.5
schwanz	neg 1.0		__DUMMY__ 0.4492280341228354 neg 0.2784584249731584 off 0.27231354090400633	false	1.0
verbot	neg 1.0		__DUMMY__ 0.4475891036492637 neg 0.27913549258417114 off 0.2732754037665651	false	1.0
leid	neg 1.0		__DUMMY__ 0.4405843583983515 off 0.28730889853211244 neg 0.2721067430695361	false	0.5
archaisch	neg 1.0		__DUMMY__ 0.4484979516237105 neg 0.27784054133765823 off 0.27366150703863124	false	1.0
gegen			__DUMMY__ 0.4540003483885643 neg 0.27622870392330495 off 0.26977094768813076	false	0.0
scheidung	neg 1.0		__DUMMY__ 0.4374963295190882 off 0.3010266174105391 neg 0.2614770530703727	false	0.5
einschlag	neg 1.0		__DUMMY__ 0.44420947982290254 off 0.2870514760639925 neg 0.268739044113105	false	0.5
m			__DUMMY__ 0.4499719871840866 neg 0.2766591853118575 off 0.2733688275040558	false	0.0
abgestanden	neg 1.0		__DUMMY__ 0.44275677072441816 neg 0.2840708596503086 off 0.2731723696252733	false	1.0
schmierig	off 1.0		__DUMMY__ 0.440917669826052 off 0.28703209280961745 neg 0.27205023736433065	false	1.0
unpraktisch	neg 1.0		__DUMMY__ 0.44814286013167615 off 0.2775050055322005 neg 0.27435213433612343	false	0.5
wixxer	off 1.0		__DUMMY__ 0.43361617100172684 off 0.2951335946605324 neg 0.2712502343377407	false	1.0
bezeichnet			__DUMMY__ 0.44869594744825964 off 0.27626546613736386 neg 0.27503858641437634	false	0.0
jammerlappen	off 1.0		__DUMMY__ 0.4449711033633972 off 0.28146223747721066 neg 0.27356665915939216	false	1.0
farce	neg 1.0		__DUMMY__ 0.4464593143566441 neg 0.2784908676536358 off 0.27504981798972017	false	1.0
zwecklos	neg 1.0		__DUMMY__ 0.44936971308712037 neg 0.2774865887847893 off 0.27314369812809036	false	1.0
turbulent	neg 1.0		__DUMMY__ 0.44300831245148503 off 0.2836378824878208 neg 0.2733538050606942	false	0.5
invasion	neg 1.0		__DUMMY__ 0.4465023960964051 off 0.2786164085868296 neg 0.2748811953167653	false	0.5
schuld	neg 1.0		__DUMMY__ 0.44751794204778805 off 0.2770633635469489 neg 0.27541869440526306	false	0.5
risiko	neg 1.0		__DUMMY__ 0.4447365710915939 neg 0.2782425929097342 off 0.277020835998672	false	1.0
finster	neg 1.0		__DUMMY__ 0.446757035269745 neg 0.27880745833646364 off 0.27443550639379144	false	1.0
geisteskrank	off 1.0		__DUMMY__ 0.44281489897467513 off 0.2840719082321327 neg 0.27311319279319224	false	1.0
zusammenbrechen	neg 1.0		__DUMMY__ 0.4491880251436491 neg 0.2775278989877177 off 0.27328407586863324	false	1.0
ausbeute	neg 1.0		__DUMMY__ 0.451386892654594 off 0.27537832808129326 neg 0.2732347792641128	false	0.5
hinterhalt	neg 1.0		__DUMMY__ 0.44840912080459006 neg 0.277966238172953 off 0.27362464102245687	false	1.0
kritik	neg 1.0		__DUMMY__ 0.44646168285364446 neg 0.2788831436156078 off 0.27465517353074764	false	1.0
einschrumpfen	neg 1.0		__DUMMY__ 0.44220187636462954 off 0.28046727391953624 neg 0.2773308497158342	false	0.5
riskant	neg 1.0		__DUMMY__ 0.4505455833561926 neg 0.2791279619301632 off 0.2703264547136441	false	1.0
frustrieren	neg 1.0		__DUMMY__ 0.4494548044837726 neg 0.2794550402929268 off 0.27109015522330066	false	1.0
groll	neg 1.0		__DUMMY__ 0.45044191544917345 neg 0.27562242283426214 off 0.2739356617165644	false	1.0
gibt			__DUMMY__ 0.4502861262089297 neg 0.27652482330561395 off 0.2731890504854563	false	0.0
qualvoll	neg 1.0		__DUMMY__ 0.44678883027564126 off 0.2779375739668869 neg 0.27527359575747185	false	0.5
wackeln	neg 1.0		__DUMMY__ 0.44870356870784495 neg 0.27585471110110654 off 0.2754417201910486	false	1.0
klagen	neg 1.0		__DUMMY__ 0.4511315896582607 neg 0.27960435288905594 off 0.2692640574526834	false	1.0
bankrott	neg 1.0		__DUMMY__ 0.44622759677382695 off 0.2812245829745301 neg 0.27254782025164304	false	0.5
trauern	neg 1.0		__DUMMY__ 0.45439160822897695 neg 0.27338577057498237 off 0.2722226211960405	false	1.0
ablehnung	neg 1.0		__DUMMY__ 0.44725634830296396 neg 0.27858487988589276 off 0.2741587718111433	false	1.0
stur	neg 1.0		__DUMMY__ 0.44684131034853974 off 0.2767439897100879 neg 0.2764146999413723	false	0.5
aufruhr	neg 1.0	neg 1.0	neg 0.6269293145231476 __DUMMY__ 0.21644640488612224 off 0.1566242805907301	false	1.0
melancholie	neg 1.0		__DUMMY__ 0.44964671261698735 neg 0.28091344960956277 off 0.2694398377734498	false	1.0
ist			__DUMMY__ 0.44730043286637433 off 0.277608563286308 neg 0.2750910038473176	false	0.0
torheit	neg 1.0		__DUMMY__ 0.4475123289294393 off 0.2772022352373234 neg 0.27528543583323734	false	0.5
dreckskind	off 1.0		__DUMMY__ 0.43742945389524474 off 0.29166156694213236 neg 0.2709089791626227	false	1.0
umtauschen	neg 1.0		__DUMMY__ 0.4482103273496057 neg 0.2771760270218553 off 0.274613645628539	false	1.0
zum			__DUMMY__ 0.4586654582755849 neg 0.2729524767736572 off 0.2683820649507579	false	0.0
zersetzen	neg 1.0		__DUMMY__ 0.4501569750346363 neg 0.27983202648492883 off 0.27001099848043497	false	1.0
zur			__DUMMY__ 0.45513730019751314 neg 0.2780207421205462 off 0.2668419576819407	false	0.0
frust	neg 1.0		__DUMMY__ 0.44981179397301163 neg 0.27694449243086805 off 0.2732437135961204	false	1.0
unerbittlichkeit	neg 1.0		__DUMMY__ 0.45128151048684884 neg 0.27707046910341726 off 0.2716480204097339	false	1.0
zwei			__DUMMY__ 0.45582124510897365 neg 0.27774867263377323 off 0.26643008225725323	false	0.0
unkorrekt	neg 1.0		__DUMMY__ 0.44209110218957853 off 0.28374852749784785 neg 0.2741603703125737	false	0.5
hexe	off 1.0		__DUMMY__ 0.44252831227180034 off 0.27987005973922485 neg 0.277601627988975	false	1.0
lasch	neg 1.0		__DUMMY__ 0.44562742538191663 off 0.28055377678030013 neg 0.27381879783778323	false	0.5
rivale	neg 1.0		__DUMMY__ 0.44226423215226857 off 0.2857808534004083 neg 0.2719549144473231	false	0.5
mutlos	off 1.0	off 1.0	off 0.6249023438440342 __DUMMY__ 0.21750632212893295 neg 0.15759133402703288	false	1.0
wirr	off 1.0		__DUMMY__ 0.4413957198991624 off 0.28626238522940356 neg 0.2723418948714341	false	1.0
jahr			__DUMMY__ 0.45546842384043984 off 0.2723005938949657 neg 0.27223098226459436	false	0.0
wird			__DUMMY__ 0.45074084223085265 neg 0.2766674535316327 off 0.27259170423751466	false	0.0
strafbar	neg 1.0		__DUMMY__ 0.45115339795423215 neg 0.27738601974434796 off 0.2714605823014199	false	1.0
erosion	neg 1.0		__DUMMY__ 0.4481542846018589 neg 0.27599411193008305 off 0.2758516034680581	false	1.0
eingehen	neg 1.0		__DUMMY__ 0.44980631933701165 neg 0.27916107312396476 off 0.2710326075390234	false	1.0
faul	off 1.0		__DUMMY__ 0.4451972868337144 off 0.2803358601576928 neg 0.2744668530085927	false	1.0
provisorium	neg 1.0		__DUMMY__ 0.45879836122844964 neg 0.2775560372549574 off 0.26364560151659305	false	1.0
schmerzen	neg 1.0		__DUMMY__ 0.44816816527462155 neg 0.27802062472694916 off 0.2738112099984294	false	1.0
schrumpfen	neg 1.0		__DUMMY__ 0.4523271531366714 neg 0.28196314093715164 off 0.265709705926177	false	1.0
geistlos	off 1.0		__DUMMY__ 0.4447096272149194 off 0.27846558242044994 neg 0.2768247903646306	false	1.0
fehlkauf	neg 1.0		__DUMMY__ 0.4451507727368733 off 0.2779992392951529 neg 0.2768499879679737	false	0.5
frustrierend	neg 1.0		__DUMMY__ 0.44567404607243016 off 0.2799917312122593 neg 0.2743342227153106	false	0.5
unzufrieden	neg 1.0		__DUMMY__ 0.44970789801832967 neg 0.27730732241263467 off 0.27298477956903583	false	1.0
verzweifeln	neg 1.0		__DUMMY__ 0.4494536785078427 neg 0.27585169954048144 off 0.2746946219516759	false	1.0
verzweifelt	neg 1.0		__DUMMY__ 0.4474059464263086 off 0.277105362796138 neg 0.2754886907775534	false	0.5
misstrauensantrag	neg 1.0		__DUMMY__ 0.4465191857725067 off 0.2778911601348033 neg 0.27558965409269	false	0.5
abfallen	neg 1.0		__DUMMY__ 0.44772107184685006 neg 0.2767589953708939 off 0.27551993278225595	false	1.0
fucker	off 1.0		__DUMMY__ 0.4431489135668035 off 0.28536433212083323 neg 0.27148675431236335	false	1.0
ungezogen	neg 1.0		__DUMMY__ 0.43709837480798186 off 0.29294042040643414 neg 0.26996120478558394	false	0.5
irrsinnig	neg 1.0	neg 1.0	neg 0.6270300483922336 __DUMMY__ 0.21589263744470644 off 0.1570773141630601	false	1.0
unfassbar	neg 1.0		__DUMMY__ 0.44456813320064525 off 0.28254423892176633 neg 0.2728876278775884	false	0.5
hart	neg 1.0		__DUMMY__ 0.4398326778020188 off 0.2807557887839578 neg 0.27941153341402336	false	0.5
widerlich	off 1.0		__DUMMY__ 0.4435051997905072 off 0.28291124987506006 neg 0.2735835503344327	false	1.0
fatal	neg 1.0	neg 1.0	neg 0.6284249913462089 __DUMMY__ 0.21393224669552122 off 0.15764276195826982	false	1.0
bruch	neg 1.0		__DUMMY__ 0.4545822967250123 neg 0.2764233449932153 off 0.26899435828177254	false	1.0
aushungern	neg 1.0		__DUMMY__ 0.44730665315202744 neg 0.2792852452228323 off 0.27340810162514023	false	1.0
anspannung	neg 1.0		__DUMMY__ 0.45671845803404953 neg 0.27623588707893376 off 0.2670456548870168	false	1.0
von			__DUMMY__ 0.45252056413421454 neg 0.27762825029500643 off 0.26985118557077903	false	0.0
kraftlos	neg 1.0		__DUMMY__ 0.4504139930940088 neg 0.2769670823427155 off 0.2726189245632756	false	1.0
vom			__DUMMY__ 0.46018561239240635 neg 0.2748888219758212 off 0.26492556563177233	false	0.0
grenzdebil	off 1.0		__DUMMY__ 0.44335424175764093 off 0.2824768336214663 neg 0.2741689246208927	false	1.0
vor			__DUMMY__ 0.4531939965323642 neg 0.27817922725219596 off 0.26862677621543984	false	0.0
unterwerfen	neg 1.0		__DUMMY__ 0.4507407635868508 neg 0.27713046157423593 off 0.2721287748389133	false	1.0
versenkung	neg 1.0		__DUMMY__ 0.4513569189107517 neg 0.2770408674882386 off 0.2716022136010098	false	1.0
entziehen	neg 1.0		__DUMMY__ 0.45194399172739297 neg 0.2788826539999627 off 0.26917335427264427	false	1.0
finanzkrise	neg 1.0		__DUMMY__ 0.4432323709494138 neg 0.28378408045398423 off 0.27298354859660207	false	1.0
schimpfend	neg 1.0		__DUMMY__ 0.448896241920448 off 0.2769256313205555 neg 0.27417812675899644	false	0.5
profan	neg 1.0		__DUMMY__ 0.4464261554719137 off 0.278228830783527 neg 0.2753450137445593	false	0.5
korruption	neg 1.0		__DUMMY__ 0.4477089202020796 neg 0.27944563146194856 off 0.27284544833597185	false	1.0
â			__DUMMY__ 0.449663517840402 neg 0.27798940981549114 off 0.2723470723441068	false	0.0
schmutzig	neg 1.0		__DUMMY__ 0.4438255566668493 off 0.2829049220878117 neg 0.273269521245339	false	0.5
sexy	neg 1.0		__DUMMY__ 0.44622312013134796 off 0.28024595854646633 neg 0.2735309213221857	false	0.5
abraten	neg 1.0		__DUMMY__ 0.4474555353032131 off 0.2780023965802647 neg 0.27454206811652215	false	0.5
schwarz	neg 1.0		__DUMMY__ 0.44672328701045133 off 0.27820106639287845 neg 0.2750756465966703	false	0.5
fotze	off 1.0	off 1.0	off 0.6253015247665443 __DUMMY__ 0.2172161223520271 neg 0.1574823528814285	false	1.0
verwirren	neg 1.0		__DUMMY__ 0.44669568768287216 off 0.2787158406117949 neg 0.2745884717053329	false	0.5
zahnlos	off 1.0		__DUMMY__ 0.4490686925404067 neg 0.27687665154048846 off 0.2740546559191048	false	0.5
verheeren	neg 1.0		__DUMMY__ 0.4372541810049479 off 0.29483819325979105 neg 0.267907625735261	false	0.5
hippie	neg 1.0		__DUMMY__ 0.4458989329033925 off 0.2796473080925273 neg 0.2744537590040801	false	0.5
rammen	neg 1.0		__DUMMY__ 0.44788531666992454 off 0.2762432266762177 neg 0.27587145665385776	false	0.5
unlauter	neg 1.0		__DUMMY__ 0.4457326018049519 off 0.27759653023200065 neg 0.2766708679630474	false	0.5
unheilvoll	neg 1.0		__DUMMY__ 0.4467943945463492 off 0.27663651462520444 neg 0.27656909082844633	false	0.5
niedrig	neg 1.0		__DUMMY__ 0.44838419617524916 neg 0.28011500120464217 off 0.27150080262010856	false	1.0
explosion	neg 1.0		__DUMMY__ 0.44623697491022 off 0.27964102360644755 neg 0.2741220014833324	false	0.5
weichei	off 1.0	off 1.0	off 0.6336119839151197 __DUMMY__ 0.2111757488372011 neg 0.15521226724767911	false	1.0
minusmensch	off 1.0		__DUMMY__ 0.43628727593857763 off 0.2941368024956962 neg 0.26957592156572624	false	1.0
farblos	neg 1.0		__DUMMY__ 0.4459513950839802 neg 0.2778962971137276 off 0.2761523078022922	false	1.0
unwissend	neg 1.0	neg 1.0	neg 0.6264780722216997 __DUMMY__ 0.2140537240353978 off 0.1594682037429025	false	1.0
traurig	neg 1.0		__DUMMY__ 0.44240871529397424 off 0.2852347294731538 neg 0.2723565552328719	false	0.5
senkung	neg 1.0		__DUMMY__ 0.44290099694147855 neg 0.27956260508294284 off 0.2775363979755786	false	1.0
ungleich	neg 1.0	neg 1.0	neg 0.6276993665064818 __DUMMY__ 0.2177596287576358 off 0.15454100473588242	false	1.0
heikel	neg 1.0		__DUMMY__ 0.45108414433885374 neg 0.27805454726870604 off 0.27086130839244027	false	1.0
drosselung	neg 1.0		__DUMMY__ 0.44037156264916294 off 0.28137844769504666 neg 0.27824998965579034	false	0.5
falsch	neg 1.0		__DUMMY__ 0.44594791873447887 off 0.28041521042478096 neg 0.2736368708407403	false	0.5
unzufriedenheit	neg 1.0		__DUMMY__ 0.44978898770813264 neg 0.2802906724978002 off 0.2699203397940671	false	1.0
kurz	neg 1.0		__DUMMY__ 0.4509029686969863 neg 0.2753740227463901 off 0.2737230085566237	false	1.0
unsinnig	neg 1.0		__DUMMY__ 0.4474172299854692 neg 0.27853516377952897 off 0.27404760623500174	false	1.0
penner	off 1.0	off 1.0	off 0.6349703144693037 __DUMMY__ 0.21092834445705674 neg 0.15410134107363951	false	1.0
seicht	neg 1.0		__DUMMY__ 0.4356909787168294 off 0.29122771071821235 neg 0.2730813105649584	false	0.5
dummheit	off 1.0	off 1.0	off 0.62821220443454 __DUMMY__ 0.21466429388245314 neg 0.1571235016830069	false	1.0
unerfreulich	neg 1.0		__DUMMY__ 0.4515206782692766 neg 0.27786692854772715 off 0.27061239318299635	false	1.0
motherfucker	off 1.0	off 1.0	off 0.631649218681626 __DUMMY__ 0.21346857765164817 neg 0.15488220366672573	false	1.0
pikiert	neg 1.0	neg 1.0	neg 0.6264077677906724 __DUMMY__ 0.21382334562904623 off 0.15976888658028146	false	1.0
wrack	neg 1.0		__DUMMY__ 0.45448756948606084 off 0.27563469075502317 neg 0.26987773975891605	false	0.5
gangster	neg 1.0		__DUMMY__ 0.44567084542862806 off 0.27984253137723036 neg 0.27448662319414163	false	0.5
krank	neg 1.0	neg 1.0	neg 0.6246628239211196 __DUMMY__ 0.2145333791641855 off 0.16080379691469482	false	1.0
reich	neg 1.0		__DUMMY__ 0.4431099202066957 off 0.2795139711532188 neg 0.2773761086400854	false	0.5
gnadenlos	neg 1.0		__DUMMY__ 0.448347724199966 off 0.2770789724645304 neg 0.27457330333550367	false	0.5
niedergeschlagen	neg 1.0		__DUMMY__ 0.4508451867625519 neg 0.275981488299813 off 0.273173324937635	false	1.0
terrorisieren	off 1.0	off 1.0	off 0.6242645351060555 __DUMMY__ 0.21819390515811837 neg 0.15754155973582618	false	1.0
sinnlosigkeit	neg 1.0		__DUMMY__ 0.44962486208464153 neg 0.27671039173730205 off 0.2736647461780564	false	1.0
behindern	neg 1.0		__DUMMY__ 0.44746504446663704 neg 0.27756954921206667 off 0.27496540632129624	false	1.0
undemokratisch	neg 1.0		__DUMMY__ 0.4458982617969791 off 0.2780581979565886 neg 0.27604354024643224	false	0.5
wirtschaftskrise	neg 1.0		__DUMMY__ 0.4463189412409161 neg 0.28200610253989744 off 0.27167495621918647	false	1.0
neid	neg 1.0		__DUMMY__ 0.44591297459431317 off 0.27939949142765236 neg 0.27468753397803436	false	0.5
rutschen	neg 1.0		__DUMMY__ 0.45568057079170887 neg 0.2783083217348929 off 0.2660111074733981	false	1.0
rezession	neg 1.0		__DUMMY__ 0.43829573223399176 off 0.28392259682723553 neg 0.2777816709387729	false	0.5
fehlgeburt	neg 1.0		__DUMMY__ 0.4497049247866594 off 0.2767850249532532 neg 0.27351005026008735	false	0.5
charakterschwach	off 1.0		__DUMMY__ 0.44348684268580346 off 0.2822407139762102 neg 0.27427244333798634	false	1.0
isolation	neg 1.0		__DUMMY__ 0.44652950341808134 off 0.280561949116853 neg 0.2729085474650657	false	0.5
ablenkung	neg 1.0		__DUMMY__ 0.449555768163866 off 0.27576382608922223 neg 0.2746804057469118	false	0.5
pech	neg 1.0		__DUMMY__ 0.4455375790478229 off 0.28054463374639765 neg 0.2739177872057796	false	0.5
vermeidung	neg 1.0		__DUMMY__ 0.4429093590244823 off 0.2823108427694457 neg 0.27477979820607196	false	0.5
dominieren	neg 1.0		__DUMMY__ 0.45031637642153977 neg 0.2751701912493455 off 0.2745134323291147	false	1.0
schwindlig	neg 1.0		__DUMMY__ 0.4463373026263507 off 0.2775546084002509 neg 0.27610808897339834	false	0.5
lutscher	neg 1.0	neg 1.0	neg 0.6246426118300442 __DUMMY__ 0.20882527626625266 off 0.16653211190370312	false	1.0
pflicht	neg 1.0		__DUMMY__ 0.4531187663408605 neg 0.27694793227361836 off 0.26993330138552096	false	1.0
faschist	off 1.0		__DUMMY__ 0.44575770552916 off 0.28010026796228327 neg 0.27414202650855685	false	1.0
verschleudern	neg 1.0		__DUMMY__ 0.4473737229395861 neg 0.28227938157310345 off 0.27034689548731056	false	1.0
wenn			__DUMMY__ 0.4450710189528991 off 0.2810741186881439 neg 0.2738548623589571	false	0.0
ehebruch	neg 1.0		__DUMMY__ 0.44995486761714976 neg 0.2775029551875403 off 0.2725421771953099	false	1.0
spott	off 1.0		__DUMMY__ 0.45101808347508604 neg 0.27615777087262083 off 0.272824145652293	false	0.5
trostlosigkeit	neg 1.0		__DUMMY__ 0.4502296118750331 neg 0.2813119290211583 off 0.2684584591038086	false	1.0
lutschen	neg 1.0		__DUMMY__ 0.4447784690281563 off 0.28018800776036445 neg 0.27503352321147917	false	0.5
undiszipliniert	neg 1.0		__DUMMY__ 0.4431072910274551 off 0.2846085935749367 neg 0.27228411539760816	false	0.5
kopfschmerz	neg 1.0		__DUMMY__ 0.44824223501248583 neg 0.2807337019352919 off 0.2710240630522224	false	1.0
unvorhergesehen	neg 1.0		__DUMMY__ 0.45269622779169644 neg 0.27744598499426915 off 0.2698577872140344	false	1.0
desinteressiert	neg 1.0		__DUMMY__ 0.4429319321864155 off 0.2836390715022457 neg 0.2734289963113388	false	0.5
armselig	off 1.0		__DUMMY__ 0.44192723520283916 off 0.2863394275956272 neg 0.2717333372015336	false	1.0
desaster	neg 1.0		__DUMMY__ 0.4515901505775575 neg 0.2800041132446809 off 0.2684057361777616	false	1.0
tod	neg 1.0		__DUMMY__ 0.45171058998088287 neg 0.27622942961735863 off 0.27205998040175844	false	1.0
herzlos	neg 1.0		__DUMMY__ 0.44200594642611063 off 0.28560774091665797 neg 0.2723863126572313	false	0.5
unwissenheit	neg 1.0		__DUMMY__ 0.44927975217306226 neg 0.2776870857876188 off 0.27303316203931904	false	1.0
widersinnig	neg 1.0		__DUMMY__ 0.4468959646042116 neg 0.27910923700158285 off 0.2739947983942056	false	1.0
bedenklich	neg 1.0		__DUMMY__ 0.44935338250491513 neg 0.27877476417686375 off 0.27187185331822106	false	1.0
beanstanden	neg 1.0		__DUMMY__ 0.45293301004158837 neg 0.2763460714164954 off 0.27072091854191627	false	1.0
panisch	neg 1.0		__DUMMY__ 0.4482303449017993 off 0.2782446742017635 neg 0.2735249808964373	false	0.5
debil	off 1.0		__DUMMY__ 0.4555863983454768 neg 0.2813260974109453 off 0.263087504243578	false	0.5
abstrich	neg 1.0		__DUMMY__ 0.4472757437586523 neg 0.2798186735934387 off 0.27290558264790904	false	1.0
primitiv	neg 1.0		__DUMMY__ 0.44331149974296374 off 0.2840252813359406 neg 0.2726632189210957	false	0.5
abschaum	off 1.0	off 1.0	off 0.630531943381405 __DUMMY__ 0.21489610032444892 neg 0.15457195629414613	false	1.0
provozieren	neg 1.0		__DUMMY__ 0.44719278816867325 off 0.27657835591857205 neg 0.27622885591275476	false	0.5
tot	neg 1.0		__DUMMY__ 0.44827991394062844 neg 0.27910506181528916 off 0.2726150242440825	false	1.0
instabil	neg 1.0		__DUMMY__ 0.44141007561817447 off 0.28657001746201854 neg 0.27201990691980693	false	0.5
schwuchtel	off 1.0	off 1.0	off 0.6393462275218968 __DUMMY__ 0.20752421074086858 neg 0.15312956173723463	false	1.0
zerren	neg 1.0		__DUMMY__ 0.4510134319913855 neg 0.2757610338953631 off 0.2732255341132514	false	1.0
kinderficker	off 1.0		__DUMMY__ 0.4400210441141758 off 0.2887910750551617 neg 0.2711878808306625	false	1.0
gefahr	neg 1.0		__DUMMY__ 0.45226739370683505 neg 0.2776106907850213 off 0.27012191550814363	false	1.0
rabiat	neg 1.0		__DUMMY__ 0.4478739997455078 neg 0.2777893885098685 off 0.2743366117446236	false	1.0
verlangsamung	neg 1.0		__DUMMY__ 0.43852708733502327 off 0.2905981351426831 neg 0.2708747775222935	false	0.5
ausgestorben	neg 1.0		__DUMMY__ 0.4494346661390693 neg 0.27607992392842007 off 0.27448540993251064	false	1.0
anklagen	neg 1.0		__DUMMY__ 0.4491663650659121 neg 0.2768504433071788 off 0.27398319162690915	false	1.0
trott	neg 1.0		__DUMMY__ 0.4481762697418151 neg 0.2762353522120491 off 0.27558837804613573	false	1.0
verminderung	neg 1.0		__DUMMY__ 0.44330036478482365 off 0.28259991121647327 neg 0.27409972399870314	false	0.5
nach			__DUMMY__ 0.4575023360028008 neg 0.2773751082902319 off 0.2651225557069672	false	0.0
rost	neg 1.0		__DUMMY__ 0.440372538280744 off 0.2932141495558565 neg 0.26641331216339953	false	0.5
destruktiv	neg 1.0		__DUMMY__ 0.44780066643649674 neg 0.27683873156305405 off 0.27536060200044904	false	1.0
unzumutbarkeit	neg 1.0		__DUMMY__ 0.44402375845676884 off 0.2827862845974869 neg 0.2731899569457442	false	0.5
labil	off 1.0	off 1.0	off 0.6296633136235841 __DUMMY__ 0.21430073377678896 neg 0.15603595259962696	false	1.0
ziemlich	neg 1.0		__DUMMY__ 0.44514561657743756 off 0.2824000998383463 neg 0.27245428358421614	false	0.5
lachnummer	off 1.0		__DUMMY__ 0.44873376078980737 off 0.2766395174780261 neg 0.27462672173216646	false	1.0
oder			__DUMMY__ 0.44913710403761187 off 0.2766796969263079 neg 0.27418319903608007	false	0.0
verfall	neg 1.0		__DUMMY__ 0.4519265664008216 neg 0.2823757788356679 off 0.26569765476351037	false	1.0
ausgrenzung	neg 1.0		__DUMMY__ 0.4456483403607648 off 0.27783213529327094 neg 0.2765195243459643	false	0.5
unordnung	neg 1.0		__DUMMY__ 0.4403663020693593 off 0.28654826715292137 neg 0.27308543077771935	false	0.5
fehlverhalten	neg 1.0		__DUMMY__ 0.4510195809977763 neg 0.277581870719664 off 0.2713985482825597	false	1.0
eine			__DUMMY__ 0.4523338014191691 neg 0.2786412170184523 off 0.2690249815623786	false	0.0
nille	neg 1.0		__DUMMY__ 0.44805975598750375 off 0.276009882338966 neg 0.27593036167353013	false	0.5
qual	neg 1.0		__DUMMY__ 0.44806962779341714 neg 0.27685509897958854 off 0.27507527322699443	false	1.0
verschwenden	neg 1.0		__DUMMY__ 0.44964324156668817 neg 0.28000722772919134 off 0.27034953070412054	false	1.0
riesig	neg 1.0		__DUMMY__ 0.45111824151109947 neg 0.27723935954523266 off 0.2716423989436678	false	1.0
verurteilen	neg 1.0		__DUMMY__ 0.4490224762066727 neg 0.2774275096407691 off 0.2735500141525581	false	1.0
klischee	neg 1.0	neg 1.0	neg 0.6265899688907332 __DUMMY__ 0.2144863192485787 off 0.15892371186068815	false	1.0
diktatorisch	neg 1.0		__DUMMY__ 0.4453119210919111 off 0.2779126956462474 neg 0.27677538326184153	false	0.5
vorhersehbar	neg 1.0		__DUMMY__ 0.445049093019259 off 0.2787410464891863 neg 0.2762098604915546	false	0.5
sowie			__DUMMY__ 0.4385182164457044 off 0.2871596489011892 neg 0.2743221346531065	false	0.0
stornieren	neg 1.0		__DUMMY__ 0.44992196169916615 off 0.28042977331135954 neg 0.2696482649894743	false	0.5
besteuerung	neg 1.0	neg 1.0	neg 0.6301327555452567 __DUMMY__ 0.21372540579256918 off 0.1561418386621741	false	1.0
ungeschminkt	neg 1.0		__DUMMY__ 0.4425350691050698 off 0.28368037064813273 neg 0.2737845602467976	false	0.5
kritisch	neg 1.0		__DUMMY__ 0.44986170738500686 neg 0.27685154085024194 off 0.2732867517647513	false	1.0
schlamperei	off 1.0		__DUMMY__ 0.4500328361866754 neg 0.27846142904371624 off 0.2715057347696083	false	0.5
sucht	neg 1.0	neg 1.0	neg 0.6256518889509874 __DUMMY__ 0.2166596054202456 off 0.15768850562876685	false	1.0
egoistisch	off 1.0	off 1.0	off 0.633915519221922 __DUMMY__ 0.21228836332143505 neg 0.15379611745664293	false	1.0
ausbeuter	off 1.0		__DUMMY__ 0.449119125404479 neg 0.28066657313201154 off 0.27021430146350933	false	0.5
arschgeburt	off 1.0		__DUMMY__ 0.4325952329468039 off 0.29809755651512176 neg 0.2693072105380742	false	1.0
schubs	neg 1.0		__DUMMY__ 0.44832151649386676 neg 0.2802616535763757 off 0.2714168299297575	false	1.0
unsolide	neg 1.0		__DUMMY__ 0.44696106944481856 off 0.2793684722910516 neg 0.2736704582641297	false	0.5
beschwerde	neg 1.0		__DUMMY__ 0.44985412916953793 neg 0.2764388507771878 off 0.2737070200532743	false	1.0
stocken	neg 1.0		__DUMMY__ 0.45024472608682964 neg 0.277391772764672 off 0.2723635011484985	false	1.0
isolieren	neg 1.0		__DUMMY__ 0.4485913205703106 neg 0.27830972574333585 off 0.27309895368635356	false	1.0
unheilbar	neg 1.0		__DUMMY__ 0.44876840112743765 off 0.2761411555773685 neg 0.2750904432951939	false	0.5
pisser	off 1.0	off 1.0	off 0.6320941951594697 __DUMMY__ 0.21291409407376766 neg 0.15499171076676263	false	1.0
löschen	neg 1.0		__DUMMY__ 0.4471032302749713 neg 0.27691814878934207 off 0.2759786209356867	false	1.0
durchfallen	neg 1.0		__DUMMY__ 0.4501639656360183 neg 0.2767121976279102 off 0.2731238367360715	false	1.0
wichser	off 1.0	off 1.0	off 0.63701085842867 __DUMMY__ 0.20974940905207098 neg 0.153239732519259	false	1.0
terror	neg 1.0		__DUMMY__ 0.44594182611555655 off 0.2793250088083097 neg 0.27473316507613377	false	0.5
krass	neg 1.0		__DUMMY__ 0.4406729984836813 off 0.2874021001694714 neg 0.2719249013468474	false	0.5
revolte	neg 1.0		__DUMMY__ 0.44288118248837477 off 0.27879135435103913 neg 0.2783274631605861	false	0.5
besorgt	neg 1.0		__DUMMY__ 0.45154324601300905 off 0.2742361075019079 neg 0.27422064648508293	false	0.5
nachlassen	neg 1.0		__DUMMY__ 0.45145147533143226 neg 0.2757400931605986 off 0.272808431507969	false	1.0
alt	neg 1.0		__DUMMY__ 0.4457703449728666 neg 0.284500380090602 off 0.26972927493653154	false	1.0
hundesohn	off 1.0	off 1.0	off 0.6362031569426084 __DUMMY__ 0.20978685851923645 neg 0.15400998453815512	false	1.0
als			__DUMMY__ 0.44931197336562595 neg 0.27737701799687703 off 0.2733110086374971	false	0.0
abschreckung	neg 1.0		__DUMMY__ 0.45078117960411546 neg 0.2790910413273773 off 0.2701277790685073	false	1.0
unqualifiziert	neg 1.0		__DUMMY__ 0.44551573807152506 off 0.28089784993680295 neg 0.2735864119916721	false	0.5
abgewichst	off 1.0		__DUMMY__ 0.4489120202721365 neg 0.275612430971746 off 0.27547554875611757	false	0.5
schwer	neg 1.0		__DUMMY__ 0.4492228824165325 neg 0.27546296773307105 off 0.2753141498503965	false	1.0
bedeutungslosigkeit	neg 1.0		__DUMMY__ 0.4507025905347325 neg 0.27848083644022237 off 0.2708165730250452	false	1.0
kapitulation	neg 1.0		__DUMMY__ 0.4480343401985481 neg 0.2799080996576627 off 0.2720575601437891	false	1.0
unscharf	neg 1.0		__DUMMY__ 0.44384659393806114 neg 0.27926903939194153 off 0.2768843666699973	false	1.0
schwinden	neg 1.0		__DUMMY__ 0.44980860701298764 neg 0.2796529548621993 off 0.270538438124813	false	1.0
versklavung	neg 1.0	neg 1.0	neg 0.6282601455122058 __DUMMY__ 0.21458898209900032 off 0.1571508723887938	false	1.0
schlecht	neg 1.0		__DUMMY__ 0.44527423265039157 off 0.2826244968114434 neg 0.272101270538165	false	0.5
verhasst	neg 1.0		__DUMMY__ 0.44635417308657205 off 0.277161736434441 neg 0.27648409047898687	false	0.5
beschweren	neg 1.0		__DUMMY__ 0.4478566159640931 off 0.2782053485768208 neg 0.27393803545908596	false	0.5
scheiden	neg 1.0		__DUMMY__ 0.44864619307948156 off 0.27590671330157457 neg 0.275447093618944	false	0.5
frustriert	neg 1.0		__DUMMY__ 0.44963196212521256 neg 0.27603064692185525 off 0.2743373909529321	false	1.0
schimmelig	neg 1.0		__DUMMY__ 0.44721253433951264 neg 0.28172737884063753 off 0.2710600868198499	false	1.0
fisch	neg 1.0		__DUMMY__ 0.4483047402235276 neg 0.2846372978503468 off 0.26705796192612563	false	1.0
schmuggel	neg 1.0		__DUMMY__ 0.4531092821759795 neg 0.27736052412246315 off 0.2695301937015573	false	1.0
auffallen	neg 1.0		__DUMMY__ 0.4469978580887643 off 0.27848998467100805 neg 0.2745121572402276	false	0.5
konkurrenz	neg 1.0		__DUMMY__ 0.4530350740359261 neg 0.27573995832889964 off 0.27122496763517423	false	1.0
teufelskreis	neg 1.0	neg 1.0	neg 0.62868146829632 __DUMMY__ 0.21570233833013244 off 0.15561619337354754	false	1.0
aufschreien	neg 1.0		__DUMMY__ 0.44524867307254107 off 0.2785997463306081 neg 0.27615158059685085	false	0.5
schuldner	neg 1.0		__DUMMY__ 0.4481935636373818 neg 0.2822792031307691 off 0.26952723323184913	false	1.0
missgeburt	off 1.0	off 1.0	off 0.6355634325774047 __DUMMY__ 0.2113869857288453 neg 0.15304958169375005	false	1.0
arbeitslos	neg 1.0		__DUMMY__ 0.44956947709120054 neg 0.2777421110875996 off 0.27268841182119985	false	1.0
befallen	neg 1.0		__DUMMY__ 0.4448011432478705 neg 0.2824836810394646 off 0.27271517571266485	false	1.0
miesepetrig	off 1.0	off 1.0	off 0.6297413477972165 __DUMMY__ 0.21452852523320298 neg 0.1557301269695805	false	1.0
alarmieren	neg 1.0		__DUMMY__ 0.444826200765899 off 0.2811191031619593 neg 0.27405469607214167	false	0.5
ungeduscht	off 1.0		__DUMMY__ 0.4440754776359958 off 0.28015857564541496 neg 0.2757659467185892	false	1.0
knappheit	neg 1.0		__DUMMY__ 0.44708930443080064 neg 0.28073791708450435 off 0.27217277848469495	false	1.0
schlange	neg 1.0		__DUMMY__ 0.4489070488464468 off 0.2764244024803175 neg 0.27466854867323565	false	0.5
harsch	neg 1.0		__DUMMY__ 0.4429879635083992 off 0.2875308262614062 neg 0.26948121023019467	false	0.5
lang	neg 1.0		__DUMMY__ 0.4473284733754428 off 0.2772042414305837 neg 0.2754672851939737	false	0.5
ziellos	neg 1.0		__DUMMY__ 0.45197546669198135 neg 0.2764753299713835 off 0.27154920333663524	false	1.0
selbstverliebt	neg 1.0		__DUMMY__ 0.43655238319251644 off 0.29575098406166234 neg 0.2676966327458211	false	0.5
beseitigen	neg 1.0		__DUMMY__ 0.4493095479173895 off 0.27592655134886795 neg 0.27476390073374246	false	0.5
dumm	off 1.0		__DUMMY__ 0.4392135806276415 off 0.289672494043834 neg 0.2711139253285244	false	1.0
arbeitsloser	neg 1.0		__DUMMY__ 0.4536183800963662 off 0.2747332879030336 neg 0.2716483320006002	false	0.5
blitzen	neg 1.0		__DUMMY__ 0.4445724428890774 off 0.27981064772326264 neg 0.27561690938766004	false	0.5
hilflos	neg 1.0		__DUMMY__ 0.44953629493068115 neg 0.2776407032686258 off 0.272823001800693	false	1.0
eklig	off 1.0		__DUMMY__ 0.4375354319369336 off 0.2895797377239709 neg 0.2728848303390955	false	1.0
begriff			__DUMMY__ 0.4490787366750673 off 0.27554996111213503 neg 0.27537130221279765	false	0.0
hungersnot	neg 1.0		__DUMMY__ 0.44755077369576346 neg 0.28002167872328465 off 0.27242754758095195	false	1.0
ungesetzlich	neg 1.0		__DUMMY__ 0.44634579529031504 off 0.2784576251889576 neg 0.2751965795207273	false	0.5
verschwendung	neg 1.0		__DUMMY__ 0.45055240807505437 neg 0.2787549876392342 off 0.2706926042857115	false	1.0
schmerzvoll	neg 1.0		__DUMMY__ 0.4464694505303001 off 0.27702392952659244 neg 0.27650661994310743	false	0.5
vorzeitig	neg 1.0		__DUMMY__ 0.4471332022017091 off 0.2827556791636915 neg 0.2701111186345994	false	0.5
unvollkommenheit	neg 1.0		__DUMMY__ 0.44907810334683923 neg 0.2770329841924449 off 0.273888912460716	false	1.0
intervenieren	neg 1.0		__DUMMY__ 0.44819152339966306 neg 0.2811736349596725 off 0.2706348416406644	false	1.0
banause	off 1.0		__DUMMY__ 0.43476923966811903 off 0.29053971840778564 neg 0.2746910419240952	false	1.0
rebell	neg 1.0		__DUMMY__ 0.45029814407121077 neg 0.2842772705484912 off 0.2654245853802979	false	1.0
unlogisch	neg 1.0		__DUMMY__ 0.44162190858490724 off 0.2846340204600743 neg 0.27374407095501846	false	0.5
leiden	neg 1.0		__DUMMY__ 0.4537485859691937 neg 0.2758775593660141 off 0.27037385466479213	false	1.0
abschaffung	neg 1.0		__DUMMY__ 0.44581224009875176 neg 0.27781371238193125 off 0.27637404751931705	false	1.0
sturz	neg 1.0		__DUMMY__ 0.4495061369515805 off 0.2792203870701405 neg 0.2712734759782789	false	0.5
verkleinerung	neg 1.0		__DUMMY__ 0.44184879990341985 neg 0.27915057305649993 off 0.27900062704008016	false	1.0
schmarotzer	off 1.0		__DUMMY__ 0.44908308325423985 neg 0.27708327367559854 off 0.2738336430701616	false	0.5
bestrafung	neg 1.0	neg 1.0	neg 0.6265323770267363 __DUMMY__ 0.2164635467372396 off 0.15700407623602416	false	1.0
achtlos	neg 1.0		__DUMMY__ 0.45033136835505916 neg 0.27499202355987423 off 0.2746766080850666	false	1.0
ungeheuer	neg 1.0		__DUMMY__ 0.44714192448553525 neg 0.27699188052719714 off 0.2758661949872675	false	1.0
unaufrichtig	neg 1.0		__DUMMY__ 0.44553984915608386 off 0.2808034880824395 neg 0.27365666276147665	false	0.5
groggy	neg 1.0		__DUMMY__ 0.44657827132835276 off 0.2797173632024714 neg 0.2737043654691759	false	0.5
verletzlich	neg 1.0		__DUMMY__ 0.44196003514309423 off 0.2805907337859621 neg 0.2774492310709437	false	0.5
