unsolidarisch	neg 1.0		neg 0.4985802695047648 off 0.49472381342503974 __DUMMY__ 0.006695917070195415	false	1.0
nachteilig	neg 1.0		neg 0.4995629031002455 off 0.4936492280779813 __DUMMY__ 0.0067878688217732535	false	1.0
skeptisch	neg 1.0		neg 0.5019601537178181 off 0.49126011753206617 __DUMMY__ 0.006779728750115851	false	1.0
schrecklich	neg 1.0		off 0.5031592496704757 neg 0.49020960514443135 __DUMMY__ 0.006631145185092931	false	0.5
schlapp	neg 1.0	neg 1.0	neg 0.7316297419624799 off 0.2652130404366906 __DUMMY__ 0.003157217600829485	false	1.0
abfall	neg 1.0		neg 0.5026404526637742 off 0.4905174443931283 __DUMMY__ 0.0068421029430975975	false	1.0
widerspenstig	neg 1.0		neg 0.4999372095379178 off 0.4933518120075789 __DUMMY__ 0.006710978454503344	false	1.0
abrupt	neg 1.0		neg 0.5040199394609731 off 0.48922407229954745 __DUMMY__ 0.006755988239479461	false	1.0
unwirksam	neg 1.0		neg 0.5020901818915361 off 0.49126185014052787 __DUMMY__ 0.006647967967935966	false	1.0
angreifen	neg 1.0		neg 0.5022489636274857 off 0.4909617650363143 __DUMMY__ 0.006789271336200048	false	1.0
inkonsistent	neg 1.0		neg 0.49670687364621535 off 0.4966122849416142 __DUMMY__ 0.00668084141217047	false	1.0
abrutschen	neg 1.0		neg 0.5038293162149589 off 0.4893393876888496 __DUMMY__ 0.006831296096191517	false	1.0
unsicher	neg 1.0		neg 0.497176045614723 off 0.496077505229375 __DUMMY__ 0.006746449155901952	false	1.0
bauernkind	off 1.0	off 1.0	off 0.7355060933665775 neg 0.2614079101410473 __DUMMY__ 0.003085996492375121	false	1.0
angreifer	neg 1.0		off 0.5007600325327802 neg 0.49251397447846024 __DUMMY__ 0.006725992988759542	false	0.5
trennen	neg 1.0		neg 0.5015944351837525 off 0.4916010093387186 __DUMMY__ 0.006804555477528935	false	1.0
schmutz	neg 1.0		off 0.5025864337877454 neg 0.4906417122060136 __DUMMY__ 0.006771854006240795	false	0.5
inkonsistenz	neg 1.0		off 0.5000913901267574 neg 0.49322519548884913 __DUMMY__ 0.006683414384393498	false	0.5
erschreckend	neg 1.0		neg 0.4984774922371698 off 0.4947822848648094 __DUMMY__ 0.0067402228980208735	false	1.0
ertrinken	neg 1.0		neg 0.50416002342562 off 0.4890701081683331 __DUMMY__ 0.006769868406047039	false	1.0
pickelface	off 1.0		neg 0.4979023088385102 off 0.49537993683516973 __DUMMY__ 0.0067177543263199305	false	0.5
seiner			neg 0.500934673562599 off 0.49226485380274526 __DUMMY__ 0.006800472634655736	false	0.0
lauch	neg 1.0	neg 1.0	neg 0.7379431509877402 off 0.2588342920148732 __DUMMY__ 0.003222556997386732	false	1.0
unwichtig	neg 1.0		off 0.49928092453454925 neg 0.49404628201499534 __DUMMY__ 0.0066727934504553854	false	0.5
steuerhinterziehung	neg 1.0		neg 0.49964280693523433 off 0.4936392323878324 __DUMMY__ 0.006717960676933128	false	1.0
schock	neg 1.0		neg 0.49908725971153034 off 0.4941599935854268 __DUMMY__ 0.006752746703042816	false	1.0
beule	neg 1.0		off 0.5010371467422639 neg 0.49232215996317563 __DUMMY__ 0.006640693294560359	false	0.5
vergelten	neg 1.0		off 0.5053089653961129 neg 0.4880495347433031 __DUMMY__ 0.006641499860583999	false	0.5
verdorbenheit	neg 1.0		neg 0.4974267690795419 off 0.4958637432658559 __DUMMY__ 0.0067094876546021365	false	1.0
trauma	neg 1.0		neg 0.4974714280904551 off 0.495825567445956 __DUMMY__ 0.006703004463588991	false	1.0
sinnlos	neg 1.0		off 0.4970417956808003 neg 0.49624878803304767 __DUMMY__ 0.006709416286151983	false	0.5
fettsack	off 1.0	off 1.0	off 0.7367758693304255 neg 0.2601340193565467 __DUMMY__ 0.0030901113130278423	false	1.0
feige	off 1.0	off 1.0	off 0.7348476786430455 neg 0.2620094804642461 __DUMMY__ 0.003142840892708494	false	1.0
abdanken	neg 1.0		neg 0.498101945620074 off 0.4951605006489158 __DUMMY__ 0.006737553731010372	false	1.0
wichtigtuer	off 1.0	off 1.0	off 0.7341949513482166 neg 0.2626302487642209 __DUMMY__ 0.003174799887562584	false	1.0
misslingen	neg 1.0	neg 1.0	neg 0.730830702687444 off 0.2659477891298252 __DUMMY__ 0.003221508182730923	false	1.0
untreu	off 1.0		off 0.5003297135687684 neg 0.4930109688485797 __DUMMY__ 0.006659317582651785	false	1.0
missmutig	neg 1.0		off 0.498129032548219 neg 0.4951869166310311 __DUMMY__ 0.006684050820749807	false	0.5
hurenbock	off 1.0		neg 0.5018698136633695 off 0.49147317324311857 __DUMMY__ 0.006657013093511902	false	0.5
betrunken	neg 1.0		off 0.5020307499004047 neg 0.4913304282233501 __DUMMY__ 0.006638821876245289	false	0.5
korrupt	off 1.0		neg 0.5005614395903442 off 0.49272344356063197 __DUMMY__ 0.006715116849023936	false	0.5
unmut	neg 1.0		neg 0.5034441732738821 off 0.4897563760334575 __DUMMY__ 0.006799450692660315	false	1.0
hackfresse	off 1.0		off 0.5069788711516865 neg 0.48644100594399964 __DUMMY__ 0.006580122904313995	false	1.0
aufblasen	neg 1.0		neg 0.4975085995563869 off 0.4957638118952732 __DUMMY__ 0.0067275885483399946	false	1.0
gewaltsam	neg 1.0		neg 0.49825210656610996 off 0.4950140396431589 __DUMMY__ 0.006733853790731176	false	1.0
unbeliebtheit	neg 1.0		off 0.500620530297832 neg 0.4927178230524214 __DUMMY__ 0.006661646649746647	false	0.5
sturheit	neg 1.0		neg 0.49727954284636733 off 0.49595945160602506 __DUMMY__ 0.0067610055476075145	false	1.0
kuh	neg 1.0		neg 0.5019967566919438 off 0.4914170899288671 __DUMMY__ 0.006586153379189118	false	1.0
erschrecken	neg 1.0		off 0.4993397802028498 neg 0.4939653296491171 __DUMMY__ 0.006694890148033242	false	0.5
opfer	neg 1.0		neg 0.49881003027226894 off 0.4943929024090573 __DUMMY__ 0.006797067318673715	false	1.0
sinken	neg 1.0		neg 0.5041335210990968 off 0.4890920937524348 __DUMMY__ 0.006774385148468467	false	1.0
stinktier	neg 1.0		off 0.5008656871110926 neg 0.4925977439889093 __DUMMY__ 0.006536568899998168	false	0.5
tucke	off 1.0		off 0.5051587309861492 neg 0.48834259582671236 __DUMMY__ 0.00649867318713845	false	1.0
ein			neg 0.5002732315402811 off 0.49301472951299286 __DUMMY__ 0.006712038946726037	false	0.0
abstieg	neg 1.0		off 0.49748399409417976 neg 0.49570118528925944 __DUMMY__ 0.00681482061656075	false	0.5
missverstehen	neg 1.0		off 0.4977654883836887 neg 0.4955357520690653 __DUMMY__ 0.006698759547246092	false	0.5
ergebnislos	neg 1.0		neg 0.49927374112203765 off 0.493930246724506 __DUMMY__ 0.0067960121534564365	false	1.0
unter			neg 0.5055427544046465 off 0.48756139431815537 __DUMMY__ 0.006895851277198104	false	0.0
manipulieren	neg 1.0		neg 0.5002064609282332 off 0.49299600399502536 __DUMMY__ 0.006797535076741424	false	1.0
unbewiesen	neg 1.0	neg 1.0	neg 0.733525283110174 off 0.26329198695968953 __DUMMY__ 0.003182729930136665	false	1.0
verschleppen	neg 1.0		neg 0.5007203798344809 off 0.4925304819830516 __DUMMY__ 0.0067491381824675645	false	1.0
weib	off 1.0		off 0.5070204311085101 neg 0.48645122080097253 __DUMMY__ 0.006528348090517433	false	1.0
opposition	neg 1.0		neg 0.49828293932453344 off 0.49503479166693676 __DUMMY__ 0.00668226900852974	false	1.0
verkehrswidrig	neg 1.0	neg 1.0	neg 0.7275506049099891 off 0.2692942387729339 __DUMMY__ 0.0031551563170770275	false	1.0
inkorrekt	neg 1.0		off 0.5025114414690223 neg 0.4908634485822168 __DUMMY__ 0.006625109948760848	false	0.5
vermeiden	neg 1.0		neg 0.504176675530781 off 0.4889861684326375 __DUMMY__ 0.0068371560365815785	false	1.0
abweichung	neg 1.0	neg 1.0	neg 0.7335404862132445 off 0.26323374277527384 __DUMMY__ 0.0032257710114815623	false	1.0
alkoholisiert	neg 1.0		neg 0.4994098680359081 off 0.4937681309761938 __DUMMY__ 0.006822000987898157	false	1.0
scheiss	off 1.0	off 1.0	off 0.7354084732534075 neg 0.2614605275961805 __DUMMY__ 0.0031309991504120285	false	1.0
herausforderung	neg 1.0		neg 0.4988391811541748 off 0.4943860993779939 __DUMMY__ 0.006774719467831336	false	1.0
pervers	off 1.0		off 0.5097699707684761 neg 0.48371472985021485 __DUMMY__ 0.006515299381309041	false	1.0
wackelig	neg 1.0		neg 0.4988794274429386 off 0.49434423594172033 __DUMMY__ 0.006776336615341062	false	1.0
verwickeln	neg 1.0		off 0.4967544261266081 neg 0.4965407050758125 __DUMMY__ 0.0067048687975795945	false	0.5
vorwand	neg 1.0		neg 0.5028368623095503 off 0.49037390211416454 __DUMMY__ 0.006789235576285029	false	1.0
muschi	off 1.0		neg 0.49806763092713996 off 0.49519178762541616 __DUMMY__ 0.006740581447443954	false	0.5
entmutigung	neg 1.0		neg 0.4974087034286927 off 0.49591667704451803 __DUMMY__ 0.006674619526789169	false	1.0
unangemessen	neg 1.0		neg 0.4981416498619503 off 0.4951039478543269 __DUMMY__ 0.0067544022837228235	false	1.0
unstetig	neg 1.0		off 0.4990248348367911 neg 0.494288933402768 __DUMMY__ 0.006686231760440977	false	0.5
entmutigen	neg 1.0		neg 0.4968237941505525 off 0.4964520937236422 __DUMMY__ 0.006724112125805359	false	1.0
schwanz	neg 1.0		neg 0.5008945279401994 off 0.49236061784482144 __DUMMY__ 0.0067448542149790855	false	1.0
verbot	neg 1.0		neg 0.5008713964312967 off 0.49240926618668085 __DUMMY__ 0.006719337382022471	false	1.0
leid	neg 1.0		off 0.5040624465045348 neg 0.4893327346846332 __DUMMY__ 0.0066048188108320475	false	0.5
archaisch	neg 1.0		neg 0.4999004229351548 off 0.49336541196850237 __DUMMY__ 0.0067341650963428975	false	1.0
gegen			neg 0.5011887545476714 off 0.4919878219964028 __DUMMY__ 0.006823423455925741	false	0.0
scheidung	neg 1.0		off 0.5171081423727933 neg 0.4763393280032164 __DUMMY__ 0.006552529623990238	false	0.5
einschlag	neg 1.0		off 0.505628725224619 neg 0.4877085102405113 __DUMMY__ 0.006662764534869653	false	0.5
m			neg 0.4993512610770761 off 0.4938903200602334 __DUMMY__ 0.006758418862690479	false	0.0
abgestanden	neg 1.0		neg 0.5033476971496338 off 0.49001361505734115 __DUMMY__ 0.0066386877930250205	false	1.0
schmierig	off 1.0		off 0.5039143157964063 neg 0.4894753904904369 __DUMMY__ 0.006610293713156673	false	1.0
unpraktisch	neg 1.0		off 0.4974293588301084 neg 0.495843306360525 __DUMMY__ 0.006727334809366527	false	0.5
wixxer	off 1.0		off 0.5088309897812241 neg 0.4846774372350194 __DUMMY__ 0.0064915729837564575	false	1.0
bezeichnet			neg 0.49698123896463564 off 0.4962809243860569 __DUMMY__ 0.006737836649307373	false	0.0
jammerlappen	off 1.0		off 0.49997995684849755 neg 0.49334292911993 __DUMMY__ 0.006677114031572397	false	1.0
farce	neg 1.0		neg 0.4995529647449048 off 0.4937461290732417 __DUMMY__ 0.0067009061818533834	false	1.0
zwecklos	neg 1.0		neg 0.49999312447183275 off 0.49325788396909 __DUMMY__ 0.006748991559077292	false	1.0
turbulent	neg 1.0		off 0.5013023928999427 neg 0.49205568594341303 __DUMMY__ 0.006641921156644408	false	0.5
invasion	neg 1.0		off 0.4977254736724585 neg 0.4955725490554973 __DUMMY__ 0.006701977272044144	false	0.5
schuld	neg 1.0		neg 0.4967434424612643 off 0.49653765591232174 __DUMMY__ 0.006718901626413972	false	1.0
risiko	neg 1.0		neg 0.4983258143888151 off 0.4950026819581246 __DUMMY__ 0.006671503653060188	false	1.0
finster	neg 1.0		neg 0.49985368809062836 off 0.49344243075611693 __DUMMY__ 0.006703881153254668	false	1.0
geisteskrank	off 1.0		off 0.5016529425967429 neg 0.49170482770964075 __DUMMY__ 0.006642229693616514	false	1.0
zusammenbrechen	neg 1.0		neg 0.49992113307508923 off 0.4933328613957752 __DUMMY__ 0.006746005529135574	false	1.0
ausbeute	neg 1.0		off 0.4967952709604163 neg 0.4964260376820799 __DUMMY__ 0.006778691357503629	false	0.5
hinterhalt	neg 1.0		neg 0.49994024511952184 off 0.4933297750300938 __DUMMY__ 0.006729979850384363	false	1.0
kritik	neg 1.0		neg 0.4999822817170052 off 0.49331659110367737 __DUMMY__ 0.006701127179317555	false	1.0
einschrumpfen	neg 1.0		off 0.4974525572406892 neg 0.4959158242942539 __DUMMY__ 0.0066316184650568955	false	0.5
riskant	neg 1.0		neg 0.5023885674410605 off 0.49084325411830354 __DUMMY__ 0.006768178440636004	false	1.0
frustrieren	neg 1.0		neg 0.5021534313008869 off 0.49109610442274254 __DUMMY__ 0.006750464276370517	false	1.0
groll	neg 1.0		neg 0.4985708235123782 off 0.4946632102151639 __DUMMY__ 0.006765966272457862	false	1.0
gibt			neg 0.49944073602243416 off 0.4937954251460193 __DUMMY__ 0.00676383883154652	false	0.0
qualvoll	neg 1.0		off 0.4971483881117058 neg 0.49614601455696156 __DUMMY__ 0.006705597331332664	false	0.5
wackeln	neg 1.0		neg 0.49781242806635784 off 0.4954504953432176 __DUMMY__ 0.006737076590424562	false	1.0
klagen	neg 1.0		neg 0.5032697240830899 off 0.48995326608191264 __DUMMY__ 0.006777009834997511	false	1.0
bankrott	neg 1.0		off 0.5004392322913909 neg 0.4928641444227537 __DUMMY__ 0.006696623285855427	false	0.5
trauern	neg 1.0		neg 0.49827855368966834 off 0.4948926164647019 __DUMMY__ 0.006828829845629692	false	1.0
ablehnung	neg 1.0		neg 0.5000956283974045 off 0.49319023932733863 __DUMMY__ 0.006714132275256821	false	1.0
stur	neg 1.0		neg 0.49744167863936073 off 0.4958504970336513 __DUMMY__ 0.006707824326987932	false	1.0
aufruhr	neg 1.0	neg 1.0	neg 0.7341106577651907 off 0.26270266065910225 __DUMMY__ 0.003186681575707055	false	1.0
melancholie	neg 1.0		neg 0.5037383773089508 off 0.48951024257889997 __DUMMY__ 0.006751380112149323	false	1.0
ist			off 0.49703927484765303 neg 0.496245692775968 __DUMMY__ 0.0067150323763789785	false	0.0
torheit	neg 1.0		neg 0.49664281359605666 off 0.49663963311182036 __DUMMY__ 0.006717553292122919	false	1.0
dreckskind	off 1.0		off 0.5070683308526392 neg 0.486378121074918 __DUMMY__ 0.00655354807244269	false	1.0
umtauschen	neg 1.0		neg 0.49889257986092433 off 0.49437942013203195 __DUMMY__ 0.00672800000704366	false	1.0
zum			neg 0.5000703647937836 off 0.493031788233232 __DUMMY__ 0.006897846972984447	false	0.0
zersetzen	neg 1.0		neg 0.5029629279273456 off 0.49027550052588703 __DUMMY__ 0.006761571546767371	false	1.0
zur			neg 0.5036938465918622 off 0.4894644692413303 __DUMMY__ 0.0068416841668074635	false	0.0
frust	neg 1.0		neg 0.49964024975585763 off 0.4936035982842658 __DUMMY__ 0.006756151959876658	false	1.0
unerbittlichkeit	neg 1.0		neg 0.5005966552752827 off 0.49262376733044405 __DUMMY__ 0.006779577394273227	false	1.0
zwei			neg 0.5036772294565225 off 0.48947052038135613 __DUMMY__ 0.006852250162121467	false	0.0
unkorrekt	neg 1.0		off 0.5009553503843429 neg 0.4924156964149658 __DUMMY__ 0.006628953200691273	false	0.5
hexe	off 1.0		off 0.497049089115251 neg 0.4963157879094295 __DUMMY__ 0.006635122975319576	false	1.0
lasch	neg 1.0		off 0.49931212621247584 neg 0.4940003567340487 __DUMMY__ 0.006687517053475591	false	0.5
rivale	neg 1.0		off 0.5032505820188821 neg 0.49011818721900197 __DUMMY__ 0.006631230762115942	false	0.5
mutlos	off 1.0	off 1.0	off 0.7314766286428316 neg 0.26532008263995155 __DUMMY__ 0.0032032887172167373	false	1.0
wirr	off 1.0		off 0.5033050682613168 neg 0.49007775452553426 __DUMMY__ 0.006617177213149018	false	1.0
jahr			neg 0.49756299662071635 off 0.49559163062874473 __DUMMY__ 0.006845372750538929	false	0.0
wird			neg 0.49981449500126496 off 0.49341442750565123 __DUMMY__ 0.006771077493083733	false	0.0
strafbar	neg 1.0		neg 0.500869313121059 off 0.4923533248103573 __DUMMY__ 0.00677736206858372	false	1.0
erosion	neg 1.0		neg 0.4976412385008419 off 0.4956301787148279 __DUMMY__ 0.006728582784330303	false	1.0
eingehen	neg 1.0		neg 0.5020334220486786 off 0.4912104124349837 __DUMMY__ 0.006756165516337756	false	1.0
faul	off 1.0		off 0.4989575486726587 neg 0.49436300582916193 __DUMMY__ 0.00667944549817927	false	1.0
provisorium	neg 1.0		neg 0.5051038927837206 off 0.4879955237400848 __DUMMY__ 0.0069005834761946125	false	1.0
schmerzen	neg 1.0		neg 0.4997876767468705 off 0.49348506423465255 __DUMMY__ 0.006727259018477106	false	1.0
schrumpfen	neg 1.0		neg 0.5064598918252665 off 0.48674392225659135 __DUMMY__ 0.006796185918142253	false	1.0
geistlos	off 1.0		neg 0.49678508371934127 off 0.4965422803454025 __DUMMY__ 0.006672635935256258	false	0.5
fehlkauf	neg 1.0		neg 0.4969851813977934 off 0.49633498502142154 __DUMMY__ 0.006679833580784977	false	1.0
frustrierend	neg 1.0		off 0.4987631095046035 neg 0.49454855685987964 __DUMMY__ 0.0066883336355168825	false	0.5
unzufrieden	neg 1.0		neg 0.49997993725267154 off 0.4932654719935431 __DUMMY__ 0.006754590753785447	false	1.0
verzweifeln	neg 1.0		neg 0.49825121383700005 off 0.4949985628200293 __DUMMY__ 0.006750223342970623	false	1.0
verzweifelt	neg 1.0		neg 0.49674141495464325 off 0.4965415657680228 __DUMMY__ 0.006717019277334066	false	1.0
misstrauensantrag	neg 1.0		off 0.4969711195695743 neg 0.496327924186354 __DUMMY__ 0.006700956244071669	false	0.5
abfallen	neg 1.0		neg 0.49820798326428306 off 0.49507125032824095 __DUMMY__ 0.006720766407476078	false	1.0
fucker	off 1.0		off 0.5032219394994591 neg 0.4901303356829404 __DUMMY__ 0.006647724817600292	false	1.0
ungezogen	neg 1.0		off 0.5083037428255123 neg 0.48514846306745835 __DUMMY__ 0.006547794107029269	false	0.5
irrsinnig	neg 1.0	neg 1.0	neg 0.7339038538244295 off 0.26291736842817676 __DUMMY__ 0.0031787777473936654	false	1.0
unfassbar	neg 1.0		off 0.5009544123827224 neg 0.4923752680523134 __DUMMY__ 0.006670319564964127	false	0.5
hart	neg 1.0		neg 0.4968433988455249 off 0.49656506513793736 __DUMMY__ 0.006591536016537634	false	1.0
widerlich	off 1.0		off 0.5007893144838829 neg 0.49255758611070094 __DUMMY__ 0.006653099405416114	false	1.0
fatal	neg 1.0	neg 1.0	neg 0.7343145181368265 off 0.2625364203098689 __DUMMY__ 0.0031490615533046828	false	1.0
bruch	neg 1.0		neg 0.5017010881656803 off 0.49146690016931116 __DUMMY__ 0.006832011665008554	false	1.0
aushungern	neg 1.0		neg 0.5008979086345194 off 0.4923873384175437 __DUMMY__ 0.006714752947936782	false	1.0
anspannung	neg 1.0		neg 0.5026106175406705 off 0.4905228073693 __DUMMY__ 0.006866575090029369	false	1.0
von			neg 0.5018015522294249 off 0.4914007933998882 __DUMMY__ 0.006797654370686851	false	0.0
kraftlos	neg 1.0		neg 0.4999548703665291 off 0.4932801594983569 __DUMMY__ 0.006764970135114089	false	1.0
vom			neg 0.5029521336668936 off 0.4901254995450756 __DUMMY__ 0.006922366788030672	false	0.0
grenzdebil	off 1.0		off 0.5002556885119926 neg 0.4930937940531045 __DUMMY__ 0.006650517434902711	false	1.0
vor			neg 0.5027815251883911 off 0.490407564798793 __DUMMY__ 0.0068109100128160086	false	0.0
unterwerfen	neg 1.0		neg 0.5003641911730065 off 0.4928652017554564 __DUMMY__ 0.006770607071537148	false	1.0
versenkung	neg 1.0		neg 0.5006000567249812 off 0.49261876202399546 __DUMMY__ 0.006781181251023411	false	1.0
entziehen	neg 1.0		neg 0.5029054014266421 off 0.490303870669486 __DUMMY__ 0.00679072790387186	false	1.0
finanzkrise	neg 1.0		neg 0.5034801745034543 off 0.4898716665475311 __DUMMY__ 0.006648158949014574	false	1.0
schimpfend	neg 1.0		off 0.49720956296098984 neg 0.49605206203094804 __DUMMY__ 0.006738375008061969	false	0.5
profan	neg 1.0		off 0.4972651011921872 neg 0.49603455513213984 __DUMMY__ 0.006700343675673041	false	0.5
korruption	neg 1.0		neg 0.5012513541426766 off 0.4920274570786773 __DUMMY__ 0.006721188778646112	false	1.0
â			neg 0.5006208276094253 off 0.49262582187991755 __DUMMY__ 0.006753350510657209	false	0.0
schmutzig	neg 1.0		off 0.5009559709161101 neg 0.4923861218114446 __DUMMY__ 0.006657907272445352	false	0.5
sexy	neg 1.0		off 0.4993400169593481 neg 0.49396246872628363 __DUMMY__ 0.0066975143143682995	false	0.5
abraten	neg 1.0		off 0.49757689616315526 neg 0.4957062656562701 __DUMMY__ 0.006716838180574739	false	0.5
schwarz	neg 1.0		off 0.4973798667989798 neg 0.4959143905542181 __DUMMY__ 0.006705742646802025	false	0.5
fotze	off 1.0	off 1.0	off 0.7317809481480695 neg 0.2650206921646726 __DUMMY__ 0.003198359687258003	false	1.0
verwirren	neg 1.0		off 0.49792225858174116 neg 0.49537262307092017 __DUMMY__ 0.006705118347338698	false	0.5
zahnlos	off 1.0		neg 0.4991849061988516 off 0.4940708587188472 __DUMMY__ 0.0067442350823013345	false	0.5
verheeren	neg 1.0		off 0.5103432828897267 neg 0.4831068860301636 __DUMMY__ 0.0065498310801097165	false	0.5
hippie	neg 1.0		off 0.4985084425733993 neg 0.4947990819734357 __DUMMY__ 0.006692475453165065	false	0.5
rammen	neg 1.0		neg 0.49733512084157316 off 0.4959436440106644 __DUMMY__ 0.00672123514776252	false	1.0
unlauter	neg 1.0		neg 0.497149698413522 off 0.49616223671551163 __DUMMY__ 0.00668806487096635	false	1.0
unheilvoll	neg 1.0		neg 0.4975133055492155 off 0.49578181836784646 __DUMMY__ 0.006704876082937967	false	1.0
niedrig	neg 1.0		neg 0.5022725331114398 off 0.4909971711972439 __DUMMY__ 0.006730295691316322	false	1.0
explosion	neg 1.0		off 0.4986956730670626 neg 0.49460698394457453 __DUMMY__ 0.006697342988362959	false	0.5
weichei	off 1.0	off 1.0	off 0.7372406500246165 neg 0.2596526536347032 __DUMMY__ 0.0031066963406803857	false	1.0
minusmensch	off 1.0		off 0.5090550324725028 neg 0.4844099459375688 __DUMMY__ 0.00653502158992832	false	1.0
farblos	neg 1.0		neg 0.4984895911124798 off 0.49482068838400156 __DUMMY__ 0.00668972050351869	false	1.0
unwissend	neg 1.0	neg 1.0	neg 0.7323979291172832 off 0.2644513388011599 __DUMMY__ 0.0031507320815569017	false	1.0
traurig	neg 1.0		off 0.5027409913702905 neg 0.4906240503899089 __DUMMY__ 0.006634958239800646	false	0.5
senkung	neg 1.0		neg 0.4986865928442689 off 0.4946712542159978 __DUMMY__ 0.00664215293973339	false	1.0
ungleich	neg 1.0	neg 1.0	neg 0.7355471844561449 off 0.26124582058201345 __DUMMY__ 0.003206994961841743	false	1.0
heikel	neg 1.0		neg 0.501523632383573 off 0.49169976921054886 __DUMMY__ 0.0067765984058779935	false	1.0
drosselung	neg 1.0		off 0.49753159585747503 neg 0.49586763717576626 __DUMMY__ 0.006600766966758766	false	0.5
falsch	neg 1.0		off 0.4993844812694742 neg 0.4939227978895025 __DUMMY__ 0.006692720841023361	false	0.5
unzufriedenheit	neg 1.0		neg 0.503273758946088 off 0.4899703762118889 __DUMMY__ 0.006755864842023262	false	1.0
kurz	neg 1.0		neg 0.4984580658058996 off 0.4947690899223265 __DUMMY__ 0.006772844271773966	false	1.0
unsinnig	neg 1.0		neg 0.500064793963779 off 0.4932179217587464 __DUMMY__ 0.00671728427747458	false	1.0
penner	off 1.0	off 1.0	off 0.7384738791266018 neg 0.2584230202456754 __DUMMY__ 0.003103100627722817	false	1.0
seicht	neg 1.0		off 0.505666618805286 neg 0.4878073755842679 __DUMMY__ 0.006526005610446306	false	0.5
dummheit	off 1.0	off 1.0	off 0.7334613805953129 neg 0.26337844377015235 __DUMMY__ 0.0031601756345347566	false	1.0
unerfreulich	neg 1.0		neg 0.5015419344040192 off 0.4916747262152011 __DUMMY__ 0.006783339380779708	false	1.0
motherfucker	off 1.0	off 1.0	off 0.7363362948240939 neg 0.2605217826025635 __DUMMY__ 0.003141922573342647	false	1.0
pikiert	neg 1.0	neg 1.0	neg 0.7322213359898163 off 0.26463140968577953 __DUMMY__ 0.0031472543244041792	false	1.0
wrack	neg 1.0		off 0.49867997546973564 neg 0.4944922439362142 __DUMMY__ 0.006827780594050254	false	0.5
gangster	neg 1.0		off 0.4986113810040708 neg 0.4946999320843618 __DUMMY__ 0.006688686911567355	false	0.5
krank	neg 1.0	neg 1.0	neg 0.7307937395821444 off 0.266048743744569 __DUMMY__ 0.0031575166732866577	false	1.0
reich	neg 1.0		off 0.4969211227888652 neg 0.4964354567664438 __DUMMY__ 0.0066434204446910025	false	0.5
gnadenlos	neg 1.0		off 0.49698727312577995 neg 0.4962803863748789 __DUMMY__ 0.006732340499341186	false	0.5
niedergeschlagen	neg 1.0		neg 0.49910616732919977 off 0.4941220097517586 __DUMMY__ 0.00677182291904165	false	1.0
terrorisieren	off 1.0	off 1.0	off 0.7311773312103217 neg 0.26560894688709646 __DUMMY__ 0.0032137219025818405	false	1.0
sinnlosigkeit	neg 1.0		neg 0.4992914804103791 off 0.49395557842086335 __DUMMY__ 0.006752941168757566	false	1.0
behindern	neg 1.0		neg 0.4989779750095206 off 0.49430448892669937 __DUMMY__ 0.0067175360637799705	false	1.0
undemokratisch	neg 1.0		off 0.4966884384219811 neg 0.49661983855008573 __DUMMY__ 0.006691723027933127	false	0.5
wirtschaftskrise	neg 1.0		neg 0.503254419483004 off 0.490047162574713 __DUMMY__ 0.006698417942283172	false	1.0
neid	neg 1.0		off 0.49829526318545325 neg 0.4950135258014412 __DUMMY__ 0.006691211013105664	false	0.5
rutschen	neg 1.0		neg 0.5042106883731379 off 0.48893944135566786 __DUMMY__ 0.006849870271194306	false	1.0
rezession	neg 1.0		off 0.49912240591403967 neg 0.4943100577033679 __DUMMY__ 0.006567536382592313	false	0.5
fehlgeburt	neg 1.0		off 0.49745319632236945 neg 0.49579673709507344 __DUMMY__ 0.006750066582557131	false	0.5
charakterschwach	off 1.0		off 0.5000389050932345 neg 0.49330848386836684 __DUMMY__ 0.006652611038398713	false	1.0
isolation	neg 1.0		off 0.4998637674697204 neg 0.4934344057947942 __DUMMY__ 0.006701826735485488	false	0.5
ablenkung	neg 1.0		neg 0.4970147513709544 off 0.4962338781629737 __DUMMY__ 0.00675137046607177	false	1.0
pech	neg 1.0		off 0.499376438112052 neg 0.49393942157282394 __DUMMY__ 0.006684140315124158	false	0.5
vermeidung	neg 1.0		off 0.4998714576178827 neg 0.4934862897018468 __DUMMY__ 0.0066422526802704576	false	0.5
dominieren	neg 1.0		neg 0.4979971120935548 off 0.4952406832323996 __DUMMY__ 0.0067622046740456335	false	1.0
schwindlig	neg 1.0		neg 0.49672482081213 off 0.4965775428981632 __DUMMY__ 0.00669763628970668	false	1.0
lutscher	neg 1.0	neg 1.0	neg 0.727906085025342 off 0.26902291060927275 __DUMMY__ 0.0030710043653853643	false	1.0
pflicht	neg 1.0		neg 0.5014534949962599 off 0.49173678316623787 __DUMMY__ 0.006809721837502337	false	1.0
faschist	off 1.0		off 0.49883632632929864 neg 0.49447446580251636 __DUMMY__ 0.006689207868184954	false	1.0
verschleudern	neg 1.0		neg 0.5041073098962702 off 0.489177514668376 __DUMMY__ 0.0067151754353536736	false	1.0
wenn			off 0.4996198205391816 neg 0.49370140755075415 __DUMMY__ 0.006678771910064467	false	0.0
ehebruch	neg 1.0		neg 0.5003532603052017 off 0.49288897559094086 __DUMMY__ 0.006757764103857334	false	1.0
spott	off 1.0		neg 0.4994770972686959 off 0.4937476982850851 __DUMMY__ 0.006775204446219028	false	0.5
trostlosigkeit	neg 1.0		neg 0.5046039440269241 off 0.4886339735718858 __DUMMY__ 0.006762082401190058	false	1.0
lutschen	neg 1.0		off 0.4985107764205045 neg 0.4948166370566372 __DUMMY__ 0.006672586522858193	false	0.5
undiszipliniert	neg 1.0		off 0.5024446109131477 neg 0.49090961536012634 __DUMMY__ 0.006645773726725951	false	0.5
kopfschmerz	neg 1.0		neg 0.5027682332554992 off 0.4905038088215518 __DUMMY__ 0.006727957922948984	false	1.0
unvorhergesehen	neg 1.0		neg 0.5016294503883761 off 0.4915702592760931 __DUMMY__ 0.006800290335530679	false	1.0
desinteressiert	neg 1.0		off 0.5012915589665731 neg 0.49206481756059856 __DUMMY__ 0.006643623472828264	false	0.5
armselig	off 1.0		off 0.5036476022465874 neg 0.48972471700976816 __DUMMY__ 0.006627680743644265	false	1.0
desaster	neg 1.0		neg 0.503949107789378 off 0.4892662055183557 __DUMMY__ 0.006784686692266325	false	1.0
tod	neg 1.0		neg 0.49984564110697505 off 0.4933711070228516 __DUMMY__ 0.006783251870173496	false	1.0
herzlos	neg 1.0		off 0.5029250381197592 neg 0.49044636120457236 __DUMMY__ 0.006628600675668573	false	0.5
unwissenheit	neg 1.0		neg 0.5001674407705009 off 0.49308541027243347 __DUMMY__ 0.006747148957065701	false	1.0
widersinnig	neg 1.0		neg 0.5004535631228773 off 0.49283813453406383 __DUMMY__ 0.006708302343059042	false	1.0
bedenklich	neg 1.0		neg 0.5013690643074826 off 0.491882163161276 __DUMMY__ 0.006748772531241476	false	1.0
beanstanden	neg 1.0		neg 0.500703203977266 off 0.4924904201660012 __DUMMY__ 0.006806375856732741	false	1.0
panisch	neg 1.0		off 0.4982637430785599 neg 0.49500735955282504 __DUMMY__ 0.006728897368614917	false	0.5
debil	off 1.0		neg 0.507417125107058 off 0.48573499307879553 __DUMMY__ 0.006847881814146482	false	0.5
abstrich	neg 1.0		neg 0.5011744002484811 off 0.4921160254494646 __DUMMY__ 0.006709574302054339	false	1.0
primitiv	neg 1.0		off 0.5018804589972902 neg 0.4914694988371182 __DUMMY__ 0.006650042165591549	false	0.5
abschaum	off 1.0	off 1.0	off 0.7359004253527531 neg 0.2609360220367831 __DUMMY__ 0.0031635526104638037	false	1.0
provozieren	neg 1.0		neg 0.49744154869837287 off 0.49584480820429705 __DUMMY__ 0.006713643097330062	false	1.0
tot	neg 1.0		neg 0.5010527681409185 off 0.49222000890822326 __DUMMY__ 0.006727222950858359	false	1.0
instabil	neg 1.0		off 0.5036122033472998 neg 0.48977085526149855 __DUMMY__ 0.006616941391201465	false	0.5
schwuchtel	off 1.0	off 1.0	off 0.7411992495967554 neg 0.2557492016955971 __DUMMY__ 0.003051548707647461	false	1.0
zerren	neg 1.0		neg 0.4989882004156958 off 0.4942365314553583 __DUMMY__ 0.00677526812894584	false	1.0
kinderficker	off 1.0		off 0.5052812182678141 neg 0.4881228891993808 __DUMMY__ 0.006595892532805039	false	1.0
gefahr	neg 1.0		neg 0.5017365043053442 off 0.4914684924292591 __DUMMY__ 0.006795003265396675	false	1.0
rabiat	neg 1.0		neg 0.49947912818952683 off 0.4937964948006388 __DUMMY__ 0.00672437700983442	false	1.0
verlangsamung	neg 1.0		off 0.5064096912076618 neg 0.4870199379886255 __DUMMY__ 0.0065703708037127126	false	0.5
ausgestorben	neg 1.0		neg 0.49847835779329086 off 0.4947720738226859 __DUMMY__ 0.006749568384023217	false	1.0
anklagen	neg 1.0		neg 0.49922786805254177 off 0.49402795468467353 __DUMMY__ 0.006744177262784639	false	1.0
trott	neg 1.0		neg 0.49792913642353737 off 0.4953414856589368 __DUMMY__ 0.006729377917525791	false	1.0
verminderung	neg 1.0		off 0.500403107357399 neg 0.49294840565984305 __DUMMY__ 0.006648486982757874	false	0.5
nach			neg 0.504190830620246 off 0.48892943617276885 __DUMMY__ 0.006879733206985063	false	0.0
rost	neg 1.0		off 0.5102501403515936 neg 0.483150289756037 __DUMMY__ 0.006599569892369467	false	0.5
destruktiv	neg 1.0		neg 0.49844009634149944 off 0.49483682657922273 __DUMMY__ 0.0067230770792777814	false	1.0
unzumutbarkeit	neg 1.0		off 0.50092827215677 neg 0.49241205111768516 __DUMMY__ 0.00665967672554478	false	0.5
labil	off 1.0	off 1.0	off 0.7347400933355368 neg 0.2621052820841512 __DUMMY__ 0.0031546245803120328	false	1.0
ziemlich	neg 1.0		off 0.5011060770761363 neg 0.49221457276544406 __DUMMY__ 0.006679350158419563	false	0.5
lachnummer	off 1.0		off 0.4966781138675618 neg 0.4965832729445192 __DUMMY__ 0.006738613187919021	false	1.0
oder			off 0.49702874307314526 neg 0.49622708123396275 __DUMMY__ 0.006744175692891911	false	0.0
verfall	neg 1.0		neg 0.5066632446850873 off 0.48654653989648594 __DUMMY__ 0.006790215418426682	false	1.0
ausgrenzung	neg 1.0		neg 0.49698958308249086 off 0.49632287860405916 __DUMMY__ 0.006687538313450057	false	1.0
unordnung	neg 1.0		off 0.5030585858905217 neg 0.49034197732690615 __DUMMY__ 0.00659943678257221	false	0.5
fehlverhalten	neg 1.0		neg 0.5010222454324407 off 0.49220213650304323 __DUMMY__ 0.006775618064516103	false	1.0
eine			neg 0.502800686586115 off 0.4904025380548135 __DUMMY__ 0.006796775359071548	false	0.0
nille	neg 1.0		neg 0.49759708152614823 off 0.495675738752581 __DUMMY__ 0.006727179721270764	false	1.0
qual	neg 1.0		neg 0.49854715845713843 off 0.49472512390392165 __DUMMY__ 0.006727717638939835	false	1.0
verschwenden	neg 1.0		neg 0.5028218615259082 off 0.490425149532236 __DUMMY__ 0.006752988941855773	false	1.0
riesig	neg 1.0		neg 0.5005936340755394 off 0.4926315675900329 __DUMMY__ 0.006774798334427693	false	1.0
verurteilen	neg 1.0		neg 0.4997797204835803 off 0.49347734798144394 __DUMMY__ 0.006742931534975765	false	1.0
klischee	neg 1.0	neg 1.0	neg 0.7327513512432936 off 0.264091158245314 __DUMMY__ 0.003157490511392427	false	1.0
diktatorisch	neg 1.0		neg 0.49710091992766864 off 0.4962168733557904 __DUMMY__ 0.006682206716540922	false	1.0
vorhersehbar	neg 1.0		off 0.4970632608208546 neg 0.496258220869145 __DUMMY__ 0.006678518310000473	false	0.5
sowie			off 0.5027761361316413 neg 0.4906522835299743 __DUMMY__ 0.006571580338384248	false	0.0
stornieren	neg 1.0		off 0.5014508483325348 neg 0.49179434493826674 __DUMMY__ 0.006754806729198498	false	0.5
besteuerung	neg 1.0	neg 1.0	neg 0.735924822830266 off 0.2609298846094473 __DUMMY__ 0.0031452925602866422	false	1.0
ungeschminkt	neg 1.0		off 0.5011919595096399 neg 0.49217237788605617 __DUMMY__ 0.006635662604303885	false	0.5
kritisch	neg 1.0		neg 0.4996023955634847 off 0.4936406985670094 __DUMMY__ 0.006756905869506013	false	1.0
schlamperei	off 1.0		neg 0.5014514602332559 off 0.49178987351482933 __DUMMY__ 0.006758666251914901	false	0.5
sucht	neg 1.0	neg 1.0	neg 0.7328698990385792 off 0.2639411966274942 __DUMMY__ 0.0031889043339266066	false	1.0
egoistisch	off 1.0	off 1.0	off 0.7380722542557221 neg 0.2588040539708121 __DUMMY__ 0.0031236917734657724	false	1.0
ausbeuter	off 1.0		neg 0.5033251594314397 off 0.48993006746634266 __DUMMY__ 0.006744773102217628	false	0.5
arschgeburt	off 1.0		off 0.5114149812447808 neg 0.4821096284909868 __DUMMY__ 0.006475390264232237	false	1.0
schubs	neg 1.0		neg 0.5022754030112101 off 0.49099531194443735 __DUMMY__ 0.006729285044352708	false	1.0
unsolide	neg 1.0		off 0.4986761339236161 neg 0.49461610442231746 __DUMMY__ 0.006707761654066454	false	0.5
beschwerde	neg 1.0		neg 0.49916398628497244 off 0.4940805191454775 __DUMMY__ 0.006755494569549979	false	1.0
stocken	neg 1.0		neg 0.500397060525564 off 0.49284110889370913 __DUMMY__ 0.006761830580726993	false	1.0
isolieren	neg 1.0		neg 0.5005015202380493 off 0.4927637941084124 __DUMMY__ 0.006734685653538404	false	1.0
unheilbar	neg 1.0		neg 0.49709983340545366 off 0.49616200304276287 __DUMMY__ 0.006738163551783469	false	1.0
pisser	off 1.0	off 1.0	off 0.7365338122311941 neg 0.26033327970270514 __DUMMY__ 0.0031329080661007353	false	1.0
löschen	neg 1.0		neg 0.49811348015918966 off 0.4951746404589666 __DUMMY__ 0.006711879381843674	false	1.0
durchfallen	neg 1.0		neg 0.4995739126140558 off 0.4936646046483135 __DUMMY__ 0.006761482737630578	false	1.0
wichser	off 1.0	off 1.0	off 0.7399511536101205 neg 0.25696361281152497 __DUMMY__ 0.0030852335783545146	false	1.0
terror	neg 1.0		off 0.49822816911200285 neg 0.495079727226032 __DUMMY__ 0.006692103661965211	false	0.5
krass	neg 1.0		off 0.5042281183246176 neg 0.4891662762030544 __DUMMY__ 0.006605605472327994	false	0.5
revolte	neg 1.0		neg 0.497438619494652 off 0.495918758589918 __DUMMY__ 0.006642621915429954	false	1.0
besorgt	neg 1.0		neg 0.49761697651065856 off 0.49560001877358567 __DUMMY__ 0.0067830047157558335	false	1.0
nachlassen	neg 1.0		neg 0.49918971498003817 off 0.49402956037341395 __DUMMY__ 0.0067807246465478	false	1.0
alt	neg 1.0		neg 0.5054743422049909 off 0.48783798916795146 __DUMMY__ 0.006687668627057559	false	1.0
hundesohn	off 1.0	off 1.0	off 0.7391124139968632 neg 0.2578017230835541 __DUMMY__ 0.0030858629195826305	false	1.0
als			neg 0.49981076699230725 off 0.4934416932150117 __DUMMY__ 0.0067475397926811025	false	0.0
abschreckung	neg 1.0		neg 0.5025385828785544 off 0.49068991627730285 __DUMMY__ 0.006771500844142922	false	1.0
unqualifiziert	neg 1.0		off 0.49960906357232815 neg 0.49370512407105094 __DUMMY__ 0.0066858123566209725	false	0.5
abgewichst	off 1.0		neg 0.4976835581216759 off 0.4955756740714146 __DUMMY__ 0.006740767806909404	false	0.5
schwer	neg 1.0		neg 0.4976934140806245 off 0.4955601909491148 __DUMMY__ 0.006746394970260696	false	1.0
bedeutungslosigkeit	neg 1.0		neg 0.501818520931791 off 0.491410910430632 __DUMMY__ 0.006770568637577069	false	1.0
kapitulation	neg 1.0		neg 0.5019375553588563 off 0.49133571421565236 __DUMMY__ 0.006726730425491279	false	1.0
unscharf	neg 1.0		neg 0.4987585955159443 off 0.49458497342278845 __DUMMY__ 0.006656431061267221	false	1.0
schwinden	neg 1.0		neg 0.502611525021644 off 0.4906334956814576 __DUMMY__ 0.006754979296898405	false	1.0
versklavung	neg 1.0	neg 1.0	neg 0.7345272916309217 off 0.2623138662286702 __DUMMY__ 0.00315884214040811	false	1.0
schlecht	neg 1.0		off 0.5014017630503556 neg 0.49191654475931135 __DUMMY__ 0.006681692190333219	false	0.5
verhasst	neg 1.0		neg 0.4972694998771436 off 0.49603055536138263 __DUMMY__ 0.0066999447614738425	false	1.0
beschweren	neg 1.0		off 0.4979658155033133 neg 0.4953101065090593 __DUMMY__ 0.0067240779876274435	false	0.5
scheiden	neg 1.0		neg 0.49731521867032685 off 0.49595093219352393 __DUMMY__ 0.0067338491361490374	false	1.0
frustriert	neg 1.0		neg 0.4985439876152801 off 0.49470283614714927 __DUMMY__ 0.006753176237570638	false	1.0
schimmelig	neg 1.0		neg 0.5032409562373975 off 0.49004843772520873 __DUMMY__ 0.006710606037393776	false	1.0
fisch	neg 1.0		neg 0.5069712224273132 off 0.4863012243542698 __DUMMY__ 0.00672755321841686	false	1.0
schmuggel	neg 1.0		neg 0.5018841780013655 off 0.4913086820237075 __DUMMY__ 0.006807139974927005	false	1.0
auffallen	neg 1.0		off 0.49783484088110835 neg 0.49545522788491575 __DUMMY__ 0.006709931233975842	false	0.5
konkurrenz	neg 1.0		neg 0.5001392700196848 off 0.49305326869631827 __DUMMY__ 0.006807461283996986	false	1.0
teufelskreis	neg 1.0	neg 1.0	neg 0.7354891567562485 off 0.2613347586049368 __DUMMY__ 0.0031760846388147776	false	1.0
aufschreien	neg 1.0		off 0.4970299132390531 neg 0.49628815817963395 __DUMMY__ 0.006681928581312943	false	0.5
schuldner	neg 1.0		neg 0.5045597185137044 off 0.48871140909812444 __DUMMY__ 0.006728872388171243	false	1.0
missgeburt	off 1.0	off 1.0	off 0.739287455707421 neg 0.2576029377671543 __DUMMY__ 0.0031096065254247354	false	1.0
arbeitslos	neg 1.0		neg 0.5003745941475615 off 0.49287309170577676 __DUMMY__ 0.006752314146661693	false	1.0
befallen	neg 1.0		neg 0.5029450831749389 off 0.4903818084563841 __DUMMY__ 0.006673108368676834	false	1.0
miesepetrig	off 1.0	off 1.0	off 0.7349904055851615 neg 0.26185225734848283 __DUMMY__ 0.0031573370663557053	false	1.0
alarmieren	neg 1.0		off 0.4994450789092494 neg 0.4938813085292487 __DUMMY__ 0.006673612561501822	false	0.5
ungeduscht	off 1.0		off 0.4982299364720449 neg 0.4951096053219493 __DUMMY__ 0.0066604582060058185	false	1.0
knappheit	neg 1.0		neg 0.502293265736066 off 0.4909963437991474 __DUMMY__ 0.006710390464786642	false	1.0
schlange	neg 1.0		off 0.49663501675044236 neg 0.4966247124542995 __DUMMY__ 0.0067402707952582365	false	0.5
harsch	neg 1.0		off 0.5055140154311988 neg 0.4878429827123777 __DUMMY__ 0.006643001856423602	false	0.5
lang	neg 1.0		neg 0.49666597719946287 off 0.49661837094067673 __DUMMY__ 0.0067156518598603466	false	1.0
ziellos	neg 1.0		neg 0.5002777894287421 off 0.4929316261000996 __DUMMY__ 0.0067905844711581755	false	1.0
selbstverliebt	neg 1.0		off 0.5110075347269332 neg 0.48245294386588755 __DUMMY__ 0.006539521407179394	false	0.5
beseitigen	neg 1.0		neg 0.49702062629738564 off 0.49623391226980923 __DUMMY__ 0.006745461432805253	false	1.0
dumm	off 1.0		off 0.5058672471256698 neg 0.48754976468874484 __DUMMY__ 0.006582988185585528	false	1.0
arbeitsloser	neg 1.0		off 0.4971523538676932 neg 0.4960306192652182 __DUMMY__ 0.006817026867088487	false	0.5
blitzen	neg 1.0		off 0.4979876138381928 neg 0.4953417456295274 __DUMMY__ 0.006670640532279823	false	0.5
hilflos	neg 1.0		neg 0.5002083648921744 off 0.4930401809501137 __DUMMY__ 0.006751454157712044	false	1.0
eklig	off 1.0		off 0.5049086404977036 neg 0.48853607581721664 __DUMMY__ 0.006555283685079807	false	1.0
begriff			neg 0.49754566669306516 off 0.49571055027672883 __DUMMY__ 0.00674378303020607	false	0.0
hungersnot	neg 1.0		neg 0.5017779480239932 off 0.4915044753751616 __DUMMY__ 0.006717576600845072	false	1.0
ungesetzlich	neg 1.0		off 0.49732005037607835 neg 0.4959809131657268 __DUMMY__ 0.006699036458194839	false	0.5
verschwendung	neg 1.0		neg 0.5019912080866533 off 0.49124063472608737 __DUMMY__ 0.006768157187259358	false	1.0
schmerzvoll	neg 1.0		neg 0.4973205780120113 off 0.4959778950800083 __DUMMY__ 0.006701526907980352	false	1.0
vorzeitig	neg 1.0		off 0.5024925519961406 neg 0.49079737529125644 __DUMMY__ 0.006710072712602906	false	0.5
unvollkommenheit	neg 1.0		neg 0.49931402557715876 off 0.49394421095159113 __DUMMY__ 0.00674176347125004	false	1.0
intervenieren	neg 1.0		neg 0.5033812369997461 off 0.4898891711666207 __DUMMY__ 0.006729591833633207	false	1.0
banause	off 1.0		off 0.5044996820584833 neg 0.4889900616804142 __DUMMY__ 0.0065102562611025535	false	1.0
rebell	neg 1.0		neg 0.5077229976985382 off 0.4855153441147683 __DUMMY__ 0.006761658186693505	false	1.0
unlogisch	neg 1.0		off 0.5016858261907086 neg 0.49169191824245106 __DUMMY__ 0.006622255566840278	false	0.5
leiden	neg 1.0		neg 0.5005314236022012 off 0.4926510132739734 __DUMMY__ 0.0068175631238254555	false	1.0
abschaffung	neg 1.0		neg 0.49843484911354596 off 0.4948753041805708 __DUMMY__ 0.00668984670588313	false	1.0
sturz	neg 1.0		off 0.4998932438123708 neg 0.49335792267891 __DUMMY__ 0.006748833508719082	false	0.5
verkleinerung	neg 1.0		neg 0.4977344565432112 off 0.49564028439920005 __DUMMY__ 0.006625259057588736	false	1.0
schmarotzer	off 1.0		neg 0.4994194690967386 off 0.49383638967293225 __DUMMY__ 0.006744141230329104	false	0.5
bestrafung	neg 1.0	neg 1.0	neg 0.7336997579146696 off 0.26311289926936177 __DUMMY__ 0.0031873428159686734	false	1.0
