unsolidarisch	neg 1.0		neg 0.46963941301192486 off 0.4660998936681488 __DUMMY__ 0.06426069331992622	false	1.0
nachteilig	neg 1.0		neg 0.4702220235935435 off 0.46464047403424436 __DUMMY__ 0.06513750237221202	false	1.0
skeptisch	neg 1.0		neg 0.47263787801635665 off 0.46230334879145507 __DUMMY__ 0.06505877319218831	false	1.0
schrecklich	neg 1.0		off 0.47473456328813735 neg 0.46162132067253747 __DUMMY__ 0.06364411603932521	false	0.5
schlapp	neg 1.0	neg 1.0	neg 0.7179585638450359 off 0.25167419697391263 __DUMMY__ 0.030367239181051563	false	1.0
abfall	neg 1.0		neg 0.4730406008207172 off 0.4613052503989175 __DUMMY__ 0.06565414878036538	false	1.0
widerspenstig	neg 1.0		neg 0.47093512967088297 off 0.4646596931594729 __DUMMY__ 0.06440517716964406	false	1.0
abrupt	neg 1.0		neg 0.47478992443448226 off 0.4603746439949911 __DUMMY__ 0.06483543157052674	false	1.0
unwirksam	neg 1.0		neg 0.4733398215554908 off 0.46285532556934933 __DUMMY__ 0.06380485287516	false	1.0
angreifen	neg 1.0		neg 0.47288173505232944 off 0.4619686393648798 __DUMMY__ 0.06514962558279082	false	1.0
inkonsistent	neg 1.0		off 0.46802370789885134 neg 0.4678572727574414 __DUMMY__ 0.06411901934370726	false	0.5
abrutschen	neg 1.0		neg 0.4742706609267231 off 0.4601789405782473 __DUMMY__ 0.06555039849502967	false	1.0
unsicher	neg 1.0		neg 0.4680346046755328 off 0.4672234233361261 __DUMMY__ 0.06474197198834114	false	1.0
bauernkind	off 1.0	off 1.0	off 0.722267076281359 neg 0.2480483534977786 __DUMMY__ 0.029684570220862426	false	1.0
angreifer	neg 1.0		off 0.47196257416266774 neg 0.4634885045627532 __DUMMY__ 0.06454892127457913	false	0.5
trennen	neg 1.0		neg 0.4721717293011625 off 0.46253223429672313 __DUMMY__ 0.06529603640211433	false	1.0
schmutz	neg 1.0		off 0.4735777591896452 neg 0.4614342228388952 __DUMMY__ 0.06498801797145962	false	0.5
inkonsistenz	neg 1.0		off 0.47147427536268444 neg 0.4643833079010416 __DUMMY__ 0.06414241673627409	false	0.5
erschreckend	neg 1.0		neg 0.46935145222543745 off 0.4659663420777616 __DUMMY__ 0.06468220569680096	false	1.0
ertrinken	neg 1.0		neg 0.4748662745685825 off 0.4601682436631412 __DUMMY__ 0.0649654817682764	false	1.0
pickelface	off 1.0		neg 0.4688793498844719 off 0.4666512899964936 __DUMMY__ 0.06446936011903452	false	0.5
seiner			neg 0.47153179598621403 off 0.4632116099871322 __DUMMY__ 0.06525659402665379	false	0.0
lauch	neg 1.0	neg 1.0	neg 0.7239797627696969 off 0.2450265399803166 __DUMMY__ 0.030993697249986598	false	1.0
unwichtig	neg 1.0		off 0.47071177657065527 neg 0.4652479549732059 __DUMMY__ 0.06404026845613882	false	0.5
steuerhinterziehung	neg 1.0		neg 0.4705991682144457 off 0.4649292637427601 __DUMMY__ 0.06447156804279418	false	1.0
schock	neg 1.0		neg 0.4699067282983258 off 0.4652906819475122 __DUMMY__ 0.06480258975416196	false	1.0
beule	neg 1.0		off 0.47258317120186394 neg 0.4636805223083869 __DUMMY__ 0.06373630648974918	false	0.5
vergelten	neg 1.0		off 0.4768334055466137 neg 0.45942184221168403 __DUMMY__ 0.0637447522417023	false	0.5
verdorbenheit	neg 1.0		neg 0.4684515231859547 off 0.46715714199196473 __DUMMY__ 0.06439133482208068	false	1.0
trauma	neg 1.0		neg 0.4685177970714494 off 0.4671545701128909 __DUMMY__ 0.06432763281565981	false	1.0
sinnlos	neg 1.0		off 0.4683361404822084 neg 0.467274847153838 __DUMMY__ 0.06438901236395353	false	0.5
fettsack	off 1.0	off 1.0	off 0.723520493067586 neg 0.24675575114772777 __DUMMY__ 0.02972375578468615	false	1.0
feige	off 1.0	off 1.0	off 0.7213755078028093 neg 0.24839581159768373 __DUMMY__ 0.030228680599506924	false	1.0
abdanken	neg 1.0		neg 0.4689833045101248 off 0.466358640771603 __DUMMY__ 0.0646580547182722	false	1.0
wichtigtuer	off 1.0	off 1.0	off 0.7205879774947477 neg 0.24887681528665434 __DUMMY__ 0.030535207218598023	false	1.0
misslingen	neg 1.0	neg 1.0	neg 0.716875737610654 off 0.25214014344150365 __DUMMY__ 0.030984118947842355	false	1.0
untreu	off 1.0		off 0.4718094570879251 neg 0.4642785915976797 __DUMMY__ 0.06391195131439516	false	1.0
missmutig	neg 1.0		off 0.46951909604976183 neg 0.4663324274351998 __DUMMY__ 0.06414847651503834	false	0.5
hurenbock	off 1.0		neg 0.4730871308188914 off 0.46302004073538217 __DUMMY__ 0.0638928284457265	false	0.5
betrunken	neg 1.0		off 0.473579820958798 neg 0.4627026008582776 __DUMMY__ 0.06371757818292438	false	0.5
korrupt	off 1.0		neg 0.47152336355535646 off 0.46403312508718025 __DUMMY__ 0.06444351135746325	false	0.5
unmut	neg 1.0		neg 0.47402265353155004 off 0.46073055432593957 __DUMMY__ 0.06524679214251043	false	1.0
hackfresse	off 1.0		off 0.47874048302381644 neg 0.45810122741275106 __DUMMY__ 0.06315828956343247	false	1.0
aufblasen	neg 1.0		neg 0.4684503720582706 off 0.4669865246076529 __DUMMY__ 0.06456310333407647	false	1.0
gewaltsam	neg 1.0		neg 0.46915331530425114 off 0.46622302295061463 __DUMMY__ 0.06462366174513427	false	1.0
unbeliebtheit	neg 1.0		off 0.47209520259197 neg 0.4639685386690034 __DUMMY__ 0.06393625873902661	false	0.5
sturheit	neg 1.0		neg 0.46806778560831575 off 0.4670515156913224 __DUMMY__ 0.06488069870036185	false	1.0
kuh	neg 1.0		neg 0.47352308795533676 off 0.46325983415535193 __DUMMY__ 0.06321707788931133	false	1.0
erschrecken	neg 1.0		off 0.4706766786768617 neg 0.465072250413325 __DUMMY__ 0.06425107090981327	false	0.5
opfer	neg 1.0		neg 0.4694339330565307 off 0.4653415785666972 __DUMMY__ 0.06522448837677218	false	1.0
sinken	neg 1.0		neg 0.47481575006844484 off 0.4601747042330171 __DUMMY__ 0.06500954569853817	false	1.0
stinktier	neg 1.0		off 0.472854817498629 neg 0.4644015158837989 __DUMMY__ 0.06274366661757204	false	0.5
tucke	off 1.0		off 0.47727361545605607 neg 0.4603429998334186 __DUMMY__ 0.06238338471052551	false	1.0
ein			neg 0.4712642583591414 off 0.464320040192004 __DUMMY__ 0.0644157014488546	false	0.0
abstieg	neg 1.0		off 0.4683377779624604 neg 0.4662668282805668 __DUMMY__ 0.06539539375697284	false	0.5
missverstehen	neg 1.0		off 0.4691006429928303 neg 0.46661176852384123 __DUMMY__ 0.06428758848332856	false	0.5
ergebnislos	neg 1.0		neg 0.4698959785053862 off 0.4648886050985362 __DUMMY__ 0.06521541639607743	false	1.0
unter			neg 0.475694913534607 off 0.45813887114374996 __DUMMY__ 0.06616621532164312	false	0.0
manipulieren	neg 1.0		neg 0.47081490645929036 off 0.46395591483766657 __DUMMY__ 0.06522917870304296	false	1.0
unbewiesen	neg 1.0	neg 1.0	neg 0.7197318727172073 off 0.24965680357897507 __DUMMY__ 0.030611323703817635	false	1.0
verschleppen	neg 1.0		neg 0.4715330758462045 off 0.46369809592732586 __DUMMY__ 0.06476882822646954	false	1.0
weib	off 1.0		off 0.4790017844764311 neg 0.4583329046867202 __DUMMY__ 0.0626653108368486	false	1.0
opposition	neg 1.0		neg 0.46941421982466697 off 0.4664540085635557 __DUMMY__ 0.06413177161177733	false	1.0
verkehrswidrig	neg 1.0	neg 1.0	neg 0.7138901973620857 off 0.2557616462380969 __DUMMY__ 0.030348156399817482	false	1.0
inkorrekt	neg 1.0		off 0.47412434938782266 neg 0.46228896134863934 __DUMMY__ 0.06358668926353798	false	0.5
vermeiden	neg 1.0		neg 0.47459098736039307 off 0.4598016730024041 __DUMMY__ 0.06560733963720286	false	1.0
abweichung	neg 1.0	neg 1.0	neg 0.7195621291773808 off 0.2494133616747405 __DUMMY__ 0.031024509147878628	false	1.0
alkoholisiert	neg 1.0		neg 0.46993289914101444 off 0.4646012195515773 __DUMMY__ 0.0654658813074083	false	1.0
scheiss	off 1.0	off 1.0	off 0.7219775608877173 neg 0.24790637738271903 __DUMMY__ 0.030116061729563676	false	1.0
herausforderung	neg 1.0		neg 0.46955868019478186 off 0.4654284072941263 __DUMMY__ 0.06501291251109188	false	1.0
pervers	off 1.0		off 0.4817852303658909 neg 0.4556738022578935 __DUMMY__ 0.06254096737621562	false	1.0
wackelig	neg 1.0		neg 0.46960166350256205 off 0.4653704737548012 __DUMMY__ 0.06502786274263687	false	1.0
verwickeln	neg 1.0		off 0.4680714551446088 neg 0.46758284735728695 __DUMMY__ 0.06434569749810429	false	0.5
vorwand	neg 1.0		neg 0.4734659762839995 off 0.46138455781728205 __DUMMY__ 0.06514946589871858	false	1.0
muschi	off 1.0		neg 0.46894479444291454 off 0.46636841987343675 __DUMMY__ 0.06468678568364859	false	0.5
entmutigung	neg 1.0		neg 0.46856729017164295 off 0.4673740324481821 __DUMMY__ 0.06405867738017479	false	1.0
unangemessen	neg 1.0		neg 0.46895462467861354 off 0.46622775481668305 __DUMMY__ 0.06481762050470355	false	1.0
unstetig	neg 1.0		off 0.4703988840939614 neg 0.4654297035151021 __DUMMY__ 0.06417141239093654	false	0.5
entmutigen	neg 1.0		neg 0.4677815557908213 off 0.4676886899252877 __DUMMY__ 0.06452975428389113	false	1.0
schwanz	neg 1.0		neg 0.47173631837895214 off 0.463535529268882 __DUMMY__ 0.06472815235216595	false	1.0
verbot	neg 1.0		neg 0.4718114409138882 off 0.46370446026403006 __DUMMY__ 0.0644840988220819	false	1.0
leid	neg 1.0		off 0.47573923006175595 neg 0.46086715805726025 __DUMMY__ 0.06339361188098387	false	0.5
archaisch	neg 1.0		neg 0.47078964512688043 off 0.46458510509430534 __DUMMY__ 0.06462524977881419	false	1.0
gegen			neg 0.47167701354311975 off 0.46284716252390556 __DUMMY__ 0.0654758239329747	false	0.0
scheidung	neg 1.0		off 0.48892450654934505 neg 0.44817773313817055 __DUMMY__ 0.06289776031248444	false	0.5
einschlag	neg 1.0		off 0.4770550692447947 neg 0.4589983237080672 __DUMMY__ 0.0639466070471381	false	0.5
m			neg 0.47014663237126414 off 0.46499754287239864 __DUMMY__ 0.06485582475633717	false	0.0
abgestanden	neg 1.0		neg 0.4746414179651552 off 0.46164082269649787 __DUMMY__ 0.0637177593383469	false	1.0
schmierig	off 1.0		off 0.4755713875151731 neg 0.4609829022786042 __DUMMY__ 0.06344571020622264	false	1.0
unpraktisch	neg 1.0		off 0.4686383196243653 neg 0.46680059995950063 __DUMMY__ 0.06456108041613398	false	0.5
wixxer	off 1.0		off 0.4809533357112994 neg 0.45673184327007804 __DUMMY__ 0.06231482101862266	false	1.0
bezeichnet			neg 0.4678758659195743 off 0.46746440408320283 __DUMMY__ 0.06465972999722287	false	0.0
jammerlappen	off 1.0		off 0.4713885752036799 neg 0.4645300248995477 __DUMMY__ 0.0640813998967725	false	1.0
farce	neg 1.0		neg 0.4705833609943224 off 0.4651080675994438 __DUMMY__ 0.06430857140623383	false	1.0
zwecklos	neg 1.0		neg 0.47081747843536853 off 0.46441669028856675 __DUMMY__ 0.06476583127606478	false	1.0
turbulent	neg 1.0		off 0.4728481794675884 neg 0.4634022685315059 __DUMMY__ 0.06374955200090564	false	0.5
invasion	neg 1.0		off 0.4690440648325046 neg 0.46663770422174056 __DUMMY__ 0.06431823094575481	false	0.5
schuld	neg 1.0		off 0.46779786593561457 neg 0.46772301190633375 __DUMMY__ 0.0644791221580518	false	0.5
risiko	neg 1.0		neg 0.4694944388819696 off 0.4664756886343545 __DUMMY__ 0.06402987248367589	false	1.0
finster	neg 1.0		neg 0.4708880932026188 off 0.4647733193528477 __DUMMY__ 0.06433858744453347	false	1.0
geisteskrank	off 1.0		off 0.4731980856816297 neg 0.4630529766242068 __DUMMY__ 0.06374893769416347	false	1.0
zusammenbrechen	neg 1.0		neg 0.47076078964966206 off 0.464501785619344 __DUMMY__ 0.0647374247309939	false	1.0
ausbeute	neg 1.0		off 0.46779551752121284 neg 0.4671526493892626 __DUMMY__ 0.06505183308952463	false	0.5
hinterhalt	neg 1.0		neg 0.4708506306864887 off 0.464561210664349 __DUMMY__ 0.0645881586491623	false	1.0
kritik	neg 1.0		neg 0.4710082727022638 off 0.4646812193573481 __DUMMY__ 0.0643105079403881	false	1.0
einschrumpfen	neg 1.0		off 0.46907113550262375 neg 0.46728036195803896 __DUMMY__ 0.06364850253933724	false	0.5
riskant	neg 1.0		neg 0.4731139069253584 off 0.4619375535084468 __DUMMY__ 0.06494853956619477	false	1.0
frustrieren	neg 1.0		neg 0.4729569825869362 off 0.4622632266563983 __DUMMY__ 0.0647797907566656	false	1.0
groll	neg 1.0		neg 0.46933064478512787 off 0.4657413704577125 __DUMMY__ 0.06492798475715955	false	1.0
gibt			neg 0.4702057773701716 off 0.4648868868528079 __DUMMY__ 0.06490733577702056	false	0.0
qualvoll	neg 1.0		off 0.468454764203489 neg 0.46719138912183955 __DUMMY__ 0.0643538466746714	false	0.5
wackeln	neg 1.0		neg 0.46870939245965443 off 0.4666372223068899 __DUMMY__ 0.06465338523345572	false	1.0
klagen	neg 1.0		neg 0.4739452222621466 off 0.46102138962752726 __DUMMY__ 0.06503338811032622	false	1.0
bankrott	neg 1.0		off 0.471756378374253 neg 0.46397552646449575 __DUMMY__ 0.06426809516125126	false	0.5
trauern	neg 1.0		neg 0.4687690595523576 off 0.4657027670851819 __DUMMY__ 0.06552817336246047	false	1.0
ablehnung	neg 1.0		neg 0.4710640176783026 off 0.4645016915564627 __DUMMY__ 0.06443429076523471	false	1.0
stur	neg 1.0		neg 0.46846521588454404 off 0.4671610905363021 __DUMMY__ 0.06437369357915373	false	1.0
aufruhr	neg 1.0	neg 1.0	neg 0.7203016972419696 off 0.2490487132801666 __DUMMY__ 0.030649589477863896	false	1.0
melancholie	neg 1.0		neg 0.47453471698949595 off 0.460674652184402 __DUMMY__ 0.06479063082610216	false	1.0
ist			off 0.46830932401171244 neg 0.4672480785533941 __DUMMY__ 0.06444259743489351	false	0.0
torheit	neg 1.0		off 0.46790867342884257 neg 0.4676237020016734 __DUMMY__ 0.06446762456948392	false	0.5
dreckskind	off 1.0		off 0.47894348028853584 neg 0.4581512870259547 __DUMMY__ 0.06290523268550938	false	1.0
umtauschen	neg 1.0		neg 0.4698283091291072 off 0.46560380572513227 __DUMMY__ 0.06456788514576046	false	1.0
zum			neg 0.47025412982479253 off 0.4635597402962564 __DUMMY__ 0.06618612987895107	false	0.0
zersetzen	neg 1.0		neg 0.47371017294516427 off 0.46140392715442846 __DUMMY__ 0.06488589990040725	false	1.0
zur			neg 0.47408930222855367 off 0.4602607350232725 __DUMMY__ 0.06564996274817367	false	0.0
frust	neg 1.0		neg 0.470436853354807 off 0.46472904088834965 __DUMMY__ 0.06483410575684315	false	1.0
unerbittlichkeit	neg 1.0		neg 0.47128213902256055 off 0.463660170351228 __DUMMY__ 0.0650576906262114	false	1.0
zwei			neg 0.47403593866859545 off 0.4602129079052002 __DUMMY__ 0.06575115342620443	false	0.0
unkorrekt	neg 1.0		off 0.47255784199192763 neg 0.4638181423959914 __DUMMY__ 0.06362401561208114	false	0.5
hexe	off 1.0		off 0.4686481041407455 neg 0.46766824384445077 __DUMMY__ 0.06368365201480376	false	1.0
lasch	neg 1.0		off 0.4706846783065593 neg 0.46513449666436074 __DUMMY__ 0.06418082502907989	false	0.5
rivale	neg 1.0		off 0.4748256166748729 neg 0.4615282178048718 __DUMMY__ 0.0636461655202553	false	0.5
mutlos	off 1.0	off 1.0	off 0.7177543439862814 neg 0.25143734165499954 __DUMMY__ 0.030808314358719197	false	1.0
wirr	off 1.0		off 0.4749399917203667 neg 0.4615476705841021 __DUMMY__ 0.063512337695531	false	1.0
jahr			neg 0.4679916681710984 off 0.4663215683606012 __DUMMY__ 0.06568676346830049	false	0.0
wird			neg 0.4705480009258363 off 0.46447560593127946 __DUMMY__ 0.06497639314288421	false	0.0
strafbar	neg 1.0		neg 0.4715622281104099 off 0.4634010547659262 __DUMMY__ 0.06503671712366385	false	1.0
erosion	neg 1.0		neg 0.46857877092124994 off 0.46684928881402654 __DUMMY__ 0.06457194026472343	false	1.0
eingehen	neg 1.0		neg 0.47281245020595963 off 0.4623534279366338 __DUMMY__ 0.06483412185740647	false	1.0
faul	off 1.0		off 0.47035580567753393 neg 0.46553934030036165 __DUMMY__ 0.06410485402210449	false	1.0
provisorium	neg 1.0		neg 0.4752406899428032 off 0.458547727711629 __DUMMY__ 0.06621158234556766	false	1.0
schmerzen	neg 1.0		neg 0.4707195684419613 off 0.46471957071157544 __DUMMY__ 0.0645608608464634	false	1.0
schrumpfen	neg 1.0		neg 0.4770296256736234 off 0.45775399474676554 __DUMMY__ 0.06521637957961104	false	1.0
geistlos	off 1.0		off 0.4680008322527123 neg 0.4679600585920282 __DUMMY__ 0.06403910915525957	false	1.0
fehlkauf	neg 1.0		neg 0.4681341197945633 off 0.46775840203019764 __DUMMY__ 0.06410747817523894	false	1.0
frustrierend	neg 1.0		off 0.4701328160379381 neg 0.46567866729881086 __DUMMY__ 0.06418851666325115	false	0.5
unzufrieden	neg 1.0		neg 0.47078045429038645 off 0.46440045974720157 __DUMMY__ 0.06481908596241197	false	1.0
verzweifeln	neg 1.0		neg 0.4690849629574128 off 0.46613736355827234 __DUMMY__ 0.06477767348431478	false	1.0
verzweifelt	neg 1.0		off 0.4678079006829963 neg 0.4677308229239869 __DUMMY__ 0.06446127639301666	false	0.5
misstrauensantrag	neg 1.0		off 0.4682969326662221 neg 0.4673932739824195 __DUMMY__ 0.06430979335135856	false	0.5
abfallen	neg 1.0		neg 0.46917740439376815 off 0.46632435169415887 __DUMMY__ 0.06449824391207302	false	1.0
fucker	off 1.0		off 0.4747327130059732 neg 0.46146612238381113 __DUMMY__ 0.06380116461021573	false	1.0
ungezogen	neg 1.0		off 0.48019128409303147 neg 0.4569579811754921 __DUMMY__ 0.0628507347314764	false	0.5
irrsinnig	neg 1.0	neg 1.0	neg 0.7201325853690486 off 0.24929410746556813 __DUMMY__ 0.030573307165383243	false	1.0
unfassbar	neg 1.0		off 0.4723828413375133 neg 0.46360022201227163 __DUMMY__ 0.06401693665021518	false	0.5
hart	neg 1.0		neg 0.4683776050505 off 0.46835411536200783 __DUMMY__ 0.06326827958749207	false	1.0
widerlich	off 1.0		off 0.4722920023338445 neg 0.4638552063995393 __DUMMY__ 0.06385279126661621	false	1.0
fatal	neg 1.0	neg 1.0	neg 0.720672925969096 off 0.24903871919792805 __DUMMY__ 0.030288354832975924	false	1.0
bruch	neg 1.0		neg 0.4721492816713777 off 0.4622922272828323 __DUMMY__ 0.06555849104578994	false	1.0
aushungern	neg 1.0		neg 0.4718558657184736 off 0.4637036653813629 __DUMMY__ 0.06444046890016346	false	1.0
anspannung	neg 1.0		neg 0.4729069301581694 off 0.4612051761190962 __DUMMY__ 0.06588789372273449	false	1.0
von			neg 0.47240569231003215 off 0.4623621823377462 __DUMMY__ 0.06523212535222174	false	0.0
kraftlos	neg 1.0		neg 0.4707140844932056 off 0.4643669103105593 __DUMMY__ 0.06491900519623496	false	1.0
vom			neg 0.47301191003440224 off 0.4605681931493411 __DUMMY__ 0.06641989681625651	false	0.0
grenzdebil	off 1.0		off 0.4717715541335517 neg 0.464400134616857 __DUMMY__ 0.0638283112495914	false	1.0
vor			neg 0.47332038694612577 off 0.4613236698860447 __DUMMY__ 0.06535594316782947	false	0.0
unterwerfen	neg 1.0		neg 0.4710905692362288 off 0.46393703054250157 __DUMMY__ 0.06497240022126963	false	1.0
versenkung	neg 1.0		neg 0.4712793148488225 off 0.4636480159959917 __DUMMY__ 0.06507266915518577	false	1.0
entziehen	neg 1.0		neg 0.4735267977851809 off 0.4613096699453542 __DUMMY__ 0.0651635322694649	false	1.0
finanzkrise	neg 1.0		neg 0.4747147028629817 off 0.46147893499852444 __DUMMY__ 0.06380636213849385	false	1.0
schimpfend	neg 1.0		off 0.46837199543698876 neg 0.4669604723483319 __DUMMY__ 0.06466753221467929	false	0.5
profan	neg 1.0		off 0.4685938363163729 neg 0.46710303683968074 __DUMMY__ 0.06430312684394635	false	0.5
korruption	neg 1.0		neg 0.4721825388259345 off 0.46331567496379616 __DUMMY__ 0.0645017862102694	false	1.0
â			neg 0.47142894705050453 off 0.4637634560136604 __DUMMY__ 0.06480759693583506	false	0.0
schmutzig	neg 1.0		off 0.4724363481234975 neg 0.4636646644357331 __DUMMY__ 0.06389898744076933	false	0.5
sexy	neg 1.0		off 0.47066567354394345 neg 0.46505872522348285 __DUMMY__ 0.06427560123257374	false	0.5
abraten	neg 1.0		off 0.4688321656757147 neg 0.46670733670551395 __DUMMY__ 0.06446049761877136	false	0.5
schwarz	neg 1.0		off 0.4686864415069448 neg 0.4669596321924059 __DUMMY__ 0.06435392630064944	false	0.5
fotze	off 1.0	off 1.0	off 0.718074815756916 neg 0.2511636433177042 __DUMMY__ 0.030761540925379794	false	1.0
verwirren	neg 1.0		off 0.4692272934141632 neg 0.46642450192919455 __DUMMY__ 0.06434820465664211	false	0.5
zahnlos	off 1.0		neg 0.47003443950615725 off 0.4652451684774984 __DUMMY__ 0.06472039201634446	false	0.5
verheeren	neg 1.0		off 0.4822160735684458 neg 0.4549131657587061 __DUMMY__ 0.06287076067284797	false	0.5
hippie	neg 1.0		off 0.4698629026918353 neg 0.4659097073647159 __DUMMY__ 0.06422738994344876	false	0.5
rammen	neg 1.0		neg 0.46830798998816087 off 0.4671870754861305 __DUMMY__ 0.06450493452570871	false	1.0
unlauter	neg 1.0		neg 0.4682569794629513 off 0.46755580245409767 __DUMMY__ 0.06418721808295096	false	1.0
unheilvoll	neg 1.0		neg 0.4685548904743772 off 0.4670973890646235 __DUMMY__ 0.06434772046099924	false	1.0
niedrig	neg 1.0		neg 0.47316261063698983 off 0.4622469481749982 __DUMMY__ 0.06459044118801203	false	1.0
explosion	neg 1.0		off 0.4700263859391868 neg 0.46569922946847336 __DUMMY__ 0.06427438459233972	false	0.5
weichei	off 1.0	off 1.0	off 0.7239151915796777 neg 0.24620219135309215 __DUMMY__ 0.029882617067230253	false	1.0
minusmensch	off 1.0		off 0.4810023730874947 neg 0.45626877600701277 __DUMMY__ 0.06272885090549257	false	1.0
farblos	neg 1.0		neg 0.46958898669972976 off 0.4662061597932371 __DUMMY__ 0.06420485350703317	false	1.0
unwissend	neg 1.0	neg 1.0	neg 0.7187520112014867 off 0.25094347656918947 __DUMMY__ 0.03030451222932388	false	1.0
traurig	neg 1.0		off 0.4743041441788677 neg 0.46201558496506556 __DUMMY__ 0.06368027085606673	false	0.5
senkung	neg 1.0		neg 0.46998696873760926 off 0.46626337955920844 __DUMMY__ 0.0637496517031823	false	1.0
ungleich	neg 1.0	neg 1.0	neg 0.7216490354936861 off 0.24750699629585218 __DUMMY__ 0.030843968210461776	false	1.0
heikel	neg 1.0		neg 0.47221830106425877 off 0.4627526443485375 __DUMMY__ 0.06502905458720372	false	1.0
drosselung	neg 1.0		off 0.46927372088534414 neg 0.46737057650704683 __DUMMY__ 0.06335570260760907	false	0.5
falsch	neg 1.0		off 0.470729304422937 neg 0.46504038642683004 __DUMMY__ 0.06423030915023291	false	0.5
unzufriedenheit	neg 1.0		neg 0.47404214014829577 off 0.46112655712373657 __DUMMY__ 0.0648313027279676	false	1.0
kurz	neg 1.0		neg 0.4691979819215714 off 0.46580796238344124 __DUMMY__ 0.06499405569498741	false	1.0
unsinnig	neg 1.0		neg 0.47102633202022615 off 0.464509915083179 __DUMMY__ 0.06446375289659485	false	1.0
penner	off 1.0	off 1.0	off 0.7251642165839849 neg 0.24498777580215042 __DUMMY__ 0.029848007613864695	false	1.0
seicht	neg 1.0		off 0.4776702930581678 neg 0.4596874788320021 __DUMMY__ 0.06264222810982999	false	0.5
dummheit	off 1.0	off 1.0	off 0.7199165522471899 neg 0.2496885392279032 __DUMMY__ 0.030394908524906943	false	1.0
unerfreulich	neg 1.0		neg 0.4722086353275709 off 0.4626977124175784 __DUMMY__ 0.06509365225485088	false	1.0
motherfucker	off 1.0	off 1.0	off 0.7228669972452995 neg 0.24691300859440268 __DUMMY__ 0.030219994160297897	false	1.0
pikiert	neg 1.0	neg 1.0	neg 0.7185896466277346 off 0.25113919546208147 __DUMMY__ 0.030271157910183852	false	1.0
wrack	neg 1.0		off 0.4694609885269821 neg 0.46501830152137164 __DUMMY__ 0.06552070995164637	false	0.5
gangster	neg 1.0		off 0.4699799085820776 neg 0.4658287219387162 __DUMMY__ 0.06419136947920605	false	0.5
krank	neg 1.0	neg 1.0	neg 0.7171209769040688 off 0.2525090208243985 __DUMMY__ 0.030370002271532606	false	1.0
reich	neg 1.0		off 0.4684902585358184 neg 0.4677456668809993 __DUMMY__ 0.06376407458318228	false	0.5
gnadenlos	neg 1.0		off 0.4681877572041014 neg 0.4672050376508635 __DUMMY__ 0.06460720514503514	false	0.5
niedergeschlagen	neg 1.0		neg 0.46984337012941574 off 0.46517213733281637 __DUMMY__ 0.06498449253776793	false	1.0
terrorisieren	off 1.0	off 1.0	off 0.7174103063377186 neg 0.25168134361432276 __DUMMY__ 0.030908350047958708	false	1.0
sinnlosigkeit	neg 1.0		neg 0.47010387561467454 off 0.4650924842238907 __DUMMY__ 0.06480364016143468	false	1.0
behindern	neg 1.0		neg 0.46995294775270563 off 0.46558053296730073 __DUMMY__ 0.06446651927999371	false	1.0
undemokratisch	neg 1.0		off 0.46806899014690223 neg 0.4677098648729804 __DUMMY__ 0.06422114498011737	false	0.5
wirtschaftskrise	neg 1.0		neg 0.4742706109119838 off 0.4614443069092184 __DUMMY__ 0.06428508217879769	false	1.0
neid	neg 1.0		off 0.4696513576136581 neg 0.46613177953503 __DUMMY__ 0.06421686285131185	false	0.5
rutschen	neg 1.0		neg 0.4745753898187563 off 0.45969610323530535 __DUMMY__ 0.06572850694593846	false	1.0
rezession	neg 1.0		off 0.4709998938125161 neg 0.4659614311786714 __DUMMY__ 0.06303867500881256	false	0.5
fehlgeburt	neg 1.0		off 0.4685668243255564 neg 0.4666527090851012 __DUMMY__ 0.06478046658934253	false	0.5
charakterschwach	off 1.0		off 0.4715506092068879 neg 0.4646009866052239 __DUMMY__ 0.06384840418788824	false	1.0
isolation	neg 1.0		off 0.47116505324091046 neg 0.46451757199677085 __DUMMY__ 0.06431737476231887	false	0.5
ablenkung	neg 1.0		neg 0.4678548743832757 off 0.4673560604194758 __DUMMY__ 0.06478906519724846	false	1.0
pech	neg 1.0		off 0.47075009326289896 neg 0.46509943880529503 __DUMMY__ 0.06415046793180605	false	0.5
vermeidung	neg 1.0		off 0.4714217147618866 neg 0.4648276480103558 __DUMMY__ 0.06375063722775764	false	0.5
dominieren	neg 1.0		neg 0.4687782519823247 off 0.4663277953261622 __DUMMY__ 0.064893952691513	false	1.0
schwindlig	neg 1.0		off 0.4679136747989102 neg 0.4678078698029878 __DUMMY__ 0.06427845539810212	false	0.5
lutscher	neg 1.0	neg 1.0	neg 0.714611012411029 off 0.25584854487528674 __DUMMY__ 0.029540442713684303	false	1.0
pflicht	neg 1.0		neg 0.47200292259502263 off 0.46265247550635447 __DUMMY__ 0.06534460189862296	false	1.0
faschist	off 1.0		off 0.4702103463278105 neg 0.4655922299187931 __DUMMY__ 0.06419742375339652	false	1.0
verschleudern	neg 1.0		neg 0.47504586605282223 off 0.4605089917348318 __DUMMY__ 0.06444514221234611	false	1.0
wenn			off 0.47102338053774423 neg 0.4648794490135978 __DUMMY__ 0.06409717044865804	false	0.0
ehebruch	neg 1.0		neg 0.4711340488096925 off 0.46401576446918463 __DUMMY__ 0.06485018672112283	false	1.0
spott	off 1.0		neg 0.4701886811380425 off 0.464795190367051 __DUMMY__ 0.0650161284949066	false	0.5
trostlosigkeit	neg 1.0		neg 0.47533645040658157 off 0.4597720407744196 __DUMMY__ 0.06489150881899901	false	1.0
lutschen	neg 1.0		off 0.4699478501830663 neg 0.46601247921720707 __DUMMY__ 0.06403967059972669	false	0.5
undiszipliniert	neg 1.0		off 0.4739628022956766 neg 0.4622533565363424 __DUMMY__ 0.06378384116798105	false	0.5
kopfschmerz	neg 1.0		neg 0.47367431778025915 off 0.46175758583111276 __DUMMY__ 0.06456809638862795	false	1.0
unvorhergesehen	neg 1.0		neg 0.47223036296558785 off 0.4625124057624906 __DUMMY__ 0.06525723127192165	false	1.0
desinteressiert	neg 1.0		off 0.472828831457432 neg 0.46340850998541494 __DUMMY__ 0.06376265855715298	false	0.5
armselig	off 1.0		off 0.4752384851401407 neg 0.46115107107539494 __DUMMY__ 0.06361044378446426	false	1.0
desaster	neg 1.0		neg 0.47458659735956593 off 0.46030706464058596 __DUMMY__ 0.06510633799984826	false	1.0
tod	neg 1.0		neg 0.47052639804186397 off 0.4643775997621028 __DUMMY__ 0.06509600219603316	false	1.0
herzlos	neg 1.0		off 0.4745144982625311 neg 0.46186597396370677 __DUMMY__ 0.063619527773762	false	0.5
unwissenheit	neg 1.0		neg 0.4709976479901768 off 0.46425370442887215 __DUMMY__ 0.06474864758095103	false	1.0
widersinnig	neg 1.0		neg 0.47144590404647263 off 0.46417535478830385 __DUMMY__ 0.06437874116522357	false	1.0
bedenklich	neg 1.0		neg 0.472185061687528 off 0.46305125479557296 __DUMMY__ 0.06476368351689912	false	1.0
beanstanden	neg 1.0		neg 0.47127234246525035 off 0.46341461484486146 __DUMMY__ 0.06531304268988815	false	1.0
panisch	neg 1.0		off 0.4694611194143118 neg 0.465963031502022 __DUMMY__ 0.06457584908366623	false	0.5
debil	off 1.0		neg 0.4777670324637782 off 0.4565229714199915 __DUMMY__ 0.06570999611623031	false	0.5
abstrich	neg 1.0		neg 0.47217817680788227 off 0.46342622930283184 __DUMMY__ 0.06439559388928588	false	1.0
primitiv	neg 1.0		off 0.4733892150110962 neg 0.46278720278310786 __DUMMY__ 0.06382358220579594	false	0.5
abschaum	off 1.0	off 1.0	off 0.7223405806609191 neg 0.24723201133661396 __DUMMY__ 0.030427408002466894	false	1.0
provozieren	neg 1.0		neg 0.4684388998217899 off 0.467132082307111 __DUMMY__ 0.06442901787109902	false	1.0
tot	neg 1.0		neg 0.4719713472826939 off 0.46346616202342467 __DUMMY__ 0.06456249069388141	false	1.0
instabil	neg 1.0		off 0.47524876109704545 neg 0.4612406167115064 __DUMMY__ 0.0635106221914482	false	0.5
schwuchtel	off 1.0	off 1.0	off 0.7281081385372706 neg 0.24253820734659387 __DUMMY__ 0.02935365411613558	false	1.0
zerren	neg 1.0		neg 0.46970892681007453 off 0.46527452618454523 __DUMMY__ 0.06501654700538012	false	1.0
kinderficker	off 1.0		off 0.476995418099987 neg 0.45969610417186696 __DUMMY__ 0.06330847772814593	false	1.0
gefahr	neg 1.0		neg 0.47234442532649373 off 0.4624502737189054 __DUMMY__ 0.06520530095460099	false	1.0
rabiat	neg 1.0		neg 0.47041670229188465 off 0.4650516022728426 __DUMMY__ 0.06453169543527264	false	1.0
verlangsamung	neg 1.0		off 0.4782264069643538 neg 0.458706999088446 __DUMMY__ 0.06306659394720025	false	0.5
ausgestorben	neg 1.0		neg 0.4693140095154104 off 0.46591420941167166 __DUMMY__ 0.06477178107291802	false	1.0
anklagen	neg 1.0		neg 0.47007474708161173 off 0.4652037751665795 __DUMMY__ 0.06472147775180878	false	1.0
trott	neg 1.0		neg 0.46885987699773357 off 0.466561090190019 __DUMMY__ 0.06457903281224743	false	1.0
verminderung	neg 1.0		off 0.4719218166850403 neg 0.4642680738868317 __DUMMY__ 0.06381010942812798	false	0.5
nach			neg 0.4744261601981101 off 0.45956106650495865 __DUMMY__ 0.06601277329693118	false	0.0
rost	neg 1.0		off 0.4819112172682569 neg 0.45474329164233984 __DUMMY__ 0.06334549108940318	false	0.5
destruktiv	neg 1.0		neg 0.4693880558482698 off 0.4660925975056757 __DUMMY__ 0.06451934664605452	false	1.0
unzumutbarkeit	neg 1.0		off 0.4724011654836802 neg 0.4636815003403489 __DUMMY__ 0.06391733417597084	false	0.5
labil	off 1.0	off 1.0	off 0.721218367335351 neg 0.2484399170500331 __DUMMY__ 0.030341715614615912	false	1.0
ziemlich	neg 1.0		off 0.47249471183982544 neg 0.46340202129485614 __DUMMY__ 0.06410326686531853	false	0.5
lachnummer	off 1.0		off 0.46785807141559155 neg 0.4674749053956272 __DUMMY__ 0.0646670231887812	false	1.0
oder			off 0.46817286058672214 neg 0.4671062501766456 __DUMMY__ 0.06472088923663233	false	0.0
verfall	neg 1.0		neg 0.4772600644520174 off 0.4575810242909857 __DUMMY__ 0.06515891125699684	false	1.0
ausgrenzung	neg 1.0		neg 0.46809589638872 off 0.46772272973857293 __DUMMY__ 0.06418137387270695	false	1.0
unordnung	neg 1.0		off 0.4747710847229157 neg 0.46188453379976413 __DUMMY__ 0.06334438147732026	false	0.5
fehlverhalten	neg 1.0		neg 0.47172046219441155 off 0.4632598424113474 __DUMMY__ 0.065019695394241	false	1.0
eine			neg 0.47340194611465825 off 0.46137660964682364 __DUMMY__ 0.06522144423851818	false	0.0
nille	neg 1.0		neg 0.46853353933110353 off 0.46690791632032014 __DUMMY__ 0.06455854434857634	false	1.0
qual	neg 1.0		neg 0.4694800170172509 off 0.46595682979242875 __DUMMY__ 0.06456315319032035	false	1.0
verschwenden	neg 1.0		neg 0.47361236006216983 off 0.4615832882650097 __DUMMY__ 0.06480435167282043	false	1.0
riesig	neg 1.0		neg 0.47130832244265836 off 0.46367750283190173 __DUMMY__ 0.06501417472543985	false	1.0
verurteilen	neg 1.0		neg 0.4706278461554254 off 0.46466361631856684 __DUMMY__ 0.0647085375260077	false	1.0
klischee	neg 1.0	neg 1.0	neg 0.7190736194790329 off 0.25055722914889356 __DUMMY__ 0.03036915137207348	false	1.0
diktatorisch	neg 1.0		neg 0.4682278665594282 off 0.46764163233318135 __DUMMY__ 0.06413050110739046	false	1.0
vorhersehbar	neg 1.0		off 0.46848892459469466 neg 0.46741634741331534 __DUMMY__ 0.06409472799199001	false	0.5
sowie			off 0.4746064506542332 neg 0.4623168403391396 __DUMMY__ 0.06307670900662707	false	0.0
stornieren	neg 1.0		off 0.4725211444314781 neg 0.4626544947179386 __DUMMY__ 0.06482436085058323	false	0.5
besteuerung	neg 1.0	neg 1.0	neg 0.7222987904819341 off 0.24744840054597628 __DUMMY__ 0.030252808972089547	false	1.0
ungeschminkt	neg 1.0		off 0.472756725954494 neg 0.46355503103370344 __DUMMY__ 0.06368824301180254	false	0.5
kritisch	neg 1.0		neg 0.4703924175524164 off 0.4647662652687499 __DUMMY__ 0.0648413171788337	false	1.0
schlamperei	off 1.0		neg 0.472218237979884 off 0.46292262167434634 __DUMMY__ 0.06485914034576969	false	0.5
sucht	neg 1.0	neg 1.0	neg 0.7190577568410658 off 0.250270438401656 __DUMMY__ 0.03067180475727823	false	1.0
egoistisch	off 1.0	off 1.0	off 0.7246759854299776 neg 0.2452785393849134 __DUMMY__ 0.030045475185109128	false	1.0
ausbeuter	off 1.0		neg 0.47414030097184506 off 0.46113386593152605 __DUMMY__ 0.06472583309662897	false	0.5
arschgeburt	off 1.0		off 0.4835949518173315 neg 0.4542446723066755 __DUMMY__ 0.06216037587599308	false	1.0
schubs	neg 1.0		neg 0.47318174548530323 off 0.462237604641883 __DUMMY__ 0.06458064987281388	false	1.0
unsolide	neg 1.0		off 0.4699726921622914 neg 0.46565212609795076 __DUMMY__ 0.06437518173975766	false	0.5
beschwerde	neg 1.0		neg 0.46996155838721315 off 0.4652092578926469 __DUMMY__ 0.06482918372014009	false	1.0
stocken	neg 1.0		neg 0.47115904953592547 off 0.4639513956525018 __DUMMY__ 0.06488955481157262	false	1.0
isolieren	neg 1.0		neg 0.47137937715753053 off 0.4639893777485241 __DUMMY__ 0.06463124509394538	false	1.0
unheilbar	neg 1.0		neg 0.46798953807545995 off 0.4673466779500431 __DUMMY__ 0.06466378397449693	false	1.0
pisser	off 1.0	off 1.0	off 0.723100434474817 neg 0.24676542515621203 __DUMMY__ 0.030134140368971066	false	1.0
löschen	neg 1.0		neg 0.46911588977714475 off 0.4664716595020739 __DUMMY__ 0.06441245072078126	false	1.0
durchfallen	neg 1.0		neg 0.47034825561005505 off 0.4647665052436475 __DUMMY__ 0.06488523914629735	false	1.0
wichser	off 1.0	off 1.0	off 0.7267164113385418 neg 0.2436069141032154 __DUMMY__ 0.029676674558242803	false	1.0
terror	neg 1.0		off 0.4695813157633765 neg 0.466193750277216 __DUMMY__ 0.0642249339594075	false	0.5
krass	neg 1.0		off 0.4758983432498715 neg 0.46069993809485543 __DUMMY__ 0.06340171865527296	false	0.5
revolte	neg 1.0		neg 0.4687367566864971 off 0.467509736437454 __DUMMY__ 0.0637535068760488	false	1.0
besorgt	neg 1.0		neg 0.4683130919629287 off 0.46659571239959163 __DUMMY__ 0.06509119563747978	false	1.0
nachlassen	neg 1.0		neg 0.4698857451593124 off 0.4650440180856094 __DUMMY__ 0.06507023675507821	false	1.0
alt	neg 1.0		neg 0.47653739665297123 off 0.4592782145297846 __DUMMY__ 0.06418438881724421	false	1.0
hundesohn	off 1.0	off 1.0	off 0.7258799182542931 neg 0.24443737415300623 __DUMMY__ 0.02968270759270079	false	1.0
als			neg 0.47064570044399345 off 0.46460175241687696 __DUMMY__ 0.06475254713912947	false	0.0
abschreckung	neg 1.0		neg 0.473242027213892 off 0.46177723532477394 __DUMMY__ 0.06498073746133405	false	1.0
unqualifiziert	neg 1.0		off 0.4709882761991321 neg 0.46484722716206406 __DUMMY__ 0.0641644966388039	false	0.5
abgewichst	off 1.0		neg 0.468563546550276 off 0.46674828375525124 __DUMMY__ 0.06468816969447283	false	0.5
schwer	neg 1.0		neg 0.46854900166346436 off 0.4667097028753301 __DUMMY__ 0.06474129546120572	false	1.0
bedeutungslosigkeit	neg 1.0		neg 0.47253320564843954 off 0.46249530152649215 __DUMMY__ 0.06497149282506827	false	1.0
kapitulation	neg 1.0		neg 0.4728388341947715 off 0.4626067921624414 __DUMMY__ 0.06455437364278709	false	1.0
unscharf	neg 1.0		neg 0.47000798615797007 off 0.4661053187742753 __DUMMY__ 0.06388669506775463	false	1.0
schwinden	neg 1.0		neg 0.4733864472100069 off 0.46178946760208367 __DUMMY__ 0.0648240851879095	false	1.0
versklavung	neg 1.0	neg 1.0	neg 0.7208381623622852 off 0.24877949824713852 __DUMMY__ 0.030382339390576333	false	1.0
schlecht	neg 1.0		off 0.47277986595589544 neg 0.46309478644363045 __DUMMY__ 0.06412534760047398	false	0.5
verhasst	neg 1.0		neg 0.46832675016550335 off 0.46737463629576376 __DUMMY__ 0.06429861353873283	false	1.0
beschweren	neg 1.0		off 0.4691920099749687 neg 0.4662792266178632 __DUMMY__ 0.06452876340716816	false	0.5
scheiden	neg 1.0		neg 0.46823104829152956 off 0.4671439985070107 __DUMMY__ 0.06462495320145968	false	1.0
frustriert	neg 1.0		neg 0.4693625522409826 off 0.46583170209729385 __DUMMY__ 0.06480574566172356	false	1.0
schimmelig	neg 1.0		neg 0.4742225124545109 off 0.4613741779739825 __DUMMY__ 0.06440330957150649	false	1.0
fisch	neg 1.0		neg 0.47785237127592023 off 0.4575820093984371 __DUMMY__ 0.06456561932564264	false	1.0
schmuggel	neg 1.0		neg 0.4724413732524957 off 0.4622360498908746 __DUMMY__ 0.06532257685662972	false	1.0
auffallen	neg 1.0		off 0.469120347378872 neg 0.4664854810788151 __DUMMY__ 0.06439417154231276	false	0.5
konkurrenz	neg 1.0		neg 0.4707040578979483 off 0.4639718631927975 __DUMMY__ 0.06532407890925442	false	1.0
teufelskreis	neg 1.0	neg 1.0	neg 0.7217268036097081 off 0.2477258720254595 __DUMMY__ 0.030547324364832394	false	1.0
aufschreien	neg 1.0		off 0.4684401204045124 neg 0.46743288889423795 __DUMMY__ 0.06412699070124958	false	0.5
schuldner	neg 1.0		neg 0.47543499572204245 off 0.4599897917248269 __DUMMY__ 0.06457521255313063	false	1.0
missgeburt	off 1.0	off 1.0	off 0.7259503305707027 neg 0.24413883553328483 __DUMMY__ 0.02991083389601263	false	1.0
arbeitslos	neg 1.0		neg 0.47118208512477894 off 0.4640204836562745 __DUMMY__ 0.06479743121894668	false	1.0
befallen	neg 1.0		neg 0.47407311292746507 off 0.4618821287877945 __DUMMY__ 0.06404475828474036	false	1.0
miesepetrig	off 1.0	off 1.0	off 0.7214507829769564 neg 0.24818084058098924 __DUMMY__ 0.03036837644205439	false	1.0
alarmieren	neg 1.0		off 0.4708804001427727 neg 0.46507028502736847 __DUMMY__ 0.0640493148298589	false	0.5
ungeduscht	off 1.0		off 0.4697081824609203 neg 0.4663671510845547 __DUMMY__ 0.0639246664545251	false	1.0
knappheit	neg 1.0		neg 0.4732651732328007 off 0.46233516397839675 __DUMMY__ 0.06439966278880249	false	1.0
schlange	neg 1.0		off 0.4677980892567063 neg 0.4675180123045205 __DUMMY__ 0.0646838984387732	false	0.5
harsch	neg 1.0		off 0.4770235575662262 neg 0.4592180911688754 __DUMMY__ 0.06375835126489832	false	0.5
lang	neg 1.0		off 0.4678889143324806 neg 0.46766282661344316 __DUMMY__ 0.06444825905407624	false	0.5
ziellos	neg 1.0		neg 0.4709229863367662 off 0.46391419932890626 __DUMMY__ 0.06516281433432762	false	1.0
selbstverliebt	neg 1.0		off 0.48291507520027793 neg 0.45431355923616623 __DUMMY__ 0.06277136556355582	false	0.5
beseitigen	neg 1.0		neg 0.46788051150226406 off 0.46738472956127997 __DUMMY__ 0.06473475893645615	false	1.0
dumm	off 1.0		off 0.47762599590208077 neg 0.45918879099507565 __DUMMY__ 0.06318521310284379	false	1.0
arbeitsloser	neg 1.0		off 0.46800073964824407 neg 0.46658423865359766 __DUMMY__ 0.0654150216981583	false	0.5
blitzen	neg 1.0		off 0.46943796397350424 neg 0.4665423294254992 __DUMMY__ 0.06401970660099661	false	0.5
hilflos	neg 1.0		neg 0.471024477278238 off 0.46418605083708253 __DUMMY__ 0.06478947188467934	false	1.0
eklig	off 1.0		off 0.47678877525154467 neg 0.4602895175173436 __DUMMY__ 0.06292170723111169	false	1.0
begriff			neg 0.4684105555426521 off 0.4668727973427163 __DUMMY__ 0.06471664711463149	false	0.0
hungersnot	neg 1.0		neg 0.47272145997881393 off 0.4628100917834762 __DUMMY__ 0.06446844823770985	false	1.0
ungesetzlich	neg 1.0		off 0.46866856079097896 neg 0.46704059107618684 __DUMMY__ 0.0642908481328342	false	0.5
verschwendung	neg 1.0		neg 0.47271928101448024 off 0.46233228210580085 __DUMMY__ 0.06494843687971882	false	1.0
schmerzvoll	neg 1.0		neg 0.4683740851549645 off 0.46731198098059756 __DUMMY__ 0.06431393386443791	false	1.0
vorzeitig	neg 1.0		off 0.47374492770632626 neg 0.4618574542083858 __DUMMY__ 0.06439761808528792	false	0.5
unvollkommenheit	neg 1.0		neg 0.4701764483977851 off 0.46512408593989646 __DUMMY__ 0.06469946566231846	false	1.0
intervenieren	neg 1.0		neg 0.4742606348572819 off 0.46115803695765833 __DUMMY__ 0.06458132818505984	false	1.0
banause	off 1.0		off 0.47657204730966884 neg 0.4609350654329699 __DUMMY__ 0.062492887257361227	false	1.0
rebell	neg 1.0		neg 0.4784457864884071 off 0.4566653408887353 __DUMMY__ 0.0648888726228577	false	1.0
unlogisch	neg 1.0		off 0.4733095965760603 neg 0.4631312078576845 __DUMMY__ 0.06355919556625518	false	0.5
leiden	neg 1.0		neg 0.4710629301850006 off 0.4635154999294481 __DUMMY__ 0.06542156988555126	false	1.0
abschaffung	neg 1.0		neg 0.46952463704298575 off 0.4662716999762468 __DUMMY__ 0.0642036629807674	false	1.0
sturz	neg 1.0		off 0.47100359841117523 neg 0.4642296479699311 __DUMMY__ 0.06476675361889371	false	0.5
verkleinerung	neg 1.0		neg 0.4691087619592241 off 0.4673025741439718 __DUMMY__ 0.0635886638968041	false	1.0
schmarotzer	off 1.0		neg 0.470267175119039 off 0.4650130051261969 __DUMMY__ 0.06471981975476411	false	0.5
bestrafung	neg 1.0	neg 1.0	neg 0.7198903230071385 off 0.24945415524728037 __DUMMY__ 0.030655521745581216	false	1.0
achtlos	neg 1.0		neg 0.4685606496356423 off 0.4665317631399275 __DUMMY__ 0.06490758722443027	false	1.0
ungeheuer	neg 1.0		neg 0.4692016420922939 off 0.46639542320400335 __DUMMY__ 0.06440293470370281	false	1.0
unaufrichtig	neg 1.0		off 0.4708881840789746 neg 0.46495089062912986 __DUMMY__ 0.06416092529189547	false	0.5
groggy	neg 1.0		off 0.47019677026220297 neg 0.4654703974443713 __DUMMY__ 0.06433283229342575	false	0.5
