unsolidarisch	neg 1.0		neg 0.48220651863201286 off 0.47853014669124 __DUMMY__ 0.0392633346767471	false	1.0
nachteilig	neg 1.0		neg 0.482962242391516 off 0.4772371609126387 __DUMMY__ 0.03980059669584524	false	1.0
skeptisch	neg 1.0		neg 0.48537009282757215 off 0.47487725178776297 __DUMMY__ 0.039752655384664874	false	1.0
schrecklich	neg 1.0		off 0.4870794590669343 neg 0.4740353013050148 __DUMMY__ 0.03888523962805091	false	0.5
schlapp	neg 1.0	neg 1.0	neg 0.723902534481346 off 0.25756115382617195 __DUMMY__ 0.01853631169248211	false	1.0
abfall	neg 1.0		neg 0.4858930550617121 off 0.47398963671312033 __DUMMY__ 0.04011730822516763	false	1.0
widerspenstig	neg 1.0		neg 0.48352881083578 off 0.47711955756814306 __DUMMY__ 0.03935163159607693	false	1.0
abrupt	neg 1.0		neg 0.4874826654045312 off 0.4729023490163693 __DUMMY__ 0.03961498557909937	false	1.0
unwirksam	neg 1.0		neg 0.485824842594465 off 0.475191511720785 __DUMMY__ 0.03898364568474985	false	1.0
angreifen	neg 1.0		neg 0.4856334180808729 off 0.47455821792224767 __DUMMY__ 0.039808363996879335	false	1.0
inkonsistent	neg 1.0		off 0.4804391505508096 neg 0.4803848883771157 __DUMMY__ 0.0391759610720748	false	0.5
abrutschen	neg 1.0		neg 0.48710527494626454 off 0.4728408007654289 __DUMMY__ 0.04005392428830662	false	1.0
unsicher	neg 1.0		neg 0.48068827606346 off 0.4797533330894405 __DUMMY__ 0.039558390847099514	false	1.0
bauernkind	off 1.0	off 1.0	off 0.7280239614018239 neg 0.253857066567489 __DUMMY__ 0.018118972030687137	false	1.0
angreifer	neg 1.0		off 0.4844685123021623 neg 0.4760919298111054 __DUMMY__ 0.03943955788673232	false	0.5
trennen	neg 1.0		neg 0.4849473964371443 off 0.47515470693238515 __DUMMY__ 0.039897896630470685	false	1.0
schmutz	neg 1.0		off 0.48617542749426834 neg 0.47411644303418665 __DUMMY__ 0.03970812947154512	false	0.5
inkonsistenz	neg 1.0		off 0.4839021342896191 neg 0.47690726043587495 __DUMMY__ 0.039190605274506	false	0.5
erschreckend	neg 1.0		neg 0.4819985256849443 off 0.47847959847410815 __DUMMY__ 0.039521875840947546	false	1.0
ertrinken	neg 1.0		neg 0.4875863726385578 off 0.47271833268389096 __DUMMY__ 0.039695294677551354	false	1.0
pickelface	off 1.0		neg 0.4814819180194291 off 0.47912700641320055 __DUMMY__ 0.03939107556737037	false	0.5
seiner			neg 0.48429879940201565 off 0.4758273350286223 __DUMMY__ 0.039873865569362066	false	0.0
lauch	neg 1.0	neg 1.0	neg 0.7300506305186711 off 0.2510301256344313 __DUMMY__ 0.018919243846897558	false	1.0
unwichtig	neg 1.0		off 0.4831187529053398 neg 0.47775299852436065 __DUMMY__ 0.03912824857029957	false	0.5
steuerhinterziehung	neg 1.0		neg 0.48321089461077515 off 0.4773967407790579 __DUMMY__ 0.039392364610167	false	1.0
schock	neg 1.0		neg 0.48257749522144644 off 0.477827122439543 __DUMMY__ 0.039595382339010526	false	1.0
beule	neg 1.0		off 0.48494074195945064 neg 0.47611783858406415 __DUMMY__ 0.038941419456485216	false	0.5
vergelten	neg 1.0		off 0.4892006009308731 neg 0.47185300446801465 __DUMMY__ 0.038946394601112384	false	0.5
verdorbenheit	neg 1.0		neg 0.48103343654422204 off 0.4796235156616528 __DUMMY__ 0.039343047794125244	false	1.0
trauma	neg 1.0		neg 0.4810902051748113 off 0.47960527242837847 __DUMMY__ 0.03930452239681015	false	1.0
sinnlos	neg 1.0		off 0.48080193820723244 neg 0.47985599270220886 __DUMMY__ 0.03934206909055856	false	0.5
fettsack	off 1.0	off 1.0	off 0.7292844392331146 neg 0.2525725640248286 __DUMMY__ 0.01814299674205682	false	1.0
feige	off 1.0	off 1.0	off 0.727233408623432 neg 0.2543147805288012 __DUMMY__ 0.018451810847766783	false	1.0
abdanken	neg 1.0		neg 0.48162734295103743 off 0.47886592915043846 __DUMMY__ 0.03950672789852404	false	1.0
wichtigtuer	off 1.0	off 1.0	off 0.726504383130066 neg 0.25485646767281983 __DUMMY__ 0.0186391491971142	false	1.0
misslingen	neg 1.0	neg 1.0	neg 0.7229429711273045 off 0.25814376960971475 __DUMMY__ 0.01891325926298081	false	1.0
untreu	off 1.0		off 0.4841953809392619 neg 0.47675504563578175 __DUMMY__ 0.0390495734249563	false	1.0
missmutig	neg 1.0		off 0.48194373712884553 neg 0.47886194245518593 __DUMMY__ 0.03919432041596844	false	0.5
hurenbock	off 1.0		neg 0.48558626731567106 off 0.4753766452787719 __DUMMY__ 0.03903708740555694	false	0.5
betrunken	neg 1.0		off 0.4859360309855062 neg 0.4751337859949776 __DUMMY__ 0.03893018301951622	false	0.5
korrupt	off 1.0		neg 0.4841326455731887 off 0.47649192748066066 __DUMMY__ 0.03937542694615067	false	0.5
unmut	neg 1.0		neg 0.4867979355156549 off 0.4733341892484279 __DUMMY__ 0.03986787523591709	false	1.0
hackfresse	off 1.0		off 0.4910051532918957 neg 0.4704074853813684 __DUMMY__ 0.038587361326735924	false	1.0
aufblasen	neg 1.0		neg 0.4810681392297988 off 0.4794833362929684 __DUMMY__ 0.039448524477232724	false	1.0
gewaltsam	neg 1.0		neg 0.481788835642862 off 0.47872575099178544 __DUMMY__ 0.03948541336535246	false	1.0
unbeliebtheit	neg 1.0		off 0.4844835119361736 neg 0.47645258564730864 __DUMMY__ 0.039063902416517596	false	0.5
sturheit	neg 1.0		neg 0.48075192952745216 off 0.47960465429496807 __DUMMY__ 0.03964341617757972	false	1.0
kuh	neg 1.0		neg 0.48588849373826626 off 0.4754884670209071 __DUMMY__ 0.038623039240826766	false	1.0
erschrecken	neg 1.0		off 0.4831243125992662 neg 0.47761829684260093 __DUMMY__ 0.039257390558132946	false	0.5
opfer	neg 1.0		neg 0.482189262130067 off 0.4779566440300572 __DUMMY__ 0.039854093839875836	false	1.0
sinken	neg 1.0		neg 0.48754638443509896 off 0.472731588978606 __DUMMY__ 0.039722026586295055	false	1.0
stinktier	neg 1.0		off 0.4850207005920653 neg 0.4766461817674779 __DUMMY__ 0.03833311764045691	false	0.5
tucke	off 1.0		off 0.4893855519793129 neg 0.47250238257488336 __DUMMY__ 0.038112065445803665	false	1.0
ein			neg 0.4838609901015674 off 0.4767810390689352 __DUMMY__ 0.039357970829497275	false	0.0
abstieg	neg 1.0		off 0.4809942699119035 neg 0.479047349732798 __DUMMY__ 0.03995838035529843	false	0.5
missverstehen	neg 1.0		off 0.48154885365527145 neg 0.4791712767080852 __DUMMY__ 0.03927986963664338	false	0.5
ergebnislos	neg 1.0		neg 0.4826521933680087 off 0.47749953842742715 __DUMMY__ 0.03984826820456423	false	1.0
unter			neg 0.4886547811510113 off 0.47091402052919323 __DUMMY__ 0.040431198319795345	false	0.0
manipulieren	neg 1.0		neg 0.48357707675745043 off 0.47656601708259316 __DUMMY__ 0.03985690615995636	false	1.0
unbewiesen	neg 1.0	neg 1.0	neg 0.7257289312402073 off 0.25558541480991026 __DUMMY__ 0.01868565394988258	false	1.0
verschleppen	neg 1.0		neg 0.4842070442691183 off 0.476218435825444 __DUMMY__ 0.03957451990543762	false	1.0
weib	off 1.0		off 0.4911714653873443 neg 0.47054343907200935 __DUMMY__ 0.03828509554064621	false	1.0
opposition	neg 1.0		neg 0.48195014202177655 off 0.4788658516010146 __DUMMY__ 0.03918400637720892	false	1.0
verkehrswidrig	neg 1.0	neg 1.0	neg 0.7198295512931844 off 0.26164598525656985 __DUMMY__ 0.018524463450245804	false	1.0
inkorrekt	neg 1.0		off 0.4864528915391333 neg 0.4746970876390527 __DUMMY__ 0.03885002082181406	false	0.5
vermeiden	neg 1.0		neg 0.48743743192050937 off 0.472474040768175 __DUMMY__ 0.04008852731131549	false	1.0
abweichung	neg 1.0	neg 1.0	neg 0.7256395025855314 off 0.2554224186382688 __DUMMY__ 0.018938078776199782	false	1.0
alkoholisiert	neg 1.0		neg 0.48273222304647206 off 0.47726675216722225 __DUMMY__ 0.040001024786305635	false	1.0
scheiss	off 1.0	off 1.0	off 0.7278177308212047 neg 0.2537995470868572 __DUMMY__ 0.01838272209193814	false	1.0
herausforderung	neg 1.0		neg 0.48227282378395026 off 0.4780031344521184 __DUMMY__ 0.0397240417639314	false	1.0
pervers	off 1.0		off 0.4939404628211583 neg 0.4678506557110405 __DUMMY__ 0.03820888146780129	false	1.0
wackelig	neg 1.0		neg 0.4823144984597952 off 0.47795217504251725 __DUMMY__ 0.039733326497687585	false	1.0
verwickeln	neg 1.0		off 0.4805274145368032 neg 0.4801570695284756 __DUMMY__ 0.039315515934721275	false	0.5
vorwand	neg 1.0		neg 0.48621929965285376 off 0.47397248379310286 __DUMMY__ 0.03980821655404337	false	1.0
muschi	off 1.0		neg 0.48159056305294323 off 0.47888506893506916 __DUMMY__ 0.039524368011987644	false	0.5
entmutigung	neg 1.0		neg 0.481091410795493 off 0.4797693274064318 __DUMMY__ 0.039139261798075205	false	1.0
unangemessen	neg 1.0		neg 0.4816280980460027 off 0.4787671067762178 __DUMMY__ 0.03960479517777931	false	1.0
unstetig	neg 1.0		off 0.48283075154489663 neg 0.47796145080464053 __DUMMY__ 0.03920779765046288	false	0.5
entmutigen	neg 1.0		neg 0.48039236250886264 off 0.48017949283352807 __DUMMY__ 0.039428144657609195	false	1.0
schwanz	neg 1.0		neg 0.4843976342619673 off 0.4760528190819569 __DUMMY__ 0.039549546656075664	false	1.0
verbot	neg 1.0		neg 0.48443026123887545 off 0.47616953427331526 __DUMMY__ 0.03940020448780924	false	1.0
leid	neg 1.0		off 0.4880403808564408 neg 0.4732280192362224 __DUMMY__ 0.038731599907336746	false	0.5
archaisch	neg 1.0		neg 0.4834303103340617 off 0.47708293129961904 __DUMMY__ 0.03948675836631913	false	1.0
gegen			neg 0.4844912402738741 off 0.475500663037185 __DUMMY__ 0.04000809668894088	false	0.0
scheidung	neg 1.0		off 0.5011664066530104 neg 0.4604065664621209 __DUMMY__ 0.03842702688486886	false	0.5
einschlag	neg 1.0		off 0.4894646758191306 neg 0.47146499923625396 __DUMMY__ 0.039070324944615445	false	0.5
m			neg 0.4828277346972256 off 0.47754403690091485 __DUMMY__ 0.03962822840185943	false	0.0
abgestanden	neg 1.0		neg 0.4871075050892682 off 0.4739625941942166 __DUMMY__ 0.03892990071651508	false	1.0
schmierig	off 1.0		off 0.48788102253756016 neg 0.4733554252969432 __DUMMY__ 0.038763552165496554	false	1.0
unpraktisch	neg 1.0		off 0.48114126715578653 neg 0.4794115560591788 __DUMMY__ 0.039447176785034725	false	0.5
wixxer	off 1.0		off 0.4930621848677838 neg 0.4688675304126469 __DUMMY__ 0.038070284719569365	false	1.0
bezeichnet			neg 0.48051392206080046 off 0.47997804943972616 __DUMMY__ 0.03950802849947348	false	0.0
jammerlappen	off 1.0		off 0.48380520337360555 neg 0.4770413265952738 __DUMMY__ 0.039153470031120664	false	1.0
farce	neg 1.0		neg 0.4831630090881469 off 0.4775444012130719 __DUMMY__ 0.03929258969878114	false	1.0
zwecklos	neg 1.0		neg 0.4834861304632369 off 0.47694075504768124 __DUMMY__ 0.03957311448908184	false	1.0
turbulent	neg 1.0		off 0.4852059828672875 neg 0.4758448928552468 __DUMMY__ 0.03894912427746572	false	0.5
invasion	neg 1.0		off 0.48149945906665875 neg 0.4792018854811685 __DUMMY__ 0.03929865545217275	false	0.5
schuld	neg 1.0		neg 0.48032428439863617 off 0.4802783403680279 __DUMMY__ 0.039397375233336	false	1.0
risiko	neg 1.0		neg 0.4820143591084471 off 0.4788642743591793 __DUMMY__ 0.03912136653237364	false	1.0
finster	neg 1.0		neg 0.48346606166875167 off 0.47722340417172004 __DUMMY__ 0.03931053415952832	false	1.0
geisteskrank	off 1.0		off 0.4855557863346654 neg 0.47549450720056086 __DUMMY__ 0.03894970646477376	false	1.0
zusammenbrechen	neg 1.0		neg 0.4834228102321363 off 0.47702149930130505 __DUMMY__ 0.03955569046655865	false	1.0
ausbeute	neg 1.0		off 0.48038879137899754 neg 0.47986360271631334 __DUMMY__ 0.0397476059046891	false	0.5
hinterhalt	neg 1.0		neg 0.4834824225968621 off 0.4770543066336191 __DUMMY__ 0.039463270769518895	false	1.0
kritik	neg 1.0		neg 0.48358984173822606 off 0.4771163356370623 __DUMMY__ 0.03929382262471159	false	1.0
einschrumpfen	neg 1.0		off 0.48139685853152564 neg 0.4797151785249429 __DUMMY__ 0.03888796294353145	false	0.5
riskant	neg 1.0		neg 0.4858255351969399 off 0.4744893288965511 __DUMMY__ 0.03968513590650899	false	1.0
frustrieren	neg 1.0		neg 0.48563477251729104 off 0.4747835364639426 __DUMMY__ 0.03958169101876636	false	1.0
groll	neg 1.0		neg 0.482027157599681 off 0.4783004471507252 __DUMMY__ 0.03967239524959369	false	1.0
gibt			neg 0.48290003939534876 off 0.47744011974234146 __DUMMY__ 0.03965984086230983	false	0.0
qualvoll	neg 1.0		off 0.4809155249423433 neg 0.4797642907270632 __DUMMY__ 0.03932018433059353	false	0.5
wackeln	neg 1.0		neg 0.48134656019684435 off 0.47914954261864207 __DUMMY__ 0.03950389718451363	false	1.0
klagen	neg 1.0		neg 0.4866785887206955 off 0.47358445602141774 __DUMMY__ 0.03973695525788675	false	1.0
bankrott	neg 1.0		off 0.4842127283484559 neg 0.4765195847678713 __DUMMY__ 0.0392676868836728	false	0.5
trauern	neg 1.0		neg 0.4815821558930568 off 0.4783778870688315 __DUMMY__ 0.040039957038111605	false	1.0
ablehnung	neg 1.0		neg 0.48367049725001576 off 0.4769597712210186 __DUMMY__ 0.03936973152896551	false	1.0
stur	neg 1.0		neg 0.48104752770758685 off 0.47961975180211647 __DUMMY__ 0.039332720490296624	false	1.0
aufruhr	neg 1.0	neg 1.0	neg 0.7263055338999191 off 0.2549855238513777 __DUMMY__ 0.018708942248703214	false	1.0
melancholie	neg 1.0		neg 0.4872159081753236 off 0.4731963287612548 __DUMMY__ 0.039587763063421544	false	1.0
ist			off 0.4807856393067794 neg 0.47983946597730703 __DUMMY__ 0.03937489471591354	false	0.0
torheit	neg 1.0		off 0.48038545156536305 neg 0.4802245839785102 __DUMMY__ 0.03938996445612665	false	0.5
dreckskind	off 1.0		off 0.49115906495470824 neg 0.47040872684887997 __DUMMY__ 0.03843220819641183	false	1.0
umtauschen	neg 1.0		neg 0.4824488374624609 off 0.4780999402644689 __DUMMY__ 0.03945122227307021	false	1.0
zum			neg 0.48320002106765875 off 0.4763568169002871 __DUMMY__ 0.04044316203205421	false	0.0
zersetzen	neg 1.0		neg 0.4864124229363274 off 0.4739409207086118 __DUMMY__ 0.039646656355060664	false	1.0
zur			neg 0.486943830548862 off 0.4729413736267652 __DUMMY__ 0.04011479582437272	false	0.0
frust	neg 1.0		neg 0.4831174830902445 off 0.47726756577821966 __DUMMY__ 0.03961495113153595	false	1.0
unerbittlichkeit	neg 1.0		neg 0.48401095879970685 off 0.47623714626996216 __DUMMY__ 0.03975189493033099	false	1.0
zwei			neg 0.4869063446894101 off 0.4729169736326628 __DUMMY__ 0.04017668167792717	false	0.0
unkorrekt	neg 1.0		off 0.4848908952557279 neg 0.47623639600956164 __DUMMY__ 0.038872708734710444	false	0.5
hexe	off 1.0		off 0.48098250654906566 neg 0.4801084609089611 __DUMMY__ 0.03890903254197332	false	1.0
lasch	neg 1.0		off 0.48311686185690356 neg 0.47766880585884447 __DUMMY__ 0.03921433228425192	false	0.5
rivale	neg 1.0		off 0.4871707671686593 neg 0.47394306972705047 __DUMMY__ 0.038886163104290196	false	0.5
mutlos	off 1.0	off 1.0	off 0.7237207400359311 neg 0.2574731597636762 __DUMMY__ 0.018806100200392705	false	1.0
wirr	off 1.0		off 0.4872592521005078 neg 0.4739366345038713 __DUMMY__ 0.03880411339562088	false	1.0
jahr			neg 0.48083152597443773 off 0.4790315686484074 __DUMMY__ 0.04013690537715495	false	0.0
wird			neg 0.4832559182331604 off 0.4770419357908024 __DUMMY__ 0.03970214597603716	false	0.0
strafbar	neg 1.0		neg 0.48428786982206934 off 0.47597312747987625 __DUMMY__ 0.03973900269805428	false	1.0
erosion	neg 1.0		neg 0.4811983018927237 off 0.4793475856230596 __DUMMY__ 0.03945411248421662	false	1.0
eingehen	neg 1.0		neg 0.4855008444549321 off 0.47488416414924084 __DUMMY__ 0.039614991395826984	false	1.0
faul	off 1.0		off 0.4827770367080422 neg 0.4780554533200638 __DUMMY__ 0.039167509971894186	false	1.0
provisorium	neg 1.0		neg 0.48820718438472394 off 0.47133388503079854 __DUMMY__ 0.04045893058447755	false	1.0
schmerzen	neg 1.0		neg 0.4833418308440198 off 0.47721126250956186 __DUMMY__ 0.03944690664641821	false	1.0
schrumpfen	neg 1.0		neg 0.48980899715606263 off 0.47034195605919066 __DUMMY__ 0.03984904678474687	false	1.0
geistlos	off 1.0		neg 0.4804769453361618 off 0.4803956068317459 __DUMMY__ 0.03912744783209223	false	0.5
fehlkauf	neg 1.0		neg 0.480662208009739 off 0.4801683823845407 __DUMMY__ 0.03916940960572025	false	1.0
frustrierend	neg 1.0		off 0.4825662041107425 neg 0.4782147253962812 __DUMMY__ 0.039219070492976175	false	0.5
unzufrieden	neg 1.0		neg 0.4834594021275999 off 0.476934814519775 __DUMMY__ 0.03960578335262515	false	1.0
verzweifeln	neg 1.0		neg 0.48174942044133584 off 0.47867023521658847 __DUMMY__ 0.03958034434207575	false	1.0
verzweifelt	neg 1.0		neg 0.48032783760339015 off 0.4802857496940916 __DUMMY__ 0.03938641270251832	false	1.0
misstrauensantrag	neg 1.0		off 0.48074930754697304 neg 0.47995755774117793 __DUMMY__ 0.03929313471184901	false	0.5
abfallen	neg 1.0		neg 0.48178325505178354 off 0.4788080158901419 __DUMMY__ 0.039408729058074514	false	1.0
fucker	off 1.0		off 0.487105372859587 neg 0.47391287313585706 __DUMMY__ 0.03898175400455607	false	1.0
ungezogen	neg 1.0		off 0.49240165960281834 neg 0.4691996262585688 __DUMMY__ 0.03839871413861294	false	0.5
irrsinnig	neg 1.0	neg 1.0	neg 0.7261199807713632 off 0.2552175701773634 __DUMMY__ 0.018662449051273476	false	1.0
unfassbar	neg 1.0		off 0.4847910201223581 neg 0.4760950972224585 __DUMMY__ 0.03911388265518336	false	0.5
hart	neg 1.0		neg 0.4807392683468054 off 0.4806062848467073 __DUMMY__ 0.03865444680648724	false	1.0
widerlich	off 1.0		off 0.48466805015088305 neg 0.47631866333127626 __DUMMY__ 0.039013286517840605	false	1.0
fatal	neg 1.0	neg 1.0	neg 0.7266040265085354 off 0.25490769451332956 __DUMMY__ 0.018488278978134973	false	1.0
bruch	neg 1.0		neg 0.4849809585072333 off 0.47496049987383077 __DUMMY__ 0.04005854161893591	false	1.0
aushungern	neg 1.0		neg 0.48446696017418533 off 0.4761595917249267 __DUMMY__ 0.03937344810088806	false	1.0
anspannung	neg 1.0		neg 0.4858043378013869 off 0.4739352318464292 __DUMMY__ 0.04026043035218395	false	1.0
von			neg 0.4851699755498525 off 0.4749717988805048 __DUMMY__ 0.03985822556964272	false	0.0
kraftlos	neg 1.0		neg 0.4834109800367667 off 0.4769222675826741 __DUMMY__ 0.03966675238055921	false	1.0
vom			neg 0.4860116264424376 off 0.4734019598054171 __DUMMY__ 0.04058641375214527	false	0.0
grenzdebil	off 1.0		off 0.48414188846431405 neg 0.47685986320923546 __DUMMY__ 0.038998248326450394	false	1.0
vor			neg 0.4861127112729376 off 0.47395249926046334 __DUMMY__ 0.03993478946659902	false	0.0
unterwerfen	neg 1.0		neg 0.4838017021799823 off 0.4764987312283436 __DUMMY__ 0.03969956659167403	false	1.0
versenkung	neg 1.0		neg 0.4840107895421116 off 0.47622805122105755 __DUMMY__ 0.039761159236830775	false	1.0
entziehen	neg 1.0		neg 0.4862834536039858 off 0.4738996663877495 __DUMMY__ 0.039816880008264756	false	1.0
finanzkrise	neg 1.0		neg 0.4872063610714152 off 0.47380898361217 __DUMMY__ 0.03898465531641471	false	1.0
schimpfend	neg 1.0		off 0.4808951936542496 neg 0.4795927181931119 __DUMMY__ 0.03951208815263854	false	0.5
profan	neg 1.0		off 0.4810448587979758 neg 0.4796658675177214 __DUMMY__ 0.0392892736843029	false	0.5
korruption	neg 1.0		neg 0.4848052085601044 off 0.47578375872562306 __DUMMY__ 0.03941103271427254	false	1.0
â			neg 0.48410463576170815 off 0.47629671477960844 __DUMMY__ 0.039598649458683334	false	0.0
schmutzig	neg 1.0		off 0.48482209997485864 neg 0.4761364016076432 __DUMMY__ 0.03904149841749811	false	0.5
sexy	neg 1.0		off 0.4831181211446606 neg 0.47760932554771646 __DUMMY__ 0.03927255330762299	false	0.5
abraten	neg 1.0		off 0.4813150140371932 neg 0.47929930702130724 __DUMMY__ 0.03938567894149955	false	0.5
schwarz	neg 1.0		off 0.48114697592564293 neg 0.47953243978651117 __DUMMY__ 0.039320584287845795	false	0.5
fotze	off 1.0	off 1.0	off 0.724034294200292 neg 0.2571883278165354 __DUMMY__ 0.018777377983172718	false	1.0
verwirren	neg 1.0		off 0.4816885581962124 neg 0.4789944251513545 __DUMMY__ 0.03931701665243309	false	0.5
zahnlos	off 1.0		neg 0.48269213933549515 off 0.47776256627185676 __DUMMY__ 0.03954529439264806	false	0.5
verheeren	neg 1.0		off 0.49443297000599384 neg 0.4671562057084636 __DUMMY__ 0.0384108242855425	false	0.5
hippie	neg 1.0		off 0.4823027999297444 neg 0.47845414381057916 __DUMMY__ 0.039243056259676466	false	0.5
rammen	neg 1.0		neg 0.480912533041765 off 0.47967523745141094 __DUMMY__ 0.03941222950682419	false	1.0
unlauter	neg 1.0		neg 0.4808032784592083 off 0.4799787874258171 __DUMMY__ 0.039217934114974665	false	1.0
unheilvoll	neg 1.0		neg 0.4811295870270901 off 0.47955418630251384 __DUMMY__ 0.03931622667039601	false	1.0
niedrig	neg 1.0		neg 0.4858032945441663 off 0.47473183928362744 __DUMMY__ 0.03946486617220628	false	1.0
explosion	neg 1.0		off 0.4824766474379278 neg 0.47825165704745803 __DUMMY__ 0.039271695514614215	false	0.5
weichei	off 1.0	off 1.0	off 0.7297095307629546 neg 0.25205032543372397 __DUMMY__ 0.01824014380332133	false	1.0
minusmensch	off 1.0		off 0.49318683364490257 neg 0.46848910867825233 __DUMMY__ 0.038324057676845304	false	1.0
farblos	neg 1.0		neg 0.4821389224247368 off 0.4786328368825222 __DUMMY__ 0.0392282406927411	false	1.0
unwissend	neg 1.0	neg 1.0	neg 0.7246849808095981 off 0.25681690224082876 __DUMMY__ 0.018498116949573064	false	1.0
traurig	neg 1.0		off 0.4866542412949723 neg 0.4744383097193755 __DUMMY__ 0.03890744898565204	false	0.5
senkung	neg 1.0		neg 0.4824498138682579 off 0.4786004329963526 __DUMMY__ 0.03894975313538951	false	1.0
ungleich	neg 1.0	neg 1.0	neg 0.7276915493474806 off 0.25348058899404147 __DUMMY__ 0.01882786165847788	false	1.0
heikel	neg 1.0		neg 0.48494316551950917 off 0.4753224246333531 __DUMMY__ 0.03973440984713758	false	1.0
drosselung	neg 1.0		off 0.4815461999801988 neg 0.4797456238336779 __DUMMY__ 0.03870817618612315	false	0.5
falsch	neg 1.0		off 0.4831735151751219 neg 0.47758179574355547 __DUMMY__ 0.039244689081322545	false	0.5
unzufriedenheit	neg 1.0		neg 0.48673525746095614 off 0.4736514911030334 __DUMMY__ 0.03961325143601038	false	1.0
kurz	neg 1.0		neg 0.4819030848488876 off 0.4783841671643348 __DUMMY__ 0.03971274798677761	false	1.0
unsinnig	neg 1.0		neg 0.48363565787475704 off 0.4769763978186952 __DUMMY__ 0.03938794430654772	false	1.0
penner	off 1.0	off 1.0	off 0.7309516817289907 neg 0.2508292933045463 __DUMMY__ 0.01821902496646292	false	1.0
seicht	neg 1.0		off 0.4898301182486547 neg 0.4718987272657271 __DUMMY__ 0.038271154485618075	false	0.5
dummheit	off 1.0	off 1.0	off 0.7258059787855358 neg 0.25564060841661823 __DUMMY__ 0.018553412797845944	false	1.0
unerfreulich	neg 1.0		neg 0.48494562723956786 off 0.47528046648733047 __DUMMY__ 0.03977390627310156	false	1.0
motherfucker	off 1.0	off 1.0	off 0.7287236712833701 neg 0.2528298595910479 __DUMMY__ 0.018446469125581986	false	1.0
pikiert	neg 1.0	neg 1.0	neg 0.7245164457847034 off 0.25700582261041277 __DUMMY__ 0.018477731604883803	false	1.0
wrack	neg 1.0		off 0.48214931053986987 neg 0.4778159929899639 __DUMMY__ 0.04003469647016624	false	0.5
gangster	neg 1.0		off 0.482413749136476 neg 0.4783652946747442 __DUMMY__ 0.03922095618877978	false	0.5
krank	neg 1.0	neg 1.0	neg 0.7230656260418042 off 0.25839634504771214 __DUMMY__ 0.018538028910483572	false	1.0
reich	neg 1.0		off 0.48083768293019397 neg 0.4802043538160752 __DUMMY__ 0.03895796325373085	false	0.5
gnadenlos	neg 1.0		off 0.4806940910884368 neg 0.4798300336346102 __DUMMY__ 0.03947587527695284	false	0.5
niedergeschlagen	neg 1.0		neg 0.48254972913457306 off 0.4777434289104286 __DUMMY__ 0.03970684195499843	false	1.0
terrorisieren	off 1.0	off 1.0	off 0.723396121804583 neg 0.2577366310848861 __DUMMY__ 0.018867247110530925	false	1.0
sinnlosigkeit	neg 1.0		neg 0.482777667712402 off 0.47762609043184995 __DUMMY__ 0.039596241855748046	false	1.0
behindern	neg 1.0		neg 0.4825563714797633 off 0.4780540901824825 __DUMMY__ 0.039389538337754056	false	1.0
undemokratisch	neg 1.0		off 0.4804974907446048 neg 0.4802635278399442 __DUMMY__ 0.039238981415451006	false	0.5
wirtschaftskrise	neg 1.0		neg 0.486856683539505 off 0.47386518373779835 __DUMMY__ 0.039278132722696535	false	1.0
neid	neg 1.0		off 0.48209073914114553 neg 0.47867306771656204 __DUMMY__ 0.039236193142292417	false	0.5
rutschen	neg 1.0		neg 0.48744325231029134 off 0.4723939563427143 __DUMMY__ 0.0401627913469943	false	1.0
rezession	neg 1.0		off 0.4832138599047013 neg 0.47827217914239883 __DUMMY__ 0.038513960952899856	false	0.5
fehlgeburt	neg 1.0		off 0.48111129220103976 neg 0.4793078088980738 __DUMMY__ 0.03958089890088649	false	0.5
charakterschwach	off 1.0		off 0.4839227192520523 neg 0.4770667540895794 __DUMMY__ 0.03901052665836829	false	1.0
isolation	neg 1.0		off 0.4836281709536528 neg 0.4770738548060899 __DUMMY__ 0.039297974240257355	false	0.5
ablenkung	neg 1.0		neg 0.48051651642961757 off 0.47989628208272794 __DUMMY__ 0.03958720148765437	false	1.0
pech	neg 1.0		off 0.4831821034568806 neg 0.47762266439610257 __DUMMY__ 0.03919523214701681	false	0.5
vermeidung	neg 1.0		off 0.4837772919064469 neg 0.4772723603979234 __DUMMY__ 0.03895034769562967	false	0.5
dominieren	neg 1.0		neg 0.48146569389064875 off 0.4788832586116208 __DUMMY__ 0.03965104749773055	false	1.0
schwindlig	neg 1.0		neg 0.4803645109980823 off 0.48036164397588865 __DUMMY__ 0.039273845026029035	false	1.0
lutscher	neg 1.0	neg 1.0	neg 0.7203917004218972 off 0.2615773228436839 __DUMMY__ 0.018030976734418912	false	1.0
pflicht	neg 1.0		neg 0.48479061053449246 off 0.47528154607361434 __DUMMY__ 0.03992784339189324	false	1.0
faschist	off 1.0		off 0.4826418713659694 neg 0.4781337530017311 __DUMMY__ 0.03922437563229951	false	1.0
verschleudern	neg 1.0		neg 0.4876656121829055 off 0.47295825049109663 __DUMMY__ 0.03937613732599786	false	1.0
wenn			off 0.4834421709853054 neg 0.47739468512948746 __DUMMY__ 0.039163143885207086	false	0.0
ehebruch	neg 1.0		neg 0.4838216747217089 off 0.4765537116163527 __DUMMY__ 0.039624613661938445	false	1.0
spott	off 1.0		neg 0.4829061488101874 off 0.47736746009898784 __DUMMY__ 0.039726391090824674	false	0.5
trostlosigkeit	neg 1.0		neg 0.4880452814424897 off 0.47230482339136026 __DUMMY__ 0.039649895166150056	false	1.0
lutschen	neg 1.0		off 0.4823522311921379 neg 0.4785202578057212 __DUMMY__ 0.0391275110021408	false	0.5
undiszipliniert	neg 1.0		off 0.48633238745044755 neg 0.47469681951953996 __DUMMY__ 0.0389707930300125	false	0.5
kopfschmerz	neg 1.0		neg 0.4863080337069025 off 0.47424077917186175 __DUMMY__ 0.0394511871212358	false	1.0
unvorhergesehen	neg 1.0		neg 0.48499597567269687 off 0.4751304106160695 __DUMMY__ 0.039873613711233664	false	1.0
desinteressiert	neg 1.0		off 0.48518999275827734 neg 0.47585201054090176 __DUMMY__ 0.0389579967008209	false	0.5
armselig	off 1.0		off 0.48757657902126816 neg 0.4735586409641372 __DUMMY__ 0.03886478001459467	false	1.0
desaster	neg 1.0		neg 0.48733642932432286 off 0.4728818465575142 __DUMMY__ 0.039781724118162894	false	1.0
tod	neg 1.0		neg 0.4832575217488089 off 0.4769679916146903 __DUMMY__ 0.039774486636500885	false	1.0
herzlos	neg 1.0		off 0.48685320964548723 neg 0.4742765289551756 __DUMMY__ 0.038870261399337094	false	0.5
unwissenheit	neg 1.0		neg 0.48366382758703247 off 0.47677369170545486 __DUMMY__ 0.03956248070751256	false	1.0
widersinnig	neg 1.0		neg 0.48404203974074045 off 0.47662227772980154 __DUMMY__ 0.039335682529457926	false	1.0
bedenklich	neg 1.0		neg 0.48485741639528623 off 0.47557076939083404 __DUMMY__ 0.03957181421387967	false	1.0
beanstanden	neg 1.0		neg 0.4840514867904624 off 0.47604010138210445 __DUMMY__ 0.03990841182743318	false	1.0
panisch	neg 1.0		off 0.4819691154716777 neg 0.4785746224942944 __DUMMY__ 0.0394562620340279	false	0.5
debil	off 1.0		neg 0.49064157243155626 off 0.4692071006178699 __DUMMY__ 0.04015132695057384	false	0.5
abstrich	neg 1.0		neg 0.48476975605738487 off 0.4758855127796346 __DUMMY__ 0.03934473116298061	false	1.0
primitiv	neg 1.0		off 0.4857627027712753 neg 0.4752418931237042 __DUMMY__ 0.03899540410502034	false	0.5
abschaum	off 1.0	off 1.0	off 0.7282365433645046 neg 0.25319021122974356 __DUMMY__ 0.01857324540575182	false	1.0
provozieren	neg 1.0		neg 0.48103253138063884 off 0.4796008048681127 __DUMMY__ 0.03936666375124847	false	1.0
tot	neg 1.0		neg 0.4845997066843673 off 0.4759529190116706 __DUMMY__ 0.03944737430396219	false	1.0
instabil	neg 1.0		off 0.48756736817427193 neg 0.47362971261814046 __DUMMY__ 0.03880291920758762	false	0.5
schwuchtel	off 1.0	off 1.0	off 0.7338007545301369 neg 0.24828237716952983 __DUMMY__ 0.017916868300333122	false	1.0
zerren	neg 1.0		neg 0.4824223403896068 off 0.4778509618843988 __DUMMY__ 0.039726697725994374	false	1.0
kinderficker	off 1.0		off 0.48928040309175075 neg 0.4720401561461902 __DUMMY__ 0.038679440762059036	false	1.0
gefahr	neg 1.0		neg 0.4851069635727866 off 0.47505083202619985 __DUMMY__ 0.03984220440101353	false	1.0
rabiat	neg 1.0		neg 0.483036368839346 off 0.4775341380939748 __DUMMY__ 0.03942949306667928	false	1.0
verlangsamung	neg 1.0		off 0.49046725536189606 neg 0.47100191713593825 __DUMMY__ 0.038530827502165695	false	0.5
ausgestorben	neg 1.0		neg 0.4819776928054231 off 0.4784456686915602 __DUMMY__ 0.03957663850301683	false	1.0
anklagen	neg 1.0		neg 0.4827337976225096 off 0.4777206847997519 __DUMMY__ 0.03954551757773845	false	1.0
trott	neg 1.0		neg 0.4814823245477421 off 0.4790590855507844 __DUMMY__ 0.03945858990147341	false	1.0
verminderung	neg 1.0		off 0.484291094066524 neg 0.4767221240271831 __DUMMY__ 0.03898678190629287	false	0.5
nach			neg 0.4873499428332755 off 0.4723129485457784 __DUMMY__ 0.040337108620946006	false	0.0
rost	neg 1.0		off 0.4942197633798628 neg 0.46707864266660937 __DUMMY__ 0.03870159395352797	false	0.5
destruktiv	neg 1.0		neg 0.4820031798754334 off 0.4785749074746819 __DUMMY__ 0.039421912649884684	false	1.0
unzumutbarkeit	neg 1.0		off 0.4847903146286941 neg 0.4761573423971785 __DUMMY__ 0.03905234297412739	false	0.5
labil	off 1.0	off 1.0	off 0.7270977745908477 neg 0.25438133543672736 __DUMMY__ 0.018520889972424962	false	1.0
ziemlich	neg 1.0		off 0.484920142869097 neg 0.4759131356404049 __DUMMY__ 0.03916672149049805	false	0.5
lachnummer	off 1.0		off 0.4803732352666268 neg 0.4801142363653504 __DUMMY__ 0.03951252836802293	false	1.0
oder			off 0.48070371832050873 neg 0.47975097139618955 __DUMMY__ 0.039545310283301736	false	0.0
verfall	neg 1.0		neg 0.49002764938197 off 0.4701583734038382 __DUMMY__ 0.0398139772141918	false	1.0
ausgrenzung	neg 1.0		neg 0.4806425468443023 off 0.48014287759424784 __DUMMY__ 0.03921457556144989	false	1.0
unordnung	neg 1.0		off 0.4870568903108288 neg 0.4742422368408585 __DUMMY__ 0.038700872848312674	false	0.5
fehlverhalten	neg 1.0		neg 0.4844437873143608 off 0.4758275339216577 __DUMMY__ 0.03972867876398151	false	1.0
eine			neg 0.48616729407797715 off 0.47398040673979064 __DUMMY__ 0.03985229918223224	false	0.0
nille	neg 1.0		neg 0.48115358665308416 off 0.4794005030291642 __DUMMY__ 0.03944591031775164	false	1.0
qual	neg 1.0		neg 0.48210159181372664 off 0.4784495353936621 __DUMMY__ 0.039448872792611216	false	1.0
verschwenden	neg 1.0		neg 0.48629587855498585 off 0.47410751263856893 __DUMMY__ 0.039596608806445346	false	1.0
riesig	neg 1.0		neg 0.4840246631014348 off 0.47625066279554873 __DUMMY__ 0.03972467410301647	false	1.0
verurteilen	neg 1.0		neg 0.48328628103409643 off 0.47717584359028065 __DUMMY__ 0.03953787537562294	false	1.0
klischee	neg 1.0	neg 1.0	neg 0.7250204004521478 off 0.2564419276514297 __DUMMY__ 0.01853767189642266	false	1.0
diktatorisch	neg 1.0		neg 0.48076560585286593 off 0.48005098101405963 __DUMMY__ 0.039183413133074434	false	1.0
vorhersehbar	neg 1.0		off 0.4808979460939787 neg 0.4799403989216942 __DUMMY__ 0.03916165498432719	false	0.5
sowie			off 0.48684106387839815 neg 0.4746215284911438 __DUMMY__ 0.03853740763045816	false	0.0
stornieren	neg 1.0		off 0.48508445910958364 neg 0.4753073941396953 __DUMMY__ 0.03960814675072102	false	0.5
besteuerung	neg 1.0	neg 1.0	neg 0.7282232095600993 off 0.25331039911232905 __DUMMY__ 0.018466391327571732	false	1.0
ungeschminkt	neg 1.0		off 0.48510620433853224 neg 0.47598180206637897 __DUMMY__ 0.038911993595088734	false	0.5
kritisch	neg 1.0		neg 0.4830759205395141 off 0.4773047160239941 __DUMMY__ 0.039619363436491604	false	1.0
schlamperei	off 1.0		neg 0.4849120617354972 off 0.47545793318029156 __DUMMY__ 0.039630005084211294	false	0.5
sucht	neg 1.0	neg 1.0	neg 0.7250630205415275 off 0.2562147031770045 __DUMMY__ 0.01872227628146806	false	1.0
egoistisch	off 1.0	off 1.0	off 0.7305010342001397 neg 0.25115924820841307 __DUMMY__ 0.01833971759144724	false	1.0
ausbeuter	off 1.0		neg 0.4868132284154409 off 0.4736382265573684 __DUMMY__ 0.03954854502719082	false	0.5
arschgeburt	off 1.0		off 0.4956789811355643 neg 0.46634533195589595 __DUMMY__ 0.03797568690853979	false	1.0
schubs	neg 1.0		neg 0.48581528078887676 off 0.4747258133659058 __DUMMY__ 0.039458905845217405	false	1.0
unsolide	neg 1.0		off 0.4824378052549031 neg 0.4782291243278247 __DUMMY__ 0.03933307041727224	false	0.5
beschwerde	neg 1.0		neg 0.48264192159034647 off 0.47774650683896075 __DUMMY__ 0.039611571570692804	false	1.0
stocken	neg 1.0		neg 0.4838548875470629 off 0.47649653614363463 __DUMMY__ 0.039648576309302526	false	1.0
isolieren	neg 1.0		neg 0.4840251536482419 off 0.476484692253476 __DUMMY__ 0.039490154098282125	false	1.0
unheilbar	neg 1.0		neg 0.48062985748391784 off 0.47985988150821496 __DUMMY__ 0.03951026100786717	false	1.0
pisser	off 1.0	off 1.0	off 0.7289416039363633 neg 0.2526645616569273 __DUMMY__ 0.018393834406709452	false	1.0
löschen	neg 1.0		neg 0.481707391948702 off 0.47893616463381966 __DUMMY__ 0.039356443417478265	false	1.0
durchfallen	neg 1.0		neg 0.48303854073077374 off 0.47731525829484794 __DUMMY__ 0.03964620097437834	false	1.0
wichser	off 1.0	off 1.0	off 0.7324713689455455 neg 0.24941432820692427 __DUMMY__ 0.018114302847530257	false	1.0
terror	neg 1.0		off 0.48202191679735734 neg 0.47873682565429926 __DUMMY__ 0.039241257548343456	false	0.5
krass	neg 1.0		off 0.48820242565405875 neg 0.4730611711309971 __DUMMY__ 0.03873640321494421	false	0.5
revolte	neg 1.0		neg 0.48120048312252006 off 0.4798472322673077 __DUMMY__ 0.0389522846101722	false	1.0
besorgt	neg 1.0		neg 0.4810371586216923 off 0.4791906382587143 __DUMMY__ 0.03977220311959344	false	1.0
nachlassen	neg 1.0		neg 0.48261003517774587 off 0.47763081595529305 __DUMMY__ 0.039759148866961136	false	1.0
alt	neg 1.0		neg 0.4891034179375582 off 0.4716806387844109 __DUMMY__ 0.03921594327803086	false	1.0
hundesohn	off 1.0	off 1.0	off 0.7316338609878564 neg 0.25024814722665295 __DUMMY__ 0.0181179917854906	false	1.0
als			neg 0.4833098000708723 off 0.47712537575942454 __DUMMY__ 0.03956482416970323	false	0.0
abschreckung	neg 1.0		neg 0.48596324514687966 off 0.47433202868578267 __DUMMY__ 0.03970472616733773	false	1.0
unqualifiziert	neg 1.0		off 0.48341757942984037 neg 0.4773780733912656 __DUMMY__ 0.03920434717889407	false	0.5
abgewichst	off 1.0		neg 0.48120801671075364 off 0.47926666156216824 __DUMMY__ 0.03952532172707815	false	0.5
schwer	neg 1.0		neg 0.48120397397599285 off 0.4792380064623656 __DUMMY__ 0.0395580195616416	false	1.0
bedeutungslosigkeit	neg 1.0		neg 0.4852494542280499 off 0.47505138854303836 __DUMMY__ 0.0396991572289117	false	1.0
kapitulation	neg 1.0		neg 0.48547447197749466 off 0.4750822028362387 __DUMMY__ 0.039443325186266566	false	1.0
unscharf	neg 1.0		neg 0.48249290150666996 off 0.47847361457826626 __DUMMY__ 0.03903348391506381	false	1.0
schwinden	neg 1.0		neg 0.48607683865595297 off 0.4743146633802372 __DUMMY__ 0.03960849796380983	false	1.0
versklavung	neg 1.0	neg 1.0	neg 0.7267899598501919 off 0.25466436828426864 __DUMMY__ 0.01854567186553947	false	1.0
schlecht	neg 1.0		off 0.4852098352699311 neg 0.4756098450077471 __DUMMY__ 0.039180319722321694	false	0.5
verhasst	neg 1.0		neg 0.480894480376381 off 0.4798188190403705 __DUMMY__ 0.03928670058324864	false	1.0
beschweren	neg 1.0		off 0.48168734643994815 neg 0.47888493682248445 __DUMMY__ 0.039427716737567405	false	0.5
scheiden	neg 1.0		neg 0.4808602598971934 off 0.4796538969696626 __DUMMY__ 0.03948584313314381	false	1.0
frustriert	neg 1.0		neg 0.4820335933778508 off 0.4783688381284192 __DUMMY__ 0.039597568493730015	false	1.0
schimmelig	neg 1.0		neg 0.4868236457607348 off 0.47382632310908646 __DUMMY__ 0.03935003113017878	false	1.0
fisch	neg 1.0		neg 0.4904972948745481 off 0.4700534095544013 __DUMMY__ 0.039449295571050584	false	1.0
schmuggel	neg 1.0		neg 0.48522601543264415 off 0.4748603352312296 __DUMMY__ 0.03991364933612633	false	1.0
auffallen	neg 1.0		off 0.4815900597273384 neg 0.47906477702486405 __DUMMY__ 0.03934516324779758	false	0.5
konkurrenz	neg 1.0		neg 0.4834851495467198 off 0.4765998595691787 __DUMMY__ 0.039914990884101324	false	1.0
teufelskreis	neg 1.0	neg 1.0	neg 0.72771033423964 off 0.2536430548991279 __DUMMY__ 0.018646610861231993	false	1.0
aufschreien	neg 1.0		off 0.48085580924470983 neg 0.47996269860948193 __DUMMY__ 0.03918149214580826	false	0.5
schuldner	neg 1.0		neg 0.4880821004199081 off 0.4724619173831095 __DUMMY__ 0.03945598219698241	false	1.0
missgeburt	off 1.0	off 1.0	off 0.7317497633047036 neg 0.24999292951982705 __DUMMY__ 0.018257307175469382	false	1.0
arbeitslos	neg 1.0		neg 0.48385804949577493 off 0.47654945052130915 __DUMMY__ 0.039592499982915905	false	1.0
befallen	neg 1.0		neg 0.4866108834575215 off 0.47425851411227327 __DUMMY__ 0.03913060243020521	false	1.0
miesepetrig	off 1.0	off 1.0	off 0.7273380800403922 neg 0.2541249109425597 __DUMMY__ 0.018537009017048134	false	1.0
alarmieren	neg 1.0		off 0.48328551291541455 neg 0.47758102709144734 __DUMMY__ 0.03913345999313821	false	0.5
ungeduscht	off 1.0		off 0.48209489757061497 neg 0.4788482369314169 __DUMMY__ 0.03905686549796811	false	1.0
knappheit	neg 1.0		neg 0.4858703795248215 off 0.4747813913805082 __DUMMY__ 0.03934822909467035	false	1.0
schlange	neg 1.0		off 0.4803207476519958 neg 0.4801566734696751 __DUMMY__ 0.039522578878329225	false	0.5
harsch	neg 1.0		off 0.4893971902364591 neg 0.4716478885240283 __DUMMY__ 0.038954921239512504	false	0.5
lang	neg 1.0		off 0.48036496050171507 neg 0.48025661051521074 __DUMMY__ 0.0393784289830742	false	0.5
ziellos	neg 1.0		neg 0.48366919658097046 off 0.47651453885722134 __DUMMY__ 0.03981626456180829	false	1.0
selbstverliebt	neg 1.0		off 0.49511690624621174 neg 0.4665328814984357 __DUMMY__ 0.03835021225535272	false	0.5
beseitigen	neg 1.0		neg 0.48053387000630676 off 0.47991275399910954 __DUMMY__ 0.039553375994583716	false	1.0
dumm	off 1.0		off 0.48989177162983355 neg 0.47150426155164044 __DUMMY__ 0.0386039668185261	false	1.0
arbeitsloser	neg 1.0		off 0.4806593799364743 neg 0.4793698326745015 __DUMMY__ 0.039970787389024216	false	0.5
blitzen	neg 1.0		off 0.48183640079149914 neg 0.47904794136422485 __DUMMY__ 0.03911565784427593	false	0.5
hilflos	neg 1.0		neg 0.48369669769119084 off 0.47671574581831927 __DUMMY__ 0.03958755649048977	false	1.0
eklig	off 1.0		off 0.48900206255911643 neg 0.47255561483538794 __DUMMY__ 0.038442322605495544	false	1.0
begriff			neg 0.4810615426960644 off 0.47939561111655415 __DUMMY__ 0.03954284618738139	false	0.0
hungersnot	neg 1.0		neg 0.48533895144007777 off 0.47527074177016204 __DUMMY__ 0.03939030678976012	false	1.0
ungesetzlich	neg 1.0		off 0.4811109365893027 neg 0.4796073611447328 __DUMMY__ 0.03928170226596441	false	0.5
verschwendung	neg 1.0		neg 0.4854297107092273 off 0.47488524378373725 __DUMMY__ 0.03968504550703552	false	1.0
schmerzvoll	neg 1.0		neg 0.48094344001732203 off 0.4797605356607078 __DUMMY__ 0.03929602432197023	false	1.0
vorzeitig	neg 1.0		off 0.4862295276267817 neg 0.47442376290561405 __DUMMY__ 0.039346709467604095	false	0.5
unvollkommenheit	neg 1.0		neg 0.4828288443898879 off 0.4776393970967714 __DUMMY__ 0.03953175851334078	false	1.0
intervenieren	neg 1.0		neg 0.48690580031453323 off 0.4736342688821926 __DUMMY__ 0.03945993080327423	false	1.0
banause	off 1.0		off 0.48870221258633484 neg 0.4731183685612097 __DUMMY__ 0.038179418852455495	false	1.0
rebell	neg 1.0		neg 0.49115911105835924 off 0.4691929914934214 __DUMMY__ 0.03964789744821932	false	1.0
unlogisch	neg 1.0		off 0.4856334058357811 neg 0.47553334744699227 __DUMMY__ 0.03883324671722659	false	0.5
leiden	neg 1.0		neg 0.48385847307618285 off 0.47616711660256084 __DUMMY__ 0.039974410321256426	false	1.0
abschaffung	neg 1.0		neg 0.482078542362725 off 0.47869330021064027 __DUMMY__ 0.03922815742663471	false	1.0
sturz	neg 1.0		off 0.48354937380271684 neg 0.4768776016352403 __DUMMY__ 0.039573024562042834	false	0.5
verkleinerung	neg 1.0		neg 0.48153960810835256 off 0.47960930956256054 __DUMMY__ 0.03885108232908689	false	1.0
schmarotzer	off 1.0		neg 0.4829257211938851 off 0.4775294222625182 __DUMMY__ 0.03954485654359682	false	0.5
bestrafung	neg 1.0	neg 1.0	neg 0.7258943009872592 off 0.25539302080878207 __DUMMY__ 0.01871267820395881	false	1.0
achtlos	neg 1.0		neg 0.48124848709240736 off 0.4790917127252488 __DUMMY__ 0.03965980018234376	false	1.0
ungeheuer	neg 1.0		neg 0.4817908668357139 off 0.4788590432505643 __DUMMY__ 0.03935008991372186	false	1.0
