unsolidarisch	neg 1.0		__DUMMY__ 0.8645327285691652 neg 0.06789980518074015 off 0.06756746625009466	false	1.0
nachteilig	neg 1.0		__DUMMY__ 0.8727280019235387 neg 0.06453263578009802 off 0.06273936229636329	false	1.0
skeptisch	neg 1.0		__DUMMY__ 0.8716632597442073 neg 0.06669650653597736 off 0.06164023371981533	false	1.0
schrecklich	neg 1.0		__DUMMY__ 0.8594167869786872 off 0.07537559135450989 neg 0.06520762166680295	false	0.5
schlapp	neg 1.0	neg 1.0	neg 0.5197291795047709 __DUMMY__ 0.42610888070567177 off 0.05416193978955735	false	1.0
abfall	neg 1.0		__DUMMY__ 0.8772495972309847 neg 0.06422578311002557 off 0.05852461965898969	false	1.0
widerspenstig	neg 1.0		__DUMMY__ 0.8662509212798587 neg 0.0683509430298601 off 0.0653981356902812	false	1.0
abrupt	neg 1.0		__DUMMY__ 0.870198587865011 neg 0.0689977118935364 off 0.06080370024145265	false	1.0
unwirksam	neg 1.0		__DUMMY__ 0.8607943038053906 neg 0.07243230536725899 off 0.06677339082735048	false	1.0
angreifen	neg 1.0		__DUMMY__ 0.8723807583398402 neg 0.06647286739230092 off 0.06114637426785884	false	1.0
inkonsistent	neg 1.0		__DUMMY__ 0.8639213810682079 off 0.06873067561162977 neg 0.06734794332016224	false	0.5
abrutschen	neg 1.0		__DUMMY__ 0.8761449713176511 neg 0.06567254738677113 off 0.058182481295577765	false	1.0
unsicher	neg 1.0		__DUMMY__ 0.8688861405590316 off 0.06617033974323064 neg 0.06494351969773786	false	0.5
bauernkind	off 1.0	off 1.0	off 0.5285081042983978 __DUMMY__ 0.4174974981543324 neg 0.053994397547269854	false	1.0
angreifer	neg 1.0		__DUMMY__ 0.867540486140545 off 0.07012428155093682 neg 0.06233523230851818	false	0.5
trennen	neg 1.0		__DUMMY__ 0.8738931877430659 neg 0.06543775924038232 off 0.060669053016551705	false	1.0
schmutz	neg 1.0		__DUMMY__ 0.8722271892547132 off 0.06897887935454364 neg 0.05879393139074321	false	0.5
inkonsistenz	neg 1.0		__DUMMY__ 0.8637947096375115 off 0.07133987302836814 neg 0.06486541733412046	false	0.5
erschreckend	neg 1.0		__DUMMY__ 0.8682446741422812 neg 0.06608826152279906 off 0.0656670643349197	false	1.0
ertrinken	neg 1.0		__DUMMY__ 0.8708849278315552 neg 0.0686259465019338 off 0.06048912566651095	false	1.0
pickelface	off 1.0		__DUMMY__ 0.8667025671841324 off 0.06672332144887363 neg 0.06657411136699398	false	1.0
seiner			__DUMMY__ 0.873454199505927 neg 0.06514406129848961 off 0.061401739195583435	false	0.0
lauch	neg 1.0	neg 1.0	neg 0.5217367447905076 __DUMMY__ 0.4339276525011712 off 0.04433560270832119	false	1.0
unwichtig	neg 1.0		__DUMMY__ 0.8627037223868415 off 0.0712418440164483 neg 0.06605443359671027	false	0.5
steuerhinterziehung	neg 1.0		__DUMMY__ 0.8666894885542421 neg 0.06753145363159724 off 0.06577905781416066	false	1.0
schock	neg 1.0		__DUMMY__ 0.8694779613413666 neg 0.06600341955089585 off 0.06451861910773753	false	1.0
beule	neg 1.0		__DUMMY__ 0.8606534661151619 off 0.07322686876822902 neg 0.06611966511660904	false	0.5
vergelten	neg 1.0		__DUMMY__ 0.8605638887793435 off 0.07654124373731988 neg 0.06289486748333654	false	0.5
verdorbenheit	neg 1.0		__DUMMY__ 0.8663310108280551 off 0.06697792465627343 neg 0.06669106451567144	false	0.5
trauma	neg 1.0		__DUMMY__ 0.8652404619958757 off 0.06769507970275476 neg 0.06706445830136958	false	0.5
sinnlos	neg 1.0		__DUMMY__ 0.8657640074624607 off 0.06830720787418215 neg 0.06592878466335718	false	0.5
fettsack	off 1.0	off 1.0	off 0.5296447417614829 __DUMMY__ 0.4178665108272515 neg 0.05248874741126559	false	1.0
feige	off 1.0	off 1.0	off 0.5250876661921529 __DUMMY__ 0.4238846387009874 neg 0.051027695106859866	false	1.0
abdanken	neg 1.0		__DUMMY__ 0.8682082095349459 off 0.06611090626993382 neg 0.06568088419512023	false	0.5
wichtigtuer	off 1.0	off 1.0	off 0.5225524596057214 __DUMMY__ 0.42784670454919155 neg 0.04960083584508709	false	1.0
misslingen	neg 1.0	neg 1.0	neg 0.514693853756908 __DUMMY__ 0.4341183505928955 off 0.05118779565019652	false	1.0
untreu	off 1.0		__DUMMY__ 0.8615461121639266 off 0.0725078553147124 neg 0.06594603252136094	false	1.0
missmutig	neg 1.0		__DUMMY__ 0.8638779452002151 off 0.06986883647243904 neg 0.0662532183273459	false	0.5
hurenbock	off 1.0		__DUMMY__ 0.8619981577355429 neg 0.07185303835788116 off 0.0661488039065758	false	0.5
betrunken	neg 1.0		__DUMMY__ 0.8601619865206052 off 0.07419859056135236 neg 0.06563942291804244	false	0.5
korrupt	off 1.0		__DUMMY__ 0.8661406435653828 neg 0.06842204418566275 off 0.06543731224895451	false	0.5
unmut	neg 1.0		__DUMMY__ 0.8733202394744738 neg 0.06676194118208903 off 0.059917819343437116	false	1.0
hackfresse	off 1.0		__DUMMY__ 0.8551765150300642 off 0.07996515848896912 neg 0.0648583264809668	false	1.0
aufblasen	neg 1.0		__DUMMY__ 0.8676044225102939 off 0.06644599724279368 neg 0.0659495802469125	false	0.5
gewaltsam	neg 1.0		__DUMMY__ 0.8681794040652794 neg 0.06594807624371167 off 0.06587251969100895	false	1.0
unbeliebtheit	neg 1.0		__DUMMY__ 0.8622191711402285 off 0.07260532612256508 neg 0.0651755027372065	false	0.5
sturheit	neg 1.0		__DUMMY__ 0.8701358365155436 off 0.06566757647169288 neg 0.06419658701276358	false	0.5
kuh	neg 1.0		__DUMMY__ 0.8558420266048877 neg 0.07519090877494108 off 0.06896706462017109	false	1.0
erschrecken	neg 1.0		__DUMMY__ 0.8646881436418945 off 0.07032833900558122 neg 0.06498351735252432	false	0.5
opfer	neg 1.0		__DUMMY__ 0.8732886984056629 neg 0.06370642225070962 off 0.0630048793436275	false	1.0
sinken	neg 1.0		__DUMMY__ 0.8715374020915839 neg 0.06815836076148854 off 0.06030423714692756	false	1.0
stinktier	neg 1.0		__DUMMY__ 0.8513943449169485 off 0.07766218588756285 neg 0.07094346919548852	false	0.5
tucke	off 1.0		__DUMMY__ 0.848379364902775 off 0.08193306535908838 neg 0.06968756973813665	false	1.0
ein			__DUMMY__ 0.8662886238835231 neg 0.06856375224979096 off 0.06514762386668586	false	0.0
abstieg	neg 1.0		__DUMMY__ 0.8751588102264003 off 0.06428385973021702 neg 0.060557330043382734	false	0.5
missverstehen	neg 1.0		__DUMMY__ 0.8648697368754543 off 0.06925149930393765 neg 0.06587876382060807	false	0.5
ergebnislos	neg 1.0		__DUMMY__ 0.8734331870131635 neg 0.06386911333932045 off 0.06269769964751594	false	1.0
unter			__DUMMY__ 0.8818394621471668 neg 0.06400766011658382 off 0.05415287773624929	false	0.0
manipulieren	neg 1.0		__DUMMY__ 0.8733538340780942 neg 0.06451224626987835 off 0.062133919652027476	false	1.0
unbewiesen	neg 1.0	neg 1.0	neg 0.5197924692991683 __DUMMY__ 0.42877345428094044 off 0.0514340764198912	false	1.0
verschleppen	neg 1.0		__DUMMY__ 0.869377177163359 neg 0.06685912600052396 off 0.06376369683611707	false	1.0
weib	off 1.0		__DUMMY__ 0.8507348790787815 off 0.08219652652216915 neg 0.06706859439904934	false	1.0
opposition	neg 1.0		__DUMMY__ 0.863897874273293 neg 0.06835346559110947 off 0.06774866013559754	false	1.0
verkehrswidrig	neg 1.0	neg 1.0	neg 0.5157239953496916 __DUMMY__ 0.42615796182577176 off 0.05811804282453677	false	1.0
inkorrekt	neg 1.0		__DUMMY__ 0.8586952909752759 off 0.07549173290931825 neg 0.06581297611540579	false	0.5
vermeiden	neg 1.0		__DUMMY__ 0.8770043526333173 neg 0.06551331843472591 off 0.057482328931956816	false	1.0
abweichung	neg 1.0	neg 1.0	neg 0.5170823158198595 __DUMMY__ 0.4343306202386846 off 0.04858706394145579	false	1.0
alkoholisiert	neg 1.0		__DUMMY__ 0.8765089132869898 neg 0.06286216943049353 off 0.06062891728251671	false	1.0
scheiss	off 1.0	off 1.0	off 0.5256831605732855 __DUMMY__ 0.42305316646456304 neg 0.051263672962151556	false	1.0
herausforderung	neg 1.0		__DUMMY__ 0.8715698940752827 neg 0.06458497736476317 off 0.06384512855995415	false	1.0
pervers	off 1.0		__DUMMY__ 0.8496548237807274 off 0.08453666182182552 neg 0.06580851439744703	false	1.0
wackelig	neg 1.0		__DUMMY__ 0.8718588048878211 neg 0.06474484144947824 off 0.06339635366270072	false	1.0
verwickeln	neg 1.0		__DUMMY__ 0.8652970889350327 off 0.06837185415060676 neg 0.06633105691436063	false	0.5
vorwand	neg 1.0		__DUMMY__ 0.8724941726092138 neg 0.06683341526028126 off 0.060672412130504845	false	1.0
muschi	off 1.0		__DUMMY__ 0.8686740896325766 neg 0.06567535969558821 off 0.06565055067183513	false	0.5
entmutigung	neg 1.0		__DUMMY__ 0.862933378755508 off 0.06916282973608454 neg 0.06790379150840738	false	0.5
unangemessen	neg 1.0		__DUMMY__ 0.8695553204699018 off 0.06529921669478614 neg 0.06514546283531206	false	0.5
unstetig	neg 1.0		__DUMMY__ 0.8645758827207802 off 0.07014508574736832 neg 0.06527903153185133	false	0.5
entmutigen	neg 1.0		__DUMMY__ 0.8671624257844105 off 0.06723308592074674 neg 0.06560448829484283	false	0.5
schwanz	neg 1.0		__DUMMY__ 0.869260051529088 neg 0.06740484261686268 off 0.06333510585404926	false	1.0
verbot	neg 1.0		__DUMMY__ 0.8665948691822887 neg 0.06835892434509167 off 0.06504620647261956	false	1.0
leid	neg 1.0		__DUMMY__ 0.857268215821111 off 0.07692891946328204 neg 0.0658028647156069	false	0.5
archaisch	neg 1.0		__DUMMY__ 0.8678998670649551 neg 0.06721767496055915 off 0.06488245797448566	false	1.0
gegen			__DUMMY__ 0.8754438758929795 neg 0.0640778614680698 off 0.06047826263895079	false	0.0
scheidung	neg 1.0		__DUMMY__ 0.8531733061522941 off 0.088166863622569 neg 0.05865983022513697	false	0.5
einschlag	neg 1.0		__DUMMY__ 0.8624651174333623 off 0.07563636094291175 neg 0.061898521623725944	false	0.5
m			__DUMMY__ 0.8700911087994375 neg 0.06592827735869385 off 0.06398061384186864	false	0.0
abgestanden	neg 1.0		__DUMMY__ 0.8604797803241561 neg 0.0738547781054889 off 0.06566544157035495	false	1.0
schmierig	off 1.0		__DUMMY__ 0.8577172612698127 off 0.0766890111385885 neg 0.0655937275915987	false	1.0
unpraktisch	neg 1.0		__DUMMY__ 0.8677974690256799 off 0.06739442792847983 neg 0.06480810304584031	false	0.5
wixxer	off 1.0		__DUMMY__ 0.8475621737220326 off 0.08492184953895933 neg 0.06751597673900804	false	1.0
bezeichnet			__DUMMY__ 0.8681388796300017 off 0.06672818547014102 neg 0.06513293489985737	false	0.0
jammerlappen	off 1.0		__DUMMY__ 0.8630634796541191 off 0.07157574575603759 neg 0.06536077458984339	false	1.0
farce	neg 1.0		__DUMMY__ 0.865059296301519 neg 0.06828856587923152 off 0.06665213781924938	false	1.0
zwecklos	neg 1.0		__DUMMY__ 0.8689827831752311 neg 0.06671644341930355 off 0.06430077340546525	false	1.0
turbulent	neg 1.0		__DUMMY__ 0.8608308837677119 off 0.07353577762153124 neg 0.06563333861075694	false	0.5
invasion	neg 1.0		__DUMMY__ 0.8652468073834257 off 0.06894955338497047 neg 0.06580363923160386	false	0.5
schuld	neg 1.0		__DUMMY__ 0.8664793932850908 off 0.06767542087160362 neg 0.06584518584330555	false	0.5
risiko	neg 1.0		__DUMMY__ 0.8629412593032328 neg 0.06861161881239956 off 0.06844712188436762	false	1.0
finster	neg 1.0		__DUMMY__ 0.8660501104765178 neg 0.06856049514993094 off 0.06538939437355137	false	1.0
geisteskrank	off 1.0		__DUMMY__ 0.8600262398479971 off 0.07420663679401546 neg 0.06576712335798733	false	1.0
zusammenbrechen	neg 1.0		__DUMMY__ 0.868724390186272 neg 0.06684322942833318 off 0.06443238038539478	false	1.0
ausbeute	neg 1.0		__DUMMY__ 0.8723885359612225 off 0.0648516481310963 neg 0.06275981590768115	false	0.5
hinterhalt	neg 1.0		__DUMMY__ 0.8682551969056787 neg 0.06720414830218367 off 0.06454065479213777	false	1.0
kritik	neg 1.0		__DUMMY__ 0.8650107147075529 neg 0.0685899343351998 off 0.06639935095724737	false	1.0
einschrumpfen	neg 1.0		__DUMMY__ 0.8592936985125166 off 0.07168587856135947 neg 0.0690204229261239	false	0.5
riskant	neg 1.0		__DUMMY__ 0.870592162223668 neg 0.06754603894916353 off 0.06186179882716841	false	1.0
frustrieren	neg 1.0		__DUMMY__ 0.8690587167060991 neg 0.068166508182508 off 0.06277477511139287	false	1.0
groll	neg 1.0		__DUMMY__ 0.8705661408940847 neg 0.0649213023293642 off 0.06451255677655118	false	1.0
gibt			__DUMMY__ 0.8702370690027625 neg 0.06572097183579562 off 0.06404195916144187	false	0.0
qualvoll	neg 1.0		__DUMMY__ 0.8657308281076382 off 0.06831754594989368 neg 0.06595162594246803	false	0.5
wackeln	neg 1.0		__DUMMY__ 0.868295722614786 off 0.06595279228553307 neg 0.0657514850996808	false	0.5
klagen	neg 1.0		__DUMMY__ 0.8715135532998467 neg 0.06753215677017671 off 0.0609542899299766	false	1.0
bankrott	neg 1.0		__DUMMY__ 0.8650592305806423 off 0.0707542102429335 neg 0.06418655917642421	false	0.5
trauern	neg 1.0		__DUMMY__ 0.8763004310391552 off 0.06187139898727175 neg 0.06182816997357301	false	0.5
ablehnung	neg 1.0		__DUMMY__ 0.8661182262457363 neg 0.068083363781149 off 0.06579840997311462	false	1.0
stur	neg 1.0		__DUMMY__ 0.8655354432003507 off 0.06763228778054996 neg 0.06683226901909944	false	0.5
aufruhr	neg 1.0	neg 1.0	neg 0.5201161044159571 __DUMMY__ 0.42942921632946335 off 0.05045467925457955	false	1.0
melancholie	neg 1.0		__DUMMY__ 0.8698533202228909 neg 0.0690989430238227 off 0.06104773675328634	false	1.0
ist			__DUMMY__ 0.866236870220945 off 0.06806214380363021 neg 0.0657009859754248	false	0.0
torheit	neg 1.0		__DUMMY__ 0.8666119141872551 off 0.0678038276417016 neg 0.0655842581710433	false	0.5
dreckskind	off 1.0		__DUMMY__ 0.8528334169109265 off 0.0812132094808615 neg 0.06595337360821193	false	1.0
umtauschen	neg 1.0		__DUMMY__ 0.8679297115226268 neg 0.06690860593430968 off 0.0651616825430636	false	1.0
zum			__DUMMY__ 0.8822685584280558 neg 0.060125102428535186 off 0.05760633914340902	false	0.0
zersetzen	neg 1.0		__DUMMY__ 0.8701034036483833 neg 0.06811792225654406 off 0.06177867409507261	false	1.0
zur			__DUMMY__ 0.8771064484728354 neg 0.06504856811537454 off 0.057844983411790084	false	0.0
frust	neg 1.0		__DUMMY__ 0.8695505340216059 neg 0.06619719420791459 off 0.06425227177047955	false	1.0
unerbittlichkeit	neg 1.0		__DUMMY__ 0.8717292073707313 neg 0.06567068968074095 off 0.06260010294852765	false	1.0
zwei			__DUMMY__ 0.8781709482401007 neg 0.06475370987251855 off 0.05707534188738085	false	0.0
unkorrekt	neg 1.0		__DUMMY__ 0.8592654241687967 off 0.07400704319698842 neg 0.06672753263421488	false	0.5
hexe	off 1.0		__DUMMY__ 0.8601352149845379 off 0.07081174702817282 neg 0.06905303798728925	false	1.0
lasch	neg 1.0		__DUMMY__ 0.8639600533787261 off 0.07077235962484307 neg 0.06526758699643091	false	0.5
rivale	neg 1.0		__DUMMY__ 0.8596992945648533 off 0.07533306080774092 neg 0.06496764462740581	false	0.5
mutlos	off 1.0	off 1.0	off 0.5184372926899339 __DUMMY__ 0.4312149235792092 neg 0.05034778373085705	false	1.0
wirr	off 1.0		__DUMMY__ 0.8583506226557515 off 0.07604287118152545 neg 0.06560650616272305	false	1.0
jahr			__DUMMY__ 0.877924943342622 off 0.06142519656636162 neg 0.06064986009101631	false	0.0
wird			__DUMMY__ 0.8709593410635968 neg 0.06568217225649296 off 0.06335848667991027	false	0.0
strafbar	neg 1.0		__DUMMY__ 0.8715805924028499 neg 0.06592863087714627 off 0.06249077672000378	false	1.0
erosion	neg 1.0		__DUMMY__ 0.8675666671195953 off 0.06634263677795756 neg 0.0660906961024472	false	0.5
eingehen	neg 1.0		__DUMMY__ 0.8695388419353933 neg 0.06781742428044603 off 0.06264373378416059	false	1.0
faul	off 1.0		__DUMMY__ 0.8637558272532204 off 0.07033432344509259 neg 0.0659098493016871	false	1.0
provisorium	neg 1.0		__DUMMY__ 0.8823908436158368 neg 0.06349136168391853 off 0.054117794700244706	false	1.0
schmerzen	neg 1.0		__DUMMY__ 0.8679093092308139 neg 0.06750660511561073 off 0.06458408565357535	false	1.0
schrumpfen	neg 1.0		__DUMMY__ 0.8731497113362122 neg 0.06885315872554083 off 0.057997129938246975	false	1.0
geistlos	off 1.0		__DUMMY__ 0.8625826421743354 off 0.06966397433928044 neg 0.06775338348638413	false	1.0
fehlkauf	neg 1.0		__DUMMY__ 0.8633872781446547 off 0.06894932541662864 neg 0.06766339643871676	false	0.5
frustrierend	neg 1.0		__DUMMY__ 0.8640392829745498 off 0.07028156301190433 neg 0.06567915401354589	false	0.5
unzufrieden	neg 1.0		__DUMMY__ 0.869408602236069 neg 0.0664947223523543 off 0.06409667541157672	false	1.0
verzweifeln	neg 1.0		__DUMMY__ 0.8691504100143251 neg 0.06551020450507809 off 0.06533938548059667	false	1.0
verzweifelt	neg 1.0		__DUMMY__ 0.8663030543014273 off 0.06772006462397955 neg 0.06597688107459315	false	0.5
misstrauensantrag	neg 1.0		__DUMMY__ 0.8655255009781115 off 0.06824929300581811 neg 0.06622520601607045	false	0.5
abfallen	neg 1.0		__DUMMY__ 0.8671287823383116 neg 0.06676155456996526 off 0.06610966309172309	false	1.0
fucker	off 1.0		__DUMMY__ 0.8605336823889439 off 0.07503760019590373 neg 0.06442871741515235	false	1.0
ungezogen	neg 1.0		__DUMMY__ 0.8525132696937933 off 0.08212877213665916 neg 0.06535795816954754	false	0.5
irrsinnig	neg 1.0	neg 1.0	neg 0.520621486642894 __DUMMY__ 0.4282716089441426 off 0.05110690441296346	false	1.0
unfassbar	neg 1.0		__DUMMY__ 0.8625303692888887 off 0.07244028303724692 neg 0.06502934767386434	false	0.5
hart	neg 1.0		__DUMMY__ 0.8562642429050321 off 0.0724223644158685 neg 0.07131339267909931	false	0.5
widerlich	off 1.0		__DUMMY__ 0.8611028500542249 off 0.0730256274914891 neg 0.06587152245428597	false	1.0
fatal	neg 1.0	neg 1.0	neg 0.5229011807004651 __DUMMY__ 0.4246479087754574 off 0.052450910524077445	false	1.0
bruch	neg 1.0		__DUMMY__ 0.876442886192758 neg 0.06395229425049061 off 0.059604819556751364	false	1.0
aushungern	neg 1.0		__DUMMY__ 0.8661442664895089 neg 0.06855631839380351 off 0.06529941511668755	false	1.0
anspannung	neg 1.0		__DUMMY__ 0.8794470465825359 neg 0.06314263718637131 off 0.05741031623109277	false	1.0
von			__DUMMY__ 0.8736388090567865 neg 0.06569534817451023 off 0.06066584276870333	false	0.0
kraftlos	neg 1.0		__DUMMY__ 0.8706637869005265 neg 0.06594322508420149 off 0.06339298801527214	false	1.0
vom			__DUMMY__ 0.8844177393180102 neg 0.0610665862212386 off 0.05451567446075117	false	0.0
grenzdebil	off 1.0		__DUMMY__ 0.8609288501247279 off 0.07271560435685977 neg 0.06635554551841233	false	1.0
vor			__DUMMY__ 0.874304014223076 neg 0.06595434237184061 off 0.05974164340508335	false	0.0
unterwerfen	neg 1.0		__DUMMY__ 0.8710364200060131 neg 0.06588219559450101 off 0.06308138439948585	false	1.0
versenkung	neg 1.0		__DUMMY__ 0.8716616986249794 neg 0.06571414622786538 off 0.06262415514715515	false	1.0
entziehen	neg 1.0		__DUMMY__ 0.8725694510031229 neg 0.06681545575244947 off 0.06061509324442762	false	1.0
finanzkrise	neg 1.0		__DUMMY__ 0.8606646916371261 neg 0.07330773208409878 off 0.0660275762787751	false	1.0
schimpfend	neg 1.0		__DUMMY__ 0.8689859671313035 off 0.06663726881094947 neg 0.06437676405774716	false	0.5
profan	neg 1.0		__DUMMY__ 0.8651435686395637 off 0.06869997670895388 neg 0.0661564546514825	false	0.5
korruption	neg 1.0		__DUMMY__ 0.866834679423652 neg 0.06855150027784089 off 0.06461382029850701	false	1.0
â			__DUMMY__ 0.8696750027653186 neg 0.06699926540973716 off 0.0633257318249443	false	0.0
schmutzig	neg 1.0		__DUMMY__ 0.8616223786361685 off 0.07288583185490281 neg 0.06549178950892871	false	0.5
sexy	neg 1.0		__DUMMY__ 0.864889854018648 off 0.07021014523901778 neg 0.06490000074233426	false	0.5
abraten	neg 1.0		__DUMMY__ 0.8666126908624386 off 0.06814913257943873 neg 0.06523817655812254	false	0.5
schwarz	neg 1.0		__DUMMY__ 0.865520355888239 off 0.06861856523329463 neg 0.06586107887846637	false	0.5
fotze	off 1.0	off 1.0	off 0.5187024421442603 __DUMMY__ 0.4308938266691661 neg 0.05040373118657356	false	1.0
verwirren	neg 1.0		__DUMMY__ 0.8654568574462079 off 0.06902030134461339 neg 0.06552284120917866	false	0.5
zahnlos	off 1.0		__DUMMY__ 0.8685295605721077 neg 0.06636522465634274 off 0.06510521477154954	false	0.5
verheeren	neg 1.0		__DUMMY__ 0.8526683287032154 off 0.083708914029551 neg 0.06362275726723363	false	0.5
hippie	neg 1.0		__DUMMY__ 0.8643713404406268 off 0.06994368774448151 neg 0.0656849718148917	false	0.5
rammen	neg 1.0		__DUMMY__ 0.8677535702279009 off 0.06637328614203354 neg 0.06587314363006551	false	0.5
unlauter	neg 1.0		__DUMMY__ 0.86430946158609 off 0.06851475692752279 neg 0.06717578148638723	false	0.5
unheilvoll	neg 1.0		__DUMMY__ 0.8659793430934977 off 0.06716291499986134 neg 0.06685774190664101	false	0.5
niedrig	neg 1.0		__DUMMY__ 0.8680904839131434 neg 0.06878675148628571 off 0.06312276460057087	false	1.0
explosion	neg 1.0		__DUMMY__ 0.8649646499631168 off 0.06973169940580055 neg 0.06530365063108258	false	0.5
weichei	off 1.0	off 1.0	off 0.5291787816139156 __DUMMY__ 0.4198295005363993 neg 0.050991717849685037	false	1.0
minusmensch	off 1.0		__DUMMY__ 0.8510669201136108 off 0.08366642407063098 neg 0.06526665581575818	false	1.0
farblos	neg 1.0		__DUMMY__ 0.865023149056036 neg 0.06802226035292133 off 0.06695459059104263	false	1.0
unwissend	neg 1.0	neg 1.0	neg 0.5209472218455855 __DUMMY__ 0.4249720417506523 off 0.054080736403762146	false	1.0
traurig	neg 1.0		__DUMMY__ 0.8596670022417026 off 0.07499436094062388 neg 0.06533863681767346	false	0.5
senkung	neg 1.0		__DUMMY__ 0.860459951168196 neg 0.07033310409033004 off 0.06920694474147397	false	1.0
ungleich	neg 1.0	neg 1.0	neg 0.5203289082952233 __DUMMY__ 0.4317537206477081 off 0.04791737105706866	false	1.0
heikel	neg 1.0		__DUMMY__ 0.8714420936175691 neg 0.06652371065777475 off 0.0620341957246561	false	1.0
drosselung	neg 1.0		__DUMMY__ 0.8569640296051094 off 0.07271795220353494 neg 0.07031801819135573	false	0.5
falsch	neg 1.0		__DUMMY__ 0.8645136194515154 off 0.07040201628320479 neg 0.06508436426527973	false	0.5
unzufriedenheit	neg 1.0		__DUMMY__ 0.8694906725368797 neg 0.06859924273142096 off 0.061910084731699254	false	1.0
kurz	neg 1.0		__DUMMY__ 0.8713937081281419 neg 0.06467803828777799 off 0.06392825358408001	false	1.0
unsinnig	neg 1.0		__DUMMY__ 0.8662677974375106 neg 0.0681673461290032 off 0.06556485643348621	false	1.0
penner	off 1.0	off 1.0	off 0.5306984358873454 __DUMMY__ 0.41928348519804043 neg 0.05001807891461411	false	1.0
seicht	neg 1.0		__DUMMY__ 0.8501826764774824 off 0.08161953759982837 neg 0.06819778592268926	false	0.5
dummheit	off 1.0	off 1.0	off 0.5227175698238534 __DUMMY__ 0.42600093508730547 neg 0.051281495088841174	false	1.0
unerfreulich	neg 1.0		__DUMMY__ 0.8720813617852373 neg 0.06624838732461641 off 0.06167025089014622	false	1.0
motherfucker	off 1.0	off 1.0	off 0.5265625134264563 __DUMMY__ 0.42384489958811045 neg 0.049592586985433285	false	1.0
pikiert	neg 1.0	neg 1.0	neg 0.5209640028224001 __DUMMY__ 0.42452743681814964 off 0.054508560359450293	false	1.0
wrack	neg 1.0		__DUMMY__ 0.8770266938396158 off 0.06392586533392533 neg 0.05904744082645883	false	0.5
gangster	neg 1.0		__DUMMY__ 0.864084747839557 off 0.07011599173838365 neg 0.06579926042205933	false	0.5
krank	neg 1.0	neg 1.0	neg 0.5188908862256822 __DUMMY__ 0.4260878225089631 off 0.05502129126535472	false	1.0
reich	neg 1.0		__DUMMY__ 0.8608924773517239 off 0.07049718701799641 neg 0.06861033563027968	false	0.5
gnadenlos	neg 1.0		__DUMMY__ 0.8676217185090842 off 0.067437737721046 neg 0.06494054376986981	false	0.5
niedergeschlagen	neg 1.0		__DUMMY__ 0.8712319575687802 neg 0.06514046257620358 off 0.06362757985501623	false	1.0
terrorisieren	off 1.0	off 1.0	off 0.5175089361663362 __DUMMY__ 0.4324819495666778 neg 0.05000911426698593	false	1.0
sinnlosigkeit	neg 1.0		__DUMMY__ 0.8693906975214147 neg 0.06603667877259026 off 0.06457262370599505	false	1.0
behindern	neg 1.0		__DUMMY__ 0.8666201006370219 neg 0.06745501305410494 off 0.06592488630887311	false	1.0
undemokratisch	neg 1.0		__DUMMY__ 0.8643044325821799 off 0.06904102930551516 neg 0.06665453811230504	false	0.5
wirtschaftskrise	neg 1.0		__DUMMY__ 0.8648941755687339 neg 0.07092344610791275 off 0.0641823783233533	false	1.0
neid	neg 1.0		__DUMMY__ 0.8646536018483396 off 0.06952542487611646 neg 0.0658209732755439	false	0.5
rutschen	neg 1.0		__DUMMY__ 0.8780759715097697 neg 0.06514182991241335 off 0.056782198577817	false	1.0
rezession	neg 1.0		__DUMMY__ 0.8539340196624394 off 0.07546169603267708 neg 0.0706042843048836	false	0.5
fehlgeburt	neg 1.0		__DUMMY__ 0.8702634413807269 off 0.06625521094551663 neg 0.06348134767375646	false	0.5
charakterschwach	off 1.0		__DUMMY__ 0.8610248547362356 off 0.07260267571155722 neg 0.06637246955220728	false	1.0
isolation	neg 1.0		__DUMMY__ 0.8654133286863253 off 0.07024541759790393 neg 0.06434125371577071	false	0.5
ablenkung	neg 1.0		__DUMMY__ 0.869448385302898 off 0.06595184968225445 neg 0.06459976501484747	false	0.5
pech	neg 1.0		__DUMMY__ 0.8643260647765828 off 0.07029178243063433 neg 0.06538215279278282	false	0.5
vermeidung	neg 1.0		__DUMMY__ 0.8604759923283052 off 0.07259363216928043 neg 0.0669303755024145	false	0.5
dominieren	neg 1.0		__DUMMY__ 0.8706222142440936 off 0.06482746496214122 neg 0.06455032079376519	false	0.5
schwindlig	neg 1.0		__DUMMY__ 0.8654351597153094 off 0.06784048807322121 neg 0.06672435221146943	false	0.5
lutscher	neg 1.0	neg 1.0	neg 0.521483460244221 __DUMMY__ 0.4154649670413028 off 0.0630515727144762	false	1.0
pflicht	neg 1.0		__DUMMY__ 0.8741831581026157 neg 0.06500196062555405 off 0.06081488127183028	false	1.0
faschist	off 1.0		__DUMMY__ 0.8641480243192364 off 0.07051101729108328 neg 0.0653409583896802	false	1.0
verschleudern	neg 1.0		__DUMMY__ 0.8663857215682955 neg 0.07077111925233787 off 0.0628431591793666	false	1.0
wenn			__DUMMY__ 0.8631796292796833 off 0.07126155544088454 neg 0.06555881527943216	false	0.0
ehebruch	neg 1.0		__DUMMY__ 0.8698848255587956 neg 0.06643241872426377 off 0.0636827557169406	false	1.0
spott	off 1.0		__DUMMY__ 0.8713772726080352 neg 0.06507366447908601 off 0.06354906291287883	false	0.5
trostlosigkeit	neg 1.0		__DUMMY__ 0.8702453668518255 neg 0.06913938474596422 off 0.06061524840221023	false	1.0
lutschen	neg 1.0		__DUMMY__ 0.8630614538945557 off 0.07054671063191778 neg 0.06639183547352653	false	0.5
undiszipliniert	neg 1.0		__DUMMY__ 0.860739379318339 off 0.07423300415620435 neg 0.06502761652545665	false	0.5
kopfschmerz	neg 1.0		__DUMMY__ 0.8680190046781092 neg 0.06942548290941213 off 0.06255551241247873	false	1.0
unvorhergesehen	neg 1.0		__DUMMY__ 0.8741903361024271 neg 0.06549534912705413 off 0.06031431477051866	false	1.0
desinteressiert	neg 1.0		__DUMMY__ 0.8603617508798056 off 0.07367668643435252 neg 0.06596156268584188	false	0.5
armselig	off 1.0		__DUMMY__ 0.8588389244407247 off 0.07609653170726617 neg 0.0650645438520091	false	1.0
desaster	neg 1.0		__DUMMY__ 0.8720556997702587 neg 0.06771317524119737 off 0.06023112498854396	false	1.0
tod	neg 1.0		__DUMMY__ 0.8729448129311081 neg 0.06475777987266085 off 0.06229740719623109	false	1.0
herzlos	neg 1.0		__DUMMY__ 0.8590610966521219 off 0.07543106729057537 neg 0.06550783605730266	false	0.5
unwissenheit	neg 1.0		__DUMMY__ 0.8689482143036882 neg 0.06683992786917355 off 0.06421185782713833	false	1.0
widersinnig	neg 1.0		__DUMMY__ 0.8655945643544969 neg 0.06863247609062675 off 0.06577295955487637	false	1.0
bedenklich	neg 1.0		__DUMMY__ 0.8689691145354569 neg 0.06767267041593002 off 0.06335821504861303	false	1.0
beanstanden	neg 1.0		__DUMMY__ 0.8740028923871592 neg 0.0645904672045643 off 0.06140664040827644	false	1.0
panisch	neg 1.0		__DUMMY__ 0.8678625158734927 off 0.06795889759889853 neg 0.06417858652760879	false	0.5
debil	off 1.0		__DUMMY__ 0.8780697849222645 neg 0.06733591714111482 off 0.05459429793662063	false	0.5
abstrich	neg 1.0		__DUMMY__ 0.8672593512283827 neg 0.06900644756476568 off 0.06373420120685167	false	1.0
primitiv	neg 1.0		__DUMMY__ 0.8608100617773219 off 0.07393198350904594 neg 0.06525795471363215	false	0.5
abschaum	off 1.0	off 1.0	off 0.5248800701344828 __DUMMY__ 0.4265042193227106 neg 0.04861571054280664	false	1.0
provozieren	neg 1.0		__DUMMY__ 0.8660055865824273 off 0.06742947739953767 neg 0.06656493601803498	false	0.5
tot	neg 1.0		__DUMMY__ 0.8682761322596549 neg 0.06808867805984554 off 0.06363518968049955	false	1.0
instabil	neg 1.0		__DUMMY__ 0.8583833941419792 off 0.07633984752856339 neg 0.06527675832945731	false	0.5
schwuchtel	off 1.0	off 1.0	off 0.536486389989188 __DUMMY__ 0.412910653760529 neg 0.050602956250283174	false	1.0
zerren	neg 1.0		__DUMMY__ 0.8713931714777027 neg 0.06488778538037565 off 0.06371904314192173	false	1.0
kinderficker	off 1.0		__DUMMY__ 0.8562932489027657 off 0.07846209439262175 neg 0.06524465670461253	false	1.0
gefahr	neg 1.0		__DUMMY__ 0.873135772733373 neg 0.0656513817000611 off 0.06121284556656597	false	1.0
rabiat	neg 1.0		__DUMMY__ 0.8669097648502881 neg 0.06752058055584714 off 0.06556965459386467	false	1.0
verlangsamung	neg 1.0		__DUMMY__ 0.8544447675028438 off 0.08025860206604807 neg 0.06529663043110817	false	0.5
ausgestorben	neg 1.0		__DUMMY__ 0.8691911506019914 neg 0.0656700632141176 off 0.06513878618389095	false	1.0
anklagen	neg 1.0		__DUMMY__ 0.8689926954587222 neg 0.06610694028194429 off 0.06490036425933354	false	1.0
trott	neg 1.0		__DUMMY__ 0.8675662317524546 neg 0.06623959654265797 off 0.06619417170488735	false	1.0
verminderung	neg 1.0		__DUMMY__ 0.8610890323015555 off 0.07261236661136167 neg 0.0662986010870827	false	0.5
nach			__DUMMY__ 0.8805122344737983 neg 0.06388616977700202 off 0.055601595749199505	false	0.0
rost	neg 1.0		__DUMMY__ 0.8572296075686336 off 0.08135039319584732 neg 0.06141999923551895	false	0.5
destruktiv	neg 1.0		__DUMMY__ 0.866923280476057 neg 0.06674204556950819 off 0.06633467395443471	false	1.0
unzumutbarkeit	neg 1.0		__DUMMY__ 0.86213019599312 off 0.07262392885639303 neg 0.06524587515048699	false	0.5
labil	off 1.0	off 1.0	off 0.5242987390194688 __DUMMY__ 0.4253474203799351 neg 0.050353840600595966	false	1.0
ziemlich	neg 1.0		__DUMMY__ 0.8634615960123078 off 0.07208602502436044 neg 0.06445237896333174	false	0.5
lachnummer	off 1.0		__DUMMY__ 0.8680898300151638 off 0.06709969658927642 neg 0.06481047339555981	false	1.0
oder			__DUMMY__ 0.8689732313289935 off 0.06664693480086366 neg 0.06437983387014269	false	0.0
verfall	neg 1.0		__DUMMY__ 0.8725522091209086 neg 0.06937764036865517 off 0.05807015051043622	false	1.0
ausgrenzung	neg 1.0		__DUMMY__ 0.8640160609169804 off 0.06890554440921055 neg 0.06707839467380909	false	0.5
unordnung	neg 1.0		__DUMMY__ 0.8570708638660368 off 0.07654381899664618 neg 0.06638531713731703	false	0.5
fehlverhalten	neg 1.0		__DUMMY__ 0.8712825339629149 neg 0.06614256926855061 off 0.06257489676853448	false	1.0
eine			__DUMMY__ 0.8731430094024039 neg 0.06660137873438932 off 0.06025561186320687	false	0.0
nille	neg 1.0		__DUMMY__ 0.8672903059332552 off 0.06671906418458919 neg 0.06599062988215565	false	0.5
qual	neg 1.0		__DUMMY__ 0.8673933786594293 neg 0.06672732258407912 off 0.06587929875649148	false	1.0
verschwenden	neg 1.0		__DUMMY__ 0.8694557036800444 neg 0.06849772483670258 off 0.062046571483253064	false	1.0
riesig	neg 1.0		__DUMMY__ 0.8720456138677385 neg 0.06579346790500887 off 0.06216091822725277	false	1.0
verurteilen	neg 1.0		__DUMMY__ 0.8685631443738542 neg 0.06668350939319556 off 0.06475334623295022	false	1.0
klischee	neg 1.0	neg 1.0	neg 0.5208420363663354 __DUMMY__ 0.42566001030921663 off 0.05349795332444785	false	1.0
diktatorisch	neg 1.0		__DUMMY__ 0.8634601523116276 off 0.06914975931122652 neg 0.06739008837714579	false	0.5
vorhersehbar	neg 1.0		__DUMMY__ 0.8630426864959827 off 0.06966908782845006 neg 0.06728822567556719	false	0.5
sowie			__DUMMY__ 0.8542357283739231 off 0.07765341704640985 neg 0.06811085457966701	false	0.0
stornieren	neg 1.0		__DUMMY__ 0.8703878332390622 off 0.06905695390151256 neg 0.06055521285942513	false	0.5
besteuerung	neg 1.0	neg 1.0	neg 0.5245574482394675 __DUMMY__ 0.4245020954888365 off 0.05094045627169604	false	1.0
ungeschminkt	neg 1.0		__DUMMY__ 0.8602074269367993 off 0.07349034441066782 neg 0.06630222865253287	false	0.5
kritisch	neg 1.0		__DUMMY__ 0.8696712302647598 neg 0.06601989401341045 off 0.06430887572182965	false	1.0
schlamperei	off 1.0		__DUMMY__ 0.8700669368265914 neg 0.06701583754149734 off 0.06291722563191125	false	0.5
sucht	neg 1.0	neg 1.0	neg 0.5187301664907316 __DUMMY__ 0.430295159263169 off 0.050974674246099465	false	1.0
egoistisch	off 1.0	off 1.0	off 0.5290902608589155 __DUMMY__ 0.42182448765553243 neg 0.049085251485552026	false	1.0
ausbeuter	off 1.0		__DUMMY__ 0.8686157002432168 neg 0.06906215424461681 off 0.06232214551216647	false	0.5
arschgeburt	off 1.0		__DUMMY__ 0.8459141689392361 off 0.08769977558713464 neg 0.06638605547362936	false	1.0
schubs	neg 1.0		__DUMMY__ 0.8681867717015193 neg 0.06909735138053945 off 0.06271587691794135	false	1.0
unsolide	neg 1.0		__DUMMY__ 0.866001887675739 off 0.06951694102662205 neg 0.06448117129763892	false	0.5
beschwerde	neg 1.0		__DUMMY__ 0.8698796646061268 neg 0.06558403429347898 off 0.06453630110039438	false	1.0
stocken	neg 1.0		__DUMMY__ 0.870423431634596 neg 0.06615492590155235 off 0.06342164246385158	false	1.0
isolieren	neg 1.0		__DUMMY__ 0.8681742605337083 neg 0.06735545603958422 off 0.0644702834267076	false	1.0
unheilbar	neg 1.0		__DUMMY__ 0.868294338352325 off 0.06664943177591867 neg 0.06505622987175629	false	0.5
pisser	off 1.0	off 1.0	off 0.5270526831922294 __DUMMY__ 0.4230232888875692 neg 0.04992402792020132	false	1.0
löschen	neg 1.0		__DUMMY__ 0.8660237091417704 neg 0.0670747739837441 off 0.06690151687448541	false	1.0
durchfallen	neg 1.0		__DUMMY__ 0.8701697866385957 neg 0.065862679482245 off 0.06396753387915938	false	1.0
wichser	off 1.0	off 1.0	off 0.5331895288689575 __DUMMY__ 0.417100355664261 neg 0.04971011546678149	false	1.0
terror	neg 1.0		__DUMMY__ 0.8646153882174538 off 0.0695073131368459 neg 0.06587729864570031	false	0.5
krass	neg 1.0		__DUMMY__ 0.8575663779007341 off 0.07683932784373296 neg 0.0655942942555329	false	0.5
revolte	neg 1.0		__DUMMY__ 0.8600691806766548 off 0.070513350172785 neg 0.06941746915056017	false	0.5
besorgt	neg 1.0		__DUMMY__ 0.872210825427116 off 0.06425986919051131 neg 0.06352930538237261	false	0.5
nachlassen	neg 1.0		__DUMMY__ 0.872270186764508 neg 0.06461936907473158 off 0.06311044416076046	false	1.0
alt	neg 1.0		__DUMMY__ 0.8646358169557367 neg 0.07307911331019432 off 0.06228506973406908	false	1.0
hundesohn	off 1.0	off 1.0	off 0.5325748808955975 __DUMMY__ 0.4170492228778765 neg 0.0503758962265261	false	1.0
als			__DUMMY__ 0.8689602902596539 neg 0.06669538450614615 off 0.06434432523419999	false	0.0
abschreckung	neg 1.0		__DUMMY__ 0.8709741068069262 neg 0.06727944424755357 off 0.061746448945520165	false	1.0
unqualifiziert	neg 1.0		__DUMMY__ 0.8637569389352331 off 0.07111633200081548 neg 0.06512672906395141	false	0.5
abgewichst	off 1.0		__DUMMY__ 0.868622502551464 off 0.06592012520164561 neg 0.06545737224689036	false	1.0
schwer	neg 1.0		__DUMMY__ 0.8688258588521256 off 0.06583638000252373 neg 0.06533776114535064	false	0.5
bedeutungslosigkeit	neg 1.0		__DUMMY__ 0.8708199846398018 neg 0.06692393562333462 off 0.0622560797368635	false	1.0
kapitulation	neg 1.0		__DUMMY__ 0.8671796244881997 neg 0.06880744321285581 off 0.06401293229894453	false	1.0
unscharf	neg 1.0		__DUMMY__ 0.8620621643825882 neg 0.06993198568396769 off 0.06800584993344401	false	1.0
schwinden	neg 1.0		__DUMMY__ 0.8697330166429156 neg 0.06797764508405885 off 0.06228933827302559	false	1.0
versklavung	neg 1.0	neg 1.0	neg 0.522289305865289 __DUMMY__ 0.4258649217685863 off 0.05184577236612473	false	1.0
schlecht	neg 1.0		__DUMMY__ 0.8635652327400385 off 0.07227635528941914 neg 0.06415841197054223	false	0.5
verhasst	neg 1.0		__DUMMY__ 0.8648305403360198 off 0.06813535640628107 neg 0.06703410325769917	false	0.5
beschweren	neg 1.0		__DUMMY__ 0.8670074131432464 off 0.0683397871688319 neg 0.06465279968792169	false	0.5
scheiden	neg 1.0		__DUMMY__ 0.8686434146915557 off 0.06602750789660891 neg 0.06532907741183548	false	0.5
frustriert	neg 1.0		__DUMMY__ 0.8693911717919375 neg 0.06557734871665917 off 0.06503147949140321	false	1.0
schimmelig	neg 1.0		__DUMMY__ 0.8668404650162163 neg 0.0704985117743458 off 0.06266102320943803	false	1.0
fisch	neg 1.0		__DUMMY__ 0.8684370621175711 neg 0.07220721957018852 off 0.059355718312240416	false	1.0
schmuggel	neg 1.0		__DUMMY__ 0.8744656791075269 neg 0.06517896078686695 off 0.060355360105606146	false	1.0
auffallen	neg 1.0		__DUMMY__ 0.8658706121951542 off 0.06876860140615054 neg 0.0653607863986953	false	0.5
konkurrenz	neg 1.0		__DUMMY__ 0.874106471899035 neg 0.0640463700412861 off 0.061847158059678935	false	1.0
teufelskreis	neg 1.0	neg 1.0	neg 0.5223226372783297 __DUMMY__ 0.4278066472960923 off 0.04987071542557792	false	1.0
aufschreien	neg 1.0		__DUMMY__ 0.8633564664635734 off 0.06945164153235406 neg 0.0671918920040725	false	0.5
schuldner	neg 1.0		__DUMMY__ 0.867499420361854 neg 0.07048364198123318 off 0.06201693765691289	false	1.0
missgeburt	off 1.0	off 1.0	off 0.5310270690849601 __DUMMY__ 0.4202698163528466 neg 0.04870311456219344	false	1.0
arbeitslos	neg 1.0		__DUMMY__ 0.8692149629199812 neg 0.06686181522926751 off 0.06392322185075122	false	1.0
befallen	neg 1.0		__DUMMY__ 0.862739302218858 neg 0.07182435459326833 off 0.06543634318787368	false	1.0
miesepetrig	off 1.0	off 1.0	off 0.5239144994854836 __DUMMY__ 0.4261250475282464 neg 0.049960452986269874	false	1.0
alarmieren	neg 1.0		__DUMMY__ 0.8629336230609845 off 0.07153303977824818 neg 0.06553333716076735	false	0.5
ungeduscht	off 1.0		__DUMMY__ 0.8624226859082624 off 0.07032701156786522 neg 0.06725030252387239	false	1.0
knappheit	neg 1.0		__DUMMY__ 0.8660942452475647 neg 0.0696813020217028 off 0.06422445273073243	false	1.0
schlange	neg 1.0		__DUMMY__ 0.8686340422257236 off 0.06653836754085052 neg 0.06482759023342588	false	0.5
harsch	neg 1.0		__DUMMY__ 0.8606243117520577 off 0.07644053106693104 neg 0.06293515718101136	false	0.5
lang	neg 1.0		__DUMMY__ 0.8663353670964301 off 0.06771968992505151 neg 0.06594494297851831	false	0.5
ziellos	neg 1.0		__DUMMY__ 0.8727405129691379 neg 0.06507062857318376 off 0.06218885845767831	false	1.0
selbstverliebt	neg 1.0		__DUMMY__ 0.8515927283308246 off 0.08452809927325668 neg 0.06387917239591878	false	0.5
beseitigen	neg 1.0		__DUMMY__ 0.8693851850354235 off 0.06611331055756468 neg 0.06450150440701184	false	0.5
dumm	off 1.0		__DUMMY__ 0.8552622400935421 off 0.0792035153499602 neg 0.0655342445564976	false	1.0
arbeitsloser	neg 1.0		__DUMMY__ 0.8750181992919889 off 0.06415092379984884 neg 0.06083087690816228	false	0.5
blitzen	neg 1.0		__DUMMY__ 0.8625315292585715 off 0.07047880020620004 neg 0.06698967053522861	false	0.5
hilflos	neg 1.0		__DUMMY__ 0.8693350620768305 neg 0.06679882598537572 off 0.06386611193779376	false	1.0
eklig	off 1.0		__DUMMY__ 0.8530306717684039 off 0.07957621806094144 neg 0.0673931101706547	false	1.0
begriff			__DUMMY__ 0.8687287910714523 off 0.06605512164182441 neg 0.06521608728672323	false	0.0
hungersnot	neg 1.0		__DUMMY__ 0.8667786250545151 neg 0.06896101501083332 off 0.06426035993465153	false	1.0
ungesetzlich	neg 1.0		__DUMMY__ 0.8648302799848214 off 0.06931304274614235 neg 0.06585667726903625	false	0.5
verschwendung	neg 1.0		__DUMMY__ 0.8706678220455004 neg 0.06723600319214783 off 0.062096174762351776	false	1.0
schmerzvoll	neg 1.0		__DUMMY__ 0.8650921960251006 off 0.06788232264284118 neg 0.06702548133205823	false	0.5
vorzeitig	neg 1.0		__DUMMY__ 0.8664072575061862 off 0.07170329046374259 neg 0.061889452030071186	false	0.5
unvollkommenheit	neg 1.0		__DUMMY__ 0.869054833272658 neg 0.06631524869474181 off 0.06462991803260017	false	1.0
intervenieren	neg 1.0		__DUMMY__ 0.8673357879971695 neg 0.06972458036421353 off 0.06293963163861692	false	1.0
banause	off 1.0		__DUMMY__ 0.8491395840633054 off 0.08116641737920197 neg 0.0696939985574927	false	1.0
rebell	neg 1.0		__DUMMY__ 0.8707936206224527 neg 0.07132700028282775 off 0.05787937909471962	false	1.0
unlogisch	neg 1.0		__DUMMY__ 0.8585365346363161 off 0.07480845946886097 neg 0.06665500589482287	false	0.5
leiden	neg 1.0		__DUMMY__ 0.8756712722656259 neg 0.06392910484481679 off 0.06039962288955727	false	1.0
abschaffung	neg 1.0		__DUMMY__ 0.8643769503094727 neg 0.06798419379706996 off 0.0676388558934573	false	1.0
sturz	neg 1.0		__DUMMY__ 0.8695625751994451 off 0.06849629423808162 neg 0.061941130562473204	false	0.5
verkleinerung	neg 1.0		__DUMMY__ 0.8587735475059662 off 0.07084978050415833 neg 0.07037667198987534	false	0.5
schmarotzer	off 1.0		__DUMMY__ 0.8686220425141605 neg 0.06646946839766492 off 0.06490848908817452	false	0.5
bestrafung	neg 1.0	neg 1.0	neg 0.5198350773506187 __DUMMY__ 0.42936494862340074 off 0.050799974025980514	false	1.0
achtlos	neg 1.0		__DUMMY__ 0.8705314804766874 off 0.06493546281336231 neg 0.06453305670995024	false	0.5
ungeheuer	neg 1.0		__DUMMY__ 0.866312996950954 neg 0.06703639689390384 off 0.06665060615514216	false	1.0
unaufrichtig	neg 1.0		__DUMMY__ 0.8639149193451602 off 0.07101300879580186 neg 0.06507207185903802	false	0.5
groggy	neg 1.0		__DUMMY__ 0.8651740390103743 off 0.06996287778760983 neg 0.06486308320201586	false	0.5
