unsolidarisch	neg 1.0		__DUMMY__ 0.9149191183729058 neg 0.0426561459539996 off 0.04242473567309457	false	1.0
nachteilig	neg 1.0		__DUMMY__ 0.9220984700442285 neg 0.03967952920749077 off 0.038222000748280804	false	1.0
skeptisch	neg 1.0		__DUMMY__ 0.9210903020800686 neg 0.04153091585847573 off 0.037378782061455555	false	1.0
schrecklich	neg 1.0		__DUMMY__ 0.9106783676774598 off 0.04874999599808425 neg 0.04057163632445592	false	0.5
schlapp	neg 1.0	neg 1.0	neg 0.5071383433214507 __DUMMY__ 0.45155055125186244 off 0.041311105426686874	false	1.0
abfall	neg 1.0		__DUMMY__ 0.9259410050953899 neg 0.03932186098397606 off 0.03473713392063404	false	1.0
widerspenstig	neg 1.0		__DUMMY__ 0.9165366597088179 neg 0.043033502115097114 off 0.04042983817608497	false	1.0
abrupt	neg 1.0		__DUMMY__ 0.9198578686851892 neg 0.043483786888862945 off 0.03665834442594784	false	1.0
unwirksam	neg 1.0		__DUMMY__ 0.9117884355059425 neg 0.04649477552885157 off 0.04171678896520594	false	1.0
angreifen	neg 1.0		__DUMMY__ 0.92166136021403 neg 0.04133711101838532 off 0.037001528767584585	false	1.0
inkonsistent	neg 1.0		__DUMMY__ 0.914567811267485 off 0.043188582630932594 neg 0.04224360610158244	false	0.5
abrutschen	neg 1.0		__DUMMY__ 0.9249635267957571 neg 0.040575332316754316 off 0.03446114088748864	false	1.0
unsicher	neg 1.0		__DUMMY__ 0.9187010121785338 off 0.04113568528811116 neg 0.04016330253335503	false	0.5
bauernkind	off 1.0	off 1.0	off 0.515724402964028 __DUMMY__ 0.4426486100179106 neg 0.041626987018061425	false	1.0
angreifer	neg 1.0		__DUMMY__ 0.9175828016764874 off 0.04442995602761186 neg 0.037987242295900704	false	0.5
trennen	neg 1.0		__DUMMY__ 0.9229971645249339 neg 0.04048212795011501 off 0.03652070752495109	false	1.0
schmutz	neg 1.0		__DUMMY__ 0.9218383354977802 off 0.04327425009303699 neg 0.03488741440918276	false	0.5
inkonsistenz	neg 1.0		__DUMMY__ 0.9143827384209623 off 0.04542787872603115 neg 0.040189382853006626	false	0.5
erschreckend	neg 1.0		__DUMMY__ 0.9181343166523759 neg 0.041112854579205216 off 0.04075282876841888	false	1.0
ertrinken	neg 1.0		__DUMMY__ 0.9203872964483879 neg 0.04315947183625398 off 0.03645323171535812	false	1.0
pickelface	off 1.0		__DUMMY__ 0.91689372596228 off 0.041570727101857774 neg 0.04153554693586224	false	1.0
seiner			__DUMMY__ 0.9226255433865241 neg 0.040232016483806615 off 0.03714244012966926	false	0.0
lauch	neg 1.0	neg 1.0	neg 0.508919348224259 __DUMMY__ 0.4595564592811422 off 0.03152419249459887	false	1.0
unwichtig	neg 1.0		__DUMMY__ 0.9134292682904435 off 0.045353290581381836 neg 0.04121744112817468	false	0.5
steuerhinterziehung	neg 1.0		__DUMMY__ 0.9168422819506915 neg 0.042271968188749065 off 0.040885749860559345	false	1.0
schock	neg 1.0		__DUMMY__ 0.919180429994923 neg 0.04105924969620296 off 0.03976032030887409	false	1.0
beule	neg 1.0		__DUMMY__ 0.9118559061923979 off 0.046872724504388945 neg 0.041271369303213186	false	0.5
vergelten	neg 1.0		__DUMMY__ 0.9116179467174729 off 0.049792969045529795 neg 0.03858908423699735	false	0.5
verdorbenheit	neg 1.0		__DUMMY__ 0.9166793702200311 off 0.041668211225052855 neg 0.04165241855491608	false	0.5
trauma	neg 1.0		__DUMMY__ 0.915634120892763 off 0.04238987447330871 neg 0.04197600463392826	false	0.5
sinnlos	neg 1.0		__DUMMY__ 0.9160454126753789 off 0.04291989161070893 neg 0.04103469571391225	false	0.5
fettsack	off 1.0	off 1.0	off 0.5168931547343141 __DUMMY__ 0.4429888430243847 neg 0.04011800224130117	false	1.0
feige	off 1.0	off 1.0	off 0.5124238531662033 __DUMMY__ 0.4490632324128285 neg 0.0385129144209683	false	1.0
abdanken	neg 1.0		__DUMMY__ 0.9180886423832749 off 0.0411719304287841 neg 0.04073942718794092	false	0.5
wichtigtuer	off 1.0	off 1.0	off 0.5098315108189302 __DUMMY__ 0.4531918286381756 neg 0.036976660542894155	false	1.0
misslingen	neg 1.0	neg 1.0	neg 0.5018616448001239 __DUMMY__ 0.4598790106032315 off 0.03825934459664453	false	1.0
untreu	off 1.0		__DUMMY__ 0.9124183614779311 off 0.046422513618285186 neg 0.041159124903783664	false	1.0
missmutig	neg 1.0		__DUMMY__ 0.9144641372431851 off 0.044189910891880915 neg 0.04134595186493392	false	0.5
hurenbock	off 1.0		__DUMMY__ 0.9128851262600787 neg 0.04601399212343934 off 0.04110088161648206	false	0.5
betrunken	neg 1.0		__DUMMY__ 0.9113371474814922 off 0.04774644875822181 neg 0.04091640376028599	false	0.5
korrupt	off 1.0		__DUMMY__ 0.9162990376939896 neg 0.04305394184158638 off 0.04064702046442408	false	0.5
unmut	neg 1.0		__DUMMY__ 0.9224938968356771 neg 0.04153303306619641 off 0.03597307009812646	false	1.0
hackfresse	off 1.0		__DUMMY__ 0.9070609604880359 off 0.05256168985606309 neg 0.04037734965590106	false	1.0
aufblasen	neg 1.0		__DUMMY__ 0.9176958395953754 off 0.04129898117637709 neg 0.04100517922824751	false	0.5
gewaltsam	neg 1.0		__DUMMY__ 0.9181326564266425 neg 0.0409652574506178 off 0.04090208612273967	false	1.0
unbeliebtheit	neg 1.0		__DUMMY__ 0.9130549287425822 off 0.046530702825427366 neg 0.040414368431990456	false	0.5
sturheit	neg 1.0		__DUMMY__ 0.9197853979189882 off 0.04074406207222148 neg 0.03947054000879034	false	0.5
kuh	neg 1.0		__DUMMY__ 0.9075877287973317 neg 0.04893934657427761 off 0.043472924628390655	false	1.0
erschrecken	neg 1.0		__DUMMY__ 0.9151623016999215 off 0.04456626721398124 neg 0.04027143108609727	false	0.5
opfer	neg 1.0		__DUMMY__ 0.9225219909066091 neg 0.039009851940935356 off 0.03846815715245554	false	1.0
sinken	neg 1.0		__DUMMY__ 0.9209997007595255 neg 0.042702258636211 off 0.03629804060426352	false	1.0
stinktier	neg 1.0		__DUMMY__ 0.9037319981651908 off 0.05076091456655249 neg 0.0455070872682567	false	0.5
tucke	off 1.0		__DUMMY__ 0.9011814015309532 off 0.05427266794097636 neg 0.044545930528070425	false	1.0
ein			__DUMMY__ 0.9164973296400621 neg 0.043243515583189264 off 0.04025915477674849	false	0.0
abstieg	neg 1.0		__DUMMY__ 0.9241558889462892 off 0.03951104580292692 neg 0.03633306525078379	false	0.5
missverstehen	neg 1.0		__DUMMY__ 0.9152765601927189 off 0.04371251302201383 neg 0.041010926785267306	false	0.5
ergebnislos	neg 1.0		__DUMMY__ 0.9226781963780892 neg 0.03909879090153106 off 0.03822301272037979	false	1.0
unter			__DUMMY__ 0.9298974992526746 neg 0.039084282268367576 off 0.03101821847895775	false	0.0
manipulieren	neg 1.0		__DUMMY__ 0.9225704244292051 neg 0.039641204213894034 off 0.037788371356900816	false	1.0
unbewiesen	neg 1.0	neg 1.0	neg 0.507089976469259 __DUMMY__ 0.45410942997217685 off 0.038800593558564134	false	1.0
verschleppen	neg 1.0		__DUMMY__ 0.9191539681396 neg 0.041649792515445594 off 0.03919623934495431	false	1.0
weib	off 1.0		__DUMMY__ 0.9031900527516346 off 0.05450623399434746 neg 0.04230371325401797	false	1.0
opposition	neg 1.0		__DUMMY__ 0.9145466344206304 neg 0.043046900223931844 off 0.042406465355437684	false	1.0
verkehrswidrig	neg 1.0	neg 1.0	neg 0.5031286475528761 __DUMMY__ 0.4516804470295524 off 0.04519090541757137	false	1.0
inkorrekt	neg 1.0		__DUMMY__ 0.9099432434541718 off 0.04896471424787044 neg 0.041092042297957786	false	0.5
vermeiden	neg 1.0		__DUMMY__ 0.9257962357106859 neg 0.04039153649752429 off 0.033812227791789815	false	1.0
abweichung	neg 1.0	neg 1.0	neg 0.504234490865255 __DUMMY__ 0.4599803039681467 off 0.0357852051665984	false	1.0
alkoholisiert	neg 1.0		__DUMMY__ 0.9255195330355291 neg 0.03824084301324463 off 0.03623962395122622	false	1.0
scheiss	off 1.0	off 1.0	off 0.5127860844647937 __DUMMY__ 0.4484469352299314 neg 0.038766980305275055	false	1.0
herausforderung	neg 1.0		__DUMMY__ 0.9210115747631871 neg 0.03977566557534208 off 0.039212759661470836	false	1.0
pervers	off 1.0		__DUMMY__ 0.9022802222428943 off 0.056426786861174444 neg 0.04129299089593125	false	1.0
wackelig	neg 1.0		__DUMMY__ 0.9213818510348343 neg 0.03991683912430475 off 0.038701309840860905	false	1.0
verwickeln	neg 1.0		__DUMMY__ 0.9156022400151409 off 0.04300587429089598 neg 0.04139188569396313	false	0.5
vorwand	neg 1.0		__DUMMY__ 0.9218071783261942 neg 0.041615298995019846 off 0.036577522678785925	false	1.0
muschi	off 1.0		__DUMMY__ 0.9186102244401092 neg 0.04073819264522669 off 0.04065158291466409	false	0.5
entmutigung	neg 1.0		__DUMMY__ 0.9135725330669068 off 0.043753991157317665 neg 0.04267347577577549	false	0.5
unangemessen	neg 1.0		__DUMMY__ 0.9192910866971001 off 0.0404258674871105 neg 0.04028304581578941	false	0.5
unstetig	neg 1.0		__DUMMY__ 0.9151378168406704 off 0.04437153430517395 neg 0.040490648854155674	false	0.5
entmutigen	neg 1.0		__DUMMY__ 0.9172618410915069 off 0.042005555414069695 neg 0.04073260349442347	false	0.5
schwanz	neg 1.0		__DUMMY__ 0.9191732741303448 neg 0.042154577690484966 off 0.038672148179170245	false	1.0
verbot	neg 1.0		__DUMMY__ 0.9167032484120219 neg 0.04297077168162022 off 0.04032597990635783	false	1.0
leid	neg 1.0		__DUMMY__ 0.9088519283021157 off 0.05001822098609151 neg 0.0411298507117927	false	0.5
archaisch	neg 1.0		__DUMMY__ 0.9178608069573247 neg 0.04203574968327279 off 0.040103443359402594	false	1.0
gegen			__DUMMY__ 0.9243039064925246 neg 0.03926139004722146 off 0.03643470346025406	false	0.0
scheidung	neg 1.0		__DUMMY__ 0.9052916528179652 off 0.05948698947672298 neg 0.03522135770531181	false	0.5
einschlag	neg 1.0		__DUMMY__ 0.913375995530058 off 0.04889615698689942 neg 0.03772784748304253	false	0.5
m			__DUMMY__ 0.9198561397709736 neg 0.04092719590106764 off 0.03921666432795868	false	0.0
abgestanden	neg 1.0		__DUMMY__ 0.911650084337631 neg 0.04772780092059688 off 0.04062211474177222	false	1.0
schmierig	off 1.0		__DUMMY__ 0.909233531748112 off 0.04984286388070018 neg 0.040923604371187895	false	1.0
unpraktisch	neg 1.0		__DUMMY__ 0.9179414278382176 off 0.04201159208898403 neg 0.04004698007279838	false	0.5
wixxer	off 1.0		__DUMMY__ 0.9004495258480587 off 0.05679289690697928 neg 0.042757577244961945	false	1.0
bezeichnet			__DUMMY__ 0.9180749977369068 off 0.04160705172185209 neg 0.04031795054124112	false	0.0
jammerlappen	off 1.0		__DUMMY__ 0.913736086458054 off 0.04563647984213452 neg 0.040627433699811415	false	1.0
farce	neg 1.0		__DUMMY__ 0.9153934408809622 neg 0.04295313651546339 off 0.041653422603574415	false	1.0
zwecklos	neg 1.0		__DUMMY__ 0.9187579315023839 neg 0.04161409869294278 off 0.039627969804673306	false	1.0
turbulent	neg 1.0		__DUMMY__ 0.9118993084797057 off 0.047238199233829985 neg 0.04086249228646433	false	0.5
invasion	neg 1.0		__DUMMY__ 0.9156530202508776 off 0.043408106666914414 neg 0.04093887308220796	false	0.5
schuld	neg 1.0		__DUMMY__ 0.9166376776345343 off 0.04241279040246313 neg 0.04094953196300255	false	0.5
risiko	neg 1.0		__DUMMY__ 0.9136408451473335 neg 0.04324474592062115 off 0.04311440893204533	false	1.0
finster	neg 1.0		__DUMMY__ 0.9164821820837433 neg 0.0431953417975219 off 0.04032247611873477	false	1.0
geisteskrank	off 1.0		__DUMMY__ 0.9111001122897292 off 0.04786340603717685 neg 0.04103648167309383	false	1.0
zusammenbrechen	neg 1.0		__DUMMY__ 0.9185248201567899 neg 0.04173719237736867 off 0.039737987465841514	false	1.0
ausbeute	neg 1.0		__DUMMY__ 0.9218734168719102 off 0.03988530909115513 neg 0.038241274036934725	false	0.5
hinterhalt	neg 1.0		__DUMMY__ 0.9182836466391328 neg 0.041996433929520766 off 0.03971991943134656	false	1.0
kritik	neg 1.0		__DUMMY__ 0.915330892701093 neg 0.043208702876944324 off 0.041460404421962624	false	1.0
einschrumpfen	neg 1.0		__DUMMY__ 0.9104963310910911 off 0.04577814677636992 neg 0.04372552213253893	false	0.5
riskant	neg 1.0		__DUMMY__ 0.9201363599649494 neg 0.04227205884870439 off 0.03759158118634631	false	1.0
frustrieren	neg 1.0		__DUMMY__ 0.9188021519518336 neg 0.04282323341151278 off 0.03837461463665358	false	1.0
groll	neg 1.0		__DUMMY__ 0.9201575702028323 neg 0.04007792622043528 off 0.03976450357673243	false	1.0
gibt			__DUMMY__ 0.9198232185942693 neg 0.0407747672100329 off 0.03940201419569783	false	0.0
qualvoll	neg 1.0		__DUMMY__ 0.9160576443327064 off 0.04288893854659837 neg 0.04105341712069525	false	0.5
wackeln	neg 1.0		__DUMMY__ 0.9182364898168383 off 0.040924897815649584 neg 0.04083861236751221	false	0.5
klagen	neg 1.0		__DUMMY__ 0.9209577976448874 neg 0.04218733563211923 off 0.036854866722993374	false	1.0
bankrott	neg 1.0		__DUMMY__ 0.9155529477393423 off 0.04483241662509905 neg 0.039614635635558684	false	0.5
trauern	neg 1.0		__DUMMY__ 0.9251788486917875 off 0.0374544011851025 neg 0.03736675012311003	false	0.5
ablehnung	neg 1.0		__DUMMY__ 0.9162962849929099 neg 0.042755466297207306 off 0.040948248709882694	false	1.0
stur	neg 1.0		__DUMMY__ 0.9158142031173013 off 0.042387556694794146 neg 0.04179824018790451	false	0.5
aufruhr	neg 1.0	neg 1.0	neg 0.5073971793310001 __DUMMY__ 0.4548357177284866 off 0.03776710294051332	false	1.0
melancholie	neg 1.0		__DUMMY__ 0.9196727939809183 neg 0.04355171921338858 off 0.03677548680569312	false	1.0
ist			__DUMMY__ 0.9164402541774394 off 0.04271389202936313 neg 0.04084585379319759	false	0.0
torheit	neg 1.0		__DUMMY__ 0.9167618773605817 off 0.04254489672664305 neg 0.04069322591277524	false	0.5
dreckskind	off 1.0		__DUMMY__ 0.9049875668970392 off 0.05366405710407809 neg 0.041348375998882816	false	1.0
umtauschen	neg 1.0		__DUMMY__ 0.9180510896814079 neg 0.041806890870603075 off 0.040142019447989	false	1.0
zum			__DUMMY__ 0.930320164446611 neg 0.035861042641882744 off 0.033818792911506246	false	0.0
zersetzen	neg 1.0		__DUMMY__ 0.9197304780870789 neg 0.042728813897092946 off 0.03754070801582816	false	1.0
zur			__DUMMY__ 0.9257777721933999 neg 0.04003701962682759 off 0.034185208179772573	false	0.0
frust	neg 1.0		__DUMMY__ 0.9192140433767839 neg 0.04118811646710442 off 0.03959784015611168	false	1.0
unerbittlichkeit	neg 1.0		__DUMMY__ 0.9211586251419359 neg 0.040660376324602086 off 0.03818099853346192	false	1.0
zwei			__DUMMY__ 0.9267271281956886 neg 0.039824683738296084 off 0.03344818806601537	false	0.0
unkorrekt	neg 1.0		__DUMMY__ 0.9104974703182365 off 0.04765561280973114 neg 0.04184691687203236	false	0.5
hexe	off 1.0		__DUMMY__ 0.9113462055012315 off 0.044933659292328454 neg 0.04372013520644003	false	1.0
lasch	neg 1.0		__DUMMY__ 0.9144882439040807 off 0.04499026844835248 neg 0.04052148764756686	false	0.5
rivale	neg 1.0		__DUMMY__ 0.910950536146783 off 0.0487047352824171 neg 0.04034472857079981	false	0.5
mutlos	off 1.0	off 1.0	off 0.5057768846037088 __DUMMY__ 0.4566179820001277 neg 0.03760513339616344	false	1.0
wirr	off 1.0		__DUMMY__ 0.9097036827222805 off 0.04935300625986984 neg 0.04094331101784968	false	1.0
jahr			__DUMMY__ 0.9265945013927113 off 0.03702171760516098 neg 0.036383781002127774	false	0.0
wird			__DUMMY__ 0.92049356749545 neg 0.04072538331851753 off 0.038781049186032535	false	0.0
strafbar	neg 1.0		__DUMMY__ 0.9210398542323622 neg 0.0408711734522521 off 0.03808897231538572	false	1.0
erosion	neg 1.0		__DUMMY__ 0.917656512841857 off 0.041203350160116746 neg 0.041140136998026273	false	0.5
eingehen	neg 1.0		__DUMMY__ 0.9192104432035294 neg 0.04252029846797484 off 0.03826925832849588	false	1.0
faul	off 1.0		__DUMMY__ 0.9144810411532767 off 0.044470791382841005 neg 0.04104816746388235	false	1.0
provisorium	neg 1.0		__DUMMY__ 0.9304255959810451 neg 0.038637539017464195 off 0.03093686500149073	false	1.0
schmerzen	neg 1.0		__DUMMY__ 0.9180551144018875 neg 0.042283368675445826 off 0.03966151692266664	false	1.0
schrumpfen	neg 1.0		__DUMMY__ 0.9223388195997988 neg 0.04324744136733265 off 0.03441373903286855	false	1.0
geistlos	off 1.0		__DUMMY__ 0.9132374557290577 off 0.04415926885890086 neg 0.04260327541204148	false	1.0
fehlkauf	neg 1.0		__DUMMY__ 0.9140493230745148 off 0.04344795089820055 neg 0.04250272602728468	false	0.5
frustrierend	neg 1.0		__DUMMY__ 0.9145633068044446 off 0.044566085990032346 neg 0.04087060720552298	false	0.5
unzufrieden	neg 1.0		__DUMMY__ 0.9191034644470101 neg 0.04143293648442431 off 0.03946359906856565	false	1.0
verzweifeln	neg 1.0		__DUMMY__ 0.9189224175937235 neg 0.04061988739592556 off 0.04045769501035101	false	1.0
verzweifelt	neg 1.0		__DUMMY__ 0.9164651060247585 off 0.04245342395301865 neg 0.041081470022222934	false	0.5
misstrauensantrag	neg 1.0		__DUMMY__ 0.9159683979114946 off 0.04277655428092518 neg 0.04125504780758019	false	0.5
abfallen	neg 1.0		__DUMMY__ 0.9173303309312921 neg 0.041690013356168086 off 0.04097965571253987	false	1.0
fucker	off 1.0		__DUMMY__ 0.9115632033716278 off 0.04853725412218132 neg 0.03989954250619094	false	1.0
ungezogen	neg 1.0		__DUMMY__ 0.9047731544245574 off 0.05437550205309805 neg 0.04085134352234457	false	0.5
irrsinnig	neg 1.0	neg 1.0	neg 0.5079879915517297 __DUMMY__ 0.4535944604173152 off 0.03841754803095503	false	1.0
unfassbar	neg 1.0		__DUMMY__ 0.9132762636828786 off 0.04634108242721605 neg 0.04038265388990536	false	0.5
hart	neg 1.0		__DUMMY__ 0.9079394438822921 off 0.0463682229964594 neg 0.04569233312124846	false	0.5
widerlich	off 1.0		__DUMMY__ 0.9120796137117367 off 0.04682871784850019 neg 0.041091668439763154	false	1.0
fatal	neg 1.0	neg 1.0	neg 0.5103537225884005 __DUMMY__ 0.4498499581633842 off 0.039796319248215285	false	1.0
bruch	neg 1.0		__DUMMY__ 0.9252317545578007 neg 0.03911264822887885 off 0.03565559721332045	false	1.0
aushungern	neg 1.0		__DUMMY__ 0.9162790174969399 neg 0.04314704193234459 off 0.04057394057071557	false	1.0
anspannung	neg 1.0		__DUMMY__ 0.9278351478644203 neg 0.038394551621796356 off 0.033770300513783276	false	1.0
von			__DUMMY__ 0.9227866114634399 neg 0.04069290721558303 off 0.036520481320977016	false	0.0
kraftlos	neg 1.0		__DUMMY__ 0.9202863155441362 neg 0.04092476424656121 off 0.038788920209302524	false	1.0
vom			__DUMMY__ 0.9321882543785708 neg 0.03660616367084011 off 0.0312055819505891	false	0.0
grenzdebil	off 1.0		__DUMMY__ 0.9119404895016847 off 0.046566022715600223 neg 0.041493487782715124	false	1.0
vor			__DUMMY__ 0.9233415772830544 neg 0.040882808420559275 off 0.035775614296386274	false	0.0
unterwerfen	neg 1.0		__DUMMY__ 0.920585130111508 neg 0.0408427887317254 off 0.03857208115676661	false	1.0
versenkung	neg 1.0		__DUMMY__ 0.9210133646027148 neg 0.04073959730552434 off 0.03824703809176083	false	1.0
entziehen	neg 1.0		__DUMMY__ 0.9218577195198233 neg 0.04159828948560121 off 0.036543990994575566	false	1.0
finanzkrise	neg 1.0		__DUMMY__ 0.9116292983924577 neg 0.047205023654544605 off 0.04116567795299779	false	1.0
schimpfend	neg 1.0		__DUMMY__ 0.9189793206487067 off 0.041351936549067846 neg 0.039668742802225536	false	0.5
profan	neg 1.0		__DUMMY__ 0.9155417004492554 off 0.04322205525721498 neg 0.04123624429352968	false	0.5
korruption	neg 1.0		__DUMMY__ 0.9169502122026437 neg 0.04312083739050515 off 0.0399289504068511	false	1.0
â			__DUMMY__ 0.9195017660877649 neg 0.041816401235767804 off 0.038681832676467263	false	0.0
schmutzig	neg 1.0		__DUMMY__ 0.9125440231958628 off 0.04670493696087079 neg 0.0407510398432664	false	0.5
sexy	neg 1.0		__DUMMY__ 0.915368469742413 off 0.04443979597785966 neg 0.04019173427972724	false	0.5
abraten	neg 1.0		__DUMMY__ 0.9168196129692178 off 0.042722923054196026 neg 0.040457463976586276	false	0.5
schwarz	neg 1.0		__DUMMY__ 0.9158812271939991 off 0.043143565825053826 neg 0.04097520698094708	false	0.5
fotze	off 1.0	off 1.0	off 0.5059316389373963 __DUMMY__ 0.45638529557679386 neg 0.0376830654858099	false	1.0
verwirren	neg 1.0		__DUMMY__ 0.9157996466720497 off 0.043493644191638176 neg 0.04070670913631206	false	0.5
zahnlos	off 1.0		__DUMMY__ 0.9183538911443013 neg 0.04133258083269468 off 0.040313528023004	false	0.5
verheeren	neg 1.0		__DUMMY__ 0.9048323481988049 off 0.055797486526567165 neg 0.039370165274628	false	0.5
hippie	neg 1.0		__DUMMY__ 0.9148932341241875 off 0.04425587109290881 neg 0.040850894782903706	false	0.5
rammen	neg 1.0		__DUMMY__ 0.9179755238118281 off 0.041124598488150726 neg 0.040899877700021174	false	0.5
unlauter	neg 1.0		__DUMMY__ 0.9148370506836853 off 0.043119141075772076 neg 0.0420438082405426	false	0.5
unheilvoll	neg 1.0		__DUMMY__ 0.9163724866443271 off 0.04184951290693502 neg 0.04177800044873793	false	0.5
niedrig	neg 1.0		__DUMMY__ 0.9181092881204012 neg 0.043295601965070284 off 0.03859510991452862	false	1.0
explosion	neg 1.0		__DUMMY__ 0.9154432014931261 off 0.044036872016945366 neg 0.040519926489928575	false	0.5
weichei	off 1.0	off 1.0	off 0.5164169570386048 __DUMMY__ 0.445008697089705 neg 0.03857434587169023	false	1.0
minusmensch	off 1.0		__DUMMY__ 0.9033506697328163 off 0.0558438274181527 neg 0.04080550284903099	false	1.0
farblos	neg 1.0		__DUMMY__ 0.9155851464730996 neg 0.042749845026569255 off 0.041665008500331155	false	1.0
unwissend	neg 1.0	neg 1.0	neg 0.5084084781114918 __DUMMY__ 0.4502401272655868 off 0.0413513946229214	false	1.0
traurig	neg 1.0		__DUMMY__ 0.9108702566365307 off 0.04844933261377361 neg 0.040680410749695715	false	0.5
senkung	neg 1.0		__DUMMY__ 0.911568683268851 neg 0.04474757411614377 off 0.04368374261500521	false	1.0
ungleich	neg 1.0	neg 1.0	neg 0.5075635257602801 __DUMMY__ 0.45721238752635085 off 0.03522408671336905	false	1.0
heikel	neg 1.0		__DUMMY__ 0.9209148963779878 neg 0.04138877768281026 off 0.037696325939201795	false	1.0
drosselung	neg 1.0		__DUMMY__ 0.9085392643272335 off 0.04660392901849845 neg 0.04485680665426805	false	0.5
falsch	neg 1.0		__DUMMY__ 0.9150301289172815 off 0.04460349529585912 neg 0.04036637578685938	false	0.5
unzufriedenheit	neg 1.0		__DUMMY__ 0.9191553981424023 neg 0.04315127217913801 off 0.037693329678459765	false	1.0
kurz	neg 1.0		__DUMMY__ 0.9209411112754499 neg 0.03988841267819561 off 0.0391704760463546	false	1.0
unsinnig	neg 1.0		__DUMMY__ 0.9164122433654728 neg 0.04287889009501846 off 0.040708866539508684	false	1.0
penner	off 1.0	off 1.0	off 0.517976662751928 __DUMMY__ 0.44439389475698843 neg 0.03762944249108362	false	1.0
seicht	neg 1.0		__DUMMY__ 0.902598456724074 off 0.05411717000039475 neg 0.04328437327553119	false	0.5
dummheit	off 1.0	off 1.0	off 0.5100398354293225 __DUMMY__ 0.4512519799787736 neg 0.0387081845919039	false	1.0
unerfreulich	neg 1.0		__DUMMY__ 0.9214629977241773 neg 0.041157180102786434 off 0.03737982217303622	false	1.0
motherfucker	off 1.0	off 1.0	off 0.5138801792029518 __DUMMY__ 0.4490469880231419 neg 0.03707283277390634	false	1.0
pikiert	neg 1.0	neg 1.0	neg 0.5084315077739302 __DUMMY__ 0.44976939476073036 off 0.04179909746533944	false	1.0
wrack	neg 1.0		__DUMMY__ 0.9260042524425938 off 0.038993106632230594 neg 0.0350026409251757	false	0.5
gangster	neg 1.0		__DUMMY__ 0.9146597554390682 off 0.044384357950257594 neg 0.04095588661067423	false	0.5
krank	neg 1.0	neg 1.0	neg 0.5063068439288189 __DUMMY__ 0.4515087688693214 off 0.042184387201859734	false	1.0
reich	neg 1.0		__DUMMY__ 0.9118907875160007 off 0.044755205627760704 neg 0.04335400685623858	false	0.5
gnadenlos	neg 1.0		__DUMMY__ 0.9176129972925877 off 0.04220864470170002 neg 0.04017835800571227	false	0.5
niedergeschlagen	neg 1.0		__DUMMY__ 0.9207480220043583 neg 0.040288076187119166 off 0.03896390180852247	false	1.0
terrorisieren	off 1.0	off 1.0	off 0.50482942048618 __DUMMY__ 0.4579252519906327 neg 0.03724532752318736	false	1.0
sinnlosigkeit	neg 1.0		__DUMMY__ 0.919130523803913 neg 0.04103441743332577 off 0.039835058762761194	false	1.0
behindern	neg 1.0		__DUMMY__ 0.9168573648502885 neg 0.042270705827429554 off 0.04087192932228206	false	1.0
undemokratisch	neg 1.0		__DUMMY__ 0.9147521669331873 off 0.043638132060457975 neg 0.041609701006354784	false	0.5
wirtschaftskrise	neg 1.0		__DUMMY__ 0.9152553020328049 neg 0.045135601324434976 off 0.03960909664276016	false	1.0
neid	neg 1.0		__DUMMY__ 0.9152078056230525 off 0.043832432425423194 neg 0.040959761951524315	false	0.5
rutschen	neg 1.0		__DUMMY__ 0.9267016103533662 neg 0.04010846608309993 off 0.033189923563533945	false	1.0
rezession	neg 1.0		__DUMMY__ 0.9058643374687975 off 0.049004280403303416 neg 0.04513138212789914	false	0.5
fehlgeburt	neg 1.0		__DUMMY__ 0.9200859041298988 off 0.04103020875862168 neg 0.03888388711147948	false	0.5
charakterschwach	off 1.0		__DUMMY__ 0.9119680231763703 off 0.04651593778801898 neg 0.04151603903561085	false	1.0
isolation	neg 1.0		__DUMMY__ 0.9158377887497464 off 0.04443177869628379 neg 0.03973043255396976	false	0.5
ablenkung	neg 1.0		__DUMMY__ 0.9192435176550963 off 0.04090376285360053 neg 0.039852719491303194	false	0.5
pech	neg 1.0		__DUMMY__ 0.9149812616925622 off 0.04440489715532093 neg 0.040613841152116824	false	0.5
vermeidung	neg 1.0		__DUMMY__ 0.9115802174402966 off 0.0464357305083877 neg 0.04198405205131573	false	0.5
dominieren	neg 1.0		__DUMMY__ 0.9202340178809921 off 0.04000060345214299 neg 0.039765378666864845	false	0.5
schwindlig	neg 1.0		__DUMMY__ 0.9159694310007532 off 0.042350256169987166 neg 0.04168031282925967	false	0.5
lutscher	neg 1.0	neg 1.0	neg 0.5091780297568886 __DUMMY__ 0.44047425664982987 off 0.050347713593281586	false	1.0
pflicht	neg 1.0		__DUMMY__ 0.9232328597660711 neg 0.040072926874629405 off 0.03669421335929952	false	1.0
faschist	off 1.0		__DUMMY__ 0.9146292299709332 off 0.044823364525866466 neg 0.04054740550320039	false	1.0
verschleudern	neg 1.0		__DUMMY__ 0.9165343241337297 neg 0.04498684584734507 off 0.03847883001892521	false	1.0
wenn			__DUMMY__ 0.9138225083683446 off 0.045380667368810634 neg 0.04079682426284482	false	0.0
ehebruch	neg 1.0		__DUMMY__ 0.9195484484305317 neg 0.04133728075311984 off 0.039114270816348516	false	1.0
spott	off 1.0		__DUMMY__ 0.9208581561295656 neg 0.04017176469782142 off 0.038970079172613054	false	0.5
trostlosigkeit	neg 1.0		__DUMMY__ 0.9198343619932074 neg 0.04356819480185845 off 0.03659744320493402	false	1.0
lutschen	neg 1.0		__DUMMY__ 0.9138097042754545 off 0.04473518063249696 neg 0.04145511509204858	false	0.5
undiszipliniert	neg 1.0		__DUMMY__ 0.9118251121193747 off 0.047776618762411106 neg 0.04039826911821416	false	0.5
kopfschmerz	neg 1.0		__DUMMY__ 0.9181187307385655 neg 0.04385987016239151 off 0.03802139909904298	false	1.0
unvorhergesehen	neg 1.0		__DUMMY__ 0.923437685514628 neg 0.04048124595249701 off 0.03608106853287503	false	1.0
desinteressiert	neg 1.0		__DUMMY__ 0.9114624010535792 off 0.0473537710519416 neg 0.0411838278944792	false	0.5
armselig	off 1.0		__DUMMY__ 0.9100941171383053 off 0.04942109243711557 neg 0.040484790424579045	false	1.0
desaster	neg 1.0		__DUMMY__ 0.9213811552374325 neg 0.04234515619994933 off 0.036273688562618124	false	1.0
tod	neg 1.0		__DUMMY__ 0.9223750935383762 neg 0.039853626030231085 off 0.03777128043139279	false	1.0
herzlos	neg 1.0		__DUMMY__ 0.910330671447826 off 0.048831154509721544 neg 0.040838174042452415	false	0.5
unwissenheit	neg 1.0		__DUMMY__ 0.9187623712224133 neg 0.041698735517626734 off 0.03953889325995985	false	1.0
widersinnig	neg 1.0		__DUMMY__ 0.9158313460708426 neg 0.04323838834173928 off 0.04093026558741811	false	1.0
bedenklich	neg 1.0		__DUMMY__ 0.9187549277571255 neg 0.04240350569651493 off 0.038841566546359584	false	1.0
beanstanden	neg 1.0		__DUMMY__ 0.9231048474416113 neg 0.039726912477796424 off 0.03716824008059228	false	1.0
panisch	neg 1.0		__DUMMY__ 0.9179712108034161 off 0.042498460056201406 neg 0.039530329140382424	false	0.5
debil	off 1.0		__DUMMY__ 0.9267476405446674 neg 0.04190560494732471 off 0.03134675450800787	false	0.5
abstrich	neg 1.0		__DUMMY__ 0.9176563179777508 neg 0.04352579081356096 off 0.038817891208688116	false	1.0
primitiv	neg 1.0		__DUMMY__ 0.9118183876447417 off 0.047590474981993786 neg 0.04059113737326456	false	0.5
abschaum	off 1.0	off 1.0	off 0.5121607248071218 __DUMMY__ 0.45181510801871044 neg 0.03602416717416769	false	1.0
provozieren	neg 1.0		__DUMMY__ 0.9162176033192811 off 0.04222007837237885 neg 0.04156231830834006	false	0.5
tot	neg 1.0		__DUMMY__ 0.9183834033042875 neg 0.04272705357751279 off 0.03888954311819971	false	1.0
instabil	neg 1.0		__DUMMY__ 0.9097074926660349 off 0.04964560275960856 neg 0.040646904574356595	false	0.5
schwuchtel	off 1.0	off 1.0	off 0.5238626472456734 __DUMMY__ 0.43775093353168726 neg 0.038386419222639315	false	1.0
zerren	neg 1.0		__DUMMY__ 0.9208877818963528 neg 0.040047023371185285 off 0.03906519473246182	false	1.0
kinderficker	off 1.0		__DUMMY__ 0.9079091168401306 off 0.051408617032483166 neg 0.04068226612738616	false	1.0
gefahr	neg 1.0		__DUMMY__ 0.9223556403906259 neg 0.0405968532148159 off 0.03704750639455813	false	1.0
rabiat	neg 1.0		__DUMMY__ 0.916947732685276 neg 0.042361733643243714 off 0.04069053367148032	false	1.0
verlangsamung	neg 1.0		__DUMMY__ 0.9063643803623336 off 0.052948942388259305 neg 0.0406866772494071	false	0.5
ausgestorben	neg 1.0		__DUMMY__ 0.9189781027224131 neg 0.04074818912959439 off 0.040273708147992526	false	1.0
anklagen	neg 1.0		__DUMMY__ 0.9188504572073513 neg 0.04104444508756973 off 0.040105097705078925	false	1.0
trott	neg 1.0		__DUMMY__ 0.9176657892420328 neg 0.04124444471879513 off 0.041089766039171985	false	1.0
verminderung	neg 1.0		__DUMMY__ 0.9121466030119992 off 0.04640899969169527 neg 0.04144439729630541	false	0.5
nach			__DUMMY__ 0.9287659137550027 neg 0.039043382522719355 off 0.032190703722277905	false	0.0
rost	neg 1.0		__DUMMY__ 0.9088588723797777 off 0.05370238071580291 neg 0.03743874690441939	false	0.5
destruktiv	neg 1.0		__DUMMY__ 0.9170291475232881 neg 0.04166959196704212 off 0.04130126050966982	false	1.0
unzumutbarkeit	neg 1.0		__DUMMY__ 0.9130322248225865 off 0.04645438300898311 neg 0.040513392168430404	false	0.5
labil	off 1.0	off 1.0	off 0.5116235735038981 __DUMMY__ 0.45058429328829985 neg 0.03779213320780199	false	1.0
ziemlich	neg 1.0		__DUMMY__ 0.9141363729561199 off 0.046008524412350336 neg 0.03985510263152967	false	0.5
lachnummer	off 1.0		__DUMMY__ 0.9179790143903099 off 0.04196403287192396 neg 0.04005695273776618	false	1.0
oder			__DUMMY__ 0.9188726137173523 off 0.04144506631703183 neg 0.03968231996561589	false	0.0
verfall	neg 1.0		__DUMMY__ 0.9218328745720125 neg 0.043716708188304594 off 0.034450417239682854	false	1.0
ausgrenzung	neg 1.0		__DUMMY__ 0.914531534339006 off 0.04350960755524418 neg 0.04195885810574981	false	0.5
unordnung	neg 1.0		__DUMMY__ 0.90862335294689 off 0.049791869415236764 neg 0.0415847776378733	false	0.5
fehlverhalten	neg 1.0		__DUMMY__ 0.9207394078041343 neg 0.04106372054350708 off 0.038196871652358584	false	1.0
eine			__DUMMY__ 0.9223497694208685 neg 0.04144860064030679 off 0.03620162993882463	false	0.0
nille	neg 1.0		__DUMMY__ 0.9173393426699377 off 0.041613609996083496 neg 0.04104704733397881	false	0.5
qual	neg 1.0		__DUMMY__ 0.9175063819503652 neg 0.04165021400541716 off 0.04084340404421775	false	1.0
verschwenden	neg 1.0		__DUMMY__ 0.9191931734630701 neg 0.04308335969170408 off 0.037723466845225866	false	1.0
riesig	neg 1.0		__DUMMY__ 0.9216285473939705 neg 0.04073806874602646 off 0.03763338386000305	false	1.0
verurteilen	neg 1.0		__DUMMY__ 0.9184111504767718 neg 0.04156235026843536 off 0.04002649925479275	false	1.0
klischee	neg 1.0	neg 1.0	neg 0.5082821821056552 __DUMMY__ 0.4508897686649626 off 0.04082804922938212	false	1.0
diktatorisch	neg 1.0		__DUMMY__ 0.9140061959461917 off 0.04375507780323392 neg 0.042238726250574406	false	0.5
vorhersehbar	neg 1.0		__DUMMY__ 0.9136481746670179 off 0.044116476809086314 neg 0.04223534852389576	false	0.5
sowie			__DUMMY__ 0.9061490156172513 off 0.05074712661503013 neg 0.04310385776771863	false	0.0
stornieren	neg 1.0		__DUMMY__ 0.9201604212100669 off 0.043401368484279945 neg 0.03643821030565313	false	0.5
besteuerung	neg 1.0	neg 1.0	neg 0.51194800646689 __DUMMY__ 0.4498022637779506 off 0.0382497297551595	false	1.0
ungeschminkt	neg 1.0		__DUMMY__ 0.9114768865132955 off 0.04707123752738176 neg 0.04145187595932276	false	0.5
kritisch	neg 1.0		__DUMMY__ 0.9193519056709585 neg 0.041002659205378086 off 0.039645435123663426	false	1.0
schlamperei	off 1.0		__DUMMY__ 0.9197256498520565 neg 0.041781014737157764 off 0.03849333541078567	false	0.5
sucht	neg 1.0	neg 1.0	neg 0.5059720906705023 __DUMMY__ 0.45597217794667244 off 0.03805573138282529	false	1.0
egoistisch	off 1.0	off 1.0	off 0.5163277787324616 __DUMMY__ 0.44704109513072693 neg 0.03663112613681135	false	1.0
ausbeuter	off 1.0		__DUMMY__ 0.918422024455864 neg 0.04353790586952863 off 0.038040069674607345	false	0.5
arschgeburt	off 1.0		__DUMMY__ 0.8989089080597085 off 0.05923211955070724 neg 0.04185897238958431	false	1.0
schubs	neg 1.0		__DUMMY__ 0.9183056184331821 neg 0.04359916867400637 off 0.03809521289281147	false	1.0
unsolide	neg 1.0		__DUMMY__ 0.9162764474666181 off 0.043959385264731546 neg 0.039764167268650404	false	0.5
beschwerde	neg 1.0		__DUMMY__ 0.9195827641628249 neg 0.04060164423075878 off 0.0398155916064163	false	1.0
stocken	neg 1.0		__DUMMY__ 0.9200522813580592 neg 0.041060603315467584 off 0.03888711532647328	false	1.0
isolieren	neg 1.0		__DUMMY__ 0.9181230518827312 neg 0.0420907416566869 off 0.03978620646058194	false	1.0
unheilbar	neg 1.0		__DUMMY__ 0.9181862558492502 off 0.04157961553015746 neg 0.04023412862059233	false	0.5
pisser	off 1.0	off 1.0	off 0.5142973144801022 __DUMMY__ 0.4482806911371618 neg 0.03742199438273603	false	1.0
löschen	neg 1.0		__DUMMY__ 0.9162980159717552 neg 0.0419649269427811 off 0.04173705708546359	false	1.0
durchfallen	neg 1.0		__DUMMY__ 0.9198076491850028 neg 0.040880405720080164 off 0.03931194509491705	false	1.0
wichser	off 1.0	off 1.0	off 0.5204810947018044 __DUMMY__ 0.44213489418309615 neg 0.037384011115099446	false	1.0
terror	neg 1.0		__DUMMY__ 0.9151482106371004 off 0.04383529252412097 neg 0.041016496838778685	false	0.5
krass	neg 1.0		__DUMMY__ 0.9091756821556279 off 0.04988901863601313 neg 0.04093529920835883	false	0.5
revolte	neg 1.0		__DUMMY__ 0.911058940493637 off 0.04492494694132292 neg 0.04401611256504012	false	0.5
besorgt	neg 1.0		__DUMMY__ 0.9215894435889637 off 0.03950288582625752 neg 0.03890767058477879	false	0.5
nachlassen	neg 1.0		__DUMMY__ 0.9217078632848102 neg 0.03978753503393569 off 0.038504601681254025	false	1.0
alt	neg 1.0		__DUMMY__ 0.9152259669603777 neg 0.04697449406987268 off 0.037799538969749545	false	1.0
hundesohn	off 1.0	off 1.0	off 0.5199708444250983 __DUMMY__ 0.44199877911454244 neg 0.03803037646035917	false	1.0
als			__DUMMY__ 0.918739113904523 neg 0.041620509287888595 off 0.039640376807588355	false	0.0
abschreckung	neg 1.0		__DUMMY__ 0.9204721919081924 neg 0.04199369848178513 off 0.03753410961002254	false	1.0
unqualifiziert	neg 1.0		__DUMMY__ 0.9142893780702657 off 0.04530062036143868 neg 0.04041000156829566	false	0.5
abgewichst	off 1.0		__DUMMY__ 0.9185656461128263 off 0.04087147238400303 neg 0.0405628815031707	false	1.0
schwer	neg 1.0		__DUMMY__ 0.9186334599764011 off 0.04086506918962688 neg 0.04050147083397202	false	0.5
bedeutungslosigkeit	neg 1.0		__DUMMY__ 0.9203325781345485 neg 0.0417228696893504 off 0.03794455217610108	false	1.0
kapitulation	neg 1.0		__DUMMY__ 0.917198427869133 neg 0.04333950180508564 off 0.03946207032578147	false	1.0
unscharf	neg 1.0		__DUMMY__ 0.9130636418801297 neg 0.04443687971158493 off 0.0424994784082854	false	1.0
schwinden	neg 1.0		__DUMMY__ 0.9194200580044697 neg 0.04258731776693317 off 0.03799262422859715	false	1.0
versklavung	neg 1.0	neg 1.0	neg 0.5096570218115161 __DUMMY__ 0.45108921494216064 off 0.03925376324632332	false	1.0
schlecht	neg 1.0		__DUMMY__ 0.9141951954835862 off 0.046189931812121506 neg 0.03961487270429229	false	0.5
verhasst	neg 1.0		__DUMMY__ 0.9151925786871109 off 0.042829120321564065 neg 0.041978300991325	false	0.5
beschweren	neg 1.0		__DUMMY__ 0.9171058783378453 off 0.042934486202977684 neg 0.039959635459177065	false	0.5
scheiden	neg 1.0		__DUMMY__ 0.9186596266334353 off 0.04088778933302532 neg 0.04045258403353941	false	0.5
frustriert	neg 1.0		__DUMMY__ 0.9191303735981313 neg 0.04066794693416162 off 0.04020167946770708	false	1.0
schimmelig	neg 1.0		__DUMMY__ 0.9172221797722546 neg 0.04476657308733481 off 0.03801124714041058	false	1.0
fisch	neg 1.0		__DUMMY__ 0.9185989781640888 neg 0.046134084625444216 off 0.03526693721046702	false	1.0
schmuggel	neg 1.0		__DUMMY__ 0.923502056458637 neg 0.04020618941140901 off 0.036291754129953974	false	1.0
auffallen	neg 1.0		__DUMMY__ 0.9161463003189522 off 0.04328776607887418 neg 0.04056593360217359	false	0.5
konkurrenz	neg 1.0		__DUMMY__ 0.923132154155861 neg 0.03927143443585227 off 0.03759641140828673	false	1.0
teufelskreis	neg 1.0	neg 1.0	neg 0.5096903798229464 __DUMMY__ 0.45305078887323275 off 0.03725883130382082	false	1.0
aufschreien	neg 1.0		__DUMMY__ 0.9139523940621186 off 0.04390285793781354 neg 0.04214474800006787	false	0.5
schuldner	neg 1.0		__DUMMY__ 0.9175061192289576 neg 0.044713323622770106 off 0.037780557148272234	false	1.0
missgeburt	off 1.0	off 1.0	off 0.5182521906517338 __DUMMY__ 0.44546892032157714 neg 0.03627888902668908	false	1.0
arbeitslos	neg 1.0		__DUMMY__ 0.9189338772148045 neg 0.04174209299368397 off 0.039324029791511554	false	1.0
befallen	neg 1.0		__DUMMY__ 0.9133212424677535 neg 0.04596563011733691 off 0.040713127414909636	false	1.0
miesepetrig	off 1.0	off 1.0	off 0.5110533577112144 __DUMMY__ 0.45157052896858324 neg 0.03737611332020243	false	1.0
alarmieren	neg 1.0		__DUMMY__ 0.9135933220992103 off 0.045693771946487216 neg 0.04071290595430246	false	0.5
ungeduscht	off 1.0		__DUMMY__ 0.9134214113493953 off 0.044391534045347555 neg 0.04218705460525718	false	1.0
knappheit	neg 1.0		__DUMMY__ 0.916337494421754 neg 0.04406472349658378 off 0.03959778208166223	false	1.0
schlange	neg 1.0		__DUMMY__ 0.9185558735973934 off 0.04137165327946329 neg 0.04007247312314326	false	0.5
harsch	neg 1.0		__DUMMY__ 0.911695354896135 off 0.0496386115455752 neg 0.0386660335582898	false	0.5
lang	neg 1.0		__DUMMY__ 0.9165733565697545 off 0.04239990327579682 neg 0.04102674015444877	false	0.5
ziellos	neg 1.0		__DUMMY__ 0.9220368992517453 neg 0.040169258253363656 off 0.03779384249489112	false	1.0
selbstverliebt	neg 1.0		__DUMMY__ 0.9039168082918027 off 0.05643080803414103 neg 0.03965238367405627	false	0.5
beseitigen	neg 1.0		__DUMMY__ 0.9192414183016528 off 0.04104956792308803 neg 0.039709013775259094	false	0.5
dumm	off 1.0		__DUMMY__ 0.9070845776087031 off 0.05196681527227546 neg 0.04094860711902134	false	1.0
arbeitsloser	neg 1.0		__DUMMY__ 0.9239906300311106 off 0.039429342277807825 neg 0.03658002769108159	false	0.5
blitzen	neg 1.0		__DUMMY__ 0.9132901732155192 off 0.044729829334204003 neg 0.0419799974502768	false	0.5
hilflos	neg 1.0		__DUMMY__ 0.9191198163107674 neg 0.04167665958339561 off 0.039203524105836926	false	1.0
eklig	off 1.0		__DUMMY__ 0.9051880957583289 off 0.05228147678637732 neg 0.042530427455293805	false	1.0
begriff			__DUMMY__ 0.9186028454790923 off 0.04103477909701762 neg 0.040362375423890026	false	0.0
hungersnot	neg 1.0		__DUMMY__ 0.916935579106382 neg 0.04344629397158498 off 0.03961812692203299	false	1.0
ungesetzlich	neg 1.0		__DUMMY__ 0.9151495235212542 off 0.04390957042949911 neg 0.04094090604924661	false	0.5
verschwendung	neg 1.0		__DUMMY__ 0.9202357581365992 neg 0.04199787644632907 off 0.037766365417071714	false	1.0
schmerzvoll	neg 1.0		__DUMMY__ 0.9154582112414293 off 0.042577499156687466 neg 0.041964289601883094	false	0.5
vorzeitig	neg 1.0		__DUMMY__ 0.9166935610898785 off 0.0456636332052828 neg 0.03764280570483867	false	0.5
unvollkommenheit	neg 1.0		__DUMMY__ 0.9189552985172819 neg 0.041239696551207024 off 0.03980500493151108	false	1.0
intervenieren	neg 1.0		__DUMMY__ 0.9173149997979241 neg 0.0441057812568213 off 0.03857921894525467	false	1.0
banause	off 1.0		__DUMMY__ 0.9017920540316456 off 0.053668613789952906 neg 0.044539332178401406	false	1.0
rebell	neg 1.0		__DUMMY__ 0.9204877855031698 neg 0.04537413892223022 off 0.0341380755746	false	1.0
unlogisch	neg 1.0		__DUMMY__ 0.9098763931749922 off 0.04831724956572645 neg 0.04180635725928131	false	0.5
leiden	neg 1.0		__DUMMY__ 0.924745780327798 neg 0.03912711016249334 off 0.03612710950970869	false	1.0
abschaffung	neg 1.0		__DUMMY__ 0.9149007773120515 neg 0.04269680834844929 off 0.04240241433949914	false	1.0
sturz	neg 1.0		__DUMMY__ 0.9193437975098694 off 0.04302855780720806 neg 0.03762764468292263	false	0.5
verkleinerung	neg 1.0		__DUMMY__ 0.909985456133182 off 0.04517512168657979 neg 0.044839422180238106	false	0.5
schmarotzer	off 1.0		__DUMMY__ 0.91845921361045 neg 0.041402720366634164 off 0.04013806602291573	false	0.5
bestrafung	neg 1.0	neg 1.0	neg 0.5071643303951366 __DUMMY__ 0.4547470669989025 off 0.03808860260596102	false	1.0
achtlos	neg 1.0		__DUMMY__ 0.9201706959397778 off 0.0400630967053831 neg 0.03976620735483898	false	0.5
ungeheuer	neg 1.0		__DUMMY__ 0.9165772124040996 neg 0.04192360304423379 off 0.04149918455166666	false	1.0
