unsolidarisch	neg 1.0		__DUMMY__ 0.8645327285691651 neg 0.06789980518074014 off 0.06756746625009469	false	1.0
nachteilig	neg 1.0		__DUMMY__ 0.8727280019235389 neg 0.06453263578009787 off 0.06273936229636322	false	1.0
skeptisch	neg 1.0		__DUMMY__ 0.8716632597442073 neg 0.06669650653597745 off 0.06164023371981531	false	1.0
schrecklich	neg 1.0		__DUMMY__ 0.8594167869786872 off 0.07537559135450987 neg 0.06520762166680287	false	0.5
schlapp	neg 1.0	neg 1.0	neg 0.519729179504771 __DUMMY__ 0.42610888070567166 off 0.054161939789557384	false	1.0
abfall	neg 1.0		__DUMMY__ 0.8772495972309846 neg 0.06422578311002557 off 0.05852461965898974	false	1.0
widerspenstig	neg 1.0		__DUMMY__ 0.8662509212798588 neg 0.06835094302985999 off 0.06539813569028115	false	1.0
abrupt	neg 1.0		__DUMMY__ 0.8701985878650109 neg 0.06899771189353639 off 0.06080370024145274	false	1.0
unwirksam	neg 1.0		__DUMMY__ 0.8607943038053906 neg 0.07243230536725906 off 0.06677339082735043	false	1.0
angreifen	neg 1.0		__DUMMY__ 0.8723807583398402 neg 0.06647286739230095 off 0.06114637426785885	false	1.0
inkonsistent	neg 1.0		__DUMMY__ 0.8639213810682077 off 0.06873067561162988 neg 0.06734794332016242	false	0.5
abrutschen	neg 1.0		__DUMMY__ 0.8761449713176511 neg 0.06567254738677104 off 0.05818248129557782	false	1.0
unsicher	neg 1.0		__DUMMY__ 0.8688861405590315 off 0.0661703397432307 neg 0.06494351969773793	false	0.5
bauernkind	off 1.0	off 1.0	off 0.5285081042983978 __DUMMY__ 0.4174974981543323 neg 0.05399439754726991	false	1.0
angreifer	neg 1.0		__DUMMY__ 0.8675404861405451 off 0.07012428155093674 neg 0.062335232308518146	false	0.5
trennen	neg 1.0		__DUMMY__ 0.8738931877430659 neg 0.06543775924038236 off 0.06066905301655171	false	1.0
schmutz	neg 1.0		__DUMMY__ 0.8722271892547133 off 0.06897887935454361 neg 0.05879393139074313	false	0.5
inkonsistenz	neg 1.0		__DUMMY__ 0.8637947096375113 off 0.07133987302836814 neg 0.06486541733412055	false	0.5
erschreckend	neg 1.0		__DUMMY__ 0.8682446741422816 neg 0.06608826152279895 off 0.06566706433491956	false	1.0
ertrinken	neg 1.0		__DUMMY__ 0.8708849278315554 neg 0.0686259465019337 off 0.0604891256665109	false	1.0
pickelface	off 1.0		__DUMMY__ 0.8667025671841323 off 0.06672332144887358 neg 0.06657411136699405	false	1.0
seiner			__DUMMY__ 0.873454199505927 neg 0.06514406129848971 off 0.06140173919558339	false	0.0
lauch	neg 1.0	neg 1.0	neg 0.5217367447905076 __DUMMY__ 0.4339276525011714 off 0.04433560270832105	false	1.0
unwichtig	neg 1.0		__DUMMY__ 0.8627037223868415 off 0.07124184401644826 neg 0.06605443359671029	false	0.5
steuerhinterziehung	neg 1.0		__DUMMY__ 0.866689488554242 neg 0.06753145363159736 off 0.06577905781416071	false	1.0
schock	neg 1.0		__DUMMY__ 0.8694779613413665 neg 0.06600341955089588 off 0.06451861910773762	false	1.0
beule	neg 1.0		__DUMMY__ 0.8606534661151618 off 0.07322686876822906 neg 0.06611966511660908	false	0.5
vergelten	neg 1.0		__DUMMY__ 0.8605638887793436 off 0.07654124373731983 neg 0.06289486748333649	false	0.5
verdorbenheit	neg 1.0		__DUMMY__ 0.8663310108280549 off 0.06697792465627352 neg 0.06669106451567154	false	0.5
trauma	neg 1.0		__DUMMY__ 0.8652404619958757 off 0.0676950797027547 neg 0.06706445830136966	false	0.5
sinnlos	neg 1.0		__DUMMY__ 0.8657640074624608 off 0.0683072078741821 neg 0.06592878466335703	false	0.5
fettsack	off 1.0	off 1.0	off 0.5296447417614829 __DUMMY__ 0.4178665108272516 neg 0.05248874741126558	false	1.0
feige	off 1.0	off 1.0	off 0.5250876661921527 __DUMMY__ 0.4238846387009873 neg 0.05102769510685988	false	1.0
abdanken	neg 1.0		__DUMMY__ 0.8682082095349462 off 0.0661109062699338 neg 0.06568088419512014	false	0.5
wichtigtuer	off 1.0	off 1.0	off 0.5225524596057213 __DUMMY__ 0.4278467045491917 neg 0.04960083584508701	false	1.0
misslingen	neg 1.0	neg 1.0	neg 0.5146938537569079 __DUMMY__ 0.4341183505928956 off 0.051187795650196405	false	1.0
untreu	off 1.0		__DUMMY__ 0.8615461121639266 off 0.07250785531471243 neg 0.06594603252136083	false	1.0
missmutig	neg 1.0		__DUMMY__ 0.8638779452002151 off 0.06986883647243904 neg 0.06625321832734585	false	0.5
hurenbock	off 1.0		__DUMMY__ 0.8619981577355431 neg 0.07185303835788119 off 0.06614880390657576	false	0.5
betrunken	neg 1.0		__DUMMY__ 0.8601619865206052 off 0.07419859056135225 neg 0.06563942291804253	false	0.5
korrupt	off 1.0		__DUMMY__ 0.8661406435653828 neg 0.06842204418566282 off 0.06543731224895448	false	0.5
unmut	neg 1.0		__DUMMY__ 0.8733202394744741 neg 0.06676194118208897 off 0.059917819343437026	false	1.0
hackfresse	off 1.0		__DUMMY__ 0.855176515030064 off 0.0799651584889692 neg 0.06485832648096686	false	1.0
aufblasen	neg 1.0		__DUMMY__ 0.8676044225102936 off 0.06644599724279371 neg 0.06594958024691264	false	0.5
gewaltsam	neg 1.0		__DUMMY__ 0.868179404065279 neg 0.06594807624371182 off 0.06587251969100905	false	1.0
unbeliebtheit	neg 1.0		__DUMMY__ 0.8622191711402283 off 0.07260532612256512 neg 0.06517550273720653	false	0.5
sturheit	neg 1.0		__DUMMY__ 0.8701358365155436 off 0.06566757647169288 neg 0.06419658701276348	false	0.5
kuh	neg 1.0		__DUMMY__ 0.8558420266048877 neg 0.07519090877494111 off 0.06896706462017117	false	1.0
erschrecken	neg 1.0		__DUMMY__ 0.8646881436418945 off 0.07032833900558103 neg 0.06498351735252436	false	0.5
opfer	neg 1.0		__DUMMY__ 0.8732886984056629 neg 0.06370642225070959 off 0.0630048793436274	false	1.0
sinken	neg 1.0		__DUMMY__ 0.871537402091584 neg 0.06815836076148857 off 0.06030423714692748	false	1.0
stinktier	neg 1.0		__DUMMY__ 0.8513943449169485 off 0.07766218588756287 neg 0.07094346919548856	false	0.5
tucke	off 1.0		__DUMMY__ 0.8483793649027751 off 0.08193306535908823 neg 0.06968756973813663	false	1.0
ein			__DUMMY__ 0.8662886238835231 neg 0.06856375224979097 off 0.06514762386668588	false	0.0
abstieg	neg 1.0		__DUMMY__ 0.8751588102264002 off 0.06428385973021697 neg 0.060557330043382825	false	0.5
missverstehen	neg 1.0		__DUMMY__ 0.8648697368754543 off 0.0692514993039377 neg 0.06587876382060805	false	0.5
ergebnislos	neg 1.0		__DUMMY__ 0.8734331870131635 neg 0.06386911333932048 off 0.06269769964751595	false	1.0
unter			__DUMMY__ 0.8818394621471669 neg 0.06400766011658374 off 0.05415287773624927	false	0.0
manipulieren	neg 1.0		__DUMMY__ 0.8733538340780943 neg 0.06451224626987827 off 0.06213391965202731	false	1.0
unbewiesen	neg 1.0	neg 1.0	neg 0.5197924692991682 __DUMMY__ 0.42877345428094066 off 0.051434076419891145	false	1.0
verschleppen	neg 1.0		__DUMMY__ 0.8693771771633588 neg 0.06685912600052395 off 0.06376369683611713	false	1.0
weib	off 1.0		__DUMMY__ 0.8507348790787818 off 0.08219652652216897 neg 0.06706859439904925	false	1.0
opposition	neg 1.0		__DUMMY__ 0.8638978742732931 neg 0.0683534655911093 off 0.06774866013559756	false	1.0
verkehrswidrig	neg 1.0	neg 1.0	neg 0.5157239953496915 __DUMMY__ 0.42615796182577187 off 0.05811804282453666	false	1.0
inkorrekt	neg 1.0		__DUMMY__ 0.8586952909752762 off 0.07549173290931811 neg 0.0658129761154057	false	0.5
vermeiden	neg 1.0		__DUMMY__ 0.8770043526333173 neg 0.06551331843472587 off 0.057482328931956775	false	1.0
abweichung	neg 1.0	neg 1.0	neg 0.5170823158198595 __DUMMY__ 0.4343306202386846 off 0.04858706394145573	false	1.0
alkoholisiert	neg 1.0		__DUMMY__ 0.8765089132869898 neg 0.0628621694304935 off 0.06062891728251668	false	1.0
scheiss	off 1.0	off 1.0	off 0.5256831605732853 __DUMMY__ 0.4230531664645631 neg 0.051263672962151605	false	1.0
herausforderung	neg 1.0		__DUMMY__ 0.8715698940752828 neg 0.06458497736476307 off 0.06384512855995411	false	1.0
pervers	off 1.0		__DUMMY__ 0.8496548237807273 off 0.08453666182182555 neg 0.06580851439744712	false	1.0
wackelig	neg 1.0		__DUMMY__ 0.8718588048878211 neg 0.0647448414494782 off 0.06339635366270074	false	1.0
verwickeln	neg 1.0		__DUMMY__ 0.8652970889350325 off 0.06837185415060681 neg 0.06633105691436066	false	0.5
vorwand	neg 1.0		__DUMMY__ 0.8724941726092138 neg 0.06683341526028132 off 0.060672412130504866	false	1.0
muschi	off 1.0		__DUMMY__ 0.8686740896325766 neg 0.0656753596955882 off 0.06565055067183527	false	0.5
entmutigung	neg 1.0		__DUMMY__ 0.862933378755508 off 0.06916282973608465 neg 0.06790379150840739	false	0.5
unangemessen	neg 1.0		__DUMMY__ 0.8695553204699017 off 0.06529921669478607 neg 0.06514546283531215	false	0.5
unstetig	neg 1.0		__DUMMY__ 0.8645758827207805 off 0.0701450857473683 neg 0.06527903153185127	false	0.5
entmutigen	neg 1.0		__DUMMY__ 0.8671624257844102 off 0.06723308592074685 neg 0.06560448829484296	false	0.5
schwanz	neg 1.0		__DUMMY__ 0.869260051529088 neg 0.0674048426168627 off 0.06333510585404922	false	1.0
verbot	neg 1.0		__DUMMY__ 0.8665948691822886 neg 0.06835892434509182 off 0.06504620647261969	false	1.0
leid	neg 1.0		__DUMMY__ 0.857268215821111 off 0.0769289194632821 neg 0.0658028647156069	false	0.5
archaisch	neg 1.0		__DUMMY__ 0.867899867064955 neg 0.06721767496055923 off 0.06488245797448576	false	1.0
gegen			__DUMMY__ 0.8754438758929795 neg 0.06407786146806975 off 0.06047826263895082	false	0.0
scheidung	neg 1.0		__DUMMY__ 0.8531733061522943 off 0.0881668636225688 neg 0.05865983022513694	false	0.5
einschlag	neg 1.0		__DUMMY__ 0.8624651174333624 off 0.07563636094291169 neg 0.061898521623725944	false	0.5
m			__DUMMY__ 0.8700911087994375 neg 0.0659282773586939 off 0.06398061384186861	false	0.0
abgestanden	neg 1.0		__DUMMY__ 0.8604797803241561 neg 0.07385477810548896 off 0.06566544157035495	false	1.0
schmierig	off 1.0		__DUMMY__ 0.8577172612698125 off 0.07668901113858857 neg 0.06559372759159884	false	1.0
unpraktisch	neg 1.0		__DUMMY__ 0.8677974690256801 off 0.06739442792847967 neg 0.06480810304584018	false	0.5
wixxer	off 1.0		__DUMMY__ 0.8475621737220328 off 0.08492184953895926 neg 0.06751597673900807	false	1.0
bezeichnet			__DUMMY__ 0.8681388796300017 off 0.06672818547014098 neg 0.06513293489985737	false	0.0
jammerlappen	off 1.0		__DUMMY__ 0.8630634796541191 off 0.07157574575603758 neg 0.06536077458984342	false	1.0
farce	neg 1.0		__DUMMY__ 0.8650592963015189 neg 0.06828856587923168 off 0.06665213781924938	false	1.0
zwecklos	neg 1.0		__DUMMY__ 0.8689827831752311 neg 0.06671644341930352 off 0.06430077340546524	false	1.0
turbulent	neg 1.0		__DUMMY__ 0.8608308837677119 off 0.07353577762153123 neg 0.06563333861075689	false	0.5
invasion	neg 1.0		__DUMMY__ 0.8652468073834257 off 0.06894955338497043 neg 0.06580363923160389	false	0.5
schuld	neg 1.0		__DUMMY__ 0.8664793932850908 off 0.06767542087160362 neg 0.06584518584330545	false	0.5
risiko	neg 1.0		__DUMMY__ 0.8629412593032328 neg 0.06861161881239963 off 0.06844712188436759	false	1.0
finster	neg 1.0		__DUMMY__ 0.8660501104765178 neg 0.06856049514993089 off 0.06538939437355135	false	1.0
geisteskrank	off 1.0		__DUMMY__ 0.8600262398479973 off 0.07420663679401533 neg 0.06576712335798732	false	1.0
zusammenbrechen	neg 1.0		__DUMMY__ 0.8687243901862721 neg 0.06684322942833312 off 0.06443238038539476	false	1.0
ausbeute	neg 1.0		__DUMMY__ 0.8723885359612227 off 0.06485164813109627 neg 0.0627598159076811	false	0.5
hinterhalt	neg 1.0		__DUMMY__ 0.8682551969056787 neg 0.06720414830218364 off 0.06454065479213779	false	1.0
kritik	neg 1.0		__DUMMY__ 0.8650107147075528 neg 0.06858993433519987 off 0.06639935095724744	false	1.0
einschrumpfen	neg 1.0		__DUMMY__ 0.8592936985125166 off 0.07168587856135947 neg 0.06902042292612398	false	0.5
riskant	neg 1.0		__DUMMY__ 0.870592162223668 neg 0.06754603894916367 off 0.06186179882716838	false	1.0
frustrieren	neg 1.0		__DUMMY__ 0.8690587167060995 neg 0.06816650818250788 off 0.06277477511139275	false	1.0
groll	neg 1.0		__DUMMY__ 0.8705661408940848 neg 0.06492130232936413 off 0.06451255677655111	false	1.0
gibt			__DUMMY__ 0.8702370690027623 neg 0.06572097183579569 off 0.06404195916144201	false	0.0
qualvoll	neg 1.0		__DUMMY__ 0.8657308281076384 off 0.06831754594989368 neg 0.06595162594246803	false	0.5
wackeln	neg 1.0		__DUMMY__ 0.8682957226147863 off 0.06595279228553302 neg 0.06575148509968066	false	0.5
klagen	neg 1.0		__DUMMY__ 0.8715135532998467 neg 0.06753215677017668 off 0.06095428992997664	false	1.0
bankrott	neg 1.0		__DUMMY__ 0.8650592305806422 off 0.07075421024293348 neg 0.06418655917642431	false	0.5
trauern	neg 1.0		__DUMMY__ 0.8763004310391551 off 0.061871398987271835 neg 0.0618281699735731	false	0.5
ablehnung	neg 1.0		__DUMMY__ 0.8661182262457365 neg 0.06808336378114896 off 0.06579840997311454	false	1.0
stur	neg 1.0		__DUMMY__ 0.8655354432003508 off 0.06763228778054987 neg 0.06683226901909924	false	0.5
aufruhr	neg 1.0	neg 1.0	neg 0.520116104415957 __DUMMY__ 0.42942921632946335 off 0.05045467925457956	false	1.0
melancholie	neg 1.0		__DUMMY__ 0.8698533202228911 neg 0.06909894302382256 off 0.06104773675328631	false	1.0
ist			__DUMMY__ 0.8662368702209448 off 0.06806214380363036 neg 0.0657009859754249	false	0.0
torheit	neg 1.0		__DUMMY__ 0.866611914187255 off 0.06780382764170166 neg 0.06558425817104331	false	0.5
dreckskind	off 1.0		__DUMMY__ 0.8528334169109265 off 0.08121320948086157 neg 0.065953373608212	false	1.0
umtauschen	neg 1.0		__DUMMY__ 0.8679297115226269 neg 0.06690860593430968 off 0.0651616825430635	false	1.0
zum			__DUMMY__ 0.8822685584280558 neg 0.06012510242853511 off 0.05760633914340904	false	0.0
zersetzen	neg 1.0		__DUMMY__ 0.8701034036483833 neg 0.06811792225654406 off 0.06177867409507263	false	1.0
zur			__DUMMY__ 0.8771064484728354 neg 0.06504856811537443 off 0.057844983411790174	false	0.0
frust	neg 1.0		__DUMMY__ 0.8695505340216059 neg 0.06619719420791456 off 0.06425227177047962	false	1.0
unerbittlichkeit	neg 1.0		__DUMMY__ 0.8717292073707317 neg 0.06567068968074087 off 0.06260010294852753	false	1.0
zwei			__DUMMY__ 0.8781709482401009 neg 0.06475370987251841 off 0.05707534188738067	false	0.0
unkorrekt	neg 1.0		__DUMMY__ 0.8592654241687965 off 0.07400704319698845 neg 0.06672753263421496	false	0.5
hexe	off 1.0		__DUMMY__ 0.8601352149845378 off 0.07081174702817286 neg 0.06905303798728929	false	1.0
lasch	neg 1.0		__DUMMY__ 0.8639600533787261 off 0.070772359624843 neg 0.06526758699643087	false	0.5
rivale	neg 1.0		__DUMMY__ 0.8596992945648531 off 0.07533306080774106 neg 0.06496764462740583	false	0.5
mutlos	off 1.0	off 1.0	off 0.5184372926899339 __DUMMY__ 0.4312149235792091 neg 0.0503477837308572	false	1.0
wirr	off 1.0		__DUMMY__ 0.8583506226557515 off 0.07604287118152553 neg 0.06560650616272301	false	1.0
jahr			__DUMMY__ 0.877924943342622 off 0.06142519656636167 neg 0.06064986009101628	false	0.0
wird			__DUMMY__ 0.8709593410635966 neg 0.06568217225649317 off 0.06335848667991027	false	0.0
strafbar	neg 1.0		__DUMMY__ 0.87158059240285 neg 0.0659286308771463 off 0.062490776720003756	false	1.0
erosion	neg 1.0		__DUMMY__ 0.8675666671195955 off 0.06634263677795735 neg 0.06609069610244715	false	0.5
eingehen	neg 1.0		__DUMMY__ 0.8695388419353933 neg 0.06781742428044607 off 0.06264373378416052	false	1.0
faul	off 1.0		__DUMMY__ 0.8637558272532201 off 0.07033432344509259 neg 0.06590984930168738	false	1.0
provisorium	neg 1.0		__DUMMY__ 0.882390843615837 neg 0.06349136168391838 off 0.05411779470024464	false	1.0
schmerzen	neg 1.0		__DUMMY__ 0.867909309230814 neg 0.06750660511561067 off 0.06458408565357536	false	1.0
schrumpfen	neg 1.0		__DUMMY__ 0.8731497113362123 neg 0.06885315872554074 off 0.05799712993824689	false	1.0
geistlos	off 1.0		__DUMMY__ 0.8625826421743356 off 0.06966397433928048 neg 0.06775338348638402	false	1.0
fehlkauf	neg 1.0		__DUMMY__ 0.8633872781446547 off 0.06894932541662847 neg 0.0676633964387168	false	0.5
frustrierend	neg 1.0		__DUMMY__ 0.8640392829745498 off 0.07028156301190439 neg 0.06567915401354589	false	0.5
unzufrieden	neg 1.0		__DUMMY__ 0.869408602236069 neg 0.06649472235235428 off 0.0640966754115768	false	1.0
verzweifeln	neg 1.0		__DUMMY__ 0.8691504100143254 neg 0.06551020450507807 off 0.06533938548059653	false	1.0
verzweifelt	neg 1.0		__DUMMY__ 0.8663030543014277 off 0.06772006462397928 neg 0.06597688107459299	false	0.5
misstrauensantrag	neg 1.0		__DUMMY__ 0.8655255009781113 off 0.06824929300581814 neg 0.06622520601607046	false	0.5
abfallen	neg 1.0		__DUMMY__ 0.8671287823383114 neg 0.06676155456996546 off 0.06610966309172328	false	1.0
fucker	off 1.0		__DUMMY__ 0.860533682388944 off 0.07503760019590376 neg 0.06442871741515217	false	1.0
ungezogen	neg 1.0		__DUMMY__ 0.8525132696937934 off 0.082128772136659 neg 0.06535795816954758	false	0.5
irrsinnig	neg 1.0	neg 1.0	neg 0.5206214866428942 __DUMMY__ 0.4282716089441424 off 0.05110690441296352	false	1.0
unfassbar	neg 1.0		__DUMMY__ 0.8625303692888885 off 0.07244028303724709 neg 0.06502934767386444	false	0.5
hart	neg 1.0		__DUMMY__ 0.8562642429050321 off 0.07242236441586848 neg 0.07131339267909938	false	0.5
widerlich	off 1.0		__DUMMY__ 0.8611028500542253 off 0.07302562749148896 neg 0.06587152245428583	false	1.0
fatal	neg 1.0	neg 1.0	neg 0.522901180700465 __DUMMY__ 0.4246479087754576 off 0.05245091052407732	false	1.0
bruch	neg 1.0		__DUMMY__ 0.876442886192758 neg 0.06395229425049061 off 0.059604819556751384	false	1.0
aushungern	neg 1.0		__DUMMY__ 0.866144266489509 neg 0.0685563183938034 off 0.06529941511668755	false	1.0
anspannung	neg 1.0		__DUMMY__ 0.879447046582536 neg 0.06314263718637131 off 0.057410316231092676	false	1.0
von			__DUMMY__ 0.8736388090567865 neg 0.06569534817451018 off 0.060665842768703286	false	0.0
kraftlos	neg 1.0		__DUMMY__ 0.8706637869005265 neg 0.06594322508420139 off 0.06339298801527223	false	1.0
vom			__DUMMY__ 0.8844177393180103 neg 0.061066586221238596 off 0.05451567446075108	false	0.0
grenzdebil	off 1.0		__DUMMY__ 0.860928850124728 off 0.07271560435685985 neg 0.06635554551841223	false	1.0
vor			__DUMMY__ 0.874304014223076 neg 0.06595434237184068 off 0.05974164340508328	false	0.0
unterwerfen	neg 1.0		__DUMMY__ 0.8710364200060132 neg 0.06588219559450095 off 0.0630813843994858	false	1.0
versenkung	neg 1.0		__DUMMY__ 0.8716616986249798 neg 0.0657141462278653 off 0.06262415514715497	false	1.0
entziehen	neg 1.0		__DUMMY__ 0.8725694510031228 neg 0.0668154557524495 off 0.06061509324442768	false	1.0
finanzkrise	neg 1.0		__DUMMY__ 0.8606646916371263 neg 0.07330773208409869 off 0.06602757627877506	false	1.0
schimpfend	neg 1.0		__DUMMY__ 0.8689859671313035 off 0.06663726881094945 neg 0.06437676405774716	false	0.5
profan	neg 1.0		__DUMMY__ 0.8651435686395634 off 0.06869997670895407 neg 0.0661564546514825	false	0.5
korruption	neg 1.0		__DUMMY__ 0.8668346794236523 neg 0.06855150027784088 off 0.06461382029850676	false	1.0
â			__DUMMY__ 0.8696750027653184 neg 0.06699926540973716 off 0.06332573182494437	false	0.0
schmutzig	neg 1.0		__DUMMY__ 0.8616223786361683 off 0.07288583185490287 neg 0.06549178950892878	false	0.5
sexy	neg 1.0		__DUMMY__ 0.8648898540186477 off 0.07021014523901789 neg 0.06490000074233436	false	0.5
abraten	neg 1.0		__DUMMY__ 0.8666126908624384 off 0.06814913257943891 neg 0.06523817655812265	false	0.5
schwarz	neg 1.0		__DUMMY__ 0.8655203558882386 off 0.06861856523329475 neg 0.06586107887846661	false	0.5
fotze	off 1.0	off 1.0	off 0.5187024421442604 __DUMMY__ 0.430893826669166 neg 0.05040373118657362	false	1.0
verwirren	neg 1.0		__DUMMY__ 0.8654568574462081 off 0.06902030134461325 neg 0.06552284120917856	false	0.5
zahnlos	off 1.0		__DUMMY__ 0.868529560572108 neg 0.06636522465634263 off 0.0651052147715495	false	0.5
verheeren	neg 1.0		__DUMMY__ 0.8526683287032154 off 0.08370891402955102 neg 0.06362275726723358	false	0.5
hippie	neg 1.0		__DUMMY__ 0.8643713404406269 off 0.0699436877444816 neg 0.06568497181489145	false	0.5
rammen	neg 1.0		__DUMMY__ 0.8677535702279009 off 0.06637328614203354 neg 0.06587314363006554	false	0.5
unlauter	neg 1.0		__DUMMY__ 0.8643094615860901 off 0.0685147569275227 neg 0.06717578148638723	false	0.5
unheilvoll	neg 1.0		__DUMMY__ 0.8659793430934978 off 0.06716291499986128 neg 0.06685774190664096	false	0.5
niedrig	neg 1.0		__DUMMY__ 0.8680904839131436 neg 0.06878675148628569 off 0.06312276460057076	false	1.0
explosion	neg 1.0		__DUMMY__ 0.8649646499631168 off 0.06973169940580054 neg 0.06530365063108265	false	0.5
weichei	off 1.0	off 1.0	off 0.5291787816139156 __DUMMY__ 0.4198295005363993 neg 0.05099171784968502	false	1.0
minusmensch	off 1.0		__DUMMY__ 0.8510669201136108 off 0.083666424070631 neg 0.06526665581575822	false	1.0
farblos	neg 1.0		__DUMMY__ 0.8650231490560362 neg 0.06802226035292123 off 0.06695459059104257	false	1.0
unwissend	neg 1.0	neg 1.0	neg 0.5209472218455854 __DUMMY__ 0.4249720417506525 off 0.05408073640376204	false	1.0
traurig	neg 1.0		__DUMMY__ 0.8596670022417028 off 0.07499436094062382 neg 0.06533863681767334	false	0.5
senkung	neg 1.0		__DUMMY__ 0.8604599511681962 neg 0.07033310409032992 off 0.06920694474147392	false	1.0
ungleich	neg 1.0	neg 1.0	neg 0.5203289082952233 __DUMMY__ 0.4317537206477081 off 0.04791737105706873	false	1.0
heikel	neg 1.0		__DUMMY__ 0.8714420936175692 neg 0.06652371065777467 off 0.06203419572465603	false	1.0
drosselung	neg 1.0		__DUMMY__ 0.8569640296051094 off 0.07271795220353491 neg 0.07031801819135576	false	0.5
falsch	neg 1.0		__DUMMY__ 0.8645136194515153 off 0.07040201628320475 neg 0.06508436426527993	false	0.5
unzufriedenheit	neg 1.0		__DUMMY__ 0.8694906725368795 neg 0.06859924273142112 off 0.061910084731699386	false	1.0
kurz	neg 1.0		__DUMMY__ 0.8713937081281421 neg 0.06467803828777795 off 0.0639282535840799	false	1.0
unsinnig	neg 1.0		__DUMMY__ 0.8662677974375106 neg 0.06816734612900319 off 0.06556485643348624	false	1.0
penner	off 1.0	off 1.0	off 0.5306984358873454 __DUMMY__ 0.4192834851980403 neg 0.05001807891461415	false	1.0
seicht	neg 1.0		__DUMMY__ 0.8501826764774825 off 0.08161953759982829 neg 0.06819778592268924	false	0.5
dummheit	off 1.0	off 1.0	off 0.5227175698238534 __DUMMY__ 0.4260009350873054 neg 0.051281495088841236	false	1.0
unerfreulich	neg 1.0		__DUMMY__ 0.8720813617852373 neg 0.0662483873246164 off 0.06167025089014629	false	1.0
motherfucker	off 1.0	off 1.0	off 0.5265625134264562 __DUMMY__ 0.42384489958811056 neg 0.049592586985433285	false	1.0
pikiert	neg 1.0	neg 1.0	neg 0.5209640028224001 __DUMMY__ 0.42452743681814964 off 0.05450856035945038	false	1.0
wrack	neg 1.0		__DUMMY__ 0.877026693839616 off 0.06392586533392526 neg 0.05904744082645875	false	0.5
gangster	neg 1.0		__DUMMY__ 0.8640847478395569 off 0.07011599173838373 neg 0.06579926042205937	false	0.5
krank	neg 1.0	neg 1.0	neg 0.5188908862256821 __DUMMY__ 0.42608782250896315 off 0.055021291265354696	false	1.0
reich	neg 1.0		__DUMMY__ 0.8608924773517238 off 0.07049718701799641 neg 0.06861033563027986	false	0.5
gnadenlos	neg 1.0		__DUMMY__ 0.867621718509084 off 0.06743773772104603 neg 0.06494054376986998	false	0.5
niedergeschlagen	neg 1.0		__DUMMY__ 0.8712319575687802 neg 0.06514046257620354 off 0.06362757985501626	false	1.0
terrorisieren	off 1.0	off 1.0	off 0.5175089361663362 __DUMMY__ 0.43248194956667774 neg 0.050009114266986	false	1.0
sinnlosigkeit	neg 1.0		__DUMMY__ 0.8693906975214147 neg 0.06603667877259041 off 0.06457262370599491	false	1.0
behindern	neg 1.0		__DUMMY__ 0.8666201006370221 neg 0.06745501305410476 off 0.06592488630887311	false	1.0
undemokratisch	neg 1.0		__DUMMY__ 0.8643044325821796 off 0.06904102930551528 neg 0.06665453811230504	false	0.5
wirtschaftskrise	neg 1.0		__DUMMY__ 0.8648941755687337 neg 0.0709234461079129 off 0.06418237832335333	false	1.0
neid	neg 1.0		__DUMMY__ 0.8646536018483395 off 0.06952542487611645 neg 0.0658209732755441	false	0.5
rutschen	neg 1.0		__DUMMY__ 0.8780759715097696 neg 0.06514182991241325 off 0.05678219857781704	false	1.0
rezession	neg 1.0		__DUMMY__ 0.8539340196624394 off 0.07546169603267702 neg 0.07060428430488364	false	0.5
fehlgeburt	neg 1.0		__DUMMY__ 0.8702634413807271 off 0.0662552109455166 neg 0.06348134767375639	false	0.5
charakterschwach	off 1.0		__DUMMY__ 0.8610248547362356 off 0.07260267571155732 neg 0.06637246955220708	false	1.0
isolation	neg 1.0		__DUMMY__ 0.8654133286863253 off 0.07024541759790391 neg 0.06434125371577086	false	0.5
ablenkung	neg 1.0		__DUMMY__ 0.869448385302898 off 0.0659518496822544 neg 0.0645997650148475	false	0.5
pech	neg 1.0		__DUMMY__ 0.8643260647765827 off 0.07029178243063432 neg 0.06538215279278292	false	0.5
vermeidung	neg 1.0		__DUMMY__ 0.8604759923283052 off 0.07259363216928041 neg 0.06693037550241447	false	0.5
dominieren	neg 1.0		__DUMMY__ 0.8706222142440937 off 0.06482746496214115 neg 0.06455032079376509	false	0.5
schwindlig	neg 1.0		__DUMMY__ 0.8654351597153094 off 0.0678404880732213 neg 0.06672435221146936	false	0.5
lutscher	neg 1.0	neg 1.0	neg 0.5214834602442209 __DUMMY__ 0.41546496704130303 off 0.06305157271447608	false	1.0
pflicht	neg 1.0		__DUMMY__ 0.8741831581026154 neg 0.0650019606255543 off 0.0608148812718303	false	1.0
faschist	off 1.0		__DUMMY__ 0.8641480243192367 off 0.07051101729108318 neg 0.06534095838968017	false	1.0
verschleudern	neg 1.0		__DUMMY__ 0.8663857215682955 neg 0.07077111925233787 off 0.0628431591793666	false	1.0
wenn			__DUMMY__ 0.8631796292796834 off 0.07126155544088449 neg 0.06555881527943215	false	0.0
ehebruch	neg 1.0		__DUMMY__ 0.8698848255587955 neg 0.06643241872426389 off 0.06368275571694053	false	1.0
spott	off 1.0		__DUMMY__ 0.8713772726080355 neg 0.06507366447908589 off 0.06354906291287869	false	0.5
trostlosigkeit	neg 1.0		__DUMMY__ 0.8702453668518254 neg 0.06913938474596427 off 0.06061524840221026	false	1.0
lutschen	neg 1.0		__DUMMY__ 0.8630614538945557 off 0.07054671063191781 neg 0.06639183547352646	false	0.5
undiszipliniert	neg 1.0		__DUMMY__ 0.8607393793183393 off 0.07423300415620411 neg 0.0650276165254566	false	0.5
kopfschmerz	neg 1.0		__DUMMY__ 0.8680190046781092 neg 0.06942548290941208 off 0.06255551241247866	false	1.0
unvorhergesehen	neg 1.0		__DUMMY__ 0.8741903361024274 neg 0.06549534912705415 off 0.06031431477051863	false	1.0
desinteressiert	neg 1.0		__DUMMY__ 0.8603617508798056 off 0.07367668643435246 neg 0.06596156268584201	false	0.5
armselig	off 1.0		__DUMMY__ 0.8588389244407246 off 0.07609653170726619 neg 0.06506454385200922	false	1.0
desaster	neg 1.0		__DUMMY__ 0.872055699770259 neg 0.06771317524119719 off 0.06023112498854372	false	1.0
tod	neg 1.0		__DUMMY__ 0.8729448129311081 neg 0.0647577798726608 off 0.0622974071962311	false	1.0
herzlos	neg 1.0		__DUMMY__ 0.8590610966521222 off 0.07543106729057542 neg 0.06550783605730254	false	0.5
unwissenheit	neg 1.0		__DUMMY__ 0.8689482143036882 neg 0.0668399278691736 off 0.0642118578271383	false	1.0
widersinnig	neg 1.0		__DUMMY__ 0.8655945643544969 neg 0.06863247609062667 off 0.06577295955487635	false	1.0
bedenklich	neg 1.0		__DUMMY__ 0.8689691145354569 neg 0.06767267041592992 off 0.06335821504861312	false	1.0
beanstanden	neg 1.0		__DUMMY__ 0.8740028923871592 neg 0.06459046720456448 off 0.06140664040827641	false	1.0
panisch	neg 1.0		__DUMMY__ 0.8678625158734927 off 0.06795889759889852 neg 0.06417858652760888	false	0.5
debil	off 1.0		__DUMMY__ 0.8780697849222645 neg 0.06733591714111485 off 0.054594297936620656	false	0.5
abstrich	neg 1.0		__DUMMY__ 0.8672593512283827 neg 0.06900644756476561 off 0.06373420120685164	false	1.0
primitiv	neg 1.0		__DUMMY__ 0.860810061777322 off 0.07393198350904588 neg 0.06525795471363217	false	0.5
abschaum	off 1.0	off 1.0	off 0.5248800701344828 __DUMMY__ 0.42650421932271054 neg 0.04861571054280661	false	1.0
provozieren	neg 1.0		__DUMMY__ 0.8660055865824274 off 0.06742947739953767 neg 0.0665649360180349	false	0.5
tot	neg 1.0		__DUMMY__ 0.8682761322596549 neg 0.06808867805984546 off 0.06363518968049957	false	1.0
instabil	neg 1.0		__DUMMY__ 0.8583833941419794 off 0.07633984752856338 neg 0.06527675832945726	false	0.5
schwuchtel	off 1.0	off 1.0	off 0.5364863899891881 __DUMMY__ 0.41291065376052877 neg 0.050602956250283194	false	1.0
zerren	neg 1.0		__DUMMY__ 0.8713931714777023 neg 0.06488778538037576 off 0.06371904314192184	false	1.0
kinderficker	off 1.0		__DUMMY__ 0.8562932489027657 off 0.07846209439262171 neg 0.06524465670461256	false	1.0
gefahr	neg 1.0		__DUMMY__ 0.8731357727333728 neg 0.06565138170006123 off 0.06121284556656589	false	1.0
rabiat	neg 1.0		__DUMMY__ 0.8669097648502881 neg 0.06752058055584712 off 0.06556965459386477	false	1.0
verlangsamung	neg 1.0		__DUMMY__ 0.8544447675028435 off 0.08025860206604817 neg 0.06529663043110834	false	0.5
ausgestorben	neg 1.0		__DUMMY__ 0.8691911506019917 neg 0.06567006321411759 off 0.06513878618389075	false	1.0
anklagen	neg 1.0		__DUMMY__ 0.8689926954587223 neg 0.06610694028194417 off 0.06490036425933358	false	1.0
trott	neg 1.0		__DUMMY__ 0.8675662317524544 neg 0.0662395965426581 off 0.06619417170488745	false	1.0
verminderung	neg 1.0		__DUMMY__ 0.8610890323015558 off 0.0726123666113616 neg 0.06629860108708266	false	0.5
nach			__DUMMY__ 0.8805122344737987 neg 0.06388616977700186 off 0.05560159574919939	false	0.0
rost	neg 1.0		__DUMMY__ 0.8572296075686336 off 0.08135039319584744 neg 0.06141999923551892	false	0.5
destruktiv	neg 1.0		__DUMMY__ 0.866923280476057 neg 0.06674204556950829 off 0.06633467395443472	false	1.0
unzumutbarkeit	neg 1.0		__DUMMY__ 0.86213019599312 off 0.07262392885639311 neg 0.06524587515048695	false	0.5
labil	off 1.0	off 1.0	off 0.5242987390194689 __DUMMY__ 0.42534742037993534 neg 0.05035384060059589	false	1.0
ziemlich	neg 1.0		__DUMMY__ 0.8634615960123078 off 0.07208602502436061 neg 0.06445237896333163	false	0.5
lachnummer	off 1.0		__DUMMY__ 0.8680898300151639 off 0.06709969658927634 neg 0.06481047339555976	false	1.0
oder			__DUMMY__ 0.8689732313289937 off 0.06664693480086373 neg 0.0643798338701426	false	0.0
verfall	neg 1.0		__DUMMY__ 0.8725522091209084 neg 0.06937764036865536 off 0.05807015051043624	false	1.0
ausgrenzung	neg 1.0		__DUMMY__ 0.8640160609169807 off 0.06890554440921036 neg 0.06707839467380898	false	0.5
unordnung	neg 1.0		__DUMMY__ 0.8570708638660367 off 0.07654381899664625 neg 0.066385317137317	false	0.5
fehlverhalten	neg 1.0		__DUMMY__ 0.8712825339629148 neg 0.06614256926855062 off 0.06257489676853462	false	1.0
eine			__DUMMY__ 0.8731430094024039 neg 0.06660137873438932 off 0.060255611863206784	false	0.0
nille	neg 1.0		__DUMMY__ 0.867290305933255 off 0.06671906418458928 neg 0.06599062988215577	false	0.5
qual	neg 1.0		__DUMMY__ 0.8673933786594298 neg 0.06672732258407905 off 0.06587929875649123	false	1.0
verschwenden	neg 1.0		__DUMMY__ 0.8694557036800443 neg 0.0684977248367026 off 0.06204657148325304	false	1.0
riesig	neg 1.0		__DUMMY__ 0.8720456138677386 neg 0.06579346790500884 off 0.062160918227252636	false	1.0
verurteilen	neg 1.0		__DUMMY__ 0.8685631443738541 neg 0.0666835093931957 off 0.06475334623295032	false	1.0
klischee	neg 1.0	neg 1.0	neg 0.5208420363663354 __DUMMY__ 0.42566001030921685 off 0.05349795332444777	false	1.0
diktatorisch	neg 1.0		__DUMMY__ 0.8634601523116274 off 0.0691497593112266 neg 0.06739008837714601	false	0.5
vorhersehbar	neg 1.0		__DUMMY__ 0.8630426864959827 off 0.06966908782845004 neg 0.06728822567556729	false	0.5
sowie			__DUMMY__ 0.8542357283739231 off 0.07765341704640977 neg 0.06811085457966695	false	0.0
stornieren	neg 1.0		__DUMMY__ 0.8703878332390622 off 0.06905695390151256 neg 0.06055521285942513	false	0.5
besteuerung	neg 1.0	neg 1.0	neg 0.5245574482394675 __DUMMY__ 0.4245020954888365 off 0.050940456271696084	false	1.0
ungeschminkt	neg 1.0		__DUMMY__ 0.8602074269367993 off 0.0734903444106678 neg 0.0663022286525329	false	0.5
kritisch	neg 1.0		__DUMMY__ 0.86967123026476 neg 0.06601989401341046 off 0.06430887572182961	false	1.0
schlamperei	off 1.0		__DUMMY__ 0.8700669368265913 neg 0.06701583754149727 off 0.06291722563191134	false	0.5
sucht	neg 1.0	neg 1.0	neg 0.5187301664907316 __DUMMY__ 0.43029515926316897 off 0.050974674246099444	false	1.0
egoistisch	off 1.0	off 1.0	off 0.5290902608589154 __DUMMY__ 0.42182448765553265 neg 0.04908525148555197	false	1.0
ausbeuter	off 1.0		__DUMMY__ 0.8686157002432168 neg 0.06906215424461674 off 0.06232214551216649	false	0.5
arschgeburt	off 1.0		__DUMMY__ 0.8459141689392358 off 0.08769977558713468 neg 0.06638605547362951	false	1.0
schubs	neg 1.0		__DUMMY__ 0.8681867717015193 neg 0.0690973513805394 off 0.06271587691794134	false	1.0
unsolide	neg 1.0		__DUMMY__ 0.8660018876757389 off 0.06951694102662201 neg 0.06448117129763906	false	0.5
beschwerde	neg 1.0		__DUMMY__ 0.8698796646061264 neg 0.06558403429347902 off 0.0645363011003945	false	1.0
stocken	neg 1.0		__DUMMY__ 0.870423431634596 neg 0.06615492590155243 off 0.06342164246385161	false	1.0
isolieren	neg 1.0		__DUMMY__ 0.868174260533708 neg 0.06735545603958425 off 0.0644702834267076	false	1.0
unheilbar	neg 1.0		__DUMMY__ 0.8682943383523251 off 0.06664943177591871 neg 0.0650562298717563	false	0.5
pisser	off 1.0	off 1.0	off 0.5270526831922294 __DUMMY__ 0.4230232888875692 neg 0.04992402792020133	false	1.0
löschen	neg 1.0		__DUMMY__ 0.8660237091417703 neg 0.06707477398374424 off 0.06690151687448542	false	1.0
durchfallen	neg 1.0		__DUMMY__ 0.8701697866385955 neg 0.06586267948224507 off 0.06396753387915939	false	1.0
wichser	off 1.0	off 1.0	off 0.5331895288689575 __DUMMY__ 0.417100355664261 neg 0.049710115466781446	false	1.0
terror	neg 1.0		__DUMMY__ 0.864615388217454 off 0.0695073131368458 neg 0.06587729864570012	false	0.5
krass	neg 1.0		__DUMMY__ 0.8575663779007338 off 0.07683932784373315 neg 0.06559429425553302	false	0.5
revolte	neg 1.0		__DUMMY__ 0.8600691806766549 off 0.07051335017278507 neg 0.06941746915056	false	0.5
besorgt	neg 1.0		__DUMMY__ 0.872210825427116 off 0.06425986919051128 neg 0.06352930538237261	false	0.5
nachlassen	neg 1.0		__DUMMY__ 0.872270186764508 neg 0.06461936907473154 off 0.06311044416076048	false	1.0
alt	neg 1.0		__DUMMY__ 0.8646358169557368 neg 0.07307911331019414 off 0.062285069734069054	false	1.0
hundesohn	off 1.0	off 1.0	off 0.5325748808955975 __DUMMY__ 0.4170492228778763 neg 0.05037589622652616	false	1.0
als			__DUMMY__ 0.8689602902596539 neg 0.06669538450614612 off 0.06434432523419988	false	0.0
abschreckung	neg 1.0		__DUMMY__ 0.8709741068069262 neg 0.06727944424755361 off 0.06174644894552022	false	1.0
unqualifiziert	neg 1.0		__DUMMY__ 0.8637569389352332 off 0.07111633200081549 neg 0.06512672906395138	false	0.5
abgewichst	off 1.0		__DUMMY__ 0.8686225025514639 off 0.06592012520164556 neg 0.0654573722468905	false	1.0
schwer	neg 1.0		__DUMMY__ 0.8688258588521256 off 0.06583638000252375 neg 0.06533776114535057	false	0.5
bedeutungslosigkeit	neg 1.0		__DUMMY__ 0.8708199846398017 neg 0.06692393562333479 off 0.062256079736863534	false	1.0
kapitulation	neg 1.0		__DUMMY__ 0.8671796244881995 neg 0.06880744321285592 off 0.06401293229894447	false	1.0
unscharf	neg 1.0		__DUMMY__ 0.8620621643825882 neg 0.06993198568396769 off 0.06800584993344413	false	1.0
schwinden	neg 1.0		__DUMMY__ 0.8697330166429155 neg 0.06797764508405889 off 0.062289338273025636	false	1.0
versklavung	neg 1.0	neg 1.0	neg 0.522289305865289 __DUMMY__ 0.4258649217685863 off 0.05184577236612471	false	1.0
schlecht	neg 1.0		__DUMMY__ 0.8635652327400387 off 0.07227635528941902 neg 0.06415841197054219	false	0.5
verhasst	neg 1.0		__DUMMY__ 0.8648305403360197 off 0.06813535640628113 neg 0.06703410325769915	false	0.5
beschweren	neg 1.0		__DUMMY__ 0.8670074131432465 off 0.06833978716883184 neg 0.06465279968792173	false	0.5
scheiden	neg 1.0		__DUMMY__ 0.8686434146915559 off 0.06602750789660874 neg 0.06532907741183534	false	0.5
frustriert	neg 1.0		__DUMMY__ 0.8693911717919375 neg 0.06557734871665927 off 0.06503147949140328	false	1.0
schimmelig	neg 1.0		__DUMMY__ 0.8668404650162163 neg 0.07049851177434582 off 0.06266102320943795	false	1.0
fisch	neg 1.0		__DUMMY__ 0.8684370621175711 neg 0.07220721957018847 off 0.059355718312240416	false	1.0
schmuggel	neg 1.0		__DUMMY__ 0.8744656791075268 neg 0.0651789607868671 off 0.060355360105606125	false	1.0
auffallen	neg 1.0		__DUMMY__ 0.8658706121951545 off 0.06876860140615038 neg 0.06536078639869519	false	0.5
konkurrenz	neg 1.0		__DUMMY__ 0.8741064718990351 neg 0.06404637004128598 off 0.06184715805967883	false	1.0
teufelskreis	neg 1.0	neg 1.0	neg 0.5223226372783296 __DUMMY__ 0.4278066472960925 off 0.049870715425577826	false	1.0
aufschreien	neg 1.0		__DUMMY__ 0.8633564664635734 off 0.06945164153235404 neg 0.06719189200407258	false	0.5
schuldner	neg 1.0		__DUMMY__ 0.867499420361854 neg 0.07048364198123314 off 0.062016937656912775	false	1.0
missgeburt	off 1.0	off 1.0	off 0.5310270690849602 __DUMMY__ 0.42026981635284644 neg 0.04870311456219338	false	1.0
arbeitslos	neg 1.0		__DUMMY__ 0.8692149629199813 neg 0.0668618152292676 off 0.06392322185075108	false	1.0
befallen	neg 1.0		__DUMMY__ 0.862739302218858 neg 0.07182435459326829 off 0.06543634318787368	false	1.0
miesepetrig	off 1.0	off 1.0	off 0.5239144994854836 __DUMMY__ 0.4261250475282466 neg 0.04996045298626982	false	1.0
alarmieren	neg 1.0		__DUMMY__ 0.8629336230609846 off 0.07153303977824804 neg 0.06553333716076733	false	0.5
ungeduscht	off 1.0		__DUMMY__ 0.8624226859082624 off 0.07032701156786525 neg 0.06725030252387243	false	1.0
knappheit	neg 1.0		__DUMMY__ 0.866094245247565 neg 0.06968130202170261 off 0.06422445273073243	false	1.0
schlange	neg 1.0		__DUMMY__ 0.8686340422257237 off 0.06653836754085043 neg 0.06482759023342582	false	0.5
harsch	neg 1.0		__DUMMY__ 0.8606243117520577 off 0.07644053106693108 neg 0.06293515718101128	false	0.5
lang	neg 1.0		__DUMMY__ 0.8663353670964299 off 0.06771968992505151 neg 0.06594494297851856	false	0.5
ziellos	neg 1.0		__DUMMY__ 0.8727405129691381 neg 0.06507062857318367 off 0.06218885845767827	false	1.0
selbstverliebt	neg 1.0		__DUMMY__ 0.8515927283308246 off 0.08452809927325662 neg 0.06387917239591881	false	0.5
beseitigen	neg 1.0		__DUMMY__ 0.8693851850354234 off 0.0661133105575647 neg 0.06450150440701194	false	0.5
dumm	off 1.0		__DUMMY__ 0.8552622400935419 off 0.07920351534996037 neg 0.0655342445564978	false	1.0
arbeitsloser	neg 1.0		__DUMMY__ 0.8750181992919889 off 0.06415092379984885 neg 0.06083087690816227	false	0.5
blitzen	neg 1.0		__DUMMY__ 0.8625315292585714 off 0.07047880020619997 neg 0.0669896705352287	false	0.5
hilflos	neg 1.0		__DUMMY__ 0.8693350620768306 neg 0.06679882598537565 off 0.06386611193779368	false	1.0
eklig	off 1.0		__DUMMY__ 0.8530306717684037 off 0.07957621806094152 neg 0.0673931101706548	false	1.0
begriff			__DUMMY__ 0.8687287910714523 off 0.06605512164182459 neg 0.06521608728672317	false	0.0
hungersnot	neg 1.0		__DUMMY__ 0.8667786250545152 neg 0.0689610150108333 off 0.06426035993465153	false	1.0
ungesetzlich	neg 1.0		__DUMMY__ 0.8648302799848212 off 0.06931304274614247 neg 0.06585667726903632	false	0.5
verschwendung	neg 1.0		__DUMMY__ 0.8706678220455005 neg 0.06723600319214773 off 0.06209617476235169	false	1.0
schmerzvoll	neg 1.0		__DUMMY__ 0.8650921960251008 off 0.0678823226428411 neg 0.06702548133205823	false	0.5
vorzeitig	neg 1.0		__DUMMY__ 0.866407257506186 off 0.0717032904637427 neg 0.06188945203007128	false	0.5
unvollkommenheit	neg 1.0		__DUMMY__ 0.8690548332726581 neg 0.06631524869474174 off 0.06462991803260007	false	1.0
intervenieren	neg 1.0		__DUMMY__ 0.8673357879971698 neg 0.06972458036421342 off 0.06293963163861688	false	1.0
banause	off 1.0		__DUMMY__ 0.8491395840633053 off 0.081166417379202 neg 0.06969399855749277	false	1.0
rebell	neg 1.0		__DUMMY__ 0.8707936206224527 neg 0.0713270002828277 off 0.057879379094719574	false	1.0
unlogisch	neg 1.0		__DUMMY__ 0.858536534636316 off 0.07480845946886111 neg 0.06665500589482298	false	0.5
leiden	neg 1.0		__DUMMY__ 0.8756712722656261 neg 0.06392910484481669 off 0.060399622889557227	false	1.0
abschaffung	neg 1.0		__DUMMY__ 0.8643769503094729 neg 0.06798419379706978 off 0.06763885589345733	false	1.0
sturz	neg 1.0		__DUMMY__ 0.869562575199445 off 0.06849629423808176 neg 0.061941130562473246	false	0.5
verkleinerung	neg 1.0		__DUMMY__ 0.8587735475059661 off 0.07084978050415842 neg 0.07037667198987542	false	0.5
schmarotzer	off 1.0		__DUMMY__ 0.8686220425141604 neg 0.06646946839766503 off 0.06490848908817462	false	0.5
bestrafung	neg 1.0	neg 1.0	neg 0.5198350773506186 __DUMMY__ 0.4293649486234009 off 0.05079997402598041	false	1.0
achtlos	neg 1.0		__DUMMY__ 0.8705314804766874 off 0.06493546281336228 neg 0.06453305670995023	false	0.5
ungeheuer	neg 1.0		__DUMMY__ 0.8663129969509541 neg 0.06703639689390381 off 0.06665060615514212	false	1.0
unaufrichtig	neg 1.0		__DUMMY__ 0.8639149193451602 off 0.07101300879580183 neg 0.06507207185903789	false	0.5
groggy	neg 1.0		__DUMMY__ 0.8651740390103742 off 0.06996287778761004 neg 0.06486308320201589	false	0.5
