unsolidarisch	neg 1.0		neg 0.4985802695047649 off 0.4947238134250396 __DUMMY__ 0.006695917070195423	false	1.0
nachteilig	neg 1.0		neg 0.49956290310024565 off 0.4936492280779812 __DUMMY__ 0.006787868821773268	false	1.0
skeptisch	neg 1.0		neg 0.501960153717818 off 0.4912601175320661 __DUMMY__ 0.006779728750115857	false	1.0
schrecklich	neg 1.0		off 0.5031592496704751 neg 0.49020960514443185 __DUMMY__ 0.006631145185092928	false	0.5
schlapp	neg 1.0	neg 1.0	neg 0.7316297419624801 off 0.2652130404366905 __DUMMY__ 0.003157217600829485	false	1.0
abfall	neg 1.0		neg 0.502640452663774 off 0.4905174443931284 __DUMMY__ 0.006842102943097583	false	1.0
widerspenstig	neg 1.0		neg 0.49993720953791804 off 0.4933518120075785 __DUMMY__ 0.006710978454503351	false	1.0
abrupt	neg 1.0		neg 0.5040199394609733 off 0.4892240722995472 __DUMMY__ 0.006755988239479461	false	1.0
unwirksam	neg 1.0		neg 0.5020901818915361 off 0.49126185014052787 __DUMMY__ 0.00664796796793597	false	1.0
angreifen	neg 1.0		neg 0.5022489636274858 off 0.49096176503631417 __DUMMY__ 0.006789271336200049	false	1.0
inkonsistent	neg 1.0		neg 0.4967068736462152 off 0.49661228494161436 __DUMMY__ 0.006680841412170469	false	1.0
abrutschen	neg 1.0		neg 0.5038293162149586 off 0.48933938768884994 __DUMMY__ 0.00683129609619153	false	1.0
unsicher	neg 1.0		neg 0.49717604561472306 off 0.49607750522937505 __DUMMY__ 0.006746449155901948	false	1.0
bauernkind	off 1.0	off 1.0	off 0.7355060933665777 neg 0.2614079101410471 __DUMMY__ 0.003085996492375124	false	1.0
angreifer	neg 1.0		off 0.5007600325327799 neg 0.49251397447846046 __DUMMY__ 0.006725992988759551	false	0.5
trennen	neg 1.0		neg 0.5015944351837527 off 0.4916010093387183 __DUMMY__ 0.006804555477528942	false	1.0
schmutz	neg 1.0		off 0.5025864337877455 neg 0.49064171220601355 __DUMMY__ 0.0067718540062407994	false	0.5
inkonsistenz	neg 1.0		off 0.5000913901267572 neg 0.4932251954888493 __DUMMY__ 0.0066834143843935	false	0.5
erschreckend	neg 1.0		neg 0.49847749223716936 off 0.4947822848648098 __DUMMY__ 0.006740222898020892	false	1.0
ertrinken	neg 1.0		neg 0.50416002342562 off 0.489070108168333 __DUMMY__ 0.006769868406047031	false	1.0
pickelface	off 1.0		neg 0.4979023088385096 off 0.4953799368351705 __DUMMY__ 0.006717754326319937	false	0.5
seiner			neg 0.5009346735625989 off 0.49226485380274554 __DUMMY__ 0.006800472634655731	false	0.0
lauch	neg 1.0	neg 1.0	neg 0.7379431509877399 off 0.25883429201487346 __DUMMY__ 0.003222556997386734	false	1.0
unwichtig	neg 1.0		off 0.49928092453454953 neg 0.494046282014995 __DUMMY__ 0.0066727934504553915	false	0.5
steuerhinterziehung	neg 1.0		neg 0.49964280693523466 off 0.49363923238783214 __DUMMY__ 0.006717960676933127	false	1.0
schock	neg 1.0		neg 0.4990872597115306 off 0.4941599935854265 __DUMMY__ 0.006752746703042807	false	1.0
beule	neg 1.0		off 0.5010371467422639 neg 0.49232215996317574 __DUMMY__ 0.006640693294560356	false	0.5
vergelten	neg 1.0		off 0.505308965396113 neg 0.4880495347433029 __DUMMY__ 0.006641499860584004	false	0.5
verdorbenheit	neg 1.0		neg 0.49742676907954303 off 0.4958637432658547 __DUMMY__ 0.0067094876546021495	false	1.0
trauma	neg 1.0		neg 0.49747142809045486 off 0.49582556744595624 __DUMMY__ 0.0067030044635889964	false	1.0
sinnlos	neg 1.0		off 0.4970417956808006 neg 0.4962487880330475 __DUMMY__ 0.006709416286151979	false	0.5
fettsack	off 1.0	off 1.0	off 0.7367758693304255 neg 0.2601340193565466 __DUMMY__ 0.003090111313027839	false	1.0
feige	off 1.0	off 1.0	off 0.7348476786430451 neg 0.26200948046424644 __DUMMY__ 0.003142840892708499	false	1.0
abdanken	neg 1.0		neg 0.4981019456200739 off 0.4951605006489157 __DUMMY__ 0.006737553731010364	false	1.0
wichtigtuer	off 1.0	off 1.0	off 0.7341949513482169 neg 0.26263024876422064 __DUMMY__ 0.0031747998875625884	false	1.0
misslingen	neg 1.0	neg 1.0	neg 0.7308307026874435 off 0.26594778912982553 __DUMMY__ 0.0032215081827309247	false	1.0
untreu	off 1.0		off 0.5003297135687684 neg 0.49301096884857976 __DUMMY__ 0.00665931758265178	false	1.0
missmutig	neg 1.0		off 0.4981290325482198 neg 0.4951869166310306 __DUMMY__ 0.0066840508207498	false	0.5
hurenbock	off 1.0		neg 0.5018698136633691 off 0.491473173243119 __DUMMY__ 0.006657013093511899	false	0.5
betrunken	neg 1.0		off 0.5020307499004054 neg 0.4913304282233494 __DUMMY__ 0.0066388218762452895	false	0.5
korrupt	off 1.0		neg 0.5005614395903447 off 0.49272344356063136 __DUMMY__ 0.006715116849023947	false	0.5
unmut	neg 1.0		neg 0.5034441732738825 off 0.4897563760334571 __DUMMY__ 0.0067994506926603165	false	1.0
hackfresse	off 1.0		off 0.5069788711516867 neg 0.48644100594399925 __DUMMY__ 0.0065801229043139925	false	1.0
aufblasen	neg 1.0		neg 0.4975085995563871 off 0.49576381189527285 __DUMMY__ 0.006727588548340005	false	1.0
gewaltsam	neg 1.0		neg 0.49825210656611013 off 0.4950140396431589 __DUMMY__ 0.006733853790731175	false	1.0
unbeliebtheit	neg 1.0		off 0.500620530297832 neg 0.4927178230524213 __DUMMY__ 0.006661646649746642	false	0.5
sturheit	neg 1.0		neg 0.4972795428463678 off 0.4959594516060248 __DUMMY__ 0.006761005547607522	false	1.0
kuh	neg 1.0		neg 0.5019967566919433 off 0.49141708992886746 __DUMMY__ 0.006586153379189116	false	1.0
erschrecken	neg 1.0		off 0.49933978020285 neg 0.4939653296491168 __DUMMY__ 0.006694890148033236	false	0.5
opfer	neg 1.0		neg 0.49881003027226883 off 0.4943929024090575 __DUMMY__ 0.006797067318673722	false	1.0
sinken	neg 1.0		neg 0.5041335210990967 off 0.48909209375243484 __DUMMY__ 0.0067743851484684675	false	1.0
stinktier	neg 1.0		off 0.5008656871110928 neg 0.49259774398890904 __DUMMY__ 0.006536568899998157	false	0.5
tucke	off 1.0		off 0.5051587309861494 neg 0.48834259582671213 __DUMMY__ 0.006498673187138463	false	1.0
ein			neg 0.5002732315402811 off 0.49301472951299297 __DUMMY__ 0.006712038946726042	false	0.0
abstieg	neg 1.0		off 0.4974839940941793 neg 0.4957011852892599 __DUMMY__ 0.006814820616560748	false	0.5
missverstehen	neg 1.0		off 0.4977654883836887 neg 0.4955357520690653 __DUMMY__ 0.006698759547246086	false	0.5
ergebnislos	neg 1.0		neg 0.49927374112203676 off 0.4939302467245068 __DUMMY__ 0.006796012153456431	false	1.0
unter			neg 0.5055427544046464 off 0.4875613943181557 __DUMMY__ 0.006895851277198098	false	0.0
manipulieren	neg 1.0		neg 0.5002064609282327 off 0.4929960039950258 __DUMMY__ 0.0067975350767414296	false	1.0
unbewiesen	neg 1.0	neg 1.0	neg 0.7335252831101735 off 0.2632919869596898 __DUMMY__ 0.003182729930136662	false	1.0
verschleppen	neg 1.0		neg 0.5007203798344806 off 0.4925304819830519 __DUMMY__ 0.006749138182467572	false	1.0
weib	off 1.0		off 0.5070204311085101 neg 0.4864512208009724 __DUMMY__ 0.006528348090517424	false	1.0
opposition	neg 1.0		neg 0.49828293932453394 off 0.49503479166693637 __DUMMY__ 0.006682269008529738	false	1.0
verkehrswidrig	neg 1.0	neg 1.0	neg 0.7275506049099888 off 0.26929423877293435 __DUMMY__ 0.00315515631707702	false	1.0
inkorrekt	neg 1.0		off 0.5025114414690226 neg 0.4908634485822166 __DUMMY__ 0.006625109948760839	false	0.5
vermeiden	neg 1.0		neg 0.5041766755307807 off 0.48898616843263776 __DUMMY__ 0.006837156036581574	false	1.0
abweichung	neg 1.0	neg 1.0	neg 0.7335404862132446 off 0.26323374277527384 __DUMMY__ 0.0032257710114815615	false	1.0
alkoholisiert	neg 1.0		neg 0.4994098680359082 off 0.4937681309761936 __DUMMY__ 0.006822000987898175	false	1.0
scheiss	off 1.0	off 1.0	off 0.7354084732534073 neg 0.26146052759618066 __DUMMY__ 0.0031309991504120263	false	1.0
herausforderung	neg 1.0		neg 0.49883918115417464 off 0.49438609937799394 __DUMMY__ 0.0067747194678313295	false	1.0
pervers	off 1.0		off 0.509769970768476 neg 0.48371472985021485 __DUMMY__ 0.006515299381309033	false	1.0
wackelig	neg 1.0		neg 0.49887942744293845 off 0.4943442359417206 __DUMMY__ 0.0067763366153410715	false	1.0
verwickeln	neg 1.0		off 0.4967544261266083 neg 0.49654070507581227 __DUMMY__ 0.006704868797579584	false	0.5
vorwand	neg 1.0		neg 0.5028368623095504 off 0.4903739021141646 __DUMMY__ 0.006789235576285035	false	1.0
muschi	off 1.0		neg 0.49806763092713974 off 0.4951917876254162 __DUMMY__ 0.006740581447443964	false	0.5
entmutigung	neg 1.0		neg 0.49740870342869226 off 0.4959166770445185 __DUMMY__ 0.006674619526789162	false	1.0
unangemessen	neg 1.0		neg 0.49814164986195003 off 0.4951039478543272 __DUMMY__ 0.006754402283722815	false	1.0
unstetig	neg 1.0		off 0.49902483483679105 neg 0.49428893340276797 __DUMMY__ 0.006686231760440983	false	0.5
entmutigen	neg 1.0		neg 0.4968237941505522 off 0.49645209372364246 __DUMMY__ 0.006724112125805361	false	1.0
schwanz	neg 1.0		neg 0.5008945279401996 off 0.4923606178448213 __DUMMY__ 0.0067448542149790985	false	1.0
verbot	neg 1.0		neg 0.5008713964312974 off 0.49240926618668024 __DUMMY__ 0.006719337382022461	false	1.0
leid	neg 1.0		off 0.5040624465045347 neg 0.4893327346846332 __DUMMY__ 0.006604818810832056	false	0.5
archaisch	neg 1.0		neg 0.4999004229351547 off 0.4933654119685025 __DUMMY__ 0.006734165096342885	false	1.0
gegen			neg 0.5011887545476711 off 0.4919878219964031 __DUMMY__ 0.006823423455925739	false	0.0
scheidung	neg 1.0		off 0.5171081423727937 neg 0.476339328003216 __DUMMY__ 0.0065525296239902385	false	0.5
einschlag	neg 1.0		off 0.5056287252246185 neg 0.48770851024051176 __DUMMY__ 0.006662764534869651	false	0.5
m			neg 0.4993512610770761 off 0.49389032006023353 __DUMMY__ 0.006758418862690466	false	0.0
abgestanden	neg 1.0		neg 0.5033476971496335 off 0.4900136150573416 __DUMMY__ 0.006638687793025019	false	1.0
schmierig	off 1.0		off 0.5039143157964068 neg 0.48947539049043653 __DUMMY__ 0.006610293713156671	false	1.0
unpraktisch	neg 1.0		off 0.4974293588301084 neg 0.4958433063605249 __DUMMY__ 0.006727334809366536	false	0.5
wixxer	off 1.0		off 0.5088309897812241 neg 0.4846774372350195 __DUMMY__ 0.006491572983756462	false	1.0
bezeichnet			neg 0.4969812389646353 off 0.49628092438605736 __DUMMY__ 0.00673783664930737	false	0.0
jammerlappen	off 1.0		off 0.499979956848498 neg 0.49334292911992966 __DUMMY__ 0.006677114031572393	false	1.0
farce	neg 1.0		neg 0.4995529647449048 off 0.4937461290732418 __DUMMY__ 0.006700906181853387	false	1.0
zwecklos	neg 1.0		neg 0.4999931244718322 off 0.49325788396909037 __DUMMY__ 0.006748991559077294	false	1.0
turbulent	neg 1.0		off 0.5013023928999428 neg 0.49205568594341276 __DUMMY__ 0.0066419211566444035	false	0.5
invasion	neg 1.0		off 0.4977254736724586 neg 0.49557254905549714 __DUMMY__ 0.006701977272044147	false	0.5
schuld	neg 1.0		neg 0.4967434424612649 off 0.49653765591232113 __DUMMY__ 0.006718901626413991	false	1.0
risiko	neg 1.0		neg 0.4983258143888146 off 0.49500268195812513 __DUMMY__ 0.006671503653060186	false	1.0
finster	neg 1.0		neg 0.49985368809062836 off 0.4934424307561169 __DUMMY__ 0.006703881153254665	false	1.0
geisteskrank	off 1.0		off 0.5016529425967429 neg 0.4917048277096406 __DUMMY__ 0.0066422296936165135	false	1.0
zusammenbrechen	neg 1.0		neg 0.4999211330750888 off 0.49333286139577565 __DUMMY__ 0.006746005529135582	false	1.0
ausbeute	neg 1.0		off 0.4967952709604161 neg 0.4964260376820801 __DUMMY__ 0.006778691357503642	false	0.5
hinterhalt	neg 1.0		neg 0.49994024511952184 off 0.4933297750300938 __DUMMY__ 0.006729979850384368	false	1.0
kritik	neg 1.0		neg 0.4999822817170052 off 0.49331659110367726 __DUMMY__ 0.006701127179317548	false	1.0
einschrumpfen	neg 1.0		off 0.49745255724068954 neg 0.4959158242942535 __DUMMY__ 0.006631618465056909	false	0.5
riskant	neg 1.0		neg 0.5023885674410605 off 0.4908432541183035 __DUMMY__ 0.006768178440636012	false	1.0
frustrieren	neg 1.0		neg 0.5021534313008864 off 0.49109610442274304 __DUMMY__ 0.006750464276370511	false	1.0
groll	neg 1.0		neg 0.4985708235123791 off 0.494663210215163 __DUMMY__ 0.006765966272457867	false	1.0
gibt			neg 0.4994407360224345 off 0.49379542514601904 __DUMMY__ 0.006763838831546521	false	0.0
qualvoll	neg 1.0		off 0.49714838811170614 neg 0.49614601455696117 __DUMMY__ 0.0067055973313326625	false	0.5
wackeln	neg 1.0		neg 0.49781242806635756 off 0.49545049534321794 __DUMMY__ 0.006737076590424561	false	1.0
klagen	neg 1.0		neg 0.5032697240830897 off 0.48995326608191275 __DUMMY__ 0.006777009834997506	false	1.0
bankrott	neg 1.0		off 0.5004392322913906 neg 0.49286414442275395 __DUMMY__ 0.0066966232858554275	false	0.5
trauern	neg 1.0		neg 0.49827855368966856 off 0.49489261646470173 __DUMMY__ 0.00682882984562969	false	1.0
ablehnung	neg 1.0		neg 0.500095628397404 off 0.493190239327339 __DUMMY__ 0.006714132275256814	false	1.0
stur	neg 1.0		neg 0.4974416786393597 off 0.49585049703365225 __DUMMY__ 0.006707824326987939	false	1.0
aufruhr	neg 1.0	neg 1.0	neg 0.7341106577651909 off 0.26270266065910214 __DUMMY__ 0.0031866815757070613	false	1.0
melancholie	neg 1.0		neg 0.5037383773089503 off 0.48951024257890036 __DUMMY__ 0.006751380112149324	false	1.0
ist			off 0.4970392748476526 neg 0.49624569277596847 __DUMMY__ 0.006715032376378982	false	0.0
torheit	neg 1.0		neg 0.4966428135960568 off 0.4966396331118202 __DUMMY__ 0.0067175532921229285	false	1.0
dreckskind	off 1.0		off 0.5070683308526395 neg 0.4863781210749178 __DUMMY__ 0.006553548072442699	false	1.0
umtauschen	neg 1.0		neg 0.49889257986092417 off 0.4943794201320322 __DUMMY__ 0.006728000007043657	false	1.0
zum			neg 0.5000703647937831 off 0.49303178823323246 __DUMMY__ 0.006897846972984443	false	0.0
zersetzen	neg 1.0		neg 0.5029629279273451 off 0.4902755005258875 __DUMMY__ 0.006761571546767379	false	1.0
zur			neg 0.5036938465918621 off 0.48946446924133047 __DUMMY__ 0.006841684166807469	false	0.0
frust	neg 1.0		neg 0.49964024975585825 off 0.49360359828426503 __DUMMY__ 0.006756151959876659	false	1.0
unerbittlichkeit	neg 1.0		neg 0.5005966552752832 off 0.49262376733044366 __DUMMY__ 0.006779577394273232	false	1.0
zwei			neg 0.503677229456522 off 0.48947052038135663 __DUMMY__ 0.00685225016212146	false	0.0
unkorrekt	neg 1.0		off 0.5009553503843427 neg 0.49241569641496613 __DUMMY__ 0.006628953200691278	false	0.5
hexe	off 1.0		off 0.49704908911525053 neg 0.4963157879094299 __DUMMY__ 0.006635122975319578	false	1.0
lasch	neg 1.0		off 0.4993121262124762 neg 0.4940003567340483 __DUMMY__ 0.006687517053475589	false	0.5
rivale	neg 1.0		off 0.5032505820188813 neg 0.4901181872190028 __DUMMY__ 0.00663123076211594	false	0.5
mutlos	off 1.0	off 1.0	off 0.7314766286428316 neg 0.2653200826399516 __DUMMY__ 0.0032032887172167394	false	1.0
wirr	off 1.0		off 0.5033050682613167 neg 0.49007775452553437 __DUMMY__ 0.0066171772131490125	false	1.0
jahr			neg 0.49756299662071685 off 0.49559163062874423 __DUMMY__ 0.0068453727505389285	false	0.0
wird			neg 0.4998144950012653 off 0.493414427505651 __DUMMY__ 0.006771077493083738	false	0.0
strafbar	neg 1.0		neg 0.5008693131210588 off 0.4923533248103575 __DUMMY__ 0.0067773620685837085	false	1.0
erosion	neg 1.0		neg 0.49764123850084224 off 0.49563017871482756 __DUMMY__ 0.006728582784330294	false	1.0
eingehen	neg 1.0		neg 0.5020334220486783 off 0.4912104124349839 __DUMMY__ 0.006756165516337751	false	1.0
faul	off 1.0		off 0.4989575486726591 neg 0.4943630058291615 __DUMMY__ 0.006679445498179272	false	1.0
provisorium	neg 1.0		neg 0.5051038927837205 off 0.48799552374008487 __DUMMY__ 0.0069005834761946125	false	1.0
schmerzen	neg 1.0		neg 0.49978767674686986 off 0.4934850642346532 __DUMMY__ 0.006727259018477113	false	1.0
schrumpfen	neg 1.0		neg 0.5064598918252663 off 0.4867439222565914 __DUMMY__ 0.006796185918142244	false	1.0
geistlos	off 1.0		neg 0.4967850837193408 off 0.496542280345403 __DUMMY__ 0.006672635935256259	false	0.5
fehlkauf	neg 1.0		neg 0.4969851813977936 off 0.49633498502142154 __DUMMY__ 0.006679833580784983	false	1.0
frustrierend	neg 1.0		off 0.49876310950460345 neg 0.4945485568598797 __DUMMY__ 0.006688333635516882	false	0.5
unzufrieden	neg 1.0		neg 0.4999799372526704 off 0.49326547199354404 __DUMMY__ 0.006754590753785442	false	1.0
verzweifeln	neg 1.0		neg 0.4982512138370008 off 0.49499856282002863 __DUMMY__ 0.0067502233429706186	false	1.0
verzweifelt	neg 1.0		neg 0.4967414149546437 off 0.4965415657680223 __DUMMY__ 0.0067170192773340735	false	1.0
misstrauensantrag	neg 1.0		off 0.4969711195695745 neg 0.49632792418635385 __DUMMY__ 0.006700956244071674	false	0.5
abfallen	neg 1.0		neg 0.49820798326428245 off 0.49507125032824145 __DUMMY__ 0.006720766407476078	false	1.0
fucker	off 1.0		off 0.5032219394994595 neg 0.49013033568294023 __DUMMY__ 0.0066477248176003	false	1.0
ungezogen	neg 1.0		off 0.5083037428255124 neg 0.4851484630674582 __DUMMY__ 0.006547794107029275	false	0.5
irrsinnig	neg 1.0	neg 1.0	neg 0.7339038538244298 off 0.26291736842817653 __DUMMY__ 0.003178777747393666	false	1.0
unfassbar	neg 1.0		off 0.5009544123827229 neg 0.4923752680523131 __DUMMY__ 0.006670319564964132	false	0.5
hart	neg 1.0		neg 0.4968433988455253 off 0.496565065137937 __DUMMY__ 0.0065915360165376274	false	1.0
widerlich	off 1.0		off 0.5007893144838825 neg 0.4925575861107014 __DUMMY__ 0.006653099405416103	false	1.0
fatal	neg 1.0	neg 1.0	neg 0.7343145181368265 off 0.2625364203098689 __DUMMY__ 0.0031490615533046867	false	1.0
bruch	neg 1.0		neg 0.5017010881656812 off 0.4914669001693104 __DUMMY__ 0.006832011665008554	false	1.0
aushungern	neg 1.0		neg 0.5008979086345197 off 0.4923873384175434 __DUMMY__ 0.006714752947936793	false	1.0
anspannung	neg 1.0		neg 0.5026106175406706 off 0.4905228073693 __DUMMY__ 0.0068665750900293605	false	1.0
von			neg 0.5018015522294251 off 0.49140079339988796 __DUMMY__ 0.006797654370686854	false	0.0
kraftlos	neg 1.0		neg 0.4999548703665292 off 0.4932801594983567 __DUMMY__ 0.006764970135114087	false	1.0
vom			neg 0.5029521336668934 off 0.4901254995450759 __DUMMY__ 0.006922366788030673	false	0.0
grenzdebil	off 1.0		off 0.5002556885119933 neg 0.49309379405310405 __DUMMY__ 0.006650517434902704	false	1.0
vor			neg 0.502781525188391 off 0.49040756479879316 __DUMMY__ 0.006810910012815993	false	0.0
unterwerfen	neg 1.0		neg 0.5003641911730062 off 0.4928652017554565 __DUMMY__ 0.006770607071537145	false	1.0
versenkung	neg 1.0		neg 0.5006000567249818 off 0.4926187620239948 __DUMMY__ 0.00678118125102341	false	1.0
entziehen	neg 1.0		neg 0.5029054014266421 off 0.49030387066948616 __DUMMY__ 0.006790727903871876	false	1.0
finanzkrise	neg 1.0		neg 0.5034801745034545 off 0.489871666547531 __DUMMY__ 0.0066481589490145696	false	1.0
schimpfend	neg 1.0		off 0.49720956296098984 neg 0.49605206203094804 __DUMMY__ 0.0067383750080619795	false	0.5
profan	neg 1.0		off 0.49726510119218786 neg 0.4960345551321391 __DUMMY__ 0.006700343675673057	false	0.5
korruption	neg 1.0		neg 0.5012513541426764 off 0.49202745707867757 __DUMMY__ 0.006721188778646121	false	1.0
â			neg 0.5006208276094246 off 0.4926258218799182 __DUMMY__ 0.006753350510657211	false	0.0
schmutzig	neg 1.0		off 0.5009559709161103 neg 0.49238612181144437 __DUMMY__ 0.00665790727244536	false	0.5
sexy	neg 1.0		off 0.4993400169593492 neg 0.4939624687262824 __DUMMY__ 0.006697514314368293	false	0.5
abraten	neg 1.0		off 0.4975768961631551 neg 0.49570626565627013 __DUMMY__ 0.006716838180574747	false	0.5
schwarz	neg 1.0		off 0.49737986679897944 neg 0.49591439055421843 __DUMMY__ 0.006705742646802025	false	0.5
fotze	off 1.0	off 1.0	off 0.7317809481480695 neg 0.2650206921646725 __DUMMY__ 0.003198359687258006	false	1.0
verwirren	neg 1.0		off 0.49792225858174094 neg 0.4953726230709203 __DUMMY__ 0.006705118347338696	false	0.5
zahnlos	off 1.0		neg 0.4991849061988518 off 0.4940708587188469 __DUMMY__ 0.006744235082301323	false	0.5
verheeren	neg 1.0		off 0.510343282889727 neg 0.48310688603016344 __DUMMY__ 0.006549831080109715	false	0.5
hippie	neg 1.0		off 0.4985084425733988 neg 0.49479908197343603 __DUMMY__ 0.006692475453165064	false	0.5
rammen	neg 1.0		neg 0.4973351208415727 off 0.49594364401066476 __DUMMY__ 0.006721235147762517	false	1.0
unlauter	neg 1.0		neg 0.49714969841352286 off 0.4961622367155108 __DUMMY__ 0.0066880648709663594	false	1.0
unheilvoll	neg 1.0		neg 0.49751330554921497 off 0.49578181836784696 __DUMMY__ 0.006704876082937986	false	1.0
niedrig	neg 1.0		neg 0.5022725331114394 off 0.49099717119724423 __DUMMY__ 0.006730295691316319	false	1.0
explosion	neg 1.0		off 0.4986956730670627 neg 0.49460698394457436 __DUMMY__ 0.006697342988362963	false	0.5
weichei	off 1.0	off 1.0	off 0.7372406500246163 neg 0.2596526536347034 __DUMMY__ 0.0031066963406803844	false	1.0
minusmensch	off 1.0		off 0.5090550324725032 neg 0.4844099459375684 __DUMMY__ 0.006535021589928325	false	1.0
farblos	neg 1.0		neg 0.4984895911124794 off 0.49482068838400184 __DUMMY__ 0.006689720503518682	false	1.0
unwissend	neg 1.0	neg 1.0	neg 0.7323979291172833 off 0.2644513388011598 __DUMMY__ 0.003150732081556899	false	1.0
traurig	neg 1.0		off 0.5027409913702904 neg 0.49062405038990897 __DUMMY__ 0.006634958239800641	false	0.5
senkung	neg 1.0		neg 0.4986865928442681 off 0.4946712542159986 __DUMMY__ 0.006642152939733375	false	1.0
ungleich	neg 1.0	neg 1.0	neg 0.7355471844561446 off 0.2612458205820137 __DUMMY__ 0.0032069949618417502	false	1.0
heikel	neg 1.0		neg 0.5015236323835727 off 0.4916997692105492 __DUMMY__ 0.006776598405877996	false	1.0
drosselung	neg 1.0		off 0.4975315958574753 neg 0.49586763717576604 __DUMMY__ 0.006600766966758767	false	0.5
falsch	neg 1.0		off 0.4993844812694746 neg 0.493922797889502 __DUMMY__ 0.006692720841023353	false	0.5
unzufriedenheit	neg 1.0		neg 0.5032737589460873 off 0.4899703762118895 __DUMMY__ 0.0067558648420232665	false	1.0
kurz	neg 1.0		neg 0.4984580658058995 off 0.4947690899223266 __DUMMY__ 0.006772844271773963	false	1.0
unsinnig	neg 1.0		neg 0.5000647939637795 off 0.49321792175874596 __DUMMY__ 0.006717284277474579	false	1.0
penner	off 1.0	off 1.0	off 0.7384738791266017 neg 0.25842302024567554 __DUMMY__ 0.0031031006277228135	false	1.0
seicht	neg 1.0		off 0.5056666188052859 neg 0.48780737558426795 __DUMMY__ 0.006526005610446301	false	0.5
dummheit	off 1.0	off 1.0	off 0.7334613805953131 neg 0.2633784437701522 __DUMMY__ 0.003160175634534754	false	1.0
unerfreulich	neg 1.0		neg 0.501541934404019 off 0.49167472621520136 __DUMMY__ 0.006783339380779708	false	1.0
motherfucker	off 1.0	off 1.0	off 0.7363362948240937 neg 0.26052178260256365 __DUMMY__ 0.0031419225733426517	false	1.0
pikiert	neg 1.0	neg 1.0	neg 0.7322213359898164 off 0.26463140968577953 __DUMMY__ 0.0031472543244041758	false	1.0
wrack	neg 1.0		off 0.4986799754697357 neg 0.494492243936214 __DUMMY__ 0.006827780594050248	false	0.5
gangster	neg 1.0		off 0.4986113810040704 neg 0.49469993208436225 __DUMMY__ 0.006688686911567346	false	0.5
krank	neg 1.0	neg 1.0	neg 0.7307937395821443 off 0.2660487437445691 __DUMMY__ 0.0031575166732866547	false	1.0
reich	neg 1.0		off 0.49692112278886524 neg 0.49643545676644385 __DUMMY__ 0.0066434204446910025	false	0.5
gnadenlos	neg 1.0		off 0.49698727312577995 neg 0.4962803863748789 __DUMMY__ 0.006732340499341188	false	0.5
niedergeschlagen	neg 1.0		neg 0.4991061673291996 off 0.49412200975175874 __DUMMY__ 0.006771822919041642	false	1.0
terrorisieren	off 1.0	off 1.0	off 0.7311773312103216 neg 0.26560894688709663 __DUMMY__ 0.0032137219025818453	false	1.0
sinnlosigkeit	neg 1.0		neg 0.49929148041037946 off 0.49395557842086296 __DUMMY__ 0.006752941168757584	false	1.0
behindern	neg 1.0		neg 0.49897797500952085 off 0.4943044889266993 __DUMMY__ 0.006717536063779965	false	1.0
undemokratisch	neg 1.0		off 0.4966884384219819 neg 0.49661983855008507 __DUMMY__ 0.0066917230279331255	false	0.5
wirtschaftskrise	neg 1.0		neg 0.5032544194830036 off 0.49004716257471315 __DUMMY__ 0.006698417942283182	false	1.0
neid	neg 1.0		off 0.4982952631854532 neg 0.4950135258014413 __DUMMY__ 0.0066912110131056544	false	0.5
rutschen	neg 1.0		neg 0.5042106883731376 off 0.488939441355668 __DUMMY__ 0.006849870271194315	false	1.0
rezession	neg 1.0		off 0.49912240591403956 neg 0.49431005770336817 __DUMMY__ 0.006567536382592321	false	0.5
fehlgeburt	neg 1.0		off 0.49745319632236923 neg 0.4957967370950736 __DUMMY__ 0.006750066582557131	false	0.5
charakterschwach	off 1.0		off 0.5000389050932349 neg 0.49330848386836634 __DUMMY__ 0.006652611038398711	false	1.0
isolation	neg 1.0		off 0.49986376746972006 neg 0.4934344057947945 __DUMMY__ 0.006701826735485493	false	0.5
ablenkung	neg 1.0		neg 0.4970147513709543 off 0.49623387816297393 __DUMMY__ 0.006751370466071782	false	1.0
pech	neg 1.0		off 0.4993764381120524 neg 0.49393942157282344 __DUMMY__ 0.00668414031512416	false	0.5
vermeidung	neg 1.0		off 0.49987145761788304 neg 0.4934862897018465 __DUMMY__ 0.006642252680270452	false	0.5
dominieren	neg 1.0		neg 0.4979971120935549 off 0.49524068323239945 __DUMMY__ 0.006762204674045629	false	1.0
schwindlig	neg 1.0		neg 0.4967248208121304 off 0.49657754289816286 __DUMMY__ 0.0066976362897066734	false	1.0
lutscher	neg 1.0	neg 1.0	neg 0.7279060850253418 off 0.26902291060927286 __DUMMY__ 0.0030710043653853674	false	1.0
pflicht	neg 1.0		neg 0.5014534949962601 off 0.4917367831662376 __DUMMY__ 0.006809721837502343	false	1.0
faschist	off 1.0		off 0.49883632632929903 neg 0.4944744658025161 __DUMMY__ 0.006689207868184953	false	1.0
verschleudern	neg 1.0		neg 0.5041073098962701 off 0.4891775146683763 __DUMMY__ 0.006715175435353679	false	1.0
wenn			off 0.49961982053918197 neg 0.4937014075507535 __DUMMY__ 0.00667877191006448	false	0.0
ehebruch	neg 1.0		neg 0.5003532603052012 off 0.4928889755909413 __DUMMY__ 0.006757764103857344	false	1.0
spott	off 1.0		neg 0.49947709726869566 off 0.49374769828508525 __DUMMY__ 0.006775204446219032	false	0.5
trostlosigkeit	neg 1.0		neg 0.5046039440269238 off 0.4886339735718862 __DUMMY__ 0.00676208240119005	false	1.0
lutschen	neg 1.0		off 0.498510776420504 neg 0.49481663705663786 __DUMMY__ 0.0066725865228582	false	0.5
undiszipliniert	neg 1.0		off 0.5024446109131474 neg 0.49090961536012667 __DUMMY__ 0.006645773726725949	false	0.5
kopfschmerz	neg 1.0		neg 0.5027682332554994 off 0.49050380882155165 __DUMMY__ 0.0067279579229489826	false	1.0
unvorhergesehen	neg 1.0		neg 0.5016294503883763 off 0.49157025927609305 __DUMMY__ 0.006800290335530685	false	1.0
desinteressiert	neg 1.0		off 0.5012915589665733 neg 0.4920648175605985 __DUMMY__ 0.006643623472828256	false	0.5
armselig	off 1.0		off 0.5036476022465871 neg 0.4897247170097685 __DUMMY__ 0.006627680743644257	false	1.0
desaster	neg 1.0		neg 0.5039491077893774 off 0.48926620551835626 __DUMMY__ 0.006784686692266332	false	1.0
tod	neg 1.0		neg 0.49984564110697516 off 0.4933711070228514 __DUMMY__ 0.006783251870173505	false	1.0
herzlos	neg 1.0		off 0.502925038119759 neg 0.4904463612045726 __DUMMY__ 0.006628600675668582	false	0.5
unwissenheit	neg 1.0		neg 0.5001674407705005 off 0.4930854102724338 __DUMMY__ 0.006747148957065691	false	1.0
widersinnig	neg 1.0		neg 0.5004535631228776 off 0.4928381345340634 __DUMMY__ 0.0067083023430590345	false	1.0
bedenklich	neg 1.0		neg 0.5013690643074835 off 0.4918821631612751 __DUMMY__ 0.00674877253124148	false	1.0
beanstanden	neg 1.0		neg 0.5007032039772661 off 0.49249042016600125 __DUMMY__ 0.006806375856732743	false	1.0
panisch	neg 1.0		off 0.49826374307856025 neg 0.4950073595528249 __DUMMY__ 0.006728897368614919	false	0.5
debil	off 1.0		neg 0.507417125107058 off 0.48573499307879536 __DUMMY__ 0.006847881814146483	false	0.5
abstrich	neg 1.0		neg 0.5011744002484814 off 0.4921160254494642 __DUMMY__ 0.006709574302054335	false	1.0
primitiv	neg 1.0		off 0.5018804589972902 neg 0.4914694988371183 __DUMMY__ 0.00665004216559156	false	0.5
abschaum	off 1.0	off 1.0	off 0.735900425352753 neg 0.26093602203678323 __DUMMY__ 0.0031635526104638093	false	1.0
provozieren	neg 1.0		neg 0.4974415486983724 off 0.4958448082042974 __DUMMY__ 0.006713643097330072	false	1.0
tot	neg 1.0		neg 0.5010527681409179 off 0.4922200089082237 __DUMMY__ 0.006727222950858358	false	1.0
instabil	neg 1.0		off 0.5036122033473001 neg 0.48977085526149844 __DUMMY__ 0.00661694139120146	false	0.5
schwuchtel	off 1.0	off 1.0	off 0.7411992495967551 neg 0.2557492016955974 __DUMMY__ 0.0030515487076474565	false	1.0
zerren	neg 1.0		neg 0.4989882004156953 off 0.49423653145535895 __DUMMY__ 0.006775268128945842	false	1.0
kinderficker	off 1.0		off 0.505281218267814 neg 0.48812288919938096 __DUMMY__ 0.006595892532805042	false	1.0
gefahr	neg 1.0		neg 0.5017365043053441 off 0.4914684924292592 __DUMMY__ 0.006795003265396665	false	1.0
rabiat	neg 1.0		neg 0.4994791281895273 off 0.4937964948006383 __DUMMY__ 0.006724377009834425	false	1.0
verlangsamung	neg 1.0		off 0.5064096912076622 neg 0.48701993798862503 __DUMMY__ 0.00657037080371272	false	0.5
ausgestorben	neg 1.0		neg 0.498478357793291 off 0.4947720738226858 __DUMMY__ 0.006749568384023215	false	1.0
anklagen	neg 1.0		neg 0.49922786805254166 off 0.49402795468467364 __DUMMY__ 0.006744177262784651	false	1.0
trott	neg 1.0		neg 0.4979291364235372 off 0.49534148565893693 __DUMMY__ 0.0067293779175258035	false	1.0
verminderung	neg 1.0		off 0.5004031073573988 neg 0.4929484056598434 __DUMMY__ 0.0066484869827578615	false	0.5
nach			neg 0.504190830620246 off 0.48892943617276896 __DUMMY__ 0.006879733206985056	false	0.0
rost	neg 1.0		off 0.5102501403515929 neg 0.4831502897560377 __DUMMY__ 0.006599569892369469	false	0.5
destruktiv	neg 1.0		neg 0.4984400963414997 off 0.4948368265792225 __DUMMY__ 0.0067230770792777944	false	1.0
unzumutbarkeit	neg 1.0		off 0.50092827215677 neg 0.49241205111768527 __DUMMY__ 0.006659676725544779	false	0.5
labil	off 1.0	off 1.0	off 0.7347400933355367 neg 0.26210528208415124 __DUMMY__ 0.003154624580312034	false	1.0
ziemlich	neg 1.0		off 0.5011060770761357 neg 0.4922145727654447 __DUMMY__ 0.006679350158419561	false	0.5
lachnummer	off 1.0		off 0.4966781138675621 neg 0.4965832729445188 __DUMMY__ 0.006738613187919009	false	1.0
oder			off 0.4970287430731462 neg 0.4962270812339619 __DUMMY__ 0.006744175692891909	false	0.0
verfall	neg 1.0		neg 0.5066632446850861 off 0.48654653989648716 __DUMMY__ 0.006790215418426681	false	1.0
ausgrenzung	neg 1.0		neg 0.4969895830824905 off 0.4963228786040594 __DUMMY__ 0.0066875383134500565	false	1.0
unordnung	neg 1.0		off 0.5030585858905215 neg 0.49034197732690615 __DUMMY__ 0.006599436782572206	false	0.5
fehlverhalten	neg 1.0		neg 0.5010222454324407 off 0.49220213650304323 __DUMMY__ 0.006775618064516113	false	1.0
eine			neg 0.5028006865861139 off 0.4904025380548146 __DUMMY__ 0.006796775359071534	false	0.0
nille	neg 1.0		neg 0.49759708152614845 off 0.49567573875258064 __DUMMY__ 0.006727179721270778	false	1.0
qual	neg 1.0		neg 0.49854715845713865 off 0.49472512390392154 __DUMMY__ 0.006727717638939847	false	1.0
verschwenden	neg 1.0		neg 0.5028218615259084 off 0.49042514953223587 __DUMMY__ 0.006752988941855773	false	1.0
riesig	neg 1.0		neg 0.5005936340755394 off 0.4926315675900329 __DUMMY__ 0.0067747983344276915	false	1.0
verurteilen	neg 1.0		neg 0.4997797204835801 off 0.4934773479814441 __DUMMY__ 0.0067429315349757666	false	1.0
klischee	neg 1.0	neg 1.0	neg 0.7327513512432933 off 0.2640911582453143 __DUMMY__ 0.0031574905113924225	false	1.0
diktatorisch	neg 1.0		neg 0.4971009199276687 off 0.4962168733557903 __DUMMY__ 0.006682206716540919	false	1.0
vorhersehbar	neg 1.0		off 0.49706326082085417 neg 0.4962582208691454 __DUMMY__ 0.006678518310000472	false	0.5
sowie			off 0.5027761361316413 neg 0.4906522835299744 __DUMMY__ 0.006571580338384246	false	0.0
stornieren	neg 1.0		off 0.501450848332535 neg 0.4917943449382665 __DUMMY__ 0.006754806729198486	false	0.5
besteuerung	neg 1.0	neg 1.0	neg 0.7359248228302658 off 0.2609298846094475 __DUMMY__ 0.0031452925602866414	false	1.0
ungeschminkt	neg 1.0		off 0.5011919595096401 neg 0.49217237788605606 __DUMMY__ 0.006635662604303894	false	0.5
kritisch	neg 1.0		neg 0.49960239556348474 off 0.4936406985670093 __DUMMY__ 0.0067569058695060025	false	1.0
schlamperei	off 1.0		neg 0.5014514602332559 off 0.49178987351482933 __DUMMY__ 0.006758666251914905	false	0.5
sucht	neg 1.0	neg 1.0	neg 0.732869899038579 off 0.26394119662749443 __DUMMY__ 0.003188904333926602	false	1.0
egoistisch	off 1.0	off 1.0	off 0.7380722542557221 neg 0.25880405397081213 __DUMMY__ 0.003123691773465771	false	1.0
ausbeuter	off 1.0		neg 0.5033251594314396 off 0.4899300674663429 __DUMMY__ 0.006744773102217629	false	0.5
arschgeburt	off 1.0		off 0.511414981244781 neg 0.48210962849098676 __DUMMY__ 0.00647539026423224	false	1.0
schubs	neg 1.0		neg 0.5022754030112097 off 0.49099531194443763 __DUMMY__ 0.006729285044352712	false	1.0
unsolide	neg 1.0		off 0.4986761339236166 neg 0.49461610442231696 __DUMMY__ 0.006707761654066453	false	0.5
beschwerde	neg 1.0		neg 0.49916398628497216 off 0.4940805191454779 __DUMMY__ 0.006755494569549974	false	1.0
stocken	neg 1.0		neg 0.5003970605255638 off 0.49284110889370925 __DUMMY__ 0.006761830580726988	false	1.0
isolieren	neg 1.0		neg 0.5005015202380496 off 0.4927637941084119 __DUMMY__ 0.006734685653538399	false	1.0
unheilbar	neg 1.0		neg 0.49709983340545405 off 0.49616200304276253 __DUMMY__ 0.006738163551783469	false	1.0
pisser	off 1.0	off 1.0	off 0.7365338122311942 neg 0.26033327970270514 __DUMMY__ 0.0031329080661007353	false	1.0
löschen	neg 1.0		neg 0.4981134801591896 off 0.49517464045896675 __DUMMY__ 0.006711879381843661	false	1.0
durchfallen	neg 1.0		neg 0.4995739126140557 off 0.49366460464831374 __DUMMY__ 0.0067614827376305826	false	1.0
wichser	off 1.0	off 1.0	off 0.739951153610121 neg 0.2569636128115245 __DUMMY__ 0.0030852335783545224	false	1.0
terror	neg 1.0		off 0.4982281691120029 neg 0.4950797272260318 __DUMMY__ 0.0066921036619652045	false	0.5
krass	neg 1.0		off 0.5042281183246172 neg 0.48916627620305475 __DUMMY__ 0.006605605472327998	false	0.5
revolte	neg 1.0		neg 0.49743861949465257 off 0.49591875858991763 __DUMMY__ 0.006642621915429961	false	1.0
besorgt	neg 1.0		neg 0.4976169765106575 off 0.4956000187735866 __DUMMY__ 0.006783004715755842	false	1.0
nachlassen	neg 1.0		neg 0.4991897149800386 off 0.4940295603734138 __DUMMY__ 0.006780724646547789	false	1.0
alt	neg 1.0		neg 0.505474342204991 off 0.48783798916795146 __DUMMY__ 0.0066876686270575655	false	1.0
hundesohn	off 1.0	off 1.0	off 0.7391124139968636 neg 0.2578017230835537 __DUMMY__ 0.0030858629195826257	false	1.0
als			neg 0.49981076699230725 off 0.4934416932150116 __DUMMY__ 0.006747539792681098	false	0.0
abschreckung	neg 1.0		neg 0.5025385828785549 off 0.49068991627730224 __DUMMY__ 0.0067715008441429185	false	1.0
unqualifiziert	neg 1.0		off 0.49960906357232837 neg 0.4937051240710507 __DUMMY__ 0.006685812356620968	false	0.5
abgewichst	off 1.0		neg 0.4976835581216759 off 0.4955756740714148 __DUMMY__ 0.006740767806909405	false	0.5
schwer	neg 1.0		neg 0.49769341408062456 off 0.4955601909491147 __DUMMY__ 0.006746394970260699	false	1.0
bedeutungslosigkeit	neg 1.0		neg 0.501818520931791 off 0.49141091043063184 __DUMMY__ 0.0067705686375770496	false	1.0
kapitulation	neg 1.0		neg 0.501937555358857 off 0.49133571421565175 __DUMMY__ 0.0067267304254912804	false	1.0
unscharf	neg 1.0		neg 0.4987585955159442 off 0.49458497342278857 __DUMMY__ 0.006656431061267223	false	1.0
schwinden	neg 1.0		neg 0.5026115250216442 off 0.4906334956814573 __DUMMY__ 0.006754979296898401	false	1.0
versklavung	neg 1.0	neg 1.0	neg 0.7345272916309213 off 0.26231386622867053 __DUMMY__ 0.003158842140408107	false	1.0
schlecht	neg 1.0		off 0.5014017630503553 neg 0.4919165447593114 __DUMMY__ 0.0066816921903332105	false	0.5
verhasst	neg 1.0		neg 0.4972694998771435 off 0.4960305553613827 __DUMMY__ 0.006699944761473852	false	1.0
beschweren	neg 1.0		off 0.49796581550331365 neg 0.4953101065090589 __DUMMY__ 0.006724077987627437	false	0.5
scheiden	neg 1.0		neg 0.4973152186703268 off 0.49595093219352415 __DUMMY__ 0.006733849136149035	false	1.0
frustriert	neg 1.0		neg 0.49854398761528024 off 0.49470283614714916 __DUMMY__ 0.006753176237570627	false	1.0
schimmelig	neg 1.0		neg 0.5032409562373975 off 0.4900484377252086 __DUMMY__ 0.006710606037393776	false	1.0
fisch	neg 1.0		neg 0.506971222427313 off 0.4863012243542702 __DUMMY__ 0.006727553218416853	false	1.0
schmuggel	neg 1.0		neg 0.5018841780013661 off 0.4913086820237068 __DUMMY__ 0.0068071399749270066	false	1.0
auffallen	neg 1.0		off 0.4978348408811081 neg 0.49545522788491597 __DUMMY__ 0.006709931233975833	false	0.5
konkurrenz	neg 1.0		neg 0.5001392700196848 off 0.4930532686963182 __DUMMY__ 0.0068074612839969795	false	1.0
teufelskreis	neg 1.0	neg 1.0	neg 0.7354891567562484 off 0.2613347586049368 __DUMMY__ 0.003176084638814769	false	1.0
aufschreien	neg 1.0		off 0.497029913239053 neg 0.49628815817963406 __DUMMY__ 0.006681928581312932	false	0.5
schuldner	neg 1.0		neg 0.5045597185137045 off 0.48871140909812427 __DUMMY__ 0.00672887238817124	false	1.0
missgeburt	off 1.0	off 1.0	off 0.7392874557074208 neg 0.2576029377671544 __DUMMY__ 0.0031096065254247337	false	1.0
arbeitslos	neg 1.0		neg 0.5003745941475622 off 0.492873091705776 __DUMMY__ 0.006752314146661702	false	1.0
befallen	neg 1.0		neg 0.5029450831749384 off 0.49038180845638485 __DUMMY__ 0.006673108368676827	false	1.0
miesepetrig	off 1.0	off 1.0	off 0.7349904055851619 neg 0.2618522573484824 __DUMMY__ 0.0031573370663557014	false	1.0
alarmieren	neg 1.0		off 0.4994450789092494 neg 0.49388130852924883 __DUMMY__ 0.0066736125615018205	false	0.5
ungeduscht	off 1.0		off 0.49822993647204483 neg 0.49510960532194936 __DUMMY__ 0.006660458206005801	false	1.0
knappheit	neg 1.0		neg 0.5022932657360664 off 0.49099634379914703 __DUMMY__ 0.006710390464786648	false	1.0
schlange	neg 1.0		off 0.4966350167504424 neg 0.49662471245429923 __DUMMY__ 0.006740270795258244	false	0.5
harsch	neg 1.0		off 0.5055140154311991 neg 0.4878429827123772 __DUMMY__ 0.006643001856423612	false	0.5
lang	neg 1.0		neg 0.49666597719946304 off 0.4966183709406767 __DUMMY__ 0.006715651859860331	false	1.0
ziellos	neg 1.0		neg 0.5002777894287416 off 0.49293162610010016 __DUMMY__ 0.006790584471158172	false	1.0
selbstverliebt	neg 1.0		off 0.5110075347269332 neg 0.4824529438658876 __DUMMY__ 0.006539521407179385	false	0.5
beseitigen	neg 1.0		neg 0.4970206262973852 off 0.4962339122698096 __DUMMY__ 0.00674546143280525	false	1.0
dumm	off 1.0		off 0.5058672471256701 neg 0.48754976468874445 __DUMMY__ 0.006582988185585516	false	1.0
arbeitsloser	neg 1.0		off 0.4971523538676934 neg 0.496030619265218 __DUMMY__ 0.006817026867088491	false	0.5
blitzen	neg 1.0		off 0.49798761383819334 neg 0.4953417456295269 __DUMMY__ 0.006670640532279823	false	0.5
hilflos	neg 1.0		neg 0.5002083648921742 off 0.4930401809501137 __DUMMY__ 0.006751454157712036	false	1.0
eklig	off 1.0		off 0.5049086404977035 neg 0.4885360758172167 __DUMMY__ 0.006555283685079809	false	1.0
begriff			neg 0.49754566669306466 off 0.49571055027672944 __DUMMY__ 0.006743783030206065	false	0.0
hungersnot	neg 1.0		neg 0.5017779480239936 off 0.4915044753751614 __DUMMY__ 0.006717576600845059	false	1.0
ungesetzlich	neg 1.0		off 0.4973200503760788 neg 0.49598091316572634 __DUMMY__ 0.006699036458194828	false	0.5
verschwendung	neg 1.0		neg 0.5019912080866528 off 0.4912406347260879 __DUMMY__ 0.00676815718725935	false	1.0
schmerzvoll	neg 1.0		neg 0.4973205780120113 off 0.4959778950800082 __DUMMY__ 0.006701526907980345	false	1.0
vorzeitig	neg 1.0		off 0.5024925519961407 neg 0.4907973752912563 __DUMMY__ 0.006710072712602897	false	0.5
unvollkommenheit	neg 1.0		neg 0.49931402557715887 off 0.49394421095159113 __DUMMY__ 0.006741763471250035	false	1.0
intervenieren	neg 1.0		neg 0.5033812369997458 off 0.48988917116662095 __DUMMY__ 0.006729591833633203	false	1.0
banause	off 1.0		off 0.5044996820584836 neg 0.48899006168041403 __DUMMY__ 0.006510256261102555	false	1.0
rebell	neg 1.0		neg 0.5077229976985386 off 0.4855153441147679 __DUMMY__ 0.006761658186693503	false	1.0
unlogisch	neg 1.0		off 0.5016858261907088 neg 0.491691918242451 __DUMMY__ 0.006622255566840273	false	0.5
leiden	neg 1.0		neg 0.5005314236022015 off 0.49265101327397304 __DUMMY__ 0.00681756312382546	false	1.0
abschaffung	neg 1.0		neg 0.498434849113546 off 0.4948753041805708 __DUMMY__ 0.006689846705883129	false	1.0
sturz	neg 1.0		off 0.49989324381237094 neg 0.49335792267890993 __DUMMY__ 0.006748833508719089	false	0.5
verkleinerung	neg 1.0		neg 0.497734456543211 off 0.49564028439920027 __DUMMY__ 0.0066252590575887355	false	1.0
schmarotzer	off 1.0		neg 0.4994194690967389 off 0.49383638967293203 __DUMMY__ 0.006744141230329105	false	0.5
bestrafung	neg 1.0	neg 1.0	neg 0.7336997579146695 off 0.2631128992693619 __DUMMY__ 0.0031873428159686734	false	1.0
