unsolidarisch	neg 1.0		neg 0.3452666216989864 off 0.3430062069907379 __DUMMY__ 0.3117271713102756	false	1.0
nachteilig	neg 1.0		neg 0.34419704819906805 off 0.3399702349162972 __DUMMY__ 0.31583271688463477	false	1.0
skeptisch	neg 1.0		neg 0.34668231893834073 off 0.33787995816251687 __DUMMY__ 0.3154377228991424	false	1.0
schrecklich	neg 1.0		off 0.3523620587250014 neg 0.33876904523559287 __DUMMY__ 0.3088688960394057	false	0.5
schlapp	neg 1.0	neg 1.0	neg 0.6584389350885422 off 0.19267174199098 __DUMMY__ 0.14888932292047774	false	1.0
abfall	neg 1.0		neg 0.34592675318665733 off 0.3358350612558833 __DUMMY__ 0.3182381855574593	false	1.0
widerspenstig	neg 1.0		neg 0.34630034929852654 off 0.3412741307526428 __DUMMY__ 0.3124255199488306	false	1.0
abrupt	neg 1.0		neg 0.349167850184974 off 0.33637085654321275 __DUMMY__ 0.3144612932718132	false	1.0
unwirksam	neg 1.0		neg 0.34971317831276444 off 0.3406599473688615 __DUMMY__ 0.30962687431837416	false	1.0
angreifen	neg 1.0		neg 0.34673904453761856 off 0.3374021336856113 __DUMMY__ 0.3158588217767702	false	1.0
inkonsistent	neg 1.0		off 0.3450219489669155 neg 0.3438636804857899 __DUMMY__ 0.3111143705472945	false	0.5
abrutschen	neg 1.0		neg 0.3473267804558239 off 0.3349367052917121 __DUMMY__ 0.3177365142524641	false	1.0
unsicher	neg 1.0		off 0.3431722047507559 neg 0.34286034078900207 __DUMMY__ 0.31396745446024216	false	0.5
bauernkind	off 1.0	off 1.0	off 0.664538444987112 neg 0.1898610198830478 __DUMMY__ 0.14560053512984014	false	1.0
angreifer	neg 1.0		off 0.34808584531496 neg 0.3388042909525249 __DUMMY__ 0.31310986373251515	false	0.5
trennen	neg 1.0		neg 0.34580390353119067 off 0.33763633974710655 __DUMMY__ 0.3165597567217028	false	1.0
schmutz	neg 1.0		off 0.34879310500156485 neg 0.3359979889029229 __DUMMY__ 0.3152089060955124	false	0.5
inkonsistenz	neg 1.0		off 0.3483447791814609 neg 0.3404585114310806 __DUMMY__ 0.3111967093874586	false	0.5
erschreckend	neg 1.0		neg 0.3442321546948106 off 0.3420893248346551 __DUMMY__ 0.3136785204705345	false	1.0
ertrinken	neg 1.0		neg 0.34900313156387514 off 0.3359798086913285 __DUMMY__ 0.3150170597447965	false	1.0
pickelface	off 1.0		neg 0.3441755936514798 off 0.34310879373223546 __DUMMY__ 0.31271561261628467	false	0.5
seiner			neg 0.3452545872317461 off 0.3383816703138502 __DUMMY__ 0.31636374245440374	false	0.0
lauch	neg 1.0	neg 1.0	neg 0.6632039396366786 off 0.1848858513700792 __DUMMY__ 0.15191020899324228	false	1.0
unwichtig	neg 1.0		off 0.34779323415410696 neg 0.3415077302879133 __DUMMY__ 0.31069903555797984	false	0.5
steuerhinterziehung	neg 1.0		neg 0.34578634966464306 off 0.34148309606549165 __DUMMY__ 0.3127305542698651	false	1.0
schock	neg 1.0		neg 0.3445513914456021 off 0.34118533206828044 __DUMMY__ 0.31426327648611746	false	1.0
beule	neg 1.0		off 0.3500915387622125 neg 0.34058029376416366 __DUMMY__ 0.30932816747362385	false	0.5
vergelten	neg 1.0		off 0.35422163962731956 neg 0.33639683185632396 __DUMMY__ 0.3093815285163565	false	0.5
verdorbenheit	neg 1.0		neg 0.3439459963501869 off 0.34368331198057417 __DUMMY__ 0.31237069166923886	false	1.0
trauma	neg 1.0		neg 0.3441162759310511 off 0.34385540831972344 __DUMMY__ 0.3120283157492254	false	1.0
sinnlos	neg 1.0		off 0.34488329712857735 neg 0.34279659428605486 __DUMMY__ 0.3123201085853677	false	0.5
fettsack	off 1.0	off 1.0	off 0.6657263944196274 neg 0.18849076849711666 __DUMMY__ 0.1457828370832559	false	1.0
feige	off 1.0	off 1.0	off 0.6626716071841923 neg 0.1891265079617782 __DUMMY__ 0.14820188485402944	false	1.0
abdanken	neg 1.0		neg 0.3438781172953212 off 0.34252764778459044 __DUMMY__ 0.3135942349200884	false	1.0
wichtigtuer	off 1.0	off 1.0	off 0.6613086672750658 neg 0.18900786650474874 __DUMMY__ 0.1496834662201854	false	1.0
misslingen	neg 1.0	neg 1.0	neg 0.6561334715082293 off 0.1919897882904321 __DUMMY__ 0.1518767402013385	false	1.0
untreu	off 1.0		off 0.3490806710931547 neg 0.3408168814760435 __DUMMY__ 0.31010244743080173	false	1.0
missmutig	neg 1.0		off 0.34643243330389684 neg 0.34234229678374134 __DUMMY__ 0.3112252699123618	false	0.5
hurenbock	off 1.0		neg 0.3493151350721739 off 0.3406063438799191 __DUMMY__ 0.31007852104790706	false	0.5
betrunken	neg 1.0		off 0.3511045344986859 neg 0.3396765693711562 __DUMMY__ 0.30921889613015785	false	0.5
korrupt	off 1.0		neg 0.34673645650034507 off 0.34068684177026576 __DUMMY__ 0.3125767017293891	false	0.5
unmut	neg 1.0		neg 0.34764366538512126 off 0.3360401560016508 __DUMMY__ 0.3163161786132278	false	1.0
hackfresse	off 1.0		off 0.35709110709039293 neg 0.33629723404739137 __DUMMY__ 0.3066116588622156	false	1.0
aufblasen	neg 1.0		neg 0.3436080639545002 off 0.3432376967404079 __DUMMY__ 0.313154239305092	false	1.0
gewaltsam	neg 1.0		neg 0.3441226735745699 off 0.34242262994131145 __DUMMY__ 0.31345469648411856	false	1.0
unbeliebtheit	neg 1.0		off 0.3493268612926242 neg 0.34040884945048905 __DUMMY__ 0.3102642892568869	false	0.5
sturheit	neg 1.0		off 0.34278678886935676 neg 0.34259836222972884 __DUMMY__ 0.31461484890091423	false	0.5
kuh	neg 1.0		neg 0.3510265479723166 off 0.34205876295164367 __DUMMY__ 0.30691468907603975	false	1.0
erschrecken	neg 1.0		off 0.3473705581432218 neg 0.3409411122312392 __DUMMY__ 0.31168832962553916	false	0.5
opfer	neg 1.0		neg 0.34327799312142077 off 0.3404996629758282 __DUMMY__ 0.31622234390275117	false	1.0
sinken	neg 1.0		neg 0.3488388210782415 off 0.3359147675901453 __DUMMY__ 0.3152464113316132	false	1.0
stinktier	neg 1.0		off 0.352185371338492 neg 0.34312916982627084 __DUMMY__ 0.30468545883523707	false	0.5
tucke	off 1.0		off 0.3570689680645437 neg 0.3399066547506772 __DUMMY__ 0.3030243771847789	false	1.0
ein			neg 0.3465945309597758 off 0.34092277397587817 __DUMMY__ 0.3124826950643461	false	0.0
abstieg	neg 1.0		off 0.3430647117608029 neg 0.33987638662695213 __DUMMY__ 0.31705890161224515	false	0.5
missverstehen	neg 1.0		off 0.34580790063333694 neg 0.3423423758446964 __DUMMY__ 0.3118497235219666	false	0.5
ergebnislos	neg 1.0		neg 0.3437155966186925 off 0.3400816558019669 __DUMMY__ 0.3162027475793406	false	1.0
unter			neg 0.34754514078285065 off 0.3318303906458789 __DUMMY__ 0.32062446857127047	false	0.0
manipulieren	neg 1.0		neg 0.34457782292577394 off 0.3391729122629938 __DUMMY__ 0.3162492648112323	false	1.0
unbewiesen	neg 1.0	neg 1.0	neg 0.6596859318739688 off 0.19026184995854356 __DUMMY__ 0.15005221816748765	false	1.0
verschleppen	neg 1.0		neg 0.3461190544162587 off 0.3397602012580375 __DUMMY__ 0.3141207443257037	false	1.0
weib	off 1.0		off 0.3582487166293834 neg 0.3374312420113464 __DUMMY__ 0.3043200413592702	false	1.0
opposition	neg 1.0		neg 0.3453358497257643 off 0.34350930742475977 __DUMMY__ 0.3111548428494758	false	1.0
verkehrswidrig	neg 1.0	neg 1.0	neg 0.654410494538235 off 0.1967753467843306 __DUMMY__ 0.14881415867743433	false	1.0
inkorrekt	neg 1.0		off 0.3519180845232474 neg 0.33948142774146994 __DUMMY__ 0.30860048773528276	false	0.5
vermeiden	neg 1.0		neg 0.3475215304101483 off 0.33444995965291807 __DUMMY__ 0.3180285099369335	false	1.0
abweichung	neg 1.0	neg 1.0	neg 0.6587212307477746 off 0.1892198549720717 __DUMMY__ 0.15205891428015383	false	1.0
alkoholisiert	neg 1.0		neg 0.3433259919835433 off 0.33923602468529523 __DUMMY__ 0.31743798333116147	false	1.0
scheiss	off 1.0	off 1.0	off 0.6634293217695605 neg 0.1888877424668223 __DUMMY__ 0.14768293576361713	false	1.0
herausforderung	neg 1.0		neg 0.34377905616539467 off 0.34095505294513306 __DUMMY__ 0.31526589088947227	false	1.0
pervers	off 1.0		off 0.36114547259350444 neg 0.3351141291210335 __DUMMY__ 0.30374039828546195	false	1.0
wackelig	neg 1.0		neg 0.3438455474669241 off 0.34082661856327734 __DUMMY__ 0.3153278339697985	false	1.0
verwickeln	neg 1.0		off 0.3447152310337286 neg 0.3431671901189725 __DUMMY__ 0.3121175788472988	false	0.5
vorwand	neg 1.0		neg 0.3473013805893405 off 0.3368356123858794 __DUMMY__ 0.3158630070247801	false	1.0
muschi	off 1.0		neg 0.3438307390948419 off 0.3424412367949444 __DUMMY__ 0.31372802411021355	false	0.5
entmutigung	neg 1.0		neg 0.34460117641950094 off 0.3445924458319468 __DUMMY__ 0.31080637774855224	false	1.0
unangemessen	neg 1.0		neg 0.3435830343084176 off 0.3420996875954248 __DUMMY__ 0.3143172780961576	false	1.0
unstetig	neg 1.0		off 0.3472151704511207 neg 0.34140287555759874 __DUMMY__ 0.3113819539912807	false	0.5
entmutigen	neg 1.0		off 0.3439971386371094 neg 0.34301033010890036 __DUMMY__ 0.31299253125399024	false	0.5
schwanz	neg 1.0		neg 0.3464486859459919 off 0.3396146226443292 __DUMMY__ 0.313936691409679	false	1.0
verbot	neg 1.0		neg 0.34692661538159186 off 0.3402987454949291 __DUMMY__ 0.3127746391234789	false	1.0
leid	neg 1.0		off 0.3537667839312369 neg 0.33852427505623156 __DUMMY__ 0.30770894101253143	false	0.5
archaisch	neg 1.0		neg 0.3457116982780428 off 0.3408578315129225 __DUMMY__ 0.3134304702090348	false	1.0
gegen			neg 0.3449386722153217 off 0.3376638473490142 __DUMMY__ 0.31739748043566407	false	0.0
scheidung	neg 1.0		off 0.36739711240403905 neg 0.3271530121782261 __DUMMY__ 0.30544987541773494	false	0.5
einschlag	neg 1.0		off 0.3540403860518429 neg 0.33565169239418574 __DUMMY__ 0.31030792155397136	false	0.5
m			neg 0.3446995684042397 off 0.34080423956366984 __DUMMY__ 0.3144961920320905	false	0.0
abgestanden	neg 1.0		neg 0.3511814095180529 off 0.33956535593964804 __DUMMY__ 0.3092532345422991	false	1.0
schmierig	off 1.0		off 0.353522802509085 neg 0.33852692010630153 __DUMMY__ 0.30795027738461334	false	1.0
unpraktisch	neg 1.0		off 0.34481111642932377 neg 0.3420336836494692 __DUMMY__ 0.3131551999212071	false	0.5
wixxer	off 1.0		off 0.3607608475499337 neg 0.33655542080262574 __DUMMY__ 0.30268373164744056	false	1.0
bezeichnet			off 0.34356887466065056 neg 0.3428510382002968 __DUMMY__ 0.3135800871390526	false	0.0
jammerlappen	off 1.0		off 0.3483745365867806 neg 0.34073547334479876 __DUMMY__ 0.3108899900684205	false	1.0
farce	neg 1.0		neg 0.3460803280638972 off 0.3419611827965867 __DUMMY__ 0.3119584891395161	false	1.0
zwecklos	neg 1.0		neg 0.345480424536763 off 0.34044972514998867 __DUMMY__ 0.31406985031324836	false	1.0
turbulent	neg 1.0		off 0.3503443147638348 neg 0.34023318175079453 __DUMMY__ 0.3094225034853707	false	0.5
invasion	neg 1.0		off 0.3456806095463582 neg 0.3423259777795114 __DUMMY__ 0.31199341267413044	false	0.5
schuld	neg 1.0		off 0.34421485444270944 neg 0.34305145891295435 __DUMMY__ 0.3127336866443362	false	0.5
risiko	neg 1.0		neg 0.3455540685985058 off 0.343752730077269 __DUMMY__ 0.31069320132422523	false	1.0
finster	neg 1.0		neg 0.3463960404731158 off 0.3414632887802722 __DUMMY__ 0.312140670746612	false	1.0
geisteskrank	off 1.0		off 0.35072970675612486 neg 0.33993263569219984 __DUMMY__ 0.30933765755167525	false	1.0
zusammenbrechen	neg 1.0		neg 0.3454880709023472 off 0.3405735722226882 __DUMMY__ 0.31393835687496463	false	1.0
ausbeute	neg 1.0		off 0.3431089328661452 neg 0.34141649368165533 __DUMMY__ 0.31547457345219937	false	0.5
hinterhalt	neg 1.0		neg 0.34583138741451136 off 0.3408461544989168 __DUMMY__ 0.3133224580865719	false	1.0
kritik	neg 1.0		neg 0.34648513193246344 off 0.34155154176278096 __DUMMY__ 0.3119633263047556	false	1.0
einschrumpfen	neg 1.0		off 0.34693080226510425 neg 0.34418413219933475 __DUMMY__ 0.30888506553556117	false	0.5
riskant	neg 1.0		neg 0.34735255457067493 off 0.3377282392080694 __DUMMY__ 0.31491920622125574	false	1.0
frustrieren	neg 1.0		neg 0.3475179341283536 off 0.33834914352387807 __DUMMY__ 0.31413292234776824	false	1.0
groll	neg 1.0		neg 0.34373557109464 off 0.34142864372920406 __DUMMY__ 0.3148357851761559	false	1.0
gibt			neg 0.3446306762144067 off 0.34063905880402684 __DUMMY__ 0.3147302649815664	false	0.0
qualvoll	neg 1.0		off 0.34503398837851157 neg 0.3427816030566191 __DUMMY__ 0.31218440856486934	false	0.5
wackeln	neg 1.0		neg 0.3436810869216328 off 0.3427474927491126 __DUMMY__ 0.3135714203292546	false	1.0
klagen	neg 1.0		neg 0.3479595536079009 off 0.33670950752044365 __DUMMY__ 0.31533093887165553	false	1.0
bankrott	neg 1.0		off 0.3483493999702269 neg 0.33987001151135554 __DUMMY__ 0.31178058851841756	false	0.5
trauern	neg 1.0		neg 0.3420592727431143 off 0.34027782208105334 __DUMMY__ 0.3176629051758321	false	1.0
ablehnung	neg 1.0		neg 0.34630457565081957 off 0.3411577342017902 __DUMMY__ 0.3125376901473903	false	1.0
stur	neg 1.0		neg 0.34396770701418605 off 0.3437877017532827 __DUMMY__ 0.3122445912325312	false	1.0
aufruhr	neg 1.0	neg 1.0	neg 0.660186282277564 off 0.18956745656044516 __DUMMY__ 0.15024626116199075	false	1.0
melancholie	neg 1.0		neg 0.3490355083040506 off 0.3367299491019207 __DUMMY__ 0.3142345425940285	false	1.0
ist			off 0.34475598202966584 neg 0.3426726057134654 __DUMMY__ 0.3125714122568687	false	0.0
torheit	neg 1.0		off 0.34435015752461284 neg 0.3429394513964547 __DUMMY__ 0.31271039107893245	false	0.5
dreckskind	off 1.0		off 0.3577580713660891 neg 0.33680774198334873 __DUMMY__ 0.30543418665056216	false	1.0
umtauschen	neg 1.0		neg 0.3449448684848542 off 0.3418578026295027 __DUMMY__ 0.3131973288856431	false	1.0
zum			neg 0.3422717636843947 off 0.33698966735479496 __DUMMY__ 0.32073856896081027	false	0.0
zersetzen	neg 1.0		neg 0.3480280125131251 off 0.3373376678111497 __DUMMY__ 0.31463431967572536	false	1.0
zur			neg 0.3469508273945155 off 0.3348356672041527 __DUMMY__ 0.3182135054013318	false	0.0
frust	neg 1.0		neg 0.34498917614121044 off 0.3406220531798706 __DUMMY__ 0.314388770678919	false	1.0
unerbittlichkeit	neg 1.0		neg 0.345363867696653 off 0.33919526995870714 __DUMMY__ 0.31544086234463986	false	1.0
zwei			neg 0.3467490526115078 off 0.3345532399857883 __DUMMY__ 0.31869770740270387	false	0.0
unkorrekt	neg 1.0		off 0.35030932512791885 neg 0.3408990402681938 __DUMMY__ 0.30879163460388737	false	0.5
hexe	off 1.0		off 0.34640478226593163 neg 0.34450434859688533 __DUMMY__ 0.30909086913718303	false	1.0
lasch	neg 1.0		off 0.3475286643623945 neg 0.3411115319721335 __DUMMY__ 0.31135980366547206	false	0.5
rivale	neg 1.0		off 0.3524385097334908 neg 0.33865470836660094 __DUMMY__ 0.3089067818999083	false	0.5
mutlos	off 1.0	off 1.0	off 0.657989507151652 neg 0.19101112022109637 __DUMMY__ 0.1509993726272516	false	1.0
wirr	off 1.0		off 0.35279794140142806 neg 0.3389192621179732 __DUMMY__ 0.3082827964805988	false	1.0
jahr			neg 0.341027939805518 off 0.34054755096143047 __DUMMY__ 0.31842450923305154	false	0.0
wird			neg 0.34484136865455134 off 0.3401035191628309 __DUMMY__ 0.31505511218261795	false	0.0
strafbar	neg 1.0		neg 0.34567040379692515 off 0.3389833249494109 __DUMMY__ 0.31534627125366405	false	1.0
erosion	neg 1.0		neg 0.3437259752870877 off 0.3430929529436077 __DUMMY__ 0.3131810717693046	false	1.0
eingehen	neg 1.0		neg 0.3472731505338149 off 0.3383405001892346 __DUMMY__ 0.31438634927695047	false	1.0
faul	off 1.0		off 0.3472866076803252 neg 0.3416833154009775 __DUMMY__ 0.3110300769186972	false	1.0
provisorium	neg 1.0		neg 0.3470300561572639 off 0.3321266805489032 __DUMMY__ 0.32084326329383295	false	1.0
schmerzen	neg 1.0		neg 0.34581153237405887 off 0.3410227168356416 __DUMMY__ 0.31316575079029946	false	1.0
schrumpfen	neg 1.0		neg 0.35058011200581946 off 0.33323006189526677 __DUMMY__ 0.31618982609891366	false	1.0
geistlos	off 1.0		off 0.3452234008303597 neg 0.34407714188741195 __DUMMY__ 0.3106994572822284	false	1.0
fehlkauf	neg 1.0		off 0.3448343858186434 neg 0.34414966005634023 __DUMMY__ 0.31101595412501637	false	0.5
frustrierend	neg 1.0		off 0.3469680256117711 neg 0.3416379415657191 __DUMMY__ 0.3113940328225099	false	0.5
unzufrieden	neg 1.0		neg 0.3453472053089345 off 0.3403371446005991 __DUMMY__ 0.3143156500904664	false	1.0
verzweifeln	neg 1.0		neg 0.343801869923948 off 0.3420701830560043 __DUMMY__ 0.3141279470200477	false	1.0
verzweifelt	neg 1.0		off 0.34424760846060115 neg 0.3431001827900341 __DUMMY__ 0.31265220874936467	false	0.5
misstrauensantrag	neg 1.0		off 0.34495306220132976 neg 0.34306244040032136 __DUMMY__ 0.3119844973983488	false	0.5
abfallen	neg 1.0		neg 0.34444338119990286 off 0.3427006923826102 __DUMMY__ 0.3128559264174868	false	1.0
fucker	off 1.0		off 0.35211164376255 neg 0.33830939716239045 __DUMMY__ 0.30957895907505956	false	1.0
ungezogen	neg 1.0		off 0.3590392024639656 neg 0.33577215060172844 __DUMMY__ 0.305188646934306	false	0.5
irrsinnig	neg 1.0	neg 1.0	neg 0.6601872429975529 off 0.1899467508928032 __DUMMY__ 0.14986600610964387	false	1.0
unfassbar	neg 1.0		off 0.34943665748158265 neg 0.3399677358853676 __DUMMY__ 0.31059560663304964	false	0.5
hart	neg 1.0		off 0.3468954421552926 neg 0.3459532982124981 __DUMMY__ 0.30715125963220924	false	0.5
widerlich	off 1.0		off 0.3496515490696268 neg 0.3405191406373274 __DUMMY__ 0.3098293102930458	false	1.0
fatal	neg 1.0	neg 1.0	neg 0.6612829463489689 off 0.19022659666915587 __DUMMY__ 0.14849045698187513	false	1.0
bruch	neg 1.0		neg 0.34523355424568136 off 0.33696355503122033 __DUMMY__ 0.3178028907230983	false	1.0
aushungern	neg 1.0		neg 0.34704246394100174 off 0.3403858982987206 __DUMMY__ 0.31257163776027774	false	1.0
anspannung	neg 1.0		neg 0.3453632060120343 off 0.3352959164598152 __DUMMY__ 0.31934087752815066	false	1.0
von			neg 0.34612523491061586 off 0.33757155456923654 __DUMMY__ 0.3163032105201476	false	0.0
kraftlos	neg 1.0		neg 0.34510276800495004 off 0.34009077033726115 __DUMMY__ 0.31480646165778875	false	1.0
vom			neg 0.3444975422688745 off 0.33367057096427805 __DUMMY__ 0.32183188676684726	false	0.0
grenzdebil	off 1.0		off 0.3491870103383867 neg 0.34109478213449157 __DUMMY__ 0.3097182075271217	false	1.0
vor			neg 0.3467895568394717 off 0.33638595872137994 __DUMMY__ 0.3168244844391484	false	0.0
unterwerfen	neg 1.0		neg 0.3453401834327183 off 0.3396121293334414 __DUMMY__ 0.3150476872338404	false	1.0
versenkung	neg 1.0		neg 0.3453399372216423 off 0.33915770461208433 __DUMMY__ 0.3155023581662734	false	1.0
entziehen	neg 1.0		neg 0.347330995475087 off 0.3367441018540733 __DUMMY__ 0.3159249026708398	false	1.0
finanzkrise	neg 1.0		neg 0.3510139717017822 off 0.33936007763345943 __DUMMY__ 0.30962595066475823	false	1.0
schimpfend	neg 1.0		off 0.34434167211582206 neg 0.34197833659266663 __DUMMY__ 0.31367999129151153	false	0.5
profan	neg 1.0		off 0.34527139739473345 neg 0.34279577594919075 __DUMMY__ 0.31193282665607586	false	0.5
korruption	neg 1.0		neg 0.34725900968715634 off 0.339882060089208 __DUMMY__ 0.31285893022363576	false	1.0
â			neg 0.346022452022057 off 0.33970472479288466 __DUMMY__ 0.31427282318505845	false	0.0
schmutzig	neg 1.0		off 0.34969863587523276 neg 0.3402475054605648 __DUMMY__ 0.31005385866420254	false	0.5
sexy	neg 1.0		off 0.3473178419011765 neg 0.34088941331576056 __DUMMY__ 0.311792744783063	false	0.5
abraten	neg 1.0		off 0.3452027250509004 neg 0.34212580279008037 __DUMMY__ 0.3126714721590193	false	0.5
schwarz	neg 1.0		off 0.3452800806299303 neg 0.3425643475276268 __DUMMY__ 0.3121555718424429	false	0.5
fotze	off 1.0	off 1.0	off 0.658368291263558 neg 0.19084546216435547 __DUMMY__ 0.1507862465720865	false	1.0
verwirren	neg 1.0		off 0.34580776531617935 neg 0.3420587924590625 __DUMMY__ 0.31213344222475814	false	0.5
zahnlos	off 1.0		neg 0.34480788844984506 off 0.3413370612604408 __DUMMY__ 0.31385505028971417	false	0.5
verheeren	neg 1.0		off 0.3609884704585581 neg 0.3337169555498858 __DUMMY__ 0.30529457399155613	false	0.5
hippie	neg 1.0		off 0.34664392038111164 neg 0.34179316542313 __DUMMY__ 0.31156291419575827	false	0.5
rammen	neg 1.0		neg 0.3435704896976962 off 0.3434904738520994 __DUMMY__ 0.31293903645020454	false	1.0
unlauter	neg 1.0		off 0.3445011077443107 neg 0.34408188661087163 __DUMMY__ 0.3114170056448177	false	0.5
unheilvoll	neg 1.0		neg 0.3441118789034595 off 0.3437136919911368 __DUMMY__ 0.3121744291054036	false	1.0
niedrig	neg 1.0		neg 0.3480459736261776 off 0.3386379334106657 __DUMMY__ 0.31331609296315666	false	1.0
explosion	neg 1.0		off 0.346700055873947 neg 0.34150339540656444 __DUMMY__ 0.3117965487194885	false	0.5
weichei	off 1.0	off 1.0	off 0.6658244298314319 neg 0.1876300804877579 __DUMMY__ 0.1465454896808103	false	1.0
minusmensch	off 1.0		off 0.36010232752776566 neg 0.3352848565086571 __DUMMY__ 0.3046128159635773	false	1.0
farblos	neg 1.0		neg 0.3453575186272155 off 0.3430989248373933 __DUMMY__ 0.3115435565353913	false	1.0
unwissend	neg 1.0	neg 1.0	neg 0.659344496698765 off 0.19208312458521315 __DUMMY__ 0.1485723787160218	false	1.0
traurig	neg 1.0		off 0.351888449836114 neg 0.33907852709563413 __DUMMY__ 0.30903302306825187	false	0.5
senkung	neg 1.0		neg 0.3465956967634778 off 0.34402884325172334 __DUMMY__ 0.30937545998479893	false	1.0
ungleich	neg 1.0	neg 1.0	neg 0.6611560130820344 off 0.18766939216142348 __DUMMY__ 0.15117459475654219	false	1.0
heikel	neg 1.0		neg 0.34633492021224405 off 0.3383632120054734 __DUMMY__ 0.31530186778228253	false	1.0
drosselung	neg 1.0		off 0.3476197674147947 neg 0.3448331655158935 __DUMMY__ 0.3075470670693118	false	0.5
falsch	neg 1.0		off 0.34745486924475316 neg 0.34095542930712597 __DUMMY__ 0.3115897014481208	false	0.5
unzufriedenheit	neg 1.0		neg 0.3484455658558005 off 0.33718056817149694 __DUMMY__ 0.31437386597270256	false	1.0
kurz	neg 1.0		neg 0.3435236457160208 off 0.3413188332562142 __DUMMY__ 0.3151575210277651	false	1.0
unsinnig	neg 1.0		neg 0.3462512061914803 off 0.3410867084427698 __DUMMY__ 0.3126620853657499	false	1.0
penner	off 1.0	off 1.0	off 0.6671430979137872 neg 0.18648206098718997 __DUMMY__ 0.14637484109902282	false	1.0
seicht	neg 1.0		off 0.35703190485558955 neg 0.33877513715492685 __DUMMY__ 0.30419295798948337	false	0.5
dummheit	off 1.0	off 1.0	off 0.6609034609262856 neg 0.19009216719025554 __DUMMY__ 0.14900437188345886	false	1.0
unerfreulich	neg 1.0		neg 0.3462076239122458 off 0.33818105761728734 __DUMMY__ 0.31561131847046686	false	1.0
motherfucker	off 1.0	off 1.0	off 0.6641730545574042 neg 0.18766389631564614 __DUMMY__ 0.14816304912694983	false	1.0
pikiert	neg 1.0	neg 1.0	neg 0.6592423705282792 off 0.1923465425543836 __DUMMY__ 0.14841108691733715	false	1.0
wrack	neg 1.0		off 0.34384962860696566 neg 0.33846148220976247 __DUMMY__ 0.31768888918327187	false	0.5
gangster	neg 1.0		off 0.3468154545281334 neg 0.3417875960407096 __DUMMY__ 0.31139694943115703	false	0.5
krank	neg 1.0	neg 1.0	neg 0.6575955953316213 off 0.19350442613476726 __DUMMY__ 0.14889997853361142	false	1.0
reich	neg 1.0		off 0.34611641117249553 neg 0.344389165072236 __DUMMY__ 0.3094944237552685	false	0.5
gnadenlos	neg 1.0		off 0.34435665521276765 neg 0.34231179656653404 __DUMMY__ 0.3133315482206983	false	0.5
niedergeschlagen	neg 1.0		neg 0.3441491299557286 off 0.3407353042874284 __DUMMY__ 0.31511556575684313	false	1.0
terrorisieren	off 1.0	off 1.0	off 0.6574542589553881 neg 0.1910637182731681 __DUMMY__ 0.15148202277144376	false	1.0
sinnlosigkeit	neg 1.0		neg 0.344721782724673 off 0.34102771033481244 __DUMMY__ 0.31425050694051454	false	1.0
behindern	neg 1.0		neg 0.3452430730874171 off 0.34207083384337866 __DUMMY__ 0.3126860930692044	false	1.0
undemokratisch	neg 1.0		off 0.34497277289072725 neg 0.34347455029178536 __DUMMY__ 0.3115526768174874	false	0.5
wirtschaftskrise	neg 1.0		neg 0.3496764615761039 off 0.33846954388946915 __DUMMY__ 0.3118539945344269	false	1.0
neid	neg 1.0		off 0.34641944152816595 neg 0.34203138431405655 __DUMMY__ 0.3115491741577776	false	0.5
rutschen	neg 1.0		neg 0.3473069573131955 off 0.33409916615178153 __DUMMY__ 0.31859387653502297	false	1.0
rezession	neg 1.0		off 0.34989675053502484 neg 0.34404456464210825 __DUMMY__ 0.306058684822867	false	0.5
fehlgeburt	neg 1.0		off 0.34432049897893596 neg 0.3414384670882691 __DUMMY__ 0.3142410339327949	false	0.5
charakterschwach	off 1.0		off 0.3489525749611275 neg 0.3412334926758297 __DUMMY__ 0.3098139323630429	false	1.0
isolation	neg 1.0		off 0.3477033576313378 neg 0.3402934206869911 __DUMMY__ 0.3120032216816712	false	0.5
ablenkung	neg 1.0		off 0.34320206757941474 neg 0.3426052552799776 __DUMMY__ 0.31419267714060756	false	0.5
pech	neg 1.0		off 0.3475655114394689 neg 0.34117185227358365 __DUMMY__ 0.31126263628694734	false	0.5
vermeidung	neg 1.0		off 0.3489664791451048 neg 0.341652622803566 __DUMMY__ 0.30938089805132907	false	0.5
dominieren	neg 1.0		neg 0.34325661020028725 off 0.3420250187637386 __DUMMY__ 0.3147183710359743	false	1.0
schwindlig	neg 1.0		off 0.3446055713269552 neg 0.34354794509424386 __DUMMY__ 0.3118464835788009	false	0.5
lutscher	neg 1.0	neg 1.0	neg 0.6567032615293645 off 0.19840133562801884 __DUMMY__ 0.1448954028426165	false	1.0
pflicht	neg 1.0		neg 0.3455235070160772 off 0.33770555976534716 __DUMMY__ 0.3167709332185756	false	1.0
faschist	off 1.0		off 0.3470642561575159 neg 0.3414880799085481 __DUMMY__ 0.31144766393393597	false	1.0
verschleudern	neg 1.0		neg 0.35012286116767716 off 0.3372681786511675 __DUMMY__ 0.3126089601811553	false	1.0
wenn			off 0.34799167221193056 neg 0.3410455840007183 __DUMMY__ 0.31096274378735117	false	0.0
ehebruch	neg 1.0		neg 0.3456045409350079 off 0.33991493823679797 __DUMMY__ 0.31448052082819417	false	1.0
spott	off 1.0		neg 0.3443852432609256 off 0.3403653160623579 __DUMMY__ 0.31524944067671645	false	0.5
trostlosigkeit	neg 1.0		neg 0.3495712252664541 off 0.33575200744978323 __DUMMY__ 0.3146767672837627	false	1.0
lutschen	neg 1.0		off 0.347045901762306 neg 0.3422256158616329 __DUMMY__ 0.31072848237606115	false	0.5
undiszipliniert	neg 1.0		off 0.3513586671250693 neg 0.33911318980002003 __DUMMY__ 0.30952814307491067	false	0.5
kopfschmerz	neg 1.0		neg 0.34862745188172795 off 0.3381606447624289 __DUMMY__ 0.31321190335584326	false	1.0
unvorhergesehen	neg 1.0		neg 0.34594270081138406 off 0.33763374432714083 __DUMMY__ 0.3164235548614751	false	1.0
desinteressiert	neg 1.0		off 0.35032195736316746 neg 0.34026502346479026 __DUMMY__ 0.3094130191720423	false	0.5
armselig	off 1.0		off 0.3529370451366155 neg 0.33836771192559173 __DUMMY__ 0.3086952429377929	false	1.0
desaster	neg 1.0		neg 0.3484418325652983 off 0.3358923470456306 __DUMMY__ 0.31566582038907104	false	1.0
tod	neg 1.0		neg 0.3445636609035695 off 0.3397393555407694 __DUMMY__ 0.315696983555661	false	1.0
herzlos	neg 1.0		off 0.352207356427508 neg 0.3390469373055082 __DUMMY__ 0.30874570626698367	false	0.5
unwissenheit	neg 1.0		neg 0.34567822622283867 off 0.34032311162153067 __DUMMY__ 0.3139986621556306	false	1.0
widersinnig	neg 1.0		neg 0.346782953037668 off 0.34093864260033113 __DUMMY__ 0.3122784043620008	false	1.0
bedenklich	neg 1.0		neg 0.34680304807611245 off 0.3391383138915614 __DUMMY__ 0.3140586380323262	false	1.0
beanstanden	neg 1.0		neg 0.3448764634795827 off 0.33849201589150163 __DUMMY__ 0.31663152062891575	false	1.0
panisch	neg 1.0		off 0.3455818152458615 neg 0.34119730869598985 __DUMMY__ 0.31322087605814863	false	0.5
debil	off 1.0		neg 0.35040556354261126 off 0.3310762295044186 __DUMMY__ 0.3185182069529701	false	0.5
abstrich	neg 1.0		neg 0.3475224705307938 off 0.34000666704520427 __DUMMY__ 0.3124708624240018	false	1.0
primitiv	neg 1.0		off 0.3507658918735687 neg 0.33954295260412226 __DUMMY__ 0.3096911555223091	false	0.5
abschaum	off 1.0	off 1.0	off 0.6632611315960433 neg 0.1875744236024132 __DUMMY__ 0.1491644448015436	false	1.0
provozieren	neg 1.0		neg 0.3438345160131334 off 0.34366568513737555 __DUMMY__ 0.3124997988494909	false	1.0
tot	neg 1.0		neg 0.3469730418487348 off 0.33980910411515103 __DUMMY__ 0.31321785403611413	false	1.0
instabil	neg 1.0		off 0.35310835876718333 neg 0.3386053138310442 __DUMMY__ 0.3082863274017724	false	0.5
schwuchtel	off 1.0	off 1.0	off 0.6710197597791709 neg 0.1849927057563714 __DUMMY__ 0.14398753446445764	false	1.0
zerren	neg 1.0		neg 0.343953902019541 off 0.34079835831217986 __DUMMY__ 0.3152477396682792	false	1.0
kinderficker	off 1.0		off 0.35517487291029554 neg 0.33751714127043525 __DUMMY__ 0.30730798581926927	false	1.0
gefahr	neg 1.0		neg 0.34608926402901574 off 0.3377677319259206 __DUMMY__ 0.3161430040450637	false	1.0
rabiat	neg 1.0		neg 0.3455469605393568 off 0.34146632739882204 __DUMMY__ 0.31298671206182127	false	1.0
verlangsamung	neg 1.0		off 0.3568046544492111 neg 0.33698490344170295 __DUMMY__ 0.306210442109086	false	0.5
ausgestorben	neg 1.0		neg 0.34403355506388766 off 0.34185780457953585 __DUMMY__ 0.3141086403565764	false	1.0
anklagen	neg 1.0		neg 0.34481621333216994 off 0.34128505676708953 __DUMMY__ 0.3138987299007405	false	1.0
trott	neg 1.0		neg 0.34398058439323886 off 0.3428159485922892 __DUMMY__ 0.31320346701447194	false	1.0
verminderung	neg 1.0		off 0.34933050498708634 neg 0.34100902491132745 __DUMMY__ 0.3096604701015862	false	0.5
nach			neg 0.3466309335185133 off 0.3334566909733369 __DUMMY__ 0.3199123755081497	false	0.0
rost	neg 1.0		off 0.3598066878592008 neg 0.3326654565702465 __DUMMY__ 0.30752785557055257	false	0.5
destruktiv	neg 1.0		neg 0.3445665809284946 off 0.3425022710903266 __DUMMY__ 0.31293114798117866	false	1.0
unzumutbarkeit	neg 1.0		off 0.34961659730963923 neg 0.3402096341178739 __DUMMY__ 0.3101737685724869	false	0.5
labil	off 1.0	off 1.0	off 0.662303068110998 neg 0.18894838640506878 __DUMMY__ 0.14874854548393318	false	1.0
ziemlich	neg 1.0		off 0.34938062024517796 neg 0.33961368818708754 __DUMMY__ 0.31100569156773444	false	0.5
lachnummer	off 1.0		off 0.343948803150306 neg 0.342440491568116 __DUMMY__ 0.31361070528157803	false	1.0
oder			off 0.34409482490993887 neg 0.3420211087997483 __DUMMY__ 0.3138840662903128	false	0.0
verfall	neg 1.0		neg 0.35092869156610246 off 0.3331622910773196 __DUMMY__ 0.315909017356578	false	1.0
ausgrenzung	neg 1.0		off 0.34470634623347096 neg 0.3439235813492177 __DUMMY__ 0.3113700724173114	false	0.5
unordnung	neg 1.0		off 0.35293782511920885 neg 0.3395377425443449 __DUMMY__ 0.30752443233644633	false	0.5
fehlverhalten	neg 1.0		neg 0.3458526564957117 off 0.3388903141796688 __DUMMY__ 0.3152570293246196	false	1.0
eine			neg 0.3471259907945096 off 0.336672448513681 __DUMMY__ 0.31620156069180927	false	0.0
nille	neg 1.0		neg 0.3436711750148159 off 0.3432124820808263 __DUMMY__ 0.31311634290435786	false	1.0
qual	neg 1.0		neg 0.34460427476641237 off 0.34226787008094794 __DUMMY__ 0.31312785515263963	false	1.0
verschwenden	neg 1.0		neg 0.3481105264187291 off 0.33762970589969876 __DUMMY__ 0.31425976768157227	false	1.0
riesig	neg 1.0		neg 0.3454943095174349 off 0.339218448822026 __DUMMY__ 0.31528724166053906	false	1.0
verurteilen	neg 1.0		neg 0.3453817587189395 off 0.34080533887840364 __DUMMY__ 0.31381290240265686	false	1.0
klischee	neg 1.0	neg 1.0	neg 0.6595298282754433 off 0.19159041755091108 __DUMMY__ 0.14887975417364563	false	1.0
diktatorisch	neg 1.0		off 0.34473072062668375 neg 0.34413896648211817 __DUMMY__ 0.31113031289119825	false	0.5
vorhersehbar	neg 1.0		off 0.34557297213248905 neg 0.3434774842207928 __DUMMY__ 0.3109495436467181	false	0.5
sowie			off 0.35327972246237815 neg 0.3404949726495276 __DUMMY__ 0.3062253048880943	false	0.0
stornieren	neg 1.0		off 0.3480819242194316 neg 0.33750147362022564 __DUMMY__ 0.31441660216034256	false	0.5
besteuerung	neg 1.0	neg 1.0	neg 0.6629672198732522 off 0.18869870255657215 __DUMMY__ 0.14833407757017564	false	1.0
ungeschminkt	neg 1.0		off 0.35034004726450746 neg 0.34055874828703164 __DUMMY__ 0.3091012044484609	false	0.5
kritisch	neg 1.0		neg 0.3449145949810739 off 0.3406619186697952 __DUMMY__ 0.3144234863491308	false	1.0
schlamperei	off 1.0		neg 0.3466155688734588 off 0.338853657937399 __DUMMY__ 0.31453077318914213	false	0.5
sucht	neg 1.0	neg 1.0	neg 0.6589236658914291 off 0.19069901152416607 __DUMMY__ 0.15037732258440473	false	1.0
egoistisch	off 1.0	off 1.0	off 0.666285581028206 neg 0.18638581616334984 __DUMMY__ 0.1473286028084441	false	1.0
ausbeuter	off 1.0		neg 0.3487318015500819 off 0.3373809135945094 __DUMMY__ 0.3138872848554086	false	0.5
arschgeburt	off 1.0		off 0.36362678717428354 neg 0.3344175821895009 __DUMMY__ 0.30195563063621567	false	1.0
schubs	neg 1.0		neg 0.3481435556034207 off 0.33858737158430674 __DUMMY__ 0.3132690728122725	false	1.0
unsolide	neg 1.0		off 0.34650053004252723 neg 0.3412001061784153 __DUMMY__ 0.3122993637790576	false	0.5
beschwerde	neg 1.0		neg 0.3445023417449001 off 0.3411002193748216 __DUMMY__ 0.3143974388802784	false	1.0
stocken	neg 1.0		neg 0.34554380563244175 off 0.3397772416626915 __DUMMY__ 0.31467895270486673	false	1.0
isolieren	neg 1.0		neg 0.3462338941253996 off 0.34028395391984145 __DUMMY__ 0.31348215195475904	false	1.0
unheilbar	neg 1.0		off 0.34344937023008887 neg 0.3429309518939312 __DUMMY__ 0.31361967787597994	false	0.5
pisser	off 1.0	off 1.0	off 0.6645503163354302 neg 0.18768632561092785 __DUMMY__ 0.147763358053642	false	1.0
löschen	neg 1.0		neg 0.3445251534003563 off 0.34304554816913135 __DUMMY__ 0.3124292984305124	false	1.0
durchfallen	neg 1.0		neg 0.34480633003475425 off 0.3405578000783791 __DUMMY__ 0.3146358698868665	false	1.0
wichser	off 1.0	off 1.0	off 0.6690141137985823 neg 0.18543820540006714 __DUMMY__ 0.1455476808013505	false	1.0
terror	neg 1.0		off 0.3463430498813773 neg 0.34208020590135196 __DUMMY__ 0.31157674421727083	false	0.5
krass	neg 1.0		off 0.3538885945492884 neg 0.3383496447275941 __DUMMY__ 0.30776176072311745	false	0.5
revolte	neg 1.0		neg 0.3453470857827304 off 0.3452766986747968 __DUMMY__ 0.3093762155424727	false	1.0
besorgt	neg 1.0		neg 0.34245827376668275 off 0.3419251190089735 __DUMMY__ 0.3156166072243437	false	1.0
nachlassen	neg 1.0		neg 0.3440096342767706 off 0.3404530591939758 __DUMMY__ 0.31553730652925355	false	1.0
alt	neg 1.0		neg 0.35211140972577565 off 0.3364615260556644 __DUMMY__ 0.3114270642185599	false	1.0
hundesohn	off 1.0	off 1.0	off 0.6681923578681164 neg 0.1862318598042549 __DUMMY__ 0.14557578232762863	false	1.0
als			neg 0.3453503613961961 off 0.340629340413659 __DUMMY__ 0.31402029819014493	false	0.0
abschreckung	neg 1.0		neg 0.3473781506935803 off 0.3375404257474515 __DUMMY__ 0.31508142355896823	false	1.0
unqualifiziert	neg 1.0		off 0.34785947803774747 neg 0.340859208996463 __DUMMY__ 0.3112813129657897	false	0.5
abgewichst	off 1.0		neg 0.34346922221420445 off 0.34280505486637364 __DUMMY__ 0.31372572291942186	false	0.5
schwer	neg 1.0		neg 0.3433604403566608 off 0.34267913500440617 __DUMMY__ 0.3139604246389331	false	1.0
bedeutungslosigkeit	neg 1.0		neg 0.34672735163480706 off 0.3382425520833609 __DUMMY__ 0.3150300962818321	false	1.0
kapitulation	neg 1.0		neg 0.3477886681932771 off 0.3391129956221085 __DUMMY__ 0.3130983361846144	false	1.0
unscharf	neg 1.0		neg 0.346406332793851 off 0.3435546904978418 __DUMMY__ 0.31003897670830716	false	1.0
schwinden	neg 1.0		neg 0.3478067812581897 off 0.3378245403558605 __DUMMY__ 0.31436867838594973	false	1.0
versklavung	neg 1.0	neg 1.0	neg 0.6612378740322903 off 0.18981351232865215 __DUMMY__ 0.1489486136390576	false	1.0
schlecht	neg 1.0		off 0.3496242579859117 neg 0.3392729415833952 __DUMMY__ 0.311102800430693	false	0.5
verhasst	neg 1.0		off 0.34413808873148516 neg 0.3439677898871377 __DUMMY__ 0.31189412138137707	false	0.5
beschweren	neg 1.0		off 0.3454523605617623 neg 0.34157498123735214 __DUMMY__ 0.3129726582008855	false	0.5
scheiden	neg 1.0		neg 0.34326026379902314 off 0.3432466498640592 __DUMMY__ 0.31349308633691786	false	1.0
frustriert	neg 1.0		neg 0.3440151375193071 off 0.3417274700842577 __DUMMY__ 0.31425739239643524	false	1.0
schimmelig	neg 1.0		neg 0.3494783515261465 off 0.3380636916672212 __DUMMY__ 0.31245795680663224	false	1.0
fisch	neg 1.0		neg 0.35265526158247257 off 0.33411130472038086 __DUMMY__ 0.31323343369714657	false	1.0
schmuggel	neg 1.0		neg 0.3459622075430276 off 0.3373112442386919 __DUMMY__ 0.3167265482182805	false	1.0
auffallen	neg 1.0		off 0.34562087242347556 neg 0.3420290947930847 __DUMMY__ 0.3123500327834398	false	0.5
konkurrenz	neg 1.0		neg 0.3442847383146737 off 0.3390178826853938 __DUMMY__ 0.31669737899993267	false	1.0
teufelskreis	neg 1.0	neg 1.0	neg 0.6618190225119815 off 0.188444812499872 __DUMMY__ 0.1497361649881465	false	1.0
aufschreien	neg 1.0		off 0.3454621111347125 neg 0.34344242854999524 __DUMMY__ 0.3110954603152923	false	0.5
schuldner	neg 1.0		neg 0.3502526210419578 off 0.3365415770324541 __DUMMY__ 0.3132058019255881	false	1.0
missgeburt	off 1.0	off 1.0	off 0.6678066834864593 neg 0.18550431694459413 __DUMMY__ 0.14668899956894657	false	1.0
arbeitslos	neg 1.0		neg 0.34577367220398136 off 0.34001087216093945 __DUMMY__ 0.314215455635079	false	1.0
befallen	neg 1.0		neg 0.3499319891989562 off 0.33931731534164994 __DUMMY__ 0.310750695459394	false	1.0
miesepetrig	off 1.0	off 1.0	off 0.6624447185589788 neg 0.18866063271416117 __DUMMY__ 0.14889464872685995	false	1.0
alarmieren	neg 1.0		off 0.34797469680910253 neg 0.34125683612546526 __DUMMY__ 0.3107684670654322	false	0.5
ungeduscht	off 1.0		off 0.346958600770359 neg 0.3428334344813504 __DUMMY__ 0.31020796474829054	false	1.0
knappheit	neg 1.0		neg 0.34849238562108925 off 0.33910715302921574 __DUMMY__ 0.312400461349695	false	1.0
schlange	neg 1.0		off 0.34379861907760945 neg 0.3424853919142463 __DUMMY__ 0.31371598900814424	false	0.5
harsch	neg 1.0		off 0.354349798044342 neg 0.33622055776370086 __DUMMY__ 0.3094296441919572	false	0.5
lang	neg 1.0		off 0.34434319011060865 neg 0.3430634714517359 __DUMMY__ 0.31259333843765547	false	0.5
ziellos	neg 1.0		neg 0.34484366429397606 off 0.3392194199462577 __DUMMY__ 0.3159369157597663	false	1.0
selbstverliebt	neg 1.0		off 0.36183174370751453 neg 0.3333631544969861 __DUMMY__ 0.30480510179549947	false	0.5
beseitigen	neg 1.0		off 0.3433298523115425 neg 0.34268498460019753 __DUMMY__ 0.3139851630882601	false	0.5
dumm	off 1.0		off 0.35598015832448526 neg 0.33729210411994437 __DUMMY__ 0.30672773755557037	false	1.0
arbeitsloser	neg 1.0		off 0.3427248526460887 neg 0.3401568990830888 __DUMMY__ 0.31711824827082236	false	0.5
blitzen	neg 1.0		off 0.34661173094773834 neg 0.3427859480027809 __DUMMY__ 0.3106023210494809	false	0.5
hilflos	neg 1.0		neg 0.3456528904276372 off 0.34016187552543964 __DUMMY__ 0.3141852340469233	false	1.0
eklig	off 1.0		off 0.35564022591250993 neg 0.33884951495475635 __DUMMY__ 0.3055102591327336	false	1.0
begriff			neg 0.34325598880008124 off 0.34289236060145495 __DUMMY__ 0.31385165059846387	false	0.0
hungersnot	neg 1.0		neg 0.347832427208452 off 0.3394391959645179 __DUMMY__ 0.31272837682703014	false	1.0
ungesetzlich	neg 1.0		off 0.34543931875795547 neg 0.34268367124834853 __DUMMY__ 0.311877009993696	false	0.5
verschwendung	neg 1.0		neg 0.34697103385528755 off 0.33810738596130113 __DUMMY__ 0.31492158018341143	false	1.0
schmerzvoll	neg 1.0		off 0.3440289166255813 neg 0.34399907531489 __DUMMY__ 0.3119720080595288	false	0.5
vorzeitig	neg 1.0		off 0.35004736909246875 neg 0.33753782321888753 __DUMMY__ 0.3124148076886439	false	0.5
unvollkommenheit	neg 1.0		neg 0.34497515420912905 off 0.3412055992716725 __DUMMY__ 0.31381924651919846	false	1.0
intervenieren	neg 1.0		neg 0.34911259430661745 off 0.33767070119153025 __DUMMY__ 0.3132167045018523	false	1.0
banause	off 1.0		off 0.3562104962052192 neg 0.34027473703254807 __DUMMY__ 0.3035147667622326	false	1.0
rebell	neg 1.0		neg 0.35260752490250175 off 0.33269286028223305 __DUMMY__ 0.31469961481526526	false	1.0
unlogisch	neg 1.0		off 0.3511509337941077 neg 0.34038189399776175 __DUMMY__ 0.30846717220813047	false	0.5
leiden	neg 1.0		neg 0.3445004631869033 off 0.3383147316358301 __DUMMY__ 0.31718480517726655	false	1.0
abschaffung	neg 1.0		neg 0.34527179754909576 off 0.3432463859017688 __DUMMY__ 0.31148181654913537	false	1.0
sturz	neg 1.0		off 0.3467531914966668 neg 0.3391163857942715 __DUMMY__ 0.3141304227090618	false	0.5
verkleinerung	neg 1.0		neg 0.3460248232031811 off 0.3453532913504456 __DUMMY__ 0.3086218854463733	false	1.0
schmarotzer	off 1.0		neg 0.34502706024641056 off 0.34111289660601884 __DUMMY__ 0.3138600431475705	false	0.5
bestrafung	neg 1.0	neg 1.0	neg 0.6597799762438682 off 0.1899550143545041 __DUMMY__ 0.1502650094016277	false	1.0
achtlos	neg 1.0		neg 0.34305393991607525 off 0.3421967087314031 __DUMMY__ 0.3147493513525217	false	1.0
ungeheuer	neg 1.0		neg 0.34461386302443553 off 0.3429573405923775 __DUMMY__ 0.3124287963831869	false	1.0
unaufrichtig	neg 1.0		off 0.34776708140669216 neg 0.34094774385868 __DUMMY__ 0.3112851747346279	false	0.5
groggy	neg 1.0		off 0.3467991314224124 neg 0.3411462666787193 __DUMMY__ 0.31205460189886836	false	0.5
verletzlich	neg 1.0		off 0.34704481121222214 neg 0.34424957594702843 __DUMMY__ 0.30870561284074943	false	0.5
ablehnen	neg 1.0		neg 0.345536640053548 off 0.3401509913383306 __DUMMY__ 0.31431236860812134	false	1.0
