unsolidarisch	neg 1.0		neg 0.498580269504765 off 0.4947238134250397 __DUMMY__ 0.006695917070195419	false	1.0
nachteilig	neg 1.0		neg 0.49956290310024554 off 0.49364922807798123 __DUMMY__ 0.006787868821773256	false	1.0
skeptisch	neg 1.0		neg 0.5019601537178182 off 0.4912601175320659 __DUMMY__ 0.006779728750115865	false	1.0
schrecklich	neg 1.0		off 0.5031592496704754 neg 0.4902096051444315 __DUMMY__ 0.006631145185092933	false	0.5
schlapp	neg 1.0	neg 1.0	neg 0.73162974196248 off 0.26521304043669064 __DUMMY__ 0.0031572176008294846	false	1.0
abfall	neg 1.0		neg 0.5026404526637741 off 0.4905174443931285 __DUMMY__ 0.006842102943097579	false	1.0
widerspenstig	neg 1.0		neg 0.4999372095379178 off 0.49335181200757877 __DUMMY__ 0.006710978454503344	false	1.0
abrupt	neg 1.0		neg 0.5040199394609732 off 0.48922407229954734 __DUMMY__ 0.0067559882394794615	false	1.0
unwirksam	neg 1.0		neg 0.502090181891536 off 0.4912618501405279 __DUMMY__ 0.006647967967935963	false	1.0
angreifen	neg 1.0		neg 0.502248963627486 off 0.49096176503631406 __DUMMY__ 0.006789271336200055	false	1.0
inkonsistent	neg 1.0		neg 0.4967068736462151 off 0.49661228494161436 __DUMMY__ 0.006680841412170467	false	1.0
abrutschen	neg 1.0		neg 0.5038293162149586 off 0.48933938768885 __DUMMY__ 0.006831296096191519	false	1.0
unsicher	neg 1.0		neg 0.4971760456147226 off 0.4960775052293753 __DUMMY__ 0.006746449155901961	false	1.0
bauernkind	off 1.0	off 1.0	off 0.7355060933665776 neg 0.26140791014104725 __DUMMY__ 0.0030859964923751243	false	1.0
angreifer	neg 1.0		off 0.5007600325327801 neg 0.49251397447846024 __DUMMY__ 0.006725992988759546	false	0.5
trennen	neg 1.0		neg 0.5015944351837526 off 0.4916010093387185 __DUMMY__ 0.0068045554775289325	false	1.0
schmutz	neg 1.0		off 0.5025864337877456 neg 0.4906417122060135 __DUMMY__ 0.0067718540062408	false	0.5
inkonsistenz	neg 1.0		off 0.5000913901267572 neg 0.49322519548884924 __DUMMY__ 0.0066834143843934836	false	0.5
erschreckend	neg 1.0		neg 0.49847749223716975 off 0.4947822848648094 __DUMMY__ 0.006740222898020877	false	1.0
ertrinken	neg 1.0		neg 0.5041600234256206 off 0.4890701081683325 __DUMMY__ 0.006769868406047025	false	1.0
pickelface	off 1.0		neg 0.49790230883851055 off 0.4953799368351695 __DUMMY__ 0.006717754326319941	false	0.5
seiner			neg 0.5009346735625987 off 0.4922648538027456 __DUMMY__ 0.006800472634655732	false	0.0
lauch	neg 1.0	neg 1.0	neg 0.7379431509877403 off 0.258834292014873 __DUMMY__ 0.00322255699738673	false	1.0
unwichtig	neg 1.0		off 0.4992809245345488 neg 0.4940462820149958 __DUMMY__ 0.006672793450455391	false	0.5
steuerhinterziehung	neg 1.0		neg 0.499642806935234 off 0.49363923238783275 __DUMMY__ 0.006717960676933123	false	1.0
schock	neg 1.0		neg 0.49908725971153045 off 0.49415999358542684 __DUMMY__ 0.006752746703042822	false	1.0
beule	neg 1.0		off 0.5010371467422642 neg 0.49232215996317547 __DUMMY__ 0.006640693294560351	false	0.5
vergelten	neg 1.0		off 0.505308965396113 neg 0.48804953474330304 __DUMMY__ 0.00664149986058401	false	0.5
verdorbenheit	neg 1.0		neg 0.4974267690795426 off 0.49586374326585514 __DUMMY__ 0.006709487654602139	false	1.0
trauma	neg 1.0		neg 0.49747142809045564 off 0.4958255674459552 __DUMMY__ 0.006703004463589001	false	1.0
sinnlos	neg 1.0		off 0.49704179568080026 neg 0.4962487880330478 __DUMMY__ 0.006709416286151988	false	0.5
fettsack	off 1.0	off 1.0	off 0.7367758693304256 neg 0.2601340193565464 __DUMMY__ 0.003090111313027838	false	1.0
feige	off 1.0	off 1.0	off 0.7348476786430456 neg 0.26200948046424605 __DUMMY__ 0.003142840892708495	false	1.0
abdanken	neg 1.0		neg 0.4981019456200734 off 0.49516050064891626 __DUMMY__ 0.006737553731010378	false	1.0
wichtigtuer	off 1.0	off 1.0	off 0.7341949513482168 neg 0.26263024876422064 __DUMMY__ 0.003174799887562582	false	1.0
misslingen	neg 1.0	neg 1.0	neg 0.7308307026874439 off 0.26594778912982525 __DUMMY__ 0.0032215081827309255	false	1.0
untreu	off 1.0		off 0.5003297135687687 neg 0.4930109688485795 __DUMMY__ 0.006659317582651778	false	1.0
missmutig	neg 1.0		off 0.4981290325482188 neg 0.4951869166310314 __DUMMY__ 0.006684050820749798	false	0.5
hurenbock	off 1.0		neg 0.5018698136633697 off 0.49147317324311846 __DUMMY__ 0.0066570130935119055	false	0.5
betrunken	neg 1.0		off 0.5020307499004056 neg 0.49133042822334916 __DUMMY__ 0.006638821876245301	false	0.5
korrupt	off 1.0		neg 0.5005614395903444 off 0.49272344356063175 __DUMMY__ 0.006715116849023943	false	0.5
unmut	neg 1.0		neg 0.5034441732738824 off 0.4897563760334574 __DUMMY__ 0.00679945069266033	false	1.0
hackfresse	off 1.0		off 0.506978871151686 neg 0.48644100594399997 __DUMMY__ 0.006580122904314	false	1.0
aufblasen	neg 1.0		neg 0.49750859955638704 off 0.495763811895273 __DUMMY__ 0.0067275885483400084	false	1.0
gewaltsam	neg 1.0		neg 0.4982521065661105 off 0.49501403964315843 __DUMMY__ 0.006733853790731175	false	1.0
unbeliebtheit	neg 1.0		off 0.5006205302978319 neg 0.49271782305242146 __DUMMY__ 0.006661646649746648	false	0.5
sturheit	neg 1.0		neg 0.49727954284636694 off 0.49595945160602545 __DUMMY__ 0.006761005547607507	false	1.0
kuh	neg 1.0		neg 0.5019967566919441 off 0.49141708992886685 __DUMMY__ 0.006586153379189112	false	1.0
erschrecken	neg 1.0		off 0.4993397802028504 neg 0.4939653296491163 __DUMMY__ 0.006694890148033236	false	0.5
opfer	neg 1.0		neg 0.4988100302722689 off 0.4943929024090574 __DUMMY__ 0.0067970673186737406	false	1.0
sinken	neg 1.0		neg 0.504133521099097 off 0.4890920937524345 __DUMMY__ 0.006774385148468455	false	1.0
stinktier	neg 1.0		off 0.5008656871110927 neg 0.4925977439889092 __DUMMY__ 0.006536568899998156	false	0.5
tucke	off 1.0		off 0.5051587309861493 neg 0.48834259582671236 __DUMMY__ 0.0064986731871384505	false	1.0
ein			neg 0.5002732315402807 off 0.49301472951299347 __DUMMY__ 0.006712038946726047	false	0.0
abstieg	neg 1.0		off 0.4974839940941799 neg 0.4957011852892593 __DUMMY__ 0.006814820616560749	false	0.5
missverstehen	neg 1.0		off 0.49776548838368934 neg 0.49553575206906453 __DUMMY__ 0.006698759547246098	false	0.5
ergebnislos	neg 1.0		neg 0.49927374112203743 off 0.4939302467245061 __DUMMY__ 0.006796012153456446	false	1.0
unter			neg 0.5055427544046469 off 0.4875613943181551 __DUMMY__ 0.0068958512771981	false	0.0
manipulieren	neg 1.0		neg 0.5002064609282327 off 0.49299600399502597 __DUMMY__ 0.006797535076741428	false	1.0
unbewiesen	neg 1.0	neg 1.0	neg 0.7335252831101737 off 0.2632919869596897 __DUMMY__ 0.0031827299301366604	false	1.0
verschleppen	neg 1.0		neg 0.5007203798344808 off 0.49253048198305155 __DUMMY__ 0.006749138182467569	false	1.0
weib	off 1.0		off 0.5070204311085105 neg 0.4864512208009722 __DUMMY__ 0.0065283480905174345	false	1.0
opposition	neg 1.0		neg 0.4982829393245341 off 0.49503479166693615 __DUMMY__ 0.006682269008529741	false	1.0
verkehrswidrig	neg 1.0	neg 1.0	neg 0.7275506049099889 off 0.2692942387729342 __DUMMY__ 0.0031551563170770227	false	1.0
inkorrekt	neg 1.0		off 0.5025114414690222 neg 0.49086344858221703 __DUMMY__ 0.006625109948760854	false	0.5
vermeiden	neg 1.0		neg 0.5041766755307813 off 0.4889861684326373 __DUMMY__ 0.006837156036581566	false	1.0
abweichung	neg 1.0	neg 1.0	neg 0.7335404862132447 off 0.26323374277527367 __DUMMY__ 0.0032257710114815662	false	1.0
alkoholisiert	neg 1.0		neg 0.49940986803590864 off 0.49376813097619326 __DUMMY__ 0.006822000987898152	false	1.0
scheiss	off 1.0	off 1.0	off 0.7354084732534072 neg 0.2614605275961807 __DUMMY__ 0.0031309991504120237	false	1.0
herausforderung	neg 1.0		neg 0.4988391811541747 off 0.4943860993779939 __DUMMY__ 0.00677471946783133	false	1.0
pervers	off 1.0		off 0.5097699707684762 neg 0.48371472985021474 __DUMMY__ 0.006515299381309035	false	1.0
wackelig	neg 1.0		neg 0.49887942744293917 off 0.4943442359417197 __DUMMY__ 0.006776336615341076	false	1.0
verwickeln	neg 1.0		off 0.49675442612660764 neg 0.49654070507581277 __DUMMY__ 0.006704868797579597	false	0.5
vorwand	neg 1.0		neg 0.50283686230955 off 0.49037390211416476 __DUMMY__ 0.006789235576285019	false	1.0
muschi	off 1.0		neg 0.4980676309271399 off 0.49519178762541627 __DUMMY__ 0.006740581447443942	false	0.5
entmutigung	neg 1.0		neg 0.4974087034286929 off 0.49591667704451786 __DUMMY__ 0.0066746195267891745	false	1.0
unangemessen	neg 1.0		neg 0.4981416498619499 off 0.4951039478543271 __DUMMY__ 0.006754402283722822	false	1.0
unstetig	neg 1.0		off 0.49902483483679094 neg 0.4942889334027681 __DUMMY__ 0.006686231760440983	false	0.5
entmutigen	neg 1.0		neg 0.4968237941505524 off 0.4964520937236422 __DUMMY__ 0.006724112125805367	false	1.0
schwanz	neg 1.0		neg 0.5008945279401994 off 0.49236061784482155 __DUMMY__ 0.0067448542149790985	false	1.0
verbot	neg 1.0		neg 0.5008713964312966 off 0.49240926618668096 __DUMMY__ 0.006719337382022475	false	1.0
leid	neg 1.0		off 0.5040624465045348 neg 0.4893327346846332 __DUMMY__ 0.006604818810832058	false	0.5
archaisch	neg 1.0		neg 0.4999004229351547 off 0.49336541196850225 __DUMMY__ 0.006734165096342902	false	1.0
gegen			neg 0.5011887545476705 off 0.4919878219964037 __DUMMY__ 0.006823423455925728	false	0.0
scheidung	neg 1.0		off 0.5171081423727937 neg 0.47633932800321616 __DUMMY__ 0.006552529623990241	false	0.5
einschlag	neg 1.0		off 0.5056287252246189 neg 0.4877085102405116 __DUMMY__ 0.006662764534869656	false	0.5
m			neg 0.4993512610770755 off 0.49389032006023414 __DUMMY__ 0.006758418862690473	false	0.0
abgestanden	neg 1.0		neg 0.5033476971496336 off 0.49001361505734153 __DUMMY__ 0.006638687793025025	false	1.0
schmierig	off 1.0		off 0.5039143157964057 neg 0.48947539049043765 __DUMMY__ 0.006610293713156673	false	1.0
unpraktisch	neg 1.0		off 0.4974293588301088 neg 0.49584330636052465 __DUMMY__ 0.0067273348093665405	false	0.5
wixxer	off 1.0		off 0.508830989781224 neg 0.4846774372350195 __DUMMY__ 0.006491572983756464	false	1.0
bezeichnet			neg 0.4969812389646355 off 0.4962809243860571 __DUMMY__ 0.006737836649307368	false	0.0
jammerlappen	off 1.0		off 0.49997995684849766 neg 0.49334292911992994 __DUMMY__ 0.0066771140315723945	false	1.0
farce	neg 1.0		neg 0.499552964744905 off 0.49374612907324145 __DUMMY__ 0.006700906181853387	false	1.0
zwecklos	neg 1.0		neg 0.4999931244718331 off 0.49325788396908954 __DUMMY__ 0.006748991559077287	false	1.0
turbulent	neg 1.0		off 0.5013023928999427 neg 0.49205568594341303 __DUMMY__ 0.006641921156644403	false	0.5
invasion	neg 1.0		off 0.4977254736724584 neg 0.4955725490554974 __DUMMY__ 0.006701977272044162	false	0.5
schuld	neg 1.0		neg 0.4967434424612647 off 0.4965376559123215 __DUMMY__ 0.006718901626413995	false	1.0
risiko	neg 1.0		neg 0.49832581438881496 off 0.4950026819581248 __DUMMY__ 0.006671503653060188	false	1.0
finster	neg 1.0		neg 0.4998536880906288 off 0.4934424307561166 __DUMMY__ 0.00670388115325467	false	1.0
geisteskrank	off 1.0		off 0.5016529425967424 neg 0.49170482770964113 __DUMMY__ 0.00664222969361651	false	1.0
zusammenbrechen	neg 1.0		neg 0.49992113307508823 off 0.4933328613957762 __DUMMY__ 0.006746005529135574	false	1.0
ausbeute	neg 1.0		off 0.4967952709604162 neg 0.49642603768208005 __DUMMY__ 0.006778691357503629	false	0.5
hinterhalt	neg 1.0		neg 0.49994024511952195 off 0.4933297750300937 __DUMMY__ 0.0067299798503843615	false	1.0
kritik	neg 1.0		neg 0.4999822817170052 off 0.49331659110367737 __DUMMY__ 0.006701127179317555	false	1.0
einschrumpfen	neg 1.0		off 0.49745255724068976 neg 0.4959158242942533 __DUMMY__ 0.006631618465056899	false	0.5
riskant	neg 1.0		neg 0.5023885674410609 off 0.4908432541183031 __DUMMY__ 0.006768178440636009	false	1.0
frustrieren	neg 1.0		neg 0.5021534313008867 off 0.49109610442274276 __DUMMY__ 0.006750464276370504	false	1.0
groll	neg 1.0		neg 0.4985708235123788 off 0.49466321021516346 __DUMMY__ 0.0067659662724578774	false	1.0
gibt			neg 0.49944073602243405 off 0.4937954251460194 __DUMMY__ 0.006763838831546521	false	0.0
qualvoll	neg 1.0		off 0.4971483881117059 neg 0.4961460145569614 __DUMMY__ 0.0067055973313326625	false	0.5
wackeln	neg 1.0		neg 0.4978124280663578 off 0.4954504953432177 __DUMMY__ 0.0067370765904245546	false	1.0
klagen	neg 1.0		neg 0.5032697240830902 off 0.4899532660819122 __DUMMY__ 0.0067770098349975135	false	1.0
bankrott	neg 1.0		off 0.5004392322913903 neg 0.4928641444227542 __DUMMY__ 0.006696623285855438	false	0.5
trauern	neg 1.0		neg 0.49827855368966845 off 0.4948926164647018 __DUMMY__ 0.006828829845629692	false	1.0
ablehnung	neg 1.0		neg 0.5000956283974033 off 0.4931902393273399 __DUMMY__ 0.006714132275256809	false	1.0
stur	neg 1.0		neg 0.4974416786393607 off 0.49585049703365136 __DUMMY__ 0.006707824326987943	false	1.0
aufruhr	neg 1.0	neg 1.0	neg 0.7341106577651907 off 0.2627026606591022 __DUMMY__ 0.003186681575707058	false	1.0
melancholie	neg 1.0		neg 0.5037383773089504 off 0.4895102425789002 __DUMMY__ 0.006751380112149326	false	1.0
ist			off 0.4970392748476518 neg 0.49624569277596914 __DUMMY__ 0.006715032376378976	false	0.0
torheit	neg 1.0		neg 0.49664281359605694 off 0.49663963311182013 __DUMMY__ 0.006717553292122924	false	1.0
dreckskind	off 1.0		off 0.5070683308526392 neg 0.48637812107491807 __DUMMY__ 0.00655354807244269	false	1.0
umtauschen	neg 1.0		neg 0.4988925798609244 off 0.4943794201320318 __DUMMY__ 0.006728000007043655	false	1.0
zum			neg 0.5000703647937834 off 0.4930317882332322 __DUMMY__ 0.006897846972984442	false	0.0
zersetzen	neg 1.0		neg 0.5029629279273455 off 0.4902755005258871 __DUMMY__ 0.006761571546767382	false	1.0
zur			neg 0.5036938465918619 off 0.4894644692413306 __DUMMY__ 0.006841684166807468	false	0.0
frust	neg 1.0		neg 0.4996402497558587 off 0.4936035982842647 __DUMMY__ 0.00675615195987666	false	1.0
unerbittlichkeit	neg 1.0		neg 0.5005966552752831 off 0.4926237673304438 __DUMMY__ 0.006779577394273234	false	1.0
zwei			neg 0.5036772294565224 off 0.4894705203813563 __DUMMY__ 0.006852250162121464	false	0.0
unkorrekt	neg 1.0		off 0.5009553503843427 neg 0.49241569641496596 __DUMMY__ 0.0066289532006912864	false	0.5
hexe	off 1.0		off 0.49704908911525075 neg 0.4963157879094297 __DUMMY__ 0.006635122975319571	false	1.0
lasch	neg 1.0		off 0.4993121262124758 neg 0.4940003567340486 __DUMMY__ 0.006687517053475593	false	0.5
rivale	neg 1.0		off 0.5032505820188824 neg 0.4901181872190018 __DUMMY__ 0.006631230762115936	false	0.5
mutlos	off 1.0	off 1.0	off 0.7314766286428315 neg 0.26532008263995177 __DUMMY__ 0.0032032887172167373	false	1.0
wirr	off 1.0		off 0.5033050682613163 neg 0.4900777545255348 __DUMMY__ 0.006617177213149023	false	1.0
jahr			neg 0.4975629966207162 off 0.49559163062874495 __DUMMY__ 0.0068453727505389216	false	0.0
wird			neg 0.4998144950012652 off 0.4934144275056511 __DUMMY__ 0.0067710774930837625	false	0.0
strafbar	neg 1.0		neg 0.5008693131210585 off 0.49235332481035776 __DUMMY__ 0.006777362068583704	false	1.0
erosion	neg 1.0		neg 0.4976412385008419 off 0.49563017871482784 __DUMMY__ 0.006728582784330314	false	1.0
eingehen	neg 1.0		neg 0.5020334220486776 off 0.49121041243498464 __DUMMY__ 0.006756165516337753	false	1.0
faul	off 1.0		off 0.49895754867265923 neg 0.4943630058291614 __DUMMY__ 0.00667944549817927	false	1.0
provisorium	neg 1.0		neg 0.5051038927837201 off 0.4879955237400852 __DUMMY__ 0.0069005834761946	false	1.0
schmerzen	neg 1.0		neg 0.4997876767468702 off 0.49348506423465255 __DUMMY__ 0.006727259018477124	false	1.0
schrumpfen	neg 1.0		neg 0.5064598918252659 off 0.48674392225659197 __DUMMY__ 0.006796185918142248	false	1.0
geistlos	off 1.0		neg 0.49678508371934144 off 0.49654228034540226 __DUMMY__ 0.00667263593525626	false	0.5
fehlkauf	neg 1.0		neg 0.49698518139779374 off 0.4963349850214212 __DUMMY__ 0.006679833580784979	false	1.0
frustrierend	neg 1.0		off 0.49876310950460306 neg 0.49454855685988025 __DUMMY__ 0.006688333635516887	false	0.5
unzufrieden	neg 1.0		neg 0.49997993725267076 off 0.49326547199354376 __DUMMY__ 0.0067545907537854485	false	1.0
verzweifeln	neg 1.0		neg 0.4982512138370006 off 0.4949985628200287 __DUMMY__ 0.00675022334297062	false	1.0
verzweifelt	neg 1.0		neg 0.4967414149546435 off 0.4965415657680225 __DUMMY__ 0.006717019277334063	false	1.0
misstrauensantrag	neg 1.0		off 0.49697111956957435 neg 0.496327924186354 __DUMMY__ 0.0067009562440716606	false	0.5
abfallen	neg 1.0		neg 0.49820798326428256 off 0.49507125032824134 __DUMMY__ 0.006720766407476078	false	1.0
fucker	off 1.0		off 0.503221939499459 neg 0.4901303356829405 __DUMMY__ 0.006647724817600283	false	1.0
ungezogen	neg 1.0		off 0.5083037428255124 neg 0.48514846306745835 __DUMMY__ 0.006547794107029279	false	0.5
irrsinnig	neg 1.0	neg 1.0	neg 0.7339038538244294 off 0.26291736842817687 __DUMMY__ 0.0031787777473936602	false	1.0
unfassbar	neg 1.0		off 0.5009544123827226 neg 0.4923752680523133 __DUMMY__ 0.0066703195649641285	false	0.5
hart	neg 1.0		neg 0.4968433988455255 off 0.4965650651379369 __DUMMY__ 0.0065915360165376335	false	1.0
widerlich	off 1.0		off 0.5007893144838822 neg 0.49255758611070166 __DUMMY__ 0.006653099405416113	false	1.0
fatal	neg 1.0	neg 1.0	neg 0.7343145181368265 off 0.26253642030986885 __DUMMY__ 0.003149061553304682	false	1.0
bruch	neg 1.0		neg 0.5017010881656806 off 0.49146690016931077 __DUMMY__ 0.006832011665008547	false	1.0
aushungern	neg 1.0		neg 0.5008979086345196 off 0.49238733841754356 __DUMMY__ 0.006714752947936793	false	1.0
anspannung	neg 1.0		neg 0.502610617540671 off 0.4905228073692996 __DUMMY__ 0.006866575090029371	false	1.0
von			neg 0.5018015522294251 off 0.491400793399888 __DUMMY__ 0.006797654370686855	false	0.0
kraftlos	neg 1.0		neg 0.4999548703665294 off 0.49328015949835635 __DUMMY__ 0.006764970135114092	false	1.0
vom			neg 0.5029521336668933 off 0.49012549954507595 __DUMMY__ 0.0069223667880306695	false	0.0
grenzdebil	off 1.0		off 0.5002556885119924 neg 0.4930937940531047 __DUMMY__ 0.006650517434902717	false	1.0
vor			neg 0.5027815251883913 off 0.4904075647987929 __DUMMY__ 0.006810910012815996	false	0.0
unterwerfen	neg 1.0		neg 0.5003641911730071 off 0.4928652017554557 __DUMMY__ 0.0067706070715371405	false	1.0
versenkung	neg 1.0		neg 0.5006000567249815 off 0.49261876202399507 __DUMMY__ 0.0067811812510234085	false	1.0
entziehen	neg 1.0		neg 0.5029054014266424 off 0.4903038706694858 __DUMMY__ 0.006790727903871872	false	1.0
finanzkrise	neg 1.0		neg 0.5034801745034548 off 0.4898716665475307 __DUMMY__ 0.006648158949014578	false	1.0
schimpfend	neg 1.0		off 0.49720956296099 neg 0.496052062030948 __DUMMY__ 0.006738375008061974	false	0.5
profan	neg 1.0		off 0.4972651011921878 neg 0.4960345551321392 __DUMMY__ 0.006700343675673051	false	0.5
korruption	neg 1.0		neg 0.5012513541426763 off 0.4920274570786777 __DUMMY__ 0.006721188778646112	false	1.0
â			neg 0.5006208276094251 off 0.4926258218799177 __DUMMY__ 0.006753350510657217	false	0.0
schmutzig	neg 1.0		off 0.5009559709161097 neg 0.49238612181144503 __DUMMY__ 0.00665790727244537	false	0.5
sexy	neg 1.0		off 0.49934001695934876 neg 0.49396246872628286 __DUMMY__ 0.006697514314368287	false	0.5
abraten	neg 1.0		off 0.49757689616315487 neg 0.49570626565627046 __DUMMY__ 0.006716838180574741	false	0.5
schwarz	neg 1.0		off 0.4973798667989788 neg 0.4959143905542191 __DUMMY__ 0.006705742646802034	false	0.5
fotze	off 1.0	off 1.0	off 0.7317809481480695 neg 0.26502069216467256 __DUMMY__ 0.0031983596872580023	false	1.0
verwirren	neg 1.0		off 0.4979222585817408 neg 0.49537262307092056 __DUMMY__ 0.006705118347338714	false	0.5
zahnlos	off 1.0		neg 0.49918490619885214 off 0.49407085871884654 __DUMMY__ 0.006744235082301319	false	0.5
verheeren	neg 1.0		off 0.5103432828897269 neg 0.48310688603016344 __DUMMY__ 0.0065498310801097095	false	0.5
hippie	neg 1.0		off 0.4985084425733989 neg 0.494799081973436 __DUMMY__ 0.006692475453165054	false	0.5
rammen	neg 1.0		neg 0.49733512084157244 off 0.49594364401066493 __DUMMY__ 0.006721235147762528	false	1.0
unlauter	neg 1.0		neg 0.4971496984135225 off 0.49616223671551113 __DUMMY__ 0.00668806487096636	false	1.0
unheilvoll	neg 1.0		neg 0.4975133055492156 off 0.49578181836784646 __DUMMY__ 0.00670487608293798	false	1.0
niedrig	neg 1.0		neg 0.5022725331114392 off 0.4909971711972445 __DUMMY__ 0.0067302956913163235	false	1.0
explosion	neg 1.0		off 0.49869567306706275 neg 0.4946069839445744 __DUMMY__ 0.006697342988362949	false	0.5
weichei	off 1.0	off 1.0	off 0.7372406500246166 neg 0.2596526536347031 __DUMMY__ 0.003106696340680384	false	1.0
minusmensch	off 1.0		off 0.5090550324725029 neg 0.4844099459375688 __DUMMY__ 0.00653502158992832	false	1.0
farblos	neg 1.0		neg 0.49848959111247965 off 0.4948206883840017 __DUMMY__ 0.006689720503518688	false	1.0
unwissend	neg 1.0	neg 1.0	neg 0.7323979291172835 off 0.2644513388011595 __DUMMY__ 0.0031507320815569073	false	1.0
traurig	neg 1.0		off 0.5027409913702897 neg 0.4906240503899096 __DUMMY__ 0.0066349582398006444	false	0.5
senkung	neg 1.0		neg 0.4986865928442685 off 0.49467125421599817 __DUMMY__ 0.006642152939733382	false	1.0
ungleich	neg 1.0	neg 1.0	neg 0.7355471844561448 off 0.26124582058201357 __DUMMY__ 0.0032069949618417507	false	1.0
heikel	neg 1.0		neg 0.5015236323835726 off 0.49169976921054936 __DUMMY__ 0.006776598405878005	false	1.0
drosselung	neg 1.0		off 0.49753159585747475 neg 0.49586763717576643 __DUMMY__ 0.0066007669667587626	false	0.5
falsch	neg 1.0		off 0.49938448126947416 neg 0.49392279788950255 __DUMMY__ 0.006692720841023373	false	0.5
unzufriedenheit	neg 1.0		neg 0.5032737589460883 off 0.48997037621188844 __DUMMY__ 0.006755864842023256	false	1.0
kurz	neg 1.0		neg 0.4984580658058991 off 0.4947690899223271 __DUMMY__ 0.006772844271773954	false	1.0
unsinnig	neg 1.0		neg 0.5000647939637793 off 0.4932179217587459 __DUMMY__ 0.006717284277474585	false	1.0
penner	off 1.0	off 1.0	off 0.7384738791266018 neg 0.2584230202456754 __DUMMY__ 0.0031031006277228157	false	1.0
seicht	neg 1.0		off 0.5056666188052857 neg 0.48780737558426807 __DUMMY__ 0.006526005610446307	false	0.5
dummheit	off 1.0	off 1.0	off 0.7334613805953127 neg 0.2633784437701525 __DUMMY__ 0.0031601756345347553	false	1.0
unerfreulich	neg 1.0		neg 0.5015419344040188 off 0.4916747262152014 __DUMMY__ 0.0067833393807797205	false	1.0
motherfucker	off 1.0	off 1.0	off 0.7363362948240939 neg 0.2605217826025634 __DUMMY__ 0.0031419225733426513	false	1.0
pikiert	neg 1.0	neg 1.0	neg 0.7322213359898165 off 0.2646314096857794 __DUMMY__ 0.003147254324404177	false	1.0
wrack	neg 1.0		off 0.4986799754697355 neg 0.49449224393621416 __DUMMY__ 0.006827780594050254	false	0.5
gangster	neg 1.0		off 0.4986113810040712 neg 0.49469993208436147 __DUMMY__ 0.006688686911567356	false	0.5
krank	neg 1.0	neg 1.0	neg 0.7307937395821444 off 0.2660487437445689 __DUMMY__ 0.00315751667328666	false	1.0
reich	neg 1.0		off 0.49692112278886547 neg 0.49643545676644363 __DUMMY__ 0.0066434204446910025	false	0.5
gnadenlos	neg 1.0		off 0.4969872731257804 neg 0.4962803863748785 __DUMMY__ 0.00673234049934119	false	0.5
niedergeschlagen	neg 1.0		neg 0.4991061673291997 off 0.49412200975175863 __DUMMY__ 0.006771822919041654	false	1.0
terrorisieren	off 1.0	off 1.0	off 0.7311773312103217 neg 0.2656089468870964 __DUMMY__ 0.003213721902581843	false	1.0
sinnlosigkeit	neg 1.0		neg 0.4992914804103794 off 0.49395557842086296 __DUMMY__ 0.006752941168757568	false	1.0
behindern	neg 1.0		neg 0.49897797500952096 off 0.4943044889266992 __DUMMY__ 0.006717536063779962	false	1.0
undemokratisch	neg 1.0		off 0.4966884384219811 neg 0.49661983855008585 __DUMMY__ 0.00669172302793312	false	0.5
wirtschaftskrise	neg 1.0		neg 0.5032544194830038 off 0.49004716257471304 __DUMMY__ 0.0066984179422831785	false	1.0
neid	neg 1.0		off 0.49829526318545286 neg 0.49501352580144153 __DUMMY__ 0.006691211013105661	false	0.5
rutschen	neg 1.0		neg 0.5042106883731371 off 0.4889394413556685 __DUMMY__ 0.006849870271194304	false	1.0
rezession	neg 1.0		off 0.49912240591403906 neg 0.4943100577033686 __DUMMY__ 0.006567536382592318	false	0.5
fehlgeburt	neg 1.0		off 0.4974531963223693 neg 0.4957967370950737 __DUMMY__ 0.006750066582557141	false	0.5
charakterschwach	off 1.0		off 0.5000389050932351 neg 0.49330848386836607 __DUMMY__ 0.006652611038398723	false	1.0
isolation	neg 1.0		off 0.4998637674697204 neg 0.49343440579479425 __DUMMY__ 0.006701826735485474	false	0.5
ablenkung	neg 1.0		neg 0.49701475137095474 off 0.49623387816297354 __DUMMY__ 0.006751370466071784	false	1.0
pech	neg 1.0		off 0.4993764381120522 neg 0.49393942157282367 __DUMMY__ 0.006684140315124158	false	0.5
vermeidung	neg 1.0		off 0.4998714576178825 neg 0.493486289701847 __DUMMY__ 0.006642252680270453	false	0.5
dominieren	neg 1.0		neg 0.49799711209355446 off 0.49524068323239995 __DUMMY__ 0.006762204674045631	false	1.0
schwindlig	neg 1.0		neg 0.49672482081212976 off 0.4965775428981634 __DUMMY__ 0.0066976362897066734	false	1.0
lutscher	neg 1.0	neg 1.0	neg 0.7279060850253423 off 0.2690229106092725 __DUMMY__ 0.0030710043653853682	false	1.0
pflicht	neg 1.0		neg 0.5014534949962597 off 0.491736783166238 __DUMMY__ 0.006809721837502328	false	1.0
faschist	off 1.0		off 0.49883632632929903 neg 0.49447446580251614 __DUMMY__ 0.006689207868184954	false	1.0
verschleudern	neg 1.0		neg 0.5041073098962703 off 0.48917751466837595 __DUMMY__ 0.006715175435353679	false	1.0
wenn			off 0.4996198205391812 neg 0.4937014075507542 __DUMMY__ 0.006678771910064475	false	0.0
ehebruch	neg 1.0		neg 0.5003532603052016 off 0.4928889755909409 __DUMMY__ 0.006757764103857335	false	1.0
spott	off 1.0		neg 0.499477097268696 off 0.49374769828508486 __DUMMY__ 0.006775204446219029	false	0.5
trostlosigkeit	neg 1.0		neg 0.5046039440269244 off 0.48863397357188537 __DUMMY__ 0.006762082401190068	false	1.0
lutschen	neg 1.0		off 0.4985107764205041 neg 0.49481663705663764 __DUMMY__ 0.006672586522858194	false	0.5
undiszipliniert	neg 1.0		off 0.5024446109131472 neg 0.4909096153601268 __DUMMY__ 0.0066457737267259535	false	0.5
kopfschmerz	neg 1.0		neg 0.5027682332554994 off 0.49050380882155176 __DUMMY__ 0.006727957922948992	false	1.0
unvorhergesehen	neg 1.0		neg 0.5016294503883759 off 0.49157025927609344 __DUMMY__ 0.006800290335530693	false	1.0
desinteressiert	neg 1.0		off 0.5012915589665726 neg 0.49206481756059905 __DUMMY__ 0.0066436234728282405	false	0.5
armselig	off 1.0		off 0.5036476022465874 neg 0.4897247170097683 __DUMMY__ 0.00662768074364426	false	1.0
desaster	neg 1.0		neg 0.5039491077893775 off 0.4892662055183562 __DUMMY__ 0.00678468669226633	false	1.0
tod	neg 1.0		neg 0.4998456411069747 off 0.4933711070228518 __DUMMY__ 0.006783251870173499	false	1.0
herzlos	neg 1.0		off 0.502925038119759 neg 0.4904463612045726 __DUMMY__ 0.006628600675668572	false	0.5
unwissenheit	neg 1.0		neg 0.5001674407705011 off 0.49308541027243324 __DUMMY__ 0.006747148957065698	false	1.0
widersinnig	neg 1.0		neg 0.5004535631228776 off 0.49283813453406333 __DUMMY__ 0.006708302343059032	false	1.0
bedenklich	neg 1.0		neg 0.5013690643074835 off 0.49188216316127514 __DUMMY__ 0.006748772531241481	false	1.0
beanstanden	neg 1.0		neg 0.500703203977266 off 0.4924904201660012 __DUMMY__ 0.006806375856732747	false	1.0
panisch	neg 1.0		off 0.49826374307856053 neg 0.4950073595528246 __DUMMY__ 0.006728897368614919	false	0.5
debil	off 1.0		neg 0.5074171251070576 off 0.4857349930787959 __DUMMY__ 0.006847881814146473	false	0.5
abstrich	neg 1.0		neg 0.5011744002484814 off 0.49211602544946426 __DUMMY__ 0.006709574302054336	false	1.0
primitiv	neg 1.0		off 0.5018804589972905 neg 0.491469498837118 __DUMMY__ 0.006650042165591558	false	0.5
abschaum	off 1.0	off 1.0	off 0.735900425352753 neg 0.26093602203678323 __DUMMY__ 0.0031635526104638063	false	1.0
provozieren	neg 1.0		neg 0.4974415486983735 off 0.49584480820429644 __DUMMY__ 0.006713643097330066	false	1.0
tot	neg 1.0		neg 0.5010527681409181 off 0.4922200089082236 __DUMMY__ 0.006727222950858353	false	1.0
instabil	neg 1.0		off 0.5036122033473003 neg 0.4897708552614982 __DUMMY__ 0.006616941391201462	false	0.5
schwuchtel	off 1.0	off 1.0	off 0.7411992495967554 neg 0.25574920169559706 __DUMMY__ 0.0030515487076474626	false	1.0
zerren	neg 1.0		neg 0.4989882004156955 off 0.49423653145535873 __DUMMY__ 0.006775268128945847	false	1.0
kinderficker	off 1.0		off 0.5052812182678139 neg 0.4881228891993809 __DUMMY__ 0.006595892532805043	false	1.0
gefahr	neg 1.0		neg 0.5017365043053442 off 0.4914684924292592 __DUMMY__ 0.006795003265396668	false	1.0
rabiat	neg 1.0		neg 0.4994791281895264 off 0.49379649480063936 __DUMMY__ 0.006724377009834423	false	1.0
verlangsamung	neg 1.0		off 0.5064096912076617 neg 0.4870199379886256 __DUMMY__ 0.006570370803712717	false	0.5
ausgestorben	neg 1.0		neg 0.49847835779329064 off 0.4947720738226861 __DUMMY__ 0.006749568384023215	false	1.0
anklagen	neg 1.0		neg 0.4992278680525418 off 0.4940279546846734 __DUMMY__ 0.0067441772627846435	false	1.0
trott	neg 1.0		neg 0.4979291364235374 off 0.49534148565893676 __DUMMY__ 0.006729377917525812	false	1.0
verminderung	neg 1.0		off 0.5004031073573988 neg 0.49294840565984327 __DUMMY__ 0.006648486982757867	false	0.5
nach			neg 0.5041908306202459 off 0.4889294361727689 __DUMMY__ 0.006879733206985052	false	0.0
rost	neg 1.0		off 0.5102501403515929 neg 0.4831502897560377 __DUMMY__ 0.006599569892369471	false	0.5
destruktiv	neg 1.0		neg 0.49844009634149977 off 0.4948368265792225 __DUMMY__ 0.00672307707927778	false	1.0
unzumutbarkeit	neg 1.0		off 0.50092827215677 neg 0.49241205111768516 __DUMMY__ 0.006659676725544783	false	0.5
labil	off 1.0	off 1.0	off 0.7347400933355367 neg 0.2621052820841513 __DUMMY__ 0.003154624580312029	false	1.0
ziemlich	neg 1.0		off 0.5011060770761361 neg 0.49221457276544434 __DUMMY__ 0.006679350158419564	false	0.5
lachnummer	off 1.0		off 0.49667811386756194 neg 0.49658327294451904 __DUMMY__ 0.006738613187919011	false	1.0
oder			off 0.4970287430731455 neg 0.49622708123396253 __DUMMY__ 0.006744175692891915	false	0.0
verfall	neg 1.0		neg 0.506663244685087 off 0.48654653989648616 __DUMMY__ 0.006790215418426676	false	1.0
ausgrenzung	neg 1.0		neg 0.49698958308249064 off 0.49632287860405944 __DUMMY__ 0.006687538313450057	false	1.0
unordnung	neg 1.0		off 0.503058585890522 neg 0.4903419773269058 __DUMMY__ 0.006599436782572203	false	0.5
fehlverhalten	neg 1.0		neg 0.5010222454324404 off 0.49220213650304356 __DUMMY__ 0.006775618064516108	false	1.0
eine			neg 0.5028006865861142 off 0.4904025380548144 __DUMMY__ 0.006796775359071528	false	0.0
nille	neg 1.0		neg 0.497597081526148 off 0.4956757387525811 __DUMMY__ 0.00672717972127078	false	1.0
qual	neg 1.0		neg 0.49854715845713865 off 0.49472512390392154 __DUMMY__ 0.006727717638939835	false	1.0
verschwenden	neg 1.0		neg 0.5028218615259084 off 0.4904251495322358 __DUMMY__ 0.00675298894185577	false	1.0
riesig	neg 1.0		neg 0.5005936340755393 off 0.49263156759003307 __DUMMY__ 0.006774798334427688	false	1.0
verurteilen	neg 1.0		neg 0.4997797204835803 off 0.49347734798144405 __DUMMY__ 0.006742931534975763	false	1.0
klischee	neg 1.0	neg 1.0	neg 0.7327513512432936 off 0.26409115824531393 __DUMMY__ 0.003157490511392425	false	1.0
diktatorisch	neg 1.0		neg 0.4971009199276686 off 0.49621687335579046 __DUMMY__ 0.006682206716540921	false	1.0
vorhersehbar	neg 1.0		off 0.4970632608208544 neg 0.49625822086914506 __DUMMY__ 0.0066785183100004685	false	0.5
sowie			off 0.5027761361316408 neg 0.49065228352997475 __DUMMY__ 0.006571580338384234	false	0.0
stornieren	neg 1.0		off 0.5014508483325351 neg 0.49179434493826635 __DUMMY__ 0.006754806729198488	false	0.5
besteuerung	neg 1.0	neg 1.0	neg 0.7359248228302657 off 0.2609298846094475 __DUMMY__ 0.003145292560286649	false	1.0
ungeschminkt	neg 1.0		off 0.5011919595096401 neg 0.492172377886056 __DUMMY__ 0.006635662604303876	false	0.5
kritisch	neg 1.0		neg 0.49960239556348446 off 0.4936406985670096 __DUMMY__ 0.006756905869505985	false	1.0
schlamperei	off 1.0		neg 0.5014514602332559 off 0.49178987351482933 __DUMMY__ 0.006758666251914901	false	0.5
sucht	neg 1.0	neg 1.0	neg 0.7328698990385791 off 0.2639411966274944 __DUMMY__ 0.0031889043339265984	false	1.0
egoistisch	off 1.0	off 1.0	off 0.7380722542557219 neg 0.25880405397081235 __DUMMY__ 0.00312369177346577	false	1.0
ausbeuter	off 1.0		neg 0.50332515943144 off 0.48993006746634243 __DUMMY__ 0.006744773102217625	false	0.5
arschgeburt	off 1.0		off 0.5114149812447812 neg 0.48210962849098654 __DUMMY__ 0.006475390264232233	false	1.0
schubs	neg 1.0		neg 0.5022754030112101 off 0.49099531194443724 __DUMMY__ 0.006729285044352717	false	1.0
unsolide	neg 1.0		off 0.498676133923616 neg 0.4946161044223176 __DUMMY__ 0.00670776165406645	false	0.5
beschwerde	neg 1.0		neg 0.4991639862849726 off 0.49408051914547735 __DUMMY__ 0.006755494569549977	false	1.0
stocken	neg 1.0		neg 0.500397060525564 off 0.492841108893709 __DUMMY__ 0.006761830580727001	false	1.0
isolieren	neg 1.0		neg 0.5005015202380498 off 0.49276379410841187 __DUMMY__ 0.006734685653538419	false	1.0
unheilbar	neg 1.0		neg 0.4970998334054541 off 0.4961620030427625 __DUMMY__ 0.006738163551783476	false	1.0
pisser	off 1.0	off 1.0	off 0.7365338122311937 neg 0.2603332797027055 __DUMMY__ 0.0031329080661007358	false	1.0
löschen	neg 1.0		neg 0.49811348015918955 off 0.4951746404589668 __DUMMY__ 0.0067118793818436795	false	1.0
durchfallen	neg 1.0		neg 0.4995739126140564 off 0.49366460464831297 __DUMMY__ 0.006761482737630574	false	1.0
wichser	off 1.0	off 1.0	off 0.7399511536101205 neg 0.2569636128115249 __DUMMY__ 0.003085233578354525	false	1.0
terror	neg 1.0		off 0.4982281691120031 neg 0.4950797272260317 __DUMMY__ 0.00669210366196522	false	0.5
krass	neg 1.0		off 0.5042281183246176 neg 0.48916627620305453 __DUMMY__ 0.0066056054723279915	false	0.5
revolte	neg 1.0		neg 0.49743861949465223 off 0.4959187585899179 __DUMMY__ 0.00664262191542995	false	1.0
besorgt	neg 1.0		neg 0.49761697651065817 off 0.49560001877358606 __DUMMY__ 0.006783004715755839	false	1.0
nachlassen	neg 1.0		neg 0.499189714980038 off 0.4940295603734142 __DUMMY__ 0.006780724646547803	false	1.0
alt	neg 1.0		neg 0.5054743422049904 off 0.48783798916795196 __DUMMY__ 0.006687668627057553	false	1.0
hundesohn	off 1.0	off 1.0	off 0.7391124139968634 neg 0.2578017230835538 __DUMMY__ 0.003085862919582633	false	1.0
als			neg 0.49981076699230736 off 0.4934416932150116 __DUMMY__ 0.006747539792681093	false	0.0
abschreckung	neg 1.0		neg 0.5025385828785541 off 0.4906899162773029 __DUMMY__ 0.006771500844142922	false	1.0
unqualifiziert	neg 1.0		off 0.49960906357232826 neg 0.4937051240710507 __DUMMY__ 0.006685812356620975	false	0.5
abgewichst	off 1.0		neg 0.497683558121676 off 0.4955756740714146 __DUMMY__ 0.006740767806909406	false	0.5
schwer	neg 1.0		neg 0.497693414080624 off 0.4955601909491154 __DUMMY__ 0.006746394970260711	false	1.0
bedeutungslosigkeit	neg 1.0		neg 0.5018185209317908 off 0.49141091043063223 __DUMMY__ 0.00677056863757707	false	1.0
kapitulation	neg 1.0		neg 0.5019375553588561 off 0.49133571421565253 __DUMMY__ 0.006726730425491289	false	1.0
unscharf	neg 1.0		neg 0.4987585955159438 off 0.49458497342278895 __DUMMY__ 0.00665643106126723	false	1.0
schwinden	neg 1.0		neg 0.5026115250216439 off 0.4906334956814576 __DUMMY__ 0.00675497929689841	false	1.0
versklavung	neg 1.0	neg 1.0	neg 0.7345272916309218 off 0.26231386622867003 __DUMMY__ 0.003158842140408111	false	1.0
schlecht	neg 1.0		off 0.5014017630503551 neg 0.4919165447593118 __DUMMY__ 0.006681692190333216	false	0.5
verhasst	neg 1.0		neg 0.4972694998771438 off 0.4960305553613824 __DUMMY__ 0.006699944761473843	false	1.0
beschweren	neg 1.0		off 0.4979658155033133 neg 0.49531010650905916 __DUMMY__ 0.00672407798762745	false	0.5
scheiden	neg 1.0		neg 0.4973152186703266 off 0.4959509321935242 __DUMMY__ 0.006733849136149035	false	1.0
frustriert	neg 1.0		neg 0.49854398761528 off 0.49470283614714927 __DUMMY__ 0.00675317623757064	false	1.0
schimmelig	neg 1.0		neg 0.5032409562373974 off 0.4900484377252087 __DUMMY__ 0.006710606037393788	false	1.0
fisch	neg 1.0		neg 0.5069712224273132 off 0.48630122435426987 __DUMMY__ 0.006727553218416848	false	1.0
schmuggel	neg 1.0		neg 0.5018841780013656 off 0.49130868202370737 __DUMMY__ 0.006807139974927017	false	1.0
auffallen	neg 1.0		off 0.49783484088110797 neg 0.4954552278849161 __DUMMY__ 0.006709931233975829	false	0.5
konkurrenz	neg 1.0		neg 0.5001392700196852 off 0.49305326869631794 __DUMMY__ 0.0068074612839969795	false	1.0
teufelskreis	neg 1.0	neg 1.0	neg 0.7354891567562486 off 0.2613347586049366 __DUMMY__ 0.0031760846388147737	false	1.0
aufschreien	neg 1.0		off 0.49702991323905416 neg 0.4962881581796329 __DUMMY__ 0.006681928581312934	false	0.5
schuldner	neg 1.0		neg 0.5045597185137046 off 0.48871140909812427 __DUMMY__ 0.006728872388171244	false	1.0
missgeburt	off 1.0	off 1.0	off 0.7392874557074208 neg 0.2576029377671545 __DUMMY__ 0.003109606525424738	false	1.0
arbeitslos	neg 1.0		neg 0.5003745941475615 off 0.49287309170577676 __DUMMY__ 0.006752314146661704	false	1.0
befallen	neg 1.0		neg 0.5029450831749384 off 0.4903818084563848 __DUMMY__ 0.006673108368676829	false	1.0
miesepetrig	off 1.0	off 1.0	off 0.7349904055851615 neg 0.26185225734848283 __DUMMY__ 0.003157337066355703	false	1.0
alarmieren	neg 1.0		off 0.4994450789092495 neg 0.4938813085292487 __DUMMY__ 0.006673612561501824	false	0.5
ungeduscht	off 1.0		off 0.4982299364720448 neg 0.49510960532194936 __DUMMY__ 0.006660458206005809	false	1.0
knappheit	neg 1.0		neg 0.502293265736066 off 0.49099634379914747 __DUMMY__ 0.00671039046478664	false	1.0
schlange	neg 1.0		off 0.4966350167504424 neg 0.49662471245429946 __DUMMY__ 0.0067402707952582425	false	0.5
harsch	neg 1.0		off 0.5055140154311988 neg 0.4878429827123776 __DUMMY__ 0.0066430018564236	false	0.5
lang	neg 1.0		neg 0.49666597719946326 off 0.4966183709406765 __DUMMY__ 0.0067156518598603275	false	1.0
ziellos	neg 1.0		neg 0.5002777894287425 off 0.49293162610009944 __DUMMY__ 0.0067905844711581825	false	1.0
selbstverliebt	neg 1.0		off 0.5110075347269332 neg 0.4824529438658876 __DUMMY__ 0.0065395214071793896	false	0.5
beseitigen	neg 1.0		neg 0.4970206262973853 off 0.49623391226980956 __DUMMY__ 0.0067454614328052494	false	1.0
dumm	off 1.0		off 0.5058672471256704 neg 0.4875497646887441 __DUMMY__ 0.006582988185585514	false	1.0
arbeitsloser	neg 1.0		off 0.4971523538676936 neg 0.49603061926521785 __DUMMY__ 0.006817026867088494	false	0.5
blitzen	neg 1.0		off 0.4979876138381941 neg 0.49534174562952604 __DUMMY__ 0.006670640532279833	false	0.5
hilflos	neg 1.0		neg 0.5002083648921742 off 0.4930401809501137 __DUMMY__ 0.006751454157712053	false	1.0
eklig	off 1.0		off 0.5049086404977032 neg 0.488536075817217 __DUMMY__ 0.00655528368507981	false	1.0
begriff			neg 0.49754566669306477 off 0.4957105502767292 __DUMMY__ 0.006743783030206063	false	0.0
hungersnot	neg 1.0		neg 0.5017779480239933 off 0.49150447537516156 __DUMMY__ 0.006717576600845057	false	1.0
ungesetzlich	neg 1.0		off 0.49732005037607857 neg 0.49598091316572657 __DUMMY__ 0.0066990364581948365	false	0.5
verschwendung	neg 1.0		neg 0.5019912080866525 off 0.491240634726088 __DUMMY__ 0.006768157187259355	false	1.0
schmerzvoll	neg 1.0		neg 0.49732057801201124 off 0.49597789508000845 __DUMMY__ 0.006701526907980334	false	1.0
vorzeitig	neg 1.0		off 0.5024925519961406 neg 0.4907973752912564 __DUMMY__ 0.006710072712602904	false	0.5
unvollkommenheit	neg 1.0		neg 0.4993140255771589 off 0.49394421095159113 __DUMMY__ 0.006741763471250036	false	1.0
intervenieren	neg 1.0		neg 0.5033812369997461 off 0.4898891711666206 __DUMMY__ 0.006729591833633212	false	1.0
banause	off 1.0		off 0.5044996820584832 neg 0.4889900616804145 __DUMMY__ 0.006510256261102549	false	1.0
rebell	neg 1.0		neg 0.507722997698538 off 0.4855153441147684 __DUMMY__ 0.006761658186693501	false	1.0
unlogisch	neg 1.0		off 0.5016858261907085 neg 0.49169191824245123 __DUMMY__ 0.006622255566840283	false	0.5
leiden	neg 1.0		neg 0.5005314236022018 off 0.49265101327397276 __DUMMY__ 0.006817563123825461	false	1.0
abschaffung	neg 1.0		neg 0.49843484911354563 off 0.49487530418057124 __DUMMY__ 0.0066898467058831325	false	1.0
sturz	neg 1.0		off 0.4998932438123708 neg 0.49335792267891 __DUMMY__ 0.006748833508719081	false	0.5
verkleinerung	neg 1.0		neg 0.49773445654321097 off 0.4956402843992003 __DUMMY__ 0.006625259057588738	false	1.0
schmarotzer	off 1.0		neg 0.49941946909673857 off 0.49383638967293225 __DUMMY__ 0.006744141230329096	false	0.5
bestrafung	neg 1.0	neg 1.0	neg 0.7336997579146692 off 0.26311289926936193 __DUMMY__ 0.0031873428159686777	false	1.0
