unsolidarisch	neg 1.0		neg 0.4696394130119253 off 0.46609989366814847 __DUMMY__ 0.06426069331992616	false	1.0
nachteilig	neg 1.0		neg 0.4702220235935439 off 0.46464047403424386 __DUMMY__ 0.06513750237221216	false	1.0
skeptisch	neg 1.0		neg 0.4726378780163566 off 0.46230334879145524 __DUMMY__ 0.06505877319218831	false	1.0
schrecklich	neg 1.0		off 0.4747345632881371 neg 0.4616213206725375 __DUMMY__ 0.06364411603932518	false	0.5
schlapp	neg 1.0	neg 1.0	neg 0.7179585638450359 off 0.2516741969739126 __DUMMY__ 0.030367239181051563	false	1.0
abfall	neg 1.0		neg 0.47304060082071714 off 0.4613052503989174 __DUMMY__ 0.06565414878036545	false	1.0
widerspenstig	neg 1.0		neg 0.470935129670883 off 0.4646596931594729 __DUMMY__ 0.06440517716964407	false	1.0
abrupt	neg 1.0		neg 0.47478992443448226 off 0.46037464399499106 __DUMMY__ 0.06483543157052665	false	1.0
unwirksam	neg 1.0		neg 0.4733398215554903 off 0.4628553255693497 __DUMMY__ 0.0638048528751599	false	1.0
angreifen	neg 1.0		neg 0.47288173505232944 off 0.4619686393648797 __DUMMY__ 0.06514962558279083	false	1.0
inkonsistent	neg 1.0		off 0.46802370789885134 neg 0.4678572727574413 __DUMMY__ 0.06411901934370728	false	0.5
abrutschen	neg 1.0		neg 0.4742706609267234 off 0.46017894057824693 __DUMMY__ 0.06555039849502965	false	1.0
unsicher	neg 1.0		neg 0.46803460467553254 off 0.46722342333612626 __DUMMY__ 0.06474197198834107	false	1.0
bauernkind	off 1.0	off 1.0	off 0.7222670762813591 neg 0.24804835349777837 __DUMMY__ 0.029684570220862436	false	1.0
angreifer	neg 1.0		off 0.47196257416266735 neg 0.46348850456275353 __DUMMY__ 0.0645489212745791	false	0.5
trennen	neg 1.0		neg 0.4721717293011626 off 0.46253223429672313 __DUMMY__ 0.0652960364021143	false	1.0
schmutz	neg 1.0		off 0.4735777591896452 neg 0.4614342228388952 __DUMMY__ 0.0649880179714596	false	0.5
inkonsistenz	neg 1.0		off 0.47147427536268377 neg 0.464383307901042 __DUMMY__ 0.06414241673627419	false	0.5
erschreckend	neg 1.0		neg 0.4693514522254377 off 0.4659663420777612 __DUMMY__ 0.06468220569680096	false	1.0
ertrinken	neg 1.0		neg 0.47486627456858194 off 0.46016824366314163 __DUMMY__ 0.06496548176827638	false	1.0
pickelface	off 1.0		neg 0.46887934988447216 off 0.46665128999649347 __DUMMY__ 0.06446936011903456	false	0.5
seiner			neg 0.4715317959862142 off 0.4632116099871322 __DUMMY__ 0.06525659402665376	false	0.0
lauch	neg 1.0	neg 1.0	neg 0.7239797627696964 off 0.24502653998031698 __DUMMY__ 0.03099369724998657	false	1.0
unwichtig	neg 1.0		off 0.47071177657065505 neg 0.4652479549732061 __DUMMY__ 0.0640402684561388	false	0.5
steuerhinterziehung	neg 1.0		neg 0.4705991682144467 off 0.4649292637427591 __DUMMY__ 0.06447156804279415	false	1.0
schock	neg 1.0		neg 0.4699067282983266 off 0.4652906819475113 __DUMMY__ 0.06480258975416203	false	1.0
beule	neg 1.0		off 0.47258317120186427 neg 0.46368052230838647 __DUMMY__ 0.06373630648974919	false	0.5
vergelten	neg 1.0		off 0.4768334055466133 neg 0.4594218422116843 __DUMMY__ 0.06374475224170235	false	0.5
verdorbenheit	neg 1.0		neg 0.4684515231859543 off 0.467157141991965 __DUMMY__ 0.06439133482208056	false	1.0
trauma	neg 1.0		neg 0.4685177970714489 off 0.46715457011289113 __DUMMY__ 0.06432763281565995	false	1.0
sinnlos	neg 1.0		off 0.4683361404822089 neg 0.4672748471538376 __DUMMY__ 0.06438901236395358	false	0.5
fettsack	off 1.0	off 1.0	off 0.7235204930675861 neg 0.2467557511477277 __DUMMY__ 0.02972375578468618	false	1.0
feige	off 1.0	off 1.0	off 0.7213755078028091 neg 0.2483958115976839 __DUMMY__ 0.03022868059950695	false	1.0
abdanken	neg 1.0		neg 0.46898330451012443 off 0.46635864077160344 __DUMMY__ 0.06465805471827216	false	1.0
wichtigtuer	off 1.0	off 1.0	off 0.7205879774947478 neg 0.2488768152866542 __DUMMY__ 0.03053520721859806	false	1.0
misslingen	neg 1.0	neg 1.0	neg 0.7168757376106538 off 0.2521401434415038 __DUMMY__ 0.030984118947842313	false	1.0
untreu	off 1.0		off 0.47180945708792515 neg 0.4642785915976797 __DUMMY__ 0.06391195131439512	false	1.0
missmutig	neg 1.0		off 0.4695190960497614 neg 0.4663324274352003 __DUMMY__ 0.06414847651503836	false	0.5
hurenbock	off 1.0		neg 0.47308713081889164 off 0.4630200407353819 __DUMMY__ 0.06389282844572647	false	0.5
betrunken	neg 1.0		off 0.4735798209587981 neg 0.4627026008582774 __DUMMY__ 0.06371757818292445	false	0.5
korrupt	off 1.0		neg 0.4715233635553558 off 0.4640331250871809 __DUMMY__ 0.06444351135746325	false	0.5
unmut	neg 1.0		neg 0.4740226535315503 off 0.4607305543259393 __DUMMY__ 0.06524679214251045	false	1.0
hackfresse	off 1.0		off 0.47874048302381633 neg 0.4581012274127512 __DUMMY__ 0.0631582895634325	false	1.0
aufblasen	neg 1.0		neg 0.46845037205827117 off 0.46698652460765233 __DUMMY__ 0.06456310333407651	false	1.0
gewaltsam	neg 1.0		neg 0.46915331530425103 off 0.4662230229506148 __DUMMY__ 0.06462366174513434	false	1.0
unbeliebtheit	neg 1.0		off 0.4720952025919698 neg 0.4639685386690036 __DUMMY__ 0.06393625873902659	false	0.5
sturheit	neg 1.0		neg 0.46806778560831613 off 0.4670515156913219 __DUMMY__ 0.06488069870036188	false	1.0
kuh	neg 1.0		neg 0.4735230879553366 off 0.4632598341553521 __DUMMY__ 0.06321707788931125	false	1.0
erschrecken	neg 1.0		off 0.47067667867686136 neg 0.4650722504133254 __DUMMY__ 0.06425107090981319	false	0.5
opfer	neg 1.0		neg 0.4694339330565309 off 0.46534157856669706 __DUMMY__ 0.06522448837677218	false	1.0
sinken	neg 1.0		neg 0.47481575006844484 off 0.4601747042330171 __DUMMY__ 0.06500954569853803	false	1.0
stinktier	neg 1.0		off 0.47285481749862945 neg 0.4644015158837985 __DUMMY__ 0.06274366661757197	false	0.5
tucke	off 1.0		off 0.47727361545605607 neg 0.46034299983341853 __DUMMY__ 0.06238338471052541	false	1.0
ein			neg 0.4712642583591416 off 0.46432004019200385 __DUMMY__ 0.06441570144885456	false	0.0
abstieg	neg 1.0		off 0.46833777796246084 neg 0.46626682828056626 __DUMMY__ 0.06539539375697276	false	0.5
missverstehen	neg 1.0		off 0.4691006429928304 neg 0.46661176852384106 __DUMMY__ 0.0642875884833285	false	0.5
ergebnislos	neg 1.0		neg 0.4698959785053865 off 0.4648886050985362 __DUMMY__ 0.0652154163960773	false	1.0
unter			neg 0.47569491353460736 off 0.4581388711437494 __DUMMY__ 0.06616621532164325	false	0.0
manipulieren	neg 1.0		neg 0.4708149064592904 off 0.4639559148376665 __DUMMY__ 0.06522917870304301	false	1.0
unbewiesen	neg 1.0	neg 1.0	neg 0.7197318727172073 off 0.24965680357897493 __DUMMY__ 0.03061132370381768	false	1.0
verschleppen	neg 1.0		neg 0.4715330758462043 off 0.4636980959273261 __DUMMY__ 0.0647688282264695	false	1.0
weib	off 1.0		off 0.47900178447643105 neg 0.4583329046867204 __DUMMY__ 0.06266531083684855	false	1.0
opposition	neg 1.0		neg 0.46941421982466736 off 0.4664540085635554 __DUMMY__ 0.0641317716117773	false	1.0
verkehrswidrig	neg 1.0	neg 1.0	neg 0.7138901973620857 off 0.2557616462380968 __DUMMY__ 0.03034815639981752	false	1.0
inkorrekt	neg 1.0		off 0.4741243493878229 neg 0.46228896134863906 __DUMMY__ 0.06358668926353804	false	0.5
vermeiden	neg 1.0		neg 0.47459098736039335 off 0.4598016730024039 __DUMMY__ 0.06560733963720289	false	1.0
abweichung	neg 1.0	neg 1.0	neg 0.7195621291773807 off 0.24941336167474054 __DUMMY__ 0.031024509147878705	false	1.0
alkoholisiert	neg 1.0		neg 0.4699328991410142 off 0.46460121955157757 __DUMMY__ 0.06546588130740824	false	1.0
scheiss	off 1.0	off 1.0	off 0.7219775608877168 neg 0.24790637738271948 __DUMMY__ 0.030116061729563687	false	1.0
herausforderung	neg 1.0		neg 0.46955868019478225 off 0.4654284072941259 __DUMMY__ 0.06501291251109187	false	1.0
pervers	off 1.0		off 0.4817852303658907 neg 0.4556738022578937 __DUMMY__ 0.06254096737621569	false	1.0
wackelig	neg 1.0		neg 0.4696016635025623 off 0.4653704737548009 __DUMMY__ 0.06502786274263687	false	1.0
verwickeln	neg 1.0		off 0.4680714551446083 neg 0.4675828473572875 __DUMMY__ 0.06434569749810418	false	0.5
vorwand	neg 1.0		neg 0.4734659762839999 off 0.46138455781728155 __DUMMY__ 0.0651494658987185	false	1.0
muschi	off 1.0		neg 0.4689447944429143 off 0.46636841987343725 __DUMMY__ 0.06468678568364856	false	0.5
entmutigung	neg 1.0		neg 0.4685672901716436 off 0.4673740324481815 __DUMMY__ 0.06405867738017484	false	1.0
unangemessen	neg 1.0		neg 0.46895462467861326 off 0.4662277548166832 __DUMMY__ 0.06481762050470348	false	1.0
unstetig	neg 1.0		off 0.4703988840939616 neg 0.46542970351510204 __DUMMY__ 0.06417141239093647	false	0.5
entmutigen	neg 1.0		neg 0.46778155579082187 off 0.46768868992528717 __DUMMY__ 0.0645297542838911	false	1.0
schwanz	neg 1.0		neg 0.47173631837895125 off 0.46353552926888286 __DUMMY__ 0.06472815235216595	false	1.0
verbot	neg 1.0		neg 0.4718114409138874 off 0.4637044602640307 __DUMMY__ 0.06448409882208185	false	1.0
leid	neg 1.0		off 0.47573923006175606 neg 0.4608671580572601 __DUMMY__ 0.06339361188098391	false	0.5
archaisch	neg 1.0		neg 0.47078964512688076 off 0.4645851050943051 __DUMMY__ 0.06462524977881408	false	1.0
gegen			neg 0.47167701354312047 off 0.4628471625239049 __DUMMY__ 0.06547582393297466	false	0.0
scheidung	neg 1.0		off 0.4889245065493452 neg 0.44817773313817033 __DUMMY__ 0.0628977603124844	false	0.5
einschlag	neg 1.0		off 0.47705506924479474 neg 0.4589983237080672 __DUMMY__ 0.06394660704713812	false	0.5
m			neg 0.4701466323712642 off 0.4649975428723987 __DUMMY__ 0.0648558247563372	false	0.0
abgestanden	neg 1.0		neg 0.474641417965155 off 0.46164082269649803 __DUMMY__ 0.06371775933834692	false	1.0
schmierig	off 1.0		off 0.47557138751517325 neg 0.4609829022786041 __DUMMY__ 0.06344571020622261	false	1.0
unpraktisch	neg 1.0		off 0.4686383196243657 neg 0.4668005999595005 __DUMMY__ 0.0645610804161339	false	0.5
wixxer	off 1.0		off 0.4809533357112993 neg 0.4567318432700782 __DUMMY__ 0.06231482101862259	false	1.0
bezeichnet			neg 0.4678758659195747 off 0.46746440408320233 __DUMMY__ 0.06465972999722296	false	0.0
jammerlappen	off 1.0		off 0.4713885752036795 neg 0.4645300248995481 __DUMMY__ 0.06408139989677243	false	1.0
farce	neg 1.0		neg 0.4705833609943231 off 0.46510806759944306 __DUMMY__ 0.06430857140623389	false	1.0
zwecklos	neg 1.0		neg 0.4708174784353683 off 0.464416690288567 __DUMMY__ 0.06476583127606468	false	1.0
turbulent	neg 1.0		off 0.4728481794675888 neg 0.4634022685315057 __DUMMY__ 0.06374955200090558	false	0.5
invasion	neg 1.0		off 0.4690440648325038 neg 0.4666377042217414 __DUMMY__ 0.06431823094575485	false	0.5
schuld	neg 1.0		off 0.4677978659356144 neg 0.4677230119063338 __DUMMY__ 0.06447912215805181	false	0.5
risiko	neg 1.0		neg 0.46949443888196973 off 0.4664756886343545 __DUMMY__ 0.06402987248367592	false	1.0
finster	neg 1.0		neg 0.47088809320261854 off 0.4647733193528481 __DUMMY__ 0.06433858744453348	false	1.0
geisteskrank	off 1.0		off 0.47319808568163 neg 0.46305297662420664 __DUMMY__ 0.06374893769416339	false	1.0
zusammenbrechen	neg 1.0		neg 0.47076078964966195 off 0.4645017856193443 __DUMMY__ 0.06473742473099381	false	1.0
ausbeute	neg 1.0		off 0.4677955175212134 neg 0.4671526493892621 __DUMMY__ 0.06505183308952453	false	0.5
hinterhalt	neg 1.0		neg 0.4708506306864886 off 0.46456121066434924 __DUMMY__ 0.06458815864916229	false	1.0
kritik	neg 1.0		neg 0.4710082727022637 off 0.4646812193573481 __DUMMY__ 0.06431050794038816	false	1.0
einschrumpfen	neg 1.0		off 0.46907113550262364 neg 0.4672803619580392 __DUMMY__ 0.0636485025393372	false	0.5
riskant	neg 1.0		neg 0.47311390692535776 off 0.46193755350844756 __DUMMY__ 0.06494853956619473	false	1.0
frustrieren	neg 1.0		neg 0.4729569825869364 off 0.4622632266563977 __DUMMY__ 0.06477979075666586	false	1.0
groll	neg 1.0		neg 0.46933064478512765 off 0.46574137045771286 __DUMMY__ 0.06492798475715944	false	1.0
gibt			neg 0.4702057773701716 off 0.46488688685280793 __DUMMY__ 0.06490733577702043	false	0.0
qualvoll	neg 1.0		off 0.46845476420348886 neg 0.46719138912183983 __DUMMY__ 0.0643538466746714	false	0.5
wackeln	neg 1.0		neg 0.468709392459654 off 0.4666372223068903 __DUMMY__ 0.0646533852334557	false	1.0
klagen	neg 1.0		neg 0.47394522226214636 off 0.4610213896275272 __DUMMY__ 0.0650333881103263	false	1.0
bankrott	neg 1.0		off 0.47175637837425244 neg 0.46397552646449614 __DUMMY__ 0.06426809516125132	false	0.5
trauern	neg 1.0		neg 0.4687690595523576 off 0.465702767085182 __DUMMY__ 0.06552817336246038	false	1.0
ablehnung	neg 1.0		neg 0.47106401767830264 off 0.4645016915564625 __DUMMY__ 0.06443429076523474	false	1.0
stur	neg 1.0		neg 0.4684652158845442 off 0.4671610905363019 __DUMMY__ 0.06437369357915385	false	1.0
aufruhr	neg 1.0	neg 1.0	neg 0.7203016972419695 off 0.2490487132801666 __DUMMY__ 0.030649589477863934	false	1.0
melancholie	neg 1.0		neg 0.4745347169894964 off 0.46067465218440157 __DUMMY__ 0.06479063082610215	false	1.0
ist			off 0.468309324011712 neg 0.4672480785533945 __DUMMY__ 0.06444259743489343	false	0.0
torheit	neg 1.0		off 0.46790867342884296 neg 0.4676237020016731 __DUMMY__ 0.06446762456948392	false	0.5
dreckskind	off 1.0		off 0.4789434802885364 neg 0.4581512870259541 __DUMMY__ 0.06290523268550945	false	1.0
umtauschen	neg 1.0		neg 0.46982830912910767 off 0.4656038057251319 __DUMMY__ 0.0645678851457604	false	1.0
zum			neg 0.47025412982479287 off 0.463559740296256 __DUMMY__ 0.06618612987895113	false	0.0
zersetzen	neg 1.0		neg 0.4737101729451649 off 0.46140392715442796 __DUMMY__ 0.06488589990040727	false	1.0
zur			neg 0.47408930222855383 off 0.4602607350232726 __DUMMY__ 0.06564996274817361	false	0.0
frust	neg 1.0		neg 0.4704368533548076 off 0.4647290408883493 __DUMMY__ 0.0648341057568431	false	1.0
unerbittlichkeit	neg 1.0		neg 0.47128213902256055 off 0.46366017035122803 __DUMMY__ 0.06505769062621138	false	1.0
zwei			neg 0.4740359386685959 off 0.46021290790519975 __DUMMY__ 0.06575115342620418	false	0.0
unkorrekt	neg 1.0		off 0.4725578419919276 neg 0.4638181423959914 __DUMMY__ 0.06362401561208114	false	0.5
hexe	off 1.0		off 0.46864810414074537 neg 0.4676682438444507 __DUMMY__ 0.06368365201480378	false	1.0
lasch	neg 1.0		off 0.47068467830655925 neg 0.46513449666436085 __DUMMY__ 0.06418082502907987	false	0.5
rivale	neg 1.0		off 0.4748256166748732 neg 0.4615282178048716 __DUMMY__ 0.06364616552025537	false	0.5
mutlos	off 1.0	off 1.0	off 0.7177543439862814 neg 0.2514373416549994 __DUMMY__ 0.030808314358719252	false	1.0
wirr	off 1.0		off 0.4749399917203665 neg 0.4615476705841025 __DUMMY__ 0.06351233769553091	false	1.0
jahr			neg 0.4679916681710987 off 0.46632156836060085 __DUMMY__ 0.06568676346830046	false	0.0
wird			neg 0.4705480009258362 off 0.46447560593127946 __DUMMY__ 0.06497639314288431	false	0.0
strafbar	neg 1.0		neg 0.4715622281104096 off 0.4634010547659264 __DUMMY__ 0.0650367171236639	false	1.0
erosion	neg 1.0		neg 0.46857877092124905 off 0.46684928881402765 __DUMMY__ 0.0645719402647233	false	1.0
eingehen	neg 1.0		neg 0.47281245020595997 off 0.4623534279366335 __DUMMY__ 0.06483412185740656	false	1.0
faul	off 1.0		off 0.47035580567753393 neg 0.46553934030036154 __DUMMY__ 0.06410485402210456	false	1.0
provisorium	neg 1.0		neg 0.47524068994280333 off 0.458547727711629 __DUMMY__ 0.06621158234556769	false	1.0
schmerzen	neg 1.0		neg 0.4707195684419616 off 0.46471957071157505 __DUMMY__ 0.06456086084646338	false	1.0
schrumpfen	neg 1.0		neg 0.4770296256736232 off 0.45775399474676565 __DUMMY__ 0.0652163795796112	false	1.0
geistlos	off 1.0		off 0.46800083225271266 neg 0.46796005859202794 __DUMMY__ 0.0640391091552595	false	1.0
fehlkauf	neg 1.0		neg 0.46813411979456343 off 0.4677584020301976 __DUMMY__ 0.06410747817523893	false	1.0
frustrierend	neg 1.0		off 0.47013281603793805 neg 0.46567866729881086 __DUMMY__ 0.0641885166632511	false	0.5
unzufrieden	neg 1.0		neg 0.4707804542903864 off 0.4644004597472016 __DUMMY__ 0.06481908596241208	false	1.0
verzweifeln	neg 1.0		neg 0.4690849629574126 off 0.4661373635582725 __DUMMY__ 0.06477767348431483	false	1.0
verzweifelt	neg 1.0		off 0.467807900682996 neg 0.4677308229239874 __DUMMY__ 0.06446127639301659	false	0.5
misstrauensantrag	neg 1.0		off 0.4682969326662222 neg 0.46739327398241937 __DUMMY__ 0.06430979335135854	false	0.5
abfallen	neg 1.0		neg 0.46917740439376787 off 0.4663243516941594 __DUMMY__ 0.06449824391207286	false	1.0
fucker	off 1.0		off 0.4747327130059731 neg 0.46146612238381135 __DUMMY__ 0.06380116461021568	false	1.0
ungezogen	neg 1.0		off 0.4801912840930318 neg 0.45695798117549186 __DUMMY__ 0.06285073473147645	false	0.5
irrsinnig	neg 1.0	neg 1.0	neg 0.7201325853690486 off 0.24929410746556813 __DUMMY__ 0.030573307165383184	false	1.0
unfassbar	neg 1.0		off 0.47238284133751335 neg 0.4636002220122715 __DUMMY__ 0.06401693665021511	false	0.5
hart	neg 1.0		neg 0.4683776050505004 off 0.4683541153620076 __DUMMY__ 0.0632682795874921	false	1.0
widerlich	off 1.0		off 0.47229200233384466 neg 0.46385520639953914 __DUMMY__ 0.06385279126661618	false	1.0
fatal	neg 1.0	neg 1.0	neg 0.720672925969096 off 0.24903871919792808 __DUMMY__ 0.03028835483297584	false	1.0
bruch	neg 1.0		neg 0.4721492816713773 off 0.46229222728283276 __DUMMY__ 0.06555849104578988	false	1.0
aushungern	neg 1.0		neg 0.47185586571847377 off 0.4637036653813629 __DUMMY__ 0.06444046890016339	false	1.0
anspannung	neg 1.0		neg 0.4729069301581688 off 0.4612051761190967 __DUMMY__ 0.06588789372273456	false	1.0
von			neg 0.47240569231003227 off 0.46236218233774606 __DUMMY__ 0.06523212535222171	false	0.0
kraftlos	neg 1.0		neg 0.4707140844932052 off 0.4643669103105599 __DUMMY__ 0.06491900519623493	false	1.0
vom			neg 0.4730119100344031 off 0.46056819314934033 __DUMMY__ 0.0664198968162566	false	0.0
grenzdebil	off 1.0		off 0.47177155413355143 neg 0.4644001346168572 __DUMMY__ 0.06382831124959136	false	1.0
vor			neg 0.4733203869461262 off 0.46132366988604434 __DUMMY__ 0.06535594316782949	false	0.0
unterwerfen	neg 1.0		neg 0.4710905692362289 off 0.4639370305425015 __DUMMY__ 0.06497240022126963	false	1.0
versenkung	neg 1.0		neg 0.47127931484882274 off 0.46364801599599154 __DUMMY__ 0.0650726691551858	false	1.0
entziehen	neg 1.0		neg 0.47352679778518086 off 0.46130966994535416 __DUMMY__ 0.06516353226946488	false	1.0
finanzkrise	neg 1.0		neg 0.4747147028629821 off 0.4614789349985242 __DUMMY__ 0.0638063621384938	false	1.0
schimpfend	neg 1.0		off 0.4683719954369887 neg 0.4669604723483322 __DUMMY__ 0.0646675322146792	false	0.5
profan	neg 1.0		off 0.4685938363163727 neg 0.4671030368396809 __DUMMY__ 0.06430312684394636	false	0.5
korruption	neg 1.0		neg 0.47218253882593453 off 0.4633156749637961 __DUMMY__ 0.0645017862102694	false	1.0
â			neg 0.471428947050505 off 0.4637634560136599 __DUMMY__ 0.064807596935835	false	0.0
schmutzig	neg 1.0		off 0.4724363481234975 neg 0.46366466443573323 __DUMMY__ 0.06389898744076937	false	0.5
sexy	neg 1.0		off 0.47066567354394334 neg 0.4650587252234829 __DUMMY__ 0.06427560123257367	false	0.5
abraten	neg 1.0		off 0.4688321656757144 neg 0.4667073367055143 __DUMMY__ 0.06446049761877133	false	0.5
schwarz	neg 1.0		off 0.4686864415069446 neg 0.46695963219240605 __DUMMY__ 0.06435392630064937	false	0.5
fotze	off 1.0	off 1.0	off 0.7180748157569159 neg 0.25116364331770435 __DUMMY__ 0.030761540925379794	false	1.0
verwirren	neg 1.0		off 0.46922729341416347 neg 0.46642450192919443 __DUMMY__ 0.06434820465664215	false	0.5
zahnlos	off 1.0		neg 0.4700344395061572 off 0.46524516847749836 __DUMMY__ 0.06472039201634434	false	0.5
verheeren	neg 1.0		off 0.48221607356844576 neg 0.45491316575870616 __DUMMY__ 0.06287076067284797	false	0.5
hippie	neg 1.0		off 0.4698629026918347 neg 0.46590970736471665 __DUMMY__ 0.06422738994344865	false	0.5
rammen	neg 1.0		neg 0.4683079899881609 off 0.46718707548613025 __DUMMY__ 0.06450493452570871	false	1.0
unlauter	neg 1.0		neg 0.46825697946295164 off 0.4675558024540974 __DUMMY__ 0.06418721808295108	false	1.0
unheilvoll	neg 1.0		neg 0.46855489047437726 off 0.4670973890646234 __DUMMY__ 0.0643477204609993	false	1.0
niedrig	neg 1.0		neg 0.47316261063698967 off 0.46224694817499834 __DUMMY__ 0.06459044118801202	false	1.0
explosion	neg 1.0		off 0.4700263859391865 neg 0.46569922946847375 __DUMMY__ 0.0642743845923398	false	0.5
weichei	off 1.0	off 1.0	off 0.7239151915796774 neg 0.24620219135309215 __DUMMY__ 0.029882617067230277	false	1.0
minusmensch	off 1.0		off 0.48100237308749483 neg 0.4562687760070127 __DUMMY__ 0.06272885090549249	false	1.0
farblos	neg 1.0		neg 0.46958898669973 off 0.4662061597932368 __DUMMY__ 0.06420485350703314	false	1.0
unwissend	neg 1.0	neg 1.0	neg 0.7187520112014868 off 0.25094347656918936 __DUMMY__ 0.030304512229323923	false	1.0
traurig	neg 1.0		off 0.4743041441788677 neg 0.4620155849650657 __DUMMY__ 0.06368027085606669	false	0.5
senkung	neg 1.0		neg 0.4699869687376096 off 0.46626337955920805 __DUMMY__ 0.0637496517031824	false	1.0
ungleich	neg 1.0	neg 1.0	neg 0.7216490354936862 off 0.247506996295852 __DUMMY__ 0.030843968210461807	false	1.0
heikel	neg 1.0		neg 0.47221830106425816 off 0.4627526443485381 __DUMMY__ 0.06502905458720369	false	1.0
drosselung	neg 1.0		off 0.469273720885344 neg 0.4673705765070469 __DUMMY__ 0.06335570260760909	false	0.5
falsch	neg 1.0		off 0.47072930442293676 neg 0.4650403864268304 __DUMMY__ 0.06423030915023291	false	0.5
unzufriedenheit	neg 1.0		neg 0.47404214014829554 off 0.46112655712373707 __DUMMY__ 0.06483130272796742	false	1.0
kurz	neg 1.0		neg 0.46919798192157114 off 0.4658079623834415 __DUMMY__ 0.06499405569498737	false	1.0
unsinnig	neg 1.0		neg 0.4710263320202256 off 0.4645099150831798 __DUMMY__ 0.0644637528965948	false	1.0
penner	off 1.0	off 1.0	off 0.7251642165839846 neg 0.24498777580215073 __DUMMY__ 0.029848007613864726	false	1.0
seicht	neg 1.0		off 0.4776702930581683 neg 0.45968747883200156 __DUMMY__ 0.06264222810983011	false	0.5
dummheit	off 1.0	off 1.0	off 0.7199165522471901 neg 0.24968853922790293 __DUMMY__ 0.03039490852490699	false	1.0
unerfreulich	neg 1.0		neg 0.47220863532757096 off 0.46269771241757807 __DUMMY__ 0.06509365225485096	false	1.0
motherfucker	off 1.0	off 1.0	off 0.7228669972452991 neg 0.24691300859440293 __DUMMY__ 0.030219994160297997	false	1.0
pikiert	neg 1.0	neg 1.0	neg 0.7185896466277346 off 0.2511391954620814 __DUMMY__ 0.030271157910183945	false	1.0
wrack	neg 1.0		off 0.4694609885269816 neg 0.4650183015213721 __DUMMY__ 0.06552070995164637	false	0.5
gangster	neg 1.0		off 0.4699799085820783 neg 0.4658287219387158 __DUMMY__ 0.06419136947920602	false	0.5
krank	neg 1.0	neg 1.0	neg 0.7171209769040687 off 0.2525090208243988 __DUMMY__ 0.030370002271532567	false	1.0
reich	neg 1.0		off 0.4684902585358183 neg 0.4677456668809995 __DUMMY__ 0.06376407458318233	false	0.5
gnadenlos	neg 1.0		off 0.46818775720410116 neg 0.46720503765086374 __DUMMY__ 0.06460720514503512	false	0.5
niedergeschlagen	neg 1.0		neg 0.46984337012941585 off 0.4651721373328163 __DUMMY__ 0.06498449253776796	false	1.0
terrorisieren	off 1.0	off 1.0	off 0.7174103063377182 neg 0.2516813436143231 __DUMMY__ 0.030908350047958725	false	1.0
sinnlosigkeit	neg 1.0		neg 0.4701038756146748 off 0.46509248422389066 __DUMMY__ 0.06480364016143461	false	1.0
behindern	neg 1.0		neg 0.4699529477527058 off 0.4655805329673006 __DUMMY__ 0.06446651927999367	false	1.0
undemokratisch	neg 1.0		off 0.4680689901469014 neg 0.46770986487298105 __DUMMY__ 0.06422114498011744	false	0.5
wirtschaftskrise	neg 1.0		neg 0.4742706109119836 off 0.46144430690921884 __DUMMY__ 0.06428508217879766	false	1.0
neid	neg 1.0		off 0.469651357613658 neg 0.46613177953503027 __DUMMY__ 0.06421686285131181	false	0.5
rutschen	neg 1.0		neg 0.47457538981875597 off 0.4596961032353057 __DUMMY__ 0.06572850694593849	false	1.0
rezession	neg 1.0		off 0.4709998938125166 neg 0.46596143117867084 __DUMMY__ 0.06303867500881251	false	0.5
fehlgeburt	neg 1.0		off 0.46856682432555613 neg 0.4666527090851015 __DUMMY__ 0.06478046658934253	false	0.5
charakterschwach	off 1.0		off 0.47155060920688835 neg 0.46460098660522325 __DUMMY__ 0.0638484041878884	false	1.0
isolation	neg 1.0		off 0.4711650532409098 neg 0.46451757199677113 __DUMMY__ 0.06431737476231901	false	0.5
ablenkung	neg 1.0		neg 0.4678548743832758 off 0.4673560604194757 __DUMMY__ 0.06478906519724849	false	1.0
pech	neg 1.0		off 0.47075009326289885 neg 0.4650994388052952 __DUMMY__ 0.06415046793180601	false	0.5
vermeidung	neg 1.0		off 0.4714217147618858 neg 0.46482764801035636 __DUMMY__ 0.06375063722775776	false	0.5
dominieren	neg 1.0		neg 0.4687782519823246 off 0.4663277953261622 __DUMMY__ 0.0648939526915131	false	1.0
schwindlig	neg 1.0		off 0.46791367479890983 neg 0.467807869802988 __DUMMY__ 0.0642784553981021	false	0.5
lutscher	neg 1.0	neg 1.0	neg 0.714611012411029 off 0.2558485448752866 __DUMMY__ 0.029540442713684372	false	1.0
pflicht	neg 1.0		neg 0.47200292259502236 off 0.46265247550635463 __DUMMY__ 0.06534460189862298	false	1.0
faschist	off 1.0		off 0.4702103463278103 neg 0.4655922299187931 __DUMMY__ 0.06419742375339672	false	1.0
verschleudern	neg 1.0		neg 0.4750458660528228 off 0.4605089917348311 __DUMMY__ 0.06444514221234608	false	1.0
wenn			off 0.47102338053774406 neg 0.46487944901359785 __DUMMY__ 0.06409717044865798	false	0.0
ehebruch	neg 1.0		neg 0.47113404880969273 off 0.46401576446918447 __DUMMY__ 0.06485018672112282	false	1.0
spott	off 1.0		neg 0.4701886811380424 off 0.4647951903670511 __DUMMY__ 0.06501612849490651	false	0.5
trostlosigkeit	neg 1.0		neg 0.4753364504065813 off 0.4597720407744196 __DUMMY__ 0.06489150881899905	false	1.0
lutschen	neg 1.0		off 0.4699478501830661 neg 0.4660124792172072 __DUMMY__ 0.06403967059972666	false	0.5
undiszipliniert	neg 1.0		off 0.4739628022956762 neg 0.4622533565363429 __DUMMY__ 0.06378384116798094	false	0.5
kopfschmerz	neg 1.0		neg 0.47367431778025976 off 0.46175758583111226 __DUMMY__ 0.06456809638862801	false	1.0
unvorhergesehen	neg 1.0		neg 0.4722303629655882 off 0.4625124057624901 __DUMMY__ 0.06525723127192158	false	1.0
desinteressiert	neg 1.0		off 0.4728288314574317 neg 0.4634085099854155 __DUMMY__ 0.06376265855715291	false	0.5
armselig	off 1.0		off 0.47523848514014116 neg 0.46115107107539466 __DUMMY__ 0.06361044378446426	false	1.0
desaster	neg 1.0		neg 0.47458659735956615 off 0.46030706464058563 __DUMMY__ 0.06510633799984823	false	1.0
tod	neg 1.0		neg 0.47052639804186425 off 0.4643775997621027 __DUMMY__ 0.0650960021960332	false	1.0
herzlos	neg 1.0		off 0.4745144982625313 neg 0.4618659739637068 __DUMMY__ 0.06361952777376191	false	0.5
unwissenheit	neg 1.0		neg 0.4709976479901776 off 0.4642537044288715 __DUMMY__ 0.06474864758095097	false	1.0
widersinnig	neg 1.0		neg 0.47144590404647274 off 0.46417535478830374 __DUMMY__ 0.0643787411652235	false	1.0
bedenklich	neg 1.0		neg 0.4721850616875287 off 0.4630512547955723 __DUMMY__ 0.0647636835168991	false	1.0
beanstanden	neg 1.0		neg 0.47127234246525057 off 0.4634146148448614 __DUMMY__ 0.06531304268988808	false	1.0
panisch	neg 1.0		off 0.46946111941431096 neg 0.4659630315020229 __DUMMY__ 0.06457584908366626	false	0.5
debil	off 1.0		neg 0.4777670324637781 off 0.4565229714199915 __DUMMY__ 0.06570999611623032	false	0.5
abstrich	neg 1.0		neg 0.47217817680788243 off 0.4634262293028316 __DUMMY__ 0.06439559388928597	false	1.0
primitiv	neg 1.0		off 0.47338921501109654 neg 0.4627872027831074 __DUMMY__ 0.06382358220579604	false	0.5
abschaum	off 1.0	off 1.0	off 0.7223405806609189 neg 0.24723201133661415 __DUMMY__ 0.03042740800246693	false	1.0
provozieren	neg 1.0		neg 0.4684388998217897 off 0.4671320823071112 __DUMMY__ 0.0644290178710991	false	1.0
tot	neg 1.0		neg 0.47197134728269363 off 0.4634661620234251 __DUMMY__ 0.06456249069388133	false	1.0
instabil	neg 1.0		off 0.4752487610970456 neg 0.46124061671150635 __DUMMY__ 0.06351062219144814	false	0.5
schwuchtel	off 1.0	off 1.0	off 0.7281081385372703 neg 0.24253820734659415 __DUMMY__ 0.029353654116135566	false	1.0
zerren	neg 1.0		neg 0.4697089268100749 off 0.46527452618454496 __DUMMY__ 0.06501654700538005	false	1.0
kinderficker	off 1.0		off 0.4769954180999868 neg 0.4596961041718672 __DUMMY__ 0.06330847772814585	false	1.0
gefahr	neg 1.0		neg 0.47234442532649384 off 0.4624502737189051 __DUMMY__ 0.06520530095460099	false	1.0
rabiat	neg 1.0		neg 0.4704167022918847 off 0.4650516022728426 __DUMMY__ 0.06453169543527262	false	1.0
verlangsamung	neg 1.0		off 0.4782264069643538 neg 0.4587069990884459 __DUMMY__ 0.06306659394720023	false	0.5
ausgestorben	neg 1.0		neg 0.46931400951541064 off 0.4659142094116714 __DUMMY__ 0.06477178107291806	false	1.0
anklagen	neg 1.0		neg 0.47007474708161096 off 0.4652037751665802 __DUMMY__ 0.06472147775180884	false	1.0
trott	neg 1.0		neg 0.46885987699773385 off 0.46656109019001873 __DUMMY__ 0.0645790328122474	false	1.0
verminderung	neg 1.0		off 0.47192181668504024 neg 0.4642680738868319 __DUMMY__ 0.06381010942812801	false	0.5
nach			neg 0.4744261601981101 off 0.45956106650495865 __DUMMY__ 0.06601277329693118	false	0.0
rost	neg 1.0		off 0.4819112172682565 neg 0.4547432916423403 __DUMMY__ 0.06334549108940322	false	0.5
destruktiv	neg 1.0		neg 0.4693880558482702 off 0.46609259750567533 __DUMMY__ 0.06451934664605462	false	1.0
unzumutbarkeit	neg 1.0		off 0.4724011654836803 neg 0.46368150034034894 __DUMMY__ 0.06391733417597083	false	0.5
labil	off 1.0	off 1.0	off 0.7212183673353507 neg 0.2484399170500333 __DUMMY__ 0.030341715614616	false	1.0
ziemlich	neg 1.0		off 0.4724947118398251 neg 0.46340202129485636 __DUMMY__ 0.06410326686531864	false	0.5
lachnummer	off 1.0		off 0.4678580714155919 neg 0.4674749053956268 __DUMMY__ 0.06466702318878133	false	1.0
oder			off 0.46817286058672214 neg 0.4671062501766456 __DUMMY__ 0.06472088923663236	false	0.0
verfall	neg 1.0		neg 0.4772600644520182 off 0.4575810242909851 __DUMMY__ 0.06515891125699676	false	1.0
ausgrenzung	neg 1.0		neg 0.4680958963887203 off 0.4677227297385727 __DUMMY__ 0.06418137387270707	false	1.0
unordnung	neg 1.0		off 0.4747710847229159 neg 0.46188453379976396 __DUMMY__ 0.0633443814773202	false	0.5
fehlverhalten	neg 1.0		neg 0.4717204621944115 off 0.4632598424113476 __DUMMY__ 0.06501969539424098	false	1.0
eine			neg 0.47340194611465775 off 0.4613766096468241 __DUMMY__ 0.06522144423851811	false	0.0
nille	neg 1.0		neg 0.46853353933110364 off 0.46690791632032 __DUMMY__ 0.06455854434857637	false	1.0
qual	neg 1.0		neg 0.46948001701725073 off 0.4659568297924288 __DUMMY__ 0.06456315319032034	false	1.0
verschwenden	neg 1.0		neg 0.4736123600621693 off 0.4615832882650103 __DUMMY__ 0.06480435167282043	false	1.0
riesig	neg 1.0		neg 0.47130832244265874 off 0.4636775028319014 __DUMMY__ 0.0650141747254399	false	1.0
verurteilen	neg 1.0		neg 0.4706278461554256 off 0.4646636163185666 __DUMMY__ 0.06470853752600787	false	1.0
klischee	neg 1.0	neg 1.0	neg 0.7190736194790331 off 0.25055722914889345 __DUMMY__ 0.030369151372073504	false	1.0
diktatorisch	neg 1.0		neg 0.46822786655942855 off 0.46764163233318107 __DUMMY__ 0.06413050110739049	false	1.0
vorhersehbar	neg 1.0		off 0.46848892459469416 neg 0.4674163474133159 __DUMMY__ 0.06409472799199005	false	0.5
sowie			off 0.47460645065423357 neg 0.4623168403391392 __DUMMY__ 0.06307670900662712	false	0.0
stornieren	neg 1.0		off 0.4725211444314783 neg 0.4626544947179385 __DUMMY__ 0.06482436085058324	false	0.5
besteuerung	neg 1.0	neg 1.0	neg 0.7222987904819338 off 0.24744840054597655 __DUMMY__ 0.030252808972089568	false	1.0
ungeschminkt	neg 1.0		off 0.47275672595449325 neg 0.46355503103370416 __DUMMY__ 0.06368824301180265	false	0.5
kritisch	neg 1.0		neg 0.47039241755241706 off 0.46476626526874937 __DUMMY__ 0.06484131717883365	false	1.0
schlamperei	off 1.0		neg 0.47221823797988366 off 0.4629226216743467 __DUMMY__ 0.06485914034576969	false	0.5
sucht	neg 1.0	neg 1.0	neg 0.7190577568410658 off 0.25027043840165597 __DUMMY__ 0.03067180475727822	false	1.0
egoistisch	off 1.0	off 1.0	off 0.7246759854299777 neg 0.2452785393849132 __DUMMY__ 0.030045475185109152	false	1.0
ausbeuter	off 1.0		neg 0.47414030097184523 off 0.46113386593152583 __DUMMY__ 0.06472583309662888	false	0.5
arschgeburt	off 1.0		off 0.4835949518173311 neg 0.4542446723066758 __DUMMY__ 0.06216037587599307	false	1.0
schubs	neg 1.0		neg 0.47318174548530345 off 0.46223760464188274 __DUMMY__ 0.06458064987281376	false	1.0
unsolide	neg 1.0		off 0.46997269216229126 neg 0.465652126097951 __DUMMY__ 0.06437518173975769	false	0.5
beschwerde	neg 1.0		neg 0.4699615583872137 off 0.4652092578926464 __DUMMY__ 0.06482918372014	false	1.0
stocken	neg 1.0		neg 0.4711590495359255 off 0.4639513956525019 __DUMMY__ 0.0648895548115725	false	1.0
isolieren	neg 1.0		neg 0.47137937715753025 off 0.46398937774852445 __DUMMY__ 0.06463124509394538	false	1.0
unheilbar	neg 1.0		neg 0.46798953807545995 off 0.46734667795004314 __DUMMY__ 0.0646637839744969	false	1.0
pisser	off 1.0	off 1.0	off 0.7231004344748168 neg 0.24676542515621225 __DUMMY__ 0.03013414036897101	false	1.0
löschen	neg 1.0		neg 0.46911588977714436 off 0.4664716595020743 __DUMMY__ 0.06441245072078124	false	1.0
durchfallen	neg 1.0		neg 0.4703482556100554 off 0.4647665052436472 __DUMMY__ 0.06488523914629743	false	1.0
wichser	off 1.0	off 1.0	off 0.7267164113385418 neg 0.24360691410321544 __DUMMY__ 0.02967667455824277	false	1.0
terror	neg 1.0		off 0.46958131576337614 neg 0.46619375027721627 __DUMMY__ 0.06422493395940751	false	0.5
krass	neg 1.0		off 0.47589834324987185 neg 0.4606999380948552 __DUMMY__ 0.06340171865527293	false	0.5
revolte	neg 1.0		neg 0.4687367566864971 off 0.46750973643745397 __DUMMY__ 0.06375350687604883	false	1.0
besorgt	neg 1.0		neg 0.4683130919629288 off 0.4665957123995916 __DUMMY__ 0.06509119563747973	false	1.0
nachlassen	neg 1.0		neg 0.46988574515931286 off 0.46504401808560886 __DUMMY__ 0.06507023675507827	false	1.0
alt	neg 1.0		neg 0.4765373966529718 off 0.459278214529784 __DUMMY__ 0.06418438881724423	false	1.0
hundesohn	off 1.0	off 1.0	off 0.7258799182542931 neg 0.24443737415300618 __DUMMY__ 0.029682707592700783	false	1.0
als			neg 0.47064570044399345 off 0.464601752416877 __DUMMY__ 0.0647525471391294	false	0.0
abschreckung	neg 1.0		neg 0.47324202721389264 off 0.4617772353247736 __DUMMY__ 0.06498073746133388	false	1.0
unqualifiziert	neg 1.0		off 0.470988276199132 neg 0.46484722716206417 __DUMMY__ 0.06416449663880379	false	0.5
abgewichst	off 1.0		neg 0.4685635465502763 off 0.4667482837552509 __DUMMY__ 0.06468816969447275	false	0.5
schwer	neg 1.0		neg 0.4685490016634644 off 0.46670970287533003 __DUMMY__ 0.06474129546120563	false	1.0
bedeutungslosigkeit	neg 1.0		neg 0.4725332056484397 off 0.462495301526492 __DUMMY__ 0.06497149282506826	false	1.0
kapitulation	neg 1.0		neg 0.47283883419477163 off 0.4626067921624412 __DUMMY__ 0.06455437364278709	false	1.0
unscharf	neg 1.0		neg 0.4700079861579698 off 0.4661053187742755 __DUMMY__ 0.0638866950677547	false	1.0
schwinden	neg 1.0		neg 0.4733864472100076 off 0.461789467602083 __DUMMY__ 0.06482408518790944	false	1.0
versklavung	neg 1.0	neg 1.0	neg 0.7208381623622852 off 0.24877949824713852 __DUMMY__ 0.03038233939057634	false	1.0
schlecht	neg 1.0		off 0.47277986595589616 neg 0.46309478644362984 __DUMMY__ 0.06412534760047402	false	0.5
verhasst	neg 1.0		neg 0.468326750165503 off 0.46737463629576415 __DUMMY__ 0.06429861353873287	false	1.0
beschweren	neg 1.0		off 0.4691920099749682 neg 0.46627922661786375 __DUMMY__ 0.06452876340716815	false	0.5
scheiden	neg 1.0		neg 0.46823104829152945 off 0.4671439985070109 __DUMMY__ 0.06462495320145972	false	1.0
frustriert	neg 1.0		neg 0.46936255224098294 off 0.46583170209729363 __DUMMY__ 0.06480574566172345	false	1.0
schimmelig	neg 1.0		neg 0.4742225124545107 off 0.4613741779739828 __DUMMY__ 0.06440330957150649	false	1.0
fisch	neg 1.0		neg 0.47785237127592034 off 0.45758200939843696 __DUMMY__ 0.06456561932564264	false	1.0
schmuggel	neg 1.0		neg 0.47244137325249597 off 0.4622360498908743 __DUMMY__ 0.06532257685662982	false	1.0
auffallen	neg 1.0		off 0.4691203473788722 neg 0.46648548107881505 __DUMMY__ 0.06439417154231274	false	0.5
konkurrenz	neg 1.0		neg 0.4707040578979475 off 0.463971863192798 __DUMMY__ 0.06532407890925442	false	1.0
teufelskreis	neg 1.0	neg 1.0	neg 0.7217268036097085 off 0.2477258720254591 __DUMMY__ 0.03054732436483235	false	1.0
aufschreien	neg 1.0		off 0.4684401204045121 neg 0.4674328888942382 __DUMMY__ 0.0641269907012497	false	0.5
schuldner	neg 1.0		neg 0.4754349957220427 off 0.4599897917248269 __DUMMY__ 0.06457521255313046	false	1.0
missgeburt	off 1.0	off 1.0	off 0.7259503305707022 neg 0.24413883553328516 __DUMMY__ 0.029910833896012606	false	1.0
arbeitslos	neg 1.0		neg 0.47118208512477866 off 0.4640204836562748 __DUMMY__ 0.06479743121894661	false	1.0
befallen	neg 1.0		neg 0.47407311292746535 off 0.4618821287877945 __DUMMY__ 0.06404475828474025	false	1.0
miesepetrig	off 1.0	off 1.0	off 0.7214507829769562 neg 0.24818084058098938 __DUMMY__ 0.03036837644205435	false	1.0
alarmieren	neg 1.0		off 0.4708804001427722 neg 0.4650702850273688 __DUMMY__ 0.06404931482985889	false	0.5
ungeduscht	off 1.0		off 0.46970818246092 neg 0.4663671510845549 __DUMMY__ 0.06392466645452509	false	1.0
knappheit	neg 1.0		neg 0.47326517323280065 off 0.46233516397839697 __DUMMY__ 0.06439966278880238	false	1.0
schlange	neg 1.0		off 0.4677980892567063 neg 0.46751801230452045 __DUMMY__ 0.06468389843877323	false	0.5
harsch	neg 1.0		off 0.47702355756622594 neg 0.45921809116887574 __DUMMY__ 0.06375835126489832	false	0.5
lang	neg 1.0		off 0.46788891433248037 neg 0.4676628266134433 __DUMMY__ 0.06444825905407645	false	0.5
ziellos	neg 1.0		neg 0.4709229863367663 off 0.4639141993289061 __DUMMY__ 0.06516281433432769	false	1.0
selbstverliebt	neg 1.0		off 0.48291507520027854 neg 0.4543135592361656 __DUMMY__ 0.06277136556355571	false	0.5
beseitigen	neg 1.0		neg 0.467880511502264 off 0.46738472956127985 __DUMMY__ 0.06473475893645624	false	1.0
dumm	off 1.0		off 0.47762599590208077 neg 0.45918879099507537 __DUMMY__ 0.06318521310284385	false	1.0
arbeitsloser	neg 1.0		off 0.4680007396482438 neg 0.4665842386535978 __DUMMY__ 0.06541502169815831	false	0.5
blitzen	neg 1.0		off 0.4694379639735033 neg 0.4665423294255001 __DUMMY__ 0.06401970660099657	false	0.5
hilflos	neg 1.0		neg 0.47102447727823743 off 0.4641860508370832 __DUMMY__ 0.06478947188467948	false	1.0
eklig	off 1.0		off 0.47678877525154423 neg 0.4602895175173442 __DUMMY__ 0.06292170723111173	false	1.0
begriff			neg 0.46841055554265193 off 0.4668727973427166 __DUMMY__ 0.0647166471146315	false	0.0
hungersnot	neg 1.0		neg 0.47272145997881376 off 0.4628100917834765 __DUMMY__ 0.06446844823770986	false	1.0
ungesetzlich	neg 1.0		off 0.4686685607909788 neg 0.46704059107618695 __DUMMY__ 0.06429084813283421	false	0.5
verschwendung	neg 1.0		neg 0.47271928101448013 off 0.4623322821058012 __DUMMY__ 0.0649484368797187	false	1.0
schmerzvoll	neg 1.0		neg 0.4683740851549649 off 0.46731198098059695 __DUMMY__ 0.06431393386443801	false	1.0
vorzeitig	neg 1.0		off 0.47374492770632637 neg 0.4618574542083857 __DUMMY__ 0.06439761808528786	false	0.5
unvollkommenheit	neg 1.0		neg 0.47017644839778566 off 0.465124085939896 __DUMMY__ 0.06469946566231836	false	1.0
intervenieren	neg 1.0		neg 0.4742606348572815 off 0.4611580369576587 __DUMMY__ 0.06458132818505986	false	1.0
banause	off 1.0		off 0.47657204730966857 neg 0.4609350654329702 __DUMMY__ 0.06249288725736117	false	1.0
rebell	neg 1.0		neg 0.47844578648840763 off 0.4566653408887347 __DUMMY__ 0.06488887262285763	false	1.0
unlogisch	neg 1.0		off 0.47330959657606053 neg 0.46313120785768436 __DUMMY__ 0.06355919556625515	false	0.5
leiden	neg 1.0		neg 0.4710629301850003 off 0.4635154999294485 __DUMMY__ 0.06542156988555127	false	1.0
abschaffung	neg 1.0		neg 0.46952463704298564 off 0.46627169997624685 __DUMMY__ 0.06420366298076756	false	1.0
sturz	neg 1.0		off 0.47100359841117484 neg 0.4642296479699314 __DUMMY__ 0.06476675361889368	false	0.5
verkleinerung	neg 1.0		neg 0.4691087619592241 off 0.46730257414397186 __DUMMY__ 0.06358866389680412	false	1.0
schmarotzer	off 1.0		neg 0.47026717511903926 off 0.4650130051261967 __DUMMY__ 0.06471981975476404	false	0.5
bestrafung	neg 1.0	neg 1.0	neg 0.7198903230071385 off 0.24945415524728023 __DUMMY__ 0.03065552174558121	false	1.0
achtlos	neg 1.0		neg 0.4685606496356422 off 0.4665317631399274 __DUMMY__ 0.06490758722443034	false	1.0
ungeheuer	neg 1.0		neg 0.469201642092294 off 0.466395423204003 __DUMMY__ 0.06440293470370285	false	1.0
unaufrichtig	neg 1.0		off 0.4708881840789745 neg 0.46495089062913003 __DUMMY__ 0.0641609252918954	false	0.5
groggy	neg 1.0		off 0.4701967702622029 neg 0.4654703974443713 __DUMMY__ 0.06433283229342583	false	0.5
