unsolidarisch	neg 1.0		__DUMMY__ 0.9206582982526255 neg 0.041554009622746774 off 0.03778769212462771	false	1.0
nachteilig	neg 1.0		__DUMMY__ 0.9255324750733813 neg 0.040376460561831376 off 0.03409106436478722	false	1.0
skeptisch	neg 1.0		__DUMMY__ 0.9257685843347023 neg 0.04043452325321393 off 0.03379689241208383	false	1.0
schrecklich	neg 1.0		__DUMMY__ 0.9189681674225284 off 0.04485603823250367 neg 0.03617579434496788	false	0.5
schlapp	neg 1.0		__DUMMY__ 0.9216163384219203 off 0.041383288599302945 neg 0.03700037297877682	false	0.5
abfall	neg 1.0		__DUMMY__ 0.928559670842335 neg 0.04056551424964732 off 0.03087481490801768	false	1.0
widerspenstig	neg 1.0		__DUMMY__ 0.9239275269107867 neg 0.038691919648121145 off 0.037380553441092215	false	1.0
abrupt	neg 1.0		__DUMMY__ 0.9267337641992157 neg 0.03937731690712656 off 0.03388891889365775	false	1.0
unwirksam	neg 1.0		__DUMMY__ 0.9201725512115159 neg 0.04247168153588746 off 0.0373557672525966	false	1.0
angreifen	neg 1.0		__DUMMY__ 0.9242166799996725 neg 0.041916362663299546 off 0.033866957337028006	false	1.0
inkonsistent	neg 1.0		__DUMMY__ 0.9208795850722339 neg 0.04121588271912459 off 0.03790453220864149	false	1.0
abrutschen	neg 1.0		__DUMMY__ 0.9268529012810601 neg 0.04180600377858393 off 0.031341094940355904	false	1.0
unsicher	neg 1.0		__DUMMY__ 0.9251098126991777 off 0.03747737879184896 neg 0.037412808508973355	false	0.5
bauernkind	off 1.0	off 1.0	off 0.5113135122476317 __DUMMY__ 0.4484183699271971 neg 0.04026811782517124	false	1.0
angreifer	neg 1.0	neg 1.0	neg 0.5040114977897634 __DUMMY__ 0.46053568108987786 off 0.035452821120358816	false	1.0
trennen	neg 1.0		__DUMMY__ 0.927618486804676 neg 0.03915091563440565 off 0.033230597560918396	false	1.0
schmutz	neg 1.0		__DUMMY__ 0.9256516155777617 off 0.03829149072017235 neg 0.03605689370206603	false	0.5
inkonsistenz	neg 1.0		__DUMMY__ 0.9166929729931227 off 0.042104545180948964 neg 0.041202481825928346	false	0.5
erschreckend	neg 1.0		__DUMMY__ 0.9228115313206887 neg 0.040024721913239344 off 0.037163746766071884	false	1.0
ertrinken	neg 1.0		__DUMMY__ 0.9246080019032648 neg 0.041432884655294364 off 0.03395911344144077	false	1.0
pickelface	off 1.0		__DUMMY__ 0.924370108417331 neg 0.03892573419170495 off 0.036704157390964026	false	0.5
seiner			__DUMMY__ 0.9257940845305282 neg 0.040214820393110605 off 0.03399109507636117	false	0.0
lauch	neg 1.0		__DUMMY__ 0.9280270856994738 neg 0.04062000644668793 off 0.031352907853838284	false	1.0
unwichtig	neg 1.0		__DUMMY__ 0.9196596079612375 off 0.041573248830557144 neg 0.038767143208205436	false	0.5
steuerhinterziehung	neg 1.0	neg 1.0	neg 0.5073683306893557 __DUMMY__ 0.4601650276822395 off 0.03246664162840472	false	1.0
schock	neg 1.0		__DUMMY__ 0.923946935106136 neg 0.039279216901008746 off 0.036773847992855276	false	1.0
beule	neg 1.0		__DUMMY__ 0.9194323609354579 off 0.04212325870494456 neg 0.0384443803595975	false	0.5
vergelten	neg 1.0		__DUMMY__ 0.9220352841166304 off 0.04402377362801691 neg 0.03394094225535275	false	0.5
verdorbenheit	neg 1.0		__DUMMY__ 0.9269892155291499 off 0.03743801100586658 neg 0.035572773464983505	false	0.5
trauma	neg 1.0		__DUMMY__ 0.922926011257525 neg 0.038845973336788464 off 0.03822801540568654	false	1.0
sinnlos	neg 1.0		__DUMMY__ 0.9223670403515292 off 0.039355420728525596 neg 0.03827753891994524	false	0.5
fettsack	off 1.0	off 1.0	off 0.5121867892312939 __DUMMY__ 0.45021191820964157 neg 0.03760129255906444	false	1.0
feige	off 1.0	off 1.0	off 0.5083202614504169 __DUMMY__ 0.4547542175709442 neg 0.036925520978638965	false	1.0
abdanken	neg 1.0		__DUMMY__ 0.9229655946509926 neg 0.039677277136155285 off 0.037357128212852066	false	1.0
wichtigtuer	off 1.0	off 1.0	off 0.5064866326653017 __DUMMY__ 0.4572868419556143 neg 0.036226525379083885	false	1.0
misslingen	neg 1.0		__DUMMY__ 0.930116134131086 off 0.03736220953225063 neg 0.03252165633666342	false	0.5
untreu	off 1.0		__DUMMY__ 0.91986260190383 off 0.04186531195570338 neg 0.03827208614046674	false	1.0
missmutig	neg 1.0		__DUMMY__ 0.9214223839469128 off 0.041195795378381125 neg 0.037381820674706065	false	0.5
hurenbock	off 1.0		__DUMMY__ 0.9236603927567665 off 0.038674828447644055 neg 0.037664778795589555	false	1.0
betrunken	neg 1.0		__DUMMY__ 0.9202973065753326 off 0.042835450997814245 neg 0.03686724242685312	false	0.5
korrupt	off 1.0		__DUMMY__ 0.9211192990490626 neg 0.04287785946655398 off 0.036002841484383326	false	0.5
unmut	neg 1.0		__DUMMY__ 0.9277992163076815 neg 0.04070810774229399 off 0.031492675950024536	false	1.0
hackfresse	off 1.0		__DUMMY__ 0.9155708577831505 off 0.0477121666855337 neg 0.036716975531315754	false	1.0
aufblasen	neg 1.0		__DUMMY__ 0.9232177645498669 off 0.03880484084021966 neg 0.03797739460991333	false	0.5
gewaltsam	neg 1.0		__DUMMY__ 0.9244852481549848 neg 0.03921631129680282 off 0.03629844054821239	false	1.0
unbeliebtheit	neg 1.0		__DUMMY__ 0.9179723658505773 neg 0.04108262725652808 off 0.04094500689289461	false	1.0
sturheit	neg 1.0		__DUMMY__ 0.9224706554104785 neg 0.040755242774399264 off 0.03677410181512223	false	1.0
kuh	neg 1.0		__DUMMY__ 0.917755663827501 neg 0.04305899277867263 off 0.03918534339382636	false	1.0
erschrecken	neg 1.0		__DUMMY__ 0.9220489556677175 off 0.040975302526702895 neg 0.03697574180557967	false	0.5
opfer	neg 1.0		__DUMMY__ 0.9251258277454832 neg 0.039957496205451 off 0.03491667604906586	false	1.0
sinken	neg 1.0		__DUMMY__ 0.9272967651352823 neg 0.04093109253534926 off 0.031772142329368445	false	1.0
stinktier	neg 1.0		__DUMMY__ 0.9115868437011696 off 0.045603947736648914 neg 0.04280920856218153	false	0.5
tucke	off 1.0		__DUMMY__ 0.912536013141685 off 0.04854110843776673 neg 0.03892287842054827	false	1.0
ein			__DUMMY__ 0.9231290285263161 neg 0.03874259168584087 off 0.03812837978784301	false	0.0
abstieg	neg 1.0		__DUMMY__ 0.9249903648264571 neg 0.040983293353007134 off 0.03402634182053579	false	1.0
missverstehen	neg 1.0		__DUMMY__ 0.9199959539581761 off 0.04018642583929345 neg 0.039817620202530386	false	0.5
ergebnislos	neg 1.0		__DUMMY__ 0.9267640996709742 neg 0.03944924246009855 off 0.033786657868927324	false	1.0
unter			__DUMMY__ 0.9331816851951686 neg 0.039570129099990525 off 0.027248185704840895	false	0.0
manipulieren	neg 1.0		__DUMMY__ 0.9263156850438835 neg 0.04020278037411704 off 0.03348153458199951	false	1.0
unbewiesen	neg 1.0		__DUMMY__ 0.9198171994861984 neg 0.04236134360240601 off 0.037821456911395546	false	1.0
verschleppen	neg 1.0		__DUMMY__ 0.923790477927548 neg 0.04095895064400648 off 0.03525057142844543	false	1.0
weib	off 1.0		__DUMMY__ 0.9106177936981807 off 0.04846893810319348 neg 0.04091326819862573	false	1.0
opposition	neg 1.0		__DUMMY__ 0.9212018532660117 neg 0.04020616119701625 off 0.03859198553697212	false	1.0
verkehrswidrig	neg 1.0		__DUMMY__ 0.9228858951099642 off 0.044310552214854235 neg 0.03280355267518158	false	0.5
inkorrekt	neg 1.0		__DUMMY__ 0.916593686565933 off 0.044756817493325794 neg 0.038649495940741234	false	0.5
vermeiden	neg 1.0	neg 1.0	neg 0.505595799841094 __DUMMY__ 0.46725566291293485 off 0.027148537245971	false	1.0
abweichung	neg 1.0		__DUMMY__ 0.9257417701776595 neg 0.03958084654890863 off 0.03467738327343189	false	1.0
alkoholisiert	neg 1.0		__DUMMY__ 0.9283229573290935 neg 0.038428798562463305 off 0.03324824410844313	false	1.0
scheiss	off 1.0	off 1.0	off 0.507870699710711 __DUMMY__ 0.45690032579838463 neg 0.03522897449090447	false	1.0
herausforderung	neg 1.0		__DUMMY__ 0.9269279258960837 neg 0.03953295630857574 off 0.03353911779534046	false	1.0
pervers	off 1.0		__DUMMY__ 0.9124533368763351 off 0.050544498399515456 neg 0.03700216472414947	false	1.0
wackelig	neg 1.0		__DUMMY__ 0.9282726940964775 neg 0.03619837701942772 off 0.03552892888409477	false	1.0
verwickeln	neg 1.0		__DUMMY__ 0.920227320077668 neg 0.039992381427280004 off 0.03978029849505196	false	1.0
vorwand	neg 1.0		__DUMMY__ 0.9255598367067344 neg 0.0410190248499074 off 0.03342113844335819	false	1.0
muschi	off 1.0		__DUMMY__ 0.924145916883652 neg 0.03896521336843187 off 0.03688886974791611	false	0.5
entmutigung	neg 1.0		__DUMMY__ 0.9217530299950815 neg 0.03948880331405515 off 0.03875816669086337	false	1.0
unangemessen	neg 1.0		__DUMMY__ 0.9219455249759549 neg 0.04146378833447136 off 0.03659068668957362	false	1.0
unstetig	neg 1.0		__DUMMY__ 0.9233203623921531 off 0.03929777314801352 neg 0.03738186445983344	false	0.5
entmutigen	neg 1.0		__DUMMY__ 0.9228465366864941 neg 0.03886126996980053 off 0.03829219334370547	false	1.0
schwanz	neg 1.0		__DUMMY__ 0.9253977466143986 neg 0.03996436022748423 off 0.034637893158117265	false	1.0
verbot	neg 1.0		__DUMMY__ 0.9235989617344483 neg 0.04079935494528301 off 0.03560168332026862	false	1.0
leid	neg 1.0		__DUMMY__ 0.9164420176188731 off 0.04613319504375748 neg 0.03742478733736939	false	0.5
archaisch	neg 1.0		__DUMMY__ 0.9234132365279359 neg 0.04002566286237737 off 0.036561100609686724	false	1.0
gegen			__DUMMY__ 0.9275599376698712 neg 0.04026317112811573 off 0.03217689120201301	false	0.0
scheidung	neg 1.0		__DUMMY__ 0.9139097659316703 off 0.05414840201120478 neg 0.031941832057124954	false	0.5
einschlag	neg 1.0		__DUMMY__ 0.9191153073830978 off 0.04384612945416502 neg 0.03703856316273729	false	0.5
m			__DUMMY__ 0.9259550880137987 neg 0.03858249969591838 off 0.03546241229028302	false	0.0
abgestanden	neg 1.0		__DUMMY__ 0.9222059995761881 neg 0.040494969034999724 off 0.0372990313888121	false	1.0
schmierig	off 1.0		__DUMMY__ 0.9178396224849827 off 0.045493595408156715 neg 0.0366667821068606	false	1.0
unpraktisch	neg 1.0		__DUMMY__ 0.9234007418216476 off 0.03842468212559654 neg 0.03817457605275586	false	0.5
wixxer	off 1.0		__DUMMY__ 0.910499926017147 off 0.050775235774774226 neg 0.038724838208078836	false	1.0
bezeichnet			__DUMMY__ 0.9208018315384784 neg 0.041318621670997494 off 0.03787954679052414	false	0.0
jammerlappen	off 1.0		__DUMMY__ 0.9214869378417091 off 0.04152595816680539 neg 0.036987103991485464	false	1.0
farce	neg 1.0		__DUMMY__ 0.9220435459568582 neg 0.04160348536165561 off 0.03635296868148609	false	1.0
zwecklos	neg 1.0		__DUMMY__ 0.9225573490953928 neg 0.04119717696852723 off 0.03624547393607993	false	1.0
turbulent	neg 1.0		__DUMMY__ 0.9172689552834148 off 0.04258575828983537 neg 0.04014528642674988	false	0.5
invasion	neg 1.0		__DUMMY__ 0.9221926537501277 off 0.039090928795496034 neg 0.03871641745437626	false	0.5
schuld	neg 1.0		__DUMMY__ 0.9210889689257438 neg 0.040266746694564065 off 0.038644284379692195	false	1.0
risiko	neg 1.0	neg 1.0	neg 0.5033170927634448 __DUMMY__ 0.4619055062858278 off 0.03477740095072738	false	1.0
finster	neg 1.0		__DUMMY__ 0.9213477756505146 neg 0.040530566761595416 off 0.03812165758789	false	1.0
geisteskrank	off 1.0		__DUMMY__ 0.9167326944273718 off 0.043200880149305426 neg 0.04006642542332276	false	1.0
zusammenbrechen	neg 1.0		__DUMMY__ 0.92423916440196 neg 0.03956682263385453 off 0.03619401296418554	false	1.0
ausbeute	neg 1.0		__DUMMY__ 0.9333030164206956 off 0.03402840669410225 neg 0.03266857688520208	false	0.5
hinterhalt	neg 1.0		__DUMMY__ 0.9292349048548709 off 0.03565247529194355 neg 0.035112619853185444	false	0.5
kritik	neg 1.0		__DUMMY__ 0.9217446941373835 neg 0.042012037717157315 off 0.036243268145459265	false	1.0
einschrumpfen	neg 1.0		__DUMMY__ 0.9197145408756018 off 0.04081833808682336 neg 0.039467121037574875	false	0.5
riskant	neg 1.0		__DUMMY__ 0.9242560059937891 neg 0.04144387536455666 off 0.034300118641654234	false	1.0
frustrieren	neg 1.0		__DUMMY__ 0.9244583356257382 neg 0.04055632280734763 off 0.034985341566914144	false	1.0
groll	neg 1.0		__DUMMY__ 0.9226440552693775 neg 0.04148449242986634 off 0.035871452300756015	false	1.0
gibt			__DUMMY__ 0.924818336389277 neg 0.03885048811993442 off 0.03633117549078857	false	0.0
qualvoll	neg 1.0		__DUMMY__ 0.9218421217009143 off 0.03990291388191469 neg 0.03825496441717101	false	0.5
wackeln	neg 1.0		__DUMMY__ 0.9246961658592906 off 0.03807239847860848 neg 0.03723143566210097	false	0.5
klagen	neg 1.0		__DUMMY__ 0.926551047551369 neg 0.0413380662302212 off 0.03211088621840986	false	1.0
bankrott	neg 1.0		__DUMMY__ 0.9227641591963731 off 0.04069935345656767 neg 0.036536487347059166	false	0.5
trauern	neg 1.0		__DUMMY__ 0.9265967057459046 neg 0.03899146103641001 off 0.03441183321768536	false	1.0
ablehnung	neg 1.0		__DUMMY__ 0.9225630693931228 neg 0.04137748296910624 off 0.036059447637771004	false	1.0
stur	neg 1.0		__DUMMY__ 0.9214467219633926 neg 0.03980951811008555 off 0.03874375992652187	false	1.0
aufruhr	neg 1.0		__DUMMY__ 0.9235032353639702 neg 0.039723219543721794 off 0.03677354509230802	false	1.0
melancholie	neg 1.0		__DUMMY__ 0.9248404291793347 neg 0.0405370163896931 off 0.034622554430972105	false	1.0
ist			__DUMMY__ 0.9225528633131534 off 0.039147647504509366 neg 0.038299489182337235	false	0.0
torheit	neg 1.0		__DUMMY__ 0.9228360529791246 neg 0.039197774676346595 off 0.037966172344528766	false	1.0
dreckskind	off 1.0		__DUMMY__ 0.912930940257306 off 0.047103034729404775 neg 0.03996602501328922	false	1.0
umtauschen	neg 1.0		__DUMMY__ 0.9246386650360111 neg 0.03862266745929061 off 0.03673866750469826	false	1.0
zum			__DUMMY__ 0.9332122364030069 neg 0.037079720538183016 off 0.029708043058810037	false	0.0
zersetzen	neg 1.0		__DUMMY__ 0.9242146226138633 neg 0.042139633661736564 off 0.033645743724400094	false	1.0
zur			__DUMMY__ 0.9314021315949337 neg 0.03906183622539346 off 0.02953603217967293	false	0.0
frust	neg 1.0		__DUMMY__ 0.9243635397371921 neg 0.039390932900289076 off 0.03624552736251893	false	1.0
unerbittlichkeit	neg 1.0		__DUMMY__ 0.9251045092019418 neg 0.04133084361383248 off 0.03356464718422572	false	1.0
zwei			__DUMMY__ 0.9321353978086302 neg 0.03727175245717105 off 0.030592849734198752	false	0.0
unkorrekt	neg 1.0		__DUMMY__ 0.9190931002185533 off 0.044176139199724664 neg 0.03673076058172211	false	0.5
hexe	off 1.0		__DUMMY__ 0.916309112094926 neg 0.042239616238286745 off 0.04145127166678721	false	0.5
lasch	neg 1.0		__DUMMY__ 0.9191030869212901 off 0.04095735868823096 neg 0.03993955439047896	false	0.5
rivale	neg 1.0		__DUMMY__ 0.918601839358299 off 0.04321346220961173 neg 0.038184698432089395	false	0.5
mutlos	off 1.0	off 1.0	off 0.5014880953078436 __DUMMY__ 0.4602657221219206 neg 0.0382461825702359	false	1.0
wirr	off 1.0		__DUMMY__ 0.915996808081341 off 0.04483375352367111 neg 0.039169438394987856	false	1.0
jahr			__DUMMY__ 0.9340278933425433 neg 0.03350161514384466 off 0.032470491513611976	false	0.0
wird			__DUMMY__ 0.9246472234926921 neg 0.040059637239260634 off 0.03529313926804722	false	0.0
strafbar	neg 1.0		__DUMMY__ 0.9249560383861188 neg 0.04032901601698985 off 0.03471494559689123	false	1.0
erosion	neg 1.0		__DUMMY__ 0.9253206540570807 neg 0.03737118381045875 off 0.03730816213246052	false	1.0
eingehen	neg 1.0		__DUMMY__ 0.9239877340435363 neg 0.041166057177187895 off 0.0348462087792758	false	1.0
faul	off 1.0		__DUMMY__ 0.9224264642609106 off 0.0405415454683791 neg 0.0370319902707104	false	1.0
provisorium	neg 1.0		__DUMMY__ 0.9350023429872465 neg 0.03743108421326904 off 0.027566572799484476	false	1.0
schmerzen	neg 1.0		__DUMMY__ 0.9226635608688816 neg 0.04111381899787489 off 0.03622262013324356	false	1.0
schrumpfen	neg 1.0		__DUMMY__ 0.9278247487315133 neg 0.04217069637546075 off 0.030004554893025902	false	1.0
geistlos	off 1.0		__DUMMY__ 0.9186595291623836 neg 0.04115284027645429 off 0.04018763056116215	false	0.5
fehlkauf	neg 1.0		__DUMMY__ 0.9224345298846934 off 0.038960414587803756 neg 0.03860505552750272	false	0.5
frustrierend	neg 1.0		__DUMMY__ 0.9215959597639733 off 0.04075713933178934 neg 0.03764690090423732	false	0.5
unzufrieden	neg 1.0		__DUMMY__ 0.9229090687244802 neg 0.041061785657442694 off 0.03602914561807713	false	1.0
verzweifeln	neg 1.0		__DUMMY__ 0.923426709737475 neg 0.039670787513448824 off 0.0369025027490762	false	1.0
verzweifelt	neg 1.0	neg 1.0	neg 0.5076111182352874 __DUMMY__ 0.45714603043345553 off 0.035242851331257125	false	1.0
misstrauensantrag	neg 1.0		__DUMMY__ 0.9224373211967212 off 0.039041194385228864 neg 0.03852148441805001	false	0.5
abfallen	neg 1.0		__DUMMY__ 0.9248310010896877 off 0.037821225676476 neg 0.03734777323383624	false	0.5
fucker	off 1.0		__DUMMY__ 0.9193667377462383 off 0.04395050531564076 neg 0.03668275693812094	false	1.0
ungezogen	neg 1.0		__DUMMY__ 0.9130956305745155 off 0.04977533854419129 neg 0.03712903088129328	false	0.5
irrsinnig	neg 1.0	neg 1.0	neg 0.5067080505203204 __DUMMY__ 0.45806964172188286 off 0.03522230775779671	false	1.0
unfassbar	neg 1.0		__DUMMY__ 0.9207648017270162 off 0.0424454092246618 neg 0.03678978904832198	false	0.5
hart	neg 1.0		__DUMMY__ 0.9198787982749541 off 0.04190157402009246 neg 0.038219627704953435	false	0.5
widerlich	off 1.0		__DUMMY__ 0.9181908402754211 off 0.043039487902815525 neg 0.038769671821763385	false	1.0
fatal	neg 1.0		__DUMMY__ 0.9219655734434815 off 0.03945126669481171 neg 0.03858315986170683	false	0.5
bruch	neg 1.0		__DUMMY__ 0.9267691254271854 neg 0.04078473081941704 off 0.03244614375339751	false	1.0
aushungern	neg 1.0		__DUMMY__ 0.9244052734483839 neg 0.0392489765989609 off 0.03634574995265534	false	1.0
anspannung	neg 1.0		__DUMMY__ 0.9308465121986319 neg 0.039162828619027375 off 0.029990659182340725	false	1.0
von			__DUMMY__ 0.9352971116099036 off 0.03249481702573131 neg 0.0322080713643651	false	0.0
kraftlos	neg 1.0		__DUMMY__ 0.9252343727706852 neg 0.03921335079809698 off 0.035552276431217916	false	1.0
vom			__DUMMY__ 0.9354715916438935 neg 0.036712118316968495 off 0.027816290039138034	false	0.0
grenzdebil	off 1.0		__DUMMY__ 0.9207939044601314 off 0.04259421837523772 neg 0.036611877164630935	false	1.0
vor			__DUMMY__ 0.9283458635244171 neg 0.03892068083531027 off 0.03273345564027276	false	0.0
unterwerfen	neg 1.0		__DUMMY__ 0.9245648533594557 neg 0.04056459505766465 off 0.034870551582879585	false	1.0
versenkung	neg 1.0		__DUMMY__ 0.9266512935663325 neg 0.03832388489440255 off 0.03502482153926489	false	1.0
entziehen	neg 1.0		__DUMMY__ 0.9268157504319334 neg 0.04068320644545019 off 0.03250104312261639	false	1.0
finanzkrise	neg 1.0		__DUMMY__ 0.9208811517311487 neg 0.042383469967246845 off 0.03673537830160453	false	1.0
schimpfend	neg 1.0		__DUMMY__ 0.922383137687473 neg 0.03889132968237138 off 0.038725532630155615	false	1.0
profan	neg 1.0		__DUMMY__ 0.9211694144871556 off 0.03973129244962866 neg 0.039099293063215725	false	0.5
korruption	neg 1.0		__DUMMY__ 0.9232849102296712 neg 0.041404026418648134 off 0.03531106335168067	false	1.0
â			__DUMMY__ 0.926615424843806 neg 0.038376533115475474 off 0.03500804204071856	false	0.0
schmutzig	neg 1.0		__DUMMY__ 0.9206960266776913 off 0.04294949216816212 neg 0.0363544811541465	false	0.5
sexy	neg 1.0		__DUMMY__ 0.9224870834348236 off 0.040408379810240695 neg 0.037104536754935684	false	0.5
abraten	neg 1.0		__DUMMY__ 0.9235505242669036 off 0.03907355712195777 neg 0.03737591861113855	false	0.5
schwarz	neg 1.0		__DUMMY__ 0.9221394598353393 neg 0.039013667705979235 off 0.03884687245868152	false	1.0
fotze	off 1.0	off 1.0	off 0.5024497545092859 __DUMMY__ 0.4619319670714577 neg 0.03561827841925646	false	1.0
verwirren	neg 1.0		__DUMMY__ 0.9213785752765566 off 0.04016055883217556 neg 0.03846086589126789	false	0.5
zahnlos	off 1.0		__DUMMY__ 0.9229529232287391 neg 0.040376250944939567 off 0.036670825826321383	false	0.5
verheeren	neg 1.0		__DUMMY__ 0.9127222110316691 off 0.051059940551743996 neg 0.036217848416586894	false	0.5
hippie	neg 1.0		__DUMMY__ 0.9223284826869433 off 0.04020001080218569 neg 0.037471506510870986	false	0.5
rammen	neg 1.0		__DUMMY__ 0.9189415195392935 neg 0.042761959897168134 off 0.038296520563538376	false	1.0
unlauter	neg 1.0		__DUMMY__ 0.9206067386018495 neg 0.04093148237486053 off 0.03846177902328992	false	1.0
unheilvoll	neg 1.0		__DUMMY__ 0.9222974706109162 neg 0.03905108896687258 off 0.03865144042221127	false	1.0
niedrig	neg 1.0		__DUMMY__ 0.9241312581940043 neg 0.04225599503817118 off 0.03361274676782455	false	1.0
explosion	neg 1.0		__DUMMY__ 0.9222587805988759 off 0.03969782612251931 neg 0.03804339327860489	false	0.5
weichei	off 1.0	off 1.0	off 0.512341927634362 __DUMMY__ 0.4529532543421381 neg 0.034704818023499874	false	1.0
minusmensch	off 1.0		__DUMMY__ 0.9098809874660273 off 0.04935330544714546 neg 0.040765707086827266	false	1.0
farblos	neg 1.0		__DUMMY__ 0.9244613317351545 neg 0.0388745265671377 off 0.0366641416977078	false	1.0
unwissend	neg 1.0	neg 1.0	neg 0.5052766879769784 __DUMMY__ 0.45678670556194984 off 0.03793660646107157	false	1.0
traurig	neg 1.0		__DUMMY__ 0.9198458991328786 off 0.04427612480741789 neg 0.03587797605970355	false	0.5
senkung	neg 1.0		__DUMMY__ 0.9197741956034058 neg 0.04062879559427983 off 0.03959700880231439	false	1.0
ungleich	neg 1.0	neg 1.0	neg 0.5076818670136155 __DUMMY__ 0.4613826455990625 off 0.03093548738732191	false	1.0
heikel	neg 1.0		__DUMMY__ 0.9245827894226968 neg 0.041159458323745374 off 0.034257752253557816	false	1.0
drosselung	neg 1.0		__DUMMY__ 0.9197229410730615 off 0.042345258963016025 neg 0.03793179996392248	false	0.5
falsch	neg 1.0		__DUMMY__ 0.9209774972527324 off 0.040870421266690285 neg 0.038152081480577325	false	0.5
unzufriedenheit	neg 1.0		__DUMMY__ 0.9258471622366846 neg 0.041052464455030094 off 0.033100373308285344	false	1.0
kurz	neg 1.0		__DUMMY__ 0.9271922245435998 neg 0.03672842205769716 off 0.03607935339870294	false	1.0
unsinnig	neg 1.0		__DUMMY__ 0.9227389198022143 neg 0.04049132614956455 off 0.0367697540482211	false	1.0
penner	off 1.0	off 1.0	off 0.513556170269767 __DUMMY__ 0.452255925183073 neg 0.03418790454716002	false	1.0
seicht	neg 1.0		__DUMMY__ 0.9129512706796006 off 0.04971871948426603 neg 0.037330009836133424	false	0.5
dummheit	off 1.0	off 1.0	off 0.5066932595349893 __DUMMY__ 0.4562380518580024 neg 0.03706868860700831	false	1.0
unerfreulich	neg 1.0		__DUMMY__ 0.926425645847509 neg 0.040139586670356636 off 0.033434767482134344	false	1.0
motherfucker	off 1.0	off 1.0	off 0.5096585907013329 __DUMMY__ 0.4560512103352451 neg 0.03429019896342207	false	1.0
pikiert	neg 1.0		__DUMMY__ 0.9183099784653049 off 0.04242241693755876 neg 0.0392676045971363	false	0.5
wrack	neg 1.0		__DUMMY__ 0.9260675491269547 neg 0.03857140440228365 off 0.03536104647076175	false	1.0
gangster	neg 1.0		__DUMMY__ 0.922135254214469 off 0.04019088386780206 neg 0.037673861917728924	false	0.5
krank	neg 1.0		__DUMMY__ 0.9214709039825482 off 0.042377444935009195 neg 0.03615165108244266	false	0.5
reich	neg 1.0		__DUMMY__ 0.9219687440069835 off 0.041547451433122426 neg 0.03648380455989406	false	0.5
gnadenlos	neg 1.0		__DUMMY__ 0.9211693023954269 neg 0.040115313272152724 off 0.038715384332420257	false	1.0
niedergeschlagen	neg 1.0		__DUMMY__ 0.9248893345131483 neg 0.038738743433250046 off 0.03637192205360169	false	1.0
terrorisieren	off 1.0	off 1.0	off 0.5016126269259442 __DUMMY__ 0.4620891220804367 neg 0.036298250993619066	false	1.0
sinnlosigkeit	neg 1.0		__DUMMY__ 0.92340001162188 neg 0.04043953781572692 off 0.03616045056239305	false	1.0
behindern	neg 1.0		__DUMMY__ 0.923905386250592 neg 0.03934917460318067 off 0.036745439146227285	false	1.0
undemokratisch	neg 1.0		__DUMMY__ 0.9222168555273049 neg 0.03915813082584861 off 0.038625013646846465	false	1.0
wirtschaftskrise	neg 1.0		__DUMMY__ 0.9225286521100541 neg 0.04231277563996735 off 0.035158572249978585	false	1.0
neid	neg 1.0		__DUMMY__ 0.92409825888858 off 0.040459615023847546 neg 0.03544212608757252	false	0.5
rutschen	neg 1.0		__DUMMY__ 0.9319737101214038 neg 0.037609299660207804 off 0.030416990218388368	false	1.0
rezession	neg 1.0		__DUMMY__ 0.912623272085947 off 0.04488493728214618 neg 0.04249179063190691	false	0.5
fehlgeburt	neg 1.0		__DUMMY__ 0.9246006174055659 off 0.03866547224682251 neg 0.036733910347611656	false	0.5
charakterschwach	off 1.0		__DUMMY__ 0.91836936491133 off 0.04299696364236222 neg 0.038633671446307714	false	1.0
isolation	neg 1.0		__DUMMY__ 0.9219462168669663 off 0.04034864130501258 neg 0.037705141828021156	false	0.5
ablenkung	neg 1.0		__DUMMY__ 0.9247575835855278 neg 0.03766563029036165 off 0.03757678612411041	false	1.0
pech	neg 1.0		__DUMMY__ 0.9220870940975299 off 0.040108307693283586 neg 0.037804598209186614	false	0.5
vermeidung	neg 1.0		__DUMMY__ 0.9199433466790431 off 0.042473385424692846 neg 0.03758326789626406	false	0.5
dominieren	neg 1.0		__DUMMY__ 0.9247414765603573 neg 0.04078938333995589 off 0.03446914009968684	false	1.0
schwindlig	neg 1.0		__DUMMY__ 0.9240568614268208 off 0.038759590339212516 neg 0.037183548233966836	false	0.5
lutscher	neg 1.0	neg 1.0	neg 0.5036077034366014 __DUMMY__ 0.45111684066078783 off 0.04527545590261078	false	1.0
pflicht	neg 1.0		__DUMMY__ 0.9251962559601107 neg 0.04133358649780207 off 0.03347015754208727	false	1.0
faschist	off 1.0		__DUMMY__ 0.9214455204434795 off 0.04060532308395405 neg 0.03794915647256645	false	1.0
verschleudern	neg 1.0		__DUMMY__ 0.9244812899040391 neg 0.04145065194992692 off 0.034068058146034016	false	1.0
wenn			__DUMMY__ 0.9207701463451691 off 0.04100276186235664 neg 0.038227091792474376	false	0.0
ehebruch	neg 1.0		__DUMMY__ 0.9243625960207668 neg 0.04034842528760977 off 0.03528897869162348	false	1.0
spott	off 1.0		__DUMMY__ 0.9237963155327085 neg 0.041238791140273456 off 0.03496489332701809	false	0.5
trostlosigkeit	neg 1.0		__DUMMY__ 0.9264342647811817 neg 0.04080682758821137 off 0.03275890763060688	false	1.0
lutschen	neg 1.0		__DUMMY__ 0.9194530385704162 off 0.040602100865222854 neg 0.03994486056436108	false	0.5
undiszipliniert	neg 1.0		__DUMMY__ 0.9190112447858261 off 0.043842738415957136 neg 0.037146016798216816	false	0.5
kopfschmerz	neg 1.0		__DUMMY__ 0.9225232725563368 neg 0.042031839356745745 off 0.03544488808691751	false	1.0
unvorhergesehen	neg 1.0		__DUMMY__ 0.9298525908520128 neg 0.036974832611669194 off 0.033172576536318	false	1.0
desinteressiert	neg 1.0	neg 1.0	neg 0.504656427395393 __DUMMY__ 0.45571765805460784 off 0.03962591454999929	false	1.0
armselig	off 1.0		__DUMMY__ 0.916485954205586 off 0.04468423693102925 neg 0.03882980886338479	false	1.0
desaster	neg 1.0		__DUMMY__ 0.9267528327281849 neg 0.041237229634887254 off 0.03200993763692793	false	1.0
tod	neg 1.0		__DUMMY__ 0.9269269324267277 neg 0.038232634562594243 off 0.03484043301067802	false	1.0
herzlos	neg 1.0		__DUMMY__ 0.9179071278755593 off 0.04442335320194363 neg 0.03766951892249709	false	0.5
unwissenheit	neg 1.0		__DUMMY__ 0.9231648552097477 neg 0.04091500348262626 off 0.03592014130762605	false	1.0
widersinnig	neg 1.0		__DUMMY__ 0.9212676919057039 neg 0.04258310432563751 off 0.036149203768658586	false	1.0
bedenklich	neg 1.0		__DUMMY__ 0.923704919465111 neg 0.04108138037582189 off 0.03521370015906706	false	1.0
beanstanden	neg 1.0		__DUMMY__ 0.9260096274896775 neg 0.04090068185135866 off 0.03308969065896379	false	1.0
panisch	neg 1.0	neg 1.0	neg 0.5029381254431661 __DUMMY__ 0.46150921542298134 off 0.035552659133852554	false	1.0
debil	off 1.0		__DUMMY__ 0.9313911429500442 neg 0.040420132259557595 off 0.028188724790398155	false	0.5
abstrich	neg 1.0		__DUMMY__ 0.92926152027252 off 0.03549889664678955 neg 0.03523958308069042	false	0.5
primitiv	neg 1.0		__DUMMY__ 0.9179867218565458 off 0.043232187438535276 neg 0.03878109070491897	false	0.5
abschaum	off 1.0	off 1.0	off 0.5084201159993864 __DUMMY__ 0.45623220260790437 neg 0.03534768139270915	false	1.0
provozieren	neg 1.0		__DUMMY__ 0.9203899544508445 neg 0.041003850825719494 off 0.038606194723436085	false	1.0
tot	neg 1.0		__DUMMY__ 0.9250450685242882 neg 0.039963063048095986 off 0.03499186842761576	false	1.0
instabil	neg 1.0		__DUMMY__ 0.9170475977219018 off 0.04404019667409045 neg 0.03891220560400775	false	0.5
schwuchtel	off 1.0	off 1.0	off 0.5181009526433542 __DUMMY__ 0.447182462871372 neg 0.03471658448527368	false	1.0
zerren	neg 1.0		__DUMMY__ 0.9244244545779511 neg 0.03950640020518889 off 0.036069145216860096	false	1.0
kinderficker	off 1.0		__DUMMY__ 0.917142498609869 off 0.0467560702928408 neg 0.036101431097290325	false	1.0
gefahr	neg 1.0		__DUMMY__ 0.9273518670589078 neg 0.03969234439194759 off 0.03295578854914458	false	1.0
rabiat	neg 1.0		__DUMMY__ 0.9232641765073718 neg 0.038908248901641136 off 0.03782757459098701	false	1.0
verlangsamung	neg 1.0		__DUMMY__ 0.9118817301535046 off 0.048155763335246314 neg 0.03996250651124912	false	0.5
ausgestorben	neg 1.0		__DUMMY__ 0.924214180076832 neg 0.03829774733410098 off 0.037488072589067056	false	1.0
anklagen	neg 1.0		__DUMMY__ 0.92409000537645 neg 0.04052162512907103 off 0.03538836949447891	false	1.0
trott	neg 1.0		__DUMMY__ 0.923916943202628 neg 0.03899705850615065 off 0.03708599829122128	false	1.0
verminderung	neg 1.0		__DUMMY__ 0.9195945053869612 off 0.0427116731133492 neg 0.037693821499689556	false	0.5
nach			__DUMMY__ 0.9330869360545516 neg 0.03729945298105075 off 0.029613610964397685	false	0.0
rost	neg 1.0		__DUMMY__ 0.9163859190984139 off 0.04677023365370859 neg 0.03684384724787758	false	0.5
destruktiv	neg 1.0		__DUMMY__ 0.9221573771799169 neg 0.04021151505856004 off 0.0376311077615231	false	1.0
unzumutbarkeit	neg 1.0		__DUMMY__ 0.9214927978271906 off 0.041802125581109226 neg 0.036705076591700116	false	0.5
labil	off 1.0	off 1.0	off 0.507802814044978 __DUMMY__ 0.45706666655678363 neg 0.03513051939823844	false	1.0
ziemlich	neg 1.0		__DUMMY__ 0.9219079155271325 off 0.04221584839371439 neg 0.0358762360791532	false	0.5
lachnummer	off 1.0		__DUMMY__ 0.9212754364463742 neg 0.04035375975612536 off 0.03837080379750038	false	0.5
oder			__DUMMY__ 0.9244625303640014 off 0.03804784438928048 neg 0.037489625246718124	false	0.0
verfall	neg 1.0		__DUMMY__ 0.9286245324853984 neg 0.041398530609771014 off 0.029976936904830453	false	1.0
ausgrenzung	neg 1.0		__DUMMY__ 0.9218810847608713 off 0.0390893502067255 neg 0.03902956503240327	false	0.5
unordnung	neg 1.0		__DUMMY__ 0.9217614080643368 off 0.04369901847104086 neg 0.034539573464622324	false	0.5
fehlverhalten	neg 1.0		__DUMMY__ 0.9237247451845567 neg 0.04228178615309201 off 0.03399346866235131	false	1.0
eine			__DUMMY__ 0.927996948152528 neg 0.038893044104882674 off 0.03311000774258946	false	0.0
nille	neg 1.0		__DUMMY__ 0.9243732823010228 neg 0.03834087202231482 off 0.03728584567666227	false	1.0
qual	neg 1.0		__DUMMY__ 0.9242443755601648 neg 0.03896091131280756 off 0.03679471312702766	false	1.0
verschwenden	neg 1.0		__DUMMY__ 0.9238929469975742 neg 0.04156715702356087 off 0.03453989597886492	false	1.0
riesig	neg 1.0		__DUMMY__ 0.9265884326160124 neg 0.03892789217921274 off 0.034483675204774876	false	1.0
verurteilen	neg 1.0		__DUMMY__ 0.9218727743236526 neg 0.042147957579477126 off 0.03597926809687025	false	1.0
klischee	neg 1.0	neg 1.0	neg 0.5063913146736656 __DUMMY__ 0.45645708004792407 off 0.03715160527841039	false	1.0
diktatorisch	neg 1.0		__DUMMY__ 0.921563534295048 neg 0.0396137026755687 off 0.03882276302938332	false	1.0
vorhersehbar	neg 1.0		__DUMMY__ 0.9195336660425498 off 0.040443656535424276 neg 0.04002267742202593	false	0.5
sowie			__DUMMY__ 0.9149527417272776 off 0.04612561557574133 neg 0.038921642696981056	false	0.0
stornieren	neg 1.0		__DUMMY__ 0.9274367743312393 off 0.038758667370575935 neg 0.03380455829818474	false	0.5
besteuerung	neg 1.0		__DUMMY__ 0.9198104816506375 neg 0.04225786152173026 off 0.03793165682763222	false	1.0
ungeschminkt	neg 1.0		__DUMMY__ 0.9163382626012971 off 0.042569555219800506 neg 0.041092182178902356	false	0.5
kritisch	neg 1.0		__DUMMY__ 0.9243022395772126 neg 0.040636058003689295 off 0.03506170241909803	false	1.0
schlamperei	off 1.0		__DUMMY__ 0.9264818435847452 neg 0.03959017718417124 off 0.03392797923108357	false	0.5
sucht	neg 1.0	neg 1.0	neg 0.5004985129609015 __DUMMY__ 0.46561753043747817 off 0.033883956601620246	false	1.0
egoistisch	off 1.0		__DUMMY__ 0.9154453392832895 off 0.046805264571701116 neg 0.037749396145009335	false	1.0
ausbeuter	off 1.0		__DUMMY__ 0.9229683139125423 neg 0.043038142260000835 off 0.03399354382745694	false	0.5
arschgeburt	off 1.0		__DUMMY__ 0.9076105713991004 off 0.05323185758187084 neg 0.03915757101902886	false	1.0
schubs	neg 1.0		__DUMMY__ 0.9257000154292624 neg 0.03883040695383805 off 0.03546957761689954	false	1.0
unsolide	neg 1.0		__DUMMY__ 0.9200093125324003 neg 0.040738329161436146 off 0.03925235830616351	false	1.0
beschwerde	neg 1.0		__DUMMY__ 0.9240371750682984 neg 0.04140467416165447 off 0.03455815077004711	false	1.0
stocken	neg 1.0		__DUMMY__ 0.9255552089292534 neg 0.040315763363573745 off 0.03412902770717285	false	1.0
isolieren	neg 1.0		__DUMMY__ 0.9243740835361395 neg 0.0402882738842219 off 0.0353376425796387	false	1.0
unheilbar	neg 1.0		__DUMMY__ 0.9231314586216488 neg 0.03883989792130535 off 0.03802864345704585	false	1.0
pisser	off 1.0		__DUMMY__ 0.9161041686639326 off 0.04423965511137318 neg 0.039656176224694244	false	1.0
löschen	neg 1.0		__DUMMY__ 0.9237665612621694 neg 0.03881033546145711 off 0.037423103276373576	false	1.0
durchfallen	neg 1.0		__DUMMY__ 0.9227973182707748 neg 0.04168809710318661 off 0.035514584626038556	false	1.0
wichser	off 1.0	off 1.0	off 0.5158773874036062 __DUMMY__ 0.4505755302035949 neg 0.033547082392798834	false	1.0
terror	neg 1.0		__DUMMY__ 0.9228155155749559 off 0.03971304625209917 neg 0.03747143817294494	false	0.5
krass	neg 1.0		__DUMMY__ 0.917966148965736 off 0.04462652727547703 neg 0.03740732375878688	false	0.5
revolte	neg 1.0		__DUMMY__ 0.9216821202495766 off 0.03938532666616531 neg 0.038932553084258095	false	0.5
besorgt	neg 1.0		__DUMMY__ 0.9278540151638884 neg 0.036105311429078676 off 0.03604067340703294	false	1.0
nachlassen	neg 1.0		__DUMMY__ 0.9268107090965658 neg 0.0395249030305949 off 0.03366438787283929	false	1.0
alt	neg 1.0		__DUMMY__ 0.9240259680108172 neg 0.04098612545239684 off 0.03498790653678601	false	1.0
hundesohn	off 1.0		__DUMMY__ 0.9116550173941916 off 0.05042526930928263 neg 0.03791971329652576	false	1.0
als			__DUMMY__ 0.9253553185708865 neg 0.038671717617618534 off 0.03597296381149496	false	0.0
abschreckung	neg 1.0		__DUMMY__ 0.925867212958669 neg 0.04114996025460165 off 0.03298282678672931	false	1.0
unqualifiziert	neg 1.0		__DUMMY__ 0.9190175230495925 off 0.041205158869931195 neg 0.03977731808047628	false	0.5
abgewichst	off 1.0		__DUMMY__ 0.9254815273987175 neg 0.037938872878192184 off 0.03657959972309038	false	0.5
schwer	neg 1.0		__DUMMY__ 0.9229322672804489 neg 0.039800917080017595 off 0.037266815639533504	false	1.0
bedeutungslosigkeit	neg 1.0		__DUMMY__ 0.9251994930091605 neg 0.04098410305021869 off 0.03381640394062081	false	1.0
kapitulation	neg 1.0		__DUMMY__ 0.9250116102755863 neg 0.04018727685625904 off 0.03480111286815463	false	1.0
unscharf	neg 1.0		__DUMMY__ 0.9209820385273736 neg 0.04002599510553053 off 0.038991966367095926	false	1.0
schwinden	neg 1.0		__DUMMY__ 0.9251693162160801 neg 0.04136174727292427 off 0.033468936510995646	false	1.0
versklavung	neg 1.0		__DUMMY__ 0.9223027977052861 neg 0.03933922522629939 off 0.03835797706841447	false	1.0
schlecht	neg 1.0		__DUMMY__ 0.9215556103232139 off 0.04243715012815412 neg 0.03600723954863202	false	0.5
verhasst	neg 1.0		__DUMMY__ 0.9191425095762267 neg 0.04176281191040381 off 0.03909467851336951	false	1.0
beschweren	neg 1.0		__DUMMY__ 0.9222663691406835 off 0.03930407364695769 neg 0.038429557212358766	false	0.5
scheiden	neg 1.0		__DUMMY__ 0.9259556929621836 neg 0.03706370561743989 off 0.03698060142037642	false	1.0
frustriert	neg 1.0		__DUMMY__ 0.9227014384345232 neg 0.04064475709387485 off 0.036653804471601964	false	1.0
schimmelig	neg 1.0		__DUMMY__ 0.9215255163253594 neg 0.04373637398432749 off 0.03473810969031317	false	1.0
fisch	neg 1.0		__DUMMY__ 0.9248544791204497 neg 0.042873312405130586 off 0.03227220847441961	false	1.0
schmuggel	neg 1.0		__DUMMY__ 0.9255499286325084 neg 0.04043320046391594 off 0.03401687090357567	false	1.0
auffallen	neg 1.0		__DUMMY__ 0.9220320221668628 off 0.03988043393992463 neg 0.03808754389321261	false	0.5
konkurrenz	neg 1.0		__DUMMY__ 0.9259649728373051 neg 0.041320240436512605 off 0.03271478672618236	false	1.0
teufelskreis	neg 1.0	neg 1.0	neg 0.5079576535052348 __DUMMY__ 0.4578574887729545 off 0.034184857721810576	false	1.0
aufschreien	neg 1.0		__DUMMY__ 0.9203366403046483 off 0.04002799300008322 neg 0.03963536669526848	false	0.5
schuldner	neg 1.0		__DUMMY__ 0.9234422849849571 neg 0.04326999491725627 off 0.03328772009778668	false	1.0
missgeburt	off 1.0	off 1.0	off 0.5130623618340643 __DUMMY__ 0.45111351868586425 neg 0.03582411948007141	false	1.0
arbeitslos	neg 1.0		__DUMMY__ 0.9228249785621272 neg 0.04128635449021789 off 0.03588866694765485	false	1.0
befallen	neg 1.0		__DUMMY__ 0.92136251869735 neg 0.0421809030353832 off 0.03645657826726676	false	1.0
miesepetrig	off 1.0	off 1.0	off 0.50787280113817 __DUMMY__ 0.45817206380311404 neg 0.033955135058715974	false	1.0
alarmieren	neg 1.0		__DUMMY__ 0.9188550480046623 off 0.04146770110462523 neg 0.03967725089071245	false	0.5
ungeduscht	off 1.0		__DUMMY__ 0.9193415176549397 off 0.04049261850654941 neg 0.04016586383851093	false	1.0
knappheit	neg 1.0		__DUMMY__ 0.9216650623459044 neg 0.04301657651892048 off 0.035318361135175155	false	1.0
schlange	neg 1.0		__DUMMY__ 0.9256263056337054 off 0.038566858093487734 neg 0.03580683627280689	false	0.5
harsch	neg 1.0		__DUMMY__ 0.9192637274585718 off 0.04561810140268692 neg 0.0351181711387414	false	0.5
lang	neg 1.0		__DUMMY__ 0.9237052298461824 neg 0.03817966669239183 off 0.038115103461425784	false	1.0
ziellos	neg 1.0		__DUMMY__ 0.9264749914006605 neg 0.03854549166006295 off 0.0349795169392766	false	1.0
selbstverliebt	neg 1.0		__DUMMY__ 0.910915771259432 off 0.05111833907602781 neg 0.03796588966454008	false	0.5
beseitigen	neg 1.0		__DUMMY__ 0.9245498281065313 neg 0.03921819040739444 off 0.03623198148607428	false	1.0
dumm	off 1.0		__DUMMY__ 0.9160232191205752 off 0.047211888827252795 neg 0.03676489205217202	false	1.0
arbeitsloser	neg 1.0		__DUMMY__ 0.9257546105488963 neg 0.03833989349267014 off 0.03590549595843354	false	1.0
blitzen	neg 1.0		__DUMMY__ 0.9225486936120103 off 0.040121218603777445 neg 0.03733008778421235	false	0.5
hilflos	neg 1.0		__DUMMY__ 0.9230916498782263 neg 0.040710767213903036 off 0.036197582907870625	false	1.0
eklig	off 1.0		__DUMMY__ 0.9130816013604701 off 0.04770798732228492 neg 0.03921041131724505	false	1.0
begriff			__DUMMY__ 0.9238207015087666 neg 0.03898664031595884 off 0.037192658175274534	false	0.0
hungersnot	neg 1.0		__DUMMY__ 0.9242361458214338 neg 0.04014732897654313 off 0.03561652520202301	false	1.0
ungesetzlich	neg 1.0		__DUMMY__ 0.919932837908216 neg 0.04128633041386507 off 0.03878083167791899	false	1.0
verschwendung	neg 1.0		__DUMMY__ 0.9250277449264365 neg 0.04073343735441495 off 0.03423881771914858	false	1.0
schmerzvoll	neg 1.0		__DUMMY__ 0.9217881385651014 neg 0.03923210299091124 off 0.03897975844398731	false	1.0
vorzeitig	neg 1.0		__DUMMY__ 0.920843831890836 off 0.039725594346399384 neg 0.03943057376276461	false	0.5
unvollkommenheit	neg 1.0		__DUMMY__ 0.9286429233624106 neg 0.03646835331692517 off 0.034888723320664304	false	1.0
intervenieren	neg 1.0		__DUMMY__ 0.9241868109979808 neg 0.0415219303627891 off 0.03429125863923003	false	1.0
banause	off 1.0		__DUMMY__ 0.9105026034097674 off 0.049840674851093614 neg 0.039656721739139006	false	1.0
rebell	neg 1.0		__DUMMY__ 0.9276460602660804 neg 0.04155725552280796 off 0.030796684211111654	false	1.0
unlogisch	neg 1.0		__DUMMY__ 0.9174621342304794 off 0.04431801041157903 neg 0.038219855357941646	false	0.5
leiden	neg 1.0		__DUMMY__ 0.9283846965119565 neg 0.0388149882943913 off 0.032800315193652084	false	1.0
abschaffung	neg 1.0		__DUMMY__ 0.9231631852566853 neg 0.03898112329780482 off 0.03785569144550994	false	1.0
sturz	neg 1.0		__DUMMY__ 0.9247594935123662 neg 0.037704659856405275 off 0.037535846631228525	false	1.0
verkleinerung	neg 1.0		__DUMMY__ 0.9195542077059902 neg 0.04029229659327095 off 0.040153495700738895	false	1.0
schmarotzer	off 1.0		__DUMMY__ 0.9219037738194029 neg 0.0415217537832597 off 0.03657447239733737	false	0.5
bestrafung	neg 1.0		__DUMMY__ 0.9224538300015309 neg 0.0389983621754355 off 0.03854780782303356	false	1.0
achtlos	neg 1.0	neg 1.0	neg 0.5055076016715883 __DUMMY__ 0.46083232352981335 off 0.03366007479859843	false	1.0
ungeheuer	neg 1.0		__DUMMY__ 0.9227568034441607 off 0.03934496952502152 neg 0.0378982270308177	false	0.5
