unsolidarisch	neg 1.0		neg 0.5120816283339338 off 0.481007026661704 __DUMMY__ 0.006911345004362233	false	1.0
nachteilig	neg 1.0		neg 0.5142314305481999 off 0.4787929649601325 __DUMMY__ 0.006975604491667632	false	1.0
skeptisch	neg 1.0		neg 0.5145771897428775 off 0.4784389520422079 __DUMMY__ 0.0069838582149146415	false	1.0
schrecklich	neg 1.0		neg 0.49959125293862916 off 0.49352599406295694 __DUMMY__ 0.006882752998413969	false	1.0
schlapp	neg 1.0		neg 0.5032473608571445 off 0.489835609971022 __DUMMY__ 0.006917029171833397	false	1.0
abfall	neg 1.0		neg 0.517501723367705 off 0.4754780520035714 __DUMMY__ 0.007020224628723624	false	1.0
widerspenstig	neg 1.0		neg 0.5088853081352724 off 0.48416353149935726 __DUMMY__ 0.006951160365370283	false	1.0
abrupt	neg 1.0		neg 0.5130146432085474 off 0.47999507837097966 __DUMMY__ 0.0069902784204729385	false	1.0
unwirksam	neg 1.0		neg 0.5125007180072366 off 0.4805983756480191 __DUMMY__ 0.006900906344744252	false	1.0
angreifen	neg 1.0		neg 0.5158908887940717 off 0.47714403482914836 __DUMMY__ 0.006965076376779995	false	1.0
inkonsistent	neg 1.0		neg 0.510440158014056 off 0.48265229923317204 __DUMMY__ 0.006907542752772116	false	1.0
abrutschen	neg 1.0		neg 0.5180363854705234 off 0.474963957589719 __DUMMY__ 0.006999656939757521	false	1.0
unsicher	neg 1.0		neg 0.5081558253521857 off 0.4848707595182623 __DUMMY__ 0.0069734151295520195	false	1.0
bauernkind	off 1.0	off 1.0	off 0.728692462762678 neg 0.26810099344038096 __DUMMY__ 0.003206543796941025	false	1.0
angreifer	neg 1.0	neg 1.0	neg 0.7389431642496073 off 0.25775052647405944 __DUMMY__ 0.0033063092763333146	false	1.0
trennen	neg 1.0		neg 0.5135672141045486 off 0.47942387236452183 __DUMMY__ 0.007008913530929515	false	1.0
schmutz	neg 1.0		neg 0.5060385808531294 off 0.48699257813156444 __DUMMY__ 0.006968841015306208	false	1.0
inkonsistenz	neg 1.0		neg 0.5071637430894198 off 0.4859808890776034 __DUMMY__ 0.006855367832976749	false	1.0
erschreckend	neg 1.0		neg 0.5109230060349788 off 0.48213295996033606 __DUMMY__ 0.006944034004685118	false	1.0
ertrinken	neg 1.0		neg 0.5150510433188517 off 0.4779811095258342 __DUMMY__ 0.0069678471553141184	false	1.0
pickelface	off 1.0		neg 0.5102855758758291 off 0.48275519064794525 __DUMMY__ 0.006959233476225644	false	0.5
seiner			neg 0.5140750311443467 off 0.47894001370733763 __DUMMY__ 0.006984955148315681	false	0.0
lauch	neg 1.0		neg 0.5166848435189944 off 0.4763052864503101 __DUMMY__ 0.007009870030695548	false	1.0
unwichtig	neg 1.0		neg 0.5052873771817207 off 0.4878161855130873 __DUMMY__ 0.006896437305191958	false	1.0
steuerhinterziehung	neg 1.0	neg 1.0	neg 0.7424288340320684 off 0.2542680212161122 __DUMMY__ 0.003303144751819459	false	1.0
schock	neg 1.0		neg 0.5102973676240015 off 0.4827442789232926 __DUMMY__ 0.006958353452706078	false	1.0
beule	neg 1.0		neg 0.5037461638204747 off 0.4893684681349858 __DUMMY__ 0.006885368044539588	false	1.0
vergelten	neg 1.0		neg 0.4991943659711037 off 0.4938846198955012 __DUMMY__ 0.006921014133395181	false	1.0
verdorbenheit	neg 1.0		neg 0.5059256937460831 off 0.4870832475980478 __DUMMY__ 0.006991058655869139	false	1.0
trauma	neg 1.0		neg 0.5085347573544685 off 0.48452281407525866 __DUMMY__ 0.00694242857027281	false	1.0
sinnlos	neg 1.0		neg 0.5070606686202523 off 0.48600446201668906 __DUMMY__ 0.006934869363058745	false	1.0
fettsack	off 1.0	off 1.0	off 0.7303588022438182 neg 0.26641982584661994 __DUMMY__ 0.0032213719095616905	false	1.0
feige	off 1.0	off 1.0	off 0.7281127213823511 neg 0.2686264490135194 __DUMMY__ 0.0032608296041295843	false	1.0
abdanken	neg 1.0		neg 0.5110407339322257 off 0.4820163563005143 __DUMMY__ 0.006942909767260103	false	1.0
wichtigtuer	off 1.0	off 1.0	off 0.7273701494990459 neg 0.269348382293001 __DUMMY__ 0.003281468207953117	false	1.0
misslingen	neg 1.0		neg 0.5039309702603849 off 0.4890407543643351 __DUMMY__ 0.0070282753752800116	false	1.0
untreu	off 1.0		neg 0.5044133385257752 off 0.4886881121046237 __DUMMY__ 0.0068985493696009925	false	0.5
missmutig	neg 1.0		neg 0.504277815671981 off 0.488804231913956 __DUMMY__ 0.006917952414062878	false	1.0
hurenbock	off 1.0		neg 0.5068526810884201 off 0.4862026696666427 __DUMMY__ 0.00694464924493714	false	0.5
betrunken	neg 1.0		neg 0.5018620609254966 off 0.49123859095005956 __DUMMY__ 0.00689934812444376	false	1.0
korrupt	off 1.0		neg 0.5149479301383996 off 0.4781332475724444 __DUMMY__ 0.006918822289156098	false	0.5
unmut	neg 1.0		neg 0.5172566360974937 off 0.4757324615672788 __DUMMY__ 0.007010902335227458	false	1.0
hackfresse	off 1.0		neg 0.49719745264115073 off 0.49596839663519804 __DUMMY__ 0.006834150723651154	false	0.5
aufblasen	neg 1.0		neg 0.5070218440490908 off 0.4860339351744596 __DUMMY__ 0.006944220776449531	false	1.0
gewaltsam	neg 1.0		neg 0.5110179913092617 off 0.4820211084368797 __DUMMY__ 0.006960900253858509	false	1.0
unbeliebtheit	neg 1.0		neg 0.5082522220918986 off 0.48487765134678096 __DUMMY__ 0.00687012656132056	false	1.0
sturheit	neg 1.0		neg 0.5122384830903254 off 0.4808234298972534 __DUMMY__ 0.006938087012421167	false	1.0
kuh	neg 1.0		neg 0.5106869670276541 off 0.48244992899467987 __DUMMY__ 0.006863103977666079	false	1.0
erschrecken	neg 1.0		neg 0.5041935095168202 off 0.4888784611607189 __DUMMY__ 0.006928029322460857	false	1.0
opfer	neg 1.0		neg 0.5131785033903947 off 0.4798474162686765 __DUMMY__ 0.006974080340928771	false	1.0
sinken	neg 1.0		neg 0.5169478915550527 off 0.47605140311057426 __DUMMY__ 0.00700070533437314	false	1.0
stinktier	neg 1.0		neg 0.5045025368384595 off 0.4887152822093766 __DUMMY__ 0.006782180952163914	false	1.0
tucke	off 1.0		neg 0.49814590794469893 off 0.49506400692196983 __DUMMY__ 0.006790085133331191	false	0.5
ein			neg 0.5081327644165156 off 0.484924004800795 __DUMMY__ 0.0069432307826894375	false	0.0
abstieg	neg 1.0		neg 0.5149876462962133 off 0.4780420715133731 __DUMMY__ 0.0069702821904136306	false	1.0
missverstehen	neg 1.0		neg 0.5077216890350692 off 0.485375559677495 __DUMMY__ 0.0069027512874358194	false	1.0
ergebnislos	neg 1.0		neg 0.5139703076190403 off 0.47903577031613975 __DUMMY__ 0.006993922064819947	false	1.0
unter			neg 0.5197426593252923 off 0.47317314866398824 __DUMMY__ 0.0070841920107194934	false	0.0
manipulieren	neg 1.0		neg 0.5149325859991493 off 0.4780788948677872 __DUMMY__ 0.006988519133063453	false	1.0
unbewiesen	neg 1.0		neg 0.5127928224789102 off 0.4803071025599569 __DUMMY__ 0.0069000749611328495	false	1.0
verschleppen	neg 1.0		neg 0.5140259250364559 off 0.47902114003834834 __DUMMY__ 0.006952934925195855	false	1.0
weib	off 1.0		neg 0.5001282382970883 off 0.4931030357699213 __DUMMY__ 0.006768725932990456	false	0.5
opposition	neg 1.0		neg 0.5091089502277029 off 0.4839756208484305 __DUMMY__ 0.0069154289238666615	false	1.0
verkehrswidrig	neg 1.0		neg 0.49696147150933007 off 0.4961088503673001 __DUMMY__ 0.0069296781233698125	false	1.0
inkorrekt	neg 1.0		neg 0.5025428048545889 off 0.4906044732197684 __DUMMY__ 0.006852721925642757	false	1.0
vermeiden	neg 1.0	neg 1.0	neg 0.7442592850242029 off 0.25238168383809156 __DUMMY__ 0.0033590311377055533	false	1.0
abweichung	neg 1.0		neg 0.5130281528155776 off 0.4799951485171015 __DUMMY__ 0.0069766986673209	false	1.0
alkoholisiert	neg 1.0		neg 0.5122673764710858 off 0.4807258277067801 __DUMMY__ 0.007006795822133995	false	1.0
scheiss	off 1.0	off 1.0	off 0.7293580205285451 neg 0.26736932878258113 __DUMMY__ 0.003272650688873749	false	1.0
herausforderung	neg 1.0		neg 0.5138789796141313 off 0.47912558595628735 __DUMMY__ 0.0069954344295813245	false	1.0
pervers	off 1.0		off 0.4984092148777677 neg 0.49479975276172977 __DUMMY__ 0.006791032360502593	false	1.0
wackelig	neg 1.0		neg 0.5084933569199126 off 0.484494204885337 __DUMMY__ 0.00701243819475017	false	1.0
verwickeln	neg 1.0		neg 0.5083132532010562 off 0.4847801173257845 __DUMMY__ 0.006906629473159167	false	1.0
vorwand	neg 1.0		neg 0.5155525793747779 off 0.47746666578366787 __DUMMY__ 0.006980754841554241	false	1.0
muschi	off 1.0		neg 0.5101744872692492 off 0.4828675803980813 __DUMMY__ 0.006957932332669579	false	0.5
entmutigung	neg 1.0		neg 0.5094265158552767 off 0.4836501750227548 __DUMMY__ 0.0069233091219684535	false	1.0
unangemessen	neg 1.0		neg 0.51289679856501 off 0.4801717139962659 __DUMMY__ 0.006931487438724051	false	1.0
unstetig	neg 1.0		neg 0.5059941961654241 off 0.48706726211778495 __DUMMY__ 0.0069385417167908865	false	1.0
entmutigen	neg 1.0		neg 0.5086039065291776 off 0.48445617121668844 __DUMMY__ 0.006939922254133966	false	1.0
schwanz	neg 1.0		neg 0.5128942308561844 off 0.48013369327772826 __DUMMY__ 0.006972075866087431	false	1.0
verbot	neg 1.0		neg 0.5136415769930343 off 0.4794071676447345 __DUMMY__ 0.006951255362231188	false	1.0
leid	neg 1.0		neg 0.4992989929461708 off 0.49385393997579935 __DUMMY__ 0.0068470670780298925	false	1.0
archaisch	neg 1.0		neg 0.5114780159349062 off 0.4815730295243153 __DUMMY__ 0.006948954540778498	false	1.0
gegen			neg 0.5164344113800002 off 0.47655684551218863 __DUMMY__ 0.007008743107811058	false	0.0
scheidung	neg 1.0		off 0.5053398316770088 neg 0.4878504612239137 __DUMMY__ 0.006809707099077509	false	0.5
einschlag	neg 1.0		neg 0.501439049774398 off 0.49167748164427916 __DUMMY__ 0.006883468581322737	false	1.0
m			neg 0.5108081812978414 off 0.4822079577077367 __DUMMY__ 0.006983860994421933	false	0.0
abgestanden	neg 1.0		neg 0.5097788706619308 off 0.4832989025716797 __DUMMY__ 0.00692222676638954	false	1.0
schmierig	off 1.0		neg 0.49932212946063437 off 0.49381212311777933 __DUMMY__ 0.0068657474215864205	false	0.5
unpraktisch	neg 1.0		neg 0.5072563472398588 off 0.4857989965377051 __DUMMY__ 0.006944656222436006	false	1.0
wixxer	off 1.0		off 0.49719302312319036 neg 0.49604125324624626 __DUMMY__ 0.006765723630563459	false	1.0
bezeichnet			neg 0.5113812306850106 off 0.48170319364146935 __DUMMY__ 0.0069155756735199145	false	0.0
jammerlappen	off 1.0		neg 0.503815990825975 off 0.48926331906671033 __DUMMY__ 0.006920690107314567	false	0.5
farce	neg 1.0		neg 0.5134804215105687 off 0.4795903335078741 __DUMMY__ 0.006929244981557052	false	1.0
zwecklos	neg 1.0		neg 0.5128774329853152 off 0.4801818096582429 __DUMMY__ 0.006940757356441828	false	1.0
turbulent	neg 1.0		neg 0.5053501417232455 off 0.4877922765887011 __DUMMY__ 0.006857581688053406	false	1.0
invasion	neg 1.0		neg 0.5075096433341819 off 0.4855588400578255 __DUMMY__ 0.006931516607992659	false	1.0
schuld	neg 1.0		neg 0.5096133099906959 off 0.4834671670476753 __DUMMY__ 0.006919522961628844	false	1.0
risiko	neg 1.0	neg 1.0	neg 0.7389778920428928 off 0.25770744250005506 __DUMMY__ 0.0033146654570521896	false	1.0
finster	neg 1.0		neg 0.509236271944424 off 0.4838492242311047 __DUMMY__ 0.006914503824471382	false	1.0
geisteskrank	off 1.0		neg 0.5049662831972255 off 0.488177072231041 __DUMMY__ 0.006856644571733643	false	0.5
zusammenbrechen	neg 1.0		neg 0.5113299020913694 off 0.48170683756128974 __DUMMY__ 0.006963260347340909	false	1.0
ausbeute	neg 1.0		neg 0.5067879010611607 off 0.48613664340205937 __DUMMY__ 0.00707545553678001	false	1.0
hinterhalt	neg 1.0		neg 0.5077983859886085 off 0.48518360842400965 __DUMMY__ 0.0070180055873819685	false	1.0
kritik	neg 1.0		neg 0.5139773120975142 off 0.4790966838604587 __DUMMY__ 0.006926004042027221	false	1.0
einschrumpfen	neg 1.0		neg 0.5067191718912277 off 0.48638556226367224 __DUMMY__ 0.006895265845099936	false	1.0
riskant	neg 1.0		neg 0.514905014270518 off 0.47813037865172153 __DUMMY__ 0.006964607077760365	false	1.0
frustrieren	neg 1.0		neg 0.5134735577200971 off 0.4795599246871264 __DUMMY__ 0.006966517592776615	false	1.0
groll	neg 1.0		neg 0.5135701706239253 off 0.4794891606684695 __DUMMY__ 0.006940668707605113	false	1.0
gibt			neg 0.5106932325109297 off 0.48233456347017023 __DUMMY__ 0.006972204018899998	false	0.0
qualvoll	neg 1.0		neg 0.506263199036854 off 0.4868120814588264 __DUMMY__ 0.006924719504319671	false	1.0
wackeln	neg 1.0		neg 0.5071967092294047 off 0.48583749762309697 __DUMMY__ 0.006965793147498204	false	1.0
klagen	neg 1.0		neg 0.5172952446850211 off 0.4757127573913129 __DUMMY__ 0.006991997923666054	false	1.0
bankrott	neg 1.0		neg 0.5037183070591454 off 0.48934513006617625 __DUMMY__ 0.006936562874678326	false	1.0
trauern	neg 1.0		neg 0.5127979118070766 off 0.4802106246291834 __DUMMY__ 0.006991463563740017	false	1.0
ablehnung	neg 1.0		neg 0.5136797573012436 off 0.47938312576883957 __DUMMY__ 0.00693711692991691	false	1.0
stur	neg 1.0		neg 0.5090742417294519 off 0.4840023066615369 __DUMMY__ 0.006923451609011135	false	1.0
aufruhr	neg 1.0		neg 0.5112553083981466 off 0.4817963501366082 __DUMMY__ 0.006948341465245015	false	1.0
melancholie	neg 1.0		neg 0.5129726844620196 off 0.4800628992084449 __DUMMY__ 0.006964416329535522	false	1.0
ist			neg 0.5072015615033876 off 0.4858603908613233 __DUMMY__ 0.006938047635289084	false	0.0
torheit	neg 1.0		neg 0.509682738726292 off 0.4833788507273926 __DUMMY__ 0.006938410546315409	false	1.0
dreckskind	off 1.0		neg 0.5007335426144238 off 0.49246563940493526 __DUMMY__ 0.006800817980641096	false	0.5
umtauschen	neg 1.0		neg 0.5089737579766892 off 0.4840655070986464 __DUMMY__ 0.0069607349246643595	false	1.0
zum			neg 0.5150137691003233 off 0.47790317666357296 __DUMMY__ 0.007083054236103916	false	0.0
zersetzen	neg 1.0		neg 0.516272614815914 off 0.4767655737614745 __DUMMY__ 0.0069618114226115265	false	1.0
zur			neg 0.5174907848984435 off 0.47545023770259875 __DUMMY__ 0.0070589773989578235	false	0.0
frust	neg 1.0		neg 0.5112467816823115 off 0.48178742131302627 __DUMMY__ 0.006965797004662328	false	1.0
unerbittlichkeit	neg 1.0		neg 0.5156620122559529 off 0.47736491643431284 __DUMMY__ 0.006973071309734269	false	1.0
zwei			neg 0.514241008276021 off 0.47869031970594367 __DUMMY__ 0.007068672018035212	false	0.0
unkorrekt	neg 1.0		neg 0.501176155858844 off 0.4919409714751478 __DUMMY__ 0.006882872666008247	false	1.0
hexe	off 1.0		neg 0.5077869720421022 off 0.4853675960969873 __DUMMY__ 0.006845431860910488	false	0.5
lasch	neg 1.0		neg 0.5071443297009484 off 0.4859660144940642 __DUMMY__ 0.006889655804987613	false	1.0
rivale	neg 1.0		neg 0.5029290394128546 off 0.49019456897864044 __DUMMY__ 0.006876391608505026	false	1.0
mutlos	off 1.0	off 1.0	off 0.7233092548325656 neg 0.27338479890045403 __DUMMY__ 0.0033059462669804626	false	1.0
wirr	off 1.0		neg 0.5024024197189749 off 0.4907546109625534 __DUMMY__ 0.006842969318471773	false	0.5
jahr			neg 0.509215423854443 off 0.48369436815562755 __DUMMY__ 0.007090207989929516	false	0.0
wird			neg 0.5125247066755227 off 0.4805064819898676 __DUMMY__ 0.006968811334609648	false	0.0
strafbar	neg 1.0		neg 0.5138890288936961 off 0.4791403769968763 __DUMMY__ 0.00697059410942764	false	1.0
erosion	neg 1.0		neg 0.5079141431449049 off 0.48511244921612073 __DUMMY__ 0.0069734076389745036	false	1.0
eingehen	neg 1.0		neg 0.5141738599824193 off 0.47886535863366864 __DUMMY__ 0.0069607813839119735	false	1.0
faul	off 1.0		neg 0.5041728188451676 off 0.48889885292375607 __DUMMY__ 0.00692832823107636	false	0.5
provisorium	neg 1.0		neg 0.5174855089840058 off 0.4754080086845287 __DUMMY__ 0.0071064823314656005	false	1.0
schmerzen	neg 1.0		neg 0.5116604245551892 off 0.4814062271730753 __DUMMY__ 0.006933348271735479	false	1.0
schrumpfen	neg 1.0		neg 0.5198880841108519 off 0.4731015665577838 __DUMMY__ 0.007010349331364354	false	1.0
geistlos	off 1.0		neg 0.509264218143814 off 0.4838520887052486 __DUMMY__ 0.006883693150937527	false	0.5
fehlkauf	neg 1.0		neg 0.5077332902878732 off 0.4853335497352346 __DUMMY__ 0.0069331599768921405	false	1.0
frustrierend	neg 1.0		neg 0.5050531664935848 off 0.4880232130682035 __DUMMY__ 0.006923620438211741	false	1.0
unzufrieden	neg 1.0		neg 0.5129752526100365 off 0.48007832465661765 __DUMMY__ 0.00694642273334588	false	1.0
verzweifeln	neg 1.0		neg 0.5107143708269979 off 0.48233362996654033 __DUMMY__ 0.006951999206461876	false	1.0
verzweifelt	neg 1.0	neg 1.0	neg 0.7406346182675249 off 0.2560838171736438 __DUMMY__ 0.0032815645588313946	false	1.0
misstrauensantrag	neg 1.0		neg 0.5071795305791987 off 0.48588855823677257 __DUMMY__ 0.0069319111840286975	false	1.0
abfallen	neg 1.0		neg 0.5071522090239255 off 0.48588430583808134 __DUMMY__ 0.006963485137993046	false	1.0
fucker	off 1.0		neg 0.5012914572520408 off 0.49181494528454367 __DUMMY__ 0.006893597463415583	false	0.5
ungezogen	neg 1.0		off 0.49761131190034 neg 0.4955885101996139 __DUMMY__ 0.006800177900046013	false	0.5
irrsinnig	neg 1.0	neg 1.0	neg 0.7402321360226811 off 0.2564792509404619 __DUMMY__ 0.003288613036857021	false	1.0
unfassbar	neg 1.0		neg 0.502634936378411 off 0.49045409205691665 __DUMMY__ 0.006910971564672405	false	1.0
hart	neg 1.0		neg 0.5043588071100913 off 0.4887490904366502 __DUMMY__ 0.006892102453258425	false	1.0
widerlich	off 1.0		neg 0.5038509982141205 off 0.4892741899949066 __DUMMY__ 0.0068748117909728955	false	0.5
fatal	neg 1.0		neg 0.5072215305087732 off 0.48584878411186627 __DUMMY__ 0.006929685379360403	false	1.0
bruch	neg 1.0		neg 0.5165827685290945 off 0.47642179369565224 __DUMMY__ 0.006995437775253292	false	1.0
aushungern	neg 1.0		neg 0.5117849022899253 off 0.48125368071185887 __DUMMY__ 0.006961416998215863	false	1.0
anspannung	neg 1.0		neg 0.5169633652951966 off 0.47598497304757575 __DUMMY__ 0.007051661657227685	false	1.0
von			neg 0.5083687688032759 off 0.4845263929844569 __DUMMY__ 0.007104838212267242	false	0.0
kraftlos	neg 1.0		neg 0.511422060493318 off 0.48160416096269126 __DUMMY__ 0.00697377854399075	false	1.0
vom			neg 0.5164189345820117 off 0.476468345713779 __DUMMY__ 0.007112719704209246	false	0.0
grenzdebil	off 1.0		neg 0.5022486184861882 off 0.4908427102981626 __DUMMY__ 0.006908671215649212	false	0.5
vor			neg 0.5141569405850035 off 0.4788232356489269 __DUMMY__ 0.007019823766069457	false	0.0
unterwerfen	neg 1.0		neg 0.5138009409423836 off 0.4792341239532012 __DUMMY__ 0.006964935104415161	false	1.0
versenkung	neg 1.0		neg 0.5117573139672027 off 0.4812455377057587 __DUMMY__ 0.006997148327038602	false	1.0
entziehen	neg 1.0		neg 0.5161709816494294 off 0.4768311938009788 __DUMMY__ 0.006997824549591836	false	1.0
finanzkrise	neg 1.0		neg 0.5134400777962256 off 0.4796480423676122 __DUMMY__ 0.006911879836162185	false	1.0
schimpfend	neg 1.0		neg 0.5074551203029909 off 0.4856153128454689 __DUMMY__ 0.006929566851540171	false	1.0
profan	neg 1.0		neg 0.5072025185029826 off 0.4858804681685305 __DUMMY__ 0.006917013328486834	false	1.0
korruption	neg 1.0		neg 0.5143068213923883 off 0.47874731019172334 __DUMMY__ 0.006945868415888359	false	1.0
â			neg 0.5110805314354824 off 0.4819272580578836 __DUMMY__ 0.006992210506634013	false	0.0
schmutzig	neg 1.0		neg 0.5016996550114278 off 0.49139251055076 __DUMMY__ 0.0069078344378122655	false	1.0
sexy	neg 1.0		neg 0.504860989658517 off 0.4882035018460618 __DUMMY__ 0.0069355084954212535	false	1.0
abraten	neg 1.0		neg 0.5062609443189579 off 0.4867909351013308 __DUMMY__ 0.006948120579711346	false	1.0
schwarz	neg 1.0		neg 0.5081162947277952 off 0.4849521492099123 __DUMMY__ 0.00693155606229254	false	1.0
fotze	off 1.0	off 1.0	off 0.7254248811688622 neg 0.2712576449014398 __DUMMY__ 0.0033174739296980334	false	1.0
verwirren	neg 1.0		neg 0.5063825373925189 off 0.4866964847632848 __DUMMY__ 0.006920977844196199	false	1.0
zahnlos	off 1.0		neg 0.5118793344449575 off 0.48117450858500604 __DUMMY__ 0.006946156970036313	false	0.5
verheeren	neg 1.0		off 0.4990647573205662 neg 0.49413751036794007 __DUMMY__ 0.0067977323114937595	false	0.5
hippie	neg 1.0		neg 0.5054786526831087 off 0.48758696844173016 __DUMMY__ 0.006934378875161266	false	1.0
rammen	neg 1.0		neg 0.5112210447728901 off 0.4818978464046332 __DUMMY__ 0.006881108822476716	false	1.0
unlauter	neg 1.0		neg 0.5105020915698093 off 0.4825915190833364 __DUMMY__ 0.006906389346854373	false	1.0
unheilvoll	neg 1.0		neg 0.5078696258390076 off 0.4852029530264328 __DUMMY__ 0.006927421134559484	false	1.0
niedrig	neg 1.0		neg 0.5158440915019754 off 0.47720179204408425 __DUMMY__ 0.006954116453940439	false	1.0
explosion	neg 1.0		neg 0.5063254086937522 off 0.48674367004164043 __DUMMY__ 0.00693092126460751	false	1.0
weichei	off 1.0	off 1.0	off 0.7318771853098611 neg 0.2648797411528607 __DUMMY__ 0.0032430735372780566	false	1.0
minusmensch	off 1.0		neg 0.4999221932372939 off 0.493314682674672 __DUMMY__ 0.006763124088033974	false	0.5
farblos	neg 1.0		neg 0.5095609782543989 off 0.48348603019480735 __DUMMY__ 0.006952991550793824	false	1.0
unwissend	neg 1.0	neg 1.0	neg 0.7378540710235972 off 0.25887011097760243 __DUMMY__ 0.003275817998800327	false	1.0
traurig	neg 1.0		neg 0.4999698721599264 off 0.49313507628589315 __DUMMY__ 0.006895051554180482	false	1.0
senkung	neg 1.0		neg 0.5085931445541411 off 0.4845122260463696 __DUMMY__ 0.006894629399489326	false	1.0
ungleich	neg 1.0	neg 1.0	neg 0.7433186667034833 off 0.25336743009434914 __DUMMY__ 0.003313903202167545	false	1.0
heikel	neg 1.0		neg 0.5147262464369797 off 0.4783060486058402 __DUMMY__ 0.0069677049571800955	false	1.0
drosselung	neg 1.0		neg 0.5034644411719024 off 0.4896442845967579 __DUMMY__ 0.006891274231339774	false	1.0
falsch	neg 1.0		neg 0.505319216222264 off 0.48776738250674967 __DUMMY__ 0.006913401270986321	false	1.0
unzufriedenheit	neg 1.0		neg 0.5159687950674726 off 0.47704681380486386 __DUMMY__ 0.0069843911276637255	false	1.0
kurz	neg 1.0		neg 0.5085303746049171 off 0.4844704610178039 __DUMMY__ 0.00699916437727901	false	1.0
unsinnig	neg 1.0		neg 0.5117430608566272 off 0.48131519761090863 __DUMMY__ 0.006941741532464274	false	1.0
penner	off 1.0	off 1.0	off 0.7327206670100151 neg 0.2640409778294025 __DUMMY__ 0.003238355160582356	false	1.0
seicht	neg 1.0		off 0.4969304661640846 neg 0.49626815033675387 __DUMMY__ 0.0068013834991615665	false	0.5
dummheit	off 1.0	off 1.0	off 0.7271064411727457 neg 0.2696202953878075 __DUMMY__ 0.0032732634394467995	false	1.0
unerfreulich	neg 1.0		neg 0.5144709408770392 off 0.4785377371808978 __DUMMY__ 0.006991321942063164	false	1.0
motherfucker	off 1.0	off 1.0	off 0.730177220110003 neg 0.26655150133912564 __DUMMY__ 0.003271278550871397	false	1.0
pikiert	neg 1.0		neg 0.5049255930787687 off 0.48819775352027694 __DUMMY__ 0.006876653400954253	false	1.0
wrack	neg 1.0		neg 0.5109151780713612 off 0.48210728138195846 __DUMMY__ 0.006977540546680355	false	1.0
gangster	neg 1.0		neg 0.5055900800862153 off 0.48747889901536967 __DUMMY__ 0.0069310208984150025	false	1.0
krank	neg 1.0		neg 0.5017516591979149 off 0.4913327820680355 __DUMMY__ 0.00691555873404981	false	1.0
reich	neg 1.0		neg 0.5033628530795008 off 0.4897177970643312 __DUMMY__ 0.006919349856168141	false	1.0
gnadenlos	neg 1.0		neg 0.5094135281809149 off 0.4836648174311544 __DUMMY__ 0.0069216543879306045	false	1.0
niedergeschlagen	neg 1.0		neg 0.5102426928669025 off 0.4827881880790567 __DUMMY__ 0.0069691190540407105	false	1.0
terrorisieren	off 1.0	off 1.0	off 0.7243705224134699 neg 0.27230861735658174 __DUMMY__ 0.0033208602299483717	false	1.0
sinnlosigkeit	neg 1.0		neg 0.5122369079406598 off 0.4808114725339942 __DUMMY__ 0.006951619525345956	false	1.0
behindern	neg 1.0		neg 0.5101874509951796 off 0.48285808432525895 __DUMMY__ 0.0069544646795615716	false	1.0
undemokratisch	neg 1.0		neg 0.509308621235295 off 0.4837609320300991 __DUMMY__ 0.0069304467346058786	false	1.0
wirtschaftskrise	neg 1.0		neg 0.5151610387537278 off 0.47790319933302794 __DUMMY__ 0.00693576191324424	false	1.0
neid	neg 1.0		neg 0.5031264835279324 off 0.4899220405055856 __DUMMY__ 0.006951475966481901	false	1.0
rutschen	neg 1.0		neg 0.5146773409859113 off 0.47825762213227724 __DUMMY__ 0.0070650368818114045	false	1.0
rezession	neg 1.0		neg 0.5053223484018777 off 0.4878774870019378 __DUMMY__ 0.006800164596184426	false	1.0
fehlgeburt	neg 1.0		neg 0.5062430495761383 off 0.486801605023276 __DUMMY__ 0.0069553454005856045	false	1.0
charakterschwach	off 1.0		neg 0.5039887630432437 off 0.4891337139165505 __DUMMY__ 0.006877523040205765	false	0.5
isolation	neg 1.0		neg 0.5052537187700414 off 0.4878195907843825 __DUMMY__ 0.006926690445576148	false	1.0
ablenkung	neg 1.0		neg 0.5081449736203825 off 0.4848878314642742 __DUMMY__ 0.006967194915343192	false	1.0
pech	neg 1.0		neg 0.5050513655567018 off 0.4880250568523774 __DUMMY__ 0.006923577590920651	false	1.0
vermeidung	neg 1.0		neg 0.502948603153878 off 0.4901542928577086 __DUMMY__ 0.006897103988413288	false	1.0
dominieren	neg 1.0		neg 0.5140739711023536 off 0.47896041902384723 __DUMMY__ 0.0069656098737992675	false	1.0
schwindlig	neg 1.0		neg 0.5058214505133142 off 0.4872290098203615 __DUMMY__ 0.0069495396663244325	false	1.0
lutscher	neg 1.0	neg 1.0	neg 0.7328024223680007 off 0.2639695566822859 __DUMMY__ 0.0032280209497133677	false	1.0
pflicht	neg 1.0		neg 0.5158404470776812 off 0.4771812412815595 __DUMMY__ 0.006978311640759352	false	1.0
faschist	off 1.0		neg 0.506337137180267 off 0.48674369382805976 __DUMMY__ 0.006919168991673357	false	0.5
verschleudern	neg 1.0		neg 0.5153227814145388 off 0.47771595763968805 __DUMMY__ 0.006961260945773278	false	1.0
wenn			neg 0.5052595307465341 off 0.4878285280346251 __DUMMY__ 0.006911941218840861	false	0.0
ehebruch	neg 1.0		neg 0.5133625746911396 off 0.479675533184203 __DUMMY__ 0.00696189212465738	false	1.0
spott	off 1.0		neg 0.5144460595066258 off 0.47859818926943215 __DUMMY__ 0.006955751223941965	false	0.5
trostlosigkeit	neg 1.0		neg 0.5159702388143322 off 0.4770391952004021 __DUMMY__ 0.006990565985265588	false	1.0
lutschen	neg 1.0		neg 0.5073005981772226 off 0.4858074985058573 __DUMMY__ 0.006891903316920077	false	1.0
undiszipliniert	neg 1.0		neg 0.501375825052429 off 0.49174054629277025 __DUMMY__ 0.006883628654800676	false	1.0
kopfschmerz	neg 1.0		neg 0.5132499008515051 off 0.4798183542919253 __DUMMY__ 0.006931744856569507	false	1.0
unvorhergesehen	neg 1.0		neg 0.5111128404780013 off 0.4818550745943903 __DUMMY__ 0.0070320849276083635	false	1.0
desinteressiert	neg 1.0	neg 1.0	neg 0.7365998815711498 off 0.2601334690931316 __DUMMY__ 0.00326664933571866	false	1.0
armselig	off 1.0		neg 0.5023939450590745 off 0.4907537762563899 __DUMMY__ 0.00685227868453548	false	0.5
desaster	neg 1.0		neg 0.5173616528842585 off 0.4756413495223127 __DUMMY__ 0.006996997593428653	false	1.0
tod	neg 1.0		neg 0.5112959592725845 off 0.4817153332361286 __DUMMY__ 0.0069887074912869844	false	1.0
herzlos	neg 1.0		neg 0.5014239612162078 off 0.491706556303853 __DUMMY__ 0.00686948247993918	false	1.0
unwissenheit	neg 1.0		neg 0.5130544769284643 off 0.47999909857086115 __DUMMY__ 0.006946424500674525	false	1.0
widersinnig	neg 1.0		neg 0.5145477535336003 off 0.47853239596411756 __DUMMY__ 0.006919850502282129	false	1.0
bedenklich	neg 1.0		neg 0.5137654318231374 off 0.479278773281256 __DUMMY__ 0.006955794895606662	false	1.0
beanstanden	neg 1.0		neg 0.5158237623117082 off 0.477189338763974 __DUMMY__ 0.006986898924317872	false	1.0
panisch	neg 1.0	neg 1.0	neg 0.7378757573040459 off 0.25881180703182266 __DUMMY__ 0.003312435664131547	false	1.0
debil	off 1.0		neg 0.5194086805602776 off 0.47353538041391185 __DUMMY__ 0.007055939025810743	false	0.5
abstrich	neg 1.0		neg 0.5069008762839557 off 0.48608943981872793 __DUMMY__ 0.007009683897316218	false	1.0
primitiv	neg 1.0		neg 0.5037107563236286 off 0.4894168454502877 __DUMMY__ 0.006872398226083803	false	1.0
abschaum	off 1.0	off 1.0	off 0.7288514295628389 neg 0.2678761716118266 __DUMMY__ 0.0032723988253345296	false	1.0
provozieren	neg 1.0		neg 0.5103161419162142 off 0.48277366988351683 __DUMMY__ 0.006910188200268974	false	1.0
tot	neg 1.0		neg 0.5122200301806236 off 0.48081826952839285 __DUMMY__ 0.006961700290983575	false	1.0
instabil	neg 1.0		neg 0.5029251530678478 off 0.4902178515795049 __DUMMY__ 0.006856995352647293	false	1.0
schwuchtel	off 1.0	off 1.0	off 0.7348371791868255 neg 0.2619642591650706 __DUMMY__ 0.003198561648103803	false	1.0
zerren	neg 1.0		neg 0.5113610154645297 off 0.4816740519733622 __DUMMY__ 0.006964932562107949	false	1.0
kinderficker	off 1.0		neg 0.4983651036366334 off 0.49477842118889354 __DUMMY__ 0.00685647517447309	false	0.5
gefahr	neg 1.0		neg 0.5151285928512044 off 0.4778687233447137 __DUMMY__ 0.007002683804081863	false	1.0
rabiat	neg 1.0		neg 0.5092223921057278 off 0.4838290605481472 __DUMMY__ 0.00694854734612489	false	1.0
verlangsamung	neg 1.0		neg 0.5002862592579354 off 0.492926970450087 __DUMMY__ 0.006786770291977668	false	1.0
ausgestorben	neg 1.0		neg 0.5089434603675836 off 0.48409552292398045 __DUMMY__ 0.006961016708435842	false	1.0
anklagen	neg 1.0		neg 0.5133300591971398 off 0.4797138948338897 __DUMMY__ 0.00695604596897053	false	1.0
trott	neg 1.0		neg 0.5096122724347554 off 0.48343171730055867 __DUMMY__ 0.00695601026468597	false	1.0
verminderung	neg 1.0		neg 0.502701864429818 off 0.49040687662164983 __DUMMY__ 0.006891258948532183	false	1.0
nach			neg 0.5153948310593883 off 0.4775233610888582 __DUMMY__ 0.0070818078517534645	false	0.0
rost	neg 1.0		neg 0.4984664315776478 off 0.4946900556326569 __DUMMY__ 0.006843512789695346	false	1.0
destruktiv	neg 1.0		neg 0.5107180587093658 off 0.4823498890435029 __DUMMY__ 0.006932052247131423	false	1.0
unzumutbarkeit	neg 1.0		neg 0.5031845211877387 off 0.4898998835267043 __DUMMY__ 0.006915595285557115	false	1.0
labil	off 1.0	off 1.0	off 0.7286671946600161 neg 0.2680530054142863 __DUMMY__ 0.0032797999256976625	false	1.0
ziemlich	neg 1.0		neg 0.5019690352643743 off 0.49110609894851537 __DUMMY__ 0.006924865787110259	false	1.0
lachnummer	off 1.0		neg 0.5103484075599025 off 0.4827278644876221 __DUMMY__ 0.006923727952475425	false	0.5
oder			neg 0.5073058398539569 off 0.4857324500509558 __DUMMY__ 0.006961710095087276	false	0.0
verfall	neg 1.0		neg 0.5191873489671337 off 0.47379179107355435 __DUMMY__ 0.007020859959312001	false	1.0
ausgrenzung	neg 1.0		neg 0.5087266321352478 off 0.4843477013515885 __DUMMY__ 0.006925666513163597	false	1.0
unordnung	neg 1.0		neg 0.499582477336543 off 0.4935017244398423 __DUMMY__ 0.006915798223614864	false	1.0
fehlverhalten	neg 1.0		neg 0.5162978947785523 off 0.47674578647775256 __DUMMY__ 0.00695631874369519	false	1.0
eine			neg 0.5135817256806993 off 0.4794043845138669 __DUMMY__ 0.007013889805433877	false	0.0
nille	neg 1.0		neg 0.5094021327527045 off 0.48363518324728216 __DUMMY__ 0.0069626840000132926	false	1.0
qual	neg 1.0		neg 0.5099260753896145 off 0.4831134302358501 __DUMMY__ 0.0069604943745353	false	1.0
verschwenden	neg 1.0		neg 0.5145020432132913 off 0.47854062900787425 __DUMMY__ 0.0069573277788345005	false	1.0
riesig	neg 1.0		neg 0.5120187685648869 off 0.4809940287138514 __DUMMY__ 0.0069872027212616655	false	1.0
verurteilen	neg 1.0		neg 0.514253229670137 off 0.47881709849298015 __DUMMY__ 0.006929671836882933	false	1.0
klischee	neg 1.0	neg 1.0	neg 0.7389861743899412 off 0.2577386592843884 __DUMMY__ 0.0032751663256705295	false	1.0
diktatorisch	neg 1.0		neg 0.5095772357404588 off 0.48350113161651004 __DUMMY__ 0.006921632643031084	false	1.0
vorhersehbar	neg 1.0		neg 0.5076685555097131 off 0.48543413036497923 __DUMMY__ 0.006897314125307573	false	1.0
sowie			neg 0.5008764896445828 off 0.4922938736041707 __DUMMY__ 0.00682963675124651	false	0.0
stornieren	neg 1.0		neg 0.5036107200392236 off 0.4893915962618997 __DUMMY__ 0.006997683698876695	false	1.0
besteuerung	neg 1.0		neg 0.511602809986431 off 0.4815018522693249 __DUMMY__ 0.0068953377442441295	false	1.0
ungeschminkt	neg 1.0		neg 0.5056293223979541 off 0.48752520643902114 __DUMMY__ 0.0068454711630248416	false	1.0
kritisch	neg 1.0		neg 0.5137292858562225 off 0.47930726296228104 __DUMMY__ 0.006963451181496526	false	1.0
schlamperei	off 1.0		neg 0.5141519209286048 off 0.4788592332618559 __DUMMY__ 0.006988845809539195	false	0.5
sucht	neg 1.0	neg 1.0	neg 0.7376234727936265 off 0.2590354446620015 __DUMMY__ 0.0033410825443719403	false	1.0
egoistisch	off 1.0		neg 0.49924396332447146 off 0.49392069245255543 __DUMMY__ 0.006835344222973076	false	0.5
ausbeuter	off 1.0		neg 0.5169587139291448 off 0.4760961079659894 __DUMMY__ 0.006945178104865812	false	0.5
arschgeburt	off 1.0		off 0.49850061510368954 neg 0.49476837892129644 __DUMMY__ 0.006731005975014009	false	1.0
schubs	neg 1.0		neg 0.5104708393569058 off 0.482556146833357 __DUMMY__ 0.006973013809737217	false	1.0
unsolide	neg 1.0		neg 0.5098934966856232 off 0.48320751478164936 __DUMMY__ 0.00689898853272736	false	1.0
beschwerde	neg 1.0		neg 0.5149478287576568 off 0.4780957213800837 __DUMMY__ 0.006956449862259423	false	1.0
stocken	neg 1.0		neg 0.5143085774847042 off 0.47871378450818614 __DUMMY__ 0.006977638007109788	false	1.0
isolieren	neg 1.0		neg 0.5132149328202626 off 0.4798258831543398 __DUMMY__ 0.0069591840253974985	false	1.0
unheilbar	neg 1.0		neg 0.509239351193662 off 0.4838161578104145 __DUMMY__ 0.006944490995923528	false	1.0
pisser	off 1.0		neg 0.5035391946545568 off 0.4896154957101045 __DUMMY__ 0.0068453096353387035	false	0.5
löschen	neg 1.0		neg 0.5093319857057986 off 0.48371456007638075 __DUMMY__ 0.00695345421782051	false	1.0
durchfallen	neg 1.0		neg 0.5139115159863242 off 0.47914534059673974 __DUMMY__ 0.006943143416935997	false	1.0
wichser	off 1.0	off 1.0	off 0.7343046738773201 neg 0.26247059428987296 __DUMMY__ 0.0032247318328069235	false	1.0
terror	neg 1.0		neg 0.5055481474014695 off 0.48751403109731983 __DUMMY__ 0.006937821501210592	false	1.0
krass	neg 1.0		neg 0.5004610408343062 off 0.49267322302178834 __DUMMY__ 0.006865736143905476	false	1.0
revolte	neg 1.0		neg 0.5081712358876763 off 0.4849054803104851 __DUMMY__ 0.006923283801838526	false	1.0
besorgt	neg 1.0		neg 0.508446721991437 off 0.48454463565020556 __DUMMY__ 0.0070086423583573	false	1.0
nachlassen	neg 1.0		neg 0.5134225670359889 off 0.4795857225801918 __DUMMY__ 0.006991710383819178	false	1.0
alt	neg 1.0		neg 0.5128492294971374 off 0.4802017833181402 __DUMMY__ 0.006948987184722398	false	1.0
hundesohn	off 1.0		neg 0.4966377387144846 off 0.49657556063755326 __DUMMY__ 0.0067867006479621315	false	0.5
als			neg 0.5106897697921179 off 0.4823335961856619 __DUMMY__ 0.006976634022220231	false	0.0
abschreckung	neg 1.0		neg 0.5163817393653749 off 0.4766348075044161 __DUMMY__ 0.0069834531302090785	false	1.0
unqualifiziert	neg 1.0		neg 0.506975391623573 off 0.48613582466165245 __DUMMY__ 0.0068887837147744635	false	1.0
abgewichst	off 1.0		neg 0.5094883998603884 off 0.483535853072848 __DUMMY__ 0.006975747066763707	false	0.5
schwer	neg 1.0		neg 0.5103557330454185 off 0.48269917783404837 __DUMMY__ 0.006945089120533258	false	1.0
bedeutungslosigkeit	neg 1.0		neg 0.5153179221701404 off 0.47770604404116707 __DUMMY__ 0.006976033788692589	false	1.0
kapitulation	neg 1.0		neg 0.513852401336261 off 0.4791776031030205 __DUMMY__ 0.006969995560718502	false	1.0
unscharf	neg 1.0		neg 0.5078195018190537 off 0.4852737127594586 __DUMMY__ 0.006906785421487785	false	1.0
schwinden	neg 1.0		neg 0.5159526148716354 off 0.47707463020799606 __DUMMY__ 0.006972754920368725	false	1.0
versklavung	neg 1.0		neg 0.5095719588629926 off 0.48349637873670265 __DUMMY__ 0.006931662400304632	false	1.0
schlecht	neg 1.0		neg 0.5020058297394876 off 0.49107281378987944 __DUMMY__ 0.0069213564706331636	false	1.0
verhasst	neg 1.0		neg 0.5105246058240761 off 0.482582232946295 __DUMMY__ 0.006893161229628984	false	1.0
beschweren	neg 1.0		neg 0.5072537745202118 off 0.4858118742608506 __DUMMY__ 0.006934351218937625	false	1.0
scheiden	neg 1.0		neg 0.5078854695288737 off 0.485140476744171 __DUMMY__ 0.00697405372695528	false	1.0
frustriert	neg 1.0		neg 0.5118147197955994 off 0.48124252272650525 __DUMMY__ 0.006942757477895239	false	1.0
schimmelig	neg 1.0		neg 0.5152049598925245 off 0.4778798920812446 __DUMMY__ 0.006915148026231088	false	1.0
fisch	neg 1.0		neg 0.5168257540430887 off 0.47621796420420115 __DUMMY__ 0.006956281752710031	false	1.0
schmuggel	neg 1.0		neg 0.5145030053201497 off 0.4785189212558231 __DUMMY__ 0.0069780734240271584	false	1.0
auffallen	neg 1.0		neg 0.5063170486160512 off 0.486752928206624 __DUMMY__ 0.006930023177324707	false	1.0
konkurrenz	neg 1.0		neg 0.516638993403242 off 0.4763732942463125 __DUMMY__ 0.00698771235044549	false	1.0
teufelskreis	neg 1.0	neg 1.0	neg 0.741564966621597 off 0.2551471554623039 __DUMMY__ 0.003287877916099263	false	1.0
aufschreien	neg 1.0		neg 0.5075829126347574 off 0.4855099655239663 __DUMMY__ 0.006907121841276276	false	1.0
schuldner	neg 1.0		neg 0.517749861262739 off 0.4753019984056841 __DUMMY__ 0.006948140331576955	false	1.0
missgeburt	off 1.0	off 1.0	off 0.7314723116741877 neg 0.26529831211244914 __DUMMY__ 0.0032293762133631253	false	1.0
arbeitslos	neg 1.0		neg 0.5133263713387082 off 0.47972855724769586 __DUMMY__ 0.006945071413595895	false	1.0
befallen	neg 1.0		neg 0.5136182470662496 off 0.4794626718319733 __DUMMY__ 0.0069190811017769945	false	1.0
miesepetrig	off 1.0	off 1.0	off 0.7297775124699899 neg 0.26693806435464207 __DUMMY__ 0.003284423175368057	false	1.0
alarmieren	neg 1.0		neg 0.5068255048125809 off 0.4862885965445802 __DUMMY__ 0.006885898642838901	false	1.0
ungeduscht	off 1.0		neg 0.5065526302418654 off 0.48656271746525415 __DUMMY__ 0.006884652292880552	false	0.5
knappheit	neg 1.0		neg 0.5154547830243815 off 0.4776223237430051 __DUMMY__ 0.0069228932326132545	false	1.0
schlange	neg 1.0		neg 0.5054018721580806 off 0.48762107970938817 __DUMMY__ 0.006977048132531235	false	1.0
harsch	neg 1.0		neg 0.4980153299447805 off 0.495096238779808 __DUMMY__ 0.006888431275411508	false	1.0
lang	neg 1.0		neg 0.5080972363104862 off 0.48494974902083365 __DUMMY__ 0.006953014668680159	false	1.0
ziellos	neg 1.0		neg 0.5115416918653876 off 0.4814655832094308 __DUMMY__ 0.006992724925181725	false	1.0
selbstverliebt	neg 1.0		off 0.4979130335409159 neg 0.4953133824002942 __DUMMY__ 0.006773584058790057	false	0.5
beseitigen	neg 1.0		neg 0.5110201069092065 off 0.4820207392176938 __DUMMY__ 0.006959153873099631	false	1.0
dumm	off 1.0		neg 0.49785720288954194 off 0.49530127916323685 __DUMMY__ 0.006841517947221162	false	0.5
arbeitsloser	neg 1.0		neg 0.5111972812175556 off 0.4818202023162194 __DUMMY__ 0.0069825164662249365	false	1.0
blitzen	neg 1.0		neg 0.5055502450396326 off 0.48751468163560635 __DUMMY__ 0.0069350733247610106	false	1.0
hilflos	neg 1.0		neg 0.5122143650473597 off 0.4808392709786763 __DUMMY__ 0.0069463639739638676	false	1.0
eklig	off 1.0		neg 0.49930027416451056 off 0.49389781504323754 __DUMMY__ 0.006801910792251944	false	0.5
begriff			neg 0.510045479654742 off 0.4830000549176128 __DUMMY__ 0.006954465427645173	false	0.0
hungersnot	neg 1.0		neg 0.5127772897154635 off 0.48026588171966567 __DUMMY__ 0.006956828564870742	false	1.0
ungesetzlich	neg 1.0		neg 0.5111999092018741 off 0.48189802232239776 __DUMMY__ 0.006902068475728192	false	1.0
verschwendung	neg 1.0		neg 0.514325320167821 off 0.47870114421856386 __DUMMY__ 0.006973535613614976	false	1.0
schmerzvoll	neg 1.0		neg 0.5081280199069734 off 0.4849447814438772 __DUMMY__ 0.006927198649149286	false	1.0
vorzeitig	neg 1.0		neg 0.5076550566164818 off 0.4854353458325296 __DUMMY__ 0.006909597550988754	false	1.0
unvollkommenheit	neg 1.0		neg 0.5097673540868648 off 0.48322076178373163 __DUMMY__ 0.007011884129403675	false	1.0
intervenieren	neg 1.0		neg 0.5154429971675157 off 0.4775967627836584 __DUMMY__ 0.0069602400488257025	false	1.0
banause	off 1.0		neg 0.4976714865992795 off 0.495561812359654 __DUMMY__ 0.006766701041066427	false	0.5
rebell	neg 1.0		neg 0.5177592262143583 off 0.47523933081886405 __DUMMY__ 0.00700144296677766	false	1.0
unlogisch	neg 1.0		neg 0.5019434774450938 off 0.4911928623394215 __DUMMY__ 0.006863660215484761	false	1.0
leiden	neg 1.0		neg 0.5133729328828316 off 0.47961622439079366 __DUMMY__ 0.007010842726374786	false	1.0
abschaffung	neg 1.0		neg 0.5094686795172076 off 0.48358985600715937 __DUMMY__ 0.006941464475633031	false	1.0
sturz	neg 1.0		neg 0.5084963499493115 off 0.48453981387387324 __DUMMY__ 0.006963836176815321	false	1.0
verkleinerung	neg 1.0		neg 0.5083378403368896 off 0.4847692688036882 __DUMMY__ 0.006892890859422173	false	1.0
schmarotzer	off 1.0		neg 0.5130405630238905 off 0.48002835811672107 __DUMMY__ 0.006931078859388564	false	0.5
bestrafung	neg 1.0		neg 0.5087139800608845 off 0.48435055246647496 __DUMMY__ 0.006935467472640618	false	1.0
achtlos	neg 1.0	neg 1.0	neg 0.7404614462157469 off 0.25622882536394703 __DUMMY__ 0.0033097284203060184	false	1.0
ungeheuer	neg 1.0		neg 0.5064738923780344 off 0.4865901022621948 __DUMMY__ 0.0069360053597708575	false	1.0
