unsolidarisch	neg 1.0		__DUMMY__ 0.4574153277874072 neg 0.2801530400131388 off 0.2624316321994541	false	1.0
nachteilig	neg 1.0		__DUMMY__ 0.4613822576635491 neg 0.280170963796819 off 0.258446778539632	false	1.0
skeptisch	neg 1.0		__DUMMY__ 0.46181705154668 neg 0.2802656337702168 off 0.25791731468310314	false	1.0
schrecklich	neg 1.0		__DUMMY__ 0.45569208821305135 off 0.2746380954201344 neg 0.26966981636681425	false	0.5
schlapp	neg 1.0		__DUMMY__ 0.45782638861889474 neg 0.2720172518626169 off 0.27015635951848843	false	1.0
abfall	neg 1.0		__DUMMY__ 0.46410164427932143 neg 0.2818008698673136 off 0.254097485853365	false	1.0
widerspenstig	neg 1.0		__DUMMY__ 0.45990894234612245 neg 0.27610438297821777 off 0.26398667467565984	false	1.0
abrupt	neg 1.0		__DUMMY__ 0.4623826680069934 neg 0.2786261539594898 off 0.2589911780335168	false	1.0
unwirksam	neg 1.0		__DUMMY__ 0.456829453069876 neg 0.2809696840281335 off 0.26220086290199046	false	1.0
angreifen	neg 1.0		__DUMMY__ 0.4606525605576689 neg 0.28206187275855066 off 0.2572855666837805	false	1.0
inkonsistent	neg 1.0		__DUMMY__ 0.4572835973443167 neg 0.2789006428497218 off 0.26381575980596145	false	1.0
abrutschen	neg 1.0		__DUMMY__ 0.462788982232185 neg 0.2829817283519111 off 0.25422928941590384	false	1.0
unsicher	neg 1.0		__DUMMY__ 0.46119787280642177 neg 0.2746997963788274 off 0.26410233081475104	false	1.0
bauernkind	off 1.0	off 1.0	off 0.6248864053847444 __DUMMY__ 0.2166681636199381 neg 0.15844543099531752	false	1.0
angreifer	neg 1.0	neg 1.0	neg 0.625817636803975 __DUMMY__ 0.22319882031343383 off 0.1509835428825912	false	1.0
trennen	neg 1.0		__DUMMY__ 0.4633888325379388 neg 0.27860453641224325 off 0.2580066310498179	false	1.0
schmutz	neg 1.0		__DUMMY__ 0.4611330341417442 neg 0.27279973163879684 off 0.26606723421945894	false	1.0
inkonsistenz	neg 1.0		__DUMMY__ 0.4540113347861305 neg 0.27742579586189053 off 0.2685628693519791	false	1.0
erschreckend	neg 1.0		__DUMMY__ 0.45936420089689645 neg 0.2781581639704621 off 0.2624776351326414	false	1.0
ertrinken	neg 1.0		__DUMMY__ 0.46087024489513784 neg 0.28123181719419044 off 0.25789793791067167	false	1.0
pickelface	off 1.0		__DUMMY__ 0.4603804139344427 neg 0.2770626186109768 off 0.2625569674545805	false	0.5
seiner			__DUMMY__ 0.4618875546206768 neg 0.27978652361681605 off 0.2583259217625071	false	0.0
lauch	neg 1.0		__DUMMY__ 0.4634849099017335 neg 0.28141880575118156 off 0.25509628434708476	false	1.0
unwichtig	neg 1.0		__DUMMY__ 0.45648700479620846 neg 0.27447417976908445 off 0.269038815434707	false	1.0
steuerhinterziehung	neg 1.0	neg 1.0	neg 0.6293542953255437 __DUMMY__ 0.22298301171331925 off 0.14766269296113713	false	1.0
schock	neg 1.0		__DUMMY__ 0.4603008476390674 neg 0.2771602591271851 off 0.2625388932337476	false	1.0
beule	neg 1.0		__DUMMY__ 0.45591244496026534 neg 0.27346209023995033 off 0.27062546479978444	false	1.0
vergelten	neg 1.0		__DUMMY__ 0.45816567111731976 off 0.2739156741016404 neg 0.2679186547810398	false	0.5
verdorbenheit	neg 1.0		__DUMMY__ 0.4623725244472642 neg 0.27214018628836956 off 0.26548728926436627	false	1.0
trauma	neg 1.0		__DUMMY__ 0.4592725792725969 neg 0.2760541375291682 off 0.264673283198235	false	1.0
sinnlos	neg 1.0		__DUMMY__ 0.45882933883226007 neg 0.27490622534541653 off 0.2662644358223234	false	1.0
fettsack	off 1.0	off 1.0	off 0.6261047528185641 __DUMMY__ 0.21763036143851655 neg 0.15626488574291925	false	1.0
feige	off 1.0	off 1.0	off 0.6227417797994711 __DUMMY__ 0.22018147358905885 neg 0.15707674661147014	false	1.0
abdanken	neg 1.0		__DUMMY__ 0.45937932324343855 neg 0.27815804318077175 off 0.2624626335757897	false	1.0
wichtigtuer	off 1.0	off 1.0	off 0.6213761247960452 __DUMMY__ 0.22153266455953205 neg 0.1570912106444228	false	1.0
misslingen	neg 1.0		__DUMMY__ 0.46474631363106006 neg 0.26899000198342077 off 0.26626368438551923	false	1.0
untreu	off 1.0		__DUMMY__ 0.45662753581734317 neg 0.27362298435697946 off 0.2697494798256773	false	0.5
missmutig	neg 1.0		__DUMMY__ 0.4578638392171063 neg 0.272867349572019 off 0.2692688112108746	false	1.0
hurenbock	off 1.0		__DUMMY__ 0.4596092326677873 neg 0.2743653055416622 off 0.26602546179055037	false	0.5
betrunken	neg 1.0		__DUMMY__ 0.4567331359677252 off 0.2719893166642125 neg 0.2712775473680624	false	0.5
korrupt	off 1.0		__DUMMY__ 0.45786090983899147 neg 0.2825708048694472 off 0.2595682852915614	false	0.5
unmut	neg 1.0		__DUMMY__ 0.46349173616531036 neg 0.28184545888932216 off 0.2546628049453674	false	1.0
hackfresse	off 1.0		__DUMMY__ 0.45273359940545627 off 0.27827826945264456 neg 0.2689881311418992	false	1.0
aufblasen	neg 1.0		__DUMMY__ 0.4594480203289527 neg 0.2746051065401601 off 0.2659468731308872	false	1.0
gewaltsam	neg 1.0		__DUMMY__ 0.46052850672511075 neg 0.2776527401055565 off 0.26181875316933273	false	1.0
unbeliebtheit	neg 1.0		__DUMMY__ 0.4549866666328706 neg 0.27792386922759227 off 0.26708946413953705	false	1.0
sturheit	neg 1.0		__DUMMY__ 0.45902647038034194 neg 0.2794935006381308 off 0.2614800289815273	false	1.0
kuh	neg 1.0		__DUMMY__ 0.4545868583780287 neg 0.28052580523701415 off 0.2648873363849571	false	1.0
erschrecken	neg 1.0		__DUMMY__ 0.45843928560238933 neg 0.27248877342398536 off 0.2690719409736253	false	1.0
opfer	neg 1.0		__DUMMY__ 0.4612411588163107 neg 0.27925180491983764 off 0.2595070362638517	false	1.0
sinken	neg 1.0		__DUMMY__ 0.4629526227410779 neg 0.28187750220720703 off 0.255169875051715	false	1.0
stinktier	neg 1.0		__DUMMY__ 0.44955694326955237 neg 0.27736080324417606 off 0.27308225348627146	false	1.0
tucke	off 1.0		__DUMMY__ 0.45010677723404313 off 0.2786622739243648 neg 0.27123094884159205	false	1.0
ein			__DUMMY__ 0.4594332536514353 neg 0.2756676357519575 off 0.2648991105966071	false	0.0
abstieg	neg 1.0		__DUMMY__ 0.46109437571041384 neg 0.28099205319022547 off 0.25791357109936075	false	1.0
missverstehen	neg 1.0		__DUMMY__ 0.4568622333622295 neg 0.2764987454831058 off 0.2666390211546646	false	1.0
ergebnislos	neg 1.0		__DUMMY__ 0.462514564477629 neg 0.2793108314336511 off 0.2581746040887199	false	1.0
unter			__DUMMY__ 0.4680174956110876 neg 0.2819257289218173 off 0.25005677546709515	false	0.0
manipulieren	neg 1.0		__DUMMY__ 0.4621531894387149 neg 0.2803819112554577 off 0.25746489930582755	false	1.0
unbewiesen	neg 1.0		__DUMMY__ 0.4567362494908991 neg 0.28115125482254083 off 0.26211249568656003	false	1.0
verschleppen	neg 1.0		__DUMMY__ 0.4600099571289169 neg 0.28061989128601367 off 0.2593701515850695	false	1.0
weib	off 1.0		__DUMMY__ 0.448727006427389 off 0.2775312968727972 neg 0.27374169669981374	false	1.0
opposition	neg 1.0		__DUMMY__ 0.4577041797912268 neg 0.2774273645524939 off 0.26486845565627926	false	1.0
verkehrswidrig	neg 1.0		__DUMMY__ 0.45870078186723695 off 0.27556622348722604 neg 0.26573299464553707	false	0.5
inkorrekt	neg 1.0		__DUMMY__ 0.4538587417284108 neg 0.27321281053043434 off 0.2729284477411548	false	1.0
vermeiden	neg 1.0	neg 1.0	neg 0.6293297642756405 __DUMMY__ 0.22665428269338386 off 0.14401595303097567	false	1.0
abweichung	neg 1.0		__DUMMY__ 0.46149036605926064 neg 0.2789957415270959 off 0.2595138924136436	false	1.0
alkoholisiert	neg 1.0		__DUMMY__ 0.46345554601574723 neg 0.2774644843196073 off 0.2590799696646455	false	1.0
scheiss	off 1.0	off 1.0	off 0.6234693356734464 __DUMMY__ 0.2210140961381148 neg 0.15551656818843873	false	1.0
herausforderung	neg 1.0		__DUMMY__ 0.46264157183621885 neg 0.27922772690766745 off 0.2581307012561137	false	1.0
pervers	off 1.0		__DUMMY__ 0.45011076300481306 off 0.28178661890530415 neg 0.2681026180898827	false	1.0
wackelig	neg 1.0		__DUMMY__ 0.46364895391203026 neg 0.2738349052646064 off 0.2625161408233632	false	1.0
verwickeln	neg 1.0		__DUMMY__ 0.4570987122834531 neg 0.2769172347279932 off 0.26598405298855377	false	1.0
vorwand	neg 1.0		__DUMMY__ 0.4616337156262491 neg 0.2812419762885305 off 0.25712430808522047	false	1.0
muschi	off 1.0		__DUMMY__ 0.4602796861917529 neg 0.27700857578617694 off 0.26271173802207004	false	0.5
entmutigung	neg 1.0		__DUMMY__ 0.4582059820693557 neg 0.2772851950760118 off 0.2645088228546325	false	1.0
unangemessen	neg 1.0		__DUMMY__ 0.45860861219319216 neg 0.2803361105610062 off 0.26105527724580174	false	1.0
unstetig	neg 1.0		__DUMMY__ 0.45924936658220855 neg 0.2737552420366881 off 0.26699539138110334	false	1.0
entmutigen	neg 1.0		__DUMMY__ 0.4591805083153531 neg 0.2761460360674314 off 0.2646734556172154	false	1.0
schwanz	neg 1.0		__DUMMY__ 0.46118753104711796 neg 0.2791024225517129 off 0.25971004640116924	false	1.0
verbot	neg 1.0		__DUMMY__ 0.4598755514295019 neg 0.28031723994496427 off 0.2598072086255338	false	1.0
leid	neg 1.0		__DUMMY__ 0.45352171158143395 off 0.2759479382911279 neg 0.2705303501274381	false	0.5
archaisch	neg 1.0		__DUMMY__ 0.45972039433902 neg 0.2784904233542382 off 0.2617891823067419	false	1.0
gegen			__DUMMY__ 0.46338113859871566 neg 0.28111044749672703 off 0.25550841390455714	false	0.0
scheidung	neg 1.0		__DUMMY__ 0.4513606720854825 off 0.2877280859081125 neg 0.260911242006405	false	0.5
einschlag	neg 1.0		__DUMMY__ 0.4557862089987689 off 0.2729107885619731 neg 0.2713030024392582	false	0.5
m			__DUMMY__ 0.4618146999365428 neg 0.2768781134135726 off 0.26130718664988467	false	0.0
abgestanden	neg 1.0		__DUMMY__ 0.4582188257491828 neg 0.27790942806150737 off 0.26387174618930986	false	1.0
schmierig	off 1.0		__DUMMY__ 0.4546686887793798 off 0.27537412942354295 neg 0.2699571817970773	false	1.0
unpraktisch	neg 1.0		__DUMMY__ 0.4594922646552913 neg 0.27484484706299495 off 0.26566288828171375	false	1.0
wixxer	off 1.0		__DUMMY__ 0.44855004120617326 off 0.2813978511586522 neg 0.27005210763517457	false	1.0
bezeichnet			__DUMMY__ 0.4576314275476722 neg 0.2794599642503087 off 0.26290860820201906	false	0.0
jammerlappen	off 1.0		__DUMMY__ 0.45797916915168424 neg 0.2723491175409946 off 0.26967171330732115	false	0.5
farce	neg 1.0		__DUMMY__ 0.45853174529993546 neg 0.28087706448767547 off 0.26059119021238913	false	1.0
zwecklos	neg 1.0		__DUMMY__ 0.4591678912481696 neg 0.280053755889243 off 0.2607783528625875	false	1.0
turbulent	neg 1.0		__DUMMY__ 0.45428519615373325 neg 0.27568122976674936 off 0.27003357407951745	false	1.0
invasion	neg 1.0		__DUMMY__ 0.4586240124626952 neg 0.27545320619057406 off 0.2659227813467309	false	1.0
schuld	neg 1.0		__DUMMY__ 0.45786559346003763 neg 0.27773100066449796 off 0.26440340587546435	false	1.0
risiko	neg 1.0	neg 1.0	neg 0.6255603936225538 __DUMMY__ 0.2237677246018823 off 0.15067188177556406	false	1.0
finster	neg 1.0		__DUMMY__ 0.45769157096491037 neg 0.2776511227483789 off 0.26465730628671075	false	1.0
geisteskrank	off 1.0		__DUMMY__ 0.45404399200193324 neg 0.2754058296559834 off 0.2705501783420832	false	0.5
zusammenbrechen	neg 1.0		__DUMMY__ 0.4605549463586482 neg 0.27794959858756124 off 0.26149545505379046	false	1.0
ausbeute	neg 1.0		__DUMMY__ 0.4676219051805028 neg 0.27023079017549906 off 0.2621473046439982	false	1.0
hinterhalt	neg 1.0		__DUMMY__ 0.4641362553036547 neg 0.27287911629274036 off 0.26298462840360487	false	1.0
kritik	neg 1.0		__DUMMY__ 0.45832318330041677 neg 0.28143725210736065 off 0.26023956459222264	false	1.0
einschrumpfen	neg 1.0		__DUMMY__ 0.4564526875742653 neg 0.2757942596220285 off 0.26775305280370626	false	1.0
riskant	neg 1.0		__DUMMY__ 0.4606229536730583 neg 0.28119296343933475 off 0.258184082887607	false	1.0
frustrieren	neg 1.0		__DUMMY__ 0.46075086105041 neg 0.2798049976952235 off 0.25944414125436654	false	1.0
groll	neg 1.0		__DUMMY__ 0.45918370641671313 neg 0.2806690503250153 off 0.26014724325827154	false	1.0
gibt			__DUMMY__ 0.46109712314085577 neg 0.2770649739294122 off 0.2618379029297319	false	0.0
qualvoll	neg 1.0		__DUMMY__ 0.45827441874278785 neg 0.27449575222809947 off 0.26722982902911263	false	1.0
wackeln	neg 1.0		__DUMMY__ 0.46076722153580374 neg 0.2740738363988831 off 0.26515894206531315	false	1.0
klagen	neg 1.0		__DUMMY__ 0.4623598011617572 neg 0.2824473394440774 off 0.2551928593941654	false	1.0
bankrott	neg 1.0		__DUMMY__ 0.45898079882175125 neg 0.27182596722452324 off 0.2691932339537256	false	1.0
trauern	neg 1.0		__DUMMY__ 0.46236162965280175 neg 0.2783331437626879 off 0.2593052265845104	false	1.0
ablehnung	neg 1.0		__DUMMY__ 0.45899795435198165 neg 0.2808050266580244 off 0.2601970189899939	false	1.0
stur	neg 1.0		__DUMMY__ 0.4581206016777943 neg 0.27711017801956445 off 0.2647692203026412	false	1.0
aufruhr	neg 1.0		__DUMMY__ 0.45973471207880806 neg 0.278239803319546 off 0.262025484601646	false	1.0
melancholie	neg 1.0		__DUMMY__ 0.4607328089423001 neg 0.2794861266514181 off 0.25978106440628174	false	1.0
ist			__DUMMY__ 0.4590248181446701 neg 0.27495020479069987 off 0.26602497706462985	false	0.0
torheit	neg 1.0		__DUMMY__ 0.45912067935941864 neg 0.27709243065349254 off 0.2637868899870888	false	1.0
dreckskind	off 1.0		__DUMMY__ 0.45068619545096855 off 0.27603668027329725 neg 0.27327712427573414	false	1.0
umtauschen	neg 1.0		__DUMMY__ 0.4605073339061689 neg 0.27595605289623626 off 0.2635366131975949	false	1.0
zum			__DUMMY__ 0.4679882544585005 neg 0.27760726349493453 off 0.2544044820465648	false	0.0
zersetzen	neg 1.0		__DUMMY__ 0.46047977046675387 neg 0.282504145403823 off 0.25701608412942323	false	1.0
zur			__DUMMY__ 0.4664800799961041 neg 0.2805688069189446 off 0.25295111308495116	false	0.0
frust	neg 1.0		__DUMMY__ 0.46070915187191175 neg 0.2777753923255988 off 0.2615154558024895	false	1.0
unerbittlichkeit	neg 1.0		__DUMMY__ 0.4611827156388544 neg 0.2815758396726316 off 0.257241444688514	false	1.0
zwei			__DUMMY__ 0.467091840349787 neg 0.27736777164768367 off 0.2555403880025294	false	0.0
unkorrekt	neg 1.0		__DUMMY__ 0.4557572923076061 off 0.27322432534976737 neg 0.2710183823426265	false	0.5
hexe	off 1.0		__DUMMY__ 0.4534729606524636 neg 0.27842629855126066 off 0.26810074079627577	false	0.5
lasch	neg 1.0		__DUMMY__ 0.45608210223276957 neg 0.2763541639557815 off 0.26756373381144893	false	1.0
rivale	neg 1.0		__DUMMY__ 0.4553608015157384 neg 0.2729170839957792 off 0.27172211448848244	false	1.0
mutlos	off 1.0	off 1.0	off 0.6166371422175977 __DUMMY__ 0.22313874458676208 neg 0.16022411319564023	false	1.0
wirr	off 1.0		__DUMMY__ 0.45331456636332157 neg 0.27344570152722275 off 0.27323973210945585	false	0.5
jahr			__DUMMY__ 0.46848102784025786 neg 0.27200556039604323 off 0.2595134117636989	false	0.0
wird			__DUMMY__ 0.46089089671185046 neg 0.2788953132259244 off 0.26021379006222517	false	0.0
strafbar	neg 1.0		__DUMMY__ 0.46103753324348823 neg 0.2799808952249379 off 0.25898157153157386	false	1.0
erosion	neg 1.0		__DUMMY__ 0.46120857604494103 neg 0.27452626054160917 off 0.2642651634134498	false	1.0
eingehen	neg 1.0		__DUMMY__ 0.4603950661336823 neg 0.28062885054353753 off 0.2589760833227802	false	1.0
faul	off 1.0		__DUMMY__ 0.45851160965737536 neg 0.27250718005431934 off 0.2689812102883053	false	0.5
provisorium	neg 1.0		__DUMMY__ 0.46940643286579486 neg 0.27914540523501125 off 0.2514481618991938	false	1.0
schmerzen	neg 1.0		__DUMMY__ 0.45882678054433634 neg 0.27929332862552164 off 0.2618798908301421	false	1.0
schrumpfen	neg 1.0		__DUMMY__ 0.46349733414481503 neg 0.2842872632502577 off 0.25221540260492736	false	1.0
geistlos	off 1.0		__DUMMY__ 0.45573226753285034 neg 0.2784374160322766 off 0.2658303164348731	false	0.5
fehlkauf	neg 1.0		__DUMMY__ 0.4587482372565423 neg 0.2755613734076587 off 0.265690389335799	false	1.0
frustrierend	neg 1.0		__DUMMY__ 0.45815978279959985 neg 0.27341498321291313 off 0.268425233987487	false	1.0
unzufrieden	neg 1.0		__DUMMY__ 0.4595087764247209 neg 0.27997109087734695 off 0.2605201326979323	false	1.0
verzweifeln	neg 1.0		__DUMMY__ 0.4598619512327669 neg 0.27773911637986987 off 0.2623989323873631	false	1.0
verzweifelt	neg 1.0	neg 1.0	neg 0.6283872635789958 __DUMMY__ 0.22153128388217427 off 0.15008145253883007	false	1.0
misstrauensantrag	neg 1.0		__DUMMY__ 0.4587131038918945 neg 0.27513572292473754 off 0.2661511731833681	false	1.0
abfallen	neg 1.0		__DUMMY__ 0.4606481672720308 neg 0.2741535438229986 off 0.26519828890497066	false	1.0
fucker	off 1.0		__DUMMY__ 0.45629084991597657 off 0.27283767658411767 neg 0.27087147349990587	false	1.0
ungezogen	neg 1.0		__DUMMY__ 0.4506699596772138 off 0.280774495624216 neg 0.2685555446985701	false	0.5
irrsinnig	neg 1.0	neg 1.0	neg 0.6277438384299711 __DUMMY__ 0.2219965895668269 off 0.15025957200320195	false	1.0
unfassbar	neg 1.0		__DUMMY__ 0.45739396955159056 neg 0.27157755108843684 off 0.27102847935997265	false	1.0
hart	neg 1.0		__DUMMY__ 0.4563652768665668 neg 0.273694325777499 off 0.26994039735593417	false	1.0
widerlich	off 1.0		__DUMMY__ 0.45517362616932794 neg 0.2738230042915162 off 0.2710033695391558	false	0.5
fatal	neg 1.0		__DUMMY__ 0.45848775952803583 neg 0.27522819371261326 off 0.26628404675935086	false	1.0
bruch	neg 1.0		__DUMMY__ 0.46260765448601904 neg 0.28164960046217913 off 0.25574274505180183	false	1.0
aushungern	neg 1.0		__DUMMY__ 0.46051562574503585 neg 0.27824252819697615 off 0.26124184605798806	false	1.0
anspannung	neg 1.0		__DUMMY__ 0.4660536106750584 neg 0.2803338844812122 off 0.2536125048437294	false	1.0
von			__DUMMY__ 0.4694244662185516 neg 0.27069161335777364 off 0.2598839204236749	false	0.0
kraftlos	neg 1.0		__DUMMY__ 0.4612448660465466 neg 0.27771612011512137 off 0.26103901383833206	false	1.0
vom			__DUMMY__ 0.46982050493281585 neg 0.277980682086462 off 0.252198812980722	false	0.0
grenzdebil	off 1.0		__DUMMY__ 0.4572663143142286 off 0.271432378204266 neg 0.27130130748150527	false	1.0
vor			__DUMMY__ 0.46402529083400434 neg 0.2787721025526285 off 0.2572026066133672	false	0.0
unterwerfen	neg 1.0		__DUMMY__ 0.4606922223901069 neg 0.28009900990736347 off 0.25920876770252976	false	1.0
versenkung	neg 1.0		__DUMMY__ 0.4626402695040326 neg 0.2772124531524816 off 0.2601472773434859	false	1.0
entziehen	neg 1.0		__DUMMY__ 0.4626777482590847 neg 0.28127512568645097 off 0.2560471260544644	false	1.0
finanzkrise	neg 1.0		__DUMMY__ 0.45748922332587666 neg 0.2814317599697781 off 0.2610790167043452	false	1.0
schimpfend	neg 1.0		__DUMMY__ 0.45862913802810523 neg 0.27548934718017815 off 0.2658815147917165	false	1.0
profan	neg 1.0		__DUMMY__ 0.45776311803087794 neg 0.2756164875611594 off 0.26662039440796254	false	1.0
korruption	neg 1.0		__DUMMY__ 0.45954743765609224 neg 0.281121267761049 off 0.25933129458285875	false	1.0
â			__DUMMY__ 0.46233400670378577 neg 0.2768606236991892 off 0.2608053695970251	false	0.0
schmutzig	neg 1.0		__DUMMY__ 0.4572211793997199 off 0.2719604240547704 neg 0.2708183965455097	false	0.5
sexy	neg 1.0		__DUMMY__ 0.45885944286113456 neg 0.27288450511987433 off 0.26825605201899105	false	1.0
abraten	neg 1.0		__DUMMY__ 0.45968963220694253 neg 0.2737723089528716 off 0.2665380588401859	false	1.0
schwarz	neg 1.0		__DUMMY__ 0.4586144370984455 neg 0.27599864919434874 off 0.26538691370720563	false	1.0
fotze	off 1.0	off 1.0	off 0.6183153594951101 __DUMMY__ 0.22392061481292772 neg 0.15776402569196224	false	1.0
verwirren	neg 1.0		__DUMMY__ 0.45798205515047413 neg 0.2747241768394062 off 0.2672937680101195	false	1.0
zahnlos	off 1.0		__DUMMY__ 0.4594967811298327 neg 0.27894380874822644 off 0.26155941012194084	false	0.5
verheeren	neg 1.0		__DUMMY__ 0.4505424106810276 off 0.28226254780874255 neg 0.2671950415102298	false	0.5
hippie	neg 1.0		__DUMMY__ 0.4587792138102728 neg 0.27348005434855277 off 0.26774073184117453	false	1.0
rammen	neg 1.0		__DUMMY__ 0.4556853850090461 neg 0.28047468706933903 off 0.263839927921615	false	1.0
unlauter	neg 1.0		__DUMMY__ 0.4571793311358425 neg 0.27888089076649153 off 0.2639397780976658	false	1.0
unheilvoll	neg 1.0		__DUMMY__ 0.45847988403745327 neg 0.2759141109015117 off 0.2656060050610351	false	1.0
niedrig	neg 1.0		__DUMMY__ 0.4601471619491266 neg 0.2823691336598202 off 0.2574837043910531	false	1.0
explosion	neg 1.0		__DUMMY__ 0.45860590464883183 neg 0.27437076734420673 off 0.26702332800696144	false	1.0
weichei	off 1.0	off 1.0	off 0.6269344028869711 __DUMMY__ 0.21904969281957973 neg 0.1540159042934491	false	1.0
minusmensch	off 1.0		__DUMMY__ 0.4483729749624043 off 0.27801682965296315 neg 0.2736101953846325	false	1.0
farblos	neg 1.0		__DUMMY__ 0.46014130262909614 neg 0.2766285551178989 off 0.2632301422530049	false	1.0
unwissend	neg 1.0	neg 1.0	neg 0.6258319868237295 __DUMMY__ 0.22117656632685123 off 0.15299144684941926	false	1.0
traurig	neg 1.0		__DUMMY__ 0.45644156535807606 off 0.27393612874319934 neg 0.26962230589872455	false	0.5
senkung	neg 1.0		__DUMMY__ 0.4564458965992203 neg 0.27758290900580296 off 0.26597119439497685	false	1.0
ungleich	neg 1.0	neg 1.0	neg 0.6299035099067356 __DUMMY__ 0.22366982704978852 off 0.14642666304347582	false	1.0
heikel	neg 1.0		__DUMMY__ 0.4608272540840819 neg 0.28091556492653486 off 0.2582571809893833	false	1.0
drosselung	neg 1.0		__DUMMY__ 0.45627973668856575 neg 0.2729543965250492 off 0.27076586678638515	false	1.0
falsch	neg 1.0		__DUMMY__ 0.4575348263371243 neg 0.273985694281333 off 0.26847947938154276	false	1.0
unzufriedenheit	neg 1.0		__DUMMY__ 0.46186283938655204 neg 0.28149713027142836 off 0.25664003034201965	false	1.0
kurz	neg 1.0		__DUMMY__ 0.46280783350024435 neg 0.27428250628684825 off 0.26290966021290735	false	1.0
unsinnig	neg 1.0		__DUMMY__ 0.4592418106510112 neg 0.2789712200201194 off 0.26178696932886947	false	1.0
penner	off 1.0	off 1.0	off 0.6279351242478598 __DUMMY__ 0.2187329029153877 neg 0.15333197283675248	false	1.0
seicht	neg 1.0		__DUMMY__ 0.4507141517049698 off 0.2801981516363626 neg 0.2690876966586677	false	0.5
dummheit	off 1.0	off 1.0	off 0.6213633728989983 __DUMMY__ 0.22099328532832807 neg 0.1576433417726735	false	1.0
unerfreulich	neg 1.0		__DUMMY__ 0.46230456835148476 neg 0.27995243557698873 off 0.2577429960715265	false	1.0
motherfucker	off 1.0	off 1.0	off 0.6244566899527376 __DUMMY__ 0.22086865818706214 neg 0.1546746518602003	false	1.0
pikiert	neg 1.0		__DUMMY__ 0.4552910703426049 neg 0.2747461829503319 off 0.26996274670706316	false	1.0
wrack	neg 1.0		__DUMMY__ 0.4616290121138994 neg 0.2770650564898736 off 0.261305931396227	false	1.0
gangster	neg 1.0		__DUMMY__ 0.4585792346629297 neg 0.2736961994843041 off 0.26772456585276616	false	1.0
krank	neg 1.0		__DUMMY__ 0.45772683317816315 off 0.2716171184630045 neg 0.27065604835883245	false	0.5
reich	neg 1.0		__DUMMY__ 0.458116394085219 neg 0.2718579919448903 off 0.27002561396989067	false	1.0
gnadenlos	neg 1.0		__DUMMY__ 0.4579914027503154 neg 0.2774852542572504 off 0.26452334299243424	false	1.0
niedergeschlagen	neg 1.0		__DUMMY__ 0.4609726744636974 neg 0.2767587380572319 off 0.26226858747907067	false	1.0
terrorisieren	off 1.0	off 1.0	off 0.6172202413993347 __DUMMY__ 0.2241150655121636 neg 0.15866469308850165	false	1.0
sinnlosigkeit	neg 1.0		__DUMMY__ 0.4598426294721839 neg 0.27912801624444933 off 0.2610293542833667	false	1.0
behindern	neg 1.0		__DUMMY__ 0.46003327162804153 neg 0.27722376853129294 off 0.26274295984066554	false	1.0
undemokratisch	neg 1.0		__DUMMY__ 0.45861568104463013 neg 0.2769608118254427 off 0.26442350712992707	false	1.0
wirtschaftskrise	neg 1.0		__DUMMY__ 0.4589414258516092 neg 0.2822350168081384 off 0.25882355734025225	false	1.0
neid	neg 1.0		__DUMMY__ 0.4599356973053577 neg 0.2707683947353118 off 0.2692959079593304	false	1.0
rutschen	neg 1.0		__DUMMY__ 0.4668693873934558 neg 0.2778910214607318 off 0.2552395911458123	false	1.0
rezession	neg 1.0		__DUMMY__ 0.45064037331134005 neg 0.2775050128612407 off 0.2718546138274193	false	1.0
fehlgeburt	neg 1.0		__DUMMY__ 0.4603109023051182 neg 0.2734097553869421 off 0.26627934230793976	false	1.0
charakterschwach	off 1.0		__DUMMY__ 0.45535866436504174 neg 0.273820286727543 off 0.2708210489074153	false	0.5
isolation	neg 1.0		__DUMMY__ 0.4583561030757895 neg 0.2735341138886515 off 0.268109783035559	false	1.0
ablenkung	neg 1.0		__DUMMY__ 0.4608239221500018 neg 0.27490304909176155 off 0.26427302875823677	false	1.0
pech	neg 1.0		__DUMMY__ 0.4582592871255742 neg 0.273476707682487 off 0.2682640051919388	false	1.0
vermeidung	neg 1.0		__DUMMY__ 0.45659703391814344 neg 0.27233142398621574 off 0.2710715420956408	false	1.0
dominieren	neg 1.0		__DUMMY__ 0.46081479627143085 neg 0.2803429397926884 off 0.25884226393588083	false	1.0
schwindlig	neg 1.0		__DUMMY__ 0.45982508652883564 neg 0.27338813671324186 off 0.26678677675792256	false	1.0
lutscher	neg 1.0	neg 1.0	neg 0.6224389882265853 __DUMMY__ 0.21807152762665027 off 0.15948948414676448	false	1.0
pflicht	neg 1.0		__DUMMY__ 0.4614677516771518 neg 0.281585756533932 off 0.25694649178891615	false	1.0
faschist	off 1.0		__DUMMY__ 0.45793786547061327 neg 0.27456214778799304 off 0.26749998674139375	false	0.5
verschleudern	neg 1.0		__DUMMY__ 0.46053363634352856 neg 0.2815921215983665 off 0.25787424205810483	false	1.0
wenn			__DUMMY__ 0.45743552914437113 neg 0.2739845488657318 off 0.26857992198989694	false	0.0
ehebruch	neg 1.0		__DUMMY__ 0.46052308375142825 neg 0.2797551672550299 off 0.2597217489935417	false	1.0
spott	off 1.0		__DUMMY__ 0.4601191917189239 neg 0.28096312210159785 off 0.25891768617947825	false	0.5
trostlosigkeit	neg 1.0		__DUMMY__ 0.46229236378744326 neg 0.28129817047015115 off 0.2564094657424057	false	1.0
lutschen	neg 1.0		__DUMMY__ 0.45626852491073366 neg 0.2764307685101627 off 0.2673007065791036	false	1.0
undiszipliniert	neg 1.0		__DUMMY__ 0.4557579932252608 off 0.2729551468098329 neg 0.2712868599649063	false	0.5
kopfschmerz	neg 1.0		__DUMMY__ 0.458757371428716 neg 0.28079296636941364 off 0.2604496622018705	false	1.0
unvorhergesehen	neg 1.0		__DUMMY__ 0.4649108130353569 neg 0.27565625979042324 off 0.2594329271742199	false	1.0
desinteressiert	neg 1.0	neg 1.0	neg 0.6248953461646779 __DUMMY__ 0.22058015069269382 off 0.15452450314262825	false	1.0
armselig	off 1.0		__DUMMY__ 0.4537853037017728 neg 0.2731757019930514 off 0.27303899430517564	false	0.5
desaster	neg 1.0		__DUMMY__ 0.46264947528762046 neg 0.282352702532836 off 0.2549978221795435	false	1.0
tod	neg 1.0		__DUMMY__ 0.46232213480441714 neg 0.27703604347189287 off 0.26064182172368994	false	1.0
herzlos	neg 1.0		__DUMMY__ 0.45486186524619604 off 0.2733721496674156 neg 0.27176598508638833	false	0.5
unwissenheit	neg 1.0		__DUMMY__ 0.4595456350643816 neg 0.28000302713480796 off 0.2604513378008105	false	1.0
widersinnig	neg 1.0		__DUMMY__ 0.4579379001956313 neg 0.2821638643033923 off 0.25989823550097635	false	1.0
bedenklich	neg 1.0		__DUMMY__ 0.4600908532429759 neg 0.280401302727115 off 0.25950784402990906	false	1.0
beanstanden	neg 1.0		__DUMMY__ 0.46202230834673785 neg 0.28128568423009465 off 0.25669200742316745	false	1.0
panisch	neg 1.0	neg 1.0	neg 0.6246398429864374 __DUMMY__ 0.22359739728720351 off 0.15176275972635922	false	1.0
debil	off 1.0		__DUMMY__ 0.46632992481110563 neg 0.2825014117998039 off 0.25116866338909055	false	0.5
abstrich	neg 1.0		__DUMMY__ 0.4637283962633354 neg 0.2724345953756995 off 0.2638370083609652	false	1.0
primitiv	neg 1.0		__DUMMY__ 0.4550212227474003 neg 0.2737646128699639 off 0.2712141643826357	false	1.0
abschaum	off 1.0	off 1.0	off 0.6231302595086867 __DUMMY__ 0.22094349454046522 neg 0.15592624595084803	false	1.0
provozieren	neg 1.0		__DUMMY__ 0.45729366486224654 neg 0.2786667416292273 off 0.2640395935085261	false	1.0
tot	neg 1.0		__DUMMY__ 0.4606833335960727 neg 0.2787941808783479 off 0.26052248552557944	false	1.0
instabil	neg 1.0		__DUMMY__ 0.45420700637713757 neg 0.2734777627479149 off 0.2723152308749476	false	1.0
schwuchtel	off 1.0	off 1.0	off 0.6313018791377284 __DUMMY__ 0.2161205915654731 neg 0.1525775292967985	false	1.0
zerren	neg 1.0		__DUMMY__ 0.460664869523232 neg 0.2779262489528316 off 0.26140888152393643	false	1.0
kinderficker	off 1.0		__DUMMY__ 0.4541182233690071 off 0.2766556423319301 neg 0.2692261342990628	false	1.0
gefahr	neg 1.0		__DUMMY__ 0.4630383570903571 neg 0.28008799187760564 off 0.2568736510320373	false	1.0
rabiat	neg 1.0		__DUMMY__ 0.4596809232091221 neg 0.2764413071529852 off 0.26387776963789267	false	1.0
verlangsamung	neg 1.0		__DUMMY__ 0.4498716632905366 off 0.27692793661104625 neg 0.2732004000984172	false	0.5
ausgestorben	neg 1.0		__DUMMY__ 0.4604398248164931 neg 0.27580919582218955 off 0.26375097936131736	false	1.0
anklagen	neg 1.0		__DUMMY__ 0.46019847148385945 neg 0.2799082570494967 off 0.2598932714666439	false	1.0
trott	neg 1.0		__DUMMY__ 0.4601049844812314 neg 0.2766478568483526 off 0.263247158670416	false	1.0
verminderung	neg 1.0		__DUMMY__ 0.45624201160531846 neg 0.27230238727561695 off 0.2714556011190645	false	1.0
nach			__DUMMY__ 0.4678824488123558 neg 0.27799623598041995 off 0.25412131520722414	false	0.0
rost	neg 1.0		__DUMMY__ 0.4534009618282073 off 0.2768245464472592 neg 0.2697744917245335	false	0.5
destruktiv	neg 1.0		__DUMMY__ 0.45866830644226747 neg 0.2783073725238407 off 0.26302432103389184	false	1.0
unzumutbarkeit	neg 1.0		__DUMMY__ 0.45777692578030027 neg 0.27188891480855676 off 0.270334159411143	false	1.0
labil	off 1.0	off 1.0	off 0.6227073628358498 __DUMMY__ 0.22142351535210045 neg 0.1558691218120497	false	1.0
ziemlich	neg 1.0		__DUMMY__ 0.4582601592217184 off 0.27120222532150134 neg 0.2705376154567803	false	0.5
lachnummer	off 1.0		__DUMMY__ 0.45812441461825704 neg 0.27821196042919344 off 0.2636636249525496	false	0.5
oder			__DUMMY__ 0.460506847354822 neg 0.2743287274166893 off 0.2651644252284886	false	0.0
verfall	neg 1.0		__DUMMY__ 0.46411749357535664 neg 0.2833278344963172 off 0.25255467192832604	false	1.0
ausgrenzung	neg 1.0		__DUMMY__ 0.458322981913841 neg 0.2765771144771505 off 0.2650999036090085	false	1.0
unordnung	neg 1.0		__DUMMY__ 0.4578723712145598 off 0.27363527718904185 neg 0.26849235159639834	false	0.5
fehlverhalten	neg 1.0		__DUMMY__ 0.46013338313112995 neg 0.2826664284312074 off 0.25720018843766274	false	1.0
eine			__DUMMY__ 0.4636765429892423 neg 0.27844942604999334 off 0.25787403096076433	false	0.0
nille	neg 1.0		__DUMMY__ 0.46055024168837033 neg 0.2761343196213522 off 0.2633154386902774	false	1.0
qual	neg 1.0		__DUMMY__ 0.4603794989853514 neg 0.2767862019496206 off 0.26283429906502803	false	1.0
verschwenden	neg 1.0		__DUMMY__ 0.46020979871868506 neg 0.2810783067844418 off 0.2587118944968732	false	1.0
riesig	neg 1.0		__DUMMY__ 0.4621450199908183 neg 0.2778243203655086 off 0.260030659643673	false	1.0
verurteilen	neg 1.0		__DUMMY__ 0.4585179825363615 neg 0.2816061517222218 off 0.2598758657414167	false	1.0
klischee	neg 1.0	neg 1.0	neg 0.6269608409281563 __DUMMY__ 0.22111746096339932 off 0.15192169810844441	false	1.0
diktatorisch	neg 1.0		__DUMMY__ 0.45807933516023813 neg 0.27747187786665506 off 0.26444878697310686	false	1.0
vorhersehbar	neg 1.0		__DUMMY__ 0.45653206091543747 neg 0.2766181406630305 off 0.26684979842153206	false	1.0
sowie			__DUMMY__ 0.4524378057526951 off 0.27506198398631065 neg 0.2725002102609943	false	0.0
stornieren	neg 1.0		__DUMMY__ 0.4628323420408095 neg 0.26969140831446353 off 0.267476249644727	false	1.0
besteuerung	neg 1.0		__DUMMY__ 0.45648578132478024 neg 0.2803414834057589 off 0.26317273526946083	false	1.0
ungeschminkt	neg 1.0		__DUMMY__ 0.453439940176337 neg 0.27645973535029555 off 0.2701003244733675	false	1.0
kritisch	neg 1.0		__DUMMY__ 0.46057261678579847 neg 0.2800880157743498 off 0.2593393674398517	false	1.0
schlamperei	off 1.0		__DUMMY__ 0.46220374796329566 neg 0.27960469662943166 off 0.2581915554072727	false	0.5
sucht	neg 1.0	neg 1.0	neg 0.6233845958420121 __DUMMY__ 0.22553647947882532 off 0.15107892467916254	false	1.0
egoistisch	off 1.0		__DUMMY__ 0.4527867795099658 off 0.2764068165590972 neg 0.27080640393093686	false	1.0
ausbeuter	off 1.0		__DUMMY__ 0.4594609183603516 neg 0.2836197787959388 off 0.2569193028437095	false	0.5
arschgeburt	off 1.0		__DUMMY__ 0.4463971759809888 off 0.2837355102732201 neg 0.2698673137457909	false	1.0
schubs	neg 1.0		__DUMMY__ 0.4612939301407287 neg 0.276915945322892 off 0.2617901245363791	false	1.0
unsolide	neg 1.0		__DUMMY__ 0.45673628552201306 neg 0.27849313764071876 off 0.2647705768372682	false	1.0
beschwerde	neg 1.0		__DUMMY__ 0.4602153401677763 neg 0.2813870206932892 off 0.2583976391389344	false	1.0
stocken	neg 1.0		__DUMMY__ 0.46151235815857583 neg 0.28015170305632814 off 0.258335938785096	false	1.0
isolieren	neg 1.0		__DUMMY__ 0.4604114183499139 neg 0.2796897463098854 off 0.2598988353402006	false	1.0
unheilbar	neg 1.0		__DUMMY__ 0.4594730606210979 neg 0.2765204595361141 off 0.264006479842788	false	1.0
pisser	off 1.0		__DUMMY__ 0.45342336419010215 neg 0.2744158984191049 off 0.2721607373907929	false	0.5
löschen	neg 1.0		__DUMMY__ 0.45996632363401163 neg 0.27642638074122206 off 0.2636072956247663	false	1.0
durchfallen	neg 1.0		__DUMMY__ 0.4593322069304204 neg 0.28094093508657236 off 0.2597268579830073	false	1.0
wichser	off 1.0	off 1.0	off 0.6299348416934017 __DUMMY__ 0.21783999477519608 neg 0.15222516353140217	false	1.0
terror	neg 1.0		__DUMMY__ 0.4590540227882863 neg 0.27346835437808104 off 0.26747762283363274	false	1.0
krass	neg 1.0		__DUMMY__ 0.45469729524811653 off 0.2742605935037142 neg 0.2710421112481691	false	0.5
revolte	neg 1.0		__DUMMY__ 0.4581924620462734 neg 0.2761610275387501 off 0.2656465104149765	false	1.0
besorgt	neg 1.0		__DUMMY__ 0.46341311363135734 neg 0.27382486778017384 off 0.2627620185884687	false	1.0
nachlassen	neg 1.0		__DUMMY__ 0.4624152270245753 neg 0.2789725332435615 off 0.25861223973186315	false	1.0
alt	neg 1.0		__DUMMY__ 0.45984638501810604 neg 0.27984100985918847 off 0.2603126051227056	false	1.0
hundesohn	off 1.0		__DUMMY__ 0.4498092512842792 off 0.2803829266595301 neg 0.26980782205619064	false	1.0
als			__DUMMY__ 0.46141018569203784 neg 0.27692972643938657 off 0.2616600878685756	false	0.0
abschreckung	neg 1.0		__DUMMY__ 0.4618267909984425 neg 0.2818608712029826 off 0.2563123377985749	false	1.0
unqualifiziert	neg 1.0		__DUMMY__ 0.45602723266226314 neg 0.276192882163883 off 0.26777988517385387	false	1.0
abgewichst	off 1.0		__DUMMY__ 0.46135797995705163 neg 0.2758392568047181 off 0.26280276323823026	false	0.5
schwer	neg 1.0		__DUMMY__ 0.45944517367467036 neg 0.27764067194655917 off 0.2629141543787705	false	1.0
bedeutungslosigkeit	neg 1.0		__DUMMY__ 0.4613438051974151 neg 0.2811459179842016 off 0.2575102768183833	false	1.0
kapitulation	neg 1.0		__DUMMY__ 0.4610242882366009 neg 0.2799270946662707 off 0.25904861709712834	false	1.0
unscharf	neg 1.0		__DUMMY__ 0.4572456655709416 neg 0.27658490090262033 off 0.26616943352643824	false	1.0
schwinden	neg 1.0		__DUMMY__ 0.4612092958050753 neg 0.28180965338686786 off 0.25698105080805694	false	1.0
versklavung	neg 1.0		__DUMMY__ 0.4587008531742943 neg 0.27718468068026686 off 0.26411446614543876	false	1.0
schlecht	neg 1.0		__DUMMY__ 0.4580307136886852 off 0.27130119985165535 neg 0.2706680864596594	false	0.5
verhasst	neg 1.0		__DUMMY__ 0.4562564750571867 neg 0.27938618627527784 off 0.2643573386675356	false	1.0
beschweren	neg 1.0		__DUMMY__ 0.4587953194974844 neg 0.27510055622826163 off 0.26610412427425406	false	1.0
scheiden	neg 1.0		__DUMMY__ 0.461420226881663 neg 0.2744017847515124 off 0.2641779883668246	false	1.0
frustriert	neg 1.0		__DUMMY__ 0.4592871354198674 neg 0.27904595980719693 off 0.26166690477293586	false	1.0
schimmelig	neg 1.0		__DUMMY__ 0.45776278189711656 neg 0.2831266297074387 off 0.2591105883954447	false	1.0
fisch	neg 1.0		__DUMMY__ 0.4603567529502281 neg 0.28329655622413397 off 0.2563466908256379	false	1.0
schmuggel	neg 1.0		__DUMMY__ 0.4615988363486505 neg 0.28028810837424173 off 0.2581130552771078	false	1.0
auffallen	neg 1.0		__DUMMY__ 0.4585427789109572 neg 0.2743791894849481 off 0.2670780316040948	false	1.0
konkurrenz	neg 1.0		__DUMMY__ 0.46210391466465983 neg 0.28198690709474583 off 0.25590917824059445	false	1.0
teufelskreis	neg 1.0	neg 1.0	neg 0.6290692506353054 __DUMMY__ 0.22194132897688165 off 0.148989420387813	false	1.0
aufschreien	neg 1.0		__DUMMY__ 0.45712604713721666 neg 0.27625787769362403 off 0.2666160751691593	false	1.0
schuldner	neg 1.0		__DUMMY__ 0.4596991228000104 neg 0.28424366804688894 off 0.2560572091531007	false	1.0
missgeburt	off 1.0	off 1.0	off 0.6270040360759273 __DUMMY__ 0.21815688546184575 neg 0.15483907846222705	false	1.0
arbeitslos	neg 1.0		__DUMMY__ 0.4594294538628159 neg 0.2803315446457338 off 0.2602390014914504	false	1.0
befallen	neg 1.0		__DUMMY__ 0.45797660168039467 neg 0.28133431703533823 off 0.260689081284267	false	1.0
miesepetrig	off 1.0	off 1.0	off 0.6235600494418035 __DUMMY__ 0.2217690438609404 neg 0.15467090669725608	false	1.0
alarmieren	neg 1.0		__DUMMY__ 0.4558994737763159 neg 0.27609358315004146 off 0.2680069430736427	false	1.0
ungeduscht	off 1.0		__DUMMY__ 0.4558576571995059 neg 0.27611984402769574 off 0.26802249877279827	false	0.5
knappheit	neg 1.0		__DUMMY__ 0.458173276241646 neg 0.28292767914359784 off 0.25889904461475627	false	1.0
schlange	neg 1.0		__DUMMY__ 0.46146652014527384 neg 0.27207035955933184 off 0.2664631202953943	false	1.0
harsch	neg 1.0		__DUMMY__ 0.4560883130394488 off 0.27590771553357113 neg 0.26800397142698	false	0.5
lang	neg 1.0		__DUMMY__ 0.4599287860795738 neg 0.2753093533571365 off 0.2647618605632897	false	1.0
ziellos	neg 1.0		__DUMMY__ 0.4623886527418667 neg 0.27721867828700525 off 0.260392668971128	false	1.0
selbstverliebt	neg 1.0		__DUMMY__ 0.4490027669073823 off 0.28188899896597713 neg 0.26910823412664076	false	0.5
beseitigen	neg 1.0		__DUMMY__ 0.4604490876429151 neg 0.2777092921598154 off 0.2618416201972694	false	1.0
dumm	off 1.0		__DUMMY__ 0.45317020725263063 off 0.27747728671850214 neg 0.2693525060288672	false	1.0
arbeitsloser	neg 1.0		__DUMMY__ 0.46177982727860684 neg 0.2770898858534303 off 0.2611302868679628	false	1.0
blitzen	neg 1.0		__DUMMY__ 0.4588592763556519 neg 0.27348210931826283 off 0.26765861432608523	false	1.0
hilflos	neg 1.0		__DUMMY__ 0.4595200552228826 neg 0.27930881947465575 off 0.26117112530246184	false	1.0
eklig	off 1.0		__DUMMY__ 0.4507500207798285 off 0.27729218110990766 neg 0.27195779811026377	false	1.0
begriff			__DUMMY__ 0.460042693655046 neg 0.2769883727342879 off 0.26296893361066626	false	0.0
hungersnot	neg 1.0		__DUMMY__ 0.46027678605496675 neg 0.27935967439063397 off 0.2603635395543994	false	1.0
ungesetzlich	neg 1.0		__DUMMY__ 0.45686539535501325 neg 0.2795734970635572 off 0.26356110758142964	false	1.0
verschwendung	neg 1.0		__DUMMY__ 0.46118076568051836 neg 0.28037350077352907 off 0.2584457335459526	false	1.0
schmerzvoll	neg 1.0		__DUMMY__ 0.4583621915767184 neg 0.2761517266261533 off 0.26548608179712835	false	1.0
vorzeitig	neg 1.0		__DUMMY__ 0.4573963583166533 neg 0.2761939169091587 off 0.26640972477418795	false	1.0
unvollkommenheit	neg 1.0		__DUMMY__ 0.46370638653273993 neg 0.27490684305212876 off 0.2613867704151313	false	1.0
intervenieren	neg 1.0		__DUMMY__ 0.4604043762212826 neg 0.2817229599162922 off 0.25787266386242524	false	1.0
banause	off 1.0		__DUMMY__ 0.44860785683775384 off 0.27984906025032585 neg 0.27154308291192025	false	1.0
rebell	neg 1.0		__DUMMY__ 0.4630278714899858 neg 0.2826879469080145 off 0.25428418160199956	false	1.0
unlogisch	neg 1.0		__DUMMY__ 0.45450907685061487 off 0.2730548900556704 neg 0.27243603309371467	false	0.5
leiden	neg 1.0		__DUMMY__ 0.46359984059084147 neg 0.27836192109727176 off 0.25803823831188666	false	1.0
abschaffung	neg 1.0		__DUMMY__ 0.45930597560668784 neg 0.2768248571191233 off 0.26386916727418885	false	1.0
sturz	neg 1.0		__DUMMY__ 0.46072553734482663 neg 0.27522855177811845 off 0.26404591087705503	false	1.0
verkleinerung	neg 1.0		__DUMMY__ 0.4563557784095105 neg 0.27730165848716976 off 0.26634256310331966	false	1.0
schmarotzer	off 1.0		__DUMMY__ 0.4585861829329406 neg 0.28046884046771775 off 0.26094497659934174	false	0.5
bestrafung	neg 1.0		__DUMMY__ 0.4588911163736619 neg 0.2763553632840666 off 0.26475352034227134	false	1.0
achtlos	neg 1.0	neg 1.0	neg 0.6272623050822534 __DUMMY__ 0.2233944735486341 off 0.14934322136911257	false	1.0
ungeheuer	neg 1.0		__DUMMY__ 0.45900375143445293 neg 0.27431670457091756 off 0.2666795439946296	false	1.0
unaufrichtig	neg 1.0		__DUMMY__ 0.46062140241784316 neg 0.27114681402561175 off 0.268231783556545	false	1.0
groggy	neg 1.0		__DUMMY__ 0.4583544930194237 neg 0.27439697884774017 off 0.2672485281328361	false	1.0
verletzlich	neg 1.0		__DUMMY__ 0.4545759731147344 neg 0.2751232915510654 off 0.2703007353342001	false	1.0
ablehnen	neg 1.0		__DUMMY__ 0.46040633779890633 neg 0.2794222524837281 off 0.2601714097173657	false	1.0
