unsolidarisch	neg 1.0		__DUMMY__ 0.8730333915492435 neg 0.0662026339905119 off 0.06076397446024457	false	1.0
nachteilig	neg 1.0		__DUMMY__ 0.8786241167111166 neg 0.06491042266158914 off 0.05646546062729432	false	1.0
skeptisch	neg 1.0		__DUMMY__ 0.878985821417432 neg 0.0649456623640769 off 0.05606851621849116	false	1.0
schrecklich	neg 1.0		__DUMMY__ 0.8709236131416652 off 0.06959619035308644 neg 0.059480196505248224	false	0.5
schlapp	neg 1.0		__DUMMY__ 0.8739623318765418 off 0.06550670744085971 neg 0.06053096068259849	false	0.5
abfall	neg 1.0		__DUMMY__ 0.8822218622486924 neg 0.06521249204926974 off 0.05256564570203793	false	1.0
widerspenstig	neg 1.0		__DUMMY__ 0.8767127227498013 neg 0.06269740615475827 off 0.060589871095440485	false	1.0
abrupt	neg 1.0		__DUMMY__ 0.8800835017816898 neg 0.06361054953680055 off 0.05630594868150964	false	1.0
unwirksam	neg 1.0		__DUMMY__ 0.8724095024819662 neg 0.06720253098430483 off 0.060387966533728854	false	1.0
angreifen	neg 1.0		__DUMMY__ 0.8772595692108683 neg 0.06667861297365789 off 0.05606181781547366	false	1.0
inkonsistent	neg 1.0		__DUMMY__ 0.873179057299449 neg 0.06564029248187303 off 0.06118065021867802	false	1.0
abrutschen	neg 1.0		__DUMMY__ 0.8802796771093991 neg 0.06662887715489739 off 0.05309144573570345	false	1.0
unsicher	neg 1.0		__DUMMY__ 0.8782012269955161 neg 0.06120427914639916 off 0.060594493858084846	false	1.0
bauernkind	off 1.0	off 1.0	off 0.5231801029632728 __DUMMY__ 0.42458456280365703 neg 0.05223533423307026	false	1.0
angreifer	neg 1.0	neg 1.0	neg 0.516374086532726 __DUMMY__ 0.43639368674502615 off 0.04723222672224799	false	1.0
trennen	neg 1.0		__DUMMY__ 0.8811654253691739 neg 0.06335787386452782 off 0.05547670076629836	false	1.0
schmutz	neg 1.0		__DUMMY__ 0.878678231185955 off 0.061702972380865646 neg 0.059618796433179404	false	0.5
inkonsistenz	neg 1.0		__DUMMY__ 0.8684178533219775 off 0.06602628794632556 neg 0.06555585873169684	false	0.5
erschreckend	neg 1.0		__DUMMY__ 0.8755719746947473 neg 0.06432074925552982 off 0.06010727604972283	false	1.0
ertrinken	neg 1.0		__DUMMY__ 0.8776833199341232 neg 0.0660650515801958 off 0.05625162848568107	false	1.0
pickelface	off 1.0		__DUMMY__ 0.8772661420907255 neg 0.06306692945322433 off 0.059666928456050046	false	0.5
seiner			__DUMMY__ 0.879046365933732 neg 0.06464146105607252 off 0.05631217301019544	false	0.0
lauch	neg 1.0		__DUMMY__ 0.88152119426654 neg 0.06522465168892266 off 0.05325415404453731	false	1.0
unwichtig	neg 1.0		__DUMMY__ 0.8718167469699031 off 0.06551416795296708 neg 0.06266908507712987	false	0.5
steuerhinterziehung	neg 1.0	neg 1.0	neg 0.5198159357824261 __DUMMY__ 0.43600967585370015 off 0.0441743883638737	false	1.0
schock	neg 1.0		__DUMMY__ 0.8769190156514208 neg 0.0633781981732653 off 0.059702786175313924	false	1.0
beule	neg 1.0		__DUMMY__ 0.8714063681284777 off 0.0663769100546263 neg 0.06221672181689594	false	0.5
vergelten	neg 1.0		__DUMMY__ 0.8745065226364571 off 0.06851241861626747 neg 0.05698105874727539	false	0.5
verdorbenheit	neg 1.0		__DUMMY__ 0.8802107264830407 off 0.06079640432443728 neg 0.05899286919252199	false	0.5
trauma	neg 1.0		__DUMMY__ 0.8756017280494297 neg 0.06287996129521288 off 0.06151831065535754	false	1.0
sinnlos	neg 1.0		__DUMMY__ 0.8749831562843657 off 0.06284540295192496 neg 0.06217144076370927	false	0.5
fettsack	off 1.0	off 1.0	off 0.5240624601070015 __DUMMY__ 0.42632042003028037 neg 0.04961711986271811	false	1.0
feige	off 1.0	off 1.0	off 0.5200877725592726 __DUMMY__ 0.43079346226603005 neg 0.04911876517469729	false	1.0
abdanken	neg 1.0		__DUMMY__ 0.8757406472587664 neg 0.06400914657056771 off 0.06025020617066585	false	1.0
wichtigtuer	off 1.0	off 1.0	off 0.5182574302353292 __DUMMY__ 0.4332514165568333 neg 0.04849115320783744	false	1.0
misslingen	neg 1.0		__DUMMY__ 0.883746544933793 off 0.06072300078367054 neg 0.05553045428253644	false	0.5
untreu	off 1.0		__DUMMY__ 0.8720426966672088 off 0.06590682747272733 neg 0.06205047586006379	false	1.0
missmutig	neg 1.0		__DUMMY__ 0.8738393229827509 off 0.06513336394918585 neg 0.06102731306806332	false	0.5
hurenbock	off 1.0		__DUMMY__ 0.8764324179779159 off 0.062128829044212096 neg 0.06143875297787195	false	1.0
betrunken	neg 1.0		__DUMMY__ 0.8724362013340939 off 0.06722314647894355 neg 0.06034065218696255	false	0.5
korrupt	off 1.0		__DUMMY__ 0.8735916136374126 neg 0.06782242797933458 off 0.05858595838325295	false	0.5
unmut	neg 1.0		__DUMMY__ 0.8813300156710311 neg 0.06539752143847356 off 0.05327246289049532	false	1.0
hackfresse	off 1.0		__DUMMY__ 0.866942364946255 off 0.07304342795792095 neg 0.06001420709582407	false	1.0
aufblasen	neg 1.0		__DUMMY__ 0.875945375100886 off 0.06225679078160458 neg 0.06179783411750942	false	0.5
gewaltsam	neg 1.0		__DUMMY__ 0.8774620056250467 neg 0.06341377003371887 off 0.0591242243412344	false	1.0
unbeliebtheit	neg 1.0		__DUMMY__ 0.8698947726204349 neg 0.065478751684789 off 0.06462647569477611	false	1.0
sturheit	neg 1.0		__DUMMY__ 0.8751642427624741 neg 0.06525684177647065 off 0.059578915461055294	false	1.0
kuh	neg 1.0		__DUMMY__ 0.8695392932146075 neg 0.06776190761125603 off 0.0626987991741363	false	1.0
erschrecken	neg 1.0		__DUMMY__ 0.8745643180563077 off 0.06486818615867795 neg 0.0605674957850143	false	0.5
opfer	neg 1.0		__DUMMY__ 0.878235937109132 neg 0.06435623608994154 off 0.057407826800926494	false	1.0
sinken	neg 1.0		__DUMMY__ 0.8807416464823966 neg 0.06561857633836554 off 0.0536397771792378	false	1.0
stinktier	neg 1.0		__DUMMY__ 0.8624346302650271 off 0.07031975584558416 neg 0.0672456138893887	false	0.5
tucke	off 1.0		__DUMMY__ 0.8634360327612577 off 0.07400745880645017 neg 0.06255650843229207	false	1.0
ein			__DUMMY__ 0.8759091625062642 neg 0.06265564165114779 off 0.06143519584258802	false	0.0
abstieg	neg 1.0		__DUMMY__ 0.8781208611010963 neg 0.06559818678750368 off 0.0562809521114	false	1.0
missverstehen	neg 1.0		__DUMMY__ 0.8722515303550233 neg 0.06397212734778242 off 0.06377634229719417	false	1.0
ergebnislos	neg 1.0		__DUMMY__ 0.8801145519483622 neg 0.06383557697983999 off 0.05604987107179778	false	1.0
unter			__DUMMY__ 0.8875912023752999 neg 0.06409313879863152 off 0.04831565882606852	false	0.0
manipulieren	neg 1.0		__DUMMY__ 0.879581719200389 neg 0.06474792033888756 off 0.055670360460723385	false	1.0
unbewiesen	neg 1.0		__DUMMY__ 0.8720834882205383 neg 0.0671526851259823 off 0.06076382665347942	false	1.0
verschleppen	neg 1.0		__DUMMY__ 0.8766721529548837 neg 0.06559403644005643 off 0.05773381060505992	false	1.0
weib	off 1.0		__DUMMY__ 0.8612997964811973 off 0.07379445608505927 neg 0.06490574743374342	false	1.0
opposition	neg 1.0		__DUMMY__ 0.8735977622203084 neg 0.0644355884686732 off 0.06196664931101843	false	1.0
verkehrswidrig	neg 1.0		__DUMMY__ 0.8753930807981471 off 0.06910496378895797 neg 0.0555019554128949	false	0.5
inkorrekt	neg 1.0		__DUMMY__ 0.8682696474388775 off 0.06925287508907864 neg 0.06247747747204392	false	0.5
vermeiden	neg 1.0	neg 1.0	neg 0.5181895470752498 __DUMMY__ 0.44281565903060466 off 0.0389947938941455	false	1.0
abweichung	neg 1.0		__DUMMY__ 0.8788565258349732 neg 0.06396096754551822 off 0.057182506619508515	false	1.0
alkoholisiert	neg 1.0		__DUMMY__ 0.8818155345816058 neg 0.0624660973279723 off 0.05571836809042188	false	1.0
scheiss	off 1.0	off 1.0	off 0.5199217364956354 __DUMMY__ 0.43269374585885667 neg 0.04738451764550787	false	1.0
herausforderung	neg 1.0		__DUMMY__ 0.8803225172791257 neg 0.0638669370473277 off 0.05581054567354671	false	1.0
pervers	off 1.0		__DUMMY__ 0.8633449838922561 off 0.07640307951066705 neg 0.060251936597076755	false	1.0
wackelig	neg 1.0		__DUMMY__ 0.8817877024883308 neg 0.059797042283978134 off 0.058415255227691	false	1.0
verwickeln	neg 1.0		__DUMMY__ 0.8725425218130207 neg 0.06419180253787553 off 0.06326567564910378	false	1.0
vorwand	neg 1.0		__DUMMY__ 0.878743527263872 neg 0.06566916024548024 off 0.05558731249064789	false	1.0
muschi	off 1.0		__DUMMY__ 0.8770431455931831 neg 0.06309535546831432 off 0.05986149893850265	false	0.5
entmutigung	neg 1.0		__DUMMY__ 0.8742676681570096 neg 0.06375258748846059 off 0.061979744354529825	false	1.0
unangemessen	neg 1.0		__DUMMY__ 0.8745607167755394 neg 0.06607613963097643 off 0.05936314359348419	false	1.0
unstetig	neg 1.0		__DUMMY__ 0.876003469075273 off 0.06290366439301917 neg 0.06109286653170771	false	0.5
entmutigen	neg 1.0		__DUMMY__ 0.8755364497282212 neg 0.0629025237563378 off 0.06156102651544091	false	1.0
schwanz	neg 1.0		__DUMMY__ 0.8784386131712899 neg 0.06433317850099363 off 0.057228208327716426	false	1.0
verbot	neg 1.0		__DUMMY__ 0.8764433493707154 neg 0.065409414855805 off 0.05814723577347955	false	1.0
leid	neg 1.0		__DUMMY__ 0.8679813218779789 off 0.07112901182601346 neg 0.060889666296007575	false	0.5
archaisch	neg 1.0		__DUMMY__ 0.8762195076210977 neg 0.06436403128648358 off 0.05941646109241864	false	1.0
gegen			__DUMMY__ 0.881120662664503 neg 0.06485229517857237 off 0.054027042156924644	false	0.0
scheidung	neg 1.0		__DUMMY__ 0.8651227342836576 off 0.08062553166898602 neg 0.05425173404735627	false	0.5
einschlag	neg 1.0		__DUMMY__ 0.8711136862457433 off 0.06833922144117674 neg 0.06054709231308012	false	0.5
m			__DUMMY__ 0.87911088082204 neg 0.06264392641074895 off 0.05824519276721097	false	0.0
abgestanden	neg 1.0		__DUMMY__ 0.8746384881563017 neg 0.06474164131026956 off 0.06061987053342882	false	1.0
schmierig	off 1.0		__DUMMY__ 0.8695860760866585 off 0.07037571719547919 neg 0.06003820671786235	false	1.0
unpraktisch	neg 1.0		__DUMMY__ 0.8761069363273278 neg 0.06201669162885939 off 0.06187637204381277	false	1.0
wixxer	off 1.0		__DUMMY__ 0.861122658176761 off 0.07662246279162714 neg 0.06225487903161192	false	1.0
bezeichnet			__DUMMY__ 0.8732252605691019 neg 0.06583505852632277 off 0.060939680904575265	false	0.0
jammerlappen	off 1.0		__DUMMY__ 0.873912407744298 off 0.06550588957872536 neg 0.06058170267697661	false	1.0
farce	neg 1.0		__DUMMY__ 0.8746241776989007 neg 0.06631770783341098 off 0.059058114467688314	false	1.0
zwecklos	neg 1.0		__DUMMY__ 0.875290142652515 neg 0.06574434035137451 off 0.0589655169961105	false	1.0
turbulent	neg 1.0		__DUMMY__ 0.8690641648231482 off 0.06671098384706275 neg 0.064224851329789	false	0.5
invasion	neg 1.0		__DUMMY__ 0.8747480221592971 neg 0.06268305957543456 off 0.06256891826526823	false	1.0
schuld	neg 1.0		__DUMMY__ 0.8735496913132564 neg 0.0645494197072288 off 0.061900888979514894	false	1.0
risiko	neg 1.0	neg 1.0	neg 0.515763850682358 __DUMMY__ 0.437618358563739 off 0.046617790753903154	false	1.0
finster	neg 1.0		__DUMMY__ 0.873719011142851 neg 0.06475949270245922 off 0.061521496154689756	false	1.0
geisteskrank	off 1.0		__DUMMY__ 0.8684320720971651 off 0.06740794966148599 neg 0.06415997824134902	false	1.0
zusammenbrechen	neg 1.0		__DUMMY__ 0.8772296620434773 neg 0.06379525163075356 off 0.05897508632576911	false	1.0
ausbeute	neg 1.0		__DUMMY__ 0.8875434605902309 off 0.056767772716500506 neg 0.055688766693268506	false	0.5
hinterhalt	neg 1.0		__DUMMY__ 0.8828167770614944 neg 0.05861084790913727 off 0.05857237502936825	false	1.0
kritik	neg 1.0		__DUMMY__ 0.8742956615709943 neg 0.06680295693027155 off 0.05890138149873413	false	1.0
einschrumpfen	neg 1.0		__DUMMY__ 0.8718604124626483 off 0.06459000522535345 neg 0.06354958231199823	false	0.5
riskant	neg 1.0		__DUMMY__ 0.8772691744419805 neg 0.06609511159996155 off 0.05663571395805787	false	1.0
frustrieren	neg 1.0		__DUMMY__ 0.8774867050428116 neg 0.06502666703464048 off 0.05748662792254797	false	1.0
groll	neg 1.0		__DUMMY__ 0.8753711704177531 neg 0.06612019456447053 off 0.058508635017776374	false	1.0
gibt			__DUMMY__ 0.8779285015854235 neg 0.06294757140598325 off 0.05912392700859328	false	0.0
qualvoll	neg 1.0		__DUMMY__ 0.8743567798770874 off 0.06355070903928767 neg 0.06209251108362492	false	0.5
wackeln	neg 1.0		__DUMMY__ 0.8777003839305012 off 0.06135778738907908 neg 0.0609418286804197	false	0.5
klagen	neg 1.0		__DUMMY__ 0.8798548483355271 neg 0.06615138940444902 off 0.05399376226002386	false	1.0
bankrott	neg 1.0		__DUMMY__ 0.8753729585226635 off 0.06462536843258632 neg 0.06000167304475021	false	0.5
trauern	neg 1.0		__DUMMY__ 0.879911140923156 neg 0.06324411934524064 off 0.05684473973160332	false	1.0
ablehnung	neg 1.0		__DUMMY__ 0.8752313501477249 neg 0.06607837168839807 off 0.05869027816387702	false	1.0
stur	neg 1.0		__DUMMY__ 0.8739475699542126 neg 0.0640051920017434 off 0.06204723804404395	false	1.0
aufruhr	neg 1.0		__DUMMY__ 0.8763254815274008 neg 0.06404173973030483 off 0.05963277874229438	false	1.0
melancholie	neg 1.0		__DUMMY__ 0.8778121814565024 neg 0.06493565970664825 off 0.05725215883684926	false	1.0
ist			__DUMMY__ 0.8752220648845187 off 0.06259711109294856 neg 0.06218082402253271	false	0.0
torheit	neg 1.0		__DUMMY__ 0.8755163392281038 neg 0.0633948925638605 off 0.061088768208035646	false	1.0
dreckskind	off 1.0		__DUMMY__ 0.8639819772952081 off 0.07216698270756257 neg 0.06385103999722945	false	1.0
umtauschen	neg 1.0		__DUMMY__ 0.8775474716323296 neg 0.06255366004162359 off 0.059898868326046815	false	1.0
zum			__DUMMY__ 0.8876243307022598 neg 0.06102174051738116 off 0.051353928780358986	false	0.0
zersetzen	neg 1.0		__DUMMY__ 0.8771767460381872 neg 0.06698612997186267 off 0.05583712398995008	false	1.0
zur			__DUMMY__ 0.8855104453349962 neg 0.06348221070354053 off 0.05100734396146326	false	0.0
frust	neg 1.0		__DUMMY__ 0.8774014482329681 neg 0.06359195687849752 off 0.05900659488853452	false	1.0
unerbittlichkeit	neg 1.0		__DUMMY__ 0.8781899905876686 neg 0.06604091919434414 off 0.05576909021798727	false	1.0
zwei			__DUMMY__ 0.8863722909721702 neg 0.06120418290775971 off 0.052423526120070126	false	0.0
unkorrekt	neg 1.0		__DUMMY__ 0.8710834121932234 off 0.06869314571611243 neg 0.06022344209066418	false	0.5
hexe	off 1.0		__DUMMY__ 0.8679018497898907 neg 0.06669290081184603 off 0.06540524939826317	false	0.5
lasch	neg 1.0		__DUMMY__ 0.8712148350961915 off 0.06468721799098479 neg 0.06409794691282371	false	0.5
rivale	neg 1.0		__DUMMY__ 0.8705287013823451 off 0.06756643664486432 neg 0.06190486197279058	false	0.5
mutlos	off 1.0	off 1.0	off 0.5131692394885778 __DUMMY__ 0.43615801750084315 neg 0.05067274301057914	false	1.0
wirr	off 1.0		__DUMMY__ 0.8675940222537235 off 0.06941226888441794 neg 0.06299370886185854	false	1.0
jahr			__DUMMY__ 0.8884962225891728 neg 0.05671522669327086 off 0.05478855071755625	false	0.0
wird			__DUMMY__ 0.8776953631318237 neg 0.06439685979815014 off 0.057907777070026104	false	0.0
strafbar	neg 1.0		__DUMMY__ 0.8780107531095015 neg 0.06485185921477675 off 0.05713738767572166	false	1.0
erosion	neg 1.0		__DUMMY__ 0.8783576445945189 neg 0.061139248187330915 off 0.060503107218150165	false	1.0
eingehen	neg 1.0		__DUMMY__ 0.8769618371085509 neg 0.06575049574931346 off 0.057287667142135644	false	1.0
faul	off 1.0		__DUMMY__ 0.8748980411107397 off 0.06448539233942736 neg 0.06061656654983298	false	1.0
provisorium	neg 1.0		__DUMMY__ 0.8896346941172293 neg 0.061567113202894284 off 0.04879819267987643	false	1.0
schmerzen	neg 1.0		__DUMMY__ 0.8752454174518645 neg 0.06553427180757805 off 0.059220310740557516	false	1.0
schrumpfen	neg 1.0		__DUMMY__ 0.8813781852093518 neg 0.06716633949949156 off 0.0514554752911566	false	1.0
geistlos	off 1.0		__DUMMY__ 0.8707245922658319 neg 0.06560622613245873 off 0.06366918160170944	false	0.5
fehlkauf	neg 1.0		__DUMMY__ 0.8749977388830603 neg 0.06260232328662113 off 0.0623999378303185	false	1.0
frustrierend	neg 1.0		__DUMMY__ 0.8740920323381077 off 0.06455346838121101 neg 0.06135449928068117	false	0.5
unzufrieden	neg 1.0		__DUMMY__ 0.8757196391298578 neg 0.0655845377166385 off 0.05869582315350368	false	1.0
verzweifeln	neg 1.0		__DUMMY__ 0.8762807361113877 neg 0.06389109967954135 off 0.05982816420907096	false	1.0
verzweifelt	neg 1.0	neg 1.0	neg 0.5198469244294056 __DUMMY__ 0.43316546738822176 off 0.046987608182372693	false	1.0
misstrauensantrag	neg 1.0		__DUMMY__ 0.8750110012266376 off 0.06256019211584718 neg 0.06242880665751526	false	0.5
abfallen	neg 1.0		__DUMMY__ 0.8777375640234418 off 0.06118085983875056 neg 0.06108157613780761	false	0.5
fucker	off 1.0		__DUMMY__ 0.8714929321677705 off 0.0683815523544723 neg 0.0601255154777573	false	1.0
ungezogen	neg 1.0		__DUMMY__ 0.8640993312489648 off 0.07548494557025444 neg 0.06041572318078079	false	0.5
irrsinnig	neg 1.0	neg 1.0	neg 0.5189743743150683 __DUMMY__ 0.43404439050700366 off 0.04698123517792802	false	1.0
unfassbar	neg 1.0		__DUMMY__ 0.8730958606024367 off 0.06662276515796316 neg 0.0602813742396001	false	0.5
hart	neg 1.0		__DUMMY__ 0.8719960344369191 off 0.065985631949713 neg 0.06201833361336789	false	0.5
widerlich	off 1.0		__DUMMY__ 0.8700776503123518 off 0.0672916178209759 neg 0.06263073186667227	false	1.0
fatal	neg 1.0		__DUMMY__ 0.8744994421176826 off 0.06296699028669483 neg 0.06253356759562256	false	0.5
bruch	neg 1.0		__DUMMY__ 0.8801706019088652 neg 0.0654687797799859 off 0.05436061831114885	false	1.0
aushungern	neg 1.0		__DUMMY__ 0.8773668254667053 neg 0.06358796043544003 off 0.05904521409785471	false	1.0
anspannung	neg 1.0		__DUMMY__ 0.8849067787591719 neg 0.06353890202803944 off 0.05155431921278868	false	1.0
von			__DUMMY__ 0.8899253859019507 neg 0.055255665810481525 off 0.0548189482875678	false	0.0
kraftlos	neg 1.0		__DUMMY__ 0.8783293216537448 neg 0.06339046705272237 off 0.05828021129353286	false	1.0
vom			__DUMMY__ 0.8902122362117043 neg 0.060654161201545286 off 0.04913360258675044	false	0.0
grenzdebil	off 1.0		__DUMMY__ 0.8730508962490628 off 0.06685735304861376 neg 0.06009175070232333	false	1.0
vor			__DUMMY__ 0.8819995096984763 neg 0.06316052399049087 off 0.054839966311032835	false	0.0
unterwerfen	neg 1.0		__DUMMY__ 0.8775493674711725 neg 0.06510425848076754 off 0.05734637404805987	false	1.0
versenkung	neg 1.0		__DUMMY__ 0.880061454877031 neg 0.062410900045780954 off 0.057527645077187946	false	1.0
entziehen	neg 1.0		__DUMMY__ 0.8801900685181104 neg 0.06531493481791596 off 0.05449499666397361	false	1.0
finanzkrise	neg 1.0		__DUMMY__ 0.8732570575597878 neg 0.06717935024169239 off 0.05956359219851981	false	1.0
schimpfend	neg 1.0		__DUMMY__ 0.8749664816064942 neg 0.06280895797797913 off 0.062224560415526736	false	1.0
profan	neg 1.0		__DUMMY__ 0.8735812527952906 off 0.06331725746911741 neg 0.06310148973559197	false	0.5
korruption	neg 1.0		__DUMMY__ 0.8760437620725902 neg 0.0661298924784704 off 0.057826345448939505	false	1.0
â			__DUMMY__ 0.8798600785588748 neg 0.062426762538446395 off 0.05771315890267873	false	0.0
schmutzig	neg 1.0		__DUMMY__ 0.8729645056223582 off 0.0672691973498326 neg 0.059766297027809265	false	0.5
sexy	neg 1.0		__DUMMY__ 0.8750762101442222 off 0.06418746671847446 neg 0.060736323137303316	false	0.5
abraten	neg 1.0		__DUMMY__ 0.8763098614826913 off 0.06260328648257367 neg 0.06108685203473497	false	0.5
schwarz	neg 1.0		__DUMMY__ 0.8746978014052006 neg 0.06305626280579939 off 0.0622459357889999	false	1.0
fotze	off 1.0	off 1.0	off 0.5142688524405208 __DUMMY__ 0.4377198736085819 neg 0.04801127395089722	false	1.0
verwirren	neg 1.0		__DUMMY__ 0.8738314717294283 off 0.06381701889436181 neg 0.06235150937620987	false	0.5
zahnlos	off 1.0		__DUMMY__ 0.8757443684649365 neg 0.06478015635830185 off 0.05947547517676171	false	0.5
verheeren	neg 1.0		__DUMMY__ 0.8637928965775935 off 0.07687642575171695 neg 0.05933067767068951	false	0.5
hippie	neg 1.0		__DUMMY__ 0.8749154288980052 off 0.0639011023743702 neg 0.06118346872762457	false	0.5
rammen	neg 1.0		__DUMMY__ 0.8709690546662127 neg 0.06741120552052146 off 0.06161973981326595	false	1.0
unlauter	neg 1.0		__DUMMY__ 0.8729119790872517 neg 0.065408793533843 off 0.06167922737890538	false	1.0
unheilvoll	neg 1.0		__DUMMY__ 0.8748093476197173 neg 0.06306455091136694 off 0.062126101468915826	false	1.0
niedrig	neg 1.0		__DUMMY__ 0.8770274062350919 neg 0.06705721312602432 off 0.05591538063888385	false	1.0
explosion	neg 1.0		__DUMMY__ 0.8747948082913892 off 0.06332926411108708 neg 0.06187592759752381	false	0.5
weichei	off 1.0	off 1.0	off 0.5242812605395438 __DUMMY__ 0.42894517355778355 neg 0.04677356590267257	false	1.0
minusmensch	off 1.0		__DUMMY__ 0.860591838230571 off 0.07465020331777009 neg 0.06475795845165891	false	1.0
farblos	neg 1.0		__DUMMY__ 0.8772916820128355 neg 0.0629237449056773 off 0.059784573081487255	false	1.0
unwissend	neg 1.0	neg 1.0	neg 0.5174925713144878 __DUMMY__ 0.43271106954354077 off 0.04979635914197143	false	1.0
traurig	neg 1.0		__DUMMY__ 0.8719437620720893 off 0.06889587050486122 neg 0.059160367423049344	false	0.5
senkung	neg 1.0		__DUMMY__ 0.8719216398992481 neg 0.06492602512224806 off 0.0631523349785039	false	1.0
ungleich	neg 1.0	neg 1.0	neg 0.520130147174929 __DUMMY__ 0.4372020690850362 off 0.042667783740034784	false	1.0
heikel	neg 1.0		__DUMMY__ 0.877616595977601 neg 0.06577770810142262 off 0.05660569592097628	false	1.0
drosselung	neg 1.0		__DUMMY__ 0.8718192947109489 off 0.06655214981624338 neg 0.061628555472807656	false	0.5
falsch	neg 1.0		__DUMMY__ 0.8733145709532563 off 0.06472155729326991 neg 0.06196387175347394	false	0.5
unzufriedenheit	neg 1.0		__DUMMY__ 0.8790733609343765 neg 0.06573660686779709 off 0.0551900321978265	false	1.0
kurz	neg 1.0		__DUMMY__ 0.8805549913061804 neg 0.060412278039451504 off 0.059032730654368024	false	1.0
unsinnig	neg 1.0		__DUMMY__ 0.8754644932033341 neg 0.06490516191130645 off 0.05963034488535954	false	1.0
penner	off 1.0	off 1.0	off 0.5254592978152742 __DUMMY__ 0.4283034838005341 neg 0.04623721838419165	false	1.0
seicht	neg 1.0		__DUMMY__ 0.8640053663977725 off 0.07529965635750159 neg 0.06069497724472595	false	0.5
dummheit	off 1.0	off 1.0	off 0.5184504001716314 __DUMMY__ 0.4322473315179741 neg 0.049302268310394505	false	1.0
unerfreulich	neg 1.0		__DUMMY__ 0.8797310635598199 neg 0.06458685554350158 off 0.05568208089667861	false	1.0
motherfucker	off 1.0	off 1.0	off 0.5214662459927006 __DUMMY__ 0.4320521252829009 neg 0.04648162872439853	false	1.0
pikiert	neg 1.0		__DUMMY__ 0.8702284584573162 off 0.06652781275181577 neg 0.06324372879086797	false	0.5
wrack	neg 1.0		__DUMMY__ 0.8792186865104973 neg 0.0626477092014451 off 0.05813360428805771	false	1.0
gangster	neg 1.0		__DUMMY__ 0.8746736317868427 off 0.06390713984428671 neg 0.061419228368870656	false	0.5
krank	neg 1.0		__DUMMY__ 0.8738000926725774 off 0.0666790323221623 neg 0.059520875005260335	false	0.5
reich	neg 1.0		__DUMMY__ 0.8744711577749413 off 0.06554250298642487 neg 0.059986339238633814	false	0.5
gnadenlos	neg 1.0		__DUMMY__ 0.873673721307675 neg 0.06435461838392915 off 0.0619716603083959	false	1.0
niedergeschlagen	neg 1.0		__DUMMY__ 0.8779484880664618 neg 0.06278789948035568 off 0.05926361245318258	false	1.0
terrorisieren	off 1.0	off 1.0	off 0.5133318700062246 __DUMMY__ 0.43793052554619316 neg 0.04873760444758228	false	1.0
sinnlosigkeit	neg 1.0		__DUMMY__ 0.8762534960568948 neg 0.06484696646437306 off 0.05889953747873207	false	1.0
behindern	neg 1.0		__DUMMY__ 0.8767161541829824 neg 0.06350409560637421 off 0.05977975021064345	false	1.0
undemokratisch	neg 1.0		__DUMMY__ 0.8747966063230961 neg 0.06337804599619262 off 0.061825347680711296	false	1.0
wirtschaftskrise	neg 1.0		__DUMMY__ 0.8751945300929651 neg 0.06718505564684711 off 0.05762041426018776	false	1.0
neid	neg 1.0		__DUMMY__ 0.8768482221537218 off 0.06437970675066486 neg 0.058772071095613276	false	0.5
rutschen	neg 1.0		__DUMMY__ 0.8861354328138558 neg 0.06163382543424471 off 0.05223074175189955	false	1.0
rezession	neg 1.0		__DUMMY__ 0.8637468512239928 off 0.06933794131764688 neg 0.06691520745836042	false	0.5
fehlgeburt	neg 1.0		__DUMMY__ 0.8775000093701518 off 0.06212132009763926 neg 0.060378670532208974	false	0.5
charakterschwach	off 1.0		__DUMMY__ 0.8703174298007786 off 0.06719168987651661 neg 0.06249088032270477	false	1.0
isolation	neg 1.0		__DUMMY__ 0.8744475623412721 off 0.06413427526377927 neg 0.06141816239494866	false	0.5
ablenkung	neg 1.0		__DUMMY__ 0.8777533831775811 neg 0.06149751949909756 off 0.06074909732332138	false	1.0
pech	neg 1.0		__DUMMY__ 0.8745516734525718 off 0.06396559996457749 neg 0.06148272658285073	false	0.5
vermeidung	neg 1.0		__DUMMY__ 0.8721231940780403 off 0.06670544945923909 neg 0.06117135646272068	false	0.5
dominieren	neg 1.0		__DUMMY__ 0.8777969945619014 neg 0.0653156276036953 off 0.0568873778344034	false	1.0
schwindlig	neg 1.0		__DUMMY__ 0.8767635231885457 off 0.06239694554832254 neg 0.060839531263131824	false	0.5
lutscher	neg 1.0	neg 1.0	neg 0.5156289361883957 __DUMMY__ 0.42717209968526515 off 0.05719896412633923	false	1.0
pflicht	neg 1.0		__DUMMY__ 0.8783924408958087 neg 0.06601688564749028 off 0.05559067345670092	false	1.0
faschist	off 1.0		__DUMMY__ 0.8738941307422614 off 0.0642351798685351 neg 0.06187068938920349	false	1.0
verschleudern	neg 1.0		__DUMMY__ 0.8774488842747926 neg 0.06618575879634489 off 0.05636535692886241	false	1.0
wenn			__DUMMY__ 0.8731115504528458 off 0.06485608804716839 neg 0.0620323614999858	false	0.0
ehebruch	neg 1.0		__DUMMY__ 0.8773270192913898 neg 0.06485181639169184 off 0.05782116431691843	false	1.0
spott	off 1.0		__DUMMY__ 0.8766935703053393 neg 0.06590613435704305 off 0.05740029533761767	false	0.5
trostlosigkeit	neg 1.0		__DUMMY__ 0.8797527391728341 neg 0.06544120241588244 off 0.05480605841128346	false	1.0
lutschen	neg 1.0		__DUMMY__ 0.8715946010109097 off 0.06430979949247985 neg 0.06409559949661046	false	0.5
undiszipliniert	neg 1.0		__DUMMY__ 0.8709996050795615 off 0.0683554259149674 neg 0.060644969005471026	false	0.5
kopfschmerz	neg 1.0		__DUMMY__ 0.87513253719306 neg 0.06663563194017613 off 0.058231830866763916	false	1.0
unvorhergesehen	neg 1.0		__DUMMY__ 0.8836202700610394 neg 0.06074421983982381 off 0.05563551009913677	false	1.0
desinteressiert	neg 1.0	neg 1.0	neg 0.5168413880663696 __DUMMY__ 0.43165713833852937 off 0.05150147359510099	false	1.0
armselig	off 1.0		__DUMMY__ 0.8681230773738994 off 0.06923495875042103 neg 0.06264196387567954	false	1.0
desaster	neg 1.0		__DUMMY__ 0.8801464439524459 neg 0.06601688103186318 off 0.05383667501569091	false	1.0
tod	neg 1.0		__DUMMY__ 0.8802035744230577 neg 0.06230409416449159 off 0.05749233141245067	false	1.0
herzlos	neg 1.0		__DUMMY__ 0.8697175694851849 off 0.06901135044771772 neg 0.06127108006709741	false	0.5
unwissenheit	neg 1.0		__DUMMY__ 0.8759369868728717 neg 0.06546774492642218 off 0.05859526820070606	false	1.0
widersinnig	neg 1.0		__DUMMY__ 0.8737461712426151 neg 0.06747808630937141 off 0.05877574244801337	false	1.0
bedenklich	neg 1.0		__DUMMY__ 0.876596137586305 neg 0.06565638507230145 off 0.057747477341393634	false	1.0
beanstanden	neg 1.0		__DUMMY__ 0.8792791561799831 neg 0.0655445994618906 off 0.05517624435812634	false	1.0
panisch	neg 1.0	neg 1.0	neg 0.5152456244439987 __DUMMY__ 0.437241876723841 off 0.047512498832160376	false	1.0
debil	off 1.0		__DUMMY__ 0.8854437757411132 neg 0.06506739944597528 off 0.0494888248129115	false	0.5
abstrich	neg 1.0		__DUMMY__ 0.8826710766264834 off 0.05867967184807413 neg 0.05864925152544244	false	0.5
primitiv	neg 1.0		__DUMMY__ 0.8698489847372091 off 0.0675131760621603 neg 0.06263783920063055	false	0.5
abschaum	off 1.0	off 1.0	off 0.5201994620890344 __DUMMY__ 0.43221143630369085 neg 0.04758910160727473	false	1.0
provozieren	neg 1.0		__DUMMY__ 0.8727484649243713 neg 0.06542166192448633 off 0.061829873151142335	false	1.0
tot	neg 1.0		__DUMMY__ 0.8780037080092328 neg 0.06427887502520314 off 0.05771741696556412	false	1.0
instabil	neg 1.0		__DUMMY__ 0.8688407228381878 off 0.06845503240036958 neg 0.06270424476144257	false	0.5
schwuchtel	off 1.0	off 1.0	off 0.5299088979279577 __DUMMY__ 0.4234469229425733 neg 0.04664417912946895	false	1.0
zerren	neg 1.0		__DUMMY__ 0.877422606342459 neg 0.06373167993722426 off 0.058845713720316765	false	1.0
kinderficker	off 1.0		__DUMMY__ 0.8688082518921849 off 0.07176447374164512 neg 0.05942727436616996	false	1.0
gefahr	neg 1.0		__DUMMY__ 0.8808026117715768 neg 0.06417541796888004 off 0.05502197025954324	false	1.0
rabiat	neg 1.0		__DUMMY__ 0.8760871084383981 neg 0.0629643116800886 off 0.06094857988151328	false	1.0
verlangsamung	neg 1.0		__DUMMY__ 0.86283953382172 off 0.07328079690514167 neg 0.06387966927313839	false	0.5
ausgestorben	neg 1.0		__DUMMY__ 0.8771613648498274 neg 0.06225659014484369 off 0.06058204500532881	false	1.0
anklagen	neg 1.0		__DUMMY__ 0.8769817621467023 neg 0.06505679545576094 off 0.057961442397536755	false	1.0
trott	neg 1.0		__DUMMY__ 0.8767497487380045 neg 0.06307525752463954 off 0.06017499373735601	false	1.0
verminderung	neg 1.0		__DUMMY__ 0.8716850604925903 off 0.06702467027926695 neg 0.06129026922814277	false	0.5
nach			__DUMMY__ 0.887458051770098 neg 0.06131209060304602 off 0.05122985762685601	false	0.0
rost	neg 1.0		__DUMMY__ 0.8679435518907584 off 0.0718449377179008 neg 0.06021151039134075	false	0.5
destruktiv	neg 1.0		__DUMMY__ 0.874755222908333 neg 0.06456520332029154 off 0.06067957377137555	false	1.0
unzumutbarkeit	neg 1.0		__DUMMY__ 0.8738786825378576 off 0.06588238234571106 neg 0.06023893511643134	false	0.5
labil	off 1.0	off 1.0	off 0.5195859515127053 __DUMMY__ 0.4330443024041311 neg 0.04736974608316358	false	1.0
ziemlich	neg 1.0		__DUMMY__ 0.8743765251956316 off 0.06640506874413206 neg 0.059218406060236414	false	0.5
lachnummer	off 1.0		__DUMMY__ 0.8738242790174962 neg 0.06469908473833527 off 0.061476636244168645	false	0.5
oder			__DUMMY__ 0.8773855955819344 off 0.061368567893637246 neg 0.06124583652442825	false	0.0
verfall	neg 1.0		__DUMMY__ 0.8822573435636367 neg 0.06626371578695553 off 0.05147894064940775	false	1.0
ausgrenzung	neg 1.0		__DUMMY__ 0.8744023747436475 neg 0.06320734286684866 off 0.06239028238950389	false	1.0
unordnung	neg 1.0		__DUMMY__ 0.8741712498592293 off 0.06820060292673694 neg 0.057628147214033636	false	0.5
fehlverhalten	neg 1.0		__DUMMY__ 0.876639863523621 neg 0.06716603615115228 off 0.05619410032522683	false	1.0
eine			__DUMMY__ 0.8815739785771811 neg 0.06309199641640038 off 0.05533402500641841	false	0.0
nille	neg 1.0		__DUMMY__ 0.8773378629998849 neg 0.06235305452626666 off 0.06030908247384841	false	1.0
qual	neg 1.0		__DUMMY__ 0.8771281174749802 neg 0.06305452096893457 off 0.059817361556085254	false	1.0
verschwenden	neg 1.0		__DUMMY__ 0.8768097432439916 neg 0.06620548008228265 off 0.056984776673725736	false	1.0
riesig	neg 1.0		__DUMMY__ 0.8798147223193985 neg 0.06309297667141255 off 0.05709230100918902	false	1.0
verurteilen	neg 1.0		__DUMMY__ 0.8744727150405329 neg 0.06694017052944617 off 0.058587114430020806	false	1.0
klischee	neg 1.0	neg 1.0	neg 0.5186110778019009 __DUMMY__ 0.4324657009044011 off 0.048923221293698124	false	1.0
diktatorisch	neg 1.0		__DUMMY__ 0.8740494886512685 neg 0.0639145995316734 off 0.062035911817058094	false	1.0
vorhersehbar	neg 1.0		__DUMMY__ 0.8717519270256692 neg 0.06419161286737306 off 0.06405646010695787	false	1.0
sowie			__DUMMY__ 0.8663444677113251 off 0.07099077230612252 neg 0.06266475998255235	false	0.0
stornieren	neg 1.0		__DUMMY__ 0.8808145283805295 off 0.06229057594716411 neg 0.05689489567230638	false	0.5
besteuerung	neg 1.0		__DUMMY__ 0.8719660056043896 neg 0.06691267249726641 off 0.06112132189834392	false	1.0
ungeschminkt	neg 1.0		__DUMMY__ 0.8678775058454301 off 0.06681935782538038 neg 0.06530313632918941	false	0.5
kritisch	neg 1.0		__DUMMY__ 0.8772842298947242 neg 0.06517184564283608 off 0.057543924462439736	false	1.0
schlamperei	off 1.0		__DUMMY__ 0.879744477086183 neg 0.06405170506310237 off 0.05620381785071467	false	0.5
sucht	neg 1.0	neg 1.0	neg 0.512954600147966 __DUMMY__ 0.4410954739109336 off 0.045949925941100346	false	1.0
egoistisch	off 1.0		__DUMMY__ 0.8668748590637481 off 0.07184728463034237 neg 0.061277856305909616	false	1.0
ausbeuter	off 1.0		__DUMMY__ 0.8757493722230834 neg 0.06806919147392529 off 0.05618143630299133	false	0.5
arschgeburt	off 1.0		__DUMMY__ 0.8579176812853114 off 0.07935338700003258 neg 0.06272893171465606	false	1.0
schubs	neg 1.0		__DUMMY__ 0.8787385963266945 neg 0.06287892389199863 off 0.05838247978130696	false	1.0
unsolide	neg 1.0		__DUMMY__ 0.8722596633678348 neg 0.06518429765452943 off 0.0625560389776357	false	1.0
beschwerde	neg 1.0		__DUMMY__ 0.8769500694115494 neg 0.06612856010492607 off 0.056921370483524435	false	1.0
stocken	neg 1.0		__DUMMY__ 0.8787196688689316 neg 0.06483291573489879 off 0.05644741539616962	false	1.0
isolieren	neg 1.0		__DUMMY__ 0.877309562499835 neg 0.064792906469898 off 0.05789753103026699	false	1.0
unheilbar	neg 1.0		__DUMMY__ 0.8759054666031704 neg 0.0629379384062433 off 0.061156594990586385	false	1.0
pisser	off 1.0		__DUMMY__ 0.8677052351236877 off 0.06867260781445196 neg 0.06362215706186035	false	1.0
löschen	neg 1.0		__DUMMY__ 0.876580357702796 neg 0.06287449801995372 off 0.060545144277250315	false	1.0
durchfallen	neg 1.0		__DUMMY__ 0.8755591831422804 neg 0.06634211390321801 off 0.05809870295450164	false	1.0
wichser	off 1.0	off 1.0	off 0.5277762493988671 __DUMMY__ 0.42667457184968394 neg 0.045549178751448885	false	1.0
terror	neg 1.0		__DUMMY__ 0.8754469914625709 off 0.06340225011225928 neg 0.06115075842516978	false	0.5
krass	neg 1.0		__DUMMY__ 0.8697088009582974 off 0.06939647487395563 neg 0.06089472416774699	false	0.5
revolte	neg 1.0		__DUMMY__ 0.8742049520921258 neg 0.06303228997926343 off 0.0627627579286107	false	1.0
besorgt	neg 1.0		__DUMMY__ 0.8813653276753732 neg 0.059723181554987174 off 0.058911490769639585	false	1.0
nachlassen	neg 1.0		__DUMMY__ 0.8801136606475914 neg 0.06383129357524747 off 0.056055045777160986	false	1.0
alt	neg 1.0		__DUMMY__ 0.8767933712544708 neg 0.06545444226630993 off 0.05775218647921931	false	1.0
hundesohn	off 1.0		__DUMMY__ 0.8626084535623564 off 0.07598422925475692 neg 0.06140731718288664	false	1.0
als			__DUMMY__ 0.8784987797657494 neg 0.06274038727993264 off 0.05876083295431788	false	0.0
abschreckung	neg 1.0		__DUMMY__ 0.8790800774458349 neg 0.0659009764669948 off 0.055018946087170305	false	1.0
unqualifiziert	neg 1.0		__DUMMY__ 0.8711245095153982 off 0.06494656523886423 neg 0.06392892524573757	false	0.5
abgewichst	off 1.0		__DUMMY__ 0.8785551192421405 neg 0.061895333050213525 off 0.059549547707646054	false	0.5
schwer	neg 1.0		__DUMMY__ 0.8757121448193977 neg 0.06400847959248306 off 0.06027937558811921	false	1.0
bedeutungslosigkeit	neg 1.0		__DUMMY__ 0.8783328492575877 neg 0.06564054752461135 off 0.05602660321780088	false	1.0
kapitulation	neg 1.0		__DUMMY__ 0.8780568064596089 neg 0.06472041231511486 off 0.057222781225276256	false	1.0
unscharf	neg 1.0		__DUMMY__ 0.8732340455714982 neg 0.06412843595441226 off 0.06263751847408944	false	1.0
schwinden	neg 1.0		__DUMMY__ 0.8782814756309871 neg 0.06610938645454217 off 0.05560913791447074	false	1.0
versklavung	neg 1.0		__DUMMY__ 0.8749121170536583 neg 0.06356822721651208 off 0.061519655729829495	false	1.0
schlecht	neg 1.0		__DUMMY__ 0.8739968752494935 off 0.06662838009377026 neg 0.059374744656736214	false	0.5
verhasst	neg 1.0		__DUMMY__ 0.8713141605518387 neg 0.0662989550566725 off 0.06238688439148876	false	1.0
beschweren	neg 1.0		__DUMMY__ 0.874894224625888 off 0.06276435173071382 neg 0.062341423643398154	false	0.5
scheiden	neg 1.0		__DUMMY__ 0.8790247376040806 neg 0.060809349389482695 off 0.06016591300643675	false	1.0
frustriert	neg 1.0		__DUMMY__ 0.8754546675169899 neg 0.06504758605139195 off 0.05949774643161814	false	1.0
schimmelig	neg 1.0		__DUMMY__ 0.8739015701146129 neg 0.06866976145569925 off 0.057428668429687905	false	1.0
fisch	neg 1.0		__DUMMY__ 0.877689246473857 neg 0.06777647435461008 off 0.05453427917153295	false	1.0
schmuggel	neg 1.0		__DUMMY__ 0.8788085404721242 neg 0.06492352275658654 off 0.05626793677128921	false	1.0
auffallen	neg 1.0		__DUMMY__ 0.8745998204437764 off 0.06348713093978156 neg 0.06191304861644214	false	0.5
konkurrenz	neg 1.0		__DUMMY__ 0.8793188324504237 neg 0.06602845131762156 off 0.05465271623195469	false	1.0
teufelskreis	neg 1.0	neg 1.0	neg 0.5202482324627303 __DUMMY__ 0.43387621055907916 off 0.04587555697819048	false	1.0
aufschreien	neg 1.0		__DUMMY__ 0.8726304093815437 neg 0.06374837762228933 off 0.0636212129961669	false	1.0
schuldner	neg 1.0		__DUMMY__ 0.876245886054766 neg 0.0683832849785658 off 0.05537082896666816	false	1.0
missgeburt	off 1.0	off 1.0	off 0.5248863783459562 __DUMMY__ 0.42723290653888 neg 0.0478807151151638	false	1.0
arbeitslos	neg 1.0		__DUMMY__ 0.875619448367664 neg 0.06585969017354004 off 0.0585208614587958	false	1.0
befallen	neg 1.0		__DUMMY__ 0.8738935687662195 neg 0.06692566750607927 off 0.059180763727701216	false	1.0
miesepetrig	off 1.0	off 1.0	off 0.519867819978125 __DUMMY__ 0.43397184072865147 neg 0.04616033929322357	false	1.0
alarmieren	neg 1.0		__DUMMY__ 0.8709781035702753 off 0.06520530107521594 neg 0.06381659535450875	false	0.5
ungeduscht	off 1.0		__DUMMY__ 0.871306239305959 off 0.06442887335916646 neg 0.06426488733487454	false	1.0
knappheit	neg 1.0		__DUMMY__ 0.8741845235778317 neg 0.0679911305424523 off 0.05782434587971597	false	1.0
schlange	neg 1.0		__DUMMY__ 0.8787366680731571 off 0.06202035728096384 neg 0.05924297464587905	false	0.5
harsch	neg 1.0		__DUMMY__ 0.8713890856646375 off 0.07045678539958283 neg 0.058154128935779696	false	0.5
lang	neg 1.0		__DUMMY__ 0.8765101981902076 neg 0.06209840152525539 off 0.06139140028453709	false	1.0
ziellos	neg 1.0		__DUMMY__ 0.87981272393943 neg 0.06262410337694384 off 0.05756317268362622	false	1.0
selbstverliebt	neg 1.0		__DUMMY__ 0.8616430876766534 off 0.07698645925248115 neg 0.0613704530708653	false	0.5
beseitigen	neg 1.0		__DUMMY__ 0.8774781573098143 neg 0.06344184387652473 off 0.059079998813661085	false	1.0
dumm	off 1.0		__DUMMY__ 0.8674880352639431 off 0.07240951014412648 neg 0.06010245459193037	false	1.0
arbeitsloser	neg 1.0		__DUMMY__ 0.878985115439098 neg 0.06246227419631238 off 0.05855261036458969	false	1.0
blitzen	neg 1.0		__DUMMY__ 0.8751347360156768 off 0.06381091154062749 neg 0.061054352443695656	false	0.5
hilflos	neg 1.0		__DUMMY__ 0.8758596046051309 neg 0.06514804912027236 off 0.05899234627459667	false	1.0
eklig	off 1.0		__DUMMY__ 0.8641181911096766 off 0.07295617177468641 neg 0.06292563711563695	false	1.0
begriff			__DUMMY__ 0.8766688797469827 neg 0.06313364098819901 off 0.06019747926481822	false	0.0
hungersnot	neg 1.0		__DUMMY__ 0.8771462763070099 neg 0.06460713651146174 off 0.058246587181528364	false	1.0
ungesetzlich	neg 1.0		__DUMMY__ 0.8722412282289252 neg 0.06587935746130698 off 0.061879414309767775	false	1.0
verschwendung	neg 1.0		__DUMMY__ 0.8781176901526447 neg 0.06527415285208002 off 0.056608156995275334	false	1.0
schmerzvoll	neg 1.0		__DUMMY__ 0.8743261583729304 neg 0.06328816795663965 off 0.06238567367042991	false	1.0
vorzeitig	neg 1.0		__DUMMY__ 0.8732116789252307 neg 0.06351595982818893 off 0.06327236124658034	false	1.0
unvollkommenheit	neg 1.0		__DUMMY__ 0.882130863852303 neg 0.060252172726833295 off 0.05761696342086374	false	1.0
intervenieren	neg 1.0		__DUMMY__ 0.8771283087665058 neg 0.06629522502626059 off 0.05657646620723366	false	1.0
banause	off 1.0		__DUMMY__ 0.8611568481979087 off 0.07547734110710215 neg 0.06336581069498914	false	1.0
rebell	neg 1.0		__DUMMY__ 0.8810431444016577 neg 0.06632599522035873 off 0.05263086037798355	false	1.0
unlogisch	neg 1.0		__DUMMY__ 0.8692175675632785 off 0.06887408241105764 neg 0.061908350025663826	false	0.5
leiden	neg 1.0		__DUMMY__ 0.8818659374526067 neg 0.06301334985914286 off 0.05512071268825045	false	1.0
abschaffung	neg 1.0		__DUMMY__ 0.8758445897514082 neg 0.0631496522762382 off 0.06100575797235359	false	1.0
sturz	neg 1.0		__DUMMY__ 0.8777724444181398 neg 0.06158117203962152 off 0.06064638354223874	false	1.0
verkleinerung	neg 1.0		__DUMMY__ 0.8717321532644781 neg 0.06457258658474033 off 0.06369526015078168	false	1.0
schmarotzer	off 1.0		__DUMMY__ 0.8745213359473254 neg 0.06615516084041635 off 0.05932350321225833	false	0.5
bestrafung	neg 1.0		__DUMMY__ 0.8750921381403987 neg 0.06308815109428713 off 0.061819710765314194	false	1.0
achtlos	neg 1.0	neg 1.0	neg 0.5178448101541384 __DUMMY__ 0.4366819187069789 off 0.04547327113888269	false	1.0
ungeheuer	neg 1.0		__DUMMY__ 0.8754195515083271 off 0.06289643839674033 neg 0.06168401009493265	false	0.5
unaufrichtig	neg 1.0		__DUMMY__ 0.8777270276848292 off 0.06378593817431649 neg 0.05848703414085428	false	0.5
