unsolidarisch	neg 1.0		__DUMMY__ 0.9206582982526255 neg 0.04155400962274682 off 0.037787692124627764	false	1.0
nachteilig	neg 1.0		__DUMMY__ 0.9255324750733814 neg 0.04037646056183132 off 0.03409106436478715	false	1.0
skeptisch	neg 1.0		__DUMMY__ 0.9257685843347023 neg 0.0404345232532139 off 0.033796892412083855	false	1.0
schrecklich	neg 1.0		__DUMMY__ 0.9189681674225285 off 0.04485603823250366 neg 0.03617579434496782	false	0.5
schlapp	neg 1.0		__DUMMY__ 0.9216163384219201 off 0.041383288599302945 neg 0.03700037297877688	false	0.5
abfall	neg 1.0		__DUMMY__ 0.928559670842335 neg 0.040565514249647244 off 0.030874814908017703	false	1.0
widerspenstig	neg 1.0		__DUMMY__ 0.9239275269107867 neg 0.038691919648121145 off 0.03738055344109217	false	1.0
abrupt	neg 1.0		__DUMMY__ 0.9267337641992157 neg 0.0393773169071266 off 0.03388891889365778	false	1.0
unwirksam	neg 1.0		__DUMMY__ 0.9201725512115162 neg 0.04247168153588734 off 0.03735576725259645	false	1.0
angreifen	neg 1.0		__DUMMY__ 0.9242166799996726 neg 0.041916362663299504 off 0.033866957337027936	false	1.0
inkonsistent	neg 1.0		__DUMMY__ 0.9208795850722339 neg 0.04121588271912458 off 0.03790453220864145	false	1.0
abrutschen	neg 1.0		__DUMMY__ 0.9268529012810601 neg 0.04180600377858399 off 0.031341094940355904	false	1.0
unsicher	neg 1.0		__DUMMY__ 0.9251098126991779 off 0.037477378791848905 neg 0.0374128085089732	false	0.5
bauernkind	off 1.0	off 1.0	off 0.5113135122476317 __DUMMY__ 0.44841836992719714 neg 0.04026811782517123	false	1.0
angreifer	neg 1.0	neg 1.0	neg 0.5040114977897634 __DUMMY__ 0.4605356810898778 off 0.03545282112035877	false	1.0
trennen	neg 1.0		__DUMMY__ 0.927618486804676 neg 0.03915091563440558 off 0.03323059756091843	false	1.0
schmutz	neg 1.0		__DUMMY__ 0.9256516155777617 off 0.03829149072017228 neg 0.036056893702066016	false	0.5
inkonsistenz	neg 1.0		__DUMMY__ 0.9166929729931227 off 0.04210454518094895 neg 0.04120248182592831	false	0.5
erschreckend	neg 1.0		__DUMMY__ 0.9228115313206887 neg 0.04002472191323929 off 0.03716374676607192	false	1.0
ertrinken	neg 1.0		__DUMMY__ 0.9246080019032648 neg 0.04143288465529441 off 0.033959113441440786	false	1.0
pickelface	off 1.0		__DUMMY__ 0.924370108417331 neg 0.038925734191704996 off 0.036704157390964	false	0.5
seiner			__DUMMY__ 0.9257940845305282 neg 0.04021482039311064 off 0.033991095076361146	false	0.0
lauch	neg 1.0		__DUMMY__ 0.9280270856994738 neg 0.040620006446687895 off 0.031352907853838326	false	1.0
unwichtig	neg 1.0		__DUMMY__ 0.9196596079612376 off 0.0415732488305571 neg 0.03876714320820532	false	0.5
steuerhinterziehung	neg 1.0	neg 1.0	neg 0.5073683306893558 __DUMMY__ 0.46016502768223944 off 0.03246664162840476	false	1.0
schock	neg 1.0		__DUMMY__ 0.923946935106136 neg 0.03927921690100874 off 0.03677384799285529	false	1.0
beule	neg 1.0		__DUMMY__ 0.9194323609354579 off 0.04212325870494458 neg 0.03844438035959745	false	0.5
vergelten	neg 1.0		__DUMMY__ 0.9220352841166305 off 0.04402377362801678 neg 0.03394094225535271	false	0.5
verdorbenheit	neg 1.0		__DUMMY__ 0.9269892155291497 off 0.03743801100586669 neg 0.03557277346498357	false	0.5
trauma	neg 1.0		__DUMMY__ 0.9229260112575252 neg 0.038845973336788374 off 0.03822801540568648	false	1.0
sinnlos	neg 1.0		__DUMMY__ 0.9223670403515292 off 0.03935542072852562 neg 0.0382775389199452	false	0.5
fettsack	off 1.0	off 1.0	off 0.5121867892312939 __DUMMY__ 0.45021191820964185 neg 0.037601292559064324	false	1.0
feige	off 1.0	off 1.0	off 0.5083202614504169 __DUMMY__ 0.4547542175709442 neg 0.03692552097863898	false	1.0
abdanken	neg 1.0		__DUMMY__ 0.9229655946509926 neg 0.0396772771361553 off 0.03735712821285209	false	1.0
wichtigtuer	off 1.0	off 1.0	off 0.5064866326653017 __DUMMY__ 0.45728684195561436 neg 0.03622652537908387	false	1.0
misslingen	neg 1.0		__DUMMY__ 0.930116134131086 off 0.03736220953225059 neg 0.032521656336663464	false	0.5
untreu	off 1.0		__DUMMY__ 0.91986260190383 off 0.04186531195570336 neg 0.03827208614046669	false	1.0
missmutig	neg 1.0		__DUMMY__ 0.9214223839469129 off 0.04119579537838105 neg 0.03738182067470607	false	0.5
hurenbock	off 1.0		__DUMMY__ 0.9236603927567663 off 0.03867482844764409 neg 0.037664778795589604	false	1.0
betrunken	neg 1.0		__DUMMY__ 0.9202973065753326 off 0.04283545099781423 neg 0.03686724242685315	false	0.5
korrupt	off 1.0		__DUMMY__ 0.9211192990490625 neg 0.04287785946655404 off 0.0360028414843834	false	0.5
unmut	neg 1.0		__DUMMY__ 0.9277992163076815 neg 0.04070810774229402 off 0.03149267595002452	false	1.0
hackfresse	off 1.0		__DUMMY__ 0.9155708577831508 off 0.04771216668553367 neg 0.03671697553131559	false	1.0
aufblasen	neg 1.0		__DUMMY__ 0.9232177645498668 off 0.03880484084021972 neg 0.037977394609913465	false	0.5
gewaltsam	neg 1.0		__DUMMY__ 0.9244852481549848 neg 0.03921631129680282 off 0.03629844054821242	false	1.0
unbeliebtheit	neg 1.0		__DUMMY__ 0.9179723658505773 neg 0.04108262725652805 off 0.040945006892894584	false	1.0
sturheit	neg 1.0		__DUMMY__ 0.9224706554104786 neg 0.04075524277439917 off 0.03677410181512219	false	1.0
kuh	neg 1.0		__DUMMY__ 0.917755663827501 neg 0.04305899277867271 off 0.03918534339382636	false	1.0
erschrecken	neg 1.0		__DUMMY__ 0.9220489556677177 off 0.040975302526702756 neg 0.036975741805579526	false	0.5
opfer	neg 1.0		__DUMMY__ 0.9251258277454831 neg 0.039957496205451 off 0.03491667604906591	false	1.0
sinken	neg 1.0		__DUMMY__ 0.9272967651352823 neg 0.04093109253534923 off 0.03177214232936844	false	1.0
stinktier	neg 1.0		__DUMMY__ 0.9115868437011695 off 0.04560394773664894 neg 0.04280920856218155	false	0.5
tucke	off 1.0		__DUMMY__ 0.912536013141685 off 0.04854110843776673 neg 0.0389228784205483	false	1.0
ein			__DUMMY__ 0.9231290285263161 neg 0.03874259168584088 off 0.038128379787843024	false	0.0
abstieg	neg 1.0		__DUMMY__ 0.9249903648264571 neg 0.04098329335300711 off 0.03402634182053572	false	1.0
missverstehen	neg 1.0		__DUMMY__ 0.9199959539581759 off 0.0401864258392936 neg 0.03981762020253045	false	0.5
ergebnislos	neg 1.0		__DUMMY__ 0.9267640996709742 neg 0.03944924246009857 off 0.03378665786892736	false	1.0
unter			__DUMMY__ 0.9331816851951684 neg 0.03957012909999056 off 0.02724818570484095	false	0.0
manipulieren	neg 1.0		__DUMMY__ 0.9263156850438836 neg 0.04020278037411696 off 0.033481534581999484	false	1.0
unbewiesen	neg 1.0		__DUMMY__ 0.9198171994861983 neg 0.04236134360240613 off 0.0378214569113955	false	1.0
verschleppen	neg 1.0		__DUMMY__ 0.923790477927548 neg 0.04095895064400653 off 0.03525057142844543	false	1.0
weib	off 1.0		__DUMMY__ 0.9106177936981807 off 0.048468938103193526 neg 0.04091326819862575	false	1.0
opposition	neg 1.0		__DUMMY__ 0.9212018532660115 neg 0.040206161197016234 off 0.038591985536972205	false	1.0
verkehrswidrig	neg 1.0		__DUMMY__ 0.9228858951099641 off 0.044310552214854276 neg 0.03280355267518163	false	0.5
inkorrekt	neg 1.0		__DUMMY__ 0.9165936865659329 off 0.0447568174933258 neg 0.038649495940741276	false	0.5
vermeiden	neg 1.0	neg 1.0	neg 0.5055957998410942 __DUMMY__ 0.46725566291293497 off 0.027148537245970984	false	1.0
abweichung	neg 1.0		__DUMMY__ 0.9257417701776595 neg 0.03958084654890867 off 0.03467738327343188	false	1.0
alkoholisiert	neg 1.0		__DUMMY__ 0.9283229573290935 neg 0.038428798562463326 off 0.033248244108443174	false	1.0
scheiss	off 1.0	off 1.0	off 0.5078706997107109 __DUMMY__ 0.45690032579838474 neg 0.03522897449090443	false	1.0
herausforderung	neg 1.0		__DUMMY__ 0.9269279258960837 neg 0.03953295630857577 off 0.03353911779534051	false	1.0
pervers	off 1.0		__DUMMY__ 0.9124533368763352 off 0.05054449839951535 neg 0.03700216472414941	false	1.0
wackelig	neg 1.0		__DUMMY__ 0.9282726940964775 neg 0.03619837701942769 off 0.035528928884094854	false	1.0
verwickeln	neg 1.0		__DUMMY__ 0.9202273200776678 neg 0.03999238142728012 off 0.03978029849505199	false	1.0
vorwand	neg 1.0		__DUMMY__ 0.9255598367067343 neg 0.0410190248499075 off 0.033421138443358214	false	1.0
muschi	off 1.0		__DUMMY__ 0.924145916883652 neg 0.03896521336843188 off 0.0368888697479161	false	0.5
entmutigung	neg 1.0		__DUMMY__ 0.9217530299950816 neg 0.03948880331405511 off 0.03875816669086334	false	1.0
unangemessen	neg 1.0		__DUMMY__ 0.9219455249759552 neg 0.04146378833447129 off 0.036590686689573555	false	1.0
unstetig	neg 1.0		__DUMMY__ 0.9233203623921531 off 0.03929777314801352 neg 0.037381864459833436	false	0.5
entmutigen	neg 1.0		__DUMMY__ 0.9228465366864941 neg 0.03886126996980056 off 0.038292193343705413	false	1.0
schwanz	neg 1.0		__DUMMY__ 0.9253977466143986 neg 0.03996436022748426 off 0.03463789315811727	false	1.0
verbot	neg 1.0		__DUMMY__ 0.9235989617344483 neg 0.04079935494528305 off 0.03560168332026864	false	1.0
leid	neg 1.0		__DUMMY__ 0.916442017618873 off 0.04613319504375757 neg 0.03742478733736943	false	0.5
archaisch	neg 1.0		__DUMMY__ 0.9234132365279358 neg 0.04002566286237743 off 0.036561100609686786	false	1.0
gegen			__DUMMY__ 0.9275599376698712 neg 0.04026317112811576 off 0.03217689120201304	false	0.0
scheidung	neg 1.0		__DUMMY__ 0.9139097659316703 off 0.05414840201120475 neg 0.03194183205712497	false	0.5
einschlag	neg 1.0		__DUMMY__ 0.9191153073830979 off 0.043846129454164884 neg 0.03703856316273717	false	0.5
m			__DUMMY__ 0.9259550880137987 neg 0.03858249969591842 off 0.03546241229028298	false	0.0
abgestanden	neg 1.0		__DUMMY__ 0.9222059995761882 neg 0.04049496903499966 off 0.037299031388812055	false	1.0
schmierig	off 1.0		__DUMMY__ 0.9178396224849827 off 0.04549359540815664 neg 0.03666678210686059	false	1.0
unpraktisch	neg 1.0		__DUMMY__ 0.9234007418216476 off 0.038424682125596604 neg 0.038174576052755836	false	0.5
wixxer	off 1.0		__DUMMY__ 0.910499926017147 off 0.050775235774774205 neg 0.03872483820807881	false	1.0
bezeichnet			__DUMMY__ 0.9208018315384783 neg 0.0413186216709975 off 0.03787954679052425	false	0.0
jammerlappen	off 1.0		__DUMMY__ 0.9214869378417089 off 0.04152595816680554 neg 0.03698710399148551	false	1.0
farce	neg 1.0		__DUMMY__ 0.9220435459568583 neg 0.04160348536165563 off 0.036352968681486034	false	1.0
zwecklos	neg 1.0		__DUMMY__ 0.9225573490953926 neg 0.0411971769685273 off 0.036245473936080075	false	1.0
turbulent	neg 1.0		__DUMMY__ 0.9172689552834148 off 0.04258575828983536 neg 0.04014528642674987	false	0.5
invasion	neg 1.0		__DUMMY__ 0.9221926537501276 off 0.03909092879549615 neg 0.03871641745437629	false	0.5
schuld	neg 1.0		__DUMMY__ 0.9210889689257438 neg 0.04026674669456399 off 0.038644284379692195	false	1.0
risiko	neg 1.0	neg 1.0	neg 0.5033170927634448 __DUMMY__ 0.4619055062858279 off 0.03477740095072729	false	1.0
finster	neg 1.0		__DUMMY__ 0.9213477756505146 neg 0.04053056676159543 off 0.038121657587889955	false	1.0
geisteskrank	off 1.0		__DUMMY__ 0.9167326944273717 off 0.04320088014930549 neg 0.0400664254233228	false	1.0
zusammenbrechen	neg 1.0		__DUMMY__ 0.9242391644019601 neg 0.039566822633854415 off 0.03619401296418556	false	1.0
ausbeute	neg 1.0		__DUMMY__ 0.9333030164206956 off 0.03402840669410226 neg 0.03266857688520207	false	0.5
hinterhalt	neg 1.0		__DUMMY__ 0.929234904854871 off 0.03565247529194358 neg 0.03511261985318541	false	0.5
kritik	neg 1.0		__DUMMY__ 0.9217446941373832 neg 0.04201203771715737 off 0.036243268145459306	false	1.0
einschrumpfen	neg 1.0		__DUMMY__ 0.9197145408756016 off 0.04081833808682342 neg 0.03946712103757499	false	0.5
riskant	neg 1.0		__DUMMY__ 0.9242560059937891 neg 0.041443875364556654 off 0.034300118641654276	false	1.0
frustrieren	neg 1.0		__DUMMY__ 0.9244583356257384 neg 0.040556322807347535 off 0.03498534156691413	false	1.0
groll	neg 1.0		__DUMMY__ 0.9226440552693778 neg 0.0414844924298663 off 0.03587145230075601	false	1.0
gibt			__DUMMY__ 0.924818336389277 neg 0.03885048811993444 off 0.0363311754907886	false	0.0
qualvoll	neg 1.0		__DUMMY__ 0.9218421217009143 off 0.039902913881914755 neg 0.03825496441717105	false	0.5
wackeln	neg 1.0		__DUMMY__ 0.9246961658592907 off 0.03807239847860846 neg 0.03723143566210087	false	0.5
klagen	neg 1.0		__DUMMY__ 0.926551047551369 neg 0.04133806623022121 off 0.03211088621840988	false	1.0
bankrott	neg 1.0		__DUMMY__ 0.9227641591963731 off 0.04069935345656768 neg 0.03653648734705915	false	0.5
trauern	neg 1.0		__DUMMY__ 0.9265967057459046 neg 0.03899146103641004 off 0.034411833217685366	false	1.0
ablehnung	neg 1.0		__DUMMY__ 0.9225630693931228 neg 0.041377482969106205 off 0.03605944763777098	false	1.0
stur	neg 1.0		__DUMMY__ 0.9214467219633925 neg 0.039809518110085595 off 0.038743759926521876	false	1.0
aufruhr	neg 1.0		__DUMMY__ 0.9235032353639702 neg 0.03972321954372179 off 0.036773545092308034	false	1.0
melancholie	neg 1.0		__DUMMY__ 0.9248404291793347 neg 0.040537016389693134 off 0.0346225544309721	false	1.0
ist			__DUMMY__ 0.9225528633131536 off 0.03914764750450932 neg 0.038299489182337186	false	0.0
torheit	neg 1.0		__DUMMY__ 0.9228360529791247 neg 0.03919777467634656 off 0.0379661723445287	false	1.0
dreckskind	off 1.0		__DUMMY__ 0.912930940257306 off 0.04710303472940486 neg 0.03996602501328913	false	1.0
umtauschen	neg 1.0		__DUMMY__ 0.9246386650360111 neg 0.03862266745929062 off 0.036738667504698216	false	1.0
zum			__DUMMY__ 0.9332122364030068 neg 0.03707972053818308 off 0.029708043058810064	false	0.0
zersetzen	neg 1.0		__DUMMY__ 0.9242146226138634 neg 0.04213963366173648 off 0.03364574372440009	false	1.0
zur			__DUMMY__ 0.9314021315949336 neg 0.03906183622539352 off 0.02953603217967291	false	0.0
frust	neg 1.0		__DUMMY__ 0.9243635397371918 neg 0.039390932900289145 off 0.03624552736251901	false	1.0
unerbittlichkeit	neg 1.0		__DUMMY__ 0.9251045092019418 neg 0.04133084361383243 off 0.03356464718422576	false	1.0
zwei			__DUMMY__ 0.9321353978086303 neg 0.03727175245717103 off 0.030592849734198714	false	0.0
unkorrekt	neg 1.0		__DUMMY__ 0.9190931002185532 off 0.04417613919972474 neg 0.036730760581722095	false	0.5
hexe	off 1.0		__DUMMY__ 0.916309112094926 neg 0.04223961623828674 off 0.04145127166678726	false	0.5
lasch	neg 1.0		__DUMMY__ 0.9191030869212901 off 0.040957358688230944 neg 0.03993955439047901	false	0.5
rivale	neg 1.0		__DUMMY__ 0.918601839358299 off 0.043213462209611725 neg 0.03818469843208939	false	0.5
mutlos	off 1.0	off 1.0	off 0.5014880953078436 __DUMMY__ 0.4602657221219206 neg 0.03824618257023586	false	1.0
wirr	off 1.0		__DUMMY__ 0.9159968080813412 off 0.044833753523671076 neg 0.039169438394987724	false	1.0
jahr			__DUMMY__ 0.9340278933425433 neg 0.03350161514384464 off 0.032470491513612	false	0.0
wird			__DUMMY__ 0.924647223492692 neg 0.04005963723926067 off 0.03529313926804733	false	0.0
strafbar	neg 1.0		__DUMMY__ 0.9249560383861188 neg 0.04032901601698982 off 0.03471494559689126	false	1.0
erosion	neg 1.0		__DUMMY__ 0.9253206540570806 neg 0.037371183810458806 off 0.03730816213246056	false	1.0
eingehen	neg 1.0		__DUMMY__ 0.9239877340435363 neg 0.041166057177187944 off 0.03484620877927573	false	1.0
faul	off 1.0		__DUMMY__ 0.9224264642609105 off 0.04054154546837919 neg 0.03703199027071043	false	1.0
provisorium	neg 1.0		__DUMMY__ 0.9350023429872465 neg 0.03743108421326905 off 0.02756657279948444	false	1.0
schmerzen	neg 1.0		__DUMMY__ 0.9226635608688816 neg 0.041113818997874856 off 0.03622262013324353	false	1.0
schrumpfen	neg 1.0		__DUMMY__ 0.9278247487315134 neg 0.042170696375460795 off 0.030004554893025854	false	1.0
geistlos	off 1.0		__DUMMY__ 0.9186595291623835 neg 0.041152840276454376 off 0.04018763056116214	false	0.5
fehlkauf	neg 1.0		__DUMMY__ 0.9224345298846935 off 0.038960414587803714 neg 0.03860505552750269	false	0.5
frustrierend	neg 1.0		__DUMMY__ 0.9215959597639733 off 0.040757139331789344 neg 0.03764690090423732	false	0.5
unzufrieden	neg 1.0		__DUMMY__ 0.9229090687244803 neg 0.04106178565744263 off 0.036029145618077095	false	1.0
verzweifeln	neg 1.0		__DUMMY__ 0.923426709737475 neg 0.039670787513448845 off 0.03690250274907612	false	1.0
verzweifelt	neg 1.0	neg 1.0	neg 0.5076111182352874 __DUMMY__ 0.45714603043345536 off 0.03524285133125721	false	1.0
misstrauensantrag	neg 1.0		__DUMMY__ 0.9224373211967211 off 0.03904119438522895 neg 0.038521484418050034	false	0.5
abfallen	neg 1.0		__DUMMY__ 0.9248310010896877 off 0.03782122567647606 neg 0.03734777323383614	false	0.5
fucker	off 1.0		__DUMMY__ 0.9193667377462382 off 0.04395050531564077 neg 0.036682756938120925	false	1.0
ungezogen	neg 1.0		__DUMMY__ 0.9130956305745154 off 0.049775338544191416 neg 0.03712903088129332	false	0.5
irrsinnig	neg 1.0	neg 1.0	neg 0.5067080505203204 __DUMMY__ 0.4580696417218829 off 0.03522230775779669	false	1.0
unfassbar	neg 1.0		__DUMMY__ 0.9207648017270162 off 0.04244540922466177 neg 0.036789789048321975	false	0.5
hart	neg 1.0		__DUMMY__ 0.919878798274954 off 0.04190157402009247 neg 0.03821962770495346	false	0.5
widerlich	off 1.0		__DUMMY__ 0.9181908402754209 off 0.043039487902815685 neg 0.038769671821763475	false	1.0
fatal	neg 1.0		__DUMMY__ 0.9219655734434815 off 0.03945126669481178 neg 0.03858315986170675	false	0.5
bruch	neg 1.0		__DUMMY__ 0.9267691254271854 neg 0.04078473081941708 off 0.032446143753397556	false	1.0
aushungern	neg 1.0		__DUMMY__ 0.9244052734483839 neg 0.03924897659896087 off 0.03634574995265528	false	1.0
anspannung	neg 1.0		__DUMMY__ 0.9308465121986318 neg 0.039162828619027396 off 0.029990659182340746	false	1.0
von			__DUMMY__ 0.9352971116099036 off 0.03249481702573131 neg 0.0322080713643651	false	0.0
kraftlos	neg 1.0		__DUMMY__ 0.925234372770685 neg 0.03921335079809702 off 0.03555227643121793	false	1.0
vom			__DUMMY__ 0.9354715916438935 neg 0.03671211831696852 off 0.027816290039138027	false	0.0
grenzdebil	off 1.0		__DUMMY__ 0.9207939044601313 off 0.042594218375237726 neg 0.036611877164631025	false	1.0
vor			__DUMMY__ 0.928345863524417 neg 0.03892068083531031 off 0.03273345564027282	false	0.0
unterwerfen	neg 1.0		__DUMMY__ 0.9245648533594557 neg 0.04056459505766466 off 0.034870551582879605	false	1.0
versenkung	neg 1.0		__DUMMY__ 0.9266512935663325 neg 0.038323884894402555 off 0.03502482153926492	false	1.0
entziehen	neg 1.0		__DUMMY__ 0.9268157504319332 neg 0.04068320644545025 off 0.03250104312261649	false	1.0
finanzkrise	neg 1.0		__DUMMY__ 0.9208811517311487 neg 0.04238346996724681 off 0.036735378301604525	false	1.0
schimpfend	neg 1.0		__DUMMY__ 0.922383137687473 neg 0.03889132968237132 off 0.038725532630155594	false	1.0
profan	neg 1.0		__DUMMY__ 0.9211694144871556 off 0.039731292449628655 neg 0.03909929306321577	false	0.5
korruption	neg 1.0		__DUMMY__ 0.9232849102296712 neg 0.041404026418648175 off 0.03531106335168066	false	1.0
â			__DUMMY__ 0.9266154248438059 neg 0.03837653311547559 off 0.03500804204071847	false	0.0
schmutzig	neg 1.0		__DUMMY__ 0.9206960266776915 off 0.042949492168162115 neg 0.036354481154146474	false	0.5
sexy	neg 1.0		__DUMMY__ 0.9224870834348234 off 0.04040837981024073 neg 0.0371045367549358	false	0.5
abraten	neg 1.0		__DUMMY__ 0.9235505242669036 off 0.039073557121957675 neg 0.03737591861113855	false	0.5
schwarz	neg 1.0		__DUMMY__ 0.9221394598353392 neg 0.03901366770597929 off 0.03884687245868157	false	1.0
fotze	off 1.0	off 1.0	off 0.5024497545092859 __DUMMY__ 0.4619319670714576 neg 0.035618278419256445	false	1.0
verwirren	neg 1.0		__DUMMY__ 0.9213785752765566 off 0.04016055883217553 neg 0.038460865891267855	false	0.5
zahnlos	off 1.0		__DUMMY__ 0.9229529232287389 neg 0.04037625094493961 off 0.03667082582632147	false	0.5
verheeren	neg 1.0		__DUMMY__ 0.9127222110316691 off 0.05105994055174403 neg 0.03621784841658685	false	0.5
hippie	neg 1.0		__DUMMY__ 0.9223284826869435 off 0.04020001080218564 neg 0.03747150651087088	false	0.5
rammen	neg 1.0		__DUMMY__ 0.9189415195392935 neg 0.04276195989716812 off 0.03829652056353835	false	1.0
unlauter	neg 1.0		__DUMMY__ 0.9206067386018496 neg 0.04093148237486054 off 0.03846177902328984	false	1.0
unheilvoll	neg 1.0		__DUMMY__ 0.922297470610916 neg 0.03905108896687262 off 0.0386514404222113	false	1.0
niedrig	neg 1.0		__DUMMY__ 0.9241312581940042 neg 0.04225599503817122 off 0.03361274676782467	false	1.0
explosion	neg 1.0		__DUMMY__ 0.9222587805988758 off 0.03969782612251936 neg 0.0380433932786049	false	0.5
weichei	off 1.0	off 1.0	off 0.5123419276343619 __DUMMY__ 0.4529532543421382 neg 0.03470481802349985	false	1.0
minusmensch	off 1.0		__DUMMY__ 0.9098809874660273 off 0.04935330544714543 neg 0.040765707086827294	false	1.0
farblos	neg 1.0		__DUMMY__ 0.9244613317351544 neg 0.0388745265671377 off 0.03666414169770782	false	1.0
unwissend	neg 1.0	neg 1.0	neg 0.5052766879769787 __DUMMY__ 0.4567867055619497 off 0.037936606461071616	false	1.0
traurig	neg 1.0		__DUMMY__ 0.9198458991328786 off 0.04427612480741791 neg 0.03587797605970354	false	0.5
senkung	neg 1.0		__DUMMY__ 0.9197741956034058 neg 0.04062879559427982 off 0.039597008802314405	false	1.0
ungleich	neg 1.0	neg 1.0	neg 0.5076818670136156 __DUMMY__ 0.4613826455990625 off 0.030935487387321988	false	1.0
heikel	neg 1.0		__DUMMY__ 0.9245827894226969 neg 0.041159458323745304 off 0.03425775225355781	false	1.0
drosselung	neg 1.0		__DUMMY__ 0.9197229410730614 off 0.042345258963016066 neg 0.03793179996392252	false	0.5
falsch	neg 1.0		__DUMMY__ 0.9209774972527325 off 0.04087042126669028 neg 0.038152081480577305	false	0.5
unzufriedenheit	neg 1.0		__DUMMY__ 0.9258471622366846 neg 0.041052464455030024 off 0.033100373308285365	false	1.0
kurz	neg 1.0		__DUMMY__ 0.9271922245436 neg 0.036728422057697135 off 0.03607935339870291	false	1.0
unsinnig	neg 1.0		__DUMMY__ 0.9227389198022145 neg 0.0404913261495645 off 0.036769754048221054	false	1.0
penner	off 1.0	off 1.0	off 0.5135561702697669 __DUMMY__ 0.452255925183073 neg 0.03418790454716003	false	1.0
seicht	neg 1.0		__DUMMY__ 0.9129512706796006 off 0.049718719484266066 neg 0.037330009836133375	false	0.5
dummheit	off 1.0	off 1.0	off 0.5066932595349893 __DUMMY__ 0.4562380518580023 neg 0.03706868860700837	false	1.0
unerfreulich	neg 1.0		__DUMMY__ 0.9264256458475091 neg 0.04013958667035661 off 0.03343476748213434	false	1.0
motherfucker	off 1.0	off 1.0	off 0.5096585907013328 __DUMMY__ 0.4560512103352453 neg 0.03429019896342203	false	1.0
pikiert	neg 1.0		__DUMMY__ 0.9183099784653049 off 0.04242241693755873 neg 0.039267604597136345	false	0.5
wrack	neg 1.0		__DUMMY__ 0.9260675491269548 neg 0.03857140440228363 off 0.0353610464707617	false	1.0
gangster	neg 1.0		__DUMMY__ 0.9221352542144691 off 0.04019088386780194 neg 0.03767386191772902	false	0.5
krank	neg 1.0		__DUMMY__ 0.9214709039825482 off 0.0423774449350092 neg 0.03615165108244261	false	0.5
reich	neg 1.0		__DUMMY__ 0.9219687440069835 off 0.04154745143312246 neg 0.03648380455989413	false	0.5
gnadenlos	neg 1.0		__DUMMY__ 0.9211693023954268 neg 0.040115313272152835 off 0.0387153843324203	false	1.0
niedergeschlagen	neg 1.0		__DUMMY__ 0.9248893345131483 neg 0.03873874343325013 off 0.03637192205360171	false	1.0
terrorisieren	off 1.0	off 1.0	off 0.5016126269259443 __DUMMY__ 0.4620891220804367 neg 0.03629825099361911	false	1.0
sinnlosigkeit	neg 1.0		__DUMMY__ 0.92340001162188 neg 0.040439537815726984 off 0.03616045056239307	false	1.0
behindern	neg 1.0		__DUMMY__ 0.9239053862505919 neg 0.039349174603180756 off 0.03674543914622732	false	1.0
undemokratisch	neg 1.0		__DUMMY__ 0.9222168555273049 neg 0.03915813082584863 off 0.038625013646846444	false	1.0
wirtschaftskrise	neg 1.0		__DUMMY__ 0.9225286521100541 neg 0.042312775639967326 off 0.03515857224997866	false	1.0
neid	neg 1.0		__DUMMY__ 0.9240982588885799 off 0.04045961502384757 neg 0.035442126087572516	false	0.5
rutschen	neg 1.0		__DUMMY__ 0.9319737101214038 neg 0.03760929966020783 off 0.030416990218388396	false	1.0
rezession	neg 1.0		__DUMMY__ 0.912623272085947 off 0.044884937282146174 neg 0.04249179063190691	false	0.5
fehlgeburt	neg 1.0		__DUMMY__ 0.9246006174055659 off 0.03866547224682253 neg 0.03673391034761163	false	0.5
charakterschwach	off 1.0		__DUMMY__ 0.9183693649113301 off 0.04299696364236216 neg 0.03863367144630759	false	1.0
isolation	neg 1.0		__DUMMY__ 0.9219462168669663 off 0.0403486413050125 neg 0.03770514182802117	false	0.5
ablenkung	neg 1.0		__DUMMY__ 0.924757583585528 neg 0.03766563029036162 off 0.03757678612411038	false	1.0
pech	neg 1.0		__DUMMY__ 0.9220870940975298 off 0.04010830769328361 neg 0.037804598209186614	false	0.5
vermeidung	neg 1.0		__DUMMY__ 0.9199433466790432 off 0.042473385424692874 neg 0.03758326789626399	false	0.5
dominieren	neg 1.0		__DUMMY__ 0.9247414765603574 neg 0.040789383339955826 off 0.03446914009968676	false	1.0
schwindlig	neg 1.0		__DUMMY__ 0.9240568614268209 off 0.03875959033921242 neg 0.037183548233966766	false	0.5
lutscher	neg 1.0	neg 1.0	neg 0.5036077034366014 __DUMMY__ 0.45111684066078783 off 0.045275455902610784	false	1.0
pflicht	neg 1.0		__DUMMY__ 0.9251962559601108 neg 0.04133358649780201 off 0.03347015754208728	false	1.0
faschist	off 1.0		__DUMMY__ 0.9214455204434796 off 0.04060532308395395 neg 0.03794915647256648	false	1.0
verschleudern	neg 1.0		__DUMMY__ 0.924481289904039 neg 0.04145065194992697 off 0.03406805814603405	false	1.0
wenn			__DUMMY__ 0.920770146345169 off 0.041002761862356685 neg 0.03822709179247439	false	0.0
ehebruch	neg 1.0		__DUMMY__ 0.9243625960207666 neg 0.040348425287609825 off 0.03528897869162354	false	1.0
spott	off 1.0		__DUMMY__ 0.9237963155327085 neg 0.041238791140273456 off 0.03496489332701809	false	0.5
trostlosigkeit	neg 1.0		__DUMMY__ 0.9264342647811816 neg 0.04080682758821147 off 0.03275890763060695	false	1.0
lutschen	neg 1.0		__DUMMY__ 0.9194530385704162 off 0.04060210086522278 neg 0.03994486056436102	false	0.5
undiszipliniert	neg 1.0		__DUMMY__ 0.9190112447858261 off 0.043842738415957164 neg 0.03714601679821684	false	0.5
kopfschmerz	neg 1.0		__DUMMY__ 0.9225232725563368 neg 0.04203183935674569 off 0.03544488808691746	false	1.0
unvorhergesehen	neg 1.0		__DUMMY__ 0.9298525908520128 neg 0.036974832611669166 off 0.033172576536318	false	1.0
desinteressiert	neg 1.0	neg 1.0	neg 0.5046564273953928 __DUMMY__ 0.4557176580546079 off 0.039625914549999273	false	1.0
armselig	off 1.0		__DUMMY__ 0.9164859542055862 off 0.0446842369310291 neg 0.0388298088633847	false	1.0
desaster	neg 1.0		__DUMMY__ 0.9267528327281848 neg 0.04123722963488733 off 0.03200993763692794	false	1.0
tod	neg 1.0		__DUMMY__ 0.9269269324267277 neg 0.03823263456259429 off 0.034840433010678025	false	1.0
herzlos	neg 1.0		__DUMMY__ 0.9179071278755593 off 0.04442335320194369 neg 0.0376695189224971	false	0.5
unwissenheit	neg 1.0		__DUMMY__ 0.9231648552097478 neg 0.04091500348262619 off 0.035920141307625976	false	1.0
widersinnig	neg 1.0		__DUMMY__ 0.9212676919057039 neg 0.042583104325637486 off 0.03614920376865862	false	1.0
bedenklich	neg 1.0		__DUMMY__ 0.923704919465111 neg 0.0410813803758219 off 0.035213700159067045	false	1.0
beanstanden	neg 1.0		__DUMMY__ 0.9260096274896779 neg 0.04090068185135857 off 0.033089690658963666	false	1.0
panisch	neg 1.0	neg 1.0	neg 0.5029381254431661 __DUMMY__ 0.46150921542298146 off 0.035552659133852464	false	1.0
debil	off 1.0		__DUMMY__ 0.9313911429500443 neg 0.04042013225955758 off 0.028188724790398093	false	0.5
abstrich	neg 1.0		__DUMMY__ 0.92926152027252 off 0.03549889664678959 neg 0.035239583080690466	false	0.5
primitiv	neg 1.0		__DUMMY__ 0.9179867218565456 off 0.0432321874385354 neg 0.03878109070491901	false	0.5
abschaum	off 1.0	off 1.0	off 0.5084201159993865 __DUMMY__ 0.45623220260790437 neg 0.03534768139270913	false	1.0
provozieren	neg 1.0		__DUMMY__ 0.9203899544508446 neg 0.041003850825719466 off 0.03860619472343594	false	1.0
tot	neg 1.0		__DUMMY__ 0.9250450685242884 neg 0.039963063048095944 off 0.03499186842761573	false	1.0
instabil	neg 1.0		__DUMMY__ 0.9170475977219018 off 0.04404019667409044 neg 0.0389122056040077	false	0.5
schwuchtel	off 1.0	off 1.0	off 0.5181009526433543 __DUMMY__ 0.4471824628713721 neg 0.034716584485273656	false	1.0
zerren	neg 1.0		__DUMMY__ 0.924424454577951 neg 0.03950640020518888 off 0.03606914521686012	false	1.0
kinderficker	off 1.0		__DUMMY__ 0.917142498609869 off 0.046756070292840825 neg 0.036101431097290304	false	1.0
gefahr	neg 1.0		__DUMMY__ 0.9273518670589079 neg 0.039692344391947555 off 0.0329557885491446	false	1.0
rabiat	neg 1.0		__DUMMY__ 0.9232641765073718 neg 0.038908248901641136 off 0.037827574590987005	false	1.0
verlangsamung	neg 1.0		__DUMMY__ 0.9118817301535045 off 0.04815576333524639 neg 0.03996250651124916	false	0.5
ausgestorben	neg 1.0		__DUMMY__ 0.924214180076832 neg 0.03829774733410097 off 0.037488072589067035	false	1.0
anklagen	neg 1.0		__DUMMY__ 0.92409000537645 neg 0.04052162512907105 off 0.03538836949447887	false	1.0
trott	neg 1.0		__DUMMY__ 0.9239169432026281 neg 0.03899705850615052 off 0.03708599829122128	false	1.0
verminderung	neg 1.0		__DUMMY__ 0.9195945053869613 off 0.04271167311334921 neg 0.03769382149968953	false	0.5
nach			__DUMMY__ 0.9330869360545515 neg 0.03729945298105081 off 0.02961361096439765	false	0.0
rost	neg 1.0		__DUMMY__ 0.9163859190984139 off 0.0467702336537085 neg 0.03684384724787757	false	0.5
destruktiv	neg 1.0		__DUMMY__ 0.9221573771799167 neg 0.04021151505856012 off 0.03763110776152315	false	1.0
unzumutbarkeit	neg 1.0		__DUMMY__ 0.9214927978271907 off 0.0418021255811092 neg 0.03670507659170005	false	0.5
labil	off 1.0	off 1.0	off 0.5078028140449778 __DUMMY__ 0.4570666665567839 neg 0.035130519398238295	false	1.0
ziemlich	neg 1.0		__DUMMY__ 0.9219079155271324 off 0.04221584839371445 neg 0.03587623607915319	false	0.5
lachnummer	off 1.0		__DUMMY__ 0.9212754364463743 neg 0.04035375975612527 off 0.03837080379750039	false	0.5
oder			__DUMMY__ 0.9244625303640013 off 0.03804784438928059 neg 0.037489625246718165	false	0.0
verfall	neg 1.0		__DUMMY__ 0.9286245324853984 neg 0.041398530609771 off 0.029976936904830456	false	1.0
ausgrenzung	neg 1.0		__DUMMY__ 0.9218810847608713 off 0.03908935020672552 neg 0.039029565032403166	false	0.5
unordnung	neg 1.0		__DUMMY__ 0.9217614080643368 off 0.04369901847104091 neg 0.03453957346462232	false	0.5
fehlverhalten	neg 1.0		__DUMMY__ 0.9237247451845565 neg 0.04228178615309205 off 0.033993468662351416	false	1.0
eine			__DUMMY__ 0.9279969481525278 neg 0.038893044104882715 off 0.03311000774258947	false	0.0
nille	neg 1.0		__DUMMY__ 0.9243732823010228 neg 0.038340872022314905 off 0.037285845676662314	false	1.0
qual	neg 1.0		__DUMMY__ 0.9242443755601648 neg 0.038960911312807565 off 0.036794713127027596	false	1.0
verschwenden	neg 1.0		__DUMMY__ 0.9238929469975742 neg 0.04156715702356093 off 0.0345398959788649	false	1.0
riesig	neg 1.0		__DUMMY__ 0.9265884326160123 neg 0.038927892179212734 off 0.034483675204774904	false	1.0
verurteilen	neg 1.0		__DUMMY__ 0.9218727743236528 neg 0.04214795757947699 off 0.035979268096870264	false	1.0
klischee	neg 1.0	neg 1.0	neg 0.5063913146736657 __DUMMY__ 0.45645708004792385 off 0.0371516052784105	false	1.0
diktatorisch	neg 1.0		__DUMMY__ 0.9215635342950478 neg 0.039613702675568845 off 0.0388227630293834	false	1.0
vorhersehbar	neg 1.0		__DUMMY__ 0.9195336660425499 off 0.04044365653542422 neg 0.040022677422025796	false	0.5
sowie			__DUMMY__ 0.9149527417272778 off 0.046125615575741234 neg 0.038921642696981	false	0.0
stornieren	neg 1.0		__DUMMY__ 0.9274367743312393 off 0.03875866737057594 neg 0.03380455829818479	false	0.5
besteuerung	neg 1.0		__DUMMY__ 0.9198104816506376 neg 0.042257861521730215 off 0.03793165682763221	false	1.0
ungeschminkt	neg 1.0		__DUMMY__ 0.9163382626012972 off 0.04256955521980049 neg 0.041092182178902294	false	0.5
kritisch	neg 1.0		__DUMMY__ 0.9243022395772126 neg 0.04063605800368927 off 0.035061702419098034	false	1.0
schlamperei	off 1.0		__DUMMY__ 0.9264818435847452 neg 0.039590177184171245 off 0.03392797923108363	false	0.5
sucht	neg 1.0	neg 1.0	neg 0.5004985129609016 __DUMMY__ 0.46561753043747806 off 0.03388395660162025	false	1.0
egoistisch	off 1.0		__DUMMY__ 0.9154453392832896 off 0.046805264571701075 neg 0.037749396145009266	false	1.0
ausbeuter	off 1.0		__DUMMY__ 0.9229683139125422 neg 0.043038142260000904 off 0.033993543827456965	false	0.5
arschgeburt	off 1.0		__DUMMY__ 0.9076105713991004 off 0.053231857581870844 neg 0.03915757101902882	false	1.0
schubs	neg 1.0		__DUMMY__ 0.9257000154292623 neg 0.03883040695383811 off 0.035469577616899575	false	1.0
unsolide	neg 1.0		__DUMMY__ 0.9200093125324004 neg 0.04073832916143613 off 0.03925235830616351	false	1.0
beschwerde	neg 1.0		__DUMMY__ 0.9240371750682984 neg 0.041404674161654526 off 0.03455815077004712	false	1.0
stocken	neg 1.0		__DUMMY__ 0.9255552089292535 neg 0.040315763363573676 off 0.034129027707172827	false	1.0
isolieren	neg 1.0		__DUMMY__ 0.9243740835361395 neg 0.04028827388422186 off 0.03533764257963871	false	1.0
unheilbar	neg 1.0		__DUMMY__ 0.9231314586216488 neg 0.03883989792130524 off 0.038028643457045846	false	1.0
pisser	off 1.0		__DUMMY__ 0.9161041686639326 off 0.04423965511137318 neg 0.039656176224694195	false	1.0
löschen	neg 1.0		__DUMMY__ 0.9237665612621694 neg 0.03881033546145702 off 0.037423103276373576	false	1.0
durchfallen	neg 1.0		__DUMMY__ 0.9227973182707747 neg 0.04168809710318663 off 0.03551458462603865	false	1.0
wichser	off 1.0	off 1.0	off 0.5158773874036062 __DUMMY__ 0.4505755302035949 neg 0.03354708239279886	false	1.0
terror	neg 1.0		__DUMMY__ 0.9228155155749559 off 0.0397130462520991 neg 0.03747143817294493	false	0.5
krass	neg 1.0		__DUMMY__ 0.917966148965736 off 0.044626527275477036 neg 0.03740732375878694	false	0.5
revolte	neg 1.0		__DUMMY__ 0.9216821202495766 off 0.0393853266661653 neg 0.038932553084258116	false	0.5
besorgt	neg 1.0		__DUMMY__ 0.9278540151638884 neg 0.03610531142907865 off 0.036040673407032944	false	1.0
nachlassen	neg 1.0		__DUMMY__ 0.9268107090965659 neg 0.03952490303059486 off 0.03366438787283924	false	1.0
alt	neg 1.0		__DUMMY__ 0.9240259680108174 neg 0.04098612545239674 off 0.034987906536785976	false	1.0
hundesohn	off 1.0		__DUMMY__ 0.9116550173941916 off 0.050425269309282574 neg 0.03791971329652578	false	1.0
als			__DUMMY__ 0.9253553185708865 neg 0.038671717617618506 off 0.03597296381149503	false	0.0
abschreckung	neg 1.0		__DUMMY__ 0.9258672129586689 neg 0.041149960254601686 off 0.032982826786729355	false	1.0
unqualifiziert	neg 1.0		__DUMMY__ 0.9190175230495925 off 0.041205158869931195 neg 0.03977731808047619	false	0.5
abgewichst	off 1.0		__DUMMY__ 0.9254815273987175 neg 0.03793887287819221 off 0.036579599723090384	false	0.5
schwer	neg 1.0		__DUMMY__ 0.9229322672804489 neg 0.039800917080017664 off 0.0372668156395335	false	1.0
bedeutungslosigkeit	neg 1.0		__DUMMY__ 0.9251994930091605 neg 0.04098410305021864 off 0.03381640394062083	false	1.0
kapitulation	neg 1.0		__DUMMY__ 0.9250116102755863 neg 0.040187276856259085 off 0.03480111286815463	false	1.0
unscharf	neg 1.0		__DUMMY__ 0.9209820385273736 neg 0.04002599510553057 off 0.0389919663670959	false	1.0
schwinden	neg 1.0		__DUMMY__ 0.92516931621608 neg 0.04136174727292429 off 0.033468936510995674	false	1.0
versklavung	neg 1.0		__DUMMY__ 0.9223027977052861 neg 0.039339225226299374 off 0.03835797706841444	false	1.0
schlecht	neg 1.0		__DUMMY__ 0.9215556103232139 off 0.042437150128154064 neg 0.03600723954863197	false	0.5
verhasst	neg 1.0		__DUMMY__ 0.9191425095762267 neg 0.041762811910403826 off 0.0390946785133695	false	1.0
beschweren	neg 1.0		__DUMMY__ 0.9222663691406836 off 0.039304073646957684 neg 0.03842955721235873	false	0.5
scheiden	neg 1.0		__DUMMY__ 0.9259556929621838 neg 0.03706370561743988 off 0.03698060142037638	false	1.0
frustriert	neg 1.0		__DUMMY__ 0.9227014384345232 neg 0.040644757093874814 off 0.036653804471602006	false	1.0
schimmelig	neg 1.0		__DUMMY__ 0.9215255163253594 neg 0.04373637398432747 off 0.03473810969031314	false	1.0
fisch	neg 1.0		__DUMMY__ 0.9248544791204497 neg 0.042873312405130565 off 0.03227220847441962	false	1.0
schmuggel	neg 1.0		__DUMMY__ 0.9255499286325084 neg 0.04043320046391594 off 0.034016870903575705	false	1.0
auffallen	neg 1.0		__DUMMY__ 0.9220320221668628 off 0.03988043393992467 neg 0.03808754389321256	false	0.5
konkurrenz	neg 1.0		__DUMMY__ 0.9259649728373051 neg 0.04132024043651263 off 0.032714786726182395	false	1.0
teufelskreis	neg 1.0	neg 1.0	neg 0.5079576535052348 __DUMMY__ 0.4578574887729546 off 0.03418485772181054	false	1.0
aufschreien	neg 1.0		__DUMMY__ 0.920336640304648 off 0.04002799300008329 neg 0.039635366695268626	false	0.5
schuldner	neg 1.0		__DUMMY__ 0.9234422849849571 neg 0.04326999491725626 off 0.033287720097786695	false	1.0
missgeburt	off 1.0	off 1.0	off 0.5130623618340644 __DUMMY__ 0.4511135186858641 neg 0.0358241194800715	false	1.0
arbeitslos	neg 1.0		__DUMMY__ 0.9228249785621272 neg 0.04128635449021785 off 0.035888666947654885	false	1.0
befallen	neg 1.0		__DUMMY__ 0.9213625186973501 neg 0.04218090303538312 off 0.036456578267266705	false	1.0
miesepetrig	off 1.0	off 1.0	off 0.5078728011381699 __DUMMY__ 0.45817206380311404 neg 0.033955135058715974	false	1.0
alarmieren	neg 1.0		__DUMMY__ 0.9188550480046624 off 0.0414677011046252 neg 0.03967725089071239	false	0.5
ungeduscht	off 1.0		__DUMMY__ 0.9193415176549397 off 0.04049261850654937 neg 0.04016586383851094	false	1.0
knappheit	neg 1.0		__DUMMY__ 0.9216650623459044 neg 0.04301657651892052 off 0.03531836113517516	false	1.0
schlange	neg 1.0		__DUMMY__ 0.9256263056337054 off 0.038566858093487796 neg 0.03580683627280686	false	0.5
harsch	neg 1.0		__DUMMY__ 0.9192637274585718 off 0.04561810140268692 neg 0.035118171138741355	false	0.5
lang	neg 1.0		__DUMMY__ 0.9237052298461823 neg 0.03817966669239184 off 0.03811510346142584	false	1.0
ziellos	neg 1.0		__DUMMY__ 0.9264749914006605 neg 0.038545491660062964 off 0.03497951693927659	false	1.0
selbstverliebt	neg 1.0		__DUMMY__ 0.9109157712594321 off 0.051118339076027725 neg 0.03796588966454006	false	0.5
beseitigen	neg 1.0		__DUMMY__ 0.9245498281065311 neg 0.039218190407394424 off 0.03623198148607438	false	1.0
dumm	off 1.0		__DUMMY__ 0.9160232191205754 off 0.0472118888272527 neg 0.03676489205217197	false	1.0
arbeitsloser	neg 1.0		__DUMMY__ 0.9257546105488963 neg 0.038339893492670134 off 0.03590549595843354	false	1.0
blitzen	neg 1.0		__DUMMY__ 0.9225486936120103 off 0.04012121860377739 neg 0.037330087784212346	false	0.5
hilflos	neg 1.0		__DUMMY__ 0.9230916498782265 neg 0.040710767213902974 off 0.036197582907870576	false	1.0
eklig	off 1.0		__DUMMY__ 0.9130816013604699 off 0.04770798732228495 neg 0.03921041131724507	false	1.0
begriff			__DUMMY__ 0.9238207015087665 neg 0.03898664031595894 off 0.03719265817527452	false	0.0
hungersnot	neg 1.0		__DUMMY__ 0.9242361458214338 neg 0.04014732897654311 off 0.035616525202023026	false	1.0
ungesetzlich	neg 1.0		__DUMMY__ 0.919932837908216 neg 0.04128633041386502 off 0.03878083167791895	false	1.0
verschwendung	neg 1.0		__DUMMY__ 0.9250277449264366 neg 0.040733437354414856 off 0.034238817719148565	false	1.0
schmerzvoll	neg 1.0		__DUMMY__ 0.9217881385651017 neg 0.03923210299091114 off 0.03897975844398723	false	1.0
vorzeitig	neg 1.0		__DUMMY__ 0.920843831890836 off 0.039725594346399364 neg 0.039430573762764626	false	0.5
unvollkommenheit	neg 1.0		__DUMMY__ 0.9286429233624104 neg 0.03646835331692519 off 0.0348887233206643	false	1.0
intervenieren	neg 1.0		__DUMMY__ 0.924186810997981 neg 0.041521930362789124 off 0.034291258639229966	false	1.0
banause	off 1.0		__DUMMY__ 0.9105026034097674 off 0.049840674851093586 neg 0.039656721739139006	false	1.0
rebell	neg 1.0		__DUMMY__ 0.9276460602660803 neg 0.04155725552280797 off 0.030796684211111723	false	1.0
unlogisch	neg 1.0		__DUMMY__ 0.9174621342304793 off 0.04431801041157902 neg 0.03821985535794171	false	0.5
leiden	neg 1.0		__DUMMY__ 0.9283846965119565 neg 0.03881498829439132 off 0.03280031519365206	false	1.0
abschaffung	neg 1.0		__DUMMY__ 0.9231631852566852 neg 0.03898112329780489 off 0.037855691445509924	false	1.0
sturz	neg 1.0		__DUMMY__ 0.9247594935123662 neg 0.037704659856405275 off 0.03753584663122848	false	1.0
verkleinerung	neg 1.0		__DUMMY__ 0.91955420770599 neg 0.040292296593270965 off 0.040153495700739	false	1.0
schmarotzer	off 1.0		__DUMMY__ 0.9219037738194029 neg 0.04152175378325959 off 0.0365744723973374	false	0.5
bestrafung	neg 1.0		__DUMMY__ 0.9224538300015309 neg 0.03899836217543555 off 0.038547807823033596	false	1.0
achtlos	neg 1.0	neg 1.0	neg 0.5055076016715883 __DUMMY__ 0.4608323235298133 off 0.033660074798598505	false	1.0
ungeheuer	neg 1.0		__DUMMY__ 0.9227568034441609 off 0.039344969525021464 neg 0.0378982270308177	false	0.5
