unsolidarisch	neg 1.0		__DUMMY__ 0.4574153277874072 neg 0.2801530400131388 off 0.26243163219945403	false	1.0
nachteilig	neg 1.0		__DUMMY__ 0.461382257663549 neg 0.2801709637968187 off 0.2584467785396323	false	1.0
skeptisch	neg 1.0		__DUMMY__ 0.4618170515466798 neg 0.28026563377021724 off 0.257917314683103	false	1.0
schrecklich	neg 1.0		__DUMMY__ 0.45569208821305035 off 0.27463809542013484 neg 0.26966981636681475	false	0.5
schlapp	neg 1.0		__DUMMY__ 0.45782638861889446 neg 0.2720172518626168 off 0.2701563595184887	false	1.0
abfall	neg 1.0		__DUMMY__ 0.46410164427932127 neg 0.2818008698673137 off 0.25409748585336506	false	1.0
widerspenstig	neg 1.0		__DUMMY__ 0.45990894234612223 neg 0.27610438297821804 off 0.26398667467565984	false	1.0
abrupt	neg 1.0		__DUMMY__ 0.4623826680069934 neg 0.27862615395948964 off 0.25899117803351684	false	1.0
unwirksam	neg 1.0		__DUMMY__ 0.4568294530698762 neg 0.28096968402813305 off 0.2622008629019908	false	1.0
angreifen	neg 1.0		__DUMMY__ 0.4606525605576685 neg 0.28206187275855077 off 0.2572855666837808	false	1.0
inkonsistent	neg 1.0		__DUMMY__ 0.4572835973443171 neg 0.2789006428497215 off 0.26381575980596145	false	1.0
abrutschen	neg 1.0		__DUMMY__ 0.46278898223218495 neg 0.28298172835191104 off 0.25422928941590395	false	1.0
unsicher	neg 1.0		__DUMMY__ 0.4611978728064218 neg 0.27469979637882724 off 0.26410233081475104	false	1.0
bauernkind	off 1.0	off 1.0	off 0.6248864053847446 __DUMMY__ 0.21666816361993785 neg 0.15844543099531758	false	1.0
angreifer	neg 1.0	neg 1.0	neg 0.6258176368039752 __DUMMY__ 0.22319882031343355 off 0.15098354288259125	false	1.0
trennen	neg 1.0		__DUMMY__ 0.46338883253793917 neg 0.2786045364122432 off 0.25800663104981764	false	1.0
schmutz	neg 1.0		__DUMMY__ 0.46113303414174434 neg 0.2727997316387965 off 0.2660672342194592	false	1.0
inkonsistenz	neg 1.0		__DUMMY__ 0.4540113347861302 neg 0.27742579586189076 off 0.2685628693519791	false	1.0
erschreckend	neg 1.0		__DUMMY__ 0.45936420089689634 neg 0.27815816397046217 off 0.26247763513264155	false	1.0
ertrinken	neg 1.0		__DUMMY__ 0.4608702448951377 neg 0.28123181719419044 off 0.2578979379106719	false	1.0
pickelface	off 1.0		__DUMMY__ 0.46038041393444235 neg 0.2770626186109769 off 0.2625569674545808	false	0.5
seiner			__DUMMY__ 0.4618875546206768 neg 0.2797865236168163 off 0.2583259217625069	false	0.0
lauch	neg 1.0		__DUMMY__ 0.46348490990173347 neg 0.2814188057511812 off 0.25509628434708526	false	1.0
unwichtig	neg 1.0		__DUMMY__ 0.4564870047962081 neg 0.2744741797690849 off 0.26903881543470703	false	1.0
steuerhinterziehung	neg 1.0	neg 1.0	neg 0.6293542953255435 __DUMMY__ 0.22298301171331938 off 0.14766269296113702	false	1.0
schock	neg 1.0		__DUMMY__ 0.4603008476390674 neg 0.27716025912718534 off 0.2625388932337473	false	1.0
beule	neg 1.0		__DUMMY__ 0.4559124449602654 neg 0.2734620902399504 off 0.2706254647997843	false	1.0
vergelten	neg 1.0		__DUMMY__ 0.4581656711173199 off 0.27391567410164025 neg 0.26791865478104	false	0.5
verdorbenheit	neg 1.0		__DUMMY__ 0.4623725244472648 neg 0.2721401862883696 off 0.2654872892643656	false	1.0
trauma	neg 1.0		__DUMMY__ 0.45927257927259646 neg 0.27605413752916835 off 0.2646732831982351	false	1.0
sinnlos	neg 1.0		__DUMMY__ 0.4588293388322603 neg 0.2749062253454165 off 0.26626443582232334	false	1.0
fettsack	off 1.0	off 1.0	off 0.6261047528185638 __DUMMY__ 0.21763036143851677 neg 0.15626488574291936	false	1.0
feige	off 1.0	off 1.0	off 0.6227417797994711 __DUMMY__ 0.2201814735890587 neg 0.15707674661147022	false	1.0
abdanken	neg 1.0		__DUMMY__ 0.45937932324343844 neg 0.278158043180772 off 0.26246263357578964	false	1.0
wichtigtuer	off 1.0	off 1.0	off 0.6213761247960452 __DUMMY__ 0.22153266455953222 neg 0.15709121064442255	false	1.0
misslingen	neg 1.0		__DUMMY__ 0.46474631363106017 neg 0.268990001983421 off 0.26626368438551895	false	1.0
untreu	off 1.0		__DUMMY__ 0.456627535817343 neg 0.2736229843569797 off 0.2697494798256773	false	0.5
missmutig	neg 1.0		__DUMMY__ 0.4578638392171064 neg 0.27286734957201914 off 0.2692688112108746	false	1.0
hurenbock	off 1.0		__DUMMY__ 0.45960923266778664 neg 0.27436530554166266 off 0.2660254617905507	false	0.5
betrunken	neg 1.0		__DUMMY__ 0.45673313596772536 off 0.2719893166642121 neg 0.27127754736806253	false	0.5
korrupt	off 1.0		__DUMMY__ 0.4578609098389917 neg 0.2825708048694469 off 0.25956828529156123	false	0.5
unmut	neg 1.0		__DUMMY__ 0.46349173616531003 neg 0.28184545888932216 off 0.25466280494536786	false	1.0
hackfresse	off 1.0		__DUMMY__ 0.4527335994054569 off 0.27827826945264444 neg 0.2689881311418988	false	1.0
aufblasen	neg 1.0		__DUMMY__ 0.4594480203289527 neg 0.2746051065401601 off 0.2659468731308872	false	1.0
gewaltsam	neg 1.0		__DUMMY__ 0.4605285067251098 neg 0.2776527401055567 off 0.2618187531693334	false	1.0
unbeliebtheit	neg 1.0		__DUMMY__ 0.45498666663287046 neg 0.27792386922759227 off 0.26708946413953716	false	1.0
sturheit	neg 1.0		__DUMMY__ 0.45902647038034206 neg 0.27949350063813067 off 0.2614800289815272	false	1.0
kuh	neg 1.0		__DUMMY__ 0.45458685837802865 neg 0.28052580523701415 off 0.2648873363849571	false	1.0
erschrecken	neg 1.0		__DUMMY__ 0.4584392856023894 neg 0.2724887734239853 off 0.2690719409736252	false	1.0
opfer	neg 1.0		__DUMMY__ 0.4612411588163104 neg 0.2792518049198373 off 0.2595070362638522	false	1.0
sinken	neg 1.0		__DUMMY__ 0.4629526227410778 neg 0.28187750220720703 off 0.25516987505171507	false	1.0
stinktier	neg 1.0		__DUMMY__ 0.4495569432695527 neg 0.2773608032441761 off 0.27308225348627135	false	1.0
tucke	off 1.0		__DUMMY__ 0.45010677723404297 off 0.2786622739243651 neg 0.27123094884159205	false	1.0
ein			__DUMMY__ 0.4594332536514349 neg 0.2756676357519578 off 0.2648991105966072	false	0.0
abstieg	neg 1.0		__DUMMY__ 0.4610943757104136 neg 0.28099205319022563 off 0.25791357109936075	false	1.0
missverstehen	neg 1.0		__DUMMY__ 0.45686223336222925 neg 0.27649874548310605 off 0.2666390211546647	false	1.0
ergebnislos	neg 1.0		__DUMMY__ 0.4625145644776296 neg 0.2793108314336506 off 0.25817460408871973	false	1.0
unter			__DUMMY__ 0.4680174956110876 neg 0.28192572892181716 off 0.25005677546709515	false	0.0
manipulieren	neg 1.0		__DUMMY__ 0.4621531894387149 neg 0.2803819112554576 off 0.25746489930582744	false	1.0
unbewiesen	neg 1.0		__DUMMY__ 0.4567362494908986 neg 0.28115125482254105 off 0.26211249568656037	false	1.0
verschleppen	neg 1.0		__DUMMY__ 0.4600099571289168 neg 0.2806198912860135 off 0.2593701515850698	false	1.0
weib	off 1.0		__DUMMY__ 0.4487270064273888 off 0.2775312968727975 neg 0.2737416966998137	false	1.0
opposition	neg 1.0		__DUMMY__ 0.4577041797912264 neg 0.2774273645524943 off 0.26486845565627937	false	1.0
verkehrswidrig	neg 1.0		__DUMMY__ 0.4587007818672369 off 0.27556622348722615 neg 0.26573299464553696	false	0.5
inkorrekt	neg 1.0		__DUMMY__ 0.45385874172841095 neg 0.2732128105304346 off 0.2729284477411545	false	1.0
vermeiden	neg 1.0	neg 1.0	neg 0.6293297642756405 __DUMMY__ 0.22665428269338384 off 0.14401595303097572	false	1.0
abweichung	neg 1.0		__DUMMY__ 0.46149036605926036 neg 0.278995741527096 off 0.25951389241364364	false	1.0
alkoholisiert	neg 1.0		__DUMMY__ 0.4634555460157476 neg 0.2774644843196068 off 0.2590799696646455	false	1.0
scheiss	off 1.0	off 1.0	off 0.6234693356734465 __DUMMY__ 0.22101409613811468 neg 0.1555165681884388	false	1.0
herausforderung	neg 1.0		__DUMMY__ 0.4626415718362188 neg 0.2792277269076674 off 0.25813070125611387	false	1.0
pervers	off 1.0		__DUMMY__ 0.45011076300481306 off 0.2817866189053037 neg 0.2681026180898831	false	1.0
wackelig	neg 1.0		__DUMMY__ 0.46364895391203076 neg 0.2738349052646064 off 0.26251614082336283	false	1.0
verwickeln	neg 1.0		__DUMMY__ 0.45709871228345306 neg 0.2769172347279932 off 0.26598405298855365	false	1.0
vorwand	neg 1.0		__DUMMY__ 0.461633715626249 neg 0.2812419762885308 off 0.25712430808522024	false	1.0
muschi	off 1.0		__DUMMY__ 0.46027968619175247 neg 0.2770085757861773 off 0.26271173802207004	false	0.5
entmutigung	neg 1.0		__DUMMY__ 0.45820598206935576 neg 0.2772851950760119 off 0.26450882285463245	false	1.0
unangemessen	neg 1.0		__DUMMY__ 0.45860861219319154 neg 0.2803361105610062 off 0.26105527724580224	false	1.0
unstetig	neg 1.0		__DUMMY__ 0.459249366582209 neg 0.2737552420366883 off 0.2669953913811028	false	1.0
entmutigen	neg 1.0		__DUMMY__ 0.45918050831535356 neg 0.27614603606743104 off 0.2646734556172154	false	1.0
schwanz	neg 1.0		__DUMMY__ 0.4611875310471181 neg 0.2791024225517131 off 0.2597100464011686	false	1.0
verbot	neg 1.0		__DUMMY__ 0.4598755514295017 neg 0.28031723994496455 off 0.2598072086255338	false	1.0
leid	neg 1.0		__DUMMY__ 0.4535217115814337 off 0.27594793829112846 neg 0.27053035012743787	false	0.5
archaisch	neg 1.0		__DUMMY__ 0.4597203943390197 neg 0.2784904233542383 off 0.2617891823067421	false	1.0
gegen			__DUMMY__ 0.4633811385987156 neg 0.28111044749672703 off 0.2555084139045575	false	0.0
scheidung	neg 1.0		__DUMMY__ 0.45136067208548275 off 0.2877280859081123 neg 0.26091124200640503	false	0.5
einschlag	neg 1.0		__DUMMY__ 0.45578620899876954 off 0.272910788561973 neg 0.27130300243925765	false	0.5
m			__DUMMY__ 0.46181469993654295 neg 0.2768781134135727 off 0.26130718664988445	false	0.0
abgestanden	neg 1.0		__DUMMY__ 0.4582188257491828 neg 0.2779094280615073 off 0.26387174618930986	false	1.0
schmierig	off 1.0		__DUMMY__ 0.45466868877937994 off 0.27537412942354295 neg 0.2699571817970772	false	1.0
unpraktisch	neg 1.0		__DUMMY__ 0.4594922646552916 neg 0.2748448470629948 off 0.2656628882817138	false	1.0
wixxer	off 1.0		__DUMMY__ 0.4485500412061729 off 0.2813978511586527 neg 0.2700521076351743	false	1.0
bezeichnet			__DUMMY__ 0.45763142754767255 neg 0.27945996425030883 off 0.2629086082020186	false	0.0
jammerlappen	off 1.0		__DUMMY__ 0.4579791691516839 neg 0.27234911754099456 off 0.26967171330732154	false	0.5
farce	neg 1.0		__DUMMY__ 0.45853174529993534 neg 0.2808770644876756 off 0.2605911902123892	false	1.0
zwecklos	neg 1.0		__DUMMY__ 0.45916789124816954 neg 0.280053755889243 off 0.26077835286258755	false	1.0
turbulent	neg 1.0		__DUMMY__ 0.4542851961537334 neg 0.27568122976674914 off 0.2700335740795174	false	1.0
invasion	neg 1.0		__DUMMY__ 0.4586240124626946 neg 0.27545320619057456 off 0.26592278134673103	false	1.0
schuld	neg 1.0		__DUMMY__ 0.45786559346003824 neg 0.2777310006644978 off 0.264403405875464	false	1.0
risiko	neg 1.0	neg 1.0	neg 0.6255603936225536 __DUMMY__ 0.22376772460188246 off 0.15067188177556406	false	1.0
finster	neg 1.0		__DUMMY__ 0.45769157096491003 neg 0.27765112274837916 off 0.26465730628671086	false	1.0
geisteskrank	off 1.0		__DUMMY__ 0.45404399200193263 neg 0.27540582965598376 off 0.27055017834208356	false	0.5
zusammenbrechen	neg 1.0		__DUMMY__ 0.4605549463586481 neg 0.2779495985875611 off 0.2614954550537908	false	1.0
ausbeute	neg 1.0		__DUMMY__ 0.4676219051805028 neg 0.270230790175499 off 0.26214730464399827	false	1.0
hinterhalt	neg 1.0		__DUMMY__ 0.4641362553036545 neg 0.2728791162927411 off 0.2629846284036045	false	1.0
kritik	neg 1.0		__DUMMY__ 0.4583231833004165 neg 0.28143725210736076 off 0.2602395645922228	false	1.0
einschrumpfen	neg 1.0		__DUMMY__ 0.4564526875742653 neg 0.2757942596220282 off 0.26775305280370654	false	1.0
riskant	neg 1.0		__DUMMY__ 0.46062295367305855 neg 0.28119296343933453 off 0.258184082887607	false	1.0
frustrieren	neg 1.0		__DUMMY__ 0.4607508610504103 neg 0.2798049976952233 off 0.2594441412543664	false	1.0
groll	neg 1.0		__DUMMY__ 0.4591837064167129 neg 0.2806690503250154 off 0.2601472432582717	false	1.0
gibt			__DUMMY__ 0.4610971231408548 neg 0.2770649739294127 off 0.26183790292973247	false	0.0
qualvoll	neg 1.0		__DUMMY__ 0.45827441874278785 neg 0.27449575222809924 off 0.26722982902911296	false	1.0
wackeln	neg 1.0		__DUMMY__ 0.46076722153580396 neg 0.27407383639888283 off 0.26515894206531315	false	1.0
klagen	neg 1.0		__DUMMY__ 0.46235980116175734 neg 0.2824473394440771 off 0.2551928593941656	false	1.0
bankrott	neg 1.0		__DUMMY__ 0.4589807988217513 neg 0.27182596722452307 off 0.26919323395372563	false	1.0
trauern	neg 1.0		__DUMMY__ 0.46236162965280164 neg 0.2783331437626881 off 0.25930522658451016	false	1.0
ablehnung	neg 1.0		__DUMMY__ 0.45899795435198204 neg 0.2808050266580242 off 0.2601970189899938	false	1.0
stur	neg 1.0		__DUMMY__ 0.45812060167779467 neg 0.2771101780195643 off 0.2647692203026409	false	1.0
aufruhr	neg 1.0		__DUMMY__ 0.45973471207880806 neg 0.278239803319546 off 0.26202548460164604	false	1.0
melancholie	neg 1.0		__DUMMY__ 0.46073280894230034 neg 0.279486126651418 off 0.2597810644062815	false	1.0
ist			__DUMMY__ 0.45902481814466944 neg 0.27495020479070015 off 0.26602497706463035	false	0.0
torheit	neg 1.0		__DUMMY__ 0.4591206793594179 neg 0.2770924306534926 off 0.2637868899870895	false	1.0
dreckskind	off 1.0		__DUMMY__ 0.4506861954509692 off 0.27603668027329686 neg 0.273277124275734	false	1.0
umtauschen	neg 1.0		__DUMMY__ 0.4605073339061683 neg 0.2759560528962364 off 0.26353661319759525	false	1.0
zum			__DUMMY__ 0.4679882544585002 neg 0.2776072634949348 off 0.2544044820465649	false	0.0
zersetzen	neg 1.0		__DUMMY__ 0.46047977046675387 neg 0.2825041454038232 off 0.25701608412942295	false	1.0
zur			__DUMMY__ 0.466480079996104 neg 0.2805688069189444 off 0.2529511130849515	false	0.0
frust	neg 1.0		__DUMMY__ 0.46070915187191197 neg 0.2777753923255987 off 0.2615154558024894	false	1.0
unerbittlichkeit	neg 1.0		__DUMMY__ 0.4611827156388548 neg 0.2815758396726315 off 0.25724144468851384	false	1.0
zwei			__DUMMY__ 0.46709184034978746 neg 0.27736777164768334 off 0.25554038800252915	false	0.0
unkorrekt	neg 1.0		__DUMMY__ 0.4557572923076066 off 0.2732243253497671 neg 0.27101838234262615	false	0.5
hexe	off 1.0		__DUMMY__ 0.4534729606524636 neg 0.2784262985512608 off 0.2681007407962756	false	0.5
lasch	neg 1.0		__DUMMY__ 0.45608210223276985 neg 0.27635416395578166 off 0.2675637338114484	false	1.0
rivale	neg 1.0		__DUMMY__ 0.4553608015157387 neg 0.2729170839957789 off 0.2717221144884824	false	1.0
mutlos	off 1.0	off 1.0	off 0.6166371422175979 __DUMMY__ 0.2231387445867617 neg 0.1602241131956404	false	1.0
wirr	off 1.0		__DUMMY__ 0.4533145663633214 neg 0.273445701527223 off 0.2732397321094556	false	0.5
jahr			__DUMMY__ 0.46848102784025764 neg 0.27200556039604323 off 0.259513411763699	false	0.0
wird			__DUMMY__ 0.46089089671185035 neg 0.27889531322592453 off 0.26021379006222506	false	0.0
strafbar	neg 1.0		__DUMMY__ 0.46103753324348834 neg 0.27998089522493774 off 0.2589815715315739	false	1.0
erosion	neg 1.0		__DUMMY__ 0.4612085760449412 neg 0.2745262605416091 off 0.26426516341344986	false	1.0
eingehen	neg 1.0		__DUMMY__ 0.4603950661336821 neg 0.2806288505435376 off 0.2589760833227803	false	1.0
faul	off 1.0		__DUMMY__ 0.45851160965737553 neg 0.2725071800543197 off 0.2689812102883047	false	0.5
provisorium	neg 1.0		__DUMMY__ 0.46940643286579514 neg 0.27914540523501075 off 0.25144816189919406	false	1.0
schmerzen	neg 1.0		__DUMMY__ 0.4588267805443362 neg 0.2792933286255215 off 0.2618798908301424	false	1.0
schrumpfen	neg 1.0		__DUMMY__ 0.46349733414481487 neg 0.28428726325025805 off 0.25221540260492725	false	1.0
geistlos	off 1.0		__DUMMY__ 0.4557322675328507 neg 0.27843741603227623 off 0.26583031643487304	false	0.5
fehlkauf	neg 1.0		__DUMMY__ 0.45874823725654246 neg 0.275561373407658 off 0.26569038933579947	false	1.0
frustrierend	neg 1.0		__DUMMY__ 0.45815978279959974 neg 0.2734149832129133 off 0.268425233987487	false	1.0
unzufrieden	neg 1.0		__DUMMY__ 0.4595087764247203 neg 0.2799710908773473 off 0.26052013269793245	false	1.0
verzweifeln	neg 1.0		__DUMMY__ 0.45986195123276724 neg 0.2777391163798695 off 0.26239893238736317	false	1.0
verzweifelt	neg 1.0	neg 1.0	neg 0.6283872635789955 __DUMMY__ 0.22153128388217425 off 0.15008145253883018	false	1.0
misstrauensantrag	neg 1.0		__DUMMY__ 0.4587131038918945 neg 0.2751357229247376 off 0.26615117318336806	false	1.0
abfallen	neg 1.0		__DUMMY__ 0.4606481672720305 neg 0.2741535438229986 off 0.2651982889049708	false	1.0
fucker	off 1.0		__DUMMY__ 0.45629084991597646 off 0.27283767658411784 neg 0.27087147349990565	false	1.0
ungezogen	neg 1.0		__DUMMY__ 0.4506699596772139 off 0.2807744956242162 neg 0.26855554469856996	false	0.5
irrsinnig	neg 1.0	neg 1.0	neg 0.6277438384299707 __DUMMY__ 0.22199658956682708 off 0.15025957200320217	false	1.0
unfassbar	neg 1.0		__DUMMY__ 0.45739396955159006 neg 0.27157755108843684 off 0.2710284793599732	false	1.0
hart	neg 1.0		__DUMMY__ 0.45636527686656686 neg 0.27369432577749914 off 0.26994039735593406	false	1.0
widerlich	off 1.0		__DUMMY__ 0.4551736261693281 neg 0.2738230042915164 off 0.27100336953915555	false	0.5
fatal	neg 1.0		__DUMMY__ 0.4584877595280361 neg 0.2752281937126129 off 0.266284046759351	false	1.0
bruch	neg 1.0		__DUMMY__ 0.46260765448601937 neg 0.28164960046217885 off 0.2557427450518019	false	1.0
aushungern	neg 1.0		__DUMMY__ 0.4605156257450362 neg 0.27824252819697615 off 0.2612418460579878	false	1.0
anspannung	neg 1.0		__DUMMY__ 0.46605361067505796 neg 0.28033388448121216 off 0.25361250484372977	false	1.0
von			__DUMMY__ 0.46942446621855105 neg 0.27069161335777386 off 0.259883920423675	false	0.0
kraftlos	neg 1.0		__DUMMY__ 0.4612448660465463 neg 0.27771612011512115 off 0.2610390138383324	false	1.0
vom			__DUMMY__ 0.46982050493281574 neg 0.2779806820864623 off 0.25219881298072194	false	0.0
grenzdebil	off 1.0		__DUMMY__ 0.45726631431422865 off 0.27143237820426613 neg 0.2713013074815053	false	1.0
vor			__DUMMY__ 0.4640252908340035 neg 0.2787721025526288 off 0.2572026066133677	false	0.0
unterwerfen	neg 1.0		__DUMMY__ 0.46069222239010604 neg 0.2800990099073637 off 0.2592087677025301	false	1.0
versenkung	neg 1.0		__DUMMY__ 0.46264026950403203 neg 0.2772124531524814 off 0.2601472773434866	false	1.0
entziehen	neg 1.0		__DUMMY__ 0.4626777482590851 neg 0.28127512568645086 off 0.256047126054464	false	1.0
finanzkrise	neg 1.0		__DUMMY__ 0.4574892233258769 neg 0.2814317599697775 off 0.26107901670434563	false	1.0
schimpfend	neg 1.0		__DUMMY__ 0.4586291380281056 neg 0.27548934718017803 off 0.26588151479171623	false	1.0
profan	neg 1.0		__DUMMY__ 0.45776311803087794 neg 0.2756164875611597 off 0.2666203944079623	false	1.0
korruption	neg 1.0		__DUMMY__ 0.4595474376560918 neg 0.2811212677610493 off 0.25933129458285886	false	1.0
â			__DUMMY__ 0.46233400670378677 neg 0.27686062369918846 off 0.2608053695970248	false	0.0
schmutzig	neg 1.0		__DUMMY__ 0.4572211793997197 off 0.2719604240547708 neg 0.2708183965455095	false	0.5
sexy	neg 1.0		__DUMMY__ 0.45885944286113495 neg 0.27288450511987405 off 0.2682560520189911	false	1.0
abraten	neg 1.0		__DUMMY__ 0.4596896322069422 neg 0.27377230895287163 off 0.26653805884018605	false	1.0
schwarz	neg 1.0		__DUMMY__ 0.45861443709844624 neg 0.2759986491943491 off 0.26538691370720474	false	1.0
fotze	off 1.0	off 1.0	off 0.6183153594951101 __DUMMY__ 0.2239206148129278 neg 0.15776402569196218	false	1.0
verwirren	neg 1.0		__DUMMY__ 0.4579820551504747 neg 0.27472417683940564 off 0.2672937680101198	false	1.0
zahnlos	off 1.0		__DUMMY__ 0.4594967811298329 neg 0.27894380874822655 off 0.2615594101219406	false	0.5
verheeren	neg 1.0		__DUMMY__ 0.4505424106810277 off 0.2822625478087426 neg 0.26719504151022977	false	0.5
hippie	neg 1.0		__DUMMY__ 0.4587792138102725 neg 0.27348005434855277 off 0.26774073184117464	false	1.0
rammen	neg 1.0		__DUMMY__ 0.45568538500904643 neg 0.280474687069339 off 0.2638399279216146	false	1.0
unlauter	neg 1.0		__DUMMY__ 0.45717933113584264 neg 0.2788808907664917 off 0.26393977809766556	false	1.0
unheilvoll	neg 1.0		__DUMMY__ 0.4584798840374534 neg 0.2759141109015116 off 0.26560600506103516	false	1.0
niedrig	neg 1.0		__DUMMY__ 0.46014716194912636 neg 0.2823691336598205 off 0.25748370439105317	false	1.0
explosion	neg 1.0		__DUMMY__ 0.4586059046488316 neg 0.27437076734420696 off 0.2670233280069613	false	1.0
weichei	off 1.0	off 1.0	off 0.6269344028869712 __DUMMY__ 0.21904969281957976 neg 0.15401590429344902	false	1.0
minusmensch	off 1.0		__DUMMY__ 0.4483729749624045 off 0.2780168296529631 neg 0.2736101953846323	false	1.0
farblos	neg 1.0		__DUMMY__ 0.4601413026290961 neg 0.2766285551178987 off 0.26323014225300523	false	1.0
unwissend	neg 1.0	neg 1.0	neg 0.6258319868237295 __DUMMY__ 0.22117656632685134 off 0.1529914468494191	false	1.0
traurig	neg 1.0		__DUMMY__ 0.45644156535807656 off 0.27393612874319934 neg 0.26962230589872416	false	0.5
senkung	neg 1.0		__DUMMY__ 0.45644589659922 neg 0.2775829090058031 off 0.26597119439497685	false	1.0
ungleich	neg 1.0	neg 1.0	neg 0.6299035099067356 __DUMMY__ 0.2236698270497885 off 0.14642666304347596	false	1.0
heikel	neg 1.0		__DUMMY__ 0.46082725408408187 neg 0.28091556492653486 off 0.2582571809893833	false	1.0
drosselung	neg 1.0		__DUMMY__ 0.45627973668856553 neg 0.27295439652504966 off 0.27076586678638476	false	1.0
falsch	neg 1.0		__DUMMY__ 0.4575348263371248 neg 0.2739856942813328 off 0.26847947938154243	false	1.0
unzufriedenheit	neg 1.0		__DUMMY__ 0.4618628393865522 neg 0.28149713027142853 off 0.2566400303420193	false	1.0
kurz	neg 1.0		__DUMMY__ 0.4628078335002444 neg 0.2742825062868483 off 0.26290966021290735	false	1.0
unsinnig	neg 1.0		__DUMMY__ 0.4592418106510108 neg 0.2789712200201198 off 0.2617869693288694	false	1.0
penner	off 1.0	off 1.0	off 0.6279351242478599 __DUMMY__ 0.2187329029153873 neg 0.15333197283675276	false	1.0
seicht	neg 1.0		__DUMMY__ 0.45071415170496953 off 0.2801981516363628 neg 0.2690876966586676	false	0.5
dummheit	off 1.0	off 1.0	off 0.6213633728989983 __DUMMY__ 0.22099328532832818 neg 0.15764334177267342	false	1.0
unerfreulich	neg 1.0		__DUMMY__ 0.4623045683514844 neg 0.2799524355769892 off 0.25774299607152645	false	1.0
motherfucker	off 1.0	off 1.0	off 0.6244566899527375 __DUMMY__ 0.220868658187062 neg 0.15467465186020043	false	1.0
pikiert	neg 1.0		__DUMMY__ 0.4552910703426055 neg 0.2747461829503316 off 0.2699627467070628	false	1.0
wrack	neg 1.0		__DUMMY__ 0.4616290121138994 neg 0.27706505648987373 off 0.26130593139622693	false	1.0
gangster	neg 1.0		__DUMMY__ 0.4585792346629295 neg 0.2736961994843045 off 0.267724565852766	false	1.0
krank	neg 1.0		__DUMMY__ 0.45772683317816293 off 0.2716171184630044 neg 0.27065604835883267	false	0.5
reich	neg 1.0		__DUMMY__ 0.45811639408521937 neg 0.27185799194489024 off 0.2700256139698904	false	1.0
gnadenlos	neg 1.0		__DUMMY__ 0.4579914027503155 neg 0.2774852542572502 off 0.2645233429924343	false	1.0
niedergeschlagen	neg 1.0		__DUMMY__ 0.46097267446369755 neg 0.27675873805723156 off 0.2622685874790708	false	1.0
terrorisieren	off 1.0	off 1.0	off 0.6172202413993347 __DUMMY__ 0.22411506551216354 neg 0.15866469308850167	false	1.0
sinnlosigkeit	neg 1.0		__DUMMY__ 0.45984262947218363 neg 0.27912801624444933 off 0.26102935428336704	false	1.0
behindern	neg 1.0		__DUMMY__ 0.4600332716280413 neg 0.27722376853129277 off 0.26274295984066587	false	1.0
undemokratisch	neg 1.0		__DUMMY__ 0.45861568104463013 neg 0.2769608118254425 off 0.26442350712992724	false	1.0
wirtschaftskrise	neg 1.0		__DUMMY__ 0.4589414258516095 neg 0.2822350168081382 off 0.25882355734025236	false	1.0
neid	neg 1.0		__DUMMY__ 0.4599356973053574 neg 0.2707683947353122 off 0.2692959079593304	false	1.0
rutschen	neg 1.0		__DUMMY__ 0.4668693873934562 neg 0.27789102146073147 off 0.2552395911458124	false	1.0
rezession	neg 1.0		__DUMMY__ 0.4506403733113404 neg 0.2775050128612407 off 0.27185461382741904	false	1.0
fehlgeburt	neg 1.0		__DUMMY__ 0.4603109023051183 neg 0.27340975538694196 off 0.26627934230793987	false	1.0
charakterschwach	off 1.0		__DUMMY__ 0.4553586643650418 neg 0.27382028672754305 off 0.27082104890741515	false	0.5
isolation	neg 1.0		__DUMMY__ 0.45835610307578983 neg 0.27353411388865156 off 0.26810978303555855	false	1.0
ablenkung	neg 1.0		__DUMMY__ 0.46082392215000095 neg 0.2749030490917622 off 0.2642730287582369	false	1.0
pech	neg 1.0		__DUMMY__ 0.4582592871255741 neg 0.273476707682487 off 0.2682640051919389	false	1.0
vermeidung	neg 1.0		__DUMMY__ 0.45659703391814355 neg 0.2723314239862156 off 0.2710715420956407	false	1.0
dominieren	neg 1.0		__DUMMY__ 0.46081479627143096 neg 0.2803429397926884 off 0.25884226393588067	false	1.0
schwindlig	neg 1.0		__DUMMY__ 0.45982508652883536 neg 0.27338813671324164 off 0.26678677675792284	false	1.0
lutscher	neg 1.0	neg 1.0	neg 0.6224389882265852 __DUMMY__ 0.21807152762665044 off 0.1594894841467643	false	1.0
pflicht	neg 1.0		__DUMMY__ 0.4614677516771519 neg 0.281585756533932 off 0.25694649178891604	false	1.0
faschist	off 1.0		__DUMMY__ 0.45793786547061316 neg 0.2745621477879929 off 0.267499986741394	false	0.5
verschleudern	neg 1.0		__DUMMY__ 0.4605336363435289 neg 0.2815921215983664 off 0.2578742420581048	false	1.0
wenn			__DUMMY__ 0.45743552914437086 neg 0.273984548865732 off 0.26857992198989716	false	0.0
ehebruch	neg 1.0		__DUMMY__ 0.4605230837514282 neg 0.2797551672550301 off 0.2597217489935418	false	1.0
spott	off 1.0		__DUMMY__ 0.4601191917189239 neg 0.2809631221015978 off 0.25891768617947836	false	0.5
trostlosigkeit	neg 1.0		__DUMMY__ 0.462292363787443 neg 0.28129817047015127 off 0.2564094657424057	false	1.0
lutschen	neg 1.0		__DUMMY__ 0.4562685249107336 neg 0.2764307685101625 off 0.2673007065791037	false	1.0
undiszipliniert	neg 1.0		__DUMMY__ 0.4557579932252614 off 0.2729551468098327 neg 0.2712868599649059	false	0.5
kopfschmerz	neg 1.0		__DUMMY__ 0.458757371428716 neg 0.2807929663694134 off 0.26044966220187055	false	1.0
unvorhergesehen	neg 1.0		__DUMMY__ 0.4649108130353573 neg 0.27565625979042296 off 0.2594329271742197	false	1.0
desinteressiert	neg 1.0	neg 1.0	neg 0.624895346164678 __DUMMY__ 0.2205801506926938 off 0.15452450314262822	false	1.0
armselig	off 1.0		__DUMMY__ 0.45378530370177284 neg 0.27317570199305125 off 0.2730389943051759	false	0.5
desaster	neg 1.0		__DUMMY__ 0.4626494752876209 neg 0.2823527025328359 off 0.2549978221795432	false	1.0
tod	neg 1.0		__DUMMY__ 0.4623221348044174 neg 0.27703604347189276 off 0.2606418217236899	false	1.0
herzlos	neg 1.0		__DUMMY__ 0.45486186524619654 off 0.27337214966741535 neg 0.27176598508638805	false	0.5
unwissenheit	neg 1.0		__DUMMY__ 0.45954563506438173 neg 0.28000302713480807 off 0.2604513378008101	false	1.0
widersinnig	neg 1.0		__DUMMY__ 0.45793790019563085 neg 0.2821638643033927 off 0.25989823550097646	false	1.0
bedenklich	neg 1.0		__DUMMY__ 0.4600908532429764 neg 0.2804013027271149 off 0.25950784402990884	false	1.0
beanstanden	neg 1.0		__DUMMY__ 0.46202230834673796 neg 0.2812856842300944 off 0.25669200742316745	false	1.0
panisch	neg 1.0	neg 1.0	neg 0.6246398429864374 __DUMMY__ 0.22359739728720351 off 0.1517627597263591	false	1.0
debil	off 1.0		__DUMMY__ 0.4663299248111056 neg 0.28250141179980415 off 0.2511686633890904	false	0.5
abstrich	neg 1.0		__DUMMY__ 0.4637283962633355 neg 0.2724345953756994 off 0.26383700836096513	false	1.0
primitiv	neg 1.0		__DUMMY__ 0.4550212227474006 neg 0.2737646128699639 off 0.2712141643826356	false	1.0
abschaum	off 1.0	off 1.0	off 0.6231302595086866 __DUMMY__ 0.22094349454046516 neg 0.15592624595084822	false	1.0
provozieren	neg 1.0		__DUMMY__ 0.45729366486224654 neg 0.2786667416292274 off 0.26403959350852607	false	1.0
tot	neg 1.0		__DUMMY__ 0.4606833335960727 neg 0.278794180878348 off 0.2605224855255793	false	1.0
instabil	neg 1.0		__DUMMY__ 0.45420700637713746 neg 0.2734777627479147 off 0.2723152308749478	false	1.0
schwuchtel	off 1.0	off 1.0	off 0.6313018791377284 __DUMMY__ 0.2161205915654732 neg 0.15257752929679855	false	1.0
zerren	neg 1.0		__DUMMY__ 0.46066486952323177 neg 0.2779262489528316 off 0.26140888152393665	false	1.0
kinderficker	off 1.0		__DUMMY__ 0.45411822336900715 off 0.27665564233193024 neg 0.2692261342990626	false	1.0
gefahr	neg 1.0		__DUMMY__ 0.4630383570903575 neg 0.28008799187760536 off 0.2568736510320372	false	1.0
rabiat	neg 1.0		__DUMMY__ 0.459680923209122 neg 0.27644130715298504 off 0.2638777696378931	false	1.0
verlangsamung	neg 1.0		__DUMMY__ 0.4498716632905366 off 0.2769279366110463 neg 0.27320040009841706	false	0.5
ausgestorben	neg 1.0		__DUMMY__ 0.46043982481649265 neg 0.27580919582219005 off 0.26375097936131736	false	1.0
anklagen	neg 1.0		__DUMMY__ 0.4601984714838593 neg 0.27990825704949623 off 0.25989327146664437	false	1.0
trott	neg 1.0		__DUMMY__ 0.4601049844812314 neg 0.2766478568483523 off 0.26324715867041626	false	1.0
verminderung	neg 1.0		__DUMMY__ 0.45624201160531797 neg 0.2723023872756173 off 0.2714556011190648	false	1.0
nach			__DUMMY__ 0.467882448812356 neg 0.2779962359804196 off 0.2541213152072244	false	0.0
rost	neg 1.0		__DUMMY__ 0.45340096182820744 off 0.2768245464472587 neg 0.2697744917245338	false	0.5
destruktiv	neg 1.0		__DUMMY__ 0.45866830644226764 neg 0.2783073725238408 off 0.2630243210338915	false	1.0
unzumutbarkeit	neg 1.0		__DUMMY__ 0.45777692578030005 neg 0.27188891480855626 off 0.2703341594111438	false	1.0
labil	off 1.0	off 1.0	off 0.6227073628358496 __DUMMY__ 0.22142351535210067 neg 0.15586912181204976	false	1.0
ziemlich	neg 1.0		__DUMMY__ 0.45826015922171887 off 0.2712022253215013 neg 0.27053761545677985	false	0.5
lachnummer	off 1.0		__DUMMY__ 0.4581244146182573 neg 0.2782119604291933 off 0.26366362495254936	false	0.5
oder			__DUMMY__ 0.46050684735482234 neg 0.2743287274166889 off 0.2651644252284888	false	0.0
verfall	neg 1.0		__DUMMY__ 0.4641174935753565 neg 0.2833278344963175 off 0.2525546719283259	false	1.0
ausgrenzung	neg 1.0		__DUMMY__ 0.458322981913841 neg 0.2765771144771505 off 0.2650999036090085	false	1.0
unordnung	neg 1.0		__DUMMY__ 0.45787237121456 off 0.27363527718904207 neg 0.268492351596398	false	0.5
fehlverhalten	neg 1.0		__DUMMY__ 0.4601333831311302 neg 0.2826664284312074 off 0.25720018843766246	false	1.0
eine			__DUMMY__ 0.4636765429892424 neg 0.2784494260499932 off 0.25787403096076433	false	0.0
nille	neg 1.0		__DUMMY__ 0.4605502416883696 neg 0.2761343196213528 off 0.2633154386902776	false	1.0
qual	neg 1.0		__DUMMY__ 0.460379498985351 neg 0.2767862019496214 off 0.2628342990650277	false	1.0
verschwenden	neg 1.0		__DUMMY__ 0.46020979871868517 neg 0.28107830678444146 off 0.25871189449687326	false	1.0
riesig	neg 1.0		__DUMMY__ 0.46214501999081825 neg 0.2778243203655091 off 0.2600306596436728	false	1.0
verurteilen	neg 1.0		__DUMMY__ 0.45851798253636117 neg 0.28160615172222214 off 0.2598758657414167	false	1.0
klischee	neg 1.0	neg 1.0	neg 0.626960840928156 __DUMMY__ 0.22111746096339968 off 0.15192169810844433	false	1.0
diktatorisch	neg 1.0		__DUMMY__ 0.4580793351602379 neg 0.27747187786665484 off 0.26444878697310736	false	1.0
vorhersehbar	neg 1.0		__DUMMY__ 0.4565320609154379 neg 0.2766181406630302 off 0.2668497984215318	false	1.0
sowie			__DUMMY__ 0.45243780575269515 off 0.2750619839863106 neg 0.27250021026099425	false	0.0
stornieren	neg 1.0		__DUMMY__ 0.4628323420408096 neg 0.26969140831446364 off 0.2674762496447269	false	1.0
besteuerung	neg 1.0		__DUMMY__ 0.4564857813247805 neg 0.28034148340575865 off 0.2631727352694607	false	1.0
ungeschminkt	neg 1.0		__DUMMY__ 0.45343994017633704 neg 0.27645973535029505 off 0.2701003244733679	false	1.0
kritisch	neg 1.0		__DUMMY__ 0.46057261678579814 neg 0.2800880157743502 off 0.25933936743985164	false	1.0
schlamperei	off 1.0		__DUMMY__ 0.4622037479632956 neg 0.27960469662943177 off 0.25819155540727257	false	0.5
sucht	neg 1.0	neg 1.0	neg 0.6233845958420121 __DUMMY__ 0.22553647947882544 off 0.1510789246791625	false	1.0
egoistisch	off 1.0		__DUMMY__ 0.45278677950996604 off 0.27640681655909727 neg 0.2708064039309367	false	1.0
ausbeuter	off 1.0		__DUMMY__ 0.45946091836035197 neg 0.28361977879593864 off 0.2569193028437093	false	0.5
arschgeburt	off 1.0		__DUMMY__ 0.4463971759809889 off 0.28373551027322064 neg 0.2698673137457905	false	1.0
schubs	neg 1.0		__DUMMY__ 0.46129393014072945 neg 0.2769159453228918 off 0.26179012453637873	false	1.0
unsolide	neg 1.0		__DUMMY__ 0.4567362855220131 neg 0.27849313764071865 off 0.26477057683726835	false	1.0
beschwerde	neg 1.0		__DUMMY__ 0.46021534016777604 neg 0.28138702069328936 off 0.2583976391389346	false	1.0
stocken	neg 1.0		__DUMMY__ 0.4615123581585759 neg 0.2801517030563279 off 0.2583359387850962	false	1.0
isolieren	neg 1.0		__DUMMY__ 0.46041141834991395 neg 0.27968974630988525 off 0.25989883534020086	false	1.0
unheilbar	neg 1.0		__DUMMY__ 0.4594730606210983 neg 0.27652045953611404 off 0.2640064798427877	false	1.0
pisser	off 1.0		__DUMMY__ 0.4534233641901025 neg 0.27441589841910463 off 0.27216073739079283	false	0.5
löschen	neg 1.0		__DUMMY__ 0.45996632363401213 neg 0.276426380741222 off 0.2636072956247658	false	1.0
durchfallen	neg 1.0		__DUMMY__ 0.4593322069304202 neg 0.2809409350865725 off 0.25972685798300726	false	1.0
wichser	off 1.0	off 1.0	off 0.6299348416934017 __DUMMY__ 0.2178399947751961 neg 0.1522251635314021	false	1.0
terror	neg 1.0		__DUMMY__ 0.4590540227882861 neg 0.2734683543780811 off 0.2674776228336328	false	1.0
krass	neg 1.0		__DUMMY__ 0.45469729524811625 off 0.2742605935037141 neg 0.2710421112481696	false	0.5
revolte	neg 1.0		__DUMMY__ 0.4581924620462737 neg 0.27616102753875005 off 0.26564651041497644	false	1.0
besorgt	neg 1.0		__DUMMY__ 0.4634131136313577 neg 0.2738248677801736 off 0.2627620185884686	false	1.0
nachlassen	neg 1.0		__DUMMY__ 0.4624152270245757 neg 0.27897253324356147 off 0.2586122397318627	false	1.0
alt	neg 1.0		__DUMMY__ 0.4598463850181058 neg 0.2798410098591886 off 0.26031260512270565	false	1.0
hundesohn	off 1.0		__DUMMY__ 0.44980925128427907 off 0.2803829266595302 neg 0.2698078220561908	false	1.0
als			__DUMMY__ 0.4614101856920376 neg 0.2769297264393866 off 0.26166008786857564	false	0.0
abschreckung	neg 1.0		__DUMMY__ 0.4618267909984431 neg 0.28186087120298214 off 0.25631233779857476	false	1.0
unqualifiziert	neg 1.0		__DUMMY__ 0.45602723266226336 neg 0.27619288216388305 off 0.2677798851738537	false	1.0
abgewichst	off 1.0		__DUMMY__ 0.461357979957052 neg 0.275839256804718 off 0.26280276323823	false	0.5
schwer	neg 1.0		__DUMMY__ 0.4594451736746708 neg 0.2776406719465591 off 0.2629141543787702	false	1.0
bedeutungslosigkeit	neg 1.0		__DUMMY__ 0.461343805197415 neg 0.2811459179842016 off 0.25751027681838345	false	1.0
kapitulation	neg 1.0		__DUMMY__ 0.4610242882366008 neg 0.2799270946662709 off 0.25904861709712834	false	1.0
unscharf	neg 1.0		__DUMMY__ 0.4572456655709418 neg 0.2765849009026203 off 0.26616943352643785	false	1.0
schwinden	neg 1.0		__DUMMY__ 0.4612092958050749 neg 0.28180965338686764 off 0.25698105080805744	false	1.0
versklavung	neg 1.0		__DUMMY__ 0.4587008531742943 neg 0.27718468068026686 off 0.26411446614543876	false	1.0
schlecht	neg 1.0		__DUMMY__ 0.45803071368868536 off 0.27130119985165474 neg 0.27066808645966006	false	0.5
verhasst	neg 1.0		__DUMMY__ 0.45625647505718653 neg 0.27938618627527756 off 0.2643573386675359	false	1.0
beschweren	neg 1.0		__DUMMY__ 0.4587953194974841 neg 0.275100556228262 off 0.2661041242742539	false	1.0
scheiden	neg 1.0		__DUMMY__ 0.46142022688166284 neg 0.2744017847515126 off 0.26417798836682466	false	1.0
frustriert	neg 1.0		__DUMMY__ 0.4592871354198675 neg 0.2790459598071967 off 0.2616669047729359	false	1.0
schimmelig	neg 1.0		__DUMMY__ 0.4577627818971167 neg 0.28312662970743835 off 0.25911058839544493	false	1.0
fisch	neg 1.0		__DUMMY__ 0.46035675295022804 neg 0.28329655622413424 off 0.25634669082563766	false	1.0
schmuggel	neg 1.0		__DUMMY__ 0.46159883634865057 neg 0.28028810837424184 off 0.2581130552771077	false	1.0
auffallen	neg 1.0		__DUMMY__ 0.458542778910957 neg 0.2743791894849483 off 0.26707803160409477	false	1.0
konkurrenz	neg 1.0		__DUMMY__ 0.46210391466465944 neg 0.2819869070947459 off 0.2559091782405947	false	1.0
teufelskreis	neg 1.0	neg 1.0	neg 0.6290692506353053 __DUMMY__ 0.22194132897688165 off 0.1489894203878131	false	1.0
aufschreien	neg 1.0		__DUMMY__ 0.4571260471372167 neg 0.2762578776936242 off 0.26661607516915914	false	1.0
schuldner	neg 1.0		__DUMMY__ 0.4596991228000103 neg 0.2842436680468889 off 0.2560572091531009	false	1.0
missgeburt	off 1.0	off 1.0	off 0.627004036075927 __DUMMY__ 0.21815688546184575 neg 0.15483907846222722	false	1.0
arbeitslos	neg 1.0		__DUMMY__ 0.45942945386281603 neg 0.28033154464573345 off 0.2602390014914505	false	1.0
befallen	neg 1.0		__DUMMY__ 0.45797660168039445 neg 0.28133431703533823 off 0.26068908128426715	false	1.0
miesepetrig	off 1.0	off 1.0	off 0.6235600494418034 __DUMMY__ 0.22176904386094054 neg 0.154670906697256	false	1.0
alarmieren	neg 1.0		__DUMMY__ 0.45589947377631557 neg 0.27609358315004184 off 0.2680069430736426	false	1.0
ungeduscht	off 1.0		__DUMMY__ 0.4558576571995056 neg 0.2761198440276955 off 0.26802249877279877	false	0.5
knappheit	neg 1.0		__DUMMY__ 0.4581732762416459 neg 0.2829276791435978 off 0.2588990446147564	false	1.0
schlange	neg 1.0		__DUMMY__ 0.4614665201452736 neg 0.2720703595593318 off 0.2664631202953946	false	1.0
harsch	neg 1.0		__DUMMY__ 0.4560883130394488 off 0.2759077155335715 neg 0.26800397142697974	false	0.5
lang	neg 1.0		__DUMMY__ 0.4599287860795734 neg 0.2753093533571367 off 0.2647618605632898	false	1.0
ziellos	neg 1.0		__DUMMY__ 0.4623886527418669 neg 0.27721867828700514 off 0.26039266897112795	false	1.0
selbstverliebt	neg 1.0		__DUMMY__ 0.4490027669073825 off 0.2818889989659768 neg 0.2691082341266407	false	0.5
beseitigen	neg 1.0		__DUMMY__ 0.4604490876429155 neg 0.2777092921598151 off 0.26184162019726936	false	1.0
dumm	off 1.0		__DUMMY__ 0.45317020725263085 off 0.2774772867185017 neg 0.26935250602886746	false	1.0
arbeitsloser	neg 1.0		__DUMMY__ 0.4617798272786071 neg 0.27708988585343014 off 0.2611302868679627	false	1.0
blitzen	neg 1.0		__DUMMY__ 0.45885927635565243 neg 0.27348210931826283 off 0.2676586143260847	false	1.0
hilflos	neg 1.0		__DUMMY__ 0.4595200552228817 neg 0.2793088194746559 off 0.2611711253024623	false	1.0
eklig	off 1.0		__DUMMY__ 0.4507500207798287 off 0.27729218110990744 neg 0.2719577981102638	false	1.0
begriff			__DUMMY__ 0.4600426936550456 neg 0.27698837273428834 off 0.2629689336106661	false	0.0
hungersnot	neg 1.0		__DUMMY__ 0.46027678605496686 neg 0.2793596743906339 off 0.26036353955439934	false	1.0
ungesetzlich	neg 1.0		__DUMMY__ 0.4568653953550137 neg 0.27957349706355655 off 0.26356110758142975	false	1.0
verschwendung	neg 1.0		__DUMMY__ 0.4611807656805181 neg 0.2803735007735292 off 0.25844573354595274	false	1.0
schmerzvoll	neg 1.0		__DUMMY__ 0.4583621915767184 neg 0.2761517266261532 off 0.26548608179712846	false	1.0
vorzeitig	neg 1.0		__DUMMY__ 0.4573963583166531 neg 0.27619391690915873 off 0.2664097247741881	false	1.0
unvollkommenheit	neg 1.0		__DUMMY__ 0.46370638653273977 neg 0.2749068430521288 off 0.2613867704151313	false	1.0
intervenieren	neg 1.0		__DUMMY__ 0.4604043762212823 neg 0.2817229599162924 off 0.25787266386242536	false	1.0
banause	off 1.0		__DUMMY__ 0.4486078568377538 off 0.2798490602503256 neg 0.2715430829119206	false	1.0
rebell	neg 1.0		__DUMMY__ 0.46302787148998553 neg 0.28268794690801485 off 0.25428418160199967	false	1.0
unlogisch	neg 1.0		__DUMMY__ 0.45450907685061476 off 0.27305489005567074 neg 0.27243603309371445	false	0.5
leiden	neg 1.0		__DUMMY__ 0.4635998405908421 neg 0.2783619210972717 off 0.2580382383118863	false	1.0
abschaffung	neg 1.0		__DUMMY__ 0.4593059756066876 neg 0.2768248571191238 off 0.2638691672741885	false	1.0
sturz	neg 1.0		__DUMMY__ 0.46072553734482624 neg 0.2752285517781184 off 0.26404591087705537	false	1.0
verkleinerung	neg 1.0		__DUMMY__ 0.45635577840951064 neg 0.27730165848717014 off 0.2663425631033192	false	1.0
schmarotzer	off 1.0		__DUMMY__ 0.45858618293294157 neg 0.2804688404677172 off 0.2609449765993413	false	0.5
bestrafung	neg 1.0		__DUMMY__ 0.4588911163736624 neg 0.2763553632840663 off 0.26475352034227123	false	1.0
achtlos	neg 1.0	neg 1.0	neg 0.6272623050822533 __DUMMY__ 0.22339447354863426 off 0.14934322136911254	false	1.0
ungeheuer	neg 1.0		__DUMMY__ 0.45900375143445304 neg 0.27431670457091745 off 0.26667954399462945	false	1.0
unaufrichtig	neg 1.0		__DUMMY__ 0.46062140241784294 neg 0.2711468140256119 off 0.26823178355654514	false	1.0
groggy	neg 1.0		__DUMMY__ 0.45835449301942355 neg 0.2743969788477403 off 0.26724852813283606	false	1.0
verletzlich	neg 1.0		__DUMMY__ 0.45457597311473497 neg 0.275123291551065 off 0.2703007353342	false	1.0
ablehnen	neg 1.0		__DUMMY__ 0.46040633779890655 neg 0.2794222524837281 off 0.2601714097173654	false	1.0
