unsolidarisch	neg 1.0		neg 0.35067189321784453 off 0.3289184370883815 __DUMMY__ 0.32040966969377405	false	1.0
nachteilig	neg 1.0		neg 0.3513092536573775 off 0.32542378591912696 __DUMMY__ 0.32326696042349556	false	1.0
skeptisch	neg 1.0		neg 0.35146833107131026 off 0.32493179170689057 __DUMMY__ 0.3235998772217993	false	1.0
schrecklich	neg 1.0		off 0.34132970262210743 neg 0.3395148197509918 __DUMMY__ 0.3191554776269008	false	0.5
schlapp	neg 1.0		neg 0.34226055363743246 off 0.3370512186847409 __DUMMY__ 0.3206882276778268	false	1.0
abfall	neg 1.0		neg 0.35342653374051236 __DUMMY__ 0.3252361790194247 off 0.32133728724006283	false	1.0
widerspenstig	neg 1.0		neg 0.3468330701885288 off 0.3309711188624756 __DUMMY__ 0.3221958109489955	false	1.0
abrupt	neg 1.0		neg 0.34985294519778964 off 0.3261817724630106 __DUMMY__ 0.3239652823391998	false	1.0
unwirksam	neg 1.0		neg 0.351376208049355 off 0.3286517223602911 __DUMMY__ 0.319972069590354	false	1.0
angreifen	neg 1.0		neg 0.353137036528616 off 0.3240997954690211 __DUMMY__ 0.3227631680023629	false	1.0
inkonsistent	neg 1.0		neg 0.3492943013607963 off 0.3304180464769463 __DUMMY__ 0.32028765216225735	false	1.0
abrutschen	neg 1.0		neg 0.354420560667253 __DUMMY__ 0.32430149918313117 off 0.3212779401496159	false	1.0
unsicher	neg 1.0		neg 0.3456096553476205 off 0.33124325022749235 __DUMMY__ 0.3231470944248872	false	1.0
bauernkind	off 1.0	off 1.0	off 0.6569955103058192 neg 0.19231073992332598 __DUMMY__ 0.15069374977085476	false	1.0
angreifer	neg 1.0	neg 1.0	neg 0.6607396189050998 off 0.18397050378829197 __DUMMY__ 0.15528987730660831	false	1.0
trennen	neg 1.0		neg 0.3499822111827301 off 0.3252911953923908 __DUMMY__ 0.32472659342487903	false	1.0
schmutz	neg 1.0		neg 0.34365785248927777 off 0.3332975913391917 __DUMMY__ 0.3230445561715305	false	1.0
inkonsistenz	neg 1.0		neg 0.3472837467360529 off 0.3347721538417725 __DUMMY__ 0.31794409942217455	false	1.0
erschreckend	neg 1.0		neg 0.3488920532713389 off 0.32927655983710524 __DUMMY__ 0.3218313868915559	false	1.0
ertrinken	neg 1.0		neg 0.3522995428337672 off 0.3247924395433858 __DUMMY__ 0.3229080176228468	false	1.0
pickelface	off 1.0		neg 0.34793133665739756 off 0.329525919642066 __DUMMY__ 0.3225427437005364	false	0.5
seiner			neg 0.3509773413085254 off 0.3253722384746203 __DUMMY__ 0.32365042021685436	false	0.0
lauch	neg 1.0		neg 0.3529129536339011 __DUMMY__ 0.32478501119447023 off 0.32230203517162864	false	1.0
unwichtig	neg 1.0		neg 0.3446135456392966 off 0.33564458877616915 __DUMMY__ 0.31974186558453427	false	1.0
steuerhinterziehung	neg 1.0	neg 1.0	neg 0.6642646187612488 off 0.18059542805952886 __DUMMY__ 0.15513995317922247	false	1.0
schock	neg 1.0		neg 0.3479972364890241 off 0.3295091062446396 __DUMMY__ 0.32249365726633633	false	1.0
beule	neg 1.0		neg 0.34344441211488563 off 0.33725673132607537 __DUMMY__ 0.31929885655903884	false	1.0
vergelten	neg 1.0		off 0.340919984151357 neg 0.33816949438595106 __DUMMY__ 0.3209105214626921	false	0.5
verdorbenheit	neg 1.0		neg 0.34313060244054605 off 0.33289956105327156 __DUMMY__ 0.32396983650618233	false	1.0
trauma	neg 1.0		neg 0.34668626708970973 off 0.3315517423313218 __DUMMY__ 0.3217619905789685	false	1.0
sinnlos	neg 1.0		neg 0.3454380487445688 off 0.3331246372281316 __DUMMY__ 0.3214373140272995	false	1.0
fettsack	off 1.0	off 1.0	off 0.6583467323422144 neg 0.19028037796911396 __DUMMY__ 0.15137288968867174	false	1.0
feige	off 1.0	off 1.0	off 0.6553076693897506 neg 0.1915157232494672 __DUMMY__ 0.15317660736078206	false	1.0
abdanken	neg 1.0		neg 0.3489446777031234 off 0.32923392495715065 __DUMMY__ 0.32182139733972587	false	1.0
wichtigtuer	off 1.0	off 1.0	off 0.6541277307034419 neg 0.19174487609028562 __DUMMY__ 0.15412739320627242	false	1.0
misslingen	neg 1.0		neg 0.34031182677883565 off 0.3340279649306745 __DUMMY__ 0.3256602082904898	false	1.0
untreu	off 1.0		neg 0.3437484042674519 off 0.3364111368311483 __DUMMY__ 0.31984045890139984	false	0.5
missmutig	neg 1.0		neg 0.34317318856149104 off 0.33610527001435864 __DUMMY__ 0.3207215414241503	false	1.0
hurenbock	off 1.0		neg 0.34500863896474093 off 0.33303641793040545 __DUMMY__ 0.3219549431048537	false	0.5
betrunken	neg 1.0		neg 0.34132766559753924 off 0.3387712963753827 __DUMMY__ 0.319901038027078	false	1.0
korrupt	off 1.0		neg 0.3532371892433722 off 0.32602778708565083 __DUMMY__ 0.320735023670977	false	0.5
unmut	neg 1.0		neg 0.3533854911598133 __DUMMY__ 0.32480512301713216 off 0.3218093858230545	false	1.0
hackfresse	off 1.0		off 0.3446558148385584 neg 0.33833120366370223 __DUMMY__ 0.3170129814977394	false	1.0
aufblasen	neg 1.0		neg 0.3452127737417758 off 0.3329147400552873 __DUMMY__ 0.32187248620293685	false	1.0
gewaltsam	neg 1.0		neg 0.3485737429251082 off 0.32878708969982284 __DUMMY__ 0.3226391673750688	false	1.0
unbeliebtheit	neg 1.0		neg 0.34796726871402245 off 0.3334019873063441 __DUMMY__ 0.3186307439796334	false	1.0
sturheit	neg 1.0		neg 0.35023943567301336 off 0.32817985584754533 __DUMMY__ 0.3215807084794414	false	1.0
kuh	neg 1.0		neg 0.35053311776380847 off 0.33113401983938073 __DUMMY__ 0.31833286239681086	false	1.0
erschrecken	neg 1.0		neg 0.3428726586113909 off 0.33597973337378334 __DUMMY__ 0.3211476080148259	false	1.0
opfer	neg 1.0		neg 0.3503388526425657 off 0.3264830563129298 __DUMMY__ 0.3231780910445046	false	1.0
sinken	neg 1.0		neg 0.3533263159440091 __DUMMY__ 0.32439426967729856 off 0.32227941437869234	false	1.0
stinktier	neg 1.0		neg 0.3464584248727741 off 0.3388236226470359 __DUMMY__ 0.31471795248019	false	1.0
tucke	off 1.0		off 0.344680561083603 neg 0.3402220118614554 __DUMMY__ 0.31509742705494165	false	1.0
ein			neg 0.3463003552039911 off 0.33184826215756297 __DUMMY__ 0.32185138263844604	false	0.0
abstieg	neg 1.0		neg 0.3521237648659738 off 0.3248249557062879 __DUMMY__ 0.32305127942773837	false	1.0
missverstehen	neg 1.0		neg 0.346773693065385 off 0.3332098481254591 __DUMMY__ 0.3200164588091559	false	1.0
ergebnislos	neg 1.0		neg 0.3506206648495984 off 0.3252960574133321 __DUMMY__ 0.3240832777370695	false	1.0
unter			neg 0.35416248332227385 __DUMMY__ 0.3280658075340584 off 0.31777170914366776	false	0.0
manipulieren	neg 1.0		neg 0.351664891836403 off 0.32450546770289584 __DUMMY__ 0.3238296404607011	false	1.0
unbewiesen	neg 1.0		neg 0.35159614582202425 off 0.3284872061047676 __DUMMY__ 0.31991664807320797	false	1.0
verschleppen	neg 1.0		neg 0.3515780598016424 off 0.32614947138381023 __DUMMY__ 0.32227246881454724	false	1.0
weib	off 1.0		off 0.3432890802146426 neg 0.34259127921486376 __DUMMY__ 0.3141196405704936	false	1.0
opposition	neg 1.0		neg 0.34784528913684054 off 0.3315471509254988 __DUMMY__ 0.32060755993766055	false	1.0
verkehrswidrig	neg 1.0		off 0.3427634069757799 neg 0.33594212903112297 __DUMMY__ 0.32129446399309713	false	0.5
inkorrekt	neg 1.0		neg 0.34292270326573604 off 0.33924627171462207 __DUMMY__ 0.3178310250196419	false	1.0
vermeiden	neg 1.0	neg 1.0	neg 0.6647997427776082 off 0.17748073076270493 __DUMMY__ 0.15771952645968693	false	1.0
abweichung	neg 1.0		neg 0.3501226366872468 off 0.32654268316793705 __DUMMY__ 0.32333468014481614	false	1.0
alkoholisiert	neg 1.0		neg 0.3488045927073252 off 0.3264718757516022 __DUMMY__ 0.3247235315410725	false	1.0
scheiss	off 1.0	off 1.0	off 0.6562083954819141 neg 0.19004535054360244 __DUMMY__ 0.1537462539744835	false	1.0
herausforderung	neg 1.0		neg 0.35053344601746006 off 0.32529982472994196 __DUMMY__ 0.32416672925259804	false	1.0
pervers	off 1.0		off 0.34788390044739703 neg 0.33700229231000745 __DUMMY__ 0.3151138072425955	false	1.0
wackelig	neg 1.0		neg 0.34508972431731955 off 0.3300087742369573 __DUMMY__ 0.3249015014457231	false	1.0
verwickeln	neg 1.0		neg 0.3472460506392352 off 0.33256603677598867 __DUMMY__ 0.32018791258477614	false	1.0
vorwand	neg 1.0		neg 0.35245423412926896 off 0.3240799865079751 __DUMMY__ 0.323465779362756	false	1.0
muschi	off 1.0		neg 0.3478577244536939 off 0.32966656836762787 __DUMMY__ 0.32247570717867824	false	0.5
entmutigung	neg 1.0		neg 0.34785204621720606 off 0.3311820096709471 __DUMMY__ 0.3209659441118469	false	1.0
unangemessen	neg 1.0		neg 0.3510315689861359 off 0.32768615728365624 __DUMMY__ 0.3212822737302079	false	1.0
unstetig	neg 1.0		neg 0.344323536307646 off 0.3339854425154361 __DUMMY__ 0.3216910211769178	false	1.0
entmutigen	neg 1.0		neg 0.34678124058100046 off 0.33153809472384915 __DUMMY__ 0.32168066469515033	false	1.0
schwanz	neg 1.0		neg 0.3501515723965772 off 0.3267280010395911 __DUMMY__ 0.3231204265638318	false	1.0
verbot	neg 1.0		neg 0.351246642775439 off 0.3265702335009055 __DUMMY__ 0.3221831237236555	false	1.0
leid	neg 1.0		off 0.34236942236064094 neg 0.34004706356018705 __DUMMY__ 0.31758351407917196	false	0.5
archaisch	neg 1.0		neg 0.3492986336492637 off 0.3286269476601808 __DUMMY__ 0.32207441869055536	false	1.0
gegen			neg 0.3526243482429639 __DUMMY__ 0.32472081243074946 off 0.32265483932628664	false	0.0
scheidung	neg 1.0		off 0.35415902902870044 neg 0.32984936279297866 __DUMMY__ 0.31599160817832084	false	0.5
einschlag	neg 1.0		neg 0.3412310755272158 off 0.3395577368269929 __DUMMY__ 0.31921118764579115	false	1.0
m			neg 0.3479366800424212 off 0.32846595794001193 __DUMMY__ 0.3235973620175668	false	0.0
abgestanden	neg 1.0		neg 0.3483885242834881 off 0.3306583088529063 __DUMMY__ 0.3209531668636056	false	1.0
schmierig	off 1.0		off 0.34194473392073804 neg 0.3396440691578072 __DUMMY__ 0.31841119692145486	false	1.0
unpraktisch	neg 1.0		neg 0.3454516424048912 off 0.33264903635028903 __DUMMY__ 0.32189932124481985	false	1.0
wixxer	off 1.0		off 0.3472514543515486 neg 0.3387590375380799 __DUMMY__ 0.3139895081103714	false	1.0
bezeichnet			neg 0.34996050471440276 off 0.32946266961758885 __DUMMY__ 0.3205768256680084	false	0.0
jammerlappen	off 1.0		neg 0.3426633627845891 off 0.3365187734264585 __DUMMY__ 0.32081786378895244	false	0.5
farce	neg 1.0		neg 0.3516000944431721 off 0.3271889085902469 __DUMMY__ 0.32121099696658106	false	1.0
zwecklos	neg 1.0		neg 0.35082066384503635 off 0.32749065029685737 __DUMMY__ 0.3216886858581063	false	1.0
turbulent	neg 1.0		neg 0.34551747818618245 off 0.3363754400757896 __DUMMY__ 0.318107081738028	false	1.0
invasion	neg 1.0		neg 0.34595873619462697 off 0.33275280328100054 __DUMMY__ 0.3212884605243725	false	1.0
schuld	neg 1.0		neg 0.34820422563546694 off 0.33104807061749125 __DUMMY__ 0.32074770374704187	false	1.0
risiko	neg 1.0	neg 1.0	neg 0.6605738024137798 off 0.18374237167395185 __DUMMY__ 0.15568382591226837	false	1.0
finster	neg 1.0		neg 0.34804072444333395 off 0.3313724542046946 __DUMMY__ 0.3205868213519716	false	1.0
geisteskrank	off 1.0		neg 0.3451889612246639 off 0.3368325063823584 __DUMMY__ 0.3179785323929776	false	0.5
zusammenbrechen	neg 1.0		neg 0.3488606754584196 off 0.3284509509542002 __DUMMY__ 0.32268837358738023	false	1.0
ausbeute	neg 1.0		neg 0.34202363981843814 off 0.33023381574606214 __DUMMY__ 0.32774254443549955	false	1.0
hinterhalt	neg 1.0		neg 0.3442261999296403 off 0.33055779284003745 __DUMMY__ 0.32521600723032223	false	1.0
kritik	neg 1.0		neg 0.3521452934762633 off 0.32679162247524535 __DUMMY__ 0.3210630840484913	false	1.0
einschrumpfen	neg 1.0		neg 0.34598261629264043 off 0.33430992055820113 __DUMMY__ 0.3197074631491585	false	1.0
riskant	neg 1.0		neg 0.3522254653473585 off 0.3250330998482008 __DUMMY__ 0.32274143480444084	false	1.0
frustrieren	neg 1.0		neg 0.35081555103764506 off 0.32635355915516867 __DUMMY__ 0.3228308898071863	false	1.0
groll	neg 1.0		neg 0.3514672189873723 off 0.32683817697336864 __DUMMY__ 0.32169460403925915	false	1.0
gibt			neg 0.34804188449577833 off 0.3288762619824999 __DUMMY__ 0.3230818535217216	false	0.0
qualvoll	neg 1.0		neg 0.34491706406751726 off 0.3340633911972005 __DUMMY__ 0.3210195447352821	false	1.0
wackeln	neg 1.0		neg 0.34488361959731534 off 0.33228974516123494 __DUMMY__ 0.32282663524144983	false	1.0
klagen	neg 1.0		neg 0.35383280960321417 __DUMMY__ 0.3239805133414167 off 0.3221866770553693	false	1.0
bankrott	neg 1.0		neg 0.3422573041659582 off 0.33620892940449776 __DUMMY__ 0.32153376642954407	false	1.0
trauern	neg 1.0		neg 0.349576302716665 off 0.32645041972277267 __DUMMY__ 0.3239732775605622	false	1.0
ablehnung	neg 1.0		neg 0.3516058145443996 off 0.32684233094171217 __DUMMY__ 0.3215518545138884	false	1.0
stur	neg 1.0		neg 0.347603677680984 off 0.3314682059336723 __DUMMY__ 0.32092811638534363	false	1.0
aufruhr	neg 1.0		neg 0.34906377561641405 off 0.32886437117299794 __DUMMY__ 0.322071853210588	false	1.0
melancholie	neg 1.0		neg 0.35044529278371883 off 0.3267661332577305 __DUMMY__ 0.32278857395855065	false	1.0
ist			neg 0.34550942804275014 off 0.33291191777097356 __DUMMY__ 0.32157865418627624	false	0.0
torheit	neg 1.0		neg 0.34778389000000703 off 0.3305868638584975 __DUMMY__ 0.3216292461414954	false	1.0
dreckskind	off 1.0		neg 0.34243493895391225 off 0.3420283887375392 __DUMMY__ 0.3155366723085485	false	0.5
umtauschen	neg 1.0		neg 0.34674782205159793 off 0.3306269958907568 __DUMMY__ 0.3226251820576453	false	1.0
zum			neg 0.3496935466179363 __DUMMY__ 0.32803454525483833 off 0.32227190812722545	false	0.0
zersetzen	neg 1.0		neg 0.3535689204126683 off 0.3238006351255709 __DUMMY__ 0.3226304444617608	false	1.0
zur			neg 0.3525408386597337 __DUMMY__ 0.32695316479494346 off 0.3205059965453227	false	0.0
frust	neg 1.0		neg 0.348712759913916 off 0.3284867685052944 __DUMMY__ 0.3228004715807897	false	1.0
unerbittlichkeit	neg 1.0		neg 0.3527278258533799 off 0.3241374382999348 __DUMMY__ 0.32313473584668534	false	1.0
zwei			neg 0.34929404499891087 __DUMMY__ 0.32739070808973125 off 0.32331524691135793	false	0.0
unkorrekt	neg 1.0		neg 0.3409557821975372 off 0.33985570155818423 __DUMMY__ 0.3191885162442785	false	1.0
hexe	off 1.0		neg 0.34817992656482066 off 0.3342835721570284 __DUMMY__ 0.317536501278151	false	0.5
lasch	neg 1.0		neg 0.34650567593355214 off 0.3340469035781595 __DUMMY__ 0.3194474204882885	false	1.0
rivale	neg 1.0		neg 0.3428210290216739 off 0.3382769868076428 __DUMMY__ 0.31890198417068344	false	1.0
mutlos	off 1.0	off 1.0	off 0.6495860013974507 neg 0.19515715239335474 __DUMMY__ 0.15525684620919467	false	1.0
wirr	off 1.0		neg 0.34304873860572804 off 0.339526480056866 __DUMMY__ 0.3174247813374059	false	0.5
jahr			neg 0.34399807081765216 __DUMMY__ 0.32837588148045177 off 0.32762604770189613	false	0.0
wird			neg 0.3498844979226123 off 0.3271835280572094 __DUMMY__ 0.3229319740201785	false	0.0
strafbar	neg 1.0		neg 0.351072176369684 off 0.32589969783222783 __DUMMY__ 0.32302812579808804	false	1.0
erosion	neg 1.0		neg 0.345412414691581 off 0.3314368369902381 __DUMMY__ 0.32315074831818075	false	1.0
eingehen	neg 1.0		neg 0.35160961826915677 off 0.32581513637948173 __DUMMY__ 0.3225752453513614	false	1.0
faul	off 1.0		neg 0.3428812464915658 off 0.3359338393917387 __DUMMY__ 0.32118491411669553	false	0.5
provisorium	neg 1.0		neg 0.3515149487802062 __DUMMY__ 0.32906236599893224 off 0.31942268522086154	false	1.0
schmerzen	neg 1.0		neg 0.3499218882694357 off 0.32866639094084726 __DUMMY__ 0.321411720789717	false	1.0
schrumpfen	neg 1.0		neg 0.3559052314854717 __DUMMY__ 0.3247996179144854 off 0.3192951506000428	false	1.0
geistlos	off 1.0		neg 0.3486217519252625 off 0.33218700969738035 __DUMMY__ 0.31919123837735713	false	0.5
fehlkauf	neg 1.0		neg 0.34610711708482306 off 0.332520927633252 __DUMMY__ 0.32137195528192497	false	1.0
frustrierend	neg 1.0		neg 0.3437859983654542 off 0.33526521823677446 __DUMMY__ 0.3209487833977714	false	1.0
unzufrieden	neg 1.0		neg 0.35078892250028093 off 0.3272743027120986 __DUMMY__ 0.3219367747876205	false	1.0
verzweifeln	neg 1.0		neg 0.348530121536725 off 0.3292814455762002 __DUMMY__ 0.3221884328870749	false	1.0
verzweifelt	neg 1.0	neg 1.0	neg 0.6630362614696731 off 0.18283496172280173 __DUMMY__ 0.15412877680752518	false	1.0
misstrauensantrag	neg 1.0		neg 0.3456407510376619 off 0.33302292791556065 __DUMMY__ 0.3213363210467774	false	1.0
abfallen	neg 1.0		neg 0.3449266078545952 off 0.3323400222645674 __DUMMY__ 0.32273336988083734	false	1.0
fucker	off 1.0		neg 0.340866801454497 off 0.339527381475587 __DUMMY__ 0.3196058170699161	false	0.5
ungezogen	neg 1.0		off 0.3469264440309713 neg 0.33755538559399384 __DUMMY__ 0.3155181703750349	false	0.5
irrsinnig	neg 1.0	neg 1.0	neg 0.662466302835337 off 0.18307861658274102 __DUMMY__ 0.1544550805819219	false	1.0
unfassbar	neg 1.0		neg 0.34176621812917096 off 0.33784089498178543 __DUMMY__ 0.3203928868890436	false	1.0
hart	neg 1.0		neg 0.3438014426397253 off 0.3365815288751801 __DUMMY__ 0.31961702848509466	false	1.0
widerlich	off 1.0		neg 0.34373032461606634 off 0.3374799282052553 __DUMMY__ 0.3187897471786784	false	0.5
fatal	neg 1.0		neg 0.34571276097572917 off 0.3330909996610279 __DUMMY__ 0.32119623936324293	false	1.0
bruch	neg 1.0		neg 0.35305893961885326 __DUMMY__ 0.3241512484559819 off 0.3227898119251648	false	1.0
aushungern	neg 1.0		neg 0.34922411667952286 off 0.32813486481034854 __DUMMY__ 0.3226410185101285	false	1.0
anspannung	neg 1.0		neg 0.3522189825673987 __DUMMY__ 0.3266402260862677 off 0.3211407913463337	false	1.0
von			neg 0.3428198986950718 __DUMMY__ 0.3290451848838082 off 0.3281349164211201	false	0.0
kraftlos	neg 1.0		neg 0.3487234110556608 off 0.3281019245521834 __DUMMY__ 0.32317466439215575	false	1.0
vom			neg 0.35037086345974616 __DUMMY__ 0.3293540150860277 off 0.3202751214542261	false	0.0
grenzdebil	off 1.0		neg 0.34145690591224825 off 0.3382468583236419 __DUMMY__ 0.3202962357641099	false	0.5
vor			neg 0.3502739899453062 __DUMMY__ 0.3251941865547116 off 0.3245318234999823	false	0.0
unterwerfen	neg 1.0		neg 0.351129636317955 off 0.32609215198456165 __DUMMY__ 0.32277821169748333	false	1.0
versenkung	neg 1.0		neg 0.348462386969623 off 0.32734454339998154 __DUMMY__ 0.3241930696303955	false	1.0
entziehen	neg 1.0		neg 0.3526580260565816 __DUMMY__ 0.32422026459664416 off 0.32312170934677414	false	1.0
finanzkrise	neg 1.0		neg 0.3519843201442813 off 0.32756345500361567 __DUMMY__ 0.32045222485210295	false	1.0
schimpfend	neg 1.0		neg 0.34597723393596397 off 0.33276161014567934 __DUMMY__ 0.3212611559183566	false	1.0
profan	neg 1.0		neg 0.3459893828041498 off 0.3333506110158169 __DUMMY__ 0.3206600061800332	false	1.0
korruption	neg 1.0		neg 0.3520152887320993 off 0.3260395940013457 __DUMMY__ 0.3219451172665551	false	1.0
â			neg 0.34800466012116277 off 0.3280249948442085 __DUMMY__ 0.32397034503462885	false	0.0
schmutzig	neg 1.0		neg 0.34095170751840576 off 0.3387858461589993 __DUMMY__ 0.3202624463225948	false	1.0
sexy	neg 1.0		neg 0.3433459912150453 off 0.33519342347532455 __DUMMY__ 0.32146058530963006	false	1.0
abraten	neg 1.0		neg 0.34439525875095317 off 0.33355866226540387 __DUMMY__ 0.322046078983643	false	1.0
schwarz	neg 1.0		neg 0.34652613587552433 off 0.3321891520011235 __DUMMY__ 0.32128471212335225	false	1.0
fotze	off 1.0	off 1.0	off 0.6514044245742802 neg 0.19279576075392504 __DUMMY__ 0.15579981467179482	false	1.0
verwirren	neg 1.0		neg 0.345109990074816 off 0.33406577652586494 __DUMMY__ 0.320824233399319	false	1.0
zahnlos	off 1.0		neg 0.3497360023954191 off 0.32833729476193263 __DUMMY__ 0.32192670284264835	false	0.5
verheeren	neg 1.0		off 0.34841074476546 neg 0.33616705338037417 __DUMMY__ 0.31542220185416575	false	0.5
hippie	neg 1.0		neg 0.34395231811004345 off 0.3346419764847814 __DUMMY__ 0.32140570540517516	false	1.0
rammen	neg 1.0		neg 0.3506497691230113 off 0.33022192825887287 __DUMMY__ 0.3191283026181157	false	1.0
unlauter	neg 1.0		neg 0.34930429623578985 off 0.3304743104983506 __DUMMY__ 0.3202213932658595	false	1.0
unheilvoll	neg 1.0		neg 0.34640320311951184 off 0.332439834240075 __DUMMY__ 0.3211569626404131	false	1.0
niedrig	neg 1.0		neg 0.35335805333182224 off 0.3242871165765036 __DUMMY__ 0.3223548300916741	false	1.0
explosion	neg 1.0		neg 0.3448406167976146 off 0.33388899667419114 __DUMMY__ 0.32127038652819423	false	1.0
weichei	off 1.0	off 1.0	off 0.6593844083520712 neg 0.18824394854022175 __DUMMY__ 0.15237164310770693	false	1.0
minusmensch	off 1.0		off 0.3436867844264643 neg 0.34244449785259 __DUMMY__ 0.3138687177209456	false	1.0
farblos	neg 1.0		neg 0.3474188154002882 off 0.33024803983715395 __DUMMY__ 0.3223331447625577	false	1.0
unwissend	neg 1.0	neg 1.0	neg 0.6604126330087599 off 0.18571449762693143 __DUMMY__ 0.15387286936430866	false	1.0
traurig	neg 1.0		off 0.3407106660076143 neg 0.33959140418321365 __DUMMY__ 0.31969792980917217	false	0.5
senkung	neg 1.0		neg 0.3478099848884444 off 0.3324956840594108 __DUMMY__ 0.3196943310521449	false	1.0
ungleich	neg 1.0	neg 1.0	neg 0.6649134619237027 off 0.17945888198125726 __DUMMY__ 0.1556276560950401	false	1.0
heikel	neg 1.0		neg 0.3519771041549533 off 0.32513791513903684 __DUMMY__ 0.3228849807060098	false	1.0
drosselung	neg 1.0		neg 0.34300343961624297 off 0.3374326966372514 __DUMMY__ 0.3195638637465055	false	1.0
falsch	neg 1.0		neg 0.34427245712232707 off 0.3352313139442769 __DUMMY__ 0.32049622893339613	false	1.0
unzufriedenheit	neg 1.0		neg 0.3527600255660319 __DUMMY__ 0.32362967808220866 off 0.32361029635175936	false	1.0
kurz	neg 1.0		neg 0.3454190980050877 off 0.3302797610362796 __DUMMY__ 0.3243011409586329	false	1.0
unsinnig	neg 1.0		neg 0.3497163954504431 off 0.3285454303257201 __DUMMY__ 0.32173817422383677	false	1.0
penner	off 1.0	off 1.0	off 0.6603362228743852 neg 0.18751277119725487 __DUMMY__ 0.15215100592836006	false	1.0
seicht	neg 1.0		off 0.34630531419403476 neg 0.3381360832736883 __DUMMY__ 0.31555860253227697	false	0.5
dummheit	off 1.0	off 1.0	off 0.6540396371945278 neg 0.19221184083301543 __DUMMY__ 0.15374852197245678	false	1.0
unerfreulich	neg 1.0		neg 0.35121416647194387 off 0.3248415640271028 __DUMMY__ 0.3239442695009533	false	1.0
motherfucker	off 1.0	off 1.0	off 0.6571297404664056 neg 0.1892108547588052 __DUMMY__ 0.1536594047747892	false	1.0
pikiert	neg 1.0		neg 0.34470586073285786 off 0.33642049984644956 __DUMMY__ 0.3188736394206927	false	1.0
wrack	neg 1.0		neg 0.3481275630753259 off 0.32845955673195537 __DUMMY__ 0.32341288019271874	false	1.0
gangster	neg 1.0		neg 0.344139621105781 off 0.3346008058234042 __DUMMY__ 0.3212595730708148	false	1.0
krank	neg 1.0		neg 0.3408509315359275 off 0.3385302995732476 __DUMMY__ 0.3206187688908249	false	1.0
reich	neg 1.0		neg 0.3422070687327415 off 0.33693054617873225 __DUMMY__ 0.32086238508852627	false	1.0
gnadenlos	neg 1.0		neg 0.3479690126945932 off 0.33119079718555117 __DUMMY__ 0.32084019011985565	false	1.0
niedergeschlagen	neg 1.0		neg 0.34769592368757396 off 0.3293290226988721 __DUMMY__ 0.3229750536135539	false	1.0
terrorisieren	off 1.0	off 1.0	off 0.6503139006478101 neg 0.19374220866916964 __DUMMY__ 0.15594389068302014	false	1.0
sinnlosigkeit	neg 1.0		neg 0.349971097918112 off 0.32785531352589053 __DUMMY__ 0.32217358855599754	false	1.0
behindern	neg 1.0		neg 0.3480058877596461 off 0.32968870642982057 __DUMMY__ 0.3223054058105334	false	1.0
undemokratisch	neg 1.0		neg 0.3475823109441557 off 0.33114903962500936 __DUMMY__ 0.3212686494308351	false	1.0
wirtschaftskrise	neg 1.0		neg 0.35306255122572655 off 0.3254329880118254 __DUMMY__ 0.321504460762448	false	1.0
neid	neg 1.0		neg 0.34133435368328263 off 0.33645325682344246 __DUMMY__ 0.3222123894932751	false	1.0
rutschen	neg 1.0		neg 0.34979609528240435 __DUMMY__ 0.3272292242257363 off 0.3229746804918594	false	1.0
rezession	neg 1.0		neg 0.3468021369383909 off 0.33769119510759 __DUMMY__ 0.315506667954019	false	1.0
fehlgeburt	neg 1.0		neg 0.34415473531122903 off 0.3333951935642754 __DUMMY__ 0.3224500711244956	false	1.0
charakterschwach	off 1.0		neg 0.34377335013062627 off 0.33730744681756225 __DUMMY__ 0.3189192030518116	false	0.5
isolation	neg 1.0		neg 0.34392818512680323 off 0.3349840267810075 __DUMMY__ 0.32108778809218935	false	1.0
ablenkung	neg 1.0		neg 0.34575166843559474 off 0.3313737197615612 __DUMMY__ 0.32287461180284416	false	1.0
pech	neg 1.0		neg 0.34383379484901666 off 0.3351725311247428 __DUMMY__ 0.3209936740262404	false	1.0
vermeidung	neg 1.0		neg 0.3424002214502584 off 0.3377961090251968 __DUMMY__ 0.31980366952454486	false	1.0
dominieren	neg 1.0		neg 0.3513896438600157 off 0.325763224595689 __DUMMY__ 0.32284713154429523	false	1.0
schwindlig	neg 1.0		neg 0.3439917638117122 off 0.33387833619011614 __DUMMY__ 0.32212989999817176	false	1.0
lutscher	neg 1.0	neg 1.0	neg 0.6565168265619157 off 0.19180154734432756 __DUMMY__ 0.1516816260937567	false	1.0
pflicht	neg 1.0		neg 0.3527825596142751 off 0.323866515357202 __DUMMY__ 0.3233509250285229	false	1.0
faschist	off 1.0		neg 0.34499999078201377 off 0.3342243221722161 __DUMMY__ 0.32077568704577014	false	0.5
verschleudern	neg 1.0		neg 0.3526507216222561 off 0.32470224500808625 __DUMMY__ 0.32264703336965767	false	1.0
wenn			neg 0.34425268720089214 off 0.3353198564915607 __DUMMY__ 0.3204274563075472	false	0.0
ehebruch	neg 1.0		neg 0.350759680367326 off 0.3265883804439934 __DUMMY__ 0.3226519391886807	false	1.0
spott	off 1.0		neg 0.35193715312802604 off 0.32569546545113276 __DUMMY__ 0.3223673814208413	false	0.5
trostlosigkeit	neg 1.0		neg 0.352622719826088 __DUMMY__ 0.32392718578232776 off 0.32345009439158434	false	1.0
lutschen	neg 1.0		neg 0.34661003717642613 off 0.33382047355861233 __DUMMY__ 0.3195694892649616	false	1.0
undiszipliniert	neg 1.0		neg 0.3411941611709716 off 0.3396054386267197 __DUMMY__ 0.31920040020230867	false	1.0
kopfschmerz	neg 1.0		neg 0.3514630298205087 off 0.3271818950894271 __DUMMY__ 0.3213550750900643	false	1.0
unvorhergesehen	neg 1.0		neg 0.34716062881821974 off 0.3270407931331578 __DUMMY__ 0.3257985780486225	false	1.0
desinteressiert	neg 1.0	neg 1.0	neg 0.6593797536910635 off 0.18716815869425482 __DUMMY__ 0.15345208761468176	false	1.0
armselig	off 1.0		neg 0.34284227390334165 off 0.33936859219829285 __DUMMY__ 0.3177891338983654	false	0.5
desaster	neg 1.0		neg 0.3537824408701235 __DUMMY__ 0.32419472856334336 off 0.32202283056653314	false	1.0
tod	neg 1.0		neg 0.3482208968151607 off 0.3278679306649731 __DUMMY__ 0.32391117251986623	false	1.0
herzlos	neg 1.0		neg 0.34154990788853334 off 0.3398896925454139 __DUMMY__ 0.3185603995660528	false	1.0
unwissenheit	neg 1.0		neg 0.3508415440445002 off 0.3272052609469365 __DUMMY__ 0.32195319500856334	false	1.0
widersinnig	neg 1.0		neg 0.35283085671159803 off 0.32638225609266064 __DUMMY__ 0.3207868871957413	false	1.0
bedenklich	neg 1.0		neg 0.3513284750185521 off 0.3263168757490053 __DUMMY__ 0.32235464923244267	false	1.0
beanstanden	neg 1.0		neg 0.3525665339384596 __DUMMY__ 0.3237436650076635 off 0.3236898010538769	false	1.0
panisch	neg 1.0	neg 1.0	neg 0.659587984545007 off 0.18484199969748835 __DUMMY__ 0.15557001575750468	false	1.0
debil	off 1.0		neg 0.35448211672465535 __DUMMY__ 0.326834871946017 off 0.3186830113293275	false	0.5
abstrich	neg 1.0		neg 0.3436460425537345 off 0.3314605125245468 __DUMMY__ 0.3248934449217186	false	1.0
primitiv	neg 1.0		neg 0.3436475336421846 off 0.3376715620207721 __DUMMY__ 0.3186809043370434	false	1.0
abschaum	off 1.0	off 1.0	off 0.6558011012990255 neg 0.19048736262318622 __DUMMY__ 0.15371153607778834	false	1.0
provozieren	neg 1.0		neg 0.3490798079933524 off 0.3305854673602288 __DUMMY__ 0.3203347246464187	false	1.0
tot	neg 1.0		neg 0.34974680102710654 off 0.32753011752117933 __DUMMY__ 0.3227230814517142	false	1.0
instabil	neg 1.0		neg 0.34322738597686053 off 0.3387110353309251 __DUMMY__ 0.3180615786922144	false	1.0
schwuchtel	off 1.0	off 1.0	off 0.6633255689936775 neg 0.1863592427870527 __DUMMY__ 0.1503151882192699	false	1.0
zerren	neg 1.0		neg 0.3488536641049368 off 0.3283807129395082 __DUMMY__ 0.32276562295555494	false	1.0
kinderficker	off 1.0		off 0.34313678870483866 neg 0.33885345011292817 __DUMMY__ 0.31800976118223306	false	1.0
gefahr	neg 1.0		neg 0.3515149540448556 __DUMMY__ 0.324465013303582 off 0.3240200326515623	false	1.0
rabiat	neg 1.0		neg 0.3471704522230103 off 0.33077948345079244 __DUMMY__ 0.3220500643261973	false	1.0
verlangsamung	neg 1.0		off 0.34280013827318234 neg 0.34226204913974606 __DUMMY__ 0.3149378125870716	false	0.5
ausgestorben	neg 1.0		neg 0.3466347052723884 off 0.3307661757839589 __DUMMY__ 0.32259911894365284	false	1.0
anklagen	neg 1.0		neg 0.3508632178134434 off 0.3267281912969145 __DUMMY__ 0.3224085908896421	false	1.0
trott	neg 1.0		neg 0.3474233969621489 off 0.33021341224887013 __DUMMY__ 0.3223631907889809	false	1.0
verminderung	neg 1.0		neg 0.3423068435684041 off 0.33814717512648756 __DUMMY__ 0.3195459813051083	false	1.0
nach			neg 0.35008103494036796 __DUMMY__ 0.32796513873942823 off 0.32195382632020375	false	0.0
rost	neg 1.0		off 0.3432487619349757 neg 0.3392787488569738 __DUMMY__ 0.31747248920805043	false	0.5
destruktiv	neg 1.0		neg 0.348945819839408 off 0.32973575884046374 __DUMMY__ 0.3213184213201283	false	1.0
unzumutbarkeit	neg 1.0		neg 0.3421623167373338 off 0.33719391406018717 __DUMMY__ 0.320643769202479	false	1.0
labil	off 1.0	off 1.0	off 0.6554499785613076 neg 0.19049935906509163 __DUMMY__ 0.1540506623736007	false	1.0
ziemlich	neg 1.0		neg 0.34082790896045706 off 0.3381578929861781 __DUMMY__ 0.32101419805336495	false	1.0
lachnummer	off 1.0		neg 0.34876768782995654 off 0.3302970431129238 __DUMMY__ 0.32093526905711955	false	0.5
oder			neg 0.34509540484627566 off 0.33226413914732944 __DUMMY__ 0.32264045600639496	false	0.0
verfall	neg 1.0		neg 0.355010367393057 __DUMMY__ 0.32525283731250026 off 0.31973679529444277	false	1.0
ausgrenzung	neg 1.0		neg 0.34713771671132193 off 0.3318052100630769 __DUMMY__ 0.3210570732256012	false	1.0
unordnung	neg 1.0		off 0.34061655443663125 neg 0.3386915832291683 __DUMMY__ 0.3206918623342003	false	0.5
fehlverhalten	neg 1.0		neg 0.35369419118906276 off 0.32392266609061116 __DUMMY__ 0.3223831427203261	false	1.0
eine			neg 0.34987494225939886 off 0.32518679112747056 __DUMMY__ 0.3249382666131305	false	0.0
nille	neg 1.0		neg 0.3470053932452749 off 0.3303178918310819 __DUMMY__ 0.32267671492364314	false	1.0
qual	neg 1.0		neg 0.3476146840010612 off 0.3298237759472716 __DUMMY__ 0.3225615400516672	false	1.0
verschwenden	neg 1.0		neg 0.3520268287720445 off 0.32553892304491777 __DUMMY__ 0.3224342481830377	false	1.0
riesig	neg 1.0		neg 0.34898292708277484 off 0.32721270743899544 __DUMMY__ 0.3238043654782296	false	1.0
verurteilen	neg 1.0		neg 0.35234147055697423 off 0.32644684912270555 __DUMMY__ 0.3212116803203203	false	1.0
klischee	neg 1.0	neg 1.0	neg 0.6615427525497348 off 0.18462120320820105 __DUMMY__ 0.15383604424206415	false	1.0
diktatorisch	neg 1.0		neg 0.348028059381807 off 0.33109147581402115 __DUMMY__ 0.3208804648041717	false	1.0
vorhersehbar	neg 1.0		neg 0.34684406421107644 off 0.3333781911742195 __DUMMY__ 0.3197777446147039	false	1.0
sowie			neg 0.3419188809736332 off 0.3412754043279931 __DUMMY__ 0.31680571469837376	false	0.0
stornieren	neg 1.0		neg 0.34071401583668764 off 0.3349961360658616 __DUMMY__ 0.3242898480974506	false	1.0
besteuerung	neg 1.0		neg 0.35066252389667113 off 0.3296134004088377 __DUMMY__ 0.31972407569449124	false	1.0
ungeschminkt	neg 1.0		neg 0.3461375552307482 off 0.33634182524782735 __DUMMY__ 0.31752061952142446	false	1.0
kritisch	neg 1.0		neg 0.35109761783438076 off 0.326202900527979 __DUMMY__ 0.3226994816376402	false	1.0
schlamperei	off 1.0		neg 0.35088707170605304 off 0.3252548078047676 __DUMMY__ 0.3238581204891794	false	0.5
sucht	neg 1.0	neg 1.0	neg 0.6586444048996323 off 0.18443800300630755 __DUMMY__ 0.15691759209406014	false	1.0
egoistisch	off 1.0		off 0.3427120488566156 neg 0.3402304736527621 __DUMMY__ 0.31705747749062224	false	1.0
ausbeuter	off 1.0		neg 0.3545712950622646 off 0.32353402136188314 __DUMMY__ 0.3218946835758523	false	0.5
arschgeburt	off 1.0		off 0.34929607118794936 neg 0.3382610804327316 __DUMMY__ 0.31244284837931907	false	1.0
schubs	neg 1.0		neg 0.3478773931922141 off 0.32893825592229436 __DUMMY__ 0.3231843508854916	false	1.0
unsolide	neg 1.0		neg 0.3488544063280269 off 0.33124616403278095 __DUMMY__ 0.3198994296391921	false	1.0
beschwerde	neg 1.0		neg 0.3523933066349386 off 0.32518351601526274 __DUMMY__ 0.3224231773497987	false	1.0
stocken	neg 1.0		neg 0.3513201236000274 off 0.32531935741319756 __DUMMY__ 0.323360518986775	false	1.0
isolieren	neg 1.0		neg 0.35067607711360127 off 0.3267666381459747 __DUMMY__ 0.32255728474042406	false	1.0
unheilbar	neg 1.0		neg 0.34724088229051286 off 0.3308696814700255 __DUMMY__ 0.3218894362394617	false	1.0
pisser	off 1.0		neg 0.3440725839612286 off 0.33841564948472164 __DUMMY__ 0.3175117665540499	false	0.5
löschen	neg 1.0		neg 0.347187961296401 off 0.33055336753597775 __DUMMY__ 0.3222586711676213	false	1.0
durchfallen	neg 1.0		neg 0.35175854578814825 off 0.3264387115520754 __DUMMY__ 0.32180274265977626	false	1.0
wichser	off 1.0	off 1.0	off 0.6622116576236984 neg 0.18626538539078905 __DUMMY__ 0.15152295698551269	false	1.0
terror	neg 1.0		neg 0.34396723992581607 off 0.3344449190803776 __DUMMY__ 0.32158784099380644	false	1.0
krass	neg 1.0		off 0.3408229432904603 neg 0.34075284960875757 __DUMMY__ 0.3184242071007823	false	0.5
revolte	neg 1.0		neg 0.3466771671402474 off 0.33236344850723537 __DUMMY__ 0.32095938435251725	false	1.0
besorgt	neg 1.0		neg 0.3450749151842044 off 0.33019212293578426 __DUMMY__ 0.3247329618800113	false	1.0
nachlassen	neg 1.0		neg 0.35021435731778217 off 0.3257839032683377 __DUMMY__ 0.32400173941388005	false	1.0
alt	neg 1.0		neg 0.35067000983310775 off 0.32719744830694436 __DUMMY__ 0.3221325418599479	false	1.0
hundesohn	off 1.0		off 0.34632701042113107 neg 0.3387652647910956 __DUMMY__ 0.3149077247877733	false	1.0
als			neg 0.34794711665950334 off 0.3287559510682784 __DUMMY__ 0.32329693227221823	false	0.0
abschreckung	neg 1.0		neg 0.3531465155993709 __DUMMY__ 0.3235981159768704 off 0.3232553684237586	false	1.0
unqualifiziert	neg 1.0		neg 0.3463433612997532 off 0.3342483648970615 __DUMMY__ 0.31940827380318526	false	1.0
abgewichst	off 1.0		neg 0.3468172688671606 off 0.3299253517692634 __DUMMY__ 0.3232573793635761	false	0.5
schwer	neg 1.0		neg 0.3483544594806019 off 0.32975975029607985 __DUMMY__ 0.32188579022331826	false	1.0
bedeutungslosigkeit	neg 1.0		neg 0.352319222373323 off 0.32442413726462777 __DUMMY__ 0.3232566403620493	false	1.0
kapitulation	neg 1.0		neg 0.35102819225703424 off 0.32595933561029894 __DUMMY__ 0.3230124721326668	false	1.0
unscharf	neg 1.0		neg 0.3468665580074261 off 0.3328763054687559 __DUMMY__ 0.32025713652381804	false	1.0
schwinden	neg 1.0		neg 0.3529876147635895 off 0.32386965372220633 __DUMMY__ 0.3231427315142043	false	1.0
versklavung	neg 1.0		neg 0.3478186866820925 off 0.33085360935817243 __DUMMY__ 0.3213277039597349	false	1.0
schlecht	neg 1.0		neg 0.34093184168511537 off 0.33821569752310476 __DUMMY__ 0.32085246079177987	false	1.0
verhasst	neg 1.0		neg 0.3496571483330947 off 0.3307586686312729 __DUMMY__ 0.3195841830356324	false	1.0
beschweren	neg 1.0		neg 0.3456331713589157 off 0.3329531228081901 __DUMMY__ 0.321413705832894	false	1.0
scheiden	neg 1.0		neg 0.345335934268149 off 0.33140407804461985 __DUMMY__ 0.3232599876872312	false	1.0
frustriert	neg 1.0		neg 0.34978610049183656 off 0.3284383377007095 __DUMMY__ 0.3217755618074538	false	1.0
schimmelig	neg 1.0		neg 0.3537058495632164 off 0.3256641013159376 __DUMMY__ 0.3206300491208461	false	1.0
fisch	neg 1.0		neg 0.3543088218841074 off 0.32320664484724704 __DUMMY__ 0.32248453326864557	false	1.0
schmuggel	neg 1.0		neg 0.35148106862935946 off 0.3251094588603549 __DUMMY__ 0.32340947251028557	false	1.0
auffallen	neg 1.0		neg 0.34484419567736263 off 0.3339280050949233 __DUMMY__ 0.3212277992277141	false	1.0
konkurrenz	neg 1.0		neg 0.35331066133168737 __DUMMY__ 0.3237960271707857 off 0.3228933114975269	false	1.0
teufelskreis	neg 1.0	neg 1.0	neg 0.663795695703697 off 0.18178599117970362 __DUMMY__ 0.15441831311659934	false	1.0
aufschreien	neg 1.0		neg 0.3465585329883113 off 0.3332336915761837 __DUMMY__ 0.32020777543550494	false	1.0
schuldner	neg 1.0		neg 0.3552550218820521 off 0.32269310492247405 __DUMMY__ 0.3220518731954739	false	1.0
missgeburt	off 1.0	off 1.0	off 0.6593077047121224 neg 0.18894914077743954 __DUMMY__ 0.15174315451043793	false	1.0
arbeitslos	neg 1.0		neg 0.3511502174488307 off 0.3269711987919983 __DUMMY__ 0.321878583759171	false	1.0
befallen	neg 1.0		neg 0.35197249959340277 off 0.3272335056426523 __DUMMY__ 0.32079399476394505	false	1.0
miesepetrig	off 1.0	off 1.0	off 0.6563933203469758 neg 0.18932491195675588 __DUMMY__ 0.1542817676962683	false	1.0
alarmieren	neg 1.0		neg 0.34623674393634557 off 0.33445894674492394 __DUMMY__ 0.3193043093187304	false	1.0
ungeduscht	off 1.0		neg 0.3461614681942512 off 0.3345764704701896 __DUMMY__ 0.31926206133555934	false	0.5
knappheit	neg 1.0		neg 0.3536450078135164 off 0.3254106060279131 __DUMMY__ 0.3209443861585706	false	1.0
schlange	neg 1.0		neg 0.3429257708714844 off 0.33374546474830286 __DUMMY__ 0.3233287643802128	false	1.0
harsch	neg 1.0		off 0.3427005236152957 neg 0.3378681852799385 __DUMMY__ 0.3194312911047658	false	0.5
lang	neg 1.0		neg 0.3460263850663677 off 0.33173941937242823 __DUMMY__ 0.3222341955612042	false	1.0
ziellos	neg 1.0		neg 0.3484009830627148 off 0.3275932408214501 __DUMMY__ 0.32400577611583525	false	1.0
selbstverliebt	neg 1.0		off 0.34780566521078304 neg 0.3378700364096873 __DUMMY__ 0.31432429837952985	false	0.5
beseitigen	neg 1.0		neg 0.348617863605174 off 0.328808015035099 __DUMMY__ 0.32257412135972696	false	1.0
dumm	off 1.0		off 0.3438835795068591 neg 0.3387840495933435 __DUMMY__ 0.3173323708997974	false	1.0
arbeitsloser	neg 1.0		neg 0.34821997477620154 off 0.3282179351606193 __DUMMY__ 0.3235620900631792	false	1.0
blitzen	neg 1.0		neg 0.34398122387528185 off 0.334565021998478 __DUMMY__ 0.32145375412624005	false	1.0
hilflos	neg 1.0		neg 0.3500914792400444 off 0.3279683450026379 __DUMMY__ 0.3219401757573178	false	1.0
eklig	off 1.0		off 0.3433475832552858 neg 0.3410694287972415 __DUMMY__ 0.3155829879474726	false	1.0
begriff			neg 0.3478044343590705 off 0.32988484225541564 __DUMMY__ 0.3223107233855139	false	0.0
hungersnot	neg 1.0		neg 0.3503128633765247 off 0.32722958094879456 __DUMMY__ 0.32245755567468065	false	1.0
ungesetzlich	neg 1.0		neg 0.3500057621768467 off 0.3299857176219015 __DUMMY__ 0.32000852020125164	false	1.0
verschwendung	neg 1.0		neg 0.3514708601227469 off 0.32538809276871644 __DUMMY__ 0.32314104710853664	false	1.0
schmerzvoll	neg 1.0		neg 0.34664004653647523 off 0.33226059978389727 __DUMMY__ 0.32109935367962755	false	1.0
vorzeitig	neg 1.0		neg 0.3465480084547584 off 0.33307857748674247 __DUMMY__ 0.3203734140584992	false	1.0
unvollkommenheit	neg 1.0		neg 0.3462464941952621 off 0.32883434478146445 __DUMMY__ 0.32491916102327334	false	1.0
intervenieren	neg 1.0		neg 0.3527745525469061 off 0.32465485469021454 __DUMMY__ 0.32257059276287936	false	1.0
banause	off 1.0		off 0.3456672521865016 neg 0.34030053097787916 __DUMMY__ 0.3140322168356193	false	1.0
rebell	neg 1.0		neg 0.3541395202247846 __DUMMY__ 0.32443957145731916 off 0.3214209083178962	false	1.0
unlogisch	neg 1.0		neg 0.34218098005768777 off 0.3395142251544995 __DUMMY__ 0.3183047947878128	false	1.0
leiden	neg 1.0		neg 0.3497609136286244 off 0.32538577830323234 __DUMMY__ 0.32485330806814344	false	1.0
abschaffung	neg 1.0		neg 0.3475282000982939 off 0.33070909650039537 __DUMMY__ 0.32176270340131063	false	1.0
sturz	neg 1.0		neg 0.3461042580385296 off 0.33111862547987886 __DUMMY__ 0.3227771164815917	false	1.0
verkleinerung	neg 1.0		neg 0.3475429901352692 off 0.3328308639371357 __DUMMY__ 0.3196261459275952	false	1.0
schmarotzer	off 1.0		neg 0.3511697676799321 off 0.3275646699740275 __DUMMY__ 0.32126556234604026	false	0.5
bestrafung	neg 1.0		neg 0.3469642870477305 off 0.3315597818663415 __DUMMY__ 0.3214759310859281	false	1.0
achtlos	neg 1.0	neg 1.0	neg 0.6622010083046679 off 0.18236450414657354 __DUMMY__ 0.1554344875487586	false	1.0
ungeheuer	neg 1.0		neg 0.3448545839762756 off 0.33360839332682546 __DUMMY__ 0.3215370226968991	false	1.0
unaufrichtig	neg 1.0		neg 0.3418968588246358 off 0.33539821252907326 __DUMMY__ 0.322704928646291	false	1.0
groggy	neg 1.0		neg 0.34485910104673034 off 0.3340429465096726 __DUMMY__ 0.3210979524435971	false	1.0
verletzlich	neg 1.0		neg 0.34496064878123334 off 0.3366904760387453 __DUMMY__ 0.3183488751800213	false	1.0
ablehnen	neg 1.0		neg 0.35039352423280906 off 0.3270311188692671 __DUMMY__ 0.3225753568979238	false	1.0
