unsolidarisch	neg 1.0		neg 0.3506718932178441 off 0.32891843708838214 __DUMMY__ 0.3204096696937739	false	1.0
nachteilig	neg 1.0		neg 0.351309253657378 off 0.3254237859191268 __DUMMY__ 0.32326696042349523	false	1.0
skeptisch	neg 1.0		neg 0.35146833107131065 off 0.324931791706891 __DUMMY__ 0.3235998772217984	false	1.0
schrecklich	neg 1.0		off 0.3413297026221078 neg 0.33951481975099135 __DUMMY__ 0.31915547762690066	false	0.5
schlapp	neg 1.0		neg 0.34226055363743274 off 0.3370512186847407 __DUMMY__ 0.32068822767782645	false	1.0
abfall	neg 1.0		neg 0.353426533740512 __DUMMY__ 0.3252361790194248 off 0.32133728724006316	false	1.0
widerspenstig	neg 1.0		neg 0.34683307018852844 off 0.33097111886247566 __DUMMY__ 0.3221958109489958	false	1.0
abrupt	neg 1.0		neg 0.34985294519778964 off 0.32618177246301056 __DUMMY__ 0.32396528233919986	false	1.0
unwirksam	neg 1.0		neg 0.351376208049355 off 0.3286517223602914 __DUMMY__ 0.3199720695903537	false	1.0
angreifen	neg 1.0		neg 0.35313703652861583 off 0.3240997954690211 __DUMMY__ 0.32276316800236293	false	1.0
inkonsistent	neg 1.0		neg 0.34929430136079614 off 0.33041804647694706 __DUMMY__ 0.32028765216225685	false	1.0
abrutschen	neg 1.0		neg 0.354420560667253 __DUMMY__ 0.32430149918313106 off 0.3212779401496158	false	1.0
unsicher	neg 1.0		neg 0.34560965534762106 off 0.3312432502274921 __DUMMY__ 0.3231470944248868	false	1.0
bauernkind	off 1.0	off 1.0	off 0.6569955103058192 neg 0.19231073992332579 __DUMMY__ 0.15069374977085498	false	1.0
angreifer	neg 1.0	neg 1.0	neg 0.6607396189050998 off 0.18397050378829202 __DUMMY__ 0.15528987730660823	false	1.0
trennen	neg 1.0		neg 0.34998221118273 off 0.3252911953923911 __DUMMY__ 0.3247265934248788	false	1.0
schmutz	neg 1.0		neg 0.3436578524892776 off 0.3332975913391922 __DUMMY__ 0.3230445561715302	false	1.0
inkonsistenz	neg 1.0		neg 0.34728374673605245 off 0.3347721538417731 __DUMMY__ 0.31794409942217444	false	1.0
erschreckend	neg 1.0		neg 0.34889205327133926 off 0.32927655983710524 __DUMMY__ 0.32183138689155544	false	1.0
ertrinken	neg 1.0		neg 0.3522995428337672 off 0.3247924395433859 __DUMMY__ 0.32290801762284693	false	1.0
pickelface	off 1.0		neg 0.3479313366573977 off 0.32952591964206607 __DUMMY__ 0.3225427437005362	false	0.5
seiner			neg 0.35097734130852526 off 0.32537223847462005 __DUMMY__ 0.32365042021685464	false	0.0
lauch	neg 1.0		neg 0.35291295363390096 __DUMMY__ 0.3247850111944705 off 0.32230203517162864	false	1.0
unwichtig	neg 1.0		neg 0.34461354563929636 off 0.3356445887761692 __DUMMY__ 0.3197418655845346	false	1.0
steuerhinterziehung	neg 1.0	neg 1.0	neg 0.6642646187612485 off 0.1805954280595291 __DUMMY__ 0.15513995317922238	false	1.0
schock	neg 1.0		neg 0.34799723648902414 off 0.3295091062446395 __DUMMY__ 0.32249365726633633	false	1.0
beule	neg 1.0		neg 0.34344441211488613 off 0.33725673132607537 __DUMMY__ 0.3192988565590384	false	1.0
vergelten	neg 1.0		off 0.34091998415135677 neg 0.3381694943859509 __DUMMY__ 0.3209105214626923	false	0.5
verdorbenheit	neg 1.0		neg 0.3431306024405459 off 0.33289956105327173 __DUMMY__ 0.3239698365061824	false	1.0
trauma	neg 1.0		neg 0.3466862670897101 off 0.33155174233132173 __DUMMY__ 0.32176199057896815	false	1.0
sinnlos	neg 1.0		neg 0.3454380487445688 off 0.3331246372281316 __DUMMY__ 0.32143731402729947	false	1.0
fettsack	off 1.0	off 1.0	off 0.6583467323422144 neg 0.190280377969114 __DUMMY__ 0.15137288968867163	false	1.0
feige	off 1.0	off 1.0	off 0.6553076693897506 neg 0.19151572324946697 __DUMMY__ 0.1531766073607823	false	1.0
abdanken	neg 1.0		neg 0.34894467770312315 off 0.32923392495715104 __DUMMY__ 0.3218213973397258	false	1.0
wichtigtuer	off 1.0	off 1.0	off 0.6541277307034422 neg 0.19174487609028532 __DUMMY__ 0.15412739320627244	false	1.0
misslingen	neg 1.0		neg 0.34031182677883576 off 0.3340279649306742 __DUMMY__ 0.32566020829049	false	1.0
untreu	off 1.0		neg 0.34374840426745196 off 0.3364111368311484 __DUMMY__ 0.3198404589013996	false	0.5
missmutig	neg 1.0		neg 0.34317318856149037 off 0.3361052700143588 __DUMMY__ 0.3207215414241509	false	1.0
hurenbock	off 1.0		neg 0.3450086389647407 off 0.3330364179304055 __DUMMY__ 0.3219549431048538	false	0.5
betrunken	neg 1.0		neg 0.34132766559753913 off 0.3387712963753828 __DUMMY__ 0.31990103802707814	false	1.0
korrupt	off 1.0		neg 0.3532371892433718 off 0.32602778708565106 __DUMMY__ 0.3207350236709771	false	0.5
unmut	neg 1.0		neg 0.35338549115981377 __DUMMY__ 0.3248051230171317 off 0.3218093858230544	false	1.0
hackfresse	off 1.0		off 0.3446558148385581 neg 0.33833120366370245 __DUMMY__ 0.31701298149773943	false	1.0
aufblasen	neg 1.0		neg 0.3452127737417752 off 0.3329147400552874 __DUMMY__ 0.32187248620293735	false	1.0
gewaltsam	neg 1.0		neg 0.34857374292510807 off 0.32878708969982307 __DUMMY__ 0.32263916737506887	false	1.0
unbeliebtheit	neg 1.0		neg 0.34796726871402234 off 0.3334019873063443 __DUMMY__ 0.31863074397963326	false	1.0
sturheit	neg 1.0		neg 0.3502394356730136 off 0.32817985584754517 __DUMMY__ 0.3215807084794414	false	1.0
kuh	neg 1.0		neg 0.3505331177638084 off 0.3311340198393808 __DUMMY__ 0.3183328623968108	false	1.0
erschrecken	neg 1.0		neg 0.34287265861139 off 0.33597973337378395 __DUMMY__ 0.32114760801482595	false	1.0
opfer	neg 1.0		neg 0.3503388526425655 off 0.32648305631292956 __DUMMY__ 0.323178091044505	false	1.0
sinken	neg 1.0		neg 0.35332631594400915 __DUMMY__ 0.3243942696772987 off 0.3222794143786922	false	1.0
stinktier	neg 1.0		neg 0.3464584248727738 off 0.3388236226470362 __DUMMY__ 0.31471795248019013	false	1.0
tucke	off 1.0		off 0.34468056108360295 neg 0.34022201186145545 __DUMMY__ 0.31509742705494165	false	1.0
ein			neg 0.3463003552039909 off 0.331848262157563 __DUMMY__ 0.32185138263844604	false	0.0
abstieg	neg 1.0		neg 0.3521237648659741 off 0.32482495570628744 __DUMMY__ 0.32305127942773854	false	1.0
missverstehen	neg 1.0		neg 0.34677369306538486 off 0.3332098481254597 __DUMMY__ 0.3200164588091555	false	1.0
ergebnislos	neg 1.0		neg 0.3506206648495984 off 0.32529605741333184 __DUMMY__ 0.32408327773706974	false	1.0
unter			neg 0.3541624833222739 __DUMMY__ 0.32806580753405845 off 0.3177717091436677	false	0.0
manipulieren	neg 1.0		neg 0.3516648918364032 off 0.3245054677028955 __DUMMY__ 0.3238296404607012	false	1.0
unbewiesen	neg 1.0		neg 0.35159614582202464 off 0.3284872061047676 __DUMMY__ 0.31991664807320763	false	1.0
verschleppen	neg 1.0		neg 0.3515780598016428 off 0.32614947138381006 __DUMMY__ 0.322272468814547	false	1.0
weib	off 1.0		off 0.34328908021464205 neg 0.34259127921486426 __DUMMY__ 0.31411964057049363	false	1.0
opposition	neg 1.0		neg 0.34784528913684065 off 0.3315471509254991 __DUMMY__ 0.32060755993766027	false	1.0
verkehrswidrig	neg 1.0		off 0.3427634069757795 neg 0.33594212903112314 __DUMMY__ 0.32129446399309747	false	0.5
inkorrekt	neg 1.0		neg 0.34292270326573615 off 0.33924627171462196 __DUMMY__ 0.3178310250196418	false	1.0
vermeiden	neg 1.0	neg 1.0	neg 0.6647997427776086 off 0.1774807307627047 __DUMMY__ 0.15771952645968676	false	1.0
abweichung	neg 1.0		neg 0.350122636687247 off 0.32654268316793694 __DUMMY__ 0.32333468014481614	false	1.0
alkoholisiert	neg 1.0		neg 0.3488045927073255 off 0.32647187575160225 __DUMMY__ 0.32472353154107225	false	1.0
scheiss	off 1.0	off 1.0	off 0.6562083954819141 neg 0.19004535054360244 __DUMMY__ 0.15374625397448344	false	1.0
herausforderung	neg 1.0		neg 0.35053344601745956 off 0.3252998247299422 __DUMMY__ 0.32416672925259843	false	1.0
pervers	off 1.0		off 0.34788390044739725 neg 0.3370022923100068 __DUMMY__ 0.31511380724259597	false	1.0
wackelig	neg 1.0		neg 0.3450897243173197 off 0.3300087742369573 __DUMMY__ 0.3249015014457229	false	1.0
verwickeln	neg 1.0		neg 0.3472460506392349 off 0.33256603677598845 __DUMMY__ 0.32018791258477647	false	1.0
vorwand	neg 1.0		neg 0.35245423412926885 off 0.3240799865079753 __DUMMY__ 0.32346577936275583	false	1.0
muschi	off 1.0		neg 0.34785772445369373 off 0.3296665683676277 __DUMMY__ 0.3224757071786787	false	0.5
entmutigung	neg 1.0		neg 0.34785204621720645 off 0.3311820096709464 __DUMMY__ 0.3209659441118472	false	1.0
unangemessen	neg 1.0		neg 0.35103156898613613 off 0.32768615728365663 __DUMMY__ 0.32128227373020735	false	1.0
unstetig	neg 1.0		neg 0.34432353630764606 off 0.33398544251543616 __DUMMY__ 0.3216910211769178	false	1.0
entmutigen	neg 1.0		neg 0.3467812405810004 off 0.33153809472384915 __DUMMY__ 0.3216806646951504	false	1.0
schwanz	neg 1.0		neg 0.35015157239657685 off 0.3267280010395908 __DUMMY__ 0.3231204265638324	false	1.0
verbot	neg 1.0		neg 0.3512466427754388 off 0.3265702335009055 __DUMMY__ 0.32218312372365576	false	1.0
leid	neg 1.0		off 0.3423694223606415 neg 0.34004706356018705 __DUMMY__ 0.31758351407917146	false	0.5
archaisch	neg 1.0		neg 0.34929863364926395 off 0.3286269476601807 __DUMMY__ 0.32207441869055536	false	1.0
gegen			neg 0.3526243482429638 __DUMMY__ 0.32472081243074946 off 0.32265483932628675	false	0.0
scheidung	neg 1.0		off 0.35415902902870056 neg 0.32984936279297855 __DUMMY__ 0.31599160817832095	false	0.5
einschlag	neg 1.0		neg 0.3412310755272158 off 0.3395577368269928 __DUMMY__ 0.31921118764579137	false	1.0
m			neg 0.3479366800424209 off 0.3284659579400122 __DUMMY__ 0.3235973620175668	false	0.0
abgestanden	neg 1.0		neg 0.3483885242834881 off 0.330658308852906 __DUMMY__ 0.32095316686360587	false	1.0
schmierig	off 1.0		off 0.341944733920738 neg 0.3396440691578075 __DUMMY__ 0.31841119692145453	false	1.0
unpraktisch	neg 1.0		neg 0.34545164240489085 off 0.3326490363502893 __DUMMY__ 0.32189932124481985	false	1.0
wixxer	off 1.0		off 0.34725145435154836 neg 0.33875903753808034 __DUMMY__ 0.3139895081103714	false	1.0
bezeichnet			neg 0.34996050471440326 off 0.32946266961758863 __DUMMY__ 0.32057682566800805	false	0.0
jammerlappen	off 1.0		neg 0.3426633627845886 off 0.33651877342645875 __DUMMY__ 0.32081786378895266	false	0.5
farce	neg 1.0		neg 0.35160009444317214 off 0.32718890859024646 __DUMMY__ 0.3212109969665814	false	1.0
zwecklos	neg 1.0		neg 0.3508206638450361 off 0.32749065029685726 __DUMMY__ 0.32168868585810656	false	1.0
turbulent	neg 1.0		neg 0.3455174781861831 off 0.3363754400757895 __DUMMY__ 0.3181070817380274	false	1.0
invasion	neg 1.0		neg 0.3459587361946257 off 0.33275280328100115 __DUMMY__ 0.32128846052437304	false	1.0
schuld	neg 1.0		neg 0.3482042256354669 off 0.3310480706174916 __DUMMY__ 0.3207477037470416	false	1.0
risiko	neg 1.0	neg 1.0	neg 0.6605738024137798 off 0.18374237167395188 __DUMMY__ 0.1556838259122682	false	1.0
finster	neg 1.0		neg 0.34804072444333384 off 0.3313724542046949 __DUMMY__ 0.3205868213519713	false	1.0
geisteskrank	off 1.0		neg 0.3451889612246633 off 0.33683250638235884 __DUMMY__ 0.3179785323929779	false	0.5
zusammenbrechen	neg 1.0		neg 0.34886067545841987 off 0.32845095095420024 __DUMMY__ 0.32268837358737995	false	1.0
ausbeute	neg 1.0		neg 0.3420236398184382 off 0.3302338157460624 __DUMMY__ 0.32774254443549944	false	1.0
hinterhalt	neg 1.0		neg 0.34422619992964026 off 0.3305577928400372 __DUMMY__ 0.3252160072303225	false	1.0
kritik	neg 1.0		neg 0.35214529347626283 off 0.3267916224752456 __DUMMY__ 0.32106308404849154	false	1.0
einschrumpfen	neg 1.0		neg 0.3459826162926405 off 0.33430992055820125 __DUMMY__ 0.31970746314915843	false	1.0
riskant	neg 1.0		neg 0.3522254653473586 off 0.3250330998482008 __DUMMY__ 0.3227414348044405	false	1.0
frustrieren	neg 1.0		neg 0.35081555103764567 off 0.32635355915516834 __DUMMY__ 0.322830889807186	false	1.0
groll	neg 1.0		neg 0.3514672189873727 off 0.32683817697336887 __DUMMY__ 0.32169460403925854	false	1.0
gibt			neg 0.3480418844957785 off 0.3288762619824997 __DUMMY__ 0.32308185352172175	false	0.0
qualvoll	neg 1.0		neg 0.3449170640675176 off 0.3340633911972003 __DUMMY__ 0.321019544735282	false	1.0
wackeln	neg 1.0		neg 0.34488361959731584 off 0.332289745161234 __DUMMY__ 0.3228266352414501	false	1.0
klagen	neg 1.0		neg 0.3538328096032142 __DUMMY__ 0.32398051334141703 off 0.32218667705536885	false	1.0
bankrott	neg 1.0		neg 0.34225730416595784 off 0.33620892940449815 __DUMMY__ 0.321533766429544	false	1.0
trauern	neg 1.0		neg 0.3495763027166652 off 0.32645041972277283 __DUMMY__ 0.32397327756056216	false	1.0
ablehnung	neg 1.0		neg 0.3516058145443991 off 0.32684233094171267 __DUMMY__ 0.32155185451388824	false	1.0
stur	neg 1.0		neg 0.347603677680984 off 0.3314682059336726 __DUMMY__ 0.3209281163853436	false	1.0
aufruhr	neg 1.0		neg 0.3490637756164139 off 0.32886437117299777 __DUMMY__ 0.32207185321058823	false	1.0
melancholie	neg 1.0		neg 0.3504452927837184 off 0.32676613325773063 __DUMMY__ 0.322788573958551	false	1.0
ist			neg 0.34550942804275014 off 0.33291191777097345 __DUMMY__ 0.32157865418627635	false	0.0
torheit	neg 1.0		neg 0.3477838900000069 off 0.3305868638584973 __DUMMY__ 0.32162924614149585	false	1.0
dreckskind	off 1.0		neg 0.34243493895391175 off 0.3420283887375393 __DUMMY__ 0.3155366723085488	false	0.5
umtauschen	neg 1.0		neg 0.3467478220515984 off 0.3306269958907561 __DUMMY__ 0.3226251820576455	false	1.0
zum			neg 0.3496935466179355 __DUMMY__ 0.32803454525483877 off 0.3222719081272257	false	0.0
zersetzen	neg 1.0		neg 0.35356892041266824 off 0.3238006351255708 __DUMMY__ 0.3226304444617609	false	1.0
zur			neg 0.3525408386597341 __DUMMY__ 0.32695316479494346 off 0.3205059965453224	false	0.0
frust	neg 1.0		neg 0.34871275991391604 off 0.3284867685052944 __DUMMY__ 0.3228004715807896	false	1.0
unerbittlichkeit	neg 1.0		neg 0.35272782585338 off 0.32413743829993497 __DUMMY__ 0.3231347358466851	false	1.0
zwei			neg 0.3492940449989105 __DUMMY__ 0.32739070808973164 off 0.3233152469113578	false	0.0
unkorrekt	neg 1.0		neg 0.3409557821975374 off 0.3398557015581841 __DUMMY__ 0.31918851624427846	false	1.0
hexe	off 1.0		neg 0.34817992656482055 off 0.33428357215702864 __DUMMY__ 0.3175365012781508	false	0.5
lasch	neg 1.0		neg 0.3465056759335526 off 0.3340469035781591 __DUMMY__ 0.3194474204882884	false	1.0
rivale	neg 1.0		neg 0.34282102902167405 off 0.3382769868076425 __DUMMY__ 0.3189019841706835	false	1.0
mutlos	off 1.0	off 1.0	off 0.6495860013974506 neg 0.19515715239335474 __DUMMY__ 0.15525684620919472	false	1.0
wirr	off 1.0		neg 0.34304873860572815 off 0.33952648005686603 __DUMMY__ 0.31742478133740576	false	0.5
jahr			neg 0.3439980708176521 __DUMMY__ 0.3283758814804517 off 0.3276260477018962	false	0.0
wird			neg 0.34988449792261217 off 0.32718352805720907 __DUMMY__ 0.3229319740201786	false	0.0
strafbar	neg 1.0		neg 0.3510721763696842 off 0.3258996978322273 __DUMMY__ 0.32302812579808854	false	1.0
erosion	neg 1.0		neg 0.34541241469158157 off 0.3314368369902374 __DUMMY__ 0.323150748318181	false	1.0
eingehen	neg 1.0		neg 0.3516096182691567 off 0.3258151363794817 __DUMMY__ 0.3225752453513617	false	1.0
faul	off 1.0		neg 0.34288124649156576 off 0.33593383939173865 __DUMMY__ 0.3211849141166956	false	0.5
provisorium	neg 1.0		neg 0.3515149487802056 __DUMMY__ 0.3290623659989324 off 0.3194226852208619	false	1.0
schmerzen	neg 1.0		neg 0.34992188826943593 off 0.32866639094084726 __DUMMY__ 0.3214117207897169	false	1.0
schrumpfen	neg 1.0		neg 0.35590523148547143 __DUMMY__ 0.3247996179144856 off 0.3192951506000429	false	1.0
geistlos	off 1.0		neg 0.3486217519252629 off 0.33218700969738 __DUMMY__ 0.3191912383773573	false	0.5
fehlkauf	neg 1.0		neg 0.34610711708482295 off 0.33252092763325136 __DUMMY__ 0.32137195528192575	false	1.0
frustrierend	neg 1.0		neg 0.34378599836545404 off 0.33526521823677485 __DUMMY__ 0.32094878339777116	false	1.0
unzufrieden	neg 1.0		neg 0.3507889225002813 off 0.3272743027120981 __DUMMY__ 0.32193677478762056	false	1.0
verzweifeln	neg 1.0		neg 0.3485301215367257 off 0.3292814455761996 __DUMMY__ 0.32218843288707466	false	1.0
verzweifelt	neg 1.0	neg 1.0	neg 0.6630362614696733 off 0.1828349617228017 __DUMMY__ 0.15412877680752501	false	1.0
misstrauensantrag	neg 1.0		neg 0.3456407510376613 off 0.33302292791556104 __DUMMY__ 0.3213363210467776	false	1.0
abfallen	neg 1.0		neg 0.34492660785459534 off 0.3323400222645677 __DUMMY__ 0.3227333698808369	false	1.0
fucker	off 1.0		neg 0.34086680145449677 off 0.3395273814755882 __DUMMY__ 0.31960581706991503	false	0.5
ungezogen	neg 1.0		off 0.34692644403097206 neg 0.3375553855939931 __DUMMY__ 0.3155181703750349	false	0.5
irrsinnig	neg 1.0	neg 1.0	neg 0.6624663028353371 off 0.18307861658274094 __DUMMY__ 0.1544550805819219	false	1.0
unfassbar	neg 1.0		neg 0.3417662181291709 off 0.3378408949817852 __DUMMY__ 0.3203928868890438	false	1.0
hart	neg 1.0		neg 0.343801442639725 off 0.3365815288751807 __DUMMY__ 0.31961702848509416	false	1.0
widerlich	off 1.0		neg 0.3437303246160662 off 0.3374799282052557 __DUMMY__ 0.3187897471786781	false	0.5
fatal	neg 1.0		neg 0.34571276097572906 off 0.33309099966102795 __DUMMY__ 0.32119623936324304	false	1.0
bruch	neg 1.0		neg 0.35305893961885293 __DUMMY__ 0.32415124845598203 off 0.32278981192516504	false	1.0
aushungern	neg 1.0		neg 0.349224116679523 off 0.3281348648103484 __DUMMY__ 0.3226410185101285	false	1.0
anspannung	neg 1.0		neg 0.3522189825673984 __DUMMY__ 0.32664022608626786 off 0.3211407913463338	false	1.0
von			neg 0.3428198986950718 __DUMMY__ 0.3290451848838083 off 0.32813491642111986	false	0.0
kraftlos	neg 1.0		neg 0.348723411055661 off 0.32810192455218323 __DUMMY__ 0.3231746643921558	false	1.0
vom			neg 0.350370863459746 __DUMMY__ 0.32935401508602785 off 0.320275121454226	false	0.0
grenzdebil	off 1.0		neg 0.34145690591224864 off 0.3382468583236415 __DUMMY__ 0.3202962357641099	false	0.5
vor			neg 0.3502739899453061 __DUMMY__ 0.32519418655471155 off 0.3245318234999823	false	0.0
unterwerfen	neg 1.0		neg 0.3511296363179549 off 0.3260921519845616 __DUMMY__ 0.3227782116974835	false	1.0
versenkung	neg 1.0		neg 0.34846238696962323 off 0.32734454339998126 __DUMMY__ 0.3241930696303956	false	1.0
entziehen	neg 1.0		neg 0.35265802605658136 __DUMMY__ 0.32422026459664405 off 0.32312170934677453	false	1.0
finanzkrise	neg 1.0		neg 0.35198432014428155 off 0.3275634550036151 __DUMMY__ 0.32045222485210334	false	1.0
schimpfend	neg 1.0		neg 0.34597723393596436 off 0.33276161014567956 __DUMMY__ 0.3212611559183562	false	1.0
profan	neg 1.0		neg 0.34598938280415004 off 0.3333506110158166 __DUMMY__ 0.32066000618003326	false	1.0
korruption	neg 1.0		neg 0.3520152887320996 off 0.3260395940013453 __DUMMY__ 0.321945117266555	false	1.0
â			neg 0.34800466012116316 off 0.32802499484420816 __DUMMY__ 0.3239703450346286	false	0.0
schmutzig	neg 1.0		neg 0.34095170751840587 off 0.33878584615899965 __DUMMY__ 0.3202624463225945	false	1.0
sexy	neg 1.0		neg 0.3433459912150451 off 0.3351934234753246 __DUMMY__ 0.32146058530963023	false	1.0
abraten	neg 1.0		neg 0.3443952587509533 off 0.3335586622654036 __DUMMY__ 0.32204607898364307	false	1.0
schwarz	neg 1.0		neg 0.34652613587552444 off 0.3321891520011235 __DUMMY__ 0.3212847121233521	false	1.0
fotze	off 1.0	off 1.0	off 0.6514044245742802 neg 0.192795760753925 __DUMMY__ 0.15579981467179496	false	1.0
verwirren	neg 1.0		neg 0.34510999007481663 off 0.3340657765258649 __DUMMY__ 0.32082423339931837	false	1.0
zahnlos	off 1.0		neg 0.34973600239541874 off 0.32833729476193263 __DUMMY__ 0.3219267028426486	false	0.5
verheeren	neg 1.0		off 0.3484107447654601 neg 0.3361670533803738 __DUMMY__ 0.31542220185416603	false	0.5
hippie	neg 1.0		neg 0.3439523181100438 off 0.3346419764847811 __DUMMY__ 0.3214057054051751	false	1.0
rammen	neg 1.0		neg 0.3506497691230116 off 0.33022192825887225 __DUMMY__ 0.31912830261811614	false	1.0
unlauter	neg 1.0		neg 0.3493042962357904 off 0.3304743104983503 __DUMMY__ 0.3202213932658593	false	1.0
unheilvoll	neg 1.0		neg 0.34640320311951167 off 0.33243983424007495 __DUMMY__ 0.3211569626404133	false	1.0
niedrig	neg 1.0		neg 0.3533580533318222 off 0.32428711657650405 __DUMMY__ 0.32235483009167376	false	1.0
explosion	neg 1.0		neg 0.3448406167976148 off 0.33388899667419103 __DUMMY__ 0.3212703865281941	false	1.0
weichei	off 1.0	off 1.0	off 0.6593844083520713 neg 0.18824394854022153 __DUMMY__ 0.15237164310770712	false	1.0
minusmensch	off 1.0		off 0.3436867844264644 neg 0.3424444978525905 __DUMMY__ 0.3138687177209451	false	1.0
farblos	neg 1.0		neg 0.3474188154002885 off 0.3302480398371537 __DUMMY__ 0.3223331447625578	false	1.0
unwissend	neg 1.0	neg 1.0	neg 0.6604126330087599 off 0.1857144976269313 __DUMMY__ 0.15387286936430877	false	1.0
traurig	neg 1.0		off 0.34071066600761457 neg 0.33959140418321315 __DUMMY__ 0.3196979298091722	false	0.5
senkung	neg 1.0		neg 0.3478099848884445 off 0.33249568405941055 __DUMMY__ 0.31969433105214495	false	1.0
ungleich	neg 1.0	neg 1.0	neg 0.6649134619237025 off 0.17945888198125717 __DUMMY__ 0.15562765609504034	false	1.0
heikel	neg 1.0		neg 0.35197710415495237 off 0.32513791513903745 __DUMMY__ 0.3228849807060102	false	1.0
drosselung	neg 1.0		neg 0.3430034396162429 off 0.3374326966372511 __DUMMY__ 0.3195638637465061	false	1.0
falsch	neg 1.0		neg 0.34427245712232707 off 0.33523131394427674 __DUMMY__ 0.32049622893339635	false	1.0
unzufriedenheit	neg 1.0		neg 0.35276002556603187 __DUMMY__ 0.3236296780822087 off 0.3236102963517594	false	1.0
kurz	neg 1.0		neg 0.3454190980050881 off 0.33027976103627926 __DUMMY__ 0.32430114095863277	false	1.0
unsinnig	neg 1.0		neg 0.3497163954504435 off 0.3285454303257204 __DUMMY__ 0.3217381742238362	false	1.0
penner	off 1.0	off 1.0	off 0.6603362228743851 neg 0.18751277119725498 __DUMMY__ 0.15215100592836006	false	1.0
seicht	neg 1.0		off 0.34630531419403515 neg 0.33813608327368777 __DUMMY__ 0.315558602532277	false	0.5
dummheit	off 1.0	off 1.0	off 0.6540396371945277 neg 0.1922118408330157 __DUMMY__ 0.15374852197245653	false	1.0
unerfreulich	neg 1.0		neg 0.3512141664719435 off 0.32484156402710285 __DUMMY__ 0.3239442695009537	false	1.0
motherfucker	off 1.0	off 1.0	off 0.6571297404664057 neg 0.189210854758805 __DUMMY__ 0.15365940477478934	false	1.0
pikiert	neg 1.0		neg 0.3447058607328579 off 0.33642049984644967 __DUMMY__ 0.31887363942069247	false	1.0
wrack	neg 1.0		neg 0.34812756307532594 off 0.3284595567319556 __DUMMY__ 0.3234128801927184	false	1.0
gangster	neg 1.0		neg 0.34413962110578106 off 0.33460080582340357 __DUMMY__ 0.3212595730708154	false	1.0
krank	neg 1.0		neg 0.34085093153592766 off 0.3385302995732474 __DUMMY__ 0.32061876889082497	false	1.0
reich	neg 1.0		neg 0.3422070687327416 off 0.3369305461787319 __DUMMY__ 0.32086238508852644	false	1.0
gnadenlos	neg 1.0		neg 0.3479690126945927 off 0.3311907971855511 __DUMMY__ 0.3208401901198562	false	1.0
niedergeschlagen	neg 1.0		neg 0.347695923687574 off 0.3293290226988719 __DUMMY__ 0.322975053613554	false	1.0
terrorisieren	off 1.0	off 1.0	off 0.65031390064781 neg 0.19374220866916994 __DUMMY__ 0.15594389068302	false	1.0
sinnlosigkeit	neg 1.0		neg 0.3499710979181116 off 0.3278553135258906 __DUMMY__ 0.32217358855599776	false	1.0
behindern	neg 1.0		neg 0.34800588775964547 off 0.3296887064298214 __DUMMY__ 0.32230540581053324	false	1.0
undemokratisch	neg 1.0		neg 0.3475823109441556 off 0.33114903962500897 __DUMMY__ 0.32126864943083544	false	1.0
wirtschaftskrise	neg 1.0		neg 0.35306255122572705 off 0.32543298801182496 __DUMMY__ 0.32150446076244804	false	1.0
neid	neg 1.0		neg 0.3413343536832832 off 0.3364532568234424 __DUMMY__ 0.32221238949327446	false	1.0
rutschen	neg 1.0		neg 0.3497960952824044 __DUMMY__ 0.3272292242257365 off 0.3229746804918591	false	1.0
rezession	neg 1.0		neg 0.346802136938391 off 0.33769119510759005 __DUMMY__ 0.31550666795401894	false	1.0
fehlgeburt	neg 1.0		neg 0.34415473531122864 off 0.3333951935642756 __DUMMY__ 0.3224500711244957	false	1.0
charakterschwach	off 1.0		neg 0.3437733501306259 off 0.3373074468175623 __DUMMY__ 0.3189192030518117	false	0.5
isolation	neg 1.0		neg 0.3439281851268033 off 0.33498402678100764 __DUMMY__ 0.32108778809218913	false	1.0
ablenkung	neg 1.0		neg 0.34575166843559507 off 0.33137371976156116 __DUMMY__ 0.32287461180284377	false	1.0
pech	neg 1.0		neg 0.34383379484901694 off 0.3351725311247428 __DUMMY__ 0.3209936740262403	false	1.0
vermeidung	neg 1.0		neg 0.34240022145025834 off 0.3377961090251971 __DUMMY__ 0.3198036695245446	false	1.0
dominieren	neg 1.0		neg 0.3513896438600154 off 0.3257632245956892 __DUMMY__ 0.32284713154429534	false	1.0
schwindlig	neg 1.0		neg 0.3439917638117125 off 0.33387833619011575 __DUMMY__ 0.3221298999981718	false	1.0
lutscher	neg 1.0	neg 1.0	neg 0.6565168265619156 off 0.1918015473443275 __DUMMY__ 0.15168162609375693	false	1.0
pflicht	neg 1.0		neg 0.3527825596142749 off 0.3238665153572022 __DUMMY__ 0.32335092502852303	false	1.0
faschist	off 1.0		neg 0.344999990782014 off 0.33422432217221565 __DUMMY__ 0.32077568704577036	false	0.5
verschleudern	neg 1.0		neg 0.3526507216222561 off 0.3247022450080863 __DUMMY__ 0.32264703336965744	false	1.0
wenn			neg 0.34425268720089225 off 0.3353198564915604 __DUMMY__ 0.3204274563075474	false	0.0
ehebruch	neg 1.0		neg 0.3507596803673257 off 0.32658838044399385 __DUMMY__ 0.3226519391886804	false	1.0
spott	off 1.0		neg 0.3519371531280263 off 0.3256954654511322 __DUMMY__ 0.32236738142084137	false	0.5
trostlosigkeit	neg 1.0		neg 0.35262271982608845 __DUMMY__ 0.32392718578232754 off 0.323450094391584	false	1.0
lutschen	neg 1.0		neg 0.3466100371764262 off 0.3338204735586119 __DUMMY__ 0.319569489264962	false	1.0
undiszipliniert	neg 1.0		neg 0.34119416117097123 off 0.33960543862671994 __DUMMY__ 0.31920040020230883	false	1.0
kopfschmerz	neg 1.0		neg 0.35146302982050837 off 0.32718189508942713 __DUMMY__ 0.3213550750900645	false	1.0
unvorhergesehen	neg 1.0		neg 0.34716062881821963 off 0.32704079313315804 __DUMMY__ 0.32579857804862233	false	1.0
desinteressiert	neg 1.0	neg 1.0	neg 0.6593797536910632 off 0.18716815869425493 __DUMMY__ 0.15345208761468185	false	1.0
armselig	off 1.0		neg 0.3428422739033417 off 0.33936859219829235 __DUMMY__ 0.3177891338983659	false	0.5
desaster	neg 1.0		neg 0.353782440870123 __DUMMY__ 0.32419472856334336 off 0.32202283056653364	false	1.0
tod	neg 1.0		neg 0.3482208968151604 off 0.3278679306649733 __DUMMY__ 0.32391117251986623	false	1.0
herzlos	neg 1.0		neg 0.34154990788853323 off 0.3398896925454145 __DUMMY__ 0.31856039956605237	false	1.0
unwissenheit	neg 1.0		neg 0.35084154404450024 off 0.32720526094693636 __DUMMY__ 0.3219531950085634	false	1.0
widersinnig	neg 1.0		neg 0.35283085671159803 off 0.3263822560926605 __DUMMY__ 0.3207868871957413	false	1.0
bedenklich	neg 1.0		neg 0.351328475018552 off 0.32631687574900575 __DUMMY__ 0.32235464923244217	false	1.0
beanstanden	neg 1.0		neg 0.35256653393846 __DUMMY__ 0.3237436650076634 off 0.3236898010538765	false	1.0
panisch	neg 1.0	neg 1.0	neg 0.6595879845450069 off 0.18484199969748827 __DUMMY__ 0.1555700157575048	false	1.0
debil	off 1.0		neg 0.35448211672465524 __DUMMY__ 0.3268348719460171 off 0.3186830113293277	false	0.5
abstrich	neg 1.0		neg 0.34364604255373427 off 0.33146051252454706 __DUMMY__ 0.32489344492171873	false	1.0
primitiv	neg 1.0		neg 0.3436475336421852 off 0.3376715620207719 __DUMMY__ 0.31868090433704294	false	1.0
abschaum	off 1.0	off 1.0	off 0.6558011012990254 neg 0.1904873626231863 __DUMMY__ 0.1537115360777883	false	1.0
provozieren	neg 1.0		neg 0.3490798079933527 off 0.3305854673602291 __DUMMY__ 0.32033472464641816	false	1.0
tot	neg 1.0		neg 0.3497468010271065 off 0.3275301175211796 __DUMMY__ 0.32272308145171386	false	1.0
instabil	neg 1.0		neg 0.3432273859768605 off 0.338711035330925 __DUMMY__ 0.3180615786922145	false	1.0
schwuchtel	off 1.0	off 1.0	off 0.6633255689936773 neg 0.18635924278705285 __DUMMY__ 0.1503151882192699	false	1.0
zerren	neg 1.0		neg 0.348853664104937 off 0.3283807129395082 __DUMMY__ 0.3227656229555548	false	1.0
kinderficker	off 1.0		off 0.34313678870483866 neg 0.3388534501129282 __DUMMY__ 0.3180097611822332	false	1.0
gefahr	neg 1.0		neg 0.3515149540448554 __DUMMY__ 0.324465013303582 off 0.32402003265156254	false	1.0
rabiat	neg 1.0		neg 0.34717045222300985 off 0.3307794834507926 __DUMMY__ 0.3220500643261976	false	1.0
verlangsamung	neg 1.0		off 0.34280013827318223 neg 0.3422620491397459 __DUMMY__ 0.3149378125870719	false	0.5
ausgestorben	neg 1.0		neg 0.34663470527238904 off 0.33076617578395856 __DUMMY__ 0.32259911894365245	false	1.0
anklagen	neg 1.0		neg 0.3508632178134435 off 0.32672819129691477 __DUMMY__ 0.3224085908896418	false	1.0
trott	neg 1.0		neg 0.34742339696215013 off 0.3302134122488693 __DUMMY__ 0.32236319078898057	false	1.0
verminderung	neg 1.0		neg 0.3423068435684045 off 0.3381471751264877 __DUMMY__ 0.31954598130510786	false	1.0
nach			neg 0.3500810349403678 __DUMMY__ 0.3279651387394285 off 0.3219538263202036	false	0.0
rost	neg 1.0		off 0.3432487619349761 neg 0.3392787488569738 __DUMMY__ 0.31747248920805005	false	0.5
destruktiv	neg 1.0		neg 0.3489458198394085 off 0.3297357588404633 __DUMMY__ 0.3213184213201282	false	1.0
unzumutbarkeit	neg 1.0		neg 0.3421623167373339 off 0.33719391406018706 __DUMMY__ 0.32064376920247906	false	1.0
labil	off 1.0	off 1.0	off 0.6554499785613075 neg 0.1904993590650916 __DUMMY__ 0.1540506623736009	false	1.0
ziemlich	neg 1.0		neg 0.3408279089604569 off 0.33815789298617804 __DUMMY__ 0.32101419805336495	false	1.0
lachnummer	off 1.0		neg 0.34876768782995665 off 0.3302970431129236 __DUMMY__ 0.3209352690571196	false	0.5
oder			neg 0.34509540484627577 off 0.3322641391473293 __DUMMY__ 0.32264045600639496	false	0.0
verfall	neg 1.0		neg 0.35501036739305714 __DUMMY__ 0.32525283731250043 off 0.3197367952944425	false	1.0
ausgrenzung	neg 1.0		neg 0.3471377167113223 off 0.3318052100630764 __DUMMY__ 0.3210570732256013	false	1.0
unordnung	neg 1.0		off 0.3406165544366313 neg 0.3386915832291682 __DUMMY__ 0.32069186233420044	false	0.5
fehlverhalten	neg 1.0		neg 0.3536941911890627 off 0.3239226660906108 __DUMMY__ 0.3223831427203265	false	1.0
eine			neg 0.3498749422593993 off 0.3251867911274703 __DUMMY__ 0.32493826661313036	false	0.0
nille	neg 1.0		neg 0.3470053932452746 off 0.3303178918310824 __DUMMY__ 0.322676714923643	false	1.0
qual	neg 1.0		neg 0.3476146840010613 off 0.32982377594727164 __DUMMY__ 0.32256154005166693	false	1.0
verschwenden	neg 1.0		neg 0.35202682877204355 off 0.3255389230449185 __DUMMY__ 0.32243424818303784	false	1.0
riesig	neg 1.0		neg 0.34898292708277523 off 0.327212707438995 __DUMMY__ 0.3238043654782297	false	1.0
verurteilen	neg 1.0		neg 0.3523414705569744 off 0.3264468491227053 __DUMMY__ 0.32121168032032044	false	1.0
klischee	neg 1.0	neg 1.0	neg 0.6615427525497348 off 0.18462120320820125 __DUMMY__ 0.15383604424206399	false	1.0
diktatorisch	neg 1.0		neg 0.3480280593818071 off 0.33109147581402143 __DUMMY__ 0.32088046480417143	false	1.0
vorhersehbar	neg 1.0		neg 0.3468440642110766 off 0.3333781911742198 __DUMMY__ 0.3197777446147036	false	1.0
sowie			neg 0.3419188809736336 off 0.3412754043279928 __DUMMY__ 0.3168057146983737	false	0.0
stornieren	neg 1.0		neg 0.34071401583668787 off 0.3349961360658617 __DUMMY__ 0.3242898480974505	false	1.0
besteuerung	neg 1.0		neg 0.3506625238966713 off 0.32961340040883763 __DUMMY__ 0.3197240756944911	false	1.0
ungeschminkt	neg 1.0		neg 0.3461375552307481 off 0.3363418252478274 __DUMMY__ 0.3175206195214246	false	1.0
kritisch	neg 1.0		neg 0.35109761783438015 off 0.32620290052797923 __DUMMY__ 0.32269948163764056	false	1.0
schlamperei	off 1.0		neg 0.35088707170605316 off 0.3252548078047675 __DUMMY__ 0.32385812048917934	false	0.5
sucht	neg 1.0	neg 1.0	neg 0.6586444048996324 off 0.18443800300630742 __DUMMY__ 0.1569175920940603	false	1.0
egoistisch	off 1.0		off 0.3427120488566158 neg 0.3402304736527615 __DUMMY__ 0.3170574774906226	false	1.0
ausbeuter	off 1.0		neg 0.35457129506226487 off 0.32353402136188303 __DUMMY__ 0.32189468357585205	false	0.5
arschgeburt	off 1.0		off 0.3492960711879494 neg 0.33826108043273123 __DUMMY__ 0.31244284837931924	false	1.0
schubs	neg 1.0		neg 0.34787739319221406 off 0.328938255922294 __DUMMY__ 0.32318435088549197	false	1.0
unsolide	neg 1.0		neg 0.348854406328027 off 0.33124616403278057 __DUMMY__ 0.3198994296391924	false	1.0
beschwerde	neg 1.0		neg 0.3523933066349386 off 0.3251835160152626 __DUMMY__ 0.3224231773497987	false	1.0
stocken	neg 1.0		neg 0.3513201236000273 off 0.325319357413198 __DUMMY__ 0.32336051898677476	false	1.0
isolieren	neg 1.0		neg 0.35067607711360127 off 0.3267666381459743 __DUMMY__ 0.32255728474042433	false	1.0
unheilbar	neg 1.0		neg 0.3472408822905129 off 0.3308696814700259 __DUMMY__ 0.32188943623946115	false	1.0
pisser	off 1.0		neg 0.34407258396122864 off 0.3384156494847215 __DUMMY__ 0.3175117665540499	false	0.5
löschen	neg 1.0		neg 0.3471879612964002 off 0.3305533675359786 __DUMMY__ 0.3222586711676211	false	1.0
durchfallen	neg 1.0		neg 0.35175854578814847 off 0.326438711552075 __DUMMY__ 0.3218027426597766	false	1.0
wichser	off 1.0	off 1.0	off 0.6622116576236985 neg 0.1862653853907891 __DUMMY__ 0.15152295698551244	false	1.0
terror	neg 1.0		neg 0.3439672399258153 off 0.3344449190803776 __DUMMY__ 0.32158784099380705	false	1.0
krass	neg 1.0		off 0.3408229432904607 neg 0.3407528496087575 __DUMMY__ 0.3184242071007817	false	0.5
revolte	neg 1.0		neg 0.3466771671402475 off 0.33236344850723515 __DUMMY__ 0.3209593843525174	false	1.0
besorgt	neg 1.0		neg 0.34507491518420436 off 0.33019212293578437 __DUMMY__ 0.32473296188001133	false	1.0
nachlassen	neg 1.0		neg 0.35021435731778244 off 0.32578390326833745 __DUMMY__ 0.3240017394138801	false	1.0
alt	neg 1.0		neg 0.3506700098331078 off 0.32719744830694436 __DUMMY__ 0.32213254185994783	false	1.0
hundesohn	off 1.0		off 0.3463270104211309 neg 0.3387652647910961 __DUMMY__ 0.3149077247877729	false	1.0
als			neg 0.3479471166595034 off 0.3287559510682783 __DUMMY__ 0.3232969322722182	false	0.0
abschreckung	neg 1.0		neg 0.35314651559937105 __DUMMY__ 0.3235981159768702 off 0.32325536842375885	false	1.0
unqualifiziert	neg 1.0		neg 0.34634336129975374 off 0.334248364897061 __DUMMY__ 0.3194082738031852	false	1.0
abgewichst	off 1.0		neg 0.34681726886716063 off 0.3299253517692627 __DUMMY__ 0.32325737936357657	false	0.5
schwer	neg 1.0		neg 0.3483544594806017 off 0.3297597502960799 __DUMMY__ 0.3218857902233185	false	1.0
bedeutungslosigkeit	neg 1.0		neg 0.35231922237332325 off 0.32442413726462793 __DUMMY__ 0.32325664036204876	false	1.0
kapitulation	neg 1.0		neg 0.3510281922570343 off 0.3259593356102983 __DUMMY__ 0.3230124721326674	false	1.0
unscharf	neg 1.0		neg 0.34686655800742594 off 0.3328763054687559 __DUMMY__ 0.32025713652381815	false	1.0
schwinden	neg 1.0		neg 0.3529876147635891 off 0.32386965372220644 __DUMMY__ 0.32314273151420436	false	1.0
versklavung	neg 1.0		neg 0.34781868668209287 off 0.330853609358172 __DUMMY__ 0.32132770395973514	false	1.0
schlecht	neg 1.0		neg 0.340931841685115 off 0.3382156975231055 __DUMMY__ 0.3208524607917794	false	1.0
verhasst	neg 1.0		neg 0.3496571483330946 off 0.33075866863127285 __DUMMY__ 0.3195841830356327	false	1.0
beschweren	neg 1.0		neg 0.34563317135891614 off 0.33295312280818984 __DUMMY__ 0.3214137058328939	false	1.0
scheiden	neg 1.0		neg 0.34533593426814896 off 0.33140407804461985 __DUMMY__ 0.3232599876872312	false	1.0
frustriert	neg 1.0		neg 0.3497861004918363 off 0.32843833770070935 __DUMMY__ 0.3217755618074543	false	1.0
schimmelig	neg 1.0		neg 0.35370584956321655 off 0.32566410131593737 __DUMMY__ 0.32063004912084625	false	1.0
fisch	neg 1.0		neg 0.35430882188410745 off 0.32320664484724704 __DUMMY__ 0.3224845332686454	false	1.0
schmuggel	neg 1.0		neg 0.35148106862935985 off 0.3251094588603548 __DUMMY__ 0.32340947251028535	false	1.0
auffallen	neg 1.0		neg 0.3448441956773621 off 0.3339280050949238 __DUMMY__ 0.32122779922771405	false	1.0
konkurrenz	neg 1.0		neg 0.35331066133168737 __DUMMY__ 0.3237960271707858 off 0.32289331149752704	false	1.0
teufelskreis	neg 1.0	neg 1.0	neg 0.663795695703697 off 0.18178599117970368 __DUMMY__ 0.15441831311659926	false	1.0
aufschreien	neg 1.0		neg 0.346558532988311 off 0.33323369157618415 __DUMMY__ 0.32020777543550477	false	1.0
schuldner	neg 1.0		neg 0.3552550218820519 off 0.32269310492247444 __DUMMY__ 0.32205187319547374	false	1.0
missgeburt	off 1.0	off 1.0	off 0.6593077047121225 neg 0.18894914077743963 __DUMMY__ 0.1517431545104379	false	1.0
arbeitslos	neg 1.0		neg 0.3511502174488309 off 0.326971198791998 __DUMMY__ 0.3218785837591713	false	1.0
befallen	neg 1.0		neg 0.3519724995934024 off 0.32723350564265236 __DUMMY__ 0.32079399476394516	false	1.0
miesepetrig	off 1.0	off 1.0	off 0.6563933203469757 neg 0.18932491195675605 __DUMMY__ 0.1542817676962681	false	1.0
alarmieren	neg 1.0		neg 0.34623674393634557 off 0.33445894674492405 __DUMMY__ 0.31930430931873033	false	1.0
ungeduscht	off 1.0		neg 0.34616146819425103 off 0.33457647047018935 __DUMMY__ 0.31926206133555957	false	0.5
knappheit	neg 1.0		neg 0.35364500781351654 off 0.325410606027913 __DUMMY__ 0.3209443861585704	false	1.0
schlange	neg 1.0		neg 0.34292577087148385 off 0.33374546474830274 __DUMMY__ 0.32332876438021346	false	1.0
harsch	neg 1.0		off 0.3427005236152956 neg 0.33786818527993817 __DUMMY__ 0.31943129110476604	false	0.5
lang	neg 1.0		neg 0.34602638506636746 off 0.3317394193724287 __DUMMY__ 0.32223419556120386	false	1.0
ziellos	neg 1.0		neg 0.3484009830627149 off 0.3275932408214497 __DUMMY__ 0.3240057761158353	false	1.0
selbstverliebt	neg 1.0		off 0.34780566521078304 neg 0.3378700364096877 __DUMMY__ 0.3143242983795292	false	0.5
beseitigen	neg 1.0		neg 0.34861786360517394 off 0.3288080150350989 __DUMMY__ 0.3225741213597272	false	1.0
dumm	off 1.0		off 0.343883579506859 neg 0.33878404959334346 __DUMMY__ 0.31733237089979754	false	1.0
arbeitsloser	neg 1.0		neg 0.3482199747762013 off 0.3282179351606196 __DUMMY__ 0.32356209006317915	false	1.0
blitzen	neg 1.0		neg 0.34398122387528207 off 0.3345650219984779 __DUMMY__ 0.32145375412623994	false	1.0
hilflos	neg 1.0		neg 0.3500914792400443 off 0.3279683450026379 __DUMMY__ 0.3219401757573178	false	1.0
eklig	off 1.0		off 0.34334758325528586 neg 0.3410694287972415 __DUMMY__ 0.3155829879474726	false	1.0
begriff			neg 0.3478044343590706 off 0.32988484225541553 __DUMMY__ 0.3223107233855139	false	0.0
hungersnot	neg 1.0		neg 0.3503128633765249 off 0.3272295809487947 __DUMMY__ 0.32245755567468043	false	1.0
ungesetzlich	neg 1.0		neg 0.35000576217684687 off 0.3299857176219015 __DUMMY__ 0.32000852020125164	false	1.0
verschwendung	neg 1.0		neg 0.3514708601227474 off 0.3253880927687164 __DUMMY__ 0.32314104710853625	false	1.0
schmerzvoll	neg 1.0		neg 0.34664004653647607 off 0.3322605997838966 __DUMMY__ 0.3210993536796274	false	1.0
vorzeitig	neg 1.0		neg 0.3465480084547585 off 0.3330785774867425 __DUMMY__ 0.32037341405849895	false	1.0
unvollkommenheit	neg 1.0		neg 0.3462464941952621 off 0.32883434478146434 __DUMMY__ 0.32491916102327345	false	1.0
intervenieren	neg 1.0		neg 0.3527745525469065 off 0.32465485469021393 __DUMMY__ 0.3225705927628795	false	1.0
banause	off 1.0		off 0.3456672521865011 neg 0.3403005309778796 __DUMMY__ 0.3140322168356194	false	1.0
rebell	neg 1.0		neg 0.3541395202247844 __DUMMY__ 0.32443957145731905 off 0.3214209083178964	false	1.0
unlogisch	neg 1.0		neg 0.34218098005768754 off 0.3395142251544999 __DUMMY__ 0.3183047947878127	false	1.0
leiden	neg 1.0		neg 0.34976091362862394 off 0.32538577830323245 __DUMMY__ 0.3248533080681437	false	1.0
abschaffung	neg 1.0		neg 0.34752820009829405 off 0.3307090965003955 __DUMMY__ 0.32176270340131047	false	1.0
sturz	neg 1.0		neg 0.3461042580385296 off 0.33111862547987925 __DUMMY__ 0.3227771164815913	false	1.0
verkleinerung	neg 1.0		neg 0.3475429901352692 off 0.332830863937136 __DUMMY__ 0.31962614592759486	false	1.0
schmarotzer	off 1.0		neg 0.35116976767993213 off 0.3275646699740275 __DUMMY__ 0.32126556234604037	false	0.5
bestrafung	neg 1.0		neg 0.3469642870477304 off 0.33155978186634183 __DUMMY__ 0.3214759310859278	false	1.0
achtlos	neg 1.0	neg 1.0	neg 0.6622010083046674 off 0.18236450414657393 __DUMMY__ 0.15543448754875858	false	1.0
ungeheuer	neg 1.0		neg 0.3448545839762753 off 0.3336083933268256 __DUMMY__ 0.321537022696899	false	1.0
unaufrichtig	neg 1.0		neg 0.3418968588246361 off 0.33539821252907287 __DUMMY__ 0.32270492864629097	false	1.0
groggy	neg 1.0		neg 0.3448591010467303 off 0.3340429465096728 __DUMMY__ 0.321097952443597	false	1.0
verletzlich	neg 1.0		neg 0.34496064878123317 off 0.3366904760387453 __DUMMY__ 0.3183488751800215	false	1.0
ablehnen	neg 1.0		neg 0.3503935242328092 off 0.3270311188692672 __DUMMY__ 0.3225753568979235	false	1.0
