unsolidarisch	neg 1.0		neg 0.4815086432413519 off 0.45220831735311023 __DUMMY__ 0.06628303940553773	false	1.0
nachteilig	neg 1.0		neg 0.4833646206245343 off 0.44973999459190545 __DUMMY__ 0.0668953847835602	false	1.0
skeptisch	neg 1.0		neg 0.48367161377679996 off 0.4493555537151979 __DUMMY__ 0.06697283250800228	false	1.0
schrecklich	neg 1.0		neg 0.4692561284206244 off 0.4647327737193097 __DUMMY__ 0.06601109786006579	false	1.0
schlapp	neg 1.0		neg 0.47273969517058934 off 0.460922260850326 __DUMMY__ 0.06633804397908474	false	1.0
abfall	neg 1.0		neg 0.4864133965231866 off 0.4462664905483009 __DUMMY__ 0.0673201129285125	false	1.0
widerspenstig	neg 1.0		neg 0.47817879588474027 off 0.45515822089833424 __DUMMY__ 0.06666298321692551	false	1.0
abrupt	neg 1.0		neg 0.4821008133739135 off 0.4508622291668865 __DUMMY__ 0.06703695745920017	false	1.0
unwirksam	neg 1.0		neg 0.4819841211123353 off 0.45183138113452825 __DUMMY__ 0.06618449775313659	false	1.0
angreifen	neg 1.0		neg 0.48505728334478 off 0.44814888476442166 __DUMMY__ 0.06679383189079827	false	1.0
inkonsistent	neg 1.0		neg 0.47991618456125307 off 0.45383534372818063 __DUMMY__ 0.06624847171056615	false	1.0
abrutschen	neg 1.0		neg 0.48703706689576837 off 0.44583955108865075 __DUMMY__ 0.06712338201558078	false	1.0
unsicher	neg 1.0		neg 0.47734946181563004 off 0.45577681501773604 __DUMMY__ 0.066873723166634	false	1.0
bauernkind	off 1.0	off 1.0	off 0.7152731723252805 neg 0.2539023055936512 __DUMMY__ 0.030824522081068225	false	1.0
angreifer	neg 1.0	neg 1.0	neg 0.7242879024192319 off 0.24393162988790223 __DUMMY__ 0.031780467692865876	false	1.0
trennen	neg 1.0		neg 0.4825661942323604 off 0.45022171432080826 __DUMMY__ 0.06721209144683134	false	1.0
schmutz	neg 1.0		neg 0.4752688181781781 off 0.4578974111266251 __DUMMY__ 0.06683377069519685	false	1.0
inkonsistenz	neg 1.0		neg 0.47688253927129165 off 0.4573670188513041 __DUMMY__ 0.06575044187740421	false	1.0
erschreckend	neg 1.0		neg 0.48022229785223863 off 0.4531842964005436 __DUMMY__ 0.0665934057472179	false	1.0
ertrinken	neg 1.0		neg 0.48421717556467575 off 0.4489618076968307 __DUMMY__ 0.06682101673849358	false	1.0
pickelface	off 1.0		neg 0.47952303264285423 off 0.45373746803704956 __DUMMY__ 0.06673949932009629	false	0.5
seiner			neg 0.4831705168232385 off 0.4498461130676674 __DUMMY__ 0.06698337010909411	false	0.0
lauch	neg 1.0		neg 0.4856541712951751 off 0.44712410596739083 __DUMMY__ 0.06722172273743421	false	1.0
unwichtig	neg 1.0		neg 0.47484415094218413 off 0.45901510053955075 __DUMMY__ 0.06614074851826512	false	1.0
steuerhinterziehung	neg 1.0	neg 1.0	neg 0.7277818217245007 off 0.24046818598604 __DUMMY__ 0.0317499922894593	false	1.0
schock	neg 1.0		neg 0.4795437977283467 off 0.4537253713020764 __DUMMY__ 0.0667308309695768	false	1.0
beule	neg 1.0		neg 0.47337503371681944 off 0.46058798164306214 __DUMMY__ 0.06603698464011828	false	1.0
vergelten	neg 1.0		neg 0.4686793158736506 off 0.46494295882328834 __DUMMY__ 0.06637772530306096	false	1.0
verdorbenheit	neg 1.0		neg 0.47506787857859134 off 0.4578889521361149 __DUMMY__ 0.06704316928529376	false	1.0
trauma	neg 1.0		neg 0.4778648157309452 off 0.4555570707809103 __DUMMY__ 0.06657811348814448	false	1.0
sinnlos	neg 1.0		neg 0.4764336379480111 off 0.4570598436801452 __DUMMY__ 0.06650651837184388	false	1.0
fettsack	off 1.0	off 1.0	off 0.7168789941280764 neg 0.25215454714804947 __DUMMY__ 0.030966458723874105	false	1.0
feige	off 1.0	off 1.0	off 0.71447897021439 neg 0.25417696778155324 __DUMMY__ 0.03134406200405672	false	1.0
abdanken	neg 1.0		neg 0.48033262631822765 off 0.453083203013596 __DUMMY__ 0.0665841706681763	false	1.0
wichtigtuer	off 1.0	off 1.0	off 0.7136527056414149 neg 0.25480547983782836 __DUMMY__ 0.03154181452075669	false	1.0
misslingen	neg 1.0		neg 0.4729128915354334 off 0.4596880025156883 __DUMMY__ 0.06739910594887837	false	1.0
untreu	off 1.0		neg 0.4739702081301741 off 0.45986874930746235 __DUMMY__ 0.0661610425623635	false	0.5
missmutig	neg 1.0		neg 0.4737497527952515 off 0.4599036260973058 __DUMMY__ 0.0663466211074427	false	1.0
hurenbock	off 1.0		neg 0.4761877072267252 off 0.457209547520075 __DUMMY__ 0.06660274525319985	false	0.5
betrunken	neg 1.0		neg 0.4714409470489267 off 0.4623895409012925 __DUMMY__ 0.06616951204978092	false	1.0
korrupt	off 1.0		neg 0.48432036221996905 off 0.4493255888522886 __DUMMY__ 0.06635404892774228	false	0.5
unmut	neg 1.0		neg 0.4862072554416393 off 0.44656208816423343 __DUMMY__ 0.06723065639412722	false	1.0
hackfresse	off 1.0		off 0.4673548550288678 neg 0.4670965561258656 __DUMMY__ 0.06554858884526657	false	1.0
aufblasen	neg 1.0		neg 0.4763588436606877 off 0.457044820356706 __DUMMY__ 0.06659633598260631	false	1.0
gewaltsam	neg 1.0		neg 0.4802411191107572 off 0.45300263457841955 __DUMMY__ 0.06675624631082332	false	1.0
unbeliebtheit	neg 1.0		neg 0.4778962291481541 off 0.45621156652036493 __DUMMY__ 0.06589220433148088	false	1.0
sturheit	neg 1.0		neg 0.4815484096325086 off 0.45191435340202757 __DUMMY__ 0.06653723696546383	false	1.0
kuh	neg 1.0		neg 0.48035923463533986 off 0.45381501790767914 __DUMMY__ 0.06582574745698111	false	1.0
erschrecken	neg 1.0		neg 0.4736212663484483 off 0.45993689715428554 __DUMMY__ 0.06644183649726611	false	1.0
opfer	neg 1.0		neg 0.4823246170834897 off 0.45079525217842675 __DUMMY__ 0.06688013073808355	false	1.0
sinken	neg 1.0		neg 0.4859496227530077 off 0.4469153279583368 __DUMMY__ 0.06713504928865535	false	1.0
stinktier	neg 1.0		neg 0.47457670612708913 off 0.46036931839142636 __DUMMY__ 0.06505397548148464	false	1.0
tucke	off 1.0		neg 0.46823445774899475 off 0.4666352654337515 __DUMMY__ 0.0651302768172538	false	0.5
ein			neg 0.47746839004216657 off 0.4559438189351581 __DUMMY__ 0.06658779102267515	false	0.0
abstieg	neg 1.0		neg 0.4841357329921696 off 0.44901875084489223 __DUMMY__ 0.06684551616293812	false	1.0
missverstehen	neg 1.0		neg 0.47722903329339067 off 0.45657024664413287 __DUMMY__ 0.06620072006247642	false	1.0
ergebnislos	neg 1.0		neg 0.48302015088050626 off 0.44990979593569985 __DUMMY__ 0.06707005318379383	false	1.0
unter			neg 0.48836093183319856 off 0.44370989405290234 __DUMMY__ 0.06792917411389912	false	0.0
manipulieren	neg 1.0		neg 0.483999118003078 off 0.4489828191526991 __DUMMY__ 0.067018062844223	false	1.0
unbewiesen	neg 1.0		neg 0.48226360669163343 off 0.4515604404881587 __DUMMY__ 0.06617595282020783	false	1.0
verschleppen	neg 1.0		neg 0.4832540103917585 off 0.4500661018508565 __DUMMY__ 0.06667988775738497	false	1.0
weib	off 1.0		neg 0.47029427010331715 off 0.4647799876274282 __DUMMY__ 0.06492574226925459	false	0.5
opposition	neg 1.0		neg 0.4785576264358995 off 0.455119862771066 __DUMMY__ 0.06632251079303458	false	1.0
verkehrswidrig	neg 1.0		off 0.46709917081380303 neg 0.4664406520510064 __DUMMY__ 0.06646017713519055	false	0.5
inkorrekt	neg 1.0		neg 0.4723053274335622 off 0.46196929715637747 __DUMMY__ 0.06572537541006038	false	1.0
vermeiden	neg 1.0	neg 1.0	neg 0.7293659085072155 off 0.23834846715637395 __DUMMY__ 0.032285624336410454	false	1.0
abweichung	neg 1.0		neg 0.4821642375636463 off 0.45092925210763957 __DUMMY__ 0.06690651032871407	false	1.0
alkoholisiert	neg 1.0		neg 0.4812936720549949 off 0.4515111517810396 __DUMMY__ 0.06719517616396543	false	1.0
scheiss	off 1.0	off 1.0	off 0.7156628196038168 neg 0.25287904085915797 __DUMMY__ 0.031458139537025226	false	1.0
herausforderung	neg 1.0		neg 0.48292954774355684 off 0.4499853766274189 __DUMMY__ 0.06708507562902435	false	1.0
pervers	off 1.0		off 0.4699557760876946 neg 0.46490586949385376 __DUMMY__ 0.06513835441845157	false	1.0
wackelig	neg 1.0		neg 0.47751966816228497 off 0.4552340650203006 __DUMMY__ 0.06724626681741445	false	1.0
verwickeln	neg 1.0		neg 0.4777983146835278 off 0.45596402832711863 __DUMMY__ 0.06623765698935372	false	1.0
vorwand	neg 1.0		neg 0.4846514151262297 off 0.44840518163334003 __DUMMY__ 0.06694340324043027	false	1.0
muschi	off 1.0		neg 0.47941840729429386 off 0.45385481117332016 __DUMMY__ 0.0667267815323858	false	0.5
entmutigung	neg 1.0		neg 0.47881884045368633 off 0.45478322881749333 __DUMMY__ 0.06639793072882028	false	1.0
unangemessen	neg 1.0		neg 0.48223328707170104 off 0.4512925510766671 __DUMMY__ 0.06647416185163178	false	1.0
unstetig	neg 1.0		neg 0.47536233944409517 off 0.45809285326679045 __DUMMY__ 0.06654480728911433	false	1.0
entmutigen	neg 1.0		neg 0.47794196026086433 off 0.455502676457829 __DUMMY__ 0.06655536328130666	false	1.0
schwanz	neg 1.0		neg 0.4820598140640545 off 0.45107806820689206 __DUMMY__ 0.06686211772905347	false	1.0
verbot	neg 1.0		neg 0.4828784668799986 off 0.4504581974225233 __DUMMY__ 0.06666333569747827	false	1.0
leid	neg 1.0		neg 0.46912575314427557 off 0.4652026894986764 __DUMMY__ 0.06567155735704795	false	1.0
archaisch	neg 1.0		neg 0.48075112860092034 off 0.4526077055272584 __DUMMY__ 0.06664116587182131	false	1.0
gegen			neg 0.485397145469167 off 0.44739230052024376 __DUMMY__ 0.06721055401058915	false	0.0
scheidung	neg 1.0		off 0.4767708001514664 neg 0.45791107269785297 __DUMMY__ 0.06531812715068058	false	0.5
einschlag	neg 1.0		neg 0.47108374041554407 off 0.4628974492861058 __DUMMY__ 0.06601881029835004	false	1.0
m			neg 0.47994065814458686 off 0.4530866430494024 __DUMMY__ 0.06697269880601063	false	0.0
abgestanden	neg 1.0		neg 0.47920502459211395 off 0.4544061544439471 __DUMMY__ 0.06638882096393894	false	1.0
schmierig	off 1.0		neg 0.46906535251295967 off 0.46508518858619036 __DUMMY__ 0.0658494589008499	false	0.5
unpraktisch	neg 1.0		neg 0.47659434681629076 off 0.4568049237734693 __DUMMY__ 0.06660072941023998	false	1.0
wixxer	off 1.0		off 0.46885227776724775 neg 0.46625049111914796 __DUMMY__ 0.06489723111360439	false	1.0
bezeichnet			neg 0.48080191926323385 off 0.4528754847259262 __DUMMY__ 0.0663225960108401	false	0.0
jammerlappen	off 1.0		neg 0.4732762485210974 off 0.46035198116004666 __DUMMY__ 0.06637177031885602	false	0.5
farce	neg 1.0		neg 0.4828180202019576 off 0.45072816661243287 __DUMMY__ 0.0664538131856095	false	1.0
zwecklos	neg 1.0		neg 0.4821754811026516 off 0.45126221911105485 __DUMMY__ 0.06656229978629351	false	1.0
turbulent	neg 1.0		neg 0.47507902286832815 off 0.45914707152133144 __DUMMY__ 0.06577390561034041	false	1.0
invasion	neg 1.0		neg 0.47689693768725666 off 0.45662850886295275 __DUMMY__ 0.0664745534497906	false	1.0
schuld	neg 1.0		neg 0.47903242194899476 off 0.4546075447069103 __DUMMY__ 0.066360033344095	false	1.0
risiko	neg 1.0	neg 1.0	neg 0.7242852558635706 off 0.2438539336071934 __DUMMY__ 0.03186081052923597	false	1.0
finster	neg 1.0		neg 0.4786983384164981 off 0.45498724135286944 __DUMMY__ 0.06631442023063246	false	1.0
geisteskrank	off 1.0		neg 0.47469907629145636 off 0.45953916194802813 __DUMMY__ 0.06576176176051562	false	0.5
zusammenbrechen	neg 1.0		neg 0.4805437452680161 off 0.45267954744916844 __DUMMY__ 0.06677670728281547	false	1.0
ausbeute	neg 1.0		neg 0.4755476384961664 off 0.4566041522223522 __DUMMY__ 0.06784820928148141	false	1.0
hinterhalt	neg 1.0		neg 0.47679713346409625 off 0.4559011163276814 __DUMMY__ 0.06730175020822249	false	1.0
kritik	neg 1.0		neg 0.48332503233641866 off 0.4502521696504093 __DUMMY__ 0.06642279801317201	false	1.0
einschrumpfen	neg 1.0		neg 0.4762679357154947 off 0.4576018383319036 __DUMMY__ 0.06613022595260167	false	1.0
riskant	neg 1.0		neg 0.4840837061348469 off 0.44912699050033084 __DUMMY__ 0.06678930336482215	false	1.0
frustrieren	neg 1.0		neg 0.4826543568171107 off 0.4505379767223964 __DUMMY__ 0.06680766646049291	false	1.0
groll	neg 1.0		neg 0.4828614691216622 off 0.4505767206220817 __DUMMY__ 0.06656181025625603	false	1.0
gibt			neg 0.4798702814679859 off 0.45326791803032057 __DUMMY__ 0.0668618005016937	false	0.0
qualvoll	neg 1.0		neg 0.4756909395622512 off 0.4578980394615627 __DUMMY__ 0.06641102097618617	false	1.0
wackeln	neg 1.0		neg 0.47643515221129995 off 0.4567630929879738 __DUMMY__ 0.06680175480072628	false	1.0
klagen	neg 1.0		neg 0.48632760312996687 off 0.44662132269113874 __DUMMY__ 0.06705107417889433	false	1.0
bankrott	neg 1.0		neg 0.4731172766187238 off 0.4603593312406088 __DUMMY__ 0.06652339214066734	false	1.0
trauern	neg 1.0		neg 0.48187023507917554 off 0.45108317026663514 __DUMMY__ 0.06704659465418929	false	1.0
ablehnung	neg 1.0		neg 0.48297934501803175 off 0.4504921589052572 __DUMMY__ 0.06652849607671107	false	1.0
stur	neg 1.0		neg 0.47848069992648123 off 0.45512162586120875 __DUMMY__ 0.06639767421230999	false	1.0
aufruhr	neg 1.0		neg 0.4805283993968994 off 0.45283536430970805 __DUMMY__ 0.06663623629339249	false	1.0
melancholie	neg 1.0		neg 0.48217989583531917 off 0.4510306473620473 __DUMMY__ 0.06678945680263348	false	1.0
ist			neg 0.47656089448310257 off 0.4569022843531166 __DUMMY__ 0.06653682116378083	false	0.0
torheit	neg 1.0		neg 0.4790105175379892 off 0.45444794291033763 __DUMMY__ 0.06654153955167312	false	1.0
dreckskind	off 1.0		neg 0.47075091800554025 off 0.4640178739097388 __DUMMY__ 0.06523120808472099	false	0.5
umtauschen	neg 1.0		neg 0.47823221655009496 off 0.45501342021598107 __DUMMY__ 0.06675436323392393	false	1.0
zum			neg 0.4836757153243647 off 0.44840524187738434 __DUMMY__ 0.06791904279825094	false	0.0
zersetzen	neg 1.0		neg 0.48545050276761587 off 0.44778636778628106 __DUMMY__ 0.06676312944610305	false	1.0
zur			neg 0.4862305570766223 off 0.4460802538701981 __DUMMY__ 0.0676891890531795	false	0.0
frust	neg 1.0		neg 0.4804480714818726 off 0.45275105557813816 __DUMMY__ 0.06680087293998922	false	1.0
unerbittlichkeit	neg 1.0		neg 0.4847940327427699 off 0.4483354093161402 __DUMMY__ 0.06687055794108994	false	1.0
zwei			neg 0.4829741282440956 off 0.44924405330593353 __DUMMY__ 0.06778181844997097	false	0.0
unkorrekt	neg 1.0		neg 0.47081929991687055 off 0.4631674221952548 __DUMMY__ 0.06601327788787474	false	1.0
hexe	off 1.0		neg 0.47756037964495157 off 0.45678265349877273 __DUMMY__ 0.06565696685627558	false	0.5
lasch	neg 1.0		neg 0.47671256916527865 off 0.4572110173031079 __DUMMY__ 0.06607641353161346	false	1.0
rivale	neg 1.0		neg 0.4725959924422966 off 0.4614524315879177 __DUMMY__ 0.06595157596978572	false	1.0
mutlos	off 1.0	off 1.0	off 0.7094987292594392 neg 0.25872484473848534 __DUMMY__ 0.03177642600207542	false	1.0
wirr	off 1.0		neg 0.4722175654411207 off 0.4621489817196019 __DUMMY__ 0.06563345283927735	false	0.5
jahr			neg 0.47788926628527434 off 0.45412270360308066 __DUMMY__ 0.06798803011164503	false	0.0
wird			neg 0.48170657189754346 off 0.45146394481784774 __DUMMY__ 0.06682948328460897	false	0.0
strafbar	neg 1.0		neg 0.48304186265054394 off 0.4501110599546728 __DUMMY__ 0.06684707739478316	false	1.0
erosion	neg 1.0		neg 0.4771153447289996 off 0.4560109122018055 __DUMMY__ 0.06687374306919479	false	1.0
eingehen	neg 1.0		neg 0.4833743020023875 off 0.4498727058994402 __DUMMY__ 0.06675299209817227	false	1.0
faul	off 1.0		neg 0.4736068360180623 off 0.45994765562212014 __DUMMY__ 0.06644550835981747	false	0.5
provisorium	neg 1.0		neg 0.48602352909744395 off 0.4458347154313138 __DUMMY__ 0.06814175547124224	false	1.0
schmerzen	neg 1.0		neg 0.48101951442979846 off 0.45248696005216177 __DUMMY__ 0.0664935255180397	false	1.0
schrumpfen	neg 1.0		neg 0.48882270196572747 off 0.4439511942823278 __DUMMY__ 0.06722610375194468	false	1.0
geistlos	off 1.0		neg 0.47883712502235515 off 0.45514293731706595 __DUMMY__ 0.06601993766057886	false	0.5
fehlkauf	neg 1.0		neg 0.4771077138217648 off 0.456401702703181 __DUMMY__ 0.06649058347505407	false	1.0
frustrierend	neg 1.0		neg 0.47449289667560574 off 0.4591073536532103 __DUMMY__ 0.06639974967118384	false	1.0
unzufrieden	neg 1.0		neg 0.4822477555833449 off 0.45113608310628606 __DUMMY__ 0.06661616131036897	false	1.0
verzweifeln	neg 1.0		neg 0.47998299126023053 off 0.45334759362336013 __DUMMY__ 0.06666941511640934	false	1.0
verzweifelt	neg 1.0	neg 1.0	neg 0.7260923117299796 off 0.2423650394139633 __DUMMY__ 0.03154264885605704	false	1.0
misstrauensantrag	neg 1.0		neg 0.4765704862768368 off 0.45695009412881826 __DUMMY__ 0.06647941959434496	false	1.0
abfallen	neg 1.0		neg 0.4764073737882205 off 0.4568125935503375 __DUMMY__ 0.06678003266144207	false	1.0
fucker	off 1.0		neg 0.4708895789312907 off 0.46299709178941617 __DUMMY__ 0.06611332927929314	false	0.5
ungezogen	neg 1.0		off 0.4691251411960792 neg 0.4656494278314873 __DUMMY__ 0.06522543097243343	false	0.5
irrsinnig	neg 1.0	neg 1.0	neg 0.7256581603684216 off 0.24273160519333561 __DUMMY__ 0.0316102344382428	false	1.0
unfassbar	neg 1.0		neg 0.47214898092609253 off 0.46157158736180165 __DUMMY__ 0.06627943171210585	false	1.0
hart	neg 1.0		neg 0.4739420247429307 off 0.4599560743113967 __DUMMY__ 0.0661019009456726	false	1.0
widerlich	off 1.0		neg 0.47351439578792637 off 0.4605506148765286 __DUMMY__ 0.065934989335545	false	0.5
fatal	neg 1.0		neg 0.47661622960460376 off 0.45692705801278166 __DUMMY__ 0.06645671238261466	false	1.0
bruch	neg 1.0		neg 0.48560354632366487 off 0.44731190096374845 __DUMMY__ 0.06708455271258665	false	1.0
aushungern	neg 1.0		neg 0.48098717701277177 off 0.45225242971268764 __DUMMY__ 0.0667603932745405	false	1.0
anspannung	neg 1.0		neg 0.48574290980307794 off 0.44663713901455643 __DUMMY__ 0.06761995118236568	false	1.0
von			neg 0.4769786400868323 off 0.4548932330563258 __DUMMY__ 0.06812812685684203	false	0.0
kraftlos	neg 1.0		neg 0.48059198499797817 off 0.4525304162923132 __DUMMY__ 0.06687759870970852	false	1.0
vom			neg 0.4849404530438577 off 0.44685780084446897 __DUMMY__ 0.06820174611167329	false	0.0
grenzdebil	off 1.0		neg 0.4717772934030369 off 0.461965037277027 __DUMMY__ 0.06625766931993606	false	0.5
vor			neg 0.4830980849474217 off 0.44958650424061325 __DUMMY__ 0.06731541081196508	false	0.0
unterwerfen	neg 1.0		neg 0.48298185604915744 off 0.4502249379353803 __DUMMY__ 0.06679320601546211	false	1.0
versenkung	neg 1.0		neg 0.4808110855735681 off 0.4520893136639966 __DUMMY__ 0.06709960076243539	false	1.0
entziehen	neg 1.0		neg 0.48518934401819863 off 0.4477047541620675 __DUMMY__ 0.06710590181973389	false	1.0
finanzkrise	neg 1.0		neg 0.48286083104935057 off 0.4508503643481924 __DUMMY__ 0.06628880460245698	false	1.0
schimpfend	neg 1.0		neg 0.47685980067028777 off 0.45668203128425905 __DUMMY__ 0.06645816804545321	false	1.0
profan	neg 1.0		neg 0.47665671652287156 off 0.4570063224964201 __DUMMY__ 0.0663369609807083	false	1.0
korruption	neg 1.0		neg 0.4835648534280163 off 0.44982311304572925 __DUMMY__ 0.06661203352625449	false	1.0
â			neg 0.4801736289089913 off 0.4527740485176838 __DUMMY__ 0.0670523225733248	false	0.0
schmutzig	neg 1.0		neg 0.47123623680944204 off 0.4625139273731649 __DUMMY__ 0.06624983581739312	false	1.0
sexy	neg 1.0		neg 0.47425032447891213 off 0.45923728821243226 __DUMMY__ 0.06651238730865569	false	1.0
abraten	neg 1.0		neg 0.47558563866299874 off 0.45778086555955705 __DUMMY__ 0.0666334957774442	false	1.0
schwarz	neg 1.0		neg 0.4774968577687084 off 0.456028408232261 __DUMMY__ 0.06647473399903056	false	1.0
fotze	off 1.0	off 1.0	off 0.7115598680111184 neg 0.25655285192407307 __DUMMY__ 0.031887280064808524	false	1.0
verwirren	neg 1.0		neg 0.47582311706810515 off 0.4578025816126203 __DUMMY__ 0.06637430131927459	false	1.0
zahnlos	off 1.0		neg 0.48115888928800543 off 0.4522274320796741 __DUMMY__ 0.06661367863232058	false	0.5
verheeren	neg 1.0		off 0.47058646052620534 neg 0.4642108688772076 __DUMMY__ 0.06520267059658715	false	0.5
hippie	neg 1.0		neg 0.4748667527412768 off 0.4586317826782571 __DUMMY__ 0.06650146458046596	false	1.0
rammen	neg 1.0		neg 0.48081172677555756 off 0.4531911003183045 __DUMMY__ 0.06599717290613792	false	1.0
unlauter	neg 1.0		neg 0.47996932314940954 off 0.4537937203365547 __DUMMY__ 0.06623695651403574	false	1.0
unheilvoll	neg 1.0		neg 0.4772772134790323 off 0.4562854260303497 __DUMMY__ 0.06643736049061787	false	1.0
niedrig	neg 1.0		neg 0.48506764273434394 off 0.4482401341562253 __DUMMY__ 0.06669222310943082	false	1.0
explosion	neg 1.0		neg 0.4757242548025573 off 0.457806572982666 __DUMMY__ 0.06646917221477676	false	1.0
weichei	off 1.0	off 1.0	off 0.7183059638267137 neg 0.25051968891753107 __DUMMY__ 0.031174347255755148	false	1.0
minusmensch	off 1.0		neg 0.4701016121277825 off 0.4650260066159421 __DUMMY__ 0.0648723812562754	false	0.5
farblos	neg 1.0		neg 0.4788421673906792 off 0.4544753581460328 __DUMMY__ 0.0666824744632881	false	1.0
unwissend	neg 1.0	neg 1.0	neg 0.7233415024513736 off 0.24517064038398265 __DUMMY__ 0.03148785716464364	false	1.0
traurig	neg 1.0		neg 0.4695761020027248 off 0.46429575742867424 __DUMMY__ 0.06612814056860092	false	1.0
senkung	neg 1.0		neg 0.4781362940995377 off 0.45573899394508405 __DUMMY__ 0.06612471195537822	false	1.0
ungleich	neg 1.0	neg 1.0	neg 0.728624981976591 off 0.23952221759788667 __DUMMY__ 0.03185280042552234	false	1.0
heikel	neg 1.0		neg 0.4838915895168704 off 0.44928938869895507 __DUMMY__ 0.06681902178417455	false	1.0
drosselung	neg 1.0		neg 0.47306291417023694 off 0.46084368332932296 __DUMMY__ 0.06609340250043998	false	1.0
falsch	neg 1.0		neg 0.4748026326617626 off 0.4588949717277491 __DUMMY__ 0.06630239561048826	false	1.0
unzufriedenheit	neg 1.0		neg 0.4850471293433588 off 0.4479747339818099 __DUMMY__ 0.06697813667483138	false	1.0
kurz	neg 1.0		neg 0.477613531963137 off 0.45526706024055164 __DUMMY__ 0.06711940779631143	false	1.0
unsinnig	neg 1.0		neg 0.48104546298327233 off 0.4523826688188827 __DUMMY__ 0.0665718681978449	false	1.0
penner	off 1.0	off 1.0	off 0.7191697046038263 neg 0.24970125974501348 __DUMMY__ 0.031129035651160143	false	1.0
seicht	neg 1.0		off 0.46845238859307586 neg 0.4663111296515017 __DUMMY__ 0.06523648175542252	false	0.5
dummheit	off 1.0	off 1.0	off 0.7134224835829288 neg 0.2551143437326531 __DUMMY__ 0.03146317268441809	false	1.0
unerfreulich	neg 1.0		neg 0.48353659219747896 off 0.44941899529765045 __DUMMY__ 0.06704441250487053	false	1.0
motherfucker	off 1.0	off 1.0	off 0.7164977951597177 neg 0.25205797277295927 __DUMMY__ 0.031444232067323066	false	1.0
pikiert	neg 1.0		neg 0.4745717672061422 off 0.4594756103309187 __DUMMY__ 0.06595262246293901	false	1.0
wrack	neg 1.0		neg 0.48007228618708697 off 0.45301168607890413 __DUMMY__ 0.06691602773400904	false	1.0
gangster	neg 1.0		neg 0.47499329668665075 off 0.458537132475701 __DUMMY__ 0.06646957083764816	false	1.0
krank	neg 1.0		neg 0.471258517404153 off 0.46241759792013215 __DUMMY__ 0.06632388467571479	false	1.0
reich	neg 1.0		neg 0.4728302528849907 off 0.4608069015256318 __DUMMY__ 0.06636284558937765	false	1.0
gnadenlos	neg 1.0		neg 0.4788251195439411 off 0.45479460169389074 __DUMMY__ 0.06638027876216818	false	1.0
niedergeschlagen	neg 1.0		neg 0.4794410467713868 off 0.4537254649037554 __DUMMY__ 0.06683348832485779	false	1.0
terrorisieren	off 1.0	off 1.0	off 0.7104967366501922 neg 0.2575839362521226 __DUMMY__ 0.03191932709768521	false	1.0
sinnlosigkeit	neg 1.0		neg 0.4814928316802739 off 0.45184129199248957 __DUMMY__ 0.06666587632723653	false	1.0
behindern	neg 1.0		neg 0.4794551613578409 off 0.4538517314187525 __DUMMY__ 0.06669310722340657	false	1.0
undemokratisch	neg 1.0		neg 0.4786699031575524 off 0.454864693137385 __DUMMY__ 0.06646540370506249	false	1.0
wirtschaftskrise	neg 1.0		neg 0.4844588318230122 off 0.4490251085218561 __DUMMY__ 0.06651605965513174	false	1.0
neid	neg 1.0		neg 0.47246123184169125 off 0.4608727220529583 __DUMMY__ 0.06666604610535044	false	1.0
rutschen	neg 1.0		neg 0.4834240302240227 off 0.4488288192157175 __DUMMY__ 0.06774715056025983	false	1.0
rezession	neg 1.0		neg 0.4753048681301168 off 0.4594701147213681 __DUMMY__ 0.06522501714851507	false	1.0
fehlgeburt	neg 1.0		neg 0.47553135155968695 off 0.4577632573354171 __DUMMY__ 0.06670539110489597	false	1.0
charakterschwach	off 1.0		neg 0.47363521077730864 off 0.4604036115030224 __DUMMY__ 0.0659611777196691	false	0.5
isolation	neg 1.0		neg 0.4746818874068489 off 0.4588890469308434 __DUMMY__ 0.06642906566230772	false	1.0
ablenkung	neg 1.0		neg 0.477368487176898 off 0.45581694046039095 __DUMMY__ 0.066814572362711	false	1.0
pech	neg 1.0		neg 0.4745024420322953 off 0.45909655438687036 __DUMMY__ 0.06640100358083427	false	1.0
vermeidung	neg 1.0		neg 0.4725271599021382 off 0.4613245696156742 __DUMMY__ 0.06614827048218759	false	1.0
dominieren	neg 1.0		neg 0.4832549902752349 off 0.44994390931102807 __DUMMY__ 0.06680110041373719	false	1.0
schwindlig	neg 1.0		neg 0.47515244483485514 off 0.4581998539660824 __DUMMY__ 0.06664770119906252	false	1.0
lutscher	neg 1.0	neg 1.0	neg 0.7185092216386191 off 0.25046053544710944 __DUMMY__ 0.031030242914271484	false	1.0
pflicht	neg 1.0		neg 0.48494733787968486 off 0.4481327298299801 __DUMMY__ 0.06691993229033516	false	1.0
faschist	off 1.0		neg 0.47577020282395466 off 0.4578715565227795 __DUMMY__ 0.06635824065326584	false	0.5
verschleudern	neg 1.0		neg 0.48450874172342934 off 0.4487318792323141 __DUMMY__ 0.06675937904425638	false	1.0
wenn			neg 0.4747503104787 off 0.458961328627939 __DUMMY__ 0.06628836089336104	false	0.0
ehebruch	neg 1.0		neg 0.4825573417457629 off 0.450678108109529 __DUMMY__ 0.0667645501447081	false	1.0
spott	off 1.0		neg 0.4836601741438375 off 0.449634209015894 __DUMMY__ 0.06670561684026843	false	0.5
trostlosigkeit	neg 1.0		neg 0.4850229007751058 off 0.4479392701047768 __DUMMY__ 0.06703782912011734	false	1.0
lutschen	neg 1.0		neg 0.4768602077190201 off 0.45704116275730566 __DUMMY__ 0.06609862952367425	false	1.0
undiszipliniert	neg 1.0		neg 0.4710235891126826 off 0.4629567312071007 __DUMMY__ 0.06601967968021658	false	1.0
kopfschmerz	neg 1.0		neg 0.482603568227883 off 0.45091761642616385 __DUMMY__ 0.0664788153459532	false	1.0
unvorhergesehen	neg 1.0		neg 0.4800371785832482 off 0.4525284554042297 __DUMMY__ 0.06743436601252205	false	1.0
desinteressiert	neg 1.0	neg 1.0	neg 0.7221293002334644 off 0.24647064366378688 __DUMMY__ 0.03140005610274874	false	1.0
armselig	off 1.0		neg 0.4721666470469883 off 0.4621130371877013 __DUMMY__ 0.06572031576531039	false	0.5
desaster	neg 1.0		neg 0.48637071639585944 off 0.4465308272950579 __DUMMY__ 0.0670984563090826	false	1.0
tod	neg 1.0		neg 0.4803980511731687 off 0.45257944445244846 __DUMMY__ 0.06702250437438274	false	1.0
herzlos	neg 1.0		neg 0.4711316536592266 off 0.46298388306164323 __DUMMY__ 0.06588446327913014	false	1.0
unwissenheit	neg 1.0		neg 0.4823236378816836 off 0.4510596252036571 __DUMMY__ 0.06661673691465925	false	1.0
widersinnig	neg 1.0		neg 0.48391876727297695 off 0.44971716961814323 __DUMMY__ 0.06636406310887978	false	1.0
bedenklich	neg 1.0		neg 0.48299030154907674 off 0.45030420734597043 __DUMMY__ 0.06670549110495297	false	1.0
beanstanden	neg 1.0		neg 0.4848924675832999 off 0.44810539493812185 __DUMMY__ 0.06700213747857818	false	1.0
panisch	neg 1.0	neg 1.0	neg 0.7232026195673171 off 0.24495832464847855 __DUMMY__ 0.031839055784204345	false	1.0
debil	off 1.0		neg 0.48815611945372217 off 0.44418306292818405 __DUMMY__ 0.06766081761809382	false	0.5
abstrich	neg 1.0		neg 0.4759607889454988 off 0.45681512083080805 __DUMMY__ 0.06722409022369322	false	1.0
primitiv	neg 1.0		neg 0.47338516032007016 off 0.46070290230529465 __DUMMY__ 0.06591193737463522	false	1.0
abschaum	off 1.0	off 1.0	off 0.7151708792957879 neg 0.2533741431957947 __DUMMY__ 0.03145497750841731	false	1.0
provozieren	neg 1.0		neg 0.479770597888255 off 0.4539582431528694 __DUMMY__ 0.0662711589588757	false	1.0
tot	neg 1.0		neg 0.48144145066473987 off 0.4517929607318909 __DUMMY__ 0.06676558860336916	false	1.0
instabil	neg 1.0		neg 0.47267475426081174 off 0.46155762633717645 __DUMMY__ 0.0657676194020118	false	1.0
schwuchtel	off 1.0	off 1.0	off 0.7214521839510598 neg 0.24780013459032857 __DUMMY__ 0.030747681458611568	false	1.0
zerren	neg 1.0		neg 0.48056759093613033 off 0.45263967156042484 __DUMMY__ 0.066792737503445	false	1.0
kinderficker	off 1.0		neg 0.4681425115176848 off 0.4660959654651293 __DUMMY__ 0.06576152301718582	false	0.5
gefahr	neg 1.0		neg 0.4841285251874785 off 0.4487182086301663 __DUMMY__ 0.06715326618235508	false	1.0
rabiat	neg 1.0		neg 0.4785157965152254 off 0.4548471257997681 __DUMMY__ 0.0666370776850064	false	1.0
verlangsamung	neg 1.0		neg 0.4703603379366549 off 0.46454133008216963 __DUMMY__ 0.06509833198117543	false	1.0
ausgestorben	neg 1.0		neg 0.4781853699685749 off 0.45505893868441155 __DUMMY__ 0.06675569134701353	false	1.0
anklagen	neg 1.0		neg 0.4825525079884947 off 0.45073806309238607 __DUMMY__ 0.0667094289191193	false	1.0
trott	neg 1.0		neg 0.4788768101640439 off 0.4544157466483059 __DUMMY__ 0.06670744318765019	false	1.0
verminderung	neg 1.0		neg 0.4723099054639335 off 0.46159746440496163 __DUMMY__ 0.0660926301311049	false	1.0
nach			neg 0.4840578771722411 off 0.44803548794717374 __DUMMY__ 0.06790663488058515	false	0.0
rost	neg 1.0		neg 0.46830906562709607 off 0.4660514961829405 __DUMMY__ 0.0656394381899634	false	1.0
destruktiv	neg 1.0		neg 0.4800696321200809 off 0.45345044700971887 __DUMMY__ 0.06647992087020035	false	1.0
unzumutbarkeit	neg 1.0		neg 0.4726731786658301 off 0.46100169322448364 __DUMMY__ 0.06632512810968622	false	1.0
labil	off 1.0	off 1.0	off 0.7149548726590791 neg 0.2535192890982561 __DUMMY__ 0.031525838242664826	false	1.0
ziemlich	neg 1.0		neg 0.4714285208827524 off 0.46215953773216434 __DUMMY__ 0.06641194138508326	false	1.0
lachnummer	off 1.0		neg 0.4797364118610271 off 0.4538634212846365 __DUMMY__ 0.06640016685433651	false	0.5
oder			neg 0.4765638187916795 off 0.4566735355930898 __DUMMY__ 0.06676264561523057	false	0.0
verfall	neg 1.0		neg 0.48808142793081427 off 0.4445928559072008 __DUMMY__ 0.06732571616198489	false	1.0
ausgrenzung	neg 1.0		neg 0.4781138361786908 off 0.45546628296851155 __DUMMY__ 0.0664198808527977	false	1.0
unordnung	neg 1.0		neg 0.4690941634564351 off 0.4645773384575821 __DUMMY__ 0.06632849808598285	false	1.0
fehlverhalten	neg 1.0		neg 0.4854958823450047 off 0.44779342604594696 __DUMMY__ 0.06671069160904845	false	1.0
eine			neg 0.48255647848352595 off 0.4501843804140038 __DUMMY__ 0.06725914110247026	false	0.0
nille	neg 1.0		neg 0.4786286262765856 off 0.4545996701198922 __DUMMY__ 0.0667717036035222	false	1.0
qual	neg 1.0		neg 0.47916726717930636 off 0.454082595311328 __DUMMY__ 0.0667501375093656	false	1.0
verschwenden	neg 1.0		neg 0.48372058041292537 off 0.4495589016525625 __DUMMY__ 0.06672051793451199	false	1.0
riesig	neg 1.0		neg 0.4811259173977731 off 0.45186739336996495 __DUMMY__ 0.06700668923226202	false	1.0
verurteilen	neg 1.0		neg 0.4835843298642876 off 0.44995843561147464 __DUMMY__ 0.06645723452423771	false	1.0
klischee	neg 1.0	neg 1.0	neg 0.7244732972713936 off 0.24404530029727697 __DUMMY__ 0.03148140243132937	false	1.0
diktatorisch	neg 1.0		neg 0.4789742067922233 off 0.45464424098650363 __DUMMY__ 0.06638155222127298	false	1.0
vorhersehbar	neg 1.0		neg 0.47720027673384524 off 0.45665068310361706 __DUMMY__ 0.06614904016253771	false	1.0
sowie			neg 0.470764222080006 off 0.4637303793463116 __DUMMY__ 0.06550539857368229	false	0.0
stornieren	neg 1.0		neg 0.47273247317370615 off 0.46016022706633813 __DUMMY__ 0.06710729975995583	false	1.0
besteuerung	neg 1.0		neg 0.48112025339091397 off 0.4527483464070341 __DUMMY__ 0.06613140020205188	false	1.0
ungeschminkt	neg 1.0		neg 0.4754199301876958 off 0.4589234164715943 __DUMMY__ 0.06565665334070986	false	1.0
kritisch	neg 1.0		neg 0.4829169207856105 off 0.4503044633105795 __DUMMY__ 0.06677861590380996	false	1.0
schlamperei	off 1.0		neg 0.4832193687048718 off 0.449758958429719 __DUMMY__ 0.06702167286540921	false	0.5
sucht	neg 1.0	neg 1.0	neg 0.7228212600529783 off 0.24506426524987676 __DUMMY__ 0.03211447469714495	false	1.0
egoistisch	off 1.0		neg 0.46911788538561616 off 0.4653224207508442 __DUMMY__ 0.06555969386353964	false	0.5
ausbeuter	off 1.0		neg 0.4862008261925024 off 0.44719440290466245 __DUMMY__ 0.06660477090283519	false	0.5
arschgeburt	off 1.0		off 0.4703045262465703 neg 0.4651291151863961 __DUMMY__ 0.06456635856703366	false	1.0
schubs	neg 1.0		neg 0.4796613113540907 off 0.4534668438099325 __DUMMY__ 0.06687184483597676	false	1.0
unsolide	neg 1.0		neg 0.47939232206631427 off 0.45444095823475733 __DUMMY__ 0.06616671969892843	false	1.0
beschwerde	neg 1.0		neg 0.4841557652005718 off 0.4491310625168192 __DUMMY__ 0.06671317228260915	false	1.0
stocken	neg 1.0		neg 0.48342962459430305 off 0.4496554548050426 __DUMMY__ 0.06691492060065445	false	1.0
isolieren	neg 1.0		neg 0.4824239084455415 off 0.45083641808460523 __DUMMY__ 0.0667396734698532	false	1.0
unheilbar	neg 1.0		neg 0.478545705933651 off 0.45485515827480116 __DUMMY__ 0.06659913579154775	false	1.0
pisser	off 1.0		neg 0.4733332396545422 off 0.46101164519752763 __DUMMY__ 0.0656551151479301	false	0.5
löschen	neg 1.0		neg 0.47860620315454877 off 0.4547103697961027 __DUMMY__ 0.06668342704934858	false	1.0
durchfallen	neg 1.0		neg 0.48319286531689226 off 0.4502218073765909 __DUMMY__ 0.06658532730651698	false	1.0
wichser	off 1.0	off 1.0	off 0.7208093821672873 neg 0.24819213179336722 __DUMMY__ 0.030998486039345574	false	1.0
terror	neg 1.0		neg 0.4749268433277023 off 0.45853783077313565 __DUMMY__ 0.0665353258991622	false	1.0
krass	neg 1.0		neg 0.47020049087732524 off 0.46394967390703745 __DUMMY__ 0.06584983521563727	false	1.0
revolte	neg 1.0		neg 0.47757615704118683 off 0.45602634474044285 __DUMMY__ 0.06639749821837022	false	1.0
besorgt	neg 1.0		neg 0.4774808178573269 off 0.45530903635360365 __DUMMY__ 0.06721014578906952	false	1.0
nachlassen	neg 1.0		neg 0.4824983513903006 off 0.45045208474692605 __DUMMY__ 0.06704956386277326	false	1.0
alt	neg 1.0		neg 0.4821265578748506 off 0.45122995789164394 __DUMMY__ 0.0666434842335055	false	1.0
hundesohn	off 1.0		off 0.4681693279701058 neg 0.46673397853156795 __DUMMY__ 0.06509669349832618	false	1.0
als			neg 0.47984985862035584 off 0.45324548473380305 __DUMMY__ 0.06690465664584111	false	0.0
abschreckung	neg 1.0		neg 0.48545711256521407 off 0.44757332272616857 __DUMMY__ 0.06696956470861735	false	1.0
unqualifiziert	neg 1.0		neg 0.4765452373137803 off 0.4573866680137555 __DUMMY__ 0.06606809467246423	false	1.0
abgewichst	off 1.0		neg 0.47866054029252664 off 0.45444331628823814 __DUMMY__ 0.06689614341923536	false	0.5
schwer	neg 1.0		neg 0.4796595959116356 off 0.4537366676489754 __DUMMY__ 0.06660373643938895	false	1.0
bedeutungslosigkeit	neg 1.0		neg 0.48443646944748797 off 0.44866508409775147 __DUMMY__ 0.0668984464547605	false	1.0
kapitulation	neg 1.0		neg 0.483005143724959 off 0.4501530887586161 __DUMMY__ 0.06684176751642498	false	1.0
unscharf	neg 1.0		neg 0.4773274314528049 off 0.456431240902237 __DUMMY__ 0.0662413276449581	false	1.0
schwinden	neg 1.0		neg 0.48508136123734014 off 0.44805027028417677 __DUMMY__ 0.06686836847848301	false	1.0
versklavung	neg 1.0		neg 0.47892835890041213 off 0.4545944594329915 __DUMMY__ 0.06647718166659632	false	1.0
schlecht	neg 1.0		neg 0.47147846555777106 off 0.4621432289967419 __DUMMY__ 0.0663783054454871	false	1.0
verhasst	neg 1.0		neg 0.48005231588004793 off 0.4538385386464743 __DUMMY__ 0.06610914547347777	false	1.0
beschweren	neg 1.0		neg 0.4766274495264616 off 0.45687097372351476 __DUMMY__ 0.0665015767500236	false	1.0
scheiden	neg 1.0		neg 0.4770836520133962 off 0.45603350680050325 __DUMMY__ 0.0668828411861005	false	1.0
frustriert	neg 1.0		neg 0.481115648679285 off 0.45230307057258695 __DUMMY__ 0.06658128074812797	false	1.0
schimmelig	neg 1.0		neg 0.4846190215307192 off 0.44905989340280134 __DUMMY__ 0.06632108506647945	false	1.0
fisch	neg 1.0		neg 0.4860452640795185 off 0.44724075232283833 __DUMMY__ 0.0667139835976432	false	1.0
schmuggel	neg 1.0		neg 0.4836201806006537 off 0.4494595966269625 __DUMMY__ 0.06692022277238394	false	1.0
auffallen	neg 1.0		neg 0.47571832634444644 off 0.4578211151896209 __DUMMY__ 0.06646055846593268	false	1.0
konkurrenz	neg 1.0		neg 0.48569670425030104 off 0.4472927510987854 __DUMMY__ 0.0670105446509135	false	1.0
teufelskreis	neg 1.0	neg 1.0	neg 0.7269907554108425 off 0.24140614155543774 __DUMMY__ 0.031603103033719694	false	1.0
aufschreien	neg 1.0		neg 0.47707439059866485 off 0.4566833606666002 __DUMMY__ 0.06624224873473489	false	1.0
schuldner	neg 1.0		neg 0.4869741230113583 off 0.446391967903382 __DUMMY__ 0.06663390908525958	false	1.0
missgeburt	off 1.0	off 1.0	off 0.717962890237486 neg 0.25099388687422747 __DUMMY__ 0.031043222888286374	false	1.0
arbeitslos	neg 1.0		neg 0.4826017097287857 off 0.4507949378883969 __DUMMY__ 0.06660335238281734	false	1.0
befallen	neg 1.0		neg 0.48300405946830605 off 0.4506376603295981 __DUMMY__ 0.06635828020209585	false	1.0
miesepetrig	off 1.0	off 1.0	off 0.7160365096614937 neg 0.2523927755855019 __DUMMY__ 0.03157071475300452	false	1.0
alarmieren	neg 1.0		neg 0.47640608179240773 off 0.457552396678756 __DUMMY__ 0.06604152152883622	false	1.0
ungeduscht	off 1.0		neg 0.47616770376882933 off 0.4578023137282201 __DUMMY__ 0.0660299825029505	false	0.5
knappheit	neg 1.0		neg 0.4848101480496958 off 0.44879598631900575 __DUMMY__ 0.06639386563129836	false	1.0
schlange	neg 1.0		neg 0.4746051576626146 off 0.4584857932192736 __DUMMY__ 0.0669090491181119	false	1.0
harsch	neg 1.0		neg 0.46766565512146874 off 0.4662682023230297 __DUMMY__ 0.06606614255550168	false	1.0
lang	neg 1.0		neg 0.4773831705190381 off 0.4559377735801562 __DUMMY__ 0.06667905590080565	false	1.0
ziellos	neg 1.0		neg 0.48062468437509875 off 0.4523175525691135 __DUMMY__ 0.06705776305578769	false	1.0
selbstverliebt	neg 1.0		off 0.469539048749286 neg 0.46548933112621826 __DUMMY__ 0.06497162012449574	false	0.5
beseitigen	neg 1.0		neg 0.4802522963183475 off 0.45300766899080325 __DUMMY__ 0.06674003469084934	false	1.0
dumm	off 1.0		neg 0.46771663803589614 off 0.4666648536325622 __DUMMY__ 0.06561850833154165	false	0.5
arbeitsloser	neg 1.0		neg 0.4803147944416583 off 0.4527243380546414 __DUMMY__ 0.06696086750370016	false	1.0
blitzen	neg 1.0		neg 0.4749319225206184 off 0.4585593792984973 __DUMMY__ 0.06650869818088433	false	1.0
hilflos	neg 1.0		neg 0.48149761089136006 off 0.45188661041974526 __DUMMY__ 0.06661577868889472	false	1.0
eklig	off 1.0		neg 0.469327613936383 off 0.4654308723416858 __DUMMY__ 0.06524151372193117	false	0.5
begriff			neg 0.4793035598382801 off 0.45400309369065206 __DUMMY__ 0.06669334647106785	false	0.0
hungersnot	neg 1.0		neg 0.48200038018488506 off 0.45128221128811385 __DUMMY__ 0.06671740852700113	false	1.0
ungesetzlich	neg 1.0		neg 0.48066945775853 off 0.4531354581948634 __DUMMY__ 0.06619508404660664	false	1.0
verschwendung	neg 1.0		neg 0.4834689085334396 off 0.44965663227748875 __DUMMY__ 0.06687445918907163	false	1.0
schmerzvoll	neg 1.0		neg 0.4775291014682599 off 0.4560373572411442 __DUMMY__ 0.0664335412905959	false	1.0
vorzeitig	neg 1.0		neg 0.47713486997956234 off 0.4565972389423622 __DUMMY__ 0.06626789107807551	false	1.0
unvollkommenheit	neg 1.0		neg 0.4787777570038182 off 0.4539797391132398 __DUMMY__ 0.06724250388294198	false	1.0
intervenieren	neg 1.0		neg 0.48462818095880283 off 0.44862330231576875 __DUMMY__ 0.06674851672542849	false	1.0
banause	off 1.0		neg 0.46786583628117656 off 0.4672276273981404 __DUMMY__ 0.06490653632068304	false	0.5
rebell	neg 1.0		neg 0.48676183287075186 off 0.4460956942232809 __DUMMY__ 0.06714247290596725	false	1.0
unlogisch	neg 1.0		neg 0.47167401632379913 off 0.46249687503457254 __DUMMY__ 0.06582910864162829	false	1.0
leiden	neg 1.0		neg 0.4823687937966065 off 0.4503993288823988 __DUMMY__ 0.06723187732099475	false	1.0
abschaffung	neg 1.0		neg 0.47878731894874543 off 0.45464216115325135 __DUMMY__ 0.06657051989800321	false	1.0
sturz	neg 1.0		neg 0.47772583943585123 off 0.45548966650268224 __DUMMY__ 0.06678449406146655	false	1.0
verkleinerung	neg 1.0		neg 0.47788071393928344 off 0.456010762065382 __DUMMY__ 0.06610852399533455	false	1.0
schmarotzer	off 1.0		neg 0.48237655465268287 off 0.4511531173610096 __DUMMY__ 0.0664703279863075	false	0.5
bestrafung	neg 1.0		neg 0.4780667224785197 off 0.4554206038733353 __DUMMY__ 0.06651267364814498	false	1.0
achtlos	neg 1.0	neg 1.0	neg 0.725793866685645 off 0.24239336055661892 __DUMMY__ 0.0318127727577361	false	1.0
ungeheuer	neg 1.0		neg 0.4758497211023231 off 0.4576311244750027 __DUMMY__ 0.06651915442267423	false	1.0
unaufrichtig	neg 1.0		neg 0.47334413852649593 off 0.4598852512286073 __DUMMY__ 0.06677061024489661	false	1.0
groggy	neg 1.0		neg 0.4757200392801264 off 0.45784554618385276 __DUMMY__ 0.06643441453602082	false	1.0
