unsolidarisch	neg 1.0		__DUMMY__ 0.45741532778740757 neg 0.28015304001313857 off 0.26243163219945376	false	1.0
nachteilig	neg 1.0		__DUMMY__ 0.461382257663549 neg 0.28017096379681894 off 0.2584467785396321	false	1.0
skeptisch	neg 1.0		__DUMMY__ 0.4618170515466795 neg 0.280265633770217 off 0.2579173146831034	false	1.0
schrecklich	neg 1.0		__DUMMY__ 0.45569208821305096 off 0.27463809542013495 neg 0.2696698163668142	false	0.5
schlapp	neg 1.0		__DUMMY__ 0.4578263886188947 neg 0.27201725186261705 off 0.2701563595184883	false	1.0
abfall	neg 1.0		__DUMMY__ 0.4641016442793217 neg 0.28180086986731345 off 0.25409748585336484	false	1.0
widerspenstig	neg 1.0		__DUMMY__ 0.45990894234612195 neg 0.2761043829782179 off 0.26398667467566017	false	1.0
abrupt	neg 1.0		__DUMMY__ 0.4623826680069934 neg 0.27862615395948964 off 0.25899117803351684	false	1.0
unwirksam	neg 1.0		__DUMMY__ 0.4568294530698759 neg 0.28096968402813316 off 0.2622008629019909	false	1.0
angreifen	neg 1.0		__DUMMY__ 0.4606525605576688 neg 0.28206187275855077 off 0.2572855666837805	false	1.0
inkonsistent	neg 1.0		__DUMMY__ 0.4572835973443168 neg 0.2789006428497219 off 0.26381575980596145	false	1.0
abrutschen	neg 1.0		__DUMMY__ 0.46278898223218545 neg 0.2829817283519106 off 0.2542292894159039	false	1.0
unsicher	neg 1.0		__DUMMY__ 0.46119787280642205 neg 0.2746997963788276 off 0.2641023308147504	false	1.0
bauernkind	off 1.0	off 1.0	off 0.6248864053847446 __DUMMY__ 0.21666816361993788 neg 0.15844543099531755	false	1.0
angreifer	neg 1.0	neg 1.0	neg 0.6258176368039753 __DUMMY__ 0.22319882031343377 off 0.150983542882591	false	1.0
trennen	neg 1.0		__DUMMY__ 0.46338883253793905 neg 0.2786045364122432 off 0.2580066310498179	false	1.0
schmutz	neg 1.0		__DUMMY__ 0.46113303414174417 neg 0.27279973163879684 off 0.266067234219459	false	1.0
inkonsistenz	neg 1.0		__DUMMY__ 0.4540113347861301 neg 0.2774257958618904 off 0.2685628693519794	false	1.0
erschreckend	neg 1.0		__DUMMY__ 0.45936420089689595 neg 0.2781581639704624 off 0.26247763513264166	false	1.0
ertrinken	neg 1.0		__DUMMY__ 0.4608702448951375 neg 0.2812318171941905 off 0.257897937910672	false	1.0
pickelface	off 1.0		__DUMMY__ 0.46038041393444273 neg 0.2770626186109766 off 0.2625569674545806	false	0.5
seiner			__DUMMY__ 0.4618875546206773 neg 0.2797865236168159 off 0.2583259217625068	false	0.0
lauch	neg 1.0		__DUMMY__ 0.46348490990173385 neg 0.2814188057511812 off 0.25509628434708476	false	1.0
unwichtig	neg 1.0		__DUMMY__ 0.45648700479620824 neg 0.27447417976908445 off 0.2690388154347072	false	1.0
steuerhinterziehung	neg 1.0	neg 1.0	neg 0.6293542953255438 __DUMMY__ 0.22298301171331936 off 0.14766269296113702	false	1.0
schock	neg 1.0		__DUMMY__ 0.46030084763906726 neg 0.27716025912718517 off 0.2625388932337477	false	1.0
beule	neg 1.0		__DUMMY__ 0.4559124449602654 neg 0.27346209023995033 off 0.27062546479978433	false	1.0
vergelten	neg 1.0		__DUMMY__ 0.4581656711173197 off 0.2739156741016402 neg 0.26791865478104004	false	0.5
verdorbenheit	neg 1.0		__DUMMY__ 0.46237252444726407 neg 0.2721401862883697 off 0.2654872892643663	false	1.0
trauma	neg 1.0		__DUMMY__ 0.45927257927259646 neg 0.2760541375291683 off 0.26467328319823513	false	1.0
sinnlos	neg 1.0		__DUMMY__ 0.45882933883226057 neg 0.27490622534541603 off 0.26626443582232334	false	1.0
fettsack	off 1.0	off 1.0	off 0.6261047528185643 __DUMMY__ 0.21763036143851655 neg 0.15626488574291922	false	1.0
feige	off 1.0	off 1.0	off 0.6227417797994711 __DUMMY__ 0.22018147358905898 neg 0.15707674661146995	false	1.0
abdanken	neg 1.0		__DUMMY__ 0.45937932324343844 neg 0.2781580431807719 off 0.2624626335757896	false	1.0
wichtigtuer	off 1.0	off 1.0	off 0.621376124796045 __DUMMY__ 0.2215326645595323 neg 0.15709121064442277	false	1.0
misslingen	neg 1.0		__DUMMY__ 0.46474631363106017 neg 0.2689900019834207 off 0.2662636843855191	false	1.0
untreu	off 1.0		__DUMMY__ 0.4566275358173434 neg 0.27362298435697935 off 0.26974947982567715	false	0.5
missmutig	neg 1.0		__DUMMY__ 0.45786383921710627 neg 0.2728673495720189 off 0.2692688112108747	false	1.0
hurenbock	off 1.0		__DUMMY__ 0.45960923266778697 neg 0.2743653055416623 off 0.2660254617905508	false	0.5
betrunken	neg 1.0		__DUMMY__ 0.4567331359677253 off 0.27198931666421244 neg 0.2712775473680623	false	0.5
korrupt	off 1.0		__DUMMY__ 0.45786090983899147 neg 0.2825708048694471 off 0.2595682852915615	false	0.5
unmut	neg 1.0		__DUMMY__ 0.46349173616531 neg 0.2818454588893223 off 0.25466280494536775	false	1.0
hackfresse	off 1.0		__DUMMY__ 0.4527335994054562 off 0.2782782694526446 neg 0.2689881311418991	false	1.0
aufblasen	neg 1.0		__DUMMY__ 0.4594480203289524 neg 0.2746051065401601 off 0.2659468731308874	false	1.0
gewaltsam	neg 1.0		__DUMMY__ 0.46052850672511003 neg 0.27765274010555685 off 0.261818753169333	false	1.0
unbeliebtheit	neg 1.0		__DUMMY__ 0.4549866666328706 neg 0.27792386922759227 off 0.267089464139537	false	1.0
sturheit	neg 1.0		__DUMMY__ 0.45902647038034233 neg 0.2794935006381308 off 0.261480028981527	false	1.0
kuh	neg 1.0		__DUMMY__ 0.4545868583780285 neg 0.28052580523701426 off 0.2648873363849572	false	1.0
erschrecken	neg 1.0		__DUMMY__ 0.4584392856023894 neg 0.2724887734239855 off 0.2690719409736252	false	1.0
opfer	neg 1.0		__DUMMY__ 0.4612411588163106 neg 0.2792518049198377 off 0.2595070362638517	false	1.0
sinken	neg 1.0		__DUMMY__ 0.46295262274107757 neg 0.28187750220720703 off 0.2551698750517153	false	1.0
stinktier	neg 1.0		__DUMMY__ 0.44955694326955264 neg 0.277360803244176 off 0.27308225348627146	false	1.0
tucke	off 1.0		__DUMMY__ 0.45010677723404263 off 0.2786622739243651 neg 0.27123094884159227	false	1.0
ein			__DUMMY__ 0.45943325365143534 neg 0.27566763575195774 off 0.26489911059660703	false	0.0
abstieg	neg 1.0		__DUMMY__ 0.46109437571041356 neg 0.28099205319022563 off 0.2579135710993608	false	1.0
missverstehen	neg 1.0		__DUMMY__ 0.4568622333622287 neg 0.27649874548310627 off 0.26663902115466515	false	1.0
ergebnislos	neg 1.0		__DUMMY__ 0.4625145644776294 neg 0.27931083143365076 off 0.2581746040887199	false	1.0
unter			__DUMMY__ 0.4680174956110877 neg 0.2819257289218172 off 0.2500567754670951	false	0.0
manipulieren	neg 1.0		__DUMMY__ 0.46215318943871453 neg 0.28038191125545747 off 0.25746489930582794	false	1.0
unbewiesen	neg 1.0		__DUMMY__ 0.45673624949089864 neg 0.2811512548225407 off 0.2621124956865606	false	1.0
verschleppen	neg 1.0		__DUMMY__ 0.46000995712891696 neg 0.28061989128601367 off 0.25937015158506943	false	1.0
weib	off 1.0		__DUMMY__ 0.4487270064273888 off 0.2775312968727976 neg 0.2737416966998135	false	1.0
opposition	neg 1.0		__DUMMY__ 0.45770417979122646 neg 0.27742736455249406 off 0.26486845565627937	false	1.0
verkehrswidrig	neg 1.0		__DUMMY__ 0.4587007818672371 off 0.2755662234872258 neg 0.26573299464553707	false	0.5
inkorrekt	neg 1.0		__DUMMY__ 0.45385874172841095 neg 0.27321281053043434 off 0.2729284477411548	false	1.0
vermeiden	neg 1.0	neg 1.0	neg 0.6293297642756406 __DUMMY__ 0.22665428269338375 off 0.14401595303097572	false	1.0
abweichung	neg 1.0		__DUMMY__ 0.4614903660592607 neg 0.2789957415270957 off 0.2595138924136436	false	1.0
alkoholisiert	neg 1.0		__DUMMY__ 0.4634555460157475 neg 0.2774644843196073 off 0.25907996966464525	false	1.0
scheiss	off 1.0	off 1.0	off 0.6234693356734464 __DUMMY__ 0.22101409613811498 neg 0.15551656818843854	false	1.0
herausforderung	neg 1.0		__DUMMY__ 0.46264157183621907 neg 0.27922772690766756 off 0.25813070125611337	false	1.0
pervers	off 1.0		__DUMMY__ 0.45011076300481306 off 0.2817866189053041 neg 0.26810261808988284	false	1.0
wackelig	neg 1.0		__DUMMY__ 0.4636489539120308 neg 0.27383490526460624 off 0.2625161408233629	false	1.0
verwickeln	neg 1.0		__DUMMY__ 0.45709871228345306 neg 0.276917234727993 off 0.26598405298855377	false	1.0
vorwand	neg 1.0		__DUMMY__ 0.46163371562624883 neg 0.28124197628853087 off 0.2571243080852203	false	1.0
muschi	off 1.0		__DUMMY__ 0.4602796861917528 neg 0.277008575786177 off 0.2627117380220702	false	0.5
entmutigung	neg 1.0		__DUMMY__ 0.4582059820693557 neg 0.2772851950760119 off 0.26450882285463245	false	1.0
unangemessen	neg 1.0		__DUMMY__ 0.45860861219319266 neg 0.28033611056100555 off 0.2610552772458019	false	1.0
unstetig	neg 1.0		__DUMMY__ 0.4592493665822092 neg 0.27375524203668794 off 0.2669953913811028	false	1.0
entmutigen	neg 1.0		__DUMMY__ 0.4591805083153531 neg 0.27614603606743154 off 0.2646734556172154	false	1.0
schwanz	neg 1.0		__DUMMY__ 0.4611875310471183 neg 0.2791024225517126 off 0.25971004640116924	false	1.0
verbot	neg 1.0		__DUMMY__ 0.4598755514295016 neg 0.2803172399449643 off 0.2598072086255341	false	1.0
leid	neg 1.0		__DUMMY__ 0.45352171158143384 off 0.2759479382911281 neg 0.270530350127438	false	0.5
archaisch	neg 1.0		__DUMMY__ 0.45972039433901907 neg 0.2784904233542387 off 0.2617891823067422	false	1.0
gegen			__DUMMY__ 0.4633811385987156 neg 0.2811104474967273 off 0.25550841390455714	false	0.0
scheidung	neg 1.0		__DUMMY__ 0.4513606720854826 off 0.28772808590811255 neg 0.26091124200640503	false	0.5
einschlag	neg 1.0		__DUMMY__ 0.45578620899876865 off 0.27291078856197326 neg 0.271303002439258	false	0.5
m			__DUMMY__ 0.46181469993654284 neg 0.27687811341357244 off 0.2613071866498846	false	0.0
abgestanden	neg 1.0		__DUMMY__ 0.45821882574918277 neg 0.2779094280615071 off 0.26387174618931	false	1.0
schmierig	off 1.0		__DUMMY__ 0.45466868877937955 off 0.2753741294235431 neg 0.26995718179707734	false	1.0
unpraktisch	neg 1.0		__DUMMY__ 0.4594922646552908 neg 0.27484484706299517 off 0.2656628882817139	false	1.0
wixxer	off 1.0		__DUMMY__ 0.4485500412061734 off 0.28139785115865223 neg 0.2700521076351744	false	1.0
bezeichnet			__DUMMY__ 0.45763142754767205 neg 0.2794599642503089 off 0.262908608202019	false	0.0
jammerlappen	off 1.0		__DUMMY__ 0.45797916915168374 neg 0.2723491175409942 off 0.269671713307322	false	0.5
farce	neg 1.0		__DUMMY__ 0.4585317452999352 neg 0.28087706448767574 off 0.260591190212389	false	1.0
zwecklos	neg 1.0		__DUMMY__ 0.4591678912481691 neg 0.28005375588924303 off 0.2607783528625878	false	1.0
turbulent	neg 1.0		__DUMMY__ 0.4542851961537334 neg 0.27568122976674936 off 0.2700335740795171	false	1.0
invasion	neg 1.0		__DUMMY__ 0.458624012462695 neg 0.27545320619057406 off 0.26592278134673086	false	1.0
schuld	neg 1.0		__DUMMY__ 0.4578655934600382 neg 0.27773100066449763 off 0.2644034058754642	false	1.0
risiko	neg 1.0	neg 1.0	neg 0.6255603936225536 __DUMMY__ 0.22376772460188235 off 0.1506718817755641	false	1.0
finster	neg 1.0		__DUMMY__ 0.45769157096491014 neg 0.27765112274837905 off 0.2646573062867108	false	1.0
geisteskrank	off 1.0		__DUMMY__ 0.45404399200193307 neg 0.2754058296559834 off 0.27055017834208345	false	0.5
zusammenbrechen	neg 1.0		__DUMMY__ 0.46055494635864813 neg 0.277949598587561 off 0.2614954550537908	false	1.0
ausbeute	neg 1.0		__DUMMY__ 0.4676219051805032 neg 0.2702307901754989 off 0.2621473046439981	false	1.0
hinterhalt	neg 1.0		__DUMMY__ 0.4641362553036546 neg 0.27287911629274075 off 0.2629846284036047	false	1.0
kritik	neg 1.0		__DUMMY__ 0.4583231833004168 neg 0.28143725210736054 off 0.2602395645922227	false	1.0
einschrumpfen	neg 1.0		__DUMMY__ 0.4564526875742654 neg 0.27579425962202836 off 0.26775305280370615	false	1.0
riskant	neg 1.0		__DUMMY__ 0.4606229536730586 neg 0.2811929634393343 off 0.25818408288760714	false	1.0
frustrieren	neg 1.0		__DUMMY__ 0.4607508610504105 neg 0.27980499769522316 off 0.25944414125436627	false	1.0
groll	neg 1.0		__DUMMY__ 0.4591837064167126 neg 0.2806690503250154 off 0.2601472432582719	false	1.0
gibt			__DUMMY__ 0.46109712314085527 neg 0.27706497392941265 off 0.2618379029297321	false	0.0
qualvoll	neg 1.0		__DUMMY__ 0.45827441874278774 neg 0.2744957522280995 off 0.26722982902911274	false	1.0
wackeln	neg 1.0		__DUMMY__ 0.46076722153580313 neg 0.27407383639888333 off 0.26515894206531354	false	1.0
klagen	neg 1.0		__DUMMY__ 0.46235980116175784 neg 0.28244733944407674 off 0.2551928593941654	false	1.0
bankrott	neg 1.0		__DUMMY__ 0.45898079882175163 neg 0.27182596722452296 off 0.26919323395372546	false	1.0
trauern	neg 1.0		__DUMMY__ 0.46236162965280175 neg 0.2783331437626881 off 0.25930522658451	false	1.0
ablehnung	neg 1.0		__DUMMY__ 0.4589979543519819 neg 0.28080502665802437 off 0.2601970189899937	false	1.0
stur	neg 1.0		__DUMMY__ 0.4581206016777943 neg 0.27711017801956483 off 0.264769220302641	false	1.0
aufruhr	neg 1.0		__DUMMY__ 0.45973471207880806 neg 0.27823980331954634 off 0.2620254846016456	false	1.0
melancholie	neg 1.0		__DUMMY__ 0.4607328089423001 neg 0.2794861266514185 off 0.25978106440628146	false	1.0
ist			__DUMMY__ 0.45902481814466917 neg 0.27495020479070026 off 0.2660249770646306	false	0.0
torheit	neg 1.0		__DUMMY__ 0.4591206793594182 neg 0.27709243065349276 off 0.263786889987089	false	1.0
dreckskind	off 1.0		__DUMMY__ 0.45068619545096855 off 0.27603668027329714 neg 0.27327712427573414	false	1.0
umtauschen	neg 1.0		__DUMMY__ 0.46050733390616877 neg 0.2759560528962362 off 0.26353661319759514	false	1.0
zum			__DUMMY__ 0.4679882544585006 neg 0.27760726349493436 off 0.254404482046565	false	0.0
zersetzen	neg 1.0		__DUMMY__ 0.46047977046675426 neg 0.28250414540382307 off 0.25701608412942273	false	1.0
zur			__DUMMY__ 0.4664800799961039 neg 0.28056880691894465 off 0.2529511130849514	false	0.0
frust	neg 1.0		__DUMMY__ 0.46070915187191136 neg 0.2777753923255987 off 0.26151545580248997	false	1.0
unerbittlichkeit	neg 1.0		__DUMMY__ 0.4611827156388542 neg 0.28157583967263194 off 0.25724144468851395	false	1.0
zwei			__DUMMY__ 0.46709184034978735 neg 0.27736777164768367 off 0.255540388002529	false	0.0
unkorrekt	neg 1.0		__DUMMY__ 0.45575729230760637 off 0.2732243253497672 neg 0.2710183823426264	false	0.5
hexe	off 1.0		__DUMMY__ 0.4534729606524637 neg 0.27842629855126105 off 0.26810074079627527	false	0.5
lasch	neg 1.0		__DUMMY__ 0.45608210223276996 neg 0.27635416395578155 off 0.26756373381144855	false	1.0
rivale	neg 1.0		__DUMMY__ 0.45536080151573843 neg 0.2729170839957792 off 0.2717221144884825	false	1.0
mutlos	off 1.0	off 1.0	off 0.6166371422175975 __DUMMY__ 0.22313874458676206 neg 0.16022411319564034	false	1.0
wirr	off 1.0		__DUMMY__ 0.45331456636332135 neg 0.2734457015272229 off 0.2732397321094557	false	0.5
jahr			__DUMMY__ 0.46848102784025775 neg 0.27200556039604296 off 0.25951341176369913	false	0.0
wird			__DUMMY__ 0.46089089671185035 neg 0.2788953132259243 off 0.2602137900622254	false	0.0
strafbar	neg 1.0		__DUMMY__ 0.46103753324348773 neg 0.27998089522493774 off 0.25898157153157436	false	1.0
erosion	neg 1.0		__DUMMY__ 0.4612085760449409 neg 0.27452626054160945 off 0.2642651634134497	false	1.0
eingehen	neg 1.0		__DUMMY__ 0.46039506613368253 neg 0.2806288505435372 off 0.2589760833227802	false	1.0
faul	off 1.0		__DUMMY__ 0.4585116096573754 neg 0.27250718005431956 off 0.2689812102883049	false	0.5
provisorium	neg 1.0		__DUMMY__ 0.4694064328657949 neg 0.27914540523501113 off 0.25144816189919383	false	1.0
schmerzen	neg 1.0		__DUMMY__ 0.45882678054433657 neg 0.27929332862552164 off 0.2618798908301418	false	1.0
schrumpfen	neg 1.0		__DUMMY__ 0.46349733414481464 neg 0.28428726325025766 off 0.25221540260492753	false	1.0
geistlos	off 1.0		__DUMMY__ 0.4557322675328498 neg 0.2784374160322769 off 0.2658303164348734	false	0.5
fehlkauf	neg 1.0		__DUMMY__ 0.4587482372565422 neg 0.2755613734076584 off 0.26569038933579925	false	1.0
frustrierend	neg 1.0		__DUMMY__ 0.45815978279959996 neg 0.2734149832129127 off 0.2684252339874873	false	1.0
unzufrieden	neg 1.0		__DUMMY__ 0.4595087764247205 neg 0.2799710908773467 off 0.26052013269793295	false	1.0
verzweifeln	neg 1.0		__DUMMY__ 0.4598619512327676 neg 0.2777391163798696 off 0.26239893238736284	false	1.0
verzweifelt	neg 1.0	neg 1.0	neg 0.6283872635789954 __DUMMY__ 0.22153128388217427 off 0.15008145253883035	false	1.0
misstrauensantrag	neg 1.0		__DUMMY__ 0.4587131038918947 neg 0.27513572292473737 off 0.26615117318336795	false	1.0
abfallen	neg 1.0		__DUMMY__ 0.4606481672720306 neg 0.27415354382299845 off 0.2651982889049709	false	1.0
fucker	off 1.0		__DUMMY__ 0.45629084991597646 off 0.2728376765841176 neg 0.2708714734999059	false	1.0
ungezogen	neg 1.0		__DUMMY__ 0.45066995967721346 off 0.28077449562421625 neg 0.2685555446985703	false	0.5
irrsinnig	neg 1.0	neg 1.0	neg 0.6277438384299714 __DUMMY__ 0.22199658956682677 off 0.1502595720032018	false	1.0
unfassbar	neg 1.0		__DUMMY__ 0.45739396955158995 neg 0.27157755108843684 off 0.27102847935997315	false	1.0
hart	neg 1.0		__DUMMY__ 0.4563652768665671 neg 0.273694325777499 off 0.26994039735593395	false	1.0
widerlich	off 1.0		__DUMMY__ 0.45517362616932777 neg 0.2738230042915166 off 0.2710033695391557	false	0.5
fatal	neg 1.0		__DUMMY__ 0.4584877595280362 neg 0.2752281937126131 off 0.26628404675935075	false	1.0
bruch	neg 1.0		__DUMMY__ 0.46260765448601937 neg 0.281649600462179 off 0.2557427450518016	false	1.0
aushungern	neg 1.0		__DUMMY__ 0.4605156257450357 neg 0.2782425281969761 off 0.26124184605798806	false	1.0
anspannung	neg 1.0		__DUMMY__ 0.466053610675058 neg 0.2803338844812123 off 0.2536125048437297	false	1.0
von			__DUMMY__ 0.46942446621855116 neg 0.2706916133577738 off 0.2598839204236751	false	0.0
kraftlos	neg 1.0		__DUMMY__ 0.46124486604654624 neg 0.2777161201151214 off 0.2610390138383324	false	1.0
vom			__DUMMY__ 0.469820504932816 neg 0.2779806820864621 off 0.252198812980722	false	0.0
grenzdebil	off 1.0		__DUMMY__ 0.45726631431422865 off 0.2714323782042658 neg 0.2713013074815055	false	1.0
vor			__DUMMY__ 0.4640252908340035 neg 0.27877210255262896 off 0.2572026066133675	false	0.0
unterwerfen	neg 1.0		__DUMMY__ 0.460692222390106 neg 0.28009900990736414 off 0.25920876770253	false	1.0
versenkung	neg 1.0		__DUMMY__ 0.46264026950403236 neg 0.27721245315248116 off 0.26014727734348647	false	1.0
entziehen	neg 1.0		__DUMMY__ 0.46267774825908436 neg 0.2812751256864511 off 0.2560471260544645	false	1.0
finanzkrise	neg 1.0		__DUMMY__ 0.4574892233258765 neg 0.28143175996977815 off 0.2610790167043454	false	1.0
schimpfend	neg 1.0		__DUMMY__ 0.45862913802810534 neg 0.2754893471801784 off 0.2658815147917162	false	1.0
profan	neg 1.0		__DUMMY__ 0.4577631180308778 neg 0.2756164875611597 off 0.2666203944079625	false	1.0
korruption	neg 1.0		__DUMMY__ 0.4595474376560918 neg 0.28112126776104945 off 0.25933129458285886	false	1.0
â			__DUMMY__ 0.4623340067037862 neg 0.27686062369918907 off 0.26080536959702466	false	0.0
schmutzig	neg 1.0		__DUMMY__ 0.45722117939972007 off 0.2719604240547704 neg 0.27081839654550954	false	0.5
sexy	neg 1.0		__DUMMY__ 0.4588594428611351 neg 0.27288450511987383 off 0.26825605201899105	false	1.0
abraten	neg 1.0		__DUMMY__ 0.4596896322069422 neg 0.27377230895287163 off 0.26653805884018605	false	1.0
schwarz	neg 1.0		__DUMMY__ 0.45861443709844596 neg 0.2759986491943489 off 0.2653869137072052	false	1.0
fotze	off 1.0	off 1.0	off 0.6183153594951101 __DUMMY__ 0.22392061481292796 neg 0.15776402569196202	false	1.0
verwirren	neg 1.0		__DUMMY__ 0.4579820551504748 neg 0.27472417683940553 off 0.2672937680101196	false	1.0
zahnlos	off 1.0		__DUMMY__ 0.4594967811298329 neg 0.2789438087482266 off 0.2615594101219405	false	0.5
verheeren	neg 1.0		__DUMMY__ 0.4505424106810277 off 0.2822625478087426 neg 0.2671950415102297	false	0.5
hippie	neg 1.0		__DUMMY__ 0.45877921381027237 neg 0.27348005434855294 off 0.26774073184117464	false	1.0
rammen	neg 1.0		__DUMMY__ 0.45568538500904643 neg 0.2804746870693387 off 0.263839927921615	false	1.0
unlauter	neg 1.0		__DUMMY__ 0.45717933113584275 neg 0.27888089076649186 off 0.2639397780976653	false	1.0
unheilvoll	neg 1.0		__DUMMY__ 0.45847988403745316 neg 0.2759141109015114 off 0.2656060050610355	false	1.0
niedrig	neg 1.0		__DUMMY__ 0.4601471619491265 neg 0.2823691336598204 off 0.2574837043910531	false	1.0
explosion	neg 1.0		__DUMMY__ 0.4586059046488316 neg 0.274370767344207 off 0.2670233280069613	false	1.0
weichei	off 1.0	off 1.0	off 0.626934402886971 __DUMMY__ 0.21904969281957995 neg 0.15401590429344905	false	1.0
minusmensch	off 1.0		__DUMMY__ 0.4483729749624047 off 0.27801682965296315 neg 0.2736101953846321	false	1.0
farblos	neg 1.0		__DUMMY__ 0.4601413026290963 neg 0.27662855511789886 off 0.26323014225300495	false	1.0
unwissend	neg 1.0	neg 1.0	neg 0.6258319868237295 __DUMMY__ 0.22117656632685115 off 0.15299144684941932	false	1.0
traurig	neg 1.0		__DUMMY__ 0.4564415653580765 off 0.27393612874319906 neg 0.2696223058987245	false	0.5
senkung	neg 1.0		__DUMMY__ 0.45644589659922036 neg 0.27758290900580307 off 0.26597119439497663	false	1.0
ungleich	neg 1.0	neg 1.0	neg 0.6299035099067356 __DUMMY__ 0.22366982704978838 off 0.14642666304347604	false	1.0
heikel	neg 1.0		__DUMMY__ 0.46082725408408204 neg 0.28091556492653486 off 0.258257180989383	false	1.0
drosselung	neg 1.0		__DUMMY__ 0.45627973668856575 neg 0.27295439652504944 off 0.270765866786385	false	1.0
falsch	neg 1.0		__DUMMY__ 0.45753482633712467 neg 0.27398569428133307 off 0.2684794793815423	false	1.0
unzufriedenheit	neg 1.0		__DUMMY__ 0.4618628393865522 neg 0.2814971302714283 off 0.25664003034201954	false	1.0
kurz	neg 1.0		__DUMMY__ 0.4628078335002441 neg 0.27428250628684836 off 0.26290966021290757	false	1.0
unsinnig	neg 1.0		__DUMMY__ 0.459241810651011 neg 0.27897122002012015 off 0.26178696932886864	false	1.0
penner	off 1.0	off 1.0	off 0.6279351242478599 __DUMMY__ 0.21873290291538752 neg 0.15333197283675257	false	1.0
seicht	neg 1.0		__DUMMY__ 0.45071415170497003 off 0.2801981516363627 neg 0.2690876966586673	false	0.5
dummheit	off 1.0	off 1.0	off 0.6213633728989983 __DUMMY__ 0.22099328532832818 neg 0.1576433417726735	false	1.0
unerfreulich	neg 1.0		__DUMMY__ 0.4623045683514846 neg 0.27995243557698885 off 0.2577429960715265	false	1.0
motherfucker	off 1.0	off 1.0	off 0.6244566899527374 __DUMMY__ 0.22086865818706197 neg 0.15467465186020063	false	1.0
pikiert	neg 1.0		__DUMMY__ 0.45529107034260563 neg 0.2747461829503318 off 0.2699627467070626	false	1.0
wrack	neg 1.0		__DUMMY__ 0.4616290121138994 neg 0.27706505648987356 off 0.261305931396227	false	1.0
gangster	neg 1.0		__DUMMY__ 0.45857923466292927 neg 0.27369619948430435 off 0.2677245658527665	false	1.0
krank	neg 1.0		__DUMMY__ 0.45772683317816315 off 0.27161711846300407 neg 0.2706560483588327	false	0.5
reich	neg 1.0		__DUMMY__ 0.45811639408521915 neg 0.27185799194489024 off 0.27002561396989044	false	1.0
gnadenlos	neg 1.0		__DUMMY__ 0.45799140275031613 neg 0.27748525425724974 off 0.26452334299243424	false	1.0
niedergeschlagen	neg 1.0		__DUMMY__ 0.460972674463698 neg 0.27675873805723167 off 0.2622685874790704	false	1.0
terrorisieren	off 1.0	off 1.0	off 0.6172202413993351 __DUMMY__ 0.22411506551216334 neg 0.15866469308850162	false	1.0
sinnlosigkeit	neg 1.0		__DUMMY__ 0.4598426294721832 neg 0.2791280162444497 off 0.261029354283367	false	1.0
behindern	neg 1.0		__DUMMY__ 0.4600332716280417 neg 0.27722376853129266 off 0.26274295984066565	false	1.0
undemokratisch	neg 1.0		__DUMMY__ 0.45861568104463035 neg 0.2769608118254426 off 0.26442350712992707	false	1.0
wirtschaftskrise	neg 1.0		__DUMMY__ 0.4589414258516092 neg 0.2822350168081384 off 0.25882355734025236	false	1.0
neid	neg 1.0		__DUMMY__ 0.45993569730535777 neg 0.2707683947353117 off 0.26929590795933034	false	1.0
rutschen	neg 1.0		__DUMMY__ 0.4668693873934563 neg 0.27789102146073136 off 0.25523959114581224	false	1.0
rezession	neg 1.0		__DUMMY__ 0.4506403733113402 neg 0.2775050128612406 off 0.2718546138274194	false	1.0
fehlgeburt	neg 1.0		__DUMMY__ 0.46031090230511845 neg 0.2734097553869418 off 0.2662793423079398	false	1.0
charakterschwach	off 1.0		__DUMMY__ 0.45535866436504197 neg 0.27382028672754266 off 0.2708210489074154	false	0.5
isolation	neg 1.0		__DUMMY__ 0.4583561030757901 neg 0.27353411388865106 off 0.2681097830355588	false	1.0
ablenkung	neg 1.0		__DUMMY__ 0.46082392215000123 neg 0.2749030490917617 off 0.26427302875823694	false	1.0
pech	neg 1.0		__DUMMY__ 0.45825928712557434 neg 0.2734767076824866 off 0.26826400519193905	false	1.0
vermeidung	neg 1.0		__DUMMY__ 0.4565970339181438 neg 0.2723314239862155 off 0.2710715420956407	false	1.0
dominieren	neg 1.0		__DUMMY__ 0.4608147962714304 neg 0.2803429397926886 off 0.25884226393588095	false	1.0
schwindlig	neg 1.0		__DUMMY__ 0.4598250865288353 neg 0.27338813671324214 off 0.26678677675792256	false	1.0
lutscher	neg 1.0	neg 1.0	neg 0.6224389882265855 __DUMMY__ 0.21807152762665025 off 0.15948948414676428	false	1.0
pflicht	neg 1.0		__DUMMY__ 0.4614677516771521 neg 0.2815857565339321 off 0.2569464917889157	false	1.0
faschist	off 1.0		__DUMMY__ 0.4579378654706134 neg 0.27456214778799287 off 0.2674999867413937	false	0.5
verschleudern	neg 1.0		__DUMMY__ 0.4605336363435289 neg 0.28159212159836633 off 0.2578742420581047	false	1.0
wenn			__DUMMY__ 0.4574355291443711 neg 0.27398454886573165 off 0.26857992198989716	false	0.0
ehebruch	neg 1.0		__DUMMY__ 0.4605230837514283 neg 0.2797551672550297 off 0.25972174899354206	false	1.0
spott	off 1.0		__DUMMY__ 0.46011919171892446 neg 0.2809631221015977 off 0.25891768617947786	false	0.5
trostlosigkeit	neg 1.0		__DUMMY__ 0.46229236378744304 neg 0.2812981704701513 off 0.25640946574240564	false	1.0
lutschen	neg 1.0		__DUMMY__ 0.45626852491073355 neg 0.2764307685101629 off 0.2673007065791035	false	1.0
undiszipliniert	neg 1.0		__DUMMY__ 0.455757993225261 off 0.2729551468098327 neg 0.27128685996490626	false	0.5
kopfschmerz	neg 1.0		__DUMMY__ 0.458757371428716 neg 0.28079296636941364 off 0.2604496622018704	false	1.0
unvorhergesehen	neg 1.0		__DUMMY__ 0.46491081303535703 neg 0.27565625979042313 off 0.25943292717421984	false	1.0
desinteressiert	neg 1.0	neg 1.0	neg 0.6248953461646779 __DUMMY__ 0.2205801506926938 off 0.1545245031426283	false	1.0
armselig	off 1.0		__DUMMY__ 0.4537853037017727 neg 0.27317570199305163 off 0.27303899430517564	false	0.5
desaster	neg 1.0		__DUMMY__ 0.4626494752876204 neg 0.2823527025328363 off 0.2549978221795434	false	1.0
tod	neg 1.0		__DUMMY__ 0.46232213480441753 neg 0.2770360434718925 off 0.26064182172369	false	1.0
herzlos	neg 1.0		__DUMMY__ 0.4548618652461964 off 0.27337214966741563 neg 0.271765985086388	false	0.5
unwissenheit	neg 1.0		__DUMMY__ 0.45954563506438245 neg 0.2800030271348077 off 0.26045133780081	false	1.0
widersinnig	neg 1.0		__DUMMY__ 0.4579379001956311 neg 0.28216386430339285 off 0.2598982355009761	false	1.0
bedenklich	neg 1.0		__DUMMY__ 0.46009085324297583 neg 0.2804013027271154 off 0.2595078440299088	false	1.0
beanstanden	neg 1.0		__DUMMY__ 0.4620223083467382 neg 0.2812856842300943 off 0.25669200742316756	false	1.0
panisch	neg 1.0	neg 1.0	neg 0.6246398429864374 __DUMMY__ 0.22359739728720346 off 0.15176275972635922	false	1.0
debil	off 1.0		__DUMMY__ 0.4663299248111053 neg 0.282501411799804 off 0.25116866338909066	false	0.5
abstrich	neg 1.0		__DUMMY__ 0.46372839626333545 neg 0.27243459537569953 off 0.26383700836096496	false	1.0
primitiv	neg 1.0		__DUMMY__ 0.4550212227474003 neg 0.27376461286996423 off 0.27121416438263557	false	1.0
abschaum	off 1.0	off 1.0	off 0.6231302595086866 __DUMMY__ 0.22094349454046538 neg 0.15592624595084792	false	1.0
provozieren	neg 1.0		__DUMMY__ 0.4572936648622466 neg 0.27866674162922705 off 0.26403959350852624	false	1.0
tot	neg 1.0		__DUMMY__ 0.4606833335960732 neg 0.2787941808783478 off 0.26052248552557894	false	1.0
instabil	neg 1.0		__DUMMY__ 0.4542070063771373 neg 0.2734777627479149 off 0.2723152308749478	false	1.0
schwuchtel	off 1.0	off 1.0	off 0.6313018791377284 __DUMMY__ 0.21612059156547309 neg 0.15257752929679855	false	1.0
zerren	neg 1.0		__DUMMY__ 0.4606648695232323 neg 0.27792624895283125 off 0.2614088815239365	false	1.0
kinderficker	off 1.0		__DUMMY__ 0.45411822336900737 off 0.2766556423319302 neg 0.26922613429906256	false	1.0
gefahr	neg 1.0		__DUMMY__ 0.46303835709035707 neg 0.2800879918776054 off 0.25687365103203746	false	1.0
rabiat	neg 1.0		__DUMMY__ 0.4596809232091217 neg 0.2764413071529853 off 0.263877769637893	false	1.0
verlangsamung	neg 1.0		__DUMMY__ 0.4498716632905368 off 0.2769279366110461 neg 0.27320040009841706	false	0.5
ausgestorben	neg 1.0		__DUMMY__ 0.46043982481649265 neg 0.2758091958221898 off 0.2637509793613175	false	1.0
anklagen	neg 1.0		__DUMMY__ 0.4601984714838593 neg 0.27990825704949635 off 0.25989327146664426	false	1.0
trott	neg 1.0		__DUMMY__ 0.4601049844812313 neg 0.27664785684835236 off 0.2632471586704163	false	1.0
verminderung	neg 1.0		__DUMMY__ 0.4562420116053184 neg 0.2723023872756172 off 0.2714556011190644	false	1.0
nach			__DUMMY__ 0.467882448812356 neg 0.27799623598041984 off 0.2541213152072243	false	0.0
rost	neg 1.0		__DUMMY__ 0.45340096182820777 off 0.2768245464472591 neg 0.26977449172453316	false	0.5
destruktiv	neg 1.0		__DUMMY__ 0.45866830644226797 neg 0.27830737252384047 off 0.2630243210338917	false	1.0
unzumutbarkeit	neg 1.0		__DUMMY__ 0.45777692578030077 neg 0.2718889148085559 off 0.2703341594111432	false	1.0
labil	off 1.0	off 1.0	off 0.6227073628358497 __DUMMY__ 0.2214235153521007 neg 0.15586912181204965	false	1.0
ziemlich	neg 1.0		__DUMMY__ 0.4582601592217184 off 0.2712022253215011 neg 0.2705376154567804	false	0.5
lachnummer	off 1.0		__DUMMY__ 0.45812441461825737 neg 0.27821196042919294 off 0.2636636249525495	false	0.5
oder			__DUMMY__ 0.4605068473548221 neg 0.27432872741668946 off 0.2651644252284884	false	0.0
verfall	neg 1.0		__DUMMY__ 0.464117493575357 neg 0.28332783449631715 off 0.2525546719283258	false	1.0
ausgrenzung	neg 1.0		__DUMMY__ 0.45832298191384097 neg 0.27657711447715033 off 0.2650999036090086	false	1.0
unordnung	neg 1.0		__DUMMY__ 0.45787237121456 off 0.2736352771890422 neg 0.26849235159639784	false	0.5
fehlverhalten	neg 1.0		__DUMMY__ 0.4601333831311298 neg 0.2826664284312077 off 0.2572001884376627	false	1.0
eine			__DUMMY__ 0.46367654298924244 neg 0.27844942604999323 off 0.2578740309607643	false	0.0
nille	neg 1.0		__DUMMY__ 0.4605502416883702 neg 0.27613431962135215 off 0.2633154386902776	false	1.0
qual	neg 1.0		__DUMMY__ 0.4603794989853522 neg 0.2767862019496204 off 0.2628342990650275	false	1.0
verschwenden	neg 1.0		__DUMMY__ 0.46020979871868445 neg 0.2810783067844418 off 0.25871189449687365	false	1.0
riesig	neg 1.0		__DUMMY__ 0.46214501999081786 neg 0.27782432036550897 off 0.2600306596436731	false	1.0
verurteilen	neg 1.0		__DUMMY__ 0.4585179825363608 neg 0.28160615172222225 off 0.2598758657414169	false	1.0
klischee	neg 1.0	neg 1.0	neg 0.6269608409281562 __DUMMY__ 0.22111746096339946 off 0.15192169810844444	false	1.0
diktatorisch	neg 1.0		__DUMMY__ 0.45807933516023785 neg 0.27747187786665495 off 0.26444878697310714	false	1.0
vorhersehbar	neg 1.0		__DUMMY__ 0.456532060915438 neg 0.2766181406630302 off 0.2668497984215319	false	1.0
sowie			__DUMMY__ 0.452437805752695 off 0.2750619839863109 neg 0.27250021026099414	false	0.0
stornieren	neg 1.0		__DUMMY__ 0.46283234204080975 neg 0.2696914083144635 off 0.26747624964472666	false	1.0
besteuerung	neg 1.0		__DUMMY__ 0.45648578132478035 neg 0.2803414834057587 off 0.263172735269461	false	1.0
ungeschminkt	neg 1.0		__DUMMY__ 0.45343994017633704 neg 0.2764597353502954 off 0.2701003244733676	false	1.0
kritisch	neg 1.0		__DUMMY__ 0.46057261678579803 neg 0.28008801577435033 off 0.2593393674398516	false	1.0
schlamperei	off 1.0		__DUMMY__ 0.46220374796329544 neg 0.279604696629432 off 0.2581915554072726	false	0.5
sucht	neg 1.0	neg 1.0	neg 0.623384595842012 __DUMMY__ 0.22553647947882563 off 0.1510789246791623	false	1.0
egoistisch	off 1.0		__DUMMY__ 0.4527867795099657 off 0.27640681655909716 neg 0.2708064039309372	false	1.0
ausbeuter	off 1.0		__DUMMY__ 0.4594609183603514 neg 0.2836197787959391 off 0.25691930284370956	false	0.5
arschgeburt	off 1.0		__DUMMY__ 0.4463971759809884 off 0.28373551027322064 neg 0.269867313745791	false	1.0
schubs	neg 1.0		__DUMMY__ 0.46129393014072906 neg 0.2769159453228919 off 0.261790124536379	false	1.0
unsolide	neg 1.0		__DUMMY__ 0.45673628552201295 neg 0.2784931376407186 off 0.2647705768372683	false	1.0
beschwerde	neg 1.0		__DUMMY__ 0.46021534016777604 neg 0.2813870206932894 off 0.2583976391389346	false	1.0
stocken	neg 1.0		__DUMMY__ 0.46151235815857583 neg 0.28015170305632814 off 0.25833593878509603	false	1.0
isolieren	neg 1.0		__DUMMY__ 0.4604114183499142 neg 0.27968974630988486 off 0.2598988353402009	false	1.0
unheilbar	neg 1.0		__DUMMY__ 0.45947306062109783 neg 0.2765204595361142 off 0.264006479842788	false	1.0
pisser	off 1.0		__DUMMY__ 0.45342336419010276 neg 0.27441589841910463 off 0.27216073739079266	false	0.5
löschen	neg 1.0		__DUMMY__ 0.45996632363401224 neg 0.2764263807412221 off 0.26360729562476565	false	1.0
durchfallen	neg 1.0		__DUMMY__ 0.45933220693042015 neg 0.28094093508657264 off 0.25972685798300726	false	1.0
wichser	off 1.0	off 1.0	off 0.6299348416934015 __DUMMY__ 0.21783999477519617 neg 0.15222516353140225	false	1.0
terror	neg 1.0		__DUMMY__ 0.4590540227882861 neg 0.2734683543780814 off 0.2674776228336325	false	1.0
krass	neg 1.0		__DUMMY__ 0.45469729524811636 off 0.27426059350371446 neg 0.2710421112481693	false	0.5
revolte	neg 1.0		__DUMMY__ 0.4581924620462737 neg 0.2761610275387499 off 0.26564651041497656	false	1.0
besorgt	neg 1.0		__DUMMY__ 0.46341311363135756 neg 0.2738248677801737 off 0.2627620185884687	false	1.0
nachlassen	neg 1.0		__DUMMY__ 0.46241522702457605 neg 0.2789725332435612 off 0.2586122397318626	false	1.0
alt	neg 1.0		__DUMMY__ 0.45984638501810615 neg 0.27984100985918847 off 0.2603126051227054	false	1.0
hundesohn	off 1.0		__DUMMY__ 0.44980925128427907 off 0.28038292665953024 neg 0.26980782205619086	false	1.0
als			__DUMMY__ 0.4614101856920376 neg 0.27692972643938657 off 0.26166008786857575	false	0.0
abschreckung	neg 1.0		__DUMMY__ 0.46182679099844287 neg 0.281860871202982 off 0.25631233779857515	false	1.0
unqualifiziert	neg 1.0		__DUMMY__ 0.45602723266226325 neg 0.2761928821638831 off 0.26777988517385365	false	1.0
abgewichst	off 1.0		__DUMMY__ 0.4613579799570518 neg 0.27583925680471794 off 0.2628027632382303	false	0.5
schwer	neg 1.0		__DUMMY__ 0.45944517367467036 neg 0.277640671946559 off 0.2629141543787705	false	1.0
bedeutungslosigkeit	neg 1.0		__DUMMY__ 0.46134380519741497 neg 0.2811459179842016 off 0.25751027681838345	false	1.0
kapitulation	neg 1.0		__DUMMY__ 0.46102428823660085 neg 0.2799270946662706 off 0.25904861709712856	false	1.0
unscharf	neg 1.0		__DUMMY__ 0.4572456655709415 neg 0.2765849009026205 off 0.2661694335264379	false	1.0
schwinden	neg 1.0		__DUMMY__ 0.46120929580507514 neg 0.2818096533868674 off 0.2569810508080573	false	1.0
versklavung	neg 1.0		__DUMMY__ 0.4587008531742946 neg 0.2771846806802671 off 0.2641144661454384	false	1.0
schlecht	neg 1.0		__DUMMY__ 0.45803071368868536 off 0.2713011998516545 neg 0.27066808645966006	false	0.5
verhasst	neg 1.0		__DUMMY__ 0.4562564750571868 neg 0.2793861862752778 off 0.2643573386675355	false	1.0
beschweren	neg 1.0		__DUMMY__ 0.4587953194974839 neg 0.2751005562282617 off 0.26610412427425434	false	1.0
scheiden	neg 1.0		__DUMMY__ 0.46142022688166295 neg 0.27440178475151233 off 0.26417798836682477	false	1.0
frustriert	neg 1.0		__DUMMY__ 0.45928713541986765 neg 0.2790459598071961 off 0.26166690477293625	false	1.0
schimmelig	neg 1.0		__DUMMY__ 0.45776278189711694 neg 0.28312662970743824 off 0.25911058839544465	false	1.0
fisch	neg 1.0		__DUMMY__ 0.46035675295022804 neg 0.2832965562241341 off 0.2563466908256378	false	1.0
schmuggel	neg 1.0		__DUMMY__ 0.46159883634865057 neg 0.2802881083742415 off 0.25811305527710804	false	1.0
auffallen	neg 1.0		__DUMMY__ 0.45854277891095657 neg 0.27437918948494816 off 0.26707803160409527	false	1.0
konkurrenz	neg 1.0		__DUMMY__ 0.46210391466465967 neg 0.28198690709474566 off 0.2559091782405945	false	1.0
teufelskreis	neg 1.0	neg 1.0	neg 0.6290692506353055 __DUMMY__ 0.22194132897688176 off 0.14898942038781282	false	1.0
aufschreien	neg 1.0		__DUMMY__ 0.4571260471372164 neg 0.27625787769362425 off 0.2666160751691593	false	1.0
schuldner	neg 1.0		__DUMMY__ 0.4596991228000105 neg 0.2842436680468889 off 0.25605720915310054	false	1.0
missgeburt	off 1.0	off 1.0	off 0.627004036075927 __DUMMY__ 0.2181568854618458 neg 0.1548390784622271	false	1.0
arbeitslos	neg 1.0		__DUMMY__ 0.459429453862816 neg 0.2803315446457333 off 0.26023900149145063	false	1.0
befallen	neg 1.0		__DUMMY__ 0.45797660168039456 neg 0.28133431703533857 off 0.26068908128426693	false	1.0
miesepetrig	off 1.0	off 1.0	off 0.6235600494418035 __DUMMY__ 0.2217690438609404 neg 0.1546709066972559	false	1.0
alarmieren	neg 1.0		__DUMMY__ 0.4558994737763154 neg 0.2760935831500417 off 0.268006943073643	false	1.0
ungeduscht	off 1.0		__DUMMY__ 0.4558576571995057 neg 0.2761198440276956 off 0.2680224987727986	false	0.5
knappheit	neg 1.0		__DUMMY__ 0.458173276241646 neg 0.282927679143598 off 0.258899044614756	false	1.0
schlange	neg 1.0		__DUMMY__ 0.4614665201452737 neg 0.2720703595593316 off 0.2664631202953947	false	1.0
harsch	neg 1.0		__DUMMY__ 0.4560883130394488 off 0.275907715533571 neg 0.2680039714269802	false	0.5
lang	neg 1.0		__DUMMY__ 0.4599287860795734 neg 0.27530935335713713 off 0.2647618605632896	false	1.0
ziellos	neg 1.0		__DUMMY__ 0.4623886527418669 neg 0.27721867828700525 off 0.260392668971128	false	1.0
selbstverliebt	neg 1.0		__DUMMY__ 0.4490027669073827 off 0.2818889989659768 neg 0.2691082341266405	false	0.5
beseitigen	neg 1.0		__DUMMY__ 0.4604490876429152 neg 0.2777092921598153 off 0.26184162019726936	false	1.0
dumm	off 1.0		__DUMMY__ 0.45317020725263074 off 0.27747728671850175 neg 0.2693525060288675	false	1.0
arbeitsloser	neg 1.0		__DUMMY__ 0.46177982727860717 neg 0.27708988585343014 off 0.26113028686796264	false	1.0
blitzen	neg 1.0		__DUMMY__ 0.4588592763556523 neg 0.27348210931826283 off 0.2676586143260849	false	1.0
hilflos	neg 1.0		__DUMMY__ 0.45952005522288236 neg 0.27930881947465575 off 0.26117112530246195	false	1.0
eklig	off 1.0		__DUMMY__ 0.4507500207798286 off 0.27729218110990755 neg 0.2719577981102639	false	1.0
begriff			__DUMMY__ 0.4600426936550461 neg 0.27698837273428795 off 0.262968933610666	false	0.0
hungersnot	neg 1.0		__DUMMY__ 0.46027678605496686 neg 0.27935967439063397 off 0.2603635395543993	false	1.0
ungesetzlich	neg 1.0		__DUMMY__ 0.4568653953550138 neg 0.27957349706355683 off 0.26356110758142937	false	1.0
verschwendung	neg 1.0		__DUMMY__ 0.46118076568051825 neg 0.2803735007735291 off 0.2584457335459526	false	1.0
schmerzvoll	neg 1.0		__DUMMY__ 0.45836219157671804 neg 0.2761517266261535 off 0.2654860817971284	false	1.0
vorzeitig	neg 1.0		__DUMMY__ 0.4573963583166532 neg 0.27619391690915873 off 0.2664097247741881	false	1.0
unvollkommenheit	neg 1.0		__DUMMY__ 0.4637063865327397 neg 0.274906843052129 off 0.26138677041513125	false	1.0
intervenieren	neg 1.0		__DUMMY__ 0.4604043762212827 neg 0.28172295991629215 off 0.25787266386242524	false	1.0
banause	off 1.0		__DUMMY__ 0.448607856837754 off 0.2798490602503255 neg 0.27154308291192036	false	1.0
rebell	neg 1.0		__DUMMY__ 0.4630278714899856 neg 0.282687946908015 off 0.2542841816019993	false	1.0
unlogisch	neg 1.0		__DUMMY__ 0.45450907685061437 off 0.27305489005567074 neg 0.27243603309371484	false	0.5
leiden	neg 1.0		__DUMMY__ 0.46359984059084164 neg 0.2783619210972718 off 0.25803823831188655	false	1.0
abschaffung	neg 1.0		__DUMMY__ 0.45930597560668784 neg 0.27682485711912336 off 0.26386916727418885	false	1.0
sturz	neg 1.0		__DUMMY__ 0.46072553734482635 neg 0.2752285517781184 off 0.2640459108770552	false	1.0
verkleinerung	neg 1.0		__DUMMY__ 0.4563557784095108 neg 0.2773016584871701 off 0.2663425631033191	false	1.0
schmarotzer	off 1.0		__DUMMY__ 0.45858618293294084 neg 0.28046884046771753 off 0.2609449765993416	false	0.5
bestrafung	neg 1.0		__DUMMY__ 0.45889111637366214 neg 0.27635536328406674 off 0.26475352034227106	false	1.0
achtlos	neg 1.0	neg 1.0	neg 0.6272623050822534 __DUMMY__ 0.223394473548634 off 0.1493432213691126	false	1.0
ungeheuer	neg 1.0		__DUMMY__ 0.45900375143445316 neg 0.27431670457091734 off 0.2666795439946294	false	1.0
unaufrichtig	neg 1.0		__DUMMY__ 0.4606214024178429 neg 0.2711468140256122 off 0.2682317835565449	false	1.0
groggy	neg 1.0		__DUMMY__ 0.45835449301942355 neg 0.2743969788477405 off 0.2672485281328359	false	1.0
verletzlich	neg 1.0		__DUMMY__ 0.45457597311473485 neg 0.2751232915510651 off 0.27030073533419996	false	1.0
ablehnen	neg 1.0		__DUMMY__ 0.4604063377989065 neg 0.27942225248372815 off 0.2601714097173654	false	1.0
