unsolidarisch	neg 1.0		neg 0.4947794309762319 off 0.4647094034608872 __DUMMY__ 0.0405111655628809	false	1.0
nachteilig	neg 1.0		neg 0.49676260091799684 off 0.46235091147360813 __DUMMY__ 0.040886487608395	false	1.0
skeptisch	neg 1.0		neg 0.49708624918953287 off 0.4619794680779419 __DUMMY__ 0.04093428273252529	false	1.0
schrecklich	neg 1.0		neg 0.48242301921586117 off 0.4772326377942343 __DUMMY__ 0.04034434298990443	false	1.0
schlapp	neg 1.0		neg 0.4859814701527954 off 0.4734738792668156 __DUMMY__ 0.04054465058038905	false	1.0
abfall	neg 1.0		neg 0.4999073767202182 off 0.4589456808120728 __DUMMY__ 0.041146942467709016	false	1.0
widerspenstig	neg 1.0		neg 0.491507007050875 off 0.4677490948449907 __DUMMY__ 0.0407438981041343	false	1.0
abrupt	neg 1.0		neg 0.49551916292761794 off 0.4635080431934602 __DUMMY__ 0.040972793878921866	false	1.0
unwirksam	neg 1.0		neg 0.4952305503334617 off 0.4643189346263775 __DUMMY__ 0.04045051504016072	false	1.0
angreifen	neg 1.0		neg 0.49844089753079845 off 0.46073452650637353 __DUMMY__ 0.04082457596282787	false	1.0
inkonsistent	neg 1.0		neg 0.49316567648024784 off 0.46634479529552453 __DUMMY__ 0.04048952822422766	false	1.0
abrutschen	neg 1.0		neg 0.5004924920321139 off 0.4584809486181067 __DUMMY__ 0.04102655934977941	false	1.0
unsicher	neg 1.0		neg 0.49072071281603447 off 0.46840586078040397 __DUMMY__ 0.04087342640356153	false	1.0
bauernkind	off 1.0	off 1.0	off 0.7211063144059073 neg 0.2600736173597828 __DUMMY__ 0.01882006823430993	false	1.0
angreifer	neg 1.0	neg 1.0	neg 0.7306574284592049 off 0.24993801066243507 __DUMMY__ 0.019404560878360122	false	1.0
trennen	neg 1.0		neg 0.4960220291474148 off 0.46289717397902985 __DUMMY__ 0.04108079687355536	false	1.0
schmutz	neg 1.0		neg 0.48862447989399826 off 0.4705275621584105 __DUMMY__ 0.04084795794759118	false	1.0
inkonsistenz	neg 1.0		neg 0.49002679128609156 off 0.46978870841789394 __DUMMY__ 0.040184500296014614	false	1.0
erschreckend	neg 1.0		neg 0.49354804909452143 off 0.4657502473334852 __DUMMY__ 0.040701703571993354	false	1.0
ertrinken	neg 1.0		neg 0.4976008833758329 off 0.4615580891086578 __DUMMY__ 0.04084102751550926	false	1.0
pickelface	off 1.0		neg 0.49287561227294285 off 0.4663334785929528 __DUMMY__ 0.04079090913410428	false	0.5
seiner			neg 0.49658464742395864 off 0.462474633347267 __DUMMY__ 0.040940719228774396	false	0.0
lauch	neg 1.0		neg 0.49912313594146157 off 0.45979030475740945 __DUMMY__ 0.041086559301128964	false	1.0
unwichtig	neg 1.0		neg 0.488058178512771 off 0.47151780861956955 __DUMMY__ 0.04042401286765942	false	1.0
steuerhinterziehung	neg 1.0	neg 1.0	neg 0.7341477994024497 off 0.24646623226154984 __DUMMY__ 0.019385968336000547	false	1.0
schock	neg 1.0		neg 0.4928924275355229 off 0.4663218981640344 __DUMMY__ 0.04078567430044272	false	1.0
beule	neg 1.0		neg 0.48655786279567637 off 0.47308218872187346 __DUMMY__ 0.04035994848245017	false	1.0
vergelten	neg 1.0		neg 0.48192433071784246 off 0.4775071553921348 __DUMMY__ 0.04056851389002269	false	1.0
verdorbenheit	neg 1.0		neg 0.4884612807422767 off 0.47056179173533086 __DUMMY__ 0.04097692752239229	false	1.0
trauma	neg 1.0		neg 0.49117703596897305 off 0.46813063694522683 __DUMMY__ 0.040692327085799986	false	1.0
sinnlos	neg 1.0		neg 0.48972725055864696 off 0.46962442240308727 __DUMMY__ 0.04064832703826585	false	1.0
fettsack	off 1.0	off 1.0	off 0.7227383665849373 neg 0.258354742100799 __DUMMY__ 0.018906891314263707	false	1.0
feige	off 1.0	off 1.0	off 0.7204049957270973 neg 0.2604571065639537 __DUMMY__ 0.019137897708948942	false	1.0
abdanken	neg 1.0		neg 0.4936618412219965 off 0.4656425133147376 __DUMMY__ 0.040695645463265914	false	1.0
wichtigtuer	off 1.0	off 1.0	off 0.7196150225697221 neg 0.26112616688948237 __DUMMY__ 0.01925881054079554	false	1.0
misslingen	neg 1.0		neg 0.4863756882071989 off 0.47242956905816147 __DUMMY__ 0.04119474273463967	false	1.0
untreu	off 1.0		neg 0.48718412489737317 off 0.4723794687445959 __DUMMY__ 0.04043640635803107	false	0.5
missmutig	neg 1.0		neg 0.48700047101774896 off 0.4724495601690506 __DUMMY__ 0.040549968813200284	false	1.0
hurenbock	off 1.0		neg 0.48949802097033335 off 0.46979548856115655 __DUMMY__ 0.04070649046851016	false	0.5
betrunken	neg 1.0		neg 0.4846451950007866 off 0.47491344011063236 __DUMMY__ 0.040441364888581105	false	1.0
korrupt	off 1.0		neg 0.497614945483794 off 0.4618302993843404 __DUMMY__ 0.04055475513186545	false	0.5
unmut	neg 1.0		neg 0.49968433414369795 off 0.45922338649982253 __DUMMY__ 0.041092279356479584	false	1.0
hackfresse	off 1.0		neg 0.48016201986203094 off 0.4797772928345445 __DUMMY__ 0.04006068730342447	false	0.5
aufblasen	neg 1.0		neg 0.48966804935362745 off 0.4696287622158849 __DUMMY__ 0.04070318843048761	false	1.0
gewaltsam	neg 1.0		neg 0.4936000602132868 off 0.46559899739302424 __DUMMY__ 0.04080094239368895	false	1.0
unbeliebtheit	neg 1.0		neg 0.4910730476962812 off 0.4686558643001054 __DUMMY__ 0.04027108800361344	false	1.0
sturheit	neg 1.0		neg 0.4948697611805039 off 0.46446309766809746 __DUMMY__ 0.040667141151398634	false	1.0
kuh	neg 1.0		neg 0.4935239388607922 off 0.4662458326474253 __DUMMY__ 0.040230228491782566	false	1.0
erschrecken	neg 1.0		neg 0.48689099976150213 off 0.4725004534483577 __DUMMY__ 0.040608546790140136	false	1.0
opfer	neg 1.0		neg 0.49571685910072233 off 0.46340580515894664 __DUMMY__ 0.04087733574033116	false	1.0
sinken	neg 1.0		neg 0.49940471797114944 off 0.459562023443765 __DUMMY__ 0.04103325858508554	false	1.0
stinktier	neg 1.0		neg 0.48756706969731667 off 0.47267557000658994 __DUMMY__ 0.03975736029609334	false	1.0
tucke	off 1.0		neg 0.48121821804448794 off 0.47897791984738225 __DUMMY__ 0.03980386210812978	false	0.5
ein			neg 0.49077834923156527 off 0.468523937842205 __DUMMY__ 0.04069771292622984	false	0.0
abstieg	neg 1.0		neg 0.4975274451106067 off 0.46161685952005777 __DUMMY__ 0.040855695369335504	false	1.0
missverstehen	neg 1.0		neg 0.4904646259385615 off 0.46907454953721717 __DUMMY__ 0.04046082452422128	false	1.0
ergebnislos	neg 1.0		neg 0.4964542065777661 off 0.46255227692809897 __DUMMY__ 0.04099351649413498	false	1.0
unter			neg 0.5019818712506161 off 0.4564977414051496 __DUMMY__ 0.041520387344234175	false	0.0
manipulieren	neg 1.0		neg 0.49742597203544103 off 0.4616122421978261 __DUMMY__ 0.04096178576673289	false	1.0
unbewiesen	neg 1.0		neg 0.4955155577432719 off 0.4640389955714829 __DUMMY__ 0.04044544668524526	false	1.0
verschleppen	neg 1.0		neg 0.4966110460394759 off 0.4626346910676199 __DUMMY__ 0.0407542628929041	false	1.0
weib	off 1.0		neg 0.48324457503895846 off 0.47707665793824405 __DUMMY__ 0.03967876702279736	false	0.5
opposition	neg 1.0		neg 0.4918187453860421 off 0.4676460465340387 __DUMMY__ 0.04053520807991937	false	1.0
verkehrswidrig	neg 1.0		off 0.4796930678075442 neg 0.4796878536112252 __DUMMY__ 0.040619078581230685	false	0.5
inkorrekt	neg 1.0		neg 0.4854303572570728 off 0.47440054647105756 __DUMMY__ 0.040169096271869674	false	1.0
vermeiden	neg 1.0	neg 1.0	neg 0.7358387807923864 off 0.24444778680101745 __DUMMY__ 0.019713432406596128	false	1.0
abweichung	neg 1.0		neg 0.49556096314658793 off 0.4635459183065589 __DUMMY__ 0.0408931185468532	false	1.0
alkoholisiert	neg 1.0		neg 0.49473788854406364 off 0.4641925635329037 __DUMMY__ 0.04106954792303266	false	1.0
scheiss	off 1.0	off 1.0	off 0.7216156930095259 neg 0.2591768784308636 __DUMMY__ 0.019207428559610495	false	1.0
herausforderung	neg 1.0		neg 0.49636329757190545 off 0.46263414231051 __DUMMY__ 0.04100256011758457	false	1.0
pervers	off 1.0		off 0.4823092284603282 neg 0.4778817031202695 __DUMMY__ 0.03980906841940225	false	1.0
wackelig	neg 1.0		neg 0.4909633284878804 off 0.46793508808374484 __DUMMY__ 0.04110158342837494	false	1.0
verwickeln	neg 1.0		neg 0.4910435930876389 off 0.4684729371568272 __DUMMY__ 0.040483469755533845	false	1.0
vorwand	neg 1.0		neg 0.4980642472962164 off 0.46101954655676686 __DUMMY__ 0.040916206147016895	false	1.0
muschi	off 1.0		neg 0.49276814934914026 off 0.46644865024581383 __DUMMY__ 0.04078320040504585	false	0.5
entmutigung	neg 1.0		neg 0.49210454415544785 off 0.4673141082303885 __DUMMY__ 0.04058134761416379	false	1.0
unangemessen	neg 1.0		neg 0.49554316037425117 off 0.4638283088020468 __DUMMY__ 0.04062853082370203	false	1.0
unstetig	neg 1.0		neg 0.48865829556342305 off 0.4706707967154727 __DUMMY__ 0.04067090772110443	false	1.0
entmutigen	neg 1.0		neg 0.49125087383931426 off 0.4680710476068304 __DUMMY__ 0.040678078553855315	false	1.0
schwanz	neg 1.0		neg 0.4954436662209056 off 0.4636903334154871 __DUMMY__ 0.0408660003636072	false	1.0
verbot	neg 1.0		neg 0.49623161609330513 off 0.4630241191304574 __DUMMY__ 0.04074426477623755	false	1.0
leid	neg 1.0		neg 0.48222264655740904 off 0.4776412640626414 __DUMMY__ 0.0401360893799496	false	1.0
archaisch	neg 1.0		neg 0.49408834270110735 off 0.46518091534927114 __DUMMY__ 0.040730741949621514	false	1.0
gegen			neg 0.49886900491017283 off 0.46005116330740214 __DUMMY__ 0.04107983178242501	false	0.0
scheidung	neg 1.0		off 0.48917483975859877 neg 0.47090639158826025 __DUMMY__ 0.03991876865314097	false	0.5
einschlag	neg 1.0		neg 0.48425962243941695 off 0.47539154754717616 __DUMMY__ 0.04034883001340687	false	1.0
m			neg 0.4933384572659357 off 0.4657273005012617 __DUMMY__ 0.0409342422328026	false	0.0
abgestanden	neg 1.0		neg 0.4924760033024429 off 0.46694855940462054 __DUMMY__ 0.04057543729293664	false	1.0
schmierig	off 1.0		neg 0.48219837372463176 off 0.4775564673702687 __DUMMY__ 0.04024515890509952	false	0.5
unpraktisch	neg 1.0		neg 0.48990312641408756 off 0.46939105879657306 __DUMMY__ 0.04070581478933951	false	1.0
wixxer	off 1.0		off 0.4811569171709083 neg 0.47918181821341677 __DUMMY__ 0.039661264615674936	false	1.0
bezeichnet			neg 0.49407524816144743 off 0.46538913651091485 __DUMMY__ 0.040535615327637824	false	0.0
jammerlappen	off 1.0		neg 0.48653190285765535 off 0.47290246109110984 __DUMMY__ 0.04056563605123472	false	0.5
farce	neg 1.0		neg 0.49612760676571727 off 0.4632566099481214 __DUMMY__ 0.04061578328616131	false	1.0
zwecklos	neg 1.0		neg 0.495501938444923 off 0.4638154551909017 __DUMMY__ 0.04068260636417535	false	1.0
turbulent	neg 1.0		neg 0.4882189900231271 off 0.4715827656090646 __DUMMY__ 0.0401982443678085	false	1.0
invasion	neg 1.0		neg 0.49018436275118327 off 0.46918689874595454 __DUMMY__ 0.04062873850286209	false	1.0
schuld	neg 1.0		neg 0.4923062611705302 off 0.4671351296371556 __DUMMY__ 0.04055860919231413	false	1.0
risiko	neg 1.0	neg 1.0	neg 0.7306710319974531 off 0.2498753581308106 __DUMMY__ 0.01945360987173626	false	1.0
finster	neg 1.0		neg 0.49195367575265087 off 0.4675162708918551 __DUMMY__ 0.04053005335549407	false	1.0
geisteskrank	off 1.0		neg 0.48783699049613677 off 0.4719713437546792 __DUMMY__ 0.04019166574918402	false	0.5
zusammenbrechen	neg 1.0		neg 0.49390647527088694 off 0.46527949455673195 __DUMMY__ 0.04081403017238107	false	1.0
ausbeute	neg 1.0		neg 0.4891066263971875 off 0.4694232303033755 __DUMMY__ 0.041470143299437046	false	1.0
hinterhalt	neg 1.0		neg 0.49025299647099574 off 0.4686120679662033 __DUMMY__ 0.041134935562801	false	1.0
kritik	neg 1.0		neg 0.49663026798970633 off 0.46277292311099366 __DUMMY__ 0.04059680889930006	false	1.0
einschrumpfen	neg 1.0		neg 0.48948562448503047 off 0.470096984895412 __DUMMY__ 0.040417390619557444	false	1.0
riskant	neg 1.0		neg 0.4974618993141101 off 0.4617162858254953 __DUMMY__ 0.04082181486039451	false	1.0
frustrieren	neg 1.0		neg 0.4960315494452396 off 0.46313542304994293 __DUMMY__ 0.04083302750481745	false	1.0
groll	neg 1.0		neg 0.4961909516996764 off 0.4631268377976303 __DUMMY__ 0.040682210502693335	false	1.0
gibt			neg 0.49324887812002083 off 0.4658848994572844 __DUMMY__ 0.0408662224226948	false	0.0
qualvoll	neg 1.0		neg 0.48896090901437456 off 0.4704496262906036 __DUMMY__ 0.040589464695021824	false	1.0
wackeln	neg 1.0		neg 0.48978699585815044 off 0.4693838679831289 __DUMMY__ 0.04082913615872066	false	1.0
klagen	neg 1.0		neg 0.49976940788523316 off 0.459248535422317 __DUMMY__ 0.04098205669244979	false	1.0
bankrott	neg 1.0		neg 0.48639940602315446 off 0.47294212377404543 __DUMMY__ 0.04065847020280003	false	1.0
trauern	neg 1.0		neg 0.4952944531977468 off 0.4637264004859247 __DUMMY__ 0.04097914631632859	false	1.0
ablehnung	neg 1.0		neg 0.49630536380459245 off 0.4630329886128827 __DUMMY__ 0.04066164758252489	false	1.0
stur	neg 1.0		neg 0.4917599888552531 off 0.46765838593866366 __DUMMY__ 0.04058162520608322	false	1.0
aufruhr	neg 1.0		neg 0.49386574352756757 off 0.4654067815316524 __DUMMY__ 0.040727474940780085	false	1.0
melancholie	neg 1.0		neg 0.49554572343037945 off 0.4636329002389056 __DUMMY__ 0.040821376330714906	false	1.0
ist			neg 0.4898604058899987 off 0.46947269767549854 __DUMMY__ 0.04066689643450274	false	0.0
torheit	neg 1.0		neg 0.49232408983779574 off 0.46700646109832283 __DUMMY__ 0.04066944906388138	false	1.0
dreckskind	off 1.0		neg 0.48376554109401804 off 0.47636837006313304 __DUMMY__ 0.03986608884284891	false	0.5
umtauschen	neg 1.0		neg 0.49157553684341465 off 0.4676245938240822 __DUMMY__ 0.040799869332502986	false	1.0
zum			neg 0.497277463731957 off 0.46120855001770417 __DUMMY__ 0.041513986250338725	false	0.0
zersetzen	neg 1.0		neg 0.4988292205649945 off 0.4603651334487965 __DUMMY__ 0.04080564598620894	false	1.0
zur			neg 0.4997988646264654 off 0.4588279200262606 __DUMMY__ 0.041373215347274034	false	0.0
frust	neg 1.0		neg 0.49381623960117466 off 0.4653549161539521 __DUMMY__ 0.04082884424487328	false	1.0
unerbittlichkeit	neg 1.0		neg 0.49819256115368477 off 0.46093598230741634 __DUMMY__ 0.0408714565388989	false	1.0
zwei			neg 0.49654500257366885 off 0.46202507339135956 __DUMMY__ 0.041429924034971706	false	0.0
unkorrekt	neg 1.0		neg 0.4839958942564836 off 0.4756587058930328 __DUMMY__ 0.04034539985048368	false	1.0
hexe	off 1.0		neg 0.49068107283283646 off 0.4691920464603909 __DUMMY__ 0.04012688070677272	false	0.5
lasch	neg 1.0		neg 0.48992184470939915 off 0.46969365170696686 __DUMMY__ 0.040384503583633824	false	1.0
rivale	neg 1.0		neg 0.48576236450591337 off 0.47393006995114506 __DUMMY__ 0.04030756554294159	false	1.0
mutlos	off 1.0	off 1.0	off 0.7155013634215236 neg 0.2650963951130505 __DUMMY__ 0.01940224146542585	false	1.0
wirr	off 1.0		neg 0.48531986999588367 off 0.47456764786869593 __DUMMY__ 0.04011248213542039	false	0.5
jahr			neg 0.49148552398641926 off 0.4669584266949472 __DUMMY__ 0.041556049318633465	false	0.0
wird			neg 0.49508319602344714 off 0.4640703935922926 __DUMMY__ 0.04084641038426031	false	0.0
strafbar	neg 1.0		neg 0.4964312976163617 off 0.46271167153454723 __DUMMY__ 0.04085703084909096	false	1.0
erosion	neg 1.0		neg 0.4904832687851578 off 0.468643318645943 __DUMMY__ 0.04087341256889919	false	1.0
eingehen	neg 1.0		neg 0.4967430543268216 off 0.4624574258646165 __DUMMY__ 0.040799519808561925	false	1.0
faul	off 1.0		neg 0.486873891621079 off 0.47251553426042037 __DUMMY__ 0.04061057411850052	false	0.5
provisorium	neg 1.0		neg 0.49967901679562626 off 0.4586703461456632 __DUMMY__ 0.04165063705871052	false	1.0
schmerzen	neg 1.0		neg 0.4943195316050336 off 0.465040510504283 __DUMMY__ 0.04063995789068341	false	1.0
schrumpfen	neg 1.0		neg 0.5023069704791211 off 0.45660373322416237 __DUMMY__ 0.04108929629671663	false	1.0
geistlos	off 1.0		neg 0.49204462534191495 off 0.4676055787313441 __DUMMY__ 0.04034979592674077	false	0.5
fehlkauf	neg 1.0		neg 0.4904007936351444 off 0.4689607425849696 __DUMMY__ 0.04063846377988591	false	1.0
frustrierend	neg 1.0		neg 0.48775751616455976 off 0.47165971260369405 __DUMMY__ 0.04058277123174622	false	1.0
unzufrieden	neg 1.0		neg 0.49558525393316594 off 0.4636990924686789 __DUMMY__ 0.040715653598155155	false	1.0
verzweifeln	neg 1.0		neg 0.49332198225546586 off 0.46592975484200605 __DUMMY__ 0.04074826290252821	false	1.0
verzweifelt	neg 1.0	neg 1.0	neg 0.7324127236857123 off 0.2483279312401907 __DUMMY__ 0.019259345074096955	false	1.0
misstrauensantrag	neg 1.0		neg 0.4898564023321061 off 0.46951217457539296 __DUMMY__ 0.040631423092500896	false	1.0
abfallen	neg 1.0		neg 0.4897519625749387 off 0.46943229031546935 __DUMMY__ 0.04081574710959193	false	1.0
fucker	off 1.0		neg 0.4840853934255758 off 0.4755073033357361 __DUMMY__ 0.04040730323868796	false	0.5
ungezogen	neg 1.0		off 0.48149268744381163 neg 0.47864485259187944 __DUMMY__ 0.03986245996430876	false	0.5
irrsinnig	neg 1.0	neg 1.0	neg 0.7319923214808802 off 0.24870702268687953 __DUMMY__ 0.019300655832240277	false	1.0
unfassbar	neg 1.0		neg 0.48538129725722673 off 0.4741097363384723 __DUMMY__ 0.04050896640430092	false	1.0
hart	neg 1.0		neg 0.48714481384755726 off 0.47245564724251654 __DUMMY__ 0.04039953890992619	false	1.0
widerlich	off 1.0		neg 0.48668223279923206 off 0.4730199552604566 __DUMMY__ 0.04029781194031133	false	0.5
fatal	neg 1.0		neg 0.4899004092993234 off 0.46948168207360563 __DUMMY__ 0.04061790862707093	false	1.0
bruch	neg 1.0		neg 0.49905039767223575 off 0.45994721284035556 __DUMMY__ 0.041002389487408614	false	1.0
aushungern	neg 1.0		neg 0.4943552119204873 off 0.4648410946843043 __DUMMY__ 0.04080369339520835	false	1.0
anspannung	neg 1.0		neg 0.4992940031420743 off 0.4593753466650516 __DUMMY__ 0.041330650192874095	false	1.0
von			neg 0.49060262273831684 off 0.4677556427822568 __DUMMY__ 0.04164173447942647	false	0.0
kraftlos	neg 1.0		neg 0.4939737645220483 off 0.4651505448787546 __DUMMY__ 0.04087569059919719	false	1.0
vom			neg 0.49860303370886305 off 0.459709707620553 __DUMMY__ 0.04168725867058395	false	0.0
grenzdebil	off 1.0		neg 0.4850032593435198 off 0.47450115686049454 __DUMMY__ 0.0404955837959857	false	0.5
vor			neg 0.4965789476028935 off 0.4622767543268875 __DUMMY__ 0.04114429807021906	false	0.0
unterwerfen	neg 1.0		neg 0.49635912586322634 off 0.4628168773818607 __DUMMY__ 0.04082399675491296	false	1.0
versenkung	neg 1.0		neg 0.4942431301475817 off 0.46474491976052246 __DUMMY__ 0.04101195009189599	false	1.0
entziehen	neg 1.0		neg 0.49863701300714725 off 0.4603471373488363 __DUMMY__ 0.041015849644016354	false	1.0
finanzkrise	neg 1.0		neg 0.4961344545715676 off 0.4633510268034225 __DUMMY__ 0.04051451862500997	false	1.0
schimpfend	neg 1.0		neg 0.49013987893228556 off 0.4692420160253189 __DUMMY__ 0.040618105042395554	false	1.0
profan	neg 1.0		neg 0.48991524767968614 off 0.469540512536096 __DUMMY__ 0.040544239784217735	false	1.0
korruption	neg 1.0		neg 0.4969088936857008 off 0.46237829505455724 __DUMMY__ 0.040712811259741924	false	1.0
â			neg 0.49358848997408183 off 0.4654284803815057 __DUMMY__ 0.04098302964441231	false	0.0
schmutzig	neg 1.0		neg 0.48445875798864524 off 0.4750504969709317 __DUMMY__ 0.04049074504042314	false	1.0
sexy	neg 1.0		neg 0.48753664651255857 off 0.4718113704496165 __DUMMY__ 0.04065198303782496	false	1.0
abraten	neg 1.0		neg 0.4889001136172731 off 0.4703739213565479 __DUMMY__ 0.040725965026179124	false	1.0
schwarz	neg 1.0		neg 0.4907872333909582 off 0.46858386465306445 __DUMMY__ 0.040628901955977396	false	1.0
fotze	off 1.0	off 1.0	off 0.7175862380257659 neg 0.26294384843914687 __DUMMY__ 0.01946991353508721	false	1.0
verwirren	neg 1.0		neg 0.48908744588748515 off 0.4703453093023398 __DUMMY__ 0.04056724481017509	false	1.0
zahnlos	off 1.0		neg 0.49449327843733404 off 0.46479260345591517 __DUMMY__ 0.04071411810675093	false	0.5
verheeren	neg 1.0		off 0.4829506949783419 neg 0.47720094002824326 __DUMMY__ 0.039848364993414674	false	0.5
hippie	neg 1.0		neg 0.48815365025608576 off 0.47120101857849594 __DUMMY__ 0.04064533116541823	false	1.0
rammen	neg 1.0		neg 0.4940117280596456 off 0.4656529316568671 __DUMMY__ 0.04033534028348716	false	1.0
unlauter	neg 1.0		neg 0.4932226751620581 off 0.46629471278842954 __DUMMY__ 0.040482612049512326	false	1.0
unheilvoll	neg 1.0		neg 0.49055605313955913 off 0.468838499248099 __DUMMY__ 0.04060544761234178	false	1.0
niedrig	neg 1.0		neg 0.4984267808959272 off 0.46081168582716525 __DUMMY__ 0.04076153327690762	false	1.0
explosion	neg 1.0		neg 0.48900662662591043 off 0.47036801220172725 __DUMMY__ 0.0406253611723624	false	1.0
weichei	off 1.0	off 1.0	off 0.7242049988329727 neg 0.2567609865564645 __DUMMY__ 0.019034014610562755	false	1.0
minusmensch	off 1.0		neg 0.48304621668199776 off 0.4773077257948224 __DUMMY__ 0.03964605752317991	false	0.5
farblos	neg 1.0		neg 0.4921759647830804 off 0.46706874035633955 __DUMMY__ 0.04075529486058005	false	1.0
unwissend	neg 1.0	neg 1.0	neg 0.7296490061278148 off 0.25112522405245397 __DUMMY__ 0.019225769819731172	false	1.0
traurig	neg 1.0		neg 0.4827683798160665 off 0.4768154972176026 __DUMMY__ 0.040416122966330764	false	1.0
senkung	neg 1.0		neg 0.49135657093785723 off 0.4682295665869238 __DUMMY__ 0.04041386247521893	false	1.0
ungleich	neg 1.0	neg 1.0	neg 0.7350111696933268 off 0.24553992719051365 __DUMMY__ 0.019448903116159644	false	1.0
heikel	neg 1.0		neg 0.49727557126552596 off 0.46188445238106196 __DUMMY__ 0.04083997635341209	false	1.0
drosselung	neg 1.0		neg 0.4862589347696983 off 0.47334657221726556 __DUMMY__ 0.0403944930130361	false	1.0
falsch	neg 1.0		neg 0.4880483748089066 off 0.47142853308487515 __DUMMY__ 0.04052309210621821	false	1.0
unzufriedenheit	neg 1.0		neg 0.4984688798357982 off 0.460593647145458 __DUMMY__ 0.040937473018743925	false	1.0
kurz	neg 1.0		neg 0.4910325800922893 off 0.4679434920725425 __DUMMY__ 0.04102392783516833	false	1.0
unsinnig	neg 1.0		neg 0.4943699717462395 off 0.46494160884295305 __DUMMY__ 0.04068841941080749	false	1.0
penner	off 1.0	off 1.0	off 0.725059933993951 neg 0.255933728816182 __DUMMY__ 0.019006337189867103	false	1.0
seicht	neg 1.0		off 0.48081627319875697 neg 0.4793143744717151 __DUMMY__ 0.03986935232952806	false	0.5
dummheit	off 1.0	off 1.0	off 0.7193702749324625 neg 0.26141899168495086 __DUMMY__ 0.019210733382586633	false	1.0
unerfreulich	neg 1.0		neg 0.4969636885561488 off 0.4620582784281092 __DUMMY__ 0.04097803301574211	false	1.0
motherfucker	off 1.0	off 1.0	off 0.7224436586206343 neg 0.258357210011583 __DUMMY__ 0.01919913136778262	false	1.0
pikiert	neg 1.0		neg 0.4877471511351706 off 0.47194425146065044 __DUMMY__ 0.04030859740417905	false	1.0
wrack	neg 1.0		neg 0.49345985423592365 off 0.4656415962962017 __DUMMY__ 0.04089854946787465	false	1.0
gangster	neg 1.0		neg 0.488273667239477 off 0.4711005787305523 __DUMMY__ 0.040625754029970575	false	1.0
krank	neg 1.0		neg 0.48449390768929257 off 0.47497008065010704 __DUMMY__ 0.040536011660600425	false	1.0
reich	neg 1.0		neg 0.48608322821603583 off 0.4733576410108624 __DUMMY__ 0.04055913077310181	false	1.0
gnadenlos	neg 1.0		neg 0.4921021870844616 off 0.46732677667124 __DUMMY__ 0.04057103624429844	false	1.0
niedergeschlagen	neg 1.0		neg 0.4928104798108101 off 0.4663409439955491 __DUMMY__ 0.04084857619364087	false	1.0
terrorisieren	off 1.0	off 1.0	off 0.716526825720547 neg 0.26398355811500424 __DUMMY__ 0.019489616164448793	false	1.0
sinnlosigkeit	neg 1.0		neg 0.49483745907660376 off 0.4644164682629388 __DUMMY__ 0.04074607266045746	false	1.0
behindern	neg 1.0		neg 0.4927944786161175 off 0.46644279218353607 __DUMMY__ 0.04076272920034651	false	1.0
undemokratisch	neg 1.0		neg 0.4919689671602133 off 0.46740818319853794 __DUMMY__ 0.04062284964124866	false	1.0
wirtschaftskrise	neg 1.0		neg 0.4977857653306264 off 0.4615603377107043 __DUMMY__ 0.04065389695866939	false	1.0
neid	neg 1.0		neg 0.4857711749439284 off 0.47348306556046343 __DUMMY__ 0.040745759495608054	false	1.0
rutschen	neg 1.0		neg 0.49698906111912 off 0.46160225709080127 __DUMMY__ 0.04140868179007879	false	1.0
rezession	neg 1.0		neg 0.4883349456117866 off 0.47180276779154373 __DUMMY__ 0.03986228659666951	false	1.0
fehlgeburt	neg 1.0		neg 0.4888619385689326 off 0.47036885032894643 __DUMMY__ 0.04076921110212093	false	1.0
charakterschwach	off 1.0		neg 0.4868104589949968 off 0.4728757716876179 __DUMMY__ 0.040313769317385284	false	0.5
isolation	neg 1.0		neg 0.4879514992386848 off 0.4714477782712622 __DUMMY__ 0.040600722490052955	false	1.0
ablenkung	neg 1.0		neg 0.4907268112317593 off 0.46843605129488713 __DUMMY__ 0.04083713747335355	false	1.0
pech	neg 1.0		neg 0.487762246699338 off 0.4716546625200821 __DUMMY__ 0.04058309078057996	false	1.0
vermeidung	neg 1.0		neg 0.485731663506579 off 0.47384002826979205 __DUMMY__ 0.04042830822362895	false	1.0
dominieren	neg 1.0		neg 0.49663235917651144 off 0.46253919871119514 __DUMMY__ 0.040828442112293487	false	1.0
schwindlig	neg 1.0		neg 0.48846416431818335 off 0.4708013496326319 __DUMMY__ 0.04073448604918477	false	1.0
lutscher	neg 1.0	neg 1.0	neg 0.7247215262074678 off 0.256332603080166 __DUMMY__ 0.018945870712366242	false	1.0
pflicht	neg 1.0		neg 0.4983566922410186 off 0.4607414356197305 __DUMMY__ 0.04090187213925095	false	1.0
faschist	off 1.0		neg 0.4890380311153547 off 0.47040488462395236 __DUMMY__ 0.04055708426069307	false	0.5
verschleudern	neg 1.0		neg 0.4978840758705594 off 0.46131297976178304 __DUMMY__ 0.04080294436765752	false	1.0
wenn			neg 0.4879928476277401 off 0.4714926292646608 __DUMMY__ 0.040514523107599176	false	0.0
ehebruch	neg 1.0		neg 0.4959286478847014 off 0.46326501094824674 __DUMMY__ 0.04080634116705188	false	1.0
spott	off 1.0		neg 0.4970231452107626 off 0.4622065234006915 __DUMMY__ 0.040770331388546036	false	0.5
trostlosigkeit	neg 1.0		neg 0.49845583669736193 off 0.4605703320675973 __DUMMY__ 0.04097383123504077	false	1.0
lutschen	neg 1.0		neg 0.49007329531055677 off 0.4695287998120741 __DUMMY__ 0.040397904877368974	false	1.0
undiszipliniert	neg 1.0		neg 0.48419803881474616 off 0.4754524216478884 __DUMMY__ 0.040349539537365364	false	1.0
kopfschmerz	neg 1.0		neg 0.4959061195194395 off 0.4634630912513114 __DUMMY__ 0.04063078922924904	false	1.0
unvorhergesehen	neg 1.0		neg 0.4935251998688765 off 0.4652581624753856 __DUMMY__ 0.04121663765573775	false	1.0
desinteressiert	neg 1.0	neg 1.0	neg 0.7284185813555599 off 0.2524093471274526 __DUMMY__ 0.019172071516987424	false	1.0
armselig	off 1.0		neg 0.48528711469193747 off 0.4745466657386019 __DUMMY__ 0.040166219569460634	false	0.5
desaster	neg 1.0		neg 0.49982257791688667 off 0.45916625244713455 __DUMMY__ 0.04101116963597879	false	1.0
tod	neg 1.0		neg 0.4938094731203676 off 0.4652267323964584 __DUMMY__ 0.04096379448317396	false	1.0
herzlos	neg 1.0		neg 0.48428015999230073 off 0.47545306689143396 __DUMMY__ 0.040266773116265336	false	1.0
unwissenheit	neg 1.0		neg 0.4956626695977428 off 0.4636214755249148 __DUMMY__ 0.04071585487734239	false	1.0
widersinnig	neg 1.0		neg 0.4972139577560059 off 0.4622252075921446 __DUMMY__ 0.040560834651849474	false	1.0
bedenklich	neg 1.0		neg 0.49634846425251394 off 0.4628811356158669 __DUMMY__ 0.04077040013161915	false	1.0
beanstanden	neg 1.0		neg 0.4983183801526725 off 0.46072946362723727 __DUMMY__ 0.04095215622009029	false	1.0
panisch	neg 1.0	neg 1.0	neg 0.729579813321314 off 0.25097977362606555 __DUMMY__ 0.019440413052620533	false	1.0
debil	off 1.0		neg 0.5017212492283225 off 0.45692308262846676 __DUMMY__ 0.041355668143210886	false	0.5
abstrich	neg 1.0		neg 0.48939016807032726 off 0.46952294029679265 __DUMMY__ 0.04108689163288008	false	1.0
primitiv	neg 1.0		neg 0.4865482256457802 off 0.4731680773267802 __DUMMY__ 0.040283697027439606	false	1.0
abschaum	off 1.0	off 1.0	off 0.7211172043451911 neg 0.25967709738849415 __DUMMY__ 0.019205698266314606	false	1.0
provozieren	neg 1.0		neg 0.4930292166377617 off 0.4664666687441552 __DUMMY__ 0.04050411461808295	false	1.0
tot	neg 1.0		neg 0.49480132492695034 off 0.4643924707325384 __DUMMY__ 0.040806204340511285	false	1.0
instabil	neg 1.0		neg 0.48580550126212496 off 0.47399991880199605 __DUMMY__ 0.04019457993587888	false	1.0
schwuchtel	off 1.0	off 1.0	off 0.7272704005517704 neg 0.25395641731316465 __DUMMY__ 0.01877318213506487	false	1.0
zerren	neg 1.0		neg 0.4939334737059234 off 0.4652426967271049 __DUMMY__ 0.04082382956697183	false	1.0
kinderficker	off 1.0		neg 0.4812608298462772 off 0.47854802232084226 __DUMMY__ 0.040191147832880594	false	0.5
gefahr	neg 1.0		neg 0.4975842432585746 off 0.46137116130252886 __DUMMY__ 0.04104459543889646	false	1.0
rabiat	neg 1.0		neg 0.4918440297338413 off 0.4674276775242343 __DUMMY__ 0.04072829274192438	false	1.0
verlangsamung	neg 1.0		neg 0.48335058734265 off 0.47686503185500395 __DUMMY__ 0.03978438080234615	false	1.0
ausgestorben	neg 1.0		neg 0.49153581935018664 off 0.4676631303237271 __DUMMY__ 0.04080105032608637	false	1.0
anklagen	neg 1.0		neg 0.49591189355501875 off 0.46331570943698913 __DUMMY__ 0.040772397007992164	false	1.0
trott	neg 1.0		neg 0.4922174183025085 off 0.46701095974968654 __DUMMY__ 0.04077162194780494	false	1.0
verminderung	neg 1.0		neg 0.4855016303400304 off 0.47410418118268133 __DUMMY__ 0.04039418847728829	false	1.0
nach			neg 0.4976591317366665 off 0.4608343446879103 __DUMMY__ 0.04150652357542314	false	0.0
rost	neg 1.0		neg 0.4813992721762637 off 0.4784847957767023 __DUMMY__ 0.04011593204703392	false	1.0
destruktiv	neg 1.0		neg 0.49337284917197705 off 0.46599519235322123 __DUMMY__ 0.040631958474801826	false	1.0
unzumutbarkeit	neg 1.0		neg 0.4859167057004269 off 0.47354676053562494 __DUMMY__ 0.04053653376394826	false	1.0
labil	off 1.0	off 1.0	off 0.7209149825061709 neg 0.25983597761935434 __DUMMY__ 0.019249039874474672	false	1.0
ziemlich	neg 1.0		neg 0.48468438314435686 off 0.47472546153458184 __DUMMY__ 0.04059015532106133	false	1.0
lachnummer	off 1.0		neg 0.49302382230489017 off 0.4663929855371112 __DUMMY__ 0.040583192157998674	false	0.5
oder			neg 0.4899071801868561 off 0.46928760144214554 __DUMMY__ 0.040805218370998396	false	0.0
verfall	neg 1.0		neg 0.5015831092882049 off 0.4572663931239953 __DUMMY__ 0.04115049758779977	false	1.0
ausgrenzung	neg 1.0		neg 0.49140164488152716 off 0.46800341560920256 __DUMMY__ 0.04059493950927023	false	1.0
unordnung	neg 1.0		neg 0.4823276414899273 off 0.4771341458138399 __DUMMY__ 0.04053821269623275	false	1.0
fehlverhalten	neg 1.0		neg 0.4988659295667825 off 0.4603605384782132 __DUMMY__ 0.04077353195500431	false	1.0
eine			neg 0.4960227682586814 off 0.4628674976508561 __DUMMY__ 0.041109734090462396	false	0.0
nille	neg 1.0		neg 0.4919858257334969 off 0.4672033431355209 __DUMMY__ 0.040810831130982224	false	1.0
qual	neg 1.0		neg 0.4925180013246049 off 0.4666841985631086 __DUMMY__ 0.040797800112286495	false	1.0
verschwenden	neg 1.0		neg 0.49708153827044327 off 0.4621389642526974 __DUMMY__ 0.04077949747685938	false	1.0
riesig	neg 1.0		neg 0.49453500916699866 off 0.46451049280430795 __DUMMY__ 0.040954498028693456	false	1.0
verurteilen	neg 1.0		neg 0.49689670287143733 off 0.46248524214145825 __DUMMY__ 0.04061805498710423	false	1.0
klischee	neg 1.0	neg 1.0	neg 0.7307809379605851 off 0.2499971814662977 __DUMMY__ 0.01922188057311721	false	1.0
diktatorisch	neg 1.0		neg 0.4922578802543035 off 0.4671707024945215 __DUMMY__ 0.04057141725117499	false	1.0
vorhersehbar	neg 1.0		neg 0.49042533802429145 off 0.46914554844171524 __DUMMY__ 0.04042911353399321	false	1.0
sowie			neg 0.48383489065352686 off 0.4761308455043452 __DUMMY__ 0.04003426384212805	false	0.0
stornieren	neg 1.0		neg 0.48613471762197247 off 0.47284931482936515 __DUMMY__ 0.041015967548662415	false	1.0
besteuerung	neg 1.0		neg 0.494351867327405 off 0.4652301541055162 __DUMMY__ 0.040417978567078745	false	1.0
ungeschminkt	neg 1.0		neg 0.48853293399888376 off 0.4713401932869509 __DUMMY__ 0.040126872714165485	false	1.0
kritisch	neg 1.0		neg 0.4962912325377578 off 0.46289359186723283 __DUMMY__ 0.04081517559500932	false	1.0
schlamperei	off 1.0		neg 0.49664585079266726 off 0.46239028499165324 __DUMMY__ 0.04096386421567933	false	0.5
sucht	neg 1.0	neg 1.0	neg 0.7292545740095725 off 0.2511368644811715 __DUMMY__ 0.01960856150925592	false	1.0
egoistisch	off 1.0		neg 0.4821944002589977 off 0.47773803246453717 __DUMMY__ 0.04006756727646499	false	0.5
ausbeuter	off 1.0		neg 0.4995518672264618 off 0.4597395876127949 __DUMMY__ 0.04070854516074331	false	0.5
arschgeburt	off 1.0		off 0.4825466122633161 neg 0.4779949109976224 __DUMMY__ 0.039458476739061554	false	1.0
schubs	neg 1.0		neg 0.49303421954673143 off 0.4660940312824033 __DUMMY__ 0.04087174917086528	false	1.0
unsolide	neg 1.0		neg 0.4926320403255882 off 0.46692847425280815 __DUMMY__ 0.04043948542160356	false	1.0
beschwerde	neg 1.0		neg 0.49752154294673806 off 0.46170373676837456 __DUMMY__ 0.040774720284887336	false	1.0
stocken	neg 1.0		neg 0.49683290143595116 off 0.46226867834995544 __DUMMY__ 0.04089842021409339	false	1.0
isolieren	neg 1.0		neg 0.4957891558261983 off 0.4634200012441665 __DUMMY__ 0.040790842929635224	false	1.0
unheilbar	neg 1.0		neg 0.4918684579466268 off 0.4674266969204022 __DUMMY__ 0.04070484513297092	false	1.0
pisser	off 1.0		neg 0.48644470251940203 off 0.4734293661971205 __DUMMY__ 0.04012593128347746	false	0.5
löschen	neg 1.0		neg 0.49194267112689866 off 0.4673005187093753 __DUMMY__ 0.04075681016372611	false	1.0
durchfallen	neg 1.0		neg 0.49652664282147063 off 0.4627767148321117 __DUMMY__ 0.04069664234641778	false	1.0
wichser	off 1.0	off 1.0	off 0.7266754667521195 neg 0.25439801456701033 __DUMMY__ 0.018926518680870297	false	1.0
terror	neg 1.0		neg 0.48821788069115496 off 0.47111631819468885 __DUMMY__ 0.040665801114156144	false	1.0
krass	neg 1.0		neg 0.4833352427393587 off 0.47641949828033336 __DUMMY__ 0.040245258980307994	false	1.0
revolte	neg 1.0		neg 0.49085627252578257 off 0.46856259325499633 __DUMMY__ 0.04058113421922106	false	1.0
besorgt	neg 1.0		neg 0.49092118611188074 off 0.46799938244507827 __DUMMY__ 0.041079431443041006	false	1.0
nachlassen	neg 1.0		neg 0.4959211149193317 off 0.4630980856903085 __DUMMY__ 0.04098079939035973	false	1.0
alt	neg 1.0		neg 0.4954621552673399 off 0.4638062241781348 __DUMMY__ 0.04073162055452545	false	1.0
hundesohn	off 1.0		off 0.480502059439047 neg 0.4797143011351852 __DUMMY__ 0.03978363942576778	false	1.0
als			neg 0.4932358399893126 off 0.46587184328551134 __DUMMY__ 0.040892316725176195	false	0.0
abschreckung	neg 1.0		neg 0.4988802471325536 off 0.46018763264510876 __DUMMY__ 0.040932120222337685	false	1.0
unqualifiziert	neg 1.0		neg 0.4897538327802594 off 0.4698667600578393 __DUMMY__ 0.0403794071619014	false	1.0
abgewichst	off 1.0		neg 0.492041217626815 off 0.4670716686504247 __DUMMY__ 0.04088711372276027	false	0.5
schwer	neg 1.0		neg 0.49298332007315515 off 0.46630871874621044 __DUMMY__ 0.040707961180634356	false	1.0
bedeutungslosigkeit	neg 1.0		neg 0.49784078568942486 off 0.4612705716916597 __DUMMY__ 0.04088864261891534	false	1.0
kapitulation	neg 1.0		neg 0.49639468376230705 off 0.4627516462124642 __DUMMY__ 0.04085367002522864	false	1.0
unscharf	neg 1.0		neg 0.49056286437450836 off 0.4689520069103724 __DUMMY__ 0.040485128715119154	false	1.0
schwinden	neg 1.0		neg 0.4984814425269092 off 0.4606486647582306 __DUMMY__ 0.04086989271486023	false	1.0
versklavung	neg 1.0		neg 0.4922295557222663 off 0.4671404274780887 __DUMMY__ 0.04063001679964507	false	1.0
schlecht	neg 1.0		neg 0.4847286382972245 off 0.4747017698907682 __DUMMY__ 0.04056959181200737	false	1.0
verhasst	neg 1.0		neg 0.4932792975336217 off 0.4663159549007013 __DUMMY__ 0.04040474756567701	false	1.0
beschweren	neg 1.0		neg 0.48992077204323076 off 0.46943392821903035 __DUMMY__ 0.04064529973773904	false	1.0
scheiden	neg 1.0		neg 0.490453209529281 off 0.46866859373921427 __DUMMY__ 0.04087819673150475	false	1.0
frustriert	neg 1.0		neg 0.49444074320986775 off 0.4648649954034168 __DUMMY__ 0.040694261386715426	false	1.0
schimmelig	neg 1.0		neg 0.4978956270290189 off 0.4615703764512772 __DUMMY__ 0.04053399651970388	false	1.0
fisch	neg 1.0		neg 0.4994062442244902 off 0.4598191909663368 __DUMMY__ 0.04077456480917308	false	1.0
schmuggel	neg 1.0		neg 0.49702527692634485 off 0.46207336169236557 __DUMMY__ 0.040901361381289594	false	1.0
auffallen	neg 1.0		neg 0.4889996540416966 off 0.47038024828590924 __DUMMY__ 0.040620097672394176	false	1.0
konkurrenz	neg 1.0		neg 0.4991275178562008 off 0.45991534790825883 __DUMMY__ 0.04095713423554029	false	1.0
teufelskreis	neg 1.0	neg 1.0	neg 0.733325037651618 off 0.24737864294064765 __DUMMY__ 0.019296319407734304	false	1.0
aufschreien	neg 1.0		neg 0.4903168030459219 off 0.4691968865125264 __DUMMY__ 0.04048631044155172	false	1.0
schuldner	neg 1.0		neg 0.5003330368300328 off 0.45894080423609057 __DUMMY__ 0.04072615893387648	false	1.0
missgeburt	off 1.0	off 1.0	off 0.723835087578303 neg 0.2572111030676476 __DUMMY__ 0.01895380935404946	false	1.0
arbeitslos	neg 1.0		neg 0.49593801935017906 off 0.4633541963545627 __DUMMY__ 0.040707784295258176	false	1.0
befallen	neg 1.0		neg 0.49629291713831014 off 0.46315020888559666 __DUMMY__ 0.04055687397609322	false	1.0
miesepetrig	off 1.0	off 1.0	off 0.7220092022884783 neg 0.2587144758055062 __DUMMY__ 0.019276321906015522	false	1.0
alarmieren	neg 1.0		neg 0.48961015367893057 off 0.4700269733698105 __DUMMY__ 0.040362872951258885	false	1.0
ungeduscht	off 1.0		neg 0.4893566565910157 off 0.4702876378104129 __DUMMY__ 0.04035570559857147	false	0.5
knappheit	neg 1.0		neg 0.4981122298671528 off 0.46130888638505796 __DUMMY__ 0.04057888374778928	false	1.0
schlange	neg 1.0		neg 0.48797206724654063 off 0.47113304515962245 __DUMMY__ 0.04089488759383686	false	1.0
harsch	neg 1.0		neg 0.4808388350588948 off 0.4787833333117126 __DUMMY__ 0.040377831629392624	false	1.0
lang	neg 1.0		neg 0.4907144538212807 off 0.468531366089563 __DUMMY__ 0.040754180089156315	false	1.0
ziellos	neg 1.0		neg 0.49404404744519476 off 0.46496973122466906 __DUMMY__ 0.04098622133013603	false	1.0
selbstverliebt	neg 1.0		off 0.48185802470976913 neg 0.47843497641309407 __DUMMY__ 0.03970699887713681	false	0.5
beseitigen	neg 1.0		neg 0.4936073579885144 off 0.46560175279320365 __DUMMY__ 0.04079088921828188	false	1.0
dumm	off 1.0		neg 0.48079929381064807 off 0.4790970863765874 __DUMMY__ 0.040103619812764585	false	0.5
arbeitsloser	neg 1.0		neg 0.49371934659080846 off 0.4653539248660145 __DUMMY__ 0.04092672854317699	false	1.0
blitzen	neg 1.0		neg 0.48822169270209437 off 0.47112870870310974 __DUMMY__ 0.04064959859479595	false	1.0
hilflos	neg 1.0		neg 0.49483038724109923 off 0.4644542425664533 __DUMMY__ 0.04071537019244754	false	1.0
eklig	off 1.0		neg 0.48233777819364454 off 0.4777897879331372 __DUMMY__ 0.0398724338732182	false	0.5
begriff			neg 0.4926471412165581 off 0.4665900444244392 __DUMMY__ 0.040762814359002766	false	0.0
hungersnot	neg 1.0		neg 0.49535950539975043 off 0.46386334719085737 __DUMMY__ 0.040777147409392124	false	1.0
ungesetzlich	neg 1.0		neg 0.49392187379318725 off 0.46562098930247053 __DUMMY__ 0.04045713690434235	false	1.0
verschwendung	neg 1.0		neg 0.49686224791766176 off 0.46226376342239545 __DUMMY__ 0.04087398865994275	false	1.0
schmerzvoll	neg 1.0		neg 0.4908106317153487 off 0.4685858027096921 __DUMMY__ 0.04060356557495912	false	1.0
vorzeitig	neg 1.0		neg 0.49038256277103787 off 0.4691159617702353 __DUMMY__ 0.040501475458726885	false	1.0
unvollkommenheit	neg 1.0		neg 0.4922286302010475 off 0.4666725021167042 __DUMMY__ 0.041098867682248415	false	1.0
intervenieren	neg 1.0		neg 0.49800376765663146 off 0.4611996403134446 __DUMMY__ 0.04079659202992392	false	1.0
banause	off 1.0		neg 0.48080371203766753 off 0.47952931708623237 __DUMMY__ 0.0396669708761002	false	0.5
rebell	neg 1.0		neg 0.5002165695084009 off 0.45874572971122035 __DUMMY__ 0.04103770078037892	false	1.0
unlogisch	neg 1.0		neg 0.48481268657610244 off 0.4749545026508183 __DUMMY__ 0.04023281077307932	false	1.0
leiden	neg 1.0		neg 0.4958260864057791 off 0.46308136959972646 __DUMMY__ 0.04109254399449443	false	1.0
abschaffung	neg 1.0		neg 0.4921047948478244 off 0.4672079615734773 __DUMMY__ 0.0406872435786983	false	1.0
sturz	neg 1.0		neg 0.49108186703444495 off 0.4680999496900971 __DUMMY__ 0.04081818327545781	false	1.0
verkleinerung	neg 1.0		neg 0.491101211591328 off 0.4684949488272741 __DUMMY__ 0.04040383958139794	false	1.0
schmarotzer	off 1.0		neg 0.4956866705577438 off 0.4636871643743636 __DUMMY__ 0.040626165067892704	false	0.5
bestrafung	neg 1.0		neg 0.49136929712957944 off 0.46797872542234553 __DUMMY__ 0.04065197744807505	false	1.0
achtlos	neg 1.0	neg 1.0	neg 0.7321686638802166 off 0.24840690017777098 __DUMMY__ 0.019424435942012427	false	1.0
ungeheuer	neg 1.0		neg 0.48914222576295147 off 0.4702021896657651 __DUMMY__ 0.040655584571283314	false	1.0
unaufrichtig	neg 1.0		neg 0.48668541029230095 off 0.4725048102379876 __DUMMY__ 0.04080977946971141	false	1.0
