unsolidarisch	neg 1.0		neg 0.3506718932178445 off 0.3289184370883817 __DUMMY__ 0.3204096696937737	false	1.0
nachteilig	neg 1.0		neg 0.3513092536573781 off 0.32542378591912674 __DUMMY__ 0.3232669604234951	false	1.0
skeptisch	neg 1.0		neg 0.3514683310713108 off 0.32493179170689057 __DUMMY__ 0.3235998772217987	false	1.0
schrecklich	neg 1.0		off 0.3413297026221074 neg 0.3395148197509919 __DUMMY__ 0.31915547762690066	false	0.5
schlapp	neg 1.0		neg 0.342260553637433 off 0.3370512186847409 __DUMMY__ 0.3206882276778261	false	1.0
abfall	neg 1.0		neg 0.3534265337405121 __DUMMY__ 0.325236179019425 off 0.3213372872400629	false	1.0
widerspenstig	neg 1.0		neg 0.34683307018852844 off 0.3309711188624757 __DUMMY__ 0.32219581094899585	false	1.0
abrupt	neg 1.0		neg 0.3498529451977893 off 0.32618177246301067 __DUMMY__ 0.3239652823392	false	1.0
unwirksam	neg 1.0		neg 0.3513762080493547 off 0.328651722360291 __DUMMY__ 0.31997206959035424	false	1.0
angreifen	neg 1.0		neg 0.35313703652861633 off 0.3240997954690207 __DUMMY__ 0.3227631680023629	false	1.0
inkonsistent	neg 1.0		neg 0.3492943013607961 off 0.33041804647694684 __DUMMY__ 0.3202876521622571	false	1.0
abrutschen	neg 1.0		neg 0.354420560667253 __DUMMY__ 0.32430149918313145 off 0.3212779401496156	false	1.0
unsicher	neg 1.0		neg 0.34560965534762034 off 0.3312432502274924 __DUMMY__ 0.32314709442488737	false	1.0
bauernkind	off 1.0	off 1.0	off 0.6569955103058192 neg 0.19231073992332584 __DUMMY__ 0.15069374977085492	false	1.0
angreifer	neg 1.0	neg 1.0	neg 0.6607396189050997 off 0.18397050378829194 __DUMMY__ 0.15528987730660826	false	1.0
trennen	neg 1.0		neg 0.3499822111827305 off 0.3252911953923907 __DUMMY__ 0.3247265934248787	false	1.0
schmutz	neg 1.0		neg 0.3436578524892779 off 0.3332975913391919 __DUMMY__ 0.3230445561715302	false	1.0
inkonsistenz	neg 1.0		neg 0.3472837467360526 off 0.33477215384177267 __DUMMY__ 0.3179440994221748	false	1.0
erschreckend	neg 1.0		neg 0.34889205327133893 off 0.3292765598371056 __DUMMY__ 0.3218313868915556	false	1.0
ertrinken	neg 1.0		neg 0.35229954283376724 off 0.32479243954338605 __DUMMY__ 0.3229080176228469	false	1.0
pickelface	off 1.0		neg 0.3479313366573973 off 0.3295259196420663 __DUMMY__ 0.3225427437005363	false	0.5
seiner			neg 0.35097734130852476 off 0.3253722384746203 __DUMMY__ 0.3236504202168548	false	0.0
lauch	neg 1.0		neg 0.35291295363390085 __DUMMY__ 0.3247850111944704 off 0.32230203517162886	false	1.0
unwichtig	neg 1.0		neg 0.34461354563929647 off 0.33564458877616865 __DUMMY__ 0.319741865584535	false	1.0
steuerhinterziehung	neg 1.0	neg 1.0	neg 0.6642646187612486 off 0.18059542805952905 __DUMMY__ 0.15513995317922236	false	1.0
schock	neg 1.0		neg 0.3479972364890248 off 0.32950910624463914 __DUMMY__ 0.32249365726633616	false	1.0
beule	neg 1.0		neg 0.3434444121148857 off 0.3372567313260756 __DUMMY__ 0.3192988565590386	false	1.0
vergelten	neg 1.0		off 0.3409199841513569 neg 0.3381694943859509 __DUMMY__ 0.3209105214626923	false	0.5
verdorbenheit	neg 1.0		neg 0.3431306024405459 off 0.3328995610532713 __DUMMY__ 0.3239698365061828	false	1.0
trauma	neg 1.0		neg 0.3466862670897097 off 0.3315517423313219 __DUMMY__ 0.3217619905789685	false	1.0
sinnlos	neg 1.0		neg 0.3454380487445688 off 0.33312463722813146 __DUMMY__ 0.3214373140272997	false	1.0
fettsack	off 1.0	off 1.0	off 0.6583467323422143 neg 0.19028037796911396 __DUMMY__ 0.15137288968867174	false	1.0
feige	off 1.0	off 1.0	off 0.6553076693897508 neg 0.1915157232494667 __DUMMY__ 0.15317660736078242	false	1.0
abdanken	neg 1.0		neg 0.34894467770312293 off 0.3292339249571513 __DUMMY__ 0.32182139733972576	false	1.0
wichtigtuer	off 1.0	off 1.0	off 0.6541277307034415 neg 0.19174487609028598 __DUMMY__ 0.1541273932062725	false	1.0
misslingen	neg 1.0		neg 0.3403118267788358 off 0.33402796493067427 __DUMMY__ 0.32566020829048997	false	1.0
untreu	off 1.0		neg 0.3437484042674526 off 0.336411136831148 __DUMMY__ 0.31984045890139945	false	0.5
missmutig	neg 1.0		neg 0.3431731885614908 off 0.33610527001435875 __DUMMY__ 0.3207215414241505	false	1.0
hurenbock	off 1.0		neg 0.3450086389647408 off 0.3330364179304055 __DUMMY__ 0.3219549431048536	false	0.5
betrunken	neg 1.0		neg 0.3413276655975394 off 0.3387712963753827 __DUMMY__ 0.3199010380270778	false	1.0
korrupt	off 1.0		neg 0.35323718924337233 off 0.32602778708565056 __DUMMY__ 0.3207350236709771	false	0.5
unmut	neg 1.0		neg 0.35338549115981355 __DUMMY__ 0.3248051230171318 off 0.32180938582305463	false	1.0
hackfresse	off 1.0		off 0.3446558148385582 neg 0.3383312036637023 __DUMMY__ 0.3170129814977395	false	1.0
aufblasen	neg 1.0		neg 0.34521277374177556 off 0.3329147400552872 __DUMMY__ 0.32187248620293724	false	1.0
gewaltsam	neg 1.0		neg 0.3485737429251075 off 0.3287870896998234 __DUMMY__ 0.322639167375069	false	1.0
unbeliebtheit	neg 1.0		neg 0.3479672687140221 off 0.33340198730634424 __DUMMY__ 0.31863074397963376	false	1.0
sturheit	neg 1.0		neg 0.35023943567301347 off 0.32817985584754533 __DUMMY__ 0.32158070847944126	false	1.0
kuh	neg 1.0		neg 0.35053311776380836 off 0.3311340198393805 __DUMMY__ 0.31833286239681124	false	1.0
erschrecken	neg 1.0		neg 0.3428726586113905 off 0.3359797333737834 __DUMMY__ 0.32114760801482617	false	1.0
opfer	neg 1.0		neg 0.3503388526425655 off 0.3264830563129298 __DUMMY__ 0.32317809104450484	false	1.0
sinken	neg 1.0		neg 0.3533263159440092 __DUMMY__ 0.32439426967729856 off 0.32227941437869223	false	1.0
stinktier	neg 1.0		neg 0.34645842487277384 off 0.33882362264703597 __DUMMY__ 0.31471795248019024	false	1.0
tucke	off 1.0		off 0.3446805610836028 neg 0.3402220118614555 __DUMMY__ 0.31509742705494176	false	1.0
ein			neg 0.3463003552039916 off 0.3318482621575625 __DUMMY__ 0.3218513826384459	false	0.0
abstieg	neg 1.0		neg 0.3521237648659737 off 0.3248249557062879 __DUMMY__ 0.32305127942773854	false	1.0
missverstehen	neg 1.0		neg 0.3467736930653846 off 0.3332098481254597 __DUMMY__ 0.32001645880915564	false	1.0
ergebnislos	neg 1.0		neg 0.3506206648495976 off 0.32529605741333223 __DUMMY__ 0.32408327773707013	false	1.0
unter			neg 0.35416248332227374 __DUMMY__ 0.32806580753405806 off 0.3177717091436682	false	0.0
manipulieren	neg 1.0		neg 0.35166489183640315 off 0.32450546770289607 __DUMMY__ 0.32382964046070084	false	1.0
unbewiesen	neg 1.0		neg 0.35159614582202436 off 0.32848720610476784 __DUMMY__ 0.3199166480732078	false	1.0
verschleppen	neg 1.0		neg 0.3515780598016422 off 0.32614947138381056 __DUMMY__ 0.32227246881454713	false	1.0
weib	off 1.0		off 0.3432890802146425 neg 0.342591279214864 __DUMMY__ 0.31411964057049346	false	1.0
opposition	neg 1.0		neg 0.34784528913684054 off 0.33154715092549913 __DUMMY__ 0.3206075599376604	false	1.0
verkehrswidrig	neg 1.0		off 0.34276340697577967 neg 0.3359421290311228 __DUMMY__ 0.32129446399309747	false	0.5
inkorrekt	neg 1.0		neg 0.34292270326573615 off 0.33924627171462196 __DUMMY__ 0.3178310250196417	false	1.0
vermeiden	neg 1.0	neg 1.0	neg 0.6647997427776082 off 0.1774807307627048 __DUMMY__ 0.15771952645968698	false	1.0
abweichung	neg 1.0		neg 0.3501226366872473 off 0.3265426831679369 __DUMMY__ 0.32333468014481576	false	1.0
alkoholisiert	neg 1.0		neg 0.3488045927073252 off 0.3264718757516024 __DUMMY__ 0.3247235315410724	false	1.0
scheiss	off 1.0	off 1.0	off 0.6562083954819143 neg 0.19004535054360228 __DUMMY__ 0.15374625397448338	false	1.0
herausforderung	neg 1.0		neg 0.35053344601745945 off 0.3252998247299421 __DUMMY__ 0.3241667292525983	false	1.0
pervers	off 1.0		off 0.34788390044739703 neg 0.33700229231000733 __DUMMY__ 0.3151138072425957	false	1.0
wackelig	neg 1.0		neg 0.34508972431731955 off 0.3300087742369576 __DUMMY__ 0.3249015014457229	false	1.0
verwickeln	neg 1.0		neg 0.3472460506392353 off 0.3325660367759885 __DUMMY__ 0.3201879125847762	false	1.0
vorwand	neg 1.0		neg 0.35245423412926924 off 0.324079986507975 __DUMMY__ 0.3234657793627558	false	1.0
muschi	off 1.0		neg 0.3478577244536937 off 0.3296665683676277 __DUMMY__ 0.3224757071786786	false	0.5
entmutigung	neg 1.0		neg 0.34785204621720606 off 0.3311820096709468 __DUMMY__ 0.32096594411184703	false	1.0
unangemessen	neg 1.0		neg 0.35103156898613636 off 0.3276861572836567 __DUMMY__ 0.32128227373020696	false	1.0
unstetig	neg 1.0		neg 0.3443235363076458 off 0.3339854425154365 __DUMMY__ 0.3216910211769179	false	1.0
entmutigen	neg 1.0		neg 0.3467812405810001 off 0.3315380947238495 __DUMMY__ 0.3216806646951504	false	1.0
schwanz	neg 1.0		neg 0.35015157239657696 off 0.3267280010395908 __DUMMY__ 0.32312042656383216	false	1.0
verbot	neg 1.0		neg 0.351246642775439 off 0.32657023350090564 __DUMMY__ 0.32218312372365543	false	1.0
leid	neg 1.0		off 0.3423694223606416 neg 0.3400470635601869 __DUMMY__ 0.31758351407917146	false	0.5
archaisch	neg 1.0		neg 0.34929863364926383 off 0.32862694766018075 __DUMMY__ 0.32207441869055553	false	1.0
gegen			neg 0.352624348242964 __DUMMY__ 0.3247208124307497 off 0.32265483932628636	false	0.0
scheidung	neg 1.0		off 0.3541590290287004 neg 0.3298493627929786 __DUMMY__ 0.315991608178321	false	0.5
einschlag	neg 1.0		neg 0.3412310755272154 off 0.3395577368269935 __DUMMY__ 0.31921118764579115	false	1.0
m			neg 0.34793668004242134 off 0.32846595794001243 __DUMMY__ 0.3235973620175663	false	0.0
abgestanden	neg 1.0		neg 0.3483885242834878 off 0.33065830885290626 __DUMMY__ 0.32095316686360587	false	1.0
schmierig	off 1.0		off 0.3419447339207373 neg 0.33964406915780787 __DUMMY__ 0.31841119692145475	false	1.0
unpraktisch	neg 1.0		neg 0.3454516424048912 off 0.33264903635028903 __DUMMY__ 0.32189932124481985	false	1.0
wixxer	off 1.0		off 0.34725145435154864 neg 0.3387590375380799 __DUMMY__ 0.3139895081103715	false	1.0
bezeichnet			neg 0.34996050471440376 off 0.3294626696175876 __DUMMY__ 0.32057682566800877	false	0.0
jammerlappen	off 1.0		neg 0.3426633627845889 off 0.3365187734264587 __DUMMY__ 0.32081786378895244	false	0.5
farce	neg 1.0		neg 0.35160009444317225 off 0.3271889085902468 __DUMMY__ 0.32121099696658106	false	1.0
zwecklos	neg 1.0		neg 0.35082066384503613 off 0.3274906502968573 __DUMMY__ 0.32168868585810645	false	1.0
turbulent	neg 1.0		neg 0.3455174781861826 off 0.33637544007578984 __DUMMY__ 0.3181070817380275	false	1.0
invasion	neg 1.0		neg 0.3459587361946263 off 0.3327528032810013 __DUMMY__ 0.3212884605243724	false	1.0
schuld	neg 1.0		neg 0.34820422563546727 off 0.3310480706174914 __DUMMY__ 0.3207477037470413	false	1.0
risiko	neg 1.0	neg 1.0	neg 0.6605738024137798 off 0.18374237167395197 __DUMMY__ 0.15568382591226812	false	1.0
finster	neg 1.0		neg 0.34804072444333395 off 0.3313724542046948 __DUMMY__ 0.32058682135197136	false	1.0
geisteskrank	off 1.0		neg 0.3451889612246636 off 0.33683250638235873 __DUMMY__ 0.3179785323929777	false	0.5
zusammenbrechen	neg 1.0		neg 0.3488606754584195 off 0.32845095095420035 __DUMMY__ 0.32268837358738006	false	1.0
ausbeute	neg 1.0		neg 0.34202363981843803 off 0.3302338157460628 __DUMMY__ 0.32774254443549916	false	1.0
hinterhalt	neg 1.0		neg 0.3442261999296399 off 0.3305577928400378 __DUMMY__ 0.3252160072303224	false	1.0
kritik	neg 1.0		neg 0.35214529347626294 off 0.3267916224752453 __DUMMY__ 0.3210630840484917	false	1.0
einschrumpfen	neg 1.0		neg 0.34598261629264043 off 0.33430992055820097 __DUMMY__ 0.3197074631491586	false	1.0
riskant	neg 1.0		neg 0.35222546534735844 off 0.3250330998482004 __DUMMY__ 0.3227414348044412	false	1.0
frustrieren	neg 1.0		neg 0.3508155510376449 off 0.32635355915516906 __DUMMY__ 0.32283088980718605	false	1.0
groll	neg 1.0		neg 0.3514672189873721 off 0.3268381769733689 __DUMMY__ 0.32169460403925904	false	1.0
gibt			neg 0.34804188449577855 off 0.32887626198249975 __DUMMY__ 0.32308185352172175	false	0.0
qualvoll	neg 1.0		neg 0.3449170640675169 off 0.3340633911972006 __DUMMY__ 0.32101954473528244	false	1.0
wackeln	neg 1.0		neg 0.3448836195973156 off 0.33228974516123466 __DUMMY__ 0.32282663524144967	false	1.0
klagen	neg 1.0		neg 0.35383280960321406 __DUMMY__ 0.32398051334141653 off 0.3221866770553694	false	1.0
bankrott	neg 1.0		neg 0.3422573041659578 off 0.33620892940449826 __DUMMY__ 0.3215337664295442	false	1.0
trauern	neg 1.0		neg 0.34957630271666523 off 0.3264504197227726 __DUMMY__ 0.32397327756056216	false	1.0
ablehnung	neg 1.0		neg 0.3516058145443994 off 0.32684233094171294 __DUMMY__ 0.32155185451388774	false	1.0
stur	neg 1.0		neg 0.34760367768098355 off 0.33146820593367265 __DUMMY__ 0.32092811638534385	false	1.0
aufruhr	neg 1.0		neg 0.34906377561641394 off 0.328864371172998 __DUMMY__ 0.32207185321058807	false	1.0
melancholie	neg 1.0		neg 0.35044529278371883 off 0.32676613325773035 __DUMMY__ 0.3227885739585508	false	1.0
ist			neg 0.34550942804274987 off 0.332911917770974 __DUMMY__ 0.32157865418627607	false	0.0
torheit	neg 1.0		neg 0.34778389000000703 off 0.33058686385849734 __DUMMY__ 0.32162924614149563	false	1.0
dreckskind	off 1.0		neg 0.34243493895391175 off 0.34202838873753927 __DUMMY__ 0.31553667230854887	false	0.5
umtauschen	neg 1.0		neg 0.3467478220515982 off 0.3306269958907561 __DUMMY__ 0.3226251820576458	false	1.0
zum			neg 0.3496935466179362 __DUMMY__ 0.3280345452548381 off 0.32227190812722556	false	0.0
zersetzen	neg 1.0		neg 0.35356892041266785 off 0.32380063512557106 __DUMMY__ 0.322630444461761	false	1.0
zur			neg 0.35254083865973346 __DUMMY__ 0.3269531647949437 off 0.32050599654532297	false	0.0
frust	neg 1.0		neg 0.3487127599139156 off 0.32848676850529474 __DUMMY__ 0.3228004715807896	false	1.0
unerbittlichkeit	neg 1.0		neg 0.35272782585338014 off 0.3241374382999349 __DUMMY__ 0.32313473584668484	false	1.0
zwei			neg 0.34929404499891054 __DUMMY__ 0.3273907080897313 off 0.323315246911358	false	0.0
unkorrekt	neg 1.0		neg 0.3409557821975372 off 0.33985570155818434 __DUMMY__ 0.31918851624427846	false	1.0
hexe	off 1.0		neg 0.34817992656482044 off 0.33428357215702864 __DUMMY__ 0.31753650127815075	false	0.5
lasch	neg 1.0		neg 0.3465056759335523 off 0.3340469035781589 __DUMMY__ 0.3194474204882887	false	1.0
rivale	neg 1.0		neg 0.34282102902167405 off 0.33827698680764257 __DUMMY__ 0.31890198417068344	false	1.0
mutlos	off 1.0	off 1.0	off 0.6495860013974507 neg 0.1951571523933545 __DUMMY__ 0.1552568462091949	false	1.0
wirr	off 1.0		neg 0.34304873860572793 off 0.3395264800568658 __DUMMY__ 0.3174247813374062	false	0.5
jahr			neg 0.3439980708176519 __DUMMY__ 0.3283758814804518 off 0.3276260477018963	false	0.0
wird			neg 0.3498844979226125 off 0.3271835280572093 __DUMMY__ 0.32293197402017815	false	0.0
strafbar	neg 1.0		neg 0.35107217636968385 off 0.3258996978322275 __DUMMY__ 0.3230281257980887	false	1.0
erosion	neg 1.0		neg 0.34541241469158096 off 0.33143683699023796 __DUMMY__ 0.32315074831818114	false	1.0
eingehen	neg 1.0		neg 0.3516096182691565 off 0.32581513637948173 __DUMMY__ 0.32257524535136173	false	1.0
faul	off 1.0		neg 0.34288124649156554 off 0.33593383939173904 __DUMMY__ 0.32118491411669536	false	0.5
provisorium	neg 1.0		neg 0.35151494878020645 __DUMMY__ 0.32906236599893235 off 0.31942268522086126	false	1.0
schmerzen	neg 1.0		neg 0.3499218882694356 off 0.3286663909408476 __DUMMY__ 0.3214117207897167	false	1.0
schrumpfen	neg 1.0		neg 0.35590523148547154 __DUMMY__ 0.3247996179144853 off 0.31929515060004304	false	1.0
geistlos	off 1.0		neg 0.348621751925262 off 0.3321870096973806 __DUMMY__ 0.3191912383773574	false	0.5
fehlkauf	neg 1.0		neg 0.34610711708482234 off 0.33252092763325214 __DUMMY__ 0.3213719552819256	false	1.0
frustrierend	neg 1.0		neg 0.34378599836545437 off 0.3352652182367745 __DUMMY__ 0.32094878339777116	false	1.0
unzufrieden	neg 1.0		neg 0.3507889225002813 off 0.3272743027120982 __DUMMY__ 0.3219367747876206	false	1.0
verzweifeln	neg 1.0		neg 0.34853012153672575 off 0.32928144557619976 __DUMMY__ 0.32218843288707455	false	1.0
verzweifelt	neg 1.0	neg 1.0	neg 0.6630362614696729 off 0.18283496172280195 __DUMMY__ 0.1541287768075252	false	1.0
misstrauensantrag	neg 1.0		neg 0.3456407510376619 off 0.3330229279155604 __DUMMY__ 0.32133632104677773	false	1.0
abfallen	neg 1.0		neg 0.3449266078545953 off 0.33234002226456744 __DUMMY__ 0.32273336988083734	false	1.0
fucker	off 1.0		neg 0.34086680145449705 off 0.3395273814755876 __DUMMY__ 0.3196058170699153	false	0.5
ungezogen	neg 1.0		off 0.34692644403097145 neg 0.33755538559399373 __DUMMY__ 0.3155181703750348	false	0.5
irrsinnig	neg 1.0	neg 1.0	neg 0.662466302835337 off 0.18307861658274083 __DUMMY__ 0.1544550805819222	false	1.0
unfassbar	neg 1.0		neg 0.3417662181291711 off 0.33784089498178504 __DUMMY__ 0.32039288688904377	false	1.0
hart	neg 1.0		neg 0.343801442639725 off 0.3365815288751804 __DUMMY__ 0.31961702848509455	false	1.0
widerlich	off 1.0		neg 0.343730324616066 off 0.33747992820525546 __DUMMY__ 0.3187897471786786	false	0.5
fatal	neg 1.0		neg 0.34571276097572884 off 0.3330909996610281 __DUMMY__ 0.32119623936324293	false	1.0
bruch	neg 1.0		neg 0.35305893961885343 __DUMMY__ 0.32415124845598176 off 0.3227898119251647	false	1.0
aushungern	neg 1.0		neg 0.3492241166795229 off 0.3281348648103484 __DUMMY__ 0.3226410185101286	false	1.0
anspannung	neg 1.0		neg 0.35221898256739836 __DUMMY__ 0.3266402260862678 off 0.3211407913463338	false	1.0
von			neg 0.3428198986950718 __DUMMY__ 0.3290451848838082 off 0.32813491642111997	false	0.0
kraftlos	neg 1.0		neg 0.34872341105566074 off 0.32810192455218373 __DUMMY__ 0.3231746643921555	false	1.0
vom			neg 0.3503708634597462 __DUMMY__ 0.3293540150860282 off 0.3202751214542256	false	0.0
grenzdebil	off 1.0		neg 0.3414569059122487 off 0.3382468583236419 __DUMMY__ 0.3202962357641093	false	0.5
vor			neg 0.35027398994530606 __DUMMY__ 0.32519418655471166 off 0.3245318234999821	false	0.0
unterwerfen	neg 1.0		neg 0.3511296363179549 off 0.32609215198456165 __DUMMY__ 0.32277821169748344	false	1.0
versenkung	neg 1.0		neg 0.34846238696962323 off 0.3273445433999811 __DUMMY__ 0.3241930696303958	false	1.0
entziehen	neg 1.0		neg 0.3526580260565814 __DUMMY__ 0.3242202645966444 off 0.3231217093467743	false	1.0
finanzkrise	neg 1.0		neg 0.35198432014428177 off 0.32756345500361495 __DUMMY__ 0.32045222485210323	false	1.0
schimpfend	neg 1.0		neg 0.3459772339359643 off 0.3327616101456797 __DUMMY__ 0.3212611559183561	false	1.0
profan	neg 1.0		neg 0.3459893828041499 off 0.33335061101581714 __DUMMY__ 0.320660006180033	false	1.0
korruption	neg 1.0		neg 0.3520152887320996 off 0.3260395940013456 __DUMMY__ 0.32194511726655495	false	1.0
â			neg 0.3480046601211629 off 0.32802499484420783 __DUMMY__ 0.3239703450346294	false	0.0
schmutzig	neg 1.0		neg 0.3409517075184058 off 0.3387858461589995 __DUMMY__ 0.32026244632259465	false	1.0
sexy	neg 1.0		neg 0.3433459912150454 off 0.33519342347532405 __DUMMY__ 0.3214605853096305	false	1.0
abraten	neg 1.0		neg 0.3443952587509526 off 0.3335586622654038 __DUMMY__ 0.3220460789836437	false	1.0
schwarz	neg 1.0		neg 0.34652613587552394 off 0.3321891520011239 __DUMMY__ 0.32128471212335213	false	1.0
fotze	off 1.0	off 1.0	off 0.6514044245742802 neg 0.19279576075392507 __DUMMY__ 0.15579981467179477	false	1.0
verwirren	neg 1.0		neg 0.34510999007481646 off 0.33406577652586467 __DUMMY__ 0.3208242333993189	false	1.0
zahnlos	off 1.0		neg 0.34973600239541913 off 0.3283372947619321 __DUMMY__ 0.3219267028426487	false	0.5
verheeren	neg 1.0		off 0.34841074476546013 neg 0.336167053380374 __DUMMY__ 0.31542220185416586	false	0.5
hippie	neg 1.0		neg 0.3439523181100438 off 0.33464197648478083 __DUMMY__ 0.3214057054051754	false	1.0
rammen	neg 1.0		neg 0.3506497691230117 off 0.3302219282588726 __DUMMY__ 0.3191283026181158	false	1.0
unlauter	neg 1.0		neg 0.34930429623578974 off 0.3304743104983507 __DUMMY__ 0.3202213932658595	false	1.0
unheilvoll	neg 1.0		neg 0.34640320311951167 off 0.332439834240075 __DUMMY__ 0.3211569626404132	false	1.0
niedrig	neg 1.0		neg 0.3533580533318222 off 0.3242871165765039 __DUMMY__ 0.32235483009167387	false	1.0
explosion	neg 1.0		neg 0.3448406167976149 off 0.3338889966741904 __DUMMY__ 0.3212703865281947	false	1.0
weichei	off 1.0	off 1.0	off 0.6593844083520713 neg 0.18824394854022175 __DUMMY__ 0.15237164310770693	false	1.0
minusmensch	off 1.0		off 0.34368678442646394 neg 0.3424444978525904 __DUMMY__ 0.31386871772094554	false	1.0
farblos	neg 1.0		neg 0.34741881540028835 off 0.3302480398371538 __DUMMY__ 0.32233314476255776	false	1.0
unwissend	neg 1.0	neg 1.0	neg 0.6604126330087601 off 0.18571449762693126 __DUMMY__ 0.15387286936430875	false	1.0
traurig	neg 1.0		off 0.3407106660076145 neg 0.3395914041832131 __DUMMY__ 0.31969792980917233	false	0.5
senkung	neg 1.0		neg 0.34780998488844456 off 0.3324956840594104 __DUMMY__ 0.319694331052145	false	1.0
ungleich	neg 1.0	neg 1.0	neg 0.6649134619237024 off 0.17945888198125717 __DUMMY__ 0.15562765609504042	false	1.0
heikel	neg 1.0		neg 0.3519771041549526 off 0.3251379151390373 __DUMMY__ 0.3228849807060101	false	1.0
drosselung	neg 1.0		neg 0.34300343961624313 off 0.3374326966372516 __DUMMY__ 0.3195638637465052	false	1.0
falsch	neg 1.0		neg 0.34427245712232685 off 0.33523131394427697 __DUMMY__ 0.3204962289333963	false	1.0
unzufriedenheit	neg 1.0		neg 0.3527600255660319 __DUMMY__ 0.3236296780822089 off 0.3236102963517592	false	1.0
kurz	neg 1.0		neg 0.34541909800508774 off 0.33027976103627954 __DUMMY__ 0.3243011409586328	false	1.0
unsinnig	neg 1.0		neg 0.3497163954504432 off 0.32854543032572026 __DUMMY__ 0.3217381742238367	false	1.0
penner	off 1.0	off 1.0	off 0.6603362228743851 neg 0.18751277119725476 __DUMMY__ 0.1521510059283601	false	1.0
seicht	neg 1.0		off 0.3463053141940354 neg 0.3381360832736879 __DUMMY__ 0.31555860253227674	false	0.5
dummheit	off 1.0	off 1.0	off 0.6540396371945278 neg 0.19221184083301557 __DUMMY__ 0.15374852197245667	false	1.0
unerfreulich	neg 1.0		neg 0.35121416647194387 off 0.3248415640271027 __DUMMY__ 0.32394426950095345	false	1.0
motherfucker	off 1.0	off 1.0	off 0.6571297404664056 neg 0.18921085475880509 __DUMMY__ 0.15365940477478932	false	1.0
pikiert	neg 1.0		neg 0.3447058607328583 off 0.33642049984644934 __DUMMY__ 0.31887363942069247	false	1.0
wrack	neg 1.0		neg 0.34812756307532605 off 0.32845955673195537 __DUMMY__ 0.32341288019271847	false	1.0
gangster	neg 1.0		neg 0.3441396211057808 off 0.3346008058234039 __DUMMY__ 0.3212595730708154	false	1.0
krank	neg 1.0		neg 0.3408509315359277 off 0.3385302995732473 __DUMMY__ 0.3206187688908251	false	1.0
reich	neg 1.0		neg 0.3422070687327416 off 0.33693054617873214 __DUMMY__ 0.3208623850885262	false	1.0
gnadenlos	neg 1.0		neg 0.3479690126945928 off 0.33119079718555133 __DUMMY__ 0.3208401901198559	false	1.0
niedergeschlagen	neg 1.0		neg 0.3476959236875738 off 0.3293290226988718 __DUMMY__ 0.3229750536135544	false	1.0
terrorisieren	off 1.0	off 1.0	off 0.6503139006478101 neg 0.19374220866917002 __DUMMY__ 0.1559438906830198	false	1.0
sinnlosigkeit	neg 1.0		neg 0.3499710979181115 off 0.3278553135258903 __DUMMY__ 0.32217358855599815	false	1.0
behindern	neg 1.0		neg 0.34800588775964586 off 0.3296887064298208 __DUMMY__ 0.3223054058105334	false	1.0
undemokratisch	neg 1.0		neg 0.3475823109441562 off 0.3311490396250085 __DUMMY__ 0.3212686494308352	false	1.0
wirtschaftskrise	neg 1.0		neg 0.3530625512257268 off 0.32543298801182513 __DUMMY__ 0.3215044607624482	false	1.0
neid	neg 1.0		neg 0.34133435368328296 off 0.33645325682344207 __DUMMY__ 0.3222123894932751	false	1.0
rutschen	neg 1.0		neg 0.3497960952824045 __DUMMY__ 0.32722922422573636 off 0.32297468049185923	false	1.0
rezession	neg 1.0		neg 0.34680213693839085 off 0.33769119510759005 __DUMMY__ 0.315506667954019	false	1.0
fehlgeburt	neg 1.0		neg 0.34415473531122875 off 0.3333951935642755 __DUMMY__ 0.32245007112449564	false	1.0
charakterschwach	off 1.0		neg 0.3437733501306259 off 0.3373074468175628 __DUMMY__ 0.3189192030518114	false	0.5
isolation	neg 1.0		neg 0.3439281851268025 off 0.33498402678100747 __DUMMY__ 0.32108778809218996	false	1.0
ablenkung	neg 1.0		neg 0.34575166843559507 off 0.3313737197615611 __DUMMY__ 0.32287461180284377	false	1.0
pech	neg 1.0		neg 0.3438337948490172 off 0.3351725311247425 __DUMMY__ 0.32099367402624035	false	1.0
vermeidung	neg 1.0		neg 0.34240022145025883 off 0.33779610902519625 __DUMMY__ 0.319803669524545	false	1.0
dominieren	neg 1.0		neg 0.3513896438600159 off 0.32576322459568907 __DUMMY__ 0.3228471315442951	false	1.0
schwindlig	neg 1.0		neg 0.34399176381171237 off 0.333878336190116 __DUMMY__ 0.3221298999981716	false	1.0
lutscher	neg 1.0	neg 1.0	neg 0.6565168265619153 off 0.1918015473443276 __DUMMY__ 0.151681626093757	false	1.0
pflicht	neg 1.0		neg 0.35278255961427496 off 0.3238665153572023 __DUMMY__ 0.3233509250285228	false	1.0
faschist	off 1.0		neg 0.344999990782014 off 0.33422432217221587 __DUMMY__ 0.3207756870457701	false	0.5
verschleudern	neg 1.0		neg 0.35265072162225564 off 0.32470224500808664 __DUMMY__ 0.32264703336965767	false	1.0
wenn			neg 0.3442526872008924 off 0.3353198564915601 __DUMMY__ 0.3204274563075474	false	0.0
ehebruch	neg 1.0		neg 0.35075968036732597 off 0.32658838044399335 __DUMMY__ 0.3226519391886806	false	1.0
spott	off 1.0		neg 0.35193715312802626 off 0.3256954654511323 __DUMMY__ 0.32236738142084137	false	0.5
trostlosigkeit	neg 1.0		neg 0.35262271982608784 __DUMMY__ 0.32392718578232793 off 0.3234500943915841	false	1.0
lutschen	neg 1.0		neg 0.34661003717642624 off 0.3338204735586124 __DUMMY__ 0.31956948926496137	false	1.0
undiszipliniert	neg 1.0		neg 0.3411941611709715 off 0.3396054386267199 __DUMMY__ 0.3192004002023086	false	1.0
kopfschmerz	neg 1.0		neg 0.35146302982050875 off 0.327181895089427 __DUMMY__ 0.3213550750900643	false	1.0
unvorhergesehen	neg 1.0		neg 0.34716062881821985 off 0.3270407931331576 __DUMMY__ 0.32579857804862244	false	1.0
desinteressiert	neg 1.0	neg 1.0	neg 0.659379753691063 off 0.18716815869425482 __DUMMY__ 0.1534520876146821	false	1.0
armselig	off 1.0		neg 0.3428422739033422 off 0.33936859219829246 __DUMMY__ 0.31778913389836533	false	0.5
desaster	neg 1.0		neg 0.3537824408701231 __DUMMY__ 0.3241947285633435 off 0.3220228305665333	false	1.0
tod	neg 1.0		neg 0.34822089681516005 off 0.3278679306649736 __DUMMY__ 0.32391117251986623	false	1.0
herzlos	neg 1.0		neg 0.3415499078885331 off 0.33988969254541435 __DUMMY__ 0.31856039956605264	false	1.0
unwissenheit	neg 1.0		neg 0.35084154404450035 off 0.3272052609469362 __DUMMY__ 0.32195319500856345	false	1.0
widersinnig	neg 1.0		neg 0.3528308567115981 off 0.3263822560926611 __DUMMY__ 0.32078688719574067	false	1.0
bedenklich	neg 1.0		neg 0.35132847501855213 off 0.3263168757490052 __DUMMY__ 0.32235464923244267	false	1.0
beanstanden	neg 1.0		neg 0.3525665339384597 __DUMMY__ 0.32374366500766355 off 0.3236898010538767	false	1.0
panisch	neg 1.0	neg 1.0	neg 0.659587984545007 off 0.18484199969748819 __DUMMY__ 0.15557001575750484	false	1.0
debil	off 1.0		neg 0.35448211672465446 __DUMMY__ 0.32683487194601774 off 0.3186830113293278	false	0.5
abstrich	neg 1.0		neg 0.34364604255373427 off 0.3314605125245469 __DUMMY__ 0.3248934449217188	false	1.0
primitiv	neg 1.0		neg 0.3436475336421851 off 0.3376715620207719 __DUMMY__ 0.3186809043370431	false	1.0
abschaum	off 1.0	off 1.0	off 0.6558011012990255 neg 0.19048736262318605 __DUMMY__ 0.15371153607778845	false	1.0
provozieren	neg 1.0		neg 0.3490798079933528 off 0.3305854673602287 __DUMMY__ 0.32033472464641854	false	1.0
tot	neg 1.0		neg 0.34974680102710676 off 0.32753011752117933 __DUMMY__ 0.32272308145171386	false	1.0
instabil	neg 1.0		neg 0.34322738597686064 off 0.33871103533092506 __DUMMY__ 0.3180615786922143	false	1.0
schwuchtel	off 1.0	off 1.0	off 0.6633255689936773 neg 0.18635924278705282 __DUMMY__ 0.15031518821926984	false	1.0
zerren	neg 1.0		neg 0.348853664104937 off 0.3283807129395085 __DUMMY__ 0.32276562295555444	false	1.0
kinderficker	off 1.0		off 0.34313678870483844 neg 0.338853450112929 __DUMMY__ 0.31800976118223273	false	1.0
gefahr	neg 1.0		neg 0.35151495404485517 __DUMMY__ 0.32446501330358213 off 0.32402003265156276	false	1.0
rabiat	neg 1.0		neg 0.34717045222300963 off 0.33077948345079283 __DUMMY__ 0.32205006432619754	false	1.0
verlangsamung	neg 1.0		off 0.342800138273182 neg 0.34226204913974606 __DUMMY__ 0.31493781258707204	false	0.5
ausgestorben	neg 1.0		neg 0.3466347052723884 off 0.33076617578395895 __DUMMY__ 0.3225991189436526	false	1.0
anklagen	neg 1.0		neg 0.3508632178134436 off 0.3267281912969143 __DUMMY__ 0.3224085908896422	false	1.0
trott	neg 1.0		neg 0.3474233969621494 off 0.3302134122488702 __DUMMY__ 0.32236319078898046	false	1.0
verminderung	neg 1.0		neg 0.34230684356840446 off 0.3381471751264876 __DUMMY__ 0.31954598130510803	false	1.0
nach			neg 0.3500810349403681 __DUMMY__ 0.3279651387394284 off 0.3219538263202036	false	0.0
rost	neg 1.0		off 0.34324876193497605 neg 0.33927874885697373 __DUMMY__ 0.3174724892080502	false	0.5
destruktiv	neg 1.0		neg 0.3489458198394089 off 0.32973575884046336 __DUMMY__ 0.3213184213201277	false	1.0
unzumutbarkeit	neg 1.0		neg 0.3421623167373337 off 0.33719391406018706 __DUMMY__ 0.3206437692024793	false	1.0
labil	off 1.0	off 1.0	off 0.6554499785613073 neg 0.19049935906509188 __DUMMY__ 0.15405066237360093	false	1.0
ziemlich	neg 1.0		neg 0.34082790896045745 off 0.3381578929861779 __DUMMY__ 0.3210141980533647	false	1.0
lachnummer	off 1.0		neg 0.34876768782995643 off 0.33029704311292385 __DUMMY__ 0.3209352690571198	false	0.5
oder			neg 0.3450954048462755 off 0.33226413914732983 __DUMMY__ 0.3226404560063947	false	0.0
verfall	neg 1.0		neg 0.3550103673930568 __DUMMY__ 0.3252528373125006 off 0.31973679529444266	false	1.0
ausgrenzung	neg 1.0		neg 0.34713771671132215 off 0.3318052100630768 __DUMMY__ 0.321057073225601	false	1.0
unordnung	neg 1.0		off 0.34061655443663147 neg 0.33869158322916815 __DUMMY__ 0.3206918623342004	false	0.5
fehlverhalten	neg 1.0		neg 0.3536941911890626 off 0.32392266609061166 __DUMMY__ 0.32238314272032587	false	1.0
eine			neg 0.3498749422593989 off 0.3251867911274705 __DUMMY__ 0.3249382666131304	false	0.0
nille	neg 1.0		neg 0.3470053932452745 off 0.33031789183108257 __DUMMY__ 0.3226767149236431	false	1.0
qual	neg 1.0		neg 0.3476146840010608 off 0.32982377594727214 __DUMMY__ 0.32256154005166704	false	1.0
verschwenden	neg 1.0		neg 0.3520268287720439 off 0.32553892304491777 __DUMMY__ 0.3224342481830382	false	1.0
riesig	neg 1.0		neg 0.3489829270827753 off 0.32721270743899517 __DUMMY__ 0.32380436547822966	false	1.0
verurteilen	neg 1.0		neg 0.3523414705569741 off 0.3264468491227054 __DUMMY__ 0.3212116803203203	false	1.0
klischee	neg 1.0	neg 1.0	neg 0.6615427525497347 off 0.18462120320820125 __DUMMY__ 0.15383604424206396	false	1.0
diktatorisch	neg 1.0		neg 0.3480280593818067 off 0.3310914758140217 __DUMMY__ 0.3208804648041717	false	1.0
vorhersehbar	neg 1.0		neg 0.34684406421107655 off 0.3333781911742193 __DUMMY__ 0.3197777446147042	false	1.0
sowie			neg 0.34191888097363343 off 0.3412754043279931 __DUMMY__ 0.31680571469837343	false	0.0
stornieren	neg 1.0		neg 0.34071401583668764 off 0.3349961360658616 __DUMMY__ 0.3242898480974506	false	1.0
besteuerung	neg 1.0		neg 0.350662523896671 off 0.3296134004088375 __DUMMY__ 0.3197240756944915	false	1.0
ungeschminkt	neg 1.0		neg 0.34613755523074796 off 0.33634182524782763 __DUMMY__ 0.3175206195214244	false	1.0
kritisch	neg 1.0		neg 0.35109761783438037 off 0.32620290052797896 __DUMMY__ 0.32269948163764056	false	1.0
schlamperei	off 1.0		neg 0.35088707170605293 off 0.32525480780476757 __DUMMY__ 0.3238581204891795	false	0.5
sucht	neg 1.0	neg 1.0	neg 0.6586444048996323 off 0.18443800300630733 __DUMMY__ 0.15691759209406034	false	1.0
egoistisch	off 1.0		off 0.3427120488566156 neg 0.3402304736527617 __DUMMY__ 0.3170574774906227	false	1.0
ausbeuter	off 1.0		neg 0.35457129506226476 off 0.3235340213618831 __DUMMY__ 0.32189468357585205	false	0.5
arschgeburt	off 1.0		off 0.34929607118794964 neg 0.3382610804327315 __DUMMY__ 0.31244284837931885	false	1.0
schubs	neg 1.0		neg 0.34787739319221417 off 0.32893825592229436 __DUMMY__ 0.3231843508854914	false	1.0
unsolide	neg 1.0		neg 0.3488544063280267 off 0.33124616403278095 __DUMMY__ 0.3198994296391924	false	1.0
beschwerde	neg 1.0		neg 0.35239330663493895 off 0.3251835160152626 __DUMMY__ 0.3224231773497984	false	1.0
stocken	neg 1.0		neg 0.3513201236000273 off 0.3253193574131979 __DUMMY__ 0.32336051898677476	false	1.0
isolieren	neg 1.0		neg 0.35067607711360127 off 0.3267666381459743 __DUMMY__ 0.32255728474042433	false	1.0
unheilbar	neg 1.0		neg 0.3472408822905127 off 0.33086968147002577 __DUMMY__ 0.3218894362394616	false	1.0
pisser	off 1.0		neg 0.3440725839612281 off 0.3384156494847215 __DUMMY__ 0.3175117665540503	false	0.5
löschen	neg 1.0		neg 0.347187961296401 off 0.3305533675359782 __DUMMY__ 0.32225867116762086	false	1.0
durchfallen	neg 1.0		neg 0.35175854578814836 off 0.32643871155207516 __DUMMY__ 0.3218027426597765	false	1.0
wichser	off 1.0	off 1.0	off 0.6622116576236985 neg 0.18626538539078905 __DUMMY__ 0.15152295698551252	false	1.0
terror	neg 1.0		neg 0.3439672399258157 off 0.3344449190803776 __DUMMY__ 0.3215878409938068	false	1.0
krass	neg 1.0		off 0.3408229432904604 neg 0.3407528496087576 __DUMMY__ 0.31842420710078206	false	0.5
revolte	neg 1.0		neg 0.3466771671402475 off 0.33236344850723526 __DUMMY__ 0.3209593843525173	false	1.0
besorgt	neg 1.0		neg 0.345074915184204 off 0.3301921229357846 __DUMMY__ 0.32473296188001144	false	1.0
nachlassen	neg 1.0		neg 0.3502143573177823 off 0.32578390326833734 __DUMMY__ 0.3240017394138803	false	1.0
alt	neg 1.0		neg 0.35067000983310753 off 0.3271974483069444 __DUMMY__ 0.32213254185994794	false	1.0
hundesohn	off 1.0		off 0.34632701042113095 neg 0.33876526479109603 __DUMMY__ 0.31490772478777296	false	1.0
als			neg 0.3479471166595041 off 0.3287559510682779 __DUMMY__ 0.3232969322722181	false	0.0
abschreckung	neg 1.0		neg 0.353146515599371 __DUMMY__ 0.3235981159768702 off 0.3232553684237589	false	1.0
unqualifiziert	neg 1.0		neg 0.3463433612997536 off 0.33424836489706106 __DUMMY__ 0.3194082738031853	false	1.0
abgewichst	off 1.0		neg 0.34681726886716036 off 0.3299253517692634 __DUMMY__ 0.3232573793635762	false	0.5
schwer	neg 1.0		neg 0.34835445948060234 off 0.3297597502960792 __DUMMY__ 0.3218857902233184	false	1.0
bedeutungslosigkeit	neg 1.0		neg 0.35231922237332325 off 0.32442413726462754 __DUMMY__ 0.32325664036204926	false	1.0
kapitulation	neg 1.0		neg 0.35102819225703424 off 0.3259593356102987 __DUMMY__ 0.32301247213266704	false	1.0
unscharf	neg 1.0		neg 0.3468665580074258 off 0.332876305468756 __DUMMY__ 0.3202571365238182	false	1.0
schwinden	neg 1.0		neg 0.35298761476358964 off 0.32386965372220616 __DUMMY__ 0.32314273151420425	false	1.0
versklavung	neg 1.0		neg 0.3478186866820924 off 0.33085360935817226 __DUMMY__ 0.32132770395973514	false	1.0
schlecht	neg 1.0		neg 0.3409318416851155 off 0.33821569752310454 __DUMMY__ 0.32085246079178	false	1.0
verhasst	neg 1.0		neg 0.3496571483330942 off 0.3307586686312735 __DUMMY__ 0.3195841830356322	false	1.0
beschweren	neg 1.0		neg 0.34563317135891614 off 0.3329531228081903 __DUMMY__ 0.3214137058328935	false	1.0
scheiden	neg 1.0		neg 0.345335934268149 off 0.3314040780446198 __DUMMY__ 0.3232599876872312	false	1.0
frustriert	neg 1.0		neg 0.3497861004918362 off 0.32843833770070896 __DUMMY__ 0.3217755618074547	false	1.0
schimmelig	neg 1.0		neg 0.3537058495632165 off 0.3256641013159372 __DUMMY__ 0.3206300491208463	false	1.0
fisch	neg 1.0		neg 0.35430882188410734 off 0.3232066448472472 __DUMMY__ 0.3224845332686454	false	1.0
schmuggel	neg 1.0		neg 0.3514810686293598 off 0.32510945886035514 __DUMMY__ 0.32340947251028496	false	1.0
auffallen	neg 1.0		neg 0.34484419567736285 off 0.3339280050949235 __DUMMY__ 0.32122779922771366	false	1.0
konkurrenz	neg 1.0		neg 0.35331066133168715 __DUMMY__ 0.3237960271707859 off 0.32289331149752704	false	1.0
teufelskreis	neg 1.0	neg 1.0	neg 0.6637956957036972 off 0.18178599117970365 __DUMMY__ 0.15441831311659907	false	1.0
aufschreien	neg 1.0		neg 0.3465585329883112 off 0.3332336915761839 __DUMMY__ 0.3202077754355051	false	1.0
schuldner	neg 1.0		neg 0.3552550218820514 off 0.3226931049224743 __DUMMY__ 0.3220518731954741	false	1.0
missgeburt	off 1.0	off 1.0	off 0.6593077047121222 neg 0.18894914077743966 __DUMMY__ 0.15174315451043813	false	1.0
arbeitslos	neg 1.0		neg 0.3511502174488304 off 0.3269711987919988 __DUMMY__ 0.3218785837591708	false	1.0
befallen	neg 1.0		neg 0.3519724995934026 off 0.32723350564265236 __DUMMY__ 0.3207939947639452	false	1.0
miesepetrig	off 1.0	off 1.0	off 0.6563933203469757 neg 0.18932491195675608 __DUMMY__ 0.1542817676962681	false	1.0
alarmieren	neg 1.0		neg 0.34623674393634585 off 0.334458946744924 __DUMMY__ 0.3193043093187303	false	1.0
ungeduscht	off 1.0		neg 0.34616146819425125 off 0.3345764704701893 __DUMMY__ 0.3192620613355594	false	0.5
knappheit	neg 1.0		neg 0.3536450078135159 off 0.32541060602791333 __DUMMY__ 0.3209443861585708	false	1.0
schlange	neg 1.0		neg 0.3429257708714835 off 0.333745464748303 __DUMMY__ 0.32332876438021346	false	1.0
harsch	neg 1.0		off 0.3427005236152958 neg 0.33786818527993834 __DUMMY__ 0.31943129110476587	false	0.5
lang	neg 1.0		neg 0.3460263850663676 off 0.3317394193724281 __DUMMY__ 0.32223419556120425	false	1.0
ziellos	neg 1.0		neg 0.3484009830627148 off 0.3275932408214501 __DUMMY__ 0.3240057761158352	false	1.0
selbstverliebt	neg 1.0		off 0.3478056652107828 neg 0.33787003640968766 __DUMMY__ 0.3143242983795296	false	0.5
beseitigen	neg 1.0		neg 0.34861786360517405 off 0.3288080150350989 __DUMMY__ 0.322574121359727	false	1.0
dumm	off 1.0		off 0.34388357950685927 neg 0.3387840495933435 __DUMMY__ 0.31733237089979716	false	1.0
arbeitsloser	neg 1.0		neg 0.34821997477620165 off 0.32821793516061976 __DUMMY__ 0.3235620900631786	false	1.0
blitzen	neg 1.0		neg 0.34398122387528185 off 0.33456502199847793 __DUMMY__ 0.32145375412624017	false	1.0
hilflos	neg 1.0		neg 0.3500914792400442 off 0.32796834500263816 __DUMMY__ 0.32194017575731765	false	1.0
eklig	off 1.0		off 0.34334758325528614 neg 0.3410694287972414 __DUMMY__ 0.3155829879474725	false	1.0
begriff			neg 0.34780443435907066 off 0.3298848422554157 __DUMMY__ 0.32231072338551364	false	0.0
hungersnot	neg 1.0		neg 0.3503128633765249 off 0.32722958094879456 __DUMMY__ 0.32245755567468043	false	1.0
ungesetzlich	neg 1.0		neg 0.3500057621768469 off 0.32998571762190115 __DUMMY__ 0.320008520201252	false	1.0
verschwendung	neg 1.0		neg 0.35147086012274686 off 0.3253880927687167 __DUMMY__ 0.3231410471085363	false	1.0
schmerzvoll	neg 1.0		neg 0.3466400465364758 off 0.332260599783897 __DUMMY__ 0.32109935367962733	false	1.0
vorzeitig	neg 1.0		neg 0.3465480084547585 off 0.3330785774867422 __DUMMY__ 0.3203734140584992	false	1.0
unvollkommenheit	neg 1.0		neg 0.34624649419526177 off 0.3288343447814647 __DUMMY__ 0.3249191610232734	false	1.0
intervenieren	neg 1.0		neg 0.3527745525469063 off 0.3246548546902146 __DUMMY__ 0.322570592762879	false	1.0
banause	off 1.0		off 0.3456672521865011 neg 0.34030053097787955 __DUMMY__ 0.31403221683561955	false	1.0
rebell	neg 1.0		neg 0.3541395202247847 __DUMMY__ 0.32443957145731933 off 0.3214209083178959	false	1.0
unlogisch	neg 1.0		neg 0.3421809800576872 off 0.3395142251544997 __DUMMY__ 0.31830479478781304	false	1.0
leiden	neg 1.0		neg 0.34976091362862416 off 0.32538577830323234 __DUMMY__ 0.32485330806814333	false	1.0
abschaffung	neg 1.0		neg 0.3475282000982936 off 0.3307090965003956 __DUMMY__ 0.32176270340131086	false	1.0
sturz	neg 1.0		neg 0.34610425803852946 off 0.3311186254798792 __DUMMY__ 0.32277711648159135	false	1.0
verkleinerung	neg 1.0		neg 0.34754299013526924 off 0.3328308639371361 __DUMMY__ 0.31962614592759464	false	1.0
schmarotzer	off 1.0		neg 0.3511697676799327 off 0.32756466997402733 __DUMMY__ 0.32126556234604003	false	0.5
bestrafung	neg 1.0		neg 0.3469642870477304 off 0.331559781866342 __DUMMY__ 0.3214759310859277	false	1.0
achtlos	neg 1.0	neg 1.0	neg 0.6622010083046677 off 0.1823645041465737 __DUMMY__ 0.15543448754875866	false	1.0
ungeheuer	neg 1.0		neg 0.34485458397627533 off 0.3336083933268255 __DUMMY__ 0.32153702269689927	false	1.0
unaufrichtig	neg 1.0		neg 0.3418968588246356 off 0.3353982125290733 __DUMMY__ 0.3227049286462911	false	1.0
groggy	neg 1.0		neg 0.34485910104672973 off 0.334042946509673 __DUMMY__ 0.3210979524435974	false	1.0
verletzlich	neg 1.0		neg 0.3449606487812333 off 0.3366904760387452 __DUMMY__ 0.31834887518002153	false	1.0
ablehnen	neg 1.0		neg 0.350393524232809 off 0.3270311188692671 __DUMMY__ 0.32257535689792394	false	1.0
