unsolidarisch	neg 1.0		neg 0.494779430976232 off 0.4647094034608869 __DUMMY__ 0.04051116556288095	false	1.0
nachteilig	neg 1.0		neg 0.49676260091799695 off 0.46235091147360796 __DUMMY__ 0.04088648760839506	false	1.0
skeptisch	neg 1.0		neg 0.4970862491895326 off 0.46197946807794216 __DUMMY__ 0.040934282732525355	false	1.0
schrecklich	neg 1.0		neg 0.4824230192158618 off 0.47723263779423375 __DUMMY__ 0.04034434298990445	false	1.0
schlapp	neg 1.0		neg 0.4859814701527958 off 0.47347387926681517 __DUMMY__ 0.040544650580389044	false	1.0
abfall	neg 1.0		neg 0.49990737672021884 off 0.45894568081207215 __DUMMY__ 0.04114694246770896	false	1.0
widerspenstig	neg 1.0		neg 0.4915070070508751 off 0.4677490948449907 __DUMMY__ 0.04074389810413432	false	1.0
abrupt	neg 1.0		neg 0.4955191629276182 off 0.46350804319345995 __DUMMY__ 0.04097279387892179	false	1.0
unwirksam	neg 1.0		neg 0.49523055033346225 off 0.4643189346263771 __DUMMY__ 0.040450515040160756	false	1.0
angreifen	neg 1.0		neg 0.49844089753079845 off 0.46073452650637353 __DUMMY__ 0.04082457596282788	false	1.0
inkonsistent	neg 1.0		neg 0.4931656764802477 off 0.4663447952955245 __DUMMY__ 0.04048952822422769	false	1.0
abrutschen	neg 1.0		neg 0.5004924920321134 off 0.45848094861810695 __DUMMY__ 0.04102655934977945	false	1.0
unsicher	neg 1.0		neg 0.49072071281603447 off 0.4684058607804041 __DUMMY__ 0.040873426403561446	false	1.0
bauernkind	off 1.0	off 1.0	off 0.7211063144059071 neg 0.260073617359783 __DUMMY__ 0.01882006823430993	false	1.0
angreifer	neg 1.0	neg 1.0	neg 0.7306574284592047 off 0.24993801066243518 __DUMMY__ 0.019404560878360122	false	1.0
trennen	neg 1.0		neg 0.4960220291474149 off 0.46289717397902963 __DUMMY__ 0.041080796873555335	false	1.0
schmutz	neg 1.0		neg 0.48862447989399854 off 0.47052756215841024 __DUMMY__ 0.0408479579475912	false	1.0
inkonsistenz	neg 1.0		neg 0.4900267912860911 off 0.46978870841789416 __DUMMY__ 0.04018450029601464	false	1.0
erschreckend	neg 1.0		neg 0.4935480490945215 off 0.46575024733348513 __DUMMY__ 0.04070170357199341	false	1.0
ertrinken	neg 1.0		neg 0.4976008833758331 off 0.4615580891086577 __DUMMY__ 0.040841027515509234	false	1.0
pickelface	off 1.0		neg 0.4928756122729425 off 0.46633347859295315 __DUMMY__ 0.04079090913410433	false	0.5
seiner			neg 0.4965846474239587 off 0.4624746333472669 __DUMMY__ 0.04094071922877433	false	0.0
lauch	neg 1.0		neg 0.4991231359414619 off 0.45979030475740923 __DUMMY__ 0.041086559301128915	false	1.0
unwichtig	neg 1.0		neg 0.4880581785127712 off 0.4715178086195694 __DUMMY__ 0.04042401286765947	false	1.0
steuerhinterziehung	neg 1.0	neg 1.0	neg 0.7341477994024497 off 0.24646623226154976 __DUMMY__ 0.019385968336000522	false	1.0
schock	neg 1.0		neg 0.49289242753552365 off 0.4663218981640335 __DUMMY__ 0.04078567430044276	false	1.0
beule	neg 1.0		neg 0.48655786279567564 off 0.4730821887218743 __DUMMY__ 0.04035994848245013	false	1.0
vergelten	neg 1.0		neg 0.4819243307178426 off 0.47750715539213484 __DUMMY__ 0.040568513890022695	false	1.0
verdorbenheit	neg 1.0		neg 0.48846128074227696 off 0.4705617917353307 __DUMMY__ 0.04097692752239233	false	1.0
trauma	neg 1.0		neg 0.4911770359689743 off 0.4681306369452259 __DUMMY__ 0.04069232708579987	false	1.0
sinnlos	neg 1.0		neg 0.4897272505586476 off 0.46962442240308655 __DUMMY__ 0.04064832703826583	false	1.0
fettsack	off 1.0	off 1.0	off 0.7227383665849376 neg 0.2583547421007986 __DUMMY__ 0.018906891314263763	false	1.0
feige	off 1.0	off 1.0	off 0.7204049957270973 neg 0.2604571065639538 __DUMMY__ 0.019137897708948973	false	1.0
abdanken	neg 1.0		neg 0.4936618412219963 off 0.4656425133147377 __DUMMY__ 0.04069564546326594	false	1.0
wichtigtuer	off 1.0	off 1.0	off 0.7196150225697221 neg 0.26112616688948237 __DUMMY__ 0.01925881054079554	false	1.0
misslingen	neg 1.0		neg 0.48637568820719884 off 0.47242956905816136 __DUMMY__ 0.041194742734639696	false	1.0
untreu	off 1.0		neg 0.48718412489737356 off 0.47237946874459535 __DUMMY__ 0.04043640635803102	false	0.5
missmutig	neg 1.0		neg 0.48700047101774935 off 0.4724495601690504 __DUMMY__ 0.040549968813200284	false	1.0
hurenbock	off 1.0		neg 0.4894980209703332 off 0.4697954885611567 __DUMMY__ 0.04070649046851016	false	0.5
betrunken	neg 1.0		neg 0.484645195000786 off 0.4749134401106327 __DUMMY__ 0.04044136488858112	false	1.0
korrupt	off 1.0		neg 0.49761494548379387 off 0.46183029938434084 __DUMMY__ 0.040554755131865336	false	0.5
unmut	neg 1.0		neg 0.4996843341436982 off 0.45922338649982225 __DUMMY__ 0.04109227935647968	false	1.0
hackfresse	off 1.0		neg 0.48016201986203105 off 0.4797772928345445 __DUMMY__ 0.04006068730342445	false	0.5
aufblasen	neg 1.0		neg 0.4896680493536277 off 0.4696287622158848 __DUMMY__ 0.04070318843048767	false	1.0
gewaltsam	neg 1.0		neg 0.4936000602132868 off 0.4655989973930242 __DUMMY__ 0.04080094239368894	false	1.0
unbeliebtheit	neg 1.0		neg 0.4910730476962814 off 0.46865586430010525 __DUMMY__ 0.04027108800361341	false	1.0
sturheit	neg 1.0		neg 0.49486976118050374 off 0.4644630976680977 __DUMMY__ 0.04066714115139865	false	1.0
kuh	neg 1.0		neg 0.4935239388607921 off 0.4662458326474254 __DUMMY__ 0.04023022849178255	false	1.0
erschrecken	neg 1.0		neg 0.48689099976150174 off 0.4725004534483581 __DUMMY__ 0.040608546790140136	false	1.0
opfer	neg 1.0		neg 0.4957168591007228 off 0.4634058051589461 __DUMMY__ 0.04087733574033113	false	1.0
sinken	neg 1.0		neg 0.49940471797114955 off 0.459562023443765 __DUMMY__ 0.041033258585085525	false	1.0
stinktier	neg 1.0		neg 0.4875670696973166 off 0.47267557000659005 __DUMMY__ 0.03975736029609336	false	1.0
tucke	off 1.0		neg 0.48121821804448833 off 0.47897791984738186 __DUMMY__ 0.03980386210812982	false	0.5
ein			neg 0.49077834923156577 off 0.4685239378422044 __DUMMY__ 0.0406977129262298	false	0.0
abstieg	neg 1.0		neg 0.4975274451106072 off 0.4616168595200574 __DUMMY__ 0.040855695369335455	false	1.0
missverstehen	neg 1.0		neg 0.49046462593856177 off 0.469074549537217 __DUMMY__ 0.04046082452422131	false	1.0
ergebnislos	neg 1.0		neg 0.4964542065777661 off 0.46255227692809897 __DUMMY__ 0.040993516494134935	false	1.0
unter			neg 0.5019818712506157 off 0.45649774140515004 __DUMMY__ 0.04152038734423414	false	0.0
manipulieren	neg 1.0		neg 0.4974259720354404 off 0.4616122421978267 __DUMMY__ 0.04096178576673293	false	1.0
unbewiesen	neg 1.0		neg 0.4955155577432716 off 0.4640389955714829 __DUMMY__ 0.04044544668524534	false	1.0
verschleppen	neg 1.0		neg 0.496611046039476 off 0.46263469106761995 __DUMMY__ 0.04075426289290415	false	1.0
weib	off 1.0		neg 0.4832445750389587 off 0.47707665793824394 __DUMMY__ 0.03967876702279735	false	0.5
opposition	neg 1.0		neg 0.4918187453860418 off 0.46764604653403885 __DUMMY__ 0.040535208079919324	false	1.0
verkehrswidrig	neg 1.0		off 0.47969306780754406 neg 0.4796878536112253 __DUMMY__ 0.040619078581230685	false	0.5
inkorrekt	neg 1.0		neg 0.4854303572570726 off 0.47440054647105784 __DUMMY__ 0.04016909627186965	false	1.0
vermeiden	neg 1.0	neg 1.0	neg 0.7358387807923863 off 0.2444477868010175 __DUMMY__ 0.019713432406596124	false	1.0
abweichung	neg 1.0		neg 0.4955609631465873 off 0.46354591830655933 __DUMMY__ 0.04089311854685325	false	1.0
alkoholisiert	neg 1.0		neg 0.49473788854406353 off 0.4641925635329038 __DUMMY__ 0.04106954792303265	false	1.0
scheiss	off 1.0	off 1.0	off 0.721615693009526 neg 0.25917687843086346 __DUMMY__ 0.01920742855961049	false	1.0
herausforderung	neg 1.0		neg 0.49636329757190595 off 0.4626341423105096 __DUMMY__ 0.041002560117584526	false	1.0
pervers	off 1.0		off 0.482309228460328 neg 0.47788170312026973 __DUMMY__ 0.03980906841940222	false	1.0
wackelig	neg 1.0		neg 0.4909633284878803 off 0.46793508808374473 __DUMMY__ 0.04110158342837502	false	1.0
verwickeln	neg 1.0		neg 0.49104359308763806 off 0.46847293715682825 __DUMMY__ 0.040483469755533776	false	1.0
vorwand	neg 1.0		neg 0.4980642472962165 off 0.4610195465567667 __DUMMY__ 0.04091620614701691	false	1.0
muschi	off 1.0		neg 0.4927681493491402 off 0.4664486502458139 __DUMMY__ 0.040783200405045884	false	0.5
entmutigung	neg 1.0		neg 0.49210454415544796 off 0.46731410823038805 __DUMMY__ 0.040581347614163904	false	1.0
unangemessen	neg 1.0		neg 0.4955431603742512 off 0.46382830880204695 __DUMMY__ 0.04062853082370197	false	1.0
unstetig	neg 1.0		neg 0.4886582955634228 off 0.4706707967154728 __DUMMY__ 0.04067090772110443	false	1.0
entmutigen	neg 1.0		neg 0.4912508738393148 off 0.4680710476068299 __DUMMY__ 0.040678078553855315	false	1.0
schwanz	neg 1.0		neg 0.495443666220906 off 0.46369033341548677 __DUMMY__ 0.040866000363607255	false	1.0
verbot	neg 1.0		neg 0.49623161609330546 off 0.46302411913045693 __DUMMY__ 0.04074426477623753	false	1.0
leid	neg 1.0		neg 0.48222264655740843 off 0.47764126406264196 __DUMMY__ 0.040136089379949724	false	1.0
archaisch	neg 1.0		neg 0.4940883427011069 off 0.4651809153492717 __DUMMY__ 0.040730741949621535	false	1.0
gegen			neg 0.4988690049101723 off 0.46005116330740264 __DUMMY__ 0.04107983178242514	false	0.0
scheidung	neg 1.0		off 0.4891748397585995 neg 0.4709063915882596 __DUMMY__ 0.039918768653141	false	0.5
einschlag	neg 1.0		neg 0.4842596224394174 off 0.47539154754717566 __DUMMY__ 0.04034883001340694	false	1.0
m			neg 0.49333845726593534 off 0.4657273005012621 __DUMMY__ 0.040934242232802565	false	0.0
abgestanden	neg 1.0		neg 0.492476003302443 off 0.4669485594046204 __DUMMY__ 0.0405754372929366	false	1.0
schmierig	off 1.0		neg 0.482198373724632 off 0.4775564673702686 __DUMMY__ 0.04024515890509956	false	0.5
unpraktisch	neg 1.0		neg 0.4899031264140884 off 0.4693910587965721 __DUMMY__ 0.0407058147893395	false	1.0
wixxer	off 1.0		off 0.4811569171709088 neg 0.47918181821341627 __DUMMY__ 0.03966126461567495	false	1.0
bezeichnet			neg 0.49407524816144666 off 0.4653891365109156 __DUMMY__ 0.040535615327637796	false	0.0
jammerlappen	off 1.0		neg 0.4865319028576546 off 0.4729024610911107 __DUMMY__ 0.04056563605123472	false	0.5
farce	neg 1.0		neg 0.4961276067657166 off 0.46325660994812207 __DUMMY__ 0.04061578328616126	false	1.0
zwecklos	neg 1.0		neg 0.4955019384449237 off 0.46381545519090106 __DUMMY__ 0.0406826063641753	false	1.0
turbulent	neg 1.0		neg 0.4882189900231275 off 0.471582765609064 __DUMMY__ 0.0401982443678085	false	1.0
invasion	neg 1.0		neg 0.49018436275118304 off 0.4691868987459548 __DUMMY__ 0.04062873850286207	false	1.0
schuld	neg 1.0		neg 0.49230626117053045 off 0.4671351296371554 __DUMMY__ 0.04055860919231416	false	1.0
risiko	neg 1.0	neg 1.0	neg 0.7306710319974532 off 0.24987535813081058 __DUMMY__ 0.019453609871736246	false	1.0
finster	neg 1.0		neg 0.49195367575265103 off 0.4675162708918549 __DUMMY__ 0.04053005335549411	false	1.0
geisteskrank	off 1.0		neg 0.4878369904961364 off 0.47197134375467964 __DUMMY__ 0.04019166574918409	false	0.5
zusammenbrechen	neg 1.0		neg 0.493906475270887 off 0.465279494556732 __DUMMY__ 0.04081403017238104	false	1.0
ausbeute	neg 1.0		neg 0.4891066263971878 off 0.46942323030337507 __DUMMY__ 0.04147014329943704	false	1.0
hinterhalt	neg 1.0		neg 0.49025299647099585 off 0.468612067966203 __DUMMY__ 0.041134935562801025	false	1.0
kritik	neg 1.0		neg 0.49663026798970666 off 0.4627729231109932 __DUMMY__ 0.040596808899300126	false	1.0
einschrumpfen	neg 1.0		neg 0.4894856244850301 off 0.47009698489541246 __DUMMY__ 0.04041739061955752	false	1.0
riskant	neg 1.0		neg 0.49746189931410945 off 0.4617162858254961 __DUMMY__ 0.040821814860394504	false	1.0
frustrieren	neg 1.0		neg 0.4960315494452389 off 0.46313542304994354 __DUMMY__ 0.04083302750481752	false	1.0
groll	neg 1.0		neg 0.4961909516996765 off 0.4631268377976301 __DUMMY__ 0.0406822105026933	false	1.0
gibt			neg 0.49324887812002033 off 0.46588489945728495 __DUMMY__ 0.04086622242269479	false	0.0
qualvoll	neg 1.0		neg 0.48896090901437406 off 0.4704496262906041 __DUMMY__ 0.040589464695021844	false	1.0
wackeln	neg 1.0		neg 0.4897869958581505 off 0.469383867983129 __DUMMY__ 0.040829136158720615	false	1.0
klagen	neg 1.0		neg 0.4997694078852335 off 0.4592485354223166 __DUMMY__ 0.04098205669244979	false	1.0
bankrott	neg 1.0		neg 0.48639940602315496 off 0.47294212377404504 __DUMMY__ 0.04065847020280015	false	1.0
trauern	neg 1.0		neg 0.4952944531977465 off 0.46372640048592484 __DUMMY__ 0.04097914631632857	false	1.0
ablehnung	neg 1.0		neg 0.49630536380459217 off 0.46303298861288306 __DUMMY__ 0.040661647582524794	false	1.0
stur	neg 1.0		neg 0.49175998885525274 off 0.46765838593866393 __DUMMY__ 0.04058162520608326	false	1.0
aufruhr	neg 1.0		neg 0.4938657435275679 off 0.4654067815316521 __DUMMY__ 0.04072747494078012	false	1.0
melancholie	neg 1.0		neg 0.4955457234303792 off 0.46363290023890585 __DUMMY__ 0.040821376330714886	false	1.0
ist			neg 0.4898604058899991 off 0.4694726976754983 __DUMMY__ 0.040666896434502754	false	0.0
torheit	neg 1.0		neg 0.4923240898377957 off 0.46700646109832283 __DUMMY__ 0.04066944906388132	false	1.0
dreckskind	off 1.0		neg 0.48376554109401804 off 0.4763683700631331 __DUMMY__ 0.03986608884284893	false	0.5
umtauschen	neg 1.0		neg 0.49157553684341493 off 0.467624593824082 __DUMMY__ 0.040799869332503035	false	1.0
zum			neg 0.49727746373195725 off 0.461208550017704 __DUMMY__ 0.041513986250338746	false	0.0
zersetzen	neg 1.0		neg 0.49882922056499474 off 0.46036513344879637 __DUMMY__ 0.040805645986208956	false	1.0
zur			neg 0.4997988646264656 off 0.4588279200262604 __DUMMY__ 0.0413732153472741	false	0.0
frust	neg 1.0		neg 0.49381623960117504 off 0.4653549161539517 __DUMMY__ 0.04082884424487327	false	1.0
unerbittlichkeit	neg 1.0		neg 0.4981925611536849 off 0.4609359823074161 __DUMMY__ 0.040871456538898926	false	1.0
zwei			neg 0.4965450025736692 off 0.4620250733913592 __DUMMY__ 0.04142992403497171	false	0.0
unkorrekt	neg 1.0		neg 0.48399589425648365 off 0.4756587058930328 __DUMMY__ 0.040345399850483694	false	1.0
hexe	off 1.0		neg 0.4906810728328366 off 0.46919204646039064 __DUMMY__ 0.040126880706772755	false	0.5
lasch	neg 1.0		neg 0.48992184470939937 off 0.4696936517069669 __DUMMY__ 0.04038450358363377	false	1.0
rivale	neg 1.0		neg 0.48576236450591326 off 0.4739300699511452 __DUMMY__ 0.04030756554294156	false	1.0
mutlos	off 1.0	off 1.0	off 0.7155013634215236 neg 0.26509639511305055 __DUMMY__ 0.01940224146542588	false	1.0
wirr	off 1.0		neg 0.4853198699958839 off 0.4745676478686958 __DUMMY__ 0.04011248213542039	false	0.5
jahr			neg 0.49148552398641926 off 0.4669584266949473 __DUMMY__ 0.04155604931863348	false	0.0
wird			neg 0.4950831960234467 off 0.464070393592293 __DUMMY__ 0.04084641038426031	false	0.0
strafbar	neg 1.0		neg 0.49643129761636173 off 0.46271167153454745 __DUMMY__ 0.04085703084909094	false	1.0
erosion	neg 1.0		neg 0.4904832687851569 off 0.46864331864594394 __DUMMY__ 0.04087341256889914	false	1.0
eingehen	neg 1.0		neg 0.49674305432682203 off 0.46245742586461597 __DUMMY__ 0.0407995198085619	false	1.0
faul	off 1.0		neg 0.48687389162107897 off 0.4725155342604204 __DUMMY__ 0.04061057411850056	false	0.5
provisorium	neg 1.0		neg 0.49967901679562593 off 0.45867034614566343 __DUMMY__ 0.04165063705871057	false	1.0
schmerzen	neg 1.0		neg 0.4943195316050336 off 0.46504051050428297 __DUMMY__ 0.04063995789068346	false	1.0
schrumpfen	neg 1.0		neg 0.5023069704791208 off 0.4566037332241627 __DUMMY__ 0.04108929629671662	false	1.0
geistlos	off 1.0		neg 0.4920446253419155 off 0.46760557873134373 __DUMMY__ 0.04034979592674082	false	0.5
fehlkauf	neg 1.0		neg 0.4904007936351445 off 0.46896074258496945 __DUMMY__ 0.04063846377988594	false	1.0
frustrierend	neg 1.0		neg 0.48775751616456026 off 0.47165971260369366 __DUMMY__ 0.040582771231746174	false	1.0
unzufrieden	neg 1.0		neg 0.49558525393316577 off 0.46369909246867896 __DUMMY__ 0.040715653598155196	false	1.0
verzweifeln	neg 1.0		neg 0.4933219822554658 off 0.46592975484200577 __DUMMY__ 0.040748262902528275	false	1.0
verzweifelt	neg 1.0	neg 1.0	neg 0.7324127236857123 off 0.24832793124019076 __DUMMY__ 0.019259345074096955	false	1.0
misstrauensantrag	neg 1.0		neg 0.4898564023321061 off 0.4695121745753929 __DUMMY__ 0.04063142309250097	false	1.0
abfallen	neg 1.0		neg 0.48975196257493814 off 0.4694322903154698 __DUMMY__ 0.04081574710959206	false	1.0
fucker	off 1.0		neg 0.48408539342557566 off 0.4755073033357364 __DUMMY__ 0.040407303238687915	false	0.5
ungezogen	neg 1.0		off 0.4814926874438113 neg 0.47864485259188005 __DUMMY__ 0.03986245996430873	false	0.5
irrsinnig	neg 1.0	neg 1.0	neg 0.7319923214808798 off 0.24870702268687997 __DUMMY__ 0.01930065583224034	false	1.0
unfassbar	neg 1.0		neg 0.485381297257227 off 0.47410973633847214 __DUMMY__ 0.040508966404300926	false	1.0
hart	neg 1.0		neg 0.48714481384755676 off 0.47245564724251704 __DUMMY__ 0.04039953890992626	false	1.0
widerlich	off 1.0		neg 0.48668223279923184 off 0.4730199552604568 __DUMMY__ 0.04029781194031136	false	0.5
fatal	neg 1.0		neg 0.4899004092993232 off 0.46948168207360574 __DUMMY__ 0.04061790862707094	false	1.0
bruch	neg 1.0		neg 0.4990503976722354 off 0.4599472128403559 __DUMMY__ 0.04100238948740864	false	1.0
aushungern	neg 1.0		neg 0.4943552119204871 off 0.4648410946843046 __DUMMY__ 0.04080369339520837	false	1.0
anspannung	neg 1.0		neg 0.49929400314207406 off 0.4593753466650519 __DUMMY__ 0.04133065019287404	false	1.0
von			neg 0.49060262273831634 off 0.4677556427822572 __DUMMY__ 0.04164173447942646	false	0.0
kraftlos	neg 1.0		neg 0.4939737645220484 off 0.4651505448787544 __DUMMY__ 0.040875690599197156	false	1.0
vom			neg 0.49860303370886316 off 0.4597097076205529 __DUMMY__ 0.04168725867058391	false	0.0
grenzdebil	off 1.0		neg 0.48500325934352007 off 0.47450115686049427 __DUMMY__ 0.04049558379598569	false	0.5
vor			neg 0.4965789476028931 off 0.4622767543268879 __DUMMY__ 0.04114429807021903	false	0.0
unterwerfen	neg 1.0		neg 0.49635912586322634 off 0.4628168773818607 __DUMMY__ 0.04082399675491297	false	1.0
versenkung	neg 1.0		neg 0.4942431301475818 off 0.4647449197605223 __DUMMY__ 0.04101195009189605	false	1.0
entziehen	neg 1.0		neg 0.49863701300714713 off 0.4603471373488364 __DUMMY__ 0.041015849644016354	false	1.0
finanzkrise	neg 1.0		neg 0.496134454571567 off 0.46335102680342305 __DUMMY__ 0.04051451862500988	false	1.0
schimpfend	neg 1.0		neg 0.4901398789322859 off 0.46924201602531856 __DUMMY__ 0.040618105042395575	false	1.0
profan	neg 1.0		neg 0.4899152476796872 off 0.4695405125360951 __DUMMY__ 0.04054423978421775	false	1.0
korruption	neg 1.0		neg 0.49690889368570096 off 0.46237829505455713 __DUMMY__ 0.040712811259741945	false	1.0
â			neg 0.49358848997408256 off 0.4654284803815052 __DUMMY__ 0.04098302964441227	false	0.0
schmutzig	neg 1.0		neg 0.4844587579886451 off 0.47505049697093177 __DUMMY__ 0.04049074504042314	false	1.0
sexy	neg 1.0		neg 0.48753664651255735 off 0.47181137044961746 __DUMMY__ 0.04065198303782505	false	1.0
abraten	neg 1.0		neg 0.48890011361727315 off 0.4703739213565479 __DUMMY__ 0.040725965026179055	false	1.0
schwarz	neg 1.0		neg 0.4907872333909579 off 0.46858386465306473 __DUMMY__ 0.04062890195597749	false	1.0
fotze	off 1.0	off 1.0	off 0.7175862380257657 neg 0.2629438484391471 __DUMMY__ 0.0194699135350872	false	1.0
verwirren	neg 1.0		neg 0.4890874458874846 off 0.47034530930234025 __DUMMY__ 0.040567244810175124	false	1.0
zahnlos	off 1.0		neg 0.4944932784373336 off 0.4647926034559153 __DUMMY__ 0.04071411810675097	false	0.5
verheeren	neg 1.0		off 0.48295069497834175 neg 0.4772009400282435 __DUMMY__ 0.03984836499341466	false	0.5
hippie	neg 1.0		neg 0.48815365025608626 off 0.4712010185784955 __DUMMY__ 0.04064533116541822	false	1.0
rammen	neg 1.0		neg 0.4940117280596459 off 0.46565293165686694 __DUMMY__ 0.04033534028348718	false	1.0
unlauter	neg 1.0		neg 0.4932226751620585 off 0.46629471278842927 __DUMMY__ 0.040482612049512284	false	1.0
unheilvoll	neg 1.0		neg 0.49055605313955886 off 0.46883849924809934 __DUMMY__ 0.040605447612341715	false	1.0
niedrig	neg 1.0		neg 0.49842678089592707 off 0.4608116858271653 __DUMMY__ 0.04076153327690764	false	1.0
explosion	neg 1.0		neg 0.4890066266259106 off 0.4703680122017271 __DUMMY__ 0.0406253611723624	false	1.0
weichei	off 1.0	off 1.0	off 0.7242049988329726 neg 0.25676098655646457 __DUMMY__ 0.019034014610562748	false	1.0
minusmensch	off 1.0		neg 0.4830462166819975 off 0.47730772579482267 __DUMMY__ 0.03964605752317995	false	0.5
farblos	neg 1.0		neg 0.4921759647830802 off 0.4670687403563397 __DUMMY__ 0.04075529486058008	false	1.0
unwissend	neg 1.0	neg 1.0	neg 0.7296490061278154 off 0.2511252240524534 __DUMMY__ 0.019225769819731196	false	1.0
traurig	neg 1.0		neg 0.48276837981606613 off 0.4768154972176031 __DUMMY__ 0.04041612296633083	false	1.0
senkung	neg 1.0		neg 0.4913565709378568 off 0.4682295665869242 __DUMMY__ 0.04041386247521889	false	1.0
ungleich	neg 1.0	neg 1.0	neg 0.7350111696933265 off 0.24553992719051398 __DUMMY__ 0.019448903116159676	false	1.0
heikel	neg 1.0		neg 0.497275571265526 off 0.46188445238106185 __DUMMY__ 0.04083997635341213	false	1.0
drosselung	neg 1.0		neg 0.48625893476969784 off 0.47334657221726606 __DUMMY__ 0.04039449301303605	false	1.0
falsch	neg 1.0		neg 0.48804837480890606 off 0.47142853308487553 __DUMMY__ 0.04052309210621827	false	1.0
unzufriedenheit	neg 1.0		neg 0.4984688798357982 off 0.46059364714545786 __DUMMY__ 0.04093747301874395	false	1.0
kurz	neg 1.0		neg 0.49103258009228945 off 0.4679434920725423 __DUMMY__ 0.04102392783516826	false	1.0
unsinnig	neg 1.0		neg 0.4943699717462392 off 0.4649416088429535 __DUMMY__ 0.04068841941080745	false	1.0
penner	off 1.0	off 1.0	off 0.7250599339939507 neg 0.25593372881618215 __DUMMY__ 0.019006337189867085	false	1.0
seicht	neg 1.0		off 0.4808162731987576 neg 0.4793143744717144 __DUMMY__ 0.03986935232952808	false	0.5
dummheit	off 1.0	off 1.0	off 0.7193702749324622 neg 0.2614189916849511 __DUMMY__ 0.019210733382586657	false	1.0
unerfreulich	neg 1.0		neg 0.49696368855614853 off 0.46205827842810937 __DUMMY__ 0.04097803301574214	false	1.0
motherfucker	off 1.0	off 1.0	off 0.7224436586206344 neg 0.258357210011583 __DUMMY__ 0.01919913136778259	false	1.0
pikiert	neg 1.0		neg 0.48774715113517086 off 0.47194425146065005 __DUMMY__ 0.04030859740417916	false	1.0
wrack	neg 1.0		neg 0.4934598542359231 off 0.46564159629620233 __DUMMY__ 0.040898549467874676	false	1.0
gangster	neg 1.0		neg 0.48827366723947707 off 0.47110057873055255 __DUMMY__ 0.040625754029970464	false	1.0
krank	neg 1.0		neg 0.4844939076892923 off 0.4749700806501074 __DUMMY__ 0.040536011660600516	false	1.0
reich	neg 1.0		neg 0.4860832282160355 off 0.47335764101086253 __DUMMY__ 0.04055913077310184	false	1.0
gnadenlos	neg 1.0		neg 0.49210218708446185 off 0.4673267766712398 __DUMMY__ 0.04057103624429835	false	1.0
niedergeschlagen	neg 1.0		neg 0.4928104798108102 off 0.46634094399554893 __DUMMY__ 0.04084857619364095	false	1.0
terrorisieren	off 1.0	off 1.0	off 0.7165268257205469 neg 0.26398355811500424 __DUMMY__ 0.019489616164448793	false	1.0
sinnlosigkeit	neg 1.0		neg 0.49483745907660387 off 0.4644164682629386 __DUMMY__ 0.04074607266045745	false	1.0
behindern	neg 1.0		neg 0.49279447861611675 off 0.4664427921835368 __DUMMY__ 0.040762729200346556	false	1.0
undemokratisch	neg 1.0		neg 0.4919689671602137 off 0.46740818319853766 __DUMMY__ 0.04062284964124861	false	1.0
wirtschaftskrise	neg 1.0		neg 0.4977857653306259 off 0.4615603377107047 __DUMMY__ 0.040653896958669423	false	1.0
neid	neg 1.0		neg 0.48577117494392846 off 0.4734830655604634 __DUMMY__ 0.04074575949560807	false	1.0
rutschen	neg 1.0		neg 0.4969890611191198 off 0.4616022570908013 __DUMMY__ 0.041408681790078804	false	1.0
rezession	neg 1.0		neg 0.48833494561178675 off 0.4718027677915437 __DUMMY__ 0.039862286596669516	false	1.0
fehlgeburt	neg 1.0		neg 0.4888619385689327 off 0.47036885032894643 __DUMMY__ 0.04076921110212088	false	1.0
charakterschwach	off 1.0		neg 0.48681045899499675 off 0.4728757716876181 __DUMMY__ 0.040313769317385256	false	0.5
isolation	neg 1.0		neg 0.48795149923868547 off 0.4714477782712614 __DUMMY__ 0.040600722490053046	false	1.0
ablenkung	neg 1.0		neg 0.4907268112317592 off 0.4684360512948873 __DUMMY__ 0.0408371374733536	false	1.0
pech	neg 1.0		neg 0.48776224669933826 off 0.4716546625200819 __DUMMY__ 0.04058309078057994	false	1.0
vermeidung	neg 1.0		neg 0.48573166350657926 off 0.47384002826979166 __DUMMY__ 0.04042830822362903	false	1.0
dominieren	neg 1.0		neg 0.496632359176512 off 0.4625391987111945 __DUMMY__ 0.040828442112293556	false	1.0
schwindlig	neg 1.0		neg 0.488464164318183 off 0.4708013496326324 __DUMMY__ 0.04073448604918471	false	1.0
lutscher	neg 1.0	neg 1.0	neg 0.7247215262074681 off 0.2563326030801657 __DUMMY__ 0.018945870712366225	false	1.0
pflicht	neg 1.0		neg 0.4983566922410185 off 0.4607414356197306 __DUMMY__ 0.0409018721392509	false	1.0
faschist	off 1.0		neg 0.48903803111535454 off 0.4704048846239524 __DUMMY__ 0.04055708426069311	false	0.5
verschleudern	neg 1.0		neg 0.4978840758705595 off 0.46131297976178287 __DUMMY__ 0.04080294436765753	false	1.0
wenn			neg 0.4879928476277393 off 0.4714926292646616 __DUMMY__ 0.04051452310759922	false	0.0
ehebruch	neg 1.0		neg 0.4959286478847009 off 0.4632650109482473 __DUMMY__ 0.04080634116705189	false	1.0
spott	off 1.0		neg 0.49702314521076285 off 0.46220652340069107 __DUMMY__ 0.04077033138854601	false	0.5
trostlosigkeit	neg 1.0		neg 0.49845583669736226 off 0.46057033206759695 __DUMMY__ 0.04097383123504086	false	1.0
lutschen	neg 1.0		neg 0.4900732953105573 off 0.4695287998120738 __DUMMY__ 0.04039790487736892	false	1.0
undiszipliniert	neg 1.0		neg 0.48419803881474677 off 0.4754524216478878 __DUMMY__ 0.04034953953736535	false	1.0
kopfschmerz	neg 1.0		neg 0.4959061195194396 off 0.4634630912513114 __DUMMY__ 0.04063078922924905	false	1.0
unvorhergesehen	neg 1.0		neg 0.49352519986887655 off 0.4652581624753856 __DUMMY__ 0.041216637655737756	false	1.0
desinteressiert	neg 1.0	neg 1.0	neg 0.7284185813555603 off 0.25240934712745233 __DUMMY__ 0.019172071516987445	false	1.0
armselig	off 1.0		neg 0.4852871146919381 off 0.4745466657386012 __DUMMY__ 0.04016621956946052	false	0.5
desaster	neg 1.0		neg 0.4998225779168869 off 0.4591662524471344 __DUMMY__ 0.041011169635978825	false	1.0
tod	neg 1.0		neg 0.49380947312036777 off 0.4652267323964584 __DUMMY__ 0.04096379448317397	false	1.0
herzlos	neg 1.0		neg 0.4842801599923012 off 0.4754530668914336 __DUMMY__ 0.04026677311626523	false	1.0
unwissenheit	neg 1.0		neg 0.4956626695977426 off 0.463621475524915 __DUMMY__ 0.04071585487734246	false	1.0
widersinnig	neg 1.0		neg 0.4972139577560058 off 0.4622252075921446 __DUMMY__ 0.04056083465184951	false	1.0
bedenklich	neg 1.0		neg 0.49634846425251317 off 0.46288113561586763 __DUMMY__ 0.040770400131619235	false	1.0
beanstanden	neg 1.0		neg 0.4983183801526726 off 0.4607294636272371 __DUMMY__ 0.040952156220090304	false	1.0
panisch	neg 1.0	neg 1.0	neg 0.7295798133213137 off 0.25097977362606566 __DUMMY__ 0.019440413052620554	false	1.0
debil	off 1.0		neg 0.5017212492283223 off 0.4569230826284668 __DUMMY__ 0.04135566814321085	false	0.5
abstrich	neg 1.0		neg 0.4893901680703271 off 0.46952294029679276 __DUMMY__ 0.04108689163288011	false	1.0
primitiv	neg 1.0		neg 0.48654822564578043 off 0.47316807732678 __DUMMY__ 0.040283697027439676	false	1.0
abschaum	off 1.0	off 1.0	off 0.7211172043451911 neg 0.2596770973884943 __DUMMY__ 0.019205698266314634	false	1.0
provozieren	neg 1.0		neg 0.4930292166377623 off 0.4664666687441549 __DUMMY__ 0.04050411461808296	false	1.0
tot	neg 1.0		neg 0.49480132492694984 off 0.4643924707325388 __DUMMY__ 0.0408062043405113	false	1.0
instabil	neg 1.0		neg 0.485805501262125 off 0.47399991880199616 __DUMMY__ 0.0401945799358789	false	1.0
schwuchtel	off 1.0	off 1.0	off 0.7272704005517704 neg 0.2539564173131647 __DUMMY__ 0.018773182135064886	false	1.0
zerren	neg 1.0		neg 0.4939334737059225 off 0.4652426967271057 __DUMMY__ 0.04082382956697173	false	1.0
kinderficker	off 1.0		neg 0.4812608298462766 off 0.47854802232084276 __DUMMY__ 0.04019114783288061	false	0.5
gefahr	neg 1.0		neg 0.4975842432585744 off 0.4613711613025292 __DUMMY__ 0.04104459543889649	false	1.0
rabiat	neg 1.0		neg 0.49184402973384084 off 0.46742767752423475 __DUMMY__ 0.04072829274192434	false	1.0
verlangsamung	neg 1.0		neg 0.4833505873426504 off 0.4768650318550034 __DUMMY__ 0.0397843808023462	false	1.0
ausgestorben	neg 1.0		neg 0.4915358193501871 off 0.46766313032372653 __DUMMY__ 0.04080105032608641	false	1.0
anklagen	neg 1.0		neg 0.49591189355501897 off 0.46331570943698874 __DUMMY__ 0.04077239700799223	false	1.0
trott	neg 1.0		neg 0.49221741830250815 off 0.4670109597496868 __DUMMY__ 0.04077162194780501	false	1.0
verminderung	neg 1.0		neg 0.4855016303400303 off 0.4741041811826813 __DUMMY__ 0.040394188477288304	false	1.0
nach			neg 0.4976591317366663 off 0.46083434468791057 __DUMMY__ 0.04150652357542312	false	0.0
rost	neg 1.0		neg 0.4813992721762638 off 0.47848479577670233 __DUMMY__ 0.040115932047033946	false	1.0
destruktiv	neg 1.0		neg 0.4933728491719772 off 0.465995192353221 __DUMMY__ 0.040631958474801846	false	1.0
unzumutbarkeit	neg 1.0		neg 0.4859167057004266 off 0.47354676053562517 __DUMMY__ 0.04053653376394827	false	1.0
labil	off 1.0	off 1.0	off 0.7209149825061708 neg 0.25983597761935456 __DUMMY__ 0.019249039874474634	false	1.0
ziemlich	neg 1.0		neg 0.4846843831443572 off 0.4747254615345815 __DUMMY__ 0.04059015532106127	false	1.0
lachnummer	off 1.0		neg 0.49302382230488995 off 0.4663929855371112 __DUMMY__ 0.04058319215799876	false	0.5
oder			neg 0.48990718018685586 off 0.4692876014421459 __DUMMY__ 0.04080521837099824	false	0.0
verfall	neg 1.0		neg 0.5015831092882046 off 0.45726639312399575 __DUMMY__ 0.04115049758779973	false	1.0
ausgrenzung	neg 1.0		neg 0.4914016448815273 off 0.46800341560920244 __DUMMY__ 0.04059493950927017	false	1.0
unordnung	neg 1.0		neg 0.48232764148992746 off 0.4771341458138396 __DUMMY__ 0.040538212696232784	false	1.0
fehlverhalten	neg 1.0		neg 0.4988659295667826 off 0.4603605384782131 __DUMMY__ 0.040773531955004216	false	1.0
eine			neg 0.49602276825868113 off 0.4628674976508564 __DUMMY__ 0.041109734090462376	false	0.0
nille	neg 1.0		neg 0.49198582573349753 off 0.46720334313552014 __DUMMY__ 0.04081083113098224	false	1.0
qual	neg 1.0		neg 0.4925180013246051 off 0.46668419856310833 __DUMMY__ 0.04079780011228641	false	1.0
verschwenden	neg 1.0		neg 0.49708153827044327 off 0.4621389642526974 __DUMMY__ 0.040779497476859404	false	1.0
riesig	neg 1.0		neg 0.494535009166999 off 0.46451049280430756 __DUMMY__ 0.04095449802869344	false	1.0
verurteilen	neg 1.0		neg 0.49689670287143695 off 0.4624852421414588 __DUMMY__ 0.04061805498710419	false	1.0
klischee	neg 1.0	neg 1.0	neg 0.7307809379605851 off 0.24999718146629765 __DUMMY__ 0.019221880573117214	false	1.0
diktatorisch	neg 1.0		neg 0.4922578802543036 off 0.4671707024945214 __DUMMY__ 0.04057141725117502	false	1.0
vorhersehbar	neg 1.0		neg 0.49042533802429156 off 0.46914554844171524 __DUMMY__ 0.04042911353399325	false	1.0
sowie			neg 0.4838348906535267 off 0.4761308455043453 __DUMMY__ 0.040034263842127986	false	0.0
stornieren	neg 1.0		neg 0.48613471762197263 off 0.47284931482936493 __DUMMY__ 0.041015967548662394	false	1.0
besteuerung	neg 1.0		neg 0.4943518673274059 off 0.4652301541055154 __DUMMY__ 0.040417978567078815	false	1.0
ungeschminkt	neg 1.0		neg 0.4885329339988836 off 0.47134019328695087 __DUMMY__ 0.04012687271416552	false	1.0
kritisch	neg 1.0		neg 0.4962912325377575 off 0.46289359186723306 __DUMMY__ 0.04081517559500936	false	1.0
schlamperei	off 1.0		neg 0.49664585079266843 off 0.46239028499165225 __DUMMY__ 0.040963864215679345	false	0.5
sucht	neg 1.0	neg 1.0	neg 0.7292545740095725 off 0.2511368644811716 __DUMMY__ 0.019608561509255946	false	1.0
egoistisch	off 1.0		neg 0.4821944002589978 off 0.4777380324645371 __DUMMY__ 0.040067567276465044	false	0.5
ausbeuter	off 1.0		neg 0.49955186722646155 off 0.45973958761279515 __DUMMY__ 0.04070854516074329	false	0.5
arschgeburt	off 1.0		off 0.48254661226331585 neg 0.4779949109976225 __DUMMY__ 0.0394584767390616	false	1.0
schubs	neg 1.0		neg 0.49303421954673166 off 0.4660940312824031 __DUMMY__ 0.040871749170865244	false	1.0
unsolide	neg 1.0		neg 0.4926320403255882 off 0.46692847425280826 __DUMMY__ 0.04043948542160357	false	1.0
beschwerde	neg 1.0		neg 0.49752154294673767 off 0.46170373676837495 __DUMMY__ 0.040774720284887364	false	1.0
stocken	neg 1.0		neg 0.49683290143595066 off 0.462268678349956 __DUMMY__ 0.04089842021409344	false	1.0
isolieren	neg 1.0		neg 0.4957891558261989 off 0.4634200012441659 __DUMMY__ 0.04079084292963524	false	1.0
unheilbar	neg 1.0		neg 0.4918684579466264 off 0.46742669692040273 __DUMMY__ 0.0407048451329709	false	1.0
pisser	off 1.0		neg 0.48644470251940186 off 0.4734293661971208 __DUMMY__ 0.040125931283477474	false	0.5
löschen	neg 1.0		neg 0.4919426711268993 off 0.4673005187093746 __DUMMY__ 0.040756810163726113	false	1.0
durchfallen	neg 1.0		neg 0.49652664282147013 off 0.4627767148321121 __DUMMY__ 0.04069664234641778	false	1.0
wichser	off 1.0	off 1.0	off 0.7266754667521192 neg 0.25439801456701044 __DUMMY__ 0.01892651868087032	false	1.0
terror	neg 1.0		neg 0.4882178806911546 off 0.47111631819468935 __DUMMY__ 0.04066580111415619	false	1.0
krass	neg 1.0		neg 0.48333524273935824 off 0.4764194982803338 __DUMMY__ 0.040245258980307994	false	1.0
revolte	neg 1.0		neg 0.4908562725257825 off 0.4685625932549965 __DUMMY__ 0.04058113421922101	false	1.0
besorgt	neg 1.0		neg 0.49092118611188057 off 0.46799938244507827 __DUMMY__ 0.04107943144304107	false	1.0
nachlassen	neg 1.0		neg 0.4959211149193323 off 0.46309808569030797 __DUMMY__ 0.040980799390359764	false	1.0
alt	neg 1.0		neg 0.4954621552673396 off 0.46380622417813483 __DUMMY__ 0.040731620554525526	false	1.0
hundesohn	off 1.0		off 0.4805020594390467 neg 0.47971430113518565 __DUMMY__ 0.039783639425767785	false	1.0
als			neg 0.493235839989313 off 0.46587184328551084 __DUMMY__ 0.04089231672517615	false	0.0
abschreckung	neg 1.0		neg 0.49888024713255397 off 0.4601876326451084 __DUMMY__ 0.04093212022233767	false	1.0
unqualifiziert	neg 1.0		neg 0.4897538327802591 off 0.46986676005783945 __DUMMY__ 0.040379407161901366	false	1.0
abgewichst	off 1.0		neg 0.49204121762681413 off 0.46707166865042565 __DUMMY__ 0.0408871137227603	false	0.5
schwer	neg 1.0		neg 0.49298332007315615 off 0.46630871874620944 __DUMMY__ 0.04070796118063433	false	1.0
bedeutungslosigkeit	neg 1.0		neg 0.4978407856894249 off 0.46127057169165975 __DUMMY__ 0.040888642618915304	false	1.0
kapitulation	neg 1.0		neg 0.4963946837623069 off 0.4627516462124647 __DUMMY__ 0.04085367002522864	false	1.0
unscharf	neg 1.0		neg 0.49056286437450847 off 0.4689520069103725 __DUMMY__ 0.04048512871511914	false	1.0
schwinden	neg 1.0		neg 0.49848144252690885 off 0.4606486647582308 __DUMMY__ 0.04086989271486028	false	1.0
versklavung	neg 1.0		neg 0.4922295557222664 off 0.4671404274780885 __DUMMY__ 0.04063001679964517	false	1.0
schlecht	neg 1.0		neg 0.48472863829722423 off 0.4747017698907685 __DUMMY__ 0.04056959181200737	false	1.0
verhasst	neg 1.0		neg 0.49327929753362204 off 0.46631595490070094 __DUMMY__ 0.04040474756567697	false	1.0
beschweren	neg 1.0		neg 0.48992077204323037 off 0.46943392821903046 __DUMMY__ 0.04064529973773908	false	1.0
scheiden	neg 1.0		neg 0.49045320952928095 off 0.4686685937392143 __DUMMY__ 0.040878196731504786	false	1.0
frustriert	neg 1.0		neg 0.49444074320986775 off 0.46486499540341686 __DUMMY__ 0.04069426138671542	false	1.0
schimmelig	neg 1.0		neg 0.49789562702901846 off 0.4615703764512775 __DUMMY__ 0.04053399651970392	false	1.0
fisch	neg 1.0		neg 0.4994062442244903 off 0.45981919096633667 __DUMMY__ 0.04077456480917307	false	1.0
schmuggel	neg 1.0		neg 0.49702527692634413 off 0.46207336169236624 __DUMMY__ 0.04090136138128959	false	1.0
auffallen	neg 1.0		neg 0.4889996540416961 off 0.47038024828590974 __DUMMY__ 0.04062009767239425	false	1.0
konkurrenz	neg 1.0		neg 0.49912751785620113 off 0.45991534790825866 __DUMMY__ 0.04095713423554029	false	1.0
teufelskreis	neg 1.0	neg 1.0	neg 0.7333250376516183 off 0.2473786429406475 __DUMMY__ 0.01929631940773427	false	1.0
aufschreien	neg 1.0		neg 0.490316803045922 off 0.46919688651252645 __DUMMY__ 0.0404863104415517	false	1.0
schuldner	neg 1.0		neg 0.5003330368300324 off 0.4589408042360909 __DUMMY__ 0.04072615893387652	false	1.0
missgeburt	off 1.0	off 1.0	off 0.7238350875783031 neg 0.2572111030676474 __DUMMY__ 0.018953809354049504	false	1.0
arbeitslos	neg 1.0		neg 0.4959380193501799 off 0.4633541963545619 __DUMMY__ 0.040707784295258204	false	1.0
befallen	neg 1.0		neg 0.49629291713831053 off 0.4631502088855962 __DUMMY__ 0.04055687397609321	false	1.0
miesepetrig	off 1.0	off 1.0	off 0.7220092022884783 neg 0.2587144758055062 __DUMMY__ 0.019276321906015515	false	1.0
alarmieren	neg 1.0		neg 0.4896101536789302 off 0.4700269733698109 __DUMMY__ 0.04036287295125892	false	1.0
ungeduscht	off 1.0		neg 0.4893566565910167 off 0.47028763781041194 __DUMMY__ 0.040355705598571406	false	0.5
knappheit	neg 1.0		neg 0.4981122298671529 off 0.46130888638505785 __DUMMY__ 0.04057888374778931	false	1.0
schlange	neg 1.0		neg 0.4879720672465403 off 0.4711330451596228 __DUMMY__ 0.04089488759383698	false	1.0
harsch	neg 1.0		neg 0.4808388350588948 off 0.4787833333117126 __DUMMY__ 0.040377831629392576	false	1.0
lang	neg 1.0		neg 0.49071445382128026 off 0.46853136608956336 __DUMMY__ 0.04075418008915645	false	1.0
ziellos	neg 1.0		neg 0.49404404744519465 off 0.4649697312246693 __DUMMY__ 0.04098622133013602	false	1.0
selbstverliebt	neg 1.0		off 0.4818580247097683 neg 0.47843497641309485 __DUMMY__ 0.03970699887713686	false	0.5
beseitigen	neg 1.0		neg 0.4936073579885147 off 0.46560175279320365 __DUMMY__ 0.04079088921828182	false	1.0
dumm	off 1.0		neg 0.48079929381064823 off 0.4790970863765872 __DUMMY__ 0.04010361981276458	false	0.5
arbeitsloser	neg 1.0		neg 0.49371934659080846 off 0.46535392486601435 __DUMMY__ 0.040926728543177034	false	1.0
blitzen	neg 1.0		neg 0.4882216927020943 off 0.4711287087031097 __DUMMY__ 0.04064959859479593	false	1.0
hilflos	neg 1.0		neg 0.4948303872410989 off 0.46445424256645346 __DUMMY__ 0.040715370192447586	false	1.0
eklig	off 1.0		neg 0.48233777819364493 off 0.4777897879331368 __DUMMY__ 0.039872433873218205	false	0.5
begriff			neg 0.4926471412165582 off 0.46659004442443897 __DUMMY__ 0.04076281435900283	false	0.0
hungersnot	neg 1.0		neg 0.4953595053997501 off 0.46386334719085776 __DUMMY__ 0.04077714740939213	false	1.0
ungesetzlich	neg 1.0		neg 0.493921873793187 off 0.4656209893024707 __DUMMY__ 0.04045713690434241	false	1.0
verschwendung	neg 1.0		neg 0.49686224791766237 off 0.4622637634223948 __DUMMY__ 0.04087398865994275	false	1.0
schmerzvoll	neg 1.0		neg 0.4908106317153485 off 0.46858580270969225 __DUMMY__ 0.04060356557495908	false	1.0
vorzeitig	neg 1.0		neg 0.4903825627710378 off 0.46911596177023535 __DUMMY__ 0.040501475458726906	false	1.0
unvollkommenheit	neg 1.0		neg 0.4922286302010474 off 0.4666725021167043 __DUMMY__ 0.041098867682248366	false	1.0
intervenieren	neg 1.0		neg 0.4980037676566309 off 0.4611996403134452 __DUMMY__ 0.04079659202992387	false	1.0
banause	off 1.0		neg 0.48080371203766736 off 0.4795293170862324 __DUMMY__ 0.039666970876100174	false	0.5
rebell	neg 1.0		neg 0.5002165695084015 off 0.45874572971121963 __DUMMY__ 0.04103770078037889	false	1.0
unlogisch	neg 1.0		neg 0.4848126865761027 off 0.47495450265081784 __DUMMY__ 0.040232810773079275	false	1.0
leiden	neg 1.0		neg 0.4958260864057787 off 0.46308136959972673 __DUMMY__ 0.04109254399449452	false	1.0
abschaffung	neg 1.0		neg 0.4921047948478242 off 0.46720796157347744 __DUMMY__ 0.040687243578698365	false	1.0
sturz	neg 1.0		neg 0.49108186703444506 off 0.4680999496900972 __DUMMY__ 0.04081818327545776	false	1.0
verkleinerung	neg 1.0		neg 0.4911012115913278 off 0.4684949488272742 __DUMMY__ 0.040403839581397906	false	1.0
schmarotzer	off 1.0		neg 0.4956866705577438 off 0.4636871643743634 __DUMMY__ 0.04062616506789279	false	0.5
bestrafung	neg 1.0		neg 0.49136929712957916 off 0.4679787254223459 __DUMMY__ 0.04065197744807504	false	1.0
achtlos	neg 1.0	neg 1.0	neg 0.7321686638802165 off 0.24840690017777106 __DUMMY__ 0.019424435942012444	false	1.0
ungeheuer	neg 1.0		neg 0.4891422257629516 off 0.47020218966576494 __DUMMY__ 0.04065558457128337	false	1.0
unaufrichtig	neg 1.0		neg 0.4866854102923013 off 0.4725048102379873 __DUMMY__ 0.040809779469711434	false	1.0
