unsolidarisch	neg 1.0		neg 0.48150864324135184 off 0.4522083173531105 __DUMMY__ 0.06628303940553765	false	1.0
nachteilig	neg 1.0		neg 0.4833646206245344 off 0.44973999459190545 __DUMMY__ 0.06689538478356032	false	1.0
skeptisch	neg 1.0		neg 0.4836716137768002 off 0.44935555371519764 __DUMMY__ 0.06697283250800219	false	1.0
schrecklich	neg 1.0		neg 0.4692561284206246 off 0.46473277371930966 __DUMMY__ 0.06601109786006577	false	1.0
schlapp	neg 1.0		neg 0.47273969517058956 off 0.4609222608503258 __DUMMY__ 0.0663380439790847	false	1.0
abfall	neg 1.0		neg 0.4864133965231866 off 0.4462664905483008 __DUMMY__ 0.06732011292851256	false	1.0
widerspenstig	neg 1.0		neg 0.47817879588473994 off 0.4551582208983346 __DUMMY__ 0.06666298321692549	false	1.0
abrupt	neg 1.0		neg 0.48210081337391336 off 0.45086222916688634 __DUMMY__ 0.06703695745920016	false	1.0
unwirksam	neg 1.0		neg 0.4819841211123349 off 0.45183138113452864 __DUMMY__ 0.06618449775313659	false	1.0
angreifen	neg 1.0		neg 0.4850572833447799 off 0.44814888476442183 __DUMMY__ 0.06679383189079827	false	1.0
inkonsistent	neg 1.0		neg 0.47991618456125285 off 0.4538353437281809 __DUMMY__ 0.06624847171056623	false	1.0
abrutschen	neg 1.0		neg 0.48703706689576876 off 0.44583955108865037 __DUMMY__ 0.06712338201558078	false	1.0
unsicher	neg 1.0		neg 0.4773494618156297 off 0.45577681501773626 __DUMMY__ 0.06687372316663398	false	1.0
bauernkind	off 1.0	off 1.0	off 0.7152731723252804 neg 0.25390230559365123 __DUMMY__ 0.0308245220810682	false	1.0
angreifer	neg 1.0	neg 1.0	neg 0.7242879024192318 off 0.24393162988790235 __DUMMY__ 0.03178046769286596	false	1.0
trennen	neg 1.0		neg 0.48256619423236113 off 0.4502217143208075 __DUMMY__ 0.06721209144683145	false	1.0
schmutz	neg 1.0		neg 0.47526881817817823 off 0.45789741112662496 __DUMMY__ 0.06683377069519682	false	1.0
inkonsistenz	neg 1.0		neg 0.476882539271291 off 0.45736701885130476 __DUMMY__ 0.06575044187740417	false	1.0
erschreckend	neg 1.0		neg 0.4802222978522384 off 0.4531842964005437 __DUMMY__ 0.06659340574721793	false	1.0
ertrinken	neg 1.0		neg 0.484217175564676 off 0.4489618076968305 __DUMMY__ 0.06682101673849362	false	1.0
pickelface	off 1.0		neg 0.4795230326428544 off 0.45373746803704945 __DUMMY__ 0.06673949932009623	false	0.5
seiner			neg 0.48317051682323886 off 0.44984611306766714 __DUMMY__ 0.06698337010909404	false	0.0
lauch	neg 1.0		neg 0.4856541712951754 off 0.44712410596739055 __DUMMY__ 0.06722172273743414	false	1.0
unwichtig	neg 1.0		neg 0.4748441509421838 off 0.45901510053955125 __DUMMY__ 0.06614074851826504	false	1.0
steuerhinterziehung	neg 1.0	neg 1.0	neg 0.7277818217245003 off 0.24046818598604028 __DUMMY__ 0.03174999228945931	false	1.0
schock	neg 1.0		neg 0.47954379772834693 off 0.4537253713020766 __DUMMY__ 0.06673083096957667	false	1.0
beule	neg 1.0		neg 0.4733750337168191 off 0.46058798164306247 __DUMMY__ 0.06603698464011833	false	1.0
vergelten	neg 1.0		neg 0.468679315873651 off 0.46494295882328807 __DUMMY__ 0.0663777253030609	false	1.0
verdorbenheit	neg 1.0		neg 0.47506787857859195 off 0.45788895213611425 __DUMMY__ 0.06704316928529379	false	1.0
trauma	neg 1.0		neg 0.4778648157309449 off 0.45555707078091057 __DUMMY__ 0.06657811348814448	false	1.0
sinnlos	neg 1.0		neg 0.4764336379480108 off 0.4570598436801454 __DUMMY__ 0.06650651837184382	false	1.0
fettsack	off 1.0	off 1.0	off 0.7168789941280763 neg 0.25215454714804963 __DUMMY__ 0.030966458723874102	false	1.0
feige	off 1.0	off 1.0	off 0.7144789702143901 neg 0.25417696778155313 __DUMMY__ 0.031344062004056754	false	1.0
abdanken	neg 1.0		neg 0.4803326263182277 off 0.45308320301359595 __DUMMY__ 0.06658417066817648	false	1.0
wichtigtuer	off 1.0	off 1.0	off 0.7136527056414149 neg 0.2548054798378285 __DUMMY__ 0.03154181452075673	false	1.0
misslingen	neg 1.0		neg 0.47291289153543375 off 0.45968800251568803 __DUMMY__ 0.06739910594887831	false	1.0
untreu	off 1.0		neg 0.4739702081301738 off 0.4598687493074626 __DUMMY__ 0.06616104256236358	false	0.5
missmutig	neg 1.0		neg 0.47374975279525156 off 0.4599036260973057 __DUMMY__ 0.06634662110744269	false	1.0
hurenbock	off 1.0		neg 0.4761877072267255 off 0.45720954752007487 __DUMMY__ 0.06660274525319977	false	0.5
betrunken	neg 1.0		neg 0.47144094704892636 off 0.4623895409012928 __DUMMY__ 0.06616951204978085	false	1.0
korrupt	off 1.0		neg 0.4843203622199691 off 0.44932558885228846 __DUMMY__ 0.0663540489277424	false	0.5
unmut	neg 1.0		neg 0.4862072554416388 off 0.4465620881642339 __DUMMY__ 0.06723065639412722	false	1.0
hackfresse	off 1.0		off 0.4673548550288679 neg 0.4670965561258655 __DUMMY__ 0.0655485888452666	false	1.0
aufblasen	neg 1.0		neg 0.476358843660688 off 0.45704482035670585 __DUMMY__ 0.06659633598260623	false	1.0
gewaltsam	neg 1.0		neg 0.48024111911075706 off 0.45300263457841955 __DUMMY__ 0.06675624631082336	false	1.0
unbeliebtheit	neg 1.0		neg 0.4778962291481544 off 0.4562115665203649 __DUMMY__ 0.06589220433148081	false	1.0
sturheit	neg 1.0		neg 0.48154840963250894 off 0.4519143534020272 __DUMMY__ 0.06653723696546383	false	1.0
kuh	neg 1.0		neg 0.4803592346353394 off 0.4538150179076794 __DUMMY__ 0.06582574745698111	false	1.0
erschrecken	neg 1.0		neg 0.4736212663484486 off 0.45993689715428543 __DUMMY__ 0.06644183649726597	false	1.0
opfer	neg 1.0		neg 0.48232461708348984 off 0.4507952521784267 __DUMMY__ 0.06688013073808352	false	1.0
sinken	neg 1.0		neg 0.4859496227530075 off 0.446915327958337 __DUMMY__ 0.06713504928865538	false	1.0
stinktier	neg 1.0		neg 0.47457670612708913 off 0.4603693183914263 __DUMMY__ 0.06505397548148469	false	1.0
tucke	off 1.0		neg 0.46823445774899486 off 0.46663526543375144 __DUMMY__ 0.06513027681725381	false	0.5
ein			neg 0.477468390042167 off 0.45594381893515795 __DUMMY__ 0.0665877910226751	false	0.0
abstieg	neg 1.0		neg 0.48413573299216944 off 0.44901875084489246 __DUMMY__ 0.06684551616293814	false	1.0
missverstehen	neg 1.0		neg 0.4772290332933908 off 0.45657024664413276 __DUMMY__ 0.0662007200624765	false	1.0
ergebnislos	neg 1.0		neg 0.4830201508805069 off 0.44990979593569924 __DUMMY__ 0.06707005318379375	false	1.0
unter			neg 0.488360931833198 off 0.44370989405290284 __DUMMY__ 0.06792917411389922	false	0.0
manipulieren	neg 1.0		neg 0.4839991180030779 off 0.4489828191526993 __DUMMY__ 0.06701806284422301	false	1.0
unbewiesen	neg 1.0		neg 0.4822636066916335 off 0.4515604404881586 __DUMMY__ 0.06617595282020784	false	1.0
verschleppen	neg 1.0		neg 0.4832540103917579 off 0.450066101850857 __DUMMY__ 0.066679887757385	false	1.0
weib	off 1.0		neg 0.4702942701033174 off 0.46477998762742784 __DUMMY__ 0.06492574226925461	false	0.5
opposition	neg 1.0		neg 0.4785576264358991 off 0.4551198627710662 __DUMMY__ 0.06632251079303463	false	1.0
verkehrswidrig	neg 1.0		off 0.46709917081380287 neg 0.4664406520510069 __DUMMY__ 0.06646017713519041	false	0.5
inkorrekt	neg 1.0		neg 0.4723053274335622 off 0.4619692971563775 __DUMMY__ 0.06572537541006031	false	1.0
vermeiden	neg 1.0	neg 1.0	neg 0.7293659085072156 off 0.23834846715637387 __DUMMY__ 0.032285624336410475	false	1.0
abweichung	neg 1.0		neg 0.4821642375636466 off 0.45092925210763934 __DUMMY__ 0.0669065103287141	false	1.0
alkoholisiert	neg 1.0		neg 0.48129367205499485 off 0.4515111517810397 __DUMMY__ 0.06719517616396542	false	1.0
scheiss	off 1.0	off 1.0	off 0.7156628196038171 neg 0.25287904085915774 __DUMMY__ 0.03145813953702521	false	1.0
herausforderung	neg 1.0		neg 0.48292954774355684 off 0.4499853766274187 __DUMMY__ 0.06708507562902427	false	1.0
pervers	off 1.0		off 0.46995577608769495 neg 0.46490586949385343 __DUMMY__ 0.06513835441845152	false	1.0
wackelig	neg 1.0		neg 0.4775196681622845 off 0.4552340650203011 __DUMMY__ 0.06724626681741436	false	1.0
verwickeln	neg 1.0		neg 0.47779831468352785 off 0.45596402832711824 __DUMMY__ 0.06623765698935383	false	1.0
vorwand	neg 1.0		neg 0.4846514151262298 off 0.44840518163334 __DUMMY__ 0.06694340324043027	false	1.0
muschi	off 1.0		neg 0.47941840729429364 off 0.45385481117332044 __DUMMY__ 0.0667267815323859	false	0.5
entmutigung	neg 1.0		neg 0.47881884045368656 off 0.45478322881749333 __DUMMY__ 0.06639793072882015	false	1.0
unangemessen	neg 1.0		neg 0.4822332870717008 off 0.45129255107666727 __DUMMY__ 0.06647416185163181	false	1.0
unstetig	neg 1.0		neg 0.4753623394440951 off 0.4580928532667906 __DUMMY__ 0.06654480728911429	false	1.0
entmutigen	neg 1.0		neg 0.47794196026086394 off 0.4555026764578296 __DUMMY__ 0.06655536328130655	false	1.0
schwanz	neg 1.0		neg 0.4820598140640548 off 0.451078068206892 __DUMMY__ 0.06686211772905334	false	1.0
verbot	neg 1.0		neg 0.4828784668799987 off 0.45045819742252313 __DUMMY__ 0.0666633356974783	false	1.0
leid	neg 1.0		neg 0.4691257531442755 off 0.4652026894986765 __DUMMY__ 0.065671557357048	false	1.0
archaisch	neg 1.0		neg 0.48075112860091984 off 0.45260770552725876 __DUMMY__ 0.06664116587182133	false	1.0
gegen			neg 0.4853971454691672 off 0.44739230052024376 __DUMMY__ 0.06721055401058905	false	0.0
scheidung	neg 1.0		off 0.4767708001514666 neg 0.45791107269785275 __DUMMY__ 0.06531812715068054	false	0.5
einschlag	neg 1.0		neg 0.47108374041554407 off 0.4628974492861059 __DUMMY__ 0.06601881029835002	false	1.0
m			neg 0.47994065814458675 off 0.45308664304940255 __DUMMY__ 0.06697269880601056	false	0.0
abgestanden	neg 1.0		neg 0.47920502459211417 off 0.45440615444394705 __DUMMY__ 0.0663888209639389	false	1.0
schmierig	off 1.0		neg 0.4690653525129599 off 0.4650851885861901 __DUMMY__ 0.06584945890085005	false	0.5
unpraktisch	neg 1.0		neg 0.4765943468162917 off 0.4568049237734684 __DUMMY__ 0.06660072941023999	false	1.0
wixxer	off 1.0		off 0.4688522777672474 neg 0.4662504911191481 __DUMMY__ 0.06489723111360449	false	1.0
bezeichnet			neg 0.48080191926323407 off 0.45287548472592565 __DUMMY__ 0.06632259601084013	false	0.0
jammerlappen	off 1.0		neg 0.473276248521097 off 0.46035198116004705 __DUMMY__ 0.06637177031885602	false	0.5
farce	neg 1.0		neg 0.4828180202019581 off 0.45072816661243253 __DUMMY__ 0.06645381318560943	false	1.0
zwecklos	neg 1.0		neg 0.4821754811026518 off 0.4512622191110545 __DUMMY__ 0.0665622997862936	false	1.0
turbulent	neg 1.0		neg 0.4750790228683281 off 0.45914707152133133 __DUMMY__ 0.06577390561034041	false	1.0
invasion	neg 1.0		neg 0.47689693768725605 off 0.45662850886295336 __DUMMY__ 0.06647455344979067	false	1.0
schuld	neg 1.0		neg 0.4790324219489949 off 0.45460754470691006 __DUMMY__ 0.06636003334409493	false	1.0
risiko	neg 1.0	neg 1.0	neg 0.724285255863571 off 0.24385393360719315 __DUMMY__ 0.031860810529235936	false	1.0
finster	neg 1.0		neg 0.4786983384164983 off 0.45498724135286917 __DUMMY__ 0.06631442023063253	false	1.0
geisteskrank	off 1.0		neg 0.47469907629145647 off 0.45953916194802785 __DUMMY__ 0.06576176176051561	false	0.5
zusammenbrechen	neg 1.0		neg 0.48054374526801646 off 0.45267954744916805 __DUMMY__ 0.06677670728281537	false	1.0
ausbeute	neg 1.0		neg 0.475547638496166 off 0.45660415222235257 __DUMMY__ 0.06784820928148141	false	1.0
hinterhalt	neg 1.0		neg 0.4767971334640965 off 0.45590111632768093 __DUMMY__ 0.06730175020822256	false	1.0
kritik	neg 1.0		neg 0.4833250323364184 off 0.45025216965040965 __DUMMY__ 0.06642279801317191	false	1.0
einschrumpfen	neg 1.0		neg 0.4762679357154944 off 0.45760183833190404 __DUMMY__ 0.06613022595260153	false	1.0
riskant	neg 1.0		neg 0.48408370613484697 off 0.4491269905003307 __DUMMY__ 0.06678930336482222	false	1.0
frustrieren	neg 1.0		neg 0.48265435681710966 off 0.4505379767223975 __DUMMY__ 0.06680766646049291	false	1.0
groll	neg 1.0		neg 0.4828614691216622 off 0.45057672062208176 __DUMMY__ 0.06656181025625615	false	1.0
gibt			neg 0.4798702814679857 off 0.45326791803032057 __DUMMY__ 0.0668618005016937	false	0.0
qualvoll	neg 1.0		neg 0.4756909395622509 off 0.457898039461563 __DUMMY__ 0.0664110209761862	false	1.0
wackeln	neg 1.0		neg 0.47643515221129973 off 0.456763092987974 __DUMMY__ 0.0668017548007263	false	1.0
klagen	neg 1.0		neg 0.48632760312996737 off 0.4466213226911383 __DUMMY__ 0.06705107417889439	false	1.0
bankrott	neg 1.0		neg 0.4731172766187233 off 0.4603593312406094 __DUMMY__ 0.06652339214066716	false	1.0
trauern	neg 1.0		neg 0.4818702350791755 off 0.4510831702666352 __DUMMY__ 0.06704659465418927	false	1.0
ablehnung	neg 1.0		neg 0.48297934501803197 off 0.45049215890525685 __DUMMY__ 0.06652849607671109	false	1.0
stur	neg 1.0		neg 0.4784806999264817 off 0.4551216258612084 __DUMMY__ 0.06639767421230997	false	1.0
aufruhr	neg 1.0		neg 0.48052839939689884 off 0.45283536430970855 __DUMMY__ 0.06663623629339256	false	1.0
melancholie	neg 1.0		neg 0.4821798958353195 off 0.451030647362047 __DUMMY__ 0.06678945680263346	false	1.0
ist			neg 0.47656089448310224 off 0.45690228435311697 __DUMMY__ 0.0665368211637808	false	0.0
torheit	neg 1.0		neg 0.47901051753798873 off 0.4544479429103382 __DUMMY__ 0.06654153955167316	false	1.0
dreckskind	off 1.0		neg 0.47075091800554003 off 0.4640178739097389 __DUMMY__ 0.06523120808472105	false	0.5
umtauschen	neg 1.0		neg 0.47823221655009523 off 0.4550134202159809 __DUMMY__ 0.06675436323392384	false	1.0
zum			neg 0.48367571532436476 off 0.44840524187738423 __DUMMY__ 0.067919042798251	false	0.0
zersetzen	neg 1.0		neg 0.4854505027676155 off 0.44778636778628145 __DUMMY__ 0.066763129446103	false	1.0
zur			neg 0.48623055707662216 off 0.44608025387019823 __DUMMY__ 0.06768918905317943	false	0.0
frust	neg 1.0		neg 0.48044807148187196 off 0.4527510555781389 __DUMMY__ 0.06680087293998908	false	1.0
unerbittlichkeit	neg 1.0		neg 0.4847940327427705 off 0.44833540931613974 __DUMMY__ 0.06687055794108991	false	1.0
zwei			neg 0.48297412824409597 off 0.44924405330593303 __DUMMY__ 0.06778181844997093	false	0.0
unkorrekt	neg 1.0		neg 0.4708192999168706 off 0.46316742219525464 __DUMMY__ 0.06601327788787471	false	1.0
hexe	off 1.0		neg 0.4775603796449514 off 0.456782653498773 __DUMMY__ 0.06565696685627548	false	0.5
lasch	neg 1.0		neg 0.47671256916527815 off 0.45721101730310826 __DUMMY__ 0.0660764135316135	false	1.0
rivale	neg 1.0		neg 0.4725959924422965 off 0.4614524315879178 __DUMMY__ 0.06595157596978579	false	1.0
mutlos	off 1.0	off 1.0	off 0.7094987292594395 neg 0.25872484473848517 __DUMMY__ 0.03177642600207545	false	1.0
wirr	off 1.0		neg 0.4722175654411208 off 0.4621489817196019 __DUMMY__ 0.06563345283927731	false	0.5
jahr			neg 0.47788926628527434 off 0.4541227036030805 __DUMMY__ 0.06798803011164503	false	0.0
wird			neg 0.481706571897543 off 0.4514639448178481 __DUMMY__ 0.06682948328460882	false	0.0
strafbar	neg 1.0		neg 0.4830418626505437 off 0.45011105995467326 __DUMMY__ 0.06684707739478304	false	1.0
erosion	neg 1.0		neg 0.4771153447289997 off 0.4560109122018056 __DUMMY__ 0.06687374306919477	false	1.0
eingehen	neg 1.0		neg 0.4833743020023869 off 0.4498727058994406 __DUMMY__ 0.06675299209817236	false	1.0
faul	off 1.0		neg 0.47360683601806186 off 0.4599476556221208 __DUMMY__ 0.06644550835981734	false	0.5
provisorium	neg 1.0		neg 0.4860235290974443 off 0.44583471543131337 __DUMMY__ 0.06814175547124222	false	1.0
schmerzen	neg 1.0		neg 0.4810195144297979 off 0.4524869600521624 __DUMMY__ 0.06649352551803966	false	1.0
schrumpfen	neg 1.0		neg 0.48882270196572775 off 0.44395119428232754 __DUMMY__ 0.06722610375194467	false	1.0
geistlos	off 1.0		neg 0.47883712502235515 off 0.45514293731706595 __DUMMY__ 0.0660199376605789	false	0.5
fehlkauf	neg 1.0		neg 0.4771077138217648 off 0.4564017027031812 __DUMMY__ 0.06649058347505402	false	1.0
frustrierend	neg 1.0		neg 0.47449289667560496 off 0.45910735365321126 __DUMMY__ 0.06639974967118367	false	1.0
unzufrieden	neg 1.0		neg 0.4822477555833451 off 0.45113608310628595 __DUMMY__ 0.06661616131036899	false	1.0
verzweifeln	neg 1.0		neg 0.47998299126023036 off 0.4533475936233602 __DUMMY__ 0.06666941511640942	false	1.0
verzweifelt	neg 1.0	neg 1.0	neg 0.7260923117299793 off 0.24236503941396353 __DUMMY__ 0.03154264885605706	false	1.0
misstrauensantrag	neg 1.0		neg 0.4765704862768363 off 0.4569500941288188 __DUMMY__ 0.06647941959434499	false	1.0
abfallen	neg 1.0		neg 0.47640737378822096 off 0.4568125935503372 __DUMMY__ 0.06678003266144192	false	1.0
fucker	off 1.0		neg 0.4708895789312903 off 0.4629970917894167 __DUMMY__ 0.06611332927929309	false	0.5
ungezogen	neg 1.0		off 0.46912514119607884 neg 0.46564942783148777 __DUMMY__ 0.0652254309724335	false	0.5
irrsinnig	neg 1.0	neg 1.0	neg 0.7256581603684218 off 0.24273160519333542 __DUMMY__ 0.03161023443824283	false	1.0
unfassbar	neg 1.0		neg 0.4721489809260927 off 0.46157158736180137 __DUMMY__ 0.0662794317121058	false	1.0
hart	neg 1.0		neg 0.4739420247429305 off 0.45995607431139696 __DUMMY__ 0.06610190094567259	false	1.0
widerlich	off 1.0		neg 0.47351439578792676 off 0.46055061487652826 __DUMMY__ 0.06593498933554492	false	0.5
fatal	neg 1.0		neg 0.47661622960460415 off 0.4569270580127812 __DUMMY__ 0.06645671238261461	false	1.0
bruch	neg 1.0		neg 0.48560354632366537 off 0.447311900963748 __DUMMY__ 0.06708455271258656	false	1.0
aushungern	neg 1.0		neg 0.48098717701277166 off 0.45225242971268786 __DUMMY__ 0.06676039327454047	false	1.0
anspannung	neg 1.0		neg 0.4857429098030779 off 0.44663713901455643 __DUMMY__ 0.06761995118236565	false	1.0
von			neg 0.47697864008683205 off 0.45489323305632595 __DUMMY__ 0.068128126856842	false	0.0
kraftlos	neg 1.0		neg 0.4805919849979786 off 0.4525304162923129 __DUMMY__ 0.06687759870970847	false	1.0
vom			neg 0.48494045304385763 off 0.4468578008444692 __DUMMY__ 0.06820174611167314	false	0.0
grenzdebil	off 1.0		neg 0.4717772934030376 off 0.4619650372770264 __DUMMY__ 0.06625766931993603	false	0.5
vor			neg 0.48309808494742207 off 0.4495865042406128 __DUMMY__ 0.0673154108119651	false	0.0
unterwerfen	neg 1.0		neg 0.48298185604915755 off 0.4502249379353803 __DUMMY__ 0.06679320601546204	false	1.0
versenkung	neg 1.0		neg 0.48081108557356794 off 0.4520893136639966 __DUMMY__ 0.06709960076243543	false	1.0
entziehen	neg 1.0		neg 0.4851893440181986 off 0.4477047541620675 __DUMMY__ 0.06710590181973396	false	1.0
finanzkrise	neg 1.0		neg 0.4828608310493511 off 0.45085036434819203 __DUMMY__ 0.06628880460245677	false	1.0
schimpfend	neg 1.0		neg 0.47685980067028805 off 0.4566820312842588 __DUMMY__ 0.06645816804545325	false	1.0
profan	neg 1.0		neg 0.4766567165228709 off 0.45700632249642087 __DUMMY__ 0.06633696098070835	false	1.0
korruption	neg 1.0		neg 0.4835648534280163 off 0.4498231130457292 __DUMMY__ 0.06661203352625462	false	1.0
â			neg 0.4801736289089916 off 0.4527740485176837 __DUMMY__ 0.06705232257332468	false	0.0
schmutzig	neg 1.0		neg 0.47123623680944293 off 0.46251392737316405 __DUMMY__ 0.06624983581739301	false	1.0
sexy	neg 1.0		neg 0.4742503244789121 off 0.4592372882124323 __DUMMY__ 0.06651238730865562	false	1.0
abraten	neg 1.0		neg 0.47558563866299874 off 0.45778086555955694 __DUMMY__ 0.0666334957774442	false	1.0
schwarz	neg 1.0		neg 0.4774968577687087 off 0.4560284082322608 __DUMMY__ 0.06647473399903048	false	1.0
fotze	off 1.0	off 1.0	off 0.7115598680111186 neg 0.256552851924073 __DUMMY__ 0.03188728006480847	false	1.0
verwirren	neg 1.0		neg 0.47582311706810443 off 0.45780258161262083 __DUMMY__ 0.06637430131927465	false	1.0
zahnlos	off 1.0		neg 0.48115888928800554 off 0.4522274320796742 __DUMMY__ 0.06661367863232039	false	0.5
verheeren	neg 1.0		off 0.4705864605262055 neg 0.46421086887720736 __DUMMY__ 0.06520267059658719	false	0.5
hippie	neg 1.0		neg 0.47486675274127754 off 0.4586317826782567 __DUMMY__ 0.06650146458046581	false	1.0
rammen	neg 1.0		neg 0.48081172677555784 off 0.45319110031830423 __DUMMY__ 0.06599717290613792	false	1.0
unlauter	neg 1.0		neg 0.47996932314940993 off 0.4537937203365544 __DUMMY__ 0.06623695651403562	false	1.0
unheilvoll	neg 1.0		neg 0.47727721347903235 off 0.4562854260303497 __DUMMY__ 0.06643736049061788	false	1.0
niedrig	neg 1.0		neg 0.4850676427343436 off 0.44824013415622554 __DUMMY__ 0.06669222310943083	false	1.0
explosion	neg 1.0		neg 0.4757242548025575 off 0.45780657298266586 __DUMMY__ 0.06646917221477665	false	1.0
weichei	off 1.0	off 1.0	off 0.7183059638267137 neg 0.250519688917531 __DUMMY__ 0.031174347255755103	false	1.0
minusmensch	off 1.0		neg 0.4701016121277825 off 0.465026006615942 __DUMMY__ 0.06487238125627545	false	0.5
farblos	neg 1.0		neg 0.4788421673906791 off 0.4544753581460328 __DUMMY__ 0.0666824744632881	false	1.0
unwissend	neg 1.0	neg 1.0	neg 0.7233415024513742 off 0.24517064038398226 __DUMMY__ 0.03148785716464357	false	1.0
traurig	neg 1.0		neg 0.4695761020027243 off 0.4642957574286746 __DUMMY__ 0.06612814056860093	false	1.0
senkung	neg 1.0		neg 0.4781362940995379 off 0.45573899394508394 __DUMMY__ 0.0661247119553781	false	1.0
ungleich	neg 1.0	neg 1.0	neg 0.7286249819765913 off 0.23952221759788644 __DUMMY__ 0.031852800425522326	false	1.0
heikel	neg 1.0		neg 0.48389158951686934 off 0.4492893886989561 __DUMMY__ 0.06681902178417455	false	1.0
drosselung	neg 1.0		neg 0.4730629141702374 off 0.4608436833293227 __DUMMY__ 0.06609340250043992	false	1.0
falsch	neg 1.0		neg 0.4748026326617626 off 0.4588949717277491 __DUMMY__ 0.06630239561048834	false	1.0
unzufriedenheit	neg 1.0		neg 0.4850471293433584 off 0.4479747339818102 __DUMMY__ 0.06697813667483137	false	1.0
kurz	neg 1.0		neg 0.47761353196313694 off 0.45526706024055164 __DUMMY__ 0.0671194077963114	false	1.0
unsinnig	neg 1.0		neg 0.4810454629832716 off 0.4523826688188836 __DUMMY__ 0.06657186819784477	false	1.0
penner	off 1.0	off 1.0	off 0.7191697046038263 neg 0.24970125974501356 __DUMMY__ 0.031129035651160097	false	1.0
seicht	neg 1.0		off 0.4684523885930757 neg 0.46631112965150184 __DUMMY__ 0.06523648175542235	false	0.5
dummheit	off 1.0	off 1.0	off 0.7134224835829291 neg 0.2551143437326529 __DUMMY__ 0.03146317268441805	false	1.0
unerfreulich	neg 1.0		neg 0.48353659219747946 off 0.44941899529765006 __DUMMY__ 0.0670444125048705	false	1.0
motherfucker	off 1.0	off 1.0	off 0.7164977951597175 neg 0.2520579727729595 __DUMMY__ 0.03144423206732307	false	1.0
pikiert	neg 1.0		neg 0.47457176720614197 off 0.45947561033091916 __DUMMY__ 0.06595262246293893	false	1.0
wrack	neg 1.0		neg 0.48007228618708697 off 0.4530116860789041 __DUMMY__ 0.06691602773400895	false	1.0
gangster	neg 1.0		neg 0.47499329668665136 off 0.4585371324757004 __DUMMY__ 0.06646957083764829	false	1.0
krank	neg 1.0		neg 0.4712585174041529 off 0.46241759792013243 __DUMMY__ 0.06632388467571469	false	1.0
reich	neg 1.0		neg 0.472830252884991 off 0.4608069015256314 __DUMMY__ 0.0663628455893776	false	1.0
gnadenlos	neg 1.0		neg 0.47882511954394147 off 0.4547946016938902 __DUMMY__ 0.06638027876216823	false	1.0
niedergeschlagen	neg 1.0		neg 0.4794410467713866 off 0.45372546490375576 __DUMMY__ 0.06683348832485773	false	1.0
terrorisieren	off 1.0	off 1.0	off 0.7104967366501919 neg 0.25758393625212284 __DUMMY__ 0.03191932709768525	false	1.0
sinnlosigkeit	neg 1.0		neg 0.4814928316802742 off 0.4518412919924891 __DUMMY__ 0.06666587632723658	false	1.0
behindern	neg 1.0		neg 0.47945516135784 off 0.45385173141875346 __DUMMY__ 0.06669310722340663	false	1.0
undemokratisch	neg 1.0		neg 0.4786699031575523 off 0.45486469313738526 __DUMMY__ 0.06646540370506245	false	1.0
wirtschaftskrise	neg 1.0		neg 0.48445883182301186 off 0.4490251085218564 __DUMMY__ 0.06651605965513178	false	1.0
neid	neg 1.0		neg 0.4724612318416915 off 0.46087272205295815 __DUMMY__ 0.06666604610535047	false	1.0
rutschen	neg 1.0		neg 0.4834240302240226 off 0.44882881921571754 __DUMMY__ 0.0677471505602598	false	1.0
rezession	neg 1.0		neg 0.4753048681301174 off 0.4594701147213675 __DUMMY__ 0.06522501714851506	false	1.0
fehlgeburt	neg 1.0		neg 0.47553135155968695 off 0.4577632573354172 __DUMMY__ 0.06670539110489596	false	1.0
charakterschwach	off 1.0		neg 0.47363521077730864 off 0.4604036115030222 __DUMMY__ 0.06596117771966908	false	0.5
isolation	neg 1.0		neg 0.4746818874068494 off 0.45888904693084287 __DUMMY__ 0.06642906566230772	false	1.0
ablenkung	neg 1.0		neg 0.4773684871768974 off 0.4558169404603915 __DUMMY__ 0.06681457236271111	false	1.0
pech	neg 1.0		neg 0.4745024420322951 off 0.4590965543868707 __DUMMY__ 0.06640100358083414	false	1.0
vermeidung	neg 1.0		neg 0.4725271599021382 off 0.46132456961567425 __DUMMY__ 0.0661482704821875	false	1.0
dominieren	neg 1.0		neg 0.48325499027523455 off 0.4499439093110284 __DUMMY__ 0.0668011004137371	false	1.0
schwindlig	neg 1.0		neg 0.4751524448348557 off 0.458199853966082 __DUMMY__ 0.06664770119906252	false	1.0
lutscher	neg 1.0	neg 1.0	neg 0.718509221638619 off 0.2504605354471096 __DUMMY__ 0.03103024291427147	false	1.0
pflicht	neg 1.0		neg 0.48494733787968475 off 0.44813272982998 __DUMMY__ 0.06691993229033524	false	1.0
faschist	off 1.0		neg 0.47577020282395444 off 0.45787155652278 __DUMMY__ 0.0663582406532657	false	0.5
verschleudern	neg 1.0		neg 0.48450874172343 off 0.44873187923231356 __DUMMY__ 0.06675937904425647	false	1.0
wenn			neg 0.47475031047870064 off 0.4589613286279383 __DUMMY__ 0.0662883608933611	false	0.0
ehebruch	neg 1.0		neg 0.482557341745763 off 0.450678108109529 __DUMMY__ 0.06676455014470813	false	1.0
spott	off 1.0		neg 0.4836601741438374 off 0.449634209015894 __DUMMY__ 0.06670561684026845	false	0.5
trostlosigkeit	neg 1.0		neg 0.48502290077510546 off 0.447939270104777 __DUMMY__ 0.06703782912011742	false	1.0
lutschen	neg 1.0		neg 0.4768602077190205 off 0.4570411627573052 __DUMMY__ 0.06609862952367436	false	1.0
undiszipliniert	neg 1.0		neg 0.4710235891126823 off 0.462956731207101 __DUMMY__ 0.06601967968021658	false	1.0
kopfschmerz	neg 1.0		neg 0.48260356822788264 off 0.4509176164261641 __DUMMY__ 0.0664788153459533	false	1.0
unvorhergesehen	neg 1.0		neg 0.48003717858324807 off 0.4525284554042299 __DUMMY__ 0.06743436601252202	false	1.0
desinteressiert	neg 1.0	neg 1.0	neg 0.7221293002334646 off 0.24647064366378676 __DUMMY__ 0.031400056102748757	false	1.0
armselig	off 1.0		neg 0.4721666470469876 off 0.46211303718770197 __DUMMY__ 0.06572031576531037	false	0.5
desaster	neg 1.0		neg 0.48637071639585916 off 0.44653082729505816 __DUMMY__ 0.0670984563090827	false	1.0
tod	neg 1.0		neg 0.48039805117316836 off 0.4525794444524489 __DUMMY__ 0.0670225043743827	false	1.0
herzlos	neg 1.0		neg 0.47113165365922627 off 0.4629838830616436 __DUMMY__ 0.06588446327913017	false	1.0
unwissenheit	neg 1.0		neg 0.4823236378816835 off 0.45105962520365733 __DUMMY__ 0.06661673691465914	false	1.0
widersinnig	neg 1.0		neg 0.4839187672729773 off 0.44971716961814295 __DUMMY__ 0.06636406310887975	false	1.0
bedenklich	neg 1.0		neg 0.482990301549077 off 0.4503042073459701 __DUMMY__ 0.06670549110495279	false	1.0
beanstanden	neg 1.0		neg 0.48489246758330024 off 0.44810539493812146 __DUMMY__ 0.06700213747857825	false	1.0
panisch	neg 1.0	neg 1.0	neg 0.7232026195673171 off 0.24495832464847858 __DUMMY__ 0.03183905578420431	false	1.0
debil	off 1.0		neg 0.4881561194537221 off 0.444183062928184 __DUMMY__ 0.06766081761809394	false	0.5
abstrich	neg 1.0		neg 0.47596078894549865 off 0.4568151208308082 __DUMMY__ 0.06722409022369322	false	1.0
primitiv	neg 1.0		neg 0.4733851603200697 off 0.460702902305295 __DUMMY__ 0.06591193737463522	false	1.0
abschaum	off 1.0	off 1.0	off 0.715170879295788 neg 0.2533741431957947 __DUMMY__ 0.031454977508417296	false	1.0
provozieren	neg 1.0		neg 0.47977059788825527 off 0.4539582431528689 __DUMMY__ 0.06627115895887573	false	1.0
tot	neg 1.0		neg 0.48144145066473987 off 0.4517929607318909 __DUMMY__ 0.0667655886033691	false	1.0
instabil	neg 1.0		neg 0.472674754260811 off 0.46155762633717706 __DUMMY__ 0.06576761940201191	false	1.0
schwuchtel	off 1.0	off 1.0	off 0.7214521839510598 neg 0.24780013459032854 __DUMMY__ 0.030747681458611547	false	1.0
zerren	neg 1.0		neg 0.48056759093613083 off 0.4526396715604243 __DUMMY__ 0.06679273750344497	false	1.0
kinderficker	off 1.0		neg 0.46814251151768504 off 0.46609596546512916 __DUMMY__ 0.06576152301718577	false	0.5
gefahr	neg 1.0		neg 0.4841285251874781 off 0.4487182086301667 __DUMMY__ 0.06715326618235505	false	1.0
rabiat	neg 1.0		neg 0.4785157965152254 off 0.4548471257997682 __DUMMY__ 0.06663707768500646	false	1.0
verlangsamung	neg 1.0		neg 0.4703603379366547 off 0.46454133008216975 __DUMMY__ 0.06509833198117547	false	1.0
ausgestorben	neg 1.0		neg 0.47818536996857425 off 0.4550589386844121 __DUMMY__ 0.06675569134701363	false	1.0
anklagen	neg 1.0		neg 0.4825525079884943 off 0.45073806309238634 __DUMMY__ 0.06670942891911931	false	1.0
trott	neg 1.0		neg 0.47887681016404365 off 0.45441574664830625 __DUMMY__ 0.06670744318765026	false	1.0
verminderung	neg 1.0		neg 0.4723099054639331 off 0.461597464404962 __DUMMY__ 0.06609263013110489	false	1.0
nach			neg 0.48405787717224086 off 0.448035487947174 __DUMMY__ 0.0679066348805851	false	0.0
rost	neg 1.0		neg 0.4683090656270962 off 0.4660514961829403 __DUMMY__ 0.06563943818996343	false	1.0
destruktiv	neg 1.0		neg 0.4800696321200804 off 0.45345044700971915 __DUMMY__ 0.06647992087020044	false	1.0
unzumutbarkeit	neg 1.0		neg 0.4726731786658306 off 0.46100169322448326 __DUMMY__ 0.0663251281096861	false	1.0
labil	off 1.0	off 1.0	off 0.714954872659079 neg 0.2535192890982563 __DUMMY__ 0.03152583824266479	false	1.0
ziemlich	neg 1.0		neg 0.47142852088275305 off 0.4621595377321638 __DUMMY__ 0.0664119413850832	false	1.0
lachnummer	off 1.0		neg 0.47973641186102745 off 0.4538634212846362 __DUMMY__ 0.06640016685433643	false	0.5
oder			neg 0.4765638187916795 off 0.45667353559308993 __DUMMY__ 0.06676264561523057	false	0.0
verfall	neg 1.0		neg 0.48808142793081444 off 0.4445928559072007 __DUMMY__ 0.06732571616198489	false	1.0
ausgrenzung	neg 1.0		neg 0.47811383617869013 off 0.4554662829685124 __DUMMY__ 0.06641988085279758	false	1.0
unordnung	neg 1.0		neg 0.4690941634564351 off 0.4645773384575821 __DUMMY__ 0.06632849808598275	false	1.0
fehlverhalten	neg 1.0		neg 0.4854958823450039 off 0.4477934260459474 __DUMMY__ 0.06671069160904859	false	1.0
eine			neg 0.4825564784835265 off 0.45018438041400316 __DUMMY__ 0.0672591411024703	false	0.0
nille	neg 1.0		neg 0.4786286262765859 off 0.45459967011989183 __DUMMY__ 0.06677170360352223	false	1.0
qual	neg 1.0		neg 0.4791672671793062 off 0.4540825953113282 __DUMMY__ 0.06675013750936558	false	1.0
verschwenden	neg 1.0		neg 0.4837205804129254 off 0.44955890165256274 __DUMMY__ 0.06672051793451188	false	1.0
riesig	neg 1.0		neg 0.4811259173977728 off 0.45186739336996506 __DUMMY__ 0.06700668923226206	false	1.0
verurteilen	neg 1.0		neg 0.48358432986428784 off 0.4499584356114744 __DUMMY__ 0.06645723452423767	false	1.0
klischee	neg 1.0	neg 1.0	neg 0.7244732972713941 off 0.24404530029727659 __DUMMY__ 0.0314814024313293	false	1.0
diktatorisch	neg 1.0		neg 0.47897420679222347 off 0.4546442409865036 __DUMMY__ 0.06638155222127293	false	1.0
vorhersehbar	neg 1.0		neg 0.477200276733845 off 0.45665068310361745 __DUMMY__ 0.06614904016253764	false	1.0
sowie			neg 0.4707642220800065 off 0.4637303793463111 __DUMMY__ 0.06550539857368229	false	0.0
stornieren	neg 1.0		neg 0.47273247317370676 off 0.4601602270663375 __DUMMY__ 0.06710729975995584	false	1.0
besteuerung	neg 1.0		neg 0.4811202533909133 off 0.45274834640703465 __DUMMY__ 0.06613140020205198	false	1.0
ungeschminkt	neg 1.0		neg 0.47541993018769596 off 0.4589234164715941 __DUMMY__ 0.06565665334070983	false	1.0
kritisch	neg 1.0		neg 0.4829169207856105 off 0.4503044633105796 __DUMMY__ 0.06677861590380996	false	1.0
schlamperei	off 1.0		neg 0.4832193687048715 off 0.44975895842971947 __DUMMY__ 0.06702167286540908	false	0.5
sucht	neg 1.0	neg 1.0	neg 0.7228212600529784 off 0.24506426524987662 __DUMMY__ 0.03211447469714492	false	1.0
egoistisch	off 1.0		neg 0.46911788538561633 off 0.46532242075084385 __DUMMY__ 0.06555969386353973	false	0.5
ausbeuter	off 1.0		neg 0.48620082619250177 off 0.447194402904663 __DUMMY__ 0.06660477090283523	false	0.5
arschgeburt	off 1.0		off 0.4703045262465703 neg 0.465129115186396 __DUMMY__ 0.06456635856703373	false	1.0
schubs	neg 1.0		neg 0.47966131135409085 off 0.45346684380993235 __DUMMY__ 0.06687184483597679	false	1.0
unsolide	neg 1.0		neg 0.4793923220663139 off 0.45444095823475766 __DUMMY__ 0.06616671969892836	false	1.0
beschwerde	neg 1.0		neg 0.484155765200572 off 0.44913106251681895 __DUMMY__ 0.06671317228260915	false	1.0
stocken	neg 1.0		neg 0.483429624594303 off 0.4496554548050425 __DUMMY__ 0.06691492060065447	false	1.0
isolieren	neg 1.0		neg 0.48242390844554134 off 0.45083641808460545 __DUMMY__ 0.0667396734698532	false	1.0
unheilbar	neg 1.0		neg 0.47854570593365103 off 0.45485515827480116 __DUMMY__ 0.06659913579154772	false	1.0
pisser	off 1.0		neg 0.47333323965454205 off 0.46101164519752774 __DUMMY__ 0.06565511514793013	false	0.5
löschen	neg 1.0		neg 0.47860620315454855 off 0.4547103697961028 __DUMMY__ 0.06668342704934854	false	1.0
durchfallen	neg 1.0		neg 0.4831928653168927 off 0.4502218073765904 __DUMMY__ 0.066585327306517	false	1.0
wichser	off 1.0	off 1.0	off 0.7208093821672875 neg 0.24819213179336694 __DUMMY__ 0.030998486039345564	false	1.0
terror	neg 1.0		neg 0.47492684332770246 off 0.4585378307731352 __DUMMY__ 0.06653532589916225	false	1.0
krass	neg 1.0		neg 0.4702004908773257 off 0.46394967390703723 __DUMMY__ 0.06584983521563711	false	1.0
revolte	neg 1.0		neg 0.47757615704118667 off 0.4560263447404431 __DUMMY__ 0.06639749821837028	false	1.0
besorgt	neg 1.0		neg 0.4774808178573276 off 0.45530903635360304 __DUMMY__ 0.06721014578906952	false	1.0
nachlassen	neg 1.0		neg 0.4824983513903007 off 0.4504520847469262 __DUMMY__ 0.06704956386277315	false	1.0
alt	neg 1.0		neg 0.4821265578748506 off 0.4512299578916439 __DUMMY__ 0.06664348423350544	false	1.0
hundesohn	off 1.0		off 0.4681693279701063 neg 0.4667339785315674 __DUMMY__ 0.06509669349832618	false	1.0
als			neg 0.4798498586203557 off 0.45324548473380327 __DUMMY__ 0.06690465664584105	false	0.0
abschreckung	neg 1.0		neg 0.4854571125652142 off 0.4475733227261686 __DUMMY__ 0.06696956470861734	false	1.0
unqualifiziert	neg 1.0		neg 0.47654523731378 off 0.4573866680137557 __DUMMY__ 0.06606809467246413	false	1.0
abgewichst	off 1.0		neg 0.47866054029252614 off 0.4544433162882387 __DUMMY__ 0.06689614341923523	false	0.5
schwer	neg 1.0		neg 0.4796595959116357 off 0.45373666764897547 __DUMMY__ 0.06660373643938881	false	1.0
bedeutungslosigkeit	neg 1.0		neg 0.4844364694474874 off 0.44866508409775213 __DUMMY__ 0.06689844645476047	false	1.0
kapitulation	neg 1.0		neg 0.48300514372495873 off 0.45015308875861626 __DUMMY__ 0.06684176751642511	false	1.0
unscharf	neg 1.0		neg 0.4773274314528047 off 0.4564312409022373 __DUMMY__ 0.06624132764495799	false	1.0
schwinden	neg 1.0		neg 0.4850813612373403 off 0.4480502702841769 __DUMMY__ 0.0668683684784829	false	1.0
versklavung	neg 1.0		neg 0.47892835890041213 off 0.45459445943299154 __DUMMY__ 0.06647718166659625	false	1.0
schlecht	neg 1.0		neg 0.4714784655577711 off 0.4621432289967416 __DUMMY__ 0.06637830544548719	false	1.0
verhasst	neg 1.0		neg 0.4800523158800475 off 0.45383853864647494 __DUMMY__ 0.06610914547347767	false	1.0
beschweren	neg 1.0		neg 0.4766274495264619 off 0.4568709737235145 __DUMMY__ 0.06650157675002362	false	1.0
scheiden	neg 1.0		neg 0.4770836520133964 off 0.45603350680050303 __DUMMY__ 0.06688284118610048	false	1.0
frustriert	neg 1.0		neg 0.48111564867928547 off 0.4523030705725867 __DUMMY__ 0.06658128074812789	false	1.0
schimmelig	neg 1.0		neg 0.48461902153071934 off 0.4490598934028014 __DUMMY__ 0.06632108506647941	false	1.0
fisch	neg 1.0		neg 0.48604526407951876 off 0.4472407523228381 __DUMMY__ 0.06671398359764318	false	1.0
schmuggel	neg 1.0		neg 0.48362018060065376 off 0.44945959662696233 __DUMMY__ 0.06692022277238392	false	1.0
auffallen	neg 1.0		neg 0.4757183263444465 off 0.4578211151896208 __DUMMY__ 0.06646055846593267	false	1.0
konkurrenz	neg 1.0		neg 0.4856967042503015 off 0.44729275109878525 __DUMMY__ 0.06701054465091345	false	1.0
teufelskreis	neg 1.0	neg 1.0	neg 0.7269907554108425 off 0.24140614155543777 __DUMMY__ 0.03160310303371974	false	1.0
aufschreien	neg 1.0		neg 0.47707439059866424 off 0.4566833606666007 __DUMMY__ 0.066242248734735	false	1.0
schuldner	neg 1.0		neg 0.48697412301135856 off 0.4463919679033817 __DUMMY__ 0.06663390908525964	false	1.0
missgeburt	off 1.0	off 1.0	off 0.717962890237486 neg 0.2509938868742275 __DUMMY__ 0.031043222888286464	false	1.0
arbeitslos	neg 1.0		neg 0.4826017097287857 off 0.4507949378883971 __DUMMY__ 0.06660335238281731	false	1.0
befallen	neg 1.0		neg 0.4830040594683065 off 0.4506376603295977 __DUMMY__ 0.0663582802020959	false	1.0
miesepetrig	off 1.0	off 1.0	off 0.7160365096614937 neg 0.2523927755855018 __DUMMY__ 0.03157071475300447	false	1.0
alarmieren	neg 1.0		neg 0.47640608179240773 off 0.457552396678756 __DUMMY__ 0.06604152152883627	false	1.0
ungeduscht	off 1.0		neg 0.47616770376882916 off 0.4578023137282203 __DUMMY__ 0.06602998250295057	false	0.5
knappheit	neg 1.0		neg 0.4848101480496963 off 0.4487959863190056 __DUMMY__ 0.06639386563129812	false	1.0
schlange	neg 1.0		neg 0.4746051576626147 off 0.45848579321927363 __DUMMY__ 0.06690904911811188	false	1.0
harsch	neg 1.0		neg 0.4676656551214684 off 0.46626820232303 __DUMMY__ 0.06606614255550167	false	1.0
lang	neg 1.0		neg 0.47738317051903795 off 0.4559377735801566 __DUMMY__ 0.06667905590080547	false	1.0
ziellos	neg 1.0		neg 0.48062468437509936 off 0.45231755256911277 __DUMMY__ 0.06705776305578776	false	1.0
selbstverliebt	neg 1.0		off 0.4695390487492861 neg 0.46548933112621815 __DUMMY__ 0.06497162012449566	false	0.5
beseitigen	neg 1.0		neg 0.4802522963183474 off 0.4530076689908033 __DUMMY__ 0.06674003469084919	false	1.0
dumm	off 1.0		neg 0.467716638035896 off 0.4666648536325623 __DUMMY__ 0.06561850833154165	false	0.5
arbeitsloser	neg 1.0		neg 0.48031479444165825 off 0.45272433805464146 __DUMMY__ 0.06696086750370027	false	1.0
blitzen	neg 1.0		neg 0.4749319225206189 off 0.4585593792984968 __DUMMY__ 0.0665086981808843	false	1.0
hilflos	neg 1.0		neg 0.48149761089136006 off 0.45188661041974526 __DUMMY__ 0.06661577868889478	false	1.0
eklig	off 1.0		neg 0.46932761393638267 off 0.4654308723416862 __DUMMY__ 0.06524151372193118	false	0.5
begriff			neg 0.47930355983828016 off 0.4540030936906519 __DUMMY__ 0.0666933464710679	false	0.0
hungersnot	neg 1.0		neg 0.4820003801848851 off 0.45128221128811385 __DUMMY__ 0.06671740852700117	false	1.0
ungesetzlich	neg 1.0		neg 0.48066945775853004 off 0.4531354581948634 __DUMMY__ 0.06619508404660658	false	1.0
verschwendung	neg 1.0		neg 0.4834689085334396 off 0.44965663227748875 __DUMMY__ 0.06687445918907155	false	1.0
schmerzvoll	neg 1.0		neg 0.47752910146826033 off 0.45603735724114375 __DUMMY__ 0.06643354129059591	false	1.0
vorzeitig	neg 1.0		neg 0.47713486997956267 off 0.45659723894236176 __DUMMY__ 0.06626789107807547	false	1.0
unvollkommenheit	neg 1.0		neg 0.47877775700381786 off 0.45397973911324013 __DUMMY__ 0.06724250388294194	false	1.0
intervenieren	neg 1.0		neg 0.4846281809588022 off 0.4486233023157692 __DUMMY__ 0.0667485167254285	false	1.0
banause	off 1.0		neg 0.46786583628117645 off 0.46722762739814044 __DUMMY__ 0.06490653632068305	false	0.5
rebell	neg 1.0		neg 0.486761832870751 off 0.44609569422328166 __DUMMY__ 0.06714247290596727	false	1.0
unlogisch	neg 1.0		neg 0.47167401632379924 off 0.4624968750345724 __DUMMY__ 0.06582910864162839	false	1.0
leiden	neg 1.0		neg 0.48236879379660613 off 0.450399328882399 __DUMMY__ 0.06723187732099477	false	1.0
abschaffung	neg 1.0		neg 0.47878731894874493 off 0.45464216115325184 __DUMMY__ 0.06657051989800318	false	1.0
sturz	neg 1.0		neg 0.4777258394358508 off 0.4554896665026827 __DUMMY__ 0.06678449406146658	false	1.0
verkleinerung	neg 1.0		neg 0.4778807139392835 off 0.45601076206538194 __DUMMY__ 0.06610852399533454	false	1.0
schmarotzer	off 1.0		neg 0.4823765546526834 off 0.4511531173610091 __DUMMY__ 0.06647032798630746	false	0.5
bestrafung	neg 1.0		neg 0.47806672247851995 off 0.455420603873335 __DUMMY__ 0.06651267364814495	false	1.0
achtlos	neg 1.0	neg 1.0	neg 0.725793866685645 off 0.24239336055661886 __DUMMY__ 0.03181277275773608	false	1.0
ungeheuer	neg 1.0		neg 0.47584972110232265 off 0.4576311244750032 __DUMMY__ 0.06651915442267417	false	1.0
unaufrichtig	neg 1.0		neg 0.4733441385264963 off 0.45988525122860724 __DUMMY__ 0.06677061024489656	false	1.0
groggy	neg 1.0		neg 0.4757200392801262 off 0.4578455461838532 __DUMMY__ 0.06643441453602061	false	1.0
