unsolidarisch	neg 1.0		neg 0.35067189321784453 off 0.32891843708838175 __DUMMY__ 0.3204096696937737	false	1.0
nachteilig	neg 1.0		neg 0.3513092536573777 off 0.3254237859191271 __DUMMY__ 0.3232669604234952	false	1.0
skeptisch	neg 1.0		neg 0.35146833107131054 off 0.32493179170689085 __DUMMY__ 0.32359987722179867	false	1.0
schrecklich	neg 1.0		off 0.3413297026221079 neg 0.33951481975099207 __DUMMY__ 0.31915547762690016	false	0.5
schlapp	neg 1.0		neg 0.34226055363743285 off 0.33705121868474086 __DUMMY__ 0.32068822767782634	false	1.0
abfall	neg 1.0		neg 0.35342653374051214 __DUMMY__ 0.3252361790194247 off 0.3213372872400631	false	1.0
widerspenstig	neg 1.0		neg 0.3468330701885282 off 0.33097111886247604 __DUMMY__ 0.32219581094899574	false	1.0
abrupt	neg 1.0		neg 0.3498529451977894 off 0.3261817724630106 __DUMMY__ 0.3239652823392	false	1.0
unwirksam	neg 1.0		neg 0.3513762080493547 off 0.3286517223602914 __DUMMY__ 0.3199720695903538	false	1.0
angreifen	neg 1.0		neg 0.35313703652861556 off 0.32409979546902107 __DUMMY__ 0.3227631680023634	false	1.0
inkonsistent	neg 1.0		neg 0.34929430136079637 off 0.33041804647694645 __DUMMY__ 0.32028765216225724	false	1.0
abrutschen	neg 1.0		neg 0.3544205606672534 __DUMMY__ 0.3243014991831311 off 0.3212779401496155	false	1.0
unsicher	neg 1.0		neg 0.3456096553476207 off 0.33124325022749235 __DUMMY__ 0.3231470944248869	false	1.0
bauernkind	off 1.0	off 1.0	off 0.6569955103058194 neg 0.1923107399233259 __DUMMY__ 0.1506937497708548	false	1.0
angreifer	neg 1.0	neg 1.0	neg 0.6607396189050998 off 0.1839705037882921 __DUMMY__ 0.15528987730660815	false	1.0
trennen	neg 1.0		neg 0.3499822111827302 off 0.32529119539239054 __DUMMY__ 0.32472659342487925	false	1.0
schmutz	neg 1.0		neg 0.3436578524892776 off 0.3332975913391923 __DUMMY__ 0.32304455617153005	false	1.0
inkonsistenz	neg 1.0		neg 0.34728374673605306 off 0.33477215384177245 __DUMMY__ 0.31794409942217444	false	1.0
erschreckend	neg 1.0		neg 0.34889205327133854 off 0.32927655983710524 __DUMMY__ 0.3218313868915562	false	1.0
ertrinken	neg 1.0		neg 0.35229954283376735 off 0.3247924395433859 __DUMMY__ 0.322908017622847	false	1.0
pickelface	off 1.0		neg 0.3479313366573974 off 0.32952591964206585 __DUMMY__ 0.3225427437005367	false	0.5
seiner			neg 0.35097734130852476 off 0.3253722384746208 __DUMMY__ 0.3236504202168545	false	0.0
lauch	neg 1.0		neg 0.35291295363390174 __DUMMY__ 0.32478501119447023 off 0.322302035171628	false	1.0
unwichtig	neg 1.0		neg 0.34461354563929675 off 0.3356445887761689 __DUMMY__ 0.3197418655845345	false	1.0
steuerhinterziehung	neg 1.0	neg 1.0	neg 0.6642646187612486 off 0.18059542805952902 __DUMMY__ 0.15513995317922236	false	1.0
schock	neg 1.0		neg 0.347997236489024 off 0.3295091062446395 __DUMMY__ 0.32249365726633633	false	1.0
beule	neg 1.0		neg 0.3434444121148857 off 0.33725673132607564 __DUMMY__ 0.3192988565590386	false	1.0
vergelten	neg 1.0		off 0.3409199841513569 neg 0.338169494385951 __DUMMY__ 0.32091052146269206	false	0.5
verdorbenheit	neg 1.0		neg 0.343130602440546 off 0.33289956105327145 __DUMMY__ 0.32396983650618266	false	1.0
trauma	neg 1.0		neg 0.34668626708970957 off 0.3315517423313222 __DUMMY__ 0.32176199057896826	false	1.0
sinnlos	neg 1.0		neg 0.3454380487445688 off 0.33312463722813157 __DUMMY__ 0.3214373140272997	false	1.0
fettsack	off 1.0	off 1.0	off 0.6583467323422144 neg 0.19028037796911404 __DUMMY__ 0.15137288968867155	false	1.0
feige	off 1.0	off 1.0	off 0.6553076693897506 neg 0.191515723249467 __DUMMY__ 0.15317660736078229	false	1.0
abdanken	neg 1.0		neg 0.3489446777031235 off 0.32923392495715087 __DUMMY__ 0.3218213973397257	false	1.0
wichtigtuer	off 1.0	off 1.0	off 0.6541277307034418 neg 0.19174487609028573 __DUMMY__ 0.15412739320627244	false	1.0
misslingen	neg 1.0		neg 0.3403118267788354 off 0.3340279649306746 __DUMMY__ 0.32566020829048997	false	1.0
untreu	off 1.0		neg 0.3437484042674519 off 0.33641113683114837 __DUMMY__ 0.3198404589013998	false	0.5
missmutig	neg 1.0		neg 0.34317318856149126 off 0.33610527001435797 __DUMMY__ 0.32072154142415077	false	1.0
hurenbock	off 1.0		neg 0.3450086389647407 off 0.3330364179304056 __DUMMY__ 0.3219549431048536	false	0.5
betrunken	neg 1.0		neg 0.34132766559754 off 0.3387712963753823 __DUMMY__ 0.3199010380270776	false	1.0
korrupt	off 1.0		neg 0.35323718924337194 off 0.32602778708565117 __DUMMY__ 0.32073502367097684	false	0.5
unmut	neg 1.0		neg 0.3533854911598136 __DUMMY__ 0.32480512301713194 off 0.32180938582305435	false	1.0
hackfresse	off 1.0		off 0.3446558148385583 neg 0.33833120366370206 __DUMMY__ 0.3170129814977395	false	1.0
aufblasen	neg 1.0		neg 0.34521277374177567 off 0.3329147400552876 __DUMMY__ 0.3218724862029369	false	1.0
gewaltsam	neg 1.0		neg 0.34857374292510784 off 0.3287870896998233 __DUMMY__ 0.3226391673750688	false	1.0
unbeliebtheit	neg 1.0		neg 0.34796726871402234 off 0.3334019873063442 __DUMMY__ 0.3186307439796334	false	1.0
sturheit	neg 1.0		neg 0.35023943567301374 off 0.32817985584754505 __DUMMY__ 0.32158070847944126	false	1.0
kuh	neg 1.0		neg 0.35053311776380874 off 0.3311340198393806 __DUMMY__ 0.3183328623968105	false	1.0
erschrecken	neg 1.0		neg 0.34287265861139027 off 0.33597973337378395 __DUMMY__ 0.3211476080148258	false	1.0
opfer	neg 1.0		neg 0.3503388526425651 off 0.3264830563129299 __DUMMY__ 0.32317809104450496	false	1.0
sinken	neg 1.0		neg 0.3533263159440092 __DUMMY__ 0.32439426967729845 off 0.3222794143786923	false	1.0
stinktier	neg 1.0		neg 0.3464584248727741 off 0.3388236226470358 __DUMMY__ 0.31471795248018997	false	1.0
tucke	off 1.0		off 0.34468056108360273 neg 0.34022201186145584 __DUMMY__ 0.31509742705494154	false	1.0
ein			neg 0.34630035520399116 off 0.3318482621575627 __DUMMY__ 0.32185138263844615	false	0.0
abstieg	neg 1.0		neg 0.3521237648659736 off 0.32482495570628805 __DUMMY__ 0.32305127942773837	false	1.0
missverstehen	neg 1.0		neg 0.34677369306538447 off 0.33320984812545945 __DUMMY__ 0.320016458809156	false	1.0
ergebnislos	neg 1.0		neg 0.350620664849598 off 0.3252960574133322 __DUMMY__ 0.3240832777370698	false	1.0
unter			neg 0.35416248332227357 __DUMMY__ 0.32806580753405856 off 0.31777170914366776	false	0.0
manipulieren	neg 1.0		neg 0.35166489183640326 off 0.32450546770289573 __DUMMY__ 0.3238296404607011	false	1.0
unbewiesen	neg 1.0		neg 0.35159614582202436 off 0.3284872061047675 __DUMMY__ 0.3199166480732082	false	1.0
verschleppen	neg 1.0		neg 0.3515780598016426 off 0.32614947138381056 __DUMMY__ 0.32227246881454685	false	1.0
weib	off 1.0		off 0.3432890802146427 neg 0.3425912792148639 __DUMMY__ 0.31411964057049346	false	1.0
opposition	neg 1.0		neg 0.3478452891368408 off 0.3315471509254992 __DUMMY__ 0.3206075599376599	false	1.0
verkehrswidrig	neg 1.0		off 0.34276340697577995 neg 0.3359421290311227 __DUMMY__ 0.3212944639930974	false	0.5
inkorrekt	neg 1.0		neg 0.34292270326573604 off 0.3392462717146221 __DUMMY__ 0.31783102501964183	false	1.0
vermeiden	neg 1.0	neg 1.0	neg 0.6647997427776084 off 0.17748073076270462 __DUMMY__ 0.15771952645968687	false	1.0
abweichung	neg 1.0		neg 0.3501226366872473 off 0.3265426831679368 __DUMMY__ 0.3233346801448159	false	1.0
alkoholisiert	neg 1.0		neg 0.3488045927073254 off 0.3264718757516022 __DUMMY__ 0.32472353154107236	false	1.0
scheiss	off 1.0	off 1.0	off 0.6562083954819142 neg 0.1900453505436024 __DUMMY__ 0.15374625397448344	false	1.0
herausforderung	neg 1.0		neg 0.35053344601745984 off 0.3252998247299419 __DUMMY__ 0.3241667292525982	false	1.0
pervers	off 1.0		off 0.3478839004473975 neg 0.3370022923100069 __DUMMY__ 0.3151138072425956	false	1.0
wackelig	neg 1.0		neg 0.3450897243173196 off 0.33000877423695735 __DUMMY__ 0.324901501445723	false	1.0
verwickeln	neg 1.0		neg 0.34724605063923536 off 0.33256603677598845 __DUMMY__ 0.32018791258477625	false	1.0
vorwand	neg 1.0		neg 0.3524542341292692 off 0.32407998650797526 __DUMMY__ 0.32346577936275556	false	1.0
muschi	off 1.0		neg 0.3478577244536938 off 0.32966656836762787 __DUMMY__ 0.3224757071786784	false	0.5
entmutigung	neg 1.0		neg 0.34785204621720606 off 0.3311820096709467 __DUMMY__ 0.3209659441118472	false	1.0
unangemessen	neg 1.0		neg 0.35103156898613574 off 0.3276861572836569 __DUMMY__ 0.3212822737302073	false	1.0
unstetig	neg 1.0		neg 0.3443235363076459 off 0.33398544251543627 __DUMMY__ 0.32169102117691784	false	1.0
entmutigen	neg 1.0		neg 0.34678124058100046 off 0.33153809472384893 __DUMMY__ 0.3216806646951507	false	1.0
schwanz	neg 1.0		neg 0.3501515723965771 off 0.326728001039591 __DUMMY__ 0.3231204265638319	false	1.0
verbot	neg 1.0		neg 0.3512466427754387 off 0.32657023350090575 __DUMMY__ 0.32218312372365554	false	1.0
leid	neg 1.0		off 0.3423694223606411 neg 0.3400470635601872 __DUMMY__ 0.3175835140791717	false	0.5
archaisch	neg 1.0		neg 0.3492986336492641 off 0.32862694766018025 __DUMMY__ 0.32207441869055553	false	1.0
gegen			neg 0.3526243482429639 __DUMMY__ 0.3247208124307497 off 0.3226548393262864	false	0.0
scheidung	neg 1.0		off 0.35415902902870056 neg 0.3298493627929788 __DUMMY__ 0.3159916081783206	false	0.5
einschlag	neg 1.0		neg 0.34123107552721554 off 0.33955773682699325 __DUMMY__ 0.31921118764579126	false	1.0
m			neg 0.34793668004242073 off 0.3284659579400126 __DUMMY__ 0.32359736201756667	false	0.0
abgestanden	neg 1.0		neg 0.3483885242834881 off 0.3306583088529063 __DUMMY__ 0.32095316686360553	false	1.0
schmierig	off 1.0		off 0.341944733920738 neg 0.33964406915780715 __DUMMY__ 0.3184111969214547	false	1.0
unpraktisch	neg 1.0		neg 0.3454516424048911 off 0.332649036350289 __DUMMY__ 0.3218993212448198	false	1.0
wixxer	off 1.0		off 0.34725145435154886 neg 0.33875903753807984 __DUMMY__ 0.31398950811037135	false	1.0
bezeichnet			neg 0.3499605047144036 off 0.3294626696175885 __DUMMY__ 0.3205768256680078	false	0.0
jammerlappen	off 1.0		neg 0.3426633627845892 off 0.33651877342645825 __DUMMY__ 0.3208178637889525	false	0.5
farce	neg 1.0		neg 0.3516000944431722 off 0.3271889085902467 __DUMMY__ 0.32121099696658123	false	1.0
zwecklos	neg 1.0		neg 0.35082066384503596 off 0.3274906502968574 __DUMMY__ 0.32168868585810656	false	1.0
turbulent	neg 1.0		neg 0.34551747818618284 off 0.3363754400757896 __DUMMY__ 0.31810708173802765	false	1.0
invasion	neg 1.0		neg 0.3459587361946264 off 0.332752803281001 __DUMMY__ 0.3212884605243725	false	1.0
schuld	neg 1.0		neg 0.3482042256354664 off 0.33104807061749164 __DUMMY__ 0.32074770374704203	false	1.0
risiko	neg 1.0	neg 1.0	neg 0.6605738024137798 off 0.183742371673952 __DUMMY__ 0.15568382591226812	false	1.0
finster	neg 1.0		neg 0.348040724443334 off 0.3313724542046947 __DUMMY__ 0.32058682135197125	false	1.0
geisteskrank	off 1.0		neg 0.34518896122466314 off 0.33683250638235934 __DUMMY__ 0.3179785323929776	false	0.5
zusammenbrechen	neg 1.0		neg 0.3488606754584197 off 0.32845095095420024 __DUMMY__ 0.32268837358738	false	1.0
ausbeute	neg 1.0		neg 0.3420236398184379 off 0.33023381574606236 __DUMMY__ 0.32774254443549955	false	1.0
hinterhalt	neg 1.0		neg 0.34422619992964015 off 0.3305577928400374 __DUMMY__ 0.3252160072303223	false	1.0
kritik	neg 1.0		neg 0.35214529347626305 off 0.3267916224752454 __DUMMY__ 0.32106308404849154	false	1.0
einschrumpfen	neg 1.0		neg 0.34598261629264043 off 0.33430992055820097 __DUMMY__ 0.3197074631491586	false	1.0
riskant	neg 1.0		neg 0.3522254653473585 off 0.3250330998482006 __DUMMY__ 0.32274143480444073	false	1.0
frustrieren	neg 1.0		neg 0.35081555103764517 off 0.3263535591551687 __DUMMY__ 0.32283088980718605	false	1.0
groll	neg 1.0		neg 0.3514672189873721 off 0.3268381769733691 __DUMMY__ 0.3216946040392588	false	1.0
gibt			neg 0.34804188449577883 off 0.32887626198249936 __DUMMY__ 0.32308185352172175	false	0.0
qualvoll	neg 1.0		neg 0.3449170640675173 off 0.3340633911972006 __DUMMY__ 0.32101954473528205	false	1.0
wackeln	neg 1.0		neg 0.3448836195973159 off 0.3322897451612344 __DUMMY__ 0.3228266352414499	false	1.0
klagen	neg 1.0		neg 0.3538328096032139 __DUMMY__ 0.32398051334141653 off 0.32218667705536963	false	1.0
bankrott	neg 1.0		neg 0.3422573041659581 off 0.33620892940449765 __DUMMY__ 0.3215337664295442	false	1.0
trauern	neg 1.0		neg 0.3495763027166649 off 0.32645041972277267 __DUMMY__ 0.3239732775605623	false	1.0
ablehnung	neg 1.0		neg 0.3516058145443992 off 0.326842330941713 __DUMMY__ 0.3215518545138879	false	1.0
stur	neg 1.0		neg 0.34760367768098327 off 0.3314682059336727 __DUMMY__ 0.32092811638534385	false	1.0
aufruhr	neg 1.0		neg 0.34906377561641383 off 0.32886437117299805 __DUMMY__ 0.32207185321058807	false	1.0
melancholie	neg 1.0		neg 0.3504452927837188 off 0.32676613325773024 __DUMMY__ 0.322788573958551	false	1.0
ist			neg 0.34550942804275 off 0.3329119177709738 __DUMMY__ 0.32157865418627624	false	0.0
torheit	neg 1.0		neg 0.34778389000000676 off 0.3305868638584973 __DUMMY__ 0.32162924614149585	false	1.0
dreckskind	off 1.0		neg 0.3424349389539121 off 0.34202838873753966 __DUMMY__ 0.3155366723085483	false	0.5
umtauschen	neg 1.0		neg 0.3467478220515983 off 0.3306269958907562 __DUMMY__ 0.32262518205764557	false	1.0
zum			neg 0.34969354661793606 __DUMMY__ 0.32803454525483844 off 0.3222719081272255	false	0.0
zersetzen	neg 1.0		neg 0.3535689204126681 off 0.32380063512557106 __DUMMY__ 0.3226304444617609	false	1.0
zur			neg 0.3525408386597336 __DUMMY__ 0.32695316479494385 off 0.3205059965453226	false	0.0
frust	neg 1.0		neg 0.34871275991391615 off 0.3284867685052944 __DUMMY__ 0.3228004715807893	false	1.0
unerbittlichkeit	neg 1.0		neg 0.3527278258533802 off 0.3241374382999349 __DUMMY__ 0.3231347358466849	false	1.0
zwei			neg 0.3492940449989103 __DUMMY__ 0.3273907080897314 off 0.32331524691135816	false	0.0
unkorrekt	neg 1.0		neg 0.3409557821975374 off 0.3398557015581841 __DUMMY__ 0.3191885162442786	false	1.0
hexe	off 1.0		neg 0.34817992656482105 off 0.3342835721570286 __DUMMY__ 0.3175365012781503	false	0.5
lasch	neg 1.0		neg 0.34650567593355236 off 0.334046903578159 __DUMMY__ 0.3194474204882886	false	1.0
rivale	neg 1.0		neg 0.34282102902167366 off 0.3382769868076429 __DUMMY__ 0.31890198417068344	false	1.0
mutlos	off 1.0	off 1.0	off 0.6495860013974507 neg 0.1951571523933546 __DUMMY__ 0.1552568462091947	false	1.0
wirr	off 1.0		neg 0.34304873860572804 off 0.339526480056866 __DUMMY__ 0.31742478133740587	false	0.5
jahr			neg 0.3439980708176519 __DUMMY__ 0.32837588148045177 off 0.3276260477018962	false	0.0
wird			neg 0.34988449792261245 off 0.3271835280572093 __DUMMY__ 0.3229319740201783	false	0.0
strafbar	neg 1.0		neg 0.3510721763696837 off 0.3258996978322279 __DUMMY__ 0.32302812579808843	false	1.0
erosion	neg 1.0		neg 0.3454124146915808 off 0.33143683699023807 __DUMMY__ 0.32315074831818114	false	1.0
eingehen	neg 1.0		neg 0.3516096182691567 off 0.32581513637948145 __DUMMY__ 0.32257524535136173	false	1.0
faul	off 1.0		neg 0.34288124649156587 off 0.3359338393917385 __DUMMY__ 0.32118491411669564	false	0.5
provisorium	neg 1.0		neg 0.35151494878020667 __DUMMY__ 0.3290623659989326 off 0.31942268522086087	false	1.0
schmerzen	neg 1.0		neg 0.34992188826943516 off 0.3286663909408476 __DUMMY__ 0.32141172078971714	false	1.0
schrumpfen	neg 1.0		neg 0.3559052314854718 __DUMMY__ 0.32479961791448525 off 0.31929515060004293	false	1.0
geistlos	off 1.0		neg 0.3486217519252624 off 0.3321870096973802 __DUMMY__ 0.31919123837735736	false	0.5
fehlkauf	neg 1.0		neg 0.3461071170848223 off 0.3325209276332524 __DUMMY__ 0.32137195528192547	false	1.0
frustrierend	neg 1.0		neg 0.3437859983654544 off 0.33526521823677485 __DUMMY__ 0.3209487833977708	false	1.0
unzufrieden	neg 1.0		neg 0.3507889225002808 off 0.32727430271209873 __DUMMY__ 0.3219367747876205	false	1.0
verzweifeln	neg 1.0		neg 0.3485301215367254 off 0.3292814455761997 __DUMMY__ 0.3221884328870748	false	1.0
verzweifelt	neg 1.0	neg 1.0	neg 0.6630362614696731 off 0.18283496172280186 __DUMMY__ 0.15412877680752515	false	1.0
misstrauensantrag	neg 1.0		neg 0.34564075103766156 off 0.33302292791556043 __DUMMY__ 0.32133632104677806	false	1.0
abfallen	neg 1.0		neg 0.34492660785459484 off 0.3323400222645677 __DUMMY__ 0.3227333698808374	false	1.0
fucker	off 1.0		neg 0.3408668014544971 off 0.33952738147558753 __DUMMY__ 0.31960581706991553	false	0.5
ungezogen	neg 1.0		off 0.34692644403097106 neg 0.337555385593994 __DUMMY__ 0.315518170375035	false	0.5
irrsinnig	neg 1.0	neg 1.0	neg 0.6624663028353371 off 0.18307861658274083 __DUMMY__ 0.15445508058192212	false	1.0
unfassbar	neg 1.0		neg 0.34176621812917074 off 0.33784089498178543 __DUMMY__ 0.3203928868890438	false	1.0
hart	neg 1.0		neg 0.343801442639725 off 0.3365815288751806 __DUMMY__ 0.31961702848509427	false	1.0
widerlich	off 1.0		neg 0.34373032461606606 off 0.3374799282052554 __DUMMY__ 0.3187897471786786	false	0.5
fatal	neg 1.0		neg 0.3457127609757295 off 0.33309099966102745 __DUMMY__ 0.32119623936324315	false	1.0
bruch	neg 1.0		neg 0.35305893961885315 __DUMMY__ 0.324151248455982 off 0.3227898119251648	false	1.0
aushungern	neg 1.0		neg 0.34922411667952324 off 0.32813486481034826 __DUMMY__ 0.3226410185101284	false	1.0
anspannung	neg 1.0		neg 0.3522189825673982 __DUMMY__ 0.3266402260862678 off 0.3211407913463339	false	1.0
von			neg 0.34281989869507196 __DUMMY__ 0.3290451848838081 off 0.32813491642111997	false	0.0
kraftlos	neg 1.0		neg 0.34872341105566085 off 0.3281019245521836 __DUMMY__ 0.32317466439215564	false	1.0
vom			neg 0.3503708634597463 __DUMMY__ 0.3293540150860277 off 0.3202751214542261	false	0.0
grenzdebil	off 1.0		neg 0.3414569059122481 off 0.33824685832364176 __DUMMY__ 0.3202962357641101	false	0.5
vor			neg 0.3502739899453059 __DUMMY__ 0.3251941865547118 off 0.3245318234999824	false	0.0
unterwerfen	neg 1.0		neg 0.3511296363179556 off 0.3260921519845613 __DUMMY__ 0.322778211697483	false	1.0
versenkung	neg 1.0		neg 0.3484623869696229 off 0.32734454339998154 __DUMMY__ 0.32419306963039557	false	1.0
entziehen	neg 1.0		neg 0.3526580260565813 __DUMMY__ 0.32422026459664444 off 0.3231217093467742	false	1.0
finanzkrise	neg 1.0		neg 0.35198432014428144 off 0.3275634550036152 __DUMMY__ 0.3204522248521033	false	1.0
schimpfend	neg 1.0		neg 0.3459772339359644 off 0.3327616101456794 __DUMMY__ 0.3212611559183562	false	1.0
profan	neg 1.0		neg 0.3459893828041497 off 0.333350611015817 __DUMMY__ 0.32066000618003326	false	1.0
korruption	neg 1.0		neg 0.35201528873209936 off 0.3260395940013456 __DUMMY__ 0.32194511726655495	false	1.0
â			neg 0.34800466012116216 off 0.3280249948442084 __DUMMY__ 0.3239703450346295	false	0.0
schmutzig	neg 1.0		neg 0.3409517075184062 off 0.33878584615899937 __DUMMY__ 0.32026244632259443	false	1.0
sexy	neg 1.0		neg 0.3433459912150458 off 0.3351934234753237 __DUMMY__ 0.32146058530963045	false	1.0
abraten	neg 1.0		neg 0.34439525875095256 off 0.3335586622654041 __DUMMY__ 0.32204607898364324	false	1.0
schwarz	neg 1.0		neg 0.3465261358755243 off 0.3321891520011232 __DUMMY__ 0.3212847121233524	false	1.0
fotze	off 1.0	off 1.0	off 0.6514044245742799 neg 0.19279576075392524 __DUMMY__ 0.15579981467179477	false	1.0
verwirren	neg 1.0		neg 0.34510999007481624 off 0.33406577652586444 __DUMMY__ 0.32082423339931915	false	1.0
zahnlos	off 1.0		neg 0.3497360023954189 off 0.32833729476193263 __DUMMY__ 0.32192670284264846	false	0.5
verheeren	neg 1.0		off 0.3484107447654603 neg 0.3361670533803736 __DUMMY__ 0.3154222018541661	false	0.5
hippie	neg 1.0		neg 0.3439523181100437 off 0.3346419764847812 __DUMMY__ 0.3214057054051751	false	1.0
rammen	neg 1.0		neg 0.35064976912301155 off 0.33022192825887287 __DUMMY__ 0.3191283026181155	false	1.0
unlauter	neg 1.0		neg 0.34930429623579007 off 0.3304743104983506 __DUMMY__ 0.32022139326585924	false	1.0
unheilvoll	neg 1.0		neg 0.3464032031195116 off 0.33243983424007545 __DUMMY__ 0.32115696264041305	false	1.0
niedrig	neg 1.0		neg 0.3533580533318221 off 0.3242871165765039 __DUMMY__ 0.32235483009167415	false	1.0
explosion	neg 1.0		neg 0.3448406167976148 off 0.3338889966741905 __DUMMY__ 0.3212703865281947	false	1.0
weichei	off 1.0	off 1.0	off 0.6593844083520716 neg 0.18824394854022145 __DUMMY__ 0.15237164310770698	false	1.0
minusmensch	off 1.0		off 0.3436867844264639 neg 0.3424444978525903 __DUMMY__ 0.31386871772094577	false	1.0
farblos	neg 1.0		neg 0.34741881540028824 off 0.3302480398371538 __DUMMY__ 0.32233314476255787	false	1.0
unwissend	neg 1.0	neg 1.0	neg 0.6604126330087603 off 0.18571449762693104 __DUMMY__ 0.1538728693643087	false	1.0
traurig	neg 1.0		off 0.3407106660076146 neg 0.33959140418321326 __DUMMY__ 0.3196979298091721	false	0.5
senkung	neg 1.0		neg 0.347809984888444 off 0.33249568405941116 __DUMMY__ 0.3196943310521448	false	1.0
ungleich	neg 1.0	neg 1.0	neg 0.6649134619237024 off 0.1794588819812574 __DUMMY__ 0.15562765609504015	false	1.0
heikel	neg 1.0		neg 0.3519771041549529 off 0.32513791513903667 __DUMMY__ 0.32288498070601046	false	1.0
drosselung	neg 1.0		neg 0.3430034396162433 off 0.33743269663725123 __DUMMY__ 0.31956386374650536	false	1.0
falsch	neg 1.0		neg 0.34427245712232724 off 0.3352313139442766 __DUMMY__ 0.3204962289333962	false	1.0
unzufriedenheit	neg 1.0		neg 0.3527600255660321 __DUMMY__ 0.32362967808220866 off 0.3236102963517593	false	1.0
kurz	neg 1.0		neg 0.3454190980050885 off 0.330279761036279 __DUMMY__ 0.32430114095863255	false	1.0
unsinnig	neg 1.0		neg 0.3497163954504434 off 0.3285454303257201 __DUMMY__ 0.32173817422383644	false	1.0
penner	off 1.0	off 1.0	off 0.660336222874385 neg 0.18751277119725496 __DUMMY__ 0.1521510059283601	false	1.0
seicht	neg 1.0		off 0.3463053141940355 neg 0.3381360832736877 __DUMMY__ 0.31555860253227674	false	0.5
dummheit	off 1.0	off 1.0	off 0.6540396371945278 neg 0.19221184083301546 __DUMMY__ 0.1537485219724568	false	1.0
unerfreulich	neg 1.0		neg 0.35121416647194426 off 0.32484156402710257 __DUMMY__ 0.3239442695009531	false	1.0
motherfucker	off 1.0	off 1.0	off 0.6571297404664055 neg 0.189210854758805 __DUMMY__ 0.1536594047747895	false	1.0
pikiert	neg 1.0		neg 0.34470586073285814 off 0.33642049984644923 __DUMMY__ 0.31887363942069263	false	1.0
wrack	neg 1.0		neg 0.3481275630753261 off 0.32845955673195537 __DUMMY__ 0.32341288019271835	false	1.0
gangster	neg 1.0		neg 0.34413962110578045 off 0.3346008058234042 __DUMMY__ 0.32125957307081554	false	1.0
krank	neg 1.0		neg 0.34085093153592794 off 0.33853029957324726 __DUMMY__ 0.3206187688908248	false	1.0
reich	neg 1.0		neg 0.34220706873274165 off 0.33693054617873236 __DUMMY__ 0.32086238508852616	false	1.0
gnadenlos	neg 1.0		neg 0.3479690126945928 off 0.3311907971855515 __DUMMY__ 0.3208401901198556	false	1.0
niedergeschlagen	neg 1.0		neg 0.34769592368757374 off 0.3293290226988718 __DUMMY__ 0.3229750536135545	false	1.0
terrorisieren	off 1.0	off 1.0	off 0.65031390064781 neg 0.19374220866916997 __DUMMY__ 0.15594389068301995	false	1.0
sinnlosigkeit	neg 1.0		neg 0.3499710979181121 off 0.3278553135258903 __DUMMY__ 0.3221735885559975	false	1.0
behindern	neg 1.0		neg 0.3480058877596456 off 0.3296887064298206 __DUMMY__ 0.32230540581053374	false	1.0
undemokratisch	neg 1.0		neg 0.3475823109441555 off 0.3311490396250094 __DUMMY__ 0.3212686494308351	false	1.0
wirtschaftskrise	neg 1.0		neg 0.3530625512257268 off 0.3254329880118251 __DUMMY__ 0.3215044607624483	false	1.0
neid	neg 1.0		neg 0.3413343536832825 off 0.33645325682344257 __DUMMY__ 0.3222123894932749	false	1.0
rutschen	neg 1.0		neg 0.3497960952824044 __DUMMY__ 0.32722922422573647 off 0.322974680491859	false	1.0
rezession	neg 1.0		neg 0.346802136938391 off 0.33769119510758977 __DUMMY__ 0.3155066679540191	false	1.0
fehlgeburt	neg 1.0		neg 0.34415473531122903 off 0.3333951935642753 __DUMMY__ 0.3224500711244957	false	1.0
charakterschwach	off 1.0		neg 0.3437733501306258 off 0.33730744681756253 __DUMMY__ 0.3189192030518116	false	0.5
isolation	neg 1.0		neg 0.3439281851268034 off 0.33498402678100747 __DUMMY__ 0.3210877880921892	false	1.0
ablenkung	neg 1.0		neg 0.34575166843559507 off 0.3313737197615611 __DUMMY__ 0.32287461180284377	false	1.0
pech	neg 1.0		neg 0.34383379484901705 off 0.33517253112474255 __DUMMY__ 0.32099367402624035	false	1.0
vermeidung	neg 1.0		neg 0.3424002214502584 off 0.33779610902519736 __DUMMY__ 0.3198036695245443	false	1.0
dominieren	neg 1.0		neg 0.35138964386001553 off 0.32576322459568924 __DUMMY__ 0.32284713154429523	false	1.0
schwindlig	neg 1.0		neg 0.3439917638117128 off 0.3338783361901157 __DUMMY__ 0.3221298999981716	false	1.0
lutscher	neg 1.0	neg 1.0	neg 0.6565168265619155 off 0.19180154734432756 __DUMMY__ 0.151681626093757	false	1.0
pflicht	neg 1.0		neg 0.35278255961427507 off 0.32386651535720223 __DUMMY__ 0.32335092502852264	false	1.0
faschist	off 1.0		neg 0.34499999078201415 off 0.3342243221722158 __DUMMY__ 0.3207756870457699	false	0.5
verschleudern	neg 1.0		neg 0.3526507216222561 off 0.3247022450080866 __DUMMY__ 0.3226470333696574	false	1.0
wenn			neg 0.34425268720089175 off 0.33531985649156026 __DUMMY__ 0.3204274563075478	false	0.0
ehebruch	neg 1.0		neg 0.350759680367326 off 0.32658838044399363 __DUMMY__ 0.32265193918868035	false	1.0
spott	off 1.0		neg 0.3519371531280266 off 0.325695465451132 __DUMMY__ 0.32236738142084137	false	0.5
trostlosigkeit	neg 1.0		neg 0.3526227198260882 __DUMMY__ 0.32392718578232754 off 0.32345009439158434	false	1.0
lutschen	neg 1.0		neg 0.3466100371764262 off 0.3338204735586119 __DUMMY__ 0.3195694892649619	false	1.0
undiszipliniert	neg 1.0		neg 0.34119416117097096 off 0.33960543862672016 __DUMMY__ 0.3192004002023089	false	1.0
kopfschmerz	neg 1.0		neg 0.35146302982050864 off 0.327181895089427 __DUMMY__ 0.3213550750900643	false	1.0
unvorhergesehen	neg 1.0		neg 0.34716062881821996 off 0.32704079313315765 __DUMMY__ 0.3257985780486223	false	1.0
desinteressiert	neg 1.0	neg 1.0	neg 0.6593797536910633 off 0.1871681586942549 __DUMMY__ 0.15345208761468176	false	1.0
armselig	off 1.0		neg 0.342842273903342 off 0.33936859219829296 __DUMMY__ 0.31778913389836516	false	0.5
desaster	neg 1.0		neg 0.3537824408701232 __DUMMY__ 0.3241947285633436 off 0.322022830566533	false	1.0
tod	neg 1.0		neg 0.34822089681516066 off 0.3278679306649732 __DUMMY__ 0.3239111725198661	false	1.0
herzlos	neg 1.0		neg 0.341549907888533 off 0.3398896925454146 __DUMMY__ 0.31856039956605237	false	1.0
unwissenheit	neg 1.0		neg 0.3508415440445004 off 0.3272052609469362 __DUMMY__ 0.3219531950085633	false	1.0
widersinnig	neg 1.0		neg 0.352830856711598 off 0.3263822560926607 __DUMMY__ 0.3207868871957414	false	1.0
bedenklich	neg 1.0		neg 0.35132847501855247 off 0.32631687574900575 __DUMMY__ 0.32235464923244184	false	1.0
beanstanden	neg 1.0		neg 0.3525665339384591 __DUMMY__ 0.32374366500766355 off 0.32368980105387746	false	1.0
panisch	neg 1.0	neg 1.0	neg 0.6595879845450068 off 0.18484199969748838 __DUMMY__ 0.15557001575750481	false	1.0
debil	off 1.0		neg 0.35448211672465496 __DUMMY__ 0.32683487194601735 off 0.31868301132932775	false	0.5
abstrich	neg 1.0		neg 0.3436460425537343 off 0.33146051252454706 __DUMMY__ 0.3248934449217186	false	1.0
primitiv	neg 1.0		neg 0.3436475336421849 off 0.33767156202077186 __DUMMY__ 0.31868090433704327	false	1.0
abschaum	off 1.0	off 1.0	off 0.6558011012990255 neg 0.19048736262318608 __DUMMY__ 0.1537115360777884	false	1.0
provozieren	neg 1.0		neg 0.34907980799335214 off 0.3305854673602297 __DUMMY__ 0.3203347246464182	false	1.0
tot	neg 1.0		neg 0.34974680102710665 off 0.3275301175211795 __DUMMY__ 0.32272308145171386	false	1.0
instabil	neg 1.0		neg 0.3432273859768608 off 0.33871103533092495 __DUMMY__ 0.3180615786922143	false	1.0
schwuchtel	off 1.0	off 1.0	off 0.6633255689936769 neg 0.1863592427870529 __DUMMY__ 0.15031518821927012	false	1.0
zerren	neg 1.0		neg 0.3488536641049371 off 0.3283807129395079 __DUMMY__ 0.322765622955555	false	1.0
kinderficker	off 1.0		off 0.3431367887048385 neg 0.3388534501129286 __DUMMY__ 0.3180097611822328	false	1.0
gefahr	neg 1.0		neg 0.3515149540448557 __DUMMY__ 0.32446501330358185 off 0.32402003265156243	false	1.0
rabiat	neg 1.0		neg 0.34717045222300963 off 0.33077948345079294 __DUMMY__ 0.32205006432619754	false	1.0
verlangsamung	neg 1.0		off 0.3428001382731822 neg 0.3422620491397464 __DUMMY__ 0.3149378125870715	false	0.5
ausgestorben	neg 1.0		neg 0.34663470527238843 off 0.33076617578395867 __DUMMY__ 0.32259911894365284	false	1.0
anklagen	neg 1.0		neg 0.35086321781344315 off 0.3267281912969145 __DUMMY__ 0.3224085908896423	false	1.0
trott	neg 1.0		neg 0.34742339696214924 off 0.33021341224887024 __DUMMY__ 0.3223631907889806	false	1.0
verminderung	neg 1.0		neg 0.34230684356840446 off 0.3381471751264875 __DUMMY__ 0.3195459813051081	false	1.0
nach			neg 0.35008103494036824 __DUMMY__ 0.32796513873942845 off 0.3219538263202034	false	0.0
rost	neg 1.0		off 0.34324876193497617 neg 0.33927874885697357 __DUMMY__ 0.3174724892080504	false	0.5
destruktiv	neg 1.0		neg 0.3489458198394084 off 0.3297357588404637 __DUMMY__ 0.3213184213201279	false	1.0
unzumutbarkeit	neg 1.0		neg 0.34216231673733405 off 0.3371939140601868 __DUMMY__ 0.32064376920247917	false	1.0
labil	off 1.0	off 1.0	off 0.6554499785613076 neg 0.1904993590650915 __DUMMY__ 0.1540506623736009	false	1.0
ziemlich	neg 1.0		neg 0.3408279089604568 off 0.33815789298617793 __DUMMY__ 0.3210141980533652	false	1.0
lachnummer	off 1.0		neg 0.3487676878299563 off 0.330297043112924 __DUMMY__ 0.3209352690571197	false	0.5
oder			neg 0.3450954048462757 off 0.33226413914732955 __DUMMY__ 0.3226404560063946	false	0.0
verfall	neg 1.0		neg 0.3550103673930569 __DUMMY__ 0.32525283731250043 off 0.31973679529444266	false	1.0
ausgrenzung	neg 1.0		neg 0.3471377167113222 off 0.33180521006307706 __DUMMY__ 0.32105707322560073	false	1.0
unordnung	neg 1.0		off 0.3406165544366314 neg 0.3386915832291683 __DUMMY__ 0.3206918623342002	false	0.5
fehlverhalten	neg 1.0		neg 0.3536941911890627 off 0.3239226660906115 __DUMMY__ 0.32238314272032587	false	1.0
eine			neg 0.3498749422593985 off 0.325186791127471 __DUMMY__ 0.32493826661313047	false	0.0
nille	neg 1.0		neg 0.3470053932452744 off 0.33031789183108234 __DUMMY__ 0.32267671492364325	false	1.0
qual	neg 1.0		neg 0.34761468400106055 off 0.32982377594727225 __DUMMY__ 0.3225615400516674	false	1.0
verschwenden	neg 1.0		neg 0.35202682877204433 off 0.32553892304491805 __DUMMY__ 0.3224342481830377	false	1.0
riesig	neg 1.0		neg 0.348982927082775 off 0.3272127074389953 __DUMMY__ 0.3238043654782297	false	1.0
verurteilen	neg 1.0		neg 0.352341470556974 off 0.3264468491227055 __DUMMY__ 0.32121168032032055	false	1.0
klischee	neg 1.0	neg 1.0	neg 0.6615427525497348 off 0.18462120320820113 __DUMMY__ 0.1538360442420641	false	1.0
diktatorisch	neg 1.0		neg 0.3480280593818069 off 0.33109147581402154 __DUMMY__ 0.32088046480417154	false	1.0
vorhersehbar	neg 1.0		neg 0.34684406421107666 off 0.33337819117421946 __DUMMY__ 0.31977774461470376	false	1.0
sowie			neg 0.3419188809736336 off 0.3412754043279927 __DUMMY__ 0.31680571469837376	false	0.0
stornieren	neg 1.0		neg 0.3407140158366879 off 0.3349961360658616 __DUMMY__ 0.32428984809745054	false	1.0
besteuerung	neg 1.0		neg 0.35066252389667124 off 0.32961340040883746 __DUMMY__ 0.3197240756944913	false	1.0
ungeschminkt	neg 1.0		neg 0.3461375552307478 off 0.3363418252478277 __DUMMY__ 0.3175206195214244	false	1.0
kritisch	neg 1.0		neg 0.3510976178343798 off 0.32620290052797957 __DUMMY__ 0.32269948163764056	false	1.0
schlamperei	off 1.0		neg 0.3508870717060532 off 0.3252548078047675 __DUMMY__ 0.32385812048917934	false	0.5
sucht	neg 1.0	neg 1.0	neg 0.6586444048996325 off 0.18443800300630744 __DUMMY__ 0.1569175920940601	false	1.0
egoistisch	off 1.0		off 0.3427120488566156 neg 0.3402304736527616 __DUMMY__ 0.3170574774906228	false	1.0
ausbeuter	off 1.0		neg 0.35457129506226487 off 0.3235340213618828 __DUMMY__ 0.3218946835758523	false	0.5
arschgeburt	off 1.0		off 0.3492960711879495 neg 0.33826108043273145 __DUMMY__ 0.3124428483793191	false	1.0
schubs	neg 1.0		neg 0.3478773931922139 off 0.32893825592229453 __DUMMY__ 0.3231843508854915	false	1.0
unsolide	neg 1.0		neg 0.3488544063280268 off 0.3312461640327811 __DUMMY__ 0.31989942963919227	false	1.0
beschwerde	neg 1.0		neg 0.352393306634939 off 0.3251835160152624 __DUMMY__ 0.3224231773497986	false	1.0
stocken	neg 1.0		neg 0.3513201236000271 off 0.3253193574131979 __DUMMY__ 0.3233605189867749	false	1.0
isolieren	neg 1.0		neg 0.35067607711360116 off 0.3267666381459745 __DUMMY__ 0.3225572847404244	false	1.0
unheilbar	neg 1.0		neg 0.3472408822905129 off 0.3308696814700257 __DUMMY__ 0.32188943623946137	false	1.0
pisser	off 1.0		neg 0.3440725839612283 off 0.3384156494847216 __DUMMY__ 0.3175117665540503	false	0.5
löschen	neg 1.0		neg 0.34718796129640045 off 0.3305533675359783 __DUMMY__ 0.3222586711676213	false	1.0
durchfallen	neg 1.0		neg 0.35175854578814825 off 0.3264387115520753 __DUMMY__ 0.3218027426597765	false	1.0
wichser	off 1.0	off 1.0	off 0.6622116576236985 neg 0.18626538539078916 __DUMMY__ 0.15152295698551246	false	1.0
terror	neg 1.0		neg 0.34396723992581596 off 0.33444491908037766 __DUMMY__ 0.3215878409938065	false	1.0
krass	neg 1.0		off 0.3408229432904605 neg 0.3407528496087578 __DUMMY__ 0.3184242071007817	false	0.5
revolte	neg 1.0		neg 0.34667716714024693 off 0.33236344850723554 __DUMMY__ 0.3209593843525175	false	1.0
besorgt	neg 1.0		neg 0.34507491518420386 off 0.3301921229357848 __DUMMY__ 0.3247329618800114	false	1.0
nachlassen	neg 1.0		neg 0.3502143573177823 off 0.3257839032683377 __DUMMY__ 0.32400173941387994	false	1.0
alt	neg 1.0		neg 0.35067000983310764 off 0.32719744830694425 __DUMMY__ 0.32213254185994816	false	1.0
hundesohn	off 1.0		off 0.34632701042113107 neg 0.33876526479109553 __DUMMY__ 0.31490772478777335	false	1.0
als			neg 0.3479471166595042 off 0.32875595106827776 __DUMMY__ 0.32329693227221806	false	0.0
abschreckung	neg 1.0		neg 0.35314651559937027 __DUMMY__ 0.32359811597687 off 0.32325536842375974	false	1.0
unqualifiziert	neg 1.0		neg 0.34634336129975346 off 0.33424836489706167 __DUMMY__ 0.31940827380318493	false	1.0
abgewichst	off 1.0		neg 0.3468172688671607 off 0.32992535176926324 __DUMMY__ 0.32325737936357607	false	0.5
schwer	neg 1.0		neg 0.3483544594806021 off 0.3297597502960798 __DUMMY__ 0.321885790223318	false	1.0
bedeutungslosigkeit	neg 1.0		neg 0.35231922237332236 off 0.32442413726462754 __DUMMY__ 0.32325664036205004	false	1.0
kapitulation	neg 1.0		neg 0.35102819225703485 off 0.32595933561029855 __DUMMY__ 0.3230124721326666	false	1.0
unscharf	neg 1.0		neg 0.3468665580074262 off 0.33287630546875563 __DUMMY__ 0.32025713652381815	false	1.0
schwinden	neg 1.0		neg 0.3529876147635895 off 0.32386965372220633 __DUMMY__ 0.3231427315142041	false	1.0
versklavung	neg 1.0		neg 0.34781868668209254 off 0.33085360935817254 __DUMMY__ 0.32132770395973503	false	1.0
schlecht	neg 1.0		neg 0.3409318416851152 off 0.3382156975231048 __DUMMY__ 0.3208524607917798	false	1.0
verhasst	neg 1.0		neg 0.34965714833309436 off 0.33075866863127296 __DUMMY__ 0.3195841830356326	false	1.0
beschweren	neg 1.0		neg 0.34563317135891636 off 0.33295312280819006 __DUMMY__ 0.3214137058328936	false	1.0
scheiden	neg 1.0		neg 0.3453359342681491 off 0.3314040780446195 __DUMMY__ 0.32325998768723146	false	1.0
frustriert	neg 1.0		neg 0.3497861004918359 off 0.3284383377007099 __DUMMY__ 0.32177556180745426	false	1.0
schimmelig	neg 1.0		neg 0.3537058495632166 off 0.3256641013159372 __DUMMY__ 0.32063004912084625	false	1.0
fisch	neg 1.0		neg 0.3543088218841075 off 0.32320664484724726 __DUMMY__ 0.32248453326864523	false	1.0
schmuggel	neg 1.0		neg 0.3514810686293596 off 0.3251094588603552 __DUMMY__ 0.3234094725102852	false	1.0
auffallen	neg 1.0		neg 0.3448441956773625 off 0.33392800509492343 __DUMMY__ 0.32122779922771405	false	1.0
konkurrenz	neg 1.0		neg 0.3533106613316871 __DUMMY__ 0.32379602717078615 off 0.32289331149752676	false	1.0
teufelskreis	neg 1.0	neg 1.0	neg 0.6637956957036972 off 0.1817859911797034 __DUMMY__ 0.15441831311659926	false	1.0
aufschreien	neg 1.0		neg 0.346558532988311 off 0.33323369157618393 __DUMMY__ 0.3202077754355051	false	1.0
schuldner	neg 1.0		neg 0.3552550218820517 off 0.32269310492247444 __DUMMY__ 0.32205187319547385	false	1.0
missgeburt	off 1.0	off 1.0	off 0.6593077047121223 neg 0.1889491407774398 __DUMMY__ 0.15174315451043793	false	1.0
arbeitslos	neg 1.0		neg 0.3511502174488304 off 0.32697119879199854 __DUMMY__ 0.3218785837591711	false	1.0
befallen	neg 1.0		neg 0.35197249959340265 off 0.32723350564265247 __DUMMY__ 0.320793994763945	false	1.0
miesepetrig	off 1.0	off 1.0	off 0.656393320346976 neg 0.1893249119567558 __DUMMY__ 0.1542817676962683	false	1.0
alarmieren	neg 1.0		neg 0.34623674393634557 off 0.33445894674492394 __DUMMY__ 0.3193043093187306	false	1.0
ungeduscht	off 1.0		neg 0.3461614681942512 off 0.3345764704701893 __DUMMY__ 0.3192620613355595	false	0.5
knappheit	neg 1.0		neg 0.35364500781351627 off 0.32541060602791294 __DUMMY__ 0.32094438615857074	false	1.0
schlange	neg 1.0		neg 0.3429257708714841 off 0.3337454647483028 __DUMMY__ 0.323328764380213	false	1.0
harsch	neg 1.0		off 0.3427005236152958 neg 0.33786818527993767 __DUMMY__ 0.3194312911047665	false	0.5
lang	neg 1.0		neg 0.34602638506636785 off 0.33173941937242823 __DUMMY__ 0.3222341955612041	false	1.0
ziellos	neg 1.0		neg 0.3484009830627149 off 0.3275932408214498 __DUMMY__ 0.3240057761158355	false	1.0
selbstverliebt	neg 1.0		off 0.3478056652107831 neg 0.33787003640968727 __DUMMY__ 0.31432429837952985	false	0.5
beseitigen	neg 1.0		neg 0.34861786360517394 off 0.32880801503509904 __DUMMY__ 0.322574121359727	false	1.0
dumm	off 1.0		off 0.34388357950685916 neg 0.33878404959334346 __DUMMY__ 0.31733237089979743	false	1.0
arbeitsloser	neg 1.0		neg 0.3482199747762017 off 0.32821793516061953 __DUMMY__ 0.32356209006317893	false	1.0
blitzen	neg 1.0		neg 0.3439812238752823 off 0.33456502199847743 __DUMMY__ 0.3214537541262401	false	1.0
hilflos	neg 1.0		neg 0.3500914792400439 off 0.3279683450026385 __DUMMY__ 0.32194017575731754	false	1.0
eklig	off 1.0		off 0.343347583255286 neg 0.3410694287972411 __DUMMY__ 0.3155829879474729	false	1.0
begriff			neg 0.34780443435907027 off 0.3298848422554155 __DUMMY__ 0.32231072338551414	false	0.0
hungersnot	neg 1.0		neg 0.35031286337652506 off 0.3272295809487943 __DUMMY__ 0.3224575556746808	false	1.0
ungesetzlich	neg 1.0		neg 0.3500057621768469 off 0.32998571762190126 __DUMMY__ 0.3200085202012519	false	1.0
verschwendung	neg 1.0		neg 0.351470860122747 off 0.32538809276871683 __DUMMY__ 0.32314104710853614	false	1.0
schmerzvoll	neg 1.0		neg 0.34664004653647607 off 0.33226059978389666 __DUMMY__ 0.3210993536796272	false	1.0
vorzeitig	neg 1.0		neg 0.34654800845475847 off 0.3330785774867423 __DUMMY__ 0.32037341405849923	false	1.0
unvollkommenheit	neg 1.0		neg 0.3462464941952621 off 0.32883434478146445 __DUMMY__ 0.32491916102327356	false	1.0
intervenieren	neg 1.0		neg 0.3527745525469063 off 0.3246548546902149 __DUMMY__ 0.3225705927628789	false	1.0
banause	off 1.0		off 0.3456672521865015 neg 0.3403005309778791 __DUMMY__ 0.31403221683561955	false	1.0
rebell	neg 1.0		neg 0.3541395202247843 __DUMMY__ 0.3244395714573193 off 0.32142090831789655	false	1.0
unlogisch	neg 1.0		neg 0.34218098005768754 off 0.3395142251544995 __DUMMY__ 0.31830479478781293	false	1.0
leiden	neg 1.0		neg 0.34976091362862416 off 0.32538577830323256 __DUMMY__ 0.3248533080681433	false	1.0
abschaffung	neg 1.0		neg 0.3475282000982933 off 0.330709096500396 __DUMMY__ 0.3217627034013108	false	1.0
sturz	neg 1.0		neg 0.3461042580385295 off 0.33111862547987925 __DUMMY__ 0.3227771164815913	false	1.0
verkleinerung	neg 1.0		neg 0.34754299013526946 off 0.33283086393713596 __DUMMY__ 0.3196261459275944	false	1.0
schmarotzer	off 1.0		neg 0.35116976767993235 off 0.32756466997402744 __DUMMY__ 0.3212655623460402	false	0.5
bestrafung	neg 1.0		neg 0.3469642870477306 off 0.33155978186634194 __DUMMY__ 0.3214759310859275	false	1.0
achtlos	neg 1.0	neg 1.0	neg 0.6622010083046677 off 0.18236450414657354 __DUMMY__ 0.15543448754875877	false	1.0
ungeheuer	neg 1.0		neg 0.3448545839762751 off 0.33360839332682557 __DUMMY__ 0.32153702269689927	false	1.0
unaufrichtig	neg 1.0		neg 0.34189685882463583 off 0.33539821252907315 __DUMMY__ 0.3227049286462909	false	1.0
groggy	neg 1.0		neg 0.3448591010467303 off 0.33404294650967253 __DUMMY__ 0.3210979524435971	false	1.0
verletzlich	neg 1.0		neg 0.3449606487812331 off 0.3366904760387451 __DUMMY__ 0.3183488751800218	false	1.0
ablehnen	neg 1.0		neg 0.35039352423280873 off 0.327031118869267 __DUMMY__ 0.3225753568979242	false	1.0
