unsolidarisch	neg 1.0		__DUMMY__ 0.4574153277874072 neg 0.2801530400131388 off 0.26243163219945387	false	1.0
nachteilig	neg 1.0		__DUMMY__ 0.4613822576635491 neg 0.280170963796819 off 0.2584467785396318	false	1.0
skeptisch	neg 1.0		__DUMMY__ 0.46181705154667957 neg 0.28026563377021685 off 0.2579173146831035	false	1.0
schrecklich	neg 1.0		__DUMMY__ 0.45569208821305074 off 0.2746380954201345 neg 0.26966981636681475	false	0.5
schlapp	neg 1.0		__DUMMY__ 0.45782638861889474 neg 0.2720172518626172 off 0.2701563595184881	false	1.0
abfall	neg 1.0		__DUMMY__ 0.4641016442793219 neg 0.2818008698673133 off 0.25409748585336484	false	1.0
widerspenstig	neg 1.0		__DUMMY__ 0.45990894234612195 neg 0.276104382978218 off 0.2639866746756601	false	1.0
abrupt	neg 1.0		__DUMMY__ 0.4623826680069933 neg 0.2786261539594898 off 0.25899117803351673	false	1.0
unwirksam	neg 1.0		__DUMMY__ 0.456829453069876 neg 0.28096968402813294 off 0.26220086290199107	false	1.0
angreifen	neg 1.0		__DUMMY__ 0.4606525605576689 neg 0.2820618727585504 off 0.25728556668378083	false	1.0
inkonsistent	neg 1.0		__DUMMY__ 0.4572835973443166 neg 0.27890064284972194 off 0.2638157598059614	false	1.0
abrutschen	neg 1.0		__DUMMY__ 0.46278898223218473 neg 0.28298172835191077 off 0.2542292894159045	false	1.0
unsicher	neg 1.0		__DUMMY__ 0.46119787280642166 neg 0.2746997963788274 off 0.2641023308147511	false	1.0
bauernkind	off 1.0	off 1.0	off 0.6248864053847445 __DUMMY__ 0.2166681636199379 neg 0.15844543099531758	false	1.0
angreifer	neg 1.0	neg 1.0	neg 0.6258176368039752 __DUMMY__ 0.22319882031343352 off 0.15098354288259128	false	1.0
trennen	neg 1.0		__DUMMY__ 0.4633888325379393 neg 0.27860453641224303 off 0.2580066310498177	false	1.0
schmutz	neg 1.0		__DUMMY__ 0.4611330341417442 neg 0.2727997316387968 off 0.26606723421945894	false	1.0
inkonsistenz	neg 1.0		__DUMMY__ 0.45401133478612987 neg 0.27742579586189064 off 0.26856286935197954	false	1.0
erschreckend	neg 1.0		__DUMMY__ 0.4593642008968956 neg 0.27815816397046234 off 0.26247763513264205	false	1.0
ertrinken	neg 1.0		__DUMMY__ 0.46087024489513784 neg 0.2812318171941902 off 0.25789793791067184	false	1.0
pickelface	off 1.0		__DUMMY__ 0.4603804139344429 neg 0.27706261861097686 off 0.26255696745458024	false	0.5
seiner			__DUMMY__ 0.46188755462067704 neg 0.27978652361681594 off 0.258325921762507	false	0.0
lauch	neg 1.0		__DUMMY__ 0.4634849099017338 neg 0.28141880575118133 off 0.2550962843470849	false	1.0
unwichtig	neg 1.0		__DUMMY__ 0.45648700479620846 neg 0.2744741797690846 off 0.26903881543470703	false	1.0
steuerhinterziehung	neg 1.0	neg 1.0	neg 0.6293542953255438 __DUMMY__ 0.22298301171331936 off 0.14766269296113693	false	1.0
schock	neg 1.0		__DUMMY__ 0.4603008476390672 neg 0.27716025912718517 off 0.26253889323374763	false	1.0
beule	neg 1.0		__DUMMY__ 0.45591244496026534 neg 0.27346209023995066 off 0.27062546479978405	false	1.0
vergelten	neg 1.0		__DUMMY__ 0.45816567111731954 off 0.27391567410164025 neg 0.26791865478104004	false	0.5
verdorbenheit	neg 1.0		__DUMMY__ 0.46237252444726407 neg 0.2721401862883698 off 0.26548728926436616	false	1.0
trauma	neg 1.0		__DUMMY__ 0.4592725792725968 neg 0.27605413752916796 off 0.2646732831982353	false	1.0
sinnlos	neg 1.0		__DUMMY__ 0.45882933883226 neg 0.2749062253454166 off 0.2662644358223234	false	1.0
fettsack	off 1.0	off 1.0	off 0.626104752818564 __DUMMY__ 0.21763036143851675 neg 0.15626488574291925	false	1.0
feige	off 1.0	off 1.0	off 0.622741779799471 __DUMMY__ 0.220181473589059 neg 0.15707674661147009	false	1.0
abdanken	neg 1.0		__DUMMY__ 0.45937932324343844 neg 0.2781580431807718 off 0.26246263357578975	false	1.0
wichtigtuer	off 1.0	off 1.0	off 0.6213761247960451 __DUMMY__ 0.2215326645595321 neg 0.15709121064442275	false	1.0
misslingen	neg 1.0		__DUMMY__ 0.46474631363106 neg 0.26899000198342077 off 0.26626368438551923	false	1.0
untreu	off 1.0		__DUMMY__ 0.4566275358173431 neg 0.27362298435697974 off 0.26974947982567704	false	0.5
missmutig	neg 1.0		__DUMMY__ 0.45786383921710644 neg 0.27286734957201897 off 0.26926881121087465	false	1.0
hurenbock	off 1.0		__DUMMY__ 0.45960923266778675 neg 0.27436530554166266 off 0.26602546179055053	false	0.5
betrunken	neg 1.0		__DUMMY__ 0.4567331359677252 off 0.27198931666421217 neg 0.2712775473680626	false	0.5
korrupt	off 1.0		__DUMMY__ 0.45786090983899214 neg 0.28257080486944675 off 0.25956828529156095	false	0.5
unmut	neg 1.0		__DUMMY__ 0.46349173616531053 neg 0.2818454588893219 off 0.2546628049453676	false	1.0
hackfresse	off 1.0		__DUMMY__ 0.452733599405456 off 0.2782782694526449 neg 0.2689881311418991	false	1.0
aufblasen	neg 1.0		__DUMMY__ 0.45944802032895293 neg 0.27460510654015985 off 0.2659468731308873	false	1.0
gewaltsam	neg 1.0		__DUMMY__ 0.4605285067251102 neg 0.277652740105557 off 0.2618187531693329	false	1.0
unbeliebtheit	neg 1.0		__DUMMY__ 0.4549866666328703 neg 0.27792386922759266 off 0.267089464139537	false	1.0
sturheit	neg 1.0		__DUMMY__ 0.4590264703803419 neg 0.27949350063813094 off 0.2614800289815272	false	1.0
kuh	neg 1.0		__DUMMY__ 0.45458685837802854 neg 0.28052580523701415 off 0.2648873363849573	false	1.0
erschrecken	neg 1.0		__DUMMY__ 0.45843928560238967 neg 0.27248877342398525 off 0.2690719409736252	false	1.0
opfer	neg 1.0		__DUMMY__ 0.4612411588163107 neg 0.27925180491983753 off 0.25950703626385174	false	1.0
sinken	neg 1.0		__DUMMY__ 0.46295262274107796 neg 0.28187750220720714 off 0.2551698750517149	false	1.0
stinktier	neg 1.0		__DUMMY__ 0.4495569432695524 neg 0.27736080324417633 off 0.2730822534862712	false	1.0
tucke	off 1.0		__DUMMY__ 0.45010677723404297 off 0.2786622739243651 neg 0.271230948841592	false	1.0
ein			__DUMMY__ 0.4594332536514349 neg 0.27566763575195774 off 0.26489911059660726	false	0.0
abstieg	neg 1.0		__DUMMY__ 0.46109437571041356 neg 0.2809920531902257 off 0.25791357109936075	false	1.0
missverstehen	neg 1.0		__DUMMY__ 0.4568622333622289 neg 0.27649874548310666 off 0.2666390211546646	false	1.0
ergebnislos	neg 1.0		__DUMMY__ 0.4625145644776297 neg 0.2793108314336509 off 0.25817460408871956	false	1.0
unter			__DUMMY__ 0.4680174956110878 neg 0.2819257289218174 off 0.25005677546709487	false	0.0
manipulieren	neg 1.0		__DUMMY__ 0.4621531894387148 neg 0.2803819112554574 off 0.2574648993058279	false	1.0
unbewiesen	neg 1.0		__DUMMY__ 0.45673624949089886 neg 0.28115125482254094 off 0.26211249568656014	false	1.0
verschleppen	neg 1.0		__DUMMY__ 0.4600099571289167 neg 0.28061989128601345 off 0.2593701515850699	false	1.0
weib	off 1.0		__DUMMY__ 0.44872700642738894 off 0.27753129687279754 neg 0.2737416966998135	false	1.0
opposition	neg 1.0		__DUMMY__ 0.45770417979122685 neg 0.27742736455249417 off 0.26486845565627914	false	1.0
verkehrswidrig	neg 1.0		__DUMMY__ 0.4587007818672371 off 0.275566223487226 neg 0.265732994645537	false	0.5
inkorrekt	neg 1.0		__DUMMY__ 0.45385874172841084 neg 0.27321281053043434 off 0.27292844774115477	false	1.0
vermeiden	neg 1.0	neg 1.0	neg 0.6293297642756405 __DUMMY__ 0.22665428269338386 off 0.14401595303097564	false	1.0
abweichung	neg 1.0		__DUMMY__ 0.4614903660592604 neg 0.27899574152709605 off 0.25951389241364353	false	1.0
alkoholisiert	neg 1.0		__DUMMY__ 0.4634555460157476 neg 0.2774644843196069 off 0.2590799696646455	false	1.0
scheiss	off 1.0	off 1.0	off 0.6234693356734466 __DUMMY__ 0.2210140961381147 neg 0.15551656818843865	false	1.0
herausforderung	neg 1.0		__DUMMY__ 0.46264157183621873 neg 0.27922772690766745 off 0.2581307012561139	false	1.0
pervers	off 1.0		__DUMMY__ 0.4501107630048132 off 0.2817866189053037 neg 0.26810261808988306	false	1.0
wackelig	neg 1.0		__DUMMY__ 0.4636489539120307 neg 0.2738349052646061 off 0.2625161408233632	false	1.0
verwickeln	neg 1.0		__DUMMY__ 0.457098712283453 neg 0.27691723472799284 off 0.2659840529885541	false	1.0
vorwand	neg 1.0		__DUMMY__ 0.4616337156262494 neg 0.28124197628853037 off 0.25712430808522013	false	1.0
muschi	off 1.0		__DUMMY__ 0.4602796861917524 neg 0.27700857578617727 off 0.2627117380220703	false	0.5
entmutigung	neg 1.0		__DUMMY__ 0.45820598206935537 neg 0.2772851950760119 off 0.26450882285463273	false	1.0
unangemessen	neg 1.0		__DUMMY__ 0.4586086121931921 neg 0.28033611056100594 off 0.2610552772458021	false	1.0
unstetig	neg 1.0		__DUMMY__ 0.45924936658220855 neg 0.2737552420366883 off 0.2669953913811032	false	1.0
entmutigen	neg 1.0		__DUMMY__ 0.45918050831535345 neg 0.2761460360674315 off 0.2646734556172151	false	1.0
schwanz	neg 1.0		__DUMMY__ 0.4611875310471182 neg 0.27910242255171275 off 0.25971004640116907	false	1.0
verbot	neg 1.0		__DUMMY__ 0.4598755514295017 neg 0.2803172399449647 off 0.25980720862553364	false	1.0
leid	neg 1.0		__DUMMY__ 0.45352171158143384 off 0.27594793829112835 neg 0.2705303501274378	false	0.5
archaisch	neg 1.0		__DUMMY__ 0.4597203943390196 neg 0.2784904233542384 off 0.2617891823067419	false	1.0
gegen			__DUMMY__ 0.4633811385987155 neg 0.2811104474967271 off 0.25550841390455753	false	0.0
scheidung	neg 1.0		__DUMMY__ 0.45136067208548286 off 0.28772808590811233 neg 0.2609112420064048	false	0.5
einschlag	neg 1.0		__DUMMY__ 0.4557862089987689 off 0.27291078856197337 neg 0.27130300243925776	false	0.5
m			__DUMMY__ 0.4618146999365425 neg 0.27687811341357327 off 0.26130718664988406	false	0.0
abgestanden	neg 1.0		__DUMMY__ 0.45821882574918255 neg 0.27790942806150737 off 0.26387174618931014	false	1.0
schmierig	off 1.0		__DUMMY__ 0.45466868877938005 off 0.2753741294235424 neg 0.26995718179707767	false	1.0
unpraktisch	neg 1.0		__DUMMY__ 0.45949226465529097 neg 0.2748448470629949 off 0.26566288828171425	false	1.0
wixxer	off 1.0		__DUMMY__ 0.44855004120617303 off 0.28139785115865273 neg 0.2700521076351743	false	1.0
bezeichnet			__DUMMY__ 0.45763142754767255 neg 0.2794599642503089 off 0.2629086082020186	false	0.0
jammerlappen	off 1.0		__DUMMY__ 0.45797916915168385 neg 0.2723491175409946 off 0.26967171330732165	false	0.5
farce	neg 1.0		__DUMMY__ 0.45853174529993523 neg 0.2808770644876757 off 0.2605911902123892	false	1.0
zwecklos	neg 1.0		__DUMMY__ 0.45916789124816926 neg 0.280053755889243 off 0.26077835286258777	false	1.0
turbulent	neg 1.0		__DUMMY__ 0.45428519615373336 neg 0.27568122976674914 off 0.27003357407951756	false	1.0
invasion	neg 1.0		__DUMMY__ 0.4586240124626948 neg 0.2754532061905747 off 0.2659227813467305	false	1.0
schuld	neg 1.0		__DUMMY__ 0.45786559346003786 neg 0.2777310006644979 off 0.2644034058754643	false	1.0
risiko	neg 1.0	neg 1.0	neg 0.6255603936225537 __DUMMY__ 0.22376772460188243 off 0.15067188177556387	false	1.0
finster	neg 1.0		__DUMMY__ 0.45769157096490987 neg 0.27765112274837916 off 0.2646573062867109	false	1.0
geisteskrank	off 1.0		__DUMMY__ 0.454043992001933 neg 0.27540582965598365 off 0.2705501783420834	false	0.5
zusammenbrechen	neg 1.0		__DUMMY__ 0.46055494635864813 neg 0.2779495985875608 off 0.26149545505379107	false	1.0
ausbeute	neg 1.0		__DUMMY__ 0.4676219051805027 neg 0.2702307901754988 off 0.26214730464399844	false	1.0
hinterhalt	neg 1.0		__DUMMY__ 0.4641362553036544 neg 0.27287911629274075 off 0.2629846284036049	false	1.0
kritik	neg 1.0		__DUMMY__ 0.4583231833004167 neg 0.2814372521073607 off 0.2602395645922225	false	1.0
einschrumpfen	neg 1.0		__DUMMY__ 0.45645268757426505 neg 0.27579425962202847 off 0.26775305280370654	false	1.0
riskant	neg 1.0		__DUMMY__ 0.46062295367305833 neg 0.2811929634393344 off 0.2581840828876072	false	1.0
frustrieren	neg 1.0		__DUMMY__ 0.46075086105041047 neg 0.27980499769522327 off 0.2594441412543663	false	1.0
groll	neg 1.0		__DUMMY__ 0.4591837064167127 neg 0.28066905032501543 off 0.2601472432582719	false	1.0
gibt			__DUMMY__ 0.46109712314085516 neg 0.2770649739294125 off 0.26183790292973225	false	0.0
qualvoll	neg 1.0		__DUMMY__ 0.45827441874278785 neg 0.27449575222809935 off 0.26722982902911285	false	1.0
wackeln	neg 1.0		__DUMMY__ 0.46076722153580346 neg 0.27407383639888333 off 0.2651589420653132	false	1.0
klagen	neg 1.0		__DUMMY__ 0.46235980116175734 neg 0.2824473394440772 off 0.2551928593941655	false	1.0
bankrott	neg 1.0		__DUMMY__ 0.4589807988217515 neg 0.2718259672245231 off 0.26919323395372524	false	1.0
trauern	neg 1.0		__DUMMY__ 0.4623616296528016 neg 0.27833314376268803 off 0.25930522658451033	false	1.0
ablehnung	neg 1.0		__DUMMY__ 0.45899795435198165 neg 0.2808050266580241 off 0.2601970189899943	false	1.0
stur	neg 1.0		__DUMMY__ 0.45812060167779456 neg 0.2771101780195643 off 0.26476922030264116	false	1.0
aufruhr	neg 1.0		__DUMMY__ 0.4597347120788081 neg 0.27823980331954595 off 0.262025484601646	false	1.0
melancholie	neg 1.0		__DUMMY__ 0.4607328089423 neg 0.27948612665141853 off 0.25978106440628146	false	1.0
ist			__DUMMY__ 0.4590248181446695 neg 0.2749502047906999 off 0.2660249770646305	false	0.0
torheit	neg 1.0		__DUMMY__ 0.45912067935941825 neg 0.27709243065349265 off 0.26378688998708927	false	1.0
dreckskind	off 1.0		__DUMMY__ 0.4506861954509686 off 0.27603668027329725 neg 0.27327712427573414	false	1.0
umtauschen	neg 1.0		__DUMMY__ 0.46050733390616877 neg 0.2759560528962361 off 0.26353661319759514	false	1.0
zum			__DUMMY__ 0.46798825445850084 neg 0.2776072634949344 off 0.25440448204656474	false	0.0
zersetzen	neg 1.0		__DUMMY__ 0.4604797704667536 neg 0.282504145403823 off 0.25701608412942345	false	1.0
zur			__DUMMY__ 0.46648007999610375 neg 0.28056880691894465 off 0.2529511130849516	false	0.0
frust	neg 1.0		__DUMMY__ 0.46070915187191136 neg 0.2777753923255989 off 0.26151545580248975	false	1.0
unerbittlichkeit	neg 1.0		__DUMMY__ 0.46118271563885405 neg 0.28157583967263183 off 0.25724144468851406	false	1.0
zwei			__DUMMY__ 0.46709184034978735 neg 0.27736777164768345 off 0.2555403880025293	false	0.0
unkorrekt	neg 1.0		__DUMMY__ 0.45575729230760625 off 0.27322432534976715 neg 0.2710183823426266	false	0.5
hexe	off 1.0		__DUMMY__ 0.4534729606524638 neg 0.2784262985512607 off 0.2681007407962755	false	0.5
lasch	neg 1.0		__DUMMY__ 0.4560821022327698 neg 0.2763541639557817 off 0.2675637338114485	false	1.0
rivale	neg 1.0		__DUMMY__ 0.45536080151573854 neg 0.27291708399577913 off 0.2717221144884823	false	1.0
mutlos	off 1.0	off 1.0	off 0.6166371422175977 __DUMMY__ 0.22313874458676175 neg 0.16022411319564053	false	1.0
wirr	off 1.0		__DUMMY__ 0.45331456636332174 neg 0.2734457015272229 off 0.2732397321094555	false	0.5
jahr			__DUMMY__ 0.46848102784025736 neg 0.27200556039604334 off 0.25951341176369935	false	0.0
wird			__DUMMY__ 0.4608908967118509 neg 0.27889531322592376 off 0.2602137900622252	false	0.0
strafbar	neg 1.0		__DUMMY__ 0.46103753324348856 neg 0.27998089522493724 off 0.2589815715315742	false	1.0
erosion	neg 1.0		__DUMMY__ 0.46120857604494103 neg 0.27452626054160933 off 0.2642651634134497	false	1.0
eingehen	neg 1.0		__DUMMY__ 0.4603950661336824 neg 0.2806288505435376 off 0.25897608332278	false	1.0
faul	off 1.0		__DUMMY__ 0.4585116096573757 neg 0.27250718005431945 off 0.26898121028830474	false	0.5
provisorium	neg 1.0		__DUMMY__ 0.46940643286579525 neg 0.27914540523501113 off 0.25144816189919356	false	1.0
schmerzen	neg 1.0		__DUMMY__ 0.4588267805443365 neg 0.2792933286255213 off 0.2618798908301421	false	1.0
schrumpfen	neg 1.0		__DUMMY__ 0.46349733414481464 neg 0.28428726325025766 off 0.25221540260492764	false	1.0
geistlos	off 1.0		__DUMMY__ 0.4557322675328501 neg 0.27843741603227634 off 0.2658303164348734	false	0.5
fehlkauf	neg 1.0		__DUMMY__ 0.4587482372565422 neg 0.27556137340765846 off 0.2656903893357993	false	1.0
frustrierend	neg 1.0		__DUMMY__ 0.4581597827995999 neg 0.273414983212913 off 0.2684252339874871	false	1.0
unzufrieden	neg 1.0		__DUMMY__ 0.45950877642472054 neg 0.27997109087734673 off 0.26052013269793267	false	1.0
verzweifeln	neg 1.0		__DUMMY__ 0.4598619512327675 neg 0.2777391163798696 off 0.2623989323873629	false	1.0
verzweifelt	neg 1.0	neg 1.0	neg 0.6283872635789955 __DUMMY__ 0.22153128388217422 off 0.1500814525388302	false	1.0
misstrauensantrag	neg 1.0		__DUMMY__ 0.4587131038918942 neg 0.27513572292473776 off 0.2661511731833681	false	1.0
abfallen	neg 1.0		__DUMMY__ 0.46064816727203045 neg 0.2741535438229985 off 0.2651982889049711	false	1.0
fucker	off 1.0		__DUMMY__ 0.45629084991597657 off 0.2728376765841179 neg 0.27087147349990565	false	1.0
ungezogen	neg 1.0		__DUMMY__ 0.45066995967721374 off 0.28077449562421586 neg 0.26855554469857046	false	0.5
irrsinnig	neg 1.0	neg 1.0	neg 0.627743838429971 __DUMMY__ 0.221996589566827 off 0.150259572003202	false	1.0
unfassbar	neg 1.0		__DUMMY__ 0.45739396955158995 neg 0.27157755108843695 off 0.2710284793599731	false	1.0
hart	neg 1.0		__DUMMY__ 0.45636527686656714 neg 0.273694325777499 off 0.2699403973559339	false	1.0
widerlich	off 1.0		__DUMMY__ 0.45517362616932777 neg 0.27382300429151624 off 0.2710033695391558	false	0.5
fatal	neg 1.0		__DUMMY__ 0.4584877595280361 neg 0.2752281937126133 off 0.26628404675935063	false	1.0
bruch	neg 1.0		__DUMMY__ 0.46260765448601904 neg 0.2816496004621788 off 0.2557427450518021	false	1.0
aushungern	neg 1.0		__DUMMY__ 0.46051562574503613 neg 0.2782425281969762 off 0.26124184605798756	false	1.0
anspannung	neg 1.0		__DUMMY__ 0.466053610675058 neg 0.2803338844812122 off 0.2536125048437299	false	1.0
von			__DUMMY__ 0.46942446621855116 neg 0.27069161335777364 off 0.25988392042367525	false	0.0
kraftlos	neg 1.0		__DUMMY__ 0.4612448660465469 neg 0.27771612011512137 off 0.2610390138383318	false	1.0
vom			__DUMMY__ 0.46982050493281585 neg 0.27798068208646204 off 0.252198812980722	false	0.0
grenzdebil	off 1.0		__DUMMY__ 0.45726631431422887 off 0.2714323782042661 neg 0.2713013074815049	false	1.0
vor			__DUMMY__ 0.4640252908340042 neg 0.2787721025526286 off 0.25720260661336714	false	0.0
unterwerfen	neg 1.0		__DUMMY__ 0.4606922223901061 neg 0.280099009907364 off 0.25920876770253	false	1.0
versenkung	neg 1.0		__DUMMY__ 0.4626402695040324 neg 0.27721245315248133 off 0.2601472773434863	false	1.0
entziehen	neg 1.0		__DUMMY__ 0.4626777482590847 neg 0.28127512568645124 off 0.25604712605446406	false	1.0
finanzkrise	neg 1.0		__DUMMY__ 0.45748922332587666 neg 0.2814317599697782 off 0.26107901670434513	false	1.0
schimpfend	neg 1.0		__DUMMY__ 0.45862913802810557 neg 0.27548934718017826 off 0.26588151479171623	false	1.0
profan	neg 1.0		__DUMMY__ 0.4577631180308777 neg 0.27561648756115975 off 0.26662039440796254	false	1.0
korruption	neg 1.0		__DUMMY__ 0.45954743765609224 neg 0.2811212677610491 off 0.2593312945828587	false	1.0
â			__DUMMY__ 0.46233400670378605 neg 0.27686062369918896 off 0.26080536959702494	false	0.0
schmutzig	neg 1.0		__DUMMY__ 0.45722117939971957 off 0.2719604240547706 neg 0.2708183965455099	false	0.5
sexy	neg 1.0		__DUMMY__ 0.4588594428611348 neg 0.27288450511987433 off 0.26825605201899083	false	1.0
abraten	neg 1.0		__DUMMY__ 0.4596896322069425 neg 0.2737723089528716 off 0.26653805884018583	false	1.0
schwarz	neg 1.0		__DUMMY__ 0.45861443709844624 neg 0.2759986491943487 off 0.2653869137072051	false	1.0
fotze	off 1.0	off 1.0	off 0.61831535949511 __DUMMY__ 0.22392061481292788 neg 0.15776402569196216	false	1.0
verwirren	neg 1.0		__DUMMY__ 0.4579820551504746 neg 0.27472417683940564 off 0.2672937680101198	false	1.0
zahnlos	off 1.0		__DUMMY__ 0.4594967811298327 neg 0.27894380874822655 off 0.26155941012194084	false	0.5
verheeren	neg 1.0		__DUMMY__ 0.45054241068102774 off 0.2822625478087424 neg 0.2671950415102298	false	0.5
hippie	neg 1.0		__DUMMY__ 0.45877921381027315 neg 0.27348005434855266 off 0.2677407318411744	false	1.0
rammen	neg 1.0		__DUMMY__ 0.4556853850090458 neg 0.2804746870693391 off 0.2638399279216149	false	1.0
unlauter	neg 1.0		__DUMMY__ 0.45717933113584314 neg 0.27888089076649164 off 0.2639397780976651	false	1.0
unheilvoll	neg 1.0		__DUMMY__ 0.4584798840374535 neg 0.27591411090151136 off 0.26560600506103516	false	1.0
niedrig	neg 1.0		__DUMMY__ 0.46014716194912625 neg 0.2823691336598205 off 0.25748370439105306	false	1.0
explosion	neg 1.0		__DUMMY__ 0.45860590464883205 neg 0.27437076734420673 off 0.2670233280069612	false	1.0
weichei	off 1.0	off 1.0	off 0.626934402886971 __DUMMY__ 0.21904969281957976 neg 0.15401590429344916	false	1.0
minusmensch	off 1.0		__DUMMY__ 0.4483729749624043 off 0.27801682965296315 neg 0.2736101953846325	false	1.0
farblos	neg 1.0		__DUMMY__ 0.4601413026290963 neg 0.27662855511789874 off 0.26323014225300495	false	1.0
unwissend	neg 1.0	neg 1.0	neg 0.6258319868237298 __DUMMY__ 0.22117656632685118 off 0.1529914468494191	false	1.0
traurig	neg 1.0		__DUMMY__ 0.45644156535807645 off 0.2739361287431991 neg 0.2696223058987244	false	0.5
senkung	neg 1.0		__DUMMY__ 0.45644589659922036 neg 0.2775829090058029 off 0.26597119439497663	false	1.0
ungleich	neg 1.0	neg 1.0	neg 0.6299035099067356 __DUMMY__ 0.22366982704978836 off 0.14642666304347596	false	1.0
heikel	neg 1.0		__DUMMY__ 0.46082725408408215 neg 0.280915564926535 off 0.25825718098938294	false	1.0
drosselung	neg 1.0		__DUMMY__ 0.45627973668856514 neg 0.2729543965250499 off 0.270765866786385	false	1.0
falsch	neg 1.0		__DUMMY__ 0.45753482633712483 neg 0.2739856942813329 off 0.2684794793815422	false	1.0
unzufriedenheit	neg 1.0		__DUMMY__ 0.46186283938655187 neg 0.2814971302714285 off 0.25664003034201976	false	1.0
kurz	neg 1.0		__DUMMY__ 0.46280783350024424 neg 0.27428250628684825 off 0.2629096602129074	false	1.0
unsinnig	neg 1.0		__DUMMY__ 0.4592418106510108 neg 0.27897122002011987 off 0.26178696932886947	false	1.0
penner	off 1.0	off 1.0	off 0.6279351242478598 __DUMMY__ 0.21873290291538774 neg 0.1533319728367525	false	1.0
seicht	neg 1.0		__DUMMY__ 0.45071415170496953 off 0.28019815163636275 neg 0.2690876966586678	false	0.5
dummheit	off 1.0	off 1.0	off 0.6213633728989982 __DUMMY__ 0.22099328532832796 neg 0.15764334177267378	false	1.0
unerfreulich	neg 1.0		__DUMMY__ 0.46230456835148465 neg 0.2799524355769888 off 0.25774299607152656	false	1.0
motherfucker	off 1.0	off 1.0	off 0.6244566899527376 __DUMMY__ 0.2208686581870619 neg 0.15467465186020046	false	1.0
pikiert	neg 1.0		__DUMMY__ 0.4552910703426051 neg 0.27474618295033204 off 0.2699627467070628	false	1.0
wrack	neg 1.0		__DUMMY__ 0.4616290121138995 neg 0.27706505648987345 off 0.26130593139622693	false	1.0
gangster	neg 1.0		__DUMMY__ 0.4585792346629292 neg 0.27369619948430435 off 0.26772456585276655	false	1.0
krank	neg 1.0		__DUMMY__ 0.45772683317816293 off 0.27161711846300474 neg 0.27065604835883245	false	0.5
reich	neg 1.0		__DUMMY__ 0.4581163940852193 neg 0.27185799194489013 off 0.27002561396989055	false	1.0
gnadenlos	neg 1.0		__DUMMY__ 0.45799140275031563 neg 0.2774852542572498 off 0.26452334299243446	false	1.0
niedergeschlagen	neg 1.0		__DUMMY__ 0.4609726744636975 neg 0.2767587380572316 off 0.2622685874790708	false	1.0
terrorisieren	off 1.0	off 1.0	off 0.6172202413993347 __DUMMY__ 0.2241150655121633 neg 0.15866469308850187	false	1.0
sinnlosigkeit	neg 1.0		__DUMMY__ 0.45984262947218346 neg 0.27912801624444944 off 0.26102935428336693	false	1.0
behindern	neg 1.0		__DUMMY__ 0.46003327162804186 neg 0.27722376853129266 off 0.2627429598406656	false	1.0
undemokratisch	neg 1.0		__DUMMY__ 0.45861568104463024 neg 0.2769608118254427 off 0.264423507129927	false	1.0
wirtschaftskrise	neg 1.0		__DUMMY__ 0.4589414258516093 neg 0.28223501680813845 off 0.25882355734025214	false	1.0
neid	neg 1.0		__DUMMY__ 0.45993569730535755 neg 0.270768394735312 off 0.26929590795933045	false	1.0
rutschen	neg 1.0		__DUMMY__ 0.4668693873934563 neg 0.27789102146073175 off 0.2552395911458119	false	1.0
rezession	neg 1.0		__DUMMY__ 0.45064037331134016 neg 0.2775050128612406 off 0.27185461382741927	false	1.0
fehlgeburt	neg 1.0		__DUMMY__ 0.46031090230511823 neg 0.2734097553869419 off 0.26627934230793987	false	1.0
charakterschwach	off 1.0		__DUMMY__ 0.455358664365042 neg 0.273820286727543 off 0.27082104890741493	false	0.5
isolation	neg 1.0		__DUMMY__ 0.45835610307579 neg 0.27353411388865145 off 0.26810978303555866	false	1.0
ablenkung	neg 1.0		__DUMMY__ 0.4608239221500015 neg 0.2749030490917617 off 0.26427302875823666	false	1.0
pech	neg 1.0		__DUMMY__ 0.4582592871255743 neg 0.27347670768248666 off 0.26826400519193905	false	1.0
vermeidung	neg 1.0		__DUMMY__ 0.4565970339181436 neg 0.27233142398621546 off 0.2710715420956408	false	1.0
dominieren	neg 1.0		__DUMMY__ 0.4608147962714308 neg 0.2803429397926887 off 0.25884226393588045	false	1.0
schwindlig	neg 1.0		__DUMMY__ 0.4598250865288358 neg 0.27338813671324175 off 0.26678677675792256	false	1.0
lutscher	neg 1.0	neg 1.0	neg 0.6224389882265853 __DUMMY__ 0.21807152762665027 off 0.15948948414676442	false	1.0
pflicht	neg 1.0		__DUMMY__ 0.4614677516771514 neg 0.28158575653393253 off 0.256946491788916	false	1.0
faschist	off 1.0		__DUMMY__ 0.4579378654706135 neg 0.27456214778799265 off 0.26749998674139386	false	0.5
verschleudern	neg 1.0		__DUMMY__ 0.46053363634352884 neg 0.28159212159836655 off 0.2578742420581046	false	1.0
wenn			__DUMMY__ 0.4574355291443709 neg 0.273984548865732 off 0.2685799219898971	false	0.0
ehebruch	neg 1.0		__DUMMY__ 0.46052308375142836 neg 0.27975516725502997 off 0.2597217489935417	false	1.0
spott	off 1.0		__DUMMY__ 0.46011919171892424 neg 0.2809631221015977 off 0.2589176861794781	false	0.5
trostlosigkeit	neg 1.0		__DUMMY__ 0.4622923637874429 neg 0.28129817047015143 off 0.2564094657424056	false	1.0
lutschen	neg 1.0		__DUMMY__ 0.4562685249107337 neg 0.27643076851016257 off 0.2673007065791036	false	1.0
undiszipliniert	neg 1.0		__DUMMY__ 0.4557579932252614 off 0.2729551468098324 neg 0.2712868599649063	false	0.5
kopfschmerz	neg 1.0		__DUMMY__ 0.45875737142871587 neg 0.28079296636941364 off 0.26044966220187066	false	1.0
unvorhergesehen	neg 1.0		__DUMMY__ 0.46491081303535675 neg 0.27565625979042324 off 0.25943292717422006	false	1.0
desinteressiert	neg 1.0	neg 1.0	neg 0.624895346164678 __DUMMY__ 0.22058015069269366 off 0.15452450314262828	false	1.0
armselig	off 1.0		__DUMMY__ 0.4537853037017727 neg 0.27317570199305136 off 0.273038994305176	false	0.5
desaster	neg 1.0		__DUMMY__ 0.4626494752876206 neg 0.28235270253283656 off 0.25499782217954275	false	1.0
tod	neg 1.0		__DUMMY__ 0.4623221348044178 neg 0.2770360434718924 off 0.2606418217236899	false	1.0
herzlos	neg 1.0		__DUMMY__ 0.45486186524619654 off 0.2733721496674154 neg 0.2717659850863881	false	0.5
unwissenheit	neg 1.0		__DUMMY__ 0.4595456350643814 neg 0.2800030271348079 off 0.2604513378008107	false	1.0
widersinnig	neg 1.0		__DUMMY__ 0.45793790019563146 neg 0.2821638643033923 off 0.2598982355009763	false	1.0
bedenklich	neg 1.0		__DUMMY__ 0.46009085324297627 neg 0.2804013027271149 off 0.259507844029909	false	1.0
beanstanden	neg 1.0		__DUMMY__ 0.4620223083467382 neg 0.2812856842300943 off 0.2566920074231675	false	1.0
panisch	neg 1.0	neg 1.0	neg 0.6246398429864374 __DUMMY__ 0.2235973972872032 off 0.15176275972635941	false	1.0
debil	off 1.0		__DUMMY__ 0.46632992481110574 neg 0.2825014117998038 off 0.2511686633890905	false	0.5
abstrich	neg 1.0		__DUMMY__ 0.46372839626333534 neg 0.2724345953756996 off 0.2638370083609651	false	1.0
primitiv	neg 1.0		__DUMMY__ 0.4550212227474005 neg 0.27376461286996395 off 0.2712141643826356	false	1.0
abschaum	off 1.0	off 1.0	off 0.6231302595086868 __DUMMY__ 0.22094349454046527 neg 0.1559262459508479	false	1.0
provozieren	neg 1.0		__DUMMY__ 0.45729366486224615 neg 0.27866674162922755 off 0.2640395935085261	false	1.0
tot	neg 1.0		__DUMMY__ 0.4606833335960729 neg 0.27879418087834784 off 0.26052248552557916	false	1.0
instabil	neg 1.0		__DUMMY__ 0.4542070063771376 neg 0.2734777627479149 off 0.2723152308749475	false	1.0
schwuchtel	off 1.0	off 1.0	off 0.6313018791377282 __DUMMY__ 0.2161205915654732 neg 0.15257752929679863	false	1.0
zerren	neg 1.0		__DUMMY__ 0.460664869523232 neg 0.2779262489528315 off 0.2614088815239365	false	1.0
kinderficker	off 1.0		__DUMMY__ 0.45411822336900703 off 0.2766556423319301 neg 0.26922613429906284	false	1.0
gefahr	neg 1.0		__DUMMY__ 0.46303835709035746 neg 0.2800879918776054 off 0.25687365103203713	false	1.0
rabiat	neg 1.0		__DUMMY__ 0.45968092320912185 neg 0.27644130715298537 off 0.2638777696378928	false	1.0
verlangsamung	neg 1.0		__DUMMY__ 0.44987166329053646 off 0.2769279366110461 neg 0.2732004000984175	false	0.5
ausgestorben	neg 1.0		__DUMMY__ 0.46043982481649276 neg 0.2758091958221896 off 0.26375097936131764	false	1.0
anklagen	neg 1.0		__DUMMY__ 0.4601984714838593 neg 0.2799082570494963 off 0.25989327146664437	false	1.0
trott	neg 1.0		__DUMMY__ 0.4601049844812313 neg 0.2766478568483529 off 0.2632471586704157	false	1.0
verminderung	neg 1.0		__DUMMY__ 0.4562420116053182 neg 0.2723023872756172 off 0.27145560111906464	false	1.0
nach			__DUMMY__ 0.467882448812356 neg 0.27799623598041956 off 0.25412131520722436	false	0.0
rost	neg 1.0		__DUMMY__ 0.453400961828208 off 0.2768245464472588 neg 0.2697744917245332	false	0.5
destruktiv	neg 1.0		__DUMMY__ 0.458668306442267 neg 0.27830737252384075 off 0.2630243210338923	false	1.0
unzumutbarkeit	neg 1.0		__DUMMY__ 0.4577769257803004 neg 0.2718889148085563 off 0.27033415941114336	false	1.0
labil	off 1.0	off 1.0	off 0.6227073628358494 __DUMMY__ 0.22142351535210064 neg 0.1558691218120499	false	1.0
ziemlich	neg 1.0		__DUMMY__ 0.45826015922171864 off 0.27120222532150084 neg 0.2705376154567805	false	0.5
lachnummer	off 1.0		__DUMMY__ 0.4581244146182574 neg 0.2782119604291932 off 0.26366362495254925	false	0.5
oder			__DUMMY__ 0.46050684735482217 neg 0.27432872741668923 off 0.26516442522848865	false	0.0
verfall	neg 1.0		__DUMMY__ 0.46411749357535675 neg 0.28332783449631727 off 0.252554671928326	false	1.0
ausgrenzung	neg 1.0		__DUMMY__ 0.4583229819138409 neg 0.27657711447715044 off 0.2650999036090086	false	1.0
unordnung	neg 1.0		__DUMMY__ 0.4578723712145601 off 0.27363527718904196 neg 0.268492351596398	false	0.5
fehlverhalten	neg 1.0		__DUMMY__ 0.46013338313113 neg 0.28266642843120743 off 0.2572001884376625	false	1.0
eine			__DUMMY__ 0.4636765429892424 neg 0.27844942604999334 off 0.25787403096076417	false	0.0
nille	neg 1.0		__DUMMY__ 0.4605502416883702 neg 0.2761343196213521 off 0.2633154386902777	false	1.0
qual	neg 1.0		__DUMMY__ 0.4603794989853516 neg 0.2767862019496205 off 0.26283429906502775	false	1.0
verschwenden	neg 1.0		__DUMMY__ 0.460209798718685 neg 0.2810783067844416 off 0.2587118944968733	false	1.0
riesig	neg 1.0		__DUMMY__ 0.46214501999081853 neg 0.2778243203655088 off 0.26003065964367256	false	1.0
verurteilen	neg 1.0		__DUMMY__ 0.4585179825363618 neg 0.28160615172222203 off 0.25987586574141613	false	1.0
klischee	neg 1.0	neg 1.0	neg 0.6269608409281562 __DUMMY__ 0.22111746096339946 off 0.15192169810844444	false	1.0
diktatorisch	neg 1.0		__DUMMY__ 0.45807933516023813 neg 0.2774718778666548 off 0.264448786973107	false	1.0
vorhersehbar	neg 1.0		__DUMMY__ 0.45653206091543796 neg 0.27661814066302987 off 0.26684979842153206	false	1.0
sowie			__DUMMY__ 0.45243780575269493 off 0.2750619839863108 neg 0.27250021026099436	false	0.0
stornieren	neg 1.0		__DUMMY__ 0.4628323420408094 neg 0.2696914083144638 off 0.2674762496447269	false	1.0
besteuerung	neg 1.0		__DUMMY__ 0.4564857813247801 neg 0.2803414834057591 off 0.2631727352694607	false	1.0
ungeschminkt	neg 1.0		__DUMMY__ 0.45343994017633715 neg 0.2764597353502952 off 0.27010032447336757	false	1.0
kritisch	neg 1.0		__DUMMY__ 0.4605726167857983 neg 0.2800880157743501 off 0.2593393674398516	false	1.0
schlamperei	off 1.0		__DUMMY__ 0.4622037479632959 neg 0.27960469662943155 off 0.2581915554072727	false	0.5
sucht	neg 1.0	neg 1.0	neg 0.6233845958420121 __DUMMY__ 0.2255364794788255 off 0.1510789246791624	false	1.0
egoistisch	off 1.0		__DUMMY__ 0.4527867795099658 off 0.27640681655909716 neg 0.270806403930937	false	1.0
ausbeuter	off 1.0		__DUMMY__ 0.4594609183603514 neg 0.28361977879593897 off 0.2569193028437096	false	0.5
arschgeburt	off 1.0		__DUMMY__ 0.4463971759809889 off 0.28373551027322025 neg 0.26986731374579087	false	1.0
schubs	neg 1.0		__DUMMY__ 0.46129393014072917 neg 0.27691594532289177 off 0.26179012453637907	false	1.0
unsolide	neg 1.0		__DUMMY__ 0.45673628552201273 neg 0.27849313764071887 off 0.2647705768372683	false	1.0
beschwerde	neg 1.0		__DUMMY__ 0.4602153401677756 neg 0.2813870206932898 off 0.25839763913893454	false	1.0
stocken	neg 1.0		__DUMMY__ 0.4615123581585763 neg 0.280151703056328 off 0.2583359387850958	false	1.0
isolieren	neg 1.0		__DUMMY__ 0.46041141834991417 neg 0.2796897463098851 off 0.2598988353402008	false	1.0
unheilbar	neg 1.0		__DUMMY__ 0.45947306062109783 neg 0.2765204595361143 off 0.26400647984278786	false	1.0
pisser	off 1.0		__DUMMY__ 0.4534233641901025 neg 0.27441589841910446 off 0.27216073739079305	false	0.5
löschen	neg 1.0		__DUMMY__ 0.45996632363401185 neg 0.2764263807412219 off 0.2636072956247662	false	1.0
durchfallen	neg 1.0		__DUMMY__ 0.45933220693042004 neg 0.28094093508657264 off 0.25972685798300726	false	1.0
wichser	off 1.0	off 1.0	off 0.6299348416934017 __DUMMY__ 0.21783999477519603 neg 0.1522251635314021	false	1.0
terror	neg 1.0		__DUMMY__ 0.45905402278828683 neg 0.2734683543780808 off 0.26747762283363236	false	1.0
krass	neg 1.0		__DUMMY__ 0.45469729524811675 off 0.2742605935037143 neg 0.2710421112481691	false	0.5
revolte	neg 1.0		__DUMMY__ 0.45819246204627345 neg 0.27616102753874966 off 0.26564651041497694	false	1.0
besorgt	neg 1.0		__DUMMY__ 0.4634131136313574 neg 0.27382486778017384 off 0.26276201858846876	false	1.0
nachlassen	neg 1.0		__DUMMY__ 0.4624152270245754 neg 0.27897253324356136 off 0.25861223973186326	false	1.0
alt	neg 1.0		__DUMMY__ 0.4598463850181062 neg 0.27984100985918836 off 0.26031260512270543	false	1.0
hundesohn	off 1.0		__DUMMY__ 0.44980925128427895 off 0.28038292665952996 neg 0.269807822056191	false	1.0
als			__DUMMY__ 0.4614101856920375 neg 0.2769297264393867 off 0.2616600878685758	false	0.0
abschreckung	neg 1.0		__DUMMY__ 0.4618267909984424 neg 0.2818608712029824 off 0.2563123377985752	false	1.0
unqualifiziert	neg 1.0		__DUMMY__ 0.45602723266226347 neg 0.2761928821638827 off 0.2677798851738537	false	1.0
abgewichst	off 1.0		__DUMMY__ 0.4613579799570516 neg 0.27583925680471816 off 0.26280276323823015	false	0.5
schwer	neg 1.0		__DUMMY__ 0.4594451736746707 neg 0.27764067194655895 off 0.2629141543787704	false	1.0
bedeutungslosigkeit	neg 1.0		__DUMMY__ 0.46134380519741525 neg 0.2811459179842015 off 0.25751027681838323	false	1.0
kapitulation	neg 1.0		__DUMMY__ 0.4610242882366008 neg 0.27992709466627064 off 0.25904861709712845	false	1.0
unscharf	neg 1.0		__DUMMY__ 0.4572456655709414 neg 0.2765849009026205 off 0.2661694335264382	false	1.0
schwinden	neg 1.0		__DUMMY__ 0.46120929580507525 neg 0.28180965338686753 off 0.2569810508080571	false	1.0
versklavung	neg 1.0		__DUMMY__ 0.45870085317429476 neg 0.2771846806802665 off 0.2641144661454386	false	1.0
schlecht	neg 1.0		__DUMMY__ 0.45803071368868487 off 0.27130119985165496 neg 0.2706680864596602	false	0.5
verhasst	neg 1.0		__DUMMY__ 0.4562564750571867 neg 0.2793861862752776 off 0.2643573386675357	false	1.0
beschweren	neg 1.0		__DUMMY__ 0.4587953194974843 neg 0.27510055622826163 off 0.2661041242742541	false	1.0
scheiden	neg 1.0		__DUMMY__ 0.46142022688166295 neg 0.2744017847515126 off 0.2641779883668245	false	1.0
frustriert	neg 1.0		__DUMMY__ 0.4592871354198672 neg 0.27904595980719676 off 0.26166690477293597	false	1.0
schimmelig	neg 1.0		__DUMMY__ 0.45776278189711694 neg 0.2831266297074384 off 0.25911058839544476	false	1.0
fisch	neg 1.0		__DUMMY__ 0.4603567529502278 neg 0.28329655622413424 off 0.2563466908256379	false	1.0
schmuggel	neg 1.0		__DUMMY__ 0.4615988363486507 neg 0.2802881083742416 off 0.2581130552771078	false	1.0
auffallen	neg 1.0		__DUMMY__ 0.4585427789109569 neg 0.27437918948494827 off 0.26707803160409493	false	1.0
konkurrenz	neg 1.0		__DUMMY__ 0.46210391466465955 neg 0.28198690709474583 off 0.2559091782405947	false	1.0
teufelskreis	neg 1.0	neg 1.0	neg 0.6290692506353054 __DUMMY__ 0.2219413289768816 off 0.14898942038781296	false	1.0
aufschreien	neg 1.0		__DUMMY__ 0.45712604713721666 neg 0.27625787769362437 off 0.26661607516915903	false	1.0
schuldner	neg 1.0		__DUMMY__ 0.4596991228000105 neg 0.28424366804688894 off 0.25605720915310054	false	1.0
missgeburt	off 1.0	off 1.0	off 0.6270040360759273 __DUMMY__ 0.218156885461846 neg 0.1548390784622269	false	1.0
arbeitslos	neg 1.0		__DUMMY__ 0.4594294538628158 neg 0.280331544645734 off 0.26023900149145035	false	1.0
befallen	neg 1.0		__DUMMY__ 0.45797660168039456 neg 0.28133431703533834 off 0.2606890812842671	false	1.0
miesepetrig	off 1.0	off 1.0	off 0.6235600494418033 __DUMMY__ 0.22176904386094048 neg 0.15467090669725614	false	1.0
alarmieren	neg 1.0		__DUMMY__ 0.4558994737763157 neg 0.2760935831500415 off 0.2680069430736427	false	1.0
ungeduscht	off 1.0		__DUMMY__ 0.45585765719950544 neg 0.2761198440276957 off 0.2680224987727989	false	0.5
knappheit	neg 1.0		__DUMMY__ 0.4581732762416458 neg 0.28292767914359807 off 0.25889904461475627	false	1.0
schlange	neg 1.0		__DUMMY__ 0.4614665201452737 neg 0.27207035955933184 off 0.2664631202953944	false	1.0
harsch	neg 1.0		__DUMMY__ 0.45608831303944886 off 0.27590771553357135 neg 0.2680039714269798	false	0.5
lang	neg 1.0		__DUMMY__ 0.4599287860795741 neg 0.2753093533571363 off 0.2647618605632896	false	1.0
ziellos	neg 1.0		__DUMMY__ 0.46238865274186675 neg 0.2772186782870052 off 0.26039266897112795	false	1.0
selbstverliebt	neg 1.0		__DUMMY__ 0.44900276690738294 off 0.2818889989659768 neg 0.2691082341266404	false	0.5
beseitigen	neg 1.0		__DUMMY__ 0.46044908764291526 neg 0.2777092921598153 off 0.2618416201972693	false	1.0
dumm	off 1.0		__DUMMY__ 0.45317020725263096 off 0.2774772867185016 neg 0.2693525060288674	false	1.0
arbeitsloser	neg 1.0		__DUMMY__ 0.461779827278607 neg 0.27708988585343014 off 0.26113028686796286	false	1.0
blitzen	neg 1.0		__DUMMY__ 0.45885927635565227 neg 0.2734821093182629 off 0.26765861432608484	false	1.0
hilflos	neg 1.0		__DUMMY__ 0.45952005522288214 neg 0.2793088194746558 off 0.2611711253024621	false	1.0
eklig	off 1.0		__DUMMY__ 0.4507500207798287 off 0.27729218110990766 neg 0.2719577981102636	false	1.0
begriff			__DUMMY__ 0.46004269365504585 neg 0.2769883727342881 off 0.2629689336106659	false	0.0
hungersnot	neg 1.0		__DUMMY__ 0.46027678605496725 neg 0.27935967439063397 off 0.2603635395543989	false	1.0
ungesetzlich	neg 1.0		__DUMMY__ 0.45686539535501386 neg 0.2795734970635567 off 0.2635611075814294	false	1.0
verschwendung	neg 1.0		__DUMMY__ 0.46118076568051775 neg 0.2803735007735293 off 0.25844573354595285	false	1.0
schmerzvoll	neg 1.0		__DUMMY__ 0.45836219157671826 neg 0.2761517266261531 off 0.26548608179712857	false	1.0
vorzeitig	neg 1.0		__DUMMY__ 0.45739635831665326 neg 0.27619391690915895 off 0.26640972477418773	false	1.0
unvollkommenheit	neg 1.0		__DUMMY__ 0.46370638653273966 neg 0.27490684305212865 off 0.26138677041513164	false	1.0
intervenieren	neg 1.0		__DUMMY__ 0.4604043762212827 neg 0.28172295991629187 off 0.2578726638624254	false	1.0
banause	off 1.0		__DUMMY__ 0.44860785683775367 off 0.27984906025032563 neg 0.2715430829119207	false	1.0
rebell	neg 1.0		__DUMMY__ 0.4630278714899853 neg 0.28268794690801474 off 0.25428418160199984	false	1.0
unlogisch	neg 1.0		__DUMMY__ 0.45450907685061476 off 0.2730548900556706 neg 0.2724360330937146	false	0.5
leiden	neg 1.0		__DUMMY__ 0.46359984059084147 neg 0.278361921097272 off 0.25803823831188655	false	1.0
abschaffung	neg 1.0		__DUMMY__ 0.45930597560668823 neg 0.27682485711912325 off 0.2638691672741885	false	1.0
sturz	neg 1.0		__DUMMY__ 0.46072553734482635 neg 0.2752285517781186 off 0.2640459108770551	false	1.0
verkleinerung	neg 1.0		__DUMMY__ 0.4563557784095106 neg 0.27730165848717003 off 0.26634256310331933	false	1.0
schmarotzer	off 1.0		__DUMMY__ 0.4585861829329406 neg 0.28046884046771775 off 0.2609449765993417	false	0.5
bestrafung	neg 1.0		__DUMMY__ 0.4588911163736625 neg 0.27635536328406657 off 0.264753520342271	false	1.0
achtlos	neg 1.0	neg 1.0	neg 0.6272623050822532 __DUMMY__ 0.22339447354863437 off 0.1493432213691125	false	1.0
ungeheuer	neg 1.0		__DUMMY__ 0.4590037514344529 neg 0.2743167045709176 off 0.2666795439946294	false	1.0
unaufrichtig	neg 1.0		__DUMMY__ 0.4606214024178432 neg 0.2711468140256119 off 0.26823178355654487	false	1.0
groggy	neg 1.0		__DUMMY__ 0.45835449301942394 neg 0.2743969788477401 off 0.26724852813283584	false	1.0
verletzlich	neg 1.0		__DUMMY__ 0.4545759731147351 neg 0.2751232915510651 off 0.2703007353341998	false	1.0
ablehnen	neg 1.0		__DUMMY__ 0.4604063377989063 neg 0.27942225248372815 off 0.2601714097173657	false	1.0
