unsolidarisch	neg 1.0		neg 0.5120816283339338 off 0.48100702666170403 __DUMMY__ 0.006911345004362237	false	1.0
nachteilig	neg 1.0		neg 0.5142314305481994 off 0.47879296496013285 __DUMMY__ 0.006975604491667635	false	1.0
skeptisch	neg 1.0		neg 0.5145771897428782 off 0.4784389520422072 __DUMMY__ 0.006983858214914659	false	1.0
schrecklich	neg 1.0		neg 0.4995912529386288 off 0.4935259940629573 __DUMMY__ 0.006882752998413969	false	1.0
schlapp	neg 1.0		neg 0.5032473608571445 off 0.48983560997102205 __DUMMY__ 0.0069170291718333955	false	1.0
abfall	neg 1.0		neg 0.5175017233677054 off 0.4754780520035709 __DUMMY__ 0.007020224628723618	false	1.0
widerspenstig	neg 1.0		neg 0.5088853081352718 off 0.4841635314993579 __DUMMY__ 0.006951160365370274	false	1.0
abrupt	neg 1.0		neg 0.513014643208547 off 0.47999507837098004 __DUMMY__ 0.006990278420472938	false	1.0
unwirksam	neg 1.0		neg 0.5125007180072361 off 0.4805983756480196 __DUMMY__ 0.006900906344744256	false	1.0
angreifen	neg 1.0		neg 0.5158908887940719 off 0.47714403482914824 __DUMMY__ 0.006965076376779989	false	1.0
inkonsistent	neg 1.0		neg 0.510440158014056 off 0.4826522992331718 __DUMMY__ 0.006907542752772122	false	1.0
abrutschen	neg 1.0		neg 0.5180363854705238 off 0.4749639575897187 __DUMMY__ 0.006999656939757523	false	1.0
unsicher	neg 1.0		neg 0.5081558253521853 off 0.48487075951826275 __DUMMY__ 0.006973415129552018	false	1.0
bauernkind	off 1.0	off 1.0	off 0.7286924627626781 neg 0.26810099344038085 __DUMMY__ 0.003206543796941029	false	1.0
angreifer	neg 1.0	neg 1.0	neg 0.7389431642496073 off 0.25775052647405944 __DUMMY__ 0.0033063092763333146	false	1.0
trennen	neg 1.0		neg 0.513567214104549 off 0.47942387236452144 __DUMMY__ 0.007008913530929514	false	1.0
schmutz	neg 1.0		neg 0.5060385808531295 off 0.48699257813156427 __DUMMY__ 0.006968841015306213	false	1.0
inkonsistenz	neg 1.0		neg 0.5071637430894198 off 0.4859808890776034 __DUMMY__ 0.0068553678329767494	false	1.0
erschreckend	neg 1.0		neg 0.5109230060349782 off 0.4821329599603365 __DUMMY__ 0.0069440340046851195	false	1.0
ertrinken	neg 1.0		neg 0.5150510433188523 off 0.47798110952583367 __DUMMY__ 0.0069678471553141184	false	1.0
pickelface	off 1.0		neg 0.5102855758758287 off 0.4827551906479456 __DUMMY__ 0.006959233476225648	false	0.5
seiner			neg 0.5140750311443468 off 0.47894001370733763 __DUMMY__ 0.00698495514831567	false	0.0
lauch	neg 1.0		neg 0.5166848435189945 off 0.47630528645031 __DUMMY__ 0.00700987003069556	false	1.0
unwichtig	neg 1.0		neg 0.5052873771817203 off 0.48781618551308775 __DUMMY__ 0.006896437305191948	false	1.0
steuerhinterziehung	neg 1.0	neg 1.0	neg 0.7424288340320685 off 0.2542680212161121 __DUMMY__ 0.003303144751819467	false	1.0
schock	neg 1.0		neg 0.5102973676240015 off 0.4827442789232926 __DUMMY__ 0.006958353452706063	false	1.0
beule	neg 1.0		neg 0.503746163820475 off 0.48936846813498547 __DUMMY__ 0.006885368044539587	false	1.0
vergelten	neg 1.0		neg 0.49919436597110356 off 0.4938846198955014 __DUMMY__ 0.006921014133395182	false	1.0
verdorbenheit	neg 1.0		neg 0.5059256937460833 off 0.4870832475980476 __DUMMY__ 0.006991058655869139	false	1.0
trauma	neg 1.0		neg 0.5085347573544685 off 0.4845228140752586 __DUMMY__ 0.006942428570272819	false	1.0
sinnlos	neg 1.0		neg 0.5070606686202515 off 0.48600446201668984 __DUMMY__ 0.006934869363058754	false	1.0
fettsack	off 1.0	off 1.0	off 0.7303588022438183 neg 0.2664198258466199 __DUMMY__ 0.0032213719095616944	false	1.0
feige	off 1.0	off 1.0	off 0.7281127213823513 neg 0.2686264490135191 __DUMMY__ 0.003260829604129592	false	1.0
abdanken	neg 1.0		neg 0.5110407339322259 off 0.4820163563005141 __DUMMY__ 0.006942909767260093	false	1.0
wichtigtuer	off 1.0	off 1.0	off 0.7273701494990462 neg 0.26934838229300073 __DUMMY__ 0.0032814682079531153	false	1.0
misslingen	neg 1.0		neg 0.5039309702603848 off 0.4890407543643351 __DUMMY__ 0.007028275375280008	false	1.0
untreu	off 1.0		neg 0.504413338525775 off 0.4886881121046239 __DUMMY__ 0.0068985493696009864	false	0.5
missmutig	neg 1.0		neg 0.5042778156719809 off 0.4888042319139561 __DUMMY__ 0.006917952414062871	false	1.0
hurenbock	off 1.0		neg 0.50685268108842 off 0.486202669666643 __DUMMY__ 0.006944649244937148	false	0.5
betrunken	neg 1.0		neg 0.5018620609254967 off 0.4912385909500595 __DUMMY__ 0.006899348124443764	false	1.0
korrupt	off 1.0		neg 0.5149479301383992 off 0.47813324757244474 __DUMMY__ 0.006918822289156107	false	0.5
unmut	neg 1.0		neg 0.5172566360974938 off 0.4757324615672787 __DUMMY__ 0.007010902335227444	false	1.0
hackfresse	off 1.0		neg 0.49719745264115084 off 0.49596839663519793 __DUMMY__ 0.006834150723651151	false	0.5
aufblasen	neg 1.0		neg 0.5070218440490902 off 0.48603393517446014 __DUMMY__ 0.006944220776449523	false	1.0
gewaltsam	neg 1.0		neg 0.5110179913092618 off 0.4820211084368797 __DUMMY__ 0.006960900253858516	false	1.0
unbeliebtheit	neg 1.0		neg 0.5082522220918984 off 0.4848776513467811 __DUMMY__ 0.006870126561320556	false	1.0
sturheit	neg 1.0		neg 0.512238483090325 off 0.4808234298972537 __DUMMY__ 0.006938087012421182	false	1.0
kuh	neg 1.0		neg 0.5106869670276543 off 0.48244992899467964 __DUMMY__ 0.006863103977666078	false	1.0
erschrecken	neg 1.0		neg 0.5041935095168206 off 0.4888784611607186 __DUMMY__ 0.006928029322460861	false	1.0
opfer	neg 1.0		neg 0.5131785033903945 off 0.47984741626867666 __DUMMY__ 0.0069740803409287675	false	1.0
sinken	neg 1.0		neg 0.5169478915550525 off 0.4760514031105745 __DUMMY__ 0.00700070533437313	false	1.0
stinktier	neg 1.0		neg 0.5045025368384596 off 0.48871528220937654 __DUMMY__ 0.006782180952163907	false	1.0
tucke	off 1.0		neg 0.4981459079446987 off 0.49506400692197017 __DUMMY__ 0.0067900851333311885	false	0.5
ein			neg 0.5081327644165151 off 0.4849240048007954 __DUMMY__ 0.006943230782689442	false	0.0
abstieg	neg 1.0		neg 0.5149876462962136 off 0.4780420715133727 __DUMMY__ 0.006970282190413632	false	1.0
missverstehen	neg 1.0		neg 0.5077216890350696 off 0.48537555967749446 __DUMMY__ 0.006902751287435824	false	1.0
ergebnislos	neg 1.0		neg 0.5139703076190408 off 0.47903577031613903 __DUMMY__ 0.0069939220648199555	false	1.0
unter			neg 0.5197426593252931 off 0.4731731486639876 __DUMMY__ 0.007084192010719473	false	0.0
manipulieren	neg 1.0		neg 0.5149325859991497 off 0.47807889486778676 __DUMMY__ 0.006988519133063448	false	1.0
unbewiesen	neg 1.0		neg 0.5127928224789099 off 0.4803071025599573 __DUMMY__ 0.006900074961132852	false	1.0
verschleppen	neg 1.0		neg 0.5140259250364558 off 0.4790211400383484 __DUMMY__ 0.0069529349251958575	false	1.0
weib	off 1.0		neg 0.5001282382970877 off 0.4931030357699219 __DUMMY__ 0.006768725932990451	false	0.5
opposition	neg 1.0		neg 0.5091089502277025 off 0.48397562084843077 __DUMMY__ 0.006915428923866672	false	1.0
verkehrswidrig	neg 1.0		neg 0.4969614715093302 off 0.49610885036729996 __DUMMY__ 0.006929678123369805	false	1.0
inkorrekt	neg 1.0		neg 0.5025428048545888 off 0.4906044732197684 __DUMMY__ 0.00685272192564275	false	1.0
vermeiden	neg 1.0	neg 1.0	neg 0.7442592850242027 off 0.25238168383809184 __DUMMY__ 0.003359031137705549	false	1.0
abweichung	neg 1.0		neg 0.5130281528155783 off 0.47999514851710084 __DUMMY__ 0.0069766986673209	false	1.0
alkoholisiert	neg 1.0		neg 0.5122673764710856 off 0.4807258277067803 __DUMMY__ 0.007006795822134001	false	1.0
scheiss	off 1.0	off 1.0	off 0.7293580205285447 neg 0.2673693287825815 __DUMMY__ 0.00327265068887375	false	1.0
herausforderung	neg 1.0		neg 0.5138789796141311 off 0.4791255859562877 __DUMMY__ 0.006995434429581323	false	1.0
pervers	off 1.0		off 0.49840921487776724 neg 0.4947997527617303 __DUMMY__ 0.006791032360502596	false	1.0
wackelig	neg 1.0		neg 0.5084933569199133 off 0.4844942048853365 __DUMMY__ 0.007012438194750148	false	1.0
verwickeln	neg 1.0		neg 0.5083132532010565 off 0.4847801173257843 __DUMMY__ 0.006906629473159174	false	1.0
vorwand	neg 1.0		neg 0.5155525793747776 off 0.47746666578366825 __DUMMY__ 0.006980754841554236	false	1.0
muschi	off 1.0		neg 0.5101744872692483 off 0.4828675803980822 __DUMMY__ 0.006957932332669592	false	0.5
entmutigung	neg 1.0		neg 0.509426515855277 off 0.48365017502275454 __DUMMY__ 0.006923309121968472	false	1.0
unangemessen	neg 1.0		neg 0.5128967985650101 off 0.4801717139962658 __DUMMY__ 0.006931487438724037	false	1.0
unstetig	neg 1.0		neg 0.5059941961654246 off 0.48706726211778456 __DUMMY__ 0.0069385417167909	false	1.0
entmutigen	neg 1.0		neg 0.5086039065291772 off 0.4844561712166889 __DUMMY__ 0.00693992225413397	false	1.0
schwanz	neg 1.0		neg 0.5128942308561848 off 0.48013369327772776 __DUMMY__ 0.006972075866087437	false	1.0
verbot	neg 1.0		neg 0.5136415769930343 off 0.47940716764473457 __DUMMY__ 0.006951255362231201	false	1.0
leid	neg 1.0		neg 0.4992989929461708 off 0.49385393997579935 __DUMMY__ 0.006847067078029888	false	1.0
archaisch	neg 1.0		neg 0.5114780159349064 off 0.48157302952431524 __DUMMY__ 0.006948954540778493	false	1.0
gegen			neg 0.5164344113800001 off 0.4765568455121887 __DUMMY__ 0.007008743107811051	false	0.0
scheidung	neg 1.0		off 0.5053398316770091 neg 0.4878504612239133 __DUMMY__ 0.0068097070990775065	false	0.5
einschlag	neg 1.0		neg 0.5014390497743981 off 0.49167748164427905 __DUMMY__ 0.006883468581322752	false	1.0
m			neg 0.5108081812978407 off 0.4822079577077374 __DUMMY__ 0.006983860994421949	false	0.0
abgestanden	neg 1.0		neg 0.5097788706619314 off 0.483298902571679 __DUMMY__ 0.006922226766389541	false	1.0
schmierig	off 1.0		neg 0.49932212946063415 off 0.4938121231177795 __DUMMY__ 0.006865747421586421	false	0.5
unpraktisch	neg 1.0		neg 0.5072563472398592 off 0.4857989965377046 __DUMMY__ 0.006944656222436008	false	1.0
wixxer	off 1.0		off 0.49719302312319064 neg 0.496041253246246 __DUMMY__ 0.006765723630563448	false	1.0
bezeichnet			neg 0.5113812306850104 off 0.4817031936414696 __DUMMY__ 0.006915575673519908	false	0.0
jammerlappen	off 1.0		neg 0.5038159908259751 off 0.48926331906671033 __DUMMY__ 0.0069206901073145645	false	0.5
farce	neg 1.0		neg 0.5134804215105687 off 0.4795903335078741 __DUMMY__ 0.006929244981557054	false	1.0
zwecklos	neg 1.0		neg 0.5128774329853155 off 0.4801818096582427 __DUMMY__ 0.0069407573564418245	false	1.0
turbulent	neg 1.0		neg 0.5053501417232453 off 0.48779227658870133 __DUMMY__ 0.006857581688053413	false	1.0
invasion	neg 1.0		neg 0.5075096433341824 off 0.485558840057825 __DUMMY__ 0.006931516607992659	false	1.0
schuld	neg 1.0		neg 0.509613309990696 off 0.48346716704767523 __DUMMY__ 0.0069195229616288495	false	1.0
risiko	neg 1.0	neg 1.0	neg 0.7389778920428927 off 0.25770744250005506 __DUMMY__ 0.0033146654570521948	false	1.0
finster	neg 1.0		neg 0.5092362719444241 off 0.48384922423110455 __DUMMY__ 0.006914503824471387	false	1.0
geisteskrank	off 1.0		neg 0.5049662831972257 off 0.4881770722310408 __DUMMY__ 0.006856644571733647	false	0.5
zusammenbrechen	neg 1.0		neg 0.5113299020913692 off 0.48170683756128996 __DUMMY__ 0.006963260347340913	false	1.0
ausbeute	neg 1.0		neg 0.5067879010611607 off 0.48613664340205925 __DUMMY__ 0.00707545553678001	false	1.0
hinterhalt	neg 1.0		neg 0.5077983859886086 off 0.4851836084240095 __DUMMY__ 0.007018005587381963	false	1.0
kritik	neg 1.0		neg 0.5139773120975141 off 0.47909668386045867 __DUMMY__ 0.0069260040420272215	false	1.0
einschrumpfen	neg 1.0		neg 0.5067191718912276 off 0.48638556226367236 __DUMMY__ 0.006895265845099931	false	1.0
riskant	neg 1.0		neg 0.5149050142705187 off 0.4781303786517209 __DUMMY__ 0.006964607077760358	false	1.0
frustrieren	neg 1.0		neg 0.5134735577200973 off 0.4795599246871261 __DUMMY__ 0.006966517592776612	false	1.0
groll	neg 1.0		neg 0.513570170623925 off 0.4794891606684698 __DUMMY__ 0.006940668707605129	false	1.0
gibt			neg 0.5106932325109297 off 0.4823345634701703 __DUMMY__ 0.006972204018899985	false	0.0
qualvoll	neg 1.0		neg 0.506263199036854 off 0.4868120814588263 __DUMMY__ 0.006924719504319673	false	1.0
wackeln	neg 1.0		neg 0.5071967092294043 off 0.48583749762309736 __DUMMY__ 0.006965793147498196	false	1.0
klagen	neg 1.0		neg 0.5172952446850211 off 0.475712757391313 __DUMMY__ 0.00699199792366605	false	1.0
bankrott	neg 1.0		neg 0.5037183070591447 off 0.48934513006617697 __DUMMY__ 0.006936562874678351	false	1.0
trauern	neg 1.0		neg 0.5127979118070769 off 0.4802106246291831 __DUMMY__ 0.006991463563740005	false	1.0
ablehnung	neg 1.0		neg 0.513679757301243 off 0.47938312576884007 __DUMMY__ 0.006937116929916917	false	1.0
stur	neg 1.0		neg 0.509074241729452 off 0.48400230666153676 __DUMMY__ 0.0069234516090111355	false	1.0
aufruhr	neg 1.0		neg 0.5112553083981466 off 0.48179635013660826 __DUMMY__ 0.006948341465245023	false	1.0
melancholie	neg 1.0		neg 0.512972684462019 off 0.48006289920844536 __DUMMY__ 0.00696441632953551	false	1.0
ist			neg 0.5072015615033875 off 0.4858603908613235 __DUMMY__ 0.006938047635289076	false	0.0
torheit	neg 1.0		neg 0.5096827387262924 off 0.4833788507273922 __DUMMY__ 0.0069384105463153965	false	1.0
dreckskind	off 1.0		neg 0.5007335426144235 off 0.4924656394049353 __DUMMY__ 0.006800817980641101	false	0.5
umtauschen	neg 1.0		neg 0.5089737579766889 off 0.4840655070986467 __DUMMY__ 0.006960734924664351	false	1.0
zum			neg 0.5150137691003231 off 0.4779031766635729 __DUMMY__ 0.007083054236103919	false	0.0
zersetzen	neg 1.0		neg 0.516272614815914 off 0.47676557376147455 __DUMMY__ 0.006961811422611527	false	1.0
zur			neg 0.5174907848984432 off 0.4754502377025989 __DUMMY__ 0.007058977398957819	false	0.0
frust	neg 1.0		neg 0.5112467816823115 off 0.48178742131302627 __DUMMY__ 0.006965797004662328	false	1.0
unerbittlichkeit	neg 1.0		neg 0.5156620122559529 off 0.47736491643431295 __DUMMY__ 0.006973071309734265	false	1.0
zwei			neg 0.5142410082760211 off 0.47869031970594345 __DUMMY__ 0.007068672018035221	false	0.0
unkorrekt	neg 1.0		neg 0.5011761558588436 off 0.4919409714751481 __DUMMY__ 0.0068828726660082355	false	1.0
hexe	off 1.0		neg 0.5077869720421018 off 0.4853675960969876 __DUMMY__ 0.006845431860910492	false	0.5
lasch	neg 1.0		neg 0.5071443297009487 off 0.48596601449406374 __DUMMY__ 0.006889655804987602	false	1.0
rivale	neg 1.0		neg 0.5029290394128549 off 0.49019456897864 __DUMMY__ 0.0068763916085050215	false	1.0
mutlos	off 1.0	off 1.0	off 0.7233092548325656 neg 0.273384798900454 __DUMMY__ 0.003305946266980459	false	1.0
wirr	off 1.0		neg 0.502402419718974 off 0.4907546109625542 __DUMMY__ 0.006842969318471772	false	0.5
jahr			neg 0.5092154238544431 off 0.48369436815562733 __DUMMY__ 0.007090207989929507	false	0.0
wird			neg 0.5125247066755232 off 0.4805064819898671 __DUMMY__ 0.00696881133460966	false	0.0
strafbar	neg 1.0		neg 0.5138890288936961 off 0.4791403769968761 __DUMMY__ 0.006970594109427633	false	1.0
erosion	neg 1.0		neg 0.5079141431449048 off 0.48511244921612073 __DUMMY__ 0.006973407638974506	false	1.0
eingehen	neg 1.0		neg 0.5141738599824197 off 0.4788653586336683 __DUMMY__ 0.0069607813839119796	false	1.0
faul	off 1.0		neg 0.5041728188451675 off 0.4888988529237562 __DUMMY__ 0.0069283282310763665	false	0.5
provisorium	neg 1.0		neg 0.517485508984006 off 0.47540800868452837 __DUMMY__ 0.00710648233146559	false	1.0
schmerzen	neg 1.0		neg 0.5116604245551897 off 0.481406227173075 __DUMMY__ 0.006933348271735476	false	1.0
schrumpfen	neg 1.0		neg 0.5198880841108512 off 0.47310156655778435 __DUMMY__ 0.007010349331364361	false	1.0
geistlos	off 1.0		neg 0.5092642181438133 off 0.4838520887052492 __DUMMY__ 0.006883693150937525	false	0.5
fehlkauf	neg 1.0		neg 0.5077332902878738 off 0.485333549735234 __DUMMY__ 0.006933159976892137	false	1.0
frustrierend	neg 1.0		neg 0.5050531664935847 off 0.48802321306820345 __DUMMY__ 0.006923620438211743	false	1.0
unzufrieden	neg 1.0		neg 0.5129752526100375 off 0.4800783246566167 __DUMMY__ 0.006946422733345895	false	1.0
verzweifeln	neg 1.0		neg 0.5107143708269983 off 0.48233362996653983 __DUMMY__ 0.0069519992064618705	false	1.0
verzweifelt	neg 1.0	neg 1.0	neg 0.7406346182675251 off 0.2560838171736435 __DUMMY__ 0.0032815645588314037	false	1.0
misstrauensantrag	neg 1.0		neg 0.507179530579199 off 0.48588855823677235 __DUMMY__ 0.006931911184028692	false	1.0
abfallen	neg 1.0		neg 0.5071522090239249 off 0.48588430583808195 __DUMMY__ 0.006963485137993043	false	1.0
fucker	off 1.0		neg 0.5012914572520414 off 0.49181494528454317 __DUMMY__ 0.006893597463415581	false	0.5
ungezogen	neg 1.0		off 0.49761131190033997 neg 0.4955885101996139 __DUMMY__ 0.0068001779000460205	false	0.5
irrsinnig	neg 1.0	neg 1.0	neg 0.7402321360226812 off 0.25647925094046176 __DUMMY__ 0.0032886130368570115	false	1.0
unfassbar	neg 1.0		neg 0.5026349363784106 off 0.49045409205691715 __DUMMY__ 0.006910971564672385	false	1.0
hart	neg 1.0		neg 0.5043588071100917 off 0.4887490904366499 __DUMMY__ 0.0068921024532584306	false	1.0
widerlich	off 1.0		neg 0.5038509982141202 off 0.4892741899949069 __DUMMY__ 0.006874811790972901	false	0.5
fatal	neg 1.0		neg 0.5072215305087735 off 0.48584878411186594 __DUMMY__ 0.006929685379360422	false	1.0
bruch	neg 1.0		neg 0.5165827685290945 off 0.4764217936956522 __DUMMY__ 0.0069954377752532906	false	1.0
aushungern	neg 1.0		neg 0.5117849022899257 off 0.48125368071185853 __DUMMY__ 0.006961416998215861	false	1.0
anspannung	neg 1.0		neg 0.516963365295197 off 0.4759849730475753 __DUMMY__ 0.007051661657227684	false	1.0
von			neg 0.5083687688032756 off 0.4845263929844571 __DUMMY__ 0.007104838212267241	false	0.0
kraftlos	neg 1.0		neg 0.5114220604933182 off 0.481604160962691 __DUMMY__ 0.006973778543990753	false	1.0
vom			neg 0.5164189345820113 off 0.47646834571377944 __DUMMY__ 0.007112719704209237	false	0.0
grenzdebil	off 1.0		neg 0.5022486184861881 off 0.49084271029816273 __DUMMY__ 0.006908671215649213	false	0.5
vor			neg 0.5141569405850042 off 0.4788232356489264 __DUMMY__ 0.0070198237660694515	false	0.0
unterwerfen	neg 1.0		neg 0.5138009409423834 off 0.47923412395320125 __DUMMY__ 0.006964935104415158	false	1.0
versenkung	neg 1.0		neg 0.5117573139672028 off 0.48124553770575873 __DUMMY__ 0.006997148327038601	false	1.0
entziehen	neg 1.0		neg 0.51617098164943 off 0.4768311938009783 __DUMMY__ 0.006997824549591838	false	1.0
finanzkrise	neg 1.0		neg 0.5134400777962257 off 0.4796480423676121 __DUMMY__ 0.006911879836162186	false	1.0
schimpfend	neg 1.0		neg 0.5074551203029908 off 0.48561531284546894 __DUMMY__ 0.006929566851540172	false	1.0
profan	neg 1.0		neg 0.5072025185029825 off 0.4858804681685307 __DUMMY__ 0.006917013328486819	false	1.0
korruption	neg 1.0		neg 0.5143068213923886 off 0.47874731019172306 __DUMMY__ 0.006945868415888375	false	1.0
â			neg 0.5110805314354824 off 0.48192725805788356 __DUMMY__ 0.006992210506634014	false	0.0
schmutzig	neg 1.0		neg 0.5016996550114273 off 0.4913925105507603 __DUMMY__ 0.006907834437812273	false	1.0
sexy	neg 1.0		neg 0.5048609896585158 off 0.488203501846063 __DUMMY__ 0.006935508495421251	false	1.0
abraten	neg 1.0		neg 0.5062609443189582 off 0.4867909351013305 __DUMMY__ 0.00694812057971135	false	1.0
schwarz	neg 1.0		neg 0.5081162947277942 off 0.48495214920991314 __DUMMY__ 0.006931556062292536	false	1.0
fotze	off 1.0	off 1.0	off 0.725424881168862 neg 0.27125764490144005 __DUMMY__ 0.0033174739296980304	false	1.0
verwirren	neg 1.0		neg 0.5063825373925188 off 0.486696484763285 __DUMMY__ 0.006920977844196205	false	1.0
zahnlos	off 1.0		neg 0.5118793344449574 off 0.48117450858500616 __DUMMY__ 0.006946156970036322	false	0.5
verheeren	neg 1.0		off 0.49906475732056627 neg 0.49413751036794 __DUMMY__ 0.006797732311493747	false	0.5
hippie	neg 1.0		neg 0.505478652683108 off 0.48758696844173083 __DUMMY__ 0.006934378875161245	false	1.0
rammen	neg 1.0		neg 0.5112210447728899 off 0.48189784640463346 __DUMMY__ 0.006881108822476705	false	1.0
unlauter	neg 1.0		neg 0.5105020915698097 off 0.48259151908333603 __DUMMY__ 0.006906389346854381	false	1.0
unheilvoll	neg 1.0		neg 0.5078696258390077 off 0.48520295302643274 __DUMMY__ 0.006927421134559472	false	1.0
niedrig	neg 1.0		neg 0.5158440915019749 off 0.47720179204408486 __DUMMY__ 0.006954116453940444	false	1.0
explosion	neg 1.0		neg 0.5063254086937514 off 0.4867436700416412 __DUMMY__ 0.0069309212646075005	false	1.0
weichei	off 1.0	off 1.0	off 0.7318771853098609 neg 0.264879741152861 __DUMMY__ 0.0032430735372780523	false	1.0
minusmensch	off 1.0		neg 0.49992219323729425 off 0.4933146826746717 __DUMMY__ 0.006763124088033975	false	0.5
farblos	neg 1.0		neg 0.5095609782543985 off 0.4834860301948078 __DUMMY__ 0.006952991550793836	false	1.0
unwissend	neg 1.0	neg 1.0	neg 0.7378540710235971 off 0.2588701109776026 __DUMMY__ 0.0032758179988003244	false	1.0
traurig	neg 1.0		neg 0.4999698721599263 off 0.4931350762858932 __DUMMY__ 0.006895051554180479	false	1.0
senkung	neg 1.0		neg 0.5085931445541414 off 0.48451222604636945 __DUMMY__ 0.006894629399489314	false	1.0
ungleich	neg 1.0	neg 1.0	neg 0.7433186667034833 off 0.2533674300943491 __DUMMY__ 0.0033139032021675487	false	1.0
heikel	neg 1.0		neg 0.5147262464369804 off 0.4783060486058395 __DUMMY__ 0.006967704957180092	false	1.0
drosselung	neg 1.0		neg 0.5034644411719021 off 0.48964428459675813 __DUMMY__ 0.00689127423133978	false	1.0
falsch	neg 1.0		neg 0.5053192162222635 off 0.4877673825067502 __DUMMY__ 0.006913401270986325	false	1.0
unzufriedenheit	neg 1.0		neg 0.5159687950674718 off 0.4770468138048646 __DUMMY__ 0.0069843911276637255	false	1.0
kurz	neg 1.0		neg 0.5085303746049173 off 0.48447046101780356 __DUMMY__ 0.006999164377279017	false	1.0
unsinnig	neg 1.0		neg 0.5117430608566271 off 0.4813151976109087 __DUMMY__ 0.006941741532464274	false	1.0
penner	off 1.0	off 1.0	off 0.7327206670100148 neg 0.2640409778294028 __DUMMY__ 0.003238355160582352	false	1.0
seicht	neg 1.0		off 0.49693046616408415 neg 0.49626815033675437 __DUMMY__ 0.006801383499161558	false	0.5
dummheit	off 1.0	off 1.0	off 0.7271064411727458 neg 0.26962029538780735 __DUMMY__ 0.0032732634394468003	false	1.0
unerfreulich	neg 1.0		neg 0.51447094087704 off 0.47853773718089687 __DUMMY__ 0.006991321942063162	false	1.0
motherfucker	off 1.0	off 1.0	off 0.7301772201100032 neg 0.2665515013391255 __DUMMY__ 0.003271278550871383	false	1.0
pikiert	neg 1.0		neg 0.5049255930787685 off 0.4881977535202771 __DUMMY__ 0.0068766534009542584	false	1.0
wrack	neg 1.0		neg 0.5109151780713616 off 0.4821072813819581 __DUMMY__ 0.006977540546680357	false	1.0
gangster	neg 1.0		neg 0.5055900800862156 off 0.48747889901536934 __DUMMY__ 0.0069310208984150025	false	1.0
krank	neg 1.0		neg 0.501751659197915 off 0.4913327820680353 __DUMMY__ 0.0069155587340498145	false	1.0
reich	neg 1.0		neg 0.5033628530795008 off 0.4897177970643312 __DUMMY__ 0.006919349856168144	false	1.0
gnadenlos	neg 1.0		neg 0.5094135281809153 off 0.483664817431154 __DUMMY__ 0.0069216543879306106	false	1.0
niedergeschlagen	neg 1.0		neg 0.5102426928669029 off 0.4827881880790564 __DUMMY__ 0.006969119054040711	false	1.0
terrorisieren	off 1.0	off 1.0	off 0.7243705224134696 neg 0.27230861735658207 __DUMMY__ 0.0033208602299483712	false	1.0
sinnlosigkeit	neg 1.0		neg 0.5122369079406596 off 0.4808114725339944 __DUMMY__ 0.006951619525345953	false	1.0
behindern	neg 1.0		neg 0.5101874509951795 off 0.48285808432525895 __DUMMY__ 0.006954464679561566	false	1.0
undemokratisch	neg 1.0		neg 0.5093086212352947 off 0.4837609320300994 __DUMMY__ 0.006930446734605884	false	1.0
wirtschaftskrise	neg 1.0		neg 0.5151610387537288 off 0.477903199333027 __DUMMY__ 0.006935761913244235	false	1.0
neid	neg 1.0		neg 0.5031264835279331 off 0.48992204050558497 __DUMMY__ 0.006951475966481895	false	1.0
rutschen	neg 1.0		neg 0.5146773409859119 off 0.4782576221322766 __DUMMY__ 0.0070650368818114114	false	1.0
rezession	neg 1.0		neg 0.5053223484018783 off 0.48787748700193734 __DUMMY__ 0.006800164596184426	false	1.0
fehlgeburt	neg 1.0		neg 0.5062430495761385 off 0.4868016050232758 __DUMMY__ 0.006955345400585602	false	1.0
charakterschwach	off 1.0		neg 0.5039887630432434 off 0.4891337139165508 __DUMMY__ 0.006877523040205771	false	0.5
isolation	neg 1.0		neg 0.5052537187700404 off 0.4878195907843834 __DUMMY__ 0.0069266904455761525	false	1.0
ablenkung	neg 1.0		neg 0.5081449736203828 off 0.48488783146427406 __DUMMY__ 0.006967194915343196	false	1.0
pech	neg 1.0		neg 0.5050513655567015 off 0.48802505685237774 __DUMMY__ 0.006923577590920647	false	1.0
vermeidung	neg 1.0		neg 0.5029486031538776 off 0.49015429285770895 __DUMMY__ 0.006897103988413286	false	1.0
dominieren	neg 1.0		neg 0.5140739711023535 off 0.4789604190238472 __DUMMY__ 0.006965609873799261	false	1.0
schwindlig	neg 1.0		neg 0.5058214505133141 off 0.4872290098203615 __DUMMY__ 0.006949539666324425	false	1.0
lutscher	neg 1.0	neg 1.0	neg 0.7328024223680006 off 0.263969556682286 __DUMMY__ 0.0032280209497133616	false	1.0
pflicht	neg 1.0		neg 0.5158404470776814 off 0.47718124128155925 __DUMMY__ 0.006978311640759351	false	1.0
faschist	off 1.0		neg 0.5063371371802668 off 0.48674369382805976 __DUMMY__ 0.006919168991673336	false	0.5
verschleudern	neg 1.0		neg 0.5153227814145385 off 0.4777159576396883 __DUMMY__ 0.006961260945773283	false	1.0
wenn			neg 0.5052595307465338 off 0.48782852803462523 __DUMMY__ 0.006911941218840881	false	0.0
ehebruch	neg 1.0		neg 0.5133625746911399 off 0.4796755331842027 __DUMMY__ 0.006961892124657377	false	1.0
spott	off 1.0		neg 0.5144460595066254 off 0.47859818926943254 __DUMMY__ 0.006955751223941959	false	0.5
trostlosigkeit	neg 1.0		neg 0.5159702388143326 off 0.4770391952004019 __DUMMY__ 0.006990565985265578	false	1.0
lutschen	neg 1.0		neg 0.5073005981772223 off 0.4858074985058576 __DUMMY__ 0.0068919033169200635	false	1.0
undiszipliniert	neg 1.0		neg 0.5013758250524294 off 0.4917405462927698 __DUMMY__ 0.006883628654800681	false	1.0
kopfschmerz	neg 1.0		neg 0.5132499008515048 off 0.4798183542919257 __DUMMY__ 0.00693174485656951	false	1.0
unvorhergesehen	neg 1.0		neg 0.511112840478001 off 0.4818550745943906 __DUMMY__ 0.007032084927608366	false	1.0
desinteressiert	neg 1.0	neg 1.0	neg 0.7365998815711499 off 0.2601334690931315 __DUMMY__ 0.0032666493357186616	false	1.0
armselig	off 1.0		neg 0.502393945059074 off 0.4907537762563905 __DUMMY__ 0.00685227868453547	false	0.5
desaster	neg 1.0		neg 0.5173616528842595 off 0.47564134952231174 __DUMMY__ 0.006996997593428653	false	1.0
tod	neg 1.0		neg 0.511295959272585 off 0.4817153332361281 __DUMMY__ 0.0069887074912869775	false	1.0
herzlos	neg 1.0		neg 0.5014239612162074 off 0.49170655630385346 __DUMMY__ 0.006869482479939173	false	1.0
unwissenheit	neg 1.0		neg 0.5130544769284646 off 0.47999909857086087 __DUMMY__ 0.006946424500674529	false	1.0
widersinnig	neg 1.0		neg 0.5145477535336002 off 0.4785323959641178 __DUMMY__ 0.0069198505022821325	false	1.0
bedenklich	neg 1.0		neg 0.5137654318231374 off 0.4792787732812559 __DUMMY__ 0.0069557948956066535	false	1.0
beanstanden	neg 1.0		neg 0.5158237623117086 off 0.47718933876397357 __DUMMY__ 0.006986898924317852	false	1.0
panisch	neg 1.0	neg 1.0	neg 0.7378757573040461 off 0.25881180703182244 __DUMMY__ 0.003312435664131542	false	1.0
debil	off 1.0		neg 0.5194086805602771 off 0.4735353804139122 __DUMMY__ 0.00705593902581076	false	0.5
abstrich	neg 1.0		neg 0.5069008762839557 off 0.486089439818728 __DUMMY__ 0.007009683897316219	false	1.0
primitiv	neg 1.0		neg 0.5037107563236287 off 0.4894168454502876 __DUMMY__ 0.006872398226083798	false	1.0
abschaum	off 1.0	off 1.0	off 0.7288514295628388 neg 0.26787617161182675 __DUMMY__ 0.0032723988253345313	false	1.0
provozieren	neg 1.0		neg 0.5103161419162143 off 0.4827736698835166 __DUMMY__ 0.006910188200268972	false	1.0
tot	neg 1.0		neg 0.5122200301806238 off 0.48081826952839274 __DUMMY__ 0.006961700290983575	false	1.0
instabil	neg 1.0		neg 0.5029251530678476 off 0.4902178515795052 __DUMMY__ 0.006856995352647293	false	1.0
schwuchtel	off 1.0	off 1.0	off 0.7348371791868257 neg 0.26196425916507043 __DUMMY__ 0.0031985616481038036	false	1.0
zerren	neg 1.0		neg 0.5113610154645294 off 0.48167405197336266 __DUMMY__ 0.006964932562107951	false	1.0
kinderficker	off 1.0		neg 0.49836510363663333 off 0.4947784211888936 __DUMMY__ 0.006856475174473083	false	0.5
gefahr	neg 1.0		neg 0.5151285928512044 off 0.47786872334471386 __DUMMY__ 0.007002683804081863	false	1.0
rabiat	neg 1.0		neg 0.5092223921057275 off 0.48382906054814745 __DUMMY__ 0.006948547346124881	false	1.0
verlangsamung	neg 1.0		neg 0.5002862592579351 off 0.4929269704500872 __DUMMY__ 0.006786770291977677	false	1.0
ausgestorben	neg 1.0		neg 0.5089434603675839 off 0.48409552292398034 __DUMMY__ 0.006961016708435839	false	1.0
anklagen	neg 1.0		neg 0.5133300591971399 off 0.47971389483388965 __DUMMY__ 0.006956045968970531	false	1.0
trott	neg 1.0		neg 0.5096122724347553 off 0.4834317173005587 __DUMMY__ 0.0069560102646859644	false	1.0
verminderung	neg 1.0		neg 0.5027018644298183 off 0.4904068766216494 __DUMMY__ 0.0068912589485321946	false	1.0
nach			neg 0.5153948310593884 off 0.47752336108885823 __DUMMY__ 0.007081807851753467	false	0.0
rost	neg 1.0		neg 0.49846643157764736 off 0.49469005563265717 __DUMMY__ 0.006843512789695348	false	1.0
destruktiv	neg 1.0		neg 0.5107180587093664 off 0.4823498890435023 __DUMMY__ 0.0069320522471314145	false	1.0
unzumutbarkeit	neg 1.0		neg 0.5031845211877389 off 0.489899883526704 __DUMMY__ 0.006915595285557109	false	1.0
labil	off 1.0	off 1.0	off 0.7286671946600161 neg 0.2680530054142864 __DUMMY__ 0.0032797999256976612	false	1.0
ziemlich	neg 1.0		neg 0.5019690352643739 off 0.49110609894851587 __DUMMY__ 0.006924865787110278	false	1.0
lachnummer	off 1.0		neg 0.5103484075599022 off 0.48272786448762256 __DUMMY__ 0.006923727952475425	false	0.5
oder			neg 0.5073058398539559 off 0.48573245005095683 __DUMMY__ 0.00696171009508726	false	0.0
verfall	neg 1.0		neg 0.519187348967134 off 0.4737917910735541 __DUMMY__ 0.0070208599593120005	false	1.0
ausgrenzung	neg 1.0		neg 0.5087266321352475 off 0.4843477013515889 __DUMMY__ 0.006925666513163604	false	1.0
unordnung	neg 1.0		neg 0.49958247733654343 off 0.4935017244398418 __DUMMY__ 0.0069157982236148574	false	1.0
fehlverhalten	neg 1.0		neg 0.5162978947785513 off 0.4767457864777535 __DUMMY__ 0.006956318743695189	false	1.0
eine			neg 0.5135817256806996 off 0.47940438451386663 __DUMMY__ 0.007013889805433855	false	0.0
nille	neg 1.0		neg 0.5094021327527045 off 0.48363518324728205 __DUMMY__ 0.006962684000013307	false	1.0
qual	neg 1.0		neg 0.5099260753896135 off 0.4831134302358512 __DUMMY__ 0.006960494374535286	false	1.0
verschwenden	neg 1.0		neg 0.5145020432132905 off 0.47854062900787503 __DUMMY__ 0.006957327778834499	false	1.0
riesig	neg 1.0		neg 0.5120187685648865 off 0.4809940287138518 __DUMMY__ 0.006987202721261655	false	1.0
verurteilen	neg 1.0		neg 0.5142532296701374 off 0.47881709849297976 __DUMMY__ 0.0069296718368829155	false	1.0
klischee	neg 1.0	neg 1.0	neg 0.738986174389941 off 0.25773865928438866 __DUMMY__ 0.00327516632567053	false	1.0
diktatorisch	neg 1.0		neg 0.5095772357404591 off 0.4835011316165097 __DUMMY__ 0.006921632643031093	false	1.0
vorhersehbar	neg 1.0		neg 0.5076685555097126 off 0.48543413036497973 __DUMMY__ 0.006897314125307569	false	1.0
sowie			neg 0.5008764896445829 off 0.4922938736041705 __DUMMY__ 0.006829636751246514	false	0.0
stornieren	neg 1.0		neg 0.5036107200392238 off 0.4893915962618995 __DUMMY__ 0.006997683698876702	false	1.0
besteuerung	neg 1.0		neg 0.5116028099864316 off 0.48150185226932435 __DUMMY__ 0.006895337744244143	false	1.0
ungeschminkt	neg 1.0		neg 0.5056293223979539 off 0.4875252064390213 __DUMMY__ 0.006845471163024846	false	1.0
kritisch	neg 1.0		neg 0.5137292858562227 off 0.4793072629622807 __DUMMY__ 0.006963451181496528	false	1.0
schlamperei	off 1.0		neg 0.5141519209286045 off 0.47885923326185625 __DUMMY__ 0.006988845809539185	false	0.5
sucht	neg 1.0	neg 1.0	neg 0.7376234727936265 off 0.25903544466200146 __DUMMY__ 0.003341082544371941	false	1.0
egoistisch	off 1.0		neg 0.4992439633244712 off 0.4939206924525558 __DUMMY__ 0.006835344222973077	false	0.5
ausbeuter	off 1.0		neg 0.5169587139291443 off 0.47609610796599 __DUMMY__ 0.006945178104865803	false	0.5
arschgeburt	off 1.0		off 0.49850061510368976 neg 0.4947683789212963 __DUMMY__ 0.0067310059750140235	false	1.0
schubs	neg 1.0		neg 0.5104708393569056 off 0.48255614683335724 __DUMMY__ 0.00697301380973722	false	1.0
unsolide	neg 1.0		neg 0.5098934966856236 off 0.483207514781649 __DUMMY__ 0.00689898853272737	false	1.0
beschwerde	neg 1.0		neg 0.5149478287576568 off 0.47809572138008377 __DUMMY__ 0.00695644986225942	false	1.0
stocken	neg 1.0		neg 0.5143085774847039 off 0.4787137845081863 __DUMMY__ 0.0069776380071097715	false	1.0
isolieren	neg 1.0		neg 0.5132149328202623 off 0.47982588315434016 __DUMMY__ 0.006959184025397504	false	1.0
unheilbar	neg 1.0		neg 0.5092393511936617 off 0.4838161578104147 __DUMMY__ 0.006944490995923528	false	1.0
pisser	off 1.0		neg 0.5035391946545573 off 0.4896154957101041 __DUMMY__ 0.006845309635338706	false	0.5
löschen	neg 1.0		neg 0.5093319857057989 off 0.48371456007638064 __DUMMY__ 0.0069534542178204956	false	1.0
durchfallen	neg 1.0		neg 0.5139115159863245 off 0.47914534059673963 __DUMMY__ 0.0069431434169359785	false	1.0
wichser	off 1.0	off 1.0	off 0.7343046738773199 neg 0.2624705942898732 __DUMMY__ 0.003224731832806924	false	1.0
terror	neg 1.0		neg 0.5055481474014695 off 0.48751403109731983 __DUMMY__ 0.006937821501210574	false	1.0
krass	neg 1.0		neg 0.5004610408343058 off 0.49267322302178873 __DUMMY__ 0.0068657361439054794	false	1.0
revolte	neg 1.0		neg 0.5081712358876768 off 0.48490548031048475 __DUMMY__ 0.006923283801838532	false	1.0
besorgt	neg 1.0		neg 0.5084467219914374 off 0.4845446356502053 __DUMMY__ 0.007008642358357286	false	1.0
nachlassen	neg 1.0		neg 0.5134225670359891 off 0.47958572258019155 __DUMMY__ 0.00699171038381919	false	1.0
alt	neg 1.0		neg 0.5128492294971365 off 0.4802017833181412 __DUMMY__ 0.006948987184722386	false	1.0
hundesohn	off 1.0		neg 0.496637738714484 off 0.4965755606375538 __DUMMY__ 0.0067867006479621315	false	0.5
als			neg 0.510689769792118 off 0.48233359618566185 __DUMMY__ 0.006976634022220235	false	0.0
abschreckung	neg 1.0		neg 0.5163817393653746 off 0.4766348075044164 __DUMMY__ 0.0069834531302090845	false	1.0
unqualifiziert	neg 1.0		neg 0.5069753916235734 off 0.48613582466165206 __DUMMY__ 0.00688878371477446	false	1.0
abgewichst	off 1.0		neg 0.5094883998603886 off 0.4835358530728477 __DUMMY__ 0.006975747066763708	false	0.5
schwer	neg 1.0		neg 0.5103557330454187 off 0.48269917783404803 __DUMMY__ 0.006945089120533259	false	1.0
bedeutungslosigkeit	neg 1.0		neg 0.5153179221701405 off 0.47770604404116696 __DUMMY__ 0.006976033788692575	false	1.0
kapitulation	neg 1.0		neg 0.5138524013362612 off 0.4791776031030202 __DUMMY__ 0.00696999556071851	false	1.0
unscharf	neg 1.0		neg 0.5078195018190532 off 0.4852737127594589 __DUMMY__ 0.0069067854214878	false	1.0
schwinden	neg 1.0		neg 0.5159526148716359 off 0.4770746302079953 __DUMMY__ 0.006972754920368708	false	1.0
versklavung	neg 1.0		neg 0.5095719588629926 off 0.48349637873670276 __DUMMY__ 0.006931662400304635	false	1.0
schlecht	neg 1.0		neg 0.5020058297394873 off 0.4910728137898796 __DUMMY__ 0.006921356470633166	false	1.0
verhasst	neg 1.0		neg 0.5105246058240757 off 0.48258223294629543 __DUMMY__ 0.006893161229628982	false	1.0
beschweren	neg 1.0		neg 0.5072537745202123 off 0.4858118742608502 __DUMMY__ 0.006934351218937629	false	1.0
scheiden	neg 1.0		neg 0.507885469528874 off 0.4851404767441707 __DUMMY__ 0.006974053726955277	false	1.0
frustriert	neg 1.0		neg 0.5118147197955997 off 0.4812425227265051 __DUMMY__ 0.006942757477895245	false	1.0
schimmelig	neg 1.0		neg 0.5152049598925249 off 0.4778798920812442 __DUMMY__ 0.006915148026231084	false	1.0
fisch	neg 1.0		neg 0.5168257540430893 off 0.4762179642042007 __DUMMY__ 0.006956281752710026	false	1.0
schmuggel	neg 1.0		neg 0.5145030053201498 off 0.4785189212558231 __DUMMY__ 0.00697807342402716	false	1.0
auffallen	neg 1.0		neg 0.5063170486160512 off 0.48675292820662425 __DUMMY__ 0.006930023177324705	false	1.0
konkurrenz	neg 1.0		neg 0.516638993403242 off 0.47637329424631236 __DUMMY__ 0.006987712350445492	false	1.0
teufelskreis	neg 1.0	neg 1.0	neg 0.7415649666215968 off 0.255147155462304 __DUMMY__ 0.003287877916099266	false	1.0
aufschreien	neg 1.0		neg 0.5075829126347579 off 0.48550996552396586 __DUMMY__ 0.006907121841276275	false	1.0
schuldner	neg 1.0		neg 0.5177498612627388 off 0.4753019984056844 __DUMMY__ 0.006948140331576964	false	1.0
missgeburt	off 1.0	off 1.0	off 0.7314723116741877 neg 0.26529831211244914 __DUMMY__ 0.003229376213363117	false	1.0
arbeitslos	neg 1.0		neg 0.5133263713387082 off 0.4797285572476959 __DUMMY__ 0.006945071413595894	false	1.0
befallen	neg 1.0		neg 0.5136182470662491 off 0.4794626718319739 __DUMMY__ 0.0069190811017769945	false	1.0
miesepetrig	off 1.0	off 1.0	off 0.7297775124699899 neg 0.266938064354642 __DUMMY__ 0.003284423175368061	false	1.0
alarmieren	neg 1.0		neg 0.5068255048125814 off 0.4862885965445798 __DUMMY__ 0.006885898642838905	false	1.0
ungeduscht	off 1.0		neg 0.5065526302418655 off 0.48656271746525387 __DUMMY__ 0.006884652292880558	false	0.5
knappheit	neg 1.0		neg 0.5154547830243816 off 0.47762232374300506 __DUMMY__ 0.006922893232613248	false	1.0
schlange	neg 1.0		neg 0.5054018721580804 off 0.4876210797093883 __DUMMY__ 0.006977048132531246	false	1.0
harsch	neg 1.0		neg 0.49801532994478026 off 0.4950962387798082 __DUMMY__ 0.006888431275411496	false	1.0
lang	neg 1.0		neg 0.5080972363104861 off 0.48494974902083376 __DUMMY__ 0.00695301466868014	false	1.0
ziellos	neg 1.0		neg 0.5115416918653882 off 0.4814655832094301 __DUMMY__ 0.0069927249251817295	false	1.0
selbstverliebt	neg 1.0		off 0.49791303354091543 neg 0.49531338240029454 __DUMMY__ 0.006773584058790055	false	0.5
beseitigen	neg 1.0		neg 0.5110201069092059 off 0.4820207392176946 __DUMMY__ 0.006959153873099623	false	1.0
dumm	off 1.0		neg 0.497857202889542 off 0.4953012791632368 __DUMMY__ 0.006841517947221169	false	0.5
arbeitsloser	neg 1.0		neg 0.5111972812175553 off 0.48182020231621975 __DUMMY__ 0.006982516466224947	false	1.0
blitzen	neg 1.0		neg 0.5055502450396333 off 0.4875146816356057 __DUMMY__ 0.006935073324761014	false	1.0
hilflos	neg 1.0		neg 0.5122143650473594 off 0.4808392709786766 __DUMMY__ 0.006946363973963865	false	1.0
eklig	off 1.0		neg 0.4993002741645105 off 0.49389781504323743 __DUMMY__ 0.006801910792251948	false	0.5
begriff			neg 0.5100454796547417 off 0.48300005491761316 __DUMMY__ 0.006954465427645176	false	0.0
hungersnot	neg 1.0		neg 0.5127772897154632 off 0.480265881719666 __DUMMY__ 0.006956828564870746	false	1.0
ungesetzlich	neg 1.0		neg 0.511199909201874 off 0.48189802232239776 __DUMMY__ 0.006902068475728191	false	1.0
verschwendung	neg 1.0		neg 0.5143253201678208 off 0.47870114421856397 __DUMMY__ 0.006973535613614997	false	1.0
schmerzvoll	neg 1.0		neg 0.5081280199069739 off 0.48494478144387687 __DUMMY__ 0.006927198649149299	false	1.0
vorzeitig	neg 1.0		neg 0.5076550566164816 off 0.48543534583252984 __DUMMY__ 0.006909597550988742	false	1.0
unvollkommenheit	neg 1.0		neg 0.5097673540868647 off 0.4832207617837318 __DUMMY__ 0.007011884129403669	false	1.0
intervenieren	neg 1.0		neg 0.5154429971675157 off 0.4775967627836584 __DUMMY__ 0.006960240048825698	false	1.0
banause	off 1.0		neg 0.49767148659927957 off 0.4955618123596541 __DUMMY__ 0.006766701041066434	false	0.5
rebell	neg 1.0		neg 0.5177592262143583 off 0.47523933081886416 __DUMMY__ 0.007001442966777653	false	1.0
unlogisch	neg 1.0		neg 0.5019434774450939 off 0.4911928623394213 __DUMMY__ 0.006863660215484754	false	1.0
leiden	neg 1.0		neg 0.5133729328828316 off 0.4796162243907935 __DUMMY__ 0.007010842726374787	false	1.0
abschaffung	neg 1.0		neg 0.5094686795172075 off 0.4835898560071595 __DUMMY__ 0.006941464475633037	false	1.0
sturz	neg 1.0		neg 0.5084963499493114 off 0.48453981387387346 __DUMMY__ 0.006963836176815306	false	1.0
verkleinerung	neg 1.0		neg 0.5083378403368889 off 0.4847692688036889 __DUMMY__ 0.006892890859422181	false	1.0
schmarotzer	off 1.0		neg 0.5130405630238898 off 0.4800283581167217 __DUMMY__ 0.006931078859388556	false	0.5
bestrafung	neg 1.0		neg 0.5087139800608849 off 0.48435055246647446 __DUMMY__ 0.006935467472640626	false	1.0
achtlos	neg 1.0	neg 1.0	neg 0.7404614462157467 off 0.2562288253639472 __DUMMY__ 0.003309728420306018	false	1.0
ungeheuer	neg 1.0		neg 0.5064738923780342 off 0.486590102262195 __DUMMY__ 0.006936005359770851	false	1.0
