unsolidarisch	neg 1.0		__DUMMY__ 0.8730333915492435 neg 0.06620263399051193 off 0.06076397446024457	false	1.0
nachteilig	neg 1.0		__DUMMY__ 0.8786241167111166 neg 0.06491042266158908 off 0.056465460627294316	false	1.0
skeptisch	neg 1.0		__DUMMY__ 0.8789858214174321 neg 0.06494566236407678 off 0.056068516218491134	false	1.0
schrecklich	neg 1.0		__DUMMY__ 0.8709236131416657 off 0.06959619035308626 neg 0.05948019650524809	false	0.5
schlapp	neg 1.0		__DUMMY__ 0.8739623318765417 off 0.06550670744085973 neg 0.06053096068259854	false	0.5
abfall	neg 1.0		__DUMMY__ 0.8822218622486924 neg 0.06521249204926967 off 0.05256564570203793	false	1.0
widerspenstig	neg 1.0		__DUMMY__ 0.8767127227498012 neg 0.06269740615475829 off 0.060589871095440534	false	1.0
abrupt	neg 1.0		__DUMMY__ 0.88008350178169 neg 0.06361054953680052 off 0.05630594868150949	false	1.0
unwirksam	neg 1.0		__DUMMY__ 0.8724095024819662 neg 0.06720253098430488 off 0.06038796653372889	false	1.0
angreifen	neg 1.0		__DUMMY__ 0.8772595692108683 neg 0.06667861297365774 off 0.05606181781547379	false	1.0
inkonsistent	neg 1.0		__DUMMY__ 0.8731790572994489 neg 0.06564029248187303 off 0.06118065021867807	false	1.0
abrutschen	neg 1.0		__DUMMY__ 0.8802796771093995 neg 0.06662887715489711 off 0.05309144573570335	false	1.0
unsicher	neg 1.0		__DUMMY__ 0.8782012269955163 neg 0.06120427914639908 off 0.06059449385808471	false	1.0
bauernkind	off 1.0	off 1.0	off 0.5231801029632728 __DUMMY__ 0.42458456280365703 neg 0.0522353342330703	false	1.0
angreifer	neg 1.0	neg 1.0	neg 0.5163740865327259 __DUMMY__ 0.43639368674502615 off 0.0472322267222479	false	1.0
trennen	neg 1.0		__DUMMY__ 0.8811654253691739 neg 0.06335787386452782 off 0.05547670076629837	false	1.0
schmutz	neg 1.0		__DUMMY__ 0.8786782311859548 off 0.0617029723808657 neg 0.05961879643317946	false	0.5
inkonsistenz	neg 1.0		__DUMMY__ 0.8684178533219772 off 0.0660262879463258 neg 0.06555585873169696	false	0.5
erschreckend	neg 1.0		__DUMMY__ 0.8755719746947472 neg 0.06432074925552977 off 0.06010727604972296	false	1.0
ertrinken	neg 1.0		__DUMMY__ 0.8776833199341232 neg 0.0660650515801958 off 0.056251628485680986	false	1.0
pickelface	off 1.0		__DUMMY__ 0.8772661420907257 neg 0.06306692945322423 off 0.05966692845605003	false	0.5
seiner			__DUMMY__ 0.8790463659337318 neg 0.06464146105607269 off 0.05631217301019555	false	0.0
lauch	neg 1.0		__DUMMY__ 0.88152119426654 neg 0.0652246516889227 off 0.05325415404453729	false	1.0
unwichtig	neg 1.0		__DUMMY__ 0.871816746969903 off 0.06551416795296715 neg 0.06266908507712991	false	0.5
steuerhinterziehung	neg 1.0	neg 1.0	neg 0.5198159357824261 __DUMMY__ 0.4360096758537001 off 0.044174388363873766	false	1.0
schock	neg 1.0		__DUMMY__ 0.8769190156514209 neg 0.06337819817326522 off 0.05970278617531384	false	1.0
beule	neg 1.0		__DUMMY__ 0.8714063681284776 off 0.06637691005462638 neg 0.06221672181689602	false	0.5
vergelten	neg 1.0		__DUMMY__ 0.8745065226364571 off 0.0685124186162674 neg 0.05698105874727546	false	0.5
verdorbenheit	neg 1.0		__DUMMY__ 0.8802107264830407 off 0.0607964043244373 neg 0.058992869192522036	false	0.5
trauma	neg 1.0		__DUMMY__ 0.8756017280494297 neg 0.06287996129521281 off 0.061518310655357566	false	1.0
sinnlos	neg 1.0		__DUMMY__ 0.874983156284366 off 0.0628454029519248 neg 0.062171440763709146	false	0.5
fettsack	off 1.0	off 1.0	off 0.5240624601070014 __DUMMY__ 0.4263204200302804 neg 0.049617119862718086	false	1.0
feige	off 1.0	off 1.0	off 0.5200877725592726 __DUMMY__ 0.43079346226603016 neg 0.04911876517469721	false	1.0
abdanken	neg 1.0		__DUMMY__ 0.8757406472587664 neg 0.06400914657056771 off 0.06025020617066583	false	1.0
wichtigtuer	off 1.0	off 1.0	off 0.5182574302353292 __DUMMY__ 0.4332514165568332 neg 0.04849115320783752	false	1.0
misslingen	neg 1.0		__DUMMY__ 0.883746544933793 off 0.06072300078367058 neg 0.055530454282536446	false	0.5
untreu	off 1.0		__DUMMY__ 0.872042696667209 off 0.06590682747272726 neg 0.06205047586006372	false	1.0
missmutig	neg 1.0		__DUMMY__ 0.873839322982751 off 0.06513336394918572 neg 0.06102731306806338	false	0.5
hurenbock	off 1.0		__DUMMY__ 0.8764324179779159 off 0.062128829044212075 neg 0.06143875297787194	false	1.0
betrunken	neg 1.0		__DUMMY__ 0.872436201334094 off 0.06722314647894352 neg 0.06034065218696251	false	0.5
korrupt	off 1.0		__DUMMY__ 0.8735916136374127 neg 0.06782242797933448 off 0.0585859583832529	false	0.5
unmut	neg 1.0		__DUMMY__ 0.8813300156710311 neg 0.06539752143847367 off 0.05327246289049532	false	1.0
hackfresse	off 1.0		__DUMMY__ 0.8669423649462548 off 0.073043427957921 neg 0.06001420709582428	false	1.0
aufblasen	neg 1.0		__DUMMY__ 0.8759453751008862 off 0.06225679078160448 neg 0.06179783411750928	false	0.5
gewaltsam	neg 1.0		__DUMMY__ 0.8774620056250466 neg 0.0634137700337189 off 0.05912422434123443	false	1.0
unbeliebtheit	neg 1.0		__DUMMY__ 0.8698947726204349 neg 0.06547875168478891 off 0.0646264756947762	false	1.0
sturheit	neg 1.0		__DUMMY__ 0.875164242762474 neg 0.06525684177647068 off 0.05957891546105534	false	1.0
kuh	neg 1.0		__DUMMY__ 0.8695392932146075 neg 0.06776190761125597 off 0.06269879917413637	false	1.0
erschrecken	neg 1.0		__DUMMY__ 0.8745643180563075 off 0.06486818615867798 neg 0.0605674957850144	false	0.5
opfer	neg 1.0		__DUMMY__ 0.8782359371091318 neg 0.06435623608994168 off 0.05740782680092645	false	1.0
sinken	neg 1.0		__DUMMY__ 0.880741646482397 neg 0.06561857633836538 off 0.05363977717923771	false	1.0
stinktier	neg 1.0		__DUMMY__ 0.862434630265027 off 0.07031975584558416 neg 0.0672456138893888	false	0.5
tucke	off 1.0		__DUMMY__ 0.8634360327612576 off 0.0740074588064503 neg 0.06255650843229217	false	1.0
ein			__DUMMY__ 0.8759091625062645 neg 0.06265564165114766 off 0.061435195842587866	false	0.0
abstieg	neg 1.0		__DUMMY__ 0.8781208611010963 neg 0.06559818678750368 off 0.056280952111399975	false	1.0
missverstehen	neg 1.0		__DUMMY__ 0.8722515303550235 neg 0.06397212734778236 off 0.06377634229719419	false	1.0
ergebnislos	neg 1.0		__DUMMY__ 0.8801145519483621 neg 0.06383557697984008 off 0.056049871071797874	false	1.0
unter			__DUMMY__ 0.8875912023752998 neg 0.06409313879863159 off 0.04831565882606864	false	0.0
manipulieren	neg 1.0		__DUMMY__ 0.8795817192003889 neg 0.06474792033888759 off 0.055670360460723475	false	1.0
unbewiesen	neg 1.0		__DUMMY__ 0.8720834882205383 neg 0.06715268512598213 off 0.0607638266534795	false	1.0
verschleppen	neg 1.0		__DUMMY__ 0.8766721529548837 neg 0.0655940364400564 off 0.05773381060505993	false	1.0
weib	off 1.0		__DUMMY__ 0.8612997964811973 off 0.07379445608505932 neg 0.06490574743374349	false	1.0
opposition	neg 1.0		__DUMMY__ 0.8735977622203085 neg 0.0644355884686731 off 0.06196664931101837	false	1.0
verkehrswidrig	neg 1.0		__DUMMY__ 0.8753930807981471 off 0.06910496378895795 neg 0.05550195541289492	false	0.5
inkorrekt	neg 1.0		__DUMMY__ 0.8682696474388774 off 0.0692528750890787 neg 0.06247747747204387	false	0.5
vermeiden	neg 1.0	neg 1.0	neg 0.5181895470752498 __DUMMY__ 0.44281565903060477 off 0.038994793894145424	false	1.0
abweichung	neg 1.0		__DUMMY__ 0.8788565258349732 neg 0.06396096754551832 off 0.0571825066195085	false	1.0
alkoholisiert	neg 1.0		__DUMMY__ 0.8818155345816058 neg 0.06246609732797237 off 0.05571836809042188	false	1.0
scheiss	off 1.0	off 1.0	off 0.5199217364956353 __DUMMY__ 0.43269374585885684 neg 0.0473845176455079	false	1.0
herausforderung	neg 1.0		__DUMMY__ 0.8803225172791254 neg 0.06386693704732777 off 0.055810545673546826	false	1.0
pervers	off 1.0		__DUMMY__ 0.8633449838922563 off 0.0764030795106671 neg 0.060251936597076616	false	1.0
wackelig	neg 1.0		__DUMMY__ 0.8817877024883309 neg 0.05979704228397818 off 0.058415255227690935	false	1.0
verwickeln	neg 1.0		__DUMMY__ 0.8725425218130204 neg 0.06419180253787567 off 0.06326567564910386	false	1.0
vorwand	neg 1.0		__DUMMY__ 0.878743527263872 neg 0.06566916024548022 off 0.05558731249064786	false	1.0
muschi	off 1.0		__DUMMY__ 0.8770431455931827 neg 0.06309535546831442 off 0.05986149893850285	false	0.5
entmutigung	neg 1.0		__DUMMY__ 0.8742676681570096 neg 0.06375258748846058 off 0.06197974435452984	false	1.0
unangemessen	neg 1.0		__DUMMY__ 0.8745607167755394 neg 0.06607613963097636 off 0.05936314359348419	false	1.0
unstetig	neg 1.0		__DUMMY__ 0.876003469075273 off 0.06290366439301927 neg 0.06109286653170768	false	0.5
entmutigen	neg 1.0		__DUMMY__ 0.8755364497282212 neg 0.06290252375633787 off 0.06156102651544091	false	1.0
schwanz	neg 1.0		__DUMMY__ 0.8784386131712902 neg 0.06433317850099347 off 0.0572282083277163	false	1.0
verbot	neg 1.0		__DUMMY__ 0.8764433493707154 neg 0.065409414855805 off 0.05814723577347952	false	1.0
leid	neg 1.0		__DUMMY__ 0.867981321877979 off 0.07112901182601336 neg 0.06088966629600751	false	0.5
archaisch	neg 1.0		__DUMMY__ 0.8762195076210977 neg 0.0643640312864836 off 0.05941646109241875	false	1.0
gegen			__DUMMY__ 0.8811206626645031 neg 0.06485229517857233 off 0.054027042156924616	false	0.0
scheidung	neg 1.0		__DUMMY__ 0.8651227342836578 off 0.08062553166898596 neg 0.054251734047356226	false	0.5
einschlag	neg 1.0		__DUMMY__ 0.8711136862457433 off 0.06833922144117677 neg 0.060547092313080066	false	0.5
m			__DUMMY__ 0.8791108808220403 neg 0.06264392641074883 off 0.058245192767210935	false	0.0
abgestanden	neg 1.0		__DUMMY__ 0.8746384881563014 neg 0.0647416413102697 off 0.06061987053342891	false	1.0
schmierig	off 1.0		__DUMMY__ 0.8695860760866584 off 0.07037571719547936 neg 0.060038206717862364	false	1.0
unpraktisch	neg 1.0		__DUMMY__ 0.8761069363273282 neg 0.06201669162885924 off 0.06187637204381256	false	1.0
wixxer	off 1.0		__DUMMY__ 0.8611226581767609 off 0.07662246279162718 neg 0.06225487903161192	false	1.0
bezeichnet			__DUMMY__ 0.8732252605691019 neg 0.06583505852632286 off 0.06093968090457525	false	0.0
jammerlappen	off 1.0		__DUMMY__ 0.8739124077442979 off 0.06550588957872541 neg 0.06058170267697661	false	1.0
farce	neg 1.0		__DUMMY__ 0.8746241776989007 neg 0.06631770783341102 off 0.05905811446768831	false	1.0
zwecklos	neg 1.0		__DUMMY__ 0.8752901426525147 neg 0.06574434035137469 off 0.058965516996110544	false	1.0
turbulent	neg 1.0		__DUMMY__ 0.8690641648231483 off 0.06671098384706271 neg 0.064224851329789	false	0.5
invasion	neg 1.0		__DUMMY__ 0.8747480221592971 neg 0.06268305957543467 off 0.06256891826526814	false	1.0
schuld	neg 1.0		__DUMMY__ 0.8735496913132564 neg 0.06454941970722872 off 0.06190088897951485	false	1.0
risiko	neg 1.0	neg 1.0	neg 0.5157638506823579 __DUMMY__ 0.4376183585637391 off 0.04661779075390313	false	1.0
finster	neg 1.0		__DUMMY__ 0.8737190111428511 neg 0.06475949270245916 off 0.061521496154689756	false	1.0
geisteskrank	off 1.0		__DUMMY__ 0.8684320720971652 off 0.06740794966148585 neg 0.06415997824134885	false	1.0
zusammenbrechen	neg 1.0		__DUMMY__ 0.8772296620434772 neg 0.06379525163075365 off 0.05897508632576917	false	1.0
ausbeute	neg 1.0		__DUMMY__ 0.887543460590231 off 0.0567677727165005 neg 0.055688766693268506	false	0.5
hinterhalt	neg 1.0		__DUMMY__ 0.8828167770614943 neg 0.05861084790913742 off 0.058572375029368275	false	1.0
kritik	neg 1.0		__DUMMY__ 0.8742956615709945 neg 0.0668029569302714 off 0.058901381498734105	false	1.0
einschrumpfen	neg 1.0		__DUMMY__ 0.8718604124626483 off 0.06459000522535338 neg 0.06354958231199823	false	0.5
riskant	neg 1.0		__DUMMY__ 0.8772691744419804 neg 0.06609511159996179 off 0.05663571395805788	false	1.0
frustrieren	neg 1.0		__DUMMY__ 0.8774867050428116 neg 0.0650266670346406 off 0.05748662792254785	false	1.0
groll	neg 1.0		__DUMMY__ 0.8753711704177534 neg 0.06612019456447035 off 0.058508635017776305	false	1.0
gibt			__DUMMY__ 0.8779285015854235 neg 0.0629475714059833 off 0.05912392700859326	false	0.0
qualvoll	neg 1.0		__DUMMY__ 0.8743567798770874 off 0.06355070903928776 neg 0.062092511083624874	false	0.5
wackeln	neg 1.0		__DUMMY__ 0.8777003839305014 off 0.061357787389078905 neg 0.060941828680419634	false	0.5
klagen	neg 1.0		__DUMMY__ 0.8798548483355271 neg 0.06615138940444908 off 0.053993762260023934	false	1.0
bankrott	neg 1.0		__DUMMY__ 0.8753729585226637 off 0.0646253684325862 neg 0.060001673044750105	false	0.5
trauern	neg 1.0		__DUMMY__ 0.8799111409231559 neg 0.06324411934524073 off 0.0568447397316034	false	1.0
ablehnung	neg 1.0		__DUMMY__ 0.8752313501477247 neg 0.06607837168839818 off 0.058690278163877174	false	1.0
stur	neg 1.0		__DUMMY__ 0.8739475699542126 neg 0.06400519200174343 off 0.06204723804404388	false	1.0
aufruhr	neg 1.0		__DUMMY__ 0.8763254815274006 neg 0.06404173973030496 off 0.05963277874229446	false	1.0
melancholie	neg 1.0		__DUMMY__ 0.8778121814565022 neg 0.06493565970664839 off 0.057252158836849365	false	1.0
ist			__DUMMY__ 0.8752220648845188 off 0.06259711109294853 neg 0.06218082402253267	false	0.0
torheit	neg 1.0		__DUMMY__ 0.875516339228104 neg 0.06339489256386042 off 0.06108876820803555	false	1.0
dreckskind	off 1.0		__DUMMY__ 0.8639819772952081 off 0.07216698270756246 neg 0.06385103999722949	false	1.0
umtauschen	neg 1.0		__DUMMY__ 0.8775474716323295 neg 0.0625536600416236 off 0.059898868326046906	false	1.0
zum			__DUMMY__ 0.88762433070226 neg 0.06102174051738108 off 0.05135392878035892	false	0.0
zersetzen	neg 1.0		__DUMMY__ 0.8771767460381871 neg 0.06698612997186262 off 0.05583712398995027	false	1.0
zur			__DUMMY__ 0.8855104453349962 neg 0.06348221070354051 off 0.05100734396146335	false	0.0
frust	neg 1.0		__DUMMY__ 0.8774014482329678 neg 0.06359195687849752 off 0.05900659488853464	false	1.0
unerbittlichkeit	neg 1.0		__DUMMY__ 0.8781899905876684 neg 0.06604091919434427 off 0.055769090217987316	false	1.0
zwei			__DUMMY__ 0.8863722909721701 neg 0.06120418290775971 off 0.052423526120070174	false	0.0
unkorrekt	neg 1.0		__DUMMY__ 0.8710834121932234 off 0.06869314571611243 neg 0.06022344209066413	false	0.5
hexe	off 1.0		__DUMMY__ 0.8679018497898909 neg 0.0666929008118459 off 0.06540524939826314	false	0.5
lasch	neg 1.0		__DUMMY__ 0.8712148350961918 off 0.06468721799098463 neg 0.0640979469128236	false	0.5
rivale	neg 1.0		__DUMMY__ 0.8705287013823453 off 0.06756643664486416 neg 0.06190486197279058	false	0.5
mutlos	off 1.0	off 1.0	off 0.5131692394885777 __DUMMY__ 0.43615801750084293 neg 0.0506727430105792	false	1.0
wirr	off 1.0		__DUMMY__ 0.8675940222537233 off 0.06941226888441805 neg 0.06299370886185857	false	1.0
jahr			__DUMMY__ 0.888496222589173 neg 0.05671522669327084 off 0.05478855071755618	false	0.0
wird			__DUMMY__ 0.8776953631318237 neg 0.0643968597981502 off 0.05790777707002601	false	0.0
strafbar	neg 1.0		__DUMMY__ 0.8780107531095015 neg 0.06485185921477679 off 0.05713738767572167	false	1.0
erosion	neg 1.0		__DUMMY__ 0.8783576445945189 neg 0.061139248187330866 off 0.06050310721815018	false	1.0
eingehen	neg 1.0		__DUMMY__ 0.876961837108551 neg 0.06575049574931337 off 0.05728766714213559	false	1.0
faul	off 1.0		__DUMMY__ 0.8748980411107399 off 0.06448539233942725 neg 0.06061656654983294	false	1.0
provisorium	neg 1.0		__DUMMY__ 0.8896346941172291 neg 0.061567113202894354 off 0.048798192679876534	false	1.0
schmerzen	neg 1.0		__DUMMY__ 0.8752454174518643 neg 0.06553427180757816 off 0.05922031074055759	false	1.0
schrumpfen	neg 1.0		__DUMMY__ 0.881378185209352 neg 0.06716633949949156 off 0.05145547529115653	false	1.0
geistlos	off 1.0		__DUMMY__ 0.8707245922658319 neg 0.06560622613245877 off 0.06366918160170945	false	0.5
fehlkauf	neg 1.0		__DUMMY__ 0.8749977388830603 neg 0.06260232328662123 off 0.062399937830318476	false	1.0
frustrierend	neg 1.0		__DUMMY__ 0.8740920323381081 off 0.06455346838121094 neg 0.06135449928068101	false	0.5
unzufrieden	neg 1.0		__DUMMY__ 0.8757196391298576 neg 0.06558453771663864 off 0.05869582315350379	false	1.0
verzweifeln	neg 1.0		__DUMMY__ 0.8762807361113878 neg 0.0638910996795413 off 0.05982816420907085	false	1.0
verzweifelt	neg 1.0	neg 1.0	neg 0.5198469244294056 __DUMMY__ 0.4331654673882218 off 0.04698760818237265	false	1.0
misstrauensantrag	neg 1.0		__DUMMY__ 0.8750110012266376 off 0.0625601921158472 neg 0.062428806657515275	false	0.5
abfallen	neg 1.0		__DUMMY__ 0.8777375640234415 off 0.06118085983875078 neg 0.061081576137807646	false	0.5
fucker	off 1.0		__DUMMY__ 0.8714929321677701 off 0.06838155235447235 neg 0.06012551547775755	false	1.0
ungezogen	neg 1.0		__DUMMY__ 0.8640993312489651 off 0.07548494557025436 neg 0.06041572318078063	false	0.5
irrsinnig	neg 1.0	neg 1.0	neg 0.5189743743150682 __DUMMY__ 0.4340443905070038 off 0.046981235177927995	false	1.0
unfassbar	neg 1.0		__DUMMY__ 0.8730958606024367 off 0.0666227651579632 neg 0.060281374239600095	false	0.5
hart	neg 1.0		__DUMMY__ 0.8719960344369191 off 0.06598563194971296 neg 0.062018333613367914	false	0.5
widerlich	off 1.0		__DUMMY__ 0.8700776503123521 off 0.06729161782097576 neg 0.06263073186667213	false	1.0
fatal	neg 1.0		__DUMMY__ 0.8744994421176825 off 0.06296699028669495 neg 0.06253356759562263	false	0.5
bruch	neg 1.0		__DUMMY__ 0.8801706019088652 neg 0.0654687797799859 off 0.05436061831114881	false	1.0
aushungern	neg 1.0		__DUMMY__ 0.8773668254667053 neg 0.0635879604354401 off 0.05904521409785468	false	1.0
anspannung	neg 1.0		__DUMMY__ 0.8849067787591719 neg 0.06353890202803945 off 0.0515543192127886	false	1.0
von			__DUMMY__ 0.8899253859019507 neg 0.05525566581048154 off 0.05481894828756782	false	0.0
kraftlos	neg 1.0		__DUMMY__ 0.8783293216537449 neg 0.06339046705272232 off 0.058280211293532835	false	1.0
vom			__DUMMY__ 0.8902122362117043 neg 0.06065416120154531 off 0.04913360258675044	false	0.0
grenzdebil	off 1.0		__DUMMY__ 0.873050896249063 off 0.06685735304861366 neg 0.06009175070232334	false	1.0
vor			__DUMMY__ 0.8819995096984764 neg 0.06316052399049078 off 0.054839966311032835	false	0.0
unterwerfen	neg 1.0		__DUMMY__ 0.8775493674711728 neg 0.06510425848076747 off 0.05734637404805972	false	1.0
versenkung	neg 1.0		__DUMMY__ 0.8800614548770312 neg 0.0624109000457809 off 0.05752764507718789	false	1.0
entziehen	neg 1.0		__DUMMY__ 0.8801900685181103 neg 0.06531493481791616 off 0.054494996663973554	false	1.0
finanzkrise	neg 1.0		__DUMMY__ 0.8732570575597878 neg 0.0671793502416924 off 0.0595635921985198	false	1.0
schimpfend	neg 1.0		__DUMMY__ 0.8749664816064943 neg 0.06280895797797907 off 0.062224560415526715	false	1.0
profan	neg 1.0		__DUMMY__ 0.8735812527952906 off 0.06331725746911739 neg 0.06310148973559195	false	0.5
korruption	neg 1.0		__DUMMY__ 0.8760437620725902 neg 0.06612989247847041 off 0.057826345448939526	false	1.0
â			__DUMMY__ 0.8798600785588748 neg 0.06242676253844648 off 0.05771315890267874	false	0.0
schmutzig	neg 1.0		__DUMMY__ 0.8729645056223581 off 0.06726919734983257 neg 0.05976629702780932	false	0.5
sexy	neg 1.0		__DUMMY__ 0.8750762101442222 off 0.06418746671847458 neg 0.060736323137303094	false	0.5
abraten	neg 1.0		__DUMMY__ 0.8763098614826913 off 0.0626032864825737 neg 0.061086852034734906	false	0.5
schwarz	neg 1.0		__DUMMY__ 0.8746978014052009 neg 0.06305626280579922 off 0.062245935788999826	false	1.0
fotze	off 1.0	off 1.0	off 0.5142688524405208 __DUMMY__ 0.437719873608582 neg 0.048011273950897215	false	1.0
verwirren	neg 1.0		__DUMMY__ 0.8738314717294282 off 0.0638170188943619 neg 0.06235150937620988	false	0.5
zahnlos	off 1.0		__DUMMY__ 0.8757443684649366 neg 0.06478015635830185 off 0.059475475176761605	false	0.5
verheeren	neg 1.0		__DUMMY__ 0.8637928965775935 off 0.07687642575171696 neg 0.05933067767068949	false	0.5
hippie	neg 1.0		__DUMMY__ 0.8749154288980049 off 0.06390110237437051 neg 0.0611834687276246	false	0.5
rammen	neg 1.0		__DUMMY__ 0.8709690546662127 neg 0.06741120552052142 off 0.06161973981326594	false	1.0
unlauter	neg 1.0		__DUMMY__ 0.8729119790872518 neg 0.06540879353384298 off 0.061679227378905264	false	1.0
unheilvoll	neg 1.0		__DUMMY__ 0.8748093476197174 neg 0.06306455091136683 off 0.06212610146891577	false	1.0
niedrig	neg 1.0		__DUMMY__ 0.8770274062350916 neg 0.06705721312602447 off 0.05591538063888393	false	1.0
explosion	neg 1.0		__DUMMY__ 0.8747948082913894 off 0.06332926411108693 neg 0.06187592759752361	false	0.5
weichei	off 1.0	off 1.0	off 0.5242812605395439 __DUMMY__ 0.42894517355778355 neg 0.046773565902672495	false	1.0
minusmensch	off 1.0		__DUMMY__ 0.8605918382305713 off 0.07465020331776992 neg 0.06475795845165881	false	1.0
farblos	neg 1.0		__DUMMY__ 0.8772916820128354 neg 0.06292374490567734 off 0.05978457308148732	false	1.0
unwissend	neg 1.0	neg 1.0	neg 0.5174925713144878 __DUMMY__ 0.4327110695435407 off 0.0497963591419715	false	1.0
traurig	neg 1.0		__DUMMY__ 0.8719437620720893 off 0.06889587050486116 neg 0.059160367423049434	false	0.5
senkung	neg 1.0		__DUMMY__ 0.8719216398992481 neg 0.06492602512224803 off 0.06315233497850382	false	1.0
ungleich	neg 1.0	neg 1.0	neg 0.5201301471749292 __DUMMY__ 0.4372020690850361 off 0.04266778374003483	false	1.0
heikel	neg 1.0		__DUMMY__ 0.877616595977601 neg 0.06577770810142249 off 0.05660569592097642	false	1.0
drosselung	neg 1.0		__DUMMY__ 0.871819294710949 off 0.06655214981624334 neg 0.06162855547280762	false	0.5
falsch	neg 1.0		__DUMMY__ 0.8733145709532563 off 0.06472155729326982 neg 0.06196387175347402	false	0.5
unzufriedenheit	neg 1.0		__DUMMY__ 0.8790733609343765 neg 0.06573660686779696 off 0.05519003219782647	false	1.0
kurz	neg 1.0		__DUMMY__ 0.8805549913061802 neg 0.060412278039451636 off 0.05903273065436812	false	1.0
unsinnig	neg 1.0		__DUMMY__ 0.8754644932033337 neg 0.06490516191130659 off 0.05963034488535964	false	1.0
penner	off 1.0	off 1.0	off 0.5254592978152741 __DUMMY__ 0.4283034838005342 neg 0.04623721838419166	false	1.0
seicht	neg 1.0		__DUMMY__ 0.8640053663977724 off 0.07529965635750166 neg 0.060694977244726014	false	0.5
dummheit	off 1.0	off 1.0	off 0.5184504001716315 __DUMMY__ 0.4322473315179739 neg 0.04930226831039464	false	1.0
unerfreulich	neg 1.0		__DUMMY__ 0.8797310635598199 neg 0.06458685554350153 off 0.05568208089667862	false	1.0
motherfucker	off 1.0	off 1.0	off 0.5214662459927005 __DUMMY__ 0.43205212528290093 neg 0.0464816287243986	false	1.0
pikiert	neg 1.0		__DUMMY__ 0.8702284584573164 off 0.0665278127518156 neg 0.06324372879086794	false	0.5
wrack	neg 1.0		__DUMMY__ 0.8792186865104971 neg 0.06264770920144518 off 0.05813360428805771	false	1.0
gangster	neg 1.0		__DUMMY__ 0.8746736317868428 off 0.06390713984428671 neg 0.06141922836887056	false	0.5
krank	neg 1.0		__DUMMY__ 0.8738000926725776 off 0.0666790323221622 neg 0.05952087500526024	false	0.5
reich	neg 1.0		__DUMMY__ 0.8744711577749412 off 0.06554250298642496 neg 0.05998633923863381	false	0.5
gnadenlos	neg 1.0		__DUMMY__ 0.873673721307675 neg 0.0643546183839292 off 0.06197166030839584	false	1.0
niedergeschlagen	neg 1.0		__DUMMY__ 0.877948488066462 neg 0.06278789948035557 off 0.059263612453182464	false	1.0
terrorisieren	off 1.0	off 1.0	off 0.5133318700062245 __DUMMY__ 0.43793052554619316 neg 0.04873760444758226	false	1.0
sinnlosigkeit	neg 1.0		__DUMMY__ 0.8762534960568948 neg 0.06484696646437312 off 0.05889953747873205	false	1.0
behindern	neg 1.0		__DUMMY__ 0.8767161541829825 neg 0.0635040956063741 off 0.0597797502106433	false	1.0
undemokratisch	neg 1.0		__DUMMY__ 0.874796606323096 neg 0.06337804599619261 off 0.061825347680711365	false	1.0
wirtschaftskrise	neg 1.0		__DUMMY__ 0.8751945300929652 neg 0.06718505564684706 off 0.057620414260187755	false	1.0
neid	neg 1.0		__DUMMY__ 0.8768482221537219 off 0.0643797067506648 neg 0.05877207109561327	false	0.5
rutschen	neg 1.0		__DUMMY__ 0.8861354328138557 neg 0.061633825434244824 off 0.05223074175189955	false	1.0
rezession	neg 1.0		__DUMMY__ 0.8637468512239928 off 0.06933794131764694 neg 0.06691520745836038	false	0.5
fehlgeburt	neg 1.0		__DUMMY__ 0.8775000093701518 off 0.062121320097639335 neg 0.06037867053220892	false	0.5
charakterschwach	off 1.0		__DUMMY__ 0.8703174298007784 off 0.06719168987651676 neg 0.062490880322704764	false	1.0
isolation	neg 1.0		__DUMMY__ 0.8744475623412721 off 0.06413427526377928 neg 0.06141816239494868	false	0.5
ablenkung	neg 1.0		__DUMMY__ 0.8777533831775812 neg 0.061497519499097486 off 0.060749097323321274	false	1.0
pech	neg 1.0		__DUMMY__ 0.8745516734525716 off 0.06396559996457753 neg 0.06148272658285083	false	0.5
vermeidung	neg 1.0		__DUMMY__ 0.8721231940780405 off 0.06670544945923888 neg 0.061171356462720546	false	0.5
dominieren	neg 1.0		__DUMMY__ 0.8777969945619012 neg 0.0653156276036953 off 0.056887377834403466	false	1.0
schwindlig	neg 1.0		__DUMMY__ 0.8767635231885457 off 0.06239694554832254 neg 0.060839531263131796	false	0.5
lutscher	neg 1.0	neg 1.0	neg 0.5156289361883957 __DUMMY__ 0.42717209968526526 off 0.05719896412633921	false	1.0
pflicht	neg 1.0		__DUMMY__ 0.8783924408958086 neg 0.0660168856474904 off 0.055590673456700976	false	1.0
faschist	off 1.0		__DUMMY__ 0.8738941307422613 off 0.06423517986853514 neg 0.06187068938920358	false	1.0
verschleudern	neg 1.0		__DUMMY__ 0.8774488842747926 neg 0.066185758796345 off 0.05636535692886238	false	1.0
wenn			__DUMMY__ 0.8731115504528457 off 0.06485608804716836 neg 0.06203236149998591	false	0.0
ehebruch	neg 1.0		__DUMMY__ 0.8773270192913895 neg 0.06485181639169205 off 0.057821164316918486	false	1.0
spott	off 1.0		__DUMMY__ 0.8766935703053392 neg 0.06590613435704305 off 0.05740029533761772	false	0.5
trostlosigkeit	neg 1.0		__DUMMY__ 0.879752739172834 neg 0.06544120241588244 off 0.054806058411283505	false	1.0
lutschen	neg 1.0		__DUMMY__ 0.8715946010109097 off 0.06430979949247989 neg 0.06409559949661046	false	0.5
undiszipliniert	neg 1.0		__DUMMY__ 0.8709996050795616 off 0.06835542591496727 neg 0.06064496900547099	false	0.5
kopfschmerz	neg 1.0		__DUMMY__ 0.8751325371930601 neg 0.06663563194017606 off 0.05823183086676385	false	1.0
unvorhergesehen	neg 1.0		__DUMMY__ 0.8836202700610395 neg 0.06074421983982374 off 0.05563551009913676	false	1.0
desinteressiert	neg 1.0	neg 1.0	neg 0.5168413880663696 __DUMMY__ 0.4316571383385294 off 0.05150147359510103	false	1.0
armselig	off 1.0		__DUMMY__ 0.8681230773738995 off 0.06923495875042096 neg 0.06264196387567955	false	1.0
desaster	neg 1.0		__DUMMY__ 0.880146443952446 neg 0.06601688103186312 off 0.05383667501569089	false	1.0
tod	neg 1.0		__DUMMY__ 0.8802035744230577 neg 0.062304094164491626 off 0.05749233141245059	false	1.0
herzlos	neg 1.0		__DUMMY__ 0.869717569485185 off 0.06901135044771772 neg 0.06127108006709731	false	0.5
unwissenheit	neg 1.0		__DUMMY__ 0.8759369868728717 neg 0.06546774492642218 off 0.05859526820070611	false	1.0
widersinnig	neg 1.0		__DUMMY__ 0.8737461712426148 neg 0.06747808630937163 off 0.058775742448013486	false	1.0
bedenklich	neg 1.0		__DUMMY__ 0.8765961375863048 neg 0.0656563850723015 off 0.0577474773413937	false	1.0
beanstanden	neg 1.0		__DUMMY__ 0.8792791561799834 neg 0.06554459946189047 off 0.05517624435812621	false	1.0
panisch	neg 1.0	neg 1.0	neg 0.5152456244439987 __DUMMY__ 0.4372418767238409 off 0.04751249883216039	false	1.0
debil	off 1.0		__DUMMY__ 0.8854437757411132 neg 0.06506739944597538 off 0.0494888248129115	false	0.5
abstrich	neg 1.0		__DUMMY__ 0.8826710766264831 off 0.05867967184807425 neg 0.058649251525442585	false	0.5
primitiv	neg 1.0		__DUMMY__ 0.8698489847372093 off 0.06751317606216026 neg 0.06263783920063055	false	0.5
abschaum	off 1.0	off 1.0	off 0.5201994620890343 __DUMMY__ 0.432211436303691 neg 0.04758910160727473	false	1.0
provozieren	neg 1.0		__DUMMY__ 0.8727484649243713 neg 0.0654216619244864 off 0.06182987315114231	false	1.0
tot	neg 1.0		__DUMMY__ 0.8780037080092324 neg 0.06427887502520317 off 0.05771741696556426	false	1.0
instabil	neg 1.0		__DUMMY__ 0.8688407228381878 off 0.06845503240036963 neg 0.06270424476144254	false	0.5
schwuchtel	off 1.0	off 1.0	off 0.5299088979279576 __DUMMY__ 0.42344692294257347 neg 0.04664417912946899	false	1.0
zerren	neg 1.0		__DUMMY__ 0.8774226063424587 neg 0.06373167993722433 off 0.058845713720316925	false	1.0
kinderficker	off 1.0		__DUMMY__ 0.8688082518921849 off 0.07176447374164512 neg 0.05942727436617	false	1.0
gefahr	neg 1.0		__DUMMY__ 0.8808026117715768 neg 0.06417541796888002 off 0.05502197025954326	false	1.0
rabiat	neg 1.0		__DUMMY__ 0.8760871084383983 neg 0.06296431168008848 off 0.06094857988151319	false	1.0
verlangsamung	neg 1.0		__DUMMY__ 0.8628395338217199 off 0.07328079690514175 neg 0.06387966927313839	false	0.5
ausgestorben	neg 1.0		__DUMMY__ 0.8771613648498277 neg 0.06225659014484357 off 0.06058204500532873	false	1.0
anklagen	neg 1.0		__DUMMY__ 0.8769817621467022 neg 0.06505679545576099 off 0.05796144239753692	false	1.0
trott	neg 1.0		__DUMMY__ 0.8767497487380044 neg 0.06307525752463965 off 0.06017499373735608	false	1.0
verminderung	neg 1.0		__DUMMY__ 0.8716850604925904 off 0.0670246702792669 neg 0.061290269228142694	false	0.5
nach			__DUMMY__ 0.8874580517700978 neg 0.06131209060304606 off 0.05122985762685606	false	0.0
rost	neg 1.0		__DUMMY__ 0.8679435518907587 off 0.0718449377179007 neg 0.060211510391340636	false	0.5
destruktiv	neg 1.0		__DUMMY__ 0.8747552229083329 neg 0.0645652033202915 off 0.06067957377137569	false	1.0
unzumutbarkeit	neg 1.0		__DUMMY__ 0.8738786825378575 off 0.06588238234571112 neg 0.06023893511643133	false	0.5
labil	off 1.0	off 1.0	off 0.5195859515127054 __DUMMY__ 0.433044302404131 neg 0.04736974608316363	false	1.0
ziemlich	neg 1.0		__DUMMY__ 0.8743765251956314 off 0.06640506874413213 neg 0.05921840606023647	false	0.5
lachnummer	off 1.0		__DUMMY__ 0.8738242790174962 neg 0.06469908473833526 off 0.06147663624416869	false	0.5
oder			__DUMMY__ 0.8773855955819343 off 0.06136856789363734 neg 0.061245836524428346	false	0.0
verfall	neg 1.0		__DUMMY__ 0.8822573435636364 neg 0.06626371578695563 off 0.05147894064940798	false	1.0
ausgrenzung	neg 1.0		__DUMMY__ 0.8744023747436477 neg 0.06320734286684859 off 0.062390282389503796	false	1.0
unordnung	neg 1.0		__DUMMY__ 0.8741712498592292 off 0.06820060292673705 neg 0.0576281472140337	false	0.5
fehlverhalten	neg 1.0		__DUMMY__ 0.8766398635236208 neg 0.06716603615115223 off 0.05619410032522692	false	1.0
eine			__DUMMY__ 0.881573978577181 neg 0.06309199641640047 off 0.055334025006418576	false	0.0
nille	neg 1.0		__DUMMY__ 0.877337862999885 neg 0.06235305452626663 off 0.060309082473848384	false	1.0
qual	neg 1.0		__DUMMY__ 0.8771281174749802 neg 0.06305452096893457 off 0.05981736155608524	false	1.0
verschwenden	neg 1.0		__DUMMY__ 0.8768097432439915 neg 0.06620548008228258 off 0.05698477667372582	false	1.0
riesig	neg 1.0		__DUMMY__ 0.8798147223193985 neg 0.06309297667141252 off 0.057092301009189036	false	1.0
verurteilen	neg 1.0		__DUMMY__ 0.8744727150405331 neg 0.06694017052944623 off 0.05858711443002069	false	1.0
klischee	neg 1.0	neg 1.0	neg 0.5186110778019009 __DUMMY__ 0.43246570090440095 off 0.048923221293698235	false	1.0
diktatorisch	neg 1.0		__DUMMY__ 0.8740494886512685 neg 0.06391459953167339 off 0.062035911817058025	false	1.0
vorhersehbar	neg 1.0		__DUMMY__ 0.8717519270256688 neg 0.06419161286737317 off 0.06405646010695797	false	1.0
sowie			__DUMMY__ 0.8663444677113254 off 0.0709907723061224 neg 0.0626647599825522	false	0.0
stornieren	neg 1.0		__DUMMY__ 0.8808145283805298 off 0.06229057594716396 neg 0.05689489567230635	false	0.5
besteuerung	neg 1.0		__DUMMY__ 0.8719660056043899 neg 0.06691267249726635 off 0.06112132189834388	false	1.0
ungeschminkt	neg 1.0		__DUMMY__ 0.86787750584543 off 0.06681935782538051 neg 0.06530313632918949	false	0.5
kritisch	neg 1.0		__DUMMY__ 0.8772842298947242 neg 0.06517184564283598 off 0.05754392446243976	false	1.0
schlamperei	off 1.0		__DUMMY__ 0.8797444770861826 neg 0.06405170506310254 off 0.05620381785071478	false	0.5
sucht	neg 1.0	neg 1.0	neg 0.5129546001479661 __DUMMY__ 0.44109547391093357 off 0.045949925941100415	false	1.0
egoistisch	off 1.0		__DUMMY__ 0.8668748590637478 off 0.07184728463034244 neg 0.061277856305909685	false	1.0
ausbeuter	off 1.0		__DUMMY__ 0.8757493722230832 neg 0.06806919147392544 off 0.056181436302991314	false	0.5
arschgeburt	off 1.0		__DUMMY__ 0.8579176812853112 off 0.07935338700003264 neg 0.06272893171465603	false	1.0
schubs	neg 1.0		__DUMMY__ 0.8787385963266943 neg 0.06287892389199866 off 0.058382479781306985	false	1.0
unsolide	neg 1.0		__DUMMY__ 0.8722596633678348 neg 0.06518429765452953 off 0.06255603897763563	false	1.0
beschwerde	neg 1.0		__DUMMY__ 0.8769500694115494 neg 0.06612856010492608 off 0.05692137048352446	false	1.0
stocken	neg 1.0		__DUMMY__ 0.8787196688689319 neg 0.0648329157348985 off 0.0564474153961695	false	1.0
isolieren	neg 1.0		__DUMMY__ 0.8773095624998352 neg 0.06479290646989791 off 0.057897531030266916	false	1.0
unheilbar	neg 1.0		__DUMMY__ 0.8759054666031705 neg 0.0629379384062432 off 0.061156594990586406	false	1.0
pisser	off 1.0		__DUMMY__ 0.8677052351236878 off 0.06867260781445185 neg 0.06362215706186038	false	1.0
löschen	neg 1.0		__DUMMY__ 0.8765803577027963 neg 0.06287449801995357 off 0.060545144277250204	false	1.0
durchfallen	neg 1.0		__DUMMY__ 0.8755591831422802 neg 0.06634211390321812 off 0.05809870295450162	false	1.0
wichser	off 1.0	off 1.0	off 0.5277762493988672 __DUMMY__ 0.4266745718496838 neg 0.04554917875144899	false	1.0
terror	neg 1.0		__DUMMY__ 0.8754469914625711 off 0.0634022501122593 neg 0.06115075842516966	false	0.5
krass	neg 1.0		__DUMMY__ 0.8697088009582973 off 0.06939647487395575 neg 0.06089472416774699	false	0.5
revolte	neg 1.0		__DUMMY__ 0.8742049520921259 neg 0.06303228997926341 off 0.06276275792861068	false	1.0
besorgt	neg 1.0		__DUMMY__ 0.881365327675373 neg 0.059723181554987244 off 0.05891149076963973	false	1.0
nachlassen	neg 1.0		__DUMMY__ 0.8801136606475913 neg 0.06383129357524749 off 0.0560550457771611	false	1.0
alt	neg 1.0		__DUMMY__ 0.8767933712544707 neg 0.06545444226631 off 0.057752186479219335	false	1.0
hundesohn	off 1.0		__DUMMY__ 0.8626084535623568 off 0.07598422925475669 neg 0.061407317182886466	false	1.0
als			__DUMMY__ 0.8784987797657493 neg 0.06274038727993272 off 0.058760832954318	false	0.0
abschreckung	neg 1.0		__DUMMY__ 0.8790800774458349 neg 0.0659009764669948 off 0.05501894608717035	false	1.0
unqualifiziert	neg 1.0		__DUMMY__ 0.8711245095153983 off 0.06494656523886408 neg 0.06392892524573757	false	0.5
abgewichst	off 1.0		__DUMMY__ 0.8785551192421401 neg 0.06189533305021363 off 0.059549547707646186	false	0.5
schwer	neg 1.0		__DUMMY__ 0.8757121448193975 neg 0.0640084795924832 off 0.06027937558811926	false	1.0
bedeutungslosigkeit	neg 1.0		__DUMMY__ 0.8783328492575879 neg 0.06564054752461128 off 0.056026603217800744	false	1.0
kapitulation	neg 1.0		__DUMMY__ 0.8780568064596088 neg 0.06472041231511486 off 0.057222781225276326	false	1.0
unscharf	neg 1.0		__DUMMY__ 0.8732340455714985 neg 0.06412843595441205 off 0.06263751847408937	false	1.0
schwinden	neg 1.0		__DUMMY__ 0.8782814756309871 neg 0.06610938645454216 off 0.05560913791447074	false	1.0
versklavung	neg 1.0		__DUMMY__ 0.8749121170536582 neg 0.0635682272165121 off 0.06151965572982964	false	1.0
schlecht	neg 1.0		__DUMMY__ 0.8739968752494935 off 0.06662838009377021 neg 0.059374744656736256	false	0.5
verhasst	neg 1.0		__DUMMY__ 0.8713141605518389 neg 0.0662989550566723 off 0.06238688439148881	false	1.0
beschweren	neg 1.0		__DUMMY__ 0.874894224625888 off 0.06276435173071387 neg 0.062341423643398106	false	0.5
scheiden	neg 1.0		__DUMMY__ 0.8790247376040805 neg 0.060809349389482736 off 0.060165913006436735	false	1.0
frustriert	neg 1.0		__DUMMY__ 0.8754546675169899 neg 0.06504758605139203 off 0.0594977464316181	false	1.0
schimmelig	neg 1.0		__DUMMY__ 0.8739015701146129 neg 0.06866976145569924 off 0.05742866842968788	false	1.0
fisch	neg 1.0		__DUMMY__ 0.877689246473857 neg 0.06777647435461005 off 0.05453427917153293	false	1.0
schmuggel	neg 1.0		__DUMMY__ 0.8788085404721242 neg 0.06492352275658653 off 0.05626793677128925	false	1.0
auffallen	neg 1.0		__DUMMY__ 0.8745998204437764 off 0.06348713093978159 neg 0.06191304861644211	false	0.5
konkurrenz	neg 1.0		__DUMMY__ 0.879318832450424 neg 0.0660284513176214 off 0.05465271623195464	false	1.0
teufelskreis	neg 1.0	neg 1.0	neg 0.5202482324627304 __DUMMY__ 0.43387621055907916 off 0.045875556978190415	false	1.0
aufschreien	neg 1.0		__DUMMY__ 0.872630409381544 neg 0.06374837762228924 off 0.06362121299616681	false	1.0
schuldner	neg 1.0		__DUMMY__ 0.876245886054766 neg 0.06838328497856576 off 0.0553708289666681	false	1.0
missgeburt	off 1.0	off 1.0	off 0.5248863783459562 __DUMMY__ 0.42723290653887996 neg 0.04788071511516383	false	1.0
arbeitslos	neg 1.0		__DUMMY__ 0.875619448367664 neg 0.0658596901735401 off 0.05852086145879587	false	1.0
befallen	neg 1.0		__DUMMY__ 0.8738935687662195 neg 0.0669256675060792 off 0.05918076372770132	false	1.0
miesepetrig	off 1.0	off 1.0	off 0.519867819978125 __DUMMY__ 0.43397184072865136 neg 0.046160339293223634	false	1.0
alarmieren	neg 1.0		__DUMMY__ 0.8709781035702754 off 0.06520530107521595 neg 0.0638165953545087	false	0.5
ungeduscht	off 1.0		__DUMMY__ 0.8713062393059592 off 0.06442887335916644 neg 0.0642648873348745	false	1.0
knappheit	neg 1.0		__DUMMY__ 0.8741845235778318 neg 0.06799113054245216 off 0.057824345879716035	false	1.0
schlange	neg 1.0		__DUMMY__ 0.8787366680731572 off 0.06202035728096378 neg 0.05924297464587895	false	0.5
harsch	neg 1.0		__DUMMY__ 0.8713890856646374 off 0.0704567853995829 neg 0.05815412893577981	false	0.5
lang	neg 1.0		__DUMMY__ 0.8765101981902076 neg 0.062098401525255344 off 0.061391400284537066	false	1.0
ziellos	neg 1.0		__DUMMY__ 0.87981272393943 neg 0.06262410337694391 off 0.05756317268362618	false	1.0
selbstverliebt	neg 1.0		__DUMMY__ 0.8616430876766537 off 0.07698645925248117 neg 0.06137045307086522	false	0.5
beseitigen	neg 1.0		__DUMMY__ 0.8774781573098142 neg 0.06344184387652467 off 0.059079998813661196	false	1.0
dumm	off 1.0		__DUMMY__ 0.8674880352639431 off 0.07240951014412643 neg 0.060102454591930365	false	1.0
arbeitsloser	neg 1.0		__DUMMY__ 0.8789851154390979 neg 0.062462274196312485 off 0.058552610364589745	false	1.0
blitzen	neg 1.0		__DUMMY__ 0.8751347360156772 off 0.06381091154062735 neg 0.06105435244369558	false	0.5
hilflos	neg 1.0		__DUMMY__ 0.875859604605131 neg 0.06514804912027228 off 0.05899234627459672	false	1.0
eklig	off 1.0		__DUMMY__ 0.8641181911096769 off 0.0729561717746863 neg 0.06292563711563683	false	1.0
begriff			__DUMMY__ 0.876668879746983 neg 0.06313364098819892 off 0.06019747926481799	false	0.0
hungersnot	neg 1.0		__DUMMY__ 0.8771462763070098 neg 0.06460713651146172 off 0.05824658718152842	false	1.0
ungesetzlich	neg 1.0		__DUMMY__ 0.872241228228925 neg 0.06587935746130708 off 0.06187941430976783	false	1.0
verschwendung	neg 1.0		__DUMMY__ 0.8781176901526445 neg 0.06527415285208008 off 0.05660815699527543	false	1.0
schmerzvoll	neg 1.0		__DUMMY__ 0.8743261583729306 neg 0.06328816795663963 off 0.062385673670429895	false	1.0
vorzeitig	neg 1.0		__DUMMY__ 0.8732116789252309 neg 0.06351595982818889 off 0.06327236124658023	false	1.0
unvollkommenheit	neg 1.0		__DUMMY__ 0.8821308638523029 neg 0.06025217272683326 off 0.05761696342086383	false	1.0
intervenieren	neg 1.0		__DUMMY__ 0.8771283087665058 neg 0.06629522502626067 off 0.056576466207233576	false	1.0
banause	off 1.0		__DUMMY__ 0.8611568481979086 off 0.07547734110710215 neg 0.06336581069498924	false	1.0
rebell	neg 1.0		__DUMMY__ 0.8810431444016577 neg 0.06632599522035879 off 0.05263086037798355	false	1.0
unlogisch	neg 1.0		__DUMMY__ 0.8692175675632785 off 0.06887408241105772 neg 0.061908350025663826	false	0.5
leiden	neg 1.0		__DUMMY__ 0.8818659374526067 neg 0.06301334985914289 off 0.05512071268825043	false	1.0
abschaffung	neg 1.0		__DUMMY__ 0.8758445897514083 neg 0.06314965227623807 off 0.06100575797235356	false	1.0
sturz	neg 1.0		__DUMMY__ 0.8777724444181398 neg 0.06158117203962148 off 0.06064638354223864	false	1.0
verkleinerung	neg 1.0		__DUMMY__ 0.8717321532644781 neg 0.06457258658474031 off 0.0636952601507817	false	1.0
schmarotzer	off 1.0		__DUMMY__ 0.8745213359473253 neg 0.0661551608404165 off 0.059323503212258294	false	0.5
bestrafung	neg 1.0		__DUMMY__ 0.8750921381403989 neg 0.06308815109428698 off 0.06181971076531422	false	1.0
achtlos	neg 1.0	neg 1.0	neg 0.5178448101541384 __DUMMY__ 0.436681918706979 off 0.045473271138882575	false	1.0
ungeheuer	neg 1.0		__DUMMY__ 0.8754195515083266 off 0.06289643839674049 neg 0.06168401009493286	false	0.5
unaufrichtig	neg 1.0		__DUMMY__ 0.8777270276848292 off 0.06378593817431644 neg 0.05848703414085424	false	0.5
