unsolidarisch	neg 1.0		__DUMMY__ 0.9206582982526255 neg 0.0415540096227468 off 0.037787692124627674	false	1.0
nachteilig	neg 1.0		__DUMMY__ 0.9255324750733814 neg 0.04037646056183133 off 0.034091064364787184	false	1.0
skeptisch	neg 1.0		__DUMMY__ 0.9257685843347022 neg 0.04043452325321391 off 0.03379689241208387	false	1.0
schrecklich	neg 1.0		__DUMMY__ 0.9189681674225284 off 0.044856038232503725 neg 0.03617579434496789	false	0.5
schlapp	neg 1.0		__DUMMY__ 0.9216163384219203 off 0.041383288599302945 neg 0.037000372978776806	false	0.5
abfall	neg 1.0		__DUMMY__ 0.928559670842335 neg 0.040565514249647265 off 0.03087481490801764	false	1.0
widerspenstig	neg 1.0		__DUMMY__ 0.9239275269107867 neg 0.03869191964812117 off 0.03738055344109214	false	1.0
abrupt	neg 1.0		__DUMMY__ 0.9267337641992156 neg 0.03937731690712663 off 0.033888918893657784	false	1.0
unwirksam	neg 1.0		__DUMMY__ 0.9201725512115161 neg 0.04247168153588745 off 0.03735576725259652	false	1.0
angreifen	neg 1.0		__DUMMY__ 0.9242166799996725 neg 0.04191636266329948 off 0.033866957337028034	false	1.0
inkonsistent	neg 1.0		__DUMMY__ 0.9208795850722342 neg 0.04121588271912449 off 0.03790453220864138	false	1.0
abrutschen	neg 1.0		__DUMMY__ 0.9268529012810601 neg 0.04180600377858401 off 0.0313410949403559	false	1.0
unsicher	neg 1.0		__DUMMY__ 0.9251098126991777 off 0.03747737879184896 neg 0.03741280850897335	false	0.5
bauernkind	off 1.0	off 1.0	off 0.5113135122476318 __DUMMY__ 0.4484183699271969 neg 0.040268117825171305	false	1.0
angreifer	neg 1.0	neg 1.0	neg 0.5040114977897633 __DUMMY__ 0.46053568108987775 off 0.03545282112035885	false	1.0
trennen	neg 1.0		__DUMMY__ 0.927618486804676 neg 0.03915091563440561 off 0.033230597560918444	false	1.0
schmutz	neg 1.0		__DUMMY__ 0.9256516155777617 off 0.038291490720172315 neg 0.03605689370206605	false	0.5
inkonsistenz	neg 1.0		__DUMMY__ 0.9166929729931228 off 0.0421045451809489 neg 0.04120248182592834	false	0.5
erschreckend	neg 1.0		__DUMMY__ 0.9228115313206885 neg 0.04002472191323944 off 0.037163746766072044	false	1.0
ertrinken	neg 1.0		__DUMMY__ 0.9246080019032648 neg 0.04143288465529437 off 0.03395911344144077	false	1.0
pickelface	off 1.0		__DUMMY__ 0.9243701084173308 neg 0.03892573419170504 off 0.036704157390964096	false	0.5
seiner			__DUMMY__ 0.9257940845305281 neg 0.04021482039311063 off 0.03399109507636126	false	0.0
lauch	neg 1.0		__DUMMY__ 0.9280270856994738 neg 0.04062000644668793 off 0.03135290785383826	false	1.0
unwichtig	neg 1.0		__DUMMY__ 0.9196596079612375 off 0.041573248830557116 neg 0.03876714320820541	false	0.5
steuerhinterziehung	neg 1.0	neg 1.0	neg 0.5073683306893559 __DUMMY__ 0.4601650276822393 off 0.03246664162840476	false	1.0
schock	neg 1.0		__DUMMY__ 0.923946935106136 neg 0.039279216901008725 off 0.03677384799285524	false	1.0
beule	neg 1.0		__DUMMY__ 0.919432360935458 off 0.04212325870494452 neg 0.038444380359597456	false	0.5
vergelten	neg 1.0		__DUMMY__ 0.9220352841166304 off 0.04402377362801682 neg 0.03394094225535271	false	0.5
verdorbenheit	neg 1.0		__DUMMY__ 0.9269892155291499 off 0.03743801100586658 neg 0.035572773464983456	false	0.5
trauma	neg 1.0		__DUMMY__ 0.9229260112575249 neg 0.03884597333678855 off 0.03822801540568653	false	1.0
sinnlos	neg 1.0		__DUMMY__ 0.9223670403515289 off 0.0393554207285257 neg 0.038277538919945356	false	0.5
fettsack	off 1.0	off 1.0	off 0.5121867892312939 __DUMMY__ 0.4502119182096417 neg 0.037601292559064414	false	1.0
feige	off 1.0	off 1.0	off 0.5083202614504169 __DUMMY__ 0.45475421757094414 neg 0.0369255209786389	false	1.0
abdanken	neg 1.0		__DUMMY__ 0.9229655946509926 neg 0.03967727713615529 off 0.037357128212852045	false	1.0
wichtigtuer	off 1.0	off 1.0	off 0.5064866326653017 __DUMMY__ 0.45728684195561425 neg 0.03622652537908397	false	1.0
misslingen	neg 1.0		__DUMMY__ 0.9301161341310861 off 0.03736220953225062 neg 0.032521656336663415	false	0.5
untreu	off 1.0		__DUMMY__ 0.91986260190383 off 0.04186531195570335 neg 0.03827208614046674	false	1.0
missmutig	neg 1.0		__DUMMY__ 0.9214223839469128 off 0.041195795378381125 neg 0.03738182067470616	false	0.5
hurenbock	off 1.0		__DUMMY__ 0.9236603927567663 off 0.03867482844764412 neg 0.03766477879558957	false	1.0
betrunken	neg 1.0		__DUMMY__ 0.9202973065753325 off 0.04283545099781439 neg 0.036867242426853145	false	0.5
korrupt	off 1.0		__DUMMY__ 0.9211192990490626 neg 0.042877859466554064 off 0.03600284148438331	false	0.5
unmut	neg 1.0		__DUMMY__ 0.9277992163076816 neg 0.04070810774229397 off 0.03149267595002453	false	1.0
hackfresse	off 1.0		__DUMMY__ 0.9155708577831505 off 0.04771216668553374 neg 0.03671697553131573	false	1.0
aufblasen	neg 1.0		__DUMMY__ 0.9232177645498669 off 0.03880484084021963 neg 0.037977394609913416	false	0.5
gewaltsam	neg 1.0		__DUMMY__ 0.9244852481549848 neg 0.039216311296802836 off 0.03629844054821242	false	1.0
unbeliebtheit	neg 1.0		__DUMMY__ 0.9179723658505775 neg 0.041082627256528045 off 0.04094500689289455	false	1.0
sturheit	neg 1.0		__DUMMY__ 0.9224706554104786 neg 0.04075524277439921 off 0.03677410181512225	false	1.0
kuh	neg 1.0		__DUMMY__ 0.9177556638275012 neg 0.043058992778672645 off 0.039185343393826275	false	1.0
erschrecken	neg 1.0		__DUMMY__ 0.9220489556677176 off 0.040975302526702756 neg 0.03697574180557966	false	0.5
opfer	neg 1.0		__DUMMY__ 0.9251258277454831 neg 0.039957496205451 off 0.03491667604906589	false	1.0
sinken	neg 1.0		__DUMMY__ 0.9272967651352823 neg 0.040931092535349246 off 0.031772142329368445	false	1.0
stinktier	neg 1.0		__DUMMY__ 0.9115868437011695 off 0.04560394773664897 neg 0.04280920856218161	false	0.5
tucke	off 1.0		__DUMMY__ 0.9125360131416851 off 0.04854110843776665 neg 0.03892287842054825	false	1.0
ein			__DUMMY__ 0.9231290285263161 neg 0.038742591685840884 off 0.03812837978784301	false	0.0
abstieg	neg 1.0		__DUMMY__ 0.9249903648264571 neg 0.040983293353007134 off 0.03402634182053578	false	1.0
missverstehen	neg 1.0		__DUMMY__ 0.919995953958176 off 0.040186425839293535 neg 0.03981762020253039	false	0.5
ergebnislos	neg 1.0		__DUMMY__ 0.9267640996709743 neg 0.03944924246009852 off 0.0337866578689273	false	1.0
unter			__DUMMY__ 0.9331816851951684 neg 0.03957012909999063 off 0.027248185704840944	false	0.0
manipulieren	neg 1.0		__DUMMY__ 0.9263156850438835 neg 0.04020278037411702 off 0.03348153458199949	false	1.0
unbewiesen	neg 1.0		__DUMMY__ 0.9198171994861984 neg 0.04236134360240609 off 0.037821456911395476	false	1.0
verschleppen	neg 1.0		__DUMMY__ 0.9237904779275481 neg 0.04095895064400649 off 0.0352505714284454	false	1.0
weib	off 1.0		__DUMMY__ 0.9106177936981807 off 0.04846893810319354 neg 0.0409132681986257	false	1.0
opposition	neg 1.0		__DUMMY__ 0.9212018532660115 neg 0.04020616119701627 off 0.03859198553697219	false	1.0
verkehrswidrig	neg 1.0		__DUMMY__ 0.922885895109964 off 0.04431055221485436 neg 0.032803552675181626	false	0.5
inkorrekt	neg 1.0		__DUMMY__ 0.916593686565933 off 0.04475681749332573 neg 0.038649495940741234	false	0.5
vermeiden	neg 1.0	neg 1.0	neg 0.5055957998410942 __DUMMY__ 0.46725566291293485 off 0.027148537245971004	false	1.0
abweichung	neg 1.0		__DUMMY__ 0.9257417701776595 neg 0.03958084654890863 off 0.03467738327343191	false	1.0
alkoholisiert	neg 1.0		__DUMMY__ 0.9283229573290935 neg 0.038428798562463326 off 0.03324824410844315	false	1.0
scheiss	off 1.0	off 1.0	off 0.507870699710711 __DUMMY__ 0.45690032579838474 neg 0.035228974490904404	false	1.0
herausforderung	neg 1.0		__DUMMY__ 0.9269279258960837 neg 0.03953295630857574 off 0.03353911779534048	false	1.0
pervers	off 1.0		__DUMMY__ 0.9124533368763352 off 0.05054449839951531 neg 0.03700216472414947	false	1.0
wackelig	neg 1.0		__DUMMY__ 0.9282726940964776 neg 0.03619837701942759 off 0.035528928884094826	false	1.0
verwickeln	neg 1.0		__DUMMY__ 0.9202273200776679 neg 0.03999238142728003 off 0.03978029849505193	false	1.0
vorwand	neg 1.0		__DUMMY__ 0.9255598367067343 neg 0.04101902484990754 off 0.033421138443358145	false	1.0
muschi	off 1.0		__DUMMY__ 0.9241459168836521 neg 0.03896521336843182 off 0.03688886974791605	false	0.5
entmutigung	neg 1.0		__DUMMY__ 0.9217530299950816 neg 0.03948880331405514 off 0.038758166690863315	false	1.0
unangemessen	neg 1.0		__DUMMY__ 0.9219455249759549 neg 0.04146378833447136 off 0.03659068668957363	false	1.0
unstetig	neg 1.0		__DUMMY__ 0.923320362392153 off 0.039297773148013526 neg 0.03738186445983342	false	0.5
entmutigen	neg 1.0		__DUMMY__ 0.9228465366864941 neg 0.038861269969800515 off 0.03829219334370545	false	1.0
schwanz	neg 1.0		__DUMMY__ 0.9253977466143986 neg 0.03996436022748423 off 0.03463789315811728	false	1.0
verbot	neg 1.0		__DUMMY__ 0.9235989617344483 neg 0.04079935494528309 off 0.035601683320268654	false	1.0
leid	neg 1.0		__DUMMY__ 0.9164420176188731 off 0.04613319504375756 neg 0.03742478733736933	false	0.5
archaisch	neg 1.0		__DUMMY__ 0.9234132365279358 neg 0.040025662862377444 off 0.036561100609686766	false	1.0
gegen			__DUMMY__ 0.9275599376698711 neg 0.0402631711281158 off 0.03217689120201309	false	0.0
scheidung	neg 1.0		__DUMMY__ 0.9139097659316703 off 0.05414840201120474 neg 0.03194183205712499	false	0.5
einschlag	neg 1.0		__DUMMY__ 0.9191153073830979 off 0.043846129454164946 neg 0.03703856316273724	false	0.5
m			__DUMMY__ 0.9259550880137986 neg 0.03858249969591844 off 0.035462412290283	false	0.0
abgestanden	neg 1.0		__DUMMY__ 0.9222059995761883 neg 0.04049496903499967 off 0.037299031388812035	false	1.0
schmierig	off 1.0		__DUMMY__ 0.9178396224849829 off 0.0454935954081566 neg 0.03666678210686055	false	1.0
unpraktisch	neg 1.0		__DUMMY__ 0.9234007418216474 off 0.038424682125596576 neg 0.03817457605275595	false	0.5
wixxer	off 1.0		__DUMMY__ 0.910499926017147 off 0.050775235774774156 neg 0.03872483820807881	false	1.0
bezeichnet			__DUMMY__ 0.9208018315384784 neg 0.04131862167099747 off 0.0378795467905241	false	0.0
jammerlappen	off 1.0		__DUMMY__ 0.921486937841709 off 0.04152595816680539 neg 0.03698710399148556	false	1.0
farce	neg 1.0		__DUMMY__ 0.9220435459568583 neg 0.041603485361655604 off 0.03635296868148601	false	1.0
zwecklos	neg 1.0		__DUMMY__ 0.9225573490953928 neg 0.041197176968527226 off 0.03624547393607999	false	1.0
turbulent	neg 1.0		__DUMMY__ 0.9172689552834149 off 0.04258575828983538 neg 0.04014528642674984	false	0.5
invasion	neg 1.0		__DUMMY__ 0.9221926537501277 off 0.03909092879549605 neg 0.03871641745437627	false	0.5
schuld	neg 1.0		__DUMMY__ 0.9210889689257438 neg 0.04026674669456407 off 0.038644284379692195	false	1.0
risiko	neg 1.0	neg 1.0	neg 0.5033170927634448 __DUMMY__ 0.4619055062858278 off 0.03477740095072737	false	1.0
finster	neg 1.0		__DUMMY__ 0.9213477756505146 neg 0.04053056676159545 off 0.038121657587889934	false	1.0
geisteskrank	off 1.0		__DUMMY__ 0.9167326944273718 off 0.043200880149305385 neg 0.04006642542332273	false	1.0
zusammenbrechen	neg 1.0		__DUMMY__ 0.92423916440196 neg 0.03956682263385449 off 0.03619401296418557	false	1.0
ausbeute	neg 1.0		__DUMMY__ 0.9333030164206958 off 0.034028406694102224 neg 0.032668576885202034	false	0.5
hinterhalt	neg 1.0		__DUMMY__ 0.929234904854871 off 0.03565247529194354 neg 0.03511261985318544	false	0.5
kritik	neg 1.0		__DUMMY__ 0.9217446941373835 neg 0.04201203771715731 off 0.036243268145459265	false	1.0
einschrumpfen	neg 1.0		__DUMMY__ 0.9197145408756017 off 0.040818338086823405 neg 0.039467121037574895	false	0.5
riskant	neg 1.0		__DUMMY__ 0.9242560059937891 neg 0.041443875364556654 off 0.03430011864165428	false	1.0
frustrieren	neg 1.0		__DUMMY__ 0.9244583356257382 neg 0.04055632280734756 off 0.03498534156691415	false	1.0
groll	neg 1.0		__DUMMY__ 0.9226440552693778 neg 0.04148449242986636 off 0.035871452300756	false	1.0
gibt			__DUMMY__ 0.9248183363892768 neg 0.03885048811993449 off 0.036331175490788646	false	0.0
qualvoll	neg 1.0		__DUMMY__ 0.9218421217009143 off 0.03990291388191464 neg 0.03825496441717111	false	0.5
wackeln	neg 1.0		__DUMMY__ 0.9246961658592907 off 0.03807239847860844 neg 0.03723143566210089	false	0.5
klagen	neg 1.0		__DUMMY__ 0.926551047551369 neg 0.04133806623022117 off 0.03211088621840983	false	1.0
bankrott	neg 1.0		__DUMMY__ 0.9227641591963731 off 0.04069935345656773 neg 0.03653648734705912	false	0.5
trauern	neg 1.0		__DUMMY__ 0.9265967057459046 neg 0.03899146103641004 off 0.03441183321768539	false	1.0
ablehnung	neg 1.0		__DUMMY__ 0.9225630693931228 neg 0.0413774829691062 off 0.036059447637771046	false	1.0
stur	neg 1.0		__DUMMY__ 0.9214467219633925 neg 0.03980951811008562 off 0.03874375992652185	false	1.0
aufruhr	neg 1.0		__DUMMY__ 0.92350323536397 neg 0.03972321954372187 off 0.03677354509230804	false	1.0
melancholie	neg 1.0		__DUMMY__ 0.9248404291793347 neg 0.04053701638969315 off 0.03462255443097212	false	1.0
ist			__DUMMY__ 0.9225528633131536 off 0.03914764750450925 neg 0.038299489182337235	false	0.0
torheit	neg 1.0		__DUMMY__ 0.9228360529791246 neg 0.03919777467634662 off 0.03796617234452874	false	1.0
dreckskind	off 1.0		__DUMMY__ 0.9129309402573059 off 0.047103034729404865 neg 0.039966025013289184	false	1.0
umtauschen	neg 1.0		__DUMMY__ 0.9246386650360111 neg 0.038622667459290674 off 0.03673866750469828	false	1.0
zum			__DUMMY__ 0.9332122364030069 neg 0.03707972053818307 off 0.02970804305881006	false	0.0
zersetzen	neg 1.0		__DUMMY__ 0.9242146226138634 neg 0.04213963366173646 off 0.033645743724400046	false	1.0
zur			__DUMMY__ 0.9314021315949336 neg 0.03906183622539345 off 0.02953603217967295	false	0.0
frust	neg 1.0		__DUMMY__ 0.9243635397371919 neg 0.03939093290028914 off 0.03624552736251897	false	1.0
unerbittlichkeit	neg 1.0		__DUMMY__ 0.9251045092019418 neg 0.04133084361383249 off 0.03356464718422579	false	1.0
zwei			__DUMMY__ 0.9321353978086302 neg 0.03727175245717108 off 0.030592849734198697	false	0.0
unkorrekt	neg 1.0		__DUMMY__ 0.9190931002185532 off 0.04417613919972472 neg 0.036730760581722144	false	0.5
hexe	off 1.0		__DUMMY__ 0.916309112094926 neg 0.04223961623828672 off 0.041451271666787255	false	0.5
lasch	neg 1.0		__DUMMY__ 0.91910308692129 off 0.04095735868823098 neg 0.03993955439047904	false	0.5
rivale	neg 1.0		__DUMMY__ 0.918601839358299 off 0.043213462209611676 neg 0.038184698432089374	false	0.5
mutlos	off 1.0	off 1.0	off 0.5014880953078437 __DUMMY__ 0.4602657221219206 neg 0.03824618257023586	false	1.0
wirr	off 1.0		__DUMMY__ 0.9159968080813411 off 0.044833753523671034 neg 0.03916943839498782	false	1.0
jahr			__DUMMY__ 0.9340278933425433 neg 0.03350161514384471 off 0.03247049151361193	false	0.0
wird			__DUMMY__ 0.9246472234926921 neg 0.040059637239260606 off 0.035293139268047224	false	0.0
strafbar	neg 1.0		__DUMMY__ 0.924956038386119 neg 0.04032901601698979 off 0.03471494559689119	false	1.0
erosion	neg 1.0		__DUMMY__ 0.9253206540570806 neg 0.03737118381045883 off 0.03730816213246054	false	1.0
eingehen	neg 1.0		__DUMMY__ 0.9239877340435363 neg 0.04116605717718793 off 0.03484620877927575	false	1.0
faul	off 1.0		__DUMMY__ 0.9224264642609105 off 0.04054154546837915 neg 0.03703199027071044	false	1.0
provisorium	neg 1.0		__DUMMY__ 0.9350023429872465 neg 0.03743108421326906 off 0.027566572799484428	false	1.0
schmerzen	neg 1.0		__DUMMY__ 0.9226635608688816 neg 0.041113818997874835 off 0.03622262013324353	false	1.0
schrumpfen	neg 1.0		__DUMMY__ 0.9278247487315133 neg 0.042170696375460816 off 0.030004554893025875	false	1.0
geistlos	off 1.0		__DUMMY__ 0.9186595291623834 neg 0.04115284027645436 off 0.04018763056116219	false	0.5
fehlkauf	neg 1.0		__DUMMY__ 0.9224345298846938 off 0.03896041458780366 neg 0.03860505552750267	false	0.5
frustrierend	neg 1.0		__DUMMY__ 0.9215959597639735 off 0.04075713933178929 neg 0.037646900904237245	false	0.5
unzufrieden	neg 1.0		__DUMMY__ 0.9229090687244802 neg 0.04106178565744261 off 0.036029145618077185	false	1.0
verzweifeln	neg 1.0		__DUMMY__ 0.923426709737475 neg 0.03967078751344877 off 0.03690250274907624	false	1.0
verzweifelt	neg 1.0	neg 1.0	neg 0.5076111182352875 __DUMMY__ 0.4571460304334553 off 0.03524285133125722	false	1.0
misstrauensantrag	neg 1.0		__DUMMY__ 0.9224373211967212 off 0.03904119438522885 neg 0.038521484418049985	false	0.5
abfallen	neg 1.0		__DUMMY__ 0.9248310010896877 off 0.03782122567647607 neg 0.037347773233836236	false	0.5
fucker	off 1.0		__DUMMY__ 0.9193667377462383 off 0.04395050531564067 neg 0.03668275693812093	false	1.0
ungezogen	neg 1.0		__DUMMY__ 0.9130956305745154 off 0.049775338544191354 neg 0.03712903088129328	false	0.5
irrsinnig	neg 1.0	neg 1.0	neg 0.5067080505203204 __DUMMY__ 0.4580696417218828 off 0.035222307757796764	false	1.0
unfassbar	neg 1.0		__DUMMY__ 0.9207648017270161 off 0.04244540922466184 neg 0.036789789048321954	false	0.5
hart	neg 1.0		__DUMMY__ 0.919878798274954 off 0.04190157402009248 neg 0.03821962770495351	false	0.5
widerlich	off 1.0		__DUMMY__ 0.918190840275421 off 0.043039487902815546 neg 0.03876967182176342	false	1.0
fatal	neg 1.0		__DUMMY__ 0.9219655734434815 off 0.039451266694811714 neg 0.0385831598617068	false	0.5
bruch	neg 1.0		__DUMMY__ 0.9267691254271854 neg 0.04078473081941708 off 0.03244614375339751	false	1.0
aushungern	neg 1.0		__DUMMY__ 0.9244052734483839 neg 0.03924897659896085 off 0.03634574995265533	false	1.0
anspannung	neg 1.0		__DUMMY__ 0.9308465121986318 neg 0.0391628286190274 off 0.029990659182340736	false	1.0
von			__DUMMY__ 0.9352971116099036 off 0.03249481702573135 neg 0.032208071364365105	false	0.0
kraftlos	neg 1.0		__DUMMY__ 0.925234372770685 neg 0.03921335079809702 off 0.03555227643121793	false	1.0
vom			__DUMMY__ 0.9354715916438935 neg 0.03671211831696854 off 0.02781629003913798	false	0.0
grenzdebil	off 1.0		__DUMMY__ 0.9207939044601314 off 0.042594218375237684 neg 0.036611877164630935	false	1.0
vor			__DUMMY__ 0.928345863524417 neg 0.03892068083531027 off 0.03273345564027278	false	0.0
unterwerfen	neg 1.0		__DUMMY__ 0.9245648533594557 neg 0.04056459505766465 off 0.03487055158287957	false	1.0
versenkung	neg 1.0		__DUMMY__ 0.9266512935663326 neg 0.038323884894402506 off 0.03502482153926491	false	1.0
entziehen	neg 1.0		__DUMMY__ 0.9268157504319334 neg 0.040683206445450155 off 0.032501043122616514	false	1.0
finanzkrise	neg 1.0		__DUMMY__ 0.9208811517311487 neg 0.042383469967246845 off 0.036735378301604546	false	1.0
schimpfend	neg 1.0		__DUMMY__ 0.922383137687473 neg 0.03889132968237139 off 0.038725532630155615	false	1.0
profan	neg 1.0		__DUMMY__ 0.9211694144871555 off 0.03973129244962874 neg 0.03909929306321581	false	0.5
korruption	neg 1.0		__DUMMY__ 0.9232849102296712 neg 0.0414040264186482 off 0.03531106335168061	false	1.0
â			__DUMMY__ 0.9266154248438061 neg 0.0383765331154754 off 0.0350080420407185	false	0.0
schmutzig	neg 1.0		__DUMMY__ 0.9206960266776915 off 0.04294949216816212 neg 0.036354481154146426	false	0.5
sexy	neg 1.0		__DUMMY__ 0.9224870834348237 off 0.04040837981024065 neg 0.03710453675493573	false	0.5
abraten	neg 1.0		__DUMMY__ 0.9235505242669036 off 0.03907355712195776 neg 0.0373759186111386	false	0.5
schwarz	neg 1.0		__DUMMY__ 0.9221394598353392 neg 0.039013667705979235 off 0.03884687245868159	false	1.0
fotze	off 1.0	off 1.0	off 0.5024497545092859 __DUMMY__ 0.4619319670714576 neg 0.03561827841925654	false	1.0
verwirren	neg 1.0		__DUMMY__ 0.9213785752765566 off 0.04016055883217552 neg 0.03846086589126788	false	0.5
zahnlos	off 1.0		__DUMMY__ 0.9229529232287391 neg 0.04037625094493955 off 0.03667082582632137	false	0.5
verheeren	neg 1.0		__DUMMY__ 0.912722211031669 off 0.05105994055174407 neg 0.036217848416586935	false	0.5
hippie	neg 1.0		__DUMMY__ 0.9223284826869435 off 0.040200010802185715 neg 0.03747150651087094	false	0.5
rammen	neg 1.0		__DUMMY__ 0.9189415195392935 neg 0.04276195989716814 off 0.038296520563538355	false	1.0
unlauter	neg 1.0		__DUMMY__ 0.9206067386018497 neg 0.040931482374860495 off 0.03846177902328979	false	1.0
unheilvoll	neg 1.0		__DUMMY__ 0.9222974706109162 neg 0.039051088966872524 off 0.03865144042221124	false	1.0
niedrig	neg 1.0		__DUMMY__ 0.9241312581940042 neg 0.042255995038171255 off 0.03361274676782463	false	1.0
explosion	neg 1.0		__DUMMY__ 0.9222587805988758 off 0.03969782612251935 neg 0.0380433932786049	false	0.5
weichei	off 1.0	off 1.0	off 0.512341927634362 __DUMMY__ 0.4529532543421381 neg 0.03470481802349988	false	1.0
minusmensch	off 1.0		__DUMMY__ 0.9098809874660273 off 0.04935330544714545 neg 0.040765707086827266	false	1.0
farblos	neg 1.0		__DUMMY__ 0.9244613317351545 neg 0.03887452656713772 off 0.03666414169770779	false	1.0
unwissend	neg 1.0	neg 1.0	neg 0.5052766879769786 __DUMMY__ 0.45678670556194984 off 0.03793660646107151	false	1.0
traurig	neg 1.0		__DUMMY__ 0.9198458991328785 off 0.04427612480741796 neg 0.035877976059703595	false	0.5
senkung	neg 1.0		__DUMMY__ 0.9197741956034057 neg 0.040628795594279926 off 0.039597008802314475	false	1.0
ungleich	neg 1.0	neg 1.0	neg 0.5076818670136156 __DUMMY__ 0.4613826455990625 off 0.03093548738732195	false	1.0
heikel	neg 1.0		__DUMMY__ 0.9245827894226967 neg 0.04115945832374543 off 0.03425775225355791	false	1.0
drosselung	neg 1.0		__DUMMY__ 0.9197229410730614 off 0.04234525896301607 neg 0.037931799963922555	false	0.5
falsch	neg 1.0		__DUMMY__ 0.9209774972527324 off 0.04087042126669032 neg 0.03815208148057732	false	0.5
unzufriedenheit	neg 1.0		__DUMMY__ 0.9258471622366846 neg 0.04105246445503007 off 0.03310037330828533	false	1.0
kurz	neg 1.0		__DUMMY__ 0.9271922245436 neg 0.036728422057697135 off 0.036079353398702864	false	1.0
unsinnig	neg 1.0		__DUMMY__ 0.9227389198022145 neg 0.04049132614956451 off 0.03676975404822106	false	1.0
penner	off 1.0	off 1.0	off 0.5135561702697671 __DUMMY__ 0.452255925183073 neg 0.03418790454716002	false	1.0
seicht	neg 1.0		__DUMMY__ 0.9129512706796005 off 0.0497187194842661 neg 0.03733000983613335	false	0.5
dummheit	off 1.0	off 1.0	off 0.5066932595349893 __DUMMY__ 0.4562380518580023 neg 0.03706868860700838	false	1.0
unerfreulich	neg 1.0		__DUMMY__ 0.926425645847509 neg 0.04013958667035665 off 0.03343476748213442	false	1.0
motherfucker	off 1.0	off 1.0	off 0.5096585907013329 __DUMMY__ 0.45605121033524504 neg 0.034290198963422176	false	1.0
pikiert	neg 1.0		__DUMMY__ 0.918309978465305 off 0.04242241693755862 neg 0.0392676045971363	false	0.5
wrack	neg 1.0		__DUMMY__ 0.9260675491269547 neg 0.03857140440228366 off 0.035361046470761756	false	1.0
gangster	neg 1.0		__DUMMY__ 0.9221352542144691 off 0.04019088386780203 neg 0.03767386191772885	false	0.5
krank	neg 1.0		__DUMMY__ 0.9214709039825483 off 0.04237744493500919 neg 0.036151651082442594	false	0.5
reich	neg 1.0		__DUMMY__ 0.9219687440069835 off 0.041547451433122426 neg 0.036483804559894084	false	0.5
gnadenlos	neg 1.0		__DUMMY__ 0.9211693023954268 neg 0.04011531327215284 off 0.03871538433242029	false	1.0
niedergeschlagen	neg 1.0		__DUMMY__ 0.9248893345131483 neg 0.03873874343325006 off 0.03637192205360169	false	1.0
terrorisieren	off 1.0	off 1.0	off 0.5016126269259442 __DUMMY__ 0.4620891220804368 neg 0.03629825099361903	false	1.0
sinnlosigkeit	neg 1.0		__DUMMY__ 0.92340001162188 neg 0.04043953781572697 off 0.036160450562393066	false	1.0
behindern	neg 1.0		__DUMMY__ 0.9239053862505919 neg 0.039349174603180756 off 0.03674543914622735	false	1.0
undemokratisch	neg 1.0		__DUMMY__ 0.9222168555273049 neg 0.039158130825848673 off 0.03862501364684644	false	1.0
wirtschaftskrise	neg 1.0		__DUMMY__ 0.9225286521100541 neg 0.04231277563996728 off 0.03515857224997863	false	1.0
neid	neg 1.0		__DUMMY__ 0.92409825888858 off 0.04045961502384758 neg 0.03544212608757249	false	0.5
rutschen	neg 1.0		__DUMMY__ 0.9319737101214038 neg 0.03760929966020777 off 0.03041699021838836	false	1.0
rezession	neg 1.0		__DUMMY__ 0.9126232720859468 off 0.04488493728214619 neg 0.04249179063190695	false	0.5
fehlgeburt	neg 1.0		__DUMMY__ 0.9246006174055659 off 0.03866547224682255 neg 0.03673391034761159	false	0.5
charakterschwach	off 1.0		__DUMMY__ 0.9183693649113301 off 0.04299696364236213 neg 0.03863367144630764	false	1.0
isolation	neg 1.0		__DUMMY__ 0.9219462168669664 off 0.040348641305012506 neg 0.03770514182802112	false	0.5
ablenkung	neg 1.0		__DUMMY__ 0.9247575835855278 neg 0.037665630290361664 off 0.03757678612411046	false	1.0
pech	neg 1.0		__DUMMY__ 0.9220870940975295 off 0.040108307693283676 neg 0.03780459820918666	false	0.5
vermeidung	neg 1.0		__DUMMY__ 0.9199433466790431 off 0.042473385424692936 neg 0.03758326789626401	false	0.5
dominieren	neg 1.0		__DUMMY__ 0.9247414765603573 neg 0.04078938333995588 off 0.0344691400996868	false	1.0
schwindlig	neg 1.0		__DUMMY__ 0.9240568614268209 off 0.03875959033921246 neg 0.037183548233966746	false	0.5
lutscher	neg 1.0	neg 1.0	neg 0.5036077034366014 __DUMMY__ 0.45111684066078794 off 0.04527545590261069	false	1.0
pflicht	neg 1.0		__DUMMY__ 0.9251962559601107 neg 0.04133358649780214 off 0.033470157542087264	false	1.0
faschist	off 1.0		__DUMMY__ 0.9214455204434795 off 0.04060532308395404 neg 0.037949156472566456	false	1.0
verschleudern	neg 1.0		__DUMMY__ 0.924481289904039 neg 0.04145065194992698 off 0.034068058146034086	false	1.0
wenn			__DUMMY__ 0.9207701463451691 off 0.041002761862356636 neg 0.03822709179247431	false	0.0
ehebruch	neg 1.0		__DUMMY__ 0.9243625960207666 neg 0.04034842528760983 off 0.035288978691623514	false	1.0
spott	off 1.0		__DUMMY__ 0.9237963155327084 neg 0.04123879114027351 off 0.03496489332701809	false	0.5
trostlosigkeit	neg 1.0		__DUMMY__ 0.9264342647811816 neg 0.040806827588211435 off 0.032758907630606966	false	1.0
lutschen	neg 1.0		__DUMMY__ 0.919453038570416 off 0.040602100865222916 neg 0.03994486056436106	false	0.5
undiszipliniert	neg 1.0		__DUMMY__ 0.919011244785826 off 0.04384273841595719 neg 0.03714601679821683	false	0.5
kopfschmerz	neg 1.0		__DUMMY__ 0.9225232725563368 neg 0.042031839356745725 off 0.03544488808691747	false	1.0
unvorhergesehen	neg 1.0		__DUMMY__ 0.9298525908520128 neg 0.03697483261166916 off 0.03317257653631805	false	1.0
desinteressiert	neg 1.0	neg 1.0	neg 0.504656427395393 __DUMMY__ 0.4557176580546078 off 0.03962591454999931	false	1.0
armselig	off 1.0		__DUMMY__ 0.9164859542055861 off 0.04468423693102918 neg 0.03882980886338477	false	1.0
desaster	neg 1.0		__DUMMY__ 0.9267528327281848 neg 0.041237229634887324 off 0.0320099376369279	false	1.0
tod	neg 1.0		__DUMMY__ 0.9269269324267279 neg 0.03823263456259424 off 0.034840433010677976	false	1.0
herzlos	neg 1.0		__DUMMY__ 0.9179071278755592 off 0.0444233532019437 neg 0.037669518922497126	false	0.5
unwissenheit	neg 1.0		__DUMMY__ 0.9231648552097479 neg 0.040915003482626174 off 0.03592014130762595	false	1.0
widersinnig	neg 1.0		__DUMMY__ 0.9212676919057039 neg 0.0425831043256375 off 0.03614920376865858	false	1.0
bedenklich	neg 1.0		__DUMMY__ 0.923704919465111 neg 0.04108138037582198 off 0.03521370015906708	false	1.0
beanstanden	neg 1.0		__DUMMY__ 0.9260096274896776 neg 0.040900681851358596 off 0.03308969065896375	false	1.0
panisch	neg 1.0	neg 1.0	neg 0.5029381254431661 __DUMMY__ 0.46150921542298146 off 0.03555265913385253	false	1.0
debil	off 1.0		__DUMMY__ 0.9313911429500443 neg 0.04042013225955755 off 0.028188724790398124	false	0.5
abstrich	neg 1.0		__DUMMY__ 0.92926152027252 off 0.03549889664678954 neg 0.03523958308069043	false	0.5
primitiv	neg 1.0		__DUMMY__ 0.9179867218565456 off 0.04323218743853541 neg 0.03878109070491899	false	0.5
abschaum	off 1.0	off 1.0	off 0.5084201159993864 __DUMMY__ 0.4562322026079045 neg 0.03534768139270911	false	1.0
provozieren	neg 1.0		__DUMMY__ 0.9203899544508447 neg 0.04100385082571937 off 0.03860619472343593	false	1.0
tot	neg 1.0		__DUMMY__ 0.9250450685242884 neg 0.03996306304809594 off 0.03499186842761573	false	1.0
instabil	neg 1.0		__DUMMY__ 0.9170475977219018 off 0.044040196674090516 neg 0.03891220560400776	false	0.5
schwuchtel	off 1.0	off 1.0	off 0.5181009526433542 __DUMMY__ 0.4471824628713721 neg 0.03471658448527367	false	1.0
zerren	neg 1.0		__DUMMY__ 0.924424454577951 neg 0.03950640020518895 off 0.03606914521686012	false	1.0
kinderficker	off 1.0		__DUMMY__ 0.917142498609869 off 0.04675607029284075 neg 0.03610143109729032	false	1.0
gefahr	neg 1.0		__DUMMY__ 0.9273518670589078 neg 0.03969234439194761 off 0.03295578854914463	false	1.0
rabiat	neg 1.0		__DUMMY__ 0.9232641765073718 neg 0.03890824890164118 off 0.03782757459098697	false	1.0
verlangsamung	neg 1.0		__DUMMY__ 0.9118817301535046 off 0.04815576333524633 neg 0.03996250651124915	false	0.5
ausgestorben	neg 1.0		__DUMMY__ 0.924214180076832 neg 0.03829774733410095 off 0.03748807258906701	false	1.0
anklagen	neg 1.0		__DUMMY__ 0.9240900053764499 neg 0.0405216251290711 off 0.03538836949447896	false	1.0
trott	neg 1.0		__DUMMY__ 0.9239169432026283 neg 0.03899705850615054 off 0.03708599829122118	false	1.0
verminderung	neg 1.0		__DUMMY__ 0.9195945053869613 off 0.042711673113349204 neg 0.03769382149968954	false	0.5
nach			__DUMMY__ 0.9330869360545515 neg 0.03729945298105082 off 0.02961361096439765	false	0.0
rost	neg 1.0		__DUMMY__ 0.9163859190984138 off 0.04677023365370857 neg 0.036843847247877634	false	0.5
destruktiv	neg 1.0		__DUMMY__ 0.9221573771799166 neg 0.040211515058560125 off 0.03763110776152318	false	1.0
unzumutbarkeit	neg 1.0		__DUMMY__ 0.9214927978271907 off 0.04180212558110919 neg 0.03670507659170011	false	0.5
labil	off 1.0	off 1.0	off 0.5078028140449778 __DUMMY__ 0.45706666655678385 neg 0.035130519398238226	false	1.0
ziemlich	neg 1.0		__DUMMY__ 0.9219079155271324 off 0.04221584839371445 neg 0.03587623607915322	false	0.5
lachnummer	off 1.0		__DUMMY__ 0.9212754364463743 neg 0.04035375975612533 off 0.03837080379750032	false	0.5
oder			__DUMMY__ 0.9244625303640013 off 0.03804784438928055 neg 0.03748962524671819	false	0.0
verfall	neg 1.0		__DUMMY__ 0.9286245324853986 neg 0.041398530609770993 off 0.029976936904830442	false	1.0
ausgrenzung	neg 1.0		__DUMMY__ 0.9218810847608713 off 0.03908935020672547 neg 0.03902956503240325	false	0.5
unordnung	neg 1.0		__DUMMY__ 0.9217614080643368 off 0.04369901847104085 neg 0.03453957346462229	false	0.5
fehlverhalten	neg 1.0		__DUMMY__ 0.9237247451845566 neg 0.042281786153092055 off 0.03399346866235135	false	1.0
eine			__DUMMY__ 0.9279969481525278 neg 0.03889304410488272 off 0.03311000774258944	false	0.0
nille	neg 1.0		__DUMMY__ 0.9243732823010227 neg 0.0383408720223149 off 0.037285845676662356	false	1.0
qual	neg 1.0		__DUMMY__ 0.9242443755601647 neg 0.03896091131280763 off 0.036794713127027714	false	1.0
verschwenden	neg 1.0		__DUMMY__ 0.9238929469975741 neg 0.04156715702356098 off 0.034539895978864865	false	1.0
riesig	neg 1.0		__DUMMY__ 0.9265884326160125 neg 0.038927892179212734 off 0.034483675204774834	false	1.0
verurteilen	neg 1.0		__DUMMY__ 0.9218727743236528 neg 0.04214795757947708 off 0.03597926809687024	false	1.0
klischee	neg 1.0	neg 1.0	neg 0.5063913146736657 __DUMMY__ 0.456457080047924 off 0.03715160527841038	false	1.0
diktatorisch	neg 1.0		__DUMMY__ 0.9215635342950478 neg 0.0396137026755688 off 0.03882276302938342	false	1.0
vorhersehbar	neg 1.0		__DUMMY__ 0.9195336660425499 off 0.040443656535424165 neg 0.040022677422025844	false	0.5
sowie			__DUMMY__ 0.9149527417272778 off 0.04612561557574122 neg 0.038921642696980986	false	0.0
stornieren	neg 1.0		__DUMMY__ 0.9274367743312395 off 0.03875866737057587 neg 0.03380455829818472	false	0.5
besteuerung	neg 1.0		__DUMMY__ 0.9198104816506375 neg 0.04225786152173027 off 0.03793165682763229	false	1.0
ungeschminkt	neg 1.0		__DUMMY__ 0.9163382626012971 off 0.04256955521980051 neg 0.041092182178902356	false	0.5
kritisch	neg 1.0		__DUMMY__ 0.9243022395772127 neg 0.04063605800368926 off 0.03506170241909806	false	1.0
schlamperei	off 1.0		__DUMMY__ 0.9264818435847453 neg 0.03959017718417121 off 0.03392797923108355	false	0.5
sucht	neg 1.0	neg 1.0	neg 0.5004985129609016 __DUMMY__ 0.46561753043747817 off 0.033883956601620205	false	1.0
egoistisch	off 1.0		__DUMMY__ 0.9154453392832895 off 0.04680526457170125 neg 0.0377493961450092	false	1.0
ausbeuter	off 1.0		__DUMMY__ 0.9229683139125423 neg 0.043038142260000765 off 0.03399354382745692	false	0.5
arschgeburt	off 1.0		__DUMMY__ 0.9076105713991003 off 0.05323185758187091 neg 0.039157571019028885	false	1.0
schubs	neg 1.0		__DUMMY__ 0.9257000154292623 neg 0.038830406953838104 off 0.03546957761689957	false	1.0
unsolide	neg 1.0		__DUMMY__ 0.9200093125324004 neg 0.04073832916143612 off 0.039252358306163505	false	1.0
beschwerde	neg 1.0		__DUMMY__ 0.9240371750682983 neg 0.041404674161654546 off 0.03455815077004714	false	1.0
stocken	neg 1.0		__DUMMY__ 0.9255552089292534 neg 0.040315763363573724 off 0.034129027707172827	false	1.0
isolieren	neg 1.0		__DUMMY__ 0.9243740835361395 neg 0.04028827388422187 off 0.03533764257963875	false	1.0
unheilbar	neg 1.0		__DUMMY__ 0.9231314586216488 neg 0.0388398979213053 off 0.038028643457045846	false	1.0
pisser	off 1.0		__DUMMY__ 0.9161041686639326 off 0.044239655111373254 neg 0.03965617622469422	false	1.0
löschen	neg 1.0		__DUMMY__ 0.9237665612621695 neg 0.03881033546145715 off 0.03742310327637344	false	1.0
durchfallen	neg 1.0		__DUMMY__ 0.9227973182707748 neg 0.04168809710318661 off 0.035514584626038626	false	1.0
wichser	off 1.0	off 1.0	off 0.5158773874036063 __DUMMY__ 0.45057553020359487 neg 0.03354708239279884	false	1.0
terror	neg 1.0		__DUMMY__ 0.9228155155749559 off 0.03971304625209919 neg 0.03747143817294495	false	0.5
krass	neg 1.0		__DUMMY__ 0.9179661489657361 off 0.044626527275477036 neg 0.037407323758786866	false	0.5
revolte	neg 1.0		__DUMMY__ 0.9216821202495766 off 0.03938532666616535 neg 0.038932553084258074	false	0.5
besorgt	neg 1.0		__DUMMY__ 0.9278540151638885 neg 0.036105311429078656 off 0.03604067340703285	false	1.0
nachlassen	neg 1.0		__DUMMY__ 0.9268107090965658 neg 0.03952490303059492 off 0.033664387872839284	false	1.0
alt	neg 1.0		__DUMMY__ 0.9240259680108172 neg 0.04098612545239681 off 0.03498790653678596	false	1.0
hundesohn	off 1.0		__DUMMY__ 0.9116550173941914 off 0.050425269309282705 neg 0.0379197132965258	false	1.0
als			__DUMMY__ 0.9253553185708865 neg 0.038671717617618576 off 0.03597296381149499	false	0.0
abschreckung	neg 1.0		__DUMMY__ 0.925867212958669 neg 0.04114996025460159 off 0.0329828267867293	false	1.0
unqualifiziert	neg 1.0		__DUMMY__ 0.9190175230495925 off 0.04120515886993118 neg 0.039777318080476264	false	0.5
abgewichst	off 1.0		__DUMMY__ 0.9254815273987174 neg 0.03793887287819231 off 0.036579599723090384	false	0.5
schwer	neg 1.0		__DUMMY__ 0.922932267280449 neg 0.03980091708001758 off 0.03726681563953346	false	1.0
bedeutungslosigkeit	neg 1.0		__DUMMY__ 0.9251994930091605 neg 0.040984103050218615 off 0.03381640394062083	false	1.0
kapitulation	neg 1.0		__DUMMY__ 0.9250116102755863 neg 0.04018727685625902 off 0.03480111286815464	false	1.0
unscharf	neg 1.0		__DUMMY__ 0.9209820385273736 neg 0.04002599510553056 off 0.03899196636709588	false	1.0
schwinden	neg 1.0		__DUMMY__ 0.9251693162160801 neg 0.041361747272924215 off 0.03346893651099567	false	1.0
versklavung	neg 1.0		__DUMMY__ 0.9223027977052861 neg 0.039339225226299415 off 0.038357977068414456	false	1.0
schlecht	neg 1.0		__DUMMY__ 0.921555610323214 off 0.042437150128154064 neg 0.036007239548631956	false	0.5
verhasst	neg 1.0		__DUMMY__ 0.9191425095762268 neg 0.04176281191040377 off 0.03909467851336947	false	1.0
beschweren	neg 1.0		__DUMMY__ 0.9222663691406836 off 0.03930407364695766 neg 0.038429557212358675	false	0.5
scheiden	neg 1.0		__DUMMY__ 0.9259556929621838 neg 0.03706370561743989 off 0.03698060142037639	false	1.0
frustriert	neg 1.0		__DUMMY__ 0.9227014384345232 neg 0.04064475709387479 off 0.036653804471601915	false	1.0
schimmelig	neg 1.0		__DUMMY__ 0.9215255163253594 neg 0.04373637398432744 off 0.03473810969031313	false	1.0
fisch	neg 1.0		__DUMMY__ 0.9248544791204499 neg 0.042873312405130495 off 0.03227220847441967	false	1.0
schmuggel	neg 1.0		__DUMMY__ 0.9255499286325084 neg 0.04043320046391593 off 0.034016870903575684	false	1.0
auffallen	neg 1.0		__DUMMY__ 0.9220320221668628 off 0.0398804339399246 neg 0.0380875438932126	false	0.5
konkurrenz	neg 1.0		__DUMMY__ 0.9259649728373048 neg 0.04132024043651267 off 0.03271478672618241	false	1.0
teufelskreis	neg 1.0	neg 1.0	neg 0.5079576535052348 __DUMMY__ 0.45785748877295457 off 0.03418485772181052	false	1.0
aufschreien	neg 1.0		__DUMMY__ 0.9203366403046483 off 0.04002799300008324 neg 0.039635366695268466	false	0.5
schuldner	neg 1.0		__DUMMY__ 0.9234422849849571 neg 0.04326999491725621 off 0.03328772009778672	false	1.0
missgeburt	off 1.0	off 1.0	off 0.5130623618340644 __DUMMY__ 0.4511135186858642 neg 0.03582411948007142	false	1.0
arbeitslos	neg 1.0		__DUMMY__ 0.9228249785621272 neg 0.04128635449021785 off 0.0358886669476549	false	1.0
befallen	neg 1.0		__DUMMY__ 0.92136251869735 neg 0.04218090303538318 off 0.03645657826726676	false	1.0
miesepetrig	off 1.0	off 1.0	off 0.5078728011381701 __DUMMY__ 0.4581720638031139 neg 0.03395513505871608	false	1.0
alarmieren	neg 1.0		__DUMMY__ 0.9188550480046624 off 0.04146770110462521 neg 0.03967725089071239	false	0.5
ungeduscht	off 1.0		__DUMMY__ 0.9193415176549397 off 0.040492618506549415 neg 0.04016586383851095	false	1.0
knappheit	neg 1.0		__DUMMY__ 0.9216650623459044 neg 0.04301657651892046 off 0.035318361135175204	false	1.0
schlange	neg 1.0		__DUMMY__ 0.9256263056337054 off 0.03856685809348783 neg 0.035806836272806855	false	0.5
harsch	neg 1.0		__DUMMY__ 0.9192637274585718 off 0.0456181014026869 neg 0.035118171138741335	false	0.5
lang	neg 1.0		__DUMMY__ 0.9237052298461824 neg 0.03817966669239179 off 0.038115103461425735	false	1.0
ziellos	neg 1.0		__DUMMY__ 0.9264749914006605 neg 0.038545491660062964 off 0.03497951693927655	false	1.0
selbstverliebt	neg 1.0		__DUMMY__ 0.910915771259432 off 0.051118339076027856 neg 0.0379658896645401	false	0.5
beseitigen	neg 1.0		__DUMMY__ 0.9245498281065313 neg 0.03921819040739444 off 0.03623198148607431	false	1.0
dumm	off 1.0		__DUMMY__ 0.9160232191205753 off 0.04721188882725275 neg 0.036764892052172045	false	1.0
arbeitsloser	neg 1.0		__DUMMY__ 0.9257546105488963 neg 0.038339893492670175 off 0.03590549595843354	false	1.0
blitzen	neg 1.0		__DUMMY__ 0.9225486936120102 off 0.04012121860377741 neg 0.03733008778421239	false	0.5
hilflos	neg 1.0		__DUMMY__ 0.9230916498782265 neg 0.040710767213903015 off 0.036197582907870576	false	1.0
eklig	off 1.0		__DUMMY__ 0.9130816013604699 off 0.04770798732228497 neg 0.03921041131724509	false	1.0
begriff			__DUMMY__ 0.9238207015087665 neg 0.03898664031595894 off 0.03719265817527458	false	0.0
hungersnot	neg 1.0		__DUMMY__ 0.9242361458214337 neg 0.04014732897654319 off 0.03561652520202308	false	1.0
ungesetzlich	neg 1.0		__DUMMY__ 0.9199328379082159 neg 0.04128633041386508 off 0.038780831677919035	false	1.0
verschwendung	neg 1.0		__DUMMY__ 0.9250277449264366 neg 0.04073343735441497 off 0.03423881771914847	false	1.0
schmerzvoll	neg 1.0		__DUMMY__ 0.9217881385651017 neg 0.03923210299091116 off 0.03897975844398725	false	1.0
vorzeitig	neg 1.0		__DUMMY__ 0.920843831890836 off 0.03972559434639939 neg 0.03943057376276466	false	0.5
unvollkommenheit	neg 1.0		__DUMMY__ 0.9286429233624106 neg 0.0364683533169252 off 0.03488872332066426	false	1.0
intervenieren	neg 1.0		__DUMMY__ 0.924186810997981 neg 0.041521930362789096 off 0.03429125863923002	false	1.0
banause	off 1.0		__DUMMY__ 0.9105026034097675 off 0.049840674851093565 neg 0.039656721739138895	false	1.0
rebell	neg 1.0		__DUMMY__ 0.9276460602660804 neg 0.041557255522807875 off 0.030796684211111675	false	1.0
unlogisch	neg 1.0		__DUMMY__ 0.9174621342304793 off 0.044318010411579026 neg 0.038219855357941694	false	0.5
leiden	neg 1.0		__DUMMY__ 0.9283846965119565 neg 0.03881498829439137 off 0.032800315193652126	false	1.0
abschaffung	neg 1.0		__DUMMY__ 0.9231631852566853 neg 0.03898112329780479 off 0.037855691445509945	false	1.0
sturz	neg 1.0		__DUMMY__ 0.9247594935123662 neg 0.0377046598564053 off 0.03753584663122851	false	1.0
verkleinerung	neg 1.0		__DUMMY__ 0.9195542077059902 neg 0.040292296593270965 off 0.040153495700738964	false	1.0
schmarotzer	off 1.0		__DUMMY__ 0.9219037738194031 neg 0.04152175378325957 off 0.03657447239733733	false	0.5
bestrafung	neg 1.0		__DUMMY__ 0.9224538300015309 neg 0.038998362175435605 off 0.038547807823033506	false	1.0
achtlos	neg 1.0	neg 1.0	neg 0.5055076016715883 __DUMMY__ 0.46083232352981335 off 0.0336600747985985	false	1.0
ungeheuer	neg 1.0		__DUMMY__ 0.9227568034441607 off 0.03934496952502151 neg 0.03789822703081775	false	0.5
