unsolidarisch	neg 1.0		__DUMMY__ 0.8730333915492435 neg 0.06620263399051195 off 0.06076397446024447	false	1.0
nachteilig	neg 1.0		__DUMMY__ 0.8786241167111165 neg 0.06491042266158922 off 0.05646546062729433	false	1.0
skeptisch	neg 1.0		__DUMMY__ 0.8789858214174321 neg 0.06494566236407681 off 0.05606851621849107	false	1.0
schrecklich	neg 1.0		__DUMMY__ 0.8709236131416654 off 0.06959619035308634 neg 0.05948019650524817	false	0.5
schlapp	neg 1.0		__DUMMY__ 0.8739623318765416 off 0.06550670744085978 neg 0.060530960682598604	false	0.5
abfall	neg 1.0		__DUMMY__ 0.8822218622486924 neg 0.06521249204926971 off 0.05256564570203788	false	1.0
widerspenstig	neg 1.0		__DUMMY__ 0.8767127227498015 neg 0.06269740615475818 off 0.06058987109544038	false	1.0
abrupt	neg 1.0		__DUMMY__ 0.88008350178169 neg 0.06361054953680048 off 0.05630594868150947	false	1.0
unwirksam	neg 1.0		__DUMMY__ 0.8724095024819661 neg 0.06720253098430495 off 0.06038796653372895	false	1.0
angreifen	neg 1.0		__DUMMY__ 0.8772595692108683 neg 0.06667861297365778 off 0.05606181781547377	false	1.0
inkonsistent	neg 1.0		__DUMMY__ 0.8731790572994489 neg 0.065640292481873 off 0.061180650218678065	false	1.0
abrutschen	neg 1.0		__DUMMY__ 0.8802796771093993 neg 0.06662887715489733 off 0.053091445735703416	false	1.0
unsicher	neg 1.0		__DUMMY__ 0.8782012269955161 neg 0.06120427914639915 off 0.060594493858084825	false	1.0
bauernkind	off 1.0	off 1.0	off 0.5231801029632727 __DUMMY__ 0.42458456280365703 neg 0.052235334233070314	false	1.0
angreifer	neg 1.0	neg 1.0	neg 0.5163740865327259 __DUMMY__ 0.4363936867450262 off 0.047232226722247896	false	1.0
trennen	neg 1.0		__DUMMY__ 0.8811654253691739 neg 0.06335787386452785 off 0.05547670076629832	false	1.0
schmutz	neg 1.0		__DUMMY__ 0.878678231185955 off 0.061702972380865674 neg 0.05961879643317937	false	0.5
inkonsistenz	neg 1.0		__DUMMY__ 0.8684178533219773 off 0.06602628794632565 neg 0.06555585873169695	false	0.5
erschreckend	neg 1.0		__DUMMY__ 0.8755719746947473 neg 0.06432074925552984 off 0.060107276049722776	false	1.0
ertrinken	neg 1.0		__DUMMY__ 0.8776833199341231 neg 0.0660650515801958 off 0.0562516284856811	false	1.0
pickelface	off 1.0		__DUMMY__ 0.8772661420907255 neg 0.0630669294532244 off 0.05966692845605004	false	0.5
seiner			__DUMMY__ 0.8790463659337321 neg 0.06464146105607248 off 0.05631217301019549	false	0.0
lauch	neg 1.0		__DUMMY__ 0.88152119426654 neg 0.06522465168892264 off 0.05325415404453731	false	1.0
unwichtig	neg 1.0		__DUMMY__ 0.871816746969903 off 0.06551416795296705 neg 0.06266908507712994	false	0.5
steuerhinterziehung	neg 1.0	neg 1.0	neg 0.519815935782426 __DUMMY__ 0.43600967585370004 off 0.044174388363873766	false	1.0
schock	neg 1.0		__DUMMY__ 0.8769190156514208 neg 0.0633781981732652 off 0.059702786175313896	false	1.0
beule	neg 1.0		__DUMMY__ 0.8714063681284776 off 0.06637691005462647 neg 0.06221672181689598	false	0.5
vergelten	neg 1.0		__DUMMY__ 0.8745065226364569 off 0.06851241861626757 neg 0.0569810587472755	false	0.5
verdorbenheit	neg 1.0		__DUMMY__ 0.8802107264830407 off 0.06079640432443729 neg 0.05899286919252205	false	0.5
trauma	neg 1.0		__DUMMY__ 0.8756017280494297 neg 0.06287996129521287 off 0.06151831065535745	false	1.0
sinnlos	neg 1.0		__DUMMY__ 0.8749831562843658 off 0.06284540295192487 neg 0.0621714407637093	false	0.5
fettsack	off 1.0	off 1.0	off 0.5240624601070014 __DUMMY__ 0.42632042003028053 neg 0.04961711986271802	false	1.0
feige	off 1.0	off 1.0	off 0.5200877725592727 __DUMMY__ 0.43079346226602994 neg 0.04911876517469731	false	1.0
abdanken	neg 1.0		__DUMMY__ 0.8757406472587665 neg 0.06400914657056762 off 0.06025020617066582	false	1.0
wichtigtuer	off 1.0	off 1.0	off 0.5182574302353293 __DUMMY__ 0.4332514165568333 neg 0.04849115320783738	false	1.0
misslingen	neg 1.0		__DUMMY__ 0.883746544933793 off 0.06072300078367054 neg 0.055530454282536494	false	0.5
untreu	off 1.0		__DUMMY__ 0.8720426966672089 off 0.0659068274727274 neg 0.06205047586006372	false	1.0
missmutig	neg 1.0		__DUMMY__ 0.873839322982751 off 0.06513336394918569 neg 0.06102731306806332	false	0.5
hurenbock	off 1.0		__DUMMY__ 0.8764324179779158 off 0.062128829044212124 neg 0.06143875297787199	false	1.0
betrunken	neg 1.0		__DUMMY__ 0.8724362013340937 off 0.06722314647894365 neg 0.06034065218696259	false	0.5
korrupt	off 1.0		__DUMMY__ 0.8735916136374127 neg 0.06782242797933453 off 0.058585958383252895	false	0.5
unmut	neg 1.0		__DUMMY__ 0.8813300156710314 neg 0.06539752143847352 off 0.053272462890495156	false	1.0
hackfresse	off 1.0		__DUMMY__ 0.866942364946255 off 0.07304342795792092 neg 0.0600142070958241	false	1.0
aufblasen	neg 1.0		__DUMMY__ 0.8759453751008862 off 0.06225679078160456 neg 0.06179783411750924	false	0.5
gewaltsam	neg 1.0		__DUMMY__ 0.8774620056250466 neg 0.06341377003371897 off 0.05912422434123446	false	1.0
unbeliebtheit	neg 1.0		__DUMMY__ 0.8698947726204349 neg 0.06547875168478887 off 0.06462647569477613	false	1.0
sturheit	neg 1.0		__DUMMY__ 0.8751642427624738 neg 0.06525684177647084 off 0.0595789154610554	false	1.0
kuh	neg 1.0		__DUMMY__ 0.8695392932146079 neg 0.06776190761125593 off 0.06269879917413619	false	1.0
erschrecken	neg 1.0		__DUMMY__ 0.8745643180563079 off 0.06486818615867793 neg 0.06056749578501428	false	0.5
opfer	neg 1.0		__DUMMY__ 0.8782359371091318 neg 0.06435623608994163 off 0.05740782680092655	false	1.0
sinken	neg 1.0		__DUMMY__ 0.8807416464823968 neg 0.0656185763383654 off 0.05363977717923776	false	1.0
stinktier	neg 1.0		__DUMMY__ 0.862434630265027 off 0.07031975584558431 neg 0.06724561388938877	false	0.5
tucke	off 1.0		__DUMMY__ 0.8634360327612577 off 0.07400745880645017 neg 0.06255650843229217	false	1.0
ein			__DUMMY__ 0.8759091625062643 neg 0.0626556416511478 off 0.06143519584258797	false	0.0
abstieg	neg 1.0		__DUMMY__ 0.8781208611010967 neg 0.06559818678750344 off 0.056280952111399926	false	1.0
missverstehen	neg 1.0		__DUMMY__ 0.8722515303550233 neg 0.06397212734778243 off 0.0637763422971942	false	1.0
ergebnislos	neg 1.0		__DUMMY__ 0.8801145519483621 neg 0.06383557697984008 off 0.05604987107179779	false	1.0
unter			__DUMMY__ 0.8875912023753 neg 0.06409313879863154 off 0.04831565882606848	false	0.0
manipulieren	neg 1.0		__DUMMY__ 0.879581719200389 neg 0.06474792033888757 off 0.055670360460723385	false	1.0
unbewiesen	neg 1.0		__DUMMY__ 0.8720834882205383 neg 0.06715268512598216 off 0.06076382665347947	false	1.0
verschleppen	neg 1.0		__DUMMY__ 0.8766721529548837 neg 0.06559403644005643 off 0.05773381060505995	false	1.0
weib	off 1.0		__DUMMY__ 0.8612997964811971 off 0.07379445608505938 neg 0.06490574743374343	false	1.0
opposition	neg 1.0		__DUMMY__ 0.8735977622203083 neg 0.06443558846867321 off 0.06196664931101848	false	1.0
verkehrswidrig	neg 1.0		__DUMMY__ 0.8753930807981471 off 0.06910496378895793 neg 0.05550195541289484	false	0.5
inkorrekt	neg 1.0		__DUMMY__ 0.8682696474388774 off 0.06925287508907876 neg 0.062477477472043866	false	0.5
vermeiden	neg 1.0	neg 1.0	neg 0.5181895470752498 __DUMMY__ 0.44281565903060477 off 0.038994793894145376	false	1.0
abweichung	neg 1.0		__DUMMY__ 0.8788565258349732 neg 0.06396096754551829 off 0.057182506619508446	false	1.0
alkoholisiert	neg 1.0		__DUMMY__ 0.8818155345816058 neg 0.06246609732797233 off 0.05571836809042194	false	1.0
scheiss	off 1.0	off 1.0	off 0.5199217364956352 __DUMMY__ 0.4326937458588569 neg 0.04738451764550778	false	1.0
herausforderung	neg 1.0		__DUMMY__ 0.8803225172791254 neg 0.06386693704732775 off 0.055810545673546805	false	1.0
pervers	off 1.0		__DUMMY__ 0.8633449838922563 off 0.07640307951066705 neg 0.060251936597076665	false	1.0
wackelig	neg 1.0		__DUMMY__ 0.8817877024883308 neg 0.05979704228397817 off 0.05841525522769096	false	1.0
verwickeln	neg 1.0		__DUMMY__ 0.872542521813021 neg 0.06419180253787532 off 0.06326567564910368	false	1.0
vorwand	neg 1.0		__DUMMY__ 0.878743527263872 neg 0.06566916024548028 off 0.05558731249064789	false	1.0
muschi	off 1.0		__DUMMY__ 0.8770431455931831 neg 0.06309535546831428 off 0.05986149893850265	false	0.5
entmutigung	neg 1.0		__DUMMY__ 0.8742676681570094 neg 0.06375258748846062 off 0.06197974435452988	false	1.0
unangemessen	neg 1.0		__DUMMY__ 0.8745607167755394 neg 0.0660761396309765 off 0.059363143593484144	false	1.0
unstetig	neg 1.0		__DUMMY__ 0.876003469075273 off 0.06290366439301917 neg 0.06109286653170775	false	0.5
entmutigen	neg 1.0		__DUMMY__ 0.8755364497282212 neg 0.0629025237563379 off 0.061561026515440834	false	1.0
schwanz	neg 1.0		__DUMMY__ 0.8784386131712902 neg 0.06433317850099345 off 0.05722820832771621	false	1.0
verbot	neg 1.0		__DUMMY__ 0.8764433493707152 neg 0.06540941485580526 off 0.058147235773479626	false	1.0
leid	neg 1.0		__DUMMY__ 0.867981321877979 off 0.07112901182601336 neg 0.06088966629600754	false	0.5
archaisch	neg 1.0		__DUMMY__ 0.8762195076210977 neg 0.06436403128648362 off 0.05941646109241876	false	1.0
gegen			__DUMMY__ 0.881120662664503 neg 0.06485229517857245 off 0.054027042156924596	false	0.0
scheidung	neg 1.0		__DUMMY__ 0.8651227342836578 off 0.08062553166898591 neg 0.054251734047356226	false	0.5
einschlag	neg 1.0		__DUMMY__ 0.8711136862457434 off 0.06833922144117668 neg 0.06054709231307997	false	0.5
m			__DUMMY__ 0.8791108808220403 neg 0.06264392641074885 off 0.05824519276721094	false	0.0
abgestanden	neg 1.0		__DUMMY__ 0.8746384881563012 neg 0.0647416413102697 off 0.060619870533429	false	1.0
schmierig	off 1.0		__DUMMY__ 0.8695860760866582 off 0.07037571719547933 neg 0.0600382067178624	false	1.0
unpraktisch	neg 1.0		__DUMMY__ 0.8761069363273281 neg 0.06201669162885938 off 0.06187637204381255	false	1.0
wixxer	off 1.0		__DUMMY__ 0.8611226581767609 off 0.07662246279162713 neg 0.06225487903161201	false	1.0
bezeichnet			__DUMMY__ 0.8732252605691019 neg 0.06583505852632282 off 0.06093968090457525	false	0.0
jammerlappen	off 1.0		__DUMMY__ 0.873912407744298 off 0.06550588957872544 neg 0.060581702676976545	false	1.0
farce	neg 1.0		__DUMMY__ 0.8746241776989007 neg 0.06631770783341108 off 0.05905811446768829	false	1.0
zwecklos	neg 1.0		__DUMMY__ 0.8752901426525148 neg 0.06574434035137464 off 0.058965516996110495	false	1.0
turbulent	neg 1.0		__DUMMY__ 0.8690641648231483 off 0.06671098384706273 neg 0.064224851329789	false	0.5
invasion	neg 1.0		__DUMMY__ 0.8747480221592971 neg 0.06268305957543448 off 0.06256891826526824	false	1.0
schuld	neg 1.0		__DUMMY__ 0.8735496913132564 neg 0.06454941970722883 off 0.061900888979514825	false	1.0
risiko	neg 1.0	neg 1.0	neg 0.5157638506823579 __DUMMY__ 0.4376183585637391 off 0.04661779075390305	false	1.0
finster	neg 1.0		__DUMMY__ 0.873719011142851 neg 0.06475949270245929 off 0.06152149615468979	false	1.0
geisteskrank	off 1.0		__DUMMY__ 0.8684320720971652 off 0.06740794966148592 neg 0.06415997824134892	false	1.0
zusammenbrechen	neg 1.0		__DUMMY__ 0.8772296620434773 neg 0.06379525163075353 off 0.05897508632576907	false	1.0
ausbeute	neg 1.0		__DUMMY__ 0.8875434605902309 off 0.0567677727165005 neg 0.055688766693268506	false	0.5
hinterhalt	neg 1.0		__DUMMY__ 0.8828167770614944 neg 0.05861084790913728 off 0.058572375029368254	false	1.0
kritik	neg 1.0		__DUMMY__ 0.8742956615709943 neg 0.06680295693027147 off 0.05890138149873418	false	1.0
einschrumpfen	neg 1.0		__DUMMY__ 0.8718604124626482 off 0.06459000522535349 neg 0.06354958231199828	false	0.5
riskant	neg 1.0		__DUMMY__ 0.8772691744419804 neg 0.06609511159996176 off 0.05663571395805793	false	1.0
frustrieren	neg 1.0		__DUMMY__ 0.8774867050428113 neg 0.06502666703464058 off 0.057486627922548	false	1.0
groll	neg 1.0		__DUMMY__ 0.8753711704177535 neg 0.06612019456447032 off 0.058508635017776305	false	1.0
gibt			__DUMMY__ 0.8779285015854235 neg 0.06294757140598324 off 0.059123927008593195	false	0.0
qualvoll	neg 1.0		__DUMMY__ 0.8743567798770874 off 0.06355070903928768 neg 0.06209251108362494	false	0.5
wackeln	neg 1.0		__DUMMY__ 0.8777003839305012 off 0.061357787389079016 neg 0.06094182868041974	false	0.5
klagen	neg 1.0		__DUMMY__ 0.8798548483355271 neg 0.06615138940444905 off 0.0539937622600239	false	1.0
bankrott	neg 1.0		__DUMMY__ 0.8753729585226636 off 0.06462536843258622 neg 0.060001673044750084	false	0.5
trauern	neg 1.0		__DUMMY__ 0.8799111409231561 neg 0.06324411934524063 off 0.05684473973160321	false	1.0
ablehnung	neg 1.0		__DUMMY__ 0.8752313501477248 neg 0.06607837168839815 off 0.0586902781638771	false	1.0
stur	neg 1.0		__DUMMY__ 0.8739475699542126 neg 0.06400519200174339 off 0.06204723804404393	false	1.0
aufruhr	neg 1.0		__DUMMY__ 0.8763254815274006 neg 0.06404173973030491 off 0.05963277874229446	false	1.0
melancholie	neg 1.0		__DUMMY__ 0.8778121814565024 neg 0.06493565970664829 off 0.057252158836849316	false	1.0
ist			__DUMMY__ 0.8752220648845188 off 0.0625971110929485 neg 0.06218082402253271	false	0.0
torheit	neg 1.0		__DUMMY__ 0.8755163392281038 neg 0.06339489256386055 off 0.061088768208035694	false	1.0
dreckskind	off 1.0		__DUMMY__ 0.8639819772952082 off 0.07216698270756237 neg 0.06385103999722949	false	1.0
umtauschen	neg 1.0		__DUMMY__ 0.8775474716323295 neg 0.06255366004162363 off 0.0598988683260469	false	1.0
zum			__DUMMY__ 0.88762433070226 neg 0.06102174051738113 off 0.0513539287803589	false	0.0
zersetzen	neg 1.0		__DUMMY__ 0.8771767460381872 neg 0.06698612997186275 off 0.05583712398995008	false	1.0
zur			__DUMMY__ 0.885510445334996 neg 0.06348221070354056 off 0.05100734396146336	false	0.0
frust	neg 1.0		__DUMMY__ 0.8774014482329682 neg 0.06359195687849736 off 0.05900659488853444	false	1.0
unerbittlichkeit	neg 1.0		__DUMMY__ 0.8781899905876686 neg 0.06604091919434417 off 0.055769090217987344	false	1.0
zwei			__DUMMY__ 0.8863722909721702 neg 0.06120418290775968 off 0.05242352612007019	false	0.0
unkorrekt	neg 1.0		__DUMMY__ 0.8710834121932235 off 0.06869314571611237 neg 0.06022344209066415	false	0.5
hexe	off 1.0		__DUMMY__ 0.8679018497898907 neg 0.06669290081184602 off 0.06540524939826321	false	0.5
lasch	neg 1.0		__DUMMY__ 0.8712148350961916 off 0.06468721799098472 neg 0.0640979469128237	false	0.5
rivale	neg 1.0		__DUMMY__ 0.8705287013823453 off 0.06756643664486424 neg 0.06190486197279051	false	0.5
mutlos	off 1.0	off 1.0	off 0.5131692394885778 __DUMMY__ 0.4361580175008431 neg 0.05067274301057913	false	1.0
wirr	off 1.0		__DUMMY__ 0.8675940222537235 off 0.069412268884418 neg 0.06299370886185854	false	1.0
jahr			__DUMMY__ 0.8884962225891728 neg 0.056715226693270816 off 0.05478855071755629	false	0.0
wird			__DUMMY__ 0.8776953631318238 neg 0.06439685979815013 off 0.057907777070025986	false	0.0
strafbar	neg 1.0		__DUMMY__ 0.8780107531095014 neg 0.06485185921477692 off 0.05713738767572163	false	1.0
erosion	neg 1.0		__DUMMY__ 0.8783576445945191 neg 0.061139248187330714 off 0.060503107218150096	false	1.0
eingehen	neg 1.0		__DUMMY__ 0.8769618371085509 neg 0.06575049574931352 off 0.05728766714213562	false	1.0
faul	off 1.0		__DUMMY__ 0.8748980411107399 off 0.06448539233942727 neg 0.06061656654983288	false	1.0
provisorium	neg 1.0		__DUMMY__ 0.8896346941172291 neg 0.06156711320289444 off 0.04879819267987651	false	1.0
schmerzen	neg 1.0		__DUMMY__ 0.8752454174518641 neg 0.0655342718075782 off 0.05922031074055765	false	1.0
schrumpfen	neg 1.0		__DUMMY__ 0.8813781852093518 neg 0.06716633949949162 off 0.05145547529115658	false	1.0
geistlos	off 1.0		__DUMMY__ 0.8707245922658319 neg 0.06560622613245871 off 0.06366918160170947	false	0.5
fehlkauf	neg 1.0		__DUMMY__ 0.8749977388830604 neg 0.06260232328662108 off 0.062399937830318455	false	1.0
frustrierend	neg 1.0		__DUMMY__ 0.8740920323381076 off 0.0645534683812111 neg 0.0613544992806812	false	0.5
unzufrieden	neg 1.0		__DUMMY__ 0.8757196391298576 neg 0.06558453771663855 off 0.05869582315350378	false	1.0
verzweifeln	neg 1.0		__DUMMY__ 0.8762807361113875 neg 0.0638910996795415 off 0.059828164209071014	false	1.0
verzweifelt	neg 1.0	neg 1.0	neg 0.5198469244294056 __DUMMY__ 0.43316546738822176 off 0.04698760818237259	false	1.0
misstrauensantrag	neg 1.0		__DUMMY__ 0.8750110012266377 off 0.06256019211584707 neg 0.06242880665751519	false	0.5
abfallen	neg 1.0		__DUMMY__ 0.8777375640234416 off 0.06118085983875064 neg 0.06108157613780777	false	0.5
fucker	off 1.0		__DUMMY__ 0.8714929321677705 off 0.0683815523544723 neg 0.06012551547775735	false	1.0
ungezogen	neg 1.0		__DUMMY__ 0.864099331248965 off 0.07548494557025438 neg 0.06041572318078075	false	0.5
irrsinnig	neg 1.0	neg 1.0	neg 0.5189743743150682 __DUMMY__ 0.4340443905070037 off 0.04698123517792795	false	1.0
unfassbar	neg 1.0		__DUMMY__ 0.8730958606024367 off 0.0666227651579632 neg 0.06028137423960013	false	0.5
hart	neg 1.0		__DUMMY__ 0.871996034436919 off 0.06598563194971294 neg 0.062018333613368004	false	0.5
widerlich	off 1.0		__DUMMY__ 0.8700776503123518 off 0.06729161782097585 neg 0.06263073186667217	false	1.0
fatal	neg 1.0		__DUMMY__ 0.8744994421176829 off 0.06296699028669474 neg 0.06253356759562241	false	0.5
bruch	neg 1.0		__DUMMY__ 0.8801706019088654 neg 0.06546877977998597 off 0.054360618311148745	false	1.0
aushungern	neg 1.0		__DUMMY__ 0.8773668254667053 neg 0.06358796043544003 off 0.05904521409785468	false	1.0
anspannung	neg 1.0		__DUMMY__ 0.8849067787591719 neg 0.06353890202803941 off 0.05155431921278866	false	1.0
von			__DUMMY__ 0.8899253859019507 neg 0.05525566581048144 off 0.0548189482875678	false	0.0
kraftlos	neg 1.0		__DUMMY__ 0.8783293216537448 neg 0.0633904670527223 off 0.058280211293532905	false	1.0
vom			__DUMMY__ 0.8902122362117043 neg 0.06065416120154531 off 0.049133602586750404	false	0.0
grenzdebil	off 1.0		__DUMMY__ 0.873050896249063 off 0.0668573530486137 neg 0.0600917507023233	false	1.0
vor			__DUMMY__ 0.8819995096984765 neg 0.06316052399049067 off 0.05483996631103279	false	0.0
unterwerfen	neg 1.0		__DUMMY__ 0.8775493674711725 neg 0.06510425848076762 off 0.05734637404805985	false	1.0
versenkung	neg 1.0		__DUMMY__ 0.8800614548770312 neg 0.06241090004578088 off 0.05752764507718794	false	1.0
entziehen	neg 1.0		__DUMMY__ 0.8801900685181105 neg 0.065314934817916 off 0.05449499666397348	false	1.0
finanzkrise	neg 1.0		__DUMMY__ 0.8732570575597878 neg 0.06717935024169246 off 0.0595635921985198	false	1.0
schimpfend	neg 1.0		__DUMMY__ 0.8749664816064942 neg 0.06280895797797909 off 0.06222456041552671	false	1.0
profan	neg 1.0		__DUMMY__ 0.8735812527952906 off 0.0633172574691174 neg 0.06310148973559192	false	0.5
korruption	neg 1.0		__DUMMY__ 0.8760437620725902 neg 0.06612989247847036 off 0.057826345448939435	false	1.0
â			__DUMMY__ 0.8798600785588744 neg 0.062426762538446604 off 0.05771315890267898	false	0.0
schmutzig	neg 1.0		__DUMMY__ 0.8729645056223581 off 0.06726919734983262 neg 0.05976629702780942	false	0.5
sexy	neg 1.0		__DUMMY__ 0.8750762101442221 off 0.06418746671847465 neg 0.06073632313730323	false	0.5
abraten	neg 1.0		__DUMMY__ 0.8763098614826912 off 0.06260328648257367 neg 0.06108685203473504	false	0.5
schwarz	neg 1.0		__DUMMY__ 0.8746978014052006 neg 0.06305626280579932 off 0.06224593578900004	false	1.0
fotze	off 1.0	off 1.0	off 0.5142688524405208 __DUMMY__ 0.437719873608582 neg 0.048011273950897215	false	1.0
verwirren	neg 1.0		__DUMMY__ 0.8738314717294283 off 0.06381701889436191 neg 0.06235150937620978	false	0.5
zahnlos	off 1.0		__DUMMY__ 0.8757443684649365 neg 0.06478015635830173 off 0.05947547517676175	false	0.5
verheeren	neg 1.0		__DUMMY__ 0.8637928965775935 off 0.07687642575171703 neg 0.059330677670689495	false	0.5
hippie	neg 1.0		__DUMMY__ 0.874915428898005 off 0.06390110237437045 neg 0.06118346872762455	false	0.5
rammen	neg 1.0		__DUMMY__ 0.8709690546662127 neg 0.06741120552052139 off 0.06161973981326592	false	1.0
unlauter	neg 1.0		__DUMMY__ 0.8729119790872517 neg 0.06540879353384293 off 0.061679227378905375	false	1.0
unheilvoll	neg 1.0		__DUMMY__ 0.8748093476197173 neg 0.06306455091136684 off 0.06212610146891584	false	1.0
niedrig	neg 1.0		__DUMMY__ 0.8770274062350916 neg 0.0670572131260244 off 0.05591538063888397	false	1.0
explosion	neg 1.0		__DUMMY__ 0.8747948082913897 off 0.06332926411108677 neg 0.06187592759752367	false	0.5
weichei	off 1.0	off 1.0	off 0.5242812605395439 __DUMMY__ 0.4289451735577836 neg 0.04677356590267251	false	1.0
minusmensch	off 1.0		__DUMMY__ 0.8605918382305712 off 0.07465020331776999 neg 0.06475795845165892	false	1.0
farblos	neg 1.0		__DUMMY__ 0.877291682012835 neg 0.06292374490567743 off 0.0597845730814875	false	1.0
unwissend	neg 1.0	neg 1.0	neg 0.5174925713144878 __DUMMY__ 0.43271106954354077 off 0.0497963591419714	false	1.0
traurig	neg 1.0		__DUMMY__ 0.8719437620720893 off 0.06889587050486128 neg 0.059160367423049295	false	0.5
senkung	neg 1.0		__DUMMY__ 0.871921639899248 neg 0.06492602512224802 off 0.06315233497850409	false	1.0
ungleich	neg 1.0	neg 1.0	neg 0.5201301471749291 __DUMMY__ 0.4372020690850361 off 0.04266778374003481	false	1.0
heikel	neg 1.0		__DUMMY__ 0.877616595977601 neg 0.06577770810142258 off 0.056605695920976314	false	1.0
drosselung	neg 1.0		__DUMMY__ 0.8718192947109492 off 0.0665521498162432 neg 0.06162855547280764	false	0.5
falsch	neg 1.0		__DUMMY__ 0.873314570953256 off 0.06472155729326988 neg 0.06196387175347402	false	0.5
unzufriedenheit	neg 1.0		__DUMMY__ 0.8790733609343763 neg 0.06573660686779706 off 0.055190032197826526	false	1.0
kurz	neg 1.0		__DUMMY__ 0.8805549913061803 neg 0.0604122780394516 off 0.05903273065436809	false	1.0
unsinnig	neg 1.0		__DUMMY__ 0.8754644932033339 neg 0.06490516191130652 off 0.05963034488535957	false	1.0
penner	off 1.0	off 1.0	off 0.5254592978152741 __DUMMY__ 0.4283034838005342 neg 0.046237218384191696	false	1.0
seicht	neg 1.0		__DUMMY__ 0.8640053663977725 off 0.07529965635750148 neg 0.060694977244726	false	0.5
dummheit	off 1.0	off 1.0	off 0.5184504001716314 __DUMMY__ 0.4322473315179741 neg 0.049302268310394526	false	1.0
unerfreulich	neg 1.0		__DUMMY__ 0.8797310635598199 neg 0.06458685554350158 off 0.0556820808966786	false	1.0
motherfucker	off 1.0	off 1.0	off 0.5214662459927006 __DUMMY__ 0.432052125282901 neg 0.04648162872439849	false	1.0
pikiert	neg 1.0		__DUMMY__ 0.8702284584573164 off 0.06652781275181557 neg 0.06324372879086794	false	0.5
wrack	neg 1.0		__DUMMY__ 0.8792186865104971 neg 0.06264770920144518 off 0.05813360428805778	false	1.0
gangster	neg 1.0		__DUMMY__ 0.8746736317868429 off 0.06390713984428664 neg 0.06141922836887048	false	0.5
krank	neg 1.0		__DUMMY__ 0.8738000926725775 off 0.06667903232216221 neg 0.05952087500526032	false	0.5
reich	neg 1.0		__DUMMY__ 0.8744711577749412 off 0.06554250298642496 neg 0.05998633923863386	false	0.5
gnadenlos	neg 1.0		__DUMMY__ 0.8736737213076748 neg 0.06435461838392925 off 0.06197166030839592	false	1.0
niedergeschlagen	neg 1.0		__DUMMY__ 0.877948488066462 neg 0.06278789948035558 off 0.05926361245318244	false	1.0
terrorisieren	off 1.0	off 1.0	off 0.5133318700062246 __DUMMY__ 0.43793052554619305 neg 0.04873760444758228	false	1.0
sinnlosigkeit	neg 1.0		__DUMMY__ 0.8762534960568948 neg 0.06484696646437307 off 0.058899537478732056	false	1.0
behindern	neg 1.0		__DUMMY__ 0.8767161541829824 neg 0.06350409560637417 off 0.05977975021064347	false	1.0
undemokratisch	neg 1.0		__DUMMY__ 0.874796606323096 neg 0.06337804599619262 off 0.06182534768071136	false	1.0
wirtschaftskrise	neg 1.0		__DUMMY__ 0.8751945300929651 neg 0.06718505564684707 off 0.057620414260187734	false	1.0
neid	neg 1.0		__DUMMY__ 0.8768482221537219 off 0.06437970675066489 neg 0.058772071095613214	false	0.5
rutschen	neg 1.0		__DUMMY__ 0.8861354328138559 neg 0.0616338254342447 off 0.05223074175189943	false	1.0
rezession	neg 1.0		__DUMMY__ 0.8637468512239925 off 0.06933794131764692 neg 0.06691520745836041	false	0.5
fehlgeburt	neg 1.0		__DUMMY__ 0.8775000093701518 off 0.0621213200976393 neg 0.06037867053220888	false	0.5
charakterschwach	off 1.0		__DUMMY__ 0.8703174298007784 off 0.06719168987651677 neg 0.06249088032270482	false	1.0
isolation	neg 1.0		__DUMMY__ 0.874447562341272 off 0.06413427526377932 neg 0.061418162394948725	false	0.5
ablenkung	neg 1.0		__DUMMY__ 0.8777533831775811 neg 0.06149751949909754 off 0.060749097323321254	false	1.0
pech	neg 1.0		__DUMMY__ 0.8745516734525719 off 0.06396559996457742 neg 0.061482726582850734	false	0.5
vermeidung	neg 1.0		__DUMMY__ 0.8721231940780405 off 0.06670544945923895 neg 0.061171356462720566	false	0.5
dominieren	neg 1.0		__DUMMY__ 0.8777969945619014 neg 0.06531562760369525 off 0.056887377834403355	false	1.0
schwindlig	neg 1.0		__DUMMY__ 0.8767635231885454 off 0.06239694554832255 neg 0.060839531263131956	false	0.5
lutscher	neg 1.0	neg 1.0	neg 0.5156289361883957 __DUMMY__ 0.42717209968526515 off 0.05719896412633917	false	1.0
pflicht	neg 1.0		__DUMMY__ 0.8783924408958089 neg 0.06601688564749023 off 0.05559067345670087	false	1.0
faschist	off 1.0		__DUMMY__ 0.8738941307422613 off 0.06423517986853511 neg 0.06187068938920356	false	1.0
verschleudern	neg 1.0		__DUMMY__ 0.8774488842747927 neg 0.06618575879634492 off 0.05636535692886226	false	1.0
wenn			__DUMMY__ 0.8731115504528459 off 0.06485608804716834 neg 0.06203236149998574	false	0.0
ehebruch	neg 1.0		__DUMMY__ 0.8773270192913898 neg 0.06485181639169182 off 0.05782116431691848	false	1.0
spott	off 1.0		__DUMMY__ 0.8766935703053393 neg 0.06590613435704298 off 0.05740029533761763	false	0.5
trostlosigkeit	neg 1.0		__DUMMY__ 0.8797527391728343 neg 0.0654412024158824 off 0.05480605841128336	false	1.0
lutschen	neg 1.0		__DUMMY__ 0.8715946010109096 off 0.06430979949247995 neg 0.0640955994966105	false	0.5
undiszipliniert	neg 1.0		__DUMMY__ 0.8709996050795619 off 0.06835542591496725 neg 0.06064496900547098	false	0.5
kopfschmerz	neg 1.0		__DUMMY__ 0.8751325371930601 neg 0.06663563194017606 off 0.05823183086676379	false	1.0
unvorhergesehen	neg 1.0		__DUMMY__ 0.8836202700610395 neg 0.06074421983982376 off 0.05563551009913678	false	1.0
desinteressiert	neg 1.0	neg 1.0	neg 0.5168413880663696 __DUMMY__ 0.43165713833852926 off 0.05150147359510106	false	1.0
armselig	off 1.0		__DUMMY__ 0.8681230773738995 off 0.06923495875042099 neg 0.06264196387567943	false	1.0
desaster	neg 1.0		__DUMMY__ 0.8801464439524461 neg 0.06601688103186303 off 0.05383667501569079	false	1.0
tod	neg 1.0		__DUMMY__ 0.8802035744230574 neg 0.062304094164491744 off 0.057492331412450706	false	1.0
herzlos	neg 1.0		__DUMMY__ 0.8697175694851849 off 0.06901135044771775 neg 0.06127108006709739	false	0.5
unwissenheit	neg 1.0		__DUMMY__ 0.8759369868728719 neg 0.06546774492642218 off 0.058595268200705986	false	1.0
widersinnig	neg 1.0		__DUMMY__ 0.8737461712426151 neg 0.06747808630937155 off 0.05877574244801335	false	1.0
bedenklich	neg 1.0		__DUMMY__ 0.876596137586305 neg 0.06565638507230144 off 0.05774747734139352	false	1.0
beanstanden	neg 1.0		__DUMMY__ 0.8792791561799834 neg 0.06554459946189044 off 0.055176244358126195	false	1.0
panisch	neg 1.0	neg 1.0	neg 0.5152456244439987 __DUMMY__ 0.4372418767238408 off 0.0475124988321604	false	1.0
debil	off 1.0		__DUMMY__ 0.8854437757411131 neg 0.06506739944597534 off 0.04948882481291156	false	0.5
abstrich	neg 1.0		__DUMMY__ 0.8826710766264833 off 0.05867967184807419 neg 0.05864925152544247	false	0.5
primitiv	neg 1.0		__DUMMY__ 0.8698489847372093 off 0.06751317606216017 neg 0.06263783920063053	false	0.5
abschaum	off 1.0	off 1.0	off 0.5201994620890343 __DUMMY__ 0.43221143630369097 neg 0.04758910160727475	false	1.0
provozieren	neg 1.0		__DUMMY__ 0.8727484649243713 neg 0.06542166192448638 off 0.061829873151142356	false	1.0
tot	neg 1.0		__DUMMY__ 0.8780037080092327 neg 0.06427887502520314 off 0.05771741696556414	false	1.0
instabil	neg 1.0		__DUMMY__ 0.8688407228381878 off 0.0684550324003696 neg 0.06270424476144258	false	0.5
schwuchtel	off 1.0	off 1.0	off 0.5299088979279577 __DUMMY__ 0.4234469229425733 neg 0.04664417912946897	false	1.0
zerren	neg 1.0		__DUMMY__ 0.8774226063424588 neg 0.06373167993722433 off 0.058845713720316835	false	1.0
kinderficker	off 1.0		__DUMMY__ 0.8688082518921848 off 0.07176447374164519 neg 0.059427274366170034	false	1.0
gefahr	neg 1.0		__DUMMY__ 0.8808026117715768 neg 0.06417541796887996 off 0.055021970259543196	false	1.0
rabiat	neg 1.0		__DUMMY__ 0.8760871084383982 neg 0.06296431168008856 off 0.06094857988151329	false	1.0
verlangsamung	neg 1.0		__DUMMY__ 0.8628395338217197 off 0.0732807969051418 neg 0.06387966927313841	false	0.5
ausgestorben	neg 1.0		__DUMMY__ 0.8771613648498277 neg 0.06225659014484359 off 0.06058204500532873	false	1.0
anklagen	neg 1.0		__DUMMY__ 0.876981762146702 neg 0.06505679545576104 off 0.05796144239753694	false	1.0
trott	neg 1.0		__DUMMY__ 0.8767497487380045 neg 0.06307525752463944 off 0.06017499373735616	false	1.0
verminderung	neg 1.0		__DUMMY__ 0.8716850604925904 off 0.06702467027926685 neg 0.06129026922814265	false	0.5
nach			__DUMMY__ 0.8874580517700978 neg 0.0613120906030462 off 0.05122985762685599	false	0.0
rost	neg 1.0		__DUMMY__ 0.8679435518907587 off 0.07184493771790074 neg 0.06021151039134065	false	0.5
destruktiv	neg 1.0		__DUMMY__ 0.8747552229083329 neg 0.0645652033202915 off 0.06067957377137564	false	1.0
unzumutbarkeit	neg 1.0		__DUMMY__ 0.8738786825378577 off 0.06588238234571103 neg 0.06023893511643129	false	0.5
labil	off 1.0	off 1.0	off 0.5195859515127054 __DUMMY__ 0.433044302404131 neg 0.04736974608316363	false	1.0
ziemlich	neg 1.0		__DUMMY__ 0.8743765251956316 off 0.06640506874413211 neg 0.059218406060236345	false	0.5
lachnummer	off 1.0		__DUMMY__ 0.8738242790174962 neg 0.0646990847383353 off 0.06147663624416858	false	0.5
oder			__DUMMY__ 0.8773855955819343 off 0.06136856789363725 neg 0.06124583652442839	false	0.0
verfall	neg 1.0		__DUMMY__ 0.8822573435636365 neg 0.06626371578695561 off 0.05147894064940789	false	1.0
ausgrenzung	neg 1.0		__DUMMY__ 0.8744023747436477 neg 0.06320734286684854 off 0.06239028238950375	false	1.0
unordnung	neg 1.0		__DUMMY__ 0.8741712498592293 off 0.068200602926737 neg 0.057628147214033656	false	0.5
fehlverhalten	neg 1.0		__DUMMY__ 0.8766398635236208 neg 0.0671660361511523 off 0.05619410032522688	false	1.0
eine			__DUMMY__ 0.8815739785771808 neg 0.06309199641640047 off 0.055334025006418625	false	0.0
nille	neg 1.0		__DUMMY__ 0.8773378629998849 neg 0.062353054526266716 off 0.060309082473848405	false	1.0
qual	neg 1.0		__DUMMY__ 0.8771281174749804 neg 0.06305452096893452 off 0.059817361556085094	false	1.0
verschwenden	neg 1.0		__DUMMY__ 0.8768097432439915 neg 0.06620548008228262 off 0.05698477667372579	false	1.0
riesig	neg 1.0		__DUMMY__ 0.8798147223193982 neg 0.06309297667141263 off 0.05709230100918916	false	1.0
verurteilen	neg 1.0		__DUMMY__ 0.8744727150405328 neg 0.06694017052944633 off 0.05858711443002092	false	1.0
klischee	neg 1.0	neg 1.0	neg 0.5186110778019009 __DUMMY__ 0.432465700904401 off 0.04892322129369818	false	1.0
diktatorisch	neg 1.0		__DUMMY__ 0.8740494886512684 neg 0.06391459953167349 off 0.062035911817058094	false	1.0
vorhersehbar	neg 1.0		__DUMMY__ 0.871751927025669 neg 0.06419161286737315 off 0.06405646010695783	false	1.0
sowie			__DUMMY__ 0.8663444677113252 off 0.0709907723061224 neg 0.06266475998255232	false	0.0
stornieren	neg 1.0		__DUMMY__ 0.8808145283805295 off 0.062290575947164036 neg 0.056894895672306454	false	0.5
besteuerung	neg 1.0		__DUMMY__ 0.8719660056043899 neg 0.0669126724972663 off 0.06112132189834392	false	1.0
ungeschminkt	neg 1.0		__DUMMY__ 0.8678775058454302 off 0.06681935782538034 neg 0.06530313632918944	false	0.5
kritisch	neg 1.0		__DUMMY__ 0.8772842298947241 neg 0.06517184564283605 off 0.05754392446243981	false	1.0
schlamperei	off 1.0		__DUMMY__ 0.879744477086183 neg 0.06405170506310248 off 0.056203817850714564	false	0.5
sucht	neg 1.0	neg 1.0	neg 0.512954600147966 __DUMMY__ 0.44109547391093357 off 0.045949925941100395	false	1.0
egoistisch	off 1.0		__DUMMY__ 0.8668748590637478 off 0.07184728463034233 neg 0.06127785630590987	false	1.0
ausbeuter	off 1.0		__DUMMY__ 0.875749372223083 neg 0.06806919147392548 off 0.056181436302991376	false	0.5
arschgeburt	off 1.0		__DUMMY__ 0.8579176812853114 off 0.07935338700003257 neg 0.06272893171465609	false	1.0
schubs	neg 1.0		__DUMMY__ 0.8787385963266943 neg 0.06287892389199863 off 0.05838247978130701	false	1.0
unsolide	neg 1.0		__DUMMY__ 0.872259663367835 neg 0.06518429765452939 off 0.06255603897763558	false	1.0
beschwerde	neg 1.0		__DUMMY__ 0.8769500694115496 neg 0.06612856010492604 off 0.05692137048352436	false	1.0
stocken	neg 1.0		__DUMMY__ 0.8787196688689317 neg 0.06483291573489873 off 0.05644741539616958	false	1.0
isolieren	neg 1.0		__DUMMY__ 0.877309562499835 neg 0.06479290646989797 off 0.05789753103026696	false	1.0
unheilbar	neg 1.0		__DUMMY__ 0.8759054666031704 neg 0.0629379384062433 off 0.061156594990586406	false	1.0
pisser	off 1.0		__DUMMY__ 0.8677052351236877 off 0.06867260781445202 neg 0.06362215706186027	false	1.0
löschen	neg 1.0		__DUMMY__ 0.876580357702796 neg 0.06287449801995373 off 0.060545144277250315	false	1.0
durchfallen	neg 1.0		__DUMMY__ 0.8755591831422804 neg 0.06634211390321798 off 0.058098702954501674	false	1.0
wichser	off 1.0	off 1.0	off 0.5277762493988672 __DUMMY__ 0.42667457184968377 neg 0.04554917875144899	false	1.0
terror	neg 1.0		__DUMMY__ 0.8754469914625712 off 0.06340225011225925 neg 0.06115075842516958	false	0.5
krass	neg 1.0		__DUMMY__ 0.8697088009582972 off 0.06939647487395567 neg 0.060894724167747084	false	0.5
revolte	neg 1.0		__DUMMY__ 0.8742049520921261 neg 0.06303228997926331 off 0.06276275792861051	false	1.0
besorgt	neg 1.0		__DUMMY__ 0.8813653276753731 neg 0.05972318155498715 off 0.05891149076963964	false	1.0
nachlassen	neg 1.0		__DUMMY__ 0.8801136606475914 neg 0.06383129357524751 off 0.05605504577716104	false	1.0
alt	neg 1.0		__DUMMY__ 0.8767933712544709 neg 0.0654544422663099 off 0.05775218647921925	false	1.0
hundesohn	off 1.0		__DUMMY__ 0.8626084535623567 off 0.0759842292547567 neg 0.061407317182886535	false	1.0
als			__DUMMY__ 0.8784987797657494 neg 0.06274038727993267 off 0.05876083295431788	false	0.0
abschreckung	neg 1.0		__DUMMY__ 0.8790800774458349 neg 0.0659009764669948 off 0.05501894608717031	false	1.0
unqualifiziert	neg 1.0		__DUMMY__ 0.8711245095153984 off 0.06494656523886409 neg 0.06392892524573744	false	0.5
abgewichst	off 1.0		__DUMMY__ 0.8785551192421401 neg 0.061895333050213636 off 0.0595495477076462	false	0.5
schwer	neg 1.0		__DUMMY__ 0.8757121448193976 neg 0.06400847959248314 off 0.060279375588119286	false	1.0
bedeutungslosigkeit	neg 1.0		__DUMMY__ 0.8783328492575876 neg 0.06564054752461143 off 0.056026603217800994	false	1.0
kapitulation	neg 1.0		__DUMMY__ 0.8780568064596087 neg 0.06472041231511487 off 0.057222781225276347	false	1.0
unscharf	neg 1.0		__DUMMY__ 0.8732340455714985 neg 0.06412843595441212 off 0.06263751847408937	false	1.0
schwinden	neg 1.0		__DUMMY__ 0.878281475630987 neg 0.0661093864545422 off 0.055609137914470766	false	1.0
versklavung	neg 1.0		__DUMMY__ 0.8749121170536582 neg 0.06356822721651215 off 0.061519655729829544	false	1.0
schlecht	neg 1.0		__DUMMY__ 0.8739968752494934 off 0.06662838009377031 neg 0.059374744656736256	false	0.5
verhasst	neg 1.0		__DUMMY__ 0.8713141605518387 neg 0.06629895505667241 off 0.06238688439148878	false	1.0
beschweren	neg 1.0		__DUMMY__ 0.874894224625888 off 0.0627643517307139 neg 0.062341423643398154	false	0.5
scheiden	neg 1.0		__DUMMY__ 0.8790247376040805 neg 0.060809349389482716 off 0.06016591300643677	false	1.0
frustriert	neg 1.0		__DUMMY__ 0.8754546675169897 neg 0.06504758605139208 off 0.05949774643161815	false	1.0
schimmelig	neg 1.0		__DUMMY__ 0.8739015701146128 neg 0.06866976145569934 off 0.05742866842968795	false	1.0
fisch	neg 1.0		__DUMMY__ 0.877689246473857 neg 0.06777647435461008 off 0.05453427917153293	false	1.0
schmuggel	neg 1.0		__DUMMY__ 0.8788085404721242 neg 0.06492352275658653 off 0.05626793677128917	false	1.0
auffallen	neg 1.0		__DUMMY__ 0.8745998204437765 off 0.06348713093978155 neg 0.061913048616442035	false	0.5
konkurrenz	neg 1.0		__DUMMY__ 0.8793188324504239 neg 0.06602845131762147 off 0.05465271623195466	false	1.0
teufelskreis	neg 1.0	neg 1.0	neg 0.5202482324627303 __DUMMY__ 0.43387621055907927 off 0.045875556978190374	false	1.0
aufschreien	neg 1.0		__DUMMY__ 0.8726304093815442 neg 0.06374837762228903 off 0.06362121299616681	false	1.0
schuldner	neg 1.0		__DUMMY__ 0.876245886054766 neg 0.06838328497856573 off 0.055370828966668166	false	1.0
missgeburt	off 1.0	off 1.0	off 0.5248863783459563 __DUMMY__ 0.42723290653887996 neg 0.04788071511516371	false	1.0
arbeitslos	neg 1.0		__DUMMY__ 0.8756194483676639 neg 0.06585969017354014 off 0.05852086145879588	false	1.0
befallen	neg 1.0		__DUMMY__ 0.8738935687662195 neg 0.0669256675060792 off 0.05918076372770123	false	1.0
miesepetrig	off 1.0	off 1.0	off 0.519867819978125 __DUMMY__ 0.43397184072865136 neg 0.04616033929322358	false	1.0
alarmieren	neg 1.0		__DUMMY__ 0.8709781035702755 off 0.06520530107521585 neg 0.06381659535450863	false	0.5
ungeduscht	off 1.0		__DUMMY__ 0.8713062393059592 off 0.0644288733591663 neg 0.06426488733487451	false	1.0
knappheit	neg 1.0		__DUMMY__ 0.8741845235778318 neg 0.06799113054245218 off 0.057824345879716	false	1.0
schlange	neg 1.0		__DUMMY__ 0.8787366680731571 off 0.06202035728096383 neg 0.05924297464587908	false	0.5
harsch	neg 1.0		__DUMMY__ 0.8713890856646374 off 0.07045678539958285 neg 0.058154128935779745	false	0.5
lang	neg 1.0		__DUMMY__ 0.8765101981902074 neg 0.062098401525255524 off 0.06139140028453701	false	1.0
ziellos	neg 1.0		__DUMMY__ 0.8798127239394298 neg 0.0626241033769439 off 0.057563172683626346	false	1.0
selbstverliebt	neg 1.0		__DUMMY__ 0.8616430876766534 off 0.07698645925248117 neg 0.06137045307086539	false	0.5
beseitigen	neg 1.0		__DUMMY__ 0.8774781573098143 neg 0.06344184387652463 off 0.05907999881366117	false	1.0
dumm	off 1.0		__DUMMY__ 0.8674880352639431 off 0.07240951014412644 neg 0.0601024545919304	false	1.0
arbeitsloser	neg 1.0		__DUMMY__ 0.8789851154390979 neg 0.062462274196312444 off 0.05855261036458969	false	1.0
blitzen	neg 1.0		__DUMMY__ 0.875134736015677 off 0.06381091154062739 neg 0.06105435244369561	false	0.5
hilflos	neg 1.0		__DUMMY__ 0.875859604605131 neg 0.06514804912027228 off 0.0589923462745966	false	1.0
eklig	off 1.0		__DUMMY__ 0.8641181911096768 off 0.07295617177468632 neg 0.06292563711563687	false	1.0
begriff			__DUMMY__ 0.8766688797469833 neg 0.06313364098819882 off 0.060197479264818006	false	0.0
hungersnot	neg 1.0		__DUMMY__ 0.8771462763070099 neg 0.0646071365114618 off 0.05824658718152831	false	1.0
ungesetzlich	neg 1.0		__DUMMY__ 0.8722412282289252 neg 0.06587935746130698 off 0.06187941430976778	false	1.0
verschwendung	neg 1.0		__DUMMY__ 0.8781176901526447 neg 0.06527415285207998 off 0.05660815699527539	false	1.0
schmerzvoll	neg 1.0		__DUMMY__ 0.8743261583729306 neg 0.06328816795663962 off 0.06238567367042982	false	1.0
vorzeitig	neg 1.0		__DUMMY__ 0.8732116789252307 neg 0.06351595982818893 off 0.06327236124658042	false	1.0
unvollkommenheit	neg 1.0		__DUMMY__ 0.8821308638523029 neg 0.06025217272683331 off 0.0576169634208639	false	1.0
intervenieren	neg 1.0		__DUMMY__ 0.8771283087665058 neg 0.06629522502626067 off 0.05657646620723356	false	1.0
banause	off 1.0		__DUMMY__ 0.8611568481979087 off 0.07547734110710208 neg 0.06336581069498914	false	1.0
rebell	neg 1.0		__DUMMY__ 0.8810431444016577 neg 0.06632599522035877 off 0.052630860377983556	false	1.0
unlogisch	neg 1.0		__DUMMY__ 0.8692175675632785 off 0.06887408241105768 neg 0.06190835002566383	false	0.5
leiden	neg 1.0		__DUMMY__ 0.8818659374526066 neg 0.06301334985914295 off 0.05512071268825049	false	1.0
abschaffung	neg 1.0		__DUMMY__ 0.875844589751408 neg 0.06314965227623824 off 0.06100575797235368	false	1.0
sturz	neg 1.0		__DUMMY__ 0.8777724444181398 neg 0.06158117203962142 off 0.0606463835422387	false	1.0
verkleinerung	neg 1.0		__DUMMY__ 0.8717321532644781 neg 0.06457258658474029 off 0.06369526015078167	false	1.0
schmarotzer	off 1.0		__DUMMY__ 0.8745213359473251 neg 0.06615516084041641 off 0.05932350321225846	false	0.5
bestrafung	neg 1.0		__DUMMY__ 0.8750921381403988 neg 0.06308815109428705 off 0.0618197107653142	false	1.0
achtlos	neg 1.0	neg 1.0	neg 0.5178448101541384 __DUMMY__ 0.43668191870697903 off 0.04547327113888261	false	1.0
ungeheuer	neg 1.0		__DUMMY__ 0.8754195515083267 off 0.06289643839674049 neg 0.061684010094932844	false	0.5
unaufrichtig	neg 1.0		__DUMMY__ 0.8777270276848294 off 0.0637859381743165 neg 0.058487034140854155	false	0.5
