unsolidarisch	neg 1.0		__DUMMY__ 0.4574153277874074 neg 0.2801530400131385 off 0.26243163219945415	false	1.0
nachteilig	neg 1.0		__DUMMY__ 0.4613822576635495 neg 0.28017096379681894 off 0.25844677853963166	false	1.0
skeptisch	neg 1.0		__DUMMY__ 0.4618170515466797 neg 0.2802656337702168 off 0.2579173146831036	false	1.0
schrecklich	neg 1.0		__DUMMY__ 0.4556920882130507 off 0.2746380954201348 neg 0.26966981636681453	false	0.5
schlapp	neg 1.0		__DUMMY__ 0.45782638861889474 neg 0.2720172518626167 off 0.2701563595184886	false	1.0
abfall	neg 1.0		__DUMMY__ 0.46410164427932166 neg 0.2818008698673135 off 0.25409748585336484	false	1.0
widerspenstig	neg 1.0		__DUMMY__ 0.45990894234612223 neg 0.276104382978218 off 0.2639866746756599	false	1.0
abrupt	neg 1.0		__DUMMY__ 0.4623826680069935 neg 0.27862615395948975 off 0.2589911780335167	false	1.0
unwirksam	neg 1.0		__DUMMY__ 0.4568294530698762 neg 0.28096968402813327 off 0.26220086290199063	false	1.0
angreifen	neg 1.0		__DUMMY__ 0.4606525605576687 neg 0.28206187275855055 off 0.2572855666837807	false	1.0
inkonsistent	neg 1.0		__DUMMY__ 0.4572835973443166 neg 0.27890064284972194 off 0.26381575980596156	false	1.0
abrutschen	neg 1.0		__DUMMY__ 0.4627889822321853 neg 0.2829817283519107 off 0.254229289415904	false	1.0
unsicher	neg 1.0		__DUMMY__ 0.46119787280642144 neg 0.2746997963788279 off 0.2641023308147507	false	1.0
bauernkind	off 1.0	off 1.0	off 0.6248864053847446 __DUMMY__ 0.21666816361993768 neg 0.15844543099531772	false	1.0
angreifer	neg 1.0	neg 1.0	neg 0.6258176368039752 __DUMMY__ 0.22319882031343363 off 0.15098354288259117	false	1.0
trennen	neg 1.0		__DUMMY__ 0.46338883253793894 neg 0.2786045364122435 off 0.25800663104981764	false	1.0
schmutz	neg 1.0		__DUMMY__ 0.4611330341417442 neg 0.27279973163879667 off 0.2660672342194592	false	1.0
inkonsistenz	neg 1.0		__DUMMY__ 0.4540113347861302 neg 0.2774257958618904 off 0.26856286935197937	false	1.0
erschreckend	neg 1.0		__DUMMY__ 0.45936420089689634 neg 0.27815816397046234 off 0.26247763513264133	false	1.0
ertrinken	neg 1.0		__DUMMY__ 0.46087024489513795 neg 0.2812318171941904 off 0.2578979379106717	false	1.0
pickelface	off 1.0		__DUMMY__ 0.4603804139344432 neg 0.27706261861097625 off 0.26255696745458057	false	0.5
seiner			__DUMMY__ 0.4618875546206766 neg 0.27978652361681616 off 0.2583259217625072	false	0.0
lauch	neg 1.0		__DUMMY__ 0.46348490990173397 neg 0.28141880575118106 off 0.2550962843470849	false	1.0
unwichtig	neg 1.0		__DUMMY__ 0.456487004796208 neg 0.2744741797690847 off 0.26903881543470715	false	1.0
steuerhinterziehung	neg 1.0	neg 1.0	neg 0.6293542953255438 __DUMMY__ 0.22298301171331925 off 0.14766269296113696	false	1.0
schock	neg 1.0		__DUMMY__ 0.4603008476390673 neg 0.2771602591271851 off 0.2625388932337475	false	1.0
beule	neg 1.0		__DUMMY__ 0.45591244496026556 neg 0.27346209023995033 off 0.2706254647997841	false	1.0
vergelten	neg 1.0		__DUMMY__ 0.45816567111731954 off 0.27391567410164036 neg 0.26791865478104016	false	0.5
verdorbenheit	neg 1.0		__DUMMY__ 0.4623725244472646 neg 0.2721401862883694 off 0.26548728926436604	false	1.0
trauma	neg 1.0		__DUMMY__ 0.459272579272597 neg 0.2760541375291683 off 0.2646732831982347	false	1.0
sinnlos	neg 1.0		__DUMMY__ 0.45882933883226 neg 0.27490622534541664 off 0.2662644358223234	false	1.0
fettsack	off 1.0	off 1.0	off 0.626104752818564 __DUMMY__ 0.21763036143851655 neg 0.15626488574291936	false	1.0
feige	off 1.0	off 1.0	off 0.6227417797994709 __DUMMY__ 0.22018147358905896 neg 0.1570767466114701	false	1.0
abdanken	neg 1.0		__DUMMY__ 0.45937932324343883 neg 0.2781580431807716 off 0.26246263357578964	false	1.0
wichtigtuer	off 1.0	off 1.0	off 0.6213761247960451 __DUMMY__ 0.22153266455953222 neg 0.15709121064442277	false	1.0
misslingen	neg 1.0		__DUMMY__ 0.4647463136310596 neg 0.26899000198342093 off 0.2662636843855195	false	1.0
untreu	off 1.0		__DUMMY__ 0.45662753581734344 neg 0.2736229843569794 off 0.26974947982567704	false	0.5
missmutig	neg 1.0		__DUMMY__ 0.45786383921710627 neg 0.27286734957201925 off 0.2692688112108744	false	1.0
hurenbock	off 1.0		__DUMMY__ 0.4596092326677868 neg 0.27436530554166233 off 0.26602546179055087	false	0.5
betrunken	neg 1.0		__DUMMY__ 0.45673313596772513 off 0.2719893166642125 neg 0.2712775473680623	false	0.5
korrupt	off 1.0		__DUMMY__ 0.45786090983899147 neg 0.28257080486944736 off 0.2595682852915612	false	0.5
unmut	neg 1.0		__DUMMY__ 0.46349173616531025 neg 0.28184545888932205 off 0.2546628049453678	false	1.0
hackfresse	off 1.0		__DUMMY__ 0.452733599405457 off 0.2782782694526443 neg 0.26898813114189885	false	1.0
aufblasen	neg 1.0		__DUMMY__ 0.45944802032895304 neg 0.27460510654015996 off 0.26594687313088705	false	1.0
gewaltsam	neg 1.0		__DUMMY__ 0.4605285067251101 neg 0.27765274010555685 off 0.261818753169333	false	1.0
unbeliebtheit	neg 1.0		__DUMMY__ 0.45498666663287035 neg 0.27792386922759243 off 0.2670894641395371	false	1.0
sturheit	neg 1.0		__DUMMY__ 0.4590264703803423 neg 0.27949350063813055 off 0.26148002898152717	false	1.0
kuh	neg 1.0		__DUMMY__ 0.4545868583780286 neg 0.28052580523701415 off 0.2648873363849573	false	1.0
erschrecken	neg 1.0		__DUMMY__ 0.45843928560238967 neg 0.2724887734239854 off 0.269071940973625	false	1.0
opfer	neg 1.0		__DUMMY__ 0.4612411588163107 neg 0.2792518049198376 off 0.2595070362638517	false	1.0
sinken	neg 1.0		__DUMMY__ 0.4629526227410779 neg 0.2818775022072071 off 0.25516987505171496	false	1.0
stinktier	neg 1.0		__DUMMY__ 0.44955694326955276 neg 0.27736080324417606 off 0.2730822534862713	false	1.0
tucke	off 1.0		__DUMMY__ 0.45010677723404285 off 0.278662273924365 neg 0.2712309488415921	false	1.0
ein			__DUMMY__ 0.4594332536514352 neg 0.27566763575195746 off 0.26489911059660726	false	0.0
abstieg	neg 1.0		__DUMMY__ 0.46109437571041356 neg 0.2809920531902258 off 0.25791357109936075	false	1.0
missverstehen	neg 1.0		__DUMMY__ 0.45686223336222953 neg 0.27649874548310593 off 0.2666390211546645	false	1.0
ergebnislos	neg 1.0		__DUMMY__ 0.4625145644776292 neg 0.2793108314336511 off 0.2581746040887198	false	1.0
unter			__DUMMY__ 0.46801749561108746 neg 0.2819257289218175 off 0.2500567754670951	false	0.0
manipulieren	neg 1.0		__DUMMY__ 0.4621531894387149 neg 0.2803819112554573 off 0.2574648993058278	false	1.0
unbewiesen	neg 1.0		__DUMMY__ 0.45673624949089847 neg 0.2811512548225412 off 0.26211249568656025	false	1.0
verschleppen	neg 1.0		__DUMMY__ 0.4600099571289166 neg 0.28061989128601367 off 0.2593701515850699	false	1.0
weib	off 1.0		__DUMMY__ 0.44872700642738916 off 0.27753129687279743 neg 0.27374169669981346	false	1.0
opposition	neg 1.0		__DUMMY__ 0.45770417979122663 neg 0.27742736455249434 off 0.2648684556562792	false	1.0
verkehrswidrig	neg 1.0		__DUMMY__ 0.45870078186723695 off 0.2755662234872261 neg 0.265732994645537	false	0.5
inkorrekt	neg 1.0		__DUMMY__ 0.4538587417284107 neg 0.2732128105304345 off 0.2729284477411549	false	1.0
vermeiden	neg 1.0	neg 1.0	neg 0.6293297642756405 __DUMMY__ 0.2266542826933838 off 0.1440159530309757	false	1.0
abweichung	neg 1.0		__DUMMY__ 0.4614903660592607 neg 0.27899574152709594 off 0.2595138924136434	false	1.0
alkoholisiert	neg 1.0		__DUMMY__ 0.4634555460157474 neg 0.277464484319607 off 0.25907996966464547	false	1.0
scheiss	off 1.0	off 1.0	off 0.6234693356734465 __DUMMY__ 0.22101409613811482 neg 0.15551656818843862	false	1.0
herausforderung	neg 1.0		__DUMMY__ 0.4626415718362189 neg 0.27922772690766723 off 0.25813070125611387	false	1.0
pervers	off 1.0		__DUMMY__ 0.4501107630048133 off 0.2817866189053037 neg 0.26810261808988295	false	1.0
wackelig	neg 1.0		__DUMMY__ 0.46364895391203076 neg 0.27383490526460624 off 0.2625161408233629	false	1.0
verwickeln	neg 1.0		__DUMMY__ 0.45709871228345333 neg 0.276917234727993 off 0.26598405298855377	false	1.0
vorwand	neg 1.0		__DUMMY__ 0.46163371562624905 neg 0.2812419762885307 off 0.2571243080852202	false	1.0
muschi	off 1.0		__DUMMY__ 0.4602796861917527 neg 0.27700857578617727 off 0.2627117380220701	false	0.5
entmutigung	neg 1.0		__DUMMY__ 0.4582059820693554 neg 0.2772851950760121 off 0.2645088228546325	false	1.0
unangemessen	neg 1.0		__DUMMY__ 0.45860861219319277 neg 0.28033611056100577 off 0.26105527724580146	false	1.0
unstetig	neg 1.0		__DUMMY__ 0.45924936658220866 neg 0.2737552420366884 off 0.26699539138110284	false	1.0
entmutigen	neg 1.0		__DUMMY__ 0.45918050831535356 neg 0.27614603606743116 off 0.2646734556172153	false	1.0
schwanz	neg 1.0		__DUMMY__ 0.4611875310471185 neg 0.2791024225517126 off 0.2597100464011689	false	1.0
verbot	neg 1.0		__DUMMY__ 0.4598755514295017 neg 0.2803172399449645 off 0.25980720862553375	false	1.0
leid	neg 1.0		__DUMMY__ 0.45352171158143373 off 0.2759479382911284 neg 0.2705303501274377	false	0.5
archaisch	neg 1.0		__DUMMY__ 0.4597203943390197 neg 0.27849042335423835 off 0.2617891823067419	false	1.0
gegen			__DUMMY__ 0.4633811385987154 neg 0.28111044749672714 off 0.2555084139045575	false	0.0
scheidung	neg 1.0		__DUMMY__ 0.45136067208548275 off 0.2877280859081122 neg 0.2609112420064051	false	0.5
einschlag	neg 1.0		__DUMMY__ 0.45578620899876926 off 0.2729107885619728 neg 0.27130300243925803	false	0.5
m			__DUMMY__ 0.46181469993654306 neg 0.2768781134135722 off 0.26130718664988467	false	0.0
abgestanden	neg 1.0		__DUMMY__ 0.45821882574918316 neg 0.27790942806150704 off 0.26387174618930986	false	1.0
schmierig	off 1.0		__DUMMY__ 0.4546686887793796 off 0.27537412942354295 neg 0.2699571817970774	false	1.0
unpraktisch	neg 1.0		__DUMMY__ 0.45949226465529097 neg 0.27484484706299506 off 0.26566288828171386	false	1.0
wixxer	off 1.0		__DUMMY__ 0.44855004120617303 off 0.2813978511586525 neg 0.27005210763517445	false	1.0
bezeichnet			__DUMMY__ 0.4576314275476725 neg 0.27945996425030906 off 0.26290860820201856	false	0.0
jammerlappen	off 1.0		__DUMMY__ 0.4579791691516836 neg 0.272349117540995 off 0.26967171330732154	false	0.5
farce	neg 1.0		__DUMMY__ 0.45853174529993534 neg 0.2808770644876759 off 0.2605911902123888	false	1.0
zwecklos	neg 1.0		__DUMMY__ 0.4591678912481695 neg 0.2800537558892433 off 0.2607783528625872	false	1.0
turbulent	neg 1.0		__DUMMY__ 0.45428519615373303 neg 0.27568122976674947 off 0.2700335740795174	false	1.0
invasion	neg 1.0		__DUMMY__ 0.4586240124626951 neg 0.2754532061905745 off 0.26592278134673053	false	1.0
schuld	neg 1.0		__DUMMY__ 0.457865593460038 neg 0.27773100066449796 off 0.26440340587546407	false	1.0
risiko	neg 1.0	neg 1.0	neg 0.6255603936225537 __DUMMY__ 0.22376772460188246 off 0.1506718817755639	false	1.0
finster	neg 1.0		__DUMMY__ 0.45769157096491003 neg 0.2776511227483792 off 0.2646573062867108	false	1.0
geisteskrank	off 1.0		__DUMMY__ 0.45404399200193324 neg 0.27540582965598376 off 0.27055017834208306	false	0.5
zusammenbrechen	neg 1.0		__DUMMY__ 0.4605549463586484 neg 0.27794959858756074 off 0.26149545505379085	false	1.0
ausbeute	neg 1.0		__DUMMY__ 0.4676219051805027 neg 0.2702307901754992 off 0.2621473046439981	false	1.0
hinterhalt	neg 1.0		__DUMMY__ 0.46413625530365465 neg 0.27287911629274053 off 0.2629846284036047	false	1.0
kritik	neg 1.0		__DUMMY__ 0.4583231833004167 neg 0.2814372521073607 off 0.2602395645922226	false	1.0
einschrumpfen	neg 1.0		__DUMMY__ 0.4564526875742652 neg 0.2757942596220286 off 0.2677530528037061	false	1.0
riskant	neg 1.0		__DUMMY__ 0.46062295367305905 neg 0.28119296343933403 off 0.25818408288760686	false	1.0
frustrieren	neg 1.0		__DUMMY__ 0.4607508610504102 neg 0.2798049976952235 off 0.25944414125436643	false	1.0
groll	neg 1.0		__DUMMY__ 0.4591837064167124 neg 0.280669050325016 off 0.2601472432582717	false	1.0
gibt			__DUMMY__ 0.4610971231408556 neg 0.2770649739294126 off 0.2618379029297318	false	0.0
qualvoll	neg 1.0		__DUMMY__ 0.4582744187427879 neg 0.2744957522280991 off 0.2672298290291131	false	1.0
wackeln	neg 1.0		__DUMMY__ 0.4607672215358034 neg 0.27407383639888344 off 0.26515894206531315	false	1.0
klagen	neg 1.0		__DUMMY__ 0.4623598011617573 neg 0.28244733944407724 off 0.25519285939416547	false	1.0
bankrott	neg 1.0		__DUMMY__ 0.45898079882175147 neg 0.27182596722452335 off 0.26919323395372524	false	1.0
trauern	neg 1.0		__DUMMY__ 0.46236162965280175 neg 0.2783331437626878 off 0.2593052265845105	false	1.0
ablehnung	neg 1.0		__DUMMY__ 0.4589979543519819 neg 0.2808050266580243 off 0.26019701898999376	false	1.0
stur	neg 1.0		__DUMMY__ 0.45812060167779445 neg 0.2771101780195645 off 0.26476922030264094	false	1.0
aufruhr	neg 1.0		__DUMMY__ 0.45973471207880773 neg 0.2782398033195465 off 0.26202548460164576	false	1.0
melancholie	neg 1.0		__DUMMY__ 0.4607328089423004 neg 0.2794861266514179 off 0.2597810644062818	false	1.0
ist			__DUMMY__ 0.45902481814466944 neg 0.27495020479070015 off 0.26602497706463046	false	0.0
torheit	neg 1.0		__DUMMY__ 0.45912067935941836 neg 0.27709243065349237 off 0.26378688998708927	false	1.0
dreckskind	off 1.0		__DUMMY__ 0.45068619545096883 off 0.27603668027329725 neg 0.27327712427573386	false	1.0
umtauschen	neg 1.0		__DUMMY__ 0.46050733390616894 neg 0.27595605289623615 off 0.26353661319759486	false	1.0
zum			__DUMMY__ 0.4679882544585005 neg 0.2776072634949347 off 0.2544044820465647	false	0.0
zersetzen	neg 1.0		__DUMMY__ 0.4604797704667538 neg 0.2825041454038232 off 0.2570160841294231	false	1.0
zur			__DUMMY__ 0.46648007999610397 neg 0.280568806918945 off 0.25295111308495105	false	0.0
frust	neg 1.0		__DUMMY__ 0.4607091518719113 neg 0.2777753923255989 off 0.26151545580248986	false	1.0
unerbittlichkeit	neg 1.0		__DUMMY__ 0.46118271563885443 neg 0.2815758396726318 off 0.25724144468851395	false	1.0
zwei			__DUMMY__ 0.46709184034978724 neg 0.2773677716476837 off 0.2555403880025291	false	0.0
unkorrekt	neg 1.0		__DUMMY__ 0.4557572923076059 off 0.2732243253497675 neg 0.2710183823426266	false	0.5
hexe	off 1.0		__DUMMY__ 0.4534729606524639 neg 0.2784262985512607 off 0.2681007407962753	false	0.5
lasch	neg 1.0		__DUMMY__ 0.4560821022327699 neg 0.27635416395578155 off 0.2675637338114485	false	1.0
rivale	neg 1.0		__DUMMY__ 0.45536080151573866 neg 0.2729170839957789 off 0.2717221144884826	false	1.0
mutlos	off 1.0	off 1.0	off 0.6166371422175976 __DUMMY__ 0.22313874458676183 neg 0.1602241131956405	false	1.0
wirr	off 1.0		__DUMMY__ 0.45331456636332174 neg 0.2734457015272228 off 0.27323973210945546	false	0.5
jahr			__DUMMY__ 0.46848102784025775 neg 0.272005560396043 off 0.25951341176369924	false	0.0
wird			__DUMMY__ 0.46089089671185 neg 0.2788953132259243 off 0.2602137900622255	false	0.0
strafbar	neg 1.0		__DUMMY__ 0.46103753324348784 neg 0.279980895224938 off 0.25898157153157414	false	1.0
erosion	neg 1.0		__DUMMY__ 0.46120857604494075 neg 0.2745262605416094 off 0.26426516341344986	false	1.0
eingehen	neg 1.0		__DUMMY__ 0.4603950661336823 neg 0.2806288505435374 off 0.25897608332278027	false	1.0
faul	off 1.0		__DUMMY__ 0.45851160965737564 neg 0.27250718005431906 off 0.26898121028830535	false	0.5
provisorium	neg 1.0		__DUMMY__ 0.46940643286579486 neg 0.2791454052350111 off 0.25144816189919394	false	1.0
schmerzen	neg 1.0		__DUMMY__ 0.4588267805443363 neg 0.27929332862552153 off 0.2618798908301422	false	1.0
schrumpfen	neg 1.0		__DUMMY__ 0.46349733414481487 neg 0.2842872632502578 off 0.25221540260492714	false	1.0
geistlos	off 1.0		__DUMMY__ 0.45573226753285057 neg 0.27843741603227623 off 0.26583031643487315	false	0.5
fehlkauf	neg 1.0		__DUMMY__ 0.45874823725654196 neg 0.2755613734076582 off 0.2656903893357998	false	1.0
frustrierend	neg 1.0		__DUMMY__ 0.45815978279959985 neg 0.2734149832129133 off 0.2684252339874869	false	1.0
unzufrieden	neg 1.0		__DUMMY__ 0.45950877642472016 neg 0.2799710908773475 off 0.2605201326979323	false	1.0
verzweifeln	neg 1.0		__DUMMY__ 0.4598619512327673 neg 0.27773911637986964 off 0.26239893238736306	false	1.0
verzweifelt	neg 1.0	neg 1.0	neg 0.6283872635789955 __DUMMY__ 0.22153128388217425 off 0.1500814525388303	false	1.0
misstrauensantrag	neg 1.0		__DUMMY__ 0.4587131038918943 neg 0.2751357229247377 off 0.266151173183368	false	1.0
abfallen	neg 1.0		__DUMMY__ 0.46064816727203056 neg 0.2741535438229986 off 0.2651982889049709	false	1.0
fucker	off 1.0		__DUMMY__ 0.45629084991597624 off 0.2728376765841181 neg 0.2708714734999058	false	1.0
ungezogen	neg 1.0		__DUMMY__ 0.4506699596772139 off 0.2807744956242163 neg 0.2685555446985698	false	0.5
irrsinnig	neg 1.0	neg 1.0	neg 0.6277438384299711 __DUMMY__ 0.221996589566827 off 0.15025957200320206	false	1.0
unfassbar	neg 1.0		__DUMMY__ 0.4573939695515907 neg 0.2715775510884367 off 0.2710284793599727	false	1.0
hart	neg 1.0		__DUMMY__ 0.45636527686656697 neg 0.2736943257774989 off 0.26994039735593406	false	1.0
widerlich	off 1.0		__DUMMY__ 0.45517362616932794 neg 0.2738230042915163 off 0.27100336953915577	false	0.5
fatal	neg 1.0		__DUMMY__ 0.45848775952803644 neg 0.27522819371261265 off 0.2662840467593509	false	1.0
bruch	neg 1.0		__DUMMY__ 0.46260765448601904 neg 0.28164960046217874 off 0.2557427450518021	false	1.0
aushungern	neg 1.0		__DUMMY__ 0.46051562574503585 neg 0.2782425281969764 off 0.26124184605798767	false	1.0
anspannung	neg 1.0		__DUMMY__ 0.4660536106750578 neg 0.2803338844812125 off 0.2536125048437296	false	1.0
von			__DUMMY__ 0.4694244662185515 neg 0.27069161335777375 off 0.25988392042367486	false	0.0
kraftlos	neg 1.0		__DUMMY__ 0.46124486604654635 neg 0.27771612011512137 off 0.2610390138383322	false	1.0
vom			__DUMMY__ 0.4698205049328159 neg 0.2779806820864622 off 0.25219881298072194	false	0.0
grenzdebil	off 1.0		__DUMMY__ 0.45726631431422843 off 0.2714323782042662 neg 0.2713013074815053	false	1.0
vor			__DUMMY__ 0.4640252908340038 neg 0.27877210255262885 off 0.25720260661336736	false	0.0
unterwerfen	neg 1.0		__DUMMY__ 0.4606922223901063 neg 0.2800990099073642 off 0.25920876770252954	false	1.0
versenkung	neg 1.0		__DUMMY__ 0.4626402695040321 neg 0.2772124531524818 off 0.26014727734348625	false	1.0
entziehen	neg 1.0		__DUMMY__ 0.4626777482590846 neg 0.28127512568645135 off 0.2560471260544641	false	1.0
finanzkrise	neg 1.0		__DUMMY__ 0.4574892233258761 neg 0.28143175996977865 off 0.26107901670434525	false	1.0
schimpfend	neg 1.0		__DUMMY__ 0.4586291380281055 neg 0.27548934718017837 off 0.2658815147917161	false	1.0
profan	neg 1.0		__DUMMY__ 0.4577631180308776 neg 0.27561648756115975 off 0.26662039440796254	false	1.0
korruption	neg 1.0		__DUMMY__ 0.4595474376560922 neg 0.28112126776104923 off 0.25933129458285875	false	1.0
â			__DUMMY__ 0.4623340067037864 neg 0.276860623699189 off 0.26080536959702466	false	0.0
schmutzig	neg 1.0		__DUMMY__ 0.45722117939971985 off 0.27196042405477044 neg 0.27081839654550977	false	0.5
sexy	neg 1.0		__DUMMY__ 0.45885944286113506 neg 0.27288450511987417 off 0.2682560520189907	false	1.0
abraten	neg 1.0		__DUMMY__ 0.45968963220694237 neg 0.27377230895287136 off 0.2665380588401862	false	1.0
schwarz	neg 1.0		__DUMMY__ 0.45861443709844607 neg 0.2759986491943486 off 0.26538691370720524	false	1.0
fotze	off 1.0	off 1.0	off 0.6183153594951102 __DUMMY__ 0.22392061481292755 neg 0.15776402569196227	false	1.0
verwirren	neg 1.0		__DUMMY__ 0.4579820551504747 neg 0.2747241768394054 off 0.2672937680101198	false	1.0
zahnlos	off 1.0		__DUMMY__ 0.45949678112983217 neg 0.27894380874822705 off 0.2615594101219407	false	0.5
verheeren	neg 1.0		__DUMMY__ 0.4505424106810277 off 0.2822625478087426 neg 0.2671950415102297	false	0.5
hippie	neg 1.0		__DUMMY__ 0.45877921381027287 neg 0.27348005434855255 off 0.2677407318411745	false	1.0
rammen	neg 1.0		__DUMMY__ 0.4556853850090462 neg 0.28047468706933887 off 0.2638399279216151	false	1.0
unlauter	neg 1.0		__DUMMY__ 0.4571793311358425 neg 0.2788808907664919 off 0.26393977809766556	false	1.0
unheilvoll	neg 1.0		__DUMMY__ 0.45847988403745377 neg 0.27591411090151113 off 0.2656060050610352	false	1.0
niedrig	neg 1.0		__DUMMY__ 0.4601471619491267 neg 0.2823691336598203 off 0.25748370439105295	false	1.0
explosion	neg 1.0		__DUMMY__ 0.4586059046488317 neg 0.27437076734420734 off 0.2670233280069608	false	1.0
weichei	off 1.0	off 1.0	off 0.626934402886971 __DUMMY__ 0.21904969281957978 neg 0.1540159042934491	false	1.0
minusmensch	off 1.0		__DUMMY__ 0.4483729749624043 off 0.2780168296529631 neg 0.27361019538463266	false	1.0
farblos	neg 1.0		__DUMMY__ 0.46014130262909614 neg 0.27662855511789897 off 0.263230142253005	false	1.0
unwissend	neg 1.0	neg 1.0	neg 0.6258319868237294 __DUMMY__ 0.22117656632685137 off 0.15299144684941926	false	1.0
traurig	neg 1.0		__DUMMY__ 0.45644156535807606 off 0.27393612874319934 neg 0.26962230589872455	false	0.5
senkung	neg 1.0		__DUMMY__ 0.4564458965992202 neg 0.27758290900580285 off 0.26597119439497696	false	1.0
ungleich	neg 1.0	neg 1.0	neg 0.6299035099067356 __DUMMY__ 0.22366982704978844 off 0.1464266630434759	false	1.0
heikel	neg 1.0		__DUMMY__ 0.4608272540840819 neg 0.2809155649265348 off 0.2582571809893834	false	1.0
drosselung	neg 1.0		__DUMMY__ 0.45627973668856514 neg 0.2729543965250498 off 0.27076586678638503	false	1.0
falsch	neg 1.0		__DUMMY__ 0.45753482633712517 neg 0.2739856942813327 off 0.2684794793815423	false	1.0
unzufriedenheit	neg 1.0		__DUMMY__ 0.4618628393865521 neg 0.28149713027142853 off 0.2566400303420195	false	1.0
kurz	neg 1.0		__DUMMY__ 0.4628078335002446 neg 0.2742825062868482 off 0.26290966021290724	false	1.0
unsinnig	neg 1.0		__DUMMY__ 0.4592418106510106 neg 0.27897122002012 off 0.26178696932886936	false	1.0
penner	off 1.0	off 1.0	off 0.6279351242478599 __DUMMY__ 0.21873290291538747 neg 0.15333197283675268	false	1.0
seicht	neg 1.0		__DUMMY__ 0.45071415170496937 off 0.28019815163636297 neg 0.26908769665866783	false	0.5
dummheit	off 1.0	off 1.0	off 0.6213633728989983 __DUMMY__ 0.2209932853283281 neg 0.15764334177267358	false	1.0
unerfreulich	neg 1.0		__DUMMY__ 0.4623045683514846 neg 0.27995243557698885 off 0.2577429960715265	false	1.0
motherfucker	off 1.0	off 1.0	off 0.6244566899527376 __DUMMY__ 0.22086865818706208 neg 0.1546746518602004	false	1.0
pikiert	neg 1.0		__DUMMY__ 0.4552910703426054 neg 0.2747461829503315 off 0.26996274670706305	false	1.0
wrack	neg 1.0		__DUMMY__ 0.4616290121138994 neg 0.27706505648987395 off 0.26130593139622654	false	1.0
gangster	neg 1.0		__DUMMY__ 0.45857923466292894 neg 0.2736961994843043 off 0.26772456585276666	false	1.0
krank	neg 1.0		__DUMMY__ 0.45772683317816254 off 0.2716171184630046 neg 0.2706560483588329	false	0.5
reich	neg 1.0		__DUMMY__ 0.4581163940852192 neg 0.2718579919448904 off 0.27002561396989033	false	1.0
gnadenlos	neg 1.0		__DUMMY__ 0.45799140275031547 neg 0.27748525425725 off 0.26452334299243463	false	1.0
niedergeschlagen	neg 1.0		__DUMMY__ 0.46097267446369783 neg 0.27675873805723167 off 0.2622685874790706	false	1.0
terrorisieren	off 1.0	off 1.0	off 0.6172202413993351 __DUMMY__ 0.2241150655121633 neg 0.1586646930885017	false	1.0
sinnlosigkeit	neg 1.0		__DUMMY__ 0.45984262947218335 neg 0.27912801624444916 off 0.2610293542833674	false	1.0
behindern	neg 1.0		__DUMMY__ 0.460033271628042 neg 0.27722376853129277 off 0.2627429598406653	false	1.0
undemokratisch	neg 1.0		__DUMMY__ 0.45861568104462996 neg 0.27696081182544285 off 0.2644235071299272	false	1.0
wirtschaftskrise	neg 1.0		__DUMMY__ 0.45894142585160996 neg 0.28223501680813806 off 0.2588235573402521	false	1.0
neid	neg 1.0		__DUMMY__ 0.4599356973053573 neg 0.2707683947353123 off 0.2692959079593304	false	1.0
rutschen	neg 1.0		__DUMMY__ 0.4668693873934559 neg 0.2778910214607317 off 0.25523959114581235	false	1.0
rezession	neg 1.0		__DUMMY__ 0.4506403733113403 neg 0.2775050128612409 off 0.2718546138274188	false	1.0
fehlgeburt	neg 1.0		__DUMMY__ 0.46031090230511834 neg 0.27340975538694184 off 0.26627934230793976	false	1.0
charakterschwach	off 1.0		__DUMMY__ 0.45535866436504174 neg 0.2738202867275428 off 0.27082104890741554	false	0.5
isolation	neg 1.0		__DUMMY__ 0.4583561030757898 neg 0.27353411388865134 off 0.2681097830355589	false	1.0
ablenkung	neg 1.0		__DUMMY__ 0.4608239221500011 neg 0.2749030490917619 off 0.2642730287582369	false	1.0
pech	neg 1.0		__DUMMY__ 0.4582592871255742 neg 0.27347670768248683 off 0.2682640051919388	false	1.0
vermeidung	neg 1.0		__DUMMY__ 0.45659703391814344 neg 0.2723314239862154 off 0.271071542095641	false	1.0
dominieren	neg 1.0		__DUMMY__ 0.46081479627143085 neg 0.28034293979268854 off 0.25884226393588056	false	1.0
schwindlig	neg 1.0		__DUMMY__ 0.45982508652883586 neg 0.2733881367132417 off 0.26678677675792256	false	1.0
lutscher	neg 1.0	neg 1.0	neg 0.6224389882265854 __DUMMY__ 0.21807152762665022 off 0.15948948414676428	false	1.0
pflicht	neg 1.0		__DUMMY__ 0.4614677516771522 neg 0.2815857565339321 off 0.25694649178891577	false	1.0
faschist	off 1.0		__DUMMY__ 0.45793786547061366 neg 0.27456214778799287 off 0.2674999867413934	false	0.5
verschleudern	neg 1.0		__DUMMY__ 0.46053363634352884 neg 0.2815921215983665 off 0.25787424205810466	false	1.0
wenn			__DUMMY__ 0.457435529144371 neg 0.27398454886573165 off 0.2685799219898972	false	0.0
ehebruch	neg 1.0		__DUMMY__ 0.4605230837514283 neg 0.2797551672550298 off 0.2597217489935419	false	1.0
spott	off 1.0		__DUMMY__ 0.4601191917189241 neg 0.2809631221015979 off 0.2589176861794781	false	0.5
trostlosigkeit	neg 1.0		__DUMMY__ 0.4622923637874434 neg 0.2812981704701514 off 0.25640946574240514	false	1.0
lutschen	neg 1.0		__DUMMY__ 0.45626852491073366 neg 0.2764307685101628 off 0.2673007065791035	false	1.0
undiszipliniert	neg 1.0		__DUMMY__ 0.45575799322526106 off 0.2729551468098327 neg 0.27128685996490626	false	0.5
kopfschmerz	neg 1.0		__DUMMY__ 0.45875737142871587 neg 0.2807929663694136 off 0.2604496622018706	false	1.0
unvorhergesehen	neg 1.0		__DUMMY__ 0.464910813035357 neg 0.2756562597904232 off 0.25943292717421984	false	1.0
desinteressiert	neg 1.0	neg 1.0	neg 0.6248953461646778 __DUMMY__ 0.2205801506926941 off 0.1545245031426281	false	1.0
armselig	off 1.0		__DUMMY__ 0.4537853037017726 neg 0.27317570199305125 off 0.27303899430517625	false	0.5
desaster	neg 1.0		__DUMMY__ 0.4626494752876204 neg 0.28235270253283623 off 0.25499782217954325	false	1.0
tod	neg 1.0		__DUMMY__ 0.4623221348044176 neg 0.27703604347189265 off 0.26064182172368977	false	1.0
herzlos	neg 1.0		__DUMMY__ 0.45486186524619604 off 0.2733721496674158 neg 0.2717659850863882	false	0.5
unwissenheit	neg 1.0		__DUMMY__ 0.4595456350643819 neg 0.2800030271348077 off 0.2604513378008104	false	1.0
widersinnig	neg 1.0		__DUMMY__ 0.45793790019563124 neg 0.2821638643033924 off 0.25989823550097624	false	1.0
bedenklich	neg 1.0		__DUMMY__ 0.46009085324297627 neg 0.28040130272711494 off 0.25950784402990884	false	1.0
beanstanden	neg 1.0		__DUMMY__ 0.46202230834673746 neg 0.2812856842300946 off 0.2566920074231679	false	1.0
panisch	neg 1.0	neg 1.0	neg 0.6246398429864373 __DUMMY__ 0.22359739728720354 off 0.15176275972635916	false	1.0
debil	off 1.0		__DUMMY__ 0.4663299248111055 neg 0.28250141179980415 off 0.2511686633890904	false	0.5
abstrich	neg 1.0		__DUMMY__ 0.4637283962633353 neg 0.2724345953756996 off 0.26383700836096513	false	1.0
primitiv	neg 1.0		__DUMMY__ 0.4550212227474003 neg 0.2737646128699641 off 0.27121416438263546	false	1.0
abschaum	off 1.0	off 1.0	off 0.6231302595086868 __DUMMY__ 0.2209434945404655 neg 0.1559262459508477	false	1.0
provozieren	neg 1.0		__DUMMY__ 0.45729366486224665 neg 0.27866674162922694 off 0.26403959350852635	false	1.0
tot	neg 1.0		__DUMMY__ 0.46068333359607305 neg 0.27879418087834784 off 0.2605224855255792	false	1.0
instabil	neg 1.0		__DUMMY__ 0.45420700637713746 neg 0.27347776274791485 off 0.2723152308749478	false	1.0
schwuchtel	off 1.0	off 1.0	off 0.6313018791377284 __DUMMY__ 0.21612059156547317 neg 0.1525775292967986	false	1.0
zerren	neg 1.0		__DUMMY__ 0.4606648695232323 neg 0.2779262489528312 off 0.2614088815239366	false	1.0
kinderficker	off 1.0		__DUMMY__ 0.454118223369007 off 0.2766556423319301 neg 0.26922613429906295	false	1.0
gefahr	neg 1.0		__DUMMY__ 0.463038357090357 neg 0.2800879918776056 off 0.25687365103203735	false	1.0
rabiat	neg 1.0		__DUMMY__ 0.4596809232091218 neg 0.27644130715298537 off 0.26387776963789283	false	1.0
verlangsamung	neg 1.0		__DUMMY__ 0.44987166329053696 off 0.276927936611046 neg 0.27320040009841695	false	0.5
ausgestorben	neg 1.0		__DUMMY__ 0.4604398248164929 neg 0.27580919582218993 off 0.26375097936131725	false	1.0
anklagen	neg 1.0		__DUMMY__ 0.46019847148385895 neg 0.27990825704949657 off 0.2598932714666445	false	1.0
trott	neg 1.0		__DUMMY__ 0.4601049844812319 neg 0.2766478568483523 off 0.2632471586704159	false	1.0
verminderung	neg 1.0		__DUMMY__ 0.45624201160531835 neg 0.27230238727561695 off 0.2714556011190647	false	1.0
nach			__DUMMY__ 0.4678824488123558 neg 0.27799623598041984 off 0.2541213152072243	false	0.0
rost	neg 1.0		__DUMMY__ 0.4534009618282072 off 0.2768245464472592 neg 0.26977449172453366	false	0.5
destruktiv	neg 1.0		__DUMMY__ 0.45866830644226736 neg 0.2783073725238407 off 0.26302432103389184	false	1.0
unzumutbarkeit	neg 1.0		__DUMMY__ 0.4577769257803007 neg 0.27188891480855615 off 0.2703341594111432	false	1.0
labil	off 1.0	off 1.0	off 0.6227073628358497 __DUMMY__ 0.2214235153521006 neg 0.15586912181204973	false	1.0
ziemlich	neg 1.0		__DUMMY__ 0.45826015922171887 off 0.27120222532150096 neg 0.27053761545678023	false	0.5
lachnummer	off 1.0		__DUMMY__ 0.4581244146182573 neg 0.2782119604291934 off 0.26366362495254936	false	0.5
oder			__DUMMY__ 0.4605068473548222 neg 0.2743287274166886 off 0.26516442522848904	false	0.0
verfall	neg 1.0		__DUMMY__ 0.46411749357535675 neg 0.2833278344963175 off 0.2525546719283257	false	1.0
ausgrenzung	neg 1.0		__DUMMY__ 0.4583229819138416 neg 0.27657711447714983 off 0.2650999036090085	false	1.0
unordnung	neg 1.0		__DUMMY__ 0.4578723712145598 off 0.2736352771890419 neg 0.2684923515963981	false	0.5
fehlverhalten	neg 1.0		__DUMMY__ 0.46013338313112956 neg 0.28266642843120743 off 0.25720018843766296	false	1.0
eine			__DUMMY__ 0.46367654298924255 neg 0.27844942604999334 off 0.25787403096076406	false	0.0
nille	neg 1.0		__DUMMY__ 0.46055024168837 neg 0.2761343196213527 off 0.2633154386902773	false	1.0
qual	neg 1.0		__DUMMY__ 0.4603794989853515 neg 0.2767862019496204 off 0.26283429906502814	false	1.0
verschwenden	neg 1.0		__DUMMY__ 0.4602097987186849 neg 0.2810783067844418 off 0.25871189449687326	false	1.0
riesig	neg 1.0		__DUMMY__ 0.46214501999081825 neg 0.277824320365509 off 0.2600306596436728	false	1.0
verurteilen	neg 1.0		__DUMMY__ 0.45851798253636156 neg 0.28160615172222225 off 0.25987586574141613	false	1.0
klischee	neg 1.0	neg 1.0	neg 0.6269608409281561 __DUMMY__ 0.22111746096339963 off 0.15192169810844428	false	1.0
diktatorisch	neg 1.0		__DUMMY__ 0.4580793351602381 neg 0.27747187786665445 off 0.2644487869731074	false	1.0
vorhersehbar	neg 1.0		__DUMMY__ 0.4565320609154377 neg 0.27661814066303014 off 0.2668497984215321	false	1.0
sowie			__DUMMY__ 0.4524378057526949 off 0.2750619839863107 neg 0.27250021026099447	false	0.0
stornieren	neg 1.0		__DUMMY__ 0.46283234204080936 neg 0.26969140831446375 off 0.2674762496447268	false	1.0
besteuerung	neg 1.0		__DUMMY__ 0.4564857813247803 neg 0.28034148340575854 off 0.263172735269461	false	1.0
ungeschminkt	neg 1.0		__DUMMY__ 0.45343994017633693 neg 0.2764597353502955 off 0.27010032447336757	false	1.0
kritisch	neg 1.0		__DUMMY__ 0.46057261678579814 neg 0.28008801577435016 off 0.25933936743985175	false	1.0
schlamperei	off 1.0		__DUMMY__ 0.46220374796329583 neg 0.2796046966294319 off 0.2581915554072724	false	0.5
sucht	neg 1.0	neg 1.0	neg 0.6233845958420121 __DUMMY__ 0.2255364794788254 off 0.15107892467916248	false	1.0
egoistisch	off 1.0		__DUMMY__ 0.45278677950996604 off 0.2764068165590973 neg 0.2708064039309366	false	1.0
ausbeuter	off 1.0		__DUMMY__ 0.4594609183603521 neg 0.2836197787959385 off 0.2569193028437095	false	0.5
arschgeburt	off 1.0		__DUMMY__ 0.44639717598098866 off 0.28373551027322064 neg 0.26986731374579076	false	1.0
schubs	neg 1.0		__DUMMY__ 0.46129393014072917 neg 0.27691594532289215 off 0.2617901245363789	false	1.0
unsolide	neg 1.0		__DUMMY__ 0.4567362855220128 neg 0.278493137640719 off 0.26477057683726835	false	1.0
beschwerde	neg 1.0		__DUMMY__ 0.46021534016777604 neg 0.2813870206932895 off 0.2583976391389345	false	1.0
stocken	neg 1.0		__DUMMY__ 0.4615123581585763 neg 0.2801517030563281 off 0.2583359387850957	false	1.0
isolieren	neg 1.0		__DUMMY__ 0.46041141834991384 neg 0.27968974630988536 off 0.25989883534020086	false	1.0
unheilbar	neg 1.0		__DUMMY__ 0.4594730606210978 neg 0.2765204595361142 off 0.2640064798427881	false	1.0
pisser	off 1.0		__DUMMY__ 0.4534233641901024 neg 0.27441589841910485 off 0.2721607373907929	false	0.5
löschen	neg 1.0		__DUMMY__ 0.45996632363401213 neg 0.27642638074122233 off 0.2636072956247656	false	1.0
durchfallen	neg 1.0		__DUMMY__ 0.4593322069304199 neg 0.28094093508657264 off 0.25972685798300743	false	1.0
wichser	off 1.0	off 1.0	off 0.6299348416934016 __DUMMY__ 0.21783999477519614 neg 0.15222516353140222	false	1.0
terror	neg 1.0		__DUMMY__ 0.4590540227882863 neg 0.27346835437808104 off 0.2674776228336327	false	1.0
krass	neg 1.0		__DUMMY__ 0.45469729524811636 off 0.2742605935037143 neg 0.27104211124816946	false	0.5
revolte	neg 1.0		__DUMMY__ 0.4581924620462733 neg 0.27616102753875 off 0.26564651041497667	false	1.0
besorgt	neg 1.0		__DUMMY__ 0.4634131136313575 neg 0.2738248677801738 off 0.26276201858846876	false	1.0
nachlassen	neg 1.0		__DUMMY__ 0.4624152270245755 neg 0.27897253324356175 off 0.25861223973186276	false	1.0
alt	neg 1.0		__DUMMY__ 0.45984638501810593 neg 0.2798410098591886 off 0.2603126051227056	false	1.0
hundesohn	off 1.0		__DUMMY__ 0.4498092512842789 off 0.28038292665953024 neg 0.2698078220561909	false	1.0
als			__DUMMY__ 0.4614101856920376 neg 0.2769297264393867 off 0.26166008786857575	false	0.0
abschreckung	neg 1.0		__DUMMY__ 0.461826790998443 neg 0.28186087120298225 off 0.2563123377985748	false	1.0
unqualifiziert	neg 1.0		__DUMMY__ 0.45602723266226286 neg 0.2761928821638833 off 0.26777988517385387	false	1.0
abgewichst	off 1.0		__DUMMY__ 0.46135797995705224 neg 0.2758392568047177 off 0.26280276323823	false	0.5
schwer	neg 1.0		__DUMMY__ 0.4594451736746712 neg 0.277640671946559 off 0.26291415437876986	false	1.0
bedeutungslosigkeit	neg 1.0		__DUMMY__ 0.4613438051974152 neg 0.28114591798420163 off 0.2575102768183832	false	1.0
kapitulation	neg 1.0		__DUMMY__ 0.4610242882366009 neg 0.27992709466627086 off 0.25904861709712823	false	1.0
unscharf	neg 1.0		__DUMMY__ 0.4572456655709416 neg 0.2765849009026204 off 0.266169433526438	false	1.0
schwinden	neg 1.0		__DUMMY__ 0.46120929580507547 neg 0.2818096533868674 off 0.2569810508080571	false	1.0
versklavung	neg 1.0		__DUMMY__ 0.45870085317429454 neg 0.2771846806802668 off 0.2641144661454386	false	1.0
schlecht	neg 1.0		__DUMMY__ 0.4580307136886856 off 0.271301199851655 neg 0.27066808645965945	false	0.5
verhasst	neg 1.0		__DUMMY__ 0.45625647505718664 neg 0.2793861862752781 off 0.26435733866753525	false	1.0
beschweren	neg 1.0		__DUMMY__ 0.45879531949748414 neg 0.27510055622826224 off 0.2661041242742537	false	1.0
scheiden	neg 1.0		__DUMMY__ 0.4614202268816629 neg 0.27440178475151283 off 0.2641779883668244	false	1.0
frustriert	neg 1.0		__DUMMY__ 0.4592871354198675 neg 0.2790459598071968 off 0.2616669047729358	false	1.0
schimmelig	neg 1.0		__DUMMY__ 0.45776278189711667 neg 0.2831266297074385 off 0.2591105883954448	false	1.0
fisch	neg 1.0		__DUMMY__ 0.46035675295022804 neg 0.28329655622413424 off 0.2563466908256377	false	1.0
schmuggel	neg 1.0		__DUMMY__ 0.46159883634865057 neg 0.2802881083742415 off 0.2581130552771078	false	1.0
auffallen	neg 1.0		__DUMMY__ 0.4585427789109572 neg 0.2743791894849481 off 0.2670780316040947	false	1.0
konkurrenz	neg 1.0		__DUMMY__ 0.46210391466465944 neg 0.28198690709474605 off 0.25590917824059445	false	1.0
teufelskreis	neg 1.0	neg 1.0	neg 0.6290692506353053 __DUMMY__ 0.22194132897688185 off 0.1489894203878129	false	1.0
aufschreien	neg 1.0		__DUMMY__ 0.4571260471372161 neg 0.27625787769362464 off 0.26661607516915914	false	1.0
schuldner	neg 1.0		__DUMMY__ 0.4596991228000108 neg 0.2842436680468887 off 0.25605720915310054	false	1.0
missgeburt	off 1.0	off 1.0	off 0.6270040360759273 __DUMMY__ 0.21815688546184567 neg 0.15483907846222703	false	1.0
arbeitslos	neg 1.0		__DUMMY__ 0.45942945386281614 neg 0.2803315446457337 off 0.2602390014914503	false	1.0
befallen	neg 1.0		__DUMMY__ 0.45797660168039467 neg 0.28133431703533845 off 0.26068908128426693	false	1.0
miesepetrig	off 1.0	off 1.0	off 0.6235600494418035 __DUMMY__ 0.22176904386094037 neg 0.15467090669725606	false	1.0
alarmieren	neg 1.0		__DUMMY__ 0.455899473776316 neg 0.2760935831500414 off 0.2680069430736427	false	1.0
ungeduscht	off 1.0		__DUMMY__ 0.4558576571995059 neg 0.27611984402769596 off 0.26802249877279827	false	0.5
knappheit	neg 1.0		__DUMMY__ 0.4581732762416459 neg 0.2829276791435978 off 0.2588990446147563	false	1.0
schlange	neg 1.0		__DUMMY__ 0.4614665201452736 neg 0.2720703595593319 off 0.26646312029539454	false	1.0
harsch	neg 1.0		__DUMMY__ 0.45608831303944897 off 0.2759077155335713 neg 0.26800397142697974	false	0.5
lang	neg 1.0		__DUMMY__ 0.45992878607957355 neg 0.2753093533571371 off 0.2647618605632895	false	1.0
ziellos	neg 1.0		__DUMMY__ 0.4623886527418669 neg 0.27721867828700514 off 0.2603926689711279	false	1.0
selbstverliebt	neg 1.0		__DUMMY__ 0.4490027669073827 off 0.2818889989659765 neg 0.26910823412664087	false	0.5
beseitigen	neg 1.0		__DUMMY__ 0.4604490876429152 neg 0.2777092921598151 off 0.2618416201972696	false	1.0
dumm	off 1.0		__DUMMY__ 0.4531702072526304 off 0.27747728671850197 neg 0.2693525060288675	false	1.0
arbeitsloser	neg 1.0		__DUMMY__ 0.46177982727860706 neg 0.27708988585343003 off 0.26113028686796286	false	1.0
blitzen	neg 1.0		__DUMMY__ 0.4588592763556524 neg 0.27348210931826294 off 0.2676586143260847	false	1.0
hilflos	neg 1.0		__DUMMY__ 0.4595200552228821 neg 0.27930881947465536 off 0.26117112530246245	false	1.0
eklig	off 1.0		__DUMMY__ 0.4507500207798285 off 0.2772921811099076 neg 0.2719577981102639	false	1.0
begriff			__DUMMY__ 0.460042693655046 neg 0.27698837273428784 off 0.26296893361066614	false	0.0
hungersnot	neg 1.0		__DUMMY__ 0.4602767860549666 neg 0.27935967439063397 off 0.2603635395543994	false	1.0
ungesetzlich	neg 1.0		__DUMMY__ 0.4568653953550137 neg 0.27957349706355694 off 0.2635611075814295	false	1.0
verschwendung	neg 1.0		__DUMMY__ 0.4611807656805183 neg 0.28037350077352946 off 0.2584457335459523	false	1.0
schmerzvoll	neg 1.0		__DUMMY__ 0.4583621915767181 neg 0.27615172662615334 off 0.26548608179712857	false	1.0
vorzeitig	neg 1.0		__DUMMY__ 0.45739635831665293 neg 0.27619391690915895 off 0.266409724774188	false	1.0
unvollkommenheit	neg 1.0		__DUMMY__ 0.46370638653273966 neg 0.27490684305212876 off 0.26138677041513153	false	1.0
intervenieren	neg 1.0		__DUMMY__ 0.4604043762212825 neg 0.28172295991629226 off 0.2578726638624253	false	1.0
banause	off 1.0		__DUMMY__ 0.4486078568377541 off 0.2798490602503256 neg 0.2715430829119203	false	1.0
rebell	neg 1.0		__DUMMY__ 0.46302787148998586 neg 0.28268794690801496 off 0.25428418160199917	false	1.0
unlogisch	neg 1.0		__DUMMY__ 0.45450907685061476 off 0.27305489005567046 neg 0.2724360330937148	false	0.5
leiden	neg 1.0		__DUMMY__ 0.46359984059084136 neg 0.27836192109727204 off 0.25803823831188655	false	1.0
abschaffung	neg 1.0		__DUMMY__ 0.4593059756066883 neg 0.2768248571191232 off 0.2638691672741886	false	1.0
sturz	neg 1.0		__DUMMY__ 0.46072553734482624 neg 0.2752285517781184 off 0.26404591087705537	false	1.0
verkleinerung	neg 1.0		__DUMMY__ 0.4563557784095102 neg 0.27730165848717003 off 0.2663425631033196	false	1.0
schmarotzer	off 1.0		__DUMMY__ 0.45858618293294084 neg 0.28046884046771775 off 0.2609449765993415	false	0.5
bestrafung	neg 1.0		__DUMMY__ 0.4588911163736627 neg 0.27635536328406657 off 0.2647535203422708	false	1.0
achtlos	neg 1.0	neg 1.0	neg 0.6272623050822534 __DUMMY__ 0.22339447354863431 off 0.14934322136911224	false	1.0
ungeheuer	neg 1.0		__DUMMY__ 0.4590037514344529 neg 0.27431670457091784 off 0.2666795439946292	false	1.0
unaufrichtig	neg 1.0		__DUMMY__ 0.4606214024178429 neg 0.27114681402561197 off 0.26823178355654503	false	1.0
groggy	neg 1.0		__DUMMY__ 0.4583544930194235 neg 0.27439697884774056 off 0.26724852813283606	false	1.0
verletzlich	neg 1.0		__DUMMY__ 0.45457597311473524 neg 0.2751232915510654 off 0.2703007353341994	false	1.0
ablehnen	neg 1.0		__DUMMY__ 0.46040633779890644 neg 0.2794222524837282 off 0.2601714097173654	false	1.0
