unsolidarisch	neg 1.0		neg 0.5120816283339338 off 0.48100702666170403 __DUMMY__ 0.006911345004362241	false	1.0
nachteilig	neg 1.0		neg 0.5142314305481994 off 0.47879296496013285 __DUMMY__ 0.006975604491667628	false	1.0
skeptisch	neg 1.0		neg 0.514577189742878 off 0.4784389520422074 __DUMMY__ 0.006983858214914664	false	1.0
schrecklich	neg 1.0		neg 0.4995912529386295 off 0.49352599406295644 __DUMMY__ 0.006882752998413968	false	1.0
schlapp	neg 1.0		neg 0.5032473608571439 off 0.4898356099710225 __DUMMY__ 0.006917029171833392	false	1.0
abfall	neg 1.0		neg 0.5175017233677048 off 0.4754780520035715 __DUMMY__ 0.007020224628723628	false	1.0
widerspenstig	neg 1.0		neg 0.5088853081352721 off 0.4841635314993577 __DUMMY__ 0.006951160365370289	false	1.0
abrupt	neg 1.0		neg 0.5130146432085471 off 0.47999507837098 __DUMMY__ 0.006990278420472942	false	1.0
unwirksam	neg 1.0		neg 0.5125007180072358 off 0.48059837564802 __DUMMY__ 0.006900906344744262	false	1.0
angreifen	neg 1.0		neg 0.5158908887940717 off 0.47714403482914824 __DUMMY__ 0.006965076376779992	false	1.0
inkonsistent	neg 1.0		neg 0.510440158014056 off 0.48265229923317204 __DUMMY__ 0.00690754275277212	false	1.0
abrutschen	neg 1.0		neg 0.5180363854705236 off 0.4749639575897189 __DUMMY__ 0.006999656939757532	false	1.0
unsicher	neg 1.0		neg 0.5081558253521852 off 0.48487075951826286 __DUMMY__ 0.00697341512955201	false	1.0
bauernkind	off 1.0	off 1.0	off 0.7286924627626782 neg 0.26810099344038074 __DUMMY__ 0.0032065437969410276	false	1.0
angreifer	neg 1.0	neg 1.0	neg 0.7389431642496073 off 0.25775052647405944 __DUMMY__ 0.003306309276333316	false	1.0
trennen	neg 1.0		neg 0.513567214104549 off 0.4794238723645216 __DUMMY__ 0.007008913530929514	false	1.0
schmutz	neg 1.0		neg 0.5060385808531296 off 0.48699257813156427 __DUMMY__ 0.006968841015306213	false	1.0
inkonsistenz	neg 1.0		neg 0.5071637430894201 off 0.4859808890776031 __DUMMY__ 0.006855367832976761	false	1.0
erschreckend	neg 1.0		neg 0.510923006034979 off 0.4821329599603358 __DUMMY__ 0.006944034004685121	false	1.0
ertrinken	neg 1.0		neg 0.5150510433188523 off 0.47798110952583356 __DUMMY__ 0.006967847155314124	false	1.0
pickelface	off 1.0		neg 0.5102855758758293 off 0.48275519064794503 __DUMMY__ 0.0069592334762256566	false	0.5
seiner			neg 0.5140750311443465 off 0.4789400137073378 __DUMMY__ 0.006984955148315679	false	0.0
lauch	neg 1.0		neg 0.5166848435189939 off 0.47630528645031045 __DUMMY__ 0.0070098700306955525	false	1.0
unwichtig	neg 1.0		neg 0.5052873771817206 off 0.4878161855130875 __DUMMY__ 0.006896437305191947	false	1.0
steuerhinterziehung	neg 1.0	neg 1.0	neg 0.7424288340320686 off 0.25426802121611186 __DUMMY__ 0.003303144751819461	false	1.0
schock	neg 1.0		neg 0.5102973676240014 off 0.4827442789232927 __DUMMY__ 0.006958353452706076	false	1.0
beule	neg 1.0		neg 0.5037461638204751 off 0.4893684681349854 __DUMMY__ 0.006885368044539589	false	1.0
vergelten	neg 1.0		neg 0.4991943659711041 off 0.49388461989550086 __DUMMY__ 0.00692101413339518	false	1.0
verdorbenheit	neg 1.0		neg 0.5059256937460841 off 0.4870832475980469 __DUMMY__ 0.006991058655869135	false	1.0
trauma	neg 1.0		neg 0.5085347573544685 off 0.48452281407525855 __DUMMY__ 0.006942428570272816	false	1.0
sinnlos	neg 1.0		neg 0.5070606686202525 off 0.48600446201668884 __DUMMY__ 0.00693486936305875	false	1.0
fettsack	off 1.0	off 1.0	off 0.7303588022438183 neg 0.26641982584661994 __DUMMY__ 0.003221371909561692	false	1.0
feige	off 1.0	off 1.0	off 0.7281127213823512 neg 0.2686264490135192 __DUMMY__ 0.003260829604129584	false	1.0
abdanken	neg 1.0		neg 0.5110407339322263 off 0.48201635630051376 __DUMMY__ 0.006942909767260092	false	1.0
wichtigtuer	off 1.0	off 1.0	off 0.7273701494990462 neg 0.2693483822930007 __DUMMY__ 0.0032814682079531084	false	1.0
misslingen	neg 1.0		neg 0.5039309702603845 off 0.48904075436433553 __DUMMY__ 0.007028275375280002	false	1.0
untreu	off 1.0		neg 0.5044133385257749 off 0.4886881121046241 __DUMMY__ 0.006898549369600972	false	0.5
missmutig	neg 1.0		neg 0.5042778156719809 off 0.48880423191395606 __DUMMY__ 0.00691795241406287	false	1.0
hurenbock	off 1.0		neg 0.5068526810884197 off 0.4862026696666431 __DUMMY__ 0.006944649244937149	false	0.5
betrunken	neg 1.0		neg 0.5018620609254966 off 0.49123859095005973 __DUMMY__ 0.006899348124443751	false	1.0
korrupt	off 1.0		neg 0.5149479301383999 off 0.47813324757244396 __DUMMY__ 0.006918822289156095	false	0.5
unmut	neg 1.0		neg 0.5172566360974941 off 0.4757324615672786 __DUMMY__ 0.007010902335227462	false	1.0
hackfresse	off 1.0		neg 0.49719745264115084 off 0.4959683966351981 __DUMMY__ 0.006834150723651151	false	0.5
aufblasen	neg 1.0		neg 0.5070218440490906 off 0.48603393517445986 __DUMMY__ 0.00694422077644953	false	1.0
gewaltsam	neg 1.0		neg 0.5110179913092616 off 0.48202110843687984 __DUMMY__ 0.006960900253858514	false	1.0
unbeliebtheit	neg 1.0		neg 0.5082522220918982 off 0.4848776513467812 __DUMMY__ 0.006870126561320572	false	1.0
sturheit	neg 1.0		neg 0.512238483090325 off 0.48082342989725374 __DUMMY__ 0.0069380870124211725	false	1.0
kuh	neg 1.0		neg 0.5106869670276543 off 0.48244992899467976 __DUMMY__ 0.006863103977666073	false	1.0
erschrecken	neg 1.0		neg 0.5041935095168204 off 0.48887846116071876 __DUMMY__ 0.006928029322460862	false	1.0
opfer	neg 1.0		neg 0.5131785033903947 off 0.4798474162686765 __DUMMY__ 0.006974080340928766	false	1.0
sinken	neg 1.0		neg 0.5169478915550523 off 0.47605140311057464 __DUMMY__ 0.007000705334373129	false	1.0
stinktier	neg 1.0		neg 0.5045025368384597 off 0.48871528220937643 __DUMMY__ 0.00678218095216392	false	1.0
tucke	off 1.0		neg 0.4981459079446992 off 0.49506400692196967 __DUMMY__ 0.006790085133331196	false	0.5
ein			neg 0.5081327644165149 off 0.4849240048007956 __DUMMY__ 0.006943230782689437	false	0.0
abstieg	neg 1.0		neg 0.5149876462962135 off 0.47804207151337286 __DUMMY__ 0.006970282190413629	false	1.0
missverstehen	neg 1.0		neg 0.5077216890350695 off 0.4853755596774947 __DUMMY__ 0.0069027512874358255	false	1.0
ergebnislos	neg 1.0		neg 0.5139703076190403 off 0.4790357703161397 __DUMMY__ 0.006993922064819946	false	1.0
unter			neg 0.519742659325293 off 0.4731731486639876 __DUMMY__ 0.007084192010719488	false	0.0
manipulieren	neg 1.0		neg 0.5149325859991493 off 0.4780788948677873 __DUMMY__ 0.006988519133063445	false	1.0
unbewiesen	neg 1.0		neg 0.5127928224789097 off 0.48030710255995746 __DUMMY__ 0.0069000749611328495	false	1.0
verschleppen	neg 1.0		neg 0.5140259250364552 off 0.47902114003834895 __DUMMY__ 0.006952934925195853	false	1.0
weib	off 1.0		neg 0.500128238297088 off 0.4931030357699217 __DUMMY__ 0.006768725932990441	false	0.5
opposition	neg 1.0		neg 0.5091089502277026 off 0.48397562084843077 __DUMMY__ 0.0069154289238666546	false	1.0
verkehrswidrig	neg 1.0		neg 0.4969614715093298 off 0.49610885036730046 __DUMMY__ 0.00692967812336981	false	1.0
inkorrekt	neg 1.0		neg 0.5025428048545891 off 0.4906044732197682 __DUMMY__ 0.00685272192564276	false	1.0
vermeiden	neg 1.0	neg 1.0	neg 0.7442592850242027 off 0.2523816838380918 __DUMMY__ 0.003359031137705543	false	1.0
abweichung	neg 1.0		neg 0.513028152815578 off 0.47999514851710107 __DUMMY__ 0.006976698667320889	false	1.0
alkoholisiert	neg 1.0		neg 0.5122673764710859 off 0.4807258277067801 __DUMMY__ 0.007006795822134007	false	1.0
scheiss	off 1.0	off 1.0	off 0.7293580205285453 neg 0.267369328782581 __DUMMY__ 0.0032726506888737478	false	1.0
herausforderung	neg 1.0		neg 0.5138789796141316 off 0.4791255859562871 __DUMMY__ 0.006995434429581324	false	1.0
pervers	off 1.0		off 0.4984092148777672 neg 0.4947997527617304 __DUMMY__ 0.006791032360502597	false	1.0
wackelig	neg 1.0		neg 0.5084933569199135 off 0.4844942048853363 __DUMMY__ 0.007012438194750145	false	1.0
verwickeln	neg 1.0		neg 0.5083132532010567 off 0.484780117325784 __DUMMY__ 0.006906629473159161	false	1.0
vorwand	neg 1.0		neg 0.5155525793747778 off 0.47746666578366787 __DUMMY__ 0.006980754841554241	false	1.0
muschi	off 1.0		neg 0.5101744872692483 off 0.48286758039808225 __DUMMY__ 0.006957932332669578	false	0.5
entmutigung	neg 1.0		neg 0.5094265158552778 off 0.48365017502275387 __DUMMY__ 0.006923309121968473	false	1.0
unangemessen	neg 1.0		neg 0.5128967985650094 off 0.48017171399626657 __DUMMY__ 0.006931487438724044	false	1.0
unstetig	neg 1.0		neg 0.5059941961654241 off 0.48706726211778495 __DUMMY__ 0.006938541716790893	false	1.0
entmutigen	neg 1.0		neg 0.5086039065291769 off 0.48445617121668916 __DUMMY__ 0.006939922254133968	false	1.0
schwanz	neg 1.0		neg 0.5128942308561844 off 0.4801336932777282 __DUMMY__ 0.006972075866087429	false	1.0
verbot	neg 1.0		neg 0.5136415769930346 off 0.4794071676447343 __DUMMY__ 0.006951255362231199	false	1.0
leid	neg 1.0		neg 0.49929899294617097 off 0.4938539399757993 __DUMMY__ 0.006847067078029892	false	1.0
archaisch	neg 1.0		neg 0.5114780159349066 off 0.481573029524315 __DUMMY__ 0.006948954540778501	false	1.0
gegen			neg 0.5164344113800007 off 0.4765568455121882 __DUMMY__ 0.007008743107811055	false	0.0
scheidung	neg 1.0		off 0.5053398316770086 neg 0.4878504612239139 __DUMMY__ 0.006809707099077513	false	0.5
einschlag	neg 1.0		neg 0.5014390497743981 off 0.4916774816442792 __DUMMY__ 0.006883468581322739	false	1.0
m			neg 0.5108081812978411 off 0.48220795770773694 __DUMMY__ 0.006983860994421953	false	0.0
abgestanden	neg 1.0		neg 0.5097788706619314 off 0.4832989025716792 __DUMMY__ 0.006922226766389542	false	1.0
schmierig	off 1.0		neg 0.4993221294606344 off 0.4938121231177791 __DUMMY__ 0.006865747421586417	false	0.5
unpraktisch	neg 1.0		neg 0.507256347239859 off 0.4857989965377048 __DUMMY__ 0.006944656222435995	false	1.0
wixxer	off 1.0		off 0.49719302312319114 neg 0.49604125324624543 __DUMMY__ 0.00676572363056346	false	1.0
bezeichnet			neg 0.5113812306850102 off 0.4817031936414698 __DUMMY__ 0.006915575673519911	false	0.0
jammerlappen	off 1.0		neg 0.5038159908259753 off 0.48926331906671006 __DUMMY__ 0.0069206901073145715	false	0.5
farce	neg 1.0		neg 0.5134804215105695 off 0.4795903335078735 __DUMMY__ 0.006929244981557056	false	1.0
zwecklos	neg 1.0		neg 0.5128774329853149 off 0.4801818096582433 __DUMMY__ 0.006940757356441837	false	1.0
turbulent	neg 1.0		neg 0.5053501417232452 off 0.48779227658870133 __DUMMY__ 0.006857581688053415	false	1.0
invasion	neg 1.0		neg 0.507509643334182 off 0.4855588400578253 __DUMMY__ 0.006931516607992642	false	1.0
schuld	neg 1.0		neg 0.5096133099906959 off 0.4834671670476753 __DUMMY__ 0.006919522961628851	false	1.0
risiko	neg 1.0	neg 1.0	neg 0.7389778920428929 off 0.257707442500055 __DUMMY__ 0.003314665457052191	false	1.0
finster	neg 1.0		neg 0.5092362719444239 off 0.4838492242311048 __DUMMY__ 0.00691450382447138	false	1.0
geisteskrank	off 1.0		neg 0.5049662831972259 off 0.48817707223104057 __DUMMY__ 0.006856644571733655	false	0.5
zusammenbrechen	neg 1.0		neg 0.5113299020913689 off 0.4817068375612901 __DUMMY__ 0.006963260347340916	false	1.0
ausbeute	neg 1.0		neg 0.5067879010611608 off 0.48613664340205914 __DUMMY__ 0.0070754555367800055	false	1.0
hinterhalt	neg 1.0		neg 0.5077983859886089 off 0.4851836084240092 __DUMMY__ 0.007018005587381961	false	1.0
kritik	neg 1.0		neg 0.5139773120975143 off 0.4790966838604585 __DUMMY__ 0.006926004042027224	false	1.0
einschrumpfen	neg 1.0		neg 0.5067191718912276 off 0.48638556226367247 __DUMMY__ 0.006895265845099933	false	1.0
riskant	neg 1.0		neg 0.5149050142705182 off 0.4781303786517215 __DUMMY__ 0.006964607077760351	false	1.0
frustrieren	neg 1.0		neg 0.5134735577200975 off 0.4795599246871258 __DUMMY__ 0.006966517592776619	false	1.0
groll	neg 1.0		neg 0.5135701706239257 off 0.47948916066846897 __DUMMY__ 0.006940668707605125	false	1.0
gibt			neg 0.5106932325109294 off 0.4823345634701707 __DUMMY__ 0.006972204018899993	false	0.0
qualvoll	neg 1.0		neg 0.5062631990368541 off 0.4868120814588262 __DUMMY__ 0.006924719504319683	false	1.0
wackeln	neg 1.0		neg 0.5071967092294042 off 0.48583749762309747 __DUMMY__ 0.006965793147498197	false	1.0
klagen	neg 1.0		neg 0.5172952446850207 off 0.47571275739131336 __DUMMY__ 0.006991997923666053	false	1.0
bankrott	neg 1.0		neg 0.5037183070591457 off 0.4893451300661761 __DUMMY__ 0.006936562874678345	false	1.0
trauern	neg 1.0		neg 0.512797911807077 off 0.480210624629183 __DUMMY__ 0.006991463563740017	false	1.0
ablehnung	neg 1.0		neg 0.513679757301243 off 0.4793831257688402 __DUMMY__ 0.006937116929916908	false	1.0
stur	neg 1.0		neg 0.5090742417294529 off 0.484002306661536 __DUMMY__ 0.00692345160901113	false	1.0
aufruhr	neg 1.0		neg 0.5112553083981464 off 0.4817963501366086 __DUMMY__ 0.006948341465245025	false	1.0
melancholie	neg 1.0		neg 0.5129726844620192 off 0.4800628992084453 __DUMMY__ 0.006964416329535526	false	1.0
ist			neg 0.5072015615033877 off 0.4858603908613234 __DUMMY__ 0.00693804763528909	false	0.0
torheit	neg 1.0		neg 0.5096827387262918 off 0.48337885072739284 __DUMMY__ 0.006938410546315399	false	1.0
dreckskind	off 1.0		neg 0.5007335426144236 off 0.49246563940493543 __DUMMY__ 0.006800817980641091	false	0.5
umtauschen	neg 1.0		neg 0.5089737579766899 off 0.4840655070986458 __DUMMY__ 0.006960734924664356	false	1.0
zum			neg 0.5150137691003226 off 0.4779031766635735 __DUMMY__ 0.0070830542361039195	false	0.0
zersetzen	neg 1.0		neg 0.5162726148159135 off 0.47676557376147505 __DUMMY__ 0.006961811422611532	false	1.0
zur			neg 0.517490784898443 off 0.4754502377025992 __DUMMY__ 0.007058977398957828	false	0.0
frust	neg 1.0		neg 0.5112467816823113 off 0.4817874213130265 __DUMMY__ 0.006965797004662322	false	1.0
unerbittlichkeit	neg 1.0		neg 0.5156620122559528 off 0.4773649164343129 __DUMMY__ 0.006973071309734277	false	1.0
zwei			neg 0.5142410082760208 off 0.47869031970594406 __DUMMY__ 0.007068672018035212	false	0.0
unkorrekt	neg 1.0		neg 0.5011761558588437 off 0.491940971475148 __DUMMY__ 0.00688287266600824	false	1.0
hexe	off 1.0		neg 0.5077869720421022 off 0.4853675960969873 __DUMMY__ 0.006845431860910493	false	0.5
lasch	neg 1.0		neg 0.5071443297009481 off 0.4859660144940643 __DUMMY__ 0.006889655804987611	false	1.0
rivale	neg 1.0		neg 0.5029290394128549 off 0.49019456897864017 __DUMMY__ 0.006876391608505025	false	1.0
mutlos	off 1.0	off 1.0	off 0.7233092548325657 neg 0.27338479890045386 __DUMMY__ 0.0033059462669804674	false	1.0
wirr	off 1.0		neg 0.5024024197189743 off 0.490754610962554 __DUMMY__ 0.006842969318471775	false	0.5
jahr			neg 0.5092154238544433 off 0.4836943681556272 __DUMMY__ 0.007090207989929509	false	0.0
wird			neg 0.5125247066755224 off 0.48050648198986795 __DUMMY__ 0.0069688113346096535	false	0.0
strafbar	neg 1.0		neg 0.5138890288936958 off 0.47914037699687656 __DUMMY__ 0.006970594109427639	false	1.0
erosion	neg 1.0		neg 0.5079141431449044 off 0.4851124492161211 __DUMMY__ 0.006973407638974504	false	1.0
eingehen	neg 1.0		neg 0.5141738599824199 off 0.4788653586336681 __DUMMY__ 0.0069607813839119605	false	1.0
faul	off 1.0		neg 0.5041728188451674 off 0.4888988529237561 __DUMMY__ 0.006928328231076361	false	0.5
provisorium	neg 1.0		neg 0.5174855089840056 off 0.4754080086845289 __DUMMY__ 0.007106482331465597	false	1.0
schmerzen	neg 1.0		neg 0.5116604245551896 off 0.48140622717307496 __DUMMY__ 0.006933348271735475	false	1.0
schrumpfen	neg 1.0		neg 0.5198880841108516 off 0.47310156655778396 __DUMMY__ 0.007010349331364366	false	1.0
geistlos	off 1.0		neg 0.5092642181438144 off 0.4838520887052481 __DUMMY__ 0.006883693150937533	false	0.5
fehlkauf	neg 1.0		neg 0.5077332902878737 off 0.48533354973523407 __DUMMY__ 0.00693315997689214	false	1.0
frustrierend	neg 1.0		neg 0.5050531664935844 off 0.48802321306820373 __DUMMY__ 0.0069236204382117465	false	1.0
unzufrieden	neg 1.0		neg 0.5129752526100365 off 0.4800783246566175 __DUMMY__ 0.006946422733345894	false	1.0
verzweifeln	neg 1.0		neg 0.5107143708269986 off 0.4823336299665397 __DUMMY__ 0.006951999206461882	false	1.0
verzweifelt	neg 1.0	neg 1.0	neg 0.7406346182675253 off 0.2560838171736434 __DUMMY__ 0.0032815645588314016	false	1.0
misstrauensantrag	neg 1.0		neg 0.507179530579199 off 0.48588855823677224 __DUMMY__ 0.0069319111840286975	false	1.0
abfallen	neg 1.0		neg 0.5071522090239251 off 0.48588430583808173 __DUMMY__ 0.0069634851379930494	false	1.0
fucker	off 1.0		neg 0.5012914572520415 off 0.49181494528454284 __DUMMY__ 0.006893597463415582	false	0.5
ungezogen	neg 1.0		off 0.49761131190033964 neg 0.49558851019961436 __DUMMY__ 0.006800177900046019	false	0.5
irrsinnig	neg 1.0	neg 1.0	neg 0.740232136022681 off 0.2564792509404619 __DUMMY__ 0.0032886130368570106	false	1.0
unfassbar	neg 1.0		neg 0.5026349363784105 off 0.4904540920569171 __DUMMY__ 0.0069109715646723914	false	1.0
hart	neg 1.0		neg 0.504358807110092 off 0.48874909043664955 __DUMMY__ 0.006892102453258427	false	1.0
widerlich	off 1.0		neg 0.5038509982141206 off 0.4892741899949064 __DUMMY__ 0.006874811790972898	false	0.5
fatal	neg 1.0		neg 0.5072215305087732 off 0.4858487841118663 __DUMMY__ 0.0069296853793604065	false	1.0
bruch	neg 1.0		neg 0.5165827685290943 off 0.47642179369565235 __DUMMY__ 0.006995437775253294	false	1.0
aushungern	neg 1.0		neg 0.5117849022899259 off 0.48125368071185826 __DUMMY__ 0.006961416998215855	false	1.0
anspannung	neg 1.0		neg 0.5169633652951965 off 0.47598497304757575 __DUMMY__ 0.007051661657227676	false	1.0
von			neg 0.5083687688032754 off 0.4845263929844573 __DUMMY__ 0.007104838212267237	false	0.0
kraftlos	neg 1.0		neg 0.5114220604933187 off 0.4816041609626905 __DUMMY__ 0.00697377854399075	false	1.0
vom			neg 0.5164189345820115 off 0.4764683457137792 __DUMMY__ 0.007112719704209233	false	0.0
grenzdebil	off 1.0		neg 0.5022486184861874 off 0.49084271029816345 __DUMMY__ 0.006908671215649211	false	0.5
vor			neg 0.5141569405850043 off 0.4788232356489262 __DUMMY__ 0.00701982376606945	false	0.0
unterwerfen	neg 1.0		neg 0.5138009409423842 off 0.4792341239532006 __DUMMY__ 0.006964935104415156	false	1.0
versenkung	neg 1.0		neg 0.5117573139672029 off 0.4812455377057585 __DUMMY__ 0.006997148327038605	false	1.0
entziehen	neg 1.0		neg 0.5161709816494293 off 0.4768311938009789 __DUMMY__ 0.00699782454959184	false	1.0
finanzkrise	neg 1.0		neg 0.5134400777962257 off 0.4796480423676121 __DUMMY__ 0.006911879836162185	false	1.0
schimpfend	neg 1.0		neg 0.5074551203029904 off 0.48561531284546927 __DUMMY__ 0.006929566851540172	false	1.0
profan	neg 1.0		neg 0.5072025185029829 off 0.4858804681685303 __DUMMY__ 0.006917013328486834	false	1.0
korruption	neg 1.0		neg 0.5143068213923886 off 0.47874731019172295 __DUMMY__ 0.006945868415888375	false	1.0
â			neg 0.5110805314354817 off 0.4819272580578843 __DUMMY__ 0.006992210506634021	false	0.0
schmutzig	neg 1.0		neg 0.5016996550114278 off 0.4913925105507599 __DUMMY__ 0.006907834437812272	false	1.0
sexy	neg 1.0		neg 0.5048609896585164 off 0.4882035018460623 __DUMMY__ 0.006935508495421246	false	1.0
abraten	neg 1.0		neg 0.5062609443189581 off 0.4867909351013307 __DUMMY__ 0.006948120579711351	false	1.0
schwarz	neg 1.0		neg 0.5081162947277956 off 0.48495214920991186 __DUMMY__ 0.006931556062292537	false	1.0
fotze	off 1.0	off 1.0	off 0.7254248811688618 neg 0.2712576449014402 __DUMMY__ 0.0033174739296980386	false	1.0
verwirren	neg 1.0		neg 0.5063825373925182 off 0.48669648476328564 __DUMMY__ 0.0069209778441962095	false	1.0
zahnlos	off 1.0		neg 0.5118793344449569 off 0.48117450858500677 __DUMMY__ 0.006946156970036328	false	0.5
verheeren	neg 1.0		off 0.4990647573205664 neg 0.49413751036793985 __DUMMY__ 0.006797732311493744	false	0.5
hippie	neg 1.0		neg 0.5054786526831088 off 0.48758696844173005 __DUMMY__ 0.0069343788751612566	false	1.0
rammen	neg 1.0		neg 0.5112210447728902 off 0.481897846404633 __DUMMY__ 0.0068811088224767164	false	1.0
unlauter	neg 1.0		neg 0.5105020915698096 off 0.4825915190833361 __DUMMY__ 0.006906389346854371	false	1.0
unheilvoll	neg 1.0		neg 0.5078696258390083 off 0.4852029530264321 __DUMMY__ 0.0069274211345594795	false	1.0
niedrig	neg 1.0		neg 0.515844091501975 off 0.47720179204408464 __DUMMY__ 0.0069541164539404475	false	1.0
explosion	neg 1.0		neg 0.5063254086937522 off 0.4867436700416404 __DUMMY__ 0.006930921264607496	false	1.0
weichei	off 1.0	off 1.0	off 0.7318771853098609 neg 0.264879741152861 __DUMMY__ 0.0032430735372780558	false	1.0
minusmensch	off 1.0		neg 0.49992219323729403 off 0.493314682674672 __DUMMY__ 0.006763124088033975	false	0.5
farblos	neg 1.0		neg 0.5095609782543983 off 0.48348603019480796 __DUMMY__ 0.006952991550793839	false	1.0
unwissend	neg 1.0	neg 1.0	neg 0.7378540710235972 off 0.25887011097760243 __DUMMY__ 0.0032758179988003257	false	1.0
traurig	neg 1.0		neg 0.49996987215992683 off 0.49313507628589265 __DUMMY__ 0.006895051554180477	false	1.0
senkung	neg 1.0		neg 0.5085931445541411 off 0.4845122260463695 __DUMMY__ 0.006894629399489322	false	1.0
ungleich	neg 1.0	neg 1.0	neg 0.7433186667034835 off 0.2533674300943491 __DUMMY__ 0.003313903202167554	false	1.0
heikel	neg 1.0		neg 0.51472624643698 off 0.4783060486058398 __DUMMY__ 0.006967704957180089	false	1.0
drosselung	neg 1.0		neg 0.5034644411719019 off 0.48964428459675835 __DUMMY__ 0.006891274231339767	false	1.0
falsch	neg 1.0		neg 0.5053192162222635 off 0.48776738250675017 __DUMMY__ 0.006913401270986317	false	1.0
unzufriedenheit	neg 1.0		neg 0.5159687950674723 off 0.47704681380486413 __DUMMY__ 0.006984391127663736	false	1.0
kurz	neg 1.0		neg 0.5085303746049168 off 0.4844704610178043 __DUMMY__ 0.006999164377279025	false	1.0
unsinnig	neg 1.0		neg 0.5117430608566274 off 0.4813151976109083 __DUMMY__ 0.006941741532464287	false	1.0
penner	off 1.0	off 1.0	off 0.7327206670100149 neg 0.26404097782940267 __DUMMY__ 0.0032383551605823526	false	1.0
seicht	neg 1.0		off 0.49693046616408415 neg 0.49626815033675437 __DUMMY__ 0.0068013834991615596	false	0.5
dummheit	off 1.0	off 1.0	off 0.7271064411727456 neg 0.26962029538780763 __DUMMY__ 0.0032732634394467956	false	1.0
unerfreulich	neg 1.0		neg 0.5144709408770396 off 0.47853773718089737 __DUMMY__ 0.006991321942063161	false	1.0
motherfucker	off 1.0	off 1.0	off 0.7301772201100032 neg 0.2665515013391254 __DUMMY__ 0.003271278550871391	false	1.0
pikiert	neg 1.0		neg 0.5049255930787687 off 0.48819775352027706 __DUMMY__ 0.0068766534009542584	false	1.0
wrack	neg 1.0		neg 0.5109151780713614 off 0.4821072813819581 __DUMMY__ 0.006977540546680358	false	1.0
gangster	neg 1.0		neg 0.5055900800862153 off 0.4874788990153697 __DUMMY__ 0.0069310208984150025	false	1.0
krank	neg 1.0		neg 0.5017516591979148 off 0.49133278206803555 __DUMMY__ 0.006915558734049818	false	1.0
reich	neg 1.0		neg 0.5033628530795002 off 0.48971779706433183 __DUMMY__ 0.0069193498561681424	false	1.0
gnadenlos	neg 1.0		neg 0.5094135281809153 off 0.48366481743115397 __DUMMY__ 0.006921654387930608	false	1.0
niedergeschlagen	neg 1.0		neg 0.5102426928669027 off 0.4827881880790565 __DUMMY__ 0.006969119054040719	false	1.0
terrorisieren	off 1.0	off 1.0	off 0.7243705224134693 neg 0.27230861735658224 __DUMMY__ 0.003320860229948364	false	1.0
sinnlosigkeit	neg 1.0		neg 0.5122369079406595 off 0.48081147253399464 __DUMMY__ 0.006951619525345956	false	1.0
behindern	neg 1.0		neg 0.5101874509951794 off 0.4828580843252592 __DUMMY__ 0.006954464679561583	false	1.0
undemokratisch	neg 1.0		neg 0.5093086212352949 off 0.4837609320300993 __DUMMY__ 0.00693044673460587	false	1.0
wirtschaftskrise	neg 1.0		neg 0.5151610387537282 off 0.47790319933302755 __DUMMY__ 0.006935761913244241	false	1.0
neid	neg 1.0		neg 0.5031264835279327 off 0.48992204050558547 __DUMMY__ 0.0069514759664819	false	1.0
rutschen	neg 1.0		neg 0.5146773409859119 off 0.4782576221322767 __DUMMY__ 0.007065036881811395	false	1.0
rezession	neg 1.0		neg 0.5053223484018783 off 0.48787748700193734 __DUMMY__ 0.006800164596184412	false	1.0
fehlgeburt	neg 1.0		neg 0.5062430495761391 off 0.4868016050232753 __DUMMY__ 0.006955345400585611	false	1.0
charakterschwach	off 1.0		neg 0.5039887630432439 off 0.4891337139165503 __DUMMY__ 0.006877523040205776	false	0.5
isolation	neg 1.0		neg 0.5052537187700411 off 0.4878195907843829 __DUMMY__ 0.006926690445576147	false	1.0
ablenkung	neg 1.0		neg 0.5081449736203826 off 0.4848878314642741 __DUMMY__ 0.0069671949153431905	false	1.0
pech	neg 1.0		neg 0.5050513655567018 off 0.4880250568523775 __DUMMY__ 0.006923577590920664	false	1.0
vermeidung	neg 1.0		neg 0.5029486031538778 off 0.4901542928577088 __DUMMY__ 0.006897103988413285	false	1.0
dominieren	neg 1.0		neg 0.5140739711023531 off 0.4789604190238477 __DUMMY__ 0.0069656098737992675	false	1.0
schwindlig	neg 1.0		neg 0.5058214505133134 off 0.4872290098203622 __DUMMY__ 0.0069495396663244256	false	1.0
lutscher	neg 1.0	neg 1.0	neg 0.7328024223680011 off 0.26396955668228567 __DUMMY__ 0.003228020949713368	false	1.0
pflicht	neg 1.0		neg 0.5158404470776815 off 0.4771812412815591 __DUMMY__ 0.0069783116407593606	false	1.0
faschist	off 1.0		neg 0.5063371371802676 off 0.4867436938280591 __DUMMY__ 0.006919168991673358	false	0.5
verschleudern	neg 1.0		neg 0.5153227814145388 off 0.47771595763968805 __DUMMY__ 0.006961260945773293	false	1.0
wenn			neg 0.505259530746534 off 0.4878285280346253 __DUMMY__ 0.006911941218840865	false	0.0
ehebruch	neg 1.0		neg 0.5133625746911399 off 0.4796755331842027 __DUMMY__ 0.006961892124657379	false	1.0
spott	off 1.0		neg 0.5144460595066258 off 0.47859818926943226 __DUMMY__ 0.006955751223941947	false	0.5
trostlosigkeit	neg 1.0		neg 0.5159702388143317 off 0.47703919520040267 __DUMMY__ 0.006990565985265581	false	1.0
lutschen	neg 1.0		neg 0.5073005981772228 off 0.48580749850585714 __DUMMY__ 0.006891903316920076	false	1.0
undiszipliniert	neg 1.0		neg 0.5013758250524298 off 0.49174054629276953 __DUMMY__ 0.0068836286548006765	false	1.0
kopfschmerz	neg 1.0		neg 0.5132499008515049 off 0.4798183542919256 __DUMMY__ 0.006931744856569508	false	1.0
unvorhergesehen	neg 1.0		neg 0.5111128404780011 off 0.4818550745943905 __DUMMY__ 0.007032084927608372	false	1.0
desinteressiert	neg 1.0	neg 1.0	neg 0.7365998815711493 off 0.260133469093132 __DUMMY__ 0.003266649335718659	false	1.0
armselig	off 1.0		neg 0.5023939450590732 off 0.4907537762563912 __DUMMY__ 0.006852278684535477	false	0.5
desaster	neg 1.0		neg 0.5173616528842593 off 0.4756413495223119 __DUMMY__ 0.006996997593428657	false	1.0
tod	neg 1.0		neg 0.5112959592725846 off 0.4817153332361283 __DUMMY__ 0.006988707491286988	false	1.0
herzlos	neg 1.0		neg 0.5014239612162082 off 0.4917065563038526 __DUMMY__ 0.006869482479939176	false	1.0
unwissenheit	neg 1.0		neg 0.5130544769284644 off 0.4799990985708611 __DUMMY__ 0.006946424500674519	false	1.0
widersinnig	neg 1.0		neg 0.5145477535336002 off 0.47853239596411773 __DUMMY__ 0.00691985050228213	false	1.0
bedenklich	neg 1.0		neg 0.5137654318231377 off 0.47927877328125573 __DUMMY__ 0.00695579489560665	false	1.0
beanstanden	neg 1.0		neg 0.515823762311708 off 0.47718933876397407 __DUMMY__ 0.006986898924317858	false	1.0
panisch	neg 1.0	neg 1.0	neg 0.7378757573040463 off 0.2588118070318222 __DUMMY__ 0.003312435664131545	false	1.0
debil	off 1.0		neg 0.519408680560277 off 0.47353538041391235 __DUMMY__ 0.007055939025810746	false	0.5
abstrich	neg 1.0		neg 0.5069008762839563 off 0.48608943981872754 __DUMMY__ 0.007009683897316221	false	1.0
primitiv	neg 1.0		neg 0.5037107563236284 off 0.48941684545028774 __DUMMY__ 0.006872398226083803	false	1.0
abschaum	off 1.0	off 1.0	off 0.7288514295628388 neg 0.26787617161182675 __DUMMY__ 0.0032723988253345266	false	1.0
provozieren	neg 1.0		neg 0.5103161419162144 off 0.48277366988351667 __DUMMY__ 0.006910188200268975	false	1.0
tot	neg 1.0		neg 0.5122200301806241 off 0.4808182695283923 __DUMMY__ 0.006961700290983569	false	1.0
instabil	neg 1.0		neg 0.5029251530678479 off 0.49021785157950487 __DUMMY__ 0.006856995352647292	false	1.0
schwuchtel	off 1.0	off 1.0	off 0.7348371791868256 neg 0.26196425916507055 __DUMMY__ 0.0031985616481038054	false	1.0
zerren	neg 1.0		neg 0.51136101546453 off 0.48167405197336194 __DUMMY__ 0.00696493256210796	false	1.0
kinderficker	off 1.0		neg 0.49836510363663383 off 0.49477842118889315 __DUMMY__ 0.0068564751744730834	false	0.5
gefahr	neg 1.0		neg 0.5151285928512046 off 0.47786872334471353 __DUMMY__ 0.007002683804081864	false	1.0
rabiat	neg 1.0		neg 0.5092223921057273 off 0.48382906054814784 __DUMMY__ 0.006948547346124893	false	1.0
verlangsamung	neg 1.0		neg 0.5002862592579349 off 0.49292697045008754 __DUMMY__ 0.006786770291977675	false	1.0
ausgestorben	neg 1.0		neg 0.5089434603675842 off 0.48409552292398006 __DUMMY__ 0.006961016708435838	false	1.0
anklagen	neg 1.0		neg 0.5133300591971394 off 0.47971389483389004 __DUMMY__ 0.006956045968970525	false	1.0
trott	neg 1.0		neg 0.5096122724347562 off 0.48343171730055795 __DUMMY__ 0.006956010264685959	false	1.0
verminderung	neg 1.0		neg 0.5027018644298182 off 0.49040687662164956 __DUMMY__ 0.006891258948532191	false	1.0
nach			neg 0.5153948310593892 off 0.4775233610888575 __DUMMY__ 0.007081807851753464	false	0.0
rost	neg 1.0		neg 0.49846643157764775 off 0.4946900556326569 __DUMMY__ 0.006843512789695341	false	1.0
destruktiv	neg 1.0		neg 0.5107180587093666 off 0.48234988904350196 __DUMMY__ 0.006932052247131414	false	1.0
unzumutbarkeit	neg 1.0		neg 0.5031845211877396 off 0.48989988352670344 __DUMMY__ 0.0069155952855571145	false	1.0
labil	off 1.0	off 1.0	off 0.7286671946600164 neg 0.2680530054142859 __DUMMY__ 0.003279799925697662	false	1.0
ziemlich	neg 1.0		neg 0.5019690352643748 off 0.4911060989485149 __DUMMY__ 0.006924865787110269	false	1.0
lachnummer	off 1.0		neg 0.5103484075599023 off 0.4827278644876223 __DUMMY__ 0.006923727952475417	false	0.5
oder			neg 0.5073058398539565 off 0.4857324500509563 __DUMMY__ 0.006961710095087259	false	0.0
verfall	neg 1.0		neg 0.5191873489671337 off 0.4737917910735543 __DUMMY__ 0.0070208599593120005	false	1.0
ausgrenzung	neg 1.0		neg 0.5087266321352476 off 0.4843477013515888 __DUMMY__ 0.006925666513163596	false	1.0
unordnung	neg 1.0		neg 0.49958247733654326 off 0.4935017244398419 __DUMMY__ 0.0069157982236148635	false	1.0
fehlverhalten	neg 1.0		neg 0.5162978947785519 off 0.47674578647775284 __DUMMY__ 0.006956318743695188	false	1.0
eine			neg 0.5135817256806992 off 0.47940438451386697 __DUMMY__ 0.007013889805433867	false	0.0
nille	neg 1.0		neg 0.5094021327527039 off 0.48363518324728266 __DUMMY__ 0.006962684000013307	false	1.0
qual	neg 1.0		neg 0.5099260753896141 off 0.4831134302358505 __DUMMY__ 0.006960494374535299	false	1.0
verschwenden	neg 1.0		neg 0.5145020432132907 off 0.47854062900787464 __DUMMY__ 0.006957327778834505	false	1.0
riesig	neg 1.0		neg 0.512018768564887 off 0.4809940287138513 __DUMMY__ 0.006987202721261672	false	1.0
verurteilen	neg 1.0		neg 0.5142532296701374 off 0.4788170984929798 __DUMMY__ 0.0069296718368829155	false	1.0
klischee	neg 1.0	neg 1.0	neg 0.7389861743899413 off 0.25773865928438816 __DUMMY__ 0.0032751663256705282	false	1.0
diktatorisch	neg 1.0		neg 0.5095772357404591 off 0.48350113161650976 __DUMMY__ 0.006921632643031089	false	1.0
vorhersehbar	neg 1.0		neg 0.5076685555097127 off 0.48543413036497984 __DUMMY__ 0.006897314125307556	false	1.0
sowie			neg 0.5008764896445829 off 0.4922938736041706 __DUMMY__ 0.006829636751246517	false	0.0
stornieren	neg 1.0		neg 0.5036107200392237 off 0.4893915962618996 __DUMMY__ 0.006997683698876696	false	1.0
besteuerung	neg 1.0		neg 0.5116028099864312 off 0.48150185226932485 __DUMMY__ 0.006895337744244135	false	1.0
ungeschminkt	neg 1.0		neg 0.5056293223979541 off 0.487525206439021 __DUMMY__ 0.006845471163024851	false	1.0
kritisch	neg 1.0		neg 0.5137292858562227 off 0.4793072629622808 __DUMMY__ 0.006963451181496526	false	1.0
schlamperei	off 1.0		neg 0.514151920928605 off 0.4788592332618558 __DUMMY__ 0.006988845809539194	false	0.5
sucht	neg 1.0	neg 1.0	neg 0.7376234727936266 off 0.2590354446620014 __DUMMY__ 0.0033410825443719438	false	1.0
egoistisch	off 1.0		neg 0.49924396332447146 off 0.49392069245255554 __DUMMY__ 0.006835344222973063	false	0.5
ausbeuter	off 1.0		neg 0.5169587139291448 off 0.47609610796598933 __DUMMY__ 0.006945178104865812	false	0.5
arschgeburt	off 1.0		off 0.4985006151036891 neg 0.4947683789212969 __DUMMY__ 0.006731005975014021	false	1.0
schubs	neg 1.0		neg 0.5104708393569056 off 0.48255614683335707 __DUMMY__ 0.006973013809737209	false	1.0
unsolide	neg 1.0		neg 0.5098934966856229 off 0.4832075147816496 __DUMMY__ 0.006898988532727379	false	1.0
beschwerde	neg 1.0		neg 0.5149478287576571 off 0.4780957213800834 __DUMMY__ 0.006956449862259417	false	1.0
stocken	neg 1.0		neg 0.5143085774847044 off 0.47871378450818586 __DUMMY__ 0.006977638007109766	false	1.0
isolieren	neg 1.0		neg 0.5132149328202631 off 0.4798258831543394 __DUMMY__ 0.006959184025397513	false	1.0
unheilbar	neg 1.0		neg 0.5092393511936611 off 0.4838161578104153 __DUMMY__ 0.006944490995923516	false	1.0
pisser	off 1.0		neg 0.5035391946545581 off 0.48961549571010327 __DUMMY__ 0.006845309635338712	false	0.5
löschen	neg 1.0		neg 0.5093319857057991 off 0.48371456007638053 __DUMMY__ 0.006953454217820501	false	1.0
durchfallen	neg 1.0		neg 0.5139115159863245 off 0.4791453405967396 __DUMMY__ 0.006943143416935985	false	1.0
wichser	off 1.0	off 1.0	off 0.73430467387732 neg 0.262470594289873 __DUMMY__ 0.0032247318328069248	false	1.0
terror	neg 1.0		neg 0.5055481474014696 off 0.4875140310973198 __DUMMY__ 0.006937821501210579	false	1.0
krass	neg 1.0		neg 0.5004610408343061 off 0.49267322302178856 __DUMMY__ 0.00686573614390547	false	1.0
revolte	neg 1.0		neg 0.5081712358876767 off 0.48490548031048486 __DUMMY__ 0.006923283801838521	false	1.0
besorgt	neg 1.0		neg 0.5084467219914374 off 0.4845446356502052 __DUMMY__ 0.007008642358357293	false	1.0
nachlassen	neg 1.0		neg 0.5134225670359892 off 0.47958572258019155 __DUMMY__ 0.006991710383819191	false	1.0
alt	neg 1.0		neg 0.512849229497137 off 0.4802017833181406 __DUMMY__ 0.006948987184722403	false	1.0
hundesohn	off 1.0		neg 0.49663773871448436 off 0.49657556063755354 __DUMMY__ 0.006786700647962145	false	0.5
als			neg 0.5106897697921181 off 0.4823335961856617 __DUMMY__ 0.006976634022220242	false	0.0
abschreckung	neg 1.0		neg 0.516381739365375 off 0.47663480750441584 __DUMMY__ 0.006983453130209083	false	1.0
unqualifiziert	neg 1.0		neg 0.5069753916235731 off 0.48613582466165234 __DUMMY__ 0.006888783714774468	false	1.0
abgewichst	off 1.0		neg 0.5094883998603885 off 0.48353585307284774 __DUMMY__ 0.0069757470667637135	false	0.5
schwer	neg 1.0		neg 0.5103557330454184 off 0.4826991778340484 __DUMMY__ 0.006945089120533236	false	1.0
bedeutungslosigkeit	neg 1.0		neg 0.5153179221701406 off 0.4777060440411668 __DUMMY__ 0.006976033788692579	false	1.0
kapitulation	neg 1.0		neg 0.5138524013362611 off 0.47917760310302043 __DUMMY__ 0.006969995560718496	false	1.0
unscharf	neg 1.0		neg 0.5078195018190532 off 0.4852737127594589 __DUMMY__ 0.006906785421487793	false	1.0
schwinden	neg 1.0		neg 0.5159526148716357 off 0.47707463020799573 __DUMMY__ 0.006972754920368723	false	1.0
versklavung	neg 1.0		neg 0.5095719588629922 off 0.48349637873670315 __DUMMY__ 0.0069316624003046435	false	1.0
schlecht	neg 1.0		neg 0.5020058297394876 off 0.4910728137898793 __DUMMY__ 0.006921356470633167	false	1.0
verhasst	neg 1.0		neg 0.510524605824076 off 0.482582232946295 __DUMMY__ 0.006893161229628983	false	1.0
beschweren	neg 1.0		neg 0.5072537745202123 off 0.48581187426085015 __DUMMY__ 0.00693435121893763	false	1.0
scheiden	neg 1.0		neg 0.5078854695288738 off 0.48514047674417105 __DUMMY__ 0.0069740537269552825	false	1.0
frustriert	neg 1.0		neg 0.5118147197956 off 0.48124252272650475 __DUMMY__ 0.006942757477895232	false	1.0
schimmelig	neg 1.0		neg 0.5152049598925249 off 0.4778798920812441 __DUMMY__ 0.006915148026231074	false	1.0
fisch	neg 1.0		neg 0.5168257540430892 off 0.4762179642042008 __DUMMY__ 0.006956281752710031	false	1.0
schmuggel	neg 1.0		neg 0.5145030053201498 off 0.4785189212558232 __DUMMY__ 0.006978073424027169	false	1.0
auffallen	neg 1.0		neg 0.5063170486160509 off 0.4867529282066244 __DUMMY__ 0.0069300231773247265	false	1.0
konkurrenz	neg 1.0		neg 0.5166389934032418 off 0.47637329424631264 __DUMMY__ 0.006987712350445493	false	1.0
teufelskreis	neg 1.0	neg 1.0	neg 0.7415649666215969 off 0.25514715546230393 __DUMMY__ 0.0032878779160992726	false	1.0
aufschreien	neg 1.0		neg 0.5075829126347574 off 0.4855099655239664 __DUMMY__ 0.006907121841276286	false	1.0
schuldner	neg 1.0		neg 0.517749861262739 off 0.47530199840568405 __DUMMY__ 0.006948140331576961	false	1.0
missgeburt	off 1.0	off 1.0	off 0.7314723116741878 neg 0.265298312112449 __DUMMY__ 0.003229376213363124	false	1.0
arbeitslos	neg 1.0		neg 0.5133263713387091 off 0.4797285572476949 __DUMMY__ 0.006945071413595893	false	1.0
befallen	neg 1.0		neg 0.5136182470662495 off 0.4794626718319734 __DUMMY__ 0.006919081101777005	false	1.0
miesepetrig	off 1.0	off 1.0	off 0.7297775124699897 neg 0.2669380643546422 __DUMMY__ 0.0032844231753680563	false	1.0
alarmieren	neg 1.0		neg 0.506825504812581 off 0.48628859654458007 __DUMMY__ 0.006885898642838895	false	1.0
ungeduscht	off 1.0		neg 0.5065526302418657 off 0.48656271746525365 __DUMMY__ 0.006884652292880564	false	0.5
knappheit	neg 1.0		neg 0.5154547830243814 off 0.4776223237430054 __DUMMY__ 0.006922893232613259	false	1.0
schlange	neg 1.0		neg 0.505401872158081 off 0.4876210797093879 __DUMMY__ 0.006977048132531231	false	1.0
harsch	neg 1.0		neg 0.4980153299447802 off 0.49509623877980835 __DUMMY__ 0.0068884312754115004	false	1.0
lang	neg 1.0		neg 0.508097236310486 off 0.484949749020834 __DUMMY__ 0.0069530146686801395	false	1.0
ziellos	neg 1.0		neg 0.5115416918653881 off 0.4814655832094301 __DUMMY__ 0.0069927249251817225	false	1.0
selbstverliebt	neg 1.0		off 0.4979130335409152 neg 0.4953133824002947 __DUMMY__ 0.006773584058790057	false	0.5
beseitigen	neg 1.0		neg 0.5110201069092062 off 0.4820207392176943 __DUMMY__ 0.006959153873099628	false	1.0
dumm	off 1.0		neg 0.4978572028895415 off 0.4953012791632373 __DUMMY__ 0.006841517947221172	false	0.5
arbeitsloser	neg 1.0		neg 0.5111972812175554 off 0.4818202023162197 __DUMMY__ 0.006982516466224935	false	1.0
blitzen	neg 1.0		neg 0.505550245039633 off 0.48751468163560596 __DUMMY__ 0.00693507332476101	false	1.0
hilflos	neg 1.0		neg 0.51221436504736 off 0.4808392709786761 __DUMMY__ 0.006946363973963853	false	1.0
eklig	off 1.0		neg 0.4993002741645109 off 0.49389781504323715 __DUMMY__ 0.006801910792251937	false	0.5
begriff			neg 0.510045479654742 off 0.4830000549176127 __DUMMY__ 0.006954465427645168	false	0.0
hungersnot	neg 1.0		neg 0.5127772897154632 off 0.48026588171966594 __DUMMY__ 0.006956828564870736	false	1.0
ungesetzlich	neg 1.0		neg 0.5111999092018743 off 0.48189802232239753 __DUMMY__ 0.006902068475728177	false	1.0
verschwendung	neg 1.0		neg 0.5143253201678203 off 0.4787011442185647 __DUMMY__ 0.006973535613614995	false	1.0
schmerzvoll	neg 1.0		neg 0.5081280199069738 off 0.48494478144387704 __DUMMY__ 0.006927198649149294	false	1.0
vorzeitig	neg 1.0		neg 0.5076550566164818 off 0.4854353458325296 __DUMMY__ 0.006909597550988753	false	1.0
unvollkommenheit	neg 1.0		neg 0.5097673540868638 off 0.4832207617837325 __DUMMY__ 0.007011884129403677	false	1.0
intervenieren	neg 1.0		neg 0.5154429971675161 off 0.47759676278365815 __DUMMY__ 0.006960240048825698	false	1.0
banause	off 1.0		neg 0.49767148659927973 off 0.4955618123596538 __DUMMY__ 0.006766701041066433	false	0.5
rebell	neg 1.0		neg 0.5177592262143589 off 0.47523933081886355 __DUMMY__ 0.007001442966777651	false	1.0
unlogisch	neg 1.0		neg 0.5019434774450936 off 0.4911928623394217 __DUMMY__ 0.006863660215484763	false	1.0
leiden	neg 1.0		neg 0.5133729328828321 off 0.4796162243907931 __DUMMY__ 0.007010842726374783	false	1.0
abschaffung	neg 1.0		neg 0.5094686795172078 off 0.48358985600715915 __DUMMY__ 0.006941464475633035	false	1.0
sturz	neg 1.0		neg 0.5084963499493114 off 0.48453981387387346 __DUMMY__ 0.0069638361768153065	false	1.0
verkleinerung	neg 1.0		neg 0.5083378403368894 off 0.4847692688036883 __DUMMY__ 0.0068928908594221815	false	1.0
schmarotzer	off 1.0		neg 0.5130405630238899 off 0.4800283581167215 __DUMMY__ 0.00693107885938856	false	0.5
bestrafung	neg 1.0		neg 0.5087139800608849 off 0.48435055246647457 __DUMMY__ 0.006935467472640628	false	1.0
achtlos	neg 1.0	neg 1.0	neg 0.7404614462157466 off 0.2562288253639473 __DUMMY__ 0.003309728420306023	false	1.0
