unsolidarisch	neg 1.0		__DUMMY__ 0.8730333915492434 neg 0.0662026339905121 off 0.060763974460244584	false	1.0
nachteilig	neg 1.0		__DUMMY__ 0.8786241167111166 neg 0.06491042266158918 off 0.05646546062729426	false	1.0
skeptisch	neg 1.0		__DUMMY__ 0.8789858214174318 neg 0.06494566236407696 off 0.05606851621849118	false	1.0
schrecklich	neg 1.0		__DUMMY__ 0.8709236131416653 off 0.06959619035308634 neg 0.059480196505248294	false	0.5
schlapp	neg 1.0		__DUMMY__ 0.8739623318765417 off 0.06550670744085972 neg 0.06053096068259856	false	0.5
abfall	neg 1.0		__DUMMY__ 0.8822218622486924 neg 0.06521249204926964 off 0.05256564570203793	false	1.0
widerspenstig	neg 1.0		__DUMMY__ 0.8767127227498013 neg 0.06269740615475829 off 0.06058987109544044	false	1.0
abrupt	neg 1.0		__DUMMY__ 0.88008350178169 neg 0.06361054953680045 off 0.05630594868150957	false	1.0
unwirksam	neg 1.0		__DUMMY__ 0.8724095024819661 neg 0.06720253098430501 off 0.0603879665337289	false	1.0
angreifen	neg 1.0		__DUMMY__ 0.8772595692108686 neg 0.06667861297365776 off 0.05606181781547366	false	1.0
inkonsistent	neg 1.0		__DUMMY__ 0.873179057299449 neg 0.06564029248187303 off 0.06118065021867795	false	1.0
abrutschen	neg 1.0		__DUMMY__ 0.8802796771093993 neg 0.06662887715489732 off 0.05309144573570344	false	1.0
unsicher	neg 1.0		__DUMMY__ 0.8782012269955161 neg 0.0612042791463992 off 0.0605944938580847	false	1.0
bauernkind	off 1.0	off 1.0	off 0.5231801029632727 __DUMMY__ 0.42458456280365703 neg 0.05223533423307033	false	1.0
angreifer	neg 1.0	neg 1.0	neg 0.5163740865327259 __DUMMY__ 0.4363936867450263 off 0.04723222672224782	false	1.0
trennen	neg 1.0		__DUMMY__ 0.8811654253691739 neg 0.06335787386452778 off 0.05547670076629828	false	1.0
schmutz	neg 1.0		__DUMMY__ 0.8786782311859549 off 0.06170297238086571 neg 0.05961879643317941	false	0.5
inkonsistenz	neg 1.0		__DUMMY__ 0.8684178533219775 off 0.06602628794632567 neg 0.06555585873169688	false	0.5
erschreckend	neg 1.0		__DUMMY__ 0.8755719746947472 neg 0.06432074925552993 off 0.06010727604972287	false	1.0
ertrinken	neg 1.0		__DUMMY__ 0.8776833199341232 neg 0.06606505158019574 off 0.056251628485681056	false	1.0
pickelface	off 1.0		__DUMMY__ 0.8772661420907254 neg 0.06306692945322437 off 0.05966692845605028	false	0.5
seiner			__DUMMY__ 0.879046365933732 neg 0.06464146105607255 off 0.05631217301019554	false	0.0
lauch	neg 1.0		__DUMMY__ 0.88152119426654 neg 0.06522465168892269 off 0.05325415404453729	false	1.0
unwichtig	neg 1.0		__DUMMY__ 0.871816746969903 off 0.06551416795296709 neg 0.06266908507712993	false	0.5
steuerhinterziehung	neg 1.0	neg 1.0	neg 0.519815935782426 __DUMMY__ 0.43600967585370026 off 0.04417438836387368	false	1.0
schock	neg 1.0		__DUMMY__ 0.8769190156514209 neg 0.06337819817326519 off 0.05970278617531388	false	1.0
beule	neg 1.0		__DUMMY__ 0.8714063681284776 off 0.06637691005462647 neg 0.06221672181689599	false	0.5
vergelten	neg 1.0		__DUMMY__ 0.8745065226364571 off 0.0685124186162675 neg 0.05698105874727543	false	0.5
verdorbenheit	neg 1.0		__DUMMY__ 0.8802107264830407 off 0.06079640432443723 neg 0.05899286919252207	false	0.5
trauma	neg 1.0		__DUMMY__ 0.8756017280494298 neg 0.06287996129521287 off 0.061518310655357414	false	1.0
sinnlos	neg 1.0		__DUMMY__ 0.8749831562843658 off 0.06284540295192487 neg 0.06217144076370924	false	0.5
fettsack	off 1.0	off 1.0	off 0.5240624601070014 __DUMMY__ 0.4263204200302804 neg 0.049617119862718086	false	1.0
feige	off 1.0	off 1.0	off 0.5200877725592727 __DUMMY__ 0.43079346226603 neg 0.04911876517469729	false	1.0
abdanken	neg 1.0		__DUMMY__ 0.8757406472587664 neg 0.06400914657056771 off 0.06025020617066575	false	1.0
wichtigtuer	off 1.0	off 1.0	off 0.5182574302353293 __DUMMY__ 0.43325141655683325 neg 0.04849115320783742	false	1.0
misslingen	neg 1.0		__DUMMY__ 0.883746544933793 off 0.0607230007836706 neg 0.05553045428253645	false	0.5
untreu	off 1.0		__DUMMY__ 0.872042696667209 off 0.06590682747272723 neg 0.062050475860063715	false	1.0
missmutig	neg 1.0		__DUMMY__ 0.8738393229827509 off 0.06513336394918579 neg 0.06102731306806331	false	0.5
hurenbock	off 1.0		__DUMMY__ 0.8764324179779159 off 0.06212882904421217 neg 0.06143875297787189	false	1.0
betrunken	neg 1.0		__DUMMY__ 0.8724362013340939 off 0.06722314647894348 neg 0.06034065218696256	false	0.5
korrupt	off 1.0		__DUMMY__ 0.8735916136374126 neg 0.0678224279793346 off 0.05858595838325286	false	0.5
unmut	neg 1.0		__DUMMY__ 0.8813300156710314 neg 0.06539752143847347 off 0.05327246289049518	false	1.0
hackfresse	off 1.0		__DUMMY__ 0.8669423649462549 off 0.07304342795792095 neg 0.06001420709582417	false	1.0
aufblasen	neg 1.0		__DUMMY__ 0.875945375100886 off 0.062256790781604614 neg 0.06179783411750937	false	0.5
gewaltsam	neg 1.0		__DUMMY__ 0.8774620056250467 neg 0.06341377003371879 off 0.05912422434123436	false	1.0
unbeliebtheit	neg 1.0		__DUMMY__ 0.8698947726204351 neg 0.06547875168478888 off 0.06462647569477607	false	1.0
sturheit	neg 1.0		__DUMMY__ 0.875164242762474 neg 0.06525684177647065 off 0.05957891546105537	false	1.0
kuh	neg 1.0		__DUMMY__ 0.8695392932146075 neg 0.06776190761125599 off 0.06269879917413637	false	1.0
erschrecken	neg 1.0		__DUMMY__ 0.8745643180563077 off 0.06486818615867805 neg 0.06056749578501431	false	0.5
opfer	neg 1.0		__DUMMY__ 0.8782359371091318 neg 0.06435623608994166 off 0.05740782680092646	false	1.0
sinken	neg 1.0		__DUMMY__ 0.8807416464823966 neg 0.06561857633836556 off 0.05363977717923775	false	1.0
stinktier	neg 1.0		__DUMMY__ 0.8624346302650271 off 0.0703197558455842 neg 0.0672456138893887	false	0.5
tucke	off 1.0		__DUMMY__ 0.8634360327612575 off 0.07400745880645034 neg 0.0625565084322922	false	1.0
ein			__DUMMY__ 0.8759091625062644 neg 0.0626556416511477 off 0.06143519584258792	false	0.0
abstieg	neg 1.0		__DUMMY__ 0.8781208611010964 neg 0.06559818678750359 off 0.056280952111400016	false	1.0
missverstehen	neg 1.0		__DUMMY__ 0.8722515303550233 neg 0.06397212734778243 off 0.0637763422971942	false	1.0
ergebnislos	neg 1.0		__DUMMY__ 0.8801145519483622 neg 0.06383557697983995 off 0.05604987107179781	false	1.0
unter			__DUMMY__ 0.8875912023752999 neg 0.06409313879863156 off 0.04831565882606854	false	0.0
manipulieren	neg 1.0		__DUMMY__ 0.879581719200389 neg 0.06474792033888756 off 0.055670360460723385	false	1.0
unbewiesen	neg 1.0		__DUMMY__ 0.8720834882205385 neg 0.06715268512598215 off 0.06076382665347949	false	1.0
verschleppen	neg 1.0		__DUMMY__ 0.8766721529548839 neg 0.06559403644005624 off 0.057733810605059846	false	1.0
weib	off 1.0		__DUMMY__ 0.8612997964811969 off 0.07379445608505941 neg 0.0649057474337436	false	1.0
opposition	neg 1.0		__DUMMY__ 0.8735977622203083 neg 0.06443558846867313 off 0.061966649311018515	false	1.0
verkehrswidrig	neg 1.0		__DUMMY__ 0.8753930807981471 off 0.06910496378895804 neg 0.05550195541289482	false	0.5
inkorrekt	neg 1.0		__DUMMY__ 0.8682696474388774 off 0.06925287508907871 neg 0.06247747747204397	false	0.5
vermeiden	neg 1.0	neg 1.0	neg 0.5181895470752498 __DUMMY__ 0.4428156590306047 off 0.03899479389414547	false	1.0
abweichung	neg 1.0		__DUMMY__ 0.8788565258349732 neg 0.0639609675455183 off 0.057182506619508466	false	1.0
alkoholisiert	neg 1.0		__DUMMY__ 0.8818155345816058 neg 0.06246609732797229 off 0.05571836809042188	false	1.0
scheiss	off 1.0	off 1.0	off 0.5199217364956352 __DUMMY__ 0.4326937458588569 neg 0.0473845176455078	false	1.0
herausforderung	neg 1.0		__DUMMY__ 0.8803225172791255 neg 0.0638669370473277 off 0.05581054567354676	false	1.0
pervers	off 1.0		__DUMMY__ 0.8633449838922561 off 0.07640307951066709 neg 0.0602519365970767	false	1.0
wackelig	neg 1.0		__DUMMY__ 0.8817877024883308 neg 0.059797042283978155 off 0.05841525522769096	false	1.0
verwickeln	neg 1.0		__DUMMY__ 0.8725425218130207 neg 0.06419180253787551 off 0.06326567564910382	false	1.0
vorwand	neg 1.0		__DUMMY__ 0.8787435272638721 neg 0.06566916024548015 off 0.055587312490647786	false	1.0
muschi	off 1.0		__DUMMY__ 0.877043145593183 neg 0.0630953554683144 off 0.05986149893850265	false	0.5
entmutigung	neg 1.0		__DUMMY__ 0.8742676681570096 neg 0.06375258748846062 off 0.06197974435452981	false	1.0
unangemessen	neg 1.0		__DUMMY__ 0.8745607167755396 neg 0.06607613963097635 off 0.05936314359348402	false	1.0
unstetig	neg 1.0		__DUMMY__ 0.876003469075273 off 0.06290366439301916 neg 0.06109286653170775	false	0.5
entmutigen	neg 1.0		__DUMMY__ 0.8755364497282214 neg 0.06290252375633779 off 0.06156102651544081	false	1.0
schwanz	neg 1.0		__DUMMY__ 0.8784386131712901 neg 0.0643331785009935 off 0.05722820832771632	false	1.0
verbot	neg 1.0		__DUMMY__ 0.8764433493707154 neg 0.06540941485580506 off 0.058147235773479404	false	1.0
leid	neg 1.0		__DUMMY__ 0.867981321877979 off 0.07112901182601328 neg 0.06088966629600754	false	0.5
archaisch	neg 1.0		__DUMMY__ 0.8762195076210977 neg 0.06436403128648355 off 0.05941646109241873	false	1.0
gegen			__DUMMY__ 0.8811206626645031 neg 0.06485229517857237 off 0.05402704215692457	false	0.0
scheidung	neg 1.0		__DUMMY__ 0.8651227342836576 off 0.08062553166898606 neg 0.05425173404735622	false	0.5
einschlag	neg 1.0		__DUMMY__ 0.8711136862457433 off 0.06833922144117673 neg 0.060547092313080045	false	0.5
m			__DUMMY__ 0.87911088082204 neg 0.06264392641074888 off 0.05824519276721098	false	0.0
abgestanden	neg 1.0		__DUMMY__ 0.8746384881563017 neg 0.06474164131026951 off 0.06061987053342887	false	1.0
schmierig	off 1.0		__DUMMY__ 0.8695860760866584 off 0.07037571719547923 neg 0.0600382067178624	false	1.0
unpraktisch	neg 1.0		__DUMMY__ 0.876106936327328 neg 0.06201669162885939 off 0.06187637204381271	false	1.0
wixxer	off 1.0		__DUMMY__ 0.8611226581767609 off 0.0766224627916271 neg 0.06225487903161202	false	1.0
bezeichnet			__DUMMY__ 0.8732252605691019 neg 0.06583505852632283 off 0.060939680904575286	false	0.0
jammerlappen	off 1.0		__DUMMY__ 0.8739124077442982 off 0.06550588957872519 neg 0.060581702676976566	false	1.0
farce	neg 1.0		__DUMMY__ 0.8746241776989007 neg 0.06631770783341102 off 0.05905811446768832	false	1.0
zwecklos	neg 1.0		__DUMMY__ 0.8752901426525148 neg 0.06574434035137468 off 0.058965516996110516	false	1.0
turbulent	neg 1.0		__DUMMY__ 0.8690641648231483 off 0.06671098384706267 neg 0.06422485132978897	false	0.5
invasion	neg 1.0		__DUMMY__ 0.8747480221592971 neg 0.0626830595754346 off 0.0625689182652683	false	1.0
schuld	neg 1.0		__DUMMY__ 0.8735496913132564 neg 0.06454941970722876 off 0.061900888979514845	false	1.0
risiko	neg 1.0	neg 1.0	neg 0.5157638506823579 __DUMMY__ 0.4376183585637391 off 0.04661779075390311	false	1.0
finster	neg 1.0		__DUMMY__ 0.8737190111428507 neg 0.0647594927024593 off 0.061521496154689916	false	1.0
geisteskrank	off 1.0		__DUMMY__ 0.8684320720971649 off 0.06740794966148594 neg 0.06415997824134909	false	1.0
zusammenbrechen	neg 1.0		__DUMMY__ 0.8772296620434774 neg 0.06379525163075346 off 0.05897508632576906	false	1.0
ausbeute	neg 1.0		__DUMMY__ 0.887543460590231 off 0.056767772716500554 neg 0.05568876669326844	false	0.5
hinterhalt	neg 1.0		__DUMMY__ 0.8828167770614944 neg 0.05861084790913732 off 0.058572375029368295	false	1.0
kritik	neg 1.0		__DUMMY__ 0.8742956615709943 neg 0.06680295693027151 off 0.058901381498734195	false	1.0
einschrumpfen	neg 1.0		__DUMMY__ 0.8718604124626483 off 0.06459000522535338 neg 0.06354958231199828	false	0.5
riskant	neg 1.0		__DUMMY__ 0.8772691744419804 neg 0.06609511159996166 off 0.05663571395805798	false	1.0
frustrieren	neg 1.0		__DUMMY__ 0.8774867050428116 neg 0.06502666703464048 off 0.057486627922547905	false	1.0
groll	neg 1.0		__DUMMY__ 0.8753711704177534 neg 0.06612019456447035 off 0.05850863501777629	false	1.0
gibt			__DUMMY__ 0.8779285015854232 neg 0.06294757140598337 off 0.05912392700859339	false	0.0
qualvoll	neg 1.0		__DUMMY__ 0.8743567798770872 off 0.06355070903928785 neg 0.06209251108362492	false	0.5
wackeln	neg 1.0		__DUMMY__ 0.8777003839305012 off 0.061357787389078954 neg 0.06094182868041978	false	0.5
klagen	neg 1.0		__DUMMY__ 0.8798548483355269 neg 0.06615138940444912 off 0.053993762260023954	false	1.0
bankrott	neg 1.0		__DUMMY__ 0.8753729585226636 off 0.06462536843258627 neg 0.060001673044750126	false	0.5
trauern	neg 1.0		__DUMMY__ 0.8799111409231558 neg 0.06324411934524073 off 0.05684473973160337	false	1.0
ablehnung	neg 1.0		__DUMMY__ 0.8752313501477248 neg 0.06607837168839821 off 0.058690278163877056	false	1.0
stur	neg 1.0		__DUMMY__ 0.8739475699542127 neg 0.06400519200174344 off 0.06204723804404383	false	1.0
aufruhr	neg 1.0		__DUMMY__ 0.8763254815274006 neg 0.06404173973030486 off 0.059632778742294494	false	1.0
melancholie	neg 1.0		__DUMMY__ 0.8778121814565024 neg 0.06493565970664839 off 0.05725215883684925	false	1.0
ist			__DUMMY__ 0.8752220648845185 off 0.06259711109294865 neg 0.06218082402253277	false	0.0
torheit	neg 1.0		__DUMMY__ 0.8755163392281039 neg 0.0633948925638604 off 0.06108876820803572	false	1.0
dreckskind	off 1.0		__DUMMY__ 0.8639819772952081 off 0.07216698270756257 neg 0.06385103999722944	false	1.0
umtauschen	neg 1.0		__DUMMY__ 0.8775474716323293 neg 0.06255366004162374 off 0.05989886832604696	false	1.0
zum			__DUMMY__ 0.8876243307022597 neg 0.06102174051738123 off 0.05135392878035902	false	0.0
zersetzen	neg 1.0		__DUMMY__ 0.8771767460381868 neg 0.06698612997186285 off 0.055837123989950214	false	1.0
zur			__DUMMY__ 0.8855104453349962 neg 0.06348221070354047 off 0.05100734396146325	false	0.0
frust	neg 1.0		__DUMMY__ 0.8774014482329678 neg 0.06359195687849754 off 0.059006594888534554	false	1.0
unerbittlichkeit	neg 1.0		__DUMMY__ 0.8781899905876687 neg 0.06604091919434407 off 0.05576909021798729	false	1.0
zwei			__DUMMY__ 0.8863722909721702 neg 0.06120418290775969 off 0.05242352612007008	false	0.0
unkorrekt	neg 1.0		__DUMMY__ 0.8710834121932235 off 0.06869314571611244 neg 0.0602234420906641	false	0.5
hexe	off 1.0		__DUMMY__ 0.8679018497898908 neg 0.066692900811846 off 0.06540524939826318	false	0.5
lasch	neg 1.0		__DUMMY__ 0.8712148350961916 off 0.06468721799098474 neg 0.06409794691282368	false	0.5
rivale	neg 1.0		__DUMMY__ 0.8705287013823453 off 0.06756643664486428 neg 0.061904861972790534	false	0.5
mutlos	off 1.0	off 1.0	off 0.5131692394885777 __DUMMY__ 0.43615801750084293 neg 0.05067274301057919	false	1.0
wirr	off 1.0		__DUMMY__ 0.8675940222537236 off 0.06941226888441791 neg 0.06299370886185851	false	1.0
jahr			__DUMMY__ 0.8884962225891728 neg 0.056715226693270816 off 0.05478855071755624	false	0.0
wird			__DUMMY__ 0.8776953631318238 neg 0.06439685979815019 off 0.05790777707002596	false	0.0
strafbar	neg 1.0		__DUMMY__ 0.8780107531095015 neg 0.06485185921477689 off 0.05713738767572155	false	1.0
erosion	neg 1.0		__DUMMY__ 0.878357644594519 neg 0.061139248187330894 off 0.060503107218150096	false	1.0
eingehen	neg 1.0		__DUMMY__ 0.876961837108551 neg 0.06575049574931337 off 0.05728766714213559	false	1.0
faul	off 1.0		__DUMMY__ 0.8748980411107395 off 0.06448539233942746 neg 0.06061656654983302	false	1.0
provisorium	neg 1.0		__DUMMY__ 0.8896346941172293 neg 0.06156711320289433 off 0.048798192679876444	false	1.0
schmerzen	neg 1.0		__DUMMY__ 0.8752454174518643 neg 0.06553427180757816 off 0.059220310740557565	false	1.0
schrumpfen	neg 1.0		__DUMMY__ 0.881378185209352 neg 0.06716633949949158 off 0.05145547529115653	false	1.0
geistlos	off 1.0		__DUMMY__ 0.8707245922658318 neg 0.06560622613245876 off 0.06366918160170945	false	0.5
fehlkauf	neg 1.0		__DUMMY__ 0.8749977388830603 neg 0.06260232328662121 off 0.06239993783031844	false	1.0
frustrierend	neg 1.0		__DUMMY__ 0.8740920323381077 off 0.06455346838121104 neg 0.06135449928068121	false	0.5
unzufrieden	neg 1.0		__DUMMY__ 0.875719639129858 neg 0.06558453771663841 off 0.05869582315350369	false	1.0
verzweifeln	neg 1.0		__DUMMY__ 0.8762807361113876 neg 0.06389109967954144 off 0.05982816420907099	false	1.0
verzweifelt	neg 1.0	neg 1.0	neg 0.5198469244294055 __DUMMY__ 0.43316546738822176 off 0.04698760818237272	false	1.0
misstrauensantrag	neg 1.0		__DUMMY__ 0.8750110012266379 off 0.06256019211584704 neg 0.062428806657515164	false	0.5
abfallen	neg 1.0		__DUMMY__ 0.8777375640234418 off 0.06118085983875053 neg 0.06108157613780763	false	0.5
fucker	off 1.0		__DUMMY__ 0.87149293216777 off 0.06838155235447252 neg 0.06012551547775743	false	1.0
ungezogen	neg 1.0		__DUMMY__ 0.8640993312489649 off 0.0754849455702544 neg 0.060415723180780756	false	0.5
irrsinnig	neg 1.0	neg 1.0	neg 0.5189743743150682 __DUMMY__ 0.4340443905070039 off 0.04698123517792786	false	1.0
unfassbar	neg 1.0		__DUMMY__ 0.8730958606024365 off 0.06662276515796332 neg 0.0602813742396002	false	0.5
hart	neg 1.0		__DUMMY__ 0.871996034436919 off 0.06598563194971305 neg 0.06201833361336794	false	0.5
widerlich	off 1.0		__DUMMY__ 0.870077650312352 off 0.06729161782097583 neg 0.06263073186667219	false	1.0
fatal	neg 1.0		__DUMMY__ 0.8744994421176826 off 0.06296699028669474 neg 0.06253356759562266	false	0.5
bruch	neg 1.0		__DUMMY__ 0.8801706019088652 neg 0.06546877977998594 off 0.05436061831114883	false	1.0
aushungern	neg 1.0		__DUMMY__ 0.8773668254667053 neg 0.06358796043544004 off 0.05904521409785473	false	1.0
anspannung	neg 1.0		__DUMMY__ 0.8849067787591719 neg 0.06353890202803944 off 0.05155431921278871	false	1.0
von			__DUMMY__ 0.8899253859019507 neg 0.055255665810481504 off 0.05481894828756779	false	0.0
kraftlos	neg 1.0		__DUMMY__ 0.8783293216537448 neg 0.06339046705272235 off 0.05828021129353291	false	1.0
vom			__DUMMY__ 0.8902122362117043 neg 0.06065416120154525 off 0.049133602586750376	false	0.0
grenzdebil	off 1.0		__DUMMY__ 0.873050896249063 off 0.06685735304861366 neg 0.06009175070232336	false	1.0
vor			__DUMMY__ 0.8819995096984764 neg 0.06316052399049082 off 0.0548399663110328	false	0.0
unterwerfen	neg 1.0		__DUMMY__ 0.8775493674711725 neg 0.06510425848076754 off 0.057346374048059826	false	1.0
versenkung	neg 1.0		__DUMMY__ 0.8800614548770315 neg 0.06241090004578076 off 0.057527645077187814	false	1.0
entziehen	neg 1.0		__DUMMY__ 0.8801900685181104 neg 0.06531493481791596 off 0.054494996663973526	false	1.0
finanzkrise	neg 1.0		__DUMMY__ 0.8732570575597877 neg 0.06717935024169237 off 0.05956359219851991	false	1.0
schimpfend	neg 1.0		__DUMMY__ 0.8749664816064942 neg 0.06280895797797907 off 0.06222456041552673	false	1.0
profan	neg 1.0		__DUMMY__ 0.8735812527952906 off 0.06331725746911739 neg 0.06310148973559195	false	0.5
korruption	neg 1.0		__DUMMY__ 0.8760437620725902 neg 0.06612989247847036 off 0.05782634544893952	false	1.0
â			__DUMMY__ 0.8798600785588748 neg 0.06242676253844648 off 0.05771315890267873	false	0.0
schmutzig	neg 1.0		__DUMMY__ 0.8729645056223581 off 0.06726919734983255 neg 0.059766297027809424	false	0.5
sexy	neg 1.0		__DUMMY__ 0.8750762101442224 off 0.06418746671847451 neg 0.060736323137303	false	0.5
abraten	neg 1.0		__DUMMY__ 0.8763098614826915 off 0.06260328648257364 neg 0.06108685203473493	false	0.5
schwarz	neg 1.0		__DUMMY__ 0.8746978014052008 neg 0.06305626280579932 off 0.062245935788999916	false	1.0
fotze	off 1.0	off 1.0	off 0.5142688524405208 __DUMMY__ 0.437719873608582 neg 0.04801127395089728	false	1.0
verwirren	neg 1.0		__DUMMY__ 0.873831471729428 off 0.06381701889436199 neg 0.0623515093762099	false	0.5
zahnlos	off 1.0		__DUMMY__ 0.8757443684649363 neg 0.06478015635830194 off 0.05947547517676168	false	0.5
verheeren	neg 1.0		__DUMMY__ 0.8637928965775936 off 0.07687642575171691 neg 0.05933067767068943	false	0.5
hippie	neg 1.0		__DUMMY__ 0.874915428898005 off 0.06390110237437038 neg 0.06118346872762456	false	0.5
rammen	neg 1.0		__DUMMY__ 0.8709690546662127 neg 0.06741120552052136 off 0.061619739813265934	false	1.0
unlauter	neg 1.0		__DUMMY__ 0.8729119790872517 neg 0.06540879353384299 off 0.061679227378905355	false	1.0
unheilvoll	neg 1.0		__DUMMY__ 0.8748093476197174 neg 0.06306455091136678 off 0.06212610146891576	false	1.0
niedrig	neg 1.0		__DUMMY__ 0.8770274062350918 neg 0.06705721312602433 off 0.05591538063888387	false	1.0
explosion	neg 1.0		__DUMMY__ 0.8747948082913893 off 0.06332926411108697 neg 0.06187592759752367	false	0.5
weichei	off 1.0	off 1.0	off 0.5242812605395439 __DUMMY__ 0.4289451735577836 neg 0.04677356590267249	false	1.0
minusmensch	off 1.0		__DUMMY__ 0.8605918382305712 off 0.07465020331776996 neg 0.06475795845165895	false	1.0
farblos	neg 1.0		__DUMMY__ 0.877291682012835 neg 0.06292374490567743 off 0.05978457308148745	false	1.0
unwissend	neg 1.0	neg 1.0	neg 0.5174925713144878 __DUMMY__ 0.4327110695435409 off 0.049796359141971426	false	1.0
traurig	neg 1.0		__DUMMY__ 0.8719437620720895 off 0.06889587050486118 neg 0.05916036742304938	false	0.5
senkung	neg 1.0		__DUMMY__ 0.8719216398992481 neg 0.06492602512224799 off 0.06315233497850392	false	1.0
ungleich	neg 1.0	neg 1.0	neg 0.5201301471749291 __DUMMY__ 0.4372020690850362 off 0.04266778374003477	false	1.0
heikel	neg 1.0		__DUMMY__ 0.877616595977601 neg 0.06577770810142258 off 0.05660569592097639	false	1.0
drosselung	neg 1.0		__DUMMY__ 0.8718192947109491 off 0.06655214981624327 neg 0.06162855547280766	false	0.5
falsch	neg 1.0		__DUMMY__ 0.8733145709532563 off 0.06472155729326981 neg 0.06196387175347391	false	0.5
unzufriedenheit	neg 1.0		__DUMMY__ 0.8790733609343766 neg 0.06573660686779699 off 0.0551900321978265	false	1.0
kurz	neg 1.0		__DUMMY__ 0.8805549913061803 neg 0.06041227803945165 off 0.05903273065436806	false	1.0
unsinnig	neg 1.0		__DUMMY__ 0.8754644932033337 neg 0.06490516191130655 off 0.05963034488535976	false	1.0
penner	off 1.0	off 1.0	off 0.5254592978152741 __DUMMY__ 0.42830348380053407 neg 0.04623721838419173	false	1.0
seicht	neg 1.0		__DUMMY__ 0.8640053663977724 off 0.07529965635750163 neg 0.06069497724472602	false	0.5
dummheit	off 1.0	off 1.0	off 0.5184504001716314 __DUMMY__ 0.4322473315179742 neg 0.04930226831039452	false	1.0
unerfreulich	neg 1.0		__DUMMY__ 0.87973106355982 neg 0.06458685554350141 off 0.05568208089667857	false	1.0
motherfucker	off 1.0	off 1.0	off 0.5214662459927006 __DUMMY__ 0.43205212528290066 neg 0.04648162872439861	false	1.0
pikiert	neg 1.0		__DUMMY__ 0.8702284584573161 off 0.06652781275181574 neg 0.06324372879086809	false	0.5
wrack	neg 1.0		__DUMMY__ 0.879218686510497 neg 0.06264770920144525 off 0.058133604288057736	false	1.0
gangster	neg 1.0		__DUMMY__ 0.8746736317868427 off 0.0639071398442867 neg 0.06141922836887072	false	0.5
krank	neg 1.0		__DUMMY__ 0.8738000926725773 off 0.06667903232216228 neg 0.059520875005260314	false	0.5
reich	neg 1.0		__DUMMY__ 0.8744711577749412 off 0.0655425029864249 neg 0.059986339238633835	false	0.5
gnadenlos	neg 1.0		__DUMMY__ 0.8736737213076751 neg 0.0643546183839291 off 0.06197166030839593	false	1.0
niedergeschlagen	neg 1.0		__DUMMY__ 0.8779484880664619 neg 0.06278789948035558 off 0.059263612453182464	false	1.0
terrorisieren	off 1.0	off 1.0	off 0.5133318700062245 __DUMMY__ 0.4379305255461933 neg 0.048737604447582156	false	1.0
sinnlosigkeit	neg 1.0		__DUMMY__ 0.876253496056895 neg 0.0648469664643731 off 0.05889953747873202	false	1.0
behindern	neg 1.0		__DUMMY__ 0.8767161541829825 neg 0.063504095606374 off 0.059779750210643454	false	1.0
undemokratisch	neg 1.0		__DUMMY__ 0.874796606323096 neg 0.06337804599619265 off 0.061825347680711386	false	1.0
wirtschaftskrise	neg 1.0		__DUMMY__ 0.875194530092965 neg 0.06718505564684712 off 0.05762041426018786	false	1.0
neid	neg 1.0		__DUMMY__ 0.876848222153722 off 0.06437970675066479 neg 0.05877207109561314	false	0.5
rutschen	neg 1.0		__DUMMY__ 0.8861354328138558 neg 0.06163382543424479 off 0.05223074175189946	false	1.0
rezession	neg 1.0		__DUMMY__ 0.8637468512239926 off 0.06933794131764696 neg 0.06691520745836045	false	0.5
fehlgeburt	neg 1.0		__DUMMY__ 0.8775000093701518 off 0.06212132009763925 neg 0.06037867053220893	false	0.5
charakterschwach	off 1.0		__DUMMY__ 0.8703174298007786 off 0.0671916898765167 neg 0.06249088032270467	false	1.0
isolation	neg 1.0		__DUMMY__ 0.8744475623412717 off 0.06413427526377943 neg 0.06141816239494881	false	0.5
ablenkung	neg 1.0		__DUMMY__ 0.8777533831775811 neg 0.06149751949909762 off 0.06074909732332127	false	1.0
pech	neg 1.0		__DUMMY__ 0.8745516734525716 off 0.0639655999645776 neg 0.06148272658285073	false	0.5
vermeidung	neg 1.0		__DUMMY__ 0.8721231940780405 off 0.06670544945923894 neg 0.061171356462720546	false	0.5
dominieren	neg 1.0		__DUMMY__ 0.8777969945619014 neg 0.06531562760369532 off 0.05688737783440336	false	1.0
schwindlig	neg 1.0		__DUMMY__ 0.8767635231885458 off 0.062396945548322445 neg 0.06083953126313171	false	0.5
lutscher	neg 1.0	neg 1.0	neg 0.5156289361883957 __DUMMY__ 0.42717209968526515 off 0.05719896412633919	false	1.0
pflicht	neg 1.0		__DUMMY__ 0.8783924408958089 neg 0.06601688564749025 off 0.05559067345670093	false	1.0
faschist	off 1.0		__DUMMY__ 0.8738941307422614 off 0.06423517986853508 neg 0.06187068938920346	false	1.0
verschleudern	neg 1.0		__DUMMY__ 0.8774488842747926 neg 0.06618575879634497 off 0.05636535692886245	false	1.0
wenn			__DUMMY__ 0.8731115504528462 off 0.06485608804716816 neg 0.06203236149998574	false	0.0
ehebruch	neg 1.0		__DUMMY__ 0.8773270192913897 neg 0.0648518163916919 off 0.05782116431691845	false	1.0
spott	off 1.0		__DUMMY__ 0.8766935703053395 neg 0.0659061343570429 off 0.057400295337617604	false	0.5
trostlosigkeit	neg 1.0		__DUMMY__ 0.8797527391728343 neg 0.0654412024158824 off 0.0548060584112834	false	1.0
lutschen	neg 1.0		__DUMMY__ 0.8715946010109097 off 0.06430979949247988 neg 0.06409559949661052	false	0.5
undiszipliniert	neg 1.0		__DUMMY__ 0.8709996050795616 off 0.06835542591496727 neg 0.06064496900547099	false	0.5
kopfschmerz	neg 1.0		__DUMMY__ 0.8751325371930601 neg 0.06663563194017606 off 0.05823183086676386	false	1.0
unvorhergesehen	neg 1.0		__DUMMY__ 0.8836202700610395 neg 0.06074421983982376 off 0.05563551009913676	false	1.0
desinteressiert	neg 1.0	neg 1.0	neg 0.5168413880663696 __DUMMY__ 0.4316571383385294 off 0.05150147359510096	false	1.0
armselig	off 1.0		__DUMMY__ 0.8681230773738994 off 0.06923495875042109 neg 0.06264196387567954	false	1.0
desaster	neg 1.0		__DUMMY__ 0.8801464439524461 neg 0.06601688103186307 off 0.05383667501569075	false	1.0
tod	neg 1.0		__DUMMY__ 0.8802035744230577 neg 0.06230409416449165 off 0.05749233141245059	false	1.0
herzlos	neg 1.0		__DUMMY__ 0.869717569485185 off 0.06901135044771768 neg 0.061271080067097396	false	0.5
unwissenheit	neg 1.0		__DUMMY__ 0.8759369868728719 neg 0.06546774492642213 off 0.0585952682007061	false	1.0
widersinnig	neg 1.0		__DUMMY__ 0.8737461712426151 neg 0.06747808630937147 off 0.05877574244801337	false	1.0
bedenklich	neg 1.0		__DUMMY__ 0.8765961375863048 neg 0.06565638507230144 off 0.057747477341393634	false	1.0
beanstanden	neg 1.0		__DUMMY__ 0.8792791561799832 neg 0.06554459946189045 off 0.05517624435812628	false	1.0
panisch	neg 1.0	neg 1.0	neg 0.5152456244439987 __DUMMY__ 0.437241876723841 off 0.04751249883216032	false	1.0
debil	off 1.0		__DUMMY__ 0.8854437757411132 neg 0.06506739944597531 off 0.049488824812911496	false	0.5
abstrich	neg 1.0		__DUMMY__ 0.8826710766264834 off 0.05867967184807417 neg 0.05864925152544247	false	0.5
primitiv	neg 1.0		__DUMMY__ 0.8698489847372092 off 0.06751317606216022 neg 0.06263783920063055	false	0.5
abschaum	off 1.0	off 1.0	off 0.5201994620890343 __DUMMY__ 0.43221143630369097 neg 0.04758910160727471	false	1.0
provozieren	neg 1.0		__DUMMY__ 0.8727484649243713 neg 0.06542166192448641 off 0.061829873151142314	false	1.0
tot	neg 1.0		__DUMMY__ 0.8780037080092327 neg 0.06427887502520323 off 0.05771741696556412	false	1.0
instabil	neg 1.0		__DUMMY__ 0.8688407228381877 off 0.06845503240036967 neg 0.06270424476144258	false	0.5
schwuchtel	off 1.0	off 1.0	off 0.5299088979279576 __DUMMY__ 0.4234469229425734 neg 0.046644179129469	false	1.0
zerren	neg 1.0		__DUMMY__ 0.8774226063424588 neg 0.06373167993722421 off 0.058845713720316974	false	1.0
kinderficker	off 1.0		__DUMMY__ 0.8688082518921848 off 0.07176447374164517 neg 0.05942727436617	false	1.0
gefahr	neg 1.0		__DUMMY__ 0.8808026117715768 neg 0.06417541796887993 off 0.05502197025954324	false	1.0
rabiat	neg 1.0		__DUMMY__ 0.8760871084383982 neg 0.06296431168008854 off 0.060948579881513275	false	1.0
verlangsamung	neg 1.0		__DUMMY__ 0.8628395338217201 off 0.07328079690514158 neg 0.06387966927313832	false	0.5
ausgestorben	neg 1.0		__DUMMY__ 0.8771613648498277 neg 0.06225659014484365 off 0.06058204500532871	false	1.0
anklagen	neg 1.0		__DUMMY__ 0.876981762146702 neg 0.06505679545576096 off 0.05796144239753702	false	1.0
trott	neg 1.0		__DUMMY__ 0.8767497487380047 neg 0.06307525752463945 off 0.06017499373735586	false	1.0
verminderung	neg 1.0		__DUMMY__ 0.8716850604925901 off 0.06702467027926709 neg 0.06129026922814273	false	0.5
nach			__DUMMY__ 0.8874580517700978 neg 0.06131209060304609 off 0.0512298576268561	false	0.0
rost	neg 1.0		__DUMMY__ 0.8679435518907586 off 0.07184493771790079 neg 0.06021151039134071	false	0.5
destruktiv	neg 1.0		__DUMMY__ 0.8747552229083329 neg 0.06456520332029153 off 0.060679573771375686	false	1.0
unzumutbarkeit	neg 1.0		__DUMMY__ 0.8738786825378576 off 0.06588238234571096 neg 0.06023893511643133	false	0.5
labil	off 1.0	off 1.0	off 0.5195859515127054 __DUMMY__ 0.433044302404131 neg 0.04736974608316368	false	1.0
ziemlich	neg 1.0		__DUMMY__ 0.8743765251956316 off 0.06640506874413203 neg 0.0592184060602364	false	0.5
lachnummer	off 1.0		__DUMMY__ 0.8738242790174962 neg 0.06469908473833515 off 0.061476636244168714	false	0.5
oder			__DUMMY__ 0.8773855955819343 off 0.061368567893637385 neg 0.06124583652442837	false	0.0
verfall	neg 1.0		__DUMMY__ 0.8822573435636366 neg 0.0662637157869556 off 0.05147894064940774	false	1.0
ausgrenzung	neg 1.0		__DUMMY__ 0.8744023747436477 neg 0.06320734286684844 off 0.06239028238950381	false	1.0
unordnung	neg 1.0		__DUMMY__ 0.8741712498592294 off 0.06820060292673687 neg 0.05762814721403368	false	0.5
fehlverhalten	neg 1.0		__DUMMY__ 0.876639863523621 neg 0.0671660361511522 off 0.05619410032522686	false	1.0
eine			__DUMMY__ 0.881573978577181 neg 0.0630919964164004 off 0.05533402500641857	false	0.0
nille	neg 1.0		__DUMMY__ 0.877337862999885 neg 0.06235305452626659 off 0.06030908247384836	false	1.0
qual	neg 1.0		__DUMMY__ 0.8771281174749804 neg 0.06305452096893442 off 0.05981736155608516	false	1.0
verschwenden	neg 1.0		__DUMMY__ 0.8768097432439915 neg 0.06620548008228268 off 0.056984776673725764	false	1.0
riesig	neg 1.0		__DUMMY__ 0.8798147223193983 neg 0.06309297667141257 off 0.057092301009189134	false	1.0
verurteilen	neg 1.0		__DUMMY__ 0.8744727150405329 neg 0.06694017052944623 off 0.05858711443002076	false	1.0
klischee	neg 1.0	neg 1.0	neg 0.5186110778019009 __DUMMY__ 0.4324657009044009 off 0.048923221293698194	false	1.0
diktatorisch	neg 1.0		__DUMMY__ 0.8740494886512685 neg 0.06391459953167346 off 0.062035911817058115	false	1.0
vorhersehbar	neg 1.0		__DUMMY__ 0.8717519270256692 neg 0.0641916128673731 off 0.06405646010695781	false	1.0
sowie			__DUMMY__ 0.8663444677113252 off 0.07099077230612248 neg 0.06266475998255228	false	0.0
stornieren	neg 1.0		__DUMMY__ 0.8808145283805296 off 0.06229057594716403 neg 0.05689489567230635	false	0.5
besteuerung	neg 1.0		__DUMMY__ 0.8719660056043896 neg 0.06691267249726632 off 0.06112132189834396	false	1.0
ungeschminkt	neg 1.0		__DUMMY__ 0.8678775058454299 off 0.06681935782538052 neg 0.06530313632918956	false	0.5
kritisch	neg 1.0		__DUMMY__ 0.8772842298947244 neg 0.06517184564283592 off 0.05754392446243969	false	1.0
schlamperei	off 1.0		__DUMMY__ 0.879744477086183 neg 0.06405170506310241 off 0.0562038178507146	false	0.5
sucht	neg 1.0	neg 1.0	neg 0.512954600147966 __DUMMY__ 0.44109547391093346 off 0.045949925941100436	false	1.0
egoistisch	off 1.0		__DUMMY__ 0.8668748590637478 off 0.07184728463034235 neg 0.061277856305909685	false	1.0
ausbeuter	off 1.0		__DUMMY__ 0.8757493722230834 neg 0.06806919147392532 off 0.05618143630299133	false	0.5
arschgeburt	off 1.0		__DUMMY__ 0.8579176812853114 off 0.07935338700003262 neg 0.06272893171465602	false	1.0
schubs	neg 1.0		__DUMMY__ 0.8787385963266945 neg 0.06287892389199867 off 0.05838247978130696	false	1.0
unsolide	neg 1.0		__DUMMY__ 0.8722596633678349 neg 0.06518429765452942 off 0.06255603897763566	false	1.0
beschwerde	neg 1.0		__DUMMY__ 0.8769500694115496 neg 0.06612856010492599 off 0.056921370483524365	false	1.0
stocken	neg 1.0		__DUMMY__ 0.8787196688689317 neg 0.0648329157348987 off 0.05644741539616962	false	1.0
isolieren	neg 1.0		__DUMMY__ 0.877309562499835 neg 0.06479290646989794 off 0.05789753103026698	false	1.0
unheilbar	neg 1.0		__DUMMY__ 0.8759054666031701 neg 0.06293793840624337 off 0.06115659499058648	false	1.0
pisser	off 1.0		__DUMMY__ 0.8677052351236875 off 0.06867260781445209 neg 0.0636221570618604	false	1.0
löschen	neg 1.0		__DUMMY__ 0.8765803577027963 neg 0.06287449801995358 off 0.06054514427725014	false	1.0
durchfallen	neg 1.0		__DUMMY__ 0.8755591831422805 neg 0.066342113903218 off 0.05809870295450155	false	1.0
wichser	off 1.0	off 1.0	off 0.5277762493988671 __DUMMY__ 0.426674571849684 neg 0.04554917875144889	false	1.0
terror	neg 1.0		__DUMMY__ 0.8754469914625709 off 0.06340225011225921 neg 0.06115075842516981	false	0.5
krass	neg 1.0		__DUMMY__ 0.8697088009582973 off 0.0693964748739558 neg 0.06089472416774695	false	0.5
revolte	neg 1.0		__DUMMY__ 0.8742049520921258 neg 0.06303228997926348 off 0.06276275792861065	false	1.0
besorgt	neg 1.0		__DUMMY__ 0.8813653276753731 neg 0.05972318155498717 off 0.05891149076963961	false	1.0
nachlassen	neg 1.0		__DUMMY__ 0.8801136606475914 neg 0.0638312935752475 off 0.05605504577716107	false	1.0
alt	neg 1.0		__DUMMY__ 0.8767933712544708 neg 0.06545444226630992 off 0.05775218647921923	false	1.0
hundesohn	off 1.0		__DUMMY__ 0.8626084535623564 off 0.07598422925475695 neg 0.06140731718288665	false	1.0
als			__DUMMY__ 0.8784987797657496 neg 0.06274038727993254 off 0.05876083295431792	false	0.0
abschreckung	neg 1.0		__DUMMY__ 0.879080077445835 neg 0.06590097646699479 off 0.05501894608717011	false	1.0
unqualifiziert	neg 1.0		__DUMMY__ 0.8711245095153984 off 0.06494656523886413 neg 0.06392892524573747	false	0.5
abgewichst	off 1.0		__DUMMY__ 0.8785551192421402 neg 0.06189533305021358 off 0.0595495477076461	false	0.5
schwer	neg 1.0		__DUMMY__ 0.8757121448193976 neg 0.06400847959248313 off 0.06027937558811923	false	1.0
bedeutungslosigkeit	neg 1.0		__DUMMY__ 0.8783328492575877 neg 0.06564054752461132 off 0.056026603217800904	false	1.0
kapitulation	neg 1.0		__DUMMY__ 0.8780568064596087 neg 0.06472041231511487 off 0.05722278122527641	false	1.0
unscharf	neg 1.0		__DUMMY__ 0.8732340455714984 neg 0.06412843595441219 off 0.06263751847408947	false	1.0
schwinden	neg 1.0		__DUMMY__ 0.8782814756309871 neg 0.06610938645454216 off 0.05560913791447074	false	1.0
versklavung	neg 1.0		__DUMMY__ 0.8749121170536586 neg 0.06356822721651204 off 0.061519655729829516	false	1.0
schlecht	neg 1.0		__DUMMY__ 0.8739968752494934 off 0.06662838009377026 neg 0.05937474465673631	false	0.5
verhasst	neg 1.0		__DUMMY__ 0.8713141605518386 neg 0.06629895505667242 off 0.062386884391488893	false	1.0
beschweren	neg 1.0		__DUMMY__ 0.874894224625888 off 0.06276435173071389 neg 0.06234142364339821	false	0.5
scheiden	neg 1.0		__DUMMY__ 0.8790247376040805 neg 0.060809349389482695 off 0.060165913006436755	false	1.0
frustriert	neg 1.0		__DUMMY__ 0.8754546675169895 neg 0.0650475860513921 off 0.05949774643161829	false	1.0
schimmelig	neg 1.0		__DUMMY__ 0.8739015701146128 neg 0.06866976145569921 off 0.057428668429687954	false	1.0
fisch	neg 1.0		__DUMMY__ 0.8776892464738569 neg 0.0677764743546101 off 0.054534279171533	false	1.0
schmuggel	neg 1.0		__DUMMY__ 0.8788085404721243 neg 0.06492352275658647 off 0.05626793677128924	false	1.0
auffallen	neg 1.0		__DUMMY__ 0.8745998204437764 off 0.0634871309397816 neg 0.061913048616442104	false	0.5
konkurrenz	neg 1.0		__DUMMY__ 0.8793188324504236 neg 0.0660284513176216 off 0.05465271623195476	false	1.0
teufelskreis	neg 1.0	neg 1.0	neg 0.5202482324627302 __DUMMY__ 0.43387621055907927 off 0.04587555697819041	false	1.0
aufschreien	neg 1.0		__DUMMY__ 0.8726304093815437 neg 0.06374837762228935 off 0.06362121299616699	false	1.0
schuldner	neg 1.0		__DUMMY__ 0.8762458860547658 neg 0.06838328497856591 off 0.055370828966668256	false	1.0
missgeburt	off 1.0	off 1.0	off 0.5248863783459564 __DUMMY__ 0.42723290653887974 neg 0.04788071511516381	false	1.0
arbeitslos	neg 1.0		__DUMMY__ 0.8756194483676643 neg 0.06585969017353999 off 0.05852086145879584	false	1.0
befallen	neg 1.0		__DUMMY__ 0.8738935687662195 neg 0.0669256675060792 off 0.05918076372770127	false	1.0
miesepetrig	off 1.0	off 1.0	off 0.519867819978125 __DUMMY__ 0.43397184072865136 neg 0.04616033929322357	false	1.0
alarmieren	neg 1.0		__DUMMY__ 0.8709781035702753 off 0.06520530107521583 neg 0.06381659535450876	false	0.5
ungeduscht	off 1.0		__DUMMY__ 0.871306239305959 off 0.06442887335916644 neg 0.06426488733487448	false	1.0
knappheit	neg 1.0		__DUMMY__ 0.8741845235778318 neg 0.06799113054245219 off 0.05782434587971602	false	1.0
schlange	neg 1.0		__DUMMY__ 0.8787366680731573 off 0.06202035728096372 neg 0.059242974645878965	false	0.5
harsch	neg 1.0		__DUMMY__ 0.8713890856646374 off 0.07045678539958293 neg 0.05815412893577972	false	0.5
lang	neg 1.0		__DUMMY__ 0.8765101981902076 neg 0.0620984015252555 off 0.06139140028453704	false	1.0
ziellos	neg 1.0		__DUMMY__ 0.8798127239394298 neg 0.06262410337694398 off 0.05756317268362622	false	1.0
selbstverliebt	neg 1.0		__DUMMY__ 0.8616430876766537 off 0.07698645925248107 neg 0.0613704530708653	false	0.5
beseitigen	neg 1.0		__DUMMY__ 0.8774781573098142 neg 0.06344184387652464 off 0.059079998813661154	false	1.0
dumm	off 1.0		__DUMMY__ 0.867488035263943 off 0.0724095101441265 neg 0.06010245459193049	false	1.0
arbeitsloser	neg 1.0		__DUMMY__ 0.8789851154390979 neg 0.06246227419631246 off 0.058552610364589766	false	1.0
blitzen	neg 1.0		__DUMMY__ 0.8751347360156768 off 0.06381091154062742 neg 0.06105435244369571	false	0.5
hilflos	neg 1.0		__DUMMY__ 0.8758596046051309 neg 0.06514804912027251 off 0.05899234627459665	false	1.0
eklig	off 1.0		__DUMMY__ 0.8641181911096768 off 0.07295617177468623 neg 0.06292563711563692	false	1.0
begriff			__DUMMY__ 0.876668879746983 neg 0.06313364098819899 off 0.06019747926481803	false	0.0
hungersnot	neg 1.0		__DUMMY__ 0.8771462763070099 neg 0.06460713651146173 off 0.05824658718152832	false	1.0
ungesetzlich	neg 1.0		__DUMMY__ 0.8722412282289252 neg 0.06587935746130702 off 0.06187941430976778	false	1.0
verschwendung	neg 1.0		__DUMMY__ 0.8781176901526445 neg 0.06527415285208016 off 0.05660815699527534	false	1.0
schmerzvoll	neg 1.0		__DUMMY__ 0.8743261583729306 neg 0.06328816795663957 off 0.06238567367042992	false	1.0
vorzeitig	neg 1.0		__DUMMY__ 0.8732116789252308 neg 0.06351595982818897 off 0.06327236124658024	false	1.0
unvollkommenheit	neg 1.0		__DUMMY__ 0.8821308638523029 neg 0.060252172726833246 off 0.057616963420863795	false	1.0
intervenieren	neg 1.0		__DUMMY__ 0.8771283087665058 neg 0.0662952250262605 off 0.056576466207233604	false	1.0
banause	off 1.0		__DUMMY__ 0.8611568481979087 off 0.07547734110710204 neg 0.06336581069498914	false	1.0
rebell	neg 1.0		__DUMMY__ 0.8810431444016577 neg 0.06632599522035872 off 0.05263086037798362	false	1.0
unlogisch	neg 1.0		__DUMMY__ 0.8692175675632786 off 0.06887408241105761 neg 0.061908350025663805	false	0.5
leiden	neg 1.0		__DUMMY__ 0.8818659374526067 neg 0.06301334985914285 off 0.05512071268825045	false	1.0
abschaffung	neg 1.0		__DUMMY__ 0.8758445897514081 neg 0.06314965227623821 off 0.0610057579723537	false	1.0
sturz	neg 1.0		__DUMMY__ 0.87777244441814 neg 0.06158117203962142 off 0.0606463835422387	false	1.0
verkleinerung	neg 1.0		__DUMMY__ 0.8717321532644777 neg 0.0645725865847404 off 0.06369526015078178	false	1.0
schmarotzer	off 1.0		__DUMMY__ 0.8745213359473253 neg 0.06615516084041644 off 0.05932350321225835	false	0.5
bestrafung	neg 1.0		__DUMMY__ 0.8750921381403989 neg 0.06308815109428705 off 0.061819710765314104	false	1.0
achtlos	neg 1.0	neg 1.0	neg 0.5178448101541383 __DUMMY__ 0.4366819187069791 off 0.04547327113888258	false	1.0
ungeheuer	neg 1.0		__DUMMY__ 0.875419551508327 off 0.06289643839674039 neg 0.06168401009493277	false	0.5
unaufrichtig	neg 1.0		__DUMMY__ 0.8777270276848292 off 0.06378593817431649 neg 0.058487034140854204	false	0.5
groggy	neg 1.0		__DUMMY__ 0.8742444022900738 off 0.06388517310910874 neg 0.061870424600817354	false	0.5
