unsolidarisch	neg 1.0		__DUMMY__ 0.9206582982526255 neg 0.041554009622746836 off 0.03778769212462773	false	1.0
nachteilig	neg 1.0		__DUMMY__ 0.9255324750733814 neg 0.040376460561831314 off 0.034091064364787156	false	1.0
skeptisch	neg 1.0		__DUMMY__ 0.9257685843347021 neg 0.040434523253213964 off 0.03379689241208393	false	1.0
schrecklich	neg 1.0		__DUMMY__ 0.9189681674225284 off 0.044856038232503746 neg 0.0361757943449678	false	0.5
schlapp	neg 1.0		__DUMMY__ 0.9216163384219203 off 0.04138328859930292 neg 0.03700037297877683	false	0.5
abfall	neg 1.0		__DUMMY__ 0.928559670842335 neg 0.04056551424964725 off 0.030874814908017686	false	1.0
widerspenstig	neg 1.0		__DUMMY__ 0.9239275269107868 neg 0.038691919648121076 off 0.03738055344109212	false	1.0
abrupt	neg 1.0		__DUMMY__ 0.9267337641992156 neg 0.03937731690712663 off 0.03388891889365781	false	1.0
unwirksam	neg 1.0		__DUMMY__ 0.9201725512115162 neg 0.04247168153588734 off 0.03735576725259649	false	1.0
angreifen	neg 1.0		__DUMMY__ 0.9242166799996725 neg 0.041916362663299546 off 0.03386695733702798	false	1.0
inkonsistent	neg 1.0		__DUMMY__ 0.920879585072234 neg 0.04121588271912452 off 0.03790453220864143	false	1.0
abrutschen	neg 1.0		__DUMMY__ 0.9268529012810602 neg 0.041806003778583914 off 0.03134109494035587	false	1.0
unsicher	neg 1.0		__DUMMY__ 0.9251098126991778 off 0.03747737879184891 neg 0.03741280850897328	false	0.5
bauernkind	off 1.0	off 1.0	off 0.5113135122476317 __DUMMY__ 0.448418369927197 neg 0.040268117825171264	false	1.0
angreifer	neg 1.0	neg 1.0	neg 0.5040114977897634 __DUMMY__ 0.4605356810898778 off 0.035452821120358816	false	1.0
trennen	neg 1.0		__DUMMY__ 0.927618486804676 neg 0.03915091563440555 off 0.03323059756091841	false	1.0
schmutz	neg 1.0		__DUMMY__ 0.9256516155777617 off 0.038291490720172315 neg 0.03605689370206602	false	0.5
inkonsistenz	neg 1.0		__DUMMY__ 0.9166929729931227 off 0.04210454518094892 neg 0.041202481825928325	false	0.5
erschreckend	neg 1.0		__DUMMY__ 0.9228115313206886 neg 0.04002472191323946 off 0.03716374676607196	false	1.0
ertrinken	neg 1.0		__DUMMY__ 0.9246080019032649 neg 0.04143288465529433 off 0.03395911344144081	false	1.0
pickelface	off 1.0		__DUMMY__ 0.9243701084173308 neg 0.03892573419170507 off 0.03670415739096409	false	0.5
seiner			__DUMMY__ 0.9257940845305281 neg 0.040214820393110695 off 0.03399109507636124	false	0.0
lauch	neg 1.0		__DUMMY__ 0.9280270856994738 neg 0.04062000644668793 off 0.03135290785383832	false	1.0
unwichtig	neg 1.0		__DUMMY__ 0.9196596079612375 off 0.041573248830557144 neg 0.03876714320820538	false	0.5
steuerhinterziehung	neg 1.0	neg 1.0	neg 0.5073683306893558 __DUMMY__ 0.46016502768223944 off 0.03246664162840479	false	1.0
schock	neg 1.0		__DUMMY__ 0.9239469351061361 neg 0.03927921690100868 off 0.03677384799285522	false	1.0
beule	neg 1.0		__DUMMY__ 0.9194323609354579 off 0.04212325870494458 neg 0.038444380359597484	false	0.5
vergelten	neg 1.0		__DUMMY__ 0.9220352841166304 off 0.04402377362801684 neg 0.0339409422553527	false	0.5
verdorbenheit	neg 1.0		__DUMMY__ 0.9269892155291498 off 0.03743801100586668 neg 0.03557277346498353	false	0.5
trauma	neg 1.0		__DUMMY__ 0.922926011257525 neg 0.03884597333678849 off 0.03822801540568653	false	1.0
sinnlos	neg 1.0		__DUMMY__ 0.9223670403515289 off 0.039355420728525686 neg 0.038277538919945314	false	0.5
fettsack	off 1.0	off 1.0	off 0.5121867892312939 __DUMMY__ 0.4502119182096418 neg 0.037601292559064366	false	1.0
feige	off 1.0	off 1.0	off 0.5083202614504169 __DUMMY__ 0.4547542175709442 neg 0.036925520978638895	false	1.0
abdanken	neg 1.0		__DUMMY__ 0.9229655946509925 neg 0.03967727713615532 off 0.03735712821285216	false	1.0
wichtigtuer	off 1.0	off 1.0	off 0.5064866326653017 __DUMMY__ 0.45728684195561436 neg 0.036226525379083926	false	1.0
misslingen	neg 1.0		__DUMMY__ 0.9301161341310861 off 0.03736220953225062 neg 0.0325216563366634	false	0.5
untreu	off 1.0		__DUMMY__ 0.91986260190383 off 0.04186531195570335 neg 0.03827208614046671	false	1.0
missmutig	neg 1.0		__DUMMY__ 0.9214223839469128 off 0.04119579537838109 neg 0.037381820674706155	false	0.5
hurenbock	off 1.0		__DUMMY__ 0.9236603927567663 off 0.03867482844764409 neg 0.03766477879558956	false	1.0
betrunken	neg 1.0		__DUMMY__ 0.9202973065753326 off 0.04283545099781429 neg 0.0368672424268531	false	0.5
korrupt	off 1.0		__DUMMY__ 0.9211192990490626 neg 0.042877859466554036 off 0.03600284148438333	false	0.5
unmut	neg 1.0		__DUMMY__ 0.9277992163076816 neg 0.04070810774229396 off 0.03149267595002449	false	1.0
hackfresse	off 1.0		__DUMMY__ 0.9155708577831505 off 0.04771216668553373 neg 0.03671697553131571	false	1.0
aufblasen	neg 1.0		__DUMMY__ 0.923217764549867 off 0.03880484084021963 neg 0.037977394609913305	false	0.5
gewaltsam	neg 1.0		__DUMMY__ 0.9244852481549847 neg 0.039216311296802864 off 0.03629844054821246	false	1.0
unbeliebtheit	neg 1.0		__DUMMY__ 0.9179723658505773 neg 0.04108262725652807 off 0.04094500689289454	false	1.0
sturheit	neg 1.0		__DUMMY__ 0.9224706554104786 neg 0.04075524277439925 off 0.036774101815122216	false	1.0
kuh	neg 1.0		__DUMMY__ 0.9177556638275012 neg 0.0430589927786726 off 0.03918534339382628	false	1.0
erschrecken	neg 1.0		__DUMMY__ 0.9220489556677176 off 0.04097530252670276 neg 0.03697574180557959	false	0.5
opfer	neg 1.0		__DUMMY__ 0.9251258277454831 neg 0.039957496205450964 off 0.03491667604906595	false	1.0
sinken	neg 1.0		__DUMMY__ 0.9272967651352823 neg 0.04093109253534925 off 0.031772142329368445	false	1.0
stinktier	neg 1.0		__DUMMY__ 0.9115868437011696 off 0.04560394773664894 neg 0.042809208562181504	false	0.5
tucke	off 1.0		__DUMMY__ 0.912536013141685 off 0.04854110843776668 neg 0.03892287842054832	false	1.0
ein			__DUMMY__ 0.9231290285263162 neg 0.038742591685840835 off 0.03812837978784297	false	0.0
abstieg	neg 1.0		__DUMMY__ 0.9249903648264571 neg 0.04098329335300715 off 0.034026341820535766	false	1.0
missverstehen	neg 1.0		__DUMMY__ 0.919995953958176 off 0.04018642583929353 neg 0.039817620202530414	false	0.5
ergebnislos	neg 1.0		__DUMMY__ 0.926764099670974 neg 0.039449242460098594 off 0.03378665786892736	false	1.0
unter			__DUMMY__ 0.9331816851951684 neg 0.0395701290999906 off 0.027248185704840933	false	0.0
manipulieren	neg 1.0		__DUMMY__ 0.9263156850438835 neg 0.040202780374117 off 0.03348153458199949	false	1.0
unbewiesen	neg 1.0		__DUMMY__ 0.9198171994861984 neg 0.04236134360240612 off 0.03782145691139549	false	1.0
verschleppen	neg 1.0		__DUMMY__ 0.9237904779275481 neg 0.040958950644006495 off 0.03525057142844542	false	1.0
weib	off 1.0		__DUMMY__ 0.9106177936981807 off 0.048468938103193526 neg 0.04091326819862569	false	1.0
opposition	neg 1.0		__DUMMY__ 0.9212018532660117 neg 0.04020616119701625 off 0.0385919855369721	false	1.0
verkehrswidrig	neg 1.0		__DUMMY__ 0.922885895109964 off 0.044310552214854346 neg 0.03280355267518165	false	0.5
inkorrekt	neg 1.0		__DUMMY__ 0.9165936865659329 off 0.04475681749332585 neg 0.038649495940741276	false	0.5
vermeiden	neg 1.0	neg 1.0	neg 0.505595799841094 __DUMMY__ 0.46725566291293485 off 0.02714853724597104	false	1.0
abweichung	neg 1.0		__DUMMY__ 0.9257417701776596 neg 0.03958084654890858 off 0.03467738327343188	false	1.0
alkoholisiert	neg 1.0		__DUMMY__ 0.9283229573290935 neg 0.03842879856246328 off 0.03324824410844311	false	1.0
scheiss	off 1.0	off 1.0	off 0.5078706997107106 __DUMMY__ 0.45690032579838485 neg 0.035228974490904404	false	1.0
herausforderung	neg 1.0		__DUMMY__ 0.9269279258960837 neg 0.039532956308575735 off 0.03353911779534047	false	1.0
pervers	off 1.0		__DUMMY__ 0.9124533368763352 off 0.05054449839951541 neg 0.037002164724149376	false	1.0
wackelig	neg 1.0		__DUMMY__ 0.9282726940964775 neg 0.036198377019427665 off 0.0355289288840948	false	1.0
verwickeln	neg 1.0		__DUMMY__ 0.9202273200776678 neg 0.03999238142728012 off 0.03978029849505199	false	1.0
vorwand	neg 1.0		__DUMMY__ 0.9255598367067343 neg 0.04101902484990751 off 0.03342113844335822	false	1.0
muschi	off 1.0		__DUMMY__ 0.924145916883652 neg 0.03896521336843192 off 0.036888869747916074	false	0.5
entmutigung	neg 1.0		__DUMMY__ 0.9217530299950815 neg 0.03948880331405515 off 0.03875816669086337	false	1.0
unangemessen	neg 1.0		__DUMMY__ 0.9219455249759549 neg 0.04146378833447139 off 0.03659068668957361	false	1.0
unstetig	neg 1.0		__DUMMY__ 0.9233203623921531 off 0.03929777314801352 neg 0.0373818644598334	false	0.5
entmutigen	neg 1.0		__DUMMY__ 0.9228465366864941 neg 0.0388612699698006 off 0.03829219334370542	false	1.0
schwanz	neg 1.0		__DUMMY__ 0.9253977466143984 neg 0.039964360227484265 off 0.034637893158117286	false	1.0
verbot	neg 1.0		__DUMMY__ 0.9235989617344482 neg 0.04079935494528309 off 0.03560168332026868	false	1.0
leid	neg 1.0		__DUMMY__ 0.9164420176188731 off 0.046133195043757486 neg 0.03742478733736937	false	0.5
archaisch	neg 1.0		__DUMMY__ 0.9234132365279358 neg 0.04002566286237745 off 0.03656110060968679	false	1.0
gegen			__DUMMY__ 0.9275599376698711 neg 0.0402631711281158 off 0.03217689120201304	false	0.0
scheidung	neg 1.0		__DUMMY__ 0.9139097659316704 off 0.05414840201120469 neg 0.03194183205712497	false	0.5
einschlag	neg 1.0		__DUMMY__ 0.919115307383098 off 0.04384612945416486 neg 0.03703856316273713	false	0.5
m			__DUMMY__ 0.9259550880137987 neg 0.03858249969591834 off 0.035462412290283005	false	0.0
abgestanden	neg 1.0		__DUMMY__ 0.9222059995761881 neg 0.04049496903499972 off 0.03729903138881211	false	1.0
schmierig	off 1.0		__DUMMY__ 0.9178396224849827 off 0.04549359540815671 neg 0.036666782106860606	false	1.0
unpraktisch	neg 1.0		__DUMMY__ 0.9234007418216474 off 0.03842468212559668 neg 0.03817457605275589	false	0.5
wixxer	off 1.0		__DUMMY__ 0.9104999260171469 off 0.050775235774774226 neg 0.038724838208078864	false	1.0
bezeichnet			__DUMMY__ 0.9208018315384783 neg 0.041318621670997494 off 0.037879546790524216	false	0.0
jammerlappen	off 1.0		__DUMMY__ 0.9214869378417091 off 0.041525958166805356 neg 0.036987103991485505	false	1.0
farce	neg 1.0		__DUMMY__ 0.9220435459568582 neg 0.04160348536165567 off 0.036352968681486006	false	1.0
zwecklos	neg 1.0		__DUMMY__ 0.9225573490953928 neg 0.041197176968527253 off 0.03624547393607999	false	1.0
turbulent	neg 1.0		__DUMMY__ 0.9172689552834148 off 0.04258575828983538 neg 0.04014528642674987	false	0.5
invasion	neg 1.0		__DUMMY__ 0.9221926537501278 off 0.03909092879549599 neg 0.03871641745437619	false	0.5
schuld	neg 1.0		__DUMMY__ 0.9210889689257438 neg 0.04026674669456401 off 0.03864428437969217	false	1.0
risiko	neg 1.0	neg 1.0	neg 0.5033170927634448 __DUMMY__ 0.4619055062858278 off 0.03477740095072733	false	1.0
finster	neg 1.0		__DUMMY__ 0.9213477756505145 neg 0.04053056676159551 off 0.03812165758789	false	1.0
geisteskrank	off 1.0		__DUMMY__ 0.9167326944273718 off 0.043200880149305454 neg 0.040066425423322685	false	1.0
zusammenbrechen	neg 1.0		__DUMMY__ 0.9242391644019601 neg 0.03956682263385441 off 0.03619401296418555	false	1.0
ausbeute	neg 1.0		__DUMMY__ 0.9333030164206956 off 0.03402840669410228 neg 0.03266857688520206	false	0.5
hinterhalt	neg 1.0		__DUMMY__ 0.9292349048548709 off 0.03565247529194356 neg 0.035112619853185444	false	0.5
kritik	neg 1.0		__DUMMY__ 0.9217446941373832 neg 0.04201203771715734 off 0.036243268145459306	false	1.0
einschrumpfen	neg 1.0		__DUMMY__ 0.9197145408756017 off 0.04081833808682338 neg 0.03946712103757492	false	0.5
riskant	neg 1.0		__DUMMY__ 0.9242560059937891 neg 0.041443875364556654 off 0.03430011864165428	false	1.0
frustrieren	neg 1.0		__DUMMY__ 0.9244583356257382 neg 0.04055632280734756 off 0.03498534156691427	false	1.0
groll	neg 1.0		__DUMMY__ 0.9226440552693778 neg 0.04148449242986632 off 0.03587145230075596	false	1.0
gibt			__DUMMY__ 0.924818336389277 neg 0.0388504881199344 off 0.036331175490788674	false	0.0
qualvoll	neg 1.0		__DUMMY__ 0.9218421217009142 off 0.0399029138819147 neg 0.038254964417171106	false	0.5
wackeln	neg 1.0		__DUMMY__ 0.9246961658592907 off 0.03807239847860842 neg 0.0372314356621009	false	0.5
klagen	neg 1.0		__DUMMY__ 0.926551047551369 neg 0.04133806623022119 off 0.03211088621840985	false	1.0
bankrott	neg 1.0		__DUMMY__ 0.9227641591963733 off 0.040699353456567694 neg 0.03653648734705906	false	0.5
trauern	neg 1.0		__DUMMY__ 0.9265967057459045 neg 0.03899146103641011 off 0.03441183321768543	false	1.0
ablehnung	neg 1.0		__DUMMY__ 0.9225630693931226 neg 0.04137748296910631 off 0.03605944763777105	false	1.0
stur	neg 1.0		__DUMMY__ 0.9214467219633925 neg 0.039809518110085616 off 0.038743759926521855	false	1.0
aufruhr	neg 1.0		__DUMMY__ 0.9235032353639703 neg 0.03972321954372177 off 0.03677354509230801	false	1.0
melancholie	neg 1.0		__DUMMY__ 0.9248404291793347 neg 0.04053701638969308 off 0.03462255443097216	false	1.0
ist			__DUMMY__ 0.9225528633131536 off 0.039147647504509275 neg 0.03829948918233716	false	0.0
torheit	neg 1.0		__DUMMY__ 0.9228360529791246 neg 0.03919777467634659 off 0.03796617234452878	false	1.0
dreckskind	off 1.0		__DUMMY__ 0.912930940257306 off 0.04710303472940483 neg 0.03996602501328917	false	1.0
umtauschen	neg 1.0		__DUMMY__ 0.9246386650360112 neg 0.03862266745929063 off 0.03673866750469817	false	1.0
zum			__DUMMY__ 0.9332122364030069 neg 0.03707972053818303 off 0.029708043058810037	false	0.0
zersetzen	neg 1.0		__DUMMY__ 0.9242146226138632 neg 0.042139633661736585 off 0.0336457437244002	false	1.0
zur			__DUMMY__ 0.9314021315949337 neg 0.03906183622539344 off 0.029536032179672895	false	0.0
frust	neg 1.0		__DUMMY__ 0.9243635397371921 neg 0.03939093290028902 off 0.03624552736251898	false	1.0
unerbittlichkeit	neg 1.0		__DUMMY__ 0.9251045092019418 neg 0.04133084361383243 off 0.03356464718422576	false	1.0
zwei			__DUMMY__ 0.9321353978086302 neg 0.03727175245717107 off 0.030592849734198724	false	0.0
unkorrekt	neg 1.0		__DUMMY__ 0.9190931002185532 off 0.04417613919972472 neg 0.036730760581722095	false	0.5
hexe	off 1.0		__DUMMY__ 0.916309112094926 neg 0.04223961623828676 off 0.041451271666787255	false	0.5
lasch	neg 1.0		__DUMMY__ 0.9191030869212898 off 0.04095735868823101 neg 0.03993955439047907	false	0.5
rivale	neg 1.0		__DUMMY__ 0.9186018393582989 off 0.043213462209611773 neg 0.03818469843208942	false	0.5
mutlos	off 1.0	off 1.0	off 0.5014880953078436 __DUMMY__ 0.4602657221219206 neg 0.03824618257023587	false	1.0
wirr	off 1.0		__DUMMY__ 0.9159968080813411 off 0.04483375352367108 neg 0.03916943839498779	false	1.0
jahr			__DUMMY__ 0.9340278933425433 neg 0.03350161514384467 off 0.032470491513611956	false	0.0
wird			__DUMMY__ 0.9246472234926922 neg 0.04005963723926059 off 0.03529313926804722	false	0.0
strafbar	neg 1.0		__DUMMY__ 0.9249560383861192 neg 0.04032901601698968 off 0.034714945596891235	false	1.0
erosion	neg 1.0		__DUMMY__ 0.9253206540570807 neg 0.037371183810458716 off 0.037308162132460486	false	1.0
eingehen	neg 1.0		__DUMMY__ 0.9239877340435363 neg 0.04116605717718796 off 0.03484620877927575	false	1.0
faul	off 1.0		__DUMMY__ 0.9224264642609105 off 0.040541545468379146 neg 0.0370319902707104	false	1.0
provisorium	neg 1.0		__DUMMY__ 0.9350023429872465 neg 0.03743108421326905 off 0.02756657279948448	false	1.0
schmerzen	neg 1.0		__DUMMY__ 0.9226635608688817 neg 0.04111381899787482 off 0.03622262013324354	false	1.0
schrumpfen	neg 1.0		__DUMMY__ 0.9278247487315133 neg 0.042170696375460816 off 0.03000455489302587	false	1.0
geistlos	off 1.0		__DUMMY__ 0.9186595291623836 neg 0.04115284027645435 off 0.04018763056116211	false	0.5
fehlkauf	neg 1.0		__DUMMY__ 0.9224345298846935 off 0.03896041458780372 neg 0.03860505552750272	false	0.5
frustrierend	neg 1.0		__DUMMY__ 0.9215959597639735 off 0.04075713933178931 neg 0.03764690090423727	false	0.5
unzufrieden	neg 1.0		__DUMMY__ 0.9229090687244802 neg 0.04106178565744261 off 0.03602914561807723	false	1.0
verzweifeln	neg 1.0		__DUMMY__ 0.923426709737475 neg 0.039670787513448845 off 0.03690250274907615	false	1.0
verzweifelt	neg 1.0	neg 1.0	neg 0.5076111182352875 __DUMMY__ 0.45714603043345536 off 0.0352428513312572	false	1.0
misstrauensantrag	neg 1.0		__DUMMY__ 0.9224373211967212 off 0.03904119438522885 neg 0.038521484418049944	false	0.5
abfallen	neg 1.0		__DUMMY__ 0.9248310010896877 off 0.03782122567647607 neg 0.03734777323383619	false	0.5
fucker	off 1.0		__DUMMY__ 0.9193667377462383 off 0.04395050531564068 neg 0.03668275693812099	false	1.0
ungezogen	neg 1.0		__DUMMY__ 0.9130956305745154 off 0.04977533854419134 neg 0.03712903088129331	false	0.5
irrsinnig	neg 1.0	neg 1.0	neg 0.5067080505203204 __DUMMY__ 0.45806964172188286 off 0.03522230775779668	false	1.0
unfassbar	neg 1.0		__DUMMY__ 0.9207648017270162 off 0.04244540922466176 neg 0.03678978904832196	false	0.5
hart	neg 1.0		__DUMMY__ 0.919878798274954 off 0.041901574020092494 neg 0.038219627704953484	false	0.5
widerlich	off 1.0		__DUMMY__ 0.918190840275421 off 0.043039487902815574 neg 0.038769671821763496	false	1.0
fatal	neg 1.0		__DUMMY__ 0.9219655734434816 off 0.039451266694811644 neg 0.038583159861706684	false	0.5
bruch	neg 1.0		__DUMMY__ 0.9267691254271854 neg 0.040784730819417095 off 0.032446143753397515	false	1.0
aushungern	neg 1.0		__DUMMY__ 0.9244052734483836 neg 0.03924897659896089 off 0.036345749952655375	false	1.0
anspannung	neg 1.0		__DUMMY__ 0.9308465121986319 neg 0.03916282861902738 off 0.029990659182340743	false	1.0
von			__DUMMY__ 0.9352971116099036 off 0.0324948170257313 neg 0.03220807136436513	false	0.0
kraftlos	neg 1.0		__DUMMY__ 0.925234372770685 neg 0.03921335079809701 off 0.035552276431217965	false	1.0
vom			__DUMMY__ 0.9354715916438935 neg 0.036712118316968564 off 0.027816290039138006	false	0.0
grenzdebil	off 1.0		__DUMMY__ 0.9207939044601314 off 0.04259421837523767 neg 0.03661187716463093	false	1.0
vor			__DUMMY__ 0.9283458635244171 neg 0.03892068083531027 off 0.0327334556402727	false	0.0
unterwerfen	neg 1.0		__DUMMY__ 0.9245648533594559 neg 0.0405645950576646 off 0.03487055158287954	false	1.0
versenkung	neg 1.0		__DUMMY__ 0.9266512935663326 neg 0.03832388489440252 off 0.03502482153926488	false	1.0
entziehen	neg 1.0		__DUMMY__ 0.9268157504319335 neg 0.040683206445450176 off 0.032501043122616376	false	1.0
finanzkrise	neg 1.0		__DUMMY__ 0.9208811517311486 neg 0.04238346996724687 off 0.03673537830160457	false	1.0
schimpfend	neg 1.0		__DUMMY__ 0.922383137687473 neg 0.038891329682371384 off 0.03872553263015557	false	1.0
profan	neg 1.0		__DUMMY__ 0.9211694144871556 off 0.03973129244962867 neg 0.03909929306321572	false	0.5
korruption	neg 1.0		__DUMMY__ 0.9232849102296713 neg 0.04140402641864813 off 0.0353110633516806	false	1.0
â			__DUMMY__ 0.926615424843806 neg 0.03837653311547545 off 0.03500804204071852	false	0.0
schmutzig	neg 1.0		__DUMMY__ 0.9206960266776915 off 0.04294949216816207 neg 0.036354481154146405	false	0.5
sexy	neg 1.0		__DUMMY__ 0.9224870834348236 off 0.040408379810240654 neg 0.037104536754935746	false	0.5
abraten	neg 1.0		__DUMMY__ 0.9235505242669036 off 0.03907355712195772 neg 0.03737591861113853	false	0.5
schwarz	neg 1.0		__DUMMY__ 0.9221394598353391 neg 0.0390136677059793 off 0.038846872458681646	false	1.0
fotze	off 1.0	off 1.0	off 0.502449754509286 __DUMMY__ 0.4619319670714575 neg 0.03561827841925652	false	1.0
verwirren	neg 1.0		__DUMMY__ 0.9213785752765566 off 0.04016055883217553 neg 0.03846086589126783	false	0.5
zahnlos	off 1.0		__DUMMY__ 0.922952923228739 neg 0.04037625094493957 off 0.036670825826321446	false	0.5
verheeren	neg 1.0		__DUMMY__ 0.9127222110316691 off 0.051059940551744024 neg 0.03621784841658689	false	0.5
hippie	neg 1.0		__DUMMY__ 0.9223284826869431 off 0.040200010802185764 neg 0.03747150651087099	false	0.5
rammen	neg 1.0		__DUMMY__ 0.9189415195392935 neg 0.04276195989716819 off 0.038296520563538404	false	1.0
unlauter	neg 1.0		__DUMMY__ 0.9206067386018496 neg 0.040931482374860516 off 0.03846177902328985	false	1.0
unheilvoll	neg 1.0		__DUMMY__ 0.922297470610916 neg 0.039051088966872635 off 0.0386514404222113	false	1.0
niedrig	neg 1.0		__DUMMY__ 0.9241312581940041 neg 0.04225599503817126 off 0.03361274676782465	false	1.0
explosion	neg 1.0		__DUMMY__ 0.9222587805988759 off 0.03969782612251927 neg 0.03804339327860493	false	0.5
weichei	off 1.0	off 1.0	off 0.512341927634362 __DUMMY__ 0.4529532543421381 neg 0.03470481802349985	false	1.0
minusmensch	off 1.0		__DUMMY__ 0.9098809874660272 off 0.04935330544714547 neg 0.04076570708682731	false	1.0
farblos	neg 1.0		__DUMMY__ 0.9244613317351544 neg 0.038874526567137725 off 0.036664141697707875	false	1.0
unwissend	neg 1.0	neg 1.0	neg 0.5052766879769786 __DUMMY__ 0.45678670556194984 off 0.037936606461071526	false	1.0
traurig	neg 1.0		__DUMMY__ 0.9198458991328786 off 0.04427612480741785 neg 0.035877976059703554	false	0.5
senkung	neg 1.0		__DUMMY__ 0.9197741956034058 neg 0.04062879559427981 off 0.03959700880231442	false	1.0
ungleich	neg 1.0	neg 1.0	neg 0.5076818670136156 __DUMMY__ 0.4613826455990626 off 0.03093548738732191	false	1.0
heikel	neg 1.0		__DUMMY__ 0.9245827894226967 neg 0.04115945832374541 off 0.03425775225355791	false	1.0
drosselung	neg 1.0		__DUMMY__ 0.9197229410730614 off 0.0423452589630161 neg 0.03793179996392255	false	0.5
falsch	neg 1.0		__DUMMY__ 0.9209774972527323 off 0.04087042126669035 neg 0.03815208148057735	false	0.5
unzufriedenheit	neg 1.0		__DUMMY__ 0.9258471622366848 neg 0.04105246445502987 off 0.0331003733082853	false	1.0
kurz	neg 1.0		__DUMMY__ 0.9271922245435998 neg 0.03672842205769718 off 0.03607935339870296	false	1.0
unsinnig	neg 1.0		__DUMMY__ 0.9227389198022143 neg 0.04049132614956453 off 0.03676975404822105	false	1.0
penner	off 1.0	off 1.0	off 0.513556170269767 __DUMMY__ 0.452255925183073 neg 0.03418790454715996	false	1.0
seicht	neg 1.0		__DUMMY__ 0.9129512706796006 off 0.049718719484266025 neg 0.03733000983613333	false	0.5
dummheit	off 1.0	off 1.0	off 0.5066932595349893 __DUMMY__ 0.4562380518580024 neg 0.03706868860700824	false	1.0
unerfreulich	neg 1.0		__DUMMY__ 0.9264256458475089 neg 0.040139586670356706 off 0.033434767482134406	false	1.0
motherfucker	off 1.0	off 1.0	off 0.5096585907013328 __DUMMY__ 0.45605121033524526 neg 0.03429019896342203	false	1.0
pikiert	neg 1.0		__DUMMY__ 0.9183099784653052 off 0.04242241693755865 neg 0.03926760459713619	false	0.5
wrack	neg 1.0		__DUMMY__ 0.9260675491269547 neg 0.03857140440228368 off 0.03536104647076175	false	1.0
gangster	neg 1.0		__DUMMY__ 0.9221352542144692 off 0.04019088386780195 neg 0.03767386191772891	false	0.5
krank	neg 1.0		__DUMMY__ 0.9214709039825482 off 0.042377444935009244 neg 0.03615165108244259	false	0.5
reich	neg 1.0		__DUMMY__ 0.9219687440069835 off 0.04154745143312245 neg 0.03648380455989412	false	0.5
gnadenlos	neg 1.0		__DUMMY__ 0.9211693023954268 neg 0.0401153132721528 off 0.038715384332420354	false	1.0
niedergeschlagen	neg 1.0		__DUMMY__ 0.9248893345131483 neg 0.03873874343325005 off 0.03637192205360168	false	1.0
terrorisieren	off 1.0	off 1.0	off 0.5016126269259442 __DUMMY__ 0.4620891220804368 neg 0.036298250993619045	false	1.0
sinnlosigkeit	neg 1.0		__DUMMY__ 0.92340001162188 neg 0.04043953781572696 off 0.03616045056239302	false	1.0
behindern	neg 1.0		__DUMMY__ 0.923905386250592 neg 0.039349174603180694 off 0.03674543914622737	false	1.0
undemokratisch	neg 1.0		__DUMMY__ 0.9222168555273049 neg 0.039158130825848646 off 0.038625013646846444	false	1.0
wirtschaftskrise	neg 1.0		__DUMMY__ 0.9225286521100541 neg 0.042312775639967305 off 0.035158572249978606	false	1.0
neid	neg 1.0		__DUMMY__ 0.92409825888858 off 0.040459615023847546 neg 0.03544212608757246	false	0.5
rutschen	neg 1.0		__DUMMY__ 0.9319737101214038 neg 0.037609299660207804 off 0.030416990218388375	false	1.0
rezession	neg 1.0		__DUMMY__ 0.9126232720859467 off 0.04488493728214627 neg 0.04249179063190694	false	0.5
fehlgeburt	neg 1.0		__DUMMY__ 0.9246006174055659 off 0.03866547224682251 neg 0.036733910347611615	false	0.5
charakterschwach	off 1.0		__DUMMY__ 0.9183693649113301 off 0.04299696364236218 neg 0.038633671446307624	false	1.0
isolation	neg 1.0		__DUMMY__ 0.9219462168669663 off 0.04034864130501252 neg 0.037705141828021156	false	0.5
ablenkung	neg 1.0		__DUMMY__ 0.9247575835855278 neg 0.03766563029036166 off 0.03757678612411046	false	1.0
pech	neg 1.0		__DUMMY__ 0.9220870940975299 off 0.04010830769328359 neg 0.037804598209186545	false	0.5
vermeidung	neg 1.0		__DUMMY__ 0.9199433466790431 off 0.04247338542469292 neg 0.03758326789626402	false	0.5
dominieren	neg 1.0		__DUMMY__ 0.9247414765603574 neg 0.040789383339955805 off 0.034469140099686796	false	1.0
schwindlig	neg 1.0		__DUMMY__ 0.9240568614268208 off 0.03875959033921247 neg 0.03718354823396681	false	0.5
lutscher	neg 1.0	neg 1.0	neg 0.5036077034366014 __DUMMY__ 0.4511168406607878 off 0.04527545590261075	false	1.0
pflicht	neg 1.0		__DUMMY__ 0.9251962559601107 neg 0.041333586497802055 off 0.033470157542087244	false	1.0
faschist	off 1.0		__DUMMY__ 0.9214455204434796 off 0.040605323083953974 neg 0.03794915647256643	false	1.0
verschleudern	neg 1.0		__DUMMY__ 0.924481289904039 neg 0.04145065194992697 off 0.034068058146034114	false	1.0
wenn			__DUMMY__ 0.9207701463451691 off 0.041002761862356595 neg 0.038227091792474265	false	0.0
ehebruch	neg 1.0		__DUMMY__ 0.9243625960207666 neg 0.04034842528760987 off 0.03528897869162353	false	1.0
spott	off 1.0		__DUMMY__ 0.9237963155327084 neg 0.041238791140273505 off 0.03496489332701818	false	0.5
trostlosigkeit	neg 1.0		__DUMMY__ 0.9264342647811816 neg 0.04080682758821146 off 0.03275890763060691	false	1.0
lutschen	neg 1.0		__DUMMY__ 0.9194530385704162 off 0.04060210086522276 neg 0.039944860564361105	false	0.5
undiszipliniert	neg 1.0		__DUMMY__ 0.9190112447858262 off 0.04384273841595707 neg 0.037146016798216795	false	0.5
kopfschmerz	neg 1.0		__DUMMY__ 0.9225232725563367 neg 0.04203183935674574 off 0.03544488808691752	false	1.0
unvorhergesehen	neg 1.0		__DUMMY__ 0.9298525908520128 neg 0.03697483261166914 off 0.03317257653631806	false	1.0
desinteressiert	neg 1.0	neg 1.0	neg 0.504656427395393 __DUMMY__ 0.4557176580546078 off 0.03962591454999933	false	1.0
armselig	off 1.0		__DUMMY__ 0.9164859542055861 off 0.0446842369310292 neg 0.03882980886338476	false	1.0
desaster	neg 1.0		__DUMMY__ 0.9267528327281847 neg 0.0412372296348874 off 0.03200993763692799	false	1.0
tod	neg 1.0		__DUMMY__ 0.9269269324267276 neg 0.03823263456259432 off 0.03484043301067805	false	1.0
herzlos	neg 1.0		__DUMMY__ 0.9179071278755592 off 0.04442335320194369 neg 0.037669518922497106	false	0.5
unwissenheit	neg 1.0		__DUMMY__ 0.9231648552097478 neg 0.04091500348262615 off 0.03592014130762601	false	1.0
widersinnig	neg 1.0		__DUMMY__ 0.921267691905704 neg 0.042583104325637486 off 0.03614920376865854	false	1.0
bedenklich	neg 1.0		__DUMMY__ 0.923704919465111 neg 0.04108138037582186 off 0.03521370015906707	false	1.0
beanstanden	neg 1.0		__DUMMY__ 0.9260096274896776 neg 0.040900681851358624 off 0.03308969065896374	false	1.0
panisch	neg 1.0	neg 1.0	neg 0.5029381254431661 __DUMMY__ 0.46150921542298157 off 0.03555265913385242	false	1.0
debil	off 1.0		__DUMMY__ 0.9313911429500443 neg 0.04042013225955753 off 0.028188724790398093	false	0.5
abstrich	neg 1.0		__DUMMY__ 0.92926152027252 off 0.03549889664678956 neg 0.035239583080690445	false	0.5
primitiv	neg 1.0		__DUMMY__ 0.9179867218565456 off 0.04323218743853541 neg 0.03878109070491903	false	0.5
abschaum	off 1.0	off 1.0	off 0.5084201159993865 __DUMMY__ 0.4562322026079045 neg 0.03534768139270904	false	1.0
provozieren	neg 1.0		__DUMMY__ 0.9203899544508446 neg 0.04100385082571943 off 0.038606194723435926	false	1.0
tot	neg 1.0		__DUMMY__ 0.9250450685242884 neg 0.03996306304809597 off 0.03499186842761573	false	1.0
instabil	neg 1.0		__DUMMY__ 0.9170475977219018 off 0.0440401966740905 neg 0.03891220560400773	false	0.5
schwuchtel	off 1.0	off 1.0	off 0.5181009526433543 __DUMMY__ 0.4471824628713721 neg 0.03471658448527365	false	1.0
zerren	neg 1.0		__DUMMY__ 0.9244244545779511 neg 0.03950640020518886 off 0.03606914521686012	false	1.0
kinderficker	off 1.0		__DUMMY__ 0.917142498609869 off 0.046756070292840804 neg 0.036101431097290276	false	1.0
gefahr	neg 1.0		__DUMMY__ 0.9273518670589078 neg 0.03969234439194759 off 0.03295578854914461	false	1.0
rabiat	neg 1.0		__DUMMY__ 0.923264176507372 neg 0.03890824890164108 off 0.037827574590986894	false	1.0
verlangsamung	neg 1.0		__DUMMY__ 0.9118817301535046 off 0.04815576333524631 neg 0.03996250651124908	false	0.5
ausgestorben	neg 1.0		__DUMMY__ 0.924214180076832 neg 0.038297747334101 off 0.03748807258906707	false	1.0
anklagen	neg 1.0		__DUMMY__ 0.92409000537645 neg 0.04052162512907103 off 0.035388369494478884	false	1.0
trott	neg 1.0		__DUMMY__ 0.9239169432026281 neg 0.038997058506150636 off 0.037085998291221285	false	1.0
verminderung	neg 1.0		__DUMMY__ 0.9195945053869612 off 0.04271167311334917 neg 0.037693821499689625	false	0.5
nach			__DUMMY__ 0.9330869360545515 neg 0.037299452981050814 off 0.029613610964397637	false	0.0
rost	neg 1.0		__DUMMY__ 0.9163859190984138 off 0.0467702336537086 neg 0.036843847247877586	false	0.5
destruktiv	neg 1.0		__DUMMY__ 0.9221573771799167 neg 0.0402115150585601 off 0.037631107761523105	false	1.0
unzumutbarkeit	neg 1.0		__DUMMY__ 0.9214927978271907 off 0.04180212558110917 neg 0.03670507659170013	false	0.5
labil	off 1.0	off 1.0	off 0.507802814044978 __DUMMY__ 0.4570666665567837 neg 0.035130519398238365	false	1.0
ziemlich	neg 1.0		__DUMMY__ 0.9219079155271324 off 0.042215848393714506 neg 0.03587623607915315	false	0.5
lachnummer	off 1.0		__DUMMY__ 0.9212754364463742 neg 0.04035375975612536 off 0.03837080379750044	false	0.5
oder			__DUMMY__ 0.9244625303640013 off 0.03804784438928047 neg 0.03748962524671817	false	0.0
verfall	neg 1.0		__DUMMY__ 0.9286245324853984 neg 0.04139853060977103 off 0.0299769369048305	false	1.0
ausgrenzung	neg 1.0		__DUMMY__ 0.9218810847608713 off 0.0390893502067255 neg 0.039029565032403235	false	0.5
unordnung	neg 1.0		__DUMMY__ 0.9217614080643368 off 0.04369901847104092 neg 0.03453957346462231	false	0.5
fehlverhalten	neg 1.0		__DUMMY__ 0.9237247451845566 neg 0.04228178615309204 off 0.0339934686623514	false	1.0
eine			__DUMMY__ 0.9279969481525278 neg 0.03889304410488274 off 0.033110007742589466	false	0.0
nille	neg 1.0		__DUMMY__ 0.9243732823010228 neg 0.038340872022314856 off 0.037285845676662314	false	1.0
qual	neg 1.0		__DUMMY__ 0.9242443755601647 neg 0.03896091131280762 off 0.03679471312702763	false	1.0
verschwenden	neg 1.0		__DUMMY__ 0.9238929469975741 neg 0.04156715702356093 off 0.03453989597886492	false	1.0
riesig	neg 1.0		__DUMMY__ 0.9265884326160123 neg 0.03892789217921274 off 0.03448367520477486	false	1.0
verurteilen	neg 1.0		__DUMMY__ 0.9218727743236528 neg 0.04214795757947708 off 0.03597926809687027	false	1.0
klischee	neg 1.0	neg 1.0	neg 0.5063913146736656 __DUMMY__ 0.456457080047924 off 0.03715160527841035	false	1.0
diktatorisch	neg 1.0		__DUMMY__ 0.9215635342950478 neg 0.03961370267556882 off 0.03882276302938339	false	1.0
vorhersehbar	neg 1.0		__DUMMY__ 0.9195336660425498 off 0.04044365653542427 neg 0.04002267742202586	false	0.5
sowie			__DUMMY__ 0.9149527417272777 off 0.04612561557574129 neg 0.03892164269698109	false	0.0
stornieren	neg 1.0		__DUMMY__ 0.9274367743312395 off 0.038758667370575886 neg 0.0338045582981847	false	0.5
besteuerung	neg 1.0		__DUMMY__ 0.9198104816506375 neg 0.042257861521730285 off 0.03793165682763232	false	1.0
ungeschminkt	neg 1.0		__DUMMY__ 0.9163382626012972 off 0.042569555219800534 neg 0.04109218217890228	false	0.5
kritisch	neg 1.0		__DUMMY__ 0.9243022395772126 neg 0.04063605800368928 off 0.03506170241909809	false	1.0
schlamperei	off 1.0		__DUMMY__ 0.9264818435847453 neg 0.03959017718417121 off 0.033927979231083545	false	0.5
sucht	neg 1.0	neg 1.0	neg 0.5004985129609015 __DUMMY__ 0.46561753043747817 off 0.033883956601620226	false	1.0
egoistisch	off 1.0		__DUMMY__ 0.9154453392832895 off 0.0468052645717012 neg 0.037749396145009204	false	1.0
ausbeuter	off 1.0		__DUMMY__ 0.9229683139125422 neg 0.04303814226000094 off 0.03399354382745694	false	0.5
arschgeburt	off 1.0		__DUMMY__ 0.9076105713991004 off 0.053231857581870774 neg 0.039157571019028815	false	1.0
schubs	neg 1.0		__DUMMY__ 0.9257000154292623 neg 0.038830406953838124 off 0.03546957761689962	false	1.0
unsolide	neg 1.0		__DUMMY__ 0.9200093125324004 neg 0.04073832916143612 off 0.03925235830616345	false	1.0
beschwerde	neg 1.0		__DUMMY__ 0.9240371750682984 neg 0.04140467416165445 off 0.034558150770047036	false	1.0
stocken	neg 1.0		__DUMMY__ 0.9255552089292535 neg 0.04031576336357362 off 0.03412902770717282	false	1.0
isolieren	neg 1.0		__DUMMY__ 0.9243740835361395 neg 0.04028827388422184 off 0.0353376425796387	false	1.0
unheilbar	neg 1.0		__DUMMY__ 0.9231314586216488 neg 0.03883989792130535 off 0.03802864345704586	false	1.0
pisser	off 1.0		__DUMMY__ 0.9161041686639326 off 0.04423965511137315 neg 0.039656176224694265	false	1.0
löschen	neg 1.0		__DUMMY__ 0.9237665612621695 neg 0.03881033546145704 off 0.03742310327637347	false	1.0
durchfallen	neg 1.0		__DUMMY__ 0.9227973182707748 neg 0.04168809710318657 off 0.03551458462603864	false	1.0
wichser	off 1.0	off 1.0	off 0.5158773874036062 __DUMMY__ 0.450575530203595 neg 0.033547082392798834	false	1.0
terror	neg 1.0		__DUMMY__ 0.9228155155749559 off 0.03971304625209916 neg 0.03747143817294493	false	0.5
krass	neg 1.0		__DUMMY__ 0.9179661489657361 off 0.04462652727547699 neg 0.037407323758786866	false	0.5
revolte	neg 1.0		__DUMMY__ 0.9216821202495765 off 0.03938532666616534 neg 0.03893255308425811	false	0.5
besorgt	neg 1.0		__DUMMY__ 0.9278540151638884 neg 0.0361053114290787 off 0.03604067340703292	false	1.0
nachlassen	neg 1.0		__DUMMY__ 0.9268107090965658 neg 0.039524903030594895 off 0.0336643878728393	false	1.0
alt	neg 1.0		__DUMMY__ 0.9240259680108174 neg 0.04098612545239674 off 0.03498790653678598	false	1.0
hundesohn	off 1.0		__DUMMY__ 0.9116550173941916 off 0.050425269309282636 neg 0.03791971329652574	false	1.0
als			__DUMMY__ 0.9253553185708865 neg 0.03867171761761861 off 0.03597296381149502	false	0.0
abschreckung	neg 1.0		__DUMMY__ 0.9258672129586693 neg 0.04114996025460159 off 0.03298282678672924	false	1.0
unqualifiziert	neg 1.0		__DUMMY__ 0.9190175230495925 off 0.04120515886993118 neg 0.039777318080476284	false	0.5
abgewichst	off 1.0		__DUMMY__ 0.9254815273987174 neg 0.03793887287819224 off 0.03657959972309036	false	0.5
schwer	neg 1.0		__DUMMY__ 0.922932267280449 neg 0.03980091708001762 off 0.037266815639533414	false	1.0
bedeutungslosigkeit	neg 1.0		__DUMMY__ 0.9251994930091605 neg 0.04098410305021862 off 0.033816403940620805	false	1.0
kapitulation	neg 1.0		__DUMMY__ 0.9250116102755863 neg 0.040187276856259065 off 0.034801112868154634	false	1.0
unscharf	neg 1.0		__DUMMY__ 0.9209820385273737 neg 0.04002599510553051 off 0.03899196636709583	false	1.0
schwinden	neg 1.0		__DUMMY__ 0.9251693162160801 neg 0.04136174727292424 off 0.033468936510995625	false	1.0
versklavung	neg 1.0		__DUMMY__ 0.9223027977052861 neg 0.03933922522629939 off 0.038357977068414414	false	1.0
schlecht	neg 1.0		__DUMMY__ 0.9215556103232139 off 0.04243715012815405 neg 0.03600723954863201	false	0.5
verhasst	neg 1.0		__DUMMY__ 0.9191425095762266 neg 0.04176281191040381 off 0.03909467851336956	false	1.0
beschweren	neg 1.0		__DUMMY__ 0.9222663691406835 off 0.039304073646957774 neg 0.038429557212358814	false	0.5
scheiden	neg 1.0		__DUMMY__ 0.9259556929621838 neg 0.03706370561743987 off 0.036980601420376416	false	1.0
frustriert	neg 1.0		__DUMMY__ 0.9227014384345233 neg 0.04064475709387472 off 0.03665380447160189	false	1.0
schimmelig	neg 1.0		__DUMMY__ 0.9215255163253593 neg 0.04373637398432755 off 0.034738109690313136	false	1.0
fisch	neg 1.0		__DUMMY__ 0.9248544791204497 neg 0.042873312405130586 off 0.03227220847441968	false	1.0
schmuggel	neg 1.0		__DUMMY__ 0.9255499286325084 neg 0.04043320046391596 off 0.03401687090357567	false	1.0
auffallen	neg 1.0		__DUMMY__ 0.9220320221668628 off 0.03988043393992469 neg 0.03808754389321261	false	0.5
konkurrenz	neg 1.0		__DUMMY__ 0.9259649728373051 neg 0.04132024043651256 off 0.03271478672618239	false	1.0
teufelskreis	neg 1.0	neg 1.0	neg 0.5079576535052348 __DUMMY__ 0.4578574887729545 off 0.034184857721810576	false	1.0
aufschreien	neg 1.0		__DUMMY__ 0.920336640304648 off 0.0400279930000833 neg 0.039635366695268605	false	0.5
schuldner	neg 1.0		__DUMMY__ 0.9234422849849571 neg 0.04326999491725623 off 0.03328772009778675	false	1.0
missgeburt	off 1.0	off 1.0	off 0.5130623618340642 __DUMMY__ 0.45111351868586436 neg 0.03582411948007138	false	1.0
arbeitslos	neg 1.0		__DUMMY__ 0.9228249785621272 neg 0.04128635449021785 off 0.035888666947654885	false	1.0
befallen	neg 1.0		__DUMMY__ 0.9213625186973501 neg 0.04218090303538321 off 0.03645657826726673	false	1.0
miesepetrig	off 1.0	off 1.0	off 0.50787280113817 __DUMMY__ 0.45817206380311404 neg 0.03395513505871598	false	1.0
alarmieren	neg 1.0		__DUMMY__ 0.9188550480046624 off 0.04146770110462524 neg 0.03967725089071232	false	0.5
ungeduscht	off 1.0		__DUMMY__ 0.9193415176549398 off 0.040492618506549366 neg 0.04016586383851091	false	1.0
knappheit	neg 1.0		__DUMMY__ 0.9216650623459044 neg 0.043016576518920546 off 0.03531836113517514	false	1.0
schlange	neg 1.0		__DUMMY__ 0.9256263056337054 off 0.038566858093487796 neg 0.03580683627280687	false	0.5
harsch	neg 1.0		__DUMMY__ 0.9192637274585718 off 0.045618101402686906 neg 0.03511817113874138	false	0.5
lang	neg 1.0		__DUMMY__ 0.9237052298461824 neg 0.03817966669239174 off 0.03811510346142581	false	1.0
ziellos	neg 1.0		__DUMMY__ 0.9264749914006605 neg 0.038545491660063 off 0.03497951693927653	false	1.0
selbstverliebt	neg 1.0		__DUMMY__ 0.910915771259432 off 0.051118339076027794 neg 0.03796588966454015	false	0.5
beseitigen	neg 1.0		__DUMMY__ 0.9245498281065314 neg 0.03921819040739437 off 0.03623198148607431	false	1.0
dumm	off 1.0		__DUMMY__ 0.9160232191205753 off 0.047211888827252704 neg 0.03676489205217201	false	1.0
arbeitsloser	neg 1.0		__DUMMY__ 0.9257546105488964 neg 0.038339893492670106 off 0.03590549595843345	false	1.0
blitzen	neg 1.0		__DUMMY__ 0.9225486936120103 off 0.04012121860377738 neg 0.03733008778421233	false	0.5
hilflos	neg 1.0		__DUMMY__ 0.9230916498782265 neg 0.040710767213903 off 0.03619758290787053	false	1.0
eklig	off 1.0		__DUMMY__ 0.9130816013604699 off 0.047707987322284984 neg 0.03921041131724511	false	1.0
begriff			__DUMMY__ 0.9238207015087665 neg 0.03898664031595889 off 0.03719265817527462	false	0.0
hungersnot	neg 1.0		__DUMMY__ 0.9242361458214337 neg 0.04014732897654319 off 0.03561652520202308	false	1.0
ungesetzlich	neg 1.0		__DUMMY__ 0.9199328379082158 neg 0.041286330413865154 off 0.03878083167791904	false	1.0
verschwendung	neg 1.0		__DUMMY__ 0.9250277449264365 neg 0.04073343735441495 off 0.03423881771914858	false	1.0
schmerzvoll	neg 1.0		__DUMMY__ 0.9217881385651016 neg 0.03923210299091122 off 0.03897975844398728	false	1.0
vorzeitig	neg 1.0		__DUMMY__ 0.920843831890836 off 0.039725594346399364 neg 0.0394305737627646	false	0.5
unvollkommenheit	neg 1.0		__DUMMY__ 0.9286429233624104 neg 0.036468353316925196 off 0.03488872332066429	false	1.0
intervenieren	neg 1.0		__DUMMY__ 0.9241868109979808 neg 0.041521930362789165 off 0.034291258639229986	false	1.0
banause	off 1.0		__DUMMY__ 0.9105026034097675 off 0.04984067485109355 neg 0.03965672173913896	false	1.0
rebell	neg 1.0		__DUMMY__ 0.9276460602660804 neg 0.0415572555228079 off 0.030796684211111695	false	1.0
unlogisch	neg 1.0		__DUMMY__ 0.9174621342304793 off 0.044318010411579116 neg 0.0382198553579417	false	0.5
leiden	neg 1.0		__DUMMY__ 0.9283846965119565 neg 0.038814988294391374 off 0.03280031519365211	false	1.0
abschaffung	neg 1.0		__DUMMY__ 0.9231631852566853 neg 0.038981123297804815 off 0.03785569144550987	false	1.0
sturz	neg 1.0		__DUMMY__ 0.9247594935123661 neg 0.03770465985640533 off 0.03753584663122851	false	1.0
verkleinerung	neg 1.0		__DUMMY__ 0.9195542077059902 neg 0.04029229659327097 off 0.04015349570073893	false	1.0
schmarotzer	off 1.0		__DUMMY__ 0.9219037738194029 neg 0.04152175378325965 off 0.036574472397337424	false	0.5
bestrafung	neg 1.0		__DUMMY__ 0.9224538300015309 neg 0.03899836217543557 off 0.03854780782303352	false	1.0
achtlos	neg 1.0	neg 1.0	neg 0.5055076016715883 __DUMMY__ 0.46083232352981335 off 0.03366007479859851	false	1.0
ungeheuer	neg 1.0		__DUMMY__ 0.9227568034441609 off 0.03934496952502146 neg 0.03789822703081774	false	0.5
