unsolidarisch	neg 1.0		neg 0.3506718932178446 off 0.32891843708838137 __DUMMY__ 0.32040966969377405	false	1.0
nachteilig	neg 1.0		neg 0.3513092536573781 off 0.3254237859191264 __DUMMY__ 0.3232669604234955	false	1.0
skeptisch	neg 1.0		neg 0.3514683310713102 off 0.3249317917068909 __DUMMY__ 0.323599877221799	false	1.0
schrecklich	neg 1.0		off 0.3413297026221075 neg 0.3395148197509917 __DUMMY__ 0.31915547762690066	false	0.5
schlapp	neg 1.0		neg 0.3422605536374331 off 0.3370512186847407 __DUMMY__ 0.32068822767782634	false	1.0
abfall	neg 1.0		neg 0.3534265337405122 __DUMMY__ 0.32523617901942464 off 0.3213372872400632	false	1.0
widerspenstig	neg 1.0		neg 0.3468330701885282 off 0.3309711188624758 __DUMMY__ 0.3221958109489959	false	1.0
abrupt	neg 1.0		neg 0.3498529451977895 off 0.3261817724630106 __DUMMY__ 0.3239652823391999	false	1.0
unwirksam	neg 1.0		neg 0.35137620804935504 off 0.3286517223602913 __DUMMY__ 0.3199720695903538	false	1.0
angreifen	neg 1.0		neg 0.35313703652861567 off 0.32409979546902107 __DUMMY__ 0.3227631680023632	false	1.0
inkonsistent	neg 1.0		neg 0.3492943013607959 off 0.33041804647694684 __DUMMY__ 0.3202876521622573	false	1.0
abrutschen	neg 1.0		neg 0.3544205606672529 __DUMMY__ 0.32430149918313145 off 0.32127794014961575	false	1.0
unsicher	neg 1.0		neg 0.34560965534762067 off 0.3312432502274924 __DUMMY__ 0.32314709442488676	false	1.0
bauernkind	off 1.0	off 1.0	off 0.6569955103058195 neg 0.19231073992332587 __DUMMY__ 0.15069374977085465	false	1.0
angreifer	neg 1.0	neg 1.0	neg 0.6607396189050998 off 0.18397050378829188 __DUMMY__ 0.15528987730660831	false	1.0
trennen	neg 1.0		neg 0.34998221118273026 off 0.3252911953923908 __DUMMY__ 0.3247265934248788	false	1.0
schmutz	neg 1.0		neg 0.3436578524892778 off 0.333297591339192 __DUMMY__ 0.3230445561715301	false	1.0
inkonsistenz	neg 1.0		neg 0.34728374673605267 off 0.33477215384177295 __DUMMY__ 0.31794409942217433	false	1.0
erschreckend	neg 1.0		neg 0.3488920532713388 off 0.32927655983710535 __DUMMY__ 0.3218313868915559	false	1.0
ertrinken	neg 1.0		neg 0.3522995428337672 off 0.32479243954338577 __DUMMY__ 0.32290801762284693	false	1.0
pickelface	off 1.0		neg 0.3479313366573978 off 0.3295259196420661 __DUMMY__ 0.3225427437005361	false	0.5
seiner			neg 0.350977341308525 off 0.32537223847462077 __DUMMY__ 0.3236504202168543	false	0.0
lauch	neg 1.0		neg 0.35291295363390124 __DUMMY__ 0.3247850111944704 off 0.3223020351716283	false	1.0
unwichtig	neg 1.0		neg 0.3446135456392962 off 0.3356445887761694 __DUMMY__ 0.3197418655845344	false	1.0
steuerhinterziehung	neg 1.0	neg 1.0	neg 0.6642646187612484 off 0.18059542805952908 __DUMMY__ 0.15513995317922252	false	1.0
schock	neg 1.0		neg 0.3479972364890243 off 0.32950910624463947 __DUMMY__ 0.3224936572663362	false	1.0
beule	neg 1.0		neg 0.34344441211488563 off 0.33725673132607553 __DUMMY__ 0.3192988565590387	false	1.0
vergelten	neg 1.0		off 0.34091998415135694 neg 0.33816949438595084 __DUMMY__ 0.32091052146269217	false	0.5
verdorbenheit	neg 1.0		neg 0.34313060244054594 off 0.3328995610532717 __DUMMY__ 0.3239698365061825	false	1.0
trauma	neg 1.0		neg 0.34668626708970995 off 0.33155174233132184 __DUMMY__ 0.32176199057896826	false	1.0
sinnlos	neg 1.0		neg 0.3454380487445684 off 0.333124637228132 __DUMMY__ 0.3214373140272996	false	1.0
fettsack	off 1.0	off 1.0	off 0.6583467323422145 neg 0.19028037796911385 __DUMMY__ 0.15137288968867163	false	1.0
feige	off 1.0	off 1.0	off 0.6553076693897506 neg 0.1915157232494671 __DUMMY__ 0.15317660736078223	false	1.0
abdanken	neg 1.0		neg 0.3489446777031234 off 0.32923392495715087 __DUMMY__ 0.3218213973397258	false	1.0
wichtigtuer	off 1.0	off 1.0	off 0.6541277307034419 neg 0.19174487609028565 __DUMMY__ 0.15412739320627244	false	1.0
misslingen	neg 1.0		neg 0.3403118267788355 off 0.3340279649306746 __DUMMY__ 0.3256602082904898	false	1.0
untreu	off 1.0		neg 0.3437484042674527 off 0.33641113683114793 __DUMMY__ 0.31984045890139945	false	0.5
missmutig	neg 1.0		neg 0.3431731885614908 off 0.33610527001435825 __DUMMY__ 0.3207215414241509	false	1.0
hurenbock	off 1.0		neg 0.34500863896474077 off 0.3330364179304058 __DUMMY__ 0.32195494310485345	false	0.5
betrunken	neg 1.0		neg 0.34132766559753946 off 0.33877129637538256 __DUMMY__ 0.3199010380270779	false	1.0
korrupt	off 1.0		neg 0.3532371892433722 off 0.3260277870856509 __DUMMY__ 0.32073502367097695	false	0.5
unmut	neg 1.0		neg 0.3533854911598138 __DUMMY__ 0.3248051230171316 off 0.3218093858230545	false	1.0
hackfresse	off 1.0		off 0.34465581483855817 neg 0.3383312036637024 __DUMMY__ 0.3170129814977393	false	1.0
aufblasen	neg 1.0		neg 0.3452127737417754 off 0.3329147400552878 __DUMMY__ 0.3218724862029368	false	1.0
gewaltsam	neg 1.0		neg 0.3485737429251083 off 0.3287870896998232 __DUMMY__ 0.32263916737506854	false	1.0
unbeliebtheit	neg 1.0		neg 0.3479672687140226 off 0.33340198730634396 __DUMMY__ 0.3186307439796334	false	1.0
sturheit	neg 1.0		neg 0.35023943567301336 off 0.3281798558475455 __DUMMY__ 0.32158070847944126	false	1.0
kuh	neg 1.0		neg 0.35053311776380836 off 0.3311340198393811 __DUMMY__ 0.3183328623968106	false	1.0
erschrecken	neg 1.0		neg 0.34287265861139005 off 0.3359797333737838 __DUMMY__ 0.321147608014826	false	1.0
opfer	neg 1.0		neg 0.35033885264256565 off 0.32648305631292923 __DUMMY__ 0.3231780910445051	false	1.0
sinken	neg 1.0		neg 0.3533263159440091 __DUMMY__ 0.3243942696772986 off 0.32227941437869223	false	1.0
stinktier	neg 1.0		neg 0.346458424872774 off 0.3388236226470363 __DUMMY__ 0.3147179524801897	false	1.0
tucke	off 1.0		off 0.34468056108360273 neg 0.34022201186145545 __DUMMY__ 0.31509742705494187	false	1.0
ein			neg 0.34630035520399133 off 0.3318482621575629 __DUMMY__ 0.3218513826384458	false	0.0
abstieg	neg 1.0		neg 0.35212376486597363 off 0.3248249557062877 __DUMMY__ 0.32305127942773854	false	1.0
missverstehen	neg 1.0		neg 0.34677369306538497 off 0.33320984812545956 __DUMMY__ 0.32001645880915547	false	1.0
ergebnislos	neg 1.0		neg 0.3506206648495978 off 0.3252960574133323 __DUMMY__ 0.32408327773706985	false	1.0
unter			neg 0.35416248332227407 __DUMMY__ 0.3280658075340578 off 0.3177717091436682	false	0.0
manipulieren	neg 1.0		neg 0.35166489183640315 off 0.32450546770289573 __DUMMY__ 0.3238296404607011	false	1.0
unbewiesen	neg 1.0		neg 0.35159614582202453 off 0.32848720610476784 __DUMMY__ 0.31991664807320763	false	1.0
verschleppen	neg 1.0		neg 0.3515780598016426 off 0.32614947138381073 __DUMMY__ 0.32227246881454663	false	1.0
weib	off 1.0		off 0.34328908021464233 neg 0.3425912792148642 __DUMMY__ 0.31411964057049346	false	1.0
opposition	neg 1.0		neg 0.34784528913684093 off 0.3315471509254987 __DUMMY__ 0.3206075599376604	false	1.0
verkehrswidrig	neg 1.0		off 0.3427634069757796 neg 0.3359421290311231 __DUMMY__ 0.32129446399309725	false	0.5
inkorrekt	neg 1.0		neg 0.34292270326573593 off 0.3392462717146223 __DUMMY__ 0.31783102501964183	false	1.0
vermeiden	neg 1.0	neg 1.0	neg 0.6647997427776084 off 0.17748073076270462 __DUMMY__ 0.1577195264596869	false	1.0
abweichung	neg 1.0		neg 0.35012263668724736 off 0.3265426831679368 __DUMMY__ 0.3233346801448159	false	1.0
alkoholisiert	neg 1.0		neg 0.34880459270732506 off 0.3264718757516024 __DUMMY__ 0.32472353154107253	false	1.0
scheiss	off 1.0	off 1.0	off 0.656208395481914 neg 0.19004535054360241 __DUMMY__ 0.1537462539744835	false	1.0
herausforderung	neg 1.0		neg 0.35053344601746006 off 0.32529982472994157 __DUMMY__ 0.32416672925259826	false	1.0
pervers	off 1.0		off 0.3478839004473974 neg 0.33700229231000683 __DUMMY__ 0.31511380724259574	false	1.0
wackelig	neg 1.0		neg 0.34508972431731966 off 0.3300087742369577 __DUMMY__ 0.32490150144572266	false	1.0
verwickeln	neg 1.0		neg 0.3472460506392352 off 0.3325660367759886 __DUMMY__ 0.3201879125847762	false	1.0
vorwand	neg 1.0		neg 0.3524542341292687 off 0.3240799865079753 __DUMMY__ 0.323465779362756	false	1.0
muschi	off 1.0		neg 0.3478577244536933 off 0.3296665683676277 __DUMMY__ 0.32247570717867885	false	0.5
entmutigung	neg 1.0		neg 0.34785204621720645 off 0.3311820096709466 __DUMMY__ 0.32096594411184715	false	1.0
unangemessen	neg 1.0		neg 0.3510315689861361 off 0.3276861572836565 __DUMMY__ 0.3212822737302075	false	1.0
unstetig	neg 1.0		neg 0.34432353630764606 off 0.3339854425154366 __DUMMY__ 0.32169102117691745	false	1.0
entmutigen	neg 1.0		neg 0.3467812405810005 off 0.33153809472384865 __DUMMY__ 0.32168066469515083	false	1.0
schwanz	neg 1.0		neg 0.3501515723965767 off 0.3267280010395911 __DUMMY__ 0.32312042656383216	false	1.0
verbot	neg 1.0		neg 0.3512466427754385 off 0.3265702335009056 __DUMMY__ 0.322183123723656	false	1.0
leid	neg 1.0		off 0.34236942236064155 neg 0.3400470635601867 __DUMMY__ 0.3175835140791718	false	0.5
archaisch	neg 1.0		neg 0.3492986336492636 off 0.32862694766018097 __DUMMY__ 0.32207441869055536	false	1.0
gegen			neg 0.352624348242964 __DUMMY__ 0.32472081243074963 off 0.3226548393262865	false	0.0
scheidung	neg 1.0		off 0.35415902902870056 neg 0.3298493627929786 __DUMMY__ 0.31599160817832095	false	0.5
einschlag	neg 1.0		neg 0.3412310755272159 off 0.33955773682699303 __DUMMY__ 0.31921118764579104	false	1.0
m			neg 0.34793668004242073 off 0.32846595794001243 __DUMMY__ 0.3235973620175668	false	0.0
abgestanden	neg 1.0		neg 0.348388524283488 off 0.3306583088529064 __DUMMY__ 0.32095316686360564	false	1.0
schmierig	off 1.0		off 0.34194473392073793 neg 0.3396440691578072 __DUMMY__ 0.3184111969214548	false	1.0
unpraktisch	neg 1.0		neg 0.345451642404891 off 0.332649036350289 __DUMMY__ 0.32189932124482	false	1.0
wixxer	off 1.0		off 0.34725145435154864 neg 0.3387590375380799 __DUMMY__ 0.3139895081103715	false	1.0
bezeichnet			neg 0.34996050471440343 off 0.3294626696175885 __DUMMY__ 0.3205768256680081	false	0.0
jammerlappen	off 1.0		neg 0.342663362784589 off 0.3365187734264586 __DUMMY__ 0.32081786378895233	false	0.5
farce	neg 1.0		neg 0.3516000944431722 off 0.32718890859024724 __DUMMY__ 0.3212109969665806	false	1.0
zwecklos	neg 1.0		neg 0.35082066384503635 off 0.32749065029685764 __DUMMY__ 0.32168868585810617	false	1.0
turbulent	neg 1.0		neg 0.34551747818618295 off 0.3363754400757898 __DUMMY__ 0.3181070817380273	false	1.0
invasion	neg 1.0		neg 0.34595873619462664 off 0.332752803281001 __DUMMY__ 0.32128846052437243	false	1.0
schuld	neg 1.0		neg 0.34820422563546627 off 0.3310480706174916 __DUMMY__ 0.32074770374704215	false	1.0
risiko	neg 1.0	neg 1.0	neg 0.6605738024137798 off 0.18374237167395194 __DUMMY__ 0.1556838259122682	false	1.0
finster	neg 1.0		neg 0.3480407244433342 off 0.33137245420469447 __DUMMY__ 0.3205868213519714	false	1.0
geisteskrank	off 1.0		neg 0.34518896122466347 off 0.3368325063823587 __DUMMY__ 0.3179785323929777	false	0.5
zusammenbrechen	neg 1.0		neg 0.3488606754584192 off 0.3284509509542004 __DUMMY__ 0.3226883735873804	false	1.0
ausbeute	neg 1.0		neg 0.3420236398184381 off 0.33023381574606236 __DUMMY__ 0.32774254443549955	false	1.0
hinterhalt	neg 1.0		neg 0.3442261999296399 off 0.33055779284003767 __DUMMY__ 0.3252160072303223	false	1.0
kritik	neg 1.0		neg 0.3521452934762631 off 0.3267916224752455 __DUMMY__ 0.3210630840484915	false	1.0
einschrumpfen	neg 1.0		neg 0.34598261629264054 off 0.33430992055820113 __DUMMY__ 0.31970746314915843	false	1.0
riskant	neg 1.0		neg 0.35222546534735855 off 0.32503309984820067 __DUMMY__ 0.3227414348044408	false	1.0
frustrieren	neg 1.0		neg 0.35081555103764533 off 0.32635355915516867 __DUMMY__ 0.32283088980718594	false	1.0
groll	neg 1.0		neg 0.3514672189873724 off 0.3268381769733687 __DUMMY__ 0.3216946040392588	false	1.0
gibt			neg 0.3480418844957785 off 0.32887626198249964 __DUMMY__ 0.32308185352172186	false	0.0
qualvoll	neg 1.0		neg 0.3449170640675174 off 0.3340633911972002 __DUMMY__ 0.32101954473528244	false	1.0
wackeln	neg 1.0		neg 0.3448836195973152 off 0.33228974516123455 __DUMMY__ 0.32282663524145017	false	1.0
klagen	neg 1.0		neg 0.35383280960321406 __DUMMY__ 0.3239805133414165 off 0.32218667705536935	false	1.0
bankrott	neg 1.0		neg 0.34225730416595807 off 0.3362089294044977 __DUMMY__ 0.32153376642954423	false	1.0
trauern	neg 1.0		neg 0.3495763027166653 off 0.3264504197227726 __DUMMY__ 0.32397327756056216	false	1.0
ablehnung	neg 1.0		neg 0.3516058145443991 off 0.3268423309417129 __DUMMY__ 0.321551854513888	false	1.0
stur	neg 1.0		neg 0.34760367768098366 off 0.33146820593367254 __DUMMY__ 0.3209281163853437	false	1.0
aufruhr	neg 1.0		neg 0.3490637756164141 off 0.3288643711729979 __DUMMY__ 0.3220718532105881	false	1.0
melancholie	neg 1.0		neg 0.35044529278371883 off 0.3267661332577301 __DUMMY__ 0.32278857395855104	false	1.0
ist			neg 0.34550942804275037 off 0.3329119177709737 __DUMMY__ 0.32157865418627585	false	0.0
torheit	neg 1.0		neg 0.34778389000000665 off 0.3305868638584977 __DUMMY__ 0.32162924614149563	false	1.0
dreckskind	off 1.0		neg 0.34243493895391197 off 0.3420283887375393 __DUMMY__ 0.3155366723085487	false	0.5
umtauschen	neg 1.0		neg 0.34674782205159765 off 0.3306269958907567 __DUMMY__ 0.3226251820576457	false	1.0
zum			neg 0.34969354661793617 __DUMMY__ 0.3280345452548384 off 0.32227190812722534	false	0.0
zersetzen	neg 1.0		neg 0.3535689204126674 off 0.3238006351255715 __DUMMY__ 0.3226304444617611	false	1.0
zur			neg 0.3525408386597339 __DUMMY__ 0.32695316479494346 off 0.3205059965453225	false	0.0
frust	neg 1.0		neg 0.34871275991391565 off 0.32848676850529485 __DUMMY__ 0.32280047158078945	false	1.0
unerbittlichkeit	neg 1.0		neg 0.3527278258533799 off 0.3241374382999349 __DUMMY__ 0.3231347358466852	false	1.0
zwei			neg 0.34929404499891037 __DUMMY__ 0.3273907080897315 off 0.3233152469113582	false	0.0
unkorrekt	neg 1.0		neg 0.340955782197537 off 0.3398557015581846 __DUMMY__ 0.31918851624427835	false	1.0
hexe	off 1.0		neg 0.34817992656482055 off 0.3342835721570288 __DUMMY__ 0.3175365012781506	false	0.5
lasch	neg 1.0		neg 0.3465056759335524 off 0.3340469035781588 __DUMMY__ 0.3194474204882887	false	1.0
rivale	neg 1.0		neg 0.34282102902167355 off 0.3382769868076429 __DUMMY__ 0.31890198417068355	false	1.0
mutlos	off 1.0	off 1.0	off 0.6495860013974506 neg 0.1951571523933546 __DUMMY__ 0.15525684620919478	false	1.0
wirr	off 1.0		neg 0.34304873860572777 off 0.33952648005686636 __DUMMY__ 0.31742478133740587	false	0.5
jahr			neg 0.3439980708176519 __DUMMY__ 0.3283758814804516 off 0.3276260477018965	false	0.0
wird			neg 0.34988449792261206 off 0.32718352805720957 __DUMMY__ 0.32293197402017837	false	0.0
strafbar	neg 1.0		neg 0.3510721763696839 off 0.3258996978322276 __DUMMY__ 0.32302812579808843	false	1.0
erosion	neg 1.0		neg 0.34541241469158057 off 0.33143683699023774 __DUMMY__ 0.3231507483181816	false	1.0
eingehen	neg 1.0		neg 0.3516096182691569 off 0.3258151363794817 __DUMMY__ 0.32257524535136134	false	1.0
faul	off 1.0		neg 0.3428812464915662 off 0.3359338393917386 __DUMMY__ 0.32118491411669503	false	0.5
provisorium	neg 1.0		neg 0.3515149487802061 __DUMMY__ 0.3290623659989323 off 0.31942268522086165	false	1.0
schmerzen	neg 1.0		neg 0.34992188826943577 off 0.32866639094084726 __DUMMY__ 0.32141172078971697	false	1.0
schrumpfen	neg 1.0		neg 0.35590523148547165 __DUMMY__ 0.32479961791448553 off 0.31929515060004277	false	1.0
geistlos	off 1.0		neg 0.3486217519252626 off 0.33218700969738 __DUMMY__ 0.31919123837735724	false	0.5
fehlkauf	neg 1.0		neg 0.34610711708482256 off 0.33252092763325214 __DUMMY__ 0.3213719552819253	false	1.0
frustrierend	neg 1.0		neg 0.3437859983654545 off 0.3352652182367748 __DUMMY__ 0.3209487833977708	false	1.0
unzufrieden	neg 1.0		neg 0.3507889225002811 off 0.3272743027120987 __DUMMY__ 0.3219367747876202	false	1.0
verzweifeln	neg 1.0		neg 0.34853012153672536 off 0.3292814455762002 __DUMMY__ 0.32218843288707444	false	1.0
verzweifelt	neg 1.0	neg 1.0	neg 0.663036261469673 off 0.18283496172280186 __DUMMY__ 0.15412877680752515	false	1.0
misstrauensantrag	neg 1.0		neg 0.3456407510376616 off 0.33302292791556065 __DUMMY__ 0.32133632104677773	false	1.0
abfallen	neg 1.0		neg 0.3449266078545949 off 0.3323400222645677 __DUMMY__ 0.3227333698808374	false	1.0
fucker	off 1.0		neg 0.3408668014544975 off 0.3395273814755872 __DUMMY__ 0.31960581706991537	false	0.5
ungezogen	neg 1.0		off 0.346926444030971 neg 0.33755538559399406 __DUMMY__ 0.31551817037503516	false	0.5
irrsinnig	neg 1.0	neg 1.0	neg 0.662466302835337 off 0.18307861658274094 __DUMMY__ 0.154455080581922	false	1.0
unfassbar	neg 1.0		neg 0.34176621812917074 off 0.3378408949817853 __DUMMY__ 0.3203928868890439	false	1.0
hart	neg 1.0		neg 0.3438014426397248 off 0.3365815288751804 __DUMMY__ 0.3196170284850947	false	1.0
widerlich	off 1.0		neg 0.34373032461606634 off 0.33747992820525524 __DUMMY__ 0.3187897471786785	false	0.5
fatal	neg 1.0		neg 0.34571276097572834 off 0.33309099966102845 __DUMMY__ 0.32119623936324326	false	1.0
bruch	neg 1.0		neg 0.3530589396188532 __DUMMY__ 0.3241512484559819 off 0.32278981192516476	false	1.0
aushungern	neg 1.0		neg 0.34922411667952286 off 0.3281348648103482 __DUMMY__ 0.322641018510129	false	1.0
anspannung	neg 1.0		neg 0.35221898256739814 __DUMMY__ 0.32664022608626786 off 0.321140791346334	false	1.0
von			neg 0.3428198986950719 __DUMMY__ 0.32904518488380796 off 0.3281349164211201	false	0.0
kraftlos	neg 1.0		neg 0.3487234110556612 off 0.3281019245521835 __DUMMY__ 0.3231746643921554	false	1.0
vom			neg 0.3503708634597466 __DUMMY__ 0.32935401508602763 off 0.3202751214542257	false	0.0
grenzdebil	off 1.0		neg 0.3414569059122489 off 0.33824685832364193 __DUMMY__ 0.3202962357641092	false	0.5
vor			neg 0.35027398994530634 __DUMMY__ 0.3251941865547118 off 0.3245318234999819	false	0.0
unterwerfen	neg 1.0		neg 0.35112963631795513 off 0.3260921519845613 __DUMMY__ 0.3227782116974836	false	1.0
versenkung	neg 1.0		neg 0.34846238696962323 off 0.3273445433999811 __DUMMY__ 0.3241930696303957	false	1.0
entziehen	neg 1.0		neg 0.35265802605658175 __DUMMY__ 0.3242202645966443 off 0.32312170934677403	false	1.0
finanzkrise	neg 1.0		neg 0.35198432014428127 off 0.3275634550036152 __DUMMY__ 0.3204522248521035	false	1.0
schimpfend	neg 1.0		neg 0.3459772339359644 off 0.33276161014567934 __DUMMY__ 0.32126115591835624	false	1.0
profan	neg 1.0		neg 0.34598938280414987 off 0.33335061101581703 __DUMMY__ 0.32066000618003304	false	1.0
korruption	neg 1.0		neg 0.3520152887320995 off 0.3260395940013454 __DUMMY__ 0.321945117266555	false	1.0
â			neg 0.34800466012116266 off 0.32802499484420844 __DUMMY__ 0.32397034503462885	false	0.0
schmutzig	neg 1.0		neg 0.340951707518406 off 0.33878584615899937 __DUMMY__ 0.32026244632259465	false	1.0
sexy	neg 1.0		neg 0.3433459912150456 off 0.33519342347532427 __DUMMY__ 0.32146058530963	false	1.0
abraten	neg 1.0		neg 0.3443952587509527 off 0.333558662265404 __DUMMY__ 0.32204607898364335	false	1.0
schwarz	neg 1.0		neg 0.34652613587552455 off 0.3321891520011236 __DUMMY__ 0.3212847121233519	false	1.0
fotze	off 1.0	off 1.0	off 0.6514044245742799 neg 0.19279576075392504 __DUMMY__ 0.15579981467179504	false	1.0
verwirren	neg 1.0		neg 0.3451099900748163 off 0.3340657765258647 __DUMMY__ 0.320824233399319	false	1.0
zahnlos	off 1.0		neg 0.3497360023954184 off 0.328337294761933 __DUMMY__ 0.32192670284264857	false	0.5
verheeren	neg 1.0		off 0.3484107447654603 neg 0.3361670533803736 __DUMMY__ 0.3154222018541661	false	0.5
hippie	neg 1.0		neg 0.34395231811004384 off 0.334641976484781 __DUMMY__ 0.32140570540517516	false	1.0
rammen	neg 1.0		neg 0.3506497691230115 off 0.3302219282588727 __DUMMY__ 0.3191283026181158	false	1.0
unlauter	neg 1.0		neg 0.34930429623578996 off 0.33047431049835047 __DUMMY__ 0.32022139326585963	false	1.0
unheilvoll	neg 1.0		neg 0.3464032031195118 off 0.33243983424007506 __DUMMY__ 0.32115696264041305	false	1.0
niedrig	neg 1.0		neg 0.3533580533318218 off 0.32428711657650405 __DUMMY__ 0.3223548300916741	false	1.0
explosion	neg 1.0		neg 0.3448406167976147 off 0.3338889966741909 __DUMMY__ 0.32127038652819456	false	1.0
weichei	off 1.0	off 1.0	off 0.6593844083520713 neg 0.18824394854022142 __DUMMY__ 0.15237164310770726	false	1.0
minusmensch	off 1.0		off 0.34368678442646416 neg 0.34244449785259023 __DUMMY__ 0.31386871772094566	false	1.0
farblos	neg 1.0		neg 0.3474188154002885 off 0.3302480398371535 __DUMMY__ 0.32233314476255803	false	1.0
unwissend	neg 1.0	neg 1.0	neg 0.6604126330087601 off 0.185714497626931 __DUMMY__ 0.15387286936430897	false	1.0
traurig	neg 1.0		off 0.3407106660076146 neg 0.3395914041832136 __DUMMY__ 0.3196979298091718	false	0.5
senkung	neg 1.0		neg 0.34780998488844467 off 0.3324956840594106 __DUMMY__ 0.31969433105214473	false	1.0
ungleich	neg 1.0	neg 1.0	neg 0.6649134619237026 off 0.17945888198125712 __DUMMY__ 0.15562765609504026	false	1.0
heikel	neg 1.0		neg 0.35197710415495265 off 0.32513791513903717 __DUMMY__ 0.32288498070601007	false	1.0
drosselung	neg 1.0		neg 0.34300343961624313 off 0.3374326966372515 __DUMMY__ 0.31956386374650536	false	1.0
falsch	neg 1.0		neg 0.34427245712232724 off 0.3352313139442763 __DUMMY__ 0.3204962289333964	false	1.0
unzufriedenheit	neg 1.0		neg 0.35276002556603203 __DUMMY__ 0.32362967808220894 off 0.323610296351759	false	1.0
kurz	neg 1.0		neg 0.34541909800508785 off 0.33027976103627943 __DUMMY__ 0.3243011409586329	false	1.0
unsinnig	neg 1.0		neg 0.3497163954504433 off 0.32854543032572014 __DUMMY__ 0.3217381742238365	false	1.0
penner	off 1.0	off 1.0	off 0.6603362228743851 neg 0.18751277119725498 __DUMMY__ 0.15215100592835978	false	1.0
seicht	neg 1.0		off 0.34630531419403543 neg 0.33813608327368755 __DUMMY__ 0.31555860253227697	false	0.5
dummheit	off 1.0	off 1.0	off 0.6540396371945277 neg 0.1922118408330155 __DUMMY__ 0.15374852197245678	false	1.0
unerfreulich	neg 1.0		neg 0.35121416647194426 off 0.32484156402710246 __DUMMY__ 0.3239442695009533	false	1.0
motherfucker	off 1.0	off 1.0	off 0.6571297404664052 neg 0.18921085475880534 __DUMMY__ 0.15365940477478945	false	1.0
pikiert	neg 1.0		neg 0.34470586073285836 off 0.33642049984644923 __DUMMY__ 0.3188736394206926	false	1.0
wrack	neg 1.0		neg 0.3481275630753257 off 0.3284595567319557 __DUMMY__ 0.32341288019271847	false	1.0
gangster	neg 1.0		neg 0.34413962110578017 off 0.3346008058234041 __DUMMY__ 0.3212595730708157	false	1.0
krank	neg 1.0		neg 0.3408509315359274 off 0.33853029957324765 __DUMMY__ 0.3206187688908251	false	1.0
reich	neg 1.0		neg 0.3422070687327419 off 0.3369305461787319 __DUMMY__ 0.32086238508852616	false	1.0
gnadenlos	neg 1.0		neg 0.3479690126945929 off 0.33119079718555156 __DUMMY__ 0.3208401901198556	false	1.0
niedergeschlagen	neg 1.0		neg 0.34769592368757446 off 0.32932902269887165 __DUMMY__ 0.322975053613554	false	1.0
terrorisieren	off 1.0	off 1.0	off 0.65031390064781 neg 0.19374220866917016 __DUMMY__ 0.1559438906830198	false	1.0
sinnlosigkeit	neg 1.0		neg 0.34997109791811226 off 0.32785531352589015 __DUMMY__ 0.32217358855599754	false	1.0
behindern	neg 1.0		neg 0.34800588775964564 off 0.3296887064298208 __DUMMY__ 0.3223054058105335	false	1.0
undemokratisch	neg 1.0		neg 0.3475823109441557 off 0.33114903962500913 __DUMMY__ 0.32126864943083533	false	1.0
wirtschaftskrise	neg 1.0		neg 0.3530625512257268 off 0.3254329880118255 __DUMMY__ 0.3215044607624478	false	1.0
neid	neg 1.0		neg 0.3413343536832831 off 0.33645325682344246 __DUMMY__ 0.32221238949327446	false	1.0
rutschen	neg 1.0		neg 0.34979609528240435 __DUMMY__ 0.32722922422573614 off 0.32297468049185946	false	1.0
rezession	neg 1.0		neg 0.3468021369383909 off 0.3376911951075898 __DUMMY__ 0.3155066679540192	false	1.0
fehlgeburt	neg 1.0		neg 0.34415473531122887 off 0.33339519356427544 __DUMMY__ 0.32245007112449575	false	1.0
charakterschwach	off 1.0		neg 0.34377335013062593 off 0.33730744681756264 __DUMMY__ 0.3189192030518116	false	0.5
isolation	neg 1.0		neg 0.34392818512680384 off 0.33498402678100736 __DUMMY__ 0.3210877880921889	false	1.0
ablenkung	neg 1.0		neg 0.34575166843559496 off 0.3313737197615615 __DUMMY__ 0.3228746118028436	false	1.0
pech	neg 1.0		neg 0.3438337948490164 off 0.3351725311247429 __DUMMY__ 0.3209936740262406	false	1.0
vermeidung	neg 1.0		neg 0.3424002214502586 off 0.33779610902519674 __DUMMY__ 0.31980366952454453	false	1.0
dominieren	neg 1.0		neg 0.3513896438600157 off 0.32576322459568896 __DUMMY__ 0.3228471315442954	false	1.0
schwindlig	neg 1.0		neg 0.34399176381171226 off 0.33387833619011603 __DUMMY__ 0.3221298999981717	false	1.0
lutscher	neg 1.0	neg 1.0	neg 0.6565168265619156 off 0.19180154734432747 __DUMMY__ 0.15168162609375685	false	1.0
pflicht	neg 1.0		neg 0.35278255961427507 off 0.3238665153572024 __DUMMY__ 0.3233509250285224	false	1.0
faschist	off 1.0		neg 0.34499999078201365 off 0.3342243221722162 __DUMMY__ 0.32077568704577014	false	0.5
verschleudern	neg 1.0		neg 0.3526507216222557 off 0.3247022450080865 __DUMMY__ 0.3226470333696578	false	1.0
wenn			neg 0.3442526872008923 off 0.33531985649156015 __DUMMY__ 0.3204274563075474	false	0.0
ehebruch	neg 1.0		neg 0.35075968036732535 off 0.32658838044399374 __DUMMY__ 0.3226519391886808	false	1.0
spott	off 1.0		neg 0.3519371531280266 off 0.32569546545113226 __DUMMY__ 0.32236738142084126	false	0.5
trostlosigkeit	neg 1.0		neg 0.35262271982608834 __DUMMY__ 0.32392718578232743 off 0.3234500943915843	false	1.0
lutschen	neg 1.0		neg 0.34661003717642597 off 0.33382047355861233 __DUMMY__ 0.3195694892649616	false	1.0
undiszipliniert	neg 1.0		neg 0.3411941611709714 off 0.3396054386267201 __DUMMY__ 0.31920040020230844	false	1.0
kopfschmerz	neg 1.0		neg 0.3514630298205086 off 0.3271818950894271 __DUMMY__ 0.3213550750900644	false	1.0
unvorhergesehen	neg 1.0		neg 0.3471606288182198 off 0.32704079313315776 __DUMMY__ 0.32579857804862256	false	1.0
desinteressiert	neg 1.0	neg 1.0	neg 0.6593797536910633 off 0.18716815869425468 __DUMMY__ 0.15345208761468204	false	1.0
armselig	off 1.0		neg 0.34284227390334177 off 0.33936859219829296 __DUMMY__ 0.31778913389836516	false	0.5
desaster	neg 1.0		neg 0.35378244087012306 __DUMMY__ 0.32419472856334336 off 0.3220228305665335	false	1.0
tod	neg 1.0		neg 0.3482208968151606 off 0.32786793066497333 __DUMMY__ 0.323911172519866	false	1.0
herzlos	neg 1.0		neg 0.3415499078885332 off 0.3398896925454145 __DUMMY__ 0.31856039956605237	false	1.0
unwissenheit	neg 1.0		neg 0.3508415440445 off 0.32720526094693636 __DUMMY__ 0.3219531950085636	false	1.0
widersinnig	neg 1.0		neg 0.3528308567115986 off 0.32638225609266025 __DUMMY__ 0.3207868871957411	false	1.0
bedenklich	neg 1.0		neg 0.3513284750185523 off 0.326316875749006 __DUMMY__ 0.32235464923244184	false	1.0
beanstanden	neg 1.0		neg 0.3525665339384595 __DUMMY__ 0.3237436650076635 off 0.32368980105387696	false	1.0
panisch	neg 1.0	neg 1.0	neg 0.6595879845450069 off 0.1848419996974884 __DUMMY__ 0.1555700157575047	false	1.0
debil	off 1.0		neg 0.35448211672465535 __DUMMY__ 0.3268348719460172 off 0.3186830113293276	false	0.5
abstrich	neg 1.0		neg 0.34364604255373427 off 0.3314605125245469 __DUMMY__ 0.3248934449217188	false	1.0
primitiv	neg 1.0		neg 0.34364753364218553 off 0.337671562020772 __DUMMY__ 0.3186809043370425	false	1.0
abschaum	off 1.0	off 1.0	off 0.6558011012990255 neg 0.19048736262318608 __DUMMY__ 0.15371153607778845	false	1.0
provozieren	neg 1.0		neg 0.34907980799335264 off 0.3305854673602293 __DUMMY__ 0.32033472464641816	false	1.0
tot	neg 1.0		neg 0.34974680102710676 off 0.3275301175211795 __DUMMY__ 0.32272308145171374	false	1.0
instabil	neg 1.0		neg 0.34322738597686053 off 0.33871103533092517 __DUMMY__ 0.3180615786922143	false	1.0
schwuchtel	off 1.0	off 1.0	off 0.6633255689936772 neg 0.18635924278705293 __DUMMY__ 0.1503151882192698	false	1.0
zerren	neg 1.0		neg 0.348853664104937 off 0.3283807129395083 __DUMMY__ 0.32276562295555455	false	1.0
kinderficker	off 1.0		off 0.34313678870483905 neg 0.33885345011292806 __DUMMY__ 0.31800976118223295	false	1.0
gefahr	neg 1.0		neg 0.35151495404485544 __DUMMY__ 0.32446501330358213 off 0.3240200326515624	false	1.0
rabiat	neg 1.0		neg 0.34717045222300963 off 0.3307794834507928 __DUMMY__ 0.32205006432619754	false	1.0
verlangsamung	neg 1.0		off 0.34280013827318223 neg 0.342262049139746 __DUMMY__ 0.3149378125870718	false	0.5
ausgestorben	neg 1.0		neg 0.3466347052723886 off 0.33076617578395884 __DUMMY__ 0.3225991189436526	false	1.0
anklagen	neg 1.0		neg 0.3508632178134434 off 0.32672819129691466 __DUMMY__ 0.3224085908896421	false	1.0
trott	neg 1.0		neg 0.3474233969621494 off 0.3302134122488699 __DUMMY__ 0.3223631907889806	false	1.0
verminderung	neg 1.0		neg 0.34230684356840385 off 0.3381471751264881 __DUMMY__ 0.3195459813051081	false	1.0
nach			neg 0.35008103494036785 __DUMMY__ 0.3279651387394282 off 0.3219538263202039	false	0.0
rost	neg 1.0		off 0.34324876193497555 neg 0.33927874885697407 __DUMMY__ 0.31747248920805043	false	0.5
destruktiv	neg 1.0		neg 0.3489458198394088 off 0.32973575884046313 __DUMMY__ 0.32131842132012817	false	1.0
unzumutbarkeit	neg 1.0		neg 0.342162316737334 off 0.33719391406018673 __DUMMY__ 0.32064376920247917	false	1.0
labil	off 1.0	off 1.0	off 0.6554499785613075 neg 0.19049935906509177 __DUMMY__ 0.15405066237360082	false	1.0
ziemlich	neg 1.0		neg 0.3408279089604571 off 0.338157892986178 __DUMMY__ 0.32101419805336495	false	1.0
lachnummer	off 1.0		neg 0.3487676878299562 off 0.3302970431129243 __DUMMY__ 0.3209352690571196	false	0.5
oder			neg 0.3450954048462752 off 0.33226413914733005 __DUMMY__ 0.32264045600639474	false	0.0
verfall	neg 1.0		neg 0.355010367393057 __DUMMY__ 0.32525283731250043 off 0.3197367952944426	false	1.0
ausgrenzung	neg 1.0		neg 0.3471377167113225 off 0.3318052100630764 __DUMMY__ 0.321057073225601	false	1.0
unordnung	neg 1.0		off 0.34061655443663147 neg 0.3386915832291683 __DUMMY__ 0.3206918623342001	false	0.5
fehlverhalten	neg 1.0		neg 0.3536941911890629 off 0.3239226660906111 __DUMMY__ 0.3223831427203261	false	1.0
eine			neg 0.34987494225939897 off 0.3251867911274707 __DUMMY__ 0.3249382666131304	false	0.0
nille	neg 1.0		neg 0.34700539324527463 off 0.330317891831082 __DUMMY__ 0.32267671492364336	false	1.0
qual	neg 1.0		neg 0.3476146840010606 off 0.3298237759472726 __DUMMY__ 0.32256154005166676	false	1.0
verschwenden	neg 1.0		neg 0.3520268287720442 off 0.3255389230449178 __DUMMY__ 0.32243424818303784	false	1.0
riesig	neg 1.0		neg 0.3489829270827754 off 0.32721270743899505 __DUMMY__ 0.3238043654782296	false	1.0
verurteilen	neg 1.0		neg 0.35234147055697473 off 0.32644684912270505 __DUMMY__ 0.3212116803203203	false	1.0
klischee	neg 1.0	neg 1.0	neg 0.6615427525497349 off 0.18462120320820122 __DUMMY__ 0.15383604424206393	false	1.0
diktatorisch	neg 1.0		neg 0.34802805938180664 off 0.33109147581402126 __DUMMY__ 0.320880464804172	false	1.0
vorhersehbar	neg 1.0		neg 0.3468440642110765 off 0.3333781911742193 __DUMMY__ 0.3197777446147041	false	1.0
sowie			neg 0.34191888097363315 off 0.34127540432799297 __DUMMY__ 0.3168057146983739	false	0.0
stornieren	neg 1.0		neg 0.34071401583668803 off 0.33499613606586137 __DUMMY__ 0.3242898480974505	false	1.0
besteuerung	neg 1.0		neg 0.35066252389667146 off 0.3296134004088374 __DUMMY__ 0.31972407569449107	false	1.0
ungeschminkt	neg 1.0		neg 0.34613755523074796 off 0.33634182524782763 __DUMMY__ 0.31752061952142435	false	1.0
kritisch	neg 1.0		neg 0.3510976178343807 off 0.32620290052797873 __DUMMY__ 0.3226994816376407	false	1.0
schlamperei	off 1.0		neg 0.35088707170605316 off 0.32525480780476757 __DUMMY__ 0.32385812048917934	false	0.5
sucht	neg 1.0	neg 1.0	neg 0.6586444048996324 off 0.18443800300630742 __DUMMY__ 0.15691759209406025	false	1.0
egoistisch	off 1.0		off 0.3427120488566155 neg 0.3402304736527613 __DUMMY__ 0.3170574774906231	false	1.0
ausbeuter	off 1.0		neg 0.35457129506226465 off 0.3235340213618834 __DUMMY__ 0.321894683575852	false	0.5
arschgeburt	off 1.0		off 0.34929607118794953 neg 0.33826108043273123 __DUMMY__ 0.3124428483793192	false	1.0
schubs	neg 1.0		neg 0.3478773931922142 off 0.3289382559222941 __DUMMY__ 0.3231843508854917	false	1.0
unsolide	neg 1.0		neg 0.34885440632802694 off 0.33124616403278073 __DUMMY__ 0.31989942963919227	false	1.0
beschwerde	neg 1.0		neg 0.3523933066349387 off 0.32518351601526285 __DUMMY__ 0.3224231773497984	false	1.0
stocken	neg 1.0		neg 0.3513201236000278 off 0.3253193574131976 __DUMMY__ 0.32336051898677454	false	1.0
isolieren	neg 1.0		neg 0.35067607711360144 off 0.32676663814597406 __DUMMY__ 0.32255728474042444	false	1.0
unheilbar	neg 1.0		neg 0.3472408822905126 off 0.3308696814700261 __DUMMY__ 0.32188943623946126	false	1.0
pisser	off 1.0		neg 0.3440725839612287 off 0.33841564948472136 __DUMMY__ 0.3175117665540499	false	0.5
löschen	neg 1.0		neg 0.347187961296401 off 0.33055336753597814 __DUMMY__ 0.32225867116762086	false	1.0
durchfallen	neg 1.0		neg 0.35175854578814836 off 0.3264387115520751 __DUMMY__ 0.3218027426597766	false	1.0
wichser	off 1.0	off 1.0	off 0.6622116576236984 neg 0.18626538539078905 __DUMMY__ 0.15152295698551263	false	1.0
terror	neg 1.0		neg 0.3439672399258156 off 0.33444491908037793 __DUMMY__ 0.3215878409938065	false	1.0
krass	neg 1.0		off 0.34082294329046037 neg 0.3407528496087579 __DUMMY__ 0.3184242071007818	false	0.5
revolte	neg 1.0		neg 0.3466771671402474 off 0.3323634485072355 __DUMMY__ 0.32095938435251725	false	1.0
besorgt	neg 1.0		neg 0.3450749151842044 off 0.33019212293578437 __DUMMY__ 0.32473296188001133	false	1.0
nachlassen	neg 1.0		neg 0.350214357317782 off 0.3257839032683377 __DUMMY__ 0.3240017394138803	false	1.0
alt	neg 1.0		neg 0.3506700098331076 off 0.3271974483069446 __DUMMY__ 0.3221325418599479	false	1.0
hundesohn	off 1.0		off 0.346327010421131 neg 0.3387652647910959 __DUMMY__ 0.31490772478777296	false	1.0
als			neg 0.34794711665950373 off 0.3287559510682782 __DUMMY__ 0.3232969322722182	false	0.0
abschreckung	neg 1.0		neg 0.3531465155993708 __DUMMY__ 0.3235981159768701 off 0.3232553684237591	false	1.0
unqualifiziert	neg 1.0		neg 0.3463433612997534 off 0.3342483648970613 __DUMMY__ 0.31940827380318526	false	1.0
abgewichst	off 1.0		neg 0.3468172688671604 off 0.3299253517692632 __DUMMY__ 0.3232573793635763	false	0.5
schwer	neg 1.0		neg 0.34835445948060223 off 0.3297597502960795 __DUMMY__ 0.32188579022331815	false	1.0
bedeutungslosigkeit	neg 1.0		neg 0.35231922237332325 off 0.32442413726462793 __DUMMY__ 0.3232566403620488	false	1.0
kapitulation	neg 1.0		neg 0.35102819225703447 off 0.3259593356102985 __DUMMY__ 0.3230124721326671	false	1.0
unscharf	neg 1.0		neg 0.34686655800742583 off 0.3328763054687557 __DUMMY__ 0.32025713652381843	false	1.0
schwinden	neg 1.0		neg 0.3529876147635897 off 0.3238696537222063 __DUMMY__ 0.323142731514204	false	1.0
versklavung	neg 1.0		neg 0.34781868668209265 off 0.33085360935817254 __DUMMY__ 0.3213277039597348	false	1.0
schlecht	neg 1.0		neg 0.34093184168511514 off 0.33821569752310454 __DUMMY__ 0.3208524607917802	false	1.0
verhasst	neg 1.0		neg 0.3496571483330945 off 0.3307586686312732 __DUMMY__ 0.31958418303563246	false	1.0
beschweren	neg 1.0		neg 0.3456331713589161 off 0.3329531228081899 __DUMMY__ 0.3214137058328939	false	1.0
scheiden	neg 1.0		neg 0.345335934268149 off 0.3314040780446197 __DUMMY__ 0.3232599876872313	false	1.0
frustriert	neg 1.0		neg 0.34978610049183595 off 0.3284383377007098 __DUMMY__ 0.32177556180745426	false	1.0
schimmelig	neg 1.0		neg 0.3537058495632164 off 0.3256641013159376 __DUMMY__ 0.32063004912084586	false	1.0
fisch	neg 1.0		neg 0.35430882188410734 off 0.3232066448472473 __DUMMY__ 0.32248453326864535	false	1.0
schmuggel	neg 1.0		neg 0.35148106862935946 off 0.3251094588603551 __DUMMY__ 0.3234094725102854	false	1.0
auffallen	neg 1.0		neg 0.3448441956773623 off 0.33392800509492365 __DUMMY__ 0.3212277992277141	false	1.0
konkurrenz	neg 1.0		neg 0.353310661331687 __DUMMY__ 0.3237960271707856 off 0.32289331149752754	false	1.0
teufelskreis	neg 1.0	neg 1.0	neg 0.663795695703697 off 0.1817859911797035 __DUMMY__ 0.15441831311659937	false	1.0
aufschreien	neg 1.0		neg 0.346558532988311 off 0.3332336915761838 __DUMMY__ 0.32020777543550516	false	1.0
schuldner	neg 1.0		neg 0.35525502188205194 off 0.32269310492247416 __DUMMY__ 0.3220518731954738	false	1.0
missgeburt	off 1.0	off 1.0	off 0.6593077047121223 neg 0.18894914077743963 __DUMMY__ 0.15174315451043793	false	1.0
arbeitslos	neg 1.0		neg 0.3511502174488308 off 0.32697119879199815 __DUMMY__ 0.32187858375917094	false	1.0
befallen	neg 1.0		neg 0.3519724995934027 off 0.32723350564265224 __DUMMY__ 0.320793994763945	false	1.0
miesepetrig	off 1.0	off 1.0	off 0.6563933203469758 neg 0.18932491195675605 __DUMMY__ 0.15428176769626817	false	1.0
alarmieren	neg 1.0		neg 0.3462367439363458 off 0.334458946744924 __DUMMY__ 0.31930430931873033	false	1.0
ungeduscht	off 1.0		neg 0.34616146819425125 off 0.3345764704701892 __DUMMY__ 0.3192620613355596	false	0.5
knappheit	neg 1.0		neg 0.35364500781351643 off 0.32541060602791283 __DUMMY__ 0.3209443861585707	false	1.0
schlange	neg 1.0		neg 0.3429257708714844 off 0.3337454647483028 __DUMMY__ 0.3233287643802129	false	1.0
harsch	neg 1.0		off 0.34270052361529574 neg 0.33786818527993795 __DUMMY__ 0.31943129110476626	false	0.5
lang	neg 1.0		neg 0.3460263850663679 off 0.33173941937242846 __DUMMY__ 0.32223419556120375	false	1.0
ziellos	neg 1.0		neg 0.348400983062715 off 0.32759324082145 __DUMMY__ 0.324005776115835	false	1.0
selbstverliebt	neg 1.0		off 0.34780566521078315 neg 0.3378700364096875 __DUMMY__ 0.3143242983795294	false	0.5
beseitigen	neg 1.0		neg 0.34861786360517394 off 0.32880801503509904 __DUMMY__ 0.3225741213597269	false	1.0
dumm	off 1.0		off 0.3438835795068593 neg 0.3387840495933436 __DUMMY__ 0.3173323708997972	false	1.0
arbeitsloser	neg 1.0		neg 0.3482199747762016 off 0.3282179351606194 __DUMMY__ 0.3235620900631788	false	1.0
blitzen	neg 1.0		neg 0.3439812238752819 off 0.3345650219984777 __DUMMY__ 0.32145375412624044	false	1.0
hilflos	neg 1.0		neg 0.35009147924004447 off 0.32796834500263783 __DUMMY__ 0.32194017575731776	false	1.0
eklig	off 1.0		off 0.3433475832552855 neg 0.34106942879724156 __DUMMY__ 0.31558298794747286	false	1.0
begriff			neg 0.3478044343590703 off 0.3298848422554156 __DUMMY__ 0.32231072338551403	false	0.0
hungersnot	neg 1.0		neg 0.35031286337652495 off 0.3272295809487946 __DUMMY__ 0.3224575556746805	false	1.0
ungesetzlich	neg 1.0		neg 0.3500057621768466 off 0.32998571762190165 __DUMMY__ 0.32000852020125176	false	1.0
verschwendung	neg 1.0		neg 0.35147086012274714 off 0.32538809276871666 __DUMMY__ 0.32314104710853636	false	1.0
schmerzvoll	neg 1.0		neg 0.3466400465364759 off 0.33226059978389705 __DUMMY__ 0.32109935367962716	false	1.0
vorzeitig	neg 1.0		neg 0.34654800845475836 off 0.3330785774867426 __DUMMY__ 0.32037341405849906	false	1.0
unvollkommenheit	neg 1.0		neg 0.34624649419526204 off 0.32883434478146445 __DUMMY__ 0.3249191610232737	false	1.0
intervenieren	neg 1.0		neg 0.3527745525469062 off 0.32465485469021454 __DUMMY__ 0.3225705927628792	false	1.0
banause	off 1.0		off 0.3456672521865011 neg 0.34030053097787943 __DUMMY__ 0.31403221683561944	false	1.0
rebell	neg 1.0		neg 0.3541395202247847 __DUMMY__ 0.32443957145731916 off 0.32142090831789605	false	1.0
unlogisch	neg 1.0		neg 0.3421809800576879 off 0.33951422515449947 __DUMMY__ 0.3183047947878127	false	1.0
leiden	neg 1.0		neg 0.34976091362862405 off 0.3253857783032326 __DUMMY__ 0.3248533080681434	false	1.0
abschaffung	neg 1.0		neg 0.3475282000982939 off 0.33070909650039554 __DUMMY__ 0.3217627034013105	false	1.0
sturz	neg 1.0		neg 0.34610425803852973 off 0.3311186254798792 __DUMMY__ 0.3227771164815913	false	1.0
verkleinerung	neg 1.0		neg 0.3475429901352694 off 0.332830863937136 __DUMMY__ 0.31962614592759475	false	1.0
schmarotzer	off 1.0		neg 0.3511697676799326 off 0.3275646699740273 __DUMMY__ 0.32126556234604015	false	0.5
bestrafung	neg 1.0		neg 0.3469642870477304 off 0.33155978186634194 __DUMMY__ 0.3214759310859276	false	1.0
achtlos	neg 1.0	neg 1.0	neg 0.6622010083046678 off 0.1823645041465736 __DUMMY__ 0.1554344875487586	false	1.0
ungeheuer	neg 1.0		neg 0.3448545839762755 off 0.33360839332682546 __DUMMY__ 0.32153702269689904	false	1.0
unaufrichtig	neg 1.0		neg 0.3418968588246353 off 0.3353982125290733 __DUMMY__ 0.3227049286462914	false	1.0
groggy	neg 1.0		neg 0.3448591010467298 off 0.3340429465096732 __DUMMY__ 0.321097952443597	false	1.0
verletzlich	neg 1.0		neg 0.3449606487812333 off 0.3366904760387452 __DUMMY__ 0.31834887518002153	false	1.0
ablehnen	neg 1.0		neg 0.3503935242328089 off 0.3270311188692673 __DUMMY__ 0.3225753568979238	false	1.0
