unsolidarisch	neg 1.0		__DUMMY__ 0.8730333915492434 neg 0.06620263399051206 off 0.060763974460244584	false	1.0
nachteilig	neg 1.0		__DUMMY__ 0.8786241167111166 neg 0.06491042266158907 off 0.05646546062729428	false	1.0
skeptisch	neg 1.0		__DUMMY__ 0.878985821417432 neg 0.06494566236407696 off 0.05606851621849119	false	1.0
schrecklich	neg 1.0		__DUMMY__ 0.8709236131416654 off 0.06959619035308635 neg 0.05948019650524817	false	0.5
schlapp	neg 1.0		__DUMMY__ 0.8739623318765418 off 0.06550670744085973 neg 0.06053096068259848	false	0.5
abfall	neg 1.0		__DUMMY__ 0.8822218622486924 neg 0.06521249204926964 off 0.052565645702037964	false	1.0
widerspenstig	neg 1.0		__DUMMY__ 0.8767127227498013 neg 0.06269740615475825 off 0.06058987109544053	false	1.0
abrupt	neg 1.0		__DUMMY__ 0.8800835017816899 neg 0.06361054953680055 off 0.056305948681509545	false	1.0
unwirksam	neg 1.0		__DUMMY__ 0.8724095024819661 neg 0.06720253098430504 off 0.06038796653372895	false	1.0
angreifen	neg 1.0		__DUMMY__ 0.8772595692108683 neg 0.06667861297365787 off 0.05606181781547383	false	1.0
inkonsistent	neg 1.0		__DUMMY__ 0.8731790572994489 neg 0.06564029248187303 off 0.06118065021867805	false	1.0
abrutschen	neg 1.0		__DUMMY__ 0.8802796771093994 neg 0.06662887715489736 off 0.05309144573570338	false	1.0
unsicher	neg 1.0		__DUMMY__ 0.8782012269955161 neg 0.06120427914639911 off 0.06059449385808477	false	1.0
bauernkind	off 1.0	off 1.0	off 0.5231801029632727 __DUMMY__ 0.42458456280365714 neg 0.05223533423307028	false	1.0
angreifer	neg 1.0	neg 1.0	neg 0.516374086532726 __DUMMY__ 0.43639368674502615 off 0.04723222672224792	false	1.0
trennen	neg 1.0		__DUMMY__ 0.8811654253691737 neg 0.06335787386452786 off 0.0554767007662984	false	1.0
schmutz	neg 1.0		__DUMMY__ 0.8786782311859549 off 0.06170297238086565 neg 0.05961879643317941	false	0.5
inkonsistenz	neg 1.0		__DUMMY__ 0.8684178533219775 off 0.06602628794632562 neg 0.06555585873169681	false	0.5
erschreckend	neg 1.0		__DUMMY__ 0.8755719746947472 neg 0.06432074925552983 off 0.060107276049722894	false	1.0
ertrinken	neg 1.0		__DUMMY__ 0.8776833199341231 neg 0.0660650515801959 off 0.056251628485681035	false	1.0
pickelface	off 1.0		__DUMMY__ 0.8772661420907254 neg 0.06306692945322434 off 0.059666928456050206	false	0.5
seiner			__DUMMY__ 0.8790463659337321 neg 0.06464146105607245 off 0.056312173010195435	false	0.0
lauch	neg 1.0		__DUMMY__ 0.88152119426654 neg 0.06522465168892279 off 0.05325415404453729	false	1.0
unwichtig	neg 1.0		__DUMMY__ 0.8718167469699031 off 0.06551416795296705 neg 0.06266908507712982	false	0.5
steuerhinterziehung	neg 1.0	neg 1.0	neg 0.519815935782426 __DUMMY__ 0.4360096758537002 off 0.04417438836387378	false	1.0
schock	neg 1.0		__DUMMY__ 0.8769190156514208 neg 0.06337819817326522 off 0.05970278617531393	false	1.0
beule	neg 1.0		__DUMMY__ 0.8714063681284776 off 0.06637691005462637 neg 0.062216721816896	false	0.5
vergelten	neg 1.0		__DUMMY__ 0.874506522636457 off 0.06851241861626751 neg 0.056981058747275486	false	0.5
verdorbenheit	neg 1.0		__DUMMY__ 0.8802107264830409 off 0.06079640432443719 neg 0.05899286919252197	false	0.5
trauma	neg 1.0		__DUMMY__ 0.8756017280494294 neg 0.06287996129521303 off 0.061518310655357615	false	1.0
sinnlos	neg 1.0		__DUMMY__ 0.8749831562843662 off 0.06284540295192476 neg 0.06217144076370915	false	0.5
fettsack	off 1.0	off 1.0	off 0.5240624601070014 __DUMMY__ 0.4263204200302804 neg 0.049617119862718155	false	1.0
feige	off 1.0	off 1.0	off 0.5200877725592727 __DUMMY__ 0.4307934622660299 neg 0.049118765174697356	false	1.0
abdanken	neg 1.0		__DUMMY__ 0.8757406472587664 neg 0.06400914657056767 off 0.06025020617066583	false	1.0
wichtigtuer	off 1.0	off 1.0	off 0.5182574302353292 __DUMMY__ 0.4332514165568334 neg 0.04849115320783737	false	1.0
misslingen	neg 1.0		__DUMMY__ 0.8837465449337931 off 0.06072300078367051 neg 0.055530454282536376	false	0.5
untreu	off 1.0		__DUMMY__ 0.8720426966672091 off 0.06590682747272718 neg 0.06205047586006368	false	1.0
missmutig	neg 1.0		__DUMMY__ 0.8738393229827507 off 0.06513336394918581 neg 0.06102731306806337	false	0.5
hurenbock	off 1.0		__DUMMY__ 0.8764324179779158 off 0.06212882904421214 neg 0.061438752977872	false	1.0
betrunken	neg 1.0		__DUMMY__ 0.8724362013340937 off 0.06722314647894363 neg 0.06034065218696256	false	0.5
korrupt	off 1.0		__DUMMY__ 0.8735916136374123 neg 0.06782242797933472 off 0.05858595838325302	false	0.5
unmut	neg 1.0		__DUMMY__ 0.8813300156710311 neg 0.06539752143847362 off 0.05327246289049533	false	1.0
hackfresse	off 1.0		__DUMMY__ 0.8669423649462549 off 0.07304342795792101 neg 0.06001420709582417	false	1.0
aufblasen	neg 1.0		__DUMMY__ 0.8759453751008862 off 0.06225679078160451 neg 0.06179783411750925	false	0.5
gewaltsam	neg 1.0		__DUMMY__ 0.8774620056250466 neg 0.0634137700337189 off 0.05912422434123445	false	1.0
unbeliebtheit	neg 1.0		__DUMMY__ 0.8698947726204348 neg 0.06547875168478892 off 0.06462647569477618	false	1.0
sturheit	neg 1.0		__DUMMY__ 0.875164242762474 neg 0.06525684177647077 off 0.059578915461055246	false	1.0
kuh	neg 1.0		__DUMMY__ 0.8695392932146078 neg 0.06776190761125594 off 0.06269879917413623	false	1.0
erschrecken	neg 1.0		__DUMMY__ 0.8745643180563074 off 0.06486818615867815 neg 0.060567495785014434	false	0.5
opfer	neg 1.0		__DUMMY__ 0.8782359371091321 neg 0.06435623608994159 off 0.057407826800926404	false	1.0
sinken	neg 1.0		__DUMMY__ 0.880741646482397 neg 0.06561857633836542 off 0.053639777179237715	false	1.0
stinktier	neg 1.0		__DUMMY__ 0.8624346302650273 off 0.0703197558455841 neg 0.0672456138893887	false	0.5
tucke	off 1.0		__DUMMY__ 0.8634360327612577 off 0.07400745880645027 neg 0.06255650843229209	false	1.0
ein			__DUMMY__ 0.8759091625062643 neg 0.06265564165114774 off 0.0614351958425879	false	0.0
abstieg	neg 1.0		__DUMMY__ 0.8781208611010964 neg 0.06559818678750357 off 0.05628095211139995	false	1.0
missverstehen	neg 1.0		__DUMMY__ 0.8722515303550233 neg 0.0639721273477823 off 0.06377634229719432	false	1.0
ergebnislos	neg 1.0		__DUMMY__ 0.8801145519483621 neg 0.06383557697984 off 0.0560498710717978	false	1.0
unter			__DUMMY__ 0.8875912023752999 neg 0.06409313879863154 off 0.048315658826068524	false	0.0
manipulieren	neg 1.0		__DUMMY__ 0.8795817192003889 neg 0.06474792033888771 off 0.05567036046072342	false	1.0
unbewiesen	neg 1.0		__DUMMY__ 0.8720834882205385 neg 0.06715268512598209 off 0.06076382665347948	false	1.0
verschleppen	neg 1.0		__DUMMY__ 0.8766721529548837 neg 0.06559403644005637 off 0.057733810605060006	false	1.0
weib	off 1.0		__DUMMY__ 0.8612997964811969 off 0.0737944560850595 neg 0.06490574743374351	false	1.0
opposition	neg 1.0		__DUMMY__ 0.8735977622203085 neg 0.06443558846867309 off 0.061966649311018356	false	1.0
verkehrswidrig	neg 1.0		__DUMMY__ 0.8753930807981471 off 0.06910496378895796 neg 0.05550195541289493	false	0.5
inkorrekt	neg 1.0		__DUMMY__ 0.8682696474388775 off 0.06925287508907864 neg 0.06247747747204387	false	0.5
vermeiden	neg 1.0	neg 1.0	neg 0.5181895470752497 __DUMMY__ 0.4428156590306049 off 0.03899479389414534	false	1.0
abweichung	neg 1.0		__DUMMY__ 0.8788565258349732 neg 0.06396096754551826 off 0.05718250661950858	false	1.0
alkoholisiert	neg 1.0		__DUMMY__ 0.8818155345816058 neg 0.06246609732797232 off 0.05571836809042191	false	1.0
scheiss	off 1.0	off 1.0	off 0.5199217364956354 __DUMMY__ 0.43269374585885684 neg 0.04738451764550774	false	1.0
herausforderung	neg 1.0		__DUMMY__ 0.8803225172791254 neg 0.0638669370473278 off 0.055810545673546826	false	1.0
pervers	off 1.0		__DUMMY__ 0.8633449838922562 off 0.07640307951066708 neg 0.0602519365970767	false	1.0
wackelig	neg 1.0		__DUMMY__ 0.8817877024883308 neg 0.05979704228397817 off 0.05841525522769095	false	1.0
verwickeln	neg 1.0		__DUMMY__ 0.8725425218130207 neg 0.06419180253787551 off 0.0632656756491038	false	1.0
vorwand	neg 1.0		__DUMMY__ 0.878743527263872 neg 0.06566916024548025 off 0.055587312490647835	false	1.0
muschi	off 1.0		__DUMMY__ 0.8770431455931829 neg 0.06309535546831438 off 0.05986149893850273	false	0.5
entmutigung	neg 1.0		__DUMMY__ 0.8742676681570096 neg 0.06375258748846058 off 0.06197974435452989	false	1.0
unangemessen	neg 1.0		__DUMMY__ 0.8745607167755394 neg 0.06607613963097646 off 0.05936314359348413	false	1.0
unstetig	neg 1.0		__DUMMY__ 0.8760034690752732 off 0.06290366439301918 neg 0.06109286653170765	false	0.5
entmutigen	neg 1.0		__DUMMY__ 0.8755364497282212 neg 0.06290252375633781 off 0.06156102651544086	false	1.0
schwanz	neg 1.0		__DUMMY__ 0.8784386131712901 neg 0.06433317850099347 off 0.057228208327716384	false	1.0
verbot	neg 1.0		__DUMMY__ 0.8764433493707153 neg 0.06540941485580516 off 0.05814723577347951	false	1.0
leid	neg 1.0		__DUMMY__ 0.867981321877979 off 0.07112901182601346 neg 0.06088966629600753	false	0.5
archaisch	neg 1.0		__DUMMY__ 0.8762195076210977 neg 0.06436403128648358 off 0.05941646109241875	false	1.0
gegen			__DUMMY__ 0.881120662664503 neg 0.06485229517857237 off 0.054027042156924616	false	0.0
scheidung	neg 1.0		__DUMMY__ 0.8651227342836576 off 0.08062553166898603 neg 0.054251734047356254	false	0.5
einschlag	neg 1.0		__DUMMY__ 0.8711136862457433 off 0.06833922144117671 neg 0.060547092313080024	false	0.5
m			__DUMMY__ 0.8791108808220403 neg 0.06264392641074885 off 0.058245192767210956	false	0.0
abgestanden	neg 1.0		__DUMMY__ 0.8746384881563014 neg 0.06474164131026965 off 0.06061987053342889	false	1.0
schmierig	off 1.0		__DUMMY__ 0.8695860760866584 off 0.07037571719547929 neg 0.06003820671786234	false	1.0
unpraktisch	neg 1.0		__DUMMY__ 0.8761069363273281 neg 0.062016691628859325 off 0.061876372043812584	false	1.0
wixxer	off 1.0		__DUMMY__ 0.861122658176761 off 0.07662246279162699 neg 0.06225487903161194	false	1.0
bezeichnet			__DUMMY__ 0.8732252605691022 neg 0.06583505852632267 off 0.060939680904575154	false	0.0
jammerlappen	off 1.0		__DUMMY__ 0.8739124077442982 off 0.0655058895787253 neg 0.06058170267697651	false	1.0
farce	neg 1.0		__DUMMY__ 0.8746241776989006 neg 0.0663177078334111 off 0.059058114467688314	false	1.0
zwecklos	neg 1.0		__DUMMY__ 0.875290142652515 neg 0.06574434035137455 off 0.05896551699611048	false	1.0
turbulent	neg 1.0		__DUMMY__ 0.8690641648231482 off 0.06671098384706275 neg 0.06422485132978897	false	0.5
invasion	neg 1.0		__DUMMY__ 0.874748022159297 neg 0.0626830595754347 off 0.06256891826526828	false	1.0
schuld	neg 1.0		__DUMMY__ 0.8735496913132564 neg 0.06454941970722876 off 0.06190088897951485	false	1.0
risiko	neg 1.0	neg 1.0	neg 0.5157638506823579 __DUMMY__ 0.43761835856373915 off 0.04661779075390302	false	1.0
finster	neg 1.0		__DUMMY__ 0.8737190111428508 neg 0.0647594927024593 off 0.06152149615468986	false	1.0
geisteskrank	off 1.0		__DUMMY__ 0.8684320720971651 off 0.06740794966148597 neg 0.06415997824134897	false	1.0
zusammenbrechen	neg 1.0		__DUMMY__ 0.8772296620434773 neg 0.06379525163075356 off 0.058975086325769095	false	1.0
ausbeute	neg 1.0		__DUMMY__ 0.887543460590231 off 0.056767772716500506 neg 0.05568876669326846	false	0.5
hinterhalt	neg 1.0		__DUMMY__ 0.8828167770614944 neg 0.05861084790913731 off 0.058572375029368226	false	1.0
kritik	neg 1.0		__DUMMY__ 0.8742956615709943 neg 0.06680295693027155 off 0.05890138149873418	false	1.0
einschrumpfen	neg 1.0		__DUMMY__ 0.8718604124626483 off 0.06459000522535342 neg 0.06354958231199828	false	0.5
riskant	neg 1.0		__DUMMY__ 0.8772691744419805 neg 0.06609511159996163 off 0.056635713958057915	false	1.0
frustrieren	neg 1.0		__DUMMY__ 0.8774867050428116 neg 0.06502666703464051 off 0.05748662792254795	false	1.0
groll	neg 1.0		__DUMMY__ 0.8753711704177531 neg 0.06612019456447044 off 0.058508635017776305	false	1.0
gibt			__DUMMY__ 0.8779285015854233 neg 0.06294757140598327 off 0.059123927008593355	false	0.0
qualvoll	neg 1.0		__DUMMY__ 0.8743567798770875 off 0.06355070903928768 neg 0.062092511083624735	false	0.5
wackeln	neg 1.0		__DUMMY__ 0.8777003839305013 off 0.061357787389078974 neg 0.0609418286804197	false	0.5
klagen	neg 1.0		__DUMMY__ 0.8798548483355269 neg 0.06615138940444913 off 0.05399376226002389	false	1.0
bankrott	neg 1.0		__DUMMY__ 0.8753729585226634 off 0.06462536843258639 neg 0.06000167304475021	false	0.5
trauern	neg 1.0		__DUMMY__ 0.8799111409231559 neg 0.06324411934524063 off 0.056844739731603346	false	1.0
ablehnung	neg 1.0		__DUMMY__ 0.8752313501477247 neg 0.06607837168839817 off 0.05869027816387718	false	1.0
stur	neg 1.0		__DUMMY__ 0.8739475699542126 neg 0.06400519200174344 off 0.06204723804404385	false	1.0
aufruhr	neg 1.0		__DUMMY__ 0.8763254815274008 neg 0.06404173973030491 off 0.05963277874229444	false	1.0
melancholie	neg 1.0		__DUMMY__ 0.8778121814565022 neg 0.06493565970664834 off 0.057252158836849365	false	1.0
ist			__DUMMY__ 0.8752220648845186 off 0.0625971110929486 neg 0.06218082402253271	false	0.0
torheit	neg 1.0		__DUMMY__ 0.8755163392281038 neg 0.06339489256386055 off 0.06108876820803572	false	1.0
dreckskind	off 1.0		__DUMMY__ 0.8639819772952082 off 0.07216698270756237 neg 0.0638510399972294	false	1.0
umtauschen	neg 1.0		__DUMMY__ 0.8775474716323296 neg 0.06255366004162348 off 0.059898868326046815	false	1.0
zum			__DUMMY__ 0.88762433070226 neg 0.06102174051738111 off 0.05135392878035896	false	0.0
zersetzen	neg 1.0		__DUMMY__ 0.8771767460381871 neg 0.06698612997186275 off 0.055837123989950145	false	1.0
zur			__DUMMY__ 0.885510445334996 neg 0.06348221070354057 off 0.05100734396146332	false	0.0
frust	neg 1.0		__DUMMY__ 0.8774014482329681 neg 0.06359195687849739 off 0.059006594888534485	false	1.0
unerbittlichkeit	neg 1.0		__DUMMY__ 0.8781899905876686 neg 0.06604091919434409 off 0.055769090217987316	false	1.0
zwei			__DUMMY__ 0.8863722909721702 neg 0.06120418290775964 off 0.052423526120070126	false	0.0
unkorrekt	neg 1.0		__DUMMY__ 0.8710834121932236 off 0.06869314571611235 neg 0.06022344209066406	false	0.5
hexe	off 1.0		__DUMMY__ 0.8679018497898909 neg 0.06669290081184594 off 0.0654052493982632	false	0.5
lasch	neg 1.0		__DUMMY__ 0.8712148350961918 off 0.06468721799098462 neg 0.06409794691282367	false	0.5
rivale	neg 1.0		__DUMMY__ 0.8705287013823451 off 0.06756643664486434 neg 0.06190486197279066	false	0.5
mutlos	off 1.0	off 1.0	off 0.5131692394885777 __DUMMY__ 0.43615801750084304 neg 0.050672743010579176	false	1.0
wirr	off 1.0		__DUMMY__ 0.8675940222537236 off 0.06941226888441793 neg 0.06299370886185852	false	1.0
jahr			__DUMMY__ 0.888496222589173 neg 0.0567152266932708 off 0.05478855071755616	false	0.0
wird			__DUMMY__ 0.8776953631318241 neg 0.06439685979815006 off 0.05790777707002595	false	0.0
strafbar	neg 1.0		__DUMMY__ 0.8780107531095015 neg 0.06485185921477687 off 0.05713738767572158	false	1.0
erosion	neg 1.0		__DUMMY__ 0.8783576445945189 neg 0.06113924818733096 off 0.060503107218150144	false	1.0
eingehen	neg 1.0		__DUMMY__ 0.8769618371085507 neg 0.06575049574931349 off 0.05728766714213577	false	1.0
faul	off 1.0		__DUMMY__ 0.87489804111074 off 0.06448539233942714 neg 0.06061656654983291	false	1.0
provisorium	neg 1.0		__DUMMY__ 0.8896346941172292 neg 0.06156711320289431 off 0.04879819267987649	false	1.0
schmerzen	neg 1.0		__DUMMY__ 0.8752454174518643 neg 0.06553427180757805 off 0.0592203107405576	false	1.0
schrumpfen	neg 1.0		__DUMMY__ 0.8813781852093518 neg 0.06716633949949152 off 0.05145547529115658	false	1.0
geistlos	off 1.0		__DUMMY__ 0.8707245922658318 neg 0.06560622613245867 off 0.06366918160170958	false	0.5
fehlkauf	neg 1.0		__DUMMY__ 0.8749977388830601 neg 0.0626023232866213 off 0.0623999378303185	false	1.0
frustrierend	neg 1.0		__DUMMY__ 0.8740920323381077 off 0.06455346838121108 neg 0.061354499280681124	false	0.5
unzufrieden	neg 1.0		__DUMMY__ 0.8757196391298576 neg 0.06558453771663852 off 0.05869582315350388	false	1.0
verzweifeln	neg 1.0		__DUMMY__ 0.8762807361113875 neg 0.06389109967954146 off 0.05982816420907101	false	1.0
verzweifelt	neg 1.0	neg 1.0	neg 0.5198469244294056 __DUMMY__ 0.4331654673882218 off 0.04698760818237264	false	1.0
misstrauensantrag	neg 1.0		__DUMMY__ 0.8750110012266374 off 0.06256019211584718 neg 0.06242880665751534	false	0.5
abfallen	neg 1.0		__DUMMY__ 0.8777375640234416 off 0.061180859838750705 neg 0.06108157613780772	false	0.5
fucker	off 1.0		__DUMMY__ 0.8714929321677702 off 0.0683815523544723 neg 0.0601255154777575	false	1.0
ungezogen	neg 1.0		__DUMMY__ 0.864099331248965 off 0.07548494557025429 neg 0.06041572318078079	false	0.5
irrsinnig	neg 1.0	neg 1.0	neg 0.5189743743150682 __DUMMY__ 0.43404439050700366 off 0.04698123517792802	false	1.0
unfassbar	neg 1.0		__DUMMY__ 0.8730958606024367 off 0.0666227651579632 neg 0.060281374239600116	false	0.5
hart	neg 1.0		__DUMMY__ 0.8719960344369192 off 0.065985631949713 neg 0.062018333613367796	false	0.5
widerlich	off 1.0		__DUMMY__ 0.8700776503123522 off 0.06729161782097576 neg 0.06263073186667208	false	1.0
fatal	neg 1.0		__DUMMY__ 0.8744994421176825 off 0.06296699028669481 neg 0.06253356759562272	false	0.5
bruch	neg 1.0		__DUMMY__ 0.8801706019088654 neg 0.06546877977998587 off 0.05436061831114873	false	1.0
aushungern	neg 1.0		__DUMMY__ 0.877366825466705 neg 0.06358796043544016 off 0.059045214097854806	false	1.0
anspannung	neg 1.0		__DUMMY__ 0.8849067787591719 neg 0.06353890202803948 off 0.05155431921278865	false	1.0
von			__DUMMY__ 0.8899253859019506 neg 0.05525566581048154 off 0.05481894828756785	false	0.0
kraftlos	neg 1.0		__DUMMY__ 0.8783293216537446 neg 0.06339046705272239 off 0.05828021129353301	false	1.0
vom			__DUMMY__ 0.8902122362117043 neg 0.06065416120154525 off 0.049133602586750355	false	0.0
grenzdebil	off 1.0		__DUMMY__ 0.8730508962490628 off 0.0668573530486137 neg 0.06009175070232342	false	1.0
vor			__DUMMY__ 0.8819995096984763 neg 0.06316052399049087 off 0.05483996631103288	false	0.0
unterwerfen	neg 1.0		__DUMMY__ 0.8775493674711727 neg 0.0651042584807675 off 0.05734637404805978	false	1.0
versenkung	neg 1.0		__DUMMY__ 0.8800614548770312 neg 0.06241090004578088 off 0.05752764507718789	false	1.0
entziehen	neg 1.0		__DUMMY__ 0.8801900685181104 neg 0.06531493481791606 off 0.05449499666397358	false	1.0
finanzkrise	neg 1.0		__DUMMY__ 0.873257057559788 neg 0.06717935024169237 off 0.05956359219851972	false	1.0
schimpfend	neg 1.0		__DUMMY__ 0.8749664816064942 neg 0.06280895797797918 off 0.06222456041552678	false	1.0
profan	neg 1.0		__DUMMY__ 0.8735812527952905 off 0.06331725746911752 neg 0.06310148973559203	false	0.5
korruption	neg 1.0		__DUMMY__ 0.8760437620725902 neg 0.06612989247847031 off 0.0578263454489395	false	1.0
â			__DUMMY__ 0.879860078558875 neg 0.0624267625384463 off 0.05771315890267873	false	0.0
schmutzig	neg 1.0		__DUMMY__ 0.8729645056223582 off 0.06726919734983253 neg 0.0597662970278093	false	0.5
sexy	neg 1.0		__DUMMY__ 0.8750762101442225 off 0.06418746671847436 neg 0.060736323137303164	false	0.5
abraten	neg 1.0		__DUMMY__ 0.8763098614826913 off 0.06260328648257364 neg 0.061086852034734976	false	0.5
schwarz	neg 1.0		__DUMMY__ 0.8746978014052008 neg 0.06305626280579943 off 0.06224593578899981	false	1.0
fotze	off 1.0	off 1.0	off 0.5142688524405207 __DUMMY__ 0.437719873608582 neg 0.048011273950897215	false	1.0
verwirren	neg 1.0		__DUMMY__ 0.873831471729428 off 0.063817018894362 neg 0.06235150937620993	false	0.5
zahnlos	off 1.0		__DUMMY__ 0.8757443684649363 neg 0.06478015635830196 off 0.0594754751767617	false	0.5
verheeren	neg 1.0		__DUMMY__ 0.8637928965775935 off 0.07687642575171698 neg 0.059330677670689475	false	0.5
hippie	neg 1.0		__DUMMY__ 0.874915428898005 off 0.06390110237437034 neg 0.06118346872762462	false	0.5
rammen	neg 1.0		__DUMMY__ 0.8709690546662128 neg 0.06741120552052131 off 0.061619739813265864	false	1.0
unlauter	neg 1.0		__DUMMY__ 0.8729119790872517 neg 0.06540879353384296 off 0.061679227378905375	false	1.0
unheilvoll	neg 1.0		__DUMMY__ 0.8748093476197173 neg 0.06306455091136691 off 0.06212610146891582	false	1.0
niedrig	neg 1.0		__DUMMY__ 0.8770274062350916 neg 0.06705721312602442 off 0.05591538063888393	false	1.0
explosion	neg 1.0		__DUMMY__ 0.8747948082913893 off 0.063329264111087 neg 0.06187592759752362	false	0.5
weichei	off 1.0	off 1.0	off 0.5242812605395439 __DUMMY__ 0.42894517355778355 neg 0.046773565902672544	false	1.0
minusmensch	off 1.0		__DUMMY__ 0.860591838230571 off 0.07465020331777002 neg 0.06475795845165898	false	1.0
farblos	neg 1.0		__DUMMY__ 0.8772916820128352 neg 0.06292374490567741 off 0.05978457308148744	false	1.0
unwissend	neg 1.0	neg 1.0	neg 0.5174925713144879 __DUMMY__ 0.43271106954354077 off 0.04979635914197143	false	1.0
traurig	neg 1.0		__DUMMY__ 0.8719437620720892 off 0.06889587050486135 neg 0.05916036742304942	false	0.5
senkung	neg 1.0		__DUMMY__ 0.871921639899248 neg 0.06492602512224804 off 0.06315233497850398	false	1.0
ungleich	neg 1.0	neg 1.0	neg 0.520130147174929 __DUMMY__ 0.43720206908503634 off 0.04266778374003468	false	1.0
heikel	neg 1.0		__DUMMY__ 0.8776165959776011 neg 0.06577770810142244 off 0.05660569592097635	false	1.0
drosselung	neg 1.0		__DUMMY__ 0.871819294710949 off 0.06655214981624333 neg 0.06162855547280766	false	0.5
falsch	neg 1.0		__DUMMY__ 0.873314570953256 off 0.06472155729326991 neg 0.06196387175347399	false	0.5
unzufriedenheit	neg 1.0		__DUMMY__ 0.8790733609343765 neg 0.06573660686779709 off 0.05519003219782646	false	1.0
kurz	neg 1.0		__DUMMY__ 0.8805549913061803 neg 0.060412278039451595 off 0.05903273065436807	false	1.0
unsinnig	neg 1.0		__DUMMY__ 0.8754644932033339 neg 0.06490516191130655 off 0.0596303448853596	false	1.0
penner	off 1.0	off 1.0	off 0.5254592978152741 __DUMMY__ 0.4283034838005343 neg 0.04623721838419164	false	1.0
seicht	neg 1.0		__DUMMY__ 0.8640053663977724 off 0.07529965635750159 neg 0.06069497724472602	false	0.5
dummheit	off 1.0	off 1.0	off 0.5184504001716315 __DUMMY__ 0.432247331517974 neg 0.04930226831039459	false	1.0
unerfreulich	neg 1.0		__DUMMY__ 0.8797310635598199 neg 0.06458685554350141 off 0.05568208089667864	false	1.0
motherfucker	off 1.0	off 1.0	off 0.5214662459927006 __DUMMY__ 0.4320521252829008 neg 0.04648162872439858	false	1.0
pikiert	neg 1.0		__DUMMY__ 0.8702284584573162 off 0.06652781275181573 neg 0.06324372879086798	false	0.5
wrack	neg 1.0		__DUMMY__ 0.8792186865104971 neg 0.06264770920144516 off 0.05813360428805773	false	1.0
gangster	neg 1.0		__DUMMY__ 0.8746736317868428 off 0.06390713984428661 neg 0.06141922836887053	false	0.5
krank	neg 1.0		__DUMMY__ 0.8738000926725774 off 0.06667903232216228 neg 0.059520875005260314	false	0.5
reich	neg 1.0		__DUMMY__ 0.8744711577749412 off 0.06554250298642499 neg 0.05998633923863383	false	0.5
gnadenlos	neg 1.0		__DUMMY__ 0.8736737213076752 neg 0.06435461838392904 off 0.06197166030839579	false	1.0
niedergeschlagen	neg 1.0		__DUMMY__ 0.8779484880664619 neg 0.06278789948035561 off 0.059263612453182506	false	1.0
terrorisieren	off 1.0	off 1.0	off 0.5133318700062245 __DUMMY__ 0.43793052554619327 neg 0.048737604447582177	false	1.0
sinnlosigkeit	neg 1.0		__DUMMY__ 0.876253496056895 neg 0.0648469664643731 off 0.05889953747873204	false	1.0
behindern	neg 1.0		__DUMMY__ 0.8767161541829824 neg 0.06350409560637421 off 0.05977975021064338	false	1.0
undemokratisch	neg 1.0		__DUMMY__ 0.8747966063230963 neg 0.06337804599619251 off 0.061825347680711226	false	1.0
wirtschaftskrise	neg 1.0		__DUMMY__ 0.8751945300929652 neg 0.06718505564684701 off 0.05762041426018768	false	1.0
neid	neg 1.0		__DUMMY__ 0.876848222153722 off 0.0643797067506648 neg 0.05877207109561314	false	0.5
rutschen	neg 1.0		__DUMMY__ 0.8861354328138558 neg 0.06163382543424473 off 0.05223074175189946	false	1.0
rezession	neg 1.0		__DUMMY__ 0.8637468512239928 off 0.06933794131764692 neg 0.06691520745836044	false	0.5
fehlgeburt	neg 1.0		__DUMMY__ 0.8775000093701519 off 0.06212132009763916 neg 0.06037867053220888	false	0.5
charakterschwach	off 1.0		__DUMMY__ 0.8703174298007786 off 0.06719168987651676 neg 0.062490880322704646	false	1.0
isolation	neg 1.0		__DUMMY__ 0.8744475623412721 off 0.06413427526377921 neg 0.061418162394948704	false	0.5
ablenkung	neg 1.0		__DUMMY__ 0.8777533831775814 neg 0.061497519499097354 off 0.060749097323321094	false	1.0
pech	neg 1.0		__DUMMY__ 0.8745516734525719 off 0.06396559996457744 neg 0.0614827265828507	false	0.5
vermeidung	neg 1.0		__DUMMY__ 0.8721231940780403 off 0.06670544945923909 neg 0.06117135646272064	false	0.5
dominieren	neg 1.0		__DUMMY__ 0.8777969945619014 neg 0.06531562760369528 off 0.05688737783440338	false	1.0
schwindlig	neg 1.0		__DUMMY__ 0.8767635231885454 off 0.062396945548322584 neg 0.060839531263131894	false	0.5
lutscher	neg 1.0	neg 1.0	neg 0.5156289361883956 __DUMMY__ 0.42717209968526526 off 0.05719896412633919	false	1.0
pflicht	neg 1.0		__DUMMY__ 0.8783924408958087 neg 0.06601688564749028 off 0.055590673456701045	false	1.0
faschist	off 1.0		__DUMMY__ 0.8738941307422614 off 0.06423517986853505 neg 0.06187068938920357	false	1.0
verschleudern	neg 1.0		__DUMMY__ 0.8774488842747927 neg 0.0661857587963449 off 0.056365356928862353	false	1.0
wenn			__DUMMY__ 0.8731115504528459 off 0.06485608804716837 neg 0.062032361499985665	false	0.0
ehebruch	neg 1.0		__DUMMY__ 0.8773270192913898 neg 0.06485181639169187 off 0.05782116431691833	false	1.0
spott	off 1.0		__DUMMY__ 0.8766935703053392 neg 0.0659061343570431 off 0.057400295337617674	false	0.5
trostlosigkeit	neg 1.0		__DUMMY__ 0.8797527391728343 neg 0.0654412024158824 off 0.05480605841128342	false	1.0
lutschen	neg 1.0		__DUMMY__ 0.8715946010109096 off 0.0643097994924799 neg 0.06409559949661055	false	0.5
undiszipliniert	neg 1.0		__DUMMY__ 0.8709996050795616 off 0.06835542591496732 neg 0.06064496900547095	false	0.5
kopfschmerz	neg 1.0		__DUMMY__ 0.8751325371930603 neg 0.06663563194017605 off 0.05823183086676381	false	1.0
unvorhergesehen	neg 1.0		__DUMMY__ 0.8836202700610395 neg 0.06074421983982377 off 0.05563551009913678	false	1.0
desinteressiert	neg 1.0	neg 1.0	neg 0.5168413880663696 __DUMMY__ 0.4316571383385295 off 0.05150147359510093	false	1.0
armselig	off 1.0		__DUMMY__ 0.8681230773738997 off 0.0692349587504209 neg 0.06264196387567947	false	1.0
desaster	neg 1.0		__DUMMY__ 0.880146443952446 neg 0.0660168810318631 off 0.05383667501569084	false	1.0
tod	neg 1.0		__DUMMY__ 0.8802035744230577 neg 0.06230409416449169 off 0.057492331412450616	false	1.0
herzlos	neg 1.0		__DUMMY__ 0.8697175694851849 off 0.06901135044771778 neg 0.061271080067097465	false	0.5
unwissenheit	neg 1.0		__DUMMY__ 0.8759369868728719 neg 0.06546774492642214 off 0.05859526820070601	false	1.0
widersinnig	neg 1.0		__DUMMY__ 0.873746171242615 neg 0.0674780863093715 off 0.058775742448013486	false	1.0
bedenklich	neg 1.0		__DUMMY__ 0.876596137586305 neg 0.06565638507230147 off 0.05774747734139351	false	1.0
beanstanden	neg 1.0		__DUMMY__ 0.8792791561799831 neg 0.06554459946189058 off 0.05517624435812633	false	1.0
panisch	neg 1.0	neg 1.0	neg 0.5152456244439987 __DUMMY__ 0.4372418767238409 off 0.04751249883216044	false	1.0
debil	off 1.0		__DUMMY__ 0.8854437757411132 neg 0.06506739944597528 off 0.04948882481291149	false	0.5
abstrich	neg 1.0		__DUMMY__ 0.8826710766264833 off 0.058679671848074204 neg 0.05864925152544249	false	0.5
primitiv	neg 1.0		__DUMMY__ 0.8698489847372093 off 0.06751317606216019 neg 0.06263783920063054	false	0.5
abschaum	off 1.0	off 1.0	off 0.5201994620890344 __DUMMY__ 0.43221143630369085 neg 0.04758910160727472	false	1.0
provozieren	neg 1.0		__DUMMY__ 0.8727484649243713 neg 0.06542166192448648 off 0.06182987315114231	false	1.0
tot	neg 1.0		__DUMMY__ 0.8780037080092327 neg 0.06427887502520316 off 0.05771741696556415	false	1.0
instabil	neg 1.0		__DUMMY__ 0.8688407228381878 off 0.06845503240036958 neg 0.06270424476144254	false	0.5
schwuchtel	off 1.0	off 1.0	off 0.5299088979279576 __DUMMY__ 0.4234469229425734 neg 0.046644179129469	false	1.0
zerren	neg 1.0		__DUMMY__ 0.8774226063424587 neg 0.06373167993722433 off 0.05884571372031693	false	1.0
kinderficker	off 1.0		__DUMMY__ 0.8688082518921848 off 0.07176447374164519 neg 0.05942727436617001	false	1.0
gefahr	neg 1.0		__DUMMY__ 0.8808026117715768 neg 0.06417541796887999 off 0.055021970259543286	false	1.0
rabiat	neg 1.0		__DUMMY__ 0.876087108438398 neg 0.06296431168008862 off 0.06094857988151343	false	1.0
verlangsamung	neg 1.0		__DUMMY__ 0.8628395338217199 off 0.07328079690514176 neg 0.06387966927313833	false	0.5
ausgestorben	neg 1.0		__DUMMY__ 0.8771613648498278 neg 0.062256590144843506 off 0.06058204500532878	false	1.0
anklagen	neg 1.0		__DUMMY__ 0.8769817621467022 neg 0.06505679545576089 off 0.057961442397536846	false	1.0
trott	neg 1.0		__DUMMY__ 0.8767497487380046 neg 0.06307525752463942 off 0.06017499373735601	false	1.0
verminderung	neg 1.0		__DUMMY__ 0.8716850604925901 off 0.06702467027926705 neg 0.061290269228142846	false	0.5
nach			__DUMMY__ 0.8874580517700978 neg 0.061312090603046134 off 0.05122985762685608	false	0.0
rost	neg 1.0		__DUMMY__ 0.8679435518907587 off 0.07184493771790072 neg 0.060211510391340616	false	0.5
destruktiv	neg 1.0		__DUMMY__ 0.8747552229083329 neg 0.0645652033202916 off 0.06067957377137564	false	1.0
unzumutbarkeit	neg 1.0		__DUMMY__ 0.8738786825378576 off 0.06588238234571105 neg 0.060238935116431365	false	0.5
labil	off 1.0	off 1.0	off 0.5195859515127053 __DUMMY__ 0.43304430240413094 neg 0.047369746083163786	false	1.0
ziemlich	neg 1.0		__DUMMY__ 0.8743765251956316 off 0.066405068744132 neg 0.05921840606023646	false	0.5
lachnummer	off 1.0		__DUMMY__ 0.8738242790174959 neg 0.06469908473833537 off 0.06147663624416859	false	0.5
oder			__DUMMY__ 0.8773855955819343 off 0.06136856789363732 neg 0.061245836524428394	false	0.0
verfall	neg 1.0		__DUMMY__ 0.8822573435636364 neg 0.06626371578695565 off 0.051478940649407966	false	1.0
ausgrenzung	neg 1.0		__DUMMY__ 0.8744023747436478 neg 0.06320734286684852 off 0.06239028238950369	false	1.0
unordnung	neg 1.0		__DUMMY__ 0.8741712498592293 off 0.06820060292673698 neg 0.057628147214033636	false	0.5
fehlverhalten	neg 1.0		__DUMMY__ 0.8766398635236209 neg 0.06716603615115221 off 0.056194100325226884	false	1.0
eine			__DUMMY__ 0.8815739785771811 neg 0.0630919964164004 off 0.05533402500641853	false	0.0
nille	neg 1.0		__DUMMY__ 0.8773378629998849 neg 0.06235305452626667 off 0.06030908247384847	false	1.0
qual	neg 1.0		__DUMMY__ 0.8771281174749803 neg 0.06305452096893457 off 0.059817361556085115	false	1.0
verschwenden	neg 1.0		__DUMMY__ 0.8768097432439915 neg 0.0662054800822827 off 0.056984776673725764	false	1.0
riesig	neg 1.0		__DUMMY__ 0.8798147223193985 neg 0.06309297667141255 off 0.057092301009188946	false	1.0
verurteilen	neg 1.0		__DUMMY__ 0.8744727150405329 neg 0.06694017052944626 off 0.058587114430020834	false	1.0
klischee	neg 1.0	neg 1.0	neg 0.518611077801901 __DUMMY__ 0.43246570090440084 off 0.04892322129369821	false	1.0
diktatorisch	neg 1.0		__DUMMY__ 0.8740494886512683 neg 0.06391459953167355 off 0.062035911817058156	false	1.0
vorhersehbar	neg 1.0		__DUMMY__ 0.871751927025669 neg 0.06419161286737317 off 0.0640564601069579	false	1.0
sowie			__DUMMY__ 0.8663444677113251 off 0.07099077230612245 neg 0.0626647599825524	false	0.0
stornieren	neg 1.0		__DUMMY__ 0.8808145283805295 off 0.062290575947164 neg 0.05689489567230635	false	0.5
besteuerung	neg 1.0		__DUMMY__ 0.8719660056043899 neg 0.0669126724972663 off 0.06112132189834389	false	1.0
ungeschminkt	neg 1.0		__DUMMY__ 0.8678775058454301 off 0.06681935782538041 neg 0.06530313632918945	false	0.5
kritisch	neg 1.0		__DUMMY__ 0.8772842298947242 neg 0.06517184564283597 off 0.057543924462439736	false	1.0
schlamperei	off 1.0		__DUMMY__ 0.879744477086183 neg 0.0640517050631024 off 0.056203817850714585	false	0.5
sucht	neg 1.0	neg 1.0	neg 0.5129546001479661 __DUMMY__ 0.4410954739109337 off 0.04594992594110035	false	1.0
egoistisch	off 1.0		__DUMMY__ 0.8668748590637481 off 0.07184728463034228 neg 0.061277856305909616	false	1.0
ausbeuter	off 1.0		__DUMMY__ 0.8757493722230834 neg 0.0680691914739253 off 0.05618143630299128	false	0.5
arschgeburt	off 1.0		__DUMMY__ 0.8579176812853112 off 0.07935338700003261 neg 0.06272893171465609	false	1.0
schubs	neg 1.0		__DUMMY__ 0.8787385963266945 neg 0.0628789238919986 off 0.05838247978130699	false	1.0
unsolide	neg 1.0		__DUMMY__ 0.8722596633678349 neg 0.06518429765452945 off 0.06255603897763562	false	1.0
beschwerde	neg 1.0		__DUMMY__ 0.8769500694115496 neg 0.06612856010492603 off 0.05692137048352438	false	1.0
stocken	neg 1.0		__DUMMY__ 0.8787196688689316 neg 0.06483291573489874 off 0.05644741539616957	false	1.0
isolieren	neg 1.0		__DUMMY__ 0.877309562499835 neg 0.064792906469898 off 0.05789753103026698	false	1.0
unheilbar	neg 1.0		__DUMMY__ 0.8759054666031704 neg 0.06293793840624334 off 0.06115659499058641	false	1.0
pisser	off 1.0		__DUMMY__ 0.8677052351236879 off 0.06867260781445184 neg 0.06362215706186021	false	1.0
löschen	neg 1.0		__DUMMY__ 0.8765803577027963 neg 0.06287449801995355 off 0.06054514427725019	false	1.0
durchfallen	neg 1.0		__DUMMY__ 0.8755591831422805 neg 0.06634211390321797 off 0.05809870295450155	false	1.0
wichser	off 1.0	off 1.0	off 0.5277762493988672 __DUMMY__ 0.4266745718496838 neg 0.04554917875144896	false	1.0
terror	neg 1.0		__DUMMY__ 0.8754469914625711 off 0.06340225011225925 neg 0.06115075842516965	false	0.5
krass	neg 1.0		__DUMMY__ 0.8697088009582972 off 0.06939647487395574 neg 0.06089472416774705	false	0.5
revolte	neg 1.0		__DUMMY__ 0.8742049520921259 neg 0.06303228997926338 off 0.06276275792861068	false	1.0
besorgt	neg 1.0		__DUMMY__ 0.8813653276753731 neg 0.059723181554987195 off 0.05891149076963964	false	1.0
nachlassen	neg 1.0		__DUMMY__ 0.8801136606475913 neg 0.06383129357524754 off 0.05605504577716102	false	1.0
alt	neg 1.0		__DUMMY__ 0.8767933712544707 neg 0.06545444226631003 off 0.057752186479219356	false	1.0
hundesohn	off 1.0		__DUMMY__ 0.8626084535623567 off 0.07598422925475674 neg 0.06140731718288652	false	1.0
als			__DUMMY__ 0.8784987797657494 neg 0.06274038727993272 off 0.058760832954317874	false	0.0
abschreckung	neg 1.0		__DUMMY__ 0.879080077445835 neg 0.06590097646699473 off 0.05501894608717023	false	1.0
unqualifiziert	neg 1.0		__DUMMY__ 0.8711245095153983 off 0.06494656523886412 neg 0.06392892524573744	false	0.5
abgewichst	off 1.0		__DUMMY__ 0.8785551192421406 neg 0.0618953330502135 off 0.05954954770764597	false	0.5
schwer	neg 1.0		__DUMMY__ 0.8757121448193977 neg 0.06400847959248311 off 0.06027937558811919	false	1.0
bedeutungslosigkeit	neg 1.0		__DUMMY__ 0.8783328492575877 neg 0.06564054752461129 off 0.05602660321780093	false	1.0
kapitulation	neg 1.0		__DUMMY__ 0.8780568064596088 neg 0.06472041231511488 off 0.057222781225276284	false	1.0
unscharf	neg 1.0		__DUMMY__ 0.8732340455714984 neg 0.06412843595441214 off 0.06263751847408948	false	1.0
schwinden	neg 1.0		__DUMMY__ 0.8782814756309871 neg 0.06610938645454217 off 0.05560913791447072	false	1.0
versklavung	neg 1.0		__DUMMY__ 0.8749121170536583 neg 0.06356822721651209 off 0.061519655729829495	false	1.0
schlecht	neg 1.0		__DUMMY__ 0.8739968752494935 off 0.06662838009377023 neg 0.059374744656736256	false	0.5
verhasst	neg 1.0		__DUMMY__ 0.8713141605518389 neg 0.0662989550566724 off 0.06238688439148878	false	1.0
beschweren	neg 1.0		__DUMMY__ 0.874894224625888 off 0.062764351730714 neg 0.062341423643398106	false	0.5
scheiden	neg 1.0		__DUMMY__ 0.8790247376040806 neg 0.0608093493894827 off 0.06016591300643671	false	1.0
frustriert	neg 1.0		__DUMMY__ 0.8754546675169897 neg 0.06504758605139208 off 0.059497746431618155	false	1.0
schimmelig	neg 1.0		__DUMMY__ 0.8739015701146128 neg 0.06866976145569934 off 0.05742866842968785	false	1.0
fisch	neg 1.0		__DUMMY__ 0.877689246473857 neg 0.06777647435461004 off 0.054534279171532925	false	1.0
schmuggel	neg 1.0		__DUMMY__ 0.8788085404721242 neg 0.06492352275658657 off 0.05626793677128923	false	1.0
auffallen	neg 1.0		__DUMMY__ 0.8745998204437763 off 0.06348713093978163 neg 0.06191304861644209	false	0.5
konkurrenz	neg 1.0		__DUMMY__ 0.8793188324504237 neg 0.06602845131762151 off 0.05465271623195473	false	1.0
teufelskreis	neg 1.0	neg 1.0	neg 0.5202482324627303 __DUMMY__ 0.43387621055907916 off 0.04587555697819041	false	1.0
aufschreien	neg 1.0		__DUMMY__ 0.8726304093815439 neg 0.06374837762228922 off 0.0636212129961669	false	1.0
schuldner	neg 1.0		__DUMMY__ 0.876245886054766 neg 0.06838328497856579 off 0.055370828966668166	false	1.0
missgeburt	off 1.0	off 1.0	off 0.5248863783459563 __DUMMY__ 0.4272329065388798 neg 0.04788071511516384	false	1.0
arbeitslos	neg 1.0		__DUMMY__ 0.875619448367664 neg 0.06585969017354007 off 0.05852086145879589	false	1.0
befallen	neg 1.0		__DUMMY__ 0.8738935687662196 neg 0.06692566750607906 off 0.059180763727701216	false	1.0
miesepetrig	off 1.0	off 1.0	off 0.519867819978125 __DUMMY__ 0.43397184072865147 neg 0.04616033929322358	false	1.0
alarmieren	neg 1.0		__DUMMY__ 0.8709781035702755 off 0.06520530107521587 neg 0.06381659535450869	false	0.5
ungeduscht	off 1.0		__DUMMY__ 0.871306239305959 off 0.06442887335916644 neg 0.0642648873348745	false	1.0
knappheit	neg 1.0		__DUMMY__ 0.8741845235778318 neg 0.06799113054245226 off 0.057824345879715994	false	1.0
schlange	neg 1.0		__DUMMY__ 0.8787366680731573 off 0.06202035728096365 neg 0.059242974645878965	false	0.5
harsch	neg 1.0		__DUMMY__ 0.8713890856646374 off 0.07045678539958294 neg 0.058154128935779745	false	0.5
lang	neg 1.0		__DUMMY__ 0.8765101981902076 neg 0.06209840152525532 off 0.06139140028453706	false	1.0
ziellos	neg 1.0		__DUMMY__ 0.8798127239394298 neg 0.06262410337694396 off 0.05756317268362624	false	1.0
selbstverliebt	neg 1.0		__DUMMY__ 0.8616430876766538 off 0.07698645925248104 neg 0.06137045307086519	false	0.5
beseitigen	neg 1.0		__DUMMY__ 0.8774781573098143 neg 0.0634418438765246 off 0.05907999881366119	false	1.0
dumm	off 1.0		__DUMMY__ 0.8674880352639431 off 0.07240951014412648 neg 0.06010245459193044	false	1.0
arbeitsloser	neg 1.0		__DUMMY__ 0.8789851154390979 neg 0.06246227419631244 off 0.05855261036458972	false	1.0
blitzen	neg 1.0		__DUMMY__ 0.8751347360156768 off 0.06381091154062736 neg 0.06105435244369576	false	0.5
hilflos	neg 1.0		__DUMMY__ 0.875859604605131 neg 0.06514804912027244 off 0.058992346274596555	false	1.0
eklig	off 1.0		__DUMMY__ 0.8641181911096768 off 0.07295617177468633 neg 0.06292563711563692	false	1.0
begriff			__DUMMY__ 0.876668879746983 neg 0.06313364098819883 off 0.060197479264818075	false	0.0
hungersnot	neg 1.0		__DUMMY__ 0.8771462763070098 neg 0.06460713651146173 off 0.05824658718152842	false	1.0
ungesetzlich	neg 1.0		__DUMMY__ 0.872241228228925 neg 0.06587935746130712 off 0.06187941430976781	false	1.0
verschwendung	neg 1.0		__DUMMY__ 0.8781176901526447 neg 0.06527415285207994 off 0.05660815699527533	false	1.0
schmerzvoll	neg 1.0		__DUMMY__ 0.8743261583729304 neg 0.06328816795663966 off 0.062385673670429825	false	1.0
vorzeitig	neg 1.0		__DUMMY__ 0.8732116789252307 neg 0.06351595982818906 off 0.0632723612465803	false	1.0
unvollkommenheit	neg 1.0		__DUMMY__ 0.8821308638523029 neg 0.06025217272683328 off 0.05761696342086376	false	1.0
intervenieren	neg 1.0		__DUMMY__ 0.8771283087665058 neg 0.06629522502626067 off 0.05657646620723358	false	1.0
banause	off 1.0		__DUMMY__ 0.8611568481979087 off 0.07547734110710212 neg 0.06336581069498919	false	1.0
rebell	neg 1.0		__DUMMY__ 0.8810431444016577 neg 0.06632599522035874 off 0.05263086037798349	false	1.0
unlogisch	neg 1.0		__DUMMY__ 0.8692175675632784 off 0.06887408241105775 neg 0.06190835002566383	false	0.5
leiden	neg 1.0		__DUMMY__ 0.8818659374526069 neg 0.06301334985914282 off 0.05512071268825043	false	1.0
abschaffung	neg 1.0		__DUMMY__ 0.8758445897514081 neg 0.06314965227623819 off 0.061005757972353726	false	1.0
sturz	neg 1.0		__DUMMY__ 0.8777724444181398 neg 0.06158117203962155 off 0.06064638354223867	false	1.0
verkleinerung	neg 1.0		__DUMMY__ 0.8717321532644781 neg 0.06457258658474026 off 0.0636952601507817	false	1.0
schmarotzer	off 1.0		__DUMMY__ 0.8745213359473251 neg 0.06615516084041655 off 0.05932350321225838	false	0.5
bestrafung	neg 1.0		__DUMMY__ 0.8750921381403989 neg 0.06308815109428705 off 0.06181971076531418	false	1.0
achtlos	neg 1.0	neg 1.0	neg 0.5178448101541384 __DUMMY__ 0.436681918706979 off 0.04547327113888257	false	1.0
ungeheuer	neg 1.0		__DUMMY__ 0.8754195515083267 off 0.06289643839674049 neg 0.061684010094932795	false	0.5
unaufrichtig	neg 1.0		__DUMMY__ 0.8777270276848292 off 0.06378593817431648 neg 0.05848703414085421	false	0.5
