unsolidarisch	neg 1.0		neg 0.48150864324135156 off 0.4522083173531107 __DUMMY__ 0.06628303940553772	false	1.0
nachteilig	neg 1.0		neg 0.4833646206245345 off 0.44973999459190506 __DUMMY__ 0.06689538478356033	false	1.0
skeptisch	neg 1.0		neg 0.48367161377679996 off 0.449355553715198 __DUMMY__ 0.0669728325080021	false	1.0
schrecklich	neg 1.0		neg 0.4692561284206248 off 0.4647327737193096 __DUMMY__ 0.06601109786006573	false	1.0
schlapp	neg 1.0		neg 0.4727396951705895 off 0.4609222608503258 __DUMMY__ 0.06633804397908465	false	1.0
abfall	neg 1.0		neg 0.4864133965231863 off 0.4462664905483011 __DUMMY__ 0.06732011292851257	false	1.0
widerspenstig	neg 1.0		neg 0.47817879588473966 off 0.45515822089833496 __DUMMY__ 0.06666298321692549	false	1.0
abrupt	neg 1.0		neg 0.4821008133739132 off 0.45086222916688673 __DUMMY__ 0.06703695745920005	false	1.0
unwirksam	neg 1.0		neg 0.48198412111233513 off 0.4518313811345283 __DUMMY__ 0.06618449775313656	false	1.0
angreifen	neg 1.0		neg 0.4850572833447801 off 0.44814888476442155 __DUMMY__ 0.06679383189079834	false	1.0
inkonsistent	neg 1.0		neg 0.4799161845612537 off 0.45383534372818013 __DUMMY__ 0.06624847171056625	false	1.0
abrutschen	neg 1.0		neg 0.487037066895769 off 0.4458395510886503 __DUMMY__ 0.0671233820155808	false	1.0
unsicher	neg 1.0		neg 0.4773494618156301 off 0.45577681501773587 __DUMMY__ 0.06687372316663408	false	1.0
bauernkind	off 1.0	off 1.0	off 0.7152731723252804 neg 0.25390230559365135 __DUMMY__ 0.030824522081068204	false	1.0
angreifer	neg 1.0	neg 1.0	neg 0.7242879024192318 off 0.24393162988790232 __DUMMY__ 0.03178046769286592	false	1.0
trennen	neg 1.0		neg 0.48256619423236097 off 0.4502217143208077 __DUMMY__ 0.06721209144683132	false	1.0
schmutz	neg 1.0		neg 0.4752688181781784 off 0.4578974111266247 __DUMMY__ 0.06683377069519679	false	1.0
inkonsistenz	neg 1.0		neg 0.47688253927129093 off 0.45736701885130476 __DUMMY__ 0.06575044187740424	false	1.0
erschreckend	neg 1.0		neg 0.4802222978522391 off 0.453184296400543 __DUMMY__ 0.06659340574721798	false	1.0
ertrinken	neg 1.0		neg 0.48421717556467586 off 0.44896180769683064 __DUMMY__ 0.06682101673849358	false	1.0
pickelface	off 1.0		neg 0.47952303264285423 off 0.45373746803704956 __DUMMY__ 0.06673949932009629	false	0.5
seiner			neg 0.4831705168232397 off 0.44984611306766636 __DUMMY__ 0.06698337010909387	false	0.0
lauch	neg 1.0		neg 0.48565417129517496 off 0.44712410596739094 __DUMMY__ 0.06722172273743418	false	1.0
unwichtig	neg 1.0		neg 0.47484415094218346 off 0.45901510053955163 __DUMMY__ 0.06614074851826496	false	1.0
steuerhinterziehung	neg 1.0	neg 1.0	neg 0.7277818217245005 off 0.24046818598604014 __DUMMY__ 0.03174999228945939	false	1.0
schock	neg 1.0		neg 0.4795437977283466 off 0.4537253713020766 __DUMMY__ 0.06673083096957676	false	1.0
beule	neg 1.0		neg 0.47337503371681894 off 0.4605879816430627 __DUMMY__ 0.06603698464011833	false	1.0
vergelten	neg 1.0		neg 0.46867931587365086 off 0.46494295882328845 __DUMMY__ 0.06637772530306084	false	1.0
verdorbenheit	neg 1.0		neg 0.47506787857859206 off 0.45788895213611414 __DUMMY__ 0.06704316928529382	false	1.0
trauma	neg 1.0		neg 0.4778648157309453 off 0.45555707078091023 __DUMMY__ 0.0665781134881444	false	1.0
sinnlos	neg 1.0		neg 0.4764336379480111 off 0.457059843680145 __DUMMY__ 0.06650651837184386	false	1.0
fettsack	off 1.0	off 1.0	off 0.7168789941280764 neg 0.2521545471480494 __DUMMY__ 0.030966458723874133	false	1.0
feige	off 1.0	off 1.0	off 0.7144789702143901 neg 0.25417696778155313 __DUMMY__ 0.03134406200405669	false	1.0
abdanken	neg 1.0		neg 0.48033262631822804 off 0.45308320301359567 __DUMMY__ 0.0665841706681764	false	1.0
wichtigtuer	off 1.0	off 1.0	off 0.713652705641415 neg 0.25480547983782814 __DUMMY__ 0.031541814520756724	false	1.0
misslingen	neg 1.0		neg 0.4729128915354334 off 0.4596880025156882 __DUMMY__ 0.06739910594887828	false	1.0
untreu	off 1.0		neg 0.4739702081301734 off 0.4598687493074631 __DUMMY__ 0.06616104256236359	false	0.5
missmutig	neg 1.0		neg 0.4737497527952519 off 0.45990362609730534 __DUMMY__ 0.06634662110744284	false	1.0
hurenbock	off 1.0		neg 0.47618770722672554 off 0.45720954752007475 __DUMMY__ 0.06660274525319973	false	0.5
betrunken	neg 1.0		neg 0.471440947048926 off 0.46238954090129325 __DUMMY__ 0.06616951204978082	false	1.0
korrupt	off 1.0		neg 0.48432036221996894 off 0.4493255888522888 __DUMMY__ 0.06635404892774227	false	0.5
unmut	neg 1.0		neg 0.486207255441639 off 0.4465620881642337 __DUMMY__ 0.06723065639412724	false	1.0
hackfresse	off 1.0		off 0.4673548550288682 neg 0.4670965561258652 __DUMMY__ 0.06554858884526661	false	1.0
aufblasen	neg 1.0		neg 0.47635884366068754 off 0.4570448203567061 __DUMMY__ 0.06659633598260625	false	1.0
gewaltsam	neg 1.0		neg 0.4802411191107569 off 0.4530026345784196 __DUMMY__ 0.0667562463108234	false	1.0
unbeliebtheit	neg 1.0		neg 0.47789622914815455 off 0.4562115665203646 __DUMMY__ 0.06589220433148087	false	1.0
sturheit	neg 1.0		neg 0.48154840963250867 off 0.45191435340202746 __DUMMY__ 0.06653723696546388	false	1.0
kuh	neg 1.0		neg 0.48035923463533986 off 0.453815017907679 __DUMMY__ 0.06582574745698117	false	1.0
erschrecken	neg 1.0		neg 0.4736212663484485 off 0.45993689715428543 __DUMMY__ 0.066441836497266	false	1.0
opfer	neg 1.0		neg 0.4823246170834898 off 0.4507952521784266 __DUMMY__ 0.06688013073808362	false	1.0
sinken	neg 1.0		neg 0.485949622753008 off 0.4469153279583366 __DUMMY__ 0.06713504928865537	false	1.0
stinktier	neg 1.0		neg 0.474576706127089 off 0.4603693183914263 __DUMMY__ 0.06505397548148467	false	1.0
tucke	off 1.0		neg 0.4682344577489945 off 0.46663526543375144 __DUMMY__ 0.06513027681725382	false	0.5
ein			neg 0.47746839004216735 off 0.4559438189351575 __DUMMY__ 0.06658779102267519	false	0.0
abstieg	neg 1.0		neg 0.4841357329921695 off 0.44901875084489234 __DUMMY__ 0.06684551616293818	false	1.0
missverstehen	neg 1.0		neg 0.47722903329339117 off 0.4565702466441325 __DUMMY__ 0.06620072006247643	false	1.0
ergebnislos	neg 1.0		neg 0.48302015088050687 off 0.44990979593569924 __DUMMY__ 0.06707005318379375	false	1.0
unter			neg 0.4883609318331983 off 0.44370989405290256 __DUMMY__ 0.0679291741138992	false	0.0
manipulieren	neg 1.0		neg 0.48399911800307815 off 0.448982819152699 __DUMMY__ 0.06701806284422306	false	1.0
unbewiesen	neg 1.0		neg 0.4822636066916337 off 0.4515604404881584 __DUMMY__ 0.06617595282020786	false	1.0
verschleppen	neg 1.0		neg 0.4832540103917584 off 0.45006610185085655 __DUMMY__ 0.0666798877573851	false	1.0
weib	off 1.0		neg 0.4702942701033174 off 0.4647799876274279 __DUMMY__ 0.06492574226925472	false	0.5
opposition	neg 1.0		neg 0.4785576264358994 off 0.4551198627710661 __DUMMY__ 0.0663225107930345	false	1.0
verkehrswidrig	neg 1.0		off 0.46709917081380303 neg 0.46644065205100643 __DUMMY__ 0.06646017713519044	false	0.5
inkorrekt	neg 1.0		neg 0.47230532743356146 off 0.4619692971563781 __DUMMY__ 0.06572537541006036	false	1.0
vermeiden	neg 1.0	neg 1.0	neg 0.7293659085072157 off 0.2383484671563738 __DUMMY__ 0.03228562433641048	false	1.0
abweichung	neg 1.0		neg 0.4821642375636461 off 0.4509292521076399 __DUMMY__ 0.066906510328714	false	1.0
alkoholisiert	neg 1.0		neg 0.48129367205499496 off 0.45151115178103945 __DUMMY__ 0.06719517616396546	false	1.0
scheiss	off 1.0	off 1.0	off 0.7156628196038171 neg 0.25287904085915774 __DUMMY__ 0.031458139537025205	false	1.0
herausforderung	neg 1.0		neg 0.48292954774355684 off 0.44998537662741883 __DUMMY__ 0.06708507562902435	false	1.0
pervers	off 1.0		off 0.46995577608769384 neg 0.4649058694938545 __DUMMY__ 0.06513835441845162	false	1.0
wackelig	neg 1.0		neg 0.47751966816228547 off 0.45523406502030006 __DUMMY__ 0.06724626681741434	false	1.0
verwickeln	neg 1.0		neg 0.47779831468352807 off 0.4559640283271182 __DUMMY__ 0.06623765698935376	false	1.0
vorwand	neg 1.0		neg 0.48465141512622983 off 0.44840518163333987 __DUMMY__ 0.06694340324043026	false	1.0
muschi	off 1.0		neg 0.4794184072942932 off 0.453854811173321 __DUMMY__ 0.06672678153238594	false	0.5
entmutigung	neg 1.0		neg 0.47881884045368595 off 0.4547832288174939 __DUMMY__ 0.06639793072882015	false	1.0
unangemessen	neg 1.0		neg 0.48223328707170043 off 0.4512925510766677 __DUMMY__ 0.06647416185163196	false	1.0
unstetig	neg 1.0		neg 0.4753623394440958 off 0.45809285326679006 __DUMMY__ 0.06654480728911422	false	1.0
entmutigen	neg 1.0		neg 0.4779419602608641 off 0.4555026764578293 __DUMMY__ 0.06655536328130658	false	1.0
schwanz	neg 1.0		neg 0.4820598140640548 off 0.4510780682068918 __DUMMY__ 0.06686211772905354	false	1.0
verbot	neg 1.0		neg 0.48287846687999886 off 0.450458197422523 __DUMMY__ 0.06666333569747833	false	1.0
leid	neg 1.0		neg 0.4691257531442756 off 0.46520268949867644 __DUMMY__ 0.06567155735704806	false	1.0
archaisch	neg 1.0		neg 0.4807511286009198 off 0.45260770552725876 __DUMMY__ 0.06664116587182127	false	1.0
gegen			neg 0.4853971454691672 off 0.4473923005202437 __DUMMY__ 0.06721055401058915	false	0.0
scheidung	neg 1.0		off 0.4767708001514664 neg 0.45791107269785297 __DUMMY__ 0.06531812715068053	false	0.5
einschlag	neg 1.0		neg 0.47108374041554435 off 0.4628974492861058 __DUMMY__ 0.06601881029834997	false	1.0
m			neg 0.47994065814458714 off 0.45308664304940244 __DUMMY__ 0.06697269880601042	false	0.0
abgestanden	neg 1.0		neg 0.4792050245921146 off 0.45440615444394666 __DUMMY__ 0.06638882096393892	false	1.0
schmierig	off 1.0		neg 0.4690653525129594 off 0.46508518858619063 __DUMMY__ 0.06584945890084996	false	0.5
unpraktisch	neg 1.0		neg 0.4765943468162912 off 0.4568049237734688 __DUMMY__ 0.06660072941024	false	1.0
wixxer	off 1.0		off 0.46885227776724764 neg 0.46625049111914807 __DUMMY__ 0.06489723111360435	false	1.0
bezeichnet			neg 0.4808019192632341 off 0.45287548472592576 __DUMMY__ 0.06632259601084012	false	0.0
jammerlappen	off 1.0		neg 0.47327624852109773 off 0.4603519811600463 __DUMMY__ 0.06637177031885591	false	0.5
farce	neg 1.0		neg 0.4828180202019584 off 0.4507281666124322 __DUMMY__ 0.06645381318560953	false	1.0
zwecklos	neg 1.0		neg 0.482175481102652 off 0.45126221911105446 __DUMMY__ 0.06656229978629358	false	1.0
turbulent	neg 1.0		neg 0.4750790228683281 off 0.45914707152133144 __DUMMY__ 0.06577390561034044	false	1.0
invasion	neg 1.0		neg 0.47689693768725605 off 0.45662850886295336 __DUMMY__ 0.06647455344979061	false	1.0
schuld	neg 1.0		neg 0.4790324219489951 off 0.45460754470690995 __DUMMY__ 0.06636003334409503	false	1.0
risiko	neg 1.0	neg 1.0	neg 0.7242852558635711 off 0.243853933607193 __DUMMY__ 0.03186081052923598	false	1.0
finster	neg 1.0		neg 0.4786983384164982 off 0.4549872413528693 __DUMMY__ 0.06631442023063247	false	1.0
geisteskrank	off 1.0		neg 0.4746990762914565 off 0.45953916194802796 __DUMMY__ 0.0657617617605156	false	0.5
zusammenbrechen	neg 1.0		neg 0.4805437452680164 off 0.4526795474491682 __DUMMY__ 0.06677670728281536	false	1.0
ausbeute	neg 1.0		neg 0.4755476384961663 off 0.45660415222235223 __DUMMY__ 0.06784820928148141	false	1.0
hinterhalt	neg 1.0		neg 0.47679713346409647 off 0.455901116327681 __DUMMY__ 0.06730175020822253	false	1.0
kritik	neg 1.0		neg 0.48332503233641805 off 0.45025216965041 __DUMMY__ 0.066422798013172	false	1.0
einschrumpfen	neg 1.0		neg 0.47626793571549464 off 0.4576018383319037 __DUMMY__ 0.06613022595260157	false	1.0
riskant	neg 1.0		neg 0.48408370613484664 off 0.44912699050033145 __DUMMY__ 0.06678930336482197	false	1.0
frustrieren	neg 1.0		neg 0.48265435681711044 off 0.4505379767223966 __DUMMY__ 0.06680766646049294	false	1.0
groll	neg 1.0		neg 0.48286146912166195 off 0.450576720622082 __DUMMY__ 0.06656181025625599	false	1.0
gibt			neg 0.4798702814679847 off 0.4532679180303212 __DUMMY__ 0.06686180050169392	false	0.0
qualvoll	neg 1.0		neg 0.47569093956225067 off 0.4578980394615631 __DUMMY__ 0.06641102097618627	false	1.0
wackeln	neg 1.0		neg 0.4764351522113 off 0.4567630929879737 __DUMMY__ 0.0668017548007263	false	1.0
klagen	neg 1.0		neg 0.4863276031299669 off 0.4466213226911387 __DUMMY__ 0.06705107417889436	false	1.0
bankrott	neg 1.0		neg 0.47311727661872394 off 0.46035933124060907 __DUMMY__ 0.0665233921406671	false	1.0
trauern	neg 1.0		neg 0.4818702350791755 off 0.4510831702666352 __DUMMY__ 0.0670465946541892	false	1.0
ablehnung	neg 1.0		neg 0.48297934501803225 off 0.4504921589052568 __DUMMY__ 0.06652849607671106	false	1.0
stur	neg 1.0		neg 0.47848069992648107 off 0.45512162586120897 __DUMMY__ 0.0663976742123099	false	1.0
aufruhr	neg 1.0		neg 0.48052839939689923 off 0.45283536430970833 __DUMMY__ 0.06663623629339245	false	1.0
melancholie	neg 1.0		neg 0.4821798958353194 off 0.45103064736204707 __DUMMY__ 0.06678945680263347	false	1.0
ist			neg 0.47656089448310274 off 0.4569022843531166 __DUMMY__ 0.06653682116378085	false	0.0
torheit	neg 1.0		neg 0.47901051753798835 off 0.45444794291033846 __DUMMY__ 0.06654153955167318	false	1.0
dreckskind	off 1.0		neg 0.47075091800554014 off 0.464017873909739 __DUMMY__ 0.065231208084721	false	0.5
umtauschen	neg 1.0		neg 0.478232216550095 off 0.45501342021598123 __DUMMY__ 0.06675436323392377	false	1.0
zum			neg 0.4836757153243652 off 0.44840524187738395 __DUMMY__ 0.06791904279825092	false	0.0
zersetzen	neg 1.0		neg 0.48545050276761575 off 0.44778636778628145 __DUMMY__ 0.06676312944610294	false	1.0
zur			neg 0.486230557076623 off 0.4460802538701974 __DUMMY__ 0.06768918905317954	false	0.0
frust	neg 1.0		neg 0.48044807148187235 off 0.4527510555781386 __DUMMY__ 0.0668008729399891	false	1.0
unerbittlichkeit	neg 1.0		neg 0.4847940327427704 off 0.4483354093161397 __DUMMY__ 0.06687055794108995	false	1.0
zwei			neg 0.48297412824409564 off 0.44924405330593337 __DUMMY__ 0.06778181844997098	false	0.0
unkorrekt	neg 1.0		neg 0.47081929991687055 off 0.4631674221952548 __DUMMY__ 0.06601327788787473	false	1.0
hexe	off 1.0		neg 0.47756037964495107 off 0.45678265349877323 __DUMMY__ 0.06565696685627558	false	0.5
lasch	neg 1.0		neg 0.4767125691652785 off 0.457211017303108 __DUMMY__ 0.06607641353161349	false	1.0
rivale	neg 1.0		neg 0.4725959924422963 off 0.46145243158791793 __DUMMY__ 0.06595157596978578	false	1.0
mutlos	off 1.0	off 1.0	off 0.7094987292594392 neg 0.25872484473848534 __DUMMY__ 0.03177642600207541	false	1.0
wirr	off 1.0		neg 0.4722175654411208 off 0.4621489817196019 __DUMMY__ 0.06563345283927728	false	0.5
jahr			neg 0.47788926628527445 off 0.4541227036030805 __DUMMY__ 0.06798803011164505	false	0.0
wird			neg 0.4817065718975428 off 0.4514639448178484 __DUMMY__ 0.06682948328460883	false	0.0
strafbar	neg 1.0		neg 0.483041862650544 off 0.45011105995467315 __DUMMY__ 0.06684707739478297	false	1.0
erosion	neg 1.0		neg 0.4771153447289999 off 0.4560109122018051 __DUMMY__ 0.0668737430691949	false	1.0
eingehen	neg 1.0		neg 0.48337430200238735 off 0.44987270589944023 __DUMMY__ 0.06675299209817236	false	1.0
faul	off 1.0		neg 0.47360683601806186 off 0.4599476556221206 __DUMMY__ 0.06644550835981741	false	0.5
provisorium	neg 1.0		neg 0.486023529097444 off 0.4458347154313136 __DUMMY__ 0.06814175547124234	false	1.0
schmerzen	neg 1.0		neg 0.48101951442979834 off 0.4524869600521619 __DUMMY__ 0.0664935255180397	false	1.0
schrumpfen	neg 1.0		neg 0.4888227019657274 off 0.44395119428232793 __DUMMY__ 0.06722610375194464	false	1.0
geistlos	off 1.0		neg 0.4788371250223551 off 0.45514293731706584 __DUMMY__ 0.06601993766057906	false	0.5
fehlkauf	neg 1.0		neg 0.4771077138217642 off 0.4564017027031816 __DUMMY__ 0.06649058347505409	false	1.0
frustrierend	neg 1.0		neg 0.47449289667560646 off 0.4591073536532098 __DUMMY__ 0.06639974967118369	false	1.0
unzufrieden	neg 1.0		neg 0.4822477555833453 off 0.4511360831062859 __DUMMY__ 0.06661616131036885	false	1.0
verzweifeln	neg 1.0		neg 0.47998299126023014 off 0.45334759362336047 __DUMMY__ 0.06666941511640932	false	1.0
verzweifelt	neg 1.0	neg 1.0	neg 0.7260923117299798 off 0.24236503941396312 __DUMMY__ 0.03154264885605705	false	1.0
misstrauensantrag	neg 1.0		neg 0.4765704862768365 off 0.4569500941288184 __DUMMY__ 0.06647941959434504	false	1.0
abfallen	neg 1.0		neg 0.47640737378822073 off 0.45681259355033726 __DUMMY__ 0.06678003266144196	false	1.0
fucker	off 1.0		neg 0.4708895789312906 off 0.46299709178941617 __DUMMY__ 0.06611332927929313	false	0.5
ungezogen	neg 1.0		off 0.46912514119607923 neg 0.4656494278314872 __DUMMY__ 0.06522543097243338	false	0.5
irrsinnig	neg 1.0	neg 1.0	neg 0.7256581603684218 off 0.24273160519333545 __DUMMY__ 0.03161023443824284	false	1.0
unfassbar	neg 1.0		neg 0.4721489809260929 off 0.46157158736180115 __DUMMY__ 0.06627943171210582	false	1.0
hart	neg 1.0		neg 0.47394202474293107 off 0.4599560743113963 __DUMMY__ 0.06610190094567267	false	1.0
widerlich	off 1.0		neg 0.4735143957879265 off 0.46055061487652865 __DUMMY__ 0.06593498933554497	false	0.5
fatal	neg 1.0		neg 0.4766162296046037 off 0.4569270580127818 __DUMMY__ 0.06645671238261441	false	1.0
bruch	neg 1.0		neg 0.48560354632366504 off 0.44731190096374834 __DUMMY__ 0.06708455271258659	false	1.0
aushungern	neg 1.0		neg 0.4809871770127718 off 0.4522524297126876 __DUMMY__ 0.06676039327454054	false	1.0
anspannung	neg 1.0		neg 0.48574290980307827 off 0.4466371390145561 __DUMMY__ 0.06761995118236554	false	1.0
von			neg 0.47697864008683205 off 0.45489323305632595 __DUMMY__ 0.06812812685684196	false	0.0
kraftlos	neg 1.0		neg 0.48059198499797806 off 0.4525304162923134 __DUMMY__ 0.06687759870970857	false	1.0
vom			neg 0.4849404530438574 off 0.4468578008444695 __DUMMY__ 0.06820174611167318	false	0.0
grenzdebil	off 1.0		neg 0.4717772934030369 off 0.4619650372770269 __DUMMY__ 0.06625766931993606	false	0.5
vor			neg 0.48309808494742185 off 0.44958650424061314 __DUMMY__ 0.06731541081196506	false	0.0
unterwerfen	neg 1.0		neg 0.4829818560491576 off 0.45022493793538015 __DUMMY__ 0.06679320601546211	false	1.0
versenkung	neg 1.0		neg 0.4808110855735681 off 0.4520893136639965 __DUMMY__ 0.06709960076243533	false	1.0
entziehen	neg 1.0		neg 0.4851893440181985 off 0.4477047541620676 __DUMMY__ 0.06710590181973394	false	1.0
finanzkrise	neg 1.0		neg 0.48286083104935124 off 0.4508503643481919 __DUMMY__ 0.06628880460245692	false	1.0
schimpfend	neg 1.0		neg 0.4768598006702876 off 0.4566820312842591 __DUMMY__ 0.06645816804545324	false	1.0
profan	neg 1.0		neg 0.4766567165228716 off 0.45700632249642004 __DUMMY__ 0.06633696098070833	false	1.0
korruption	neg 1.0		neg 0.48356485342801614 off 0.44982311304572925 __DUMMY__ 0.06661203352625471	false	1.0
â			neg 0.48017362890899135 off 0.452774048517684 __DUMMY__ 0.0670523225733247	false	0.0
schmutzig	neg 1.0		neg 0.4712362368094419 off 0.4625139273731652 __DUMMY__ 0.066249835817393	false	1.0
sexy	neg 1.0		neg 0.47425032447891136 off 0.4592372882124331 __DUMMY__ 0.06651238730865554	false	1.0
abraten	neg 1.0		neg 0.47558563866299897 off 0.45778086555955694 __DUMMY__ 0.06663349577744414	false	1.0
schwarz	neg 1.0		neg 0.4774968577687086 off 0.4560284082322608 __DUMMY__ 0.06647473399903066	false	1.0
fotze	off 1.0	off 1.0	off 0.7115598680111185 neg 0.25655285192407284 __DUMMY__ 0.03188728006480851	false	1.0
verwirren	neg 1.0		neg 0.475823117068105 off 0.4578025816126204 __DUMMY__ 0.06637430131927463	false	1.0
zahnlos	off 1.0		neg 0.4811588892880058 off 0.45222743207967375 __DUMMY__ 0.06661367863232051	false	0.5
verheeren	neg 1.0		off 0.47058646052620473 neg 0.464210868877208 __DUMMY__ 0.06520267059658723	false	0.5
hippie	neg 1.0		neg 0.4748667527412775 off 0.45863178267825666 __DUMMY__ 0.06650146458046588	false	1.0
rammen	neg 1.0		neg 0.4808117267755582 off 0.45319110031830384 __DUMMY__ 0.06599717290613792	false	1.0
unlauter	neg 1.0		neg 0.47996932314940977 off 0.4537937203365544 __DUMMY__ 0.0662369565140358	false	1.0
unheilvoll	neg 1.0		neg 0.4772772134790324 off 0.45628542603034977 __DUMMY__ 0.06643736049061778	false	1.0
niedrig	neg 1.0		neg 0.48506764273434383 off 0.4482401341562253 __DUMMY__ 0.06669222310943085	false	1.0
explosion	neg 1.0		neg 0.4757242548025571 off 0.4578065729826661 __DUMMY__ 0.06646917221477683	false	1.0
weichei	off 1.0	off 1.0	off 0.7183059638267137 neg 0.25051968891753107 __DUMMY__ 0.031174347255755158	false	1.0
minusmensch	off 1.0		neg 0.47010161212778234 off 0.46502600661594234 __DUMMY__ 0.06487238125627541	false	0.5
farblos	neg 1.0		neg 0.478842167390679 off 0.4544753581460329 __DUMMY__ 0.0666824744632881	false	1.0
unwissend	neg 1.0	neg 1.0	neg 0.7233415024513741 off 0.24517064038398226 __DUMMY__ 0.03148785716464365	false	1.0
traurig	neg 1.0		neg 0.46957610200272415 off 0.46429575742867474 __DUMMY__ 0.06612814056860095	false	1.0
senkung	neg 1.0		neg 0.478136294099538 off 0.4557389939450839 __DUMMY__ 0.06612471195537814	false	1.0
ungleich	neg 1.0	neg 1.0	neg 0.7286249819765913 off 0.23952221759788628 __DUMMY__ 0.03185280042552237	false	1.0
heikel	neg 1.0		neg 0.4838915895168699 off 0.44928938869895557 __DUMMY__ 0.06681902178417458	false	1.0
drosselung	neg 1.0		neg 0.473062914170237 off 0.46084368332932313 __DUMMY__ 0.06609340250043984	false	1.0
falsch	neg 1.0		neg 0.4748026326617627 off 0.458894971727749 __DUMMY__ 0.06630239561048829	false	1.0
unzufriedenheit	neg 1.0		neg 0.48504712934335825 off 0.4479747339818104 __DUMMY__ 0.06697813667483138	false	1.0
kurz	neg 1.0		neg 0.47761353196313683 off 0.45526706024055186 __DUMMY__ 0.06711940779631145	false	1.0
unsinnig	neg 1.0		neg 0.48104546298327205 off 0.45238266881888306 __DUMMY__ 0.06657186819784479	false	1.0
penner	off 1.0	off 1.0	off 0.7191697046038265 neg 0.2497012597450134 __DUMMY__ 0.03112903565116014	false	1.0
seicht	neg 1.0		off 0.46845238859307575 neg 0.46631112965150195 __DUMMY__ 0.06523648175542245	false	0.5
dummheit	off 1.0	off 1.0	off 0.7134224835829291 neg 0.25511434373265285 __DUMMY__ 0.031463172684418006	false	1.0
unerfreulich	neg 1.0		neg 0.48353659219747885 off 0.4494189952976506 __DUMMY__ 0.06704441250487048	false	1.0
motherfucker	off 1.0	off 1.0	off 0.7164977951597178 neg 0.2520579727729591 __DUMMY__ 0.03144423206732304	false	1.0
pikiert	neg 1.0		neg 0.4745717672061423 off 0.45947561033091894 __DUMMY__ 0.06595262246293887	false	1.0
wrack	neg 1.0		neg 0.48007228618708686 off 0.45301168607890413 __DUMMY__ 0.06691602773400901	false	1.0
gangster	neg 1.0		neg 0.47499329668665125 off 0.4585371324757006 __DUMMY__ 0.06646957083764816	false	1.0
krank	neg 1.0		neg 0.4712585174041529 off 0.4624175979201325 __DUMMY__ 0.06632388467571465	false	1.0
reich	neg 1.0		neg 0.472830252884991 off 0.4608069015256315 __DUMMY__ 0.0663628455893776	false	1.0
gnadenlos	neg 1.0		neg 0.47882511954394125 off 0.45479460169389047 __DUMMY__ 0.06638027876216829	false	1.0
niedergeschlagen	neg 1.0		neg 0.47944104677138666 off 0.4537254649037554 __DUMMY__ 0.06683348832485785	false	1.0
terrorisieren	off 1.0	off 1.0	off 0.7104967366501921 neg 0.2575839362521227 __DUMMY__ 0.03191932709768522	false	1.0
sinnlosigkeit	neg 1.0		neg 0.48149283168027396 off 0.4518412919924894 __DUMMY__ 0.06666587632723658	false	1.0
behindern	neg 1.0		neg 0.4794551613578402 off 0.4538517314187531 __DUMMY__ 0.06669310722340657	false	1.0
undemokratisch	neg 1.0		neg 0.47866990315755226 off 0.4548646931373852 __DUMMY__ 0.06646540370506249	false	1.0
wirtschaftskrise	neg 1.0		neg 0.484458831823012 off 0.4490251085218563 __DUMMY__ 0.06651605965513172	false	1.0
neid	neg 1.0		neg 0.47246123184169164 off 0.4608727220529579 __DUMMY__ 0.06666604610535046	false	1.0
rutschen	neg 1.0		neg 0.4834240302240229 off 0.44882881921571743 __DUMMY__ 0.06774715056025973	false	1.0
rezession	neg 1.0		neg 0.47530486813011735 off 0.45947011472136745 __DUMMY__ 0.06522501714851515	false	1.0
fehlgeburt	neg 1.0		neg 0.4755313515596868 off 0.4577632573354174 __DUMMY__ 0.0667053911048959	false	1.0
charakterschwach	off 1.0		neg 0.4736352107773077 off 0.46040361150302334 __DUMMY__ 0.06596117771966904	false	0.5
isolation	neg 1.0		neg 0.4746818874068487 off 0.4588890469308436 __DUMMY__ 0.06642906566230766	false	1.0
ablenkung	neg 1.0		neg 0.4773684871768985 off 0.4558169404603904 __DUMMY__ 0.06681457236271111	false	1.0
pech	neg 1.0		neg 0.47450244203229514 off 0.45909655438687064 __DUMMY__ 0.06640100358083427	false	1.0
vermeidung	neg 1.0		neg 0.4725271599021385 off 0.46132456961567386 __DUMMY__ 0.06614827048218759	false	1.0
dominieren	neg 1.0		neg 0.48325499027523416 off 0.4499439093110286 __DUMMY__ 0.06680110041373707	false	1.0
schwindlig	neg 1.0		neg 0.4751524448348557 off 0.458199853966082 __DUMMY__ 0.06664770119906244	false	1.0
lutscher	neg 1.0	neg 1.0	neg 0.718509221638619 off 0.25046053544710944 __DUMMY__ 0.031030242914271526	false	1.0
pflicht	neg 1.0		neg 0.48494733787968497 off 0.44813272982998 __DUMMY__ 0.06691993229033512	false	1.0
faschist	off 1.0		neg 0.4757702028239542 off 0.4578715565227799 __DUMMY__ 0.06635824065326577	false	0.5
verschleudern	neg 1.0		neg 0.48450874172342945 off 0.4487318792323141 __DUMMY__ 0.06675937904425647	false	1.0
wenn			neg 0.4747503104787005 off 0.45896132862793854 __DUMMY__ 0.06628836089336093	false	0.0
ehebruch	neg 1.0		neg 0.48255734174576326 off 0.4506781081095287 __DUMMY__ 0.06676455014470804	false	1.0
spott	off 1.0		neg 0.48366017414383694 off 0.4496342090158944 __DUMMY__ 0.06670561684026857	false	0.5
trostlosigkeit	neg 1.0		neg 0.48502290077510535 off 0.4479392701047773 __DUMMY__ 0.06703782912011744	false	1.0
lutschen	neg 1.0		neg 0.47686020771902116 off 0.45704116275730455 __DUMMY__ 0.06609862952367423	false	1.0
undiszipliniert	neg 1.0		neg 0.47102358911268294 off 0.46295673120710057 __DUMMY__ 0.06601967968021645	false	1.0
kopfschmerz	neg 1.0		neg 0.4826035682278826 off 0.45091761642616407 __DUMMY__ 0.06647881534595332	false	1.0
unvorhergesehen	neg 1.0		neg 0.4800371785832483 off 0.45252845540422953 __DUMMY__ 0.06743436601252205	false	1.0
desinteressiert	neg 1.0	neg 1.0	neg 0.7221293002334647 off 0.24647064366378665 __DUMMY__ 0.031400056102748757	false	1.0
armselig	off 1.0		neg 0.4721666470469878 off 0.4621130371877017 __DUMMY__ 0.06572031576531051	false	0.5
desaster	neg 1.0		neg 0.48637071639585927 off 0.44653082729505816 __DUMMY__ 0.06709845630908269	false	1.0
tod	neg 1.0		neg 0.48039805117316825 off 0.45257944445244896 __DUMMY__ 0.06702250437438281	false	1.0
herzlos	neg 1.0		neg 0.4711316536592259 off 0.46298388306164373 __DUMMY__ 0.06588446327913026	false	1.0
unwissenheit	neg 1.0		neg 0.4823236378816834 off 0.45105962520365733 __DUMMY__ 0.06661673691465923	false	1.0
widersinnig	neg 1.0		neg 0.4839187672729767 off 0.4497171696181434 __DUMMY__ 0.06636406310887978	false	1.0
bedenklich	neg 1.0		neg 0.4829903015490769 off 0.45030420734597026 __DUMMY__ 0.06670549110495286	false	1.0
beanstanden	neg 1.0		neg 0.48489246758330007 off 0.44810539493812157 __DUMMY__ 0.0670021374785783	false	1.0
panisch	neg 1.0	neg 1.0	neg 0.7232026195673172 off 0.2449583246484786 __DUMMY__ 0.031839055784204255	false	1.0
debil	off 1.0		neg 0.48815611945372245 off 0.44418306292818377 __DUMMY__ 0.06766081761809384	false	0.5
abstrich	neg 1.0		neg 0.4759607889454991 off 0.4568151208308078 __DUMMY__ 0.0672240902236932	false	1.0
primitiv	neg 1.0		neg 0.47338516032007016 off 0.4607029023052947 __DUMMY__ 0.0659119373746352	false	1.0
abschaum	off 1.0	off 1.0	off 0.7151708792957879 neg 0.2533741431957947 __DUMMY__ 0.03145497750841733	false	1.0
provozieren	neg 1.0		neg 0.4797705978882551 off 0.4539582431528692 __DUMMY__ 0.06627115895887581	false	1.0
tot	neg 1.0		neg 0.4814414506647402 off 0.4517929607318905 __DUMMY__ 0.06676558860336913	false	1.0
instabil	neg 1.0		neg 0.4726747542608113 off 0.46155762633717684 __DUMMY__ 0.06576761940201188	false	1.0
schwuchtel	off 1.0	off 1.0	off 0.7214521839510597 neg 0.24780013459032868 __DUMMY__ 0.030747681458611547	false	1.0
zerren	neg 1.0		neg 0.48056759093613044 off 0.4526396715604244 __DUMMY__ 0.06679273750344515	false	1.0
kinderficker	off 1.0		neg 0.4681425115176845 off 0.4660959654651297 __DUMMY__ 0.06576152301718574	false	0.5
gefahr	neg 1.0		neg 0.48412852518747856 off 0.4487182086301664 __DUMMY__ 0.067153266182355	false	1.0
rabiat	neg 1.0		neg 0.47851579651522497 off 0.45484712579976866 __DUMMY__ 0.06663707768500643	false	1.0
verlangsamung	neg 1.0		neg 0.4703603379366545 off 0.46454133008216997 __DUMMY__ 0.06509833198117554	false	1.0
ausgestorben	neg 1.0		neg 0.47818536996857436 off 0.4550589386844121 __DUMMY__ 0.06675569134701365	false	1.0
anklagen	neg 1.0		neg 0.4825525079884951 off 0.4507380630923857 __DUMMY__ 0.06670942891911925	false	1.0
trott	neg 1.0		neg 0.478876810164044 off 0.4544157466483059 __DUMMY__ 0.06670744318765004	false	1.0
verminderung	neg 1.0		neg 0.4723099054639334 off 0.46159746440496174 __DUMMY__ 0.0660926301311048	false	1.0
nach			neg 0.4840578771722407 off 0.4480354879471741 __DUMMY__ 0.06790663488058514	false	0.0
rost	neg 1.0		neg 0.46830906562709623 off 0.46605149618294034 __DUMMY__ 0.0656394381899634	false	1.0
destruktiv	neg 1.0		neg 0.48006963212008 off 0.45345044700971937 __DUMMY__ 0.06647992087020056	false	1.0
unzumutbarkeit	neg 1.0		neg 0.4726731786658306 off 0.4610016932244833 __DUMMY__ 0.06632512810968616	false	1.0
labil	off 1.0	off 1.0	off 0.7149548726590791 neg 0.2535192890982561 __DUMMY__ 0.03152583824266481	false	1.0
ziemlich	neg 1.0		neg 0.4714285208827524 off 0.46215953773216445 __DUMMY__ 0.0664119413850832	false	1.0
lachnummer	off 1.0		neg 0.4797364118610279 off 0.4538634212846355 __DUMMY__ 0.06640016685433657	false	0.5
oder			neg 0.4765638187916799 off 0.45667353559308954 __DUMMY__ 0.06676264561523047	false	0.0
verfall	neg 1.0		neg 0.4880814279308148 off 0.4445928559072003 __DUMMY__ 0.0673257161619848	false	1.0
ausgrenzung	neg 1.0		neg 0.47811383617869024 off 0.45546628296851205 __DUMMY__ 0.06641988085279762	false	1.0
unordnung	neg 1.0		neg 0.46909416345643556 off 0.46457733845758176 __DUMMY__ 0.06632849808598278	false	1.0
fehlverhalten	neg 1.0		neg 0.4854958823450044 off 0.4477934260459471 __DUMMY__ 0.06671069160904845	false	1.0
eine			neg 0.4825564784835266 off 0.45018438041400305 __DUMMY__ 0.06725914110247029	false	0.0
nille	neg 1.0		neg 0.47862862627658576 off 0.45459967011989216 __DUMMY__ 0.06677170360352211	false	1.0
qual	neg 1.0		neg 0.47916726717930597 off 0.4540825953113284 __DUMMY__ 0.06675013750936569	false	1.0
verschwenden	neg 1.0		neg 0.4837205804129258 off 0.44955890165256224 __DUMMY__ 0.06672051793451193	false	1.0
riesig	neg 1.0		neg 0.4811259173977732 off 0.4518673933699647 __DUMMY__ 0.0670066892322621	false	1.0
verurteilen	neg 1.0		neg 0.48358432986428834 off 0.4499584356114741 __DUMMY__ 0.06645723452423771	false	1.0
klischee	neg 1.0	neg 1.0	neg 0.7244732972713938 off 0.24404530029727683 __DUMMY__ 0.03148140243132937	false	1.0
diktatorisch	neg 1.0		neg 0.4789742067922233 off 0.45464424098650374 __DUMMY__ 0.06638155222127297	false	1.0
vorhersehbar	neg 1.0		neg 0.4772002767338449 off 0.45665068310361734 __DUMMY__ 0.06614904016253771	false	1.0
sowie			neg 0.470764222080006 off 0.46373037934631156 __DUMMY__ 0.06550539857368234	false	0.0
stornieren	neg 1.0		neg 0.47273247317370626 off 0.4601602270663379 __DUMMY__ 0.0671072997599558	false	1.0
besteuerung	neg 1.0		neg 0.4811202533909141 off 0.45274834640703404 __DUMMY__ 0.0661314002020519	false	1.0
ungeschminkt	neg 1.0		neg 0.4754199301876963 off 0.4589234164715939 __DUMMY__ 0.06565665334070983	false	1.0
kritisch	neg 1.0		neg 0.4829169207856105 off 0.4503044633105795 __DUMMY__ 0.06677861590381005	false	1.0
schlamperei	off 1.0		neg 0.4832193687048716 off 0.44975895842971925 __DUMMY__ 0.0670216728654092	false	0.5
sucht	neg 1.0	neg 1.0	neg 0.7228212600529785 off 0.2450642652498765 __DUMMY__ 0.032114474697145	false	1.0
egoistisch	off 1.0		neg 0.46911788538561655 off 0.4653224207508439 __DUMMY__ 0.06555969386353963	false	0.5
ausbeuter	off 1.0		neg 0.4862008261925018 off 0.4471944029046629 __DUMMY__ 0.06660477090283526	false	0.5
arschgeburt	off 1.0		off 0.4703045262465704 neg 0.4651291151863959 __DUMMY__ 0.06456635856703365	false	1.0
schubs	neg 1.0		neg 0.47966131135409085 off 0.4534668438099325 __DUMMY__ 0.06687184483597676	false	1.0
unsolide	neg 1.0		neg 0.479392322066314 off 0.4544409582347576 __DUMMY__ 0.06616671969892836	false	1.0
beschwerde	neg 1.0		neg 0.48415576520057196 off 0.44913106251681895 __DUMMY__ 0.0667131722826091	false	1.0
stocken	neg 1.0		neg 0.4834296245943028 off 0.4496554548050427 __DUMMY__ 0.06691492060065446	false	1.0
isolieren	neg 1.0		neg 0.48242390844554156 off 0.45083641808460523 __DUMMY__ 0.0667396734698533	false	1.0
unheilbar	neg 1.0		neg 0.47854570593365076 off 0.45485515827480144 __DUMMY__ 0.06659913579154782	false	1.0
pisser	off 1.0		neg 0.4733332396545425 off 0.4610116451975274 __DUMMY__ 0.06565511514793007	false	0.5
löschen	neg 1.0		neg 0.47860620315454944 off 0.454710369796102 __DUMMY__ 0.0666834270493486	false	1.0
durchfallen	neg 1.0		neg 0.48319286531689315 off 0.4502218073765899 __DUMMY__ 0.06658532730651702	false	1.0
wichser	off 1.0	off 1.0	off 0.7208093821672873 neg 0.24819213179336708 __DUMMY__ 0.03099848603934562	false	1.0
terror	neg 1.0		neg 0.47492684332770224 off 0.45853783077313565 __DUMMY__ 0.0665353258991621	false	1.0
krass	neg 1.0		neg 0.47020049087732557 off 0.4639496739070372 __DUMMY__ 0.06584983521563727	false	1.0
revolte	neg 1.0		neg 0.47757615704118694 off 0.45602634474044274 __DUMMY__ 0.06639749821837021	false	1.0
besorgt	neg 1.0		neg 0.4774808178573272 off 0.45530903635360315 __DUMMY__ 0.06721014578906954	false	1.0
nachlassen	neg 1.0		neg 0.48249835139030106 off 0.4504520847469258 __DUMMY__ 0.06704956386277325	false	1.0
alt	neg 1.0		neg 0.48212655787485076 off 0.4512299578916439 __DUMMY__ 0.06664348423350547	false	1.0
hundesohn	off 1.0		off 0.46816932797010596 neg 0.4667339785315678 __DUMMY__ 0.06509669349832618	false	1.0
als			neg 0.47984985862035584 off 0.45324548473380316 __DUMMY__ 0.06690465664584103	false	0.0
abschreckung	neg 1.0		neg 0.48545711256521396 off 0.4475733227261685 __DUMMY__ 0.06696956470861737	false	1.0
unqualifiziert	neg 1.0		neg 0.4765452373137805 off 0.4573866680137552 __DUMMY__ 0.06606809467246418	false	1.0
abgewichst	off 1.0		neg 0.4786605402925269 off 0.4544433162882379 __DUMMY__ 0.06689614341923528	false	0.5
schwer	neg 1.0		neg 0.47965959591163615 off 0.453736667648975 __DUMMY__ 0.06660373643938887	false	1.0
bedeutungslosigkeit	neg 1.0		neg 0.4844364694474881 off 0.44866508409775124 __DUMMY__ 0.06689844645476056	false	1.0
kapitulation	neg 1.0		neg 0.4830051437249588 off 0.45015308875861615 __DUMMY__ 0.06684176751642511	false	1.0
unscharf	neg 1.0		neg 0.47732743145280476 off 0.4564312409022373 __DUMMY__ 0.06624132764495802	false	1.0
schwinden	neg 1.0		neg 0.48508136123734047 off 0.44805027028417643 __DUMMY__ 0.066868368478483	false	1.0
versklavung	neg 1.0		neg 0.4789283589004121 off 0.45459445943299165 __DUMMY__ 0.0664771816665963	false	1.0
schlecht	neg 1.0		neg 0.4714784655577708 off 0.46214322899674215 __DUMMY__ 0.06637830544548719	false	1.0
verhasst	neg 1.0		neg 0.48005231588004754 off 0.45383853864647467 __DUMMY__ 0.0661091454734777	false	1.0
beschweren	neg 1.0		neg 0.4766274495264615 off 0.456870973723515 __DUMMY__ 0.06650157675002359	false	1.0
scheiden	neg 1.0		neg 0.4770836520133966 off 0.456033506800503 __DUMMY__ 0.06688284118610048	false	1.0
frustriert	neg 1.0		neg 0.48111564867928475 off 0.4523030705725872 __DUMMY__ 0.06658128074812804	false	1.0
schimmelig	neg 1.0		neg 0.4846190215307193 off 0.4490598934028012 __DUMMY__ 0.06632108506647949	false	1.0
fisch	neg 1.0		neg 0.4860452640795189 off 0.44724075232283783 __DUMMY__ 0.06671398359764327	false	1.0
schmuggel	neg 1.0		neg 0.4836201806006539 off 0.4494595966269622 __DUMMY__ 0.06692022277238399	false	1.0
auffallen	neg 1.0		neg 0.4757183263444467 off 0.4578211151896206 __DUMMY__ 0.06646055846593271	false	1.0
konkurrenz	neg 1.0		neg 0.4856967042503012 off 0.44729275109878547 __DUMMY__ 0.06701054465091341	false	1.0
teufelskreis	neg 1.0	neg 1.0	neg 0.7269907554108426 off 0.24140614155543771 __DUMMY__ 0.03160310303371971	false	1.0
aufschreien	neg 1.0		neg 0.47707439059866485 off 0.45668336066660026 __DUMMY__ 0.06624224873473493	false	1.0
schuldner	neg 1.0		neg 0.48697412301135823 off 0.4463919679033819 __DUMMY__ 0.0666339090852597	false	1.0
missgeburt	off 1.0	off 1.0	off 0.7179628902374862 neg 0.25099388687422747 __DUMMY__ 0.031043222888286447	false	1.0
arbeitslos	neg 1.0		neg 0.48260170972878547 off 0.4507949378883973 __DUMMY__ 0.0666033523828172	false	1.0
befallen	neg 1.0		neg 0.4830040594683061 off 0.45063766032959796 __DUMMY__ 0.06635828020209589	false	1.0
miesepetrig	off 1.0	off 1.0	off 0.7160365096614937 neg 0.25239277558550177 __DUMMY__ 0.03157071475300455	false	1.0
alarmieren	neg 1.0		neg 0.4764060817924077 off 0.45755239667875597 __DUMMY__ 0.06604152152883623	false	1.0
ungeduscht	off 1.0		neg 0.47616770376882905 off 0.45780231372822033 __DUMMY__ 0.06602998250295056	false	0.5
knappheit	neg 1.0		neg 0.4848101480496964 off 0.4487959863190054 __DUMMY__ 0.06639386563129823	false	1.0
schlange	neg 1.0		neg 0.4746051576626144 off 0.45848579321927374 __DUMMY__ 0.06690904911811196	false	1.0
harsch	neg 1.0		neg 0.4676656551214684 off 0.46626820232302996 __DUMMY__ 0.06606614255550168	false	1.0
lang	neg 1.0		neg 0.47738317051903856 off 0.4559377735801559 __DUMMY__ 0.06667905590080553	false	1.0
ziellos	neg 1.0		neg 0.4806246843750986 off 0.45231755256911355 __DUMMY__ 0.06705776305578781	false	1.0
selbstverliebt	neg 1.0		off 0.4695390487492863 neg 0.465489331126218 __DUMMY__ 0.06497162012449574	false	0.5
beseitigen	neg 1.0		neg 0.4802522963183473 off 0.45300766899080336 __DUMMY__ 0.06674003469084927	false	1.0
dumm	off 1.0		neg 0.46771663803589564 off 0.46666485363256277 __DUMMY__ 0.06561850833154159	false	0.5
arbeitsloser	neg 1.0		neg 0.4803147944416588 off 0.4527243380546411 __DUMMY__ 0.06696086750370014	false	1.0
blitzen	neg 1.0		neg 0.47493192252061883 off 0.4585593792984967 __DUMMY__ 0.06650869818088431	false	1.0
hilflos	neg 1.0		neg 0.4814976108913605 off 0.4518866104197448 __DUMMY__ 0.06661577868889473	false	1.0
eklig	off 1.0		neg 0.4693276139363822 off 0.4654308723416865 __DUMMY__ 0.06524151372193115	false	0.5
begriff			neg 0.4793035598382793 off 0.4540030936906528 __DUMMY__ 0.06669334647106785	false	0.0
hungersnot	neg 1.0		neg 0.4820003801848848 off 0.45128221128811397 __DUMMY__ 0.06671740852700125	false	1.0
ungesetzlich	neg 1.0		neg 0.48066945775853015 off 0.45313545819486317 __DUMMY__ 0.0661950840466066	false	1.0
verschwendung	neg 1.0		neg 0.4834689085334393 off 0.4496566322774891 __DUMMY__ 0.06687445918907164	false	1.0
schmerzvoll	neg 1.0		neg 0.47752910146826016 off 0.45603735724114375 __DUMMY__ 0.06643354129059599	false	1.0
vorzeitig	neg 1.0		neg 0.47713486997956267 off 0.4565972389423618 __DUMMY__ 0.06626789107807547	false	1.0
unvollkommenheit	neg 1.0		neg 0.478777757003818 off 0.45397973911324 __DUMMY__ 0.06724250388294198	false	1.0
intervenieren	neg 1.0		neg 0.484628180958802 off 0.4486233023157694 __DUMMY__ 0.06674851672542846	false	1.0
banause	off 1.0		neg 0.46786583628117634 off 0.4672276273981407 __DUMMY__ 0.06490653632068302	false	0.5
rebell	neg 1.0		neg 0.4867618328707512 off 0.4460956942232815 __DUMMY__ 0.06714247290596723	false	1.0
unlogisch	neg 1.0		neg 0.4716740163237988 off 0.4624968750345727 __DUMMY__ 0.06582910864162839	false	1.0
leiden	neg 1.0		neg 0.4823687937966059 off 0.45039932888239925 __DUMMY__ 0.06723187732099481	false	1.0
abschaffung	neg 1.0		neg 0.4787873189487447 off 0.4546421611532522 __DUMMY__ 0.06657051989800321	false	1.0
sturz	neg 1.0		neg 0.4777258394358509 off 0.4554896665026825 __DUMMY__ 0.06678449406146658	false	1.0
verkleinerung	neg 1.0		neg 0.4778807139392832 off 0.4560107620653821 __DUMMY__ 0.06610852399533457	false	1.0
schmarotzer	off 1.0		neg 0.48237655465268275 off 0.4511531173610098 __DUMMY__ 0.06647032798630739	false	0.5
bestrafung	neg 1.0		neg 0.4780667224785199 off 0.4554206038733351 __DUMMY__ 0.06651267364814488	false	1.0
achtlos	neg 1.0	neg 1.0	neg 0.725793866685645 off 0.24239336055661884 __DUMMY__ 0.03181277275773603	false	1.0
ungeheuer	neg 1.0		neg 0.47584972110232254 off 0.45763112447500326 __DUMMY__ 0.06651915442267424	false	1.0
unaufrichtig	neg 1.0		neg 0.47334413852649615 off 0.4598852512286072 __DUMMY__ 0.06677061024489668	false	1.0
groggy	neg 1.0		neg 0.47572003928012646 off 0.457845546183853 __DUMMY__ 0.06643441453602071	false	1.0
