unsolidarisch	neg 1.0		neg 0.48150864324135184 off 0.45220831735311035 __DUMMY__ 0.06628303940553772	false	1.0
nachteilig	neg 1.0		neg 0.48336462062453484 off 0.44973999459190506 __DUMMY__ 0.0668953847835602	false	1.0
skeptisch	neg 1.0		neg 0.4836716137767993 off 0.4493555537151986 __DUMMY__ 0.06697283250800219	false	1.0
schrecklich	neg 1.0		neg 0.4692561284206251 off 0.464732773719309 __DUMMY__ 0.06601109786006579	false	1.0
schlapp	neg 1.0		neg 0.47273969517058956 off 0.46092226085032584 __DUMMY__ 0.06633804397908472	false	1.0
abfall	neg 1.0		neg 0.48641339652318627 off 0.4462664905483012 __DUMMY__ 0.06732011292851255	false	1.0
widerspenstig	neg 1.0		neg 0.4781787958847394 off 0.45515822089833513 __DUMMY__ 0.06666298321692547	false	1.0
abrupt	neg 1.0		neg 0.48210081337391336 off 0.45086222916688645 __DUMMY__ 0.0670369574592001	false	1.0
unwirksam	neg 1.0		neg 0.48198412111233546 off 0.451831381134528 __DUMMY__ 0.06618449775313666	false	1.0
angreifen	neg 1.0		neg 0.48505728334478015 off 0.4481488847644216 __DUMMY__ 0.06679383189079827	false	1.0
inkonsistent	neg 1.0		neg 0.47991618456125335 off 0.45383534372818046 __DUMMY__ 0.06624847171056622	false	1.0
abrutschen	neg 1.0		neg 0.48703706689576853 off 0.44583955108865075 __DUMMY__ 0.0671233820155808	false	1.0
unsicher	neg 1.0		neg 0.47734946181563015 off 0.45577681501773576 __DUMMY__ 0.06687372316663406	false	1.0
bauernkind	off 1.0	off 1.0	off 0.7152731723252803 neg 0.25390230559365146 __DUMMY__ 0.030824522081068187	false	1.0
angreifer	neg 1.0	neg 1.0	neg 0.7242879024192319 off 0.24393162988790223 __DUMMY__ 0.0317804676928659	false	1.0
trennen	neg 1.0		neg 0.4825661942323607 off 0.45022171432080804 __DUMMY__ 0.06721209144683128	false	1.0
schmutz	neg 1.0		neg 0.4752688181781784 off 0.4578974111266249 __DUMMY__ 0.0668337706951967	false	1.0
inkonsistenz	neg 1.0		neg 0.4768825392712913 off 0.4573670188513047 __DUMMY__ 0.06575044187740414	false	1.0
erschreckend	neg 1.0		neg 0.4802222978522387 off 0.4531842964005435 __DUMMY__ 0.06659340574721778	false	1.0
ertrinken	neg 1.0		neg 0.4842171755646758 off 0.4489618076968305 __DUMMY__ 0.0668210167384937	false	1.0
pickelface	off 1.0		neg 0.4795230326428539 off 0.45373746803704973 __DUMMY__ 0.06673949932009629	false	0.5
seiner			neg 0.4831705168232389 off 0.4498461130676671 __DUMMY__ 0.06698337010909404	false	0.0
lauch	neg 1.0		neg 0.4856541712951751 off 0.4471241059673908 __DUMMY__ 0.06722172273743421	false	1.0
unwichtig	neg 1.0		neg 0.4748441509421842 off 0.45901510053955075 __DUMMY__ 0.06614074851826504	false	1.0
steuerhinterziehung	neg 1.0	neg 1.0	neg 0.7277818217245008 off 0.2404681859860399 __DUMMY__ 0.031749992289459336	false	1.0
schock	neg 1.0		neg 0.47954379772834604 off 0.4537253713020773 __DUMMY__ 0.06673083096957662	false	1.0
beule	neg 1.0		neg 0.4733750337168192 off 0.4605879816430625 __DUMMY__ 0.0660369846401183	false	1.0
vergelten	neg 1.0		neg 0.4686793158736505 off 0.4649429588232886 __DUMMY__ 0.06637772530306088	false	1.0
verdorbenheit	neg 1.0		neg 0.4750678785785921 off 0.45788895213611414 __DUMMY__ 0.06704316928529382	false	1.0
trauma	neg 1.0		neg 0.47786481573094586 off 0.45555707078090973 __DUMMY__ 0.06657811348814437	false	1.0
sinnlos	neg 1.0		neg 0.4764336379480107 off 0.4570598436801454 __DUMMY__ 0.06650651837184392	false	1.0
fettsack	off 1.0	off 1.0	off 0.7168789941280765 neg 0.25215454714804936 __DUMMY__ 0.030966458723874105	false	1.0
feige	off 1.0	off 1.0	off 0.7144789702143898 neg 0.2541769677815535 __DUMMY__ 0.03134406200405674	false	1.0
abdanken	neg 1.0		neg 0.48033262631822815 off 0.45308320301359545 __DUMMY__ 0.06658417066817633	false	1.0
wichtigtuer	off 1.0	off 1.0	off 0.7136527056414144 neg 0.2548054798378288 __DUMMY__ 0.031541814520756765	false	1.0
misslingen	neg 1.0		neg 0.4729128915354334 off 0.45968800251568825 __DUMMY__ 0.06739910594887831	false	1.0
untreu	off 1.0		neg 0.47397020813017404 off 0.45986874930746235 __DUMMY__ 0.06616104256236353	false	0.5
missmutig	neg 1.0		neg 0.47374975279525217 off 0.4599036260973053 __DUMMY__ 0.06634662110744263	false	1.0
hurenbock	off 1.0		neg 0.4761877072267251 off 0.4572095475200751 __DUMMY__ 0.06660274525319987	false	0.5
betrunken	neg 1.0		neg 0.47144094704892653 off 0.46238954090129264 __DUMMY__ 0.06616951204978075	false	1.0
korrupt	off 1.0		neg 0.4843203622199687 off 0.449325588852289 __DUMMY__ 0.06635404892774233	false	0.5
unmut	neg 1.0		neg 0.48620725544163923 off 0.44656208816423343 __DUMMY__ 0.06723065639412724	false	1.0
hackfresse	off 1.0		off 0.46735485502886787 neg 0.4670965561258656 __DUMMY__ 0.06554858884526657	false	1.0
aufblasen	neg 1.0		neg 0.47635884366068787 off 0.45704482035670585 __DUMMY__ 0.06659633598260627	false	1.0
gewaltsam	neg 1.0		neg 0.4802411191107571 off 0.4530026345784196 __DUMMY__ 0.06675624631082333	false	1.0
unbeliebtheit	neg 1.0		neg 0.4778962291481547 off 0.45621156652036443 __DUMMY__ 0.06589220433148082	false	1.0
sturheit	neg 1.0		neg 0.48154840963250894 off 0.45191435340202724 __DUMMY__ 0.06653723696546383	false	1.0
kuh	neg 1.0		neg 0.4803592346353397 off 0.4538150179076793 __DUMMY__ 0.06582574745698111	false	1.0
erschrecken	neg 1.0		neg 0.4736212663484487 off 0.45993689715428526 __DUMMY__ 0.06644183649726597	false	1.0
opfer	neg 1.0		neg 0.4823246170834897 off 0.4507952521784267 __DUMMY__ 0.06688013073808351	false	1.0
sinken	neg 1.0		neg 0.4859496227530077 off 0.446915327958337 __DUMMY__ 0.06713504928865541	false	1.0
stinktier	neg 1.0		neg 0.4745767061270892 off 0.46036931839142614 __DUMMY__ 0.06505397548148455	false	1.0
tucke	off 1.0		neg 0.468234457748995 off 0.4666352654337513 __DUMMY__ 0.06513027681725382	false	0.5
ein			neg 0.4774683900421674 off 0.45594381893515745 __DUMMY__ 0.06658779102267513	false	0.0
abstieg	neg 1.0		neg 0.4841357329921694 off 0.4490187508448924 __DUMMY__ 0.06684551616293813	false	1.0
missverstehen	neg 1.0		neg 0.4772290332933909 off 0.45657024664413265 __DUMMY__ 0.06620072006247639	false	1.0
ergebnislos	neg 1.0		neg 0.48302015088050637 off 0.44990979593569974 __DUMMY__ 0.06707005318379392	false	1.0
unter			neg 0.48836093183319823 off 0.44370989405290245 __DUMMY__ 0.06792917411389922	false	0.0
manipulieren	neg 1.0		neg 0.4839991180030784 off 0.4489828191526986 __DUMMY__ 0.067018062844223	false	1.0
unbewiesen	neg 1.0		neg 0.4822636066916331 off 0.45156044048815913 __DUMMY__ 0.06617595282020779	false	1.0
verschleppen	neg 1.0		neg 0.48325401039175897 off 0.450066101850856 __DUMMY__ 0.06667988775738497	false	1.0
weib	off 1.0		neg 0.47029427010331715 off 0.46477998762742806 __DUMMY__ 0.06492574226925467	false	0.5
opposition	neg 1.0		neg 0.47855762643589944 off 0.45511986277106614 __DUMMY__ 0.06632251079303451	false	1.0
verkehrswidrig	neg 1.0		off 0.4670991708138031 neg 0.4664406520510064 __DUMMY__ 0.06646017713519047	false	0.5
inkorrekt	neg 1.0		neg 0.47230532743356174 off 0.4619692971563778 __DUMMY__ 0.0657253754100604	false	1.0
vermeiden	neg 1.0	neg 1.0	neg 0.7293659085072156 off 0.2383484671563739 __DUMMY__ 0.032285624336410454	false	1.0
abweichung	neg 1.0		neg 0.4821642375636465 off 0.4509292521076393 __DUMMY__ 0.06690651032871411	false	1.0
alkoholisiert	neg 1.0		neg 0.481293672054995 off 0.4515111517810394 __DUMMY__ 0.06719517616396545	false	1.0
scheiss	off 1.0	off 1.0	off 0.715662819603817 neg 0.2528790408591579 __DUMMY__ 0.031458139537025157	false	1.0
herausforderung	neg 1.0		neg 0.48292954774355695 off 0.4499853766274186 __DUMMY__ 0.0670850756290243	false	1.0
pervers	off 1.0		off 0.4699557760876947 neg 0.46490586949385365 __DUMMY__ 0.06513835441845155	false	1.0
wackelig	neg 1.0		neg 0.4775196681622851 off 0.4552340650203005 __DUMMY__ 0.06724626681741439	false	1.0
verwickeln	neg 1.0		neg 0.47779831468352824 off 0.45596402832711824 __DUMMY__ 0.06623765698935366	false	1.0
vorwand	neg 1.0		neg 0.4846514151262294 off 0.4484051816333404 __DUMMY__ 0.06694340324043029	false	1.0
muschi	off 1.0		neg 0.4794184072942939 off 0.4538548111733202 __DUMMY__ 0.06672678153238583	false	0.5
entmutigung	neg 1.0		neg 0.4788188404536866 off 0.4547832288174932 __DUMMY__ 0.06639793072882022	false	1.0
unangemessen	neg 1.0		neg 0.48223328707170093 off 0.45129255107666727 __DUMMY__ 0.0664741618516319	false	1.0
unstetig	neg 1.0		neg 0.4753623394440953 off 0.45809285326679033 __DUMMY__ 0.06654480728911427	false	1.0
entmutigen	neg 1.0		neg 0.47794196026086416 off 0.45550267645782916 __DUMMY__ 0.06655536328130669	false	1.0
schwanz	neg 1.0		neg 0.4820598140640543 off 0.45107806820689217 __DUMMY__ 0.06686211772905344	false	1.0
verbot	neg 1.0		neg 0.4828784668799988 off 0.4504581974225228 __DUMMY__ 0.06666333569747834	false	1.0
leid	neg 1.0		neg 0.46912575314427574 off 0.46520268949867627 __DUMMY__ 0.06567155735704808	false	1.0
archaisch	neg 1.0		neg 0.48075112860092 off 0.4526077055272587 __DUMMY__ 0.0666411658718213	false	1.0
gegen			neg 0.4853971454691666 off 0.44739230052024415 __DUMMY__ 0.0672105540105891	false	0.0
scheidung	neg 1.0		off 0.4767708001514663 neg 0.457911072697853 __DUMMY__ 0.06531812715068051	false	0.5
einschlag	neg 1.0		neg 0.47108374041554407 off 0.462897449286106 __DUMMY__ 0.06601881029834995	false	1.0
m			neg 0.47994065814458703 off 0.45308664304940227 __DUMMY__ 0.06697269880601052	false	0.0
abgestanden	neg 1.0		neg 0.4792050245921137 off 0.4544061544439474 __DUMMY__ 0.06638882096393893	false	1.0
schmierig	off 1.0		neg 0.4690653525129599 off 0.46508518858619 __DUMMY__ 0.06584945890085	false	0.5
unpraktisch	neg 1.0		neg 0.47659434681629115 off 0.456804923773469 __DUMMY__ 0.06660072941023991	false	1.0
wixxer	off 1.0		off 0.4688522777672478 neg 0.4662504911191478 __DUMMY__ 0.06489723111360436	false	1.0
bezeichnet			neg 0.4808019192632335 off 0.4528754847259262 __DUMMY__ 0.06632259601084022	false	0.0
jammerlappen	off 1.0		neg 0.4732762485210977 off 0.4603519811600465 __DUMMY__ 0.06637177031885592	false	0.5
farce	neg 1.0		neg 0.48281802020195774 off 0.4507281666124328 __DUMMY__ 0.0664538131856095	false	1.0
zwecklos	neg 1.0		neg 0.48217548110265207 off 0.45126221911105424 __DUMMY__ 0.06656229978629362	false	1.0
turbulent	neg 1.0		neg 0.4750790228683284 off 0.45914707152133133 __DUMMY__ 0.06577390561034042	false	1.0
invasion	neg 1.0		neg 0.47689693768725594 off 0.4566285088629534 __DUMMY__ 0.06647455344979052	false	1.0
schuld	neg 1.0		neg 0.47903242194899487 off 0.4546075447069102 __DUMMY__ 0.06636003334409497	false	1.0
risiko	neg 1.0	neg 1.0	neg 0.7242852558635708 off 0.2438539336071932 __DUMMY__ 0.031860810529235936	false	1.0
finster	neg 1.0		neg 0.4786983384164982 off 0.4549872413528694 __DUMMY__ 0.06631442023063257	false	1.0
geisteskrank	off 1.0		neg 0.47469907629145613 off 0.45953916194802824 __DUMMY__ 0.06576176176051553	false	0.5
zusammenbrechen	neg 1.0		neg 0.4805437452680156 off 0.45267954744916894 __DUMMY__ 0.06677670728281548	false	1.0
ausbeute	neg 1.0		neg 0.4755476384961658 off 0.45660415222235273 __DUMMY__ 0.06784820928148147	false	1.0
hinterhalt	neg 1.0		neg 0.4767971334640965 off 0.455901116327681 __DUMMY__ 0.06730175020822249	false	1.0
kritik	neg 1.0		neg 0.4833250323364182 off 0.4502521696504097 __DUMMY__ 0.06642279801317208	false	1.0
einschrumpfen	neg 1.0		neg 0.47626793571549464 off 0.4576018383319037 __DUMMY__ 0.06613022595260167	false	1.0
riskant	neg 1.0		neg 0.4840837061348468 off 0.44912699050033117 __DUMMY__ 0.06678930336482207	false	1.0
frustrieren	neg 1.0		neg 0.4826543568171102 off 0.450537976722397 __DUMMY__ 0.06680766646049288	false	1.0
groll	neg 1.0		neg 0.4828614691216622 off 0.4505767206220817 __DUMMY__ 0.066561810256256	false	1.0
gibt			neg 0.4798702814679849 off 0.4532679180303214 __DUMMY__ 0.06686180050169375	false	0.0
qualvoll	neg 1.0		neg 0.475690939562251 off 0.45789803946156277 __DUMMY__ 0.06641102097618616	false	1.0
wackeln	neg 1.0		neg 0.4764351522113 off 0.45676309298797385 __DUMMY__ 0.06680175480072618	false	1.0
klagen	neg 1.0		neg 0.4863276031299664 off 0.4466213226911391 __DUMMY__ 0.06705107417889446	false	1.0
bankrott	neg 1.0		neg 0.47311727661872355 off 0.46035933124060935 __DUMMY__ 0.06652339214066709	false	1.0
trauern	neg 1.0		neg 0.48187023507917537 off 0.4510831702666353 __DUMMY__ 0.06704659465418936	false	1.0
ablehnung	neg 1.0		neg 0.48297934501803197 off 0.450492158905257 __DUMMY__ 0.06652849607671096	false	1.0
stur	neg 1.0		neg 0.47848069992648107 off 0.4551216258612089 __DUMMY__ 0.06639767421231	false	1.0
aufruhr	neg 1.0		neg 0.4805283993968993 off 0.4528353643097082 __DUMMY__ 0.06663623629339248	false	1.0
melancholie	neg 1.0		neg 0.4821798958353195 off 0.4510306473620471 __DUMMY__ 0.06678945680263347	false	1.0
ist			neg 0.47656089448310235 off 0.4569022843531167 __DUMMY__ 0.06653682116378096	false	0.0
torheit	neg 1.0		neg 0.4790105175379889 off 0.4544479429103382 __DUMMY__ 0.06654153955167308	false	1.0
dreckskind	off 1.0		neg 0.4707509180055398 off 0.464017873909739 __DUMMY__ 0.0652312080847211	false	0.5
umtauschen	neg 1.0		neg 0.4782322165500953 off 0.4550134202159808 __DUMMY__ 0.06675436323392389	false	1.0
zum			neg 0.48367571532436504 off 0.44840524187738395 __DUMMY__ 0.06791904279825102	false	0.0
zersetzen	neg 1.0		neg 0.4854505027676157 off 0.4477863677862814 __DUMMY__ 0.06676312944610291	false	1.0
zur			neg 0.48623055707662277 off 0.4460802538701977 __DUMMY__ 0.06768918905317955	false	0.0
frust	neg 1.0		neg 0.4804480714818728 off 0.4527510555781381 __DUMMY__ 0.06680087293998917	false	1.0
unerbittlichkeit	neg 1.0		neg 0.48479403274277044 off 0.4483354093161397 __DUMMY__ 0.06687055794108984	false	1.0
zwei			neg 0.48297412824409525 off 0.4492440533059337 __DUMMY__ 0.06778181844997097	false	0.0
unkorrekt	neg 1.0		neg 0.4708192999168704 off 0.46316742219525486 __DUMMY__ 0.06601327788787474	false	1.0
hexe	off 1.0		neg 0.4775603796449517 off 0.4567826534987727 __DUMMY__ 0.06565696685627559	false	0.5
lasch	neg 1.0		neg 0.4767125691652785 off 0.45721101730310804 __DUMMY__ 0.06607641353161349	false	1.0
rivale	neg 1.0		neg 0.47259599244229644 off 0.46145243158791777 __DUMMY__ 0.06595157596978575	false	1.0
mutlos	off 1.0	off 1.0	off 0.7094987292594392 neg 0.2587248447384853 __DUMMY__ 0.03177642600207545	false	1.0
wirr	off 1.0		neg 0.4722175654411208 off 0.46214898171960195 __DUMMY__ 0.06563345283927728	false	0.5
jahr			neg 0.4778892662852744 off 0.4541227036030807 __DUMMY__ 0.06798803011164503	false	0.0
wird			neg 0.481706571897543 off 0.451463944817848 __DUMMY__ 0.06682948328460893	false	0.0
strafbar	neg 1.0		neg 0.4830418626505437 off 0.4501110599546731 __DUMMY__ 0.06684707739478316	false	1.0
erosion	neg 1.0		neg 0.47711534472899947 off 0.4560109122018059 __DUMMY__ 0.06687374306919479	false	1.0
eingehen	neg 1.0		neg 0.48337430200238785 off 0.44987270589943984 __DUMMY__ 0.0667529920981722	false	1.0
faul	off 1.0		neg 0.47360683601806197 off 0.4599476556221206 __DUMMY__ 0.06644550835981744	false	0.5
provisorium	neg 1.0		neg 0.48602352909744484 off 0.44583471543131287 __DUMMY__ 0.06814175547124235	false	1.0
schmerzen	neg 1.0		neg 0.4810195144297979 off 0.45248696005216243 __DUMMY__ 0.06649352551803973	false	1.0
schrumpfen	neg 1.0		neg 0.48882270196572775 off 0.4439511942823276 __DUMMY__ 0.06722610375194464	false	1.0
geistlos	off 1.0		neg 0.478837125022355 off 0.45514293731706623 __DUMMY__ 0.06601993766057888	false	0.5
fehlkauf	neg 1.0		neg 0.4771077138217649 off 0.4564017027031811 __DUMMY__ 0.06649058347505392	false	1.0
frustrierend	neg 1.0		neg 0.474492896675606 off 0.4591073536532102 __DUMMY__ 0.06639974967118376	false	1.0
unzufrieden	neg 1.0		neg 0.48224775558334504 off 0.45113608310628595 __DUMMY__ 0.06661616131036907	false	1.0
verzweifeln	neg 1.0		neg 0.47998299126023053 off 0.45334759362336025 __DUMMY__ 0.06666941511640934	false	1.0
verzweifelt	neg 1.0	neg 1.0	neg 0.7260923117299797 off 0.24236503941396317 __DUMMY__ 0.03154264885605706	false	1.0
misstrauensantrag	neg 1.0		neg 0.4765704862768366 off 0.4569500941288183 __DUMMY__ 0.06647941959434493	false	1.0
abfallen	neg 1.0		neg 0.47640737378822073 off 0.4568125935503372 __DUMMY__ 0.06678003266144208	false	1.0
fucker	off 1.0		neg 0.4708895789312913 off 0.46299709178941567 __DUMMY__ 0.066113329279293	false	0.5
ungezogen	neg 1.0		off 0.4691251411960786 neg 0.465649427831488 __DUMMY__ 0.06522543097243344	false	0.5
irrsinnig	neg 1.0	neg 1.0	neg 0.7256581603684218 off 0.24273160519333545 __DUMMY__ 0.031610234438242873	false	1.0
unfassbar	neg 1.0		neg 0.4721489809260923 off 0.4615715873618017 __DUMMY__ 0.06627943171210587	false	1.0
hart	neg 1.0		neg 0.47394202474293057 off 0.4599560743113967 __DUMMY__ 0.06610190094567264	false	1.0
widerlich	off 1.0		neg 0.47351439578792703 off 0.460550614876528 __DUMMY__ 0.06593498933554495	false	0.5
fatal	neg 1.0		neg 0.4766162296046036 off 0.45692705801278183 __DUMMY__ 0.06645671238261452	false	1.0
bruch	neg 1.0		neg 0.48560354632366526 off 0.44731190096374823 __DUMMY__ 0.06708455271258663	false	1.0
aushungern	neg 1.0		neg 0.4809871770127722 off 0.45225242971268736 __DUMMY__ 0.06676039327454047	false	1.0
anspannung	neg 1.0		neg 0.48574290980307777 off 0.44663713901455654 __DUMMY__ 0.06761995118236558	false	1.0
von			neg 0.4769786400868317 off 0.45489323305632623 __DUMMY__ 0.06812812685684201	false	0.0
kraftlos	neg 1.0		neg 0.4805919849979782 off 0.4525304162923132 __DUMMY__ 0.06687759870970843	false	1.0
vom			neg 0.4849404530438573 off 0.44685780084446963 __DUMMY__ 0.06820174611167314	false	0.0
grenzdebil	off 1.0		neg 0.47177729340303665 off 0.4619650372770273 __DUMMY__ 0.06625766931993601	false	0.5
vor			neg 0.4830980849474227 off 0.44958650424061225 __DUMMY__ 0.06731541081196514	false	0.0
unterwerfen	neg 1.0		neg 0.4829818560491577 off 0.4502249379353802 __DUMMY__ 0.06679320601546208	false	1.0
versenkung	neg 1.0		neg 0.4808110855735681 off 0.45208931366399646 __DUMMY__ 0.06709960076243546	false	1.0
entziehen	neg 1.0		neg 0.48518934401819885 off 0.44770475416206745 __DUMMY__ 0.06710590181973387	false	1.0
finanzkrise	neg 1.0		neg 0.48286083104935124 off 0.450850364348192 __DUMMY__ 0.06628880460245695	false	1.0
schimpfend	neg 1.0		neg 0.47685980067028755 off 0.45668203128425916 __DUMMY__ 0.06645816804545321	false	1.0
profan	neg 1.0		neg 0.47665671652287095 off 0.45700632249642065 __DUMMY__ 0.06633696098070836	false	1.0
korruption	neg 1.0		neg 0.4835648534280163 off 0.4498231130457292 __DUMMY__ 0.0666120335262546	false	1.0
â			neg 0.4801736289089914 off 0.45277404851768377 __DUMMY__ 0.06705232257332479	false	0.0
schmutzig	neg 1.0		neg 0.47123623680944243 off 0.4625139273731647 __DUMMY__ 0.066249835817393	false	1.0
sexy	neg 1.0		neg 0.47425032447891213 off 0.45923728821243237 __DUMMY__ 0.0665123873086555	false	1.0
abraten	neg 1.0		neg 0.4755856386629987 off 0.4577808655595572 __DUMMY__ 0.06663349577744414	false	1.0
schwarz	neg 1.0		neg 0.4774968577687086 off 0.45602840823226093 __DUMMY__ 0.06647473399903049	false	1.0
fotze	off 1.0	off 1.0	off 0.7115598680111184 neg 0.2565528519240731 __DUMMY__ 0.03188728006480852	false	1.0
verwirren	neg 1.0		neg 0.4758231170681049 off 0.4578025816126204 __DUMMY__ 0.06637430131927465	false	1.0
zahnlos	off 1.0		neg 0.48115888928800565 off 0.4522274320796741 __DUMMY__ 0.06661367863232043	false	0.5
verheeren	neg 1.0		off 0.4705864605262048 neg 0.464210868877208 __DUMMY__ 0.06520267059658715	false	0.5
hippie	neg 1.0		neg 0.47486675274127704 off 0.45863178267825694 __DUMMY__ 0.06650146458046594	false	1.0
rammen	neg 1.0		neg 0.48081172677555806 off 0.4531911003183041 __DUMMY__ 0.06599717290613788	false	1.0
unlauter	neg 1.0		neg 0.4799693231494101 off 0.45379372033655424 __DUMMY__ 0.06623695651403569	false	1.0
unheilvoll	neg 1.0		neg 0.477277213479032 off 0.45628542603035005 __DUMMY__ 0.0664373604906179	false	1.0
niedrig	neg 1.0		neg 0.48506764273434383 off 0.44824013415622527 __DUMMY__ 0.06669222310943079	false	1.0
explosion	neg 1.0		neg 0.4757242548025575 off 0.45780657298266597 __DUMMY__ 0.0664691722147766	false	1.0
weichei	off 1.0	off 1.0	off 0.718305963826714 neg 0.25051968891753096 __DUMMY__ 0.031174347255755113	false	1.0
minusmensch	off 1.0		neg 0.4701016121277826 off 0.46502600661594196 __DUMMY__ 0.06487238125627541	false	0.5
farblos	neg 1.0		neg 0.47884216739067925 off 0.45447535814603246 __DUMMY__ 0.06668247446328811	false	1.0
unwissend	neg 1.0	neg 1.0	neg 0.7233415024513739 off 0.2451706403839825 __DUMMY__ 0.0314878571646436	false	1.0
traurig	neg 1.0		neg 0.46957610200272415 off 0.464295757428675 __DUMMY__ 0.06612814056860092	false	1.0
senkung	neg 1.0		neg 0.4781362940995381 off 0.45573899394508366 __DUMMY__ 0.06612471195537811	false	1.0
ungleich	neg 1.0	neg 1.0	neg 0.7286249819765911 off 0.23952221759788667 __DUMMY__ 0.03185280042552228	false	1.0
heikel	neg 1.0		neg 0.4838915895168696 off 0.44928938869895574 __DUMMY__ 0.06681902178417469	false	1.0
drosselung	neg 1.0		neg 0.47306291417023694 off 0.46084368332932313 __DUMMY__ 0.06609340250043995	false	1.0
falsch	neg 1.0		neg 0.4748026326617629 off 0.4588949717277487 __DUMMY__ 0.06630239561048834	false	1.0
unzufriedenheit	neg 1.0		neg 0.48504712934335853 off 0.44797473398181015 __DUMMY__ 0.06697813667483135	false	1.0
kurz	neg 1.0		neg 0.47761353196313716 off 0.4552670602405512 __DUMMY__ 0.0671194077963115	false	1.0
unsinnig	neg 1.0		neg 0.48104546298327194 off 0.4523826688188831 __DUMMY__ 0.06657186819784483	false	1.0
penner	off 1.0	off 1.0	off 0.7191697046038262 neg 0.24970125974501353 __DUMMY__ 0.03112903565116015	false	1.0
seicht	neg 1.0		off 0.4684523885930757 neg 0.4663111296515019 __DUMMY__ 0.06523648175542247	false	0.5
dummheit	off 1.0	off 1.0	off 0.7134224835829289 neg 0.2551143437326529 __DUMMY__ 0.03146317268441806	false	1.0
unerfreulich	neg 1.0		neg 0.48353659219747913 off 0.4494189952976502 __DUMMY__ 0.06704441250487059	false	1.0
motherfucker	off 1.0	off 1.0	off 0.7164977951597173 neg 0.25205797277295955 __DUMMY__ 0.03144423206732308	false	1.0
pikiert	neg 1.0		neg 0.47457176720614236 off 0.4594756103309188 __DUMMY__ 0.06595262246293894	false	1.0
wrack	neg 1.0		neg 0.4800722861870869 off 0.4530116860789041 __DUMMY__ 0.06691602773400895	false	1.0
gangster	neg 1.0		neg 0.47499329668665025 off 0.4585371324757016 __DUMMY__ 0.0664695708376482	false	1.0
krank	neg 1.0		neg 0.471258517404153 off 0.4624175979201322 __DUMMY__ 0.06632388467571472	false	1.0
reich	neg 1.0		neg 0.47283025288499114 off 0.4608069015256313 __DUMMY__ 0.06636284558937763	false	1.0
gnadenlos	neg 1.0		neg 0.47882511954394147 off 0.45479460169389047 __DUMMY__ 0.06638027876216816	false	1.0
niedergeschlagen	neg 1.0		neg 0.4794410467713866 off 0.4537254649037555 __DUMMY__ 0.06683348832485778	false	1.0
terrorisieren	off 1.0	off 1.0	off 0.7104967366501919 neg 0.2575839362521229 __DUMMY__ 0.03191932709768518	false	1.0
sinnlosigkeit	neg 1.0		neg 0.48149283168027424 off 0.4518412919924893 __DUMMY__ 0.06666587632723654	false	1.0
behindern	neg 1.0		neg 0.47945516135783933 off 0.4538517314187542 __DUMMY__ 0.06669310722340664	false	1.0
undemokratisch	neg 1.0		neg 0.47866990315755253 off 0.4548646931373849 __DUMMY__ 0.06646540370506251	false	1.0
wirtschaftskrise	neg 1.0		neg 0.48445883182301275 off 0.44902510852185556 __DUMMY__ 0.06651605965513166	false	1.0
neid	neg 1.0		neg 0.47246123184169175 off 0.46087272205295793 __DUMMY__ 0.06666604610535039	false	1.0
rutschen	neg 1.0		neg 0.48342403022402247 off 0.44882881921571766 __DUMMY__ 0.06774715056025978	false	1.0
rezession	neg 1.0		neg 0.4753048681301171 off 0.45947011472136784 __DUMMY__ 0.06522501714851504	false	1.0
fehlgeburt	neg 1.0		neg 0.4755313515596866 off 0.45776325733541734 __DUMMY__ 0.06670539110489596	false	1.0
charakterschwach	off 1.0		neg 0.47363521077730864 off 0.46040361150302245 __DUMMY__ 0.06596117771966896	false	0.5
isolation	neg 1.0		neg 0.47468188740684936 off 0.45888904693084304 __DUMMY__ 0.06642906566230768	false	1.0
ablenkung	neg 1.0		neg 0.47736848717689734 off 0.45581694046039145 __DUMMY__ 0.0668145723627111	false	1.0
pech	neg 1.0		neg 0.4745024420322952 off 0.4590965543868705 __DUMMY__ 0.0664010035808342	false	1.0
vermeidung	neg 1.0		neg 0.47252715990213773 off 0.46132456961567453 __DUMMY__ 0.06614827048218762	false	1.0
dominieren	neg 1.0		neg 0.48325499027523483 off 0.4499439093110281 __DUMMY__ 0.06680110041373713	false	1.0
schwindlig	neg 1.0		neg 0.4751524448348556 off 0.4581998539660819 __DUMMY__ 0.06664770119906244	false	1.0
lutscher	neg 1.0	neg 1.0	neg 0.7185092216386187 off 0.2504605354471098 __DUMMY__ 0.03103024291427148	false	1.0
pflicht	neg 1.0		neg 0.48494733787968536 off 0.44813272982997965 __DUMMY__ 0.06691993229033506	false	1.0
faschist	off 1.0		neg 0.47577020282395466 off 0.4578715565227796 __DUMMY__ 0.06635824065326575	false	0.5
verschleudern	neg 1.0		neg 0.4845087417234298 off 0.4487318792323137 __DUMMY__ 0.06675937904425651	false	1.0
wenn			neg 0.4747503104787009 off 0.458961328627938 __DUMMY__ 0.06628836089336106	false	0.0
ehebruch	neg 1.0		neg 0.4825573417457629 off 0.4506781081095291 __DUMMY__ 0.06676455014470807	false	1.0
spott	off 1.0		neg 0.4836601741438371 off 0.44963420901589446 __DUMMY__ 0.06670561684026842	false	0.5
trostlosigkeit	neg 1.0		neg 0.48502290077510557 off 0.44793927010477713 __DUMMY__ 0.06703782912011737	false	1.0
lutschen	neg 1.0		neg 0.47686020771902043 off 0.4570411627573051 __DUMMY__ 0.06609862952367436	false	1.0
undiszipliniert	neg 1.0		neg 0.47102358911268294 off 0.46295673120710046 __DUMMY__ 0.06601967968021656	false	1.0
kopfschmerz	neg 1.0		neg 0.48260356822788286 off 0.45091761642616396 __DUMMY__ 0.0664788153459532	false	1.0
unvorhergesehen	neg 1.0		neg 0.4800371785832483 off 0.4525284554042298 __DUMMY__ 0.06743436601252205	false	1.0
desinteressiert	neg 1.0	neg 1.0	neg 0.7221293002334648 off 0.24647064366378654 __DUMMY__ 0.0314000561027487	false	1.0
armselig	off 1.0		neg 0.4721666470469882 off 0.4621130371877014 __DUMMY__ 0.06572031576531046	false	0.5
desaster	neg 1.0		neg 0.4863707163958597 off 0.44653082729505766 __DUMMY__ 0.06709845630908258	false	1.0
tod	neg 1.0		neg 0.4803980511731682 off 0.45257944445244913 __DUMMY__ 0.0670225043743827	false	1.0
herzlos	neg 1.0		neg 0.4711316536592257 off 0.4629838830616441 __DUMMY__ 0.06588446327913006	false	1.0
unwissenheit	neg 1.0		neg 0.4823236378816841 off 0.45105962520365656 __DUMMY__ 0.06661673691465929	false	1.0
widersinnig	neg 1.0		neg 0.4839187672729771 off 0.449717169618143 __DUMMY__ 0.06636406310887993	false	1.0
bedenklich	neg 1.0		neg 0.48299030154907735 off 0.4503042073459697 __DUMMY__ 0.06670549110495287	false	1.0
beanstanden	neg 1.0		neg 0.4848924675833007 off 0.448105394938121 __DUMMY__ 0.06700213747857818	false	1.0
panisch	neg 1.0	neg 1.0	neg 0.7232026195673169 off 0.2449583246484787 __DUMMY__ 0.03183905578420429	false	1.0
debil	off 1.0		neg 0.4881561194537223 off 0.4441830629281839 __DUMMY__ 0.06766081761809378	false	0.5
abstrich	neg 1.0		neg 0.47596078894549904 off 0.4568151208308078 __DUMMY__ 0.0672240902236932	false	1.0
primitiv	neg 1.0		neg 0.4733851603200704 off 0.4607029023052944 __DUMMY__ 0.06591193737463528	false	1.0
abschaum	off 1.0	off 1.0	off 0.715170879295788 neg 0.25337414319579465 __DUMMY__ 0.031454977508417296	false	1.0
provozieren	neg 1.0		neg 0.47977059788825444 off 0.45395824315286964 __DUMMY__ 0.06627115895887588	false	1.0
tot	neg 1.0		neg 0.4814414506647398 off 0.4517929607318909 __DUMMY__ 0.06676558860336916	false	1.0
instabil	neg 1.0		neg 0.47267475426081207 off 0.461557626337176 __DUMMY__ 0.0657676194020118	false	1.0
schwuchtel	off 1.0	off 1.0	off 0.7214521839510596 neg 0.24780013459032882 __DUMMY__ 0.030747681458611557	false	1.0
zerren	neg 1.0		neg 0.4805675909361308 off 0.4526396715604243 __DUMMY__ 0.06679273750344504	false	1.0
kinderficker	off 1.0		neg 0.46814251151768477 off 0.46609596546512955 __DUMMY__ 0.06576152301718564	false	0.5
gefahr	neg 1.0		neg 0.4841285251874779 off 0.448718208630167 __DUMMY__ 0.06715326618235504	false	1.0
rabiat	neg 1.0		neg 0.47851579651522563 off 0.4548471257997679 __DUMMY__ 0.06663707768500643	false	1.0
verlangsamung	neg 1.0		neg 0.4703603379366551 off 0.46454133008216963 __DUMMY__ 0.06509833198117539	false	1.0
ausgestorben	neg 1.0		neg 0.4781853699685744 off 0.455058938684412 __DUMMY__ 0.0667556913470136	false	1.0
anklagen	neg 1.0		neg 0.48255250798849436 off 0.45073806309238634 __DUMMY__ 0.06670942891911928	false	1.0
trott	neg 1.0		neg 0.4788768101640438 off 0.45441574664830603 __DUMMY__ 0.0667074431876502	false	1.0
verminderung	neg 1.0		neg 0.47230990546393314 off 0.461597464404962 __DUMMY__ 0.06609263013110483	false	1.0
nach			neg 0.48405787717224097 off 0.4480354879471739 __DUMMY__ 0.06790663488058506	false	0.0
rost	neg 1.0		neg 0.46830906562709645 off 0.46605149618294034 __DUMMY__ 0.06563943818996333	false	1.0
destruktiv	neg 1.0		neg 0.4800696321200802 off 0.4534504470097192 __DUMMY__ 0.06647992087020048	false	1.0
unzumutbarkeit	neg 1.0		neg 0.4726731786658302 off 0.46100169322448353 __DUMMY__ 0.0663251281096862	false	1.0
labil	off 1.0	off 1.0	off 0.714954872659079 neg 0.25351928909825616 __DUMMY__ 0.03152583824266482	false	1.0
ziemlich	neg 1.0		neg 0.47142852088275256 off 0.4621595377321643 __DUMMY__ 0.06641194138508315	false	1.0
lachnummer	off 1.0		neg 0.479736411861027 off 0.4538634212846366 __DUMMY__ 0.06640016685433651	false	0.5
oder			neg 0.4765638187916791 off 0.4566735355930903 __DUMMY__ 0.06676264561523054	false	0.0
verfall	neg 1.0		neg 0.4880814279308147 off 0.4445928559072004 __DUMMY__ 0.0673257161619848	false	1.0
ausgrenzung	neg 1.0		neg 0.47811383617869063 off 0.4554662829685118 __DUMMY__ 0.06641988085279764	false	1.0
unordnung	neg 1.0		neg 0.46909416345643523 off 0.46457733845758187 __DUMMY__ 0.06632849808598287	false	1.0
fehlverhalten	neg 1.0		neg 0.48549588234500485 off 0.44779342604594646 __DUMMY__ 0.06671069160904859	false	1.0
eine			neg 0.48255647848352634 off 0.45018438041400344 __DUMMY__ 0.06725914110247029	false	0.0
nille	neg 1.0		neg 0.47862862627658587 off 0.45459967011989205 __DUMMY__ 0.06677170360352214	false	1.0
qual	neg 1.0		neg 0.4791672671793065 off 0.4540825953113279 __DUMMY__ 0.06675013750936562	false	1.0
verschwenden	neg 1.0		neg 0.4837205804129262 off 0.4495589016525618 __DUMMY__ 0.06672051793451193	false	1.0
riesig	neg 1.0		neg 0.48112591739777244 off 0.45186739336996534 __DUMMY__ 0.06700668923226209	false	1.0
verurteilen	neg 1.0		neg 0.48358432986428895 off 0.4499584356114734 __DUMMY__ 0.06645723452423766	false	1.0
klischee	neg 1.0	neg 1.0	neg 0.7244732972713941 off 0.24404530029727664 __DUMMY__ 0.03148140243132935	false	1.0
diktatorisch	neg 1.0		neg 0.4789742067922231 off 0.45464424098650386 __DUMMY__ 0.06638155222127297	false	1.0
vorhersehbar	neg 1.0		neg 0.4772002767338451 off 0.45665068310361717 __DUMMY__ 0.06614904016253766	false	1.0
sowie			neg 0.47076422208000646 off 0.46373037934631134 __DUMMY__ 0.0655053985736822	false	0.0
stornieren	neg 1.0		neg 0.4727324731737068 off 0.46016022706633747 __DUMMY__ 0.06710729975995575	false	1.0
besteuerung	neg 1.0		neg 0.4811202533909135 off 0.4527483464070345 __DUMMY__ 0.06613140020205191	false	1.0
ungeschminkt	neg 1.0		neg 0.4754199301876959 off 0.4589234164715943 __DUMMY__ 0.06565665334070989	false	1.0
kritisch	neg 1.0		neg 0.48291692078561055 off 0.45030446331057944 __DUMMY__ 0.06677861590380994	false	1.0
schlamperei	off 1.0		neg 0.48321936870487175 off 0.44975895842971897 __DUMMY__ 0.06702167286540918	false	0.5
sucht	neg 1.0	neg 1.0	neg 0.7228212600529785 off 0.24506426524987654 __DUMMY__ 0.03211447469714496	false	1.0
egoistisch	off 1.0		neg 0.4691178853856166 off 0.46532242075084373 __DUMMY__ 0.06555969386353966	false	0.5
ausbeuter	off 1.0		neg 0.486200826192502 off 0.4471944029046627 __DUMMY__ 0.06660477090283526	false	0.5
arschgeburt	off 1.0		off 0.4703045262465707 neg 0.46512911518639555 __DUMMY__ 0.06456635856703372	false	1.0
schubs	neg 1.0		neg 0.479661311354091 off 0.45346684380993224 __DUMMY__ 0.0668718448359767	false	1.0
unsolide	neg 1.0		neg 0.47939232206631377 off 0.4544409582347577 __DUMMY__ 0.06616671969892837	false	1.0
beschwerde	neg 1.0		neg 0.484155765200572 off 0.4491310625168189 __DUMMY__ 0.0667131722826091	false	1.0
stocken	neg 1.0		neg 0.48342962459430283 off 0.44965545480504265 __DUMMY__ 0.06691492060065447	false	1.0
isolieren	neg 1.0		neg 0.4824239084455414 off 0.45083641808460545 __DUMMY__ 0.06673967346985314	false	1.0
unheilbar	neg 1.0		neg 0.4785457059336512 off 0.45485515827480105 __DUMMY__ 0.06659913579154776	false	1.0
pisser	off 1.0		neg 0.4733332396545421 off 0.46101164519752785 __DUMMY__ 0.06565511514793006	false	0.5
löschen	neg 1.0		neg 0.47860620315454877 off 0.4547103697961027 __DUMMY__ 0.06668342704934865	false	1.0
durchfallen	neg 1.0		neg 0.48319286531689304 off 0.45022180737659 __DUMMY__ 0.06658532730651694	false	1.0
wichser	off 1.0	off 1.0	off 0.7208093821672876 neg 0.24819213179336677 __DUMMY__ 0.030998486039345526	false	1.0
terror	neg 1.0		neg 0.47492684332770274 off 0.45853783077313487 __DUMMY__ 0.06653532589916225	false	1.0
krass	neg 1.0		neg 0.4702004908773259 off 0.4639496739070368 __DUMMY__ 0.06584983521563724	false	1.0
revolte	neg 1.0		neg 0.4775761570411862 off 0.4560263447404435 __DUMMY__ 0.06639749821837025	false	1.0
besorgt	neg 1.0		neg 0.47748081785732677 off 0.45530903635360354 __DUMMY__ 0.06721014578906956	false	1.0
nachlassen	neg 1.0		neg 0.4824983513903005 off 0.45045208474692633 __DUMMY__ 0.06704956386277323	false	1.0
alt	neg 1.0		neg 0.48212655787485137 off 0.45122995789164316 __DUMMY__ 0.06664348423350537	false	1.0
hundesohn	off 1.0		off 0.4681693279701057 neg 0.46673397853156817 __DUMMY__ 0.06509669349832622	false	1.0
als			neg 0.4798498586203557 off 0.4532454847338034 __DUMMY__ 0.06690465664584103	false	0.0
abschreckung	neg 1.0		neg 0.4854571125652139 off 0.44757332272616873 __DUMMY__ 0.06696956470861731	false	1.0
unqualifiziert	neg 1.0		neg 0.47654523731378085 off 0.45738666801375494 __DUMMY__ 0.06606809467246412	false	1.0
abgewichst	off 1.0		neg 0.47866054029252675 off 0.454443316288238 __DUMMY__ 0.0668961434192353	false	0.5
schwer	neg 1.0		neg 0.47965959591163587 off 0.45373666764897513 __DUMMY__ 0.06660373643938892	false	1.0
bedeutungslosigkeit	neg 1.0		neg 0.4844364694474878 off 0.4486650840977518 __DUMMY__ 0.06689844645476054	false	1.0
kapitulation	neg 1.0		neg 0.48300514372495845 off 0.45015308875861654 __DUMMY__ 0.06684176751642498	false	1.0
unscharf	neg 1.0		neg 0.47732743145280504 off 0.4564312409022371 __DUMMY__ 0.06624132764495798	false	1.0
schwinden	neg 1.0		neg 0.4850813612373405 off 0.44805027028417665 __DUMMY__ 0.06686836847848296	false	1.0
versklavung	neg 1.0		neg 0.47892835890041224 off 0.45459445943299154 __DUMMY__ 0.06647718166659622	false	1.0
schlecht	neg 1.0		neg 0.47147846555777173 off 0.46214322899674126 __DUMMY__ 0.06637830544548709	false	1.0
verhasst	neg 1.0		neg 0.4800523158800482 off 0.4538385386464741 __DUMMY__ 0.0661091454734777	false	1.0
beschweren	neg 1.0		neg 0.47662744952646213 off 0.45687097372351415 __DUMMY__ 0.0665015767500237	false	1.0
scheiden	neg 1.0		neg 0.47708365201339664 off 0.4560335068005029 __DUMMY__ 0.06688284118610051	false	1.0
frustriert	neg 1.0		neg 0.48111564867928475 off 0.4523030705725874 __DUMMY__ 0.06658128074812789	false	1.0
schimmelig	neg 1.0		neg 0.48461902153071906 off 0.4490598934028014 __DUMMY__ 0.06632108506647949	false	1.0
fisch	neg 1.0		neg 0.4860452640795187 off 0.44724075232283805 __DUMMY__ 0.06671398359764324	false	1.0
schmuggel	neg 1.0		neg 0.48362018060065387 off 0.44945959662696217 __DUMMY__ 0.06692022277238392	false	1.0
auffallen	neg 1.0		neg 0.4757183263444463 off 0.45782111518962104 __DUMMY__ 0.06646055846593268	false	1.0
konkurrenz	neg 1.0		neg 0.48569670425030154 off 0.44729275109878514 __DUMMY__ 0.06701054465091343	false	1.0
teufelskreis	neg 1.0	neg 1.0	neg 0.7269907554108423 off 0.24140614155543788 __DUMMY__ 0.031603103033719736	false	1.0
aufschreien	neg 1.0		neg 0.47707439059866447 off 0.45668336066660054 __DUMMY__ 0.06624224873473507	false	1.0
schuldner	neg 1.0		neg 0.48697412301135806 off 0.4463919679033822 __DUMMY__ 0.06663390908525965	false	1.0
missgeburt	off 1.0	off 1.0	off 0.717962890237486 neg 0.2509938868742275 __DUMMY__ 0.031043222888286395	false	1.0
arbeitslos	neg 1.0		neg 0.4826017097287854 off 0.45079493788839725 __DUMMY__ 0.0666033523828173	false	1.0
befallen	neg 1.0		neg 0.48300405946830655 off 0.4506376603295977 __DUMMY__ 0.06635828020209589	false	1.0
miesepetrig	off 1.0	off 1.0	off 0.7160365096614935 neg 0.25239277558550205 __DUMMY__ 0.03157071475300449	false	1.0
alarmieren	neg 1.0		neg 0.4764060817924077 off 0.45755239667875625 __DUMMY__ 0.06604152152883619	false	1.0
ungeduscht	off 1.0		neg 0.4761677037688292 off 0.4578023137282201 __DUMMY__ 0.06602998250295057	false	0.5
knappheit	neg 1.0		neg 0.4848101480496962 off 0.44879598631900547 __DUMMY__ 0.06639386563129834	false	1.0
schlange	neg 1.0		neg 0.4746051576626148 off 0.45848579321927324 __DUMMY__ 0.06690904911811191	false	1.0
harsch	neg 1.0		neg 0.4676656551214685 off 0.46626820232302996 __DUMMY__ 0.06606614255550163	false	1.0
lang	neg 1.0		neg 0.47738317051903845 off 0.4559377735801559 __DUMMY__ 0.06667905590080553	false	1.0
ziellos	neg 1.0		neg 0.480624684375099 off 0.45231755256911343 __DUMMY__ 0.06705776305578767	false	1.0
selbstverliebt	neg 1.0		off 0.46953904874928587 neg 0.4654893311262184 __DUMMY__ 0.06497162012449567	false	0.5
beseitigen	neg 1.0		neg 0.4802522963183471 off 0.45300766899080375 __DUMMY__ 0.06674003469084917	false	1.0
dumm	off 1.0		neg 0.4677166380358959 off 0.4666648536325623 __DUMMY__ 0.06561850833154169	false	0.5
arbeitsloser	neg 1.0		neg 0.48031479444165887 off 0.452724338054641 __DUMMY__ 0.06696086750370013	false	1.0
blitzen	neg 1.0		neg 0.4749319225206187 off 0.4585593792984968 __DUMMY__ 0.06650869818088435	false	1.0
hilflos	neg 1.0		neg 0.4814976108913602 off 0.4518866104197451 __DUMMY__ 0.06661577868889476	false	1.0
eklig	off 1.0		neg 0.4693276139363826 off 0.4654308723416863 __DUMMY__ 0.06524151372193117	false	0.5
begriff			neg 0.4793035598382799 off 0.4540030936906522 __DUMMY__ 0.06669334647106791	false	0.0
hungersnot	neg 1.0		neg 0.48200038018488517 off 0.45128221128811363 __DUMMY__ 0.06671740852700117	false	1.0
ungesetzlich	neg 1.0		neg 0.48066945775853026 off 0.4531354581948631 __DUMMY__ 0.06619508404660666	false	1.0
verschwendung	neg 1.0		neg 0.4834689085334395 off 0.4496566322774889 __DUMMY__ 0.06687445918907166	false	1.0
schmerzvoll	neg 1.0		neg 0.4775291014682601 off 0.456037357241144 __DUMMY__ 0.06643354129059593	false	1.0
vorzeitig	neg 1.0		neg 0.47713486997956256 off 0.456597238942362 __DUMMY__ 0.06626789107807558	false	1.0
unvollkommenheit	neg 1.0		neg 0.4787777570038182 off 0.4539797391132399 __DUMMY__ 0.06724250388294192	false	1.0
intervenieren	neg 1.0		neg 0.48462818095880267 off 0.4486233023157691 __DUMMY__ 0.06674851672542842	false	1.0
banause	off 1.0		neg 0.46786583628117634 off 0.46722762739814055 __DUMMY__ 0.06490653632068306	false	0.5
rebell	neg 1.0		neg 0.48676183287075153 off 0.44609569422328105 __DUMMY__ 0.06714247290596737	false	1.0
unlogisch	neg 1.0		neg 0.4716740163237995 off 0.46249687503457215 __DUMMY__ 0.06582910864162841	false	1.0
leiden	neg 1.0		neg 0.4823687937966061 off 0.45039932888239903 __DUMMY__ 0.06723187732099485	false	1.0
abschaffung	neg 1.0		neg 0.47878731894874493 off 0.4546421611532518 __DUMMY__ 0.06657051989800329	false	1.0
sturz	neg 1.0		neg 0.4777258394358508 off 0.45548966650268263 __DUMMY__ 0.06678449406146655	false	1.0
verkleinerung	neg 1.0		neg 0.4778807139392835 off 0.4560107620653819 __DUMMY__ 0.06610852399533454	false	1.0
schmarotzer	off 1.0		neg 0.4823765546526831 off 0.45115311736100927 __DUMMY__ 0.06647032798630757	false	0.5
bestrafung	neg 1.0		neg 0.4780667224785197 off 0.4554206038733352 __DUMMY__ 0.06651267364814495	false	1.0
achtlos	neg 1.0	neg 1.0	neg 0.7257938666856449 off 0.24239336055661892 __DUMMY__ 0.03181277275773609	false	1.0
ungeheuer	neg 1.0		neg 0.47584972110232293 off 0.4576311244750028 __DUMMY__ 0.06651915442267423	false	1.0
unaufrichtig	neg 1.0		neg 0.4733441385264961 off 0.4598852512286072 __DUMMY__ 0.06677061024489661	false	1.0
groggy	neg 1.0		neg 0.4757200392801265 off 0.4578455461838529 __DUMMY__ 0.06643441453602061	false	1.0
