unsolidarisch	neg 1.0		neg 0.4947794309762322 off 0.46470940346088685 __DUMMY__ 0.040511165562880924	false	1.0
nachteilig	neg 1.0		neg 0.4967626009179971 off 0.46235091147360774 __DUMMY__ 0.04088648760839504	false	1.0
skeptisch	neg 1.0		neg 0.4970862491895329 off 0.46197946807794166 __DUMMY__ 0.040934282732525355	false	1.0
schrecklich	neg 1.0		neg 0.48242301921586106 off 0.47723263779423464 __DUMMY__ 0.040344342989904323	false	1.0
schlapp	neg 1.0		neg 0.48598147015279547 off 0.47347387926681556 __DUMMY__ 0.04054465058038901	false	1.0
abfall	neg 1.0		neg 0.49990737672021873 off 0.45894568081207227 __DUMMY__ 0.041146942467709044	false	1.0
widerspenstig	neg 1.0		neg 0.49150700705087474 off 0.46774909484499094 __DUMMY__ 0.040743898104134306	false	1.0
abrupt	neg 1.0		neg 0.4955191629276186 off 0.4635080431934595 __DUMMY__ 0.04097279387892181	false	1.0
unwirksam	neg 1.0		neg 0.4952305503334618 off 0.46431893462637736 __DUMMY__ 0.04045051504016077	false	1.0
angreifen	neg 1.0		neg 0.4984408975307988 off 0.46073452650637353 __DUMMY__ 0.04082457596282786	false	1.0
inkonsistent	neg 1.0		neg 0.49316567648024806 off 0.46634479529552425 __DUMMY__ 0.040489528224227675	false	1.0
abrutschen	neg 1.0		neg 0.5004924920321139 off 0.45848094861810684 __DUMMY__ 0.041026559349779446	false	1.0
unsicher	neg 1.0		neg 0.4907207128160347 off 0.4684058607804039 __DUMMY__ 0.04087342640356147	false	1.0
bauernkind	off 1.0	off 1.0	off 0.7211063144059072 neg 0.26007361735978285 __DUMMY__ 0.018820068234309928	false	1.0
angreifer	neg 1.0	neg 1.0	neg 0.7306574284592047 off 0.24993801066243518 __DUMMY__ 0.019404560878360122	false	1.0
trennen	neg 1.0		neg 0.49602202914741444 off 0.46289717397903035 __DUMMY__ 0.0410807968735553	false	1.0
schmutz	neg 1.0		neg 0.48862447989399826 off 0.47052756215841046 __DUMMY__ 0.04084795794759116	false	1.0
inkonsistenz	neg 1.0		neg 0.4900267912860918 off 0.46978870841789366 __DUMMY__ 0.0401845002960146	false	1.0
erschreckend	neg 1.0		neg 0.4935480490945217 off 0.4657502473334848 __DUMMY__ 0.04070170357199336	false	1.0
ertrinken	neg 1.0		neg 0.49760088337583314 off 0.4615580891086577 __DUMMY__ 0.04084102751550926	false	1.0
pickelface	off 1.0		neg 0.4928756122729427 off 0.4663334785929531 __DUMMY__ 0.040790909134104276	false	0.5
seiner			neg 0.4965846474239583 off 0.4624746333472673 __DUMMY__ 0.04094071922877433	false	0.0
lauch	neg 1.0		neg 0.49912313594146157 off 0.4597903047574093 __DUMMY__ 0.041086559301128964	false	1.0
unwichtig	neg 1.0		neg 0.48805817851277133 off 0.47151780861956927 __DUMMY__ 0.0404240128676594	false	1.0
steuerhinterziehung	neg 1.0	neg 1.0	neg 0.7341477994024497 off 0.2464662322615498 __DUMMY__ 0.019385968336000543	false	1.0
schock	neg 1.0		neg 0.49289242753552287 off 0.46632189816403435 __DUMMY__ 0.04078567430044269	false	1.0
beule	neg 1.0		neg 0.48655786279567603 off 0.47308218872187385 __DUMMY__ 0.040359948482450156	false	1.0
vergelten	neg 1.0		neg 0.4819243307178424 off 0.47750715539213484 __DUMMY__ 0.040568513890022646	false	1.0
verdorbenheit	neg 1.0		neg 0.4884612807422772 off 0.4705617917353304 __DUMMY__ 0.04097692752239232	false	1.0
trauma	neg 1.0		neg 0.4911770359689733 off 0.4681306369452269 __DUMMY__ 0.04069232708579981	false	1.0
sinnlos	neg 1.0		neg 0.48972725055864835 off 0.4696244224030858 __DUMMY__ 0.04064832703826579	false	1.0
fettsack	off 1.0	off 1.0	off 0.7227383665849376 neg 0.2583547421007986 __DUMMY__ 0.018906891314263707	false	1.0
feige	off 1.0	off 1.0	off 0.7204049957270974 neg 0.2604571065639536 __DUMMY__ 0.019137897708948984	false	1.0
abdanken	neg 1.0		neg 0.4936618412219964 off 0.4656425133147377 __DUMMY__ 0.0406956454632659	false	1.0
wichtigtuer	off 1.0	off 1.0	off 0.719615022569722 neg 0.2611261668894824 __DUMMY__ 0.019258810540795524	false	1.0
misslingen	neg 1.0		neg 0.48637568820719884 off 0.4724295690581613 __DUMMY__ 0.04119474273463972	false	1.0
untreu	off 1.0		neg 0.4871841248973732 off 0.47237946874459585 __DUMMY__ 0.04043640635803106	false	0.5
missmutig	neg 1.0		neg 0.487000471017749 off 0.47244956016905065 __DUMMY__ 0.04054996881320036	false	1.0
hurenbock	off 1.0		neg 0.48949802097033335 off 0.4697954885611564 __DUMMY__ 0.040706490468510194	false	0.5
betrunken	neg 1.0		neg 0.4846451950007859 off 0.47491344011063297 __DUMMY__ 0.04044136488858111	false	1.0
korrupt	off 1.0		neg 0.49761494548379426 off 0.4618302993843405 __DUMMY__ 0.04055475513186533	false	0.5
unmut	neg 1.0		neg 0.49968433414369806 off 0.4592233864998223 __DUMMY__ 0.04109227935647956	false	1.0
hackfresse	off 1.0		neg 0.48016201986203094 off 0.4797772928345446 __DUMMY__ 0.040060687303424394	false	0.5
aufblasen	neg 1.0		neg 0.48966804935362734 off 0.46962876221588506 __DUMMY__ 0.040703188430487654	false	1.0
gewaltsam	neg 1.0		neg 0.49360006021328723 off 0.4655989973930238 __DUMMY__ 0.0408009423936889	false	1.0
unbeliebtheit	neg 1.0		neg 0.49107304769628113 off 0.4686558643001055 __DUMMY__ 0.04027108800361341	false	1.0
sturheit	neg 1.0		neg 0.49486976118050335 off 0.4644630976680979 __DUMMY__ 0.04066714115139864	false	1.0
kuh	neg 1.0		neg 0.4935239388607922 off 0.46624583264742514 __DUMMY__ 0.040230228491782566	false	1.0
erschrecken	neg 1.0		neg 0.48689099976150174 off 0.472500453448358 __DUMMY__ 0.04060854679014018	false	1.0
opfer	neg 1.0		neg 0.4957168591007218 off 0.4634058051589471 __DUMMY__ 0.04087733574033114	false	1.0
sinken	neg 1.0		neg 0.49940471797114944 off 0.459562023443765 __DUMMY__ 0.04103325858508549	false	1.0
stinktier	neg 1.0		neg 0.4875670696973163 off 0.4726755700065903 __DUMMY__ 0.039757360296093405	false	1.0
tucke	off 1.0		neg 0.4812182180444881 off 0.4789779198473822 __DUMMY__ 0.039803862108129785	false	0.5
ein			neg 0.4907783492315654 off 0.46852393784220475 __DUMMY__ 0.04069771292622976	false	0.0
abstieg	neg 1.0		neg 0.4975274451106068 off 0.46161685952005777 __DUMMY__ 0.040855695369335476	false	1.0
missverstehen	neg 1.0		neg 0.4904646259385616 off 0.46907454953721717 __DUMMY__ 0.040460824524221346	false	1.0
ergebnislos	neg 1.0		neg 0.49645420657776607 off 0.46255227692809897 __DUMMY__ 0.040993516494134956	false	1.0
unter			neg 0.5019818712506157 off 0.4564977414051502 __DUMMY__ 0.04152038734423421	false	0.0
manipulieren	neg 1.0		neg 0.4974259720354409 off 0.4616122421978262 __DUMMY__ 0.040961785766732865	false	1.0
unbewiesen	neg 1.0		neg 0.4955155577432715 off 0.46403899557148304 __DUMMY__ 0.04044544668524536	false	1.0
verschleppen	neg 1.0		neg 0.49661104603947603 off 0.4626346910676198 __DUMMY__ 0.04075426289290413	false	1.0
weib	off 1.0		neg 0.4832445750389587 off 0.47707665793824383 __DUMMY__ 0.03967876702279738	false	0.5
opposition	neg 1.0		neg 0.491818745386042 off 0.4676460465340387 __DUMMY__ 0.04053520807991936	false	1.0
verkehrswidrig	neg 1.0		off 0.4796930678075439 neg 0.47968785361122546 __DUMMY__ 0.04061907858123073	false	0.5
inkorrekt	neg 1.0		neg 0.48543035725707273 off 0.4744005464710577 __DUMMY__ 0.04016909627186965	false	1.0
vermeiden	neg 1.0	neg 1.0	neg 0.7358387807923863 off 0.2444477868010175 __DUMMY__ 0.019713432406596156	false	1.0
abweichung	neg 1.0		neg 0.4955609631465876 off 0.463545918306559 __DUMMY__ 0.04089311854685327	false	1.0
alkoholisiert	neg 1.0		neg 0.49473788854406364 off 0.4641925635329038 __DUMMY__ 0.041069547923032655	false	1.0
scheiss	off 1.0	off 1.0	off 0.7216156930095258 neg 0.25917687843086373 __DUMMY__ 0.01920742855961049	false	1.0
herausforderung	neg 1.0		neg 0.4963632975719059 off 0.46263414231050937 __DUMMY__ 0.041002560117584574	false	1.0
pervers	off 1.0		off 0.482309228460328 neg 0.47788170312026984 __DUMMY__ 0.03980906841940226	false	1.0
wackelig	neg 1.0		neg 0.49096332848788077 off 0.4679350880837443 __DUMMY__ 0.04110158342837495	false	1.0
verwickeln	neg 1.0		neg 0.49104359308763856 off 0.4684729371568275 __DUMMY__ 0.04048346975553383	false	1.0
vorwand	neg 1.0		neg 0.4980642472962163 off 0.4610195465567669 __DUMMY__ 0.0409162061470169	false	1.0
muschi	off 1.0		neg 0.4927681493491396 off 0.46644865024581433 __DUMMY__ 0.040783200405045926	false	0.5
entmutigung	neg 1.0		neg 0.49210454415544774 off 0.4673141082303884 __DUMMY__ 0.04058134761416383	false	1.0
unangemessen	neg 1.0		neg 0.49554316037425145 off 0.46382830880204673 __DUMMY__ 0.040628530823702	false	1.0
unstetig	neg 1.0		neg 0.4886582955634228 off 0.4706707967154727 __DUMMY__ 0.040670907721104446	false	1.0
entmutigen	neg 1.0		neg 0.49125087383931443 off 0.46807104760683027 __DUMMY__ 0.04067807855385532	false	1.0
schwanz	neg 1.0		neg 0.49544366622090596 off 0.46369033341548677 __DUMMY__ 0.040866000363607165	false	1.0
verbot	neg 1.0		neg 0.49623161609330485 off 0.4630241191304575 __DUMMY__ 0.04074426477623757	false	1.0
leid	neg 1.0		neg 0.4822226465574089 off 0.47764126406264135 __DUMMY__ 0.04013608937994968	false	1.0
archaisch	neg 1.0		neg 0.49408834270110713 off 0.4651809153492713 __DUMMY__ 0.04073074194962152	false	1.0
gegen			neg 0.4988690049101727 off 0.4600511633074023 __DUMMY__ 0.041079831782425046	false	0.0
scheidung	neg 1.0		off 0.48917483975859904 neg 0.47090639158826 __DUMMY__ 0.03991876865314102	false	0.5
einschlag	neg 1.0		neg 0.48425962243941684 off 0.4753915475471763 __DUMMY__ 0.04034883001340687	false	1.0
m			neg 0.4933384572659352 off 0.4657273005012622 __DUMMY__ 0.04093424223280266	false	0.0
abgestanden	neg 1.0		neg 0.49247600330244257 off 0.4669485594046208 __DUMMY__ 0.040575437292936674	false	1.0
schmierig	off 1.0		neg 0.4821983737246316 off 0.4775564673702688 __DUMMY__ 0.04024515890509957	false	0.5
unpraktisch	neg 1.0		neg 0.48990312641408784 off 0.4693910587965726 __DUMMY__ 0.040705814789339545	false	1.0
wixxer	off 1.0		off 0.48115691717090897 neg 0.4791818182134161 __DUMMY__ 0.03966126461567497	false	1.0
bezeichnet			neg 0.4940752481614469 off 0.4653891365109153 __DUMMY__ 0.04053561532763767	false	0.0
jammerlappen	off 1.0		neg 0.48653190285765463 off 0.4729024610911108 __DUMMY__ 0.04056563605123468	false	0.5
farce	neg 1.0		neg 0.4961276067657167 off 0.4632566099481219 __DUMMY__ 0.040615783286161354	false	1.0
zwecklos	neg 1.0		neg 0.49550193844492346 off 0.4638154551909013 __DUMMY__ 0.040682606364175346	false	1.0
turbulent	neg 1.0		neg 0.4882189900231272 off 0.4715827656090642 __DUMMY__ 0.04019824436780851	false	1.0
invasion	neg 1.0		neg 0.4901843627511839 off 0.46918689874595404 __DUMMY__ 0.04062873850286215	false	1.0
schuld	neg 1.0		neg 0.49230626117053083 off 0.467135129637155 __DUMMY__ 0.040558609192314195	false	1.0
risiko	neg 1.0	neg 1.0	neg 0.730671031997453 off 0.24987535813081072 __DUMMY__ 0.01945360987173625	false	1.0
finster	neg 1.0		neg 0.4919536757526507 off 0.46751627089185516 __DUMMY__ 0.0405300533554941	false	1.0
geisteskrank	off 1.0		neg 0.48783699049613743 off 0.4719713437546786 __DUMMY__ 0.04019166574918406	false	0.5
zusammenbrechen	neg 1.0		neg 0.4939064752708868 off 0.46527949455673223 __DUMMY__ 0.040814030172380986	false	1.0
ausbeute	neg 1.0		neg 0.48910662639718777 off 0.4694232303033752 __DUMMY__ 0.041470143299437025	false	1.0
hinterhalt	neg 1.0		neg 0.4902529964709955 off 0.46861206796620347 __DUMMY__ 0.041134935562801005	false	1.0
kritik	neg 1.0		neg 0.49663026798970594 off 0.46277292311099383 __DUMMY__ 0.040596808899300146	false	1.0
einschrumpfen	neg 1.0		neg 0.4894856244850306 off 0.47009698489541196 __DUMMY__ 0.040417390619557486	false	1.0
riskant	neg 1.0		neg 0.49746189931410917 off 0.4617162858254962 __DUMMY__ 0.04082181486039454	false	1.0
frustrieren	neg 1.0		neg 0.4960315494452391 off 0.46313542304994354 __DUMMY__ 0.04083302750481751	false	1.0
groll	neg 1.0		neg 0.49619095169967636 off 0.4631268377976302 __DUMMY__ 0.04068221050269334	false	1.0
gibt			neg 0.49324887812002083 off 0.46588489945728445 __DUMMY__ 0.04086622242269476	false	0.0
qualvoll	neg 1.0		neg 0.48896090901437467 off 0.47044962629060355 __DUMMY__ 0.04058946469502184	false	1.0
wackeln	neg 1.0		neg 0.48978699585815016 off 0.4693838679831292 __DUMMY__ 0.0408291361587206	false	1.0
klagen	neg 1.0		neg 0.4997694078852335 off 0.4592485354223167 __DUMMY__ 0.04098205669244987	false	1.0
bankrott	neg 1.0		neg 0.4863994060231552 off 0.47294212377404465 __DUMMY__ 0.040658470202800084	false	1.0
trauern	neg 1.0		neg 0.4952944531977469 off 0.46372640048592445 __DUMMY__ 0.04097914631632861	false	1.0
ablehnung	neg 1.0		neg 0.4963053638045929 off 0.46303298861288233 __DUMMY__ 0.040661647582524794	false	1.0
stur	neg 1.0		neg 0.49175998885525296 off 0.46765838593866393 __DUMMY__ 0.04058162520608325	false	1.0
aufruhr	neg 1.0		neg 0.49386574352756774 off 0.4654067815316522 __DUMMY__ 0.04072747494078009	false	1.0
melancholie	neg 1.0		neg 0.495545723430379 off 0.4636329002389061 __DUMMY__ 0.04082137633071486	false	1.0
ist			neg 0.4898604058899986 off 0.46947269767549876 __DUMMY__ 0.04066689643450269	false	0.0
torheit	neg 1.0		neg 0.4923240898377954 off 0.46700646109832333 __DUMMY__ 0.04066944906388131	false	1.0
dreckskind	off 1.0		neg 0.48376554109401804 off 0.476368370063133 __DUMMY__ 0.03986608884284897	false	0.5
umtauschen	neg 1.0		neg 0.49157553684341515 off 0.46762459382408184 __DUMMY__ 0.04079986933250298	false	1.0
zum			neg 0.4972774637319572 off 0.46120855001770394 __DUMMY__ 0.04151398625033874	false	0.0
zersetzen	neg 1.0		neg 0.4988292205649952 off 0.4603651334487959 __DUMMY__ 0.04080564598620893	false	1.0
zur			neg 0.4997988646264656 off 0.45882792002626027 __DUMMY__ 0.04137321534727411	false	0.0
frust	neg 1.0		neg 0.4938162396011749 off 0.46535491615395197 __DUMMY__ 0.04082884424487327	false	1.0
unerbittlichkeit	neg 1.0		neg 0.4981925611536847 off 0.46093598230741634 __DUMMY__ 0.04087145653889887	false	1.0
zwei			neg 0.4965450025736694 off 0.46202507339135895 __DUMMY__ 0.04142992403497172	false	0.0
unkorrekt	neg 1.0		neg 0.48399589425648376 off 0.4756587058930326 __DUMMY__ 0.04034539985048373	false	1.0
hexe	off 1.0		neg 0.4906810728328367 off 0.4691920464603905 __DUMMY__ 0.04012688070677278	false	0.5
lasch	neg 1.0		neg 0.4899218447093989 off 0.46969365170696725 __DUMMY__ 0.040384503583633775	false	1.0
rivale	neg 1.0		neg 0.4857623645059134 off 0.473930069951145 __DUMMY__ 0.04030756554294152	false	1.0
mutlos	off 1.0	off 1.0	off 0.7155013634215236 neg 0.26509639511305055 __DUMMY__ 0.01940224146542584	false	1.0
wirr	off 1.0		neg 0.48531986999588417 off 0.4745676478686955 __DUMMY__ 0.040112482135420374	false	0.5
jahr			neg 0.4914855239864189 off 0.4669584266949477 __DUMMY__ 0.04155604931863348	false	0.0
wird			neg 0.49508319602344736 off 0.46407039359229235 __DUMMY__ 0.040846410384260186	false	0.0
strafbar	neg 1.0		neg 0.4964312976163616 off 0.4627116715345473 __DUMMY__ 0.040857030849090946	false	1.0
erosion	neg 1.0		neg 0.4904832687851579 off 0.4686433186459429 __DUMMY__ 0.040873412568899176	false	1.0
eingehen	neg 1.0		neg 0.4967430543268213 off 0.46245742586461674 __DUMMY__ 0.04079951980856189	false	1.0
faul	off 1.0		neg 0.48687389162107886 off 0.4725155342604206 __DUMMY__ 0.04061057411850051	false	0.5
provisorium	neg 1.0		neg 0.49967901679562604 off 0.45867034614566343 __DUMMY__ 0.04165063705871052	false	1.0
schmerzen	neg 1.0		neg 0.49431953160503367 off 0.46504051050428297 __DUMMY__ 0.04063995789068347	false	1.0
schrumpfen	neg 1.0		neg 0.5023069704791209 off 0.4566037332241625 __DUMMY__ 0.041089296296716614	false	1.0
geistlos	off 1.0		neg 0.4920446253419154 off 0.46760557873134373 __DUMMY__ 0.04034979592674081	false	0.5
fehlkauf	neg 1.0		neg 0.49040079363514494 off 0.46896074258496906 __DUMMY__ 0.040638463779886	false	1.0
frustrierend	neg 1.0		neg 0.48775751616456003 off 0.4716597126036937 __DUMMY__ 0.04058277123174623	false	1.0
unzufrieden	neg 1.0		neg 0.495585253933166 off 0.4636990924686788 __DUMMY__ 0.0407156535981552	false	1.0
verzweifeln	neg 1.0		neg 0.4933219822554663 off 0.4659297548420053 __DUMMY__ 0.0407482629025283	false	1.0
verzweifelt	neg 1.0	neg 1.0	neg 0.7324127236857123 off 0.24832793124019062 __DUMMY__ 0.01925934507409702	false	1.0
misstrauensantrag	neg 1.0		neg 0.48985640233210653 off 0.46951217457539246 __DUMMY__ 0.040631423092500916	false	1.0
abfallen	neg 1.0		neg 0.4897519625749389 off 0.46943229031546907 __DUMMY__ 0.04081574710959196	false	1.0
fucker	off 1.0		neg 0.48408539342557555 off 0.47550730333573643 __DUMMY__ 0.040407303238687936	false	0.5
ungezogen	neg 1.0		off 0.48149268744381185 neg 0.47864485259187955 __DUMMY__ 0.039862459964308754	false	0.5
irrsinnig	neg 1.0	neg 1.0	neg 0.73199232148088 off 0.24870702268687978 __DUMMY__ 0.019300655832240235	false	1.0
unfassbar	neg 1.0		neg 0.4853812972572264 off 0.47410973633847275 __DUMMY__ 0.04050896640430089	false	1.0
hart	neg 1.0		neg 0.48714481384755703 off 0.47245564724251665 __DUMMY__ 0.040399538909926265	false	1.0
widerlich	off 1.0		neg 0.4866822327992326 off 0.47301995526045604 __DUMMY__ 0.0402978119403114	false	0.5
fatal	neg 1.0		neg 0.4899004092993236 off 0.46948168207360536 __DUMMY__ 0.040617908627070945	false	1.0
bruch	neg 1.0		neg 0.4990503976722355 off 0.45994721284035583 __DUMMY__ 0.04100238948740867	false	1.0
aushungern	neg 1.0		neg 0.49435521192048726 off 0.4648410946843045 __DUMMY__ 0.04080369339520834	false	1.0
anspannung	neg 1.0		neg 0.49929400314207406 off 0.4593753466650518 __DUMMY__ 0.04133065019287407	false	1.0
von			neg 0.49060262273831684 off 0.46775564278225673 __DUMMY__ 0.04164173447942645	false	0.0
kraftlos	neg 1.0		neg 0.493973764522048 off 0.4651505448787548 __DUMMY__ 0.040875690599197205	false	1.0
vom			neg 0.4986030337088634 off 0.4597097076205526 __DUMMY__ 0.04168725867058391	false	0.0
grenzdebil	off 1.0		neg 0.48500325934351946 off 0.47450115686049493 __DUMMY__ 0.040495583795985696	false	0.5
vor			neg 0.4965789476028931 off 0.4622767543268878 __DUMMY__ 0.04114429807021911	false	0.0
unterwerfen	neg 1.0		neg 0.49635912586322645 off 0.4628168773818606 __DUMMY__ 0.04082399675491291	false	1.0
versenkung	neg 1.0		neg 0.4942431301475825 off 0.46474491976052157 __DUMMY__ 0.04101195009189601	false	1.0
entziehen	neg 1.0		neg 0.4986370130071469 off 0.4603471373488367 __DUMMY__ 0.04101584964401635	false	1.0
finanzkrise	neg 1.0		neg 0.4961344545715673 off 0.4633510268034228 __DUMMY__ 0.040514518625009904	false	1.0
schimpfend	neg 1.0		neg 0.4901398789322858 off 0.4692420160253187 __DUMMY__ 0.040618105042395575	false	1.0
profan	neg 1.0		neg 0.489915247679687 off 0.4695405125360952 __DUMMY__ 0.04054423978421774	false	1.0
korruption	neg 1.0		neg 0.4969088936857009 off 0.4623782950545572 __DUMMY__ 0.04071281125974191	false	1.0
â			neg 0.49358848997408244 off 0.4654284803815053 __DUMMY__ 0.04098302964441225	false	0.0
schmutzig	neg 1.0		neg 0.48445875798864524 off 0.47505049697093155 __DUMMY__ 0.040490745040423146	false	1.0
sexy	neg 1.0		neg 0.48753664651255774 off 0.4718113704496174 __DUMMY__ 0.0406519830378249	false	1.0
abraten	neg 1.0		neg 0.4889001136172727 off 0.47037392135654804 __DUMMY__ 0.040725965026179124	false	1.0
schwarz	neg 1.0		neg 0.4907872333909578 off 0.46858386465306473 __DUMMY__ 0.04062890195597729	false	1.0
fotze	off 1.0	off 1.0	off 0.7175862380257659 neg 0.26294384843914687 __DUMMY__ 0.019469913535087237	false	1.0
verwirren	neg 1.0		neg 0.4890874458874855 off 0.47034530930233953 __DUMMY__ 0.04056724481017502	false	1.0
zahnlos	off 1.0		neg 0.4944932784373335 off 0.46479260345591555 __DUMMY__ 0.04071411810675097	false	0.5
verheeren	neg 1.0		off 0.48295069497834187 neg 0.47720094002824337 __DUMMY__ 0.03984836499341467	false	0.5
hippie	neg 1.0		neg 0.4881536502560858 off 0.47120101857849583 __DUMMY__ 0.04064533116541823	false	1.0
rammen	neg 1.0		neg 0.49401172805964594 off 0.4656529316568668 __DUMMY__ 0.04033534028348718	false	1.0
unlauter	neg 1.0		neg 0.49322267516205803 off 0.46629471278842954 __DUMMY__ 0.040482612049512354	false	1.0
unheilvoll	neg 1.0		neg 0.4905560531395589 off 0.4688384992480992 __DUMMY__ 0.04060544761234171	false	1.0
niedrig	neg 1.0		neg 0.49842678089592707 off 0.4608116858271652 __DUMMY__ 0.04076153327690765	false	1.0
explosion	neg 1.0		neg 0.4890066266259109 off 0.47036801220172664 __DUMMY__ 0.04062536117236244	false	1.0
weichei	off 1.0	off 1.0	off 0.7242049988329726 neg 0.2567609865564646 __DUMMY__ 0.019034014610562727	false	1.0
minusmensch	off 1.0		neg 0.48304621668199765 off 0.47730772579482245 __DUMMY__ 0.03964605752317985	false	0.5
farblos	neg 1.0		neg 0.49217596478308 off 0.46706874035633983 __DUMMY__ 0.04075529486058009	false	1.0
unwissend	neg 1.0	neg 1.0	neg 0.7296490061278152 off 0.25112522405245363 __DUMMY__ 0.019225769819731207	false	1.0
traurig	neg 1.0		neg 0.4827683798160662 off 0.47681549721760313 __DUMMY__ 0.04041612296633074	false	1.0
senkung	neg 1.0		neg 0.49135657093785734 off 0.46822956658692366 __DUMMY__ 0.040413862475219005	false	1.0
ungleich	neg 1.0	neg 1.0	neg 0.7350111696933267 off 0.2455399271905137 __DUMMY__ 0.019448903116159672	false	1.0
heikel	neg 1.0		neg 0.49727557126552585 off 0.4618844523810619 __DUMMY__ 0.04083997635341214	false	1.0
drosselung	neg 1.0		neg 0.48625893476969784 off 0.473346572217266 __DUMMY__ 0.040394493013036124	false	1.0
falsch	neg 1.0		neg 0.4880483748089068 off 0.47142853308487503 __DUMMY__ 0.040523092106218205	false	1.0
unzufriedenheit	neg 1.0		neg 0.49846887983579796 off 0.460593647145458 __DUMMY__ 0.04093747301874401	false	1.0
kurz	neg 1.0		neg 0.491032580092289 off 0.4679434920725425 __DUMMY__ 0.04102392783516836	false	1.0
unsinnig	neg 1.0		neg 0.4943699717462391 off 0.46494160884295344 __DUMMY__ 0.040688419410807496	false	1.0
penner	off 1.0	off 1.0	off 0.7250599339939507 neg 0.2559337288161822 __DUMMY__ 0.01900633718986709	false	1.0
seicht	neg 1.0		off 0.48081627319875714 neg 0.47931437447171493 __DUMMY__ 0.039869352329528075	false	0.5
dummheit	off 1.0	off 1.0	off 0.7193702749324625 neg 0.2614189916849508 __DUMMY__ 0.019210733382586664	false	1.0
unerfreulich	neg 1.0		neg 0.4969636885561483 off 0.4620582784281097 __DUMMY__ 0.040978033015742134	false	1.0
motherfucker	off 1.0	off 1.0	off 0.7224436586206341 neg 0.2583572100115833 __DUMMY__ 0.019199131367782632	false	1.0
pikiert	neg 1.0		neg 0.4877471511351706 off 0.4719442514606502 __DUMMY__ 0.040308597404179115	false	1.0
wrack	neg 1.0		neg 0.4934598542359235 off 0.46564159629620194 __DUMMY__ 0.04089854946787466	false	1.0
gangster	neg 1.0		neg 0.4882736672394771 off 0.4711005787305523 __DUMMY__ 0.040625754029970575	false	1.0
krank	neg 1.0		neg 0.4844939076892921 off 0.47497008065010754 __DUMMY__ 0.040536011660600474	false	1.0
reich	neg 1.0		neg 0.48608322821603567 off 0.4733576410108624 __DUMMY__ 0.040559130773101824	false	1.0
gnadenlos	neg 1.0		neg 0.4921021870844621 off 0.46732677667123956 __DUMMY__ 0.04057103624429839	false	1.0
niedergeschlagen	neg 1.0		neg 0.49281047981081066 off 0.46634094399554854 __DUMMY__ 0.04084857619364088	false	1.0
terrorisieren	off 1.0	off 1.0	off 0.7165268257205467 neg 0.26398355811500446 __DUMMY__ 0.019489616164448813	false	1.0
sinnlosigkeit	neg 1.0		neg 0.49483745907660387 off 0.4644164682629386 __DUMMY__ 0.04074607266045749	false	1.0
behindern	neg 1.0		neg 0.4927944786161175 off 0.46644279218353596 __DUMMY__ 0.04076272920034651	false	1.0
undemokratisch	neg 1.0		neg 0.49196896716021354 off 0.46740818319853794 __DUMMY__ 0.04062284964124866	false	1.0
wirtschaftskrise	neg 1.0		neg 0.49778576533062646 off 0.4615603377107042 __DUMMY__ 0.040653896958669444	false	1.0
neid	neg 1.0		neg 0.48577117494392846 off 0.47348306556046343 __DUMMY__ 0.040745759495608005	false	1.0
rutschen	neg 1.0		neg 0.49698906111912 off 0.4616022570908011 __DUMMY__ 0.04140868179007882	false	1.0
rezession	neg 1.0		neg 0.4883349456117861 off 0.47180276779154423 __DUMMY__ 0.03986228659666954	false	1.0
fehlgeburt	neg 1.0		neg 0.4888619385689325 off 0.4703688503289466 __DUMMY__ 0.040769211102120936	false	1.0
charakterschwach	off 1.0		neg 0.4868104589949963 off 0.47287577168761846 __DUMMY__ 0.04031376931738529	false	0.5
isolation	neg 1.0		neg 0.48795149923868475 off 0.4714477782712623 __DUMMY__ 0.040600722490053025	false	1.0
ablenkung	neg 1.0		neg 0.49072681123175943 off 0.46843605129488697 __DUMMY__ 0.04083713747335363	false	1.0
pech	neg 1.0		neg 0.48776224669933876 off 0.4716546625200814 __DUMMY__ 0.0405830907805799	false	1.0
vermeidung	neg 1.0		neg 0.48573166350657954 off 0.47384002826979166 __DUMMY__ 0.040428308223628966	false	1.0
dominieren	neg 1.0		neg 0.49663235917651205 off 0.4625391987111943 __DUMMY__ 0.04082844211229359	false	1.0
schwindlig	neg 1.0		neg 0.4884641643181828 off 0.47080134963263237 __DUMMY__ 0.04073448604918478	false	1.0
lutscher	neg 1.0	neg 1.0	neg 0.724721526207468 off 0.2563326030801658 __DUMMY__ 0.018945870712366232	false	1.0
pflicht	neg 1.0		neg 0.4983566922410186 off 0.46074143561973047 __DUMMY__ 0.040901872139251	false	1.0
faschist	off 1.0		neg 0.4890380311153549 off 0.47040488462395186 __DUMMY__ 0.04055708426069312	false	0.5
verschleudern	neg 1.0		neg 0.4978840758705593 off 0.46131297976178315 __DUMMY__ 0.04080294436765758	false	1.0
wenn			neg 0.4879928476277399 off 0.4714926292646608 __DUMMY__ 0.040514523107599267	false	0.0
ehebruch	neg 1.0		neg 0.49592864788470103 off 0.4632650109482472 __DUMMY__ 0.04080634116705185	false	1.0
spott	off 1.0		neg 0.4970231452107632 off 0.4622065234006907 __DUMMY__ 0.04077033138854605	false	0.5
trostlosigkeit	neg 1.0		neg 0.49845583669736204 off 0.46057033206759723 __DUMMY__ 0.04097383123504086	false	1.0
lutschen	neg 1.0		neg 0.490073295310557 off 0.46952879981207396 __DUMMY__ 0.04039790487736897	false	1.0
undiszipliniert	neg 1.0		neg 0.4841980388147462 off 0.4754524216478882 __DUMMY__ 0.04034953953736545	false	1.0
kopfschmerz	neg 1.0		neg 0.4959061195194402 off 0.4634630912513109 __DUMMY__ 0.040630789229249044	false	1.0
unvorhergesehen	neg 1.0		neg 0.49352519986887694 off 0.46525816247538543 __DUMMY__ 0.041216637655737666	false	1.0
desinteressiert	neg 1.0	neg 1.0	neg 0.72841858135556 off 0.2524093471274525 __DUMMY__ 0.01917207151698743	false	1.0
armselig	off 1.0		neg 0.48528711469193836 off 0.474546665738601 __DUMMY__ 0.04016621956946057	false	0.5
desaster	neg 1.0		neg 0.49982257791688645 off 0.4591662524471348 __DUMMY__ 0.041011169635978756	false	1.0
tod	neg 1.0		neg 0.4938094731203673 off 0.4652267323964588 __DUMMY__ 0.040963794483173985	false	1.0
herzlos	neg 1.0		neg 0.48428015999230084 off 0.47545306689143385 __DUMMY__ 0.040266773116265274	false	1.0
unwissenheit	neg 1.0		neg 0.4956626695977434 off 0.4636214755249142 __DUMMY__ 0.040715854877342396	false	1.0
widersinnig	neg 1.0		neg 0.49721395775600563 off 0.46222520759214486 __DUMMY__ 0.04056083465184951	false	1.0
bedenklich	neg 1.0		neg 0.49634846425251344 off 0.46288113561586736 __DUMMY__ 0.040770400131619165	false	1.0
beanstanden	neg 1.0		neg 0.49831838015267205 off 0.4607294636272377 __DUMMY__ 0.04095215622009029	false	1.0
panisch	neg 1.0	neg 1.0	neg 0.7295798133213138 off 0.2509797736260656 __DUMMY__ 0.01944041305262054	false	1.0
debil	off 1.0		neg 0.5017212492283226 off 0.45692308262846654 __DUMMY__ 0.04135566814321083	false	0.5
abstrich	neg 1.0		neg 0.4893901680703272 off 0.46952294029679265 __DUMMY__ 0.041086891632880165	false	1.0
primitiv	neg 1.0		neg 0.48654822564578076 off 0.47316807732677957 __DUMMY__ 0.04028369702743959	false	1.0
abschaum	off 1.0	off 1.0	off 0.7211172043451912 neg 0.25967709738849415 __DUMMY__ 0.019205698266314658	false	1.0
provozieren	neg 1.0		neg 0.49302921663776267 off 0.4664666687441544 __DUMMY__ 0.040504114618083	false	1.0
tot	neg 1.0		neg 0.49480132492695006 off 0.46439247073253875 __DUMMY__ 0.04080620434051131	false	1.0
instabil	neg 1.0		neg 0.4858055012621249 off 0.4739999188019961 __DUMMY__ 0.04019457993587884	false	1.0
schwuchtel	off 1.0	off 1.0	off 0.7272704005517705 neg 0.2539564173131646 __DUMMY__ 0.01877318213506491	false	1.0
zerren	neg 1.0		neg 0.4939334737059229 off 0.4652426967271053 __DUMMY__ 0.040823829566971746	false	1.0
kinderficker	off 1.0		neg 0.4812608298462767 off 0.4785480223208427 __DUMMY__ 0.04019114783288062	false	0.5
gefahr	neg 1.0		neg 0.4975842432585743 off 0.46137116130252914 __DUMMY__ 0.04104459543889649	false	1.0
rabiat	neg 1.0		neg 0.491844029733841 off 0.4674276775242346 __DUMMY__ 0.04072829274192438	false	1.0
verlangsamung	neg 1.0		neg 0.48335058734265024 off 0.47686503185500345 __DUMMY__ 0.03978438080234617	false	1.0
ausgestorben	neg 1.0		neg 0.49153581935018664 off 0.467663130323727 __DUMMY__ 0.040801050326086434	false	1.0
anklagen	neg 1.0		neg 0.49591189355501897 off 0.46331570943698885 __DUMMY__ 0.04077239700799223	false	1.0
trott	neg 1.0		neg 0.49221741830250876 off 0.46701095974968626 __DUMMY__ 0.04077162194780498	false	1.0
verminderung	neg 1.0		neg 0.48550163034003035 off 0.4741041811826814 __DUMMY__ 0.04039418847728825	false	1.0
nach			neg 0.49765913173666587 off 0.46083434468791085 __DUMMY__ 0.04150652357542313	false	0.0
rost	neg 1.0		neg 0.4813992721762638 off 0.47848479577670233 __DUMMY__ 0.04011593204703393	false	1.0
destruktiv	neg 1.0		neg 0.49337284917197677 off 0.4659951923532214 __DUMMY__ 0.040631958474801805	false	1.0
unzumutbarkeit	neg 1.0		neg 0.4859167057004267 off 0.4735467605356251 __DUMMY__ 0.04053653376394828	false	1.0
labil	off 1.0	off 1.0	off 0.7209149825061707 neg 0.2598359776193545 __DUMMY__ 0.01924903987447468	false	1.0
ziemlich	neg 1.0		neg 0.48468438314435724 off 0.4747254615345815 __DUMMY__ 0.04059015532106131	false	1.0
lachnummer	off 1.0		neg 0.4930238223048901 off 0.46639298553711106 __DUMMY__ 0.04058319215799873	false	0.5
oder			neg 0.48990718018685614 off 0.46928760144214554 __DUMMY__ 0.04080521837099831	false	0.0
verfall	neg 1.0		neg 0.5015831092882045 off 0.45726639312399575 __DUMMY__ 0.041150497587799775	false	1.0
ausgrenzung	neg 1.0		neg 0.4914016448815269 off 0.468003415609203 __DUMMY__ 0.04059493950927014	false	1.0
unordnung	neg 1.0		neg 0.4823276414899271 off 0.47713414581384017 __DUMMY__ 0.040538212696232756	false	1.0
fehlverhalten	neg 1.0		neg 0.49886592956678216 off 0.4603605384782135 __DUMMY__ 0.04077353195500422	false	1.0
eine			neg 0.496022768258681 off 0.4628674976508566 __DUMMY__ 0.041109734090462376	false	0.0
nille	neg 1.0		neg 0.4919858257334971 off 0.4672033431355207 __DUMMY__ 0.04081083113098217	false	1.0
qual	neg 1.0		neg 0.4925180013246049 off 0.4666841985631087 __DUMMY__ 0.040797800112286405	false	1.0
verschwenden	neg 1.0		neg 0.4970815382704434 off 0.4621389642526971 __DUMMY__ 0.040779497476859376	false	1.0
riesig	neg 1.0		neg 0.4945350091669992 off 0.4645104928043074 __DUMMY__ 0.040954498028693435	false	1.0
verurteilen	neg 1.0		neg 0.49689670287143684 off 0.4624852421414589 __DUMMY__ 0.04061805498710418	false	1.0
klischee	neg 1.0	neg 1.0	neg 0.7307809379605852 off 0.24999718146629765 __DUMMY__ 0.01922188057311717	false	1.0
diktatorisch	neg 1.0		neg 0.49225788025430356 off 0.4671707024945214 __DUMMY__ 0.0405714172511751	false	1.0
vorhersehbar	neg 1.0		neg 0.4904253380242914 off 0.46914554844171547 __DUMMY__ 0.04042911353399323	false	1.0
sowie			neg 0.48383489065352664 off 0.47613084550434526 __DUMMY__ 0.04003426384212807	false	0.0
stornieren	neg 1.0		neg 0.48613471762197236 off 0.47284931482936515 __DUMMY__ 0.041015967548662394	false	1.0
besteuerung	neg 1.0		neg 0.4943518673274056 off 0.4652301541055155 __DUMMY__ 0.04041797856707882	false	1.0
ungeschminkt	neg 1.0		neg 0.488532933998884 off 0.4713401932869506 __DUMMY__ 0.040126872714165485	false	1.0
kritisch	neg 1.0		neg 0.4962912325377577 off 0.46289359186723306 __DUMMY__ 0.0408151755950093	false	1.0
schlamperei	off 1.0		neg 0.4966458507926678 off 0.4623902849916528 __DUMMY__ 0.04096386421567935	false	0.5
sucht	neg 1.0	neg 1.0	neg 0.7292545740095725 off 0.2511368644811715 __DUMMY__ 0.019608561509255946	false	1.0
egoistisch	off 1.0		neg 0.48219440025899785 off 0.47773803246453717 __DUMMY__ 0.040067567276464953	false	0.5
ausbeuter	off 1.0		neg 0.4995518672264609 off 0.4597395876127958 __DUMMY__ 0.040708545160743376	false	0.5
arschgeburt	off 1.0		off 0.482546612263316 neg 0.47799491099762237 __DUMMY__ 0.0394584767390616	false	1.0
schubs	neg 1.0		neg 0.4930342195467314 off 0.4660940312824034 __DUMMY__ 0.04087174917086528	false	1.0
unsolide	neg 1.0		neg 0.49263204032558816 off 0.4669284742528082 __DUMMY__ 0.04043948542160358	false	1.0
beschwerde	neg 1.0		neg 0.4975215429467382 off 0.4617037367683744 __DUMMY__ 0.04077472028488733	false	1.0
stocken	neg 1.0		neg 0.49683290143595066 off 0.4622686783499559 __DUMMY__ 0.04089842021409334	false	1.0
isolieren	neg 1.0		neg 0.4957891558261989 off 0.4634200012441659 __DUMMY__ 0.0407908429296352	false	1.0
unheilbar	neg 1.0		neg 0.49186845794662637 off 0.4674266969204026 __DUMMY__ 0.04070484513297092	false	1.0
pisser	off 1.0		neg 0.48644470251940164 off 0.473429366197121 __DUMMY__ 0.04012593128347741	false	0.5
löschen	neg 1.0		neg 0.491942671126899 off 0.46730051870937495 __DUMMY__ 0.040756810163726065	false	1.0
durchfallen	neg 1.0		neg 0.4965266428214705 off 0.4627767148321117 __DUMMY__ 0.040696642346417816	false	1.0
wichser	off 1.0	off 1.0	off 0.7266754667521195 neg 0.2543980145670103 __DUMMY__ 0.018926518680870294	false	1.0
terror	neg 1.0		neg 0.4882178806911544 off 0.4711163181946895 __DUMMY__ 0.040665801114156054	false	1.0
krass	neg 1.0		neg 0.4833352427393588 off 0.47641949828033314 __DUMMY__ 0.04024525898030799	false	1.0
revolte	neg 1.0		neg 0.49085627252578234 off 0.4685625932549966 __DUMMY__ 0.04058113421922108	false	1.0
besorgt	neg 1.0		neg 0.49092118611188107 off 0.46799938244507805 __DUMMY__ 0.041079431443040965	false	1.0
nachlassen	neg 1.0		neg 0.49592111491933255 off 0.4630980856903078 __DUMMY__ 0.04098079939035974	false	1.0
alt	neg 1.0		neg 0.49546215526733955 off 0.463806224178135 __DUMMY__ 0.04073162055452546	false	1.0
hundesohn	off 1.0		off 0.4805020594390466 neg 0.4797143011351856 __DUMMY__ 0.03978363942576774	false	1.0
als			neg 0.4932358399893124 off 0.4658718432855114 __DUMMY__ 0.04089231672517618	false	0.0
abschreckung	neg 1.0		neg 0.49888024713255347 off 0.4601876326451089 __DUMMY__ 0.04093212022233765	false	1.0
unqualifiziert	neg 1.0		neg 0.4897538327802597 off 0.4698667600578389 __DUMMY__ 0.04037940716190136	false	1.0
abgewichst	off 1.0		neg 0.49204121762681513 off 0.46707166865042454 __DUMMY__ 0.04088711372276029	false	0.5
schwer	neg 1.0		neg 0.49298332007315604 off 0.4663087187462097 __DUMMY__ 0.04070796118063435	false	1.0
bedeutungslosigkeit	neg 1.0		neg 0.49784078568942464 off 0.46127057169165997 __DUMMY__ 0.040888642618915394	false	1.0
kapitulation	neg 1.0		neg 0.4963946837623074 off 0.4627516462124642 __DUMMY__ 0.040853670025228564	false	1.0
unscharf	neg 1.0		neg 0.4905628643745087 off 0.46895200691037214 __DUMMY__ 0.0404851287151191	false	1.0
schwinden	neg 1.0		neg 0.4984814425269095 off 0.46064866475823013 __DUMMY__ 0.040869892714860245	false	1.0
versklavung	neg 1.0		neg 0.49222955572226584 off 0.46714042747808904 __DUMMY__ 0.04063001679964514	false	1.0
schlecht	neg 1.0		neg 0.4847286382972249 off 0.4747017698907678 __DUMMY__ 0.040569591812007394	false	1.0
verhasst	neg 1.0		neg 0.4932792975336216 off 0.4663159549007014 __DUMMY__ 0.040404747565677024	false	1.0
beschweren	neg 1.0		neg 0.489920772043231 off 0.4694339282190299 __DUMMY__ 0.04064529973773912	false	1.0
scheiden	neg 1.0		neg 0.49045320952928123 off 0.4686685937392141 __DUMMY__ 0.04087819673150476	false	1.0
frustriert	neg 1.0		neg 0.49444074320986825 off 0.46486499540341636 __DUMMY__ 0.04069426138671537	false	1.0
schimmelig	neg 1.0		neg 0.4978956270290187 off 0.4615703764512775 __DUMMY__ 0.040533996519703866	false	1.0
fisch	neg 1.0		neg 0.4994062442244904 off 0.45981919096633656 __DUMMY__ 0.04077456480917308	false	1.0
schmuggel	neg 1.0		neg 0.49702527692634463 off 0.46207336169236574 __DUMMY__ 0.040901361381289615	false	1.0
auffallen	neg 1.0		neg 0.4889996540416966 off 0.47038024828590913 __DUMMY__ 0.04062009767239417	false	1.0
konkurrenz	neg 1.0		neg 0.4991275178562016 off 0.45991534790825833 __DUMMY__ 0.04095713423554022	false	1.0
teufelskreis	neg 1.0	neg 1.0	neg 0.7333250376516183 off 0.24737864294064757 __DUMMY__ 0.019296319407734294	false	1.0
aufschreien	neg 1.0		neg 0.49031680304592296 off 0.4691968865125254 __DUMMY__ 0.0404863104415517	false	1.0
schuldner	neg 1.0		neg 0.500333036830033 off 0.45894080423609035 __DUMMY__ 0.04072615893387656	false	1.0
missgeburt	off 1.0	off 1.0	off 0.723835087578303 neg 0.25721110306764755 __DUMMY__ 0.01895380935404949	false	1.0
arbeitslos	neg 1.0		neg 0.4959380193501792 off 0.4633541963545625 __DUMMY__ 0.0407077842952582	false	1.0
befallen	neg 1.0		neg 0.49629291713831036 off 0.46315020888559644 __DUMMY__ 0.04055687397609319	false	1.0
miesepetrig	off 1.0	off 1.0	off 0.7220092022884783 neg 0.2587144758055062 __DUMMY__ 0.019276321906015505	false	1.0
alarmieren	neg 1.0		neg 0.48961015367893007 off 0.4700269733698109 __DUMMY__ 0.040362872951258934	false	1.0
ungeduscht	off 1.0		neg 0.48935665659101646 off 0.47028763781041216 __DUMMY__ 0.04035570559857147	false	0.5
knappheit	neg 1.0		neg 0.4981122298671529 off 0.4613088863850579 __DUMMY__ 0.04057888374778928	false	1.0
schlange	neg 1.0		neg 0.4879720672465405 off 0.4711330451596224 __DUMMY__ 0.040894887593836964	false	1.0
harsch	neg 1.0		neg 0.4808388350588944 off 0.47878333331171297 __DUMMY__ 0.04037783162939257	false	1.0
lang	neg 1.0		neg 0.4907144538212798 off 0.4685313660895638 __DUMMY__ 0.040754180089156405	false	1.0
ziellos	neg 1.0		neg 0.49404404744519487 off 0.464969731224669 __DUMMY__ 0.040986221330136054	false	1.0
selbstverliebt	neg 1.0		off 0.48185802470976813 neg 0.47843497641309507 __DUMMY__ 0.03970699887713683	false	0.5
beseitigen	neg 1.0		neg 0.49360735798851396 off 0.46560175279320404 __DUMMY__ 0.04079088921828187	false	1.0
dumm	off 1.0		neg 0.48079929381064795 off 0.47909708637658754 __DUMMY__ 0.04010361981276459	false	0.5
arbeitsloser	neg 1.0		neg 0.4937193465908081 off 0.4653539248660149 __DUMMY__ 0.040926728543176964	false	1.0
blitzen	neg 1.0		neg 0.4882216927020944 off 0.47112870870310986 __DUMMY__ 0.040649598594795874	false	1.0
hilflos	neg 1.0		neg 0.4948303872410988 off 0.46445424256645373 __DUMMY__ 0.040715370192447524	false	1.0
eklig	off 1.0		neg 0.48233777819364515 off 0.4777897879331366 __DUMMY__ 0.0398724338732182	false	0.5
begriff			neg 0.4926471412165583 off 0.46659004442443885 __DUMMY__ 0.040762814359002766	false	0.0
hungersnot	neg 1.0		neg 0.4953595053997508 off 0.4638633471908571 __DUMMY__ 0.040777147409392187	false	1.0
ungesetzlich	neg 1.0		neg 0.493921873793187 off 0.4656209893024705 __DUMMY__ 0.04045713690434242	false	1.0
verschwendung	neg 1.0		neg 0.4968622479176627 off 0.46226376342239467 __DUMMY__ 0.04087398865994274	false	1.0
schmerzvoll	neg 1.0		neg 0.49081063171534933 off 0.4685858027096917 __DUMMY__ 0.04060356557495902	false	1.0
vorzeitig	neg 1.0		neg 0.49038256277103803 off 0.46911596177023507 __DUMMY__ 0.040501475458726836	false	1.0
unvollkommenheit	neg 1.0		neg 0.4922286302010471 off 0.46667250211670447 __DUMMY__ 0.04109886768224842	false	1.0
intervenieren	neg 1.0		neg 0.4980037676566309 off 0.4611996403134451 __DUMMY__ 0.0407965920299239	false	1.0
banause	off 1.0		neg 0.48080371203766764 off 0.4795293170862322 __DUMMY__ 0.039666970876100195	false	0.5
rebell	neg 1.0		neg 0.5002165695084014 off 0.45874572971121985 __DUMMY__ 0.04103770078037889	false	1.0
unlogisch	neg 1.0		neg 0.4848126865761029 off 0.4749545026508177 __DUMMY__ 0.040232810773079275	false	1.0
leiden	neg 1.0		neg 0.4958260864057788 off 0.46308136959972673 __DUMMY__ 0.04109254399449449	false	1.0
abschaffung	neg 1.0		neg 0.4921047948478244 off 0.46720796157347727 __DUMMY__ 0.04068724357869833	false	1.0
sturz	neg 1.0		neg 0.49108186703444545 off 0.46809994969009666 __DUMMY__ 0.040818183275457734	false	1.0
verkleinerung	neg 1.0		neg 0.4911012115913275 off 0.46849494882727455 __DUMMY__ 0.04040383958139792	false	1.0
schmarotzer	off 1.0		neg 0.49568667055774357 off 0.46368716437436364 __DUMMY__ 0.04062616506789273	false	0.5
bestrafung	neg 1.0		neg 0.49136929712957933 off 0.46797872542234564 __DUMMY__ 0.04065197744807497	false	1.0
achtlos	neg 1.0	neg 1.0	neg 0.7321686638802167 off 0.24840690017777087 __DUMMY__ 0.019424435942012448	false	1.0
ungeheuer	neg 1.0		neg 0.489142225762952 off 0.4702021896657646 __DUMMY__ 0.040655584571283335	false	1.0
unaufrichtig	neg 1.0		neg 0.4866854102923011 off 0.47250481023798757 __DUMMY__ 0.04080977946971141	false	1.0
