unsolidarisch	neg 1.0		neg 0.48150864324135156 off 0.4522083173531107 __DUMMY__ 0.06628303940553773	false	1.0
nachteilig	neg 1.0		neg 0.4833646206245353 off 0.44973999459190456 __DUMMY__ 0.0668953847835603	false	1.0
skeptisch	neg 1.0		neg 0.48367161377679957 off 0.44935555371519836 __DUMMY__ 0.06697283250800216	false	1.0
schrecklich	neg 1.0		neg 0.4692561284206243 off 0.4647327737193101 __DUMMY__ 0.06601109786006573	false	1.0
schlapp	neg 1.0		neg 0.4727396951705891 off 0.4609222608503261 __DUMMY__ 0.0663380439790847	false	1.0
abfall	neg 1.0		neg 0.4864133965231866 off 0.44626649054830086 __DUMMY__ 0.06732011292851259	false	1.0
widerspenstig	neg 1.0		neg 0.4781787958847395 off 0.4551582208983349 __DUMMY__ 0.06666298321692556	false	1.0
abrupt	neg 1.0		neg 0.4821008133739134 off 0.45086222916688656 __DUMMY__ 0.06703695745920006	false	1.0
unwirksam	neg 1.0		neg 0.48198412111233546 off 0.45183138113452803 __DUMMY__ 0.06618449775313656	false	1.0
angreifen	neg 1.0		neg 0.48505728334478027 off 0.4481488847644215 __DUMMY__ 0.06679383189079821	false	1.0
inkonsistent	neg 1.0		neg 0.4799161845612535 off 0.4538353437281802 __DUMMY__ 0.06624847171056618	false	1.0
abrutschen	neg 1.0		neg 0.4870370668957686 off 0.4458395510886507 __DUMMY__ 0.06712338201558084	false	1.0
unsicher	neg 1.0		neg 0.4773494618156302 off 0.45577681501773554 __DUMMY__ 0.06687372316663409	false	1.0
bauernkind	off 1.0	off 1.0	off 0.7152731723252804 neg 0.25390230559365135 __DUMMY__ 0.030824522081068232	false	1.0
angreifer	neg 1.0	neg 1.0	neg 0.7242879024192319 off 0.24393162988790218 __DUMMY__ 0.031780467692865945	false	1.0
trennen	neg 1.0		neg 0.48256619423236125 off 0.4502217143208075 __DUMMY__ 0.06721209144683128	false	1.0
schmutz	neg 1.0		neg 0.4752688181781786 off 0.45789741112662463 __DUMMY__ 0.06683377069519676	false	1.0
inkonsistenz	neg 1.0		neg 0.4768825392712915 off 0.45736701885130426 __DUMMY__ 0.06575044187740424	false	1.0
erschreckend	neg 1.0		neg 0.4802222978522377 off 0.4531842964005444 __DUMMY__ 0.06659340574721787	false	1.0
ertrinken	neg 1.0		neg 0.4842171755646754 off 0.4489618076968309 __DUMMY__ 0.06682101673849365	false	1.0
pickelface	off 1.0		neg 0.47952303264285434 off 0.45373746803704945 __DUMMY__ 0.06673949932009632	false	0.5
seiner			neg 0.48317051682323925 off 0.44984611306766686 __DUMMY__ 0.066983370109094	false	0.0
lauch	neg 1.0		neg 0.48565417129517513 off 0.44712410596739066 __DUMMY__ 0.06722172273743415	false	1.0
unwichtig	neg 1.0		neg 0.47484415094218396 off 0.4590151005395508 __DUMMY__ 0.06614074851826518	false	1.0
steuerhinterziehung	neg 1.0	neg 1.0	neg 0.7277818217245003 off 0.2404681859860403 __DUMMY__ 0.03174999228945934	false	1.0
schock	neg 1.0		neg 0.4795437977283466 off 0.4537253713020766 __DUMMY__ 0.06673083096957672	false	1.0
beule	neg 1.0		neg 0.4733750337168195 off 0.4605879816430624 __DUMMY__ 0.06603698464011827	false	1.0
vergelten	neg 1.0		neg 0.4686793158736509 off 0.4649429588232881 __DUMMY__ 0.06637772530306085	false	1.0
verdorbenheit	neg 1.0		neg 0.47506787857859184 off 0.4578889521361145 __DUMMY__ 0.06704316928529379	false	1.0
trauma	neg 1.0		neg 0.47786481573094514 off 0.4555570707809105 __DUMMY__ 0.06657811348814435	false	1.0
sinnlos	neg 1.0		neg 0.4764336379480109 off 0.45705984368014535 __DUMMY__ 0.0665065183718438	false	1.0
fettsack	off 1.0	off 1.0	off 0.7168789941280763 neg 0.25215454714804963 __DUMMY__ 0.030966458723874102	false	1.0
feige	off 1.0	off 1.0	off 0.71447897021439 neg 0.25417696778155335 __DUMMY__ 0.03134406200405674	false	1.0
abdanken	neg 1.0		neg 0.48033262631822815 off 0.4530832030135955 __DUMMY__ 0.06658417066817639	false	1.0
wichtigtuer	off 1.0	off 1.0	off 0.7136527056414147 neg 0.25480547983782864 __DUMMY__ 0.031541814520756696	false	1.0
misslingen	neg 1.0		neg 0.4729128915354336 off 0.45968800251568814 __DUMMY__ 0.06739910594887823	false	1.0
untreu	off 1.0		neg 0.4739702081301735 off 0.45986874930746285 __DUMMY__ 0.06616104256236353	false	0.5
missmutig	neg 1.0		neg 0.47374975279525194 off 0.4599036260973053 __DUMMY__ 0.0663466211074427	false	1.0
hurenbock	off 1.0		neg 0.4761877072267251 off 0.4572095475200752 __DUMMY__ 0.06660274525319981	false	0.5
betrunken	neg 1.0		neg 0.47144094704892586 off 0.46238954090129336 __DUMMY__ 0.06616951204978092	false	1.0
korrupt	off 1.0		neg 0.4843203622199687 off 0.44932558885228907 __DUMMY__ 0.06635404892774237	false	0.5
unmut	neg 1.0		neg 0.4862072554416392 off 0.44656208816423365 __DUMMY__ 0.06723065639412722	false	1.0
hackfresse	off 1.0		off 0.46735485502886775 neg 0.4670965561258657 __DUMMY__ 0.06554858884526656	false	1.0
aufblasen	neg 1.0		neg 0.4763588436606875 off 0.45704482035670624 __DUMMY__ 0.06659633598260617	false	1.0
gewaltsam	neg 1.0		neg 0.4802411191107571 off 0.45300263457841966 __DUMMY__ 0.06675624631082332	false	1.0
unbeliebtheit	neg 1.0		neg 0.4778962291481542 off 0.4562115665203651 __DUMMY__ 0.06589220433148076	false	1.0
sturheit	neg 1.0		neg 0.4815484096325088 off 0.4519143534020273 __DUMMY__ 0.06653723696546393	false	1.0
kuh	neg 1.0		neg 0.48035923463533947 off 0.4538150179076794 __DUMMY__ 0.06582574745698117	false	1.0
erschrecken	neg 1.0		neg 0.47362126634844853 off 0.4599368971542855 __DUMMY__ 0.06644183649726593	false	1.0
opfer	neg 1.0		neg 0.4823246170834897 off 0.45079525217842675 __DUMMY__ 0.06688013073808359	false	1.0
sinken	neg 1.0		neg 0.4859496227530077 off 0.44691532795833694 __DUMMY__ 0.06713504928865545	false	1.0
stinktier	neg 1.0		neg 0.47457670612708924 off 0.4603693183914261 __DUMMY__ 0.0650539754814846	false	1.0
tucke	off 1.0		neg 0.46823445774899447 off 0.46663526543375167 __DUMMY__ 0.06513027681725382	false	0.5
ein			neg 0.4774683900421671 off 0.45594381893515773 __DUMMY__ 0.06658779102267506	false	0.0
abstieg	neg 1.0		neg 0.4841357329921698 off 0.449018750844892 __DUMMY__ 0.06684551616293813	false	1.0
missverstehen	neg 1.0		neg 0.4772290332933907 off 0.45657024664413276 __DUMMY__ 0.06620072006247646	false	1.0
ergebnislos	neg 1.0		neg 0.4830201508805067 off 0.44990979593569946 __DUMMY__ 0.06707005318379379	false	1.0
unter			neg 0.48836093183319856 off 0.44370989405290234 __DUMMY__ 0.06792917411389916	false	0.0
manipulieren	neg 1.0		neg 0.48399911800307804 off 0.4489828191526991 __DUMMY__ 0.06701806284422296	false	1.0
unbewiesen	neg 1.0		neg 0.48226360669163315 off 0.451560440488159 __DUMMY__ 0.06617595282020779	false	1.0
verschleppen	neg 1.0		neg 0.48325401039175814 off 0.45006610185085677 __DUMMY__ 0.06667988775738509	false	1.0
weib	off 1.0		neg 0.4702942701033177 off 0.4647799876274276 __DUMMY__ 0.06492574226925468	false	0.5
opposition	neg 1.0		neg 0.47855762643589955 off 0.4551198627710659 __DUMMY__ 0.06632251079303453	false	1.0
verkehrswidrig	neg 1.0		off 0.46709917081380287 neg 0.4664406520510067 __DUMMY__ 0.06646017713519045	false	0.5
inkorrekt	neg 1.0		neg 0.4723053274335614 off 0.46196929715637813 __DUMMY__ 0.06572537541006031	false	1.0
vermeiden	neg 1.0	neg 1.0	neg 0.7293659085072156 off 0.2383484671563741 __DUMMY__ 0.03228562433641041	false	1.0
abweichung	neg 1.0		neg 0.4821642375636467 off 0.4509292521076393 __DUMMY__ 0.06690651032871413	false	1.0
alkoholisiert	neg 1.0		neg 0.4812936720549953 off 0.4515111517810393 __DUMMY__ 0.06719517616396553	false	1.0
scheiss	off 1.0	off 1.0	off 0.7156628196038171 neg 0.2528790408591578 __DUMMY__ 0.031458139537025157	false	1.0
herausforderung	neg 1.0		neg 0.4829295477435575 off 0.4499853766274182 __DUMMY__ 0.06708507562902431	false	1.0
pervers	off 1.0		off 0.46995577608769434 neg 0.4649058694938541 __DUMMY__ 0.06513835441845163	false	1.0
wackelig	neg 1.0		neg 0.47751966816228475 off 0.4552340650203007 __DUMMY__ 0.06724626681741441	false	1.0
verwickeln	neg 1.0		neg 0.4777983146835278 off 0.4559640283271186 __DUMMY__ 0.06623765698935365	false	1.0
vorwand	neg 1.0		neg 0.4846514151262298 off 0.44840518163334003 __DUMMY__ 0.06694340324043031	false	1.0
muschi	off 1.0		neg 0.47941840729429386 off 0.45385481117332027 __DUMMY__ 0.0667267815323859	false	0.5
entmutigung	neg 1.0		neg 0.478818840453686 off 0.45478322881749367 __DUMMY__ 0.06639793072882022	false	1.0
unangemessen	neg 1.0		neg 0.48223328707170054 off 0.45129255107666755 __DUMMY__ 0.06647416185163184	false	1.0
unstetig	neg 1.0		neg 0.47536233944409545 off 0.4580928532667903 __DUMMY__ 0.06654480728911429	false	1.0
entmutigen	neg 1.0		neg 0.4779419602608639 off 0.4555026764578296 __DUMMY__ 0.0665553632813067	false	1.0
schwanz	neg 1.0		neg 0.48205981406405446 off 0.451078068206892 __DUMMY__ 0.06686211772905339	false	1.0
verbot	neg 1.0		neg 0.48287846687999886 off 0.450458197422523 __DUMMY__ 0.06666333569747833	false	1.0
leid	neg 1.0		neg 0.4691257531442751 off 0.4652026894986767 __DUMMY__ 0.0656715573570481	false	1.0
archaisch	neg 1.0		neg 0.4807511286009196 off 0.45260770552725893 __DUMMY__ 0.06664116587182133	false	1.0
gegen			neg 0.48539714546916707 off 0.447392300520244 __DUMMY__ 0.06721055401058904	false	0.0
scheidung	neg 1.0		off 0.47677080015146656 neg 0.45791107269785275 __DUMMY__ 0.06531812715068054	false	0.5
einschlag	neg 1.0		neg 0.471083740415544 off 0.4628974492861059 __DUMMY__ 0.06601881029835004	false	1.0
m			neg 0.47994065814458603 off 0.4530866430494033 __DUMMY__ 0.06697269880601066	false	0.0
abgestanden	neg 1.0		neg 0.4792050245921138 off 0.45440615444394733 __DUMMY__ 0.0663888209639389	false	1.0
schmierig	off 1.0		neg 0.46906535251295994 off 0.46508518858619 __DUMMY__ 0.06584945890084999	false	0.5
unpraktisch	neg 1.0		neg 0.4765943468162913 off 0.4568049237734688 __DUMMY__ 0.06660072941023999	false	1.0
wixxer	off 1.0		off 0.46885227776724736 neg 0.4662504911191483 __DUMMY__ 0.06489723111360446	false	1.0
bezeichnet			neg 0.48080191926323373 off 0.4528754847259262 __DUMMY__ 0.06632259601084008	false	0.0
jammerlappen	off 1.0		neg 0.47327624852109706 off 0.46035198116004694 __DUMMY__ 0.06637177031885598	false	0.5
farce	neg 1.0		neg 0.4828180202019578 off 0.45072816661243287 __DUMMY__ 0.06645381318560935	false	1.0
zwecklos	neg 1.0		neg 0.4821754811026514 off 0.4512622191110551 __DUMMY__ 0.06656229978629365	false	1.0
turbulent	neg 1.0		neg 0.47507902286832787 off 0.4591470715213316 __DUMMY__ 0.06577390561034044	false	1.0
invasion	neg 1.0		neg 0.4768969376872561 off 0.4566285088629536 __DUMMY__ 0.06647455344979031	false	1.0
schuld	neg 1.0		neg 0.4790324219489945 off 0.4546075447069106 __DUMMY__ 0.066360033344095	false	1.0
risiko	neg 1.0	neg 1.0	neg 0.7242852558635711 off 0.243853933607193 __DUMMY__ 0.03186081052923593	false	1.0
finster	neg 1.0		neg 0.478698338416498 off 0.4549872413528696 __DUMMY__ 0.06631442023063247	false	1.0
geisteskrank	off 1.0		neg 0.47469907629145597 off 0.4595391619480284 __DUMMY__ 0.0657617617605156	false	0.5
zusammenbrechen	neg 1.0		neg 0.4805437452680161 off 0.4526795474491685 __DUMMY__ 0.06677670728281543	false	1.0
ausbeute	neg 1.0		neg 0.47554763849616616 off 0.45660415222235257 __DUMMY__ 0.06784820928148133	false	1.0
hinterhalt	neg 1.0		neg 0.47679713346409663 off 0.45590111632768093 __DUMMY__ 0.06730175020822246	false	1.0
kritik	neg 1.0		neg 0.4833250323364185 off 0.45025216965040943 __DUMMY__ 0.066422798013172	false	1.0
einschrumpfen	neg 1.0		neg 0.47626793571549475 off 0.45760183833190365 __DUMMY__ 0.06613022595260165	false	1.0
riskant	neg 1.0		neg 0.4840837061348471 off 0.4491269905003308 __DUMMY__ 0.06678930336482208	false	1.0
frustrieren	neg 1.0		neg 0.4826543568171108 off 0.45053797672239637 __DUMMY__ 0.06680766646049292	false	1.0
groll	neg 1.0		neg 0.4828614691216625 off 0.45057672062208143 __DUMMY__ 0.06656181025625608	false	1.0
gibt			neg 0.4798702814679848 off 0.45326791803032146 __DUMMY__ 0.0668618005016937	false	0.0
qualvoll	neg 1.0		neg 0.47569093956225095 off 0.4578980394615629 __DUMMY__ 0.0664110209761862	false	1.0
wackeln	neg 1.0		neg 0.4764351522113002 off 0.4567630929879737 __DUMMY__ 0.06680175480072623	false	1.0
klagen	neg 1.0		neg 0.4863276031299666 off 0.4466213226911392 __DUMMY__ 0.06705107417889429	false	1.0
bankrott	neg 1.0		neg 0.4731172766187238 off 0.4603593312406091 __DUMMY__ 0.0665233921406671	false	1.0
trauern	neg 1.0		neg 0.48187023507917537 off 0.45108317026663547 __DUMMY__ 0.06704659465418926	false	1.0
ablehnung	neg 1.0		neg 0.4829793450180319 off 0.45049215890525707 __DUMMY__ 0.06652849607671103	false	1.0
stur	neg 1.0		neg 0.47848069992648123 off 0.45512162586120875 __DUMMY__ 0.06639767421230995	false	1.0
aufruhr	neg 1.0		neg 0.48052839939689906 off 0.4528353643097085 __DUMMY__ 0.06663623629339241	false	1.0
melancholie	neg 1.0		neg 0.48217989583531945 off 0.4510306473620472 __DUMMY__ 0.06678945680263347	false	1.0
ist			neg 0.4765608944831023 off 0.45690228435311686 __DUMMY__ 0.06653682116378087	false	0.0
torheit	neg 1.0		neg 0.4790105175379884 off 0.45444794291033863 __DUMMY__ 0.06654153955167305	false	1.0
dreckskind	off 1.0		neg 0.47075091800554053 off 0.4640178739097385 __DUMMY__ 0.06523120808472106	false	0.5
umtauschen	neg 1.0		neg 0.47823221655009507 off 0.455013420215981 __DUMMY__ 0.06675436323392389	false	1.0
zum			neg 0.4836757153243647 off 0.4484052418773843 __DUMMY__ 0.06791904279825103	false	0.0
zersetzen	neg 1.0		neg 0.4854505027676157 off 0.44778636778628145 __DUMMY__ 0.066763129446103	false	1.0
zur			neg 0.4862305570766231 off 0.4460802538701974 __DUMMY__ 0.06768918905317944	false	0.0
frust	neg 1.0		neg 0.48044807148187224 off 0.4527510555781386 __DUMMY__ 0.06680087293998918	false	1.0
unerbittlichkeit	neg 1.0		neg 0.48479403274277005 off 0.44833540931614013 __DUMMY__ 0.06687055794108993	false	1.0
zwei			neg 0.4829741282440956 off 0.44924405330593353 __DUMMY__ 0.06778181844997105	false	0.0
unkorrekt	neg 1.0		neg 0.4708192999168706 off 0.4631674221952548 __DUMMY__ 0.06601327788787466	false	1.0
hexe	off 1.0		neg 0.4775603796449515 off 0.4567826534987728 __DUMMY__ 0.06565696685627556	false	0.5
lasch	neg 1.0		neg 0.4767125691652779 off 0.45721101730310854 __DUMMY__ 0.06607641353161353	false	1.0
rivale	neg 1.0		neg 0.47259599244229633 off 0.4614524315879178 __DUMMY__ 0.06595157596978572	false	1.0
mutlos	off 1.0	off 1.0	off 0.7094987292594392 neg 0.25872484473848534 __DUMMY__ 0.031776426002075454	false	1.0
wirr	off 1.0		neg 0.4722175654411208 off 0.4621489817196019 __DUMMY__ 0.06563345283927728	false	0.5
jahr			neg 0.4778892662852747 off 0.45412270360308044 __DUMMY__ 0.06798803011164493	false	0.0
wird			neg 0.48170657189754273 off 0.4514639448178484 __DUMMY__ 0.06682948328460882	false	0.0
strafbar	neg 1.0		neg 0.48304186265054394 off 0.45011105995467304 __DUMMY__ 0.06684707739478307	false	1.0
erosion	neg 1.0		neg 0.4771153447289998 off 0.45601091220180534 __DUMMY__ 0.0668737430691948	false	1.0
eingehen	neg 1.0		neg 0.4833743020023875 off 0.44987270589944023 __DUMMY__ 0.06675299209817219	false	1.0
faul	off 1.0		neg 0.47360683601806197 off 0.45994765562212053 __DUMMY__ 0.06644550835981737	false	0.5
provisorium	neg 1.0		neg 0.48602352909744456 off 0.4458347154313132 __DUMMY__ 0.06814175547124232	false	1.0
schmerzen	neg 1.0		neg 0.48101951442979807 off 0.45248696005216227 __DUMMY__ 0.0664935255180397	false	1.0
schrumpfen	neg 1.0		neg 0.4888227019657275 off 0.44395119428232777 __DUMMY__ 0.06722610375194475	false	1.0
geistlos	off 1.0		neg 0.4788371250223551 off 0.4551429373170662 __DUMMY__ 0.06601993766057884	false	0.5
fehlkauf	neg 1.0		neg 0.4771077138217647 off 0.45640170270318126 __DUMMY__ 0.06649058347505409	false	1.0
frustrierend	neg 1.0		neg 0.47449289667560574 off 0.45910735365321054 __DUMMY__ 0.06639974967118374	false	1.0
unzufrieden	neg 1.0		neg 0.4822477555833452 off 0.45113608310628595 __DUMMY__ 0.06661616131036893	false	1.0
verzweifeln	neg 1.0		neg 0.47998299126023064 off 0.45334759362335997 __DUMMY__ 0.06666941511640932	false	1.0
verzweifelt	neg 1.0	neg 1.0	neg 0.7260923117299793 off 0.24236503941396353 __DUMMY__ 0.03154264885605705	false	1.0
misstrauensantrag	neg 1.0		neg 0.4765704862768364 off 0.45695009412881854 __DUMMY__ 0.066479419594345	false	1.0
abfallen	neg 1.0		neg 0.47640737378822046 off 0.45681259355033754 __DUMMY__ 0.06678003266144199	false	1.0
fucker	off 1.0		neg 0.47088957893129096 off 0.4629970917894159 __DUMMY__ 0.06611332927929309	false	0.5
ungezogen	neg 1.0		off 0.46912514119607895 neg 0.46564942783148755 __DUMMY__ 0.06522543097243351	false	0.5
irrsinnig	neg 1.0	neg 1.0	neg 0.7256581603684218 off 0.24273160519333548 __DUMMY__ 0.031610234438242846	false	1.0
unfassbar	neg 1.0		neg 0.4721489809260931 off 0.46157158736180093 __DUMMY__ 0.06627943171210586	false	1.0
hart	neg 1.0		neg 0.4739420247429306 off 0.45995607431139673 __DUMMY__ 0.06610190094567261	false	1.0
widerlich	off 1.0		neg 0.4735143957879262 off 0.4605506148765288 __DUMMY__ 0.06593498933554492	false	0.5
fatal	neg 1.0		neg 0.4766162296046039 off 0.4569270580127815 __DUMMY__ 0.06645671238261458	false	1.0
bruch	neg 1.0		neg 0.4856035463236649 off 0.4473119009637484 __DUMMY__ 0.06708455271258665	false	1.0
aushungern	neg 1.0		neg 0.4809871770127722 off 0.45225242971268725 __DUMMY__ 0.0667603932745405	false	1.0
anspannung	neg 1.0		neg 0.4857429098030782 off 0.44663713901455615 __DUMMY__ 0.06761995118236566	false	1.0
von			neg 0.4769786400868321 off 0.454893233056326 __DUMMY__ 0.06812812685684201	false	0.0
kraftlos	neg 1.0		neg 0.48059198499797817 off 0.4525304162923133 __DUMMY__ 0.06687759870970854	false	1.0
vom			neg 0.4849404530438574 off 0.44685780084446947 __DUMMY__ 0.06820174611167318	false	0.0
grenzdebil	off 1.0		neg 0.47177729340303753 off 0.46196503727702637 __DUMMY__ 0.06625766931993607	false	0.5
vor			neg 0.4830980849474218 off 0.4495865042406131 __DUMMY__ 0.06731541081196515	false	0.0
unterwerfen	neg 1.0		neg 0.48298185604915783 off 0.4502249379353801 __DUMMY__ 0.06679320601546207	false	1.0
versenkung	neg 1.0		neg 0.4808110855735686 off 0.4520893136639961 __DUMMY__ 0.0670996007624354	false	1.0
entziehen	neg 1.0		neg 0.48518934401819946 off 0.44770475416206673 __DUMMY__ 0.06710590181973379	false	1.0
finanzkrise	neg 1.0		neg 0.48286083104935135 off 0.45085036434819187 __DUMMY__ 0.06628880460245677	false	1.0
schimpfend	neg 1.0		neg 0.4768598006702873 off 0.45668203128425955 __DUMMY__ 0.06645816804545317	false	1.0
profan	neg 1.0		neg 0.4766567165228716 off 0.4570063224964199 __DUMMY__ 0.0663369609807085	false	1.0
korruption	neg 1.0		neg 0.4835648534280156 off 0.44982311304572975 __DUMMY__ 0.06661203352625458	false	1.0
â			neg 0.48017362890899085 off 0.45277404851768455 __DUMMY__ 0.0670523225733247	false	0.0
schmutzig	neg 1.0		neg 0.47123623680944215 off 0.4625139273731648 __DUMMY__ 0.06624983581739301	false	1.0
sexy	neg 1.0		neg 0.47425032447891213 off 0.4592372882124324 __DUMMY__ 0.0665123873086556	false	1.0
abraten	neg 1.0		neg 0.4755856386629987 off 0.4577808655595571 __DUMMY__ 0.0666334957774442	false	1.0
schwarz	neg 1.0		neg 0.4774968577687089 off 0.45602840823226054 __DUMMY__ 0.06647473399903057	false	1.0
fotze	off 1.0	off 1.0	off 0.7115598680111186 neg 0.25655285192407296 __DUMMY__ 0.031887280064808496	false	1.0
verwirren	neg 1.0		neg 0.47582311706810504 off 0.4578025816126204 __DUMMY__ 0.06637430131927463	false	1.0
zahnlos	off 1.0		neg 0.4811588892880055 off 0.45222743207967386 __DUMMY__ 0.06661367863232051	false	0.5
verheeren	neg 1.0		off 0.47058646052620545 neg 0.4642108688772075 __DUMMY__ 0.06520267059658709	false	0.5
hippie	neg 1.0		neg 0.4748667527412771 off 0.45863178267825705 __DUMMY__ 0.06650146458046585	false	1.0
rammen	neg 1.0		neg 0.4808117267755575 off 0.4531911003183045 __DUMMY__ 0.06599717290613792	false	1.0
unlauter	neg 1.0		neg 0.4799693231494102 off 0.453793720336554 __DUMMY__ 0.06623695651403572	false	1.0
unheilvoll	neg 1.0		neg 0.4772772134790321 off 0.4562854260303502 __DUMMY__ 0.06643736049061781	false	1.0
niedrig	neg 1.0		neg 0.48506764273434383 off 0.4482401341562255 __DUMMY__ 0.06669222310943074	false	1.0
explosion	neg 1.0		neg 0.4757242548025574 off 0.4578065729826661 __DUMMY__ 0.06646917221477663	false	1.0
weichei	off 1.0	off 1.0	off 0.7183059638267141 neg 0.25051968891753074 __DUMMY__ 0.031174347255755096	false	1.0
minusmensch	off 1.0		neg 0.4701016121277823 off 0.46502600661594234 __DUMMY__ 0.06487238125627537	false	0.5
farblos	neg 1.0		neg 0.4788421673906793 off 0.45447535814603274 __DUMMY__ 0.06668247446328805	false	1.0
unwissend	neg 1.0	neg 1.0	neg 0.7233415024513739 off 0.24517064038398242 __DUMMY__ 0.031487857164643675	false	1.0
traurig	neg 1.0		neg 0.4695761020027247 off 0.4642957574286744 __DUMMY__ 0.06612814056860096	false	1.0
senkung	neg 1.0		neg 0.47813629409953834 off 0.45573899394508344 __DUMMY__ 0.0661247119553781	false	1.0
ungleich	neg 1.0	neg 1.0	neg 0.7286249819765909 off 0.2395222175978867 __DUMMY__ 0.03185280042552235	false	1.0
heikel	neg 1.0		neg 0.48389158951687017 off 0.44928938869895546 __DUMMY__ 0.06681902178417447	false	1.0
drosselung	neg 1.0		neg 0.4730629141702373 off 0.4608436833293227 __DUMMY__ 0.06609340250044	false	1.0
falsch	neg 1.0		neg 0.4748026326617625 off 0.4588949717277491 __DUMMY__ 0.06630239561048834	false	1.0
unzufriedenheit	neg 1.0		neg 0.48504712934335886 off 0.44797473398180976 __DUMMY__ 0.06697813667483137	false	1.0
kurz	neg 1.0		neg 0.47761353196313683 off 0.45526706024055175 __DUMMY__ 0.06711940779631147	false	1.0
unsinnig	neg 1.0		neg 0.4810454629832722 off 0.45238266881888306 __DUMMY__ 0.06657186819784476	false	1.0
penner	off 1.0	off 1.0	off 0.7191697046038263 neg 0.24970125974501345 __DUMMY__ 0.031129035651160212	false	1.0
seicht	neg 1.0		off 0.46845238859307575 neg 0.4663111296515019 __DUMMY__ 0.06523648175542245	false	0.5
dummheit	off 1.0	off 1.0	off 0.713422483582929 neg 0.25511434373265285 __DUMMY__ 0.031463172684418124	false	1.0
unerfreulich	neg 1.0		neg 0.4835365921974793 off 0.4494189952976502 __DUMMY__ 0.06704441250487045	false	1.0
motherfucker	off 1.0	off 1.0	off 0.7164977951597175 neg 0.2520579727729595 __DUMMY__ 0.031444232067323045	false	1.0
pikiert	neg 1.0		neg 0.4745717672061417 off 0.4594756103309193 __DUMMY__ 0.06595262246293898	false	1.0
wrack	neg 1.0		neg 0.48007228618708664 off 0.45301168607890435 __DUMMY__ 0.06691602773400894	false	1.0
gangster	neg 1.0		neg 0.47499329668665036 off 0.4585371324757014 __DUMMY__ 0.06646957083764828	false	1.0
krank	neg 1.0		neg 0.4712585174041529 off 0.4624175979201323 __DUMMY__ 0.06632388467571476	false	1.0
reich	neg 1.0		neg 0.4728302528849908 off 0.46080690152563153 __DUMMY__ 0.06636284558937762	false	1.0
gnadenlos	neg 1.0		neg 0.4788251195439413 off 0.45479460169389063 __DUMMY__ 0.06638027876216818	false	1.0
niedergeschlagen	neg 1.0		neg 0.4794410467713866 off 0.45372546490375554 __DUMMY__ 0.06683348832485779	false	1.0
terrorisieren	off 1.0	off 1.0	off 0.7104967366501922 neg 0.2575839362521226 __DUMMY__ 0.03191932709768524	false	1.0
sinnlosigkeit	neg 1.0		neg 0.48149283168027407 off 0.45184129199248935 __DUMMY__ 0.06666587632723651	false	1.0
behindern	neg 1.0		neg 0.47945516135784005 off 0.4538517314187534 __DUMMY__ 0.06669310722340654	false	1.0
undemokratisch	neg 1.0		neg 0.47866990315755265 off 0.4548646931373849 __DUMMY__ 0.06646540370506247	false	1.0
wirtschaftskrise	neg 1.0		neg 0.48445883182301197 off 0.4490251085218562 __DUMMY__ 0.06651605965513184	false	1.0
neid	neg 1.0		neg 0.47246123184169164 off 0.46087272205295793 __DUMMY__ 0.0666660461053504	false	1.0
rutschen	neg 1.0		neg 0.48342403022402286 off 0.4488288192157175 __DUMMY__ 0.06774715056025972	false	1.0
rezession	neg 1.0		neg 0.47530486813011713 off 0.45947011472136795 __DUMMY__ 0.06522501714851496	false	1.0
fehlgeburt	neg 1.0		neg 0.475531351559687 off 0.45776325733541706 __DUMMY__ 0.06670539110489587	false	1.0
charakterschwach	off 1.0		neg 0.47363521077730797 off 0.46040361150302284 __DUMMY__ 0.06596117771966918	false	0.5
isolation	neg 1.0		neg 0.4746818874068493 off 0.458889046930843 __DUMMY__ 0.06642906566230766	false	1.0
ablenkung	neg 1.0		neg 0.47736848717689745 off 0.4558169404603915 __DUMMY__ 0.06681457236271109	false	1.0
pech	neg 1.0		neg 0.4745024420322956 off 0.4590965543868703 __DUMMY__ 0.06640100358083421	false	1.0
vermeidung	neg 1.0		neg 0.47252715990213845 off 0.461324569615674 __DUMMY__ 0.06614827048218758	false	1.0
dominieren	neg 1.0		neg 0.48325499027523455 off 0.44994390931102846 __DUMMY__ 0.06680110041373706	false	1.0
schwindlig	neg 1.0		neg 0.47515244483485536 off 0.45819985396608215 __DUMMY__ 0.06664770119906249	false	1.0
lutscher	neg 1.0	neg 1.0	neg 0.7185092216386187 off 0.2504605354471098 __DUMMY__ 0.03103024291427148	false	1.0
pflicht	neg 1.0		neg 0.4849473378796843 off 0.4481327298299805 __DUMMY__ 0.06691993229033512	false	1.0
faschist	off 1.0		neg 0.47577020282395477 off 0.45787155652277933 __DUMMY__ 0.0663582406532658	false	0.5
verschleudern	neg 1.0		neg 0.4845087417234292 off 0.4487318792323142 __DUMMY__ 0.0667593790442565	false	1.0
wenn			neg 0.47475031047870025 off 0.45896132862793876 __DUMMY__ 0.06628836089336096	false	0.0
ehebruch	neg 1.0		neg 0.4825573417457627 off 0.45067810810952935 __DUMMY__ 0.06676455014470797	false	1.0
spott	off 1.0		neg 0.4836601741438374 off 0.44963420901589407 __DUMMY__ 0.06670561684026845	false	0.5
trostlosigkeit	neg 1.0		neg 0.48502290077510546 off 0.44793927010477735 __DUMMY__ 0.06703782912011728	false	1.0
lutschen	neg 1.0		neg 0.47686020771902066 off 0.45704116275730494 __DUMMY__ 0.06609862952367428	false	1.0
undiszipliniert	neg 1.0		neg 0.4710235891126828 off 0.4629567312071006 __DUMMY__ 0.06601967968021659	false	1.0
kopfschmerz	neg 1.0		neg 0.4826035682278828 off 0.45091761642616407 __DUMMY__ 0.06647881534595326	false	1.0
unvorhergesehen	neg 1.0		neg 0.4800371785832482 off 0.45252845540422976 __DUMMY__ 0.06743436601252197	false	1.0
desinteressiert	neg 1.0	neg 1.0	neg 0.7221293002334646 off 0.24647064366378674 __DUMMY__ 0.03140005610274873	false	1.0
armselig	off 1.0		neg 0.4721666470469881 off 0.4621130371877016 __DUMMY__ 0.06572031576531039	false	0.5
desaster	neg 1.0		neg 0.48637071639585916 off 0.4465308272950582 __DUMMY__ 0.06709845630908261	false	1.0
tod	neg 1.0		neg 0.4803980511731687 off 0.45257944445244863 __DUMMY__ 0.06702250437438279	false	1.0
herzlos	neg 1.0		neg 0.47113165365922616 off 0.46298388306164345 __DUMMY__ 0.0658844632791303	false	1.0
unwissenheit	neg 1.0		neg 0.4823236378816838 off 0.45105962520365706 __DUMMY__ 0.06661673691465925	false	1.0
widersinnig	neg 1.0		neg 0.48391876727297706 off 0.4497171696181432 __DUMMY__ 0.06636406310887985	false	1.0
bedenklich	neg 1.0		neg 0.48299030154907646 off 0.45030420734597065 __DUMMY__ 0.06670549110495277	false	1.0
beanstanden	neg 1.0		neg 0.48489246758330024 off 0.4481053949381215 __DUMMY__ 0.06700213747857826	false	1.0
panisch	neg 1.0	neg 1.0	neg 0.723202619567317 off 0.24495832464847872 __DUMMY__ 0.03183905578420426	false	1.0
debil	off 1.0		neg 0.4881561194537227 off 0.44418306292818344 __DUMMY__ 0.06766081761809381	false	0.5
abstrich	neg 1.0		neg 0.47596078894549887 off 0.456815120830808 __DUMMY__ 0.0672240902236932	false	1.0
primitiv	neg 1.0		neg 0.4733851603200701 off 0.4607029023052946 __DUMMY__ 0.0659119373746354	false	1.0
abschaum	off 1.0	off 1.0	off 0.7151708792957879 neg 0.2533741431957947 __DUMMY__ 0.0314549775084173	false	1.0
provozieren	neg 1.0		neg 0.47977059788825505 off 0.4539582431528693 __DUMMY__ 0.0662711589588757	false	1.0
tot	neg 1.0		neg 0.48144145066474014 off 0.4517929607318906 __DUMMY__ 0.06676558860336912	false	1.0
instabil	neg 1.0		neg 0.47267475426081135 off 0.4615576263371767 __DUMMY__ 0.06576761940201187	false	1.0
schwuchtel	off 1.0	off 1.0	off 0.7214521839510598 neg 0.24780013459032857 __DUMMY__ 0.030747681458611544	false	1.0
zerren	neg 1.0		neg 0.48056759093613044 off 0.4526396715604245 __DUMMY__ 0.06679273750344514	false	1.0
kinderficker	off 1.0		neg 0.46814251151768493 off 0.4660959654651293 __DUMMY__ 0.06576152301718573	false	0.5
gefahr	neg 1.0		neg 0.484128525187478 off 0.44871820863016704 __DUMMY__ 0.06715326618235504	false	1.0
rabiat	neg 1.0		neg 0.4785157965152251 off 0.4548471257997687 __DUMMY__ 0.06663707768500636	false	1.0
verlangsamung	neg 1.0		neg 0.4703603379366552 off 0.4645413300821693 __DUMMY__ 0.06509833198117539	false	1.0
ausgestorben	neg 1.0		neg 0.4781853699685744 off 0.45505893868441183 __DUMMY__ 0.06675569134701369	false	1.0
anklagen	neg 1.0		neg 0.4825525079884947 off 0.450738063092386 __DUMMY__ 0.06670942891911925	false	1.0
trott	neg 1.0		neg 0.47887681016404465 off 0.4544157466483052 __DUMMY__ 0.06670744318765016	false	1.0
verminderung	neg 1.0		neg 0.47230990546393326 off 0.4615974644049618 __DUMMY__ 0.06609263013110493	false	1.0
nach			neg 0.48405787717224136 off 0.4480354879471735 __DUMMY__ 0.0679066348805851	false	0.0
rost	neg 1.0		neg 0.4683090656270963 off 0.46605149618294023 __DUMMY__ 0.0656394381899635	false	1.0
destruktiv	neg 1.0		neg 0.4800696321200805 off 0.4534504470097191 __DUMMY__ 0.06647992087020041	false	1.0
unzumutbarkeit	neg 1.0		neg 0.47267317866583014 off 0.46100169322448376 __DUMMY__ 0.06632512810968622	false	1.0
labil	off 1.0	off 1.0	off 0.7149548726590792 neg 0.25351928909825605 __DUMMY__ 0.03152583824266479	false	1.0
ziemlich	neg 1.0		neg 0.47142852088275244 off 0.46215953773216434 __DUMMY__ 0.06641194138508325	false	1.0
lachnummer	off 1.0		neg 0.4797364118610275 off 0.45386342128463597 __DUMMY__ 0.06640016685433658	false	0.5
oder			neg 0.47656381879167925 off 0.45667353559309004 __DUMMY__ 0.06676264561523067	false	0.0
verfall	neg 1.0		neg 0.48808142793081444 off 0.44459285590720055 __DUMMY__ 0.0673257161619849	false	1.0
ausgrenzung	neg 1.0		neg 0.4781138361786908 off 0.45546628296851166 __DUMMY__ 0.06641988085279758	false	1.0
unordnung	neg 1.0		neg 0.4690941634564352 off 0.4645773384575819 __DUMMY__ 0.06632849808598285	false	1.0
fehlverhalten	neg 1.0		neg 0.48549588234500446 off 0.44779342604594696 __DUMMY__ 0.06671069160904847	false	1.0
eine			neg 0.48255647848352634 off 0.4501843804140034 __DUMMY__ 0.06725914110247025	false	0.0
nille	neg 1.0		neg 0.47862862627658614 off 0.4545996701198916 __DUMMY__ 0.06677170360352223	false	1.0
qual	neg 1.0		neg 0.4791672671793067 off 0.4540825953113277 __DUMMY__ 0.06675013750936558	false	1.0
verschwenden	neg 1.0		neg 0.4837205804129258 off 0.44955890165256235 __DUMMY__ 0.0667205179345119	false	1.0
riesig	neg 1.0		neg 0.4811259173977727 off 0.4518673933699652 __DUMMY__ 0.0670066892322621	false	1.0
verurteilen	neg 1.0		neg 0.48358432986428834 off 0.44995843561147386 __DUMMY__ 0.06645723452423773	false	1.0
klischee	neg 1.0	neg 1.0	neg 0.724473297271394 off 0.24404530029727675 __DUMMY__ 0.03148140243132931	false	1.0
diktatorisch	neg 1.0		neg 0.47897420679222324 off 0.4546442409865039 __DUMMY__ 0.06638155222127284	false	1.0
vorhersehbar	neg 1.0		neg 0.4772002767338451 off 0.45665068310361717 __DUMMY__ 0.06614904016253764	false	1.0
sowie			neg 0.4707642220800063 off 0.4637303793463114 __DUMMY__ 0.06550539857368232	false	0.0
stornieren	neg 1.0		neg 0.4727324731737067 off 0.46016022706633747 __DUMMY__ 0.06710729975995589	false	1.0
besteuerung	neg 1.0		neg 0.48112025339091374 off 0.4527483464070342 __DUMMY__ 0.06613140020205191	false	1.0
ungeschminkt	neg 1.0		neg 0.47541993018769546 off 0.4589234164715946 __DUMMY__ 0.06565665334070991	false	1.0
kritisch	neg 1.0		neg 0.4829169207856102 off 0.4503044633105799 __DUMMY__ 0.06677861590380997	false	1.0
schlamperei	off 1.0		neg 0.48321936870487137 off 0.44975895842971947 __DUMMY__ 0.06702167286540923	false	0.5
sucht	neg 1.0	neg 1.0	neg 0.7228212600529785 off 0.24506426524987646 __DUMMY__ 0.03211447469714493	false	1.0
egoistisch	off 1.0		neg 0.4691178853856165 off 0.46532242075084385 __DUMMY__ 0.0655596938635397	false	0.5
ausbeuter	off 1.0		neg 0.4862008261925021 off 0.44719440290466284 __DUMMY__ 0.06660477090283513	false	0.5
arschgeburt	off 1.0		off 0.47030452624657004 neg 0.4651291151863964 __DUMMY__ 0.06456635856703363	false	1.0
schubs	neg 1.0		neg 0.47966131135409124 off 0.45346684380993213 __DUMMY__ 0.0668718448359768	false	1.0
unsolide	neg 1.0		neg 0.479392322066314 off 0.45444095823475744 __DUMMY__ 0.06616671969892834	false	1.0
beschwerde	neg 1.0		neg 0.484155765200572 off 0.4491310625168189 __DUMMY__ 0.06671317228260915	false	1.0
stocken	neg 1.0		neg 0.4834296245943026 off 0.44965545480504276 __DUMMY__ 0.06691492060065458	false	1.0
isolieren	neg 1.0		neg 0.4824239084455415 off 0.45083641808460534 __DUMMY__ 0.06673967346985327	false	1.0
unheilbar	neg 1.0		neg 0.4785457059336512 off 0.4548551582748011 __DUMMY__ 0.06659913579154773	false	1.0
pisser	off 1.0		neg 0.4733332396545423 off 0.4610116451975277 __DUMMY__ 0.06565511514793003	false	0.5
löschen	neg 1.0		neg 0.4786062031545493 off 0.45471036979610197 __DUMMY__ 0.06668342704934858	false	1.0
durchfallen	neg 1.0		neg 0.48319286531689265 off 0.45022180737659057 __DUMMY__ 0.0665853273065169	false	1.0
wichser	off 1.0	off 1.0	off 0.7208093821672876 neg 0.24819213179336685 __DUMMY__ 0.030998486039345546	false	1.0
terror	neg 1.0		neg 0.4749268433277027 off 0.45853783077313504 __DUMMY__ 0.06653532589916224	false	1.0
krass	neg 1.0		neg 0.4702004908773257 off 0.46394967390703706 __DUMMY__ 0.06584983521563725	false	1.0
revolte	neg 1.0		neg 0.4775761570411867 off 0.45602634474044307 __DUMMY__ 0.06639749821837022	false	1.0
besorgt	neg 1.0		neg 0.4774808178573268 off 0.45530903635360376 __DUMMY__ 0.06721014578906948	false	1.0
nachlassen	neg 1.0		neg 0.4824983513903007 off 0.4504520847469261 __DUMMY__ 0.06704956386277319	false	1.0
alt	neg 1.0		neg 0.4821265578748508 off 0.45122995789164383 __DUMMY__ 0.0666434842335054	false	1.0
hundesohn	off 1.0		off 0.4681693279701061 neg 0.46673397853156795 __DUMMY__ 0.06509669349832611	false	1.0
als			neg 0.4798498586203561 off 0.4532454847338028 __DUMMY__ 0.06690465664584117	false	0.0
abschreckung	neg 1.0		neg 0.4854571125652145 off 0.4475733227261681 __DUMMY__ 0.06696956470861737	false	1.0
unqualifiziert	neg 1.0		neg 0.47654523731378023 off 0.4573866680137555 __DUMMY__ 0.06606809467246415	false	1.0
abgewichst	off 1.0		neg 0.47866054029252686 off 0.45444331628823786 __DUMMY__ 0.06689614341923528	false	0.5
schwer	neg 1.0		neg 0.47965959591163526 off 0.45373666764897574 __DUMMY__ 0.06660373643938892	false	1.0
bedeutungslosigkeit	neg 1.0		neg 0.4844364694474883 off 0.4486650840977512 __DUMMY__ 0.06689844645476052	false	1.0
kapitulation	neg 1.0		neg 0.48300514372495873 off 0.4501530887586161 __DUMMY__ 0.0668417675164251	false	1.0
unscharf	neg 1.0		neg 0.4773274314528046 off 0.4564312409022374 __DUMMY__ 0.06624132764495802	false	1.0
schwinden	neg 1.0		neg 0.48508136123734036 off 0.4480502702841766 __DUMMY__ 0.06686836847848299	false	1.0
versklavung	neg 1.0		neg 0.4789283589004122 off 0.45459445943299154 __DUMMY__ 0.06647718166659629	false	1.0
schlecht	neg 1.0		neg 0.4714784655577712 off 0.46214322899674165 __DUMMY__ 0.06637830544548709	false	1.0
verhasst	neg 1.0		neg 0.48005231588004754 off 0.4538385386464745 __DUMMY__ 0.0661091454734779	false	1.0
beschweren	neg 1.0		neg 0.47662744952646247 off 0.4568709737235138 __DUMMY__ 0.06650157675002373	false	1.0
scheiden	neg 1.0		neg 0.47708365201339686 off 0.45603350680050264 __DUMMY__ 0.06688284118610044	false	1.0
frustriert	neg 1.0		neg 0.48111564867928486 off 0.4523030705725873 __DUMMY__ 0.06658128074812782	false	1.0
schimmelig	neg 1.0		neg 0.4846190215307191 off 0.44905989340280134 __DUMMY__ 0.06632108506647945	false	1.0
fisch	neg 1.0		neg 0.4860452640795189 off 0.4472407523228379 __DUMMY__ 0.06671398359764322	false	1.0
schmuggel	neg 1.0		neg 0.48362018060065365 off 0.4494595966269625 __DUMMY__ 0.06692022277238395	false	1.0
auffallen	neg 1.0		neg 0.47571832634444655 off 0.4578211151896207 __DUMMY__ 0.06646055846593271	false	1.0
konkurrenz	neg 1.0		neg 0.4856967042503009 off 0.4472927510987858 __DUMMY__ 0.06701054465091348	false	1.0
teufelskreis	neg 1.0	neg 1.0	neg 0.7269907554108423 off 0.241406141555438 __DUMMY__ 0.031603103033719736	false	1.0
aufschreien	neg 1.0		neg 0.47707439059866485 off 0.4566833606666002 __DUMMY__ 0.06624224873473498	false	1.0
schuldner	neg 1.0		neg 0.4869741230113587 off 0.4463919679033817 __DUMMY__ 0.0666339090852596	false	1.0
missgeburt	off 1.0	off 1.0	off 0.7179628902374862 neg 0.2509938868742274 __DUMMY__ 0.031043222888286415	false	1.0
arbeitslos	neg 1.0		neg 0.4826017097287851 off 0.4507949378883977 __DUMMY__ 0.06660335238281735	false	1.0
befallen	neg 1.0		neg 0.4830040594683062 off 0.45063766032959807 __DUMMY__ 0.06635828020209578	false	1.0
miesepetrig	off 1.0	off 1.0	off 0.7160365096614936 neg 0.2523927755855019 __DUMMY__ 0.031570714753004506	false	1.0
alarmieren	neg 1.0		neg 0.47640608179240757 off 0.45755239667875625 __DUMMY__ 0.06604152152883622	false	1.0
ungeduscht	off 1.0		neg 0.4761677037688291 off 0.45780231372822033 __DUMMY__ 0.06602998250295065	false	0.5
knappheit	neg 1.0		neg 0.4848101480496965 off 0.4487959863190052 __DUMMY__ 0.06639386563129825	false	1.0
schlange	neg 1.0		neg 0.4746051576626147 off 0.45848579321927346 __DUMMY__ 0.06690904911811185	false	1.0
harsch	neg 1.0		neg 0.46766565512146874 off 0.4662682023230296 __DUMMY__ 0.06606614255550172	false	1.0
lang	neg 1.0		neg 0.4773831705190385 off 0.4559377735801559 __DUMMY__ 0.06667905590080557	false	1.0
ziellos	neg 1.0		neg 0.48062468437509903 off 0.4523175525691132 __DUMMY__ 0.06705776305578766	false	1.0
selbstverliebt	neg 1.0		off 0.4695390487492868 neg 0.46548933112621754 __DUMMY__ 0.06497162012449566	false	0.5
beseitigen	neg 1.0		neg 0.48025229631834787 off 0.4530076689908029 __DUMMY__ 0.06674003469084919	false	1.0
dumm	off 1.0		neg 0.46771663803589575 off 0.4666648536325627 __DUMMY__ 0.0656185083315416	false	0.5
arbeitsloser	neg 1.0		neg 0.48031479444165875 off 0.4527243380546412 __DUMMY__ 0.06696086750370013	false	1.0
blitzen	neg 1.0		neg 0.47493192252061894 off 0.45855937929849677 __DUMMY__ 0.0665086981808842	false	1.0
hilflos	neg 1.0		neg 0.4814976108913604 off 0.4518866104197449 __DUMMY__ 0.06661577868889478	false	1.0
eklig	off 1.0		neg 0.46932761393638245 off 0.46543087234168645 __DUMMY__ 0.06524151372193117	false	0.5
begriff			neg 0.47930355983828 off 0.4540030936906523 __DUMMY__ 0.06669334647106777	false	0.0
hungersnot	neg 1.0		neg 0.4820003801848852 off 0.4512822112881137 __DUMMY__ 0.06671740852700114	false	1.0
ungesetzlich	neg 1.0		neg 0.48066945775852965 off 0.4531354581948639 __DUMMY__ 0.06619508404660653	false	1.0
verschwendung	neg 1.0		neg 0.48346890853343993 off 0.4496566322774885 __DUMMY__ 0.06687445918907156	false	1.0
schmerzvoll	neg 1.0		neg 0.4775291014682598 off 0.4560373572411443 __DUMMY__ 0.06643354129059591	false	1.0
vorzeitig	neg 1.0		neg 0.4771348699795625 off 0.4565972389423621 __DUMMY__ 0.0662678910780755	false	1.0
unvollkommenheit	neg 1.0		neg 0.47877775700381814 off 0.45397973911323997 __DUMMY__ 0.06724250388294196	false	1.0
intervenieren	neg 1.0		neg 0.48462818095880195 off 0.4486233023157695 __DUMMY__ 0.06674851672542849	false	1.0
banause	off 1.0		neg 0.4678658362811761 off 0.4672276273981408 __DUMMY__ 0.06490653632068308	false	0.5
rebell	neg 1.0		neg 0.48676183287075153 off 0.44609569422328127 __DUMMY__ 0.06714247290596714	false	1.0
unlogisch	neg 1.0		neg 0.47167401632379913 off 0.46249687503457254 __DUMMY__ 0.06582910864162841	false	1.0
leiden	neg 1.0		neg 0.482368793796606 off 0.45039932888239914 __DUMMY__ 0.06723187732099484	false	1.0
abschaffung	neg 1.0		neg 0.4787873189487455 off 0.45464216115325123 __DUMMY__ 0.06657051989800321	false	1.0
sturz	neg 1.0		neg 0.4777258394358512 off 0.45548966650268236 __DUMMY__ 0.06678449406146644	false	1.0
verkleinerung	neg 1.0		neg 0.47788071393928355 off 0.45601076206538177 __DUMMY__ 0.06610852399533461	false	1.0
schmarotzer	off 1.0		neg 0.48237655465268336 off 0.45115311736100916 __DUMMY__ 0.06647032798630749	false	0.5
bestrafung	neg 1.0		neg 0.4780667224785199 off 0.4554206038733353 __DUMMY__ 0.06651267364814495	false	1.0
achtlos	neg 1.0	neg 1.0	neg 0.7257938666856452 off 0.24239336055661875 __DUMMY__ 0.03181277275773603	false	1.0
ungeheuer	neg 1.0		neg 0.47584972110232293 off 0.4576311244750029 __DUMMY__ 0.06651915442267423	false	1.0
unaufrichtig	neg 1.0		neg 0.47334413852649615 off 0.45988525122860713 __DUMMY__ 0.0667706102448966	false	1.0
groggy	neg 1.0		neg 0.47572003928012635 off 0.4578455461838529 __DUMMY__ 0.06643441453602066	false	1.0
