unsolidarisch	neg 1.0		neg 0.49477943097623206 off 0.46470940346088696 __DUMMY__ 0.04051116556288092	false	1.0
nachteilig	neg 1.0		neg 0.49676260091799634 off 0.4623509114736087 __DUMMY__ 0.04088648760839502	false	1.0
skeptisch	neg 1.0		neg 0.4970862491895328 off 0.46197946807794205 __DUMMY__ 0.04093428273252527	false	1.0
schrecklich	neg 1.0		neg 0.482423019215861 off 0.4772326377942346 __DUMMY__ 0.04034434298990446	false	1.0
schlapp	neg 1.0		neg 0.4859814701527957 off 0.4734738792668154 __DUMMY__ 0.04054465058038903	false	1.0
abfall	neg 1.0		neg 0.49990737672021873 off 0.4589456808120723 __DUMMY__ 0.04114694246770906	false	1.0
widerspenstig	neg 1.0		neg 0.4915070070508749 off 0.4677490948449909 __DUMMY__ 0.04074389810413428	false	1.0
abrupt	neg 1.0		neg 0.4955191629276184 off 0.46350804319345984 __DUMMY__ 0.040972793878921825	false	1.0
unwirksam	neg 1.0		neg 0.4952305503334628 off 0.46431893462637647 __DUMMY__ 0.04045051504016074	false	1.0
angreifen	neg 1.0		neg 0.4984408975307988 off 0.4607345265063734 __DUMMY__ 0.04082457596282782	false	1.0
inkonsistent	neg 1.0		neg 0.49316567648024817 off 0.4663447952955241 __DUMMY__ 0.04048952822422772	false	1.0
abrutschen	neg 1.0		neg 0.5004924920321137 off 0.4584809486181069 __DUMMY__ 0.04102655934977943	false	1.0
unsicher	neg 1.0		neg 0.4907207128160345 off 0.46840586078040397 __DUMMY__ 0.04087342640356142	false	1.0
bauernkind	off 1.0	off 1.0	off 0.7211063144059073 neg 0.26007361735978274 __DUMMY__ 0.018820068234309914	false	1.0
angreifer	neg 1.0	neg 1.0	neg 0.7306574284592047 off 0.24993801066243518 __DUMMY__ 0.019404560878360125	false	1.0
trennen	neg 1.0		neg 0.4960220291474151 off 0.46289717397902974 __DUMMY__ 0.04108079687355531	false	1.0
schmutz	neg 1.0		neg 0.48862447989399843 off 0.4705275621584103 __DUMMY__ 0.040847957947591156	false	1.0
inkonsistenz	neg 1.0		neg 0.4900267912860916 off 0.46978870841789383 __DUMMY__ 0.040184500296014655	false	1.0
erschreckend	neg 1.0		neg 0.49354804909452166 off 0.4657502473334851 __DUMMY__ 0.04070170357199329	false	1.0
ertrinken	neg 1.0		neg 0.49760088337583347 off 0.46155808910865737 __DUMMY__ 0.040841027515509234	false	1.0
pickelface	off 1.0		neg 0.49287561227294313 off 0.4663334785929525 __DUMMY__ 0.040790909134104325	false	0.5
seiner			neg 0.49658464742395914 off 0.4624746333472666 __DUMMY__ 0.04094071922877432	false	0.0
lauch	neg 1.0		neg 0.499123135941462 off 0.459790304757409 __DUMMY__ 0.0410865593011289	false	1.0
unwichtig	neg 1.0		neg 0.48805817851277156 off 0.47151780861956905 __DUMMY__ 0.040424012867659384	false	1.0
steuerhinterziehung	neg 1.0	neg 1.0	neg 0.7341477994024495 off 0.24646623226154996 __DUMMY__ 0.019385968336000564	false	1.0
schock	neg 1.0		neg 0.4928924275355232 off 0.466321898164034 __DUMMY__ 0.04078567430044273	false	1.0
beule	neg 1.0		neg 0.4865578627956763 off 0.4730821887218735 __DUMMY__ 0.040359948482450184	false	1.0
vergelten	neg 1.0		neg 0.4819243307178421 off 0.47750715539213523 __DUMMY__ 0.040568513890022695	false	1.0
verdorbenheit	neg 1.0		neg 0.48846128074227685 off 0.47056179173533086 __DUMMY__ 0.04097692752239228	false	1.0
trauma	neg 1.0		neg 0.4911770359689739 off 0.4681306369452263 __DUMMY__ 0.04069232708579986	false	1.0
sinnlos	neg 1.0		neg 0.4897272505586477 off 0.4696244224030864 __DUMMY__ 0.04064832703826587	false	1.0
fettsack	off 1.0	off 1.0	off 0.7227383665849374 neg 0.2583547421007988 __DUMMY__ 0.01890689131426376	false	1.0
feige	off 1.0	off 1.0	off 0.7204049957270974 neg 0.2604571065639536 __DUMMY__ 0.01913789770894895	false	1.0
abdanken	neg 1.0		neg 0.49366184122199686 off 0.46564251331473716 __DUMMY__ 0.04069564546326594	false	1.0
wichtigtuer	off 1.0	off 1.0	off 0.7196150225697223 neg 0.26112616688948215 __DUMMY__ 0.019258810540795503	false	1.0
misslingen	neg 1.0		neg 0.48637568820719906 off 0.4724295690581613 __DUMMY__ 0.041194742734639696	false	1.0
untreu	off 1.0		neg 0.48718412489737284 off 0.4723794687445961 __DUMMY__ 0.040436406358031037	false	0.5
missmutig	neg 1.0		neg 0.4870004710177491 off 0.47244956016905043 __DUMMY__ 0.040549968813200304	false	1.0
hurenbock	off 1.0		neg 0.4894980209703336 off 0.4697954885611562 __DUMMY__ 0.04070649046851017	false	0.5
betrunken	neg 1.0		neg 0.48464519500078596 off 0.4749134401106329 __DUMMY__ 0.040441364888581056	false	1.0
korrupt	off 1.0		neg 0.4976149454837937 off 0.461830299384341 __DUMMY__ 0.04055475513186536	false	0.5
unmut	neg 1.0		neg 0.4996843341436983 off 0.45922338649982203 __DUMMY__ 0.04109227935647962	false	1.0
hackfresse	off 1.0		neg 0.4801620198620312 off 0.4797772928345442 __DUMMY__ 0.04006068730342444	false	0.5
aufblasen	neg 1.0		neg 0.48966804935362757 off 0.46962876221588484 __DUMMY__ 0.04070318843048768	false	1.0
gewaltsam	neg 1.0		neg 0.4936000602132868 off 0.4655989973930243 __DUMMY__ 0.04080094239368898	false	1.0
unbeliebtheit	neg 1.0		neg 0.49107304769628096 off 0.4686558643001056 __DUMMY__ 0.0402710880036134	false	1.0
sturheit	neg 1.0		neg 0.49486976118050346 off 0.4644630976680978 __DUMMY__ 0.04066714115139865	false	1.0
kuh	neg 1.0		neg 0.49352393886079243 off 0.4662458326474249 __DUMMY__ 0.040230228491782524	false	1.0
erschrecken	neg 1.0		neg 0.48689099976150224 off 0.47250045344835767 __DUMMY__ 0.04060854679014015	false	1.0
opfer	neg 1.0		neg 0.495716859100722 off 0.46340580515894686 __DUMMY__ 0.0408773357403312	false	1.0
sinken	neg 1.0		neg 0.49940471797114977 off 0.45956202344376473 __DUMMY__ 0.0410332585850855	false	1.0
stinktier	neg 1.0		neg 0.4875670696973166 off 0.47267557000659 __DUMMY__ 0.03975736029609328	false	1.0
tucke	off 1.0		neg 0.4812182180444886 off 0.4789779198473817 __DUMMY__ 0.03980386210812978	false	0.5
ein			neg 0.49077834923156566 off 0.4685239378422046 __DUMMY__ 0.04069771292622982	false	0.0
abstieg	neg 1.0		neg 0.4975274451106071 off 0.4616168595200574 __DUMMY__ 0.040855695369335476	false	1.0
missverstehen	neg 1.0		neg 0.49046462593856166 off 0.4690745495372171 __DUMMY__ 0.040460824524221325	false	1.0
ergebnislos	neg 1.0		neg 0.496454206577766 off 0.4625522769280991 __DUMMY__ 0.040993516494135	false	1.0
unter			neg 0.5019818712506154 off 0.45649774140515026 __DUMMY__ 0.041520387344234175	false	0.0
manipulieren	neg 1.0		neg 0.4974259720354409 off 0.4616122421978264 __DUMMY__ 0.04096178576673284	false	1.0
unbewiesen	neg 1.0		neg 0.49551555774327133 off 0.4640389955714832 __DUMMY__ 0.04044544668524535	false	1.0
verschleppen	neg 1.0		neg 0.49661104603947576 off 0.46263469106762006 __DUMMY__ 0.040754262892904146	false	1.0
weib	off 1.0		neg 0.48324457503895824 off 0.47707665793824433 __DUMMY__ 0.039678767022797365	false	0.5
opposition	neg 1.0		neg 0.4918187453860417 off 0.46764604653403913 __DUMMY__ 0.04053520807991924	false	1.0
verkehrswidrig	neg 1.0		off 0.4796930678075438 neg 0.4796878536112256 __DUMMY__ 0.04061907858123067	false	0.5
inkorrekt	neg 1.0		neg 0.4854303572570727 off 0.4744005464710576 __DUMMY__ 0.04016909627186965	false	1.0
vermeiden	neg 1.0	neg 1.0	neg 0.7358387807923865 off 0.24444778680101734 __DUMMY__ 0.019713432406596128	false	1.0
abweichung	neg 1.0		neg 0.4955609631465876 off 0.46354591830655906 __DUMMY__ 0.04089311854685318	false	1.0
alkoholisiert	neg 1.0		neg 0.4947378885440634 off 0.464192563532904 __DUMMY__ 0.04106954792303263	false	1.0
scheiss	off 1.0	off 1.0	off 0.7216156930095259 neg 0.25917687843086357 __DUMMY__ 0.01920742855961051	false	1.0
herausforderung	neg 1.0		neg 0.4963632975719057 off 0.4626341423105098 __DUMMY__ 0.041002560117584526	false	1.0
pervers	off 1.0		off 0.48230922846032764 neg 0.4778817031202702 __DUMMY__ 0.03980906841940228	false	1.0
wackelig	neg 1.0		neg 0.4909633284878808 off 0.46793508808374423 __DUMMY__ 0.041101583428374985	false	1.0
verwickeln	neg 1.0		neg 0.4910435930876384 off 0.46847293715682764 __DUMMY__ 0.040483469755533845	false	1.0
vorwand	neg 1.0		neg 0.49806424729621673 off 0.46101954655676647 __DUMMY__ 0.04091620614701689	false	1.0
muschi	off 1.0		neg 0.49276814934914015 off 0.4664486502458139 __DUMMY__ 0.040783200405045905	false	0.5
entmutigung	neg 1.0		neg 0.4921045441554483 off 0.4673141082303878 __DUMMY__ 0.04058134761416383	false	1.0
unangemessen	neg 1.0		neg 0.49554316037425167 off 0.46382830880204634 __DUMMY__ 0.040628530823701985	false	1.0
unstetig	neg 1.0		neg 0.4886582955634224 off 0.4706707967154732 __DUMMY__ 0.04067090772110439	false	1.0
entmutigen	neg 1.0		neg 0.4912508738393152 off 0.46807104760682944 __DUMMY__ 0.040678078553855315	false	1.0
schwanz	neg 1.0		neg 0.4954436662209055 off 0.4636903334154873 __DUMMY__ 0.040866000363607255	false	1.0
verbot	neg 1.0		neg 0.49623161609330485 off 0.4630241191304576 __DUMMY__ 0.04074426477623756	false	1.0
leid	neg 1.0		neg 0.4822226465574088 off 0.4776412640626414 __DUMMY__ 0.04013608937994968	false	1.0
archaisch	neg 1.0		neg 0.49408834270110685 off 0.4651809153492716 __DUMMY__ 0.04073074194962154	false	1.0
gegen			neg 0.4988690049101726 off 0.4600511633074023 __DUMMY__ 0.04107983178242508	false	0.0
scheidung	neg 1.0		off 0.4891748397585995 neg 0.47090639158825964 __DUMMY__ 0.039918768653141	false	0.5
einschlag	neg 1.0		neg 0.48425962243941706 off 0.4753915475471761 __DUMMY__ 0.040348830013406875	false	1.0
m			neg 0.4933384572659355 off 0.4657273005012619 __DUMMY__ 0.04093424223280268	false	0.0
abgestanden	neg 1.0		neg 0.49247600330244273 off 0.46694855940462054 __DUMMY__ 0.04057543729293667	false	1.0
schmierig	off 1.0		neg 0.4821983737246323 off 0.47755646737026824 __DUMMY__ 0.04024515890509955	false	0.5
unpraktisch	neg 1.0		neg 0.48990312641408795 off 0.46939105879657245 __DUMMY__ 0.04070581478933954	false	1.0
wixxer	off 1.0		off 0.48115691717090886 neg 0.47918181821341616 __DUMMY__ 0.03966126461567502	false	1.0
bezeichnet			neg 0.49407524816144693 off 0.46538913651091524 __DUMMY__ 0.04053561532763776	false	0.0
jammerlappen	off 1.0		neg 0.48653190285765513 off 0.47290246109111034 __DUMMY__ 0.04056563605123469	false	0.5
farce	neg 1.0		neg 0.49612760676571704 off 0.4632566099481216 __DUMMY__ 0.040615783286161326	false	1.0
zwecklos	neg 1.0		neg 0.49550193844492346 off 0.4638154551909013 __DUMMY__ 0.040682606364175325	false	1.0
turbulent	neg 1.0		neg 0.48821899002312785 off 0.47158276560906376 __DUMMY__ 0.040198244367808486	false	1.0
invasion	neg 1.0		neg 0.49018436275118354 off 0.4691868987459542 __DUMMY__ 0.04062873850286205	false	1.0
schuld	neg 1.0		neg 0.4923062611705308 off 0.4671351296371549 __DUMMY__ 0.04055860919231422	false	1.0
risiko	neg 1.0	neg 1.0	neg 0.7306710319974529 off 0.24987535813081085 __DUMMY__ 0.01945360987173623	false	1.0
finster	neg 1.0		neg 0.49195367575265087 off 0.46751627089185493 __DUMMY__ 0.04053005335549409	false	1.0
geisteskrank	off 1.0		neg 0.4878369904961369 off 0.47197134375467914 __DUMMY__ 0.04019166574918409	false	0.5
zusammenbrechen	neg 1.0		neg 0.49390647527088705 off 0.46527949455673207 __DUMMY__ 0.04081403017238096	false	1.0
ausbeute	neg 1.0		neg 0.4891066263971878 off 0.4694232303033751 __DUMMY__ 0.041470143299437046	false	1.0
hinterhalt	neg 1.0		neg 0.49025299647099574 off 0.46861206796620325 __DUMMY__ 0.041134935562801046	false	1.0
kritik	neg 1.0		neg 0.49663026798970655 off 0.4627729231109935 __DUMMY__ 0.040596808899300084	false	1.0
einschrumpfen	neg 1.0		neg 0.48948562448503075 off 0.4700969848954117 __DUMMY__ 0.04041739061955754	false	1.0
riskant	neg 1.0		neg 0.49746189931411083 off 0.4617162858254946 __DUMMY__ 0.04082181486039446	false	1.0
frustrieren	neg 1.0		neg 0.4960315494452396 off 0.46313542304994293 __DUMMY__ 0.04083302750481745	false	1.0
groll	neg 1.0		neg 0.4961909516996765 off 0.46312683779763014 __DUMMY__ 0.040682210502693356	false	1.0
gibt			neg 0.4932488781200205 off 0.46588489945728473 __DUMMY__ 0.04086622242269483	false	0.0
qualvoll	neg 1.0		neg 0.4889609090143741 off 0.4704496262906042 __DUMMY__ 0.04058946469502176	false	1.0
wackeln	neg 1.0		neg 0.489786995858151 off 0.4693838679831284 __DUMMY__ 0.04082913615872072	false	1.0
klagen	neg 1.0		neg 0.4997694078852337 off 0.4592485354223164 __DUMMY__ 0.040982056692449795	false	1.0
bankrott	neg 1.0		neg 0.48639940602315507 off 0.4729421237740449 __DUMMY__ 0.040658470202800126	false	1.0
trauern	neg 1.0		neg 0.495294453197747 off 0.4637264004859243 __DUMMY__ 0.04097914631632863	false	1.0
ablehnung	neg 1.0		neg 0.4963053638045921 off 0.46303298861288306 __DUMMY__ 0.040661647582524864	false	1.0
stur	neg 1.0		neg 0.49175998885525246 off 0.4676583859386641 __DUMMY__ 0.04058162520608333	false	1.0
aufruhr	neg 1.0		neg 0.4938657435275676 off 0.46540678153165227 __DUMMY__ 0.04072747494078006	false	1.0
melancholie	neg 1.0		neg 0.49554572343037945 off 0.4636329002389057 __DUMMY__ 0.04082137633071486	false	1.0
ist			neg 0.4898604058899987 off 0.4694726976754986 __DUMMY__ 0.04066689643450265	false	0.0
torheit	neg 1.0		neg 0.4923240898377958 off 0.4670064610983227 __DUMMY__ 0.04066944906388136	false	1.0
dreckskind	off 1.0		neg 0.48376554109401787 off 0.4763683700631332 __DUMMY__ 0.03986608884284893	false	0.5
umtauschen	neg 1.0		neg 0.4915755368434152 off 0.4676245938240819 __DUMMY__ 0.040799869332502924	false	1.0
zum			neg 0.4972774637319574 off 0.4612085500177038 __DUMMY__ 0.04151398625033869	false	0.0
zersetzen	neg 1.0		neg 0.4988292205649944 off 0.4603651334487966 __DUMMY__ 0.04080564598620893	false	1.0
zur			neg 0.4997988646264654 off 0.45882792002626055 __DUMMY__ 0.041373215347274096	false	0.0
frust	neg 1.0		neg 0.4938162396011746 off 0.46535491615395225 __DUMMY__ 0.04082884424487327	false	1.0
unerbittlichkeit	neg 1.0		neg 0.49819256115368477 off 0.4609359823074163 __DUMMY__ 0.04087145653889894	false	1.0
zwei			neg 0.4965450025736689 off 0.4620250733913595 __DUMMY__ 0.04142992403497171	false	0.0
unkorrekt	neg 1.0		neg 0.4839958942564837 off 0.47565870589303255 __DUMMY__ 0.04034539985048372	false	1.0
hexe	off 1.0		neg 0.49068107283283646 off 0.469192046460391 __DUMMY__ 0.04012688070677273	false	0.5
lasch	neg 1.0		neg 0.489921844709399 off 0.4696936517069672 __DUMMY__ 0.04038450358363378	false	1.0
rivale	neg 1.0		neg 0.48576236450591315 off 0.4739300699511452 __DUMMY__ 0.040307565542941536	false	1.0
mutlos	off 1.0	off 1.0	off 0.715501363421524 neg 0.2650963951130503 __DUMMY__ 0.019402241465425824	false	1.0
wirr	off 1.0		neg 0.4853198699958837 off 0.474567647868696 __DUMMY__ 0.040112482135420326	false	0.5
jahr			neg 0.49148552398641904 off 0.46695842669494747 __DUMMY__ 0.04155604931863348	false	0.0
wird			neg 0.4950831960234468 off 0.46407039359229296 __DUMMY__ 0.04084641038426028	false	0.0
strafbar	neg 1.0		neg 0.4964312976163612 off 0.46271167153454795 __DUMMY__ 0.04085703084909092	false	1.0
erosion	neg 1.0		neg 0.4904832687851573 off 0.4686433186459435 __DUMMY__ 0.04087341256889917	false	1.0
eingehen	neg 1.0		neg 0.49674305432682164 off 0.4624574258646164 __DUMMY__ 0.04079951980856188	false	1.0
faul	off 1.0		neg 0.4868738916210788 off 0.47251553426042076 __DUMMY__ 0.04061057411850049	false	0.5
provisorium	neg 1.0		neg 0.49967901679562626 off 0.4586703461456631 __DUMMY__ 0.04165063705871054	false	1.0
schmerzen	neg 1.0		neg 0.4943195316050334 off 0.4650405105042831 __DUMMY__ 0.0406399578906835	false	1.0
schrumpfen	neg 1.0		neg 0.5023069704791209 off 0.4566037332241625 __DUMMY__ 0.04108929629671659	false	1.0
geistlos	off 1.0		neg 0.49204462534191523 off 0.46760557873134406 __DUMMY__ 0.040349795926740754	false	0.5
fehlkauf	neg 1.0		neg 0.49040079363514444 off 0.4689607425849695 __DUMMY__ 0.04063846377988592	false	1.0
frustrierend	neg 1.0		neg 0.4877575161645595 off 0.4716597126036943 __DUMMY__ 0.04058277123174618	false	1.0
unzufrieden	neg 1.0		neg 0.4955852539331663 off 0.4636990924686784 __DUMMY__ 0.04071565359815516	false	1.0
verzweifeln	neg 1.0		neg 0.49332198225546603 off 0.46592975484200555 __DUMMY__ 0.04074826290252826	false	1.0
verzweifelt	neg 1.0	neg 1.0	neg 0.7324127236857124 off 0.24832793124019062 __DUMMY__ 0.019259345074096976	false	1.0
misstrauensantrag	neg 1.0		neg 0.4898564023321066 off 0.46951217457539246 __DUMMY__ 0.040631423092500944	false	1.0
abfallen	neg 1.0		neg 0.4897519625749389 off 0.46943229031546896 __DUMMY__ 0.04081574710959201	false	1.0
fucker	off 1.0		neg 0.4840853934255755 off 0.47550730333573676 __DUMMY__ 0.04040730323868789	false	0.5
ungezogen	neg 1.0		off 0.48149268744381146 neg 0.4786448525918797 __DUMMY__ 0.03986245996430876	false	0.5
irrsinnig	neg 1.0	neg 1.0	neg 0.7319923214808798 off 0.24870702268687986 __DUMMY__ 0.019300655832240294	false	1.0
unfassbar	neg 1.0		neg 0.485381297257227 off 0.4741097363384722 __DUMMY__ 0.04050896640430093	false	1.0
hart	neg 1.0		neg 0.48714481384755737 off 0.4724556472425165 __DUMMY__ 0.040399538909926216	false	1.0
widerlich	off 1.0		neg 0.4866822327992322 off 0.47301995526045626 __DUMMY__ 0.04029781194031146	false	0.5
fatal	neg 1.0		neg 0.48990040929932394 off 0.469481682073605 __DUMMY__ 0.04061790862707093	false	1.0
bruch	neg 1.0		neg 0.49905039767223586 off 0.4599472128403555 __DUMMY__ 0.041002389487408655	false	1.0
aushungern	neg 1.0		neg 0.49435521192048726 off 0.46484109468430446 __DUMMY__ 0.04080369339520845	false	1.0
anspannung	neg 1.0		neg 0.49929400314207406 off 0.4593753466650519 __DUMMY__ 0.041330650192874054	false	1.0
von			neg 0.49060262273831645 off 0.4677556427822571 __DUMMY__ 0.04164173447942646	false	0.0
kraftlos	neg 1.0		neg 0.4939737645220477 off 0.465150544878755 __DUMMY__ 0.04087569059919717	false	1.0
vom			neg 0.4986030337088633 off 0.4597097076205528 __DUMMY__ 0.04168725867058393	false	0.0
grenzdebil	off 1.0		neg 0.4850032593435201 off 0.4745011568604943 __DUMMY__ 0.04049558379598565	false	0.5
vor			neg 0.49657894760289273 off 0.4622767543268882 __DUMMY__ 0.04114429807021908	false	0.0
unterwerfen	neg 1.0		neg 0.4963591258632259 off 0.4628168773818613 __DUMMY__ 0.040823996754912925	false	1.0
versenkung	neg 1.0		neg 0.4942431301475816 off 0.46474491976052257 __DUMMY__ 0.04101195009189593	false	1.0
entziehen	neg 1.0		neg 0.49863701300714736 off 0.4603471373488362 __DUMMY__ 0.04101584964401645	false	1.0
finanzkrise	neg 1.0		neg 0.4961344545715676 off 0.46335102680342244 __DUMMY__ 0.04051451862500991	false	1.0
schimpfend	neg 1.0		neg 0.4901398789322857 off 0.46924201602531873 __DUMMY__ 0.04061810504239551	false	1.0
profan	neg 1.0		neg 0.4899152476796872 off 0.46954051253609497 __DUMMY__ 0.040544239784217784	false	1.0
korruption	neg 1.0		neg 0.4969088936857006 off 0.46237829505455746 __DUMMY__ 0.04071281125974193	false	1.0
â			neg 0.4935884899740816 off 0.4654284803815059 __DUMMY__ 0.04098302964441236	false	0.0
schmutzig	neg 1.0		neg 0.48445875798864535 off 0.4750504969709315 __DUMMY__ 0.04049074504042318	false	1.0
sexy	neg 1.0		neg 0.4875366465125583 off 0.4718113704496168 __DUMMY__ 0.04065198303782489	false	1.0
abraten	neg 1.0		neg 0.48890011361727287 off 0.47037392135654793 __DUMMY__ 0.040725965026179145	false	1.0
schwarz	neg 1.0		neg 0.49078723339095864 off 0.46858386465306423 __DUMMY__ 0.04062890195597729	false	1.0
fotze	off 1.0	off 1.0	off 0.7175862380257657 neg 0.2629438484391471 __DUMMY__ 0.01946991353508722	false	1.0
verwirren	neg 1.0		neg 0.4890874458874855 off 0.4703453093023395 __DUMMY__ 0.040567244810175054	false	1.0
zahnlos	off 1.0		neg 0.49449327843733387 off 0.46479260345591517 __DUMMY__ 0.04071411810675103	false	0.5
verheeren	neg 1.0		off 0.4829506949783418 neg 0.4772009400282435 __DUMMY__ 0.03984836499341468	false	0.5
hippie	neg 1.0		neg 0.48815365025608637 off 0.4712010185784953 __DUMMY__ 0.04064533116541823	false	1.0
rammen	neg 1.0		neg 0.4940117280596458 off 0.4656529316568669 __DUMMY__ 0.04033534028348722	false	1.0
unlauter	neg 1.0		neg 0.49322267516205825 off 0.46629471278842943 __DUMMY__ 0.04048261204951232	false	1.0
unheilvoll	neg 1.0		neg 0.49055605313955913 off 0.46883849924809917 __DUMMY__ 0.040605447612341736	false	1.0
niedrig	neg 1.0		neg 0.4984267808959276 off 0.4608116858271647 __DUMMY__ 0.04076153327690762	false	1.0
explosion	neg 1.0		neg 0.4890066266259103 off 0.4703680122017274 __DUMMY__ 0.040625361172362345	false	1.0
weichei	off 1.0	off 1.0	off 0.724204998832973 neg 0.2567609865564643 __DUMMY__ 0.0190340146105627	false	1.0
minusmensch	off 1.0		neg 0.4830462166819971 off 0.47730772579482295 __DUMMY__ 0.03964605752317992	false	0.5
farblos	neg 1.0		neg 0.4921759647830803 off 0.46706874035633955 __DUMMY__ 0.04075529486058007	false	1.0
unwissend	neg 1.0	neg 1.0	neg 0.729649006127815 off 0.2511252240524538 __DUMMY__ 0.01922576981973121	false	1.0
traurig	neg 1.0		neg 0.48276837981606663 off 0.4768154972176028 __DUMMY__ 0.04041612296633076	false	1.0
senkung	neg 1.0		neg 0.491356570937857 off 0.46822956658692416 __DUMMY__ 0.04041386247521896	false	1.0
ungleich	neg 1.0	neg 1.0	neg 0.7350111696933265 off 0.2455399271905138 __DUMMY__ 0.019448903116159703	false	1.0
heikel	neg 1.0		neg 0.49727557126552674 off 0.46188445238106113 __DUMMY__ 0.04083997635341216	false	1.0
drosselung	neg 1.0		neg 0.48625893476969834 off 0.47334657221726567 __DUMMY__ 0.04039449301303614	false	1.0
falsch	neg 1.0		neg 0.48804837480890595 off 0.47142853308487587 __DUMMY__ 0.04052309210621814	false	1.0
unzufriedenheit	neg 1.0		neg 0.49846887983579785 off 0.4605936471454582 __DUMMY__ 0.040937473018743925	false	1.0
kurz	neg 1.0		neg 0.4910325800922894 off 0.46794349207254243 __DUMMY__ 0.0410239278351683	false	1.0
unsinnig	neg 1.0		neg 0.494369971746239 off 0.46494160884295366 __DUMMY__ 0.040688419410807405	false	1.0
penner	off 1.0	off 1.0	off 0.7250599339939507 neg 0.2559337288161822 __DUMMY__ 0.019006337189867113	false	1.0
seicht	neg 1.0		off 0.4808162731987572 neg 0.4793143744717147 __DUMMY__ 0.039869352329528124	false	0.5
dummheit	off 1.0	off 1.0	off 0.7193702749324625 neg 0.26141899168495075 __DUMMY__ 0.019210733382586633	false	1.0
unerfreulich	neg 1.0		neg 0.4969636885561481 off 0.46205827842810976 __DUMMY__ 0.04097803301574213	false	1.0
motherfucker	off 1.0	off 1.0	off 0.7224436586206341 neg 0.25835721001158335 __DUMMY__ 0.0191991313677826	false	1.0
pikiert	neg 1.0		neg 0.4877471511351711 off 0.4719442514606499 __DUMMY__ 0.040308597404179074	false	1.0
wrack	neg 1.0		neg 0.49345985423592337 off 0.4656415962962021 __DUMMY__ 0.040898549467874676	false	1.0
gangster	neg 1.0		neg 0.48827366723947735 off 0.4711005787305523 __DUMMY__ 0.04062575402997051	false	1.0
krank	neg 1.0		neg 0.4844939076892921 off 0.47497008065010743 __DUMMY__ 0.040536011660600425	false	1.0
reich	neg 1.0		neg 0.4860832282160356 off 0.4733576410108626 __DUMMY__ 0.040559130773101866	false	1.0
gnadenlos	neg 1.0		neg 0.49210218708446235 off 0.4673267766712394 __DUMMY__ 0.04057103624429835	false	1.0
niedergeschlagen	neg 1.0		neg 0.4928104798108104 off 0.4663409439955488 __DUMMY__ 0.04084857619364085	false	1.0
terrorisieren	off 1.0	off 1.0	off 0.7165268257205467 neg 0.2639835581150044 __DUMMY__ 0.01948961616444882	false	1.0
sinnlosigkeit	neg 1.0		neg 0.49483745907660387 off 0.46441646826293864 __DUMMY__ 0.04074607266045753	false	1.0
behindern	neg 1.0		neg 0.4927944786161176 off 0.4664427921835357 __DUMMY__ 0.04076272920034661	false	1.0
undemokratisch	neg 1.0		neg 0.4919689671602145 off 0.46740818319853694 __DUMMY__ 0.04062284964124868	false	1.0
wirtschaftskrise	neg 1.0		neg 0.49778576533062613 off 0.4615603377107044 __DUMMY__ 0.04065389695866939	false	1.0
neid	neg 1.0		neg 0.4857711749439288 off 0.4734830655604634 __DUMMY__ 0.040745759495607964	false	1.0
rutschen	neg 1.0		neg 0.49698906111912006 off 0.461602257090801 __DUMMY__ 0.04140868179007888	false	1.0
rezession	neg 1.0		neg 0.4883349456117867 off 0.4718027677915437 __DUMMY__ 0.03986228659666954	false	1.0
fehlgeburt	neg 1.0		neg 0.4888619385689327 off 0.4703688503289466 __DUMMY__ 0.040769211102120895	false	1.0
charakterschwach	off 1.0		neg 0.4868104589949966 off 0.47287577168761813 __DUMMY__ 0.04031376931738529	false	0.5
isolation	neg 1.0		neg 0.48795149923868447 off 0.47144777827126244 __DUMMY__ 0.04060072249005303	false	1.0
ablenkung	neg 1.0		neg 0.4907268112317594 off 0.4684360512948871 __DUMMY__ 0.0408371374733536	false	1.0
pech	neg 1.0		neg 0.4877622466993383 off 0.47165466252008176 __DUMMY__ 0.04058309078057992	false	1.0
vermeidung	neg 1.0		neg 0.4857316635065786 off 0.4738400282697923 __DUMMY__ 0.040428308223629	false	1.0
dominieren	neg 1.0		neg 0.4966323591765118 off 0.46253919871119475 __DUMMY__ 0.04082844211229355	false	1.0
schwindlig	neg 1.0		neg 0.48846416431818274 off 0.47080134963263254 __DUMMY__ 0.0407344860491847	false	1.0
lutscher	neg 1.0	neg 1.0	neg 0.7247215262074682 off 0.25633260308016553 __DUMMY__ 0.018945870712366274	false	1.0
pflicht	neg 1.0		neg 0.49835669224101825 off 0.4607414356197309 __DUMMY__ 0.040901872139250915	false	1.0
faschist	off 1.0		neg 0.48903803111535454 off 0.47040488462395236 __DUMMY__ 0.04055708426069311	false	0.5
verschleudern	neg 1.0		neg 0.49788407587055883 off 0.46131297976178365 __DUMMY__ 0.04080294436765754	false	1.0
wenn			neg 0.4879928476277397 off 0.47149262926466107 __DUMMY__ 0.04051452310759922	false	0.0
ehebruch	neg 1.0		neg 0.49592864788470126 off 0.4632650109482468 __DUMMY__ 0.040806341167051854	false	1.0
spott	off 1.0		neg 0.49702314521076274 off 0.4622065234006911 __DUMMY__ 0.040770331388546056	false	0.5
trostlosigkeit	neg 1.0		neg 0.49845583669736226 off 0.46057033206759684 __DUMMY__ 0.040973831235040815	false	1.0
lutschen	neg 1.0		neg 0.49007329531055777 off 0.46952879981207324 __DUMMY__ 0.04039790487736895	false	1.0
undiszipliniert	neg 1.0		neg 0.48419803881474616 off 0.47545242164788837 __DUMMY__ 0.040349539537365406	false	1.0
kopfschmerz	neg 1.0		neg 0.4959061195194398 off 0.46346309125131124 __DUMMY__ 0.04063078922924906	false	1.0
unvorhergesehen	neg 1.0		neg 0.4935251998688769 off 0.4652581624753852 __DUMMY__ 0.04121663765573772	false	1.0
desinteressiert	neg 1.0	neg 1.0	neg 0.7284185813555605 off 0.25240934712745217 __DUMMY__ 0.019172071516987445	false	1.0
armselig	off 1.0		neg 0.48528711469193786 off 0.47454666573860144 __DUMMY__ 0.04016621956946062	false	0.5
desaster	neg 1.0		neg 0.49982257791688645 off 0.4591662524471347 __DUMMY__ 0.041011169635978825	false	1.0
tod	neg 1.0		neg 0.49380947312036716 off 0.4652267323964589 __DUMMY__ 0.04096379448317401	false	1.0
herzlos	neg 1.0		neg 0.48428015999230123 off 0.47545306689143346 __DUMMY__ 0.04026677311626532	false	1.0
unwissenheit	neg 1.0		neg 0.49566266959774324 off 0.46362147552491445 __DUMMY__ 0.04071585487734234	false	1.0
widersinnig	neg 1.0		neg 0.4972139577560064 off 0.46222520759214414 __DUMMY__ 0.04056083465184945	false	1.0
bedenklich	neg 1.0		neg 0.49634846425251383 off 0.462881135615867 __DUMMY__ 0.04077040013161926	false	1.0
beanstanden	neg 1.0		neg 0.4983183801526726 off 0.4607294636272371 __DUMMY__ 0.040952156220090276	false	1.0
panisch	neg 1.0	neg 1.0	neg 0.729579813321314 off 0.2509797736260655 __DUMMY__ 0.01944041305262051	false	1.0
debil	off 1.0		neg 0.5017212492283223 off 0.4569230826284668 __DUMMY__ 0.041355668143210844	false	0.5
abstrich	neg 1.0		neg 0.48939016807032715 off 0.46952294029679265 __DUMMY__ 0.0410868916328801	false	1.0
primitiv	neg 1.0		neg 0.48654822564578 off 0.47316807732678046 __DUMMY__ 0.04028369702743958	false	1.0
abschaum	off 1.0	off 1.0	off 0.7211172043451914 neg 0.259677097388494 __DUMMY__ 0.019205698266314596	false	1.0
provozieren	neg 1.0		neg 0.4930292166377622 off 0.46646666874415477 __DUMMY__ 0.04050411461808298	false	1.0
tot	neg 1.0		neg 0.4948013249269501 off 0.4643924707325386 __DUMMY__ 0.04080620434051129	false	1.0
instabil	neg 1.0		neg 0.485805501262125 off 0.4739999188019961 __DUMMY__ 0.040194579935878896	false	1.0
schwuchtel	off 1.0	off 1.0	off 0.7272704005517704 neg 0.2539564173131647 __DUMMY__ 0.018773182135064924	false	1.0
zerren	neg 1.0		neg 0.4939334737059225 off 0.46524269672710583 __DUMMY__ 0.04082382956697172	false	1.0
kinderficker	off 1.0		neg 0.48126082984627655 off 0.47854802232084276 __DUMMY__ 0.04019114783288055	false	0.5
gefahr	neg 1.0		neg 0.49758424325857453 off 0.461371161302529 __DUMMY__ 0.041044595438896526	false	1.0
rabiat	neg 1.0		neg 0.49184402973384106 off 0.4674276775242345 __DUMMY__ 0.04072829274192442	false	1.0
verlangsamung	neg 1.0		neg 0.4833505873426504 off 0.4768650318550035 __DUMMY__ 0.03978438080234612	false	1.0
ausgestorben	neg 1.0		neg 0.4915358193501866 off 0.46766313032372697 __DUMMY__ 0.040801050326086385	false	1.0
anklagen	neg 1.0		neg 0.4959118935550189 off 0.4633157094369889 __DUMMY__ 0.04077239700799227	false	1.0
trott	neg 1.0		neg 0.49221741830250837 off 0.4670109597496867 __DUMMY__ 0.040771621947805	false	1.0
verminderung	neg 1.0		neg 0.48550163034003047 off 0.4741041811826814 __DUMMY__ 0.04039418847728817	false	1.0
nach			neg 0.49765913173666587 off 0.4608343446879109 __DUMMY__ 0.041506523575423136	false	0.0
rost	neg 1.0		neg 0.48139927217626416 off 0.47848479577670194 __DUMMY__ 0.040115932047033884	false	1.0
destruktiv	neg 1.0		neg 0.4933728491719773 off 0.4659951923532208 __DUMMY__ 0.04063195847480182	false	1.0
unzumutbarkeit	neg 1.0		neg 0.48591670570042667 off 0.473546760535625 __DUMMY__ 0.040536533763948245	false	1.0
labil	off 1.0	off 1.0	off 0.720914982506171 neg 0.25983597761935434 __DUMMY__ 0.01924903987447466	false	1.0
ziemlich	neg 1.0		neg 0.4846843831443575 off 0.47472546153458123 __DUMMY__ 0.04059015532106125	false	1.0
lachnummer	off 1.0		neg 0.49302382230489 off 0.4663929855371113 __DUMMY__ 0.04058319215799876	false	0.5
oder			neg 0.4899071801868559 off 0.46928760144214576 __DUMMY__ 0.040805218370998375	false	0.0
verfall	neg 1.0		neg 0.5015831092882049 off 0.4572663931239953 __DUMMY__ 0.041150497587799775	false	1.0
ausgrenzung	neg 1.0		neg 0.49140164488152727 off 0.46800341560920244 __DUMMY__ 0.0405949395092702	false	1.0
unordnung	neg 1.0		neg 0.48232764148992724 off 0.47713414581383995 __DUMMY__ 0.04053821269623277	false	1.0
fehlverhalten	neg 1.0		neg 0.4988659295667825 off 0.4603605384782131 __DUMMY__ 0.04077353195500432	false	1.0
eine			neg 0.49602276825868125 off 0.4628674976508563 __DUMMY__ 0.041109734090462376	false	0.0
nille	neg 1.0		neg 0.491985825733497 off 0.46720334313552087 __DUMMY__ 0.04081083113098218	false	1.0
qual	neg 1.0		neg 0.49251800132460544 off 0.4666841985631081 __DUMMY__ 0.04079780011228647	false	1.0
verschwenden	neg 1.0		neg 0.4970815382704433 off 0.4621389642526973 __DUMMY__ 0.0407794974768594	false	1.0
riesig	neg 1.0		neg 0.49453500916699905 off 0.4645104928043075 __DUMMY__ 0.04095449802869347	false	1.0
verurteilen	neg 1.0		neg 0.4968967028714366 off 0.4624852421414592 __DUMMY__ 0.04061805498710414	false	1.0
klischee	neg 1.0	neg 1.0	neg 0.7307809379605852 off 0.24999718146629765 __DUMMY__ 0.01922188057311717	false	1.0
diktatorisch	neg 1.0		neg 0.4922578802543038 off 0.4671707024945212 __DUMMY__ 0.040571417251175065	false	1.0
vorhersehbar	neg 1.0		neg 0.4904253380242917 off 0.4691455484417151 __DUMMY__ 0.0404291135339932	false	1.0
sowie			neg 0.4838348906535269 off 0.47613084550434503 __DUMMY__ 0.04003426384212801	false	0.0
stornieren	neg 1.0		neg 0.48613471762197275 off 0.4728493148293648 __DUMMY__ 0.041015967548662394	false	1.0
besteuerung	neg 1.0		neg 0.4943518673274051 off 0.46523015410551616 __DUMMY__ 0.04041797856707881	false	1.0
ungeschminkt	neg 1.0		neg 0.4885329339988836 off 0.4713401932869509 __DUMMY__ 0.040126872714165575	false	1.0
kritisch	neg 1.0		neg 0.4962912325377577 off 0.46289359186723283 __DUMMY__ 0.04081517559500945	false	1.0
schlamperei	off 1.0		neg 0.4966458507926673 off 0.46239028499165324 __DUMMY__ 0.04096386421567937	false	0.5
sucht	neg 1.0	neg 1.0	neg 0.7292545740095727 off 0.25113686448117134 __DUMMY__ 0.0196085615092559	false	1.0
egoistisch	off 1.0		neg 0.4821944002589976 off 0.47773803246453733 __DUMMY__ 0.04006756727646497	false	0.5
ausbeuter	off 1.0		neg 0.4995518672264619 off 0.4597395876127949 __DUMMY__ 0.04070854516074338	false	0.5
arschgeburt	off 1.0		off 0.4825466122633158 neg 0.4779949109976226 __DUMMY__ 0.03945847673906161	false	1.0
schubs	neg 1.0		neg 0.49303421954673127 off 0.46609403128240334 __DUMMY__ 0.04087174917086528	false	1.0
unsolide	neg 1.0		neg 0.49263204032558855 off 0.4669284742528078 __DUMMY__ 0.04043948542160359	false	1.0
beschwerde	neg 1.0		neg 0.49752154294673817 off 0.4617037367683745 __DUMMY__ 0.04077472028488734	false	1.0
stocken	neg 1.0		neg 0.4968329014359503 off 0.4622686783499563 __DUMMY__ 0.040898420214093345	false	1.0
isolieren	neg 1.0		neg 0.49578915582619926 off 0.4634200012441654 __DUMMY__ 0.040790842929635265	false	1.0
unheilbar	neg 1.0		neg 0.4918684579466272 off 0.46742669692040195 __DUMMY__ 0.040704845132970895	false	1.0
pisser	off 1.0		neg 0.486444702519402 off 0.4734293661971206 __DUMMY__ 0.04012593128347743	false	0.5
löschen	neg 1.0		neg 0.49194267112689893 off 0.4673005187093749 __DUMMY__ 0.04075681016372618	false	1.0
durchfallen	neg 1.0		neg 0.49652664282146997 off 0.46277671483211225 __DUMMY__ 0.04069664234641777	false	1.0
wichser	off 1.0	off 1.0	off 0.7266754667521196 neg 0.25439801456701006 __DUMMY__ 0.018926518680870332	false	1.0
terror	neg 1.0		neg 0.4882178806911548 off 0.4711163181946891 __DUMMY__ 0.04066580111415615	false	1.0
krass	neg 1.0		neg 0.48333524273935885 off 0.4764194982803332 __DUMMY__ 0.040245258980308014	false	1.0
revolte	neg 1.0		neg 0.4908562725257829 off 0.4685625932549961 __DUMMY__ 0.040581134219220986	false	1.0
besorgt	neg 1.0		neg 0.49092118611188024 off 0.4679993824450789 __DUMMY__ 0.041079431443041006	false	1.0
nachlassen	neg 1.0		neg 0.49592111491933233 off 0.4630980856903081 __DUMMY__ 0.040980799390359736	false	1.0
alt	neg 1.0		neg 0.49546215526734017 off 0.4638062241781344 __DUMMY__ 0.0407316205545255	false	1.0
hundesohn	off 1.0		off 0.4805020594390468 neg 0.47971430113518543 __DUMMY__ 0.03978363942576779	false	1.0
als			neg 0.4932358399893125 off 0.46587184328551123 __DUMMY__ 0.040892316725176216	false	0.0
abschreckung	neg 1.0		neg 0.4988802471325537 off 0.4601876326451086 __DUMMY__ 0.04093212022233769	false	1.0
unqualifiziert	neg 1.0		neg 0.4897538327802593 off 0.4698667600578394 __DUMMY__ 0.04037940716190137	false	1.0
abgewichst	off 1.0		neg 0.4920412176268144 off 0.4670716686504254 __DUMMY__ 0.040887113722760264	false	0.5
schwer	neg 1.0		neg 0.49298332007315615 off 0.46630871874620944 __DUMMY__ 0.04070796118063436	false	1.0
bedeutungslosigkeit	neg 1.0		neg 0.497840785689425 off 0.4612705716916595 __DUMMY__ 0.040888642618915394	false	1.0
kapitulation	neg 1.0		neg 0.49639468376230733 off 0.46275164621246395 __DUMMY__ 0.04085367002522865	false	1.0
unscharf	neg 1.0		neg 0.49056286437450874 off 0.4689520069103721 __DUMMY__ 0.04048512871511913	false	1.0
schwinden	neg 1.0		neg 0.49848144252690907 off 0.4606486647582306 __DUMMY__ 0.04086989271486021	false	1.0
versklavung	neg 1.0		neg 0.4922295557222656 off 0.4671404274780892 __DUMMY__ 0.04063001679964514	false	1.0
schlecht	neg 1.0		neg 0.4847286382972241 off 0.47470176989076845 __DUMMY__ 0.04056959181200734	false	1.0
verhasst	neg 1.0		neg 0.4932792975336215 off 0.4663159549007015 __DUMMY__ 0.040404747565676906	false	1.0
beschweren	neg 1.0		neg 0.4899207720432308 off 0.4694339282190303 __DUMMY__ 0.040645299737739046	false	1.0
scheiden	neg 1.0		neg 0.4904532095292807 off 0.46866859373921455 __DUMMY__ 0.040878196731504716	false	1.0
frustriert	neg 1.0		neg 0.49444074320986825 off 0.46486499540341636 __DUMMY__ 0.04069426138671536	false	1.0
schimmelig	neg 1.0		neg 0.4978956270290186 off 0.4615703764512776 __DUMMY__ 0.04053399651970397	false	1.0
fisch	neg 1.0		neg 0.49940624422449054 off 0.45981919096633644 __DUMMY__ 0.04077456480917304	false	1.0
schmuggel	neg 1.0		neg 0.49702527692634435 off 0.46207336169236607 __DUMMY__ 0.04090136138128961	false	1.0
auffallen	neg 1.0		neg 0.488999654041696 off 0.4703802482859097 __DUMMY__ 0.040620097672394266	false	1.0
konkurrenz	neg 1.0		neg 0.49912751785620124 off 0.4599153479082585 __DUMMY__ 0.04095713423554029	false	1.0
teufelskreis	neg 1.0	neg 1.0	neg 0.7333250376516183 off 0.2473786429406475 __DUMMY__ 0.019296319407734294	false	1.0
aufschreien	neg 1.0		neg 0.49031680304592196 off 0.4691968865125262 __DUMMY__ 0.04048631044155174	false	1.0
schuldner	neg 1.0		neg 0.500333036830033 off 0.45894080423609035 __DUMMY__ 0.04072615893387658	false	1.0
missgeburt	off 1.0	off 1.0	off 0.7238350875783032 neg 0.2572111030676472 __DUMMY__ 0.01895380935404948	false	1.0
arbeitslos	neg 1.0		neg 0.49593801935017895 off 0.4633541963545627 __DUMMY__ 0.040707784295258204	false	1.0
befallen	neg 1.0		neg 0.4962929171383101 off 0.46315020888559666 __DUMMY__ 0.040556873976093206	false	1.0
miesepetrig	off 1.0	off 1.0	off 0.7220092022884782 neg 0.25871447580550627 __DUMMY__ 0.019276321906015484	false	1.0
alarmieren	neg 1.0		neg 0.48961015367893046 off 0.4700269733698107 __DUMMY__ 0.04036287295125886	false	1.0
ungeduscht	off 1.0		neg 0.4893566565910162 off 0.47028763781041244 __DUMMY__ 0.04035570559857146	false	0.5
knappheit	neg 1.0		neg 0.4981122298671529 off 0.4613088863850578 __DUMMY__ 0.0405788837477893	false	1.0
schlange	neg 1.0		neg 0.4879720672465406 off 0.4711330451596225 __DUMMY__ 0.040894887593836936	false	1.0
harsch	neg 1.0		neg 0.4808388350588947 off 0.4787833333117126 __DUMMY__ 0.04037783162939259	false	1.0
lang	neg 1.0		neg 0.4907144538212798 off 0.4685313660895637 __DUMMY__ 0.040754180089156454	false	1.0
ziellos	neg 1.0		neg 0.49404404744519526 off 0.4649697312246686 __DUMMY__ 0.04098622133013598	false	1.0
selbstverliebt	neg 1.0		off 0.4818580247097678 neg 0.47843497641309524 __DUMMY__ 0.03970699887713689	false	0.5
beseitigen	neg 1.0		neg 0.49360735798851424 off 0.4656017527932038 __DUMMY__ 0.04079088921828186	false	1.0
dumm	off 1.0		neg 0.48079929381064834 off 0.479097086376587 __DUMMY__ 0.040103619812764564	false	0.5
arbeitsloser	neg 1.0		neg 0.493719346590808 off 0.46535392486601496 __DUMMY__ 0.040926728543177006	false	1.0
blitzen	neg 1.0		neg 0.48822169270209415 off 0.47112870870311013 __DUMMY__ 0.04064959859479582	false	1.0
hilflos	neg 1.0		neg 0.49483038724109873 off 0.46445424256645373 __DUMMY__ 0.04071537019244749	false	1.0
eklig	off 1.0		neg 0.48233777819364515 off 0.4777897879331368 __DUMMY__ 0.03987243387321816	false	0.5
begriff			neg 0.4926471412165582 off 0.466590044424439 __DUMMY__ 0.040762814359002815	false	0.0
hungersnot	neg 1.0		neg 0.4953595053997503 off 0.4638633471908575 __DUMMY__ 0.04077714740939213	false	1.0
ungesetzlich	neg 1.0		neg 0.49392187379318697 off 0.4656209893024707 __DUMMY__ 0.040457136904342356	false	1.0
verschwendung	neg 1.0		neg 0.49686224791766165 off 0.4622637634223956 __DUMMY__ 0.04087398865994279	false	1.0
schmerzvoll	neg 1.0		neg 0.49081063171534883 off 0.4685858027096921 __DUMMY__ 0.04060356557495902	false	1.0
vorzeitig	neg 1.0		neg 0.49038256277103737 off 0.4691159617702358 __DUMMY__ 0.04050147545872692	false	1.0
unvollkommenheit	neg 1.0		neg 0.49222863020104696 off 0.4666725021167047 __DUMMY__ 0.0410988676822484	false	1.0
intervenieren	neg 1.0		neg 0.4980037676566307 off 0.46119964031344535 __DUMMY__ 0.04079659202992391	false	1.0
banause	off 1.0		neg 0.4808037120376674 off 0.47952931708623253 __DUMMY__ 0.039666970876100195	false	0.5
rebell	neg 1.0		neg 0.5002165695084017 off 0.4587457297112195 __DUMMY__ 0.04103770078037885	false	1.0
unlogisch	neg 1.0		neg 0.4848126865761032 off 0.4749545026508174 __DUMMY__ 0.04023281077307928	false	1.0
leiden	neg 1.0		neg 0.4958260864057786 off 0.463081369599727 __DUMMY__ 0.041092543994494496	false	1.0
abschaffung	neg 1.0		neg 0.4921047948478245 off 0.467207961573477 __DUMMY__ 0.04068724357869839	false	1.0
sturz	neg 1.0		neg 0.49108186703444495 off 0.46809994969009716 __DUMMY__ 0.0408181832754578	false	1.0
verkleinerung	neg 1.0		neg 0.49110121159132736 off 0.46849494882727477 __DUMMY__ 0.04040383958139795	false	1.0
schmarotzer	off 1.0		neg 0.4956866705577434 off 0.4636871643743638 __DUMMY__ 0.040626165067892746	false	0.5
bestrafung	neg 1.0		neg 0.4913692971295796 off 0.46797872542234525 __DUMMY__ 0.04065197744807504	false	1.0
achtlos	neg 1.0	neg 1.0	neg 0.7321686638802165 off 0.24840690017777103 __DUMMY__ 0.019424435942012437	false	1.0
ungeheuer	neg 1.0		neg 0.4891422257629517 off 0.470202189665765 __DUMMY__ 0.04065558457128338	false	1.0
unaufrichtig	neg 1.0		neg 0.48668541029230084 off 0.47250481023798785 __DUMMY__ 0.04080977946971144	false	1.0
