unsolidarisch	neg 1.0		__DUMMY__ 0.8730333915492436 neg 0.06620263399051186 off 0.06076397446024448	false	1.0
nachteilig	neg 1.0		__DUMMY__ 0.8786241167111164 neg 0.06491042266158924 off 0.056465460627294406	false	1.0
skeptisch	neg 1.0		__DUMMY__ 0.878985821417432 neg 0.06494566236407692 off 0.056068516218491155	false	1.0
schrecklich	neg 1.0		__DUMMY__ 0.8709236131416652 off 0.06959619035308645 neg 0.059480196505248245	false	0.5
schlapp	neg 1.0		__DUMMY__ 0.8739623318765418 off 0.06550670744085978 neg 0.06053096068259846	false	0.5
abfall	neg 1.0		__DUMMY__ 0.8822218622486926 neg 0.06521249204926959 off 0.05256564570203795	false	1.0
widerspenstig	neg 1.0		__DUMMY__ 0.8767127227498013 neg 0.0626974061547582 off 0.060589871095440485	false	1.0
abrupt	neg 1.0		__DUMMY__ 0.8800835017816899 neg 0.06361054953680055 off 0.05630594868150961	false	1.0
unwirksam	neg 1.0		__DUMMY__ 0.8724095024819662 neg 0.06720253098430488 off 0.06038796653372884	false	1.0
angreifen	neg 1.0		__DUMMY__ 0.8772595692108686 neg 0.06667861297365782 off 0.05606181781547371	false	1.0
inkonsistent	neg 1.0		__DUMMY__ 0.873179057299449 neg 0.06564029248187307 off 0.06118065021867797	false	1.0
abrutschen	neg 1.0		__DUMMY__ 0.8802796771093991 neg 0.06662887715489732 off 0.05309144573570351	false	1.0
unsicher	neg 1.0		__DUMMY__ 0.8782012269955161 neg 0.06120427914639904 off 0.06059449385808478	false	1.0
bauernkind	off 1.0	off 1.0	off 0.5231801029632727 __DUMMY__ 0.4245845628036571 neg 0.052235334233070294	false	1.0
angreifer	neg 1.0	neg 1.0	neg 0.5163740865327259 __DUMMY__ 0.4363936867450262 off 0.0472322267222479	false	1.0
trennen	neg 1.0		__DUMMY__ 0.8811654253691737 neg 0.06335787386452786 off 0.05547670076629832	false	1.0
schmutz	neg 1.0		__DUMMY__ 0.8786782311859547 off 0.06170297238086572 neg 0.05961879643317951	false	0.5
inkonsistenz	neg 1.0		__DUMMY__ 0.8684178533219775 off 0.06602628794632566 neg 0.0655558587316969	false	0.5
erschreckend	neg 1.0		__DUMMY__ 0.8755719746947473 neg 0.0643207492555298 off 0.06010727604972279	false	1.0
ertrinken	neg 1.0		__DUMMY__ 0.8776833199341231 neg 0.06606505158019589 off 0.05625162848568107	false	1.0
pickelface	off 1.0		__DUMMY__ 0.8772661420907255 neg 0.06306692945322441 off 0.05966692845605007	false	0.5
seiner			__DUMMY__ 0.8790463659337318 neg 0.06464146105607253 off 0.05631217301019561	false	0.0
lauch	neg 1.0		__DUMMY__ 0.8815211942665402 neg 0.06522465168892258 off 0.05325415404453724	false	1.0
unwichtig	neg 1.0		__DUMMY__ 0.8718167469699029 off 0.0655141679529672 neg 0.06266908507712994	false	0.5
steuerhinterziehung	neg 1.0	neg 1.0	neg 0.519815935782426 __DUMMY__ 0.43600967585370015 off 0.04417438836387375	false	1.0
schock	neg 1.0		__DUMMY__ 0.8769190156514209 neg 0.0633781981732651 off 0.0597027861753139	false	1.0
beule	neg 1.0		__DUMMY__ 0.8714063681284777 off 0.06637691005462633 neg 0.06221672181689595	false	0.5
vergelten	neg 1.0		__DUMMY__ 0.874506522636457 off 0.06851241861626747 neg 0.05698105874727547	false	0.5
verdorbenheit	neg 1.0		__DUMMY__ 0.8802107264830406 off 0.06079640432443738 neg 0.058992869192522085	false	0.5
trauma	neg 1.0		__DUMMY__ 0.8756017280494297 neg 0.06287996129521277 off 0.06151831065535751	false	1.0
sinnlos	neg 1.0		__DUMMY__ 0.8749831562843658 off 0.06284540295192477 neg 0.0621714407637093	false	0.5
fettsack	off 1.0	off 1.0	off 0.5240624601070014 __DUMMY__ 0.4263204200302804 neg 0.04961711986271811	false	1.0
feige	off 1.0	off 1.0	off 0.5200877725592729 __DUMMY__ 0.4307934622660299 neg 0.04911876517469729	false	1.0
abdanken	neg 1.0		__DUMMY__ 0.8757406472587664 neg 0.06400914657056767 off 0.06025020617066586	false	1.0
wichtigtuer	off 1.0	off 1.0	off 0.5182574302353292 __DUMMY__ 0.4332514165568333 neg 0.04849115320783746	false	1.0
misslingen	neg 1.0		__DUMMY__ 0.883746544933793 off 0.06072300078367056 neg 0.05553045428253645	false	0.5
untreu	off 1.0		__DUMMY__ 0.8720426966672091 off 0.06590682747272729 neg 0.0620504758600636	false	1.0
missmutig	neg 1.0		__DUMMY__ 0.8738393229827507 off 0.06513336394918576 neg 0.06102731306806346	false	0.5
hurenbock	off 1.0		__DUMMY__ 0.8764324179779159 off 0.06212882904421205 neg 0.06143875297787192	false	1.0
betrunken	neg 1.0		__DUMMY__ 0.872436201334094 off 0.06722314647894351 neg 0.06034065218696251	false	0.5
korrupt	off 1.0		__DUMMY__ 0.8735916136374126 neg 0.06782242797933463 off 0.05858595838325291	false	0.5
unmut	neg 1.0		__DUMMY__ 0.8813300156710313 neg 0.06539752143847347 off 0.05327246289049526	false	1.0
hackfresse	off 1.0		__DUMMY__ 0.8669423649462548 off 0.0730434279579211 neg 0.06001420709582417	false	1.0
aufblasen	neg 1.0		__DUMMY__ 0.8759453751008863 off 0.06225679078160448 neg 0.061797834117509234	false	0.5
gewaltsam	neg 1.0		__DUMMY__ 0.8774620056250467 neg 0.06341377003371888 off 0.059124224341234356	false	1.0
unbeliebtheit	neg 1.0		__DUMMY__ 0.8698947726204348 neg 0.06547875168478896 off 0.06462647569477624	false	1.0
sturheit	neg 1.0		__DUMMY__ 0.875164242762474 neg 0.06525684177647068 off 0.059578915461055315	false	1.0
kuh	neg 1.0		__DUMMY__ 0.8695392932146078 neg 0.06776190761125592 off 0.06269879917413633	false	1.0
erschrecken	neg 1.0		__DUMMY__ 0.8745643180563077 off 0.06486818615867795 neg 0.060567495785014275	false	0.5
opfer	neg 1.0		__DUMMY__ 0.8782359371091317 neg 0.06435623608994173 off 0.05740782680092654	false	1.0
sinken	neg 1.0		__DUMMY__ 0.8807416464823968 neg 0.06561857633836544 off 0.05363977717923775	false	1.0
stinktier	neg 1.0		__DUMMY__ 0.8624346302650271 off 0.07031975584558424 neg 0.0672456138893887	false	0.5
tucke	off 1.0		__DUMMY__ 0.8634360327612575 off 0.07400745880645024 neg 0.0625565084322922	false	1.0
ein			__DUMMY__ 0.8759091625062645 neg 0.06265564165114768 off 0.06143519584258785	false	0.0
abstieg	neg 1.0		__DUMMY__ 0.8781208611010964 neg 0.06559818678750366 off 0.0562809521113999	false	1.0
missverstehen	neg 1.0		__DUMMY__ 0.8722515303550233 neg 0.06397212734778249 off 0.06377634229719413	false	1.0
ergebnislos	neg 1.0		__DUMMY__ 0.8801145519483621 neg 0.0638355769798401 off 0.0560498710717979	false	1.0
unter			__DUMMY__ 0.8875912023752999 neg 0.06409313879863149 off 0.04831565882606857	false	0.0
manipulieren	neg 1.0		__DUMMY__ 0.879581719200389 neg 0.06474792033888746 off 0.055670360460723434	false	1.0
unbewiesen	neg 1.0		__DUMMY__ 0.8720834882205385 neg 0.06715268512598212 off 0.0607638266534795	false	1.0
verschleppen	neg 1.0		__DUMMY__ 0.8766721529548837 neg 0.0655940364400564 off 0.05773381060505993	false	1.0
weib	off 1.0		__DUMMY__ 0.8612997964811971 off 0.0737944560850594 neg 0.06490574743374344	false	1.0
opposition	neg 1.0		__DUMMY__ 0.8735977622203083 neg 0.06443558846867327 off 0.06196664931101842	false	1.0
verkehrswidrig	neg 1.0		__DUMMY__ 0.8753930807981471 off 0.0691049637889579 neg 0.055501955412894884	false	0.5
inkorrekt	neg 1.0		__DUMMY__ 0.8682696474388774 off 0.06925287508907874 neg 0.06247747747204391	false	0.5
vermeiden	neg 1.0	neg 1.0	neg 0.5181895470752498 __DUMMY__ 0.44281565903060477 off 0.03899479389414541	false	1.0
abweichung	neg 1.0		__DUMMY__ 0.8788565258349732 neg 0.06396096754551833 off 0.057182506619508494	false	1.0
alkoholisiert	neg 1.0		__DUMMY__ 0.8818155345816057 neg 0.06246609732797238 off 0.05571836809042194	false	1.0
scheiss	off 1.0	off 1.0	off 0.5199217364956353 __DUMMY__ 0.43269374585885695 neg 0.04738451764550772	false	1.0
herausforderung	neg 1.0		__DUMMY__ 0.8803225172791255 neg 0.06386693704732768 off 0.05581054567354678	false	1.0
pervers	off 1.0		__DUMMY__ 0.8633449838922564 off 0.07640307951066702 neg 0.060251936597076554	false	1.0
wackelig	neg 1.0		__DUMMY__ 0.8817877024883308 neg 0.059797042283978225 off 0.058415255227690956	false	1.0
verwickeln	neg 1.0		__DUMMY__ 0.8725425218130206 neg 0.06419180253787557 off 0.06326567564910385	false	1.0
vorwand	neg 1.0		__DUMMY__ 0.878743527263872 neg 0.06566916024548015 off 0.05558731249064789	false	1.0
muschi	off 1.0		__DUMMY__ 0.8770431455931831 neg 0.06309535546831432 off 0.0598614989385027	false	0.5
entmutigung	neg 1.0		__DUMMY__ 0.8742676681570094 neg 0.06375258748846062 off 0.06197974435452989	false	1.0
unangemessen	neg 1.0		__DUMMY__ 0.8745607167755394 neg 0.06607613963097642 off 0.05936314359348412	false	1.0
unstetig	neg 1.0		__DUMMY__ 0.8760034690752732 off 0.06290366439301916 neg 0.061092866531707674	false	0.5
entmutigen	neg 1.0		__DUMMY__ 0.8755364497282212 neg 0.06290252375633783 off 0.06156102651544099	false	1.0
schwanz	neg 1.0		__DUMMY__ 0.8784386131712901 neg 0.06433317850099353 off 0.05722820832771629	false	1.0
verbot	neg 1.0		__DUMMY__ 0.8764433493707153 neg 0.06540941485580509 off 0.05814723577347957	false	1.0
leid	neg 1.0		__DUMMY__ 0.8679813218779789 off 0.07112901182601349 neg 0.06088966629600754	false	0.5
archaisch	neg 1.0		__DUMMY__ 0.8762195076210977 neg 0.0643640312864836 off 0.05941646109241866	false	1.0
gegen			__DUMMY__ 0.8811206626645032 neg 0.06485229517857238 off 0.054027042156924505	false	0.0
scheidung	neg 1.0		__DUMMY__ 0.8651227342836578 off 0.08062553166898598 neg 0.05425173404735623	false	0.5
einschlag	neg 1.0		__DUMMY__ 0.8711136862457433 off 0.06833922144117666 neg 0.06054709231308007	false	0.5
m			__DUMMY__ 0.8791108808220403 neg 0.06264392641074895 off 0.05824519276721082	false	0.0
abgestanden	neg 1.0		__DUMMY__ 0.8746384881563017 neg 0.06474164131026959 off 0.060619870533428794	false	1.0
schmierig	off 1.0		__DUMMY__ 0.8695860760866582 off 0.07037571719547935 neg 0.06003820671786239	false	1.0
unpraktisch	neg 1.0		__DUMMY__ 0.8761069363273282 neg 0.06201669162885928 off 0.061876372043812605	false	1.0
wixxer	off 1.0		__DUMMY__ 0.861122658176761 off 0.07662246279162704 neg 0.06225487903161188	false	1.0
bezeichnet			__DUMMY__ 0.8732252605691019 neg 0.06583505852632277 off 0.06093968090457524	false	0.0
jammerlappen	off 1.0		__DUMMY__ 0.873912407744298 off 0.06550588957872529 neg 0.060581702676976656	false	1.0
farce	neg 1.0		__DUMMY__ 0.8746241776989007 neg 0.06631770783341105 off 0.05905811446768832	false	1.0
zwecklos	neg 1.0		__DUMMY__ 0.8752901426525148 neg 0.06574434035137469 off 0.05896551699611053	false	1.0
turbulent	neg 1.0		__DUMMY__ 0.8690641648231483 off 0.06671098384706266 neg 0.064224851329789	false	0.5
invasion	neg 1.0		__DUMMY__ 0.8747480221592971 neg 0.06268305957543452 off 0.06256891826526823	false	1.0
schuld	neg 1.0		__DUMMY__ 0.8735496913132565 neg 0.06454941970722868 off 0.06190088897951473	false	1.0
risiko	neg 1.0	neg 1.0	neg 0.5157638506823579 __DUMMY__ 0.43761835856373904 off 0.04661779075390316	false	1.0
finster	neg 1.0		__DUMMY__ 0.8737190111428508 neg 0.06475949270245933 off 0.06152149615468984	false	1.0
geisteskrank	off 1.0		__DUMMY__ 0.8684320720971652 off 0.06740794966148592 neg 0.06415997824134895	false	1.0
zusammenbrechen	neg 1.0		__DUMMY__ 0.8772296620434774 neg 0.06379525163075356 off 0.05897508632576904	false	1.0
ausbeute	neg 1.0		__DUMMY__ 0.887543460590231 off 0.05676777271650055 neg 0.055688766693268464	false	0.5
hinterhalt	neg 1.0		__DUMMY__ 0.8828167770614944 neg 0.05861084790913735 off 0.058572375029368275	false	1.0
kritik	neg 1.0		__DUMMY__ 0.8742956615709946 neg 0.06680295693027134 off 0.058901381498734154	false	1.0
einschrumpfen	neg 1.0		__DUMMY__ 0.8718604124626484 off 0.06459000522535335 neg 0.06354958231199818	false	0.5
riskant	neg 1.0		__DUMMY__ 0.8772691744419805 neg 0.06609511159996165 off 0.056635713958057915	false	1.0
frustrieren	neg 1.0		__DUMMY__ 0.8774867050428116 neg 0.0650266670346405 off 0.05748662792254795	false	1.0
groll	neg 1.0		__DUMMY__ 0.8753711704177531 neg 0.06612019456447042 off 0.05850863501777631	false	1.0
gibt			__DUMMY__ 0.8779285015854233 neg 0.06294757140598323 off 0.059123927008593403	false	0.0
qualvoll	neg 1.0		__DUMMY__ 0.8743567798770876 off 0.06355070903928761 neg 0.062092511083624805	false	0.5
wackeln	neg 1.0		__DUMMY__ 0.8777003839305012 off 0.06135778738907897 neg 0.06094182868041983	false	0.5
klagen	neg 1.0		__DUMMY__ 0.8798548483355271 neg 0.066151389404449 off 0.05399376226002387	false	1.0
bankrott	neg 1.0		__DUMMY__ 0.8753729585226635 off 0.0646253684325862 neg 0.06000167304475025	false	0.5
trauern	neg 1.0		__DUMMY__ 0.8799111409231561 neg 0.06324411934524064 off 0.056844739731603304	false	1.0
ablehnung	neg 1.0		__DUMMY__ 0.8752313501477246 neg 0.06607837168839827 off 0.058690278163877174	false	1.0
stur	neg 1.0		__DUMMY__ 0.8739475699542126 neg 0.0640051920017434 off 0.062047238044043926	false	1.0
aufruhr	neg 1.0		__DUMMY__ 0.8763254815274004 neg 0.06404173973030501 off 0.059632778742294446	false	1.0
melancholie	neg 1.0		__DUMMY__ 0.8778121814565024 neg 0.06493565970664832 off 0.05725215883684932	false	1.0
ist			__DUMMY__ 0.8752220648845189 off 0.06259711109294842 neg 0.06218082402253268	false	0.0
torheit	neg 1.0		__DUMMY__ 0.8755163392281041 neg 0.06339489256386042 off 0.0610887682080355	false	1.0
dreckskind	off 1.0		__DUMMY__ 0.8639819772952083 off 0.07216698270756244 neg 0.06385103999722927	false	1.0
umtauschen	neg 1.0		__DUMMY__ 0.8775474716323295 neg 0.06255366004162355 off 0.05989886832604698	false	1.0
zum			__DUMMY__ 0.8876243307022598 neg 0.061021740517381184 off 0.05135392878035905	false	0.0
zersetzen	neg 1.0		__DUMMY__ 0.8771767460381872 neg 0.06698612997186269 off 0.05583712398995012	false	1.0
zur			__DUMMY__ 0.8855104453349962 neg 0.06348221070354056 off 0.051007343961463274	false	0.0
frust	neg 1.0		__DUMMY__ 0.8774014482329682 neg 0.06359195687849739 off 0.059006594888534505	false	1.0
unerbittlichkeit	neg 1.0		__DUMMY__ 0.8781899905876686 neg 0.06604091919434421 off 0.055769090217987226	false	1.0
zwei			__DUMMY__ 0.8863722909721701 neg 0.06120418290775974 off 0.05242352612007015	false	0.0
unkorrekt	neg 1.0		__DUMMY__ 0.8710834121932234 off 0.06869314571611246 neg 0.0602234420906641	false	0.5
hexe	off 1.0		__DUMMY__ 0.8679018497898908 neg 0.06669290081184585 off 0.06540524939826331	false	0.5
lasch	neg 1.0		__DUMMY__ 0.8712148350961918 off 0.06468721799098462 neg 0.0640979469128237	false	0.5
rivale	neg 1.0		__DUMMY__ 0.8705287013823451 off 0.06756643664486427 neg 0.06190486197279058	false	0.5
mutlos	off 1.0	off 1.0	off 0.5131692394885777 __DUMMY__ 0.43615801750084304 neg 0.050672743010579176	false	1.0
wirr	off 1.0		__DUMMY__ 0.8675940222537236 off 0.06941226888441791 neg 0.06299370886185843	false	1.0
jahr			__DUMMY__ 0.888496222589173 neg 0.056715226693270844 off 0.05478855071755622	false	0.0
wird			__DUMMY__ 0.8776953631318241 neg 0.06439685979815005 off 0.05790777707002589	false	0.0
strafbar	neg 1.0		__DUMMY__ 0.8780107531095015 neg 0.06485185921477692 off 0.057137387675721525	false	1.0
erosion	neg 1.0		__DUMMY__ 0.878357644594519 neg 0.06113924818733076 off 0.0605031072181502	false	1.0
eingehen	neg 1.0		__DUMMY__ 0.876961837108551 neg 0.06575049574931334 off 0.05728766714213564	false	1.0
faul	off 1.0		__DUMMY__ 0.8748980411107398 off 0.06448539233942728 neg 0.060616566549833	false	1.0
provisorium	neg 1.0		__DUMMY__ 0.8896346941172294 neg 0.06156711320289417 off 0.04879819267987641	false	1.0
schmerzen	neg 1.0		__DUMMY__ 0.8752454174518643 neg 0.06553427180757818 off 0.05922031074055757	false	1.0
schrumpfen	neg 1.0		__DUMMY__ 0.8813781852093518 neg 0.06716633949949158 off 0.05145547529115663	false	1.0
geistlos	off 1.0		__DUMMY__ 0.8707245922658317 neg 0.0656062261324587 off 0.06366918160170962	false	0.5
fehlkauf	neg 1.0		__DUMMY__ 0.8749977388830604 neg 0.06260232328662114 off 0.06239993783031841	false	1.0
frustrierend	neg 1.0		__DUMMY__ 0.874092032338108 off 0.06455346838121104 neg 0.06135449928068103	false	0.5
unzufrieden	neg 1.0		__DUMMY__ 0.8757196391298577 neg 0.06558453771663852 off 0.05869582315350376	false	1.0
verzweifeln	neg 1.0		__DUMMY__ 0.8762807361113877 neg 0.06389109967954135 off 0.05982816420907093	false	1.0
verzweifelt	neg 1.0	neg 1.0	neg 0.5198469244294056 __DUMMY__ 0.43316546738822176 off 0.04698760818237261	false	1.0
misstrauensantrag	neg 1.0		__DUMMY__ 0.8750110012266377 off 0.06256019211584712 neg 0.0624288066575152	false	0.5
abfallen	neg 1.0		__DUMMY__ 0.8777375640234416 off 0.061180859838750684 neg 0.0610815761378077	false	0.5
fucker	off 1.0		__DUMMY__ 0.8714929321677704 off 0.0683815523544723 neg 0.06012551547775735	false	1.0
ungezogen	neg 1.0		__DUMMY__ 0.8640993312489651 off 0.07548494557025434 neg 0.06041572318078068	false	0.5
irrsinnig	neg 1.0	neg 1.0	neg 0.5189743743150683 __DUMMY__ 0.4340443905070036 off 0.04698123517792799	false	1.0
unfassbar	neg 1.0		__DUMMY__ 0.8730958606024366 off 0.06662276515796327 neg 0.0602813742396002	false	0.5
hart	neg 1.0		__DUMMY__ 0.871996034436919 off 0.065985631949713 neg 0.062018333613367914	false	0.5
widerlich	off 1.0		__DUMMY__ 0.8700776503123518 off 0.06729161782097579 neg 0.06263073186667234	false	1.0
fatal	neg 1.0		__DUMMY__ 0.8744994421176827 off 0.0629669902866948 neg 0.06253356759562252	false	0.5
bruch	neg 1.0		__DUMMY__ 0.8801706019088654 neg 0.06546877977998587 off 0.05436061831114883	false	1.0
aushungern	neg 1.0		__DUMMY__ 0.8773668254667052 neg 0.0635879604354401 off 0.05904521409785473	false	1.0
anspannung	neg 1.0		__DUMMY__ 0.8849067787591719 neg 0.06353890202803941 off 0.05155431921278865	false	1.0
von			__DUMMY__ 0.8899253859019508 neg 0.05525566581048149 off 0.05481894828756774	false	0.0
kraftlos	neg 1.0		__DUMMY__ 0.8783293216537449 neg 0.06339046705272226 off 0.058280211293532835	false	1.0
vom			__DUMMY__ 0.8902122362117043 neg 0.0606541612015453 off 0.04913360258675047	false	0.0
grenzdebil	off 1.0		__DUMMY__ 0.8730508962490627 off 0.0668573530486139 neg 0.06009175070232338	false	1.0
vor			__DUMMY__ 0.8819995096984764 neg 0.06316052399049077 off 0.05483996631103279	false	0.0
unterwerfen	neg 1.0		__DUMMY__ 0.8775493674711727 neg 0.0651042584807675 off 0.057346374048059826	false	1.0
versenkung	neg 1.0		__DUMMY__ 0.8800614548770312 neg 0.062410900045780905 off 0.05752764507718793	false	1.0
entziehen	neg 1.0		__DUMMY__ 0.8801900685181102 neg 0.06531493481791609 off 0.05449499666397361	false	1.0
finanzkrise	neg 1.0		__DUMMY__ 0.8732570575597878 neg 0.0671793502416924 off 0.05956359219851978	false	1.0
schimpfend	neg 1.0		__DUMMY__ 0.8749664816064942 neg 0.06280895797797911 off 0.062224560415526715	false	1.0
profan	neg 1.0		__DUMMY__ 0.8735812527952906 off 0.06331725746911744 neg 0.06310148973559196	false	0.5
korruption	neg 1.0		__DUMMY__ 0.87604376207259 neg 0.06612989247847041 off 0.057826345448939526	false	1.0
â			__DUMMY__ 0.8798600785588747 neg 0.06242676253844647 off 0.05771315890267888	false	0.0
schmutzig	neg 1.0		__DUMMY__ 0.8729645056223581 off 0.06726919734983258 neg 0.05976629702780936	false	0.5
sexy	neg 1.0		__DUMMY__ 0.8750762101442225 off 0.06418746671847432 neg 0.060736323137303115	false	0.5
abraten	neg 1.0		__DUMMY__ 0.8763098614826915 off 0.06260328648257361 neg 0.06108685203473482	false	0.5
schwarz	neg 1.0		__DUMMY__ 0.8746978014052008 neg 0.06305626280579932 off 0.06224593578899986	false	1.0
fotze	off 1.0	off 1.0	off 0.5142688524405207 __DUMMY__ 0.437719873608582 neg 0.04801127395089722	false	1.0
verwirren	neg 1.0		__DUMMY__ 0.873831471729428 off 0.06381701889436202 neg 0.062351509376209875	false	0.5
zahnlos	off 1.0		__DUMMY__ 0.8757443684649365 neg 0.06478015635830187 off 0.059475475176761584	false	0.5
verheeren	neg 1.0		__DUMMY__ 0.8637928965775934 off 0.076876425751717 neg 0.05933067767068953	false	0.5
hippie	neg 1.0		__DUMMY__ 0.8749154288980051 off 0.06390110237437041 neg 0.0611834687276245	false	0.5
rammen	neg 1.0		__DUMMY__ 0.8709690546662128 neg 0.0674112055205214 off 0.061619739813265864	false	1.0
unlauter	neg 1.0		__DUMMY__ 0.8729119790872515 neg 0.0654087935338431 off 0.06167922737890549	false	1.0
unheilvoll	neg 1.0		__DUMMY__ 0.8748093476197174 neg 0.0630645509113669 off 0.06212610146891574	false	1.0
niedrig	neg 1.0		__DUMMY__ 0.8770274062350917 neg 0.06705721312602442 off 0.05591538063888391	false	1.0
explosion	neg 1.0		__DUMMY__ 0.8747948082913897 off 0.06332926411108675 neg 0.06187592759752362	false	0.5
weichei	off 1.0	off 1.0	off 0.5242812605395439 __DUMMY__ 0.4289451735577835 neg 0.046773565902672544	false	1.0
minusmensch	off 1.0		__DUMMY__ 0.860591838230571 off 0.07465020331777002 neg 0.06475795845165892	false	1.0
farblos	neg 1.0		__DUMMY__ 0.8772916820128351 neg 0.06292374490567733 off 0.0597845730814875	false	1.0
unwissend	neg 1.0	neg 1.0	neg 0.5174925713144878 __DUMMY__ 0.4327110695435409 off 0.04979635914197142	false	1.0
traurig	neg 1.0		__DUMMY__ 0.8719437620720892 off 0.06889587050486132 neg 0.05916036742304943	false	0.5
senkung	neg 1.0		__DUMMY__ 0.8719216398992481 neg 0.06492602512224804 off 0.06315233497850391	false	1.0
ungleich	neg 1.0	neg 1.0	neg 0.520130147174929 __DUMMY__ 0.43720206908503617 off 0.04266778374003478	false	1.0
heikel	neg 1.0		__DUMMY__ 0.8776165959776012 neg 0.06577770810142242 off 0.056605695920976314	false	1.0
drosselung	neg 1.0		__DUMMY__ 0.871819294710949 off 0.06655214981624324 neg 0.06162855547280772	false	0.5
falsch	neg 1.0		__DUMMY__ 0.8733145709532563 off 0.06472155729326974 neg 0.06196387175347404	false	0.5
unzufriedenheit	neg 1.0		__DUMMY__ 0.8790733609343765 neg 0.06573660686779705 off 0.055190032197826526	false	1.0
kurz	neg 1.0		__DUMMY__ 0.8805549913061802 neg 0.06041227803945165 off 0.0590327306543682	false	1.0
unsinnig	neg 1.0		__DUMMY__ 0.8754644932033337 neg 0.06490516191130655 off 0.059630344885359635	false	1.0
penner	off 1.0	off 1.0	off 0.5254592978152741 __DUMMY__ 0.42830348380053407 neg 0.046237218384191675	false	1.0
seicht	neg 1.0		__DUMMY__ 0.8640053663977727 off 0.0752996563575015 neg 0.06069497724472589	false	0.5
dummheit	off 1.0	off 1.0	off 0.5184504001716314 __DUMMY__ 0.4322473315179742 neg 0.04930226831039447	false	1.0
unerfreulich	neg 1.0		__DUMMY__ 0.8797310635598198 neg 0.06458685554350159 off 0.05568208089667862	false	1.0
motherfucker	off 1.0	off 1.0	off 0.5214662459927006 __DUMMY__ 0.4320521252829008 neg 0.046481628724398566	false	1.0
pikiert	neg 1.0		__DUMMY__ 0.8702284584573163 off 0.06652781275181567 neg 0.06324372879086801	false	0.5
wrack	neg 1.0		__DUMMY__ 0.8792186865104971 neg 0.0626477092014451 off 0.05813360428805773	false	1.0
gangster	neg 1.0		__DUMMY__ 0.8746736317868428 off 0.0639071398442867 neg 0.061419228368870524	false	0.5
krank	neg 1.0		__DUMMY__ 0.8738000926725775 off 0.06667903232216221 neg 0.059520875005260356	false	0.5
reich	neg 1.0		__DUMMY__ 0.8744711577749413 off 0.06554250298642486 neg 0.059986339238633835	false	0.5
gnadenlos	neg 1.0		__DUMMY__ 0.8736737213076752 neg 0.06435461838392913 off 0.06197166030839576	false	1.0
niedergeschlagen	neg 1.0		__DUMMY__ 0.8779484880664618 neg 0.06278789948035567 off 0.05926361245318256	false	1.0
terrorisieren	off 1.0	off 1.0	off 0.5133318700062245 __DUMMY__ 0.4379305255461934 neg 0.0487376044475821	false	1.0
sinnlosigkeit	neg 1.0		__DUMMY__ 0.8762534960568948 neg 0.06484696646437318 off 0.05889953747873209	false	1.0
behindern	neg 1.0		__DUMMY__ 0.8767161541829825 neg 0.06350409560637409 off 0.0597797502106434	false	1.0
undemokratisch	neg 1.0		__DUMMY__ 0.8747966063230959 neg 0.06337804599619278 off 0.061825347680711434	false	1.0
wirtschaftskrise	neg 1.0		__DUMMY__ 0.8751945300929651 neg 0.06718505564684704 off 0.057620414260187755	false	1.0
neid	neg 1.0		__DUMMY__ 0.876848222153722 off 0.0643797067506648 neg 0.05877207109561317	false	0.5
rutschen	neg 1.0		__DUMMY__ 0.8861354328138558 neg 0.06163382543424468 off 0.05223074175189954	false	1.0
rezession	neg 1.0		__DUMMY__ 0.8637468512239925 off 0.06933794131764695 neg 0.06691520745836047	false	0.5
fehlgeburt	neg 1.0		__DUMMY__ 0.8775000093701516 off 0.062121320097639286 neg 0.060378670532208974	false	0.5
charakterschwach	off 1.0		__DUMMY__ 0.8703174298007788 off 0.0671916898765166 neg 0.0624908803227046	false	1.0
isolation	neg 1.0		__DUMMY__ 0.8744475623412723 off 0.06413427526377917 neg 0.06141816239494855	false	0.5
ablenkung	neg 1.0		__DUMMY__ 0.8777533831775812 neg 0.06149751949909747 off 0.0607490973233213	false	1.0
pech	neg 1.0		__DUMMY__ 0.8745516734525717 off 0.06396559996457755 neg 0.061482726582850776	false	0.5
vermeidung	neg 1.0		__DUMMY__ 0.8721231940780404 off 0.06670544945923901 neg 0.061171356462720566	false	0.5
dominieren	neg 1.0		__DUMMY__ 0.8777969945619012 neg 0.06531562760369534 off 0.05688737783440347	false	1.0
schwindlig	neg 1.0		__DUMMY__ 0.8767635231885457 off 0.06239694554832247 neg 0.06083953126313179	false	0.5
lutscher	neg 1.0	neg 1.0	neg 0.5156289361883956 __DUMMY__ 0.42717209968526515 off 0.05719896412633922	false	1.0
pflicht	neg 1.0		__DUMMY__ 0.8783924408958089 neg 0.06601688564749023 off 0.0555906734567009	false	1.0
faschist	off 1.0		__DUMMY__ 0.8738941307422615 off 0.06423517986853498 neg 0.061870689389203475	false	1.0
verschleudern	neg 1.0		__DUMMY__ 0.8774488842747926 neg 0.06618575879634503 off 0.05636535692886239	false	1.0
wenn			__DUMMY__ 0.8731115504528458 off 0.06485608804716833 neg 0.06203236149998577	false	0.0
ehebruch	neg 1.0		__DUMMY__ 0.8773270192913897 neg 0.06485181639169196 off 0.05782116431691841	false	1.0
spott	off 1.0		__DUMMY__ 0.8766935703053392 neg 0.06590613435704315 off 0.05740029533761765	false	0.5
trostlosigkeit	neg 1.0		__DUMMY__ 0.8797527391728341 neg 0.06544120241588242 off 0.05480605841128346	false	1.0
lutschen	neg 1.0		__DUMMY__ 0.8715946010109097 off 0.06430979949247986 neg 0.06409559949661044	false	0.5
undiszipliniert	neg 1.0		__DUMMY__ 0.8709996050795616 off 0.0683554259149673 neg 0.06064496900547097	false	0.5
kopfschmerz	neg 1.0		__DUMMY__ 0.8751325371930601 neg 0.06663563194017603 off 0.05823183086676385	false	1.0
unvorhergesehen	neg 1.0		__DUMMY__ 0.8836202700610397 neg 0.06074421983982362 off 0.05563551009913673	false	1.0
desinteressiert	neg 1.0	neg 1.0	neg 0.5168413880663696 __DUMMY__ 0.4316571383385294 off 0.05150147359510105	false	1.0
armselig	off 1.0		__DUMMY__ 0.8681230773738995 off 0.06923495875042102 neg 0.06264196387567952	false	1.0
desaster	neg 1.0		__DUMMY__ 0.880146443952446 neg 0.06601688103186305 off 0.053836675015690845	false	1.0
tod	neg 1.0		__DUMMY__ 0.8802035744230577 neg 0.0623040941644916 off 0.057492331412450616	false	1.0
herzlos	neg 1.0		__DUMMY__ 0.8697175694851852 off 0.06901135044771754 neg 0.061271080067097264	false	0.5
unwissenheit	neg 1.0		__DUMMY__ 0.8759369868728719 neg 0.06546774492642214 off 0.05859526820070601	false	1.0
widersinnig	neg 1.0		__DUMMY__ 0.873746171242615 neg 0.06747808630937156 off 0.058775742448013465	false	1.0
bedenklich	neg 1.0		__DUMMY__ 0.876596137586305 neg 0.06565638507230137 off 0.05774747734139356	false	1.0
beanstanden	neg 1.0		__DUMMY__ 0.8792791561799832 neg 0.0655445994618905 off 0.05517624435812631	false	1.0
panisch	neg 1.0	neg 1.0	neg 0.5152456244439988 __DUMMY__ 0.4372418767238408 off 0.04751249883216042	false	1.0
debil	off 1.0		__DUMMY__ 0.8854437757411133 neg 0.06506739944597525 off 0.04948882481291149	false	0.5
abstrich	neg 1.0		__DUMMY__ 0.8826710766264834 off 0.0586796718480742 neg 0.05864925152544247	false	0.5
primitiv	neg 1.0		__DUMMY__ 0.8698489847372091 off 0.06751317606216033 neg 0.06263783920063055	false	0.5
abschaum	off 1.0	off 1.0	off 0.5201994620890344 __DUMMY__ 0.43221143630369074 neg 0.0475891016072747	false	1.0
provozieren	neg 1.0		__DUMMY__ 0.8727484649243715 neg 0.06542166192448623 off 0.06182987315114223	false	1.0
tot	neg 1.0		__DUMMY__ 0.8780037080092328 neg 0.06427887502520307 off 0.057717416965564164	false	1.0
instabil	neg 1.0		__DUMMY__ 0.8688407228381877 off 0.06845503240036975 neg 0.0627042447614426	false	0.5
schwuchtel	off 1.0	off 1.0	off 0.5299088979279576 __DUMMY__ 0.42344692294257347 neg 0.046644179129468916	false	1.0
zerren	neg 1.0		__DUMMY__ 0.8774226063424587 neg 0.06373167993722426 off 0.058845713720316946	false	1.0
kinderficker	off 1.0		__DUMMY__ 0.8688082518921848 off 0.07176447374164519 neg 0.059427274366170096	false	1.0
gefahr	neg 1.0		__DUMMY__ 0.8808026117715768 neg 0.06417541796887993 off 0.05502197025954324	false	1.0
rabiat	neg 1.0		__DUMMY__ 0.876087108438398 neg 0.06296431168008859 off 0.06094857988151341	false	1.0
verlangsamung	neg 1.0		__DUMMY__ 0.86283953382172 off 0.07328079690514165 neg 0.06387966927313833	false	0.5
ausgestorben	neg 1.0		__DUMMY__ 0.8771613648498278 neg 0.06225659014484362 off 0.06058204500532869	false	1.0
anklagen	neg 1.0		__DUMMY__ 0.8769817621467023 neg 0.06505679545576093 off 0.05796144239753676	false	1.0
trott	neg 1.0		__DUMMY__ 0.8767497487380045 neg 0.0630752575246396 off 0.060174993737355964	false	1.0
verminderung	neg 1.0		__DUMMY__ 0.8716850604925902 off 0.06702467027926703 neg 0.06129026922814272	false	0.5
nach			__DUMMY__ 0.8874580517700978 neg 0.06131209060304611 off 0.05122985762685605	false	0.0
rost	neg 1.0		__DUMMY__ 0.8679435518907583 off 0.07184493771790085 neg 0.060211510391340754	false	0.5
destruktiv	neg 1.0		__DUMMY__ 0.874755222908333 neg 0.06456520332029142 off 0.06067957377137557	false	1.0
unzumutbarkeit	neg 1.0		__DUMMY__ 0.8738786825378576 off 0.06588238234571102 neg 0.06023893511643129	false	0.5
labil	off 1.0	off 1.0	off 0.5195859515127055 __DUMMY__ 0.433044302404131 neg 0.04736974608316365	false	1.0
ziemlich	neg 1.0		__DUMMY__ 0.8743765251956314 off 0.06640506874413218 neg 0.05921840606023639	false	0.5
lachnummer	off 1.0		__DUMMY__ 0.8738242790174963 neg 0.06469908473833517 off 0.061476636244168485	false	0.5
oder			__DUMMY__ 0.8773855955819342 off 0.06136856789363735 neg 0.06124583652442842	false	0.0
verfall	neg 1.0		__DUMMY__ 0.8822573435636365 neg 0.06626371578695553 off 0.051478940649407855	false	1.0
ausgrenzung	neg 1.0		__DUMMY__ 0.8744023747436477 neg 0.06320734286684858 off 0.06239028238950387	false	1.0
unordnung	neg 1.0		__DUMMY__ 0.8741712498592293 off 0.06820060292673706 neg 0.057628147214033684	false	0.5
fehlverhalten	neg 1.0		__DUMMY__ 0.876639863523621 neg 0.06716603615115223 off 0.05619410032522685	false	1.0
eine			__DUMMY__ 0.8815739785771811 neg 0.06309199641640033 off 0.05533402500641854	false	0.0
nille	neg 1.0		__DUMMY__ 0.8773378629998851 neg 0.062353054526266584 off 0.060309082473848266	false	1.0
qual	neg 1.0		__DUMMY__ 0.8771281174749801 neg 0.06305452096893457 off 0.05981736155608529	false	1.0
verschwenden	neg 1.0		__DUMMY__ 0.8768097432439915 neg 0.06620548008228266 off 0.056984776673725764	false	1.0
riesig	neg 1.0		__DUMMY__ 0.8798147223193985 neg 0.06309297667141257 off 0.05709230100918902	false	1.0
verurteilen	neg 1.0		__DUMMY__ 0.8744727150405331 neg 0.06694017052944617 off 0.05858711443002074	false	1.0
klischee	neg 1.0	neg 1.0	neg 0.5186110778019007 __DUMMY__ 0.432465700904401 off 0.04892322129369816	false	1.0
diktatorisch	neg 1.0		__DUMMY__ 0.8740494886512685 neg 0.06391459953167339 off 0.06203591181705811	false	1.0
vorhersehbar	neg 1.0		__DUMMY__ 0.8717519270256692 neg 0.06419161286737296 off 0.06405646010695787	false	1.0
sowie			__DUMMY__ 0.8663444677113251 off 0.0709907723061225 neg 0.06266475998255235	false	0.0
stornieren	neg 1.0		__DUMMY__ 0.8808145283805295 off 0.06229057594716399 neg 0.05689489567230635	false	0.5
besteuerung	neg 1.0		__DUMMY__ 0.8719660056043896 neg 0.0669126724972664 off 0.06112132189834395	false	1.0
ungeschminkt	neg 1.0		__DUMMY__ 0.8678775058454301 off 0.06681935782538041 neg 0.06530313632918941	false	0.5
kritisch	neg 1.0		__DUMMY__ 0.8772842298947242 neg 0.06517184564283593 off 0.05754392446243976	false	1.0
schlamperei	off 1.0		__DUMMY__ 0.879744477086183 neg 0.06405170506310237 off 0.0562038178507146	false	0.5
sucht	neg 1.0	neg 1.0	neg 0.512954600147966 __DUMMY__ 0.44109547391093357 off 0.045949925941100436	false	1.0
egoistisch	off 1.0		__DUMMY__ 0.8668748590637481 off 0.0718472846303423 neg 0.061277856305909734	false	1.0
ausbeuter	off 1.0		__DUMMY__ 0.8757493722230834 neg 0.06806919147392539 off 0.05618143630299131	false	0.5
arschgeburt	off 1.0		__DUMMY__ 0.8579176812853112 off 0.07935338700003264 neg 0.06272893171465606	false	1.0
schubs	neg 1.0		__DUMMY__ 0.8787385963266945 neg 0.0628789238919986 off 0.05838247978130699	false	1.0
unsolide	neg 1.0		__DUMMY__ 0.8722596633678351 neg 0.06518429765452936 off 0.06255603897763558	false	1.0
beschwerde	neg 1.0		__DUMMY__ 0.8769500694115496 neg 0.06612856010492603 off 0.056921370483524435	false	1.0
stocken	neg 1.0		__DUMMY__ 0.8787196688689319 neg 0.06483291573489869 off 0.05644741539616945	false	1.0
isolieren	neg 1.0		__DUMMY__ 0.8773095624998352 neg 0.06479290646989788 off 0.05789753103026698	false	1.0
unheilbar	neg 1.0		__DUMMY__ 0.8759054666031705 neg 0.06293793840624318 off 0.06115659499058638	false	1.0
pisser	off 1.0		__DUMMY__ 0.8677052351236877 off 0.06867260781445195 neg 0.06362215706186035	false	1.0
löschen	neg 1.0		__DUMMY__ 0.8765803577027962 neg 0.06287449801995366 off 0.06054514427725026	false	1.0
durchfallen	neg 1.0		__DUMMY__ 0.8755591831422804 neg 0.06634211390321802 off 0.05809870295450159	false	1.0
wichser	off 1.0	off 1.0	off 0.5277762493988671 __DUMMY__ 0.426674571849684 neg 0.045549178751448954	false	1.0
terror	neg 1.0		__DUMMY__ 0.8754469914625711 off 0.06340225011225918 neg 0.06115075842516968	false	0.5
krass	neg 1.0		__DUMMY__ 0.8697088009582974 off 0.06939647487395574 neg 0.06089472416774694	false	0.5
revolte	neg 1.0		__DUMMY__ 0.8742049520921261 neg 0.06303228997926338 off 0.06276275792861062	false	1.0
besorgt	neg 1.0		__DUMMY__ 0.8813653276753731 neg 0.059723181554987216 off 0.05891149076963966	false	1.0
nachlassen	neg 1.0		__DUMMY__ 0.8801136606475917 neg 0.06383129357524744 off 0.05605504577716095	false	1.0
alt	neg 1.0		__DUMMY__ 0.8767933712544708 neg 0.06545444226630998 off 0.05775218647921926	false	1.0
hundesohn	off 1.0		__DUMMY__ 0.8626084535623567 off 0.07598422925475684 neg 0.061407317182886535	false	1.0
als			__DUMMY__ 0.8784987797657495 neg 0.06274038727993263 off 0.05876083295431785	false	0.0
abschreckung	neg 1.0		__DUMMY__ 0.879080077445835 neg 0.06590097646699472 off 0.05501894608717023	false	1.0
unqualifiziert	neg 1.0		__DUMMY__ 0.8711245095153984 off 0.0649465652388641 neg 0.06392892524573746	false	0.5
abgewichst	off 1.0		__DUMMY__ 0.8785551192421405 neg 0.061895333050213545 off 0.05954954770764603	false	0.5
schwer	neg 1.0		__DUMMY__ 0.8757121448193975 neg 0.06400847959248325 off 0.060279375588119265	false	1.0
bedeutungslosigkeit	neg 1.0		__DUMMY__ 0.8783328492575879 neg 0.06564054752461125 off 0.05602660321780088	false	1.0
kapitulation	neg 1.0		__DUMMY__ 0.8780568064596086 neg 0.06472041231511493 off 0.05722278122527641	false	1.0
unscharf	neg 1.0		__DUMMY__ 0.8732340455714984 neg 0.06412843595441213 off 0.06263751847408942	false	1.0
schwinden	neg 1.0		__DUMMY__ 0.8782814756309871 neg 0.0661093864545422 off 0.05560913791447069	false	1.0
versklavung	neg 1.0		__DUMMY__ 0.8749121170536582 neg 0.06356822721651224 off 0.06151965572982957	false	1.0
schlecht	neg 1.0		__DUMMY__ 0.8739968752494934 off 0.06662838009377023 neg 0.059374744656736256	false	0.5
verhasst	neg 1.0		__DUMMY__ 0.8713141605518389 neg 0.06629895505667231 off 0.06238688439148874	false	1.0
beschweren	neg 1.0		__DUMMY__ 0.8748942246258882 off 0.06276435173071375 neg 0.06234142364339808	false	0.5
scheiden	neg 1.0		__DUMMY__ 0.8790247376040804 neg 0.06080934938948272 off 0.060165913006436825	false	1.0
frustriert	neg 1.0		__DUMMY__ 0.8754546675169899 neg 0.06504758605139202 off 0.059497746431618176	false	1.0
schimmelig	neg 1.0		__DUMMY__ 0.8739015701146128 neg 0.06866976145569932 off 0.05742866842968788	false	1.0
fisch	neg 1.0		__DUMMY__ 0.877689246473857 neg 0.06777647435461003 off 0.054534279171532904	false	1.0
schmuggel	neg 1.0		__DUMMY__ 0.8788085404721242 neg 0.06492352275658653 off 0.05626793677128918	false	1.0
auffallen	neg 1.0		__DUMMY__ 0.8745998204437764 off 0.06348713093978164 neg 0.06191304861644206	false	0.5
konkurrenz	neg 1.0		__DUMMY__ 0.8793188324504237 neg 0.06602845131762144 off 0.05465271623195471	false	1.0
teufelskreis	neg 1.0	neg 1.0	neg 0.5202482324627303 __DUMMY__ 0.43387621055907916 off 0.045875556978190436	false	1.0
aufschreien	neg 1.0		__DUMMY__ 0.872630409381544 neg 0.0637483776222892 off 0.0636212129961668	false	1.0
schuldner	neg 1.0		__DUMMY__ 0.8762458860547659 neg 0.0683832849785658 off 0.055370828966668194	false	1.0
missgeburt	off 1.0	off 1.0	off 0.5248863783459563 __DUMMY__ 0.42723290653887996 neg 0.04788071511516378	false	1.0
arbeitslos	neg 1.0		__DUMMY__ 0.8756194483676639 neg 0.06585969017354013 off 0.05852086145879589	false	1.0
befallen	neg 1.0		__DUMMY__ 0.8738935687662195 neg 0.06692566750607917 off 0.05918076372770129	false	1.0
miesepetrig	off 1.0	off 1.0	off 0.5198678199781249 __DUMMY__ 0.43397184072865147 neg 0.04616033929322352	false	1.0
alarmieren	neg 1.0		__DUMMY__ 0.8709781035702753 off 0.0652053010752159 neg 0.06381659535450879	false	0.5
ungeduscht	off 1.0		__DUMMY__ 0.871306239305959 off 0.06442887335916651 neg 0.06426488733487457	false	1.0
knappheit	neg 1.0		__DUMMY__ 0.8741845235778318 neg 0.06799113054245219 off 0.057824345879716	false	1.0
schlange	neg 1.0		__DUMMY__ 0.8787366680731572 off 0.06202035728096375 neg 0.059242974645879014	false	0.5
harsch	neg 1.0		__DUMMY__ 0.8713890856646372 off 0.0704567853995829 neg 0.05815412893577986	false	0.5
lang	neg 1.0		__DUMMY__ 0.8765101981902074 neg 0.06209840152525542 off 0.061391400284537136	false	1.0
ziellos	neg 1.0		__DUMMY__ 0.8798127239394298 neg 0.06262410337694395 off 0.0575631726836263	false	1.0
selbstverliebt	neg 1.0		__DUMMY__ 0.8616430876766538 off 0.07698645925248096 neg 0.06137045307086525	false	0.5
beseitigen	neg 1.0		__DUMMY__ 0.8774781573098143 neg 0.0634418438765246 off 0.05907999881366105	false	1.0
dumm	off 1.0		__DUMMY__ 0.8674880352639431 off 0.07240951014412653 neg 0.06010245459193033	false	1.0
arbeitsloser	neg 1.0		__DUMMY__ 0.878985115439098 neg 0.06246227419631237 off 0.05855261036458975	false	1.0
blitzen	neg 1.0		__DUMMY__ 0.8751347360156768 off 0.06381091154062737 neg 0.06105435244369575	false	0.5
hilflos	neg 1.0		__DUMMY__ 0.8758596046051311 neg 0.06514804912027232 off 0.05899234627459657	false	1.0
eklig	off 1.0		__DUMMY__ 0.8641181911096766 off 0.07295617177468636 neg 0.06292563711563694	false	1.0
begriff			__DUMMY__ 0.876668879746983 neg 0.06313364098819886 off 0.06019747926481804	false	0.0
hungersnot	neg 1.0		__DUMMY__ 0.8771462763070098 neg 0.0646071365114618 off 0.05824658718152847	false	1.0
ungesetzlich	neg 1.0		__DUMMY__ 0.8722412282289254 neg 0.06587935746130695 off 0.06187941430976776	false	1.0
verschwendung	neg 1.0		__DUMMY__ 0.8781176901526445 neg 0.0652741528520801 off 0.056608156995275286	false	1.0
schmerzvoll	neg 1.0		__DUMMY__ 0.8743261583729304 neg 0.06328816795663962 off 0.06238567367042992	false	1.0
vorzeitig	neg 1.0		__DUMMY__ 0.8732116789252308 neg 0.06351595982818901 off 0.06327236124658027	false	1.0
unvollkommenheit	neg 1.0		__DUMMY__ 0.882130863852303 neg 0.060252172726833274 off 0.057616963420863775	false	1.0
intervenieren	neg 1.0		__DUMMY__ 0.8771283087665058 neg 0.06629522502626059 off 0.056576466207233535	false	1.0
banause	off 1.0		__DUMMY__ 0.8611568481979087 off 0.07547734110710216 neg 0.06336581069498917	false	1.0
rebell	neg 1.0		__DUMMY__ 0.8810431444016577 neg 0.06632599522035874 off 0.052630860377983604	false	1.0
unlogisch	neg 1.0		__DUMMY__ 0.8692175675632785 off 0.06887408241105779 neg 0.061908350025663784	false	0.5
leiden	neg 1.0		__DUMMY__ 0.8818659374526067 neg 0.06301334985914293 off 0.05512071268825046	false	1.0
abschaffung	neg 1.0		__DUMMY__ 0.8758445897514081 neg 0.06314965227623826 off 0.06100575797235367	false	1.0
sturz	neg 1.0		__DUMMY__ 0.8777724444181398 neg 0.061581172039621504 off 0.0606463835422387	false	1.0
verkleinerung	neg 1.0		__DUMMY__ 0.8717321532644778 neg 0.06457258658474035 off 0.06369526015078167	false	1.0
schmarotzer	off 1.0		__DUMMY__ 0.8745213359473253 neg 0.0661551608404164 off 0.05932350321225834	false	0.5
bestrafung	neg 1.0		__DUMMY__ 0.8750921381403989 neg 0.063088151094287 off 0.061819710765314125	false	1.0
achtlos	neg 1.0	neg 1.0	neg 0.5178448101541383 __DUMMY__ 0.4366819187069791 off 0.045473271138882616	false	1.0
ungeheuer	neg 1.0		__DUMMY__ 0.8754195515083267 off 0.06289643839674047 neg 0.06168401009493276	false	0.5
unaufrichtig	neg 1.0		__DUMMY__ 0.877727027684829 off 0.06378593817431664 neg 0.05848703414085429	false	0.5
