unsolidarisch	neg 1.0		neg 0.4947794309762317 off 0.46470940346088746 __DUMMY__ 0.04051116556288094	false	1.0
nachteilig	neg 1.0		neg 0.4967626009179969 off 0.46235091147360813 __DUMMY__ 0.04088648760839506	false	1.0
skeptisch	neg 1.0		neg 0.49708624918953315 off 0.46197946807794166 __DUMMY__ 0.040934282732525286	false	1.0
schrecklich	neg 1.0		neg 0.4824230192158616 off 0.47723263779423397 __DUMMY__ 0.04034434298990445	false	1.0
schlapp	neg 1.0		neg 0.4859814701527957 off 0.47347387926681533 __DUMMY__ 0.04054465058038903	false	1.0
abfall	neg 1.0		neg 0.4999073767202186 off 0.45894568081207243 __DUMMY__ 0.04114694246770903	false	1.0
widerspenstig	neg 1.0		neg 0.4915070070508751 off 0.4677490948449905 __DUMMY__ 0.04074389810413436	false	1.0
abrupt	neg 1.0		neg 0.49551916292761833 off 0.46350804319345984 __DUMMY__ 0.04097279387892184	false	1.0
unwirksam	neg 1.0		neg 0.49523055033346197 off 0.4643189346263773 __DUMMY__ 0.040450515040160714	false	1.0
angreifen	neg 1.0		neg 0.4984408975307987 off 0.4607345265063733 __DUMMY__ 0.04082457596282793	false	1.0
inkonsistent	neg 1.0		neg 0.493165676480248 off 0.4663447952955243 __DUMMY__ 0.04048952822422776	false	1.0
abrutschen	neg 1.0		neg 0.5004924920321138 off 0.4584809486181069 __DUMMY__ 0.04102655934977943	false	1.0
unsicher	neg 1.0		neg 0.49072071281603435 off 0.4684058607804043 __DUMMY__ 0.04087342640356142	false	1.0
bauernkind	off 1.0	off 1.0	off 0.7211063144059072 neg 0.2600736173597829 __DUMMY__ 0.01882006823430993	false	1.0
angreifer	neg 1.0	neg 1.0	neg 0.7306574284592046 off 0.24993801066243532 __DUMMY__ 0.01940456087836015	false	1.0
trennen	neg 1.0		neg 0.49602202914741494 off 0.46289717397902974 __DUMMY__ 0.04108079687355533	false	1.0
schmutz	neg 1.0		neg 0.4886244798939984 off 0.47052756215841035 __DUMMY__ 0.0408479579475912	false	1.0
inkonsistenz	neg 1.0		neg 0.49002679128609156 off 0.46978870841789383 __DUMMY__ 0.0401845002960147	false	1.0
erschreckend	neg 1.0		neg 0.4935480490945215 off 0.4657502473334851 __DUMMY__ 0.04070170357199339	false	1.0
ertrinken	neg 1.0		neg 0.49760088337583236 off 0.4615580891086585 __DUMMY__ 0.04084102751550927	false	1.0
pickelface	off 1.0		neg 0.4928756122729427 off 0.466333478592953 __DUMMY__ 0.04079090913410433	false	0.5
seiner			neg 0.4965846474239584 off 0.4624746333472672 __DUMMY__ 0.040940719228774326	false	0.0
lauch	neg 1.0		neg 0.49912313594146235 off 0.4597903047574086 __DUMMY__ 0.04108655930112897	false	1.0
unwichtig	neg 1.0		neg 0.4880581785127714 off 0.4715178086195691 __DUMMY__ 0.04042401286765944	false	1.0
steuerhinterziehung	neg 1.0	neg 1.0	neg 0.7341477994024495 off 0.24646623226154996 __DUMMY__ 0.019385968336000547	false	1.0
schock	neg 1.0		neg 0.49289242753552337 off 0.466321898164034 __DUMMY__ 0.04078567430044268	false	1.0
beule	neg 1.0		neg 0.48655786279567637 off 0.4730821887218734 __DUMMY__ 0.04035994848245016	false	1.0
vergelten	neg 1.0		neg 0.48192433071784235 off 0.477507155392135 __DUMMY__ 0.04056851389002265	false	1.0
verdorbenheit	neg 1.0		neg 0.4884612807422769 off 0.47056179173533075 __DUMMY__ 0.040976927522392285	false	1.0
trauma	neg 1.0		neg 0.49117703596897383 off 0.4681306369452264 __DUMMY__ 0.0406923270857998	false	1.0
sinnlos	neg 1.0		neg 0.48972725055864763 off 0.4696244224030866 __DUMMY__ 0.040648327038265784	false	1.0
fettsack	off 1.0	off 1.0	off 0.7227383665849374 neg 0.2583547421007988 __DUMMY__ 0.01890689131426376	false	1.0
feige	off 1.0	off 1.0	off 0.7204049957270973 neg 0.2604571065639539 __DUMMY__ 0.01913789770894894	false	1.0
abdanken	neg 1.0		neg 0.49366184122199647 off 0.4656425133147377 __DUMMY__ 0.04069564546326587	false	1.0
wichtigtuer	off 1.0	off 1.0	off 0.7196150225697223 neg 0.26112616688948215 __DUMMY__ 0.019258810540795524	false	1.0
misslingen	neg 1.0		neg 0.4863756882071991 off 0.4724295690581612 __DUMMY__ 0.041194742734639675	false	1.0
untreu	off 1.0		neg 0.48718412489737306 off 0.472379468744596 __DUMMY__ 0.040436406358031037	false	0.5
missmutig	neg 1.0		neg 0.4870004710177494 off 0.47244956016905015 __DUMMY__ 0.04054996881320038	false	1.0
hurenbock	off 1.0		neg 0.4894980209703333 off 0.4697954885611565 __DUMMY__ 0.04070649046851014	false	0.5
betrunken	neg 1.0		neg 0.4846451950007863 off 0.47491344011063247 __DUMMY__ 0.04044136488858113	false	1.0
korrupt	off 1.0		neg 0.4976149454837935 off 0.4618302993843411 __DUMMY__ 0.0405547551318654	false	0.5
unmut	neg 1.0		neg 0.4996843341436982 off 0.4592233864998223 __DUMMY__ 0.04109227935647959	false	1.0
hackfresse	off 1.0		neg 0.48016201986203116 off 0.4797772928345444 __DUMMY__ 0.040060687303424436	false	0.5
aufblasen	neg 1.0		neg 0.48966804935362757 off 0.4696287622158846 __DUMMY__ 0.04070318843048772	false	1.0
gewaltsam	neg 1.0		neg 0.4936000602132867 off 0.46559899739302424 __DUMMY__ 0.040800942393688956	false	1.0
unbeliebtheit	neg 1.0		neg 0.4910730476962808 off 0.46865586430010575 __DUMMY__ 0.0402710880036134	false	1.0
sturheit	neg 1.0		neg 0.4948697611805032 off 0.4644630976680981 __DUMMY__ 0.0406671411513986	false	1.0
kuh	neg 1.0		neg 0.4935239388607921 off 0.4662458326474253 __DUMMY__ 0.04023022849178255	false	1.0
erschrecken	neg 1.0		neg 0.486890999761502 off 0.4725004534483578 __DUMMY__ 0.04060854679014014	false	1.0
opfer	neg 1.0		neg 0.49571685910072233 off 0.4634058051589466 __DUMMY__ 0.04087733574033121	false	1.0
sinken	neg 1.0		neg 0.4994047179711499 off 0.45956202344376473 __DUMMY__ 0.04103325858508551	false	1.0
stinktier	neg 1.0		neg 0.48756706969731683 off 0.47267557000658966 __DUMMY__ 0.0397573602960934	false	1.0
tucke	off 1.0		neg 0.4812182180444885 off 0.4789779198473817 __DUMMY__ 0.03980386210812983	false	0.5
ein			neg 0.4907783492315651 off 0.46852393784220503 __DUMMY__ 0.04069771292622976	false	0.0
abstieg	neg 1.0		neg 0.4975274451106075 off 0.4616168595200571 __DUMMY__ 0.040855695369335455	false	1.0
missverstehen	neg 1.0		neg 0.490464625938562 off 0.46907454953721683 __DUMMY__ 0.04046082452422133	false	1.0
ergebnislos	neg 1.0		neg 0.4964542065777664 off 0.46255227692809864 __DUMMY__ 0.040993516494135004	false	1.0
unter			neg 0.5019818712506162 off 0.45649774140514976 __DUMMY__ 0.04152038734423414	false	0.0
manipulieren	neg 1.0		neg 0.49742597203544114 off 0.46161224219782604 __DUMMY__ 0.04096178576673285	false	1.0
unbewiesen	neg 1.0		neg 0.495515557743272 off 0.4640389955714826 __DUMMY__ 0.04044544668524539	false	1.0
verschleppen	neg 1.0		neg 0.4966110460394761 off 0.4626346910676198 __DUMMY__ 0.04075426289290414	false	1.0
weib	off 1.0		neg 0.4832445750389588 off 0.4770766579382437 __DUMMY__ 0.03967876702279739	false	0.5
opposition	neg 1.0		neg 0.4918187453860415 off 0.46764604653403913 __DUMMY__ 0.040535208079919303	false	1.0
verkehrswidrig	neg 1.0		off 0.47969306780754395 neg 0.47968785361122546 __DUMMY__ 0.04061907858123068	false	0.5
inkorrekt	neg 1.0		neg 0.4854303572570732 off 0.4744005464710573 __DUMMY__ 0.040169096271869646	false	1.0
vermeiden	neg 1.0	neg 1.0	neg 0.7358387807923863 off 0.24444778680101759 __DUMMY__ 0.019713432406596166	false	1.0
abweichung	neg 1.0		neg 0.4955609631465877 off 0.463545918306559 __DUMMY__ 0.040893118546853215	false	1.0
alkoholisiert	neg 1.0		neg 0.4947378885440636 off 0.4641925635329037 __DUMMY__ 0.04106954792303263	false	1.0
scheiss	off 1.0	off 1.0	off 0.7216156930095258 neg 0.2591768784308638 __DUMMY__ 0.019207428559610485	false	1.0
herausforderung	neg 1.0		neg 0.4963632975719062 off 0.4626341423105093 __DUMMY__ 0.04100256011758451	false	1.0
pervers	off 1.0		off 0.48230922846032775 neg 0.47788170312027 __DUMMY__ 0.039809068419402245	false	1.0
wackelig	neg 1.0		neg 0.4909633284878804 off 0.4679350880837445 __DUMMY__ 0.04110158342837502	false	1.0
verwickeln	neg 1.0		neg 0.49104359308763873 off 0.4684729371568274 __DUMMY__ 0.04048346975553383	false	1.0
vorwand	neg 1.0		neg 0.49806424729621607 off 0.461019546556767 __DUMMY__ 0.04091620614701683	false	1.0
muschi	off 1.0		neg 0.49276814934914004 off 0.46644865024581394 __DUMMY__ 0.040783200405045884	false	0.5
entmutigung	neg 1.0		neg 0.4921045441554483 off 0.46731410823038794 __DUMMY__ 0.04058134761416379	false	1.0
unangemessen	neg 1.0		neg 0.49554316037425167 off 0.4638283088020465 __DUMMY__ 0.040628530823701985	false	1.0
unstetig	neg 1.0		neg 0.4886582955634227 off 0.4706707967154729 __DUMMY__ 0.040670907721104425	false	1.0
entmutigen	neg 1.0		neg 0.49125087383931476 off 0.46807104760682994 __DUMMY__ 0.04067807855385536	false	1.0
schwanz	neg 1.0		neg 0.49544366622090585 off 0.4636903334154868 __DUMMY__ 0.04086600036360719	false	1.0
verbot	neg 1.0		neg 0.496231616093305 off 0.4630241191304573 __DUMMY__ 0.040744264776237535	false	1.0
leid	neg 1.0		neg 0.48222264655740826 off 0.47764126406264207 __DUMMY__ 0.04013608937994969	false	1.0
archaisch	neg 1.0		neg 0.4940883427011074 off 0.46518091534927114 __DUMMY__ 0.040730741949621584	false	1.0
gegen			neg 0.49886900491017294 off 0.46005116330740203 __DUMMY__ 0.04107983178242507	false	0.0
scheidung	neg 1.0		off 0.4891748397585989 neg 0.47090639158826014 __DUMMY__ 0.03991876865314098	false	0.5
einschlag	neg 1.0		neg 0.48425962243941684 off 0.4753915475471763 __DUMMY__ 0.040348830013406896	false	1.0
m			neg 0.49333845726593567 off 0.46572730050126177 __DUMMY__ 0.040934242232802676	false	0.0
abgestanden	neg 1.0		neg 0.49247600330244284 off 0.46694855940462043 __DUMMY__ 0.04057543729293666	false	1.0
schmierig	off 1.0		neg 0.4821983737246318 off 0.4775564673702688 __DUMMY__ 0.040245158905099485	false	0.5
unpraktisch	neg 1.0		neg 0.48990312641408745 off 0.469391058796573 __DUMMY__ 0.04070581478933952	false	1.0
wixxer	off 1.0		off 0.4811569171709087 neg 0.47918181821341627 __DUMMY__ 0.03966126461567507	false	1.0
bezeichnet			neg 0.49407524816144677 off 0.4653891365109154 __DUMMY__ 0.040535615327637796	false	0.0
jammerlappen	off 1.0		neg 0.48653190285765524 off 0.47290246109111017 __DUMMY__ 0.040565636051234664	false	0.5
farce	neg 1.0		neg 0.49612760676571704 off 0.4632566099481217 __DUMMY__ 0.040615783286161285	false	1.0
zwecklos	neg 1.0		neg 0.49550193844492296 off 0.4638154551909018 __DUMMY__ 0.04068260636417533	false	1.0
turbulent	neg 1.0		neg 0.48821899002312774 off 0.47158276560906387 __DUMMY__ 0.04019824436780848	false	1.0
invasion	neg 1.0		neg 0.4901843627511832 off 0.4691868987459548 __DUMMY__ 0.04062873850286205	false	1.0
schuld	neg 1.0		neg 0.49230626117053145 off 0.4671351296371543 __DUMMY__ 0.04055860919231421	false	1.0
risiko	neg 1.0	neg 1.0	neg 0.7306710319974529 off 0.24987535813081085 __DUMMY__ 0.01945360987173623	false	1.0
finster	neg 1.0		neg 0.49195367575265053 off 0.4675162708918554 __DUMMY__ 0.040530053355494075	false	1.0
geisteskrank	off 1.0		neg 0.48783699049613705 off 0.47197134375467886 __DUMMY__ 0.04019166574918413	false	0.5
zusammenbrechen	neg 1.0		neg 0.49390647527088744 off 0.4652794945567315 __DUMMY__ 0.040814030172381006	false	1.0
ausbeute	neg 1.0		neg 0.48910662639718794 off 0.46942323030337496 __DUMMY__ 0.04147014329943709	false	1.0
hinterhalt	neg 1.0		neg 0.4902529964709958 off 0.4686120679662031 __DUMMY__ 0.041134935562801025	false	1.0
kritik	neg 1.0		neg 0.4966302679897064 off 0.46277292311099344 __DUMMY__ 0.04059680889930015	false	1.0
einschrumpfen	neg 1.0		neg 0.489485624485031 off 0.4700969848954115 __DUMMY__ 0.04041739061955745	false	1.0
riskant	neg 1.0		neg 0.49746189931411006 off 0.4617162858254955 __DUMMY__ 0.04082181486039443	false	1.0
frustrieren	neg 1.0		neg 0.49603154944523997 off 0.46313542304994265 __DUMMY__ 0.04083302750481746	false	1.0
groll	neg 1.0		neg 0.49619095169967686 off 0.46312683779762986 __DUMMY__ 0.040682210502693376	false	1.0
gibt			neg 0.49324887812002055 off 0.46588489945728456 __DUMMY__ 0.04086622242269484	false	0.0
qualvoll	neg 1.0		neg 0.4889609090143742 off 0.4704496262906039 __DUMMY__ 0.04058946469502183	false	1.0
wackeln	neg 1.0		neg 0.4897869958581501 off 0.4693838679831292 __DUMMY__ 0.04082913615872071	false	1.0
klagen	neg 1.0		neg 0.4997694078852333 off 0.459248535422317 __DUMMY__ 0.04098205669244974	false	1.0
bankrott	neg 1.0		neg 0.48639940602315496 off 0.47294212377404493 __DUMMY__ 0.040658470202800126	false	1.0
trauern	neg 1.0		neg 0.4952944531977469 off 0.4637264004859244 __DUMMY__ 0.04097914631632858	false	1.0
ablehnung	neg 1.0		neg 0.49630536380459156 off 0.4630329886128835 __DUMMY__ 0.04066164758252488	false	1.0
stur	neg 1.0		neg 0.4917599888552526 off 0.4676583859386642 __DUMMY__ 0.04058162520608326	false	1.0
aufruhr	neg 1.0		neg 0.4938657435275676 off 0.4654067815316521 __DUMMY__ 0.04072747494078013	false	1.0
melancholie	neg 1.0		neg 0.49554572343037906 off 0.4636329002389061 __DUMMY__ 0.04082137633071489	false	1.0
ist			neg 0.4898604058899988 off 0.46947269767549843 __DUMMY__ 0.0406668964345027	false	0.0
torheit	neg 1.0		neg 0.49232408983779624 off 0.46700646109832245 __DUMMY__ 0.04066944906388134	false	1.0
dreckskind	off 1.0		neg 0.4837655410940182 off 0.4763683700631331 __DUMMY__ 0.03986608884284888	false	0.5
umtauschen	neg 1.0		neg 0.4915755368434149 off 0.46762459382408217 __DUMMY__ 0.040799869332502965	false	1.0
zum			neg 0.4972774637319573 off 0.461208550017704 __DUMMY__ 0.04151398625033875	false	0.0
zersetzen	neg 1.0		neg 0.49882922056499507 off 0.46036513344879604 __DUMMY__ 0.04080564598620894	false	1.0
zur			neg 0.49979886462646594 off 0.4588279200262599 __DUMMY__ 0.04137321534727411	false	0.0
frust	neg 1.0		neg 0.4938162396011748 off 0.46535491615395197 __DUMMY__ 0.04082884424487323	false	1.0
unerbittlichkeit	neg 1.0		neg 0.49819256115368477 off 0.4609359823074162 __DUMMY__ 0.04087145653889891	false	1.0
zwei			neg 0.496545002573669 off 0.4620250733913593 __DUMMY__ 0.041429924034971755	false	0.0
unkorrekt	neg 1.0		neg 0.4839958942564833 off 0.47565870589303305 __DUMMY__ 0.04034539985048368	false	1.0
hexe	off 1.0		neg 0.49068107283283713 off 0.46919204646039014 __DUMMY__ 0.04012688070677278	false	0.5
lasch	neg 1.0		neg 0.4899218447093989 off 0.4696936517069671 __DUMMY__ 0.040384503583633845	false	1.0
rivale	neg 1.0		neg 0.48576236450591326 off 0.4739300699511452 __DUMMY__ 0.04030756554294156	false	1.0
mutlos	off 1.0	off 1.0	off 0.7155013634215238 neg 0.2650963951130504 __DUMMY__ 0.01940224146542586	false	1.0
wirr	off 1.0		neg 0.4853198699958842 off 0.47456764786869543 __DUMMY__ 0.040112482135420326	false	0.5
jahr			neg 0.49148552398641937 off 0.4669584266949471 __DUMMY__ 0.04155604931863341	false	0.0
wird			neg 0.49508319602344725 off 0.46407039359229263 __DUMMY__ 0.04084641038426025	false	0.0
strafbar	neg 1.0		neg 0.4964312976163615 off 0.4627116715345476 __DUMMY__ 0.04085703084909093	false	1.0
erosion	neg 1.0		neg 0.4904832687851574 off 0.46864331864594355 __DUMMY__ 0.04087341256889919	false	1.0
eingehen	neg 1.0		neg 0.4967430543268221 off 0.46245742586461613 __DUMMY__ 0.040799519808561856	false	1.0
faul	off 1.0		neg 0.4868738916210792 off 0.4725155342604202 __DUMMY__ 0.04061057411850053	false	0.5
provisorium	neg 1.0		neg 0.49967901679562593 off 0.4586703461456635 __DUMMY__ 0.041650637058710555	false	1.0
schmerzen	neg 1.0		neg 0.49431953160503367 off 0.46504051050428297 __DUMMY__ 0.04063995789068347	false	1.0
schrumpfen	neg 1.0		neg 0.5023069704791211 off 0.4566037332241623 __DUMMY__ 0.04108929629671656	false	1.0
geistlos	off 1.0		neg 0.4920446253419155 off 0.4676055787313438 __DUMMY__ 0.04034979592674074	false	0.5
fehlkauf	neg 1.0		neg 0.49040079363514466 off 0.4689607425849693 __DUMMY__ 0.04063846377988591	false	1.0
frustrierend	neg 1.0		neg 0.48775751616456003 off 0.4716597126036938 __DUMMY__ 0.040582771231746174	false	1.0
unzufrieden	neg 1.0		neg 0.4955852539331661 off 0.4636990924686787 __DUMMY__ 0.04071565359815517	false	1.0
verzweifeln	neg 1.0		neg 0.493321982255466 off 0.4659297548420058 __DUMMY__ 0.04074826290252826	false	1.0
verzweifelt	neg 1.0	neg 1.0	neg 0.7324127236857125 off 0.24832793124019045 __DUMMY__ 0.019259345074097003	false	1.0
misstrauensantrag	neg 1.0		neg 0.4898564023321065 off 0.4695121745753927 __DUMMY__ 0.040631423092500916	false	1.0
abfallen	neg 1.0		neg 0.48975196257493825 off 0.4694322903154697 __DUMMY__ 0.04081574710959197	false	1.0
fucker	off 1.0		neg 0.4840853934255757 off 0.47550730333573626 __DUMMY__ 0.040407303238687985	false	0.5
ungezogen	neg 1.0		off 0.48149268744381113 neg 0.47864485259188005 __DUMMY__ 0.03986245996430876	false	0.5
irrsinnig	neg 1.0	neg 1.0	neg 0.7319923214808798 off 0.24870702268688005 __DUMMY__ 0.019300655832240242	false	1.0
unfassbar	neg 1.0		neg 0.4853812972572271 off 0.4741097363384719 __DUMMY__ 0.04050896640430091	false	1.0
hart	neg 1.0		neg 0.48714481384755665 off 0.47245564724251704 __DUMMY__ 0.04039953890992623	false	1.0
widerlich	off 1.0		neg 0.48668223279923234 off 0.47301995526045615 __DUMMY__ 0.0402978119403114	false	0.5
fatal	neg 1.0		neg 0.4899004092993234 off 0.4694816820736056 __DUMMY__ 0.04061790862707097	false	1.0
bruch	neg 1.0		neg 0.49905039767223586 off 0.4599472128403554 __DUMMY__ 0.04100238948740867	false	1.0
aushungern	neg 1.0		neg 0.49435521192048715 off 0.4648410946843046 __DUMMY__ 0.040803693395208306	false	1.0
anspannung	neg 1.0		neg 0.49929400314207406 off 0.45937534666505186 __DUMMY__ 0.04133065019287407	false	1.0
von			neg 0.4906026227383167 off 0.4677556427822569 __DUMMY__ 0.04164173447942647	false	0.0
kraftlos	neg 1.0		neg 0.4939737645220478 off 0.46515054487875496 __DUMMY__ 0.04087569059919718	false	1.0
vom			neg 0.49860303370886305 off 0.45970970762055297 __DUMMY__ 0.041687258670583933	false	0.0
grenzdebil	off 1.0		neg 0.48500325934351995 off 0.4745011568604943 __DUMMY__ 0.040495583795985675	false	0.5
vor			neg 0.4965789476028935 off 0.4622767543268874 __DUMMY__ 0.041144298070219014	false	0.0
unterwerfen	neg 1.0		neg 0.4963591258632264 off 0.46281687738186067 __DUMMY__ 0.04082399675491288	false	1.0
versenkung	neg 1.0		neg 0.4942431301475821 off 0.46474491976052196 __DUMMY__ 0.04101195009189596	false	1.0
entziehen	neg 1.0		neg 0.49863701300714725 off 0.4603471373488362 __DUMMY__ 0.041015849644016465	false	1.0
finanzkrise	neg 1.0		neg 0.49613445457156735 off 0.46335102680342277 __DUMMY__ 0.04051451862500996	false	1.0
schimpfend	neg 1.0		neg 0.49013987893228567 off 0.4692420160253188 __DUMMY__ 0.04061810504239557	false	1.0
profan	neg 1.0		neg 0.48991524767968736 off 0.4695405125360949 __DUMMY__ 0.04054423978421774	false	1.0
korruption	neg 1.0		neg 0.49690889368570074 off 0.46237829505455724 __DUMMY__ 0.04071281125974195	false	1.0
â			neg 0.4935884899740818 off 0.4654284803815058 __DUMMY__ 0.04098302964441231	false	0.0
schmutzig	neg 1.0		neg 0.4844587579886453 off 0.4750504969709315 __DUMMY__ 0.04049074504042314	false	1.0
sexy	neg 1.0		neg 0.48753664651255785 off 0.47181137044961724 __DUMMY__ 0.04065198303782502	false	1.0
abraten	neg 1.0		neg 0.4889001136172729 off 0.47037392135654815 __DUMMY__ 0.04072596502617911	false	1.0
schwarz	neg 1.0		neg 0.4907872333909587 off 0.4685838646530639 __DUMMY__ 0.04062890195597744	false	1.0
fotze	off 1.0	off 1.0	off 0.7175862380257658 neg 0.26294384843914703 __DUMMY__ 0.01946991353508719	false	1.0
verwirren	neg 1.0		neg 0.4890874458874851 off 0.4703453093023398 __DUMMY__ 0.04056724481017504	false	1.0
zahnlos	off 1.0		neg 0.4944932784373335 off 0.4647926034559154 __DUMMY__ 0.040714118106750984	false	0.5
verheeren	neg 1.0		off 0.482950694978342 neg 0.4772009400282434 __DUMMY__ 0.03984836499341465	false	0.5
hippie	neg 1.0		neg 0.4881536502560866 off 0.47120101857849506 __DUMMY__ 0.040645331165418214	false	1.0
rammen	neg 1.0		neg 0.494011728059646 off 0.4656529316568668 __DUMMY__ 0.04033534028348719	false	1.0
unlauter	neg 1.0		neg 0.4932226751620582 off 0.46629471278842954 __DUMMY__ 0.04048261204951226	false	1.0
unheilvoll	neg 1.0		neg 0.4905560531395593 off 0.468838499248099 __DUMMY__ 0.040605447612341763	false	1.0
niedrig	neg 1.0		neg 0.49842678089592685 off 0.4608116858271654 __DUMMY__ 0.040761533276907624	false	1.0
explosion	neg 1.0		neg 0.48900662662591105 off 0.4703680122017266 __DUMMY__ 0.04062536117236234	false	1.0
weichei	off 1.0	off 1.0	off 0.7242049988329726 neg 0.2567609865564646 __DUMMY__ 0.019034014610562738	false	1.0
minusmensch	off 1.0		neg 0.4830462166819976 off 0.4773077257948225 __DUMMY__ 0.039646057523179935	false	0.5
farblos	neg 1.0		neg 0.4921759647830802 off 0.46706874035633994 __DUMMY__ 0.04075529486058002	false	1.0
unwissend	neg 1.0	neg 1.0	neg 0.7296490061278152 off 0.2511252240524537 __DUMMY__ 0.019225769819731193	false	1.0
traurig	neg 1.0		neg 0.4827683798160668 off 0.47681549721760247 __DUMMY__ 0.04041612296633078	false	1.0
senkung	neg 1.0		neg 0.4913565709378567 off 0.46822956658692444 __DUMMY__ 0.04041386247521895	false	1.0
ungleich	neg 1.0	neg 1.0	neg 0.7350111696933268 off 0.2455399271905135 __DUMMY__ 0.01944890311615971	false	1.0
heikel	neg 1.0		neg 0.4972755712655262 off 0.4618844523810617 __DUMMY__ 0.04083997635341214	false	1.0
drosselung	neg 1.0		neg 0.4862589347696977 off 0.4733465722172662 __DUMMY__ 0.040394493013036076	false	1.0
falsch	neg 1.0		neg 0.48804837480890606 off 0.4714285330848756 __DUMMY__ 0.04052309210621822	false	1.0
unzufriedenheit	neg 1.0		neg 0.49846887983579774 off 0.4605936471454583 __DUMMY__ 0.04093747301874402	false	1.0
kurz	neg 1.0		neg 0.4910325800922891 off 0.4679434920725424 __DUMMY__ 0.04102392783516837	false	1.0
unsinnig	neg 1.0		neg 0.49436997174623887 off 0.46494160884295366 __DUMMY__ 0.04068841941080749	false	1.0
penner	off 1.0	off 1.0	off 0.7250599339939506 neg 0.25593372881618226 __DUMMY__ 0.0190063371898671	false	1.0
seicht	neg 1.0		off 0.48081627319875675 neg 0.47931437447171527 __DUMMY__ 0.03986935232952804	false	0.5
dummheit	off 1.0	off 1.0	off 0.7193702749324624 neg 0.2614189916849509 __DUMMY__ 0.019210733382586623	false	1.0
unerfreulich	neg 1.0		neg 0.4969636885561483 off 0.4620582784281097 __DUMMY__ 0.0409780330157421	false	1.0
motherfucker	off 1.0	off 1.0	off 0.7224436586206344 neg 0.258357210011583 __DUMMY__ 0.019199131367782618	false	1.0
pikiert	neg 1.0		neg 0.48774715113517064 off 0.4719442514606502 __DUMMY__ 0.04030859740417911	false	1.0
wrack	neg 1.0		neg 0.4934598542359234 off 0.46564159629620194 __DUMMY__ 0.04089854946787467	false	1.0
gangster	neg 1.0		neg 0.4882736672394771 off 0.47110057873055244 __DUMMY__ 0.04062575402997047	false	1.0
krank	neg 1.0		neg 0.48449390768929246 off 0.47497008065010693 __DUMMY__ 0.040536011660600516	false	1.0
reich	neg 1.0		neg 0.4860832282160357 off 0.4733576410108625 __DUMMY__ 0.040559130773101824	false	1.0
gnadenlos	neg 1.0		neg 0.49210218708446213 off 0.4673267766712396 __DUMMY__ 0.040571036244298406	false	1.0
niedergeschlagen	neg 1.0		neg 0.49281047981081055 off 0.4663409439955486 __DUMMY__ 0.04084857619364089	false	1.0
terrorisieren	off 1.0	off 1.0	off 0.7165268257205467 neg 0.26398355811500446 __DUMMY__ 0.019489616164448824	false	1.0
sinnlosigkeit	neg 1.0		neg 0.4948374590766041 off 0.4644164682629384 __DUMMY__ 0.04074607266045747	false	1.0
behindern	neg 1.0		neg 0.4927944786161176 off 0.46644279218353585 __DUMMY__ 0.0407627292003465	false	1.0
undemokratisch	neg 1.0		neg 0.4919689671602139 off 0.4674081831985374 __DUMMY__ 0.040622849641248675	false	1.0
wirtschaftskrise	neg 1.0		neg 0.49778576533062635 off 0.46156033771070415 __DUMMY__ 0.040653896958669444	false	1.0
neid	neg 1.0		neg 0.4857711749439288 off 0.4734830655604631 __DUMMY__ 0.040745759495608096	false	1.0
rutschen	neg 1.0		neg 0.49698906111912006 off 0.46160225709080105 __DUMMY__ 0.04140868179007886	false	1.0
rezession	neg 1.0		neg 0.4883349456117871 off 0.4718027677915434 __DUMMY__ 0.03986228659666958	false	1.0
fehlgeburt	neg 1.0		neg 0.4888619385689325 off 0.4703688503289466 __DUMMY__ 0.04076921110212089	false	1.0
charakterschwach	off 1.0		neg 0.48681045899499653 off 0.4728757716876182 __DUMMY__ 0.040313769317385235	false	0.5
isolation	neg 1.0		neg 0.4879514992386852 off 0.47144777827126183 __DUMMY__ 0.040600722490053115	false	1.0
ablenkung	neg 1.0		neg 0.49072681123175943 off 0.4684360512948871 __DUMMY__ 0.040837137473353526	false	1.0
pech	neg 1.0		neg 0.4877622466993384 off 0.4716546625200818 __DUMMY__ 0.04058309078057997	false	1.0
vermeidung	neg 1.0		neg 0.4857316635065788 off 0.4738400282697922 __DUMMY__ 0.040428308223628945	false	1.0
dominieren	neg 1.0		neg 0.49663235917651194 off 0.46253919871119453 __DUMMY__ 0.04082844211229358	false	1.0
schwindlig	neg 1.0		neg 0.48846416431818246 off 0.4708013496326328 __DUMMY__ 0.040734486049184726	false	1.0
lutscher	neg 1.0	neg 1.0	neg 0.7247215262074681 off 0.25633260308016564 __DUMMY__ 0.018945870712366274	false	1.0
pflicht	neg 1.0		neg 0.4983566922410185 off 0.4607414356197305 __DUMMY__ 0.040901872139250985	false	1.0
faschist	off 1.0		neg 0.48903803111535477 off 0.47040488462395225 __DUMMY__ 0.04055708426069302	false	0.5
verschleudern	neg 1.0		neg 0.4978840758705595 off 0.4613129797617829 __DUMMY__ 0.040802944367657516	false	1.0
wenn			neg 0.4879928476277396 off 0.47149262926466123 __DUMMY__ 0.04051452310759918	false	0.0
ehebruch	neg 1.0		neg 0.4959286478847014 off 0.4632650109482467 __DUMMY__ 0.04080634116705185	false	1.0
spott	off 1.0		neg 0.49702314521076274 off 0.46220652340069124 __DUMMY__ 0.04077033138854602	false	0.5
trostlosigkeit	neg 1.0		neg 0.4984558366973624 off 0.46057033206759673 __DUMMY__ 0.04097383123504086	false	1.0
lutschen	neg 1.0		neg 0.49007329531055693 off 0.46952879981207407 __DUMMY__ 0.04039790487736893	false	1.0
undiszipliniert	neg 1.0		neg 0.48419803881474666 off 0.475452421647888 __DUMMY__ 0.04034953953736539	false	1.0
kopfschmerz	neg 1.0		neg 0.4959061195194398 off 0.46346309125131113 __DUMMY__ 0.04063078922924899	false	1.0
unvorhergesehen	neg 1.0		neg 0.49352519986887683 off 0.46525816247538543 __DUMMY__ 0.04121663765573779	false	1.0
desinteressiert	neg 1.0	neg 1.0	neg 0.7284185813555604 off 0.25240934712745217 __DUMMY__ 0.01917207151698743	false	1.0
armselig	off 1.0		neg 0.4852871146919375 off 0.4745466657386018 __DUMMY__ 0.040166219569460676	false	0.5
desaster	neg 1.0		neg 0.4998225779168868 off 0.45916625244713455 __DUMMY__ 0.04101116963597879	false	1.0
tod	neg 1.0		neg 0.4938094731203677 off 0.4652267323964583 __DUMMY__ 0.04096379448317396	false	1.0
herzlos	neg 1.0		neg 0.4842801599923012 off 0.47545306689143363 __DUMMY__ 0.04026677311626525	false	1.0
unwissenheit	neg 1.0		neg 0.49566266959774347 off 0.4636214755249143 __DUMMY__ 0.040715854877342396	false	1.0
widersinnig	neg 1.0		neg 0.4972139577560059 off 0.4622252075921447 __DUMMY__ 0.04056083465184946	false	1.0
bedenklich	neg 1.0		neg 0.4963484642525138 off 0.46288113561586713 __DUMMY__ 0.04077040013161911	false	1.0
beanstanden	neg 1.0		neg 0.4983183801526724 off 0.46072946362723727 __DUMMY__ 0.04095215622009039	false	1.0
panisch	neg 1.0	neg 1.0	neg 0.7295798133213142 off 0.25097977362606544 __DUMMY__ 0.01944041305262053	false	1.0
debil	off 1.0		neg 0.5017212492283225 off 0.45692308262846665 __DUMMY__ 0.041355668143210844	false	0.5
abstrich	neg 1.0		neg 0.48939016807032715 off 0.4695229402967926 __DUMMY__ 0.041086891632880096	false	1.0
primitiv	neg 1.0		neg 0.4865482256457801 off 0.47316807732678023 __DUMMY__ 0.040283697027439634	false	1.0
abschaum	off 1.0	off 1.0	off 0.7211172043451914 neg 0.2596770973884939 __DUMMY__ 0.019205698266314623	false	1.0
provozieren	neg 1.0		neg 0.49302921663776256 off 0.46646666874415443 __DUMMY__ 0.04050411461808297	false	1.0
tot	neg 1.0		neg 0.4948013249269503 off 0.46439247073253853 __DUMMY__ 0.04080620434051131	false	1.0
instabil	neg 1.0		neg 0.4858055012621252 off 0.47399991880199593 __DUMMY__ 0.040194579935878896	false	1.0
schwuchtel	off 1.0	off 1.0	off 0.7272704005517704 neg 0.25395641731316476 __DUMMY__ 0.01877318213506489	false	1.0
zerren	neg 1.0		neg 0.4939334737059232 off 0.465242696727105 __DUMMY__ 0.04082382956697181	false	1.0
kinderficker	off 1.0		neg 0.4812608298462769 off 0.4785480223208424 __DUMMY__ 0.04019114783288056	false	0.5
gefahr	neg 1.0		neg 0.4975842432585746 off 0.4613711613025288 __DUMMY__ 0.04104459543889652	false	1.0
rabiat	neg 1.0		neg 0.491844029733841 off 0.4674276775242347 __DUMMY__ 0.04072829274192435	false	1.0
verlangsamung	neg 1.0		neg 0.48335058734265024 off 0.4768650318550037 __DUMMY__ 0.03978438080234612	false	1.0
ausgestorben	neg 1.0		neg 0.4915358193501869 off 0.46766313032372675 __DUMMY__ 0.04080105032608639	false	1.0
anklagen	neg 1.0		neg 0.4959118935550192 off 0.4633157094369886 __DUMMY__ 0.04077239700799222	false	1.0
trott	neg 1.0		neg 0.4922174183025075 off 0.4670109597496874 __DUMMY__ 0.04077162194780495	false	1.0
verminderung	neg 1.0		neg 0.48550163034003074 off 0.4741041811826809 __DUMMY__ 0.0403941884772882	false	1.0
nach			neg 0.49765913173666565 off 0.46083434468791107 __DUMMY__ 0.04150652357542314	false	0.0
rost	neg 1.0		neg 0.4813992721762637 off 0.4784847957767024 __DUMMY__ 0.04011593204703394	false	1.0
destruktiv	neg 1.0		neg 0.49337284917197716 off 0.46599519235322096 __DUMMY__ 0.040631958474801874	false	1.0
unzumutbarkeit	neg 1.0		neg 0.48591670570042694 off 0.4735467605356249 __DUMMY__ 0.040536533763948224	false	1.0
labil	off 1.0	off 1.0	off 0.7209149825061704 neg 0.2598359776193549 __DUMMY__ 0.019249039874474665	false	1.0
ziemlich	neg 1.0		neg 0.4846843831443578 off 0.47472546153458095 __DUMMY__ 0.040590155321061264	false	1.0
lachnummer	off 1.0		neg 0.49302382230488984 off 0.4663929855371114 __DUMMY__ 0.04058319215799873	false	0.5
oder			neg 0.4899071801868555 off 0.46928760144214615 __DUMMY__ 0.04080521837099839	false	0.0
verfall	neg 1.0		neg 0.5015831092882037 off 0.45726639312399653 __DUMMY__ 0.04115049758779982	false	1.0
ausgrenzung	neg 1.0		neg 0.491401644881527 off 0.4680034156092027 __DUMMY__ 0.04059493950927021	false	1.0
unordnung	neg 1.0		neg 0.48232764148992724 off 0.47713414581383984 __DUMMY__ 0.040538212696232714	false	1.0
fehlverhalten	neg 1.0		neg 0.49886592956678294 off 0.4603605384782127 __DUMMY__ 0.040773531955004265	false	1.0
eine			neg 0.4960227682586812 off 0.4628674976508564 __DUMMY__ 0.041109734090462445	false	0.0
nille	neg 1.0		neg 0.4919858257334968 off 0.46720334313552103 __DUMMY__ 0.040810831130982245	false	1.0
qual	neg 1.0		neg 0.49251800132460555 off 0.46668419856310805 __DUMMY__ 0.04079780011228644	false	1.0
verschwenden	neg 1.0		neg 0.49708153827044305 off 0.4621389642526976 __DUMMY__ 0.04077949747685943	false	1.0
riesig	neg 1.0		neg 0.49453500916699866 off 0.4645104928043078 __DUMMY__ 0.04095449802869344	false	1.0
verurteilen	neg 1.0		neg 0.496896702871437 off 0.46248524214145875 __DUMMY__ 0.04061805498710427	false	1.0
klischee	neg 1.0	neg 1.0	neg 0.7307809379605855 off 0.2499971814662972 __DUMMY__ 0.019221880573117238	false	1.0
diktatorisch	neg 1.0		neg 0.4922578802543038 off 0.4671707024945212 __DUMMY__ 0.04057141725117504	false	1.0
vorhersehbar	neg 1.0		neg 0.490425338024292 off 0.4691455484417148 __DUMMY__ 0.04042911353399319	false	1.0
sowie			neg 0.4838348906535267 off 0.4761308455043453 __DUMMY__ 0.040034263842128	false	0.0
stornieren	neg 1.0		neg 0.4861347176219728 off 0.4728493148293648 __DUMMY__ 0.0410159675486624	false	1.0
besteuerung	neg 1.0		neg 0.4943518673274053 off 0.4652301541055159 __DUMMY__ 0.04041797856707877	false	1.0
ungeschminkt	neg 1.0		neg 0.48853293399888387 off 0.4713401932869505 __DUMMY__ 0.04012687271416551	false	1.0
kritisch	neg 1.0		neg 0.4962912325377575 off 0.4628935918672331 __DUMMY__ 0.04081517559500938	false	1.0
schlamperei	off 1.0		neg 0.4966458507926674 off 0.46239028499165324 __DUMMY__ 0.040963864215679394	false	0.5
sucht	neg 1.0	neg 1.0	neg 0.7292545740095727 off 0.2511368644811714 __DUMMY__ 0.019608561509255953	false	1.0
egoistisch	off 1.0		neg 0.48219440025899807 off 0.47773803246453694 __DUMMY__ 0.04006756727646498	false	0.5
ausbeuter	off 1.0		neg 0.4995518672264608 off 0.45973958761279593 __DUMMY__ 0.04070854516074336	false	0.5
arschgeburt	off 1.0		off 0.4825466122633159 neg 0.47799491099762254 __DUMMY__ 0.03945847673906161	false	1.0
schubs	neg 1.0		neg 0.4930342195467314 off 0.4660940312824033 __DUMMY__ 0.04087174917086529	false	1.0
unsolide	neg 1.0		neg 0.4926320403255885 off 0.46692847425280803 __DUMMY__ 0.04043948542160355	false	1.0
beschwerde	neg 1.0		neg 0.4975215429467381 off 0.4617037367683744 __DUMMY__ 0.04077472028488731	false	1.0
stocken	neg 1.0		neg 0.496832901435951 off 0.4622686783499556 __DUMMY__ 0.040898420214093394	false	1.0
isolieren	neg 1.0		neg 0.49578915582619865 off 0.4634200012441662 __DUMMY__ 0.04079084292963524	false	1.0
unheilbar	neg 1.0		neg 0.49186845794662654 off 0.46742669692040256 __DUMMY__ 0.040704845132970915	false	1.0
pisser	off 1.0		neg 0.48644470251940125 off 0.4734293661971212 __DUMMY__ 0.04012593128347751	false	0.5
löschen	neg 1.0		neg 0.4919426711268987 off 0.46730051870937506 __DUMMY__ 0.040756810163726155	false	1.0
durchfallen	neg 1.0		neg 0.49652664282147063 off 0.46277671483211164 __DUMMY__ 0.04069664234641782	false	1.0
wichser	off 1.0	off 1.0	off 0.7266754667521194 neg 0.25439801456701033 __DUMMY__ 0.018926518680870287	false	1.0
terror	neg 1.0		neg 0.48821788069115507 off 0.4711163181946889 __DUMMY__ 0.04066580111415606	false	1.0
krass	neg 1.0		neg 0.48333524273935907 off 0.47641949828033286 __DUMMY__ 0.04024525898030801	false	1.0
revolte	neg 1.0		neg 0.4908562725257826 off 0.4685625932549965 __DUMMY__ 0.040581134219221	false	1.0
besorgt	neg 1.0		neg 0.49092118611188057 off 0.46799938244507844 __DUMMY__ 0.041079431443040985	false	1.0
nachlassen	neg 1.0		neg 0.49592111491933183 off 0.46309808569030836 __DUMMY__ 0.040980799390359784	false	1.0
alt	neg 1.0		neg 0.4954621552673401 off 0.46380622417813455 __DUMMY__ 0.04073162055452543	false	1.0
hundesohn	off 1.0		off 0.48050205943904684 neg 0.47971430113518554 __DUMMY__ 0.03978363942576774	false	1.0
als			neg 0.4932358399893127 off 0.4658718432855112 __DUMMY__ 0.04089231672517615	false	0.0
abschreckung	neg 1.0		neg 0.4988802471325537 off 0.4601876326451087 __DUMMY__ 0.04093212022233768	false	1.0
unqualifiziert	neg 1.0		neg 0.4897538327802593 off 0.4698667600578393 __DUMMY__ 0.040379407161901415	false	1.0
abgewichst	off 1.0		neg 0.49204121762681474 off 0.4670716686504249 __DUMMY__ 0.040887113722760375	false	0.5
schwer	neg 1.0		neg 0.49298332007315565 off 0.46630871874620994 __DUMMY__ 0.040707961180634356	false	1.0
bedeutungslosigkeit	neg 1.0		neg 0.49784078568942497 off 0.46127057169165964 __DUMMY__ 0.04088864261891531	false	1.0
kapitulation	neg 1.0		neg 0.496394683762307 off 0.4627516462124644 __DUMMY__ 0.040853670025228564	false	1.0
unscharf	neg 1.0		neg 0.49056286437450847 off 0.4689520069103724 __DUMMY__ 0.04048512871511917	false	1.0
schwinden	neg 1.0		neg 0.4984814425269094 off 0.46064866475823024 __DUMMY__ 0.04086989271486028	false	1.0
versklavung	neg 1.0		neg 0.4922295557222663 off 0.46714042747808854 __DUMMY__ 0.04063001679964513	false	1.0
schlecht	neg 1.0		neg 0.48472863829722457 off 0.4747017698907682 __DUMMY__ 0.04056959181200736	false	1.0
verhasst	neg 1.0		neg 0.49327929753362204 off 0.466315954900701 __DUMMY__ 0.04040474756567701	false	1.0
beschweren	neg 1.0		neg 0.48992077204323087 off 0.46943392821903007 __DUMMY__ 0.040645299737739074	false	1.0
scheiden	neg 1.0		neg 0.49045320952928106 off 0.4686685937392142 __DUMMY__ 0.040878196731504744	false	1.0
frustriert	neg 1.0		neg 0.4944407432098679 off 0.46486499540341664 __DUMMY__ 0.04069426138671546	false	1.0
schimmelig	neg 1.0		neg 0.4978956270290179 off 0.46157037645127824 __DUMMY__ 0.040533996519703894	false	1.0
fisch	neg 1.0		neg 0.4994062442244903 off 0.45981919096633656 __DUMMY__ 0.04077456480917307	false	1.0
schmuggel	neg 1.0		neg 0.49702527692634446 off 0.462073361692366 __DUMMY__ 0.040901361381289636	false	1.0
auffallen	neg 1.0		neg 0.4889996540416963 off 0.4703802482859094 __DUMMY__ 0.040620097672394245	false	1.0
konkurrenz	neg 1.0		neg 0.499127517856201 off 0.4599153479082586 __DUMMY__ 0.04095713423554022	false	1.0
teufelskreis	neg 1.0	neg 1.0	neg 0.7333250376516179 off 0.24737864294064776 __DUMMY__ 0.01929631940773431	false	1.0
aufschreien	neg 1.0		neg 0.4903168030459221 off 0.46919688651252617 __DUMMY__ 0.0404863104415517	false	1.0
schuldner	neg 1.0		neg 0.5003330368300334 off 0.45894080423609 __DUMMY__ 0.040726158933876544	false	1.0
missgeburt	off 1.0	off 1.0	off 0.723835087578303 neg 0.2572111030676475 __DUMMY__ 0.018953809354049462	false	1.0
arbeitslos	neg 1.0		neg 0.49593801935017934 off 0.4633541963545625 __DUMMY__ 0.0407077842952582	false	1.0
befallen	neg 1.0		neg 0.4962929171383104 off 0.46315020888559627 __DUMMY__ 0.04055687397609321	false	1.0
miesepetrig	off 1.0	off 1.0	off 0.7220092022884784 neg 0.2587144758055061 __DUMMY__ 0.019276321906015484	false	1.0
alarmieren	neg 1.0		neg 0.4896101536789309 off 0.47002697336981014 __DUMMY__ 0.04036287295125887	false	1.0
ungeduscht	off 1.0		neg 0.4893566565910164 off 0.4702876378104121 __DUMMY__ 0.040355705598571434	false	0.5
knappheit	neg 1.0		neg 0.49811222986715326 off 0.4613088863850574 __DUMMY__ 0.04057888374778928	false	1.0
schlange	neg 1.0		neg 0.48797206724654035 off 0.4711330451596228 __DUMMY__ 0.04089488759383689	false	1.0
harsch	neg 1.0		neg 0.4808388350588944 off 0.47878333331171286 __DUMMY__ 0.04037783162939259	false	1.0
lang	neg 1.0		neg 0.49071445382128054 off 0.4685313660895631 __DUMMY__ 0.040754180089156315	false	1.0
ziellos	neg 1.0		neg 0.49404404744519514 off 0.4649697312246687 __DUMMY__ 0.0409862213301361	false	1.0
selbstverliebt	neg 1.0		off 0.48185802470976796 neg 0.4784349764130951 __DUMMY__ 0.039706998877136766	false	0.5
beseitigen	neg 1.0		neg 0.49360735798851413 off 0.465601752793204 __DUMMY__ 0.040790889218281834	false	1.0
dumm	off 1.0		neg 0.4807992938106486 off 0.4790970863765869 __DUMMY__ 0.04010361981276454	false	0.5
arbeitsloser	neg 1.0		neg 0.49371934659080824 off 0.46535392486601457 __DUMMY__ 0.04092672854317709	false	1.0
blitzen	neg 1.0		neg 0.4882216927020945 off 0.4711287087031097 __DUMMY__ 0.04064959859479579	false	1.0
hilflos	neg 1.0		neg 0.4948303872410996 off 0.46445424256645285 __DUMMY__ 0.04071537019244755	false	1.0
eklig	off 1.0		neg 0.4823377781936444 off 0.4777897879331374 __DUMMY__ 0.03987243387321814	false	0.5
begriff			neg 0.4926471412165581 off 0.466590044424439 __DUMMY__ 0.0407628143590028	false	0.0
hungersnot	neg 1.0		neg 0.49535950539975043 off 0.46386334719085737 __DUMMY__ 0.040777147409392124	false	1.0
ungesetzlich	neg 1.0		neg 0.49392187379318697 off 0.4656209893024708 __DUMMY__ 0.04045713690434238	false	1.0
verschwendung	neg 1.0		neg 0.49686224791766254 off 0.4622637634223948 __DUMMY__ 0.04087398865994278	false	1.0
schmerzvoll	neg 1.0		neg 0.49081063171534833 off 0.46858580270969247 __DUMMY__ 0.04060356557495912	false	1.0
vorzeitig	neg 1.0		neg 0.49038256277103753 off 0.4691159617702356 __DUMMY__ 0.04050147545872691	false	1.0
unvollkommenheit	neg 1.0		neg 0.4922286302010477 off 0.4666725021167041 __DUMMY__ 0.041098867682248366	false	1.0
intervenieren	neg 1.0		neg 0.49800376765663146 off 0.46119964031344457 __DUMMY__ 0.040796592029923924	false	1.0
banause	off 1.0		neg 0.4808037120376676 off 0.4795293170862323 __DUMMY__ 0.039666970876100195	false	0.5
rebell	neg 1.0		neg 0.5002165695084009 off 0.45874572971122024 __DUMMY__ 0.041037700780378834	false	1.0
unlogisch	neg 1.0		neg 0.48481268657610327 off 0.4749545026508173 __DUMMY__ 0.04023281077307927	false	1.0
leiden	neg 1.0		neg 0.495826086405779 off 0.4630813695997265 __DUMMY__ 0.04109254399449446	false	1.0
abschaffung	neg 1.0		neg 0.49210479484782477 off 0.46720796157347694 __DUMMY__ 0.04068724357869836	false	1.0
sturz	neg 1.0		neg 0.491081867034445 off 0.46809994969009716 __DUMMY__ 0.040818183275457685	false	1.0
verkleinerung	neg 1.0		neg 0.4911012115913275 off 0.46849494882727466 __DUMMY__ 0.04040383958139791	false	1.0
schmarotzer	off 1.0		neg 0.4956866705577432 off 0.463687164374364 __DUMMY__ 0.04062616506789276	false	0.5
bestrafung	neg 1.0		neg 0.4913692971295796 off 0.46797872542234537 __DUMMY__ 0.040651977448075007	false	1.0
achtlos	neg 1.0	neg 1.0	neg 0.7321686638802164 off 0.24840690017777117 __DUMMY__ 0.01942443594201244	false	1.0
ungeheuer	neg 1.0		neg 0.48914222576295135 off 0.47020218966576527 __DUMMY__ 0.04065558457128336	false	1.0
unaufrichtig	neg 1.0		neg 0.4866854102923008 off 0.4725048102379878 __DUMMY__ 0.040809779469711434	false	1.0
