unsolidarisch	neg 1.0		__DUMMY__ 0.9206582982526256 neg 0.04155400962274676 off 0.03778769212462769	false	1.0
nachteilig	neg 1.0		__DUMMY__ 0.9255324750733814 neg 0.04037646056183136 off 0.03409106436478716	false	1.0
skeptisch	neg 1.0		__DUMMY__ 0.9257685843347023 neg 0.04043452325321389 off 0.03379689241208385	false	1.0
schrecklich	neg 1.0		__DUMMY__ 0.9189681674225284 off 0.044856038232503725 neg 0.036175794344967795	false	0.5
schlapp	neg 1.0		__DUMMY__ 0.9216163384219201 off 0.04138328859930297 neg 0.03700037297877689	false	0.5
abfall	neg 1.0		__DUMMY__ 0.928559670842335 neg 0.04056551424964726 off 0.03087481490801768	false	1.0
widerspenstig	neg 1.0		__DUMMY__ 0.9239275269107868 neg 0.038691919648121104 off 0.03738055344109212	false	1.0
abrupt	neg 1.0		__DUMMY__ 0.9267337641992157 neg 0.039377316907126585 off 0.03388891889365779	false	1.0
unwirksam	neg 1.0		__DUMMY__ 0.9201725512115161 neg 0.04247168153588738 off 0.03735576725259655	false	1.0
angreifen	neg 1.0		__DUMMY__ 0.9242166799996725 neg 0.041916362663299525 off 0.03386695733702803	false	1.0
inkonsistent	neg 1.0		__DUMMY__ 0.920879585072234 neg 0.04121588271912457 off 0.03790453220864141	false	1.0
abrutschen	neg 1.0		__DUMMY__ 0.9268529012810601 neg 0.041806003778584 off 0.0313410949403559	false	1.0
unsicher	neg 1.0		__DUMMY__ 0.9251098126991777 off 0.037477378791848925 neg 0.03741280850897336	false	0.5
bauernkind	off 1.0	off 1.0	off 0.5113135122476317 __DUMMY__ 0.448418369927197 neg 0.04026811782517125	false	1.0
angreifer	neg 1.0	neg 1.0	neg 0.5040114977897634 __DUMMY__ 0.4605356810898778 off 0.03545282112035883	false	1.0
trennen	neg 1.0		__DUMMY__ 0.927618486804676 neg 0.03915091563440558 off 0.03323059756091839	false	1.0
schmutz	neg 1.0		__DUMMY__ 0.9256516155777617 off 0.038291490720172364 neg 0.036056893702066044	false	0.5
inkonsistenz	neg 1.0		__DUMMY__ 0.9166929729931228 off 0.04210454518094894 neg 0.041202481825928304	false	0.5
erschreckend	neg 1.0		__DUMMY__ 0.9228115313206887 neg 0.040024721913239344 off 0.03716374676607186	false	1.0
ertrinken	neg 1.0		__DUMMY__ 0.9246080019032649 neg 0.041432884655294384 off 0.03395911344144073	false	1.0
pickelface	off 1.0		__DUMMY__ 0.9243701084173308 neg 0.038925734191704996 off 0.03670415739096413	false	0.5
seiner			__DUMMY__ 0.9257940845305281 neg 0.040214820393110744 off 0.03399109507636124	false	0.0
lauch	neg 1.0		__DUMMY__ 0.9280270856994736 neg 0.04062000644668805 off 0.03135290785383837	false	1.0
unwichtig	neg 1.0		__DUMMY__ 0.9196596079612375 off 0.04157324883055707 neg 0.0387671432082054	false	0.5
steuerhinterziehung	neg 1.0	neg 1.0	neg 0.5073683306893559 __DUMMY__ 0.46016502768223944 off 0.032466641628404735	false	1.0
schock	neg 1.0		__DUMMY__ 0.923946935106136 neg 0.0392792169010087 off 0.036773847992855255	false	1.0
beule	neg 1.0		__DUMMY__ 0.9194323609354579 off 0.042123258704944586 neg 0.03844438035959749	false	0.5
vergelten	neg 1.0		__DUMMY__ 0.9220352841166305 off 0.04402377362801687 neg 0.03394094225535267	false	0.5
verdorbenheit	neg 1.0		__DUMMY__ 0.9269892155291499 off 0.037438011005866585 neg 0.03557277346498354	false	0.5
trauma	neg 1.0		__DUMMY__ 0.922926011257525 neg 0.03884597333678845 off 0.03822801540568651	false	1.0
sinnlos	neg 1.0		__DUMMY__ 0.9223670403515289 off 0.039355420728525645 neg 0.03827753891994534	false	0.5
fettsack	off 1.0	off 1.0	off 0.5121867892312939 __DUMMY__ 0.4502119182096418 neg 0.037601292559064345	false	1.0
feige	off 1.0	off 1.0	off 0.5083202614504169 __DUMMY__ 0.4547542175709441 neg 0.036925520978638944	false	1.0
abdanken	neg 1.0		__DUMMY__ 0.9229655946509926 neg 0.03967727713615534 off 0.037357128212852087	false	1.0
wichtigtuer	off 1.0	off 1.0	off 0.5064866326653017 __DUMMY__ 0.4572868419556143 neg 0.03622652537908392	false	1.0
misslingen	neg 1.0		__DUMMY__ 0.930116134131086 off 0.03736220953225064 neg 0.032521656336663415	false	0.5
untreu	off 1.0		__DUMMY__ 0.91986260190383 off 0.04186531195570337 neg 0.03827208614046667	false	1.0
missmutig	neg 1.0		__DUMMY__ 0.9214223839469128 off 0.04119579537838109 neg 0.03738182067470612	false	0.5
hurenbock	off 1.0		__DUMMY__ 0.9236603927567665 off 0.03867482844764407 neg 0.03766477879558955	false	1.0
betrunken	neg 1.0		__DUMMY__ 0.9202973065753326 off 0.04283545099781425 neg 0.03686724242685314	false	0.5
korrupt	off 1.0		__DUMMY__ 0.9211192990490626 neg 0.04287785946655405 off 0.03600284148438335	false	0.5
unmut	neg 1.0		__DUMMY__ 0.9277992163076816 neg 0.040708107742293935 off 0.0314926759500245	false	1.0
hackfresse	off 1.0		__DUMMY__ 0.9155708577831505 off 0.047712166685533665 neg 0.03671697553131571	false	1.0
aufblasen	neg 1.0		__DUMMY__ 0.9232177645498669 off 0.038804840840219706 neg 0.03797739460991341	false	0.5
gewaltsam	neg 1.0		__DUMMY__ 0.9244852481549848 neg 0.03921631129680274 off 0.03629844054821243	false	1.0
unbeliebtheit	neg 1.0		__DUMMY__ 0.9179723658505773 neg 0.04108262725652804 off 0.04094500689289456	false	1.0
sturheit	neg 1.0		__DUMMY__ 0.9224706554104785 neg 0.040755242774399215 off 0.036774101815122244	false	1.0
kuh	neg 1.0		__DUMMY__ 0.917755663827501 neg 0.04305899277867265 off 0.03918534339382633	false	1.0
erschrecken	neg 1.0		__DUMMY__ 0.9220489556677176 off 0.040975302526702756 neg 0.03697574180557966	false	0.5
opfer	neg 1.0		__DUMMY__ 0.9251258277454832 neg 0.03995749620545094 off 0.03491667604906593	false	1.0
sinken	neg 1.0		__DUMMY__ 0.9272967651352824 neg 0.04093109253534921 off 0.031772142329368425	false	1.0
stinktier	neg 1.0		__DUMMY__ 0.9115868437011695 off 0.04560394773664898 neg 0.04280920856218149	false	0.5
tucke	off 1.0		__DUMMY__ 0.912536013141685 off 0.04854110843776673 neg 0.03892287842054826	false	1.0
ein			__DUMMY__ 0.9231290285263161 neg 0.03874259168584087 off 0.03812837978784305	false	0.0
abstieg	neg 1.0		__DUMMY__ 0.9249903648264571 neg 0.040983293353007134 off 0.03402634182053575	false	1.0
missverstehen	neg 1.0		__DUMMY__ 0.919995953958176 off 0.04018642583929351 neg 0.03981762020253039	false	0.5
ergebnislos	neg 1.0		__DUMMY__ 0.9267640996709742 neg 0.0394492424600986 off 0.0337866578689273	false	1.0
unter			__DUMMY__ 0.9331816851951684 neg 0.039570129099990636 off 0.027248185704840947	false	0.0
manipulieren	neg 1.0		__DUMMY__ 0.9263156850438836 neg 0.040202780374116995 off 0.033481534581999456	false	1.0
unbewiesen	neg 1.0		__DUMMY__ 0.9198171994861984 neg 0.04236134360240606 off 0.03782145691139546	false	1.0
verschleppen	neg 1.0		__DUMMY__ 0.923790477927548 neg 0.040958950644006516 off 0.03525057142844542	false	1.0
weib	off 1.0		__DUMMY__ 0.9106177936981806 off 0.048468938103193616 neg 0.04091326819862574	false	1.0
opposition	neg 1.0		__DUMMY__ 0.9212018532660118 neg 0.040206161197016206 off 0.03859198553697209	false	1.0
verkehrswidrig	neg 1.0		__DUMMY__ 0.9228858951099641 off 0.04431055221485437 neg 0.03280355267518159	false	0.5
inkorrekt	neg 1.0		__DUMMY__ 0.916593686565933 off 0.044756817493325794 neg 0.038649495940741255	false	0.5
vermeiden	neg 1.0	neg 1.0	neg 0.505595799841094 __DUMMY__ 0.46725566291293485 off 0.02714853724597101	false	1.0
abweichung	neg 1.0		__DUMMY__ 0.9257417701776596 neg 0.03958084654890861 off 0.03467738327343185	false	1.0
alkoholisiert	neg 1.0		__DUMMY__ 0.9283229573290935 neg 0.038428798562463284 off 0.03324824410844313	false	1.0
scheiss	off 1.0	off 1.0	off 0.507870699710711 __DUMMY__ 0.4569003257983847 neg 0.03522897449090441	false	1.0
herausforderung	neg 1.0		__DUMMY__ 0.9269279258960837 neg 0.03953295630857576 off 0.03353911779534048	false	1.0
pervers	off 1.0		__DUMMY__ 0.9124533368763351 off 0.05054449839951549 neg 0.037002164724149474	false	1.0
wackelig	neg 1.0		__DUMMY__ 0.9282726940964774 neg 0.0361983770194277 off 0.03552892888409489	false	1.0
verwickeln	neg 1.0		__DUMMY__ 0.9202273200776679 neg 0.03999238142728006 off 0.039780298495051984	false	1.0
vorwand	neg 1.0		__DUMMY__ 0.9255598367067344 neg 0.041019024849907514 off 0.0334211384433582	false	1.0
muschi	off 1.0		__DUMMY__ 0.9241459168836521 neg 0.03896521336843188 off 0.03688886974791604	false	0.5
entmutigung	neg 1.0		__DUMMY__ 0.9217530299950816 neg 0.039488803314055104 off 0.03875816669086328	false	1.0
unangemessen	neg 1.0		__DUMMY__ 0.9219455249759552 neg 0.041463788334471285 off 0.036590686689573555	false	1.0
unstetig	neg 1.0		__DUMMY__ 0.9233203623921531 off 0.03929777314801349 neg 0.03738186445983335	false	0.5
entmutigen	neg 1.0		__DUMMY__ 0.9228465366864941 neg 0.03886126996980049 off 0.038292193343705434	false	1.0
schwanz	neg 1.0		__DUMMY__ 0.9253977466143986 neg 0.039964360227484244 off 0.034637893158117244	false	1.0
verbot	neg 1.0		__DUMMY__ 0.9235989617344482 neg 0.04079935494528308 off 0.03560168332026868	false	1.0
leid	neg 1.0		__DUMMY__ 0.916442017618873 off 0.046133195043757555 neg 0.03742478733736936	false	0.5
archaisch	neg 1.0		__DUMMY__ 0.9234132365279358 neg 0.040025662862377395 off 0.03656110060968677	false	1.0
gegen			__DUMMY__ 0.9275599376698713 neg 0.04026317112811575 off 0.03217689120201296	false	0.0
scheidung	neg 1.0		__DUMMY__ 0.9139097659316703 off 0.054148402011204785 neg 0.031941832057124996	false	0.5
einschlag	neg 1.0		__DUMMY__ 0.9191153073830979 off 0.04384612945416488 neg 0.0370385631627372	false	0.5
m			__DUMMY__ 0.9259550880137987 neg 0.03858249969591833 off 0.03546241229028295	false	0.0
abgestanden	neg 1.0		__DUMMY__ 0.9222059995761881 neg 0.0404949690349997 off 0.0372990313888121	false	1.0
schmierig	off 1.0		__DUMMY__ 0.9178396224849827 off 0.04549359540815671 neg 0.0366667821068606	false	1.0
unpraktisch	neg 1.0		__DUMMY__ 0.9234007418216477 off 0.03842468212559657 neg 0.038174576052755774	false	0.5
wixxer	off 1.0		__DUMMY__ 0.910499926017147 off 0.050775235774774226 neg 0.03872483820807883	false	1.0
bezeichnet			__DUMMY__ 0.9208018315384783 neg 0.0413186216709976 off 0.03787954679052419	false	0.0
jammerlappen	off 1.0		__DUMMY__ 0.9214869378417091 off 0.04152595816680537 neg 0.03698710399148547	false	1.0
farce	neg 1.0		__DUMMY__ 0.9220435459568583 neg 0.04160348536165564 off 0.03635296868148603	false	1.0
zwecklos	neg 1.0		__DUMMY__ 0.9225573490953928 neg 0.04119717696852728 off 0.036245473936079985	false	1.0
turbulent	neg 1.0		__DUMMY__ 0.9172689552834149 off 0.04258575828983534 neg 0.04014528642674986	false	0.5
invasion	neg 1.0		__DUMMY__ 0.9221926537501277 off 0.03909092879549596 neg 0.03871641745437632	false	0.5
schuld	neg 1.0		__DUMMY__ 0.9210889689257438 neg 0.04026674669456404 off 0.03864428437969222	false	1.0
risiko	neg 1.0	neg 1.0	neg 0.5033170927634448 __DUMMY__ 0.4619055062858279 off 0.034777400950727295	false	1.0
finster	neg 1.0		__DUMMY__ 0.9213477756505145 neg 0.040530566761595443 off 0.038121657587890004	false	1.0
geisteskrank	off 1.0		__DUMMY__ 0.9167326944273718 off 0.0432008801493054 neg 0.0400664254233228	false	1.0
zusammenbrechen	neg 1.0		__DUMMY__ 0.92423916440196 neg 0.039566822633854436 off 0.03619401296418557	false	1.0
ausbeute	neg 1.0		__DUMMY__ 0.9333030164206958 off 0.03402840669410223 neg 0.03266857688520202	false	0.5
hinterhalt	neg 1.0		__DUMMY__ 0.929234904854871 off 0.035652475291943556 neg 0.03511261985318542	false	0.5
kritik	neg 1.0		__DUMMY__ 0.9217446941373835 neg 0.04201203771715733 off 0.03624326814545925	false	1.0
einschrumpfen	neg 1.0		__DUMMY__ 0.9197145408756017 off 0.040818338086823364 neg 0.039467121037575	false	0.5
riskant	neg 1.0		__DUMMY__ 0.9242560059937892 neg 0.041443875364556605 off 0.034300118641654255	false	1.0
frustrieren	neg 1.0		__DUMMY__ 0.9244583356257382 neg 0.040556322807347535 off 0.034985341566914234	false	1.0
groll	neg 1.0		__DUMMY__ 0.9226440552693778 neg 0.04148449242986631 off 0.035871452300756036	false	1.0
gibt			__DUMMY__ 0.924818336389277 neg 0.03885048811993447 off 0.036331175490788625	false	0.0
qualvoll	neg 1.0		__DUMMY__ 0.9218421217009143 off 0.039902913881914664 neg 0.03825496441717107	false	0.5
wackeln	neg 1.0		__DUMMY__ 0.9246961658592906 off 0.03807239847860853 neg 0.03723143566210089	false	0.5
klagen	neg 1.0		__DUMMY__ 0.9265510475513691 neg 0.041338066230221134 off 0.032110886218409844	false	1.0
bankrott	neg 1.0		__DUMMY__ 0.922764159196373 off 0.04069935345656773 neg 0.0365364873470592	false	0.5
trauern	neg 1.0		__DUMMY__ 0.9265967057459045 neg 0.03899146103641007 off 0.0344118332176854	false	1.0
ablehnung	neg 1.0		__DUMMY__ 0.9225630693931226 neg 0.0413774829691063 off 0.03605944763777106	false	1.0
stur	neg 1.0		__DUMMY__ 0.9214467219633925 neg 0.039809518110085665 off 0.038743759926521924	false	1.0
aufruhr	neg 1.0		__DUMMY__ 0.9235032353639703 neg 0.03972321954372173 off 0.036773545092307985	false	1.0
melancholie	neg 1.0		__DUMMY__ 0.9248404291793347 neg 0.0405370163896931 off 0.034622554430972126	false	1.0
ist			__DUMMY__ 0.9225528633131534 off 0.039147647504509324 neg 0.03829948918233726	false	0.0
torheit	neg 1.0		__DUMMY__ 0.9228360529791246 neg 0.03919777467634657 off 0.037966172344528724	false	1.0
dreckskind	off 1.0		__DUMMY__ 0.9129309402573059 off 0.04710303472940489 neg 0.03996602501328924	false	1.0
umtauschen	neg 1.0		__DUMMY__ 0.9246386650360111 neg 0.038622667459290626 off 0.03673866750469824	false	1.0
zum			__DUMMY__ 0.933212236403007 neg 0.037079720538183 off 0.029708043058810023	false	0.0
zersetzen	neg 1.0		__DUMMY__ 0.9242146226138634 neg 0.04213963366173648 off 0.03364574372440011	false	1.0
zur			__DUMMY__ 0.9314021315949336 neg 0.039061836225393505 off 0.029536032179672964	false	0.0
frust	neg 1.0		__DUMMY__ 0.9243635397371919 neg 0.03939093290028911 off 0.03624552736251896	false	1.0
unerbittlichkeit	neg 1.0		__DUMMY__ 0.9251045092019418 neg 0.04133084361383249 off 0.03356464718422572	false	1.0
zwei			__DUMMY__ 0.9321353978086301 neg 0.037271752457171126 off 0.03059284973419878	false	0.0
unkorrekt	neg 1.0		__DUMMY__ 0.9190931002185532 off 0.04417613919972472 neg 0.03673076058172215	false	0.5
hexe	off 1.0		__DUMMY__ 0.916309112094926 neg 0.04223961623828673 off 0.04145127166678725	false	0.5
lasch	neg 1.0		__DUMMY__ 0.9191030869212901 off 0.04095735868823094 neg 0.03993955439047894	false	0.5
rivale	neg 1.0		__DUMMY__ 0.918601839358299 off 0.04321346220961166 neg 0.03818469843208938	false	0.5
mutlos	off 1.0	off 1.0	off 0.5014880953078436 __DUMMY__ 0.4602657221219206 neg 0.0382461825702359	false	1.0
wirr	off 1.0		__DUMMY__ 0.9159968080813411 off 0.044833753523671124 neg 0.03916943839498779	false	1.0
jahr			__DUMMY__ 0.9340278933425433 neg 0.033501615143844664 off 0.03247049151361194	false	0.0
wird			__DUMMY__ 0.9246472234926921 neg 0.04005963723926061 off 0.03529313926804726	false	0.0
strafbar	neg 1.0		__DUMMY__ 0.924956038386119 neg 0.04032901601698981 off 0.03471494559689122	false	1.0
erosion	neg 1.0		__DUMMY__ 0.9253206540570807 neg 0.03737118381045874 off 0.037308162132460534	false	1.0
eingehen	neg 1.0		__DUMMY__ 0.9239877340435363 neg 0.04116605717718792 off 0.03484620877927577	false	1.0
faul	off 1.0		__DUMMY__ 0.9224264642609104 off 0.040541545468379216 neg 0.03703199027071041	false	1.0
provisorium	neg 1.0		__DUMMY__ 0.9350023429872464 neg 0.037431084213269024 off 0.027566572799484514	false	1.0
schmerzen	neg 1.0		__DUMMY__ 0.9226635608688816 neg 0.041113818997874904 off 0.03622262013324354	false	1.0
schrumpfen	neg 1.0		__DUMMY__ 0.9278247487315133 neg 0.042170696375460816 off 0.030004554893025906	false	1.0
geistlos	off 1.0		__DUMMY__ 0.9186595291623836 neg 0.04115284027645429 off 0.04018763056116209	false	0.5
fehlkauf	neg 1.0		__DUMMY__ 0.9224345298846934 off 0.03896041458780376 neg 0.03860505552750275	false	0.5
frustrierend	neg 1.0		__DUMMY__ 0.9215959597639735 off 0.040757139331789295 neg 0.03764690090423729	false	0.5
unzufrieden	neg 1.0		__DUMMY__ 0.9229090687244803 neg 0.04106178565744261 off 0.03602914561807715	false	1.0
verzweifeln	neg 1.0		__DUMMY__ 0.9234267097374752 neg 0.03967078751344875 off 0.03690250274907614	false	1.0
verzweifelt	neg 1.0	neg 1.0	neg 0.5076111182352874 __DUMMY__ 0.4571460304334553 off 0.03524285133125721	false	1.0
misstrauensantrag	neg 1.0		__DUMMY__ 0.9224373211967211 off 0.03904119438522893 neg 0.03852148441804996	false	0.5
abfallen	neg 1.0		__DUMMY__ 0.9248310010896877 off 0.037821225676476056 neg 0.037347773233836236	false	0.5
fucker	off 1.0		__DUMMY__ 0.9193667377462383 off 0.043950505315640674 neg 0.03668275693812099	false	1.0
ungezogen	neg 1.0		__DUMMY__ 0.9130956305745154 off 0.04977533854419141 neg 0.03712903088129331	false	0.5
irrsinnig	neg 1.0	neg 1.0	neg 0.5067080505203204 __DUMMY__ 0.4580696417218828 off 0.035222307757796764	false	1.0
unfassbar	neg 1.0		__DUMMY__ 0.9207648017270162 off 0.04244540922466172 neg 0.036789789048321926	false	0.5
hart	neg 1.0		__DUMMY__ 0.9198787982749541 off 0.04190157402009247 neg 0.03821962770495349	false	0.5
widerlich	off 1.0		__DUMMY__ 0.918190840275421 off 0.04303948790281559 neg 0.03876967182176345	false	1.0
fatal	neg 1.0		__DUMMY__ 0.9219655734434815 off 0.03945126669481174 neg 0.03858315986170675	false	0.5
bruch	neg 1.0		__DUMMY__ 0.9267691254271854 neg 0.04078473081941708 off 0.032446143753397466	false	1.0
aushungern	neg 1.0		__DUMMY__ 0.9244052734483839 neg 0.03924897659896081 off 0.03634574995265539	false	1.0
anspannung	neg 1.0		__DUMMY__ 0.9308465121986319 neg 0.0391628286190274 off 0.02999065918234071	false	1.0
von			__DUMMY__ 0.9352971116099036 off 0.0324948170257313 neg 0.0322080713643651	false	0.0
kraftlos	neg 1.0		__DUMMY__ 0.925234372770685 neg 0.039213350798096985 off 0.035552276431218	false	1.0
vom			__DUMMY__ 0.9354715916438936 neg 0.03671211831696846 off 0.02781629003913799	false	0.0
grenzdebil	off 1.0		__DUMMY__ 0.9207939044601314 off 0.042594218375237684 neg 0.03661187716463091	false	1.0
vor			__DUMMY__ 0.928345863524417 neg 0.03892068083531032 off 0.03273345564027278	false	0.0
unterwerfen	neg 1.0		__DUMMY__ 0.9245648533594558 neg 0.04056459505766464 off 0.034870551582879564	false	1.0
versenkung	neg 1.0		__DUMMY__ 0.9266512935663325 neg 0.038323884894402596 off 0.03502482153926486	false	1.0
entziehen	neg 1.0		__DUMMY__ 0.9268157504319334 neg 0.040683206445450225 off 0.03250104312261643	false	1.0
finanzkrise	neg 1.0		__DUMMY__ 0.9208811517311484 neg 0.04238346996724697 off 0.03673537830160463	false	1.0
schimpfend	neg 1.0		__DUMMY__ 0.922383137687473 neg 0.038891329682371356 off 0.038725532630155615	false	1.0
profan	neg 1.0		__DUMMY__ 0.9211694144871556 off 0.03973129244962862 neg 0.0390992930632157	false	0.5
korruption	neg 1.0		__DUMMY__ 0.9232849102296712 neg 0.04140402641864818 off 0.035311063351680674	false	1.0
â			__DUMMY__ 0.926615424843806 neg 0.038376533115475446 off 0.035008042040718564	false	0.0
schmutzig	neg 1.0		__DUMMY__ 0.9206960266776915 off 0.04294949216816206 neg 0.03635448115414648	false	0.5
sexy	neg 1.0		__DUMMY__ 0.9224870834348236 off 0.04040837981024061 neg 0.03710453675493581	false	0.5
abraten	neg 1.0		__DUMMY__ 0.9235505242669036 off 0.03907355712195772 neg 0.037375918611138634	false	0.5
schwarz	neg 1.0		__DUMMY__ 0.9221394598353391 neg 0.039013667705979374 off 0.038846872458681576	false	1.0
fotze	off 1.0	off 1.0	off 0.502449754509286 __DUMMY__ 0.4619319670714576 neg 0.035618278419256515	false	1.0
verwirren	neg 1.0		__DUMMY__ 0.9213785752765564 off 0.0401605588321755 neg 0.038460865891267966	false	0.5
zahnlos	off 1.0		__DUMMY__ 0.922952923228739 neg 0.04037625094493958 off 0.0366708258263214	false	0.5
verheeren	neg 1.0		__DUMMY__ 0.912722211031669 off 0.05105994055174411 neg 0.03621784841658687	false	0.5
hippie	neg 1.0		__DUMMY__ 0.9223284826869431 off 0.04020001080218574 neg 0.03747150651087105	false	0.5
rammen	neg 1.0		__DUMMY__ 0.9189415195392935 neg 0.042761959897168134 off 0.03829652056353837	false	1.0
unlauter	neg 1.0		__DUMMY__ 0.9206067386018497 neg 0.0409314823748605 off 0.038461779023289816	false	1.0
unheilvoll	neg 1.0		__DUMMY__ 0.922297470610916 neg 0.039051088966872545 off 0.03865144042221136	false	1.0
niedrig	neg 1.0		__DUMMY__ 0.9241312581940042 neg 0.04225599503817125 off 0.03361274676782464	false	1.0
explosion	neg 1.0		__DUMMY__ 0.9222587805988759 off 0.03969782612251926 neg 0.038043393278604794	false	0.5
weichei	off 1.0	off 1.0	off 0.512341927634362 __DUMMY__ 0.4529532543421381 neg 0.03470481802349988	false	1.0
minusmensch	off 1.0		__DUMMY__ 0.9098809874660272 off 0.04935330544714545 neg 0.040765707086827356	false	1.0
farblos	neg 1.0		__DUMMY__ 0.9244613317351545 neg 0.0388745265671377 off 0.036664141697707806	false	1.0
unwissend	neg 1.0	neg 1.0	neg 0.5052766879769786 __DUMMY__ 0.45678670556194984 off 0.03793660646107155	false	1.0
traurig	neg 1.0		__DUMMY__ 0.9198458991328785 off 0.044276124807417896 neg 0.03587797605970356	false	0.5
senkung	neg 1.0		__DUMMY__ 0.919774195603406 neg 0.04062879559427975 off 0.03959700880231425	false	1.0
ungleich	neg 1.0	neg 1.0	neg 0.5076818670136156 __DUMMY__ 0.4613826455990625 off 0.030935487387321922	false	1.0
heikel	neg 1.0		__DUMMY__ 0.9245827894226968 neg 0.04115945832374536 off 0.03425775225355785	false	1.0
drosselung	neg 1.0		__DUMMY__ 0.9197229410730615 off 0.04234525896301602 neg 0.03793179996392248	false	0.5
falsch	neg 1.0		__DUMMY__ 0.9209774972527324 off 0.04087042126669028 neg 0.0381520814805774	false	0.5
unzufriedenheit	neg 1.0		__DUMMY__ 0.9258471622366847 neg 0.041052464455029955 off 0.0331003733082853	false	1.0
kurz	neg 1.0		__DUMMY__ 0.9271922245435998 neg 0.03672842205769718 off 0.03607935339870295	false	1.0
unsinnig	neg 1.0		__DUMMY__ 0.9227389198022143 neg 0.04049132614956459 off 0.036769754048221005	false	1.0
penner	off 1.0	off 1.0	off 0.513556170269767 __DUMMY__ 0.45225592518307295 neg 0.03418790454716003	false	1.0
seicht	neg 1.0		__DUMMY__ 0.9129512706796006 off 0.04971871948426601 neg 0.03733000983613334	false	0.5
dummheit	off 1.0	off 1.0	off 0.5066932595349893 __DUMMY__ 0.45623805185800237 neg 0.03706868860700833	false	1.0
unerfreulich	neg 1.0		__DUMMY__ 0.926425645847509 neg 0.04013958667035666 off 0.03343476748213434	false	1.0
motherfucker	off 1.0	off 1.0	off 0.5096585907013328 __DUMMY__ 0.4560512103352451 neg 0.03429019896342207	false	1.0
pikiert	neg 1.0		__DUMMY__ 0.918309978465305 off 0.042422416937558646 neg 0.03926760459713632	false	0.5
wrack	neg 1.0		__DUMMY__ 0.9260675491269547 neg 0.03857140440228364 off 0.03536104647076176	false	1.0
gangster	neg 1.0		__DUMMY__ 0.922135254214469 off 0.04019088386780206 neg 0.037673861917728944	false	0.5
krank	neg 1.0		__DUMMY__ 0.9214709039825483 off 0.04237744493500919 neg 0.036151651082442594	false	0.5
reich	neg 1.0		__DUMMY__ 0.9219687440069835 off 0.041547451433122475 neg 0.03648380455989409	false	0.5
gnadenlos	neg 1.0		__DUMMY__ 0.9211693023954268 neg 0.04011531327215285 off 0.038715384332420374	false	1.0
niedergeschlagen	neg 1.0		__DUMMY__ 0.9248893345131483 neg 0.03873874343325006 off 0.03637192205360168	false	1.0
terrorisieren	off 1.0	off 1.0	off 0.5016126269259442 __DUMMY__ 0.4620891220804367 neg 0.036298250993619115	false	1.0
sinnlosigkeit	neg 1.0		__DUMMY__ 0.9234000116218801 neg 0.040439537815726886 off 0.03616045056239302	false	1.0
behindern	neg 1.0		__DUMMY__ 0.923905386250592 neg 0.03934917460318075 off 0.036745439146227285	false	1.0
undemokratisch	neg 1.0		__DUMMY__ 0.922216855527305 neg 0.03915813082584859 off 0.038625013646846444	false	1.0
wirtschaftskrise	neg 1.0		__DUMMY__ 0.9225286521100541 neg 0.04231277563996731 off 0.03515857224997863	false	1.0
neid	neg 1.0		__DUMMY__ 0.92409825888858 off 0.04045961502384755 neg 0.035442126087572474	false	0.5
rutschen	neg 1.0		__DUMMY__ 0.9319737101214037 neg 0.037609299660207846 off 0.03041699021838838	false	1.0
rezession	neg 1.0		__DUMMY__ 0.912623272085947 off 0.0448849372821462 neg 0.04249179063190691	false	0.5
fehlgeburt	neg 1.0		__DUMMY__ 0.9246006174055659 off 0.03866547224682253 neg 0.036733910347611615	false	0.5
charakterschwach	off 1.0		__DUMMY__ 0.9183693649113301 off 0.04299696364236216 neg 0.03863367144630763	false	1.0
isolation	neg 1.0		__DUMMY__ 0.9219462168669663 off 0.04034864130501257 neg 0.037705141828021094	false	0.5
ablenkung	neg 1.0		__DUMMY__ 0.924757583585528 neg 0.037665630290361636 off 0.037576786124110466	false	1.0
pech	neg 1.0		__DUMMY__ 0.9220870940975298 off 0.04010830769328365 neg 0.03780459820918666	false	0.5
vermeidung	neg 1.0		__DUMMY__ 0.9199433466790432 off 0.042473385424692874 neg 0.03758326789626399	false	0.5
dominieren	neg 1.0		__DUMMY__ 0.9247414765603574 neg 0.040789383339955854 off 0.03446914009968675	false	1.0
schwindlig	neg 1.0		__DUMMY__ 0.9240568614268208 off 0.03875959033921246 neg 0.03718354823396679	false	0.5
lutscher	neg 1.0	neg 1.0	neg 0.5036077034366016 __DUMMY__ 0.45111684066078783 off 0.045275455902610735	false	1.0
pflicht	neg 1.0		__DUMMY__ 0.9251962559601106 neg 0.04133358649780216 off 0.033470157542087264	false	1.0
faschist	off 1.0		__DUMMY__ 0.9214455204434795 off 0.04060532308395401 neg 0.03794915647256644	false	1.0
verschleudern	neg 1.0		__DUMMY__ 0.9244812899040388 neg 0.04145065194992701 off 0.03406805814603411	false	1.0
wenn			__DUMMY__ 0.9207701463451691 off 0.04100276186235658 neg 0.03822709179247429	false	0.0
ehebruch	neg 1.0		__DUMMY__ 0.9243625960207664 neg 0.040348425287609894 off 0.035288978691623576	false	1.0
spott	off 1.0		__DUMMY__ 0.9237963155327084 neg 0.04123879114027349 off 0.034964893327018104	false	0.5
trostlosigkeit	neg 1.0		__DUMMY__ 0.9264342647811816 neg 0.040806827588211456 off 0.03275890763060691	false	1.0
lutschen	neg 1.0		__DUMMY__ 0.9194530385704163 off 0.040602100865222764 neg 0.039944860564361	false	0.5
undiszipliniert	neg 1.0		__DUMMY__ 0.9190112447858261 off 0.043842738415957094 neg 0.03714601679821682	false	0.5
kopfschmerz	neg 1.0		__DUMMY__ 0.9225232725563368 neg 0.042031839356745766 off 0.035444888086917474	false	1.0
unvorhergesehen	neg 1.0		__DUMMY__ 0.9298525908520129 neg 0.03697483261166911 off 0.033172576536318006	false	1.0
desinteressiert	neg 1.0	neg 1.0	neg 0.5046564273953928 __DUMMY__ 0.45571765805460795 off 0.03962591454999924	false	1.0
armselig	off 1.0		__DUMMY__ 0.916485954205586 off 0.044684236931029256 neg 0.03882980886338481	false	1.0
desaster	neg 1.0		__DUMMY__ 0.9267528327281847 neg 0.04123722963488738 off 0.03200993763692801	false	1.0
tod	neg 1.0		__DUMMY__ 0.9269269324267277 neg 0.03823263456259422 off 0.03484043301067802	false	1.0
herzlos	neg 1.0		__DUMMY__ 0.9179071278755593 off 0.044423353201943655 neg 0.037669518922497085	false	0.5
unwissenheit	neg 1.0		__DUMMY__ 0.9231648552097478 neg 0.04091500348262622 off 0.035920141307626045	false	1.0
widersinnig	neg 1.0		__DUMMY__ 0.9212676919057039 neg 0.04258310432563745 off 0.03614920376865861	false	1.0
bedenklich	neg 1.0		__DUMMY__ 0.923704919465111 neg 0.041081380375821874 off 0.03521370015906709	false	1.0
beanstanden	neg 1.0		__DUMMY__ 0.9260096274896776 neg 0.0409006818513586 off 0.03308969065896375	false	1.0
panisch	neg 1.0	neg 1.0	neg 0.502938125443166 __DUMMY__ 0.46150921542298146 off 0.03555265913385243	false	1.0
debil	off 1.0		__DUMMY__ 0.9313911429500443 neg 0.04042013225955761 off 0.028188724790398124	false	0.5
abstrich	neg 1.0		__DUMMY__ 0.92926152027252 off 0.03549889664678954 neg 0.035239583080690424	false	0.5
primitiv	neg 1.0		__DUMMY__ 0.9179867218565457 off 0.04323218743853539 neg 0.03878109070491891	false	0.5
abschaum	off 1.0	off 1.0	off 0.5084201159993863 __DUMMY__ 0.45623220260790454 neg 0.035347681392709066	false	1.0
provozieren	neg 1.0		__DUMMY__ 0.9203899544508446 neg 0.04100385082571942 off 0.038606194723435974	false	1.0
tot	neg 1.0		__DUMMY__ 0.9250450685242884 neg 0.039963063048095944 off 0.034991868427615695	false	1.0
instabil	neg 1.0		__DUMMY__ 0.9170475977219018 off 0.04404019667409041 neg 0.03891220560400773	false	0.5
schwuchtel	off 1.0	off 1.0	off 0.5181009526433543 __DUMMY__ 0.447182462871372 neg 0.03471658448527372	false	1.0
zerren	neg 1.0		__DUMMY__ 0.9244244545779507 neg 0.039506400205189 off 0.03606914521686019	false	1.0
kinderficker	off 1.0		__DUMMY__ 0.9171424986098686 off 0.04675607029284086 neg 0.0361014310972904	false	1.0
gefahr	neg 1.0		__DUMMY__ 0.9273518670589079 neg 0.039692344391947604 off 0.032955788549144535	false	1.0
rabiat	neg 1.0		__DUMMY__ 0.923264176507372 neg 0.038908248901641095 off 0.03782757459098699	false	1.0
verlangsamung	neg 1.0		__DUMMY__ 0.9118817301535046 off 0.04815576333524632 neg 0.03996250651124905	false	0.5
ausgestorben	neg 1.0		__DUMMY__ 0.924214180076832 neg 0.038297747334101025 off 0.03748807258906707	false	1.0
anklagen	neg 1.0		__DUMMY__ 0.92409000537645 neg 0.04052162512907104 off 0.035388369494478884	false	1.0
trott	neg 1.0		__DUMMY__ 0.9239169432026283 neg 0.038997058506150574 off 0.037085998291221216	false	1.0
verminderung	neg 1.0		__DUMMY__ 0.9195945053869613 off 0.042711673113349134 neg 0.037693821499689556	false	0.5
nach			__DUMMY__ 0.9330869360545516 neg 0.03729945298105078 off 0.029613610964397612	false	0.0
rost	neg 1.0		__DUMMY__ 0.9163859190984139 off 0.04677023365370857 neg 0.03684384724787757	false	0.5
destruktiv	neg 1.0		__DUMMY__ 0.9221573771799169 neg 0.04021151505856007 off 0.0376311077615231	false	1.0
unzumutbarkeit	neg 1.0		__DUMMY__ 0.9214927978271906 off 0.041802125581109205 neg 0.03670507659170013	false	0.5
labil	off 1.0	off 1.0	off 0.5078028140449778 __DUMMY__ 0.45706666655678385 neg 0.035130519398238365	false	1.0
ziemlich	neg 1.0		__DUMMY__ 0.9219079155271324 off 0.042215848393714485 neg 0.03587623607915322	false	0.5
lachnummer	off 1.0		__DUMMY__ 0.9212754364463742 neg 0.04035375975612537 off 0.038370803797500345	false	0.5
oder			__DUMMY__ 0.9244625303640013 off 0.038047844389280536 neg 0.037489625246718214	false	0.0
verfall	neg 1.0		__DUMMY__ 0.9286245324853986 neg 0.04139853060977094 off 0.029976936904830494	false	1.0
ausgrenzung	neg 1.0		__DUMMY__ 0.9218810847608712 off 0.039089350206725534 neg 0.03902956503240329	false	0.5
unordnung	neg 1.0		__DUMMY__ 0.9217614080643367 off 0.04369901847104089 neg 0.034539573464622324	false	0.5
fehlverhalten	neg 1.0		__DUMMY__ 0.9237247451845565 neg 0.042281786153092096 off 0.033993468662351395	false	1.0
eine			__DUMMY__ 0.9279969481525278 neg 0.03889304410488277 off 0.033110007742589445	false	0.0
nille	neg 1.0		__DUMMY__ 0.9243732823010228 neg 0.03834087202231483 off 0.037285845676662335	false	1.0
qual	neg 1.0		__DUMMY__ 0.9242443755601648 neg 0.03896091131280749 off 0.03679471312702768	false	1.0
verschwenden	neg 1.0		__DUMMY__ 0.9238929469975742 neg 0.0415671570235609 off 0.03453989597886494	false	1.0
riesig	neg 1.0		__DUMMY__ 0.9265884326160124 neg 0.038927892179212706 off 0.03448367520477487	false	1.0
verurteilen	neg 1.0		__DUMMY__ 0.9218727743236528 neg 0.042147957579477015 off 0.03597926809687022	false	1.0
klischee	neg 1.0	neg 1.0	neg 0.5063913146736657 __DUMMY__ 0.45645708004792385 off 0.03715160527841044	false	1.0
diktatorisch	neg 1.0		__DUMMY__ 0.9215635342950478 neg 0.03961370267556885 off 0.038822763029383436	false	1.0
vorhersehbar	neg 1.0		__DUMMY__ 0.9195336660425499 off 0.04044365653542423 neg 0.04002267742202587	false	0.5
sowie			__DUMMY__ 0.9149527417272776 off 0.04612561557574137 neg 0.03892164269698101	false	0.0
stornieren	neg 1.0		__DUMMY__ 0.9274367743312393 off 0.03875866737057589 neg 0.03380455829818473	false	0.5
besteuerung	neg 1.0		__DUMMY__ 0.9198104816506375 neg 0.04225786152173025 off 0.037931656827632255	false	1.0
ungeschminkt	neg 1.0		__DUMMY__ 0.9163382626012972 off 0.04256955521980048 neg 0.04109218217890229	false	0.5
kritisch	neg 1.0		__DUMMY__ 0.9243022395772126 neg 0.040636058003689225 off 0.035061702419098104	false	1.0
schlamperei	off 1.0		__DUMMY__ 0.9264818435847453 neg 0.039590177184171245 off 0.033927979231083545	false	0.5
sucht	neg 1.0	neg 1.0	neg 0.5004985129609015 __DUMMY__ 0.46561753043747817 off 0.0338839566016202	false	1.0
egoistisch	off 1.0		__DUMMY__ 0.9154453392832896 off 0.046805264571701116 neg 0.037749396145009245	false	1.0
ausbeuter	off 1.0		__DUMMY__ 0.9229683139125423 neg 0.04303814226000085 off 0.03399354382745695	false	0.5
arschgeburt	off 1.0		__DUMMY__ 0.9076105713991001 off 0.05323185758187091 neg 0.03915757101902893	false	1.0
schubs	neg 1.0		__DUMMY__ 0.9257000154292624 neg 0.03883040695383808 off 0.03546957761689955	false	1.0
unsolide	neg 1.0		__DUMMY__ 0.9200093125324003 neg 0.04073832916143614 off 0.03925235830616353	false	1.0
beschwerde	neg 1.0		__DUMMY__ 0.9240371750682984 neg 0.04140467416165446 off 0.034558150770047105	false	1.0
stocken	neg 1.0		__DUMMY__ 0.9255552089292534 neg 0.04031576336357378 off 0.03412902770717291	false	1.0
isolieren	neg 1.0		__DUMMY__ 0.9243740835361395 neg 0.040288273884221834 off 0.035337642579638714	false	1.0
unheilbar	neg 1.0		__DUMMY__ 0.9231314586216488 neg 0.038839897921305315 off 0.03802864345704585	false	1.0
pisser	off 1.0		__DUMMY__ 0.9161041686639326 off 0.04423965511137316 neg 0.03965617622469426	false	1.0
löschen	neg 1.0		__DUMMY__ 0.9237665612621694 neg 0.03881033546145706 off 0.03742310327637356	false	1.0
durchfallen	neg 1.0		__DUMMY__ 0.9227973182707749 neg 0.041688097103186536 off 0.03551458462603854	false	1.0
wichser	off 1.0	off 1.0	off 0.5158773874036062 __DUMMY__ 0.450575530203595 neg 0.03354708239279878	false	1.0
terror	neg 1.0		__DUMMY__ 0.9228155155749559 off 0.03971304625209913 neg 0.03747143817294495	false	0.5
krass	neg 1.0		__DUMMY__ 0.917966148965736 off 0.04462652727547708 neg 0.037407323758786894	false	0.5
revolte	neg 1.0		__DUMMY__ 0.9216821202495765 off 0.03938532666616538 neg 0.038932553084258095	false	0.5
besorgt	neg 1.0		__DUMMY__ 0.9278540151638884 neg 0.03610531142907871 off 0.03604067340703293	false	1.0
nachlassen	neg 1.0		__DUMMY__ 0.9268107090965659 neg 0.03952490303059484 off 0.03366438787283923	false	1.0
alt	neg 1.0		__DUMMY__ 0.9240259680108172 neg 0.040986125452396834 off 0.03498790653678599	false	1.0
hundesohn	off 1.0		__DUMMY__ 0.9116550173941915 off 0.05042526930928269 neg 0.0379197132965258	false	1.0
als			__DUMMY__ 0.9253553185708865 neg 0.03867171761761855 off 0.035972963811494944	false	0.0
abschreckung	neg 1.0		__DUMMY__ 0.925867212958669 neg 0.04114996025460161 off 0.03298282678672928	false	1.0
unqualifiziert	neg 1.0		__DUMMY__ 0.9190175230495925 off 0.04120515886993119 neg 0.03977731808047626	false	0.5
abgewichst	off 1.0		__DUMMY__ 0.9254815273987174 neg 0.03793887287819227 off 0.036579599723090384	false	0.5
schwer	neg 1.0		__DUMMY__ 0.922932267280449 neg 0.03980091708001754 off 0.037266815639533456	false	1.0
bedeutungslosigkeit	neg 1.0		__DUMMY__ 0.9251994930091604 neg 0.040984103050218705 off 0.033816403940620854	false	1.0
kapitulation	neg 1.0		__DUMMY__ 0.9250116102755863 neg 0.04018727685625907 off 0.03480111286815462	false	1.0
unscharf	neg 1.0		__DUMMY__ 0.9209820385273736 neg 0.04002599510553051 off 0.03899196636709589	false	1.0
schwinden	neg 1.0		__DUMMY__ 0.92516931621608 neg 0.0413617472729243 off 0.03346893651099566	false	1.0
versklavung	neg 1.0		__DUMMY__ 0.9223027977052861 neg 0.039339225226299394 off 0.038357977068414456	false	1.0
schlecht	neg 1.0		__DUMMY__ 0.9215556103232139 off 0.04243715012815403 neg 0.03600723954863205	false	0.5
verhasst	neg 1.0		__DUMMY__ 0.9191425095762266 neg 0.04176281191040384 off 0.039094678513369535	false	1.0
beschweren	neg 1.0		__DUMMY__ 0.9222663691406834 off 0.03930407364695775 neg 0.03842955721235884	false	0.5
scheiden	neg 1.0		__DUMMY__ 0.9259556929621836 neg 0.03706370561743991 off 0.03698060142037646	false	1.0
frustriert	neg 1.0		__DUMMY__ 0.9227014384345232 neg 0.04064475709387479 off 0.03665380447160196	false	1.0
schimmelig	neg 1.0		__DUMMY__ 0.9215255163253594 neg 0.04373637398432745 off 0.03473810969031315	false	1.0
fisch	neg 1.0		__DUMMY__ 0.9248544791204497 neg 0.04287331240513055 off 0.03227220847441964	false	1.0
schmuggel	neg 1.0		__DUMMY__ 0.9255499286325084 neg 0.040433200463915936 off 0.03401687090357569	false	1.0
auffallen	neg 1.0		__DUMMY__ 0.9220320221668628 off 0.03988043393992459 neg 0.038087543893212644	false	0.5
konkurrenz	neg 1.0		__DUMMY__ 0.9259649728373051 neg 0.04132024043651257 off 0.03271478672618239	false	1.0
teufelskreis	neg 1.0	neg 1.0	neg 0.5079576535052349 __DUMMY__ 0.4578574887729545 off 0.03418485772181058	false	1.0
aufschreien	neg 1.0		__DUMMY__ 0.920336640304648 off 0.04002799300008334 neg 0.039635366695268605	false	0.5
schuldner	neg 1.0		__DUMMY__ 0.9234422849849571 neg 0.04326999491725629 off 0.033287720097786744	false	1.0
missgeburt	off 1.0	off 1.0	off 0.5130623618340643 __DUMMY__ 0.45111351868586425 neg 0.03582411948007142	false	1.0
arbeitslos	neg 1.0		__DUMMY__ 0.9228249785621273 neg 0.04128635449021785 off 0.03588866694765479	false	1.0
befallen	neg 1.0		__DUMMY__ 0.9213625186973501 neg 0.042180903035383195 off 0.03645657826726674	false	1.0
miesepetrig	off 1.0	off 1.0	off 0.50787280113817 __DUMMY__ 0.45817206380311404 neg 0.03395513505871595	false	1.0
alarmieren	neg 1.0		__DUMMY__ 0.9188550480046624 off 0.041467701104625165 neg 0.03967725089071237	false	0.5
ungeduscht	off 1.0		__DUMMY__ 0.9193415176549397 off 0.04049261850654944 neg 0.04016586383851091	false	1.0
knappheit	neg 1.0		__DUMMY__ 0.9216650623459044 neg 0.04301657651892048 off 0.0353183611351752	false	1.0
schlange	neg 1.0		__DUMMY__ 0.9256263056337054 off 0.0385668580934878 neg 0.03580683627280682	false	0.5
harsch	neg 1.0		__DUMMY__ 0.9192637274585717 off 0.045618101402686954 neg 0.035118171138741404	false	0.5
lang	neg 1.0		__DUMMY__ 0.9237052298461825 neg 0.03817966669239176 off 0.03811510346142572	false	1.0
ziellos	neg 1.0		__DUMMY__ 0.9264749914006604 neg 0.038545491660063 off 0.03497951693927658	false	1.0
selbstverliebt	neg 1.0		__DUMMY__ 0.9109157712594321 off 0.051118339076027725 neg 0.037965889664540085	false	0.5
beseitigen	neg 1.0		__DUMMY__ 0.9245498281065312 neg 0.03921819040739448 off 0.03623198148607432	false	1.0
dumm	off 1.0		__DUMMY__ 0.9160232191205753 off 0.04721188882725276 neg 0.03676489205217204	false	1.0
arbeitsloser	neg 1.0		__DUMMY__ 0.9257546105488964 neg 0.03833989349267009 off 0.0359054959584335	false	1.0
blitzen	neg 1.0		__DUMMY__ 0.9225486936120102 off 0.040121218603777424 neg 0.03733008778421239	false	0.5
hilflos	neg 1.0		__DUMMY__ 0.9230916498782265 neg 0.040710767213903 off 0.036197582907870555	false	1.0
eklig	off 1.0		__DUMMY__ 0.9130816013604699 off 0.047707987322284935 neg 0.0392104113172451	false	1.0
begriff			__DUMMY__ 0.9238207015087665 neg 0.03898664031595886 off 0.03719265817527456	false	0.0
hungersnot	neg 1.0		__DUMMY__ 0.9242361458214338 neg 0.04014732897654313 off 0.035616525202023054	false	1.0
ungesetzlich	neg 1.0		__DUMMY__ 0.919932837908216 neg 0.04128633041386505 off 0.03878083167791896	false	1.0
verschwendung	neg 1.0		__DUMMY__ 0.9250277449264366 neg 0.040733437354414884 off 0.034238817719148516	false	1.0
schmerzvoll	neg 1.0		__DUMMY__ 0.9217881385651014 neg 0.03923210299091123 off 0.03897975844398733	false	1.0
vorzeitig	neg 1.0		__DUMMY__ 0.920843831890836 off 0.039725594346399364 neg 0.03943057376276458	false	0.5
unvollkommenheit	neg 1.0		__DUMMY__ 0.9286429233624104 neg 0.03646835331692522 off 0.034888723320664325	false	1.0
intervenieren	neg 1.0		__DUMMY__ 0.9241868109979808 neg 0.04152193036278919 off 0.03429125863923004	false	1.0
banause	off 1.0		__DUMMY__ 0.9105026034097675 off 0.04984067485109355 neg 0.03965672173913896	false	1.0
rebell	neg 1.0		__DUMMY__ 0.9276460602660805 neg 0.04155725552280782 off 0.030796684211111654	false	1.0
unlogisch	neg 1.0		__DUMMY__ 0.9174621342304794 off 0.04431801041157904 neg 0.038219855357941646	false	0.5
leiden	neg 1.0		__DUMMY__ 0.9283846965119565 neg 0.0388149882943913 off 0.03280031519365208	false	1.0
abschaffung	neg 1.0		__DUMMY__ 0.9231631852566854 neg 0.03898112329780478 off 0.037855691445509834	false	1.0
sturz	neg 1.0		__DUMMY__ 0.9247594935123662 neg 0.03770465985640528 off 0.03753584663122853	false	1.0
verkleinerung	neg 1.0		__DUMMY__ 0.9195542077059902 neg 0.04029229659327096 off 0.04015349570073893	false	1.0
schmarotzer	off 1.0		__DUMMY__ 0.9219037738194031 neg 0.041521753783259605 off 0.03657447239733733	false	0.5
bestrafung	neg 1.0		__DUMMY__ 0.9224538300015309 neg 0.0389983621754356 off 0.038547807823033534	false	1.0
achtlos	neg 1.0	neg 1.0	neg 0.5055076016715881 __DUMMY__ 0.46083232352981346 off 0.03366007479859848	false	1.0
ungeheuer	neg 1.0		__DUMMY__ 0.9227568034441609 off 0.03934496952502146 neg 0.037898227030817674	false	0.5
