unsolidarisch	neg 1.0		__DUMMY__ 0.9206582982526255 neg 0.041554009622746774 off 0.03778769212462771	false	1.0
nachteilig	neg 1.0		__DUMMY__ 0.9255324750733813 neg 0.0403764605618315 off 0.03409106436478721	false	1.0
skeptisch	neg 1.0		__DUMMY__ 0.925768584334702 neg 0.040434523253214 off 0.03379689241208396	false	1.0
schrecklich	neg 1.0		__DUMMY__ 0.9189681674225283 off 0.044856038232503795 neg 0.03617579434496784	false	0.5
schlapp	neg 1.0		__DUMMY__ 0.9216163384219203 off 0.04138328859930292 neg 0.03700037297877682	false	0.5
abfall	neg 1.0		__DUMMY__ 0.9285596708423349 neg 0.04056551424964732 off 0.030874814908017696	false	1.0
widerspenstig	neg 1.0		__DUMMY__ 0.9239275269107868 neg 0.038691919648121104 off 0.037380553441092125	false	1.0
abrupt	neg 1.0		__DUMMY__ 0.9267337641992156 neg 0.03937731690712658 off 0.03388891889365781	false	1.0
unwirksam	neg 1.0		__DUMMY__ 0.9201725512115161 neg 0.042471681535887366 off 0.0373557672525966	false	1.0
angreifen	neg 1.0		__DUMMY__ 0.9242166799996723 neg 0.04191636266329961 off 0.033866957337028006	false	1.0
inkonsistent	neg 1.0		__DUMMY__ 0.9208795850722339 neg 0.04121588271912457 off 0.037904532208641505	false	1.0
abrutschen	neg 1.0		__DUMMY__ 0.9268529012810601 neg 0.041806003778584 off 0.03134109494035594	false	1.0
unsicher	neg 1.0		__DUMMY__ 0.9251098126991779 off 0.03747737879184886 neg 0.03741280850897322	false	0.5
bauernkind	off 1.0	off 1.0	off 0.5113135122476318 __DUMMY__ 0.4484183699271969 neg 0.04026811782517126	false	1.0
angreifer	neg 1.0	neg 1.0	neg 0.5040114977897634 __DUMMY__ 0.46053568108987775 off 0.03545282112035886	false	1.0
trennen	neg 1.0		__DUMMY__ 0.9276184868046758 neg 0.03915091563440565 off 0.033230597560918416	false	1.0
schmutz	neg 1.0		__DUMMY__ 0.9256516155777615 off 0.03829149072017234 neg 0.03605689370206605	false	0.5
inkonsistenz	neg 1.0		__DUMMY__ 0.9166929729931226 off 0.042104545180949 neg 0.041202481825928394	false	0.5
erschreckend	neg 1.0		__DUMMY__ 0.9228115313206887 neg 0.040024721913239344 off 0.037163746766071856	false	1.0
ertrinken	neg 1.0		__DUMMY__ 0.9246080019032648 neg 0.04143288465529432 off 0.03395911344144083	false	1.0
pickelface	off 1.0		__DUMMY__ 0.9243701084173309 neg 0.03892573419170504 off 0.03670415739096403	false	0.5
seiner			__DUMMY__ 0.9257940845305281 neg 0.0402148203931107 off 0.033991095076361194	false	0.0
lauch	neg 1.0		__DUMMY__ 0.9280270856994738 neg 0.04062000644668796 off 0.03135290785383827	false	1.0
unwichtig	neg 1.0		__DUMMY__ 0.9196596079612376 off 0.04157324883055704 neg 0.03876714320820533	false	0.5
steuerhinterziehung	neg 1.0	neg 1.0	neg 0.5073683306893558 __DUMMY__ 0.4601650276822393 off 0.03246664162840478	false	1.0
schock	neg 1.0		__DUMMY__ 0.923946935106136 neg 0.03927921690100872 off 0.036773847992855234	false	1.0
beule	neg 1.0		__DUMMY__ 0.9194323609354579 off 0.04212325870494459 neg 0.038444380359597435	false	0.5
vergelten	neg 1.0		__DUMMY__ 0.9220352841166304 off 0.04402377362801691 neg 0.033940942255352755	false	0.5
verdorbenheit	neg 1.0		__DUMMY__ 0.9269892155291498 off 0.03743801100586661 neg 0.03557277346498355	false	0.5
trauma	neg 1.0		__DUMMY__ 0.922926011257525 neg 0.03884597333678849 off 0.03822801540568648	false	1.0
sinnlos	neg 1.0		__DUMMY__ 0.922367040351529 off 0.03935542072852568 neg 0.038277538919945286	false	0.5
fettsack	off 1.0	off 1.0	off 0.5121867892312939 __DUMMY__ 0.45021191820964174 neg 0.03760129255906437	false	1.0
feige	off 1.0	off 1.0	off 0.5083202614504169 __DUMMY__ 0.45475421757094414 neg 0.03692552097863892	false	1.0
abdanken	neg 1.0		__DUMMY__ 0.9229655946509925 neg 0.039677277136155334 off 0.037357128212852204	false	1.0
wichtigtuer	off 1.0	off 1.0	off 0.5064866326653017 __DUMMY__ 0.45728684195561436 neg 0.03622652537908396	false	1.0
misslingen	neg 1.0		__DUMMY__ 0.9301161341310861 off 0.03736220953225055 neg 0.03252165633666341	false	0.5
untreu	off 1.0		__DUMMY__ 0.91986260190383 off 0.04186531195570334 neg 0.038272086140466705	false	1.0
missmutig	neg 1.0		__DUMMY__ 0.9214223839469129 off 0.04119579537838106 neg 0.037381820674706086	false	0.5
hurenbock	off 1.0		__DUMMY__ 0.9236603927567663 off 0.03867482844764409 neg 0.03766477879558959	false	1.0
betrunken	neg 1.0		__DUMMY__ 0.9202973065753325 off 0.042835450997814335 neg 0.03686724242685313	false	0.5
korrupt	off 1.0		__DUMMY__ 0.9211192990490626 neg 0.04287785946655403 off 0.036002841484383354	false	0.5
unmut	neg 1.0		__DUMMY__ 0.9277992163076815 neg 0.040708107742293956 off 0.03149267595002453	false	1.0
hackfresse	off 1.0		__DUMMY__ 0.9155708577831505 off 0.047712166685533734 neg 0.0367169755313157	false	1.0
aufblasen	neg 1.0		__DUMMY__ 0.9232177645498669 off 0.03880484084021966 neg 0.03797739460991337	false	0.5
gewaltsam	neg 1.0		__DUMMY__ 0.9244852481549848 neg 0.03921631129680282 off 0.03629844054821241	false	1.0
unbeliebtheit	neg 1.0		__DUMMY__ 0.9179723658505773 neg 0.04108262725652809 off 0.0409450068928946	false	1.0
sturheit	neg 1.0		__DUMMY__ 0.9224706554104785 neg 0.04075524277439921 off 0.036774101815122265	false	1.0
kuh	neg 1.0		__DUMMY__ 0.917755663827501 neg 0.04305899277867267 off 0.03918534339382634	false	1.0
erschrecken	neg 1.0		__DUMMY__ 0.9220489556677175 off 0.04097530252670281 neg 0.03697574180557964	false	0.5
opfer	neg 1.0		__DUMMY__ 0.9251258277454831 neg 0.039957496205451026 off 0.03491667604906592	false	1.0
sinken	neg 1.0		__DUMMY__ 0.9272967651352823 neg 0.040931092535349246 off 0.03177214232936844	false	1.0
stinktier	neg 1.0		__DUMMY__ 0.9115868437011696 off 0.04560394773664895 neg 0.04280920856218152	false	0.5
tucke	off 1.0		__DUMMY__ 0.912536013141685 off 0.04854110843776675 neg 0.0389228784205483	false	1.0
ein			__DUMMY__ 0.9231290285263162 neg 0.038742591685840856 off 0.03812837978784294	false	0.0
abstieg	neg 1.0		__DUMMY__ 0.9249903648264571 neg 0.04098329335300713 off 0.03402634182053582	false	1.0
missverstehen	neg 1.0		__DUMMY__ 0.919995953958176 off 0.040186425839293535 neg 0.03981762020253042	false	0.5
ergebnislos	neg 1.0		__DUMMY__ 0.926764099670974 neg 0.03944924246009859 off 0.033786657868927386	false	1.0
unter			__DUMMY__ 0.9331816851951684 neg 0.03957012909999055 off 0.027248185704840947	false	0.0
manipulieren	neg 1.0		__DUMMY__ 0.9263156850438835 neg 0.04020278037411709 off 0.0334815345819995	false	1.0
unbewiesen	neg 1.0		__DUMMY__ 0.9198171994861984 neg 0.04236134360240604 off 0.037821456911395566	false	1.0
verschleppen	neg 1.0		__DUMMY__ 0.9237904779275481 neg 0.04095895064400646 off 0.03525057142844545	false	1.0
weib	off 1.0		__DUMMY__ 0.9106177936981807 off 0.04846893810319349 neg 0.040913268198625743	false	1.0
opposition	neg 1.0		__DUMMY__ 0.9212018532660117 neg 0.04020616119701629 off 0.038591985536972136	false	1.0
verkehrswidrig	neg 1.0		__DUMMY__ 0.922885895109964 off 0.04431055221485436 neg 0.03280355267518168	false	0.5
inkorrekt	neg 1.0		__DUMMY__ 0.916593686565933 off 0.044756817493325725 neg 0.03864949594074118	false	0.5
vermeiden	neg 1.0	neg 1.0	neg 0.505595799841094 __DUMMY__ 0.46725566291293497 off 0.02714853724597099	false	1.0
abweichung	neg 1.0		__DUMMY__ 0.9257417701776596 neg 0.03958084654890858 off 0.03467738327343188	false	1.0
alkoholisiert	neg 1.0		__DUMMY__ 0.9283229573290935 neg 0.03842879856246326 off 0.03324824410844313	false	1.0
scheiss	off 1.0	off 1.0	off 0.5078706997107107 __DUMMY__ 0.45690032579838474 neg 0.03522897449090439	false	1.0
herausforderung	neg 1.0		__DUMMY__ 0.9269279258960837 neg 0.03953295630857571 off 0.03353911779534047	false	1.0
pervers	off 1.0		__DUMMY__ 0.9124533368763349 off 0.05054449839951546 neg 0.03700216472414959	false	1.0
wackelig	neg 1.0		__DUMMY__ 0.9282726940964775 neg 0.0361983770194277 off 0.0355289288840948	false	1.0
verwickeln	neg 1.0		__DUMMY__ 0.9202273200776678 neg 0.0399923814272801 off 0.03978029849505201	false	1.0
vorwand	neg 1.0		__DUMMY__ 0.9255598367067343 neg 0.0410190248499075 off 0.03342113844335822	false	1.0
muschi	off 1.0		__DUMMY__ 0.924145916883652 neg 0.038965213368431846 off 0.03688886974791613	false	0.5
entmutigung	neg 1.0		__DUMMY__ 0.9217530299950815 neg 0.03948880331405522 off 0.03875816669086337	false	1.0
unangemessen	neg 1.0		__DUMMY__ 0.9219455249759549 neg 0.04146378833447132 off 0.03659068668957367	false	1.0
unstetig	neg 1.0		__DUMMY__ 0.9233203623921531 off 0.03929777314801346 neg 0.03738186445983341	false	0.5
entmutigen	neg 1.0		__DUMMY__ 0.9228465366864941 neg 0.03886126996980053 off 0.03829219334370534	false	1.0
schwanz	neg 1.0		__DUMMY__ 0.9253977466143984 neg 0.039964360227484265 off 0.03463789315811729	false	1.0
verbot	neg 1.0		__DUMMY__ 0.9235989617344482 neg 0.04079935494528308 off 0.03560168332026871	false	1.0
leid	neg 1.0		__DUMMY__ 0.9164420176188731 off 0.04613319504375756 neg 0.037424787337369314	false	0.5
archaisch	neg 1.0		__DUMMY__ 0.9234132365279358 neg 0.0400256628623774 off 0.036561100609686835	false	1.0
gegen			__DUMMY__ 0.9275599376698712 neg 0.04026317112811576 off 0.032176891202012975	false	0.0
scheidung	neg 1.0		__DUMMY__ 0.9139097659316703 off 0.05414840201120473 neg 0.031941832057124996	false	0.5
einschlag	neg 1.0		__DUMMY__ 0.9191153073830979 off 0.04384612945416493 neg 0.037038563162737216	false	0.5
m			__DUMMY__ 0.9259550880137987 neg 0.03858249969591847 off 0.03546241229028289	false	0.0
abgestanden	neg 1.0		__DUMMY__ 0.9222059995761881 neg 0.0404949690349997 off 0.037299031388812104	false	1.0
schmierig	off 1.0		__DUMMY__ 0.9178396224849827 off 0.04549359540815667 neg 0.0366667821068606	false	1.0
unpraktisch	neg 1.0		__DUMMY__ 0.9234007418216474 off 0.038424682125596646 neg 0.03817457605275589	false	0.5
wixxer	off 1.0		__DUMMY__ 0.910499926017147 off 0.050775235774774226 neg 0.03872483820807879	false	1.0
bezeichnet			__DUMMY__ 0.9208018315384783 neg 0.04131862167099756 off 0.03787954679052417	false	0.0
jammerlappen	off 1.0		__DUMMY__ 0.921486937841709 off 0.04152595816680553 neg 0.03698710399148548	false	1.0
farce	neg 1.0		__DUMMY__ 0.9220435459568582 neg 0.041603485361655604 off 0.036352968681486096	false	1.0
zwecklos	neg 1.0		__DUMMY__ 0.9225573490953928 neg 0.04119717696852722 off 0.03624547393608005	false	1.0
turbulent	neg 1.0		__DUMMY__ 0.9172689552834148 off 0.04258575828983535 neg 0.04014528642674988	false	0.5
invasion	neg 1.0		__DUMMY__ 0.9221926537501277 off 0.039090928795496034 neg 0.038716417454376234	false	0.5
schuld	neg 1.0		__DUMMY__ 0.9210889689257438 neg 0.040266746694564044 off 0.038644284379692244	false	1.0
risiko	neg 1.0	neg 1.0	neg 0.5033170927634449 __DUMMY__ 0.46190550628582777 off 0.03477740095072733	false	1.0
finster	neg 1.0		__DUMMY__ 0.9213477756505146 neg 0.040530566761595464 off 0.038121657587889976	false	1.0
geisteskrank	off 1.0		__DUMMY__ 0.9167326944273718 off 0.04320088014930542 neg 0.040066425423322734	false	1.0
zusammenbrechen	neg 1.0		__DUMMY__ 0.92423916440196 neg 0.03956682263385447 off 0.036194012964185555	false	1.0
ausbeute	neg 1.0		__DUMMY__ 0.9333030164206958 off 0.0340284066941022 neg 0.03266857688520201	false	0.5
hinterhalt	neg 1.0		__DUMMY__ 0.9292349048548709 off 0.03565247529194359 neg 0.035112619853185506	false	0.5
kritik	neg 1.0		__DUMMY__ 0.9217446941373835 neg 0.04201203771715731 off 0.036243268145459244	false	1.0
einschrumpfen	neg 1.0		__DUMMY__ 0.9197145408756018 off 0.040818338086823336 neg 0.03946712103757488	false	0.5
riskant	neg 1.0		__DUMMY__ 0.9242560059937891 neg 0.04144387536455661 off 0.03430011864165432	false	1.0
frustrieren	neg 1.0		__DUMMY__ 0.9244583356257382 neg 0.04055632280734757 off 0.03498534156691414	false	1.0
groll	neg 1.0		__DUMMY__ 0.9226440552693779 neg 0.04148449242986629 off 0.03587145230075594	false	1.0
gibt			__DUMMY__ 0.9248183363892771 neg 0.038850488119934364 off 0.03633117549078854	false	0.0
qualvoll	neg 1.0		__DUMMY__ 0.9218421217009143 off 0.03990291388191471 neg 0.03825496441717102	false	0.5
wackeln	neg 1.0		__DUMMY__ 0.9246961658592907 off 0.03807239847860846 neg 0.037231435662100854	false	0.5
klagen	neg 1.0		__DUMMY__ 0.9265510475513691 neg 0.04133806623022118 off 0.032110886218409795	false	1.0
bankrott	neg 1.0		__DUMMY__ 0.922764159196373 off 0.04069935345656769 neg 0.03653648734705923	false	0.5
trauern	neg 1.0		__DUMMY__ 0.9265967057459046 neg 0.038991461036410026 off 0.03441183321768539	false	1.0
ablehnung	neg 1.0		__DUMMY__ 0.9225630693931226 neg 0.04137748296910628 off 0.03605944763777106	false	1.0
stur	neg 1.0		__DUMMY__ 0.9214467219633925 neg 0.0398095181100856 off 0.0387437599265219	false	1.0
aufruhr	neg 1.0		__DUMMY__ 0.92350323536397 neg 0.03972321954372184 off 0.03677354509230802	false	1.0
melancholie	neg 1.0		__DUMMY__ 0.9248404291793347 neg 0.04053701638969314 off 0.03462255443097213	false	1.0
ist			__DUMMY__ 0.9225528633131534 off 0.0391476475045093 neg 0.03829948918233726	false	0.0
torheit	neg 1.0		__DUMMY__ 0.9228360529791245 neg 0.03919777467634664 off 0.037966172344528835	false	1.0
dreckskind	off 1.0		__DUMMY__ 0.9129309402573059 off 0.04710303472940482 neg 0.03996602501328921	false	1.0
umtauschen	neg 1.0		__DUMMY__ 0.9246386650360111 neg 0.03862266745929063 off 0.03673866750469821	false	1.0
zum			__DUMMY__ 0.9332122364030069 neg 0.03707972053818308 off 0.029708043058810037	false	0.0
zersetzen	neg 1.0		__DUMMY__ 0.9242146226138633 neg 0.042139633661736585 off 0.033645743724400136	false	1.0
zur			__DUMMY__ 0.9314021315949336 neg 0.03906183622539346 off 0.02953603217967294	false	0.0
frust	neg 1.0		__DUMMY__ 0.9243635397371921 neg 0.03939093290028904 off 0.03624552736251894	false	1.0
unerbittlichkeit	neg 1.0		__DUMMY__ 0.9251045092019418 neg 0.041330843613832435 off 0.033564647184225783	false	1.0
zwei			__DUMMY__ 0.9321353978086302 neg 0.03727175245717112 off 0.030592849734198756	false	0.0
unkorrekt	neg 1.0		__DUMMY__ 0.9190931002185533 off 0.04417613919972469 neg 0.03673076058172208	false	0.5
hexe	off 1.0		__DUMMY__ 0.916309112094926 neg 0.04223961623828673 off 0.041451271666787255	false	0.5
lasch	neg 1.0		__DUMMY__ 0.9191030869212901 off 0.04095735868823097 neg 0.03993955439047897	false	0.5
rivale	neg 1.0		__DUMMY__ 0.9186018393582989 off 0.04321346220961176 neg 0.03818469843208937	false	0.5
mutlos	off 1.0	off 1.0	off 0.5014880953078436 __DUMMY__ 0.4602657221219206 neg 0.03824618257023586	false	1.0
wirr	off 1.0		__DUMMY__ 0.915996808081341 off 0.04483375352367114 neg 0.03916943839498786	false	1.0
jahr			__DUMMY__ 0.9340278933425433 neg 0.03350161514384466 off 0.03247049151361192	false	0.0
wird			__DUMMY__ 0.924647223492692 neg 0.04005963723926074 off 0.035293139268047294	false	0.0
strafbar	neg 1.0		__DUMMY__ 0.924956038386119 neg 0.04032901601698974 off 0.034714945596891235	false	1.0
erosion	neg 1.0		__DUMMY__ 0.9253206540570807 neg 0.03737118381045876 off 0.03730816213246053	false	1.0
eingehen	neg 1.0		__DUMMY__ 0.9239877340435362 neg 0.041166057177187944 off 0.03484620877927584	false	1.0
faul	off 1.0		__DUMMY__ 0.9224264642609105 off 0.040541545468379146 neg 0.03703199027071039	false	1.0
provisorium	neg 1.0		__DUMMY__ 0.9350023429872467 neg 0.03743108421326898 off 0.027566572799484417	false	1.0
schmerzen	neg 1.0		__DUMMY__ 0.9226635608688817 neg 0.0411138189978748 off 0.03622262013324355	false	1.0
schrumpfen	neg 1.0		__DUMMY__ 0.9278247487315134 neg 0.04217069637546072 off 0.03000455489302584	false	1.0
geistlos	off 1.0		__DUMMY__ 0.9186595291623834 neg 0.041152840276454404 off 0.04018763056116224	false	0.5
fehlkauf	neg 1.0		__DUMMY__ 0.9224345298846938 off 0.038960414587803686 neg 0.03860505552750264	false	0.5
frustrierend	neg 1.0		__DUMMY__ 0.9215959597639731 off 0.04075713933178936 neg 0.03764690090423742	false	0.5
unzufrieden	neg 1.0		__DUMMY__ 0.9229090687244802 neg 0.04106178565744271 off 0.03602914561807718	false	1.0
verzweifeln	neg 1.0		__DUMMY__ 0.923426709737475 neg 0.039670787513448776 off 0.03690250274907621	false	1.0
verzweifelt	neg 1.0	neg 1.0	neg 0.5076111182352874 __DUMMY__ 0.4571460304334555 off 0.03524285133125718	false	1.0
misstrauensantrag	neg 1.0		__DUMMY__ 0.9224373211967212 off 0.03904119438522887 neg 0.03852148441804997	false	0.5
abfallen	neg 1.0		__DUMMY__ 0.9248310010896877 off 0.03782122567647606 neg 0.03734777323383615	false	0.5
fucker	off 1.0		__DUMMY__ 0.9193667377462381 off 0.043950505315640855 neg 0.036682756938121	false	1.0
ungezogen	neg 1.0		__DUMMY__ 0.9130956305745154 off 0.04977533854419142 neg 0.03712903088129326	false	0.5
irrsinnig	neg 1.0	neg 1.0	neg 0.5067080505203204 __DUMMY__ 0.4580696417218828 off 0.03522230775779674	false	1.0
unfassbar	neg 1.0		__DUMMY__ 0.9207648017270162 off 0.04244540922466185 neg 0.03678978904832193	false	0.5
hart	neg 1.0		__DUMMY__ 0.9198787982749541 off 0.04190157402009246 neg 0.03821962770495347	false	0.5
widerlich	off 1.0		__DUMMY__ 0.9181908402754209 off 0.043039487902815615 neg 0.038769671821763475	false	1.0
fatal	neg 1.0		__DUMMY__ 0.9219655734434816 off 0.039451266694811665 neg 0.038583159861706684	false	0.5
bruch	neg 1.0		__DUMMY__ 0.9267691254271854 neg 0.04078473081941704 off 0.03244614375339755	false	1.0
aushungern	neg 1.0		__DUMMY__ 0.9244052734483837 neg 0.03924897659896088 off 0.03634574995265536	false	1.0
anspannung	neg 1.0		__DUMMY__ 0.9308465121986319 neg 0.039162828619027396 off 0.029990659182340725	false	1.0
von			__DUMMY__ 0.9352971116099036 off 0.032494817025731294 neg 0.03220807136436511	false	0.0
kraftlos	neg 1.0		__DUMMY__ 0.925234372770685 neg 0.03921335079809705 off 0.035552276431217986	false	1.0
vom			__DUMMY__ 0.9354715916438933 neg 0.036712118316968606 off 0.02781629003913803	false	0.0
grenzdebil	off 1.0		__DUMMY__ 0.9207939044601311 off 0.04259421837523777 neg 0.03661187716463107	false	1.0
vor			__DUMMY__ 0.928345863524417 neg 0.03892068083531031 off 0.03273345564027273	false	0.0
unterwerfen	neg 1.0		__DUMMY__ 0.9245648533594559 neg 0.04056459505766455 off 0.034870551582879564	false	1.0
versenkung	neg 1.0		__DUMMY__ 0.9266512935663325 neg 0.03832388489440257 off 0.03502482153926489	false	1.0
entziehen	neg 1.0		__DUMMY__ 0.9268157504319334 neg 0.04068320644545019 off 0.032501043122616424	false	1.0
finanzkrise	neg 1.0		__DUMMY__ 0.9208811517311486 neg 0.04238346996724695 off 0.03673537830160458	false	1.0
schimpfend	neg 1.0		__DUMMY__ 0.922383137687473 neg 0.03889132968237133 off 0.03872553263015555	false	1.0
profan	neg 1.0		__DUMMY__ 0.9211694144871555 off 0.03973129244962873 neg 0.039099293063215745	false	0.5
korruption	neg 1.0		__DUMMY__ 0.9232849102296712 neg 0.041404026418648106 off 0.03531106335168067	false	1.0
â			__DUMMY__ 0.926615424843806 neg 0.038376533115475446 off 0.035008042040718584	false	0.0
schmutzig	neg 1.0		__DUMMY__ 0.9206960266776916 off 0.04294949216816203 neg 0.0363544811541464	false	0.5
sexy	neg 1.0		__DUMMY__ 0.9224870834348237 off 0.04040837981024065 neg 0.03710453675493567	false	0.5
abraten	neg 1.0		__DUMMY__ 0.9235505242669038 off 0.039073557121957696 neg 0.03737591861113856	false	0.5
schwarz	neg 1.0		__DUMMY__ 0.9221394598353392 neg 0.039013667705979235 off 0.03884687245868166	false	1.0
fotze	off 1.0	off 1.0	off 0.5024497545092859 __DUMMY__ 0.4619319670714576 neg 0.035618278419256466	false	1.0
verwirren	neg 1.0		__DUMMY__ 0.9213785752765564 off 0.04016055883217561 neg 0.0384608658912679	false	0.5
zahnlos	off 1.0		__DUMMY__ 0.9229529232287391 neg 0.040376250944939615 off 0.03667082582632137	false	0.5
verheeren	neg 1.0		__DUMMY__ 0.9127222110316691 off 0.051059940551744065 neg 0.03621784841658689	false	0.5
hippie	neg 1.0		__DUMMY__ 0.9223284826869435 off 0.04020001080218564 neg 0.03747150651087093	false	0.5
rammen	neg 1.0		__DUMMY__ 0.9189415195392935 neg 0.04276195989716822 off 0.03829652056353839	false	1.0
unlauter	neg 1.0		__DUMMY__ 0.9206067386018496 neg 0.0409314823748605 off 0.03846177902328985	false	1.0
unheilvoll	neg 1.0		__DUMMY__ 0.922297470610916 neg 0.039051088966872566 off 0.03865144042221135	false	1.0
niedrig	neg 1.0		__DUMMY__ 0.9241312581940042 neg 0.0422559950381712 off 0.033612746767824615	false	1.0
explosion	neg 1.0		__DUMMY__ 0.9222587805988758 off 0.039697826122519285 neg 0.03804339327860492	false	0.5
weichei	off 1.0	off 1.0	off 0.512341927634362 __DUMMY__ 0.452953254342138 neg 0.03470481802349993	false	1.0
minusmensch	off 1.0		__DUMMY__ 0.9098809874660273 off 0.04935330544714549 neg 0.04076570708682725	false	1.0
farblos	neg 1.0		__DUMMY__ 0.9244613317351545 neg 0.038874526567137704 off 0.0366641416977078	false	1.0
unwissend	neg 1.0	neg 1.0	neg 0.5052766879769786 __DUMMY__ 0.45678670556194984 off 0.037936606461071574	false	1.0
traurig	neg 1.0		__DUMMY__ 0.9198458991328785 off 0.04427612480741795 neg 0.03587797605970357	false	0.5
senkung	neg 1.0		__DUMMY__ 0.9197741956034058 neg 0.04062879559427981 off 0.0395970088023144	false	1.0
ungleich	neg 1.0	neg 1.0	neg 0.5076818670136155 __DUMMY__ 0.4613826455990626 off 0.030935487387321846	false	1.0
heikel	neg 1.0		__DUMMY__ 0.9245827894226968 neg 0.04115945832374537 off 0.0342577522535578	false	1.0
drosselung	neg 1.0		__DUMMY__ 0.9197229410730615 off 0.04234525896301606 neg 0.0379317999639225	false	0.5
falsch	neg 1.0		__DUMMY__ 0.9209774972527325 off 0.04087042126669028 neg 0.038152081480577256	false	0.5
unzufriedenheit	neg 1.0		__DUMMY__ 0.9258471622366847 neg 0.04105246445502996 off 0.03310037330828533	false	1.0
kurz	neg 1.0		__DUMMY__ 0.9271922245436 neg 0.036728422057697156 off 0.03607935339870289	false	1.0
unsinnig	neg 1.0		__DUMMY__ 0.9227389198022143 neg 0.040491326149564556 off 0.03676975404822105	false	1.0
penner	off 1.0	off 1.0	off 0.5135561702697669 __DUMMY__ 0.452255925183073 neg 0.03418790454716001	false	1.0
seicht	neg 1.0		__DUMMY__ 0.9129512706796006 off 0.049718719484266094 neg 0.03733000983613334	false	0.5
dummheit	off 1.0	off 1.0	off 0.5066932595349893 __DUMMY__ 0.45623805185800237 neg 0.03706868860700826	false	1.0
unerfreulich	neg 1.0		__DUMMY__ 0.926425645847509 neg 0.04013958667035662 off 0.03343476748213433	false	1.0
motherfucker	off 1.0	off 1.0	off 0.5096585907013329 __DUMMY__ 0.4560512103352452 neg 0.03429019896342203	false	1.0
pikiert	neg 1.0		__DUMMY__ 0.9183099784653052 off 0.04242241693755866 neg 0.03926760459713621	false	0.5
wrack	neg 1.0		__DUMMY__ 0.9260675491269547 neg 0.03857140440228362 off 0.03536104647076175	false	1.0
gangster	neg 1.0		__DUMMY__ 0.922135254214469 off 0.040190883867802105 neg 0.0376738619177289	false	0.5
krank	neg 1.0		__DUMMY__ 0.9214709039825483 off 0.04237744493500916 neg 0.036151651082442574	false	0.5
reich	neg 1.0		__DUMMY__ 0.9219687440069835 off 0.04154745143312244 neg 0.036483804559894105	false	0.5
gnadenlos	neg 1.0		__DUMMY__ 0.9211693023954269 neg 0.04011531327215286 off 0.038715384332420257	false	1.0
niedergeschlagen	neg 1.0		__DUMMY__ 0.9248893345131483 neg 0.03873874343325005 off 0.03637192205360166	false	1.0
terrorisieren	off 1.0	off 1.0	off 0.5016126269259442 __DUMMY__ 0.4620891220804367 neg 0.03629825099361913	false	1.0
sinnlosigkeit	neg 1.0		__DUMMY__ 0.92340001162188 neg 0.04043953781572695 off 0.036160450562393066	false	1.0
behindern	neg 1.0		__DUMMY__ 0.923905386250592 neg 0.03934917460318071 off 0.036745439146227334	false	1.0
undemokratisch	neg 1.0		__DUMMY__ 0.9222168555273049 neg 0.039158130825848625 off 0.038625013646846486	false	1.0
wirtschaftskrise	neg 1.0		__DUMMY__ 0.9225286521100541 neg 0.04231277563996727 off 0.03515857224997861	false	1.0
neid	neg 1.0		__DUMMY__ 0.92409825888858 off 0.04045961502384753 neg 0.03544212608757252	false	0.5
rutschen	neg 1.0		__DUMMY__ 0.9319737101214038 neg 0.03760929966020778 off 0.030416990218388378	false	1.0
rezession	neg 1.0		__DUMMY__ 0.9126232720859468 off 0.044884937282146174 neg 0.04249179063190696	false	0.5
fehlgeburt	neg 1.0		__DUMMY__ 0.9246006174055659 off 0.03866547224682251 neg 0.03673391034761157	false	0.5
charakterschwach	off 1.0		__DUMMY__ 0.9183693649113301 off 0.042996963642362204 neg 0.038633671446307624	false	1.0
isolation	neg 1.0		__DUMMY__ 0.9219462168669663 off 0.040348641305012554 neg 0.03770514182802112	false	0.5
ablenkung	neg 1.0		__DUMMY__ 0.9247575835855278 neg 0.03766563029036165 off 0.03757678612411048	false	1.0
pech	neg 1.0		__DUMMY__ 0.9220870940975299 off 0.04010830769328357 neg 0.03780459820918663	false	0.5
vermeidung	neg 1.0		__DUMMY__ 0.919943346679043 off 0.042473385424692985 neg 0.037583267896264	false	0.5
dominieren	neg 1.0		__DUMMY__ 0.9247414765603574 neg 0.040789383339955826 off 0.034469140099686775	false	1.0
schwindlig	neg 1.0		__DUMMY__ 0.9240568614268208 off 0.038759590339212495 neg 0.037183548233966815	false	0.5
lutscher	neg 1.0	neg 1.0	neg 0.5036077034366014 __DUMMY__ 0.45111684066078783 off 0.045275455902610784	false	1.0
pflicht	neg 1.0		__DUMMY__ 0.9251962559601107 neg 0.04133358649780207 off 0.03347015754208722	false	1.0
faschist	off 1.0		__DUMMY__ 0.9214455204434795 off 0.04060532308395402 neg 0.03794915647256644	false	1.0
verschleudern	neg 1.0		__DUMMY__ 0.924481289904039 neg 0.04145065194992694 off 0.0340680581460341	false	1.0
wenn			__DUMMY__ 0.920770146345169 off 0.04100276186235662 neg 0.0382270917924744	false	0.0
ehebruch	neg 1.0		__DUMMY__ 0.9243625960207666 neg 0.040348425287609874 off 0.035288978691623576	false	1.0
spott	off 1.0		__DUMMY__ 0.9237963155327084 neg 0.041238791140273505 off 0.03496489332701808	false	0.5
trostlosigkeit	neg 1.0		__DUMMY__ 0.9264342647811816 neg 0.04080682758821147 off 0.03275890763060693	false	1.0
lutschen	neg 1.0		__DUMMY__ 0.9194530385704162 off 0.040602100865222854 neg 0.03994486056436107	false	0.5
undiszipliniert	neg 1.0		__DUMMY__ 0.9190112447858261 off 0.04384273841595708 neg 0.037146016798216816	false	0.5
kopfschmerz	neg 1.0		__DUMMY__ 0.9225232725563367 neg 0.0420318393567458 off 0.03544488808691752	false	1.0
unvorhergesehen	neg 1.0		__DUMMY__ 0.9298525908520128 neg 0.03697483261166914 off 0.033172576536318034	false	1.0
desinteressiert	neg 1.0	neg 1.0	neg 0.5046564273953928 __DUMMY__ 0.45571765805460795 off 0.03962591454999923	false	1.0
armselig	off 1.0		__DUMMY__ 0.9164859542055861 off 0.04468423693102917 neg 0.038829808863384774	false	1.0
desaster	neg 1.0		__DUMMY__ 0.9267528327281849 neg 0.04123722963488727 off 0.032009937636927874	false	1.0
tod	neg 1.0		__DUMMY__ 0.9269269324267279 neg 0.038232634562594195 off 0.03484043301067802	false	1.0
herzlos	neg 1.0		__DUMMY__ 0.9179071278755593 off 0.0444233532019436 neg 0.037669518922497064	false	0.5
unwissenheit	neg 1.0		__DUMMY__ 0.9231648552097478 neg 0.040915003482626215 off 0.035920141307625934	false	1.0
widersinnig	neg 1.0		__DUMMY__ 0.921267691905704 neg 0.04258310432563743 off 0.03614920376865859	false	1.0
bedenklich	neg 1.0		__DUMMY__ 0.923704919465111 neg 0.04108138037582188 off 0.03521370015906703	false	1.0
beanstanden	neg 1.0		__DUMMY__ 0.9260096274896776 neg 0.04090068185135859 off 0.033089690658963763	false	1.0
panisch	neg 1.0	neg 1.0	neg 0.5029381254431661 __DUMMY__ 0.46150921542298146 off 0.035552659133852464	false	1.0
debil	off 1.0		__DUMMY__ 0.9313911429500443 neg 0.0404201322595576 off 0.02818872479039813	false	0.5
abstrich	neg 1.0		__DUMMY__ 0.92926152027252 off 0.03549889664678957 neg 0.035239583080690424	false	0.5
primitiv	neg 1.0		__DUMMY__ 0.9179867218565457 off 0.04323218743853536 neg 0.038781090704919016	false	0.5
abschaum	off 1.0	off 1.0	off 0.5084201159993865 __DUMMY__ 0.4562322026079044 neg 0.03534768139270906	false	1.0
provozieren	neg 1.0		__DUMMY__ 0.9203899544508446 neg 0.0410038508257194 off 0.03860619472343603	false	1.0
tot	neg 1.0		__DUMMY__ 0.9250450685242884 neg 0.039963063048095944 off 0.03499186842761575	false	1.0
instabil	neg 1.0		__DUMMY__ 0.9170475977219018 off 0.04404019667409043 neg 0.038912205604007724	false	0.5
schwuchtel	off 1.0	off 1.0	off 0.5181009526433543 __DUMMY__ 0.4471824628713721 neg 0.03471658448527368	false	1.0
zerren	neg 1.0		__DUMMY__ 0.924424454577951 neg 0.03950640020518888 off 0.03606914521686012	false	1.0
kinderficker	off 1.0		__DUMMY__ 0.917142498609869 off 0.04675607029284076 neg 0.036101431097290276	false	1.0
gefahr	neg 1.0		__DUMMY__ 0.9273518670589079 neg 0.03969234439194757 off 0.032955788549144584	false	1.0
rabiat	neg 1.0		__DUMMY__ 0.9232641765073718 neg 0.03890824890164114 off 0.03782757459098706	false	1.0
verlangsamung	neg 1.0		__DUMMY__ 0.9118817301535046 off 0.048155763335246335 neg 0.03996250651124911	false	0.5
ausgestorben	neg 1.0		__DUMMY__ 0.9242141800768319 neg 0.038297747334101 off 0.03748807258906712	false	1.0
anklagen	neg 1.0		__DUMMY__ 0.92409000537645 neg 0.040521625129071016 off 0.03538836949447889	false	1.0
trott	neg 1.0		__DUMMY__ 0.9239169432026282 neg 0.03899705850615061 off 0.037085998291221216	false	1.0
verminderung	neg 1.0		__DUMMY__ 0.9195945053869612 off 0.042711673113349176 neg 0.03769382149968958	false	0.5
nach			__DUMMY__ 0.9330869360545515 neg 0.03729945298105084 off 0.0296136109643977	false	0.0
rost	neg 1.0		__DUMMY__ 0.9163859190984139 off 0.046770233653708554 neg 0.03684384724787755	false	0.5
destruktiv	neg 1.0		__DUMMY__ 0.9221573771799167 neg 0.040211515058560104 off 0.03763110776152318	false	1.0
unzumutbarkeit	neg 1.0		__DUMMY__ 0.9214927978271907 off 0.041802125581109184 neg 0.0367050765917001	false	0.5
labil	off 1.0	off 1.0	off 0.5078028140449778 __DUMMY__ 0.45706666655678385 neg 0.035130519398238344	false	1.0
ziemlich	neg 1.0		__DUMMY__ 0.9219079155271325 off 0.042215848393714506 neg 0.03587623607915311	false	0.5
lachnummer	off 1.0		__DUMMY__ 0.9212754364463742 neg 0.04035375975612538 off 0.03837080379750032	false	0.5
oder			__DUMMY__ 0.9244625303640014 off 0.03804784438928047 neg 0.037489625246718165	false	0.0
verfall	neg 1.0		__DUMMY__ 0.9286245324853984 neg 0.04139853060977097 off 0.029976936904830484	false	1.0
ausgrenzung	neg 1.0		__DUMMY__ 0.9218810847608712 off 0.03908935020672555 neg 0.03902956503240337	false	0.5
unordnung	neg 1.0		__DUMMY__ 0.9217614080643367 off 0.04369901847104091 neg 0.03453957346462235	false	0.5
fehlverhalten	neg 1.0		__DUMMY__ 0.9237247451845565 neg 0.04228178615309212 off 0.03399346866235137	false	1.0
eine			__DUMMY__ 0.9279969481525278 neg 0.03889304410488272 off 0.03311000774258948	false	0.0
nille	neg 1.0		__DUMMY__ 0.9243732823010228 neg 0.03834087202231484 off 0.037285845676662266	false	1.0
qual	neg 1.0		__DUMMY__ 0.9242443755601647 neg 0.038960911312807586 off 0.03679471312702768	false	1.0
verschwenden	neg 1.0		__DUMMY__ 0.9238929469975742 neg 0.04156715702356086 off 0.0345398959788649	false	1.0
riesig	neg 1.0		__DUMMY__ 0.9265884326160123 neg 0.0389278921792128 off 0.03448367520477491	false	1.0
verurteilen	neg 1.0		__DUMMY__ 0.9218727743236529 neg 0.04214795757947698 off 0.03597926809687017	false	1.0
klischee	neg 1.0	neg 1.0	neg 0.5063913146736656 __DUMMY__ 0.4564570800479241 off 0.03715160527841037	false	1.0
diktatorisch	neg 1.0		__DUMMY__ 0.9215635342950479 neg 0.03961370267556879 off 0.03882276302938335	false	1.0
vorhersehbar	neg 1.0		__DUMMY__ 0.9195336660425499 off 0.04044365653542421 neg 0.04002267742202579	false	0.5
sowie			__DUMMY__ 0.9149527417272777 off 0.04612561557574131 neg 0.03892164269698103	false	0.0
stornieren	neg 1.0		__DUMMY__ 0.9274367743312395 off 0.038758667370575886 neg 0.0338045582981847	false	0.5
besteuerung	neg 1.0		__DUMMY__ 0.9198104816506375 neg 0.04225786152173025 off 0.03793165682763223	false	1.0
ungeschminkt	neg 1.0		__DUMMY__ 0.9163382626012974 off 0.042569555219800485 neg 0.0410921821789022	false	0.5
kritisch	neg 1.0		__DUMMY__ 0.9243022395772127 neg 0.04063605800368924 off 0.03506170241909806	false	1.0
schlamperei	off 1.0		__DUMMY__ 0.9264818435847452 neg 0.039590177184171245 off 0.03392797923108367	false	0.5
sucht	neg 1.0	neg 1.0	neg 0.5004985129609016 __DUMMY__ 0.4656175304374781 off 0.03388395660162021	false	1.0
egoistisch	off 1.0		__DUMMY__ 0.9154453392832896 off 0.04680526457170113 neg 0.03774939614500923	false	1.0
ausbeuter	off 1.0		__DUMMY__ 0.9229683139125422 neg 0.043038142260000904 off 0.0339935438274569	false	0.5
arschgeburt	off 1.0		__DUMMY__ 0.9076105713991004 off 0.05323185758187081 neg 0.03915757101902887	false	1.0
schubs	neg 1.0		__DUMMY__ 0.9257000154292623 neg 0.03883040695383813 off 0.03546957761689958	false	1.0
unsolide	neg 1.0		__DUMMY__ 0.9200093125324003 neg 0.04073832916143614 off 0.03925235830616351	false	1.0
beschwerde	neg 1.0		__DUMMY__ 0.9240371750682984 neg 0.041404674161654456 off 0.03455815077004711	false	1.0
stocken	neg 1.0		__DUMMY__ 0.9255552089292535 neg 0.04031576336357371 off 0.03412902770717279	false	1.0
isolieren	neg 1.0		__DUMMY__ 0.9243740835361395 neg 0.040288273884221834 off 0.03533764257963873	false	1.0
unheilbar	neg 1.0		__DUMMY__ 0.9231314586216488 neg 0.03883989792130527 off 0.038028643457045846	false	1.0
pisser	off 1.0		__DUMMY__ 0.9161041686639326 off 0.04423965511137318 neg 0.03965617622469422	false	1.0
löschen	neg 1.0		__DUMMY__ 0.9237665612621694 neg 0.038810335461457054 off 0.037423103276373534	false	1.0
durchfallen	neg 1.0		__DUMMY__ 0.9227973182707749 neg 0.04168809710318652 off 0.035514584626038584	false	1.0
wichser	off 1.0	off 1.0	off 0.5158773874036062 __DUMMY__ 0.4505755302035949 neg 0.03354708239279884	false	1.0
terror	neg 1.0		__DUMMY__ 0.9228155155749559 off 0.039713046252099184 neg 0.03747143817294491	false	0.5
krass	neg 1.0		__DUMMY__ 0.9179661489657359 off 0.04462652727547709 neg 0.03740732375878694	false	0.5
revolte	neg 1.0		__DUMMY__ 0.9216821202495766 off 0.039385326666165316 neg 0.03893255308425816	false	0.5
besorgt	neg 1.0		__DUMMY__ 0.9278540151638884 neg 0.03610531142907869 off 0.0360406734070329	false	1.0
nachlassen	neg 1.0		__DUMMY__ 0.9268107090965658 neg 0.039524903030594874 off 0.0336643878728393	false	1.0
alt	neg 1.0		__DUMMY__ 0.9240259680108172 neg 0.040986125452396834 off 0.03498790653678597	false	1.0
hundesohn	off 1.0		__DUMMY__ 0.9116550173941916 off 0.050425269309282615 neg 0.037919713296525756	false	1.0
als			__DUMMY__ 0.9253553185708865 neg 0.038671717617618555 off 0.035972963811495	false	0.0
abschreckung	neg 1.0		__DUMMY__ 0.925867212958669 neg 0.04114996025460165 off 0.0329828267867293	false	1.0
unqualifiziert	neg 1.0		__DUMMY__ 0.9190175230495924 off 0.04120515886993126 neg 0.03977731808047631	false	0.5
abgewichst	off 1.0		__DUMMY__ 0.9254815273987174 neg 0.03793887287819226 off 0.03657959972309037	false	0.5
schwer	neg 1.0		__DUMMY__ 0.9229322672804489 neg 0.03980091708001767 off 0.03726681563953349	false	1.0
bedeutungslosigkeit	neg 1.0		__DUMMY__ 0.9251994930091606 neg 0.04098410305021861 off 0.0338164039406208	false	1.0
kapitulation	neg 1.0		__DUMMY__ 0.9250116102755862 neg 0.04018727685625907 off 0.03480111286815467	false	1.0
unscharf	neg 1.0		__DUMMY__ 0.9209820385273736 neg 0.04002599510553053 off 0.03899196636709586	false	1.0
schwinden	neg 1.0		__DUMMY__ 0.9251693162160801 neg 0.04136174727292423 off 0.03346893651099564	false	1.0
versklavung	neg 1.0		__DUMMY__ 0.9223027977052861 neg 0.03933922522629935 off 0.03835797706841447	false	1.0
schlecht	neg 1.0		__DUMMY__ 0.9215556103232139 off 0.04243715012815408 neg 0.03600723954863203	false	0.5
verhasst	neg 1.0		__DUMMY__ 0.9191425095762267 neg 0.04176281191040378 off 0.039094678513369494	false	1.0
beschweren	neg 1.0		__DUMMY__ 0.9222663691406836 off 0.03930407364695763 neg 0.038429557212358745	false	0.5
scheiden	neg 1.0		__DUMMY__ 0.9259556929621838 neg 0.0370637056174399 off 0.036980601420376395	false	1.0
frustriert	neg 1.0		__DUMMY__ 0.9227014384345232 neg 0.04064475709387484 off 0.0366538044716019	false	1.0
schimmelig	neg 1.0		__DUMMY__ 0.9215255163253594 neg 0.04373637398432747 off 0.03473810969031312	false	1.0
fisch	neg 1.0		__DUMMY__ 0.9248544791204497 neg 0.04287331240513058 off 0.03227220847441971	false	1.0
schmuggel	neg 1.0		__DUMMY__ 0.9255499286325084 neg 0.040433200463915964 off 0.034016870903575636	false	1.0
auffallen	neg 1.0		__DUMMY__ 0.9220320221668629 off 0.03988043393992456 neg 0.03808754389321253	false	0.5
konkurrenz	neg 1.0		__DUMMY__ 0.9259649728373048 neg 0.04132024043651266 off 0.03271478672618243	false	1.0
teufelskreis	neg 1.0	neg 1.0	neg 0.507957653505235 __DUMMY__ 0.4578574887729546 off 0.034184857721810506	false	1.0
aufschreien	neg 1.0		__DUMMY__ 0.9203366403046481 off 0.04002799300008325 neg 0.03963536669526859	false	0.5
schuldner	neg 1.0		__DUMMY__ 0.9234422849849571 neg 0.04326999491725626 off 0.03328772009778671	false	1.0
missgeburt	off 1.0	off 1.0	off 0.5130623618340644 __DUMMY__ 0.4511135186858642 neg 0.035824119480071456	false	1.0
arbeitslos	neg 1.0		__DUMMY__ 0.9228249785621272 neg 0.041286354490217884 off 0.035888666947654926	false	1.0
befallen	neg 1.0		__DUMMY__ 0.92136251869735 neg 0.042180903035383195 off 0.036456578267266754	false	1.0
miesepetrig	off 1.0	off 1.0	off 0.50787280113817 __DUMMY__ 0.458172063803114 neg 0.03395513505871601	false	1.0
alarmieren	neg 1.0		__DUMMY__ 0.9188550480046624 off 0.041467701104625145 neg 0.039677250890712314	false	0.5
ungeduscht	off 1.0		__DUMMY__ 0.9193415176549399 off 0.04049261850654932 neg 0.04016586383851085	false	1.0
knappheit	neg 1.0		__DUMMY__ 0.9216650623459044 neg 0.04301657651892047 off 0.03531836113517515	false	1.0
schlange	neg 1.0		__DUMMY__ 0.9256263056337054 off 0.038566858093487755 neg 0.03580683627280684	false	0.5
harsch	neg 1.0		__DUMMY__ 0.9192637274585717 off 0.04561810140268695 neg 0.0351181711387414	false	0.5
lang	neg 1.0		__DUMMY__ 0.9237052298461823 neg 0.0381796666923918 off 0.03811510346142591	false	1.0
ziellos	neg 1.0		__DUMMY__ 0.9264749914006605 neg 0.03854549166006298 off 0.03497951693927657	false	1.0
selbstverliebt	neg 1.0		__DUMMY__ 0.9109157712594321 off 0.051118339076027725 neg 0.03796588966454012	false	0.5
beseitigen	neg 1.0		__DUMMY__ 0.9245498281065312 neg 0.0392181904073944 off 0.03623198148607433	false	1.0
dumm	off 1.0		__DUMMY__ 0.9160232191205753 off 0.047211888827252774 neg 0.03676489205217201	false	1.0
arbeitsloser	neg 1.0		__DUMMY__ 0.9257546105488963 neg 0.038339893492670134 off 0.03590549595843358	false	1.0
blitzen	neg 1.0		__DUMMY__ 0.9225486936120103 off 0.04012121860377739 neg 0.03733008778421238	false	0.5
hilflos	neg 1.0		__DUMMY__ 0.9230916498782265 neg 0.040710767213902974 off 0.03619758290787062	false	1.0
eklig	off 1.0		__DUMMY__ 0.9130816013604701 off 0.04770798732228485 neg 0.03921041131724512	false	1.0
begriff			__DUMMY__ 0.9238207015087665 neg 0.03898664031595893 off 0.03719265817527454	false	0.0
hungersnot	neg 1.0		__DUMMY__ 0.9242361458214338 neg 0.04014732897654314 off 0.03561652520202299	false	1.0
ungesetzlich	neg 1.0		__DUMMY__ 0.919932837908216 neg 0.04128633041386506 off 0.03878083167791891	false	1.0
verschwendung	neg 1.0		__DUMMY__ 0.9250277449264365 neg 0.040733437354414974 off 0.034238817719148565	false	1.0
schmerzvoll	neg 1.0		__DUMMY__ 0.9217881385651016 neg 0.039232102990911226 off 0.03897975844398724	false	1.0
vorzeitig	neg 1.0		__DUMMY__ 0.9208438318908359 off 0.039725594346399454 neg 0.03943057376276464	false	0.5
unvollkommenheit	neg 1.0		__DUMMY__ 0.9286429233624106 neg 0.03646835331692518 off 0.03488872332066428	false	1.0
intervenieren	neg 1.0		__DUMMY__ 0.924186810997981 neg 0.041521930362789145 off 0.03429125863922998	false	1.0
banause	off 1.0		__DUMMY__ 0.9105026034097674 off 0.04984067485109362 neg 0.03965672173913897	false	1.0
rebell	neg 1.0		__DUMMY__ 0.9276460602660803 neg 0.04155725552280793 off 0.030796684211111713	false	1.0
unlogisch	neg 1.0		__DUMMY__ 0.9174621342304794 off 0.04431801041157904 neg 0.03821985535794163	false	0.5
leiden	neg 1.0		__DUMMY__ 0.9283846965119565 neg 0.03881498829439134 off 0.03280031519365213	false	1.0
abschaffung	neg 1.0		__DUMMY__ 0.9231631852566853 neg 0.03898112329780477 off 0.03785569144550987	false	1.0
sturz	neg 1.0		__DUMMY__ 0.9247594935123662 neg 0.037704659856405316 off 0.037535846631228546	false	1.0
verkleinerung	neg 1.0		__DUMMY__ 0.9195542077059902 neg 0.04029229659327096 off 0.040153495700738895	false	1.0
schmarotzer	off 1.0		__DUMMY__ 0.9219037738194029 neg 0.04152175378325965 off 0.03657447239733736	false	0.5
bestrafung	neg 1.0		__DUMMY__ 0.9224538300015309 neg 0.038998362175435605 off 0.03854780782303357	false	1.0
achtlos	neg 1.0	neg 1.0	neg 0.5055076016715883 __DUMMY__ 0.4608323235298133 off 0.03366007479859849	false	1.0
ungeheuer	neg 1.0		__DUMMY__ 0.9227568034441607 off 0.03934496952502145 neg 0.037898227030817785	false	0.5
