unsolidarisch	neg 1.0		__DUMMY__ 0.4574153277874074 neg 0.28015304001313873 off 0.2624316321994538	false	1.0
nachteilig	neg 1.0		__DUMMY__ 0.4613822576635491 neg 0.28017096379681855 off 0.2584467785396324	false	1.0
skeptisch	neg 1.0		__DUMMY__ 0.46181705154667996 neg 0.2802656337702173 off 0.2579173146831028	false	1.0
schrecklich	neg 1.0		__DUMMY__ 0.45569208821305096 off 0.2746380954201345 neg 0.26966981636681453	false	0.5
schlapp	neg 1.0		__DUMMY__ 0.4578263886188949 neg 0.2720172518626167 off 0.27015635951848843	false	1.0
abfall	neg 1.0		__DUMMY__ 0.4641016442793217 neg 0.28180086986731356 off 0.2540974858533647	false	1.0
widerspenstig	neg 1.0		__DUMMY__ 0.45990894234612223 neg 0.27610438297821777 off 0.26398667467566006	false	1.0
abrupt	neg 1.0		__DUMMY__ 0.4623826680069935 neg 0.2786261539594896 off 0.25899117803351673	false	1.0
unwirksam	neg 1.0		__DUMMY__ 0.456829453069876 neg 0.2809696840281331 off 0.26220086290199085	false	1.0
angreifen	neg 1.0		__DUMMY__ 0.4606525605576688 neg 0.28206187275855044 off 0.2572855666837807	false	1.0
inkonsistent	neg 1.0		__DUMMY__ 0.4572835973443166 neg 0.2789006428497218 off 0.26381575980596145	false	1.0
abrutschen	neg 1.0		__DUMMY__ 0.46278898223218484 neg 0.28298172835191104 off 0.25422928941590406	false	1.0
unsicher	neg 1.0		__DUMMY__ 0.46119787280642205 neg 0.2746997963788274 off 0.26410233081475054	false	1.0
bauernkind	off 1.0	off 1.0	off 0.6248864053847446 __DUMMY__ 0.21666816361993785 neg 0.15844543099531755	false	1.0
angreifer	neg 1.0	neg 1.0	neg 0.6258176368039752 __DUMMY__ 0.22319882031343358 off 0.15098354288259117	false	1.0
trennen	neg 1.0		__DUMMY__ 0.46338883253793944 neg 0.2786045364122428 off 0.2580066310498177	false	1.0
schmutz	neg 1.0		__DUMMY__ 0.46113303414174445 neg 0.2727997316387966 off 0.26606723421945894	false	1.0
inkonsistenz	neg 1.0		__DUMMY__ 0.4540113347861305 neg 0.27742579586189053 off 0.2685628693519791	false	1.0
erschreckend	neg 1.0		__DUMMY__ 0.45936420089689584 neg 0.27815816397046234 off 0.26247763513264194	false	1.0
ertrinken	neg 1.0		__DUMMY__ 0.46087024489513806 neg 0.28123181719419 off 0.2578979379106719	false	1.0
pickelface	off 1.0		__DUMMY__ 0.46038041393444257 neg 0.2770626186109768 off 0.2625569674545808	false	0.5
seiner			__DUMMY__ 0.46188755462067704 neg 0.27978652361681594 off 0.25832592176250696	false	0.0
lauch	neg 1.0		__DUMMY__ 0.46348490990173385 neg 0.2814188057511814 off 0.25509628434708476	false	1.0
unwichtig	neg 1.0		__DUMMY__ 0.4564870047962081 neg 0.2744741797690849 off 0.2690388154347072	false	1.0
steuerhinterziehung	neg 1.0	neg 1.0	neg 0.6293542953255439 __DUMMY__ 0.22298301171331916 off 0.14766269296113693	false	1.0
schock	neg 1.0		__DUMMY__ 0.4603008476390675 neg 0.2771602591271852 off 0.2625388932337472	false	1.0
beule	neg 1.0		__DUMMY__ 0.45591244496026534 neg 0.27346209023995055 off 0.2706254647997842	false	1.0
vergelten	neg 1.0		__DUMMY__ 0.4581656711173198 off 0.2739156741016401 neg 0.26791865478104016	false	0.5
verdorbenheit	neg 1.0		__DUMMY__ 0.4623725244472645 neg 0.27214018628836967 off 0.265487289264366	false	1.0
trauma	neg 1.0		__DUMMY__ 0.45927257927259674 neg 0.2760541375291683 off 0.2646732831982352	false	1.0
sinnlos	neg 1.0		__DUMMY__ 0.45882933883226024 neg 0.2749062253454164 off 0.2662644358223234	false	1.0
fettsack	off 1.0	off 1.0	off 0.6261047528185641 __DUMMY__ 0.2176303614385164 neg 0.15626488574291938	false	1.0
feige	off 1.0	off 1.0	off 0.622741779799471 __DUMMY__ 0.22018147358905896 neg 0.15707674661147003	false	1.0
abdanken	neg 1.0		__DUMMY__ 0.45937932324343844 neg 0.27815804318077175 off 0.2624626335757898	false	1.0
wichtigtuer	off 1.0	off 1.0	off 0.621376124796045 __DUMMY__ 0.221532664559532 neg 0.15709121064442297	false	1.0
misslingen	neg 1.0		__DUMMY__ 0.46474631363105967 neg 0.26899000198342077 off 0.2662636843855195	false	1.0
untreu	off 1.0		__DUMMY__ 0.45662753581734306 neg 0.27362298435697957 off 0.2697494798256775	false	0.5
missmutig	neg 1.0		__DUMMY__ 0.4578638392171065 neg 0.2728673495720191 off 0.2692688112108744	false	1.0
hurenbock	off 1.0		__DUMMY__ 0.45960923266778664 neg 0.2743653055416625 off 0.2660254617905508	false	0.5
betrunken	neg 1.0		__DUMMY__ 0.45673313596772513 off 0.27198931666421233 neg 0.27127754736806264	false	0.5
korrupt	off 1.0		__DUMMY__ 0.4578609098389916 neg 0.28257080486944713 off 0.2595682852915612	false	0.5
unmut	neg 1.0		__DUMMY__ 0.46349173616531064 neg 0.281845458889322 off 0.2546628049453674	false	1.0
hackfresse	off 1.0		__DUMMY__ 0.4527335994054566 off 0.2782782694526444 neg 0.26898813114189907	false	1.0
aufblasen	neg 1.0		__DUMMY__ 0.4594480203289527 neg 0.27460510654016024 off 0.26594687313088694	false	1.0
gewaltsam	neg 1.0		__DUMMY__ 0.46052850672511 neg 0.2776527401055568 off 0.2618187531693331	false	1.0
unbeliebtheit	neg 1.0		__DUMMY__ 0.4549866666328706 neg 0.27792386922759243 off 0.2670894641395369	false	1.0
sturheit	neg 1.0		__DUMMY__ 0.459026470380342 neg 0.2794935006381308 off 0.2614800289815273	false	1.0
kuh	neg 1.0		__DUMMY__ 0.45458685837802837 neg 0.28052580523701437 off 0.2648873363849571	false	1.0
erschrecken	neg 1.0		__DUMMY__ 0.4584392856023896 neg 0.27248877342398586 off 0.2690719409736244	false	1.0
opfer	neg 1.0		__DUMMY__ 0.46124115881631084 neg 0.2792518049198375 off 0.25950703626385174	false	1.0
sinken	neg 1.0		__DUMMY__ 0.4629526227410781 neg 0.28187750220720703 off 0.25516987505171485	false	1.0
stinktier	neg 1.0		__DUMMY__ 0.4495569432695525 neg 0.2773608032441763 off 0.2730822534862713	false	1.0
tucke	off 1.0		__DUMMY__ 0.450106777234043 off 0.278662273924365 neg 0.271230948841592	false	1.0
ein			__DUMMY__ 0.45943325365143556 neg 0.27566763575195746 off 0.2648991105966071	false	0.0
abstieg	neg 1.0		__DUMMY__ 0.4610943757104136 neg 0.2809920531902257 off 0.25791357109936075	false	1.0
missverstehen	neg 1.0		__DUMMY__ 0.4568622333622295 neg 0.2764987454831062 off 0.2666390211546643	false	1.0
ergebnislos	neg 1.0		__DUMMY__ 0.4625145644776294 neg 0.2793108314336507 off 0.25817460408871984	false	1.0
unter			__DUMMY__ 0.4680174956110876 neg 0.28192572892181755 off 0.25005677546709487	false	0.0
manipulieren	neg 1.0		__DUMMY__ 0.46215318943871486 neg 0.2803819112554575 off 0.2574648993058276	false	1.0
unbewiesen	neg 1.0		__DUMMY__ 0.4567362494908988 neg 0.281151254822541 off 0.26211249568656025	false	1.0
verschleppen	neg 1.0		__DUMMY__ 0.4600099571289168 neg 0.2806198912860135 off 0.25937015158506976	false	1.0
weib	off 1.0		__DUMMY__ 0.44872700642738855 off 0.27753129687279776 neg 0.2737416966998136	false	1.0
opposition	neg 1.0		__DUMMY__ 0.4577041797912267 neg 0.2774273645524942 off 0.2648684556562791	false	1.0
verkehrswidrig	neg 1.0		__DUMMY__ 0.4587007818672371 off 0.2755662234872259 neg 0.26573299464553685	false	0.5
inkorrekt	neg 1.0		__DUMMY__ 0.45385874172841095 neg 0.2732128105304343 off 0.2729284477411548	false	1.0
vermeiden	neg 1.0	neg 1.0	neg 0.6293297642756406 __DUMMY__ 0.22665428269338384 off 0.1440159530309756	false	1.0
abweichung	neg 1.0		__DUMMY__ 0.4614903660592604 neg 0.27899574152709594 off 0.2595138924136437	false	1.0
alkoholisiert	neg 1.0		__DUMMY__ 0.4634555460157474 neg 0.277464484319607 off 0.2590799696646455	false	1.0
scheiss	off 1.0	off 1.0	off 0.6234693356734466 __DUMMY__ 0.22101409613811476 neg 0.15551656818843854	false	1.0
herausforderung	neg 1.0		__DUMMY__ 0.4626415718362185 neg 0.27922772690766745 off 0.25813070125611404	false	1.0
pervers	off 1.0		__DUMMY__ 0.45011076300481284 off 0.2817866189053038 neg 0.2681026180898833	false	1.0
wackelig	neg 1.0		__DUMMY__ 0.46364895391203004 neg 0.27383490526460663 off 0.2625161408233632	false	1.0
verwickeln	neg 1.0		__DUMMY__ 0.45709871228345345 neg 0.27691723472799273 off 0.2659840529885538	false	1.0
vorwand	neg 1.0		__DUMMY__ 0.4616337156262494 neg 0.28124197628853015 off 0.25712430808522047	false	1.0
muschi	off 1.0		__DUMMY__ 0.4602796861917527 neg 0.2770085757861771 off 0.26271173802207015	false	0.5
entmutigung	neg 1.0		__DUMMY__ 0.45820598206935576 neg 0.27728519507601185 off 0.26450882285463234	false	1.0
unangemessen	neg 1.0		__DUMMY__ 0.45860861219319254 neg 0.280336110561006 off 0.26105527724580146	false	1.0
unstetig	neg 1.0		__DUMMY__ 0.459249366582209 neg 0.27375524203668794 off 0.26699539138110295	false	1.0
entmutigen	neg 1.0		__DUMMY__ 0.45918050831535356 neg 0.27614603606743116 off 0.26467345561721534	false	1.0
schwanz	neg 1.0		__DUMMY__ 0.46118753104711807 neg 0.2791024225517131 off 0.2597100464011689	false	1.0
verbot	neg 1.0		__DUMMY__ 0.45987555142950143 neg 0.2803172399449645 off 0.25980720862553397	false	1.0
leid	neg 1.0		__DUMMY__ 0.4535217115814343 off 0.2759479382911279 neg 0.27053035012743776	false	0.5
archaisch	neg 1.0		__DUMMY__ 0.4597203943390196 neg 0.2784904233542383 off 0.2617891823067421	false	1.0
gegen			__DUMMY__ 0.46338113859871544 neg 0.281110447496727 off 0.2555084139045574	false	0.0
scheidung	neg 1.0		__DUMMY__ 0.4513606720854826 off 0.2877280859081125 neg 0.2609112420064049	false	0.5
einschlag	neg 1.0		__DUMMY__ 0.45578620899876887 off 0.272910788561973 neg 0.27130300243925815	false	0.5
m			__DUMMY__ 0.4618146999365424 neg 0.276878113413573 off 0.2613071866498845	false	0.0
abgestanden	neg 1.0		__DUMMY__ 0.45821882574918277 neg 0.2779094280615073 off 0.2638717461893101	false	1.0
schmierig	off 1.0		__DUMMY__ 0.45466868877937944 off 0.2753741294235426 neg 0.269957181797078	false	1.0
unpraktisch	neg 1.0		__DUMMY__ 0.4594922646552911 neg 0.27484484706299517 off 0.26566288828171375	false	1.0
wixxer	off 1.0		__DUMMY__ 0.44855004120617326 off 0.2813978511586522 neg 0.27005210763517445	false	1.0
bezeichnet			__DUMMY__ 0.4576314275476725 neg 0.27945996425030895 off 0.26290860820201867	false	0.0
jammerlappen	off 1.0		__DUMMY__ 0.4579791691516839 neg 0.27234911754099494 off 0.26967171330732126	false	0.5
farce	neg 1.0		__DUMMY__ 0.45853174529993557 neg 0.28087706448767547 off 0.260591190212389	false	1.0
zwecklos	neg 1.0		__DUMMY__ 0.45916789124817003 neg 0.28005375588924286 off 0.26077835286258727	false	1.0
turbulent	neg 1.0		__DUMMY__ 0.45428519615373353 neg 0.27568122976674936 off 0.2700335740795171	false	1.0
invasion	neg 1.0		__DUMMY__ 0.458624012462695 neg 0.2754532061905745 off 0.2659227813467305	false	1.0
schuld	neg 1.0		__DUMMY__ 0.4578655934600376 neg 0.277731000664498 off 0.2644034058754644	false	1.0
risiko	neg 1.0	neg 1.0	neg 0.6255603936225536 __DUMMY__ 0.22376772460188257 off 0.15067188177556384	false	1.0
finster	neg 1.0		__DUMMY__ 0.45769157096491003 neg 0.2776511227483791 off 0.2646573062867108	false	1.0
geisteskrank	off 1.0		__DUMMY__ 0.4540439920019331 neg 0.2754058296559837 off 0.27055017834208306	false	0.5
zusammenbrechen	neg 1.0		__DUMMY__ 0.4605549463586488 neg 0.2779495985875607 off 0.2614954550537905	false	1.0
ausbeute	neg 1.0		__DUMMY__ 0.46762190518050295 neg 0.27023079017549895 off 0.26214730464399816	false	1.0
hinterhalt	neg 1.0		__DUMMY__ 0.46413625530365465 neg 0.27287911629274075 off 0.26298462840360465	false	1.0
kritik	neg 1.0		__DUMMY__ 0.4583231833004168 neg 0.2814372521073605 off 0.2602395645922227	false	1.0
einschrumpfen	neg 1.0		__DUMMY__ 0.4564526875742654 neg 0.27579425962202836 off 0.26775305280370626	false	1.0
riskant	neg 1.0		__DUMMY__ 0.4606229536730584 neg 0.28119296343933453 off 0.258184082887607	false	1.0
frustrieren	neg 1.0		__DUMMY__ 0.46075086105041074 neg 0.27980499769522327 off 0.25944414125436605	false	1.0
groll	neg 1.0		__DUMMY__ 0.4591837064167124 neg 0.2806690503250154 off 0.26014724325827226	false	1.0
gibt			__DUMMY__ 0.46109712314085577 neg 0.2770649739294122 off 0.26183790292973186	false	0.0
qualvoll	neg 1.0		__DUMMY__ 0.45827441874278807 neg 0.27449575222809885 off 0.267229829029113	false	1.0
wackeln	neg 1.0		__DUMMY__ 0.4607672215358038 neg 0.2740738363988829 off 0.26515894206531326	false	1.0
klagen	neg 1.0		__DUMMY__ 0.46235980116175734 neg 0.2824473394440771 off 0.2551928593941655	false	1.0
bankrott	neg 1.0		__DUMMY__ 0.45898079882175125 neg 0.2718259672245231 off 0.2691932339537256	false	1.0
trauern	neg 1.0		__DUMMY__ 0.46236162965280175 neg 0.2783331437626881 off 0.25930522658451016	false	1.0
ablehnung	neg 1.0		__DUMMY__ 0.4589979543519819 neg 0.2808050266580244 off 0.26019701898999376	false	1.0
stur	neg 1.0		__DUMMY__ 0.45812060167779467 neg 0.27711017801956406 off 0.2647692203026412	false	1.0
aufruhr	neg 1.0		__DUMMY__ 0.45973471207880795 neg 0.2782398033195461 off 0.262025484601646	false	1.0
melancholie	neg 1.0		__DUMMY__ 0.4607328089423 neg 0.27948612665141814 off 0.25978106440628174	false	1.0
ist			__DUMMY__ 0.45902481814466967 neg 0.27495020479069976 off 0.26602497706463046	false	0.0
torheit	neg 1.0		__DUMMY__ 0.4591206793594182 neg 0.2770924306534926 off 0.26378688998708916	false	1.0
dreckskind	off 1.0		__DUMMY__ 0.4506861954509689 off 0.27603668027329714 neg 0.27327712427573386	false	1.0
umtauschen	neg 1.0		__DUMMY__ 0.46050733390616866 neg 0.27595605289623604 off 0.26353661319759525	false	1.0
zum			__DUMMY__ 0.46798825445850073 neg 0.27760726349493464 off 0.2544044820465647	false	0.0
zersetzen	neg 1.0		__DUMMY__ 0.4604797704667538 neg 0.28250414540382274 off 0.25701608412942345	false	1.0
zur			__DUMMY__ 0.46648007999610364 neg 0.28056880691894487 off 0.25295111308495133	false	0.0
frust	neg 1.0		__DUMMY__ 0.46070915187191186 neg 0.27777539232559856 off 0.26151545580248947	false	1.0
unerbittlichkeit	neg 1.0		__DUMMY__ 0.4611827156388542 neg 0.28157583967263194 off 0.25724144468851373	false	1.0
zwei			__DUMMY__ 0.46709184034978746 neg 0.27736777164768356 off 0.25554038800252904	false	0.0
unkorrekt	neg 1.0		__DUMMY__ 0.45575729230760603 off 0.2732243253497671 neg 0.27101838234262676	false	0.5
hexe	off 1.0		__DUMMY__ 0.4534729606524634 neg 0.2784262985512609 off 0.26810074079627566	false	0.5
lasch	neg 1.0		__DUMMY__ 0.4560821022327698 neg 0.2763541639557815 off 0.26756373381144866	false	1.0
rivale	neg 1.0		__DUMMY__ 0.45536080151573866 neg 0.272917083995779 off 0.27172211448848227	false	1.0
mutlos	off 1.0	off 1.0	off 0.6166371422175976 __DUMMY__ 0.223138744586762 neg 0.16022411319564042	false	1.0
wirr	off 1.0		__DUMMY__ 0.4533145663633216 neg 0.2734457015272226 off 0.27323973210945574	false	0.5
jahr			__DUMMY__ 0.46848102784025725 neg 0.27200556039604357 off 0.2595134117636992	false	0.0
wird			__DUMMY__ 0.46089089671185035 neg 0.27889531322592404 off 0.2602137900622256	false	0.0
strafbar	neg 1.0		__DUMMY__ 0.4610375332434881 neg 0.2799808952249375 off 0.2589815715315743	false	1.0
erosion	neg 1.0		__DUMMY__ 0.46120857604494064 neg 0.2745262605416096 off 0.26426516341344974	false	1.0
eingehen	neg 1.0		__DUMMY__ 0.4603950661336822 neg 0.28062885054353753 off 0.25897608332278027	false	1.0
faul	off 1.0		__DUMMY__ 0.45851160965737536 neg 0.27250718005431945 off 0.26898121028830513	false	0.5
provisorium	neg 1.0		__DUMMY__ 0.46940643286579475 neg 0.2791454052350112 off 0.25144816189919406	false	1.0
schmerzen	neg 1.0		__DUMMY__ 0.4588267805443362 neg 0.2792933286255217 off 0.2618798908301422	false	1.0
schrumpfen	neg 1.0		__DUMMY__ 0.46349733414481487 neg 0.2842872632502577 off 0.2522154026049275	false	1.0
geistlos	off 1.0		__DUMMY__ 0.45573226753285045 neg 0.27843741603227656 off 0.26583031643487304	false	0.5
fehlkauf	neg 1.0		__DUMMY__ 0.45874823725654246 neg 0.27556137340765824 off 0.26569038933579914	false	1.0
frustrierend	neg 1.0		__DUMMY__ 0.45815978279959946 neg 0.27341498321291324 off 0.2684252339874872	false	1.0
unzufrieden	neg 1.0		__DUMMY__ 0.4595087764247204 neg 0.2799710908773469 off 0.26052013269793284	false	1.0
verzweifeln	neg 1.0		__DUMMY__ 0.4598619512327678 neg 0.2777391163798694 off 0.2623989323873628	false	1.0
verzweifelt	neg 1.0	neg 1.0	neg 0.6283872635789955 __DUMMY__ 0.22153128388217413 off 0.1500814525388304	false	1.0
misstrauensantrag	neg 1.0		__DUMMY__ 0.4587131038918942 neg 0.27513572292473754 off 0.2661511731833683	false	1.0
abfallen	neg 1.0		__DUMMY__ 0.4606481672720305 neg 0.27415354382299856 off 0.26519828890497094	false	1.0
fucker	off 1.0		__DUMMY__ 0.45629084991597685 off 0.27283767658411767 neg 0.27087147349990554	false	1.0
ungezogen	neg 1.0		__DUMMY__ 0.4506699596772133 off 0.2807744956242164 neg 0.2685555446985703	false	0.5
irrsinnig	neg 1.0	neg 1.0	neg 0.6277438384299712 __DUMMY__ 0.2219965895668268 off 0.15025957200320192	false	1.0
unfassbar	neg 1.0		__DUMMY__ 0.4573939695515903 neg 0.2715775510884369 off 0.27102847935997293	false	1.0
hart	neg 1.0		__DUMMY__ 0.456365276866567 neg 0.273694325777499 off 0.26994039735593395	false	1.0
widerlich	off 1.0		__DUMMY__ 0.4551736261693276 neg 0.27382300429151635 off 0.271003369539156	false	0.5
fatal	neg 1.0		__DUMMY__ 0.4584877595280364 neg 0.275228193712613 off 0.2662840467593507	false	1.0
bruch	neg 1.0		__DUMMY__ 0.46260765448601926 neg 0.2816496004621791 off 0.2557427450518016	false	1.0
aushungern	neg 1.0		__DUMMY__ 0.46051562574503596 neg 0.27824252819697654 off 0.2612418460579876	false	1.0
anspannung	neg 1.0		__DUMMY__ 0.4660536106750579 neg 0.2803338844812125 off 0.2536125048437296	false	1.0
von			__DUMMY__ 0.4694244662185515 neg 0.27069161335777364 off 0.25988392042367486	false	0.0
kraftlos	neg 1.0		__DUMMY__ 0.46124486604654646 neg 0.2777161201151213 off 0.2610390138383323	false	1.0
vom			__DUMMY__ 0.4698205049328158 neg 0.2779806820864623 off 0.2521988129807219	false	0.0
grenzdebil	off 1.0		__DUMMY__ 0.4572663143142288 off 0.2714323782042661 neg 0.27130130748150505	false	1.0
vor			__DUMMY__ 0.4640252908340038 neg 0.2787721025526288 off 0.25720260661336736	false	0.0
unterwerfen	neg 1.0		__DUMMY__ 0.46069222239010615 neg 0.2800990099073639 off 0.25920876770253	false	1.0
versenkung	neg 1.0		__DUMMY__ 0.4626402695040318 neg 0.27721245315248166 off 0.26014727734348647	false	1.0
entziehen	neg 1.0		__DUMMY__ 0.462677748259085 neg 0.28127512568645074 off 0.2560471260544641	false	1.0
finanzkrise	neg 1.0		__DUMMY__ 0.4574892233258769 neg 0.28143175996977793 off 0.2610790167043452	false	1.0
schimpfend	neg 1.0		__DUMMY__ 0.4586291380281053 neg 0.27548934718017853 off 0.2658815147917163	false	1.0
profan	neg 1.0		__DUMMY__ 0.45776311803087805 neg 0.27561648756115953 off 0.2666203944079625	false	1.0
korruption	neg 1.0		__DUMMY__ 0.45954743765609185 neg 0.28112126776104895 off 0.25933129458285925	false	1.0
â			__DUMMY__ 0.46233400670378594 neg 0.2768606236991889 off 0.2608053695970251	false	0.0
schmutzig	neg 1.0		__DUMMY__ 0.4572211793997195 off 0.2719604240547707 neg 0.2708183965455097	false	0.5
sexy	neg 1.0		__DUMMY__ 0.45885944286113484 neg 0.27288450511987444 off 0.2682560520189907	false	1.0
abraten	neg 1.0		__DUMMY__ 0.4596896322069422 neg 0.2737723089528715 off 0.26653805884018617	false	1.0
schwarz	neg 1.0		__DUMMY__ 0.45861443709844624 neg 0.2759986491943485 off 0.26538691370720524	false	1.0
fotze	off 1.0	off 1.0	off 0.6183153594951102 __DUMMY__ 0.2239206148129278 neg 0.1577640256919621	false	1.0
verwirren	neg 1.0		__DUMMY__ 0.4579820551504749 neg 0.2747241768394055 off 0.2672937680101196	false	1.0
zahnlos	off 1.0		__DUMMY__ 0.459496781129833 neg 0.2789438087482263 off 0.2615594101219407	false	0.5
verheeren	neg 1.0		__DUMMY__ 0.4505424106810276 off 0.2822625478087425 neg 0.26719504151022994	false	0.5
hippie	neg 1.0		__DUMMY__ 0.4587792138102731 neg 0.27348005434855266 off 0.2677407318411742	false	1.0
rammen	neg 1.0		__DUMMY__ 0.4556853850090463 neg 0.2804746870693389 off 0.26383992792161476	false	1.0
unlauter	neg 1.0		__DUMMY__ 0.45717933113584286 neg 0.2788808907664915 off 0.2639397780976656	false	1.0
unheilvoll	neg 1.0		__DUMMY__ 0.4584798840374534 neg 0.2759141109015113 off 0.26560600506103543	false	1.0
niedrig	neg 1.0		__DUMMY__ 0.4601471619491267 neg 0.28236913365982014 off 0.2574837043910531	false	1.0
explosion	neg 1.0		__DUMMY__ 0.4586059046488324 neg 0.2743707673442065 off 0.2670233280069611	false	1.0
weichei	off 1.0	off 1.0	off 0.626934402886971 __DUMMY__ 0.21904969281958 neg 0.15401590429344902	false	1.0
minusmensch	off 1.0		__DUMMY__ 0.4483729749624047 off 0.27801682965296287 neg 0.27361019538463244	false	1.0
farblos	neg 1.0		__DUMMY__ 0.4601413026290962 neg 0.27662855511789874 off 0.2632301422530051	false	1.0
unwissend	neg 1.0	neg 1.0	neg 0.6258319868237295 __DUMMY__ 0.22117656632685131 off 0.15299144684941912	false	1.0
traurig	neg 1.0		__DUMMY__ 0.4564415653580763 off 0.27393612874319956 neg 0.26962230589872416	false	0.5
senkung	neg 1.0		__DUMMY__ 0.45644589659922036 neg 0.2775829090058029 off 0.2659711943949768	false	1.0
ungleich	neg 1.0	neg 1.0	neg 0.6299035099067356 __DUMMY__ 0.22366982704978847 off 0.1464266630434759	false	1.0
heikel	neg 1.0		__DUMMY__ 0.46082725408408176 neg 0.2809155649265348 off 0.2582571809893836	false	1.0
drosselung	neg 1.0		__DUMMY__ 0.45627973668856553 neg 0.2729543965250494 off 0.2707658667863851	false	1.0
falsch	neg 1.0		__DUMMY__ 0.4575348263371245 neg 0.2739856942813329 off 0.2684794793815426	false	1.0
unzufriedenheit	neg 1.0		__DUMMY__ 0.4618628393865516 neg 0.2814971302714288 off 0.25664003034201965	false	1.0
kurz	neg 1.0		__DUMMY__ 0.46280783350024446 neg 0.2742825062868484 off 0.2629096602129071	false	1.0
unsinnig	neg 1.0		__DUMMY__ 0.4592418106510109 neg 0.2789712200201201 off 0.261786969328869	false	1.0
penner	off 1.0	off 1.0	off 0.6279351242478597 __DUMMY__ 0.2187329029153876 neg 0.1533319728367526	false	1.0
seicht	neg 1.0		__DUMMY__ 0.4507141517049702 off 0.2801981516363623 neg 0.26908769665866733	false	0.5
dummheit	off 1.0	off 1.0	off 0.6213633728989983 __DUMMY__ 0.2209932853283279 neg 0.15764334177267378	false	1.0
unerfreulich	neg 1.0		__DUMMY__ 0.4623045683514844 neg 0.2799524355769888 off 0.25774299607152673	false	1.0
motherfucker	off 1.0	off 1.0	off 0.6244566899527378 __DUMMY__ 0.22086865818706192 neg 0.15467465186020024	false	1.0
pikiert	neg 1.0		__DUMMY__ 0.4552910703426052 neg 0.2747461829503322 off 0.26996274670706255	false	1.0
wrack	neg 1.0		__DUMMY__ 0.4616290121138992 neg 0.2770650564898739 off 0.261305931396227	false	1.0
gangster	neg 1.0		__DUMMY__ 0.45857923466292894 neg 0.2736961994843043 off 0.2677245658527667	false	1.0
krank	neg 1.0		__DUMMY__ 0.45772683317816304 off 0.27161711846300446 neg 0.27065604835883256	false	0.5
reich	neg 1.0		__DUMMY__ 0.45811639408521937 neg 0.27185799194489013 off 0.2700256139698904	false	1.0
gnadenlos	neg 1.0		__DUMMY__ 0.45799140275031547 neg 0.27748525425725007 off 0.2645233429924345	false	1.0
niedergeschlagen	neg 1.0		__DUMMY__ 0.4609726744636975 neg 0.27675873805723183 off 0.26226858747907067	false	1.0
terrorisieren	off 1.0	off 1.0	off 0.617220241399335 __DUMMY__ 0.22411506551216348 neg 0.15866469308850165	false	1.0
sinnlosigkeit	neg 1.0		__DUMMY__ 0.4598426294721835 neg 0.2791280162444498 off 0.2610293542833668	false	1.0
behindern	neg 1.0		__DUMMY__ 0.4600332716280417 neg 0.27722376853129227 off 0.2627429598406661	false	1.0
undemokratisch	neg 1.0		__DUMMY__ 0.45861568104463024 neg 0.2769608118254428 off 0.26442350712992685	false	1.0
wirtschaftskrise	neg 1.0		__DUMMY__ 0.45894142585160924 neg 0.2822350168081383 off 0.2588235573402524	false	1.0
neid	neg 1.0		__DUMMY__ 0.4599356973053576 neg 0.27076839473531183 off 0.2692959079593304	false	1.0
rutschen	neg 1.0		__DUMMY__ 0.4668693873934563 neg 0.2778910214607315 off 0.2552395911458122	false	1.0
rezession	neg 1.0		__DUMMY__ 0.45064037331134 neg 0.2775050128612406 off 0.27185461382741943	false	1.0
fehlgeburt	neg 1.0		__DUMMY__ 0.46031090230511823 neg 0.2734097553869418 off 0.2662793423079399	false	1.0
charakterschwach	off 1.0		__DUMMY__ 0.4553586643650414 neg 0.273820286727543 off 0.2708210489074155	false	0.5
isolation	neg 1.0		__DUMMY__ 0.4583561030757892 neg 0.2735341138886516 off 0.2681097830355592	false	1.0
ablenkung	neg 1.0		__DUMMY__ 0.4608239221500014 neg 0.27490304909176205 off 0.26427302875823655	false	1.0
pech	neg 1.0		__DUMMY__ 0.4582592871255744 neg 0.27347670768248683 off 0.2682640051919387	false	1.0
vermeidung	neg 1.0		__DUMMY__ 0.45659703391814394 neg 0.27233142398621557 off 0.27107154209564055	false	1.0
dominieren	neg 1.0		__DUMMY__ 0.4608147962714306 neg 0.2803429397926887 off 0.25884226393588083	false	1.0
schwindlig	neg 1.0		__DUMMY__ 0.4598250865288354 neg 0.27338813671324175 off 0.2667867767579228	false	1.0
lutscher	neg 1.0	neg 1.0	neg 0.6224389882265854 __DUMMY__ 0.21807152762665025 off 0.1594894841467644	false	1.0
pflicht	neg 1.0		__DUMMY__ 0.4614677516771527 neg 0.2815857565339314 off 0.25694649178891593	false	1.0
faschist	off 1.0		__DUMMY__ 0.4579378654706135 neg 0.27456214778799304 off 0.2674999867413935	false	0.5
verschleudern	neg 1.0		__DUMMY__ 0.46053363634352856 neg 0.2815921215983667 off 0.25787424205810466	false	1.0
wenn			__DUMMY__ 0.4574355291443714 neg 0.27398454886573204 off 0.2685799219898966	false	0.0
ehebruch	neg 1.0		__DUMMY__ 0.46052308375142814 neg 0.27975516725502986 off 0.2597217489935418	false	1.0
spott	off 1.0		__DUMMY__ 0.4601191917189237 neg 0.28096312210159813 off 0.258917686179478	false	0.5
trostlosigkeit	neg 1.0		__DUMMY__ 0.462292363787443 neg 0.28129817047015165 off 0.25640946574240536	false	1.0
lutschen	neg 1.0		__DUMMY__ 0.4562685249107339 neg 0.2764307685101626 off 0.26730070657910343	false	1.0
undiszipliniert	neg 1.0		__DUMMY__ 0.45575799322526106 off 0.27295514680983246 neg 0.27128685996490637	false	0.5
kopfschmerz	neg 1.0		__DUMMY__ 0.45875737142871575 neg 0.28079296636941353 off 0.26044966220187066	false	1.0
unvorhergesehen	neg 1.0		__DUMMY__ 0.464910813035357 neg 0.27565625979042335 off 0.2594329271742197	false	1.0
desinteressiert	neg 1.0	neg 1.0	neg 0.6248953461646779 __DUMMY__ 0.22058015069269396 off 0.15452450314262814	false	1.0
armselig	off 1.0		__DUMMY__ 0.4537853037017726 neg 0.2731757019930513 off 0.2730389943051762	false	0.5
desaster	neg 1.0		__DUMMY__ 0.46264947528762024 neg 0.2823527025328361 off 0.2549978221795436	false	1.0
tod	neg 1.0		__DUMMY__ 0.4623221348044174 neg 0.27703604347189253 off 0.2606418217236899	false	1.0
herzlos	neg 1.0		__DUMMY__ 0.4548618652461955 off 0.273372149667416 neg 0.2717659850863884	false	0.5
unwissenheit	neg 1.0		__DUMMY__ 0.45954563506438173 neg 0.2800030271348079 off 0.26045133780081037	false	1.0
widersinnig	neg 1.0		__DUMMY__ 0.4579379001956313 neg 0.28216386430339246 off 0.2598982355009761	false	1.0
bedenklich	neg 1.0		__DUMMY__ 0.4600908532429757 neg 0.2804013027271153 off 0.259507844029909	false	1.0
beanstanden	neg 1.0		__DUMMY__ 0.46202230834673763 neg 0.28128568423009503 off 0.25669200742316745	false	1.0
panisch	neg 1.0	neg 1.0	neg 0.6246398429864373 __DUMMY__ 0.2235973972872033 off 0.1517627597263594	false	1.0
debil	off 1.0		__DUMMY__ 0.46632992481110586 neg 0.28250141179980387 off 0.2511686633890904	false	0.5
abstrich	neg 1.0		__DUMMY__ 0.4637283962633354 neg 0.27243459537569953 off 0.2638370083609651	false	1.0
primitiv	neg 1.0		__DUMMY__ 0.45502122274740053 neg 0.273764612869964 off 0.27121416438263546	false	1.0
abschaum	off 1.0	off 1.0	off 0.6231302595086866 __DUMMY__ 0.22094349454046544 neg 0.15592624595084792	false	1.0
provozieren	neg 1.0		__DUMMY__ 0.45729366486224593 neg 0.27866674162922767 off 0.26403959350852646	false	1.0
tot	neg 1.0		__DUMMY__ 0.4606833335960729 neg 0.2787941808783479 off 0.2605224855255792	false	1.0
instabil	neg 1.0		__DUMMY__ 0.4542070063771374 neg 0.27347776274791485 off 0.27231523087494763	false	1.0
schwuchtel	off 1.0	off 1.0	off 0.6313018791377283 __DUMMY__ 0.21612059156547303 neg 0.15257752929679858	false	1.0
zerren	neg 1.0		__DUMMY__ 0.46066486952323193 neg 0.2779262489528314 off 0.26140888152393665	false	1.0
kinderficker	off 1.0		__DUMMY__ 0.4541182233690071 off 0.2766556423319303 neg 0.26922613429906245	false	1.0
gefahr	neg 1.0		__DUMMY__ 0.463038357090357 neg 0.2800879918776053 off 0.25687365103203774	false	1.0
rabiat	neg 1.0		__DUMMY__ 0.45968092320912174 neg 0.27644130715298565 off 0.26387776963789267	false	1.0
verlangsamung	neg 1.0		__DUMMY__ 0.4498716632905369 off 0.2769279366110461 neg 0.27320040009841695	false	0.5
ausgestorben	neg 1.0		__DUMMY__ 0.46043982481649254 neg 0.27580919582219 off 0.2637509793613176	false	1.0
anklagen	neg 1.0		__DUMMY__ 0.4601984714838591 neg 0.2799082570494968 off 0.2598932714666442	false	1.0
trott	neg 1.0		__DUMMY__ 0.46010498448123166 neg 0.2766478568483528 off 0.26324715867041554	false	1.0
verminderung	neg 1.0		__DUMMY__ 0.45624201160531835 neg 0.27230238727561684 off 0.2714556011190648	false	1.0
nach			__DUMMY__ 0.4678824488123562 neg 0.2779962359804198 off 0.25412131520722403	false	0.0
rost	neg 1.0		__DUMMY__ 0.45340096182820744 off 0.2768245464472591 neg 0.2697744917245334	false	0.5
destruktiv	neg 1.0		__DUMMY__ 0.45866830644226764 neg 0.2783073725238407 off 0.2630243210338917	false	1.0
unzumutbarkeit	neg 1.0		__DUMMY__ 0.4577769257803004 neg 0.2718889148085562 off 0.27033415941114325	false	1.0
labil	off 1.0	off 1.0	off 0.6227073628358496 __DUMMY__ 0.22142351535210056 neg 0.15586912181204987	false	1.0
ziemlich	neg 1.0		__DUMMY__ 0.4582601592217184 off 0.2712022253215009 neg 0.2705376154567807	false	0.5
lachnummer	off 1.0		__DUMMY__ 0.45812441461825754 neg 0.27821196042919294 off 0.2636636249525496	false	0.5
oder			__DUMMY__ 0.46050684735482195 neg 0.27432872741668923 off 0.26516442522848876	false	0.0
verfall	neg 1.0		__DUMMY__ 0.46411749357535687 neg 0.28332783449631693 off 0.25255467192832615	false	1.0
ausgrenzung	neg 1.0		__DUMMY__ 0.45832298191384097 neg 0.27657711447715033 off 0.2650999036090086	false	1.0
unordnung	neg 1.0		__DUMMY__ 0.45787237121456004 off 0.27363527718904196 neg 0.26849235159639795	false	0.5
fehlverhalten	neg 1.0		__DUMMY__ 0.46013338313112984 neg 0.2826664284312073 off 0.25720018843766285	false	1.0
eine			__DUMMY__ 0.4636765429892424 neg 0.27844942604999323 off 0.2578740309607642	false	0.0
nille	neg 1.0		__DUMMY__ 0.4605502416883704 neg 0.27613431962135243 off 0.26331543869027724	false	1.0
qual	neg 1.0		__DUMMY__ 0.4603794989853512 neg 0.27678620194962106 off 0.2628342990650277	false	1.0
verschwenden	neg 1.0		__DUMMY__ 0.46020979871868456 neg 0.28107830678444173 off 0.25871189449687365	false	1.0
riesig	neg 1.0		__DUMMY__ 0.4621450199908188 neg 0.27782432036550864 off 0.26003065964367256	false	1.0
verurteilen	neg 1.0		__DUMMY__ 0.45851798253636133 neg 0.28160615172222225 off 0.2598758657414164	false	1.0
klischee	neg 1.0	neg 1.0	neg 0.6269608409281562 __DUMMY__ 0.22111746096339968 off 0.15192169810844408	false	1.0
diktatorisch	neg 1.0		__DUMMY__ 0.45807933516023813 neg 0.27747187786665495 off 0.2644487869731069	false	1.0
vorhersehbar	neg 1.0		__DUMMY__ 0.4565320609154377 neg 0.2766181406630302 off 0.26684979842153217	false	1.0
sowie			__DUMMY__ 0.45243780575269504 off 0.2750619839863107 neg 0.2725002102609943	false	0.0
stornieren	neg 1.0		__DUMMY__ 0.4628323420408097 neg 0.26969140831446387 off 0.2674762496447265	false	1.0
besteuerung	neg 1.0		__DUMMY__ 0.4564857813247804 neg 0.28034148340575865 off 0.2631727352694609	false	1.0
ungeschminkt	neg 1.0		__DUMMY__ 0.4534399401763372 neg 0.27645973535029544 off 0.27010032447336746	false	1.0
kritisch	neg 1.0		__DUMMY__ 0.4605726167857988 neg 0.2800880157743497 off 0.2593393674398516	false	1.0
schlamperei	off 1.0		__DUMMY__ 0.46220374796329566 neg 0.27960469662943177 off 0.2581915554072725	false	0.5
sucht	neg 1.0	neg 1.0	neg 0.6233845958420122 __DUMMY__ 0.22553647947882538 off 0.15107892467916242	false	1.0
egoistisch	off 1.0		__DUMMY__ 0.45278677950996615 off 0.27640681655909705 neg 0.2708064039309368	false	1.0
ausbeuter	off 1.0		__DUMMY__ 0.4594609183603516 neg 0.2836197787959391 off 0.25691930284370945	false	0.5
arschgeburt	off 1.0		__DUMMY__ 0.4463971759809884 off 0.2837355102732207 neg 0.26986731374579087	false	1.0
schubs	neg 1.0		__DUMMY__ 0.46129393014072895 neg 0.2769159453228922 off 0.2617901245363788	false	1.0
unsolide	neg 1.0		__DUMMY__ 0.4567362855220128 neg 0.27849313764071865 off 0.2647705768372687	false	1.0
beschwerde	neg 1.0		__DUMMY__ 0.46021534016777615 neg 0.28138702069328925 off 0.2583976391389346	false	1.0
stocken	neg 1.0		__DUMMY__ 0.4615123581585756 neg 0.2801517030563283 off 0.25833593878509603	false	1.0
isolieren	neg 1.0		__DUMMY__ 0.4604114183499138 neg 0.27968974630988525 off 0.25989883534020103	false	1.0
unheilbar	neg 1.0		__DUMMY__ 0.45947306062109794 neg 0.27652045953611437 off 0.2640064798427877	false	1.0
pisser	off 1.0		__DUMMY__ 0.4534233641901026 neg 0.27441589841910474 off 0.2721607373907927	false	0.5
löschen	neg 1.0		__DUMMY__ 0.4599663236340121 neg 0.2764263807412221 off 0.263607295624766	false	1.0
durchfallen	neg 1.0		__DUMMY__ 0.45933220693042004 neg 0.28094093508657264 off 0.25972685798300715	false	1.0
wichser	off 1.0	off 1.0	off 0.629934841693402 __DUMMY__ 0.21783999477519586 neg 0.1522251635314022	false	1.0
terror	neg 1.0		__DUMMY__ 0.4590540227882864 neg 0.27346835437808087 off 0.2674776228336327	false	1.0
krass	neg 1.0		__DUMMY__ 0.45469729524811636 off 0.27426059350371434 neg 0.27104211124816924	false	0.5
revolte	neg 1.0		__DUMMY__ 0.4581924620462735 neg 0.27616102753875 off 0.2656465104149766	false	1.0
besorgt	neg 1.0		__DUMMY__ 0.46341311363135756 neg 0.27382486778017373 off 0.2627620185884686	false	1.0
nachlassen	neg 1.0		__DUMMY__ 0.4624152270245753 neg 0.2789725332435618 off 0.25861223973186287	false	1.0
alt	neg 1.0		__DUMMY__ 0.4598463850181056 neg 0.27984100985918864 off 0.2603126051227059	false	1.0
hundesohn	off 1.0		__DUMMY__ 0.4498092512842791 off 0.28038292665953 neg 0.26980782205619075	false	1.0
als			__DUMMY__ 0.4614101856920378 neg 0.2769297264393866 off 0.2616600878685756	false	0.0
abschreckung	neg 1.0		__DUMMY__ 0.4618267909984427 neg 0.2818608712029826 off 0.2563123377985748	false	1.0
unqualifiziert	neg 1.0		__DUMMY__ 0.45602723266226336 neg 0.276192882163883 off 0.2677798851738537	false	1.0
abgewichst	off 1.0		__DUMMY__ 0.4613579799570522 neg 0.27583925680471777 off 0.2628027632382301	false	0.5
schwer	neg 1.0		__DUMMY__ 0.45944517367467036 neg 0.2776406719465591 off 0.26291415437877047	false	1.0
bedeutungslosigkeit	neg 1.0		__DUMMY__ 0.46134380519741514 neg 0.28114591798420174 off 0.2575102768183832	false	1.0
kapitulation	neg 1.0		__DUMMY__ 0.4610242882366012 neg 0.2799270946662707 off 0.2590486170971281	false	1.0
unscharf	neg 1.0		__DUMMY__ 0.4572456655709412 neg 0.2765849009026206 off 0.2661694335264382	false	1.0
schwinden	neg 1.0		__DUMMY__ 0.4612092958050751 neg 0.2818096533868674 off 0.25698105080805744	false	1.0
versklavung	neg 1.0		__DUMMY__ 0.4587008531742949 neg 0.27718468068026664 off 0.2641144661454385	false	1.0
schlecht	neg 1.0		__DUMMY__ 0.45803071368868536 off 0.2713011998516549 neg 0.2706680864596598	false	0.5
verhasst	neg 1.0		__DUMMY__ 0.45625647505718653 neg 0.2793861862752778 off 0.26435733866753575	false	1.0
beschweren	neg 1.0		__DUMMY__ 0.4587953194974841 neg 0.275100556228262 off 0.26610412427425384	false	1.0
scheiden	neg 1.0		__DUMMY__ 0.46142022688166295 neg 0.27440178475151233 off 0.2641779883668247	false	1.0
frustriert	neg 1.0		__DUMMY__ 0.4592871354198676 neg 0.27904595980719665 off 0.2616669047729357	false	1.0
schimmelig	neg 1.0		__DUMMY__ 0.4577627818971168 neg 0.2831266297074382 off 0.259110588395445	false	1.0
fisch	neg 1.0		__DUMMY__ 0.46035675295022793 neg 0.2832965562241344 off 0.2563466908256377	false	1.0
schmuggel	neg 1.0		__DUMMY__ 0.46159883634865057 neg 0.2802881083742416 off 0.25811305527710793	false	1.0
auffallen	neg 1.0		__DUMMY__ 0.45854277891095735 neg 0.2743791894849482 off 0.26707803160409443	false	1.0
konkurrenz	neg 1.0		__DUMMY__ 0.4621039146646592 neg 0.28198690709474616 off 0.2559091782405945	false	1.0
teufelskreis	neg 1.0	neg 1.0	neg 0.6290692506353053 __DUMMY__ 0.22194132897688165 off 0.1489894203878131	false	1.0
aufschreien	neg 1.0		__DUMMY__ 0.45712604713721594 neg 0.27625787769362425 off 0.26661607516915986	false	1.0
schuldner	neg 1.0		__DUMMY__ 0.4596991228000106 neg 0.2842436680468889 off 0.2560572091531005	false	1.0
missgeburt	off 1.0	off 1.0	off 0.6270040360759273 __DUMMY__ 0.2181568854618458 neg 0.15483907846222694	false	1.0
arbeitslos	neg 1.0		__DUMMY__ 0.4594294538628158 neg 0.2803315446457335 off 0.2602390014914507	false	1.0
befallen	neg 1.0		__DUMMY__ 0.45797660168039445 neg 0.28133431703533873 off 0.2606890812842669	false	1.0
miesepetrig	off 1.0	off 1.0	off 0.6235600494418037 __DUMMY__ 0.2217690438609404 neg 0.154670906697256	false	1.0
alarmieren	neg 1.0		__DUMMY__ 0.4558994737763162 neg 0.2760935831500414 off 0.2680069430736424	false	1.0
ungeduscht	off 1.0		__DUMMY__ 0.45585765719950566 neg 0.2761198440276959 off 0.26802249877279827	false	0.5
knappheit	neg 1.0		__DUMMY__ 0.45817327624164567 neg 0.2829276791435978 off 0.2588990446147566	false	1.0
schlange	neg 1.0		__DUMMY__ 0.4614665201452742 neg 0.2720703595593316 off 0.2664631202953943	false	1.0
harsch	neg 1.0		__DUMMY__ 0.45608831303944886 off 0.2759077155335715 neg 0.2680039714269796	false	0.5
lang	neg 1.0		__DUMMY__ 0.4599287860795739 neg 0.2753093533571368 off 0.26476186056328926	false	1.0
ziellos	neg 1.0		__DUMMY__ 0.4623886527418665 neg 0.2772186782870053 off 0.260392668971128	false	1.0
selbstverliebt	neg 1.0		__DUMMY__ 0.4490027669073827 off 0.2818889989659766 neg 0.26910823412664087	false	0.5
beseitigen	neg 1.0		__DUMMY__ 0.46044908764291526 neg 0.27770929215981527 off 0.26184162019726936	false	1.0
dumm	off 1.0		__DUMMY__ 0.45317020725263085 off 0.27747728671850175 neg 0.26935250602886746	false	1.0
arbeitsloser	neg 1.0		__DUMMY__ 0.46177982727860706 neg 0.2770898858534302 off 0.26113028686796264	false	1.0
blitzen	neg 1.0		__DUMMY__ 0.45885927635565177 neg 0.27348210931826333 off 0.2676586143260848	false	1.0
hilflos	neg 1.0		__DUMMY__ 0.45952005522288253 neg 0.2793088194746556 off 0.2611711253024619	false	1.0
eklig	off 1.0		__DUMMY__ 0.45075002077982856 off 0.27729218110990805 neg 0.27195779811026344	false	1.0
begriff			__DUMMY__ 0.46004269365504585 neg 0.2769883727342881 off 0.2629689336106659	false	0.0
hungersnot	neg 1.0		__DUMMY__ 0.46027678605496675 neg 0.2793596743906341 off 0.26036353955439934	false	1.0
ungesetzlich	neg 1.0		__DUMMY__ 0.4568653953550139 neg 0.2795734970635567 off 0.26356110758142937	false	1.0
verschwendung	neg 1.0		__DUMMY__ 0.4611807656805181 neg 0.2803735007735294 off 0.25844573354595257	false	1.0
schmerzvoll	neg 1.0		__DUMMY__ 0.45836219157671837 neg 0.27615172662615317 off 0.2654860817971284	false	1.0
vorzeitig	neg 1.0		__DUMMY__ 0.45739635831665315 neg 0.27619391690915884 off 0.26640972477418806	false	1.0
unvollkommenheit	neg 1.0		__DUMMY__ 0.4637063865327395 neg 0.2749068430521288 off 0.26138677041513153	false	1.0
intervenieren	neg 1.0		__DUMMY__ 0.46040437622128283 neg 0.2817229599162922 off 0.2578726638624251	false	1.0
banause	off 1.0		__DUMMY__ 0.44860785683775384 off 0.2798490602503257 neg 0.27154308291192036	false	1.0
rebell	neg 1.0		__DUMMY__ 0.4630278714899859 neg 0.2826879469080148 off 0.25428418160199917	false	1.0
unlogisch	neg 1.0		__DUMMY__ 0.4545090768506149 off 0.2730548900556708 neg 0.2724360330937142	false	0.5
leiden	neg 1.0		__DUMMY__ 0.4635998405908414 neg 0.2783619210972718 off 0.25803823831188666	false	1.0
abschaffung	neg 1.0		__DUMMY__ 0.45930597560668823 neg 0.2768248571191231 off 0.2638691672741888	false	1.0
sturz	neg 1.0		__DUMMY__ 0.46072553734482646 neg 0.2752285517781182 off 0.26404591087705526	false	1.0
verkleinerung	neg 1.0		__DUMMY__ 0.4563557784095102 neg 0.2773016584871701 off 0.26634256310331955	false	1.0
schmarotzer	off 1.0		__DUMMY__ 0.4585861829329405 neg 0.2804688404677177 off 0.26094497659934174	false	0.5
bestrafung	neg 1.0		__DUMMY__ 0.45889111637366214 neg 0.27635536328406646 off 0.26475352034227134	false	1.0
achtlos	neg 1.0	neg 1.0	neg 0.6272623050822531 __DUMMY__ 0.22339447354863415 off 0.14934322136911266	false	1.0
ungeheuer	neg 1.0		__DUMMY__ 0.45900375143445293 neg 0.2743167045709178 off 0.26667954399462923	false	1.0
unaufrichtig	neg 1.0		__DUMMY__ 0.4606214024178432 neg 0.2711468140256122 off 0.2682317835565447	false	1.0
groggy	neg 1.0		__DUMMY__ 0.4583544930194235 neg 0.27439697884774095 off 0.26724852813283567	false	1.0
verletzlich	neg 1.0		__DUMMY__ 0.4545759731147349 neg 0.2751232915510649 off 0.27030073533420007	false	1.0
ablehnen	neg 1.0		__DUMMY__ 0.4604063377989059 neg 0.27942225248372815 off 0.260171409717366	false	1.0
