unsolidarisch	neg 1.0		__DUMMY__ 0.45741532778740757 neg 0.28015304001313857 off 0.262431632199454	false	1.0
nachteilig	neg 1.0		__DUMMY__ 0.46138225766354923 neg 0.28017096379681905 off 0.2584467785396317	false	1.0
skeptisch	neg 1.0		__DUMMY__ 0.46181705154667935 neg 0.2802656337702173 off 0.2579173146831034	false	1.0
schrecklich	neg 1.0		__DUMMY__ 0.4556920882130508 off 0.2746380954201347 neg 0.26966981636681453	false	0.5
schlapp	neg 1.0		__DUMMY__ 0.45782638861889496 neg 0.2720172518626167 off 0.27015635951848826	false	1.0
abfall	neg 1.0		__DUMMY__ 0.46410164427932166 neg 0.2818008698673135 off 0.2540974858533649	false	1.0
widerspenstig	neg 1.0		__DUMMY__ 0.459908942346122 neg 0.2761043829782178 off 0.26398667467566017	false	1.0
abrupt	neg 1.0		__DUMMY__ 0.4623826680069933 neg 0.27862615395949 off 0.25899117803351673	false	1.0
unwirksam	neg 1.0		__DUMMY__ 0.456829453069876 neg 0.28096968402813316 off 0.26220086290199085	false	1.0
angreifen	neg 1.0		__DUMMY__ 0.46065256055766834 neg 0.28206187275855105 off 0.25728556668378044	false	1.0
inkonsistent	neg 1.0		__DUMMY__ 0.45728359734431656 neg 0.27890064284972177 off 0.26381575980596156	false	1.0
abrutschen	neg 1.0		__DUMMY__ 0.462788982232185 neg 0.28298172835191104 off 0.2542292894159039	false	1.0
unsicher	neg 1.0		__DUMMY__ 0.46119787280642177 neg 0.27469979637882763 off 0.26410233081475054	false	1.0
bauernkind	off 1.0	off 1.0	off 0.6248864053847444 __DUMMY__ 0.21666816361993796 neg 0.1584454309953177	false	1.0
angreifer	neg 1.0	neg 1.0	neg 0.6258176368039754 __DUMMY__ 0.2231988203134334 off 0.15098354288259114	false	1.0
trennen	neg 1.0		__DUMMY__ 0.4633888325379394 neg 0.2786045364122432 off 0.25800663104981747	false	1.0
schmutz	neg 1.0		__DUMMY__ 0.4611330341417442 neg 0.2727997316387968 off 0.266067234219459	false	1.0
inkonsistenz	neg 1.0		__DUMMY__ 0.45401133478612987 neg 0.2774257958618908 off 0.2685628693519794	false	1.0
erschreckend	neg 1.0		__DUMMY__ 0.4593642008968964 neg 0.2781581639704619 off 0.26247763513264166	false	1.0
ertrinken	neg 1.0		__DUMMY__ 0.4608702448951376 neg 0.28123181719419055 off 0.2578979379106717	false	1.0
pickelface	off 1.0		__DUMMY__ 0.460380413934443 neg 0.2770626186109766 off 0.26255696745458057	false	0.5
seiner			__DUMMY__ 0.4618875546206772 neg 0.27978652361681566 off 0.25832592176250707	false	0.0
lauch	neg 1.0		__DUMMY__ 0.46348490990173363 neg 0.2814188057511812 off 0.2550962843470852	false	1.0
unwichtig	neg 1.0		__DUMMY__ 0.4564870047962084 neg 0.27447417976908484 off 0.26903881543470676	false	1.0
steuerhinterziehung	neg 1.0	neg 1.0	neg 0.6293542953255439 __DUMMY__ 0.2229830117133193 off 0.1476626929611369	false	1.0
schock	neg 1.0		__DUMMY__ 0.46030084763906715 neg 0.2771602591271854 off 0.26253889323374735	false	1.0
beule	neg 1.0		__DUMMY__ 0.4559124449602655 neg 0.2734620902399505 off 0.270625464799784	false	1.0
vergelten	neg 1.0		__DUMMY__ 0.45816567111731954 off 0.27391567410164025 neg 0.26791865478104004	false	0.5
verdorbenheit	neg 1.0		__DUMMY__ 0.4623725244472637 neg 0.27214018628837006 off 0.26548728926436627	false	1.0
trauma	neg 1.0		__DUMMY__ 0.4592725792725971 neg 0.27605413752916785 off 0.264673283198235	false	1.0
sinnlos	neg 1.0		__DUMMY__ 0.45882933883226057 neg 0.2749062253454162 off 0.2662644358223233	false	1.0
fettsack	off 1.0	off 1.0	off 0.6261047528185643 __DUMMY__ 0.21763036143851638 neg 0.15626488574291936	false	1.0
feige	off 1.0	off 1.0	off 0.622741779799471 __DUMMY__ 0.2201814735890589 neg 0.1570767466114702	false	1.0
abdanken	neg 1.0		__DUMMY__ 0.4593793232434389 neg 0.2781580431807718 off 0.2624626335757893	false	1.0
wichtigtuer	off 1.0	off 1.0	off 0.6213761247960453 __DUMMY__ 0.22153266455953183 neg 0.15709121064442286	false	1.0
misslingen	neg 1.0		__DUMMY__ 0.46474631363105967 neg 0.2689900019834208 off 0.26626368438551934	false	1.0
untreu	off 1.0		__DUMMY__ 0.4566275358173434 neg 0.27362298435697935 off 0.2697494798256773	false	0.5
missmutig	neg 1.0		__DUMMY__ 0.45786383921710627 neg 0.2728673495720193 off 0.2692688112108745	false	1.0
hurenbock	off 1.0		__DUMMY__ 0.4596092326677869 neg 0.2743653055416623 off 0.26602546179055075	false	0.5
betrunken	neg 1.0		__DUMMY__ 0.45673313596772536 off 0.27198931666421233 neg 0.2712775473680623	false	0.5
korrupt	off 1.0		__DUMMY__ 0.4578609098389917 neg 0.28257080486944697 off 0.2595682852915612	false	0.5
unmut	neg 1.0		__DUMMY__ 0.46349173616531064 neg 0.28184545888932194 off 0.25466280494536747	false	1.0
hackfresse	off 1.0		__DUMMY__ 0.452733599405456 off 0.27827826945264494 neg 0.268988131141899	false	1.0
aufblasen	neg 1.0		__DUMMY__ 0.4594480203289527 neg 0.27460510654015996 off 0.26594687313088744	false	1.0
gewaltsam	neg 1.0		__DUMMY__ 0.46052850672510987 neg 0.27765274010555707 off 0.261818753169333	false	1.0
unbeliebtheit	neg 1.0		__DUMMY__ 0.45498666663287013 neg 0.27792386922759266 off 0.26708946413953727	false	1.0
sturheit	neg 1.0		__DUMMY__ 0.4590264703803425 neg 0.2794935006381306 off 0.26148002898152695	false	1.0
kuh	neg 1.0		__DUMMY__ 0.454586858378029 neg 0.280525805237014 off 0.26488733638495704	false	1.0
erschrecken	neg 1.0		__DUMMY__ 0.45843928560238956 neg 0.2724887734239854 off 0.26907194097362513	false	1.0
opfer	neg 1.0		__DUMMY__ 0.46124115881631084 neg 0.2792518049198375 off 0.25950703626385163	false	1.0
sinken	neg 1.0		__DUMMY__ 0.46295262274107785 neg 0.2818775022072073 off 0.25516987505171485	false	1.0
stinktier	neg 1.0		__DUMMY__ 0.4495569432695524 neg 0.2773608032441763 off 0.2730822534862714	false	1.0
tucke	off 1.0		__DUMMY__ 0.45010677723404313 off 0.2786622739243651 neg 0.2712309488415918	false	1.0
ein			__DUMMY__ 0.45943325365143545 neg 0.2756676357519574 off 0.2648991105966072	false	0.0
abstieg	neg 1.0		__DUMMY__ 0.46109437571041356 neg 0.28099205319022574 off 0.25791357109936075	false	1.0
missverstehen	neg 1.0		__DUMMY__ 0.4568622333622295 neg 0.27649874548310593 off 0.2666390211546646	false	1.0
ergebnislos	neg 1.0		__DUMMY__ 0.46251456447762973 neg 0.2793108314336508 off 0.25817460408871956	false	1.0
unter			__DUMMY__ 0.46801749561108796 neg 0.2819257289218172 off 0.25005677546709487	false	0.0
manipulieren	neg 1.0		__DUMMY__ 0.4621531894387147 neg 0.2803819112554575 off 0.2574648993058279	false	1.0
unbewiesen	neg 1.0		__DUMMY__ 0.4567362494908985 neg 0.28115125482254105 off 0.26211249568656037	false	1.0
verschleppen	neg 1.0		__DUMMY__ 0.4600099571289166 neg 0.2806198912860134 off 0.25937015158507004	false	1.0
weib	off 1.0		__DUMMY__ 0.44872700642738916 off 0.2775312968727972 neg 0.2737416966998135	false	1.0
opposition	neg 1.0		__DUMMY__ 0.45770417979122685 neg 0.2774273645524937 off 0.2648684556562793	false	1.0
verkehrswidrig	neg 1.0		__DUMMY__ 0.4587007818672375 off 0.2755662234872258 neg 0.26573299464553674	false	0.5
inkorrekt	neg 1.0		__DUMMY__ 0.45385874172841073 neg 0.2732128105304344 off 0.27292844774115477	false	1.0
vermeiden	neg 1.0	neg 1.0	neg 0.6293297642756405 __DUMMY__ 0.2266542826933838 off 0.14401595303097578	false	1.0
abweichung	neg 1.0		__DUMMY__ 0.4614903660592601 neg 0.2789957415270964 off 0.2595138924136434	false	1.0
alkoholisiert	neg 1.0		__DUMMY__ 0.4634555460157475 neg 0.277464484319607 off 0.2590799696646453	false	1.0
scheiss	off 1.0	off 1.0	off 0.6234693356734465 __DUMMY__ 0.2210140961381149 neg 0.15551656818843854	false	1.0
herausforderung	neg 1.0		__DUMMY__ 0.46264157183621896 neg 0.27922772690766734 off 0.2581307012561138	false	1.0
pervers	off 1.0		__DUMMY__ 0.45011076300481323 off 0.2817866189053038 neg 0.26810261808988295	false	1.0
wackelig	neg 1.0		__DUMMY__ 0.4636489539120307 neg 0.2738349052646062 off 0.26251614082336316	false	1.0
verwickeln	neg 1.0		__DUMMY__ 0.4570987122834533 neg 0.27691723472799296 off 0.26598405298855393	false	1.0
vorwand	neg 1.0		__DUMMY__ 0.4616337156262496 neg 0.2812419762885304 off 0.25712430808522	false	1.0
muschi	off 1.0		__DUMMY__ 0.4602796861917529 neg 0.27700857578617694 off 0.26271173802207015	false	0.5
entmutigung	neg 1.0		__DUMMY__ 0.45820598206935587 neg 0.2772851950760118 off 0.26450882285463234	false	1.0
unangemessen	neg 1.0		__DUMMY__ 0.4586086121931923 neg 0.2803361105610057 off 0.2610552772458019	false	1.0
unstetig	neg 1.0		__DUMMY__ 0.4592493665822088 neg 0.2737552420366883 off 0.26699539138110295	false	1.0
entmutigen	neg 1.0		__DUMMY__ 0.45918050831535373 neg 0.27614603606743127 off 0.264673455617215	false	1.0
schwanz	neg 1.0		__DUMMY__ 0.461187531047118 neg 0.27910242255171297 off 0.259710046401169	false	1.0
verbot	neg 1.0		__DUMMY__ 0.4598755514295013 neg 0.2803172399449645 off 0.25980720862553425	false	1.0
leid	neg 1.0		__DUMMY__ 0.4535217115814339 off 0.2759479382911287 neg 0.2705303501274375	false	0.5
archaisch	neg 1.0		__DUMMY__ 0.45972039433901923 neg 0.27849042335423846 off 0.26178918230674225	false	1.0
gegen			__DUMMY__ 0.4633811385987154 neg 0.28111044749672726 off 0.2555084139045574	false	0.0
scheidung	neg 1.0		__DUMMY__ 0.4513606720854826 off 0.2877280859081125 neg 0.2609112420064049	false	0.5
einschlag	neg 1.0		__DUMMY__ 0.45578620899876887 off 0.2729107885619734 neg 0.2713030024392576	false	0.5
m			__DUMMY__ 0.46181469993654356 neg 0.2768781134135721 off 0.26130718664988417	false	0.0
abgestanden	neg 1.0		__DUMMY__ 0.45821882574918277 neg 0.27790942806150715 off 0.2638717461893101	false	1.0
schmierig	off 1.0		__DUMMY__ 0.4546686887793797 off 0.27537412942354283 neg 0.2699571817970775	false	1.0
unpraktisch	neg 1.0		__DUMMY__ 0.45949226465529125 neg 0.2748448470629946 off 0.26566288828171414	false	1.0
wixxer	off 1.0		__DUMMY__ 0.44855004120617326 off 0.2813978511586524 neg 0.27005210763517434	false	1.0
bezeichnet			__DUMMY__ 0.4576314275476729 neg 0.2794599642503088 off 0.26290860820201845	false	0.0
jammerlappen	off 1.0		__DUMMY__ 0.45797916915168413 neg 0.2723491175409944 off 0.26967171330732154	false	0.5
farce	neg 1.0		__DUMMY__ 0.45853174529993523 neg 0.2808770644876755 off 0.26059119021238936	false	1.0
zwecklos	neg 1.0		__DUMMY__ 0.45916789124816954 neg 0.2800537558892426 off 0.2607783528625879	false	1.0
turbulent	neg 1.0		__DUMMY__ 0.45428519615373336 neg 0.27568122976674925 off 0.2700335740795175	false	1.0
invasion	neg 1.0		__DUMMY__ 0.4586240124626943 neg 0.2754532061905745 off 0.2659227813467311	false	1.0
schuld	neg 1.0		__DUMMY__ 0.45786559346003813 neg 0.2777310006644977 off 0.26440340587546407	false	1.0
risiko	neg 1.0	neg 1.0	neg 0.6255603936225534 __DUMMY__ 0.22376772460188266 off 0.150671881775564	false	1.0
finster	neg 1.0		__DUMMY__ 0.45769157096491003 neg 0.2776511227483791 off 0.2646573062867109	false	1.0
geisteskrank	off 1.0		__DUMMY__ 0.4540439920019329 neg 0.27540582965598387 off 0.27055017834208334	false	0.5
zusammenbrechen	neg 1.0		__DUMMY__ 0.4605549463586487 neg 0.27794959858756085 off 0.2614954550537904	false	1.0
ausbeute	neg 1.0		__DUMMY__ 0.4676219051805028 neg 0.27023079017549884 off 0.2621473046439983	false	1.0
hinterhalt	neg 1.0		__DUMMY__ 0.46413625530365443 neg 0.2728791162927407 off 0.262984628403605	false	1.0
kritik	neg 1.0		__DUMMY__ 0.45832318330041677 neg 0.28143725210736065 off 0.2602395645922226	false	1.0
einschrumpfen	neg 1.0		__DUMMY__ 0.4564526875742657 neg 0.275794259622028 off 0.2677530528037063	false	1.0
riskant	neg 1.0		__DUMMY__ 0.4606229536730588 neg 0.2811929634393343 off 0.2581840828876069	false	1.0
frustrieren	neg 1.0		__DUMMY__ 0.4607508610504101 neg 0.27980499769522327 off 0.2594441412543666	false	1.0
groll	neg 1.0		__DUMMY__ 0.4591837064167127 neg 0.2806690503250155 off 0.2601472432582719	false	1.0
gibt			__DUMMY__ 0.4610971231408553 neg 0.2770649739294127 off 0.2618379029297319	false	0.0
qualvoll	neg 1.0		__DUMMY__ 0.45827441874278824 neg 0.27449575222809935 off 0.26722982902911246	false	1.0
wackeln	neg 1.0		__DUMMY__ 0.4607672215358038 neg 0.27407383639888305 off 0.26515894206531315	false	1.0
klagen	neg 1.0		__DUMMY__ 0.46235980116175773 neg 0.282447339444077 off 0.2551928593941653	false	1.0
bankrott	neg 1.0		__DUMMY__ 0.4589807988217512 neg 0.27182596722452335 off 0.26919323395372546	false	1.0
trauern	neg 1.0		__DUMMY__ 0.4623616296528021 neg 0.27833314376268764 off 0.2593052265845103	false	1.0
ablehnung	neg 1.0		__DUMMY__ 0.45899795435198204 neg 0.2808050266580239 off 0.260197018989994	false	1.0
stur	neg 1.0		__DUMMY__ 0.45812060167779467 neg 0.2771101780195642 off 0.26476922030264094	false	1.0
aufruhr	neg 1.0		__DUMMY__ 0.45973471207880806 neg 0.2782398033195461 off 0.2620254846016458	false	1.0
melancholie	neg 1.0		__DUMMY__ 0.46073280894230023 neg 0.27948612665141825 off 0.2597810644062815	false	1.0
ist			__DUMMY__ 0.45902481814466967 neg 0.2749502047906998 off 0.26602497706463046	false	0.0
torheit	neg 1.0		__DUMMY__ 0.4591206793594185 neg 0.27709243065349237 off 0.2637868899870892	false	1.0
dreckskind	off 1.0		__DUMMY__ 0.4506861954509687 off 0.2760366802732971 neg 0.2732771242757342	false	1.0
umtauschen	neg 1.0		__DUMMY__ 0.46050733390616905 neg 0.2759560528962363 off 0.2635366131975945	false	1.0
zum			__DUMMY__ 0.46798825445850084 neg 0.27760726349493436 off 0.25440448204656474	false	0.0
zersetzen	neg 1.0		__DUMMY__ 0.4604797704667539 neg 0.282504145403823 off 0.257016084129423	false	1.0
zur			__DUMMY__ 0.4664800799961038 neg 0.2805688069189446 off 0.2529511130849517	false	0.0
frust	neg 1.0		__DUMMY__ 0.4607091518719118 neg 0.27777539232559884 off 0.26151545580248936	false	1.0
unerbittlichkeit	neg 1.0		__DUMMY__ 0.46118271563885427 neg 0.2815758396726318 off 0.25724144468851395	false	1.0
zwei			__DUMMY__ 0.46709184034978746 neg 0.27736777164768395 off 0.25554038800252865	false	0.0
unkorrekt	neg 1.0		__DUMMY__ 0.4557572923076063 off 0.27322432534976726 neg 0.2710183823426265	false	0.5
hexe	off 1.0		__DUMMY__ 0.4534729606524635 neg 0.2784262985512609 off 0.26810074079627566	false	0.5
lasch	neg 1.0		__DUMMY__ 0.4560821022327695 neg 0.27635416395578166 off 0.267563733811449	false	1.0
rivale	neg 1.0		__DUMMY__ 0.45536080151573893 neg 0.2729170839957788 off 0.27172211448848227	false	1.0
mutlos	off 1.0	off 1.0	off 0.6166371422175975 __DUMMY__ 0.22313874458676192 neg 0.16022411319564064	false	1.0
wirr	off 1.0		__DUMMY__ 0.4533145663633214 neg 0.2734457015272228 off 0.2732397321094558	false	0.5
jahr			__DUMMY__ 0.4684810278402575 neg 0.2720055603960433 off 0.2595134117636992	false	0.0
wird			__DUMMY__ 0.46089089671185046 neg 0.27889531322592426 off 0.2602137900622254	false	0.0
strafbar	neg 1.0		__DUMMY__ 0.4610375332434882 neg 0.27998089522493774 off 0.2589815715315741	false	1.0
erosion	neg 1.0		__DUMMY__ 0.46120857604494087 neg 0.27452626054160967 off 0.2642651634134495	false	1.0
eingehen	neg 1.0		__DUMMY__ 0.46039506613368186 neg 0.2806288505435377 off 0.25897608332278044	false	1.0
faul	off 1.0		__DUMMY__ 0.4585116096573752 neg 0.27250718005431934 off 0.26898121028830546	false	0.5
provisorium	neg 1.0		__DUMMY__ 0.4694064328657948 neg 0.2791454052350114 off 0.2514481618991938	false	1.0
schmerzen	neg 1.0		__DUMMY__ 0.45882678054433607 neg 0.2792933286255214 off 0.2618798908301424	false	1.0
schrumpfen	neg 1.0		__DUMMY__ 0.4634973341448144 neg 0.284287263250258 off 0.2522154026049276	false	1.0
geistlos	off 1.0		__DUMMY__ 0.45573226753285007 neg 0.2784374160322766 off 0.26583031643487337	false	0.5
fehlkauf	neg 1.0		__DUMMY__ 0.45874823725654207 neg 0.27556137340765857 off 0.26569038933579925	false	1.0
frustrierend	neg 1.0		__DUMMY__ 0.45815978279959957 neg 0.2734149832129134 off 0.26842523398748697	false	1.0
unzufrieden	neg 1.0		__DUMMY__ 0.45950877642472043 neg 0.279971090877347 off 0.26052013269793256	false	1.0
verzweifeln	neg 1.0		__DUMMY__ 0.4598619512327671 neg 0.2777391163798698 off 0.262398932387363	false	1.0
verzweifelt	neg 1.0	neg 1.0	neg 0.6283872635789954 __DUMMY__ 0.22153128388217438 off 0.15008145253883015	false	1.0
misstrauensantrag	neg 1.0		__DUMMY__ 0.4587131038918945 neg 0.2751357229247374 off 0.26615117318336806	false	1.0
abfallen	neg 1.0		__DUMMY__ 0.4606481672720306 neg 0.27415354382299845 off 0.265198288904971	false	1.0
fucker	off 1.0		__DUMMY__ 0.45629084991597635 off 0.2728376765841179 neg 0.27087147349990576	false	1.0
ungezogen	neg 1.0		__DUMMY__ 0.4506699596772137 off 0.2807744956242162 neg 0.2685555446985701	false	0.5
irrsinnig	neg 1.0	neg 1.0	neg 0.6277438384299712 __DUMMY__ 0.2219965895668267 off 0.15025957200320209	false	1.0
unfassbar	neg 1.0		__DUMMY__ 0.45739396955159034 neg 0.27157755108843673 off 0.271028479359973	false	1.0
hart	neg 1.0		__DUMMY__ 0.45636527686656714 neg 0.2736943257774987 off 0.26994039735593417	false	1.0
widerlich	off 1.0		__DUMMY__ 0.45517362616932805 neg 0.27382300429151624 off 0.2710033695391557	false	0.5
fatal	neg 1.0		__DUMMY__ 0.45848775952803605 neg 0.27522819371261276 off 0.2662840467593512	false	1.0
bruch	neg 1.0		__DUMMY__ 0.4626076544860189 neg 0.2816496004621792 off 0.25574274505180183	false	1.0
aushungern	neg 1.0		__DUMMY__ 0.4605156257450357 neg 0.2782425281969764 off 0.26124184605798784	false	1.0
anspannung	neg 1.0		__DUMMY__ 0.4660536106750578 neg 0.2803338844812124 off 0.2536125048437298	false	1.0
von			__DUMMY__ 0.4694244662185514 neg 0.27069161335777364 off 0.2598839204236749	false	0.0
kraftlos	neg 1.0		__DUMMY__ 0.46124486604654663 neg 0.27771612011512137 off 0.26103901383833195	false	1.0
vom			__DUMMY__ 0.469820504932816 neg 0.277980682086462 off 0.25219881298072183	false	0.0
grenzdebil	off 1.0		__DUMMY__ 0.45726631431422904 off 0.27143237820426597 neg 0.27130130748150505	false	1.0
vor			__DUMMY__ 0.4640252908340039 neg 0.27877210255262874 off 0.25720260661336747	false	0.0
unterwerfen	neg 1.0		__DUMMY__ 0.46069222239010654 neg 0.28009900990736347 off 0.25920876770253	false	1.0
versenkung	neg 1.0		__DUMMY__ 0.46264026950403214 neg 0.27721245315248144 off 0.26014727734348636	false	1.0
entziehen	neg 1.0		__DUMMY__ 0.4626777482590847 neg 0.28127512568645113 off 0.25604712605446406	false	1.0
finanzkrise	neg 1.0		__DUMMY__ 0.45748922332587716 neg 0.2814317599697776 off 0.2610790167043453	false	1.0
schimpfend	neg 1.0		__DUMMY__ 0.45862913802810534 neg 0.2754893471801781 off 0.2658815147917165	false	1.0
profan	neg 1.0		__DUMMY__ 0.45776311803087805 neg 0.27561648756115964 off 0.2666203944079624	false	1.0
korruption	neg 1.0		__DUMMY__ 0.45954743765609146 neg 0.28112126776104956 off 0.25933129458285903	false	1.0
â			__DUMMY__ 0.4623340067037864 neg 0.2768606236991888 off 0.26080536959702477	false	0.0
schmutzig	neg 1.0		__DUMMY__ 0.4572211793997195 off 0.2719604240547706 neg 0.2708183965455099	false	0.5
sexy	neg 1.0		__DUMMY__ 0.4588594428611351 neg 0.2728845051198742 off 0.26825605201899055	false	1.0
abraten	neg 1.0		__DUMMY__ 0.45968963220694226 neg 0.2737723089528718 off 0.26653805884018583	false	1.0
schwarz	neg 1.0		__DUMMY__ 0.458614437098446 neg 0.27599864919434863 off 0.2653869137072053	false	1.0
fotze	off 1.0	off 1.0	off 0.6183153594951101 __DUMMY__ 0.22392061481292777 neg 0.15776402569196216	false	1.0
verwirren	neg 1.0		__DUMMY__ 0.45798205515047474 neg 0.27472417683940537 off 0.2672937680101198	false	1.0
zahnlos	off 1.0		__DUMMY__ 0.4594967811298324 neg 0.27894380874822694 off 0.2615594101219407	false	0.5
verheeren	neg 1.0		__DUMMY__ 0.4505424106810279 off 0.28226254780874216 neg 0.26719504151022994	false	0.5
hippie	neg 1.0		__DUMMY__ 0.4587792138102714 neg 0.27348005434855327 off 0.2677407318411753	false	1.0
rammen	neg 1.0		__DUMMY__ 0.4556853850090466 neg 0.2804746870693389 off 0.26383992792161465	false	1.0
unlauter	neg 1.0		__DUMMY__ 0.4571793311358428 neg 0.2788808907664917 off 0.26393977809766556	false	1.0
unheilvoll	neg 1.0		__DUMMY__ 0.45847988403745327 neg 0.27591411090151147 off 0.2656060050610354	false	1.0
niedrig	neg 1.0		__DUMMY__ 0.4601471619491268 neg 0.2823691336598204 off 0.25748370439105284	false	1.0
explosion	neg 1.0		__DUMMY__ 0.45860590464883205 neg 0.2743707673442069 off 0.267023328006961	false	1.0
weichei	off 1.0	off 1.0	off 0.6269344028869716 __DUMMY__ 0.21904969281957953 neg 0.15401590429344902	false	1.0
minusmensch	off 1.0		__DUMMY__ 0.4483729749624045 off 0.2780168296529629 neg 0.27361019538463255	false	1.0
farblos	neg 1.0		__DUMMY__ 0.46014130262909597 neg 0.2766285551178989 off 0.26323014225300506	false	1.0
unwissend	neg 1.0	neg 1.0	neg 0.6258319868237296 __DUMMY__ 0.22117656632685134 off 0.15299144684941907	false	1.0
traurig	neg 1.0		__DUMMY__ 0.45644156535807634 off 0.27393612874319934 neg 0.2696223058987243	false	0.5
senkung	neg 1.0		__DUMMY__ 0.4564458965992205 neg 0.2775829090058029 off 0.2659711943949766	false	1.0
ungleich	neg 1.0	neg 1.0	neg 0.6299035099067356 __DUMMY__ 0.22366982704978827 off 0.14642666304347607	false	1.0
heikel	neg 1.0		__DUMMY__ 0.46082725408408204 neg 0.2809155649265347 off 0.2582571809893832	false	1.0
drosselung	neg 1.0		__DUMMY__ 0.45627973668856575 neg 0.2729543965250493 off 0.27076586678638503	false	1.0
falsch	neg 1.0		__DUMMY__ 0.45753482633712467 neg 0.27398569428133285 off 0.26847947938154254	false	1.0
unzufriedenheit	neg 1.0		__DUMMY__ 0.4618628393865519 neg 0.28149713027142825 off 0.2566400303420197	false	1.0
kurz	neg 1.0		__DUMMY__ 0.46280783350024435 neg 0.27428250628684825 off 0.26290966021290735	false	1.0
unsinnig	neg 1.0		__DUMMY__ 0.4592418106510107 neg 0.27897122002012004 off 0.2617869693288693	false	1.0
penner	off 1.0	off 1.0	off 0.6279351242478601 __DUMMY__ 0.2187329029153872 neg 0.1533319728367528	false	1.0
seicht	neg 1.0		__DUMMY__ 0.45071415170496987 off 0.2801981516363627 neg 0.26908769665866744	false	0.5
dummheit	off 1.0	off 1.0	off 0.6213633728989986 __DUMMY__ 0.22099328532832777 neg 0.15764334177267364	false	1.0
unerfreulich	neg 1.0		__DUMMY__ 0.4623045683514847 neg 0.27995243557698885 off 0.25774299607152645	false	1.0
motherfucker	off 1.0	off 1.0	off 0.6244566899527375 __DUMMY__ 0.2208686581870621 neg 0.15467465186020035	false	1.0
pikiert	neg 1.0		__DUMMY__ 0.45529107034260546 neg 0.2747461829503317 off 0.2699627467070629	false	1.0
wrack	neg 1.0		__DUMMY__ 0.46162901211389934 neg 0.277065056489874 off 0.2613059313962268	false	1.0
gangster	neg 1.0		__DUMMY__ 0.4585792346629293 neg 0.2736961994843041 off 0.26772456585276655	false	1.0
krank	neg 1.0		__DUMMY__ 0.45772683317816293 off 0.2716171184630047 neg 0.27065604835883245	false	0.5
reich	neg 1.0		__DUMMY__ 0.45811639408521915 neg 0.2718579919448903 off 0.2700256139698906	false	1.0
gnadenlos	neg 1.0		__DUMMY__ 0.4579914027503157 neg 0.27748525425725007 off 0.2645233429924342	false	1.0
niedergeschlagen	neg 1.0		__DUMMY__ 0.4609726744636975 neg 0.27675873805723156 off 0.26226858747907095	false	1.0
terrorisieren	off 1.0	off 1.0	off 0.6172202413993348 __DUMMY__ 0.22411506551216365 neg 0.1586646930885014	false	1.0
sinnlosigkeit	neg 1.0		__DUMMY__ 0.45984262947218363 neg 0.27912801624444933 off 0.2610293542833671	false	1.0
behindern	neg 1.0		__DUMMY__ 0.460033271628042 neg 0.2772237685312925 off 0.2627429598406656	false	1.0
undemokratisch	neg 1.0		__DUMMY__ 0.45861568104463035 neg 0.2769608118254426 off 0.2644235071299269	false	1.0
wirtschaftskrise	neg 1.0		__DUMMY__ 0.45894142585160924 neg 0.28223501680813845 off 0.25882355734025225	false	1.0
neid	neg 1.0		__DUMMY__ 0.45993569730535794 neg 0.27076839473531195 off 0.2692959079593301	false	1.0
rutschen	neg 1.0		__DUMMY__ 0.46686938739345557 neg 0.27789102146073186 off 0.25523959114581257	false	1.0
rezession	neg 1.0		__DUMMY__ 0.4506403733113403 neg 0.27750501286124046 off 0.2718546138274193	false	1.0
fehlgeburt	neg 1.0		__DUMMY__ 0.4603109023051185 neg 0.2734097553869418 off 0.26627934230793976	false	1.0
charakterschwach	off 1.0		__DUMMY__ 0.4553586643650418 neg 0.2738202867275427 off 0.27082104890741554	false	0.5
isolation	neg 1.0		__DUMMY__ 0.4583561030757896 neg 0.2735341138886514 off 0.268109783035559	false	1.0
ablenkung	neg 1.0		__DUMMY__ 0.46082392215000123 neg 0.27490304909176183 off 0.26427302875823694	false	1.0
pech	neg 1.0		__DUMMY__ 0.458259287125574 neg 0.273476707682487 off 0.26826400519193905	false	1.0
vermeidung	neg 1.0		__DUMMY__ 0.4565970339181434 neg 0.27233142398621557 off 0.27107154209564094	false	1.0
dominieren	neg 1.0		__DUMMY__ 0.4608147962714308 neg 0.28034293979268865 off 0.25884226393588045	false	1.0
schwindlig	neg 1.0		__DUMMY__ 0.4598250865288356 neg 0.2733881367132415 off 0.2667867767579229	false	1.0
lutscher	neg 1.0	neg 1.0	neg 0.6224389882265852 __DUMMY__ 0.21807152762665047 off 0.1594894841467644	false	1.0
pflicht	neg 1.0		__DUMMY__ 0.46146775167715226 neg 0.281585756533932 off 0.2569464917889157	false	1.0
faschist	off 1.0		__DUMMY__ 0.4579378654706137 neg 0.27456214778799265 off 0.2674999867413936	false	0.5
verschleudern	neg 1.0		__DUMMY__ 0.460533636343529 neg 0.2815921215983664 off 0.2578742420581045	false	1.0
wenn			__DUMMY__ 0.4574355291443711 neg 0.273984548865732 off 0.26857992198989705	false	0.0
ehebruch	neg 1.0		__DUMMY__ 0.46052308375142853 neg 0.27975516725502986 off 0.2597217489935416	false	1.0
spott	off 1.0		__DUMMY__ 0.460119191718924 neg 0.280963122101598 off 0.2589176861794779	false	0.5
trostlosigkeit	neg 1.0		__DUMMY__ 0.46229236378744293 neg 0.28129817047015143 off 0.25640946574240564	false	1.0
lutschen	neg 1.0		__DUMMY__ 0.4562685249107335 neg 0.2764307685101627 off 0.26730070657910376	false	1.0
undiszipliniert	neg 1.0		__DUMMY__ 0.455757993225261 off 0.2729551468098328 neg 0.2712868599649062	false	0.5
kopfschmerz	neg 1.0		__DUMMY__ 0.45875737142871564 neg 0.28079296636941353 off 0.2604496622018709	false	1.0
unvorhergesehen	neg 1.0		__DUMMY__ 0.464910813035357 neg 0.275656259790423 off 0.25943292717422006	false	1.0
desinteressiert	neg 1.0	neg 1.0	neg 0.624895346164678 __DUMMY__ 0.22058015069269357 off 0.1545245031426284	false	1.0
armselig	off 1.0		__DUMMY__ 0.4537853037017726 neg 0.2731757019930514 off 0.27303899430517586	false	0.5
desaster	neg 1.0		__DUMMY__ 0.4626494752876208 neg 0.28235270253283584 off 0.2549978221795434	false	1.0
tod	neg 1.0		__DUMMY__ 0.46232213480441753 neg 0.27703604347189253 off 0.2606418217236899	false	1.0
herzlos	neg 1.0		__DUMMY__ 0.4548618652461969 off 0.2733721496674151 neg 0.2717659850863882	false	0.5
unwissenheit	neg 1.0		__DUMMY__ 0.4595456350643818 neg 0.28000302713480785 off 0.2604513378008103	false	1.0
widersinnig	neg 1.0		__DUMMY__ 0.4579379001956315 neg 0.2821638643033923 off 0.25989823550097624	false	1.0
bedenklich	neg 1.0		__DUMMY__ 0.4600908532429767 neg 0.28040130272711494 off 0.2595078440299083	false	1.0
beanstanden	neg 1.0		__DUMMY__ 0.46202230834673785 neg 0.2812856842300942 off 0.2566920074231679	false	1.0
panisch	neg 1.0	neg 1.0	neg 0.6246398429864373 __DUMMY__ 0.22359739728720363 off 0.15176275972635903	false	1.0
debil	off 1.0		__DUMMY__ 0.46632992481110586 neg 0.2825014117998038 off 0.2511686633890905	false	0.5
abstrich	neg 1.0		__DUMMY__ 0.46372839626333534 neg 0.27243459537569953 off 0.2638370083609652	false	1.0
primitiv	neg 1.0		__DUMMY__ 0.45502122274740037 neg 0.2737646128699639 off 0.2712141643826358	false	1.0
abschaum	off 1.0	off 1.0	off 0.6231302595086867 __DUMMY__ 0.2209434945404655 neg 0.15592624595084775	false	1.0
provozieren	neg 1.0		__DUMMY__ 0.45729366486224615 neg 0.27866674162922733 off 0.26403959350852646	false	1.0
tot	neg 1.0		__DUMMY__ 0.46068333359607305 neg 0.2787941808783479 off 0.26052248552557905	false	1.0
instabil	neg 1.0		__DUMMY__ 0.45420700637713735 neg 0.27347776274791497 off 0.2723152308749478	false	1.0
schwuchtel	off 1.0	off 1.0	off 0.6313018791377284 __DUMMY__ 0.21612059156547317 neg 0.1525775292967986	false	1.0
zerren	neg 1.0		__DUMMY__ 0.4606648695232323 neg 0.27792624895283113 off 0.2614088815239365	false	1.0
kinderficker	off 1.0		__DUMMY__ 0.4541182233690071 off 0.2766556423319301 neg 0.2692261342990629	false	1.0
gefahr	neg 1.0		__DUMMY__ 0.4630383570903572 neg 0.28008799187760547 off 0.2568736510320372	false	1.0
rabiat	neg 1.0		__DUMMY__ 0.459680923209122 neg 0.27644130715298504 off 0.263877769637893	false	1.0
verlangsamung	neg 1.0		__DUMMY__ 0.4498716632905366 off 0.276927936611046 neg 0.2732004000984174	false	0.5
ausgestorben	neg 1.0		__DUMMY__ 0.4604398248164925 neg 0.2758091958221902 off 0.2637509793613173	false	1.0
anklagen	neg 1.0		__DUMMY__ 0.4601984714838593 neg 0.2799082570494964 off 0.25989327146664437	false	1.0
trott	neg 1.0		__DUMMY__ 0.4601049844812317 neg 0.27664785684835275 off 0.26324715867041565	false	1.0
verminderung	neg 1.0		__DUMMY__ 0.4562420116053183 neg 0.27230238727561706 off 0.2714556011190647	false	1.0
nach			__DUMMY__ 0.4678824488123554 neg 0.2779962359804197 off 0.2541213152072249	false	0.0
rost	neg 1.0		__DUMMY__ 0.4534009618282076 off 0.276824546447259 neg 0.2697744917245333	false	0.5
destruktiv	neg 1.0		__DUMMY__ 0.45866830644226736 neg 0.27830737252384086 off 0.2630243210338918	false	1.0
unzumutbarkeit	neg 1.0		__DUMMY__ 0.4577769257803002 neg 0.2718889148085564 off 0.2703341594111433	false	1.0
labil	off 1.0	off 1.0	off 0.6227073628358498 __DUMMY__ 0.22142351535210067 neg 0.15586912181204957	false	1.0
ziemlich	neg 1.0		__DUMMY__ 0.45826015922171853 off 0.2712022253215014 neg 0.2705376154567802	false	0.5
lachnummer	off 1.0		__DUMMY__ 0.4581244146182571 neg 0.27821196042919366 off 0.2636636249525493	false	0.5
oder			__DUMMY__ 0.46050684735482234 neg 0.2743287274166892 off 0.26516442522848843	false	0.0
verfall	neg 1.0		__DUMMY__ 0.4641174935753565 neg 0.2833278344963174 off 0.252554671928326	false	1.0
ausgrenzung	neg 1.0		__DUMMY__ 0.45832298191384124 neg 0.27657711447715017 off 0.2650999036090086	false	1.0
unordnung	neg 1.0		__DUMMY__ 0.4578723712145599 off 0.2736352771890419 neg 0.26849235159639806	false	0.5
fehlverhalten	neg 1.0		__DUMMY__ 0.4601333831311303 neg 0.2826664284312071 off 0.2572001884376627	false	1.0
eine			__DUMMY__ 0.46367654298924255 neg 0.2784494260499932 off 0.25787403096076417	false	0.0
nille	neg 1.0		__DUMMY__ 0.46055024168837 neg 0.27613431962135254 off 0.2633154386902775	false	1.0
qual	neg 1.0		__DUMMY__ 0.4603794989853516 neg 0.2767862019496207 off 0.2628342990650276	false	1.0
verschwenden	neg 1.0		__DUMMY__ 0.46020979871868517 neg 0.2810783067844412 off 0.2587118944968735	false	1.0
riesig	neg 1.0		__DUMMY__ 0.4621450199908181 neg 0.27782432036550897 off 0.26003065964367295	false	1.0
verurteilen	neg 1.0		__DUMMY__ 0.45851798253636133 neg 0.2816061517222218 off 0.25987586574141686	false	1.0
klischee	neg 1.0	neg 1.0	neg 0.6269608409281562 __DUMMY__ 0.22111746096339946 off 0.1519216981084445	false	1.0
diktatorisch	neg 1.0		__DUMMY__ 0.45807933516023785 neg 0.27747187786665467 off 0.2644487869731074	false	1.0
vorhersehbar	neg 1.0		__DUMMY__ 0.4565320609154377 neg 0.2766181406630302 off 0.2668497984215321	false	1.0
sowie			__DUMMY__ 0.4524378057526945 off 0.275061983986311 neg 0.27250021026099464	false	0.0
stornieren	neg 1.0		__DUMMY__ 0.4628323420408095 neg 0.2696914083144636 off 0.267476249644727	false	1.0
besteuerung	neg 1.0		__DUMMY__ 0.45648578132478057 neg 0.28034148340575854 off 0.2631727352694609	false	1.0
ungeschminkt	neg 1.0		__DUMMY__ 0.4534399401763372 neg 0.2764597353502952 off 0.27010032447336757	false	1.0
kritisch	neg 1.0		__DUMMY__ 0.46057261678579786 neg 0.2800880157743499 off 0.2593393674398522	false	1.0
schlamperei	off 1.0		__DUMMY__ 0.462203747963296 neg 0.27960469662943194 off 0.2581915554072721	false	0.5
sucht	neg 1.0	neg 1.0	neg 0.6233845958420121 __DUMMY__ 0.22553647947882557 off 0.15107892467916229	false	1.0
egoistisch	off 1.0		__DUMMY__ 0.4527867795099663 off 0.2764068165590969 neg 0.2708064039309368	false	1.0
ausbeuter	off 1.0		__DUMMY__ 0.45946091836035147 neg 0.28361977879593875 off 0.25691930284370984	false	0.5
arschgeburt	off 1.0		__DUMMY__ 0.446397175980989 off 0.28373551027321997 neg 0.2698673137457909	false	1.0
schubs	neg 1.0		__DUMMY__ 0.4612939301407287 neg 0.2769159453228922 off 0.2617901245363789	false	1.0
unsolide	neg 1.0		__DUMMY__ 0.456736285522013 neg 0.27849313764071865 off 0.26477057683726846	false	1.0
beschwerde	neg 1.0		__DUMMY__ 0.46021534016777604 neg 0.2813870206932896 off 0.25839763913893443	false	1.0
stocken	neg 1.0		__DUMMY__ 0.4615123581585759 neg 0.2801517030563283 off 0.2583359387850958	false	1.0
isolieren	neg 1.0		__DUMMY__ 0.4604114183499142 neg 0.27968974630988513 off 0.25989883534020064	false	1.0
unheilbar	neg 1.0		__DUMMY__ 0.459473060621098 neg 0.27652045953611404 off 0.264006479842788	false	1.0
pisser	off 1.0		__DUMMY__ 0.4534233641901026 neg 0.2744158984191047 off 0.2721607373907928	false	0.5
löschen	neg 1.0		__DUMMY__ 0.45996632363401185 neg 0.27642638074122194 off 0.26360729562476626	false	1.0
durchfallen	neg 1.0		__DUMMY__ 0.4593322069304201 neg 0.2809409350865729 off 0.25972685798300704	false	1.0
wichser	off 1.0	off 1.0	off 0.6299348416934016 __DUMMY__ 0.2178399947751961 neg 0.1522251635314022	false	1.0
terror	neg 1.0		__DUMMY__ 0.459054022788286 neg 0.2734683543780813 off 0.26747762283363274	false	1.0
krass	neg 1.0		__DUMMY__ 0.45469729524811653 off 0.2742605935037139 neg 0.2710421112481695	false	0.5
revolte	neg 1.0		__DUMMY__ 0.4581924620462732 neg 0.2761610275387498 off 0.265646510414977	false	1.0
besorgt	neg 1.0		__DUMMY__ 0.4634131136313577 neg 0.27382486778017373 off 0.26276201858846865	false	1.0
nachlassen	neg 1.0		__DUMMY__ 0.4624152270245751 neg 0.27897253324356164 off 0.2586122397318632	false	1.0
alt	neg 1.0		__DUMMY__ 0.45984638501810593 neg 0.27984100985918825 off 0.26031260512270576	false	1.0
hundesohn	off 1.0		__DUMMY__ 0.44980925128427934 off 0.28038292665952996 neg 0.2698078220561908	false	1.0
als			__DUMMY__ 0.46141018569203773 neg 0.27692972643938646 off 0.26166008786857575	false	0.0
abschreckung	neg 1.0		__DUMMY__ 0.46182679099844354 neg 0.2818608712029817 off 0.25631233779857493	false	1.0
unqualifiziert	neg 1.0		__DUMMY__ 0.4560272326622636 neg 0.2761928821638827 off 0.26777988517385387	false	1.0
abgewichst	off 1.0		__DUMMY__ 0.4613579799570522 neg 0.2758392568047179 off 0.26280276323823	false	0.5
schwer	neg 1.0		__DUMMY__ 0.45944517367467047 neg 0.27764067194655917 off 0.26291415437877036	false	1.0
bedeutungslosigkeit	neg 1.0		__DUMMY__ 0.46134380519741475 neg 0.2811459179842016 off 0.25751027681838357	false	1.0
kapitulation	neg 1.0		__DUMMY__ 0.46102428823660097 neg 0.2799270946662707 off 0.2590486170971284	false	1.0
unscharf	neg 1.0		__DUMMY__ 0.4572456655709416 neg 0.27658490090262033 off 0.26616943352643796	false	1.0
schwinden	neg 1.0		__DUMMY__ 0.4612092958050752 neg 0.2818096533868677 off 0.25698105080805705	false	1.0
versklavung	neg 1.0		__DUMMY__ 0.45870085317429454 neg 0.2771846806802667 off 0.2641144661454387	false	1.0
schlecht	neg 1.0		__DUMMY__ 0.4580307136886854 off 0.2713011998516548 neg 0.2706680864596598	false	0.5
verhasst	neg 1.0		__DUMMY__ 0.45625647505718636 neg 0.27938618627527784 off 0.2643573386675358	false	1.0
beschweren	neg 1.0		__DUMMY__ 0.4587953194974847 neg 0.2751005562282616 off 0.2661041242742538	false	1.0
scheiden	neg 1.0		__DUMMY__ 0.4614202268816627 neg 0.27440178475151267 off 0.26417798836682466	false	1.0
frustriert	neg 1.0		__DUMMY__ 0.4592871354198676 neg 0.2790459598071964 off 0.2616669047729362	false	1.0
schimmelig	neg 1.0		__DUMMY__ 0.4577627818971168 neg 0.2831266297074386 off 0.25911058839544465	false	1.0
fisch	neg 1.0		__DUMMY__ 0.4603567529502279 neg 0.28329655622413435 off 0.2563466908256376	false	1.0
schmuggel	neg 1.0		__DUMMY__ 0.46159883634865073 neg 0.2802881083742415 off 0.2581130552771079	false	1.0
auffallen	neg 1.0		__DUMMY__ 0.45854277891095707 neg 0.2743791894849479 off 0.267078031604095	false	1.0
konkurrenz	neg 1.0		__DUMMY__ 0.46210391466465955 neg 0.281986907094746 off 0.25590917824059445	false	1.0
teufelskreis	neg 1.0	neg 1.0	neg 0.6290692506353053 __DUMMY__ 0.2219413289768819 off 0.14898942038781293	false	1.0
aufschreien	neg 1.0		__DUMMY__ 0.4571260471372165 neg 0.2762578776936242 off 0.2666160751691592	false	1.0
schuldner	neg 1.0		__DUMMY__ 0.45969912280001046 neg 0.2842436680468891 off 0.2560572091531005	false	1.0
missgeburt	off 1.0	off 1.0	off 0.6270040360759271 __DUMMY__ 0.21815688546184592 neg 0.15483907846222703	false	1.0
arbeitslos	neg 1.0		__DUMMY__ 0.4594294538628159 neg 0.2803315446457336 off 0.2602390014914505	false	1.0
befallen	neg 1.0		__DUMMY__ 0.45797660168039445 neg 0.28133431703533834 off 0.2606890812842671	false	1.0
miesepetrig	off 1.0	off 1.0	off 0.6235600494418035 __DUMMY__ 0.22176904386094046 neg 0.154670906697256	false	1.0
alarmieren	neg 1.0		__DUMMY__ 0.45589947377631573 neg 0.27609358315004157 off 0.26800694307364287	false	1.0
ungeduscht	off 1.0		__DUMMY__ 0.4558576571995058 neg 0.27611984402769574 off 0.26802249877279843	false	0.5
knappheit	neg 1.0		__DUMMY__ 0.4581732762416458 neg 0.2829276791435978 off 0.25889904461475644	false	1.0
schlange	neg 1.0		__DUMMY__ 0.461466520145274 neg 0.2720703595593317 off 0.2664631202953943	false	1.0
harsch	neg 1.0		__DUMMY__ 0.45608831303944897 off 0.2759077155335709 neg 0.26800397142697996	false	0.5
lang	neg 1.0		__DUMMY__ 0.4599287860795738 neg 0.27530935335713674 off 0.2647618605632894	false	1.0
ziellos	neg 1.0		__DUMMY__ 0.46238865274186675 neg 0.2772186782870052 off 0.26039266897112795	false	1.0
selbstverliebt	neg 1.0		__DUMMY__ 0.44900276690738233 off 0.2818889989659769 neg 0.26910823412664076	false	0.5
beseitigen	neg 1.0		__DUMMY__ 0.46044908764291526 neg 0.2777092921598153 off 0.26184162019726936	false	1.0
dumm	off 1.0		__DUMMY__ 0.45317020725263074 off 0.2774772867185019 neg 0.26935250602886734	false	1.0
arbeitsloser	neg 1.0		__DUMMY__ 0.4617798272786071 neg 0.27708988585343 off 0.2611302868679629	false	1.0
blitzen	neg 1.0		__DUMMY__ 0.45885927635565216 neg 0.27348210931826333 off 0.2676586143260847	false	1.0
hilflos	neg 1.0		__DUMMY__ 0.45952005522288253 neg 0.2793088194746556 off 0.2611711253024619	false	1.0
eklig	off 1.0		__DUMMY__ 0.4507500207798286 off 0.27729218110990783 neg 0.27195779811026355	false	1.0
begriff			__DUMMY__ 0.4600426936550461 neg 0.2769883727342876 off 0.2629689336106662	false	0.0
hungersnot	neg 1.0		__DUMMY__ 0.46027678605496675 neg 0.2793596743906339 off 0.2603635395543994	false	1.0
ungesetzlich	neg 1.0		__DUMMY__ 0.45686539535501347 neg 0.2795734970635569 off 0.2635611075814297	false	1.0
verschwendung	neg 1.0		__DUMMY__ 0.46118076568051825 neg 0.28037350077352924 off 0.2584457335459525	false	1.0
schmerzvoll	neg 1.0		__DUMMY__ 0.45836219157671837 neg 0.2761517266261532 off 0.26548608179712846	false	1.0
vorzeitig	neg 1.0		__DUMMY__ 0.45739635831665293 neg 0.27619391690915884 off 0.26640972477418823	false	1.0
unvollkommenheit	neg 1.0		__DUMMY__ 0.46370638653273977 neg 0.2749068430521289 off 0.26138677041513125	false	1.0
intervenieren	neg 1.0		__DUMMY__ 0.4604043762212826 neg 0.2817229599162921 off 0.25787266386242536	false	1.0
banause	off 1.0		__DUMMY__ 0.448607856837754 off 0.27984906025032574 neg 0.2715430829119201	false	1.0
rebell	neg 1.0		__DUMMY__ 0.4630278714899857 neg 0.2826879469080148 off 0.25428418160199956	false	1.0
unlogisch	neg 1.0		__DUMMY__ 0.45450907685061487 off 0.27305489005567046 neg 0.2724360330937146	false	0.5
leiden	neg 1.0		__DUMMY__ 0.4635998405908415 neg 0.2783619210972718 off 0.2580382383118866	false	1.0
abschaffung	neg 1.0		__DUMMY__ 0.45930597560668773 neg 0.2768248571191234 off 0.2638691672741888	false	1.0
sturz	neg 1.0		__DUMMY__ 0.46072553734482613 neg 0.27522855177811845 off 0.26404591087705537	false	1.0
verkleinerung	neg 1.0		__DUMMY__ 0.45635577840951036 neg 0.27730165848717014 off 0.26634256310331944	false	1.0
schmarotzer	off 1.0		__DUMMY__ 0.45858618293294084 neg 0.28046884046771786 off 0.2609449765993414	false	0.5
bestrafung	neg 1.0		__DUMMY__ 0.4588911163736624 neg 0.2763553632840666 off 0.26475352034227095	false	1.0
achtlos	neg 1.0	neg 1.0	neg 0.6272623050822532 __DUMMY__ 0.2233944735486342 off 0.1493432213691124	false	1.0
ungeheuer	neg 1.0		__DUMMY__ 0.4590037514344529 neg 0.2743167045709177 off 0.2666795439946294	false	1.0
unaufrichtig	neg 1.0		__DUMMY__ 0.46062140241784283 neg 0.2711468140256122 off 0.2682317835565449	false	1.0
groggy	neg 1.0		__DUMMY__ 0.4583544930194236 neg 0.2743969788477405 off 0.2672485281328359	false	1.0
verletzlich	neg 1.0		__DUMMY__ 0.45457597311473485 neg 0.27512329155106496 off 0.2703007353342	false	1.0
ablehnen	neg 1.0		__DUMMY__ 0.4604063377989057 neg 0.27942225248372854 off 0.2601714097173657	false	1.0
