unsolidarisch	neg 1.0		neg 0.3506718932178444 off 0.3289184370883817 __DUMMY__ 0.3204096696937739	false	1.0
nachteilig	neg 1.0		neg 0.3513092536573782 off 0.32542378591912646 __DUMMY__ 0.3232669604234954	false	1.0
skeptisch	neg 1.0		neg 0.35146833107131015 off 0.32493179170689096 __DUMMY__ 0.3235998772217989	false	1.0
schrecklich	neg 1.0		off 0.3413297026221076 neg 0.33951481975099174 __DUMMY__ 0.31915547762690066	false	0.5
schlapp	neg 1.0		neg 0.34226055363743296 off 0.33705121868474064 __DUMMY__ 0.32068822767782657	false	1.0
abfall	neg 1.0		neg 0.3534265337405123 __DUMMY__ 0.3252361790194249 off 0.32133728724006266	false	1.0
widerspenstig	neg 1.0		neg 0.3468330701885287 off 0.3309711188624756 __DUMMY__ 0.32219581094899585	false	1.0
abrupt	neg 1.0		neg 0.3498529451977891 off 0.3261817724630108 __DUMMY__ 0.32396528233920013	false	1.0
unwirksam	neg 1.0		neg 0.351376208049355 off 0.3286517223602913 __DUMMY__ 0.31997206959035374	false	1.0
angreifen	neg 1.0		neg 0.35313703652861655 off 0.3240997954690207 __DUMMY__ 0.3227631680023628	false	1.0
inkonsistent	neg 1.0		neg 0.3492943013607963 off 0.3304180464769467 __DUMMY__ 0.320287652162257	false	1.0
abrutschen	neg 1.0		neg 0.35442056066725297 __DUMMY__ 0.32430149918313156 off 0.3212779401496155	false	1.0
unsicher	neg 1.0		neg 0.34560965534762084 off 0.33124325022749246 __DUMMY__ 0.32314709442488676	false	1.0
bauernkind	off 1.0	off 1.0	off 0.6569955103058192 neg 0.19231073992332598 __DUMMY__ 0.15069374977085478	false	1.0
angreifer	neg 1.0	neg 1.0	neg 0.6607396189050999 off 0.18397050378829186 __DUMMY__ 0.15528987730660812	false	1.0
trennen	neg 1.0		neg 0.34998221118273026 off 0.32529119539239054 __DUMMY__ 0.3247265934248792	false	1.0
schmutz	neg 1.0		neg 0.3436578524892777 off 0.3332975913391921 __DUMMY__ 0.3230445561715302	false	1.0
inkonsistenz	neg 1.0		neg 0.3472837467360528 off 0.3347721538417728 __DUMMY__ 0.31794409942217433	false	1.0
erschreckend	neg 1.0		neg 0.3488920532713388 off 0.32927655983710563 __DUMMY__ 0.32183138689155544	false	1.0
ertrinken	neg 1.0		neg 0.35229954283376724 off 0.324792439543386 __DUMMY__ 0.32290801762284693	false	1.0
pickelface	off 1.0		neg 0.34793133665739756 off 0.3295259196420659 __DUMMY__ 0.3225427437005365	false	0.5
seiner			neg 0.350977341308525 off 0.32537223847462055 __DUMMY__ 0.3236504202168544	false	0.0
lauch	neg 1.0		neg 0.3529129536339011 __DUMMY__ 0.3247850111944705 off 0.3223020351716285	false	1.0
unwichtig	neg 1.0		neg 0.34461354563929614 off 0.33564458877616943 __DUMMY__ 0.3197418655845345	false	1.0
steuerhinterziehung	neg 1.0	neg 1.0	neg 0.6642646187612484 off 0.18059542805952897 __DUMMY__ 0.1551399531792225	false	1.0
schock	neg 1.0		neg 0.34799723648902425 off 0.3295091062446398 __DUMMY__ 0.3224936572663359	false	1.0
beule	neg 1.0		neg 0.34344441211488574 off 0.3372567313260754 __DUMMY__ 0.3192988565590387	false	1.0
vergelten	neg 1.0		off 0.3409199841513566 neg 0.33816949438595095 __DUMMY__ 0.32091052146269244	false	0.5
verdorbenheit	neg 1.0		neg 0.3431306024405457 off 0.33289956105327173 __DUMMY__ 0.3239698365061826	false	1.0
trauma	neg 1.0		neg 0.3466862670897102 off 0.3315517423313218 __DUMMY__ 0.3217619905789679	false	1.0
sinnlos	neg 1.0		neg 0.34543804874456896 off 0.33312463722813124 __DUMMY__ 0.32143731402729986	false	1.0
fettsack	off 1.0	off 1.0	off 0.6583467323422144 neg 0.1902803779691138 __DUMMY__ 0.1513728896886718	false	1.0
feige	off 1.0	off 1.0	off 0.6553076693897505 neg 0.19151572324946708 __DUMMY__ 0.1531766073607823	false	1.0
abdanken	neg 1.0		neg 0.3489446777031231 off 0.32923392495715104 __DUMMY__ 0.32182139733972587	false	1.0
wichtigtuer	off 1.0	off 1.0	off 0.6541277307034419 neg 0.1917448760902856 __DUMMY__ 0.15412739320627242	false	1.0
misslingen	neg 1.0		neg 0.34031182677883554 off 0.3340279649306743 __DUMMY__ 0.3256602082904901	false	1.0
untreu	off 1.0		neg 0.34374840426745257 off 0.33641113683114804 __DUMMY__ 0.3198404589013994	false	0.5
missmutig	neg 1.0		neg 0.3431731885614905 off 0.33610527001435886 __DUMMY__ 0.32072154142415066	false	1.0
hurenbock	off 1.0		neg 0.3450086389647411 off 0.3330364179304053 __DUMMY__ 0.3219549431048536	false	0.5
betrunken	neg 1.0		neg 0.3413276655975394 off 0.3387712963753822 __DUMMY__ 0.3199010380270785	false	1.0
korrupt	off 1.0		neg 0.35323718924337183 off 0.3260277870856513 __DUMMY__ 0.32073502367097695	false	0.5
unmut	neg 1.0		neg 0.3533854911598138 __DUMMY__ 0.32480512301713144 off 0.3218093858230546	false	1.0
hackfresse	off 1.0		off 0.3446558148385583 neg 0.33833120366370223 __DUMMY__ 0.31701298149773954	false	1.0
aufblasen	neg 1.0		neg 0.34521277374177584 off 0.3329147400552872 __DUMMY__ 0.3218724862029369	false	1.0
gewaltsam	neg 1.0		neg 0.3485737429251076 off 0.32878708969982356 __DUMMY__ 0.32263916737506876	false	1.0
unbeliebtheit	neg 1.0		neg 0.34796726871402234 off 0.33340198730634446 __DUMMY__ 0.31863074397963326	false	1.0
sturheit	neg 1.0		neg 0.35023943567301347 off 0.3281798558475452 __DUMMY__ 0.3215807084794414	false	1.0
kuh	neg 1.0		neg 0.3505331177638088 off 0.33113401983938023 __DUMMY__ 0.318332862396811	false	1.0
erschrecken	neg 1.0		neg 0.3428726586113905 off 0.3359797333737835 __DUMMY__ 0.32114760801482606	false	1.0
opfer	neg 1.0		neg 0.3503388526425655 off 0.3264830563129295 __DUMMY__ 0.32317809104450496	false	1.0
sinken	neg 1.0		neg 0.3533263159440096 __DUMMY__ 0.32439426967729856 off 0.32227941437869184	false	1.0
stinktier	neg 1.0		neg 0.34645842487277384 off 0.33882362264703625 __DUMMY__ 0.31471795248019	false	1.0
tucke	off 1.0		off 0.34468056108360245 neg 0.3402220118614556 __DUMMY__ 0.3150974270549419	false	1.0
ein			neg 0.346300355203991 off 0.33184826215756297 __DUMMY__ 0.32185138263844615	false	0.0
abstieg	neg 1.0		neg 0.35212376486597385 off 0.3248249557062877 __DUMMY__ 0.3230512794277384	false	1.0
missverstehen	neg 1.0		neg 0.3467736930653847 off 0.33320984812545945 __DUMMY__ 0.32001645880915586	false	1.0
ergebnislos	neg 1.0		neg 0.35062066484959836 off 0.3252960574133323 __DUMMY__ 0.3240832777370694	false	1.0
unter			neg 0.3541624833222741 __DUMMY__ 0.3280658075340581 off 0.3177717091436678	false	0.0
manipulieren	neg 1.0		neg 0.3516648918364031 off 0.3245054677028957 __DUMMY__ 0.32382964046070123	false	1.0
unbewiesen	neg 1.0		neg 0.35159614582202486 off 0.3284872061047672 __DUMMY__ 0.31991664807320774	false	1.0
verschleppen	neg 1.0		neg 0.3515780598016426 off 0.3261494713838104 __DUMMY__ 0.322272468814547	false	1.0
weib	off 1.0		off 0.34328908021464216 neg 0.3425912792148638 __DUMMY__ 0.314119640570494	false	1.0
opposition	neg 1.0		neg 0.34784528913684026 off 0.3315471509254992 __DUMMY__ 0.3206075599376605	false	1.0
verkehrswidrig	neg 1.0		off 0.3427634069757799 neg 0.33594212903112247 __DUMMY__ 0.3212944639930975	false	0.5
inkorrekt	neg 1.0		neg 0.34292270326573604 off 0.3392462717146221 __DUMMY__ 0.3178310250196417	false	1.0
vermeiden	neg 1.0	neg 1.0	neg 0.6647997427776082 off 0.17748073076270474 __DUMMY__ 0.15771952645968704	false	1.0
abweichung	neg 1.0		neg 0.35012263668724714 off 0.32654268316793716 __DUMMY__ 0.3233346801448158	false	1.0
alkoholisiert	neg 1.0		neg 0.348804592707325 off 0.32647187575160247 __DUMMY__ 0.32472353154107253	false	1.0
scheiss	off 1.0	off 1.0	off 0.656208395481914 neg 0.19004535054360247 __DUMMY__ 0.15374625397448355	false	1.0
herausforderung	neg 1.0		neg 0.35053344601745956 off 0.32529982472994196 __DUMMY__ 0.3241667292525984	false	1.0
pervers	off 1.0		off 0.34788390044739703 neg 0.33700229231000683 __DUMMY__ 0.3151138072425961	false	1.0
wackelig	neg 1.0		neg 0.34508972431731966 off 0.33000877423695735 __DUMMY__ 0.3249015014457229	false	1.0
verwickeln	neg 1.0		neg 0.3472460506392354 off 0.33256603677598817 __DUMMY__ 0.3201879125847763	false	1.0
vorwand	neg 1.0		neg 0.35245423412926924 off 0.3240799865079754 __DUMMY__ 0.3234657793627552	false	1.0
muschi	off 1.0		neg 0.34785772445369395 off 0.3296665683676277 __DUMMY__ 0.32247570717867824	false	0.5
entmutigung	neg 1.0		neg 0.34785204621720633 off 0.33118200967094674 __DUMMY__ 0.320965944111847	false	1.0
unangemessen	neg 1.0		neg 0.3510315689861362 off 0.3276861572836564 __DUMMY__ 0.3212822737302074	false	1.0
unstetig	neg 1.0		neg 0.34432353630764573 off 0.33398544251543627 __DUMMY__ 0.32169102117691795	false	1.0
entmutigen	neg 1.0		neg 0.346781240581 off 0.33153809472384893 __DUMMY__ 0.321680664695151	false	1.0
schwanz	neg 1.0		neg 0.35015157239657657 off 0.32672800103959093 __DUMMY__ 0.3231204265638324	false	1.0
verbot	neg 1.0		neg 0.351246642775439 off 0.32657023350090536 __DUMMY__ 0.32218312372365565	false	1.0
leid	neg 1.0		off 0.34236942236064133 neg 0.34004706356018716 __DUMMY__ 0.31758351407917157	false	0.5
archaisch	neg 1.0		neg 0.349298633649264 off 0.32862694766018063 __DUMMY__ 0.3220744186905553	false	1.0
gegen			neg 0.352624348242964 __DUMMY__ 0.32472081243074946 off 0.3226548393262866	false	0.0
scheidung	neg 1.0		off 0.35415902902870044 neg 0.32984936279297894 __DUMMY__ 0.31599160817832067	false	0.5
einschlag	neg 1.0		neg 0.3412310755272157 off 0.3395577368269928 __DUMMY__ 0.3192111876457914	false	1.0
m			neg 0.3479366800424215 off 0.3284659579400121 __DUMMY__ 0.3235973620175664	false	0.0
abgestanden	neg 1.0		neg 0.3483885242834884 off 0.3306583088529059 __DUMMY__ 0.32095316686360575	false	1.0
schmierig	off 1.0		off 0.34194473392073804 neg 0.3396440691578071 __DUMMY__ 0.318411196921455	false	1.0
unpraktisch	neg 1.0		neg 0.34545164240489107 off 0.3326490363502891 __DUMMY__ 0.3218993212448199	false	1.0
wixxer	off 1.0		off 0.34725145435154836 neg 0.3387590375380799 __DUMMY__ 0.31398950811037185	false	1.0
bezeichnet			neg 0.34996050471440343 off 0.3294626696175884 __DUMMY__ 0.3205768256680083	false	0.0
jammerlappen	off 1.0		neg 0.34266336278458914 off 0.33651877342645836 __DUMMY__ 0.3208178637889524	false	0.5
farce	neg 1.0		neg 0.35160009444317236 off 0.3271889085902466 __DUMMY__ 0.3212109969665812	false	1.0
zwecklos	neg 1.0		neg 0.35082066384503624 off 0.32749065029685714 __DUMMY__ 0.32168868585810645	false	1.0
turbulent	neg 1.0		neg 0.3455174781861829 off 0.3363754400757896 __DUMMY__ 0.3181070817380276	false	1.0
invasion	neg 1.0		neg 0.34595873619462614 off 0.3327528032810007 __DUMMY__ 0.32128846052437315	false	1.0
schuld	neg 1.0		neg 0.34820422563546716 off 0.3310480706174911 __DUMMY__ 0.3207477037470417	false	1.0
risiko	neg 1.0	neg 1.0	neg 0.6605738024137798 off 0.18374237167395197 __DUMMY__ 0.15568382591226818	false	1.0
finster	neg 1.0		neg 0.34804072444333395 off 0.33137245420469497 __DUMMY__ 0.32058682135197114	false	1.0
geisteskrank	off 1.0		neg 0.3451889612246634 off 0.3368325063823587 __DUMMY__ 0.31797853239297785	false	0.5
zusammenbrechen	neg 1.0		neg 0.3488606754584199 off 0.3284509509542002 __DUMMY__ 0.32268837358737995	false	1.0
ausbeute	neg 1.0		neg 0.342023639818438 off 0.3302338157460626 __DUMMY__ 0.3277425444354994	false	1.0
hinterhalt	neg 1.0		neg 0.3442261999296402 off 0.3305577928400372 __DUMMY__ 0.3252160072303225	false	1.0
kritik	neg 1.0		neg 0.35214529347626305 off 0.326791622475245 __DUMMY__ 0.3210630840484918	false	1.0
einschrumpfen	neg 1.0		neg 0.34598261629264065 off 0.33430992055820113 __DUMMY__ 0.3197074631491583	false	1.0
riskant	neg 1.0		neg 0.3522254653473589 off 0.3250330998482004 __DUMMY__ 0.32274143480444073	false	1.0
frustrieren	neg 1.0		neg 0.35081555103764533 off 0.3263535591551684 __DUMMY__ 0.32283088980718627	false	1.0
groll	neg 1.0		neg 0.3514672189873722 off 0.32683817697336887 __DUMMY__ 0.32169460403925904	false	1.0
gibt			neg 0.3480418844957788 off 0.3288762619824996 __DUMMY__ 0.3230818535217217	false	0.0
qualvoll	neg 1.0		neg 0.34491706406751726 off 0.3340633911972005 __DUMMY__ 0.3210195447352821	false	1.0
wackeln	neg 1.0		neg 0.34488361959731606 off 0.3322897451612343 __DUMMY__ 0.3228266352414498	false	1.0
klagen	neg 1.0		neg 0.35383280960321434 __DUMMY__ 0.3239805133414165 off 0.3221866770553692	false	1.0
bankrott	neg 1.0		neg 0.3422573041659582 off 0.3362089294044976 __DUMMY__ 0.321533766429544	false	1.0
trauern	neg 1.0		neg 0.34957630271666507 off 0.3264504197227728 __DUMMY__ 0.323973277560562	false	1.0
ablehnung	neg 1.0		neg 0.3516058145443992 off 0.3268423309417127 __DUMMY__ 0.32155185451388824	false	1.0
stur	neg 1.0		neg 0.3476036776809842 off 0.33146820593367227 __DUMMY__ 0.3209281163853435	false	1.0
aufruhr	neg 1.0		neg 0.3490637756164142 off 0.32886437117299766 __DUMMY__ 0.3220718532105881	false	1.0
melancholie	neg 1.0		neg 0.3504452927837188 off 0.32676613325773046 __DUMMY__ 0.32278857395855076	false	1.0
ist			neg 0.3455094280427502 off 0.3329119177709736 __DUMMY__ 0.3215786541862761	false	0.0
torheit	neg 1.0		neg 0.34778389000000703 off 0.33058686385849767 __DUMMY__ 0.32162924614149535	false	1.0
dreckskind	off 1.0		neg 0.3424349389539119 off 0.3420283887375393 __DUMMY__ 0.3155366723085488	false	0.5
umtauschen	neg 1.0		neg 0.3467478220515977 off 0.3306269958907565 __DUMMY__ 0.3226251820576457	false	1.0
zum			neg 0.3496935466179358 __DUMMY__ 0.32803454525483877 off 0.32227190812722556	false	0.0
zersetzen	neg 1.0		neg 0.3535689204126682 off 0.32380063512557106 __DUMMY__ 0.3226304444617609	false	1.0
zur			neg 0.3525408386597338 __DUMMY__ 0.3269531647949434 off 0.32050599654532275	false	0.0
frust	neg 1.0		neg 0.3487127599139157 off 0.3284867685052947 __DUMMY__ 0.3228004715807896	false	1.0
unerbittlichkeit	neg 1.0		neg 0.3527278258533799 off 0.32413743829993524 __DUMMY__ 0.3231347358466847	false	1.0
zwei			neg 0.3492940449989103 __DUMMY__ 0.32739070808973153 off 0.32331524691135805	false	0.0
unkorrekt	neg 1.0		neg 0.3409557821975373 off 0.33985570155818423 __DUMMY__ 0.31918851624427846	false	1.0
hexe	off 1.0		neg 0.3481799265648209 off 0.3342835721570286 __DUMMY__ 0.3175365012781505	false	0.5
lasch	neg 1.0		neg 0.34650567593355247 off 0.334046903578159 __DUMMY__ 0.3194474204882885	false	1.0
rivale	neg 1.0		neg 0.3428210290216736 off 0.338276986807643 __DUMMY__ 0.3189019841706833	false	1.0
mutlos	off 1.0	off 1.0	off 0.6495860013974504 neg 0.1951571523933548 __DUMMY__ 0.15525684620919486	false	1.0
wirr	off 1.0		neg 0.34304873860572804 off 0.3395264800568662 __DUMMY__ 0.3174247813374058	false	0.5
jahr			neg 0.34399807081765216 __DUMMY__ 0.3283758814804516 off 0.32762604770189635	false	0.0
wird			neg 0.34988449792261234 off 0.3271835280572091 __DUMMY__ 0.32293197402017837	false	0.0
strafbar	neg 1.0		neg 0.351072176369684 off 0.3258996978322274 __DUMMY__ 0.3230281257980885	false	1.0
erosion	neg 1.0		neg 0.345412414691581 off 0.3314368369902377 __DUMMY__ 0.32315074831818136	false	1.0
eingehen	neg 1.0		neg 0.3516096182691566 off 0.3258151363794818 __DUMMY__ 0.32257524535136156	false	1.0
faul	off 1.0		neg 0.34288124649156565 off 0.335933839391739 __DUMMY__ 0.3211849141166954	false	0.5
provisorium	neg 1.0		neg 0.35151494878020584 __DUMMY__ 0.3290623659989322 off 0.31942268522086187	false	1.0
schmerzen	neg 1.0		neg 0.34992188826943577 off 0.3286663909408472 __DUMMY__ 0.321411720789717	false	1.0
schrumpfen	neg 1.0		neg 0.3559052314854717 __DUMMY__ 0.32479961791448525 off 0.31929515060004304	false	1.0
geistlos	off 1.0		neg 0.34862175192526246 off 0.3321870096973804 __DUMMY__ 0.31919123837735724	false	0.5
fehlkauf	neg 1.0		neg 0.3461071170848227 off 0.3325209276332521 __DUMMY__ 0.3213719552819253	false	1.0
frustrierend	neg 1.0		neg 0.3437859983654546 off 0.33526521823677474 __DUMMY__ 0.3209487833977708	false	1.0
unzufrieden	neg 1.0		neg 0.35078892250028093 off 0.32727430271209856 __DUMMY__ 0.32193677478762045	false	1.0
verzweifeln	neg 1.0		neg 0.34853012153672513 off 0.32928144557620015 __DUMMY__ 0.32218843288707477	false	1.0
verzweifelt	neg 1.0	neg 1.0	neg 0.6630362614696732 off 0.1828349617228015 __DUMMY__ 0.1541287768075253	false	1.0
misstrauensantrag	neg 1.0		neg 0.34564075103766134 off 0.33302292791556043 __DUMMY__ 0.3213363210467781	false	1.0
abfallen	neg 1.0		neg 0.34492660785459495 off 0.33234002226456755 __DUMMY__ 0.32273336988083756	false	1.0
fucker	off 1.0		neg 0.3408668014544971 off 0.3395273814755871 __DUMMY__ 0.31960581706991587	false	0.5
ungezogen	neg 1.0		off 0.34692644403097095 neg 0.3375553855939941 __DUMMY__ 0.315518170375035	false	0.5
irrsinnig	neg 1.0	neg 1.0	neg 0.662466302835337 off 0.18307861658274116 __DUMMY__ 0.15445508058192187	false	1.0
unfassbar	neg 1.0		neg 0.34176621812917085 off 0.3378408949817854 __DUMMY__ 0.3203928868890437	false	1.0
hart	neg 1.0		neg 0.34380144263972484 off 0.33658152887518067 __DUMMY__ 0.3196170284850946	false	1.0
widerlich	off 1.0		neg 0.3437303246160659 off 0.3374799282052557 __DUMMY__ 0.3187897471786784	false	0.5
fatal	neg 1.0		neg 0.3457127609757288 off 0.33309099966102806 __DUMMY__ 0.32119623936324304	false	1.0
bruch	neg 1.0		neg 0.3530589396188534 __DUMMY__ 0.3241512484559818 off 0.32278981192516465	false	1.0
aushungern	neg 1.0		neg 0.34922411667952324 off 0.3281348648103482 __DUMMY__ 0.3226410185101287	false	1.0
anspannung	neg 1.0		neg 0.3522189825673982 __DUMMY__ 0.326640226086268 off 0.32114079134633366	false	1.0
von			neg 0.34281989869507185 __DUMMY__ 0.32904518488380835 off 0.3281349164211198	false	0.0
kraftlos	neg 1.0		neg 0.3487234110556609 off 0.3281019245521834 __DUMMY__ 0.3231746643921557	false	1.0
vom			neg 0.3503708634597468 __DUMMY__ 0.32935401508602763 off 0.32027512145422565	false	0.0
grenzdebil	off 1.0		neg 0.3414569059122487 off 0.3382468583236415 __DUMMY__ 0.32029623576410987	false	0.5
vor			neg 0.350273989945306 __DUMMY__ 0.3251941865547119 off 0.32453182349998205	false	0.0
unterwerfen	neg 1.0		neg 0.35112963631795524 off 0.3260921519845613 __DUMMY__ 0.3227782116974835	false	1.0
versenkung	neg 1.0		neg 0.348462386969623 off 0.3273445433999816 __DUMMY__ 0.3241930696303954	false	1.0
entziehen	neg 1.0		neg 0.35265802605658203 __DUMMY__ 0.324220264596644 off 0.32312170934677414	false	1.0
finanzkrise	neg 1.0		neg 0.35198432014428144 off 0.3275634550036154 __DUMMY__ 0.3204522248521032	false	1.0
schimpfend	neg 1.0		neg 0.34597723393596413 off 0.3327616101456792 __DUMMY__ 0.3212611559183567	false	1.0
profan	neg 1.0		neg 0.34598938280415004 off 0.33335061101581676 __DUMMY__ 0.3206600061800332	false	1.0
korruption	neg 1.0		neg 0.3520152887321001 off 0.32603959400134525 __DUMMY__ 0.3219451172665547	false	1.0
â			neg 0.34800466012116293 off 0.3280249948442083 __DUMMY__ 0.32397034503462896	false	0.0
schmutzig	neg 1.0		neg 0.34095170751840587 off 0.3387858461589996 __DUMMY__ 0.32026244632259454	false	1.0
sexy	neg 1.0		neg 0.34334599121504533 off 0.3351934234753241 __DUMMY__ 0.3214605853096305	false	1.0
abraten	neg 1.0		neg 0.3443952587509526 off 0.33355866226540415 __DUMMY__ 0.32204607898364324	false	1.0
schwarz	neg 1.0		neg 0.3465261358755241 off 0.33218915200112337 __DUMMY__ 0.3212847121233527	false	1.0
fotze	off 1.0	off 1.0	off 0.65140442457428 neg 0.19279576075392515 __DUMMY__ 0.15579981467179482	false	1.0
verwirren	neg 1.0		neg 0.3451099900748166 off 0.3340657765258648 __DUMMY__ 0.32082423339931865	false	1.0
zahnlos	off 1.0		neg 0.3497360023954189 off 0.3283372947619326 __DUMMY__ 0.3219267028426484	false	0.5
verheeren	neg 1.0		off 0.34841074476546013 neg 0.3361670533803739 __DUMMY__ 0.315422201854166	false	0.5
hippie	neg 1.0		neg 0.34395231811004406 off 0.3346419764847808 __DUMMY__ 0.3214057054051751	false	1.0
rammen	neg 1.0		neg 0.3506497691230116 off 0.33022192825887264 __DUMMY__ 0.3191283026181157	false	1.0
unlauter	neg 1.0		neg 0.34930429623579 off 0.3304743104983503 __DUMMY__ 0.32022139326585963	false	1.0
unheilvoll	neg 1.0		neg 0.34640320311951145 off 0.33243983424007534 __DUMMY__ 0.3211569626404133	false	1.0
niedrig	neg 1.0		neg 0.3533580533318223 off 0.3242871165765041 __DUMMY__ 0.3223548300916737	false	1.0
explosion	neg 1.0		neg 0.3448406167976146 off 0.3338889966741908 __DUMMY__ 0.32127038652819456	false	1.0
weichei	off 1.0	off 1.0	off 0.6593844083520712 neg 0.18824394854022156 __DUMMY__ 0.15237164310770723	false	1.0
minusmensch	off 1.0		off 0.34368678442646405 neg 0.3424444978525904 __DUMMY__ 0.31386871772094554	false	1.0
farblos	neg 1.0		neg 0.3474188154002885 off 0.3302480398371536 __DUMMY__ 0.322333144762558	false	1.0
unwissend	neg 1.0	neg 1.0	neg 0.6604126330087601 off 0.1857144976269313 __DUMMY__ 0.15387286936430858	false	1.0
traurig	neg 1.0		off 0.340710666007614 neg 0.3395914041832138 __DUMMY__ 0.31969792980917217	false	0.5
senkung	neg 1.0		neg 0.3478099848884446 off 0.33249568405941055 __DUMMY__ 0.31969433105214495	false	1.0
ungleich	neg 1.0	neg 1.0	neg 0.6649134619237026 off 0.17945888198125726 __DUMMY__ 0.1556276560950402	false	1.0
heikel	neg 1.0		neg 0.3519771041549526 off 0.3251379151390373 __DUMMY__ 0.32288498070600996	false	1.0
drosselung	neg 1.0		neg 0.3430034396162431 off 0.3374326966372511 __DUMMY__ 0.31956386374650586	false	1.0
falsch	neg 1.0		neg 0.3442724571223269 off 0.33523131394427663 __DUMMY__ 0.32049622893339647	false	1.0
unzufriedenheit	neg 1.0		neg 0.352760025566032 __DUMMY__ 0.3236296780822087 off 0.3236102963517594	false	1.0
kurz	neg 1.0		neg 0.3454190980050882 off 0.33027976103627904 __DUMMY__ 0.32430114095863277	false	1.0
unsinnig	neg 1.0		neg 0.3497163954504429 off 0.3285454303257205 __DUMMY__ 0.3217381742238367	false	1.0
penner	off 1.0	off 1.0	off 0.6603362228743849 neg 0.18751277119725504 __DUMMY__ 0.1521510059283601	false	1.0
seicht	neg 1.0		off 0.3463053141940355 neg 0.3381360832736882 __DUMMY__ 0.3155586025322764	false	0.5
dummheit	off 1.0	off 1.0	off 0.6540396371945276 neg 0.1922118408330156 __DUMMY__ 0.1537485219724567	false	1.0
unerfreulich	neg 1.0		neg 0.35121416647194414 off 0.3248415640271025 __DUMMY__ 0.3239442695009533	false	1.0
motherfucker	off 1.0	off 1.0	off 0.6571297404664052 neg 0.18921085475880522 __DUMMY__ 0.1536594047747895	false	1.0
pikiert	neg 1.0		neg 0.3447058607328582 off 0.33642049984644923 __DUMMY__ 0.31887363942069263	false	1.0
wrack	neg 1.0		neg 0.348127563075326 off 0.3284595567319554 __DUMMY__ 0.32341288019271847	false	1.0
gangster	neg 1.0		neg 0.34413962110578 off 0.3346008058234044 __DUMMY__ 0.32125957307081554	false	1.0
krank	neg 1.0		neg 0.34085093153592744 off 0.3385302995732475 __DUMMY__ 0.3206187688908251	false	1.0
reich	neg 1.0		neg 0.3422070687327417 off 0.33693054617873197 __DUMMY__ 0.3208623850885264	false	1.0
gnadenlos	neg 1.0		neg 0.347969012694593 off 0.3311907971855513 __DUMMY__ 0.32084019011985576	false	1.0
niedergeschlagen	neg 1.0		neg 0.3476959236875738 off 0.3293290226988722 __DUMMY__ 0.3229750536135541	false	1.0
terrorisieren	off 1.0	off 1.0	off 0.6503139006478101 neg 0.1937422086691701 __DUMMY__ 0.1559438906830198	false	1.0
sinnlosigkeit	neg 1.0		neg 0.34997109791811204 off 0.32785531352588976 __DUMMY__ 0.3221735885559982	false	1.0
behindern	neg 1.0		neg 0.34800588775964564 off 0.32968870642982073 __DUMMY__ 0.32230540581053363	false	1.0
undemokratisch	neg 1.0		neg 0.34758231094415576 off 0.33114903962500897 __DUMMY__ 0.32126864943083533	false	1.0
wirtschaftskrise	neg 1.0		neg 0.3530625512257274 off 0.32543298801182513 __DUMMY__ 0.32150446076244754	false	1.0
neid	neg 1.0		neg 0.341334353683283 off 0.3364532568234423 __DUMMY__ 0.3222123894932747	false	1.0
rutschen	neg 1.0		neg 0.34979609528240424 __DUMMY__ 0.327229224225736 off 0.3229746804918597	false	1.0
rezession	neg 1.0		neg 0.3468021369383911 off 0.33769119510759027 __DUMMY__ 0.31550666795401866	false	1.0
fehlgeburt	neg 1.0		neg 0.3441547353112291 off 0.3333951935642751 __DUMMY__ 0.32245007112449575	false	1.0
charakterschwach	off 1.0		neg 0.3437733501306262 off 0.33730744681756236 __DUMMY__ 0.31891920305181126	false	0.5
isolation	neg 1.0		neg 0.34392818512680295 off 0.334984026781008 __DUMMY__ 0.321087788092189	false	1.0
ablenkung	neg 1.0		neg 0.3457516684355952 off 0.33137371976156116 __DUMMY__ 0.3228746118028436	false	1.0
pech	neg 1.0		neg 0.3438337948490168 off 0.3351725311247429 __DUMMY__ 0.32099367402624035	false	1.0
vermeidung	neg 1.0		neg 0.3424002214502582 off 0.3377961090251969 __DUMMY__ 0.31980366952454475	false	1.0
dominieren	neg 1.0		neg 0.3513896438600154 off 0.32576322459568896 __DUMMY__ 0.32284713154429556	false	1.0
schwindlig	neg 1.0		neg 0.34399176381171226 off 0.33387833619011587 __DUMMY__ 0.32212989999817193	false	1.0
lutscher	neg 1.0	neg 1.0	neg 0.6565168265619156 off 0.19180154734432733 __DUMMY__ 0.15168162609375704	false	1.0
pflicht	neg 1.0		neg 0.35278255961427557 off 0.32386651535720146 __DUMMY__ 0.3233509250285229	false	1.0
faschist	off 1.0		neg 0.34499999078201365 off 0.3342243221722159 __DUMMY__ 0.32077568704577053	false	0.5
verschleudern	neg 1.0		neg 0.35265072162225575 off 0.3247022450080865 __DUMMY__ 0.32264703336965783	false	1.0
wenn			neg 0.34425268720089236 off 0.3353198564915599 __DUMMY__ 0.32042745630754776	false	0.0
ehebruch	neg 1.0		neg 0.3507596803673262 off 0.32658838044399335 __DUMMY__ 0.32265193918868035	false	1.0
spott	off 1.0		neg 0.35193715312802604 off 0.3256954654511328 __DUMMY__ 0.32236738142084126	false	0.5
trostlosigkeit	neg 1.0		neg 0.35262271982608767 __DUMMY__ 0.32392718578232793 off 0.3234500943915845	false	1.0
lutschen	neg 1.0		neg 0.3466100371764263 off 0.33382047355861205 __DUMMY__ 0.31956948926496165	false	1.0
undiszipliniert	neg 1.0		neg 0.3411941611709716 off 0.33960543862672005 __DUMMY__ 0.31920040020230833	false	1.0
kopfschmerz	neg 1.0		neg 0.3514630298205087 off 0.32718189508942697 __DUMMY__ 0.3213550750900643	false	1.0
unvorhergesehen	neg 1.0		neg 0.34716062881821974 off 0.32704079313315776 __DUMMY__ 0.32579857804862256	false	1.0
desinteressiert	neg 1.0	neg 1.0	neg 0.659379753691063 off 0.18716815869425482 __DUMMY__ 0.15345208761468215	false	1.0
armselig	off 1.0		neg 0.34284227390334177 off 0.33936859219829324 __DUMMY__ 0.3177891338983651	false	0.5
desaster	neg 1.0		neg 0.3537824408701232 __DUMMY__ 0.32419472856334375 off 0.3220228305665332	false	1.0
tod	neg 1.0		neg 0.3482208968151604 off 0.3278679306649735 __DUMMY__ 0.32391117251986606	false	1.0
herzlos	neg 1.0		neg 0.34154990788853307 off 0.3398896925454144 __DUMMY__ 0.3185603995660525	false	1.0
unwissenheit	neg 1.0		neg 0.35084154404450013 off 0.32720526094693686 __DUMMY__ 0.32195319500856295	false	1.0
widersinnig	neg 1.0		neg 0.35283085671159814 off 0.3263822560926607 __DUMMY__ 0.32078688719574117	false	1.0
bedenklich	neg 1.0		neg 0.3513284750185524 off 0.3263168757490056 __DUMMY__ 0.32235464923244206	false	1.0
beanstanden	neg 1.0		neg 0.35256653393845927 __DUMMY__ 0.32374366500766383 off 0.32368980105387685	false	1.0
panisch	neg 1.0	neg 1.0	neg 0.6595879845450067 off 0.18484199969748852 __DUMMY__ 0.15557001575750481	false	1.0
debil	off 1.0		neg 0.3544821167246551 __DUMMY__ 0.3268348719460172 off 0.3186830113293278	false	0.5
abstrich	neg 1.0		neg 0.3436460425537342 off 0.33146051252454684 __DUMMY__ 0.3248934449217189	false	1.0
primitiv	neg 1.0		neg 0.34364753364218475 off 0.33767156202077203 __DUMMY__ 0.31868090433704316	false	1.0
abschaum	off 1.0	off 1.0	off 0.6558011012990256 neg 0.19048736262318586 __DUMMY__ 0.1537115360777885	false	1.0
provozieren	neg 1.0		neg 0.3490798079933524 off 0.33058546736022915 __DUMMY__ 0.3203347246464184	false	1.0
tot	neg 1.0		neg 0.34974680102710676 off 0.3275301175211792 __DUMMY__ 0.3227230814517139	false	1.0
instabil	neg 1.0		neg 0.3432273859768608 off 0.3387110353309248 __DUMMY__ 0.3180615786922143	false	1.0
schwuchtel	off 1.0	off 1.0	off 0.6633255689936773 neg 0.18635924278705276 __DUMMY__ 0.15031518821926984	false	1.0
zerren	neg 1.0		neg 0.3488536641049371 off 0.3283807129395083 __DUMMY__ 0.32276562295555455	false	1.0
kinderficker	off 1.0		off 0.343136788704838 neg 0.3388534501129289 __DUMMY__ 0.3180097611822332	false	1.0
gefahr	neg 1.0		neg 0.3515149540448554 __DUMMY__ 0.32446501330358213 off 0.3240200326515624	false	1.0
rabiat	neg 1.0		neg 0.3471704522230095 off 0.33077948345079267 __DUMMY__ 0.3220500643261978	false	1.0
verlangsamung	neg 1.0		off 0.342800138273182 neg 0.3422620491397461 __DUMMY__ 0.31493781258707176	false	0.5
ausgestorben	neg 1.0		neg 0.34663470527238815 off 0.3307661757839587 __DUMMY__ 0.3225991189436532	false	1.0
anklagen	neg 1.0		neg 0.35086321781344315 off 0.326728191296915 __DUMMY__ 0.32240859088964197	false	1.0
trott	neg 1.0		neg 0.34742339696214963 off 0.33021341224886935 __DUMMY__ 0.322363190788981	false	1.0
verminderung	neg 1.0		neg 0.34230684356840413 off 0.3381471751264882 __DUMMY__ 0.3195459813051078	false	1.0
nach			neg 0.3500810349403681 __DUMMY__ 0.32796513873942823 off 0.3219538263202036	false	0.0
rost	neg 1.0		off 0.34324876193497617 neg 0.3392787488569736 __DUMMY__ 0.31747248920805027	false	0.5
destruktiv	neg 1.0		neg 0.3489458198394087 off 0.329735758840463 __DUMMY__ 0.3213184213201281	false	1.0
unzumutbarkeit	neg 1.0		neg 0.34216231673733394 off 0.33719391406018684 __DUMMY__ 0.32064376920247917	false	1.0
labil	off 1.0	off 1.0	off 0.6554499785613074 neg 0.19049935906509166 __DUMMY__ 0.15405066237360096	false	1.0
ziemlich	neg 1.0		neg 0.3408279089604571 off 0.3381578929861777 __DUMMY__ 0.32101419805336506	false	1.0
lachnummer	off 1.0		neg 0.34876768782995615 off 0.3302970431129241 __DUMMY__ 0.32093526905711983	false	0.5
oder			neg 0.34509540484627577 off 0.3322641391473293 __DUMMY__ 0.3226404560063949	false	0.0
verfall	neg 1.0		neg 0.35501036739305747 __DUMMY__ 0.3252528373125005 off 0.319736795294442	false	1.0
ausgrenzung	neg 1.0		neg 0.3471377167113226 off 0.33180521006307645 __DUMMY__ 0.32105707322560095	false	1.0
unordnung	neg 1.0		off 0.340616554436631 neg 0.3386915832291682 __DUMMY__ 0.32069186233420066	false	0.5
fehlverhalten	neg 1.0		neg 0.3536941911890627 off 0.3239226660906113 __DUMMY__ 0.3223831427203259	false	1.0
eine			neg 0.3498749422593989 off 0.32518679112747106 __DUMMY__ 0.3249382666131301	false	0.0
nille	neg 1.0		neg 0.3470053932452748 off 0.33031789183108246 __DUMMY__ 0.32267671492364286	false	1.0
qual	neg 1.0		neg 0.3476146840010606 off 0.32982377594727214 __DUMMY__ 0.3225615400516674	false	1.0
verschwenden	neg 1.0		neg 0.3520268287720441 off 0.32553892304491816 __DUMMY__ 0.32243424818303773	false	1.0
riesig	neg 1.0		neg 0.34898292708277523 off 0.3272127074389952 __DUMMY__ 0.32380436547822944	false	1.0
verurteilen	neg 1.0		neg 0.35234147055697457 off 0.32644684912270483 __DUMMY__ 0.3212116803203206	false	1.0
klischee	neg 1.0	neg 1.0	neg 0.6615427525497348 off 0.18462120320820113 __DUMMY__ 0.15383604424206393	false	1.0
diktatorisch	neg 1.0		neg 0.34802805938180686 off 0.33109147581402143 __DUMMY__ 0.32088046480417165	false	1.0
vorhersehbar	neg 1.0		neg 0.3468440642110763 off 0.33337819117421963 __DUMMY__ 0.31977774461470404	false	1.0
sowie			neg 0.3419188809736333 off 0.3412754043279931 __DUMMY__ 0.31680571469837365	false	0.0
stornieren	neg 1.0		neg 0.34071401583668803 off 0.3349961360658617 __DUMMY__ 0.3242898480974504	false	1.0
besteuerung	neg 1.0		neg 0.3506625238966713 off 0.3296134004088375 __DUMMY__ 0.31972407569449107	false	1.0
ungeschminkt	neg 1.0		neg 0.34613755523074835 off 0.33634182524782713 __DUMMY__ 0.3175206195214244	false	1.0
kritisch	neg 1.0		neg 0.35109761783438065 off 0.3262029005279792 __DUMMY__ 0.32269948163764023	false	1.0
schlamperei	off 1.0		neg 0.35088707170605266 off 0.3252548078047677 __DUMMY__ 0.3238581204891796	false	0.5
sucht	neg 1.0	neg 1.0	neg 0.6586444048996324 off 0.18443800300630744 __DUMMY__ 0.1569175920940602	false	1.0
egoistisch	off 1.0		off 0.3427120488566151 neg 0.3402304736527615 __DUMMY__ 0.3170574774906233	false	1.0
ausbeuter	off 1.0		neg 0.3545712950622644 off 0.3235340213618833 __DUMMY__ 0.32189468357585216	false	0.5
arschgeburt	off 1.0		off 0.34929607118794936 neg 0.33826108043273156 __DUMMY__ 0.312442848379319	false	1.0
schubs	neg 1.0		neg 0.347877393192214 off 0.3289382559222943 __DUMMY__ 0.3231843508854918	false	1.0
unsolide	neg 1.0		neg 0.3488544063280271 off 0.33124616403278073 __DUMMY__ 0.31989942963919216	false	1.0
beschwerde	neg 1.0		neg 0.3523933066349386 off 0.32518351601526246 __DUMMY__ 0.3224231773497988	false	1.0
stocken	neg 1.0		neg 0.35132012360002723 off 0.32531935741319773 __DUMMY__ 0.323360518986775	false	1.0
isolieren	neg 1.0		neg 0.3506760771136015 off 0.32676663814597434 __DUMMY__ 0.3225572847404242	false	1.0
unheilbar	neg 1.0		neg 0.3472408822905129 off 0.3308696814700255 __DUMMY__ 0.3218894362394617	false	1.0
pisser	off 1.0		neg 0.34407258396122853 off 0.33841564948472125 __DUMMY__ 0.3175117665540502	false	0.5
löschen	neg 1.0		neg 0.3471879612964003 off 0.33055336753597864 __DUMMY__ 0.3222586711676212	false	1.0
durchfallen	neg 1.0		neg 0.35175854578814836 off 0.32643871155207477 __DUMMY__ 0.3218027426597769	false	1.0
wichser	off 1.0	off 1.0	off 0.6622116576236985 neg 0.1862653853907892 __DUMMY__ 0.15152295698551235	false	1.0
terror	neg 1.0		neg 0.3439672399258156 off 0.33444491908037743 __DUMMY__ 0.32158784099380694	false	1.0
krass	neg 1.0		off 0.3408229432904603 neg 0.340752849608758 __DUMMY__ 0.3184242071007818	false	0.5
revolte	neg 1.0		neg 0.3466771671402473 off 0.3323634485072356 __DUMMY__ 0.32095938435251714	false	1.0
besorgt	neg 1.0		neg 0.345074915184204 off 0.33019212293578465 __DUMMY__ 0.32473296188001144	false	1.0
nachlassen	neg 1.0		neg 0.3502143573177823 off 0.3257839032683375 __DUMMY__ 0.3240017394138801	false	1.0
alt	neg 1.0		neg 0.3506700098331075 off 0.3271974483069446 __DUMMY__ 0.32213254185994794	false	1.0
hundesohn	off 1.0		off 0.34632701042113134 neg 0.3387652647910957 __DUMMY__ 0.314907724787773	false	1.0
als			neg 0.3479471166595038 off 0.3287559510682781 __DUMMY__ 0.3232969322722182	false	0.0
abschreckung	neg 1.0		neg 0.35314651559937105 __DUMMY__ 0.32359811597687005 off 0.32325536842375896	false	1.0
unqualifiziert	neg 1.0		neg 0.3463433612997536 off 0.3342483648970613 __DUMMY__ 0.3194082738031851	false	1.0
abgewichst	off 1.0		neg 0.346817268867161 off 0.32992535176926274 __DUMMY__ 0.3232573793635762	false	0.5
schwer	neg 1.0		neg 0.34835445948060195 off 0.3297597502960796 __DUMMY__ 0.32188579022331837	false	1.0
bedeutungslosigkeit	neg 1.0		neg 0.35231922237332325 off 0.32442413726462743 __DUMMY__ 0.3232566403620493	false	1.0
kapitulation	neg 1.0		neg 0.35102819225703447 off 0.3259593356102984 __DUMMY__ 0.3230124721326672	false	1.0
unscharf	neg 1.0		neg 0.3468665580074259 off 0.33287630546875574 __DUMMY__ 0.3202571365238184	false	1.0
schwinden	neg 1.0		neg 0.3529876147635895 off 0.32386965372220594 __DUMMY__ 0.3231427315142047	false	1.0
versklavung	neg 1.0		neg 0.3478186866820929 off 0.33085360935817215 __DUMMY__ 0.3213277039597349	false	1.0
schlecht	neg 1.0		neg 0.3409318416851155 off 0.3382156975231048 __DUMMY__ 0.3208524607917797	false	1.0
verhasst	neg 1.0		neg 0.34965714833309464 off 0.3307586686312727 __DUMMY__ 0.3195841830356328	false	1.0
beschweren	neg 1.0		neg 0.34563317135891597 off 0.33295312280819 __DUMMY__ 0.3214137058328939	false	1.0
scheiden	neg 1.0		neg 0.3453359342681488 off 0.3314040780446197 __DUMMY__ 0.32325998768723146	false	1.0
frustriert	neg 1.0		neg 0.3497861004918363 off 0.32843833770070946 __DUMMY__ 0.32177556180745437	false	1.0
schimmelig	neg 1.0		neg 0.3537058495632161 off 0.3256641013159374 __DUMMY__ 0.3206300491208463	false	1.0
fisch	neg 1.0		neg 0.3543088218841072 off 0.32320664484724715 __DUMMY__ 0.3224845332686455	false	1.0
schmuggel	neg 1.0		neg 0.3514810686293596 off 0.3251094588603551 __DUMMY__ 0.32340947251028535	false	1.0
auffallen	neg 1.0		neg 0.34484419567736224 off 0.3339280050949236 __DUMMY__ 0.3212277992277141	false	1.0
konkurrenz	neg 1.0		neg 0.353310661331687 __DUMMY__ 0.32379602717078587 off 0.3228933114975271	false	1.0
teufelskreis	neg 1.0	neg 1.0	neg 0.663795695703697 off 0.18178599117970368 __DUMMY__ 0.15441831311659932	false	1.0
aufschreien	neg 1.0		neg 0.3465585329883112 off 0.33323369157618393 __DUMMY__ 0.320207775435505	false	1.0
schuldner	neg 1.0		neg 0.35525502188205166 off 0.3226931049224741 __DUMMY__ 0.3220518731954742	false	1.0
missgeburt	off 1.0	off 1.0	off 0.6593077047121224 neg 0.18894914077743957 __DUMMY__ 0.15174315451043804	false	1.0
arbeitslos	neg 1.0		neg 0.3511502174488308 off 0.3269711987919979 __DUMMY__ 0.3218785837591715	false	1.0
befallen	neg 1.0		neg 0.35197249959340243 off 0.3272335056426522 __DUMMY__ 0.3207939947639454	false	1.0
miesepetrig	off 1.0	off 1.0	off 0.6563933203469757 neg 0.18932491195675602 __DUMMY__ 0.1542817676962683	false	1.0
alarmieren	neg 1.0		neg 0.34623674393634607 off 0.3344589467449239 __DUMMY__ 0.3193043093187301	false	1.0
ungeduscht	off 1.0		neg 0.3461614681942512 off 0.3345764704701892 __DUMMY__ 0.3192620613355596	false	0.5
knappheit	neg 1.0		neg 0.3536450078135163 off 0.32541060602791305 __DUMMY__ 0.32094438615857057	false	1.0
schlange	neg 1.0		neg 0.34292577087148357 off 0.3337454647483029 __DUMMY__ 0.32332876438021346	false	1.0
harsch	neg 1.0		off 0.3427005236152956 neg 0.33786818527993834 __DUMMY__ 0.319431291104766	false	0.5
lang	neg 1.0		neg 0.3460263850663675 off 0.33173941937242873 __DUMMY__ 0.32223419556120364	false	1.0
ziellos	neg 1.0		neg 0.3484009830627142 off 0.32759324082144997 __DUMMY__ 0.3240057761158358	false	1.0
selbstverliebt	neg 1.0		off 0.347805665210783 neg 0.3378700364096876 __DUMMY__ 0.3143242983795295	false	0.5
beseitigen	neg 1.0		neg 0.3486178636051738 off 0.32880801503509904 __DUMMY__ 0.32257412135972713	false	1.0
dumm	off 1.0		off 0.34388357950685916 neg 0.33878404959334363 __DUMMY__ 0.31733237089979716	false	1.0
arbeitsloser	neg 1.0		neg 0.34821997477620137 off 0.3282179351606195 __DUMMY__ 0.3235620900631792	false	1.0
blitzen	neg 1.0		neg 0.3439812238752821 off 0.3345650219984777 __DUMMY__ 0.3214537541262402	false	1.0
hilflos	neg 1.0		neg 0.3500914792400439 off 0.32796834500263844 __DUMMY__ 0.3219401757573177	false	1.0
eklig	off 1.0		off 0.3433475832552858 neg 0.3410694287972414 __DUMMY__ 0.3155829879474728	false	1.0
begriff			neg 0.34780443435907027 off 0.32988484225541553 __DUMMY__ 0.3223107233855143	false	0.0
hungersnot	neg 1.0		neg 0.3503128633765249 off 0.32722958094879434 __DUMMY__ 0.32245755567468065	false	1.0
ungesetzlich	neg 1.0		neg 0.3500057621768467 off 0.3299857176219013 __DUMMY__ 0.32000852020125187	false	1.0
verschwendung	neg 1.0		neg 0.351470860122747 off 0.32538809276871694 __DUMMY__ 0.32314104710853614	false	1.0
schmerzvoll	neg 1.0		neg 0.34664004653647557 off 0.33226059978389694 __DUMMY__ 0.32109935367962766	false	1.0
vorzeitig	neg 1.0		neg 0.3465480084547583 off 0.3330785774867425 __DUMMY__ 0.3203734140584992	false	1.0
unvollkommenheit	neg 1.0		neg 0.3462464941952621 off 0.3288343447814646 __DUMMY__ 0.3249191610232733	false	1.0
intervenieren	neg 1.0		neg 0.3527745525469061 off 0.32465485469021466 __DUMMY__ 0.32257059276287914	false	1.0
banause	off 1.0		off 0.34566725218650096 neg 0.3403005309778798 __DUMMY__ 0.3140322168356192	false	1.0
rebell	neg 1.0		neg 0.35413952022478473 __DUMMY__ 0.32443957145731933 off 0.321420908317896	false	1.0
unlogisch	neg 1.0		neg 0.3421809800576877 off 0.33951422515449964 __DUMMY__ 0.3183047947878126	false	1.0
leiden	neg 1.0		neg 0.34976091362862366 off 0.32538577830323284 __DUMMY__ 0.32485330806814366	false	1.0
abschaffung	neg 1.0		neg 0.3475282000982932 off 0.33070909650039587 __DUMMY__ 0.32176270340131086	false	1.0
sturz	neg 1.0		neg 0.3461042580385297 off 0.3311186254798789 __DUMMY__ 0.3227771164815913	false	1.0
verkleinerung	neg 1.0		neg 0.34754299013526935 off 0.3328308639371356 __DUMMY__ 0.3196261459275951	false	1.0
schmarotzer	off 1.0		neg 0.35116976767993285 off 0.3275646699740274 __DUMMY__ 0.3212655623460398	false	0.5
bestrafung	neg 1.0		neg 0.3469642870477302 off 0.331559781866342 __DUMMY__ 0.3214759310859277	false	1.0
achtlos	neg 1.0	neg 1.0	neg 0.6622010083046677 off 0.18236450414657365 __DUMMY__ 0.1554344875487587	false	1.0
ungeheuer	neg 1.0		neg 0.3448545839762753 off 0.3336083933268255 __DUMMY__ 0.32153702269689916	false	1.0
unaufrichtig	neg 1.0		neg 0.34189685882463583 off 0.3353982125290732 __DUMMY__ 0.3227049286462909	false	1.0
groggy	neg 1.0		neg 0.34485910104673023 off 0.3340429465096728 __DUMMY__ 0.32109795244359696	false	1.0
verletzlich	neg 1.0		neg 0.34496064878123345 off 0.3366904760387451 __DUMMY__ 0.3183488751800215	false	1.0
ablehnen	neg 1.0		neg 0.35039352423280956 off 0.32703111886926695 __DUMMY__ 0.3225753568979234	false	1.0
