unsolidarisch	neg 1.0		neg 0.5120816283339339 off 0.48100702666170386 __DUMMY__ 0.006911345004362236	false	1.0
nachteilig	neg 1.0		neg 0.5142314305482 off 0.4787929649601323 __DUMMY__ 0.00697560449166762	false	1.0
skeptisch	neg 1.0		neg 0.5145771897428777 off 0.47843895204220765 __DUMMY__ 0.006983858214914656	false	1.0
schrecklich	neg 1.0		neg 0.49959125293862944 off 0.4935259940629565 __DUMMY__ 0.006882752998413966	false	1.0
schlapp	neg 1.0		neg 0.5032473608571442 off 0.48983560997102227 __DUMMY__ 0.0069170291718333885	false	1.0
abfall	neg 1.0		neg 0.5175017233677054 off 0.47547805200357096 __DUMMY__ 0.007020224628723623	false	1.0
widerspenstig	neg 1.0		neg 0.5088853081352721 off 0.48416353149935776 __DUMMY__ 0.006951160365370291	false	1.0
abrupt	neg 1.0		neg 0.5130146432085475 off 0.47999507837097966 __DUMMY__ 0.0069902784204729385	false	1.0
unwirksam	neg 1.0		neg 0.5125007180072365 off 0.4805983756480193 __DUMMY__ 0.006900906344744247	false	1.0
angreifen	neg 1.0		neg 0.5158908887940713 off 0.47714403482914863 __DUMMY__ 0.006965076376779985	false	1.0
inkonsistent	neg 1.0		neg 0.5104401580140555 off 0.4826522992331725 __DUMMY__ 0.0069075427527721155	false	1.0
abrutschen	neg 1.0		neg 0.5180363854705239 off 0.47496395758971865 __DUMMY__ 0.0069996569397575295	false	1.0
unsicher	neg 1.0		neg 0.5081558253521855 off 0.4848707595182625 __DUMMY__ 0.006973415129552017	false	1.0
bauernkind	off 1.0	off 1.0	off 0.7286924627626781 neg 0.26810099344038096 __DUMMY__ 0.0032065437969410193	false	1.0
angreifer	neg 1.0	neg 1.0	neg 0.7389431642496073 off 0.2577505264740594 __DUMMY__ 0.0033063092763333194	false	1.0
trennen	neg 1.0		neg 0.5135672141045488 off 0.47942387236452183 __DUMMY__ 0.007008913530929521	false	1.0
schmutz	neg 1.0		neg 0.5060385808531295 off 0.4869925781315644 __DUMMY__ 0.0069688410153062146	false	1.0
inkonsistenz	neg 1.0		neg 0.5071637430894201 off 0.48598088907760306 __DUMMY__ 0.006855367832976752	false	1.0
erschreckend	neg 1.0		neg 0.510923006034979 off 0.4821329599603357 __DUMMY__ 0.0069440340046851325	false	1.0
ertrinken	neg 1.0		neg 0.5150510433188522 off 0.47798110952583367 __DUMMY__ 0.0069678471553141245	false	1.0
pickelface	off 1.0		neg 0.5102855758758293 off 0.482755190647945 __DUMMY__ 0.006959233476225658	false	0.5
seiner			neg 0.5140750311443474 off 0.4789400137073369 __DUMMY__ 0.006984955148315666	false	0.0
lauch	neg 1.0		neg 0.5166848435189945 off 0.47630528645030995 __DUMMY__ 0.007009870030695553	false	1.0
unwichtig	neg 1.0		neg 0.5052873771817202 off 0.4878161855130878 __DUMMY__ 0.006896437305191934	false	1.0
steuerhinterziehung	neg 1.0	neg 1.0	neg 0.7424288340320686 off 0.254268021216112 __DUMMY__ 0.0033031447518194596	false	1.0
schock	neg 1.0		neg 0.5102973676240019 off 0.48274427892329214 __DUMMY__ 0.00695835345270607	false	1.0
beule	neg 1.0		neg 0.5037461638204745 off 0.48936846813498597 __DUMMY__ 0.006885368044539581	false	1.0
vergelten	neg 1.0		neg 0.49919436597110356 off 0.4938846198955013 __DUMMY__ 0.00692101413339518	false	1.0
verdorbenheit	neg 1.0		neg 0.5059256937460832 off 0.4870832475980476 __DUMMY__ 0.006991058655869138	false	1.0
trauma	neg 1.0		neg 0.5085347573544685 off 0.4845228140752586 __DUMMY__ 0.0069424285702728	false	1.0
sinnlos	neg 1.0		neg 0.5070606686202526 off 0.4860044620166888 __DUMMY__ 0.006934869363058747	false	1.0
fettsack	off 1.0	off 1.0	off 0.7303588022438182 neg 0.26641982584662005 __DUMMY__ 0.0032213719095616875	false	1.0
feige	off 1.0	off 1.0	off 0.7281127213823512 neg 0.26862644901351934 __DUMMY__ 0.003260829604129587	false	1.0
abdanken	neg 1.0		neg 0.5110407339322258 off 0.4820163563005141 __DUMMY__ 0.006942909767260094	false	1.0
wichtigtuer	off 1.0	off 1.0	off 0.7273701494990457 neg 0.26934838229300123 __DUMMY__ 0.003281468207953112	false	1.0
misslingen	neg 1.0		neg 0.5039309702603846 off 0.48904075436433536 __DUMMY__ 0.0070282753752800055	false	1.0
untreu	off 1.0		neg 0.5044133385257749 off 0.488688112104624 __DUMMY__ 0.006898549369600986	false	0.5
missmutig	neg 1.0		neg 0.504277815671981 off 0.48880423191395606 __DUMMY__ 0.0069179524140628845	false	1.0
hurenbock	off 1.0		neg 0.5068526810884203 off 0.48620266966664266 __DUMMY__ 0.0069446492449371415	false	0.5
betrunken	neg 1.0		neg 0.5018620609254969 off 0.49123859095005945 __DUMMY__ 0.006899348124443746	false	1.0
korrupt	off 1.0		neg 0.5149479301383993 off 0.4781332475724445 __DUMMY__ 0.006918822289156082	false	0.5
unmut	neg 1.0		neg 0.5172566360974942 off 0.4757324615672784 __DUMMY__ 0.007010902335227462	false	1.0
hackfresse	off 1.0		neg 0.49719745264115073 off 0.4959683966351982 __DUMMY__ 0.006834150723651147	false	0.5
aufblasen	neg 1.0		neg 0.5070218440490903 off 0.4860339351744602 __DUMMY__ 0.006944220776449524	false	1.0
gewaltsam	neg 1.0		neg 0.5110179913092622 off 0.4820211084368793 __DUMMY__ 0.006960900253858504	false	1.0
unbeliebtheit	neg 1.0		neg 0.508252222091898 off 0.48487765134678135 __DUMMY__ 0.006870126561320568	false	1.0
sturheit	neg 1.0		neg 0.5122384830903254 off 0.48082342989725346 __DUMMY__ 0.006938087012421179	false	1.0
kuh	neg 1.0		neg 0.5106869670276544 off 0.4824499289946795 __DUMMY__ 0.006863103977666072	false	1.0
erschrecken	neg 1.0		neg 0.5041935095168205 off 0.4888784611607186 __DUMMY__ 0.006928029322460866	false	1.0
opfer	neg 1.0		neg 0.5131785033903946 off 0.4798474162686765 __DUMMY__ 0.006974080340928763	false	1.0
sinken	neg 1.0		neg 0.5169478915550527 off 0.47605140311057426 __DUMMY__ 0.00700070533437313	false	1.0
stinktier	neg 1.0		neg 0.5045025368384596 off 0.4887152822093765 __DUMMY__ 0.0067821809521639255	false	1.0
tucke	off 1.0		neg 0.49814590794469893 off 0.49506400692196983 __DUMMY__ 0.0067900851333312015	false	0.5
ein			neg 0.508132764416515 off 0.4849240048007955 __DUMMY__ 0.0069432307826894375	false	0.0
abstieg	neg 1.0		neg 0.5149876462962132 off 0.4780420715133731 __DUMMY__ 0.006970282190413633	false	1.0
missverstehen	neg 1.0		neg 0.50772168903507 off 0.4853755596774942 __DUMMY__ 0.006902751287435821	false	1.0
ergebnislos	neg 1.0		neg 0.5139703076190411 off 0.479035770316139 __DUMMY__ 0.006993922064819947	false	1.0
unter			neg 0.5197426593252933 off 0.4731731486639873 __DUMMY__ 0.0070841920107194934	false	0.0
manipulieren	neg 1.0		neg 0.5149325859991493 off 0.47807889486778726 __DUMMY__ 0.00698851913306346	false	1.0
unbewiesen	neg 1.0		neg 0.5127928224789098 off 0.4803071025599573 __DUMMY__ 0.006900074961132851	false	1.0
verschleppen	neg 1.0		neg 0.5140259250364554 off 0.47902114003834856 __DUMMY__ 0.006952934925195857	false	1.0
weib	off 1.0		neg 0.5001282382970882 off 0.4931030357699215 __DUMMY__ 0.006768725932990447	false	0.5
opposition	neg 1.0		neg 0.5091089502277033 off 0.48397562084842993 __DUMMY__ 0.006915428923866667	false	1.0
verkehrswidrig	neg 1.0		neg 0.49696147150932957 off 0.49610885036730057 __DUMMY__ 0.0069296781233697995	false	1.0
inkorrekt	neg 1.0		neg 0.5025428048545887 off 0.49060447321976863 __DUMMY__ 0.006852721925642756	false	1.0
vermeiden	neg 1.0	neg 1.0	neg 0.7442592850242027 off 0.25238168383809173 __DUMMY__ 0.003359031137705551	false	1.0
abweichung	neg 1.0		neg 0.5130281528155779 off 0.4799951485171011 __DUMMY__ 0.006976698667320906	false	1.0
alkoholisiert	neg 1.0		neg 0.5122673764710861 off 0.48072582770677974 __DUMMY__ 0.007006795822133991	false	1.0
scheiss	off 1.0	off 1.0	off 0.7293580205285454 neg 0.267369328782581 __DUMMY__ 0.0032726506888737456	false	1.0
herausforderung	neg 1.0		neg 0.5138789796141313 off 0.47912558595628735 __DUMMY__ 0.006995434429581315	false	1.0
pervers	off 1.0		off 0.4984092148777673 neg 0.49479975276173027 __DUMMY__ 0.0067910323605026085	false	1.0
wackelig	neg 1.0		neg 0.5084933569199129 off 0.48449420488533684 __DUMMY__ 0.007012438194750161	false	1.0
verwickeln	neg 1.0		neg 0.5083132532010566 off 0.48478011732578424 __DUMMY__ 0.006906629473159168	false	1.0
vorwand	neg 1.0		neg 0.5155525793747775 off 0.4774666657836682 __DUMMY__ 0.006980754841554239	false	1.0
muschi	off 1.0		neg 0.5101744872692484 off 0.4828675803980821 __DUMMY__ 0.006957932332669584	false	0.5
entmutigung	neg 1.0		neg 0.5094265158552773 off 0.48365017502275415 __DUMMY__ 0.006923309121968469	false	1.0
unangemessen	neg 1.0		neg 0.5128967985650098 off 0.48017171399626607 __DUMMY__ 0.006931487438724049	false	1.0
unstetig	neg 1.0		neg 0.5059941961654244 off 0.48706726211778467 __DUMMY__ 0.006938541716790896	false	1.0
entmutigen	neg 1.0		neg 0.5086039065291766 off 0.4844561712166895 __DUMMY__ 0.006939922254133976	false	1.0
schwanz	neg 1.0		neg 0.5128942308561841 off 0.4801336932777284 __DUMMY__ 0.006972075866087424	false	1.0
verbot	neg 1.0		neg 0.5136415769930347 off 0.479407167644734 __DUMMY__ 0.006951255362231201	false	1.0
leid	neg 1.0		neg 0.49929899294617086 off 0.4938539399757994 __DUMMY__ 0.006847067078029893	false	1.0
archaisch	neg 1.0		neg 0.511478015934906 off 0.4815730295243156 __DUMMY__ 0.006948954540778495	false	1.0
gegen			neg 0.5164344113800003 off 0.47655684551218863 __DUMMY__ 0.007008743107811038	false	0.0
scheidung	neg 1.0		off 0.5053398316770084 neg 0.4878504612239142 __DUMMY__ 0.006809707099077516	false	0.5
einschlag	neg 1.0		neg 0.5014390497743981 off 0.49167748164427927 __DUMMY__ 0.006883468581322748	false	1.0
m			neg 0.5108081812978418 off 0.48220795770773633 __DUMMY__ 0.0069838609944219525	false	0.0
abgestanden	neg 1.0		neg 0.509778870661931 off 0.4832989025716794 __DUMMY__ 0.0069222267663895535	false	1.0
schmierig	off 1.0		neg 0.49932212946063464 off 0.49381212311777906 __DUMMY__ 0.006865747421586421	false	0.5
unpraktisch	neg 1.0		neg 0.5072563472398591 off 0.48579899653770475 __DUMMY__ 0.0069446562224360145	false	1.0
wixxer	off 1.0		off 0.4971930231231906 neg 0.49604125324624615 __DUMMY__ 0.006765723630563448	false	1.0
bezeichnet			neg 0.5113812306850106 off 0.4817031936414695 __DUMMY__ 0.006915575673519911	false	0.0
jammerlappen	off 1.0		neg 0.503815990825974 off 0.4892633190667115 __DUMMY__ 0.00692069010731457	false	0.5
farce	neg 1.0		neg 0.5134804215105694 off 0.4795903335078736 __DUMMY__ 0.0069292449815570685	false	1.0
zwecklos	neg 1.0		neg 0.5128774329853155 off 0.48018180965824264 __DUMMY__ 0.006940757356441837	false	1.0
turbulent	neg 1.0		neg 0.5053501417232455 off 0.4877922765887011 __DUMMY__ 0.006857581688053416	false	1.0
invasion	neg 1.0		neg 0.5075096433341824 off 0.48555884005782507 __DUMMY__ 0.006931516607992651	false	1.0
schuld	neg 1.0		neg 0.509613309990696 off 0.4834671670476753 __DUMMY__ 0.006919522961628839	false	1.0
risiko	neg 1.0	neg 1.0	neg 0.7389778920428929 off 0.257707442500055 __DUMMY__ 0.003314665457052189	false	1.0
finster	neg 1.0		neg 0.5092362719444241 off 0.4838492242311046 __DUMMY__ 0.006914503824471387	false	1.0
geisteskrank	off 1.0		neg 0.5049662831972265 off 0.48817707223104 __DUMMY__ 0.006856644571733652	false	0.5
zusammenbrechen	neg 1.0		neg 0.5113299020913693 off 0.48170683756128985 __DUMMY__ 0.006963260347340923	false	1.0
ausbeute	neg 1.0		neg 0.5067879010611612 off 0.4861366434020587 __DUMMY__ 0.0070754555367799985	false	1.0
hinterhalt	neg 1.0		neg 0.5077983859886086 off 0.48518360842400954 __DUMMY__ 0.007018005587381961	false	1.0
kritik	neg 1.0		neg 0.5139773120975143 off 0.4790966838604585 __DUMMY__ 0.006926004042027208	false	1.0
einschrumpfen	neg 1.0		neg 0.5067191718912275 off 0.4863855622636726 __DUMMY__ 0.006895265845099931	false	1.0
riskant	neg 1.0		neg 0.5149050142705185 off 0.4781303786517211 __DUMMY__ 0.006964607077760358	false	1.0
frustrieren	neg 1.0		neg 0.5134735577200971 off 0.47955992468712627 __DUMMY__ 0.00696651759277662	false	1.0
groll	neg 1.0		neg 0.513570170623925 off 0.47948916066846986 __DUMMY__ 0.006940668707605129	false	1.0
gibt			neg 0.5106932325109298 off 0.48233456347017023 __DUMMY__ 0.006972204018899992	false	0.0
qualvoll	neg 1.0		neg 0.5062631990368543 off 0.48681208145882593 __DUMMY__ 0.006924719504319685	false	1.0
wackeln	neg 1.0		neg 0.5071967092294047 off 0.48583749762309697 __DUMMY__ 0.0069657931474982095	false	1.0
klagen	neg 1.0		neg 0.517295244685021 off 0.4757127573913132 __DUMMY__ 0.006991997923666045	false	1.0
bankrott	neg 1.0		neg 0.503718307059146 off 0.48934513006617575 __DUMMY__ 0.0069365628746783535	false	1.0
trauern	neg 1.0		neg 0.5127979118070765 off 0.48021062462918346 __DUMMY__ 0.006991463563740017	false	1.0
ablehnung	neg 1.0		neg 0.5136797573012433 off 0.4793831257688398 __DUMMY__ 0.006937116929916908	false	1.0
stur	neg 1.0		neg 0.5090742417294519 off 0.4840023066615369 __DUMMY__ 0.006923451609011119	false	1.0
aufruhr	neg 1.0		neg 0.5112553083981466 off 0.48179635013660826 __DUMMY__ 0.006948341465245018	false	1.0
melancholie	neg 1.0		neg 0.5129726844620189 off 0.4800628992084455 __DUMMY__ 0.0069644163295355214	false	1.0
ist			neg 0.5072015615033876 off 0.4858603908613234 __DUMMY__ 0.006938047635289091	false	0.0
torheit	neg 1.0		neg 0.509682738726292 off 0.4833788507273926 __DUMMY__ 0.006938410546315392	false	1.0
dreckskind	off 1.0		neg 0.500733542614424 off 0.4924656394049349 __DUMMY__ 0.006800817980641096	false	0.5
umtauschen	neg 1.0		neg 0.5089737579766893 off 0.48406550709864643 __DUMMY__ 0.006960734924664358	false	1.0
zum			neg 0.5150137691003231 off 0.477903176663573 __DUMMY__ 0.007083054236103925	false	0.0
zersetzen	neg 1.0		neg 0.5162726148159141 off 0.4767655737614743 __DUMMY__ 0.006961811422611531	false	1.0
zur			neg 0.5174907848984431 off 0.475450237702599 __DUMMY__ 0.007058977398957808	false	0.0
frust	neg 1.0		neg 0.5112467816823116 off 0.4817874213130261 __DUMMY__ 0.006965797004662325	false	1.0
unerbittlichkeit	neg 1.0		neg 0.5156620122559527 off 0.47736491643431306 __DUMMY__ 0.00697307130973426	false	1.0
zwei			neg 0.514241008276021 off 0.4786903197059435 __DUMMY__ 0.007068672018035227	false	0.0
unkorrekt	neg 1.0		neg 0.5011761558588438 off 0.4919409714751479 __DUMMY__ 0.006882872666008253	false	1.0
hexe	off 1.0		neg 0.5077869720421018 off 0.4853675960969877 __DUMMY__ 0.006845431860910497	false	0.5
lasch	neg 1.0		neg 0.5071443297009484 off 0.4859660144940642 __DUMMY__ 0.006889655804987601	false	1.0
rivale	neg 1.0		neg 0.5029290394128544 off 0.4901945689786407 __DUMMY__ 0.006876391608505021	false	1.0
mutlos	off 1.0	off 1.0	off 0.7233092548325657 neg 0.27338479890045386 __DUMMY__ 0.0033059462669804644	false	1.0
wirr	off 1.0		neg 0.5024024197189741 off 0.490754610962554 __DUMMY__ 0.006842969318471778	false	0.5
jahr			neg 0.5092154238544429 off 0.48369436815562755 __DUMMY__ 0.007090207989929502	false	0.0
wird			neg 0.5125247066755229 off 0.4805064819898675 __DUMMY__ 0.006968811334609643	false	0.0
strafbar	neg 1.0		neg 0.5138890288936964 off 0.47914037699687595 __DUMMY__ 0.006970594109427631	false	1.0
erosion	neg 1.0		neg 0.5079141431449047 off 0.4851124492161208 __DUMMY__ 0.0069734076389745	false	1.0
eingehen	neg 1.0		neg 0.5141738599824194 off 0.4788653586336686 __DUMMY__ 0.0069607813839119665	false	1.0
faul	off 1.0		neg 0.5041728188451677 off 0.48889885292375596 __DUMMY__ 0.006928328231076351	false	0.5
provisorium	neg 1.0		neg 0.5174855089840056 off 0.4754080086845289 __DUMMY__ 0.0071064823314655945	false	1.0
schmerzen	neg 1.0		neg 0.5116604245551899 off 0.4814062271730747 __DUMMY__ 0.006933348271735481	false	1.0
schrumpfen	neg 1.0		neg 0.5198880841108521 off 0.47310156655778346 __DUMMY__ 0.007010349331364366	false	1.0
geistlos	off 1.0		neg 0.5092642181438142 off 0.48385208870524826 __DUMMY__ 0.0068836931509375235	false	0.5
fehlkauf	neg 1.0		neg 0.5077332902878744 off 0.48533354973523357 __DUMMY__ 0.006933159976892139	false	1.0
frustrierend	neg 1.0		neg 0.505053166493584 off 0.48802321306820423 __DUMMY__ 0.006923620438211744	false	1.0
unzufrieden	neg 1.0		neg 0.5129752526100372 off 0.480078324656617 __DUMMY__ 0.006946422733345867	false	1.0
verzweifeln	neg 1.0		neg 0.5107143708269978 off 0.48233362996654044 __DUMMY__ 0.006951999206461878	false	1.0
verzweifelt	neg 1.0	neg 1.0	neg 0.7406346182675252 off 0.2560838171736435 __DUMMY__ 0.0032815645588314003	false	1.0
misstrauensantrag	neg 1.0		neg 0.5071795305791991 off 0.48588855823677224 __DUMMY__ 0.006931911184028699	false	1.0
abfallen	neg 1.0		neg 0.5071522090239259 off 0.485884305838081 __DUMMY__ 0.006963485137993036	false	1.0
fucker	off 1.0		neg 0.5012914572520418 off 0.49181494528454267 __DUMMY__ 0.006893597463415581	false	0.5
ungezogen	neg 1.0		off 0.4976113119003394 neg 0.4955885101996146 __DUMMY__ 0.006800177900046017	false	0.5
irrsinnig	neg 1.0	neg 1.0	neg 0.7402321360226811 off 0.2564792509404619 __DUMMY__ 0.003288613036857013	false	1.0
unfassbar	neg 1.0		neg 0.5026349363784112 off 0.49045409205691654 __DUMMY__ 0.006910971564672392	false	1.0
hart	neg 1.0		neg 0.5043588071100917 off 0.4887490904366499 __DUMMY__ 0.006892102453258425	false	1.0
widerlich	off 1.0		neg 0.5038509982141207 off 0.48927418999490635 __DUMMY__ 0.00687481179097289	false	0.5
fatal	neg 1.0		neg 0.5072215305087734 off 0.4858487841118661 __DUMMY__ 0.006929685379360407	false	1.0
bruch	neg 1.0		neg 0.5165827685290945 off 0.47642179369565224 __DUMMY__ 0.006995437775253292	false	1.0
aushungern	neg 1.0		neg 0.5117849022899253 off 0.4812536807118588 __DUMMY__ 0.006961416998215852	false	1.0
anspannung	neg 1.0		neg 0.5169633652951969 off 0.4759849730475755 __DUMMY__ 0.007051661657227674	false	1.0
von			neg 0.5083687688032755 off 0.48452639298445727 __DUMMY__ 0.007104838212267237	false	0.0
kraftlos	neg 1.0		neg 0.5114220604933183 off 0.4816041609626908 __DUMMY__ 0.006973778543990748	false	1.0
vom			neg 0.5164189345820117 off 0.476468345713779 __DUMMY__ 0.007112719704209232	false	0.0
grenzdebil	off 1.0		neg 0.5022486184861876 off 0.4908427102981631 __DUMMY__ 0.006908671215649208	false	0.5
vor			neg 0.5141569405850039 off 0.47882323564892654 __DUMMY__ 0.007019823766069455	false	0.0
unterwerfen	neg 1.0		neg 0.5138009409423842 off 0.47923412395320064 __DUMMY__ 0.00696493510441517	false	1.0
versenkung	neg 1.0		neg 0.5117573139672028 off 0.4812455377057587 __DUMMY__ 0.0069971483270386	false	1.0
entziehen	neg 1.0		neg 0.51617098164943 off 0.47683119380097827 __DUMMY__ 0.0069978245495918405	false	1.0
finanzkrise	neg 1.0		neg 0.5134400777962261 off 0.47964804236761177 __DUMMY__ 0.006911879836162192	false	1.0
schimpfend	neg 1.0		neg 0.5074551203029908 off 0.4856153128454691 __DUMMY__ 0.006929566851540172	false	1.0
profan	neg 1.0		neg 0.5072025185029826 off 0.48588046816853053 __DUMMY__ 0.006917013328486827	false	1.0
korruption	neg 1.0		neg 0.5143068213923885 off 0.47874731019172306 __DUMMY__ 0.00694586841588837	false	1.0
â			neg 0.5110805314354823 off 0.48192725805788367 __DUMMY__ 0.006992210506634027	false	0.0
schmutzig	neg 1.0		neg 0.5016996550114278 off 0.49139251055075994 __DUMMY__ 0.006907834437812261	false	1.0
sexy	neg 1.0		neg 0.5048609896585159 off 0.4882035018460627 __DUMMY__ 0.006935508495421275	false	1.0
abraten	neg 1.0		neg 0.5062609443189582 off 0.4867909351013305 __DUMMY__ 0.006948120579711347	false	1.0
schwarz	neg 1.0		neg 0.5081162947277952 off 0.4849521492099122 __DUMMY__ 0.006931556062292544	false	1.0
fotze	off 1.0	off 1.0	off 0.7254248811688621 neg 0.27125764490144 __DUMMY__ 0.0033174739296980347	false	1.0
verwirren	neg 1.0		neg 0.5063825373925189 off 0.486696484763285 __DUMMY__ 0.00692097784419621	false	1.0
zahnlos	off 1.0		neg 0.5118793344449574 off 0.48117450858500627 __DUMMY__ 0.006946156970036313	false	0.5
verheeren	neg 1.0		off 0.4990647573205659 neg 0.49413751036794035 __DUMMY__ 0.00679773231149375	false	0.5
hippie	neg 1.0		neg 0.5054786526831083 off 0.48758696844173033 __DUMMY__ 0.0069343788751612566	false	1.0
rammen	neg 1.0		neg 0.51122104477289 off 0.48189784640463335 __DUMMY__ 0.006881108822476709	false	1.0
unlauter	neg 1.0		neg 0.5105020915698094 off 0.48259151908333625 __DUMMY__ 0.006906389346854381	false	1.0
unheilvoll	neg 1.0		neg 0.5078696258390082 off 0.48520295302643224 __DUMMY__ 0.006927421134559483	false	1.0
niedrig	neg 1.0		neg 0.515844091501975 off 0.4772017920440846 __DUMMY__ 0.006954116453940435	false	1.0
explosion	neg 1.0		neg 0.5063254086937514 off 0.4867436700416411 __DUMMY__ 0.006930921264607494	false	1.0
weichei	off 1.0	off 1.0	off 0.7318771853098611 neg 0.26487974115286084 __DUMMY__ 0.0032430735372780536	false	1.0
minusmensch	off 1.0		neg 0.49992219323729425 off 0.4933146826746717 __DUMMY__ 0.006763124088033975	false	0.5
farblos	neg 1.0		neg 0.5095609782543987 off 0.4834860301948074 __DUMMY__ 0.0069529915507938345	false	1.0
unwissend	neg 1.0	neg 1.0	neg 0.7378540710235971 off 0.2588701109776026 __DUMMY__ 0.00327581799880033	false	1.0
traurig	neg 1.0		neg 0.4999698721599267 off 0.4931350762858928 __DUMMY__ 0.006895051554180481	false	1.0
senkung	neg 1.0		neg 0.5085931445541407 off 0.4845122260463699 __DUMMY__ 0.006894629399489327	false	1.0
ungleich	neg 1.0	neg 1.0	neg 0.7433186667034836 off 0.25336743009434887 __DUMMY__ 0.0033139032021675496	false	1.0
heikel	neg 1.0		neg 0.5147262464369793 off 0.4783060486058406 __DUMMY__ 0.006967704957180101	false	1.0
drosselung	neg 1.0		neg 0.5034644411719021 off 0.4896442845967582 __DUMMY__ 0.0068912742313397765	false	1.0
falsch	neg 1.0		neg 0.5053192162222646 off 0.4877673825067491 __DUMMY__ 0.00691340127098631	false	1.0
unzufriedenheit	neg 1.0		neg 0.5159687950674717 off 0.4770468138048647 __DUMMY__ 0.006984391127663728	false	1.0
kurz	neg 1.0		neg 0.508530374604917 off 0.484470461017804 __DUMMY__ 0.006999164377279011	false	1.0
unsinnig	neg 1.0		neg 0.5117430608566274 off 0.48131519761090846 __DUMMY__ 0.006941741532464277	false	1.0
penner	off 1.0	off 1.0	off 0.7327206670100151 neg 0.2640409778294025 __DUMMY__ 0.0032383551605823513	false	1.0
seicht	neg 1.0		off 0.4969304661640841 neg 0.4962681503367544 __DUMMY__ 0.006801383499161559	false	0.5
dummheit	off 1.0	off 1.0	off 0.7271064411727458 neg 0.26962029538780746 __DUMMY__ 0.0032732634394467956	false	1.0
unerfreulich	neg 1.0		neg 0.5144709408770388 off 0.4785377371808981 __DUMMY__ 0.006991321942063171	false	1.0
motherfucker	off 1.0	off 1.0	off 0.7301772201100032 neg 0.26655150133912553 __DUMMY__ 0.0032712785508713905	false	1.0
pikiert	neg 1.0		neg 0.5049255930787685 off 0.48819775352027717 __DUMMY__ 0.006876653400954264	false	1.0
wrack	neg 1.0		neg 0.5109151780713616 off 0.4821072813819581 __DUMMY__ 0.006977540546680355	false	1.0
gangster	neg 1.0		neg 0.5055900800862159 off 0.48747889901536906 __DUMMY__ 0.006931020898414992	false	1.0
krank	neg 1.0		neg 0.5017516591979144 off 0.49133278206803577 __DUMMY__ 0.0069155587340498075	false	1.0
reich	neg 1.0		neg 0.5033628530795007 off 0.48971779706433133 __DUMMY__ 0.0069193498561681424	false	1.0
gnadenlos	neg 1.0		neg 0.5094135281809153 off 0.48366481743115397 __DUMMY__ 0.006921654387930611	false	1.0
niedergeschlagen	neg 1.0		neg 0.5102426928669026 off 0.4827881880790566 __DUMMY__ 0.006969119054040705	false	1.0
terrorisieren	off 1.0	off 1.0	off 0.7243705224134693 neg 0.27230861735658224 __DUMMY__ 0.0033208602299483617	false	1.0
sinnlosigkeit	neg 1.0		neg 0.5122369079406593 off 0.48081147253399475 __DUMMY__ 0.006951619525345946	false	1.0
behindern	neg 1.0		neg 0.5101874509951804 off 0.4828580843252582 __DUMMY__ 0.00695446467956156	false	1.0
undemokratisch	neg 1.0		neg 0.509308621235295 off 0.4837609320300992 __DUMMY__ 0.0069304467346058595	false	1.0
wirtschaftskrise	neg 1.0		neg 0.5151610387537279 off 0.47790319933302783 __DUMMY__ 0.006935761913244245	false	1.0
neid	neg 1.0		neg 0.5031264835279327 off 0.4899220405055853 __DUMMY__ 0.006951475966481899	false	1.0
rutschen	neg 1.0		neg 0.5146773409859114 off 0.4782576221322771 __DUMMY__ 0.007065036881811396	false	1.0
rezession	neg 1.0		neg 0.5053223484018781 off 0.4878774870019375 __DUMMY__ 0.006800164596184427	false	1.0
fehlgeburt	neg 1.0		neg 0.5062430495761386 off 0.4868016050232758 __DUMMY__ 0.0069553454005856	false	1.0
charakterschwach	off 1.0		neg 0.5039887630432436 off 0.48913371391655064 __DUMMY__ 0.006877523040205774	false	0.5
isolation	neg 1.0		neg 0.5052537187700413 off 0.48781959078438264 __DUMMY__ 0.0069266904455761264	false	1.0
ablenkung	neg 1.0		neg 0.5081449736203825 off 0.4848878314642742 __DUMMY__ 0.006967194915343208	false	1.0
pech	neg 1.0		neg 0.5050513655567018 off 0.4880250568523774 __DUMMY__ 0.0069235775909206616	false	1.0
vermeidung	neg 1.0		neg 0.5029486031538773 off 0.49015429285770934 __DUMMY__ 0.006897103988413288	false	1.0
dominieren	neg 1.0		neg 0.5140739711023533 off 0.4789604190238475 __DUMMY__ 0.00696560987379927	false	1.0
schwindlig	neg 1.0		neg 0.5058214505133133 off 0.4872290098203623 __DUMMY__ 0.006949539666324423	false	1.0
lutscher	neg 1.0	neg 1.0	neg 0.732802422368001 off 0.2639695566822858 __DUMMY__ 0.0032280209497133677	false	1.0
pflicht	neg 1.0		neg 0.5158404470776811 off 0.4771812412815594 __DUMMY__ 0.006978311640759347	false	1.0
faschist	off 1.0		neg 0.5063371371802674 off 0.4867436938280593 __DUMMY__ 0.006919168991673355	false	0.5
verschleudern	neg 1.0		neg 0.5153227814145382 off 0.47771595763968844 __DUMMY__ 0.006961260945773276	false	1.0
wenn			neg 0.5052595307465334 off 0.4878285280346258 __DUMMY__ 0.006911941218840861	false	0.0
ehebruch	neg 1.0		neg 0.5133625746911393 off 0.4796755331842031 __DUMMY__ 0.006961892124657379	false	1.0
spott	off 1.0		neg 0.5144460595066254 off 0.47859818926943265 __DUMMY__ 0.00695575122394195	false	0.5
trostlosigkeit	neg 1.0		neg 0.5159702388143328 off 0.47703919520040167 __DUMMY__ 0.006990565985265585	false	1.0
lutschen	neg 1.0		neg 0.5073005981772228 off 0.48580749850585714 __DUMMY__ 0.006891903316920079	false	1.0
undiszipliniert	neg 1.0		neg 0.50137582505243 off 0.4917405462927694 __DUMMY__ 0.0068836286548006765	false	1.0
kopfschmerz	neg 1.0		neg 0.5132499008515047 off 0.4798183542919258 __DUMMY__ 0.006931744856569506	false	1.0
unvorhergesehen	neg 1.0		neg 0.5111128404780011 off 0.48185507459439053 __DUMMY__ 0.0070320849276083695	false	1.0
desinteressiert	neg 1.0	neg 1.0	neg 0.7365998815711495 off 0.26013346909313173 __DUMMY__ 0.003266649335718661	false	1.0
armselig	off 1.0		neg 0.5023939450590742 off 0.49075377625639016 __DUMMY__ 0.0068522786845354785	false	0.5
desaster	neg 1.0		neg 0.5173616528842596 off 0.4756413495223117 __DUMMY__ 0.006996997593428661	false	1.0
tod	neg 1.0		neg 0.5112959592725848 off 0.4817153332361283 __DUMMY__ 0.006988707491286979	false	1.0
herzlos	neg 1.0		neg 0.5014239612162079 off 0.4917065563038529 __DUMMY__ 0.006869482479939165	false	1.0
unwissenheit	neg 1.0		neg 0.5130544769284644 off 0.4799990985708611 __DUMMY__ 0.006946424500674521	false	1.0
widersinnig	neg 1.0		neg 0.5145477535336003 off 0.4785323959641175 __DUMMY__ 0.0069198505022821325	false	1.0
bedenklich	neg 1.0		neg 0.5137654318231374 off 0.47927877328125607 __DUMMY__ 0.006955794895606657	false	1.0
beanstanden	neg 1.0		neg 0.5158237623117086 off 0.4771893387639736 __DUMMY__ 0.006986898924317864	false	1.0
panisch	neg 1.0	neg 1.0	neg 0.737875757304046 off 0.2588118070318225 __DUMMY__ 0.0033124356641315487	false	1.0
debil	off 1.0		neg 0.5194086805602771 off 0.4735353804139123 __DUMMY__ 0.0070559390258107466	false	0.5
abstrich	neg 1.0		neg 0.5069008762839562 off 0.4860894398187276 __DUMMY__ 0.007009683897316214	false	1.0
primitiv	neg 1.0		neg 0.5037107563236287 off 0.48941684545028746 __DUMMY__ 0.006872398226083802	false	1.0
abschaum	off 1.0	off 1.0	off 0.7288514295628387 neg 0.2678761716118268 __DUMMY__ 0.003272398825334529	false	1.0
provozieren	neg 1.0		neg 0.5103161419162138 off 0.48277366988351733 __DUMMY__ 0.0069101882002689675	false	1.0
tot	neg 1.0		neg 0.512220030180624 off 0.48081826952839246 __DUMMY__ 0.006961700290983572	false	1.0
instabil	neg 1.0		neg 0.5029251530678476 off 0.4902178515795052 __DUMMY__ 0.006856995352647288	false	1.0
schwuchtel	off 1.0	off 1.0	off 0.7348371791868256 neg 0.26196425916507055 __DUMMY__ 0.0031985616481038075	false	1.0
zerren	neg 1.0		neg 0.5113610154645294 off 0.48167405197336266 __DUMMY__ 0.006964932562107958	false	1.0
kinderficker	off 1.0		neg 0.4983651036366327 off 0.4947784211888942 __DUMMY__ 0.006856475174473084	false	0.5
gefahr	neg 1.0		neg 0.5151285928512043 off 0.4778687233447138 __DUMMY__ 0.007002683804081862	false	1.0
rabiat	neg 1.0		neg 0.5092223921057273 off 0.4838290605481478 __DUMMY__ 0.006948547346124883	false	1.0
verlangsamung	neg 1.0		neg 0.5002862592579354 off 0.4929269704500871 __DUMMY__ 0.0067867702919776635	false	1.0
ausgestorben	neg 1.0		neg 0.5089434603675833 off 0.4840955229239809 __DUMMY__ 0.0069610167084358425	false	1.0
anklagen	neg 1.0		neg 0.5133300591971401 off 0.47971389483388943 __DUMMY__ 0.006956045968970527	false	1.0
trott	neg 1.0		neg 0.5096122724347563 off 0.4834317173005578 __DUMMY__ 0.0069560102646859506	false	1.0
verminderung	neg 1.0		neg 0.502701864429818 off 0.49040687662164983 __DUMMY__ 0.006891258948532189	false	1.0
nach			neg 0.5153948310593889 off 0.47752336108885785 __DUMMY__ 0.007081807851753463	false	0.0
rost	neg 1.0		neg 0.49846643157764764 off 0.49469005563265694 __DUMMY__ 0.006843512789695348	false	1.0
destruktiv	neg 1.0		neg 0.5107180587093663 off 0.4823498890435024 __DUMMY__ 0.006932052247131417	false	1.0
unzumutbarkeit	neg 1.0		neg 0.5031845211877388 off 0.4898998835267042 __DUMMY__ 0.006915595285557107	false	1.0
labil	off 1.0	off 1.0	off 0.7286671946600165 neg 0.2680530054142859 __DUMMY__ 0.003279799925697656	false	1.0
ziemlich	neg 1.0		neg 0.5019690352643745 off 0.49110609894851515 __DUMMY__ 0.006924865787110266	false	1.0
lachnummer	off 1.0		neg 0.5103484075599024 off 0.4827278644876223 __DUMMY__ 0.006923727952475429	false	0.5
oder			neg 0.5073058398539569 off 0.48573245005095583 __DUMMY__ 0.006961710095087262	false	0.0
verfall	neg 1.0		neg 0.5191873489671344 off 0.4737917910735538 __DUMMY__ 0.007020859959311999	false	1.0
ausgrenzung	neg 1.0		neg 0.508726632135248 off 0.4843477013515884 __DUMMY__ 0.006925666513163591	false	1.0
unordnung	neg 1.0		neg 0.49958247733654354 off 0.49350172443984164 __DUMMY__ 0.006915798223614864	false	1.0
fehlverhalten	neg 1.0		neg 0.5162978947785524 off 0.4767457864777524 __DUMMY__ 0.006956318743695205	false	1.0
eine			neg 0.5135817256806994 off 0.47940438451386685 __DUMMY__ 0.0070138898054338565	false	0.0
nille	neg 1.0		neg 0.5094021327527046 off 0.48363518324728194 __DUMMY__ 0.006962684000013302	false	1.0
qual	neg 1.0		neg 0.5099260753896145 off 0.4831134302358502 __DUMMY__ 0.006960494374535295	false	1.0
verschwenden	neg 1.0		neg 0.514502043213291 off 0.47854062900787453 __DUMMY__ 0.006957327778834501	false	1.0
riesig	neg 1.0		neg 0.5120187685648869 off 0.4809940287138514 __DUMMY__ 0.006987202721261658	false	1.0
verurteilen	neg 1.0		neg 0.5142532296701371 off 0.4788170984929801 __DUMMY__ 0.006929671836882918	false	1.0
klischee	neg 1.0	neg 1.0	neg 0.7389861743899411 off 0.25773865928438844 __DUMMY__ 0.003275166325670526	false	1.0
diktatorisch	neg 1.0		neg 0.5095772357404587 off 0.4835011316165103 __DUMMY__ 0.006921632643031097	false	1.0
vorhersehbar	neg 1.0		neg 0.5076685555097127 off 0.48543413036497984 __DUMMY__ 0.006897314125307555	false	1.0
sowie			neg 0.5008764896445829 off 0.49229387360417054 __DUMMY__ 0.006829636751246516	false	0.0
stornieren	neg 1.0		neg 0.5036107200392244 off 0.489391596261899 __DUMMY__ 0.006997683698876698	false	1.0
besteuerung	neg 1.0		neg 0.5116028099864317 off 0.4815018522693241 __DUMMY__ 0.006895337744244139	false	1.0
ungeschminkt	neg 1.0		neg 0.5056293223979541 off 0.48752520643902114 __DUMMY__ 0.006845471163024856	false	1.0
kritisch	neg 1.0		neg 0.5137292858562226 off 0.479307262962281 __DUMMY__ 0.0069634511814965225	false	1.0
schlamperei	off 1.0		neg 0.5141519209286053 off 0.4788592332618556 __DUMMY__ 0.006988845809539196	false	0.5
sucht	neg 1.0	neg 1.0	neg 0.7376234727936263 off 0.2590354446620017 __DUMMY__ 0.003341082544371938	false	1.0
egoistisch	off 1.0		neg 0.4992439633244714 off 0.49392069245255554 __DUMMY__ 0.006835344222973069	false	0.5
ausbeuter	off 1.0		neg 0.5169587139291449 off 0.47609610796598917 __DUMMY__ 0.006945178104865807	false	0.5
arschgeburt	off 1.0		off 0.49850061510368937 neg 0.4947683789212967 __DUMMY__ 0.0067310059750140235	false	1.0
schubs	neg 1.0		neg 0.5104708393569058 off 0.4825561468333569 __DUMMY__ 0.006973013809737201	false	1.0
unsolide	neg 1.0		neg 0.5098934966856237 off 0.4832075147816489 __DUMMY__ 0.00689898853272737	false	1.0
beschwerde	neg 1.0		neg 0.5149478287576568 off 0.47809572138008377 __DUMMY__ 0.006956449862259419	false	1.0
stocken	neg 1.0		neg 0.5143085774847045 off 0.47871378450818586 __DUMMY__ 0.006977638007109763	false	1.0
isolieren	neg 1.0		neg 0.5132149328202621 off 0.47982588315434027 __DUMMY__ 0.006959184025397508	false	1.0
unheilbar	neg 1.0		neg 0.5092393511936619 off 0.4838161578104146 __DUMMY__ 0.006944490995923529	false	1.0
pisser	off 1.0		neg 0.5035391946545569 off 0.48961549571010443 __DUMMY__ 0.006845309635338702	false	0.5
löschen	neg 1.0		neg 0.509331985705799 off 0.4837145600763806 __DUMMY__ 0.006953454217820497	false	1.0
durchfallen	neg 1.0		neg 0.5139115159863249 off 0.47914534059673924 __DUMMY__ 0.006943143416935979	false	1.0
wichser	off 1.0	off 1.0	off 0.7343046738773201 neg 0.2624705942898729 __DUMMY__ 0.003224731832806929	false	1.0
terror	neg 1.0		neg 0.5055481474014687 off 0.4875140310973207 __DUMMY__ 0.006937821501210567	false	1.0
krass	neg 1.0		neg 0.5004610408343062 off 0.4926732230217884 __DUMMY__ 0.006865736143905472	false	1.0
revolte	neg 1.0		neg 0.5081712358876772 off 0.4849054803104843 __DUMMY__ 0.0069232838018385215	false	1.0
besorgt	neg 1.0		neg 0.5084467219914376 off 0.484544635650205 __DUMMY__ 0.007008642358357286	false	1.0
nachlassen	neg 1.0		neg 0.5134225670359891 off 0.4795857225801917 __DUMMY__ 0.006991710383819174	false	1.0
alt	neg 1.0		neg 0.5128492294971372 off 0.4802017833181403 __DUMMY__ 0.006948987184722395	false	1.0
hundesohn	off 1.0		neg 0.4966377387144841 off 0.49657556063755387 __DUMMY__ 0.006786700647962128	false	0.5
als			neg 0.5106897697921182 off 0.4823335961856615 __DUMMY__ 0.006976634022220225	false	0.0
abschreckung	neg 1.0		neg 0.516381739365375 off 0.476634807504416 __DUMMY__ 0.006983453130209082	false	1.0
unqualifiziert	neg 1.0		neg 0.5069753916235733 off 0.4861358246616523 __DUMMY__ 0.00688878371477447	false	1.0
abgewichst	off 1.0		neg 0.5094883998603879 off 0.4835358530728486 __DUMMY__ 0.006975747066763711	false	0.5
schwer	neg 1.0		neg 0.510355733045419 off 0.4826991778340478 __DUMMY__ 0.006945089120533242	false	1.0
bedeutungslosigkeit	neg 1.0		neg 0.51531792217014 off 0.4777060440411674 __DUMMY__ 0.006976033788692586	false	1.0
kapitulation	neg 1.0		neg 0.5138524013362609 off 0.47917760310302054 __DUMMY__ 0.006969995560718497	false	1.0
unscharf	neg 1.0		neg 0.5078195018190532 off 0.4852737127594591 __DUMMY__ 0.006906785421487792	false	1.0
schwinden	neg 1.0		neg 0.5159526148716358 off 0.47707463020799556 __DUMMY__ 0.006972754920368722	false	1.0
versklavung	neg 1.0		neg 0.5095719588629924 off 0.4834963787367028 __DUMMY__ 0.006931662400304645	false	1.0
schlecht	neg 1.0		neg 0.5020058297394873 off 0.49107281378987977 __DUMMY__ 0.006921356470633156	false	1.0
verhasst	neg 1.0		neg 0.5105246058240765 off 0.48258223294629454 __DUMMY__ 0.006893161229628988	false	1.0
beschweren	neg 1.0		neg 0.5072537745202115 off 0.485811874260851 __DUMMY__ 0.0069343512189376216	false	1.0
scheiden	neg 1.0		neg 0.5078854695288741 off 0.4851404767441706 __DUMMY__ 0.006974053726955276	false	1.0
frustriert	neg 1.0		neg 0.5118147197956002 off 0.48124252272650464 __DUMMY__ 0.006942757477895235	false	1.0
schimmelig	neg 1.0		neg 0.5152049598925247 off 0.4778798920812443 __DUMMY__ 0.0069151480262310775	false	1.0
fisch	neg 1.0		neg 0.5168257540430895 off 0.47621796420420054 __DUMMY__ 0.006956281752710038	false	1.0
schmuggel	neg 1.0		neg 0.5145030053201499 off 0.4785189212558229 __DUMMY__ 0.006978073424027169	false	1.0
auffallen	neg 1.0		neg 0.5063170486160511 off 0.48675292820662414 __DUMMY__ 0.006930023177324707	false	1.0
konkurrenz	neg 1.0		neg 0.5166389934032419 off 0.4763732942463125 __DUMMY__ 0.006987712350445484	false	1.0
teufelskreis	neg 1.0	neg 1.0	neg 0.741564966621597 off 0.2551471554623038 __DUMMY__ 0.0032878779160992653	false	1.0
aufschreien	neg 1.0		neg 0.5075829126347574 off 0.4855099655239664 __DUMMY__ 0.00690712184127629	false	1.0
schuldner	neg 1.0		neg 0.517749861262739 off 0.4753019984056841 __DUMMY__ 0.006948140331576959	false	1.0
missgeburt	off 1.0	off 1.0	off 0.7314723116741878 neg 0.265298312112449 __DUMMY__ 0.0032293762133631223	false	1.0
arbeitslos	neg 1.0		neg 0.5133263713387086 off 0.47972855724769536 __DUMMY__ 0.0069450714135959	false	1.0
befallen	neg 1.0		neg 0.5136182470662494 off 0.4794626718319735 __DUMMY__ 0.006919081101776998	false	1.0
miesepetrig	off 1.0	off 1.0	off 0.7297775124699898 neg 0.2669380643546422 __DUMMY__ 0.003284423175368063	false	1.0
alarmieren	neg 1.0		neg 0.5068255048125812 off 0.48628859654457995 __DUMMY__ 0.006885898642838884	false	1.0
ungeduscht	off 1.0		neg 0.5065526302418657 off 0.4865627174652538 __DUMMY__ 0.006884652292880552	false	0.5
knappheit	neg 1.0		neg 0.5154547830243812 off 0.4776223237430056 __DUMMY__ 0.006922893232613248	false	1.0
schlange	neg 1.0		neg 0.5054018721580809 off 0.4876210797093879 __DUMMY__ 0.006977048132531246	false	1.0
harsch	neg 1.0		neg 0.4980153299447807 off 0.49509623877980774 __DUMMY__ 0.006888431275411504	false	1.0
lang	neg 1.0		neg 0.5080972363104863 off 0.48494974902083365 __DUMMY__ 0.006953014668680151	false	1.0
ziellos	neg 1.0		neg 0.5115416918653879 off 0.48146558320943034 __DUMMY__ 0.006992724925181717	false	1.0
selbstverliebt	neg 1.0		off 0.49791303354091576 neg 0.4953133824002943 __DUMMY__ 0.0067735840587900475	false	0.5
beseitigen	neg 1.0		neg 0.5110201069092064 off 0.482020739217694 __DUMMY__ 0.006959153873099631	false	1.0
dumm	off 1.0		neg 0.497857202889542 off 0.49530127916323685 __DUMMY__ 0.00684151794722117	false	0.5
arbeitsloser	neg 1.0		neg 0.5111972812175554 off 0.4818202023162198 __DUMMY__ 0.006982516466224932	false	1.0
blitzen	neg 1.0		neg 0.5055502450396328 off 0.48751468163560624 __DUMMY__ 0.006935073324761009	false	1.0
hilflos	neg 1.0		neg 0.5122143650473592 off 0.480839270978677 __DUMMY__ 0.006946363973963865	false	1.0
eklig	off 1.0		neg 0.49930027416451084 off 0.49389781504323715 __DUMMY__ 0.0068019107922519355	false	0.5
begriff			neg 0.5100454796547423 off 0.48300005491761244 __DUMMY__ 0.0069544654276451805	false	0.0
hungersnot	neg 1.0		neg 0.5127772897154634 off 0.4802658817196658 __DUMMY__ 0.00695682856487074	false	1.0
ungesetzlich	neg 1.0		neg 0.5111999092018744 off 0.4818980223223975 __DUMMY__ 0.00690206847572817	false	1.0
verschwendung	neg 1.0		neg 0.5143253201678205 off 0.4787011442185644 __DUMMY__ 0.006973535613614988	false	1.0
schmerzvoll	neg 1.0		neg 0.5081280199069738 off 0.484944781443877 __DUMMY__ 0.0069271986491493	false	1.0
vorzeitig	neg 1.0		neg 0.5076550566164817 off 0.4854353458325297 __DUMMY__ 0.006909597550988742	false	1.0
unvollkommenheit	neg 1.0		neg 0.5097673540868644 off 0.4832207617837318 __DUMMY__ 0.007011884129403682	false	1.0
intervenieren	neg 1.0		neg 0.515442997167516 off 0.47759676278365826 __DUMMY__ 0.006960240048825702	false	1.0
banause	off 1.0		neg 0.4976714865992803 off 0.49556181235965335 __DUMMY__ 0.006766701041066426	false	0.5
rebell	neg 1.0		neg 0.5177592262143589 off 0.47523933081886355 __DUMMY__ 0.007001442966777646	false	1.0
unlogisch	neg 1.0		neg 0.5019434774450938 off 0.4911928623394215 __DUMMY__ 0.006863660215484757	false	1.0
leiden	neg 1.0		neg 0.5133729328828317 off 0.4796162243907935 __DUMMY__ 0.007010842726374786	false	1.0
abschaffung	neg 1.0		neg 0.5094686795172071 off 0.4835898560071599 __DUMMY__ 0.0069414644756330265	false	1.0
sturz	neg 1.0		neg 0.5084963499493111 off 0.4845398138738737 __DUMMY__ 0.006963836176815311	false	1.0
verkleinerung	neg 1.0		neg 0.5083378403368893 off 0.4847692688036885 __DUMMY__ 0.006892890859422177	false	1.0
schmarotzer	off 1.0		neg 0.5130405630238901 off 0.4800283581167213 __DUMMY__ 0.006931078859388563	false	0.5
bestrafung	neg 1.0		neg 0.508713980060884 off 0.48435055246647546 __DUMMY__ 0.006935467472640621	false	1.0
achtlos	neg 1.0	neg 1.0	neg 0.7404614462157466 off 0.2562288253639474 __DUMMY__ 0.0033097284203060223	false	1.0
ungeheuer	neg 1.0		neg 0.5064738923780338 off 0.4865901022621954 __DUMMY__ 0.00693600535977086	false	1.0
