unsolidarisch	neg 1.0		__DUMMY__ 0.8730333915492435 neg 0.06620263399051193 off 0.06076397446024445	false	1.0
nachteilig	neg 1.0		__DUMMY__ 0.8786241167111166 neg 0.06491042266158911 off 0.05646546062729428	false	1.0
skeptisch	neg 1.0		__DUMMY__ 0.8789858214174318 neg 0.06494566236407694 off 0.05606851621849126	false	1.0
schrecklich	neg 1.0		__DUMMY__ 0.8709236131416653 off 0.06959619035308642 neg 0.059480196505248155	false	0.5
schlapp	neg 1.0		__DUMMY__ 0.8739623318765417 off 0.06550670744085976 neg 0.06053096068259858	false	0.5
abfall	neg 1.0		__DUMMY__ 0.8822218622486924 neg 0.06521249204926965 off 0.052565645702037915	false	1.0
widerspenstig	neg 1.0		__DUMMY__ 0.8767127227498013 neg 0.06269740615475822 off 0.06058987109544052	false	1.0
abrupt	neg 1.0		__DUMMY__ 0.8800835017816899 neg 0.06361054953680058 off 0.05630594868150959	false	1.0
unwirksam	neg 1.0		__DUMMY__ 0.8724095024819661 neg 0.06720253098430494 off 0.060387966533728854	false	1.0
angreifen	neg 1.0		__DUMMY__ 0.8772595692108682 neg 0.06667861297365801 off 0.05606181781547378	false	1.0
inkonsistent	neg 1.0		__DUMMY__ 0.8731790572994488 neg 0.0656402924818731 off 0.061180650218678134	false	1.0
abrutschen	neg 1.0		__DUMMY__ 0.8802796771093993 neg 0.06662887715489743 off 0.05309144573570335	false	1.0
unsicher	neg 1.0		__DUMMY__ 0.8782012269955163 neg 0.06120427914639907 off 0.06059449385808473	false	1.0
bauernkind	off 1.0	off 1.0	off 0.5231801029632727 __DUMMY__ 0.42458456280365714 neg 0.05223533423307025	false	1.0
angreifer	neg 1.0	neg 1.0	neg 0.5163740865327259 __DUMMY__ 0.43639368674502615 off 0.047232226722247896	false	1.0
trennen	neg 1.0		__DUMMY__ 0.8811654253691737 neg 0.06335787386452782 off 0.055476700766298376	false	1.0
schmutz	neg 1.0		__DUMMY__ 0.8786782311859549 off 0.061702972380865646 neg 0.05961879643317944	false	0.5
inkonsistenz	neg 1.0		__DUMMY__ 0.8684178533219775 off 0.0660262879463256 neg 0.06555585873169695	false	0.5
erschreckend	neg 1.0		__DUMMY__ 0.8755719746947473 neg 0.06432074925552982 off 0.06010727604972285	false	1.0
ertrinken	neg 1.0		__DUMMY__ 0.8776833199341231 neg 0.06606505158019572 off 0.05625162848568118	false	1.0
pickelface	off 1.0		__DUMMY__ 0.8772661420907255 neg 0.0630669294532243 off 0.05966692845605016	false	0.5
seiner			__DUMMY__ 0.8790463659337318 neg 0.0646414610560726 off 0.05631217301019554	false	0.0
lauch	neg 1.0		__DUMMY__ 0.8815211942665399 neg 0.0652246516889227 off 0.05325415404453738	false	1.0
unwichtig	neg 1.0		__DUMMY__ 0.871816746969903 off 0.06551416795296708 neg 0.06266908507712993	false	0.5
steuerhinterziehung	neg 1.0	neg 1.0	neg 0.5198159357824261 __DUMMY__ 0.43600967585370015 off 0.04417438836387376	false	1.0
schock	neg 1.0		__DUMMY__ 0.8769190156514208 neg 0.06337819817326529 off 0.05970278617531393	false	1.0
beule	neg 1.0		__DUMMY__ 0.8714063681284776 off 0.06637691005462643 neg 0.06221672181689601	false	0.5
vergelten	neg 1.0		__DUMMY__ 0.8745065226364571 off 0.06851241861626743 neg 0.05698105874727541	false	0.5
verdorbenheit	neg 1.0		__DUMMY__ 0.8802107264830406 off 0.06079640432443736 neg 0.05899286919252204	false	0.5
trauma	neg 1.0		__DUMMY__ 0.8756017280494297 neg 0.06287996129521294 off 0.06151831065535746	false	1.0
sinnlos	neg 1.0		__DUMMY__ 0.8749831562843658 off 0.0628454029519249 neg 0.06217144076370928	false	0.5
fettsack	off 1.0	off 1.0	off 0.5240624601070016 __DUMMY__ 0.4263204200302803 neg 0.04961711986271817	false	1.0
feige	off 1.0	off 1.0	off 0.5200877725592727 __DUMMY__ 0.43079346226602994 neg 0.04911876517469727	false	1.0
abdanken	neg 1.0		__DUMMY__ 0.8757406472587664 neg 0.06400914657056767 off 0.0602502061706658	false	1.0
wichtigtuer	off 1.0	off 1.0	off 0.5182574302353293 __DUMMY__ 0.4332514165568333 neg 0.04849115320783749	false	1.0
misslingen	neg 1.0		__DUMMY__ 0.883746544933793 off 0.060723000783670586 neg 0.05553045428253642	false	0.5
untreu	off 1.0		__DUMMY__ 0.8720426966672088 off 0.06590682747272726 neg 0.062050475860063826	false	1.0
missmutig	neg 1.0		__DUMMY__ 0.873839322982751 off 0.06513336394918566 neg 0.06102731306806327	false	0.5
hurenbock	off 1.0		__DUMMY__ 0.8764324179779159 off 0.062128829044212054 neg 0.061438752977871915	false	1.0
betrunken	neg 1.0		__DUMMY__ 0.8724362013340942 off 0.06722314647894342 neg 0.06034065218696242	false	0.5
korrupt	off 1.0		__DUMMY__ 0.8735916136374127 neg 0.06782242797933451 off 0.058585958383252874	false	0.5
unmut	neg 1.0		__DUMMY__ 0.8813300156710313 neg 0.06539752143847352 off 0.053272462890495274	false	1.0
hackfresse	off 1.0		__DUMMY__ 0.8669423649462549 off 0.07304342795792086 neg 0.06001420709582422	false	1.0
aufblasen	neg 1.0		__DUMMY__ 0.8759453751008861 off 0.062256790781604586 neg 0.06179783411750926	false	0.5
gewaltsam	neg 1.0		__DUMMY__ 0.8774620056250467 neg 0.06341377003371888 off 0.059124224341234405	false	1.0
unbeliebtheit	neg 1.0		__DUMMY__ 0.8698947726204349 neg 0.06547875168478891 off 0.06462647569477614	false	1.0
sturheit	neg 1.0		__DUMMY__ 0.8751642427624738 neg 0.0652568417764707 off 0.05957891546105545	false	1.0
kuh	neg 1.0		__DUMMY__ 0.8695392932146079 neg 0.06776190761125592 off 0.06269879917413623	false	1.0
erschrecken	neg 1.0		__DUMMY__ 0.8745643180563075 off 0.06486818615867802 neg 0.060567495785014455	false	0.5
opfer	neg 1.0		__DUMMY__ 0.8782359371091318 neg 0.06435623608994162 off 0.05740782680092648	false	1.0
sinken	neg 1.0		__DUMMY__ 0.880741646482397 neg 0.06561857633836536 off 0.053639777179237715	false	1.0
stinktier	neg 1.0		__DUMMY__ 0.8624346302650273 off 0.07031975584558413 neg 0.06724561388938857	false	0.5
tucke	off 1.0		__DUMMY__ 0.8634360327612578 off 0.07400745880645018 neg 0.06255650843229207	false	1.0
ein			__DUMMY__ 0.8759091625062642 neg 0.06265564165114777 off 0.061435195842587983	false	0.0
abstieg	neg 1.0		__DUMMY__ 0.8781208611010964 neg 0.06559818678750354 off 0.056280952111400016	false	1.0
missverstehen	neg 1.0		__DUMMY__ 0.8722515303550231 neg 0.0639721273477826 off 0.0637763422971943	false	1.0
ergebnislos	neg 1.0		__DUMMY__ 0.8801145519483622 neg 0.06383557697984002 off 0.05604987107179775	false	1.0
unter			__DUMMY__ 0.8875912023752999 neg 0.06409313879863152 off 0.0483156588260686	false	0.0
manipulieren	neg 1.0		__DUMMY__ 0.879581719200389 neg 0.06474792033888753 off 0.05567036046072343	false	1.0
unbewiesen	neg 1.0		__DUMMY__ 0.8720834882205383 neg 0.06715268512598227 off 0.0607638266534795	false	1.0
verschleppen	neg 1.0		__DUMMY__ 0.8766721529548838 neg 0.06559403644005633 off 0.05773381060505994	false	1.0
weib	off 1.0		__DUMMY__ 0.861299796481197 off 0.07379445608505937 neg 0.06490574743374354	false	1.0
opposition	neg 1.0		__DUMMY__ 0.8735977622203085 neg 0.06443558846867321 off 0.061966649311018356	false	1.0
verkehrswidrig	neg 1.0		__DUMMY__ 0.8753930807981471 off 0.06910496378895792 neg 0.05550195541289491	false	0.5
inkorrekt	neg 1.0		__DUMMY__ 0.8682696474388774 off 0.06925287508907868 neg 0.062477477472043935	false	0.5
vermeiden	neg 1.0	neg 1.0	neg 0.5181895470752499 __DUMMY__ 0.44281565903060466 off 0.03899479389414537	false	1.0
abweichung	neg 1.0		__DUMMY__ 0.8788565258349732 neg 0.06396096754551833 off 0.05718250661950848	false	1.0
alkoholisiert	neg 1.0		__DUMMY__ 0.8818155345816059 neg 0.06246609732797233 off 0.055718368090421834	false	1.0
scheiss	off 1.0	off 1.0	off 0.5199217364956353 __DUMMY__ 0.4326937458588569 neg 0.04738451764550779	false	1.0
herausforderung	neg 1.0		__DUMMY__ 0.8803225172791255 neg 0.06386693704732771 off 0.05581054567354676	false	1.0
pervers	off 1.0		__DUMMY__ 0.8633449838922563 off 0.076403079510667 neg 0.06025193659707664	false	1.0
wackelig	neg 1.0		__DUMMY__ 0.8817877024883307 neg 0.05979704228397827 off 0.058415255227691004	false	1.0
verwickeln	neg 1.0		__DUMMY__ 0.8725425218130206 neg 0.06419180253787563 off 0.0632656756491038	false	1.0
vorwand	neg 1.0		__DUMMY__ 0.8787435272638718 neg 0.06566916024548022 off 0.05558731249064794	false	1.0
muschi	off 1.0		__DUMMY__ 0.877043145593183 neg 0.06309535546831437 off 0.05986149893850266	false	0.5
entmutigung	neg 1.0		__DUMMY__ 0.8742676681570094 neg 0.06375258748846067 off 0.0619797443545299	false	1.0
unangemessen	neg 1.0		__DUMMY__ 0.8745607167755394 neg 0.06607613963097644 off 0.059363143593484054	false	1.0
unstetig	neg 1.0		__DUMMY__ 0.8760034690752732 off 0.0629036643930191 neg 0.06109286653170765	false	0.5
entmutigen	neg 1.0		__DUMMY__ 0.8755364497282212 neg 0.0629025237563378 off 0.061561026515440875	false	1.0
schwanz	neg 1.0		__DUMMY__ 0.8784386131712901 neg 0.0643331785009935 off 0.05722820832771643	false	1.0
verbot	neg 1.0		__DUMMY__ 0.8764433493707153 neg 0.06540941485580506 off 0.05814723577347955	false	1.0
leid	neg 1.0		__DUMMY__ 0.8679813218779789 off 0.07112901182601343 neg 0.06088966629600754	false	0.5
archaisch	neg 1.0		__DUMMY__ 0.8762195076210977 neg 0.06436403128648363 off 0.0594164610924187	false	1.0
gegen			__DUMMY__ 0.881120662664503 neg 0.0648522951785724 off 0.05402704215692469	false	0.0
scheidung	neg 1.0		__DUMMY__ 0.8651227342836576 off 0.08062553166898602 neg 0.05425173404735623	false	0.5
einschlag	neg 1.0		__DUMMY__ 0.8711136862457433 off 0.06833922144117675 neg 0.06054709231308005	false	0.5
m			__DUMMY__ 0.87911088082204 neg 0.06264392641074892 off 0.05824519276721104	false	0.0
abgestanden	neg 1.0		__DUMMY__ 0.8746384881563015 neg 0.06474164131026959 off 0.06061987053342894	false	1.0
schmierig	off 1.0		__DUMMY__ 0.8695860760866584 off 0.07037571719547919 neg 0.060038206717862364	false	1.0
unpraktisch	neg 1.0		__DUMMY__ 0.8761069363273282 neg 0.06201669162885926 off 0.061876372043812605	false	1.0
wixxer	off 1.0		__DUMMY__ 0.8611226581767609 off 0.07662246279162704 neg 0.062254879031612025	false	1.0
bezeichnet			__DUMMY__ 0.8732252605691019 neg 0.06583505852632274 off 0.060939680904575334	false	0.0
jammerlappen	off 1.0		__DUMMY__ 0.8739124077442982 off 0.06550588957872523 neg 0.060581702676976636	false	1.0
farce	neg 1.0		__DUMMY__ 0.8746241776989007 neg 0.06631770783341104 off 0.05905811446768834	false	1.0
zwecklos	neg 1.0		__DUMMY__ 0.875290142652515 neg 0.06574434035137457 off 0.05896551699611048	false	1.0
turbulent	neg 1.0		__DUMMY__ 0.8690641648231483 off 0.06671098384706267 neg 0.064224851329789	false	0.5
invasion	neg 1.0		__DUMMY__ 0.8747480221592969 neg 0.06268305957543477 off 0.06256891826526828	false	1.0
schuld	neg 1.0		__DUMMY__ 0.8735496913132565 neg 0.06454941970722866 off 0.06190088897951485	false	1.0
risiko	neg 1.0	neg 1.0	neg 0.5157638506823579 __DUMMY__ 0.4376183585637391 off 0.04661779075390308	false	1.0
finster	neg 1.0		__DUMMY__ 0.873719011142851 neg 0.06475949270245929 off 0.06152149615468974	false	1.0
geisteskrank	off 1.0		__DUMMY__ 0.8684320720971651 off 0.06740794966148593 neg 0.06415997824134897	false	1.0
zusammenbrechen	neg 1.0		__DUMMY__ 0.8772296620434775 neg 0.06379525163075347 off 0.05897508632576897	false	1.0
ausbeute	neg 1.0		__DUMMY__ 0.887543460590231 off 0.056767772716500554 neg 0.055688766693268485	false	0.5
hinterhalt	neg 1.0		__DUMMY__ 0.8828167770614944 neg 0.0586108479091373 off 0.05857237502936825	false	1.0
kritik	neg 1.0		__DUMMY__ 0.8742956615709943 neg 0.06680295693027145 off 0.058901381498734216	false	1.0
einschrumpfen	neg 1.0		__DUMMY__ 0.8718604124626483 off 0.06459000522535342 neg 0.06354958231199818	false	0.5
riskant	neg 1.0		__DUMMY__ 0.8772691744419802 neg 0.06609511159996186 off 0.05663571395805797	false	1.0
frustrieren	neg 1.0		__DUMMY__ 0.8774867050428113 neg 0.06502666703464055 off 0.05748662792254802	false	1.0
groll	neg 1.0		__DUMMY__ 0.8753711704177534 neg 0.06612019456447031 off 0.05850863501777636	false	1.0
gibt			__DUMMY__ 0.8779285015854233 neg 0.0629475714059833 off 0.05912392700859331	false	0.0
qualvoll	neg 1.0		__DUMMY__ 0.8743567798770875 off 0.06355070903928774 neg 0.0620925110836248	false	0.5
wackeln	neg 1.0		__DUMMY__ 0.8777003839305012 off 0.06135778738907902 neg 0.06094182868041978	false	0.5
klagen	neg 1.0		__DUMMY__ 0.8798548483355271 neg 0.06615138940444906 off 0.0539937622600239	false	1.0
bankrott	neg 1.0		__DUMMY__ 0.8753729585226636 off 0.06462536843258623 neg 0.060001673044750084	false	0.5
trauern	neg 1.0		__DUMMY__ 0.8799111409231561 neg 0.0632441193452406 off 0.05684473973160323	false	1.0
ablehnung	neg 1.0		__DUMMY__ 0.8752313501477245 neg 0.06607837168839834 off 0.058690278163877195	false	1.0
stur	neg 1.0		__DUMMY__ 0.8739475699542129 neg 0.06400519200174337 off 0.062047238044043794	false	1.0
aufruhr	neg 1.0		__DUMMY__ 0.8763254815274008 neg 0.06404173973030484 off 0.05963277874229437	false	1.0
melancholie	neg 1.0		__DUMMY__ 0.8778121814565022 neg 0.06493565970664837 off 0.05725215883684939	false	1.0
ist			__DUMMY__ 0.8752220648845188 off 0.06259711109294856 neg 0.062180824022532735	false	0.0
torheit	neg 1.0		__DUMMY__ 0.8755163392281039 neg 0.0633948925638605 off 0.061088768208035625	false	1.0
dreckskind	off 1.0		__DUMMY__ 0.8639819772952081 off 0.07216698270756257 neg 0.06385103999722945	false	1.0
umtauschen	neg 1.0		__DUMMY__ 0.8775474716323297 neg 0.06255366004162345 off 0.05989886832604689	false	1.0
zum			__DUMMY__ 0.88762433070226 neg 0.06102174051738114 off 0.05135392878035892	false	0.0
zersetzen	neg 1.0		__DUMMY__ 0.8771767460381871 neg 0.06698612997186275 off 0.055837123989950166	false	1.0
zur			__DUMMY__ 0.885510445334996 neg 0.06348221070354058 off 0.051007343961463385	false	0.0
frust	neg 1.0		__DUMMY__ 0.8774014482329682 neg 0.06359195687849732 off 0.059006594888534554	false	1.0
unerbittlichkeit	neg 1.0		__DUMMY__ 0.8781899905876682 neg 0.06604091919434442 off 0.05576909021798744	false	1.0
zwei			__DUMMY__ 0.8863722909721701 neg 0.061204182907759766 off 0.05242352612007016	false	0.0
unkorrekt	neg 1.0		__DUMMY__ 0.8710834121932237 off 0.06869314571611232 neg 0.06022344209066403	false	0.5
hexe	off 1.0		__DUMMY__ 0.8679018497898907 neg 0.06669290081184598 off 0.06540524939826324	false	0.5
lasch	neg 1.0		__DUMMY__ 0.8712148350961916 off 0.06468721799098474 neg 0.06409794691282367	false	0.5
rivale	neg 1.0		__DUMMY__ 0.8705287013823451 off 0.06756643664486436 neg 0.06190486197279055	false	0.5
mutlos	off 1.0	off 1.0	off 0.5131692394885778 __DUMMY__ 0.43615801750084304 neg 0.05067274301057913	false	1.0
wirr	off 1.0		__DUMMY__ 0.8675940222537236 off 0.06941226888441791 neg 0.0629937088618585	false	1.0
jahr			__DUMMY__ 0.8884962225891728 neg 0.05671522669327084 off 0.05478855071755623	false	0.0
wird			__DUMMY__ 0.8776953631318237 neg 0.06439685979815028 off 0.0579077770700261	false	0.0
strafbar	neg 1.0		__DUMMY__ 0.8780107531095017 neg 0.06485185921477679 off 0.05713738767572158	false	1.0
erosion	neg 1.0		__DUMMY__ 0.878357644594519 neg 0.06113924818733094 off 0.06050310721815012	false	1.0
eingehen	neg 1.0		__DUMMY__ 0.8769618371085511 neg 0.06575049574931324 off 0.057287667142135575	false	1.0
faul	off 1.0		__DUMMY__ 0.8748980411107397 off 0.06448539233942736 neg 0.06061656654983293	false	1.0
provisorium	neg 1.0		__DUMMY__ 0.8896346941172293 neg 0.06156711320289431 off 0.04879819267987644	false	1.0
schmerzen	neg 1.0		__DUMMY__ 0.8752454174518645 neg 0.06553427180757808 off 0.059220310740557516	false	1.0
schrumpfen	neg 1.0		__DUMMY__ 0.8813781852093518 neg 0.06716633949949155 off 0.05145547529115655	false	1.0
geistlos	off 1.0		__DUMMY__ 0.870724592265832 neg 0.06560622613245859 off 0.06366918160170947	false	0.5
fehlkauf	neg 1.0		__DUMMY__ 0.8749977388830606 neg 0.062602323286621 off 0.06239993783031833	false	1.0
frustrierend	neg 1.0		__DUMMY__ 0.8740920323381077 off 0.06455346838121101 neg 0.06135449928068121	false	0.5
unzufrieden	neg 1.0		__DUMMY__ 0.8757196391298578 neg 0.0655845377166385 off 0.05869582315350369	false	1.0
verzweifeln	neg 1.0		__DUMMY__ 0.8762807361113877 neg 0.0638910996795414 off 0.059828164209070896	false	1.0
verzweifelt	neg 1.0	neg 1.0	neg 0.5198469244294056 __DUMMY__ 0.4331654673882217 off 0.04698760818237271	false	1.0
misstrauensantrag	neg 1.0		__DUMMY__ 0.8750110012266376 off 0.0625601921158471 neg 0.062428806657515365	false	0.5
abfallen	neg 1.0		__DUMMY__ 0.8777375640234416 off 0.061180859838750726 neg 0.06108157613780768	false	0.5
fucker	off 1.0		__DUMMY__ 0.8714929321677705 off 0.06838155235447216 neg 0.06012551547775738	false	1.0
ungezogen	neg 1.0		__DUMMY__ 0.8640993312489648 off 0.07548494557025438 neg 0.06041572318078084	false	0.5
irrsinnig	neg 1.0	neg 1.0	neg 0.5189743743150683 __DUMMY__ 0.43404439050700366 off 0.04698123517792798	false	1.0
unfassbar	neg 1.0		__DUMMY__ 0.8730958606024364 off 0.06662276515796332 neg 0.06028137423960023	false	0.5
hart	neg 1.0		__DUMMY__ 0.871996034436919 off 0.06598563194971303 neg 0.06201833361336796	false	0.5
widerlich	off 1.0		__DUMMY__ 0.8700776503123521 off 0.06729161782097584 neg 0.06263073186667216	false	1.0
fatal	neg 1.0		__DUMMY__ 0.8744994421176823 off 0.06296699028669489 neg 0.06253356759562277	false	0.5
bruch	neg 1.0		__DUMMY__ 0.8801706019088652 neg 0.0654687797799859 off 0.05436061831114885	false	1.0
aushungern	neg 1.0		__DUMMY__ 0.8773668254667052 neg 0.0635879604354401 off 0.05904521409785476	false	1.0
anspannung	neg 1.0		__DUMMY__ 0.8849067787591719 neg 0.06353890202803934 off 0.05155431921278863	false	1.0
von			__DUMMY__ 0.8899253859019507 neg 0.05525566581048152 off 0.05481894828756785	false	0.0
kraftlos	neg 1.0		__DUMMY__ 0.8783293216537448 neg 0.06339046705272235 off 0.05828021129353292	false	1.0
vom			__DUMMY__ 0.8902122362117044 neg 0.06065416120154519 off 0.049133602586750404	false	0.0
grenzdebil	off 1.0		__DUMMY__ 0.8730508962490631 off 0.06685735304861365 neg 0.06009175070232335	false	1.0
vor			__DUMMY__ 0.8819995096984763 neg 0.06316052399049088 off 0.05483996631103288	false	0.0
unterwerfen	neg 1.0		__DUMMY__ 0.8775493674711725 neg 0.06510425848076759 off 0.05734637404805988	false	1.0
versenkung	neg 1.0		__DUMMY__ 0.8800614548770312 neg 0.062410900045780905 off 0.05752764507718785	false	1.0
entziehen	neg 1.0		__DUMMY__ 0.8801900685181105 neg 0.06531493481791587 off 0.05449499666397351	false	1.0
finanzkrise	neg 1.0		__DUMMY__ 0.8732570575597878 neg 0.06717935024169246 off 0.05956359219851981	false	1.0
schimpfend	neg 1.0		__DUMMY__ 0.8749664816064942 neg 0.06280895797797911 off 0.062224560415526736	false	1.0
profan	neg 1.0		__DUMMY__ 0.8735812527952906 off 0.06331725746911737 neg 0.06310148973559195	false	0.5
korruption	neg 1.0		__DUMMY__ 0.8760437620725902 neg 0.0661298924784704 off 0.05782634544893943	false	1.0
â			__DUMMY__ 0.8798600785588747 neg 0.0624267625384464 off 0.057713158902678925	false	0.0
schmutzig	neg 1.0		__DUMMY__ 0.8729645056223577 off 0.06726919734983285 neg 0.059766297027809466	false	0.5
sexy	neg 1.0		__DUMMY__ 0.8750762101442224 off 0.06418746671847443 neg 0.060736323137303184	false	0.5
abraten	neg 1.0		__DUMMY__ 0.8763098614826913 off 0.0626032864825737 neg 0.061086852034735004	false	0.5
schwarz	neg 1.0		__DUMMY__ 0.8746978014052007 neg 0.06305626280579926 off 0.06224593578900001	false	1.0
fotze	off 1.0	off 1.0	off 0.5142688524405208 __DUMMY__ 0.4377198736085819 neg 0.0480112739508973	false	1.0
verwirren	neg 1.0		__DUMMY__ 0.873831471729428 off 0.06381701889436193 neg 0.06235150937620997	false	0.5
zahnlos	off 1.0		__DUMMY__ 0.8757443684649364 neg 0.06478015635830188 off 0.059475475176761744	false	0.5
verheeren	neg 1.0		__DUMMY__ 0.8637928965775935 off 0.07687642575171698 neg 0.05933067767068951	false	0.5
hippie	neg 1.0		__DUMMY__ 0.8749154288980051 off 0.06390110237437041 neg 0.06118346872762444	false	0.5
rammen	neg 1.0		__DUMMY__ 0.8709690546662127 neg 0.0674112055205214 off 0.06161973981326592	false	1.0
unlauter	neg 1.0		__DUMMY__ 0.8729119790872515 neg 0.06540879353384306 off 0.06167922737890549	false	1.0
unheilvoll	neg 1.0		__DUMMY__ 0.8748093476197174 neg 0.0630645509113668 off 0.06212610146891578	false	1.0
niedrig	neg 1.0		__DUMMY__ 0.8770274062350916 neg 0.06705721312602446 off 0.05591538063888396	false	1.0
explosion	neg 1.0		__DUMMY__ 0.8747948082913894 off 0.0633292641110869 neg 0.06187592759752369	false	0.5
weichei	off 1.0	off 1.0	off 0.5242812605395439 __DUMMY__ 0.42894517355778344 neg 0.04677356590267256	false	1.0
minusmensch	off 1.0		__DUMMY__ 0.8605918382305713 off 0.07465020331776989 neg 0.06475795845165883	false	1.0
farblos	neg 1.0		__DUMMY__ 0.8772916820128352 neg 0.06292374490567727 off 0.05978457308148739	false	1.0
unwissend	neg 1.0	neg 1.0	neg 0.5174925713144878 __DUMMY__ 0.43271106954354077 off 0.04979635914197153	false	1.0
traurig	neg 1.0		__DUMMY__ 0.8719437620720893 off 0.06889587050486126 neg 0.059160367423049406	false	0.5
senkung	neg 1.0		__DUMMY__ 0.871921639899248 neg 0.06492602512224808 off 0.06315233497850402	false	1.0
ungleich	neg 1.0	neg 1.0	neg 0.5201301471749292 __DUMMY__ 0.437202069085036 off 0.04266778374003479	false	1.0
heikel	neg 1.0		__DUMMY__ 0.8776165959776011 neg 0.06577770810142253 off 0.0566056959209763	false	1.0
drosselung	neg 1.0		__DUMMY__ 0.8718192947109489 off 0.06655214981624338 neg 0.06162855547280766	false	0.5
falsch	neg 1.0		__DUMMY__ 0.8733145709532563 off 0.06472155729326981 neg 0.06196387175347404	false	0.5
unzufriedenheit	neg 1.0		__DUMMY__ 0.8790733609343765 neg 0.065736606867797 off 0.05519003219782655	false	1.0
kurz	neg 1.0		__DUMMY__ 0.8805549913061802 neg 0.06041227803945171 off 0.05903273065436809	false	1.0
unsinnig	neg 1.0		__DUMMY__ 0.8754644932033337 neg 0.06490516191130662 off 0.0596303448853597	false	1.0
penner	off 1.0	off 1.0	off 0.5254592978152741 __DUMMY__ 0.4283034838005342 neg 0.046237218384191675	false	1.0
seicht	neg 1.0		__DUMMY__ 0.8640053663977725 off 0.0752996563575015 neg 0.06069497724472597	false	0.5
dummheit	off 1.0	off 1.0	off 0.5184504001716314 __DUMMY__ 0.4322473315179741 neg 0.04930226831039457	false	1.0
unerfreulich	neg 1.0		__DUMMY__ 0.8797310635598199 neg 0.06458685554350153 off 0.05568208089667864	false	1.0
motherfucker	off 1.0	off 1.0	off 0.5214662459927006 __DUMMY__ 0.4320521252829008 neg 0.04648162872439859	false	1.0
pikiert	neg 1.0		__DUMMY__ 0.8702284584573164 off 0.06652781275181557 neg 0.06324372879086808	false	0.5
wrack	neg 1.0		__DUMMY__ 0.879218686510497 neg 0.06264770920144526 off 0.05813360428805776	false	1.0
gangster	neg 1.0		__DUMMY__ 0.8746736317868428 off 0.06390713984428656 neg 0.06141922836887058	false	0.5
krank	neg 1.0		__DUMMY__ 0.8738000926725774 off 0.06667903232216225 neg 0.059520875005260335	false	0.5
reich	neg 1.0		__DUMMY__ 0.8744711577749412 off 0.06554250298642496 neg 0.059986339238633876	false	0.5
gnadenlos	neg 1.0		__DUMMY__ 0.8736737213076751 neg 0.0643546183839292 off 0.061971660308395855	false	1.0
niedergeschlagen	neg 1.0		__DUMMY__ 0.877948488066462 neg 0.06278789948035554 off 0.059263612453182464	false	1.0
terrorisieren	off 1.0	off 1.0	off 0.5133318700062246 __DUMMY__ 0.43793052554619316 neg 0.048737604447582315	false	1.0
sinnlosigkeit	neg 1.0		__DUMMY__ 0.8762534960568948 neg 0.06484696646437318 off 0.05889953747873203	false	1.0
behindern	neg 1.0		__DUMMY__ 0.8767161541829824 neg 0.06350409560637406 off 0.059779750210643474	false	1.0
undemokratisch	neg 1.0		__DUMMY__ 0.8747966063230961 neg 0.0633780459961926 off 0.06182534768071134	false	1.0
wirtschaftskrise	neg 1.0		__DUMMY__ 0.8751945300929651 neg 0.06718505564684704 off 0.057620414260187824	false	1.0
neid	neg 1.0		__DUMMY__ 0.8768482221537219 off 0.06437970675066484 neg 0.058772071095613214	false	0.5
rutschen	neg 1.0		__DUMMY__ 0.8861354328138558 neg 0.06163382543424475 off 0.0522307417518995	false	1.0
rezession	neg 1.0		__DUMMY__ 0.8637468512239925 off 0.06933794131764699 neg 0.06691520745836044	false	0.5
fehlgeburt	neg 1.0		__DUMMY__ 0.8775000093701518 off 0.06212132009763924 neg 0.06037867053220895	false	0.5
charakterschwach	off 1.0		__DUMMY__ 0.8703174298007784 off 0.06719168987651677 neg 0.06249088032270475	false	1.0
isolation	neg 1.0		__DUMMY__ 0.8744475623412721 off 0.06413427526377916 neg 0.061418162394948725	false	0.5
ablenkung	neg 1.0		__DUMMY__ 0.8777533831775811 neg 0.061497519499097576 off 0.06074909732332127	false	1.0
pech	neg 1.0		__DUMMY__ 0.8745516734525717 off 0.06396559996457758 neg 0.06148272658285075	false	0.5
vermeidung	neg 1.0		__DUMMY__ 0.8721231940780404 off 0.066705449459239 neg 0.06117135646272056	false	0.5
dominieren	neg 1.0		__DUMMY__ 0.8777969945619014 neg 0.06531562760369526 off 0.05688737783440343	false	1.0
schwindlig	neg 1.0		__DUMMY__ 0.8767635231885458 off 0.06239694554832242 neg 0.06083953126313172	false	0.5
lutscher	neg 1.0	neg 1.0	neg 0.5156289361883956 __DUMMY__ 0.42717209968526504 off 0.057198964126339284	false	1.0
pflicht	neg 1.0		__DUMMY__ 0.8783924408958089 neg 0.0660168856474903 off 0.05559067345670084	false	1.0
faschist	off 1.0		__DUMMY__ 0.8738941307422613 off 0.06423517986853512 neg 0.06187068938920353	false	1.0
verschleudern	neg 1.0		__DUMMY__ 0.8774488842747926 neg 0.06618575879634496 off 0.0563653569288624	false	1.0
wenn			__DUMMY__ 0.8731115504528459 off 0.06485608804716834 neg 0.062032361499985686	false	0.0
ehebruch	neg 1.0		__DUMMY__ 0.8773270192913895 neg 0.06485181639169187 off 0.057821164316918555	false	1.0
spott	off 1.0		__DUMMY__ 0.876693570305339 neg 0.06590613435704318 off 0.05740029533761773	false	0.5
trostlosigkeit	neg 1.0		__DUMMY__ 0.8797527391728341 neg 0.0654412024158824 off 0.05480605841128349	false	1.0
lutschen	neg 1.0		__DUMMY__ 0.8715946010109097 off 0.06430979949247988 neg 0.0640955994966105	false	0.5
undiszipliniert	neg 1.0		__DUMMY__ 0.8709996050795619 off 0.06835542591496728 neg 0.06064496900547098	false	0.5
kopfschmerz	neg 1.0		__DUMMY__ 0.8751325371930601 neg 0.06663563194017606 off 0.05823183086676379	false	1.0
unvorhergesehen	neg 1.0		__DUMMY__ 0.8836202700610394 neg 0.0607442198398238 off 0.055635510099136795	false	1.0
desinteressiert	neg 1.0	neg 1.0	neg 0.5168413880663696 __DUMMY__ 0.4316571383385296 off 0.0515014735951009	false	1.0
armselig	off 1.0		__DUMMY__ 0.8681230773738995 off 0.06923495875042092 neg 0.06264196387567954	false	1.0
desaster	neg 1.0		__DUMMY__ 0.8801464439524461 neg 0.06601688103186294 off 0.05383667501569081	false	1.0
tod	neg 1.0		__DUMMY__ 0.8802035744230577 neg 0.06230409416449164 off 0.05749233141245067	false	1.0
herzlos	neg 1.0		__DUMMY__ 0.8697175694851849 off 0.06901135044771778 neg 0.06127108006709736	false	0.5
unwissenheit	neg 1.0		__DUMMY__ 0.8759369868728719 neg 0.0654677449264221 off 0.058595268200706006	false	1.0
widersinnig	neg 1.0		__DUMMY__ 0.8737461712426151 neg 0.06747808630937147 off 0.05877574244801335	false	1.0
bedenklich	neg 1.0		__DUMMY__ 0.8765961375863048 neg 0.06565638507230152 off 0.057747477341393606	false	1.0
beanstanden	neg 1.0		__DUMMY__ 0.8792791561799832 neg 0.06554459946189052 off 0.055176244358126285	false	1.0
panisch	neg 1.0	neg 1.0	neg 0.5152456244439987 __DUMMY__ 0.4372418767238409 off 0.04751249883216035	false	1.0
debil	off 1.0		__DUMMY__ 0.8854437757411132 neg 0.06506739944597531 off 0.04948882481291154	false	0.5
abstrich	neg 1.0		__DUMMY__ 0.8826710766264833 off 0.058679671848074204 neg 0.05864925152544249	false	0.5
primitiv	neg 1.0		__DUMMY__ 0.8698489847372093 off 0.06751317606216023 neg 0.06263783920063051	false	0.5
abschaum	off 1.0	off 1.0	off 0.5201994620890343 __DUMMY__ 0.43221143630369097 neg 0.04758910160727469	false	1.0
provozieren	neg 1.0		__DUMMY__ 0.8727484649243714 neg 0.06542166192448626 off 0.06182987315114228	false	1.0
tot	neg 1.0		__DUMMY__ 0.8780037080092327 neg 0.06427887502520305 off 0.057717416965564226	false	1.0
instabil	neg 1.0		__DUMMY__ 0.8688407228381878 off 0.06845503240036956 neg 0.0627042447614426	false	0.5
schwuchtel	off 1.0	off 1.0	off 0.5299088979279577 __DUMMY__ 0.4234469229425733 neg 0.04664417912946898	false	1.0
zerren	neg 1.0		__DUMMY__ 0.8774226063424587 neg 0.06373167993722435 off 0.05884571372031701	false	1.0
kinderficker	off 1.0		__DUMMY__ 0.8688082518921848 off 0.07176447374164514 neg 0.05942727436617005	false	1.0
gefahr	neg 1.0		__DUMMY__ 0.8808026117715767 neg 0.06417541796888006 off 0.055021970259543265	false	1.0
rabiat	neg 1.0		__DUMMY__ 0.8760871084383981 neg 0.06296431168008865 off 0.060948579881513254	false	1.0
verlangsamung	neg 1.0		__DUMMY__ 0.86283953382172 off 0.07328079690514175 neg 0.06387966927313835	false	0.5
ausgestorben	neg 1.0		__DUMMY__ 0.8771613648498277 neg 0.062256590144843596 off 0.06058204500532881	false	1.0
anklagen	neg 1.0		__DUMMY__ 0.8769817621467022 neg 0.06505679545576094 off 0.05796144239753684	false	1.0
trott	neg 1.0		__DUMMY__ 0.8767497487380044 neg 0.06307525752463963 off 0.06017499373735606	false	1.0
verminderung	neg 1.0		__DUMMY__ 0.8716850604925903 off 0.06702467027926708 neg 0.0612902692281426	false	0.5
nach			__DUMMY__ 0.8874580517700978 neg 0.06131209060304609 off 0.05122985762685605	false	0.0
rost	neg 1.0		__DUMMY__ 0.8679435518907587 off 0.0718449377179007 neg 0.060211510391340664	false	0.5
destruktiv	neg 1.0		__DUMMY__ 0.874755222908333 neg 0.06456520332029146 off 0.060679573771375665	false	1.0
unzumutbarkeit	neg 1.0		__DUMMY__ 0.8738786825378576 off 0.06588238234571106 neg 0.060238935116431365	false	0.5
labil	off 1.0	off 1.0	off 0.5195859515127053 __DUMMY__ 0.4330443024041311 neg 0.04736974608316359	false	1.0
ziemlich	neg 1.0		__DUMMY__ 0.8743765251956316 off 0.06640506874413198 neg 0.059218406060236393	false	0.5
lachnummer	off 1.0		__DUMMY__ 0.8738242790174962 neg 0.06469908473833523 off 0.06147663624416866	false	0.5
oder			__DUMMY__ 0.8773855955819344 off 0.0613685678936373 neg 0.0612458365244283	false	0.0
verfall	neg 1.0		__DUMMY__ 0.8822573435636366 neg 0.06626371578695546 off 0.0514789406494079	false	1.0
ausgrenzung	neg 1.0		__DUMMY__ 0.8744023747436478 neg 0.06320734286684843 off 0.06239028238950376	false	1.0
unordnung	neg 1.0		__DUMMY__ 0.8741712498592293 off 0.068200602926737 neg 0.057628147214033684	false	0.5
fehlverhalten	neg 1.0		__DUMMY__ 0.8766398635236208 neg 0.06716603615115224 off 0.05619410032522696	false	1.0
eine			__DUMMY__ 0.8815739785771811 neg 0.06309199641640038 off 0.055334025006418534	false	0.0
nille	neg 1.0		__DUMMY__ 0.8773378629998849 neg 0.06235305452626673 off 0.06030908247384842	false	1.0
qual	neg 1.0		__DUMMY__ 0.8771281174749804 neg 0.06305452096893445 off 0.05981736155608509	false	1.0
verschwenden	neg 1.0		__DUMMY__ 0.8768097432439915 neg 0.06620548008228266 off 0.056984776673725805	false	1.0
riesig	neg 1.0		__DUMMY__ 0.8798147223193985 neg 0.06309297667141255 off 0.057092301009188946	false	1.0
verurteilen	neg 1.0		__DUMMY__ 0.8744727150405328 neg 0.06694017052944633 off 0.05858711443002088	false	1.0
klischee	neg 1.0	neg 1.0	neg 0.5186110778019009 __DUMMY__ 0.4324657009044009 off 0.04892322129369823	false	1.0
diktatorisch	neg 1.0		__DUMMY__ 0.8740494886512685 neg 0.0639145995316735 off 0.06203591181705809	false	1.0
vorhersehbar	neg 1.0		__DUMMY__ 0.871751927025669 neg 0.06419161286737318 off 0.06405646010695787	false	1.0
sowie			__DUMMY__ 0.8663444677113252 off 0.07099077230612237 neg 0.06266475998255233	false	0.0
stornieren	neg 1.0		__DUMMY__ 0.8808145283805298 off 0.06229057594716401 neg 0.05689489567230628	false	0.5
besteuerung	neg 1.0		__DUMMY__ 0.8719660056043896 neg 0.06691267249726639 off 0.06112132189834392	false	1.0
ungeschminkt	neg 1.0		__DUMMY__ 0.8678775058454302 off 0.06681935782538038 neg 0.06530313632918935	false	0.5
kritisch	neg 1.0		__DUMMY__ 0.8772842298947244 neg 0.06517184564283585 off 0.057543924462439715	false	1.0
schlamperei	off 1.0		__DUMMY__ 0.879744477086183 neg 0.06405170506310247 off 0.056203817850714585	false	0.5
sucht	neg 1.0	neg 1.0	neg 0.5129546001479661 __DUMMY__ 0.44109547391093357 off 0.045949925941100415	false	1.0
egoistisch	off 1.0		__DUMMY__ 0.8668748590637477 off 0.07184728463034247 neg 0.061277856305909734	false	1.0
ausbeuter	off 1.0		__DUMMY__ 0.8757493722230832 neg 0.06806919147392526 off 0.05618143630299145	false	0.5
arschgeburt	off 1.0		__DUMMY__ 0.8579176812853111 off 0.07935338700003271 neg 0.06272893171465613	false	1.0
schubs	neg 1.0		__DUMMY__ 0.8787385963266945 neg 0.06287892389199862 off 0.05838247978130703	false	1.0
unsolide	neg 1.0		__DUMMY__ 0.872259663367835 neg 0.06518429765452936 off 0.0625560389776356	false	1.0
beschwerde	neg 1.0		__DUMMY__ 0.8769500694115494 neg 0.066128560104926 off 0.056921370483524476	false	1.0
stocken	neg 1.0		__DUMMY__ 0.8787196688689316 neg 0.06483291573489867 off 0.05644741539616966	false	1.0
isolieren	neg 1.0		__DUMMY__ 0.8773095624998348 neg 0.06479290646989806 off 0.05789753103026703	false	1.0
unheilbar	neg 1.0		__DUMMY__ 0.8759054666031704 neg 0.06293793840624329 off 0.061156594990586385	false	1.0
pisser	off 1.0		__DUMMY__ 0.8677052351236877 off 0.06867260781445199 neg 0.06362215706186039	false	1.0
löschen	neg 1.0		__DUMMY__ 0.8765803577027962 neg 0.06287449801995358 off 0.06054514427725019	false	1.0
durchfallen	neg 1.0		__DUMMY__ 0.8755591831422804 neg 0.06634211390321801 off 0.05809870295450154	false	1.0
wichser	off 1.0	off 1.0	off 0.5277762493988672 __DUMMY__ 0.4266745718496838 neg 0.04554917875144893	false	1.0
terror	neg 1.0		__DUMMY__ 0.8754469914625709 off 0.06340225011225932 neg 0.061150758425169705	false	0.5
krass	neg 1.0		__DUMMY__ 0.8697088009582971 off 0.06939647487395582 neg 0.06089472416774708	false	0.5
revolte	neg 1.0		__DUMMY__ 0.8742049520921259 neg 0.06303228997926341 off 0.06276275792861066	false	1.0
besorgt	neg 1.0		__DUMMY__ 0.8813653276753731 neg 0.059723181554987105 off 0.05891149076963967	false	1.0
nachlassen	neg 1.0		__DUMMY__ 0.8801136606475914 neg 0.0638312935752475 off 0.05605504577716104	false	1.0
alt	neg 1.0		__DUMMY__ 0.8767933712544707 neg 0.06545444226630998 off 0.057752186479219335	false	1.0
hundesohn	off 1.0		__DUMMY__ 0.8626084535623566 off 0.07598422925475683 neg 0.06140731718288657	false	1.0
als			__DUMMY__ 0.8784987797657495 neg 0.0627403872799326 off 0.05876083295431785	false	0.0
abschreckung	neg 1.0		__DUMMY__ 0.8790800774458349 neg 0.06590097646699483 off 0.055018946087170235	false	1.0
unqualifiziert	neg 1.0		__DUMMY__ 0.8711245095153983 off 0.0649465652388641 neg 0.06392892524573751	false	0.5
abgewichst	off 1.0		__DUMMY__ 0.8785551192421402 neg 0.06189533305021363 off 0.05954954770764613	false	0.5
schwer	neg 1.0		__DUMMY__ 0.8757121448193979 neg 0.06400847959248306 off 0.06027937558811919	false	1.0
bedeutungslosigkeit	neg 1.0		__DUMMY__ 0.8783328492575877 neg 0.06564054752461138 off 0.05602660321780093	false	1.0
kapitulation	neg 1.0		__DUMMY__ 0.8780568064596087 neg 0.06472041231511493 off 0.057222781225276347	false	1.0
unscharf	neg 1.0		__DUMMY__ 0.8732340455714984 neg 0.06412843595441219 off 0.06263751847408952	false	1.0
schwinden	neg 1.0		__DUMMY__ 0.878281475630987 neg 0.06610938645454226 off 0.05560913791447074	false	1.0
versklavung	neg 1.0		__DUMMY__ 0.8749121170536585 neg 0.0635682272165121 off 0.06151965572982946	false	1.0
schlecht	neg 1.0		__DUMMY__ 0.8739968752494937 off 0.06662838009377023 neg 0.0593747446567361	false	0.5
verhasst	neg 1.0		__DUMMY__ 0.8713141605518387 neg 0.06629895505667244 off 0.06238688439148889	false	1.0
beschweren	neg 1.0		__DUMMY__ 0.874894224625888 off 0.06276435173071382 neg 0.062341423643398175	false	0.5
scheiden	neg 1.0		__DUMMY__ 0.8790247376040806 neg 0.06080934938948267 off 0.060165913006436755	false	1.0
frustriert	neg 1.0		__DUMMY__ 0.8754546675169897 neg 0.06504758605139212 off 0.05949774643161814	false	1.0
schimmelig	neg 1.0		__DUMMY__ 0.8739015701146128 neg 0.06866976145569927 off 0.057428668429687905	false	1.0
fisch	neg 1.0		__DUMMY__ 0.877689246473857 neg 0.06777647435461012 off 0.05453427917153291	false	1.0
schmuggel	neg 1.0		__DUMMY__ 0.8788085404721242 neg 0.06492352275658653 off 0.056267936771289204	false	1.0
auffallen	neg 1.0		__DUMMY__ 0.8745998204437764 off 0.06348713093978149 neg 0.06191304861644212	false	0.5
konkurrenz	neg 1.0		__DUMMY__ 0.8793188324504236 neg 0.0660284513176216 off 0.05465271623195483	false	1.0
teufelskreis	neg 1.0	neg 1.0	neg 0.5202482324627303 __DUMMY__ 0.43387621055907927 off 0.045875556978190374	false	1.0
aufschreien	neg 1.0		__DUMMY__ 0.8726304093815442 neg 0.06374837762228923 off 0.06362121299616667	false	1.0
schuldner	neg 1.0		__DUMMY__ 0.8762458860547659 neg 0.06838328497856583 off 0.05537082896666816	false	1.0
missgeburt	off 1.0	off 1.0	off 0.5248863783459565 __DUMMY__ 0.4272329065388797 neg 0.04788071511516383	false	1.0
arbeitslos	neg 1.0		__DUMMY__ 0.875619448367664 neg 0.06585969017354007 off 0.05852086145879587	false	1.0
befallen	neg 1.0		__DUMMY__ 0.8738935687662196 neg 0.06692566750607913 off 0.059180763727701216	false	1.0
miesepetrig	off 1.0	off 1.0	off 0.519867819978125 __DUMMY__ 0.43397184072865136 neg 0.046160339293223586	false	1.0
alarmieren	neg 1.0		__DUMMY__ 0.8709781035702755 off 0.06520530107521583 neg 0.0638165953545087	false	0.5
ungeduscht	off 1.0		__DUMMY__ 0.871306239305959 off 0.06442887335916644 neg 0.0642648873348745	false	1.0
knappheit	neg 1.0		__DUMMY__ 0.8741845235778319 neg 0.06799113054245205 off 0.057824345879715924	false	1.0
schlange	neg 1.0		__DUMMY__ 0.8787366680731571 off 0.062020357280963896 neg 0.05924297464587905	false	0.5
harsch	neg 1.0		__DUMMY__ 0.8713890856646374 off 0.0704567853995829 neg 0.05815412893577984	false	0.5
lang	neg 1.0		__DUMMY__ 0.8765101981902076 neg 0.062098401525255455 off 0.06139140028453706	false	1.0
ziellos	neg 1.0		__DUMMY__ 0.87981272393943 neg 0.06262410337694388 off 0.0575631726836262	false	1.0
selbstverliebt	neg 1.0		__DUMMY__ 0.8616430876766538 off 0.07698645925248113 neg 0.061370453070865215	false	0.5
beseitigen	neg 1.0		__DUMMY__ 0.8774781573098143 neg 0.06344184387652463 off 0.05907999881366115	false	1.0
dumm	off 1.0		__DUMMY__ 0.8674880352639431 off 0.07240951014412642 neg 0.06010245459193046	false	1.0
arbeitsloser	neg 1.0		__DUMMY__ 0.878985115439098 neg 0.062462274196312464 off 0.058552610364589634	false	1.0
blitzen	neg 1.0		__DUMMY__ 0.875134736015677 off 0.06381091154062743 neg 0.06105435244369558	false	0.5
hilflos	neg 1.0		__DUMMY__ 0.875859604605131 neg 0.06514804912027237 off 0.05899234627459653	false	1.0
eklig	off 1.0		__DUMMY__ 0.8641181911096769 off 0.07295617177468618 neg 0.06292563711563687	false	1.0
begriff			__DUMMY__ 0.8766688797469829 neg 0.06313364098819901 off 0.06019747926481812	false	0.0
hungersnot	neg 1.0		__DUMMY__ 0.8771462763070096 neg 0.06460713651146174 off 0.05824658718152855	false	1.0
ungesetzlich	neg 1.0		__DUMMY__ 0.8722412282289252 neg 0.06587935746130699 off 0.061879414309767775	false	1.0
verschwendung	neg 1.0		__DUMMY__ 0.8781176901526447 neg 0.06527415285207994 off 0.05660815699527534	false	1.0
schmerzvoll	neg 1.0		__DUMMY__ 0.8743261583729306 neg 0.06328816795663965 off 0.06238567367042981	false	1.0
vorzeitig	neg 1.0		__DUMMY__ 0.8732116789252308 neg 0.063515959828189 off 0.06327236124658027	false	1.0
unvollkommenheit	neg 1.0		__DUMMY__ 0.882130863852303 neg 0.060252172726833274 off 0.05761696342086376	false	1.0
intervenieren	neg 1.0		__DUMMY__ 0.877128308766506 neg 0.06629522502626048 off 0.056576466207233486	false	1.0
banause	off 1.0		__DUMMY__ 0.8611568481979087 off 0.07547734110710207 neg 0.06336581069498917	false	1.0
rebell	neg 1.0		__DUMMY__ 0.8810431444016577 neg 0.06632599522035873 off 0.0526308603779835	false	1.0
unlogisch	neg 1.0		__DUMMY__ 0.8692175675632785 off 0.06887408241105769 neg 0.06190835002566384	false	0.5
leiden	neg 1.0		__DUMMY__ 0.8818659374526066 neg 0.06301334985914296 off 0.05512071268825044	false	1.0
abschaffung	neg 1.0		__DUMMY__ 0.8758445897514083 neg 0.06314965227623806 off 0.06100575797235358	false	1.0
sturz	neg 1.0		__DUMMY__ 0.87777244441814 neg 0.06158117203962143 off 0.0606463835422386	false	1.0
verkleinerung	neg 1.0		__DUMMY__ 0.8717321532644781 neg 0.06457258658474035 off 0.0636952601507816	false	1.0
schmarotzer	off 1.0		__DUMMY__ 0.8745213359473254 neg 0.06615516084041638 off 0.05932350321225831	false	0.5
bestrafung	neg 1.0		__DUMMY__ 0.8750921381403989 neg 0.06308815109428698 off 0.06181971076531418	false	1.0
achtlos	neg 1.0	neg 1.0	neg 0.5178448101541384 __DUMMY__ 0.43668191870697887 off 0.04547327113888265	false	1.0
ungeheuer	neg 1.0		__DUMMY__ 0.875419551508327 off 0.06289643839674032 neg 0.0616840100949327	false	0.5
unaufrichtig	neg 1.0		__DUMMY__ 0.8777270276848294 off 0.06378593817431641 neg 0.05848703414085426	false	0.5
