unsolidarisch	neg 1.0		neg 0.5120816283339336 off 0.4810070266617042 __DUMMY__ 0.006911345004362232	false	1.0
nachteilig	neg 1.0		neg 0.5142314305482001 off 0.4787929649601323 __DUMMY__ 0.0069756044916676335	false	1.0
skeptisch	neg 1.0		neg 0.5145771897428775 off 0.4784389520422079 __DUMMY__ 0.006983858214914644	false	1.0
schrecklich	neg 1.0		neg 0.4995912529386292 off 0.4935259940629568 __DUMMY__ 0.0068827529984139746	false	1.0
schlapp	neg 1.0		neg 0.5032473608571446 off 0.4898356099710219 __DUMMY__ 0.006917029171833387	false	1.0
abfall	neg 1.0		neg 0.5175017233677051 off 0.4754780520035713 __DUMMY__ 0.007020224628723629	false	1.0
widerspenstig	neg 1.0		neg 0.5088853081352721 off 0.48416353149935765 __DUMMY__ 0.006951160365370282	false	1.0
abrupt	neg 1.0		neg 0.5130146432085468 off 0.47999507837098015 __DUMMY__ 0.006990278420472942	false	1.0
unwirksam	neg 1.0		neg 0.5125007180072362 off 0.4805983756480195 __DUMMY__ 0.00690090634474426	false	1.0
angreifen	neg 1.0		neg 0.515890888794071 off 0.47714403482914897 __DUMMY__ 0.006965076376779991	false	1.0
inkonsistent	neg 1.0		neg 0.5104401580140561 off 0.48265229923317193 __DUMMY__ 0.006907542752772118	false	1.0
abrutschen	neg 1.0		neg 0.5180363854705232 off 0.47496395758971915 __DUMMY__ 0.006999656939757515	false	1.0
unsicher	neg 1.0		neg 0.5081558253521852 off 0.4848707595182628 __DUMMY__ 0.006973415129552013	false	1.0
bauernkind	off 1.0	off 1.0	off 0.7286924627626779 neg 0.268100993440381 __DUMMY__ 0.003206543796941026	false	1.0
angreifer	neg 1.0	neg 1.0	neg 0.7389431642496073 off 0.2577505264740594 __DUMMY__ 0.0033063092763333146	false	1.0
trennen	neg 1.0		neg 0.513567214104549 off 0.4794238723645216 __DUMMY__ 0.007008913530929511	false	1.0
schmutz	neg 1.0		neg 0.5060385808531296 off 0.4869925781315643 __DUMMY__ 0.0069688410153062085	false	1.0
inkonsistenz	neg 1.0		neg 0.5071637430894202 off 0.485980889077603 __DUMMY__ 0.006855367832976753	false	1.0
erschreckend	neg 1.0		neg 0.5109230060349782 off 0.48213295996033667 __DUMMY__ 0.006944034004685123	false	1.0
ertrinken	neg 1.0		neg 0.5150510433188522 off 0.4779811095258337 __DUMMY__ 0.006967847155314129	false	1.0
pickelface	off 1.0		neg 0.5102855758758292 off 0.4827551906479451 __DUMMY__ 0.006959233476225656	false	0.5
seiner			neg 0.5140750311443472 off 0.47894001370733724 __DUMMY__ 0.00698495514831568	false	0.0
lauch	neg 1.0		neg 0.5166848435189947 off 0.4763052864503097 __DUMMY__ 0.007009870030695558	false	1.0
unwichtig	neg 1.0		neg 0.5052873771817206 off 0.48781618551308753 __DUMMY__ 0.006896437305191958	false	1.0
steuerhinterziehung	neg 1.0	neg 1.0	neg 0.7424288340320685 off 0.25426802121611203 __DUMMY__ 0.0033031447518194618	false	1.0
schock	neg 1.0		neg 0.5102973676240015 off 0.4827442789232926 __DUMMY__ 0.006958353452706067	false	1.0
beule	neg 1.0		neg 0.5037461638204747 off 0.48936846813498575 __DUMMY__ 0.006885368044539592	false	1.0
vergelten	neg 1.0		neg 0.49919436597110345 off 0.49388461989550136 __DUMMY__ 0.0069210141333951826	false	1.0
verdorbenheit	neg 1.0		neg 0.5059256937460839 off 0.48708324759804694 __DUMMY__ 0.006991058655869143	false	1.0
trauma	neg 1.0		neg 0.5085347573544682 off 0.484522814075259 __DUMMY__ 0.006942428570272819	false	1.0
sinnlos	neg 1.0		neg 0.5070606686202528 off 0.4860044620166886 __DUMMY__ 0.006934869363058749	false	1.0
fettsack	off 1.0	off 1.0	off 0.7303588022438181 neg 0.26641982584662016 __DUMMY__ 0.00322137190956169	false	1.0
feige	off 1.0	off 1.0	off 0.7281127213823512 neg 0.2686264490135192 __DUMMY__ 0.0032608296041295877	false	1.0
abdanken	neg 1.0		neg 0.5110407339322255 off 0.4820163563005144 __DUMMY__ 0.006942909767260098	false	1.0
wichtigtuer	off 1.0	off 1.0	off 0.7273701494990459 neg 0.269348382293001 __DUMMY__ 0.0032814682079531105	false	1.0
misslingen	neg 1.0		neg 0.5039309702603851 off 0.48904075436433475 __DUMMY__ 0.007028275375280007	false	1.0
untreu	off 1.0		neg 0.5044133385257754 off 0.48868811210462354 __DUMMY__ 0.006898549369600985	false	0.5
missmutig	neg 1.0		neg 0.5042778156719813 off 0.4888042319139557 __DUMMY__ 0.00691795241406288	false	1.0
hurenbock	off 1.0		neg 0.5068526810884201 off 0.48620266966664283 __DUMMY__ 0.006944649244937138	false	0.5
betrunken	neg 1.0		neg 0.5018620609254967 off 0.4912385909500595 __DUMMY__ 0.006899348124443763	false	1.0
korrupt	off 1.0		neg 0.5149479301383995 off 0.47813324757244446 __DUMMY__ 0.006918822289156096	false	0.5
unmut	neg 1.0		neg 0.5172566360974938 off 0.47573246156727866 __DUMMY__ 0.007010902335227459	false	1.0
hackfresse	off 1.0		neg 0.4971974526411506 off 0.4959683966351982 __DUMMY__ 0.006834150723651167	false	0.5
aufblasen	neg 1.0		neg 0.5070218440490909 off 0.48603393517445964 __DUMMY__ 0.006944220776449526	false	1.0
gewaltsam	neg 1.0		neg 0.5110179913092617 off 0.4820211084368798 __DUMMY__ 0.0069609002538585105	false	1.0
unbeliebtheit	neg 1.0		neg 0.5082522220918984 off 0.4848776513467812 __DUMMY__ 0.0068701265613205645	false	1.0
sturheit	neg 1.0		neg 0.5122384830903253 off 0.4808234298972536 __DUMMY__ 0.0069380870124211855	false	1.0
kuh	neg 1.0		neg 0.5106869670276545 off 0.4824499289946795 __DUMMY__ 0.006863103977666072	false	1.0
erschrecken	neg 1.0		neg 0.5041935095168204 off 0.48887846116071865 __DUMMY__ 0.0069280293224608675	false	1.0
opfer	neg 1.0		neg 0.5131785033903946 off 0.47984741626867655 __DUMMY__ 0.0069740803409287745	false	1.0
sinken	neg 1.0		neg 0.516947891555052 off 0.47605140311057476 __DUMMY__ 0.007000705334373127	false	1.0
stinktier	neg 1.0		neg 0.5045025368384592 off 0.48871528220937677 __DUMMY__ 0.006782180952163926	false	1.0
tucke	off 1.0		neg 0.4981459079446994 off 0.4950640069219695 __DUMMY__ 0.00679008513333119	false	0.5
ein			neg 0.5081327644165152 off 0.4849240048007954 __DUMMY__ 0.00694323078268944	false	0.0
abstieg	neg 1.0		neg 0.5149876462962131 off 0.4780420715133732 __DUMMY__ 0.0069702821904136306	false	1.0
missverstehen	neg 1.0		neg 0.5077216890350703 off 0.48537555967749385 __DUMMY__ 0.006902751287435826	false	1.0
ergebnislos	neg 1.0		neg 0.5139703076190405 off 0.4790357703161394 __DUMMY__ 0.00699392206481995	false	1.0
unter			neg 0.5197426593252935 off 0.47317314866398713 __DUMMY__ 0.007084192010719506	false	0.0
manipulieren	neg 1.0		neg 0.5149325859991494 off 0.47807889486778726 __DUMMY__ 0.006988519133063453	false	1.0
unbewiesen	neg 1.0		neg 0.5127928224789098 off 0.48030710255995746 __DUMMY__ 0.006900074961132849	false	1.0
verschleppen	neg 1.0		neg 0.5140259250364557 off 0.47902114003834845 __DUMMY__ 0.006952934925195853	false	1.0
weib	off 1.0		neg 0.5001282382970876 off 0.4931030357699219 __DUMMY__ 0.006768725932990452	false	0.5
opposition	neg 1.0		neg 0.5091089502277028 off 0.4839756208484305 __DUMMY__ 0.006915428923866661	false	1.0
verkehrswidrig	neg 1.0		neg 0.4969614715093301 off 0.4961088503673001 __DUMMY__ 0.0069296781233698125	false	1.0
inkorrekt	neg 1.0		neg 0.5025428048545888 off 0.4906044732197685 __DUMMY__ 0.006852721925642762	false	1.0
vermeiden	neg 1.0	neg 1.0	neg 0.7442592850242026 off 0.25238168383809184 __DUMMY__ 0.003359031137705549	false	1.0
abweichung	neg 1.0		neg 0.5130281528155778 off 0.4799951485171013 __DUMMY__ 0.006976698667320907	false	1.0
alkoholisiert	neg 1.0		neg 0.512267376471086 off 0.48072582770678 __DUMMY__ 0.007006795822134006	false	1.0
scheiss	off 1.0	off 1.0	off 0.7293580205285453 neg 0.267369328782581 __DUMMY__ 0.00327265068887375	false	1.0
herausforderung	neg 1.0		neg 0.5138789796141314 off 0.4791255859562873 __DUMMY__ 0.006995434429581326	false	1.0
pervers	off 1.0		off 0.49840921487776746 neg 0.4947997527617301 __DUMMY__ 0.006791032360502595	false	1.0
wackelig	neg 1.0		neg 0.508493356919913 off 0.4844942048853367 __DUMMY__ 0.007012438194750155	false	1.0
verwickeln	neg 1.0		neg 0.508313253201056 off 0.48478011732578474 __DUMMY__ 0.00690662947315917	false	1.0
vorwand	neg 1.0		neg 0.5155525793747772 off 0.4774666657836687 __DUMMY__ 0.00698075484155424	false	1.0
muschi	off 1.0		neg 0.5101744872692479 off 0.4828675803980826 __DUMMY__ 0.006957932332669592	false	0.5
entmutigung	neg 1.0		neg 0.509426515855277 off 0.48365017502275454 __DUMMY__ 0.006923309121968471	false	1.0
unangemessen	neg 1.0		neg 0.5128967985650098 off 0.480171713996266 __DUMMY__ 0.006931487438724039	false	1.0
unstetig	neg 1.0		neg 0.5059941961654242 off 0.4870672621177849 __DUMMY__ 0.00693854171679089	false	1.0
entmutigen	neg 1.0		neg 0.5086039065291771 off 0.484456171216689 __DUMMY__ 0.0069399222541339746	false	1.0
schwanz	neg 1.0		neg 0.512894230856185 off 0.4801336932777275 __DUMMY__ 0.00697207586608744	false	1.0
verbot	neg 1.0		neg 0.5136415769930347 off 0.47940716764473407 __DUMMY__ 0.0069512553622312016	false	1.0
leid	neg 1.0		neg 0.49929899294617036 off 0.49385393997579974 __DUMMY__ 0.006847067078029901	false	1.0
archaisch	neg 1.0		neg 0.5114780159349064 off 0.4815730295243151 __DUMMY__ 0.006948954540778487	false	1.0
gegen			neg 0.5164344113800002 off 0.47655684551218863 __DUMMY__ 0.0070087431078110565	false	0.0
scheidung	neg 1.0		off 0.5053398316770088 neg 0.4878504612239136 __DUMMY__ 0.006809707099077514	false	0.5
einschlag	neg 1.0		neg 0.5014390497743978 off 0.4916774816442796 __DUMMY__ 0.006883468581322751	false	1.0
m			neg 0.5108081812978411 off 0.482207957707737 __DUMMY__ 0.00698386099442194	false	0.0
abgestanden	neg 1.0		neg 0.5097788706619313 off 0.4832989025716793 __DUMMY__ 0.006922226766389541	false	1.0
schmierig	off 1.0		neg 0.49932212946063415 off 0.4938121231177794 __DUMMY__ 0.006865747421586412	false	0.5
unpraktisch	neg 1.0		neg 0.5072563472398594 off 0.4857989965377046 __DUMMY__ 0.0069446562224359945	false	1.0
wixxer	off 1.0		off 0.4971930231231905 neg 0.49604125324624604 __DUMMY__ 0.006765723630563455	false	1.0
bezeichnet			neg 0.5113812306850101 off 0.4817031936414701 __DUMMY__ 0.006915575673519909	false	0.0
jammerlappen	off 1.0		neg 0.503815990825975 off 0.4892633190667105 __DUMMY__ 0.006920690107314563	false	0.5
farce	neg 1.0		neg 0.5134804215105695 off 0.4795903335078734 __DUMMY__ 0.006929244981557054	false	1.0
zwecklos	neg 1.0		neg 0.5128774329853156 off 0.4801818096582426 __DUMMY__ 0.006940757356441838	false	1.0
turbulent	neg 1.0		neg 0.5053501417232454 off 0.4877922765887013 __DUMMY__ 0.00685758168805341	false	1.0
invasion	neg 1.0		neg 0.5075096433341826 off 0.48555884005782485 __DUMMY__ 0.006931516607992653	false	1.0
schuld	neg 1.0		neg 0.5096133099906955 off 0.48346716704767556 __DUMMY__ 0.006919522961628856	false	1.0
risiko	neg 1.0	neg 1.0	neg 0.7389778920428927 off 0.2577074425000552 __DUMMY__ 0.003314665457052192	false	1.0
finster	neg 1.0		neg 0.5092362719444243 off 0.4838492242311042 __DUMMY__ 0.006914503824471375	false	1.0
geisteskrank	off 1.0		neg 0.5049662831972265 off 0.4881770722310399 __DUMMY__ 0.006856644571733649	false	0.5
zusammenbrechen	neg 1.0		neg 0.5113299020913689 off 0.48170683756129024 __DUMMY__ 0.006963260347340912	false	1.0
ausbeute	neg 1.0		neg 0.5067879010611608 off 0.4861366434020593 __DUMMY__ 0.007075455536780001	false	1.0
hinterhalt	neg 1.0		neg 0.5077983859886086 off 0.4851836084240094 __DUMMY__ 0.00701800558738196	false	1.0
kritik	neg 1.0		neg 0.5139773120975136 off 0.4790966838604591 __DUMMY__ 0.006926004042027201	false	1.0
einschrumpfen	neg 1.0		neg 0.5067191718912276 off 0.4863855622636724 __DUMMY__ 0.006895265845099941	false	1.0
riskant	neg 1.0		neg 0.5149050142705177 off 0.4781303786517219 __DUMMY__ 0.006964607077760374	false	1.0
frustrieren	neg 1.0		neg 0.513473557720097 off 0.4795599246871265 __DUMMY__ 0.006966517592776617	false	1.0
groll	neg 1.0		neg 0.5135701706239254 off 0.47948916066846947 __DUMMY__ 0.006940668707605122	false	1.0
gibt			neg 0.5106932325109295 off 0.4823345634701705 __DUMMY__ 0.006972204018900003	false	0.0
qualvoll	neg 1.0		neg 0.5062631990368543 off 0.48681208145882593 __DUMMY__ 0.0069247195043196765	false	1.0
wackeln	neg 1.0		neg 0.5071967092294044 off 0.48583749762309736 __DUMMY__ 0.006965793147498203	false	1.0
klagen	neg 1.0		neg 0.5172952446850213 off 0.4757127573913128 __DUMMY__ 0.0069919979236660445	false	1.0
bankrott	neg 1.0		neg 0.5037183070591459 off 0.48934513006617586 __DUMMY__ 0.0069365628746783465	false	1.0
trauern	neg 1.0		neg 0.5127979118070767 off 0.4802106246291833 __DUMMY__ 0.006991463563740007	false	1.0
ablehnung	neg 1.0		neg 0.5136797573012434 off 0.47938312576883974 __DUMMY__ 0.006937116929916905	false	1.0
stur	neg 1.0		neg 0.5090742417294519 off 0.48400230666153693 __DUMMY__ 0.00692345160901114	false	1.0
aufruhr	neg 1.0		neg 0.5112553083981467 off 0.4817963501366081 __DUMMY__ 0.006948341465245004	false	1.0
melancholie	neg 1.0		neg 0.5129726844620194 off 0.4800628992084452 __DUMMY__ 0.00696441632953552	false	1.0
ist			neg 0.5072015615033876 off 0.4858603908613235 __DUMMY__ 0.006938047635289077	false	0.0
torheit	neg 1.0		neg 0.5096827387262919 off 0.48337885072739256 __DUMMY__ 0.006938410546315404	false	1.0
dreckskind	off 1.0		neg 0.5007335426144239 off 0.4924656394049348 __DUMMY__ 0.006800817980641096	false	0.5
umtauschen	neg 1.0		neg 0.5089737579766891 off 0.48406550709864665 __DUMMY__ 0.006960734924664351	false	1.0
zum			neg 0.5150137691003229 off 0.4779031766635731 __DUMMY__ 0.00708305423610392	false	0.0
zersetzen	neg 1.0		neg 0.5162726148159141 off 0.4767655737614743 __DUMMY__ 0.006961811422611524	false	1.0
zur			neg 0.5174907848984429 off 0.4754502377025993 __DUMMY__ 0.0070589773989578174	false	0.0
frust	neg 1.0		neg 0.5112467816823114 off 0.48178742131302627 __DUMMY__ 0.006965797004662314	false	1.0
unerbittlichkeit	neg 1.0		neg 0.515662012255953 off 0.4773649164343127 __DUMMY__ 0.006973071309734267	false	1.0
zwei			neg 0.5142410082760206 off 0.478690319705944 __DUMMY__ 0.007068672018035223	false	0.0
unkorrekt	neg 1.0		neg 0.5011761558588438 off 0.49194097147514804 __DUMMY__ 0.006882872666008236	false	1.0
hexe	off 1.0		neg 0.5077869720421019 off 0.4853675960969876 __DUMMY__ 0.0068454318609104895	false	0.5
lasch	neg 1.0		neg 0.5071443297009488 off 0.48596601449406374 __DUMMY__ 0.006889655804987599	false	1.0
rivale	neg 1.0		neg 0.502929039412855 off 0.49019456897863994 __DUMMY__ 0.0068763916085050215	false	1.0
mutlos	off 1.0	off 1.0	off 0.7233092548325657 neg 0.2733847989004538 __DUMMY__ 0.0033059462669804635	false	1.0
wirr	off 1.0		neg 0.5024024197189743 off 0.49075461096255407 __DUMMY__ 0.006842969318471773	false	0.5
jahr			neg 0.5092154238544427 off 0.48369436815562766 __DUMMY__ 0.007090207989929517	false	0.0
wird			neg 0.5125247066755225 off 0.4805064819898678 __DUMMY__ 0.006968811334609655	false	0.0
strafbar	neg 1.0		neg 0.513889028893696 off 0.4791403769968762 __DUMMY__ 0.006970594109427636	false	1.0
erosion	neg 1.0		neg 0.5079141431449052 off 0.48511244921612023 __DUMMY__ 0.0069734076389744975	false	1.0
eingehen	neg 1.0		neg 0.5141738599824192 off 0.47886535863366886 __DUMMY__ 0.006960781383911973	false	1.0
faul	off 1.0		neg 0.504172818845168 off 0.48889885292375573 __DUMMY__ 0.00692832823107636	false	0.5
provisorium	neg 1.0		neg 0.5174855089840057 off 0.4754080086845288 __DUMMY__ 0.007106482331465586	false	1.0
schmerzen	neg 1.0		neg 0.5116604245551897 off 0.48140622717307496 __DUMMY__ 0.006933348271735469	false	1.0
schrumpfen	neg 1.0		neg 0.5198880841108515 off 0.4731015665577841 __DUMMY__ 0.007010349331364366	false	1.0
geistlos	off 1.0		neg 0.5092642181438136 off 0.4838520887052489 __DUMMY__ 0.00688369315093753	false	0.5
fehlkauf	neg 1.0		neg 0.507733290287874 off 0.48533354973523396 __DUMMY__ 0.006933159976892142	false	1.0
frustrierend	neg 1.0		neg 0.5050531664935846 off 0.4880232130682036 __DUMMY__ 0.00692362043821174	false	1.0
unzufrieden	neg 1.0		neg 0.5129752526100372 off 0.48007832465661704 __DUMMY__ 0.006946422733345873	false	1.0
verzweifeln	neg 1.0		neg 0.5107143708269978 off 0.48233362996654056 __DUMMY__ 0.006951999206461867	false	1.0
verzweifelt	neg 1.0	neg 1.0	neg 0.7406346182675253 off 0.2560838171736434 __DUMMY__ 0.0032815645588313972	false	1.0
misstrauensantrag	neg 1.0		neg 0.5071795305791985 off 0.4858885582367728 __DUMMY__ 0.006931911184028699	false	1.0
abfallen	neg 1.0		neg 0.5071522090239251 off 0.48588430583808173 __DUMMY__ 0.0069634851379930555	false	1.0
fucker	off 1.0		neg 0.5012914572520418 off 0.49181494528454267 __DUMMY__ 0.006893597463415582	false	0.5
ungezogen	neg 1.0		off 0.49761131190033975 neg 0.49558851019961425 __DUMMY__ 0.006800177900046009	false	0.5
irrsinnig	neg 1.0	neg 1.0	neg 0.7402321360226809 off 0.25647925094046203 __DUMMY__ 0.0032886130368570132	false	1.0
unfassbar	neg 1.0		neg 0.5026349363784113 off 0.4904540920569163 __DUMMY__ 0.006910971564672396	false	1.0
hart	neg 1.0		neg 0.5043588071100916 off 0.4887490904366499 __DUMMY__ 0.0068921024532584306	false	1.0
widerlich	off 1.0		neg 0.5038509982141203 off 0.4892741899949068 __DUMMY__ 0.006874811790972895	false	0.5
fatal	neg 1.0		neg 0.5072215305087727 off 0.4858487841118667 __DUMMY__ 0.0069296853793604325	false	1.0
bruch	neg 1.0		neg 0.5165827685290945 off 0.47642179369565224 __DUMMY__ 0.006995437775253292	false	1.0
aushungern	neg 1.0		neg 0.5117849022899259 off 0.48125368071185815 __DUMMY__ 0.00696141699821586	false	1.0
anspannung	neg 1.0		neg 0.5169633652951968 off 0.4759849730475756 __DUMMY__ 0.007051661657227672	false	1.0
von			neg 0.5083687688032754 off 0.4845263929844574 __DUMMY__ 0.007104838212267241	false	0.0
kraftlos	neg 1.0		neg 0.5114220604933182 off 0.48160416096269104 __DUMMY__ 0.006973778543990757	false	1.0
vom			neg 0.5164189345820118 off 0.4764683457137789 __DUMMY__ 0.0071127197042092465	false	0.0
grenzdebil	off 1.0		neg 0.502248618486188 off 0.4908427102981629 __DUMMY__ 0.0069086712156492085	false	0.5
vor			neg 0.5141569405850043 off 0.4788232356489263 __DUMMY__ 0.007019823766069439	false	0.0
unterwerfen	neg 1.0		neg 0.5138009409423842 off 0.47923412395320064 __DUMMY__ 0.006964935104415164	false	1.0
versenkung	neg 1.0		neg 0.5117573139672028 off 0.48124553770575873 __DUMMY__ 0.0069971483270386175	false	1.0
entziehen	neg 1.0		neg 0.51617098164943 off 0.47683119380097827 __DUMMY__ 0.006997824549591837	false	1.0
finanzkrise	neg 1.0		neg 0.5134400777962258 off 0.47964804236761194 __DUMMY__ 0.006911879836162189	false	1.0
schimpfend	neg 1.0		neg 0.5074551203029907 off 0.4856153128454691 __DUMMY__ 0.006929566851540167	false	1.0
profan	neg 1.0		neg 0.5072025185029833 off 0.48588046816853 __DUMMY__ 0.006917013328486842	false	1.0
korruption	neg 1.0		neg 0.5143068213923887 off 0.4787473101917228 __DUMMY__ 0.00694586841588838	false	1.0
â			neg 0.511080531435482 off 0.4819272580578839 __DUMMY__ 0.0069922105066340026	false	0.0
schmutzig	neg 1.0		neg 0.5016996550114281 off 0.49139251055075966 __DUMMY__ 0.006907834437812271	false	1.0
sexy	neg 1.0		neg 0.5048609896585166 off 0.4882035018460622 __DUMMY__ 0.006935508495421271	false	1.0
abraten	neg 1.0		neg 0.5062609443189583 off 0.4867909351013303 __DUMMY__ 0.006948120579711344	false	1.0
schwarz	neg 1.0		neg 0.5081162947277954 off 0.484952149209912 __DUMMY__ 0.006931556062292532	false	1.0
fotze	off 1.0	off 1.0	off 0.7254248811688621 neg 0.2712576449014399 __DUMMY__ 0.0033174739296980243	false	1.0
verwirren	neg 1.0		neg 0.5063825373925195 off 0.48669648476328436 __DUMMY__ 0.006920977844196212	false	1.0
zahnlos	off 1.0		neg 0.5118793344449568 off 0.48117450858500677 __DUMMY__ 0.006946156970036324	false	0.5
verheeren	neg 1.0		off 0.49906475732056615 neg 0.4941375103679402 __DUMMY__ 0.006797732311493746	false	0.5
hippie	neg 1.0		neg 0.5054786526831083 off 0.4875869684417305 __DUMMY__ 0.006934378875161274	false	1.0
rammen	neg 1.0		neg 0.51122104477289 off 0.48189784640463335 __DUMMY__ 0.006881108822476716	false	1.0
unlauter	neg 1.0		neg 0.5105020915698096 off 0.482591519083336 __DUMMY__ 0.0069063893468543774	false	1.0
unheilvoll	neg 1.0		neg 0.5078696258390077 off 0.48520295302643257 __DUMMY__ 0.006927421134559479	false	1.0
niedrig	neg 1.0		neg 0.5158440915019752 off 0.4772017920440845 __DUMMY__ 0.006954116453940437	false	1.0
explosion	neg 1.0		neg 0.5063254086937521 off 0.4867436700416404 __DUMMY__ 0.006930921264607492	false	1.0
weichei	off 1.0	off 1.0	off 0.7318771853098611 neg 0.2648797411528608 __DUMMY__ 0.0032430735372780566	false	1.0
minusmensch	off 1.0		neg 0.4999221932372938 off 0.49331468267467204 __DUMMY__ 0.006763124088033966	false	0.5
farblos	neg 1.0		neg 0.5095609782543985 off 0.48348603019480774 __DUMMY__ 0.006952991550793834	false	1.0
unwissend	neg 1.0	neg 1.0	neg 0.7378540710235972 off 0.2588701109776025 __DUMMY__ 0.00327581799880032	false	1.0
traurig	neg 1.0		neg 0.49996987215992694 off 0.4931350762858924 __DUMMY__ 0.006895051554180473	false	1.0
senkung	neg 1.0		neg 0.5085931445541412 off 0.4845122260463697 __DUMMY__ 0.0068946293994893125	false	1.0
ungleich	neg 1.0	neg 1.0	neg 0.7433186667034829 off 0.25336743009434953 __DUMMY__ 0.0033139032021675527	false	1.0
heikel	neg 1.0		neg 0.5147262464369797 off 0.4783060486058402 __DUMMY__ 0.006967704957180091	false	1.0
drosselung	neg 1.0		neg 0.5034644411719018 off 0.48964428459675846 __DUMMY__ 0.006891274231339764	false	1.0
falsch	neg 1.0		neg 0.5053192162222634 off 0.4877673825067504 __DUMMY__ 0.006913401270986321	false	1.0
unzufriedenheit	neg 1.0		neg 0.5159687950674722 off 0.4770468138048641 __DUMMY__ 0.00698439112766373	false	1.0
kurz	neg 1.0		neg 0.5085303746049163 off 0.48447046101780467 __DUMMY__ 0.006999164377279018	false	1.0
unsinnig	neg 1.0		neg 0.511743060856627 off 0.4813151976109085 __DUMMY__ 0.006941741532464288	false	1.0
penner	off 1.0	off 1.0	off 0.7327206670100151 neg 0.26404097782940256 __DUMMY__ 0.0032383551605823526	false	1.0
seicht	neg 1.0		off 0.4969304661640842 neg 0.4962681503367543 __DUMMY__ 0.006801383499161556	false	0.5
dummheit	off 1.0	off 1.0	off 0.7271064411727456 neg 0.2696202953878077 __DUMMY__ 0.003273263439446798	false	1.0
unerfreulich	neg 1.0		neg 0.5144709408770392 off 0.4785377371808978 __DUMMY__ 0.006991321942063152	false	1.0
motherfucker	off 1.0	off 1.0	off 0.730177220110003 neg 0.26655150133912575 __DUMMY__ 0.0032712785508713887	false	1.0
pikiert	neg 1.0		neg 0.5049255930787687 off 0.48819775352027706 __DUMMY__ 0.006876653400954253	false	1.0
wrack	neg 1.0		neg 0.5109151780713616 off 0.48210728138195796 __DUMMY__ 0.006977540546680358	false	1.0
gangster	neg 1.0		neg 0.5055900800862156 off 0.48747889901536934 __DUMMY__ 0.006931020898415004	false	1.0
krank	neg 1.0		neg 0.5017516591979149 off 0.4913327820680355 __DUMMY__ 0.006915558734049816	false	1.0
reich	neg 1.0		neg 0.5033628530795008 off 0.4897177970643313 __DUMMY__ 0.00691934985616814	false	1.0
gnadenlos	neg 1.0		neg 0.5094135281809149 off 0.48366481743115447 __DUMMY__ 0.006921654387930606	false	1.0
niedergeschlagen	neg 1.0		neg 0.510242692866903 off 0.4827881880790563 __DUMMY__ 0.006969119054040723	false	1.0
terrorisieren	off 1.0	off 1.0	off 0.72437052241347 neg 0.2723086173565817 __DUMMY__ 0.0033208602299483756	false	1.0
sinnlosigkeit	neg 1.0		neg 0.5122369079406598 off 0.48081147253399414 __DUMMY__ 0.006951619525345956	false	1.0
behindern	neg 1.0		neg 0.5101874509951801 off 0.4828580843252583 __DUMMY__ 0.006954464679561577	false	1.0
undemokratisch	neg 1.0		neg 0.5093086212352951 off 0.483760932030099 __DUMMY__ 0.006930446734605877	false	1.0
wirtschaftskrise	neg 1.0		neg 0.5151610387537279 off 0.47790319933302794 __DUMMY__ 0.006935761913244235	false	1.0
neid	neg 1.0		neg 0.503126483527933 off 0.489922040505585 __DUMMY__ 0.0069514759664819036	false	1.0
rutschen	neg 1.0		neg 0.5146773409859112 off 0.47825762213227735 __DUMMY__ 0.007065036881811407	false	1.0
rezession	neg 1.0		neg 0.5053223484018782 off 0.48787748700193734 __DUMMY__ 0.006800164596184433	false	1.0
fehlgeburt	neg 1.0		neg 0.5062430495761384 off 0.48680160502327596 __DUMMY__ 0.006955345400585606	false	1.0
charakterschwach	off 1.0		neg 0.5039887630432436 off 0.4891337139165506 __DUMMY__ 0.006877523040205785	false	0.5
isolation	neg 1.0		neg 0.5052537187700411 off 0.4878195907843827 __DUMMY__ 0.006926690445576154	false	1.0
ablenkung	neg 1.0		neg 0.5081449736203826 off 0.4848878314642742 __DUMMY__ 0.006967194915343202	false	1.0
pech	neg 1.0		neg 0.5050513655567015 off 0.48802505685237774 __DUMMY__ 0.006923577590920651	false	1.0
vermeidung	neg 1.0		neg 0.5029486031538775 off 0.49015429285770906 __DUMMY__ 0.006897103988413288	false	1.0
dominieren	neg 1.0		neg 0.5140739711023533 off 0.4789604190238474 __DUMMY__ 0.006965609873799274	false	1.0
schwindlig	neg 1.0		neg 0.5058214505133137 off 0.4872290098203618 __DUMMY__ 0.006949539666324425	false	1.0
lutscher	neg 1.0	neg 1.0	neg 0.7328024223680006 off 0.2639695566822861 __DUMMY__ 0.0032280209497133642	false	1.0
pflicht	neg 1.0		neg 0.515840447077681 off 0.47718124128155964 __DUMMY__ 0.0069783116407593545	false	1.0
faschist	off 1.0		neg 0.506337137180267 off 0.48674369382805976 __DUMMY__ 0.006919168991673339	false	0.5
verschleudern	neg 1.0		neg 0.5153227814145385 off 0.4777159576396882 __DUMMY__ 0.006961260945773281	false	1.0
wenn			neg 0.5052595307465336 off 0.4878285280346256 __DUMMY__ 0.006911941218840877	false	0.0
ehebruch	neg 1.0		neg 0.51336257469114 off 0.4796755331842025 __DUMMY__ 0.006961892124657385	false	1.0
spott	off 1.0		neg 0.5144460595066254 off 0.4785981892694326 __DUMMY__ 0.006955751223941947	false	0.5
trostlosigkeit	neg 1.0		neg 0.5159702388143327 off 0.4770391952004017 __DUMMY__ 0.00699056598526559	false	1.0
lutschen	neg 1.0		neg 0.5073005981772224 off 0.4858074985058575 __DUMMY__ 0.006891903316920051	false	1.0
undiszipliniert	neg 1.0		neg 0.5013758250524302 off 0.49174054629276903 __DUMMY__ 0.0068836286548006765	false	1.0
kopfschmerz	neg 1.0		neg 0.513249900851505 off 0.4798183542919255 __DUMMY__ 0.006931744856569506	false	1.0
unvorhergesehen	neg 1.0		neg 0.5111128404780007 off 0.4818550745943909 __DUMMY__ 0.0070320849276083695	false	1.0
desinteressiert	neg 1.0	neg 1.0	neg 0.7365998815711496 off 0.26013346909313173 __DUMMY__ 0.0032666493357186594	false	1.0
armselig	off 1.0		neg 0.502393945059074 off 0.49075377625639055 __DUMMY__ 0.006852278684535487	false	0.5
desaster	neg 1.0		neg 0.5173616528842593 off 0.4756413495223121 __DUMMY__ 0.00699699759342866	false	1.0
tod	neg 1.0		neg 0.5112959592725844 off 0.4817153332361286 __DUMMY__ 0.006988707491286978	false	1.0
herzlos	neg 1.0		neg 0.5014239612162075 off 0.49170655630385346 __DUMMY__ 0.006869482479939162	false	1.0
unwissenheit	neg 1.0		neg 0.5130544769284644 off 0.47999909857086104 __DUMMY__ 0.006946424500674525	false	1.0
widersinnig	neg 1.0		neg 0.5145477535336005 off 0.47853239596411734 __DUMMY__ 0.006919850502282118	false	1.0
bedenklich	neg 1.0		neg 0.5137654318231373 off 0.47927877328125607 __DUMMY__ 0.006955794895606662	false	1.0
beanstanden	neg 1.0		neg 0.5158237623117081 off 0.47718933876397407 __DUMMY__ 0.006986898924317854	false	1.0
panisch	neg 1.0	neg 1.0	neg 0.737875757304046 off 0.25881180703182255 __DUMMY__ 0.0033124356641315413	false	1.0
debil	off 1.0		neg 0.5194086805602774 off 0.47353538041391197 __DUMMY__ 0.007055939025810749	false	0.5
abstrich	neg 1.0		neg 0.5069008762839562 off 0.4860894398187276 __DUMMY__ 0.0070096838973162205	false	1.0
primitiv	neg 1.0		neg 0.5037107563236284 off 0.4894168454502878 __DUMMY__ 0.006872398226083807	false	1.0
abschaum	off 1.0	off 1.0	off 0.7288514295628391 neg 0.2678761716118264 __DUMMY__ 0.0032723988253345365	false	1.0
provozieren	neg 1.0		neg 0.5103161419162141 off 0.48277366988351694 __DUMMY__ 0.006910188200268972	false	1.0
tot	neg 1.0		neg 0.5122200301806239 off 0.4808182695283924 __DUMMY__ 0.006961700290983574	false	1.0
instabil	neg 1.0		neg 0.5029251530678477 off 0.4902178515795051 __DUMMY__ 0.006856995352647293	false	1.0
schwuchtel	off 1.0	off 1.0	off 0.7348371791868253 neg 0.2619642591650707 __DUMMY__ 0.0031985616481037993	false	1.0
zerren	neg 1.0		neg 0.5113610154645303 off 0.4816740519733618 __DUMMY__ 0.006964932562107953	false	1.0
kinderficker	off 1.0		neg 0.4983651036366331 off 0.4947784211888938 __DUMMY__ 0.006856475174473087	false	0.5
gefahr	neg 1.0		neg 0.5151285928512042 off 0.477868723344714 __DUMMY__ 0.007002683804081867	false	1.0
rabiat	neg 1.0		neg 0.5092223921057273 off 0.4838290605481477 __DUMMY__ 0.006948547346124908	false	1.0
verlangsamung	neg 1.0		neg 0.5002862592579348 off 0.4929269704500876 __DUMMY__ 0.0067867702919776765	false	1.0
ausgestorben	neg 1.0		neg 0.5089434603675841 off 0.48409552292398017 __DUMMY__ 0.006961016708435841	false	1.0
anklagen	neg 1.0		neg 0.5133300591971395 off 0.4797138948338901 __DUMMY__ 0.006956045968970537	false	1.0
trott	neg 1.0		neg 0.5096122724347547 off 0.4834317173005592 __DUMMY__ 0.0069560102646859774	false	1.0
verminderung	neg 1.0		neg 0.5027018644298181 off 0.49040687662164967 __DUMMY__ 0.006891258948532191	false	1.0
nach			neg 0.5153948310593884 off 0.4775233610888583 __DUMMY__ 0.0070818078517534645	false	0.0
rost	neg 1.0		neg 0.4984664315776474 off 0.49469005563265717 __DUMMY__ 0.006843512789695353	false	1.0
destruktiv	neg 1.0		neg 0.5107180587093664 off 0.48234988904350234 __DUMMY__ 0.006932052247131416	false	1.0
unzumutbarkeit	neg 1.0		neg 0.5031845211877393 off 0.48989988352670377 __DUMMY__ 0.006915595285557121	false	1.0
labil	off 1.0	off 1.0	off 0.7286671946600162 neg 0.2680530054142863 __DUMMY__ 0.0032797999256976604	false	1.0
ziemlich	neg 1.0		neg 0.5019690352643743 off 0.49110609894851537 __DUMMY__ 0.006924865787110276	false	1.0
lachnummer	off 1.0		neg 0.5103484075599024 off 0.48272786448762217 __DUMMY__ 0.0069237279524754294	false	0.5
oder			neg 0.5073058398539569 off 0.4857324500509558 __DUMMY__ 0.006961710095087265	false	0.0
verfall	neg 1.0		neg 0.5191873489671337 off 0.4737917910735544 __DUMMY__ 0.007020859959312002	false	1.0
ausgrenzung	neg 1.0		neg 0.5087266321352478 off 0.48434770135158856 __DUMMY__ 0.0069256665131635945	false	1.0
unordnung	neg 1.0		neg 0.4995824773365435 off 0.4935017244398417 __DUMMY__ 0.006915798223614859	false	1.0
fehlverhalten	neg 1.0		neg 0.5162978947785519 off 0.4767457864777528 __DUMMY__ 0.006956318743695188	false	1.0
eine			neg 0.5135817256806993 off 0.47940438451386685 __DUMMY__ 0.007013889805433863	false	0.0
nille	neg 1.0		neg 0.5094021327527041 off 0.48363518324728255 __DUMMY__ 0.006962684000013297	false	1.0
qual	neg 1.0		neg 0.5099260753896142 off 0.4831134302358504 __DUMMY__ 0.00696049437453529	false	1.0
verschwenden	neg 1.0		neg 0.514502043213291 off 0.4785406290078745 __DUMMY__ 0.006957327778834496	false	1.0
riesig	neg 1.0		neg 0.5120187685648869 off 0.4809940287138514 __DUMMY__ 0.006987202721261673	false	1.0
verurteilen	neg 1.0		neg 0.514253229670137 off 0.47881709849298015 __DUMMY__ 0.0069296718368829155	false	1.0
klischee	neg 1.0	neg 1.0	neg 0.738986174389941 off 0.25773865928438844 __DUMMY__ 0.0032751663256705256	false	1.0
diktatorisch	neg 1.0		neg 0.509577235740459 off 0.4835011316165098 __DUMMY__ 0.0069216326430310915	false	1.0
vorhersehbar	neg 1.0		neg 0.5076685555097129 off 0.48543413036497945 __DUMMY__ 0.006897314125307567	false	1.0
sowie			neg 0.5008764896445823 off 0.49229387360417115 __DUMMY__ 0.006829636751246515	false	0.0
stornieren	neg 1.0		neg 0.5036107200392238 off 0.4893915962618995 __DUMMY__ 0.006997683698876708	false	1.0
besteuerung	neg 1.0		neg 0.5116028099864319 off 0.48150185226932407 __DUMMY__ 0.006895337744244149	false	1.0
ungeschminkt	neg 1.0		neg 0.5056293223979541 off 0.48752520643902103 __DUMMY__ 0.006845471163024845	false	1.0
kritisch	neg 1.0		neg 0.513729285856223 off 0.47930726296228054 __DUMMY__ 0.006963451181496521	false	1.0
schlamperei	off 1.0		neg 0.5141519209286047 off 0.4788592332618561 __DUMMY__ 0.006988845809539199	false	0.5
sucht	neg 1.0	neg 1.0	neg 0.7376234727936265 off 0.25903544466200157 __DUMMY__ 0.0033410825443719407	false	1.0
egoistisch	off 1.0		neg 0.4992439633244715 off 0.49392069245255543 __DUMMY__ 0.0068353442229730724	false	0.5
ausbeuter	off 1.0		neg 0.5169587139291447 off 0.4760961079659895 __DUMMY__ 0.00694517810486581	false	0.5
arschgeburt	off 1.0		off 0.4985006151036896 neg 0.4947683789212964 __DUMMY__ 0.006731005975014027	false	1.0
schubs	neg 1.0		neg 0.5104708393569054 off 0.4825561468333573 __DUMMY__ 0.006973013809737219	false	1.0
unsolide	neg 1.0		neg 0.509893496685623 off 0.4832075147816495 __DUMMY__ 0.006898988532727364	false	1.0
beschwerde	neg 1.0		neg 0.5149478287576565 off 0.4780957213800839 __DUMMY__ 0.0069564498622594235	false	1.0
stocken	neg 1.0		neg 0.5143085774847046 off 0.4787137845081856 __DUMMY__ 0.006977638007109777	false	1.0
isolieren	neg 1.0		neg 0.5132149328202625 off 0.47982588315434 __DUMMY__ 0.006959184025397509	false	1.0
unheilbar	neg 1.0		neg 0.5092393511936617 off 0.48381615781041476 __DUMMY__ 0.006944490995923534	false	1.0
pisser	off 1.0		neg 0.5035391946545575 off 0.4896154957101039 __DUMMY__ 0.006845309635338699	false	0.5
löschen	neg 1.0		neg 0.5093319857057986 off 0.4837145600763808 __DUMMY__ 0.006953454217820506	false	1.0
durchfallen	neg 1.0		neg 0.5139115159863239 off 0.47914534059674013 __DUMMY__ 0.006943143416936001	false	1.0
wichser	off 1.0	off 1.0	off 0.7343046738773197 neg 0.2624705942898734 __DUMMY__ 0.003224731832806926	false	1.0
terror	neg 1.0		neg 0.505548147401469 off 0.48751403109732044 __DUMMY__ 0.006937821501210557	false	1.0
krass	neg 1.0		neg 0.5004610408343058 off 0.49267322302178884 __DUMMY__ 0.006865736143905466	false	1.0
revolte	neg 1.0		neg 0.5081712358876765 off 0.4849054803104849 __DUMMY__ 0.0069232838018385276	false	1.0
besorgt	neg 1.0		neg 0.508446721991437 off 0.4845446356502055 __DUMMY__ 0.007008642358357293	false	1.0
nachlassen	neg 1.0		neg 0.5134225670359893 off 0.47958572258019133 __DUMMY__ 0.006991710383819189	false	1.0
alt	neg 1.0		neg 0.5128492294971368 off 0.4802017833181406 __DUMMY__ 0.0069489871847223965	false	1.0
hundesohn	off 1.0		neg 0.49663773871448447 off 0.4965755606375535 __DUMMY__ 0.006786700647962131	false	0.5
als			neg 0.5106897697921181 off 0.4823335961856617 __DUMMY__ 0.006976634022220241	false	0.0
abschreckung	neg 1.0		neg 0.5163817393653747 off 0.47663480750441617 __DUMMY__ 0.006983453130209083	false	1.0
unqualifiziert	neg 1.0		neg 0.5069753916235732 off 0.4861358246616522 __DUMMY__ 0.006888783714774462	false	1.0
abgewichst	off 1.0		neg 0.5094883998603881 off 0.48353585307284835 __DUMMY__ 0.0069757470667637135	false	0.5
schwer	neg 1.0		neg 0.5103557330454188 off 0.48269917783404803 __DUMMY__ 0.006945089120533257	false	1.0
bedeutungslosigkeit	neg 1.0		neg 0.5153179221701404 off 0.47770604404116696 __DUMMY__ 0.006976033788692579	false	1.0
kapitulation	neg 1.0		neg 0.5138524013362613 off 0.4791776031030202 __DUMMY__ 0.006969995560718498	false	1.0
unscharf	neg 1.0		neg 0.5078195018190536 off 0.48527371275945874 __DUMMY__ 0.006906785421487794	false	1.0
schwinden	neg 1.0		neg 0.5159526148716357 off 0.47707463020799545 __DUMMY__ 0.006972754920368728	false	1.0
versklavung	neg 1.0		neg 0.5095719588629921 off 0.4834963787367031 __DUMMY__ 0.006931662400304634	false	1.0
schlecht	neg 1.0		neg 0.5020058297394876 off 0.49107281378987944 __DUMMY__ 0.006921356470633165	false	1.0
verhasst	neg 1.0		neg 0.5105246058240758 off 0.4825822329462953 __DUMMY__ 0.006893161229628991	false	1.0
beschweren	neg 1.0		neg 0.5072537745202128 off 0.48581187426084965 __DUMMY__ 0.006934351218937635	false	1.0
scheiden	neg 1.0		neg 0.5078854695288743 off 0.4851404767441705 __DUMMY__ 0.006974053726955283	false	1.0
frustriert	neg 1.0		neg 0.5118147197955993 off 0.48124252272650536 __DUMMY__ 0.00694275747789524	false	1.0
schimmelig	neg 1.0		neg 0.5152049598925249 off 0.4778798920812441 __DUMMY__ 0.006915148026231076	false	1.0
fisch	neg 1.0		neg 0.5168257540430892 off 0.4762179642042008 __DUMMY__ 0.00695628175271003	false	1.0
schmuggel	neg 1.0		neg 0.5145030053201494 off 0.4785189212558235 __DUMMY__ 0.006978073424027165	false	1.0
auffallen	neg 1.0		neg 0.5063170486160513 off 0.48675292820662397 __DUMMY__ 0.006930023177324715	false	1.0
konkurrenz	neg 1.0		neg 0.5166389934032419 off 0.4763732942463125 __DUMMY__ 0.006987712350445487	false	1.0
teufelskreis	neg 1.0	neg 1.0	neg 0.741564966621597 off 0.2551471554623039 __DUMMY__ 0.003287877916099268	false	1.0
aufschreien	neg 1.0		neg 0.507582912634757 off 0.48550996552396675 __DUMMY__ 0.006907121841276302	false	1.0
schuldner	neg 1.0		neg 0.5177498612627387 off 0.47530199840568443 __DUMMY__ 0.0069481403315769606	false	1.0
missgeburt	off 1.0	off 1.0	off 0.7314723116741877 neg 0.26529831211244903 __DUMMY__ 0.0032293762133631223	false	1.0
arbeitslos	neg 1.0		neg 0.5133263713387078 off 0.4797285572476962 __DUMMY__ 0.006945071413595896	false	1.0
befallen	neg 1.0		neg 0.5136182470662496 off 0.47946267183197333 __DUMMY__ 0.006919081101776991	false	1.0
miesepetrig	off 1.0	off 1.0	off 0.7297775124699897 neg 0.26693806435464223 __DUMMY__ 0.0032844231753680563	false	1.0
alarmieren	neg 1.0		neg 0.5068255048125813 off 0.48628859654457984 __DUMMY__ 0.006885898642838896	false	1.0
ungeduscht	off 1.0		neg 0.5065526302418651 off 0.4865627174652542 __DUMMY__ 0.006884652292880552	false	0.5
knappheit	neg 1.0		neg 0.5154547830243812 off 0.47762232374300556 __DUMMY__ 0.006922893232613252	false	1.0
schlange	neg 1.0		neg 0.5054018721580807 off 0.48762107970938806 __DUMMY__ 0.006977048132531243	false	1.0
harsch	neg 1.0		neg 0.4980153299447808 off 0.49509623877980774 __DUMMY__ 0.006888431275411498	false	1.0
lang	neg 1.0		neg 0.5080972363104858 off 0.48494974902083404 __DUMMY__ 0.006953014668680147	false	1.0
ziellos	neg 1.0		neg 0.5115416918653881 off 0.4814655832094303 __DUMMY__ 0.00699272492518172	false	1.0
selbstverliebt	neg 1.0		off 0.49791303354091576 neg 0.49531338240029427 __DUMMY__ 0.006773584058790063	false	0.5
beseitigen	neg 1.0		neg 0.5110201069092061 off 0.4820207392176943 __DUMMY__ 0.006959153873099623	false	1.0
dumm	off 1.0		neg 0.49785720288954194 off 0.4953012791632369 __DUMMY__ 0.006841517947221172	false	0.5
arbeitsloser	neg 1.0		neg 0.511197281217555 off 0.48182020231622014 __DUMMY__ 0.006982516466224936	false	1.0
blitzen	neg 1.0		neg 0.5055502450396334 off 0.4875146816356056 __DUMMY__ 0.006935073324761016	false	1.0
hilflos	neg 1.0		neg 0.5122143650473594 off 0.48083927097867674 __DUMMY__ 0.006946363973963858	false	1.0
eklig	off 1.0		neg 0.4993002741645107 off 0.49389781504323726 __DUMMY__ 0.0068019107922519485	false	0.5
begriff			neg 0.5100454796547427 off 0.4830000549176122 __DUMMY__ 0.00695446542764518	false	0.0
hungersnot	neg 1.0		neg 0.5127772897154634 off 0.48026588171966567 __DUMMY__ 0.006956828564870737	false	1.0
ungesetzlich	neg 1.0		neg 0.5111999092018743 off 0.4818980223223975 __DUMMY__ 0.006902068475728183	false	1.0
verschwendung	neg 1.0		neg 0.5143253201678213 off 0.47870114421856363 __DUMMY__ 0.006973535613614996	false	1.0
schmerzvoll	neg 1.0		neg 0.5081280199069734 off 0.4849447814438772 __DUMMY__ 0.0069271986491492975	false	1.0
vorzeitig	neg 1.0		neg 0.5076550566164812 off 0.4854353458325302 __DUMMY__ 0.006909597550988751	false	1.0
unvollkommenheit	neg 1.0		neg 0.5097673540868645 off 0.4832207617837319 __DUMMY__ 0.007011884129403676	false	1.0
intervenieren	neg 1.0		neg 0.5154429971675161 off 0.47759676278365815 __DUMMY__ 0.006960240048825711	false	1.0
banause	off 1.0		neg 0.4976714865992793 off 0.49556181235965424 __DUMMY__ 0.006766701041066433	false	0.5
rebell	neg 1.0		neg 0.5177592262143582 off 0.47523933081886416 __DUMMY__ 0.007001442966777646	false	1.0
unlogisch	neg 1.0		neg 0.5019434774450938 off 0.49119286233942144 __DUMMY__ 0.006863660215484746	false	1.0
leiden	neg 1.0		neg 0.5133729328828317 off 0.47961622439079354 __DUMMY__ 0.0070108427263747795	false	1.0
abschaffung	neg 1.0		neg 0.5094686795172071 off 0.48358985600715976 __DUMMY__ 0.0069414644756330465	false	1.0
sturz	neg 1.0		neg 0.5084963499493113 off 0.4845398138738734 __DUMMY__ 0.006963836176815312	false	1.0
verkleinerung	neg 1.0		neg 0.5083378403368891 off 0.4847692688036886 __DUMMY__ 0.006892890859422179	false	1.0
schmarotzer	off 1.0		neg 0.5130405630238899 off 0.48002835811672157 __DUMMY__ 0.006931078859388569	false	0.5
bestrafung	neg 1.0		neg 0.5087139800608841 off 0.4843505524664752 __DUMMY__ 0.006935467472640632	false	1.0
achtlos	neg 1.0	neg 1.0	neg 0.7404614462157466 off 0.2562288253639473 __DUMMY__ 0.003309728420306023	false	1.0
ungeheuer	neg 1.0		neg 0.5064738923780339 off 0.48659010226219535 __DUMMY__ 0.006936005359770856	false	1.0
