unsolidarisch	neg 1.0		neg 0.3506718932178446 off 0.32891843708838187 __DUMMY__ 0.3204096696937736	false	1.0
nachteilig	neg 1.0		neg 0.35130925365737825 off 0.3254237859191265 __DUMMY__ 0.32326696042349523	false	1.0
skeptisch	neg 1.0		neg 0.35146833107131054 off 0.32493179170689085 __DUMMY__ 0.32359987722179867	false	1.0
schrecklich	neg 1.0		off 0.3413297026221078 neg 0.3395148197509915 __DUMMY__ 0.3191554776269006	false	0.5
schlapp	neg 1.0		neg 0.34226055363743285 off 0.3370512186847407 __DUMMY__ 0.3206882276778264	false	1.0
abfall	neg 1.0		neg 0.35342653374051186 __DUMMY__ 0.32523617901942486 off 0.32133728724006316	false	1.0
widerspenstig	neg 1.0		neg 0.3468330701885289 off 0.33097111886247543 __DUMMY__ 0.3221958109489958	false	1.0
abrupt	neg 1.0		neg 0.34985294519778937 off 0.32618177246301067 __DUMMY__ 0.3239652823392	false	1.0
unwirksam	neg 1.0		neg 0.3513762080493549 off 0.3286517223602912 __DUMMY__ 0.31997206959035396	false	1.0
angreifen	neg 1.0		neg 0.35313703652861606 off 0.3240997954690212 __DUMMY__ 0.32276316800236265	false	1.0
inkonsistent	neg 1.0		neg 0.3492943013607959 off 0.3304180464769468 __DUMMY__ 0.3202876521622574	false	1.0
abrutschen	neg 1.0		neg 0.35442056066725325 __DUMMY__ 0.32430149918313145 off 0.32127794014961536	false	1.0
unsicher	neg 1.0		neg 0.3456096553476205 off 0.33124325022749257 __DUMMY__ 0.32314709442488687	false	1.0
bauernkind	off 1.0	off 1.0	off 0.656995510305819 neg 0.19231073992332595 __DUMMY__ 0.1506937497708549	false	1.0
angreifer	neg 1.0	neg 1.0	neg 0.6607396189050999 off 0.18397050378829172 __DUMMY__ 0.1552898773066083	false	1.0
trennen	neg 1.0		neg 0.34998221118273004 off 0.32529119539239093 __DUMMY__ 0.324726593424879	false	1.0
schmutz	neg 1.0		neg 0.3436578524892776 off 0.3332975913391922 __DUMMY__ 0.32304455617153033	false	1.0
inkonsistenz	neg 1.0		neg 0.3472837467360527 off 0.3347721538417727 __DUMMY__ 0.31794409942217444	false	1.0
erschreckend	neg 1.0		neg 0.34889205327133893 off 0.3292765598371057 __DUMMY__ 0.3218313868915554	false	1.0
ertrinken	neg 1.0		neg 0.3522995428337676 off 0.3247924395433853 __DUMMY__ 0.32290801762284704	false	1.0
pickelface	off 1.0		neg 0.3479313366573977 off 0.3295259196420659 __DUMMY__ 0.3225427437005364	false	0.5
seiner			neg 0.3509773413085251 off 0.3253722384746206 __DUMMY__ 0.3236504202168543	false	0.0
lauch	neg 1.0		neg 0.35291295363390174 __DUMMY__ 0.3247850111944702 off 0.3223020351716281	false	1.0
unwichtig	neg 1.0		neg 0.34461354563929636 off 0.33564458877616893 __DUMMY__ 0.31974186558453466	false	1.0
steuerhinterziehung	neg 1.0	neg 1.0	neg 0.6642646187612485 off 0.1805954280595292 __DUMMY__ 0.15513995317922222	false	1.0
schock	neg 1.0		neg 0.3479972364890239 off 0.3295091062446395 __DUMMY__ 0.32249365726633644	false	1.0
beule	neg 1.0		neg 0.3434444121148856 off 0.33725673132607575 __DUMMY__ 0.31929885655903867	false	1.0
vergelten	neg 1.0		off 0.34091998415135666 neg 0.3381694943859511 __DUMMY__ 0.3209105214626922	false	0.5
verdorbenheit	neg 1.0		neg 0.3431306024405461 off 0.3328995610532712 __DUMMY__ 0.3239698365061826	false	1.0
trauma	neg 1.0		neg 0.3466862670897096 off 0.3315517423313219 __DUMMY__ 0.32176199057896854	false	1.0
sinnlos	neg 1.0		neg 0.34543804874456874 off 0.33312463722813174 __DUMMY__ 0.32143731402729947	false	1.0
fettsack	off 1.0	off 1.0	off 0.6583467323422142 neg 0.19028037796911398 __DUMMY__ 0.15137288968867182	false	1.0
feige	off 1.0	off 1.0	off 0.6553076693897505 neg 0.19151572324946706 __DUMMY__ 0.15317660736078242	false	1.0
abdanken	neg 1.0		neg 0.34894467770312365 off 0.3292339249571506 __DUMMY__ 0.32182139733972576	false	1.0
wichtigtuer	off 1.0	off 1.0	off 0.6541277307034418 neg 0.191744876090286 __DUMMY__ 0.15412739320627225	false	1.0
misslingen	neg 1.0		neg 0.3403118267788355 off 0.3340279649306742 __DUMMY__ 0.3256602082904902	false	1.0
untreu	off 1.0		neg 0.34374840426745196 off 0.33641113683114826 __DUMMY__ 0.31984045890139967	false	0.5
missmutig	neg 1.0		neg 0.34317318856149054 off 0.33610527001435875 __DUMMY__ 0.32072154142415077	false	1.0
hurenbock	off 1.0		neg 0.34500863896474077 off 0.3330364179304056 __DUMMY__ 0.32195494310485373	false	0.5
betrunken	neg 1.0		neg 0.34132766559753924 off 0.33877129637538256 __DUMMY__ 0.31990103802707825	false	1.0
korrupt	off 1.0		neg 0.353237189243372 off 0.3260277870856507 __DUMMY__ 0.3207350236709772	false	0.5
unmut	neg 1.0		neg 0.3533854911598138 __DUMMY__ 0.32480512301713177 off 0.3218093858230544	false	1.0
hackfresse	off 1.0		off 0.34465581483855817 neg 0.3383312036637023 __DUMMY__ 0.3170129814977395	false	1.0
aufblasen	neg 1.0		neg 0.3452127737417759 off 0.3329147400552874 __DUMMY__ 0.32187248620293674	false	1.0
gewaltsam	neg 1.0		neg 0.348573742925108 off 0.32878708969982323 __DUMMY__ 0.32263916737506876	false	1.0
unbeliebtheit	neg 1.0		neg 0.34796726871402234 off 0.33340198730634424 __DUMMY__ 0.3186307439796333	false	1.0
sturheit	neg 1.0		neg 0.35023943567301313 off 0.3281798558475454 __DUMMY__ 0.3215807084794414	false	1.0
kuh	neg 1.0		neg 0.3505331177638081 off 0.3311340198393808 __DUMMY__ 0.31833286239681124	false	1.0
erschrecken	neg 1.0		neg 0.3428726586113905 off 0.3359797333737834 __DUMMY__ 0.32114760801482606	false	1.0
opfer	neg 1.0		neg 0.3503388526425651 off 0.32648305631293 __DUMMY__ 0.3231780910445049	false	1.0
sinken	neg 1.0		neg 0.35332631594400954 __DUMMY__ 0.3243942696772984 off 0.32227941437869206	false	1.0
stinktier	neg 1.0		neg 0.34645842487277406 off 0.33882362264703625 __DUMMY__ 0.3147179524801898	false	1.0
tucke	off 1.0		off 0.34468056108360295 neg 0.3402220118614554 __DUMMY__ 0.3150974270549417	false	1.0
ein			neg 0.3463003552039913 off 0.3318482621575629 __DUMMY__ 0.3218513826384459	false	0.0
abstieg	neg 1.0		neg 0.3521237648659739 off 0.32482495570628767 __DUMMY__ 0.32305127942773837	false	1.0
missverstehen	neg 1.0		neg 0.3467736930653849 off 0.3332098481254597 __DUMMY__ 0.3200164588091553	false	1.0
ergebnislos	neg 1.0		neg 0.35062066484959814 off 0.32529605741333184 __DUMMY__ 0.3240832777370701	false	1.0
unter			neg 0.35416248332227385 __DUMMY__ 0.32806580753405834 off 0.3177717091436679	false	0.0
manipulieren	neg 1.0		neg 0.3516648918364029 off 0.32450546770289584 __DUMMY__ 0.3238296404607013	false	1.0
unbewiesen	neg 1.0		neg 0.35159614582202464 off 0.3284872061047676 __DUMMY__ 0.31991664807320774	false	1.0
verschleppen	neg 1.0		neg 0.3515780598016423 off 0.32614947138381034 __DUMMY__ 0.3222724688145473	false	1.0
weib	off 1.0		off 0.34328908021464244 neg 0.3425912792148642 __DUMMY__ 0.31411964057049335	false	1.0
opposition	neg 1.0		neg 0.3478452891368408 off 0.33154715092549913 __DUMMY__ 0.3206075599376601	false	1.0
verkehrswidrig	neg 1.0		off 0.34276340697577984 neg 0.3359421290311227 __DUMMY__ 0.3212944639930974	false	0.5
inkorrekt	neg 1.0		neg 0.3429227032657362 off 0.3392462717146215 __DUMMY__ 0.3178310250196423	false	1.0
vermeiden	neg 1.0	neg 1.0	neg 0.6647997427776083 off 0.17748073076270476 __DUMMY__ 0.15771952645968693	false	1.0
abweichung	neg 1.0		neg 0.35012263668724714 off 0.3265426831679369 __DUMMY__ 0.323334680144816	false	1.0
alkoholisiert	neg 1.0		neg 0.34880459270732483 off 0.3264718757516026 __DUMMY__ 0.3247235315410726	false	1.0
scheiss	off 1.0	off 1.0	off 0.6562083954819145 neg 0.19004535054360228 __DUMMY__ 0.15374625397448335	false	1.0
herausforderung	neg 1.0		neg 0.35053344601745995 off 0.32529982472994184 __DUMMY__ 0.3241667292525984	false	1.0
pervers	off 1.0		off 0.3478839004473968 neg 0.33700229231000733 __DUMMY__ 0.3151138072425957	false	1.0
wackelig	neg 1.0		neg 0.3450897243173195 off 0.3300087742369577 __DUMMY__ 0.3249015014457229	false	1.0
verwickeln	neg 1.0		neg 0.3472460506392359 off 0.3325660367759881 __DUMMY__ 0.32018791258477586	false	1.0
vorwand	neg 1.0		neg 0.35245423412926913 off 0.32407998650797454 __DUMMY__ 0.3234657793627564	false	1.0
muschi	off 1.0		neg 0.34785772445369395 off 0.3296665683676279 __DUMMY__ 0.32247570717867813	false	0.5
entmutigung	neg 1.0		neg 0.3478520462172064 off 0.3311820096709466 __DUMMY__ 0.320965944111847	false	1.0
unangemessen	neg 1.0		neg 0.35103156898613574 off 0.3276861572836568 __DUMMY__ 0.32128227373020746	false	1.0
unstetig	neg 1.0		neg 0.34432353630764606 off 0.33398544251543616 __DUMMY__ 0.3216910211769177	false	1.0
entmutigen	neg 1.0		neg 0.3467812405810001 off 0.3315380947238491 __DUMMY__ 0.3216806646951507	false	1.0
schwanz	neg 1.0		neg 0.3501515723965771 off 0.32672800103959093 __DUMMY__ 0.323120426563832	false	1.0
verbot	neg 1.0		neg 0.3512466427754389 off 0.32657023350090564 __DUMMY__ 0.32218312372365554	false	1.0
leid	neg 1.0		off 0.34236942236064105 neg 0.3400470635601872 __DUMMY__ 0.3175835140791718	false	0.5
archaisch	neg 1.0		neg 0.34929863364926406 off 0.32862694766018075 __DUMMY__ 0.32207441869055514	false	1.0
gegen			neg 0.3526243482429639 __DUMMY__ 0.3247208124307493 off 0.32265483932628664	false	0.0
scheidung	neg 1.0		off 0.35415902902870044 neg 0.32984936279297866 __DUMMY__ 0.315991608178321	false	0.5
einschlag	neg 1.0		neg 0.34123107552721565 off 0.33955773682699314 __DUMMY__ 0.31921118764579126	false	1.0
m			neg 0.3479366800424211 off 0.32846595794001227 __DUMMY__ 0.32359736201756667	false	0.0
abgestanden	neg 1.0		neg 0.34838852428348804 off 0.3306583088529064 __DUMMY__ 0.3209531668636055	false	1.0
schmierig	off 1.0		off 0.34194473392073815 neg 0.33964406915780715 __DUMMY__ 0.3184111969214547	false	1.0
unpraktisch	neg 1.0		neg 0.3454516424048912 off 0.33264903635028875 __DUMMY__ 0.32189932124481996	false	1.0
wixxer	off 1.0		off 0.34725145435154825 neg 0.33875903753808 __DUMMY__ 0.3139895081103717	false	1.0
bezeichnet			neg 0.3499605047144034 off 0.32946266961758847 __DUMMY__ 0.3205768256680081	false	0.0
jammerlappen	off 1.0		neg 0.34266336278458953 off 0.33651877342645864 __DUMMY__ 0.3208178637889519	false	0.5
farce	neg 1.0		neg 0.35160009444317225 off 0.32718890859024674 __DUMMY__ 0.3212109969665809	false	1.0
zwecklos	neg 1.0		neg 0.3508206638450365 off 0.3274906502968571 __DUMMY__ 0.3216886858581063	false	1.0
turbulent	neg 1.0		neg 0.34551747818618306 off 0.3363754400757897 __DUMMY__ 0.3181070817380273	false	1.0
invasion	neg 1.0		neg 0.34595873619462675 off 0.33275280328100104 __DUMMY__ 0.32128846052437215	false	1.0
schuld	neg 1.0		neg 0.3482042256354669 off 0.33104807061749103 __DUMMY__ 0.3207477037470421	false	1.0
risiko	neg 1.0	neg 1.0	neg 0.6605738024137798 off 0.18374237167395205 __DUMMY__ 0.15568382591226818	false	1.0
finster	neg 1.0		neg 0.3480407244433342 off 0.33137245420469474 __DUMMY__ 0.3205868213519711	false	1.0
geisteskrank	off 1.0		neg 0.34518896122466364 off 0.3368325063823586 __DUMMY__ 0.31797853239297774	false	0.5
zusammenbrechen	neg 1.0		neg 0.34886067545841926 off 0.3284509509542001 __DUMMY__ 0.3226883735873806	false	1.0
ausbeute	neg 1.0		neg 0.342023639818438 off 0.33023381574606253 __DUMMY__ 0.32774254443549955	false	1.0
hinterhalt	neg 1.0		neg 0.34422619992964026 off 0.33055779284003733 __DUMMY__ 0.32521600723032246	false	1.0
kritik	neg 1.0		neg 0.3521452934762633 off 0.32679162247524524 __DUMMY__ 0.32106308404849154	false	1.0
einschrumpfen	neg 1.0		neg 0.34598261629264077 off 0.33430992055820113 __DUMMY__ 0.319707463149158	false	1.0
riskant	neg 1.0		neg 0.35222546534735855 off 0.32503309984820083 __DUMMY__ 0.3227414348044406	false	1.0
frustrieren	neg 1.0		neg 0.3508155510376458 off 0.32635355915516817 __DUMMY__ 0.32283088980718594	false	1.0
groll	neg 1.0		neg 0.3514672189873725 off 0.3268381769733688 __DUMMY__ 0.3216946040392586	false	1.0
gibt			neg 0.3480418844957787 off 0.32887626198249964 __DUMMY__ 0.3230818535217217	false	0.0
qualvoll	neg 1.0		neg 0.34491706406751726 off 0.33406339119720074 __DUMMY__ 0.32101954473528194	false	1.0
wackeln	neg 1.0		neg 0.3448836195973157 off 0.3322897451612341 __DUMMY__ 0.3228266352414502	false	1.0
klagen	neg 1.0		neg 0.3538328096032149 __DUMMY__ 0.3239805133414162 off 0.32218667705536874	false	1.0
bankrott	neg 1.0		neg 0.3422573041659583 off 0.33620892940449776 __DUMMY__ 0.32153376642954407	false	1.0
trauern	neg 1.0		neg 0.3495763027166653 off 0.32645041972277267 __DUMMY__ 0.32397327756056205	false	1.0
ablehnung	neg 1.0		neg 0.3516058145443993 off 0.3268423309417129 __DUMMY__ 0.32155185451388785	false	1.0
stur	neg 1.0		neg 0.3476036776809836 off 0.3314682059336731 __DUMMY__ 0.3209281163853432	false	1.0
aufruhr	neg 1.0		neg 0.349063775616414 off 0.328864371172998 __DUMMY__ 0.322071853210588	false	1.0
melancholie	neg 1.0		neg 0.35044529278371855 off 0.32676613325773035 __DUMMY__ 0.32278857395855093	false	1.0
ist			neg 0.3455094280427507 off 0.3329119177709735 __DUMMY__ 0.32157865418627585	false	0.0
torheit	neg 1.0		neg 0.34778389000000703 off 0.330586863858497 __DUMMY__ 0.32162924614149585	false	1.0
dreckskind	off 1.0		neg 0.34243493895391186 off 0.3420283887375393 __DUMMY__ 0.3155366723085488	false	0.5
umtauschen	neg 1.0		neg 0.34674782205159776 off 0.33062699589075645 __DUMMY__ 0.3226251820576458	false	1.0
zum			neg 0.34969354661793606 __DUMMY__ 0.32803454525483877 off 0.322271908127225	false	0.0
zersetzen	neg 1.0		neg 0.353568920412668 off 0.3238006351255708 __DUMMY__ 0.3226304444617611	false	1.0
zur			neg 0.3525408386597338 __DUMMY__ 0.3269531647949436 off 0.3205059965453227	false	0.0
frust	neg 1.0		neg 0.3487127599139162 off 0.3284867685052947 __DUMMY__ 0.322800471580789	false	1.0
unerbittlichkeit	neg 1.0		neg 0.3527278258533799 off 0.32413743829993497 __DUMMY__ 0.323134735846685	false	1.0
zwei			neg 0.34929404499891026 __DUMMY__ 0.32739070808973153 off 0.3233152469113581	false	0.0
unkorrekt	neg 1.0		neg 0.34095578219753736 off 0.3398557015581844 __DUMMY__ 0.3191885162442782	false	1.0
hexe	off 1.0		neg 0.34817992656482055 off 0.3342835721570288 __DUMMY__ 0.31753650127815064	false	0.5
lasch	neg 1.0		neg 0.34650567593355225 off 0.33404690357815914 __DUMMY__ 0.3194474204882886	false	1.0
rivale	neg 1.0		neg 0.34282102902167383 off 0.3382769868076428 __DUMMY__ 0.31890198417068333	false	1.0
mutlos	off 1.0	off 1.0	off 0.6495860013974505 neg 0.19515715239335477 __DUMMY__ 0.15525684620919472	false	1.0
wirr	off 1.0		neg 0.3430487386057283 off 0.3395264800568659 __DUMMY__ 0.3174247813374058	false	0.5
jahr			neg 0.343998070817652 __DUMMY__ 0.32837588148045177 off 0.32762604770189635	false	0.0
wird			neg 0.3498844979226124 off 0.3271835280572093 __DUMMY__ 0.3229319740201785	false	0.0
strafbar	neg 1.0		neg 0.3510721763696841 off 0.3258996978322272 __DUMMY__ 0.3230281257980888	false	1.0
erosion	neg 1.0		neg 0.3454124146915813 off 0.3314368369902377 __DUMMY__ 0.32315074831818097	false	1.0
eingehen	neg 1.0		neg 0.3516096182691563 off 0.32581513637948195 __DUMMY__ 0.32257524535136173	false	1.0
faul	off 1.0		neg 0.342881246491566 off 0.3359338393917387 __DUMMY__ 0.3211849141166953	false	0.5
provisorium	neg 1.0		neg 0.351514948780206 __DUMMY__ 0.3290623659989321 off 0.31942268522086187	false	1.0
schmerzen	neg 1.0		neg 0.349921888269436 off 0.3286663909408473 __DUMMY__ 0.3214117207897167	false	1.0
schrumpfen	neg 1.0		neg 0.3559052314854716 __DUMMY__ 0.32479961791448553 off 0.31929515060004277	false	1.0
geistlos	off 1.0		neg 0.34862175192526207 off 0.3321870096973805 __DUMMY__ 0.3191912383773574	false	0.5
fehlkauf	neg 1.0		neg 0.346107117084822 off 0.33252092763325203 __DUMMY__ 0.32137195528192586	false	1.0
frustrierend	neg 1.0		neg 0.3437859983654541 off 0.3352652182367754 __DUMMY__ 0.32094878339777055	false	1.0
unzufrieden	neg 1.0		neg 0.3507889225002811 off 0.3272743027120987 __DUMMY__ 0.32193677478762034	false	1.0
verzweifeln	neg 1.0		neg 0.3485301215367257 off 0.32928144557620004 __DUMMY__ 0.3221884328870744	false	1.0
verzweifelt	neg 1.0	neg 1.0	neg 0.6630362614696731 off 0.1828349617228017 __DUMMY__ 0.15412877680752526	false	1.0
misstrauensantrag	neg 1.0		neg 0.34564075103766184 off 0.3330229279155607 __DUMMY__ 0.32133632104677756	false	1.0
abfallen	neg 1.0		neg 0.34492660785459534 off 0.3323400222645676 __DUMMY__ 0.3227333698808371	false	1.0
fucker	off 1.0		neg 0.3408668014544968 off 0.3395273814755872 __DUMMY__ 0.31960581706991603	false	0.5
ungezogen	neg 1.0		off 0.34692644403097134 neg 0.33755538559399373 __DUMMY__ 0.31551817037503493	false	0.5
irrsinnig	neg 1.0	neg 1.0	neg 0.662466302835337 off 0.18307861658274108 __DUMMY__ 0.1544550805819219	false	1.0
unfassbar	neg 1.0		neg 0.341766218129171 off 0.3378408949817854 __DUMMY__ 0.32039288688904366	false	1.0
hart	neg 1.0		neg 0.3438014426397249 off 0.3365815288751807 __DUMMY__ 0.3196170284850944	false	1.0
widerlich	off 1.0		neg 0.343730324616066 off 0.3374799282052557 __DUMMY__ 0.3187897471786783	false	0.5
fatal	neg 1.0		neg 0.3457127609757284 off 0.3330909996610283 __DUMMY__ 0.3211962393632434	false	1.0
bruch	neg 1.0		neg 0.3530589396188533 __DUMMY__ 0.32415124845598176 off 0.322789811925165	false	1.0
aushungern	neg 1.0		neg 0.3492241166795229 off 0.32813486481034826 __DUMMY__ 0.3226410185101287	false	1.0
anspannung	neg 1.0		neg 0.35221898256739825 __DUMMY__ 0.3266402260862678 off 0.32114079134633405	false	1.0
von			neg 0.342819898695072 __DUMMY__ 0.32904518488380813 off 0.3281349164211199	false	0.0
kraftlos	neg 1.0		neg 0.3487234110556612 off 0.3281019245521831 __DUMMY__ 0.3231746643921556	false	1.0
vom			neg 0.3503708634597459 __DUMMY__ 0.32935401508602824 off 0.3202751214542258	false	0.0
grenzdebil	off 1.0		neg 0.3414569059122487 off 0.3382468583236413 __DUMMY__ 0.3202962357641099	false	0.5
vor			neg 0.3502739899453061 __DUMMY__ 0.32519418655471183 off 0.324531823499982	false	0.0
unterwerfen	neg 1.0		neg 0.3511296363179553 off 0.32609215198456165 __DUMMY__ 0.3227782116974831	false	1.0
versenkung	neg 1.0		neg 0.34846238696962334 off 0.3273445433999809 __DUMMY__ 0.3241930696303957	false	1.0
entziehen	neg 1.0		neg 0.3526580260565813 __DUMMY__ 0.32422026459664427 off 0.3231217093467744	false	1.0
finanzkrise	neg 1.0		neg 0.3519843201442814 off 0.3275634550036153 __DUMMY__ 0.32045222485210334	false	1.0
schimpfend	neg 1.0		neg 0.3459772339359642 off 0.3327616101456795 __DUMMY__ 0.32126115591835624	false	1.0
profan	neg 1.0		neg 0.3459893828041503 off 0.3333506110158166 __DUMMY__ 0.3206600061800332	false	1.0
korruption	neg 1.0		neg 0.35201528873209964 off 0.32603959400134563 __DUMMY__ 0.32194511726655467	false	1.0
â			neg 0.3480046601211623 off 0.3280249948442088 __DUMMY__ 0.3239703450346289	false	0.0
schmutzig	neg 1.0		neg 0.3409517075184065 off 0.3387858461589992 __DUMMY__ 0.3202624463225944	false	1.0
sexy	neg 1.0		neg 0.3433459912150458 off 0.3351934234753244 __DUMMY__ 0.32146058530962984	false	1.0
abraten	neg 1.0		neg 0.34439525875095256 off 0.3335586622654043 __DUMMY__ 0.32204607898364324	false	1.0
schwarz	neg 1.0		neg 0.3465261358755243 off 0.3321891520011234 __DUMMY__ 0.32128471212335247	false	1.0
fotze	off 1.0	off 1.0	off 0.6514044245742804 neg 0.192795760753925 __DUMMY__ 0.15579981467179474	false	1.0
verwirren	neg 1.0		neg 0.34510999007481663 off 0.33406577652586467 __DUMMY__ 0.32082423339931887	false	1.0
zahnlos	off 1.0		neg 0.3497360023954185 off 0.3283372947619323 __DUMMY__ 0.3219267028426492	false	0.5
verheeren	neg 1.0		off 0.3484107447654602 neg 0.33616705338037384 __DUMMY__ 0.3154222018541659	false	0.5
hippie	neg 1.0		neg 0.3439523181100432 off 0.33464197648478144 __DUMMY__ 0.3214057054051755	false	1.0
rammen	neg 1.0		neg 0.35064976912301143 off 0.330221928258873 __DUMMY__ 0.31912830261811553	false	1.0
unlauter	neg 1.0		neg 0.3493042962357903 off 0.33047431049835035 __DUMMY__ 0.32022139326585947	false	1.0
unheilvoll	neg 1.0		neg 0.3464032031195117 off 0.33243983424007517 __DUMMY__ 0.3211569626404131	false	1.0
niedrig	neg 1.0		neg 0.35335805333182224 off 0.3242871165765038 __DUMMY__ 0.322354830091674	false	1.0
explosion	neg 1.0		neg 0.3448406167976144 off 0.3338889966741911 __DUMMY__ 0.32127038652819456	false	1.0
weichei	off 1.0	off 1.0	off 0.6593844083520715 neg 0.18824394854022145 __DUMMY__ 0.1523716431077071	false	1.0
minusmensch	off 1.0		off 0.34368678442646455 neg 0.3424444978525903 __DUMMY__ 0.3138687177209452	false	1.0
farblos	neg 1.0		neg 0.34741881540028835 off 0.33024803983715384 __DUMMY__ 0.322333144762558	false	1.0
unwissend	neg 1.0	neg 1.0	neg 0.6604126330087596 off 0.18571449762693149 __DUMMY__ 0.15387286936430877	false	1.0
traurig	neg 1.0		off 0.34071066600761385 neg 0.3395914041832136 __DUMMY__ 0.31969792980917255	false	0.5
senkung	neg 1.0		neg 0.3478099848884443 off 0.332495684059411 __DUMMY__ 0.3196943310521448	false	1.0
ungleich	neg 1.0	neg 1.0	neg 0.6649134619237023 off 0.17945888198125728 __DUMMY__ 0.1556276560950404	false	1.0
heikel	neg 1.0		neg 0.3519771041549527 off 0.3251379151390372 __DUMMY__ 0.32288498070601007	false	1.0
drosselung	neg 1.0		neg 0.34300343961624297 off 0.3374326966372514 __DUMMY__ 0.3195638637465057	false	1.0
falsch	neg 1.0		neg 0.3442724571223271 off 0.3352313139442765 __DUMMY__ 0.32049622893339635	false	1.0
unzufriedenheit	neg 1.0		neg 0.3527600255660325 __DUMMY__ 0.323629678082209 off 0.32361029635175853	false	1.0
kurz	neg 1.0		neg 0.3454190980050883 off 0.330279761036279 __DUMMY__ 0.3243011409586328	false	1.0
unsinnig	neg 1.0		neg 0.3497163954504429 off 0.3285454303257207 __DUMMY__ 0.3217381742238363	false	1.0
penner	off 1.0	off 1.0	off 0.6603362228743848 neg 0.18751277119725498 __DUMMY__ 0.1521510059283603	false	1.0
seicht	neg 1.0		off 0.34630531419403493 neg 0.33813608327368777 __DUMMY__ 0.31555860253227735	false	0.5
dummheit	off 1.0	off 1.0	off 0.654039637194528 neg 0.19221184083301543 __DUMMY__ 0.15374852197245664	false	1.0
unerfreulich	neg 1.0		neg 0.35121416647194403 off 0.3248415640271027 __DUMMY__ 0.32394426950095323	false	1.0
motherfucker	off 1.0	off 1.0	off 0.6571297404664056 neg 0.18921085475880492 __DUMMY__ 0.1536594047747895	false	1.0
pikiert	neg 1.0		neg 0.34470586073285814 off 0.3364204998464494 __DUMMY__ 0.3188736394206926	false	1.0
wrack	neg 1.0		neg 0.3481275630753256 off 0.3284595567319557 __DUMMY__ 0.3234128801927188	false	1.0
gangster	neg 1.0		neg 0.3441396211057802 off 0.3346008058234044 __DUMMY__ 0.3212595730708153	false	1.0
krank	neg 1.0		neg 0.3408509315359275 off 0.33853029957324776 __DUMMY__ 0.32061876889082475	false	1.0
reich	neg 1.0		neg 0.34220706873274165 off 0.3369305461787322 __DUMMY__ 0.32086238508852616	false	1.0
gnadenlos	neg 1.0		neg 0.347969012694593 off 0.3311907971855513 __DUMMY__ 0.32084019011985565	false	1.0
niedergeschlagen	neg 1.0		neg 0.3476959236875742 off 0.32932902269887204 __DUMMY__ 0.3229750536135537	false	1.0
terrorisieren	off 1.0	off 1.0	off 0.6503139006478103 neg 0.19374220866916997 __DUMMY__ 0.1559438906830198	false	1.0
sinnlosigkeit	neg 1.0		neg 0.34997109791811226 off 0.32785531352589004 __DUMMY__ 0.32217358855599776	false	1.0
behindern	neg 1.0		neg 0.3480058877596465 off 0.32968870642982034 __DUMMY__ 0.32230540581053313	false	1.0
undemokratisch	neg 1.0		neg 0.34758231094415587 off 0.331149039625009 __DUMMY__ 0.3212686494308352	false	1.0
wirtschaftskrise	neg 1.0		neg 0.3530625512257268 off 0.32543298801182524 __DUMMY__ 0.3215044607624479	false	1.0
neid	neg 1.0		neg 0.3413343536832831 off 0.33645325682344246 __DUMMY__ 0.32221238949327463	false	1.0
rutschen	neg 1.0		neg 0.34979609528240435 __DUMMY__ 0.3272292242257363 off 0.3229746804918594	false	1.0
rezession	neg 1.0		neg 0.34680213693839107 off 0.3376911951075896 __DUMMY__ 0.3155066679540192	false	1.0
fehlgeburt	neg 1.0		neg 0.34415473531122875 off 0.33339519356427566 __DUMMY__ 0.32245007112449553	false	1.0
charakterschwach	off 1.0		neg 0.34377335013062593 off 0.3373074468175625 __DUMMY__ 0.3189192030518115	false	0.5
isolation	neg 1.0		neg 0.34392818512680334 off 0.3349840267810078 __DUMMY__ 0.3210877880921888	false	1.0
ablenkung	neg 1.0		neg 0.3457516684355947 off 0.33137371976156144 __DUMMY__ 0.3228746118028439	false	1.0
pech	neg 1.0		neg 0.34383379484901677 off 0.33517253112474266 __DUMMY__ 0.3209936740262405	false	1.0
vermeidung	neg 1.0		neg 0.34240022145025845 off 0.33779610902519674 __DUMMY__ 0.31980366952454464	false	1.0
dominieren	neg 1.0		neg 0.3513896438600157 off 0.32576322459568907 __DUMMY__ 0.3228471315442952	false	1.0
schwindlig	neg 1.0		neg 0.3439917638117128 off 0.3338783361901156 __DUMMY__ 0.32212989999817165	false	1.0
lutscher	neg 1.0	neg 1.0	neg 0.6565168265619156 off 0.19180154734432778 __DUMMY__ 0.15168162609375663	false	1.0
pflicht	neg 1.0		neg 0.3527825596142757 off 0.323866515357202 __DUMMY__ 0.3233509250285223	false	1.0
faschist	off 1.0		neg 0.34499999078201404 off 0.3342243221722158 __DUMMY__ 0.32077568704577014	false	0.5
verschleudern	neg 1.0		neg 0.35265072162225575 off 0.3247022450080865 __DUMMY__ 0.3226470333696578	false	1.0
wenn			neg 0.3442526872008923 off 0.33531985649156026 __DUMMY__ 0.3204274563075474	false	0.0
ehebruch	neg 1.0		neg 0.35075968036732574 off 0.32658838044399374 __DUMMY__ 0.32265193918868046	false	1.0
spott	off 1.0		neg 0.3519371531280264 off 0.3256954654511323 __DUMMY__ 0.32236738142084115	false	0.5
trostlosigkeit	neg 1.0		neg 0.35262271982608756 __DUMMY__ 0.3239271857823278 off 0.3234500943915847	false	1.0
lutschen	neg 1.0		neg 0.346610037176426 off 0.3338204735586121 __DUMMY__ 0.3195694892649619	false	1.0
undiszipliniert	neg 1.0		neg 0.3411941611709715 off 0.3396054386267198 __DUMMY__ 0.31920040020230867	false	1.0
kopfschmerz	neg 1.0		neg 0.35146302982050837 off 0.3271818950894272 __DUMMY__ 0.3213550750900644	false	1.0
unvorhergesehen	neg 1.0		neg 0.3471606288182198 off 0.32704079313315787 __DUMMY__ 0.32579857804862244	false	1.0
desinteressiert	neg 1.0	neg 1.0	neg 0.6593797536910633 off 0.18716815869425463 __DUMMY__ 0.15345208761468207	false	1.0
armselig	off 1.0		neg 0.3428422739033417 off 0.3393685921982927 __DUMMY__ 0.31778913389836566	false	0.5
desaster	neg 1.0		neg 0.35378244087012306 __DUMMY__ 0.32419472856334314 off 0.32202283056653375	false	1.0
tod	neg 1.0		neg 0.3482208968151605 off 0.3278679306649734 __DUMMY__ 0.323911172519866	false	1.0
herzlos	neg 1.0		neg 0.3415499078885331 off 0.3398896925454142 __DUMMY__ 0.3185603995660526	false	1.0
unwissenheit	neg 1.0		neg 0.35084154404450013 off 0.3272052609469367 __DUMMY__ 0.32195319500856295	false	1.0
widersinnig	neg 1.0		neg 0.352830856711598 off 0.3263822560926609 __DUMMY__ 0.32078688719574117	false	1.0
bedenklich	neg 1.0		neg 0.3513284750185521 off 0.32631687574900553 __DUMMY__ 0.32235464923244245	false	1.0
beanstanden	neg 1.0		neg 0.35256653393845966 __DUMMY__ 0.3237436650076638 off 0.3236898010538766	false	1.0
panisch	neg 1.0	neg 1.0	neg 0.659587984545007 off 0.18484199969748832 __DUMMY__ 0.15557001575750468	false	1.0
debil	off 1.0		neg 0.35448211672465496 __DUMMY__ 0.32683487194601724 off 0.3186830113293277	false	0.5
abstrich	neg 1.0		neg 0.3436460425537342 off 0.33146051252454695 __DUMMY__ 0.32489344492171884	false	1.0
primitiv	neg 1.0		neg 0.3436475336421849 off 0.3376715620207718 __DUMMY__ 0.3186809043370434	false	1.0
abschaum	off 1.0	off 1.0	off 0.6558011012990255 neg 0.19048736262318605 __DUMMY__ 0.15371153607778854	false	1.0
provozieren	neg 1.0		neg 0.3490798079933524 off 0.3305854673602292 __DUMMY__ 0.3203347246464185	false	1.0
tot	neg 1.0		neg 0.349746801027107 off 0.3275301175211791 __DUMMY__ 0.3227230814517139	false	1.0
instabil	neg 1.0		neg 0.3432273859768607 off 0.33871103533092495 __DUMMY__ 0.3180615786922143	false	1.0
schwuchtel	off 1.0	off 1.0	off 0.6633255689936772 neg 0.18635924278705288 __DUMMY__ 0.15031518821926998	false	1.0
zerren	neg 1.0		neg 0.348853664104937 off 0.32838071293950793 __DUMMY__ 0.3227656229555551	false	1.0
kinderficker	off 1.0		off 0.34313678870483855 neg 0.33885345011292867 __DUMMY__ 0.31800976118223295	false	1.0
gefahr	neg 1.0		neg 0.35151495404485544 __DUMMY__ 0.32446501330358163 off 0.3240200326515628	false	1.0
rabiat	neg 1.0		neg 0.34717045222300985 off 0.33077948345079283 __DUMMY__ 0.32205006432619726	false	1.0
verlangsamung	neg 1.0		off 0.34280013827318223 neg 0.34226204913974606 __DUMMY__ 0.3149378125870716	false	0.5
ausgestorben	neg 1.0		neg 0.3466347052723884 off 0.33076617578395895 __DUMMY__ 0.3225991189436528	false	1.0
anklagen	neg 1.0		neg 0.35086321781344293 off 0.3267281912969148 __DUMMY__ 0.3224085908896422	false	1.0
trott	neg 1.0		neg 0.34742339696214913 off 0.3302134122488701 __DUMMY__ 0.32236319078898074	false	1.0
verminderung	neg 1.0		neg 0.34230684356840463 off 0.33814717512648773 __DUMMY__ 0.31954598130510764	false	1.0
nach			neg 0.35008103494036813 __DUMMY__ 0.3279651387394283 off 0.3219538263202035	false	0.0
rost	neg 1.0		off 0.343248761934976 neg 0.3392787488569736 __DUMMY__ 0.3174724892080503	false	0.5
destruktiv	neg 1.0		neg 0.3489458198394091 off 0.3297357588404632 __DUMMY__ 0.3213184213201277	false	1.0
unzumutbarkeit	neg 1.0		neg 0.3421623167373341 off 0.3371939140601867 __DUMMY__ 0.32064376920247917	false	1.0
labil	off 1.0	off 1.0	off 0.6554499785613067 neg 0.1904993590650923 __DUMMY__ 0.15405066237360093	false	1.0
ziemlich	neg 1.0		neg 0.34082790896045695 off 0.33815789298617815 __DUMMY__ 0.32101419805336495	false	1.0
lachnummer	off 1.0		neg 0.34876768782995615 off 0.3302970431129237 __DUMMY__ 0.32093526905712	false	0.5
oder			neg 0.3450954048462755 off 0.3322641391473294 __DUMMY__ 0.322640456006395	false	0.0
verfall	neg 1.0		neg 0.3550103673930572 __DUMMY__ 0.3252528373125005 off 0.3197367952944424	false	1.0
ausgrenzung	neg 1.0		neg 0.34713771671132215 off 0.3318052100630763 __DUMMY__ 0.3210570732256014	false	1.0
unordnung	neg 1.0		off 0.34061655443663136 neg 0.33869158322916826 __DUMMY__ 0.3206918623342002	false	0.5
fehlverhalten	neg 1.0		neg 0.35369419118906287 off 0.32392266609061077 __DUMMY__ 0.3223831427203263	false	1.0
eine			neg 0.34987494225939886 off 0.32518679112747056 __DUMMY__ 0.3249382666131306	false	0.0
nille	neg 1.0		neg 0.34700539324527463 off 0.33031789183108223 __DUMMY__ 0.32267671492364314	false	1.0
qual	neg 1.0		neg 0.3476146840010602 off 0.32982377594727236 __DUMMY__ 0.32256154005166743	false	1.0
verschwenden	neg 1.0		neg 0.35202682877204444 off 0.325538923044918 __DUMMY__ 0.32243424818303756	false	1.0
riesig	neg 1.0		neg 0.3489829270827754 off 0.32721270743899505 __DUMMY__ 0.32380436547822955	false	1.0
verurteilen	neg 1.0		neg 0.35234147055697446 off 0.3264468491227053 __DUMMY__ 0.3212116803203203	false	1.0
klischee	neg 1.0	neg 1.0	neg 0.6615427525497349 off 0.18462120320820108 __DUMMY__ 0.15383604424206393	false	1.0
diktatorisch	neg 1.0		neg 0.3480280593818068 off 0.3310914758140213 __DUMMY__ 0.3208804648041719	false	1.0
vorhersehbar	neg 1.0		neg 0.34684406421107666 off 0.33337819117421946 __DUMMY__ 0.31977774461470404	false	1.0
sowie			neg 0.34191888097363304 off 0.34127540432799286 __DUMMY__ 0.31680571469837404	false	0.0
stornieren	neg 1.0		neg 0.34071401583668776 off 0.33499613606586176 __DUMMY__ 0.32428984809745054	false	1.0
besteuerung	neg 1.0		neg 0.3506625238966715 off 0.32961340040883724 __DUMMY__ 0.31972407569449124	false	1.0
ungeschminkt	neg 1.0		neg 0.346137555230748 off 0.33634182524782763 __DUMMY__ 0.3175206195214245	false	1.0
kritisch	neg 1.0		neg 0.3510976178343805 off 0.3262029005279788 __DUMMY__ 0.3226994816376408	false	1.0
schlamperei	off 1.0		neg 0.3508870717060528 off 0.32525480780476757 __DUMMY__ 0.3238581204891797	false	0.5
sucht	neg 1.0	neg 1.0	neg 0.6586444048996327 off 0.18443800300630714 __DUMMY__ 0.1569175920940602	false	1.0
egoistisch	off 1.0		off 0.342712048856616 neg 0.34023047365276116 __DUMMY__ 0.3170574774906228	false	1.0
ausbeuter	off 1.0		neg 0.35457129506226476 off 0.3235340213618829 __DUMMY__ 0.3218946835758522	false	0.5
arschgeburt	off 1.0		off 0.34929607118794964 neg 0.33826108043273123 __DUMMY__ 0.3124428483793191	false	1.0
schubs	neg 1.0		neg 0.3478773931922144 off 0.328938255922294 __DUMMY__ 0.3231843508854916	false	1.0
unsolide	neg 1.0		neg 0.3488544063280266 off 0.331246164032781 __DUMMY__ 0.3198994296391923	false	1.0
beschwerde	neg 1.0		neg 0.3523933066349386 off 0.32518351601526285 __DUMMY__ 0.32242317734979853	false	1.0
stocken	neg 1.0		neg 0.35132012360002746 off 0.32531935741319806 __DUMMY__ 0.3233605189867746	false	1.0
isolieren	neg 1.0		neg 0.35067607711360127 off 0.32676663814597406 __DUMMY__ 0.3225572847404246	false	1.0
unheilbar	neg 1.0		neg 0.3472408822905129 off 0.33086968147002555 __DUMMY__ 0.3218894362394615	false	1.0
pisser	off 1.0		neg 0.34407258396122886 off 0.33841564948472136 __DUMMY__ 0.3175117665540499	false	0.5
löschen	neg 1.0		neg 0.34718796129640017 off 0.3305533675359785 __DUMMY__ 0.3222586711676212	false	1.0
durchfallen	neg 1.0		neg 0.3517585457881478 off 0.3264387115520752 __DUMMY__ 0.32180274265977693	false	1.0
wichser	off 1.0	off 1.0	off 0.6622116576236984 neg 0.1862653853907892 __DUMMY__ 0.1515229569855125	false	1.0
terror	neg 1.0		neg 0.34396723992581574 off 0.3344449190803777 __DUMMY__ 0.3215878409938067	false	1.0
krass	neg 1.0		off 0.34082294329046026 neg 0.34075284960875796 __DUMMY__ 0.31842420710078173	false	0.5
revolte	neg 1.0		neg 0.3466771671402474 off 0.332363448507235 __DUMMY__ 0.3209593843525176	false	1.0
besorgt	neg 1.0		neg 0.3450749151842042 off 0.33019212293578426 __DUMMY__ 0.3247329618800115	false	1.0
nachlassen	neg 1.0		neg 0.3502143573177822 off 0.3257839032683378 __DUMMY__ 0.3240017394138801	false	1.0
alt	neg 1.0		neg 0.3506700098331076 off 0.32719744830694464 __DUMMY__ 0.3221325418599477	false	1.0
hundesohn	off 1.0		off 0.34632701042113057 neg 0.338765264791096 __DUMMY__ 0.31490772478777346	false	1.0
als			neg 0.34794711665950373 off 0.3287559510682782 __DUMMY__ 0.323296932272218	false	0.0
abschreckung	neg 1.0		neg 0.35314651559937144 __DUMMY__ 0.3235981159768701 off 0.32325536842375857	false	1.0
unqualifiziert	neg 1.0		neg 0.34634336129975374 off 0.33424836489706106 __DUMMY__ 0.3194082738031852	false	1.0
abgewichst	off 1.0		neg 0.34681726886716024 off 0.3299253517692634 __DUMMY__ 0.3232573793635763	false	0.5
schwer	neg 1.0		neg 0.34835445948060195 off 0.32975975029607985 __DUMMY__ 0.32188579022331826	false	1.0
bedeutungslosigkeit	neg 1.0		neg 0.3523192223733233 off 0.32442413726462754 __DUMMY__ 0.3232566403620492	false	1.0
kapitulation	neg 1.0		neg 0.3510281922570342 off 0.32595933561029866 __DUMMY__ 0.3230124721326672	false	1.0
unscharf	neg 1.0		neg 0.3468665580074259 off 0.3328763054687562 __DUMMY__ 0.32025713652381793	false	1.0
schwinden	neg 1.0		neg 0.3529876147635893 off 0.3238696537222061 __DUMMY__ 0.32314273151420453	false	1.0
versklavung	neg 1.0		neg 0.3478186866820926 off 0.3308536093581723 __DUMMY__ 0.32132770395973514	false	1.0
schlecht	neg 1.0		neg 0.3409318416851156 off 0.33821569752310443 __DUMMY__ 0.32085246079178	false	1.0
verhasst	neg 1.0		neg 0.34965714833309436 off 0.33075866863127307 __DUMMY__ 0.3195841830356326	false	1.0
beschweren	neg 1.0		neg 0.3456331713589162 off 0.3329531228081901 __DUMMY__ 0.3214137058328937	false	1.0
scheiden	neg 1.0		neg 0.3453359342681488 off 0.33140407804461985 __DUMMY__ 0.3232599876872314	false	1.0
frustriert	neg 1.0		neg 0.3497861004918366 off 0.32843833770070946 __DUMMY__ 0.32177556180745387	false	1.0
schimmelig	neg 1.0		neg 0.35370584956321643 off 0.32566410131593754 __DUMMY__ 0.3206300491208461	false	1.0
fisch	neg 1.0		neg 0.3543088218841073 off 0.32320664484724715 __DUMMY__ 0.32248453326864557	false	1.0
schmuggel	neg 1.0		neg 0.35148106862935957 off 0.3251094588603553 __DUMMY__ 0.32340947251028523	false	1.0
auffallen	neg 1.0		neg 0.3448441956773624 off 0.33392800509492343 __DUMMY__ 0.3212277992277141	false	1.0
konkurrenz	neg 1.0		neg 0.3533106613316871 __DUMMY__ 0.3237960271707861 off 0.32289331149752676	false	1.0
teufelskreis	neg 1.0	neg 1.0	neg 0.6637956957036971 off 0.18178599117970345 __DUMMY__ 0.15441831311659934	false	1.0
aufschreien	neg 1.0		neg 0.34655853298831096 off 0.3332336915761841 __DUMMY__ 0.3202077754355049	false	1.0
schuldner	neg 1.0		neg 0.3552550218820518 off 0.3226931049224741 __DUMMY__ 0.32205187319547396	false	1.0
missgeburt	off 1.0	off 1.0	off 0.6593077047121224 neg 0.18894914077743943 __DUMMY__ 0.15174315451043804	false	1.0
arbeitslos	neg 1.0		neg 0.35115021744883107 off 0.326971198791998 __DUMMY__ 0.32187858375917083	false	1.0
befallen	neg 1.0		neg 0.35197249959340265 off 0.3272335056426524 __DUMMY__ 0.3207939947639449	false	1.0
miesepetrig	off 1.0	off 1.0	off 0.6563933203469756 neg 0.18932491195675608 __DUMMY__ 0.15428176769626833	false	1.0
alarmieren	neg 1.0		neg 0.3462367439363458 off 0.33445894674492394 __DUMMY__ 0.3193043093187303	false	1.0
ungeduscht	off 1.0		neg 0.34616146819425125 off 0.3345764704701893 __DUMMY__ 0.3192620613355594	false	0.5
knappheit	neg 1.0		neg 0.3536450078135161 off 0.3254106060279134 __DUMMY__ 0.3209443861585705	false	1.0
schlange	neg 1.0		neg 0.3429257708714841 off 0.3337454647483026 __DUMMY__ 0.32332876438021324	false	1.0
harsch	neg 1.0		off 0.34270052361529585 neg 0.33786818527993817 __DUMMY__ 0.319431291104766	false	0.5
lang	neg 1.0		neg 0.3460263850663676 off 0.3317394193724281 __DUMMY__ 0.32223419556120425	false	1.0
ziellos	neg 1.0		neg 0.34840098306271483 off 0.3275932408214496 __DUMMY__ 0.3240057761158357	false	1.0
selbstverliebt	neg 1.0		off 0.34780566521078277 neg 0.33787003640968793 __DUMMY__ 0.31432429837952924	false	0.5
beseitigen	neg 1.0		neg 0.34861786360517394 off 0.32880801503509893 __DUMMY__ 0.322574121359727	false	1.0
dumm	off 1.0		off 0.34388357950685905 neg 0.3387840495933432 __DUMMY__ 0.31733237089979777	false	1.0
arbeitsloser	neg 1.0		neg 0.3482199747762017 off 0.32821793516061926 __DUMMY__ 0.323562090063179	false	1.0
blitzen	neg 1.0		neg 0.34398122387528196 off 0.33456502199847743 __DUMMY__ 0.32145375412624055	false	1.0
hilflos	neg 1.0		neg 0.3500914792400443 off 0.3279683450026379 __DUMMY__ 0.3219401757573178	false	1.0
eklig	off 1.0		off 0.34334758325528586 neg 0.34106942879724134 __DUMMY__ 0.31558298794747275	false	1.0
begriff			neg 0.3478044343590705 off 0.3298848422554154 __DUMMY__ 0.3223107233855141	false	0.0
hungersnot	neg 1.0		neg 0.3503128633765248 off 0.3272295809487946 __DUMMY__ 0.32245755567468065	false	1.0
ungesetzlich	neg 1.0		neg 0.3500057621768468 off 0.3299857176219013 __DUMMY__ 0.32000852020125164	false	1.0
verschwendung	neg 1.0		neg 0.3514708601227469 off 0.32538809276871666 __DUMMY__ 0.32314104710853647	false	1.0
schmerzvoll	neg 1.0		neg 0.3466400465364759 off 0.3322605997838969 __DUMMY__ 0.32109935367962733	false	1.0
vorzeitig	neg 1.0		neg 0.3465480084547585 off 0.3330785774867429 __DUMMY__ 0.3203734140584987	false	1.0
unvollkommenheit	neg 1.0		neg 0.3462464941952621 off 0.3288343447814646 __DUMMY__ 0.3249191610232734	false	1.0
intervenieren	neg 1.0		neg 0.3527745525469062 off 0.3246548546902147 __DUMMY__ 0.3225705927628791	false	1.0
banause	off 1.0		off 0.34566725218650113 neg 0.34030053097787916 __DUMMY__ 0.3140322168356197	false	1.0
rebell	neg 1.0		neg 0.35413952022478457 __DUMMY__ 0.3244395714573195 off 0.32142090831789594	false	1.0
unlogisch	neg 1.0		neg 0.34218098005768743 off 0.33951422515449975 __DUMMY__ 0.3183047947878128	false	1.0
leiden	neg 1.0		neg 0.3497609136286243 off 0.3253857783032326 __DUMMY__ 0.324853308068143	false	1.0
abschaffung	neg 1.0		neg 0.347528200098294 off 0.33070909650039554 __DUMMY__ 0.32176270340131047	false	1.0
sturz	neg 1.0		neg 0.34610425803852957 off 0.33111862547987914 __DUMMY__ 0.32277711648159124	false	1.0
verkleinerung	neg 1.0		neg 0.34754299013526946 off 0.33283086393713596 __DUMMY__ 0.3196261459275946	false	1.0
schmarotzer	off 1.0		neg 0.35116976767993247 off 0.32756466997402756 __DUMMY__ 0.32126556234604015	false	0.5
bestrafung	neg 1.0		neg 0.34696428704773014 off 0.3315597818663419 __DUMMY__ 0.32147593108592815	false	1.0
achtlos	neg 1.0	neg 1.0	neg 0.6622010083046678 off 0.18236450414657357 __DUMMY__ 0.15543448754875866	false	1.0
ungeheuer	neg 1.0		neg 0.3448545839762754 off 0.3336083933268256 __DUMMY__ 0.321537022696899	false	1.0
unaufrichtig	neg 1.0		neg 0.34189685882463605 off 0.3353982125290728 __DUMMY__ 0.3227049286462912	false	1.0
groggy	neg 1.0		neg 0.34485910104673073 off 0.33404294650967237 __DUMMY__ 0.321097952443597	false	1.0
verletzlich	neg 1.0		neg 0.3449606487812331 off 0.3366904760387458 __DUMMY__ 0.31834887518002114	false	1.0
ablehnen	neg 1.0		neg 0.35039352423280895 off 0.3270311188692674 __DUMMY__ 0.3225753568979236	false	1.0
