unsolidarisch	neg 1.0		neg 0.5120816283339336 off 0.4810070266617041 __DUMMY__ 0.006911345004362236	false	1.0
nachteilig	neg 1.0		neg 0.5142314305481995 off 0.4787929649601328 __DUMMY__ 0.006975604491667632	false	1.0
skeptisch	neg 1.0		neg 0.5145771897428779 off 0.4784389520422074 __DUMMY__ 0.0069838582149146485	false	1.0
schrecklich	neg 1.0		neg 0.49959125293862927 off 0.4935259940629568 __DUMMY__ 0.006882752998413971	false	1.0
schlapp	neg 1.0		neg 0.5032473608571445 off 0.4898356099710221 __DUMMY__ 0.006917029171833397	false	1.0
abfall	neg 1.0		neg 0.5175017233677046 off 0.4754780520035717 __DUMMY__ 0.007020224628723622	false	1.0
widerspenstig	neg 1.0		neg 0.5088853081352722 off 0.48416353149935765 __DUMMY__ 0.006951160365370279	false	1.0
abrupt	neg 1.0		neg 0.513014643208547 off 0.4799950783709801 __DUMMY__ 0.0069902784204729385	false	1.0
unwirksam	neg 1.0		neg 0.512500718007236 off 0.4805983756480199 __DUMMY__ 0.006900906344744256	false	1.0
angreifen	neg 1.0		neg 0.5158908887940712 off 0.4771440348291488 __DUMMY__ 0.006965076376779995	false	1.0
inkonsistent	neg 1.0		neg 0.5104401580140558 off 0.4826522992331719 __DUMMY__ 0.006907542752772123	false	1.0
abrutschen	neg 1.0		neg 0.5180363854705233 off 0.47496395758971915 __DUMMY__ 0.006999656939757529	false	1.0
unsicher	neg 1.0		neg 0.5081558253521852 off 0.4848707595182628 __DUMMY__ 0.006973415129552006	false	1.0
bauernkind	off 1.0	off 1.0	off 0.728692462762678 neg 0.2681009934403809 __DUMMY__ 0.0032065437969410267	false	1.0
angreifer	neg 1.0	neg 1.0	neg 0.7389431642496073 off 0.2577505264740593 __DUMMY__ 0.003306309276333316	false	1.0
trennen	neg 1.0		neg 0.5135672141045486 off 0.47942387236452194 __DUMMY__ 0.0070089135309295125	false	1.0
schmutz	neg 1.0		neg 0.5060385808531292 off 0.48699257813156466 __DUMMY__ 0.006968841015306221	false	1.0
inkonsistenz	neg 1.0		neg 0.50716374308942 off 0.4859808890776031 __DUMMY__ 0.006855367832976758	false	1.0
erschreckend	neg 1.0		neg 0.5109230060349781 off 0.4821329599603368 __DUMMY__ 0.0069440340046851125	false	1.0
ertrinken	neg 1.0		neg 0.5150510433188517 off 0.4779811095258342 __DUMMY__ 0.006967847155314121	false	1.0
pickelface	off 1.0		neg 0.5102855758758292 off 0.4827551906479451 __DUMMY__ 0.0069592334762256505	false	0.5
seiner			neg 0.5140750311443474 off 0.4789400137073371 __DUMMY__ 0.00698495514831569	false	0.0
lauch	neg 1.0		neg 0.5166848435189941 off 0.4763052864503103 __DUMMY__ 0.007009870030695565	false	1.0
unwichtig	neg 1.0		neg 0.505287377181721 off 0.48781618551308703 __DUMMY__ 0.006896437305191951	false	1.0
steuerhinterziehung	neg 1.0	neg 1.0	neg 0.7424288340320688 off 0.25426802121611175 __DUMMY__ 0.0033031447518194605	false	1.0
schock	neg 1.0		neg 0.5102973676240016 off 0.4827442789232924 __DUMMY__ 0.006958353452706071	false	1.0
beule	neg 1.0		neg 0.5037461638204744 off 0.4893684681349861 __DUMMY__ 0.006885368044539586	false	1.0
vergelten	neg 1.0		neg 0.49919436597110317 off 0.49388461989550164 __DUMMY__ 0.006921014133395177	false	1.0
verdorbenheit	neg 1.0		neg 0.5059256937460831 off 0.4870832475980477 __DUMMY__ 0.006991058655869136	false	1.0
trauma	neg 1.0		neg 0.5085347573544688 off 0.4845228140752583 __DUMMY__ 0.006942428570272809	false	1.0
sinnlos	neg 1.0		neg 0.5070606686202521 off 0.4860044620166893 __DUMMY__ 0.006934869363058747	false	1.0
fettsack	off 1.0	off 1.0	off 0.7303588022438181 neg 0.2664198258466201 __DUMMY__ 0.0032213719095616966	false	1.0
feige	off 1.0	off 1.0	off 0.728112721382351 neg 0.2686264490135195 __DUMMY__ 0.003260829604129594	false	1.0
abdanken	neg 1.0		neg 0.5110407339322262 off 0.48201635630051387 __DUMMY__ 0.006942909767260102	false	1.0
wichtigtuer	off 1.0	off 1.0	off 0.7273701494990462 neg 0.2693483822930007 __DUMMY__ 0.0032814682079531153	false	1.0
misslingen	neg 1.0		neg 0.5039309702603849 off 0.48904075436433503 __DUMMY__ 0.007028275375280003	false	1.0
untreu	off 1.0		neg 0.5044133385257752 off 0.4886881121046238 __DUMMY__ 0.00689854936960098	false	0.5
missmutig	neg 1.0		neg 0.5042778156719815 off 0.4888042319139555 __DUMMY__ 0.006917952414062867	false	1.0
hurenbock	off 1.0		neg 0.5068526810884205 off 0.48620266966664244 __DUMMY__ 0.006944649244937153	false	0.5
betrunken	neg 1.0		neg 0.5018620609254969 off 0.4912385909500594 __DUMMY__ 0.00689934812444376	false	1.0
korrupt	off 1.0		neg 0.514947930138399 off 0.4781332475724449 __DUMMY__ 0.006918822289156088	false	0.5
unmut	neg 1.0		neg 0.5172566360974942 off 0.4757324615672784 __DUMMY__ 0.00701090233522745	false	1.0
hackfresse	off 1.0		neg 0.4971974526411503 off 0.4959683966351985 __DUMMY__ 0.00683415072365116	false	0.5
aufblasen	neg 1.0		neg 0.5070218440490906 off 0.4860339351744598 __DUMMY__ 0.00694422077644953	false	1.0
gewaltsam	neg 1.0		neg 0.5110179913092616 off 0.48202110843687984 __DUMMY__ 0.006960900253858522	false	1.0
unbeliebtheit	neg 1.0		neg 0.508252222091898 off 0.48487765134678146 __DUMMY__ 0.006870126561320565	false	1.0
sturheit	neg 1.0		neg 0.5122384830903246 off 0.4808234298972542 __DUMMY__ 0.0069380870124211855	false	1.0
kuh	neg 1.0		neg 0.5106869670276546 off 0.4824499289946793 __DUMMY__ 0.006863103977666074	false	1.0
erschrecken	neg 1.0		neg 0.5041935095168202 off 0.488878461160719 __DUMMY__ 0.006928029322460855	false	1.0
opfer	neg 1.0		neg 0.5131785033903948 off 0.4798474162686763 __DUMMY__ 0.006974080340928769	false	1.0
sinken	neg 1.0		neg 0.5169478915550525 off 0.4760514031105743 __DUMMY__ 0.007000705334373138	false	1.0
stinktier	neg 1.0		neg 0.5045025368384598 off 0.4887152822093763 __DUMMY__ 0.006782180952163909	false	1.0
tucke	off 1.0		neg 0.49814590794469893 off 0.4950640069219699 __DUMMY__ 0.0067900851333311885	false	0.5
ein			neg 0.5081327644165149 off 0.4849240048007956 __DUMMY__ 0.006943230782689436	false	0.0
abstieg	neg 1.0		neg 0.5149876462962131 off 0.47804207151337336 __DUMMY__ 0.006970282190413636	false	1.0
missverstehen	neg 1.0		neg 0.5077216890350693 off 0.4853755596774948 __DUMMY__ 0.006902751287435822	false	1.0
ergebnislos	neg 1.0		neg 0.5139703076190402 off 0.4790357703161398 __DUMMY__ 0.00699392206481995	false	1.0
unter			neg 0.5197426593252931 off 0.47317314866398746 __DUMMY__ 0.007084192010719502	false	0.0
manipulieren	neg 1.0		neg 0.5149325859991494 off 0.47807889486778726 __DUMMY__ 0.006988519133063453	false	1.0
unbewiesen	neg 1.0		neg 0.5127928224789094 off 0.4803071025599576 __DUMMY__ 0.006900074961132848	false	1.0
verschleppen	neg 1.0		neg 0.5140259250364558 off 0.47902114003834845 __DUMMY__ 0.0069529349251958575	false	1.0
weib	off 1.0		neg 0.5001282382970881 off 0.4931030357699216 __DUMMY__ 0.0067687259329904615	false	0.5
opposition	neg 1.0		neg 0.5091089502277024 off 0.4839756208484308 __DUMMY__ 0.006915428923866674	false	1.0
verkehrswidrig	neg 1.0		neg 0.4969614715093302 off 0.4961088503673 __DUMMY__ 0.006929678123369809	false	1.0
inkorrekt	neg 1.0		neg 0.5025428048545889 off 0.49060447321976836 __DUMMY__ 0.006852721925642752	false	1.0
vermeiden	neg 1.0	neg 1.0	neg 0.7442592850242027 off 0.25238168383809173 __DUMMY__ 0.003359031137705552	false	1.0
abweichung	neg 1.0		neg 0.5130281528155781 off 0.47999514851710096 __DUMMY__ 0.006976698667320903	false	1.0
alkoholisiert	neg 1.0		neg 0.5122673764710861 off 0.48072582770677985 __DUMMY__ 0.007006795822134002	false	1.0
scheiss	off 1.0	off 1.0	off 0.7293580205285453 neg 0.26736932878258113 __DUMMY__ 0.003272650688873746	false	1.0
herausforderung	neg 1.0		neg 0.5138789796141318 off 0.479125585956287 __DUMMY__ 0.0069954344295813185	false	1.0
pervers	off 1.0		off 0.49840921487776774 neg 0.49479975276172966 __DUMMY__ 0.006791032360502598	false	1.0
wackelig	neg 1.0		neg 0.5084933569199129 off 0.48449420488533673 __DUMMY__ 0.007012438194750148	false	1.0
verwickeln	neg 1.0		neg 0.5083132532010569 off 0.48478011732578385 __DUMMY__ 0.006906629473159178	false	1.0
vorwand	neg 1.0		neg 0.5155525793747773 off 0.4774666657836685 __DUMMY__ 0.006980754841554232	false	1.0
muschi	off 1.0		neg 0.5101744872692484 off 0.4828675803980821 __DUMMY__ 0.006957932332669596	false	0.5
entmutigung	neg 1.0		neg 0.5094265158552767 off 0.483650175022755 __DUMMY__ 0.006923309121968464	false	1.0
unangemessen	neg 1.0		neg 0.5128967985650099 off 0.4801717139962659 __DUMMY__ 0.006931487438724046	false	1.0
unstetig	neg 1.0		neg 0.5059941961654244 off 0.48706726211778467 __DUMMY__ 0.006938541716790901	false	1.0
entmutigen	neg 1.0		neg 0.508603906529177 off 0.4844561712166891 __DUMMY__ 0.006939922254133968	false	1.0
schwanz	neg 1.0		neg 0.5128942308561848 off 0.48013369327772776 __DUMMY__ 0.006972075866087423	false	1.0
verbot	neg 1.0		neg 0.5136415769930349 off 0.4794071676447338 __DUMMY__ 0.0069512553622311825	false	1.0
leid	neg 1.0		neg 0.4992989929461711 off 0.493853939975799 __DUMMY__ 0.0068470670780298995	false	1.0
archaisch	neg 1.0		neg 0.5114780159349062 off 0.48157302952431535 __DUMMY__ 0.006948954540778498	false	1.0
gegen			neg 0.5164344113800003 off 0.4765568455121886 __DUMMY__ 0.007008743107811063	false	0.0
scheidung	neg 1.0		off 0.5053398316770091 neg 0.4878504612239134 __DUMMY__ 0.006809707099077508	false	0.5
einschlag	neg 1.0		neg 0.5014390497743978 off 0.49167748164427955 __DUMMY__ 0.006883468581322751	false	1.0
m			neg 0.5108081812978426 off 0.48220795770773556 __DUMMY__ 0.006983860994421937	false	0.0
abgestanden	neg 1.0		neg 0.5097788706619313 off 0.48329890257167923 __DUMMY__ 0.006922226766389542	false	1.0
schmierig	off 1.0		neg 0.499322129460634 off 0.4938121231177797 __DUMMY__ 0.006865747421586421	false	0.5
unpraktisch	neg 1.0		neg 0.5072563472398594 off 0.4857989965377045 __DUMMY__ 0.006944656222436015	false	1.0
wixxer	off 1.0		off 0.49719302312319097 neg 0.49604125324624565 __DUMMY__ 0.00676572363056346	false	1.0
bezeichnet			neg 0.5113812306850111 off 0.4817031936414689 __DUMMY__ 0.006915575673519919	false	0.0
jammerlappen	off 1.0		neg 0.5038159908259747 off 0.4892633190667107 __DUMMY__ 0.006920690107314568	false	0.5
farce	neg 1.0		neg 0.5134804215105696 off 0.47959033350787333 __DUMMY__ 0.006929244981557061	false	1.0
zwecklos	neg 1.0		neg 0.5128774329853152 off 0.4801818096582429 __DUMMY__ 0.0069407573564418314	false	1.0
turbulent	neg 1.0		neg 0.5053501417232452 off 0.48779227658870145 __DUMMY__ 0.00685758168805342	false	1.0
invasion	neg 1.0		neg 0.5075096433341825 off 0.485558840057825 __DUMMY__ 0.006931516607992656	false	1.0
schuld	neg 1.0		neg 0.5096133099906959 off 0.48346716704767534 __DUMMY__ 0.006919522961628832	false	1.0
risiko	neg 1.0	neg 1.0	neg 0.7389778920428929 off 0.257707442500055 __DUMMY__ 0.0033146654570521896	false	1.0
finster	neg 1.0		neg 0.5092362719444241 off 0.4838492242311045 __DUMMY__ 0.006914503824471383	false	1.0
geisteskrank	off 1.0		neg 0.5049662831972257 off 0.48817707223104073 __DUMMY__ 0.006856644571733661	false	0.5
zusammenbrechen	neg 1.0		neg 0.5113299020913684 off 0.48170683756129057 __DUMMY__ 0.006963260347340903	false	1.0
ausbeute	neg 1.0		neg 0.506787901061161 off 0.48613664340205903 __DUMMY__ 0.007075455536780004	false	1.0
hinterhalt	neg 1.0		neg 0.5077983859886088 off 0.4851836084240092 __DUMMY__ 0.007018005587381964	false	1.0
kritik	neg 1.0		neg 0.5139773120975144 off 0.4790966838604584 __DUMMY__ 0.006926004042027217	false	1.0
einschrumpfen	neg 1.0		neg 0.5067191718912274 off 0.4863855622636727 __DUMMY__ 0.0068952658450999365	false	1.0
riskant	neg 1.0		neg 0.5149050142705177 off 0.478130378651722 __DUMMY__ 0.006964607077760354	false	1.0
frustrieren	neg 1.0		neg 0.5134735577200968 off 0.4795599246871265 __DUMMY__ 0.006966517592776618	false	1.0
groll	neg 1.0		neg 0.5135701706239256 off 0.4794891606684692 __DUMMY__ 0.006940668707605122	false	1.0
gibt			neg 0.5106932325109289 off 0.4823345634701711 __DUMMY__ 0.006972204018900006	false	0.0
qualvoll	neg 1.0		neg 0.5062631990368543 off 0.48681208145882593 __DUMMY__ 0.006924719504319689	false	1.0
wackeln	neg 1.0		neg 0.5071967092294043 off 0.4858374976230974 __DUMMY__ 0.006965793147498205	false	1.0
klagen	neg 1.0		neg 0.5172952446850212 off 0.47571275739131297 __DUMMY__ 0.006991997923666048	false	1.0
bankrott	neg 1.0		neg 0.5037183070591452 off 0.48934513006617647 __DUMMY__ 0.006936562874678342	false	1.0
trauern	neg 1.0		neg 0.5127979118070768 off 0.4802106246291832 __DUMMY__ 0.006991463563740029	false	1.0
ablehnung	neg 1.0		neg 0.5136797573012433 off 0.4793831257688399 __DUMMY__ 0.006937116929916907	false	1.0
stur	neg 1.0		neg 0.5090742417294524 off 0.48400230666153654 __DUMMY__ 0.006923451609011128	false	1.0
aufruhr	neg 1.0		neg 0.5112553083981464 off 0.4817963501366085 __DUMMY__ 0.006948341465245009	false	1.0
melancholie	neg 1.0		neg 0.512972684462019 off 0.48006289920844536 __DUMMY__ 0.006964416329535509	false	1.0
ist			neg 0.5072015615033875 off 0.4858603908613236 __DUMMY__ 0.006938047635289084	false	0.0
torheit	neg 1.0		neg 0.5096827387262913 off 0.48337885072739323 __DUMMY__ 0.006938410546315407	false	1.0
dreckskind	off 1.0		neg 0.5007335426144238 off 0.49246563940493493 __DUMMY__ 0.006800817980641096	false	0.5
umtauschen	neg 1.0		neg 0.5089737579766893 off 0.4840655070986464 __DUMMY__ 0.006960734924664349	false	1.0
zum			neg 0.5150137691003228 off 0.47790317666357335 __DUMMY__ 0.007083054236103923	false	0.0
zersetzen	neg 1.0		neg 0.5162726148159136 off 0.4767655737614749 __DUMMY__ 0.006961811422611536	false	1.0
zur			neg 0.5174907848984434 off 0.4754502377025989 __DUMMY__ 0.007058977398957821	false	0.0
frust	neg 1.0		neg 0.5112467816823119 off 0.48178742131302577 __DUMMY__ 0.006965797004662321	false	1.0
unerbittlichkeit	neg 1.0		neg 0.5156620122559534 off 0.4773649164343124 __DUMMY__ 0.0069730713097342755	false	1.0
zwei			neg 0.5142410082760208 off 0.4786903197059439 __DUMMY__ 0.00706867201803521	false	0.0
unkorrekt	neg 1.0		neg 0.5011761558588442 off 0.49194097147514754 __DUMMY__ 0.006882872666008236	false	1.0
hexe	off 1.0		neg 0.5077869720421022 off 0.4853675960969872 __DUMMY__ 0.006845431860910509	false	0.5
lasch	neg 1.0		neg 0.5071443297009485 off 0.485966014494064 __DUMMY__ 0.006889655804987611	false	1.0
rivale	neg 1.0		neg 0.5029290394128543 off 0.49019456897864083 __DUMMY__ 0.0068763916085050215	false	1.0
mutlos	off 1.0	off 1.0	off 0.723309254832566 neg 0.2733847989004536 __DUMMY__ 0.003305946266980468	false	1.0
wirr	off 1.0		neg 0.502402419718974 off 0.49075461096255424 __DUMMY__ 0.0068429693184717776	false	0.5
jahr			neg 0.509215423854443 off 0.48369436815562755 __DUMMY__ 0.0070902079899295145	false	0.0
wird			neg 0.5125247066755226 off 0.4805064819898677 __DUMMY__ 0.006968811334609655	false	0.0
strafbar	neg 1.0		neg 0.5138890288936964 off 0.4791403769968759 __DUMMY__ 0.0069705941094276285	false	1.0
erosion	neg 1.0		neg 0.5079141431449046 off 0.48511244921612096 __DUMMY__ 0.0069734076389745	false	1.0
eingehen	neg 1.0		neg 0.5141738599824199 off 0.478865358633668 __DUMMY__ 0.006960781383911961	false	1.0
faul	off 1.0		neg 0.5041728188451671 off 0.4888988529237565 __DUMMY__ 0.006928328231076355	false	0.5
provisorium	neg 1.0		neg 0.5174855089840056 off 0.47540800868452887 __DUMMY__ 0.00710648233146559	false	1.0
schmerzen	neg 1.0		neg 0.5116604245551897 off 0.4814062271730749 __DUMMY__ 0.006933348271735478	false	1.0
schrumpfen	neg 1.0		neg 0.5198880841108516 off 0.4731015665577839 __DUMMY__ 0.007010349331364365	false	1.0
geistlos	off 1.0		neg 0.5092642181438142 off 0.4838520887052484 __DUMMY__ 0.00688369315093753	false	0.5
fehlkauf	neg 1.0		neg 0.5077332902878734 off 0.48533354973523446 __DUMMY__ 0.00693315997689216	false	1.0
frustrierend	neg 1.0		neg 0.5050531664935848 off 0.48802321306820334 __DUMMY__ 0.006923620438211739	false	1.0
unzufrieden	neg 1.0		neg 0.5129752526100368 off 0.4800783246566172 __DUMMY__ 0.0069464227333458795	false	1.0
verzweifeln	neg 1.0		neg 0.5107143708269976 off 0.4823336299665408 __DUMMY__ 0.006951999206461886	false	1.0
verzweifelt	neg 1.0	neg 1.0	neg 0.740634618267525 off 0.2560838171736436 __DUMMY__ 0.0032815645588313994	false	1.0
misstrauensantrag	neg 1.0		neg 0.5071795305791993 off 0.4858885582367721 __DUMMY__ 0.0069319111840286905	false	1.0
abfallen	neg 1.0		neg 0.5071522090239254 off 0.4858843058380814 __DUMMY__ 0.006963485137993051	false	1.0
fucker	off 1.0		neg 0.5012914572520414 off 0.49181494528454306 __DUMMY__ 0.0068935974634155755	false	0.5
ungezogen	neg 1.0		off 0.49761131190033986 neg 0.495588510199614 __DUMMY__ 0.006800177900046021	false	0.5
irrsinnig	neg 1.0	neg 1.0	neg 0.7402321360226811 off 0.25647925094046187 __DUMMY__ 0.003288613036857016	false	1.0
unfassbar	neg 1.0		neg 0.5026349363784102 off 0.49045409205691753 __DUMMY__ 0.006910971564672397	false	1.0
hart	neg 1.0		neg 0.5043588071100912 off 0.4887490904366504 __DUMMY__ 0.006892102453258427	false	1.0
widerlich	off 1.0		neg 0.5038509982141207 off 0.48927418999490646 __DUMMY__ 0.006874811790972885	false	0.5
fatal	neg 1.0		neg 0.5072215305087734 off 0.48584878411186605 __DUMMY__ 0.006929685379360412	false	1.0
bruch	neg 1.0		neg 0.5165827685290946 off 0.47642179369565213 __DUMMY__ 0.006995437775253301	false	1.0
aushungern	neg 1.0		neg 0.5117849022899252 off 0.4812536807118589 __DUMMY__ 0.006961416998215861	false	1.0
anspannung	neg 1.0		neg 0.5169633652951969 off 0.4759849730475753 __DUMMY__ 0.0070516616572276905	false	1.0
von			neg 0.5083687688032755 off 0.4845263929844572 __DUMMY__ 0.0071048382122672425	false	0.0
kraftlos	neg 1.0		neg 0.5114220604933181 off 0.4816041609626912 __DUMMY__ 0.006973778543990741	false	1.0
vom			neg 0.5164189345820119 off 0.47646834571377883 __DUMMY__ 0.007112719704209239	false	0.0
grenzdebil	off 1.0		neg 0.5022486184861873 off 0.4908427102981635 __DUMMY__ 0.006908671215649201	false	0.5
vor			neg 0.514156940585004 off 0.4788232356489264 __DUMMY__ 0.007019823766069446	false	0.0
unterwerfen	neg 1.0		neg 0.5138009409423838 off 0.4792341239532008 __DUMMY__ 0.006964935104415155	false	1.0
versenkung	neg 1.0		neg 0.5117573139672026 off 0.48124553770575884 __DUMMY__ 0.006997148327038604	false	1.0
entziehen	neg 1.0		neg 0.5161709816494296 off 0.4768311938009787 __DUMMY__ 0.0069978245495918336	false	1.0
finanzkrise	neg 1.0		neg 0.5134400777962258 off 0.47964804236761205 __DUMMY__ 0.006911879836162192	false	1.0
schimpfend	neg 1.0		neg 0.5074551203029904 off 0.4856153128454694 __DUMMY__ 0.006929566851540182	false	1.0
profan	neg 1.0		neg 0.5072025185029825 off 0.48588046816853075 __DUMMY__ 0.0069170133284868355	false	1.0
korruption	neg 1.0		neg 0.5143068213923883 off 0.47874731019172323 __DUMMY__ 0.006945868415888377	false	1.0
â			neg 0.5110805314354816 off 0.48192725805788433 __DUMMY__ 0.006992210506634009	false	0.0
schmutzig	neg 1.0		neg 0.501699655011428 off 0.4913925105507596 __DUMMY__ 0.006907834437812262	false	1.0
sexy	neg 1.0		neg 0.5048609896585162 off 0.4882035018460626 __DUMMY__ 0.006935508495421257	false	1.0
abraten	neg 1.0		neg 0.5062609443189583 off 0.48679093510133037 __DUMMY__ 0.006948120579711351	false	1.0
schwarz	neg 1.0		neg 0.5081162947277956 off 0.48495214920991175 __DUMMY__ 0.006931556062292526	false	1.0
fotze	off 1.0	off 1.0	off 0.7254248811688622 neg 0.2712576449014398 __DUMMY__ 0.0033174739296980347	false	1.0
verwirren	neg 1.0		neg 0.5063825373925185 off 0.48669648476328536 __DUMMY__ 0.006920977844196209	false	1.0
zahnlos	off 1.0		neg 0.5118793344449567 off 0.4811745085850069 __DUMMY__ 0.006946156970036306	false	0.5
verheeren	neg 1.0		off 0.49906475732056615 neg 0.49413751036794007 __DUMMY__ 0.006797732311493747	false	0.5
hippie	neg 1.0		neg 0.5054786526831088 off 0.48758696844172994 __DUMMY__ 0.006934378875161261	false	1.0
rammen	neg 1.0		neg 0.5112210447728897 off 0.4818978464046337 __DUMMY__ 0.006881108822476716	false	1.0
unlauter	neg 1.0		neg 0.5105020915698095 off 0.48259151908333625 __DUMMY__ 0.006906389346854383	false	1.0
unheilvoll	neg 1.0		neg 0.5078696258390082 off 0.4852029530264321 __DUMMY__ 0.006927421134559478	false	1.0
niedrig	neg 1.0		neg 0.515844091501975 off 0.4772017920440847 __DUMMY__ 0.0069541164539404406	false	1.0
explosion	neg 1.0		neg 0.5063254086937513 off 0.48674367004164115 __DUMMY__ 0.006930921264607496	false	1.0
weichei	off 1.0	off 1.0	off 0.7318771853098611 neg 0.26487974115286084 __DUMMY__ 0.0032430735372780536	false	1.0
minusmensch	off 1.0		neg 0.4999221932372939 off 0.49331468267467193 __DUMMY__ 0.006763124088033978	false	0.5
farblos	neg 1.0		neg 0.5095609782543988 off 0.48348603019480746 __DUMMY__ 0.006952991550793835	false	1.0
unwissend	neg 1.0	neg 1.0	neg 0.7378540710235978 off 0.25887011097760193 __DUMMY__ 0.0032758179988003227	false	1.0
traurig	neg 1.0		neg 0.4999698721599266 off 0.4931350762858928 __DUMMY__ 0.006895051554180484	false	1.0
senkung	neg 1.0		neg 0.5085931445541411 off 0.4845122260463697 __DUMMY__ 0.006894629399489316	false	1.0
ungleich	neg 1.0	neg 1.0	neg 0.7433186667034836 off 0.25336743009434887 __DUMMY__ 0.0033139032021675435	false	1.0
heikel	neg 1.0		neg 0.5147262464369802 off 0.4783060486058396 __DUMMY__ 0.006967704957180104	false	1.0
drosselung	neg 1.0		neg 0.503464441171903 off 0.4896442845967573 __DUMMY__ 0.0068912742313397704	false	1.0
falsch	neg 1.0		neg 0.5053192162222638 off 0.4877673825067498 __DUMMY__ 0.006913401270986318	false	1.0
unzufriedenheit	neg 1.0		neg 0.5159687950674718 off 0.47704681380486447 __DUMMY__ 0.0069843911276637255	false	1.0
kurz	neg 1.0		neg 0.5085303746049167 off 0.4844704610178042 __DUMMY__ 0.0069991643772790236	false	1.0
unsinnig	neg 1.0		neg 0.5117430608566269 off 0.48131519761090885 __DUMMY__ 0.006941741532464279	false	1.0
penner	off 1.0	off 1.0	off 0.7327206670100151 neg 0.2640409778294025 __DUMMY__ 0.0032383551605823504	false	1.0
seicht	neg 1.0		off 0.4969304661640838 neg 0.49626815033675453 __DUMMY__ 0.006801383499161565	false	0.5
dummheit	off 1.0	off 1.0	off 0.727106441172746 neg 0.26962029538780724 __DUMMY__ 0.0032732634394467964	false	1.0
unerfreulich	neg 1.0		neg 0.5144709408770395 off 0.47853773718089754 __DUMMY__ 0.006991321942063164	false	1.0
motherfucker	off 1.0	off 1.0	off 0.7301772201100034 neg 0.26655150133912525 __DUMMY__ 0.0032712785508713926	false	1.0
pikiert	neg 1.0		neg 0.5049255930787683 off 0.4881977535202774 __DUMMY__ 0.006876653400954262	false	1.0
wrack	neg 1.0		neg 0.5109151780713616 off 0.48210728138195796 __DUMMY__ 0.006977540546680355	false	1.0
gangster	neg 1.0		neg 0.5055900800862158 off 0.48747889901536917 __DUMMY__ 0.00693102089841499	false	1.0
krank	neg 1.0		neg 0.5017516591979144 off 0.49133278206803577 __DUMMY__ 0.006915558734049811	false	1.0
reich	neg 1.0		neg 0.5033628530795007 off 0.4897177970643312 __DUMMY__ 0.006919349856168141	false	1.0
gnadenlos	neg 1.0		neg 0.5094135281809146 off 0.48366481743115475 __DUMMY__ 0.006921654387930591	false	1.0
niedergeschlagen	neg 1.0		neg 0.5102426928669027 off 0.4827881880790565 __DUMMY__ 0.006969119054040716	false	1.0
terrorisieren	off 1.0	off 1.0	off 0.7243705224134696 neg 0.272308617356582 __DUMMY__ 0.0033208602299483712	false	1.0
sinnlosigkeit	neg 1.0		neg 0.5122369079406592 off 0.48081147253399475 __DUMMY__ 0.006951619525345947	false	1.0
behindern	neg 1.0		neg 0.51018745099518 off 0.48285808432525834 __DUMMY__ 0.00695446467956158	false	1.0
undemokratisch	neg 1.0		neg 0.5093086212352951 off 0.48376093203009907 __DUMMY__ 0.006930446734605863	false	1.0
wirtschaftskrise	neg 1.0		neg 0.5151610387537278 off 0.477903199333028 __DUMMY__ 0.00693576191324424	false	1.0
neid	neg 1.0		neg 0.5031264835279325 off 0.4899220405055856 __DUMMY__ 0.006951475966481898	false	1.0
rutschen	neg 1.0		neg 0.5146773409859112 off 0.4782576221322773 __DUMMY__ 0.0070650368818114	false	1.0
rezession	neg 1.0		neg 0.5053223484018783 off 0.4878774870019372 __DUMMY__ 0.0068001645961844265	false	1.0
fehlgeburt	neg 1.0		neg 0.5062430495761384 off 0.4868016050232759 __DUMMY__ 0.006955345400585611	false	1.0
charakterschwach	off 1.0		neg 0.5039887630432432 off 0.48913371391655097 __DUMMY__ 0.006877523040205769	false	0.5
isolation	neg 1.0		neg 0.5052537187700411 off 0.48781959078438275 __DUMMY__ 0.006926690445576148	false	1.0
ablenkung	neg 1.0		neg 0.5081449736203825 off 0.4848878314642742 __DUMMY__ 0.006967194915343196	false	1.0
pech	neg 1.0		neg 0.5050513655567014 off 0.4880250568523779 __DUMMY__ 0.006923577590920663	false	1.0
vermeidung	neg 1.0		neg 0.5029486031538772 off 0.4901542928577093 __DUMMY__ 0.006897103988413289	false	1.0
dominieren	neg 1.0		neg 0.5140739711023531 off 0.47896041902384767 __DUMMY__ 0.006965609873799267	false	1.0
schwindlig	neg 1.0		neg 0.5058214505133136 off 0.4872290098203619 __DUMMY__ 0.0069495396663244256	false	1.0
lutscher	neg 1.0	neg 1.0	neg 0.7328024223680009 off 0.2639695566822858 __DUMMY__ 0.00322802094971337	false	1.0
pflicht	neg 1.0		neg 0.515840447077681 off 0.4771812412815597 __DUMMY__ 0.006978311640759352	false	1.0
faschist	off 1.0		neg 0.5063371371802667 off 0.4867436938280599 __DUMMY__ 0.00691916899167335	false	0.5
verschleudern	neg 1.0		neg 0.5153227814145387 off 0.477715957639688 __DUMMY__ 0.006961260945773285	false	1.0
wenn			neg 0.5052595307465336 off 0.4878285280346256 __DUMMY__ 0.006911941218840884	false	0.0
ehebruch	neg 1.0		neg 0.5133625746911398 off 0.4796755331842027 __DUMMY__ 0.006961892124657377	false	1.0
spott	off 1.0		neg 0.5144460595066254 off 0.4785981892694326 __DUMMY__ 0.006955751223941961	false	0.5
trostlosigkeit	neg 1.0		neg 0.5159702388143322 off 0.47703919520040217 __DUMMY__ 0.0069905659852655825	false	1.0
lutschen	neg 1.0		neg 0.5073005981772226 off 0.48580749850585725 __DUMMY__ 0.006891903316920075	false	1.0
undiszipliniert	neg 1.0		neg 0.5013758250524296 off 0.4917405462927696 __DUMMY__ 0.006883628654800673	false	1.0
kopfschmerz	neg 1.0		neg 0.5132499008515046 off 0.4798183542919259 __DUMMY__ 0.006931744856569513	false	1.0
unvorhergesehen	neg 1.0		neg 0.5111128404780014 off 0.48185507459439025 __DUMMY__ 0.007032084927608367	false	1.0
desinteressiert	neg 1.0	neg 1.0	neg 0.7365998815711498 off 0.2601334690931317 __DUMMY__ 0.0032666493357186624	false	1.0
armselig	off 1.0		neg 0.5023939450590734 off 0.49075377625639094 __DUMMY__ 0.006852278684535476	false	0.5
desaster	neg 1.0		neg 0.5173616528842591 off 0.4756413495223123 __DUMMY__ 0.006996997593428651	false	1.0
tod	neg 1.0		neg 0.5112959592725845 off 0.4817153332361286 __DUMMY__ 0.006988707491286986	false	1.0
herzlos	neg 1.0		neg 0.5014239612162074 off 0.4917065563038535 __DUMMY__ 0.006869482479939173	false	1.0
unwissenheit	neg 1.0		neg 0.5130544769284651 off 0.4799990985708604 __DUMMY__ 0.006946424500674509	false	1.0
widersinnig	neg 1.0		neg 0.5145477535336005 off 0.4785323959641174 __DUMMY__ 0.006919850502282139	false	1.0
bedenklich	neg 1.0		neg 0.5137654318231373 off 0.4792787732812562 __DUMMY__ 0.006955794895606647	false	1.0
beanstanden	neg 1.0		neg 0.5158237623117083 off 0.47718933876397385 __DUMMY__ 0.006986898924317866	false	1.0
panisch	neg 1.0	neg 1.0	neg 0.737875757304046 off 0.2588118070318225 __DUMMY__ 0.0033124356641315426	false	1.0
debil	off 1.0		neg 0.5194086805602772 off 0.47353538041391197 __DUMMY__ 0.007055939025810753	false	0.5
abstrich	neg 1.0		neg 0.5069008762839557 off 0.48608943981872793 __DUMMY__ 0.0070096838973162205	false	1.0
primitiv	neg 1.0		neg 0.5037107563236279 off 0.48941684545028824 __DUMMY__ 0.0068723982260837976	false	1.0
abschaum	off 1.0	off 1.0	off 0.7288514295628388 neg 0.2678761716118267 __DUMMY__ 0.003272398825334537	false	1.0
provozieren	neg 1.0		neg 0.5103161419162143 off 0.4827736698835167 __DUMMY__ 0.006910188200268968	false	1.0
tot	neg 1.0		neg 0.5122200301806238 off 0.48081826952839263 __DUMMY__ 0.006961700290983575	false	1.0
instabil	neg 1.0		neg 0.5029251530678475 off 0.4902178515795053 __DUMMY__ 0.006856995352647301	false	1.0
schwuchtel	off 1.0	off 1.0	off 0.7348371791868256 neg 0.2619642591650705 __DUMMY__ 0.0031985616481038	false	1.0
zerren	neg 1.0		neg 0.5113610154645294 off 0.4816740519733626 __DUMMY__ 0.006964932562107947	false	1.0
kinderficker	off 1.0		neg 0.498365103636633 off 0.494778421188894 __DUMMY__ 0.006856475174473088	false	0.5
gefahr	neg 1.0		neg 0.5151285928512039 off 0.4778687233447142 __DUMMY__ 0.007002683804081862	false	1.0
rabiat	neg 1.0		neg 0.5092223921057273 off 0.4838290605481477 __DUMMY__ 0.006948547346124879	false	1.0
verlangsamung	neg 1.0		neg 0.5002862592579352 off 0.4929269704500872 __DUMMY__ 0.006786770291977672	false	1.0
ausgestorben	neg 1.0		neg 0.5089434603675838 off 0.48409552292398034 __DUMMY__ 0.006961016708435841	false	1.0
anklagen	neg 1.0		neg 0.5133300591971393 off 0.4797138948338902 __DUMMY__ 0.006956045968970533	false	1.0
trott	neg 1.0		neg 0.5096122724347557 off 0.48343171730055834 __DUMMY__ 0.006956010264685949	false	1.0
verminderung	neg 1.0		neg 0.5027018644298179 off 0.4904068766216499 __DUMMY__ 0.006891258948532195	false	1.0
nach			neg 0.5153948310593888 off 0.47752336108885773 __DUMMY__ 0.007081807851753477	false	0.0
rost	neg 1.0		neg 0.4984664315776478 off 0.4946900556326568 __DUMMY__ 0.006843512789695355	false	1.0
destruktiv	neg 1.0		neg 0.5107180587093658 off 0.4823498890435029 __DUMMY__ 0.006932052247131423	false	1.0
unzumutbarkeit	neg 1.0		neg 0.5031845211877386 off 0.48989988352670427 __DUMMY__ 0.006915595285557109	false	1.0
labil	off 1.0	off 1.0	off 0.7286671946600165 neg 0.2680530054142859 __DUMMY__ 0.00327979992569766	false	1.0
ziemlich	neg 1.0		neg 0.5019690352643743 off 0.4911060989485155 __DUMMY__ 0.006924865787110266	false	1.0
lachnummer	off 1.0		neg 0.5103484075599025 off 0.48272786448762217 __DUMMY__ 0.006923727952475426	false	0.5
oder			neg 0.5073058398539568 off 0.4857324500509558 __DUMMY__ 0.0069617100950872595	false	0.0
verfall	neg 1.0		neg 0.519187348967134 off 0.47379179107355396 __DUMMY__ 0.0070208599593119935	false	1.0
ausgrenzung	neg 1.0		neg 0.5087266321352477 off 0.4843477013515888 __DUMMY__ 0.006925666513163599	false	1.0
unordnung	neg 1.0		neg 0.49958247733654293 off 0.4935017244398422 __DUMMY__ 0.006915798223614859	false	1.0
fehlverhalten	neg 1.0		neg 0.5162978947785516 off 0.4767457864777532 __DUMMY__ 0.006956318743695197	false	1.0
eine			neg 0.5135817256807002 off 0.479404384513866 __DUMMY__ 0.0070138898054338695	false	0.0
nille	neg 1.0		neg 0.5094021327527042 off 0.4836351832472826 __DUMMY__ 0.006962684000013294	false	1.0
qual	neg 1.0		neg 0.5099260753896145 off 0.4831134302358502 __DUMMY__ 0.006960494374535298	false	1.0
verschwenden	neg 1.0		neg 0.5145020432132914 off 0.47854062900787414 __DUMMY__ 0.006957327778834501	false	1.0
riesig	neg 1.0		neg 0.5120187685648867 off 0.4809940287138516 __DUMMY__ 0.0069872027212616716	false	1.0
verurteilen	neg 1.0		neg 0.5142532296701374 off 0.47881709849297976 __DUMMY__ 0.006929671836882921	false	1.0
klischee	neg 1.0	neg 1.0	neg 0.7389861743899413 off 0.25773865928438816 __DUMMY__ 0.0032751663256705295	false	1.0
diktatorisch	neg 1.0		neg 0.509577235740459 off 0.48350113161650987 __DUMMY__ 0.006921632643031087	false	1.0
vorhersehbar	neg 1.0		neg 0.507668555509713 off 0.4854341303649796 __DUMMY__ 0.006897314125307558	false	1.0
sowie			neg 0.500876489644583 off 0.49229387360417054 __DUMMY__ 0.006829636751246518	false	0.0
stornieren	neg 1.0		neg 0.503610720039224 off 0.4893915962618993 __DUMMY__ 0.006997683698876699	false	1.0
besteuerung	neg 1.0		neg 0.5116028099864318 off 0.4815018522693241 __DUMMY__ 0.006895337744244148	false	1.0
ungeschminkt	neg 1.0		neg 0.505629322397954 off 0.4875252064390211 __DUMMY__ 0.00684547116302485	false	1.0
kritisch	neg 1.0		neg 0.5137292858562232 off 0.4793072629622803 __DUMMY__ 0.0069634511814965225	false	1.0
schlamperei	off 1.0		neg 0.5141519209286046 off 0.47885923326185614 __DUMMY__ 0.006988845809539196	false	0.5
sucht	neg 1.0	neg 1.0	neg 0.7376234727936263 off 0.2590354446620017 __DUMMY__ 0.0033410825443719342	false	1.0
egoistisch	off 1.0		neg 0.49924396332447146 off 0.49392069245255554 __DUMMY__ 0.0068353442229730724	false	0.5
ausbeuter	off 1.0		neg 0.5169587139291442 off 0.47609610796598995 __DUMMY__ 0.006945178104865802	false	0.5
arschgeburt	off 1.0		off 0.4985006151036895 neg 0.49476837892129666 __DUMMY__ 0.006731005975014021	false	1.0
schubs	neg 1.0		neg 0.5104708393569058 off 0.4825561468333569 __DUMMY__ 0.006973013809737214	false	1.0
unsolide	neg 1.0		neg 0.5098934966856236 off 0.48320751478164903 __DUMMY__ 0.006898988532727372	false	1.0
beschwerde	neg 1.0		neg 0.5149478287576568 off 0.4780957213800838 __DUMMY__ 0.006956449862259416	false	1.0
stocken	neg 1.0		neg 0.5143085774847044 off 0.4787137845081859 __DUMMY__ 0.006977638007109763	false	1.0
isolieren	neg 1.0		neg 0.513214932820262 off 0.47982588315434055 __DUMMY__ 0.006959184025397503	false	1.0
unheilbar	neg 1.0		neg 0.5092393511936617 off 0.4838161578104148 __DUMMY__ 0.006944490995923529	false	1.0
pisser	off 1.0		neg 0.5035391946545573 off 0.489615495710104 __DUMMY__ 0.006845309635338703	false	0.5
löschen	neg 1.0		neg 0.5093319857057985 off 0.4837145600763809 __DUMMY__ 0.006953454217820509	false	1.0
durchfallen	neg 1.0		neg 0.5139115159863247 off 0.4791453405967394 __DUMMY__ 0.006943143416935979	false	1.0
wichser	off 1.0	off 1.0	off 0.73430467387732 neg 0.262470594289873 __DUMMY__ 0.0032247318328069248	false	1.0
terror	neg 1.0		neg 0.505548147401469 off 0.4875140310973203 __DUMMY__ 0.006937821501210583	false	1.0
krass	neg 1.0		neg 0.5004610408343068 off 0.49267322302178784 __DUMMY__ 0.006865736143905461	false	1.0
revolte	neg 1.0		neg 0.5081712358876764 off 0.48490548031048514 __DUMMY__ 0.006923283801838522	false	1.0
besorgt	neg 1.0		neg 0.5084467219914369 off 0.4845446356502058 __DUMMY__ 0.0070086423583573055	false	1.0
nachlassen	neg 1.0		neg 0.5134225670359895 off 0.4795857225801911 __DUMMY__ 0.0069917103838191795	false	1.0
alt	neg 1.0		neg 0.5128492294971375 off 0.4802017833181401 __DUMMY__ 0.006948987184722395	false	1.0
hundesohn	off 1.0		neg 0.496637738714484 off 0.4965755606375539 __DUMMY__ 0.0067867006479621315	false	0.5
als			neg 0.510689769792118 off 0.48233359618566185 __DUMMY__ 0.006976634022220227	false	0.0
abschreckung	neg 1.0		neg 0.5163817393653747 off 0.47663480750441617 __DUMMY__ 0.006983453130209098	false	1.0
unqualifiziert	neg 1.0		neg 0.5069753916235731 off 0.48613582466165234 __DUMMY__ 0.006888783714774466	false	1.0
abgewichst	off 1.0		neg 0.509488399860389 off 0.48353585307284747 __DUMMY__ 0.0069757470667637074	false	0.5
schwer	neg 1.0		neg 0.5103557330454184 off 0.48269917783404837 __DUMMY__ 0.00694508912053326	false	1.0
bedeutungslosigkeit	neg 1.0		neg 0.5153179221701406 off 0.4777060440411668 __DUMMY__ 0.006976033788692589	false	1.0
kapitulation	neg 1.0		neg 0.5138524013362604 off 0.479177603103021 __DUMMY__ 0.006969995560718509	false	1.0
unscharf	neg 1.0		neg 0.5078195018190531 off 0.4852737127594591 __DUMMY__ 0.006906785421487783	false	1.0
schwinden	neg 1.0		neg 0.5159526148716355 off 0.47707463020799595 __DUMMY__ 0.006972754920368732	false	1.0
versklavung	neg 1.0		neg 0.5095719588629928 off 0.4834963787367026 __DUMMY__ 0.006931662400304643	false	1.0
schlecht	neg 1.0		neg 0.5020058297394876 off 0.49107281378987927 __DUMMY__ 0.006921356470633164	false	1.0
verhasst	neg 1.0		neg 0.510524605824076 off 0.482582232946295 __DUMMY__ 0.006893161229628986	false	1.0
beschweren	neg 1.0		neg 0.5072537745202124 off 0.48581187426085015 __DUMMY__ 0.0069343512189376354	false	1.0
scheiden	neg 1.0		neg 0.507885469528874 off 0.48514047674417077 __DUMMY__ 0.006974053726955277	false	1.0
frustriert	neg 1.0		neg 0.5118147197956 off 0.48124252272650486 __DUMMY__ 0.006942757477895236	false	1.0
schimmelig	neg 1.0		neg 0.5152049598925242 off 0.4778798920812447 __DUMMY__ 0.006915148026231083	false	1.0
fisch	neg 1.0		neg 0.5168257540430888 off 0.4762179642042012 __DUMMY__ 0.006956281752710033	false	1.0
schmuggel	neg 1.0		neg 0.5145030053201499 off 0.4785189212558229 __DUMMY__ 0.006978073424027162	false	1.0
auffallen	neg 1.0		neg 0.5063170486160511 off 0.4867529282066242 __DUMMY__ 0.00693002317732471	false	1.0
konkurrenz	neg 1.0		neg 0.5166389934032418 off 0.4763732942463127 __DUMMY__ 0.006987712350445499	false	1.0
teufelskreis	neg 1.0	neg 1.0	neg 0.741564966621597 off 0.25514715546230377 __DUMMY__ 0.0032878779160992653	false	1.0
aufschreien	neg 1.0		neg 0.5075829126347575 off 0.4855099655239662 __DUMMY__ 0.006907121841276289	false	1.0
schuldner	neg 1.0		neg 0.5177498612627385 off 0.4753019984056847 __DUMMY__ 0.006948140331576963	false	1.0
missgeburt	off 1.0	off 1.0	off 0.7314723116741877 neg 0.2652983121124492 __DUMMY__ 0.0032293762133631266	false	1.0
arbeitslos	neg 1.0		neg 0.5133263713387092 off 0.479728557247695 __DUMMY__ 0.006945071413595895	false	1.0
befallen	neg 1.0		neg 0.5136182470662494 off 0.4794626718319735 __DUMMY__ 0.00691908110177701	false	1.0
miesepetrig	off 1.0	off 1.0	off 0.7297775124699898 neg 0.2669380643546422 __DUMMY__ 0.003284423175368057	false	1.0
alarmieren	neg 1.0		neg 0.5068255048125815 off 0.4862885965445797 __DUMMY__ 0.006885898642838897	false	1.0
ungeduscht	off 1.0		neg 0.5065526302418653 off 0.48656271746525426 __DUMMY__ 0.006884652292880551	false	0.5
knappheit	neg 1.0		neg 0.5154547830243815 off 0.4776223237430052 __DUMMY__ 0.006922893232613254	false	1.0
schlange	neg 1.0		neg 0.5054018721580809 off 0.487621079709388 __DUMMY__ 0.006977048132531247	false	1.0
harsch	neg 1.0		neg 0.49801532994477987 off 0.4950962387798085 __DUMMY__ 0.006888431275411504	false	1.0
lang	neg 1.0		neg 0.5080972363104853 off 0.4849497490208346 __DUMMY__ 0.006953014668680147	false	1.0
ziellos	neg 1.0		neg 0.5115416918653883 off 0.48146558320943 __DUMMY__ 0.006992724925181727	false	1.0
selbstverliebt	neg 1.0		off 0.4979130335409158 neg 0.49531338240029427 __DUMMY__ 0.006773584058790053	false	0.5
beseitigen	neg 1.0		neg 0.5110201069092059 off 0.48202073921769456 __DUMMY__ 0.0069591538730996326	false	1.0
dumm	off 1.0		neg 0.497857202889542 off 0.4953012791632369 __DUMMY__ 0.00684151794722116	false	0.5
arbeitsloser	neg 1.0		neg 0.5111972812175554 off 0.48182020231621975 __DUMMY__ 0.006982516466224929	false	1.0
blitzen	neg 1.0		neg 0.5055502450396332 off 0.4875146816356059 __DUMMY__ 0.00693507332476101	false	1.0
hilflos	neg 1.0		neg 0.5122143650473596 off 0.4808392709786765 __DUMMY__ 0.006946363973963856	false	1.0
eklig	off 1.0		neg 0.49930027416451056 off 0.4938978150432375 __DUMMY__ 0.0068019107922519416	false	0.5
begriff			neg 0.5100454796547422 off 0.4830000549176126 __DUMMY__ 0.006954465427645162	false	0.0
hungersnot	neg 1.0		neg 0.5127772897154637 off 0.48026588171966555 __DUMMY__ 0.0069568285648707465	false	1.0
ungesetzlich	neg 1.0		neg 0.5111999092018741 off 0.48189802232239776 __DUMMY__ 0.006902068475728188	false	1.0
verschwendung	neg 1.0		neg 0.5143253201678203 off 0.4787011442185646 __DUMMY__ 0.006973535613614988	false	1.0
schmerzvoll	neg 1.0		neg 0.5081280199069738 off 0.4849447814438768 __DUMMY__ 0.006927198649149299	false	1.0
vorzeitig	neg 1.0		neg 0.5076550566164816 off 0.4854353458325298 __DUMMY__ 0.006909597550988747	false	1.0
unvollkommenheit	neg 1.0		neg 0.5097673540868647 off 0.4832207617837318 __DUMMY__ 0.007011884129403661	false	1.0
intervenieren	neg 1.0		neg 0.5154429971675162 off 0.47759676278365815 __DUMMY__ 0.006960240048825684	false	1.0
banause	off 1.0		neg 0.49767148659927973 off 0.49556181235965374 __DUMMY__ 0.006766701041066426	false	0.5
rebell	neg 1.0		neg 0.5177592262143588 off 0.47523933081886355 __DUMMY__ 0.007001442966777644	false	1.0
unlogisch	neg 1.0		neg 0.5019434774450937 off 0.49119286233942155 __DUMMY__ 0.006863660215484749	false	1.0
leiden	neg 1.0		neg 0.5133729328828318 off 0.47961622439079327 __DUMMY__ 0.007010842726374785	false	1.0
abschaffung	neg 1.0		neg 0.5094686795172074 off 0.48358985600715954 __DUMMY__ 0.006941464475633033	false	1.0
sturz	neg 1.0		neg 0.5084963499493109 off 0.48453981387387385 __DUMMY__ 0.006963836176815312	false	1.0
verkleinerung	neg 1.0		neg 0.5083378403368892 off 0.4847692688036884 __DUMMY__ 0.006892890859422177	false	1.0
schmarotzer	off 1.0		neg 0.5130405630238892 off 0.4800283581167222 __DUMMY__ 0.006931078859388565	false	0.5
bestrafung	neg 1.0		neg 0.5087139800608843 off 0.48435055246647507 __DUMMY__ 0.006935467472640628	false	1.0
achtlos	neg 1.0	neg 1.0	neg 0.7404614462157466 off 0.2562288253639473 __DUMMY__ 0.0033097284203060157	false	1.0
ungeheuer	neg 1.0		neg 0.5064738923780343 off 0.48659010226219496 __DUMMY__ 0.006936005359770847	false	1.0
