unsolidarisch	neg 1.0		neg 0.4815086432413517 off 0.4522083173531106 __DUMMY__ 0.06628303940553773	false	1.0
nachteilig	neg 1.0		neg 0.4833646206245343 off 0.4497399945919055 __DUMMY__ 0.0668953847835603	false	1.0
skeptisch	neg 1.0		neg 0.48367161377679974 off 0.4493555537151982 __DUMMY__ 0.06697283250800211	false	1.0
schrecklich	neg 1.0		neg 0.46925612842062464 off 0.46473277371930943 __DUMMY__ 0.06601109786006579	false	1.0
schlapp	neg 1.0		neg 0.47273969517058984 off 0.46092226085032545 __DUMMY__ 0.06633804397908467	false	1.0
abfall	neg 1.0		neg 0.4864133965231862 off 0.44626649054830114 __DUMMY__ 0.0673201129285125	false	1.0
widerspenstig	neg 1.0		neg 0.4781787958847395 off 0.4551582208983349 __DUMMY__ 0.0666629832169255	false	1.0
abrupt	neg 1.0		neg 0.4821008133739132 off 0.4508622291668867 __DUMMY__ 0.0670369574592001	false	1.0
unwirksam	neg 1.0		neg 0.4819841211123352 off 0.45183138113452836 __DUMMY__ 0.06618449775313655	false	1.0
angreifen	neg 1.0		neg 0.48505728334477977 off 0.448148884764422 __DUMMY__ 0.06679383189079821	false	1.0
inkonsistent	neg 1.0		neg 0.47991618456125357 off 0.45383534372818024 __DUMMY__ 0.06624847171056618	false	1.0
abrutschen	neg 1.0		neg 0.48703706689576837 off 0.44583955108865064 __DUMMY__ 0.06712338201558089	false	1.0
unsicher	neg 1.0		neg 0.47734946181563037 off 0.4557768150177357 __DUMMY__ 0.06687372316663394	false	1.0
bauernkind	off 1.0	off 1.0	off 0.7152731723252802 neg 0.25390230559365157 __DUMMY__ 0.03082452208106819	false	1.0
angreifer	neg 1.0	neg 1.0	neg 0.7242879024192316 off 0.24393162988790246 __DUMMY__ 0.0317804676928659	false	1.0
trennen	neg 1.0		neg 0.48256619423236036 off 0.4502217143208082 __DUMMY__ 0.0672120914468314	false	1.0
schmutz	neg 1.0		neg 0.47526881817817823 off 0.45789741112662496 __DUMMY__ 0.06683377069519678	false	1.0
inkonsistenz	neg 1.0		neg 0.4768825392712917 off 0.45736701885130415 __DUMMY__ 0.06575044187740425	false	1.0
erschreckend	neg 1.0		neg 0.48022229785223847 off 0.4531842964005436 __DUMMY__ 0.06659340574721799	false	1.0
ertrinken	neg 1.0		neg 0.4842171755646757 off 0.44896180769683064 __DUMMY__ 0.06682101673849367	false	1.0
pickelface	off 1.0		neg 0.4795230326428542 off 0.45373746803704956 __DUMMY__ 0.06673949932009635	false	0.5
seiner			neg 0.4831705168232384 off 0.4498461130676677 __DUMMY__ 0.066983370109094	false	0.0
lauch	neg 1.0		neg 0.48565417129517513 off 0.4471241059673906 __DUMMY__ 0.06722172273743418	false	1.0
unwichtig	neg 1.0		neg 0.4748441509421833 off 0.4590151005395518 __DUMMY__ 0.06614074851826497	false	1.0
steuerhinterziehung	neg 1.0	neg 1.0	neg 0.7277818217245009 off 0.24046818598603972 __DUMMY__ 0.03174999228945935	false	1.0
schock	neg 1.0		neg 0.4795437977283467 off 0.4537253713020765 __DUMMY__ 0.06673083096957676	false	1.0
beule	neg 1.0		neg 0.473375033716819 off 0.4605879816430626 __DUMMY__ 0.06603698464011833	false	1.0
vergelten	neg 1.0		neg 0.46867931587365086 off 0.4649429588232883 __DUMMY__ 0.06637772530306087	false	1.0
verdorbenheit	neg 1.0		neg 0.4750678785785924 off 0.4578889521361139 __DUMMY__ 0.06704316928529379	false	1.0
trauma	neg 1.0		neg 0.47786481573094564 off 0.45555707078090996 __DUMMY__ 0.06657811348814444	false	1.0
sinnlos	neg 1.0		neg 0.476433637948011 off 0.4570598436801449 __DUMMY__ 0.066506518371844	false	1.0
fettsack	off 1.0	off 1.0	off 0.7168789941280764 neg 0.25215454714804947 __DUMMY__ 0.030966458723874126	false	1.0
feige	off 1.0	off 1.0	off 0.7144789702143901 neg 0.25417696778155324 __DUMMY__ 0.03134406200405671	false	1.0
abdanken	neg 1.0		neg 0.48033262631822765 off 0.4530832030135959 __DUMMY__ 0.06658417066817647	false	1.0
wichtigtuer	off 1.0	off 1.0	off 0.7136527056414147 neg 0.2548054798378285 __DUMMY__ 0.031541814520756724	false	1.0
misslingen	neg 1.0		neg 0.4729128915354332 off 0.45968800251568853 __DUMMY__ 0.06739910594887825	false	1.0
untreu	off 1.0		neg 0.47397020813017415 off 0.45986874930746213 __DUMMY__ 0.06616104256236365	false	0.5
missmutig	neg 1.0		neg 0.47374975279525217 off 0.4599036260973051 __DUMMY__ 0.06634662110744267	false	1.0
hurenbock	off 1.0		neg 0.4761877072267256 off 0.4572095475200747 __DUMMY__ 0.06660274525319979	false	0.5
betrunken	neg 1.0		neg 0.4714409470489262 off 0.462389540901293 __DUMMY__ 0.06616951204978083	false	1.0
korrupt	off 1.0		neg 0.48432036221996866 off 0.4493255888522891 __DUMMY__ 0.06635404892774234	false	0.5
unmut	neg 1.0		neg 0.48620725544163906 off 0.44656208816423343 __DUMMY__ 0.06723065639412736	false	1.0
hackfresse	off 1.0		off 0.46735485502886775 neg 0.46709655612586565 __DUMMY__ 0.06554858884526658	false	1.0
aufblasen	neg 1.0		neg 0.4763588436606884 off 0.45704482035670546 __DUMMY__ 0.06659633598260606	false	1.0
gewaltsam	neg 1.0		neg 0.4802411191107571 off 0.4530026345784195 __DUMMY__ 0.06675624631082337	false	1.0
unbeliebtheit	neg 1.0		neg 0.47789622914815455 off 0.4562115665203646 __DUMMY__ 0.06589220433148085	false	1.0
sturheit	neg 1.0		neg 0.4815484096325093 off 0.45191435340202674 __DUMMY__ 0.06653723696546397	false	1.0
kuh	neg 1.0		neg 0.4803592346353398 off 0.45381501790767903 __DUMMY__ 0.06582574745698117	false	1.0
erschrecken	neg 1.0		neg 0.47362126634844887 off 0.45993689715428515 __DUMMY__ 0.06644183649726601	false	1.0
opfer	neg 1.0		neg 0.482324617083489 off 0.45079525217842753 __DUMMY__ 0.06688013073808355	false	1.0
sinken	neg 1.0		neg 0.4859496227530078 off 0.4469153279583367 __DUMMY__ 0.06713504928865541	false	1.0
stinktier	neg 1.0		neg 0.47457670612708885 off 0.46036931839142653 __DUMMY__ 0.06505397548148469	false	1.0
tucke	off 1.0		neg 0.4682344577489948 off 0.4666352654337512 __DUMMY__ 0.06513027681725385	false	0.5
ein			neg 0.4774683900421673 off 0.45594381893515756 __DUMMY__ 0.06658779102267516	false	0.0
abstieg	neg 1.0		neg 0.48413573299216944 off 0.44901875084489246 __DUMMY__ 0.06684551616293812	false	1.0
missverstehen	neg 1.0		neg 0.4772290332933911 off 0.45657024664413254 __DUMMY__ 0.06620072006247643	false	1.0
ergebnislos	neg 1.0		neg 0.4830201508805065 off 0.4499097959356999 __DUMMY__ 0.06707005318379375	false	1.0
unter			neg 0.4883609318331984 off 0.44370989405290234 __DUMMY__ 0.06792917411389927	false	0.0
manipulieren	neg 1.0		neg 0.4839991180030781 off 0.44898281915269905 __DUMMY__ 0.06701806284422297	false	1.0
unbewiesen	neg 1.0		neg 0.4822636066916334 off 0.4515604404881589 __DUMMY__ 0.06617595282020777	false	1.0
verschleppen	neg 1.0		neg 0.4832540103917581 off 0.4500661018508569 __DUMMY__ 0.06667988775738502	false	1.0
weib	off 1.0		neg 0.47029427010331726 off 0.4647799876274281 __DUMMY__ 0.0649257422692547	false	0.5
opposition	neg 1.0		neg 0.4785576264358997 off 0.45511986277106586 __DUMMY__ 0.06632251079303439	false	1.0
verkehrswidrig	neg 1.0		off 0.46709917081380314 neg 0.4664406520510066 __DUMMY__ 0.06646017713519042	false	0.5
inkorrekt	neg 1.0		neg 0.4723053274335622 off 0.46196929715637736 __DUMMY__ 0.06572537541006036	false	1.0
vermeiden	neg 1.0	neg 1.0	neg 0.7293659085072156 off 0.2383484671563741 __DUMMY__ 0.03228562433641043	false	1.0
abweichung	neg 1.0		neg 0.4821642375636461 off 0.45092925210763984 __DUMMY__ 0.06690651032871409	false	1.0
alkoholisiert	neg 1.0		neg 0.48129367205499524 off 0.45151115178103923 __DUMMY__ 0.06719517616396545	false	1.0
scheiss	off 1.0	off 1.0	off 0.7156628196038171 neg 0.2528790408591578 __DUMMY__ 0.031458139537025157	false	1.0
herausforderung	neg 1.0		neg 0.48292954774355695 off 0.4499853766274186 __DUMMY__ 0.06708507562902433	false	1.0
pervers	off 1.0		off 0.46995577608769434 neg 0.4649058694938541 __DUMMY__ 0.06513835441845157	false	1.0
wackelig	neg 1.0		neg 0.47751966816228486 off 0.4552340650203007 __DUMMY__ 0.06724626681741444	false	1.0
verwickeln	neg 1.0		neg 0.4777983146835279 off 0.4559640283271183 __DUMMY__ 0.06623765698935377	false	1.0
vorwand	neg 1.0		neg 0.48465141512622933 off 0.4484051816333403 __DUMMY__ 0.06694340324043023	false	1.0
muschi	off 1.0		neg 0.47941840729429347 off 0.4538548111733205 __DUMMY__ 0.06672678153238594	false	0.5
entmutigung	neg 1.0		neg 0.47881884045368595 off 0.4547832288174937 __DUMMY__ 0.06639793072882026	false	1.0
unangemessen	neg 1.0		neg 0.4822332870717007 off 0.45129255107666744 __DUMMY__ 0.06647416185163187	false	1.0
unstetig	neg 1.0		neg 0.4753623394440953 off 0.45809285326679045 __DUMMY__ 0.0665448072891143	false	1.0
entmutigen	neg 1.0		neg 0.4779419602608641 off 0.4555026764578294 __DUMMY__ 0.06655536328130657	false	1.0
schwanz	neg 1.0		neg 0.48205981406405424 off 0.4510780682068922 __DUMMY__ 0.06686211772905351	false	1.0
verbot	neg 1.0		neg 0.48287846687999875 off 0.4504581974225231 __DUMMY__ 0.06666333569747827	false	1.0
leid	neg 1.0		neg 0.46912575314427574 off 0.46520268949867616 __DUMMY__ 0.06567155735704808	false	1.0
archaisch	neg 1.0		neg 0.4807511286009201 off 0.4526077055272586 __DUMMY__ 0.06664116587182134	false	1.0
gegen			neg 0.485397145469167 off 0.44739230052024404 __DUMMY__ 0.06721055401058905	false	0.0
scheidung	neg 1.0		off 0.4767708001514665 neg 0.45791107269785286 __DUMMY__ 0.0653181271506805	false	0.5
einschlag	neg 1.0		neg 0.47108374041554363 off 0.4628974492861064 __DUMMY__ 0.06601881029835002	false	1.0
m			neg 0.47994065814458664 off 0.45308664304940266 __DUMMY__ 0.06697269880601052	false	0.0
abgestanden	neg 1.0		neg 0.47920502459211384 off 0.45440615444394716 __DUMMY__ 0.06638882096393892	false	1.0
schmierig	off 1.0		neg 0.4690653525129602 off 0.4650851885861898 __DUMMY__ 0.06584945890084996	false	0.5
unpraktisch	neg 1.0		neg 0.47659434681629115 off 0.45680492377346904 __DUMMY__ 0.06660072941023984	false	1.0
wixxer	off 1.0		off 0.4688522777672474 neg 0.4662504911191481 __DUMMY__ 0.06489723111360444	false	1.0
bezeichnet			neg 0.4808019192632342 off 0.4528754847259257 __DUMMY__ 0.06632259601084008	false	0.0
jammerlappen	off 1.0		neg 0.4732762485210971 off 0.4603519811600469 __DUMMY__ 0.066371770318856	false	0.5
farce	neg 1.0		neg 0.48281802020195796 off 0.4507281666124327 __DUMMY__ 0.06645381318560939	false	1.0
zwecklos	neg 1.0		neg 0.48217548110265185 off 0.45126221911105463 __DUMMY__ 0.06656229978629358	false	1.0
turbulent	neg 1.0		neg 0.4750790228683285 off 0.4591470715213312 __DUMMY__ 0.06577390561034041	false	1.0
invasion	neg 1.0		neg 0.4768969376872566 off 0.45662850886295303 __DUMMY__ 0.0664745534497905	false	1.0
schuld	neg 1.0		neg 0.4790324219489954 off 0.45460754470690956 __DUMMY__ 0.06636003334409497	false	1.0
risiko	neg 1.0	neg 1.0	neg 0.7242852558635712 off 0.24385393360719296 __DUMMY__ 0.03186081052923596	false	1.0
finster	neg 1.0		neg 0.478698338416498 off 0.4549872413528696 __DUMMY__ 0.06631442023063253	false	1.0
geisteskrank	off 1.0		neg 0.4746990762914568 off 0.45953916194802774 __DUMMY__ 0.06576176176051549	false	0.5
zusammenbrechen	neg 1.0		neg 0.48054374526801596 off 0.4526795474491684 __DUMMY__ 0.06677670728281551	false	1.0
ausbeute	neg 1.0		neg 0.47554763849616605 off 0.4566041522223525 __DUMMY__ 0.06784820928148144	false	1.0
hinterhalt	neg 1.0		neg 0.47679713346409636 off 0.4559011163276812 __DUMMY__ 0.0673017502082225	false	1.0
kritik	neg 1.0		neg 0.4833250323364183 off 0.4502521696504097 __DUMMY__ 0.06642279801317202	false	1.0
einschrumpfen	neg 1.0		neg 0.47626793571549464 off 0.45760183833190365 __DUMMY__ 0.06613022595260167	false	1.0
riskant	neg 1.0		neg 0.484083706134847 off 0.44912699050033095 __DUMMY__ 0.06678930336482206	false	1.0
frustrieren	neg 1.0		neg 0.48265435681711066 off 0.45053797672239637 __DUMMY__ 0.06680766646049296	false	1.0
groll	neg 1.0		neg 0.4828614691216624 off 0.45057672062208165 __DUMMY__ 0.06656181025625595	false	1.0
gibt			neg 0.47987028146798516 off 0.45326791803032107 __DUMMY__ 0.06686180050169375	false	0.0
qualvoll	neg 1.0		neg 0.4756909395622505 off 0.4578980394615634 __DUMMY__ 0.06641102097618613	false	1.0
wackeln	neg 1.0		neg 0.47643515221130023 off 0.4567630929879736 __DUMMY__ 0.06680175480072624	false	1.0
klagen	neg 1.0		neg 0.48632760312996676 off 0.4466213226911387 __DUMMY__ 0.06705107417889446	false	1.0
bankrott	neg 1.0		neg 0.4731172766187233 off 0.46035933124060935 __DUMMY__ 0.06652339214066731	false	1.0
trauern	neg 1.0		neg 0.4818702350791755 off 0.45108317026663536 __DUMMY__ 0.06704659465418929	false	1.0
ablehnung	neg 1.0		neg 0.4829793450180314 off 0.45049215890525746 __DUMMY__ 0.06652849607671109	false	1.0
stur	neg 1.0		neg 0.47848069992648096 off 0.45512162586120913 __DUMMY__ 0.06639767421230992	false	1.0
aufruhr	neg 1.0		neg 0.4805283993968992 off 0.4528353643097082 __DUMMY__ 0.06663623629339246	false	1.0
melancholie	neg 1.0		neg 0.48217989583531956 off 0.45103064736204684 __DUMMY__ 0.06678945680263358	false	1.0
ist			neg 0.4765608944831031 off 0.4569022843531159 __DUMMY__ 0.06653682116378085	false	0.0
torheit	neg 1.0		neg 0.47901051753798873 off 0.4544479429103382 __DUMMY__ 0.06654153955167316	false	1.0
dreckskind	off 1.0		neg 0.4707509180055397 off 0.4640178739097393 __DUMMY__ 0.06523120808472103	false	0.5
umtauschen	neg 1.0		neg 0.47823221655009573 off 0.4550134202159802 __DUMMY__ 0.06675436323392393	false	1.0
zum			neg 0.4836757153243645 off 0.4484052418773845 __DUMMY__ 0.06791904279825095	false	0.0
zersetzen	neg 1.0		neg 0.48545050276761587 off 0.4477863677862813 __DUMMY__ 0.06676312944610295	false	1.0
zur			neg 0.48623055707662255 off 0.44608025387019795 __DUMMY__ 0.06768918905317944	false	0.0
frust	neg 1.0		neg 0.4804480714818725 off 0.4527510555781384 __DUMMY__ 0.06680087293998901	false	1.0
unerbittlichkeit	neg 1.0		neg 0.48479403274277066 off 0.4483354093161395 __DUMMY__ 0.06687055794108993	false	1.0
zwei			neg 0.48297412824409564 off 0.4492440533059335 __DUMMY__ 0.06778181844997096	false	0.0
unkorrekt	neg 1.0		neg 0.4708192999168703 off 0.4631674221952548 __DUMMY__ 0.0660132778878748	false	1.0
hexe	off 1.0		neg 0.4775603796449518 off 0.45678265349877256 __DUMMY__ 0.0656569668562756	false	0.5
lasch	neg 1.0		neg 0.4767125691652785 off 0.457211017303108 __DUMMY__ 0.06607641353161342	false	1.0
rivale	neg 1.0		neg 0.4725959924422968 off 0.46145243158791754 __DUMMY__ 0.06595157596978572	false	1.0
mutlos	off 1.0	off 1.0	off 0.7094987292594396 neg 0.2587248447384849 __DUMMY__ 0.03177642600207543	false	1.0
wirr	off 1.0		neg 0.4722175654411207 off 0.462148981719602 __DUMMY__ 0.0656334528392773	false	0.5
jahr			neg 0.47788926628527445 off 0.4541227036030806 __DUMMY__ 0.06798803011164499	false	0.0
wird			neg 0.4817065718975429 off 0.4514639448178483 __DUMMY__ 0.06682948328460883	false	0.0
strafbar	neg 1.0		neg 0.4830418626505434 off 0.45011105995467343 __DUMMY__ 0.06684707739478303	false	1.0
erosion	neg 1.0		neg 0.477115344729 off 0.45601091220180523 __DUMMY__ 0.06687374306919477	false	1.0
eingehen	neg 1.0		neg 0.4833743020023879 off 0.4498727058994398 __DUMMY__ 0.06675299209817225	false	1.0
faul	off 1.0		neg 0.47360683601806264 off 0.45994765562211987 __DUMMY__ 0.06644550835981747	false	0.5
provisorium	neg 1.0		neg 0.4860235290974443 off 0.44583471543131314 __DUMMY__ 0.0681417554712424	false	1.0
schmerzen	neg 1.0		neg 0.4810195144297982 off 0.45248696005216216 __DUMMY__ 0.06649352551803968	false	1.0
schrumpfen	neg 1.0		neg 0.48882270196572714 off 0.44395119428232793 __DUMMY__ 0.06722610375194482	false	1.0
geistlos	off 1.0		neg 0.478837125022355 off 0.4551429373170661 __DUMMY__ 0.06601993766057888	false	0.5
fehlkauf	neg 1.0		neg 0.4771077138217652 off 0.45640170270318065 __DUMMY__ 0.06649058347505413	false	1.0
frustrierend	neg 1.0		neg 0.474492896675606 off 0.4591073536532102 __DUMMY__ 0.06639974967118377	false	1.0
unzufrieden	neg 1.0		neg 0.48224775558334465 off 0.4511360831062862 __DUMMY__ 0.06661616131036911	false	1.0
verzweifeln	neg 1.0		neg 0.47998299126023 off 0.4533475936233608 __DUMMY__ 0.06666941511640935	false	1.0
verzweifelt	neg 1.0	neg 1.0	neg 0.7260923117299797 off 0.2423650394139633 __DUMMY__ 0.031542648856057	false	1.0
misstrauensantrag	neg 1.0		neg 0.4765704862768363 off 0.4569500941288186 __DUMMY__ 0.06647941959434504	false	1.0
abfallen	neg 1.0		neg 0.47640737378822035 off 0.4568125935503378 __DUMMY__ 0.0667800326614419	false	1.0
fucker	off 1.0		neg 0.4708895789312904 off 0.4629970917894164 __DUMMY__ 0.06611332927929323	false	0.5
ungezogen	neg 1.0		off 0.46912514119607907 neg 0.4656494278314875 __DUMMY__ 0.06522543097243345	false	0.5
irrsinnig	neg 1.0	neg 1.0	neg 0.7256581603684219 off 0.24273160519333528 __DUMMY__ 0.03161023443824286	false	1.0
unfassbar	neg 1.0		neg 0.4721489809260932 off 0.46157158736180093 __DUMMY__ 0.06627943171210585	false	1.0
hart	neg 1.0		neg 0.47394202474293107 off 0.4599560743113962 __DUMMY__ 0.06610190094567273	false	1.0
widerlich	off 1.0		neg 0.4735143957879266 off 0.46055061487652854 __DUMMY__ 0.06593498933554494	false	0.5
fatal	neg 1.0		neg 0.47661622960460404 off 0.4569270580127814 __DUMMY__ 0.06645671238261452	false	1.0
bruch	neg 1.0		neg 0.48560354632366487 off 0.44731190096374845 __DUMMY__ 0.06708455271258659	false	1.0
aushungern	neg 1.0		neg 0.4809871770127719 off 0.4522524297126876 __DUMMY__ 0.06676039327454052	false	1.0
anspannung	neg 1.0		neg 0.4857429098030778 off 0.4466371390145566 __DUMMY__ 0.06761995118236565	false	1.0
von			neg 0.4769786400868322 off 0.4548932330563258 __DUMMY__ 0.06812812685684198	false	0.0
kraftlos	neg 1.0		neg 0.4805919849979786 off 0.4525304162923129 __DUMMY__ 0.06687759870970855	false	1.0
vom			neg 0.4849404530438575 off 0.4468578008444692 __DUMMY__ 0.06820174611167319	false	0.0
grenzdebil	off 1.0		neg 0.4717772934030371 off 0.461965037277027 __DUMMY__ 0.0662576693199359	false	0.5
vor			neg 0.4830980849474214 off 0.4495865042406136 __DUMMY__ 0.06731541081196506	false	0.0
unterwerfen	neg 1.0		neg 0.4829818560491581 off 0.45022493793537965 __DUMMY__ 0.06679320601546221	false	1.0
versenkung	neg 1.0		neg 0.48081108557356805 off 0.4520893136639964 __DUMMY__ 0.06709960076243555	false	1.0
entziehen	neg 1.0		neg 0.48518934401819946 off 0.4477047541620666 __DUMMY__ 0.06710590181973389	false	1.0
finanzkrise	neg 1.0		neg 0.48286083104935157 off 0.45085036434819165 __DUMMY__ 0.06628880460245681	false	1.0
schimpfend	neg 1.0		neg 0.4768598006702876 off 0.4566820312842591 __DUMMY__ 0.06645816804545322	false	1.0
profan	neg 1.0		neg 0.47665671652287206 off 0.45700632249641965 __DUMMY__ 0.06633696098070838	false	1.0
korruption	neg 1.0		neg 0.4835648534280167 off 0.44982311304572875 __DUMMY__ 0.06661203352625467	false	1.0
â			neg 0.480173628908991 off 0.45277404851768416 __DUMMY__ 0.06705232257332484	false	0.0
schmutzig	neg 1.0		neg 0.4712362368094422 off 0.4625139273731647 __DUMMY__ 0.06624983581739304	false	1.0
sexy	neg 1.0		neg 0.474250324478912 off 0.4592372882124322 __DUMMY__ 0.06651238730865561	false	1.0
abraten	neg 1.0		neg 0.47558563866299874 off 0.457780865559557 __DUMMY__ 0.0666334957774442	false	1.0
schwarz	neg 1.0		neg 0.477496857768709 off 0.4560284082322606 __DUMMY__ 0.06647473399903052	false	1.0
fotze	off 1.0	off 1.0	off 0.7115598680111185 neg 0.25655285192407296 __DUMMY__ 0.03188728006480854	false	1.0
verwirren	neg 1.0		neg 0.4758231170681047 off 0.4578025816126206 __DUMMY__ 0.06637430131927466	false	1.0
zahnlos	off 1.0		neg 0.48115888928800526 off 0.4522274320796741 __DUMMY__ 0.06661367863232051	false	0.5
verheeren	neg 1.0		off 0.4705864605262052 neg 0.4642108688772077 __DUMMY__ 0.06520267059658721	false	0.5
hippie	neg 1.0		neg 0.47486675274127665 off 0.45863178267825744 __DUMMY__ 0.06650146458046585	false	1.0
rammen	neg 1.0		neg 0.48081172677555784 off 0.4531911003183043 __DUMMY__ 0.06599717290613794	false	1.0
unlauter	neg 1.0		neg 0.47996932314940977 off 0.4537937203365546 __DUMMY__ 0.06623695651403573	false	1.0
unheilvoll	neg 1.0		neg 0.4772772134790322 off 0.45628542603035005 __DUMMY__ 0.06643736049061777	false	1.0
niedrig	neg 1.0		neg 0.485067642734344 off 0.44824013415622516 __DUMMY__ 0.06669222310943082	false	1.0
explosion	neg 1.0		neg 0.4757242548025575 off 0.4578065729826657 __DUMMY__ 0.06646917221477677	false	1.0
weichei	off 1.0	off 1.0	off 0.7183059638267141 neg 0.25051968891753074 __DUMMY__ 0.031174347255755193	false	1.0
minusmensch	off 1.0		neg 0.47010161212778245 off 0.4650260066159422 __DUMMY__ 0.06487238125627547	false	0.5
farblos	neg 1.0		neg 0.47884216739067953 off 0.4544753581460324 __DUMMY__ 0.06668247446328805	false	1.0
unwissend	neg 1.0	neg 1.0	neg 0.7233415024513741 off 0.2451706403839823 __DUMMY__ 0.03148785716464361	false	1.0
traurig	neg 1.0		neg 0.4695761020027245 off 0.4642957574286747 __DUMMY__ 0.06612814056860089	false	1.0
senkung	neg 1.0		neg 0.47813629409953806 off 0.45573899394508377 __DUMMY__ 0.06612471195537808	false	1.0
ungleich	neg 1.0	neg 1.0	neg 0.7286249819765911 off 0.2395222175978865 __DUMMY__ 0.031852800425522326	false	1.0
heikel	neg 1.0		neg 0.48389158951686934 off 0.4492893886989561 __DUMMY__ 0.06681902178417455	false	1.0
drosselung	neg 1.0		neg 0.4730629141702371 off 0.46084368332932296 __DUMMY__ 0.06609340250043985	false	1.0
falsch	neg 1.0		neg 0.47480263266176254 off 0.4588949717277492 __DUMMY__ 0.06630239561048829	false	1.0
unzufriedenheit	neg 1.0		neg 0.48504712934335825 off 0.4479747339818103 __DUMMY__ 0.06697813667483135	false	1.0
kurz	neg 1.0		neg 0.4776135319631369 off 0.4552670602405517 __DUMMY__ 0.06711940779631143	false	1.0
unsinnig	neg 1.0		neg 0.48104546298327205 off 0.4523826688188831 __DUMMY__ 0.06657186819784476	false	1.0
penner	off 1.0	off 1.0	off 0.7191697046038263 neg 0.2497012597450135 __DUMMY__ 0.03112903565116019	false	1.0
seicht	neg 1.0		off 0.4684523885930757 neg 0.466311129651502 __DUMMY__ 0.06523648175542245	false	0.5
dummheit	off 1.0	off 1.0	off 0.7134224835829291 neg 0.25511434373265274 __DUMMY__ 0.03146317268441807	false	1.0
unerfreulich	neg 1.0		neg 0.4835365921974792 off 0.4494189952976503 __DUMMY__ 0.06704441250487046	false	1.0
motherfucker	off 1.0	off 1.0	off 0.7164977951597177 neg 0.2520579727729592 __DUMMY__ 0.031444232067323045	false	1.0
pikiert	neg 1.0		neg 0.4745717672061423 off 0.4594756103309187 __DUMMY__ 0.06595262246293897	false	1.0
wrack	neg 1.0		neg 0.4800722861870865 off 0.4530116860789046 __DUMMY__ 0.06691602773400898	false	1.0
gangster	neg 1.0		neg 0.47499329668665036 off 0.4585371324757015 __DUMMY__ 0.06646957083764832	false	1.0
krank	neg 1.0		neg 0.47125851740415253 off 0.46241759792013276 __DUMMY__ 0.06632388467571476	false	1.0
reich	neg 1.0		neg 0.472830252884991 off 0.46080690152563153 __DUMMY__ 0.06636284558937766	false	1.0
gnadenlos	neg 1.0		neg 0.4788251195439413 off 0.45479460169389063 __DUMMY__ 0.06638027876216822	false	1.0
niedergeschlagen	neg 1.0		neg 0.4794410467713866 off 0.4537254649037558 __DUMMY__ 0.06683348832485766	false	1.0
terrorisieren	off 1.0	off 1.0	off 0.7104967366501924 neg 0.25758393625212245 __DUMMY__ 0.03191932709768523	false	1.0
sinnlosigkeit	neg 1.0		neg 0.481492831680274 off 0.45184129199248957 __DUMMY__ 0.06666587632723653	false	1.0
behindern	neg 1.0		neg 0.4794551613578399 off 0.4538517314187536 __DUMMY__ 0.06669310722340664	false	1.0
undemokratisch	neg 1.0		neg 0.47866990315755237 off 0.4548646931373851 __DUMMY__ 0.06646540370506253	false	1.0
wirtschaftskrise	neg 1.0		neg 0.48445883182301197 off 0.4490251085218561 __DUMMY__ 0.06651605965513177	false	1.0
neid	neg 1.0		neg 0.4724612318416915 off 0.4608727220529582 __DUMMY__ 0.06666604610535043	false	1.0
rutschen	neg 1.0		neg 0.48342403022402225 off 0.44882881921571804 __DUMMY__ 0.06774715056025975	false	1.0
rezession	neg 1.0		neg 0.4753048681301174 off 0.4594701147213675 __DUMMY__ 0.06522501714851504	false	1.0
fehlgeburt	neg 1.0		neg 0.4755313515596867 off 0.45776325733541745 __DUMMY__ 0.06670539110489591	false	1.0
charakterschwach	off 1.0		neg 0.4736352107773076 off 0.4604036115030234 __DUMMY__ 0.06596117771966906	false	0.5
isolation	neg 1.0		neg 0.47468188740684925 off 0.458889046930843 __DUMMY__ 0.06642906566230768	false	1.0
ablenkung	neg 1.0		neg 0.4773684871768978 off 0.4558169404603912 __DUMMY__ 0.06681457236271102	false	1.0
pech	neg 1.0		neg 0.47450244203229525 off 0.45909655438687047 __DUMMY__ 0.06640100358083421	false	1.0
vermeidung	neg 1.0		neg 0.4725271599021387 off 0.46132456961567375 __DUMMY__ 0.06614827048218756	false	1.0
dominieren	neg 1.0		neg 0.4832549902752345 off 0.44994390931102846 __DUMMY__ 0.0668011004137371	false	1.0
schwindlig	neg 1.0		neg 0.47515244483485536 off 0.4581998539660823 __DUMMY__ 0.0666477011990624	false	1.0
lutscher	neg 1.0	neg 1.0	neg 0.7185092216386192 off 0.25046053544710933 __DUMMY__ 0.031030242914271495	false	1.0
pflicht	neg 1.0		neg 0.4849473378796854 off 0.44813272982997954 __DUMMY__ 0.06691993229033517	false	1.0
faschist	off 1.0		neg 0.4757702028239549 off 0.45787155652277955 __DUMMY__ 0.06635824065326575	false	0.5
verschleudern	neg 1.0		neg 0.48450874172342956 off 0.4487318792323139 __DUMMY__ 0.06675937904425659	false	1.0
wenn			neg 0.47475031047870037 off 0.4589613286279384 __DUMMY__ 0.06628836089336104	false	0.0
ehebruch	neg 1.0		neg 0.48255734174576337 off 0.4506781081095286 __DUMMY__ 0.06676455014470811	false	1.0
spott	off 1.0		neg 0.48366017414383733 off 0.4496342090158941 __DUMMY__ 0.06670561684026839	false	0.5
trostlosigkeit	neg 1.0		neg 0.48502290077510546 off 0.44793927010477713 __DUMMY__ 0.0670378291201174	false	1.0
lutschen	neg 1.0		neg 0.4768602077190202 off 0.45704116275730544 __DUMMY__ 0.06609862952367437	false	1.0
undiszipliniert	neg 1.0		neg 0.4710235891126825 off 0.4629567312071009 __DUMMY__ 0.06601967968021652	false	1.0
kopfschmerz	neg 1.0		neg 0.4826035682278826 off 0.4509176164261643 __DUMMY__ 0.06647881534595321	false	1.0
unvorhergesehen	neg 1.0		neg 0.4800371785832482 off 0.45252845540422976 __DUMMY__ 0.06743436601252209	false	1.0
desinteressiert	neg 1.0	neg 1.0	neg 0.7221293002334647 off 0.24647064366378663 __DUMMY__ 0.03140005610274873	false	1.0
armselig	off 1.0		neg 0.4721666470469875 off 0.462113037187702 __DUMMY__ 0.06572031576531043	false	0.5
desaster	neg 1.0		neg 0.486370716395859 off 0.4465308272950583 __DUMMY__ 0.06709845630908261	false	1.0
tod	neg 1.0		neg 0.48039805117316847 off 0.45257944445244874 __DUMMY__ 0.0670225043743827	false	1.0
herzlos	neg 1.0		neg 0.47113165365922655 off 0.46298388306164323 __DUMMY__ 0.06588446327913007	false	1.0
unwissenheit	neg 1.0		neg 0.48232363788168425 off 0.4510596252036566 __DUMMY__ 0.06661673691465911	false	1.0
widersinnig	neg 1.0		neg 0.48391876727297695 off 0.4497171696181434 __DUMMY__ 0.06636406310887973	false	1.0
bedenklich	neg 1.0		neg 0.4829903015490769 off 0.45030420734597043 __DUMMY__ 0.06670549110495273	false	1.0
beanstanden	neg 1.0		neg 0.4848924675833003 off 0.44810539493812135 __DUMMY__ 0.0670021374785783	false	1.0
panisch	neg 1.0	neg 1.0	neg 0.7232026195673171 off 0.24495832464847864 __DUMMY__ 0.03183905578420426	false	1.0
debil	off 1.0		neg 0.48815611945372256 off 0.4441830629281836 __DUMMY__ 0.06766081761809388	false	0.5
abstrich	neg 1.0		neg 0.4759607889454988 off 0.456815120830808 __DUMMY__ 0.06722409022369319	false	1.0
primitiv	neg 1.0		neg 0.47338516032007005 off 0.4607029023052948 __DUMMY__ 0.06591193737463517	false	1.0
abschaum	off 1.0	off 1.0	off 0.7151708792957878 neg 0.2533741431957948 __DUMMY__ 0.03145497750841731	false	1.0
provozieren	neg 1.0		neg 0.47977059788825466 off 0.4539582431528696 __DUMMY__ 0.06627115895887581	false	1.0
tot	neg 1.0		neg 0.48144145066474037 off 0.45179296073189035 __DUMMY__ 0.06676558860336916	false	1.0
instabil	neg 1.0		neg 0.47267475426081146 off 0.4615576263371767 __DUMMY__ 0.06576761940201188	false	1.0
schwuchtel	off 1.0	off 1.0	off 0.7214521839510595 neg 0.2478001345903289 __DUMMY__ 0.030747681458611533	false	1.0
zerren	neg 1.0		neg 0.4805675909361308 off 0.4526396715604242 __DUMMY__ 0.06679273750344507	false	1.0
kinderficker	off 1.0		neg 0.46814251151768477 off 0.46609596546512944 __DUMMY__ 0.06576152301718571	false	0.5
gefahr	neg 1.0		neg 0.484128525187478 off 0.4487182086301671 __DUMMY__ 0.06715326618235504	false	1.0
rabiat	neg 1.0		neg 0.4785157965152251 off 0.45484712579976844 __DUMMY__ 0.06663707768500639	false	1.0
verlangsamung	neg 1.0		neg 0.4703603379366552 off 0.46454133008216936 __DUMMY__ 0.06509833198117543	false	1.0
ausgestorben	neg 1.0		neg 0.4781853699685744 off 0.4550589386844118 __DUMMY__ 0.06675569134701369	false	1.0
anklagen	neg 1.0		neg 0.48255250798849497 off 0.45073806309238573 __DUMMY__ 0.06670942891911931	false	1.0
trott	neg 1.0		neg 0.4788768101640436 off 0.45441574664830614 __DUMMY__ 0.06670744318765025	false	1.0
verminderung	neg 1.0		neg 0.4723099054639335 off 0.4615974644049617 __DUMMY__ 0.0660926301311049	false	1.0
nach			neg 0.48405787717224114 off 0.44803548794717374 __DUMMY__ 0.06790663488058514	false	0.0
rost	neg 1.0		neg 0.4683090656270965 off 0.46605149618294034 __DUMMY__ 0.06563943818996329	false	1.0
destruktiv	neg 1.0		neg 0.48006963212008114 off 0.4534504470097185 __DUMMY__ 0.06647992087020045	false	1.0
unzumutbarkeit	neg 1.0		neg 0.47267317866582975 off 0.461001693224484 __DUMMY__ 0.06632512810968619	false	1.0
labil	off 1.0	off 1.0	off 0.714954872659079 neg 0.25351928909825616 __DUMMY__ 0.031525838242664785	false	1.0
ziemlich	neg 1.0		neg 0.47142852088275267 off 0.46215953773216406 __DUMMY__ 0.06641194138508331	false	1.0
lachnummer	off 1.0		neg 0.47973641186102817 off 0.4538634212846354 __DUMMY__ 0.06640016685433653	false	0.5
oder			neg 0.4765638187916795 off 0.45667353559308976 __DUMMY__ 0.06676264561523057	false	0.0
verfall	neg 1.0		neg 0.4880814279308146 off 0.4445928559072004 __DUMMY__ 0.06732571616198497	false	1.0
ausgrenzung	neg 1.0		neg 0.47811383617869063 off 0.45546628296851166 __DUMMY__ 0.06641988085279762	false	1.0
unordnung	neg 1.0		neg 0.4690941634564351 off 0.46457733845758215 __DUMMY__ 0.0663284980859828	false	1.0
fehlverhalten	neg 1.0		neg 0.48549588234500474 off 0.4477934260459468 __DUMMY__ 0.06671069160904851	false	1.0
eine			neg 0.4825564784835265 off 0.4501843804140031 __DUMMY__ 0.06725914110247035	false	0.0
nille	neg 1.0		neg 0.478628626276586 off 0.45459967011989183 __DUMMY__ 0.06677170360352215	false	1.0
qual	neg 1.0		neg 0.4791672671793055 off 0.45408259531132883 __DUMMY__ 0.0667501375093656	false	1.0
verschwenden	neg 1.0		neg 0.4837205804129258 off 0.4495589016525623 __DUMMY__ 0.06672051793451189	false	1.0
riesig	neg 1.0		neg 0.4811259173977726 off 0.4518673933699652 __DUMMY__ 0.06700668923226206	false	1.0
verurteilen	neg 1.0		neg 0.4835843298642885 off 0.44995843561147375 __DUMMY__ 0.06645723452423763	false	1.0
klischee	neg 1.0	neg 1.0	neg 0.7244732972713941 off 0.24404530029727659 __DUMMY__ 0.03148140243132929	false	1.0
diktatorisch	neg 1.0		neg 0.4789742067922229 off 0.4546442409865041 __DUMMY__ 0.06638155222127295	false	1.0
vorhersehbar	neg 1.0		neg 0.47720027673384546 off 0.45665068310361706 __DUMMY__ 0.06614904016253767	false	1.0
sowie			neg 0.4707642220800064 off 0.46373037934631134 __DUMMY__ 0.06550539857368236	false	0.0
stornieren	neg 1.0		neg 0.47273247317370665 off 0.4601602270663375 __DUMMY__ 0.06710729975995583	false	1.0
besteuerung	neg 1.0		neg 0.48112025339091347 off 0.45274834640703454 __DUMMY__ 0.06613140020205194	false	1.0
ungeschminkt	neg 1.0		neg 0.4754199301876956 off 0.45892341647159446 __DUMMY__ 0.0656566533407099	false	1.0
kritisch	neg 1.0		neg 0.48291692078561027 off 0.45030446331057983 __DUMMY__ 0.06677861590380996	false	1.0
schlamperei	off 1.0		neg 0.4832193687048719 off 0.44975895842971886 __DUMMY__ 0.06702167286540926	false	0.5
sucht	neg 1.0	neg 1.0	neg 0.7228212600529784 off 0.24506426524987654 __DUMMY__ 0.03211447469714498	false	1.0
egoistisch	off 1.0		neg 0.46911788538561655 off 0.4653224207508436 __DUMMY__ 0.0655596938635397	false	0.5
ausbeuter	off 1.0		neg 0.4862008261925017 off 0.447194402904663 __DUMMY__ 0.06660477090283533	false	0.5
arschgeburt	off 1.0		off 0.47030452624657 neg 0.4651291151863964 __DUMMY__ 0.06456635856703365	false	1.0
schubs	neg 1.0		neg 0.47966131135409107 off 0.45346684380993224 __DUMMY__ 0.06687184483597673	false	1.0
unsolide	neg 1.0		neg 0.47939232206631427 off 0.45444095823475744 __DUMMY__ 0.06616671969892836	false	1.0
beschwerde	neg 1.0		neg 0.48415576520057185 off 0.44913106251681917 __DUMMY__ 0.06671317228260912	false	1.0
stocken	neg 1.0		neg 0.4834296245943028 off 0.4496554548050426 __DUMMY__ 0.06691492060065454	false	1.0
isolieren	neg 1.0		neg 0.4824239084455416 off 0.4508364180846053 __DUMMY__ 0.06673967346985317	false	1.0
unheilbar	neg 1.0		neg 0.4785457059336508 off 0.4548551582748014 __DUMMY__ 0.0665991357915478	false	1.0
pisser	off 1.0		neg 0.4733332396545424 off 0.46101164519752746 __DUMMY__ 0.0656551151479301	false	0.5
löschen	neg 1.0		neg 0.47860620315454916 off 0.45471036979610224 __DUMMY__ 0.06668342704934864	false	1.0
durchfallen	neg 1.0		neg 0.48319286531689326 off 0.45022180737658957 __DUMMY__ 0.06658532730651714	false	1.0
wichser	off 1.0	off 1.0	off 0.7208093821672876 neg 0.2481921317933667 __DUMMY__ 0.030998486039345585	false	1.0
terror	neg 1.0		neg 0.47492684332770235 off 0.45853783077313526 __DUMMY__ 0.06653532589916222	false	1.0
krass	neg 1.0		neg 0.4702004908773259 off 0.4639496739070369 __DUMMY__ 0.06584983521563731	false	1.0
revolte	neg 1.0		neg 0.4775761570411867 off 0.45602634474044307 __DUMMY__ 0.06639749821837028	false	1.0
besorgt	neg 1.0		neg 0.4774808178573271 off 0.4553090363536033 __DUMMY__ 0.06721014578906954	false	1.0
nachlassen	neg 1.0		neg 0.48249835139029984 off 0.45045208474692694 __DUMMY__ 0.06704956386277323	false	1.0
alt	neg 1.0		neg 0.4821265578748514 off 0.45122995789164305 __DUMMY__ 0.06664348423350544	false	1.0
hundesohn	off 1.0		off 0.468169327970106 neg 0.4667339785315678 __DUMMY__ 0.06509669349832617	false	1.0
als			neg 0.4798498586203558 off 0.45324548473380316 __DUMMY__ 0.06690465664584111	false	0.0
abschreckung	neg 1.0		neg 0.48545711256521396 off 0.44757332272616857 __DUMMY__ 0.06696956470861735	false	1.0
unqualifiziert	neg 1.0		neg 0.47654523731377985 off 0.45738666801375566 __DUMMY__ 0.0660680946724643	false	1.0
abgewichst	off 1.0		neg 0.4786605402925269 off 0.4544433162882379 __DUMMY__ 0.0668961434192352	false	0.5
schwer	neg 1.0		neg 0.47965959591163576 off 0.4537366676489753 __DUMMY__ 0.06660373643938881	false	1.0
bedeutungslosigkeit	neg 1.0		neg 0.4844364694474878 off 0.4486650840977516 __DUMMY__ 0.06689844645476055	false	1.0
kapitulation	neg 1.0		neg 0.4830051437249584 off 0.45015308875861665 __DUMMY__ 0.06684176751642501	false	1.0
unscharf	neg 1.0		neg 0.4773274314528049 off 0.45643124090223697 __DUMMY__ 0.06624132764495803	false	1.0
schwinden	neg 1.0		neg 0.48508136123734 off 0.4480502702841771 __DUMMY__ 0.06686836847848293	false	1.0
versklavung	neg 1.0		neg 0.47892835890041235 off 0.45459445943299137 __DUMMY__ 0.06647718166659636	false	1.0
schlecht	neg 1.0		neg 0.4714784655577717 off 0.46214322899674115 __DUMMY__ 0.06637830544548719	false	1.0
verhasst	neg 1.0		neg 0.4800523158800474 off 0.45383853864647467 __DUMMY__ 0.06610914547347786	false	1.0
beschweren	neg 1.0		neg 0.476627449526462 off 0.4568709737235142 __DUMMY__ 0.06650157675002377	false	1.0
scheiden	neg 1.0		neg 0.4770836520133967 off 0.45603350680050275 __DUMMY__ 0.06688284118610048	false	1.0
frustriert	neg 1.0		neg 0.4811156486792851 off 0.452303070572587 __DUMMY__ 0.06658128074812789	false	1.0
schimmelig	neg 1.0		neg 0.4846190215307194 off 0.4490598934028011 __DUMMY__ 0.0663210850664795	false	1.0
fisch	neg 1.0		neg 0.4860452640795188 off 0.44724075232283794 __DUMMY__ 0.06671398359764326	false	1.0
schmuggel	neg 1.0		neg 0.48362018060065365 off 0.44945959662696244 __DUMMY__ 0.0669202227723839	false	1.0
auffallen	neg 1.0		neg 0.47571832634444605 off 0.4578211151896212 __DUMMY__ 0.06646055846593271	false	1.0
konkurrenz	neg 1.0		neg 0.48569670425030126 off 0.4472927510987852 __DUMMY__ 0.0670105446509135	false	1.0
teufelskreis	neg 1.0	neg 1.0	neg 0.7269907554108423 off 0.24140614155543785 __DUMMY__ 0.0316031030337197	false	1.0
aufschreien	neg 1.0		neg 0.47707439059866497 off 0.45668336066660004 __DUMMY__ 0.06624224873473498	false	1.0
schuldner	neg 1.0		neg 0.48697412301135845 off 0.4463919679033819 __DUMMY__ 0.06663390908525967	false	1.0
missgeburt	off 1.0	off 1.0	off 0.717962890237486 neg 0.2509938868742275 __DUMMY__ 0.03104322288828643	false	1.0
arbeitslos	neg 1.0		neg 0.48260170972878524 off 0.4507949378883975 __DUMMY__ 0.06660335238281725	false	1.0
befallen	neg 1.0		neg 0.4830040594683062 off 0.45063766032959807 __DUMMY__ 0.06635828020209582	false	1.0
miesepetrig	off 1.0	off 1.0	off 0.7160365096614935 neg 0.252392775585502 __DUMMY__ 0.031570714753004527	false	1.0
alarmieren	neg 1.0		neg 0.47640608179240773 off 0.4575523966787561 __DUMMY__ 0.06604152152883615	false	1.0
ungeduscht	off 1.0		neg 0.47616770376882916 off 0.4578023137282203 __DUMMY__ 0.06602998250295054	false	0.5
knappheit	neg 1.0		neg 0.48481014804969647 off 0.4487959863190054 __DUMMY__ 0.06639386563129818	false	1.0
schlange	neg 1.0		neg 0.4746051576626144 off 0.45848579321927374 __DUMMY__ 0.0669090491181118	false	1.0
harsch	neg 1.0		neg 0.4676656551214689 off 0.4662682023230295 __DUMMY__ 0.06606614255550168	false	1.0
lang	neg 1.0		neg 0.47738317051903834 off 0.455937773580156 __DUMMY__ 0.06667905590080558	false	1.0
ziellos	neg 1.0		neg 0.48062468437509875 off 0.4523175525691135 __DUMMY__ 0.0670577630557877	false	1.0
selbstverliebt	neg 1.0		off 0.4695390487492859 neg 0.4654893311262184 __DUMMY__ 0.06497162012449567	false	0.5
beseitigen	neg 1.0		neg 0.4802522963183472 off 0.4530076689908036 __DUMMY__ 0.06674003469084923	false	1.0
dumm	off 1.0		neg 0.4677166380358959 off 0.4666648536325623 __DUMMY__ 0.06561850833154168	false	0.5
arbeitsloser	neg 1.0		neg 0.48031479444165825 off 0.4527243380546415 __DUMMY__ 0.06696086750370021	false	1.0
blitzen	neg 1.0		neg 0.4749319225206194 off 0.4585593792984963 __DUMMY__ 0.06650869818088435	false	1.0
hilflos	neg 1.0		neg 0.4814976108913603 off 0.451886610419745 __DUMMY__ 0.0666157786888947	false	1.0
eklig	off 1.0		neg 0.4693276139363831 off 0.4654308723416857 __DUMMY__ 0.06524151372193117	false	0.5
begriff			neg 0.4793035598382801 off 0.45400309369065217 __DUMMY__ 0.06669334647106787	false	0.0
hungersnot	neg 1.0		neg 0.48200038018488556 off 0.45128221128811313 __DUMMY__ 0.06671740852700118	false	1.0
ungesetzlich	neg 1.0		neg 0.4806694577585301 off 0.45313545819486334 __DUMMY__ 0.06619508404660666	false	1.0
verschwendung	neg 1.0		neg 0.48346890853343943 off 0.449656632277489 __DUMMY__ 0.06687445918907153	false	1.0
schmerzvoll	neg 1.0		neg 0.47752910146825966 off 0.4560373572411442 __DUMMY__ 0.06643354129059607	false	1.0
vorzeitig	neg 1.0		neg 0.47713486997956256 off 0.45659723894236187 __DUMMY__ 0.06626789107807553	false	1.0
unvollkommenheit	neg 1.0		neg 0.4787777570038183 off 0.45397973911323974 __DUMMY__ 0.06724250388294198	false	1.0
intervenieren	neg 1.0		neg 0.48462818095880245 off 0.44862330231576913 __DUMMY__ 0.06674851672542849	false	1.0
banause	off 1.0		neg 0.4678658362811763 off 0.4672276273981407 __DUMMY__ 0.06490653632068301	false	0.5
rebell	neg 1.0		neg 0.48676183287075137 off 0.4460956942232814 __DUMMY__ 0.0671424729059673	false	1.0
unlogisch	neg 1.0		neg 0.4716740163237992 off 0.4624968750345724 __DUMMY__ 0.06582910864162837	false	1.0
leiden	neg 1.0		neg 0.4823687937966062 off 0.45039932888239903 __DUMMY__ 0.06723187732099477	false	1.0
abschaffung	neg 1.0		neg 0.4787873189487447 off 0.4546421611532522 __DUMMY__ 0.06657051989800324	false	1.0
sturz	neg 1.0		neg 0.47772583943585156 off 0.45548966650268197 __DUMMY__ 0.06678449406146654	false	1.0
verkleinerung	neg 1.0		neg 0.47788071393928366 off 0.45601076206538166 __DUMMY__ 0.06610852399533461	false	1.0
schmarotzer	off 1.0		neg 0.48237655465268314 off 0.45115311736100944 __DUMMY__ 0.06647032798630749	false	0.5
bestrafung	neg 1.0		neg 0.4780667224785196 off 0.45542060387333544 __DUMMY__ 0.06651267364814487	false	1.0
achtlos	neg 1.0	neg 1.0	neg 0.725793866685645 off 0.2423933605566188 __DUMMY__ 0.031812772757736044	false	1.0
ungeheuer	neg 1.0		neg 0.4758497211023228 off 0.45763112447500304 __DUMMY__ 0.06651915442267418	false	1.0
unaufrichtig	neg 1.0		neg 0.47334413852649637 off 0.459885251228607 __DUMMY__ 0.06677061024489664	false	1.0
groggy	neg 1.0		neg 0.47572003928012646 off 0.4578455461838529 __DUMMY__ 0.06643441453602063	false	1.0
