unsolidarisch	neg 1.0		neg 0.4815086432413515 off 0.4522083173531108 __DUMMY__ 0.06628303940553776	false	1.0
nachteilig	neg 1.0		neg 0.4833646206245347 off 0.4497399945919051 __DUMMY__ 0.0668953847835602	false	1.0
skeptisch	neg 1.0		neg 0.4836716137768002 off 0.44935555371519775 __DUMMY__ 0.06697283250800216	false	1.0
schrecklich	neg 1.0		neg 0.4692561284206243 off 0.4647327737193097 __DUMMY__ 0.0660110978600659	false	1.0
schlapp	neg 1.0		neg 0.4727396951705895 off 0.4609222608503258 __DUMMY__ 0.06633804397908465	false	1.0
abfall	neg 1.0		neg 0.4864133965231865 off 0.4462664905483009 __DUMMY__ 0.06732011292851253	false	1.0
widerspenstig	neg 1.0		neg 0.47817879588473977 off 0.45515822089833474 __DUMMY__ 0.0666629832169255	false	1.0
abrupt	neg 1.0		neg 0.4821008133739137 off 0.45086222916688623 __DUMMY__ 0.06703695745920007	false	1.0
unwirksam	neg 1.0		neg 0.4819841211123349 off 0.4518313811345286 __DUMMY__ 0.0661844977531365	false	1.0
angreifen	neg 1.0		neg 0.48505728334478 off 0.44814888476442183 __DUMMY__ 0.06679383189079822	false	1.0
inkonsistent	neg 1.0		neg 0.47991618456125296 off 0.4538353437281809 __DUMMY__ 0.06624847171056622	false	1.0
abrutschen	neg 1.0		neg 0.48703706689576876 off 0.44583955108865053 __DUMMY__ 0.0671233820155808	false	1.0
unsicher	neg 1.0		neg 0.4773494618156304 off 0.4557768150177356 __DUMMY__ 0.06687372316663405	false	1.0
bauernkind	off 1.0	off 1.0	off 0.7152731723252802 neg 0.25390230559365146 __DUMMY__ 0.030824522081068177	false	1.0
angreifer	neg 1.0	neg 1.0	neg 0.7242879024192319 off 0.24393162988790226 __DUMMY__ 0.031780467692865896	false	1.0
trennen	neg 1.0		neg 0.4825661942323609 off 0.4502217143208078 __DUMMY__ 0.06721209144683135	false	1.0
schmutz	neg 1.0		neg 0.47526881817817834 off 0.4578974111266249 __DUMMY__ 0.06683377069519683	false	1.0
inkonsistenz	neg 1.0		neg 0.4768825392712915 off 0.4573670188513042 __DUMMY__ 0.06575044187740423	false	1.0
erschreckend	neg 1.0		neg 0.4802222978522385 off 0.4531842964005436 __DUMMY__ 0.06659340574721787	false	1.0
ertrinken	neg 1.0		neg 0.4842171755646762 off 0.4489618076968303 __DUMMY__ 0.06682101673849355	false	1.0
pickelface	off 1.0		neg 0.47952303264285345 off 0.4537374680370502 __DUMMY__ 0.06673949932009636	false	0.5
seiner			neg 0.48317051682323914 off 0.4498461130676669 __DUMMY__ 0.06698337010909398	false	0.0
lauch	neg 1.0		neg 0.4856541712951747 off 0.4471241059673911 __DUMMY__ 0.06722172273743415	false	1.0
unwichtig	neg 1.0		neg 0.474844150942184 off 0.45901510053955097 __DUMMY__ 0.06614074851826499	false	1.0
steuerhinterziehung	neg 1.0	neg 1.0	neg 0.7277818217245008 off 0.24046818598603992 __DUMMY__ 0.03174999228945931	false	1.0
schock	neg 1.0		neg 0.4795437977283471 off 0.4537253713020761 __DUMMY__ 0.06673083096957677	false	1.0
beule	neg 1.0		neg 0.47337503371681894 off 0.4605879816430628 __DUMMY__ 0.06603698464011837	false	1.0
vergelten	neg 1.0		neg 0.46867931587365075 off 0.4649429588232885 __DUMMY__ 0.06637772530306082	false	1.0
verdorbenheit	neg 1.0		neg 0.4750678785785917 off 0.4578889521361146 __DUMMY__ 0.06704316928529375	false	1.0
trauma	neg 1.0		neg 0.47786481573094525 off 0.45555707078091023 __DUMMY__ 0.06657811348814444	false	1.0
sinnlos	neg 1.0		neg 0.4764336379480114 off 0.4570598436801448 __DUMMY__ 0.06650651837184376	false	1.0
fettsack	off 1.0	off 1.0	off 0.7168789941280763 neg 0.25215454714804963 __DUMMY__ 0.030966458723874074	false	1.0
feige	off 1.0	off 1.0	off 0.7144789702143899 neg 0.2541769677815533 __DUMMY__ 0.03134406200405678	false	1.0
abdanken	neg 1.0		neg 0.4803326263182276 off 0.45308320301359595 __DUMMY__ 0.06658417066817642	false	1.0
wichtigtuer	off 1.0	off 1.0	off 0.713652705641415 neg 0.2548054798378282 __DUMMY__ 0.031541814520756724	false	1.0
misslingen	neg 1.0		neg 0.47291289153543375 off 0.45968800251568787 __DUMMY__ 0.06739910594887825	false	1.0
untreu	off 1.0		neg 0.47397020813017404 off 0.45986874930746263 __DUMMY__ 0.06616104256236352	false	0.5
missmutig	neg 1.0		neg 0.4737497527952517 off 0.4599036260973055 __DUMMY__ 0.06634662110744273	false	1.0
hurenbock	off 1.0		neg 0.47618770722672543 off 0.4572095475200747 __DUMMY__ 0.06660274525319981	false	0.5
betrunken	neg 1.0		neg 0.47144094704892636 off 0.4623895409012928 __DUMMY__ 0.06616951204978075	false	1.0
korrupt	off 1.0		neg 0.4843203622199692 off 0.44932558885228846 __DUMMY__ 0.06635404892774235	false	0.5
unmut	neg 1.0		neg 0.48620725544163906 off 0.4465620881642336 __DUMMY__ 0.06723065639412738	false	1.0
hackfresse	off 1.0		off 0.4673548550288676 neg 0.46709655612586587 __DUMMY__ 0.0655485888452665	false	1.0
aufblasen	neg 1.0		neg 0.4763588436606882 off 0.45704482035670574 __DUMMY__ 0.06659633598260617	false	1.0
gewaltsam	neg 1.0		neg 0.4802411191107574 off 0.4530026345784193 __DUMMY__ 0.06675624631082337	false	1.0
unbeliebtheit	neg 1.0		neg 0.47789622914815444 off 0.4562115665203648 __DUMMY__ 0.06589220433148087	false	1.0
sturheit	neg 1.0		neg 0.48154840963250933 off 0.4519143534020267 __DUMMY__ 0.06653723696546392	false	1.0
kuh	neg 1.0		neg 0.4803592346353399 off 0.45381501790767903 __DUMMY__ 0.06582574745698123	false	1.0
erschrecken	neg 1.0		neg 0.473621266348449 off 0.4599368971542849 __DUMMY__ 0.06644183649726604	false	1.0
opfer	neg 1.0		neg 0.48232461708348934 off 0.4507952521784271 __DUMMY__ 0.06688013073808359	false	1.0
sinken	neg 1.0		neg 0.48594962275300785 off 0.4469153279583367 __DUMMY__ 0.06713504928865535	false	1.0
stinktier	neg 1.0		neg 0.47457670612708913 off 0.4603693183914262 __DUMMY__ 0.0650539754814847	false	1.0
tucke	off 1.0		neg 0.46823445774899425 off 0.46663526543375194 __DUMMY__ 0.0651302768172538	false	0.5
ein			neg 0.47746839004216746 off 0.45594381893515756 __DUMMY__ 0.06658779102267513	false	0.0
abstieg	neg 1.0		neg 0.48413573299216955 off 0.4490187508448922 __DUMMY__ 0.06684551616293813	false	1.0
missverstehen	neg 1.0		neg 0.4772290332933909 off 0.45657024664413265 __DUMMY__ 0.06620072006247642	false	1.0
ergebnislos	neg 1.0		neg 0.4830201508805065 off 0.4499097959356997 __DUMMY__ 0.06707005318379379	false	1.0
unter			neg 0.4883609318331981 off 0.44370989405290273 __DUMMY__ 0.06792917411389925	false	0.0
manipulieren	neg 1.0		neg 0.4839991180030781 off 0.44898281915269905 __DUMMY__ 0.06701806284422296	false	1.0
unbewiesen	neg 1.0		neg 0.4822636066916334 off 0.4515604404881587 __DUMMY__ 0.06617595282020781	false	1.0
verschleppen	neg 1.0		neg 0.48325401039175825 off 0.4500661018508567 __DUMMY__ 0.06667988775738501	false	1.0
weib	off 1.0		neg 0.4702942701033173 off 0.464779987627428 __DUMMY__ 0.06492574226925472	false	0.5
opposition	neg 1.0		neg 0.4785576264358995 off 0.45511986277106586 __DUMMY__ 0.06632251079303461	false	1.0
verkehrswidrig	neg 1.0		off 0.4670991708138034 neg 0.46644065205100615 __DUMMY__ 0.06646017713519045	false	0.5
inkorrekt	neg 1.0		neg 0.47230532743356185 off 0.4619692971563777 __DUMMY__ 0.0657253754100603	false	1.0
vermeiden	neg 1.0	neg 1.0	neg 0.7293659085072156 off 0.2383484671563741 __DUMMY__ 0.03228562433641042	false	1.0
abweichung	neg 1.0		neg 0.48216423756364646 off 0.45092925210763934 __DUMMY__ 0.06690651032871411	false	1.0
alkoholisiert	neg 1.0		neg 0.48129367205499524 off 0.45151115178103934 __DUMMY__ 0.06719517616396545	false	1.0
scheiss	off 1.0	off 1.0	off 0.715662819603817 neg 0.25287904085915786 __DUMMY__ 0.031458139537025184	false	1.0
herausforderung	neg 1.0		neg 0.4829295477435566 off 0.44998537662741894 __DUMMY__ 0.06708507562902438	false	1.0
pervers	off 1.0		off 0.46995577608769457 neg 0.46490586949385376 __DUMMY__ 0.06513835441845157	false	1.0
wackelig	neg 1.0		neg 0.4775196681622844 off 0.4552340650203011 __DUMMY__ 0.0672462668174144	false	1.0
verwickeln	neg 1.0		neg 0.4777983146835279 off 0.45596402832711846 __DUMMY__ 0.06623765698935362	false	1.0
vorwand	neg 1.0		neg 0.4846514151262293 off 0.4484051816333405 __DUMMY__ 0.06694340324043027	false	1.0
muschi	off 1.0		neg 0.47941840729429364 off 0.4538548111733205 __DUMMY__ 0.06672678153238593	false	0.5
entmutigung	neg 1.0		neg 0.47881884045368645 off 0.4547832288174932 __DUMMY__ 0.06639793072882032	false	1.0
unangemessen	neg 1.0		neg 0.4822332870717006 off 0.45129255107666744 __DUMMY__ 0.06647416185163187	false	1.0
unstetig	neg 1.0		neg 0.4753623394440954 off 0.45809285326679045 __DUMMY__ 0.06654480728911419	false	1.0
entmutigen	neg 1.0		neg 0.47794196026086416 off 0.45550267645782927 __DUMMY__ 0.06655536328130657	false	1.0
schwanz	neg 1.0		neg 0.4820598140640542 off 0.45107806820689234 __DUMMY__ 0.0668621177290534	false	1.0
verbot	neg 1.0		neg 0.4828784668799988 off 0.45045819742252313 __DUMMY__ 0.06666333569747822	false	1.0
leid	neg 1.0		neg 0.46912575314427607 off 0.4652026894986757 __DUMMY__ 0.06567155735704819	false	1.0
archaisch	neg 1.0		neg 0.48075112860092023 off 0.4526077055272585 __DUMMY__ 0.0666411658718213	false	1.0
gegen			neg 0.48539714546916674 off 0.44739230052024437 __DUMMY__ 0.06721055401058897	false	0.0
scheidung	neg 1.0		off 0.4767708001514662 neg 0.4579110726978531 __DUMMY__ 0.06531812715068057	false	0.5
einschlag	neg 1.0		neg 0.471083740415544 off 0.462897449286106 __DUMMY__ 0.06601881029835008	false	1.0
m			neg 0.47994065814458714 off 0.4530866430494022 __DUMMY__ 0.06697269880601055	false	0.0
abgestanden	neg 1.0		neg 0.4792050245921141 off 0.45440615444394716 __DUMMY__ 0.06638882096393887	false	1.0
schmierig	off 1.0		neg 0.4690653525129598 off 0.4650851885861901 __DUMMY__ 0.06584945890085006	false	0.5
unpraktisch	neg 1.0		neg 0.476594346816291 off 0.4568049237734691 __DUMMY__ 0.06660072941023991	false	1.0
wixxer	off 1.0		off 0.4688522777672476 neg 0.4662504911191481 __DUMMY__ 0.06489723111360442	false	1.0
bezeichnet			neg 0.4808019192632338 off 0.452875484725926 __DUMMY__ 0.06632259601084017	false	0.0
jammerlappen	off 1.0		neg 0.47327624852109706 off 0.46035198116004683 __DUMMY__ 0.06637177031885606	false	0.5
farce	neg 1.0		neg 0.48281802020195785 off 0.45072816661243253 __DUMMY__ 0.06645381318560954	false	1.0
zwecklos	neg 1.0		neg 0.4821754811026516 off 0.45126221911105474 __DUMMY__ 0.0665622997862937	false	1.0
turbulent	neg 1.0		neg 0.4750790228683282 off 0.4591470715213314 __DUMMY__ 0.06577390561034041	false	1.0
invasion	neg 1.0		neg 0.4768969376872565 off 0.45662850886295286 __DUMMY__ 0.06647455344979061	false	1.0
schuld	neg 1.0		neg 0.47903242194899537 off 0.45460754470690967 __DUMMY__ 0.06636003334409496	false	1.0
risiko	neg 1.0	neg 1.0	neg 0.724285255863571 off 0.24385393360719315 __DUMMY__ 0.03186081052923593	false	1.0
finster	neg 1.0		neg 0.4786983384164979 off 0.4549872413528698 __DUMMY__ 0.06631442023063244	false	1.0
geisteskrank	off 1.0		neg 0.4746990762914562 off 0.45953916194802835 __DUMMY__ 0.0657617617605155	false	0.5
zusammenbrechen	neg 1.0		neg 0.480543745268016 off 0.4526795474491686 __DUMMY__ 0.06677670728281539	false	1.0
ausbeute	neg 1.0		neg 0.475547638496166 off 0.4566041522223524 __DUMMY__ 0.06784820928148143	false	1.0
hinterhalt	neg 1.0		neg 0.47679713346409647 off 0.4559011163276811 __DUMMY__ 0.0673017502082225	false	1.0
kritik	neg 1.0		neg 0.4833250323364181 off 0.4502521696504098 __DUMMY__ 0.06642279801317205	false	1.0
einschrumpfen	neg 1.0		neg 0.4762679357154941 off 0.4576018383319044 __DUMMY__ 0.06613022595260161	false	1.0
riskant	neg 1.0		neg 0.48408370613484725 off 0.4491269905003306 __DUMMY__ 0.06678930336482213	false	1.0
frustrieren	neg 1.0		neg 0.48265435681711055 off 0.4505379767223966 __DUMMY__ 0.06680766646049287	false	1.0
groll	neg 1.0		neg 0.48286146912166206 off 0.45057672062208187 __DUMMY__ 0.06656181025625602	false	1.0
gibt			neg 0.4798702814679857 off 0.4532679180303208 __DUMMY__ 0.06686180050169359	false	0.0
qualvoll	neg 1.0		neg 0.4756909395622505 off 0.45789803946156343 __DUMMY__ 0.06641102097618617	false	1.0
wackeln	neg 1.0		neg 0.47643515221130023 off 0.4567630929879735 __DUMMY__ 0.06680175480072631	false	1.0
klagen	neg 1.0		neg 0.48632760312996637 off 0.44662132269113936 __DUMMY__ 0.06705107417889433	false	1.0
bankrott	neg 1.0		neg 0.473117276618723 off 0.4603593312406098 __DUMMY__ 0.06652339214066717	false	1.0
trauern	neg 1.0		neg 0.4818702350791755 off 0.4510831702666353 __DUMMY__ 0.06704659465418925	false	1.0
ablehnung	neg 1.0		neg 0.4829793450180316 off 0.4504921589052575 __DUMMY__ 0.06652849607671096	false	1.0
stur	neg 1.0		neg 0.4784806999264812 off 0.4551216258612088 __DUMMY__ 0.06639767421230994	false	1.0
aufruhr	neg 1.0		neg 0.48052839939689895 off 0.45283536430970844 __DUMMY__ 0.06663623629339248	false	1.0
melancholie	neg 1.0		neg 0.48217989583531956 off 0.45103064736204707 __DUMMY__ 0.06678945680263348	false	1.0
ist			neg 0.47656089448310235 off 0.4569022843531167 __DUMMY__ 0.06653682116378089	false	0.0
torheit	neg 1.0		neg 0.47901051753798907 off 0.45444794291033774 __DUMMY__ 0.06654153955167322	false	1.0
dreckskind	off 1.0		neg 0.47075091800553986 off 0.4640178739097391 __DUMMY__ 0.06523120808472112	false	0.5
umtauschen	neg 1.0		neg 0.4782322165500953 off 0.45501342021598074 __DUMMY__ 0.06675436323392395	false	1.0
zum			neg 0.4836757153243646 off 0.4484052418773844 __DUMMY__ 0.06791904279825099	false	0.0
zersetzen	neg 1.0		neg 0.4854505027676162 off 0.44778636778628084 __DUMMY__ 0.06676312944610291	false	1.0
zur			neg 0.48623055707662266 off 0.44608025387019784 __DUMMY__ 0.06768918905317955	false	0.0
frust	neg 1.0		neg 0.4804480714818722 off 0.4527510555781386 __DUMMY__ 0.06680087293998925	false	1.0
unerbittlichkeit	neg 1.0		neg 0.48479403274277033 off 0.44833540931613997 __DUMMY__ 0.06687055794108983	false	1.0
zwei			neg 0.482974128244096 off 0.4492440533059329 __DUMMY__ 0.06778181844997105	false	0.0
unkorrekt	neg 1.0		neg 0.47081929991687027 off 0.46316742219525486 __DUMMY__ 0.0660132778878748	false	1.0
hexe	off 1.0		neg 0.4775603796449519 off 0.4567826534987725 __DUMMY__ 0.06565696685627558	false	0.5
lasch	neg 1.0		neg 0.47671256916527804 off 0.4572110173031085 __DUMMY__ 0.06607641353161355	false	1.0
rivale	neg 1.0		neg 0.4725959924422965 off 0.461452431587918 __DUMMY__ 0.06595157596978571	false	1.0
mutlos	off 1.0	off 1.0	off 0.7094987292594395 neg 0.2587248447384851 __DUMMY__ 0.03177642600207543	false	1.0
wirr	off 1.0		neg 0.47221756544112115 off 0.46214898171960156 __DUMMY__ 0.06563345283927739	false	0.5
jahr			neg 0.47788926628527495 off 0.45412270360308005 __DUMMY__ 0.06798803011164505	false	0.0
wird			neg 0.4817065718975433 off 0.45146394481784796 __DUMMY__ 0.06682948328460883	false	0.0
strafbar	neg 1.0		neg 0.4830418626505436 off 0.4501110599546733 __DUMMY__ 0.06684707739478307	false	1.0
erosion	neg 1.0		neg 0.47711534472899975 off 0.4560109122018056 __DUMMY__ 0.06687374306919475	false	1.0
eingehen	neg 1.0		neg 0.4833743020023872 off 0.44987270589944056 __DUMMY__ 0.0667529920981723	false	1.0
faul	off 1.0		neg 0.4736068360180621 off 0.4599476556221204 __DUMMY__ 0.06644550835981737	false	0.5
provisorium	neg 1.0		neg 0.4860235290974443 off 0.4458347154313133 __DUMMY__ 0.06814175547124231	false	1.0
schmerzen	neg 1.0		neg 0.48101951442979834 off 0.4524869600521619 __DUMMY__ 0.06649352551803968	false	1.0
schrumpfen	neg 1.0		neg 0.48882270196572736 off 0.443951194282328 __DUMMY__ 0.06722610375194467	false	1.0
geistlos	off 1.0		neg 0.47883712502235526 off 0.4551429373170656 __DUMMY__ 0.066019937660579	false	0.5
fehlkauf	neg 1.0		neg 0.4771077138217648 off 0.45640170270318114 __DUMMY__ 0.06649058347505407	false	1.0
frustrierend	neg 1.0		neg 0.4744928966756057 off 0.45910735365321065 __DUMMY__ 0.06639974967118364	false	1.0
unzufrieden	neg 1.0		neg 0.48224775558334515 off 0.451136083106286 __DUMMY__ 0.0666161613103689	false	1.0
verzweifeln	neg 1.0		neg 0.4799829912602301 off 0.4533475936233605 __DUMMY__ 0.06666941511640927	false	1.0
verzweifelt	neg 1.0	neg 1.0	neg 0.7260923117299793 off 0.2423650394139635 __DUMMY__ 0.031542648856057086	false	1.0
misstrauensantrag	neg 1.0		neg 0.47657048627683635 off 0.45695009412881865 __DUMMY__ 0.066479419594345	false	1.0
abfallen	neg 1.0		neg 0.4764073737882207 off 0.4568125935503373 __DUMMY__ 0.06678003266144206	false	1.0
fucker	off 1.0		neg 0.4708895789312907 off 0.46299709178941595 __DUMMY__ 0.06611332927929325	false	0.5
ungezogen	neg 1.0		off 0.46912514119607823 neg 0.46564942783148827 __DUMMY__ 0.06522543097243344	false	0.5
irrsinnig	neg 1.0	neg 1.0	neg 0.7256581603684218 off 0.24273160519333534 __DUMMY__ 0.03161023443824286	false	1.0
unfassbar	neg 1.0		neg 0.47214898092609314 off 0.461571587361801 __DUMMY__ 0.06627943171210586	false	1.0
hart	neg 1.0		neg 0.4739420247429307 off 0.4599560743113967 __DUMMY__ 0.06610190094567264	false	1.0
widerlich	off 1.0		neg 0.47351439578792676 off 0.4605506148765284 __DUMMY__ 0.06593498933554492	false	0.5
fatal	neg 1.0		neg 0.4766162296046037 off 0.45692705801278183 __DUMMY__ 0.06645671238261451	false	1.0
bruch	neg 1.0		neg 0.48560354632366515 off 0.4473119009637481 __DUMMY__ 0.0670845527125867	false	1.0
aushungern	neg 1.0		neg 0.48098717701277205 off 0.4522524297126874 __DUMMY__ 0.06676039327454056	false	1.0
anspannung	neg 1.0		neg 0.4857429098030779 off 0.44663713901455654 __DUMMY__ 0.06761995118236565	false	1.0
von			neg 0.47697864008683183 off 0.45489323305632623 __DUMMY__ 0.06812812685684196	false	0.0
kraftlos	neg 1.0		neg 0.4805919849979785 off 0.45253041629231305 __DUMMY__ 0.06687759870970851	false	1.0
vom			neg 0.48494045304385786 off 0.44685780084446897 __DUMMY__ 0.06820174611167314	false	0.0
grenzdebil	off 1.0		neg 0.4717772934030371 off 0.4619650372770268 __DUMMY__ 0.066257669319936	false	0.5
vor			neg 0.4830980849474223 off 0.4495865042406125 __DUMMY__ 0.06731541081196513	false	0.0
unterwerfen	neg 1.0		neg 0.4829818560491576 off 0.4502249379353802 __DUMMY__ 0.06679320601546208	false	1.0
versenkung	neg 1.0		neg 0.480811085573568 off 0.4520893136639967 __DUMMY__ 0.06709960076243537	false	1.0
entziehen	neg 1.0		neg 0.4851893440181986 off 0.4477047541620677 __DUMMY__ 0.06710590181973387	false	1.0
finanzkrise	neg 1.0		neg 0.48286083104935135 off 0.450850364348192 __DUMMY__ 0.06628880460245677	false	1.0
schimpfend	neg 1.0		neg 0.47685980067028755 off 0.45668203128425916 __DUMMY__ 0.0664581680454532	false	1.0
profan	neg 1.0		neg 0.47665671652287106 off 0.4570063224964206 __DUMMY__ 0.06633696098070836	false	1.0
korruption	neg 1.0		neg 0.48356485342801614 off 0.44982311304572914 __DUMMY__ 0.06661203352625465	false	1.0
â			neg 0.4801736289089909 off 0.4527740485176842 __DUMMY__ 0.06705232257332479	false	0.0
schmutzig	neg 1.0		neg 0.4712362368094421 off 0.4625139273731649 __DUMMY__ 0.06624983581739302	false	1.0
sexy	neg 1.0		neg 0.4742503244789121 off 0.4592372882124324 __DUMMY__ 0.06651238730865545	false	1.0
abraten	neg 1.0		neg 0.4755856386629993 off 0.45778086555955655 __DUMMY__ 0.06663349577744414	false	1.0
schwarz	neg 1.0		neg 0.4774968577687089 off 0.4560284082322606 __DUMMY__ 0.06647473399903055	false	1.0
fotze	off 1.0	off 1.0	off 0.7115598680111185 neg 0.256552851924073 __DUMMY__ 0.03188728006480851	false	1.0
verwirren	neg 1.0		neg 0.4758231170681051 off 0.4578025816126202 __DUMMY__ 0.06637430131927459	false	1.0
zahnlos	off 1.0		neg 0.4811588892880053 off 0.45222743207967425 __DUMMY__ 0.0666136786323205	false	0.5
verheeren	neg 1.0		off 0.4705864605262054 neg 0.4642108688772076 __DUMMY__ 0.06520267059658716	false	0.5
hippie	neg 1.0		neg 0.4748667527412773 off 0.4586317826782567 __DUMMY__ 0.06650146458046595	false	1.0
rammen	neg 1.0		neg 0.4808117267755582 off 0.4531911003183039 __DUMMY__ 0.06599717290613787	false	1.0
unlauter	neg 1.0		neg 0.47996932314941 off 0.4537937203365542 __DUMMY__ 0.0662369565140358	false	1.0
unheilvoll	neg 1.0		neg 0.47727721347903224 off 0.4562854260303501 __DUMMY__ 0.06643736049061773	false	1.0
niedrig	neg 1.0		neg 0.48506764273434383 off 0.44824013415622543 __DUMMY__ 0.06669222310943075	false	1.0
explosion	neg 1.0		neg 0.47572425480255764 off 0.45780657298266575 __DUMMY__ 0.0664691722147767	false	1.0
weichei	off 1.0	off 1.0	off 0.718305963826714 neg 0.25051968891753085 __DUMMY__ 0.03117434725575512	false	1.0
minusmensch	off 1.0		neg 0.47010161212778245 off 0.465026006615942 __DUMMY__ 0.06487238125627545	false	0.5
farblos	neg 1.0		neg 0.47884216739067925 off 0.45447535814603285 __DUMMY__ 0.06668247446328798	false	1.0
unwissend	neg 1.0	neg 1.0	neg 0.723341502451374 off 0.24517064038398237 __DUMMY__ 0.031487857164643626	false	1.0
traurig	neg 1.0		neg 0.4695761020027241 off 0.4642957574286752 __DUMMY__ 0.06612814056860081	false	1.0
senkung	neg 1.0		neg 0.47813629409953784 off 0.45573899394508394 __DUMMY__ 0.0661247119553781	false	1.0
ungleich	neg 1.0	neg 1.0	neg 0.728624981976591 off 0.23952221759788664 __DUMMY__ 0.031852800425522375	false	1.0
heikel	neg 1.0		neg 0.4838915895168698 off 0.4492893886989556 __DUMMY__ 0.06681902178417462	false	1.0
drosselung	neg 1.0		neg 0.47306291417023705 off 0.46084368332932285 __DUMMY__ 0.06609340250044	false	1.0
falsch	neg 1.0		neg 0.4748026326617629 off 0.4588949717277489 __DUMMY__ 0.06630239561048823	false	1.0
unzufriedenheit	neg 1.0		neg 0.4850471293433585 off 0.44797473398181026 __DUMMY__ 0.0669781366748314	false	1.0
kurz	neg 1.0		neg 0.47761353196313666 off 0.4552670602405519 __DUMMY__ 0.06711940779631145	false	1.0
unsinnig	neg 1.0		neg 0.48104546298327217 off 0.45238266881888306 __DUMMY__ 0.06657186819784484	false	1.0
penner	off 1.0	off 1.0	off 0.7191697046038265 neg 0.24970125974501348 __DUMMY__ 0.031129035651160136	false	1.0
seicht	neg 1.0		off 0.4684523885930756 neg 0.46631112965150207 __DUMMY__ 0.06523648175542254	false	0.5
dummheit	off 1.0	off 1.0	off 0.7134224835829291 neg 0.25511434373265274 __DUMMY__ 0.031463172684418075	false	1.0
unerfreulich	neg 1.0		neg 0.4835365921974791 off 0.4494189952976503 __DUMMY__ 0.06704441250487055	false	1.0
motherfucker	off 1.0	off 1.0	off 0.7164977951597176 neg 0.2520579727729594 __DUMMY__ 0.03144423206732307	false	1.0
pikiert	neg 1.0		neg 0.47457176720614197 off 0.459475610330919 __DUMMY__ 0.06595262246293904	false	1.0
wrack	neg 1.0		neg 0.48007228618708675 off 0.45301168607890435 __DUMMY__ 0.06691602773400894	false	1.0
gangster	neg 1.0		neg 0.47499329668665036 off 0.45853713247570127 __DUMMY__ 0.06646957083764835	false	1.0
krank	neg 1.0		neg 0.47125851740415303 off 0.4624175979201321 __DUMMY__ 0.06632388467571484	false	1.0
reich	neg 1.0		neg 0.47283025288499086 off 0.4608069015256315 __DUMMY__ 0.06636284558937763	false	1.0
gnadenlos	neg 1.0		neg 0.47882511954394086 off 0.4547946016938909 __DUMMY__ 0.06638027876216829	false	1.0
niedergeschlagen	neg 1.0		neg 0.47944104677138666 off 0.45372546490375576 __DUMMY__ 0.06683348832485775	false	1.0
terrorisieren	off 1.0	off 1.0	off 0.7104967366501922 neg 0.25758393625212256 __DUMMY__ 0.03191932709768523	false	1.0
sinnlosigkeit	neg 1.0		neg 0.4814928316802744 off 0.45184129199248907 __DUMMY__ 0.06666587632723654	false	1.0
behindern	neg 1.0		neg 0.47945516135784033 off 0.453851731418753 __DUMMY__ 0.06669310722340661	false	1.0
undemokratisch	neg 1.0		neg 0.4786699031575522 off 0.4548646931373852 __DUMMY__ 0.06646540370506253	false	1.0
wirtschaftskrise	neg 1.0		neg 0.484458831823012 off 0.4490251085218563 __DUMMY__ 0.0665160596551317	false	1.0
neid	neg 1.0		neg 0.472461231841692 off 0.4608727220529576 __DUMMY__ 0.06666604610535053	false	1.0
rutschen	neg 1.0		neg 0.4834240302240227 off 0.4488288192157176 __DUMMY__ 0.06774715056025975	false	1.0
rezession	neg 1.0		neg 0.4753048681301173 off 0.4594701147213678 __DUMMY__ 0.06522501714851502	false	1.0
fehlgeburt	neg 1.0		neg 0.4755313515596868 off 0.45776325733541734 __DUMMY__ 0.066705391104896	false	1.0
charakterschwach	off 1.0		neg 0.47363521077730836 off 0.4604036115030224 __DUMMY__ 0.06596117771966915	false	0.5
isolation	neg 1.0		neg 0.47468188740684925 off 0.458889046930843 __DUMMY__ 0.06642906566230772	false	1.0
ablenkung	neg 1.0		neg 0.47736848717689734 off 0.4558169404603917 __DUMMY__ 0.06681457236271104	false	1.0
pech	neg 1.0		neg 0.4745024420322953 off 0.4590965543868705 __DUMMY__ 0.06640100358083416	false	1.0
vermeidung	neg 1.0		neg 0.47252715990213773 off 0.46132456961567464 __DUMMY__ 0.06614827048218756	false	1.0
dominieren	neg 1.0		neg 0.4832549902752344 off 0.44994390931102846 __DUMMY__ 0.06680110041373717	false	1.0
schwindlig	neg 1.0		neg 0.4751524448348557 off 0.4581998539660818 __DUMMY__ 0.0666477011990625	false	1.0
lutscher	neg 1.0	neg 1.0	neg 0.7185092216386191 off 0.25046053544710956 __DUMMY__ 0.03103024291427148	false	1.0
pflicht	neg 1.0		neg 0.48494733787968514 off 0.4481327298299797 __DUMMY__ 0.06691993229033513	false	1.0
faschist	off 1.0		neg 0.47577020282395444 off 0.4578715565227798 __DUMMY__ 0.06635824065326584	false	0.5
verschleudern	neg 1.0		neg 0.48450874172342967 off 0.4487318792323138 __DUMMY__ 0.06675937904425647	false	1.0
wenn			neg 0.47475031047870053 off 0.45896132862793854 __DUMMY__ 0.06628836089336099	false	0.0
ehebruch	neg 1.0		neg 0.48255734174576287 off 0.4506781081095291 __DUMMY__ 0.06676455014470817	false	1.0
spott	off 1.0		neg 0.48366017414383694 off 0.4496342090158946 __DUMMY__ 0.06670561684026838	false	0.5
trostlosigkeit	neg 1.0		neg 0.48502290077510574 off 0.447939270104777 __DUMMY__ 0.0670378291201173	false	1.0
lutschen	neg 1.0		neg 0.47686020771902016 off 0.4570411627573055 __DUMMY__ 0.06609862952367435	false	1.0
undiszipliniert	neg 1.0		neg 0.47102358911268305 off 0.4629567312071005 __DUMMY__ 0.06601967968021653	false	1.0
kopfschmerz	neg 1.0		neg 0.48260356822788286 off 0.4509176164261639 __DUMMY__ 0.06647881534595326	false	1.0
unvorhergesehen	neg 1.0		neg 0.48003717858324835 off 0.45252845540422965 __DUMMY__ 0.06743436601252194	false	1.0
desinteressiert	neg 1.0	neg 1.0	neg 0.7221293002334649 off 0.2464706436637864 __DUMMY__ 0.03140005610274872	false	1.0
armselig	off 1.0		neg 0.47216664704698813 off 0.4621130371877015 __DUMMY__ 0.0657203157653104	false	0.5
desaster	neg 1.0		neg 0.4863707163958594 off 0.44653082729505805 __DUMMY__ 0.06709845630908251	false	1.0
tod	neg 1.0		neg 0.48039805117316814 off 0.4525794444524491 __DUMMY__ 0.06702250437438274	false	1.0
herzlos	neg 1.0		neg 0.4711316536592258 off 0.46298388306164395 __DUMMY__ 0.0658844632791302	false	1.0
unwissenheit	neg 1.0		neg 0.48232363788168414 off 0.4510596252036566 __DUMMY__ 0.06661673691465923	false	1.0
widersinnig	neg 1.0		neg 0.4839187672729768 off 0.4497171696181434 __DUMMY__ 0.06636406310887986	false	1.0
bedenklich	neg 1.0		neg 0.482990301549077 off 0.45030420734597026 __DUMMY__ 0.06670549110495275	false	1.0
beanstanden	neg 1.0		neg 0.4848924675832998 off 0.44810539493812207 __DUMMY__ 0.06700213747857826	false	1.0
panisch	neg 1.0	neg 1.0	neg 0.7232026195673171 off 0.2449583246484786 __DUMMY__ 0.031839055784204304	false	1.0
debil	off 1.0		neg 0.48815611945372234 off 0.4441830629281838 __DUMMY__ 0.06766081761809384	false	0.5
abstrich	neg 1.0		neg 0.47596078894549904 off 0.45681512083080766 __DUMMY__ 0.06722409022369322	false	1.0
primitiv	neg 1.0		neg 0.47338516032007055 off 0.46070290230529415 __DUMMY__ 0.06591193737463531	false	1.0
abschaum	off 1.0	off 1.0	off 0.7151708792957879 neg 0.25337414319579477 __DUMMY__ 0.03145497750841736	false	1.0
provozieren	neg 1.0		neg 0.4797705978882546 off 0.4539582431528696 __DUMMY__ 0.06627115895887582	false	1.0
tot	neg 1.0		neg 0.48144145066474003 off 0.4517929607318907 __DUMMY__ 0.0667655886033692	false	1.0
instabil	neg 1.0		neg 0.4726747542608115 off 0.4615576263371767 __DUMMY__ 0.06576761940201192	false	1.0
schwuchtel	off 1.0	off 1.0	off 0.7214521839510598 neg 0.2478001345903286 __DUMMY__ 0.03074768145861152	false	1.0
zerren	neg 1.0		neg 0.48056759093613005 off 0.4526396715604249 __DUMMY__ 0.06679273750344505	false	1.0
kinderficker	off 1.0		neg 0.4681425115176847 off 0.46609596546512944 __DUMMY__ 0.0657615230171858	false	0.5
gefahr	neg 1.0		neg 0.4841285251874781 off 0.4487182086301667 __DUMMY__ 0.06715326618235506	false	1.0
rabiat	neg 1.0		neg 0.4785157965152253 off 0.45484712579976816 __DUMMY__ 0.06663707768500643	false	1.0
verlangsamung	neg 1.0		neg 0.47036033793665494 off 0.4645413300821698 __DUMMY__ 0.06509833198117536	false	1.0
ausgestorben	neg 1.0		neg 0.47818536996857464 off 0.4550589386844118 __DUMMY__ 0.06675569134701355	false	1.0
anklagen	neg 1.0		neg 0.48255250798849475 off 0.4507380630923859 __DUMMY__ 0.06670942891911931	false	1.0
trott	neg 1.0		neg 0.478876810164044 off 0.45441574664830575 __DUMMY__ 0.06670744318765018	false	1.0
verminderung	neg 1.0		neg 0.47230990546393353 off 0.46159746440496174 __DUMMY__ 0.0660926301311048	false	1.0
nach			neg 0.48405787717224097 off 0.448035487947174 __DUMMY__ 0.06790663488058504	false	0.0
rost	neg 1.0		neg 0.4683090656270964 off 0.4660514961829401 __DUMMY__ 0.06563943818996343	false	1.0
destruktiv	neg 1.0		neg 0.4800696321200809 off 0.4534504470097185 __DUMMY__ 0.0664799208702005	false	1.0
unzumutbarkeit	neg 1.0		neg 0.4726731786658302 off 0.46100169322448376 __DUMMY__ 0.06632512810968615	false	1.0
labil	off 1.0	off 1.0	off 0.7149548726590786 neg 0.2535192890982565 __DUMMY__ 0.03152583824266484	false	1.0
ziemlich	neg 1.0		neg 0.47142852088275244 off 0.46215953773216434 __DUMMY__ 0.06641194138508319	false	1.0
lachnummer	off 1.0		neg 0.4797364118610275 off 0.45386342128463597 __DUMMY__ 0.06640016685433647	false	0.5
oder			neg 0.4765638187916795 off 0.45667353559308993 __DUMMY__ 0.06676264561523056	false	0.0
verfall	neg 1.0		neg 0.4880814279308143 off 0.4445928559072008 __DUMMY__ 0.06732571616198493	false	1.0
ausgrenzung	neg 1.0		neg 0.4781138361786905 off 0.4554662829685119 __DUMMY__ 0.0664198808527976	false	1.0
unordnung	neg 1.0		neg 0.4690941634564352 off 0.46457733845758215 __DUMMY__ 0.06632849808598282	false	1.0
fehlverhalten	neg 1.0		neg 0.48549588234500435 off 0.44779342604594713 __DUMMY__ 0.06671069160904847	false	1.0
eine			neg 0.4825564784835261 off 0.45018438041400355 __DUMMY__ 0.0672591411024703	false	0.0
nille	neg 1.0		neg 0.4786286262765855 off 0.4545996701198924 __DUMMY__ 0.06677170360352204	false	1.0
qual	neg 1.0		neg 0.4791672671793055 off 0.4540825953113289 __DUMMY__ 0.06675013750936556	false	1.0
verschwenden	neg 1.0		neg 0.48372058041292626 off 0.4495589016525619 __DUMMY__ 0.06672051793451196	false	1.0
riesig	neg 1.0		neg 0.4811259173977727 off 0.4518673933699652 __DUMMY__ 0.0670066892322621	false	1.0
verurteilen	neg 1.0		neg 0.48358432986428845 off 0.4499584356114736 __DUMMY__ 0.06645723452423787	false	1.0
klischee	neg 1.0	neg 1.0	neg 0.7244732972713939 off 0.24404530029727667 __DUMMY__ 0.03148140243132936	false	1.0
diktatorisch	neg 1.0		neg 0.4789742067922234 off 0.45464424098650374 __DUMMY__ 0.06638155222127291	false	1.0
vorhersehbar	neg 1.0		neg 0.4772002767338451 off 0.45665068310361717 __DUMMY__ 0.06614904016253768	false	1.0
sowie			neg 0.47076422208000684 off 0.4637303793463109 __DUMMY__ 0.06550539857368232	false	0.0
stornieren	neg 1.0		neg 0.47273247317370615 off 0.460160227066338 __DUMMY__ 0.06710729975995582	false	1.0
besteuerung	neg 1.0		neg 0.48112025339091363 off 0.4527483464070346 __DUMMY__ 0.06613140020205183	false	1.0
ungeschminkt	neg 1.0		neg 0.4754199301876958 off 0.45892341647159446 __DUMMY__ 0.06565665334070989	false	1.0
kritisch	neg 1.0		neg 0.48291692078561077 off 0.4503044633105793 __DUMMY__ 0.06677861590381003	false	1.0
schlamperei	off 1.0		neg 0.48321936870487153 off 0.4497589584297193 __DUMMY__ 0.06702167286540911	false	0.5
sucht	neg 1.0	neg 1.0	neg 0.7228212600529785 off 0.24506426524987654 __DUMMY__ 0.03211447469714492	false	1.0
egoistisch	off 1.0		neg 0.46911788538561605 off 0.4653224207508444 __DUMMY__ 0.06555969386353963	false	0.5
ausbeuter	off 1.0		neg 0.48620082619250166 off 0.4471944029046632 __DUMMY__ 0.06660477090283519	false	0.5
arschgeburt	off 1.0		off 0.4703045262465699 neg 0.4651291151863964 __DUMMY__ 0.06456635856703363	false	1.0
schubs	neg 1.0		neg 0.4796613113540911 off 0.45346684380993213 __DUMMY__ 0.06687184483597677	false	1.0
unsolide	neg 1.0		neg 0.4793923220663141 off 0.45444095823475766 __DUMMY__ 0.06616671969892833	false	1.0
beschwerde	neg 1.0		neg 0.4841557652005719 off 0.44913106251681895 __DUMMY__ 0.06671317228260913	false	1.0
stocken	neg 1.0		neg 0.48342962459430266 off 0.44965545480504276 __DUMMY__ 0.06691492060065454	false	1.0
isolieren	neg 1.0		neg 0.4824239084455417 off 0.4508364180846052 __DUMMY__ 0.0667396734698532	false	1.0
unheilbar	neg 1.0		neg 0.478545705933651 off 0.4548551582748015 __DUMMY__ 0.06659913579154772	false	1.0
pisser	off 1.0		neg 0.4733332396545423 off 0.4610116451975277 __DUMMY__ 0.06565511514793006	false	0.5
löschen	neg 1.0		neg 0.4786062031545487 off 0.45471036979610274 __DUMMY__ 0.06668342704934863	false	1.0
durchfallen	neg 1.0		neg 0.483192865316893 off 0.45022180737658984 __DUMMY__ 0.06658532730651706	false	1.0
wichser	off 1.0	off 1.0	off 0.7208093821672876 neg 0.24819213179336683 __DUMMY__ 0.030998486039345564	false	1.0
terror	neg 1.0		neg 0.4749268433277024 off 0.45853783077313537 __DUMMY__ 0.06653532589916228	false	1.0
krass	neg 1.0		neg 0.4702004908773254 off 0.46394967390703734 __DUMMY__ 0.06584983521563723	false	1.0
revolte	neg 1.0		neg 0.4775761570411868 off 0.4560263447404431 __DUMMY__ 0.06639749821837021	false	1.0
besorgt	neg 1.0		neg 0.4774808178573269 off 0.45530903635360354 __DUMMY__ 0.0672101457890696	false	1.0
nachlassen	neg 1.0		neg 0.48249835139030073 off 0.45045208474692605 __DUMMY__ 0.06704956386277319	false	1.0
alt	neg 1.0		neg 0.4821265578748514 off 0.4512299578916432 __DUMMY__ 0.06664348423350544	false	1.0
hundesohn	off 1.0		off 0.46816932797010585 neg 0.4667339785315678 __DUMMY__ 0.06509669349832624	false	1.0
als			neg 0.47984985862035573 off 0.45324548473380327 __DUMMY__ 0.06690465664584112	false	0.0
abschreckung	neg 1.0		neg 0.4854571125652144 off 0.4475733227261684 __DUMMY__ 0.06696956470861735	false	1.0
unqualifiziert	neg 1.0		neg 0.47654523731378073 off 0.45738666801375505 __DUMMY__ 0.06606809467246415	false	1.0
abgewichst	off 1.0		neg 0.47866054029252647 off 0.45444331628823836 __DUMMY__ 0.06689614341923512	false	0.5
schwer	neg 1.0		neg 0.47965959591163576 off 0.45373666764897536 __DUMMY__ 0.0666037364393889	false	1.0
bedeutungslosigkeit	neg 1.0		neg 0.48443646944748797 off 0.4486650840977516 __DUMMY__ 0.06689844645476055	false	1.0
kapitulation	neg 1.0		neg 0.48300514372495895 off 0.4501530887586159 __DUMMY__ 0.06684176751642512	false	1.0
unscharf	neg 1.0		neg 0.4773274314528047 off 0.45643124090223725 __DUMMY__ 0.06624132764495803	false	1.0
schwinden	neg 1.0		neg 0.48508136123734025 off 0.44805027028417665 __DUMMY__ 0.066868368478483	false	1.0
versklavung	neg 1.0		neg 0.47892835890041235 off 0.45459445943299126 __DUMMY__ 0.06647718166659636	false	1.0
schlecht	neg 1.0		neg 0.471478465557772 off 0.4621432289967408 __DUMMY__ 0.06637830544548722	false	1.0
verhasst	neg 1.0		neg 0.48005231588004804 off 0.45383853864647433 __DUMMY__ 0.06610914547347764	false	1.0
beschweren	neg 1.0		neg 0.47662744952646213 off 0.45687097372351415 __DUMMY__ 0.06650157675002372	false	1.0
scheiden	neg 1.0		neg 0.4770836520133967 off 0.4560335068005028 __DUMMY__ 0.06688284118610045	false	1.0
frustriert	neg 1.0		neg 0.4811156486792845 off 0.45230307057258756 __DUMMY__ 0.06658128074812786	false	1.0
schimmelig	neg 1.0		neg 0.4846190215307193 off 0.44905989340280134 __DUMMY__ 0.06632108506647941	false	1.0
fisch	neg 1.0		neg 0.48604526407951865 off 0.44724075232283805 __DUMMY__ 0.06671398359764324	false	1.0
schmuggel	neg 1.0		neg 0.48362018060065376 off 0.44945959662696233 __DUMMY__ 0.06692022277238394	false	1.0
auffallen	neg 1.0		neg 0.4757183263444463 off 0.45782111518962104 __DUMMY__ 0.06646055846593257	false	1.0
konkurrenz	neg 1.0		neg 0.4856967042503016 off 0.44729275109878514 __DUMMY__ 0.06701054465091347	false	1.0
teufelskreis	neg 1.0	neg 1.0	neg 0.7269907554108426 off 0.24140614155543771 __DUMMY__ 0.031603103033719736	false	1.0
aufschreien	neg 1.0		neg 0.4770743905986646 off 0.4566833606666004 __DUMMY__ 0.06624224873473496	false	1.0
schuldner	neg 1.0		neg 0.4869741230113586 off 0.44639196790338154 __DUMMY__ 0.0666339090852597	false	1.0
missgeburt	off 1.0	off 1.0	off 0.7179628902374862 neg 0.2509938868742274 __DUMMY__ 0.031043222888286412	false	1.0
arbeitslos	neg 1.0		neg 0.48260170972878486 off 0.4507949378883979 __DUMMY__ 0.06660335238281731	false	1.0
befallen	neg 1.0		neg 0.48300405946830655 off 0.45063766032959757 __DUMMY__ 0.06635828020209582	false	1.0
miesepetrig	off 1.0	off 1.0	off 0.7160365096614937 neg 0.2523927755855019 __DUMMY__ 0.03157071475300453	false	1.0
alarmieren	neg 1.0		neg 0.47640608179240784 off 0.45755239667875597 __DUMMY__ 0.06604152152883626	false	1.0
ungeduscht	off 1.0		neg 0.47616770376882966 off 0.4578023137282198 __DUMMY__ 0.06602998250295058	false	0.5
knappheit	neg 1.0		neg 0.4848101480496962 off 0.4487959863190056 __DUMMY__ 0.06639386563129823	false	1.0
schlange	neg 1.0		neg 0.4746051576626146 off 0.4584857932192736 __DUMMY__ 0.0669090491181119	false	1.0
harsch	neg 1.0		neg 0.4676656551214687 off 0.46626820232302973 __DUMMY__ 0.06606614255550163	false	1.0
lang	neg 1.0		neg 0.4773831705190389 off 0.4559377735801556 __DUMMY__ 0.06667905590080545	false	1.0
ziellos	neg 1.0		neg 0.48062468437509864 off 0.45231755256911343 __DUMMY__ 0.06705776305578777	false	1.0
selbstverliebt	neg 1.0		off 0.46953904874928587 neg 0.46548933112621826 __DUMMY__ 0.06497162012449573	false	0.5
beseitigen	neg 1.0		neg 0.48025229631834726 off 0.4530076689908035 __DUMMY__ 0.06674003469084928	false	1.0
dumm	off 1.0		neg 0.4677166380358956 off 0.4666648536325627 __DUMMY__ 0.06561850833154166	false	0.5
arbeitsloser	neg 1.0		neg 0.4803147944416585 off 0.45272433805464124 __DUMMY__ 0.06696086750370014	false	1.0
blitzen	neg 1.0		neg 0.4749319225206193 off 0.4585593792984964 __DUMMY__ 0.06650869818088428	false	1.0
hilflos	neg 1.0		neg 0.48149761089136023 off 0.4518866104197449 __DUMMY__ 0.06661577868889482	false	1.0
eklig	off 1.0		neg 0.46932761393638284 off 0.46543087234168606 __DUMMY__ 0.06524151372193125	false	0.5
begriff			neg 0.47930355983827994 off 0.4540030936906521 __DUMMY__ 0.06669334647106787	false	0.0
hungersnot	neg 1.0		neg 0.482000380184885 off 0.45128221128811397 __DUMMY__ 0.06671740852700116	false	1.0
ungesetzlich	neg 1.0		neg 0.4806694577585304 off 0.453135458194863 __DUMMY__ 0.0661950840466066	false	1.0
verschwendung	neg 1.0		neg 0.48346890853343927 off 0.4496566322774892 __DUMMY__ 0.06687445918907155	false	1.0
schmerzvoll	neg 1.0		neg 0.47752910146826016 off 0.45603735724114386 __DUMMY__ 0.06643354129059599	false	1.0
vorzeitig	neg 1.0		neg 0.47713486997956284 off 0.4565972389423617 __DUMMY__ 0.06626789107807547	false	1.0
unvollkommenheit	neg 1.0		neg 0.47877775700381825 off 0.45397973911323986 __DUMMY__ 0.067242503882942	false	1.0
intervenieren	neg 1.0		neg 0.4846281809588025 off 0.4486233023157691 __DUMMY__ 0.06674851672542854	false	1.0
banause	off 1.0		neg 0.46786583628117673 off 0.46722762739814033 __DUMMY__ 0.064906536320683	false	0.5
rebell	neg 1.0		neg 0.4867618328707512 off 0.44609569422328155 __DUMMY__ 0.06714247290596731	false	1.0
unlogisch	neg 1.0		neg 0.4716740163237993 off 0.4624968750345723 __DUMMY__ 0.06582910864162843	false	1.0
leiden	neg 1.0		neg 0.482368793796606 off 0.4503993288823991 __DUMMY__ 0.06723187732099482	false	1.0
abschaffung	neg 1.0		neg 0.47878731894874493 off 0.4546421611532516 __DUMMY__ 0.06657051989800329	false	1.0
sturz	neg 1.0		neg 0.47772583943585095 off 0.45548966650268247 __DUMMY__ 0.06678449406146658	false	1.0
verkleinerung	neg 1.0		neg 0.47788071393928333 off 0.45601076206538216 __DUMMY__ 0.06610852399533455	false	1.0
schmarotzer	off 1.0		neg 0.4823765546526831 off 0.4511531173610095 __DUMMY__ 0.06647032798630748	false	0.5
bestrafung	neg 1.0		neg 0.4780667224785196 off 0.4554206038733355 __DUMMY__ 0.06651267364814496	false	1.0
achtlos	neg 1.0	neg 1.0	neg 0.7257938666856452 off 0.2423933605566189 __DUMMY__ 0.031812772757736	false	1.0
ungeheuer	neg 1.0		neg 0.4758497211023229 off 0.45763112447500304 __DUMMY__ 0.06651915442267418	false	1.0
unaufrichtig	neg 1.0		neg 0.4733441385264963 off 0.4598852512286071 __DUMMY__ 0.06677061024489667	false	1.0
groggy	neg 1.0		neg 0.4757200392801266 off 0.4578455461838528 __DUMMY__ 0.06643441453602072	false	1.0
