unsolidarisch	neg 1.0		neg 0.5120816283339332 off 0.48100702666170453 __DUMMY__ 0.006911345004362242	false	1.0
nachteilig	neg 1.0		neg 0.5142314305481999 off 0.4787929649601325 __DUMMY__ 0.0069756044916676275	false	1.0
skeptisch	neg 1.0		neg 0.5145771897428777 off 0.47843895204220765 __DUMMY__ 0.006983858214914647	false	1.0
schrecklich	neg 1.0		neg 0.49959125293862916 off 0.49352599406295683 __DUMMY__ 0.006882752998413966	false	1.0
schlapp	neg 1.0		neg 0.503247360857144 off 0.4898356099710225 __DUMMY__ 0.006917029171833394	false	1.0
abfall	neg 1.0		neg 0.5175017233677051 off 0.4754780520035712 __DUMMY__ 0.0070202246287236255	false	1.0
widerspenstig	neg 1.0		neg 0.5088853081352716 off 0.48416353149935826 __DUMMY__ 0.006951160365370282	false	1.0
abrupt	neg 1.0		neg 0.5130146432085471 off 0.47999507837098 __DUMMY__ 0.006990278420472934	false	1.0
unwirksam	neg 1.0		neg 0.5125007180072367 off 0.48059837564801894 __DUMMY__ 0.006900906344744257	false	1.0
angreifen	neg 1.0		neg 0.515890888794072 off 0.47714403482914813 __DUMMY__ 0.006965076376779988	false	1.0
inkonsistent	neg 1.0		neg 0.5104401580140562 off 0.4826522992331718 __DUMMY__ 0.006907542752772116	false	1.0
abrutschen	neg 1.0		neg 0.5180363854705237 off 0.4749639575897188 __DUMMY__ 0.006999656939757523	false	1.0
unsicher	neg 1.0		neg 0.5081558253521857 off 0.48487075951826225 __DUMMY__ 0.006973415129552005	false	1.0
bauernkind	off 1.0	off 1.0	off 0.728692462762678 neg 0.2681009934403809 __DUMMY__ 0.0032065437969410198	false	1.0
angreifer	neg 1.0	neg 1.0	neg 0.7389431642496072 off 0.2577505264740595 __DUMMY__ 0.0033063092763333116	false	1.0
trennen	neg 1.0		neg 0.5135672141045486 off 0.4794238723645219 __DUMMY__ 0.0070089135309295125	false	1.0
schmutz	neg 1.0		neg 0.5060385808531296 off 0.4869925781315643 __DUMMY__ 0.006968841015306205	false	1.0
inkonsistenz	neg 1.0		neg 0.5071637430894204 off 0.4859808890776029 __DUMMY__ 0.006855367832976751	false	1.0
erschreckend	neg 1.0		neg 0.5109230060349785 off 0.48213295996033617 __DUMMY__ 0.0069440340046851195	false	1.0
ertrinken	neg 1.0		neg 0.5150510433188525 off 0.4779811095258334 __DUMMY__ 0.006967847155314117	false	1.0
pickelface	off 1.0		neg 0.5102855758758292 off 0.48275519064794503 __DUMMY__ 0.006959233476225663	false	0.5
seiner			neg 0.5140750311443468 off 0.47894001370733746 __DUMMY__ 0.006984955148315659	false	0.0
lauch	neg 1.0		neg 0.5166848435189945 off 0.47630528645031006 __DUMMY__ 0.007009870030695566	false	1.0
unwichtig	neg 1.0		neg 0.5052873771817205 off 0.48781618551308764 __DUMMY__ 0.006896437305191963	false	1.0
steuerhinterziehung	neg 1.0	neg 1.0	neg 0.7424288340320684 off 0.2542680212161122 __DUMMY__ 0.00330314475181946	false	1.0
schock	neg 1.0		neg 0.5102973676240015 off 0.48274427892329247 __DUMMY__ 0.006958353452706067	false	1.0
beule	neg 1.0		neg 0.5037461638204749 off 0.48936846813498547 __DUMMY__ 0.006885368044539589	false	1.0
vergelten	neg 1.0		neg 0.49919436597110356 off 0.49388461989550136 __DUMMY__ 0.006921014133395184	false	1.0
verdorbenheit	neg 1.0		neg 0.5059256937460836 off 0.48708324759804716 __DUMMY__ 0.006991058655869138	false	1.0
trauma	neg 1.0		neg 0.508534757354468 off 0.4845228140752592 __DUMMY__ 0.006942428570272809	false	1.0
sinnlos	neg 1.0		neg 0.5070606686202526 off 0.48600446201668873 __DUMMY__ 0.006934869363058742	false	1.0
fettsack	off 1.0	off 1.0	off 0.7303588022438182 neg 0.2664198258466201 __DUMMY__ 0.0032213719095616935	false	1.0
feige	off 1.0	off 1.0	off 0.7281127213823507 neg 0.2686264490135196 __DUMMY__ 0.003260829604129583	false	1.0
abdanken	neg 1.0		neg 0.5110407339322257 off 0.48201635630051426 __DUMMY__ 0.0069429097672600954	false	1.0
wichtigtuer	off 1.0	off 1.0	off 0.7273701494990458 neg 0.26934838229300107 __DUMMY__ 0.0032814682079531092	false	1.0
misslingen	neg 1.0		neg 0.503930970260385 off 0.48904075436433503 __DUMMY__ 0.007028275375280005	false	1.0
untreu	off 1.0		neg 0.5044133385257752 off 0.48868811210462365 __DUMMY__ 0.006898549369600968	false	0.5
missmutig	neg 1.0		neg 0.5042778156719812 off 0.4888042319139559 __DUMMY__ 0.006917952414062875	false	1.0
hurenbock	off 1.0		neg 0.5068526810884202 off 0.4862026696666426 __DUMMY__ 0.006944649244937141	false	0.5
betrunken	neg 1.0		neg 0.5018620609254965 off 0.49123859095005973 __DUMMY__ 0.006899348124443758	false	1.0
korrupt	off 1.0		neg 0.5149479301383992 off 0.4781332475724447 __DUMMY__ 0.006918822289156099	false	0.5
unmut	neg 1.0		neg 0.517256636097494 off 0.4757324615672786 __DUMMY__ 0.007010902335227457	false	1.0
hackfresse	off 1.0		neg 0.4971974526411509 off 0.49596839663519793 __DUMMY__ 0.006834150723651154	false	0.5
aufblasen	neg 1.0		neg 0.5070218440490908 off 0.4860339351744596 __DUMMY__ 0.006944220776449502	false	1.0
gewaltsam	neg 1.0		neg 0.5110179913092621 off 0.48202110843687945 __DUMMY__ 0.006960900253858519	false	1.0
unbeliebtheit	neg 1.0		neg 0.5082522220918981 off 0.48487765134678124 __DUMMY__ 0.006870126561320564	false	1.0
sturheit	neg 1.0		neg 0.512238483090325 off 0.4808234298972537 __DUMMY__ 0.006938087012421179	false	1.0
kuh	neg 1.0		neg 0.5106869670276544 off 0.4824499289946795 __DUMMY__ 0.006863103977666073	false	1.0
erschrecken	neg 1.0		neg 0.5041935095168201 off 0.4888784611607191 __DUMMY__ 0.006928029322460847	false	1.0
opfer	neg 1.0		neg 0.5131785033903946 off 0.47984741626867666 __DUMMY__ 0.006974080340928769	false	1.0
sinken	neg 1.0		neg 0.5169478915550522 off 0.4760514031105747 __DUMMY__ 0.007000705334373132	false	1.0
stinktier	neg 1.0		neg 0.5045025368384595 off 0.4887152822093766 __DUMMY__ 0.006782180952163916	false	1.0
tucke	off 1.0		neg 0.49814590794469893 off 0.4950640069219698 __DUMMY__ 0.006790085133331191	false	0.5
ein			neg 0.5081327644165152 off 0.48492400480079534 __DUMMY__ 0.006943230782689448	false	0.0
abstieg	neg 1.0		neg 0.514987646296213 off 0.4780420715133734 __DUMMY__ 0.006970282190413633	false	1.0
missverstehen	neg 1.0		neg 0.5077216890350691 off 0.48537555967749496 __DUMMY__ 0.0069027512874358255	false	1.0
ergebnislos	neg 1.0		neg 0.5139703076190405 off 0.4790357703161395 __DUMMY__ 0.006993922064819954	false	1.0
unter			neg 0.5197426593252931 off 0.47317314866398746 __DUMMY__ 0.007084192010719488	false	0.0
manipulieren	neg 1.0		neg 0.5149325859991498 off 0.47807889486778665 __DUMMY__ 0.006988519133063461	false	1.0
unbewiesen	neg 1.0		neg 0.5127928224789098 off 0.48030710255995734 __DUMMY__ 0.006900074961132856	false	1.0
verschleppen	neg 1.0		neg 0.5140259250364553 off 0.47902114003834867 __DUMMY__ 0.0069529349251958575	false	1.0
weib	off 1.0		neg 0.500128238297088 off 0.4931030357699216 __DUMMY__ 0.00676872593299046	false	0.5
opposition	neg 1.0		neg 0.5091089502277031 off 0.4839756208484302 __DUMMY__ 0.0069154289238666615	false	1.0
verkehrswidrig	neg 1.0		neg 0.4969614715093302 off 0.4961088503673001 __DUMMY__ 0.006929678123369807	false	1.0
inkorrekt	neg 1.0		neg 0.5025428048545889 off 0.49060447321976836 __DUMMY__ 0.006852721925642748	false	1.0
vermeiden	neg 1.0	neg 1.0	neg 0.7442592850242027 off 0.2523816838380918 __DUMMY__ 0.0033590311377055503	false	1.0
abweichung	neg 1.0		neg 0.5130281528155778 off 0.4799951485171013 __DUMMY__ 0.006976698667320904	false	1.0
alkoholisiert	neg 1.0		neg 0.5122673764710857 off 0.4807258277067802 __DUMMY__ 0.007006795822134005	false	1.0
scheiss	off 1.0	off 1.0	off 0.729358020528545 neg 0.26736932878258124 __DUMMY__ 0.0032726506888737486	false	1.0
herausforderung	neg 1.0		neg 0.5138789796141311 off 0.4791255859562875 __DUMMY__ 0.0069954344295813245	false	1.0
pervers	off 1.0		off 0.49840921487776757 neg 0.4947997527617299 __DUMMY__ 0.006791032360502602	false	1.0
wackelig	neg 1.0		neg 0.5084933569199126 off 0.484494204885337 __DUMMY__ 0.007012438194750162	false	1.0
verwickeln	neg 1.0		neg 0.5083132532010561 off 0.48478011732578463 __DUMMY__ 0.006906629473159158	false	1.0
vorwand	neg 1.0		neg 0.5155525793747777 off 0.4774666657836681 __DUMMY__ 0.006980754841554236	false	1.0
muschi	off 1.0		neg 0.5101744872692487 off 0.4828675803980818 __DUMMY__ 0.0069579323326695855	false	0.5
entmutigung	neg 1.0		neg 0.5094265158552774 off 0.48365017502275415 __DUMMY__ 0.0069233091219684665	false	1.0
unangemessen	neg 1.0		neg 0.51289679856501 off 0.4801717139962659 __DUMMY__ 0.006931487438724044	false	1.0
unstetig	neg 1.0		neg 0.5059941961654244 off 0.4870672621177848 __DUMMY__ 0.006938541716790893	false	1.0
entmutigen	neg 1.0		neg 0.5086039065291771 off 0.4844561712166889 __DUMMY__ 0.006939922254133966	false	1.0
schwanz	neg 1.0		neg 0.5128942308561845 off 0.4801336932777282 __DUMMY__ 0.006972075866087429	false	1.0
verbot	neg 1.0		neg 0.5136415769930341 off 0.4794071676447346 __DUMMY__ 0.006951255362231198	false	1.0
leid	neg 1.0		neg 0.49929899294617086 off 0.49385393997579935 __DUMMY__ 0.006847067078029892	false	1.0
archaisch	neg 1.0		neg 0.5114780159349062 off 0.48157302952431547 __DUMMY__ 0.006948954540778502	false	1.0
gegen			neg 0.5164344113800002 off 0.47655684551218863 __DUMMY__ 0.007008743107811054	false	0.0
scheidung	neg 1.0		off 0.5053398316770089 neg 0.4878504612239136 __DUMMY__ 0.006809707099077506	false	0.5
einschlag	neg 1.0		neg 0.5014390497743986 off 0.49167748164427877 __DUMMY__ 0.00688346858132275	false	1.0
m			neg 0.5108081812978412 off 0.4822079577077369 __DUMMY__ 0.006983860994421945	false	0.0
abgestanden	neg 1.0		neg 0.5097788706619315 off 0.48329890257167873 __DUMMY__ 0.006922226766389552	false	1.0
schmierig	off 1.0		neg 0.49932212946063315 off 0.4938121231177804 __DUMMY__ 0.006865747421586418	false	0.5
unpraktisch	neg 1.0		neg 0.5072563472398591 off 0.4857989965377047 __DUMMY__ 0.006944656222436011	false	1.0
wixxer	off 1.0		off 0.4971930231231905 neg 0.49604125324624604 __DUMMY__ 0.006765723630563448	false	1.0
bezeichnet			neg 0.5113812306850107 off 0.48170319364146924 __DUMMY__ 0.006915575673519915	false	0.0
jammerlappen	off 1.0		neg 0.5038159908259753 off 0.48926331906671 __DUMMY__ 0.006920690107314563	false	0.5
farce	neg 1.0		neg 0.5134804215105694 off 0.4795903335078735 __DUMMY__ 0.006929244981557048	false	1.0
zwecklos	neg 1.0		neg 0.5128774329853155 off 0.48018180965824253 __DUMMY__ 0.006940757356441852	false	1.0
turbulent	neg 1.0		neg 0.5053501417232454 off 0.4877922765887011 __DUMMY__ 0.0068575816880534135	false	1.0
invasion	neg 1.0		neg 0.5075096433341819 off 0.48555884005782546 __DUMMY__ 0.006931516607992643	false	1.0
schuld	neg 1.0		neg 0.5096133099906964 off 0.48346716704767484 __DUMMY__ 0.006919522961628841	false	1.0
risiko	neg 1.0	neg 1.0	neg 0.7389778920428925 off 0.25770744250005523 __DUMMY__ 0.0033146654570521926	false	1.0
finster	neg 1.0		neg 0.5092362719444241 off 0.48384922423110444 __DUMMY__ 0.0069145038244713755	false	1.0
geisteskrank	off 1.0		neg 0.5049662831972258 off 0.48817707223104057 __DUMMY__ 0.0068566445717336425	false	0.5
zusammenbrechen	neg 1.0		neg 0.5113299020913691 off 0.48170683756129 __DUMMY__ 0.00696326034734091	false	1.0
ausbeute	neg 1.0		neg 0.5067879010611606 off 0.4861366434020595 __DUMMY__ 0.0070754555367799985	false	1.0
hinterhalt	neg 1.0		neg 0.5077983859886086 off 0.4851836084240094 __DUMMY__ 0.007018005587381962	false	1.0
kritik	neg 1.0		neg 0.5139773120975141 off 0.4790966838604588 __DUMMY__ 0.00692600404202722	false	1.0
einschrumpfen	neg 1.0		neg 0.5067191718912278 off 0.4863855622636723 __DUMMY__ 0.006895265845099923	false	1.0
riskant	neg 1.0		neg 0.5149050142705182 off 0.4781303786517214 __DUMMY__ 0.006964607077760355	false	1.0
frustrieren	neg 1.0		neg 0.5134735577200974 off 0.47955992468712594 __DUMMY__ 0.0069665175927766144	false	1.0
groll	neg 1.0		neg 0.5135701706239252 off 0.47948916066846964 __DUMMY__ 0.00694066870760512	false	1.0
gibt			neg 0.5106932325109297 off 0.4823345634701703 __DUMMY__ 0.006972204018899996	false	0.0
qualvoll	neg 1.0		neg 0.5062631990368545 off 0.4868120814588259 __DUMMY__ 0.006924719504319675	false	1.0
wackeln	neg 1.0		neg 0.5071967092294041 off 0.48583749762309775 __DUMMY__ 0.006965793147498201	false	1.0
klagen	neg 1.0		neg 0.5172952446850213 off 0.47571275739131286 __DUMMY__ 0.006991997923666049	false	1.0
bankrott	neg 1.0		neg 0.5037183070591453 off 0.4893451300661763 __DUMMY__ 0.006936562874678347	false	1.0
trauern	neg 1.0		neg 0.5127979118070773 off 0.4802106246291826 __DUMMY__ 0.0069914635637400155	false	1.0
ablehnung	neg 1.0		neg 0.5136797573012435 off 0.4793831257688397 __DUMMY__ 0.006937116929916922	false	1.0
stur	neg 1.0		neg 0.5090742417294524 off 0.48400230666153654 __DUMMY__ 0.006923451609011134	false	1.0
aufruhr	neg 1.0		neg 0.5112553083981468 off 0.481796350136608 __DUMMY__ 0.006948341465245011	false	1.0
melancholie	neg 1.0		neg 0.5129726844620195 off 0.4800628992084451 __DUMMY__ 0.00696441632953552	false	1.0
ist			neg 0.5072015615033875 off 0.48586039086132327 __DUMMY__ 0.006938047635289093	false	0.0
torheit	neg 1.0		neg 0.5096827387262917 off 0.4833788507273929 __DUMMY__ 0.0069384105463154	false	1.0
dreckskind	off 1.0		neg 0.5007335426144239 off 0.492465639404935 __DUMMY__ 0.0068008179806410924	false	0.5
umtauschen	neg 1.0		neg 0.5089737579766894 off 0.48406550709864615 __DUMMY__ 0.0069607349246643595	false	1.0
zum			neg 0.5150137691003229 off 0.4779031766635731 __DUMMY__ 0.007083054236103924	false	0.0
zersetzen	neg 1.0		neg 0.5162726148159142 off 0.4767655737614744 __DUMMY__ 0.00696181142261152	false	1.0
zur			neg 0.5174907848984429 off 0.47545023770259937 __DUMMY__ 0.007058977398957825	false	0.0
frust	neg 1.0		neg 0.5112467816823116 off 0.48178742131302615 __DUMMY__ 0.006965797004662326	false	1.0
unerbittlichkeit	neg 1.0		neg 0.5156620122559528 off 0.47736491643431306 __DUMMY__ 0.006973071309734255	false	1.0
zwei			neg 0.5142410082760207 off 0.47869031970594395 __DUMMY__ 0.007068672018035216	false	0.0
unkorrekt	neg 1.0		neg 0.5011761558588441 off 0.49194097147514765 __DUMMY__ 0.006882872666008239	false	1.0
hexe	off 1.0		neg 0.507786972042102 off 0.4853675960969877 __DUMMY__ 0.0068454318609104895	false	0.5
lasch	neg 1.0		neg 0.5071443297009486 off 0.48596601449406396 __DUMMY__ 0.0068896558049876076	false	1.0
rivale	neg 1.0		neg 0.5029290394128545 off 0.49019456897864055 __DUMMY__ 0.006876391608505014	false	1.0
mutlos	off 1.0	off 1.0	off 0.7233092548325659 neg 0.2733847989004536 __DUMMY__ 0.0033059462669804644	false	1.0
wirr	off 1.0		neg 0.5024024197189743 off 0.49075461096255407 __DUMMY__ 0.006842969318471772	false	0.5
jahr			neg 0.5092154238544427 off 0.4836943681556277 __DUMMY__ 0.007090207989929506	false	0.0
wird			neg 0.5125247066755226 off 0.4805064819898676 __DUMMY__ 0.00696881133460965	false	0.0
strafbar	neg 1.0		neg 0.5138890288936961 off 0.4791403769968763 __DUMMY__ 0.0069705941094276355	false	1.0
erosion	neg 1.0		neg 0.5079141431449047 off 0.4851124492161209 __DUMMY__ 0.006973407638974508	false	1.0
eingehen	neg 1.0		neg 0.5141738599824199 off 0.4788653586336681 __DUMMY__ 0.006960781383911983	false	1.0
faul	off 1.0		neg 0.5041728188451673 off 0.48889885292375634 __DUMMY__ 0.006928328231076362	false	0.5
provisorium	neg 1.0		neg 0.5174855089840057 off 0.47540800868452876 __DUMMY__ 0.007106482331465578	false	1.0
schmerzen	neg 1.0		neg 0.5116604245551898 off 0.4814062271730748 __DUMMY__ 0.006933348271735469	false	1.0
schrumpfen	neg 1.0		neg 0.5198880841108515 off 0.4731015665577841 __DUMMY__ 0.007010349331364354	false	1.0
geistlos	off 1.0		neg 0.509264218143814 off 0.4838520887052485 __DUMMY__ 0.006883693150937521	false	0.5
fehlkauf	neg 1.0		neg 0.5077332902878736 off 0.48533354973523435 __DUMMY__ 0.006933159976892133	false	1.0
frustrierend	neg 1.0		neg 0.5050531664935843 off 0.48802321306820384 __DUMMY__ 0.006923620438211749	false	1.0
unzufrieden	neg 1.0		neg 0.5129752526100372 off 0.48007832465661704 __DUMMY__ 0.006946422733345884	false	1.0
verzweifeln	neg 1.0		neg 0.5107143708269977 off 0.4823336299665405 __DUMMY__ 0.006951999206461892	false	1.0
verzweifelt	neg 1.0	neg 1.0	neg 0.7406346182675255 off 0.2560838171736432 __DUMMY__ 0.003281564558831399	false	1.0
misstrauensantrag	neg 1.0		neg 0.507179530579199 off 0.4858885582367723 __DUMMY__ 0.006931911184028687	false	1.0
abfallen	neg 1.0		neg 0.5071522090239252 off 0.48588430583808173 __DUMMY__ 0.006963485137993049	false	1.0
fucker	off 1.0		neg 0.5012914572520416 off 0.4918149452845428 __DUMMY__ 0.006893597463415578	false	0.5
ungezogen	neg 1.0		off 0.4976113119003397 neg 0.49558851019961414 __DUMMY__ 0.006800177900046013	false	0.5
irrsinnig	neg 1.0	neg 1.0	neg 0.7402321360226811 off 0.2564792509404618 __DUMMY__ 0.0032886130368570184	false	1.0
unfassbar	neg 1.0		neg 0.5026349363784106 off 0.490454092056917 __DUMMY__ 0.006910971564672402	false	1.0
hart	neg 1.0		neg 0.5043588071100913 off 0.4887490904366503 __DUMMY__ 0.006892102453258422	false	1.0
widerlich	off 1.0		neg 0.5038509982141206 off 0.4892741899949064 __DUMMY__ 0.00687481179097289	false	0.5
fatal	neg 1.0		neg 0.5072215305087727 off 0.4858487841118667 __DUMMY__ 0.006929685379360418	false	1.0
bruch	neg 1.0		neg 0.5165827685290943 off 0.47642179369565235 __DUMMY__ 0.0069954377752532906	false	1.0
aushungern	neg 1.0		neg 0.5117849022899251 off 0.4812536807118589 __DUMMY__ 0.006961416998215874	false	1.0
anspannung	neg 1.0		neg 0.5169633652951966 off 0.4759849730475757 __DUMMY__ 0.007051661657227677	false	1.0
von			neg 0.5083687688032753 off 0.48452639298445743 __DUMMY__ 0.007104838212267237	false	0.0
kraftlos	neg 1.0		neg 0.5114220604933188 off 0.4816041609626903 __DUMMY__ 0.006973778543990741	false	1.0
vom			neg 0.5164189345820114 off 0.4764683457137793 __DUMMY__ 0.007112719704209231	false	0.0
grenzdebil	off 1.0		neg 0.5022486184861883 off 0.4908427102981625 __DUMMY__ 0.006908671215649207	false	0.5
vor			neg 0.5141569405850038 off 0.47882323564892676 __DUMMY__ 0.0070198237660694515	false	0.0
unterwerfen	neg 1.0		neg 0.5138009409423838 off 0.479234123953201 __DUMMY__ 0.006964935104415164	false	1.0
versenkung	neg 1.0		neg 0.5117573139672027 off 0.4812455377057588 __DUMMY__ 0.006997148327038598	false	1.0
entziehen	neg 1.0		neg 0.51617098164943 off 0.4768311938009783 __DUMMY__ 0.006997824549591842	false	1.0
finanzkrise	neg 1.0		neg 0.5134400777962258 off 0.4796480423676121 __DUMMY__ 0.006911879836162196	false	1.0
schimpfend	neg 1.0		neg 0.5074551203029909 off 0.4856153128454689 __DUMMY__ 0.006929566851540173	false	1.0
profan	neg 1.0		neg 0.507202518502983 off 0.48588046816853014 __DUMMY__ 0.0069170133284868355	false	1.0
korruption	neg 1.0		neg 0.5143068213923885 off 0.47874731019172306 __DUMMY__ 0.006945868415888361	false	1.0
â			neg 0.5110805314354825 off 0.48192725805788345 __DUMMY__ 0.0069922105066340095	false	0.0
schmutzig	neg 1.0		neg 0.5016996550114278 off 0.49139251055076 __DUMMY__ 0.006907834437812271	false	1.0
sexy	neg 1.0		neg 0.5048609896585161 off 0.4882035018460626 __DUMMY__ 0.006935508495421259	false	1.0
abraten	neg 1.0		neg 0.5062609443189583 off 0.4867909351013304 __DUMMY__ 0.00694812057971135	false	1.0
schwarz	neg 1.0		neg 0.5081162947277945 off 0.484952149209913 __DUMMY__ 0.006931556062292542	false	1.0
fotze	off 1.0	off 1.0	off 0.7254248811688624 neg 0.27125764490143955 __DUMMY__ 0.003317473929698032	false	1.0
verwirren	neg 1.0		neg 0.5063825373925187 off 0.4866964847632851 __DUMMY__ 0.006920977844196201	false	1.0
zahnlos	off 1.0		neg 0.5118793344449577 off 0.481174508585006 __DUMMY__ 0.006946156970036317	false	0.5
verheeren	neg 1.0		off 0.4990647573205663 neg 0.49413751036794007 __DUMMY__ 0.006797732311493744	false	0.5
hippie	neg 1.0		neg 0.5054786526831085 off 0.4875869684417302 __DUMMY__ 0.006934378875161258	false	1.0
rammen	neg 1.0		neg 0.5112210447728904 off 0.4818978464046328 __DUMMY__ 0.0068811088224767164	false	1.0
unlauter	neg 1.0		neg 0.5105020915698096 off 0.48259151908333614 __DUMMY__ 0.006906389346854383	false	1.0
unheilvoll	neg 1.0		neg 0.5078696258390081 off 0.48520295302643246 __DUMMY__ 0.0069274211345594664	false	1.0
niedrig	neg 1.0		neg 0.5158440915019753 off 0.47720179204408425 __DUMMY__ 0.006954116453940442	false	1.0
explosion	neg 1.0		neg 0.5063254086937519 off 0.4867436700416407 __DUMMY__ 0.006930921264607493	false	1.0
weichei	off 1.0	off 1.0	off 0.7318771853098611 neg 0.2648797411528608 __DUMMY__ 0.0032430735372780575	false	1.0
minusmensch	off 1.0		neg 0.49992219323729414 off 0.4933146826746719 __DUMMY__ 0.006763124088033978	false	0.5
farblos	neg 1.0		neg 0.509560978254399 off 0.48348603019480724 __DUMMY__ 0.0069529915507938285	false	1.0
unwissend	neg 1.0	neg 1.0	neg 0.7378540710235976 off 0.25887011097760215 __DUMMY__ 0.003275817998800317	false	1.0
traurig	neg 1.0		neg 0.4999698721599265 off 0.493135076285893 __DUMMY__ 0.006895051554180475	false	1.0
senkung	neg 1.0		neg 0.5085931445541411 off 0.4845122260463696 __DUMMY__ 0.006894629399489314	false	1.0
ungleich	neg 1.0	neg 1.0	neg 0.7433186667034835 off 0.25336743009434903 __DUMMY__ 0.00331390320216755	false	1.0
heikel	neg 1.0		neg 0.5147262464369798 off 0.47830604860584003 __DUMMY__ 0.006967704957180097	false	1.0
drosselung	neg 1.0		neg 0.5034644411719017 off 0.4896442845967586 __DUMMY__ 0.006891274231339769	false	1.0
falsch	neg 1.0		neg 0.5053192162222633 off 0.48776738250675034 __DUMMY__ 0.00691340127098631	false	1.0
unzufriedenheit	neg 1.0		neg 0.5159687950674714 off 0.47704681380486497 __DUMMY__ 0.00698439112766373	false	1.0
kurz	neg 1.0		neg 0.5085303746049166 off 0.4844704610178045 __DUMMY__ 0.006999164377279015	false	1.0
unsinnig	neg 1.0		neg 0.5117430608566276 off 0.4813151976109082 __DUMMY__ 0.006941741532464279	false	1.0
penner	off 1.0	off 1.0	off 0.732720667010015 neg 0.2640409778294026 __DUMMY__ 0.0032383551605823556	false	1.0
seicht	neg 1.0		off 0.496930466164084 neg 0.4962681503367545 __DUMMY__ 0.00680138349916156	false	0.5
dummheit	off 1.0	off 1.0	off 0.7271064411727455 neg 0.26962029538780774 __DUMMY__ 0.003273263439446796	false	1.0
unerfreulich	neg 1.0		neg 0.5144709408770395 off 0.47853773718089754 __DUMMY__ 0.006991321942063174	false	1.0
motherfucker	off 1.0	off 1.0	off 0.7301772201100032 neg 0.26655150133912553 __DUMMY__ 0.00327127855087139	false	1.0
pikiert	neg 1.0		neg 0.5049255930787685 off 0.4881977535202771 __DUMMY__ 0.0068766534009542584	false	1.0
wrack	neg 1.0		neg 0.5109151780713614 off 0.4821072813819582 __DUMMY__ 0.006977540546680354	false	1.0
gangster	neg 1.0		neg 0.5055900800862158 off 0.48747889901536934 __DUMMY__ 0.006931020898414996	false	1.0
krank	neg 1.0		neg 0.501751659197915 off 0.49133278206803527 __DUMMY__ 0.006915558734049816	false	1.0
reich	neg 1.0		neg 0.5033628530795009 off 0.4897177970643311 __DUMMY__ 0.0069193498561681485	false	1.0
gnadenlos	neg 1.0		neg 0.5094135281809151 off 0.48366481743115414 __DUMMY__ 0.006921654387930599	false	1.0
niedergeschlagen	neg 1.0		neg 0.5102426928669028 off 0.48278818807905644 __DUMMY__ 0.006969119054040712	false	1.0
terrorisieren	off 1.0	off 1.0	off 0.72437052241347 neg 0.27230861735658163 __DUMMY__ 0.003320860229948374	false	1.0
sinnlosigkeit	neg 1.0		neg 0.5122369079406599 off 0.48081147253399414 __DUMMY__ 0.006951619525345954	false	1.0
behindern	neg 1.0		neg 0.5101874509951787 off 0.4828580843252597 __DUMMY__ 0.006954464679561568	false	1.0
undemokratisch	neg 1.0		neg 0.509308621235295 off 0.4837609320300991 __DUMMY__ 0.006930446734605882	false	1.0
wirtschaftskrise	neg 1.0		neg 0.5151610387537281 off 0.4779031993330276 __DUMMY__ 0.006935761913244242	false	1.0
neid	neg 1.0		neg 0.5031264835279329 off 0.48992204050558513 __DUMMY__ 0.006951475966481907	false	1.0
rutschen	neg 1.0		neg 0.5146773409859117 off 0.4782576221322769 __DUMMY__ 0.007065036881811405	false	1.0
rezession	neg 1.0		neg 0.5053223484018776 off 0.487877487001938 __DUMMY__ 0.006800164596184423	false	1.0
fehlgeburt	neg 1.0		neg 0.5062430495761382 off 0.48680160502327613 __DUMMY__ 0.0069553454005855985	false	1.0
charakterschwach	off 1.0		neg 0.5039887630432437 off 0.4891337139165505 __DUMMY__ 0.006877523040205781	false	0.5
isolation	neg 1.0		neg 0.5052537187700409 off 0.48781959078438303 __DUMMY__ 0.006926690445576147	false	1.0
ablenkung	neg 1.0		neg 0.5081449736203821 off 0.48488783146427455 __DUMMY__ 0.006967194915343195	false	1.0
pech	neg 1.0		neg 0.5050513655567016 off 0.4880250568523776 __DUMMY__ 0.00692357759092066	false	1.0
vermeidung	neg 1.0		neg 0.5029486031538781 off 0.4901542928577085 __DUMMY__ 0.006897103988413286	false	1.0
dominieren	neg 1.0		neg 0.5140739711023524 off 0.4789604190238483 __DUMMY__ 0.006965609873799272	false	1.0
schwindlig	neg 1.0		neg 0.5058214505133131 off 0.4872290098203625 __DUMMY__ 0.006949539666324434	false	1.0
lutscher	neg 1.0	neg 1.0	neg 0.7328024223680007 off 0.26396955668228594 __DUMMY__ 0.003228020949713366	false	1.0
pflicht	neg 1.0		neg 0.5158404470776806 off 0.4771812412815599 __DUMMY__ 0.0069783116407593415	false	1.0
faschist	off 1.0		neg 0.5063371371802672 off 0.4867436938280596 __DUMMY__ 0.006919168991673352	false	0.5
verschleudern	neg 1.0		neg 0.5153227814145386 off 0.4777159576396882 __DUMMY__ 0.006961260945773267	false	1.0
wenn			neg 0.5052595307465338 off 0.4878285280346254 __DUMMY__ 0.006911941218840869	false	0.0
ehebruch	neg 1.0		neg 0.5133625746911396 off 0.47967553318420286 __DUMMY__ 0.0069618921246573885	false	1.0
spott	off 1.0		neg 0.5144460595066256 off 0.4785981892694323 __DUMMY__ 0.0069557512239419575	false	0.5
trostlosigkeit	neg 1.0		neg 0.5159702388143322 off 0.47703919520040217 __DUMMY__ 0.006990565985265584	false	1.0
lutschen	neg 1.0		neg 0.5073005981772223 off 0.4858074985058576 __DUMMY__ 0.006891903316920062	false	1.0
undiszipliniert	neg 1.0		neg 0.5013758250524296 off 0.4917405462927696 __DUMMY__ 0.006883628654800669	false	1.0
kopfschmerz	neg 1.0		neg 0.5132499008515043 off 0.47981835429192604 __DUMMY__ 0.006931744856569503	false	1.0
unvorhergesehen	neg 1.0		neg 0.511112840478001 off 0.48185507459439064 __DUMMY__ 0.007032084927608369	false	1.0
desinteressiert	neg 1.0	neg 1.0	neg 0.7365998815711498 off 0.2601334690931317 __DUMMY__ 0.0032666493357186572	false	1.0
armselig	off 1.0		neg 0.502393945059074 off 0.49075377625639044 __DUMMY__ 0.006852278684535484	false	0.5
desaster	neg 1.0		neg 0.5173616528842594 off 0.47564134952231196 __DUMMY__ 0.006996997593428651	false	1.0
tod	neg 1.0		neg 0.511295959272585 off 0.4817153332361282 __DUMMY__ 0.006988707491286984	false	1.0
herzlos	neg 1.0		neg 0.5014239612162082 off 0.4917065563038526 __DUMMY__ 0.006869482479939172	false	1.0
unwissenheit	neg 1.0		neg 0.5130544769284651 off 0.47999909857086054 __DUMMY__ 0.006946424500674514	false	1.0
widersinnig	neg 1.0		neg 0.5145477535336003 off 0.4785323959641177 __DUMMY__ 0.006919850502282134	false	1.0
bedenklich	neg 1.0		neg 0.5137654318231378 off 0.47927877328125557 __DUMMY__ 0.006955794895606658	false	1.0
beanstanden	neg 1.0		neg 0.5158237623117086 off 0.4771893387639737 __DUMMY__ 0.006986898924317867	false	1.0
panisch	neg 1.0	neg 1.0	neg 0.7378757573040456 off 0.25881180703182294 __DUMMY__ 0.003312435664131548	false	1.0
debil	off 1.0		neg 0.5194086805602772 off 0.47353538041391185 __DUMMY__ 0.007055939025810753	false	0.5
abstrich	neg 1.0		neg 0.5069008762839561 off 0.4860894398187276 __DUMMY__ 0.007009683897316217	false	1.0
primitiv	neg 1.0		neg 0.5037107563236286 off 0.4894168454502875 __DUMMY__ 0.006872398226083791	false	1.0
abschaum	off 1.0	off 1.0	off 0.7288514295628387 neg 0.2678761716118268 __DUMMY__ 0.003272398825334536	false	1.0
provozieren	neg 1.0		neg 0.510316141916214 off 0.482773669883517 __DUMMY__ 0.006910188200268978	false	1.0
tot	neg 1.0		neg 0.512220030180624 off 0.4808182695283923 __DUMMY__ 0.006961700290983574	false	1.0
instabil	neg 1.0		neg 0.5029251530678476 off 0.4902178515795051 __DUMMY__ 0.006856995352647296	false	1.0
schwuchtel	off 1.0	off 1.0	off 0.7348371791868256 neg 0.2619642591650705 __DUMMY__ 0.0031985616481038062	false	1.0
zerren	neg 1.0		neg 0.5113610154645303 off 0.4816740519733618 __DUMMY__ 0.006964932562107947	false	1.0
kinderficker	off 1.0		neg 0.4983651036366337 off 0.49477842118889315 __DUMMY__ 0.006856475174473091	false	0.5
gefahr	neg 1.0		neg 0.5151285928512044 off 0.4778687233447138 __DUMMY__ 0.007002683804081866	false	1.0
rabiat	neg 1.0		neg 0.5092223921057275 off 0.48382906054814745 __DUMMY__ 0.006948547346124882	false	1.0
verlangsamung	neg 1.0		neg 0.5002862592579349 off 0.4929269704500876 __DUMMY__ 0.0067867702919776705	false	1.0
ausgestorben	neg 1.0		neg 0.508943460367584 off 0.48409552292398017 __DUMMY__ 0.00696101670843585	false	1.0
anklagen	neg 1.0		neg 0.5133300591971397 off 0.4797138948338899 __DUMMY__ 0.0069560459689705315	false	1.0
trott	neg 1.0		neg 0.509612272434756 off 0.483431717300558 __DUMMY__ 0.006956010264685963	false	1.0
verminderung	neg 1.0		neg 0.502701864429818 off 0.4904068766216499 __DUMMY__ 0.0068912589485322	false	1.0
nach			neg 0.5153948310593888 off 0.47752336108885796 __DUMMY__ 0.007081807851753471	false	0.0
rost	neg 1.0		neg 0.4984664315776476 off 0.49469005563265694 __DUMMY__ 0.006843512789695346	false	1.0
destruktiv	neg 1.0		neg 0.5107180587093659 off 0.4823498890435026 __DUMMY__ 0.006932052247131424	false	1.0
unzumutbarkeit	neg 1.0		neg 0.5031845211877389 off 0.48989988352670394 __DUMMY__ 0.006915595285557112	false	1.0
labil	off 1.0	off 1.0	off 0.7286671946600165 neg 0.26805300541428584 __DUMMY__ 0.003279799925697657	false	1.0
ziemlich	neg 1.0		neg 0.501969035264374 off 0.4911060989485158 __DUMMY__ 0.006924865787110274	false	1.0
lachnummer	off 1.0		neg 0.5103484075599023 off 0.48272786448762234 __DUMMY__ 0.00692372795247543	false	0.5
oder			neg 0.5073058398539565 off 0.48573245005095617 __DUMMY__ 0.006961710095087259	false	0.0
verfall	neg 1.0		neg 0.5191873489671343 off 0.47379179107355385 __DUMMY__ 0.007020859959311997	false	1.0
ausgrenzung	neg 1.0		neg 0.5087266321352474 off 0.48434770135158894 __DUMMY__ 0.00692566651316359	false	1.0
unordnung	neg 1.0		neg 0.499582477336543 off 0.4935017244398422 __DUMMY__ 0.00691579822361486	false	1.0
fehlverhalten	neg 1.0		neg 0.5162978947785519 off 0.4767457864777528 __DUMMY__ 0.006956318743695197	false	1.0
eine			neg 0.5135817256806993 off 0.47940438451386685 __DUMMY__ 0.007013889805433859	false	0.0
nille	neg 1.0		neg 0.5094021327527041 off 0.48363518324728255 __DUMMY__ 0.006962684000013293	false	1.0
qual	neg 1.0		neg 0.5099260753896144 off 0.4831134302358501 __DUMMY__ 0.006960494374535302	false	1.0
verschwenden	neg 1.0		neg 0.5145020432132907 off 0.4785406290078747 __DUMMY__ 0.006957327778834482	false	1.0
riesig	neg 1.0		neg 0.5120187685648867 off 0.4809940287138515 __DUMMY__ 0.006987202721261672	false	1.0
verurteilen	neg 1.0		neg 0.5142532296701374 off 0.4788170984929798 __DUMMY__ 0.006929671836882926	false	1.0
klischee	neg 1.0	neg 1.0	neg 0.7389861743899411 off 0.25773865928438844 __DUMMY__ 0.0032751663256705213	false	1.0
diktatorisch	neg 1.0		neg 0.509577235740459 off 0.4835011316165098 __DUMMY__ 0.00692163264303109	false	1.0
vorhersehbar	neg 1.0		neg 0.5076685555097132 off 0.4854341303649791 __DUMMY__ 0.006897314125307558	false	1.0
sowie			neg 0.5008764896445828 off 0.49229387360417076 __DUMMY__ 0.006829636751246518	false	0.0
stornieren	neg 1.0		neg 0.5036107200392238 off 0.48939159626189965 __DUMMY__ 0.006997683698876689	false	1.0
besteuerung	neg 1.0		neg 0.5116028099864315 off 0.4815018522693245 __DUMMY__ 0.006895337744244133	false	1.0
ungeschminkt	neg 1.0		neg 0.5056293223979542 off 0.4875252064390209 __DUMMY__ 0.006845471163024854	false	1.0
kritisch	neg 1.0		neg 0.5137292858562228 off 0.4793072629622808 __DUMMY__ 0.006963451181496524	false	1.0
schlamperei	off 1.0		neg 0.5141519209286047 off 0.47885923326185614 __DUMMY__ 0.006988845809539191	false	0.5
sucht	neg 1.0	neg 1.0	neg 0.7376234727936265 off 0.25903544466200157 __DUMMY__ 0.0033410825443719416	false	1.0
egoistisch	off 1.0		neg 0.49924396332447124 off 0.4939206924525557 __DUMMY__ 0.00683534422297307	false	0.5
ausbeuter	off 1.0		neg 0.5169587139291438 off 0.47609610796599033 __DUMMY__ 0.0069451781048658024	false	0.5
arschgeburt	off 1.0		off 0.4985006151036893 neg 0.49476837892129677 __DUMMY__ 0.006731005975014026	false	1.0
schubs	neg 1.0		neg 0.5104708393569057 off 0.4825561468333571 __DUMMY__ 0.0069730138097372045	false	1.0
unsolide	neg 1.0		neg 0.5098934966856233 off 0.4832075147816492 __DUMMY__ 0.006898988532727364	false	1.0
beschwerde	neg 1.0		neg 0.5149478287576569 off 0.47809572138008355 __DUMMY__ 0.006956449862259416	false	1.0
stocken	neg 1.0		neg 0.5143085774847042 off 0.47871378450818614 __DUMMY__ 0.006977638007109774	false	1.0
isolieren	neg 1.0		neg 0.5132149328202626 off 0.4798258831543397 __DUMMY__ 0.0069591840253975116	false	1.0
unheilbar	neg 1.0		neg 0.5092393511936615 off 0.4838161578104151 __DUMMY__ 0.006944490995923529	false	1.0
pisser	off 1.0		neg 0.5035391946545574 off 0.4896154957101039 __DUMMY__ 0.006845309635338703	false	0.5
löschen	neg 1.0		neg 0.5093319857057985 off 0.4837145600763811 __DUMMY__ 0.006953454217820502	false	1.0
durchfallen	neg 1.0		neg 0.5139115159863246 off 0.4791453405967395 __DUMMY__ 0.0069431434169359854	false	1.0
wichser	off 1.0	off 1.0	off 0.7343046738773198 neg 0.26247059428987335 __DUMMY__ 0.0032247318328069248	false	1.0
terror	neg 1.0		neg 0.505548147401469 off 0.48751403109732044 __DUMMY__ 0.0069378215012105586	false	1.0
krass	neg 1.0		neg 0.500461040834306 off 0.49267322302178856 __DUMMY__ 0.00686573614390546	false	1.0
revolte	neg 1.0		neg 0.5081712358876767 off 0.48490548031048475 __DUMMY__ 0.006923283801838524	false	1.0
besorgt	neg 1.0		neg 0.5084467219914366 off 0.48454463565020595 __DUMMY__ 0.007008642358357302	false	1.0
nachlassen	neg 1.0		neg 0.5134225670359891 off 0.47958572258019155 __DUMMY__ 0.00699171038381918	false	1.0
alt	neg 1.0		neg 0.5128492294971366 off 0.480201783318141 __DUMMY__ 0.006948987184722384	false	1.0
hundesohn	off 1.0		neg 0.49663773871448413 off 0.49657556063755365 __DUMMY__ 0.0067867006479621255	false	0.5
als			neg 0.5106897697921174 off 0.48233359618566224 __DUMMY__ 0.006976634022220246	false	0.0
abschreckung	neg 1.0		neg 0.5163817393653748 off 0.47663480750441617 __DUMMY__ 0.006983453130209076	false	1.0
unqualifiziert	neg 1.0		neg 0.5069753916235731 off 0.4861358246616525 __DUMMY__ 0.00688878371477445	false	1.0
abgewichst	off 1.0		neg 0.5094883998603883 off 0.483535853072848 __DUMMY__ 0.006975747066763701	false	0.5
schwer	neg 1.0		neg 0.5103557330454186 off 0.48269917783404825 __DUMMY__ 0.006945089120533252	false	1.0
bedeutungslosigkeit	neg 1.0		neg 0.5153179221701407 off 0.4777060440411668 __DUMMY__ 0.006976033788692586	false	1.0
kapitulation	neg 1.0		neg 0.5138524013362608 off 0.47917760310302077 __DUMMY__ 0.006969995560718504	false	1.0
unscharf	neg 1.0		neg 0.5078195018190533 off 0.48527371275945896 __DUMMY__ 0.006906785421487789	false	1.0
schwinden	neg 1.0		neg 0.5159526148716355 off 0.47707463020799573 __DUMMY__ 0.006972754920368728	false	1.0
versklavung	neg 1.0		neg 0.5095719588629926 off 0.48349637873670265 __DUMMY__ 0.006931662400304646	false	1.0
schlecht	neg 1.0		neg 0.5020058297394877 off 0.49107281378987916 __DUMMY__ 0.006921356470633161	false	1.0
verhasst	neg 1.0		neg 0.5105246058240759 off 0.4825822329462952 __DUMMY__ 0.00689316122962899	false	1.0
beschweren	neg 1.0		neg 0.5072537745202125 off 0.4858118742608499 __DUMMY__ 0.006934351218937621	false	1.0
scheiden	neg 1.0		neg 0.5078854695288737 off 0.4851404767441711 __DUMMY__ 0.006974053726955278	false	1.0
frustriert	neg 1.0		neg 0.5118147197955992 off 0.4812425227265055 __DUMMY__ 0.006942757477895233	false	1.0
schimmelig	neg 1.0		neg 0.5152049598925246 off 0.47787989208124454 __DUMMY__ 0.006915148026231086	false	1.0
fisch	neg 1.0		neg 0.5168257540430887 off 0.47621796420420115 __DUMMY__ 0.006956281752710026	false	1.0
schmuggel	neg 1.0		neg 0.51450300532015 off 0.47851892125582296 __DUMMY__ 0.006978073424027165	false	1.0
auffallen	neg 1.0		neg 0.5063170486160515 off 0.4867529282066238 __DUMMY__ 0.006930023177324715	false	1.0
konkurrenz	neg 1.0		neg 0.5166389934032418 off 0.4763732942463127 __DUMMY__ 0.006987712350445499	false	1.0
teufelskreis	neg 1.0	neg 1.0	neg 0.7415649666215971 off 0.2551471554623037 __DUMMY__ 0.003287877916099269	false	1.0
aufschreien	neg 1.0		neg 0.5075829126347581 off 0.4855099655239657 __DUMMY__ 0.006907121841276277	false	1.0
schuldner	neg 1.0		neg 0.5177498612627389 off 0.4753019984056842 __DUMMY__ 0.0069481403315769545	false	1.0
missgeburt	off 1.0	off 1.0	off 0.7314723116741879 neg 0.2652983121124489 __DUMMY__ 0.0032293762133631223	false	1.0
arbeitslos	neg 1.0		neg 0.5133263713387085 off 0.47972855724769564 __DUMMY__ 0.006945071413595883	false	1.0
befallen	neg 1.0		neg 0.5136182470662496 off 0.4794626718319734 __DUMMY__ 0.006919081101777001	false	1.0
miesepetrig	off 1.0	off 1.0	off 0.7297775124699897 neg 0.26693806435464223 __DUMMY__ 0.0032844231753680563	false	1.0
alarmieren	neg 1.0		neg 0.5068255048125814 off 0.48628859654457984 __DUMMY__ 0.006885898642838894	false	1.0
ungeduscht	off 1.0		neg 0.5065526302418654 off 0.486562717465254 __DUMMY__ 0.0068846522928805685	false	0.5
knappheit	neg 1.0		neg 0.5154547830243815 off 0.4776223237430052 __DUMMY__ 0.006922893232613243	false	1.0
schlange	neg 1.0		neg 0.5054018721580805 off 0.48762107970938817 __DUMMY__ 0.006977048132531233	false	1.0
harsch	neg 1.0		neg 0.49801532994477987 off 0.49509623877980863 __DUMMY__ 0.006888431275411508	false	1.0
lang	neg 1.0		neg 0.5080972363104863 off 0.4849497490208336 __DUMMY__ 0.006953014668680145	false	1.0
ziellos	neg 1.0		neg 0.5115416918653883 off 0.4814655832094299 __DUMMY__ 0.0069927249251817225	false	1.0
selbstverliebt	neg 1.0		off 0.49791303354091604 neg 0.495313382400294 __DUMMY__ 0.006773584058790063	false	0.5
beseitigen	neg 1.0		neg 0.5110201069092063 off 0.482020739217694 __DUMMY__ 0.006959153873099624	false	1.0
dumm	off 1.0		neg 0.49785720288954166 off 0.4953012791632371 __DUMMY__ 0.00684151794722116	false	0.5
arbeitsloser	neg 1.0		neg 0.5111972812175554 off 0.4818202023162197 __DUMMY__ 0.006982516466224936	false	1.0
blitzen	neg 1.0		neg 0.5055502450396328 off 0.48751468163560624 __DUMMY__ 0.006935073324761007	false	1.0
hilflos	neg 1.0		neg 0.5122143650473592 off 0.48083927097867696 __DUMMY__ 0.006946363973963858	false	1.0
eklig	off 1.0		neg 0.4993002741645106 off 0.4938978150432373 __DUMMY__ 0.0068019107922519416	false	0.5
begriff			neg 0.5100454796547428 off 0.4830000549176121 __DUMMY__ 0.006954465427645166	false	0.0
hungersnot	neg 1.0		neg 0.5127772897154635 off 0.48026588171966567 __DUMMY__ 0.0069568285648707396	false	1.0
ungesetzlich	neg 1.0		neg 0.5111999092018743 off 0.4818980223223975 __DUMMY__ 0.006902068475728182	false	1.0
verschwendung	neg 1.0		neg 0.5143253201678212 off 0.47870114421856375 __DUMMY__ 0.006973535613614973	false	1.0
schmerzvoll	neg 1.0		neg 0.5081280199069733 off 0.48494478144387737 __DUMMY__ 0.006927198649149298	false	1.0
vorzeitig	neg 1.0		neg 0.5076550566164818 off 0.4854353458325296 __DUMMY__ 0.006909597550988746	false	1.0
unvollkommenheit	neg 1.0		neg 0.5097673540868646 off 0.48322076178373174 __DUMMY__ 0.007011884129403667	false	1.0
intervenieren	neg 1.0		neg 0.5154429971675155 off 0.4775967627836587 __DUMMY__ 0.006960240048825696	false	1.0
banause	off 1.0		neg 0.49767148659927973 off 0.4955618123596539 __DUMMY__ 0.006766701041066425	false	0.5
rebell	neg 1.0		neg 0.5177592262143584 off 0.4752393308188639 __DUMMY__ 0.007001442966777648	false	1.0
unlogisch	neg 1.0		neg 0.5019434774450936 off 0.4911928623394216 __DUMMY__ 0.00686366021548475	false	1.0
leiden	neg 1.0		neg 0.5133729328828319 off 0.4796162243907932 __DUMMY__ 0.007010842726374782	false	1.0
abschaffung	neg 1.0		neg 0.509468679517207 off 0.48358985600715987 __DUMMY__ 0.00694146447563302	false	1.0
sturz	neg 1.0		neg 0.508496349949311 off 0.48453981387387357 __DUMMY__ 0.0069638361768153256	false	1.0
verkleinerung	neg 1.0		neg 0.508337840336889 off 0.48476926880368865 __DUMMY__ 0.006892890859422185	false	1.0
schmarotzer	off 1.0		neg 0.5130405630238902 off 0.4800283581167213 __DUMMY__ 0.00693107885938856	false	0.5
bestrafung	neg 1.0		neg 0.5087139800608846 off 0.4843505524664748 __DUMMY__ 0.0069354674726406305	false	1.0
achtlos	neg 1.0	neg 1.0	neg 0.7404614462157465 off 0.2562288253639475 __DUMMY__ 0.0033097284203060223	false	1.0
ungeheuer	neg 1.0		neg 0.5064738923780339 off 0.4865901022621953 __DUMMY__ 0.006936005359770862	false	1.0
