unsolidarisch	neg 1.0		neg 0.49477943097623245 off 0.46470940346088646 __DUMMY__ 0.04051116556288096	false	1.0
nachteilig	neg 1.0		neg 0.49676260091799673 off 0.4623509114736082 __DUMMY__ 0.04088648760839507	false	1.0
skeptisch	neg 1.0		neg 0.49708624918953237 off 0.4619794680779423 __DUMMY__ 0.0409342827325253	false	1.0
schrecklich	neg 1.0		neg 0.4824230192158617 off 0.47723263779423386 __DUMMY__ 0.040344342989904365	false	1.0
schlapp	neg 1.0		neg 0.48598147015279525 off 0.4734738792668157 __DUMMY__ 0.04054465058038899	false	1.0
abfall	neg 1.0		neg 0.4999073767202185 off 0.4589456808120723 __DUMMY__ 0.041146942467709086	false	1.0
widerspenstig	neg 1.0		neg 0.49150700705087486 off 0.46774909484499083 __DUMMY__ 0.040743898104134264	false	1.0
abrupt	neg 1.0		neg 0.4955191629276181 off 0.46350804319346 __DUMMY__ 0.04097279387892185	false	1.0
unwirksam	neg 1.0		neg 0.49523055033346153 off 0.4643189346263777 __DUMMY__ 0.04045051504016071	false	1.0
angreifen	neg 1.0		neg 0.4984408975307991 off 0.46073452650637314 __DUMMY__ 0.04082457596282782	false	1.0
inkonsistent	neg 1.0		neg 0.49316567648024756 off 0.46634479529552464 __DUMMY__ 0.04048952822422769	false	1.0
abrutschen	neg 1.0		neg 0.5004924920321135 off 0.45848094861810695 __DUMMY__ 0.04102655934977946	false	1.0
unsicher	neg 1.0		neg 0.4907207128160343 off 0.46840586078040436 __DUMMY__ 0.04087342640356149	false	1.0
bauernkind	off 1.0	off 1.0	off 0.7211063144059071 neg 0.26007361735978296 __DUMMY__ 0.018820068234309928	false	1.0
angreifer	neg 1.0	neg 1.0	neg 0.7306574284592047 off 0.24993801066243518 __DUMMY__ 0.019404560878360098	false	1.0
trennen	neg 1.0		neg 0.4960220291474143 off 0.4628971739790304 __DUMMY__ 0.041080796873555335	false	1.0
schmutz	neg 1.0		neg 0.4886244798939985 off 0.4705275621584103 __DUMMY__ 0.040847957947591204	false	1.0
inkonsistenz	neg 1.0		neg 0.4900267912860917 off 0.4697887084178936 __DUMMY__ 0.0401845002960146	false	1.0
erschreckend	neg 1.0		neg 0.49354804909452116 off 0.4657502473334855 __DUMMY__ 0.04070170357199338	false	1.0
ertrinken	neg 1.0		neg 0.4976008833758332 off 0.46155808910865753 __DUMMY__ 0.04084102751550917	false	1.0
pickelface	off 1.0		neg 0.49287561227294285 off 0.4663334785929529 __DUMMY__ 0.040790909134104304	false	0.5
seiner			neg 0.49658464742395847 off 0.4624746333472672 __DUMMY__ 0.04094071922877434	false	0.0
lauch	neg 1.0		neg 0.49912313594146157 off 0.45979030475740956 __DUMMY__ 0.04108655930112896	false	1.0
unwichtig	neg 1.0		neg 0.488058178512772 off 0.47151780861956866 __DUMMY__ 0.040424012867659447	false	1.0
steuerhinterziehung	neg 1.0	neg 1.0	neg 0.7341477994024496 off 0.24646623226154984 __DUMMY__ 0.019385968336000526	false	1.0
schock	neg 1.0		neg 0.492892427535523 off 0.4663218981640344 __DUMMY__ 0.04078567430044273	false	1.0
beule	neg 1.0		neg 0.48655786279567614 off 0.4730821887218738 __DUMMY__ 0.04035994848245009	false	1.0
vergelten	neg 1.0		neg 0.4819243307178424 off 0.47750715539213484 __DUMMY__ 0.04056851389002267	false	1.0
verdorbenheit	neg 1.0		neg 0.488461280742277 off 0.4705617917353306 __DUMMY__ 0.04097692752239232	false	1.0
trauma	neg 1.0		neg 0.4911770359689735 off 0.46813063694522655 __DUMMY__ 0.04069232708579989	false	1.0
sinnlos	neg 1.0		neg 0.48972725055864774 off 0.4696244224030864 __DUMMY__ 0.040648327038265826	false	1.0
fettsack	off 1.0	off 1.0	off 0.7227383665849374 neg 0.2583547421007988 __DUMMY__ 0.01890689131426374	false	1.0
feige	off 1.0	off 1.0	off 0.7204049957270976 neg 0.2604571065639534 __DUMMY__ 0.019137897708948942	false	1.0
abdanken	neg 1.0		neg 0.4936618412219964 off 0.46564251331473766 __DUMMY__ 0.04069564546326593	false	1.0
wichtigtuer	off 1.0	off 1.0	off 0.7196150225697222 neg 0.2611261668894822 __DUMMY__ 0.019258810540795555	false	1.0
misslingen	neg 1.0		neg 0.4863756882071986 off 0.47242956905816164 __DUMMY__ 0.04119474273463969	false	1.0
untreu	off 1.0		neg 0.4871841248973735 off 0.4723794687445956 __DUMMY__ 0.040436406358031085	false	0.5
missmutig	neg 1.0		neg 0.4870004710177493 off 0.4724495601690503 __DUMMY__ 0.040549968813200325	false	1.0
hurenbock	off 1.0		neg 0.4894980209703334 off 0.4697954885611563 __DUMMY__ 0.04070649046851017	false	0.5
betrunken	neg 1.0		neg 0.4846451950007864 off 0.47491344011063247 __DUMMY__ 0.04044136488858118	false	1.0
korrupt	off 1.0		neg 0.49761494548379426 off 0.4618302993843404 __DUMMY__ 0.04055475513186536	false	0.5
unmut	neg 1.0		neg 0.4996843341436982 off 0.4592233864998222 __DUMMY__ 0.041092279356479654	false	1.0
hackfresse	off 1.0		neg 0.48016201986203133 off 0.47977729283454434 __DUMMY__ 0.04006068730342443	false	0.5
aufblasen	neg 1.0		neg 0.4896680493536271 off 0.46962876221588534 __DUMMY__ 0.040703188430487695	false	1.0
gewaltsam	neg 1.0		neg 0.4936000602132867 off 0.46559899739302424 __DUMMY__ 0.04080094239368891	false	1.0
unbeliebtheit	neg 1.0		neg 0.4910730476962812 off 0.4686558643001054 __DUMMY__ 0.04027108800361341	false	1.0
sturheit	neg 1.0		neg 0.4948697611805035 off 0.46446309766809785 __DUMMY__ 0.04066714115139868	false	1.0
kuh	neg 1.0		neg 0.4935239388607919 off 0.4662458326474256 __DUMMY__ 0.04023022849178258	false	1.0
erschrecken	neg 1.0		neg 0.48689099976150174 off 0.4725004534483581 __DUMMY__ 0.04060854679014019	false	1.0
opfer	neg 1.0		neg 0.4957168591007225 off 0.4634058051589464 __DUMMY__ 0.040877335740331144	false	1.0
sinken	neg 1.0		neg 0.49940471797114955 off 0.45956202344376484 __DUMMY__ 0.04103325858508554	false	1.0
stinktier	neg 1.0		neg 0.48756706969731645 off 0.4726755700065901 __DUMMY__ 0.03975736029609344	false	1.0
tucke	off 1.0		neg 0.48121821804448783 off 0.4789779198473823 __DUMMY__ 0.03980386210812982	false	0.5
ein			neg 0.4907783492315655 off 0.4685239378422048 __DUMMY__ 0.04069771292622983	false	0.0
abstieg	neg 1.0		neg 0.49752744511060704 off 0.46161685952005754 __DUMMY__ 0.040855695369335476	false	1.0
missverstehen	neg 1.0		neg 0.49046462593856144 off 0.4690745495372174 __DUMMY__ 0.04046082452422127	false	1.0
ergebnislos	neg 1.0		neg 0.4964542065777665 off 0.4625522769280987 __DUMMY__ 0.04099351649413491	false	1.0
unter			neg 0.5019818712506154 off 0.4564977414051504 __DUMMY__ 0.041520387344234126	false	0.0
manipulieren	neg 1.0		neg 0.4974259720354412 off 0.4616122421978259 __DUMMY__ 0.04096178576673293	false	1.0
unbewiesen	neg 1.0		neg 0.49551555774327133 off 0.4640389955714833 __DUMMY__ 0.04044544668524539	false	1.0
verschleppen	neg 1.0		neg 0.4966110460394758 off 0.46263469106762 __DUMMY__ 0.04075426289290411	false	1.0
weib	off 1.0		neg 0.4832445750389592 off 0.47707665793824344 __DUMMY__ 0.039678767022797344	false	0.5
opposition	neg 1.0		neg 0.4918187453860416 off 0.46764604653403913 __DUMMY__ 0.0405352080799193	false	1.0
verkehrswidrig	neg 1.0		off 0.47969306780754434 neg 0.47968785361122507 __DUMMY__ 0.04061907858123072	false	0.5
inkorrekt	neg 1.0		neg 0.48543035725707306 off 0.4744005464710573 __DUMMY__ 0.040169096271869674	false	1.0
vermeiden	neg 1.0	neg 1.0	neg 0.7358387807923863 off 0.24444778680101759 __DUMMY__ 0.019713432406596145	false	1.0
abweichung	neg 1.0		neg 0.4955609631465878 off 0.46354591830655895 __DUMMY__ 0.0408931185468532	false	1.0
alkoholisiert	neg 1.0		neg 0.49473788854406375 off 0.46419256353290367 __DUMMY__ 0.04106954792303265	false	1.0
scheiss	off 1.0	off 1.0	off 0.7216156930095257 neg 0.2591768784308638 __DUMMY__ 0.019207428559610492	false	1.0
herausforderung	neg 1.0		neg 0.49636329757190595 off 0.4626341423105096 __DUMMY__ 0.04100256011758454	false	1.0
pervers	off 1.0		off 0.48230922846032825 neg 0.4778817031202694 __DUMMY__ 0.03980906841940225	false	1.0
wackelig	neg 1.0		neg 0.4909633284878808 off 0.4679350880837444 __DUMMY__ 0.04110158342837496	false	1.0
verwickeln	neg 1.0		neg 0.49104359308763873 off 0.4684729371568275 __DUMMY__ 0.0404834697555338	false	1.0
vorwand	neg 1.0		neg 0.4980642472962165 off 0.46101954655676675 __DUMMY__ 0.040916206147016854	false	1.0
muschi	off 1.0		neg 0.4927681493491403 off 0.4664486502458138 __DUMMY__ 0.04078320040504589	false	0.5
entmutigung	neg 1.0		neg 0.4921045441554481 off 0.46731410823038816 __DUMMY__ 0.040581347614163786	false	1.0
unangemessen	neg 1.0		neg 0.4955431603742514 off 0.4638283088020468 __DUMMY__ 0.040628530823701964	false	1.0
unstetig	neg 1.0		neg 0.4886582955634231 off 0.47067079671547246 __DUMMY__ 0.04067090772110447	false	1.0
entmutigen	neg 1.0		neg 0.4912508738393146 off 0.46807104760683 __DUMMY__ 0.04067807855385529	false	1.0
schwanz	neg 1.0		neg 0.4954436662209058 off 0.4636903334154871 __DUMMY__ 0.04086600036360715	false	1.0
verbot	neg 1.0		neg 0.49623161609330513 off 0.4630241191304574 __DUMMY__ 0.04074426477623753	false	1.0
leid	neg 1.0		neg 0.4822226465574086 off 0.4776412640626418 __DUMMY__ 0.040136089379949696	false	1.0
archaisch	neg 1.0		neg 0.4940883427011069 off 0.46518091534927136 __DUMMY__ 0.04073074194962156	false	1.0
gegen			neg 0.49886900491017283 off 0.4600511633074023 __DUMMY__ 0.041079831782425046	false	0.0
scheidung	neg 1.0		off 0.48917483975859954 neg 0.4709063915882595 __DUMMY__ 0.03991876865314096	false	0.5
einschlag	neg 1.0		neg 0.484259622439417 off 0.4753915475471762 __DUMMY__ 0.04034883001340685	false	1.0
m			neg 0.4933384572659355 off 0.46572730050126193 __DUMMY__ 0.04093424223280265	false	0.0
abgestanden	neg 1.0		neg 0.49247600330244273 off 0.46694855940462054 __DUMMY__ 0.040575437292936625	false	1.0
schmierig	off 1.0		neg 0.48219837372463165 off 0.47755646737026874 __DUMMY__ 0.040245158905099526	false	0.5
unpraktisch	neg 1.0		neg 0.4899031264140879 off 0.4693910587965725 __DUMMY__ 0.04070581478933953	false	1.0
wixxer	off 1.0		off 0.4811569171709087 neg 0.47918181821341627 __DUMMY__ 0.039661264615675006	false	1.0
bezeichnet			neg 0.494075248161447 off 0.4653891365109153 __DUMMY__ 0.040535615327637706	false	0.0
jammerlappen	off 1.0		neg 0.4865319028576551 off 0.4729024610911103 __DUMMY__ 0.04056563605123472	false	0.5
farce	neg 1.0		neg 0.49612760676571716 off 0.4632566099481215 __DUMMY__ 0.04061578328616128	false	1.0
zwecklos	neg 1.0		neg 0.49550193844492296 off 0.46381545519090167 __DUMMY__ 0.040682606364175256	false	1.0
turbulent	neg 1.0		neg 0.4882189900231273 off 0.47158276560906415 __DUMMY__ 0.0401982443678085	false	1.0
invasion	neg 1.0		neg 0.49018436275118327 off 0.4691868987459548 __DUMMY__ 0.040628738502862034	false	1.0
schuld	neg 1.0		neg 0.4923062611705312 off 0.4671351296371546 __DUMMY__ 0.040558609192314146	false	1.0
risiko	neg 1.0	neg 1.0	neg 0.730671031997453 off 0.2498753581308107 __DUMMY__ 0.01945360987173622	false	1.0
finster	neg 1.0		neg 0.4919536757526509 off 0.467516270891855 __DUMMY__ 0.0405300533554941	false	1.0
geisteskrank	off 1.0		neg 0.4878369904961367 off 0.47197134375467914 __DUMMY__ 0.04019166574918406	false	0.5
zusammenbrechen	neg 1.0		neg 0.4939064752708871 off 0.4652794945567319 __DUMMY__ 0.04081403017238101	false	1.0
ausbeute	neg 1.0		neg 0.4891066263971876 off 0.4694232303033753 __DUMMY__ 0.041470143299437	false	1.0
hinterhalt	neg 1.0		neg 0.4902529964709955 off 0.4686120679662034 __DUMMY__ 0.04113493556280101	false	1.0
kritik	neg 1.0		neg 0.4966302679897065 off 0.4627729231109933 __DUMMY__ 0.04059680889930011	false	1.0
einschrumpfen	neg 1.0		neg 0.4894856244850305 off 0.4700969848954119 __DUMMY__ 0.0404173906195575	false	1.0
riskant	neg 1.0		neg 0.4974618993141097 off 0.4617162858254958 __DUMMY__ 0.0408218148603945	false	1.0
frustrieren	neg 1.0		neg 0.4960315494452391 off 0.4631354230499434 __DUMMY__ 0.0408330275048175	false	1.0
groll	neg 1.0		neg 0.49619095169967614 off 0.46312683779763053 __DUMMY__ 0.04068221050269334	false	1.0
gibt			neg 0.49324887812002044 off 0.46588489945728473 __DUMMY__ 0.04086622242269481	false	0.0
qualvoll	neg 1.0		neg 0.48896090901437383 off 0.4704496262906043 __DUMMY__ 0.04058946469502187	false	1.0
wackeln	neg 1.0		neg 0.4897869958581503 off 0.4693838679831292 __DUMMY__ 0.040829136158720664	false	1.0
klagen	neg 1.0		neg 0.49976940788523394 off 0.4592485354223164 __DUMMY__ 0.04098205669244973	false	1.0
bankrott	neg 1.0		neg 0.48639940602315546 off 0.4729421237740445 __DUMMY__ 0.040658470202800015	false	1.0
trauern	neg 1.0		neg 0.4952944531977471 off 0.4637264004859244 __DUMMY__ 0.04097914631632856	false	1.0
ablehnung	neg 1.0		neg 0.49630536380459217 off 0.46303298861288306 __DUMMY__ 0.04066164758252488	false	1.0
stur	neg 1.0		neg 0.49175998885525307 off 0.46765838593866366 __DUMMY__ 0.04058162520608321	false	1.0
aufruhr	neg 1.0		neg 0.49386574352756757 off 0.4654067815316523 __DUMMY__ 0.04072747494078016	false	1.0
melancholie	neg 1.0		neg 0.4955457234303791 off 0.46363290023890613 __DUMMY__ 0.04082137633071489	false	1.0
ist			neg 0.4898604058899995 off 0.46947269767549776 __DUMMY__ 0.040666896434502775	false	0.0
torheit	neg 1.0		neg 0.49232408983779613 off 0.4670064610983224 __DUMMY__ 0.04066944906388133	false	1.0
dreckskind	off 1.0		neg 0.4837655410940179 off 0.4763683700631334 __DUMMY__ 0.03986608884284888	false	0.5
umtauschen	neg 1.0		neg 0.4915755368434149 off 0.467624593824082 __DUMMY__ 0.04079986933250302	false	1.0
zum			neg 0.4972774637319569 off 0.46120855001770444 __DUMMY__ 0.04151398625033873	false	0.0
zersetzen	neg 1.0		neg 0.4988292205649943 off 0.4603651334487968 __DUMMY__ 0.04080564598620897	false	1.0
zur			neg 0.4997988646264656 off 0.4588279200262604 __DUMMY__ 0.041373215347274124	false	0.0
frust	neg 1.0		neg 0.4938162396011746 off 0.4653549161539521 __DUMMY__ 0.04082884424487325	false	1.0
unerbittlichkeit	neg 1.0		neg 0.4981925611536844 off 0.46093598230741684 __DUMMY__ 0.04087145653889884	false	1.0
zwei			neg 0.4965450025736691 off 0.4620250733913592 __DUMMY__ 0.04142992403497173	false	0.0
unkorrekt	neg 1.0		neg 0.4839958942564835 off 0.4756587058930328 __DUMMY__ 0.04034539985048376	false	1.0
hexe	off 1.0		neg 0.4906810728328368 off 0.4691920464603905 __DUMMY__ 0.040126880706772755	false	0.5
lasch	neg 1.0		neg 0.4899218447093991 off 0.4696936517069669 __DUMMY__ 0.04038450358363383	false	1.0
rivale	neg 1.0		neg 0.4857623645059131 off 0.47393006995114534 __DUMMY__ 0.04030756554294155	false	1.0
mutlos	off 1.0	off 1.0	off 0.7155013634215238 neg 0.2650963951130505 __DUMMY__ 0.01940224146542581	false	1.0
wirr	off 1.0		neg 0.48531986999588345 off 0.47456764786869615 __DUMMY__ 0.04011248213542036	false	0.5
jahr			neg 0.49148552398641926 off 0.46695842669494736 __DUMMY__ 0.04155604931863348	false	0.0
wird			neg 0.49508319602344697 off 0.46407039359229263 __DUMMY__ 0.04084641038426026	false	0.0
strafbar	neg 1.0		neg 0.49643129761636123 off 0.46271167153454795 __DUMMY__ 0.0408570308490909	false	1.0
erosion	neg 1.0		neg 0.49048326878515786 off 0.4686433186459429 __DUMMY__ 0.04087341256889925	false	1.0
eingehen	neg 1.0		neg 0.49674305432682175 off 0.4624574258646162 __DUMMY__ 0.04079951980856193	false	1.0
faul	off 1.0		neg 0.4868738916210794 off 0.4725155342604201 __DUMMY__ 0.04061057411850048	false	0.5
provisorium	neg 1.0		neg 0.49967901679562593 off 0.4586703461456635 __DUMMY__ 0.04165063705871053	false	1.0
schmerzen	neg 1.0		neg 0.4943195316050337 off 0.4650405105042828 __DUMMY__ 0.04063995789068353	false	1.0
schrumpfen	neg 1.0		neg 0.5023069704791212 off 0.4566037332241619 __DUMMY__ 0.04108929629671666	false	1.0
geistlos	off 1.0		neg 0.4920446253419153 off 0.4676055787313441 __DUMMY__ 0.04034979592674077	false	0.5
fehlkauf	neg 1.0		neg 0.4904007936351442 off 0.4689607425849699 __DUMMY__ 0.04063846377988596	false	1.0
frustrierend	neg 1.0		neg 0.4877575161645602 off 0.47165971260369355 __DUMMY__ 0.04058277123174613	false	1.0
unzufrieden	neg 1.0		neg 0.49558525393316616 off 0.46369909246867863 __DUMMY__ 0.04071565359815512	false	1.0
verzweifeln	neg 1.0		neg 0.4933219822554663 off 0.46592975484200555 __DUMMY__ 0.04074826290252824	false	1.0
verzweifelt	neg 1.0	neg 1.0	neg 0.7324127236857122 off 0.24832793124019067 __DUMMY__ 0.019259345074097007	false	1.0
misstrauensantrag	neg 1.0		neg 0.48985640233210664 off 0.46951217457539235 __DUMMY__ 0.040631423092500965	false	1.0
abfallen	neg 1.0		neg 0.48975196257493875 off 0.4694322903154693 __DUMMY__ 0.04081574710959199	false	1.0
fucker	off 1.0		neg 0.4840853934255753 off 0.4755073033357369 __DUMMY__ 0.04040730323868789	false	0.5
ungezogen	neg 1.0		off 0.48149268744381124 neg 0.47864485259188 __DUMMY__ 0.03986245996430872	false	0.5
irrsinnig	neg 1.0	neg 1.0	neg 0.7319923214808803 off 0.2487070226868794 __DUMMY__ 0.019300655832240287	false	1.0
unfassbar	neg 1.0		neg 0.48538129725722734 off 0.47410973633847187 __DUMMY__ 0.040508966404300885	false	1.0
hart	neg 1.0		neg 0.48714481384755715 off 0.4724556472425167 __DUMMY__ 0.04039953890992624	false	1.0
widerlich	off 1.0		neg 0.4866822327992317 off 0.473019955260457 __DUMMY__ 0.040297811940311436	false	0.5
fatal	neg 1.0		neg 0.489900409299323 off 0.4694816820736061 __DUMMY__ 0.04061790862707098	false	1.0
bruch	neg 1.0		neg 0.4990503976722361 off 0.4599472128403552 __DUMMY__ 0.04100238948740861	false	1.0
aushungern	neg 1.0		neg 0.494355211920487 off 0.46484109468430473 __DUMMY__ 0.04080369339520835	false	1.0
anspannung	neg 1.0		neg 0.49929400314207395 off 0.459375346665052 __DUMMY__ 0.041330650192874026	false	1.0
von			neg 0.49060262273831645 off 0.4677556427822571 __DUMMY__ 0.04164173447942646	false	0.0
kraftlos	neg 1.0		neg 0.493973764522048 off 0.4651505448787549 __DUMMY__ 0.040875690599197156	false	1.0
vom			neg 0.49860303370886316 off 0.45970970762055297 __DUMMY__ 0.0416872586705839	false	0.0
grenzdebil	off 1.0		neg 0.48500325934351957 off 0.4745011568604948 __DUMMY__ 0.04049558379598567	false	0.5
vor			neg 0.49657894760289356 off 0.4622767543268874 __DUMMY__ 0.041144298070219104	false	0.0
unterwerfen	neg 1.0		neg 0.4963591258632262 off 0.46281687738186084 __DUMMY__ 0.0408239967549129	false	1.0
versenkung	neg 1.0		neg 0.4942431301475817 off 0.46474491976052246 __DUMMY__ 0.04101195009189596	false	1.0
entziehen	neg 1.0		neg 0.49863701300714713 off 0.46034713734883637 __DUMMY__ 0.04101584964401652	false	1.0
finanzkrise	neg 1.0		neg 0.49613445457156746 off 0.46335102680342266 __DUMMY__ 0.0405145186250099	false	1.0
schimpfend	neg 1.0		neg 0.49013987893228567 off 0.46924201602531884 __DUMMY__ 0.04061810504239559	false	1.0
profan	neg 1.0		neg 0.489915247679687 off 0.46954051253609524 __DUMMY__ 0.04054423978421784	false	1.0
korruption	neg 1.0		neg 0.49690889368570046 off 0.4623782950545576 __DUMMY__ 0.040712811259741945	false	1.0
â			neg 0.49358848997408217 off 0.4654284803815055 __DUMMY__ 0.04098302964441233	false	0.0
schmutzig	neg 1.0		neg 0.4844587579886456 off 0.4750504969709312 __DUMMY__ 0.040490745040423146	false	1.0
sexy	neg 1.0		neg 0.487536646512558 off 0.471811370449617 __DUMMY__ 0.040651983037825	false	1.0
abraten	neg 1.0		neg 0.48890011361727304 off 0.47037392135654776 __DUMMY__ 0.04072596502617913	false	1.0
schwarz	neg 1.0		neg 0.4907872333909578 off 0.4685838646530648 __DUMMY__ 0.04062890195597732	false	1.0
fotze	off 1.0	off 1.0	off 0.7175862380257654 neg 0.2629438484391475 __DUMMY__ 0.019469913535087167	false	1.0
verwirren	neg 1.0		neg 0.4890874458874853 off 0.4703453093023397 __DUMMY__ 0.040567244810174985	false	1.0
zahnlos	off 1.0		neg 0.4944932784373337 off 0.4647926034559155 __DUMMY__ 0.04071411810675099	false	0.5
verheeren	neg 1.0		off 0.48295069497834164 neg 0.4772009400282437 __DUMMY__ 0.03984836499341471	false	0.5
hippie	neg 1.0		neg 0.48815365025608637 off 0.47120101857849533 __DUMMY__ 0.0406453311654183	false	1.0
rammen	neg 1.0		neg 0.494011728059646 off 0.4656529316568667 __DUMMY__ 0.04033534028348717	false	1.0
unlauter	neg 1.0		neg 0.49322267516205837 off 0.4662947127884293 __DUMMY__ 0.04048261204951228	false	1.0
unheilvoll	neg 1.0		neg 0.4905560531395594 off 0.4688384992480989 __DUMMY__ 0.04060544761234176	false	1.0
niedrig	neg 1.0		neg 0.4984267808959274 off 0.460811685827165 __DUMMY__ 0.040761533276907624	false	1.0
explosion	neg 1.0		neg 0.48900662662591055 off 0.47036801220172697 __DUMMY__ 0.04062536117236236	false	1.0
weichei	off 1.0	off 1.0	off 0.7242049988329727 neg 0.2567609865564646 __DUMMY__ 0.0190340146105627	false	1.0
minusmensch	off 1.0		neg 0.4830462166819974 off 0.4773077257948228 __DUMMY__ 0.03964605752317995	false	0.5
farblos	neg 1.0		neg 0.49217596478308007 off 0.4670687403563399 __DUMMY__ 0.04075529486058006	false	1.0
unwissend	neg 1.0	neg 1.0	neg 0.7296490061278154 off 0.2511252240524535 __DUMMY__ 0.019225769819731182	false	1.0
traurig	neg 1.0		neg 0.4827683798160663 off 0.47681549721760297 __DUMMY__ 0.040416122966330764	false	1.0
senkung	neg 1.0		neg 0.4913565709378573 off 0.46822956658692383 __DUMMY__ 0.04041386247521896	false	1.0
ungleich	neg 1.0	neg 1.0	neg 0.7350111696933265 off 0.24553992719051373 __DUMMY__ 0.019448903116159703	false	1.0
heikel	neg 1.0		neg 0.4972755712655255 off 0.46188445238106235 __DUMMY__ 0.040839976353412064	false	1.0
drosselung	neg 1.0		neg 0.4862589347696983 off 0.47334657221726567 __DUMMY__ 0.04039449301303606	false	1.0
falsch	neg 1.0		neg 0.48804837480890595 off 0.4714285330848758 __DUMMY__ 0.0405230921062182	false	1.0
unzufriedenheit	neg 1.0		neg 0.4984688798357984 off 0.46059364714545775 __DUMMY__ 0.04093747301874391	false	1.0
kurz	neg 1.0		neg 0.4910325800922893 off 0.4679434920725423 __DUMMY__ 0.04102392783516836	false	1.0
unsinnig	neg 1.0		neg 0.4943699717462393 off 0.46494160884295327 __DUMMY__ 0.04068841941080742	false	1.0
penner	off 1.0	off 1.0	off 0.7250599339939509 neg 0.2559337288161821 __DUMMY__ 0.019006337189867082	false	1.0
seicht	neg 1.0		off 0.48081627319875686 neg 0.4793143744717151 __DUMMY__ 0.03986935232952808	false	0.5
dummheit	off 1.0	off 1.0	off 0.7193702749324623 neg 0.261418991684951 __DUMMY__ 0.019210733382586637	false	1.0
unerfreulich	neg 1.0		neg 0.49696368855614953 off 0.4620582784281085 __DUMMY__ 0.04097803301574213	false	1.0
motherfucker	off 1.0	off 1.0	off 0.7224436586206342 neg 0.2583572100115831 __DUMMY__ 0.019199131367782635	false	1.0
pikiert	neg 1.0		neg 0.4877471511351701 off 0.47194425146065083 __DUMMY__ 0.0403085974041791	false	1.0
wrack	neg 1.0		neg 0.49345985423592376 off 0.46564159629620167 __DUMMY__ 0.04089854946787466	false	1.0
gangster	neg 1.0		neg 0.48827366723947724 off 0.4711005787305521 __DUMMY__ 0.040625754029970526	false	1.0
krank	neg 1.0		neg 0.4844939076892922 off 0.4749700806501074 __DUMMY__ 0.040536011660600446	false	1.0
reich	neg 1.0		neg 0.48608322821603567 off 0.47335764101086264 __DUMMY__ 0.040559130773101804	false	1.0
gnadenlos	neg 1.0		neg 0.49210218708446213 off 0.4673267766712395 __DUMMY__ 0.040571036244298336	false	1.0
niedergeschlagen	neg 1.0		neg 0.49281047981081044 off 0.46634094399554876 __DUMMY__ 0.040848576193640844	false	1.0
terrorisieren	off 1.0	off 1.0	off 0.7165268257205469 neg 0.26398355811500435 __DUMMY__ 0.01948961616444881	false	1.0
sinnlosigkeit	neg 1.0		neg 0.49483745907660387 off 0.46441646826293864 __DUMMY__ 0.040746072660457516	false	1.0
behindern	neg 1.0		neg 0.49279447861611736 off 0.4664427921835362 __DUMMY__ 0.040762729200346536	false	1.0
undemokratisch	neg 1.0		neg 0.49196896716021377 off 0.46740818319853766 __DUMMY__ 0.04062284964124864	false	1.0
wirtschaftskrise	neg 1.0		neg 0.49778576533062646 off 0.4615603377107041 __DUMMY__ 0.04065389695866939	false	1.0
neid	neg 1.0		neg 0.4857711749439287 off 0.47348306556046316 __DUMMY__ 0.04074575949560799	false	1.0
rutschen	neg 1.0		neg 0.49698906111911967 off 0.46160225709080155 __DUMMY__ 0.04140868179007883	false	1.0
rezession	neg 1.0		neg 0.4883349456117864 off 0.4718027677915442 __DUMMY__ 0.03986228659666951	false	1.0
fehlgeburt	neg 1.0		neg 0.48886193856893245 off 0.4703688503289467 __DUMMY__ 0.04076921110212087	false	1.0
charakterschwach	off 1.0		neg 0.4868104589949964 off 0.47287577168761835 __DUMMY__ 0.040313769317385256	false	0.5
isolation	neg 1.0		neg 0.4879514992386848 off 0.4714477782712622 __DUMMY__ 0.04060072249005301	false	1.0
ablenkung	neg 1.0		neg 0.49072681123175943 off 0.468436051294887 __DUMMY__ 0.040837137473353546	false	1.0
pech	neg 1.0		neg 0.48776224669933843 off 0.4716546625200817 __DUMMY__ 0.040583090780579964	false	1.0
vermeidung	neg 1.0		neg 0.4857316635065794 off 0.47384002826979177 __DUMMY__ 0.04042830822362898	false	1.0
dominieren	neg 1.0		neg 0.4966323591765116 off 0.4625391987111948 __DUMMY__ 0.040828442112293604	false	1.0
schwindlig	neg 1.0		neg 0.48846416431818257 off 0.47080134963263287 __DUMMY__ 0.0407344860491847	false	1.0
lutscher	neg 1.0	neg 1.0	neg 0.7247215262074681 off 0.2563326030801658 __DUMMY__ 0.018945870712366218	false	1.0
pflicht	neg 1.0		neg 0.49835669224101836 off 0.46074143561973074 __DUMMY__ 0.04090187213925089	false	1.0
faschist	off 1.0		neg 0.48903803111535477 off 0.4704048846239521 __DUMMY__ 0.04055708426069313	false	0.5
verschleudern	neg 1.0		neg 0.4978840758705595 off 0.461312979761783 __DUMMY__ 0.04080294436765759	false	1.0
wenn			neg 0.4879928476277391 off 0.47149262926466173 __DUMMY__ 0.04051452310759922	false	0.0
ehebruch	neg 1.0		neg 0.4959286478847012 off 0.46326501094824696 __DUMMY__ 0.04080634116705182	false	1.0
spott	off 1.0		neg 0.49702314521076263 off 0.46220652340069146 __DUMMY__ 0.04077033138854604	false	0.5
trostlosigkeit	neg 1.0		neg 0.49845583669736193 off 0.4605703320675973 __DUMMY__ 0.04097383123504083	false	1.0
lutschen	neg 1.0		neg 0.49007329531055704 off 0.46952879981207385 __DUMMY__ 0.04039790487736896	false	1.0
undiszipliniert	neg 1.0		neg 0.48419803881474616 off 0.4754524216478885 __DUMMY__ 0.04034953953736543	false	1.0
kopfschmerz	neg 1.0		neg 0.4959061195194399 off 0.46346309125131113 __DUMMY__ 0.04063078922924903	false	1.0
unvorhergesehen	neg 1.0		neg 0.4935251998688769 off 0.4652581624753853 __DUMMY__ 0.04121663765573773	false	1.0
desinteressiert	neg 1.0	neg 1.0	neg 0.72841858135556 off 0.25240934712745255 __DUMMY__ 0.019172071516987434	false	1.0
armselig	off 1.0		neg 0.4852871146919373 off 0.474546665738602 __DUMMY__ 0.04016621956946058	false	0.5
desaster	neg 1.0		neg 0.49982257791688667 off 0.45916625244713455 __DUMMY__ 0.04101116963597881	false	1.0
tod	neg 1.0		neg 0.49380947312036744 off 0.4652267323964587 __DUMMY__ 0.04096379448317396	false	1.0
herzlos	neg 1.0		neg 0.48428015999230134 off 0.4754530668914333 __DUMMY__ 0.04026677311626531	false	1.0
unwissenheit	neg 1.0		neg 0.49566266959774313 off 0.46362147552491445 __DUMMY__ 0.040715854877342375	false	1.0
widersinnig	neg 1.0		neg 0.49721395775600596 off 0.4622252075921444 __DUMMY__ 0.04056083465184952	false	1.0
bedenklich	neg 1.0		neg 0.49634846425251344 off 0.4628811356158674 __DUMMY__ 0.040770400131619165	false	1.0
beanstanden	neg 1.0		neg 0.49831838015267227 off 0.46072946362723743 __DUMMY__ 0.04095215622009037	false	1.0
panisch	neg 1.0	neg 1.0	neg 0.7295798133213138 off 0.2509797736260657 __DUMMY__ 0.019440413052620526	false	1.0
debil	off 1.0		neg 0.5017212492283226 off 0.45692308262846665 __DUMMY__ 0.041355668143210865	false	0.5
abstrich	neg 1.0		neg 0.48939016807032704 off 0.4695229402967927 __DUMMY__ 0.041086891632880124	false	1.0
primitiv	neg 1.0		neg 0.48654822564578015 off 0.47316807732678023 __DUMMY__ 0.04028369702743956	false	1.0
abschaum	off 1.0	off 1.0	off 0.7211172043451919 neg 0.25967709738849354 __DUMMY__ 0.01920569826631459	false	1.0
provozieren	neg 1.0		neg 0.4930292166377627 off 0.4664666687441544 __DUMMY__ 0.04050411461808304	false	1.0
tot	neg 1.0		neg 0.4948013249269502 off 0.46439247073253853 __DUMMY__ 0.04080620434051132	false	1.0
instabil	neg 1.0		neg 0.4858055012621253 off 0.4739999188019958 __DUMMY__ 0.040194579935878896	false	1.0
schwuchtel	off 1.0	off 1.0	off 0.7272704005517704 neg 0.25395641731316476 __DUMMY__ 0.01877318213506491	false	1.0
zerren	neg 1.0		neg 0.4939334737059229 off 0.4652426967271054 __DUMMY__ 0.04082382956697179	false	1.0
kinderficker	off 1.0		neg 0.481260829846277 off 0.4785480223208423 __DUMMY__ 0.04019114783288057	false	0.5
gefahr	neg 1.0		neg 0.4975842432585746 off 0.46137116130252886 __DUMMY__ 0.041044595438896506	false	1.0
rabiat	neg 1.0		neg 0.49184402973384 off 0.46742767752423564 __DUMMY__ 0.04072829274192428	false	1.0
verlangsamung	neg 1.0		neg 0.48335058734265074 off 0.47686503185500323 __DUMMY__ 0.03978438080234617	false	1.0
ausgestorben	neg 1.0		neg 0.4915358193501869 off 0.4676631303237268 __DUMMY__ 0.040801050326086385	false	1.0
anklagen	neg 1.0		neg 0.4959118935550188 off 0.46331570943698885 __DUMMY__ 0.04077239700799224	false	1.0
trott	neg 1.0		neg 0.49221741830250826 off 0.46701095974968654 __DUMMY__ 0.04077162194780509	false	1.0
verminderung	neg 1.0		neg 0.48550163034003047 off 0.47410418118268133 __DUMMY__ 0.04039418847728824	false	1.0
nach			neg 0.4976591317366665 off 0.46083434468791024 __DUMMY__ 0.04150652357542312	false	0.0
rost	neg 1.0		neg 0.4813992721762636 off 0.47848479577670244 __DUMMY__ 0.040115932047033905	false	1.0
destruktiv	neg 1.0		neg 0.4933728491719781 off 0.46599519235322007 __DUMMY__ 0.04063195847480183	false	1.0
unzumutbarkeit	neg 1.0		neg 0.48591670570042655 off 0.4735467605356253 __DUMMY__ 0.040536533763948224	false	1.0
labil	off 1.0	off 1.0	off 0.7209149825061709 neg 0.25983597761935445 __DUMMY__ 0.019249039874474638	false	1.0
ziemlich	neg 1.0		neg 0.4846843831443575 off 0.4747254615345812 __DUMMY__ 0.04059015532106126	false	1.0
lachnummer	off 1.0		neg 0.4930238223048903 off 0.4663929855371111 __DUMMY__ 0.040583192157998674	false	0.5
oder			neg 0.489907180186856 off 0.4692876014421459 __DUMMY__ 0.040805218370998264	false	0.0
verfall	neg 1.0		neg 0.5015831092882049 off 0.45726639312399525 __DUMMY__ 0.04115049758779982	false	1.0
ausgrenzung	neg 1.0		neg 0.4914016448815274 off 0.46800341560920233 __DUMMY__ 0.04059493950927022	false	1.0
unordnung	neg 1.0		neg 0.4823276414899273 off 0.47713414581383995 __DUMMY__ 0.04053821269623278	false	1.0
fehlverhalten	neg 1.0		neg 0.4988659295667825 off 0.46036053847821323 __DUMMY__ 0.040773531955004265	false	1.0
eine			neg 0.496022768258681 off 0.4628674976508566 __DUMMY__ 0.041109734090462396	false	0.0
nille	neg 1.0		neg 0.491985825733497 off 0.46720334313552075 __DUMMY__ 0.04081083113098224	false	1.0
qual	neg 1.0		neg 0.4925180013246053 off 0.4666841985631083 __DUMMY__ 0.04079780011228644	false	1.0
verschwenden	neg 1.0		neg 0.497081538270443 off 0.46213896425269757 __DUMMY__ 0.04077949747685939	false	1.0
riesig	neg 1.0		neg 0.49453500916699905 off 0.46451049280430745 __DUMMY__ 0.04095449802869337	false	1.0
verurteilen	neg 1.0		neg 0.4968967028714372 off 0.46248524214145864 __DUMMY__ 0.040618054987104184	false	1.0
klischee	neg 1.0	neg 1.0	neg 0.7307809379605854 off 0.24999718146629749 __DUMMY__ 0.019221880573117158	false	1.0
diktatorisch	neg 1.0		neg 0.4922578802543041 off 0.4671707024945209 __DUMMY__ 0.04057141725117503	false	1.0
vorhersehbar	neg 1.0		neg 0.49042533802429183 off 0.4691455484417149 __DUMMY__ 0.040429113533993206	false	1.0
sowie			neg 0.4838348906535266 off 0.4761308455043454 __DUMMY__ 0.04003426384212804	false	0.0
stornieren	neg 1.0		neg 0.48613471762197247 off 0.47284931482936515 __DUMMY__ 0.041015967548662415	false	1.0
besteuerung	neg 1.0		neg 0.49435186732740566 off 0.4652301541055156 __DUMMY__ 0.04041797856707875	false	1.0
ungeschminkt	neg 1.0		neg 0.4885329339988838 off 0.4713401932869508 __DUMMY__ 0.04012687271416551	false	1.0
kritisch	neg 1.0		neg 0.4962912325377578 off 0.46289359186723295 __DUMMY__ 0.04081517559500928	false	1.0
schlamperei	off 1.0		neg 0.49664585079266765 off 0.462390284991653 __DUMMY__ 0.040963864215679394	false	0.5
sucht	neg 1.0	neg 1.0	neg 0.7292545740095727 off 0.2511368644811713 __DUMMY__ 0.019608561509255933	false	1.0
egoistisch	off 1.0		neg 0.48219440025899823 off 0.4777380324645366 __DUMMY__ 0.04006756727646503	false	0.5
ausbeuter	off 1.0		neg 0.4995518672264602 off 0.45973958761279654 __DUMMY__ 0.040708545160743355	false	0.5
arschgeburt	off 1.0		off 0.48254661226331574 neg 0.47799491099762276 __DUMMY__ 0.03945847673906154	false	1.0
schubs	neg 1.0		neg 0.49303421954673143 off 0.46609403128240323 __DUMMY__ 0.04087174917086529	false	1.0
unsolide	neg 1.0		neg 0.4926320403255882 off 0.46692847425280837 __DUMMY__ 0.04043948542160353	false	1.0
beschwerde	neg 1.0		neg 0.497521542946738 off 0.4617037367683745 __DUMMY__ 0.040774720284887364	false	1.0
stocken	neg 1.0		neg 0.49683290143595044 off 0.4622686783499561 __DUMMY__ 0.0408984202140934	false	1.0
isolieren	neg 1.0		neg 0.4957891558261986 off 0.4634200012441662 __DUMMY__ 0.0407908429296352	false	1.0
unheilbar	neg 1.0		neg 0.4918684579466266 off 0.4674266969204024 __DUMMY__ 0.04070484513297093	false	1.0
pisser	off 1.0		neg 0.4864447025194015 off 0.4734293661971211 __DUMMY__ 0.04012593128347746	false	0.5
löschen	neg 1.0		neg 0.49194267112689877 off 0.4673005187093751 __DUMMY__ 0.04075681016372609	false	1.0
durchfallen	neg 1.0		neg 0.49652664282147035 off 0.46277671483211186 __DUMMY__ 0.04069664234641781	false	1.0
wichser	off 1.0	off 1.0	off 0.7266754667521197 neg 0.25439801456701006 __DUMMY__ 0.018926518680870284	false	1.0
terror	neg 1.0		neg 0.48821788069115507 off 0.4711163181946889 __DUMMY__ 0.0406658011141562	false	1.0
krass	neg 1.0		neg 0.48333524273935863 off 0.4764194982803333 __DUMMY__ 0.04024525898030801	false	1.0
revolte	neg 1.0		neg 0.4908562725257827 off 0.4685625932549963 __DUMMY__ 0.040581134219221084	false	1.0
besorgt	neg 1.0		neg 0.490921186111881 off 0.46799938244507794 __DUMMY__ 0.04107943144304098	false	1.0
nachlassen	neg 1.0		neg 0.49592111491933216 off 0.4630980856903081 __DUMMY__ 0.040980799390359784	false	1.0
alt	neg 1.0		neg 0.4954621552673396 off 0.46380622417813494 __DUMMY__ 0.04073162055452553	false	1.0
hundesohn	off 1.0		off 0.4805020594390463 neg 0.4797143011351858 __DUMMY__ 0.039783639425767806	false	1.0
als			neg 0.49323583998931236 off 0.4658718432855115 __DUMMY__ 0.04089231672517617	false	0.0
abschreckung	neg 1.0		neg 0.4988802471325537 off 0.46018763264510865 __DUMMY__ 0.04093212022233761	false	1.0
unqualifiziert	neg 1.0		neg 0.48975383278025947 off 0.4698667600578391 __DUMMY__ 0.04037940716190137	false	1.0
abgewichst	off 1.0		neg 0.49204121762681424 off 0.4670716686504255 __DUMMY__ 0.0408871137227603	false	0.5
schwer	neg 1.0		neg 0.4929833200731562 off 0.4663087187462095 __DUMMY__ 0.040707961180634335	false	1.0
bedeutungslosigkeit	neg 1.0		neg 0.4978407856894252 off 0.46127057169165936 __DUMMY__ 0.040888642618915366	false	1.0
kapitulation	neg 1.0		neg 0.49639468376230733 off 0.46275164621246406 __DUMMY__ 0.040853670025228606	false	1.0
unscharf	neg 1.0		neg 0.490562864374509 off 0.4689520069103719 __DUMMY__ 0.040485128715119084	false	1.0
schwinden	neg 1.0		neg 0.49848144252690885 off 0.4606486647582309 __DUMMY__ 0.0408698927148603	false	1.0
versklavung	neg 1.0		neg 0.4922295557222658 off 0.46714042747808887 __DUMMY__ 0.04063001679964518	false	1.0
schlecht	neg 1.0		neg 0.48472863829722457 off 0.4747017698907681 __DUMMY__ 0.04056959181200736	false	1.0
verhasst	neg 1.0		neg 0.49327929753362193 off 0.4663159549007011 __DUMMY__ 0.04040474756567694	false	1.0
beschweren	neg 1.0		neg 0.4899207720432315 off 0.4694339282190295 __DUMMY__ 0.040645299737739046	false	1.0
scheiden	neg 1.0		neg 0.4904532095292805 off 0.4686685937392147 __DUMMY__ 0.04087819673150476	false	1.0
frustriert	neg 1.0		neg 0.49444074320986786 off 0.46486499540341664 __DUMMY__ 0.04069426138671539	false	1.0
schimmelig	neg 1.0		neg 0.49789562702901846 off 0.4615703764512777 __DUMMY__ 0.04053399651970395	false	1.0
fisch	neg 1.0		neg 0.49940624422449076 off 0.45981919096633617 __DUMMY__ 0.04077456480917305	false	1.0
schmuggel	neg 1.0		neg 0.49702527692634446 off 0.462073361692366 __DUMMY__ 0.04090136138128964	false	1.0
auffallen	neg 1.0		neg 0.48899965404169604 off 0.4703802482859097 __DUMMY__ 0.04062009767239422	false	1.0
konkurrenz	neg 1.0		neg 0.4991275178562009 off 0.45991534790825905 __DUMMY__ 0.0409571342355402	false	1.0
teufelskreis	neg 1.0	neg 1.0	neg 0.7333250376516183 off 0.24737864294064757 __DUMMY__ 0.019296319407734294	false	1.0
aufschreien	neg 1.0		neg 0.49031680304592185 off 0.46919688651252645 __DUMMY__ 0.04048631044155173	false	1.0
schuldner	neg 1.0		neg 0.5003330368300332 off 0.45894080423609024 __DUMMY__ 0.04072615893387654	false	1.0
missgeburt	off 1.0	off 1.0	off 0.7238350875783028 neg 0.25721110306764755 __DUMMY__ 0.018953809354049507	false	1.0
arbeitslos	neg 1.0		neg 0.4959380193501795 off 0.4633541963545623 __DUMMY__ 0.04070778429525813	false	1.0
befallen	neg 1.0		neg 0.49629291713831036 off 0.4631502088855964 __DUMMY__ 0.0405568739760932	false	1.0
miesepetrig	off 1.0	off 1.0	off 0.7220092022884784 neg 0.2587144758055061 __DUMMY__ 0.01927632190601549	false	1.0
alarmieren	neg 1.0		neg 0.48961015367893035 off 0.47002697336981086 __DUMMY__ 0.04036287295125882	false	1.0
ungeduscht	off 1.0		neg 0.489356656591016 off 0.47028763781041255 __DUMMY__ 0.04035570559857144	false	0.5
knappheit	neg 1.0		neg 0.49811222986715337 off 0.46130888638505735 __DUMMY__ 0.04057888374778929	false	1.0
schlange	neg 1.0		neg 0.48797206724654046 off 0.47113304515962257 __DUMMY__ 0.04089488759383692	false	1.0
harsch	neg 1.0		neg 0.48083883505889463 off 0.47878333331171274 __DUMMY__ 0.040377831629392576	false	1.0
lang	neg 1.0		neg 0.4907144538212799 off 0.4685313660895638 __DUMMY__ 0.04075418008915635	false	1.0
ziellos	neg 1.0		neg 0.49404404744519503 off 0.46496973122466884 __DUMMY__ 0.04098622133013602	false	1.0
selbstverliebt	neg 1.0		off 0.48185802470976813 neg 0.478434976413095 __DUMMY__ 0.03970699887713695	false	0.5
beseitigen	neg 1.0		neg 0.4936073579885142 off 0.4656017527932038 __DUMMY__ 0.040790889218281834	false	1.0
dumm	off 1.0		neg 0.480799293810648 off 0.4790970863765873 __DUMMY__ 0.040103619812764564	false	0.5
arbeitsloser	neg 1.0		neg 0.4937193465908084 off 0.46535392486601457 __DUMMY__ 0.040926728543177	false	1.0
blitzen	neg 1.0		neg 0.48822169270209437 off 0.47112870870310963 __DUMMY__ 0.040649598594795895	false	1.0
hilflos	neg 1.0		neg 0.4948303872410992 off 0.4644542425664533 __DUMMY__ 0.04071537019244753	false	1.0
eklig	off 1.0		neg 0.482337778193645 off 0.47778978793313687 __DUMMY__ 0.03987243387321821	false	0.5
begriff			neg 0.49264714121655817 off 0.4665900444244392 __DUMMY__ 0.04076281435900276	false	0.0
hungersnot	neg 1.0		neg 0.4953595053997506 off 0.46386334719085726 __DUMMY__ 0.04077714740939214	false	1.0
ungesetzlich	neg 1.0		neg 0.49392187379318686 off 0.46562098930247076 __DUMMY__ 0.04045713690434239	false	1.0
verschwendung	neg 1.0		neg 0.49686224791766226 off 0.46226376342239506 __DUMMY__ 0.040873988659942816	false	1.0
schmerzvoll	neg 1.0		neg 0.4908106317153488 off 0.4685858027096922 __DUMMY__ 0.04060356557495906	false	1.0
vorzeitig	neg 1.0		neg 0.4903825627710378 off 0.4691159617702354 __DUMMY__ 0.040501475458726906	false	1.0
unvollkommenheit	neg 1.0		neg 0.4922286302010469 off 0.4666725021167047 __DUMMY__ 0.0410988676822484	false	1.0
intervenieren	neg 1.0		neg 0.49800376765663146 off 0.4611996403134446 __DUMMY__ 0.04079659202992393	false	1.0
banause	off 1.0		neg 0.4808037120376675 off 0.47952931708623225 __DUMMY__ 0.03966697087610027	false	0.5
rebell	neg 1.0		neg 0.5002165695084013 off 0.4587457297112198 __DUMMY__ 0.041037700780378876	false	1.0
unlogisch	neg 1.0		neg 0.48481268657610305 off 0.47495450265081784 __DUMMY__ 0.04023281077307929	false	1.0
leiden	neg 1.0		neg 0.49582608640577863 off 0.46308136959972696 __DUMMY__ 0.04109254399449451	false	1.0
abschaffung	neg 1.0		neg 0.49210479484782477 off 0.46720796157347705 __DUMMY__ 0.04068724357869821	false	1.0
sturz	neg 1.0		neg 0.49108186703444506 off 0.46809994969009705 __DUMMY__ 0.04081818327545779	false	1.0
verkleinerung	neg 1.0		neg 0.4911012115913274 off 0.4684949488272747 __DUMMY__ 0.040403839581397975	false	1.0
schmarotzer	off 1.0		neg 0.4956866705577437 off 0.46368716437436364 __DUMMY__ 0.040626165067892704	false	0.5
bestrafung	neg 1.0		neg 0.4913692971295798 off 0.46797872542234525 __DUMMY__ 0.04065197744807502	false	1.0
achtlos	neg 1.0	neg 1.0	neg 0.7321686638802168 off 0.24840690017777076 __DUMMY__ 0.01942443594201245	false	1.0
ungeheuer	neg 1.0		neg 0.4891422257629516 off 0.47020218966576505 __DUMMY__ 0.04065558457128338	false	1.0
unaufrichtig	neg 1.0		neg 0.48668541029230133 off 0.47250481023798735 __DUMMY__ 0.040809779469711475	false	1.0
