unsolidarisch	neg 1.0		__DUMMY__ 0.9206582982526255 neg 0.04155400962274677 off 0.03778769212462776	false	1.0
nachteilig	neg 1.0		__DUMMY__ 0.9255324750733814 neg 0.04037646056183137 off 0.03409106436478718	false	1.0
skeptisch	neg 1.0		__DUMMY__ 0.9257685843347022 neg 0.04043452325321395 off 0.03379689241208387	false	1.0
schrecklich	neg 1.0		__DUMMY__ 0.9189681674225284 off 0.044856038232503725 neg 0.03617579434496789	false	0.5
schlapp	neg 1.0		__DUMMY__ 0.9216163384219201 off 0.041383288599302966 neg 0.037000372978776855	false	0.5
abfall	neg 1.0		__DUMMY__ 0.9285596708423349 neg 0.040565514249647355 off 0.03087481490801772	false	1.0
widerspenstig	neg 1.0		__DUMMY__ 0.923927526910787 neg 0.03869191964812104 off 0.03738055344109209	false	1.0
abrupt	neg 1.0		__DUMMY__ 0.9267337641992157 neg 0.03937731690712656 off 0.03388891889365779	false	1.0
unwirksam	neg 1.0		__DUMMY__ 0.9201725512115162 neg 0.042471681535887366 off 0.037355767252596525	false	1.0
angreifen	neg 1.0		__DUMMY__ 0.9242166799996725 neg 0.04191636266329958 off 0.03386695733702801	false	1.0
inkonsistent	neg 1.0		__DUMMY__ 0.9208795850722339 neg 0.041215882719124616 off 0.037904532208641505	false	1.0
abrutschen	neg 1.0		__DUMMY__ 0.9268529012810601 neg 0.041806003778583976 off 0.031341094940355925	false	1.0
unsicher	neg 1.0		__DUMMY__ 0.9251098126991777 off 0.03747737879184895 neg 0.037412808508973314	false	0.5
bauernkind	off 1.0	off 1.0	off 0.5113135122476318 __DUMMY__ 0.448418369927197 neg 0.040268117825171285	false	1.0
angreifer	neg 1.0	neg 1.0	neg 0.5040114977897634 __DUMMY__ 0.46053568108987775 off 0.035452821120358816	false	1.0
trennen	neg 1.0		__DUMMY__ 0.927618486804676 neg 0.039150915634405585 off 0.033230597560918465	false	1.0
schmutz	neg 1.0		__DUMMY__ 0.9256516155777617 off 0.038291490720172315 neg 0.036056893702065995	false	0.5
inkonsistenz	neg 1.0		__DUMMY__ 0.9166929729931227 off 0.042104545180949 neg 0.04120248182592828	false	0.5
erschreckend	neg 1.0		__DUMMY__ 0.9228115313206886 neg 0.04002472191323946 off 0.03716374676607198	false	1.0
ertrinken	neg 1.0		__DUMMY__ 0.9246080019032649 neg 0.04143288465529434 off 0.03395911344144078	false	1.0
pickelface	off 1.0		__DUMMY__ 0.9243701084173309 neg 0.038925734191704954 off 0.03670415739096409	false	0.5
seiner			__DUMMY__ 0.9257940845305281 neg 0.04021482039311078 off 0.0339910950763612	false	0.0
lauch	neg 1.0		__DUMMY__ 0.9280270856994738 neg 0.04062000644668788 off 0.03135290785383827	false	1.0
unwichtig	neg 1.0		__DUMMY__ 0.9196596079612376 off 0.04157324883055705 neg 0.0387671432082053	false	0.5
steuerhinterziehung	neg 1.0	neg 1.0	neg 0.5073683306893558 __DUMMY__ 0.4601650276822393 off 0.032466641628404805	false	1.0
schock	neg 1.0		__DUMMY__ 0.9239469351061359 neg 0.03927921690100875 off 0.036773847992855296	false	1.0
beule	neg 1.0		__DUMMY__ 0.919432360935458 off 0.042123258704944495 neg 0.03844438035959744	false	0.5
vergelten	neg 1.0		__DUMMY__ 0.9220352841166304 off 0.04402377362801686 neg 0.03394094225535274	false	0.5
verdorbenheit	neg 1.0		__DUMMY__ 0.9269892155291499 off 0.037438011005866564 neg 0.03557277346498355	false	0.5
trauma	neg 1.0		__DUMMY__ 0.9229260112575252 neg 0.03884597333678842 off 0.03822801540568645	false	1.0
sinnlos	neg 1.0		__DUMMY__ 0.922367040351529 off 0.039355420728525686 neg 0.03827753891994523	false	0.5
fettsack	off 1.0	off 1.0	off 0.5121867892312939 __DUMMY__ 0.4502119182096417 neg 0.03760129255906439	false	1.0
feige	off 1.0	off 1.0	off 0.5083202614504168 __DUMMY__ 0.4547542175709442 neg 0.03692552097863892	false	1.0
abdanken	neg 1.0		__DUMMY__ 0.9229655946509925 neg 0.03967727713615536 off 0.03735712821285215	false	1.0
wichtigtuer	off 1.0	off 1.0	off 0.5064866326653017 __DUMMY__ 0.4572868419556143 neg 0.03622652537908394	false	1.0
misslingen	neg 1.0		__DUMMY__ 0.930116134131086 off 0.037362209532250626 neg 0.03252165633666344	false	0.5
untreu	off 1.0		__DUMMY__ 0.9198626019038301 off 0.041865311955703303 neg 0.03827208614046663	false	1.0
missmutig	neg 1.0		__DUMMY__ 0.9214223839469128 off 0.04119579537838108 neg 0.037381820674706155	false	0.5
hurenbock	off 1.0		__DUMMY__ 0.9236603927567663 off 0.03867482844764408 neg 0.037664778795589555	false	1.0
betrunken	neg 1.0		__DUMMY__ 0.9202973065753325 off 0.04283545099781436 neg 0.03686724242685317	false	0.5
korrupt	off 1.0		__DUMMY__ 0.9211192990490628 neg 0.04287785946655398 off 0.036002841484383305	false	0.5
unmut	neg 1.0		__DUMMY__ 0.9277992163076815 neg 0.040708107742294 off 0.031492675950024515	false	1.0
hackfresse	off 1.0		__DUMMY__ 0.9155708577831506 off 0.04771216668553369 neg 0.03671697553131572	false	1.0
aufblasen	neg 1.0		__DUMMY__ 0.9232177645498669 off 0.03880484084021966 neg 0.0379773946099134	false	0.5
gewaltsam	neg 1.0		__DUMMY__ 0.9244852481549848 neg 0.03921631129680281 off 0.03629844054821241	false	1.0
unbeliebtheit	neg 1.0		__DUMMY__ 0.9179723658505773 neg 0.04108262725652804 off 0.04094500689289455	false	1.0
sturheit	neg 1.0		__DUMMY__ 0.9224706554104785 neg 0.04075524277439925 off 0.03677410181512227	false	1.0
kuh	neg 1.0		__DUMMY__ 0.917755663827501 neg 0.04305899277867266 off 0.03918534339382631	false	1.0
erschrecken	neg 1.0		__DUMMY__ 0.9220489556677175 off 0.040975302526702846 neg 0.03697574180557966	false	0.5
opfer	neg 1.0		__DUMMY__ 0.9251258277454831 neg 0.03995749620545103 off 0.03491667604906591	false	1.0
sinken	neg 1.0		__DUMMY__ 0.9272967651352823 neg 0.04093109253534925 off 0.03177214232936842	false	1.0
stinktier	neg 1.0		__DUMMY__ 0.9115868437011695 off 0.04560394773664905 neg 0.042809208562181525	false	0.5
tucke	off 1.0		__DUMMY__ 0.9125360131416851 off 0.048541108437766656 neg 0.038922878420548264	false	1.0
ein			__DUMMY__ 0.9231290285263161 neg 0.038742591685840884 off 0.038128379787843	false	0.0
abstieg	neg 1.0		__DUMMY__ 0.9249903648264571 neg 0.0409832933530071 off 0.034026341820535766	false	1.0
missverstehen	neg 1.0		__DUMMY__ 0.919995953958176 off 0.04018642583929351 neg 0.03981762020253039	false	0.5
ergebnislos	neg 1.0		__DUMMY__ 0.9267640996709742 neg 0.039449242460098496 off 0.03378665786892735	false	1.0
unter			__DUMMY__ 0.9331816851951684 neg 0.039570129099990546 off 0.027248185704840958	false	0.0
manipulieren	neg 1.0		__DUMMY__ 0.9263156850438835 neg 0.04020278037411703 off 0.03348153458199957	false	1.0
unbewiesen	neg 1.0		__DUMMY__ 0.9198171994861984 neg 0.04236134360240605 off 0.03782145691139545	false	1.0
verschleppen	neg 1.0		__DUMMY__ 0.923790477927548 neg 0.04095895064400651 off 0.03525057142844542	false	1.0
weib	off 1.0		__DUMMY__ 0.9106177936981807 off 0.04846893810319354 neg 0.04091326819862579	false	1.0
opposition	neg 1.0		__DUMMY__ 0.9212018532660117 neg 0.04020616119701627 off 0.038591985536972136	false	1.0
verkehrswidrig	neg 1.0		__DUMMY__ 0.9228858951099641 off 0.04431055221485426 neg 0.03280355267518162	false	0.5
inkorrekt	neg 1.0		__DUMMY__ 0.916593686565933 off 0.04475681749332577 neg 0.038649495940741234	false	0.5
vermeiden	neg 1.0	neg 1.0	neg 0.505595799841094 __DUMMY__ 0.46725566291293497 off 0.02714853724597097	false	1.0
abweichung	neg 1.0		__DUMMY__ 0.9257417701776596 neg 0.03958084654890863 off 0.034677383273431873	false	1.0
alkoholisiert	neg 1.0		__DUMMY__ 0.9283229573290934 neg 0.038428798562463375 off 0.03324824410844313	false	1.0
scheiss	off 1.0	off 1.0	off 0.5078706997107109 __DUMMY__ 0.45690032579838474 neg 0.03522897449090441	false	1.0
herausforderung	neg 1.0		__DUMMY__ 0.9269279258960837 neg 0.03953295630857575 off 0.03353911779534048	false	1.0
pervers	off 1.0		__DUMMY__ 0.9124533368763351 off 0.05054449839951539 neg 0.03700216472414951	false	1.0
wackelig	neg 1.0		__DUMMY__ 0.9282726940964775 neg 0.03619837701942773 off 0.0355289288840948	false	1.0
verwickeln	neg 1.0		__DUMMY__ 0.9202273200776678 neg 0.039992381427280156 off 0.039780298495052026	false	1.0
vorwand	neg 1.0		__DUMMY__ 0.9255598367067344 neg 0.04101902484990746 off 0.03342113844335818	false	1.0
muschi	off 1.0		__DUMMY__ 0.924145916883652 neg 0.03896521336843188 off 0.03688886974791607	false	0.5
entmutigung	neg 1.0		__DUMMY__ 0.9217530299950815 neg 0.03948880331405512 off 0.038758166690863356	false	1.0
unangemessen	neg 1.0		__DUMMY__ 0.9219455249759549 neg 0.04146378833447139 off 0.03659068668957359	false	1.0
unstetig	neg 1.0		__DUMMY__ 0.9233203623921531 off 0.039297773148013526 neg 0.03738186445983341	false	0.5
entmutigen	neg 1.0		__DUMMY__ 0.922846536686494 neg 0.03886126996980059 off 0.0382921933437055	false	1.0
schwanz	neg 1.0		__DUMMY__ 0.9253977466143986 neg 0.03996436022748429 off 0.034637893158117244	false	1.0
verbot	neg 1.0		__DUMMY__ 0.9235989617344482 neg 0.04079935494528309 off 0.03560168332026869	false	1.0
leid	neg 1.0		__DUMMY__ 0.9164420176188731 off 0.04613319504375756 neg 0.03742478733736932	false	0.5
archaisch	neg 1.0		__DUMMY__ 0.9234132365279358 neg 0.04002566286237739 off 0.03656110060968682	false	1.0
gegen			__DUMMY__ 0.9275599376698711 neg 0.0402631711281158 off 0.032176891202013086	false	0.0
scheidung	neg 1.0		__DUMMY__ 0.9139097659316703 off 0.05414840201120476 neg 0.031941832057124954	false	0.5
einschlag	neg 1.0		__DUMMY__ 0.9191153073830979 off 0.043846129454164925 neg 0.03703856316273719	false	0.5
m			__DUMMY__ 0.9259550880137988 neg 0.038582499695918294 off 0.03546241229028291	false	0.0
abgestanden	neg 1.0		__DUMMY__ 0.9222059995761882 neg 0.04049496903499972 off 0.03729903138881208	false	1.0
schmierig	off 1.0		__DUMMY__ 0.9178396224849827 off 0.04549359540815667 neg 0.036666782106860564	false	1.0
unpraktisch	neg 1.0		__DUMMY__ 0.9234007418216476 off 0.038424682125596576 neg 0.03817457605275585	false	0.5
wixxer	off 1.0		__DUMMY__ 0.9104999260171469 off 0.050775235774774274 neg 0.038724838208078885	false	1.0
bezeichnet			__DUMMY__ 0.9208018315384782 neg 0.041318621670997605 off 0.03787954679052425	false	0.0
jammerlappen	off 1.0		__DUMMY__ 0.9214869378417091 off 0.04152595816680541 neg 0.0369871039914855	false	1.0
farce	neg 1.0		__DUMMY__ 0.9220435459568582 neg 0.04160348536165561 off 0.03635296868148608	false	1.0
zwecklos	neg 1.0		__DUMMY__ 0.9225573490953928 neg 0.041197176968527274 off 0.036245473936079985	false	1.0
turbulent	neg 1.0		__DUMMY__ 0.9172689552834148 off 0.042585758289835386 neg 0.04014528642674985	false	0.5
invasion	neg 1.0		__DUMMY__ 0.9221926537501278 off 0.03909092879549598 neg 0.03871641745437624	false	0.5
schuld	neg 1.0		__DUMMY__ 0.9210889689257438 neg 0.04026674669456402 off 0.03864428437969219	false	1.0
risiko	neg 1.0	neg 1.0	neg 0.5033170927634449 __DUMMY__ 0.46190550628582777 off 0.03477740095072737	false	1.0
finster	neg 1.0		__DUMMY__ 0.9213477756505146 neg 0.04053056676159541 off 0.03812165758788996	false	1.0
geisteskrank	off 1.0		__DUMMY__ 0.9167326944273719 off 0.043200880149305336 neg 0.04006642542332269	false	1.0
zusammenbrechen	neg 1.0		__DUMMY__ 0.9242391644019601 neg 0.03956682263385448 off 0.03619401296418549	false	1.0
ausbeute	neg 1.0		__DUMMY__ 0.9333030164206958 off 0.0340284066941022 neg 0.032668576885202014	false	0.5
hinterhalt	neg 1.0		__DUMMY__ 0.929234904854871 off 0.03565247529194354 neg 0.03511261985318541	false	0.5
kritik	neg 1.0		__DUMMY__ 0.9217446941373832 neg 0.04201203771715741 off 0.03624326814545929	false	1.0
einschrumpfen	neg 1.0		__DUMMY__ 0.9197145408756017 off 0.040818338086823405 neg 0.039467121037574895	false	0.5
riskant	neg 1.0		__DUMMY__ 0.9242560059937892 neg 0.041443875364556605 off 0.03430011864165426	false	1.0
frustrieren	neg 1.0		__DUMMY__ 0.9244583356257382 neg 0.04055632280734765 off 0.034985341566914185	false	1.0
groll	neg 1.0		__DUMMY__ 0.9226440552693778 neg 0.041484492429866314 off 0.035871452300756036	false	1.0
gibt			__DUMMY__ 0.924818336389277 neg 0.03885048811993438 off 0.036331175490788625	false	0.0
qualvoll	neg 1.0		__DUMMY__ 0.9218421217009143 off 0.03990291388191467 neg 0.038254964417171085	false	0.5
wackeln	neg 1.0		__DUMMY__ 0.9246961658592907 off 0.03807239847860844 neg 0.03723143566210094	false	0.5
klagen	neg 1.0		__DUMMY__ 0.9265510475513691 neg 0.041338066230221154 off 0.032110886218409816	false	1.0
bankrott	neg 1.0		__DUMMY__ 0.9227641591963731 off 0.040699353456567645 neg 0.036536487347059186	false	0.5
trauern	neg 1.0		__DUMMY__ 0.9265967057459046 neg 0.03899146103641006 off 0.03441183321768533	false	1.0
ablehnung	neg 1.0		__DUMMY__ 0.9225630693931226 neg 0.04137748296910627 off 0.036059447637771094	false	1.0
stur	neg 1.0		__DUMMY__ 0.9214467219633925 neg 0.03980951811008572 off 0.03874375992652187	false	1.0
aufruhr	neg 1.0		__DUMMY__ 0.92350323536397 neg 0.0397232195437219 off 0.036773545092308055	false	1.0
melancholie	neg 1.0		__DUMMY__ 0.9248404291793347 neg 0.04053701638969309 off 0.034622554430972084	false	1.0
ist			__DUMMY__ 0.9225528633131536 off 0.03914764750450928 neg 0.0382994891823372	false	0.0
torheit	neg 1.0		__DUMMY__ 0.9228360529791246 neg 0.039197774676346595 off 0.037966172344528766	false	1.0
dreckskind	off 1.0		__DUMMY__ 0.9129309402573059 off 0.04710303472940484 neg 0.03996602501328923	false	1.0
umtauschen	neg 1.0		__DUMMY__ 0.9246386650360111 neg 0.038622667459290654 off 0.03673866750469823	false	1.0
zum			__DUMMY__ 0.9332122364030069 neg 0.037079720538183036 off 0.02970804305881005	false	0.0
zersetzen	neg 1.0		__DUMMY__ 0.9242146226138634 neg 0.04213963366173645 off 0.03364574372440009	false	1.0
zur			__DUMMY__ 0.9314021315949336 neg 0.03906183622539342 off 0.029536032179672985	false	0.0
frust	neg 1.0		__DUMMY__ 0.9243635397371919 neg 0.03939093290028914 off 0.036245527362518966	false	1.0
unerbittlichkeit	neg 1.0		__DUMMY__ 0.9251045092019419 neg 0.041330843613832415 off 0.03356464718422569	false	1.0
zwei			__DUMMY__ 0.9321353978086303 neg 0.037271752457171015 off 0.03059284973419874	false	0.0
unkorrekt	neg 1.0		__DUMMY__ 0.9190931002185532 off 0.04417613919972471 neg 0.036730760581722095	false	0.5
hexe	off 1.0		__DUMMY__ 0.916309112094926 neg 0.042239616238286745 off 0.0414512716667873	false	0.5
lasch	neg 1.0		__DUMMY__ 0.9191030869212898 off 0.04095735868823099 neg 0.0399395543904791	false	0.5
rivale	neg 1.0		__DUMMY__ 0.9186018393582991 off 0.04321346220961167 neg 0.03818469843208932	false	0.5
mutlos	off 1.0	off 1.0	off 0.5014880953078436 __DUMMY__ 0.4602657221219206 neg 0.038246182570235876	false	1.0
wirr	off 1.0		__DUMMY__ 0.9159968080813411 off 0.04483375352367106 neg 0.03916943839498783	false	1.0
jahr			__DUMMY__ 0.9340278933425433 neg 0.033501615143844664 off 0.03247049151361197	false	0.0
wird			__DUMMY__ 0.9246472234926921 neg 0.04005963723926068 off 0.035293139268047266	false	0.0
strafbar	neg 1.0		__DUMMY__ 0.924956038386119 neg 0.040329016016989766 off 0.034714945596891214	false	1.0
erosion	neg 1.0		__DUMMY__ 0.9253206540570806 neg 0.03737118381045877 off 0.03730816213246058	false	1.0
eingehen	neg 1.0		__DUMMY__ 0.9239877340435362 neg 0.04116605717718799 off 0.03484620877927582	false	1.0
faul	off 1.0		__DUMMY__ 0.9224264642609105 off 0.040541545468379146 neg 0.03703199027071039	false	1.0
provisorium	neg 1.0		__DUMMY__ 0.9350023429872465 neg 0.03743108421326898 off 0.02756657279948445	false	1.0
schmerzen	neg 1.0		__DUMMY__ 0.9226635608688817 neg 0.04111381899787482 off 0.03622262013324354	false	1.0
schrumpfen	neg 1.0		__DUMMY__ 0.9278247487315133 neg 0.04217069637546084 off 0.030004554893025868	false	1.0
geistlos	off 1.0		__DUMMY__ 0.9186595291623834 neg 0.04115284027645436 off 0.04018763056116224	false	0.5
fehlkauf	neg 1.0		__DUMMY__ 0.9224345298846938 off 0.03896041458780366 neg 0.03860505552750269	false	0.5
frustrierend	neg 1.0		__DUMMY__ 0.9215959597639731 off 0.04075713933178934 neg 0.03764690090423745	false	0.5
unzufrieden	neg 1.0		__DUMMY__ 0.9229090687244802 neg 0.04106178565744261 off 0.03602914561807722	false	1.0
verzweifeln	neg 1.0		__DUMMY__ 0.923426709737475 neg 0.03967078751344881 off 0.03690250274907614	false	1.0
verzweifelt	neg 1.0	neg 1.0	neg 0.5076111182352874 __DUMMY__ 0.4571460304334555 off 0.035242851331257194	false	1.0
misstrauensantrag	neg 1.0		__DUMMY__ 0.9224373211967212 off 0.03904119438522891 neg 0.038521484418049944	false	0.5
abfallen	neg 1.0		__DUMMY__ 0.9248310010896877 off 0.03782122567647602 neg 0.03734777323383618	false	0.5
fucker	off 1.0		__DUMMY__ 0.9193667377462383 off 0.04395050531564068 neg 0.036682756938121	false	1.0
ungezogen	neg 1.0		__DUMMY__ 0.9130956305745154 off 0.04977533854419141 neg 0.037129030881293275	false	0.5
irrsinnig	neg 1.0	neg 1.0	neg 0.5067080505203204 __DUMMY__ 0.45806964172188286 off 0.03522230775779678	false	1.0
unfassbar	neg 1.0		__DUMMY__ 0.9207648017270162 off 0.04244540922466174 neg 0.03678978904832195	false	0.5
hart	neg 1.0		__DUMMY__ 0.9198787982749541 off 0.041901574020092446 neg 0.03821962770495341	false	0.5
widerlich	off 1.0		__DUMMY__ 0.9181908402754211 off 0.04303948790281549 neg 0.038769671821763434	false	1.0
fatal	neg 1.0		__DUMMY__ 0.9219655734434815 off 0.03945126669481172 neg 0.03858315986170678	false	0.5
bruch	neg 1.0		__DUMMY__ 0.9267691254271854 neg 0.04078473081941709 off 0.0324461437533975	false	1.0
aushungern	neg 1.0		__DUMMY__ 0.9244052734483836 neg 0.039248976598960914 off 0.03634574995265539	false	1.0
anspannung	neg 1.0		__DUMMY__ 0.9308465121986318 neg 0.039162828619027444 off 0.02999065918234075	false	1.0
von			__DUMMY__ 0.9352971116099036 off 0.03249481702573132 neg 0.03220807136436512	false	0.0
kraftlos	neg 1.0		__DUMMY__ 0.9252343727706849 neg 0.03921335079809707 off 0.03555227643121805	false	1.0
vom			__DUMMY__ 0.9354715916438935 neg 0.0367121183169685 off 0.02781629003913802	false	0.0
grenzdebil	off 1.0		__DUMMY__ 0.9207939044601313 off 0.04259421837523775 neg 0.03661187716463101	false	1.0
vor			__DUMMY__ 0.928345863524417 neg 0.038920680835310334 off 0.03273345564027275	false	0.0
unterwerfen	neg 1.0		__DUMMY__ 0.9245648533594556 neg 0.04056459505766469 off 0.03487055158287968	false	1.0
versenkung	neg 1.0		__DUMMY__ 0.9266512935663325 neg 0.038323884894402624 off 0.03502482153926493	false	1.0
entziehen	neg 1.0		__DUMMY__ 0.9268157504319334 neg 0.04068320644545019 off 0.03250104312261644	false	1.0
finanzkrise	neg 1.0		__DUMMY__ 0.9208811517311484 neg 0.04238346996724694 off 0.03673537830160461	false	1.0
schimpfend	neg 1.0		__DUMMY__ 0.922383137687473 neg 0.03889132968237135 off 0.03872553263015557	false	1.0
profan	neg 1.0		__DUMMY__ 0.9211694144871556 off 0.0397312924496287 neg 0.03909929306321573	false	0.5
korruption	neg 1.0		__DUMMY__ 0.9232849102296712 neg 0.04140402641864811 off 0.03531106335168066	false	1.0
â			__DUMMY__ 0.9266154248438058 neg 0.03837653311547559 off 0.0350080420407186	false	0.0
schmutzig	neg 1.0		__DUMMY__ 0.9206960266776913 off 0.042949492168162115 neg 0.03635448115414648	false	0.5
sexy	neg 1.0		__DUMMY__ 0.9224870834348236 off 0.040408379810240744 neg 0.03710453675493575	false	0.5
abraten	neg 1.0		__DUMMY__ 0.9235505242669039 off 0.03907355712195769 neg 0.03737591861113842	false	0.5
schwarz	neg 1.0		__DUMMY__ 0.9221394598353392 neg 0.039013667705979305 off 0.03884687245868155	false	1.0
fotze	off 1.0	off 1.0	off 0.502449754509286 __DUMMY__ 0.4619319670714575 neg 0.035618278419256535	false	1.0
verwirren	neg 1.0		__DUMMY__ 0.9213785752765564 off 0.0401605588321756 neg 0.038460865891267904	false	0.5
zahnlos	off 1.0		__DUMMY__ 0.922952923228739 neg 0.04037625094493965 off 0.036670825826321404	false	0.5
verheeren	neg 1.0		__DUMMY__ 0.912722211031669 off 0.05105994055174412 neg 0.036217848416586915	false	0.5
hippie	neg 1.0		__DUMMY__ 0.9223284826869435 off 0.04020001080218571 neg 0.0374715065108709	false	0.5
rammen	neg 1.0		__DUMMY__ 0.9189415195392935 neg 0.04276195989716816 off 0.03829652056353834	false	1.0
unlauter	neg 1.0		__DUMMY__ 0.9206067386018497 neg 0.04093148237486045 off 0.03846177902328978	false	1.0
unheilvoll	neg 1.0		__DUMMY__ 0.9222974706109162 neg 0.03905108896687261 off 0.03865144042221126	false	1.0
niedrig	neg 1.0		__DUMMY__ 0.9241312581940042 neg 0.042255995038171235 off 0.03361274676782466	false	1.0
explosion	neg 1.0		__DUMMY__ 0.9222587805988757 off 0.039697826122519375 neg 0.038043393278604926	false	0.5
weichei	off 1.0	off 1.0	off 0.512341927634362 __DUMMY__ 0.4529532543421381 neg 0.03470481802349988	false	1.0
minusmensch	off 1.0		__DUMMY__ 0.9098809874660272 off 0.049353305447145536 neg 0.04076570708682729	false	1.0
farblos	neg 1.0		__DUMMY__ 0.9244613317351544 neg 0.038874526567137746 off 0.036664141697707854	false	1.0
unwissend	neg 1.0	neg 1.0	neg 0.5052766879769784 __DUMMY__ 0.45678670556194995 off 0.037936606461071457	false	1.0
traurig	neg 1.0		__DUMMY__ 0.9198458991328785 off 0.044276124807417924 neg 0.03587797605970356	false	0.5
senkung	neg 1.0		__DUMMY__ 0.9197741956034058 neg 0.040628795594279794 off 0.039597008802314405	false	1.0
ungleich	neg 1.0	neg 1.0	neg 0.5076818670136156 __DUMMY__ 0.4613826455990625 off 0.030935487387321922	false	1.0
heikel	neg 1.0		__DUMMY__ 0.9245827894226967 neg 0.0411594583237454 off 0.034257752253557865	false	1.0
drosselung	neg 1.0		__DUMMY__ 0.9197229410730615 off 0.04234525896301605 neg 0.03793179996392249	false	0.5
falsch	neg 1.0		__DUMMY__ 0.9209774972527324 off 0.04087042126669033 neg 0.03815208148057731	false	0.5
unzufriedenheit	neg 1.0		__DUMMY__ 0.9258471622366847 neg 0.04105246445502994 off 0.0331003733082853	false	1.0
kurz	neg 1.0		__DUMMY__ 0.9271922245436 neg 0.03672842205769719 off 0.03607935339870282	false	1.0
unsinnig	neg 1.0		__DUMMY__ 0.9227389198022145 neg 0.040491326149564535 off 0.036769754048221026	false	1.0
penner	off 1.0	off 1.0	off 0.513556170269767 __DUMMY__ 0.452255925183073 neg 0.03418790454715999	false	1.0
seicht	neg 1.0		__DUMMY__ 0.9129512706796004 off 0.04971871948426619 neg 0.03733000983613346	false	0.5
dummheit	off 1.0	off 1.0	off 0.5066932595349893 __DUMMY__ 0.45623805185800237 neg 0.03706868860700828	false	1.0
unerfreulich	neg 1.0		__DUMMY__ 0.926425645847509 neg 0.04013958667035665 off 0.033434767482134344	false	1.0
motherfucker	off 1.0	off 1.0	off 0.5096585907013328 __DUMMY__ 0.4560512103352452 neg 0.034290198963422024	false	1.0
pikiert	neg 1.0		__DUMMY__ 0.918309978465305 off 0.04242241693755865 neg 0.03926760459713628	false	0.5
wrack	neg 1.0		__DUMMY__ 0.9260675491269547 neg 0.03857140440228365 off 0.035361046470761735	false	1.0
gangster	neg 1.0		__DUMMY__ 0.9221352542144692 off 0.040190883867802035 neg 0.03767386191772883	false	0.5
krank	neg 1.0		__DUMMY__ 0.9214709039825483 off 0.04237744493500913 neg 0.03615165108244258	false	0.5
reich	neg 1.0		__DUMMY__ 0.9219687440069835 off 0.041547451433122495 neg 0.036483804559894105	false	0.5
gnadenlos	neg 1.0		__DUMMY__ 0.9211693023954268 neg 0.040115313272152855 off 0.03871538433242028	false	1.0
niedergeschlagen	neg 1.0		__DUMMY__ 0.9248893345131484 neg 0.038738743433250074 off 0.036371922053601596	false	1.0
terrorisieren	off 1.0	off 1.0	off 0.5016126269259442 __DUMMY__ 0.4620891220804367 neg 0.03629825099361912	false	1.0
sinnlosigkeit	neg 1.0		__DUMMY__ 0.9234000116218801 neg 0.040439537815726935 off 0.03616045056239302	false	1.0
behindern	neg 1.0		__DUMMY__ 0.9239053862505918 neg 0.03934917460318077 off 0.03674543914622739	false	1.0
undemokratisch	neg 1.0		__DUMMY__ 0.9222168555273048 neg 0.039158130825848715 off 0.038625013646846555	false	1.0
wirtschaftskrise	neg 1.0		__DUMMY__ 0.922528652110054 neg 0.04231277563996737 off 0.03515857224997867	false	1.0
neid	neg 1.0		__DUMMY__ 0.92409825888858 off 0.040459615023847616 neg 0.03544212608757248	false	0.5
rutschen	neg 1.0		__DUMMY__ 0.9319737101214038 neg 0.03760929966020779 off 0.030416990218388385	false	1.0
rezession	neg 1.0		__DUMMY__ 0.912623272085947 off 0.04488493728214614 neg 0.04249179063190693	false	0.5
fehlgeburt	neg 1.0		__DUMMY__ 0.9246006174055659 off 0.03866547224682255 neg 0.03673391034761162	false	0.5
charakterschwach	off 1.0		__DUMMY__ 0.9183693649113301 off 0.042996963642362176 neg 0.03863367144630759	false	1.0
isolation	neg 1.0		__DUMMY__ 0.9219462168669663 off 0.040348641305012506 neg 0.03770514182802122	false	0.5
ablenkung	neg 1.0		__DUMMY__ 0.9247575835855278 neg 0.03766563029036166 off 0.03757678612411045	false	1.0
pech	neg 1.0		__DUMMY__ 0.9220870940975298 off 0.04010830769328358 neg 0.03780459820918668	false	0.5
vermeidung	neg 1.0		__DUMMY__ 0.9199433466790431 off 0.042473385424692915 neg 0.037583267896264	false	0.5
dominieren	neg 1.0		__DUMMY__ 0.9247414765603573 neg 0.04078938333995585 off 0.0344691400996868	false	1.0
schwindlig	neg 1.0		__DUMMY__ 0.9240568614268209 off 0.03875959033921245 neg 0.03718354823396677	false	0.5
lutscher	neg 1.0	neg 1.0	neg 0.5036077034366014 __DUMMY__ 0.45111684066078783 off 0.04527545590261076	false	1.0
pflicht	neg 1.0		__DUMMY__ 0.9251962559601107 neg 0.04133358649780209 off 0.033470157542087216	false	1.0
faschist	off 1.0		__DUMMY__ 0.9214455204434794 off 0.04060532308395407 neg 0.03794915647256651	false	1.0
verschleudern	neg 1.0		__DUMMY__ 0.924481289904039 neg 0.041450651949926975 off 0.0340680581460341	false	1.0
wenn			__DUMMY__ 0.9207701463451692 off 0.041002761862356574 neg 0.03822709179247432	false	0.0
ehebruch	neg 1.0		__DUMMY__ 0.9243625960207665 neg 0.04034842528760988 off 0.03528897869162359	false	1.0
spott	off 1.0		__DUMMY__ 0.9237963155327085 neg 0.04123879114027345 off 0.03496489332701811	false	0.5
trostlosigkeit	neg 1.0		__DUMMY__ 0.9264342647811816 neg 0.04080682758821146 off 0.03275890763060695	false	1.0
lutschen	neg 1.0		__DUMMY__ 0.919453038570416 off 0.04060210086522289 neg 0.03994486056436112	false	0.5
undiszipliniert	neg 1.0		__DUMMY__ 0.9190112447858262 off 0.04384273841595706 neg 0.037146016798216795	false	0.5
kopfschmerz	neg 1.0		__DUMMY__ 0.9225232725563368 neg 0.04203183935674574 off 0.0354448880869175	false	1.0
unvorhergesehen	neg 1.0		__DUMMY__ 0.9298525908520128 neg 0.03697483261166916 off 0.03317257653631805	false	1.0
desinteressiert	neg 1.0	neg 1.0	neg 0.504656427395393 __DUMMY__ 0.4557176580546078 off 0.03962591454999929	false	1.0
armselig	off 1.0		__DUMMY__ 0.916485954205586 off 0.044684236931029284 neg 0.03882980886338474	false	1.0
desaster	neg 1.0		__DUMMY__ 0.9267528327281847 neg 0.04123722963488734 off 0.03200993763692797	false	1.0
tod	neg 1.0		__DUMMY__ 0.9269269324267277 neg 0.03823263456259427 off 0.034840433010678004	false	1.0
herzlos	neg 1.0		__DUMMY__ 0.9179071278755593 off 0.044423353201943634 neg 0.03766951892249707	false	0.5
unwissenheit	neg 1.0		__DUMMY__ 0.9231648552097477 neg 0.04091500348262632 off 0.035920141307626	false	1.0
widersinnig	neg 1.0		__DUMMY__ 0.9212676919057039 neg 0.0425831043256375 off 0.03614920376865857	false	1.0
bedenklich	neg 1.0		__DUMMY__ 0.923704919465111 neg 0.04108138037582189 off 0.035213700159067066	false	1.0
beanstanden	neg 1.0		__DUMMY__ 0.9260096274896776 neg 0.040900681851358575 off 0.03308969065896374	false	1.0
panisch	neg 1.0	neg 1.0	neg 0.5029381254431661 __DUMMY__ 0.46150921542298146 off 0.035552659133852436	false	1.0
debil	off 1.0		__DUMMY__ 0.9313911429500443 neg 0.04042013225955759 off 0.028188724790398086	false	0.5
abstrich	neg 1.0		__DUMMY__ 0.92926152027252 off 0.03549889664678951 neg 0.035239583080690424	false	0.5
primitiv	neg 1.0		__DUMMY__ 0.9179867218565457 off 0.04323218743853529 neg 0.03878109070491895	false	0.5
abschaum	off 1.0	off 1.0	off 0.5084201159993865 __DUMMY__ 0.45623220260790437 neg 0.035347681392709135	false	1.0
provozieren	neg 1.0		__DUMMY__ 0.9203899544508446 neg 0.0410038508257194 off 0.03860619472343598	false	1.0
tot	neg 1.0		__DUMMY__ 0.9250450685242884 neg 0.03996306304809593 off 0.034991868427615785	false	1.0
instabil	neg 1.0		__DUMMY__ 0.9170475977219018 off 0.04404019667409046 neg 0.03891220560400776	false	0.5
schwuchtel	off 1.0	off 1.0	off 0.5181009526433544 __DUMMY__ 0.4471824628713721 neg 0.03471658448527361	false	1.0
zerren	neg 1.0		__DUMMY__ 0.9244244545779511 neg 0.039506400205188856 off 0.036069145216860145	false	1.0
kinderficker	off 1.0		__DUMMY__ 0.9171424986098689 off 0.04675607029284085 neg 0.0361014310972903	false	1.0
gefahr	neg 1.0		__DUMMY__ 0.9273518670589078 neg 0.03969234439194766 off 0.03295578854914462	false	1.0
rabiat	neg 1.0		__DUMMY__ 0.9232641765073717 neg 0.03890824890164118 off 0.03782757459098706	false	1.0
verlangsamung	neg 1.0		__DUMMY__ 0.9118817301535045 off 0.04815576333524636 neg 0.03996250651124911	false	0.5
ausgestorben	neg 1.0		__DUMMY__ 0.9242141800768321 neg 0.038297747334100934 off 0.037488072589067015	false	1.0
anklagen	neg 1.0		__DUMMY__ 0.92409000537645 neg 0.04052162512907102 off 0.03538836949447888	false	1.0
trott	neg 1.0		__DUMMY__ 0.9239169432026283 neg 0.03899705850615057 off 0.03708599829122117	false	1.0
verminderung	neg 1.0		__DUMMY__ 0.9195945053869612 off 0.04271167311334919 neg 0.03769382149968961	false	0.5
nach			__DUMMY__ 0.9330869360545516 neg 0.037299452981050786 off 0.029613610964397654	false	0.0
rost	neg 1.0		__DUMMY__ 0.9163859190984138 off 0.046770233653708644 neg 0.03684384724787758	false	0.5
destruktiv	neg 1.0		__DUMMY__ 0.9221573771799167 neg 0.040211515058560104 off 0.037631107761523154	false	1.0
unzumutbarkeit	neg 1.0		__DUMMY__ 0.9214927978271907 off 0.04180212558110917 neg 0.03670507659170009	false	0.5
labil	off 1.0	off 1.0	off 0.5078028140449778 __DUMMY__ 0.45706666655678374 neg 0.03513051939823841	false	1.0
ziemlich	neg 1.0		__DUMMY__ 0.9219079155271325 off 0.042215848393714395 neg 0.0358762360791532	false	0.5
lachnummer	off 1.0		__DUMMY__ 0.9212754364463742 neg 0.04035375975612538 off 0.038370803797500415	false	0.5
oder			__DUMMY__ 0.9244625303640013 off 0.03804784438928055 neg 0.03748962524671816	false	0.0
verfall	neg 1.0		__DUMMY__ 0.9286245324853986 neg 0.04139853060977098 off 0.029976936904830453	false	1.0
ausgrenzung	neg 1.0		__DUMMY__ 0.9218810847608713 off 0.03908935020672552 neg 0.039029565032403235	false	0.5
unordnung	neg 1.0		__DUMMY__ 0.9217614080643368 off 0.04369901847104086 neg 0.03453957346462231	false	0.5
fehlverhalten	neg 1.0		__DUMMY__ 0.9237247451845566 neg 0.04228178615309205 off 0.03399346866235131	false	1.0
eine			__DUMMY__ 0.9279969481525278 neg 0.0388930441048827 off 0.033110007742589445	false	0.0
nille	neg 1.0		__DUMMY__ 0.9243732823010228 neg 0.03834087202231488 off 0.03728584567666227	false	1.0
qual	neg 1.0		__DUMMY__ 0.9242443755601649 neg 0.03896091131280747 off 0.03679471312702763	false	1.0
verschwenden	neg 1.0		__DUMMY__ 0.9238929469975741 neg 0.041567157023560924 off 0.03453989597886493	false	1.0
riesig	neg 1.0		__DUMMY__ 0.9265884326160123 neg 0.03892789217921273 off 0.03448367520477487	false	1.0
verurteilen	neg 1.0		__DUMMY__ 0.9218727743236528 neg 0.042147957579477 off 0.0359792680968702	false	1.0
klischee	neg 1.0	neg 1.0	neg 0.5063913146736656 __DUMMY__ 0.456457080047924 off 0.03715160527841045	false	1.0
diktatorisch	neg 1.0		__DUMMY__ 0.9215635342950479 neg 0.0396137026755688 off 0.03882276302938338	false	1.0
vorhersehbar	neg 1.0		__DUMMY__ 0.9195336660425499 off 0.040443656535424206 neg 0.04002267742202584	false	0.5
sowie			__DUMMY__ 0.9149527417272777 off 0.0461256155757413 neg 0.038921642696981076	false	0.0
stornieren	neg 1.0		__DUMMY__ 0.9274367743312393 off 0.03875866737057595 neg 0.033804558298184774	false	0.5
besteuerung	neg 1.0		__DUMMY__ 0.9198104816506375 neg 0.04225786152173022 off 0.037931656827632235	false	1.0
ungeschminkt	neg 1.0		__DUMMY__ 0.9163382626012972 off 0.04256955521980052 neg 0.04109218217890229	false	0.5
kritisch	neg 1.0		__DUMMY__ 0.9243022395772128 neg 0.040636058003689274 off 0.03506170241909801	false	1.0
schlamperei	off 1.0		__DUMMY__ 0.9264818435847452 neg 0.039590177184171245 off 0.033927979231083594	false	0.5
sucht	neg 1.0	neg 1.0	neg 0.5004985129609018 __DUMMY__ 0.46561753043747817 off 0.03388395660162019	false	1.0
egoistisch	off 1.0		__DUMMY__ 0.9154453392832896 off 0.046805264571701116 neg 0.037749396145009224	false	1.0
ausbeuter	off 1.0		__DUMMY__ 0.9229683139125422 neg 0.04303814226000087 off 0.03399354382745691	false	0.5
arschgeburt	off 1.0		__DUMMY__ 0.9076105713991003 off 0.053231857581870885 neg 0.039157571019028864	false	1.0
schubs	neg 1.0		__DUMMY__ 0.9257000154292623 neg 0.03883040695383811 off 0.03546957761689964	false	1.0
unsolide	neg 1.0		__DUMMY__ 0.9200093125324006 neg 0.04073832916143607 off 0.039252358306163464	false	1.0
beschwerde	neg 1.0		__DUMMY__ 0.9240371750682985 neg 0.04140467416165448 off 0.03455815077004703	false	1.0
stocken	neg 1.0		__DUMMY__ 0.9255552089292534 neg 0.04031576336357374 off 0.03412902770717293	false	1.0
isolieren	neg 1.0		__DUMMY__ 0.9243740835361395 neg 0.04028827388422184 off 0.03533764257963869	false	1.0
unheilbar	neg 1.0		__DUMMY__ 0.9231314586216488 neg 0.03883989792130533 off 0.038028643457045916	false	1.0
pisser	off 1.0		__DUMMY__ 0.9161041686639323 off 0.04423965511137332 neg 0.039656176224694285	false	1.0
löschen	neg 1.0		__DUMMY__ 0.9237665612621695 neg 0.03881033546145709 off 0.03742310327637348	false	1.0
durchfallen	neg 1.0		__DUMMY__ 0.9227973182707747 neg 0.04168809710318664 off 0.03551458462603864	false	1.0
wichser	off 1.0	off 1.0	off 0.5158773874036062 __DUMMY__ 0.450575530203595 neg 0.03354708239279878	false	1.0
terror	neg 1.0		__DUMMY__ 0.9228155155749559 off 0.039713046252099156 neg 0.037471438172944925	false	0.5
krass	neg 1.0		__DUMMY__ 0.917966148965736 off 0.044626527275477036 neg 0.03740732375878689	false	0.5
revolte	neg 1.0		__DUMMY__ 0.9216821202495763 off 0.03938532666616541 neg 0.0389325530842582	false	0.5
besorgt	neg 1.0		__DUMMY__ 0.9278540151638884 neg 0.03610531142907867 off 0.03604067340703291	false	1.0
nachlassen	neg 1.0		__DUMMY__ 0.9268107090965658 neg 0.0395249030305949 off 0.0336643878728393	false	1.0
alt	neg 1.0		__DUMMY__ 0.9240259680108172 neg 0.040986125452396785 off 0.034987906536786004	false	1.0
hundesohn	off 1.0		__DUMMY__ 0.9116550173941916 off 0.05042526930928254 neg 0.037919713296525714	false	1.0
als			__DUMMY__ 0.9253553185708865 neg 0.03867171761761857 off 0.03597296381149496	false	0.0
abschreckung	neg 1.0		__DUMMY__ 0.9258672129586689 neg 0.04114996025460169 off 0.03298282678672933	false	1.0
unqualifiziert	neg 1.0		__DUMMY__ 0.9190175230495924 off 0.041205158869931265 neg 0.039777318080476326	false	0.5
abgewichst	off 1.0		__DUMMY__ 0.9254815273987174 neg 0.03793887287819225 off 0.036579599723090446	false	0.5
schwer	neg 1.0		__DUMMY__ 0.9229322672804489 neg 0.039800917080017664 off 0.037266815639533435	false	1.0
bedeutungslosigkeit	neg 1.0		__DUMMY__ 0.9251994930091605 neg 0.040984103050218636 off 0.03381640394062082	false	1.0
kapitulation	neg 1.0		__DUMMY__ 0.9250116102755863 neg 0.04018727685625901 off 0.0348011128681546	false	1.0
unscharf	neg 1.0		__DUMMY__ 0.9209820385273736 neg 0.040025995105530586 off 0.03899196636709588	false	1.0
schwinden	neg 1.0		__DUMMY__ 0.9251693162160802 neg 0.041361747272924146 off 0.033468936510995625	false	1.0
versklavung	neg 1.0		__DUMMY__ 0.9223027977052861 neg 0.03933922522629943 off 0.03835797706841446	false	1.0
schlecht	neg 1.0		__DUMMY__ 0.921555610323214 off 0.04243715012815402 neg 0.036007239548631984	false	0.5
verhasst	neg 1.0		__DUMMY__ 0.9191425095762268 neg 0.04176281191040373 off 0.03909467851336955	false	1.0
beschweren	neg 1.0		__DUMMY__ 0.9222663691406835 off 0.039304073646957725 neg 0.03842955721235877	false	0.5
scheiden	neg 1.0		__DUMMY__ 0.9259556929621836 neg 0.03706370561743992 off 0.036980601420376416	false	1.0
frustriert	neg 1.0		__DUMMY__ 0.9227014384345233 neg 0.04064475709387477 off 0.03665380447160186	false	1.0
schimmelig	neg 1.0		__DUMMY__ 0.9215255163253594 neg 0.043736373984327455 off 0.034738109690313164	false	1.0
fisch	neg 1.0		__DUMMY__ 0.9248544791204497 neg 0.042873312405130565 off 0.032272208474419625	false	1.0
schmuggel	neg 1.0		__DUMMY__ 0.9255499286325084 neg 0.040433200463915964 off 0.03401687090357567	false	1.0
auffallen	neg 1.0		__DUMMY__ 0.9220320221668628 off 0.03988043393992465 neg 0.038087543893212596	false	0.5
konkurrenz	neg 1.0		__DUMMY__ 0.9259649728373048 neg 0.04132024043651268 off 0.032714786726182415	false	1.0
teufelskreis	neg 1.0	neg 1.0	neg 0.5079576535052348 __DUMMY__ 0.4578574887729546 off 0.034184857721810576	false	1.0
aufschreien	neg 1.0		__DUMMY__ 0.9203366403046483 off 0.04002799300008318 neg 0.03963536669526851	false	0.5
schuldner	neg 1.0		__DUMMY__ 0.9234422849849571 neg 0.04326999491725625 off 0.03328772009778675	false	1.0
missgeburt	off 1.0	off 1.0	off 0.5130623618340643 __DUMMY__ 0.45111351868586425 neg 0.03582411948007142	false	1.0
arbeitslos	neg 1.0		__DUMMY__ 0.9228249785621273 neg 0.041286354490217864 off 0.0358886669476548	false	1.0
befallen	neg 1.0		__DUMMY__ 0.9213625186973501 neg 0.04218090303538317 off 0.036456578267266775	false	1.0
miesepetrig	off 1.0	off 1.0	off 0.5078728011381701 __DUMMY__ 0.458172063803114 neg 0.033955135058715946	false	1.0
alarmieren	neg 1.0		__DUMMY__ 0.9188550480046624 off 0.04146770110462523 neg 0.03967725089071234	false	0.5
ungeduscht	off 1.0		__DUMMY__ 0.9193415176549398 off 0.040492618506549324 neg 0.04016586383851087	false	1.0
knappheit	neg 1.0		__DUMMY__ 0.9216650623459045 neg 0.04301657651892044 off 0.035318361135175155	false	1.0
schlange	neg 1.0		__DUMMY__ 0.9256263056337054 off 0.03856685809348778 neg 0.035806836272806813	false	0.5
harsch	neg 1.0		__DUMMY__ 0.9192637274585718 off 0.04561810140268689 neg 0.035118171138741314	false	0.5
lang	neg 1.0		__DUMMY__ 0.9237052298461823 neg 0.03817966669239182 off 0.03811510346142581	false	1.0
ziellos	neg 1.0		__DUMMY__ 0.9264749914006604 neg 0.03854549166006302 off 0.03497951693927657	false	1.0
selbstverliebt	neg 1.0		__DUMMY__ 0.9109157712594321 off 0.05111833907602779 neg 0.03796588966454011	false	0.5
beseitigen	neg 1.0		__DUMMY__ 0.9245498281065312 neg 0.03921819040739445 off 0.03623198148607434	false	1.0
dumm	off 1.0		__DUMMY__ 0.9160232191205753 off 0.04721188882725271 neg 0.036764892052172045	false	1.0
arbeitsloser	neg 1.0		__DUMMY__ 0.9257546105488963 neg 0.03833989349267013 off 0.03590549595843352	false	1.0
blitzen	neg 1.0		__DUMMY__ 0.9225486936120104 off 0.040121218603777306 neg 0.037330087784212346	false	0.5
hilflos	neg 1.0		__DUMMY__ 0.9230916498782265 neg 0.04071076721390291 off 0.036197582907870555	false	1.0
eklig	off 1.0		__DUMMY__ 0.9130816013604699 off 0.04770798732228485 neg 0.039210411317245175	false	1.0
begriff			__DUMMY__ 0.9238207015087667 neg 0.03898664031595881 off 0.03719265817527447	false	0.0
hungersnot	neg 1.0		__DUMMY__ 0.9242361458214338 neg 0.04014732897654311 off 0.03561652520202305	false	1.0
ungesetzlich	neg 1.0		__DUMMY__ 0.9199328379082159 neg 0.04128633041386508 off 0.03878083167791905	false	1.0
verschwendung	neg 1.0		__DUMMY__ 0.9250277449264365 neg 0.0407334373544149 off 0.03423881771914859	false	1.0
schmerzvoll	neg 1.0		__DUMMY__ 0.9217881385651016 neg 0.03923210299091118 off 0.03897975844398728	false	1.0
vorzeitig	neg 1.0		__DUMMY__ 0.9208438318908361 off 0.0397255943463993 neg 0.03943057376276459	false	0.5
unvollkommenheit	neg 1.0		__DUMMY__ 0.9286429233624106 neg 0.036468353316925176 off 0.034888723320664276	false	1.0
intervenieren	neg 1.0		__DUMMY__ 0.9241868109979808 neg 0.04152193036278913 off 0.034291258639230014	false	1.0
banause	off 1.0		__DUMMY__ 0.9105026034097675 off 0.0498406748510935 neg 0.03965672173913894	false	1.0
rebell	neg 1.0		__DUMMY__ 0.9276460602660804 neg 0.04155725552280791 off 0.030796684211111654	false	1.0
unlogisch	neg 1.0		__DUMMY__ 0.9174621342304793 off 0.04431801041157909 neg 0.038219855357941694	false	0.5
leiden	neg 1.0		__DUMMY__ 0.9283846965119565 neg 0.03881498829439133 off 0.03280031519365215	false	1.0
abschaffung	neg 1.0		__DUMMY__ 0.9231631852566853 neg 0.03898112329780482 off 0.03785569144550987	false	1.0
sturz	neg 1.0		__DUMMY__ 0.9247594935123662 neg 0.0377046598564053 off 0.03753584663122849	false	1.0
verkleinerung	neg 1.0		__DUMMY__ 0.9195542077059902 neg 0.04029229659327097 off 0.04015349570073893	false	1.0
schmarotzer	off 1.0		__DUMMY__ 0.9219037738194031 neg 0.04152175378325964 off 0.036574472397337326	false	0.5
bestrafung	neg 1.0		__DUMMY__ 0.922453830001531 neg 0.03899836217543548 off 0.03854780782303352	false	1.0
achtlos	neg 1.0	neg 1.0	neg 0.5055076016715881 __DUMMY__ 0.4608323235298133 off 0.03366007479859855	false	1.0
ungeheuer	neg 1.0		__DUMMY__ 0.9227568034441609 off 0.03934496952502149 neg 0.037898227030817716	false	0.5
