unsolidarisch	neg 1.0		neg 0.4947794309762322 off 0.46470940346088685 __DUMMY__ 0.0405111655628809	false	1.0
nachteilig	neg 1.0		neg 0.49676260091799723 off 0.4623509114736078 __DUMMY__ 0.040886487608395056	false	1.0
skeptisch	neg 1.0		neg 0.4970862491895324 off 0.4619794680779422 __DUMMY__ 0.04093428273252536	false	1.0
schrecklich	neg 1.0		neg 0.48242301921586084 off 0.4772326377942347 __DUMMY__ 0.04034434298990433	false	1.0
schlapp	neg 1.0		neg 0.48598147015279547 off 0.47347387926681556 __DUMMY__ 0.040544650580389065	false	1.0
abfall	neg 1.0		neg 0.4999073767202185 off 0.45894568081207254 __DUMMY__ 0.04114694246770899	false	1.0
widerspenstig	neg 1.0		neg 0.49150700705087474 off 0.46774909484499094 __DUMMY__ 0.04074389810413428	false	1.0
abrupt	neg 1.0		neg 0.4955191629276183 off 0.4635080431934599 __DUMMY__ 0.040972793878921825	false	1.0
unwirksam	neg 1.0		neg 0.4952305503334622 off 0.464318934626377 __DUMMY__ 0.04045051504016071	false	1.0
angreifen	neg 1.0		neg 0.4984408975307988 off 0.46073452650637337 __DUMMY__ 0.04082457596282786	false	1.0
inkonsistent	neg 1.0		neg 0.4931656764802484 off 0.466344795295524 __DUMMY__ 0.04048952822422765	false	1.0
abrutschen	neg 1.0		neg 0.5004924920321143 off 0.4584809486181063 __DUMMY__ 0.0410265593497794	false	1.0
unsicher	neg 1.0		neg 0.49072071281603497 off 0.4684058607804036 __DUMMY__ 0.04087342640356142	false	1.0
bauernkind	off 1.0	off 1.0	off 0.7211063144059071 neg 0.26007361735978296 __DUMMY__ 0.01882006823430993	false	1.0
angreifer	neg 1.0	neg 1.0	neg 0.7306574284592047 off 0.24993801066243523 __DUMMY__ 0.019404560878360108	false	1.0
trennen	neg 1.0		neg 0.496022029147415 off 0.46289717397902963 __DUMMY__ 0.04108079687355533	false	1.0
schmutz	neg 1.0		neg 0.4886244798939982 off 0.47052756215841063 __DUMMY__ 0.04084795794759121	false	1.0
inkonsistenz	neg 1.0		neg 0.4900267912860914 off 0.46978870841789394 __DUMMY__ 0.04018450029601459	false	1.0
erschreckend	neg 1.0		neg 0.49354804909452127 off 0.46575024733348536 __DUMMY__ 0.04070170357199336	false	1.0
ertrinken	neg 1.0		neg 0.49760088337583325 off 0.4615580891086576 __DUMMY__ 0.040841027515509234	false	1.0
pickelface	off 1.0		neg 0.49287561227294285 off 0.4663334785929528 __DUMMY__ 0.04079090913410436	false	0.5
seiner			neg 0.49658464742395864 off 0.462474633347267 __DUMMY__ 0.04094071922877436	false	0.0
lauch	neg 1.0		neg 0.4991231359414617 off 0.4597903047574094 __DUMMY__ 0.0410865593011289	false	1.0
unwichtig	neg 1.0		neg 0.48805817851277156 off 0.471517808619569 __DUMMY__ 0.040424012867659405	false	1.0
steuerhinterziehung	neg 1.0	neg 1.0	neg 0.7341477994024496 off 0.24646623226154987 __DUMMY__ 0.019385968336000536	false	1.0
schock	neg 1.0		neg 0.4928924275355231 off 0.46632189816403424 __DUMMY__ 0.04078567430044265	false	1.0
beule	neg 1.0		neg 0.48655786279567614 off 0.47308218872187374 __DUMMY__ 0.040359948482450114	false	1.0
vergelten	neg 1.0		neg 0.4819243307178423 off 0.47750715539213495 __DUMMY__ 0.040568513890022646	false	1.0
verdorbenheit	neg 1.0		neg 0.4884612807422774 off 0.47056179173533036 __DUMMY__ 0.040976927522392265	false	1.0
trauma	neg 1.0		neg 0.49117703596897383 off 0.4681306369452264 __DUMMY__ 0.040692327085799875	false	1.0
sinnlos	neg 1.0		neg 0.4897272505586478 off 0.46962442240308644 __DUMMY__ 0.040648327038265784	false	1.0
fettsack	off 1.0	off 1.0	off 0.7227383665849375 neg 0.25835474210079884 __DUMMY__ 0.018906891314263728	false	1.0
feige	off 1.0	off 1.0	off 0.7204049957270973 neg 0.26045710656395377 __DUMMY__ 0.019137897708948966	false	1.0
abdanken	neg 1.0		neg 0.4936618412219967 off 0.4656425133147373 __DUMMY__ 0.040695645463265914	false	1.0
wichtigtuer	off 1.0	off 1.0	off 0.7196150225697221 neg 0.2611261668894823 __DUMMY__ 0.019258810540795552	false	1.0
misslingen	neg 1.0		neg 0.486375688207199 off 0.47242956905816125 __DUMMY__ 0.0411947427346397	false	1.0
untreu	off 1.0		neg 0.4871841248973731 off 0.47237946874459574 __DUMMY__ 0.04043640635803114	false	0.5
missmutig	neg 1.0		neg 0.48700047101774924 off 0.4724495601690503 __DUMMY__ 0.04054996881320029	false	1.0
hurenbock	off 1.0		neg 0.48949802097033335 off 0.46979548856115655 __DUMMY__ 0.040706490468510194	false	0.5
betrunken	neg 1.0		neg 0.484645195000786 off 0.47491344011063275 __DUMMY__ 0.04044136488858113	false	1.0
korrupt	off 1.0		neg 0.497614945483794 off 0.4618302993843406 __DUMMY__ 0.04055475513186534	false	0.5
unmut	neg 1.0		neg 0.4996843341436982 off 0.45922338649982225 __DUMMY__ 0.041092279356479675	false	1.0
hackfresse	off 1.0		neg 0.4801620198620306 off 0.47977729283454484 __DUMMY__ 0.040060687303424436	false	0.5
aufblasen	neg 1.0		neg 0.48966804935362734 off 0.4696287622158849 __DUMMY__ 0.04070318843048773	false	1.0
gewaltsam	neg 1.0		neg 0.4936000602132864 off 0.46559899739302446 __DUMMY__ 0.040800942393689026	false	1.0
unbeliebtheit	neg 1.0		neg 0.4910730476962808 off 0.4686558643001057 __DUMMY__ 0.04027108800361339	false	1.0
sturheit	neg 1.0		neg 0.4948697611805036 off 0.46446309766809774 __DUMMY__ 0.040667141151398654	false	1.0
kuh	neg 1.0		neg 0.49352393886079193 off 0.4662458326474254 __DUMMY__ 0.04023022849178255	false	1.0
erschrecken	neg 1.0		neg 0.48689099976150163 off 0.4725004534483582 __DUMMY__ 0.0406085467901402	false	1.0
opfer	neg 1.0		neg 0.4957168591007224 off 0.4634058051589466 __DUMMY__ 0.040877335740331186	false	1.0
sinken	neg 1.0		neg 0.49940471797115 off 0.45956202344376434 __DUMMY__ 0.04103325858508554	false	1.0
stinktier	neg 1.0		neg 0.48756706969731656 off 0.4726755700065901 __DUMMY__ 0.03975736029609339	false	1.0
tucke	off 1.0		neg 0.4812182180444884 off 0.47897791984738186 __DUMMY__ 0.03980386210812976	false	0.5
ein			neg 0.4907783492315651 off 0.4685239378422051 __DUMMY__ 0.04069771292622986	false	0.0
abstieg	neg 1.0		neg 0.49752744511060704 off 0.4616168595200575 __DUMMY__ 0.040855695369335504	false	1.0
missverstehen	neg 1.0		neg 0.4904646259385612 off 0.4690745495372175 __DUMMY__ 0.0404608245242213	false	1.0
ergebnislos	neg 1.0		neg 0.496454206577766 off 0.462552276928099 __DUMMY__ 0.04099351649413492	false	1.0
unter			neg 0.5019818712506159 off 0.4564977414051501 __DUMMY__ 0.041520387344234126	false	0.0
manipulieren	neg 1.0		neg 0.4974259720354407 off 0.4616122421978264 __DUMMY__ 0.04096178576673287	false	1.0
unbewiesen	neg 1.0		neg 0.49551555774327144 off 0.46403899557148326 __DUMMY__ 0.040445446685245356	false	1.0
verschleppen	neg 1.0		neg 0.4966110460394764 off 0.4626346910676195 __DUMMY__ 0.04075426289290414	false	1.0
weib	off 1.0		neg 0.48324457503895885 off 0.47707665793824383 __DUMMY__ 0.039678767022797365	false	0.5
opposition	neg 1.0		neg 0.49181874538604137 off 0.46764604653403924 __DUMMY__ 0.04053520807991933	false	1.0
verkehrswidrig	neg 1.0		off 0.4796930678075442 neg 0.47968785361122523 __DUMMY__ 0.040619078581230664	false	0.5
inkorrekt	neg 1.0		neg 0.4854303572570724 off 0.47440054647105806 __DUMMY__ 0.04016909627186964	false	1.0
vermeiden	neg 1.0	neg 1.0	neg 0.7358387807923863 off 0.24444778680101756 __DUMMY__ 0.019713432406596166	false	1.0
abweichung	neg 1.0		neg 0.4955609631465873 off 0.46354591830655933 __DUMMY__ 0.040893118546853215	false	1.0
alkoholisiert	neg 1.0		neg 0.4947378885440635 off 0.4641925635329038 __DUMMY__ 0.04106954792303266	false	1.0
scheiss	off 1.0	off 1.0	off 0.7216156930095257 neg 0.25917687843086384 __DUMMY__ 0.019207428559610495	false	1.0
herausforderung	neg 1.0		neg 0.4963632975719055 off 0.46263414231051003 __DUMMY__ 0.041002560117584554	false	1.0
pervers	off 1.0		off 0.4823092284603278 neg 0.4778817031202699 __DUMMY__ 0.039809068419402245	false	1.0
wackelig	neg 1.0		neg 0.4909633284878809 off 0.467935088083744 __DUMMY__ 0.041101583428375034	false	1.0
verwickeln	neg 1.0		neg 0.4910435930876388 off 0.46847293715682753 __DUMMY__ 0.04048346975553382	false	1.0
vorwand	neg 1.0		neg 0.4980642472962164 off 0.4610195465567668 __DUMMY__ 0.04091620614701691	false	1.0
muschi	off 1.0		neg 0.49276814934914015 off 0.46644865024581394 __DUMMY__ 0.0407832004050459	false	0.5
entmutigung	neg 1.0		neg 0.4921045441554481 off 0.4673141082303881 __DUMMY__ 0.04058134761416376	false	1.0
unangemessen	neg 1.0		neg 0.4955431603742514 off 0.4638283088020467 __DUMMY__ 0.04062853082370195	false	1.0
unstetig	neg 1.0		neg 0.4886582955634229 off 0.4706707967154727 __DUMMY__ 0.04067090772110444	false	1.0
entmutigen	neg 1.0		neg 0.49125087383931504 off 0.4680710476068297 __DUMMY__ 0.040678078553855315	false	1.0
schwanz	neg 1.0		neg 0.4954436662209063 off 0.46369033341548643 __DUMMY__ 0.04086600036360715	false	1.0
verbot	neg 1.0		neg 0.496231616093305 off 0.4630241191304574 __DUMMY__ 0.040744264776237576	false	1.0
leid	neg 1.0		neg 0.4822226465574087 off 0.4776412640626416 __DUMMY__ 0.04013608937994965	false	1.0
archaisch	neg 1.0		neg 0.4940883427011073 off 0.46518091534927114 __DUMMY__ 0.04073074194962157	false	1.0
gegen			neg 0.4988690049101726 off 0.46005116330740226 __DUMMY__ 0.04107983178242508	false	0.0
scheidung	neg 1.0		off 0.48917483975859927 neg 0.4709063915882598 __DUMMY__ 0.03991876865314103	false	0.5
einschlag	neg 1.0		neg 0.4842596224394173 off 0.4753915475471759 __DUMMY__ 0.04034883001340688	false	1.0
m			neg 0.49333845726593595 off 0.46572730050126143 __DUMMY__ 0.040934242232802676	false	0.0
abgestanden	neg 1.0		neg 0.4924760033024424 off 0.4669485594046209 __DUMMY__ 0.04057543729293666	false	1.0
schmierig	off 1.0		neg 0.48219837372463237 off 0.4775564673702682 __DUMMY__ 0.04024515890509956	false	0.5
unpraktisch	neg 1.0		neg 0.48990312641408773 off 0.4693910587965728 __DUMMY__ 0.0407058147893395	false	1.0
wixxer	off 1.0		off 0.4811569171709087 neg 0.4791818182134162 __DUMMY__ 0.03966126461567499	false	1.0
bezeichnet			neg 0.49407524816144643 off 0.46538913651091585 __DUMMY__ 0.04053561532763774	false	0.0
jammerlappen	off 1.0		neg 0.48653190285765513 off 0.4729024610911101 __DUMMY__ 0.040565636051234734	false	0.5
farce	neg 1.0		neg 0.4961276067657165 off 0.4632566099481223 __DUMMY__ 0.04061578328616132	false	1.0
zwecklos	neg 1.0		neg 0.4955019384449231 off 0.4638154551909016 __DUMMY__ 0.040682606364175325	false	1.0
turbulent	neg 1.0		neg 0.4882189900231277 off 0.47158276560906387 __DUMMY__ 0.04019824436780848	false	1.0
invasion	neg 1.0		neg 0.49018436275118404 off 0.46918689874595376 __DUMMY__ 0.040628738502862076	false	1.0
schuld	neg 1.0		neg 0.4923062611705311 off 0.46713512963715464 __DUMMY__ 0.040558609192314146	false	1.0
risiko	neg 1.0	neg 1.0	neg 0.730671031997453 off 0.24987535813081072 __DUMMY__ 0.019453609871736256	false	1.0
finster	neg 1.0		neg 0.4919536757526507 off 0.46751627089185516 __DUMMY__ 0.04053005335549409	false	1.0
geisteskrank	off 1.0		neg 0.4878369904961369 off 0.471971343754679 __DUMMY__ 0.040191665749184105	false	0.5
zusammenbrechen	neg 1.0		neg 0.493906475270887 off 0.4652794945567321 __DUMMY__ 0.04081403017238104	false	1.0
ausbeute	neg 1.0		neg 0.48910662639718744 off 0.46942323030337546 __DUMMY__ 0.04147014329943706	false	1.0
hinterhalt	neg 1.0		neg 0.4902529964709958 off 0.46861206796620314 __DUMMY__ 0.04113493556280096	false	1.0
kritik	neg 1.0		neg 0.49663026798970655 off 0.46277292311099316 __DUMMY__ 0.04059680889930012	false	1.0
einschrumpfen	neg 1.0		neg 0.4894856244850309 off 0.4700969848954116 __DUMMY__ 0.04041739061955748	false	1.0
riskant	neg 1.0		neg 0.4974618993141104 off 0.4617162858254951 __DUMMY__ 0.04082181486039448	false	1.0
frustrieren	neg 1.0		neg 0.49603154944523953 off 0.46313542304994304 __DUMMY__ 0.040833027504817446	false	1.0
groll	neg 1.0		neg 0.4961909516996766 off 0.46312683779763014 __DUMMY__ 0.040682210502693376	false	1.0
gibt			neg 0.49324887812002083 off 0.46588489945728423 __DUMMY__ 0.040866222422694866	false	0.0
qualvoll	neg 1.0		neg 0.4889609090143743 off 0.47044962629060383 __DUMMY__ 0.04058946469502187	false	1.0
wackeln	neg 1.0		neg 0.48978699585815055 off 0.4693838679831289 __DUMMY__ 0.04082913615872067	false	1.0
klagen	neg 1.0		neg 0.4997694078852334 off 0.4592485354223167 __DUMMY__ 0.04098205669244975	false	1.0
bankrott	neg 1.0		neg 0.48639940602315473 off 0.47294212377404526 __DUMMY__ 0.040658470202800084	false	1.0
trauern	neg 1.0		neg 0.4952944531977469 off 0.4637264004859244 __DUMMY__ 0.04097914631632864	false	1.0
ablehnung	neg 1.0		neg 0.49630536380459245 off 0.46303298861288267 __DUMMY__ 0.04066164758252487	false	1.0
stur	neg 1.0		neg 0.49175998885525246 off 0.4676583859386643 __DUMMY__ 0.04058162520608324	false	1.0
aufruhr	neg 1.0		neg 0.49386574352756774 off 0.46540678153165227 __DUMMY__ 0.04072747494078003	false	1.0
melancholie	neg 1.0		neg 0.4955457234303792 off 0.463632900238906 __DUMMY__ 0.04082137633071491	false	1.0
ist			neg 0.4898604058899988 off 0.4694726976754985 __DUMMY__ 0.04066689643450266	false	0.0
torheit	neg 1.0		neg 0.492324089837796 off 0.46700646109832256 __DUMMY__ 0.040669449063881376	false	1.0
dreckskind	off 1.0		neg 0.4837655410940184 off 0.47636837006313265 __DUMMY__ 0.03986608884284895	false	0.5
umtauschen	neg 1.0		neg 0.4915755368434151 off 0.46762459382408195 __DUMMY__ 0.040799869332502896	false	1.0
zum			neg 0.4972774637319576 off 0.4612085500177037 __DUMMY__ 0.04151398625033873	false	0.0
zersetzen	neg 1.0		neg 0.49882922056499496 off 0.4603651334487961 __DUMMY__ 0.040805645986208956	false	1.0
zur			neg 0.49979886462646517 off 0.4588279200262608 __DUMMY__ 0.0413732153472741	false	0.0
frust	neg 1.0		neg 0.49381623960117443 off 0.4653549161539522 __DUMMY__ 0.04082884424487329	false	1.0
unerbittlichkeit	neg 1.0		neg 0.4981925611536847 off 0.46093598230741634 __DUMMY__ 0.04087145653889886	false	1.0
zwei			neg 0.49654500257366946 off 0.462025073391359 __DUMMY__ 0.04142992403497167	false	0.0
unkorrekt	neg 1.0		neg 0.48399589425648354 off 0.4756587058930328 __DUMMY__ 0.04034539985048367	false	1.0
hexe	off 1.0		neg 0.49068107283283663 off 0.46919204646039064 __DUMMY__ 0.04012688070677278	false	0.5
lasch	neg 1.0		neg 0.4899218447093989 off 0.4696936517069673 __DUMMY__ 0.04038450358363378	false	1.0
rivale	neg 1.0		neg 0.48576236450591315 off 0.47393006995114534 __DUMMY__ 0.040307565542941515	false	1.0
mutlos	off 1.0	off 1.0	off 0.7155013634215238 neg 0.2650963951130502 __DUMMY__ 0.019402241465425858	false	1.0
wirr	off 1.0		neg 0.4853198699958839 off 0.47456764786869576 __DUMMY__ 0.0401124821354204	false	0.5
jahr			neg 0.49148552398641876 off 0.4669584266949477 __DUMMY__ 0.04155604931863345	false	0.0
wird			neg 0.49508319602344747 off 0.4640703935922923 __DUMMY__ 0.0408464103842602	false	0.0
strafbar	neg 1.0		neg 0.49643129761636173 off 0.4627116715345474 __DUMMY__ 0.040857030849090877	false	1.0
erosion	neg 1.0		neg 0.49048326878515786 off 0.4686433186459428 __DUMMY__ 0.040873412568899224	false	1.0
eingehen	neg 1.0		neg 0.49674305432682164 off 0.4624574258646164 __DUMMY__ 0.04079951980856195	false	1.0
faul	off 1.0		neg 0.486873891621079 off 0.47251553426042037 __DUMMY__ 0.04061057411850057	false	0.5
provisorium	neg 1.0		neg 0.4996790167956258 off 0.45867034614566354 __DUMMY__ 0.04165063705871054	false	1.0
schmerzen	neg 1.0		neg 0.4943195316050332 off 0.4650405105042833 __DUMMY__ 0.040639957890683455	false	1.0
schrumpfen	neg 1.0		neg 0.5023069704791205 off 0.45660373322416287 __DUMMY__ 0.04108929629671663	false	1.0
geistlos	off 1.0		neg 0.4920446253419152 off 0.46760557873134423 __DUMMY__ 0.040349795926740754	false	0.5
fehlkauf	neg 1.0		neg 0.4904007936351441 off 0.46896074258496995 __DUMMY__ 0.04063846377988593	false	1.0
frustrierend	neg 1.0		neg 0.48775751616456053 off 0.47165971260369327 __DUMMY__ 0.04058277123174618	false	1.0
unzufrieden	neg 1.0		neg 0.4955852539331653 off 0.4636990924686794 __DUMMY__ 0.04071565359815513	false	1.0
verzweifeln	neg 1.0		neg 0.4933219822554666 off 0.46592975484200533 __DUMMY__ 0.040748262902528226	false	1.0
verzweifelt	neg 1.0	neg 1.0	neg 0.7324127236857123 off 0.24832793124019065 __DUMMY__ 0.019259345074097	false	1.0
misstrauensantrag	neg 1.0		neg 0.48985640233210614 off 0.46951217457539307 __DUMMY__ 0.0406314230925009	false	1.0
abfallen	neg 1.0		neg 0.4897519625749383 off 0.4694322903154697 __DUMMY__ 0.04081574710959196	false	1.0
fucker	off 1.0		neg 0.48408539342557566 off 0.47550730333573643 __DUMMY__ 0.04040730323868796	false	0.5
ungezogen	neg 1.0		off 0.4814926874438115 neg 0.47864485259187983 __DUMMY__ 0.03986245996430873	false	0.5
irrsinnig	neg 1.0	neg 1.0	neg 0.7319923214808801 off 0.24870702268687958 __DUMMY__ 0.01930065583224029	false	1.0
unfassbar	neg 1.0		neg 0.48538129725722723 off 0.474109736338472 __DUMMY__ 0.04050896640430091	false	1.0
hart	neg 1.0		neg 0.48714481384755665 off 0.4724556472425172 __DUMMY__ 0.04039953890992624	false	1.0
widerlich	off 1.0		neg 0.4866822327992321 off 0.47301995526045654 __DUMMY__ 0.04029781194031139	false	0.5
fatal	neg 1.0		neg 0.4899004092993233 off 0.4694816820736056 __DUMMY__ 0.040617908627071035	false	1.0
bruch	neg 1.0		neg 0.49905039767223563 off 0.45994721284035567 __DUMMY__ 0.041002389487408614	false	1.0
aushungern	neg 1.0		neg 0.49435521192048715 off 0.46484109468430457 __DUMMY__ 0.040803693395208375	false	1.0
anspannung	neg 1.0		neg 0.49929400314207373 off 0.45937534666505225 __DUMMY__ 0.04133065019287407	false	1.0
von			neg 0.49060262273831645 off 0.4677556427822571 __DUMMY__ 0.04164173447942642	false	0.0
kraftlos	neg 1.0		neg 0.4939737645220483 off 0.46515054487875457 __DUMMY__ 0.040875690599197205	false	1.0
vom			neg 0.49860303370886294 off 0.4597097076205531 __DUMMY__ 0.04168725867058396	false	0.0
grenzdebil	off 1.0		neg 0.4850032593435199 off 0.4745011568604946 __DUMMY__ 0.040495583795985654	false	0.5
vor			neg 0.496578947602893 off 0.46227675432688786 __DUMMY__ 0.04114429807021904	false	0.0
unterwerfen	neg 1.0		neg 0.4963591258632261 off 0.46281687738186095 __DUMMY__ 0.0408239967549129	false	1.0
versenkung	neg 1.0		neg 0.494243130147582 off 0.464744919760522 __DUMMY__ 0.041011950091895996	false	1.0
entziehen	neg 1.0		neg 0.49863701300714725 off 0.46034713734883626 __DUMMY__ 0.041015849644016424	false	1.0
finanzkrise	neg 1.0		neg 0.4961344545715678 off 0.4633510268034223 __DUMMY__ 0.04051451862500989	false	1.0
schimpfend	neg 1.0		neg 0.49013987893228594 off 0.46924201602531856 __DUMMY__ 0.040618105042395575	false	1.0
profan	neg 1.0		neg 0.4899152476796869 off 0.4695405125360954 __DUMMY__ 0.040544239784217735	false	1.0
korruption	neg 1.0		neg 0.49690889368570085 off 0.46237829505455713 __DUMMY__ 0.04071281125974188	false	1.0
â			neg 0.4935884899740838 off 0.4654284803815041 __DUMMY__ 0.04098302964441225	false	0.0
schmutzig	neg 1.0		neg 0.4844587579886449 off 0.47505049697093205 __DUMMY__ 0.04049074504042317	false	1.0
sexy	neg 1.0		neg 0.48753664651255785 off 0.47181137044961724 __DUMMY__ 0.04065198303782494	false	1.0
abraten	neg 1.0		neg 0.4889001136172729 off 0.4703739213565478 __DUMMY__ 0.04072596502617915	false	1.0
schwarz	neg 1.0		neg 0.49078723339095875 off 0.4685838646530639 __DUMMY__ 0.040628901955977376	false	1.0
fotze	off 1.0	off 1.0	off 0.7175862380257657 neg 0.26294384843914714 __DUMMY__ 0.019469913535087202	false	1.0
verwirren	neg 1.0		neg 0.4890874458874853 off 0.4703453093023397 __DUMMY__ 0.04056724481017505	false	1.0
zahnlos	off 1.0		neg 0.4944932784373341 off 0.464792603455915 __DUMMY__ 0.04071411810675096	false	0.5
verheeren	neg 1.0		off 0.48295069497834214 neg 0.4772009400282432 __DUMMY__ 0.039848364993414626	false	0.5
hippie	neg 1.0		neg 0.4881536502560861 off 0.4712010185784956 __DUMMY__ 0.04064533116541824	false	1.0
rammen	neg 1.0		neg 0.49401172805964605 off 0.4656529316568667 __DUMMY__ 0.040335340283487155	false	1.0
unlauter	neg 1.0		neg 0.4932226751620583 off 0.46629471278842943 __DUMMY__ 0.04048261204951229	false	1.0
unheilvoll	neg 1.0		neg 0.49055605313955897 off 0.46883849924809917 __DUMMY__ 0.04060544761234171	false	1.0
niedrig	neg 1.0		neg 0.49842678089592674 off 0.4608116858271656 __DUMMY__ 0.040761533276907624	false	1.0
explosion	neg 1.0		neg 0.4890066266259106 off 0.47036801220172697 __DUMMY__ 0.0406253611723624	false	1.0
weichei	off 1.0	off 1.0	off 0.7242049988329725 neg 0.2567609865564648 __DUMMY__ 0.019034014610562717	false	1.0
minusmensch	off 1.0		neg 0.48304621668199765 off 0.47730772579482245 __DUMMY__ 0.03964605752317998	false	0.5
farblos	neg 1.0		neg 0.49217596478307984 off 0.46706874035634005 __DUMMY__ 0.04075529486058005	false	1.0
unwissend	neg 1.0	neg 1.0	neg 0.7296490061278152 off 0.2511252240524536 __DUMMY__ 0.019225769819731207	false	1.0
traurig	neg 1.0		neg 0.4827683798160658 off 0.4768154972176034 __DUMMY__ 0.04041612296633076	false	1.0
senkung	neg 1.0		neg 0.4913565709378575 off 0.4682295665869236 __DUMMY__ 0.04041386247521898	false	1.0
ungleich	neg 1.0	neg 1.0	neg 0.7350111696933267 off 0.24553992719051376 __DUMMY__ 0.019448903116159644	false	1.0
heikel	neg 1.0		neg 0.4972755712655258 off 0.4618844523810621 __DUMMY__ 0.04083997635341215	false	1.0
drosselung	neg 1.0		neg 0.4862589347696979 off 0.47334657221726606 __DUMMY__ 0.04039449301303609	false	1.0
falsch	neg 1.0		neg 0.4880483748089063 off 0.4714285330848756 __DUMMY__ 0.04052309210621814	false	1.0
unzufriedenheit	neg 1.0		neg 0.4984688798357982 off 0.46059364714545775 __DUMMY__ 0.040937473018744036	false	1.0
kurz	neg 1.0		neg 0.4910325800922893 off 0.46794349207254227 __DUMMY__ 0.04102392783516837	false	1.0
unsinnig	neg 1.0		neg 0.49436997174623903 off 0.46494160884295344 __DUMMY__ 0.04068841941080748	false	1.0
penner	off 1.0	off 1.0	off 0.7250599339939506 neg 0.2559337288161823 __DUMMY__ 0.01900633718986708	false	1.0
seicht	neg 1.0		off 0.4808162731987572 neg 0.4793143744717147 __DUMMY__ 0.03986935232952809	false	0.5
dummheit	off 1.0	off 1.0	off 0.7193702749324625 neg 0.2614189916849508 __DUMMY__ 0.01921073338258663	false	1.0
unerfreulich	neg 1.0		neg 0.49696368855614836 off 0.4620582784281095 __DUMMY__ 0.04097803301574212	false	1.0
motherfucker	off 1.0	off 1.0	off 0.7224436586206344 neg 0.25835721001158296 __DUMMY__ 0.019199131367782642	false	1.0
pikiert	neg 1.0		neg 0.4877471511351706 off 0.4719442514606502 __DUMMY__ 0.04030859740417916	false	1.0
wrack	neg 1.0		neg 0.4934598542359236 off 0.4656415962962017 __DUMMY__ 0.040898549467874634	false	1.0
gangster	neg 1.0		neg 0.4882736672394769 off 0.47110057873055255 __DUMMY__ 0.040625754029970464	false	1.0
krank	neg 1.0		neg 0.4844939076892921 off 0.4749700806501075 __DUMMY__ 0.04053601166060042	false	1.0
reich	neg 1.0		neg 0.4860832282160356 off 0.4733576410108624 __DUMMY__ 0.040559130773101824	false	1.0
gnadenlos	neg 1.0		neg 0.492102187084462 off 0.4673267766712396 __DUMMY__ 0.040571036244298336	false	1.0
niedergeschlagen	neg 1.0		neg 0.4928104798108101 off 0.4663409439955489 __DUMMY__ 0.04084857619364091	false	1.0
terrorisieren	off 1.0	off 1.0	off 0.7165268257205467 neg 0.26398355811500446 __DUMMY__ 0.019489616164448827	false	1.0
sinnlosigkeit	neg 1.0		neg 0.4948374590766039 off 0.46441646826293864 __DUMMY__ 0.04074607266045744	false	1.0
behindern	neg 1.0		neg 0.49279447861611764 off 0.46644279218353596 __DUMMY__ 0.04076272920034657	false	1.0
undemokratisch	neg 1.0		neg 0.491968967160214 off 0.46740818319853744 __DUMMY__ 0.040622849641248654	false	1.0
wirtschaftskrise	neg 1.0		neg 0.4977857653306261 off 0.4615603377107046 __DUMMY__ 0.04065389695866945	false	1.0
neid	neg 1.0		neg 0.48577117494392874 off 0.4734830655604632 __DUMMY__ 0.040745759495608026	false	1.0
rutschen	neg 1.0		neg 0.4969890611191197 off 0.46160225709080144 __DUMMY__ 0.04140868179007893	false	1.0
rezession	neg 1.0		neg 0.4883349456117868 off 0.4718027677915435 __DUMMY__ 0.039862286596669586	false	1.0
fehlgeburt	neg 1.0		neg 0.48886193856893273 off 0.47036885032894643 __DUMMY__ 0.04076921110212086	false	1.0
charakterschwach	off 1.0		neg 0.48681045899499636 off 0.47287577168761835 __DUMMY__ 0.04031376931738531	false	0.5
isolation	neg 1.0		neg 0.4879514992386844 off 0.4714477782712626 __DUMMY__ 0.04060072249005306	false	1.0
ablenkung	neg 1.0		neg 0.4907268112317596 off 0.46843605129488675 __DUMMY__ 0.040837137473353616	false	1.0
pech	neg 1.0		neg 0.4877622466993385 off 0.47165466252008154 __DUMMY__ 0.040583090780579936	false	1.0
vermeidung	neg 1.0		neg 0.4857316635065794 off 0.47384002826979177 __DUMMY__ 0.040428308223628966	false	1.0
dominieren	neg 1.0		neg 0.4966323591765115 off 0.4625391987111951 __DUMMY__ 0.04082844211229358	false	1.0
schwindlig	neg 1.0		neg 0.48846416431818335 off 0.4708013496326319 __DUMMY__ 0.04073448604918479	false	1.0
lutscher	neg 1.0	neg 1.0	neg 0.724721526207468 off 0.2563326030801658 __DUMMY__ 0.01894587071236624	false	1.0
pflicht	neg 1.0		neg 0.4983566922410178 off 0.4607414356197313 __DUMMY__ 0.04090187213925091	false	1.0
faschist	off 1.0		neg 0.4890380311153545 off 0.47040488462395247 __DUMMY__ 0.0405570842606931	false	0.5
verschleudern	neg 1.0		neg 0.49788407587055916 off 0.46131297976178326 __DUMMY__ 0.04080294436765755	false	1.0
wenn			neg 0.4879928476277401 off 0.47149262926466057 __DUMMY__ 0.04051452310759924	false	0.0
ehebruch	neg 1.0		neg 0.49592864788470137 off 0.46326501094824674 __DUMMY__ 0.04080634116705184	false	1.0
spott	off 1.0		neg 0.4970231452107625 off 0.4622065234006913 __DUMMY__ 0.04077033138854604	false	0.5
trostlosigkeit	neg 1.0		neg 0.49845583669736215 off 0.4605703320675971 __DUMMY__ 0.04097383123504086	false	1.0
lutschen	neg 1.0		neg 0.4900732953105565 off 0.4695287998120747 __DUMMY__ 0.040397904877368926	false	1.0
undiszipliniert	neg 1.0		neg 0.48419803881474655 off 0.475452421647888 __DUMMY__ 0.04034953953736539	false	1.0
kopfschmerz	neg 1.0		neg 0.4959061195194399 off 0.463463091251311 __DUMMY__ 0.04063078922924901	false	1.0
unvorhergesehen	neg 1.0		neg 0.49352519986887705 off 0.4652581624753852 __DUMMY__ 0.04121663765573765	false	1.0
desinteressiert	neg 1.0	neg 1.0	neg 0.7284185813555605 off 0.2524093471274521 __DUMMY__ 0.01917207151698742	false	1.0
armselig	off 1.0		neg 0.48528711469193786 off 0.4745466657386015 __DUMMY__ 0.040166219569460614	false	0.5
desaster	neg 1.0		neg 0.49982257791688667 off 0.45916625244713466 __DUMMY__ 0.041011169635978825	false	1.0
tod	neg 1.0		neg 0.4938094731203673 off 0.4652267323964588 __DUMMY__ 0.04096379448317396	false	1.0
herzlos	neg 1.0		neg 0.484280159992301 off 0.47545306689143374 __DUMMY__ 0.040266773116265295	false	1.0
unwissenheit	neg 1.0		neg 0.4956626695977433 off 0.4636214755249141 __DUMMY__ 0.04071585487734243	false	1.0
widersinnig	neg 1.0		neg 0.4972139577560058 off 0.4622252075921446 __DUMMY__ 0.040560834651849544	false	1.0
bedenklich	neg 1.0		neg 0.49634846425251333 off 0.4628811356158676 __DUMMY__ 0.04077040013161918	false	1.0
beanstanden	neg 1.0		neg 0.49831838015267305 off 0.4607294636272367 __DUMMY__ 0.04095215622009029	false	1.0
panisch	neg 1.0	neg 1.0	neg 0.7295798133213138 off 0.25097977362606566 __DUMMY__ 0.019440413052620547	false	1.0
debil	off 1.0		neg 0.5017212492283222 off 0.45692308262846704 __DUMMY__ 0.04135566814321076	false	0.5
abstrich	neg 1.0		neg 0.4893901680703271 off 0.4695229402967928 __DUMMY__ 0.04108689163288012	false	1.0
primitiv	neg 1.0		neg 0.48654822564578043 off 0.47316807732677996 __DUMMY__ 0.0402836970274396	false	1.0
abschaum	off 1.0	off 1.0	off 0.7211172043451914 neg 0.259677097388494 __DUMMY__ 0.0192056982663146	false	1.0
provozieren	neg 1.0		neg 0.4930292166377624 off 0.4664666687441546 __DUMMY__ 0.04050411461808294	false	1.0
tot	neg 1.0		neg 0.49480132492695006 off 0.4643924707325387 __DUMMY__ 0.04080620434051129	false	1.0
instabil	neg 1.0		neg 0.4858055012621252 off 0.473999918801996 __DUMMY__ 0.04019457993587891	false	1.0
schwuchtel	off 1.0	off 1.0	off 0.7272704005517703 neg 0.25395641731316476 __DUMMY__ 0.018773182135064886	false	1.0
zerren	neg 1.0		neg 0.4939334737059221 off 0.4652426967271062 __DUMMY__ 0.0408238295669718	false	1.0
kinderficker	off 1.0		neg 0.4812608298462773 off 0.4785480223208422 __DUMMY__ 0.04019114783288054	false	0.5
gefahr	neg 1.0		neg 0.4975842432585751 off 0.4613711613025283 __DUMMY__ 0.04104459543889651	false	1.0
rabiat	neg 1.0		neg 0.4918440297338407 off 0.46742767752423486 __DUMMY__ 0.04072829274192438	false	1.0
verlangsamung	neg 1.0		neg 0.4833505873426504 off 0.47686503185500345 __DUMMY__ 0.03978438080234617	false	1.0
ausgestorben	neg 1.0		neg 0.4915358193501867 off 0.4676631303237269 __DUMMY__ 0.040801050326086344	false	1.0
anklagen	neg 1.0		neg 0.49591189355501913 off 0.46331570943698874 __DUMMY__ 0.04077239700799222	false	1.0
trott	neg 1.0		neg 0.4922174183025086 off 0.4670109597496864 __DUMMY__ 0.04077162194780487	false	1.0
verminderung	neg 1.0		neg 0.4855016303400304 off 0.4741041811826815 __DUMMY__ 0.040394188477288186	false	1.0
nach			neg 0.4976591317366661 off 0.4608343446879109 __DUMMY__ 0.04150652357542311	false	0.0
rost	neg 1.0		neg 0.4813992721762637 off 0.4784847957767024 __DUMMY__ 0.04011593204703392	false	1.0
destruktiv	neg 1.0		neg 0.4933728491719775 off 0.4659951923532207 __DUMMY__ 0.04063195847480185	false	1.0
unzumutbarkeit	neg 1.0		neg 0.48591670570042683 off 0.4735467605356249 __DUMMY__ 0.04053653376394829	false	1.0
labil	off 1.0	off 1.0	off 0.7209149825061709 neg 0.25983597761935445 __DUMMY__ 0.019249039874474655	false	1.0
ziemlich	neg 1.0		neg 0.4846843831443573 off 0.4747254615345815 __DUMMY__ 0.04059015532106134	false	1.0
lachnummer	off 1.0		neg 0.49302382230489006 off 0.4663929855371112 __DUMMY__ 0.04058319215799869	false	0.5
oder			neg 0.4899071801868565 off 0.4692876014421451 __DUMMY__ 0.04080521837099829	false	0.0
verfall	neg 1.0		neg 0.5015831092882045 off 0.4572663931239959 __DUMMY__ 0.041150497587799734	false	1.0
ausgrenzung	neg 1.0		neg 0.4914016448815275 off 0.4680034156092023 __DUMMY__ 0.04059493950927017	false	1.0
unordnung	neg 1.0		neg 0.48232764148992724 off 0.47713414581384 __DUMMY__ 0.040538212696232756	false	1.0
fehlverhalten	neg 1.0		neg 0.4988659295667824 off 0.46036053847821334 __DUMMY__ 0.04077353195500432	false	1.0
eine			neg 0.4960227682586811 off 0.4628674976508565 __DUMMY__ 0.04110973409046243	false	0.0
nille	neg 1.0		neg 0.49198582573349686 off 0.4672033431355209 __DUMMY__ 0.04081083113098229	false	1.0
qual	neg 1.0		neg 0.4925180013246053 off 0.4666841985631083 __DUMMY__ 0.040797800112286425	false	1.0
verschwenden	neg 1.0		neg 0.49708153827044266 off 0.462138964252698 __DUMMY__ 0.040779497476859446	false	1.0
riesig	neg 1.0		neg 0.49453500916699883 off 0.4645104928043078 __DUMMY__ 0.04095449802869344	false	1.0
verurteilen	neg 1.0		neg 0.49689670287143684 off 0.4624852421414589 __DUMMY__ 0.04061805498710418	false	1.0
klischee	neg 1.0	neg 1.0	neg 0.7307809379605854 off 0.24999718146629749 __DUMMY__ 0.019221880573117172	false	1.0
diktatorisch	neg 1.0		neg 0.4922578802543037 off 0.46717070249452125 __DUMMY__ 0.040571417251175045	false	1.0
vorhersehbar	neg 1.0		neg 0.490425338024292 off 0.4691455484417147 __DUMMY__ 0.04042911353399317	false	1.0
sowie			neg 0.48383489065352714 off 0.4761308455043448 __DUMMY__ 0.040034263842128	false	0.0
stornieren	neg 1.0		neg 0.48613471762197263 off 0.47284931482936504 __DUMMY__ 0.04101596754866235	false	1.0
besteuerung	neg 1.0		neg 0.4943518673274053 off 0.4652301541055158 __DUMMY__ 0.04041797856707878	false	1.0
ungeschminkt	neg 1.0		neg 0.48853293399888403 off 0.4713401932869506 __DUMMY__ 0.040126872714165485	false	1.0
kritisch	neg 1.0		neg 0.49629123253775653 off 0.46289359186723394 __DUMMY__ 0.04081517559500936	false	1.0
schlamperei	off 1.0		neg 0.4966458507926681 off 0.4623902849916527 __DUMMY__ 0.040963864215679296	false	0.5
sucht	neg 1.0	neg 1.0	neg 0.7292545740095727 off 0.2511368644811714 __DUMMY__ 0.019608561509255933	false	1.0
egoistisch	off 1.0		neg 0.4821944002589981 off 0.4777380324645369 __DUMMY__ 0.040067567276464995	false	0.5
ausbeuter	off 1.0		neg 0.49955186722646144 off 0.4597395876127953 __DUMMY__ 0.04070854516074329	false	0.5
arschgeburt	off 1.0		off 0.4825466122633155 neg 0.47799491099762276 __DUMMY__ 0.03945847673906161	false	1.0
schubs	neg 1.0		neg 0.49303421954673154 off 0.4660940312824032 __DUMMY__ 0.04087174917086533	false	1.0
unsolide	neg 1.0		neg 0.49263204032558827 off 0.4669284742528082 __DUMMY__ 0.04043948542160354	false	1.0
beschwerde	neg 1.0		neg 0.4975215429467382 off 0.4617037367683744 __DUMMY__ 0.0407747202848874	false	1.0
stocken	neg 1.0		neg 0.49683290143595077 off 0.46226867834995583 __DUMMY__ 0.04089842021409336	false	1.0
isolieren	neg 1.0		neg 0.4957891558261988 off 0.463420001244166 __DUMMY__ 0.04079084292963526	false	1.0
unheilbar	neg 1.0		neg 0.4918684579466269 off 0.46742669692040206 __DUMMY__ 0.04070484513297092	false	1.0
pisser	off 1.0		neg 0.48644470251940186 off 0.47342936619712067 __DUMMY__ 0.04012593128347742	false	0.5
löschen	neg 1.0		neg 0.49194267112689893 off 0.467300518709375 __DUMMY__ 0.04075681016372609	false	1.0
durchfallen	neg 1.0		neg 0.49652664282147 off 0.46277671483211213 __DUMMY__ 0.040696642346417865	false	1.0
wichser	off 1.0	off 1.0	off 0.7266754667521195 neg 0.25439801456701033 __DUMMY__ 0.018926518680870294	false	1.0
terror	neg 1.0		neg 0.48821788069115457 off 0.4711163181946894 __DUMMY__ 0.04066580111415611	false	1.0
krass	neg 1.0		neg 0.4833352427393585 off 0.4764194982803335 __DUMMY__ 0.04024525898030803	false	1.0
revolte	neg 1.0		neg 0.4908562725257822 off 0.4685625932549969 __DUMMY__ 0.04058113421922104	false	1.0
besorgt	neg 1.0		neg 0.49092118611188057 off 0.46799938244507844 __DUMMY__ 0.041079431443040985	false	1.0
nachlassen	neg 1.0		neg 0.4959211149193322 off 0.463098085690308 __DUMMY__ 0.040980799390359715	false	1.0
alt	neg 1.0		neg 0.4954621552673399 off 0.46380622417813466 __DUMMY__ 0.04073162055452547	false	1.0
hundesohn	off 1.0		off 0.4805020594390466 neg 0.4797143011351856 __DUMMY__ 0.03978363942576785	false	1.0
als			neg 0.4932358399893128 off 0.4658718432855111 __DUMMY__ 0.04089231672517618	false	0.0
abschreckung	neg 1.0		neg 0.4988802471325538 off 0.46018763264510865 __DUMMY__ 0.04093212022233768	false	1.0
unqualifiziert	neg 1.0		neg 0.48975383278025963 off 0.4698667600578391 __DUMMY__ 0.04037940716190128	false	1.0
abgewichst	off 1.0		neg 0.492041217626815 off 0.4670716686504247 __DUMMY__ 0.040887113722760264	false	0.5
schwer	neg 1.0		neg 0.49298332007315565 off 0.46630871874620994 __DUMMY__ 0.040707961180634356	false	1.0
bedeutungslosigkeit	neg 1.0		neg 0.4978407856894251 off 0.4612705716916596 __DUMMY__ 0.040888642618915415	false	1.0
kapitulation	neg 1.0		neg 0.4963946837623072 off 0.4627516462124643 __DUMMY__ 0.04085367002522863	false	1.0
unscharf	neg 1.0		neg 0.49056286437450786 off 0.4689520069103729 __DUMMY__ 0.040485128715119154	false	1.0
schwinden	neg 1.0		neg 0.4984814425269092 off 0.4606486647582305 __DUMMY__ 0.04086989271486027	false	1.0
versklavung	neg 1.0		neg 0.49222955572226645 off 0.4671404274780885 __DUMMY__ 0.04063001679964517	false	1.0
schlecht	neg 1.0		neg 0.4847286382972236 off 0.47470176989076907 __DUMMY__ 0.040569591812007325	false	1.0
verhasst	neg 1.0		neg 0.4932792975336213 off 0.46631595490070177 __DUMMY__ 0.04040474756567694	false	1.0
beschweren	neg 1.0		neg 0.48992077204323087 off 0.4694339282190301 __DUMMY__ 0.04064529973773907	false	1.0
scheiden	neg 1.0		neg 0.4904532095292809 off 0.4686685937392144 __DUMMY__ 0.040878196731504744	false	1.0
frustriert	neg 1.0		neg 0.494440743209868 off 0.46486499540341647 __DUMMY__ 0.04069426138671542	false	1.0
schimmelig	neg 1.0		neg 0.4978956270290186 off 0.4615703764512776 __DUMMY__ 0.04053399651970389	false	1.0
fisch	neg 1.0		neg 0.49940624422449054 off 0.4598191909663364 __DUMMY__ 0.04077456480917305	false	1.0
schmuggel	neg 1.0		neg 0.49702527692634474 off 0.4620733616923656 __DUMMY__ 0.0409013613812896	false	1.0
auffallen	neg 1.0		neg 0.488999654041696 off 0.4703802482859097 __DUMMY__ 0.0406200976723942	false	1.0
konkurrenz	neg 1.0		neg 0.4991275178562009 off 0.4599153479082588 __DUMMY__ 0.040957134235540274	false	1.0
teufelskreis	neg 1.0	neg 1.0	neg 0.7333250376516183 off 0.24737864294064746 __DUMMY__ 0.01929631940773428	false	1.0
aufschreien	neg 1.0		neg 0.4903168030459221 off 0.469196886512526 __DUMMY__ 0.040486310441551786	false	1.0
schuldner	neg 1.0		neg 0.5003330368300329 off 0.4589408042360904 __DUMMY__ 0.040726158933876544	false	1.0
missgeburt	off 1.0	off 1.0	off 0.7238350875783033 neg 0.25721110306764733 __DUMMY__ 0.01895380935404946	false	1.0
arbeitslos	neg 1.0		neg 0.4959380193501792 off 0.4633541963545626 __DUMMY__ 0.04070778429525818	false	1.0
befallen	neg 1.0		neg 0.4962929171383104 off 0.4631502088855964 __DUMMY__ 0.04055687397609322	false	1.0
miesepetrig	off 1.0	off 1.0	off 0.7220092022884785 neg 0.258714475805506 __DUMMY__ 0.01927632190601549	false	1.0
alarmieren	neg 1.0		neg 0.48961015367893057 off 0.4700269733698105 __DUMMY__ 0.04036287295125886	false	1.0
ungeduscht	off 1.0		neg 0.4893566565910158 off 0.47028763781041283 __DUMMY__ 0.04035570559857147	false	0.5
knappheit	neg 1.0		neg 0.49811222986715337 off 0.4613088863850574 __DUMMY__ 0.040578883747789306	false	1.0
schlange	neg 1.0		neg 0.4879720672465402 off 0.4711330451596228 __DUMMY__ 0.040894887593836915	false	1.0
harsch	neg 1.0		neg 0.4808388350588944 off 0.47878333331171297 __DUMMY__ 0.040377831629392624	false	1.0
lang	neg 1.0		neg 0.49071445382127965 off 0.46853136608956386 __DUMMY__ 0.040754180089156364	false	1.0
ziellos	neg 1.0		neg 0.4940440474451953 off 0.46496973122466867 __DUMMY__ 0.04098622133013602	false	1.0
selbstverliebt	neg 1.0		off 0.4818580247097679 neg 0.4784349764130952 __DUMMY__ 0.03970699887713684	false	0.5
beseitigen	neg 1.0		neg 0.4936073579885142 off 0.465601752793204 __DUMMY__ 0.04079088921828186	false	1.0
dumm	off 1.0		neg 0.48079929381064834 off 0.4790970863765871 __DUMMY__ 0.04010361981276456	false	0.5
arbeitsloser	neg 1.0		neg 0.49371934659080835 off 0.46535392486601473 __DUMMY__ 0.04092672854317699	false	1.0
blitzen	neg 1.0		neg 0.48822169270209453 off 0.4711287087031097 __DUMMY__ 0.04064959859479587	false	1.0
hilflos	neg 1.0		neg 0.4948303872410989 off 0.4644542425664535 __DUMMY__ 0.04071537019244761	false	1.0
eklig	off 1.0		neg 0.48233777819364504 off 0.47778978793313687 __DUMMY__ 0.03987243387321817	false	0.5
begriff			neg 0.49264714121655806 off 0.4665900444244392 __DUMMY__ 0.04076281435900283	false	0.0
hungersnot	neg 1.0		neg 0.49535950539975054 off 0.4638633471908573 __DUMMY__ 0.04077714740939209	false	1.0
ungesetzlich	neg 1.0		neg 0.49392187379318736 off 0.4656209893024704 __DUMMY__ 0.04045713690434236	false	1.0
verschwendung	neg 1.0		neg 0.49686224791766204 off 0.46226376342239517 __DUMMY__ 0.04087398865994268	false	1.0
schmerzvoll	neg 1.0		neg 0.4908106317153488 off 0.46858580270969225 __DUMMY__ 0.040603565574959075	false	1.0
vorzeitig	neg 1.0		neg 0.4903825627710378 off 0.4691159617702354 __DUMMY__ 0.04050147545872689	false	1.0
unvollkommenheit	neg 1.0		neg 0.49222863020104757 off 0.4666725021167042 __DUMMY__ 0.041098867682248415	false	1.0
intervenieren	neg 1.0		neg 0.4980037676566308 off 0.46119964031344524 __DUMMY__ 0.040796592029923945	false	1.0
banause	off 1.0		neg 0.4808037120376677 off 0.47952931708623214 __DUMMY__ 0.03966697087610018	false	0.5
rebell	neg 1.0		neg 0.5002165695084012 off 0.4587457297112199 __DUMMY__ 0.04103770078037887	false	1.0
unlogisch	neg 1.0		neg 0.48481268657610316 off 0.47495450265081757 __DUMMY__ 0.040232810773079254	false	1.0
leiden	neg 1.0		neg 0.4958260864057791 off 0.4630813695997265 __DUMMY__ 0.04109254399449445	false	1.0
abschaffung	neg 1.0		neg 0.492104794847825 off 0.46720796157347677 __DUMMY__ 0.04068724357869838	false	1.0
sturz	neg 1.0		neg 0.4910818670344452 off 0.46809994969009705 __DUMMY__ 0.04081818327545776	false	1.0
verkleinerung	neg 1.0		neg 0.4911012115913277 off 0.4684949488272745 __DUMMY__ 0.040403839581397864	false	1.0
schmarotzer	off 1.0		neg 0.49568667055774307 off 0.4636871643743642 __DUMMY__ 0.040626165067892746	false	0.5
bestrafung	neg 1.0		neg 0.4913692971295802 off 0.4679787254223448 __DUMMY__ 0.04065197744807501	false	1.0
achtlos	neg 1.0	neg 1.0	neg 0.7321686638802167 off 0.24840690017777092 __DUMMY__ 0.019424435942012454	false	1.0
ungeheuer	neg 1.0		neg 0.4891422257629513 off 0.4702021896657652 __DUMMY__ 0.040655584571283376	false	1.0
unaufrichtig	neg 1.0		neg 0.4866854102923016 off 0.47250481023798707 __DUMMY__ 0.04080977946971146	false	1.0
