unsolidarisch	neg 1.0		neg 0.5805596327940297 off 0.41228902133716555 __DUMMY__ 0.007151345868804852	false	1.0
nachteilig	neg 1.0		neg 0.5799535360967571 off 0.4127940117194992 __DUMMY__ 0.007252452183743577	false	1.0
skeptisch	neg 1.0		neg 0.58221029157835 off 0.4105121387295878 __DUMMY__ 0.007277569692062088	false	1.0
schrecklich	neg 1.0		neg 0.5679096964275108 off 0.42487077323780953 __DUMMY__ 0.007219530334679826	false	1.0
schlapp	neg 1.0		neg 0.5706215086554289 off 0.4221040875731482 __DUMMY__ 0.007274403771422945	false	1.0
abfall	neg 1.0		neg 0.583859049637902 off 0.40885556124196715 __DUMMY__ 0.007285389120130872	false	1.0
widerspenstig	neg 1.0		neg 0.5754628913460124 off 0.41724435818706873 __DUMMY__ 0.007292750466918858	false	1.0
abrupt	neg 1.0		neg 0.5767960364936194 off 0.415902665241378 __DUMMY__ 0.007301298265002737	false	1.0
unwirksam	neg 1.0		neg 0.5784434486333776 off 0.4143691722237374 __DUMMY__ 0.007187379142885058	false	1.0
angreifen	neg 1.0		neg 0.5816118713275454 off 0.4111337547368578 __DUMMY__ 0.007254373935596711	false	1.0
inkonsistent	neg 1.0		neg 0.5749930506388249 off 0.41777943693960035 __DUMMY__ 0.007227512421574649	false	1.0
abrutschen	neg 1.0		neg 0.5830165920261661 off 0.40968263525898696 __DUMMY__ 0.007300772714847001	false	1.0
unsicher	neg 1.0		neg 0.5762117519735945 off 0.4165153148627716 __DUMMY__ 0.0072729331636337356	false	1.0
bauernkind	off 1.0		neg 0.5664436309971256 off 0.42640232997676114 __DUMMY__ 0.007154039026113304	false	0.5
angreifer	neg 1.0		neg 0.5747806336233912 off 0.4180128427605654 __DUMMY__ 0.007206523616043415	false	1.0
trennen	neg 1.0		neg 0.5791096329317404 off 0.41356295657222036 __DUMMY__ 0.007327410496039181	false	1.0
schmutz	neg 1.0		neg 0.5674424454028582 off 0.4252404628808727 __DUMMY__ 0.00731709171626912	false	1.0
inkonsistenz	neg 1.0	neg 1.0	neg 0.7748235060376351 off 0.2217313536340836 __DUMMY__ 0.003445140328281254	false	1.0
erschreckend	neg 1.0		neg 0.5788424948509455 off 0.41391096182679554 __DUMMY__ 0.0072465433222588796	false	1.0
ertrinken	neg 1.0		neg 0.579008332377284 off 0.41369417190700364 __DUMMY__ 0.007297495715712338	false	1.0
pickelface	off 1.0		neg 0.5765873655263647 off 0.4161840998125235 __DUMMY__ 0.007228534661111909	false	0.5
seiner			neg 0.5810594386621405 off 0.4116689328715202 __DUMMY__ 0.0072716284663393894	false	0.0
lauch	neg 1.0		neg 0.5821125687584865 off 0.41060454228120424 __DUMMY__ 0.0072828889603091295	false	1.0
unwichtig	neg 1.0		neg 0.5725550764196188 off 0.4202132582188803 __DUMMY__ 0.007231665361500907	false	1.0
steuerhinterziehung	neg 1.0		neg 0.5800801062327307 off 0.41272628047073484 __DUMMY__ 0.007193613296534522	false	1.0
schock	neg 1.0		neg 0.5766546426405662 off 0.4160394663378584 __DUMMY__ 0.007305891021575431	false	1.0
beule	neg 1.0		neg 0.5692324736367229 off 0.42350017644893384 __DUMMY__ 0.007267349914343233	false	1.0
vergelten	neg 1.0		neg 0.5678521860715003 off 0.4249700587422145 __DUMMY__ 0.0071777551862852	false	1.0
verdorbenheit	neg 1.0		neg 0.5730858225185693 off 0.41961826574299094 __DUMMY__ 0.007295911738439859	false	1.0
trauma	neg 1.0		neg 0.5748216265935413 off 0.41792946435502415 __DUMMY__ 0.007248909051434713	false	1.0
sinnlos	neg 1.0		neg 0.5746172387517888 off 0.418133508245473 __DUMMY__ 0.007249253002738191	false	1.0
fettsack	off 1.0	off 1.0	off 0.6959673394326062 neg 0.30060589415929606 __DUMMY__ 0.003426766408097622	false	1.0
feige	off 1.0		neg 0.5739618909997766 off 0.41882897729128316 __DUMMY__ 0.007209131708940271	false	0.5
abdanken	neg 1.0		neg 0.5812780788732596 off 0.4115578336597482 __DUMMY__ 0.007164087466992293	false	1.0
wichtigtuer	off 1.0	off 1.0	off 0.6908014076462765 neg 0.3057532290411954 __DUMMY__ 0.003445363312528171	false	1.0
misslingen	neg 1.0		neg 0.5723338619963574 off 0.4203705386145644 __DUMMY__ 0.0072955993890781974	false	1.0
untreu	off 1.0		neg 0.5713256315867111 off 0.42143740271144015 __DUMMY__ 0.007236965701848781	false	0.5
missmutig	neg 1.0		neg 0.5716227789685256 off 0.42110799279634864 __DUMMY__ 0.007269228235125741	false	1.0
hurenbock	off 1.0		neg 0.5724235724468811 off 0.4202717936822203 __DUMMY__ 0.0073046338708985855	false	0.5
betrunken	neg 1.0		neg 0.5687254732314848 off 0.42402055029955726 __DUMMY__ 0.007253976468957873	false	1.0
korrupt	off 1.0		neg 0.582294364386482 off 0.41052135455056254 __DUMMY__ 0.007184281062955486	false	0.5
unmut	neg 1.0		neg 0.5834453739304729 off 0.4092823743972895 __DUMMY__ 0.007272251672237467	false	1.0
hackfresse	off 1.0		neg 0.5646805683546772 off 0.4281210472737259 __DUMMY__ 0.007198384371596981	false	0.5
aufblasen	neg 1.0		neg 0.5738853518913799 off 0.4188282352299489 __DUMMY__ 0.007286412878671198	false	1.0
gewaltsam	neg 1.0		neg 0.5775101114536507 off 0.4152881042378154 __DUMMY__ 0.007201784308533936	false	1.0
unbeliebtheit	neg 1.0		neg 0.5748732353203124 off 0.4180137256351693 __DUMMY__ 0.0071130390445183255	false	1.0
sturheit	neg 1.0		neg 0.580070854509745 off 0.4127143162281055 __DUMMY__ 0.00721482926214948	false	1.0
kuh	neg 1.0		neg 0.5760439490892294 off 0.4167371515309685 __DUMMY__ 0.007218899379802111	false	1.0
erschrecken	neg 1.0		neg 0.5722050860070578 off 0.42053055983364196 __DUMMY__ 0.0072643541593003765	false	1.0
opfer	neg 1.0	neg 1.0	neg 0.7780307635133997 off 0.2184993869952903 __DUMMY__ 0.0034698494913099317	false	1.0
sinken	neg 1.0		neg 0.5822185546462361 off 0.4105039271367407 __DUMMY__ 0.007277518217023231	false	1.0
stinktier	neg 1.0		neg 0.5686861454536516 off 0.4241274144349635 __DUMMY__ 0.007186440111384975	false	1.0
tucke	off 1.0		neg 0.5632357630101332 off 0.4295521015153412 __DUMMY__ 0.007212135474525549	false	0.5
ein			neg 0.57364551692179 off 0.4190433120999946 __DUMMY__ 0.007311170978215395	false	0.0
abstieg	neg 1.0		neg 0.5799380958688531 off 0.41283604423242765 __DUMMY__ 0.0072258598987191445	false	1.0
missverstehen	neg 1.0		neg 0.5762018400151987 off 0.4165819161291825 __DUMMY__ 0.007216243855618836	false	1.0
ergebnislos	neg 1.0		neg 0.5796644801221773 off 0.4130911042839987 __DUMMY__ 0.0072444155938240235	false	1.0
unter			neg 0.5843670582739117 off 0.4082652803034578 __DUMMY__ 0.007367661422630464	false	0.0
manipulieren	neg 1.0		neg 0.581938371679097 off 0.4108088039976774 __DUMMY__ 0.007252824323225597	false	1.0
unbewiesen	neg 1.0		neg 0.5812003018235353 off 0.41165626685564305 __DUMMY__ 0.0071434313208216796	false	1.0
verschleppen	neg 1.0		neg 0.5804303706220002 off 0.4123364090546895 __DUMMY__ 0.007233220323310259	false	1.0
weib	off 1.0		neg 0.564019855996833 off 0.428802494985043 __DUMMY__ 0.007177649018124032	false	0.5
opposition	neg 1.0		neg 0.5774621277726909 off 0.41535582792663306 __DUMMY__ 0.007182044300676135	false	1.0
verkehrswidrig	neg 1.0		neg 0.5653130574006288 off 0.4274550220075317 __DUMMY__ 0.007231920591839657	false	1.0
inkorrekt	neg 1.0		neg 0.5744667258885258 off 0.41837744108426184 __DUMMY__ 0.007155833027212423	false	1.0
vermeiden	neg 1.0		neg 0.5833849034427885 off 0.4092901438335952 __DUMMY__ 0.007324952723616181	false	1.0
abweichung	neg 1.0		neg 0.5824695286421431 off 0.4103457869485163 __DUMMY__ 0.0071846844093406475	false	1.0
alkoholisiert	neg 1.0		neg 0.5781379929605015 off 0.41458299025224155 __DUMMY__ 0.007279016787256854	false	1.0
scheiss	off 1.0	off 1.0	off 0.6943738447486019 neg 0.30216800037503083 __DUMMY__ 0.003458154876367375	false	1.0
herausforderung	neg 1.0		neg 0.5760118767743213 off 0.4166524383468984 __DUMMY__ 0.007335684878780281	false	1.0
pervers	off 1.0		neg 0.5610484244874997 off 0.4317812865751267 __DUMMY__ 0.007170288937373463	false	0.5
wackelig	neg 1.0		neg 0.5760750294804945 off 0.4165900359327132 __DUMMY__ 0.007334934586792383	false	1.0
verwickeln	neg 1.0		neg 0.5756122737228238 off 0.4171512769131784 __DUMMY__ 0.00723644936399778	false	1.0
vorwand	neg 1.0		neg 0.5831251127262181 off 0.40961744363808955 __DUMMY__ 0.007257443635692271	false	1.0
muschi	off 1.0		neg 0.5773238393138804 off 0.41545077470264374 __DUMMY__ 0.007225385983475855	false	0.5
entmutigung	neg 1.0		neg 0.5800626153082878 off 0.41283034814517755 __DUMMY__ 0.007107036546534502	false	1.0
unangemessen	neg 1.0		neg 0.5813421418461069 off 0.41144254815121933 __DUMMY__ 0.007215310002673699	false	1.0
unstetig	neg 1.0		neg 0.5738476155092742 off 0.4189388521222836 __DUMMY__ 0.007213532368442211	false	1.0
entmutigen	neg 1.0		neg 0.5752206164540976 off 0.4175159607820019 __DUMMY__ 0.007263422763900474	false	1.0
schwanz	neg 1.0		neg 0.5783993335389673 off 0.4143408528818761 __DUMMY__ 0.0072598135791565625	false	1.0
verbot	neg 1.0		neg 0.5809142726398691 off 0.4118871198894064 __DUMMY__ 0.007198607470724445	false	1.0
leid	neg 1.0		neg 0.5663796598031146 off 0.4264102934918441 __DUMMY__ 0.007210046705041247	false	1.0
archaisch	neg 1.0		neg 0.5804078219310793 off 0.4123697059947051 __DUMMY__ 0.0072224720742155146	false	1.0
gegen			neg 0.58306957906706 off 0.40968418453051875 __DUMMY__ 0.007246236402421286	false	0.0
scheidung	neg 1.0	neg 1.0	neg 0.7627879758088434 off 0.2337905568762309 __DUMMY__ 0.003421467314925753	false	1.0
einschlag	neg 1.0		neg 0.5669519000341176 off 0.4258387553391431 __DUMMY__ 0.0072093446267392615	false	1.0
m			neg 0.5768991015082564 off 0.41581680363143175 __DUMMY__ 0.007284094860311915	false	0.0
abgestanden	neg 1.0		neg 0.5754669033878843 off 0.41725453391222384 __DUMMY__ 0.007278562699891781	false	1.0
schmierig	off 1.0		neg 0.5667870171513255 off 0.4259823923862659 __DUMMY__ 0.007230590462408644	false	0.5
unpraktisch	neg 1.0		neg 0.5736017486383665 off 0.41910513247703385 __DUMMY__ 0.007293118884599664	false	1.0
wixxer	off 1.0		neg 0.5619682965669766 off 0.43088608327877786 __DUMMY__ 0.00714562015424577	false	0.5
bezeichnet			neg 0.5789422335692077 off 0.4138320415041827 __DUMMY__ 0.007225724926609578	false	0.0
jammerlappen	off 1.0		neg 0.572197461641911 off 0.4205627502399033 __DUMMY__ 0.007239788118185788	false	0.5
farce	neg 1.0		neg 0.5828190658730852 off 0.41003413989546766 __DUMMY__ 0.007146794231447104	false	1.0
zwecklos	neg 1.0		neg 0.58091299563855 off 0.41185318550287264 __DUMMY__ 0.007233818858577185	false	1.0
turbulent	neg 1.0		neg 0.5690884163185729 off 0.4237127848729409 __DUMMY__ 0.007198798808486373	false	1.0
invasion	neg 1.0		neg 0.5723011772323578 off 0.42043193997186357 __DUMMY__ 0.007266882795778528	false	1.0
schuld	neg 1.0		neg 0.5764712350304705 off 0.4162861057826632 __DUMMY__ 0.007242659186866423	false	1.0
risiko	neg 1.0		neg 0.5712174821659417 off 0.4214974515018937 __DUMMY__ 0.007285066332164618	false	1.0
finster	neg 1.0		neg 0.5745882232692785 off 0.418119447818276 __DUMMY__ 0.007292328912445598	false	1.0
geisteskrank	off 1.0		neg 0.5727043542733489 off 0.4201120582572891 __DUMMY__ 0.0071835874693620344	false	0.5
zusammenbrechen	neg 1.0		neg 0.5774363792724945 off 0.4152813755292924 __DUMMY__ 0.0072822451982129995	false	1.0
ausbeute	neg 1.0		neg 0.577479151950915 off 0.41521420372363615 __DUMMY__ 0.007306644325448774	false	1.0
hinterhalt	neg 1.0		neg 0.5754144153005383 off 0.4173371123846637 __DUMMY__ 0.007248472314798186	false	1.0
kritik	neg 1.0		neg 0.5819693127812909 off 0.4108644911961304 __DUMMY__ 0.007166196022578571	false	1.0
einschrumpfen	neg 1.0		neg 0.5752289681193553 off 0.41759399787934115 __DUMMY__ 0.007177034001303486	false	1.0
riskant	neg 1.0		neg 0.5805759170640037 off 0.41215167309067324 __DUMMY__ 0.0072724098453231505	false	1.0
frustrieren	neg 1.0		neg 0.581379205000839 off 0.4113638723735003 __DUMMY__ 0.007256922625660822	false	1.0
groll	neg 1.0		neg 0.5805111768212772 off 0.4122515055996849 __DUMMY__ 0.007237317579038069	false	1.0
gibt			neg 0.5790607606826581 off 0.41368106229322016 __DUMMY__ 0.0072581770241217656	false	0.0
qualvoll	neg 1.0		neg 0.5733161744710374 off 0.41941391218410573 __DUMMY__ 0.0072699133448568065	false	1.0
wackeln	neg 1.0		neg 0.5733910413939639 off 0.4192969284189615 __DUMMY__ 0.00731203018707455	false	1.0
klagen	neg 1.0		neg 0.583525069459394 off 0.4092250333960498 __DUMMY__ 0.007249897144556338	false	1.0
bankrott	neg 1.0		neg 0.5706589406399061 off 0.4220810523550719 __DUMMY__ 0.007260007005022201	false	1.0
trauern	neg 1.0		neg 0.5802158673906787 off 0.4125118119021169 __DUMMY__ 0.007272320707204317	false	1.0
ablehnung	neg 1.0	neg 1.0	neg 0.7784943194868885 off 0.21807874722387569 __DUMMY__ 0.0034269332892357955	false	1.0
stur	neg 1.0		neg 0.575760112061768 off 0.4169920403044226 __DUMMY__ 0.007247847633809304	false	1.0
aufruhr	neg 1.0		neg 0.5787421492058182 off 0.4140683699745288 __DUMMY__ 0.007189480819652997	false	1.0
melancholie	neg 1.0		neg 0.577193166597057 off 0.4154990389098246 __DUMMY__ 0.0073077944931183	false	1.0
ist			neg 0.5758189908243246 off 0.41693936829046657 __DUMMY__ 0.007241640885208913	false	0.0
torheit	neg 1.0		neg 0.5795126533931777 off 0.41332714423594036 __DUMMY__ 0.007160202370881871	false	1.0
dreckskind	off 1.0		neg 0.5685976015211338 off 0.4242652468924611 __DUMMY__ 0.007137151586405116	false	0.5
umtauschen	neg 1.0		neg 0.5758046603249726 off 0.4169088281468029 __DUMMY__ 0.007286511528224558	false	1.0
zum			neg 0.5805537654211443 off 0.412073845699221 __DUMMY__ 0.00737238887963478	false	0.0
zersetzen	neg 1.0		neg 0.5825761391293796 off 0.4101716775707598 __DUMMY__ 0.00725218329986073	false	1.0
zur			neg 0.5844701200638425 off 0.4082383184397716 __DUMMY__ 0.00729156149638589	false	0.0
frust	neg 1.0		neg 0.5781763392241241 off 0.41455069941162187 __DUMMY__ 0.007272961364254017	false	1.0
unerbittlichkeit	neg 1.0		neg 0.5821691273346783 off 0.41059167042089517 __DUMMY__ 0.0072392022444265685	false	1.0
zwei			neg 0.5800967259288476 off 0.4125637567235586 __DUMMY__ 0.007339517347593836	false	0.0
unkorrekt	neg 1.0		neg 0.5723989554561152 off 0.420422702127838 __DUMMY__ 0.007178342416046696	false	1.0
hexe	off 1.0		neg 0.5709369546730014 off 0.4218198082256095 __DUMMY__ 0.007243237101388986	false	0.5
lasch	neg 1.0		neg 0.5749811926180844 off 0.4178073354719076 __DUMMY__ 0.007211471910007841	false	1.0
rivale	neg 1.0		neg 0.56848924019324 off 0.42431770678432745 __DUMMY__ 0.007193053022432516	false	1.0
mutlos	off 1.0	off 1.0	off 0.687712166150642 neg 0.3088415280586097 __DUMMY__ 0.0034463057907483828	false	1.0
wirr	off 1.0		neg 0.5704019496383029 off 0.4224185042177813 __DUMMY__ 0.007179546143915791	false	0.5
jahr			neg 0.5785263894648911 off 0.4141584896201868 __DUMMY__ 0.007315120914922048	false	0.0
wird			neg 0.5801399470138229 off 0.41259341986493664 __DUMMY__ 0.007266633121240387	false	0.0
strafbar	neg 1.0		neg 0.5826563091502401 off 0.4101250259268475 __DUMMY__ 0.007218664922912284	false	1.0
erosion	neg 1.0		neg 0.5734888463829949 off 0.41922872579814624 __DUMMY__ 0.007282427818858838	false	1.0
eingehen	neg 1.0		neg 0.5809175325226049 off 0.4118396026922432 __DUMMY__ 0.007242864785151955	false	1.0
faul	off 1.0		neg 0.5703511685881595 off 0.4223644851420415 __DUMMY__ 0.0072843462697990205	false	0.5
provisorium	neg 1.0		neg 0.5860979185592426 off 0.40655913774866237 __DUMMY__ 0.007342943692094944	false	1.0
schmerzen	neg 1.0		neg 0.5768573521820948 off 0.415859834603354 __DUMMY__ 0.007282813214551118	false	1.0
schrumpfen	neg 1.0		neg 0.5843433195850932 off 0.4083531682501759 __DUMMY__ 0.007303512164730826	false	1.0
geistlos	off 1.0		neg 0.5783354976402155 off 0.4145174476902602 __DUMMY__ 0.007147054669524255	false	0.5
fehlkauf	neg 1.0		neg 0.5743289592041967 off 0.41844385042472093 __DUMMY__ 0.007227190371082447	false	1.0
frustrierend	neg 1.0	neg 1.0	neg 0.7739030039274968 off 0.22263143033839447 __DUMMY__ 0.0034655657341086873	false	1.0
unzufrieden	neg 1.0		neg 0.5800278774744958 off 0.4127200502536533 __DUMMY__ 0.0072520722718509125	false	1.0
verzweifeln	neg 1.0		neg 0.577133796202483 off 0.4155969088706128 __DUMMY__ 0.007269294926904097	false	1.0
verzweifelt	neg 1.0		neg 0.575733056343201 off 0.41701611139082595 __DUMMY__ 0.00725083226597309	false	1.0
misstrauensantrag	neg 1.0		neg 0.5751499504314872 off 0.4176405656900168 __DUMMY__ 0.007209483878496067	false	1.0
abfallen	neg 1.0		neg 0.5730419187428206 off 0.4196418593827814 __DUMMY__ 0.00731622187439802	false	1.0
fucker	off 1.0		neg 0.5694737819397833 off 0.4233205424219554 __DUMMY__ 0.007205675638261386	false	0.5
ungezogen	neg 1.0		neg 0.5627300449293282 off 0.43007093409389846 __DUMMY__ 0.007199020976773266	false	1.0
irrsinnig	neg 1.0	neg 1.0	neg 0.7761738712562539 off 0.2203724363382642 __DUMMY__ 0.003453692405481872	false	1.0
unfassbar	neg 1.0		neg 0.5717726740534033 off 0.42099161066217905 __DUMMY__ 0.00723571528441757	false	1.0
hart	neg 1.0		neg 0.5724730700378986 off 0.42031845543557944 __DUMMY__ 0.00720847452652205	false	1.0
widerlich	off 1.0		neg 0.5717603039873087 off 0.4210271863376776 __DUMMY__ 0.007212509675013814	false	0.5
fatal	neg 1.0		neg 0.5741907004847843 off 0.4185754210219811 __DUMMY__ 0.0072338784932346545	false	1.0
bruch	neg 1.0		neg 0.5851562207142106 off 0.4076161544604071 __DUMMY__ 0.007227624825382358	false	1.0
aushungern	neg 1.0		neg 0.5790807161663036 off 0.4137269155385967 __DUMMY__ 0.007192368295099578	false	1.0
anspannung	neg 1.0		neg 0.5823020774902635 off 0.41038383730887046 __DUMMY__ 0.007314085200866045	false	1.0
von			neg 0.5794879345872079 off 0.4131944999159399 __DUMMY__ 0.007317565496852241	false	0.0
kraftlos	neg 1.0		neg 0.5773278148688138 off 0.41535450545654873 __DUMMY__ 0.007317679674637307	false	1.0
vom			neg 0.5838260824856025 off 0.40881305586973726 __DUMMY__ 0.0073608616446602364	false	0.0
grenzdebil	off 1.0		neg 0.5698067847082274 off 0.4229446670872677 __DUMMY__ 0.0072485482045048875	false	0.5
vor			neg 0.5815646340651033 off 0.4111322955978579 __DUMMY__ 0.007303070337038841	false	0.0
unterwerfen	neg 1.0		neg 0.5813532243836291 off 0.4114054684043639 __DUMMY__ 0.0072413072120069135	false	1.0
versenkung	neg 1.0		neg 0.5810137745908449 off 0.4117240439294699 __DUMMY__ 0.007262181479685175	false	1.0
entziehen	neg 1.0		neg 0.5836629164684424 off 0.409076380493084 __DUMMY__ 0.007260703038473438	false	1.0
finanzkrise	neg 1.0		neg 0.5799384761794819 off 0.41287995273481576 __DUMMY__ 0.007181571085702378	false	1.0
schimpfend	neg 1.0		neg 0.571405075806074 off 0.42126570274398045 __DUMMY__ 0.0073292214499453895	false	1.0
profan	neg 1.0		neg 0.5746878640726235 off 0.41806401466418114 __DUMMY__ 0.007248121263195358	false	1.0
korruption	neg 1.0		neg 0.5818642747567552 off 0.4109459566736209 __DUMMY__ 0.007189768569624046	false	1.0
â			neg 0.5780720833408556 off 0.4146465812377814 __DUMMY__ 0.007281335421362966	false	0.0
schmutzig	neg 1.0		neg 0.5689428861519975 off 0.42377654584349295 __DUMMY__ 0.007280568004509669	false	1.0
sexy	neg 1.0		neg 0.571860896489282 off 0.4208899946062639 __DUMMY__ 0.007249108904454275	false	1.0
abraten	neg 1.0		neg 0.5743712723205289 off 0.41835286152456164 __DUMMY__ 0.007275866154909354	false	1.0
schwarz	neg 1.0		neg 0.5749558829268245 off 0.4178043653425562 __DUMMY__ 0.0072397517306191875	false	1.0
fotze	off 1.0		neg 0.5790552711019389 off 0.4137096042359473 __DUMMY__ 0.007235124662113853	false	0.5
verwirren	neg 1.0		neg 0.5736310868481509 off 0.41911930913895173 __DUMMY__ 0.0072496040128973	false	1.0
zahnlos	off 1.0		neg 0.5805310462676666 off 0.4122363169512902 __DUMMY__ 0.0072326367810431275	false	0.5
verheeren	neg 1.0		neg 0.5626630427296413 off 0.4301926051024603 __DUMMY__ 0.007144352167898447	false	1.0
hippie	neg 1.0		neg 0.5724386617854448 off 0.4203187571145114 __DUMMY__ 0.007242581100043818	false	1.0
rammen	neg 1.0		neg 0.5728382824014593 off 0.4199018917197008 __DUMMY__ 0.007259825878839738	false	1.0
unlauter	neg 1.0	neg 1.0	neg 0.7752850636798779 off 0.22127079916354114 __DUMMY__ 0.0034441371565809044	false	1.0
unheilvoll	neg 1.0		neg 0.5736499000688224 off 0.41907953106684076 __DUMMY__ 0.007270568864336833	false	1.0
niedrig	neg 1.0		neg 0.579959401605525 off 0.4127919317145726 __DUMMY__ 0.007248666679902536	false	1.0
explosion	neg 1.0		neg 0.5722059997448663 off 0.42053326017011133 __DUMMY__ 0.007260740085022418	false	1.0
weichei	off 1.0		neg 0.5659394530859164 off 0.42685948822774766 __DUMMY__ 0.007201058686335908	false	0.5
minusmensch	off 1.0		neg 0.5640217609197726 off 0.4288572254447952 __DUMMY__ 0.007121013635432199	false	0.5
farblos	neg 1.0		neg 0.5758492791771896 off 0.4169106517853231 __DUMMY__ 0.0072400690374872755	false	1.0
unwissend	neg 1.0	neg 1.0	neg 0.7737613439058354 off 0.22279224930221767 __DUMMY__ 0.003446406791947001	false	1.0
traurig	neg 1.0		neg 0.5681897010666073 off 0.4245701503247557 __DUMMY__ 0.007240148608637056	false	1.0
senkung	neg 1.0		neg 0.5739306708585235 off 0.4188439697906423 __DUMMY__ 0.0072253593508342555	false	1.0
ungleich	neg 1.0	neg 1.0	neg 0.7789500905576708 off 0.21759761862238144 __DUMMY__ 0.0034522908199476725	false	1.0
heikel	neg 1.0		neg 0.5822419924435197 off 0.41049728591840784 __DUMMY__ 0.007260721638072426	false	1.0
drosselung	neg 1.0		neg 0.5671985926570959 off 0.42555294538280053 __DUMMY__ 0.0072484619601036375	false	1.0
falsch	neg 1.0		neg 0.5728832078225155 off 0.41987702732417526 __DUMMY__ 0.0072397648533092844	false	1.0
unzufriedenheit	neg 1.0		neg 0.5828344456923518 off 0.4099132269008874 __DUMMY__ 0.007252327406760952	false	1.0
kurz	neg 1.0		neg 0.5763045222371538 off 0.4163854553073824 __DUMMY__ 0.007310022455463878	false	1.0
unsinnig	neg 1.0		neg 0.5797286997566155 off 0.4130259435824796 __DUMMY__ 0.007245356660904935	false	1.0
penner	off 1.0	off 1.0	off 0.6975537639783574 neg 0.2990065375849192 __DUMMY__ 0.003439698436723385	false	1.0
seicht	neg 1.0		neg 0.5652733130923476 off 0.42757352456199815 __DUMMY__ 0.007153162345654313	false	1.0
dummheit	off 1.0	off 1.0	off 0.6911396943156642 neg 0.3054172785844993 __DUMMY__ 0.00344302709983641	false	1.0
unerfreulich	neg 1.0		neg 0.5823496356007775 off 0.41037619847806783 __DUMMY__ 0.0072741659211547835	false	1.0
motherfucker	off 1.0	off 1.0	off 0.6945433124124839 neg 0.3020163451050274 __DUMMY__ 0.003440342482488716	false	1.0
pikiert	neg 1.0		neg 0.5729589929378809 off 0.4198220835076011 __DUMMY__ 0.0072189235545180195	false	1.0
wrack	neg 1.0		neg 0.5772285521766608 off 0.4154815618202046 __DUMMY__ 0.007289886003134498	false	1.0
gangster	neg 1.0		neg 0.5733578358120759 off 0.41939882037616955 __DUMMY__ 0.007243343811754608	false	1.0
krank	neg 1.0		neg 0.5690042184259648 off 0.42372718436604684 __DUMMY__ 0.007268597207988315	false	1.0
reich	neg 1.0		neg 0.5755136021749776 off 0.4173581483649152 __DUMMY__ 0.007128249460107152	false	1.0
gnadenlos	neg 1.0		neg 0.5758891618858419 off 0.4168593960169978 __DUMMY__ 0.007251442097160229	false	1.0
niedergeschlagen	neg 1.0		neg 0.5777379615081402 off 0.4149883298361101 __DUMMY__ 0.007273708655749736	false	1.0
terrorisieren	off 1.0	off 1.0	off 0.688715024567373 neg 0.30781142774482406 __DUMMY__ 0.0034735476878029877	false	1.0
sinnlosigkeit	neg 1.0		neg 0.580327497775207 off 0.4124362771645335 __DUMMY__ 0.007236225060259393	false	1.0
behindern	neg 1.0		neg 0.5754878146812786 off 0.4172284450274702 __DUMMY__ 0.007283740291251301	false	1.0
undemokratisch	neg 1.0		neg 0.5785300489371744 off 0.41429674146073964 __DUMMY__ 0.007173209602085972	false	1.0
wirtschaftskrise	neg 1.0		neg 0.5809516174689051 off 0.4118378810419956 __DUMMY__ 0.007210501489099285	false	1.0
neid	neg 1.0		neg 0.571746979283618 off 0.4209779509893943 __DUMMY__ 0.007275069726987772	false	1.0
rutschen	neg 1.0		neg 0.5801602412804495 off 0.41246280048758033 __DUMMY__ 0.007376958231970162	false	1.0
rezession	neg 1.0		neg 0.5695839112783642 off 0.42326313157852896 __DUMMY__ 0.0071529571431068984	false	1.0
fehlgeburt	neg 1.0		neg 0.5762302536066713 off 0.41652546490679315 __DUMMY__ 0.007244281486535523	false	1.0
charakterschwach	off 1.0		neg 0.5718155037120541 off 0.4209688677228227 __DUMMY__ 0.007215628565123076	false	0.5
isolation	neg 1.0		neg 0.5707502960484191 off 0.4220024203022074 __DUMMY__ 0.007247283649373537	false	1.0
ablenkung	neg 1.0		neg 0.575487084266945 off 0.4172341541366535 __DUMMY__ 0.007278761596401446	false	1.0
pech	neg 1.0		neg 0.5733460584948409 off 0.4194043498097286 __DUMMY__ 0.007249591695430528	false	1.0
vermeidung	neg 1.0		neg 0.5683528539481132 off 0.42439093432518005 __DUMMY__ 0.007256211726706787	false	1.0
dominieren	neg 1.0		neg 0.5781611539933389 off 0.41458662965355325 __DUMMY__ 0.007252216353108052	false	1.0
schwindlig	neg 1.0		neg 0.5718861111757784 off 0.4208239006392489 __DUMMY__ 0.0072899881849727574	false	1.0
lutscher	neg 1.0		neg 0.5639334792213508 off 0.4289079146298091 __DUMMY__ 0.007158606148840145	false	1.0
pflicht	neg 1.0		neg 0.5827078197949374 off 0.41003677626468465 __DUMMY__ 0.007255403940377941	false	1.0
faschist	off 1.0		neg 0.5776768919533671 off 0.4151566742175466 __DUMMY__ 0.007166433829086405	false	0.5
verschleudern	neg 1.0		neg 0.5813051001151387 off 0.4114765098808932 __DUMMY__ 0.007218390003967973	false	1.0
wenn			neg 0.5725588942897637 off 0.4201941055251931 __DUMMY__ 0.007247000185043179	false	0.0
ehebruch	neg 1.0		neg 0.5815509950541451 off 0.4112228365766254 __DUMMY__ 0.007226168369229466	false	1.0
spott	off 1.0		neg 0.5821864149037718 off 0.41058431140886587 __DUMMY__ 0.007229273687362454	false	0.5
trostlosigkeit	neg 1.0		neg 0.5848770840271241 off 0.40792140212373046 __DUMMY__ 0.007201513849145615	false	1.0
lutschen	neg 1.0		neg 0.5730566293413507 off 0.41973584734722036 __DUMMY__ 0.0072075233114289525	false	1.0
undiszipliniert	neg 1.0		neg 0.5693039080397156 off 0.4234653447787612 __DUMMY__ 0.007230747181523195	false	1.0
kopfschmerz	neg 1.0		neg 0.5771854854096518 off 0.41555454441764256 __DUMMY__ 0.007259970172705732	false	1.0
unvorhergesehen	neg 1.0		neg 0.5761210419928778 off 0.416559722493943 __DUMMY__ 0.007319235513179048	false	1.0
desinteressiert	neg 1.0		neg 0.5705701999027359 off 0.4222183335745084 __DUMMY__ 0.007211466522755665	false	1.0
armselig	off 1.0		neg 0.5700792345585804 off 0.4227241974456691 __DUMMY__ 0.007196567995750471	false	0.5
desaster	neg 1.0		neg 0.5852735161703745 off 0.4074932759976292 __DUMMY__ 0.007233207831996191	false	1.0
tod	neg 1.0		neg 0.5825131640742601 off 0.4102795461416766 __DUMMY__ 0.007207289784063306	false	1.0
herzlos	neg 1.0		neg 0.5676620335145419 off 0.42510475343384746 __DUMMY__ 0.007233213051610613	false	1.0
unwissenheit	neg 1.0		neg 0.5811253901023823 off 0.41165468990935467 __DUMMY__ 0.007219919988262969	false	1.0
widersinnig	neg 1.0		neg 0.5814414973678323 off 0.41137954484563366 __DUMMY__ 0.007178957786533962	false	1.0
bedenklich	neg 1.0		neg 0.581329162642442 off 0.41141669238842854 __DUMMY__ 0.007254144969129444	false	1.0
beanstanden	neg 1.0		neg 0.5828587266047353 off 0.4098805227444058 __DUMMY__ 0.007260750650858817	false	1.0
panisch	neg 1.0	neg 1.0	neg 0.773193908574096 off 0.22330476494772358 __DUMMY__ 0.0035013264781804916	false	1.0
debil	off 1.0		neg 0.5852961186779391 off 0.40742794650702635 __DUMMY__ 0.007275934815034503	false	0.5
abstrich	neg 1.0		neg 0.5739375529377763 off 0.41875956620148025 __DUMMY__ 0.007302880860743451	false	1.0
primitiv	neg 1.0		neg 0.5712897168618285 off 0.42150196157746206 __DUMMY__ 0.007208321560709387	false	1.0
abschaum	off 1.0	off 1.0	off 0.692410627488857 neg 0.3041526787345737 __DUMMY__ 0.0034366937765692735	false	1.0
provozieren	neg 1.0		neg 0.5777743007130195 off 0.41500041429050893 __DUMMY__ 0.0072252849964715435	false	1.0
tot	neg 1.0		neg 0.578622705968932 off 0.4141458451203672 __DUMMY__ 0.007231448910701	false	1.0
instabil	neg 1.0		neg 0.5700164237353681 off 0.42281817395247606 __DUMMY__ 0.007165402312155839	false	1.0
schwuchtel	off 1.0		neg 0.5599287225109473 off 0.4329623315306821 __DUMMY__ 0.007108945958370701	false	0.5
zerren	neg 1.0		neg 0.5776714504469082 off 0.4150502114268983 __DUMMY__ 0.007278338126193681	false	1.0
kinderficker	off 1.0		neg 0.5681250880215267 off 0.4246971430976895 __DUMMY__ 0.007177768880783714	false	0.5
gefahr	neg 1.0		neg 0.5814775879346189 off 0.411287795465239 __DUMMY__ 0.007234616600142093	false	1.0
rabiat	neg 1.0		neg 0.5768534894810179 off 0.4158932201390383 __DUMMY__ 0.007253290379943664	false	1.0
verlangsamung	neg 1.0		neg 0.5658414099223599 off 0.42701023097818347 __DUMMY__ 0.007148359099456609	false	1.0
ausgestorben	neg 1.0		neg 0.5778236425230787 off 0.4149044096650538 __DUMMY__ 0.007271947811867488	false	1.0
anklagen	neg 1.0		neg 0.5788832837986929 off 0.4139005272384469 __DUMMY__ 0.007216188962860353	false	1.0
trott	neg 1.0		neg 0.5759208054413312 off 0.41680842421596237 __DUMMY__ 0.007270770342706454	false	1.0
verminderung	neg 1.0		neg 0.5686712629969026 off 0.4241011442034884 __DUMMY__ 0.007227592799609091	false	1.0
nach			neg 0.5819842140956633 off 0.41067277998933865 __DUMMY__ 0.007343005914998101	false	0.0
rost	neg 1.0		neg 0.5639157421690215 off 0.42890313667965774 __DUMMY__ 0.00718112115132072	false	1.0
destruktiv	neg 1.0		neg 0.5797353577433474 off 0.4130518340161759 __DUMMY__ 0.007212808240476625	false	1.0
unzumutbarkeit	neg 1.0		neg 0.5687207044226734 off 0.42403298802824135 __DUMMY__ 0.007246307549085124	false	1.0
labil	off 1.0	off 1.0	off 0.6933538448573279 neg 0.3032036484019329 __DUMMY__ 0.0034425067407392465	false	1.0
ziemlich	neg 1.0		neg 0.5706984730562746 off 0.4220585126162379 __DUMMY__ 0.0072430143274875335	false	1.0
lachnummer	off 1.0		neg 0.5794948281284674 off 0.4132874237023229 __DUMMY__ 0.007217748169209592	false	0.5
oder			neg 0.5755101646919744 off 0.41720342720554826 __DUMMY__ 0.007286408102477395	false	0.0
verfall	neg 1.0		neg 0.5855251692053653 off 0.4071967970239895 __DUMMY__ 0.007278033770645195	false	1.0
ausgrenzung	neg 1.0		neg 0.577671605213925 off 0.41515459770350255 __DUMMY__ 0.007173797082572339	false	1.0
unordnung	neg 1.0		neg 0.5682472558454453 off 0.4245691666987244 __DUMMY__ 0.0071835774558302225	false	1.0
fehlverhalten	neg 1.0		neg 0.5823064659416454 off 0.4104599018321697 __DUMMY__ 0.007233632226185026	false	1.0
eine			neg 0.5817531439135343 off 0.410955871197809 __DUMMY__ 0.007290984888656664	false	0.0
nille	neg 1.0		neg 0.5781620767910309 off 0.4146239584144278 __DUMMY__ 0.007213964794541376	false	1.0
qual	neg 1.0		neg 0.5761882852150969 off 0.41654483027447103 __DUMMY__ 0.007266884510432023	false	1.0
verschwenden	neg 1.0		neg 0.5808361267664833 off 0.4119016688587438 __DUMMY__ 0.007262204374772849	false	1.0
riesig	neg 1.0		neg 0.5773132110939649 off 0.4154248951133641 __DUMMY__ 0.007261893792671069	false	1.0
verurteilen	neg 1.0		neg 0.5811080123724731 off 0.4116776715574702 __DUMMY__ 0.007214316070056524	false	1.0
klischee	neg 1.0	neg 1.0	neg 0.7750788805235419 off 0.2214813085599787 __DUMMY__ 0.003439810916479387	false	1.0
diktatorisch	neg 1.0		neg 0.5797300059122434 off 0.4131200906238464 __DUMMY__ 0.007149903463910062	false	1.0
vorhersehbar	neg 1.0		neg 0.5767517711035145 off 0.4160458477196966 __DUMMY__ 0.0072023811767889506	false	1.0
sowie			neg 0.5671352492369234 off 0.42570515526351077 __DUMMY__ 0.007159595499565913	false	0.0
stornieren	neg 1.0		neg 0.572244367800388 off 0.4204761344857669 __DUMMY__ 0.0072794977138451065	false	1.0
besteuerung	neg 1.0		neg 0.576192656148497 off 0.41658331590818515 __DUMMY__ 0.007224027943317924	false	1.0
ungeschminkt	neg 1.0		neg 0.5707842531472664 off 0.4219941444161852 __DUMMY__ 0.007221602436548474	false	1.0
kritisch	neg 1.0		neg 0.5820316142010542 off 0.4107368723921597 __DUMMY__ 0.0072315134067861015	false	1.0
schlamperei	off 1.0		neg 0.5812095950007196 off 0.4115602853578836 __DUMMY__ 0.007230119641396804	false	0.5
sucht	neg 1.0	neg 1.0	neg 0.7723905428230955 off 0.22410667680916435 __DUMMY__ 0.003502780367740115	false	1.0
egoistisch	off 1.0		neg 0.5660591983941151 off 0.426736656713043 __DUMMY__ 0.007204144892842052	false	0.5
ausbeuter	off 1.0		neg 0.5833703065332642 off 0.4094098806312058 __DUMMY__ 0.007219812835529978	false	0.5
arschgeburt	off 1.0		neg 0.5601117783424119 off 0.4327794125630581 __DUMMY__ 0.007108809094529895	false	0.5
schubs	neg 1.0	neg 1.0	neg 0.7761473017674644 off 0.2203569319693843 __DUMMY__ 0.0034957662631513076	false	1.0
unsolide	neg 1.0		neg 0.5767544279831481 off 0.41612112569057347 __DUMMY__ 0.0071244463262783286	false	1.0
beschwerde	neg 1.0		neg 0.5802372234226756 off 0.41253184467719284 __DUMMY__ 0.007230931900131638	false	1.0
stocken	neg 1.0		neg 0.5792300638492719 off 0.413504050786632 __DUMMY__ 0.007265885364096174	false	1.0
isolieren	neg 1.0		neg 0.5759721013364894 off 0.4167408226531876 __DUMMY__ 0.007287076010322893	false	1.0
unheilbar	neg 1.0		neg 0.5769050201283838 off 0.4158587512760604 __DUMMY__ 0.00723622859555574	false	1.0
pisser	off 1.0		neg 0.5692153255984426 off 0.42360210241853397 __DUMMY__ 0.007182571983023504	false	0.5
löschen	neg 1.0		neg 0.5756880907475548 off 0.4170687428666202 __DUMMY__ 0.007243166385824967	false	1.0
durchfallen	neg 1.0		neg 0.5804409580667325 off 0.41230027107462675 __DUMMY__ 0.007258770858640859	false	1.0
wichser	off 1.0		neg 0.5619980433869599 off 0.43083061904471187 __DUMMY__ 0.00717133756832836	false	0.5
terror	neg 1.0		neg 0.5711699826703457 off 0.4215572184590257 __DUMMY__ 0.007272798870628438	false	1.0
krass	neg 1.0		neg 0.5678457307852077 off 0.42493808381793513 __DUMMY__ 0.007216185396857168	false	1.0
revolte	neg 1.0	neg 1.0	neg 0.7763943159783757 off 0.22019945973825522 __DUMMY__ 0.0034062242833690424	false	1.0
besorgt	neg 1.0		neg 0.5755625118052076 off 0.41711426644816585 __DUMMY__ 0.007323221746626566	false	1.0
nachlassen	neg 1.0		neg 0.5780424571849052 off 0.4146783416470636 __DUMMY__ 0.007279201168031347	false	1.0
alt	neg 1.0		neg 0.5784740664187052 off 0.4142135537586568 __DUMMY__ 0.007312379822637884	false	1.0
hundesohn	off 1.0		neg 0.5643621128276493 off 0.4285002418354973 __DUMMY__ 0.007137645336853432	false	0.5
als			neg 0.5784021482055031 off 0.41431504142254183 __DUMMY__ 0.007282810371955244	false	0.0
abschreckung	neg 1.0		neg 0.5832490421177656 off 0.4095053323497799 __DUMMY__ 0.007245625532454621	false	1.0
unqualifiziert	neg 1.0		neg 0.57580256812412 off 0.41698458098525554 __DUMMY__ 0.007212850890624417	false	1.0
abgewichst	off 1.0		neg 0.5781414173117697 off 0.41461715099328 __DUMMY__ 0.007241431694950195	false	0.5
schwer	neg 1.0		neg 0.5768244570053219 off 0.41590545535520657 __DUMMY__ 0.007270087639471623	false	1.0
bedeutungslosigkeit	neg 1.0		neg 0.583018606197007 off 0.40974627803423636 __DUMMY__ 0.007235115768756756	false	1.0
kapitulation	neg 1.0		neg 0.5832437902990474 off 0.4095819362353033 __DUMMY__ 0.007174273465649393	false	1.0
unscharf	neg 1.0		neg 0.5735084716989906 off 0.41924831597131557 __DUMMY__ 0.007243212329693905	false	1.0
schwinden	neg 1.0		neg 0.5813067079099363 off 0.4114309089142669 __DUMMY__ 0.007262383175796754	false	1.0
versklavung	neg 1.0	neg 1.0	neg 0.7770624344209855 off 0.21951473550779577 __DUMMY__ 0.003422830071218672	false	1.0
schlecht	neg 1.0		neg 0.570020005159069 off 0.4227303006773419 __DUMMY__ 0.007249694163588962	false	1.0
verhasst	neg 1.0		neg 0.578154003215655 off 0.41463059901788407 __DUMMY__ 0.007215397766460892	false	1.0
beschweren	neg 1.0		neg 0.5747098354557685 off 0.41802915953064473 __DUMMY__ 0.007261005013586902	false	1.0
scheiden	neg 1.0		neg 0.5770631092319172 off 0.41567584391876866 __DUMMY__ 0.007261046849314179	false	1.0
frustriert	neg 1.0		neg 0.5783502679331072 off 0.41438835997297196 __DUMMY__ 0.007261372093920867	false	1.0
schimmelig	neg 1.0		neg 0.5803920484876779 off 0.4123579455144911 __DUMMY__ 0.007250005997830917	false	1.0
fisch	neg 1.0	neg 1.0	neg 0.7760493280900873 off 0.2204540425282354 __DUMMY__ 0.0034966293816772707	false	1.0
schmuggel	neg 1.0		neg 0.5800385391283099 off 0.41266145553120664 __DUMMY__ 0.007300005340483451	false	1.0
auffallen	neg 1.0		neg 0.5744493219213401 off 0.41829735643878374 __DUMMY__ 0.007253321639876116	false	1.0
konkurrenz	neg 1.0		neg 0.5813985576304176 off 0.41130788905407006 __DUMMY__ 0.0072935533155123996	false	1.0
teufelskreis	neg 1.0		neg 0.5789054277680571 off 0.41385253079711487 __DUMMY__ 0.0072420414348281364	false	1.0
aufschreien	neg 1.0		neg 0.5759651804797522 off 0.41681451728668234 __DUMMY__ 0.007220302233565503	false	1.0
schuldner	neg 1.0		neg 0.5822384208890601 off 0.41053729648135684 __DUMMY__ 0.0072242826295830795	false	1.0
missgeburt	off 1.0	off 1.0	off 0.696288183921851 neg 0.3002894598441414 __DUMMY__ 0.003422356234007507	false	1.0
arbeitslos	neg 1.0		neg 0.5800755960260363 off 0.41268215688186083 __DUMMY__ 0.007242247092102745	false	1.0
befallen	neg 1.0		neg 0.5819830940118846 off 0.4108279217911173 __DUMMY__ 0.007188984196998068	false	1.0
miesepetrig	off 1.0		neg 0.5700334003747627 off 0.4227099995551207 __DUMMY__ 0.007256600070116657	false	0.5
alarmieren	neg 1.0		neg 0.5729664782547257 off 0.4198329074616045 __DUMMY__ 0.007200614283669894	false	1.0
ungeduscht	off 1.0		neg 0.5731308554664963 off 0.41962046688247945 __DUMMY__ 0.007248677651024373	false	0.5
knappheit	neg 1.0		neg 0.5794330401864635 off 0.41332472819002725 __DUMMY__ 0.0072422316235092885	false	1.0
schlange	neg 1.0		neg 0.5738837095695641 off 0.41883306556671557 __DUMMY__ 0.007283224863720241	false	1.0
harsch	neg 1.0		neg 0.5636725202345018 off 0.42909875877047426 __DUMMY__ 0.007228720995023915	false	1.0
lang	neg 1.0		neg 0.5751503200643375 off 0.4175962460467679 __DUMMY__ 0.007253433888894383	false	1.0
ziellos	neg 1.0		neg 0.5793406834109286 off 0.4133863605454616 __DUMMY__ 0.0072729560436099175	false	1.0
selbstverliebt	neg 1.0		neg 0.5628144700704982 off 0.4300634106805259 __DUMMY__ 0.00712211924897594	false	1.0
beseitigen	neg 1.0		neg 0.5735010847479258 off 0.4192061255606962 __DUMMY__ 0.0072927896913779254	false	1.0
dumm	off 1.0		neg 0.5659763338046644 off 0.42683686570687274 __DUMMY__ 0.007186800488462793	false	0.5
arbeitsloser	neg 1.0		neg 0.5807793916774521 off 0.4119725830323094 __DUMMY__ 0.00724802529023846	false	1.0
blitzen	neg 1.0		neg 0.5733095413102035 off 0.4194625510660464 __DUMMY__ 0.0072279076237502125	false	1.0
hilflos	neg 1.0		neg 0.5785542121136324 off 0.41417976396613554 __DUMMY__ 0.007266023920231997	false	1.0
eklig	off 1.0		neg 0.5655823233458207 off 0.4272473300092327 __DUMMY__ 0.007170346644946541	false	0.5
begriff			neg 0.5789857598763863 off 0.4137685228162392 __DUMMY__ 0.007245717307374442	false	0.0
hungersnot	neg 1.0		neg 0.5806820820062667 off 0.4121498524296118 __DUMMY__ 0.00716806556412164	false	1.0
ungesetzlich	neg 1.0		neg 0.5776010008182778 off 0.4152358467783294 __DUMMY__ 0.007163152403392785	false	1.0
verschwendung	neg 1.0		neg 0.5817659550954222 off 0.4109696272707192 __DUMMY__ 0.007264417633858815	false	1.0
schmerzvoll	neg 1.0		neg 0.5748270385292342 off 0.41791403593430404 __DUMMY__ 0.007258925536461699	false	1.0
vorzeitig	neg 1.0		neg 0.5705195931706479 off 0.4222401301819104 __DUMMY__ 0.007240276647441779	false	1.0
unvollkommenheit	neg 1.0		neg 0.5765707290986469 off 0.4161798314274181 __DUMMY__ 0.007249439473934854	false	1.0
intervenieren	neg 1.0		neg 0.5833029039081178 off 0.40948672587911017 __DUMMY__ 0.007210370212772061	false	1.0
banause	off 1.0		neg 0.5643918389295769 off 0.42845092557988373 __DUMMY__ 0.007157235490539212	false	0.5
rebell	neg 1.0		neg 0.5814738648945939 off 0.411239843437399 __DUMMY__ 0.007286291668006985	false	1.0
unlogisch	neg 1.0		neg 0.5693751533452223 off 0.42341969173586597 __DUMMY__ 0.00720515491891172	false	1.0
leiden	neg 1.0	neg 1.0	neg 0.7762391197851086 off 0.2202288805838717 __DUMMY__ 0.0035319996310197465	false	1.0
abschaffung	neg 1.0		neg 0.5772825190295797 off 0.4155077491337876 __DUMMY__ 0.0072097318366325935	false	1.0
sturz	neg 1.0		neg 0.5769675742327393 off 0.4158311392570139 __DUMMY__ 0.0072012865102469	false	1.0
verkleinerung	neg 1.0		neg 0.5747602027854382 off 0.41805788755434564 __DUMMY__ 0.007181909660216196	false	1.0
schmarotzer	off 1.0		neg 0.5814553204262607 off 0.4113215710166344 __DUMMY__ 0.007223108557104774	false	0.5
bestrafung	neg 1.0		neg 0.5763285223149571 off 0.41643729075286173 __DUMMY__ 0.007234186932181085	false	1.0
achtlos	neg 1.0		neg 0.5762239969394553 off 0.4164932903140321 __DUMMY__ 0.007282712746512616	false	1.0
ungeheuer	neg 1.0		neg 0.5749425727373525 off 0.41782353201578787 __DUMMY__ 0.0072338952468595395	false	1.0
