unsolidarisch	neg 1.0		__DUMMY__ 0.4693958152776876 neg 0.3114640383965077 off 0.2191401463258046	false	1.0
nachteilig	neg 1.0		__DUMMY__ 0.4755555906067002 neg 0.30741000124831286 off 0.21703440814498692	false	1.0
skeptisch	neg 1.0		__DUMMY__ 0.477029591839621 neg 0.30865351532115937 off 0.21431689283921956	false	1.0
schrecklich	neg 1.0		__DUMMY__ 0.4735027190587497 neg 0.2976336882208804 off 0.22886359272036977	false	1.0
schlapp	neg 1.0		__DUMMY__ 0.47687511249505404 neg 0.2982553740002568 off 0.22486951350468923	false	1.0
abfall	neg 1.0		__DUMMY__ 0.4775347717398462 neg 0.3098950034632382 off 0.21257022479691576	false	1.0
widerspenstig	neg 1.0		__DUMMY__ 0.47800045766967303 neg 0.3019992580397184 off 0.22000028429060875	false	1.0
abrupt	neg 1.0		__DUMMY__ 0.4786146957001195 neg 0.30282295959893074 off 0.21856234470094965	false	1.0
unwirksam	neg 1.0		__DUMMY__ 0.4716196316175778 neg 0.3084008486245337 off 0.2199795197578886	false	1.0
angreifen	neg 1.0		__DUMMY__ 0.4756024315696556 neg 0.3088965131581184 off 0.2155010552722261	false	1.0
inkonsistent	neg 1.0		__DUMMY__ 0.4741106041492399 neg 0.3037969745698123 off 0.22209242128094794	false	1.0
abrutschen	neg 1.0		__DUMMY__ 0.4784290696790594 neg 0.308608957714657 off 0.2129619726062836	false	1.0
unsicher	neg 1.0		__DUMMY__ 0.47672167572457724 neg 0.30335901820405503 off 0.21991930607136775	false	1.0
bauernkind	off 1.0		__DUMMY__ 0.46965213626300323 neg 0.2985578392416196 off 0.2317900244953773	false	0.5
angreifer	neg 1.0		__DUMMY__ 0.4728295006046205 neg 0.30424371098074643 off 0.22292678841463315	false	1.0
trennen	neg 1.0		__DUMMY__ 0.48006570318316477 neg 0.30411691920194156 off 0.21581737761489364	false	1.0
schmutz	neg 1.0		__DUMMY__ 0.47965492179063884 neg 0.2935734588578008 off 0.22677161935156043	false	1.0
inkonsistenz	neg 1.0	neg 1.0	neg 0.6426811373058453 __DUMMY__ 0.2307297227573396 off 0.12658913993681506	false	1.0
erschreckend	neg 1.0		__DUMMY__ 0.47511733305083875 neg 0.30666301486810643 off 0.21821965208105487	false	1.0
ertrinken	neg 1.0		__DUMMY__ 0.47825748204252383 neg 0.3050338647042912 off 0.21670865325318484	false	1.0
pickelface	off 1.0		__DUMMY__ 0.4741278144045864 neg 0.3051600926109471 off 0.22071209298446642	false	0.5
seiner			__DUMMY__ 0.47665944955951056 neg 0.3078175672592226 off 0.21552298318126684	false	0.0
lauch	neg 1.0		__DUMMY__ 0.47743812651974726 neg 0.308382457332694 off 0.21417941614755862	false	1.0
unwichtig	neg 1.0		__DUMMY__ 0.4742339527750467 neg 0.30141929590913913 off 0.22434675131581416	false	1.0
steuerhinterziehung	neg 1.0		__DUMMY__ 0.4720220853207118 neg 0.3095398015823506 off 0.2184381130969376	false	1.0
schock	neg 1.0		__DUMMY__ 0.478782278818635 neg 0.30261524874485524 off 0.21860247243650985	false	1.0
beule	neg 1.0		__DUMMY__ 0.47649299524536065 neg 0.2972058404009424 off 0.22630116435369707	false	1.0
vergelten	neg 1.0		__DUMMY__ 0.47113165369613336 neg 0.2988254825707402 off 0.2300428637331265	false	1.0
verdorbenheit	neg 1.0		__DUMMY__ 0.4782221586831521 neg 0.2997187160293928 off 0.22205912528745508	false	1.0
trauma	neg 1.0		__DUMMY__ 0.4752553444751708 neg 0.30293540345780445 off 0.22180925206702487	false	1.0
sinnlos	neg 1.0		__DUMMY__ 0.47528061908683383 neg 0.3027201102362798 off 0.22199927067688624	false	1.0
fettsack	off 1.0	off 1.0	off 0.6011588509074542 __DUMMY__ 0.22954411856661816 neg 0.1692970305259276	false	1.0
feige	off 1.0		__DUMMY__ 0.4728731561598754 neg 0.30348335955493455 off 0.22364348428519018	false	0.5
abdanken	neg 1.0		__DUMMY__ 0.47021435015237983 neg 0.3116377561492624 off 0.2181478936983577	false	1.0
wichtigtuer	off 1.0	off 1.0	off 0.5956640652808475 __DUMMY__ 0.23071586885142872 neg 0.17362006586772377	false	1.0
misslingen	neg 1.0		__DUMMY__ 0.47828259804696255 neg 0.29888783985989936 off 0.22282956209313812	false	1.0
untreu	off 1.0		__DUMMY__ 0.474549907807101 neg 0.300139449816803 off 0.2253106423760959	false	0.5
missmutig	neg 1.0		__DUMMY__ 0.4765569854890832 neg 0.29927855270609866 off 0.22416446180481797	false	1.0
hurenbock	off 1.0		__DUMMY__ 0.47888542965067166 neg 0.29871386487170265 off 0.22240070547762567	false	0.5
betrunken	neg 1.0		__DUMMY__ 0.4756197308619182 neg 0.2972141119480307 off 0.22716615719005104	false	1.0
korrupt	off 1.0		__DUMMY__ 0.47140874018694817 neg 0.3118958887777466 off 0.21669537103530528	false	0.5
unmut	neg 1.0		__DUMMY__ 0.47673560358750505 neg 0.3099055161514429 off 0.213358880261052	false	1.0
hackfresse	off 1.0		__DUMMY__ 0.47224506591056636 neg 0.295396605656172 off 0.23235832843326173	false	0.5
aufblasen	neg 1.0		__DUMMY__ 0.47756927986760805 neg 0.3007907373958301 off 0.22163998273656182	false	1.0
gewaltsam	neg 1.0		__DUMMY__ 0.4725394151706285 neg 0.3069264406787427 off 0.22053414415062889	false	1.0
unbeliebtheit	neg 1.0		__DUMMY__ 0.4671486187757845 neg 0.30759442128185643 off 0.22525695994235898	false	1.0
sturheit	neg 1.0		__DUMMY__ 0.47323098333927077 neg 0.30882037616303626 off 0.21794864049769294	false	1.0
kuh	neg 1.0		__DUMMY__ 0.4736413874183997 neg 0.3051215360537442 off 0.22123707652785612	false	1.0
erschrecken	neg 1.0		__DUMMY__ 0.476210323960501 neg 0.30001504086025166 off 0.22377463517924745	false	1.0
opfer	neg 1.0	neg 1.0	neg 0.6449099204698174 __DUMMY__ 0.23232808785414913 off 0.12276199167603336	false	1.0
sinken	neg 1.0		__DUMMY__ 0.47712350216480653 neg 0.3086329274014222 off 0.21424357043377132	false	1.0
stinktier	neg 1.0		__DUMMY__ 0.4715869069479985 neg 0.2994861424900865 off 0.22892695056191495	false	1.0
tucke	off 1.0		__DUMMY__ 0.4732094485069321 neg 0.29355636463794016 off 0.23323418685512784	false	0.5
ein			__DUMMY__ 0.4791484544389703 neg 0.29967223347675337 off 0.2211793120842763	false	0.0
abstieg	neg 1.0		__DUMMY__ 0.47399968390907904 neg 0.30828550860575593 off 0.21771480748516517	false	1.0
missverstehen	neg 1.0		__DUMMY__ 0.4732970391789675 neg 0.3052969486910728 off 0.22140601212995978	false	1.0
ergebnislos	neg 1.0		__DUMMY__ 0.47510418206409 neg 0.3073849161572326 off 0.21751090177867738	false	1.0
unter			__DUMMY__ 0.4825390250645656 neg 0.3075105261835569 off 0.20995044875187738	false	0.0
manipulieren	neg 1.0		__DUMMY__ 0.47556343896908004 neg 0.3091937215414396 off 0.21524283948948042	false	1.0
unbewiesen	neg 1.0		__DUMMY__ 0.4689304872032286 neg 0.31232091593915023 off 0.21874859685762105	false	1.0
verschleppen	neg 1.0		__DUMMY__ 0.474447834660832 neg 0.3084551813511703 off 0.21709698398799782	false	1.0
weib	off 1.0		__DUMMY__ 0.4710384941189452 neg 0.29548134446254165 off 0.2334801614185131	false	0.5
opposition	neg 1.0		__DUMMY__ 0.4712674571416621 neg 0.30773360704591785 off 0.22099893581242017	false	1.0
verkehrswidrig	neg 1.0		__DUMMY__ 0.47441654789370236 neg 0.29475247773740354 off 0.23083097436889416	false	1.0
inkorrekt	neg 1.0		__DUMMY__ 0.4697002257933786 neg 0.30575067236562103 off 0.2245491018410004	false	1.0
vermeiden	neg 1.0		__DUMMY__ 0.4799757065282471 neg 0.3080822621000974 off 0.21194203137165538	false	1.0
abweichung	neg 1.0		__DUMMY__ 0.47146094681160833 neg 0.3121000691430997 off 0.216438984045292	false	1.0
alkoholisiert	neg 1.0		__DUMMY__ 0.47731919345762597 neg 0.304902536277052 off 0.21777827026532207	false	1.0
scheiss	off 1.0	off 1.0	off 0.5987166592779981 __DUMMY__ 0.23158701638220708 neg 0.16969632433979484	false	1.0
herausforderung	neg 1.0		__DUMMY__ 0.48068910102938955 neg 0.3008165766308914 off 0.21849432233971902	false	1.0
pervers	off 1.0		__DUMMY__ 0.4705806248132503 neg 0.292998106302261 off 0.23642126888448864	false	0.5
wackelig	neg 1.0		__DUMMY__ 0.4805413819692478 neg 0.30111296852434916 off 0.21834564950640306	false	1.0
verwickeln	neg 1.0		__DUMMY__ 0.47452376211545894 neg 0.3040359250935666 off 0.22144031279097443	false	1.0
vorwand	neg 1.0		__DUMMY__ 0.47581662022289467 neg 0.31017131037321316 off 0.21401206940389209	false	1.0
muschi	off 1.0		__DUMMY__ 0.4739078800701726 neg 0.30596920669899447 off 0.22012291323083275	false	0.5
entmutigung	neg 1.0		__DUMMY__ 0.4667473347949235 neg 0.31254777792220023 off 0.22070488728287646	false	1.0
unangemessen	neg 1.0		__DUMMY__ 0.47324999616198204 neg 0.31001074636727427 off 0.21673925747074352	false	1.0
unstetig	neg 1.0		__DUMMY__ 0.47331181735547634 neg 0.3031950946220892 off 0.2234930880224344	false	1.0
entmutigen	neg 1.0		__DUMMY__ 0.47619875879639084 neg 0.3027268722893067 off 0.22107436891430243	false	1.0
schwanz	neg 1.0		__DUMMY__ 0.4760524249099426 neg 0.305764652270846 off 0.21818292281921145	false	1.0
verbot	neg 1.0		__DUMMY__ 0.47230552070591614 neg 0.31010877573633355 off 0.21758570355775023	false	1.0
leid	neg 1.0		__DUMMY__ 0.4729570619144852 neg 0.2965495981498607 off 0.23049333993565405	false	1.0
archaisch	neg 1.0		__DUMMY__ 0.4737008765695059 neg 0.3089257413165287 off 0.2173733821139654	false	1.0
gegen			__DUMMY__ 0.47517447263498425 neg 0.31044500071610814 off 0.21438052664890753	false	0.0
scheidung	neg 1.0	neg 1.0	neg 0.6316656428108013 __DUMMY__ 0.22922534634470973 off 0.13910901084448893	false	1.0
einschlag	neg 1.0		__DUMMY__ 0.47298059323601954 neg 0.2970022820336549 off 0.23001712473032573	false	1.0
m			__DUMMY__ 0.47739374616001634 neg 0.3036436836960603 off 0.21896257014392342	false	0.0
abgestanden	neg 1.0		__DUMMY__ 0.4772346835942649 neg 0.3025690167706192 off 0.22019629963511606	false	1.0
schmierig	off 1.0		__DUMMY__ 0.47420135180020684 neg 0.2962067381211998 off 0.2295919100785932	false	0.5
unpraktisch	neg 1.0		__DUMMY__ 0.47800346256534276 neg 0.300307218219918 off 0.2216893192147391	false	1.0
wixxer	off 1.0		__DUMMY__ 0.46907879672991193 neg 0.2947199011091205 off 0.23620130216096755	false	0.5
bezeichnet			__DUMMY__ 0.47387964787117115 neg 0.30745555556877735 off 0.21866479656005164	false	0.0
jammerlappen	off 1.0		__DUMMY__ 0.4747180862488806 neg 0.3008256506294564 off 0.22445626312166297	false	0.5
farce	neg 1.0		__DUMMY__ 0.46914482740034086 neg 0.3137110872983746 off 0.2171440853012845	false	1.0
zwecklos	neg 1.0		__DUMMY__ 0.4743508355519348 neg 0.30900691273908554 off 0.21664225170897972	false	1.0
turbulent	neg 1.0		__DUMMY__ 0.4724625713258074 neg 0.2992748160002677 off 0.22826261267392484	false	1.0
invasion	neg 1.0		__DUMMY__ 0.476367179763685 neg 0.2999774922968289 off 0.22365532793948614	false	1.0
schuld	neg 1.0		__DUMMY__ 0.4748823269523596 neg 0.3046267054438156 off 0.22049096760382486	false	1.0
risiko	neg 1.0		__DUMMY__ 0.47764360606231726 neg 0.29817388536923795 off 0.2241825085684448	false	1.0
finster	neg 1.0		__DUMMY__ 0.4780008430298615 neg 0.3013015532856564 off 0.2206976036844821	false	1.0
geisteskrank	off 1.0		__DUMMY__ 0.47131746585988066 neg 0.3032187864759166 off 0.22546374766420277	false	0.5
zusammenbrechen	neg 1.0		__DUMMY__ 0.4772815609747721 neg 0.30414593389104255 off 0.21857250513418536	false	1.0
ausbeute	neg 1.0		__DUMMY__ 0.478941621436359 neg 0.30332900115181477 off 0.2177293774118262	false	1.0
hinterhalt	neg 1.0		__DUMMY__ 0.475450844923553 neg 0.30336968557348437 off 0.2211794695029626	false	1.0
kritik	neg 1.0		__DUMMY__ 0.4703243550135725 neg 0.3122333728328715 off 0.21744227215355602	false	1.0
einschrumpfen	neg 1.0		__DUMMY__ 0.4709748479317241 neg 0.30577112457466515 off 0.2232540274936106	false	1.0
riskant	neg 1.0		__DUMMY__ 0.47669302179640916 neg 0.30735132220659833 off 0.2159556559969925	false	1.0
frustrieren	neg 1.0		__DUMMY__ 0.4757548091850594 neg 0.30863577421950605 off 0.21560941659543462	false	1.0
groll	neg 1.0		__DUMMY__ 0.47460563366437275 neg 0.3084529800153669 off 0.21694138632026036	false	1.0
gibt			__DUMMY__ 0.4758113243882607 neg 0.3064793455778579 off 0.2177093300338814	false	0.0
qualvoll	neg 1.0		__DUMMY__ 0.47659232928821477 neg 0.3008378838333484 off 0.22256978687843668	false	1.0
wackeln	neg 1.0		__DUMMY__ 0.4791310854031801 neg 0.2994207547148224 off 0.22144815988199756	false	1.0
klagen	neg 1.0		__DUMMY__ 0.47540337116474674 neg 0.310751499301426 off 0.21384512953382742	false	1.0
bankrott	neg 1.0		__DUMMY__ 0.4759749762752584 neg 0.29876234196195095 off 0.2252626817627908	false	1.0
trauern	neg 1.0		__DUMMY__ 0.47679115636521296 neg 0.3069389619819962 off 0.2162698816527907	false	1.0
ablehnung	neg 1.0	neg 1.0	neg 0.6469434679429283 __DUMMY__ 0.22954319699863612 off 0.12351333505843551	false	1.0
stur	neg 1.0		__DUMMY__ 0.47520459377806495 neg 0.30378977531762474 off 0.2210056309043103	false	1.0
aufruhr	neg 1.0		__DUMMY__ 0.4717679519235652 neg 0.30849159241708296 off 0.21974045565935196	false	1.0
melancholie	neg 1.0		__DUMMY__ 0.4789389909221997 neg 0.30307073607020396 off 0.21799027300759616	false	1.0
ist			__DUMMY__ 0.4748074845858979 neg 0.304129106440487 off 0.22106340897361512	false	0.0
torheit	neg 1.0		__DUMMY__ 0.4699656683733563 neg 0.31019619754165545 off 0.2198381340849883	false	1.0
dreckskind	off 1.0		__DUMMY__ 0.4685593096549023 neg 0.3011330128888931 off 0.23030767745620445	false	0.5
umtauschen	neg 1.0		__DUMMY__ 0.4776227456274096 neg 0.3026077770639166 off 0.21976947730867372	false	1.0
zum			__DUMMY__ 0.4828571984199697 neg 0.30384908029234137 off 0.21329372128768895	false	0.0
zersetzen	neg 1.0		__DUMMY__ 0.47549848411815515 neg 0.30985353537622035 off 0.21464798050562436	false	1.0
zur			__DUMMY__ 0.4779259881581637 neg 0.31021343692251896 off 0.2118605749193173	false	0.0
frust	neg 1.0		__DUMMY__ 0.47671578194574726 neg 0.3051435759325187 off 0.218140642121734	false	1.0
unerbittlichkeit	neg 1.0		__DUMMY__ 0.47472524141019495 neg 0.3098973640033308 off 0.21537739458647434	false	1.0
zwei			__DUMMY__ 0.480823226943564 neg 0.30462251083027875 off 0.2145542622261574	false	0.0
unkorrekt	neg 1.0		__DUMMY__ 0.47110744037047586 neg 0.303069953171795 off 0.225822606457729	false	1.0
hexe	off 1.0		__DUMMY__ 0.47506455219990584 neg 0.29958517346443897 off 0.22535027433565522	false	0.5
lasch	neg 1.0		__DUMMY__ 0.4730362929403706 neg 0.30430596671042726 off 0.22265774034920213	false	1.0
rivale	neg 1.0		__DUMMY__ 0.4719886284376954 neg 0.2990276842297054 off 0.22898368733259922	false	1.0
mutlos	off 1.0	off 1.0	off 0.5926361504665167 __DUMMY__ 0.23079071850343363 neg 0.17657313103004973	false	1.0
wirr	off 1.0		__DUMMY__ 0.47119596792753715 neg 0.30124082064857116 off 0.22756321142389171	false	0.5
jahr			__DUMMY__ 0.47939695016531514 neg 0.3039970544094047 off 0.2166059954252802	false	0.0
wird			__DUMMY__ 0.4763277637268472 neg 0.3072142624296573 off 0.21645797384349538	false	0.0
strafbar	neg 1.0		__DUMMY__ 0.473482047132251 neg 0.31105708529633147 off 0.21546086757141764	false	1.0
erosion	neg 1.0		__DUMMY__ 0.4773192880769605 neg 0.30054197444792347 off 0.22213873747511598	false	1.0
eingehen	neg 1.0		__DUMMY__ 0.47489162826358694 neg 0.3086927875585736 off 0.2164155841778394	false	1.0
faul	off 1.0		__DUMMY__ 0.47747844507857606 neg 0.29762958622100605 off 0.2248919687004179	false	0.5
provisorium	neg 1.0		__DUMMY__ 0.4810346480037605 neg 0.31002096531231677 off 0.20894438668392268	false	1.0
schmerzen	neg 1.0		__DUMMY__ 0.4773964192728789 neg 0.3037145816877771 off 0.218888999039344	false	1.0
schrumpfen	neg 1.0		__DUMMY__ 0.4786723780744466 neg 0.3096542750153202 off 0.21167334691023304	false	1.0
geistlos	off 1.0		__DUMMY__ 0.4691435075359435 neg 0.30958067748248314 off 0.2212758149815734	false	0.5
fehlkauf	neg 1.0		__DUMMY__ 0.47398907982295935 neg 0.3031923208918305 off 0.22281859928521008	false	1.0
frustrierend	neg 1.0	neg 1.0	neg 0.6410724662103378 __DUMMY__ 0.23202004285759195 off 0.1269074909320703	false	1.0
unzufrieden	neg 1.0		__DUMMY__ 0.47545247645973476 neg 0.30755798345774554 off 0.21698954008251986	false	1.0
verzweifeln	neg 1.0		__DUMMY__ 0.47649158843609085 neg 0.30432495750938504 off 0.21918345405452427	false	1.0
verzweifelt	neg 1.0		__DUMMY__ 0.4753653495844668 neg 0.30371016511260546 off 0.22092448530292785	false	1.0
misstrauensantrag	neg 1.0		__DUMMY__ 0.47292369761214176 neg 0.30465011706936085 off 0.22242618531849753	false	1.0
abfallen	neg 1.0		__DUMMY__ 0.47939437355669867 neg 0.29899762260413526 off 0.22160800383916612	false	1.0
fucker	off 1.0		__DUMMY__ 0.47262655516681423 neg 0.2995203506591488 off 0.22785309417403704	false	0.5
ungezogen	neg 1.0		__DUMMY__ 0.4723264690035952 neg 0.2935631249851682 off 0.23411040601123653	false	1.0
irrsinnig	neg 1.0	neg 1.0	neg 0.643753643609051 __DUMMY__ 0.23124195637887832 off 0.12500440001207067	false	1.0
unfassbar	neg 1.0		__DUMMY__ 0.47447798313734335 neg 0.3005995349641236 off 0.22492248189853303	false	1.0
hart	neg 1.0		__DUMMY__ 0.4730036397405608 neg 0.3021298247744107 off 0.22486653548502847	false	1.0
widerlich	off 1.0		__DUMMY__ 0.4730760290024318 neg 0.3013703750369042 off 0.2255535959606639	false	0.5
fatal	neg 1.0		__DUMMY__ 0.4743413649707091 neg 0.30287061093101364 off 0.22278802409827728	false	1.0
bruch	neg 1.0		__DUMMY__ 0.4740720272676284 neg 0.3130300157137843 off 0.21289795701858735	false	1.0
aushungern	neg 1.0		__DUMMY__ 0.4719340057021143 neg 0.30858793280107416 off 0.2194780614968115	false	1.0
anspannung	neg 1.0		__DUMMY__ 0.47930410004468693 neg 0.3074578606929856 off 0.2132380392623275	false	1.0
von			__DUMMY__ 0.47959988586824087 neg 0.3047308068039315 off 0.21566930732782755	false	0.0
kraftlos	neg 1.0		__DUMMY__ 0.47948080662597975 neg 0.3028201285133493 off 0.217699064860671	false	1.0
vom			__DUMMY__ 0.48215657155889774 neg 0.3073015905880766 off 0.21054183785302555	false	0.0
grenzdebil	off 1.0		__DUMMY__ 0.47526263115983947 neg 0.298340512338149 off 0.22639685650201138	false	0.5
vor			__DUMMY__ 0.47856066094566657 neg 0.3072098381841308 off 0.2142295008702027	false	0.0
unterwerfen	neg 1.0		__DUMMY__ 0.47486360628469987 neg 0.3090694973202923 off 0.21606689639500784	false	1.0
versenkung	neg 1.0		__DUMMY__ 0.47608761941642896 neg 0.30807273709011507 off 0.21583964349345597	false	1.0
entziehen	neg 1.0		__DUMMY__ 0.4760056017615684 neg 0.3105553811144227 off 0.2134390171240088	false	1.0
finanzkrise	neg 1.0		__DUMMY__ 0.47127847122095673 neg 0.3099058846063094 off 0.21881564417273397	false	1.0
schimpfend	neg 1.0		__DUMMY__ 0.4802821692704236 neg 0.29699584338113544 off 0.22272198734844104	false	1.0
profan	neg 1.0		__DUMMY__ 0.47523270231726467 neg 0.3028492881853197 off 0.2219180094974155	false	1.0
korruption	neg 1.0		__DUMMY__ 0.4717635250796325 neg 0.3113207113632796 off 0.21691576355708805	false	1.0
â			__DUMMY__ 0.4772356129339768 neg 0.30481864331483777 off 0.21794574375118544	false	0.0
schmutzig	neg 1.0		__DUMMY__ 0.4772218822005255 neg 0.29643084676206705 off 0.22634727103740732	false	1.0
sexy	neg 1.0		__DUMMY__ 0.4752674343103654 neg 0.30021716476949034 off 0.22451540092014427	false	1.0
abraten	neg 1.0		__DUMMY__ 0.476937038889839 neg 0.3015862702044036 off 0.22147669090575733	false	1.0
schwarz	neg 1.0		__DUMMY__ 0.47471055735910567 neg 0.3033759710045119 off 0.22191347163638236	false	1.0
fotze	off 1.0		__DUMMY__ 0.4745080972559009 neg 0.3072347592387094 off 0.21825714350538983	false	0.5
verwirren	neg 1.0		__DUMMY__ 0.4753030542725698 neg 0.301811141505151 off 0.22288580422227916	false	1.0
zahnlos	off 1.0		__DUMMY__ 0.4742820137812002 neg 0.3086756824340113 off 0.2170423037847885	false	0.5
verheeren	neg 1.0		__DUMMY__ 0.46903900412983307 neg 0.2953326310169534 off 0.2356283648532135	false	1.0
hippie	neg 1.0		__DUMMY__ 0.47486801128995726 neg 0.3009603575510359 off 0.2241716311590068	false	1.0
rammen	neg 1.0		__DUMMY__ 0.4760927660775777 neg 0.30073104486358226 off 0.22317618905884004	false	1.0
unlauter	neg 1.0	neg 1.0	neg 0.6431669005498427 __DUMMY__ 0.23067896545475167 off 0.12615413399540562	false	1.0
unheilvoll	neg 1.0		__DUMMY__ 0.47668623041197533 neg 0.3011025776474944 off 0.22221119194053038	false	1.0
niedrig	neg 1.0		__DUMMY__ 0.47541392018762774 neg 0.3075953799435584 off 0.21699069986881397	false	1.0
explosion	neg 1.0		__DUMMY__ 0.4760104727328106 neg 0.3001021460913518 off 0.22388738117583745	false	1.0
weichei	off 1.0		__DUMMY__ 0.47240486002859333 neg 0.2964891543523801 off 0.23110598561902648	false	0.5
minusmensch	off 1.0		__DUMMY__ 0.4676205419146336 neg 0.29733841954290546 off 0.23504103854246083	false	0.5
farblos	neg 1.0		__DUMMY__ 0.4749700726928433 neg 0.3041208557610766 off 0.22090907154608003	false	1.0
unwissend	neg 1.0	neg 1.0	neg 0.641651814136229 __DUMMY__ 0.23077849990557214 off 0.12756968595819881	false	1.0
traurig	neg 1.0		__DUMMY__ 0.47476203503214726 neg 0.29714867859693506 off 0.2280892863709176	false	1.0
senkung	neg 1.0		__DUMMY__ 0.47393204235389347 neg 0.3029298416559568 off 0.22313811599014982	false	1.0
ungleich	neg 1.0	neg 1.0	neg 0.6464770118103037 __DUMMY__ 0.2311767358832245 off 0.12234625230647181	false	1.0
heikel	neg 1.0		__DUMMY__ 0.47600338893437605 neg 0.309276292880774 off 0.21472031818484996	false	1.0
drosselung	neg 1.0		__DUMMY__ 0.475377455003917 neg 0.2958944792516809 off 0.22872806574440194	false	1.0
falsch	neg 1.0		__DUMMY__ 0.47472344875313227 neg 0.30146322801090153 off 0.22381332323596614	false	1.0
unzufriedenheit	neg 1.0		__DUMMY__ 0.4755100877783656 neg 0.3100642339262343 off 0.21442567829540005	false	1.0
kurz	neg 1.0		__DUMMY__ 0.4789933130293809 neg 0.3022057567285685 off 0.21880093024205047	false	1.0
unsinnig	neg 1.0		__DUMMY__ 0.47506701097408055 neg 0.30750756698423 off 0.21742542204168935	false	1.0
penner	off 1.0	off 1.0	off 0.6024154220087432 __DUMMY__ 0.23035082502712823 neg 0.16723375296412857	false	1.0
seicht	neg 1.0		__DUMMY__ 0.46951411461447295 neg 0.29743547507052776 off 0.23305041031499937	false	1.0
dummheit	off 1.0	off 1.0	off 0.5960580575862914 __DUMMY__ 0.23056265479317534 neg 0.17337928762053334	false	1.0
unerfreulich	neg 1.0		__DUMMY__ 0.4768273966485783 neg 0.3089356183018763 off 0.21423698504954541	false	1.0
motherfucker	off 1.0	off 1.0	off 0.599479825873768 __DUMMY__ 0.2303880473395133 neg 0.1701321267867187	false	1.0
pikiert	neg 1.0		__DUMMY__ 0.47348194169169294 neg 0.30223719638178254 off 0.2242808619265247	false	1.0
wrack	neg 1.0		__DUMMY__ 0.4779801043759357 neg 0.3036173959378953 off 0.21840249968616898	false	1.0
gangster	neg 1.0		__DUMMY__ 0.4749189667334211 neg 0.30180080415365773 off 0.22328022911292103	false	1.0
krank	neg 1.0		__DUMMY__ 0.47651204302798983 neg 0.2969363502197004 off 0.22655160675230998	false	1.0
reich	neg 1.0		__DUMMY__ 0.46814727470702877 neg 0.30772088469875486 off 0.2241318405942162	false	1.0
gnadenlos	neg 1.0		__DUMMY__ 0.4754049987048353 neg 0.3037977522837868 off 0.2207972490113779	false	1.0
niedergeschlagen	neg 1.0		__DUMMY__ 0.476822716516618 neg 0.3047281111380712 off 0.21844917234531072	false	1.0
terrorisieren	off 1.0	off 1.0	off 0.5928942847664119 __DUMMY__ 0.23256188708958106 neg 0.17454382814400707	false	1.0
sinnlosigkeit	neg 1.0		__DUMMY__ 0.47449979911248275 neg 0.3083870970902054 off 0.21711310379731188	false	1.0
behindern	neg 1.0		__DUMMY__ 0.4773989100328522 neg 0.30233665102608814 off 0.22026443894105963	false	1.0
undemokratisch	neg 1.0		__DUMMY__ 0.47076092259689034 neg 0.3088043317432413 off 0.2204347456598684	false	1.0
wirtschaftskrise	neg 1.0		__DUMMY__ 0.4730426032053963 neg 0.309771297601815 off 0.21718609919278867	false	1.0
neid	neg 1.0		__DUMMY__ 0.4769203639742087 neg 0.2991980154298544 off 0.22388162059593691	false	1.0
rutschen	neg 1.0		__DUMMY__ 0.48310056382006394 neg 0.3033890102348156 off 0.21351042594512043	false	1.0
rezession	neg 1.0		__DUMMY__ 0.46952427927287366 neg 0.30143497564573696 off 0.22904074508138936	false	1.0
fehlgeburt	neg 1.0		__DUMMY__ 0.4752338130387264 neg 0.3042978254330481 off 0.22046836152822544	false	1.0
charakterschwach	off 1.0		__DUMMY__ 0.47330485071309575 neg 0.3012408405157784 off 0.22545430877112593	false	0.5
isolation	neg 1.0		__DUMMY__ 0.4751898779355802 neg 0.2992589056894669 off 0.2255512163749528	false	1.0
ablenkung	neg 1.0		__DUMMY__ 0.47707655089763945 neg 0.30250359799258975 off 0.22041985110977083	false	1.0
pech	neg 1.0		__DUMMY__ 0.47540671047403793 neg 0.30163024727360954 off 0.22296304225235264	false	1.0
vermeidung	neg 1.0		__DUMMY__ 0.4757977622066025 neg 0.2967396145369501 off 0.22746262325644742	false	1.0
dominieren	neg 1.0		__DUMMY__ 0.47560036370892733 neg 0.3057786665816704 off 0.21862096970940226	false	1.0
schwindlig	neg 1.0		__DUMMY__ 0.47782366268666954 neg 0.2988763143885095 off 0.22330002292482098	false	1.0
lutscher	neg 1.0		__DUMMY__ 0.469875255584011 neg 0.2960832318341446 off 0.2340415125818445	false	1.0
pflicht	neg 1.0		__DUMMY__ 0.4756728276623064 neg 0.30986027466005056 off 0.2144668976776431	false	1.0
faschist	off 1.0		__DUMMY__ 0.47036840736972213 neg 0.30824411226214005 off 0.22138748036813793	false	0.5
verschleudern	neg 1.0		__DUMMY__ 0.4735239951107227 neg 0.3098415584877871 off 0.2166344464014903	false	1.0
wenn			__DUMMY__ 0.4751453153442559 neg 0.3009372534805579 off 0.2239174311751861	false	0.0
ehebruch	neg 1.0		__DUMMY__ 0.47397095726219446 neg 0.30974581047519323 off 0.2162832322626123	false	1.0
spott	off 1.0		__DUMMY__ 0.47413866631754575 neg 0.31023625745789885 off 0.2156250762245554	false	0.5
trostlosigkeit	neg 1.0		__DUMMY__ 0.4724504637871127 neg 0.3137485328399539 off 0.21380100337293353	false	1.0
lutschen	neg 1.0		__DUMMY__ 0.47287328491460984 neg 0.3026677900579123 off 0.22445892502747794	false	1.0
undiszipliniert	neg 1.0		__DUMMY__ 0.47421996513612014 neg 0.29849798567197516 off 0.2272820491919046	false	1.0
kopfschmerz	neg 1.0		__DUMMY__ 0.4760321527135895 neg 0.3047884434339236 off 0.21917940385248696	false	1.0
unvorhergesehen	neg 1.0		__DUMMY__ 0.4796401061115061 neg 0.30168130769455664 off 0.2186785861939372	false	1.0
desinteressiert	neg 1.0		__DUMMY__ 0.4730107361433349 neg 0.3003338888182174 off 0.22665537503844763	false	1.0
armselig	off 1.0		__DUMMY__ 0.4721067522447984 neg 0.30036058676030264 off 0.227532660994899	false	0.5
desaster	neg 1.0		__DUMMY__ 0.4743687137700035 neg 0.3129619162626186 off 0.21266936996737795	false	1.0
tod	neg 1.0		__DUMMY__ 0.4729292069739062 neg 0.311405974898147 off 0.21566481812794697	false	1.0
herzlos	neg 1.0		__DUMMY__ 0.474340358372795 neg 0.2968816908499487 off 0.22877795077725627	false	1.0
unwissenheit	neg 1.0		__DUMMY__ 0.4735464398971959 neg 0.30963027732297776 off 0.2168232827798264	false	1.0
widersinnig	neg 1.0		__DUMMY__ 0.47108588633423915 neg 0.3113044478739479 off 0.2176096657918131	false	1.0
bedenklich	neg 1.0		__DUMMY__ 0.47559597589393293 neg 0.3086708739221988 off 0.21573315018386835	false	1.0
beanstanden	neg 1.0		__DUMMY__ 0.4760323718755643 neg 0.3097927701153388 off 0.21417485800909694	false	1.0
panisch	neg 1.0	neg 1.0	neg 0.6390599378234261 __DUMMY__ 0.23436444894295372 off 0.12657561323362015	false	1.0
debil	off 1.0		__DUMMY__ 0.47702126363602243 neg 0.3115791222455384 off 0.2113996141184393	false	0.5
abstrich	neg 1.0		__DUMMY__ 0.47885859399754904 neg 0.30021987222475 off 0.22092153377770102	false	1.0
primitiv	neg 1.0		__DUMMY__ 0.47282631146931947 neg 0.3010616067203288 off 0.22611208181035178	false	1.0
abschaum	off 1.0	off 1.0	off 0.5974964234675079 __DUMMY__ 0.23015974438484665 neg 0.17234383214764548	false	1.0
provozieren	neg 1.0		__DUMMY__ 0.47382946327672004 neg 0.30643294509535657 off 0.2197375916279233	false	1.0
tot	neg 1.0		__DUMMY__ 0.4744294215130976 neg 0.3070001999720996 off 0.21857037851480277	false	1.0
instabil	neg 1.0		__DUMMY__ 0.47035268763129356 neg 0.3013514788623475 off 0.22829583350635899	false	1.0
schwuchtel	off 1.0		__DUMMY__ 0.46684226904091514 neg 0.29406488574700856 off 0.23909284521207635	false	0.5
zerren	neg 1.0		__DUMMY__ 0.4770532327810095 neg 0.30450462194813155 off 0.21844214527085892	false	1.0
kinderficker	off 1.0		__DUMMY__ 0.47105928666036767 neg 0.2991190965361156 off 0.22982161680351673	false	0.5
gefahr	neg 1.0		__DUMMY__ 0.47448863411675696 neg 0.30938321797660856 off 0.21612814790663448	false	1.0
rabiat	neg 1.0		__DUMMY__ 0.4755521893880668 neg 0.30460567954818063 off 0.2198421310637526	false	1.0
verlangsamung	neg 1.0		__DUMMY__ 0.46929819185804655 neg 0.298097281457827 off 0.23260452668412632	false	1.0
ausgestorben	neg 1.0		__DUMMY__ 0.4766764080880864 neg 0.3048736961488251 off 0.2184498957630885	false	1.0
anklagen	neg 1.0		__DUMMY__ 0.4734025104343685 neg 0.3076307766903487 off 0.2189667128752828	false	1.0
trott	neg 1.0		__DUMMY__ 0.4765823155544997 neg 0.30321213952156945 off 0.22020554492393096	false	1.0
verminderung	neg 1.0		__DUMMY__ 0.4740379340122686 neg 0.2980510448091069 off 0.22791102117862438	false	1.0
nach			__DUMMY__ 0.4810332810724635 neg 0.30621361589829804 off 0.21275310302923842	false	0.0
rost	neg 1.0		__DUMMY__ 0.4713514547828187 neg 0.2951289961192293 off 0.23351954909795203	false	1.0
destruktiv	neg 1.0		__DUMMY__ 0.4731098901437664 neg 0.30862473982926897 off 0.21826537002696456	false	1.0
unzumutbarkeit	neg 1.0		__DUMMY__ 0.4752514471323057 neg 0.2973374675774413 off 0.227411085290253	false	1.0
labil	off 1.0	off 1.0	off 0.5982619307071988 __DUMMY__ 0.23052676013766543 neg 0.17121130915513583	false	1.0
ziemlich	neg 1.0		__DUMMY__ 0.4749203115055958 neg 0.2993682186041101 off 0.22571146989029414	false	1.0
lachnummer	off 1.0		__DUMMY__ 0.4733916310260977 neg 0.3082191391191539 off 0.21838922985474846	false	0.5
oder			__DUMMY__ 0.47755364778184023 neg 0.30230570255012096 off 0.2201406496680387	false	0.0
verfall	neg 1.0		__DUMMY__ 0.4771012239721938 neg 0.31164129240304517 off 0.211257483624761	false	1.0
ausgrenzung	neg 1.0		__DUMMY__ 0.4708031712917045 neg 0.30799361785206986 off 0.22120321085622563	false	1.0
unordnung	neg 1.0		__DUMMY__ 0.47152965783954925 neg 0.2990549633826908 off 0.22941537877775992	false	1.0
fehlverhalten	neg 1.0		__DUMMY__ 0.47438130940934947 neg 0.3102010239572939 off 0.21541766663335657	false	1.0
eine			__DUMMY__ 0.47782427013207884 neg 0.30783691572850463 off 0.2143388141394165	false	0.0
nille	neg 1.0		__DUMMY__ 0.47318879982291057 neg 0.3071490963952808 off 0.21966210378180862	false	1.0
qual	neg 1.0		__DUMMY__ 0.47634728149356265 neg 0.3035799007132195 off 0.2200728177932178	false	1.0
verschwenden	neg 1.0		__DUMMY__ 0.47607934396979995 neg 0.3079956094627646 off 0.21592504656743533	false	1.0
riesig	neg 1.0		__DUMMY__ 0.4762012938761154 neg 0.3046811901038725 off 0.21911751602001214	false	1.0
verurteilen	neg 1.0		__DUMMY__ 0.47322925316487746 neg 0.3097585991632493 off 0.2170121476718732	false	1.0
klischee	neg 1.0	neg 1.0	neg 0.6431884248155447 __DUMMY__ 0.2303411281434992 off 0.1264704470409561	false	1.0
diktatorisch	neg 1.0		__DUMMY__ 0.4693512580646025 neg 0.3107068159722166 off 0.21994192596318102	false	1.0
vorhersehbar	neg 1.0		__DUMMY__ 0.4724525157781433 neg 0.30629765788221586 off 0.2212498263396409	false	1.0
sowie			__DUMMY__ 0.4699004906361806 neg 0.29895642896610497 off 0.23114308039771445	false	0.0
stornieren	neg 1.0		__DUMMY__ 0.47728545889863766 neg 0.29941307643052356 off 0.22330146467083895	false	1.0
besteuerung	neg 1.0		__DUMMY__ 0.47385425978287443 neg 0.3050526689795803 off 0.2210930712375453	false	1.0
ungeschminkt	neg 1.0		__DUMMY__ 0.4737124933469928 neg 0.30022747268968136 off 0.22606003396332575	false	1.0
kritisch	neg 1.0		__DUMMY__ 0.47423508672579096 neg 0.31006510062774967 off 0.21569981264645943	false	1.0
schlamperei	off 1.0		__DUMMY__ 0.4742375924356765 neg 0.30927842751325985 off 0.21648398005106365	false	0.5
sucht	neg 1.0	neg 1.0	neg 0.6381346994126718 __DUMMY__ 0.2345429128951949 off 0.12732238769213325	false	1.0
egoistisch	off 1.0		__DUMMY__ 0.47260481861764325 neg 0.2963982871613846 off 0.23099689422097214	false	0.5
ausbeuter	off 1.0		__DUMMY__ 0.4735529097624878 neg 0.31166089096779737 off 0.21478619926971465	false	0.5
arschgeburt	off 1.0		__DUMMY__ 0.46685520210011816 neg 0.29419172780383956 off 0.2389530700960422	false	0.5
schubs	neg 1.0	neg 1.0	neg 0.642190144623847 __DUMMY__ 0.2340377535574195 off 0.12377210181873338	false	1.0
unsolide	neg 1.0		__DUMMY__ 0.46782352846933284 neg 0.30887756706616054 off 0.22329890446450645	false	1.0
beschwerde	neg 1.0		__DUMMY__ 0.4742891740701014 neg 0.30837597929916716 off 0.21733484663073152	false	1.0
stocken	neg 1.0		__DUMMY__ 0.4764006718083413 neg 0.3062727168382367 off 0.21732661135342202	false	1.0
isolieren	neg 1.0		__DUMMY__ 0.4777291916236302 neg 0.30245916124649946 off 0.2198116471298703	false	1.0
unheilbar	neg 1.0		__DUMMY__ 0.4745641677928868 neg 0.3051712278000431 off 0.22026460440706996	false	1.0
pisser	off 1.0		__DUMMY__ 0.47136608877490055 neg 0.3000088818827145 off 0.22862502934238488	false	0.5
löschen	neg 1.0		__DUMMY__ 0.47492433594578903 neg 0.3039172421732047 off 0.22115842188100626	false	1.0
durchfallen	neg 1.0		__DUMMY__ 0.47588718291088045 neg 0.3076989688712928 off 0.21641384821782678	false	1.0
wichser	off 1.0		__DUMMY__ 0.47059565933913355 neg 0.29385401990283705 off 0.23555032075802942	false	0.5
terror	neg 1.0		__DUMMY__ 0.476753834683436 neg 0.29877366267096184 off 0.22447250264560226	false	1.0
krass	neg 1.0		__DUMMY__ 0.47337052094594 neg 0.29771011235857103 off 0.22891936669548904	false	1.0
revolte	neg 1.0	neg 1.0	neg 0.6456683938458891 __DUMMY__ 0.22820102332205827 off 0.1261305828320526	false	1.0
besorgt	neg 1.0		__DUMMY__ 0.4798528791515569 neg 0.30094077551454584 off 0.2192063453338972	false	1.0
nachlassen	neg 1.0		__DUMMY__ 0.4772127666240982 neg 0.3047680866509182 off 0.21801914672498346	false	1.0
alt	neg 1.0		__DUMMY__ 0.4793306503505333 neg 0.30406736354865266 off 0.21660198610081402	false	1.0
hundesohn	off 1.0		__DUMMY__ 0.468617224161693 neg 0.2970666973541 off 0.2343160784842069	false	0.5
als			__DUMMY__ 0.4773521752166516 neg 0.3050031300504659 off 0.21764469473288245	false	0.0
abschreckung	neg 1.0		__DUMMY__ 0.4751445803598555 neg 0.3106213474652879 off 0.2142340721748566	false	1.0
unqualifiziert	neg 1.0		__DUMMY__ 0.4731320404521928 neg 0.30498481155865337 off 0.22188314798915382	false	1.0
abgewichst	off 1.0		__DUMMY__ 0.4748534895184885 neg 0.3062096398211294 off 0.21893687066038217	false	0.5
schwer	neg 1.0		__DUMMY__ 0.47654323408759486 neg 0.3040334353680243 off 0.2194233305443809	false	1.0
bedeutungslosigkeit	neg 1.0		__DUMMY__ 0.4744621335953194 neg 0.3108262694764616 off 0.21471159692821906	false	1.0
kapitulation	neg 1.0		__DUMMY__ 0.47081274527409467 neg 0.3131162762391209 off 0.2160709784867845	false	1.0
unscharf	neg 1.0		__DUMMY__ 0.4750528825138803 neg 0.3019864347254067 off 0.22296068276071299	false	1.0
schwinden	neg 1.0		__DUMMY__ 0.4761810991511002 neg 0.30829610410834557 off 0.21552279674055427	false	1.0
versklavung	neg 1.0	neg 1.0	neg 0.6456971295179097 __DUMMY__ 0.2292840941515042 off 0.1250187763305861	false	1.0
schlecht	neg 1.0		__DUMMY__ 0.47531988080118553 neg 0.2984867847769341 off 0.22619333442188042	false	1.0
verhasst	neg 1.0		__DUMMY__ 0.4732469758512154 neg 0.3071108996355089 off 0.21964212451327564	false	1.0
beschweren	neg 1.0		__DUMMY__ 0.4759955505266186 neg 0.3023956008627962 off 0.22160884861058516	false	1.0
scheiden	neg 1.0		__DUMMY__ 0.47617178385041214 neg 0.3045585810203695 off 0.2192696351292185	false	1.0
frustriert	neg 1.0		__DUMMY__ 0.4760084155834908 neg 0.30572363088757454 off 0.21826795352893474	false	1.0
schimmelig	neg 1.0		__DUMMY__ 0.4755082101465925 neg 0.3080822704316822 off 0.21640951942172537	false	1.0
fisch	neg 1.0	neg 1.0	neg 0.6420153259299533 __DUMMY__ 0.23413958448332625 off 0.12384508958672047	false	1.0
schmuggel	neg 1.0		__DUMMY__ 0.47856685360610596 neg 0.30576274698711636 off 0.2156703994067777	false	1.0
auffallen	neg 1.0		__DUMMY__ 0.47553228977287204 neg 0.30244302167891113 off 0.22202468854821697	false	1.0
konkurrenz	neg 1.0		__DUMMY__ 0.4780683571295808 neg 0.30726987099816677 off 0.21466177187225258	false	1.0
teufelskreis	neg 1.0		__DUMMY__ 0.47484724714877713 neg 0.3068918793904327 off 0.21826087346079012	false	1.0
aufschreien	neg 1.0		__DUMMY__ 0.4735264764743848 neg 0.3049754464101216 off 0.2214980771154936	false	1.0
schuldner	neg 1.0		__DUMMY__ 0.47387522421340367 neg 0.3104642862706477 off 0.21566048951594874	false	1.0
missgeburt	off 1.0	off 1.0	off 0.6016240543436457 __DUMMY__ 0.22927859332366218 neg 0.1690973523326921	false	1.0
arbeitslos	neg 1.0		__DUMMY__ 0.47485988798148304 neg 0.30793207329962097 off 0.2172080387188961	false	1.0
befallen	neg 1.0		__DUMMY__ 0.47177074573102 neg 0.3115097342565065 off 0.21671952001247347	false	1.0
miesepetrig	off 1.0		__DUMMY__ 0.4757985870571359 neg 0.2983119629630871 off 0.22588944997977686	false	0.5
alarmieren	neg 1.0		__DUMMY__ 0.4724575782496412 neg 0.3027621343401918 off 0.22478028741016698	false	1.0
ungeduscht	off 1.0		__DUMMY__ 0.4753456867648013 neg 0.30150085002632393 off 0.22315346320887458	false	0.5
knappheit	neg 1.0		__DUMMY__ 0.47498479175199343 neg 0.30727529298303663 off 0.21773991526496977	false	1.0
schlange	neg 1.0		__DUMMY__ 0.47737238609492616 neg 0.300909500858991 off 0.2217181130460828	false	1.0
harsch	neg 1.0		__DUMMY__ 0.4741381376490185 neg 0.2933644773607798 off 0.23249738499020167	false	1.0
lang	neg 1.0		__DUMMY__ 0.4755356799595816 neg 0.303079283813786 off 0.22138503622663236	false	1.0
ziellos	neg 1.0		__DUMMY__ 0.4767259150813911 neg 0.30625313188645786 off 0.21702095303215105	false	1.0
selbstverliebt	neg 1.0		__DUMMY__ 0.4676101304967599 neg 0.2963010818777756 off 0.2360887876254644	false	1.0
beseitigen	neg 1.0		__DUMMY__ 0.4780959650046351 neg 0.30003606334236527 off 0.22186797165299957	false	1.0
dumm	off 1.0		__DUMMY__ 0.471524992870652 neg 0.2969776028883173 off 0.23149740424103052	false	0.5
arbeitsloser	neg 1.0		__DUMMY__ 0.4752797917052285 neg 0.3082951191200717 off 0.21642508917469977	false	1.0
blitzen	neg 1.0		__DUMMY__ 0.4740244316751802 neg 0.3022272401971701 off 0.22374832812764966	false	1.0
hilflos	neg 1.0		__DUMMY__ 0.47630555098942845 neg 0.3057519589708133 off 0.2179424900397582	false	1.0
eklig	off 1.0		__DUMMY__ 0.4705434709219275 neg 0.29722524365239666 off 0.23223128542567575	false	0.5
begriff			__DUMMY__ 0.47511132870571277 neg 0.3067855548221335 off 0.21810311647215383	false	0.0
hungersnot	neg 1.0		__DUMMY__ 0.47047672830414106 neg 0.3110060942535753 off 0.21851717744228374	false	1.0
ungesetzlich	neg 1.0		__DUMMY__ 0.4701511154885282 neg 0.30824724798840814 off 0.22160163652306367	false	1.0
verschwendung	neg 1.0		__DUMMY__ 0.47621278591546823 neg 0.3087325447041707 off 0.215054669380361	false	1.0
schmerzvoll	neg 1.0		__DUMMY__ 0.4758706524084793 neg 0.30259531538941736 off 0.22153403220210338	false	1.0
vorzeitig	neg 1.0		__DUMMY__ 0.47489515377025115 neg 0.29916335381868664 off 0.22594149241106212	false	1.0
unvollkommenheit	neg 1.0		__DUMMY__ 0.475455550360168 neg 0.3043965940683622 off 0.22014785557146976	false	1.0
intervenieren	neg 1.0		__DUMMY__ 0.4729937617062486 neg 0.31191905912189866 off 0.21508717917185274	false	1.0
banause	off 1.0		__DUMMY__ 0.46977695061315045 neg 0.2965730722951536 off 0.23364997709169577	false	0.5
rebell	neg 1.0		__DUMMY__ 0.4777054596961472 neg 0.30767779289616465 off 0.21461674740768816	false	1.0
unlogisch	neg 1.0		__DUMMY__ 0.4726344836955391 neg 0.2994541738435454 off 0.2279113424609154	false	1.0
leiden	neg 1.0	neg 1.0	neg 0.6408670784994809 __DUMMY__ 0.23638934998780903 off 0.12274357151271004	false	1.0
abschaffung	neg 1.0		__DUMMY__ 0.47298569017328224 neg 0.30645389819866653 off 0.22056041162805134	false	1.0
sturz	neg 1.0		__DUMMY__ 0.47251156289115254 neg 0.30647580370459093 off 0.22101263340425656	false	1.0
verkleinerung	neg 1.0		__DUMMY__ 0.47132494609922715 neg 0.30511751798922215 off 0.22355753591155075	false	1.0
schmarotzer	off 1.0		__DUMMY__ 0.4737275341132366 neg 0.3098354671273528 off 0.21643699875941066	false	0.5
bestrafung	neg 1.0		__DUMMY__ 0.47441147551239315 neg 0.304739983985681 off 0.22084854050192593	false	1.0
achtlos	neg 1.0		__DUMMY__ 0.47732884425534194 neg 0.303038309382199 off 0.21963284636245894	false	1.0
ungeheuer	neg 1.0		__DUMMY__ 0.4744398768082491 neg 0.30357122398653674 off 0.22198889920521403	false	1.0
unaufrichtig	neg 1.0		__DUMMY__ 0.4710968750774399 neg 0.3066531112816891 off 0.22225001364087102	false	1.0
groggy	neg 1.0		__DUMMY__ 0.4744221799399085 neg 0.3018138540159731 off 0.2237639660441185	false	1.0
verletzlich	neg 1.0		__DUMMY__ 0.47393908374232324 neg 0.3000277991567447 off 0.22603311710093205	false	1.0
