unsolidarisch	neg 1.0		__DUMMY__ 0.9242845029888775 neg 0.04569763870477351 off 0.030017858306348975	false	1.0
nachteilig	neg 1.0		__DUMMY__ 0.9314839011026209 neg 0.041315022806351846 off 0.027201076091027197	false	1.0
skeptisch	neg 1.0		__DUMMY__ 0.9331061339950237 neg 0.041624088512112904 off 0.025269777492863355	false	1.0
schrecklich	neg 1.0		__DUMMY__ 0.9288877257980357 neg 0.036796120763025686 off 0.034316153438938665	false	1.0
schlapp	neg 1.0		__DUMMY__ 0.9329420572589204 neg 0.03610109195982976 off 0.030956850781249764	false	1.0
abfall	neg 1.0		__DUMMY__ 0.9335310030927171 neg 0.04230002587439777 off 0.024168971032885123	false	1.0
widerspenstig	neg 1.0		__DUMMY__ 0.9342338956185392 neg 0.037730607090377205 off 0.02803549729108353	false	1.0
abrupt	neg 1.0		__DUMMY__ 0.9349184860160056 neg 0.03786154587901929 off 0.027219968104975078	false	1.0
unwirksam	neg 1.0		__DUMMY__ 0.9268910215359438 neg 0.043588391721459036 off 0.02952058674259712	false	1.0
angreifen	neg 1.0		__DUMMY__ 0.9312433094302666 neg 0.04229404387809647 off 0.026462646691636962	false	1.0
inkonsistent	neg 1.0		__DUMMY__ 0.929975175989442 neg 0.039954035740169314 off 0.030070788270388685	false	1.0
abrutschen	neg 1.0		__DUMMY__ 0.9345360626472604 neg 0.0412723437145663 off 0.02419159363817329	false	1.0
unsicher	neg 1.0		__DUMMY__ 0.9324432241481878 neg 0.03894619338696723 off 0.028610582464844922	false	1.0
bauernkind	off 1.0		__DUMMY__ 0.9248787104168676 neg 0.03858614486399821 off 0.036535144719134195	false	0.5
angreifer	neg 1.0		__DUMMY__ 0.9283459153231657 neg 0.040460951842611746 off 0.031193132834222665	false	1.0
trennen	neg 1.0		__DUMMY__ 0.9363641980561058 neg 0.038255105981896666 off 0.025380695961997515	false	1.0
schmutz	neg 1.0		__DUMMY__ 0.9366169073855899 neg 0.03171699434552282 off 0.03166609826888729	false	1.0
inkonsistenz	neg 1.0	neg 1.0	neg 0.5065206325867022 __DUMMY__ 0.465216021101197 off 0.02826334631210078	false	1.0
erschreckend	neg 1.0		__DUMMY__ 0.9307303273690878 neg 0.041234100524184886 off 0.028035572106727403	false	1.0
ertrinken	neg 1.0		__DUMMY__ 0.9343256535793463 neg 0.039291668910166 off 0.026382677510487743	false	1.0
pickelface	off 1.0		__DUMMY__ 0.9300499009097465 neg 0.04045426178425006 off 0.029495837306003504	false	0.5
seiner			__DUMMY__ 0.9325173407010642 neg 0.041382835696908295 off 0.026099823602027505	false	0.0
lauch	neg 1.0		__DUMMY__ 0.9339202520073486 neg 0.04129184293767424 off 0.024787905054977175	false	1.0
unwichtig	neg 1.0		__DUMMY__ 0.9297993331468086 neg 0.03852800320757879 off 0.031672663645612685	false	1.0
steuerhinterziehung	neg 1.0		__DUMMY__ 0.9275583699527044 neg 0.043613691150050586 off 0.028827938897245	false	1.0
schock	neg 1.0		__DUMMY__ 0.9349611271646605 neg 0.037829951415397314 off 0.02720892141994219	false	1.0
beule	neg 1.0		__DUMMY__ 0.9327277516592362 neg 0.035521595656911376 off 0.03175065268385251	false	1.0
vergelten	neg 1.0		__DUMMY__ 0.926501392027279 neg 0.037759224529664744 off 0.03573938344305622	false	1.0
verdorbenheit	neg 1.0		__DUMMY__ 0.9347281930072592 neg 0.03628681884673452 off 0.028984988146006408	false	1.0
trauma	neg 1.0		__DUMMY__ 0.9310190657280484 neg 0.03908767089702677 off 0.029893263374924903	false	1.0
sinnlos	neg 1.0		__DUMMY__ 0.9308761788339753 neg 0.03900930387900629 off 0.030114517287018423	false	1.0
fettsack	off 1.0	off 1.0	off 0.502547024864879 __DUMMY__ 0.46304515768185694 neg 0.03440781745326415	false	1.0
feige	off 1.0		__DUMMY__ 0.9283032699666312 neg 0.04012092159962068 off 0.03157580843374813	false	0.5
abdanken	neg 1.0		__DUMMY__ 0.9253170665799891 neg 0.04542035913226362 off 0.029262574287747364	false	1.0
wichtigtuer	off 1.0	off 1.0	off 0.49744268504494643 __DUMMY__ 0.46495156561511075 neg 0.037605749339942734	false	1.0
misslingen	neg 1.0		__DUMMY__ 0.9349512297409525 neg 0.03540545947541295 off 0.029643310783634594	false	1.0
untreu	off 1.0		__DUMMY__ 0.93005576963066 neg 0.037825922887550364 off 0.03211830748178962	false	0.5
missmutig	neg 1.0		__DUMMY__ 0.9324512728469844 neg 0.036650978496544584 off 0.030897748656471047	false	1.0
hurenbock	off 1.0		__DUMMY__ 0.9357984167411576 neg 0.03526221723552698 off 0.028939366023315385	false	0.5
betrunken	neg 1.0		__DUMMY__ 0.9314253862871283 neg 0.035910220644041514 off 0.03266439306883023	false	1.0
korrupt	off 1.0		__DUMMY__ 0.926750988006961 neg 0.045163826055317956 off 0.02808518593772101	false	0.5
unmut	neg 1.0		__DUMMY__ 0.9328904239660853 neg 0.04223123285033734 off 0.024878343183577206	false	1.0
hackfresse	off 1.0		__DUMMY__ 0.9275836525644867 off 0.036537753186778564 neg 0.03587859424873467	false	1.0
aufblasen	neg 1.0		__DUMMY__ 0.9335065450915696 neg 0.037277928419350514 off 0.029215526489079945	false	1.0
gewaltsam	neg 1.0		__DUMMY__ 0.9280503696170573 neg 0.042117257776286415 off 0.029832372606656145	false	1.0
unbeliebtheit	neg 1.0		__DUMMY__ 0.9216874129659641 neg 0.044401217823296125 off 0.0339113692107397	false	1.0
sturheit	neg 1.0		__DUMMY__ 0.9286946993209237 neg 0.0428976267143878 off 0.028407673964688455	false	1.0
kuh	neg 1.0		__DUMMY__ 0.929706904645753 neg 0.04099044737347381 off 0.02930264798077311	false	1.0
erschrecken	neg 1.0		__DUMMY__ 0.931948392097498 neg 0.03725323150419373 off 0.03079837639830821	false	1.0
opfer	neg 1.0	neg 1.0	neg 0.5077150124854151 __DUMMY__ 0.46808736053455885 off 0.024197626980026168	false	1.0
sinken	neg 1.0		__DUMMY__ 0.9332779255715665 neg 0.04161176631800319 off 0.02511030811043034	false	1.0
stinktier	neg 1.0		__DUMMY__ 0.9270594191069195 neg 0.03842556923698168 off 0.034515011656098875	false	1.0
tucke	off 1.0		__DUMMY__ 0.9291649685210468 off 0.036483469675238016 neg 0.03435156180371517	false	1.0
ein			__DUMMY__ 0.9354651806230739 neg 0.036045729648114956 off 0.02848908972881112	false	0.0
abstieg	neg 1.0		__DUMMY__ 0.9296142676243069 neg 0.04237798690401296 off 0.02800774547168014	false	1.0
missverstehen	neg 1.0		__DUMMY__ 0.9287017343055994 neg 0.04107040576051081 off 0.030227859933889708	false	1.0
ergebnislos	neg 1.0		__DUMMY__ 0.9310522369277882 neg 0.041345593661030945 off 0.02760216941118081	false	1.0
unter			__DUMMY__ 0.939395221124562 neg 0.03923187683847376 off 0.02137290203696421	false	0.0
manipulieren	neg 1.0		__DUMMY__ 0.9314212300446096 neg 0.04228381819796469 off 0.02629495175742575	false	1.0
unbewiesen	neg 1.0		__DUMMY__ 0.9237283300985426 neg 0.046363149640441914 off 0.029908520261015467	false	1.0
verschleppen	neg 1.0		__DUMMY__ 0.9304080701733228 neg 0.042096057064434714 off 0.027495872762242475	false	1.0
weib	off 1.0		__DUMMY__ 0.9263736822628014 off 0.037390004159918624 neg 0.0362363135772799	false	1.0
opposition	neg 1.0		__DUMMY__ 0.9264017075737198 neg 0.043456235368700115 off 0.030142057057580128	false	1.0
verkehrswidrig	neg 1.0		__DUMMY__ 0.9304610714397512 off 0.034925079543827786 neg 0.03461384901642108	false	0.5
inkorrekt	neg 1.0		__DUMMY__ 0.9247456774050047 neg 0.04240338768823325 off 0.03285093490676208	false	1.0
vermeiden	neg 1.0		__DUMMY__ 0.9366381572485869 neg 0.04033212232232346 off 0.023029720429089615	false	1.0
abweichung	neg 1.0		__DUMMY__ 0.9266620586878609 neg 0.04554819587283042 off 0.027789745439308785	false	1.0
alkoholisiert	neg 1.0		__DUMMY__ 0.9337102828559312 neg 0.039650734587872265 off 0.026638982556196622	false	1.0
scheiss	off 1.0	off 1.0	off 0.4993289578930514 __DUMMY__ 0.4668770660014157 neg 0.033793976105533	false	1.0
herausforderung	neg 1.0		__DUMMY__ 0.9375615530718284 neg 0.03559087283207737 off 0.026847574096094208	false	1.0
pervers	off 1.0		__DUMMY__ 0.9258151813689961 off 0.03925651152546047 neg 0.03492830710554338	false	1.0
wackelig	neg 1.0		__DUMMY__ 0.9370531943043794 neg 0.03643101678904859 off 0.02651578890657193	false	1.0
verwickeln	neg 1.0		__DUMMY__ 0.9300677372426663 neg 0.039910087336140807 off 0.030022175421192916	false	1.0
vorwand	neg 1.0		__DUMMY__ 0.9317269956506916 neg 0.0428496996790249 off 0.02542330467028349	false	1.0
muschi	off 1.0		__DUMMY__ 0.9296448102331031 neg 0.041096060473691125 off 0.029259129293205764	false	0.5
entmutigung	neg 1.0		__DUMMY__ 0.9212437590307799 neg 0.04726714227252457 off 0.03148909869669556	false	1.0
unangemessen	neg 1.0		__DUMMY__ 0.9287211180359655 neg 0.04366915850754914 off 0.02760972345648541	false	1.0
unstetig	neg 1.0		__DUMMY__ 0.9290080209421822 neg 0.03987658169075347 off 0.031115397367064465	false	1.0
entmutigen	neg 1.0		__DUMMY__ 0.9321050728211655 neg 0.038556139400842335 off 0.029338787777992127	false	1.0
schwanz	neg 1.0		__DUMMY__ 0.9323833312226948 neg 0.040212114552467475 off 0.027404554224837833	false	1.0
verbot	neg 1.0		__DUMMY__ 0.9278548747366233 neg 0.043768520965516214 off 0.028376604297860444	false	1.0
leid	neg 1.0		__DUMMY__ 0.9284034744659311 neg 0.03630721901914613 off 0.0352893065149228	false	1.0
archaisch	neg 1.0		__DUMMY__ 0.9291760454684371 neg 0.043011116727354304 off 0.027812837804208537	false	1.0
gegen			__DUMMY__ 0.9309285252039127 neg 0.04312772339158729 off 0.025943751404500028	false	0.0
scheidung	neg 1.0	neg 1.0	neg 0.4969647923834607 __DUMMY__ 0.462404008005831 off 0.04063119961070831	false	1.0
einschlag	neg 1.0		__DUMMY__ 0.9286554368610697 neg 0.036263280801547566 off 0.03508128233738281	false	1.0
m			__DUMMY__ 0.9334937897982534 neg 0.03884150901300983 off 0.027664701188736793	false	0.0
abgestanden	neg 1.0		__DUMMY__ 0.9337115051749236 neg 0.03847594300219209 off 0.027812551822884276	false	1.0
schmierig	off 1.0		__DUMMY__ 0.9298358690152586 neg 0.03566998068708435 off 0.03449415029765702	false	0.5
unpraktisch	neg 1.0		__DUMMY__ 0.934220995358898 neg 0.03680321894810131 off 0.028975785693000716	false	1.0
wixxer	off 1.0		__DUMMY__ 0.9240328225112773 off 0.039462145517392855 neg 0.036505031971329864	false	1.0
bezeichnet			__DUMMY__ 0.9294569060249731 neg 0.042007400617230434 off 0.02853569335779639	false	0.0
jammerlappen	off 1.0		__DUMMY__ 0.9302912279326946 neg 0.03809021125018708 off 0.03161856081711834	false	0.5
farce	neg 1.0		__DUMMY__ 0.9240975181907284 neg 0.047094916960251504 off 0.02880756484902008	false	1.0
zwecklos	neg 1.0		__DUMMY__ 0.9298316717569134 neg 0.0428663411546658 off 0.027301987088420753	false	1.0
turbulent	neg 1.0		__DUMMY__ 0.9282247680243126 neg 0.03769676580287814 off 0.034078466172809255	false	1.0
invasion	neg 1.0		__DUMMY__ 0.9323301784571043 neg 0.036973786907620765 off 0.03069603463527499	false	1.0
schuld	neg 1.0		__DUMMY__ 0.9304888154942622 neg 0.04014146402515063 off 0.02936972048058722	false	1.0
risiko	neg 1.0		__DUMMY__ 0.934214920271831 neg 0.03504242222096209 off 0.030742657507206964	false	1.0
finster	neg 1.0		__DUMMY__ 0.9342488262642998 neg 0.03761051075191623 off 0.028140662983783912	false	1.0
geisteskrank	off 1.0		__DUMMY__ 0.9264534960733775 neg 0.04052321049120415 off 0.03302329343541835	false	0.5
zusammenbrechen	neg 1.0		__DUMMY__ 0.9331056723555193 neg 0.039152993023850405 off 0.027741334620630238	false	1.0
ausbeute	neg 1.0		__DUMMY__ 0.9355453778489614 neg 0.03809818849121006 off 0.026356433659828492	false	1.0
hinterhalt	neg 1.0		__DUMMY__ 0.9316033950997064 neg 0.039065267081580805 off 0.029331337818712805	false	1.0
kritik	neg 1.0		__DUMMY__ 0.9254990890465341 neg 0.045760348183094865 off 0.02874056277037094	false	1.0
einschrumpfen	neg 1.0		__DUMMY__ 0.9262766291300977 neg 0.042089888819716974 off 0.03163348205018534	false	1.0
riskant	neg 1.0		__DUMMY__ 0.9325497949942223 neg 0.041095193970999935 off 0.026355011034777734	false	1.0
frustrieren	neg 1.0		__DUMMY__ 0.9314502220020769 neg 0.0421894168813593 off 0.026360361116563757	false	1.0
groll	neg 1.0		__DUMMY__ 0.9303495845387367 neg 0.04222668177491968 off 0.02742373368634365	false	1.0
gibt			__DUMMY__ 0.9313283968583091 neg 0.04103947616219588 off 0.027632126979494957	false	0.0
qualvoll	neg 1.0		__DUMMY__ 0.932408082258708 neg 0.03764996806868311 off 0.029941949672608926	false	1.0
wackeln	neg 1.0		__DUMMY__ 0.9352922449095518 neg 0.03590909840135892 off 0.028798656689089326	false	1.0
klagen	neg 1.0		__DUMMY__ 0.9314146297880561 neg 0.04316056532278807 off 0.025424804889155803	false	1.0
bankrott	neg 1.0		__DUMMY__ 0.9318333019021363 neg 0.03662019833510951 off 0.031546499762754164	false	1.0
trauern	neg 1.0		__DUMMY__ 0.9329823431529232 neg 0.040572476974868495 off 0.026445179872208357	false	1.0
ablehnung	neg 1.0	neg 1.0	neg 0.5109961105578126 __DUMMY__ 0.46297117212509786 off 0.02603271731708954	false	1.0
stur	neg 1.0		__DUMMY__ 0.930854274542106 neg 0.0395561782452553 off 0.029589547212638734	false	1.0
aufruhr	neg 1.0		__DUMMY__ 0.9271246136608594 neg 0.0432719456797436 off 0.02960344065939699	false	1.0
melancholie	neg 1.0		__DUMMY__ 0.9353569349080364 neg 0.038055798805529645 off 0.02658726628643396	false	1.0
ist			__DUMMY__ 0.9301916977355 neg 0.040154671636208755 off 0.02965363062829122	false	0.0
torheit	neg 1.0		__DUMMY__ 0.9249743964744236 neg 0.04481533112632092 off 0.03021027239925553	false	1.0
dreckskind	off 1.0		__DUMMY__ 0.9234081102063983 neg 0.040476882633406215 off 0.036115007160195486	false	0.5
umtauschen	neg 1.0		__DUMMY__ 0.9337345076885087 neg 0.03845744989744559 off 0.027808042414045702	false	1.0
zum			__DUMMY__ 0.9397421714877654 neg 0.0370828151751058 off 0.023175013337128764	false	0.0
zersetzen	neg 1.0		__DUMMY__ 0.9313295963734269 neg 0.042803963396784515 off 0.025866440229788464	false	1.0
zur			__DUMMY__ 0.9341111292347993 neg 0.04222845672556985 off 0.023660414039630803	false	0.0
frust	neg 1.0		__DUMMY__ 0.9323856178741528 neg 0.03993892657468808 off 0.02767545555115921	false	1.0
unerbittlichkeit	neg 1.0		__DUMMY__ 0.9305111491403972 neg 0.042978466772648834 off 0.02651038408695388	false	1.0
zwei			__DUMMY__ 0.9372074506861362 neg 0.03839854036882252 off 0.024394008945041193	false	0.0
unkorrekt	neg 1.0		__DUMMY__ 0.9265149673834994 neg 0.04037295754819229 off 0.03311207506830829	false	1.0
hexe	off 1.0		__DUMMY__ 0.9310394849368854 neg 0.037389263303021475 off 0.031571251760093094	false	0.5
lasch	neg 1.0		__DUMMY__ 0.928466090052115 neg 0.040495248109166666 off 0.031038661838718392	false	1.0
rivale	neg 1.0		__DUMMY__ 0.9274125341245035 neg 0.0379454188733933 off 0.034642047002103285	false	1.0
mutlos	off 1.0	off 1.0	off 0.49476025245348093 __DUMMY__ 0.46519097654993735 neg 0.040048770996581606	false	1.0
wirr	off 1.0		__DUMMY__ 0.9265038800937161 neg 0.03950683607717782 off 0.03398928382910609	false	0.5
jahr			__DUMMY__ 0.9356738330086578 neg 0.038454581019927485 off 0.025871585971414687	false	0.0
wird			__DUMMY__ 0.9320075171905275 neg 0.04135553967433682 off 0.026636943135135642	false	0.0
strafbar	neg 1.0		__DUMMY__ 0.929070923679839 neg 0.04406936752633444 off 0.026859708793826608	false	1.0
erosion	neg 1.0		__DUMMY__ 0.9334124537441408 neg 0.037040321330452416 off 0.02954722492540669	false	1.0
eingehen	neg 1.0		__DUMMY__ 0.9303625734465409 neg 0.04252600547935814 off 0.027111421074100826	false	1.0
faul	off 1.0		__DUMMY__ 0.9336968486698703 neg 0.0354119244903003 off 0.030891226839829262	false	0.5
provisorium	neg 1.0		__DUMMY__ 0.9376214723140229 neg 0.04137270678177433 off 0.02100582090420271	false	1.0
schmerzen	neg 1.0		__DUMMY__ 0.9334811089994997 neg 0.03920100489863834 off 0.02731788610186198	false	1.0
schrumpfen	neg 1.0		__DUMMY__ 0.9351024492072744 neg 0.041537436428238476 off 0.023360114364487226	false	1.0
geistlos	off 1.0		__DUMMY__ 0.9239625953059658 neg 0.04475967967026939 off 0.03127772502376474	false	0.5
fehlkauf	neg 1.0		__DUMMY__ 0.9297298896134051 neg 0.039525916220972575 off 0.030744194165622404	false	1.0
frustrierend	neg 1.0	neg 1.0	neg 0.5047138299643457 __DUMMY__ 0.4671879838463898 off 0.02809818618926449	false	1.0
unzufrieden	neg 1.0		__DUMMY__ 0.9310465951794954 neg 0.04167232864331713 off 0.027281076177187585	false	1.0
verzweifeln	neg 1.0		__DUMMY__ 0.9322006725285343 neg 0.039532745777854233 off 0.02826658169361146	false	1.0
verzweifelt	neg 1.0		__DUMMY__ 0.9308690418490386 neg 0.03965146867836645 off 0.029479489472594933	false	1.0
misstrauensantrag	neg 1.0		__DUMMY__ 0.9282872870856324 neg 0.04110187556601687 off 0.030610837348350885	false	1.0
abfallen	neg 1.0		__DUMMY__ 0.9357672183687338 neg 0.03561682467033742 off 0.02861595696092883	false	1.0
fucker	off 1.0		__DUMMY__ 0.9278395615284916 neg 0.038057369857850964 off 0.034103068613657486	false	0.5
ungezogen	neg 1.0		__DUMMY__ 0.9278293636635949 off 0.037449108136614846 neg 0.034721528199790165	false	0.5
irrsinnig	neg 1.0	neg 1.0	neg 0.507656545853955 __DUMMY__ 0.4656944455230147 off 0.026649008623030202	false	1.0
unfassbar	neg 1.0		__DUMMY__ 0.9299572471654183 neg 0.03815010123087055 off 0.031892651603711124	false	1.0
hart	neg 1.0		__DUMMY__ 0.9289374042947038 neg 0.039279522677789294 off 0.031783073027506936	false	1.0
widerlich	off 1.0		__DUMMY__ 0.9284891511360049 neg 0.03892902564230456 off 0.03258182322169051	false	0.5
fatal	neg 1.0		__DUMMY__ 0.929955910670015 neg 0.03933868015201684 off 0.030705409177968154	false	1.0
bruch	neg 1.0		__DUMMY__ 0.9296574732948134 neg 0.04509709905181009 off 0.02524542765337647	false	1.0
aushungern	neg 1.0		__DUMMY__ 0.9273864057902342 neg 0.04289886225039277 off 0.029714731959373054	false	1.0
anspannung	neg 1.0		__DUMMY__ 0.9355482137351212 neg 0.04032160319013844 off 0.024130183074740328	false	1.0
von			__DUMMY__ 0.9360940063337243 neg 0.03861059301217373 off 0.02529540065410192	false	0.0
kraftlos	neg 1.0		__DUMMY__ 0.9358212998907479 neg 0.0376397207532813 off 0.02653897935597076	false	1.0
vom			__DUMMY__ 0.9388977037968641 neg 0.039464122048203536 off 0.021638174154932396	false	0.0
grenzdebil	off 1.0		__DUMMY__ 0.9309777533855049 neg 0.0365006767184371 off 0.03252156989605792	false	0.5
vor			__DUMMY__ 0.9346570353843509 neg 0.040464849511487225 off 0.024878115104161956	false	0.0
unterwerfen	neg 1.0		__DUMMY__ 0.9307279558659152 neg 0.04242443108794177 off 0.02684761304614298	false	1.0
versenkung	neg 1.0		__DUMMY__ 0.93178692067287 neg 0.04167095145125717 off 0.026542127875872817	false	1.0
entziehen	neg 1.0		__DUMMY__ 0.9319077981539124 neg 0.04302485733432319 off 0.02506734451176437	false	1.0
finanzkrise	neg 1.0		__DUMMY__ 0.9266197098361432 neg 0.044320368292333615 off 0.029059921871523148	false	1.0
schimpfend	neg 1.0		__DUMMY__ 0.9370054780375445 neg 0.03407645723483656 off 0.028918064727618892	false	1.0
profan	neg 1.0		__DUMMY__ 0.9308184334280427 neg 0.03920496879332219 off 0.029976597778635143	false	1.0
korruption	neg 1.0		__DUMMY__ 0.9272515776309957 neg 0.044719612594684356 off 0.02802880977431994	false	1.0
â			__DUMMY__ 0.9333686214206337 neg 0.039560498878212155 off 0.027070879701154134	false	0.0
schmutzig	neg 1.0		__DUMMY__ 0.933261291738041 neg 0.034735614362522135 off 0.03200309389943688	false	1.0
sexy	neg 1.0		__DUMMY__ 0.930993850895849 neg 0.03755784137939511 off 0.03144830772475586	false	1.0
abraten	neg 1.0		__DUMMY__ 0.9328744172799505 neg 0.03786472578815535 off 0.029260856931894185	false	1.0
schwarz	neg 1.0		__DUMMY__ 0.9304013465360124 neg 0.03953707603812248 off 0.03006157742586507	false	1.0
fotze	off 1.0		__DUMMY__ 0.9303686967077704 neg 0.04166106142328766 off 0.02797024186894187	false	0.5
verwirren	neg 1.0		__DUMMY__ 0.9308935862756467 neg 0.038509453989643 off 0.03059695973471038	false	1.0
zahnlos	off 1.0		__DUMMY__ 0.929797614571277 neg 0.04261443536255522 off 0.027587950066167773	false	0.5
verheeren	neg 1.0		__DUMMY__ 0.9238633228207244 off 0.03934636530743087 neg 0.036790311871844714	false	0.5
hippie	neg 1.0		__DUMMY__ 0.93053854981236 neg 0.0380714630754816 off 0.0313899871121584	false	1.0
rammen	neg 1.0		__DUMMY__ 0.9321833576093559 neg 0.0376905374359012 off 0.030126104954743025	false	1.0
unlauter	neg 1.0	neg 1.0	neg 0.5069887641439582 __DUMMY__ 0.4651351955957055 off 0.027876040260336164	false	1.0
unheilvoll	neg 1.0		__DUMMY__ 0.9328312715588088 neg 0.03763519862403546 off 0.02953352981715565	false	1.0
niedrig	neg 1.0		__DUMMY__ 0.9313837374909472 neg 0.041709321145467236 off 0.0269069413635856	false	1.0
explosion	neg 1.0		__DUMMY__ 0.9319820597574769 neg 0.037151754814031025 off 0.030866185428491927	false	1.0
weichei	off 1.0		__DUMMY__ 0.9277178231492444 neg 0.03655660899063578 off 0.03572556786011979	false	0.5
minusmensch	off 1.0		__DUMMY__ 0.9223453246536103 off 0.03943524799717201 neg 0.03821942734921764	false	1.0
farblos	neg 1.0		__DUMMY__ 0.9313423275517996 neg 0.039728141053365806 off 0.02892953139483461	false	1.0
unwissend	neg 1.0	neg 1.0	neg 0.5059136968534609 __DUMMY__ 0.4649836339660524 off 0.029102669180486797	false	1.0
traurig	neg 1.0		__DUMMY__ 0.9304222607421013 neg 0.03598960509425796 off 0.033588134163640766	false	1.0
senkung	neg 1.0		__DUMMY__ 0.9296666019217046 neg 0.039582254768169886 off 0.030751143310125562	false	1.0
ungleich	neg 1.0	neg 1.0	neg 0.5098550446578599 __DUMMY__ 0.4658584240545503 off 0.02428653128758986	false	1.0
heikel	neg 1.0		__DUMMY__ 0.9318827755954692 neg 0.042368072739923865 off 0.025749151664606958	false	1.0
drosselung	neg 1.0		__DUMMY__ 0.9314861805325385 neg 0.03488106739279981 off 0.0336327520746616	false	1.0
falsch	neg 1.0		__DUMMY__ 0.9303539983159815 neg 0.03845660825132601 off 0.03118939343269239	false	1.0
unzufriedenheit	neg 1.0		__DUMMY__ 0.9313659948465944 neg 0.0428512823807525 off 0.025782722772653	false	1.0
kurz	neg 1.0		__DUMMY__ 0.9351287508246687 neg 0.03765291276969231 off 0.027218336405638945	false	1.0
unsinnig	neg 1.0		__DUMMY__ 0.9307640676874174 neg 0.04169468100028537 off 0.027541251312297333	false	1.0
penner	off 1.0	off 1.0	off 0.5036816132767847 __DUMMY__ 0.4642061495508441 neg 0.032112237172371196	false	1.0
seicht	neg 1.0		__DUMMY__ 0.9244149726912875 off 0.03779432425039569 neg 0.037790703058316825	false	0.5
dummheit	off 1.0	off 1.0	off 0.4978707493769605 __DUMMY__ 0.4646416045627607 neg 0.037487646060278684	false	1.0
unerfreulich	neg 1.0		__DUMMY__ 0.9327346800020068 neg 0.04203489169743911 off 0.02523042830055419	false	1.0
motherfucker	off 1.0	off 1.0	off 0.5011302518135851 __DUMMY__ 0.46429284858061987 neg 0.034576899605795186	false	1.0
pikiert	neg 1.0		__DUMMY__ 0.9290247718489323 neg 0.0392522742349524 off 0.03172295391611533	false	1.0
wrack	neg 1.0		__DUMMY__ 0.9346578444725578 neg 0.03837488298627834 off 0.02696727254116383	false	1.0
gangster	neg 1.0		__DUMMY__ 0.9306278731061832 neg 0.03859626345835005 off 0.030775863435466736	false	1.0
krank	neg 1.0		__DUMMY__ 0.932487662222563 neg 0.03536509056019815 off 0.03214724721723889	false	1.0
reich	neg 1.0		__DUMMY__ 0.9227972593000023 neg 0.04447682020619569 off 0.03272592049380207	false	1.0
gnadenlos	neg 1.0		__DUMMY__ 0.930975992477722 neg 0.03956146926662622 off 0.029462538255651767	false	1.0
niedergeschlagen	neg 1.0		__DUMMY__ 0.9327068355160938 neg 0.03969748202945351 off 0.027595682454452684	false	1.0
terrorisieren	off 1.0	off 1.0	off 0.4943300552621788 __DUMMY__ 0.46846357144654366 neg 0.03720637329127754	false	1.0
sinnlosigkeit	neg 1.0		__DUMMY__ 0.9299981867278936 neg 0.0424659461433023 off 0.027535867128804115	false	1.0
behindern	neg 1.0		__DUMMY__ 0.9336086437620441 neg 0.03800351557275474 off 0.028387840665201176	false	1.0
undemokratisch	neg 1.0		__DUMMY__ 0.9260440404870285 neg 0.043555521286502655 off 0.030400438226468787	false	1.0
wirtschaftskrise	neg 1.0		__DUMMY__ 0.9287292058095679 neg 0.04345372744829897 off 0.027817066742133138	false	1.0
neid	neg 1.0		__DUMMY__ 0.9330274732369409 neg 0.03643489202121113 off 0.03053763474184792	false	1.0
rutschen	neg 1.0		__DUMMY__ 0.9399686850072428 neg 0.03687564427220484 off 0.023155670720552267	false	1.0
rezession	neg 1.0		__DUMMY__ 0.9243434462183481 neg 0.04025949272654971 off 0.03539706105510215	false	1.0
fehlgeburt	neg 1.0		__DUMMY__ 0.9314099784899291 neg 0.03980913732918491 off 0.028780884180885934	false	1.0
charakterschwach	off 1.0		__DUMMY__ 0.9288665093269851 neg 0.0385761645653701 off 0.03255732610764477	false	0.5
isolation	neg 1.0		__DUMMY__ 0.9309106708938049 neg 0.03707785175313764 off 0.03201147735305758	false	1.0
ablenkung	neg 1.0		__DUMMY__ 0.9328944686922886 neg 0.03834536002257342 off 0.02876017128513795	false	1.0
pech	neg 1.0		__DUMMY__ 0.9312421830249219 neg 0.03864498958721633 off 0.03011282738786177	false	1.0
vermeidung	neg 1.0		__DUMMY__ 0.9317574895707389 neg 0.03542041545189014 off 0.03282209497737101	false	1.0
dominieren	neg 1.0		__DUMMY__ 0.9314881303852298 neg 0.04049373034872458 off 0.028018139266045575	false	1.0
schwindlig	neg 1.0		__DUMMY__ 0.9340782184518414 neg 0.036123791950061296 off 0.029797989598097274	false	1.0
lutscher	neg 1.0		__DUMMY__ 0.9250015838945256 off 0.03796211823674759 neg 0.037036297868726795	false	0.5
pflicht	neg 1.0		__DUMMY__ 0.9313665426477823 neg 0.04279722317891604 off 0.025836234173301668	false	1.0
faschist	off 1.0		__DUMMY__ 0.9256655531112169 neg 0.04332857661275034 off 0.031005870276032816	false	0.5
verschleudern	neg 1.0		__DUMMY__ 0.9291172458413858 neg 0.043490140767402576 off 0.02739261339121166	false	1.0
wenn			__DUMMY__ 0.9306891807497409 neg 0.038129239400069154 off 0.03118157985018985	false	0.0
ehebruch	neg 1.0		__DUMMY__ 0.9297545614266566 neg 0.04303591080595781 off 0.027209527767385593	false	1.0
spott	off 1.0		__DUMMY__ 0.9299287012373018 neg 0.043282181267822004 off 0.02678911749487633	false	0.5
trostlosigkeit	neg 1.0		__DUMMY__ 0.9276892126392132 neg 0.04624041508714963 off 0.02607037227363706	false	1.0
lutschen	neg 1.0		__DUMMY__ 0.9286099393829687 neg 0.03952441007689451 off 0.03186565054013693	false	1.0
undiszipliniert	neg 1.0		__DUMMY__ 0.9298692733995618 neg 0.036954418558199406 off 0.033176308042238804	false	1.0
kopfschmerz	neg 1.0		__DUMMY__ 0.9317855137819415 neg 0.04031156081197448 off 0.02790292540608398	false	1.0
unvorhergesehen	neg 1.0		__DUMMY__ 0.9360326369464211 neg 0.037078776584333444 off 0.02688858646924546	false	1.0
desinteressiert	neg 1.0		__DUMMY__ 0.9283843894042801 neg 0.03842023172441549 off 0.03319537887130445	false	1.0
armselig	off 1.0		__DUMMY__ 0.9273602475462313 neg 0.03862281118570501 off 0.03401694126806377	false	0.5
desaster	neg 1.0		__DUMMY__ 0.9300526928161006 neg 0.04490895011014972 off 0.025038357073749747	false	1.0
tod	neg 1.0		__DUMMY__ 0.9285221009134291 neg 0.04486100869437355 off 0.026616890392197272	false	1.0
herzlos	neg 1.0		__DUMMY__ 0.9299679068241462 neg 0.0358954583131472 off 0.034136634862706586	false	1.0
unwissenheit	neg 1.0		__DUMMY__ 0.9291253862570611 neg 0.043283428866057516 off 0.02759118487688135	false	1.0
widersinnig	neg 1.0		__DUMMY__ 0.9263129690915957 neg 0.044986819309273854 off 0.02870021159913054	false	1.0
bedenklich	neg 1.0		__DUMMY__ 0.9313970672398181 neg 0.042165033877077644 off 0.026437898883104192	false	1.0
beanstanden	neg 1.0		__DUMMY__ 0.9319749475845357 neg 0.04252901672328899 off 0.025496035692175203	false	1.0
panisch	neg 1.0	neg 1.0	neg 0.5016178241906687 __DUMMY__ 0.471690245054596 off 0.026691930754735242	false	1.0
debil	off 1.0		__DUMMY__ 0.9332940201086026 neg 0.043452216831855954 off 0.023253763059541476	false	0.5
abstrich	neg 1.0		__DUMMY__ 0.9360295355634296 neg 0.03628472307503773 off 0.02768574136153258	false	1.0
primitiv	neg 1.0		__DUMMY__ 0.9282525760655972 neg 0.03875259147727627 off 0.0329948324571266	false	1.0
abschaum	off 1.0	off 1.0	off 0.49940592173981924 __DUMMY__ 0.46400444936325885 neg 0.036589628896922	false	1.0
provozieren	neg 1.0		__DUMMY__ 0.9292657567777273 neg 0.041566899638624887 off 0.029167343583647826	false	1.0
tot	neg 1.0		__DUMMY__ 0.9304332638825835 neg 0.04179516159548587 off 0.027771574521930645	false	1.0
instabil	neg 1.0		__DUMMY__ 0.9253677087000645 neg 0.03988381893323728 off 0.034748472366698216	false	1.0
schwuchtel	off 1.0		__DUMMY__ 0.9213571191262779 off 0.04188602260675647 neg 0.03675685826696569	false	1.0
zerren	neg 1.0		__DUMMY__ 0.9329018192003662 neg 0.03943978106250339 off 0.02765839973713037	false	1.0
kinderficker	off 1.0		__DUMMY__ 0.9265129067084379 neg 0.037934401094134956 off 0.0355526921974272	false	0.5
gefahr	neg 1.0		__DUMMY__ 0.930253562042836 neg 0.04270483973285455 off 0.027041598224309377	false	1.0
rabiat	neg 1.0		__DUMMY__ 0.9311620794903593 neg 0.0399912307093692 off 0.028846689800271472	false	1.0
verlangsamung	neg 1.0		__DUMMY__ 0.9242197943144604 neg 0.03824852070905575 off 0.03753168497648384	false	1.0
ausgestorben	neg 1.0		__DUMMY__ 0.9324944069690385 neg 0.0398007842796977 off 0.027704808751263667	false	1.0
anklagen	neg 1.0		__DUMMY__ 0.9292212897626191 neg 0.041954030476246525 off 0.028824679761134463	false	1.0
trott	neg 1.0		__DUMMY__ 0.9325526930236586 neg 0.03887498810888998 off 0.028572318867451436	false	1.0
verminderung	neg 1.0		__DUMMY__ 0.9296026094497818 neg 0.03687158649305875 off 0.03352580405715943	false	1.0
nach			__DUMMY__ 0.9375678524926062 neg 0.03912266095541015 off 0.02330948655198364	false	0.0
rost	neg 1.0		__DUMMY__ 0.9270143959146546 off 0.037439678268593644 neg 0.03554592581675171	false	0.5
destruktiv	neg 1.0		__DUMMY__ 0.9285873204221484 neg 0.0429303878100753 off 0.02848229176777626	false	1.0
unzumutbarkeit	neg 1.0		__DUMMY__ 0.9313123055801631 neg 0.0356929984883675 off 0.03299469593146947	false	1.0
labil	off 1.0	off 1.0	off 0.49999438635977683 __DUMMY__ 0.4645443522468315 neg 0.035461261393391695	false	1.0
ziemlich	neg 1.0		__DUMMY__ 0.9304624385001806 neg 0.03730586249550446 off 0.032231699004314954	false	1.0
lachnummer	off 1.0		__DUMMY__ 0.9288036184296731 neg 0.042592489306055685 off 0.028603892264271312	false	0.5
oder			__DUMMY__ 0.9334701970122317 neg 0.03820727869972431 off 0.02832252428804394	false	0.0
verfall	neg 1.0		__DUMMY__ 0.9333810096777685 neg 0.04317054005930942 off 0.023448450262922055	false	1.0
ausgrenzung	neg 1.0		__DUMMY__ 0.9261554663248025 neg 0.04304054629826965 off 0.03080398737692791	false	1.0
unordnung	neg 1.0		__DUMMY__ 0.9271735037722884 neg 0.0379171690731195 off 0.034909327154592114	false	1.0
fehlverhalten	neg 1.0		__DUMMY__ 0.9301134775981502 neg 0.0432115762681725 off 0.02667494613367732	false	1.0
eine			__DUMMY__ 0.9337301506224 neg 0.04121059181915646 off 0.02505925755844356	false	0.0
nille	neg 1.0		__DUMMY__ 0.9286821590039888 neg 0.04208769635176677 off 0.02923014464424448	false	1.0
qual	neg 1.0		__DUMMY__ 0.9322920354509295 neg 0.03912598506499317 off 0.028581979484077334	false	1.0
verschwenden	neg 1.0		__DUMMY__ 0.9317458197034485 neg 0.041877613034682376 off 0.02637656726186916	false	1.0
riesig	neg 1.0		__DUMMY__ 0.9325487454031267 neg 0.03953038229768395 off 0.027920872299189277	false	1.0
verurteilen	neg 1.0		__DUMMY__ 0.9288677002653953 neg 0.04329517089275204 off 0.027837128841852653	false	1.0
klischee	neg 1.0	neg 1.0	neg 0.5075871534346884 __DUMMY__ 0.4640629493510244 off 0.028349897214287195	false	1.0
diktatorisch	neg 1.0		__DUMMY__ 0.9244153680816798 neg 0.04511023266162228 off 0.030474399256697912	false	1.0
vorhersehbar	neg 1.0		__DUMMY__ 0.927604254004605 neg 0.04202985765170912 off 0.030365888343685962	false	1.0
sowie			__DUMMY__ 0.924858765306553 neg 0.038621125431810344 off 0.03652010926163666	false	0.0
stornieren	neg 1.0		__DUMMY__ 0.9335582772379656 neg 0.03627418863957337 off 0.030167534122461086	false	1.0
besteuerung	neg 1.0		__DUMMY__ 0.9296183657860163 neg 0.040814289089106545 off 0.029567345124877194	false	1.0
ungeschminkt	neg 1.0		__DUMMY__ 0.9295644076021273 neg 0.03820002903991344 off 0.03223556335795931	false	1.0
kritisch	neg 1.0		__DUMMY__ 0.9298519616575301 neg 0.04332739054074431 off 0.026820647801725543	false	1.0
schlamperei	off 1.0		__DUMMY__ 0.9301485678560621 neg 0.042618592833967926 off 0.027232839309969892	false	0.5
sucht	neg 1.0	neg 1.0	neg 0.5001206194398332 __DUMMY__ 0.4727360878381674 off 0.02714329272199935	false	1.0
egoistisch	off 1.0		__DUMMY__ 0.9280575173437536 neg 0.03613763997046428 off 0.0358048426857821	false	0.5
ausbeuter	off 1.0		__DUMMY__ 0.9291989606097788 neg 0.044331972650265936 off 0.026469066739955263	false	0.5
arschgeburt	off 1.0		__DUMMY__ 0.9214076552528104 off 0.04188301754068063 neg 0.036709327206509	false	1.0
schubs	neg 1.0	neg 1.0	neg 0.5047077968069604 __DUMMY__ 0.47137392025415104 off 0.0239182829388885	false	1.0
unsolide	neg 1.0		__DUMMY__ 0.9224429930035157 neg 0.04476705017966238 off 0.03278995681682193	false	1.0
beschwerde	neg 1.0		__DUMMY__ 0.930160305298383 neg 0.04216044018758042 off 0.027679254514036557	false	1.0
stocken	neg 1.0		__DUMMY__ 0.9324995263766483 neg 0.04037952094165878 off 0.027120952681692848	false	1.0
isolieren	neg 1.0		__DUMMY__ 0.9342328879466315 neg 0.03744945571065035 off 0.028317656342718107	false	1.0
unheilbar	neg 1.0		__DUMMY__ 0.9301731235687475 neg 0.040429358393108655 off 0.02939751803814385	false	1.0
pisser	off 1.0		__DUMMY__ 0.9268716671445827 neg 0.03851515661282544 off 0.03461317624259189	false	0.5
löschen	neg 1.0		__DUMMY__ 0.9306375784455507 neg 0.03975551310123469 off 0.029606908453214623	false	1.0
durchfallen	neg 1.0		__DUMMY__ 0.9316605758633802 neg 0.04157544176872961 off 0.026763982367890155	false	1.0
wichser	off 1.0		__DUMMY__ 0.9255621911502009 off 0.038894043292964496 neg 0.03554376555683458	false	1.0
terror	neg 1.0		__DUMMY__ 0.9327441914808952 neg 0.03632217154951401 off 0.030933636969590905	false	1.0
krass	neg 1.0		__DUMMY__ 0.9290790334379534 neg 0.03687095673474289 off 0.03405000982730367	false	1.0
revolte	neg 1.0	neg 1.0	neg 0.5106763935837492 __DUMMY__ 0.46041557473198685 off 0.028908031684264073	false	1.0
besorgt	neg 1.0		__DUMMY__ 0.9363082569794817 neg 0.03627644350117899 off 0.02741529951933922	false	1.0
nachlassen	neg 1.0		__DUMMY__ 0.933326055433954 neg 0.03944691684717904 off 0.02722702771886699	false	1.0
alt	neg 1.0		__DUMMY__ 0.9364565288190971 neg 0.03828030391139829 off 0.025263167269504595	false	1.0
hundesohn	off 1.0		__DUMMY__ 0.9235438453705245 off 0.0387949897534147 neg 0.037661164876060804	false	1.0
als			__DUMMY__ 0.9332796506345399 neg 0.03960504541884603 off 0.027115303946614152	false	0.0
abschreckung	neg 1.0		__DUMMY__ 0.9311508250494301 neg 0.04308451750092596 off 0.025764657449643912	false	1.0
unqualifiziert	neg 1.0		__DUMMY__ 0.928662950422106 neg 0.04074963667369714 off 0.03058741290419682	false	1.0
abgewichst	off 1.0		__DUMMY__ 0.9306831628920126 neg 0.04103245951311401 off 0.028284377594873393	false	0.5
schwer	neg 1.0		__DUMMY__ 0.9322318929033777 neg 0.03942589903674964 off 0.028342208059872673	false	1.0
bedeutungslosigkeit	neg 1.0		__DUMMY__ 0.9301609691875594 neg 0.04361969534369016 off 0.026219335468750427	false	1.0
kapitulation	neg 1.0		__DUMMY__ 0.9260717720295613 neg 0.04607784550236009 off 0.027850382468078687	false	1.0
unscharf	neg 1.0		__DUMMY__ 0.9310755467019833 neg 0.03884881209914386 off 0.030075641198872776	false	1.0
schwinden	neg 1.0		__DUMMY__ 0.9321972271829648 neg 0.041621887676248366 off 0.026180885140786855	false	1.0
versklavung	neg 1.0	neg 1.0	neg 0.5100357568184454 __DUMMY__ 0.4625040117277837 off 0.027460231453770887	false	1.0
schlecht	neg 1.0		__DUMMY__ 0.9309135728096526 neg 0.036585262149135586 off 0.03250116504121185	false	1.0
verhasst	neg 1.0		__DUMMY__ 0.928664044385252 neg 0.04210109838323245 off 0.029234857231515587	false	1.0
beschweren	neg 1.0		__DUMMY__ 0.9316673613242431 neg 0.03860181304653114 off 0.029730825629225854	false	1.0
scheiden	neg 1.0		__DUMMY__ 0.9322127444267351 neg 0.03989518877569758 off 0.027892066797567262	false	1.0
frustriert	neg 1.0		__DUMMY__ 0.9316523813681419 neg 0.040513027491268144 off 0.027834591140590073	false	1.0
schimmelig	neg 1.0		__DUMMY__ 0.9318250496098116 neg 0.04218992687397459 off 0.02598502351621375	false	1.0
fisch	neg 1.0	neg 1.0	neg 0.5041933259407038 __DUMMY__ 0.47192612610446444 off 0.02388054795483184	false	1.0
schmuggel	neg 1.0		__DUMMY__ 0.9351314717564527 neg 0.03924953498797966 off 0.025618993255567657	false	1.0
auffallen	neg 1.0		__DUMMY__ 0.9311217635589228 neg 0.038848981438818736 off 0.03002925500225842	false	1.0
konkurrenz	neg 1.0		__DUMMY__ 0.9342480556623267 neg 0.0403773077379384 off 0.025374636599734875	false	1.0
teufelskreis	neg 1.0		__DUMMY__ 0.930321289829599 neg 0.04155441713504954 off 0.028124293035351442	false	1.0
aufschreien	neg 1.0		__DUMMY__ 0.9288938020930865 neg 0.04092369194289029 off 0.030182505964023193	false	1.0
schuldner	neg 1.0		__DUMMY__ 0.929677108133824 neg 0.04355060479562321 off 0.02677228707055283	false	1.0
missgeburt	off 1.0	off 1.0	off 0.50319204108375 __DUMMY__ 0.4627010911269143 neg 0.0341068677893356	false	1.0
arbeitslos	neg 1.0		__DUMMY__ 0.9303721540234082 neg 0.042057822224598876 off 0.02757002375199287	false	1.0
befallen	neg 1.0		__DUMMY__ 0.9270256365561598 neg 0.04519869185770604 off 0.027775671586134205	false	1.0
miesepetrig	off 1.0		__DUMMY__ 0.9316937123152212 neg 0.0364495527803739 off 0.03185673490440475	false	0.5
alarmieren	neg 1.0		__DUMMY__ 0.9279821246367165 neg 0.03961775431889546 off 0.03240012104438807	false	1.0
ungeduscht	off 1.0		__DUMMY__ 0.9313703231553255 neg 0.03857352302704787 off 0.030056153817626587	false	0.5
knappheit	neg 1.0		__DUMMY__ 0.9309599367886753 neg 0.04139529592175086 off 0.02764476728957388	false	1.0
schlange	neg 1.0		__DUMMY__ 0.9332113138536592 neg 0.03747257561797908 off 0.02931611052836171	false	1.0
harsch	neg 1.0		__DUMMY__ 0.929641740317488 off 0.03629633104034549 neg 0.034061928642166485	false	0.5
lang	neg 1.0		__DUMMY__ 0.9313228669393215 neg 0.039095251632702825 off 0.029581881427975677	false	1.0
ziellos	neg 1.0		__DUMMY__ 0.932356426342235 neg 0.040726627726146825 off 0.0269169459316181	false	1.0
selbstverliebt	neg 1.0		__DUMMY__ 0.9221263910008315 off 0.039949378859792765 neg 0.037924230139375646	false	0.5
beseitigen	neg 1.0		__DUMMY__ 0.9346139379566043 neg 0.03610794585448368 off 0.029278116188912087	false	1.0
dumm	off 1.0		__DUMMY__ 0.9266832912536376 neg 0.037010389620035264 off 0.03630631912632718	false	0.5
arbeitsloser	neg 1.0		__DUMMY__ 0.9310709704168917 neg 0.04188500637218096 off 0.02704402321092736	false	1.0
blitzen	neg 1.0		__DUMMY__ 0.9297450435052819 neg 0.03894872870075056 off 0.03130622779396757	false	1.0
hilflos	neg 1.0		__DUMMY__ 0.9321285910195858 neg 0.040388563012536065 off 0.027482845967878134	false	1.0
eklig	off 1.0		__DUMMY__ 0.9255584522983822 neg 0.03760955303480059 off 0.03683199466681727	false	0.5
begriff			__DUMMY__ 0.9309516389125948 neg 0.04114930610135735 off 0.02789905498604781	false	0.0
hungersnot	neg 1.0		__DUMMY__ 0.9256184125481829 neg 0.04514951833926542 off 0.029232069112551745	false	1.0
ungesetzlich	neg 1.0		__DUMMY__ 0.9252199262197965 neg 0.043358448885639334 off 0.03142162489456412	false	1.0
verschwendung	neg 1.0		__DUMMY__ 0.9320643940889952 neg 0.0420552409041496 off 0.02588036500685517	false	1.0
schmerzvoll	neg 1.0		__DUMMY__ 0.9315292405077402 neg 0.03881035586291185 off 0.029660403629347906	false	1.0
vorzeitig	neg 1.0		__DUMMY__ 0.9308766252584219 neg 0.03679773710403461 off 0.03232563763754351	false	1.0
unvollkommenheit	neg 1.0		__DUMMY__ 0.9315565090429168 neg 0.03960404438342579 off 0.02883944657365754	false	1.0
intervenieren	neg 1.0		__DUMMY__ 0.9285940741572809 neg 0.0446459631330894 off 0.02675996270962979	false	1.0
banause	off 1.0		__DUMMY__ 0.9247307646354295 off 0.03779916671960644 neg 0.03747006864496414	false	1.0
rebell	neg 1.0		__DUMMY__ 0.934375238547834 neg 0.04081164330104746 off 0.02481311815111855	false	1.0
unlogisch	neg 1.0		__DUMMY__ 0.9279278413642432 neg 0.03805409297117949 off 0.03401806566457731	false	1.0
leiden	neg 1.0	neg 1.0	neg 0.5018977192722877 __DUMMY__ 0.47575377430111054 off 0.02234850642660178	false	1.0
abschaffung	neg 1.0		__DUMMY__ 0.928676199845511 neg 0.041605272167389164 off 0.02971852798709979	false	1.0
sturz	neg 1.0		__DUMMY__ 0.9279345011660195 neg 0.04200092279583003 off 0.030064576038150482	false	1.0
verkleinerung	neg 1.0		__DUMMY__ 0.9266327607618546 neg 0.04154967582176033 off 0.03181756341638506	false	1.0
schmarotzer	off 1.0		__DUMMY__ 0.9292623256131923 neg 0.04339639718444385 off 0.027341277202363835	false	0.5
bestrafung	neg 1.0		__DUMMY__ 0.9300293042863303 neg 0.04025168638075024 off 0.029719009332919363	false	1.0
achtlos	neg 1.0		__DUMMY__ 0.9331841717515206 neg 0.03857738179764975 off 0.02823844645082969	false	1.0
