unsolidarisch	neg 1.0		__DUMMY__ 0.9242845029888775 neg 0.04569763870477347 off 0.030017858306348937	false	1.0
nachteilig	neg 1.0		__DUMMY__ 0.9314839011026208 neg 0.041315022806351985 off 0.027201076091027263	false	1.0
skeptisch	neg 1.0		__DUMMY__ 0.9331061339950237 neg 0.041624088512112974 off 0.02526977749286333	false	1.0
schrecklich	neg 1.0		__DUMMY__ 0.9288877257980356 neg 0.03679612076302573 off 0.03431615343893864	false	1.0
schlapp	neg 1.0		__DUMMY__ 0.9329420572589204 neg 0.036101091959829724 off 0.030956850781249788	false	1.0
abfall	neg 1.0		__DUMMY__ 0.9335310030927171 neg 0.04230002587439782 off 0.02416897103288511	false	1.0
widerspenstig	neg 1.0		__DUMMY__ 0.9342338956185392 neg 0.037730607090377226 off 0.02803549729108355	false	1.0
abrupt	neg 1.0		__DUMMY__ 0.9349184860160056 neg 0.03786154587901932 off 0.027219968104975067	false	1.0
unwirksam	neg 1.0		__DUMMY__ 0.9268910215359438 neg 0.043588391721459056 off 0.02952058674259709	false	1.0
angreifen	neg 1.0		__DUMMY__ 0.9312433094302667 neg 0.04229404387809647 off 0.026462646691636914	false	1.0
inkonsistent	neg 1.0		__DUMMY__ 0.929975175989442 neg 0.03995403574016936 off 0.03007078827038867	false	1.0
abrutschen	neg 1.0		__DUMMY__ 0.9345360626472604 neg 0.04127234371456627 off 0.02419159363817328	false	1.0
unsicher	neg 1.0		__DUMMY__ 0.9324432241481877 neg 0.038946193386967275 off 0.028610582464844936	false	1.0
bauernkind	off 1.0		__DUMMY__ 0.9248787104168676 neg 0.03858614486399816 off 0.036535144719134154	false	0.5
angreifer	neg 1.0		__DUMMY__ 0.9283459153231655 neg 0.04046095184261176 off 0.031193132834222745	false	1.0
trennen	neg 1.0		__DUMMY__ 0.9363641980561058 neg 0.038255105981896666 off 0.025380695961997445	false	1.0
schmutz	neg 1.0		__DUMMY__ 0.9366169073855899 neg 0.03171699434552282 off 0.031666098268887354	false	1.0
inkonsistenz	neg 1.0	neg 1.0	neg 0.5065206325867022 __DUMMY__ 0.4652160211011969 off 0.02826334631210081	false	1.0
erschreckend	neg 1.0		__DUMMY__ 0.9307303273690878 neg 0.0412341005241848 off 0.028035572106727368	false	1.0
ertrinken	neg 1.0		__DUMMY__ 0.934325653579346 neg 0.039291668910166146 off 0.026382677510487843	false	1.0
pickelface	off 1.0		__DUMMY__ 0.9300499009097465 neg 0.04045426178425003 off 0.029495837306003463	false	0.5
seiner			__DUMMY__ 0.9325173407010643 neg 0.04138283569690829 off 0.02609982360202743	false	0.0
lauch	neg 1.0		__DUMMY__ 0.9339202520073486 neg 0.04129184293767426 off 0.02478790505497718	false	1.0
unwichtig	neg 1.0		__DUMMY__ 0.9297993331468087 neg 0.03852800320757874 off 0.031672663645612595	false	1.0
steuerhinterziehung	neg 1.0		__DUMMY__ 0.9275583699527046 neg 0.04361369115005055 off 0.028827938897244963	false	1.0
schock	neg 1.0		__DUMMY__ 0.9349611271646605 neg 0.03782995141539732 off 0.027208921419942137	false	1.0
beule	neg 1.0		__DUMMY__ 0.9327277516592363 neg 0.03552159565691123 off 0.03175065268385241	false	1.0
vergelten	neg 1.0		__DUMMY__ 0.926501392027279 neg 0.03775922452966474 off 0.03573938344305628	false	1.0
verdorbenheit	neg 1.0		__DUMMY__ 0.934728193007259 neg 0.03628681884673455 off 0.028984988146006474	false	1.0
trauma	neg 1.0		__DUMMY__ 0.9310190657280483 neg 0.03908767089702685 off 0.029893263374924938	false	1.0
sinnlos	neg 1.0		__DUMMY__ 0.9308761788339753 neg 0.0390093038790063 off 0.030114517287018423	false	1.0
fettsack	off 1.0	off 1.0	off 0.5025470248648789 __DUMMY__ 0.46304515768185683 neg 0.03440781745326426	false	1.0
feige	off 1.0		__DUMMY__ 0.9283032699666312 neg 0.040120921599620725 off 0.031575808433748166	false	0.5
abdanken	neg 1.0		__DUMMY__ 0.925317066579989 neg 0.04542035913226365 off 0.029262574287747395	false	1.0
wichtigtuer	off 1.0	off 1.0	off 0.4974426850449464 __DUMMY__ 0.46495156561511075 neg 0.03760574933994279	false	1.0
misslingen	neg 1.0		__DUMMY__ 0.9349512297409525 neg 0.03540545947541295 off 0.029643310783634608	false	1.0
untreu	off 1.0		__DUMMY__ 0.93005576963066 neg 0.03782592288755037 off 0.032118307481789655	false	0.5
missmutig	neg 1.0		__DUMMY__ 0.9324512728469844 neg 0.036650978496544605 off 0.030897748656471057	false	1.0
hurenbock	off 1.0		__DUMMY__ 0.9357984167411575 neg 0.035262217235527034 off 0.02893936602331543	false	0.5
betrunken	neg 1.0		__DUMMY__ 0.9314253862871283 neg 0.03591022064404151 off 0.0326643930688302	false	1.0
korrupt	off 1.0		__DUMMY__ 0.9267509880069611 neg 0.04516382605531793 off 0.028085185937721014	false	0.5
unmut	neg 1.0		__DUMMY__ 0.9328904239660853 neg 0.04223123285033738 off 0.024878343183577258	false	1.0
hackfresse	off 1.0		__DUMMY__ 0.9275836525644867 off 0.036537753186778536 neg 0.03587859424873472	false	1.0
aufblasen	neg 1.0		__DUMMY__ 0.9335065450915696 neg 0.037277928419350445 off 0.029215526489079945	false	1.0
gewaltsam	neg 1.0		__DUMMY__ 0.9280503696170576 neg 0.042117257776286394 off 0.02983237260665613	false	1.0
unbeliebtheit	neg 1.0		__DUMMY__ 0.9216874129659641 neg 0.04440121782329613 off 0.03391136921073976	false	1.0
sturheit	neg 1.0		__DUMMY__ 0.9286946993209239 neg 0.04289762671438774 off 0.02840767396468845	false	1.0
kuh	neg 1.0		__DUMMY__ 0.9297069046457531 neg 0.04099044737347379 off 0.029302647980773127	false	1.0
erschrecken	neg 1.0		__DUMMY__ 0.9319483920974981 neg 0.03725323150419367 off 0.030798376398308163	false	1.0
opfer	neg 1.0	neg 1.0	neg 0.507715012485415 __DUMMY__ 0.4680873605345589 off 0.024197626980026147	false	1.0
sinken	neg 1.0		__DUMMY__ 0.9332779255715665 neg 0.0416117663180032 off 0.02511030811043032	false	1.0
stinktier	neg 1.0		__DUMMY__ 0.9270594191069197 neg 0.03842556923698159 off 0.034515011656098785	false	1.0
tucke	off 1.0		__DUMMY__ 0.9291649685210467 off 0.03648346967523804 neg 0.0343515618037152	false	1.0
ein			__DUMMY__ 0.935465180623074 neg 0.03604572964811488 off 0.028489089728811083	false	0.0
abstieg	neg 1.0		__DUMMY__ 0.9296142676243069 neg 0.04237798690401297 off 0.028007745471680143	false	1.0
missverstehen	neg 1.0		__DUMMY__ 0.9287017343055994 neg 0.041070405760510846 off 0.030227859933889777	false	1.0
ergebnislos	neg 1.0		__DUMMY__ 0.9310522369277884 neg 0.041345593661030876 off 0.027602169411180773	false	1.0
unter			__DUMMY__ 0.9393952211245623 neg 0.03923187683847362 off 0.02137290203696419	false	0.0
manipulieren	neg 1.0		__DUMMY__ 0.9314212300446095 neg 0.04228381819796471 off 0.026294951757425748	false	1.0
unbewiesen	neg 1.0		__DUMMY__ 0.9237283300985427 neg 0.046363149640441824 off 0.029908520261015432	false	1.0
verschleppen	neg 1.0		__DUMMY__ 0.9304080701733228 neg 0.04209605706443477 off 0.02749587276224244	false	1.0
weib	off 1.0		__DUMMY__ 0.9263736822628016 off 0.037390004159918624 neg 0.036236313577279786	false	1.0
opposition	neg 1.0		__DUMMY__ 0.9264017075737199 neg 0.043456235368700066 off 0.030142057057580107	false	1.0
verkehrswidrig	neg 1.0		__DUMMY__ 0.9304610714397512 off 0.03492507954382775 neg 0.03461384901642112	false	0.5
inkorrekt	neg 1.0		__DUMMY__ 0.9247456774050047 neg 0.04240338768823318 off 0.032850934906762046	false	1.0
vermeiden	neg 1.0		__DUMMY__ 0.9366381572485869 neg 0.04033212232232346 off 0.023029720429089632	false	1.0
abweichung	neg 1.0		__DUMMY__ 0.9266620586878607 neg 0.045548195872830426 off 0.02778974543930884	false	1.0
alkoholisiert	neg 1.0		__DUMMY__ 0.933710282855931 neg 0.03965073458787233 off 0.026638982556196643	false	1.0
scheiss	off 1.0	off 1.0	off 0.4993289578930512 __DUMMY__ 0.4668770660014158 neg 0.03379397610553293	false	1.0
herausforderung	neg 1.0		__DUMMY__ 0.9375615530718285 neg 0.03559087283207735 off 0.02684757409609417	false	1.0
pervers	off 1.0		__DUMMY__ 0.925815181368996 off 0.039256511525460544 neg 0.03492830710554342	false	1.0
wackelig	neg 1.0		__DUMMY__ 0.9370531943043794 neg 0.036431016789048594 off 0.02651578890657195	false	1.0
verwickeln	neg 1.0		__DUMMY__ 0.9300677372426663 neg 0.039910087336140744 off 0.030022175421192916	false	1.0
vorwand	neg 1.0		__DUMMY__ 0.9317269956506916 neg 0.04284969967902492 off 0.02542330467028345	false	1.0
muschi	off 1.0		__DUMMY__ 0.929644810233103 neg 0.041096060473691194 off 0.02925912929320579	false	0.5
entmutigung	neg 1.0		__DUMMY__ 0.9212437590307799 neg 0.04726714227252458 off 0.031489098696695535	false	1.0
unangemessen	neg 1.0		__DUMMY__ 0.9287211180359655 neg 0.043669158507549016 off 0.02760972345648547	false	1.0
unstetig	neg 1.0		__DUMMY__ 0.9290080209421819 neg 0.039876581690753546 off 0.031115397367064465	false	1.0
entmutigen	neg 1.0		__DUMMY__ 0.9321050728211657 neg 0.038556139400842175 off 0.0293387877779921	false	1.0
schwanz	neg 1.0		__DUMMY__ 0.9323833312226946 neg 0.04021211455246753 off 0.027404554224837865	false	1.0
verbot	neg 1.0		__DUMMY__ 0.9278548747366232 neg 0.04376852096551627 off 0.0283766042978605	false	1.0
leid	neg 1.0		__DUMMY__ 0.9284034744659311 neg 0.03630721901914613 off 0.03528930651492281	false	1.0
archaisch	neg 1.0		__DUMMY__ 0.929176045468437 neg 0.043011116727354366 off 0.027812837804208568	false	1.0
gegen			__DUMMY__ 0.9309285252039128 neg 0.04312772339158723 off 0.025943751404499973	false	0.0
scheidung	neg 1.0	neg 1.0	neg 0.4969647923834607 __DUMMY__ 0.4624040080058309 off 0.04063119961070834	false	1.0
einschlag	neg 1.0		__DUMMY__ 0.9286554368610698 neg 0.03626328080154747 off 0.03508128233738274	false	1.0
m			__DUMMY__ 0.9334937897982536 neg 0.038841509013009694 off 0.027664701188736703	false	0.0
abgestanden	neg 1.0		__DUMMY__ 0.9337115051749235 neg 0.03847594300219214 off 0.02781255182288431	false	1.0
schmierig	off 1.0		__DUMMY__ 0.9298358690152585 neg 0.035669980687084345 off 0.03449415029765711	false	0.5
unpraktisch	neg 1.0		__DUMMY__ 0.934220995358898 neg 0.03680321894810129 off 0.028975785693000727	false	1.0
wixxer	off 1.0		__DUMMY__ 0.9240328225112773 off 0.03946214551739285 neg 0.03650503197132991	false	1.0
bezeichnet			__DUMMY__ 0.929456906024973 neg 0.04200740061723057 off 0.028535693357796408	false	0.0
jammerlappen	off 1.0		__DUMMY__ 0.9302912279326946 neg 0.0380902112501871 off 0.03161856081711837	false	0.5
farce	neg 1.0		__DUMMY__ 0.9240975181907284 neg 0.047094916960251566 off 0.028807564849020067	false	1.0
zwecklos	neg 1.0		__DUMMY__ 0.9298316717569133 neg 0.04286634115466595 off 0.02730198708842083	false	1.0
turbulent	neg 1.0		__DUMMY__ 0.9282247680243125 neg 0.037696765802878146 off 0.03407846617280932	false	1.0
invasion	neg 1.0		__DUMMY__ 0.932330178457104 neg 0.036973786907620876 off 0.03069603463527504	false	1.0
schuld	neg 1.0		__DUMMY__ 0.9304888154942622 neg 0.0401414640251506 off 0.02936972048058721	false	1.0
risiko	neg 1.0		__DUMMY__ 0.934214920271831 neg 0.03504242222096206 off 0.03074265750720696	false	1.0
finster	neg 1.0		__DUMMY__ 0.9342488262642998 neg 0.037610510751916244 off 0.028140662983783933	false	1.0
geisteskrank	off 1.0		__DUMMY__ 0.9264534960733775 neg 0.04052321049120417 off 0.033023293435418356	false	0.5
zusammenbrechen	neg 1.0		__DUMMY__ 0.9331056723555193 neg 0.039152993023850405 off 0.027741334620630245	false	1.0
ausbeute	neg 1.0		__DUMMY__ 0.9355453778489614 neg 0.038098188491210105 off 0.026356433659828527	false	1.0
hinterhalt	neg 1.0		__DUMMY__ 0.9316033950997064 neg 0.03906526708158081 off 0.029331337818712843	false	1.0
kritik	neg 1.0		__DUMMY__ 0.9254990890465343 neg 0.045760348183094865 off 0.028740562770370907	false	1.0
einschrumpfen	neg 1.0		__DUMMY__ 0.9262766291300977 neg 0.042089888819717 off 0.031633482050185326	false	1.0
riskant	neg 1.0		__DUMMY__ 0.9325497949942223 neg 0.041095193970999935 off 0.02635501103477774	false	1.0
frustrieren	neg 1.0		__DUMMY__ 0.9314502220020769 neg 0.04218941688135925 off 0.026360361116563768	false	1.0
groll	neg 1.0		__DUMMY__ 0.9303495845387368 neg 0.04222668177491957 off 0.027423733686343606	false	1.0
gibt			__DUMMY__ 0.9313283968583091 neg 0.04103947616219591 off 0.02763212697949499	false	0.0
qualvoll	neg 1.0		__DUMMY__ 0.9324080822587079 neg 0.03764996806868316 off 0.029941949672608957	false	1.0
wackeln	neg 1.0		__DUMMY__ 0.9352922449095519 neg 0.03590909840135888 off 0.028798656689089302	false	1.0
klagen	neg 1.0		__DUMMY__ 0.931414629788056 neg 0.04316056532278808 off 0.02542480488915583	false	1.0
bankrott	neg 1.0		__DUMMY__ 0.9318333019021363 neg 0.036620198335109516 off 0.03154649976275415	false	1.0
trauern	neg 1.0		__DUMMY__ 0.9329823431529232 neg 0.04057247697486841 off 0.02644517987220835	false	1.0
ablehnung	neg 1.0	neg 1.0	neg 0.5109961105578126 __DUMMY__ 0.4629711721250978 off 0.026032717317089577	false	1.0
stur	neg 1.0		__DUMMY__ 0.9308542745421059 neg 0.03955617824525529 off 0.02958954721263876	false	1.0
aufruhr	neg 1.0		__DUMMY__ 0.9271246136608594 neg 0.04327194567974357 off 0.029603440659397028	false	1.0
melancholie	neg 1.0		__DUMMY__ 0.9353569349080364 neg 0.03805579880552959 off 0.026587266286433982	false	1.0
ist			__DUMMY__ 0.9301916977355 neg 0.040154671636208714 off 0.02965363062829113	false	0.0
torheit	neg 1.0		__DUMMY__ 0.9249743964744236 neg 0.04481533112632088 off 0.030210272399255566	false	1.0
dreckskind	off 1.0		__DUMMY__ 0.9234081102063983 neg 0.040476882633406236 off 0.03611500716019546	false	0.5
umtauschen	neg 1.0		__DUMMY__ 0.9337345076885087 neg 0.03845744989744556 off 0.02780804241404571	false	1.0
zum			__DUMMY__ 0.9397421714877654 neg 0.03708281517510579 off 0.023175013337128778	false	0.0
zersetzen	neg 1.0		__DUMMY__ 0.931329596373427 neg 0.04280396339678453 off 0.025866440229788446	false	1.0
zur			__DUMMY__ 0.9341111292347993 neg 0.04222845672556985 off 0.02366041403963082	false	0.0
frust	neg 1.0		__DUMMY__ 0.9323856178741525 neg 0.0399389265746882 off 0.02767545555115917	false	1.0
unerbittlichkeit	neg 1.0		__DUMMY__ 0.9305111491403975 neg 0.042978466772648743 off 0.026510384086953866	false	1.0
zwei			__DUMMY__ 0.9372074506861362 neg 0.038398540368822516 off 0.024394008945041158	false	0.0
unkorrekt	neg 1.0		__DUMMY__ 0.9265149673834994 neg 0.0403729575481923 off 0.0331120750683083	false	1.0
hexe	off 1.0		__DUMMY__ 0.9310394849368854 neg 0.03738926330302148 off 0.03157125176009309	false	0.5
lasch	neg 1.0		__DUMMY__ 0.9284660900521149 neg 0.04049524810916674 off 0.03103866183871844	false	1.0
rivale	neg 1.0		__DUMMY__ 0.9274125341245033 neg 0.0379454188733933 off 0.03464204700210329	false	1.0
mutlos	off 1.0	off 1.0	off 0.494760252453481 __DUMMY__ 0.46519097654993746 neg 0.04004877099658152	false	1.0
wirr	off 1.0		__DUMMY__ 0.9265038800937163 neg 0.03950683607717777 off 0.03398928382910598	false	0.5
jahr			__DUMMY__ 0.9356738330086578 neg 0.03845458101992749 off 0.025871585971414687	false	0.0
wird			__DUMMY__ 0.9320075171905274 neg 0.04135553967433686 off 0.026636943135135687	false	0.0
strafbar	neg 1.0		__DUMMY__ 0.929070923679839 neg 0.04406936752633436 off 0.026859708793826615	false	1.0
erosion	neg 1.0		__DUMMY__ 0.9334124537441408 neg 0.037040321330452444 off 0.029547224925406644	false	1.0
eingehen	neg 1.0		__DUMMY__ 0.9303625734465412 neg 0.04252600547935803 off 0.0271114210741008	false	1.0
faul	off 1.0		__DUMMY__ 0.9336968486698705 neg 0.0354119244903003 off 0.03089122683982923	false	0.5
provisorium	neg 1.0		__DUMMY__ 0.9376214723140229 neg 0.04137270678177433 off 0.02100582090420271	false	1.0
schmerzen	neg 1.0		__DUMMY__ 0.9334811089994998 neg 0.03920100489863831 off 0.02731788610186193	false	1.0
schrumpfen	neg 1.0		__DUMMY__ 0.9351024492072744 neg 0.04153743642823848 off 0.023360114364487254	false	1.0
geistlos	off 1.0		__DUMMY__ 0.9239625953059659 neg 0.044759679670269316 off 0.031277725023764726	false	0.5
fehlkauf	neg 1.0		__DUMMY__ 0.9297298896134051 neg 0.039525916220972616 off 0.030744194165622397	false	1.0
frustrierend	neg 1.0	neg 1.0	neg 0.5047138299643457 __DUMMY__ 0.46718798384639 off 0.028098186189264407	false	1.0
unzufrieden	neg 1.0		__DUMMY__ 0.9310465951794954 neg 0.0416723286433171 off 0.027281076177187537	false	1.0
verzweifeln	neg 1.0		__DUMMY__ 0.9322006725285343 neg 0.0395327457778542 off 0.028266581693611532	false	1.0
verzweifelt	neg 1.0		__DUMMY__ 0.9308690418490387 neg 0.03965146867836642 off 0.029479489472594902	false	1.0
misstrauensantrag	neg 1.0		__DUMMY__ 0.9282872870856324 neg 0.04110187556601677 off 0.03061083734835089	false	1.0
abfallen	neg 1.0		__DUMMY__ 0.9357672183687338 neg 0.03561682467033745 off 0.02861595696092883	false	1.0
fucker	off 1.0		__DUMMY__ 0.9278395615284916 neg 0.03805736985785096 off 0.034103068613657556	false	0.5
ungezogen	neg 1.0		__DUMMY__ 0.9278293636635949 off 0.037449108136614895 neg 0.034721528199790165	false	0.5
irrsinnig	neg 1.0	neg 1.0	neg 0.507656545853955 __DUMMY__ 0.46569444552301487 off 0.02664900862303018	false	1.0
unfassbar	neg 1.0		__DUMMY__ 0.9299572471654185 neg 0.038150101230870516 off 0.03189265160371107	false	1.0
hart	neg 1.0		__DUMMY__ 0.9289374042947038 neg 0.039279522677789225 off 0.031783073027506936	false	1.0
widerlich	off 1.0		__DUMMY__ 0.9284891511360049 neg 0.03892902564230459 off 0.03258182322169047	false	0.5
fatal	neg 1.0		__DUMMY__ 0.9299559106700153 neg 0.039338680152016664 off 0.03070540917796807	false	1.0
bruch	neg 1.0		__DUMMY__ 0.9296574732948135 neg 0.04509709905181001 off 0.025245427653376413	false	1.0
aushungern	neg 1.0		__DUMMY__ 0.9273864057902341 neg 0.04289886225039281 off 0.02971473195937305	false	1.0
anspannung	neg 1.0		__DUMMY__ 0.9355482137351212 neg 0.04032160319013851 off 0.024130183074740342	false	1.0
von			__DUMMY__ 0.9360940063337243 neg 0.03861059301217378 off 0.02529540065410195	false	0.0
kraftlos	neg 1.0		__DUMMY__ 0.935821299890748 neg 0.03763972075328123 off 0.02653897935597072	false	1.0
vom			__DUMMY__ 0.9388977037968641 neg 0.039464122048203515 off 0.021638174154932407	false	0.0
grenzdebil	off 1.0		__DUMMY__ 0.9309777533855048 neg 0.03650067671843719 off 0.032521569896058033	false	0.5
vor			__DUMMY__ 0.9346570353843509 neg 0.040464849511487225 off 0.02487811510416194	false	0.0
unterwerfen	neg 1.0		__DUMMY__ 0.9307279558659153 neg 0.04242443108794171 off 0.026847613046143	false	1.0
versenkung	neg 1.0		__DUMMY__ 0.9317869206728698 neg 0.04167095145125719 off 0.026542127875872887	false	1.0
entziehen	neg 1.0		__DUMMY__ 0.9319077981539124 neg 0.043024857334323256 off 0.025067344511764324	false	1.0
finanzkrise	neg 1.0		__DUMMY__ 0.9266197098361432 neg 0.04432036829233368 off 0.029059921871523137	false	1.0
schimpfend	neg 1.0		__DUMMY__ 0.9370054780375445 neg 0.034076457234836585 off 0.028918064727618816	false	1.0
profan	neg 1.0		__DUMMY__ 0.9308184334280425 neg 0.03920496879332223 off 0.02997659777863523	false	1.0
korruption	neg 1.0		__DUMMY__ 0.9272515776309957 neg 0.044719612594684384 off 0.02802880977431992	false	1.0
â			__DUMMY__ 0.9333686214206337 neg 0.03956049887821216 off 0.02707087970115417	false	0.0
schmutzig	neg 1.0		__DUMMY__ 0.9332612917380411 neg 0.0347356143625221 off 0.03200309389943681	false	1.0
sexy	neg 1.0		__DUMMY__ 0.9309938508958491 neg 0.03755784137939505 off 0.031448307724755806	false	1.0
abraten	neg 1.0		__DUMMY__ 0.9328744172799505 neg 0.03786472578815535 off 0.029260856931894192	false	1.0
schwarz	neg 1.0		__DUMMY__ 0.9304013465360124 neg 0.03953707603812253 off 0.03006157742586512	false	1.0
fotze	off 1.0		__DUMMY__ 0.9303686967077706 neg 0.041661061423287626 off 0.027970241868941863	false	0.5
verwirren	neg 1.0		__DUMMY__ 0.9308935862756466 neg 0.038509453989643054 off 0.03059695973471046	false	1.0
zahnlos	off 1.0		__DUMMY__ 0.9297976145712769 neg 0.04261443536255524 off 0.027587950066167835	false	0.5
verheeren	neg 1.0		__DUMMY__ 0.9238633228207245 off 0.03934636530743084 neg 0.0367903118718447	false	0.5
hippie	neg 1.0		__DUMMY__ 0.93053854981236 neg 0.03807146307548161 off 0.03138998711215838	false	1.0
rammen	neg 1.0		__DUMMY__ 0.9321833576093559 neg 0.03769053743590117 off 0.030126104954743067	false	1.0
unlauter	neg 1.0	neg 1.0	neg 0.5069887641439583 __DUMMY__ 0.4651351955957055 off 0.02787604026033615	false	1.0
unheilvoll	neg 1.0		__DUMMY__ 0.932831271558809 neg 0.037635198624035415 off 0.02953352981715563	false	1.0
niedrig	neg 1.0		__DUMMY__ 0.9313837374909472 neg 0.04170932114546719 off 0.026906941363585617	false	1.0
explosion	neg 1.0		__DUMMY__ 0.931982059757477 neg 0.037151754814030956 off 0.03086618542849191	false	1.0
weichei	off 1.0		__DUMMY__ 0.9277178231492443 neg 0.036556608990635814 off 0.03572556786011988	false	0.5
minusmensch	off 1.0		__DUMMY__ 0.9223453246536104 off 0.039435247997172 neg 0.03821942734921758	false	1.0
farblos	neg 1.0		__DUMMY__ 0.9313423275517996 neg 0.0397281410533658 off 0.02892953139483461	false	1.0
unwissend	neg 1.0	neg 1.0	neg 0.5059136968534609 __DUMMY__ 0.4649836339660524 off 0.029102669180486762	false	1.0
traurig	neg 1.0		__DUMMY__ 0.9304222607421012 neg 0.03598960509425799 off 0.03358813416364077	false	1.0
senkung	neg 1.0		__DUMMY__ 0.9296666019217044 neg 0.03958225476816996 off 0.030751143310125625	false	1.0
ungleich	neg 1.0	neg 1.0	neg 0.5098550446578598 __DUMMY__ 0.46585842405455025 off 0.024286531287589876	false	1.0
heikel	neg 1.0		__DUMMY__ 0.9318827755954691 neg 0.04236807273992394 off 0.025749151664606958	false	1.0
drosselung	neg 1.0		__DUMMY__ 0.9314861805325385 neg 0.034881067392799746 off 0.03363275207466169	false	1.0
falsch	neg 1.0		__DUMMY__ 0.9303539983159815 neg 0.03845660825132606 off 0.03118939343269244	false	1.0
unzufriedenheit	neg 1.0		__DUMMY__ 0.9313659948465944 neg 0.04285128238075255 off 0.025782722772653047	false	1.0
kurz	neg 1.0		__DUMMY__ 0.9351287508246687 neg 0.03765291276969234 off 0.027218336405638945	false	1.0
unsinnig	neg 1.0		__DUMMY__ 0.9307640676874175 neg 0.04169468100028527 off 0.027541251312297288	false	1.0
penner	off 1.0	off 1.0	off 0.5036816132767846 __DUMMY__ 0.4642061495508442 neg 0.03211223717237118	false	1.0
seicht	neg 1.0		__DUMMY__ 0.9244149726912874 off 0.037794324250395736 neg 0.03779070305831685	false	0.5
dummheit	off 1.0	off 1.0	off 0.4978707493769605 __DUMMY__ 0.4646416045627609 neg 0.03748764606027866	false	1.0
unerfreulich	neg 1.0		__DUMMY__ 0.9327346800020069 neg 0.042034891697439056 off 0.02523042830055415	false	1.0
motherfucker	off 1.0	off 1.0	off 0.501130251813585 __DUMMY__ 0.46429284858061987 neg 0.034576899605795096	false	1.0
pikiert	neg 1.0		__DUMMY__ 0.9290247718489323 neg 0.0392522742349525 off 0.031722953916115335	false	1.0
wrack	neg 1.0		__DUMMY__ 0.9346578444725577 neg 0.038374882986278384 off 0.026967272541163847	false	1.0
gangster	neg 1.0		__DUMMY__ 0.9306278731061834 neg 0.03859626345834995 off 0.030775863435466656	false	1.0
krank	neg 1.0		__DUMMY__ 0.932487662222563 neg 0.03536509056019812 off 0.03214724721723888	false	1.0
reich	neg 1.0		__DUMMY__ 0.9227972593000023 neg 0.04447682020619567 off 0.03272592049380203	false	1.0
gnadenlos	neg 1.0		__DUMMY__ 0.9309759924777219 neg 0.03956146926662626 off 0.02946253825565187	false	1.0
niedergeschlagen	neg 1.0		__DUMMY__ 0.9327068355160936 neg 0.039697482029453654 off 0.027595682454452725	false	1.0
terrorisieren	off 1.0	off 1.0	off 0.4943300552621789 __DUMMY__ 0.4684635714465436 neg 0.037206373291277586	false	1.0
sinnlosigkeit	neg 1.0		__DUMMY__ 0.9299981867278935 neg 0.04246594614330236 off 0.0275358671288041	false	1.0
behindern	neg 1.0		__DUMMY__ 0.933608643762044 neg 0.03800351557275478 off 0.028387840665201194	false	1.0
undemokratisch	neg 1.0		__DUMMY__ 0.9260440404870287 neg 0.04355552128650266 off 0.030400438226468703	false	1.0
wirtschaftskrise	neg 1.0		__DUMMY__ 0.928729205809568 neg 0.043453727448298916 off 0.02781706674213314	false	1.0
neid	neg 1.0		__DUMMY__ 0.9330274732369409 neg 0.03643489202121112 off 0.03053763474184796	false	1.0
rutschen	neg 1.0		__DUMMY__ 0.939968685007243 neg 0.03687564427220479 off 0.023155670720552253	false	1.0
rezession	neg 1.0		__DUMMY__ 0.9243434462183482 neg 0.040259492726549655 off 0.035397061055102146	false	1.0
fehlgeburt	neg 1.0		__DUMMY__ 0.9314099784899291 neg 0.03980913732918494 off 0.02878088418088596	false	1.0
charakterschwach	off 1.0		__DUMMY__ 0.928866509326985 neg 0.038576164565370094 off 0.032557326107644786	false	0.5
isolation	neg 1.0		__DUMMY__ 0.9309106708938047 neg 0.0370778517531376 off 0.032011477353057614	false	1.0
ablenkung	neg 1.0		__DUMMY__ 0.9328944686922885 neg 0.03834536002257348 off 0.028760171285137973	false	1.0
pech	neg 1.0		__DUMMY__ 0.931242183024922 neg 0.0386449895872163 off 0.030112827387861738	false	1.0
vermeidung	neg 1.0		__DUMMY__ 0.9317574895707388 neg 0.035420415451890196 off 0.032822094977371034	false	1.0
dominieren	neg 1.0		__DUMMY__ 0.9314881303852299 neg 0.040493730348724534 off 0.028018139266045506	false	1.0
schwindlig	neg 1.0		__DUMMY__ 0.9340782184518414 neg 0.036123791950061254 off 0.02979798959809728	false	1.0
lutscher	neg 1.0		__DUMMY__ 0.9250015838945256 off 0.03796211823674765 neg 0.03703629786872678	false	0.5
pflicht	neg 1.0		__DUMMY__ 0.9313665426477821 neg 0.042797223178916224 off 0.025836234173301716	false	1.0
faschist	off 1.0		__DUMMY__ 0.9256655531112169 neg 0.04332857661275033 off 0.031005870276032743	false	0.5
verschleudern	neg 1.0		__DUMMY__ 0.9291172458413857 neg 0.043490140767402645 off 0.027392613391211747	false	1.0
wenn			__DUMMY__ 0.9306891807497409 neg 0.038129239400069216 off 0.03118157985018986	false	0.0
ehebruch	neg 1.0		__DUMMY__ 0.9297545614266565 neg 0.043035910805957873 off 0.027209527767385628	false	1.0
spott	off 1.0		__DUMMY__ 0.9299287012373018 neg 0.04328218126782197 off 0.026789117494876384	false	0.5
trostlosigkeit	neg 1.0		__DUMMY__ 0.9276892126392134 neg 0.046240415087149545 off 0.02607037227363712	false	1.0
lutschen	neg 1.0		__DUMMY__ 0.9286099393829688 neg 0.03952441007689439 off 0.03186565054013688	false	1.0
undiszipliniert	neg 1.0		__DUMMY__ 0.9298692733995618 neg 0.0369544185581994 off 0.033176308042238804	false	1.0
kopfschmerz	neg 1.0		__DUMMY__ 0.9317855137819414 neg 0.04031156081197456 off 0.02790292540608402	false	1.0
unvorhergesehen	neg 1.0		__DUMMY__ 0.936032636946421 neg 0.03707877658433347 off 0.026888586469245447	false	1.0
desinteressiert	neg 1.0		__DUMMY__ 0.9283843894042801 neg 0.038420231724415436 off 0.03319537887130447	false	1.0
armselig	off 1.0		__DUMMY__ 0.9273602475462311 neg 0.038622811185705 off 0.03401694126806383	false	0.5
desaster	neg 1.0		__DUMMY__ 0.9300526928161006 neg 0.04490895011014966 off 0.02503835707374971	false	1.0
tod	neg 1.0		__DUMMY__ 0.9285221009134292 neg 0.044861008694373476 off 0.026616890392197244	false	1.0
herzlos	neg 1.0		__DUMMY__ 0.9299679068241462 neg 0.035895458313147215 off 0.0341366348627066	false	1.0
unwissenheit	neg 1.0		__DUMMY__ 0.929125386257061 neg 0.04328342886605759 off 0.027591184876881395	false	1.0
widersinnig	neg 1.0		__DUMMY__ 0.9263129690915958 neg 0.04498681930927379 off 0.028700211599130478	false	1.0
bedenklich	neg 1.0		__DUMMY__ 0.9313970672398182 neg 0.04216503387707758 off 0.02643789888310418	false	1.0
beanstanden	neg 1.0		__DUMMY__ 0.9319749475845357 neg 0.042529016723288966 off 0.025496035692175227	false	1.0
panisch	neg 1.0	neg 1.0	neg 0.5016178241906687 __DUMMY__ 0.47169024505459606 off 0.026691930754735287	false	1.0
debil	off 1.0		__DUMMY__ 0.9332940201086025 neg 0.04345221683185601 off 0.023253763059541504	false	0.5
abstrich	neg 1.0		__DUMMY__ 0.9360295355634296 neg 0.03628472307503776 off 0.027685741361532554	false	1.0
primitiv	neg 1.0		__DUMMY__ 0.9282525760655972 neg 0.03875259147727625 off 0.0329948324571266	false	1.0
abschaum	off 1.0	off 1.0	off 0.49940592173981924 __DUMMY__ 0.4640044493632588 neg 0.036589628896922	false	1.0
provozieren	neg 1.0		__DUMMY__ 0.9292657567777273 neg 0.041566899638624914 off 0.0291673435836478	false	1.0
tot	neg 1.0		__DUMMY__ 0.9304332638825835 neg 0.04179516159548584 off 0.02777157452193066	false	1.0
instabil	neg 1.0		__DUMMY__ 0.9253677087000645 neg 0.039883818933237294 off 0.03474847236669818	false	1.0
schwuchtel	off 1.0		__DUMMY__ 0.9213571191262779 off 0.04188602260675643 neg 0.03675685826696565	false	1.0
zerren	neg 1.0		__DUMMY__ 0.9329018192003661 neg 0.03943978106250343 off 0.027658399737130444	false	1.0
kinderficker	off 1.0		__DUMMY__ 0.9265129067084378 neg 0.03793440109413503 off 0.035552692197427245	false	0.5
gefahr	neg 1.0		__DUMMY__ 0.930253562042836 neg 0.042704839732854626 off 0.02704159822430934	false	1.0
rabiat	neg 1.0		__DUMMY__ 0.9311620794903592 neg 0.03999123070936925 off 0.0288466898002715	false	1.0
verlangsamung	neg 1.0		__DUMMY__ 0.9242197943144604 neg 0.038248520709055725 off 0.03753168497648384	false	1.0
ausgestorben	neg 1.0		__DUMMY__ 0.9324944069690387 neg 0.039800784279697715 off 0.027704808751263636	false	1.0
anklagen	neg 1.0		__DUMMY__ 0.9292212897626191 neg 0.04195403047624649 off 0.02882467976113444	false	1.0
trott	neg 1.0		__DUMMY__ 0.9325526930236587 neg 0.03887498810888984 off 0.02857231886745151	false	1.0
verminderung	neg 1.0		__DUMMY__ 0.9296026094497818 neg 0.036871586493058744 off 0.033525804057159374	false	1.0
nach			__DUMMY__ 0.9375678524926062 neg 0.0391226609554101 off 0.023309486551983626	false	0.0
rost	neg 1.0		__DUMMY__ 0.9270143959146547 off 0.03743967826859361 neg 0.03554592581675172	false	0.5
destruktiv	neg 1.0		__DUMMY__ 0.9285873204221483 neg 0.04293038781007539 off 0.028482291767776263	false	1.0
unzumutbarkeit	neg 1.0		__DUMMY__ 0.9313123055801631 neg 0.03569299848836748 off 0.03299469593146946	false	1.0
labil	off 1.0	off 1.0	off 0.49999438635977683 __DUMMY__ 0.46454435224683144 neg 0.03546126139339174	false	1.0
ziemlich	neg 1.0		__DUMMY__ 0.9304624385001807 neg 0.03730586249550435 off 0.032231699004314905	false	1.0
lachnummer	off 1.0		__DUMMY__ 0.928803618429673 neg 0.04259248930605569 off 0.028603892264271343	false	0.5
oder			__DUMMY__ 0.9334701970122317 neg 0.0382072786997243 off 0.02832252428804395	false	0.0
verfall	neg 1.0		__DUMMY__ 0.9333810096777685 neg 0.04317054005930942 off 0.023448450262922062	false	1.0
ausgrenzung	neg 1.0		__DUMMY__ 0.9261554663248024 neg 0.04304054629826969 off 0.030803987376927928	false	1.0
unordnung	neg 1.0		__DUMMY__ 0.9271735037722885 neg 0.03791716907311947 off 0.03490932715459213	false	1.0
fehlverhalten	neg 1.0		__DUMMY__ 0.9301134775981502 neg 0.04321157626817246 off 0.026674946133677317	false	1.0
eine			__DUMMY__ 0.9337301506224 neg 0.04121059181915649 off 0.025059257558443557	false	0.0
nille	neg 1.0		__DUMMY__ 0.9286821590039888 neg 0.04208769635176678 off 0.029230144644244442	false	1.0
qual	neg 1.0		__DUMMY__ 0.9322920354509294 neg 0.03912598506499317 off 0.02858197948407735	false	1.0
verschwenden	neg 1.0		__DUMMY__ 0.9317458197034485 neg 0.04187761303468231 off 0.02637656726186912	false	1.0
riesig	neg 1.0		__DUMMY__ 0.9325487454031267 neg 0.03953038229768393 off 0.02792087229918926	false	1.0
verurteilen	neg 1.0		__DUMMY__ 0.9288677002653953 neg 0.04329517089275201 off 0.02783712884185266	false	1.0
klischee	neg 1.0	neg 1.0	neg 0.5075871534346884 __DUMMY__ 0.46406294935102443 off 0.02834989721428722	false	1.0
diktatorisch	neg 1.0		__DUMMY__ 0.9244153680816799 neg 0.04511023266162217 off 0.0304743992566979	false	1.0
vorhersehbar	neg 1.0		__DUMMY__ 0.9276042540046049 neg 0.04202985765170918 off 0.030365888343685976	false	1.0
sowie			__DUMMY__ 0.9248587653065531 neg 0.03862112543181029 off 0.036520109261636645	false	0.0
stornieren	neg 1.0		__DUMMY__ 0.9335582772379656 neg 0.036274188639573386 off 0.030167534122461096	false	1.0
besteuerung	neg 1.0		__DUMMY__ 0.9296183657860162 neg 0.040814289089106594 off 0.02956734512487725	false	1.0
ungeschminkt	neg 1.0		__DUMMY__ 0.9295644076021272 neg 0.03820002903991342 off 0.032235563357959414	false	1.0
kritisch	neg 1.0		__DUMMY__ 0.9298519616575301 neg 0.043327390540744276 off 0.026820647801725533	false	1.0
schlamperei	off 1.0		__DUMMY__ 0.9301485678560621 neg 0.04261859283396791 off 0.02723283930996993	false	0.5
sucht	neg 1.0	neg 1.0	neg 0.5001206194398332 __DUMMY__ 0.47273608783816734 off 0.027143292721999356	false	1.0
egoistisch	off 1.0		__DUMMY__ 0.9280575173437536 neg 0.03613763997046423 off 0.03580484268578213	false	0.5
ausbeuter	off 1.0		__DUMMY__ 0.9291989606097787 neg 0.04433197265026601 off 0.02646906673995529	false	0.5
arschgeburt	off 1.0		__DUMMY__ 0.9214076552528103 off 0.04188301754068068 neg 0.03670932720650908	false	1.0
schubs	neg 1.0	neg 1.0	neg 0.5047077968069604 __DUMMY__ 0.47137392025415115 off 0.02391828293888846	false	1.0
unsolide	neg 1.0		__DUMMY__ 0.9224429930035157 neg 0.0447670501796624 off 0.032789956816821925	false	1.0
beschwerde	neg 1.0		__DUMMY__ 0.930160305298383 neg 0.042160440187580465 off 0.02767925451403661	false	1.0
stocken	neg 1.0		__DUMMY__ 0.9324995263766482 neg 0.04037952094165884 off 0.027120952681692886	false	1.0
isolieren	neg 1.0		__DUMMY__ 0.9342328879466315 neg 0.03744945571065035 off 0.028317656342718094	false	1.0
unheilbar	neg 1.0		__DUMMY__ 0.9301731235687474 neg 0.04042935839310872 off 0.02939751803814388	false	1.0
pisser	off 1.0		__DUMMY__ 0.9268716671445827 neg 0.03851515661282545 off 0.034613176242591914	false	0.5
löschen	neg 1.0		__DUMMY__ 0.9306375784455507 neg 0.03975551310123467 off 0.029606908453214613	false	1.0
durchfallen	neg 1.0		__DUMMY__ 0.9316605758633804 neg 0.04157544176872957 off 0.026763982367890096	false	1.0
wichser	off 1.0		__DUMMY__ 0.925562191150201 off 0.03889404329296446 neg 0.03554376555683452	false	1.0
terror	neg 1.0		__DUMMY__ 0.932744191480895 neg 0.036322171549514094 off 0.030933636969590964	false	1.0
krass	neg 1.0		__DUMMY__ 0.9290790334379535 neg 0.03687095673474286 off 0.03405000982730362	false	1.0
revolte	neg 1.0	neg 1.0	neg 0.5106763935837492 __DUMMY__ 0.4604155747319867 off 0.02890803168426413	false	1.0
besorgt	neg 1.0		__DUMMY__ 0.9363082569794817 neg 0.036276443501179 off 0.027415299519339225	false	1.0
nachlassen	neg 1.0		__DUMMY__ 0.9333260554339539 neg 0.039446916847179096 off 0.02722702771886699	false	1.0
alt	neg 1.0		__DUMMY__ 0.936456528819097 neg 0.03828030391139833 off 0.025263167269504633	false	1.0
hundesohn	off 1.0		__DUMMY__ 0.9235438453705245 off 0.038794989753414715 neg 0.03766116487606074	false	1.0
als			__DUMMY__ 0.93327965063454 neg 0.03960504541884593 off 0.027115303946614103	false	0.0
abschreckung	neg 1.0		__DUMMY__ 0.9311508250494301 neg 0.04308451750092588 off 0.02576465744964393	false	1.0
unqualifiziert	neg 1.0		__DUMMY__ 0.928662950422106 neg 0.04074963667369718 off 0.030587412904196788	false	1.0
abgewichst	off 1.0		__DUMMY__ 0.9306831628920127 neg 0.04103245951311395 off 0.028284377594873327	false	0.5
schwer	neg 1.0		__DUMMY__ 0.9322318929033777 neg 0.039425899036749604 off 0.028342208059872684	false	1.0
bedeutungslosigkeit	neg 1.0		__DUMMY__ 0.9301609691875593 neg 0.04361969534369027 off 0.026219335468750462	false	1.0
kapitulation	neg 1.0		__DUMMY__ 0.9260717720295614 neg 0.04607784550236 off 0.027850382468078676	false	1.0
unscharf	neg 1.0		__DUMMY__ 0.9310755467019833 neg 0.0388488120991439 off 0.030075641198872738	false	1.0
schwinden	neg 1.0		__DUMMY__ 0.9321972271829647 neg 0.041621887676248415 off 0.026180885140786897	false	1.0
versklavung	neg 1.0	neg 1.0	neg 0.5100357568184454 __DUMMY__ 0.46250401172778377 off 0.027460231453770904	false	1.0
schlecht	neg 1.0		__DUMMY__ 0.9309135728096526 neg 0.036585262149135565 off 0.03250116504121183	false	1.0
verhasst	neg 1.0		__DUMMY__ 0.928664044385252 neg 0.042101098383232435 off 0.029234857231515594	false	1.0
beschweren	neg 1.0		__DUMMY__ 0.9316673613242431 neg 0.0386018130465311 off 0.02973082562922584	false	1.0
scheiden	neg 1.0		__DUMMY__ 0.9322127444267351 neg 0.03989518877569755 off 0.027892066797567273	false	1.0
frustriert	neg 1.0		__DUMMY__ 0.9316523813681419 neg 0.04051302749126815 off 0.027834591140590073	false	1.0
schimmelig	neg 1.0		__DUMMY__ 0.9318250496098115 neg 0.04218992687397464 off 0.025985023516213773	false	1.0
fisch	neg 1.0	neg 1.0	neg 0.5041933259407038 __DUMMY__ 0.47192612610446444 off 0.02388054795483185	false	1.0
schmuggel	neg 1.0		__DUMMY__ 0.9351314717564527 neg 0.03924953498797967 off 0.025618993255567674	false	1.0
auffallen	neg 1.0		__DUMMY__ 0.9311217635589228 neg 0.03884898143881875 off 0.03002925500225834	false	1.0
konkurrenz	neg 1.0		__DUMMY__ 0.9342480556623267 neg 0.04037730773793841 off 0.02537463659973488	false	1.0
teufelskreis	neg 1.0		__DUMMY__ 0.930321289829599 neg 0.04155441713504949 off 0.0281242930353514	false	1.0
aufschreien	neg 1.0		__DUMMY__ 0.9288938020930866 neg 0.04092369194289026 off 0.03018250596402312	false	1.0
schuldner	neg 1.0		__DUMMY__ 0.929677108133824 neg 0.043550604795623296 off 0.026772287070552833	false	1.0
missgeburt	off 1.0	off 1.0	off 0.50319204108375 __DUMMY__ 0.4627010911269143 neg 0.03410686778933564	false	1.0
arbeitslos	neg 1.0		__DUMMY__ 0.9303721540234082 neg 0.04205782222459884 off 0.027570023751992908	false	1.0
befallen	neg 1.0		__DUMMY__ 0.9270256365561598 neg 0.04519869185770606 off 0.027775671586134178	false	1.0
miesepetrig	off 1.0		__DUMMY__ 0.9316937123152211 neg 0.03644955278037395 off 0.031856734904404826	false	0.5
alarmieren	neg 1.0		__DUMMY__ 0.9279821246367164 neg 0.039617754318895505 off 0.03240012104438815	false	1.0
ungeduscht	off 1.0		__DUMMY__ 0.9313703231553255 neg 0.038573523027047876 off 0.030056153817626607	false	0.5
knappheit	neg 1.0		__DUMMY__ 0.9309599367886753 neg 0.041395295921750785 off 0.02764476728957391	false	1.0
schlange	neg 1.0		__DUMMY__ 0.933211313853659 neg 0.037472575617979176 off 0.029316110528361812	false	1.0
harsch	neg 1.0		__DUMMY__ 0.9296417403174881 off 0.03629633104034538 neg 0.03406192864216643	false	0.5
lang	neg 1.0		__DUMMY__ 0.9313228669393215 neg 0.03909525163270283 off 0.029581881427975604	false	1.0
ziellos	neg 1.0		__DUMMY__ 0.9323564263422351 neg 0.0407266277261468 off 0.026916945931618072	false	1.0
selbstverliebt	neg 1.0		__DUMMY__ 0.9221263910008315 off 0.03994937885979279 neg 0.03792423013937568	false	0.5
beseitigen	neg 1.0		__DUMMY__ 0.9346139379566042 neg 0.03610794585448367 off 0.02927811618891211	false	1.0
dumm	off 1.0		__DUMMY__ 0.9266832912536377 neg 0.03701038962003524 off 0.03630631912632711	false	0.5
arbeitsloser	neg 1.0		__DUMMY__ 0.9310709704168918 neg 0.04188500637218091 off 0.027044023210927314	false	1.0
blitzen	neg 1.0		__DUMMY__ 0.9297450435052819 neg 0.03894872870075056 off 0.031306227793967606	false	1.0
hilflos	neg 1.0		__DUMMY__ 0.9321285910195858 neg 0.04038856301253607 off 0.027482845967878235	false	1.0
eklig	off 1.0		__DUMMY__ 0.9255584522983822 neg 0.0376095530348006 off 0.03683199466681723	false	0.5
begriff			__DUMMY__ 0.9309516389125948 neg 0.04114930610135736 off 0.0278990549860478	false	0.0
hungersnot	neg 1.0		__DUMMY__ 0.9256184125481829 neg 0.04514951833926539 off 0.029232069112551728	false	1.0
ungesetzlich	neg 1.0		__DUMMY__ 0.9252199262197965 neg 0.04335844888563933 off 0.031421624894564126	false	1.0
verschwendung	neg 1.0		__DUMMY__ 0.9320643940889951 neg 0.04205524090414976 off 0.025880365006855133	false	1.0
schmerzvoll	neg 1.0		__DUMMY__ 0.9315292405077403 neg 0.0388103558629118 off 0.029660403629347958	false	1.0
vorzeitig	neg 1.0		__DUMMY__ 0.9308766252584221 neg 0.036797737104034535 off 0.03232563763754348	false	1.0
unvollkommenheit	neg 1.0		__DUMMY__ 0.9315565090429168 neg 0.03960404438342576 off 0.02883944657365753	false	1.0
intervenieren	neg 1.0		__DUMMY__ 0.9285940741572809 neg 0.04464596313308935 off 0.02675996270962985	false	1.0
banause	off 1.0		__DUMMY__ 0.9247307646354296 off 0.0377991667196064 neg 0.03747006864496407	false	1.0
rebell	neg 1.0		__DUMMY__ 0.9343752385478341 neg 0.0408116433010474 off 0.024813118151118512	false	1.0
unlogisch	neg 1.0		__DUMMY__ 0.9279278413642432 neg 0.03805409297117943 off 0.03401806566457729	false	1.0
leiden	neg 1.0	neg 1.0	neg 0.5018977192722877 __DUMMY__ 0.47575377430111054 off 0.02234850642660178	false	1.0
abschaffung	neg 1.0		__DUMMY__ 0.9286761998455113 neg 0.041605272167389115 off 0.029718527987099664	false	1.0
sturz	neg 1.0		__DUMMY__ 0.9279345011660196 neg 0.04200092279583004 off 0.03006457603815046	false	1.0
verkleinerung	neg 1.0		__DUMMY__ 0.9266327607618549 neg 0.04154967582176021 off 0.031817563416384975	false	1.0
schmarotzer	off 1.0		__DUMMY__ 0.9292623256131923 neg 0.043396397184443845 off 0.0273412772023638	false	0.5
bestrafung	neg 1.0		__DUMMY__ 0.9300293042863303 neg 0.04025168638075029 off 0.029719009332919395	false	1.0
achtlos	neg 1.0		__DUMMY__ 0.9331841717515206 neg 0.03857738179764974 off 0.02823844645082963	false	1.0
ungeheuer	neg 1.0		__DUMMY__ 0.929934563003287 neg 0.03996677303995424 off 0.030098663956758677	false	1.0
