unsolidarisch	neg 1.0		__DUMMY__ 0.8797482225141959 neg 0.07200959147766356 off 0.04824218600814047	false	1.0
nachteilig	neg 1.0		__DUMMY__ 0.8881121043891871 neg 0.06687743190450929 off 0.045010463706303586	false	1.0
skeptisch	neg 1.0		__DUMMY__ 0.8900065082589723 neg 0.06730114618087746 off 0.04269234556015022	false	1.0
schrecklich	neg 1.0		__DUMMY__ 0.8851561425925036 neg 0.0610615806356397 off 0.05378227677185668	false	1.0
schlapp	neg 1.0		__DUMMY__ 0.8898316777596992 neg 0.060322313175402285 off 0.04984600906489856	false	1.0
abfall	neg 1.0		__DUMMY__ 0.8906007356857676 neg 0.06807915028096562 off 0.04132011403326683	false	1.0
widerspenstig	neg 1.0		__DUMMY__ 0.8913500919114592 neg 0.06242885975674006 off 0.04622104833180064	false	1.0
abrupt	neg 1.0		__DUMMY__ 0.8922270114956553 neg 0.06263352418128736 off 0.04513946432305736	false	1.0
unwirksam	neg 1.0		__DUMMY__ 0.8827945804596495 neg 0.06934212226195956 off 0.047863297278390955	false	1.0
angreifen	neg 1.0		__DUMMY__ 0.8879272790789655 neg 0.06803178937869668 off 0.044040931542337874	false	1.0
inkonsistent	neg 1.0		__DUMMY__ 0.8863223354010715 neg 0.06503326485079612 off 0.048644399748132415	false	1.0
abrutschen	neg 1.0		__DUMMY__ 0.8917584306301128 neg 0.0668610171588756 off 0.0413805522110115	false	1.0
unsicher	neg 1.0		__DUMMY__ 0.8893655202086388 neg 0.06387022646053006 off 0.046764253330831125	false	1.0
bauernkind	off 1.0		__DUMMY__ 0.8803569974862545 neg 0.06309415715267339 off 0.0565488453610722	false	0.5
angreifer	neg 1.0		__DUMMY__ 0.8844946300519037 neg 0.06566129942570632 off 0.04984407052238996	false	1.0
trennen	neg 1.0		__DUMMY__ 0.8939317815427783 neg 0.06315956176033641 off 0.04290865669688522	false	1.0
schmutz	neg 1.0		__DUMMY__ 0.8940206313826021 neg 0.05531017420406808 off 0.050669194413329836	false	1.0
inkonsistenz	neg 1.0	neg 1.0	neg 0.5195278828822986 __DUMMY__ 0.4427773970738309 off 0.03769472004387044	false	1.0
erschreckend	neg 1.0		__DUMMY__ 0.8872990959306581 neg 0.06668865379765697 off 0.04601225027168488	false	1.0
ertrinken	neg 1.0		__DUMMY__ 0.8915373882508055 neg 0.06439640087985969 off 0.04406621086933481	false	1.0
pickelface	off 1.0		__DUMMY__ 0.8863532528062764 neg 0.06577932215564194 off 0.04786742503808153	false	0.5
seiner			__DUMMY__ 0.8893923887844407 neg 0.06693160732578671 off 0.04367600388977265	false	0.0
lauch	neg 1.0		__DUMMY__ 0.8908487873756479 neg 0.06692016622860829 off 0.04223104639574387	false	1.0
unwichtig	neg 1.0		__DUMMY__ 0.8861826253838244 neg 0.06331195587346905 off 0.05050541874270654	false	1.0
steuerhinterziehung	neg 1.0		__DUMMY__ 0.8834899088615501 neg 0.06959547839873335 off 0.046914612739716546	false	1.0
schock	neg 1.0		__DUMMY__ 0.8922732870789544 neg 0.06257385106953917 off 0.0451528618515065	false	1.0
beule	neg 1.0		__DUMMY__ 0.8895038064481512 neg 0.059633254972566566 off 0.05086293857928221	false	1.0
vergelten	neg 1.0		__DUMMY__ 0.8823213897594204 neg 0.06231230443581848 off 0.0553663058047611	false	1.0
verdorbenheit	neg 1.0		__DUMMY__ 0.891832323924437 neg 0.06069218348867083 off 0.047475492586892085	false	1.0
trauma	neg 1.0		__DUMMY__ 0.8875697033222572 neg 0.06404726300909502 off 0.048383033668647754	false	1.0
sinnlos	neg 1.0		__DUMMY__ 0.887488506101734 neg 0.06391572216925441 off 0.04859577172901151	false	1.0
fettsack	off 1.0	off 1.0	off 0.5121650660678605 __DUMMY__ 0.44066862996076506 neg 0.04716630397137442	false	1.0
feige	off 1.0		__DUMMY__ 0.8844069369618345 neg 0.06523638375339337 off 0.05035667928477216	false	0.5
abdanken	neg 1.0		__DUMMY__ 0.8809405156537246 neg 0.07173515719924098 off 0.04732432714703444	false	1.0
wichtigtuer	off 1.0	off 1.0	off 0.5068411189999842 __DUMMY__ 0.44259038933724487 neg 0.050568491662770824	false	1.0
misslingen	neg 1.0		__DUMMY__ 0.8920714613773849 neg 0.05974226103667857 off 0.048186277585936556	false	1.0
untreu	off 1.0		__DUMMY__ 0.8865307485993976 neg 0.06239929910221784 off 0.051069952298384534	false	0.5
missmutig	neg 1.0		__DUMMY__ 0.8893177666466465 neg 0.06103177250792896 off 0.0496504608454246	false	1.0
hurenbock	off 1.0		__DUMMY__ 0.8930239185803571 neg 0.05952246228058901 off 0.047453619139053826	false	0.5
betrunken	neg 1.0		__DUMMY__ 0.8880863492183246 neg 0.060036349365690626 off 0.051877301415984664	false	1.0
korrupt	off 1.0		__DUMMY__ 0.8825627485473152 neg 0.07149055297239386 off 0.04594669848029101	false	0.5
unmut	neg 1.0		__DUMMY__ 0.889714843371264 neg 0.0681191317277215 off 0.04216602490101435	false	1.0
hackfresse	off 1.0		__DUMMY__ 0.8835814691845922 neg 0.05989780103029098 off 0.0565207297851168	false	0.5
aufblasen	neg 1.0		__DUMMY__ 0.8905828999255225 neg 0.061813831559193635 off 0.04760326851528379	false	1.0
gewaltsam	neg 1.0		__DUMMY__ 0.8841290702940229 neg 0.0676856286384161 off 0.048185301067560964	false	1.0
unbeliebtheit	neg 1.0		__DUMMY__ 0.8767794220437904 neg 0.07021385185118806 off 0.053006726105021475	false	1.0
sturheit	neg 1.0		__DUMMY__ 0.8848837749640334 neg 0.06873268423716986 off 0.046383540798796814	false	1.0
kuh	neg 1.0		__DUMMY__ 0.8859130701309809 neg 0.0662435667274292 off 0.04784336314158994	false	1.0
erschrecken	neg 1.0		__DUMMY__ 0.8887474860429078 neg 0.061745619489751054 off 0.04950689446734126	false	1.0
opfer	neg 1.0	neg 1.0	neg 0.5208461958615375 __DUMMY__ 0.44559231855157067 off 0.03356148558689195	false	1.0
sinken	neg 1.0		__DUMMY__ 0.8902444511172148 neg 0.06724566652184542 off 0.04250988236093981	false	1.0
stinktier	neg 1.0		__DUMMY__ 0.88290303567395 neg 0.06300925827481686 off 0.05408770605123318	false	1.0
tucke	off 1.0		__DUMMY__ 0.8852860417992321 neg 0.05810411865492131 off 0.05660983954584662	false	0.5
ein			__DUMMY__ 0.8928507843650146 neg 0.06037097897781745 off 0.04677823665716791	false	0.0
abstieg	neg 1.0		__DUMMY__ 0.8860104906753588 neg 0.06807366745909761 off 0.0459158418655436	false	1.0
missverstehen	neg 1.0		__DUMMY__ 0.8849111146696725 neg 0.06640064454997245 off 0.0486882407803551	false	1.0
ergebnislos	neg 1.0		__DUMMY__ 0.887591741868326 neg 0.06693114106463201 off 0.04547711706704193	false	1.0
unter			__DUMMY__ 0.8974004724291639 neg 0.06453176146019449 off 0.038067766110641645	false	0.0
manipulieren	neg 1.0		__DUMMY__ 0.8880642363591758 neg 0.0680917082331911 off 0.043844055407633184	false	1.0
unbewiesen	neg 1.0		__DUMMY__ 0.8791201203205808 neg 0.07279477224074236 off 0.048085107438676805	false	1.0
verschleppen	neg 1.0		__DUMMY__ 0.8868021488929391 neg 0.06786047725845164 off 0.045337373848609225	false	1.0
weib	off 1.0		__DUMMY__ 0.8821191947597234 neg 0.06031693081714059 off 0.0575638744231359	false	0.5
opposition	neg 1.0		__DUMMY__ 0.882243896837588 neg 0.06911653280903972 off 0.04863957035337232	false	1.0
verkehrswidrig	neg 1.0		__DUMMY__ 0.8868516417132257 neg 0.05848014482853178 off 0.05466821345824241	false	1.0
inkorrekt	neg 1.0		__DUMMY__ 0.8802515001834805 neg 0.06792588366521936 off 0.05182261615130003	false	1.0
vermeiden	neg 1.0		__DUMMY__ 0.8941083074459583 neg 0.06581427958506167 off 0.04007741296898002	false	1.0
abweichung	neg 1.0		__DUMMY__ 0.882551689458705 neg 0.07183132367907422 off 0.04561698686222079	false	1.0
alkoholisiert	neg 1.0		__DUMMY__ 0.8907184276895824 neg 0.06471654534939168 off 0.044565026961025815	false	1.0
scheiss	off 1.0	off 1.0	off 0.5090095671695491 __DUMMY__ 0.4443687206942502 neg 0.04662171213620062	false	1.0
herausforderung	neg 1.0		__DUMMY__ 0.89517784567996 neg 0.06012049426442298 off 0.04470166005561696	false	1.0
pervers	off 1.0		__DUMMY__ 0.8814745042783159 off 0.05982467534866318 neg 0.058700820373021025	false	1.0
wackelig	neg 1.0		__DUMMY__ 0.8946791244289776 neg 0.06091635439501379 off 0.044404521176008675	false	1.0
verwickeln	neg 1.0		__DUMMY__ 0.8865281717123591 neg 0.06503009000563434 off 0.04844173828200655	false	1.0
vorwand	neg 1.0		__DUMMY__ 0.8883944601707552 neg 0.06877680491853959 off 0.042828734910705185	false	1.0
muschi	off 1.0		__DUMMY__ 0.885935695570117 neg 0.06651796777384683 off 0.04754633665603617	false	0.5
entmutigung	neg 1.0		__DUMMY__ 0.876225632812943 neg 0.07378865527482223 off 0.04998571191223482	false	1.0
unangemessen	neg 1.0		__DUMMY__ 0.8849052782593788 neg 0.06965194059905223 off 0.04544278114156888	false	1.0
unstetig	neg 1.0		__DUMMY__ 0.8852520698998985 neg 0.06487910258108871 off 0.04986882751901278	false	1.0
entmutigen	neg 1.0		__DUMMY__ 0.8888785008316453 neg 0.06344701540662404 off 0.04767448376173059	false	1.0
schwanz	neg 1.0		__DUMMY__ 0.889037237964562 neg 0.06554350102970943 off 0.04541926100572848	false	1.0
verbot	neg 1.0		__DUMMY__ 0.8838363106972938 neg 0.06983375356382494 off 0.0463299357388812	false	1.0
leid	neg 1.0		__DUMMY__ 0.8845403748620921 neg 0.06045365489936674 off 0.055005970238541105	false	1.0
archaisch	neg 1.0		__DUMMY__ 0.8854779441525961 neg 0.06880465521980764 off 0.04571740062759638	false	1.0
gegen			__DUMMY__ 0.8875196291714401 neg 0.0691086697557087 off 0.04337170107285114	false	0.0
scheidung	neg 1.0	neg 1.0	neg 0.50968629470643 __DUMMY__ 0.44009692799359207 off 0.05021677729997792	false	1.0
einschlag	neg 1.0		__DUMMY__ 0.8847743479092977 neg 0.06050950542950028 off 0.05471614666120211	false	1.0
m			__DUMMY__ 0.8904538586975368 neg 0.06381276759789757 off 0.04573337370456563	false	0.0
abgestanden	neg 1.0		__DUMMY__ 0.8906306728243284 neg 0.06324392763725598 off 0.046125399538415504	false	1.0
schmierig	off 1.0		__DUMMY__ 0.8862107114640637 neg 0.05973532417269235 off 0.05405396436324392	false	0.5
unpraktisch	neg 1.0		__DUMMY__ 0.8913296085901947 neg 0.06127751556662502 off 0.04739287584318017	false	1.0
wixxer	off 1.0		__DUMMY__ 0.8794173186051499 neg 0.06054109312740069 off 0.060041588267449326	false	0.5
bezeichnet			__DUMMY__ 0.8857561789370841 neg 0.06762694576795673 off 0.046616875294959115	false	0.0
jammerlappen	off 1.0		__DUMMY__ 0.8867829161883714 neg 0.06276633192953913 off 0.05045075188208957	false	0.5
farce	neg 1.0		__DUMMY__ 0.8794985103512577 neg 0.07371138156280489 off 0.0467901080859375	false	1.0
zwecklos	neg 1.0		__DUMMY__ 0.8862625426278682 neg 0.06864996287328615 off 0.04508749449884574	false	1.0
turbulent	neg 1.0		__DUMMY__ 0.8842755232954737 neg 0.06223649798810592 off 0.053487978716420366	false	1.0
invasion	neg 1.0		__DUMMY__ 0.8890989107203845 neg 0.061502325131066835 off 0.049398764148548664	false	1.0
schuld	neg 1.0		__DUMMY__ 0.8870032877047016 neg 0.06533504994903577 off 0.0476616623462626	false	1.0
risiko	neg 1.0		__DUMMY__ 0.8912149581933094 neg 0.05933393042843233 off 0.049451111378258285	false	1.0
finster	neg 1.0		__DUMMY__ 0.8913784990266983 neg 0.0621630767292745 off 0.046458424244027206	false	1.0
geisteskrank	off 1.0		__DUMMY__ 0.8822732879166995 neg 0.06564725895751707 off 0.052079453125783486	false	0.5
zusammenbrechen	neg 1.0		__DUMMY__ 0.8901263288243543 neg 0.06417615122215888 off 0.045697519953486865	false	1.0
ausbeute	neg 1.0		__DUMMY__ 0.8928369357156949 neg 0.06293733966276796 off 0.04422572462153716	false	1.0
hinterhalt	neg 1.0		__DUMMY__ 0.8882296795059347 neg 0.06405611227728393 off 0.04771420821678134	false	1.0
kritik	neg 1.0		__DUMMY__ 0.8811139240330779 neg 0.07215768331338195 off 0.04672839265354014	false	1.0
einschrumpfen	neg 1.0		__DUMMY__ 0.882001222193604 neg 0.06756546131140688 off 0.05043331649498908	false	1.0
riskant	neg 1.0		__DUMMY__ 0.8894242338730356 neg 0.06658724211497896 off 0.04398852401198544	false	1.0
frustrieren	neg 1.0		__DUMMY__ 0.8881514515579654 neg 0.06787534563988923 off 0.043973202802145436	false	1.0
groll	neg 1.0		__DUMMY__ 0.8867856854043984 neg 0.06796923459603842 off 0.04524507999956317	false	1.0
gibt			__DUMMY__ 0.8880874976381294 neg 0.06641085026120576 off 0.045501652100664924	false	0.0
qualvoll	neg 1.0		__DUMMY__ 0.8893048964597661 neg 0.06221455217298252 off 0.04848055136725146	false	1.0
wackeln	neg 1.0		__DUMMY__ 0.8926780659852641 neg 0.06021482554957599 off 0.04710710846515997	false	1.0
klagen	neg 1.0		__DUMMY__ 0.8879823828218062 neg 0.0692019758533197 off 0.04281564132487417	false	1.0
bankrott	neg 1.0		__DUMMY__ 0.8885575362434419 neg 0.06095283370944075 off 0.05048963004711743	false	1.0
trauern	neg 1.0		__DUMMY__ 0.8898434823903513 neg 0.0660352293453953 off 0.04412128826425335	false	1.0
ablehnung	neg 1.0	neg 1.0	neg 0.5240775877560323 __DUMMY__ 0.44061721329103526 off 0.03530519895293253	false	1.0
stur	neg 1.0		__DUMMY__ 0.8874372659606974 neg 0.06462330648262168 off 0.04793942755668092	false	1.0
aufruhr	neg 1.0		__DUMMY__ 0.883050303021658 neg 0.06908313219832472 off 0.04786656478001727	false	1.0
melancholie	neg 1.0		__DUMMY__ 0.8926573156821417 neg 0.06285742927002302 off 0.04448525504783521	false	1.0
ist			__DUMMY__ 0.8867507905382475 neg 0.06522849402432562 off 0.04802071543742695	false	0.0
torheit	neg 1.0		__DUMMY__ 0.8805586059201275 neg 0.07092280910815668 off 0.04851858497171592	false	1.0
dreckskind	off 1.0		__DUMMY__ 0.8786985777522205 neg 0.06536537688016618 off 0.055936045367613325	false	0.5
umtauschen	neg 1.0		__DUMMY__ 0.8907994871974977 neg 0.06320491339086647 off 0.045995599411635814	false	1.0
zum			__DUMMY__ 0.8978353302996767 neg 0.06186152680829605 off 0.04030314289202733	false	0.0
zersetzen	neg 1.0		__DUMMY__ 0.8879472288076806 neg 0.0686907423766613 off 0.043362028815658094	false	1.0
zur			__DUMMY__ 0.8912258555051195 neg 0.06806128202747841 off 0.04071286246740213	false	0.0
frust	neg 1.0		__DUMMY__ 0.8893182347766263 neg 0.06510549758029092 off 0.045576267643082743	false	1.0
unerbittlichkeit	neg 1.0		__DUMMY__ 0.8869666039366886 neg 0.0689156419177673 off 0.04411775414554409	false	1.0
zwei			__DUMMY__ 0.8949458602367859 neg 0.0633165274560771 off 0.04173761230713704	false	0.0
unkorrekt	neg 1.0		__DUMMY__ 0.8822717925222968 neg 0.06548944789038479 off 0.05223875958731851	false	1.0
hexe	off 1.0		__DUMMY__ 0.8875801009105376 neg 0.06184421060683571 off 0.05057568848262662	false	0.5
lasch	neg 1.0		__DUMMY__ 0.8846238182287816 neg 0.06571198985041607 off 0.04966419192080228	false	1.0
rivale	neg 1.0		__DUMMY__ 0.883370914803377 neg 0.06245855916764335 off 0.05417052602897963	false	1.0
mutlos	off 1.0	off 1.0	off 0.504046981909541 __DUMMY__ 0.4427961456125175 neg 0.05315687247794146	false	1.0
wirr	off 1.0		__DUMMY__ 0.8823260349058623 neg 0.06432517972489896 off 0.05334878536923871	false	0.5
jahr			__DUMMY__ 0.8931404269852865 neg 0.06333605240499122 off 0.04352352060972221	false	0.0
wird			__DUMMY__ 0.8888408191336313 neg 0.06680268006426997 off 0.04435650080209874	false	0.0
strafbar	neg 1.0		__DUMMY__ 0.8852933547990784 neg 0.07019975706242472 off 0.04450688813849685	false	1.0
erosion	neg 1.0		__DUMMY__ 0.8903740818758025 neg 0.061597918745013476 off 0.048027999379184026	false	1.0
eingehen	neg 1.0		__DUMMY__ 0.8869218821012123 neg 0.06824185292366144 off 0.04483626497512642	false	1.0
faul	off 1.0		__DUMMY__ 0.8906830221583059 neg 0.059555613824867855 off 0.049761364016826314	false	0.5
provisorium	neg 1.0		__DUMMY__ 0.8953479848977611 neg 0.06702563575825862 off 0.03762637934398032	false	1.0
schmerzen	neg 1.0		__DUMMY__ 0.8904991574413846 neg 0.0640990328121257 off 0.045401809746489635	false	1.0
schrumpfen	neg 1.0		__DUMMY__ 0.8923325721014429 neg 0.06729344718690759 off 0.04037398071164945	false	1.0
geistlos	off 1.0		__DUMMY__ 0.8793925725874766 neg 0.07081286671735332 off 0.049794560695170104	false	0.5
fehlkauf	neg 1.0		__DUMMY__ 0.8860184876255667 neg 0.06457783784376457 off 0.0494036745306688	false	1.0
frustrierend	neg 1.0	neg 1.0	neg 0.5176219696974377 __DUMMY__ 0.4448253095265163 off 0.03755272077604608	false	1.0
unzufrieden	neg 1.0		__DUMMY__ 0.8877024602060098 neg 0.06722261396627645 off 0.04507492582771374	false	1.0
verzweifeln	neg 1.0		__DUMMY__ 0.8890651603701717 neg 0.06460632200874983 off 0.04632851762107847	false	1.0
verzweifelt	neg 1.0		__DUMMY__ 0.8875244655438438 neg 0.06466486801266622 off 0.04781066644349002	false	1.0
misstrauensantrag	neg 1.0		__DUMMY__ 0.8844478983905992 neg 0.06630118349565493 off 0.04925091811374583	false	1.0
abfallen	neg 1.0		__DUMMY__ 0.8931531849549532 neg 0.0598633455434513 off 0.04698346950159539	false	1.0
fucker	off 1.0		__DUMMY__ 0.8839310139592145 neg 0.06263104416067566 off 0.053437941880109786	false	0.5
ungezogen	neg 1.0		__DUMMY__ 0.8838238083486827 neg 0.05850204874477788 off 0.057674142906539376	false	1.0
irrsinnig	neg 1.0	neg 1.0	neg 0.5205759901165938 __DUMMY__ 0.4433915974174626 off 0.03603241246594361	false	1.0
unfassbar	neg 1.0		__DUMMY__ 0.8864256184947125 neg 0.06277829530434927 off 0.050796086200938284	false	1.0
hart	neg 1.0		__DUMMY__ 0.8850302669350104 neg 0.06418656121448017 off 0.05078317185050937	false	1.0
widerlich	off 1.0		__DUMMY__ 0.8846456115505126 neg 0.06373852755009345 off 0.051615860899393934	false	0.5
fatal	neg 1.0		__DUMMY__ 0.886333304827178 neg 0.06432303158549492 off 0.04934366358732701	false	1.0
bruch	neg 1.0		__DUMMY__ 0.8860557534861996 neg 0.07143041409941589 off 0.042513832414384514	false	1.0
aushungern	neg 1.0		__DUMMY__ 0.8833145992378038 neg 0.06878667744721957 off 0.04789872331497664	false	1.0
anspannung	neg 1.0		__DUMMY__ 0.8929833046390847 neg 0.06570245944785837 off 0.04131423591305696	false	1.0
von			__DUMMY__ 0.8935759984649617 neg 0.06361098224173362 off 0.042813019293304756	false	0.0
kraftlos	neg 1.0		__DUMMY__ 0.8932379829411269 neg 0.062412146635300404 off 0.04434987042357271	false	1.0
vom			__DUMMY__ 0.8968680505406318 neg 0.0646966905948583 off 0.038435258864509936	false	0.0
grenzdebil	off 1.0		__DUMMY__ 0.8875631365440863 neg 0.060824799900339156 off 0.051612063555574676	false	0.5
vor			__DUMMY__ 0.8919090776175573 neg 0.06585649968451884 off 0.042234422697923796	false	0.0
unterwerfen	neg 1.0		__DUMMY__ 0.8871987561846183 neg 0.06825259144994536 off 0.04454865236543628	false	1.0
versenkung	neg 1.0		__DUMMY__ 0.8885764386129605 neg 0.0672754340006794 off 0.044148127386360134	false	1.0
entziehen	neg 1.0		__DUMMY__ 0.8886180269800439 neg 0.06899352022788756 off 0.04238845279206852	false	1.0
finanzkrise	neg 1.0		__DUMMY__ 0.8824261067972848 neg 0.0703335991189223 off 0.04724029408379283	false	1.0
schimpfend	neg 1.0		__DUMMY__ 0.8945594778917624 neg 0.05802045618401971 off 0.047420065924217915	false	1.0
profan	neg 1.0		__DUMMY__ 0.8874360382001593 neg 0.06410526893208514 off 0.04845869286775558	false	1.0
korruption	neg 1.0		__DUMMY__ 0.8831179293936152 neg 0.0709573470830773 off 0.04592472352330747	false	1.0
â			__DUMMY__ 0.8902861736928904 neg 0.06469680675332563 off 0.045017019553784024	false	0.0
schmutzig	neg 1.0		__DUMMY__ 0.8902256876938806 neg 0.05873809093848154 off 0.05103622136763798	false	1.0
sexy	neg 1.0		__DUMMY__ 0.8875595162332408 neg 0.062145565721235585 off 0.05029491804552364	false	1.0
abraten	neg 1.0		__DUMMY__ 0.8898031880273021 neg 0.06254586939160796 off 0.04765094258108998	false	1.0
schwarz	neg 1.0		__DUMMY__ 0.8868517102942123 neg 0.06456754129443885 off 0.04858074841134881	false	1.0
fotze	off 1.0		__DUMMY__ 0.8867708330510274 neg 0.06722420477707061 off 0.04600496217190191	false	0.5
verwirren	neg 1.0		__DUMMY__ 0.8875134921844903 neg 0.06328791099282058 off 0.0491985968226892	false	1.0
zahnlos	off 1.0		__DUMMY__ 0.8862025313734988 neg 0.06837342707457275 off 0.04542404155192847	false	0.5
verheeren	neg 1.0		__DUMMY__ 0.8793100274071376 neg 0.060897876655763884 off 0.05979209593709854	false	1.0
hippie	neg 1.0		__DUMMY__ 0.887023829077428 neg 0.06278128117885524 off 0.05019488974371679	false	1.0
rammen	neg 1.0		__DUMMY__ 0.888949416247098 neg 0.0622544840216457 off 0.048796099731256336	false	1.0
unlauter	neg 1.0	neg 1.0	neg 0.5200013387676844 __DUMMY__ 0.4427105108645316 off 0.037288150367783955	false	1.0
unheilvoll	neg 1.0		__DUMMY__ 0.8896812285264202 neg 0.06225925426239173 off 0.04805951721118808	false	1.0
niedrig	neg 1.0		__DUMMY__ 0.8880264269797707 neg 0.06723353214377427 off 0.04474004087645496	false	1.0
explosion	neg 1.0		__DUMMY__ 0.8886727631513381 neg 0.061710693038830734 off 0.049616543809831076	false	1.0
weichei	off 1.0		__DUMMY__ 0.8837606626106224 neg 0.060697124481383806 off 0.05554221290799387	false	0.5
minusmensch	off 1.0		__DUMMY__ 0.8774792368381521 neg 0.06268315020991838 off 0.05983761295192954	false	0.5
farblos	neg 1.0		__DUMMY__ 0.8878008754896031 neg 0.06483539227445172 off 0.047363732235945206	false	1.0
unwissend	neg 1.0	neg 1.0	neg 0.5187833199028943 __DUMMY__ 0.44265057321284973 off 0.038566106884256	false	1.0
traurig	neg 1.0		__DUMMY__ 0.8869106789088032 neg 0.06016881795299951 off 0.052920503138197274	false	1.0
senkung	neg 1.0		__DUMMY__ 0.8859818489596595 neg 0.06455119398286019 off 0.04946695705748035	false	1.0
ungleich	neg 1.0	neg 1.0	neg 0.5229463790912227 __DUMMY__ 0.44346039715898966 off 0.03359322374978765	false	1.0
heikel	neg 1.0		__DUMMY__ 0.8885970486241523 neg 0.06815371353592137 off 0.043249237839926395	false	1.0
drosselung	neg 1.0		__DUMMY__ 0.8880580264280459 neg 0.058888410160319996 off 0.0530535634116341	false	1.0
falsch	neg 1.0		__DUMMY__ 0.8868328657610001 neg 0.06321946896814197 off 0.04994766527085802	false	1.0
unzufriedenheit	neg 1.0		__DUMMY__ 0.8879802391298566 neg 0.06877835182766381 off 0.043241409042479605	false	1.0
kurz	neg 1.0		__DUMMY__ 0.892478650511447 neg 0.06232428627388977 off 0.0451970632146632	false	1.0
unsinnig	neg 1.0		__DUMMY__ 0.8873087131231076 neg 0.06726919405833776 off 0.04542209281855463	false	1.0
penner	off 1.0	off 1.0	off 0.5132600342554927 __DUMMY__ 0.4418981187534964 neg 0.04484184699101081	false	1.0
seicht	neg 1.0		__DUMMY__ 0.8799052231634269 neg 0.062194385553676124 off 0.05790039128289696	false	1.0
dummheit	off 1.0	off 1.0	off 0.5072707397184663 __DUMMY__ 0.44229876727621065 neg 0.050430493005323034	false	1.0
unerfreulich	neg 1.0		__DUMMY__ 0.8896437409724071 neg 0.06771457756515813 off 0.04264168146243482	false	1.0
motherfucker	off 1.0	off 1.0	off 0.5105916827318528 __DUMMY__ 0.4419706464643603 neg 0.04743767080378694	false	1.0
pikiert	neg 1.0		__DUMMY__ 0.8852487990308766 neg 0.06416886561699431 off 0.05058233535212906	false	1.0
wrack	neg 1.0		__DUMMY__ 0.891733477443569 neg 0.06331576367603826 off 0.04495075888039278	false	1.0
gangster	neg 1.0		__DUMMY__ 0.8871159397306021 neg 0.06340745447671439 off 0.04947660579268346	false	1.0
krank	neg 1.0		__DUMMY__ 0.8893119860238843 neg 0.059439678196549925 off 0.05124833577956579	false	1.0
reich	neg 1.0		__DUMMY__ 0.8781458897932799 neg 0.07018377486505305 off 0.05167033534166706	false	1.0
gnadenlos	neg 1.0		__DUMMY__ 0.8876211839580289 neg 0.06460996747648762 off 0.04776884856548347	false	1.0
niedergeschlagen	neg 1.0		__DUMMY__ 0.8896377612193912 neg 0.06479149626846202 off 0.045570742512146704	false	1.0
terrorisieren	off 1.0	off 1.0	off 0.5036728953437926 __DUMMY__ 0.44597473761467565 neg 0.05035236704153188	false	1.0
sinnlosigkeit	neg 1.0		__DUMMY__ 0.8864610172174813 neg 0.06816061076282023 off 0.04537837201969853	false	1.0
behindern	neg 1.0		__DUMMY__ 0.8905518708540059 neg 0.06281357873526575 off 0.04663455041072837	false	1.0
undemokratisch	neg 1.0		__DUMMY__ 0.8817366386240235 neg 0.0694942698528989 off 0.04876909152307751	false	1.0
wirtschaftskrise	neg 1.0		__DUMMY__ 0.8848540446160265 neg 0.0694252744079517 off 0.04572068097602184	false	1.0
neid	neg 1.0		__DUMMY__ 0.8899184227251783 neg 0.06081071019120438 off 0.04927086708361729	false	1.0
rutschen	neg 1.0		__DUMMY__ 0.8981030137500589 neg 0.06157187816128577 off 0.04032510808865533	false	1.0
rezession	neg 1.0		__DUMMY__ 0.8798834028021748 neg 0.06515179634559441 off 0.05496480085223082	false	1.0
fehlgeburt	neg 1.0		__DUMMY__ 0.8880016651711868 neg 0.0648963311551846 off 0.04710200367362849	false	1.0
charakterschwach	off 1.0		__DUMMY__ 0.8850570147228135 neg 0.06338772701704064 off 0.05155525826014594	false	0.5
isolation	neg 1.0		__DUMMY__ 0.8874818733760461 neg 0.06152058582841801 off 0.050997540795535826	false	1.0
ablenkung	neg 1.0		__DUMMY__ 0.8898715946869519 neg 0.0631458278979839 off 0.0469825774150642	false	1.0
pech	neg 1.0		__DUMMY__ 0.8878786414368528 neg 0.06332977392897182 off 0.048791584634175295	false	1.0
vermeidung	neg 1.0		__DUMMY__ 0.8884435559346459 neg 0.05949570951529564 off 0.052060734550058406	false	1.0
dominieren	neg 1.0		__DUMMY__ 0.8881815244397402 neg 0.06578940731719347 off 0.04602906824306633	false	1.0
schwindlig	neg 1.0		__DUMMY__ 0.8911382678524037 neg 0.06040099654851986 off 0.048460735599076495	false	1.0
lutscher	neg 1.0		__DUMMY__ 0.8805283532289733 neg 0.06122614541452654 off 0.05824550135650019	false	1.0
pflicht	neg 1.0		__DUMMY__ 0.8880561301522828 neg 0.06866567575699588 off 0.0432781940907213	false	1.0
faschist	off 1.0		__DUMMY__ 0.8812702075979364 neg 0.0692096194879863 off 0.04952017291407724	false	0.5
verschleudern	neg 1.0		__DUMMY__ 0.8853907841165193 neg 0.06941218206812726 off 0.04519703381535342	false	1.0
wenn			__DUMMY__ 0.8872862689599647 neg 0.06278313169767505 off 0.04993059934236021	false	0.0
ehebruch	neg 1.0		__DUMMY__ 0.8860545727093008 neg 0.06899142756325043 off 0.044953999727448846	false	1.0
spott	off 1.0		__DUMMY__ 0.886252527273942 neg 0.06930051859087641 off 0.04444695413518152	false	0.5
trostlosigkeit	neg 1.0		__DUMMY__ 0.8837826042332544 neg 0.07270062217050748 off 0.04351677359623816	false	1.0
lutschen	neg 1.0		__DUMMY__ 0.8846853858701899 neg 0.06453845166540617 off 0.05077616246440401	false	1.0
undiszipliniert	neg 1.0		__DUMMY__ 0.8862504287134838 neg 0.061325503619069126 off 0.05242406766744714	false	1.0
kopfschmerz	neg 1.0		__DUMMY__ 0.888598215495433 neg 0.06537522625018186 off 0.0460265582543851	false	1.0
unvorhergesehen	neg 1.0		__DUMMY__ 0.8935152695875065 neg 0.06164870623717143 off 0.044836024175322155	false	1.0
desinteressiert	neg 1.0		__DUMMY__ 0.8845360953023954 neg 0.06308235913269594 off 0.05238154556490863	false	1.0
armselig	off 1.0		__DUMMY__ 0.8833330502754991 neg 0.06333765082234988 off 0.05332929890215102	false	0.5
desaster	neg 1.0		__DUMMY__ 0.8864611687075536 neg 0.07125339837536647 off 0.042285432917079896	false	1.0
tod	neg 1.0		__DUMMY__ 0.884707205766894 neg 0.0709452545134522 off 0.04434753971965386	false	1.0
herzlos	neg 1.0		__DUMMY__ 0.8863648915163667 neg 0.06006883096855429 off 0.05356627751507908	false	1.0
unwissenheit	neg 1.0		__DUMMY__ 0.8853574719123363 neg 0.0692152530183997 off 0.04542727506926404	false	1.0
widersinnig	neg 1.0		__DUMMY__ 0.8820855327547197 neg 0.07123028496135898 off 0.04668418228392132	false	1.0
bedenklich	neg 1.0		__DUMMY__ 0.8880328174665805 neg 0.06788378702260996 off 0.044083395510809475	false	1.0
beanstanden	neg 1.0		__DUMMY__ 0.8886953343372402 neg 0.06839708331425422 off 0.042907582348505495	false	1.0
panisch	neg 1.0	neg 1.0	neg 0.5145797380240202 __DUMMY__ 0.44914745023417424 off 0.03627281174180558	false	1.0
debil	off 1.0		__DUMMY__ 0.8901940351496576 neg 0.06947613311845233 off 0.04032983173189021	false	0.5
abstrich	neg 1.0		__DUMMY__ 0.8932174375650741 neg 0.0607142671886001 off 0.04606829524632574	false	1.0
primitiv	neg 1.0		__DUMMY__ 0.8843473538404355 neg 0.06354527793388447 off 0.052107368225680094	false	1.0
abschaum	off 1.0	off 1.0	off 0.5088150607115971 __DUMMY__ 0.4416442138627942 neg 0.04954072542560873	false	1.0
provozieren	neg 1.0		__DUMMY__ 0.8855823728972189 neg 0.06702852730311026 off 0.04738909979967079	false	1.0
tot	neg 1.0		__DUMMY__ 0.8868702058374327 neg 0.06724766799405801 off 0.04588212616850926	false	1.0
instabil	neg 1.0		__DUMMY__ 0.881093201569221 neg 0.06472141932932432 off 0.05418537910145463	false	1.0
schwuchtel	off 1.0		__DUMMY__ 0.8763377443342855 off 0.06286661065236651 neg 0.06079564501334799	false	1.0
zerren	neg 1.0		__DUMMY__ 0.8898657439191686 neg 0.0645190004176477 off 0.045615255663183696	false	1.0
kinderficker	off 1.0		__DUMMY__ 0.8822334875284972 neg 0.06256461076637462 off 0.055201901705128224	false	0.5
gefahr	neg 1.0		__DUMMY__ 0.8866898429293152 neg 0.06857595052553062 off 0.04473420654515421	false	1.0
rabiat	neg 1.0		__DUMMY__ 0.8878541665315927 neg 0.06512694457188668 off 0.04701888889652061	false	1.0
verlangsamung	neg 1.0		__DUMMY__ 0.8797089199427921 neg 0.06272187267807851 off 0.05756920737912947	false	1.0
ausgestorben	neg 1.0		__DUMMY__ 0.8893839625763678 neg 0.0649372827352522 off 0.04567875468837991	false	1.0
anklagen	neg 1.0		__DUMMY__ 0.8854012386898813 neg 0.06765319642762312 off 0.046945564882495586	false	1.0
trott	neg 1.0		__DUMMY__ 0.8893566973424327 neg 0.0638153307412503 off 0.046827971916317025	false	1.0
verminderung	neg 1.0		__DUMMY__ 0.8859762665114979 neg 0.061161327125321234 off 0.0528624063631809	false	1.0
nach			__DUMMY__ 0.8953074151909423 neg 0.0642749362264838 off 0.04041764858257398	false	0.0
rost	neg 1.0		__DUMMY__ 0.882801053469246 neg 0.05961651220604386 off 0.05758243432471021	false	1.0
destruktiv	neg 1.0		__DUMMY__ 0.8847434470771152 neg 0.06872877394649153 off 0.046527778976393375	false	1.0
unzumutbarkeit	neg 1.0		__DUMMY__ 0.8878725325498825 neg 0.059902771793530755 off 0.05222469565658674	false	1.0
labil	off 1.0	off 1.0	off 0.509419555963385 __DUMMY__ 0.44221500065049846 neg 0.048365443386116584	false	1.0
ziemlich	neg 1.0		__DUMMY__ 0.8870167974748744 neg 0.06175562777318104 off 0.051227574751944574	false	1.0
lachnummer	off 1.0		__DUMMY__ 0.885036521995819 neg 0.0683271996383489 off 0.046636278365832076	false	0.5
oder			__DUMMY__ 0.8905390787429416 neg 0.06294119230934021 off 0.0465197289477182	false	0.0
verfall	neg 1.0		__DUMMY__ 0.8902630250366793 neg 0.06926758977189403 off 0.040469385191426635	false	1.0
ausgrenzung	neg 1.0		__DUMMY__ 0.8818405085741069 neg 0.06887911301519398 off 0.049280378410699176	false	1.0
unordnung	neg 1.0		__DUMMY__ 0.8830306545092396 neg 0.06246076335667096 off 0.0545085821340895	false	1.0
fehlverhalten	neg 1.0		__DUMMY__ 0.8865001202352581 neg 0.06921257046791217 off 0.04428730929682965	false	1.0
eine			__DUMMY__ 0.8908638971562414 neg 0.06668228992825499 off 0.0424538129155036	false	0.0
nille	neg 1.0		__DUMMY__ 0.8848602646052406 neg 0.06767804549636032 off 0.04746168989839905	false	1.0
qual	neg 1.0		__DUMMY__ 0.8890481844726927 neg 0.06413002907433672 off 0.04682178645297048	false	1.0
verschwenden	neg 1.0		__DUMMY__ 0.8885372339632606 neg 0.0674327817322576 off 0.04402998430448177	false	1.0
riesig	neg 1.0		__DUMMY__ 0.8892476965399699 neg 0.06470672568723708 off 0.046045577772792994	false	1.0
verurteilen	neg 1.0		__DUMMY__ 0.8850203745167983 neg 0.0692830243279588 off 0.0456966011552429	false	1.0
klischee	neg 1.0	neg 1.0	neg 0.5204634519573068 __DUMMY__ 0.4417945403059032 off 0.037742007736790005	false	1.0
diktatorisch	neg 1.0		__DUMMY__ 0.8798420752124674 neg 0.0713497332231138 off 0.048808191564418804	false	1.0
vorhersehbar	neg 1.0		__DUMMY__ 0.8836893069602798 neg 0.06749716226370706 off 0.04881353077601318	false	1.0
sowie			__DUMMY__ 0.8804234857309363 neg 0.06320279837241047 off 0.05637371589665325	false	0.0
stornieren	neg 1.0		__DUMMY__ 0.8905527853147956 neg 0.06066483711864271 off 0.048782377566561605	false	1.0
besteuerung	neg 1.0		__DUMMY__ 0.8859074768076484 neg 0.06607319039327625 off 0.04801933279907531	false	1.0
ungeschminkt	neg 1.0		__DUMMY__ 0.8857916903081718 neg 0.06280888060407763 off 0.051399429087750435	false	1.0
kritisch	neg 1.0		__DUMMY__ 0.8862280215424937 neg 0.0692905402180318 off 0.04448143823947449	false	1.0
schlamperei	off 1.0		__DUMMY__ 0.8864926034059106 neg 0.06850965085224867 off 0.04499774574184069	false	0.5
sucht	neg 1.0	neg 1.0	neg 0.5132402158563488 __DUMMY__ 0.44995227752029343 off 0.03680750662335771	false	1.0
egoistisch	off 1.0		__DUMMY__ 0.8841121183100427 neg 0.06031123405740483 off 0.05557664763255254	false	0.5
ausbeuter	off 1.0		__DUMMY__ 0.8854206918097216 neg 0.0705549256000202 off 0.04402438259025814	false	0.5
arschgeburt	off 1.0		__DUMMY__ 0.8763948163338746 off 0.06282736385815743 neg 0.06077781980796794	false	1.0
schubs	neg 1.0	neg 1.0	neg 0.5177214459108431 __DUMMY__ 0.44875656782643447 off 0.03352198626272246	false	1.0
unsolide	neg 1.0		__DUMMY__ 0.8776579604654172 neg 0.07075640926059198 off 0.051585630273990844	false	1.0
beschwerde	neg 1.0		__DUMMY__ 0.8865313827072843 neg 0.0679124812926137 off 0.04555613600010206	false	1.0
stocken	neg 1.0		__DUMMY__ 0.8892984724802115 neg 0.06575339047849653 off 0.04494813704129188	false	1.0
isolieren	neg 1.0		__DUMMY__ 0.8912503908568983 neg 0.06231865431210679 off 0.046430954830994964	false	1.0
unheilbar	neg 1.0		__DUMMY__ 0.8866601486927198 neg 0.06570416717189252 off 0.04763568413538767	false	1.0
pisser	off 1.0		__DUMMY__ 0.8826621340556792 neg 0.06322077387903528 off 0.054117092065285456	false	0.5
löschen	neg 1.0		__DUMMY__ 0.8871372725320689 neg 0.06485123056692246 off 0.04801149690100872	false	1.0
durchfallen	neg 1.0		__DUMMY__ 0.8883827976447747 neg 0.06713372827348946 off 0.04448347408173582	false	1.0
wichser	off 1.0		__DUMMY__ 0.8812773457333045 neg 0.059405400113416135 off 0.05931725415327939	false	0.5
terror	neg 1.0		__DUMMY__ 0.8896156162585889 neg 0.06063740129363235 off 0.04974698244777875	false	1.0
krass	neg 1.0		__DUMMY__ 0.8852594662656108 neg 0.06115361685682367 off 0.05358691687756552	false	1.0
revolte	neg 1.0	neg 1.0	neg 0.5236193180429549 __DUMMY__ 0.4381706242689575 off 0.038210057688087655	false	1.0
besorgt	neg 1.0		__DUMMY__ 0.8938025609213138 neg 0.06080089098818232 off 0.045396548090503835	false	1.0
nachlassen	neg 1.0		__DUMMY__ 0.890316660648171 neg 0.06454905618780461 off 0.04513428316402435	false	1.0
alt	neg 1.0		__DUMMY__ 0.8937015314096617 neg 0.06324508723966767 off 0.043053381350670605	false	1.0
hundesohn	off 1.0		__DUMMY__ 0.8788433812687211 neg 0.06207599540690973 off 0.05908062332436918	false	0.5
als			__DUMMY__ 0.8903081163393938 neg 0.06473660241192027 off 0.04495528124868598	false	0.0
abschreckung	neg 1.0		__DUMMY__ 0.8876574873372037 neg 0.06913441719700521 off 0.043208095465791074	false	1.0
unqualifiziert	neg 1.0		__DUMMY__ 0.8848203868947342 neg 0.06607244136880934 off 0.049107171736456484	false	1.0
abgewichst	off 1.0		__DUMMY__ 0.8871518613358408 neg 0.06644312986333716 off 0.0464050088008221	false	0.5
schwer	neg 1.0		__DUMMY__ 0.8891176717891508 neg 0.06444237352033529 off 0.04643995469051387	false	1.0
bedeutungslosigkeit	neg 1.0		__DUMMY__ 0.8865710355214078 neg 0.06968897641697926 off 0.04373998806161295	false	1.0
kapitulation	neg 1.0		__DUMMY__ 0.8817753085579293 neg 0.07258254152090955 off 0.045642149921161106	false	1.0
unscharf	neg 1.0		__DUMMY__ 0.8875901476490574 neg 0.06361967732565908 off 0.04879017502528353	false	1.0
schwinden	neg 1.0		__DUMMY__ 0.8889646609751068 neg 0.06727052223486127 off 0.04376481679003185	false	1.0
versklavung	neg 1.0	neg 1.0	neg 0.523057891354165 __DUMMY__ 0.4401668016095961 off 0.03677530703623897	false	1.0
schlecht	neg 1.0		__DUMMY__ 0.8875437841476082 neg 0.06091825554753711 off 0.05153796030485476	false	1.0
verhasst	neg 1.0		__DUMMY__ 0.8848579867773521 neg 0.06768091382198134 off 0.04746109940066661	false	1.0
beschweren	neg 1.0		__DUMMY__ 0.8884287016737016 neg 0.06343369430319984 off 0.048137604023098475	false	1.0
scheiden	neg 1.0		__DUMMY__ 0.8890168718760407 neg 0.06495248361967758 off 0.046030644504281765	false	1.0
frustriert	neg 1.0		__DUMMY__ 0.8884199440787836 neg 0.06578812725880255 off 0.04579192866241394	false	1.0
schimmelig	neg 1.0		__DUMMY__ 0.8883858845955807 neg 0.06776065882839327 off 0.04385345657602608	false	1.0
fisch	neg 1.0	neg 1.0	neg 0.5172990932877348 __DUMMY__ 0.4491901459540783 off 0.033510760758186875	false	1.0
schmuggel	neg 1.0		__DUMMY__ 0.8923671508843064 neg 0.06447470698899319 off 0.04315814212670039	false	1.0
auffallen	neg 1.0		__DUMMY__ 0.8877997105840707 neg 0.06369100882949551 off 0.0485092805864338	false	1.0
konkurrenz	neg 1.0		__DUMMY__ 0.8914139635403738 neg 0.06582084653641743 off 0.042765189923208775	false	1.0
teufelskreis	neg 1.0		__DUMMY__ 0.886871807606506 neg 0.06702367503137242 off 0.04610451736212164	false	1.0
aufschreien	neg 1.0		__DUMMY__ 0.8851588211180537 neg 0.06618536328760877 off 0.04865581559433765	false	1.0
schuldner	neg 1.0		__DUMMY__ 0.8859635884601211 neg 0.06958914373254219 off 0.04444726780733672	false	1.0
missgeburt	off 1.0	off 1.0	off 0.5127797124398421 __DUMMY__ 0.44029534634511835 neg 0.046924941215039435	false	1.0
arbeitslos	neg 1.0		__DUMMY__ 0.8869143489149862 neg 0.06768148760043056 off 0.04540416348458327	false	1.0
befallen	neg 1.0		__DUMMY__ 0.8830070521641897 neg 0.0713575885471883 off 0.04563535928862198	false	1.0
miesepetrig	off 1.0		__DUMMY__ 0.8883819879776124 neg 0.060718357412817496 off 0.05089965460957007	false	0.5
alarmieren	neg 1.0		__DUMMY__ 0.8840296286129408 neg 0.06466203174305953 off 0.05130833964399972	false	1.0
ungeduscht	off 1.0		__DUMMY__ 0.8879276892797809 neg 0.06326560303736475 off 0.04880670768285442	false	0.5
knappheit	neg 1.0		__DUMMY__ 0.8874711727247797 neg 0.06695719212130073 off 0.045571635153919585	false	1.0
schlange	neg 1.0		__DUMMY__ 0.8902700684057429 neg 0.06201606475815908 off 0.047713866836098136	false	1.0
harsch	neg 1.0		__DUMMY__ 0.8860821768294451 neg 0.057718362466056404 off 0.056199460704498536	false	1.0
lang	neg 1.0		__DUMMY__ 0.8879375165856402 neg 0.06405733770507681 off 0.04800514570928296	false	1.0
ziellos	neg 1.0		__DUMMY__ 0.8893109971616785 neg 0.06600888880832573 off 0.04468011402999583	false	1.0
selbstverliebt	neg 1.0		__DUMMY__ 0.8772691331980733 neg 0.06221573002320261 off 0.06051513677872417	false	1.0
beseitigen	neg 1.0		__DUMMY__ 0.8917283146043159 neg 0.06060300975973766 off 0.04766867563594645	false	1.0
dumm	off 1.0		__DUMMY__ 0.8825536417231339 neg 0.06126858432138816 off 0.05617777395547792	false	0.5
arbeitsloser	neg 1.0		__DUMMY__ 0.8876720894367157 neg 0.0675736308107275 off 0.044754279752556754	false	1.0
blitzen	neg 1.0		__DUMMY__ 0.8860429652991397 neg 0.06387315237264324 off 0.05008388232821695	false	1.0
hilflos	neg 1.0		__DUMMY__ 0.8889201117727265 neg 0.06566963905888239 off 0.04541024916839109	false	1.0
eklig	off 1.0		__DUMMY__ 0.8812513093965387 neg 0.06190729489552383 off 0.05684139570793742	false	0.5
begriff			__DUMMY__ 0.8874755453365588 neg 0.06664773615519763 off 0.045876718508243576	false	0.0
hungersnot	neg 1.0		__DUMMY__ 0.8813085964054603 neg 0.07133404830439101 off 0.04735735529014865	false	1.0
ungesetzlich	neg 1.0		__DUMMY__ 0.880836131513113 neg 0.0692447326148611 off 0.04991913587202599	false	1.0
verschwendung	neg 1.0		__DUMMY__ 0.8888277995306539 neg 0.06775056473183846 off 0.043421635737507513	false	1.0
schmerzvoll	neg 1.0		__DUMMY__ 0.88826537421012 neg 0.06366564575042286 off 0.04806898003945708	false	1.0
vorzeitig	neg 1.0		__DUMMY__ 0.8873830686739488 neg 0.06126669229095603 off 0.051350239035095176	false	1.0
unvollkommenheit	neg 1.0		__DUMMY__ 0.8881621892109294 neg 0.0647547200419184 off 0.047083090747152286	false	1.0
intervenieren	neg 1.0		__DUMMY__ 0.8847060517230674 neg 0.0709234871365491 off 0.0443704611403836	false	1.0
banause	off 1.0		__DUMMY__ 0.8802785501552499 neg 0.06170277959385524 off 0.05801867025089492	false	0.5
rebell	neg 1.0		__DUMMY__ 0.891349864060763 neg 0.0663237065981089 off 0.042326429341128166	false	1.0
unlogisch	neg 1.0		__DUMMY__ 0.8840192819258441 neg 0.06260588537412848 off 0.05337483270002735	false	1.0
leiden	neg 1.0	neg 1.0	neg 0.5150879190736022 __DUMMY__ 0.4529938332651201 off 0.03191824766127766	false	1.0
abschaffung	neg 1.0		__DUMMY__ 0.8847794667375477 neg 0.06713556946404316 off 0.04808496379840906	false	1.0
sturz	neg 1.0		__DUMMY__ 0.8840360497880508 neg 0.0674809635140437 off 0.04848298669790545	false	1.0
verkleinerung	neg 1.0		__DUMMY__ 0.882479698607607 neg 0.06690882634058455 off 0.050611475051808505	false	1.0
schmarotzer	off 1.0		__DUMMY__ 0.8855439588147368 neg 0.0693391543575326 off 0.04511688682773068	false	0.5
bestrafung	neg 1.0		__DUMMY__ 0.8864557943468065 neg 0.06548411286565786 off 0.04806009278753564	false	1.0
achtlos	neg 1.0		__DUMMY__ 0.8902188196701493 neg 0.06343378583235262 off 0.04634739449749818	false	1.0
ungeheuer	neg 1.0		__DUMMY__ 0.8864395224949617 neg 0.06495159641110972 off 0.04860888109392856	false	1.0
unaufrichtig	neg 1.0		__DUMMY__ 0.8821855188232841 neg 0.06795087315302872 off 0.049863608023687264	false	1.0
