unsolidarisch	neg 1.0		neg 0.3927334591756169 __DUMMY__ 0.3298163545907482 off 0.2774501862336348	false	1.0
nachteilig	neg 1.0		neg 0.3896401221069997 __DUMMY__ 0.3342755371614712 off 0.276084340731529	false	1.0
skeptisch	neg 1.0		neg 0.3911777373729019 __DUMMY__ 0.33535677191259433 off 0.2734654907145038	false	1.0
schrecklich	neg 1.0		neg 0.37911023283497475 __DUMMY__ 0.3328021998775077 off 0.2880875672875176	false	1.0
schlapp	neg 1.0		neg 0.38034080619242355 __DUMMY__ 0.33523572794946066 off 0.2844234658581158	false	1.0
abfall	neg 1.0		neg 0.39254935128395146 __DUMMY__ 0.33571678154026047 off 0.2717338671757881	false	1.0
widerspenstig	neg 1.0		neg 0.38443898048352876 __DUMMY__ 0.3360487112204584 off 0.27951230829601287	false	1.0
abrupt	neg 1.0		neg 0.38543369433238117 __DUMMY__ 0.33647123271055307 off 0.27809507295706576	false	1.0
unwirksam	neg 1.0		neg 0.3899097836621585 __DUMMY__ 0.3314192828350927 off 0.2786709335027487	false	1.0
angreifen	neg 1.0		neg 0.39117887527950757 __DUMMY__ 0.33432837011383176 off 0.27449275460666067	false	1.0
inkonsistent	neg 1.0		neg 0.38560850773820793 __DUMMY__ 0.33321041808729246 off 0.28118107417449956	false	1.0
abrutschen	neg 1.0		neg 0.39137485032734404 __DUMMY__ 0.3363747263634442 off 0.27225042330921173	false	1.0
unsicher	neg 1.0		neg 0.3856276999192157 __DUMMY__ 0.3351421446809514 off 0.27923015539983304	false	1.0
bauernkind	off 1.0		neg 0.3793661068288373 __DUMMY__ 0.3299778011535293 off 0.29065609201763326	false	0.5
angreifer	neg 1.0		neg 0.38587528194335946 __DUMMY__ 0.3322844425160618 off 0.2818402755405787	false	1.0
trennen	neg 1.0		neg 0.3870132477594511 __DUMMY__ 0.3375568733751339 off 0.275429878865415	false	1.0
schmutz	neg 1.0		neg 0.376094500192448 __DUMMY__ 0.33720211645393616 off 0.28670338335361584	false	1.0
inkonsistenz	neg 1.0	neg 1.0	neg 0.6832096176073185 __DUMMY__ 0.1610077811945416 off 0.15578260119814	false	1.0
erschreckend	neg 1.0		neg 0.3887681898382603 __DUMMY__ 0.3339787429853936 off 0.27725306717634624	false	1.0
ertrinken	neg 1.0		neg 0.3876477969960931 __DUMMY__ 0.3362438985688439 off 0.276108304435063	false	1.0
pickelface	off 1.0		neg 0.3870514332939983 __DUMMY__ 0.3332332068884222 off 0.27971535981757956	false	0.5
seiner			neg 0.3902412710380337 __DUMMY__ 0.33509190765870056 off 0.27466682130326575	false	0.0
lauch	neg 1.0		neg 0.390962905661557 __DUMMY__ 0.33562985515660393 off 0.27340723918183907	false	1.0
unwichtig	neg 1.0		neg 0.3831802639069617 __DUMMY__ 0.3333330547255962 off 0.28348668136744215	false	1.0
steuerhinterziehung	neg 1.0		neg 0.39121715004319035 __DUMMY__ 0.331703792262313 off 0.27707905769449676	false	1.0
schock	neg 1.0		neg 0.3852259616425958 __DUMMY__ 0.3366204899442736 off 0.27815354841313056	false	1.0
beule	neg 1.0		neg 0.3791910548821195 __DUMMY__ 0.3349460165223602 off 0.28586292859552026	false	1.0
vergelten	neg 1.0		neg 0.3799853863182221 __DUMMY__ 0.33104122907507666 off 0.2889733846067013	false	1.0
verdorbenheit	neg 1.0		neg 0.38211396219060473 __DUMMY__ 0.3362004897913745 off 0.28168554801802076	false	1.0
trauma	neg 1.0		neg 0.384920668881027 __DUMMY__ 0.33407915649997416 off 0.28100017461899884	false	1.0
sinnlos	neg 1.0		neg 0.38470777019408336 __DUMMY__ 0.3340977229279248 off 0.2811945068779921	false	1.0
fettsack	off 1.0	off 1.0	off 0.6302660446255854 neg 0.20956475499469826 __DUMMY__ 0.1601692003797163	false	1.0
feige	off 1.0		neg 0.3850740429643807 __DUMMY__ 0.33234439211825406 off 0.28258156491736536	false	0.5
abdanken	neg 1.0		neg 0.3930736759025674 __DUMMY__ 0.33039824411252633 off 0.2765280799849062	false	1.0
wichtigtuer	off 1.0	off 1.0	off 0.6248529295788742 neg 0.21414132741179184 __DUMMY__ 0.16100574300933396	false	1.0
misslingen	neg 1.0		neg 0.3813190309078105 __DUMMY__ 0.33622417261778803 off 0.2824567964744015	false	1.0
untreu	off 1.0		neg 0.3819004593311424 __DUMMY__ 0.33356425149767055 off 0.28453528917118714	false	0.5
missmutig	neg 1.0		neg 0.381371799404853 __DUMMY__ 0.33500694561545125 off 0.2836212549796958	false	1.0
hurenbock	off 1.0		neg 0.38122027561956984 __DUMMY__ 0.3366469789560468 off 0.28213274542438344	false	0.5
betrunken	neg 1.0		neg 0.37904353123846546 __DUMMY__ 0.3343298823997609 off 0.2866265863617736	false	1.0
korrupt	off 1.0		neg 0.39354769630520303 __DUMMY__ 0.3312712039537503 off 0.27518109974104665	false	0.5
unmut	neg 1.0		neg 0.39244410459398965 __DUMMY__ 0.3351358434861224 off 0.27242005191988794	false	1.0
hackfresse	off 1.0		neg 0.3765715739037421 __DUMMY__ 0.3318832505648187 off 0.29154517553143927	false	0.5
aufblasen	neg 1.0		neg 0.3831073694533908 __DUMMY__ 0.3357489417888427 off 0.2811436887577666	false	1.0
gewaltsam	neg 1.0		neg 0.3885930536416208 __DUMMY__ 0.3320744576240244 off 0.2793324887343549	false	1.0
unbeliebtheit	neg 1.0		neg 0.38831273237501823 __DUMMY__ 0.32816856309236675 off 0.28351870453261513	false	1.0
sturheit	neg 1.0		neg 0.3906859474339348 __DUMMY__ 0.3326010116551414 off 0.27671304091092386	false	1.0
kuh	neg 1.0		neg 0.3868659766641421 __DUMMY__ 0.33285544891605884 off 0.28027857441979914	false	1.0
erschrecken	neg 1.0		neg 0.38206255892574814 __DUMMY__ 0.3347685538376066 off 0.28316888723664535	false	1.0
opfer	neg 1.0	neg 1.0	neg 0.6857350193355018 __DUMMY__ 0.16213767547775013 off 0.15212730518674802	false	1.0
sinken	neg 1.0		neg 0.3911767179978199 __DUMMY__ 0.3354010649770403 off 0.27342221702513986	false	1.0
stinktier	neg 1.0		neg 0.3806786006802956 __DUMMY__ 0.3313883631223194 off 0.2879330361973851	false	1.0
tucke	off 1.0		neg 0.37484587417145315 __DUMMY__ 0.3325478293637785 off 0.2926062964647685	false	0.5
ein			neg 0.3822430738483241 __DUMMY__ 0.33687444158781826 off 0.2808824845638576	false	0.0
abstieg	neg 1.0		neg 0.3902740231194343 __DUMMY__ 0.33313416617665403 off 0.27659181070391153	false	1.0
missverstehen	neg 1.0		neg 0.3870245407716441 __DUMMY__ 0.3326541787817688 off 0.2803212804465871	false	1.0
ergebnislos	neg 1.0		neg 0.38954566183164613 __DUMMY__ 0.3339388872658671 off 0.2765154509024868	false	1.0
unter			neg 0.390979081947114 __DUMMY__ 0.33934128037244443 off 0.26967963768044156	false	0.0
manipulieren	neg 1.0		neg 0.3914974883103274 __DUMMY__ 0.3342852721114586 off 0.2742172395782142	false	1.0
unbewiesen	neg 1.0		neg 0.39353708717124514 __DUMMY__ 0.329475540820033 off 0.27698737200872176	false	1.0
verschleppen	neg 1.0		neg 0.39054156461832723 __DUMMY__ 0.3334566931332286 off 0.27600174224844404	false	1.0
weib	off 1.0		neg 0.37644987347085623 __DUMMY__ 0.33099474687639485 off 0.29255537965274897	false	0.5
opposition	neg 1.0		neg 0.38913951362751553 __DUMMY__ 0.33117142503683006 off 0.2796890613356543	false	1.0
verkehrswidrig	neg 1.0		neg 0.3763085571390544 __DUMMY__ 0.3334219997764087 off 0.2902694430845369	false	1.0
inkorrekt	neg 1.0		neg 0.386862391848511 __DUMMY__ 0.3300286276066488 off 0.28310898054484007	false	1.0
vermeiden	neg 1.0		neg 0.39111190449501937 __DUMMY__ 0.3374746775801888 off 0.27141341792479196	false	1.0
abweichung	neg 1.0		neg 0.3937423941653252 __DUMMY__ 0.3313034593728977 off 0.27495414646177696	false	1.0
alkoholisiert	neg 1.0		neg 0.387318030267095 __DUMMY__ 0.3355163493612268 off 0.27716562037167813	false	1.0
scheiss	off 1.0	off 1.0	off 0.6280785927112486 neg 0.21031172961279396 __DUMMY__ 0.16160967767595744	false	1.0
herausforderung	neg 1.0		neg 0.383770117446893 __DUMMY__ 0.33797626195594194 off 0.2782536205971652	false	1.0
pervers	off 1.0		neg 0.3738046840836428 __DUMMY__ 0.3306657375264228 off 0.2955295783899343	false	0.5
wackelig	neg 1.0		neg 0.3839737128295433 __DUMMY__ 0.33789615212577495 off 0.27813013504468165	false	1.0
verwickeln	neg 1.0		neg 0.38594770343086565 __DUMMY__ 0.333543732237277 off 0.28050856433185745	false	1.0
vorwand	neg 1.0		neg 0.3925371876049007 __DUMMY__ 0.33447525513117227 off 0.272987557263927	false	1.0
muschi	off 1.0		neg 0.3878414033063246 __DUMMY__ 0.3330817595693499 off 0.2790768371243255	false	0.5
entmutigung	neg 1.0		neg 0.39337444619276507 __DUMMY__ 0.32788643645232535 off 0.2787391173549096	false	1.0
unangemessen	neg 1.0		neg 0.39190551808536256 __DUMMY__ 0.33261720286956437 off 0.27547727904507313	false	1.0
unstetig	neg 1.0		neg 0.3848521512752483 __DUMMY__ 0.3326197280011444 off 0.28252812072360733	false	1.0
entmutigen	neg 1.0		neg 0.38489684133316804 __DUMMY__ 0.33474814218973853 off 0.28035501647709343	false	1.0
schwanz	neg 1.0		neg 0.38800957906833966 __DUMMY__ 0.3346213042038388 off 0.27736911672782155	false	1.0
verbot	neg 1.0		neg 0.3918674300244474 __DUMMY__ 0.3319142225012722 off 0.27621834747428037	false	1.0
leid	neg 1.0		neg 0.37789222200288625 __DUMMY__ 0.33239842817595167 off 0.28970934982116214	false	1.0
archaisch	neg 1.0		neg 0.39085418190980953 __DUMMY__ 0.3329406745200838 off 0.2762051435701066	false	1.0
gegen			neg 0.3927269770909308 __DUMMY__ 0.33400097871114054 off 0.2732720441979286	false	0.0
scheidung	neg 1.0	neg 1.0	neg 0.6718807823719776 off 0.1681808867190346 __DUMMY__ 0.1599383309089879	false	1.0
einschlag	neg 1.0		neg 0.3783981612903948 __DUMMY__ 0.33239786424009693 off 0.28920397446950824	false	1.0
m			neg 0.3860279540231719 __DUMMY__ 0.33562859348261703 off 0.278343452494211	false	0.0
abgestanden	neg 1.0		neg 0.38485418321225456 __DUMMY__ 0.33546808721303367 off 0.27967772957471165	false	1.0
schmierig	off 1.0		neg 0.3777628674348285 __DUMMY__ 0.3333010812475496 off 0.2889360513176219	false	0.5
unpraktisch	neg 1.0		neg 0.3826798068943578 __DUMMY__ 0.336055652201601 off 0.28126454090404124	false	1.0
wixxer	off 1.0		neg 0.37530758827577004 __DUMMY__ 0.3295784809481348 off 0.29511393077609505	false	0.5
bezeichnet			neg 0.38937237870396213 __DUMMY__ 0.33307420217027084 off 0.27755341912576714	false	0.0
jammerlappen	off 1.0		neg 0.3826472248333579 __DUMMY__ 0.3336866173568102 off 0.2836661578098319	false	0.5
farce	neg 1.0		neg 0.39500461826261296 __DUMMY__ 0.3296275720015802 off 0.27536780973580693	false	1.0
zwecklos	neg 1.0		neg 0.3910534560018178 __DUMMY__ 0.3334217924805061 off 0.275524751517676	false	1.0
turbulent	neg 1.0		neg 0.3806667830522659 __DUMMY__ 0.3319918202863786 off 0.28734139666135555	false	1.0
invasion	neg 1.0		neg 0.38206737825566756 __DUMMY__ 0.33487993364683843 off 0.283052688097494	false	1.0
schuld	neg 1.0		neg 0.3866177752942005 __DUMMY__ 0.33380799669017025 off 0.2795742280156293	false	1.0
risiko	neg 1.0		neg 0.38048786129604695 __DUMMY__ 0.3357608042005967 off 0.2837513345033564	false	1.0
finster	neg 1.0		neg 0.38367923064262965 __DUMMY__ 0.33604265185349463 off 0.28027811750387577	false	1.0
geisteskrank	off 1.0		neg 0.3845200910828784 __DUMMY__ 0.33121830167830685 off 0.28426160723881466	false	0.5
zusammenbrechen	neg 1.0		neg 0.386548224725102 __DUMMY__ 0.3355491682529856 off 0.2779026070219124	false	1.0
ausbeute	neg 1.0		neg 0.3859907038059196 __DUMMY__ 0.3367058585711155 off 0.277303437622965	false	1.0
hinterhalt	neg 1.0		neg 0.3854359682519911 __DUMMY__ 0.33416500816030537 off 0.28039902358770347	false	1.0
kritik	neg 1.0		neg 0.3936977007160281 __DUMMY__ 0.33048188784775234 off 0.2758204114362195	false	1.0
einschrumpfen	neg 1.0		neg 0.38709130720821583 __DUMMY__ 0.3309550374216787 off 0.2819536553701054	false	1.0
riskant	neg 1.0		neg 0.38976448961846716 __DUMMY__ 0.33511959800113 off 0.2751159123804027	false	1.0
frustrieren	neg 1.0		neg 0.3909204453084444 __DUMMY__ 0.3344391719612644 off 0.2746403827302912	false	1.0
groll	neg 1.0		neg 0.3905485884885371 __DUMMY__ 0.33359471794858064 off 0.2758566935628822	false	1.0
gibt			neg 0.3886953714392136 __DUMMY__ 0.33448619388389456 off 0.2768184346768917	false	0.0
qualvoll	neg 1.0		neg 0.38297979524880177 __DUMMY__ 0.33503464833237323 off 0.28198555641882483	false	1.0
wackeln	neg 1.0		neg 0.3819809583604594 __DUMMY__ 0.33687956753995824 off 0.2811394740995824	false	1.0
klagen	neg 1.0		neg 0.39307912711545884 __DUMMY__ 0.33416370171838716 off 0.2727571711661539	false	1.0
bankrott	neg 1.0		neg 0.3807163985132301 __DUMMY__ 0.3345899450242725 off 0.2846936564624975	false	1.0
trauern	neg 1.0		neg 0.38938121406317555 __DUMMY__ 0.3351636072693153 off 0.275455178667509	false	1.0
ablehnung	neg 1.0	neg 1.0	neg 0.6873017897824627 __DUMMY__ 0.16017158223085748 off 0.15252662798667976	false	1.0
stur	neg 1.0		neg 0.38581095284597705 __DUMMY__ 0.33403990759344576 off 0.28014913956057735	false	1.0
aufruhr	neg 1.0		neg 0.3900726420016797 __DUMMY__ 0.3315213833310962 off 0.2784059746672242	false	1.0
melancholie	neg 1.0		neg 0.385711513088493 __DUMMY__ 0.3367226864557747 off 0.27756580045573215	false	1.0
ist			neg 0.38606401224014814 __DUMMY__ 0.3337583972083702 off 0.2801775905514816	false	0.0
torheit	neg 1.0		neg 0.3915213906957219 __DUMMY__ 0.3302214842406986 off 0.2782571250635796	false	1.0
dreckskind	off 1.0		neg 0.381833948420217 __DUMMY__ 0.3292033609878912 off 0.2889626905918918	false	0.5
umtauschen	neg 1.0		neg 0.3849691848599043 __DUMMY__ 0.3357751293149269 off 0.27925568582516874	false	1.0
zum			neg 0.38724528545699355 __DUMMY__ 0.33956461763309675 off 0.2731900969099097	false	0.0
zersetzen	neg 1.0		neg 0.3921497539130858 __DUMMY__ 0.33424456288240184 off 0.27360568320451234	false	1.0
zur			neg 0.39295914021032835 __DUMMY__ 0.33599546738611125 off 0.27104539240356046	false	0.0
frust	neg 1.0		neg 0.3874799484662991 __DUMMY__ 0.33514005459123525 off 0.27737999694246573	false	1.0
unerbittlichkeit	neg 1.0		neg 0.39206835923124417 __DUMMY__ 0.33367998871120635 off 0.27425165205754953	false	1.0
zwei			neg 0.38766217617679294 __DUMMY__ 0.33810079302384083 off 0.27423703079936623	false	0.0
unkorrekt	neg 1.0		neg 0.38433982328978966 __DUMMY__ 0.3310378522833886 off 0.2846223244268217	false	1.0
hexe	off 1.0		neg 0.3814008737697936 __DUMMY__ 0.3339023505799243 off 0.28469677565028223	false	0.5
lasch	neg 1.0		neg 0.3859647907709765 __DUMMY__ 0.332457775489459 off 0.2815774337395645	false	1.0
rivale	neg 1.0		neg 0.3802954039087645 __DUMMY__ 0.3316802356048136 off 0.28802436048642194	false	1.0
mutlos	off 1.0	off 1.0	off 0.6218006346442564 neg 0.2171444877240381 __DUMMY__ 0.16105487763170545	false	1.0
wirr	off 1.0		neg 0.38244391862569954 __DUMMY__ 0.33109910057844544 off 0.2864569807958551	false	0.5
jahr			neg 0.38676693390369404 __DUMMY__ 0.3370529810914374 off 0.2761800850048685	false	0.0
wird			neg 0.38953316236634294 __DUMMY__ 0.33485920424654836 off 0.2756076333871086	false	0.0
strafbar	neg 1.0		neg 0.3930444286834861 __DUMMY__ 0.33277798942877956 off 0.27417758188773433	false	1.0
erosion	neg 1.0		neg 0.3828157922552766 __DUMMY__ 0.3355682112356202 off 0.2816159965091032	false	1.0
eingehen	neg 1.0		neg 0.3908278468835076 __DUMMY__ 0.3338164615010541 off 0.2753556916154382	false	1.0
faul	off 1.0		neg 0.37981511392169437 __DUMMY__ 0.3356727019085692 off 0.28451218416973656	false	0.5
provisorium	neg 1.0		neg 0.39328034602391304 __DUMMY__ 0.33825199242404563 off 0.2684676615520414	false	1.0
schmerzen	neg 1.0		neg 0.386068585989571 __DUMMY__ 0.3356114447088217 off 0.27831996930160724	false	1.0
schrumpfen	neg 1.0		neg 0.39252455733664154 __DUMMY__ 0.33653055488684813 off 0.27094488777651043	false	1.0
geistlos	off 1.0		neg 0.3907356445728302 __DUMMY__ 0.3296317488899417 off 0.27963260653722805	false	0.5
fehlkauf	neg 1.0		neg 0.3849726825657032 __DUMMY__ 0.33314750953265737 off 0.2818798079016394	false	1.0
frustrierend	neg 1.0	neg 1.0	neg 0.6817968076095322 __DUMMY__ 0.16192871614580365 off 0.15627447624466426	false	1.0
unzufrieden	neg 1.0		neg 0.38975424525061664 __DUMMY__ 0.3342222952264794 off 0.2760234595229039	false	1.0
verzweifeln	neg 1.0		neg 0.3865890183548387 __DUMMY__ 0.33497740376608354 off 0.2784335778790778	false	1.0
verzweifelt	neg 1.0		neg 0.3857393401123687 __DUMMY__ 0.33416255200466094 off 0.2800981078829703	false	1.0
misstrauensantrag	neg 1.0		neg 0.38625193314813777 __DUMMY__ 0.33237447993436603 off 0.28137358691749625	false	1.0
abfallen	neg 1.0		neg 0.3815733993252975 __DUMMY__ 0.3370670988333335 off 0.281359501841369	false	1.0
fucker	off 1.0		neg 0.3809192149521404 __DUMMY__ 0.3321756790610662 off 0.2869051059867934	false	0.5
ungezogen	neg 1.0		neg 0.3746949247284787 __DUMMY__ 0.3319308907481418 off 0.29337418452337943	false	1.0
irrsinnig	neg 1.0	neg 1.0	neg 0.6843571496848311 __DUMMY__ 0.16138148768834776 off 0.15426136262682122	false	1.0
unfassbar	neg 1.0		neg 0.3823604119843325 __DUMMY__ 0.3335112893557514 off 0.28412829865991596	false	1.0
hart	neg 1.0		neg 0.38368775780002606 __DUMMY__ 0.3323945350869521 off 0.2839177071130218	false	1.0
widerlich	off 1.0		neg 0.38291513106236824 __DUMMY__ 0.33249232952376284 off 0.28459253941386886	false	0.5
fatal	neg 1.0		neg 0.3846925996516787 __DUMMY__ 0.33341705705072894 off 0.28189034329759255	false	1.0
bruch	neg 1.0		neg 0.395190700012603 __DUMMY__ 0.3331952676766625 off 0.2716140323107346	false	1.0
aushungern	neg 1.0		neg 0.39024858431127724 __DUMMY__ 0.3316434674925639 off 0.2781079481961588	false	1.0
anspannung	neg 1.0		neg 0.39034861978574464 __DUMMY__ 0.3369929687114242 off 0.27265841150283116	false	1.0
von			neg 0.3875834733040032 __DUMMY__ 0.3371856894470103 off 0.27523083724898645	false	0.0
kraftlos	neg 1.0		neg 0.3855666406017155 __DUMMY__ 0.3371305517901884 off 0.27730280760809595	false	1.0
vom			neg 0.3906708240278981 __DUMMY__ 0.33905720202798767 off 0.2702719739441141	false	0.0
grenzdebil	off 1.0		neg 0.3801684809409628 __DUMMY__ 0.3340778865964921 off 0.2857536324625451	false	0.5
vor			neg 0.3899466968971747 __DUMMY__ 0.3364722309294495 off 0.27358107217337574	false	0.0
unterwerfen	neg 1.0		neg 0.3912385585918887 __DUMMY__ 0.33377733678074906 off 0.2749841046273622	false	1.0
versenkung	neg 1.0		neg 0.39041443356002253 __DUMMY__ 0.33467751072135576 off 0.2749080557186217	false	1.0
entziehen	neg 1.0		neg 0.39296759768064665 __DUMMY__ 0.3346146237119074 off 0.272417778607446	false	1.0
finanzkrise	neg 1.0		neg 0.39143201806285643 __DUMMY__ 0.3311683627706817 off 0.27739961916646183	false	1.0
schimpfend	neg 1.0		neg 0.3796733018577923 __DUMMY__ 0.3376854708980829 off 0.2826412272441247	false	1.0
profan	neg 1.0		neg 0.3848208897431858 __DUMMY__ 0.33405804273625567 off 0.2811210675205586	false	1.0
korruption	neg 1.0		neg 0.3930109867435105 __DUMMY__ 0.33152249296300335 off 0.27546652029348606	false	1.0
â			neg 0.3872131587697588 __DUMMY__ 0.33551130766054166 off 0.2772755335696995	false	0.0
schmutzig	neg 1.0		neg 0.37854601577211777 __DUMMY__ 0.3354942244245303 off 0.285959759803352	false	1.0
sexy	neg 1.0		neg 0.38210879742095805 __DUMMY__ 0.33408821165385755 off 0.2838029909251843	false	1.0
abraten	neg 1.0		neg 0.3838228064683945 __DUMMY__ 0.3352880339455706 off 0.2808891595860349	false	1.0
schwarz	neg 1.0		neg 0.385277715180074 __DUMMY__ 0.33368150942463615 off 0.28104077539529004	false	1.0
fotze	off 1.0		neg 0.3892516889718213 __DUMMY__ 0.33351445016184195 off 0.2772338608663369	false	0.5
verwirren	neg 1.0		neg 0.3837681928039348 __DUMMY__ 0.3341137839793518 off 0.28211802321671337	false	1.0
zahnlos	off 1.0		neg 0.39070708157804024 __DUMMY__ 0.33337087652809755 off 0.2759220418938623	false	0.5
verheeren	neg 1.0		neg 0.37595801235990467 __DUMMY__ 0.32954148503491176 off 0.29450050260518357	false	1.0
hippie	neg 1.0		neg 0.38281152868333157 __DUMMY__ 0.3337993887687765 off 0.2833890825478918	false	1.0
rammen	neg 1.0		neg 0.3827779663538106 __DUMMY__ 0.3346429058041008 off 0.2825791278420888	false	1.0
unlauter	neg 1.0	neg 1.0	neg 0.6836906418038298 __DUMMY__ 0.16096846156423153 off 0.15534089663193865	false	1.0
unheilvoll	neg 1.0		neg 0.38327411485241003 __DUMMY__ 0.3350874788897999 off 0.2816384062577901	false	1.0
niedrig	neg 1.0		neg 0.3897793657707878 __DUMMY__ 0.3341512086276555 off 0.2760694256015566	false	1.0
explosion	neg 1.0		neg 0.3821315074281263 __DUMMY__ 0.3346170341327373 off 0.2832514584391363	false	1.0
weichei	off 1.0		neg 0.37771849225972765 __DUMMY__ 0.3320000579988081 off 0.29028144974146425	false	0.5
minusmensch	off 1.0		neg 0.3777987435932533 __DUMMY__ 0.32851285795757634 off 0.2936883984491704	false	0.5
farblos	neg 1.0		neg 0.38610079203784026 __DUMMY__ 0.33380737134220456 off 0.2800918366199552	false	1.0
unwissend	neg 1.0	neg 1.0	neg 0.6821603056907659 __DUMMY__ 0.16105151144733743 off 0.15678818286189666	false	1.0
traurig	neg 1.0		neg 0.3788447669020143 __DUMMY__ 0.3337126322597032 off 0.2874426008382826	false	1.0
senkung	neg 1.0		neg 0.3846704526574601 __DUMMY__ 0.3330931392314078 off 0.2822364081111322	false	1.0
ungleich	neg 1.0	neg 1.0	neg 0.6871077865137741 __DUMMY__ 0.16132812230056764 off 0.15156409118565814	false	1.0
heikel	neg 1.0		neg 0.3916342397588141 __DUMMY__ 0.33461399909851186 off 0.27375176114267413	false	1.0
drosselung	neg 1.0		neg 0.37767168700338016 __DUMMY__ 0.33412952044188576 off 0.288198792554734	false	1.0
falsch	neg 1.0		neg 0.3833042776685485 __DUMMY__ 0.3336884782909446 off 0.2830072440405069	false	1.0
unzufriedenheit	neg 1.0		neg 0.3923781151977874 __DUMMY__ 0.33425212650326486 off 0.2733697582989477	false	1.0
kurz	neg 1.0		neg 0.38482173493483157 __DUMMY__ 0.3367835437967025 off 0.2783947212684659	false	1.0
unsinnig	neg 1.0		neg 0.38963500162005393 __DUMMY__ 0.3339363887562139 off 0.27642860962373217	false	1.0
penner	off 1.0	off 1.0	off 0.6316170856576813 neg 0.20763516757247902 __DUMMY__ 0.16074774676983966	false	1.0
seicht	neg 1.0		neg 0.3782183864700448 __DUMMY__ 0.3299003353524818 off 0.2918812781774734	false	1.0
dummheit	off 1.0	off 1.0	off 0.6252306700785585 neg 0.21387124419685538 __DUMMY__ 0.16089808572458617	false	1.0
unerfreulich	neg 1.0		neg 0.3914179927718193 __DUMMY__ 0.3352101494728273 off 0.2733718577553533	false	1.0
motherfucker	off 1.0	off 1.0	off 0.6286512927336702 neg 0.2105736490213775 __DUMMY__ 0.16077505824495228	false	1.0
pikiert	neg 1.0		neg 0.38388756619016623 __DUMMY__ 0.3327821081093463 off 0.2833303257004876	false	1.0
wrack	neg 1.0		neg 0.38613729183602113 __DUMMY__ 0.33599384059598625 off 0.27786886756799256	false	1.0
gangster	neg 1.0		neg 0.38368034658181294 __DUMMY__ 0.3338349979827192 off 0.2824846554354678	false	1.0
krank	neg 1.0		neg 0.37892656562705945 __DUMMY__ 0.33497533571968663 off 0.28609809865325386	false	1.0
reich	neg 1.0		neg 0.3885892402345158 __DUMMY__ 0.32887471663924284 off 0.2825360431262413	false	1.0
gnadenlos	neg 1.0		neg 0.38585078006755186 __DUMMY__ 0.3341902159660216 off 0.2799590039664264	false	1.0
niedergeschlagen	neg 1.0		neg 0.3870593514315911 __DUMMY__ 0.3352013968897515 off 0.27773925167865765	false	1.0
terrorisieren	off 1.0	off 1.0	off 0.6222827245378935 neg 0.2154128749923968 __DUMMY__ 0.16230440046970962	false	1.0
sinnlosigkeit	neg 1.0		neg 0.39043847093505024 __DUMMY__ 0.3335291276331908 off 0.27603240143175906	false	1.0
behindern	neg 1.0		neg 0.38468452808858594 __DUMMY__ 0.33562518300409483 off 0.2796902889073192	false	1.0
undemokratisch	neg 1.0		neg 0.39024010541156956 __DUMMY__ 0.3307954606094628 off 0.27896443397896753	false	1.0
wirtschaftskrise	neg 1.0		neg 0.391633099555091 __DUMMY__ 0.332444751953609 off 0.2759221484913	false	1.0
neid	neg 1.0		neg 0.38135023710552407 __DUMMY__ 0.33526713131738195 off 0.2833826315770941	false	1.0
rutschen	neg 1.0		neg 0.386792344785109 __DUMMY__ 0.3397495654563835 off 0.2734580897585075	false	1.0
rezession	neg 1.0		neg 0.382340446184705 __DUMMY__ 0.32990272303812085 off 0.28775683077717423	false	1.0
fehlgeburt	neg 1.0		neg 0.38634011994249984 __DUMMY__ 0.3339983176411607 off 0.27966156241633944	false	1.0
charakterschwach	off 1.0		neg 0.3828476760363876 __DUMMY__ 0.3326479210717291 off 0.2845044028918835	false	0.5
isolation	neg 1.0		neg 0.38110161245163204 __DUMMY__ 0.3340239909974295 off 0.2848743965509385	false	1.0
ablenkung	neg 1.0		neg 0.3848019694493596 __DUMMY__ 0.33539884366550016 off 0.2797991868851402	false	1.0
pech	neg 1.0		neg 0.38355901439470363 __DUMMY__ 0.3341622694201625 off 0.2822787161851339	false	1.0
vermeidung	neg 1.0		neg 0.3786032332957695 __DUMMY__ 0.3344477846683536 off 0.28694898203587677	false	1.0
dominieren	neg 1.0		neg 0.38795316826990023 __DUMMY__ 0.33429414628639736 off 0.27775268544370246	false	1.0
schwindlig	neg 1.0		neg 0.3811528382469691 __DUMMY__ 0.3359224024494427 off 0.28292475930358824	false	1.0
lutscher	neg 1.0		neg 0.37685601902261445 __DUMMY__ 0.33015350362517926 off 0.2929904773522062	false	1.0
pflicht	neg 1.0		neg 0.3921903017905439 __DUMMY__ 0.3343771997715666 off 0.2734324984378895	false	1.0
faschist	off 1.0		neg 0.3895935201164037 __DUMMY__ 0.3305059336608841 off 0.2799005462227121	false	0.5
verschleudern	neg 1.0		neg 0.39178346537912284 __DUMMY__ 0.3327942901944628 off 0.27542224442641433	false	1.0
wenn			neg 0.38282799741557805 __DUMMY__ 0.3339995273709306 off 0.2831724752134913	false	0.0
ehebruch	neg 1.0		neg 0.39178782600407724 __DUMMY__ 0.33312353147208973 off 0.2750886425238331	false	1.0
spott	off 1.0		neg 0.3923210408780819 __DUMMY__ 0.3332502349681997 off 0.27442872415371855	false	0.5
trostlosigkeit	neg 1.0		neg 0.3956184590335407 __DUMMY__ 0.3320292947008266 off 0.2723522462656327	false	1.0
lutschen	neg 1.0		neg 0.38423895669926705 __DUMMY__ 0.33231872512423377 off 0.2834423181764993	false	1.0
undiszipliniert	neg 1.0		neg 0.38014055850280876 __DUMMY__ 0.33331229407856194 off 0.28654714741862924	false	1.0
kopfschmerz	neg 1.0		neg 0.38694001923046356 __DUMMY__ 0.3346179712456721 off 0.27844200952386433	false	1.0
unvorhergesehen	neg 1.0		neg 0.3844025712502505 __DUMMY__ 0.3372302853371636 off 0.2783671434125859	false	1.0
desinteressiert	neg 1.0		neg 0.3818236706071454 __DUMMY__ 0.3324456959276916 off 0.28573063346516314	false	1.0
armselig	off 1.0		neg 0.38170475240591534 __DUMMY__ 0.3317901698617828 off 0.286505077732302	false	0.5
desaster	neg 1.0		neg 0.3951704516645753 __DUMMY__ 0.3334200894150523 off 0.2714094589203725	false	1.0
tod	neg 1.0		neg 0.3932599606130858 __DUMMY__ 0.3323435063285275 off 0.27439653305838674	false	1.0
herzlos	neg 1.0		neg 0.3785023631076929 __DUMMY__ 0.33340688412832614 off 0.28809075276398105	false	1.0
unwissenheit	neg 1.0		neg 0.39157249235691666 __DUMMY__ 0.3328276672947019 off 0.2755998403483814	false	1.0
widersinnig	neg 1.0		neg 0.39287513036726507 __DUMMY__ 0.3310375374679787 off 0.27608733216475634	false	1.0
bedenklich	neg 1.0		neg 0.3909339288732013 __DUMMY__ 0.3343207419470424 off 0.27474532917975636	false	1.0
beanstanden	neg 1.0		neg 0.39219071870244626 __DUMMY__ 0.3346280330020639 off 0.2731812482954899	false	1.0
panisch	neg 1.0	neg 1.0	neg 0.6801739838512404 __DUMMY__ 0.16357734864358547 off 0.1562486675051741	false	1.0
debil	off 1.0		neg 0.39418009835863727 __DUMMY__ 0.33532743592245795 off 0.27049246571890473	false	0.5
abstrich	neg 1.0		neg 0.38274460616867023 __DUMMY__ 0.33660662053088114 off 0.2806487733004485	false	1.0
primitiv	neg 1.0		neg 0.3825595329733238 __DUMMY__ 0.3323098650174249 off 0.28513060200925144	false	1.0
abschaum	off 1.0	off 1.0	off 0.6266199394628076 neg 0.21276876119617052 __DUMMY__ 0.16061129934102195	false	1.0
provozieren	neg 1.0		neg 0.38829377968027956 __DUMMY__ 0.33304441469798585 off 0.27866180562173465	false	1.0
tot	neg 1.0		neg 0.38896854494035343 __DUMMY__ 0.3334216342229185 off 0.277609820836728	false	1.0
instabil	neg 1.0		neg 0.3824156193850031 __DUMMY__ 0.3304852702833438 off 0.287099110331653	false	1.0
schwuchtel	off 1.0		neg 0.3742513785784122 __DUMMY__ 0.3279603701332026 off 0.29778825128838526	false	0.5
zerren	neg 1.0		neg 0.3868746996544227 __DUMMY__ 0.33538109887822937 off 0.2777442014673479	false	1.0
kinderficker	off 1.0		neg 0.38026528939392723 __DUMMY__ 0.3310057751679036 off 0.28872893543816924	false	0.5
gefahr	neg 1.0		neg 0.39150583447683995 __DUMMY__ 0.33349827857773856 off 0.27499588694542154	false	1.0
rabiat	neg 1.0		neg 0.3867148397650528 __DUMMY__ 0.33428840974316587 off 0.27899675049178135	false	1.0
verlangsamung	neg 1.0		neg 0.3788681626395528 __DUMMY__ 0.3297251149217593 off 0.29140672243868776	false	1.0
ausgestorben	neg 1.0		neg 0.3871848553883573 __DUMMY__ 0.3351051155734354 off 0.2777100290382073	false	1.0
anklagen	neg 1.0		neg 0.3895005839291577 __DUMMY__ 0.3327015506846053 off 0.27779786538623713	false	1.0
trott	neg 1.0		neg 0.38543457758265026 __DUMMY__ 0.3350410638007791 off 0.27952435861657077	false	1.0
verminderung	neg 1.0		neg 0.3796349455007074 __DUMMY__ 0.333178409876637 off 0.2871866446226554	false	1.0
nach			neg 0.38935415085717806 __DUMMY__ 0.33825260936185014 off 0.2723932397809717	false	0.0
rost	neg 1.0		neg 0.37618771067316475 __DUMMY__ 0.3311950457325598 off 0.29261724359427543	false	1.0
destruktiv	neg 1.0		neg 0.3904450471923981 __DUMMY__ 0.33251263026429356 off 0.2770423225433084	false	1.0
unzumutbarkeit	neg 1.0		neg 0.379152501743241 __DUMMY__ 0.3340372376161232 off 0.2868102606406359	false	1.0
labil	off 1.0	off 1.0	off 0.6274393481423508 neg 0.2116872425819705 __DUMMY__ 0.1608734092756787	false	1.0
ziemlich	neg 1.0		neg 0.38116333157288784 __DUMMY__ 0.3338321429891086 off 0.2850045254380035	false	1.0
lachnummer	off 1.0		neg 0.39008273763339996 __DUMMY__ 0.3327219891383644 off 0.27719527322823573	false	0.5
oder			neg 0.3846634585458984 __DUMMY__ 0.3357414155826192 off 0.2795951258714823	false	0.0
verfall	neg 1.0		neg 0.3942930148439239 __DUMMY__ 0.33539688301652787 off 0.27031010213954815	false	1.0
ausgrenzung	neg 1.0		neg 0.38940982163841426 __DUMMY__ 0.3308240522264721 off 0.2797661261351136	false	1.0
unordnung	neg 1.0		neg 0.3802633580910488 __DUMMY__ 0.3313175365038571 off 0.288419105405094	false	1.0
fehlverhalten	neg 1.0		neg 0.3923275258732888 __DUMMY__ 0.333432050686036 off 0.27424042344067523	false	1.0
eine			neg 0.39044922473661886 __DUMMY__ 0.33593965875883297 off 0.27361111650454817	false	0.0
nille	neg 1.0		neg 0.3889288790068296 __DUMMY__ 0.33256765357639667 off 0.2785034674167737	false	1.0
qual	neg 1.0		neg 0.38577772181546066 __DUMMY__ 0.334870410658478 off 0.2793518675260614	false	1.0
verschwenden	neg 1.0		neg 0.3902994110517538 __DUMMY__ 0.33467406035735325 off 0.27502652859089294	false	1.0
riesig	neg 1.0		neg 0.38691942199909446 __DUMMY__ 0.3347238770363125 off 0.2783567009645929	false	1.0
verurteilen	neg 1.0		neg 0.3916666212351581 __DUMMY__ 0.3325914317916751 off 0.2757419469731669	false	1.0
klischee	neg 1.0	neg 1.0	neg 0.6836325693710372 __DUMMY__ 0.1607454443200109 off 0.1556219863089519	false	1.0
diktatorisch	neg 1.0		neg 0.39195735892960004 __DUMMY__ 0.32977240300274113 off 0.2782702380676587	false	1.0
vorhersehbar	neg 1.0		neg 0.3879019125621986 __DUMMY__ 0.3320436099909489 off 0.2800544774468527	false	1.0
sowie			neg 0.3798473693122099 __DUMMY__ 0.33018134373143243 off 0.2899712869563576	false	0.0
stornieren	neg 1.0		neg 0.38166493782983346 __DUMMY__ 0.3355078173038201 off 0.2828272448663464	false	1.0
besteuerung	neg 1.0		neg 0.3868517841248384 __DUMMY__ 0.33303572406887394 off 0.2801124918062876	false	1.0
ungeschminkt	neg 1.0		neg 0.38181363048826994 __DUMMY__ 0.33293094511327703 off 0.285255424398453	false	1.0
kritisch	neg 1.0		neg 0.39214489017398196 __DUMMY__ 0.3333309601292574 off 0.27452414969676053	false	1.0
schlamperei	off 1.0		neg 0.39135702442363646 __DUMMY__ 0.33330969434098034 off 0.2753332812353833	false	0.5
sucht	neg 1.0	neg 1.0	neg 0.6792996455350769 __DUMMY__ 0.1636803981288333 off 0.15701995633608973	false	1.0
egoistisch	off 1.0		neg 0.3776968636193102 __DUMMY__ 0.33214119412489457 off 0.2901619422557951	false	0.5
ausbeuter	off 1.0		neg 0.39368643960068156 __DUMMY__ 0.3328287426546069 off 0.27348481774471156	false	0.5
arschgeburt	off 1.0		neg 0.3744013891304134 __DUMMY__ 0.3279643658756031 off 0.2976342449939835	false	0.5
schubs	neg 1.0	neg 1.0	neg 0.6832574292988953 __DUMMY__ 0.16333743077422486 off 0.15340513992687974	false	1.0
unsolide	neg 1.0		neg 0.38978141537520455 __DUMMY__ 0.3286622252686708 off 0.28155635935612466	false	1.0
beschwerde	neg 1.0		neg 0.3904252975069128 __DUMMY__ 0.3333468812123246 off 0.27622782128076256	false	1.0
stocken	neg 1.0		neg 0.3886158825171948 __DUMMY__ 0.3348806800601648 off 0.27650343742264044	false	1.0
isolieren	neg 1.0		neg 0.3849419013325418 __DUMMY__ 0.3358321566179373 off 0.2792259420495209	false	1.0
unheilbar	neg 1.0		neg 0.3871480634212435 __DUMMY__ 0.3335596712131435 off 0.27929226536561297	false	1.0
pisser	off 1.0		neg 0.381217240214717 __DUMMY__ 0.3312244193474116 off 0.2875583404378713	false	0.5
löschen	neg 1.0		neg 0.3858802245818775 __DUMMY__ 0.33383497720585886 off 0.2802847982122636	false	1.0
durchfallen	neg 1.0		neg 0.38997822052112124 __DUMMY__ 0.33452986331530227 off 0.2754919161635765	false	1.0
wichser	off 1.0		neg 0.3746878270830148 __DUMMY__ 0.3306902741252095 off 0.29462189879177575	false	0.5
terror	neg 1.0		neg 0.38087327920792374 __DUMMY__ 0.33515386958557764 off 0.2839728512064985	false	1.0
krass	neg 1.0		neg 0.37915268597763996 __DUMMY__ 0.33268690744687696 off 0.28816040657548314	false	1.0
revolte	neg 1.0	neg 1.0	neg 0.6857757917585148 __DUMMY__ 0.15922401252479562 off 0.15500019571668971	false	1.0
besorgt	neg 1.0		neg 0.383713088479342 __DUMMY__ 0.33739128579524563 off 0.2788956257254124	false	1.0
nachlassen	neg 1.0		neg 0.3871856854792105 __DUMMY__ 0.33546931644024114 off 0.27734499808054836	false	1.0
alt	neg 1.0		neg 0.38681248353031 __DUMMY__ 0.3369747200391666 off 0.27621279643052343	false	1.0
hundesohn	off 1.0		neg 0.3777007373791061 __DUMMY__ 0.32923811356549015 off 0.29306114905540387	false	0.5
als			neg 0.3874483087744313 __DUMMY__ 0.33559100762710375 off 0.2769606835984649	false	0.0
abschreckung	neg 1.0		neg 0.39290807611012085 __DUMMY__ 0.33397575235599636 off 0.2731161715338828	false	1.0
unqualifiziert	neg 1.0		neg 0.3866941483638036 __DUMMY__ 0.3325236419028273 off 0.28078220973336904	false	1.0
abgewichst	off 1.0		neg 0.3882435758177066 __DUMMY__ 0.3337744402043271 off 0.2779819839779663	false	0.5
schwer	neg 1.0		neg 0.3862884092820833 __DUMMY__ 0.335014206708275 off 0.27869738400964184	false	1.0
bedeutungslosigkeit	neg 1.0		neg 0.3929801969801676 __DUMMY__ 0.3334931978428119 off 0.27352660517702054	false	1.0
kapitulation	neg 1.0		neg 0.39470136478555684 __DUMMY__ 0.33083633115598593 off 0.2744623040584573	false	1.0
unscharf	neg 1.0		neg 0.3838674541387208 __DUMMY__ 0.33389599490476574 off 0.2822365509565135	false	1.0
schwinden	neg 1.0		neg 0.39067133456315783 __DUMMY__ 0.3347235544606492 off 0.27460511097619283	false	1.0
versklavung	neg 1.0	neg 1.0	neg 0.6859979953815136 __DUMMY__ 0.1599869131523994 off 0.154015091466087	false	1.0
schlecht	neg 1.0		neg 0.3803345989717813 __DUMMY__ 0.3341232716742775 off 0.28554212935394124	false	1.0
verhasst	neg 1.0		neg 0.3888945288386517 __DUMMY__ 0.33261743874497124 off 0.27848803241637704	false	1.0
beschweren	neg 1.0		neg 0.38450083602869223 __DUMMY__ 0.3346158397878596 off 0.280883324183448	false	1.0
scheiden	neg 1.0		neg 0.38675323248317695 __DUMMY__ 0.33469946558273794 off 0.27854730193408506	false	1.0
frustriert	neg 1.0		neg 0.38794626783628555 __DUMMY__ 0.33462762035336635 off 0.27742611181034804	false	1.0
schimmelig	neg 1.0		neg 0.39024558494882994 __DUMMY__ 0.33421408844942063 off 0.2755403266017494	false	1.0
fisch	neg 1.0	neg 1.0	neg 0.6831141095888684 __DUMMY__ 0.16339689449674658 off 0.1534889959143851	false	1.0
schmuggel	neg 1.0		neg 0.3884961262946241 __DUMMY__ 0.33642721233636697 off 0.27507666136900893	false	1.0
auffallen	neg 1.0		neg 0.3844585102426226 __DUMMY__ 0.3342793642898751 off 0.28126212546750234	false	1.0
konkurrenz	neg 1.0		neg 0.38996016043928367 __DUMMY__ 0.33609371261901516 off 0.27394612694170106	false	1.0
teufelskreis	neg 1.0		neg 0.38894988021363974 __DUMMY__ 0.3337829040218154 off 0.27726721576454494	false	1.0
aufschreien	neg 1.0		neg 0.3867199386044198 __DUMMY__ 0.3328250815155118 off 0.2804549798800685	false	1.0
schuldner	neg 1.0		neg 0.39250349408602214 __DUMMY__ 0.3330493262603576 off 0.27444717965362025	false	1.0
missgeburt	off 1.0	off 1.0	off 0.6306876001955225 neg 0.20933615399796834 __DUMMY__ 0.1599762458065092	false	1.0
arbeitslos	neg 1.0		neg 0.39003871066123513 __DUMMY__ 0.333791740956524 off 0.27616954838224084	false	1.0
befallen	neg 1.0		neg 0.39318084264152925 __DUMMY__ 0.3315162588528796 off 0.27530289850559125	false	1.0
miesepetrig	off 1.0		neg 0.3802141417103773 __DUMMY__ 0.33445439959267137 off 0.28533145869695137	false	0.5
alarmieren	neg 1.0		neg 0.38428612171421345 __DUMMY__ 0.3320175290778401 off 0.28369634920794645	false	1.0
ungeduscht	off 1.0		neg 0.38340102583725866 __DUMMY__ 0.3341179126006227 off 0.28248106156211855	false	0.5
knappheit	neg 1.0		neg 0.3893990628289681 __DUMMY__ 0.33384884809161086 off 0.27675208907942095	false	1.0
schlange	neg 1.0		neg 0.38319107246786477 __DUMMY__ 0.33560750127025674 off 0.2812014262618786	false	1.0
harsch	neg 1.0		neg 0.3748261894013765 __DUMMY__ 0.3332439612782768 off 0.29192984932034655	false	1.0
lang	neg 1.0		neg 0.38511951400848554 __DUMMY__ 0.33428115147015885 off 0.2805993345213557	false	1.0
ziellos	neg 1.0		neg 0.38861209384821654 __DUMMY__ 0.3351451997183074 off 0.27624270643347615	false	1.0
selbstverliebt	neg 1.0		neg 0.3766867820457498 __DUMMY__ 0.32852547778839175 off 0.2947877401658583	false	1.0
beseitigen	neg 1.0		neg 0.3824824082961818 __DUMMY__ 0.3360935725684663 off 0.28142401913535176	false	1.0
dumm	off 1.0		neg 0.37808291333204225 __DUMMY__ 0.33136583948604564 off 0.29055124718191205	false	0.5
arbeitsloser	neg 1.0		neg 0.39051689053947514 __DUMMY__ 0.3340779923425962 off 0.27540511711792864	false	1.0
blitzen	neg 1.0		neg 0.38398327974306057 __DUMMY__ 0.3331752868817349 off 0.28284143337520445	false	1.0
hilflos	neg 1.0		neg 0.3880270203821775 __DUMMY__ 0.3348385104164949 off 0.27713446920132756	false	1.0
eklig	off 1.0		neg 0.37814615190000644 __DUMMY__ 0.33065011176930453 off 0.29120373633068913	false	0.5
begriff			neg 0.38890559657995577 __DUMMY__ 0.3339621696873801 off 0.27713223373266416	false	0.0
hungersnot	neg 1.0		neg 0.3924443825346968 __DUMMY__ 0.33058339031629946 off 0.2769722271490038	false	1.0
ungesetzlich	neg 1.0		neg 0.3895751554526473 __DUMMY__ 0.33035408902673535 off 0.28007075552061733	false	1.0
verschwendung	neg 1.0		neg 0.39110203527733817 __DUMMY__ 0.3347698109186709 off 0.2741281538039909	false	1.0
schmerzvoll	neg 1.0		neg 0.38467697582802424 __DUMMY__ 0.33452494730638493 off 0.2807980768655908	false	1.0
vorzeitig	neg 1.0		neg 0.3809897383048585 __DUMMY__ 0.3337767957516142 off 0.28523346594352744	false	1.0
unvollkommenheit	neg 1.0		neg 0.3865038331633466 __DUMMY__ 0.33418178483222605 off 0.27931438200442754	false	1.0
intervenieren	neg 1.0		neg 0.3938550222480615 __DUMMY__ 0.3324197413785155 off 0.27372523637342294	false	1.0
banause	off 1.0		neg 0.37733726589516825 __DUMMY__ 0.33008701965836795 off 0.29257571444646385	false	0.5
rebell	neg 1.0		neg 0.39027724090992205 __DUMMY__ 0.3358079988986764 off 0.2739147601914015	false	1.0
unlogisch	neg 1.0		neg 0.38084634129712863 __DUMMY__ 0.3321714707089185 off 0.28698218799395286	false	1.0
leiden	neg 1.0	neg 1.0	neg 0.682362694842805 __DUMMY__ 0.16499721594691366 off 0.15264008921028133	false	1.0
abschaffung	neg 1.0		neg 0.38818336675693216 __DUMMY__ 0.3324058384499111 off 0.2794107947931566	false	1.0
sturz	neg 1.0		neg 0.3881094877263974 __DUMMY__ 0.33205431944107466 off 0.27983619283252786	false	1.0
verkleinerung	neg 1.0		neg 0.38649470802782315 __DUMMY__ 0.33119610832668867 off 0.2823091836454884	false	1.0
schmarotzer	off 1.0		neg 0.3918129277713868 __DUMMY__ 0.33296244388762736 off 0.2752246283409857	false	0.5
bestrafung	neg 1.0		neg 0.3866664957193497 __DUMMY__ 0.33345567878477045 off 0.2798778254958799	false	1.0
achtlos	neg 1.0		neg 0.385400964234249 __DUMMY__ 0.33557874927453407 off 0.27902028649121696	false	1.0
ungeheuer	neg 1.0		neg 0.385421149406551 __DUMMY__ 0.3334661279874165 off 0.2811127226060325	false	1.0
unaufrichtig	neg 1.0		neg 0.38806095105649085 __DUMMY__ 0.3310347443951167 off 0.28090430454839255	false	1.0
groggy	neg 1.0		neg 0.38364478733320667 __DUMMY__ 0.3334676331029884 off 0.282887579563805	false	1.0
verletzlich	neg 1.0		neg 0.38166975021992305 __DUMMY__ 0.3331085173671479 off 0.2852217324129291	false	1.0
ablehnen	neg 1.0		neg 0.39071242216140545 __DUMMY__ 0.3333347407215141 off 0.27595283711708046	false	1.0
