unsolidarisch	neg 1.0		__DUMMY__ 0.8797482225141958 neg 0.07200959147766359 off 0.04824218600814062	false	1.0
nachteilig	neg 1.0		__DUMMY__ 0.8881121043891871 neg 0.06687743190450922 off 0.045010463706303606	false	1.0
skeptisch	neg 1.0		__DUMMY__ 0.8900065082589721 neg 0.06730114618087765 off 0.04269234556015033	false	1.0
schrecklich	neg 1.0		__DUMMY__ 0.8851561425925036 neg 0.06106158063563979 off 0.053782276771856596	false	1.0
schlapp	neg 1.0		__DUMMY__ 0.8898316777596993 neg 0.060322313175402216 off 0.04984600906489849	false	1.0
abfall	neg 1.0		__DUMMY__ 0.8906007356857676 neg 0.06807915028096559 off 0.04132011403326683	false	1.0
widerspenstig	neg 1.0		__DUMMY__ 0.8913500919114594 neg 0.06242885975674004 off 0.04622104833180063	false	1.0
abrupt	neg 1.0		__DUMMY__ 0.8922270114956553 neg 0.06263352418128737 off 0.04513946432305734	false	1.0
unwirksam	neg 1.0		__DUMMY__ 0.8827945804596493 neg 0.06934212226195971 off 0.047863297278391004	false	1.0
angreifen	neg 1.0		__DUMMY__ 0.8879272790789657 neg 0.0680317893786965 off 0.04404093154233775	false	1.0
inkonsistent	neg 1.0		__DUMMY__ 0.8863223354010715 neg 0.06503326485079614 off 0.04864439974813244	false	1.0
abrutschen	neg 1.0		__DUMMY__ 0.8917584306301128 neg 0.06686101715887557 off 0.041380552211011584	false	1.0
unsicher	neg 1.0		__DUMMY__ 0.8893655202086392 neg 0.0638702264605299 off 0.046764253330830986	false	1.0
bauernkind	off 1.0		__DUMMY__ 0.8803569974862546 neg 0.06309415715267326 off 0.056548845361072055	false	0.5
angreifer	neg 1.0		__DUMMY__ 0.8844946300519037 neg 0.06566129942570637 off 0.04984407052239004	false	1.0
trennen	neg 1.0		__DUMMY__ 0.8939317815427783 neg 0.06315956176033641 off 0.04290865669688521	false	1.0
schmutz	neg 1.0		__DUMMY__ 0.8940206313826021 neg 0.05531017420406803 off 0.05066919441332986	false	1.0
inkonsistenz	neg 1.0	neg 1.0	neg 0.5195278828822986 __DUMMY__ 0.4427773970738309 off 0.03769472004387044	false	1.0
erschreckend	neg 1.0		__DUMMY__ 0.8872990959306584 neg 0.06668865379765695 off 0.0460122502716848	false	1.0
ertrinken	neg 1.0		__DUMMY__ 0.8915373882508053 neg 0.06439640087985979 off 0.04406621086933486	false	1.0
pickelface	off 1.0		__DUMMY__ 0.8863532528062765 neg 0.06577932215564193 off 0.04786742503808146	false	0.5
seiner			__DUMMY__ 0.8893923887844407 neg 0.06693160732578672 off 0.04367600388977267	false	0.0
lauch	neg 1.0		__DUMMY__ 0.8908487873756481 neg 0.06692016622860814 off 0.04223104639574377	false	1.0
unwichtig	neg 1.0		__DUMMY__ 0.8861826253838242 neg 0.06331195587346913 off 0.05050541874270668	false	1.0
steuerhinterziehung	neg 1.0		__DUMMY__ 0.8834899088615499 neg 0.0695954783987334 off 0.04691461273971665	false	1.0
schock	neg 1.0		__DUMMY__ 0.8922732870789545 neg 0.06257385106953911 off 0.04515286185150642	false	1.0
beule	neg 1.0		__DUMMY__ 0.8895038064481511 neg 0.05963325497256672 off 0.050862938579282244	false	1.0
vergelten	neg 1.0		__DUMMY__ 0.8823213897594204 neg 0.06231230443581848 off 0.055366305804761075	false	1.0
verdorbenheit	neg 1.0		__DUMMY__ 0.891832323924437 neg 0.060692183488670906 off 0.04747549258689214	false	1.0
trauma	neg 1.0		__DUMMY__ 0.887569703322257 neg 0.06404726300909519 off 0.04838303366864778	false	1.0
sinnlos	neg 1.0		__DUMMY__ 0.8874885061017339 neg 0.06391572216925444 off 0.048595771729011576	false	1.0
fettsack	off 1.0	off 1.0	off 0.5121650660678605 __DUMMY__ 0.44066862996076506 neg 0.04716630397137448	false	1.0
feige	off 1.0		__DUMMY__ 0.8844069369618347 neg 0.06523638375339329 off 0.050356679284772	false	0.5
abdanken	neg 1.0		__DUMMY__ 0.8809405156537249 neg 0.0717351571992408 off 0.047324327147034405	false	1.0
wichtigtuer	off 1.0	off 1.0	off 0.5068411189999843 __DUMMY__ 0.44259038933724487 neg 0.050568491662770845	false	1.0
misslingen	neg 1.0		__DUMMY__ 0.8920714613773849 neg 0.059742261036678554 off 0.048186277585936535	false	1.0
untreu	off 1.0		__DUMMY__ 0.8865307485993977 neg 0.06239929910221775 off 0.05106995229838456	false	0.5
missmutig	neg 1.0		__DUMMY__ 0.8893177666466465 neg 0.06103177250792892 off 0.0496504608454246	false	1.0
hurenbock	off 1.0		__DUMMY__ 0.893023918580357 neg 0.059522462280589106 off 0.04745361913905384	false	0.5
betrunken	neg 1.0		__DUMMY__ 0.8880863492183249 neg 0.060036349365690606 off 0.051877301415984615	false	1.0
korrupt	off 1.0		__DUMMY__ 0.8825627485473152 neg 0.07149055297239389 off 0.045946698480291044	false	0.5
unmut	neg 1.0		__DUMMY__ 0.8897148433712643 neg 0.06811913172772148 off 0.042166024901014273	false	1.0
hackfresse	off 1.0		__DUMMY__ 0.8835814691845922 neg 0.059897801030291034 off 0.05652072978511677	false	0.5
aufblasen	neg 1.0		__DUMMY__ 0.8905828999255225 neg 0.061813831559193726 off 0.04760326851528386	false	1.0
gewaltsam	neg 1.0		__DUMMY__ 0.884129070294023 neg 0.06768562863841604 off 0.04818530106756093	false	1.0
unbeliebtheit	neg 1.0		__DUMMY__ 0.8767794220437904 neg 0.07021385185118806 off 0.053006726105021496	false	1.0
sturheit	neg 1.0		__DUMMY__ 0.8848837749640334 neg 0.06873268423716984 off 0.046383540798796766	false	1.0
kuh	neg 1.0		__DUMMY__ 0.8859130701309809 neg 0.06624356672742916 off 0.04784336314158997	false	1.0
erschrecken	neg 1.0		__DUMMY__ 0.8887474860429075 neg 0.06174561948975123 off 0.049506894467341245	false	1.0
opfer	neg 1.0	neg 1.0	neg 0.5208461958615375 __DUMMY__ 0.4455923185515706 off 0.03356148558689198	false	1.0
sinken	neg 1.0		__DUMMY__ 0.8902444511172148 neg 0.06724566652184531 off 0.04250988236093978	false	1.0
stinktier	neg 1.0		__DUMMY__ 0.88290303567395 neg 0.06300925827481685 off 0.054087706051233184	false	1.0
tucke	off 1.0		__DUMMY__ 0.8852860417992319 neg 0.05810411865492134 off 0.05660983954584668	false	0.5
ein			__DUMMY__ 0.8928507843650145 neg 0.06037097897781745 off 0.04677823665716796	false	0.0
abstieg	neg 1.0		__DUMMY__ 0.886010490675359 neg 0.06807366745909747 off 0.04591584186554358	false	1.0
missverstehen	neg 1.0		__DUMMY__ 0.8849111146696723 neg 0.06640064454997262 off 0.04868824078035504	false	1.0
ergebnislos	neg 1.0		__DUMMY__ 0.8875917418683257 neg 0.06693114106463219 off 0.04547711706704207	false	1.0
unter			__DUMMY__ 0.8974004724291639 neg 0.06453176146019446 off 0.038067766110641645	false	0.0
manipulieren	neg 1.0		__DUMMY__ 0.8880642363591756 neg 0.06809170823319123 off 0.04384405540763316	false	1.0
unbewiesen	neg 1.0		__DUMMY__ 0.879120120320581 neg 0.07279477224074235 off 0.048085107438676715	false	1.0
verschleppen	neg 1.0		__DUMMY__ 0.8868021488929393 neg 0.0678604772584516 off 0.0453373738486092	false	1.0
weib	off 1.0		__DUMMY__ 0.8821191947597234 neg 0.0603169308171406 off 0.05756387442313587	false	0.5
opposition	neg 1.0		__DUMMY__ 0.882243896837588 neg 0.06911653280903968 off 0.04863957035337235	false	1.0
verkehrswidrig	neg 1.0		__DUMMY__ 0.8868516417132258 neg 0.05848014482853176 off 0.05466821345824239	false	1.0
inkorrekt	neg 1.0		__DUMMY__ 0.8802515001834804 neg 0.06792588366521948 off 0.0518226161513001	false	1.0
vermeiden	neg 1.0		__DUMMY__ 0.8941083074459584 neg 0.06581427958506171 off 0.040077412968979945	false	1.0
abweichung	neg 1.0		__DUMMY__ 0.882551689458705 neg 0.07183132367907423 off 0.04561698686222087	false	1.0
alkoholisiert	neg 1.0		__DUMMY__ 0.8907184276895824 neg 0.06471654534939168 off 0.044565026961025815	false	1.0
scheiss	off 1.0	off 1.0	off 0.509009567169549 __DUMMY__ 0.4443687206942503 neg 0.04662171213620061	false	1.0
herausforderung	neg 1.0		__DUMMY__ 0.89517784567996 neg 0.06012049426442304 off 0.04470166005561703	false	1.0
pervers	off 1.0		__DUMMY__ 0.8814745042783156 off 0.05982467534866331 neg 0.0587008203730211	false	1.0
wackelig	neg 1.0		__DUMMY__ 0.8946791244289779 neg 0.06091635439501354 off 0.044404521176008654	false	1.0
verwickeln	neg 1.0		__DUMMY__ 0.8865281717123591 neg 0.06503009000563433 off 0.04844173828200657	false	1.0
vorwand	neg 1.0		__DUMMY__ 0.8883944601707549 neg 0.06877680491853971 off 0.042828734910705324	false	1.0
muschi	off 1.0		__DUMMY__ 0.885935695570117 neg 0.06651796777384686 off 0.04754633665603612	false	0.5
entmutigung	neg 1.0		__DUMMY__ 0.8762256328129431 neg 0.07378865527482223 off 0.04998571191223477	false	1.0
unangemessen	neg 1.0		__DUMMY__ 0.884905278259379 neg 0.06965194059905222 off 0.045442781141568835	false	1.0
unstetig	neg 1.0		__DUMMY__ 0.8852520698998986 neg 0.06487910258108864 off 0.04986882751901275	false	1.0
entmutigen	neg 1.0		__DUMMY__ 0.8888785008316457 neg 0.06344701540662388 off 0.04767448376173048	false	1.0
schwanz	neg 1.0		__DUMMY__ 0.8890372379645622 neg 0.06554350102970936 off 0.04541926100572847	false	1.0
verbot	neg 1.0		__DUMMY__ 0.883836310697294 neg 0.06983375356382489 off 0.04632993573888123	false	1.0
leid	neg 1.0		__DUMMY__ 0.8845403748620925 neg 0.06045365489936659 off 0.05500597023854096	false	1.0
archaisch	neg 1.0		__DUMMY__ 0.8854779441525962 neg 0.06880465521980748 off 0.04571740062759627	false	1.0
gegen			__DUMMY__ 0.8875196291714401 neg 0.06910866975570872 off 0.04337170107285115	false	0.0
scheidung	neg 1.0	neg 1.0	neg 0.50968629470643 __DUMMY__ 0.44009692799359207 off 0.050216777299977935	false	1.0
einschlag	neg 1.0		__DUMMY__ 0.8847743479092975 neg 0.060509505429500246 off 0.054716146661202204	false	1.0
m			__DUMMY__ 0.8904538586975366 neg 0.06381276759789774 off 0.04573337370456559	false	0.0
abgestanden	neg 1.0		__DUMMY__ 0.8906306728243284 neg 0.06324392763725606 off 0.04612539953841547	false	1.0
schmierig	off 1.0		__DUMMY__ 0.886210711464064 neg 0.059735324172692145 off 0.05405396436324385	false	0.5
unpraktisch	neg 1.0		__DUMMY__ 0.8913296085901947 neg 0.06127751556662508 off 0.0473928758431802	false	1.0
wixxer	off 1.0		__DUMMY__ 0.8794173186051499 neg 0.06054109312740064 off 0.060041588267449444	false	0.5
bezeichnet			__DUMMY__ 0.8857561789370841 neg 0.06762694576795672 off 0.04661687529495918	false	0.0
jammerlappen	off 1.0		__DUMMY__ 0.8867829161883714 neg 0.06276633192953908 off 0.05045075188208955	false	0.5
farce	neg 1.0		__DUMMY__ 0.8794985103512575 neg 0.0737113815628049 off 0.046790108085937504	false	1.0
zwecklos	neg 1.0		__DUMMY__ 0.8862625426278683 neg 0.06864996287328592 off 0.04508749449884567	false	1.0
turbulent	neg 1.0		__DUMMY__ 0.8842755232954737 neg 0.06223649798810592 off 0.05348797871642032	false	1.0
invasion	neg 1.0		__DUMMY__ 0.8890989107203847 neg 0.061502325131066835 off 0.04939876414854852	false	1.0
schuld	neg 1.0		__DUMMY__ 0.8870032877047017 neg 0.0653350499490357 off 0.04766166234626252	false	1.0
risiko	neg 1.0		__DUMMY__ 0.8912149581933095 neg 0.059333930428432234 off 0.049451111378258285	false	1.0
finster	neg 1.0		__DUMMY__ 0.8913784990266983 neg 0.06216307672927451 off 0.046458424244027116	false	1.0
geisteskrank	off 1.0		__DUMMY__ 0.8822732879166997 neg 0.06564725895751697 off 0.05207945312578336	false	0.5
zusammenbrechen	neg 1.0		__DUMMY__ 0.8901263288243543 neg 0.06417615122215882 off 0.04569751995348686	false	1.0
ausbeute	neg 1.0		__DUMMY__ 0.8928369357156949 neg 0.06293733966276796 off 0.044225724621537114	false	1.0
hinterhalt	neg 1.0		__DUMMY__ 0.8882296795059347 neg 0.06405611227728389 off 0.04771420821678142	false	1.0
kritik	neg 1.0		__DUMMY__ 0.8811139240330776 neg 0.07215768331338204 off 0.04672839265354023	false	1.0
einschrumpfen	neg 1.0		__DUMMY__ 0.8820012221936042 neg 0.06756546131140682 off 0.05043331649498909	false	1.0
riskant	neg 1.0		__DUMMY__ 0.8894242338730356 neg 0.066587242114979 off 0.043988524011985525	false	1.0
frustrieren	neg 1.0		__DUMMY__ 0.8881514515579654 neg 0.06787534563988924 off 0.04397320280214539	false	1.0
groll	neg 1.0		__DUMMY__ 0.8867856854043984 neg 0.06796923459603839 off 0.04524507999956321	false	1.0
gibt			__DUMMY__ 0.8880874976381291 neg 0.06641085026120591 off 0.045501652100664966	false	0.0
qualvoll	neg 1.0		__DUMMY__ 0.8893048964597661 neg 0.062214552172982496 off 0.048480551367251455	false	1.0
wackeln	neg 1.0		__DUMMY__ 0.8926780659852641 neg 0.06021482554957604 off 0.04710710846515997	false	1.0
klagen	neg 1.0		__DUMMY__ 0.8879823828218062 neg 0.06920197585331975 off 0.042815641324874136	false	1.0
bankrott	neg 1.0		__DUMMY__ 0.8885575362434417 neg 0.0609528337094408 off 0.050489630047117526	false	1.0
trauern	neg 1.0		__DUMMY__ 0.8898434823903512 neg 0.06603522934539545 off 0.044121288264253426	false	1.0
ablehnung	neg 1.0	neg 1.0	neg 0.5240775877560322 __DUMMY__ 0.44061721329103526 off 0.03530519895293255	false	1.0
stur	neg 1.0		__DUMMY__ 0.8874372659606977 neg 0.06462330648262148 off 0.04793942755668072	false	1.0
aufruhr	neg 1.0		__DUMMY__ 0.8830503030216579 neg 0.06908313219832472 off 0.047866564780017336	false	1.0
melancholie	neg 1.0		__DUMMY__ 0.892657315682142 neg 0.06285742927002284 off 0.044485255047835175	false	1.0
ist			__DUMMY__ 0.8867507905382475 neg 0.0652284940243256 off 0.048020715437426975	false	0.0
torheit	neg 1.0		__DUMMY__ 0.8805586059201275 neg 0.0709228091081567 off 0.04851858497171584	false	1.0
dreckskind	off 1.0		__DUMMY__ 0.8786985777522206 neg 0.06536537688016608 off 0.05593604536761325	false	0.5
umtauschen	neg 1.0		__DUMMY__ 0.8907994871974977 neg 0.06320491339086645 off 0.04599559941163579	false	1.0
zum			__DUMMY__ 0.8978353302996765 neg 0.061861526808296055 off 0.04030314289202736	false	0.0
zersetzen	neg 1.0		__DUMMY__ 0.8879472288076805 neg 0.0686907423766613 off 0.043362028815658114	false	1.0
zur			__DUMMY__ 0.8912258555051196 neg 0.06806128202747842 off 0.04071286246740197	false	0.0
frust	neg 1.0		__DUMMY__ 0.8893182347766261 neg 0.0651054975802911 off 0.04557626764308278	false	1.0
unerbittlichkeit	neg 1.0		__DUMMY__ 0.8869666039366888 neg 0.06891564191776725 off 0.04411775414554406	false	1.0
zwei			__DUMMY__ 0.8949458602367859 neg 0.06331652745607702 off 0.04173761230713698	false	0.0
unkorrekt	neg 1.0		__DUMMY__ 0.8822717925222966 neg 0.06548944789038479 off 0.052238759587318565	false	1.0
hexe	off 1.0		__DUMMY__ 0.8875801009105379 neg 0.06184421060683563 off 0.05057568848262662	false	0.5
lasch	neg 1.0		__DUMMY__ 0.8846238182287817 neg 0.06571198985041593 off 0.0496641919208023	false	1.0
rivale	neg 1.0		__DUMMY__ 0.883370914803377 neg 0.06245855916764327 off 0.05417052602897965	false	1.0
mutlos	off 1.0	off 1.0	off 0.504046981909541 __DUMMY__ 0.4427961456125174 neg 0.0531568724779416	false	1.0
wirr	off 1.0		__DUMMY__ 0.8823260349058625 neg 0.06432517972489896 off 0.05334878536923866	false	0.5
jahr			__DUMMY__ 0.8931404269852865 neg 0.06333605240499125 off 0.04352352060972223	false	0.0
wird			__DUMMY__ 0.8888408191336313 neg 0.06680268006426987 off 0.04435650080209871	false	0.0
strafbar	neg 1.0		__DUMMY__ 0.8852933547990786 neg 0.07019975706242461 off 0.04450688813849683	false	1.0
erosion	neg 1.0		__DUMMY__ 0.8903740818758026 neg 0.06159791874501351 off 0.048027999379183874	false	1.0
eingehen	neg 1.0		__DUMMY__ 0.8869218821012123 neg 0.06824185292366136 off 0.04483626497512646	false	1.0
faul	off 1.0		__DUMMY__ 0.8906830221583059 neg 0.05955561382486778 off 0.049761364016826355	false	0.5
provisorium	neg 1.0		__DUMMY__ 0.8953479848977611 neg 0.06702563575825866 off 0.037626379343980186	false	1.0
schmerzen	neg 1.0		__DUMMY__ 0.8904991574413846 neg 0.06409903281212574 off 0.045401809746489684	false	1.0
schrumpfen	neg 1.0		__DUMMY__ 0.892332572101443 neg 0.06729344718690754 off 0.04037398071164939	false	1.0
geistlos	off 1.0		__DUMMY__ 0.8793925725874766 neg 0.07081286671735336 off 0.04979456069517003	false	0.5
fehlkauf	neg 1.0		__DUMMY__ 0.8860184876255667 neg 0.06457783784376454 off 0.04940367453066874	false	1.0
frustrierend	neg 1.0	neg 1.0	neg 0.5176219696974377 __DUMMY__ 0.4448253095265163 off 0.03755272077604603	false	1.0
unzufrieden	neg 1.0		__DUMMY__ 0.8877024602060098 neg 0.06722261396627655 off 0.04507492582771367	false	1.0
verzweifeln	neg 1.0		__DUMMY__ 0.8890651603701716 neg 0.06460632200874981 off 0.046328517621078535	false	1.0
verzweifelt	neg 1.0		__DUMMY__ 0.8875244655438437 neg 0.06466486801266619 off 0.04781066644349001	false	1.0
misstrauensantrag	neg 1.0		__DUMMY__ 0.884447898390599 neg 0.066301183495655 off 0.04925091811374588	false	1.0
abfallen	neg 1.0		__DUMMY__ 0.8931531849549532 neg 0.059863345543451164 off 0.04698346950159553	false	1.0
fucker	off 1.0		__DUMMY__ 0.8839310139592145 neg 0.06263104416067566 off 0.05343794188010991	false	0.5
ungezogen	neg 1.0		__DUMMY__ 0.8838238083486827 neg 0.05850204874477787 off 0.0576741429065394	false	1.0
irrsinnig	neg 1.0	neg 1.0	neg 0.520575990116594 __DUMMY__ 0.4433915974174625 off 0.036032412465943665	false	1.0
unfassbar	neg 1.0		__DUMMY__ 0.8864256184947124 neg 0.06277829530434931 off 0.050796086200938326	false	1.0
hart	neg 1.0		__DUMMY__ 0.8850302669350103 neg 0.06418656121448016 off 0.05078317185050944	false	1.0
widerlich	off 1.0		__DUMMY__ 0.8846456115505127 neg 0.06373852755009346 off 0.051615860899393885	false	0.5
fatal	neg 1.0		__DUMMY__ 0.8863333048271782 neg 0.06432303158549477 off 0.04934366358732703	false	1.0
bruch	neg 1.0		__DUMMY__ 0.8860557534861997 neg 0.07143041409941583 off 0.04251383241438449	false	1.0
aushungern	neg 1.0		__DUMMY__ 0.8833145992378039 neg 0.06878667744721952 off 0.0478987233149766	false	1.0
anspannung	neg 1.0		__DUMMY__ 0.8929833046390847 neg 0.06570245944785834 off 0.04131423591305694	false	1.0
von			__DUMMY__ 0.8935759984649617 neg 0.06361098224173356 off 0.04281301929330476	false	0.0
kraftlos	neg 1.0		__DUMMY__ 0.8932379829411268 neg 0.062412146635300404 off 0.04434987042357279	false	1.0
vom			__DUMMY__ 0.8968680505406318 neg 0.06469669059485832 off 0.0384352588645099	false	0.0
grenzdebil	off 1.0		__DUMMY__ 0.8875631365440863 neg 0.06082479990033909 off 0.051612063555574676	false	0.5
vor			__DUMMY__ 0.8919090776175572 neg 0.06585649968451891 off 0.04223442269792381	false	0.0
unterwerfen	neg 1.0		__DUMMY__ 0.8871987561846183 neg 0.0682525914499453 off 0.044548652365436335	false	1.0
versenkung	neg 1.0		__DUMMY__ 0.8885764386129604 neg 0.06727543400067937 off 0.044148127386360154	false	1.0
entziehen	neg 1.0		__DUMMY__ 0.8886180269800442 neg 0.06899352022788734 off 0.042388452792068466	false	1.0
finanzkrise	neg 1.0		__DUMMY__ 0.8824261067972848 neg 0.07033359911892231 off 0.04724029408379278	false	1.0
schimpfend	neg 1.0		__DUMMY__ 0.8945594778917624 neg 0.0580204561840197 off 0.047420065924217984	false	1.0
profan	neg 1.0		__DUMMY__ 0.887436038200159 neg 0.06410526893208528 off 0.04845869286775559	false	1.0
korruption	neg 1.0		__DUMMY__ 0.883117929393615 neg 0.07095734708307737 off 0.04592472352330754	false	1.0
â			__DUMMY__ 0.8902861736928901 neg 0.06469680675332576 off 0.04501701955378406	false	0.0
schmutzig	neg 1.0		__DUMMY__ 0.8902256876938806 neg 0.05873809093848154 off 0.051036221367637996	false	1.0
sexy	neg 1.0		__DUMMY__ 0.8875595162332406 neg 0.062145565721235634 off 0.05029491804552374	false	1.0
abraten	neg 1.0		__DUMMY__ 0.8898031880273023 neg 0.06254586939160783 off 0.0476509425810899	false	1.0
schwarz	neg 1.0		__DUMMY__ 0.8868517102942125 neg 0.06456754129443863 off 0.04858074841134889	false	1.0
fotze	off 1.0		__DUMMY__ 0.8867708330510274 neg 0.06722420477707054 off 0.046004962171902	false	0.5
verwirren	neg 1.0		__DUMMY__ 0.8875134921844903 neg 0.06328791099282056 off 0.04919859682268919	false	1.0
zahnlos	off 1.0		__DUMMY__ 0.8862025313734984 neg 0.06837342707457289 off 0.045424041551928654	false	0.5
verheeren	neg 1.0		__DUMMY__ 0.8793100274071375 neg 0.060897876655764016 off 0.059792095937098555	false	1.0
hippie	neg 1.0		__DUMMY__ 0.8870238290774282 neg 0.06278128117885504 off 0.050194889743716824	false	1.0
rammen	neg 1.0		__DUMMY__ 0.888949416247098 neg 0.06225448402164563 off 0.04879609973125635	false	1.0
unlauter	neg 1.0	neg 1.0	neg 0.5200013387676843 __DUMMY__ 0.4427105108645317 off 0.037288150367783955	false	1.0
unheilvoll	neg 1.0		__DUMMY__ 0.8896812285264204 neg 0.06225925426239166 off 0.048059517211188015	false	1.0
niedrig	neg 1.0		__DUMMY__ 0.8880264269797707 neg 0.06723353214377427 off 0.04474004087645496	false	1.0
explosion	neg 1.0		__DUMMY__ 0.8886727631513381 neg 0.061710693038830707 off 0.04961654380983106	false	1.0
weichei	off 1.0		__DUMMY__ 0.8837606626106222 neg 0.06069712448138381 off 0.05554221290799392	false	0.5
minusmensch	off 1.0		__DUMMY__ 0.8774792368381523 neg 0.06268315020991821 off 0.059837612951929534	false	0.5
farblos	neg 1.0		__DUMMY__ 0.8878008754896031 neg 0.06483539227445166 off 0.047363732235945206	false	1.0
unwissend	neg 1.0	neg 1.0	neg 0.5187833199028944 __DUMMY__ 0.44265057321284973 off 0.03856610688425601	false	1.0
traurig	neg 1.0		__DUMMY__ 0.8869106789088032 neg 0.060168817952999616 off 0.05292050313819727	false	1.0
senkung	neg 1.0		__DUMMY__ 0.8859818489596596 neg 0.06455119398286008 off 0.04946695705748029	false	1.0
ungleich	neg 1.0	neg 1.0	neg 0.5229463790912229 __DUMMY__ 0.44346039715898944 off 0.03359322374978778	false	1.0
heikel	neg 1.0		__DUMMY__ 0.8885970486241523 neg 0.06815371353592124 off 0.04324923783992646	false	1.0
drosselung	neg 1.0		__DUMMY__ 0.888058026428046 neg 0.05888841016032001 off 0.05305356341163407	false	1.0
falsch	neg 1.0		__DUMMY__ 0.8868328657609997 neg 0.06321946896814219 off 0.04994766527085804	false	1.0
unzufriedenheit	neg 1.0		__DUMMY__ 0.8879802391298566 neg 0.06877835182766388 off 0.043241409042479584	false	1.0
kurz	neg 1.0		__DUMMY__ 0.8924786505114469 neg 0.062324286273889876 off 0.045197063214663234	false	1.0
unsinnig	neg 1.0		__DUMMY__ 0.8873087131231078 neg 0.06726919405833773 off 0.045422092818554485	false	1.0
penner	off 1.0	off 1.0	off 0.5132600342554928 __DUMMY__ 0.44189811875349627 neg 0.0448418469910109	false	1.0
seicht	neg 1.0		__DUMMY__ 0.8799052231634271 neg 0.062194385553676027 off 0.057900391282896896	false	1.0
dummheit	off 1.0	off 1.0	off 0.5072707397184664 __DUMMY__ 0.4422987672762106 neg 0.050430493005323075	false	1.0
unerfreulich	neg 1.0		__DUMMY__ 0.8896437409724072 neg 0.06771457756515809 off 0.04264168146243479	false	1.0
motherfucker	off 1.0	off 1.0	off 0.5105916827318528 __DUMMY__ 0.4419706464643603 neg 0.047437670803786934	false	1.0
pikiert	neg 1.0		__DUMMY__ 0.8852487990308769 neg 0.06416886561699418 off 0.05058233535212894	false	1.0
wrack	neg 1.0		__DUMMY__ 0.8917334774435689 neg 0.06331576367603826 off 0.04495075888039279	false	1.0
gangster	neg 1.0		__DUMMY__ 0.8871159397306019 neg 0.06340745447671454 off 0.049476605792683474	false	1.0
krank	neg 1.0		__DUMMY__ 0.8893119860238844 neg 0.05943967819654975 off 0.05124833577956575	false	1.0
reich	neg 1.0		__DUMMY__ 0.8781458897932799 neg 0.07018377486505305 off 0.05167033534166703	false	1.0
gnadenlos	neg 1.0		__DUMMY__ 0.8876211839580289 neg 0.06460996747648759 off 0.047768848565483475	false	1.0
niedergeschlagen	neg 1.0		__DUMMY__ 0.8896377612193911 neg 0.06479149626846215 off 0.04557074251214675	false	1.0
terrorisieren	off 1.0	off 1.0	off 0.5036728953437924 __DUMMY__ 0.44597473761467565 neg 0.05035236704153187	false	1.0
sinnlosigkeit	neg 1.0		__DUMMY__ 0.8864610172174815 neg 0.06816061076281998 off 0.04537837201969849	false	1.0
behindern	neg 1.0		__DUMMY__ 0.8905518708540054 neg 0.062813578735266 off 0.04663455041072851	false	1.0
undemokratisch	neg 1.0		__DUMMY__ 0.8817366386240235 neg 0.0694942698528989 off 0.04876909152307758	false	1.0
wirtschaftskrise	neg 1.0		__DUMMY__ 0.8848540446160263 neg 0.06942527440795179 off 0.04572068097602188	false	1.0
neid	neg 1.0		__DUMMY__ 0.8899184227251784 neg 0.06081071019120431 off 0.049270867083617324	false	1.0
rutschen	neg 1.0		__DUMMY__ 0.8981030137500589 neg 0.06157187816128575 off 0.04032510808865536	false	1.0
rezession	neg 1.0		__DUMMY__ 0.8798834028021748 neg 0.06515179634559444 off 0.05496480085223082	false	1.0
fehlgeburt	neg 1.0		__DUMMY__ 0.8880016651711868 neg 0.06489633115518464 off 0.04710200367362851	false	1.0
charakterschwach	off 1.0		__DUMMY__ 0.8850570147228135 neg 0.06338772701704064 off 0.051555258260145856	false	0.5
isolation	neg 1.0		__DUMMY__ 0.8874818733760462 neg 0.061520585828417934 off 0.050997540795535895	false	1.0
ablenkung	neg 1.0		__DUMMY__ 0.889871594686952 neg 0.06314582789798397 off 0.04698257741506412	false	1.0
pech	neg 1.0		__DUMMY__ 0.8878786414368528 neg 0.06332977392897186 off 0.04879158463417522	false	1.0
vermeidung	neg 1.0		__DUMMY__ 0.8884435559346461 neg 0.059495709515295626 off 0.052060734550058343	false	1.0
dominieren	neg 1.0		__DUMMY__ 0.8881815244397402 neg 0.0657894073171934 off 0.046029068243066344	false	1.0
schwindlig	neg 1.0		__DUMMY__ 0.8911382678524036 neg 0.06040099654851987 off 0.048460735599076515	false	1.0
lutscher	neg 1.0		__DUMMY__ 0.8805283532289734 neg 0.06122614541452653 off 0.05824550135650018	false	1.0
pflicht	neg 1.0		__DUMMY__ 0.8880561301522828 neg 0.06866567575699593 off 0.043278194090721256	false	1.0
faschist	off 1.0		__DUMMY__ 0.8812702075979366 neg 0.06920961948798621 off 0.04952017291407714	false	0.5
verschleudern	neg 1.0		__DUMMY__ 0.8853907841165193 neg 0.06941218206812735 off 0.0451970338153534	false	1.0
wenn			__DUMMY__ 0.8872862689599647 neg 0.06278313169767515 off 0.049930599342360125	false	0.0
ehebruch	neg 1.0		__DUMMY__ 0.8860545727093008 neg 0.06899142756325054 off 0.04495399972744875	false	1.0
spott	off 1.0		__DUMMY__ 0.8862525272739422 neg 0.0693005185908764 off 0.044446954135181495	false	0.5
trostlosigkeit	neg 1.0		__DUMMY__ 0.8837826042332544 neg 0.07270062217050743 off 0.04351677359623813	false	1.0
lutschen	neg 1.0		__DUMMY__ 0.8846853858701899 neg 0.06453845166540609 off 0.05077616246440402	false	1.0
undiszipliniert	neg 1.0		__DUMMY__ 0.8862504287134838 neg 0.061325503619069126 off 0.052424067667447144	false	1.0
kopfschmerz	neg 1.0		__DUMMY__ 0.8885982154954328 neg 0.06537522625018191 off 0.046026558254385216	false	1.0
unvorhergesehen	neg 1.0		__DUMMY__ 0.8935152695875065 neg 0.06164870623717138 off 0.044836024175322134	false	1.0
desinteressiert	neg 1.0		__DUMMY__ 0.8845360953023955 neg 0.06308235913269589 off 0.05238154556490857	false	1.0
armselig	off 1.0		__DUMMY__ 0.8833330502754994 neg 0.06333765082234973 off 0.05332929890215087	false	0.5
desaster	neg 1.0		__DUMMY__ 0.8864611687075538 neg 0.07125339837536643 off 0.042285432917079924	false	1.0
tod	neg 1.0		__DUMMY__ 0.884707205766894 neg 0.07094525451345216 off 0.044347539719653814	false	1.0
herzlos	neg 1.0		__DUMMY__ 0.8863648915163665 neg 0.060068830968554324 off 0.05356627751507908	false	1.0
unwissenheit	neg 1.0		__DUMMY__ 0.8853574719123362 neg 0.06921525301839968 off 0.045427275069264084	false	1.0
widersinnig	neg 1.0		__DUMMY__ 0.8820855327547197 neg 0.07123028496135902 off 0.04668418228392125	false	1.0
bedenklich	neg 1.0		__DUMMY__ 0.8880328174665807 neg 0.06788378702260993 off 0.04408339551080939	false	1.0
beanstanden	neg 1.0		__DUMMY__ 0.8886953343372402 neg 0.06839708331425426 off 0.04290758234850553	false	1.0
panisch	neg 1.0	neg 1.0	neg 0.5145797380240201 __DUMMY__ 0.44914745023417435 off 0.03627281174180555	false	1.0
debil	off 1.0		__DUMMY__ 0.8901940351496573 neg 0.06947613311845234 off 0.040329831731890316	false	0.5
abstrich	neg 1.0		__DUMMY__ 0.8932174375650741 neg 0.0607142671886001 off 0.046068295246325754	false	1.0
primitiv	neg 1.0		__DUMMY__ 0.8843473538404355 neg 0.06354527793388447 off 0.052107368225680045	false	1.0
abschaum	off 1.0	off 1.0	off 0.508815060711597 __DUMMY__ 0.44164421386279434 neg 0.04954072542560863	false	1.0
provozieren	neg 1.0		__DUMMY__ 0.8855823728972189 neg 0.06702852730311033 off 0.04738909979967072	false	1.0
tot	neg 1.0		__DUMMY__ 0.8868702058374328 neg 0.06724766799405799 off 0.045882126168509174	false	1.0
instabil	neg 1.0		__DUMMY__ 0.881093201569221 neg 0.06472141932932428 off 0.0541853791014547	false	1.0
schwuchtel	off 1.0		__DUMMY__ 0.8763377443342854 off 0.06286661065236654 neg 0.06079564501334815	false	1.0
zerren	neg 1.0		__DUMMY__ 0.8898657439191683 neg 0.06451900041764787 off 0.04561525566318384	false	1.0
kinderficker	off 1.0		__DUMMY__ 0.8822334875284971 neg 0.06256461076637461 off 0.05520190170512826	false	0.5
gefahr	neg 1.0		__DUMMY__ 0.8866898429293152 neg 0.06857595052553066 off 0.04473420654515416	false	1.0
rabiat	neg 1.0		__DUMMY__ 0.8878541665315928 neg 0.06512694457188674 off 0.04701888889652057	false	1.0
verlangsamung	neg 1.0		__DUMMY__ 0.8797089199427919 neg 0.06272187267807854 off 0.057569207379129565	false	1.0
ausgestorben	neg 1.0		__DUMMY__ 0.8893839625763678 neg 0.06493728273525214 off 0.04567875468838004	false	1.0
anklagen	neg 1.0		__DUMMY__ 0.8854012386898812 neg 0.06765319642762317 off 0.04694556488249558	false	1.0
trott	neg 1.0		__DUMMY__ 0.8893566973424325 neg 0.06381533074125041 off 0.04682797191631705	false	1.0
verminderung	neg 1.0		__DUMMY__ 0.8859762665114981 neg 0.06116132712532116 off 0.052862406363180785	false	1.0
nach			__DUMMY__ 0.895307415190942 neg 0.06427493622648386 off 0.040417648582573976	false	0.0
rost	neg 1.0		__DUMMY__ 0.882801053469246 neg 0.059616512206043804 off 0.05758243432471021	false	1.0
destruktiv	neg 1.0		__DUMMY__ 0.8847434470771149 neg 0.0687287739464916 off 0.04652777897639334	false	1.0
unzumutbarkeit	neg 1.0		__DUMMY__ 0.8878725325498825 neg 0.05990277179353076 off 0.052224695656586724	false	1.0
labil	off 1.0	off 1.0	off 0.509419555963385 __DUMMY__ 0.4422150006504985 neg 0.04836544338611661	false	1.0
ziemlich	neg 1.0		__DUMMY__ 0.8870167974748744 neg 0.061755627773180964 off 0.05122757475194461	false	1.0
lachnummer	off 1.0		__DUMMY__ 0.885036521995819 neg 0.06832719963834902 off 0.0466362783658321	false	0.5
oder			__DUMMY__ 0.8905390787429417 neg 0.06294119230934005 off 0.04651972894771816	false	0.0
verfall	neg 1.0		__DUMMY__ 0.8902630250366793 neg 0.06926758977189405 off 0.04046938519142667	false	1.0
ausgrenzung	neg 1.0		__DUMMY__ 0.8818405085741067 neg 0.06887911301519398 off 0.04928037841069926	false	1.0
unordnung	neg 1.0		__DUMMY__ 0.8830306545092396 neg 0.06246076335667099 off 0.05450858213408949	false	1.0
fehlverhalten	neg 1.0		__DUMMY__ 0.8865001202352583 neg 0.06921257046791203 off 0.044287309296829655	false	1.0
eine			__DUMMY__ 0.8908638971562414 neg 0.06668228992825502 off 0.042453812915503646	false	0.0
nille	neg 1.0		__DUMMY__ 0.8848602646052404 neg 0.06767804549636036 off 0.04746168989839927	false	1.0
qual	neg 1.0		__DUMMY__ 0.889048184472693 neg 0.06413002907433663 off 0.04682178645297042	false	1.0
verschwenden	neg 1.0		__DUMMY__ 0.8885372339632606 neg 0.06743278173225757 off 0.04402998430448183	false	1.0
riesig	neg 1.0		__DUMMY__ 0.88924769653997 neg 0.06470672568723698 off 0.046045577772793	false	1.0
verurteilen	neg 1.0		__DUMMY__ 0.8850203745167979 neg 0.06928302432795899 off 0.04569660115524307	false	1.0
klischee	neg 1.0	neg 1.0	neg 0.5204634519573068 __DUMMY__ 0.4417945403059033 off 0.03774200773679	false	1.0
diktatorisch	neg 1.0		__DUMMY__ 0.8798420752124674 neg 0.0713497332231139 off 0.04880819156441878	false	1.0
vorhersehbar	neg 1.0		__DUMMY__ 0.8836893069602798 neg 0.06749716226370704 off 0.048813530776013254	false	1.0
sowie			__DUMMY__ 0.8804234857309363 neg 0.06320279837241047 off 0.05637371589665315	false	0.0
stornieren	neg 1.0		__DUMMY__ 0.8905527853147956 neg 0.06066483711864271 off 0.04878237756656163	false	1.0
besteuerung	neg 1.0		__DUMMY__ 0.8859074768076485 neg 0.06607319039327615 off 0.04801933279907532	false	1.0
ungeschminkt	neg 1.0		__DUMMY__ 0.8857916903081717 neg 0.0628088806040778 off 0.05139942908775054	false	1.0
kritisch	neg 1.0		__DUMMY__ 0.8862280215424939 neg 0.0692905402180317 off 0.04448143823947441	false	1.0
schlamperei	off 1.0		__DUMMY__ 0.8864926034059109 neg 0.0685096508522485 off 0.04499774574184072	false	0.5
sucht	neg 1.0	neg 1.0	neg 0.5132402158563488 __DUMMY__ 0.44995227752029326 off 0.03680750662335778	false	1.0
egoistisch	off 1.0		__DUMMY__ 0.8841121183100427 neg 0.060311234057404815 off 0.05557664763255254	false	0.5
ausbeuter	off 1.0		__DUMMY__ 0.8854206918097214 neg 0.07055492560002044 off 0.0440243825902582	false	0.5
arschgeburt	off 1.0		__DUMMY__ 0.8763948163338746 off 0.06282736385815739 neg 0.06077781980796799	false	1.0
schubs	neg 1.0	neg 1.0	neg 0.517721445910843 __DUMMY__ 0.4487565678264344 off 0.03352198626272247	false	1.0
unsolide	neg 1.0		__DUMMY__ 0.8776579604654172 neg 0.0707564092605919 off 0.051585630273990886	false	1.0
beschwerde	neg 1.0		__DUMMY__ 0.8865313827072843 neg 0.06791248129261365 off 0.04555613600010207	false	1.0
stocken	neg 1.0		__DUMMY__ 0.8892984724802115 neg 0.06575339047849654 off 0.04494813704129187	false	1.0
isolieren	neg 1.0		__DUMMY__ 0.8912503908568983 neg 0.06231865431210679 off 0.04643095483099487	false	1.0
unheilbar	neg 1.0		__DUMMY__ 0.8866601486927198 neg 0.0657041671718925 off 0.04763568413538766	false	1.0
pisser	off 1.0		__DUMMY__ 0.8826621340556792 neg 0.06322077387903528 off 0.05411709206528559	false	0.5
löschen	neg 1.0		__DUMMY__ 0.8871372725320686 neg 0.0648512305669226 off 0.04801149690100876	false	1.0
durchfallen	neg 1.0		__DUMMY__ 0.8883827976447746 neg 0.06713372827348965 off 0.04448347408173582	false	1.0
wichser	off 1.0		__DUMMY__ 0.8812773457333045 neg 0.059405400113416156 off 0.059317254153279264	false	0.5
terror	neg 1.0		__DUMMY__ 0.8896156162585892 neg 0.06063740129363226 off 0.049746982447778636	false	1.0
krass	neg 1.0		__DUMMY__ 0.885259466265611 neg 0.0611536168568235 off 0.05358691687756543	false	1.0
revolte	neg 1.0	neg 1.0	neg 0.523619318042955 __DUMMY__ 0.43817062426895736 off 0.03821005768808772	false	1.0
besorgt	neg 1.0		__DUMMY__ 0.8938025609213139 neg 0.06080089098818223 off 0.04539654809050377	false	1.0
nachlassen	neg 1.0		__DUMMY__ 0.8903166606481709 neg 0.0645490561878047 off 0.045134283164024416	false	1.0
alt	neg 1.0		__DUMMY__ 0.8937015314096618 neg 0.06324508723966761 off 0.04305338135067054	false	1.0
hundesohn	off 1.0		__DUMMY__ 0.8788433812687211 neg 0.06207599540690973 off 0.059080623324369134	false	0.5
als			__DUMMY__ 0.8903081163393938 neg 0.06473660241192031 off 0.044955281248685995	false	0.0
abschreckung	neg 1.0		__DUMMY__ 0.8876574873372037 neg 0.06913441719700525 off 0.043208095465791005	false	1.0
unqualifiziert	neg 1.0		__DUMMY__ 0.8848203868947342 neg 0.06607244136880931 off 0.04910717173645648	false	1.0
abgewichst	off 1.0		__DUMMY__ 0.8871518613358408 neg 0.06644312986333707 off 0.04640500880082203	false	0.5
schwer	neg 1.0		__DUMMY__ 0.8891176717891508 neg 0.06444237352033544 off 0.04643995469051377	false	1.0
bedeutungslosigkeit	neg 1.0		__DUMMY__ 0.8865710355214079 neg 0.06968897641697916 off 0.04373998806161291	false	1.0
kapitulation	neg 1.0		__DUMMY__ 0.8817753085579294 neg 0.07258254152090954 off 0.045642149921161064	false	1.0
unscharf	neg 1.0		__DUMMY__ 0.8875901476490574 neg 0.06361967732565903 off 0.048790175025283565	false	1.0
schwinden	neg 1.0		__DUMMY__ 0.8889646609751068 neg 0.06727052223486131 off 0.04376481679003193	false	1.0
versklavung	neg 1.0	neg 1.0	neg 0.523057891354165 __DUMMY__ 0.44016680160959587 off 0.03677530703623904	false	1.0
schlecht	neg 1.0		__DUMMY__ 0.887543784147608 neg 0.06091825554753721 off 0.05153796030485484	false	1.0
verhasst	neg 1.0		__DUMMY__ 0.8848579867773521 neg 0.06768091382198128 off 0.047461099400666666	false	1.0
beschweren	neg 1.0		__DUMMY__ 0.8884287016737016 neg 0.06343369430319984 off 0.048137604023098475	false	1.0
scheiden	neg 1.0		__DUMMY__ 0.8890168718760405 neg 0.06495248361967763 off 0.04603064450428182	false	1.0
frustriert	neg 1.0		__DUMMY__ 0.8884199440787833 neg 0.0657881272588026 off 0.04579192866241402	false	1.0
schimmelig	neg 1.0		__DUMMY__ 0.8883858845955807 neg 0.0677606588283933 off 0.04385345657602608	false	1.0
fisch	neg 1.0	neg 1.0	neg 0.5172990932877348 __DUMMY__ 0.4491901459540783 off 0.033510760758186875	false	1.0
schmuggel	neg 1.0		__DUMMY__ 0.8923671508843062 neg 0.06447470698899331 off 0.04315814212670044	false	1.0
auffallen	neg 1.0		__DUMMY__ 0.8877997105840707 neg 0.0636910088294955 off 0.0485092805864338	false	1.0
konkurrenz	neg 1.0		__DUMMY__ 0.8914139635403738 neg 0.0658208465364174 off 0.042765189923208706	false	1.0
teufelskreis	neg 1.0		__DUMMY__ 0.886871807606506 neg 0.06702367503137237 off 0.04610451736212167	false	1.0
aufschreien	neg 1.0		__DUMMY__ 0.8851588211180537 neg 0.06618536328760871 off 0.04865581559433758	false	1.0
schuldner	neg 1.0		__DUMMY__ 0.8859635884601209 neg 0.06958914373254232 off 0.04444726780733673	false	1.0
missgeburt	off 1.0	off 1.0	off 0.5127797124398421 __DUMMY__ 0.4402953463451183 neg 0.04692494121503947	false	1.0
arbeitslos	neg 1.0		__DUMMY__ 0.8869143489149861 neg 0.06768148760043058 off 0.04540416348458332	false	1.0
befallen	neg 1.0		__DUMMY__ 0.8830070521641898 neg 0.07135758854718822 off 0.04563535928862195	false	1.0
miesepetrig	off 1.0		__DUMMY__ 0.8883819879776124 neg 0.060718357412817475 off 0.05089965460957007	false	0.5
alarmieren	neg 1.0		__DUMMY__ 0.8840296286129408 neg 0.0646620317430595 off 0.0513083396439997	false	1.0
ungeduscht	off 1.0		__DUMMY__ 0.8879276892797807 neg 0.06326560303736482 off 0.04880670768285447	false	0.5
knappheit	neg 1.0		__DUMMY__ 0.8874711727247797 neg 0.06695719212130068 off 0.0455716351539196	false	1.0
schlange	neg 1.0		__DUMMY__ 0.8902700684057429 neg 0.06201606475815913 off 0.04771386683609812	false	1.0
harsch	neg 1.0		__DUMMY__ 0.886082176829445 neg 0.057718362466056404 off 0.05619946070449862	false	1.0
lang	neg 1.0		__DUMMY__ 0.8879375165856402 neg 0.06405733770507688 off 0.048005145709282854	false	1.0
ziellos	neg 1.0		__DUMMY__ 0.8893109971616785 neg 0.06600888880832556 off 0.044680114029995874	false	1.0
selbstverliebt	neg 1.0		__DUMMY__ 0.8772691331980731 neg 0.062215730023202666 off 0.06051513677872425	false	1.0
beseitigen	neg 1.0		__DUMMY__ 0.8917283146043159 neg 0.06060300975973763 off 0.047668675635946414	false	1.0
dumm	off 1.0		__DUMMY__ 0.8825536417231342 neg 0.061268584321388105 off 0.056177773955477746	false	0.5
arbeitsloser	neg 1.0		__DUMMY__ 0.8876720894367158 neg 0.06757363081072731 off 0.044754279752556775	false	1.0
blitzen	neg 1.0		__DUMMY__ 0.8860429652991397 neg 0.06387315237264332 off 0.0500838823282169	false	1.0
hilflos	neg 1.0		__DUMMY__ 0.8889201117727265 neg 0.06566963905888233 off 0.0454102491683912	false	1.0
eklig	off 1.0		__DUMMY__ 0.8812513093965387 neg 0.06190729489552379 off 0.05684139570793745	false	0.5
begriff			__DUMMY__ 0.8874755453365589 neg 0.06664773615519759 off 0.04587671850824357	false	0.0
hungersnot	neg 1.0		__DUMMY__ 0.8813085964054602 neg 0.07133404830439107 off 0.047357355290148714	false	1.0
ungesetzlich	neg 1.0		__DUMMY__ 0.8808361315131128 neg 0.06924473261486112 off 0.04991913587202606	false	1.0
verschwendung	neg 1.0		__DUMMY__ 0.8888277995306538 neg 0.06775056473183848 off 0.04342163573750765	false	1.0
schmerzvoll	neg 1.0		__DUMMY__ 0.8882653742101203 neg 0.06366564575042272 off 0.048068980039457004	false	1.0
vorzeitig	neg 1.0		__DUMMY__ 0.8873830686739487 neg 0.06126669229095611 off 0.051350239035095196	false	1.0
unvollkommenheit	neg 1.0		__DUMMY__ 0.8881621892109292 neg 0.06475472004191847 off 0.047083090747152334	false	1.0
intervenieren	neg 1.0		__DUMMY__ 0.8847060517230674 neg 0.07092348713654902 off 0.04437046114038357	false	1.0
banause	off 1.0		__DUMMY__ 0.8802785501552497 neg 0.06170277959385537 off 0.0580186702508949	false	0.5
rebell	neg 1.0		__DUMMY__ 0.891349864060763 neg 0.06632370659810888 off 0.04232642934112815	false	1.0
unlogisch	neg 1.0		__DUMMY__ 0.8840192819258441 neg 0.06260588537412852 off 0.05337483270002741	false	1.0
leiden	neg 1.0	neg 1.0	neg 0.5150879190736023 __DUMMY__ 0.45299383326512005 off 0.0319182476612777	false	1.0
abschaffung	neg 1.0		__DUMMY__ 0.8847794667375477 neg 0.06713556946404323 off 0.04808496379840916	false	1.0
sturz	neg 1.0		__DUMMY__ 0.884036049788051 neg 0.06748096351404372 off 0.04848298669790539	false	1.0
verkleinerung	neg 1.0		__DUMMY__ 0.882479698607607 neg 0.0669088263405845 off 0.05061147505180854	false	1.0
schmarotzer	off 1.0		__DUMMY__ 0.8855439588147365 neg 0.06933915435753285 off 0.045116886827730726	false	0.5
bestrafung	neg 1.0		__DUMMY__ 0.8864557943468065 neg 0.06548411286565788 off 0.048060092787535626	false	1.0
achtlos	neg 1.0		__DUMMY__ 0.8902188196701493 neg 0.06343378583235264 off 0.046347394497498105	false	1.0
ungeheuer	neg 1.0		__DUMMY__ 0.8864395224949617 neg 0.06495159641110969 off 0.04860888109392856	false	1.0
unaufrichtig	neg 1.0		__DUMMY__ 0.8821855188232839 neg 0.06795087315302868 off 0.04986360802368729	false	1.0
