unsolidarisch	neg 1.0		__DUMMY__ 0.4693958152776879 neg 0.3114640383965077 off 0.21914014632580453	false	1.0
nachteilig	neg 1.0		__DUMMY__ 0.47555559060670033 neg 0.3074100012483125 off 0.21703440814498698	false	1.0
skeptisch	neg 1.0		__DUMMY__ 0.4770295918396214 neg 0.30865351532115864 off 0.21431689283922	false	1.0
schrecklich	neg 1.0		__DUMMY__ 0.4735027190587497 neg 0.2976336882208809 off 0.22886359272036955	false	1.0
schlapp	neg 1.0		__DUMMY__ 0.4768751124950539 neg 0.29825537400025676 off 0.2248695135046894	false	1.0
abfall	neg 1.0		__DUMMY__ 0.4775347717398461 neg 0.3098950034632385 off 0.21257022479691548	false	1.0
widerspenstig	neg 1.0		__DUMMY__ 0.4780004576696728 neg 0.3019992580397186 off 0.22000028429060856	false	1.0
abrupt	neg 1.0		__DUMMY__ 0.47861469570011955 neg 0.3028229595989306 off 0.21856234470094985	false	1.0
unwirksam	neg 1.0		__DUMMY__ 0.4716196316175778 neg 0.30840084862453376 off 0.2199795197578885	false	1.0
angreifen	neg 1.0		__DUMMY__ 0.4756024315696556 neg 0.30889651315811856 off 0.21550105527222588	false	1.0
inkonsistent	neg 1.0		__DUMMY__ 0.47411060414924017 neg 0.30379697456981236 off 0.22209242128094747	false	1.0
abrutschen	neg 1.0		__DUMMY__ 0.47842906967905935 neg 0.30860895771465713 off 0.21296197260628352	false	1.0
unsicher	neg 1.0		__DUMMY__ 0.47672167572457724 neg 0.3033590182040554 off 0.21991930607136734	false	1.0
bauernkind	off 1.0		__DUMMY__ 0.46965213626300284 neg 0.2985578392416197 off 0.2317900244953773	false	0.5
angreifer	neg 1.0		__DUMMY__ 0.4728295006046209 neg 0.3042437109807463 off 0.2229267884146327	false	1.0
trennen	neg 1.0		__DUMMY__ 0.480065703183165 neg 0.30411691920194167 off 0.21581737761489342	false	1.0
schmutz	neg 1.0		__DUMMY__ 0.47965492179063884 neg 0.29357345885780084 off 0.22677161935156048	false	1.0
inkonsistenz	neg 1.0	neg 1.0	neg 0.6426811373058451 __DUMMY__ 0.2307297227573399 off 0.12658913993681498	false	1.0
erschreckend	neg 1.0		__DUMMY__ 0.475117333050839 neg 0.30666301486810627 off 0.21821965208105484	false	1.0
ertrinken	neg 1.0		__DUMMY__ 0.47825748204252416 neg 0.30503386470429095 off 0.21670865325318484	false	1.0
pickelface	off 1.0		__DUMMY__ 0.4741278144045864 neg 0.3051600926109472 off 0.22071209298446648	false	0.5
seiner			__DUMMY__ 0.47665944955951023 neg 0.3078175672592227 off 0.21552298318126697	false	0.0
lauch	neg 1.0		__DUMMY__ 0.477438126519747 neg 0.308382457332694 off 0.2141794161475589	false	1.0
unwichtig	neg 1.0		__DUMMY__ 0.47423395277504693 neg 0.301419295909139 off 0.2243467513158142	false	1.0
steuerhinterziehung	neg 1.0		__DUMMY__ 0.4720220853207116 neg 0.309539801582351 off 0.21843811309693736	false	1.0
schock	neg 1.0		__DUMMY__ 0.4787822788186353 neg 0.3026152487448547 off 0.21860247243651015	false	1.0
beule	neg 1.0		__DUMMY__ 0.47649299524536043 neg 0.2972058404009422 off 0.22630116435369732	false	1.0
vergelten	neg 1.0		__DUMMY__ 0.47113165369613325 neg 0.29882548257074015 off 0.23004286373312657	false	1.0
verdorbenheit	neg 1.0		__DUMMY__ 0.4782221586831518 neg 0.29971871602939315 off 0.22205912528745522	false	1.0
trauma	neg 1.0		__DUMMY__ 0.4752553444751709 neg 0.3029354034578042 off 0.22180925206702506	false	1.0
sinnlos	neg 1.0		__DUMMY__ 0.4752806190868343 neg 0.3027201102362797 off 0.22199927067688605	false	1.0
fettsack	off 1.0	off 1.0	off 0.6011588509074541 __DUMMY__ 0.22954411856661808 neg 0.16929703052592776	false	1.0
feige	off 1.0		__DUMMY__ 0.4728731561598752 neg 0.30348335955493483 off 0.22364348428519004	false	0.5
abdanken	neg 1.0		__DUMMY__ 0.4702143501523796 neg 0.3116377561492625 off 0.21814789369835788	false	1.0
wichtigtuer	off 1.0	off 1.0	off 0.5956640652808474 __DUMMY__ 0.2307158688514287 neg 0.17362006586772394	false	1.0
misslingen	neg 1.0		__DUMMY__ 0.47828259804696216 neg 0.2988878398598995 off 0.22282956209313837	false	1.0
untreu	off 1.0		__DUMMY__ 0.47454990780710116 neg 0.30013944981680296 off 0.22531064237609602	false	0.5
missmutig	neg 1.0		__DUMMY__ 0.4765569854890837 neg 0.29927855270609843 off 0.22416446180481797	false	1.0
hurenbock	off 1.0		__DUMMY__ 0.47888542965067177 neg 0.2987138648717026 off 0.22240070547762567	false	0.5
betrunken	neg 1.0		__DUMMY__ 0.4756197308619182 neg 0.29721411194803093 off 0.22716615719005082	false	1.0
korrupt	off 1.0		__DUMMY__ 0.4714087401869476 neg 0.31189588877774677 off 0.21669537103530562	false	0.5
unmut	neg 1.0		__DUMMY__ 0.47673560358750483 neg 0.30990551615144313 off 0.2133588802610521	false	1.0
hackfresse	off 1.0		__DUMMY__ 0.4722450659105666 neg 0.2953966056561719 off 0.23235832843326154	false	0.5
aufblasen	neg 1.0		__DUMMY__ 0.4775692798676083 neg 0.3007907373958299 off 0.22163998273656182	false	1.0
gewaltsam	neg 1.0		__DUMMY__ 0.4725394151706287 neg 0.30692644067874236 off 0.2205341441506289	false	1.0
unbeliebtheit	neg 1.0		__DUMMY__ 0.4671486187757847 neg 0.3075944212818563 off 0.22525695994235884	false	1.0
sturheit	neg 1.0		__DUMMY__ 0.47323098333927005 neg 0.30882037616303676 off 0.21794864049769322	false	1.0
kuh	neg 1.0		__DUMMY__ 0.47364138741839945 neg 0.3051215360537445 off 0.22123707652785604	false	1.0
erschrecken	neg 1.0		__DUMMY__ 0.47621032396050134 neg 0.3000150408602516 off 0.22377463517924712	false	1.0
opfer	neg 1.0	neg 1.0	neg 0.6449099204698175 __DUMMY__ 0.23232808785414902 off 0.12276199167603348	false	1.0
sinken	neg 1.0		__DUMMY__ 0.4771235021648062 neg 0.3086329274014222 off 0.2142435704337716	false	1.0
stinktier	neg 1.0		__DUMMY__ 0.47158690694799826 neg 0.2994861424900868 off 0.22892695056191492	false	1.0
tucke	off 1.0		__DUMMY__ 0.47320944850693153 neg 0.29355636463794044 off 0.2332341868551279	false	0.5
ein			__DUMMY__ 0.4791484544389703 neg 0.29967223347675337 off 0.22117931208427621	false	0.0
abstieg	neg 1.0		__DUMMY__ 0.4739996839090784 neg 0.30828550860575615 off 0.21771480748516553	false	1.0
missverstehen	neg 1.0		__DUMMY__ 0.47329703917896715 neg 0.30529694869107277 off 0.2214060121299599	false	1.0
ergebnislos	neg 1.0		__DUMMY__ 0.47510418206409033 neg 0.3073849161572323 off 0.2175109017786773	false	1.0
unter			__DUMMY__ 0.4825390250645659 neg 0.30751052618355684 off 0.20995044875187724	false	0.0
manipulieren	neg 1.0		__DUMMY__ 0.47556343896908027 neg 0.3091937215414396 off 0.21524283948948011	false	1.0
unbewiesen	neg 1.0		__DUMMY__ 0.46893048720322883 neg 0.3123209159391502 off 0.2187485968576209	false	1.0
verschleppen	neg 1.0		__DUMMY__ 0.47444783466083157 neg 0.3084551813511706 off 0.21709698398799793	false	1.0
weib	off 1.0		__DUMMY__ 0.47103849411894544 neg 0.2954813444625412 off 0.2334801614185134	false	0.5
opposition	neg 1.0		__DUMMY__ 0.47126745714166174 neg 0.307733607045918 off 0.22099893581242017	false	1.0
verkehrswidrig	neg 1.0		__DUMMY__ 0.47441654789370247 neg 0.29475247773740365 off 0.23083097436889385	false	1.0
inkorrekt	neg 1.0		__DUMMY__ 0.4697002257933786 neg 0.30575067236562103 off 0.22454910184100044	false	1.0
vermeiden	neg 1.0		__DUMMY__ 0.47997570652824656 neg 0.3080822621000977 off 0.21194203137165565	false	1.0
abweichung	neg 1.0		__DUMMY__ 0.47146094681160844 neg 0.3121000691430994 off 0.21643898404529202	false	1.0
alkoholisiert	neg 1.0		__DUMMY__ 0.47731919345762563 neg 0.304902536277052 off 0.21777827026532234	false	1.0
scheiss	off 1.0	off 1.0	off 0.5987166592779979 __DUMMY__ 0.23158701638220683 neg 0.1696963243397952	false	1.0
herausforderung	neg 1.0		__DUMMY__ 0.48068910102938933 neg 0.30081657663089156 off 0.21849432233971922	false	1.0
pervers	off 1.0		__DUMMY__ 0.4705806248132502 neg 0.29299810630226114 off 0.23642126888448858	false	0.5
wackelig	neg 1.0		__DUMMY__ 0.48054138196924767 neg 0.30111296852434927 off 0.2183456495064031	false	1.0
verwickeln	neg 1.0		__DUMMY__ 0.4745237621154591 neg 0.30403592509356614 off 0.2214403127909747	false	1.0
vorwand	neg 1.0		__DUMMY__ 0.47581662022289456 neg 0.31017131037321327 off 0.21401206940389206	false	1.0
muschi	off 1.0		__DUMMY__ 0.4739078800701728 neg 0.3059692066989946 off 0.22012291323083263	false	0.5
entmutigung	neg 1.0		__DUMMY__ 0.46674733479492325 neg 0.31254777792220045 off 0.22070488728287627	false	1.0
unangemessen	neg 1.0		__DUMMY__ 0.4732499961619825 neg 0.310010746367274 off 0.21673925747074355	false	1.0
unstetig	neg 1.0		__DUMMY__ 0.4733118173554762 neg 0.3031950946220888 off 0.22349308802243487	false	1.0
entmutigen	neg 1.0		__DUMMY__ 0.47619875879639023 neg 0.30272687228930667 off 0.221074368914303	false	1.0
schwanz	neg 1.0		__DUMMY__ 0.47605242490994226 neg 0.3057646522708463 off 0.21818292281921128	false	1.0
verbot	neg 1.0		__DUMMY__ 0.47230552070591664 neg 0.3101087757363334 off 0.21758570355774995	false	1.0
leid	neg 1.0		__DUMMY__ 0.47295706191448583 neg 0.29654959814986 off 0.2304933399356541	false	1.0
archaisch	neg 1.0		__DUMMY__ 0.4737008765695063 neg 0.3089257413165285 off 0.2173733821139652	false	1.0
gegen			__DUMMY__ 0.4751744726349845 neg 0.310445000716108 off 0.2143805266489074	false	0.0
scheidung	neg 1.0	neg 1.0	neg 0.6316656428108013 __DUMMY__ 0.2292253463447098 off 0.13910901084448898	false	1.0
einschlag	neg 1.0		__DUMMY__ 0.47298059323601893 neg 0.2970022820336549 off 0.2300171247303262	false	1.0
m			__DUMMY__ 0.47739374616001623 neg 0.30364368369605993 off 0.21896257014392376	false	0.0
abgestanden	neg 1.0		__DUMMY__ 0.4772346835942646 neg 0.3025690167706192 off 0.22019629963511617	false	1.0
schmierig	off 1.0		__DUMMY__ 0.4742013518002066 neg 0.2962067381211999 off 0.22959191007859356	false	0.5
unpraktisch	neg 1.0		__DUMMY__ 0.4780034625653424 neg 0.30030721821991824 off 0.22168931921473944	false	1.0
wixxer	off 1.0		__DUMMY__ 0.4690787967299111 neg 0.29471990110912094 off 0.236201302160968	false	0.5
bezeichnet			__DUMMY__ 0.4738796478711717 neg 0.3074555555687771 off 0.21866479656005133	false	0.0
jammerlappen	off 1.0		__DUMMY__ 0.47471808624888134 neg 0.30082565062945615 off 0.2244562631216626	false	0.5
farce	neg 1.0		__DUMMY__ 0.46914482740034086 neg 0.31371108729837444 off 0.2171440853012847	false	1.0
zwecklos	neg 1.0		__DUMMY__ 0.4743508355519349 neg 0.30900691273908576 off 0.21664225170897947	false	1.0
turbulent	neg 1.0		__DUMMY__ 0.4724625713258074 neg 0.29927481600026756 off 0.228262612673925	false	1.0
invasion	neg 1.0		__DUMMY__ 0.47636717976368464 neg 0.29997749229682874 off 0.2236553279394867	false	1.0
schuld	neg 1.0		__DUMMY__ 0.4748823269523599 neg 0.30462670544381537 off 0.22049096760382472	false	1.0
risiko	neg 1.0		__DUMMY__ 0.47764360606231776 neg 0.29817388536923767 off 0.22418250856844454	false	1.0
finster	neg 1.0		__DUMMY__ 0.4780008430298614 neg 0.3013015532856564 off 0.22069760368448216	false	1.0
geisteskrank	off 1.0		__DUMMY__ 0.4713174658598809 neg 0.30321878647591655 off 0.2254637476642027	false	0.5
zusammenbrechen	neg 1.0		__DUMMY__ 0.47728156097477176 neg 0.30414593389104283 off 0.2185725051341854	false	1.0
ausbeute	neg 1.0		__DUMMY__ 0.478941621436359 neg 0.3033290011518147 off 0.21772937741182638	false	1.0
hinterhalt	neg 1.0		__DUMMY__ 0.4754508449235528 neg 0.30336968557348454 off 0.22117946950296255	false	1.0
kritik	neg 1.0		__DUMMY__ 0.4703243550135727 neg 0.31223337283287134 off 0.21744227215355585	false	1.0
einschrumpfen	neg 1.0		__DUMMY__ 0.4709748479317242 neg 0.3057711245746647 off 0.22325402749361103	false	1.0
riskant	neg 1.0		__DUMMY__ 0.47669302179640916 neg 0.30735132220659794 off 0.21595565599699293	false	1.0
frustrieren	neg 1.0		__DUMMY__ 0.47575480918505997 neg 0.3086357742195055 off 0.21560941659543467	false	1.0
groll	neg 1.0		__DUMMY__ 0.47460563366437264 neg 0.30845298001536686 off 0.21694138632026053	false	1.0
gibt			__DUMMY__ 0.4758113243882608 neg 0.30647934557785816 off 0.21770933003388113	false	0.0
qualvoll	neg 1.0		__DUMMY__ 0.47659232928821443 neg 0.3008378838333491 off 0.22256978687843643	false	1.0
wackeln	neg 1.0		__DUMMY__ 0.4791310854031805 neg 0.29942075471482227 off 0.22144815988199723	false	1.0
klagen	neg 1.0		__DUMMY__ 0.475403371164747 neg 0.3107514993014255 off 0.21384512953382753	false	1.0
bankrott	neg 1.0		__DUMMY__ 0.4759749762752587 neg 0.29876234196195084 off 0.22526268176279052	false	1.0
trauern	neg 1.0		__DUMMY__ 0.4767911563652132 neg 0.30693896198199605 off 0.21626988165279074	false	1.0
ablehnung	neg 1.0	neg 1.0	neg 0.6469434679429283 __DUMMY__ 0.22954319699863612 off 0.12351333505843551	false	1.0
stur	neg 1.0		__DUMMY__ 0.4752045937780657 neg 0.30378977531762413 off 0.22100563090431016	false	1.0
aufruhr	neg 1.0		__DUMMY__ 0.4717679519235647 neg 0.30849159241708357 off 0.2197404556593518	false	1.0
melancholie	neg 1.0		__DUMMY__ 0.4789389909221996 neg 0.3030707360702042 off 0.2179902730075962	false	1.0
ist			__DUMMY__ 0.4748074845858978 neg 0.30412910644048685 off 0.22106340897361537	false	0.0
torheit	neg 1.0		__DUMMY__ 0.4699656683733565 neg 0.3101961975416549 off 0.21983813408498856	false	1.0
dreckskind	off 1.0		__DUMMY__ 0.4685593096549024 neg 0.3011330128888928 off 0.23030767745620467	false	0.5
umtauschen	neg 1.0		__DUMMY__ 0.4776227456274096 neg 0.30260777706391667 off 0.21976947730867374	false	1.0
zum			__DUMMY__ 0.4828571984199694 neg 0.30384908029234164 off 0.21329372128768906	false	0.0
zersetzen	neg 1.0		__DUMMY__ 0.47549848411815504 neg 0.30985353537622057 off 0.21464798050562434	false	1.0
zur			__DUMMY__ 0.4779259881581643 neg 0.3102134369225186 off 0.21186057491931698	false	0.0
frust	neg 1.0		__DUMMY__ 0.4767157819457474 neg 0.30514357593251884 off 0.21814064212173387	false	1.0
unerbittlichkeit	neg 1.0		__DUMMY__ 0.47472524141019484 neg 0.3098973640033306 off 0.21537739458647454	false	1.0
zwei			__DUMMY__ 0.48082322694356366 neg 0.3046225108302789 off 0.2145542622261574	false	0.0
unkorrekt	neg 1.0		__DUMMY__ 0.47110744037047575 neg 0.30306995317179525 off 0.22582260645772895	false	1.0
hexe	off 1.0		__DUMMY__ 0.47506455219990545 neg 0.29958517346443914 off 0.22535027433565546	false	0.5
lasch	neg 1.0		__DUMMY__ 0.4730362929403707 neg 0.3043059667104273 off 0.22265774034920185	false	1.0
rivale	neg 1.0		__DUMMY__ 0.47198862843769546 neg 0.2990276842297052 off 0.22898368733259936	false	1.0
mutlos	off 1.0	off 1.0	off 0.5926361504665164 __DUMMY__ 0.2307907185034336 neg 0.17657313103004982	false	1.0
wirr	off 1.0		__DUMMY__ 0.4711959679275362 neg 0.3012408206485717 off 0.22756321142389208	false	0.5
jahr			__DUMMY__ 0.47939695016531525 neg 0.3039970544094048 off 0.21660599542527992	false	0.0
wird			__DUMMY__ 0.47632776372684676 neg 0.30721426242965755 off 0.21645797384349566	false	0.0
strafbar	neg 1.0		__DUMMY__ 0.4734820471322514 neg 0.3110570852963308 off 0.21546086757141777	false	1.0
erosion	neg 1.0		__DUMMY__ 0.4773192880769606 neg 0.3005419744479235 off 0.22213873747511595	false	1.0
eingehen	neg 1.0		__DUMMY__ 0.4748916282635864 neg 0.30869278755857393 off 0.21641558417783957	false	1.0
faul	off 1.0		__DUMMY__ 0.47747844507857595 neg 0.29762958622100594 off 0.22489196870041797	false	0.5
provisorium	neg 1.0		__DUMMY__ 0.4810346480037609 neg 0.3100209653123166 off 0.2089443866839225	false	1.0
schmerzen	neg 1.0		__DUMMY__ 0.4773964192728788 neg 0.3037145816877775 off 0.21888899903934372	false	1.0
schrumpfen	neg 1.0		__DUMMY__ 0.47867237807444685 neg 0.30965427501531995 off 0.2116733469102331	false	1.0
geistlos	off 1.0		__DUMMY__ 0.46914350753594325 neg 0.3095806774824835 off 0.22127581498157325	false	0.5
fehlkauf	neg 1.0		__DUMMY__ 0.4739890798229597 neg 0.3031923208918303 off 0.22281859928521	false	1.0
frustrierend	neg 1.0	neg 1.0	neg 0.6410724662103379 __DUMMY__ 0.2320200428575916 off 0.12690749093207057	false	1.0
unzufrieden	neg 1.0		__DUMMY__ 0.47545247645973476 neg 0.3075579834577454 off 0.21698954008251986	false	1.0
verzweifeln	neg 1.0		__DUMMY__ 0.47649158843609074 neg 0.304324957509385 off 0.21918345405452422	false	1.0
verzweifelt	neg 1.0		__DUMMY__ 0.4753653495844663 neg 0.3037101651126064 off 0.22092448530292738	false	1.0
misstrauensantrag	neg 1.0		__DUMMY__ 0.47292369761214176 neg 0.30465011706936035 off 0.22242618531849792	false	1.0
abfallen	neg 1.0		__DUMMY__ 0.47939437355669867 neg 0.29899762260413526 off 0.22160800383916615	false	1.0
fucker	off 1.0		__DUMMY__ 0.47262655516681434 neg 0.2995203506591487 off 0.22785309417403687	false	0.5
ungezogen	neg 1.0		__DUMMY__ 0.47232646900359554 neg 0.29356312498516784 off 0.2341104060112367	false	1.0
irrsinnig	neg 1.0	neg 1.0	neg 0.6437536436090509 __DUMMY__ 0.2312419563788785 off 0.12500440001207058	false	1.0
unfassbar	neg 1.0		__DUMMY__ 0.4744779831373429 neg 0.3005995349641237 off 0.22492248189853348	false	1.0
hart	neg 1.0		__DUMMY__ 0.4730036397405606 neg 0.30212982477441086 off 0.2248665354850285	false	1.0
widerlich	off 1.0		__DUMMY__ 0.4730760290024325 neg 0.3013703750369039 off 0.2255535959606636	false	0.5
fatal	neg 1.0		__DUMMY__ 0.4743413649707088 neg 0.3028706109310137 off 0.22278802409827755	false	1.0
bruch	neg 1.0		__DUMMY__ 0.47407202726762854 neg 0.3130300157137842 off 0.2128979570185872	false	1.0
aushungern	neg 1.0		__DUMMY__ 0.4719340057021142 neg 0.30858793280107394 off 0.21947806149681187	false	1.0
anspannung	neg 1.0		__DUMMY__ 0.47930410004468654 neg 0.30745786069298603 off 0.21323803926232762	false	1.0
von			__DUMMY__ 0.47959988586824076 neg 0.3047308068039318 off 0.21566930732782752	false	0.0
kraftlos	neg 1.0		__DUMMY__ 0.47948080662597886 neg 0.3028201285133496 off 0.2176990648606715	false	1.0
vom			__DUMMY__ 0.4821565715588974 neg 0.3073015905880768 off 0.21054183785302572	false	0.0
grenzdebil	off 1.0		__DUMMY__ 0.4752626311598394 neg 0.29834051233814934 off 0.2263968565020113	false	0.5
vor			__DUMMY__ 0.4785606609456661 neg 0.30720983818413095 off 0.21422950087020284	false	0.0
unterwerfen	neg 1.0		__DUMMY__ 0.47486360628470003 neg 0.3090694973202923 off 0.2160668963950077	false	1.0
versenkung	neg 1.0		__DUMMY__ 0.4760876194164291 neg 0.30807273709011535 off 0.21583964349345577	false	1.0
entziehen	neg 1.0		__DUMMY__ 0.4760056017615687 neg 0.31055538111442255 off 0.2134390171240087	false	1.0
finanzkrise	neg 1.0		__DUMMY__ 0.47127847122095673 neg 0.3099058846063096 off 0.2188156441727336	false	1.0
schimpfend	neg 1.0		__DUMMY__ 0.48028216927042383 neg 0.29699584338113544 off 0.22272198734844065	false	1.0
profan	neg 1.0		__DUMMY__ 0.47523270231726467 neg 0.30284928818531975 off 0.22191800949741564	false	1.0
korruption	neg 1.0		__DUMMY__ 0.47176352507963176 neg 0.31132071136328016 off 0.21691576355708803	false	1.0
â			__DUMMY__ 0.47723561293397726 neg 0.3048186433148375 off 0.21794574375118522	false	0.0
schmutzig	neg 1.0		__DUMMY__ 0.4772218822005254 neg 0.29643084676206743 off 0.2263472710374072	false	1.0
sexy	neg 1.0		__DUMMY__ 0.4752674343103654 neg 0.30021716476948995 off 0.22451540092014455	false	1.0
abraten	neg 1.0		__DUMMY__ 0.47693703888983846 neg 0.30158627020440343 off 0.22147669090575803	false	1.0
schwarz	neg 1.0		__DUMMY__ 0.4747105573591047 neg 0.3033759710045123 off 0.2219134716363829	false	1.0
fotze	off 1.0		__DUMMY__ 0.4745080972559009 neg 0.30723475923870913 off 0.21825714350538986	false	0.5
verwirren	neg 1.0		__DUMMY__ 0.47530305427256897 neg 0.30181114150515154 off 0.2228858042222795	false	1.0
zahnlos	off 1.0		__DUMMY__ 0.47428201378120033 neg 0.3086756824340111 off 0.21704230378478861	false	0.5
verheeren	neg 1.0		__DUMMY__ 0.46903900412983335 neg 0.2953326310169531 off 0.23562836485321337	false	1.0
hippie	neg 1.0		__DUMMY__ 0.47486801128995737 neg 0.3009603575510356 off 0.22417163115900707	false	1.0
rammen	neg 1.0		__DUMMY__ 0.4760927660775777 neg 0.3007310448635823 off 0.22317618905884004	false	1.0
unlauter	neg 1.0	neg 1.0	neg 0.6431669005498427 __DUMMY__ 0.23067896545475178 off 0.1261541339954055	false	1.0
unheilvoll	neg 1.0		__DUMMY__ 0.4766862304119755 neg 0.3011025776474943 off 0.22221119194053018	false	1.0
niedrig	neg 1.0		__DUMMY__ 0.47541392018762774 neg 0.30759537994355823 off 0.2169906998688142	false	1.0
explosion	neg 1.0		__DUMMY__ 0.4760104727328106 neg 0.30010214609135166 off 0.22388738117583767	false	1.0
weichei	off 1.0		__DUMMY__ 0.4724048600285932 neg 0.29648915435238 off 0.2311059856190266	false	0.5
minusmensch	off 1.0		__DUMMY__ 0.46762054191463387 neg 0.29733841954290535 off 0.23504103854246083	false	0.5
farblos	neg 1.0		__DUMMY__ 0.4749700726928433 neg 0.3041208557610769 off 0.2209090715460799	false	1.0
unwissend	neg 1.0	neg 1.0	neg 0.6416518141362292 __DUMMY__ 0.23077849990557223 off 0.12756968595819868	false	1.0
traurig	neg 1.0		__DUMMY__ 0.47476203503214737 neg 0.29714867859693467 off 0.22808928637091788	false	1.0
senkung	neg 1.0		__DUMMY__ 0.47393204235389347 neg 0.3029298416559568 off 0.22313811599014985	false	1.0
ungleich	neg 1.0	neg 1.0	neg 0.6464770118103037 __DUMMY__ 0.23117673588322446 off 0.12234625230647196	false	1.0
heikel	neg 1.0		__DUMMY__ 0.47600338893437566 neg 0.30927629288077463 off 0.21472031818484966	false	1.0
drosselung	neg 1.0		__DUMMY__ 0.4753774550039165 neg 0.2958944792516809 off 0.22872806574440258	false	1.0
falsch	neg 1.0		__DUMMY__ 0.47472344875313227 neg 0.30146322801090136 off 0.22381332323596628	false	1.0
unzufriedenheit	neg 1.0		__DUMMY__ 0.475510087778366 neg 0.310064233926234 off 0.21442567829539996	false	1.0
kurz	neg 1.0		__DUMMY__ 0.47899331302938114 neg 0.30220575672856853 off 0.2188009302420504	false	1.0
unsinnig	neg 1.0		__DUMMY__ 0.4750670109740804 neg 0.30750756698423 off 0.21742542204168966	false	1.0
penner	off 1.0	off 1.0	off 0.6024154220087431 __DUMMY__ 0.23035082502712848 neg 0.16723375296412843	false	1.0
seicht	neg 1.0		__DUMMY__ 0.46951411461447307 neg 0.2974354750705275 off 0.23305041031499932	false	1.0
dummheit	off 1.0	off 1.0	off 0.5960580575862915 __DUMMY__ 0.23056265479317545 neg 0.17337928762053312	false	1.0
unerfreulich	neg 1.0		__DUMMY__ 0.47682739664857887 neg 0.30893561830187605 off 0.21423698504954525	false	1.0
motherfucker	off 1.0	off 1.0	off 0.5994798258737681 __DUMMY__ 0.23038804733951324 neg 0.17013212678671852	false	1.0
pikiert	neg 1.0		__DUMMY__ 0.473481941691693 neg 0.3022371963817825 off 0.2242808619265246	false	1.0
wrack	neg 1.0		__DUMMY__ 0.47798010437593547 neg 0.3036173959378957 off 0.21840249968616884	false	1.0
gangster	neg 1.0		__DUMMY__ 0.4749189667334211 neg 0.3018008041536576 off 0.22328022911292117	false	1.0
krank	neg 1.0		__DUMMY__ 0.4765120430279894 neg 0.2969363502197005 off 0.22655160675231012	false	1.0
reich	neg 1.0		__DUMMY__ 0.468147274707029 neg 0.30772088469875486 off 0.22413184059421606	false	1.0
gnadenlos	neg 1.0		__DUMMY__ 0.4754049987048356 neg 0.3037977522837868 off 0.22079724901137765	false	1.0
niedergeschlagen	neg 1.0		__DUMMY__ 0.4768227165166181 neg 0.30472811113807086 off 0.21844917234531094	false	1.0
terrorisieren	off 1.0	off 1.0	off 0.5928942847664118 __DUMMY__ 0.23256188708958117 neg 0.17454382814400707	false	1.0
sinnlosigkeit	neg 1.0		__DUMMY__ 0.47449979911248225 neg 0.30838709709020523 off 0.21711310379731255	false	1.0
behindern	neg 1.0		__DUMMY__ 0.4773989100328524 neg 0.3023366510260881 off 0.22026443894105957	false	1.0
undemokratisch	neg 1.0		__DUMMY__ 0.47076092259689034 neg 0.3088043317432413 off 0.22043474565986834	false	1.0
wirtschaftskrise	neg 1.0		__DUMMY__ 0.47304260320539593 neg 0.30977129760181515 off 0.21718609919278878	false	1.0
neid	neg 1.0		__DUMMY__ 0.4769203639742085 neg 0.29919801542985447 off 0.22388162059593705	false	1.0
rutschen	neg 1.0		__DUMMY__ 0.4831005638200637 neg 0.30338901023481585 off 0.2135104259451203	false	1.0
rezession	neg 1.0		__DUMMY__ 0.46952427927287377 neg 0.301434975645737 off 0.22904074508138925	false	1.0
fehlgeburt	neg 1.0		__DUMMY__ 0.4752338130387263 neg 0.304297825433048 off 0.22046836152822563	false	1.0
charakterschwach	off 1.0		__DUMMY__ 0.47330485071309525 neg 0.3012408405157787 off 0.22545430877112616	false	0.5
isolation	neg 1.0		__DUMMY__ 0.4751898779355805 neg 0.29925890568946695 off 0.22555121637495262	false	1.0
ablenkung	neg 1.0		__DUMMY__ 0.47707655089763956 neg 0.30250359799258975 off 0.2204198511097706	false	1.0
pech	neg 1.0		__DUMMY__ 0.4754067104740378 neg 0.30163024727360954 off 0.2229630422523527	false	1.0
vermeidung	neg 1.0		__DUMMY__ 0.4757977622066024 neg 0.2967396145369501 off 0.2274626232564476	false	1.0
dominieren	neg 1.0		__DUMMY__ 0.4756003637089278 neg 0.3057786665816702 off 0.21862096970940212	false	1.0
schwindlig	neg 1.0		__DUMMY__ 0.4778236626866692 neg 0.2988763143885096 off 0.22330002292482123	false	1.0
lutscher	neg 1.0		__DUMMY__ 0.4698752555840109 neg 0.29608323183414503 off 0.23404151258184402	false	1.0
pflicht	neg 1.0		__DUMMY__ 0.4756728276623066 neg 0.30986027466005023 off 0.21446689767764304	false	1.0
faschist	off 1.0		__DUMMY__ 0.470368407369722 neg 0.3082441122621398 off 0.22138748036813818	false	0.5
verschleudern	neg 1.0		__DUMMY__ 0.4735239951107226 neg 0.3098415584877873 off 0.21663444640148996	false	1.0
wenn			__DUMMY__ 0.4751453153442559 neg 0.300937253480558 off 0.22391743117518606	false	0.0
ehebruch	neg 1.0		__DUMMY__ 0.47397095726219457 neg 0.309745810475193 off 0.21628323226261237	false	1.0
spott	off 1.0		__DUMMY__ 0.47413866631754503 neg 0.31023625745789923 off 0.21562507622455565	false	0.5
trostlosigkeit	neg 1.0		__DUMMY__ 0.4724504637871131 neg 0.31374853283995346 off 0.2138010033729334	false	1.0
lutschen	neg 1.0		__DUMMY__ 0.4728732849146097 neg 0.30266779005791233 off 0.22445892502747786	false	1.0
undiszipliniert	neg 1.0		__DUMMY__ 0.4742199651361205 neg 0.2984979856719747 off 0.22728204919190476	false	1.0
kopfschmerz	neg 1.0		__DUMMY__ 0.4760321527135895 neg 0.30478844343392353 off 0.21917940385248694	false	1.0
unvorhergesehen	neg 1.0		__DUMMY__ 0.4796401061115065 neg 0.30168130769455653 off 0.21867858619393704	false	1.0
desinteressiert	neg 1.0		__DUMMY__ 0.47301073614333516 neg 0.3003338888182171 off 0.2266553750384477	false	1.0
armselig	off 1.0		__DUMMY__ 0.47210675224479925 neg 0.3003605867603019 off 0.22753266099489872	false	0.5
desaster	neg 1.0		__DUMMY__ 0.4743687137700024 neg 0.312961916262619 off 0.21266936996737856	false	1.0
tod	neg 1.0		__DUMMY__ 0.47292920697390584 neg 0.311405974898147 off 0.21566481812794705	false	1.0
herzlos	neg 1.0		__DUMMY__ 0.4743403583727951 neg 0.29688169084994864 off 0.2287779507772562	false	1.0
unwissenheit	neg 1.0		__DUMMY__ 0.4735464398971962 neg 0.3096302773229774 off 0.21682328277982643	false	1.0
widersinnig	neg 1.0		__DUMMY__ 0.47108588633423926 neg 0.31130444787394757 off 0.21760966579181307	false	1.0
bedenklich	neg 1.0		__DUMMY__ 0.47559597589393293 neg 0.3086708739221988 off 0.2157331501838684	false	1.0
beanstanden	neg 1.0		__DUMMY__ 0.47603237187556446 neg 0.3097927701153385 off 0.214174858009097	false	1.0
panisch	neg 1.0	neg 1.0	neg 0.639059937823426 __DUMMY__ 0.23436444894295372 off 0.1265756132336203	false	1.0
debil	off 1.0		__DUMMY__ 0.4770212636360221 neg 0.31157912224553835 off 0.21139961411843955	false	0.5
abstrich	neg 1.0		__DUMMY__ 0.47885859399754904 neg 0.30021987222475 off 0.220921533777701	false	1.0
primitiv	neg 1.0		__DUMMY__ 0.47282631146931947 neg 0.30106160672032894 off 0.22611208181035153	false	1.0
abschaum	off 1.0	off 1.0	off 0.5974964234675079 __DUMMY__ 0.23015974438484654 neg 0.17234383214764562	false	1.0
provozieren	neg 1.0		__DUMMY__ 0.4738294632767206 neg 0.30643294509535596 off 0.21973759162792342	false	1.0
tot	neg 1.0		__DUMMY__ 0.47442942151309747 neg 0.30700019997209965 off 0.21857037851480274	false	1.0
instabil	neg 1.0		__DUMMY__ 0.47035268763129323 neg 0.3013514788623477 off 0.22829583350635918	false	1.0
schwuchtel	off 1.0		__DUMMY__ 0.46684226904091514 neg 0.29406488574700806 off 0.23909284521207683	false	0.5
zerren	neg 1.0		__DUMMY__ 0.4770532327810096 neg 0.30450462194813144 off 0.21844214527085895	false	1.0
kinderficker	off 1.0		__DUMMY__ 0.4710592866603675 neg 0.2991190965361154 off 0.2298216168035171	false	0.5
gefahr	neg 1.0		__DUMMY__ 0.474488634116757 neg 0.3093832179766084 off 0.21612814790663448	false	1.0
rabiat	neg 1.0		__DUMMY__ 0.4755521893880666 neg 0.3046056795481808 off 0.21984213106375253	false	1.0
verlangsamung	neg 1.0		__DUMMY__ 0.46929819185804666 neg 0.29809728145782677 off 0.23260452668412646	false	1.0
ausgestorben	neg 1.0		__DUMMY__ 0.47667640808808537 neg 0.30487369614882603 off 0.21844989576308854	false	1.0
anklagen	neg 1.0		__DUMMY__ 0.47340251043436865 neg 0.30763077669034855 off 0.21896671287528266	false	1.0
trott	neg 1.0		__DUMMY__ 0.47658231555450004 neg 0.30321213952156933 off 0.22020554492393066	false	1.0
verminderung	neg 1.0		__DUMMY__ 0.47403793401226885 neg 0.2980510448091067 off 0.22791102117862433	false	1.0
nach			__DUMMY__ 0.48103328107246396 neg 0.30621361589829776 off 0.2127531030292383	false	0.0
rost	neg 1.0		__DUMMY__ 0.4713514547828189 neg 0.29512899611922916 off 0.23351954909795192	false	1.0
destruktiv	neg 1.0		__DUMMY__ 0.4731098901437666 neg 0.30862473982926886 off 0.21826537002696456	false	1.0
unzumutbarkeit	neg 1.0		__DUMMY__ 0.4752514471323061 neg 0.29733746757744106 off 0.2274110852902528	false	1.0
labil	off 1.0	off 1.0	off 0.5982619307071986 __DUMMY__ 0.23052676013766576 neg 0.17121130915513574	false	1.0
ziemlich	neg 1.0		__DUMMY__ 0.4749203115055958 neg 0.2993682186041097 off 0.2257114698902944	false	1.0
lachnummer	off 1.0		__DUMMY__ 0.4733916310260977 neg 0.3082191391191536 off 0.21838922985474857	false	0.5
oder			__DUMMY__ 0.47755364778184023 neg 0.3023057025501209 off 0.22014064966803898	false	0.0
verfall	neg 1.0		__DUMMY__ 0.4771012239721943 neg 0.31164129240304483 off 0.2112574836247608	false	1.0
ausgrenzung	neg 1.0		__DUMMY__ 0.47080317129170485 neg 0.30799361785206963 off 0.22120321085622552	false	1.0
unordnung	neg 1.0		__DUMMY__ 0.47152965783954925 neg 0.29905496338269083 off 0.2294153787777598	false	1.0
fehlverhalten	neg 1.0		__DUMMY__ 0.47438130940934986 neg 0.31020102395729343 off 0.21541766663335668	false	1.0
eine			__DUMMY__ 0.47782427013207873 neg 0.3078369157285049 off 0.21433881413941624	false	0.0
nille	neg 1.0		__DUMMY__ 0.4731887998229109 neg 0.30714909639528065 off 0.21966210378180848	false	1.0
qual	neg 1.0		__DUMMY__ 0.47634728149356287 neg 0.30357990071321955 off 0.2200728177932176	false	1.0
verschwenden	neg 1.0		__DUMMY__ 0.47607934396980006 neg 0.30799560946276455 off 0.21592504656743527	false	1.0
riesig	neg 1.0		__DUMMY__ 0.47620129387611565 neg 0.3046811901038721 off 0.21911751602001217	false	1.0
verurteilen	neg 1.0		__DUMMY__ 0.47322925316487735 neg 0.3097585991632496 off 0.21701214767187293	false	1.0
klischee	neg 1.0	neg 1.0	neg 0.6431884248155446 __DUMMY__ 0.23034112814349955 off 0.12647044704095586	false	1.0
diktatorisch	neg 1.0		__DUMMY__ 0.46935125806460215 neg 0.3107068159722162 off 0.21994192596318168	false	1.0
vorhersehbar	neg 1.0		__DUMMY__ 0.47245251577814307 neg 0.306297657882216 off 0.22124982633964077	false	1.0
sowie			__DUMMY__ 0.4699004906361805 neg 0.298956428966105 off 0.23114308039771447	false	0.0
stornieren	neg 1.0		__DUMMY__ 0.47728545889863744 neg 0.29941307643052356 off 0.22330146467083892	false	1.0
besteuerung	neg 1.0		__DUMMY__ 0.4738542597828739 neg 0.3050526689795805 off 0.22109307123754554	false	1.0
ungeschminkt	neg 1.0		__DUMMY__ 0.4737124933469929 neg 0.30022747268968114 off 0.2260600339633261	false	1.0
kritisch	neg 1.0		__DUMMY__ 0.47423508672579123 neg 0.3100651006277494 off 0.21569981264645938	false	1.0
schlamperei	off 1.0		__DUMMY__ 0.4742375924356768 neg 0.3092784275132598 off 0.21648398005106356	false	0.5
sucht	neg 1.0	neg 1.0	neg 0.6381346994126716 __DUMMY__ 0.234542912895195 off 0.12732238769213333	false	1.0
egoistisch	off 1.0		__DUMMY__ 0.47260481861764325 neg 0.2963982871613851 off 0.23099689422097164	false	0.5
ausbeuter	off 1.0		__DUMMY__ 0.4735529097624875 neg 0.31166089096779753 off 0.21478619926971496	false	0.5
arschgeburt	off 1.0		__DUMMY__ 0.46685520210011827 neg 0.2941917278038396 off 0.238953070096042	false	0.5
schubs	neg 1.0	neg 1.0	neg 0.6421901446238472 __DUMMY__ 0.2340377535574193 off 0.1237721018187336	false	1.0
unsolide	neg 1.0		__DUMMY__ 0.4678235284693324 neg 0.30887756706616076 off 0.2232989044645069	false	1.0
beschwerde	neg 1.0		__DUMMY__ 0.4742891740701011 neg 0.30837597929916727 off 0.2173348466307317	false	1.0
stocken	neg 1.0		__DUMMY__ 0.47640067180834117 neg 0.3062727168382369 off 0.217326611353422	false	1.0
isolieren	neg 1.0		__DUMMY__ 0.4777291916236303 neg 0.30245916124649913 off 0.21981164712987067	false	1.0
unheilbar	neg 1.0		__DUMMY__ 0.4745641677928865 neg 0.3051712278000436 off 0.22026460440706994	false	1.0
pisser	off 1.0		__DUMMY__ 0.47136608877490066 neg 0.30000888188271474 off 0.2286250293423846	false	0.5
löschen	neg 1.0		__DUMMY__ 0.47492433594578864 neg 0.3039172421732049 off 0.22115842188100654	false	1.0
durchfallen	neg 1.0		__DUMMY__ 0.47588718291088045 neg 0.3076989688712927 off 0.21641384821782692	false	1.0
wichser	off 1.0		__DUMMY__ 0.47059565933913344 neg 0.29385401990283744 off 0.23555032075802929	false	0.5
terror	neg 1.0		__DUMMY__ 0.47675383468343563 neg 0.2987736626709616 off 0.2244725026456027	false	1.0
krass	neg 1.0		__DUMMY__ 0.4733705209459398 neg 0.29771011235857103 off 0.22891936669548926	false	1.0
revolte	neg 1.0	neg 1.0	neg 0.6456683938458888 __DUMMY__ 0.22820102332205844 off 0.12613058283205267	false	1.0
besorgt	neg 1.0		__DUMMY__ 0.479852879151557 neg 0.30094077551454573 off 0.21920634533389716	false	1.0
nachlassen	neg 1.0		__DUMMY__ 0.4772127666240983 neg 0.30476808665091815 off 0.21801914672498346	false	1.0
alt	neg 1.0		__DUMMY__ 0.4793306503505332 neg 0.30406736354865255 off 0.21660198610081427	false	1.0
hundesohn	off 1.0		__DUMMY__ 0.4686172241616933 neg 0.29706669735409974 off 0.23431607848420685	false	0.5
als			__DUMMY__ 0.47735217521665096 neg 0.30500313005046675 off 0.2176446947328822	false	0.0
abschreckung	neg 1.0		__DUMMY__ 0.4751445803598559 neg 0.3106213474652879 off 0.21423407217485607	false	1.0
unqualifiziert	neg 1.0		__DUMMY__ 0.47313204045219276 neg 0.3049848115586533 off 0.22188314798915387	false	1.0
abgewichst	off 1.0		__DUMMY__ 0.4748534895184892 neg 0.306209639821129 off 0.21893687066038195	false	0.5
schwer	neg 1.0		__DUMMY__ 0.4765432340875944 neg 0.30403343536802474 off 0.21942333054438096	false	1.0
bedeutungslosigkeit	neg 1.0		__DUMMY__ 0.4744621335953191 neg 0.31082626947646147 off 0.21471159692821948	false	1.0
kapitulation	neg 1.0		__DUMMY__ 0.4708127452740944 neg 0.31311627623912114 off 0.21607097848678453	false	1.0
unscharf	neg 1.0		__DUMMY__ 0.4750528825138804 neg 0.3019864347254068 off 0.22296068276071276	false	1.0
schwinden	neg 1.0		__DUMMY__ 0.47618109915109974 neg 0.3082961041083458 off 0.21552279674055444	false	1.0
versklavung	neg 1.0	neg 1.0	neg 0.6456971295179097 __DUMMY__ 0.22928409415150408 off 0.12501877633058625	false	1.0
schlecht	neg 1.0		__DUMMY__ 0.47531988080118565 neg 0.29848678477693413 off 0.22619333442188033	false	1.0
verhasst	neg 1.0		__DUMMY__ 0.4732469758512156 neg 0.30711089963550875 off 0.21964212451327547	false	1.0
beschweren	neg 1.0		__DUMMY__ 0.4759955505266192 neg 0.30239560086279615 off 0.22160884861058466	false	1.0
scheiden	neg 1.0		__DUMMY__ 0.4761717838504118 neg 0.3045585810203696 off 0.21926963512921852	false	1.0
frustriert	neg 1.0		__DUMMY__ 0.47600841558349105 neg 0.3057236308875742 off 0.2182679535289348	false	1.0
schimmelig	neg 1.0		__DUMMY__ 0.4755082101465922 neg 0.3080822704316823 off 0.21640951942172537	false	1.0
fisch	neg 1.0	neg 1.0	neg 0.642015325929953 __DUMMY__ 0.23413958448332634 off 0.1238450895867206	false	1.0
schmuggel	neg 1.0		__DUMMY__ 0.47856685360610585 neg 0.30576274698711625 off 0.21567039940677787	false	1.0
auffallen	neg 1.0		__DUMMY__ 0.47553228977287226 neg 0.30244302167891096 off 0.22202468854821683	false	1.0
konkurrenz	neg 1.0		__DUMMY__ 0.4780683571295811 neg 0.3072698709981665 off 0.21466177187225235	false	1.0
teufelskreis	neg 1.0		__DUMMY__ 0.4748472471487769 neg 0.30689187939043305 off 0.21826087346079004	false	1.0
aufschreien	neg 1.0		__DUMMY__ 0.47352647647438467 neg 0.304975446410121 off 0.2214980771154942	false	1.0
schuldner	neg 1.0		__DUMMY__ 0.47387522421340306 neg 0.3104642862706481 off 0.21566048951594893	false	1.0
missgeburt	off 1.0	off 1.0	off 0.6016240543436459 __DUMMY__ 0.2292785933236622 neg 0.16909735233269194	false	1.0
arbeitslos	neg 1.0		__DUMMY__ 0.4748598879814822 neg 0.3079320732996217 off 0.2172080387188961	false	1.0
befallen	neg 1.0		__DUMMY__ 0.47177074573102 neg 0.3115097342565065 off 0.21671952001247335	false	1.0
miesepetrig	off 1.0		__DUMMY__ 0.4757985870571361 neg 0.29831196296308665 off 0.22588944997977717	false	0.5
alarmieren	neg 1.0		__DUMMY__ 0.4724575782496413 neg 0.3027621343401917 off 0.2247802874101669	false	1.0
ungeduscht	off 1.0		__DUMMY__ 0.4753456867648012 neg 0.30150085002632415 off 0.22315346320887458	false	0.5
knappheit	neg 1.0		__DUMMY__ 0.47498479175199376 neg 0.3072752929830363 off 0.21773991526496994	false	1.0
schlange	neg 1.0		__DUMMY__ 0.4773723860949264 neg 0.30090950085899115 off 0.2217181130460825	false	1.0
harsch	neg 1.0		__DUMMY__ 0.4741381376490185 neg 0.2933644773607799 off 0.23249738499020145	false	1.0
lang	neg 1.0		__DUMMY__ 0.4755356799595816 neg 0.3030792838137858 off 0.22138503622663255	false	1.0
ziellos	neg 1.0		__DUMMY__ 0.47672591508139095 neg 0.30625313188645753 off 0.21702095303215155	false	1.0
selbstverliebt	neg 1.0		__DUMMY__ 0.46761013049675954 neg 0.2963010818777759 off 0.23608878762546445	false	1.0
beseitigen	neg 1.0		__DUMMY__ 0.47809596500463475 neg 0.30003606334236566 off 0.2218679716529996	false	1.0
dumm	off 1.0		__DUMMY__ 0.471524992870652 neg 0.2969776028883169 off 0.23149740424103107	false	0.5
arbeitsloser	neg 1.0		__DUMMY__ 0.475279791705228 neg 0.3082951191200719 off 0.21642508917470007	false	1.0
blitzen	neg 1.0		__DUMMY__ 0.47402443167518105 neg 0.3022272401971695 off 0.22374832812764944	false	1.0
hilflos	neg 1.0		__DUMMY__ 0.476305550989429 neg 0.305751958970813 off 0.21794249003975802	false	1.0
eklig	off 1.0		__DUMMY__ 0.470543470921928 neg 0.2972252436523962 off 0.2322312854256758	false	0.5
begriff			__DUMMY__ 0.4751113287057131 neg 0.3067855548221331 off 0.21810311647215377	false	0.0
hungersnot	neg 1.0		__DUMMY__ 0.4704767283041414 neg 0.31100609425357456 off 0.21851717744228413	false	1.0
ungesetzlich	neg 1.0		__DUMMY__ 0.47015111548852856 neg 0.308247247988408 off 0.22160163652306347	false	1.0
verschwendung	neg 1.0		__DUMMY__ 0.4762127859154679 neg 0.30873254470417116 off 0.21505466938036086	false	1.0
schmerzvoll	neg 1.0		__DUMMY__ 0.4758706524084796 neg 0.3025953153894171 off 0.2215340322021033	false	1.0
vorzeitig	neg 1.0		__DUMMY__ 0.47489515377025077 neg 0.2991633538186869 off 0.22594149241106248	false	1.0
unvollkommenheit	neg 1.0		__DUMMY__ 0.4754555503601681 neg 0.3043965940683622 off 0.22014785557146954	false	1.0
intervenieren	neg 1.0		__DUMMY__ 0.4729937617062482 neg 0.3119190591218989 off 0.2150871791718529	false	1.0
banause	off 1.0		__DUMMY__ 0.46977695061315067 neg 0.2965730722951535 off 0.23364997709169566	false	0.5
rebell	neg 1.0		__DUMMY__ 0.4777054596961473 neg 0.3076777928961647 off 0.21461674740768788	false	1.0
unlogisch	neg 1.0		__DUMMY__ 0.47263448369553873 neg 0.29945417384354583 off 0.22791134246091535	false	1.0
leiden	neg 1.0	neg 1.0	neg 0.6408670784994808 __DUMMY__ 0.23638934998780922 off 0.12274357151271	false	1.0
abschaffung	neg 1.0		__DUMMY__ 0.47298569017328274 neg 0.30645389819866603 off 0.2205604116280512	false	1.0
sturz	neg 1.0		__DUMMY__ 0.47251156289115254 neg 0.3064758037045908 off 0.22101263340425648	false	1.0
verkleinerung	neg 1.0		__DUMMY__ 0.47132494609922726 neg 0.30511751798922193 off 0.22355753591155067	false	1.0
schmarotzer	off 1.0		__DUMMY__ 0.47372753411323665 neg 0.3098354671273528 off 0.2164369987594106	false	0.5
bestrafung	neg 1.0		__DUMMY__ 0.47441147551239266 neg 0.30473998398568125 off 0.22084854050192604	false	1.0
achtlos	neg 1.0		__DUMMY__ 0.4773288442553416 neg 0.30303830938219894 off 0.2196328463624594	false	1.0
ungeheuer	neg 1.0		__DUMMY__ 0.4744398768082488 neg 0.3035712239865369 off 0.22198889920521434	false	1.0
unaufrichtig	neg 1.0		__DUMMY__ 0.4710968750774399 neg 0.3066531112816891 off 0.222250013640871	false	1.0
groggy	neg 1.0		__DUMMY__ 0.474422179939908 neg 0.3018138540159737 off 0.22376396604411825	false	1.0
verletzlich	neg 1.0		__DUMMY__ 0.47393908374232274 neg 0.30002779915674493 off 0.2260331171009323	false	1.0
