unsolidarisch	neg 1.0		__DUMMY__ 0.9242845029888775 neg 0.04569763870477351 off 0.030017858306348975	false	1.0
nachteilig	neg 1.0		__DUMMY__ 0.9314839011026208 neg 0.041315022806351985 off 0.027201076091027253	false	1.0
skeptisch	neg 1.0		__DUMMY__ 0.9331061339950238 neg 0.04162408851211285 off 0.025269777492863306	false	1.0
schrecklich	neg 1.0		__DUMMY__ 0.9288877257980358 neg 0.03679612076302562 off 0.03431615343893859	false	1.0
schlapp	neg 1.0		__DUMMY__ 0.9329420572589204 neg 0.03610109195982974 off 0.030956850781249778	false	1.0
abfall	neg 1.0		__DUMMY__ 0.933531003092717 neg 0.0423000258743979 off 0.02416897103288512	false	1.0
widerspenstig	neg 1.0		__DUMMY__ 0.9342338956185392 neg 0.03773060709037722 off 0.02803549729108352	false	1.0
abrupt	neg 1.0		__DUMMY__ 0.9349184860160057 neg 0.03786154587901929 off 0.027219968104975047	false	1.0
unwirksam	neg 1.0		__DUMMY__ 0.9268910215359438 neg 0.04358839172145904 off 0.02952058674259709	false	1.0
angreifen	neg 1.0		__DUMMY__ 0.9312433094302668 neg 0.04229404387809639 off 0.026462646691636855	false	1.0
inkonsistent	neg 1.0		__DUMMY__ 0.929975175989442 neg 0.03995403574016932 off 0.030070788270388615	false	1.0
abrutschen	neg 1.0		__DUMMY__ 0.9345360626472604 neg 0.041272343714566326 off 0.024191593638173293	false	1.0
unsicher	neg 1.0		__DUMMY__ 0.9324432241481878 neg 0.03894619338696727 off 0.02861058246484489	false	1.0
bauernkind	off 1.0		__DUMMY__ 0.9248787104168676 neg 0.038586144863998174 off 0.036535144719134174	false	0.5
angreifer	neg 1.0		__DUMMY__ 0.9283459153231655 neg 0.040460951842611795 off 0.031193132834222728	false	1.0
trennen	neg 1.0		__DUMMY__ 0.9363641980561058 neg 0.03825510598189667 off 0.025380695961997487	false	1.0
schmutz	neg 1.0		__DUMMY__ 0.93661690738559 neg 0.031716994345522796 off 0.031666098268887305	false	1.0
inkonsistenz	neg 1.0	neg 1.0	neg 0.5065206325867022 __DUMMY__ 0.46521602110119686 off 0.028263346312100833	false	1.0
erschreckend	neg 1.0		__DUMMY__ 0.9307303273690879 neg 0.041234100524184775 off 0.028035572106727323	false	1.0
ertrinken	neg 1.0		__DUMMY__ 0.9343256535793462 neg 0.03929166891016612 off 0.026382677510487777	false	1.0
pickelface	off 1.0		__DUMMY__ 0.9300499009097465 neg 0.040454261784250045 off 0.02949583730600346	false	0.5
seiner			__DUMMY__ 0.9325173407010642 neg 0.04138283569690835 off 0.026099823602027478	false	0.0
lauch	neg 1.0		__DUMMY__ 0.9339202520073486 neg 0.04129184293767431 off 0.0247879050549771	false	1.0
unwichtig	neg 1.0		__DUMMY__ 0.9297993331468087 neg 0.03852800320757878 off 0.03167266364561257	false	1.0
steuerhinterziehung	neg 1.0		__DUMMY__ 0.9275583699527046 neg 0.04361369115005056 off 0.028827938897244956	false	1.0
schock	neg 1.0		__DUMMY__ 0.9349611271646605 neg 0.03782995141539732 off 0.02720892141994209	false	1.0
beule	neg 1.0		__DUMMY__ 0.9327277516592362 neg 0.03552159565691129 off 0.03175065268385248	false	1.0
vergelten	neg 1.0		__DUMMY__ 0.9265013920272789 neg 0.03775922452966482 off 0.035739383443056286	false	1.0
verdorbenheit	neg 1.0		__DUMMY__ 0.9347281930072592 neg 0.03628681884673449 off 0.02898498814600641	false	1.0
trauma	neg 1.0		__DUMMY__ 0.9310190657280482 neg 0.03908767089702686 off 0.02989326337492501	false	1.0
sinnlos	neg 1.0		__DUMMY__ 0.9308761788339754 neg 0.03900930387900626 off 0.03011451728701838	false	1.0
fettsack	off 1.0	off 1.0	off 0.502547024864879 __DUMMY__ 0.46304515768185694 neg 0.034407817453264204	false	1.0
feige	off 1.0		__DUMMY__ 0.9283032699666313 neg 0.04012092159962069 off 0.03157580843374806	false	0.5
abdanken	neg 1.0		__DUMMY__ 0.925317066579989 neg 0.045420359132263693 off 0.029262574287747367	false	1.0
wichtigtuer	off 1.0	off 1.0	off 0.49744268504494643 __DUMMY__ 0.46495156561511075 neg 0.03760574933994273	false	1.0
misslingen	neg 1.0		__DUMMY__ 0.9349512297409525 neg 0.03540545947541297 off 0.02964331078363463	false	1.0
untreu	off 1.0		__DUMMY__ 0.93005576963066 neg 0.037825922887550385 off 0.03211830748178961	false	0.5
missmutig	neg 1.0		__DUMMY__ 0.9324512728469843 neg 0.03665097849654466 off 0.030897748656471144	false	1.0
hurenbock	off 1.0		__DUMMY__ 0.9357984167411575 neg 0.03526221723552702 off 0.028939366023315493	false	0.5
betrunken	neg 1.0		__DUMMY__ 0.9314253862871285 neg 0.03591022064404144 off 0.03266439306883016	false	1.0
korrupt	off 1.0		__DUMMY__ 0.926750988006961 neg 0.04516382605531799 off 0.028085185937721052	false	0.5
unmut	neg 1.0		__DUMMY__ 0.9328904239660853 neg 0.04223123285033742 off 0.024878343183577248	false	1.0
hackfresse	off 1.0		__DUMMY__ 0.9275836525644867 off 0.036537753186778585 neg 0.03587859424873472	false	1.0
aufblasen	neg 1.0		__DUMMY__ 0.9335065450915696 neg 0.03727792841935048 off 0.02921552648908	false	1.0
gewaltsam	neg 1.0		__DUMMY__ 0.9280503696170573 neg 0.04211725777628649 off 0.02983237260665615	false	1.0
unbeliebtheit	neg 1.0		__DUMMY__ 0.9216874129659641 neg 0.04440121782329612 off 0.03391136921073972	false	1.0
sturheit	neg 1.0		__DUMMY__ 0.9286946993209237 neg 0.04289762671438778 off 0.02840767396468847	false	1.0
kuh	neg 1.0		__DUMMY__ 0.9297069046457531 neg 0.04099044737347377 off 0.029302647980773092	false	1.0
erschrecken	neg 1.0		__DUMMY__ 0.931948392097498 neg 0.03725323150419373 off 0.030798376398308205	false	1.0
opfer	neg 1.0	neg 1.0	neg 0.507715012485415 __DUMMY__ 0.4680873605345588 off 0.024197626980026195	false	1.0
sinken	neg 1.0		__DUMMY__ 0.9332779255715665 neg 0.04161176631800322 off 0.02511030811043035	false	1.0
stinktier	neg 1.0		__DUMMY__ 0.9270594191069197 neg 0.038425569236981615 off 0.03451501165609873	false	1.0
tucke	off 1.0		__DUMMY__ 0.9291649685210467 off 0.036483469675238085 neg 0.034351561803715173	false	1.0
ein			__DUMMY__ 0.9354651806230739 neg 0.03604572964811495 off 0.0284890897288111	false	0.0
abstieg	neg 1.0		__DUMMY__ 0.929614267624307 neg 0.04237798690401291 off 0.028007745471680112	false	1.0
missverstehen	neg 1.0		__DUMMY__ 0.9287017343055995 neg 0.041070405760510784 off 0.030227859933889725	false	1.0
ergebnislos	neg 1.0		__DUMMY__ 0.9310522369277883 neg 0.04134559366103096 off 0.027602169411180794	false	1.0
unter			__DUMMY__ 0.9393952211245621 neg 0.039231876838473644 off 0.02137290203696421	false	0.0
manipulieren	neg 1.0		__DUMMY__ 0.9314212300446095 neg 0.04228381819796473 off 0.026294951757425772	false	1.0
unbewiesen	neg 1.0		__DUMMY__ 0.9237283300985428 neg 0.04636314964044179 off 0.02990852026101546	false	1.0
verschleppen	neg 1.0		__DUMMY__ 0.9304080701733228 neg 0.042096057064434665 off 0.027495872762242433	false	1.0
weib	off 1.0		__DUMMY__ 0.9263736822628014 off 0.037390004159918666 neg 0.03623631357727986	false	1.0
opposition	neg 1.0		__DUMMY__ 0.92640170757372 neg 0.043456235368700045 off 0.030142057057580038	false	1.0
verkehrswidrig	neg 1.0		__DUMMY__ 0.9304610714397512 off 0.03492507954382774 neg 0.034613849016421096	false	0.5
inkorrekt	neg 1.0		__DUMMY__ 0.9247456774050047 neg 0.04240338768823325 off 0.03285093490676211	false	1.0
vermeiden	neg 1.0		__DUMMY__ 0.936638157248587 neg 0.0403321223223234 off 0.023029720429089608	false	1.0
abweichung	neg 1.0		__DUMMY__ 0.9266620586878607 neg 0.04554819587283041 off 0.02778974543930888	false	1.0
alkoholisiert	neg 1.0		__DUMMY__ 0.933710282855931 neg 0.03965073458787229 off 0.026638982556196646	false	1.0
scheiss	off 1.0	off 1.0	off 0.4993289578930512 __DUMMY__ 0.46687706600141593 neg 0.03379397610553289	false	1.0
herausforderung	neg 1.0		__DUMMY__ 0.9375615530718285 neg 0.03559087283207736 off 0.026847574096094146	false	1.0
pervers	off 1.0		__DUMMY__ 0.9258151813689961 off 0.039256511525460586 neg 0.03492830710554336	false	1.0
wackelig	neg 1.0		__DUMMY__ 0.9370531943043794 neg 0.036431016789048566 off 0.02651578890657201	false	1.0
verwickeln	neg 1.0		__DUMMY__ 0.9300677372426663 neg 0.03991008733614082 off 0.030022175421192916	false	1.0
vorwand	neg 1.0		__DUMMY__ 0.9317269956506916 neg 0.04284969967902492 off 0.02542330467028347	false	1.0
muschi	off 1.0		__DUMMY__ 0.929644810233103 neg 0.04109606047369125 off 0.029259129293205774	false	0.5
entmutigung	neg 1.0		__DUMMY__ 0.9212437590307799 neg 0.04726714227252458 off 0.03148909869669553	false	1.0
unangemessen	neg 1.0		__DUMMY__ 0.9287211180359656 neg 0.04366915850754897 off 0.02760972345648538	false	1.0
unstetig	neg 1.0		__DUMMY__ 0.9290080209421819 neg 0.03987658169075351 off 0.031115397367064514	false	1.0
entmutigen	neg 1.0		__DUMMY__ 0.9321050728211657 neg 0.03855613940084222 off 0.029338787777992162	false	1.0
schwanz	neg 1.0		__DUMMY__ 0.9323833312226946 neg 0.04021211455246755 off 0.027404554224837875	false	1.0
verbot	neg 1.0		__DUMMY__ 0.9278548747366235 neg 0.04376852096551613 off 0.028376604297860448	false	1.0
leid	neg 1.0		__DUMMY__ 0.928403474465931 neg 0.03630721901914617 off 0.0352893065149228	false	1.0
archaisch	neg 1.0		__DUMMY__ 0.9291760454684372 neg 0.043011116727354234 off 0.027812837804208557	false	1.0
gegen			__DUMMY__ 0.9309285252039128 neg 0.04312772339158721 off 0.025943751404499997	false	0.0
scheidung	neg 1.0	neg 1.0	neg 0.4969647923834607 __DUMMY__ 0.46240400800583087 off 0.04063119961070838	false	1.0
einschlag	neg 1.0		__DUMMY__ 0.9286554368610697 neg 0.03626328080154753 off 0.03508128233738279	false	1.0
m			__DUMMY__ 0.9334937897982536 neg 0.038841509013009756 off 0.027664701188736675	false	0.0
abgestanden	neg 1.0		__DUMMY__ 0.9337115051749236 neg 0.038475943002192106 off 0.027812551822884272	false	1.0
schmierig	off 1.0		__DUMMY__ 0.9298358690152585 neg 0.035669980687084386 off 0.0344941502976571	false	0.5
unpraktisch	neg 1.0		__DUMMY__ 0.934220995358898 neg 0.03680321894810129 off 0.02897578569300068	false	1.0
wixxer	off 1.0		__DUMMY__ 0.9240328225112775 off 0.03946214551739274 neg 0.0365050319713298	false	1.0
bezeichnet			__DUMMY__ 0.9294569060249731 neg 0.042007400617230545 off 0.028535693357796398	false	0.0
jammerlappen	off 1.0		__DUMMY__ 0.9302912279326946 neg 0.03809021125018712 off 0.031618560817118356	false	0.5
farce	neg 1.0		__DUMMY__ 0.9240975181907283 neg 0.04709491696025157 off 0.02880756484902014	false	1.0
zwecklos	neg 1.0		__DUMMY__ 0.9298316717569133 neg 0.042866341154665935 off 0.02730198708842077	false	1.0
turbulent	neg 1.0		__DUMMY__ 0.9282247680243126 neg 0.0376967658028781 off 0.0340784661728093	false	1.0
invasion	neg 1.0		__DUMMY__ 0.932330178457104 neg 0.036973786907620834 off 0.030696034635275142	false	1.0
schuld	neg 1.0		__DUMMY__ 0.9304888154942622 neg 0.040141464025150585 off 0.029369720480587225	false	1.0
risiko	neg 1.0		__DUMMY__ 0.934214920271831 neg 0.03504242222096208 off 0.03074265750720693	false	1.0
finster	neg 1.0		__DUMMY__ 0.9342488262642998 neg 0.03761051075191623 off 0.028140662983783902	false	1.0
geisteskrank	off 1.0		__DUMMY__ 0.9264534960733776 neg 0.04052321049120412 off 0.033023293435418384	false	0.5
zusammenbrechen	neg 1.0		__DUMMY__ 0.9331056723555193 neg 0.03915299302385041 off 0.027741334620630248	false	1.0
ausbeute	neg 1.0		__DUMMY__ 0.9355453778489614 neg 0.03809818849121005 off 0.026356433659828496	false	1.0
hinterhalt	neg 1.0		__DUMMY__ 0.9316033950997064 neg 0.03906526708158086 off 0.029331337818712836	false	1.0
kritik	neg 1.0		__DUMMY__ 0.9254990890465343 neg 0.045760348183094844 off 0.028740562770370886	false	1.0
einschrumpfen	neg 1.0		__DUMMY__ 0.9262766291300977 neg 0.04208988881971694 off 0.03163348205018534	false	1.0
riskant	neg 1.0		__DUMMY__ 0.9325497949942223 neg 0.041095193971 off 0.026355011034777685	false	1.0
frustrieren	neg 1.0		__DUMMY__ 0.9314502220020769 neg 0.04218941688135928 off 0.02636036111656372	false	1.0
groll	neg 1.0		__DUMMY__ 0.9303495845387367 neg 0.04222668177491968 off 0.027423733686343644	false	1.0
gibt			__DUMMY__ 0.931328396858309 neg 0.04103947616219596 off 0.027632126979495006	false	0.0
qualvoll	neg 1.0		__DUMMY__ 0.9324080822587079 neg 0.03764996806868313 off 0.029941949672608943	false	1.0
wackeln	neg 1.0		__DUMMY__ 0.9352922449095519 neg 0.03590909840135886 off 0.02879865668908932	false	1.0
klagen	neg 1.0		__DUMMY__ 0.9314146297880561 neg 0.04316056532278809 off 0.025424804889155755	false	1.0
bankrott	neg 1.0		__DUMMY__ 0.9318333019021362 neg 0.03662019833510952 off 0.03154649976275419	false	1.0
trauern	neg 1.0		__DUMMY__ 0.932982343152923 neg 0.040572476974868585 off 0.026445179872208385	false	1.0
ablehnung	neg 1.0	neg 1.0	neg 0.5109961105578126 __DUMMY__ 0.46297117212509786 off 0.026032717317089553	false	1.0
stur	neg 1.0		__DUMMY__ 0.9308542745421059 neg 0.03955617824525534 off 0.029589547212638737	false	1.0
aufruhr	neg 1.0		__DUMMY__ 0.9271246136608594 neg 0.043271945679743566 off 0.029603440659396997	false	1.0
melancholie	neg 1.0		__DUMMY__ 0.9353569349080364 neg 0.03805579880552957 off 0.026587266286434007	false	1.0
ist			__DUMMY__ 0.9301916977355003 neg 0.04015467163620865 off 0.029653630628291093	false	0.0
torheit	neg 1.0		__DUMMY__ 0.9249743964744236 neg 0.044815331126320856 off 0.030210272399255545	false	1.0
dreckskind	off 1.0		__DUMMY__ 0.9234081102063985 neg 0.04047688263340616 off 0.0361150071601954	false	0.5
umtauschen	neg 1.0		__DUMMY__ 0.9337345076885087 neg 0.038457449897445574 off 0.027808042414045695	false	1.0
zum			__DUMMY__ 0.9397421714877654 neg 0.03708281517510576 off 0.023175013337128784	false	0.0
zersetzen	neg 1.0		__DUMMY__ 0.9313295963734269 neg 0.04280396339678456 off 0.02586644022978847	false	1.0
zur			__DUMMY__ 0.9341111292347994 neg 0.04222845672556975 off 0.023660414039630828	false	0.0
frust	neg 1.0		__DUMMY__ 0.9323856178741528 neg 0.03993892657468813 off 0.027675455551159193	false	1.0
unerbittlichkeit	neg 1.0		__DUMMY__ 0.9305111491403973 neg 0.04297846677264878 off 0.02651038408695387	false	1.0
zwei			__DUMMY__ 0.9372074506861362 neg 0.03839854036882255 off 0.02439400894504117	false	0.0
unkorrekt	neg 1.0		__DUMMY__ 0.9265149673834996 neg 0.040372957548192236 off 0.033112075068308225	false	1.0
hexe	off 1.0		__DUMMY__ 0.9310394849368854 neg 0.03738926330302151 off 0.03157125176009307	false	0.5
lasch	neg 1.0		__DUMMY__ 0.9284660900521151 neg 0.04049524810916662 off 0.031038661838718305	false	1.0
rivale	neg 1.0		__DUMMY__ 0.9274125341245033 neg 0.037945418873393325 off 0.03464204700210329	false	1.0
mutlos	off 1.0	off 1.0	off 0.494760252453481 __DUMMY__ 0.46519097654993735 neg 0.04004877099658162	false	1.0
wirr	off 1.0		__DUMMY__ 0.9265038800937162 neg 0.039506836077177816 off 0.03398928382910602	false	0.5
jahr			__DUMMY__ 0.9356738330086578 neg 0.03845458101992744 off 0.02587158597141469	false	0.0
wird			__DUMMY__ 0.9320075171905275 neg 0.041355539674336826 off 0.02663694313513563	false	0.0
strafbar	neg 1.0		__DUMMY__ 0.929070923679839 neg 0.04406936752633442 off 0.026859708793826587	false	1.0
erosion	neg 1.0		__DUMMY__ 0.9334124537441407 neg 0.037040321330452514 off 0.029547224925406755	false	1.0
eingehen	neg 1.0		__DUMMY__ 0.930362573446541 neg 0.042526005479358094 off 0.0271114210741008	false	1.0
faul	off 1.0		__DUMMY__ 0.9336968486698705 neg 0.03541192449030029 off 0.030891226839829262	false	0.5
provisorium	neg 1.0		__DUMMY__ 0.9376214723140228 neg 0.04137270678177437 off 0.021005820904202735	false	1.0
schmerzen	neg 1.0		__DUMMY__ 0.9334811089994997 neg 0.039201004898638286 off 0.02731788610186198	false	1.0
schrumpfen	neg 1.0		__DUMMY__ 0.9351024492072743 neg 0.04153743642823853 off 0.023360114364487306	false	1.0
geistlos	off 1.0		__DUMMY__ 0.9239625953059658 neg 0.044759679670269344 off 0.031277725023764774	false	0.5
fehlkauf	neg 1.0		__DUMMY__ 0.9297298896134051 neg 0.03952591622097257 off 0.030744194165622327	false	1.0
frustrierend	neg 1.0	neg 1.0	neg 0.5047138299643457 __DUMMY__ 0.46718798384639 off 0.028098186189264452	false	1.0
unzufrieden	neg 1.0		__DUMMY__ 0.9310465951794954 neg 0.04167232864331708 off 0.027281076177187516	false	1.0
verzweifeln	neg 1.0		__DUMMY__ 0.9322006725285343 neg 0.039532745777854206 off 0.028266581693611497	false	1.0
verzweifelt	neg 1.0		__DUMMY__ 0.9308690418490384 neg 0.039651468678366525 off 0.029479489472594985	false	1.0
misstrauensantrag	neg 1.0		__DUMMY__ 0.9282872870856324 neg 0.041101875566016785 off 0.03061083734835087	false	1.0
abfallen	neg 1.0		__DUMMY__ 0.9357672183687338 neg 0.03561682467033744 off 0.028615956960928807	false	1.0
fucker	off 1.0		__DUMMY__ 0.9278395615284916 neg 0.038057369857851006 off 0.03410306861365749	false	0.5
ungezogen	neg 1.0		__DUMMY__ 0.927829363663595 off 0.03744910813661485 neg 0.03472152819979014	false	0.5
irrsinnig	neg 1.0	neg 1.0	neg 0.507656545853955 __DUMMY__ 0.46569444552301464 off 0.026649008623030226	false	1.0
unfassbar	neg 1.0		__DUMMY__ 0.9299572471654183 neg 0.03815010123087058 off 0.031892651603711145	false	1.0
hart	neg 1.0		__DUMMY__ 0.9289374042947038 neg 0.03927952267778932 off 0.03178307302750694	false	1.0
widerlich	off 1.0		__DUMMY__ 0.9284891511360049 neg 0.03892902564230455 off 0.03258182322169054	false	0.5
fatal	neg 1.0		__DUMMY__ 0.9299559106700153 neg 0.039338680152016664 off 0.030705409177968056	false	1.0
bruch	neg 1.0		__DUMMY__ 0.9296574732948135 neg 0.04509709905181003 off 0.025245427653376454	false	1.0
aushungern	neg 1.0		__DUMMY__ 0.9273864057902341 neg 0.04289886225039288 off 0.029714731959373075	false	1.0
anspannung	neg 1.0		__DUMMY__ 0.9355482137351212 neg 0.04032160319013845 off 0.02413018307474033	false	1.0
von			__DUMMY__ 0.9360940063337243 neg 0.038610593012173754 off 0.025295400654101907	false	0.0
kraftlos	neg 1.0		__DUMMY__ 0.9358212998907479 neg 0.037639720753281355 off 0.026538979355970785	false	1.0
vom			__DUMMY__ 0.938897703796864 neg 0.03946412204820358 off 0.021638174154932462	false	0.0
grenzdebil	off 1.0		__DUMMY__ 0.9309777533855048 neg 0.036500676718437125 off 0.032521569896058006	false	0.5
vor			__DUMMY__ 0.9346570353843509 neg 0.0404648495114872 off 0.024878115104161876	false	0.0
unterwerfen	neg 1.0		__DUMMY__ 0.9307279558659151 neg 0.04242443108794178 off 0.026847613046143075	false	1.0
versenkung	neg 1.0		__DUMMY__ 0.9317869206728698 neg 0.04167095145125724 off 0.02654212787587289	false	1.0
entziehen	neg 1.0		__DUMMY__ 0.9319077981539126 neg 0.043024857334323194 off 0.025067344511764313	false	1.0
finanzkrise	neg 1.0		__DUMMY__ 0.9266197098361432 neg 0.04432036829233364 off 0.02905992187152315	false	1.0
schimpfend	neg 1.0		__DUMMY__ 0.9370054780375447 neg 0.03407645723483645 off 0.02891806472761879	false	1.0
profan	neg 1.0		__DUMMY__ 0.9308184334280426 neg 0.03920496879332221 off 0.029976597778635164	false	1.0
korruption	neg 1.0		__DUMMY__ 0.9272515776309957 neg 0.04471961259468439 off 0.028028809774319964	false	1.0
â			__DUMMY__ 0.9333686214206338 neg 0.03956049887821204 off 0.02707087970115412	false	0.0
schmutzig	neg 1.0		__DUMMY__ 0.9332612917380411 neg 0.034735614362522114 off 0.032003093899436785	false	1.0
sexy	neg 1.0		__DUMMY__ 0.930993850895849 neg 0.03755784137939521 off 0.0314483077247558	false	1.0
abraten	neg 1.0		__DUMMY__ 0.9328744172799505 neg 0.03786472578815534 off 0.02926085693189421	false	1.0
schwarz	neg 1.0		__DUMMY__ 0.9304013465360123 neg 0.03953707603812256 off 0.030061577425865172	false	1.0
fotze	off 1.0		__DUMMY__ 0.9303686967077706 neg 0.041661061423287626 off 0.02797024186894186	false	0.5
verwirren	neg 1.0		__DUMMY__ 0.9308935862756466 neg 0.038509453989643054 off 0.03059695973471043	false	1.0
zahnlos	off 1.0		__DUMMY__ 0.929797614571277 neg 0.04261443536255524 off 0.02758795006616779	false	0.5
verheeren	neg 1.0		__DUMMY__ 0.9238633228207243 off 0.03934636530743093 neg 0.03679031187184475	false	0.5
hippie	neg 1.0		__DUMMY__ 0.9305385498123601 neg 0.03807146307548154 off 0.03138998711215839	false	1.0
rammen	neg 1.0		__DUMMY__ 0.9321833576093557 neg 0.03769053743590123 off 0.030126104954743067	false	1.0
unlauter	neg 1.0	neg 1.0	neg 0.5069887641439583 __DUMMY__ 0.4651351955957056 off 0.02787604026033616	false	1.0
unheilvoll	neg 1.0		__DUMMY__ 0.9328312715588088 neg 0.0376351986240355 off 0.029533529817155627	false	1.0
niedrig	neg 1.0		__DUMMY__ 0.9313837374909472 neg 0.041709321145467215 off 0.026906941363585617	false	1.0
explosion	neg 1.0		__DUMMY__ 0.9319820597574773 neg 0.037151754814030956 off 0.03086618542849186	false	1.0
weichei	off 1.0		__DUMMY__ 0.9277178231492441 neg 0.03655660899063592 off 0.03572556786011999	false	0.5
minusmensch	off 1.0		__DUMMY__ 0.9223453246536103 off 0.03943524799717197 neg 0.03821942734921766	false	1.0
farblos	neg 1.0		__DUMMY__ 0.9313423275517995 neg 0.03972814105336587 off 0.028929531394834642	false	1.0
unwissend	neg 1.0	neg 1.0	neg 0.5059136968534609 __DUMMY__ 0.4649836339660524 off 0.029102669180486734	false	1.0
traurig	neg 1.0		__DUMMY__ 0.9304222607421013 neg 0.03598960509425794 off 0.033588134163640794	false	1.0
senkung	neg 1.0		__DUMMY__ 0.9296666019217047 neg 0.03958225476816983 off 0.030751143310125514	false	1.0
ungleich	neg 1.0	neg 1.0	neg 0.5098550446578598 __DUMMY__ 0.46585842405455025 off 0.024286531287589865	false	1.0
heikel	neg 1.0		__DUMMY__ 0.9318827755954692 neg 0.042368072739923886 off 0.025749151664606982	false	1.0
drosselung	neg 1.0		__DUMMY__ 0.9314861805325385 neg 0.0348810673927998 off 0.03363275207466167	false	1.0
falsch	neg 1.0		__DUMMY__ 0.9303539983159815 neg 0.03845660825132601 off 0.031189393432692388	false	1.0
unzufriedenheit	neg 1.0		__DUMMY__ 0.9313659948465944 neg 0.04285128238075255 off 0.025782722772653068	false	1.0
kurz	neg 1.0		__DUMMY__ 0.9351287508246687 neg 0.037652912769692376 off 0.02721833640563892	false	1.0
unsinnig	neg 1.0		__DUMMY__ 0.9307640676874174 neg 0.04169468100028531 off 0.027541251312297326	false	1.0
penner	off 1.0	off 1.0	off 0.5036816132767846 __DUMMY__ 0.4642061495508441 neg 0.03211223717237118	false	1.0
seicht	neg 1.0		__DUMMY__ 0.9244149726912875 off 0.03779432425039574 neg 0.03779070305831682	false	0.5
dummheit	off 1.0	off 1.0	off 0.4978707493769605 __DUMMY__ 0.46464160456276077 neg 0.037487646060278705	false	1.0
unerfreulich	neg 1.0		__DUMMY__ 0.9327346800020068 neg 0.042034891697439056 off 0.025230428300554223	false	1.0
motherfucker	off 1.0	off 1.0	off 0.5011302518135851 __DUMMY__ 0.46429284858062 neg 0.03457689960579504	false	1.0
pikiert	neg 1.0		__DUMMY__ 0.9290247718489321 neg 0.039252274234952526 off 0.03172295391611538	false	1.0
wrack	neg 1.0		__DUMMY__ 0.9346578444725578 neg 0.03837488298627837 off 0.02696727254116384	false	1.0
gangster	neg 1.0		__DUMMY__ 0.9306278731061832 neg 0.03859626345834996 off 0.030775863435466712	false	1.0
krank	neg 1.0		__DUMMY__ 0.9324876622225629 neg 0.035365090560198244 off 0.03214724721723892	false	1.0
reich	neg 1.0		__DUMMY__ 0.9227972593000023 neg 0.044476820206195686 off 0.032725920493802026	false	1.0
gnadenlos	neg 1.0		__DUMMY__ 0.930975992477722 neg 0.039561469266626244 off 0.029462538255651805	false	1.0
niedergeschlagen	neg 1.0		__DUMMY__ 0.9327068355160937 neg 0.03969748202945359 off 0.027595682454452677	false	1.0
terrorisieren	off 1.0	off 1.0	off 0.49433005526217877 __DUMMY__ 0.4684635714465437 neg 0.03720637329127751	false	1.0
sinnlosigkeit	neg 1.0		__DUMMY__ 0.9299981867278936 neg 0.04246594614330228 off 0.027535867128804098	false	1.0
behindern	neg 1.0		__DUMMY__ 0.9336086437620439 neg 0.038003515572754845 off 0.028387840665201267	false	1.0
undemokratisch	neg 1.0		__DUMMY__ 0.9260440404870287 neg 0.04355552128650268 off 0.030400438226468714	false	1.0
wirtschaftskrise	neg 1.0		__DUMMY__ 0.928729205809568 neg 0.04345372744829886 off 0.027817066742133165	false	1.0
neid	neg 1.0		__DUMMY__ 0.933027473236941 neg 0.036434892021211085 off 0.030537634741847928	false	1.0
rutschen	neg 1.0		__DUMMY__ 0.939968685007243 neg 0.0368756442722048 off 0.023155670720552298	false	1.0
rezession	neg 1.0		__DUMMY__ 0.9243434462183483 neg 0.04025949272654959 off 0.035397061055102125	false	1.0
fehlgeburt	neg 1.0		__DUMMY__ 0.9314099784899291 neg 0.03980913732918492 off 0.028780884180885983	false	1.0
charakterschwach	off 1.0		__DUMMY__ 0.9288665093269853 neg 0.03857616456537 off 0.03255732610764475	false	0.5
isolation	neg 1.0		__DUMMY__ 0.930910670893805 neg 0.03707785175313752 off 0.03201147735305748	false	1.0
ablenkung	neg 1.0		__DUMMY__ 0.9328944686922885 neg 0.038345360022573494 off 0.028760171285137973	false	1.0
pech	neg 1.0		__DUMMY__ 0.931242183024922 neg 0.03864498958721628 off 0.030112827387861738	false	1.0
vermeidung	neg 1.0		__DUMMY__ 0.9317574895707388 neg 0.03542041545189022 off 0.032822094977370965	false	1.0
dominieren	neg 1.0		__DUMMY__ 0.93148813038523 neg 0.040493730348724444 off 0.028018139266045468	false	1.0
schwindlig	neg 1.0		__DUMMY__ 0.9340782184518414 neg 0.03612379195006132 off 0.02979798959809726	false	1.0
lutscher	neg 1.0		__DUMMY__ 0.9250015838945256 off 0.03796211823674756 neg 0.037036297868726795	false	0.5
pflicht	neg 1.0		__DUMMY__ 0.9313665426477821 neg 0.042797223178916155 off 0.025836234173301685	false	1.0
faschist	off 1.0		__DUMMY__ 0.9256655531112169 neg 0.04332857661275034 off 0.03100587027603279	false	0.5
verschleudern	neg 1.0		__DUMMY__ 0.9291172458413858 neg 0.04349014076740254 off 0.02739261339121164	false	1.0
wenn			__DUMMY__ 0.9306891807497408 neg 0.03812923940006925 off 0.031181579850189853	false	0.0
ehebruch	neg 1.0		__DUMMY__ 0.9297545614266565 neg 0.04303591080595787 off 0.027209527767385593	false	1.0
spott	off 1.0		__DUMMY__ 0.9299287012373015 neg 0.04328218126782211 off 0.026789117494876353	false	0.5
trostlosigkeit	neg 1.0		__DUMMY__ 0.9276892126392132 neg 0.04624041508714964 off 0.026070372273637128	false	1.0
lutschen	neg 1.0		__DUMMY__ 0.9286099393829687 neg 0.03952441007689447 off 0.03186565054013694	false	1.0
undiszipliniert	neg 1.0		__DUMMY__ 0.929869273399562 neg 0.036954418558199295 off 0.0331763080422387	false	1.0
kopfschmerz	neg 1.0		__DUMMY__ 0.9317855137819415 neg 0.040311560811974526 off 0.027902925406084036	false	1.0
unvorhergesehen	neg 1.0		__DUMMY__ 0.936032636946421 neg 0.03707877658433349 off 0.02688858646924548	false	1.0
desinteressiert	neg 1.0		__DUMMY__ 0.9283843894042801 neg 0.038420231724415464 off 0.0331953788713044	false	1.0
armselig	off 1.0		__DUMMY__ 0.9273602475462311 neg 0.03862281118570501 off 0.03401694126806378	false	0.5
desaster	neg 1.0		__DUMMY__ 0.9300526928161006 neg 0.0449089501101497 off 0.02503835707374972	false	1.0
tod	neg 1.0		__DUMMY__ 0.9285221009134291 neg 0.04486100869437355 off 0.026616890392197255	false	1.0
herzlos	neg 1.0		__DUMMY__ 0.9299679068241463 neg 0.03589545831314714 off 0.03413663486270652	false	1.0
unwissenheit	neg 1.0		__DUMMY__ 0.929125386257061 neg 0.043283428866057586 off 0.027591184876881388	false	1.0
widersinnig	neg 1.0		__DUMMY__ 0.9263129690915957 neg 0.04498681930927389 off 0.02870021159913049	false	1.0
bedenklich	neg 1.0		__DUMMY__ 0.9313970672398181 neg 0.042165033877077734 off 0.02643789888310418	false	1.0
beanstanden	neg 1.0		__DUMMY__ 0.9319749475845357 neg 0.04252901672328896 off 0.02549603569217524	false	1.0
panisch	neg 1.0	neg 1.0	neg 0.5016178241906687 __DUMMY__ 0.471690245054596 off 0.026691930754735246	false	1.0
debil	off 1.0		__DUMMY__ 0.9332940201086025 neg 0.04345221683185599 off 0.023253763059541497	false	0.5
abstrich	neg 1.0		__DUMMY__ 0.9360295355634296 neg 0.03628472307503775 off 0.02768574136153256	false	1.0
primitiv	neg 1.0		__DUMMY__ 0.9282525760655971 neg 0.03875259147727631 off 0.03299483245712661	false	1.0
abschaum	off 1.0	off 1.0	off 0.49940592173981924 __DUMMY__ 0.4640044493632588 neg 0.03658962889692202	false	1.0
provozieren	neg 1.0		__DUMMY__ 0.9292657567777273 neg 0.041566899638624914 off 0.029167343583647753	false	1.0
tot	neg 1.0		__DUMMY__ 0.9304332638825835 neg 0.04179516159548588 off 0.027771574521930652	false	1.0
instabil	neg 1.0		__DUMMY__ 0.9253677087000645 neg 0.03988381893323732 off 0.03474847236669818	false	1.0
schwuchtel	off 1.0		__DUMMY__ 0.9213571191262778 off 0.04188602260675652 neg 0.0367568582669657	false	1.0
zerren	neg 1.0		__DUMMY__ 0.9329018192003662 neg 0.039439781062503385 off 0.02765839973713037	false	1.0
kinderficker	off 1.0		__DUMMY__ 0.9265129067084378 neg 0.03793440109413501 off 0.03555269219742724	false	0.5
gefahr	neg 1.0		__DUMMY__ 0.930253562042836 neg 0.04270483973285457 off 0.027041598224309384	false	1.0
rabiat	neg 1.0		__DUMMY__ 0.9311620794903592 neg 0.03999123070936923 off 0.028846689800271462	false	1.0
verlangsamung	neg 1.0		__DUMMY__ 0.9242197943144603 neg 0.03824852070905577 off 0.03753168497648394	false	1.0
ausgestorben	neg 1.0		__DUMMY__ 0.9324944069690387 neg 0.039800784279697646 off 0.02770480875126362	false	1.0
anklagen	neg 1.0		__DUMMY__ 0.929221289762619 neg 0.04195403047624661 off 0.028824679761134484	false	1.0
trott	neg 1.0		__DUMMY__ 0.9325526930236586 neg 0.03887498810888995 off 0.028572318867451495	false	1.0
verminderung	neg 1.0		__DUMMY__ 0.9296026094497818 neg 0.03687158649305876 off 0.033525804057159436	false	1.0
nach			__DUMMY__ 0.9375678524926062 neg 0.03912266095541005 off 0.023309486551983633	false	0.0
rost	neg 1.0		__DUMMY__ 0.9270143959146547 off 0.03743967826859365 neg 0.035545925816751686	false	0.5
destruktiv	neg 1.0		__DUMMY__ 0.9285873204221484 neg 0.04293038781007533 off 0.028482291767776224	false	1.0
unzumutbarkeit	neg 1.0		__DUMMY__ 0.9313123055801631 neg 0.03569299848836747 off 0.03299469593146946	false	1.0
labil	off 1.0	off 1.0	off 0.4999943863597769 __DUMMY__ 0.4645443522468314 neg 0.03546126139339168	false	1.0
ziemlich	neg 1.0		__DUMMY__ 0.9304624385001806 neg 0.03730586249550442 off 0.03223169900431494	false	1.0
lachnummer	off 1.0		__DUMMY__ 0.9288036184296731 neg 0.04259248930605565 off 0.028603892264271312	false	0.5
oder			__DUMMY__ 0.9334701970122319 neg 0.03820727869972424 off 0.028322524288043896	false	0.0
verfall	neg 1.0		__DUMMY__ 0.9333810096777685 neg 0.043170540059309405 off 0.023448450262922062	false	1.0
ausgrenzung	neg 1.0		__DUMMY__ 0.9261554663248024 neg 0.04304054629826969 off 0.030803987376927952	false	1.0
unordnung	neg 1.0		__DUMMY__ 0.9271735037722885 neg 0.03791716907311951 off 0.0349093271545921	false	1.0
fehlverhalten	neg 1.0		__DUMMY__ 0.9301134775981502 neg 0.04321157626817245 off 0.026674946133677303	false	1.0
eine			__DUMMY__ 0.9337301506224 neg 0.04121059181915648 off 0.025059257558443574	false	0.0
nille	neg 1.0		__DUMMY__ 0.9286821590039888 neg 0.04208769635176681 off 0.029230144644244473	false	1.0
qual	neg 1.0		__DUMMY__ 0.9322920354509295 neg 0.03912598506499307 off 0.028581979484077442	false	1.0
verschwenden	neg 1.0		__DUMMY__ 0.9317458197034485 neg 0.041877613034682314 off 0.026376567261869124	false	1.0
riesig	neg 1.0		__DUMMY__ 0.9325487454031267 neg 0.03953038229768396 off 0.027920872299189284	false	1.0
verurteilen	neg 1.0		__DUMMY__ 0.9288677002653953 neg 0.043295170892752005 off 0.02783712884185268	false	1.0
klischee	neg 1.0	neg 1.0	neg 0.5075871534346884 __DUMMY__ 0.4640629493510243 off 0.02834989721428724	false	1.0
diktatorisch	neg 1.0		__DUMMY__ 0.9244153680816799 neg 0.04511023266162215 off 0.030474399256697902	false	1.0
vorhersehbar	neg 1.0		__DUMMY__ 0.9276042540046049 neg 0.042029857651709204 off 0.030365888343685976	false	1.0
sowie			__DUMMY__ 0.924858765306553 neg 0.03862112543181037 off 0.036520109261636666	false	0.0
stornieren	neg 1.0		__DUMMY__ 0.9335582772379655 neg 0.03627418863957344 off 0.03016753412246114	false	1.0
besteuerung	neg 1.0		__DUMMY__ 0.9296183657860162 neg 0.04081428908910652 off 0.02956734512487724	false	1.0
ungeschminkt	neg 1.0		__DUMMY__ 0.9295644076021272 neg 0.03820002903991341 off 0.0322355633579594	false	1.0
kritisch	neg 1.0		__DUMMY__ 0.92985196165753 neg 0.04332739054074436 off 0.026820647801725595	false	1.0
schlamperei	off 1.0		__DUMMY__ 0.9301485678560621 neg 0.04261859283396794 off 0.027232839309969913	false	0.5
sucht	neg 1.0	neg 1.0	neg 0.5001206194398332 __DUMMY__ 0.4727360878381674 off 0.027143292721999335	false	1.0
egoistisch	off 1.0		__DUMMY__ 0.9280575173437535 neg 0.036137639970464285 off 0.03580484268578212	false	0.5
ausbeuter	off 1.0		__DUMMY__ 0.9291989606097788 neg 0.04433197265026589 off 0.026469066739955256	false	0.5
arschgeburt	off 1.0		__DUMMY__ 0.9214076552528103 off 0.041883017540680675 neg 0.03670932720650911	false	1.0
schubs	neg 1.0	neg 1.0	neg 0.5047077968069604 __DUMMY__ 0.4713739202541511 off 0.023918282938888428	false	1.0
unsolide	neg 1.0		__DUMMY__ 0.9224429930035156 neg 0.04476705017966239 off 0.03278995681682191	false	1.0
beschwerde	neg 1.0		__DUMMY__ 0.9301603052983831 neg 0.04216044018758038 off 0.027679254514036574	false	1.0
stocken	neg 1.0		__DUMMY__ 0.9324995263766482 neg 0.040379520941658816 off 0.027120952681692904	false	1.0
isolieren	neg 1.0		__DUMMY__ 0.9342328879466315 neg 0.03744945571065033 off 0.02831765634271814	false	1.0
unheilbar	neg 1.0		__DUMMY__ 0.9301731235687475 neg 0.040429358393108655 off 0.02939751803814386	false	1.0
pisser	off 1.0		__DUMMY__ 0.9268716671445827 neg 0.03851515661282544 off 0.034613176242591845	false	0.5
löschen	neg 1.0		__DUMMY__ 0.9306375784455507 neg 0.03975551310123465 off 0.029606908453214648	false	1.0
durchfallen	neg 1.0		__DUMMY__ 0.9316605758633804 neg 0.041575441768729515 off 0.02676398236789011	false	1.0
wichser	off 1.0		__DUMMY__ 0.925562191150201 off 0.038894043292964475 neg 0.03554376555683454	false	1.0
terror	neg 1.0		__DUMMY__ 0.9327441914808952 neg 0.03632217154951405 off 0.030933636969590866	false	1.0
krass	neg 1.0		__DUMMY__ 0.9290790334379534 neg 0.036870956734742916 off 0.03405000982730365	false	1.0
revolte	neg 1.0	neg 1.0	neg 0.5106763935837492 __DUMMY__ 0.46041557473198674 off 0.028908031684264097	false	1.0
besorgt	neg 1.0		__DUMMY__ 0.9363082569794818 neg 0.03627644350117888 off 0.027415299519339225	false	1.0
nachlassen	neg 1.0		__DUMMY__ 0.933326055433954 neg 0.039446916847179055 off 0.02722702771886701	false	1.0
alt	neg 1.0		__DUMMY__ 0.9364565288190971 neg 0.038280303911398285 off 0.025263167269504585	false	1.0
hundesohn	off 1.0		__DUMMY__ 0.9235438453705247 off 0.038794989753414666 neg 0.03766116487606067	false	1.0
als			__DUMMY__ 0.9332796506345399 neg 0.039605045418846 off 0.027115303946614138	false	0.0
abschreckung	neg 1.0		__DUMMY__ 0.9311508250494301 neg 0.04308451750092595 off 0.025764657449643916	false	1.0
unqualifiziert	neg 1.0		__DUMMY__ 0.9286629504221061 neg 0.040749636673697104 off 0.030587412904196774	false	1.0
abgewichst	off 1.0		__DUMMY__ 0.9306831628920125 neg 0.04103245951311416 off 0.028284377594873393	false	0.5
schwer	neg 1.0		__DUMMY__ 0.9322318929033776 neg 0.039425899036749604 off 0.028342208059872764	false	1.0
bedeutungslosigkeit	neg 1.0		__DUMMY__ 0.9301609691875593 neg 0.043619695343690174 off 0.026219335468750462	false	1.0
kapitulation	neg 1.0		__DUMMY__ 0.9260717720295613 neg 0.046077845502360056 off 0.027850382468078704	false	1.0
unscharf	neg 1.0		__DUMMY__ 0.9310755467019833 neg 0.0388488120991439 off 0.030075641198872783	false	1.0
schwinden	neg 1.0		__DUMMY__ 0.9321972271829647 neg 0.041621887676248456 off 0.026180885140786887	false	1.0
versklavung	neg 1.0	neg 1.0	neg 0.5100357568184454 __DUMMY__ 0.46250401172778366 off 0.027460231453770915	false	1.0
schlecht	neg 1.0		__DUMMY__ 0.9309135728096526 neg 0.03658526214913557 off 0.032501165041211866	false	1.0
verhasst	neg 1.0		__DUMMY__ 0.9286640443852521 neg 0.04210109838323242 off 0.029234857231515546	false	1.0
beschweren	neg 1.0		__DUMMY__ 0.931667361324243 neg 0.038601813046531167 off 0.029730825629225847	false	1.0
scheiden	neg 1.0		__DUMMY__ 0.9322127444267351 neg 0.03989518877569761 off 0.02789206679756726	false	1.0
frustriert	neg 1.0		__DUMMY__ 0.9316523813681418 neg 0.0405130274912681 off 0.027834591140590132	false	1.0
schimmelig	neg 1.0		__DUMMY__ 0.9318250496098116 neg 0.04218992687397461 off 0.02598502351621373	false	1.0
fisch	neg 1.0	neg 1.0	neg 0.5041933259407038 __DUMMY__ 0.47192612610446444 off 0.02388054795483183	false	1.0
schmuggel	neg 1.0		__DUMMY__ 0.9351314717564526 neg 0.039249534987979694 off 0.0256189932555677	false	1.0
auffallen	neg 1.0		__DUMMY__ 0.9311217635589228 neg 0.03884898143881879 off 0.030029255002258393	false	1.0
konkurrenz	neg 1.0		__DUMMY__ 0.9342480556623268 neg 0.04037730773793837 off 0.02537463659973488	false	1.0
teufelskreis	neg 1.0		__DUMMY__ 0.930321289829599 neg 0.0415544171350495 off 0.028124293035351404	false	1.0
aufschreien	neg 1.0		__DUMMY__ 0.9288938020930865 neg 0.04092369194289041 off 0.030182505964023183	false	1.0
schuldner	neg 1.0		__DUMMY__ 0.929677108133824 neg 0.04355060479562325 off 0.026772287070552753	false	1.0
missgeburt	off 1.0	off 1.0	off 0.5031920410837502 __DUMMY__ 0.46270109112691443 neg 0.03410686778933557	false	1.0
arbeitslos	neg 1.0		__DUMMY__ 0.9303721540234082 neg 0.04205782222459881 off 0.027570023751992908	false	1.0
befallen	neg 1.0		__DUMMY__ 0.9270256365561598 neg 0.0451986918577061 off 0.02777567158613418	false	1.0
miesepetrig	off 1.0		__DUMMY__ 0.9316937123152211 neg 0.036449552780374005 off 0.0318567349044048	false	0.5
alarmieren	neg 1.0		__DUMMY__ 0.9279821246367165 neg 0.039617754318895436 off 0.0324001210443881	false	1.0
ungeduscht	off 1.0		__DUMMY__ 0.9313703231553255 neg 0.03857352302704787 off 0.03005615381762658	false	0.5
knappheit	neg 1.0		__DUMMY__ 0.9309599367886752 neg 0.04139529592175084 off 0.02764476728957392	false	1.0
schlange	neg 1.0		__DUMMY__ 0.9332113138536591 neg 0.03747257561797912 off 0.02931611052836177	false	1.0
harsch	neg 1.0		__DUMMY__ 0.9296417403174881 off 0.036296331040345416 neg 0.0340619286421665	false	0.5
lang	neg 1.0		__DUMMY__ 0.9313228669393215 neg 0.039095251632702825 off 0.029581881427975618	false	1.0
ziellos	neg 1.0		__DUMMY__ 0.9323564263422353 neg 0.0407266277261467 off 0.026916945931618072	false	1.0
selbstverliebt	neg 1.0		__DUMMY__ 0.9221263910008314 off 0.03994937885979287 neg 0.03792423013937573	false	0.5
beseitigen	neg 1.0		__DUMMY__ 0.9346139379566043 neg 0.03610794585448363 off 0.029278116188912063	false	1.0
dumm	off 1.0		__DUMMY__ 0.9266832912536376 neg 0.03701038962003524 off 0.036306319126327154	false	0.5
arbeitsloser	neg 1.0		__DUMMY__ 0.9310709704168918 neg 0.04188500637218093 off 0.027044023210927307	false	1.0
blitzen	neg 1.0		__DUMMY__ 0.9297450435052819 neg 0.0389487287007505 off 0.03130622779396762	false	1.0
hilflos	neg 1.0		__DUMMY__ 0.9321285910195858 neg 0.04038856301253596 off 0.02748284596787823	false	1.0
eklig	off 1.0		__DUMMY__ 0.9255584522983821 neg 0.037609553034800625 off 0.036831994666817296	false	0.5
begriff			__DUMMY__ 0.9309516389125948 neg 0.0411493061013574 off 0.027899054986047802	false	0.0
hungersnot	neg 1.0		__DUMMY__ 0.9256184125481829 neg 0.04514951833926543 off 0.02923206911255177	false	1.0
ungesetzlich	neg 1.0		__DUMMY__ 0.9252199262197965 neg 0.043358448885639334 off 0.03142162489456414	false	1.0
verschwendung	neg 1.0		__DUMMY__ 0.9320643940889952 neg 0.04205524090414961 off 0.025880365006855127	false	1.0
schmerzvoll	neg 1.0		__DUMMY__ 0.9315292405077403 neg 0.038810355862911844 off 0.029660403629347853	false	1.0
vorzeitig	neg 1.0		__DUMMY__ 0.9308766252584219 neg 0.036797737104034584 off 0.03232563763754351	false	1.0
unvollkommenheit	neg 1.0		__DUMMY__ 0.9315565090429165 neg 0.039604044383425886 off 0.028839446573657532	false	1.0
intervenieren	neg 1.0		__DUMMY__ 0.9285940741572808 neg 0.044645963133089384 off 0.026759962709629864	false	1.0
banause	off 1.0		__DUMMY__ 0.9247307646354294 off 0.037799166719606495 neg 0.03747006864496416	false	1.0
rebell	neg 1.0		__DUMMY__ 0.9343752385478341 neg 0.04081164330104737 off 0.02481311815111852	false	1.0
unlogisch	neg 1.0		__DUMMY__ 0.9279278413642432 neg 0.0380540929711795 off 0.03401806566457733	false	1.0
leiden	neg 1.0	neg 1.0	neg 0.5018977192722878 __DUMMY__ 0.4757537743011105 off 0.022348506426601755	false	1.0
abschaffung	neg 1.0		__DUMMY__ 0.928676199845511 neg 0.0416052721673892 off 0.02971852798709974	false	1.0
sturz	neg 1.0		__DUMMY__ 0.9279345011660195 neg 0.04200092279583008 off 0.030064576038150444	false	1.0
verkleinerung	neg 1.0		__DUMMY__ 0.9266327607618549 neg 0.041549675821760175 off 0.03181756341638502	false	1.0
schmarotzer	off 1.0		__DUMMY__ 0.9292623256131923 neg 0.04339639718444389 off 0.027341277202363786	false	0.5
bestrafung	neg 1.0		__DUMMY__ 0.9300293042863305 neg 0.04025168638075019 off 0.029719009332919384	false	1.0
achtlos	neg 1.0		__DUMMY__ 0.9331841717515205 neg 0.038577381797649794 off 0.028238446450829697	false	1.0
