unsolidarisch	neg 1.0		neg 0.5448349396862635 off 0.38663819493664225 __DUMMY__ 0.06852686537709425	false	1.0
nachteilig	neg 1.0		neg 0.5437357168280065 off 0.3867751983978701 __DUMMY__ 0.06948908477412334	false	1.0
skeptisch	neg 1.0		neg 0.5458519510102998 off 0.3844209009959046 __DUMMY__ 0.0697271479937957	false	1.0
schrecklich	neg 1.0		neg 0.5319637418314348 off 0.3988612349179373 __DUMMY__ 0.06917502325062792	false	1.0
schlapp	neg 1.0		neg 0.534388130019939 off 0.3959141465644154 __DUMMY__ 0.06969772341564572	false	1.0
abfall	neg 1.0		neg 0.5474501798964309 off 0.3827476301147137 __DUMMY__ 0.06980218998885541	false	1.0
widerspenstig	neg 1.0		neg 0.5390934444464951 off 0.3910340773611676 __DUMMY__ 0.06987247819233727	false	1.0
abrupt	neg 1.0		neg 0.5403675054409688 off 0.3896769293408596 __DUMMY__ 0.06995556521817153	false	1.0
unwirksam	neg 1.0		neg 0.5425731424707 off 0.3885565506819763 __DUMMY__ 0.06887030684732375	false	1.0
angreifen	neg 1.0		neg 0.5453708117389813 off 0.385122937194415 __DUMMY__ 0.06950625106660363	false	1.0
inkonsistent	neg 1.0		neg 0.5389501769281799 off 0.3917968181990009 __DUMMY__ 0.06925300487281932	false	1.0
abrutschen	neg 1.0		neg 0.5465386090908134 off 0.3835135648670525 __DUMMY__ 0.0699478260421341	false	1.0
unsicher	neg 1.0		neg 0.5399288127528205 off 0.3903884569710442 __DUMMY__ 0.06968273027613527	false	1.0
bauernkind	off 1.0		neg 0.5308396739617823 off 0.40060629559456534 __DUMMY__ 0.06855403044365231	false	0.5
angreifer	neg 1.0		neg 0.5388338359967624 off 0.39211288223817903 __DUMMY__ 0.06905328176505848	false	1.0
trennen	neg 1.0		neg 0.5425343580083618 off 0.3872640012181927 __DUMMY__ 0.0702016407734455	false	1.0
schmutz	neg 1.0		neg 0.531003347646757 off 0.3988896259812662 __DUMMY__ 0.07010702637197676	false	1.0
inkonsistenz	neg 1.0	neg 1.0	neg 0.7575856597445555 off 0.20932604427482732 __DUMMY__ 0.03308829598061721	false	1.0
erschreckend	neg 1.0		neg 0.5426659613038499 off 0.3879024886674146 __DUMMY__ 0.06943155002873547	false	1.0
ertrinken	neg 1.0		neg 0.5425793520539486 off 0.38750348407126084 __DUMMY__ 0.06991716387479054	false	1.0
pickelface	off 1.0		neg 0.5405173836803989 off 0.39022074897055975 __DUMMY__ 0.06926186734904134	false	0.5
seiner			neg 0.5447407870432729 off 0.38558866678507514 __DUMMY__ 0.06967054617165197	false	0.0
lauch	neg 1.0		neg 0.5457334387603042 off 0.3844874327057752 __DUMMY__ 0.06977912853392068	false	1.0
unwichtig	neg 1.0		neg 0.5365051764117015 off 0.3942044958783424 __DUMMY__ 0.06929032770995616	false	1.0
steuerhinterziehung	neg 1.0		neg 0.5441514732978876 off 0.38691858684526775 __DUMMY__ 0.06892993985684465	false	1.0
schock	neg 1.0		neg 0.5402073993538326 off 0.3897953046325872 __DUMMY__ 0.06999729601358007	false	1.0
beule	neg 1.0		neg 0.5330455580521081 off 0.3973231087509774 __DUMMY__ 0.0696313331969145	false	1.0
vergelten	neg 1.0		neg 0.5321002417670218 off 0.3991193330584205 __DUMMY__ 0.06878042517455775	false	1.0
verdorbenheit	neg 1.0		neg 0.5367226963046381 off 0.39337434513313013 __DUMMY__ 0.06990295856223179	false	1.0
trauma	neg 1.0		neg 0.5386704127585384 off 0.39187571258448917 __DUMMY__ 0.06945387465697238	false	1.0
sinnlos	neg 1.0		neg 0.5384645211796432 off 0.39207814641156946 __DUMMY__ 0.06945733240878738	false	1.0
fettsack	off 1.0	off 1.0	off 0.6836125441160907 neg 0.2834749365562244 __DUMMY__ 0.03291251932768478	false	1.0
feige	off 1.0		neg 0.5380115056103493 off 0.39291244993566476 __DUMMY__ 0.06907604445398609	false	0.5
abdanken	neg 1.0		neg 0.5454822500204374 off 0.3858688902757668 __DUMMY__ 0.06864885970379588	false	1.0
wichtigtuer	off 1.0	off 1.0	off 0.6783953506177617 neg 0.28851462212319307 __DUMMY__ 0.03309002725904535	false	1.0
misslingen	neg 1.0		neg 0.5359663942915798 off 0.3941322417432233 __DUMMY__ 0.06990136396519692	false	1.0
untreu	off 1.0		neg 0.5352625824774566 off 0.3953967105375292 __DUMMY__ 0.0693407069850141	false	0.5
missmutig	neg 1.0		neg 0.5353986857434319 off 0.39495283019604577 __DUMMY__ 0.06964848406052238	false	1.0
hurenbock	off 1.0		neg 0.5360195539742878 off 0.39399222168559794 __DUMMY__ 0.0699882243401143	false	0.5
betrunken	neg 1.0		neg 0.5326066636542534 off 0.3978901899000734 __DUMMY__ 0.06950314644567335	false	1.0
korrupt	off 1.0		neg 0.5463915394293061 off 0.3847681020218301 __DUMMY__ 0.06884035854886375	false	0.5
unmut	neg 1.0		neg 0.5470978712350489 off 0.3832251138992159 __DUMMY__ 0.06967701486573506	false	1.0
hackfresse	off 1.0		neg 0.5288659326867147 off 0.40215981884165786 __DUMMY__ 0.06897424847162749	false	0.5
aufblasen	neg 1.0		neg 0.5375597305682807 off 0.3926288078588266 __DUMMY__ 0.0698114615728928	false	1.0
gewaltsam	neg 1.0		neg 0.541565933324773 off 0.38942593806547876 __DUMMY__ 0.06900812860974827	false	1.0
unbeliebtheit	neg 1.0		neg 0.5393902648083612 off 0.39244586153801886 __DUMMY__ 0.06816387365361992	false	1.0
sturheit	neg 1.0		neg 0.5440358312703811 off 0.38683369274923035 __DUMMY__ 0.06913047598038848	false	1.0
kuh	neg 1.0		neg 0.540044391103501 off 0.39078371287387914 __DUMMY__ 0.06917189602261976	false	1.0
erschrecken	neg 1.0		neg 0.5360013061417386 off 0.3943974574450844 __DUMMY__ 0.06960123641317709	false	1.0
opfer	neg 1.0	neg 1.0	neg 0.7606634995501287 off 0.20601172787394995 __DUMMY__ 0.03332477257592142	false	1.0
sinken	neg 1.0		neg 0.5458622145902274 off 0.3844093791168799 __DUMMY__ 0.0697284062928927	false	1.0
stinktier	neg 1.0		neg 0.5329015194162787 off 0.3982367692161038 __DUMMY__ 0.06886171136761753	false	1.0
tucke	off 1.0		neg 0.5273674869445757 off 0.4035253280766252 __DUMMY__ 0.06910718497879902	false	0.5
ein			neg 0.5371990571259643 off 0.3927526173921082 __DUMMY__ 0.07004832548192762	false	0.0
abstieg	neg 1.0		neg 0.5438514719044395 off 0.38691131107968874 __DUMMY__ 0.06923721701587174	false	1.0
missverstehen	neg 1.0		neg 0.540198213139841 off 0.3906581758797948 __DUMMY__ 0.06914361098036412	false	1.0
ergebnislos	neg 1.0		neg 0.5434865878938788 off 0.3871001658272753 __DUMMY__ 0.06941324627884589	false	1.0
unter			neg 0.5475479134031813 off 0.38186707656486724 __DUMMY__ 0.0705850100319514	false	0.0
manipulieren	neg 1.0		neg 0.545699237145538 off 0.38480836869094065 __DUMMY__ 0.06949239416352143	false	1.0
unbewiesen	neg 1.0		neg 0.5455097561016428 off 0.3860383840064303 __DUMMY__ 0.06845185989192695	false	1.0
verschleppen	neg 1.0		neg 0.5443006462913119 off 0.3863922508357151 __DUMMY__ 0.06930710287297295	false	1.0
weib	off 1.0		neg 0.5283128520338991 off 0.4029093108787989 __DUMMY__ 0.06877783708730184	false	0.5
opposition	neg 1.0		neg 0.5416298287028997 off 0.3895510878641683 __DUMMY__ 0.06881908343293193	false	1.0
verkehrswidrig	neg 1.0		neg 0.5293279243096035 off 0.40137650725746976 __DUMMY__ 0.06929556843292664	false	1.0
inkorrekt	neg 1.0		neg 0.5387743843419006 off 0.3926555285145966 __DUMMY__ 0.06857008714350273	false	1.0
vermeiden	neg 1.0		neg 0.5467856251742521 off 0.3830352458385258 __DUMMY__ 0.07017912898722198	false	1.0
abweichung	neg 1.0		neg 0.5465707714492553 off 0.38458443674587645 __DUMMY__ 0.06884479180486833	false	1.0
alkoholisiert	neg 1.0		neg 0.5418196431646203 off 0.3884358798044135 __DUMMY__ 0.06974447703096613	false	1.0
scheiss	off 1.0	off 1.0	off 0.6819057256100887 neg 0.2848811961369168 __DUMMY__ 0.03321307825299451	false	1.0
herausforderung	neg 1.0		neg 0.5394090208606996 off 0.3903086657622399 __DUMMY__ 0.07028231337706047	false	1.0
pervers	off 1.0		neg 0.5254001014592998 off 0.40589226581040005 __DUMMY__ 0.06870763273030008	false	0.5
wackelig	neg 1.0		neg 0.5394925877752158 off 0.390233922528702 __DUMMY__ 0.07027348969608213	false	1.0
verwickeln	neg 1.0		neg 0.5395114389720522 off 0.3911526960643637 __DUMMY__ 0.06933586496358415	false	1.0
vorwand	neg 1.0		neg 0.5468572713778528 off 0.3836068973045538 __DUMMY__ 0.06953583131759349	false	1.0
muschi	off 1.0		neg 0.5412645275803823 off 0.38950400445036926 __DUMMY__ 0.06923146796924845	false	0.5
entmutigung	neg 1.0		neg 0.5445635912547001 off 0.3873303266743343 __DUMMY__ 0.06810608207096545	false	1.0
unangemessen	neg 1.0		neg 0.5452982025713671 off 0.38556693791042423 __DUMMY__ 0.0691348595182087	false	1.0
unstetig	neg 1.0		neg 0.5378819633283515 off 0.3929970860788114 __DUMMY__ 0.06912095059283711	false	1.0
entmutigen	neg 1.0		neg 0.5389899907694682 off 0.3914169040068818 __DUMMY__ 0.06959310522364995	false	1.0
schwanz	neg 1.0		neg 0.5421640937726565 off 0.38827606117063773 __DUMMY__ 0.06955984505670575	false	1.0
verbot	neg 1.0		neg 0.5449506824034954 off 0.3860722108807147 __DUMMY__ 0.06897710671578985	false	1.0
leid	neg 1.0		neg 0.5304935786818639 off 0.4004211477569247 __DUMMY__ 0.06908527356121147	false	1.0
archaisch	neg 1.0		neg 0.5443390589847893 off 0.3864576088843383 __DUMMY__ 0.06920333213087246	false	1.0
gegen			neg 0.5468528217447536 off 0.3837172324789959 __DUMMY__ 0.06942994577625046	false	0.0
scheidung	neg 1.0	neg 1.0	neg 0.7456836586900425 off 0.2214541135169384 __DUMMY__ 0.03286222779301912	false	1.0
einschlag	neg 1.0		neg 0.5310578520828245 off 0.3998624753930125 __DUMMY__ 0.06907967252416296	false	1.0
m			neg 0.5405594779407117 off 0.3896518720724897 __DUMMY__ 0.06978864998679858	false	0.0
abgestanden	neg 1.0		neg 0.5391803637732737 off 0.391080581568755 __DUMMY__ 0.06973905465797126	false	1.0
schmierig	off 1.0		neg 0.5307954811588108 off 0.3999238558982687 __DUMMY__ 0.0692806629429206	false	0.5
unpraktisch	neg 1.0		neg 0.5372476752161737 off 0.3928766890461201 __DUMMY__ 0.06987563573770625	false	1.0
wixxer	off 1.0		neg 0.5264366377883716 off 0.4050904634052097 __DUMMY__ 0.06847289880641867	false	0.5
bezeichnet			neg 0.5428669649608605 off 0.3878991456423103 __DUMMY__ 0.06923388939682913	false	0.0
jammerlappen	off 1.0		neg 0.5361115480202099 off 0.3945209766451649 __DUMMY__ 0.06936747533462512	false	0.5
farce	neg 1.0		neg 0.5471015859152883 off 0.3844144455309515 __DUMMY__ 0.06848396855376013	false	1.0
zwecklos	neg 1.0		neg 0.5447831683887653 off 0.3859062169834796 __DUMMY__ 0.06931061462775505	false	1.0
turbulent	neg 1.0		neg 0.533229763490495 off 0.39778873776987955 __DUMMY__ 0.06898149873962552	false	1.0
invasion	neg 1.0		neg 0.5360802555154686 off 0.39429451250008113 __DUMMY__ 0.06962523198445025	false	1.0
schuld	neg 1.0		neg 0.5403337079145561 off 0.3902716954860423 __DUMMY__ 0.06939459659940159	false	1.0
risiko	neg 1.0		neg 0.5349054554246551 off 0.39529338405603437 __DUMMY__ 0.06980116051931065	false	1.0
finster	neg 1.0		neg 0.5382388729519406 off 0.39189218908245793 __DUMMY__ 0.06986893796560147	false	1.0
geisteskrank	off 1.0		neg 0.5368906084541432 off 0.3942764197389133 __DUMMY__ 0.0688329718069436	false	0.5
zusammenbrechen	neg 1.0		neg 0.5410957140410764 off 0.3891330763514401 __DUMMY__ 0.06977120960748355	false	1.0
ausbeute	neg 1.0		neg 0.5410255960117838 off 0.38896807849420584 __DUMMY__ 0.07000632549401047	false	1.0
hinterhalt	neg 1.0		neg 0.5392587881529822 off 0.3912876088479718 __DUMMY__ 0.06945360299904593	false	1.0
kritik	neg 1.0		neg 0.5461602024163783 off 0.3851712433569385 __DUMMY__ 0.0686685542266832	false	1.0
einschrumpfen	neg 1.0		neg 0.5394309356338434 off 0.3917975542282785 __DUMMY__ 0.06877151013787809	false	1.0
riskant	neg 1.0		neg 0.5442571098507241 off 0.3860651636769358 __DUMMY__ 0.06967772647234023	false	1.0
frustrieren	neg 1.0		neg 0.545131657727382 off 0.38533790496136466 __DUMMY__ 0.06953043731125333	false	1.0
groll	neg 1.0		neg 0.544362745879776 off 0.3862927014648646 __DUMMY__ 0.0693445526553594	false	1.0
gibt			neg 0.5428263437944051 off 0.38763153930977023 __DUMMY__ 0.06954211689582457	false	0.0
qualvoll	neg 1.0		neg 0.5370777356138939 off 0.393267330976001 __DUMMY__ 0.06965493341010523	false	1.0
wackeln	neg 1.0		neg 0.5369401021740686 off 0.3930045970065809 __DUMMY__ 0.07005530081935041	false	1.0
klagen	neg 1.0		neg 0.5472885171733871 off 0.38324671648211867 __DUMMY__ 0.06946476634449432	false	1.0
bankrott	neg 1.0		neg 0.534492274723541 off 0.39594741211304924 __DUMMY__ 0.06956031316340971	false	1.0
trauern	neg 1.0		neg 0.5438967655715298 off 0.38642463075663247 __DUMMY__ 0.0696786036718379	false	1.0
ablehnung	neg 1.0	neg 1.0	neg 0.7613385923768777 off 0.2057474724210995 __DUMMY__ 0.03291393520202277	false	1.0
stur	neg 1.0		neg 0.5396025853908419 off 0.3909533191630442 __DUMMY__ 0.06944409544611393	false	1.0
aufruhr	neg 1.0		neg 0.5428484426497237 off 0.3882609094471607 __DUMMY__ 0.06889064790311566	false	1.0
melancholie	neg 1.0		neg 0.5407372062146033 off 0.3892467530162299 __DUMMY__ 0.07001604076916676	false	1.0
ist			neg 0.5396980637298958 off 0.3909171446492987 __DUMMY__ 0.06938479162080545	false	0.0
torheit	neg 1.0		neg 0.5437542800724942 off 0.3876340229011307 __DUMMY__ 0.06861169702637508	false	1.0
dreckskind	off 1.0		neg 0.5330575860554922 off 0.3985501673688891 __DUMMY__ 0.06839224657561865	false	0.5
umtauschen	neg 1.0		neg 0.5394716907866934 off 0.3907151285738654 __DUMMY__ 0.06981318063944111	false	1.0
zum			neg 0.5437439510534267 off 0.38562547511322165 __DUMMY__ 0.07063057383335154	false	0.0
zersetzen	neg 1.0		neg 0.5463391895806029 off 0.3841749842354918 __DUMMY__ 0.06948582618390521	false	1.0
zur			neg 0.5480236384474207 off 0.3821152221081952 __DUMMY__ 0.06986113944438407	false	0.0
frust	neg 1.0		neg 0.541875121658484 off 0.3884419913249659 __DUMMY__ 0.06968288701655019	false	1.0
unerbittlichkeit	neg 1.0		neg 0.5459969707046839 off 0.38464046608598335 __DUMMY__ 0.06936256320933284	false	1.0
zwei			neg 0.5434568035676256 off 0.3862259449030194 __DUMMY__ 0.07031725152935492	false	0.0
unkorrekt	neg 1.0		neg 0.5366138524114081 off 0.39460125346798347 __DUMMY__ 0.06878489412060826	false	1.0
hexe	off 1.0		neg 0.5348550394933046 off 0.3957423494543745 __DUMMY__ 0.06940261105232091	false	0.5
lasch	neg 1.0		neg 0.5390087095645 off 0.3918925795462959 __DUMMY__ 0.06909871088920418	false	1.0
rivale	neg 1.0		neg 0.53266841192434 off 0.39840690132496315 __DUMMY__ 0.06892468675069684	false	1.0
mutlos	off 1.0	off 1.0	off 0.6753118019549538 neg 0.29158895088151193 __DUMMY__ 0.03309924716353431	false	1.0
wirr	off 1.0		neg 0.5346326318898572 off 0.39657067490712933 __DUMMY__ 0.06879669320301356	false	0.5
jahr			neg 0.5420194528362607 off 0.3878944440582443 __DUMMY__ 0.07008610310549496	false	0.0
wird			neg 0.5438591281782247 off 0.38651829980806196 __DUMMY__ 0.06962257201371336	false	0.0
strafbar	neg 1.0		neg 0.5465820150913043 off 0.3842507347268651 __DUMMY__ 0.06916725018183062	false	1.0
erosion	neg 1.0		neg 0.5371832893318658 off 0.39304342629392847 __DUMMY__ 0.06977328437420575	false	1.0
eingehen	neg 1.0		neg 0.5447420233111128 off 0.3858614059036623 __DUMMY__ 0.0693965707852249	false	1.0
faul	off 1.0		neg 0.5340673343547125 off 0.39614039392150546 __DUMMY__ 0.06979227172378197	false	0.5
provisorium	neg 1.0		neg 0.549393674217496 off 0.38025651413098666 __DUMMY__ 0.07034981165151727	false	1.0
schmerzen	neg 1.0		neg 0.5405353557723229 off 0.38968668550132585 __DUMMY__ 0.0697779587263512	false	1.0
schrumpfen	neg 1.0		neg 0.5478368540003834 off 0.3821880049833354 __DUMMY__ 0.06997514101628134	false	1.0
geistlos	off 1.0		neg 0.5426513762952201 off 0.38886241075001854 __DUMMY__ 0.0684862129547613	false	0.5
fehlkauf	neg 1.0		neg 0.538287159519148 off 0.39246472145766 __DUMMY__ 0.06924811902319215	false	1.0
frustrierend	neg 1.0	neg 1.0	neg 0.7565686734341306 off 0.21014796839260344 __DUMMY__ 0.03328335817326598	false	1.0
unzufrieden	neg 1.0		neg 0.5438142340395288 off 0.38670158642354063 __DUMMY__ 0.06948417953693059	false	1.0
verzweifeln	neg 1.0		neg 0.5408602397991382 off 0.3894918254446407 __DUMMY__ 0.06964793475622096	false	1.0
verzweifelt	neg 1.0		neg 0.5395650928649971 off 0.390962696864612 __DUMMY__ 0.06947221027039074	false	1.0
misstrauensantrag	neg 1.0		neg 0.5391991116593887 off 0.39172092056253544 __DUMMY__ 0.06907996777807592	false	1.0
abfallen	neg 1.0		neg 0.5365780654012993 off 0.393326690275115 __DUMMY__ 0.07009524432358566	false	1.0
fucker	off 1.0		neg 0.5335787936801987 off 0.39737862191489814 __DUMMY__ 0.06904258440490317	false	0.5
ungezogen	neg 1.0		neg 0.526928005758792 off 0.4040909905255975 __DUMMY__ 0.0689810037156107	false	1.0
irrsinnig	neg 1.0	neg 1.0	neg 0.7588952921570054 off 0.2079351207288026 __DUMMY__ 0.03316958711419204	false	1.0
unfassbar	neg 1.0		neg 0.5357130597283359 off 0.39495804505107834 __DUMMY__ 0.06932889522058568	false	1.0
hart	neg 1.0		neg 0.536545688150586 off 0.39438166581335576 __DUMMY__ 0.06907264603605816	false	1.0
widerlich	off 1.0		neg 0.5358135353157063 off 0.39507829625509894 __DUMMY__ 0.06910816842919473	false	0.5
fatal	neg 1.0		neg 0.538118114732002 off 0.39257102590469267 __DUMMY__ 0.06931085936330528	false	1.0
bruch	neg 1.0		neg 0.5490186043986794 off 0.38172800426645404 __DUMMY__ 0.06925339133486659	false	1.0
aushungern	neg 1.0		neg 0.5431574290677452 off 0.3879246635951423 __DUMMY__ 0.06891790733711241	false	1.0
anspannung	neg 1.0		neg 0.5457639195970007 off 0.38416037495945027 __DUMMY__ 0.07007570544354899	false	1.0
von			neg 0.5429571809259932 off 0.38693255976772584 __DUMMY__ 0.07011025930628087	false	0.0
kraftlos	neg 1.0		neg 0.5408155458458178 off 0.38907535497469353 __DUMMY__ 0.07010909917948858	false	1.0
vom			neg 0.5470519630689263 off 0.3824271220043804 __DUMMY__ 0.07052091492669318	false	0.0
grenzdebil	off 1.0		neg 0.5336989171446671 off 0.3968500662918418 __DUMMY__ 0.06945101656349113	false	0.5
vor			neg 0.5450880235690843 off 0.38494241958598624 __DUMMY__ 0.06996955684492961	false	0.0
unterwerfen	neg 1.0		neg 0.5451771688825633 off 0.38544008050978784 __DUMMY__ 0.06938275060764879	false	1.0
versenkung	neg 1.0		neg 0.5447390891456331 off 0.3856801661715717 __DUMMY__ 0.06958074468279511	false	1.0
entziehen	neg 1.0		neg 0.5473745085384369 off 0.38305879607228116 __DUMMY__ 0.06956669538928206	false	1.0
finanzkrise	neg 1.0		neg 0.5440781839073948 off 0.3871066235718784 __DUMMY__ 0.06881519252072682	false	1.0
schimpfend	neg 1.0		neg 0.5348900601376136 off 0.39488932818407213 __DUMMY__ 0.07022061167831432	false	1.0
profan	neg 1.0		neg 0.538543887429497 off 0.39200916035481315 __DUMMY__ 0.06944695221568985	false	1.0
korruption	neg 1.0		neg 0.5459399886461227 off 0.3851671043628059 __DUMMY__ 0.06889290699107138	false	1.0
â			neg 0.5417373936778169 off 0.388500067734595 __DUMMY__ 0.06976253858758813	false	0.0
schmutzig	neg 1.0		neg 0.5326837905769871 off 0.3975603051147658 __DUMMY__ 0.06975590430824717	false	1.0
sexy	neg 1.0		neg 0.5357332869293662 off 0.3948109153431912 __DUMMY__ 0.06945579772744269	false	1.0
abraten	neg 1.0		neg 0.5380925695478725 off 0.39219621154290135 __DUMMY__ 0.06971121890922609	false	1.0
schwarz	neg 1.0		neg 0.53884940447879 off 0.39178363913768094 __DUMMY__ 0.069366956383529	false	1.0
fotze	off 1.0		neg 0.542935742600248 off 0.387739993797252 __DUMMY__ 0.06932426360250006	false	0.5
verwirren	neg 1.0		neg 0.5374855425864657 off 0.39305375940036946 __DUMMY__ 0.06946069801316479	false	1.0
zahnlos	off 1.0		neg 0.5444080376310776 off 0.3862925651333862 __DUMMY__ 0.06929939723553619	false	0.5
verheeren	neg 1.0		neg 0.5271266970595264 off 0.4044117206227634 __DUMMY__ 0.06846158231771007	false	1.0
hippie	neg 1.0		neg 0.536337088302651 off 0.39426927708366416 __DUMMY__ 0.06939363461368475	false	1.0
rammen	neg 1.0		neg 0.5366575046736848 off 0.39378165406418564 __DUMMY__ 0.06956084126212957	false	1.0
unlauter	neg 1.0	neg 1.0	neg 0.7580516526787137 off 0.20886941680572244 __DUMMY__ 0.033078930515563945	false	1.0
unheilvoll	neg 1.0		neg 0.5374063069402317 off 0.39293170709875247 __DUMMY__ 0.0696619859610159	false	1.0
niedrig	neg 1.0		neg 0.5437699295072067 off 0.38677541397069387 __DUMMY__ 0.06945465652209934	false	1.0
explosion	neg 1.0		neg 0.5360169630106466 off 0.3944159802306361 __DUMMY__ 0.06956705675871734	false	1.0
weichei	off 1.0		neg 0.5301044534611526 off 0.4008958741472385 __DUMMY__ 0.06899967239160873	false	0.5
minusmensch	off 1.0		neg 0.5285843725888831 off 0.40317616969259323 __DUMMY__ 0.06823945771852352	false	0.5
farblos	neg 1.0		neg 0.5397395797857844 off 0.3908863875471248 __DUMMY__ 0.0693740326670908	false	1.0
unwissend	neg 1.0	neg 1.0	neg 0.7565234956002584 off 0.21037654789650032 __DUMMY__ 0.03309995650324117	false	1.0
traurig	neg 1.0		neg 0.5321370424150677 off 0.39849168999068085 __DUMMY__ 0.0693712675942515	false	1.0
senkung	neg 1.0		neg 0.537908140574383 off 0.3928601656707707 __DUMMY__ 0.06923169375484632	false	1.0
ungleich	neg 1.0	neg 1.0	neg 0.7616693301295291 off 0.20517415578386664 __DUMMY__ 0.03315651408660424	false	1.0
heikel	neg 1.0		neg 0.5459675388202797 off 0.3844656360977263 __DUMMY__ 0.06956682508199402	false	1.0
drosselung	neg 1.0		neg 0.5311126148097046 off 0.39943520108690383 __DUMMY__ 0.06945218410339156	false	1.0
falsch	neg 1.0		neg 0.5367929911495405 off 0.3938396621066068 __DUMMY__ 0.06936734674385268	false	1.0
unzufriedenheit	neg 1.0		neg 0.5465925903801864 off 0.38392017289807506 __DUMMY__ 0.06948723672173851	false	1.0
kurz	neg 1.0		neg 0.539843492398949 off 0.3901205974182961 __DUMMY__ 0.0700359101827549	false	1.0
unsinnig	neg 1.0		neg 0.5435509221427012 off 0.38702847031753557 __DUMMY__ 0.06942060753976335	false	1.0
penner	off 1.0	off 1.0	off 0.6851529481997264 neg 0.28181118581517317 __DUMMY__ 0.033035865985100395	false	1.0
seicht	neg 1.0		neg 0.5296705043085138 off 0.40178518856417844 __DUMMY__ 0.06854430712730773	false	1.0
dummheit	off 1.0	off 1.0	off 0.678741280946399 neg 0.2881910740942553 __DUMMY__ 0.0330676449593457	false	1.0
unerfreulich	neg 1.0		neg 0.5460110535443188 off 0.3842940171535044 __DUMMY__ 0.06969492930217659	false	1.0
motherfucker	off 1.0	off 1.0	off 0.6821491691670533 neg 0.28480888060821863 __DUMMY__ 0.033041950224728174	false	1.0
pikiert	neg 1.0		neg 0.5369704937641385 off 0.3938600541902677 __DUMMY__ 0.06916945204559385	false	1.0
wrack	neg 1.0		neg 0.5408561547533955 off 0.3892960517002238 __DUMMY__ 0.06984779354638068	false	1.0
gangster	neg 1.0		neg 0.5372477444770757 off 0.3933512960158296 __DUMMY__ 0.06940095950709485	false	1.0
krank	neg 1.0		neg 0.5328082866323508 off 0.39754940479922446 __DUMMY__ 0.06964230856842488	false	1.0
reich	neg 1.0		neg 0.5399610235023151 off 0.3917289876551667 __DUMMY__ 0.06830998884251818	false	1.0
gnadenlos	neg 1.0		neg 0.5397134114581079 off 0.39080856408734793 __DUMMY__ 0.06947802445454421	false	1.0
niedergeschlagen	neg 1.0		neg 0.5414410762578167 off 0.3888679049759425 __DUMMY__ 0.0696910187662408	false	1.0
terrorisieren	off 1.0	off 1.0	off 0.6762154170102648 neg 0.2904244976909853 __DUMMY__ 0.03336008529875003	false	1.0
sinnlosigkeit	neg 1.0		neg 0.5441907836089027 off 0.3864756533634985 __DUMMY__ 0.06933356302759879	false	1.0
behindern	neg 1.0		neg 0.539160194266488 off 0.39105409706620975 __DUMMY__ 0.06978570866730222	false	1.0
undemokratisch	neg 1.0		neg 0.5427115332171963 off 0.38855301416818394 __DUMMY__ 0.06873545261461982	false	1.0
wirtschaftskrise	neg 1.0		neg 0.5449339758139715 off 0.38597550028287864 __DUMMY__ 0.06909052390314986	false	1.0
neid	neg 1.0		neg 0.5354943038574426 off 0.394801567680898 __DUMMY__ 0.06970412846165946	false	1.0
rutschen	neg 1.0		neg 0.5433355944421687 off 0.38599095870898464 __DUMMY__ 0.07067344684884663	false	1.0
rezession	neg 1.0		neg 0.533952264837514 off 0.3975049282076383 __DUMMY__ 0.06854280695484771	false	1.0
fehlgeburt	neg 1.0		neg 0.5400941948732707 off 0.39049141450278546 __DUMMY__ 0.06941439062394385	false	1.0
charakterschwach	off 1.0		neg 0.5358472710314747 off 0.39501422595730545 __DUMMY__ 0.06913850301122006	false	0.5
isolation	neg 1.0		neg 0.5346421479576562 off 0.39591880779683675 __DUMMY__ 0.06943904424550713	false	1.0
ablenkung	neg 1.0		neg 0.5391825011638931 off 0.39107932415122887 __DUMMY__ 0.0697381746848779	false	1.0
pech	neg 1.0		neg 0.5372166944117283 off 0.3933209291042422 __DUMMY__ 0.06946237648402954	false	1.0
vermeidung	neg 1.0		neg 0.5322223678029839 off 0.3982525205084436 __DUMMY__ 0.06952511168857234	false	1.0
dominieren	neg 1.0		neg 0.5419626171837431 off 0.3885494261452292 __DUMMY__ 0.06948795667102763	false	1.0
schwindlig	neg 1.0		neg 0.5355656347297783 off 0.3945883607454691 __DUMMY__ 0.0698460045247527	false	1.0
lutscher	neg 1.0		neg 0.5283231760895729 off 0.40308026354405063 __DUMMY__ 0.06859656036637655	false	1.0
pflicht	neg 1.0		neg 0.5464525256306582 off 0.3840313044590472 __DUMMY__ 0.06951616991029456	false	1.0
faschist	off 1.0		neg 0.5418984260144396 off 0.3894302740190509 __DUMMY__ 0.06867129996650961	false	0.5
verschleudern	neg 1.0		neg 0.5452477014096245 off 0.38558658650738875 __DUMMY__ 0.0691657120829867	false	1.0
wenn			neg 0.5364370148213027 off 0.39412703915868436 __DUMMY__ 0.06943594602001309	false	0.0
ehebruch	neg 1.0		neg 0.5454463835023021 off 0.3853144350577068 __DUMMY__ 0.06923918143999114	false	1.0
spott	off 1.0		neg 0.5460618174871004 off 0.3846698307984513 __DUMMY__ 0.06926835171444852	false	0.5
trostlosigkeit	neg 1.0		neg 0.548876327081623 off 0.38211930022245927 __DUMMY__ 0.0690043726959176	false	1.0
lutschen	neg 1.0		neg 0.5371222797432305 off 0.393815360567142 __DUMMY__ 0.06906235968962732	false	1.0
undiszipliniert	neg 1.0		neg 0.5332902764240794 off 0.39742740980757346 __DUMMY__ 0.06928231376834709	false	1.0
kopfschmerz	neg 1.0		neg 0.5409729404922313 off 0.3894659347936605 __DUMMY__ 0.0695611247141083	false	1.0
unvorhergesehen	neg 1.0		neg 0.5396165850101181 off 0.39025833371250285 __DUMMY__ 0.07012508127737901	false	1.0
desinteressiert	neg 1.0		neg 0.5346402053850701 off 0.39626156834170134 __DUMMY__ 0.06909822627322859	false	1.0
armselig	off 1.0		neg 0.5342227325112268 off 0.39682077975637287 __DUMMY__ 0.06895648773240036	false	0.5
desaster	neg 1.0		neg 0.5491071011501355 off 0.38158720246382904 __DUMMY__ 0.06930569638603534	false	1.0
tod	neg 1.0		neg 0.5465124333232444 off 0.38442605176288525 __DUMMY__ 0.0690615149138705	false	1.0
herzlos	neg 1.0		neg 0.5316454498424348 off 0.39904929432875463 __DUMMY__ 0.06930525582881054	false	1.0
unwissenheit	neg 1.0		neg 0.5450589618720383 off 0.38576205162508126 __DUMMY__ 0.0691789865028804	false	1.0
widersinnig	neg 1.0		neg 0.5455726181210319 off 0.38563762540458246 __DUMMY__ 0.06878975647438579	false	1.0
bedenklich	neg 1.0		neg 0.5450946527109242 off 0.3854012305597775 __DUMMY__ 0.0695041167292982	false	1.0
beanstanden	neg 1.0		neg 0.5465754039860493 off 0.3838570289741127 __DUMMY__ 0.06956756703983812	false	1.0
panisch	neg 1.0	neg 1.0	neg 0.7556849683452497 off 0.2106889930085487 __DUMMY__ 0.03362603864620166	false	1.0
debil	off 1.0		neg 0.5489294347246454 off 0.3813574144010854 __DUMMY__ 0.06971315087426912	false	0.5
abstrich	neg 1.0		neg 0.5375399015369651 off 0.3924872296496495 __DUMMY__ 0.06997286881338553	false	1.0
primitiv	neg 1.0		neg 0.5353653651389526 off 0.39556625531856826 __DUMMY__ 0.06906837954247894	false	1.0
abschaum	off 1.0	off 1.0	off 0.6800350597486898 neg 0.2869578194372053 __DUMMY__ 0.03300712081410485	false	1.0
provozieren	neg 1.0		neg 0.5417130486450754 off 0.3890576030841933 __DUMMY__ 0.0692293482707312	false	1.0
tot	neg 1.0		neg 0.5425359527817581 off 0.38817218048427976 __DUMMY__ 0.06929186673396208	false	1.0
instabil	neg 1.0		neg 0.5343182389500974 off 0.3970192511111308 __DUMMY__ 0.0686625099387718	false	1.0
schwuchtel	off 1.0		neg 0.5245886154436157 off 0.4072875167312774 __DUMMY__ 0.06812386782510693	false	0.5
zerren	neg 1.0		neg 0.5413494460329884 off 0.38891638557295544 __DUMMY__ 0.0697341683940561	false	1.0
kinderficker	off 1.0		neg 0.5323716128003189 off 0.39884922483038826 __DUMMY__ 0.0687791623692928	false	0.5
gefahr	neg 1.0		neg 0.545331807262294 off 0.385348499325868 __DUMMY__ 0.06931969341183795	false	1.0
rabiat	neg 1.0		neg 0.5406611807811715 off 0.38984257502628494 __DUMMY__ 0.06949624419254347	false	1.0
verlangsamung	neg 1.0		neg 0.5302589269295513 off 0.40124111159823395 __DUMMY__ 0.06849996147221461	false	1.0
ausgestorben	neg 1.0		neg 0.5415334155081154 off 0.38879301817161704 __DUMMY__ 0.06967356632026751	false	1.0
anklagen	neg 1.0		neg 0.5428502643035491 off 0.38800488116874476 __DUMMY__ 0.06914485452770604	false	1.0
trott	neg 1.0		neg 0.5396553198235675 off 0.39068283473276083 __DUMMY__ 0.06966184544367163	false	1.0
verminderung	neg 1.0		neg 0.5326814037372778 off 0.3980660904442388 __DUMMY__ 0.0692525058184833	false	1.0
nach			neg 0.5453095318460736 off 0.38434012939678486 __DUMMY__ 0.07035033875714147	false	0.0
rost	neg 1.0		neg 0.5281832758669023 off 0.4030041363482788 __DUMMY__ 0.06881258778481893	false	1.0
destruktiv	neg 1.0		neg 0.543717587897626 off 0.38717115114168815 __DUMMY__ 0.06911126096068577	false	1.0
unzumutbarkeit	neg 1.0		neg 0.5326302804807924 off 0.3979379267842914 __DUMMY__ 0.06943179273491626	false	1.0
labil	off 1.0	off 1.0	off 0.6809547986005547 neg 0.2859825612550821 __DUMMY__ 0.03306264014436332	false	1.0
ziemlich	neg 1.0		neg 0.5346122872922316 off 0.39598939018631196 __DUMMY__ 0.06939832252145621	false	1.0
lachnummer	off 1.0		neg 0.5434522172215054 off 0.3873897983223832 __DUMMY__ 0.06915798445611156	false	0.5
oder			neg 0.5391731204568686 off 0.3910157362376307 __DUMMY__ 0.06981114330550071	false	0.0
verfall	neg 1.0		neg 0.5491358980996884 off 0.38113184925900384 __DUMMY__ 0.06973225264130771	false	1.0
ausgrenzung	neg 1.0		neg 0.5418572353773604 off 0.3894016381214069 __DUMMY__ 0.06874112650123262	false	1.0
unordnung	neg 1.0		neg 0.5324728448494378 off 0.39869064011151906 __DUMMY__ 0.06883651503904306	false	1.0
fehlverhalten	neg 1.0		neg 0.546158828021846 off 0.38453170714164214 __DUMMY__ 0.06930946483651192	false	1.0
eine			neg 0.5453383145551177 off 0.38480710699871684 __DUMMY__ 0.0698545784461654	false	0.0
nille	neg 1.0		neg 0.5421526706569729 off 0.3887249127752177 __DUMMY__ 0.06912241656780929	false	1.0
qual	neg 1.0		neg 0.539938576196792 off 0.39043653603619327 __DUMMY__ 0.06962488776701496	false	1.0
verschwenden	neg 1.0		neg 0.5445714277420454 off 0.3858477694699814 __DUMMY__ 0.06958080278797328	false	1.0
riesig	neg 1.0		neg 0.541076131681987 off 0.3893438105229432 __DUMMY__ 0.06958005779506976	false	1.0
verurteilen	neg 1.0		neg 0.5450653578663132 off 0.38580860770219777 __DUMMY__ 0.06912603443148914	false	1.0
klischee	neg 1.0	neg 1.0	neg 0.757870881019113 off 0.20909242635412945 __DUMMY__ 0.0330366926267575	false	1.0
diktatorisch	neg 1.0		neg 0.5440165677388328 off 0.38746960369783795 __DUMMY__ 0.06851382856332938	false	1.0
vorhersehbar	neg 1.0		neg 0.5408137228325948 off 0.39017453029363647 __DUMMY__ 0.06901174687376864	false	1.0
sowie			neg 0.5314891116396234 off 0.399905462248271 __DUMMY__ 0.0686054261121056	false	0.0
stornieren	neg 1.0		neg 0.5359614409822278 off 0.39429060035831837 __DUMMY__ 0.06974795865945382	false	1.0
besteuerung	neg 1.0		neg 0.5401586262400858 off 0.3906223144254911 __DUMMY__ 0.06921905933442306	false	1.0
ungeschminkt	neg 1.0		neg 0.534811984135877 off 0.3959919862412888 __DUMMY__ 0.06919602962283414	false	1.0
kritisch	neg 1.0		neg 0.5459002940798673 off 0.38481066784649703 __DUMMY__ 0.06928903807363572	false	1.0
schlamperei	off 1.0		neg 0.5450878186213776 off 0.3856349725516536 __DUMMY__ 0.06927720882696882	false	0.5
sucht	neg 1.0	neg 1.0	neg 0.7548717113150683 off 0.21148712863992666 __DUMMY__ 0.03364116004500496	false	1.0
egoistisch	off 1.0		neg 0.5301986861602541 off 0.40077211178368327 __DUMMY__ 0.06902920205606258	false	0.5
ausbeuter	off 1.0		neg 0.5472834122845621 off 0.3835384218564101 __DUMMY__ 0.06917816585902772	false	0.5
arschgeburt	off 1.0		neg 0.5247671053105237 off 0.40710996026174273 __DUMMY__ 0.06812293442773341	false	0.5
schubs	neg 1.0	neg 1.0	neg 0.7586647805816044 off 0.20776191863947913 __DUMMY__ 0.0335733007789165	false	1.0
unsolide	neg 1.0		neg 0.5411938379703509 off 0.39053407284745806 __DUMMY__ 0.06827208918219099	false	1.0
beschwerde	neg 1.0		neg 0.5441213429543487 off 0.38659365159153497 __DUMMY__ 0.06928500545411634	false	1.0
stocken	neg 1.0		neg 0.542952406411748 off 0.3874301952314328 __DUMMY__ 0.0696173983568192	false	1.0
isolieren	neg 1.0		neg 0.53960881013939 off 0.39057153534079153 __DUMMY__ 0.06981965451981835	false	1.0
unheilbar	neg 1.0		neg 0.5407913882307401 off 0.3898738908563332 __DUMMY__ 0.06933472091292661	false	1.0
pisser	off 1.0		neg 0.533435987917463 off 0.39773888346991065 __DUMMY__ 0.06882512861262631	false	0.5
löschen	neg 1.0		neg 0.5395578383595951 off 0.39104259590622775 __DUMMY__ 0.06939956573417717	false	1.0
durchfallen	neg 1.0		neg 0.5441916664237587 off 0.38625997547105884 __DUMMY__ 0.06954835810518242	false	1.0
wichser	off 1.0		neg 0.5263365260626799 off 0.40494660292188955 __DUMMY__ 0.06871687101543059	false	0.5
terror	neg 1.0		neg 0.5349345498913491 off 0.3953834081887132 __DUMMY__ 0.06968204191993761	false	1.0
krass	neg 1.0		neg 0.5319224826196358 off 0.3989332075317854 __DUMMY__ 0.06914430984857882	false	1.0
revolte	neg 1.0	neg 1.0	neg 0.7593474269959387 off 0.20793682784923878 __DUMMY__ 0.032715745154822624	false	1.0
besorgt	neg 1.0		neg 0.5390318288204279 off 0.39080572540238984 __DUMMY__ 0.0701624457771824	false	1.0
nachlassen	neg 1.0		neg 0.5417136815170087 off 0.38854210297412706 __DUMMY__ 0.06974421550886431	false	1.0
alt	neg 1.0		neg 0.5419887552773092 off 0.38794987006382864 __DUMMY__ 0.07006137465886213	false	1.0
hundesohn	off 1.0		neg 0.5288382854487694 off 0.40276429805024744 __DUMMY__ 0.06839741650098304	false	0.5
als			neg 0.5420517091897729 off 0.3881710863546342 __DUMMY__ 0.06977720445559292	false	0.0
abschreckung	neg 1.0		neg 0.5470332382269156 off 0.3835426418525756 __DUMMY__ 0.06942411992050872	false	1.0
unqualifiziert	neg 1.0		neg 0.5398143645265333 off 0.391073636406678 __DUMMY__ 0.06911199906678875	false	1.0
abgewichst	off 1.0		neg 0.5419995906458385 off 0.38861678466114097 __DUMMY__ 0.06938362469302073	false	0.5
schwer	neg 1.0		neg 0.5405517564106627 off 0.3897926855217674 __DUMMY__ 0.06965555806756994	false	1.0
bedeutungslosigkeit	neg 1.0		neg 0.5468598329934423 off 0.3838167312373798 __DUMMY__ 0.06932343576917797	false	1.0
kapitulation	neg 1.0		neg 0.5473836102928447 off 0.38387103170575054 __DUMMY__ 0.06874535800140456	false	1.0
unscharf	neg 1.0		neg 0.5374095979227878 off 0.39318824084685894 __DUMMY__ 0.06940216123035327	false	1.0
schwinden	neg 1.0		neg 0.5450287767187114 off 0.3853872416155953 __DUMMY__ 0.06958398166569335	false	1.0
versklavung	neg 1.0	neg 1.0	neg 0.7599308013098721 off 0.20719442543401181 __DUMMY__ 0.032874773256116006	false	1.0
schlecht	neg 1.0		neg 0.5339031002116927 off 0.3966351336226157 __DUMMY__ 0.06946176616569158	false	1.0
verhasst	neg 1.0		neg 0.54213808752309 off 0.3887263378128911 __DUMMY__ 0.06913557466401893	false	1.0
beschweren	neg 1.0		neg 0.5384980956230198 off 0.39193272325550316 __DUMMY__ 0.06956918112147716	false	1.0
scheiden	neg 1.0		neg 0.5408414828230794 off 0.3895859334552777 __DUMMY__ 0.06957258372164284	false	1.0
frustriert	neg 1.0		neg 0.5421067198234606 off 0.3883207649146502 __DUMMY__ 0.06957251526188915	false	1.0
schimmelig	neg 1.0		neg 0.544207526601867 off 0.3863250246491369 __DUMMY__ 0.06946744874899616	false	1.0
fisch	neg 1.0	neg 1.0	neg 0.7585603032580593 off 0.20785747272135202 __DUMMY__ 0.03358222402058863	false	1.0
schmuggel	neg 1.0		neg 0.5435831569809905 off 0.38647317284619387 __DUMMY__ 0.06994367017281565	false	1.0
auffallen	neg 1.0		neg 0.5382799881265485 off 0.3922238598795894 __DUMMY__ 0.06949615199386222	false	1.0
konkurrenz	neg 1.0		neg 0.5449623258803418 off 0.38515717495430274 __DUMMY__ 0.06988049916535535	false	1.0
teufelskreis	neg 1.0		neg 0.5427523979978738 off 0.38785876412121023 __DUMMY__ 0.06938883788091604	false	1.0
aufschreien	neg 1.0		neg 0.5399463805587261 off 0.39087166930691986 __DUMMY__ 0.069181950134354	false	1.0
schuldner	neg 1.0		neg 0.5461409057093477 off 0.3846375327566564 __DUMMY__ 0.06922156153399586	false	1.0
missgeburt	off 1.0	off 1.0	off 0.6839525970769302 neg 0.2831767962549246 __DUMMY__ 0.032870606668145286	false	1.0
arbeitslos	neg 1.0		neg 0.5439092529386489 off 0.3866999731043181 __DUMMY__ 0.06939077395703308	false	1.0
befallen	neg 1.0		neg 0.5460700252363401 off 0.38504338384187203 __DUMMY__ 0.06888659092178799	false	1.0
miesepetrig	off 1.0		neg 0.5338907984260077 off 0.39658076941527526 __DUMMY__ 0.06952843215871714	false	0.5
alarmieren	neg 1.0		neg 0.5370606430822924 off 0.39394257450500214 __DUMMY__ 0.0689967824127053	false	1.0
ungeduscht	off 1.0		neg 0.5370113653772968 off 0.39353517222981377 __DUMMY__ 0.06945346239288938	false	0.5
knappheit	neg 1.0		neg 0.5432713585904213 off 0.38733595558356965 __DUMMY__ 0.06939268582600903	false	1.0
schlange	neg 1.0		neg 0.5375747097360379 off 0.39264418128826956 __DUMMY__ 0.06978110897569266	false	1.0
harsch	neg 1.0		neg 0.5277128612902956 off 0.4030232734466733 __DUMMY__ 0.06926386526303102	false	1.0
lang	neg 1.0		neg 0.538974252360807 off 0.39152871095229036 __DUMMY__ 0.0694970366869027	false	1.0
ziellos	neg 1.0		neg 0.5430349119782877 off 0.3872820341050434 __DUMMY__ 0.06968305391666897	false	1.0
selbstverliebt	neg 1.0		neg 0.5273889272393879 off 0.4043623996824316 __DUMMY__ 0.06824867307818053	false	1.0
beseitigen	neg 1.0		neg 0.5371350856127748 off 0.39299050982848716 __DUMMY__ 0.06987440455873802	false	1.0
dumm	off 1.0		neg 0.5302065886664173 off 0.40092963473311755 __DUMMY__ 0.06886377660046498	false	0.5
arbeitsloser	neg 1.0		neg 0.5445736103364752 off 0.3859794950396654 __DUMMY__ 0.06944689462385935	false	1.0
blitzen	neg 1.0		neg 0.5372715280068949 off 0.3934736654174937 __DUMMY__ 0.06925480657561131	false	1.0
hilflos	neg 1.0		neg 0.5422870316178086 off 0.38809600384009957 __DUMMY__ 0.06961696454209192	false	1.0
eklig	off 1.0		neg 0.5299021433554031 off 0.40139029966905493 __DUMMY__ 0.06870755697554198	false	0.5
begriff			neg 0.5428104409267895 off 0.3877651845221633 __DUMMY__ 0.06942437455104718	false	0.0
hungersnot	neg 1.0		neg 0.5448781260456532 off 0.3864347872812755 __DUMMY__ 0.06868708667307126	false	1.0
ungesetzlich	neg 1.0		neg 0.5418341284583608 off 0.3895260164960572 __DUMMY__ 0.06863985504558208	false	1.0
verschwendung	neg 1.0		neg 0.5454785538472195 off 0.384919700888294 __DUMMY__ 0.06960174526448648	false	1.0
schmerzvoll	neg 1.0		neg 0.5386268412280737 off 0.39182373865016684 __DUMMY__ 0.06954942012175937	false	1.0
vorzeitig	neg 1.0		neg 0.5344412972907964 off 0.3961840886194358 __DUMMY__ 0.06937461408976786	false	1.0
unvollkommenheit	neg 1.0		neg 0.5403980608963963 off 0.3901400975202137 __DUMMY__ 0.06946184158339004	false	1.0
intervenieren	neg 1.0		neg 0.5472631999153107 off 0.3836482310919412 __DUMMY__ 0.06908856899274812	false	1.0
banause	off 1.0		neg 0.5287861225183907 off 0.40263054238083545 __DUMMY__ 0.06858333510077387	false	0.5
rebell	neg 1.0		neg 0.5450861494471969 off 0.38510131593322977 __DUMMY__ 0.06981253461957333	false	1.0
unlogisch	neg 1.0		neg 0.5334862284433873 off 0.3974754493922691 __DUMMY__ 0.0690383221643436	false	1.0
leiden	neg 1.0	neg 1.0	neg 0.7585691558571697 off 0.20751070006529154 __DUMMY__ 0.03392014407753875	false	1.0
abschaffung	neg 1.0		neg 0.5413003427161412 off 0.38961665151670577 __DUMMY__ 0.06908300576715308	false	1.0
sturz	neg 1.0		neg 0.5410335380340473 off 0.38996297573463923 __DUMMY__ 0.06900348623131346	false	1.0
verkleinerung	neg 1.0		neg 0.5389388958701589 off 0.39224219085709955 __DUMMY__ 0.06881891327274153	false	1.0
schmarotzer	off 1.0		neg 0.5453711798846563 off 0.3854196882151262 __DUMMY__ 0.06920913190021731	false	0.5
bestrafung	neg 1.0		neg 0.5402310192004203 off 0.3904542293594981 __DUMMY__ 0.06931475144008156	false	1.0
achtlos	neg 1.0		neg 0.5398940496787897 off 0.39032995710226537 __DUMMY__ 0.06977599321894479	false	1.0
ungeheuer	neg 1.0		neg 0.5388699628383871 off 0.3918171367421023 __DUMMY__ 0.06931290041951071	false	1.0
unaufrichtig	neg 1.0		neg 0.5405269492648944 off 0.39068748539838133 __DUMMY__ 0.0687855653367242	false	1.0
groggy	neg 1.0		neg 0.5370859088105162 off 0.3935950955521539 __DUMMY__ 0.06931899563732984	false	1.0
verletzlich	neg 1.0		neg 0.5347864150830933 off 0.3959755098196529 __DUMMY__ 0.06923807509725365	false	1.0
ablehnen	neg 1.0		neg 0.5444238354836871 off 0.3862878725345157 __DUMMY__ 0.06928829198179727	false	1.0
