unsolidarisch	neg 1.0		neg 0.5448349396862645 off 0.3866381949366413 __DUMMY__ 0.0685268653770943	false	1.0
nachteilig	neg 1.0		neg 0.5437357168280073 off 0.38677519839786945 __DUMMY__ 0.06948908477412326	false	1.0
skeptisch	neg 1.0		neg 0.5458519510102998 off 0.38442090099590454 __DUMMY__ 0.0697271479937957	false	1.0
schrecklich	neg 1.0		neg 0.5319637418314348 off 0.39886123491793724 __DUMMY__ 0.06917502325062792	false	1.0
schlapp	neg 1.0		neg 0.5343881300199392 off 0.3959141465644151 __DUMMY__ 0.06969772341564572	false	1.0
abfall	neg 1.0		neg 0.5474501798964309 off 0.3827476301147138 __DUMMY__ 0.06980218998885536	false	1.0
widerspenstig	neg 1.0		neg 0.539093444446495 off 0.39103407736116774 __DUMMY__ 0.06987247819233733	false	1.0
abrupt	neg 1.0		neg 0.5403675054409683 off 0.38967692934086 __DUMMY__ 0.06995556521817156	false	1.0
unwirksam	neg 1.0		neg 0.5425731424707007 off 0.3885565506819755 __DUMMY__ 0.06887030684732383	false	1.0
angreifen	neg 1.0		neg 0.5453708117389814 off 0.3851229371944149 __DUMMY__ 0.06950625106660374	false	1.0
inkonsistent	neg 1.0		neg 0.5389501769281803 off 0.39179681819900053 __DUMMY__ 0.06925300487281923	false	1.0
abrutschen	neg 1.0		neg 0.5465386090908133 off 0.3835135648670527 __DUMMY__ 0.06994782604213397	false	1.0
unsicher	neg 1.0		neg 0.5399288127528202 off 0.39038845697104446 __DUMMY__ 0.06968273027613518	false	1.0
bauernkind	off 1.0		neg 0.5308396739617829 off 0.4006062955945648 __DUMMY__ 0.06855403044365228	false	0.5
angreifer	neg 1.0		neg 0.5388338359967624 off 0.39211288223817903 __DUMMY__ 0.06905328176505852	false	1.0
trennen	neg 1.0		neg 0.5425343580083613 off 0.38726400121819315 __DUMMY__ 0.07020164077344558	false	1.0
schmutz	neg 1.0		neg 0.5310033476467572 off 0.39888962598126615 __DUMMY__ 0.07010702637197681	false	1.0
inkonsistenz	neg 1.0	neg 1.0	neg 0.7575856597445554 off 0.2093260442748273 __DUMMY__ 0.03308829598061726	false	1.0
erschreckend	neg 1.0		neg 0.5426659613038496 off 0.38790248866741506 __DUMMY__ 0.06943155002873533	false	1.0
ertrinken	neg 1.0		neg 0.5425793520539492 off 0.3875034840712603 __DUMMY__ 0.06991716387479055	false	1.0
pickelface	off 1.0		neg 0.5405173836803989 off 0.3902207489705599 __DUMMY__ 0.06926186734904123	false	0.5
seiner			neg 0.5447407870432728 off 0.38558866678507536 __DUMMY__ 0.0696705461716519	false	0.0
lauch	neg 1.0		neg 0.5457334387603044 off 0.38448743270577485 __DUMMY__ 0.06977912853392063	false	1.0
unwichtig	neg 1.0		neg 0.536505176411701 off 0.3942044958783428 __DUMMY__ 0.06929032770995622	false	1.0
steuerhinterziehung	neg 1.0		neg 0.5441514732978877 off 0.3869185868452676 __DUMMY__ 0.06892993985684472	false	1.0
schock	neg 1.0		neg 0.5402073993538321 off 0.38979530463258766 __DUMMY__ 0.06999729601358012	false	1.0
beule	neg 1.0		neg 0.5330455580521083 off 0.397323108750977 __DUMMY__ 0.06963133319691459	false	1.0
vergelten	neg 1.0		neg 0.5321002417670215 off 0.39911933305842073 __DUMMY__ 0.06878042517455776	false	1.0
verdorbenheit	neg 1.0		neg 0.5367226963046379 off 0.39337434513313024 __DUMMY__ 0.06990295856223179	false	1.0
trauma	neg 1.0		neg 0.5386704127585383 off 0.39187571258448906 __DUMMY__ 0.06945387465697245	false	1.0
sinnlos	neg 1.0		neg 0.5384645211796434 off 0.39207814641156913 __DUMMY__ 0.06945733240878736	false	1.0
fettsack	off 1.0	off 1.0	off 0.683612544116091 neg 0.2834749365562243 __DUMMY__ 0.03291251932768474	false	1.0
feige	off 1.0		neg 0.5380115056103494 off 0.3929124499356645 __DUMMY__ 0.06907604445398607	false	0.5
abdanken	neg 1.0		neg 0.5454822500204373 off 0.38586889027576704 __DUMMY__ 0.0686488597037957	false	1.0
wichtigtuer	off 1.0	off 1.0	off 0.6783953506177612 neg 0.28851462212319345 __DUMMY__ 0.03309002725904535	false	1.0
misslingen	neg 1.0		neg 0.5359663942915797 off 0.39413224174322325 __DUMMY__ 0.06990136396519699	false	1.0
untreu	off 1.0		neg 0.535262582477457 off 0.39539671053752906 __DUMMY__ 0.06934070698501398	false	0.5
missmutig	neg 1.0		neg 0.535398685743432 off 0.39495283019604566 __DUMMY__ 0.06964848406052235	false	1.0
hurenbock	off 1.0		neg 0.5360195539742876 off 0.3939922216855981 __DUMMY__ 0.06998822434011433	false	0.5
betrunken	neg 1.0		neg 0.5326066636542531 off 0.3978901899000735 __DUMMY__ 0.06950314644567322	false	1.0
korrupt	off 1.0		neg 0.5463915394293063 off 0.3847681020218299 __DUMMY__ 0.06884035854886376	false	0.5
unmut	neg 1.0		neg 0.5470978712350493 off 0.38322511389921565 __DUMMY__ 0.06967701486573494	false	1.0
hackfresse	off 1.0		neg 0.5288659326867152 off 0.4021598188416574 __DUMMY__ 0.06897424847162742	false	0.5
aufblasen	neg 1.0		neg 0.5375597305682808 off 0.3926288078588266 __DUMMY__ 0.06981146157289281	false	1.0
gewaltsam	neg 1.0		neg 0.5415659333247729 off 0.389425938065479 __DUMMY__ 0.06900812860974821	false	1.0
unbeliebtheit	neg 1.0		neg 0.5393902648083612 off 0.39244586153801897 __DUMMY__ 0.06816387365361991	false	1.0
sturheit	neg 1.0		neg 0.5440358312703804 off 0.3868336927492311 __DUMMY__ 0.06913047598038856	false	1.0
kuh	neg 1.0		neg 0.5400443911035008 off 0.3907837128738793 __DUMMY__ 0.06917189602262	false	1.0
erschrecken	neg 1.0		neg 0.5360013061417382 off 0.3943974574450849 __DUMMY__ 0.06960123641317693	false	1.0
opfer	neg 1.0	neg 1.0	neg 0.7606634995501287 off 0.2060117278739499 __DUMMY__ 0.03332477257592142	false	1.0
sinken	neg 1.0		neg 0.5458622145902268 off 0.3844093791168805 __DUMMY__ 0.06972840629289265	false	1.0
stinktier	neg 1.0		neg 0.5329015194162788 off 0.3982367692161035 __DUMMY__ 0.06886171136761758	false	1.0
tucke	off 1.0		neg 0.5273674869445756 off 0.4035253280766254 __DUMMY__ 0.06910718497879904	false	0.5
ein			neg 0.5371990571259642 off 0.39275261739210837 __DUMMY__ 0.0700483254819275	false	0.0
abstieg	neg 1.0		neg 0.5438514719044396 off 0.38691131107968874 __DUMMY__ 0.0692372170158717	false	1.0
missverstehen	neg 1.0		neg 0.5401982131398408 off 0.390658175879795 __DUMMY__ 0.06914361098036417	false	1.0
ergebnislos	neg 1.0		neg 0.5434865878938786 off 0.3871001658272756 __DUMMY__ 0.06941324627884587	false	1.0
unter			neg 0.5475479134031813 off 0.3818670765648672 __DUMMY__ 0.07058501003195133	false	0.0
manipulieren	neg 1.0		neg 0.5456992371455381 off 0.3848083686909404 __DUMMY__ 0.06949239416352149	false	1.0
unbewiesen	neg 1.0		neg 0.5455097561016435 off 0.3860383840064298 __DUMMY__ 0.06845185989192677	false	1.0
verschleppen	neg 1.0		neg 0.5443006462913123 off 0.3863922508357148 __DUMMY__ 0.06930710287297295	false	1.0
weib	off 1.0		neg 0.5283128520338999 off 0.4029093108787983 __DUMMY__ 0.06877783708730179	false	0.5
opposition	neg 1.0		neg 0.5416298287029 off 0.38955108786416814 __DUMMY__ 0.0688190834329318	false	1.0
verkehrswidrig	neg 1.0		neg 0.5293279243096043 off 0.40137650725746904 __DUMMY__ 0.06929556843292663	false	1.0
inkorrekt	neg 1.0		neg 0.5387743843419006 off 0.3926555285145966 __DUMMY__ 0.06857008714350277	false	1.0
vermeiden	neg 1.0		neg 0.5467856251742521 off 0.3830352458385259 __DUMMY__ 0.07017912898722199	false	1.0
abweichung	neg 1.0		neg 0.5465707714492551 off 0.38458443674587656 __DUMMY__ 0.0688447918048684	false	1.0
alkoholisiert	neg 1.0		neg 0.5418196431646198 off 0.3884358798044138 __DUMMY__ 0.06974447703096623	false	1.0
scheiss	off 1.0	off 1.0	off 0.6819057256100888 neg 0.28488119613691665 __DUMMY__ 0.03321307825299445	false	1.0
herausforderung	neg 1.0		neg 0.5394090208606991 off 0.39030866576224027 __DUMMY__ 0.07028231337706053	false	1.0
pervers	off 1.0		neg 0.5254001014592996 off 0.40589226581040044 __DUMMY__ 0.06870763273030003	false	0.5
wackelig	neg 1.0		neg 0.5394925877752157 off 0.3902339225287021 __DUMMY__ 0.07027348969608217	false	1.0
verwickeln	neg 1.0		neg 0.539511438972053 off 0.3911526960643627 __DUMMY__ 0.06933586496358421	false	1.0
vorwand	neg 1.0		neg 0.5468572713778524 off 0.38360689730455405 __DUMMY__ 0.06953583131759346	false	1.0
muschi	off 1.0		neg 0.5412645275803817 off 0.38950400445036976 __DUMMY__ 0.0692314679692486	false	0.5
entmutigung	neg 1.0		neg 0.5445635912546999 off 0.3873303266743346 __DUMMY__ 0.06810608207096557	false	1.0
unangemessen	neg 1.0		neg 0.5452982025713675 off 0.38556693791042396 __DUMMY__ 0.06913485951820854	false	1.0
unstetig	neg 1.0		neg 0.5378819633283517 off 0.39299708607881123 __DUMMY__ 0.0691209505928372	false	1.0
entmutigen	neg 1.0		neg 0.5389899907694685 off 0.39141690400688167 __DUMMY__ 0.06959310522364985	false	1.0
schwanz	neg 1.0		neg 0.5421640937726564 off 0.3882760611706376 __DUMMY__ 0.06955984505670597	false	1.0
verbot	neg 1.0		neg 0.5449506824034956 off 0.3860722108807146 __DUMMY__ 0.06897710671578998	false	1.0
leid	neg 1.0		neg 0.5304935786818633 off 0.40042114775692517 __DUMMY__ 0.06908527356121145	false	1.0
archaisch	neg 1.0		neg 0.5443390589847887 off 0.386457608884339 __DUMMY__ 0.06920333213087246	false	1.0
gegen			neg 0.5468528217447532 off 0.38371723247899614 __DUMMY__ 0.06942994577625053	false	0.0
scheidung	neg 1.0	neg 1.0	neg 0.7456836586900424 off 0.22145411351693858 __DUMMY__ 0.032862227793019096	false	1.0
einschlag	neg 1.0		neg 0.5310578520828246 off 0.39986247539301256 __DUMMY__ 0.06907967252416289	false	1.0
m			neg 0.5405594779407118 off 0.3896518720724895 __DUMMY__ 0.06978864998679865	false	0.0
abgestanden	neg 1.0		neg 0.539180363773274 off 0.3910805815687545 __DUMMY__ 0.06973905465797128	false	1.0
schmierig	off 1.0		neg 0.5307954811588109 off 0.39992385589826857 __DUMMY__ 0.06928066294292062	false	0.5
unpraktisch	neg 1.0		neg 0.5372476752161734 off 0.3928766890461204 __DUMMY__ 0.06987563573770614	false	1.0
wixxer	off 1.0		neg 0.5264366377883714 off 0.4050904634052099 __DUMMY__ 0.06847289880641866	false	0.5
bezeichnet			neg 0.5428669649608601 off 0.3878991456423107 __DUMMY__ 0.06923388939682917	false	0.0
jammerlappen	off 1.0		neg 0.5361115480202095 off 0.39452097664516517 __DUMMY__ 0.06936747533462513	false	0.5
farce	neg 1.0		neg 0.5471015859152879 off 0.38441444553095194 __DUMMY__ 0.06848396855376024	false	1.0
zwecklos	neg 1.0		neg 0.5447831683887656 off 0.38590621698347943 __DUMMY__ 0.06931061462775505	false	1.0
turbulent	neg 1.0		neg 0.5332297634904947 off 0.39778873776987966 __DUMMY__ 0.0689814987396255	false	1.0
invasion	neg 1.0		neg 0.5360802555154682 off 0.39429451250008146 __DUMMY__ 0.06962523198445025	false	1.0
schuld	neg 1.0		neg 0.5403337079145554 off 0.39027169548604296 __DUMMY__ 0.0693945965994017	false	1.0
risiko	neg 1.0		neg 0.5349054554246547 off 0.39529338405603454 __DUMMY__ 0.0698011605193106	false	1.0
finster	neg 1.0		neg 0.5382388729519402 off 0.39189218908245843 __DUMMY__ 0.06986893796560145	false	1.0
geisteskrank	off 1.0		neg 0.5368906084541427 off 0.3942764197389134 __DUMMY__ 0.06883297180694366	false	0.5
zusammenbrechen	neg 1.0		neg 0.5410957140410765 off 0.38913307635143995 __DUMMY__ 0.06977120960748365	false	1.0
ausbeute	neg 1.0		neg 0.5410255960117833 off 0.38896807849420606 __DUMMY__ 0.07000632549401045	false	1.0
hinterhalt	neg 1.0		neg 0.5392587881529827 off 0.39128760884797165 __DUMMY__ 0.06945360299904586	false	1.0
kritik	neg 1.0		neg 0.5461602024163784 off 0.3851712433569383 __DUMMY__ 0.06866855422668328	false	1.0
einschrumpfen	neg 1.0		neg 0.5394309356338437 off 0.39179755422827844 __DUMMY__ 0.06877151013787794	false	1.0
riskant	neg 1.0		neg 0.5442571098507235 off 0.38606516367693633 __DUMMY__ 0.06967772647234034	false	1.0
frustrieren	neg 1.0		neg 0.545131657727381 off 0.38533790496136555 __DUMMY__ 0.06953043731125329	false	1.0
groll	neg 1.0		neg 0.5443627458797764 off 0.38629270146486416 __DUMMY__ 0.06934455265535945	false	1.0
gibt			neg 0.5428263437944046 off 0.38763153930977073 __DUMMY__ 0.06954211689582454	false	0.0
qualvoll	neg 1.0		neg 0.5370777356138939 off 0.393267330976001 __DUMMY__ 0.06965493341010523	false	1.0
wackeln	neg 1.0		neg 0.5369401021740686 off 0.3930045970065809 __DUMMY__ 0.07005530081935044	false	1.0
klagen	neg 1.0		neg 0.5472885171733868 off 0.3832467164821189 __DUMMY__ 0.06946476634449428	false	1.0
bankrott	neg 1.0		neg 0.5344922747235413 off 0.39594741211304907 __DUMMY__ 0.0695603131634097	false	1.0
trauern	neg 1.0		neg 0.5438967655715294 off 0.38642463075663264 __DUMMY__ 0.06967860367183788	false	1.0
ablehnung	neg 1.0	neg 1.0	neg 0.7613385923768775 off 0.20574747242109978 __DUMMY__ 0.03291393520202276	false	1.0
stur	neg 1.0		neg 0.5396025853908419 off 0.39095331916304393 __DUMMY__ 0.06944409544611414	false	1.0
aufruhr	neg 1.0		neg 0.5428484426497243 off 0.3882609094471599 __DUMMY__ 0.06889064790311566	false	1.0
melancholie	neg 1.0		neg 0.5407372062146035 off 0.3892467530162298 __DUMMY__ 0.0700160407691668	false	1.0
ist			neg 0.5396980637298966 off 0.39091714464929805 __DUMMY__ 0.06938479162080538	false	0.0
torheit	neg 1.0		neg 0.5437542800724944 off 0.38763402290113047 __DUMMY__ 0.06861169702637514	false	1.0
dreckskind	off 1.0		neg 0.5330575860554917 off 0.3985501673688896 __DUMMY__ 0.06839224657561865	false	0.5
umtauschen	neg 1.0		neg 0.539471690786694 off 0.39071512857386476 __DUMMY__ 0.06981318063944118	false	1.0
zum			neg 0.5437439510534268 off 0.38562547511322154 __DUMMY__ 0.07063057383335164	false	0.0
zersetzen	neg 1.0		neg 0.5463391895806029 off 0.3841749842354919 __DUMMY__ 0.06948582618390527	false	1.0
zur			neg 0.5480236384474199 off 0.382115222108196 __DUMMY__ 0.06986113944438405	false	0.0
frust	neg 1.0		neg 0.541875121658484 off 0.3884419913249656 __DUMMY__ 0.06968288701655032	false	1.0
unerbittlichkeit	neg 1.0		neg 0.5459969707046837 off 0.3846404660859834 __DUMMY__ 0.06936256320933286	false	1.0
zwei			neg 0.5434568035676253 off 0.3862259449030198 __DUMMY__ 0.07031725152935499	false	0.0
unkorrekt	neg 1.0		neg 0.536613852411408 off 0.39460125346798375 __DUMMY__ 0.06878489412060829	false	1.0
hexe	off 1.0		neg 0.5348550394933045 off 0.3957423494543743 __DUMMY__ 0.06940261105232107	false	0.5
lasch	neg 1.0		neg 0.5390087095644996 off 0.39189257954629625 __DUMMY__ 0.06909871088920416	false	1.0
rivale	neg 1.0		neg 0.5326684119243398 off 0.3984069013249633 __DUMMY__ 0.0689246867506968	false	1.0
mutlos	off 1.0	off 1.0	off 0.6753118019549536 neg 0.29158895088151204 __DUMMY__ 0.03309924716353439	false	1.0
wirr	off 1.0		neg 0.5346326318898572 off 0.3965706749071294 __DUMMY__ 0.06879669320301346	false	0.5
jahr			neg 0.5420194528362609 off 0.38789444405824414 __DUMMY__ 0.07008610310549498	false	0.0
wird			neg 0.5438591281782255 off 0.3865182998080613 __DUMMY__ 0.06962257201371332	false	0.0
strafbar	neg 1.0		neg 0.5465820150913048 off 0.38425073472686466 __DUMMY__ 0.0691672501818306	false	1.0
erosion	neg 1.0		neg 0.5371832893318662 off 0.39304342629392786 __DUMMY__ 0.06977328437420571	false	1.0
eingehen	neg 1.0		neg 0.5447420233111128 off 0.38586140590366247 __DUMMY__ 0.06939657078522475	false	1.0
faul	off 1.0		neg 0.5340673343547127 off 0.39614039392150524 __DUMMY__ 0.06979227172378197	false	0.5
provisorium	neg 1.0		neg 0.5493936742174965 off 0.38025651413098627 __DUMMY__ 0.07034981165151726	false	1.0
schmerzen	neg 1.0		neg 0.5405353557723231 off 0.3896866855013258 __DUMMY__ 0.06977795872635119	false	1.0
schrumpfen	neg 1.0		neg 0.5478368540003828 off 0.38218800498333577 __DUMMY__ 0.06997514101628154	false	1.0
geistlos	off 1.0		neg 0.5426513762952205 off 0.3888624107500181 __DUMMY__ 0.06848621295476136	false	0.5
fehlkauf	neg 1.0		neg 0.538287159519148 off 0.39246472145765987 __DUMMY__ 0.06924811902319211	false	1.0
frustrierend	neg 1.0	neg 1.0	neg 0.7565686734341304 off 0.21014796839260358 __DUMMY__ 0.03328335817326603	false	1.0
unzufrieden	neg 1.0		neg 0.5438142340395287 off 0.3867015864235407 __DUMMY__ 0.0694841795369306	false	1.0
verzweifeln	neg 1.0		neg 0.5408602397991389 off 0.38949182544464034 __DUMMY__ 0.06964793475622083	false	1.0
verzweifelt	neg 1.0		neg 0.539565092864997 off 0.39096269686461227 __DUMMY__ 0.0694722102703907	false	1.0
misstrauensantrag	neg 1.0		neg 0.5391991116593887 off 0.3917209205625354 __DUMMY__ 0.06907996777807598	false	1.0
abfallen	neg 1.0		neg 0.5365780654012989 off 0.39332669027511524 __DUMMY__ 0.07009524432358574	false	1.0
fucker	off 1.0		neg 0.5335787936801982 off 0.39737862191489876 __DUMMY__ 0.06904258440490309	false	0.5
ungezogen	neg 1.0		neg 0.5269280057587921 off 0.4040909905255973 __DUMMY__ 0.0689810037156107	false	1.0
irrsinnig	neg 1.0	neg 1.0	neg 0.7588952921570055 off 0.20793512072880244 __DUMMY__ 0.03316958711419201	false	1.0
unfassbar	neg 1.0		neg 0.535713059728336 off 0.3949580450510783 __DUMMY__ 0.06932889522058566	false	1.0
hart	neg 1.0		neg 0.5365456881505861 off 0.3943816658133557 __DUMMY__ 0.06907264603605813	false	1.0
widerlich	off 1.0		neg 0.5358135353157062 off 0.395078296255099 __DUMMY__ 0.0691081684291947	false	0.5
fatal	neg 1.0		neg 0.538118114732002 off 0.3925710259046928 __DUMMY__ 0.06931085936330525	false	1.0
bruch	neg 1.0		neg 0.5490186043986794 off 0.381728004266454 __DUMMY__ 0.06925339133486662	false	1.0
aushungern	neg 1.0		neg 0.5431574290677447 off 0.3879246635951428 __DUMMY__ 0.06891790733711248	false	1.0
anspannung	neg 1.0		neg 0.5457639195970003 off 0.3841603749594506 __DUMMY__ 0.07007570544354903	false	1.0
von			neg 0.5429571809259928 off 0.3869325597677262 __DUMMY__ 0.0701102593062809	false	0.0
kraftlos	neg 1.0		neg 0.5408155458458171 off 0.3890753549746942 __DUMMY__ 0.07010909917948858	false	1.0
vom			neg 0.5470519630689265 off 0.3824271220043804 __DUMMY__ 0.07052091492669309	false	0.0
grenzdebil	off 1.0		neg 0.5336989171446673 off 0.3968500662918416 __DUMMY__ 0.0694510165634911	false	0.5
vor			neg 0.5450880235690844 off 0.38494241958598613 __DUMMY__ 0.06996955684492959	false	0.0
unterwerfen	neg 1.0		neg 0.5451771688825638 off 0.3854400805097873 __DUMMY__ 0.06938275060764887	false	1.0
versenkung	neg 1.0		neg 0.5447390891456334 off 0.38568016617157164 __DUMMY__ 0.06958074468279507	false	1.0
entziehen	neg 1.0		neg 0.5473745085384365 off 0.38305879607228127 __DUMMY__ 0.06956669538928224	false	1.0
finanzkrise	neg 1.0		neg 0.5440781839073945 off 0.3871066235718786 __DUMMY__ 0.06881519252072682	false	1.0
schimpfend	neg 1.0		neg 0.5348900601376132 off 0.3948893281840726 __DUMMY__ 0.07022061167831427	false	1.0
profan	neg 1.0		neg 0.5385438874294971 off 0.39200916035481304 __DUMMY__ 0.06944695221568993	false	1.0
korruption	neg 1.0		neg 0.5459399886461231 off 0.38516710436280566 __DUMMY__ 0.06889290699107126	false	1.0
â			neg 0.5417373936778167 off 0.38850006773459533 __DUMMY__ 0.0697625385875881	false	0.0
schmutzig	neg 1.0		neg 0.5326837905769876 off 0.39756030511476537 __DUMMY__ 0.06975590430824713	false	1.0
sexy	neg 1.0		neg 0.5357332869293665 off 0.39481091534319085 __DUMMY__ 0.06945579772744258	false	1.0
abraten	neg 1.0		neg 0.5380925695478728 off 0.3921962115429011 __DUMMY__ 0.06971121890922614	false	1.0
schwarz	neg 1.0		neg 0.53884940447879 off 0.3917836391376812 __DUMMY__ 0.06936695638352892	false	1.0
fotze	off 1.0		neg 0.542935742600249 off 0.38773999379725105 __DUMMY__ 0.06932426360249999	false	0.5
verwirren	neg 1.0		neg 0.5374855425864656 off 0.3930537594003696 __DUMMY__ 0.06946069801316475	false	1.0
zahnlos	off 1.0		neg 0.5444080376310771 off 0.38629256513338667 __DUMMY__ 0.06929939723553619	false	0.5
verheeren	neg 1.0		neg 0.5271266970595266 off 0.4044117206227633 __DUMMY__ 0.06846158231771007	false	1.0
hippie	neg 1.0		neg 0.53633708830265 off 0.3942692770836652 __DUMMY__ 0.06939363461368475	false	1.0
rammen	neg 1.0		neg 0.5366575046736849 off 0.3937816540641855 __DUMMY__ 0.0695608412621296	false	1.0
unlauter	neg 1.0	neg 1.0	neg 0.758051652678714 off 0.20886941680572207 __DUMMY__ 0.033078930515563966	false	1.0
unheilvoll	neg 1.0		neg 0.537406306940232 off 0.3929317070987521 __DUMMY__ 0.06966198596101597	false	1.0
niedrig	neg 1.0		neg 0.5437699295072072 off 0.38677541397069365 __DUMMY__ 0.06945465652209931	false	1.0
explosion	neg 1.0		neg 0.5360169630106456 off 0.3944159802306369 __DUMMY__ 0.06956705675871737	false	1.0
weichei	off 1.0		neg 0.5301044534611526 off 0.40089587414723854 __DUMMY__ 0.06899967239160872	false	0.5
minusmensch	off 1.0		neg 0.5285843725888834 off 0.4031761696925931 __DUMMY__ 0.06823945771852352	false	0.5
farblos	neg 1.0		neg 0.5397395797857842 off 0.3908863875471249 __DUMMY__ 0.06937403266709077	false	1.0
unwissend	neg 1.0	neg 1.0	neg 0.7565234956002587 off 0.21037654789650026 __DUMMY__ 0.033099956503241136	false	1.0
traurig	neg 1.0		neg 0.5321370424150668 off 0.39849168999068163 __DUMMY__ 0.06937126759425147	false	1.0
senkung	neg 1.0		neg 0.537908140574383 off 0.39286016567077087 __DUMMY__ 0.06923169375484634	false	1.0
ungleich	neg 1.0	neg 1.0	neg 0.7616693301295291 off 0.2051741557838666 __DUMMY__ 0.03315651408660423	false	1.0
heikel	neg 1.0		neg 0.5459675388202798 off 0.38446563609772616 __DUMMY__ 0.06956682508199401	false	1.0
drosselung	neg 1.0		neg 0.5311126148097047 off 0.3994352010869038 __DUMMY__ 0.06945218410339153	false	1.0
falsch	neg 1.0		neg 0.5367929911495399 off 0.39383966210660715 __DUMMY__ 0.06936734674385281	false	1.0
unzufriedenheit	neg 1.0		neg 0.5465925903801864 off 0.38392017289807506 __DUMMY__ 0.0694872367217385	false	1.0
kurz	neg 1.0		neg 0.539843492398948 off 0.390120597418297 __DUMMY__ 0.07003591018275483	false	1.0
unsinnig	neg 1.0		neg 0.5435509221427012 off 0.38702847031753546 __DUMMY__ 0.06942060753976347	false	1.0
penner	off 1.0	off 1.0	off 0.6851529481997265 neg 0.28181118581517306 __DUMMY__ 0.03303586598510043	false	1.0
seicht	neg 1.0		neg 0.5296705043085146 off 0.4017851885641776 __DUMMY__ 0.06854430712730777	false	1.0
dummheit	off 1.0	off 1.0	off 0.678741280946399 neg 0.28819107409425543 __DUMMY__ 0.033067644959345714	false	1.0
unerfreulich	neg 1.0		neg 0.5460110535443198 off 0.38429401715350364 __DUMMY__ 0.06969492930217652	false	1.0
motherfucker	off 1.0	off 1.0	off 0.6821491691670533 neg 0.2848088806082186 __DUMMY__ 0.03304195022472817	false	1.0
pikiert	neg 1.0		neg 0.5369704937641387 off 0.39386005419026743 __DUMMY__ 0.0691694520455938	false	1.0
wrack	neg 1.0		neg 0.5408561547533957 off 0.38929605170022386 __DUMMY__ 0.06984779354638064	false	1.0
gangster	neg 1.0		neg 0.5372477444770756 off 0.3933512960158296 __DUMMY__ 0.06940095950709478	false	1.0
krank	neg 1.0		neg 0.5328082866323508 off 0.39754940479922446 __DUMMY__ 0.06964230856842486	false	1.0
reich	neg 1.0		neg 0.5399610235023148 off 0.391728987655167 __DUMMY__ 0.06830998884251814	false	1.0
gnadenlos	neg 1.0		neg 0.5397134114581076 off 0.3908085640873481 __DUMMY__ 0.06947802445454422	false	1.0
niedergeschlagen	neg 1.0		neg 0.5414410762578169 off 0.38886790497594254 __DUMMY__ 0.06969101876624066	false	1.0
terrorisieren	off 1.0	off 1.0	off 0.6762154170102648 neg 0.29042449769098516 __DUMMY__ 0.03336008529875002	false	1.0
sinnlosigkeit	neg 1.0		neg 0.5441907836089022 off 0.3864756533634989 __DUMMY__ 0.0693335630275989	false	1.0
behindern	neg 1.0		neg 0.5391601942664882 off 0.39105409706620947 __DUMMY__ 0.06978570866730234	false	1.0
undemokratisch	neg 1.0		neg 0.5427115332171959 off 0.3885530141681843 __DUMMY__ 0.0687354526146198	false	1.0
wirtschaftskrise	neg 1.0		neg 0.5449339758139711 off 0.3859755002828791 __DUMMY__ 0.0690905239031499	false	1.0
neid	neg 1.0		neg 0.5354943038574426 off 0.394801567680898 __DUMMY__ 0.06970412846165946	false	1.0
rutschen	neg 1.0		neg 0.5433355944421693 off 0.385990958708984 __DUMMY__ 0.07067344684884673	false	1.0
rezession	neg 1.0		neg 0.5339522648375132 off 0.3975049282076391 __DUMMY__ 0.06854280695484771	false	1.0
fehlgeburt	neg 1.0		neg 0.5400941948732707 off 0.39049141450278535 __DUMMY__ 0.0694143906239439	false	1.0
charakterschwach	off 1.0		neg 0.5358472710314744 off 0.3950142259573055 __DUMMY__ 0.06913850301122014	false	0.5
isolation	neg 1.0		neg 0.5346421479576565 off 0.3959188077968364 __DUMMY__ 0.0694390442455071	false	1.0
ablenkung	neg 1.0		neg 0.5391825011638937 off 0.3910793241512285 __DUMMY__ 0.06973817468487786	false	1.0
pech	neg 1.0		neg 0.5372166944117281 off 0.3933209291042423 __DUMMY__ 0.06946237648402957	false	1.0
vermeidung	neg 1.0		neg 0.5322223678029836 off 0.39825252050844395 __DUMMY__ 0.06952511168857242	false	1.0
dominieren	neg 1.0		neg 0.5419626171837435 off 0.3885494261452288 __DUMMY__ 0.06948795667102772	false	1.0
schwindlig	neg 1.0		neg 0.5355656347297778 off 0.3945883607454692 __DUMMY__ 0.06984600452475279	false	1.0
lutscher	neg 1.0		neg 0.5283231760895726 off 0.403080263544051 __DUMMY__ 0.06859656036637646	false	1.0
pflicht	neg 1.0		neg 0.5464525256306585 off 0.38403130445904676 __DUMMY__ 0.06951616991029455	false	1.0
faschist	off 1.0		neg 0.5418984260144393 off 0.38943027401905106 __DUMMY__ 0.06867129996650967	false	0.5
verschleudern	neg 1.0		neg 0.5452477014096248 off 0.38558658650738853 __DUMMY__ 0.06916571208298675	false	1.0
wenn			neg 0.5364370148213026 off 0.39412703915868436 __DUMMY__ 0.06943594602001299	false	0.0
ehebruch	neg 1.0		neg 0.5454463835023021 off 0.38531443505770674 __DUMMY__ 0.06923918143999115	false	1.0
spott	off 1.0		neg 0.5460618174870995 off 0.38466983079845185 __DUMMY__ 0.06926835171444855	false	0.5
trostlosigkeit	neg 1.0		neg 0.5488763270816233 off 0.3821193002224592 __DUMMY__ 0.06900437269591755	false	1.0
lutschen	neg 1.0		neg 0.5371222797432306 off 0.39381536056714217 __DUMMY__ 0.06906235968962719	false	1.0
undiszipliniert	neg 1.0		neg 0.533290276424079 off 0.3974274098075737 __DUMMY__ 0.06928231376834713	false	1.0
kopfschmerz	neg 1.0		neg 0.5409729404922308 off 0.3894659347936608 __DUMMY__ 0.06956112471410844	false	1.0
unvorhergesehen	neg 1.0		neg 0.5396165850101176 off 0.3902583337125034 __DUMMY__ 0.07012508127737903	false	1.0
desinteressiert	neg 1.0		neg 0.5346402053850701 off 0.3962615683417012 __DUMMY__ 0.06909822627322863	false	1.0
armselig	off 1.0		neg 0.534222732511227 off 0.3968207797563726 __DUMMY__ 0.06895648773240032	false	0.5
desaster	neg 1.0		neg 0.5491071011501356 off 0.381587202463829 __DUMMY__ 0.06930569638603533	false	1.0
tod	neg 1.0		neg 0.5465124333232443 off 0.3844260517628854 __DUMMY__ 0.06906151491387048	false	1.0
herzlos	neg 1.0		neg 0.5316454498424358 off 0.39904929432875375 __DUMMY__ 0.06930525582881054	false	1.0
unwissenheit	neg 1.0		neg 0.5450589618720382 off 0.3857620516250812 __DUMMY__ 0.06917898650288062	false	1.0
widersinnig	neg 1.0		neg 0.5455726181210321 off 0.38563762540458224 __DUMMY__ 0.0687897564743858	false	1.0
bedenklich	neg 1.0		neg 0.545094652710924 off 0.38540123055977765 __DUMMY__ 0.06950411672929818	false	1.0
beanstanden	neg 1.0		neg 0.5465754039860491 off 0.38385702897411295 __DUMMY__ 0.06956756703983813	false	1.0
panisch	neg 1.0	neg 1.0	neg 0.7556849683452495 off 0.21068899300854882 __DUMMY__ 0.03362603864620168	false	1.0
debil	off 1.0		neg 0.5489294347246447 off 0.38135741440108595 __DUMMY__ 0.06971315087426919	false	0.5
abstrich	neg 1.0		neg 0.5375399015369651 off 0.3924872296496494 __DUMMY__ 0.06997286881338552	false	1.0
primitiv	neg 1.0		neg 0.5353653651389525 off 0.3955662553185684 __DUMMY__ 0.06906837954247899	false	1.0
abschaum	off 1.0	off 1.0	off 0.6800350597486896 neg 0.28695781943720555 __DUMMY__ 0.03300712081410481	false	1.0
provozieren	neg 1.0		neg 0.5417130486450745 off 0.3890576030841941 __DUMMY__ 0.0692293482707313	false	1.0
tot	neg 1.0		neg 0.5425359527817579 off 0.3881721804842799 __DUMMY__ 0.06929186673396208	false	1.0
instabil	neg 1.0		neg 0.5343182389500973 off 0.39701925111113084 __DUMMY__ 0.06866250993877188	false	1.0
schwuchtel	off 1.0		neg 0.5245886154436158 off 0.4072875167312774 __DUMMY__ 0.06812386782510688	false	0.5
zerren	neg 1.0		neg 0.541349446032989 off 0.38891638557295516 __DUMMY__ 0.06973416839405588	false	1.0
kinderficker	off 1.0		neg 0.5323716128003193 off 0.3988492248303878 __DUMMY__ 0.06877916236929281	false	0.5
gefahr	neg 1.0		neg 0.5453318072622942 off 0.38534849932586784 __DUMMY__ 0.06931969341183802	false	1.0
rabiat	neg 1.0		neg 0.540661180781171 off 0.38984257502628555 __DUMMY__ 0.06949624419254344	false	1.0
verlangsamung	neg 1.0		neg 0.5302589269295515 off 0.40124111159823367 __DUMMY__ 0.06849996147221483	false	1.0
ausgestorben	neg 1.0		neg 0.5415334155081155 off 0.3887930181716169 __DUMMY__ 0.06967356632026754	false	1.0
anklagen	neg 1.0		neg 0.5428502643035494 off 0.38800488116874454 __DUMMY__ 0.06914485452770598	false	1.0
trott	neg 1.0		neg 0.5396553198235682 off 0.39068283473276033 __DUMMY__ 0.0696618454436716	false	1.0
verminderung	neg 1.0		neg 0.5326814037372782 off 0.39806609044423863 __DUMMY__ 0.0692525058184832	false	1.0
nach			neg 0.5453095318460741 off 0.38434012939678436 __DUMMY__ 0.07035033875714154	false	0.0
rost	neg 1.0		neg 0.5281832758669023 off 0.4030041363482788 __DUMMY__ 0.06881258778481891	false	1.0
destruktiv	neg 1.0		neg 0.5437175878976255 off 0.3871711511416886 __DUMMY__ 0.06911126096068589	false	1.0
unzumutbarkeit	neg 1.0		neg 0.5326302804807926 off 0.39793792678429113 __DUMMY__ 0.06943179273491629	false	1.0
labil	off 1.0	off 1.0	off 0.6809547986005546 neg 0.2859825612550819 __DUMMY__ 0.03306264014436336	false	1.0
ziemlich	neg 1.0		neg 0.5346122872922313 off 0.39598939018631235 __DUMMY__ 0.06939832252145622	false	1.0
lachnummer	off 1.0		neg 0.543452217221505 off 0.3873897983223836 __DUMMY__ 0.06915798445611142	false	0.5
oder			neg 0.5391731204568683 off 0.39101573623763086 __DUMMY__ 0.06981114330550071	false	0.0
verfall	neg 1.0		neg 0.5491358980996891 off 0.3811318492590031 __DUMMY__ 0.06973225264130777	false	1.0
ausgrenzung	neg 1.0		neg 0.5418572353773606 off 0.38940163812140677 __DUMMY__ 0.06874112650123265	false	1.0
unordnung	neg 1.0		neg 0.5324728448494376 off 0.3986906401115194 __DUMMY__ 0.06883651503904309	false	1.0
fehlverhalten	neg 1.0		neg 0.5461588280218453 off 0.38453170714164264 __DUMMY__ 0.06930946483651194	false	1.0
eine			neg 0.5453383145551179 off 0.38480710699871656 __DUMMY__ 0.06985457844616542	false	0.0
nille	neg 1.0		neg 0.5421526706569729 off 0.3887249127752177 __DUMMY__ 0.06912241656780929	false	1.0
qual	neg 1.0		neg 0.5399385761967926 off 0.3904365360361923 __DUMMY__ 0.06962488776701489	false	1.0
verschwenden	neg 1.0		neg 0.5445714277420457 off 0.385847769469981 __DUMMY__ 0.06958080278797328	false	1.0
riesig	neg 1.0		neg 0.541076131681987 off 0.3893438105229434 __DUMMY__ 0.06958005779506964	false	1.0
verurteilen	neg 1.0		neg 0.5450653578663132 off 0.3858086077021976 __DUMMY__ 0.06912603443148925	false	1.0
klischee	neg 1.0	neg 1.0	neg 0.757870881019113 off 0.20909242635412953 __DUMMY__ 0.03303669262675753	false	1.0
diktatorisch	neg 1.0		neg 0.5440165677388333 off 0.3874696036978374 __DUMMY__ 0.0685138285633293	false	1.0
vorhersehbar	neg 1.0		neg 0.5408137228325947 off 0.39017453029363675 __DUMMY__ 0.06901174687376858	false	1.0
sowie			neg 0.5314891116396235 off 0.399905462248271 __DUMMY__ 0.06860542611210561	false	0.0
stornieren	neg 1.0		neg 0.5359614409822279 off 0.39429060035831837 __DUMMY__ 0.06974795865945388	false	1.0
besteuerung	neg 1.0		neg 0.5401586262400855 off 0.3906223144254914 __DUMMY__ 0.06921905933442306	false	1.0
ungeschminkt	neg 1.0		neg 0.5348119841358769 off 0.39599198624128884 __DUMMY__ 0.06919602962283418	false	1.0
kritisch	neg 1.0		neg 0.5459002940798675 off 0.3848106678464968 __DUMMY__ 0.0692890380736358	false	1.0
schlamperei	off 1.0		neg 0.5450878186213773 off 0.38563497255165363 __DUMMY__ 0.06927720882696892	false	0.5
sucht	neg 1.0	neg 1.0	neg 0.7548717113150686 off 0.21148712863992647 __DUMMY__ 0.03364116004500491	false	1.0
egoistisch	off 1.0		neg 0.5301986861602545 off 0.40077211178368277 __DUMMY__ 0.06902920205606275	false	0.5
ausbeuter	off 1.0		neg 0.5472834122845625 off 0.3835384218564098 __DUMMY__ 0.06917816585902777	false	0.5
arschgeburt	off 1.0		neg 0.5247671053105233 off 0.4071099602617433 __DUMMY__ 0.0681229344277335	false	0.5
schubs	neg 1.0	neg 1.0	neg 0.7586647805816042 off 0.2077619186394792 __DUMMY__ 0.03357330077891647	false	1.0
unsolide	neg 1.0		neg 0.5411938379703513 off 0.3905340728474576 __DUMMY__ 0.06827208918219106	false	1.0
beschwerde	neg 1.0		neg 0.544121342954349 off 0.38659365159153464 __DUMMY__ 0.06928500545411642	false	1.0
stocken	neg 1.0		neg 0.5429524064117485 off 0.3874301952314326 __DUMMY__ 0.06961739835681913	false	1.0
isolieren	neg 1.0		neg 0.5396088101393905 off 0.39057153534079114 __DUMMY__ 0.06981965451981827	false	1.0
unheilbar	neg 1.0		neg 0.5407913882307398 off 0.38987389085633345 __DUMMY__ 0.06933472091292671	false	1.0
pisser	off 1.0		neg 0.5334359879174636 off 0.39773888346991015 __DUMMY__ 0.06882512861262637	false	0.5
löschen	neg 1.0		neg 0.5395578383595959 off 0.39104259590622653 __DUMMY__ 0.06939956573417742	false	1.0
durchfallen	neg 1.0		neg 0.5441916664237594 off 0.386259975471058 __DUMMY__ 0.06954835810518256	false	1.0
wichser	off 1.0		neg 0.5263365260626793 off 0.40494660292188994 __DUMMY__ 0.06871687101543059	false	0.5
terror	neg 1.0		neg 0.5349345498913493 off 0.39538340818871315 __DUMMY__ 0.06968204191993758	false	1.0
krass	neg 1.0		neg 0.5319224826196358 off 0.3989332075317853 __DUMMY__ 0.06914430984857894	false	1.0
revolte	neg 1.0	neg 1.0	neg 0.7593474269959386 off 0.20793682784923884 __DUMMY__ 0.032715745154822555	false	1.0
besorgt	neg 1.0		neg 0.5390318288204278 off 0.39080572540239 __DUMMY__ 0.07016244577718228	false	1.0
nachlassen	neg 1.0		neg 0.5417136815170085 off 0.3885421029741271 __DUMMY__ 0.06974421550886437	false	1.0
alt	neg 1.0		neg 0.5419887552773093 off 0.3879498700638286 __DUMMY__ 0.07006137465886209	false	1.0
hundesohn	off 1.0		neg 0.5288382854487694 off 0.4027642980502475 __DUMMY__ 0.06839741650098305	false	0.5
als			neg 0.5420517091897729 off 0.38817108635463426 __DUMMY__ 0.06977720445559289	false	0.0
abschreckung	neg 1.0		neg 0.5470332382269153 off 0.3835426418525759 __DUMMY__ 0.06942411992050865	false	1.0
unqualifiziert	neg 1.0		neg 0.5398143645265335 off 0.39107363640667786 __DUMMY__ 0.0691119990667887	false	1.0
abgewichst	off 1.0		neg 0.5419995906458382 off 0.388616784661141 __DUMMY__ 0.06938362469302076	false	0.5
schwer	neg 1.0		neg 0.5405517564106626 off 0.3897926855217674 __DUMMY__ 0.06965555806757008	false	1.0
bedeutungslosigkeit	neg 1.0		neg 0.5468598329934427 off 0.38381673123737947 __DUMMY__ 0.06932343576917786	false	1.0
kapitulation	neg 1.0		neg 0.5473836102928444 off 0.38387103170575115 __DUMMY__ 0.06874535800140454	false	1.0
unscharf	neg 1.0		neg 0.5374095979227876 off 0.3931882408468591 __DUMMY__ 0.0694021612303533	false	1.0
schwinden	neg 1.0		neg 0.5450287767187113 off 0.38538724161559534 __DUMMY__ 0.06958398166569348	false	1.0
versklavung	neg 1.0	neg 1.0	neg 0.759930801309872 off 0.20719442543401198 __DUMMY__ 0.03287477325611601	false	1.0
schlecht	neg 1.0		neg 0.5339031002116923 off 0.39663513362261615 __DUMMY__ 0.06946176616569155	false	1.0
verhasst	neg 1.0		neg 0.5421380875230897 off 0.38872633781289145 __DUMMY__ 0.06913557466401894	false	1.0
beschweren	neg 1.0		neg 0.5384980956230198 off 0.3919327232555031 __DUMMY__ 0.06956918112147724	false	1.0
scheiden	neg 1.0		neg 0.5408414828230793 off 0.3895859334552777 __DUMMY__ 0.06957258372164284	false	1.0
frustriert	neg 1.0		neg 0.5421067198234614 off 0.38832076491464945 __DUMMY__ 0.06957251526188903	false	1.0
schimmelig	neg 1.0		neg 0.5442075266018666 off 0.3863250246491371 __DUMMY__ 0.06946744874899627	false	1.0
fisch	neg 1.0	neg 1.0	neg 0.7585603032580591 off 0.20785747272135224 __DUMMY__ 0.033582224020588664	false	1.0
schmuggel	neg 1.0		neg 0.5435831569809907 off 0.3864731728461937 __DUMMY__ 0.06994367017281573	false	1.0
auffallen	neg 1.0		neg 0.5382799881265486 off 0.3922238598795892 __DUMMY__ 0.06949615199386219	false	1.0
konkurrenz	neg 1.0		neg 0.5449623258803411 off 0.3851571749543034 __DUMMY__ 0.06988049916535541	false	1.0
teufelskreis	neg 1.0		neg 0.5427523979978742 off 0.3878587641212095 __DUMMY__ 0.0693888378809163	false	1.0
aufschreien	neg 1.0		neg 0.5399463805587263 off 0.3908716693069195 __DUMMY__ 0.06918195013435406	false	1.0
schuldner	neg 1.0		neg 0.5461409057093478 off 0.3846375327566562 __DUMMY__ 0.06922156153399597	false	1.0
missgeburt	off 1.0	off 1.0	off 0.6839525970769302 neg 0.2831767962549245 __DUMMY__ 0.032870606668145265	false	1.0
arbeitslos	neg 1.0		neg 0.5439092529386487 off 0.3866999731043182 __DUMMY__ 0.06939077395703316	false	1.0
befallen	neg 1.0		neg 0.5460700252363402 off 0.38504338384187187 __DUMMY__ 0.06888659092178805	false	1.0
miesepetrig	off 1.0		neg 0.5338907984260076 off 0.3965807694152753 __DUMMY__ 0.06952843215871721	false	0.5
alarmieren	neg 1.0		neg 0.537060643082292 off 0.39394257450500264 __DUMMY__ 0.06899678241270538	false	1.0
ungeduscht	off 1.0		neg 0.5370113653772968 off 0.39353517222981393 __DUMMY__ 0.06945346239288935	false	0.5
knappheit	neg 1.0		neg 0.5432713585904216 off 0.38733595558356915 __DUMMY__ 0.06939268582600913	false	1.0
schlange	neg 1.0		neg 0.5375747097360376 off 0.3926441812882696 __DUMMY__ 0.0697811089756927	false	1.0
harsch	neg 1.0		neg 0.5277128612902956 off 0.4030232734466735 __DUMMY__ 0.06926386526303098	false	1.0
lang	neg 1.0		neg 0.5389742523608064 off 0.39152871095229064 __DUMMY__ 0.06949703668690288	false	1.0
ziellos	neg 1.0		neg 0.5430349119782879 off 0.3872820341050431 __DUMMY__ 0.06968305391666901	false	1.0
selbstverliebt	neg 1.0		neg 0.527388927239388 off 0.4043623996824313 __DUMMY__ 0.06824867307818058	false	1.0
beseitigen	neg 1.0		neg 0.5371350856127751 off 0.3929905098284868 __DUMMY__ 0.06987440455873799	false	1.0
dumm	off 1.0		neg 0.5302065886664176 off 0.4009296347331175 __DUMMY__ 0.06886377660046496	false	0.5
arbeitsloser	neg 1.0		neg 0.5445736103364753 off 0.3859794950396654 __DUMMY__ 0.06944689462385926	false	1.0
blitzen	neg 1.0		neg 0.537271528006894 off 0.3934736654174946 __DUMMY__ 0.06925480657561142	false	1.0
hilflos	neg 1.0		neg 0.5422870316178082 off 0.38809600384009996 __DUMMY__ 0.06961696454209178	false	1.0
eklig	off 1.0		neg 0.5299021433554029 off 0.40139029966905504 __DUMMY__ 0.06870755697554205	false	0.5
begriff			neg 0.5428104409267895 off 0.3877651845221632 __DUMMY__ 0.06942437455104723	false	0.0
hungersnot	neg 1.0		neg 0.5448781260456541 off 0.38643478728127467 __DUMMY__ 0.06868708667307115	false	1.0
ungesetzlich	neg 1.0		neg 0.5418341284583605 off 0.3895260164960572 __DUMMY__ 0.06863985504558216	false	1.0
verschwendung	neg 1.0		neg 0.545478553847219 off 0.38491970088829447 __DUMMY__ 0.06960174526448658	false	1.0
schmerzvoll	neg 1.0		neg 0.5386268412280731 off 0.39182373865016745 __DUMMY__ 0.06954942012175935	false	1.0
vorzeitig	neg 1.0		neg 0.5344412972907963 off 0.39618408861943594 __DUMMY__ 0.0693746140897679	false	1.0
unvollkommenheit	neg 1.0		neg 0.5403980608963961 off 0.39014009752021384 __DUMMY__ 0.06946184158339004	false	1.0
intervenieren	neg 1.0		neg 0.5472631999153107 off 0.3836482310919412 __DUMMY__ 0.0690885689927481	false	1.0
banause	off 1.0		neg 0.5287861225183904 off 0.40263054238083557 __DUMMY__ 0.06858333510077393	false	0.5
rebell	neg 1.0		neg 0.5450861494471968 off 0.38510131593322977 __DUMMY__ 0.06981253461957339	false	1.0
unlogisch	neg 1.0		neg 0.5334862284433877 off 0.3974754493922688 __DUMMY__ 0.06903832216434351	false	1.0
leiden	neg 1.0	neg 1.0	neg 0.7585691558571694 off 0.20751070006529168 __DUMMY__ 0.03392014407753874	false	1.0
abschaffung	neg 1.0		neg 0.5413003427161414 off 0.3896166515167056 __DUMMY__ 0.06908300576715308	false	1.0
sturz	neg 1.0		neg 0.5410335380340476 off 0.38996297573463895 __DUMMY__ 0.06900348623131346	false	1.0
verkleinerung	neg 1.0		neg 0.5389388958701588 off 0.39224219085709955 __DUMMY__ 0.06881891327274159	false	1.0
schmarotzer	off 1.0		neg 0.5453711798846563 off 0.3854196882151263 __DUMMY__ 0.06920913190021735	false	0.5
bestrafung	neg 1.0		neg 0.5402310192004205 off 0.39045422935949803 __DUMMY__ 0.06931475144008145	false	1.0
achtlos	neg 1.0		neg 0.53989404967879 off 0.3903299571022653 __DUMMY__ 0.06977599321894483	false	1.0
ungeheuer	neg 1.0		neg 0.5388699628383866 off 0.3918171367421028 __DUMMY__ 0.06931290041951067	false	1.0
unaufrichtig	neg 1.0		neg 0.5405269492648941 off 0.3906874853983817 __DUMMY__ 0.06878556533672414	false	1.0
groggy	neg 1.0		neg 0.5370859088105155 off 0.39359509555215466 __DUMMY__ 0.06931899563732986	false	1.0
verletzlich	neg 1.0		neg 0.5347864150830931 off 0.39597550981965307 __DUMMY__ 0.06923807509725378	false	1.0
ablehnen	neg 1.0		neg 0.5444238354836862 off 0.3862878725345166 __DUMMY__ 0.06928829198179715	false	1.0
