unsolidarisch	neg 1.0		neg 0.580559632794029 off 0.4122890213371662 __DUMMY__ 0.007151345868804842	false	1.0
nachteilig	neg 1.0		neg 0.5799535360967569 off 0.4127940117194995 __DUMMY__ 0.0072524521837435945	false	1.0
skeptisch	neg 1.0		neg 0.58221029157835 off 0.4105121387295879 __DUMMY__ 0.0072775696920620815	false	1.0
schrecklich	neg 1.0		neg 0.5679096964275107 off 0.4248707732378095 __DUMMY__ 0.007219530334679849	false	1.0
schlapp	neg 1.0		neg 0.5706215086554284 off 0.42210408757314877 __DUMMY__ 0.0072744037714229486	false	1.0
abfall	neg 1.0		neg 0.5838590496379027 off 0.4088555612419665 __DUMMY__ 0.007285389120130852	false	1.0
widerspenstig	neg 1.0		neg 0.5754628913460124 off 0.4172443581870687 __DUMMY__ 0.0072927504669188575	false	1.0
abrupt	neg 1.0		neg 0.5767960364936193 off 0.41590266524137803 __DUMMY__ 0.007301298265002741	false	1.0
unwirksam	neg 1.0		neg 0.5784434486333776 off 0.41436917222373737 __DUMMY__ 0.007187379142885048	false	1.0
angreifen	neg 1.0		neg 0.5816118713275457 off 0.4111337547368576 __DUMMY__ 0.007254373935596714	false	1.0
inkonsistent	neg 1.0		neg 0.5749930506388248 off 0.4177794369396005 __DUMMY__ 0.007227512421574657	false	1.0
abrutschen	neg 1.0		neg 0.5830165920261663 off 0.40968263525898674 __DUMMY__ 0.007300772714847006	false	1.0
unsicher	neg 1.0		neg 0.5762117519735951 off 0.41651531486277127 __DUMMY__ 0.007272933163633733	false	1.0
bauernkind	off 1.0		neg 0.5664436309971254 off 0.4264023299767614 __DUMMY__ 0.007154039026113297	false	0.5
angreifer	neg 1.0		neg 0.5747806336233914 off 0.4180128427605652 __DUMMY__ 0.007206523616043409	false	1.0
trennen	neg 1.0		neg 0.5791096329317408 off 0.41356295657222014 __DUMMY__ 0.0073274104960391676	false	1.0
schmutz	neg 1.0		neg 0.5674424454028586 off 0.4252404628808723 __DUMMY__ 0.0073170917162691095	false	1.0
inkonsistenz	neg 1.0	neg 1.0	neg 0.7748235060376347 off 0.22173135363408397 __DUMMY__ 0.0034451403282812513	false	1.0
erschreckend	neg 1.0		neg 0.5788424948509454 off 0.4139109618267957 __DUMMY__ 0.0072465433222588796	false	1.0
ertrinken	neg 1.0		neg 0.5790083323772844 off 0.4136941719070033 __DUMMY__ 0.007297495715712334	false	1.0
pickelface	off 1.0		neg 0.576587365526365 off 0.41618409981252297 __DUMMY__ 0.007228534661111903	false	0.5
seiner			neg 0.5810594386621403 off 0.41166893287152034 __DUMMY__ 0.007271628466339382	false	0.0
lauch	neg 1.0		neg 0.5821125687584864 off 0.41060454228120447 __DUMMY__ 0.007282888960309128	false	1.0
unwichtig	neg 1.0		neg 0.5725550764196182 off 0.4202132582188809 __DUMMY__ 0.00723166536150091	false	1.0
steuerhinterziehung	neg 1.0		neg 0.5800801062327303 off 0.4127262804707351 __DUMMY__ 0.007193613296534516	false	1.0
schock	neg 1.0		neg 0.5766546426405669 off 0.41603946633785766 __DUMMY__ 0.007305891021575437	false	1.0
beule	neg 1.0		neg 0.5692324736367231 off 0.4235001764489338 __DUMMY__ 0.007267349914343231	false	1.0
vergelten	neg 1.0		neg 0.5678521860714993 off 0.4249700587422154 __DUMMY__ 0.0071777551862852	false	1.0
verdorbenheit	neg 1.0		neg 0.5730858225185698 off 0.4196182657429904 __DUMMY__ 0.00729591173843986	false	1.0
trauma	neg 1.0		neg 0.574821626593542 off 0.4179294643550232 __DUMMY__ 0.0072489090514347215	false	1.0
sinnlos	neg 1.0		neg 0.5746172387517896 off 0.41813350824547235 __DUMMY__ 0.007249253002738181	false	1.0
fettsack	off 1.0	off 1.0	off 0.6959673394326061 neg 0.3006058941592961 __DUMMY__ 0.003426766408097623	false	1.0
feige	off 1.0		neg 0.5739618909997768 off 0.41882897729128293 __DUMMY__ 0.0072091317089402725	false	0.5
abdanken	neg 1.0		neg 0.5812780788732597 off 0.41155783365974796 __DUMMY__ 0.0071640874669922985	false	1.0
wichtigtuer	off 1.0	off 1.0	off 0.6908014076462765 neg 0.30575322904119534 __DUMMY__ 0.0034453633125281716	false	1.0
misslingen	neg 1.0		neg 0.5723338619963577 off 0.42037053861456414 __DUMMY__ 0.0072955993890782	false	1.0
untreu	off 1.0		neg 0.5713256315867116 off 0.4214374027114397 __DUMMY__ 0.007236965701848777	false	0.5
missmutig	neg 1.0		neg 0.5716227789685252 off 0.421107992796349 __DUMMY__ 0.007269228235125741	false	1.0
hurenbock	off 1.0		neg 0.5724235724468808 off 0.4202717936822207 __DUMMY__ 0.007304633870898571	false	0.5
betrunken	neg 1.0		neg 0.5687254732314851 off 0.42402055029955693 __DUMMY__ 0.00725397646895787	false	1.0
korrupt	off 1.0		neg 0.5822943643864822 off 0.4105213545505624 __DUMMY__ 0.007184281062955487	false	0.5
unmut	neg 1.0		neg 0.5834453739304729 off 0.4092823743972895 __DUMMY__ 0.007272251672237464	false	1.0
hackfresse	off 1.0		neg 0.564680568354678 off 0.42812104727372513 __DUMMY__ 0.007198384371596974	false	0.5
aufblasen	neg 1.0		neg 0.57388535189138 off 0.4188282352299488 __DUMMY__ 0.007286412878671192	false	1.0
gewaltsam	neg 1.0		neg 0.5775101114536507 off 0.4152881042378154 __DUMMY__ 0.007201784308533955	false	1.0
unbeliebtheit	neg 1.0		neg 0.5748732353203124 off 0.4180137256351692 __DUMMY__ 0.007113039044518324	false	1.0
sturheit	neg 1.0		neg 0.5800708545097447 off 0.4127143162281059 __DUMMY__ 0.007214829262149471	false	1.0
kuh	neg 1.0		neg 0.5760439490892301 off 0.41673715153096796 __DUMMY__ 0.007218899379802113	false	1.0
erschrecken	neg 1.0		neg 0.5722050860070573 off 0.42053055983364224 __DUMMY__ 0.00726435415930039	false	1.0
opfer	neg 1.0	neg 1.0	neg 0.7780307635133997 off 0.2184993869952903 __DUMMY__ 0.003469849491309932	false	1.0
sinken	neg 1.0		neg 0.5822185546462358 off 0.41050392713674083 __DUMMY__ 0.007277518217023234	false	1.0
stinktier	neg 1.0		neg 0.568686145453651 off 0.42412741443496405 __DUMMY__ 0.0071864401113849756	false	1.0
tucke	off 1.0		neg 0.5632357630101325 off 0.42955210151534196 __DUMMY__ 0.007212135474525557	false	0.5
ein			neg 0.5736455169217901 off 0.4190433120999944 __DUMMY__ 0.007311170978215394	false	0.0
abstieg	neg 1.0		neg 0.5799380958688534 off 0.4128360442324276 __DUMMY__ 0.007225859898719139	false	1.0
missverstehen	neg 1.0		neg 0.5762018400151993 off 0.41658191612918194 __DUMMY__ 0.0072162438556188325	false	1.0
ergebnislos	neg 1.0		neg 0.5796644801221771 off 0.413091104283999 __DUMMY__ 0.007244415593824028	false	1.0
unter			neg 0.5843670582739122 off 0.40826528030345716 __DUMMY__ 0.007367661422630469	false	0.0
manipulieren	neg 1.0		neg 0.5819383716790966 off 0.41080880399767783 __DUMMY__ 0.007252824323225611	false	1.0
unbewiesen	neg 1.0		neg 0.5812003018235353 off 0.4116562668556429 __DUMMY__ 0.007143431320821674	false	1.0
verschleppen	neg 1.0		neg 0.5804303706220005 off 0.412336409054689 __DUMMY__ 0.007233220323310259	false	1.0
weib	off 1.0		neg 0.5640198559968326 off 0.4288024949850434 __DUMMY__ 0.007177649018124018	false	0.5
opposition	neg 1.0		neg 0.577462127772691 off 0.4153558279266329 __DUMMY__ 0.007182044300676136	false	1.0
verkehrswidrig	neg 1.0		neg 0.5653130574006291 off 0.4274550220075314 __DUMMY__ 0.007231920591839652	false	1.0
inkorrekt	neg 1.0		neg 0.5744667258885259 off 0.41837744108426167 __DUMMY__ 0.007155833027212423	false	1.0
vermeiden	neg 1.0		neg 0.5833849034427891 off 0.4092901438335947 __DUMMY__ 0.007324952723616189	false	1.0
abweichung	neg 1.0		neg 0.5824695286421429 off 0.41034578694851664 __DUMMY__ 0.0071846844093406345	false	1.0
alkoholisiert	neg 1.0		neg 0.5781379929605018 off 0.41458299025224127 __DUMMY__ 0.007279016787256852	false	1.0
scheiss	off 1.0	off 1.0	off 0.694373844748602 neg 0.3021680003750307 __DUMMY__ 0.003458154876367384	false	1.0
herausforderung	neg 1.0		neg 0.5760118767743212 off 0.4166524383468984 __DUMMY__ 0.007335684878780283	false	1.0
pervers	off 1.0		neg 0.5610484244874999 off 0.43178128657512665 __DUMMY__ 0.007170288937373453	false	0.5
wackelig	neg 1.0		neg 0.5760750294804942 off 0.4165900359327134 __DUMMY__ 0.007334934586792378	false	1.0
verwickeln	neg 1.0		neg 0.575612273722824 off 0.4171512769131781 __DUMMY__ 0.00723644936399779	false	1.0
vorwand	neg 1.0		neg 0.5831251127262188 off 0.409617443638089 __DUMMY__ 0.007257443635692265	false	1.0
muschi	off 1.0		neg 0.5773238393138801 off 0.4154507747026441 __DUMMY__ 0.007225385983475858	false	0.5
entmutigung	neg 1.0		neg 0.580062615308288 off 0.41283034814517755 __DUMMY__ 0.007107036546534498	false	1.0
unangemessen	neg 1.0		neg 0.581342141846107 off 0.4114425481512193 __DUMMY__ 0.007215310002673711	false	1.0
unstetig	neg 1.0		neg 0.5738476155092743 off 0.4189388521222835 __DUMMY__ 0.007213532368442214	false	1.0
entmutigen	neg 1.0		neg 0.5752206164540973 off 0.4175159607820023 __DUMMY__ 0.007263422763900469	false	1.0
schwanz	neg 1.0		neg 0.5783993335389667 off 0.4143408528818767 __DUMMY__ 0.007259813579156566	false	1.0
verbot	neg 1.0		neg 0.580914272639869 off 0.41188711988940657 __DUMMY__ 0.007198607470724463	false	1.0
leid	neg 1.0		neg 0.5663796598031138 off 0.4264102934918451 __DUMMY__ 0.007210046705041251	false	1.0
archaisch	neg 1.0		neg 0.5804078219310786 off 0.41236970599470574 __DUMMY__ 0.007222472074215531	false	1.0
gegen			neg 0.5830695790670599 off 0.40968418453051875 __DUMMY__ 0.007246236402421299	false	0.0
scheidung	neg 1.0	neg 1.0	neg 0.7627879758088434 off 0.2337905568762309 __DUMMY__ 0.0034214673149257557	false	1.0
einschlag	neg 1.0		neg 0.5669519000341179 off 0.42583875533914284 __DUMMY__ 0.007209344626739279	false	1.0
m			neg 0.5768991015082567 off 0.4158168036314314 __DUMMY__ 0.007284094860311884	false	0.0
abgestanden	neg 1.0		neg 0.5754669033878842 off 0.417254533912224 __DUMMY__ 0.007278562699891773	false	1.0
schmierig	off 1.0		neg 0.5667870171513258 off 0.42598239238626556 __DUMMY__ 0.007230590462408623	false	0.5
unpraktisch	neg 1.0		neg 0.573601748638367 off 0.4191051324770334 __DUMMY__ 0.007293118884599652	false	1.0
wixxer	off 1.0		neg 0.5619682965669763 off 0.430886083278778 __DUMMY__ 0.007145620154245749	false	0.5
bezeichnet			neg 0.5789422335692075 off 0.4138320415041829 __DUMMY__ 0.007225724926609588	false	0.0
jammerlappen	off 1.0		neg 0.5721974616419107 off 0.42056275023990347 __DUMMY__ 0.007239788118185802	false	0.5
farce	neg 1.0		neg 0.5828190658730855 off 0.4100341398954672 __DUMMY__ 0.007146794231447093	false	1.0
zwecklos	neg 1.0		neg 0.5809129956385499 off 0.411853185502873 __DUMMY__ 0.007233818858577192	false	1.0
turbulent	neg 1.0		neg 0.5690884163185724 off 0.4237127848729412 __DUMMY__ 0.007198798808486371	false	1.0
invasion	neg 1.0		neg 0.5723011772323578 off 0.4204319399718636 __DUMMY__ 0.007266882795778508	false	1.0
schuld	neg 1.0		neg 0.5764712350304712 off 0.41628610578266256 __DUMMY__ 0.007242659186866433	false	1.0
risiko	neg 1.0		neg 0.571217482165942 off 0.4214974515018932 __DUMMY__ 0.00728506633216462	false	1.0
finster	neg 1.0		neg 0.5745882232692792 off 0.4181194478182752 __DUMMY__ 0.007292328912445603	false	1.0
geisteskrank	off 1.0		neg 0.5727043542733495 off 0.42011205825728837 __DUMMY__ 0.00718358746936202	false	0.5
zusammenbrechen	neg 1.0		neg 0.5774363792724934 off 0.41528137552929356 __DUMMY__ 0.00728224519821301	false	1.0
ausbeute	neg 1.0		neg 0.5774791519509154 off 0.415214203723636 __DUMMY__ 0.007306644325448775	false	1.0
hinterhalt	neg 1.0		neg 0.5754144153005383 off 0.41733711238466376 __DUMMY__ 0.007248472314798181	false	1.0
kritik	neg 1.0		neg 0.5819693127812909 off 0.4108644911961304 __DUMMY__ 0.007166196022578561	false	1.0
einschrumpfen	neg 1.0		neg 0.5752289681193555 off 0.417593997879341 __DUMMY__ 0.007177034001303494	false	1.0
riskant	neg 1.0		neg 0.5805759170640034 off 0.41215167309067346 __DUMMY__ 0.007272409845323153	false	1.0
frustrieren	neg 1.0		neg 0.5813792050008385 off 0.41136387237350064 __DUMMY__ 0.0072569226256607965	false	1.0
groll	neg 1.0		neg 0.5805111768212778 off 0.4122515055996841 __DUMMY__ 0.007237317579038069	false	1.0
gibt			neg 0.5790607606826577 off 0.41368106229322044 __DUMMY__ 0.007258177024121762	false	0.0
qualvoll	neg 1.0		neg 0.5733161744710371 off 0.41941391218410606 __DUMMY__ 0.00726991334485681	false	1.0
wackeln	neg 1.0		neg 0.5733910413939634 off 0.41929692841896204 __DUMMY__ 0.007312030187074567	false	1.0
klagen	neg 1.0		neg 0.5835250694593939 off 0.40922503339604993 __DUMMY__ 0.007249897144556345	false	1.0
bankrott	neg 1.0		neg 0.570658940639906 off 0.42208105235507193 __DUMMY__ 0.007260007005022204	false	1.0
trauern	neg 1.0		neg 0.5802158673906791 off 0.41251181190211655 __DUMMY__ 0.007272320707204314	false	1.0
ablehnung	neg 1.0	neg 1.0	neg 0.7784943194868885 off 0.21807874722387577 __DUMMY__ 0.003426933289235798	false	1.0
stur	neg 1.0		neg 0.5757601120617676 off 0.416992040304423 __DUMMY__ 0.007247847633809308	false	1.0
aufruhr	neg 1.0		neg 0.5787421492058182 off 0.4140683699745288 __DUMMY__ 0.007189480819653004	false	1.0
melancholie	neg 1.0		neg 0.5771931665970574 off 0.4154990389098242 __DUMMY__ 0.0073077944931183	false	1.0
ist			neg 0.5758189908243244 off 0.4169393682904666 __DUMMY__ 0.0072416408852089215	false	0.0
torheit	neg 1.0		neg 0.5795126533931774 off 0.4133271442359407 __DUMMY__ 0.007160202370881876	false	1.0
dreckskind	off 1.0		neg 0.5685976015211334 off 0.4242652468924615 __DUMMY__ 0.007137151586405135	false	0.5
umtauschen	neg 1.0		neg 0.5758046603249726 off 0.41690882814680297 __DUMMY__ 0.00728651152822457	false	1.0
zum			neg 0.5805537654211449 off 0.41207384569922045 __DUMMY__ 0.007372388879634776	false	0.0
zersetzen	neg 1.0		neg 0.582576139129379 off 0.41017167757076034 __DUMMY__ 0.007252183299860733	false	1.0
zur			neg 0.5844701200638431 off 0.40823831843977093 __DUMMY__ 0.007291561496385882	false	0.0
frust	neg 1.0		neg 0.578176339224124 off 0.41455069941162187 __DUMMY__ 0.007272961364254006	false	1.0
unerbittlichkeit	neg 1.0		neg 0.5821691273346788 off 0.41059167042089456 __DUMMY__ 0.007239202244426572	false	1.0
zwei			neg 0.5800967259288472 off 0.4125637567235591 __DUMMY__ 0.007339517347593822	false	0.0
unkorrekt	neg 1.0		neg 0.5723989554561154 off 0.4204227021278378 __DUMMY__ 0.007178342416046699	false	1.0
hexe	off 1.0		neg 0.5709369546730022 off 0.42181980822560877 __DUMMY__ 0.007243237101388993	false	0.5
lasch	neg 1.0		neg 0.5749811926180847 off 0.41780733547190757 __DUMMY__ 0.00721147191000786	false	1.0
rivale	neg 1.0		neg 0.5684892401932399 off 0.4243177067843277 __DUMMY__ 0.007193053022432507	false	1.0
mutlos	off 1.0	off 1.0	off 0.6877121661506421 neg 0.3088415280586095 __DUMMY__ 0.003446305790748378	false	1.0
wirr	off 1.0		neg 0.5704019496383028 off 0.42241850421778143 __DUMMY__ 0.007179546143915793	false	0.5
jahr			neg 0.5785263894648915 off 0.4141584896201865 __DUMMY__ 0.007315120914922041	false	0.0
wird			neg 0.5801399470138239 off 0.41259341986493586 __DUMMY__ 0.007266633121240373	false	0.0
strafbar	neg 1.0		neg 0.58265630915024 off 0.41012502592684774 __DUMMY__ 0.007218664922912276	false	1.0
erosion	neg 1.0		neg 0.5734888463829946 off 0.4192287257981465 __DUMMY__ 0.007282427818858838	false	1.0
eingehen	neg 1.0		neg 0.5809175325226054 off 0.4118396026922427 __DUMMY__ 0.007242864785151968	false	1.0
faul	off 1.0		neg 0.5703511685881602 off 0.42236448514204084 __DUMMY__ 0.007284346269799026	false	0.5
provisorium	neg 1.0		neg 0.5860979185592426 off 0.40655913774866237 __DUMMY__ 0.0073429436920949345	false	1.0
schmerzen	neg 1.0		neg 0.5768573521820951 off 0.41585983460335374 __DUMMY__ 0.007282813214551128	false	1.0
schrumpfen	neg 1.0		neg 0.5843433195850933 off 0.4083531682501758 __DUMMY__ 0.007303512164730835	false	1.0
geistlos	off 1.0		neg 0.5783354976402159 off 0.41451744769025983 __DUMMY__ 0.007147054669524262	false	0.5
fehlkauf	neg 1.0		neg 0.5743289592041961 off 0.4184438504247213 __DUMMY__ 0.007227190371082445	false	1.0
frustrierend	neg 1.0	neg 1.0	neg 0.773903003927497 off 0.22263143033839441 __DUMMY__ 0.003465565734108687	false	1.0
unzufrieden	neg 1.0		neg 0.5800278774744962 off 0.4127200502536529 __DUMMY__ 0.007252072271850917	false	1.0
verzweifeln	neg 1.0		neg 0.5771337962024835 off 0.41559690887061235 __DUMMY__ 0.007269294926904116	false	1.0
verzweifelt	neg 1.0		neg 0.5757330563432005 off 0.41701611139082634 __DUMMY__ 0.007250832265973103	false	1.0
misstrauensantrag	neg 1.0		neg 0.5751499504314871 off 0.4176405656900169 __DUMMY__ 0.007209483878496067	false	1.0
abfallen	neg 1.0		neg 0.573041918742821 off 0.4196418593827811 __DUMMY__ 0.007316221874398011	false	1.0
fucker	off 1.0		neg 0.5694737819397838 off 0.4233205424219548 __DUMMY__ 0.007205675638261383	false	0.5
ungezogen	neg 1.0		neg 0.5627300449293288 off 0.430070934093898 __DUMMY__ 0.00719902097677326	false	1.0
irrsinnig	neg 1.0	neg 1.0	neg 0.7761738712562539 off 0.22037243633826406 __DUMMY__ 0.0034536924054818755	false	1.0
unfassbar	neg 1.0		neg 0.571772674053403 off 0.4209916106621793 __DUMMY__ 0.007235715284417577	false	1.0
hart	neg 1.0		neg 0.5724730700378978 off 0.42031845543558 __DUMMY__ 0.0072084745265220485	false	1.0
widerlich	off 1.0		neg 0.5717603039873085 off 0.4210271863376778 __DUMMY__ 0.007212509675013805	false	0.5
fatal	neg 1.0		neg 0.5741907004847839 off 0.4185754210219815 __DUMMY__ 0.007233878493234647	false	1.0
bruch	neg 1.0		neg 0.5851562207142103 off 0.40761615446040733 __DUMMY__ 0.007227624825382362	false	1.0
aushungern	neg 1.0		neg 0.5790807161663041 off 0.41372691553859625 __DUMMY__ 0.007192368295099584	false	1.0
anspannung	neg 1.0		neg 0.5823020774902632 off 0.41038383730887074 __DUMMY__ 0.007314085200866051	false	1.0
von			neg 0.5794879345872078 off 0.41319449991594 __DUMMY__ 0.007317565496852234	false	0.0
kraftlos	neg 1.0		neg 0.5773278148688137 off 0.41535450545654884 __DUMMY__ 0.007317679674637296	false	1.0
vom			neg 0.5838260824856022 off 0.40881305586973754 __DUMMY__ 0.0073608616446602234	false	0.0
grenzdebil	off 1.0		neg 0.5698067847082277 off 0.42294466708726736 __DUMMY__ 0.007248548204504877	false	0.5
vor			neg 0.5815646340651022 off 0.4111322955978588 __DUMMY__ 0.00730307033703885	false	0.0
unterwerfen	neg 1.0		neg 0.5813532243836292 off 0.41140546840436404 __DUMMY__ 0.007241307212006916	false	1.0
versenkung	neg 1.0		neg 0.581013774590845 off 0.4117240439294697 __DUMMY__ 0.007262181479685167	false	1.0
entziehen	neg 1.0		neg 0.5836629164684431 off 0.4090763804930835 __DUMMY__ 0.007260703038473429	false	1.0
finanzkrise	neg 1.0		neg 0.5799384761794814 off 0.41287995273481637 __DUMMY__ 0.0071815710857023795	false	1.0
schimpfend	neg 1.0		neg 0.571405075806074 off 0.4212657027439805 __DUMMY__ 0.007329221449945386	false	1.0
profan	neg 1.0		neg 0.5746878640726235 off 0.41806401466418097 __DUMMY__ 0.007248121263195348	false	1.0
korruption	neg 1.0		neg 0.5818642747567544 off 0.41094595667362144 __DUMMY__ 0.007189768569624049	false	1.0
â			neg 0.5780720833408554 off 0.4146465812377817 __DUMMY__ 0.007281335421362955	false	0.0
schmutzig	neg 1.0		neg 0.5689428861519976 off 0.4237765458434927 __DUMMY__ 0.007280568004509667	false	1.0
sexy	neg 1.0		neg 0.5718608964892824 off 0.42088999460626336 __DUMMY__ 0.007249108904454308	false	1.0
abraten	neg 1.0		neg 0.5743712723205285 off 0.4183528615245621 __DUMMY__ 0.007275866154909377	false	1.0
schwarz	neg 1.0		neg 0.5749558829268249 off 0.4178043653425559 __DUMMY__ 0.007239751730619173	false	1.0
fotze	off 1.0		neg 0.5790552711019389 off 0.41370960423594727 __DUMMY__ 0.007235124662113846	false	0.5
verwirren	neg 1.0		neg 0.5736310868481511 off 0.4191193091389516 __DUMMY__ 0.007249604012897303	false	1.0
zahnlos	off 1.0		neg 0.5805310462676665 off 0.4122363169512903 __DUMMY__ 0.007232636781043131	false	0.5
verheeren	neg 1.0		neg 0.5626630427296418 off 0.43019260510245977 __DUMMY__ 0.007144352167898454	false	1.0
hippie	neg 1.0		neg 0.5724386617854448 off 0.4203187571145114 __DUMMY__ 0.007242581100043832	false	1.0
rammen	neg 1.0		neg 0.5728382824014602 off 0.4199018917197001 __DUMMY__ 0.007259825878839729	false	1.0
unlauter	neg 1.0	neg 1.0	neg 0.775285063679878 off 0.22127079916354106 __DUMMY__ 0.003444137156580904	false	1.0
unheilvoll	neg 1.0		neg 0.5736499000688225 off 0.41907953106684065 __DUMMY__ 0.007270568864336834	false	1.0
niedrig	neg 1.0		neg 0.5799594016055253 off 0.41279193171457207 __DUMMY__ 0.007248666679902533	false	1.0
explosion	neg 1.0		neg 0.5722059997448659 off 0.4205332601701118 __DUMMY__ 0.00726074008502238	false	1.0
weichei	off 1.0		neg 0.5659394530859174 off 0.4268594882277466 __DUMMY__ 0.007201058686335907	false	0.5
minusmensch	off 1.0		neg 0.5640217609197727 off 0.42885722544479515 __DUMMY__ 0.0071210136354322	false	0.5
farblos	neg 1.0		neg 0.5758492791771898 off 0.416910651785323 __DUMMY__ 0.007240069037487275	false	1.0
unwissend	neg 1.0	neg 1.0	neg 0.7737613439058352 off 0.22279224930221778 __DUMMY__ 0.003446406791946998	false	1.0
traurig	neg 1.0		neg 0.5681897010666078 off 0.4245701503247551 __DUMMY__ 0.007240148608637043	false	1.0
senkung	neg 1.0		neg 0.5739306708585226 off 0.41884396979064314 __DUMMY__ 0.007225359350834254	false	1.0
ungleich	neg 1.0	neg 1.0	neg 0.7789500905576708 off 0.21759761862238147 __DUMMY__ 0.0034522908199476746	false	1.0
heikel	neg 1.0		neg 0.5822419924435202 off 0.4104972859184075 __DUMMY__ 0.007260721638072438	false	1.0
drosselung	neg 1.0		neg 0.5671985926570957 off 0.4255529453828008 __DUMMY__ 0.007248461960103656	false	1.0
falsch	neg 1.0		neg 0.5728832078225153 off 0.4198770273241753 __DUMMY__ 0.0072397648533092775	false	1.0
unzufriedenheit	neg 1.0		neg 0.5828344456923517 off 0.4099132269008875 __DUMMY__ 0.007252327406760952	false	1.0
kurz	neg 1.0		neg 0.576304522237154 off 0.4163854553073822 __DUMMY__ 0.0073100224554638795	false	1.0
unsinnig	neg 1.0		neg 0.5797286997566149 off 0.4130259435824802 __DUMMY__ 0.0072453566609049355	false	1.0
penner	off 1.0	off 1.0	off 0.6975537639783574 neg 0.2990065375849192 __DUMMY__ 0.003439698436723382	false	1.0
seicht	neg 1.0		neg 0.565273313092347 off 0.4275735245619988 __DUMMY__ 0.0071531623456543075	false	1.0
dummheit	off 1.0	off 1.0	off 0.6911396943156639 neg 0.3054172785844997 __DUMMY__ 0.003443027099836412	false	1.0
unerfreulich	neg 1.0		neg 0.5823496356007772 off 0.41037619847806794 __DUMMY__ 0.007274165921154794	false	1.0
motherfucker	off 1.0	off 1.0	off 0.6945433124124838 neg 0.3020163451050275 __DUMMY__ 0.0034403424824887147	false	1.0
pikiert	neg 1.0		neg 0.5729589929378802 off 0.41982208350760175 __DUMMY__ 0.007218923554518028	false	1.0
wrack	neg 1.0		neg 0.5772285521766607 off 0.41548156182020485 __DUMMY__ 0.007289886003134501	false	1.0
gangster	neg 1.0		neg 0.5733578358120756 off 0.4193988203761699 __DUMMY__ 0.007243343811754613	false	1.0
krank	neg 1.0		neg 0.5690042184259655 off 0.42372718436604623 __DUMMY__ 0.007268597207988315	false	1.0
reich	neg 1.0		neg 0.5755136021749775 off 0.41735814836491536 __DUMMY__ 0.007128249460107153	false	1.0
gnadenlos	neg 1.0		neg 0.5758891618858422 off 0.4168593960169975 __DUMMY__ 0.007251442097160224	false	1.0
niedergeschlagen	neg 1.0		neg 0.5777379615081407 off 0.4149883298361096 __DUMMY__ 0.007273708655749735	false	1.0
terrorisieren	off 1.0	off 1.0	off 0.6887150245673729 neg 0.3078114277448241 __DUMMY__ 0.003473547687802987	false	1.0
sinnlosigkeit	neg 1.0		neg 0.5803274977752066 off 0.4124362771645339 __DUMMY__ 0.007236225060259392	false	1.0
behindern	neg 1.0		neg 0.5754878146812796 off 0.41722844502746914 __DUMMY__ 0.007283740291251296	false	1.0
undemokratisch	neg 1.0		neg 0.5785300489371741 off 0.41429674146073986 __DUMMY__ 0.007173209602085981	false	1.0
wirtschaftskrise	neg 1.0		neg 0.5809516174689043 off 0.41183788104199626 __DUMMY__ 0.007210501489099279	false	1.0
neid	neg 1.0		neg 0.5717469792836183 off 0.420977950989394 __DUMMY__ 0.007275069726987786	false	1.0
rutschen	neg 1.0		neg 0.58016024128045 off 0.4124628004875798 __DUMMY__ 0.00737695823197015	false	1.0
rezession	neg 1.0		neg 0.5695839112783636 off 0.42326313157852946 __DUMMY__ 0.007152957143106899	false	1.0
fehlgeburt	neg 1.0		neg 0.5762302536066717 off 0.4165254649067929 __DUMMY__ 0.007244281486535517	false	1.0
charakterschwach	off 1.0		neg 0.5718155037120544 off 0.4209688677228226 __DUMMY__ 0.007215628565123074	false	0.5
isolation	neg 1.0		neg 0.5707502960484193 off 0.4220024203022073 __DUMMY__ 0.007247283649373527	false	1.0
ablenkung	neg 1.0		neg 0.5754870842669448 off 0.41723415413665366 __DUMMY__ 0.007278761596401432	false	1.0
pech	neg 1.0		neg 0.5733460584948411 off 0.4194043498097284 __DUMMY__ 0.007249591695430532	false	1.0
vermeidung	neg 1.0		neg 0.5683528539481131 off 0.42439093432518005 __DUMMY__ 0.007256211726706796	false	1.0
dominieren	neg 1.0		neg 0.5781611539933389 off 0.4145866296535531 __DUMMY__ 0.007252216353108045	false	1.0
schwindlig	neg 1.0		neg 0.5718861111757785 off 0.4208239006392487 __DUMMY__ 0.007289988184972744	false	1.0
lutscher	neg 1.0		neg 0.5639334792213506 off 0.4289079146298092 __DUMMY__ 0.007158606148840128	false	1.0
pflicht	neg 1.0		neg 0.5827078197949377 off 0.4100367762646844 __DUMMY__ 0.0072554039403779375	false	1.0
faschist	off 1.0		neg 0.5776768919533675 off 0.4151566742175462 __DUMMY__ 0.007166433829086414	false	0.5
verschleudern	neg 1.0		neg 0.5813051001151389 off 0.4114765098808931 __DUMMY__ 0.007218390003967967	false	1.0
wenn			neg 0.5725588942897635 off 0.42019410552519326 __DUMMY__ 0.007247000185043182	false	0.0
ehebruch	neg 1.0		neg 0.581550995054145 off 0.4112228365766255 __DUMMY__ 0.007226168369229456	false	1.0
spott	off 1.0		neg 0.5821864149037714 off 0.41058431140886603 __DUMMY__ 0.007229273687362472	false	0.5
trostlosigkeit	neg 1.0		neg 0.5848770840271251 off 0.40792140212372946 __DUMMY__ 0.00720151384914562	false	1.0
lutschen	neg 1.0		neg 0.5730566293413503 off 0.41973584734722075 __DUMMY__ 0.007207523311428937	false	1.0
undiszipliniert	neg 1.0		neg 0.5693039080397158 off 0.42346534477876097 __DUMMY__ 0.007230747181523188	false	1.0
kopfschmerz	neg 1.0		neg 0.5771854854096526 off 0.41555454441764156 __DUMMY__ 0.0072599701727057275	false	1.0
unvorhergesehen	neg 1.0		neg 0.5761210419928776 off 0.41655972249394324 __DUMMY__ 0.00731923551317905	false	1.0
desinteressiert	neg 1.0		neg 0.5705701999027359 off 0.4222183335745082 __DUMMY__ 0.007211466522755664	false	1.0
armselig	off 1.0		neg 0.5700792345585807 off 0.4227241974456688 __DUMMY__ 0.00719656799575046	false	0.5
desaster	neg 1.0		neg 0.5852735161703738 off 0.4074932759976299 __DUMMY__ 0.007233207831996209	false	1.0
tod	neg 1.0		neg 0.5825131640742601 off 0.41027954614167644 __DUMMY__ 0.007207289784063293	false	1.0
herzlos	neg 1.0		neg 0.5676620335145419 off 0.42510475343384746 __DUMMY__ 0.0072332130516106295	false	1.0
unwissenheit	neg 1.0		neg 0.5811253901023826 off 0.41165468990935444 __DUMMY__ 0.0072199199882629775	false	1.0
widersinnig	neg 1.0		neg 0.5814414973678327 off 0.4113795448456333 __DUMMY__ 0.007178957786533965	false	1.0
bedenklich	neg 1.0		neg 0.5813291626424419 off 0.41141669238842854 __DUMMY__ 0.007254144969129433	false	1.0
beanstanden	neg 1.0		neg 0.5828587266047351 off 0.4098805227444059 __DUMMY__ 0.007260750650858821	false	1.0
panisch	neg 1.0	neg 1.0	neg 0.7731939085740964 off 0.22330476494772308 __DUMMY__ 0.0035013264781804903	false	1.0
debil	off 1.0		neg 0.5852961186779396 off 0.4074279465070259 __DUMMY__ 0.007275934815034497	false	0.5
abstrich	neg 1.0		neg 0.5739375529377764 off 0.41875956620148025 __DUMMY__ 0.007302880860743458	false	1.0
primitiv	neg 1.0		neg 0.5712897168618288 off 0.4215019615774618 __DUMMY__ 0.007208321560709388	false	1.0
abschaum	off 1.0	off 1.0	off 0.6924106274888572 neg 0.3041526787345735 __DUMMY__ 0.003436693776569273	false	1.0
provozieren	neg 1.0		neg 0.5777743007130195 off 0.4150004142905089 __DUMMY__ 0.007225284996471558	false	1.0
tot	neg 1.0		neg 0.5786227059689322 off 0.4141458451203669 __DUMMY__ 0.007231448910701	false	1.0
instabil	neg 1.0		neg 0.5700164237353681 off 0.4228181739524759 __DUMMY__ 0.007165402312155835	false	1.0
schwuchtel	off 1.0		neg 0.5599287225109472 off 0.4329623315306822 __DUMMY__ 0.00710894595837069	false	0.5
zerren	neg 1.0		neg 0.5776714504469075 off 0.41505021142689874 __DUMMY__ 0.0072783381261936845	false	1.0
kinderficker	off 1.0		neg 0.5681250880215266 off 0.4246971430976898 __DUMMY__ 0.007177768880783722	false	0.5
gefahr	neg 1.0		neg 0.581477587934619 off 0.41128779546523886 __DUMMY__ 0.007234616600142091	false	1.0
rabiat	neg 1.0		neg 0.5768534894810172 off 0.415893220139039 __DUMMY__ 0.007253290379943673	false	1.0
verlangsamung	neg 1.0		neg 0.5658414099223594 off 0.42701023097818386 __DUMMY__ 0.007148359099456607	false	1.0
ausgestorben	neg 1.0		neg 0.5778236425230785 off 0.41490440966505393 __DUMMY__ 0.007271947811867497	false	1.0
anklagen	neg 1.0		neg 0.578883283798693 off 0.4139005272384465 __DUMMY__ 0.00721618896286036	false	1.0
trott	neg 1.0		neg 0.5759208054413321 off 0.4168084242159614 __DUMMY__ 0.00727077034270644	false	1.0
verminderung	neg 1.0		neg 0.5686712629969023 off 0.4241011442034886 __DUMMY__ 0.007227592799609087	false	1.0
nach			neg 0.5819842140956638 off 0.4106727799893382 __DUMMY__ 0.007343005914998088	false	0.0
rost	neg 1.0		neg 0.5639157421690215 off 0.42890313667965774 __DUMMY__ 0.007181121151320729	false	1.0
destruktiv	neg 1.0		neg 0.5797353577433475 off 0.41305183401617596 __DUMMY__ 0.0072128082404766345	false	1.0
unzumutbarkeit	neg 1.0		neg 0.5687207044226732 off 0.4240329880282416 __DUMMY__ 0.007246307549085118	false	1.0
labil	off 1.0	off 1.0	off 0.6933538448573282 neg 0.30320364840193265 __DUMMY__ 0.0034425067407392383	false	1.0
ziemlich	neg 1.0		neg 0.5706984730562751 off 0.4220585126162373 __DUMMY__ 0.007243014327487528	false	1.0
lachnummer	off 1.0		neg 0.5794948281284675 off 0.4132874237023228 __DUMMY__ 0.007217748169209591	false	0.5
oder			neg 0.575510164691974 off 0.41720342720554854 __DUMMY__ 0.007286408102477401	false	0.0
verfall	neg 1.0		neg 0.5855251692053646 off 0.40719679702399025 __DUMMY__ 0.007278033770645197	false	1.0
ausgrenzung	neg 1.0		neg 0.5776716052139247 off 0.415154597703503 __DUMMY__ 0.0071737970825723465	false	1.0
unordnung	neg 1.0		neg 0.568247255845445 off 0.4245691666987249 __DUMMY__ 0.007183577455830227	false	1.0
fehlverhalten	neg 1.0		neg 0.5823064659416453 off 0.41045990183216985 __DUMMY__ 0.007233632226185031	false	1.0
eine			neg 0.5817531439135336 off 0.41095587119780963 __DUMMY__ 0.007290984888656661	false	0.0
nille	neg 1.0		neg 0.578162076791031 off 0.4146239584144277 __DUMMY__ 0.007213964794541376	false	1.0
qual	neg 1.0		neg 0.5761882852150968 off 0.41654483027447115 __DUMMY__ 0.007266884510432026	false	1.0
verschwenden	neg 1.0		neg 0.5808361267664833 off 0.41190166885874385 __DUMMY__ 0.007262204374772855	false	1.0
riesig	neg 1.0		neg 0.5773132110939639 off 0.4154248951133651 __DUMMY__ 0.0072618937926710835	false	1.0
verurteilen	neg 1.0		neg 0.5811080123724731 off 0.41167767155747037 __DUMMY__ 0.007214316070056545	false	1.0
klischee	neg 1.0	neg 1.0	neg 0.7750788805235418 off 0.22148130855997883 __DUMMY__ 0.00343981091647939	false	1.0
diktatorisch	neg 1.0		neg 0.5797300059122433 off 0.4131200906238465 __DUMMY__ 0.0071499034639100605	false	1.0
vorhersehbar	neg 1.0		neg 0.5767517711035144 off 0.41604584771969666 __DUMMY__ 0.0072023811767889506	false	1.0
sowie			neg 0.5671352492369235 off 0.4257051552635107 __DUMMY__ 0.007159595499565908	false	0.0
stornieren	neg 1.0		neg 0.5722443678003879 off 0.420476134485767 __DUMMY__ 0.007279497713845107	false	1.0
besteuerung	neg 1.0		neg 0.5761926561484971 off 0.4165833159081851 __DUMMY__ 0.00722402794331792	false	1.0
ungeschminkt	neg 1.0		neg 0.5707842531472663 off 0.4219941444161853 __DUMMY__ 0.007221602436548487	false	1.0
kritisch	neg 1.0		neg 0.5820316142010538 off 0.41073687239216006 __DUMMY__ 0.007231513406786103	false	1.0
schlamperei	off 1.0		neg 0.581209595000719 off 0.411560285357884 __DUMMY__ 0.0072301196413968065	false	0.5
sucht	neg 1.0	neg 1.0	neg 0.7723905428230958 off 0.22410667680916405 __DUMMY__ 0.003502780367740113	false	1.0
egoistisch	off 1.0		neg 0.566059198394114 off 0.426736656713044 __DUMMY__ 0.007204144892842059	false	0.5
ausbeuter	off 1.0		neg 0.5833703065332639 off 0.40940988063120604 __DUMMY__ 0.007219812835529988	false	0.5
arschgeburt	off 1.0		neg 0.5601117783424117 off 0.43277941256305835 __DUMMY__ 0.0071088090945298985	false	0.5
schubs	neg 1.0	neg 1.0	neg 0.7761473017674642 off 0.2203569319693845 __DUMMY__ 0.003495766263151309	false	1.0
unsolide	neg 1.0		neg 0.5767544279831487 off 0.416121125690573 __DUMMY__ 0.007124446326278337	false	1.0
beschwerde	neg 1.0		neg 0.580237223422675 off 0.41253184467719345 __DUMMY__ 0.007230931900131643	false	1.0
stocken	neg 1.0		neg 0.5792300638492712 off 0.4135040507866325 __DUMMY__ 0.007265885364096176	false	1.0
isolieren	neg 1.0		neg 0.5759721013364896 off 0.41674082265318746 __DUMMY__ 0.007287076010322891	false	1.0
unheilbar	neg 1.0		neg 0.5769050201283836 off 0.41585875127606065 __DUMMY__ 0.007236228595555731	false	1.0
pisser	off 1.0		neg 0.5692153255984426 off 0.42360210241853397 __DUMMY__ 0.007182571983023508	false	0.5
löschen	neg 1.0		neg 0.5756880907475541 off 0.41706874286662093 __DUMMY__ 0.0072431663858249645	false	1.0
durchfallen	neg 1.0		neg 0.5804409580667332 off 0.412300271074626 __DUMMY__ 0.007258770858640859	false	1.0
wichser	off 1.0		neg 0.5619980433869604 off 0.43083061904471137 __DUMMY__ 0.0071713375683283495	false	0.5
terror	neg 1.0		neg 0.5711699826703454 off 0.4215572184590261 __DUMMY__ 0.0072727988706284465	false	1.0
krass	neg 1.0		neg 0.5678457307852076 off 0.42493808381793513 __DUMMY__ 0.007216185396857165	false	1.0
revolte	neg 1.0	neg 1.0	neg 0.7763943159783757 off 0.22019945973825517 __DUMMY__ 0.003406224283369048	false	1.0
besorgt	neg 1.0		neg 0.5755625118052079 off 0.4171142664481656 __DUMMY__ 0.007323221746626566	false	1.0
nachlassen	neg 1.0		neg 0.5780424571849047 off 0.414678341647064 __DUMMY__ 0.007279201168031355	false	1.0
alt	neg 1.0		neg 0.5784740664187055 off 0.41421355375865665 __DUMMY__ 0.007312379822637882	false	1.0
hundesohn	off 1.0		neg 0.5643621128276495 off 0.42850024183549723 __DUMMY__ 0.0071376453368534485	false	0.5
als			neg 0.5784021482055033 off 0.41431504142254155 __DUMMY__ 0.00728281037195523	false	0.0
abschreckung	neg 1.0		neg 0.5832490421177648 off 0.4095053323497805 __DUMMY__ 0.0072456255324546285	false	1.0
unqualifiziert	neg 1.0		neg 0.5758025681241197 off 0.41698458098525587 __DUMMY__ 0.00721285089062441	false	1.0
abgewichst	off 1.0		neg 0.5781414173117692 off 0.41461715099328056 __DUMMY__ 0.007241431694950197	false	0.5
schwer	neg 1.0		neg 0.5768244570053216 off 0.4159054553552069 __DUMMY__ 0.007270087639471632	false	1.0
bedeutungslosigkeit	neg 1.0		neg 0.583018606197007 off 0.40974627803423624 __DUMMY__ 0.007235115768756759	false	1.0
kapitulation	neg 1.0		neg 0.5832437902990467 off 0.4095819362353038 __DUMMY__ 0.0071742734656494115	false	1.0
unscharf	neg 1.0		neg 0.5735084716989911 off 0.419248315971315 __DUMMY__ 0.007243212329693896	false	1.0
schwinden	neg 1.0		neg 0.5813067079099361 off 0.41143090891426715 __DUMMY__ 0.007262383175796757	false	1.0
versklavung	neg 1.0	neg 1.0	neg 0.7770624344209855 off 0.21951473550779568 __DUMMY__ 0.003422830071218679	false	1.0
schlecht	neg 1.0		neg 0.5700200051590691 off 0.4227303006773418 __DUMMY__ 0.007249694163588967	false	1.0
verhasst	neg 1.0		neg 0.5781540032156549 off 0.4146305990178842 __DUMMY__ 0.007215397766460897	false	1.0
beschweren	neg 1.0		neg 0.5747098354557679 off 0.41802915953064534 __DUMMY__ 0.007261005013586897	false	1.0
scheiden	neg 1.0		neg 0.5770631092319167 off 0.41567584391876916 __DUMMY__ 0.007261046849314179	false	1.0
frustriert	neg 1.0		neg 0.5783502679331074 off 0.4143883599729717 __DUMMY__ 0.007261372093920864	false	1.0
schimmelig	neg 1.0		neg 0.5803920484876778 off 0.4123579455144914 __DUMMY__ 0.007250005997830905	false	1.0
fisch	neg 1.0	neg 1.0	neg 0.7760493280900873 off 0.22045404252823544 __DUMMY__ 0.0034966293816772647	false	1.0
schmuggel	neg 1.0		neg 0.5800385391283097 off 0.4126614555312068 __DUMMY__ 0.007300005340483451	false	1.0
auffallen	neg 1.0		neg 0.5744493219213404 off 0.4182973564387834 __DUMMY__ 0.0072533216398761235	false	1.0
konkurrenz	neg 1.0		neg 0.5813985576304178 off 0.4113078890540696 __DUMMY__ 0.007293553315512405	false	1.0
teufelskreis	neg 1.0		neg 0.5789054277680569 off 0.4138525307971151 __DUMMY__ 0.007242041434828143	false	1.0
aufschreien	neg 1.0		neg 0.5759651804797521 off 0.41681451728668234 __DUMMY__ 0.007220302233565512	false	1.0
schuldner	neg 1.0		neg 0.5822384208890605 off 0.41053729648135634 __DUMMY__ 0.007224282629583087	false	1.0
missgeburt	off 1.0	off 1.0	off 0.6962881839218514 neg 0.30028945984414096 __DUMMY__ 0.0034223562340075157	false	1.0
arbeitslos	neg 1.0		neg 0.5800755960260368 off 0.41268215688186044 __DUMMY__ 0.007242247092102728	false	1.0
befallen	neg 1.0		neg 0.5819830940118851 off 0.4108279217911169 __DUMMY__ 0.007188984196998082	false	1.0
miesepetrig	off 1.0		neg 0.570033400374762 off 0.42270999955512134 __DUMMY__ 0.007256600070116659	false	0.5
alarmieren	neg 1.0		neg 0.5729664782547256 off 0.4198329074616046 __DUMMY__ 0.007200614283669894	false	1.0
ungeduscht	off 1.0		neg 0.5731308554664959 off 0.41962046688247967 __DUMMY__ 0.007248677651024371	false	0.5
knappheit	neg 1.0		neg 0.5794330401864629 off 0.41332472819002763 __DUMMY__ 0.007242231623509291	false	1.0
schlange	neg 1.0		neg 0.573883709569564 off 0.4188330655667156 __DUMMY__ 0.007283224863720243	false	1.0
harsch	neg 1.0		neg 0.5636725202345017 off 0.42909875877047443 __DUMMY__ 0.00722872099502392	false	1.0
lang	neg 1.0		neg 0.5751503200643374 off 0.4175962460467683 __DUMMY__ 0.007253433888894373	false	1.0
ziellos	neg 1.0		neg 0.579340683410928 off 0.4133863605454619 __DUMMY__ 0.0072729560436099365	false	1.0
selbstverliebt	neg 1.0		neg 0.5628144700704983 off 0.4300634106805258 __DUMMY__ 0.007122119248975939	false	1.0
beseitigen	neg 1.0		neg 0.5735010847479259 off 0.41920612556069625 __DUMMY__ 0.007292789691377922	false	1.0
dumm	off 1.0		neg 0.565976333804664 off 0.4268368657068731 __DUMMY__ 0.007186800488462803	false	0.5
arbeitsloser	neg 1.0		neg 0.5807793916774524 off 0.41197258303230905 __DUMMY__ 0.007248025290238467	false	1.0
blitzen	neg 1.0		neg 0.5733095413102027 off 0.41946255106604713 __DUMMY__ 0.007227907623750211	false	1.0
hilflos	neg 1.0		neg 0.578554212113633 off 0.41417976396613504 __DUMMY__ 0.0072660239202320025	false	1.0
eklig	off 1.0		neg 0.5655823233458203 off 0.4272473300092331 __DUMMY__ 0.007170346644946535	false	0.5
begriff			neg 0.5789857598763859 off 0.4137685228162397 __DUMMY__ 0.00724571730737444	false	0.0
hungersnot	neg 1.0		neg 0.5806820820062664 off 0.41214985242961194 __DUMMY__ 0.007168065564121639	false	1.0
ungesetzlich	neg 1.0		neg 0.5776010008182778 off 0.4152358467783294 __DUMMY__ 0.007163152403392781	false	1.0
verschwendung	neg 1.0		neg 0.5817659550954226 off 0.41096962727071856 __DUMMY__ 0.007264417633858822	false	1.0
schmerzvoll	neg 1.0		neg 0.5748270385292333 off 0.41791403593430504 __DUMMY__ 0.007258925536461702	false	1.0
vorzeitig	neg 1.0		neg 0.5705195931706474 off 0.42224013018191087 __DUMMY__ 0.007240276647441781	false	1.0
unvollkommenheit	neg 1.0		neg 0.5765707290986468 off 0.4161798314274183 __DUMMY__ 0.007249439473934846	false	1.0
intervenieren	neg 1.0		neg 0.5833029039081177 off 0.4094867258791104 __DUMMY__ 0.007210370212772062	false	1.0
banause	off 1.0		neg 0.5643918389295769 off 0.4284509255798838 __DUMMY__ 0.0071572354905392105	false	0.5
rebell	neg 1.0		neg 0.5814738648945944 off 0.41123984343739856 __DUMMY__ 0.0072862916680069695	false	1.0
unlogisch	neg 1.0		neg 0.5693751533452219 off 0.4234196917358664 __DUMMY__ 0.007205154918911726	false	1.0
leiden	neg 1.0	neg 1.0	neg 0.7762391197851088 off 0.2202288805838715 __DUMMY__ 0.0035319996310197443	false	1.0
abschaffung	neg 1.0		neg 0.5772825190295796 off 0.41550774913378774 __DUMMY__ 0.007209731836632586	false	1.0
sturz	neg 1.0		neg 0.576967574232739 off 0.4158311392570142 __DUMMY__ 0.007201286510246887	false	1.0
verkleinerung	neg 1.0		neg 0.5747602027854378 off 0.4180578875543459 __DUMMY__ 0.007181909660216196	false	1.0
schmarotzer	off 1.0		neg 0.5814553204262614 off 0.41132157101663386 __DUMMY__ 0.0072231085571047874	false	0.5
bestrafung	neg 1.0		neg 0.5763285223149577 off 0.4164372907528614 __DUMMY__ 0.0072341869321810755	false	1.0
achtlos	neg 1.0		neg 0.5762239969394563 off 0.4164932903140312 __DUMMY__ 0.007282712746512612	false	1.0
ungeheuer	neg 1.0		neg 0.5749425727373523 off 0.4178235320157882 __DUMMY__ 0.007233895246859545	false	1.0
