unsolidarisch	neg 1.0		neg 0.560334724129428 off 0.3977670909604386 __DUMMY__ 0.041898184910133474	false	1.0
nachteilig	neg 1.0		neg 0.559448522075496 off 0.39806318554951775 __DUMMY__ 0.04248829237498621	false	1.0
skeptisch	neg 1.0		neg 0.5616255261962899 off 0.39573991911644785 __DUMMY__ 0.042634554687262176	false	1.0
schrecklich	neg 1.0		neg 0.5475578782315723 off 0.41014623379475595 __DUMMY__ 0.04229588797367184	false	1.0
schlapp	neg 1.0		neg 0.5501067025990556 off 0.4072769776400596 __DUMMY__ 0.04261631976088492	false	1.0
abfall	neg 1.0		neg 0.5632457929004862 off 0.3940737975649232 __DUMMY__ 0.0426804095345905	false	1.0
widerspenstig	neg 1.0		neg 0.5548712862506137 off 0.4024052612462203 __DUMMY__ 0.04272345250316598	false	1.0
abrupt	neg 1.0		neg 0.5561712594056933 off 0.4010547995769256 __DUMMY__ 0.04277394101738101	false	1.0
unwirksam	neg 1.0		neg 0.5581356076142899 off 0.3997557213858194 __DUMMY__ 0.04210867099989069	false	1.0
angreifen	neg 1.0		neg 0.5610936593324374 off 0.39640721659047207 __DUMMY__ 0.042499124077090555	false	1.0
inkonsistent	neg 1.0		neg 0.5545870354627888 off 0.4030697971134328 __DUMMY__ 0.04234316742377842	false	1.0
abrutschen	neg 1.0		neg 0.56236391940659 off 0.3948661490417077 __DUMMY__ 0.04276993155170223	false	1.0
unsicher	neg 1.0		neg 0.5556692381032813 off 0.4017233666762346 __DUMMY__ 0.042607395220484165	false	1.0
bauernkind	off 1.0		neg 0.5462861368645847 off 0.4117994330294342 __DUMMY__ 0.04191443010598107	false	0.5
angreifer	neg 1.0		neg 0.5544292445565446 off 0.40335007960230085 __DUMMY__ 0.04222067584115456	false	1.0
trennen	neg 1.0		neg 0.5584013995362535 off 0.39867309142434426 __DUMMY__ 0.042925509039402183	false	1.0
schmutz	neg 1.0		neg 0.5468111038747903 off 0.4103223818850719 __DUMMY__ 0.042866514240137835	false	1.0
inkonsistenz	neg 1.0	neg 1.0	neg 0.7650742824872708 off 0.21471543859451636 __DUMMY__ 0.020210278918212764	false	1.0
erschreckend	neg 1.0		neg 0.5583606450531188 off 0.3991859959546872 __DUMMY__ 0.04245335899219422	false	1.0
ertrinken	neg 1.0		neg 0.5583832176614448 off 0.39886579608337897 __DUMMY__ 0.04275098625517614	false	1.0
pickelface	off 1.0		neg 0.5561660563063683 off 0.4014851088928378 __DUMMY__ 0.04234883480079387	false	0.5
seiner			neg 0.5604971002613902 off 0.39690304039780716 __DUMMY__ 0.04259985934080256	false	0.0
lauch	neg 1.0		neg 0.5615161189481771 off 0.39581781531317184 __DUMMY__ 0.04266606573865109	false	1.0
unwichtig	neg 1.0		neg 0.5521446449731482 off 0.40548870460273667 __DUMMY__ 0.042366650424115145	false	1.0
steuerhinterziehung	neg 1.0		neg 0.5597394374397898 off 0.3981154029694493 __DUMMY__ 0.04214515959076081	false	1.0
schock	neg 1.0		neg 0.5560189543549644 off 0.4011809793822881 __DUMMY__ 0.042800066262747447	false	1.0
beule	neg 1.0		neg 0.5487440273585722 off 0.40868056936557245 __DUMMY__ 0.04257540327585535	false	1.0
vergelten	neg 1.0		neg 0.5476110218112089 off 0.4103358900755093 __DUMMY__ 0.04205308811328168	false	1.0
verdorbenheit	neg 1.0		neg 0.552497636463009 off 0.40476032611295926 __DUMMY__ 0.04274203742403188	false	1.0
trauma	neg 1.0		neg 0.5543537600453086 off 0.40317913981948994 __DUMMY__ 0.04246710013520143	false	1.0
sinnlos	neg 1.0		neg 0.5541485371007053 off 0.4033822903279949 __DUMMY__ 0.04246917257129981	false	1.0
fettsack	off 1.0	off 1.0	off 0.6889801768799505 neg 0.2909170945693106 __DUMMY__ 0.020102728550738823	false	1.0
feige	off 1.0		neg 0.5536081141147987 off 0.40415669626728323 __DUMMY__ 0.04223518961791799	false	0.5
abdanken	neg 1.0		neg 0.5610129449587186 off 0.39701425151316094 __DUMMY__ 0.0419728035281204	false	1.0
wichtigtuer	off 1.0	off 1.0	off 0.683785031624614 neg 0.29600352114621054 __DUMMY__ 0.020211447229175394	false	1.0
misslingen	neg 1.0		neg 0.5517434210007133 off 0.4055158909178048 __DUMMY__ 0.04274068808148189	false	1.0
untreu	off 1.0		neg 0.5509075968670812 off 0.40669483828396924 __DUMMY__ 0.04239756484894944	false	0.5
missmutig	neg 1.0		neg 0.5511133994795693 off 0.40630048146814496 __DUMMY__ 0.042586119052285765	false	1.0
hurenbock	off 1.0		neg 0.5518124188753503 off 0.4053938611522869 __DUMMY__ 0.04279371997236283	false	0.5
betrunken	neg 1.0		neg 0.5482755647289896 off 0.4092273985248344 __DUMMY__ 0.042497036746176074	false	1.0
korrupt	off 1.0		neg 0.5619684585912881 off 0.39594111305815277 __DUMMY__ 0.04209042835055914	false	0.5
unmut	neg 1.0		neg 0.5628669722019315 off 0.39452934806353857 __DUMMY__ 0.04260367973452999	false	1.0
hackfresse	off 1.0		neg 0.5444031082411206 off 0.4134242618288414 __DUMMY__ 0.04217262993003801	false	0.5
aufblasen	neg 1.0		neg 0.553318419261505 off 0.4039953579093535 __DUMMY__ 0.04268622282914132	false	1.0
gewaltsam	neg 1.0		neg 0.557160419342176 off 0.40064658323278246 __DUMMY__ 0.04219299742504156	false	1.0
unbeliebtheit	neg 1.0		neg 0.5547852694440153 off 0.4035395826819829 __DUMMY__ 0.04167514787400175	false	1.0
sturheit	neg 1.0		neg 0.5596696063061656 off 0.3980618783119372 __DUMMY__ 0.042268515381897194	false	1.0
kuh	neg 1.0		neg 0.5556626483785827 off 0.4020441598649164 __DUMMY__ 0.04229319175650105	false	1.0
erschrecken	neg 1.0		neg 0.551707175693174 off 0.40573544896075886 __DUMMY__ 0.042557375346067024	false	1.0
opfer	neg 1.0	neg 1.0	neg 0.7682082852389215 off 0.21143677030953809 __DUMMY__ 0.0203549444515404	false	1.0
sinken	neg 1.0		neg 0.5616351302998865 off 0.39573001358708126 __DUMMY__ 0.042634856113032193	false	1.0
stinktier	neg 1.0		neg 0.5484261742062395 off 0.4094705193473363 __DUMMY__ 0.04210330644642416	false	1.0
tucke	off 1.0		neg 0.5429279564009177 off 0.41481844606099505 __DUMMY__ 0.04225359753808713	false	0.5
ein			neg 0.5530101001368365 off 0.40415874864117 __DUMMY__ 0.042831151221993345	false	0.0
abstieg	neg 1.0		neg 0.5595077398031066 off 0.3981587570238248 __DUMMY__ 0.042333503173068665	false	1.0
missverstehen	neg 1.0		neg 0.5558179991840173 off 0.4019053414371226 __DUMMY__ 0.042276659378860104	false	1.0
ergebnislos	neg 1.0		neg 0.5591822158950959 off 0.3983761758705762 __DUMMY__ 0.04244160823432786	false	1.0
unter			neg 0.563520829018729 off 0.39331863327895883 __DUMMY__ 0.043160537702312	false	0.0
manipulieren	neg 1.0		neg 0.5614214176768008 off 0.3960881974275278 __DUMMY__ 0.042490384895671286	false	1.0
unbewiesen	neg 1.0		neg 0.5609948764485208 off 0.3971530227850063 __DUMMY__ 0.041852100766473124	false	1.0
verschleppen	neg 1.0		neg 0.5599755824493264 off 0.3976480133852975 __DUMMY__ 0.042376404165376094	false	1.0
weib	off 1.0		neg 0.5438035811214237 off 0.41414449379095875 __DUMMY__ 0.04205192508761751	false	0.5
opposition	neg 1.0		neg 0.5571757016509455 off 0.4007469193549927 __DUMMY__ 0.04207737899406175	false	1.0
verkehrswidrig	neg 1.0		neg 0.5449390943396922 off 0.41269180029029423 __DUMMY__ 0.04236910537001355	false	1.0
inkorrekt	neg 1.0		neg 0.5542597025688315 off 0.40381574545378396 __DUMMY__ 0.04192455197738454	false	1.0
vermeiden	neg 1.0		neg 0.5626635169395207 off 0.39442501905870364 __DUMMY__ 0.04291146400177565	false	1.0
abweichung	neg 1.0		neg 0.5621459594305624 off 0.3957610520291233 __DUMMY__ 0.04209298854031424	false	1.0
alkoholisiert	neg 1.0		neg 0.5575759246469936 off 0.3997798510096369 __DUMMY__ 0.04264422434336945	false	1.0
scheiss	off 1.0	off 1.0	off 0.6873225109396166 neg 0.29239093568827007 __DUMMY__ 0.02028655337211326	false	1.0
herausforderung	neg 1.0		neg 0.555288064029817 off 0.401737473417292 __DUMMY__ 0.042974462552891	false	1.0
pervers	off 1.0		neg 0.5408652214611869 off 0.4171258652297482 __DUMMY__ 0.04200891330906495	false	0.5
wackelig	neg 1.0		neg 0.5553624594575457 off 0.4016680344444026 __DUMMY__ 0.042969506098051634	false	1.0
verwickeln	neg 1.0		neg 0.5551731931648781 off 0.4024322311642078 __DUMMY__ 0.04239457567091411	false	1.0
vorwand	neg 1.0		neg 0.5625918578082726 off 0.39489097741662266 __DUMMY__ 0.04251716477510472	false	1.0
muschi	off 1.0		neg 0.5569085877574245 off 0.4007611030336772 __DUMMY__ 0.042330309208898145	false	0.5
entmutigung	neg 1.0		neg 0.5599659120790417 off 0.39839420341186516 __DUMMY__ 0.041639884509093276	false	1.0
unangemessen	neg 1.0		neg 0.5609358807082931 off 0.3967928641282459 __DUMMY__ 0.04227125516346106	false	1.0
unstetig	neg 1.0		neg 0.5534854927343429 off 0.40425259222444687 __DUMMY__ 0.04226191504121027	false	1.0
entmutigen	neg 1.0		neg 0.554707861239566 off 0.4027399483315572 __DUMMY__ 0.04255219042887682	false	1.0
schwanz	neg 1.0		neg 0.55788433058888 off 0.3995841726629915 __DUMMY__ 0.042531496748128554	false	1.0
verbot	neg 1.0		neg 0.560553805237825 off 0.39727201118014605 __DUMMY__ 0.042174183582028846	false	1.0
leid	neg 1.0		neg 0.5460617726303927 off 0.41169751774444463 __DUMMY__ 0.042240709625162805	false	1.0
archaisch	neg 1.0		neg 0.5599874002299472 off 0.3976994350898687 __DUMMY__ 0.042313164680184145	false	1.0
gegen			neg 0.5625654673163426 off 0.39498251241257665 __DUMMY__ 0.04245202027108063	false	0.0
scheidung	neg 1.0	neg 1.0	neg 0.7531143189950981 off 0.2268138318665726 __DUMMY__ 0.02007184913832931	false	1.0
einschlag	neg 1.0		neg 0.5466297294818316 off 0.4111332881393073 __DUMMY__ 0.04223698237886102	false	1.0
m			neg 0.5563243819035844 off 0.40100318487215436 __DUMMY__ 0.04267243322426135	false	0.0
abgestanden	neg 1.0		neg 0.5549224733492347 off 0.402436332646682 __DUMMY__ 0.04264119400408329	false	1.0
schmierig	off 1.0		neg 0.5464092682770423 off 0.41123016082509783 __DUMMY__ 0.042360570897859724	false	0.5
unpraktisch	neg 1.0		neg 0.5530186594046668 off 0.404255857833853 __DUMMY__ 0.042725482761480464	false	1.0
wixxer	off 1.0		neg 0.5418514083163869 off 0.41628364500580367 __DUMMY__ 0.04186494667780951	false	0.5
bezeichnet			neg 0.5585179636794375 off 0.39915002469991934 __DUMMY__ 0.04233201162064315	false	0.0
jammerlappen	off 1.0		neg 0.5517665191710961 off 0.40581947505566796 __DUMMY__ 0.042414005773235855	false	0.5
farce	neg 1.0		neg 0.5625984697440989 off 0.3955297669028527 __DUMMY__ 0.04187176335304849	false	1.0
zwecklos	neg 1.0		neg 0.5604578569340943 off 0.3971629945747866 __DUMMY__ 0.04237914849111901	false	1.0
turbulent	neg 1.0		neg 0.5487867931388256 off 0.4090370220254887 __DUMMY__ 0.04217618483568578	false	1.0
invasion	neg 1.0		neg 0.5517935631231807 off 0.4056343286255965 __DUMMY__ 0.04257210825122292	false	1.0
schuld	neg 1.0		neg 0.5560113355467353 off 0.4015579715112164 __DUMMY__ 0.04243069294204831	false	1.0
risiko	neg 1.0		neg 0.550658486809095 off 0.40666228817888406 __DUMMY__ 0.04267922501202108	false	1.0
finster	neg 1.0		neg 0.5540079261059702 off 0.40327091938046145 __DUMMY__ 0.04272115451356829	false	1.0
geisteskrank	off 1.0		neg 0.5524280705592759 off 0.40548581846554976 __DUMMY__ 0.04208611097517448	false	0.5
zusammenbrechen	neg 1.0		neg 0.5568611827107905 off 0.4004771214923395 __DUMMY__ 0.042661695796869833	false	1.0
ausbeute	neg 1.0		neg 0.5568401462410234 off 0.40035475287222877 __DUMMY__ 0.042805100886747924	false	1.0
hinterhalt	neg 1.0		neg 0.5549445948472311 off 0.4025895181992659 __DUMMY__ 0.04246588695350305	false	1.0
kritik	neg 1.0		neg 0.5616966247379582 off 0.39631839390347323 __DUMMY__ 0.041984981358568554	false	1.0
einschrumpfen	neg 1.0		neg 0.5549619006098299 off 0.40298992704315717 __DUMMY__ 0.04204817234701291	false	1.0
riskant	neg 1.0		neg 0.5600134201493366 off 0.39738224817470147 __DUMMY__ 0.04260433167596191	false	1.0
frustrieren	neg 1.0		neg 0.5608572449012182 off 0.39662877970988786 __DUMMY__ 0.04251397538889383	false	1.0
groll	neg 1.0		neg 0.5600455586218617 off 0.3975546533952091 __DUMMY__ 0.04239978798292914	false	1.0
gibt			neg 0.5585460279017366 off 0.39893276299294933 __DUMMY__ 0.04252120910531421	false	0.0
qualvoll	neg 1.0		neg 0.5527987576631268 off 0.4046111483964777 __DUMMY__ 0.042590093940395465	false	1.0
wackeln	neg 1.0		neg 0.5527529290374683 off 0.4044113179408603 __DUMMY__ 0.04283575302167148	false	1.0
klagen	neg 1.0		neg 0.5630097350058464 off 0.39451688682120195 __DUMMY__ 0.04247337817295162	false	1.0
bankrott	neg 1.0		neg 0.550182007438549 off 0.40728583623908055 __DUMMY__ 0.042532156322370535	false	1.0
trauern	neg 1.0		neg 0.5596534203655398 off 0.3977421760760486 __DUMMY__ 0.04260440355841152	false	1.0
ablehnung	neg 1.0	neg 1.0	neg 0.7687916737535921 off 0.21110468263943605 __DUMMY__ 0.020103643606971762	false	1.0
stur	neg 1.0		neg 0.5552888118699573 off 0.402250171041038 __DUMMY__ 0.04246101708900462	false	1.0
aufruhr	neg 1.0		neg 0.5584211769113324 off 0.3994577690802568 __DUMMY__ 0.04212105400841086	false	1.0
melancholie	neg 1.0		neg 0.5565526101637296 off 0.40063599862999644 __DUMMY__ 0.04281139120627397	false	1.0
ist			neg 0.5553683977069409 off 0.40220689027612144 __DUMMY__ 0.04242471201693775	false	0.0
torheit	neg 1.0		neg 0.5592685852078412 off 0.3987813511883588 __DUMMY__ 0.04195006360380007	false	1.0
dreckskind	off 1.0		neg 0.5484764819814825 off 0.4097080179431215 __DUMMY__ 0.041815500075396146	false	0.5
umtauschen	neg 1.0		neg 0.5552337387859827 off 0.40207919502372774 __DUMMY__ 0.042687066190289495	false	1.0
zum			neg 0.559712574645914 off 0.3970990981278231 __DUMMY__ 0.04318832722626295	false	0.0
zersetzen	neg 1.0		neg 0.5620603847334806 off 0.39545313264130244 __DUMMY__ 0.04248648262521698	false	1.0
zur			neg 0.5638355988925723 off 0.39344789593166274 __DUMMY__ 0.04271650517576498	false	0.0
frust	neg 1.0		neg 0.5576236138639183 off 0.399768864409364 __DUMMY__ 0.042607521726717834	false	1.0
unerbittlichkeit	neg 1.0		neg 0.5616901912434807 off 0.3958989954771398 __DUMMY__ 0.042410813279379504	false	1.0
zwei			neg 0.5593518846071843 off 0.3976518096141483 __DUMMY__ 0.04299630577866731	false	0.0
unkorrekt	neg 1.0		neg 0.5521391401847283 off 0.4058047303313882 __DUMMY__ 0.04205612948388355	false	1.0
hexe	off 1.0		neg 0.550508376295859 off 0.40705669390890015 __DUMMY__ 0.04243492979524081	false	0.5
lasch	neg 1.0		neg 0.5546150205288782 off 0.4031359949437233 __DUMMY__ 0.04224898452739855	false	1.0
rivale	neg 1.0		neg 0.5482087428162691 off 0.4096493395196515 __DUMMY__ 0.042141917664079334	false	1.0
mutlos	off 1.0	off 1.0	off 0.6806989548061521 neg 0.2990840118397635 __DUMMY__ 0.020217033354084424	false	1.0
wirr	off 1.0		neg 0.5501509286536727 off 0.40778579714807833 __DUMMY__ 0.04206327419824907	false	0.5
jahr			neg 0.5578570703606828 off 0.3992886597943469 __DUMMY__ 0.04285426984497028	false	0.0
wird			neg 0.5595989153701935 off 0.39783052922659784 __DUMMY__ 0.04257055540320861	false	0.0
strafbar	neg 1.0		neg 0.5622330036943788 off 0.39547600150699813 __DUMMY__ 0.042290994798623215	false	1.0
erosion	neg 1.0		neg 0.5529332664495918 off 0.40440385790305405 __DUMMY__ 0.04266287564735407	false	1.0
eingehen	neg 1.0		neg 0.5604364436970667 off 0.3971316563141967 __DUMMY__ 0.0424318999887366	false	1.0
faul	off 1.0		neg 0.5498077074914677 off 0.4075179690417609 __DUMMY__ 0.04267432346677155	false	0.5
provisorium	neg 1.0		neg 0.5653170323656382 off 0.39166668186093195 __DUMMY__ 0.04301628577342976	false	1.0
schmerzen	neg 1.0		neg 0.5562927357713853 off 0.4010417921090807 __DUMMY__ 0.042665472119534	false	1.0
schrumpfen	neg 1.0		neg 0.5636747738384661 off 0.3935388793788529 __DUMMY__ 0.042786346782680965	false	1.0
geistlos	off 1.0		neg 0.5581334553972361 off 0.399993340772127 __DUMMY__ 0.04187320383063688	false	0.5
fehlkauf	neg 1.0		neg 0.5539233200541259 off 0.40373601888324456 __DUMMY__ 0.04234066106262938	false	1.0
frustrierend	neg 1.0	neg 1.0	neg 0.7640990297943301 off 0.21557124773602573 __DUMMY__ 0.020329722469644144	false	1.0
unzufrieden	neg 1.0		neg 0.559525054823616 off 0.39798931208317034 __DUMMY__ 0.04248563309321365	false	1.0
verzweifeln	neg 1.0		neg 0.5565966756385597 off 0.400817222775577 __DUMMY__ 0.04258610158586323	false	1.0
verzweifelt	neg 1.0		neg 0.555255756740364 off 0.40226590483182556 __DUMMY__ 0.042478338427810555	false	1.0
misstrauensantrag	neg 1.0		neg 0.5547959961647465 off 0.4029665612852571 __DUMMY__ 0.04223744254999641	false	1.0
abfallen	neg 1.0		neg 0.5523964081978775 off 0.404743357460027 __DUMMY__ 0.04286023434209551	false	1.0
fucker	off 1.0		neg 0.5491510044299284 off 0.40863417210596364 __DUMMY__ 0.04221482346410795	false	0.5
ungezogen	neg 1.0		neg 0.5424596636545334 off 0.4153637519745826 __DUMMY__ 0.04217658437088414	false	1.0
irrsinnig	neg 1.0	neg 1.0	neg 0.7664014896296455 off 0.21333835017643862 __DUMMY__ 0.020260160193915848	false	1.0
unfassbar	neg 1.0		neg 0.5513566304819876 off 0.4062530721579861 __DUMMY__ 0.04239029736002636	false	1.0
hart	neg 1.0		neg 0.5521325251327905 off 0.40563514064013967 __DUMMY__ 0.042232334227069845	false	1.0
widerlich	off 1.0		neg 0.5514083741200031 off 0.406336728547378 __DUMMY__ 0.04225489733261898	false	0.5
fatal	neg 1.0		neg 0.5537674435534328 off 0.4038531722330247 __DUMMY__ 0.04237938421354253	false	1.0
bruch	neg 1.0		neg 0.5646972628815577 off 0.3929591470359253 __DUMMY__ 0.04234359008251687	false	1.0
aushungern	neg 1.0		neg 0.558743051462012 off 0.3991191182339825 __DUMMY__ 0.04213783030400562	false	1.0
anspannung	neg 1.0		neg 0.561615323582782 off 0.39553663780492504 __DUMMY__ 0.04284803861229287	false	1.0
von			neg 0.558805315266516 off 0.39832584132218873 __DUMMY__ 0.04286884341129533	false	0.0
kraftlos	neg 1.0		neg 0.5566552183689829 off 0.40047604500903344 __DUMMY__ 0.04286873662198373	false	1.0
vom			neg 0.5630053958910977 off 0.39387354004260616 __DUMMY__ 0.04312106406629629	false	0.0
grenzdebil	off 1.0		neg 0.549363181154495 off 0.4081716257840385 __DUMMY__ 0.042465193061466504	false	0.5
vor			neg 0.5609125949417352 off 0.3963041098427374 __DUMMY__ 0.04278329521552752	false	0.0
unterwerfen	neg 1.0		neg 0.5608720264908641 off 0.3967048217266062 __DUMMY__ 0.04242315178252975	false	1.0
versenkung	neg 1.0		neg 0.5604764402197984 off 0.396978801286994 __DUMMY__ 0.04254475849320755	false	1.0
entziehen	neg 1.0		neg 0.5631180079980386 off 0.39434585695858293 __DUMMY__ 0.042536135043378415	false	1.0
finanzkrise	neg 1.0		neg 0.5596365226995114 off 0.39828865076353537 __DUMMY__ 0.04207482653695337	false	1.0
schimpfend	neg 1.0		neg 0.5507305821200454 off 0.4063327438603772 __DUMMY__ 0.042936674019577216	false	1.0
profan	neg 1.0		neg 0.5542241497513375 off 0.40331314848683947 __DUMMY__ 0.04246270176182318	false	1.0
korruption	neg 1.0		neg 0.5615261688814194 off 0.39635126385722536 __DUMMY__ 0.04212256726135516	false	1.0
â			neg 0.5575002754401737 off 0.39984334560797746 __DUMMY__ 0.04265637895184893	false	0.0
schmutzig	neg 1.0		neg 0.5484133504092701 off 0.40893451825452504 __DUMMY__ 0.0426521313362049	false	1.0
sexy	neg 1.0		neg 0.5514061857383944 off 0.40612554011130036 __DUMMY__ 0.04246827415030531	false	1.0
abraten	neg 1.0		neg 0.5538310509501121 off 0.40354423839908127 __DUMMY__ 0.04262471065080661	false	1.0
schwarz	neg 1.0		neg 0.5545134560693863 off 0.40307281104607734 __DUMMY__ 0.042413732884536356	false	1.0
fotze	off 1.0		neg 0.5586059649941167 off 0.3990068470167076 __DUMMY__ 0.042387187989175616	false	0.5
verwirren	neg 1.0		neg 0.5531663720622538 off 0.40436239797594986 __DUMMY__ 0.0424712299617964	false	1.0
zahnlos	off 1.0		neg 0.5600797703180961 off 0.39754796960815003 __DUMMY__ 0.042372260073753915	false	0.5
verheeren	neg 1.0		neg 0.5425436914320187 off 0.4155985029755959 __DUMMY__ 0.041857805592385534	false	1.0
hippie	neg 1.0		neg 0.5519987931248429 off 0.40557104568042984 __DUMMY__ 0.04243016119472739	false	1.0
rammen	neg 1.0		neg 0.5523537770016346 off 0.40511434949250547 __DUMMY__ 0.0425318735058599	false	1.0
unlauter	neg 1.0	neg 1.0	neg 0.7655383878784152 off 0.21425712579493486 __DUMMY__ 0.020204486326649944	false	1.0
unheilvoll	neg 1.0		neg 0.5531296786141585 off 0.40427612342165076 __DUMMY__ 0.04259419796419076	false	1.0
niedrig	neg 1.0		neg 0.5594706050515835 off 0.3980626465771995 __DUMMY__ 0.042466748371217194	false	1.0
explosion	neg 1.0		neg 0.5517165142393747 off 0.4057471319913476 __DUMMY__ 0.04253635376927767	false	1.0
weichei	off 1.0		neg 0.5456505048810364 off 0.41216126553055665 __DUMMY__ 0.04218822958840694	false	0.5
minusmensch	off 1.0		neg 0.5439587614954289 off 0.4143196541986054 __DUMMY__ 0.04172158430596561	false	0.5
farblos	neg 1.0		neg 0.5554055586079798 off 0.4021774636871726 __DUMMY__ 0.04241697770484746	false	1.0
unwissend	neg 1.0	neg 1.0	neg 0.7640120076763728 off 0.2157704551209713 __DUMMY__ 0.020217537202655917	false	1.0
traurig	neg 1.0		neg 0.5477773339264305 off 0.40980643230798597 __DUMMY__ 0.04241623376558366	false	1.0
senkung	neg 1.0		neg 0.553536009009895 off 0.4041336720224485 __DUMMY__ 0.042330318967656634	false	1.0
ungleich	neg 1.0	neg 1.0	neg 0.7691765945348334 off 0.210571335467788 __DUMMY__ 0.02025206999737855	false	1.0
heikel	neg 1.0		neg 0.5617048630927349 off 0.39575890941697567 __DUMMY__ 0.042536227490289465	false	1.0
drosselung	neg 1.0		neg 0.5467674495526176 off 0.4107671786288132 __DUMMY__ 0.0424653718185693	false	1.0
falsch	neg 1.0		neg 0.5524498806695874 off 0.40513621778960507 __DUMMY__ 0.042413901540807535	false	1.0
unzufriedenheit	neg 1.0		neg 0.5623159497043626 off 0.395196713295505 __DUMMY__ 0.04248733700013242	false	1.0
kurz	neg 1.0		neg 0.5556608560073871 off 0.401515206687206 __DUMMY__ 0.04282393730540678	false	1.0
unsinnig	neg 1.0		neg 0.5592462602855022 off 0.3983071865032703 __DUMMY__ 0.04244655321122741	false	1.0
penner	off 1.0	off 1.0	off 0.6905404907477215 neg 0.2892812094566878 __DUMMY__ 0.020178299795590757	false	1.0
seicht	neg 1.0		neg 0.5451163084113492 off 0.41297485135831696 __DUMMY__ 0.04190884023033385	false	1.0
dummheit	off 1.0	off 1.0	off 0.6841276519877165 neg 0.2956745866951037 __DUMMY__ 0.020197761317179843	false	1.0
unerfreulich	neg 1.0		neg 0.5617760906663695 off 0.3956091595074047 __DUMMY__ 0.042614749826225685	false	1.0
motherfucker	off 1.0	off 1.0	off 0.6875337343139056 neg 0.29228422251659025 __DUMMY__ 0.020182043169504123	false	1.0
pikiert	neg 1.0		neg 0.5525834974782861 off 0.4051240871909232 __DUMMY__ 0.04229241533079091	false	1.0
wrack	neg 1.0		neg 0.5566357654629592 off 0.40065661633171695 __DUMMY__ 0.04270761820532394	false	1.0
gangster	neg 1.0		neg 0.5529131917113169 off 0.4046521729194956 __DUMMY__ 0.04243463536918758	false	1.0
krank	neg 1.0		neg 0.5485105606906961 off 0.4089070625283484 __DUMMY__ 0.04258237678095559	false	1.0
reich	neg 1.0		neg 0.5553862386815137 off 0.4028493690259869 __DUMMY__ 0.04176439229249934	false	1.0
gnadenlos	neg 1.0		neg 0.555407484061157 off 0.4021106150971101 __DUMMY__ 0.04248190084173281	false	1.0
niedergeschlagen	neg 1.0		neg 0.5571877488412488 off 0.40020001793311366 __DUMMY__ 0.04261223322563758	false	1.0
terrorisieren	off 1.0	off 1.0	off 0.6816456209552674 neg 0.2979778101271346 __DUMMY__ 0.020376568917598183	false	1.0
sinnlosigkeit	neg 1.0		neg 0.5598684038843137 off 0.3977383869300044 __DUMMY__ 0.042393209185682006	false	1.0
behindern	neg 1.0		neg 0.5549198581596797 off 0.40240962962836796 __DUMMY__ 0.042670512211952255	false	1.0
undemokratisch	neg 1.0		neg 0.5582517740196892 off 0.39972225813746287 __DUMMY__ 0.04202596784284793	false	1.0
wirtschaftskrise	neg 1.0		neg 0.5605604434919684 off 0.39719587670493556 __DUMMY__ 0.04224367980309608	false	1.0
neid	neg 1.0		neg 0.5512213739199876 off 0.4061583965632232 __DUMMY__ 0.042620229516789176	false	1.0
rutschen	neg 1.0		neg 0.5593104800070093 off 0.39747473455383503 __DUMMY__ 0.0432147854391557	false	1.0
rezession	neg 1.0		neg 0.5494109044980444 off 0.408681296483945 __DUMMY__ 0.04190779901801049	false	1.0
fehlgeburt	neg 1.0		neg 0.5557716498869463 off 0.40178669206959433 __DUMMY__ 0.04244165804345931	false	1.0
charakterschwach	off 1.0		neg 0.5514515180855238 off 0.4062751571995445 __DUMMY__ 0.04227332471493148	false	0.5
isolation	neg 1.0		neg 0.5503066096818902 off 0.40723555659346616 __DUMMY__ 0.04245783372464379	false	1.0
ablenkung	neg 1.0		neg 0.5549322051210179 off 0.40242639061020097 __DUMMY__ 0.04264140426878101	false	1.0
pech	neg 1.0		neg 0.5528906161192519 off 0.4046376087512242 __DUMMY__ 0.04247177512952392	false	1.0
vermeidung	neg 1.0		neg 0.5478964008708503 off 0.40959327873180373 __DUMMY__ 0.04251032039734604	false	1.0
dominieren	neg 1.0		neg 0.557667051172802 off 0.3998456478676487 __DUMMY__ 0.04248730095954936	false	1.0
schwindlig	neg 1.0		neg 0.5513219428412142 off 0.4059707909575195 __DUMMY__ 0.04270726620126626	false	1.0
lutscher	neg 1.0		neg 0.5437720904679878 off 0.41428714448037196 __DUMMY__ 0.04194076505164022	false	1.0
pflicht	neg 1.0		neg 0.5621816320317425 off 0.39531319248979463 __DUMMY__ 0.042505175478462935	false	1.0
faschist	off 1.0		neg 0.557421333041784 off 0.40059213218671585 __DUMMY__ 0.041986534771500134	false	0.5
verschleudern	neg 1.0		neg 0.5608913736907819 off 0.39681886456511767 __DUMMY__ 0.04228976174410061	false	1.0
wenn			neg 0.5521075148960412 off 0.40543644245016297 __DUMMY__ 0.04245604265379584	false	0.0
ehebruch	neg 1.0		neg 0.5611104643876526 off 0.39655456801427497 __DUMMY__ 0.042334967598072405	false	1.0
spott	off 1.0		neg 0.5617345350777563 off 0.3959125048366913 __DUMMY__ 0.042352960085552345	false	0.5
trostlosigkeit	neg 1.0		neg 0.5644957119748946 off 0.3933132743604501 __DUMMY__ 0.04219101366465542	false	1.0
lutschen	neg 1.0		neg 0.5527120805510474 off 0.40506156076928146 __DUMMY__ 0.04222635867967104	false	1.0
undiszipliniert	neg 1.0		neg 0.5489138482966166 off 0.40872461131108023 __DUMMY__ 0.042361540392303075	false	1.0
kopfschmerz	neg 1.0		neg 0.5566831311269966 off 0.40078452617594446 __DUMMY__ 0.0425323426970588	false	1.0
unvorhergesehen	neg 1.0		neg 0.55545288119651 off 0.40166889669532957 __DUMMY__ 0.04287822210816023	false	1.0
desinteressiert	neg 1.0		neg 0.5502276787583326 off 0.4075235170564819 __DUMMY__ 0.04224880418518547	false	1.0
armselig	off 1.0		neg 0.5497784481773396 off 0.4080596862014233 __DUMMY__ 0.042161865621237075	false	0.5
desaster	neg 1.0		neg 0.5647981126139054 off 0.39282599771253734 __DUMMY__ 0.042375889673557286	false	1.0
tod	neg 1.0		neg 0.5621318027789086 off 0.39564272565275344 __DUMMY__ 0.04222547156833797	false	1.0
herzlos	neg 1.0		neg 0.54727012866796 off 0.4103541195952946 __DUMMY__ 0.04237575173674538	false	1.0
unwissenheit	neg 1.0		neg 0.5607063836652273 off 0.3969953678252276 __DUMMY__ 0.04229824850954514	false	1.0
widersinnig	neg 1.0		neg 0.5611347992434972 off 0.39680582095584704 __DUMMY__ 0.04205937980065571	false	1.0
bedenklich	neg 1.0		neg 0.5608146254539222 off 0.396687572681619 __DUMMY__ 0.04249780186445863	false	1.0
beanstanden	neg 1.0		neg 0.5623167018174793 off 0.3951467413160193 __DUMMY__ 0.04253655686650133	false	1.0
panisch	neg 1.0	neg 1.0	neg 0.763291049559069 off 0.2161697100577894 __DUMMY__ 0.02053924038314157	false	1.0
debil	off 1.0		neg 0.5647069950175236 off 0.39266745568795286 __DUMMY__ 0.04262554929452347	false	0.5
abstrich	neg 1.0		neg 0.5533302224290227 off 0.4038858334912533 __DUMMY__ 0.042783944079724044	false	1.0
primitiv	neg 1.0		neg 0.550950504284926 off 0.4068190189701045 __DUMMY__ 0.042230476744969554	false	1.0
abschaum	off 1.0	off 1.0	off 0.6854115336178008 neg 0.2944277550259284 __DUMMY__ 0.020160711356270684	false	1.0
provozieren	neg 1.0		neg 0.5573578291671446 off 0.4003128479427919 __DUMMY__ 0.04232932289006343	false	1.0
tot	neg 1.0		neg 0.5581922069296802 off 0.3994411691258951 __DUMMY__ 0.042366623944424586	false	1.0
instabil	neg 1.0		neg 0.5498058365142598 off 0.4082132932098864 __DUMMY__ 0.04198087027585375	false	1.0
schwuchtel	off 1.0		neg 0.539920496345564 off 0.41842860771687196 __DUMMY__ 0.04165089593756393	false	0.5
zerren	neg 1.0		neg 0.557106877669835 off 0.4002541817316368 __DUMMY__ 0.04263894059852822	false	1.0
kinderficker	off 1.0		neg 0.5478828923545406 off 0.4100644202391305 __DUMMY__ 0.04205268740632899	false	0.5
gefahr	neg 1.0		neg 0.5610136863814983 off 0.39660199890675163 __DUMMY__ 0.04238431471175017	false	1.0
rabiat	neg 1.0		neg 0.5563625637133768 off 0.4011445310097806 __DUMMY__ 0.04249290527684267	false	1.0
verlangsamung	neg 1.0		neg 0.5456961581079074 off 0.41242256564378554 __DUMMY__ 0.04188127624830698	false	1.0
ausgestorben	neg 1.0		neg 0.5572771434771134 off 0.40012113951158046 __DUMMY__ 0.04260171701130617	false	1.0
anklagen	neg 1.0		neg 0.5584832644693707 off 0.39923979123824777 __DUMMY__ 0.04227694429238165	false	1.0
trott	neg 1.0		neg 0.5553881039820021 off 0.40201723017757496 __DUMMY__ 0.04259466584042292	false	1.0
verminderung	neg 1.0		neg 0.5482946515903125 off 0.40936214519737935 __DUMMY__ 0.04234320321230816	false	1.0
nach			neg 0.5612197941286676 off 0.3957635789507514 __DUMMY__ 0.043016626920580996	false	0.0
rost	neg 1.0		neg 0.5436852906459904 off 0.41424193321421227 __DUMMY__ 0.04207277613979736	false	1.0
destruktiv	neg 1.0		neg 0.5593438435063078 off 0.3983994305654071 __DUMMY__ 0.04225672592828508	false	1.0
unzumutbarkeit	neg 1.0		neg 0.5482872007814915 off 0.4092599628441846 __DUMMY__ 0.04245283637432389	false	1.0
labil	off 1.0	off 1.0	off 0.6863414627353448 neg 0.2934638308184512 __DUMMY__ 0.020194706446204008	false	1.0
ziemlich	neg 1.0		neg 0.5502672407044503 off 0.4072998737062355 __DUMMY__ 0.04243288558931412	false	1.0
lachnummer	off 1.0		neg 0.5590891711824231 off 0.3986253698081025 __DUMMY__ 0.04228545900947441	false	0.5
oder			neg 0.5549368316097046 off 0.4023770673144505 __DUMMY__ 0.04268610107584472	false	0.0
verfall	neg 1.0		neg 0.564923216237287 off 0.39243928487562785 __DUMMY__ 0.04263749888708494	false	1.0
ausgrenzung	neg 1.0		neg 0.5573956233473724 off 0.40057495190062664 __DUMMY__ 0.042029424752000936	false	1.0
unordnung	neg 1.0		neg 0.5479933694676241 off 0.409919328025756 __DUMMY__ 0.042087302506619975	false	1.0
fehlverhalten	neg 1.0		neg 0.561841470581128 off 0.3957802563187056 __DUMMY__ 0.04237827310016634	false	1.0
eine			neg 0.5611361795531228 off 0.39615104848345045 __DUMMY__ 0.042712771963426745	false	0.0
nille	neg 1.0		neg 0.55777518910113 off 0.3999612835675764 __DUMMY__ 0.042263527331293634	false	1.0
qual	neg 1.0		neg 0.5556645788656394 off 0.4017634270060827 __DUMMY__ 0.04257199412827795	false	1.0
verschwenden	neg 1.0		neg 0.5603043555057892 off 0.3971508071857798 __DUMMY__ 0.04254483730843114	false	1.0
riesig	neg 1.0		neg 0.5567971292091816 off 0.4006590895688444 __DUMMY__ 0.0425437812219741	false	1.0
verurteilen	neg 1.0		neg 0.5607025877012812 off 0.39703174107118844 __DUMMY__ 0.042265671227530416	false	1.0
klischee	neg 1.0	neg 1.0	neg 0.7653464611208997 off 0.21447466578677854 __DUMMY__ 0.020178873092321806	false	1.0
diktatorisch	neg 1.0		neg 0.5595115288903915 off 0.3985984683454318 __DUMMY__ 0.04189000276417659	false	1.0
vorhersehbar	neg 1.0		neg 0.5564052134913944 off 0.40139901319572124 __DUMMY__ 0.0421957733128844	false	1.0
sowie			neg 0.5469537517843875 off 0.41109989698947713 __DUMMY__ 0.04194635122613532	false	0.0
stornieren	neg 1.0		neg 0.551701873620576 off 0.4056514716420964 __DUMMY__ 0.04264665473732756	false	1.0
besteuerung	neg 1.0		neg 0.5557916543803716 off 0.40188578519003754 __DUMMY__ 0.04232256042959082	false	1.0
ungeschminkt	neg 1.0		neg 0.5504178294507402 off 0.4072737488825691 __DUMMY__ 0.04230842166669067	false	1.0
kritisch	neg 1.0		neg 0.5615757991715725 off 0.39605838383982656 __DUMMY__ 0.04236581698860096	false	1.0
schlamperei	off 1.0		neg 0.5607593455622333 off 0.39688248002551546 __DUMMY__ 0.042358174412251225	false	0.5
sucht	neg 1.0	neg 1.0	neg 0.7624822543306048 off 0.2169695818400154 __DUMMY__ 0.020548163829379726	false	1.0
egoistisch	off 1.0		neg 0.5457558692806207 off 0.4120378346738074 __DUMMY__ 0.0422062960455719	false	0.5
ausbeuter	off 1.0		neg 0.5629399141511615 off 0.3947623946700025 __DUMMY__ 0.042297691178836035	false	0.5
arschgeburt	off 1.0		neg 0.5401010524920649 off 0.4182487234920939 __DUMMY__ 0.04165022401584122	false	0.5
schubs	neg 1.0	neg 1.0	neg 0.7662594783123511 off 0.21323367274471972 __DUMMY__ 0.0205068489429293	false	1.0
unsolide	neg 1.0		neg 0.5566225461056045 off 0.4016358464535613 __DUMMY__ 0.041741607440834126	false	1.0
beschwerde	neg 1.0		neg 0.5597902328853928 off 0.39784682868289756 __DUMMY__ 0.042362938431709636	false	1.0
stocken	neg 1.0		neg 0.5586910618118947 off 0.39874208088733204 __DUMMY__ 0.04256685730077322	false	1.0
isolieren	neg 1.0		neg 0.5553843324744794 off 0.40192493013724967 __DUMMY__ 0.04269073738827094	false	1.0
unheilbar	neg 1.0		neg 0.5564589295443322 off 0.40114745401382407 __DUMMY__ 0.04239361644184376	false	1.0
pisser	off 1.0		neg 0.5489585102943126 off 0.40896068099196325 __DUMMY__ 0.04208080871372419	false	0.5
löschen	neg 1.0		neg 0.5552322464774198 off 0.402334052171424 __DUMMY__ 0.04243370135115623	false	1.0
durchfallen	neg 1.0		neg 0.559917972329689 off 0.3975571513327712 __DUMMY__ 0.04252487633753985	false	1.0
wichser	off 1.0		neg 0.5418073365502593 off 0.41617788315308424 __DUMMY__ 0.042014780296656506	false	0.5
terror	neg 1.0		neg 0.5506540508315207 off 0.4067391366163652 __DUMMY__ 0.042606812552114105	false	1.0
krass	neg 1.0		neg 0.5475068933889439 off 0.4102163580989281 __DUMMY__ 0.04227674851212807	false	1.0
revolte	neg 1.0	neg 1.0	neg 0.766753274327185 off 0.21326432592398764 __DUMMY__ 0.01998239974882739	false	1.0
besorgt	neg 1.0		neg 0.5548794308611035 off 0.40221927874860797 __DUMMY__ 0.04290129039028849	false	1.0
nachlassen	neg 1.0		neg 0.55747429492106 off 0.3998810973302564 __DUMMY__ 0.04264460774868361	false	1.0
alt	neg 1.0		neg 0.557817127886612 off 0.39934413931168106 __DUMMY__ 0.0428387328017068	false	1.0
hundesohn	off 1.0		neg 0.5442500259909072 off 0.41393143044177266 __DUMMY__ 0.041818543567320135	false	0.5
als			neg 0.5578215512730205 off 0.3995132426509162 __DUMMY__ 0.04266520607606341	false	0.0
abschreckung	neg 1.0		neg 0.5627454899989913 off 0.39480606128037493 __DUMMY__ 0.042448448720633865	false	1.0
unqualifiziert	neg 1.0		neg 0.5554275762880682 off 0.40231533475648185 __DUMMY__ 0.04225708895544992	false	1.0
abgewichst	off 1.0		neg 0.5576792770853484 off 0.3998969514158227 __DUMMY__ 0.04242377149882891	false	0.5
schwer	neg 1.0		neg 0.556287787397038 off 0.401121456840699 __DUMMY__ 0.042590755762263136	false	1.0
bedeutungslosigkeit	neg 1.0		neg 0.5625473114623621 off 0.39506580728317225 __DUMMY__ 0.042386881254465644	false	1.0
kapitulation	neg 1.0		neg 0.5629422048290891 off 0.3950256933820842 __DUMMY__ 0.04203210178882685	false	1.0
unscharf	neg 1.0		neg 0.5530704178045899 off 0.4044948711054243 __DUMMY__ 0.042434711089985644	false	1.0
schwinden	neg 1.0		neg 0.5607677186905944 off 0.3966858940449544 __DUMMY__ 0.04254638726445115	false	1.0
versklavung	neg 1.0	neg 1.0	neg 0.7673734190683204 off 0.21254692366642033 __DUMMY__ 0.02007965726525936	false	1.0
schlecht	neg 1.0		neg 0.5495712821689406 off 0.40795688925165197 __DUMMY__ 0.042471828579407615	false	1.0
verhasst	neg 1.0		neg 0.557763353780887 off 0.39996491974099496 __DUMMY__ 0.04227172647811787	false	1.0
beschweren	neg 1.0		neg 0.554207625392356 off 0.4032546089942826 __DUMMY__ 0.042537765613361415	false	1.0
scheiden	neg 1.0		neg 0.5565557768974608 off 0.40090518064976527 __DUMMY__ 0.04253904245277386	false	1.0
frustriert	neg 1.0		neg 0.5578302814515175 off 0.3996298651639246 __DUMMY__ 0.042539853384557964	false	1.0
schimmelig	neg 1.0		neg 0.5599059765468718 off 0.39761944479492667 __DUMMY__ 0.04247457865820154	false	1.0
fisch	neg 1.0	neg 1.0	neg 0.766157922771971 off 0.21332994901997054 __DUMMY__ 0.020512128208058315	false	1.0
schmuggel	neg 1.0		neg 0.5593988923002478 off 0.3978345738644637 __DUMMY__ 0.04276653383528843	false	1.0
auffallen	neg 1.0		neg 0.5539711645450943 off 0.40353588184889505 __DUMMY__ 0.04249295360601054	false	1.0
konkurrenz	neg 1.0		neg 0.5607696929853305 off 0.3965020372243306 __DUMMY__ 0.04272826979033897	false	1.0
teufelskreis	neg 1.0		neg 0.5584369327953298 off 0.39913593731000846 __DUMMY__ 0.042427129894661526	false	1.0
aufschreien	neg 1.0		neg 0.555572642897309 off 0.4021271082685895 __DUMMY__ 0.04230024883410158	false	1.0
schuldner	neg 1.0		neg 0.5618019907728368 off 0.39587393561438666 __DUMMY__ 0.042324073612776465	false	1.0
missgeburt	off 1.0	off 1.0	off 0.6893119003171241 neg 0.2906110909853713 __DUMMY__ 0.020077008697504686	false	1.0
arbeitslos	neg 1.0		neg 0.5595996584476115 off 0.3979720189408414 __DUMMY__ 0.042428322611547005	false	1.0
befallen	neg 1.0		neg 0.5616514410947742 off 0.3962301719807147 __DUMMY__ 0.042118386924511	false	1.0
miesepetrig	off 1.0		neg 0.5495701305449993 off 0.40791741121020186 __DUMMY__ 0.042512458244799024	false	0.5
alarmieren	neg 1.0		neg 0.5526381921142055 off 0.40517571231178134 __DUMMY__ 0.042186095574012976	false	1.0
ungeduscht	off 1.0		neg 0.5526809453621657 off 0.40485269006898533 __DUMMY__ 0.04246636456884902	false	0.5
knappheit	neg 1.0		neg 0.5589599606221306 off 0.39861110101467095 __DUMMY__ 0.042428938363198415	false	1.0
schlange	neg 1.0		neg 0.5533262070861663 off 0.40400618078392 __DUMMY__ 0.042667612129913664	false	1.0
harsch	neg 1.0		neg 0.5433127617129023 off 0.41433723527560534 __DUMMY__ 0.04235000301149225	false	1.0
lang	neg 1.0		neg 0.554668377481251 off 0.40283807865448634 __DUMMY__ 0.04249354386426258	false	1.0
ziellos	neg 1.0		neg 0.5587854554186296 off 0.39860697861150524 __DUMMY__ 0.0426075659698652	false	1.0
selbstverliebt	neg 1.0		neg 0.5427578699448594 off 0.41551454137988575 __DUMMY__ 0.04172758867525493	false	1.0
beseitigen	neg 1.0		neg 0.552911572900856 off 0.4043642126942966 __DUMMY__ 0.04272421440484734	false	1.0
dumm	off 1.0		neg 0.5457244616039816 off 0.41217059633521375 __DUMMY__ 0.04210494206080459	false	0.5
arbeitsloser	neg 1.0		neg 0.5602813013983938 off 0.3972562637156945 __DUMMY__ 0.04246243488591171	false	1.0
blitzen	neg 1.0		neg 0.5529059578020565 off 0.40474924239751314 __DUMMY__ 0.042344799800430384	false	1.0
hilflos	neg 1.0		neg 0.5580208356174083 off 0.3994121001643605 __DUMMY__ 0.042567064218231185	false	1.0
eklig	off 1.0		neg 0.545381285796194 off 0.41260967775960566 __DUMMY__ 0.04200903644420016	false	0.5
begriff			neg 0.5585047114187458 off 0.3990465161295355 __DUMMY__ 0.042448772451718596	false	0.0
hungersnot	neg 1.0		neg 0.5604122733577276 off 0.39759157821715374 __DUMMY__ 0.04199614842511849	false	1.0
ungesetzlich	neg 1.0		neg 0.5573520375852906 off 0.4006806527027806 __DUMMY__ 0.04196730971192891	false	1.0
verschwendung	neg 1.0		neg 0.5612213890715878 off 0.39622089886916434 __DUMMY__ 0.04255771205924771	false	1.0
schmerzvoll	neg 1.0		neg 0.5543313785799684 off 0.40314298267573073 __DUMMY__ 0.042525638744300986	false	1.0
vorzeitig	neg 1.0		neg 0.5500931795827644 off 0.4074891085324278 __DUMMY__ 0.04241771188480786	false	1.0
unvollkommenheit	neg 1.0		neg 0.5560912294963385 off 0.4014375710659491 __DUMMY__ 0.04247119943771238	false	1.0
intervenieren	neg 1.0		neg 0.5628993385606006 off 0.3948579903257414 __DUMMY__ 0.042242671113657926	false	1.0
banause	off 1.0		neg 0.5442330582412642 off 0.4138342376360761 __DUMMY__ 0.04193270412265962	false	0.5
rebell	neg 1.0		neg 0.5608725887524102 off 0.39644113425442745 __DUMMY__ 0.04268627699316223	false	1.0
unlogisch	neg 1.0		neg 0.5490558750855973 off 0.4087321021805791 __DUMMY__ 0.042212022733823455	false	1.0
leiden	neg 1.0	neg 1.0	neg 0.7662451868822769 off 0.21303580240691183 __DUMMY__ 0.020719010710811336	false	1.0
abschaffung	neg 1.0		neg 0.5569111397560567 off 0.4008497392916692 __DUMMY__ 0.04223912095227414	false	1.0
sturz	neg 1.0		neg 0.5566235808312235 off 0.4011862936994224 __DUMMY__ 0.042190125469353995	false	1.0
verkleinerung	neg 1.0		neg 0.5544800304897757 off 0.40344299478247475 __DUMMY__ 0.04207697472774973	false	1.0
schmarotzer	off 1.0		neg 0.561026251857467 off 0.39665695785196947 __DUMMY__ 0.0423167902905635	false	0.5
bestrafung	neg 1.0		neg 0.5558914631174139 off 0.40172702263680726 __DUMMY__ 0.04238151424577886	false	1.0
achtlos	neg 1.0		neg 0.5556548008578548 off 0.4016806595699513 __DUMMY__ 0.04266453957219377	false	1.0
ungeheuer	neg 1.0		neg 0.5545195490538471 off 0.40310031940659946 __DUMMY__ 0.04238013153955345	false	1.0
unaufrichtig	neg 1.0		neg 0.5560687365574247 off 0.4018746527108228 __DUMMY__ 0.042056610731752465	false	1.0
groggy	neg 1.0		neg 0.5527365332896297 off 0.4048792500992219 __DUMMY__ 0.04238421661114845	false	1.0
verletzlich	neg 1.0		neg 0.5504050588029951 off 0.4072605494642723 __DUMMY__ 0.04233439173273266	false	1.0
