unsolidarisch	neg 1.0		neg 0.5603347241294279 off 0.3977670909604387 __DUMMY__ 0.04189818491013347	false	1.0
nachteilig	neg 1.0		neg 0.5594485220754963 off 0.3980631855495175 __DUMMY__ 0.042488292374986185	false	1.0
skeptisch	neg 1.0		neg 0.5616255261962901 off 0.39573991911644757 __DUMMY__ 0.04263455468726228	false	1.0
schrecklich	neg 1.0		neg 0.5475578782315725 off 0.41014623379475573 __DUMMY__ 0.042295887973671786	false	1.0
schlapp	neg 1.0		neg 0.5501067025990556 off 0.40727697764005927 __DUMMY__ 0.04261631976088496	false	1.0
abfall	neg 1.0		neg 0.5632457929004865 off 0.39407379756492306 __DUMMY__ 0.04268040953459048	false	1.0
widerspenstig	neg 1.0		neg 0.5548712862506135 off 0.4024052612462204 __DUMMY__ 0.04272345250316598	false	1.0
abrupt	neg 1.0		neg 0.5561712594056932 off 0.4010547995769257 __DUMMY__ 0.042773941017381065	false	1.0
unwirksam	neg 1.0		neg 0.55813560761429 off 0.39975572138581916 __DUMMY__ 0.04210867099989071	false	1.0
angreifen	neg 1.0		neg 0.561093659332437 off 0.39640721659047246 __DUMMY__ 0.0424991240770906	false	1.0
inkonsistent	neg 1.0		neg 0.5545870354627889 off 0.4030697971134327 __DUMMY__ 0.04234316742377848	false	1.0
abrutschen	neg 1.0		neg 0.5623639194065906 off 0.3948661490417071 __DUMMY__ 0.04276993155170218	false	1.0
unsicher	neg 1.0		neg 0.5556692381032815 off 0.4017233666762344 __DUMMY__ 0.04260739522048414	false	1.0
bauernkind	off 1.0		neg 0.5462861368645853 off 0.4117994330294338 __DUMMY__ 0.04191443010598101	false	0.5
angreifer	neg 1.0		neg 0.554429244556545 off 0.4033500796023004 __DUMMY__ 0.0422206758411546	false	1.0
trennen	neg 1.0		neg 0.5584013995362539 off 0.3986730914243438 __DUMMY__ 0.042925509039402246	false	1.0
schmutz	neg 1.0		neg 0.5468111038747909 off 0.41032238188507125 __DUMMY__ 0.042866514240137814	false	1.0
inkonsistenz	neg 1.0	neg 1.0	neg 0.7650742824872707 off 0.21471543859451642 __DUMMY__ 0.020210278918212768	false	1.0
erschreckend	neg 1.0		neg 0.5583606450531188 off 0.39918599595468685 __DUMMY__ 0.04245335899219424	false	1.0
ertrinken	neg 1.0		neg 0.5583832176614447 off 0.39886579608337924 __DUMMY__ 0.04275098625517617	false	1.0
pickelface	off 1.0		neg 0.5561660563063682 off 0.4014851088928379 __DUMMY__ 0.042348834800793926	false	0.5
seiner			neg 0.5604971002613907 off 0.39690304039780683 __DUMMY__ 0.04259985934080241	false	0.0
lauch	neg 1.0		neg 0.5615161189481768 off 0.3958178153131723 __DUMMY__ 0.042666065738651095	false	1.0
unwichtig	neg 1.0		neg 0.5521446449731487 off 0.4054887046027361 __DUMMY__ 0.042366650424115145	false	1.0
steuerhinterziehung	neg 1.0		neg 0.5597394374397896 off 0.3981154029694496 __DUMMY__ 0.042145159590760796	false	1.0
schock	neg 1.0		neg 0.5560189543549651 off 0.40118097938228753 __DUMMY__ 0.04280006626274742	false	1.0
beule	neg 1.0		neg 0.548744027358572 off 0.40868056936557245 __DUMMY__ 0.04257540327585535	false	1.0
vergelten	neg 1.0		neg 0.5476110218112089 off 0.4103358900755093 __DUMMY__ 0.04205308811328167	false	1.0
verdorbenheit	neg 1.0		neg 0.5524976364630086 off 0.4047603261129596 __DUMMY__ 0.042742037424031855	false	1.0
trauma	neg 1.0		neg 0.554353760045309 off 0.4031791398194898 __DUMMY__ 0.042467100135201385	false	1.0
sinnlos	neg 1.0		neg 0.5541485371007058 off 0.40338229032799455 __DUMMY__ 0.04246917257129976	false	1.0
fettsack	off 1.0	off 1.0	off 0.6889801768799503 neg 0.290917094569311 __DUMMY__ 0.020102728550738774	false	1.0
feige	off 1.0		neg 0.5536081141147992 off 0.4041566962672829 __DUMMY__ 0.04223518961791797	false	0.5
abdanken	neg 1.0		neg 0.561012944958719 off 0.3970142515131605 __DUMMY__ 0.0419728035281204	false	1.0
wichtigtuer	off 1.0	off 1.0	off 0.6837850316246139 neg 0.29600352114621087 __DUMMY__ 0.02021144722917538	false	1.0
misslingen	neg 1.0		neg 0.5517434210007135 off 0.4055158909178046 __DUMMY__ 0.04274068808148187	false	1.0
untreu	off 1.0		neg 0.5509075968670817 off 0.40669483828396874 __DUMMY__ 0.04239756484894946	false	0.5
missmutig	neg 1.0		neg 0.5511133994795689 off 0.4063004814681453 __DUMMY__ 0.04258611905228566	false	1.0
hurenbock	off 1.0		neg 0.5518124188753499 off 0.40539386115228737 __DUMMY__ 0.04279371997236284	false	0.5
betrunken	neg 1.0		neg 0.5482755647289903 off 0.40922739852483375 __DUMMY__ 0.04249703674617609	false	1.0
korrupt	off 1.0		neg 0.5619684585912883 off 0.39594111305815244 __DUMMY__ 0.042090428350559136	false	0.5
unmut	neg 1.0		neg 0.562866972201932 off 0.3945293480635379 __DUMMY__ 0.042603679734530005	false	1.0
hackfresse	off 1.0		neg 0.5444031082411208 off 0.4134242618288413 __DUMMY__ 0.04217262993003796	false	0.5
aufblasen	neg 1.0		neg 0.5533184192615053 off 0.4039953579093533 __DUMMY__ 0.04268622282914131	false	1.0
gewaltsam	neg 1.0		neg 0.5571604193421755 off 0.40064658323278285 __DUMMY__ 0.04219299742504155	false	1.0
unbeliebtheit	neg 1.0		neg 0.5547852694440154 off 0.40353958268198287 __DUMMY__ 0.04167514787400179	false	1.0
sturheit	neg 1.0		neg 0.5596696063061656 off 0.3980618783119371 __DUMMY__ 0.04226851538189721	false	1.0
kuh	neg 1.0		neg 0.5556626483785829 off 0.40204415986491604 __DUMMY__ 0.04229319175650109	false	1.0
erschrecken	neg 1.0		neg 0.5517071756931741 off 0.40573544896075897 __DUMMY__ 0.04255737534606706	false	1.0
opfer	neg 1.0	neg 1.0	neg 0.7682082852389215 off 0.21143677030953797 __DUMMY__ 0.020354944451540458	false	1.0
sinken	neg 1.0		neg 0.5616351302998865 off 0.39573001358708126 __DUMMY__ 0.04263485611303217	false	1.0
stinktier	neg 1.0		neg 0.5484261742062394 off 0.4094705193473365 __DUMMY__ 0.04210330644642418	false	1.0
tucke	off 1.0		neg 0.5429279564009177 off 0.4148184460609951 __DUMMY__ 0.042253597538087134	false	0.5
ein			neg 0.5530101001368364 off 0.40415874864117013 __DUMMY__ 0.042831151221993345	false	0.0
abstieg	neg 1.0		neg 0.5595077398031064 off 0.39815875702382475 __DUMMY__ 0.0423335031730687	false	1.0
missverstehen	neg 1.0		neg 0.5558179991840171 off 0.4019053414371228 __DUMMY__ 0.042276659378860104	false	1.0
ergebnislos	neg 1.0		neg 0.5591822158950953 off 0.3983761758705769 __DUMMY__ 0.04244160823432788	false	1.0
unter			neg 0.5635208290187287 off 0.3933186332789592 __DUMMY__ 0.04316053770231202	false	0.0
manipulieren	neg 1.0		neg 0.5614214176768011 off 0.3960881974275277 __DUMMY__ 0.04249038489567125	false	1.0
unbewiesen	neg 1.0		neg 0.5609948764485203 off 0.3971530227850066 __DUMMY__ 0.041852100766473124	false	1.0
verschleppen	neg 1.0		neg 0.5599755824493264 off 0.3976480133852975 __DUMMY__ 0.04237640416537606	false	1.0
weib	off 1.0		neg 0.5438035811214246 off 0.41414449379095786 __DUMMY__ 0.04205192508761756	false	0.5
opposition	neg 1.0		neg 0.5571757016509451 off 0.4007469193549932 __DUMMY__ 0.0420773789940618	false	1.0
verkehrswidrig	neg 1.0		neg 0.5449390943396919 off 0.41269180029029456 __DUMMY__ 0.0423691053700135	false	1.0
inkorrekt	neg 1.0		neg 0.5542597025688318 off 0.40381574545378346 __DUMMY__ 0.04192455197738454	false	1.0
vermeiden	neg 1.0		neg 0.5626635169395205 off 0.39442501905870403 __DUMMY__ 0.04291146400177561	false	1.0
abweichung	neg 1.0		neg 0.5621459594305623 off 0.3957610520291233 __DUMMY__ 0.04209298854031428	false	1.0
alkoholisiert	neg 1.0		neg 0.5575759246469935 off 0.399779851009637 __DUMMY__ 0.04264422434336944	false	1.0
scheiss	off 1.0	off 1.0	off 0.6873225109396162 neg 0.2923909356882705 __DUMMY__ 0.020286553372113245	false	1.0
herausforderung	neg 1.0		neg 0.555288064029817 off 0.40173747341729205 __DUMMY__ 0.042974462552890925	false	1.0
pervers	off 1.0		neg 0.5408652214611864 off 0.41712586522974854 __DUMMY__ 0.04200891330906499	false	0.5
wackelig	neg 1.0		neg 0.5553624594575457 off 0.4016680344444027 __DUMMY__ 0.042969506098051634	false	1.0
verwickeln	neg 1.0		neg 0.5551731931648779 off 0.40243223116420784 __DUMMY__ 0.04239457567091418	false	1.0
vorwand	neg 1.0		neg 0.5625918578082734 off 0.3948909774166219 __DUMMY__ 0.042517164775104734	false	1.0
muschi	off 1.0		neg 0.5569085877574247 off 0.4007611030336771 __DUMMY__ 0.04233030920889808	false	0.5
entmutigung	neg 1.0		neg 0.5599659120790415 off 0.39839420341186516 __DUMMY__ 0.041639884509093276	false	1.0
unangemessen	neg 1.0		neg 0.5609358807082935 off 0.3967928641282455 __DUMMY__ 0.04227125516346107	false	1.0
unstetig	neg 1.0		neg 0.5534854927343427 off 0.4042525922244471 __DUMMY__ 0.04226191504121022	false	1.0
entmutigen	neg 1.0		neg 0.5547078612395658 off 0.4027399483315574 __DUMMY__ 0.04255219042887686	false	1.0
schwanz	neg 1.0		neg 0.5578843305888798 off 0.39958417266299173 __DUMMY__ 0.042531496748128596	false	1.0
verbot	neg 1.0		neg 0.5605538052378248 off 0.3972720111801464 __DUMMY__ 0.042174183582028804	false	1.0
leid	neg 1.0		neg 0.5460617726303925 off 0.41169751774444485 __DUMMY__ 0.04224070962516279	false	1.0
archaisch	neg 1.0		neg 0.5599874002299474 off 0.39769943508986844 __DUMMY__ 0.04231316468018413	false	1.0
gegen			neg 0.5625654673163429 off 0.3949825124125765 __DUMMY__ 0.04245202027108057	false	0.0
scheidung	neg 1.0	neg 1.0	neg 0.7531143189950981 off 0.22681383186657264 __DUMMY__ 0.020071849138329288	false	1.0
einschlag	neg 1.0		neg 0.5466297294818316 off 0.41113328813930733 __DUMMY__ 0.04223698237886099	false	1.0
m			neg 0.5563243819035839 off 0.40100318487215475 __DUMMY__ 0.042672433224261314	false	0.0
abgestanden	neg 1.0		neg 0.5549224733492351 off 0.4024363326466816 __DUMMY__ 0.04264119400408333	false	1.0
schmierig	off 1.0		neg 0.5464092682770425 off 0.4112301608250979 __DUMMY__ 0.042360570897859634	false	0.5
unpraktisch	neg 1.0		neg 0.5530186594046662 off 0.4042558578338534 __DUMMY__ 0.04272548276148044	false	1.0
wixxer	off 1.0		neg 0.5418514083163868 off 0.41628364500580367 __DUMMY__ 0.04186494667780955	false	0.5
bezeichnet			neg 0.5585179636794364 off 0.39915002469992045 __DUMMY__ 0.04233201162064306	false	0.0
jammerlappen	off 1.0		neg 0.5517665191710959 off 0.4058194750556683 __DUMMY__ 0.042414005773235876	false	0.5
farce	neg 1.0		neg 0.5625984697440988 off 0.39552976690285274 __DUMMY__ 0.041871763353048444	false	1.0
zwecklos	neg 1.0		neg 0.5604578569340941 off 0.3971629945747868 __DUMMY__ 0.04237914849111909	false	1.0
turbulent	neg 1.0		neg 0.5487867931388256 off 0.40903702202548875 __DUMMY__ 0.042176184835685686	false	1.0
invasion	neg 1.0		neg 0.5517935631231811 off 0.40563432862559606 __DUMMY__ 0.04257210825122291	false	1.0
schuld	neg 1.0		neg 0.5560113355467357 off 0.40155797151121597 __DUMMY__ 0.042430692942048334	false	1.0
risiko	neg 1.0		neg 0.5506584868090952 off 0.40666228817888356 __DUMMY__ 0.04267922501202105	false	1.0
finster	neg 1.0		neg 0.5540079261059704 off 0.4032709193804612 __DUMMY__ 0.04272115451356831	false	1.0
geisteskrank	off 1.0		neg 0.5524280705592763 off 0.40548581846554926 __DUMMY__ 0.042086110975174416	false	0.5
zusammenbrechen	neg 1.0		neg 0.5568611827107904 off 0.4004771214923396 __DUMMY__ 0.04266169579686986	false	1.0
ausbeute	neg 1.0		neg 0.5568401462410233 off 0.40035475287222905 __DUMMY__ 0.04280510088674785	false	1.0
hinterhalt	neg 1.0		neg 0.5549445948472307 off 0.40258951819926625 __DUMMY__ 0.04246588695350304	false	1.0
kritik	neg 1.0		neg 0.5616966247379584 off 0.39631839390347295 __DUMMY__ 0.04198498135856856	false	1.0
einschrumpfen	neg 1.0		neg 0.5549619006098295 off 0.40298992704315756 __DUMMY__ 0.04204817234701289	false	1.0
riskant	neg 1.0		neg 0.5600134201493367 off 0.39738224817470147 __DUMMY__ 0.042604331675961914	false	1.0
frustrieren	neg 1.0		neg 0.5608572449012184 off 0.3966287797098879 __DUMMY__ 0.042513975388893795	false	1.0
groll	neg 1.0		neg 0.5600455586218607 off 0.39755465339521034 __DUMMY__ 0.042399787982929094	false	1.0
gibt			neg 0.5585460279017364 off 0.3989327629929496 __DUMMY__ 0.04252120910531409	false	0.0
qualvoll	neg 1.0		neg 0.5527987576631272 off 0.40461114839647727 __DUMMY__ 0.04259009394039551	false	1.0
wackeln	neg 1.0		neg 0.5527529290374685 off 0.4044113179408601 __DUMMY__ 0.04283575302167151	false	1.0
klagen	neg 1.0		neg 0.5630097350058461 off 0.39451688682120223 __DUMMY__ 0.04247337817295163	false	1.0
bankrott	neg 1.0		neg 0.5501820074385494 off 0.40728583623908005 __DUMMY__ 0.04253215632237041	false	1.0
trauern	neg 1.0		neg 0.5596534203655399 off 0.39774217607604856 __DUMMY__ 0.04260440355841154	false	1.0
ablehnung	neg 1.0	neg 1.0	neg 0.7687916737535926 off 0.21110468263943566 __DUMMY__ 0.02010364360697177	false	1.0
stur	neg 1.0		neg 0.555288811869957 off 0.40225017104103816 __DUMMY__ 0.042461017089004634	false	1.0
aufruhr	neg 1.0		neg 0.5584211769113326 off 0.39945776908025665 __DUMMY__ 0.042121054008410826	false	1.0
melancholie	neg 1.0		neg 0.5565526101637297 off 0.40063599862999627 __DUMMY__ 0.04281139120627403	false	1.0
ist			neg 0.5553683977069409 off 0.4022068902761215 __DUMMY__ 0.042424712016937684	false	0.0
torheit	neg 1.0		neg 0.5592685852078413 off 0.3987813511883588 __DUMMY__ 0.041950063603800006	false	1.0
dreckskind	off 1.0		neg 0.5484764819814827 off 0.40970801794312134 __DUMMY__ 0.04181550007539604	false	0.5
umtauschen	neg 1.0		neg 0.5552337387859831 off 0.40207919502372724 __DUMMY__ 0.04268706619028956	false	1.0
zum			neg 0.559712574645914 off 0.3970990981278232 __DUMMY__ 0.04318832722626296	false	0.0
zersetzen	neg 1.0		neg 0.5620603847334804 off 0.3954531326413026 __DUMMY__ 0.04248648262521702	false	1.0
zur			neg 0.5638355988925726 off 0.39344789593166235 __DUMMY__ 0.042716505175764995	false	0.0
frust	neg 1.0		neg 0.5576236138639191 off 0.3997688644093631 __DUMMY__ 0.04260752172671776	false	1.0
unerbittlichkeit	neg 1.0		neg 0.5616901912434802 off 0.3958989954771403 __DUMMY__ 0.042410813279379546	false	1.0
zwei			neg 0.5593518846071845 off 0.39765180961414803 __DUMMY__ 0.04299630577866738	false	0.0
unkorrekt	neg 1.0		neg 0.5521391401847284 off 0.405804730331388 __DUMMY__ 0.04205612948388355	false	1.0
hexe	off 1.0		neg 0.5505083762958594 off 0.40705669390889987 __DUMMY__ 0.042434929795240814	false	0.5
lasch	neg 1.0		neg 0.5546150205288776 off 0.4031359949437238 __DUMMY__ 0.04224898452739858	false	1.0
rivale	neg 1.0		neg 0.5482087428162687 off 0.40964933951965193 __DUMMY__ 0.04214191766407935	false	1.0
mutlos	off 1.0	off 1.0	off 0.6806989548061523 neg 0.29908401183976324 __DUMMY__ 0.020217033354084438	false	1.0
wirr	off 1.0		neg 0.5501509286536727 off 0.40778579714807833 __DUMMY__ 0.04206327419824903	false	0.5
jahr			neg 0.557857070360683 off 0.39928865979434663 __DUMMY__ 0.04285426984497024	false	0.0
wird			neg 0.5595989153701936 off 0.39783052922659784 __DUMMY__ 0.042570555403208594	false	0.0
strafbar	neg 1.0		neg 0.5622330036943788 off 0.395476001506998 __DUMMY__ 0.04229099479862316	false	1.0
erosion	neg 1.0		neg 0.5529332664495923 off 0.4044038579030537 __DUMMY__ 0.04266287564735403	false	1.0
eingehen	neg 1.0		neg 0.5604364436970671 off 0.3971316563141963 __DUMMY__ 0.04243189998873661	false	1.0
faul	off 1.0		neg 0.549807707491468 off 0.40751796904176046 __DUMMY__ 0.04267432346677151	false	0.5
provisorium	neg 1.0		neg 0.5653170323656388 off 0.39166668186093145 __DUMMY__ 0.04301628577342976	false	1.0
schmerzen	neg 1.0		neg 0.5562927357713854 off 0.4010417921090807 __DUMMY__ 0.04266547211953408	false	1.0
schrumpfen	neg 1.0		neg 0.5636747738384661 off 0.393538879378853 __DUMMY__ 0.042786346782680965	false	1.0
geistlos	off 1.0		neg 0.5581334553972366 off 0.3999933407721266 __DUMMY__ 0.04187320383063684	false	0.5
fehlkauf	neg 1.0		neg 0.5539233200541259 off 0.4037360188832445 __DUMMY__ 0.0423406610626294	false	1.0
frustrierend	neg 1.0	neg 1.0	neg 0.7640990297943304 off 0.21557124773602546 __DUMMY__ 0.020329722469644113	false	1.0
unzufrieden	neg 1.0		neg 0.5595250548236156 off 0.3979893120831709 __DUMMY__ 0.04248563309321364	false	1.0
verzweifeln	neg 1.0		neg 0.5565966756385602 off 0.40081722277557663 __DUMMY__ 0.042586101585863206	false	1.0
verzweifelt	neg 1.0		neg 0.5552557567403636 off 0.4022659048318258 __DUMMY__ 0.04247833842781053	false	1.0
misstrauensantrag	neg 1.0		neg 0.5547959961647465 off 0.402966561285257 __DUMMY__ 0.04223744254999646	false	1.0
abfallen	neg 1.0		neg 0.5523964081978777 off 0.4047433574600267 __DUMMY__ 0.042860234342095536	false	1.0
fucker	off 1.0		neg 0.5491510044299285 off 0.4086341721059635 __DUMMY__ 0.042214823464107945	false	0.5
ungezogen	neg 1.0		neg 0.5424596636545332 off 0.4153637519745824 __DUMMY__ 0.04217658437088422	false	1.0
irrsinnig	neg 1.0	neg 1.0	neg 0.7664014896296456 off 0.21333835017643848 __DUMMY__ 0.020260160193915862	false	1.0
unfassbar	neg 1.0		neg 0.551356630481987 off 0.4062530721579865 __DUMMY__ 0.04239029736002643	false	1.0
hart	neg 1.0		neg 0.5521325251327911 off 0.405635140640139 __DUMMY__ 0.042232334227069845	false	1.0
widerlich	off 1.0		neg 0.5514083741200034 off 0.40633672854737757 __DUMMY__ 0.04225489733261902	false	0.5
fatal	neg 1.0		neg 0.5537674435534331 off 0.4038531722330244 __DUMMY__ 0.04237938421354253	false	1.0
bruch	neg 1.0		neg 0.5646972628815575 off 0.39295914703592555 __DUMMY__ 0.04234359008251686	false	1.0
aushungern	neg 1.0		neg 0.5587430514620118 off 0.3991191182339827 __DUMMY__ 0.04213783030400561	false	1.0
anspannung	neg 1.0		neg 0.561615323582782 off 0.3955366378049251 __DUMMY__ 0.042848038612292846	false	1.0
von			neg 0.5588053152665167 off 0.3983258413221881 __DUMMY__ 0.0428688434112953	false	0.0
kraftlos	neg 1.0		neg 0.5566552183689829 off 0.40047604500903317 __DUMMY__ 0.04286873662198377	false	1.0
vom			neg 0.5630053958910977 off 0.3938735400426061 __DUMMY__ 0.04312106406629628	false	0.0
grenzdebil	off 1.0		neg 0.5493631811544956 off 0.4081716257840379 __DUMMY__ 0.04246519306146653	false	0.5
vor			neg 0.5609125949417352 off 0.39630410984273723 __DUMMY__ 0.04278329521552757	false	0.0
unterwerfen	neg 1.0		neg 0.560872026490864 off 0.3967048217266061 __DUMMY__ 0.04242315178252981	false	1.0
versenkung	neg 1.0		neg 0.5604764402197987 off 0.39697880128699375 __DUMMY__ 0.04254475849320753	false	1.0
entziehen	neg 1.0		neg 0.5631180079980397 off 0.39434585695858193 __DUMMY__ 0.04253613504337838	false	1.0
finanzkrise	neg 1.0		neg 0.5596365226995118 off 0.3982886507635348 __DUMMY__ 0.04207482653695343	false	1.0
schimpfend	neg 1.0		neg 0.5507305821200457 off 0.4063327438603772 __DUMMY__ 0.04293667401957714	false	1.0
profan	neg 1.0		neg 0.5542241497513372 off 0.4033131484868397 __DUMMY__ 0.04246270176182317	false	1.0
korruption	neg 1.0		neg 0.5615261688814202 off 0.3963512638572246 __DUMMY__ 0.042122567261355166	false	1.0
â			neg 0.5575002754401726 off 0.3998433456079784 __DUMMY__ 0.042656378951848935	false	0.0
schmutzig	neg 1.0		neg 0.5484133504092698 off 0.40893451825452526 __DUMMY__ 0.04265213133620493	false	1.0
sexy	neg 1.0		neg 0.5514061857383942 off 0.40612554011130053 __DUMMY__ 0.042468274150305255	false	1.0
abraten	neg 1.0		neg 0.5538310509501121 off 0.4035442383990812 __DUMMY__ 0.04262471065080662	false	1.0
schwarz	neg 1.0		neg 0.5545134560693866 off 0.40307281104607684 __DUMMY__ 0.04241373288453643	false	1.0
fotze	off 1.0		neg 0.5586059649941169 off 0.3990068470167076 __DUMMY__ 0.042387187989175575	false	0.5
verwirren	neg 1.0		neg 0.5531663720622533 off 0.4043623979759502 __DUMMY__ 0.04247122996179645	false	1.0
zahnlos	off 1.0		neg 0.560079770318096 off 0.39754796960815025 __DUMMY__ 0.04237226007375387	false	0.5
verheeren	neg 1.0		neg 0.5425436914320192 off 0.4155985029755955 __DUMMY__ 0.04185780559238554	false	1.0
hippie	neg 1.0		neg 0.551998793124842 off 0.4055710456804304 __DUMMY__ 0.04243016119472746	false	1.0
rammen	neg 1.0		neg 0.5523537770016346 off 0.4051143494925055 __DUMMY__ 0.04253187350585987	false	1.0
unlauter	neg 1.0	neg 1.0	neg 0.7655383878784151 off 0.21425712579493492 __DUMMY__ 0.020204486326649968	false	1.0
unheilvoll	neg 1.0		neg 0.5531296786141583 off 0.404276123421651 __DUMMY__ 0.042594197964190714	false	1.0
niedrig	neg 1.0		neg 0.5594706050515833 off 0.39806264657719953 __DUMMY__ 0.04246674837121715	false	1.0
explosion	neg 1.0		neg 0.5517165142393747 off 0.4057471319913477 __DUMMY__ 0.042536353769277696	false	1.0
weichei	off 1.0		neg 0.5456505048810366 off 0.41216126553055654 __DUMMY__ 0.04218822958840696	false	0.5
minusmensch	off 1.0		neg 0.5439587614954292 off 0.4143196541986052 __DUMMY__ 0.04172158430596557	false	0.5
farblos	neg 1.0		neg 0.5554055586079799 off 0.40217746368717255 __DUMMY__ 0.04241697770484754	false	1.0
unwissend	neg 1.0	neg 1.0	neg 0.7640120076763728 off 0.2157704551209713 __DUMMY__ 0.020217537202655914	false	1.0
traurig	neg 1.0		neg 0.547777333926431 off 0.40980643230798536 __DUMMY__ 0.04241623376558364	false	1.0
senkung	neg 1.0		neg 0.5535360090098951 off 0.4041336720224482 __DUMMY__ 0.0423303189676567	false	1.0
ungleich	neg 1.0	neg 1.0	neg 0.7691765945348336 off 0.21057133546778792 __DUMMY__ 0.020252069997378528	false	1.0
heikel	neg 1.0		neg 0.5617048630927348 off 0.3957589094169756 __DUMMY__ 0.04253622749028953	false	1.0
drosselung	neg 1.0		neg 0.5467674495526175 off 0.4107671786288134 __DUMMY__ 0.042465371818569304	false	1.0
falsch	neg 1.0		neg 0.5524498806695881 off 0.4051362177896044 __DUMMY__ 0.04241390154080759	false	1.0
unzufriedenheit	neg 1.0		neg 0.5623159497043627 off 0.3951967132955047 __DUMMY__ 0.04248733700013259	false	1.0
kurz	neg 1.0		neg 0.5556608560073872 off 0.401515206687206 __DUMMY__ 0.04282393730540677	false	1.0
unsinnig	neg 1.0		neg 0.5592462602855021 off 0.3983071865032706 __DUMMY__ 0.04244655321122737	false	1.0
penner	off 1.0	off 1.0	off 0.6905404907477217 neg 0.28928120945668756 __DUMMY__ 0.02017829979559077	false	1.0
seicht	neg 1.0		neg 0.5451163084113486 off 0.4129748513583175 __DUMMY__ 0.04190884023033387	false	1.0
dummheit	off 1.0	off 1.0	off 0.6841276519877162 neg 0.29567458669510377 __DUMMY__ 0.020197761317179905	false	1.0
unerfreulich	neg 1.0		neg 0.5617760906663696 off 0.3956091595074047 __DUMMY__ 0.04261474982622575	false	1.0
motherfucker	off 1.0	off 1.0	off 0.6875337343139053 neg 0.2922842225165907 __DUMMY__ 0.020182043169504126	false	1.0
pikiert	neg 1.0		neg 0.5525834974782857 off 0.40512408719092347 __DUMMY__ 0.042292415330790915	false	1.0
wrack	neg 1.0		neg 0.5566357654629592 off 0.40065661633171695 __DUMMY__ 0.04270761820532395	false	1.0
gangster	neg 1.0		neg 0.5529131917113166 off 0.404652172919496 __DUMMY__ 0.04243463536918759	false	1.0
krank	neg 1.0		neg 0.5485105606906964 off 0.40890706252834813 __DUMMY__ 0.04258237678095552	false	1.0
reich	neg 1.0		neg 0.5553862386815137 off 0.4028493690259869 __DUMMY__ 0.041764392292499314	false	1.0
gnadenlos	neg 1.0		neg 0.5554074840611571 off 0.40211061509710994 __DUMMY__ 0.04248190084173289	false	1.0
niedergeschlagen	neg 1.0		neg 0.5571877488412494 off 0.400200017933113 __DUMMY__ 0.04261223322563761	false	1.0
terrorisieren	off 1.0	off 1.0	off 0.6816456209552673 neg 0.2979778101271346 __DUMMY__ 0.020376568917598176	false	1.0
sinnlosigkeit	neg 1.0		neg 0.5598684038843128 off 0.39773838693000524 __DUMMY__ 0.04239320918568201	false	1.0
behindern	neg 1.0		neg 0.5549198581596796 off 0.40240962962836807 __DUMMY__ 0.04267051221195237	false	1.0
undemokratisch	neg 1.0		neg 0.5582517740196892 off 0.39972225813746287 __DUMMY__ 0.04202596784284789	false	1.0
wirtschaftskrise	neg 1.0		neg 0.5605604434919685 off 0.39719587670493534 __DUMMY__ 0.042243679803096006	false	1.0
neid	neg 1.0		neg 0.5512213739199878 off 0.40615839656322306 __DUMMY__ 0.04262022951678922	false	1.0
rutschen	neg 1.0		neg 0.5593104800070093 off 0.39747473455383503 __DUMMY__ 0.043214785439155703	false	1.0
rezession	neg 1.0		neg 0.5494109044980443 off 0.40868129648394536 __DUMMY__ 0.04190779901801043	false	1.0
fehlgeburt	neg 1.0		neg 0.5557716498869466 off 0.4017866920695941 __DUMMY__ 0.04244165804345927	false	1.0
charakterschwach	off 1.0		neg 0.5514515180855241 off 0.40627515719954455 __DUMMY__ 0.04227332471493149	false	0.5
isolation	neg 1.0		neg 0.5503066096818906 off 0.4072355565934657 __DUMMY__ 0.04245783372464381	false	1.0
ablenkung	neg 1.0		neg 0.5549322051210176 off 0.40242639061020125 __DUMMY__ 0.042641404268781075	false	1.0
pech	neg 1.0		neg 0.5528906161192526 off 0.4046376087512234 __DUMMY__ 0.042471775129523964	false	1.0
vermeidung	neg 1.0		neg 0.5478964008708506 off 0.4095932787318034 __DUMMY__ 0.04251032039734606	false	1.0
dominieren	neg 1.0		neg 0.5576670511728021 off 0.3998456478676485 __DUMMY__ 0.04248730095954939	false	1.0
schwindlig	neg 1.0		neg 0.5513219428412143 off 0.40597079095751937 __DUMMY__ 0.04270726620126623	false	1.0
lutscher	neg 1.0		neg 0.5437720904679878 off 0.4142871444803719 __DUMMY__ 0.041940765051640176	false	1.0
pflicht	neg 1.0		neg 0.562181632031743 off 0.3953131924897941 __DUMMY__ 0.042505175478462984	false	1.0
faschist	off 1.0		neg 0.5574213330417843 off 0.40059213218671563 __DUMMY__ 0.04198653477150015	false	0.5
verschleudern	neg 1.0		neg 0.5608913736907823 off 0.3968188645651172 __DUMMY__ 0.04228976174410057	false	1.0
wenn			neg 0.5521075148960414 off 0.40543644245016275 __DUMMY__ 0.04245604265379591	false	0.0
ehebruch	neg 1.0		neg 0.5611104643876526 off 0.39655456801427513 __DUMMY__ 0.04233496759807233	false	1.0
spott	off 1.0		neg 0.5617345350777564 off 0.39591250483669116 __DUMMY__ 0.04235296008555235	false	0.5
trostlosigkeit	neg 1.0		neg 0.5644957119748949 off 0.39331327436044966 __DUMMY__ 0.04219101366465544	false	1.0
lutschen	neg 1.0		neg 0.5527120805510474 off 0.4050615607692818 __DUMMY__ 0.04222635867967095	false	1.0
undiszipliniert	neg 1.0		neg 0.5489138482966159 off 0.408724611311081 __DUMMY__ 0.04236154039230311	false	1.0
kopfschmerz	neg 1.0		neg 0.5566831311269965 off 0.40078452617594457 __DUMMY__ 0.04253234269705878	false	1.0
unvorhergesehen	neg 1.0		neg 0.5554528811965103 off 0.40166889669532946 __DUMMY__ 0.0428782221081602	false	1.0
desinteressiert	neg 1.0		neg 0.5502276787583322 off 0.40752351705648227 __DUMMY__ 0.04224880418518549	false	1.0
armselig	off 1.0		neg 0.5497784481773398 off 0.4080596862014231 __DUMMY__ 0.04216186562123714	false	0.5
desaster	neg 1.0		neg 0.564798112613905 off 0.39282599771253796 __DUMMY__ 0.04237588967355722	false	1.0
tod	neg 1.0		neg 0.5621318027789085 off 0.3956427256527535 __DUMMY__ 0.042225471568337926	false	1.0
herzlos	neg 1.0		neg 0.5472701286679607 off 0.41035411959529405 __DUMMY__ 0.04237575173674533	false	1.0
unwissenheit	neg 1.0		neg 0.5607063836652275 off 0.3969953678252273 __DUMMY__ 0.042298248509545146	false	1.0
widersinnig	neg 1.0		neg 0.5611347992434979 off 0.3968058209558464 __DUMMY__ 0.042059379800655716	false	1.0
bedenklich	neg 1.0		neg 0.5608146254539222 off 0.3966875726816191 __DUMMY__ 0.042497801864458784	false	1.0
beanstanden	neg 1.0		neg 0.5623167018174791 off 0.3951467413160195 __DUMMY__ 0.042536556866501395	false	1.0
panisch	neg 1.0	neg 1.0	neg 0.7632910495590689 off 0.2161697100577895 __DUMMY__ 0.020539240383141567	false	1.0
debil	off 1.0		neg 0.5647069950175231 off 0.39266745568795347 __DUMMY__ 0.04262554929452341	false	0.5
abstrich	neg 1.0		neg 0.553330222429023 off 0.40388583349125284 __DUMMY__ 0.04278394407972407	false	1.0
primitiv	neg 1.0		neg 0.5509505042849258 off 0.4068190189701047 __DUMMY__ 0.04223047674496963	false	1.0
abschaum	off 1.0	off 1.0	off 0.6854115336178008 neg 0.29442775502592844 __DUMMY__ 0.020160711356270684	false	1.0
provozieren	neg 1.0		neg 0.5573578291671454 off 0.4003128479427912 __DUMMY__ 0.042329322890063366	false	1.0
tot	neg 1.0		neg 0.5581922069296805 off 0.39944116912589506 __DUMMY__ 0.042366623944424565	false	1.0
instabil	neg 1.0		neg 0.54980583651426 off 0.40821329320988636 __DUMMY__ 0.04198087027585375	false	1.0
schwuchtel	off 1.0		neg 0.5399204963455642 off 0.41842860771687174 __DUMMY__ 0.04165089593756392	false	0.5
zerren	neg 1.0		neg 0.557106877669835 off 0.400254181731637 __DUMMY__ 0.04263894059852814	false	1.0
kinderficker	off 1.0		neg 0.5478828923545399 off 0.4100644202391312 __DUMMY__ 0.04205268740632898	false	0.5
gefahr	neg 1.0		neg 0.561013686381498 off 0.3966019989067518 __DUMMY__ 0.042384314711750165	false	1.0
rabiat	neg 1.0		neg 0.5563625637133769 off 0.4011445310097805 __DUMMY__ 0.0424929052768427	false	1.0
verlangsamung	neg 1.0		neg 0.5456961581079072 off 0.4124225656437859 __DUMMY__ 0.04188127624830703	false	1.0
ausgestorben	neg 1.0		neg 0.5572771434771132 off 0.40012113951158057 __DUMMY__ 0.042601717011306196	false	1.0
anklagen	neg 1.0		neg 0.5584832644693707 off 0.39923979123824765 __DUMMY__ 0.04227694429238172	false	1.0
trott	neg 1.0		neg 0.5553881039820022 off 0.4020172301775749 __DUMMY__ 0.04259466584042292	false	1.0
verminderung	neg 1.0		neg 0.5482946515903131 off 0.40936214519737874 __DUMMY__ 0.04234320321230815	false	1.0
nach			neg 0.5612197941286675 off 0.39576357895075165 __DUMMY__ 0.04301662692058092	false	0.0
rost	neg 1.0		neg 0.5436852906459908 off 0.4142419332142118 __DUMMY__ 0.04207277613979733	false	1.0
destruktiv	neg 1.0		neg 0.5593438435063082 off 0.3983994305654067 __DUMMY__ 0.04225672592828508	false	1.0
unzumutbarkeit	neg 1.0		neg 0.5482872007814916 off 0.4092599628441845 __DUMMY__ 0.04245283637432389	false	1.0
labil	off 1.0	off 1.0	off 0.6863414627353445 neg 0.2934638308184515 __DUMMY__ 0.020194706446204018	false	1.0
ziemlich	neg 1.0		neg 0.5502672407044505 off 0.4072998737062354 __DUMMY__ 0.042432885589314136	false	1.0
lachnummer	off 1.0		neg 0.5590891711824236 off 0.398625369808102 __DUMMY__ 0.04228545900947434	false	0.5
oder			neg 0.5549368316097051 off 0.4023770673144502 __DUMMY__ 0.04268610107584466	false	0.0
verfall	neg 1.0		neg 0.5649232162372873 off 0.3924392848756277 __DUMMY__ 0.042637498887085006	false	1.0
ausgrenzung	neg 1.0		neg 0.5573956233473725 off 0.4005749519006267 __DUMMY__ 0.04202942475200091	false	1.0
unordnung	neg 1.0		neg 0.5479933694676237 off 0.40991932802575626 __DUMMY__ 0.04208730250662	false	1.0
fehlverhalten	neg 1.0		neg 0.5618414705811282 off 0.3957802563187055 __DUMMY__ 0.042378273100166335	false	1.0
eine			neg 0.5611361795531237 off 0.39615104848344945 __DUMMY__ 0.04271277196342681	false	0.0
nille	neg 1.0		neg 0.5577751891011304 off 0.399961283567576 __DUMMY__ 0.0422635273312937	false	1.0
qual	neg 1.0		neg 0.5556645788656396 off 0.4017634270060826 __DUMMY__ 0.042571994128277904	false	1.0
verschwenden	neg 1.0		neg 0.5603043555057896 off 0.3971508071857792 __DUMMY__ 0.04254483730843111	false	1.0
riesig	neg 1.0		neg 0.556797129209182 off 0.4006590895688439 __DUMMY__ 0.04254378122197409	false	1.0
verurteilen	neg 1.0		neg 0.5607025877012818 off 0.39703174107118777 __DUMMY__ 0.04226567122753042	false	1.0
klischee	neg 1.0	neg 1.0	neg 0.7653464611208997 off 0.2144746657867786 __DUMMY__ 0.02017887309232179	false	1.0
diktatorisch	neg 1.0		neg 0.559511528890392 off 0.39859846834543133 __DUMMY__ 0.04189000276417659	false	1.0
vorhersehbar	neg 1.0		neg 0.5564052134913946 off 0.4013990131957209 __DUMMY__ 0.04219577331288442	false	1.0
sowie			neg 0.5469537517843878 off 0.411099896989477 __DUMMY__ 0.041946351226135346	false	0.0
stornieren	neg 1.0		neg 0.5517018736205762 off 0.40565147164209625 __DUMMY__ 0.04264665473732757	false	1.0
besteuerung	neg 1.0		neg 0.5557916543803724 off 0.40188578519003687 __DUMMY__ 0.042322560429590796	false	1.0
ungeschminkt	neg 1.0		neg 0.5504178294507401 off 0.40727374888256906 __DUMMY__ 0.04230842166669062	false	1.0
kritisch	neg 1.0		neg 0.5615757991715724 off 0.3960583838398267 __DUMMY__ 0.04236581698860096	false	1.0
schlamperei	off 1.0		neg 0.5607593455622334 off 0.3968824800255154 __DUMMY__ 0.042358174412251225	false	0.5
sucht	neg 1.0	neg 1.0	neg 0.7624822543306047 off 0.2169695818400155 __DUMMY__ 0.020548163829379743	false	1.0
egoistisch	off 1.0		neg 0.5457558692806204 off 0.41203783467380795 __DUMMY__ 0.042206296045571835	false	0.5
ausbeuter	off 1.0		neg 0.5629399141511618 off 0.3947623946700023 __DUMMY__ 0.042297691178835986	false	0.5
arschgeburt	off 1.0		neg 0.5401010524920657 off 0.41824872349209313 __DUMMY__ 0.04165022401584119	false	0.5
schubs	neg 1.0	neg 1.0	neg 0.7662594783123509 off 0.21323367274471985 __DUMMY__ 0.020506848942929277	false	1.0
unsolide	neg 1.0		neg 0.5566225461056042 off 0.40163584645356154 __DUMMY__ 0.041741607440834126	false	1.0
beschwerde	neg 1.0		neg 0.5597902328853929 off 0.3978468286828975 __DUMMY__ 0.04236293843170962	false	1.0
stocken	neg 1.0		neg 0.5586910618118948 off 0.39874208088733193 __DUMMY__ 0.04256685730077323	false	1.0
isolieren	neg 1.0		neg 0.5553843324744794 off 0.4019249301372497 __DUMMY__ 0.04269073738827097	false	1.0
unheilbar	neg 1.0		neg 0.5564589295443318 off 0.4011474540138243 __DUMMY__ 0.042393616441843744	false	1.0
pisser	off 1.0		neg 0.548958510294313 off 0.4089606809919628 __DUMMY__ 0.0420808087137242	false	0.5
löschen	neg 1.0		neg 0.5552322464774209 off 0.4023340521714231 __DUMMY__ 0.04243370135115615	false	1.0
durchfallen	neg 1.0		neg 0.559917972329689 off 0.3975571513327712 __DUMMY__ 0.0425248763375399	false	1.0
wichser	off 1.0		neg 0.54180733655026 off 0.4161778831530836 __DUMMY__ 0.04201478029665652	false	0.5
terror	neg 1.0		neg 0.5506540508315199 off 0.40673913661636596 __DUMMY__ 0.04260681255211408	false	1.0
krass	neg 1.0		neg 0.5475068933889441 off 0.410216358098928 __DUMMY__ 0.042276748512128044	false	1.0
revolte	neg 1.0	neg 1.0	neg 0.7667532743271851 off 0.21326432592398742 __DUMMY__ 0.019982399748827408	false	1.0
besorgt	neg 1.0		neg 0.554879430861103 off 0.4022192787486086 __DUMMY__ 0.042901290390288456	false	1.0
nachlassen	neg 1.0		neg 0.5574742949210599 off 0.39988109733025656 __DUMMY__ 0.04264460774868363	false	1.0
alt	neg 1.0		neg 0.5578171278866118 off 0.39934413931168145 __DUMMY__ 0.042838732801706865	false	1.0
hundesohn	off 1.0		neg 0.5442500259909074 off 0.41393143044177244 __DUMMY__ 0.04181854356732018	false	0.5
als			neg 0.5578215512730207 off 0.39951324265091603 __DUMMY__ 0.04266520607606334	false	0.0
abschreckung	neg 1.0		neg 0.5627454899989912 off 0.3948060612803747 __DUMMY__ 0.04244844872063393	false	1.0
unqualifiziert	neg 1.0		neg 0.5554275762880679 off 0.4023153347564821 __DUMMY__ 0.042257088955449905	false	1.0
abgewichst	off 1.0		neg 0.5576792770853491 off 0.39989695141582193 __DUMMY__ 0.04242377149882884	false	0.5
schwer	neg 1.0		neg 0.5562877873970379 off 0.40112145684069905 __DUMMY__ 0.0425907557622631	false	1.0
bedeutungslosigkeit	neg 1.0		neg 0.5625473114623619 off 0.3950658072831724 __DUMMY__ 0.04238688125446562	false	1.0
kapitulation	neg 1.0		neg 0.5629422048290891 off 0.39502569338208404 __DUMMY__ 0.04203210178882681	false	1.0
unscharf	neg 1.0		neg 0.5530704178045901 off 0.4044948711054241 __DUMMY__ 0.042434711089985616	false	1.0
schwinden	neg 1.0		neg 0.5607677186905945 off 0.3966858940449542 __DUMMY__ 0.042546387264451195	false	1.0
versklavung	neg 1.0	neg 1.0	neg 0.7673734190683206 off 0.21254692366642008 __DUMMY__ 0.020079657265259385	false	1.0
schlecht	neg 1.0		neg 0.54957128216894 off 0.40795688925165247 __DUMMY__ 0.04247182857940758	false	1.0
verhasst	neg 1.0		neg 0.5577633537808873 off 0.399964919740995 __DUMMY__ 0.04227172647811783	false	1.0
beschweren	neg 1.0		neg 0.5542076253923562 off 0.4032546089942824 __DUMMY__ 0.042537765613361395	false	1.0
scheiden	neg 1.0		neg 0.5565557768974609 off 0.40090518064976527 __DUMMY__ 0.04253904245277389	false	1.0
frustriert	neg 1.0		neg 0.5578302814515177 off 0.3996298651639244 __DUMMY__ 0.04253985338455796	false	1.0
schimmelig	neg 1.0		neg 0.5599059765468714 off 0.39761944479492706 __DUMMY__ 0.04247457865820153	false	1.0
fisch	neg 1.0	neg 1.0	neg 0.7661579227719715 off 0.21332994901997024 __DUMMY__ 0.020512128208058297	false	1.0
schmuggel	neg 1.0		neg 0.559398892300248 off 0.39783457386446375 __DUMMY__ 0.04276653383528842	false	1.0
auffallen	neg 1.0		neg 0.5539711645450948 off 0.40353588184889483 __DUMMY__ 0.04249295360601044	false	1.0
konkurrenz	neg 1.0		neg 0.5607696929853302 off 0.39650203722433086 __DUMMY__ 0.04272826979033902	false	1.0
teufelskreis	neg 1.0		neg 0.5584369327953291 off 0.39913593731000907 __DUMMY__ 0.04242712989466163	false	1.0
aufschreien	neg 1.0		neg 0.5555726428973086 off 0.4021271082685898 __DUMMY__ 0.04230024883410163	false	1.0
schuldner	neg 1.0		neg 0.5618019907728372 off 0.3958739356143863 __DUMMY__ 0.04232407361277656	false	1.0
missgeburt	off 1.0	off 1.0	off 0.6893119003171237 neg 0.2906110909853717 __DUMMY__ 0.02007700869750466	false	1.0
arbeitslos	neg 1.0		neg 0.5595996584476115 off 0.3979720189408415 __DUMMY__ 0.04242832261154704	false	1.0
befallen	neg 1.0		neg 0.5616514410947742 off 0.39623017198071475 __DUMMY__ 0.04211838692451099	false	1.0
miesepetrig	off 1.0		neg 0.5495701305449995 off 0.40791741121020164 __DUMMY__ 0.042512458244799045	false	0.5
alarmieren	neg 1.0		neg 0.5526381921142052 off 0.4051757123117817 __DUMMY__ 0.04218609557401295	false	1.0
ungeduscht	off 1.0		neg 0.5526809453621656 off 0.4048526900689855 __DUMMY__ 0.042466364568849016	false	0.5
knappheit	neg 1.0		neg 0.5589599606221304 off 0.39861110101467107 __DUMMY__ 0.04242893836319853	false	1.0
schlange	neg 1.0		neg 0.5533262070861661 off 0.4040061807839203 __DUMMY__ 0.04266761212991364	false	1.0
harsch	neg 1.0		neg 0.5433127617129024 off 0.4143372352756053 __DUMMY__ 0.04235000301149226	false	1.0
lang	neg 1.0		neg 0.5546683774812506 off 0.4028380786544868 __DUMMY__ 0.04249354386426244	false	1.0
ziellos	neg 1.0		neg 0.5587854554186295 off 0.3986069786115053 __DUMMY__ 0.042607565969865216	false	1.0
selbstverliebt	neg 1.0		neg 0.5427578699448595 off 0.4155145413798856 __DUMMY__ 0.04172758867525493	false	1.0
beseitigen	neg 1.0		neg 0.5529115729008559 off 0.40436421269429684 __DUMMY__ 0.04272421440484739	false	1.0
dumm	off 1.0		neg 0.5457244616039822 off 0.4121705963352131 __DUMMY__ 0.04210494206080461	false	0.5
arbeitsloser	neg 1.0		neg 0.5602813013983936 off 0.3972562637156947 __DUMMY__ 0.04246243488591167	false	1.0
blitzen	neg 1.0		neg 0.5529059578020562 off 0.40474924239751314 __DUMMY__ 0.042344799800430453	false	1.0
hilflos	neg 1.0		neg 0.5580208356174083 off 0.39941210016436046 __DUMMY__ 0.04256706421823122	false	1.0
eklig	off 1.0		neg 0.5453812857961943 off 0.41260967775960555 __DUMMY__ 0.04200903644420019	false	0.5
begriff			neg 0.558504711418746 off 0.3990465161295353 __DUMMY__ 0.04244877245171871	false	0.0
hungersnot	neg 1.0		neg 0.5604122733577275 off 0.39759157821715413 __DUMMY__ 0.04199614842511843	false	1.0
ungesetzlich	neg 1.0		neg 0.5573520375852915 off 0.4006806527027796 __DUMMY__ 0.04196730971192888	false	1.0
verschwendung	neg 1.0		neg 0.5612213890715878 off 0.39622089886916434 __DUMMY__ 0.04255771205924776	false	1.0
schmerzvoll	neg 1.0		neg 0.5543313785799691 off 0.40314298267573 __DUMMY__ 0.04252563874430102	false	1.0
vorzeitig	neg 1.0		neg 0.5500931795827645 off 0.4074891085324277 __DUMMY__ 0.04241771188480779	false	1.0
unvollkommenheit	neg 1.0		neg 0.556091229496339 off 0.4014375710659485 __DUMMY__ 0.042471199437712416	false	1.0
intervenieren	neg 1.0		neg 0.5628993385606008 off 0.39485799032574126 __DUMMY__ 0.042242671113657884	false	1.0
banause	off 1.0		neg 0.5442330582412644 off 0.4138342376360758 __DUMMY__ 0.04193270412265958	false	0.5
rebell	neg 1.0		neg 0.5608725887524106 off 0.39644113425442706 __DUMMY__ 0.042686276993162284	false	1.0
unlogisch	neg 1.0		neg 0.5490558750855971 off 0.40873210218057954 __DUMMY__ 0.04221202273382349	false	1.0
leiden	neg 1.0	neg 1.0	neg 0.766245186882277 off 0.21303580240691164 __DUMMY__ 0.020719010710811295	false	1.0
abschaffung	neg 1.0		neg 0.5569111397560569 off 0.40084973929166895 __DUMMY__ 0.04223912095227415	false	1.0
sturz	neg 1.0		neg 0.5566235808312241 off 0.4011862936994218 __DUMMY__ 0.04219012546935403	false	1.0
verkleinerung	neg 1.0		neg 0.5544800304897758 off 0.4034429947824746 __DUMMY__ 0.042076974727749725	false	1.0
schmarotzer	off 1.0		neg 0.5610262518574667 off 0.39665695785196986 __DUMMY__ 0.042316790290563455	false	0.5
bestrafung	neg 1.0		neg 0.5558914631174144 off 0.4017270226368069 __DUMMY__ 0.042381514245778865	false	1.0
achtlos	neg 1.0		neg 0.5556548008578546 off 0.40168065956995175 __DUMMY__ 0.04266453957219383	false	1.0
ungeheuer	neg 1.0		neg 0.554519549053847 off 0.40310031940659957 __DUMMY__ 0.04238013153955344	false	1.0
unaufrichtig	neg 1.0		neg 0.5560687365574248 off 0.40187465271082257 __DUMMY__ 0.042056610731752445	false	1.0
groggy	neg 1.0		neg 0.5527365332896296 off 0.4048792500992221 __DUMMY__ 0.04238421661114843	false	1.0
verletzlich	neg 1.0		neg 0.5504050588029944 off 0.4072605494642729 __DUMMY__ 0.042334391732732624	false	1.0
