unsolidarisch	neg 1.0		neg 0.5603347241294282 off 0.39776709096043844 __DUMMY__ 0.04189818491013343	false	1.0
nachteilig	neg 1.0		neg 0.5594485220754964 off 0.3980631855495174 __DUMMY__ 0.04248829237498617	false	1.0
skeptisch	neg 1.0		neg 0.56162552619629 off 0.39573991911644785 __DUMMY__ 0.04263455468726219	false	1.0
schrecklich	neg 1.0		neg 0.5475578782315732 off 0.41014623379475507 __DUMMY__ 0.04229588797367188	false	1.0
schlapp	neg 1.0		neg 0.5501067025990554 off 0.40727697764005977 __DUMMY__ 0.04261631976088495	false	1.0
abfall	neg 1.0		neg 0.563245792900486 off 0.3940737975649234 __DUMMY__ 0.04268040953459052	false	1.0
widerspenstig	neg 1.0		neg 0.5548712862506132 off 0.40240526124622067 __DUMMY__ 0.04272345250316608	false	1.0
abrupt	neg 1.0		neg 0.5561712594056931 off 0.40105479957692597 __DUMMY__ 0.04277394101738099	false	1.0
unwirksam	neg 1.0		neg 0.5581356076142903 off 0.3997557213858189 __DUMMY__ 0.042108670999890685	false	1.0
angreifen	neg 1.0		neg 0.5610936593324375 off 0.396407216590472 __DUMMY__ 0.042499124077090555	false	1.0
inkonsistent	neg 1.0		neg 0.5545870354627893 off 0.4030697971134322 __DUMMY__ 0.04234316742377847	false	1.0
abrutschen	neg 1.0		neg 0.5623639194065898 off 0.394866149041708 __DUMMY__ 0.04276993155170218	false	1.0
unsicher	neg 1.0		neg 0.5556692381032813 off 0.40172336667623454 __DUMMY__ 0.04260739522048411	false	1.0
bauernkind	off 1.0		neg 0.5462861368645854 off 0.4117994330294335 __DUMMY__ 0.04191443010598111	false	0.5
angreifer	neg 1.0		neg 0.5544292445565446 off 0.4033500796023008 __DUMMY__ 0.042220675841154555	false	1.0
trennen	neg 1.0		neg 0.5584013995362537 off 0.3986730914243441 __DUMMY__ 0.04292550903940222	false	1.0
schmutz	neg 1.0		neg 0.5468111038747903 off 0.4103223818850719 __DUMMY__ 0.04286651424013782	false	1.0
inkonsistenz	neg 1.0	neg 1.0	neg 0.7650742824872707 off 0.21471543859451653 __DUMMY__ 0.020210278918212723	false	1.0
erschreckend	neg 1.0		neg 0.5583606450531186 off 0.399185995954687 __DUMMY__ 0.04245335899219431	false	1.0
ertrinken	neg 1.0		neg 0.5583832176614453 off 0.39886579608337863 __DUMMY__ 0.0427509862551762	false	1.0
pickelface	off 1.0		neg 0.5561660563063686 off 0.4014851088928374 __DUMMY__ 0.04234883480079394	false	0.5
seiner			neg 0.5604971002613907 off 0.39690304039780683 __DUMMY__ 0.04259985934080245	false	0.0
lauch	neg 1.0		neg 0.5615161189481773 off 0.39581781531317145 __DUMMY__ 0.042666065738651164	false	1.0
unwichtig	neg 1.0		neg 0.5521446449731483 off 0.40548870460273645 __DUMMY__ 0.042366650424115186	false	1.0
steuerhinterziehung	neg 1.0		neg 0.5597394374397899 off 0.39811540296944914 __DUMMY__ 0.04214515959076085	false	1.0
schock	neg 1.0		neg 0.5560189543549654 off 0.4011809793822873 __DUMMY__ 0.042800066262747335	false	1.0
beule	neg 1.0		neg 0.5487440273585722 off 0.4086805693655724 __DUMMY__ 0.04257540327585537	false	1.0
vergelten	neg 1.0		neg 0.5476110218112096 off 0.4103358900755088 __DUMMY__ 0.04205308811328162	false	1.0
verdorbenheit	neg 1.0		neg 0.5524976364630084 off 0.4047603261129598 __DUMMY__ 0.042742037424031834	false	1.0
trauma	neg 1.0		neg 0.5543537600453091 off 0.40317913981948944 __DUMMY__ 0.042467100135201545	false	1.0
sinnlos	neg 1.0		neg 0.5541485371007048 off 0.4033822903279955 __DUMMY__ 0.04246917257129978	false	1.0
fettsack	off 1.0	off 1.0	off 0.6889801768799503 neg 0.290917094569311 __DUMMY__ 0.020102728550738795	false	1.0
feige	off 1.0		neg 0.5536081141147988 off 0.4041566962672831 __DUMMY__ 0.04223518961791797	false	0.5
abdanken	neg 1.0		neg 0.561012944958719 off 0.39701425151316067 __DUMMY__ 0.04197280352812033	false	1.0
wichtigtuer	off 1.0	off 1.0	off 0.6837850316246141 neg 0.29600352114621065 __DUMMY__ 0.020211447229175384	false	1.0
misslingen	neg 1.0		neg 0.5517434210007132 off 0.40551589091780493 __DUMMY__ 0.04274068808148186	false	1.0
untreu	off 1.0		neg 0.5509075968670815 off 0.4066948382839691 __DUMMY__ 0.042397564848949444	false	0.5
missmutig	neg 1.0		neg 0.5511133994795693 off 0.406300481468145 __DUMMY__ 0.04258611905228575	false	1.0
hurenbock	off 1.0		neg 0.55181241887535 off 0.40539386115228726 __DUMMY__ 0.04279371997236284	false	0.5
betrunken	neg 1.0		neg 0.5482755647289898 off 0.4092273985248342 __DUMMY__ 0.04249703674617607	false	1.0
korrupt	off 1.0		neg 0.5619684585912883 off 0.39594111305815244 __DUMMY__ 0.04209042835055911	false	0.5
unmut	neg 1.0		neg 0.562866972201932 off 0.3945293480635379 __DUMMY__ 0.04260367973452993	false	1.0
hackfresse	off 1.0		neg 0.5444031082411209 off 0.4134242618288411 __DUMMY__ 0.04217262993003807	false	0.5
aufblasen	neg 1.0		neg 0.5533184192615047 off 0.4039953579093538 __DUMMY__ 0.04268622282914131	false	1.0
gewaltsam	neg 1.0		neg 0.5571604193421759 off 0.40064658323278246 __DUMMY__ 0.04219299742504153	false	1.0
unbeliebtheit	neg 1.0		neg 0.5547852694440152 off 0.40353958268198303 __DUMMY__ 0.041675147874001756	false	1.0
sturheit	neg 1.0		neg 0.5596696063061655 off 0.3980618783119372 __DUMMY__ 0.04226851538189725	false	1.0
kuh	neg 1.0		neg 0.5556626483785826 off 0.40204415986491643 __DUMMY__ 0.04229319175650113	false	1.0
erschrecken	neg 1.0		neg 0.5517071756931734 off 0.40573544896075975 __DUMMY__ 0.042557375346067024	false	1.0
opfer	neg 1.0	neg 1.0	neg 0.7682082852389216 off 0.21143677030953803 __DUMMY__ 0.0203549444515404	false	1.0
sinken	neg 1.0		neg 0.5616351302998865 off 0.3957300135870812 __DUMMY__ 0.04263485611303216	false	1.0
stinktier	neg 1.0		neg 0.5484261742062394 off 0.40947051934733647 __DUMMY__ 0.04210330644642415	false	1.0
tucke	off 1.0		neg 0.5429279564009175 off 0.41481844606099527 __DUMMY__ 0.04225359753808713	false	0.5
ein			neg 0.5530101001368364 off 0.40415874864117013 __DUMMY__ 0.042831151221993394	false	0.0
abstieg	neg 1.0		neg 0.5595077398031064 off 0.39815875702382486 __DUMMY__ 0.04233350317306871	false	1.0
missverstehen	neg 1.0		neg 0.5558179991840171 off 0.40190534143712275 __DUMMY__ 0.042276659378860146	false	1.0
ergebnislos	neg 1.0		neg 0.5591822158950953 off 0.3983761758705767 __DUMMY__ 0.042441608234327924	false	1.0
unter			neg 0.5635208290187288 off 0.3933186332789592 __DUMMY__ 0.04316053770231199	false	0.0
manipulieren	neg 1.0		neg 0.5614214176768008 off 0.3960881974275279 __DUMMY__ 0.04249038489567127	false	1.0
unbewiesen	neg 1.0		neg 0.5609948764485205 off 0.39715302278500647 __DUMMY__ 0.04185210076647312	false	1.0
verschleppen	neg 1.0		neg 0.5599755824493263 off 0.39764801338529754 __DUMMY__ 0.042376404165376094	false	1.0
weib	off 1.0		neg 0.543803581121424 off 0.4141444937909584 __DUMMY__ 0.04205192508761753	false	0.5
opposition	neg 1.0		neg 0.557175701650945 off 0.40074691935499335 __DUMMY__ 0.04207737899406182	false	1.0
verkehrswidrig	neg 1.0		neg 0.5449390943396917 off 0.41269180029029473 __DUMMY__ 0.04236910537001358	false	1.0
inkorrekt	neg 1.0		neg 0.554259702568832 off 0.4038157454537837 __DUMMY__ 0.04192455197738445	false	1.0
vermeiden	neg 1.0		neg 0.5626635169395213 off 0.3944250190587031 __DUMMY__ 0.04291146400177561	false	1.0
abweichung	neg 1.0		neg 0.5621459594305621 off 0.39576105202912343 __DUMMY__ 0.04209298854031429	false	1.0
alkoholisiert	neg 1.0		neg 0.5575759246469937 off 0.39977985100963676 __DUMMY__ 0.042644224343369445	false	1.0
scheiss	off 1.0	off 1.0	off 0.6873225109396162 neg 0.2923909356882705 __DUMMY__ 0.02028655337211325	false	1.0
herausforderung	neg 1.0		neg 0.5552880640298169 off 0.4017374734172921 __DUMMY__ 0.04297446255289099	false	1.0
pervers	off 1.0		neg 0.5408652214611868 off 0.4171258652297482 __DUMMY__ 0.04200891330906492	false	0.5
wackelig	neg 1.0		neg 0.5553624594575458 off 0.40166803444440247 __DUMMY__ 0.042969506098051634	false	1.0
verwickeln	neg 1.0		neg 0.5551731931648781 off 0.4024322311642077 __DUMMY__ 0.042394575670914224	false	1.0
vorwand	neg 1.0		neg 0.5625918578082724 off 0.3948909774166229 __DUMMY__ 0.04251716477510472	false	1.0
muschi	off 1.0		neg 0.556908587757424 off 0.40076110303367796 __DUMMY__ 0.04233030920889815	false	0.5
entmutigung	neg 1.0		neg 0.5599659120790417 off 0.39839420341186493 __DUMMY__ 0.04163988450909321	false	1.0
unangemessen	neg 1.0		neg 0.5609358807082935 off 0.39679286412824555 __DUMMY__ 0.042271255163461044	false	1.0
unstetig	neg 1.0		neg 0.5534854927343426 off 0.40425259222444715 __DUMMY__ 0.042261915041210255	false	1.0
entmutigen	neg 1.0		neg 0.554707861239566 off 0.40273994833155724 __DUMMY__ 0.04255219042887678	false	1.0
schwanz	neg 1.0		neg 0.5578843305888797 off 0.3995841726629918 __DUMMY__ 0.042531496748128644	false	1.0
verbot	neg 1.0		neg 0.5605538052378255 off 0.39727201118014566 __DUMMY__ 0.04217418358202887	false	1.0
leid	neg 1.0		neg 0.5460617726303924 off 0.411697517744445 __DUMMY__ 0.04224070962516278	false	1.0
archaisch	neg 1.0		neg 0.5599874002299472 off 0.39769943508986877 __DUMMY__ 0.04231316468018408	false	1.0
gegen			neg 0.5625654673163426 off 0.39498251241257687 __DUMMY__ 0.0424520202710805	false	0.0
scheidung	neg 1.0	neg 1.0	neg 0.7531143189950981 off 0.22681383186657272 __DUMMY__ 0.0200718491383293	false	1.0
einschlag	neg 1.0		neg 0.5466297294818322 off 0.4111332881393069 __DUMMY__ 0.04223698237886095	false	1.0
m			neg 0.5563243819035844 off 0.4010031848721542 __DUMMY__ 0.04267243322426139	false	0.0
abgestanden	neg 1.0		neg 0.5549224733492348 off 0.4024363326466818 __DUMMY__ 0.04264119400408331	false	1.0
schmierig	off 1.0		neg 0.5464092682770425 off 0.4112301608250979 __DUMMY__ 0.04236057089785969	false	0.5
unpraktisch	neg 1.0		neg 0.5530186594046668 off 0.40425585783385287 __DUMMY__ 0.04272548276148048	false	1.0
wixxer	off 1.0		neg 0.5418514083163861 off 0.4162836450058043 __DUMMY__ 0.04186494667780952	false	0.5
bezeichnet			neg 0.5585179636794372 off 0.39915002469991967 __DUMMY__ 0.0423320116206431	false	0.0
jammerlappen	off 1.0		neg 0.5517665191710955 off 0.4058194750556686 __DUMMY__ 0.04241400577323586	false	0.5
farce	neg 1.0		neg 0.562598469744099 off 0.39552976690285246 __DUMMY__ 0.041871763353048486	false	1.0
zwecklos	neg 1.0		neg 0.5604578569340934 off 0.39716299457478754 __DUMMY__ 0.04237914849111906	false	1.0
turbulent	neg 1.0		neg 0.5487867931388257 off 0.40903702202548853 __DUMMY__ 0.04217618483568568	false	1.0
invasion	neg 1.0		neg 0.5517935631231811 off 0.4056343286255961 __DUMMY__ 0.042572108251222936	false	1.0
schuld	neg 1.0		neg 0.5560113355467361 off 0.4015579715112155 __DUMMY__ 0.042430692942048376	false	1.0
risiko	neg 1.0		neg 0.5506584868090955 off 0.4066622881788835 __DUMMY__ 0.04267922501202115	false	1.0
finster	neg 1.0		neg 0.5540079261059703 off 0.4032709193804615 __DUMMY__ 0.042721154513568345	false	1.0
geisteskrank	off 1.0		neg 0.5524280705592759 off 0.40548581846554976 __DUMMY__ 0.04208611097517441	false	0.5
zusammenbrechen	neg 1.0		neg 0.5568611827107909 off 0.4004771214923393 __DUMMY__ 0.042661695796869764	false	1.0
ausbeute	neg 1.0		neg 0.556840146241023 off 0.400354752872229 __DUMMY__ 0.042805100886747875	false	1.0
hinterhalt	neg 1.0		neg 0.5549445948472301 off 0.40258951819926686 __DUMMY__ 0.04246588695350311	false	1.0
kritik	neg 1.0		neg 0.5616966247379588 off 0.3963183939034727 __DUMMY__ 0.041984981358568534	false	1.0
einschrumpfen	neg 1.0		neg 0.5549619006098293 off 0.4029899270431577 __DUMMY__ 0.042048172347012955	false	1.0
riskant	neg 1.0		neg 0.5600134201493364 off 0.39738224817470175 __DUMMY__ 0.04260433167596188	false	1.0
frustrieren	neg 1.0		neg 0.5608572449012188 off 0.39662877970988736 __DUMMY__ 0.04251397538889387	false	1.0
groll	neg 1.0		neg 0.5600455586218615 off 0.3975546533952094 __DUMMY__ 0.042399787982929156	false	1.0
gibt			neg 0.5585460279017361 off 0.3989327629929497 __DUMMY__ 0.04252120910531422	false	0.0
qualvoll	neg 1.0		neg 0.5527987576631266 off 0.40461114839647794 __DUMMY__ 0.04259009394039555	false	1.0
wackeln	neg 1.0		neg 0.5527529290374681 off 0.4044113179408602 __DUMMY__ 0.04283575302167158	false	1.0
klagen	neg 1.0		neg 0.5630097350058468 off 0.3945168868212015 __DUMMY__ 0.042473378172951666	false	1.0
bankrott	neg 1.0		neg 0.5501820074385492 off 0.4072858362390803 __DUMMY__ 0.04253215632237044	false	1.0
trauern	neg 1.0		neg 0.5596534203655396 off 0.3977421760760488 __DUMMY__ 0.042604403558411545	false	1.0
ablehnung	neg 1.0	neg 1.0	neg 0.7687916737535926 off 0.21110468263943563 __DUMMY__ 0.020103643606971724	false	1.0
stur	neg 1.0		neg 0.5552888118699568 off 0.4022501710410385 __DUMMY__ 0.0424610170890046	false	1.0
aufruhr	neg 1.0		neg 0.5584211769113324 off 0.3994577690802569 __DUMMY__ 0.04212105400841084	false	1.0
melancholie	neg 1.0		neg 0.5565526101637297 off 0.40063599862999627 __DUMMY__ 0.042811391206274065	false	1.0
ist			neg 0.5553683977069411 off 0.40220689027612117 __DUMMY__ 0.04242471201693778	false	0.0
torheit	neg 1.0		neg 0.5592685852078416 off 0.39878135118835856 __DUMMY__ 0.04195006360379991	false	1.0
dreckskind	off 1.0		neg 0.5484764819814825 off 0.40970801794312156 __DUMMY__ 0.041815500075396084	false	0.5
umtauschen	neg 1.0		neg 0.5552337387859828 off 0.4020791950237276 __DUMMY__ 0.04268706619028957	false	1.0
zum			neg 0.5597125746459138 off 0.3970990981278233 __DUMMY__ 0.043188327226263014	false	0.0
zersetzen	neg 1.0		neg 0.5620603847334803 off 0.39545313264130283 __DUMMY__ 0.04248648262521703	false	1.0
zur			neg 0.5638355988925724 off 0.3934478959316625 __DUMMY__ 0.042716505175764974	false	0.0
frust	neg 1.0		neg 0.5576236138639185 off 0.3997688644093636 __DUMMY__ 0.04260752172671789	false	1.0
unerbittlichkeit	neg 1.0		neg 0.5616901912434804 off 0.39589899547714 __DUMMY__ 0.04241081327937956	false	1.0
zwei			neg 0.5593518846071845 off 0.3976518096141481 __DUMMY__ 0.04299630577866731	false	0.0
unkorrekt	neg 1.0		neg 0.5521391401847289 off 0.4058047303313876 __DUMMY__ 0.04205612948388356	false	1.0
hexe	off 1.0		neg 0.5505083762958592 off 0.40705669390890004 __DUMMY__ 0.042434929795240835	false	0.5
lasch	neg 1.0		neg 0.5546150205288786 off 0.4031359949437229 __DUMMY__ 0.04224898452739849	false	1.0
rivale	neg 1.0		neg 0.5482087428162687 off 0.4096493395196519 __DUMMY__ 0.0421419176640793	false	1.0
mutlos	off 1.0	off 1.0	off 0.6806989548061522 neg 0.2990840118397633 __DUMMY__ 0.02021703335408445	false	1.0
wirr	off 1.0		neg 0.5501509286536729 off 0.407785797148078 __DUMMY__ 0.042063274198249	false	0.5
jahr			neg 0.5578570703606829 off 0.3992886597943468 __DUMMY__ 0.04285426984497028	false	0.0
wird			neg 0.5595989153701931 off 0.3978305292265983 __DUMMY__ 0.042570555403208615	false	0.0
strafbar	neg 1.0		neg 0.562233003694379 off 0.3954760015069978 __DUMMY__ 0.04229099479862316	false	1.0
erosion	neg 1.0		neg 0.5529332664495923 off 0.40440385790305367 __DUMMY__ 0.042662875647354076	false	1.0
eingehen	neg 1.0		neg 0.5604364436970665 off 0.39713165631419683 __DUMMY__ 0.042431899988736595	false	1.0
faul	off 1.0		neg 0.5498077074914686 off 0.40751796904176 __DUMMY__ 0.0426743234667715	false	0.5
provisorium	neg 1.0		neg 0.5653170323656386 off 0.3916666818609316 __DUMMY__ 0.04301628577342976	false	1.0
schmerzen	neg 1.0		neg 0.5562927357713855 off 0.40104179210908053 __DUMMY__ 0.04266547211953398	false	1.0
schrumpfen	neg 1.0		neg 0.5636747738384658 off 0.39353887937885335 __DUMMY__ 0.04278634678268096	false	1.0
geistlos	off 1.0		neg 0.5581334553972364 off 0.39999334077212684 __DUMMY__ 0.041873203830636835	false	0.5
fehlkauf	neg 1.0		neg 0.5539233200541261 off 0.4037360188832444 __DUMMY__ 0.04234066106262935	false	1.0
frustrierend	neg 1.0	neg 1.0	neg 0.7640990297943304 off 0.21557124773602546 __DUMMY__ 0.02032972246964411	false	1.0
unzufrieden	neg 1.0		neg 0.5595250548236156 off 0.3979893120831708 __DUMMY__ 0.04248563309321365	false	1.0
verzweifeln	neg 1.0		neg 0.55659667563856 off 0.4008172227755767 __DUMMY__ 0.0425861015858633	false	1.0
verzweifelt	neg 1.0		neg 0.5552557567403633 off 0.4022659048318261 __DUMMY__ 0.042478338427810514	false	1.0
misstrauensantrag	neg 1.0		neg 0.554795996164747 off 0.40296656128525665 __DUMMY__ 0.04223744254999636	false	1.0
abfallen	neg 1.0		neg 0.5523964081978777 off 0.40474335746002676 __DUMMY__ 0.04286023434209552	false	1.0
fucker	off 1.0		neg 0.5491510044299281 off 0.408634172105964 __DUMMY__ 0.04221482346410792	false	0.5
ungezogen	neg 1.0		neg 0.5424596636545334 off 0.4153637519745823 __DUMMY__ 0.042176584370884215	false	1.0
irrsinnig	neg 1.0	neg 1.0	neg 0.766401489629645 off 0.21333835017643896 __DUMMY__ 0.020260160193915848	false	1.0
unfassbar	neg 1.0		neg 0.5513566304819875 off 0.40625307215798623 __DUMMY__ 0.04239029736002633	false	1.0
hart	neg 1.0		neg 0.5521325251327904 off 0.4056351406401397 __DUMMY__ 0.042232334227069825	false	1.0
widerlich	off 1.0		neg 0.5514083741200033 off 0.4063367285473777 __DUMMY__ 0.04225489733261894	false	0.5
fatal	neg 1.0		neg 0.5537674435534327 off 0.403853172233025 __DUMMY__ 0.042379384213542474	false	1.0
bruch	neg 1.0		neg 0.5646972628815582 off 0.39295914703592477 __DUMMY__ 0.04234359008251689	false	1.0
aushungern	neg 1.0		neg 0.5587430514620115 off 0.3991191182339829 __DUMMY__ 0.042137830304005607	false	1.0
anspannung	neg 1.0		neg 0.5616153235827817 off 0.3955366378049254 __DUMMY__ 0.04284803861229284	false	1.0
von			neg 0.5588053152665162 off 0.3983258413221885 __DUMMY__ 0.04286884341129532	false	0.0
kraftlos	neg 1.0		neg 0.5566552183689829 off 0.4004760450090333 __DUMMY__ 0.04286873662198375	false	1.0
vom			neg 0.563005395891097 off 0.39387354004260683 __DUMMY__ 0.043121064066296275	false	0.0
grenzdebil	off 1.0		neg 0.5493631811544946 off 0.4081716257840388 __DUMMY__ 0.04246519306146652	false	0.5
vor			neg 0.560912594941735 off 0.3963041098427375 __DUMMY__ 0.04278329521552757	false	0.0
unterwerfen	neg 1.0		neg 0.5608720264908637 off 0.3967048217266067 __DUMMY__ 0.04242315178252977	false	1.0
versenkung	neg 1.0		neg 0.5604764402197987 off 0.39697880128699375 __DUMMY__ 0.04254475849320753	false	1.0
entziehen	neg 1.0		neg 0.5631180079980386 off 0.39434585695858293 __DUMMY__ 0.042536135043378415	false	1.0
finanzkrise	neg 1.0		neg 0.5596365226995115 off 0.3982886507635352 __DUMMY__ 0.042074826536953415	false	1.0
schimpfend	neg 1.0		neg 0.5507305821200457 off 0.40633274386037715 __DUMMY__ 0.04293667401957719	false	1.0
profan	neg 1.0		neg 0.554224149751337 off 0.40331314848683997 __DUMMY__ 0.042462701761823124	false	1.0
korruption	neg 1.0		neg 0.5615261688814195 off 0.3963512638572253 __DUMMY__ 0.04212256726135515	false	1.0
â			neg 0.5575002754401728 off 0.3998433456079784 __DUMMY__ 0.04265637895184888	false	0.0
schmutzig	neg 1.0		neg 0.5484133504092696 off 0.4089345182545255 __DUMMY__ 0.04265213133620494	false	1.0
sexy	neg 1.0		neg 0.5514061857383946 off 0.40612554011130003 __DUMMY__ 0.04246827415030533	false	1.0
abraten	neg 1.0		neg 0.5538310509501122 off 0.4035442383990811 __DUMMY__ 0.04262471065080657	false	1.0
schwarz	neg 1.0		neg 0.5545134560693858 off 0.4030728110460778 __DUMMY__ 0.042413732884536495	false	1.0
fotze	off 1.0		neg 0.5586059649941171 off 0.3990068470167073 __DUMMY__ 0.042387187989175575	false	0.5
verwirren	neg 1.0		neg 0.5531663720622532 off 0.40436239797595036 __DUMMY__ 0.042471229961796336	false	1.0
zahnlos	off 1.0		neg 0.5600797703180962 off 0.3975479696081499 __DUMMY__ 0.04237226007375386	false	0.5
verheeren	neg 1.0		neg 0.5425436914320186 off 0.41559850297559603 __DUMMY__ 0.0418578055923855	false	1.0
hippie	neg 1.0		neg 0.5519987931248427 off 0.4055710456804299 __DUMMY__ 0.04243016119472748	false	1.0
rammen	neg 1.0		neg 0.5523537770016346 off 0.4051143494925055 __DUMMY__ 0.04253187350585987	false	1.0
unlauter	neg 1.0	neg 1.0	neg 0.7655383878784151 off 0.2142571257949349 __DUMMY__ 0.020204486326649996	false	1.0
unheilvoll	neg 1.0		neg 0.5531296786141582 off 0.40427612342165115 __DUMMY__ 0.04259419796419071	false	1.0
niedrig	neg 1.0		neg 0.559470605051583 off 0.3980626465771998 __DUMMY__ 0.04246674837121715	false	1.0
explosion	neg 1.0		neg 0.5517165142393756 off 0.40574713199134665 __DUMMY__ 0.042536353769277675	false	1.0
weichei	off 1.0		neg 0.5456505048810372 off 0.412161265530556 __DUMMY__ 0.04218822958840698	false	0.5
minusmensch	off 1.0		neg 0.5439587614954288 off 0.4143196541986055 __DUMMY__ 0.041721584305965585	false	0.5
farblos	neg 1.0		neg 0.5554055586079796 off 0.4021774636871729 __DUMMY__ 0.04241697770484751	false	1.0
unwissend	neg 1.0	neg 1.0	neg 0.7640120076763729 off 0.21577045512097126 __DUMMY__ 0.020217537202655903	false	1.0
traurig	neg 1.0		neg 0.5477773339264302 off 0.4098064323079861 __DUMMY__ 0.04241623376558367	false	1.0
senkung	neg 1.0		neg 0.553536009009895 off 0.40413367202244843 __DUMMY__ 0.04233031896765665	false	1.0
ungleich	neg 1.0	neg 1.0	neg 0.7691765945348331 off 0.21057133546778822 __DUMMY__ 0.020252069997378566	false	1.0
heikel	neg 1.0		neg 0.5617048630927354 off 0.3957589094169751 __DUMMY__ 0.042536227490289485	false	1.0
drosselung	neg 1.0		neg 0.5467674495526172 off 0.4107671786288135 __DUMMY__ 0.04246537181856931	false	1.0
falsch	neg 1.0		neg 0.5524498806695877 off 0.40513621778960485 __DUMMY__ 0.04241390154080752	false	1.0
unzufriedenheit	neg 1.0		neg 0.5623159497043622 off 0.39519671329550526 __DUMMY__ 0.04248733700013255	false	1.0
kurz	neg 1.0		neg 0.5556608560073869 off 0.40151520668720636 __DUMMY__ 0.04282393730540681	false	1.0
unsinnig	neg 1.0		neg 0.559246260285502 off 0.3983071865032706 __DUMMY__ 0.042446553211227374	false	1.0
penner	off 1.0	off 1.0	off 0.6905404907477215 neg 0.2892812094566879 __DUMMY__ 0.020178299795590732	false	1.0
seicht	neg 1.0		neg 0.5451163084113486 off 0.4129748513583176 __DUMMY__ 0.04190884023033385	false	1.0
dummheit	off 1.0	off 1.0	off 0.6841276519877165 neg 0.29567458669510355 __DUMMY__ 0.020197761317179846	false	1.0
unerfreulich	neg 1.0		neg 0.5617760906663699 off 0.3956091595074045 __DUMMY__ 0.04261474982622566	false	1.0
motherfucker	off 1.0	off 1.0	off 0.6875337343139054 neg 0.2922842225165904 __DUMMY__ 0.02018204316950412	false	1.0
pikiert	neg 1.0		neg 0.5525834974782855 off 0.40512408719092363 __DUMMY__ 0.042292415330790895	false	1.0
wrack	neg 1.0		neg 0.5566357654629591 off 0.4006566163317169 __DUMMY__ 0.042707618205323976	false	1.0
gangster	neg 1.0		neg 0.5529131917113167 off 0.40465217291949584 __DUMMY__ 0.04243463536918761	false	1.0
krank	neg 1.0		neg 0.5485105606906957 off 0.40890706252834874 __DUMMY__ 0.042582376780955555	false	1.0
reich	neg 1.0		neg 0.5553862386815133 off 0.4028493690259873 __DUMMY__ 0.041764392292499314	false	1.0
gnadenlos	neg 1.0		neg 0.5554074840611568 off 0.4021106150971103 __DUMMY__ 0.04248190084173287	false	1.0
niedergeschlagen	neg 1.0		neg 0.5571877488412487 off 0.4002000179331138 __DUMMY__ 0.04261223322563762	false	1.0
terrorisieren	off 1.0	off 1.0	off 0.6816456209552674 neg 0.2979778101271345 __DUMMY__ 0.02037656891759816	false	1.0
sinnlosigkeit	neg 1.0		neg 0.5598684038843128 off 0.3977383869300051 __DUMMY__ 0.042393209185682124	false	1.0
behindern	neg 1.0		neg 0.5549198581596803 off 0.4024096296283674 __DUMMY__ 0.042670512211952345	false	1.0
undemokratisch	neg 1.0		neg 0.5582517740196893 off 0.39972225813746276 __DUMMY__ 0.04202596784284788	false	1.0
wirtschaftskrise	neg 1.0		neg 0.5605604434919683 off 0.3971958767049358 __DUMMY__ 0.042243679803095985	false	1.0
neid	neg 1.0		neg 0.5512213739199879 off 0.4061583965632229 __DUMMY__ 0.042620229516789204	false	1.0
rutschen	neg 1.0		neg 0.559310480007009 off 0.3974747345538353 __DUMMY__ 0.04321478543915575	false	1.0
rezession	neg 1.0		neg 0.5494109044980443 off 0.4086812964839453 __DUMMY__ 0.04190779901801051	false	1.0
fehlgeburt	neg 1.0		neg 0.5557716498869468 off 0.40178669206959383 __DUMMY__ 0.04244165804345927	false	1.0
charakterschwach	off 1.0		neg 0.5514515180855247 off 0.40627515719954377 __DUMMY__ 0.042273324714931525	false	0.5
isolation	neg 1.0		neg 0.5503066096818904 off 0.4072355565934659 __DUMMY__ 0.04245783372464375	false	1.0
ablenkung	neg 1.0		neg 0.5549322051210177 off 0.4024263906102011 __DUMMY__ 0.04264140426878107	false	1.0
pech	neg 1.0		neg 0.5528906161192519 off 0.40463760875122423 __DUMMY__ 0.04247177512952395	false	1.0
vermeidung	neg 1.0		neg 0.5478964008708507 off 0.4095932787318033 __DUMMY__ 0.04251032039734602	false	1.0
dominieren	neg 1.0		neg 0.5576670511728016 off 0.39984564786764903 __DUMMY__ 0.042487300959549355	false	1.0
schwindlig	neg 1.0		neg 0.5513219428412146 off 0.4059707909575192 __DUMMY__ 0.04270726620126619	false	1.0
lutscher	neg 1.0		neg 0.5437720904679878 off 0.414287144480372 __DUMMY__ 0.0419407650516402	false	1.0
pflicht	neg 1.0		neg 0.5621816320317432 off 0.39531319248979385 __DUMMY__ 0.04250517547846292	false	1.0
faschist	off 1.0		neg 0.5574213330417842 off 0.40059213218671574 __DUMMY__ 0.04198653477150015	false	0.5
verschleudern	neg 1.0		neg 0.5608913736907823 off 0.3968188645651172 __DUMMY__ 0.04228976174410061	false	1.0
wenn			neg 0.5521075148960403 off 0.4054364424501638 __DUMMY__ 0.04245604265379591	false	0.0
ehebruch	neg 1.0		neg 0.5611104643876528 off 0.39655456801427486 __DUMMY__ 0.042334967598072364	false	1.0
spott	off 1.0		neg 0.5617345350777572 off 0.3959125048366904 __DUMMY__ 0.04235296008555241	false	0.5
trostlosigkeit	neg 1.0		neg 0.5644957119748945 off 0.3933132743604501 __DUMMY__ 0.04219101366465549	false	1.0
lutschen	neg 1.0		neg 0.5527120805510479 off 0.40506156076928124 __DUMMY__ 0.042226358679671026	false	1.0
undiszipliniert	neg 1.0		neg 0.5489138482966165 off 0.4087246113110804 __DUMMY__ 0.04236154039230307	false	1.0
kopfschmerz	neg 1.0		neg 0.5566831311269967 off 0.4007845261759444 __DUMMY__ 0.04253234269705879	false	1.0
unvorhergesehen	neg 1.0		neg 0.55545288119651 off 0.4016688966953296 __DUMMY__ 0.04287822210816024	false	1.0
desinteressiert	neg 1.0		neg 0.5502276787583323 off 0.4075235170564823 __DUMMY__ 0.04224880418518544	false	1.0
armselig	off 1.0		neg 0.5497784481773399 off 0.408059686201423 __DUMMY__ 0.04216186562123708	false	0.5
desaster	neg 1.0		neg 0.5647981126139049 off 0.3928259977125379 __DUMMY__ 0.04237588967355731	false	1.0
tod	neg 1.0		neg 0.5621318027789086 off 0.3956427256527533 __DUMMY__ 0.04222547156833799	false	1.0
herzlos	neg 1.0		neg 0.5472701286679605 off 0.4103541195952941 __DUMMY__ 0.042375751736745404	false	1.0
unwissenheit	neg 1.0		neg 0.5607063836652268 off 0.3969953678252278 __DUMMY__ 0.04229824850954519	false	1.0
widersinnig	neg 1.0		neg 0.5611347992434974 off 0.39680582095584677 __DUMMY__ 0.04205937980065575	false	1.0
bedenklich	neg 1.0		neg 0.5608146254539227 off 0.3966875726816186 __DUMMY__ 0.042497801864458756	false	1.0
beanstanden	neg 1.0		neg 0.5623167018174798 off 0.3951467413160188 __DUMMY__ 0.04253655686650131	false	1.0
panisch	neg 1.0	neg 1.0	neg 0.7632910495590687 off 0.21616971005778968 __DUMMY__ 0.02053924038314157	false	1.0
debil	off 1.0		neg 0.5647069950175228 off 0.39266745568795375 __DUMMY__ 0.04262554929452344	false	0.5
abstrich	neg 1.0		neg 0.5533302224290226 off 0.4038858334912532 __DUMMY__ 0.04278394407972404	false	1.0
primitiv	neg 1.0		neg 0.5509505042849258 off 0.4068190189701047 __DUMMY__ 0.0422304767449696	false	1.0
abschaum	off 1.0	off 1.0	off 0.6854115336178007 neg 0.29442775502592855 __DUMMY__ 0.020160711356270667	false	1.0
provozieren	neg 1.0		neg 0.5573578291671449 off 0.4003128479427917 __DUMMY__ 0.04232932289006332	false	1.0
tot	neg 1.0		neg 0.5581922069296806 off 0.3994411691258949 __DUMMY__ 0.04236662394442457	false	1.0
instabil	neg 1.0		neg 0.5498058365142596 off 0.40821329320988653 __DUMMY__ 0.04198087027585372	false	1.0
schwuchtel	off 1.0		neg 0.5399204963455642 off 0.4184286077168719 __DUMMY__ 0.041650895937564	false	0.5
zerren	neg 1.0		neg 0.5571068776698342 off 0.4002541817316374 __DUMMY__ 0.042638940598528165	false	1.0
kinderficker	off 1.0		neg 0.5478828923545402 off 0.41006442023913087 __DUMMY__ 0.042052687406328955	false	0.5
gefahr	neg 1.0		neg 0.5610136863814978 off 0.3966019989067519 __DUMMY__ 0.04238431471175022	false	1.0
rabiat	neg 1.0		neg 0.5563625637133762 off 0.4011445310097811 __DUMMY__ 0.04249290527684266	false	1.0
verlangsamung	neg 1.0		neg 0.545696158107907 off 0.412422565643786 __DUMMY__ 0.041881276248307	false	1.0
ausgestorben	neg 1.0		neg 0.5572771434771135 off 0.4001211395115803 __DUMMY__ 0.042601717011306224	false	1.0
anklagen	neg 1.0		neg 0.5584832644693704 off 0.39923979123824804 __DUMMY__ 0.04227694429238169	false	1.0
trott	neg 1.0		neg 0.5553881039820021 off 0.4020172301775749 __DUMMY__ 0.042594665840422985	false	1.0
verminderung	neg 1.0		neg 0.5482946515903129 off 0.40936214519737885 __DUMMY__ 0.04234320321230821	false	1.0
nach			neg 0.5612197941286673 off 0.3957635789507518 __DUMMY__ 0.04301662692058095	false	0.0
rost	neg 1.0		neg 0.5436852906459901 off 0.41424193321421243 __DUMMY__ 0.042072776139797353	false	1.0
destruktiv	neg 1.0		neg 0.5593438435063081 off 0.39839943056540683 __DUMMY__ 0.04225672592828507	false	1.0
unzumutbarkeit	neg 1.0		neg 0.5482872007814915 off 0.40925996284418453 __DUMMY__ 0.04245283637432388	false	1.0
labil	off 1.0	off 1.0	off 0.6863414627353445 neg 0.29346383081845145 __DUMMY__ 0.02019470644620397	false	1.0
ziemlich	neg 1.0		neg 0.5502672407044508 off 0.4072998737062352 __DUMMY__ 0.042432885589314115	false	1.0
lachnummer	off 1.0		neg 0.5590891711824235 off 0.3986253698081019 __DUMMY__ 0.04228545900947444	false	0.5
oder			neg 0.5549368316097046 off 0.4023770673144506 __DUMMY__ 0.042686101075844675	false	0.0
verfall	neg 1.0		neg 0.564923216237287 off 0.3924392848756279 __DUMMY__ 0.042637498887085026	false	1.0
ausgrenzung	neg 1.0		neg 0.5573956233473726 off 0.4005749519006266 __DUMMY__ 0.04202942475200091	false	1.0
unordnung	neg 1.0		neg 0.5479933694676243 off 0.40991932802575587 __DUMMY__ 0.04208730250661997	false	1.0
fehlverhalten	neg 1.0		neg 0.5618414705811282 off 0.39578025631870534 __DUMMY__ 0.04237827310016637	false	1.0
eine			neg 0.561136179553123 off 0.3961510484834501 __DUMMY__ 0.04271277196342683	false	0.0
nille	neg 1.0		neg 0.5577751891011302 off 0.39996128356757593 __DUMMY__ 0.04226352733129377	false	1.0
qual	neg 1.0		neg 0.5556645788656391 off 0.40176342700608286 __DUMMY__ 0.042571994128277904	false	1.0
verschwenden	neg 1.0		neg 0.5603043555057893 off 0.39715080718577966 __DUMMY__ 0.04254483730843112	false	1.0
riesig	neg 1.0		neg 0.5567971292091813 off 0.40065908956884444 __DUMMY__ 0.0425437812219741	false	1.0
verurteilen	neg 1.0		neg 0.5607025877012813 off 0.3970317410711881 __DUMMY__ 0.042265671227530444	false	1.0
klischee	neg 1.0	neg 1.0	neg 0.7653464611208994 off 0.2144746657867789 __DUMMY__ 0.020178873092321838	false	1.0
diktatorisch	neg 1.0		neg 0.5595115288903926 off 0.39859846834543067 __DUMMY__ 0.04189000276417662	false	1.0
vorhersehbar	neg 1.0		neg 0.5564052134913944 off 0.40139901319572124 __DUMMY__ 0.04219577331288447	false	1.0
sowie			neg 0.5469537517843879 off 0.4110998969894769 __DUMMY__ 0.041946351226135374	false	0.0
stornieren	neg 1.0		neg 0.5517018736205761 off 0.4056514716420962 __DUMMY__ 0.04264665473732757	false	1.0
besteuerung	neg 1.0		neg 0.5557916543803718 off 0.4018857851900375 __DUMMY__ 0.042322560429590775	false	1.0
ungeschminkt	neg 1.0		neg 0.5504178294507402 off 0.407273748882569 __DUMMY__ 0.042308421666690625	false	1.0
kritisch	neg 1.0		neg 0.5615757991715721 off 0.3960583838398269 __DUMMY__ 0.042365816988600986	false	1.0
schlamperei	off 1.0		neg 0.5607593455622331 off 0.39688248002551574 __DUMMY__ 0.04235817441225124	false	0.5
sucht	neg 1.0	neg 1.0	neg 0.7624822543306049 off 0.21696958184001539 __DUMMY__ 0.02054816382937975	false	1.0
egoistisch	off 1.0		neg 0.5457558692806206 off 0.41203783467380745 __DUMMY__ 0.04220629604557186	false	0.5
ausbeuter	off 1.0		neg 0.5629399141511614 off 0.3947623946700026 __DUMMY__ 0.04229769117883607	false	0.5
arschgeburt	off 1.0		neg 0.5401010524920649 off 0.41824872349209385 __DUMMY__ 0.04165022401584122	false	0.5
schubs	neg 1.0	neg 1.0	neg 0.7662594783123511 off 0.2132336727447196 __DUMMY__ 0.020506848942929305	false	1.0
unsolide	neg 1.0		neg 0.5566225461056046 off 0.40163584645356126 __DUMMY__ 0.0417416074408341	false	1.0
beschwerde	neg 1.0		neg 0.5597902328853926 off 0.39784682868289784 __DUMMY__ 0.042362938431709636	false	1.0
stocken	neg 1.0		neg 0.558691061811895 off 0.3987420808873319 __DUMMY__ 0.04256685730077324	false	1.0
isolieren	neg 1.0		neg 0.5553843324744798 off 0.4019249301372492 __DUMMY__ 0.042690737388270936	false	1.0
unheilbar	neg 1.0		neg 0.5564589295443324 off 0.40114745401382385 __DUMMY__ 0.04239361644184373	false	1.0
pisser	off 1.0		neg 0.5489585102943125 off 0.4089606809919633 __DUMMY__ 0.04208080871372425	false	0.5
löschen	neg 1.0		neg 0.5552322464774204 off 0.40233405217142326 __DUMMY__ 0.04243370135115621	false	1.0
durchfallen	neg 1.0		neg 0.559917972329689 off 0.3975571513327713 __DUMMY__ 0.042524876337539846	false	1.0
wichser	off 1.0		neg 0.5418073365502587 off 0.4161778831530847 __DUMMY__ 0.042014780296656604	false	0.5
terror	neg 1.0		neg 0.5506540508315201 off 0.40673913661636574 __DUMMY__ 0.042606812552114195	false	1.0
krass	neg 1.0		neg 0.5475068933889441 off 0.4102163580989278 __DUMMY__ 0.04227674851212811	false	1.0
revolte	neg 1.0	neg 1.0	neg 0.7667532743271852 off 0.21326432592398734 __DUMMY__ 0.0199823997488274	false	1.0
besorgt	neg 1.0		neg 0.5548794308611033 off 0.4022192787486082 __DUMMY__ 0.04290129039028846	false	1.0
nachlassen	neg 1.0		neg 0.5574742949210597 off 0.3998810973302567 __DUMMY__ 0.04264460774868364	false	1.0
alt	neg 1.0		neg 0.5578171278866122 off 0.399344139311681 __DUMMY__ 0.04283873280170684	false	1.0
hundesohn	off 1.0		neg 0.5442500259909072 off 0.41393143044177266 __DUMMY__ 0.04181854356732017	false	0.5
als			neg 0.5578215512730207 off 0.3995132426509159 __DUMMY__ 0.042665206076063375	false	0.0
abschreckung	neg 1.0		neg 0.5627454899989917 off 0.3948060612803746 __DUMMY__ 0.0424484487206339	false	1.0
unqualifiziert	neg 1.0		neg 0.555427576288068 off 0.402315334756482 __DUMMY__ 0.04225708895545001	false	1.0
abgewichst	off 1.0		neg 0.5576792770853493 off 0.39989695141582193 __DUMMY__ 0.0424237714988289	false	0.5
schwer	neg 1.0		neg 0.556287787397038 off 0.40112145684069894 __DUMMY__ 0.04259075576226315	false	1.0
bedeutungslosigkeit	neg 1.0		neg 0.562547311462362 off 0.3950658072831724 __DUMMY__ 0.04238688125446564	false	1.0
kapitulation	neg 1.0		neg 0.5629422048290891 off 0.39502569338208404 __DUMMY__ 0.04203210178882681	false	1.0
unscharf	neg 1.0		neg 0.55307041780459 off 0.4044948711054244 __DUMMY__ 0.042434711089985644	false	1.0
schwinden	neg 1.0		neg 0.5607677186905946 off 0.3966858940449542 __DUMMY__ 0.042546387264451195	false	1.0
versklavung	neg 1.0	neg 1.0	neg 0.7673734190683204 off 0.21254692366642036 __DUMMY__ 0.020079657265259367	false	1.0
schlecht	neg 1.0		neg 0.54957128216894 off 0.4079568892516525 __DUMMY__ 0.0424718285794076	false	1.0
verhasst	neg 1.0		neg 0.5577633537808867 off 0.39996491974099546 __DUMMY__ 0.04227172647811787	false	1.0
beschweren	neg 1.0		neg 0.5542076253923555 off 0.40325460899428306 __DUMMY__ 0.04253776561336134	false	1.0
scheiden	neg 1.0		neg 0.5565557768974609 off 0.40090518064976527 __DUMMY__ 0.0425390424527739	false	1.0
frustriert	neg 1.0		neg 0.5578302814515169 off 0.3996298651639251 __DUMMY__ 0.04253985338455794	false	1.0
schimmelig	neg 1.0		neg 0.5599059765468712 off 0.39761944479492717 __DUMMY__ 0.04247457865820159	false	1.0
fisch	neg 1.0	neg 1.0	neg 0.7661579227719711 off 0.21332994901997063 __DUMMY__ 0.02051212820805827	false	1.0
schmuggel	neg 1.0		neg 0.5593988923002476 off 0.39783457386446397 __DUMMY__ 0.042766533835288376	false	1.0
auffallen	neg 1.0		neg 0.5539711645450951 off 0.4035358818488943 __DUMMY__ 0.04249295360601051	false	1.0
konkurrenz	neg 1.0		neg 0.5607696929853302 off 0.3965020372243308 __DUMMY__ 0.04272826979033905	false	1.0
teufelskreis	neg 1.0		neg 0.5584369327953297 off 0.3991359373100087 __DUMMY__ 0.042427129894661526	false	1.0
aufschreien	neg 1.0		neg 0.5555726428973088 off 0.4021271082685896 __DUMMY__ 0.04230024883410168	false	1.0
schuldner	neg 1.0		neg 0.561801990772837 off 0.3958739356143864 __DUMMY__ 0.04232407361277648	false	1.0
missgeburt	off 1.0	off 1.0	off 0.6893119003171236 neg 0.2906110909853717 __DUMMY__ 0.020077008697504676	false	1.0
arbeitslos	neg 1.0		neg 0.5595996584476112 off 0.39797201894084167 __DUMMY__ 0.04242832261154707	false	1.0
befallen	neg 1.0		neg 0.5616514410947743 off 0.3962301719807146 __DUMMY__ 0.04211838692451096	false	1.0
miesepetrig	off 1.0		neg 0.5495701305449995 off 0.4079174112102016 __DUMMY__ 0.04251245824479899	false	0.5
alarmieren	neg 1.0		neg 0.5526381921142057 off 0.40517571231178146 __DUMMY__ 0.042186095574012934	false	1.0
ungeduscht	off 1.0		neg 0.5526809453621655 off 0.40485269006898555 __DUMMY__ 0.04246636456884908	false	0.5
knappheit	neg 1.0		neg 0.5589599606221303 off 0.3986111010146713 __DUMMY__ 0.04242893836319845	false	1.0
schlange	neg 1.0		neg 0.5533262070861664 off 0.4040061807839199 __DUMMY__ 0.042667612129913705	false	1.0
harsch	neg 1.0		neg 0.5433127617129025 off 0.4143372352756053 __DUMMY__ 0.042350003011492235	false	1.0
lang	neg 1.0		neg 0.554668377481251 off 0.4028380786544863 __DUMMY__ 0.04249354386426254	false	1.0
ziellos	neg 1.0		neg 0.5587854554186293 off 0.39860697861150535 __DUMMY__ 0.04260756596986519	false	1.0
selbstverliebt	neg 1.0		neg 0.5427578699448594 off 0.41551454137988575 __DUMMY__ 0.04172758867525496	false	1.0
beseitigen	neg 1.0		neg 0.5529115729008556 off 0.404364212694297 __DUMMY__ 0.042724214404847395	false	1.0
dumm	off 1.0		neg 0.5457244616039821 off 0.4121705963352132 __DUMMY__ 0.04210494206080465	false	0.5
arbeitsloser	neg 1.0		neg 0.5602813013983935 off 0.39725626371569484 __DUMMY__ 0.0424624348859117	false	1.0
blitzen	neg 1.0		neg 0.5529059578020565 off 0.40474924239751287 __DUMMY__ 0.04234479980043047	false	1.0
hilflos	neg 1.0		neg 0.5580208356174081 off 0.3994121001643607 __DUMMY__ 0.04256706421823113	false	1.0
eklig	off 1.0		neg 0.5453812857961948 off 0.41260967775960505 __DUMMY__ 0.04200903644420008	false	0.5
begriff			neg 0.5585047114187454 off 0.39904651612953596 __DUMMY__ 0.0424487724517186	false	0.0
hungersnot	neg 1.0		neg 0.5604122733577276 off 0.39759157821715396 __DUMMY__ 0.041996148425118444	false	1.0
ungesetzlich	neg 1.0		neg 0.5573520375852908 off 0.4006806527027802 __DUMMY__ 0.04196730971192891	false	1.0
verschwendung	neg 1.0		neg 0.5612213890715878 off 0.3962208988691645 __DUMMY__ 0.04255771205924768	false	1.0
schmerzvoll	neg 1.0		neg 0.5543313785799686 off 0.40314298267573034 __DUMMY__ 0.042525638744301056	false	1.0
vorzeitig	neg 1.0		neg 0.5500931795827643 off 0.4074891085324278 __DUMMY__ 0.04241771188480784	false	1.0
unvollkommenheit	neg 1.0		neg 0.5560912294963387 off 0.40143757106594885 __DUMMY__ 0.04247119943771238	false	1.0
intervenieren	neg 1.0		neg 0.5628993385606001 off 0.3948579903257418 __DUMMY__ 0.04224267111365798	false	1.0
banause	off 1.0		neg 0.5442330582412641 off 0.41383423763607613 __DUMMY__ 0.04193270412265957	false	0.5
rebell	neg 1.0		neg 0.56087258875241 off 0.3964411342544278 __DUMMY__ 0.042686276993162256	false	1.0
unlogisch	neg 1.0		neg 0.5490558750855971 off 0.4087321021805795 __DUMMY__ 0.04221202273382354	false	1.0
leiden	neg 1.0	neg 1.0	neg 0.7662451868822766 off 0.21303580240691208 __DUMMY__ 0.020719010710811305	false	1.0
abschaffung	neg 1.0		neg 0.5569111397560562 off 0.4008497392916696 __DUMMY__ 0.04223912095227419	false	1.0
sturz	neg 1.0		neg 0.5566235808312243 off 0.4011862936994216 __DUMMY__ 0.04219012546935398	false	1.0
verkleinerung	neg 1.0		neg 0.5544800304897759 off 0.4034429947824743 __DUMMY__ 0.04207697472774972	false	1.0
schmarotzer	off 1.0		neg 0.5610262518574668 off 0.3966569578519698 __DUMMY__ 0.04231679029056355	false	0.5
bestrafung	neg 1.0		neg 0.5558914631174137 off 0.40172702263680743 __DUMMY__ 0.042381514245778885	false	1.0
achtlos	neg 1.0		neg 0.5556548008578547 off 0.40168065956995147 __DUMMY__ 0.042664539572193814	false	1.0
ungeheuer	neg 1.0		neg 0.5545195490538473 off 0.40310031940659935 __DUMMY__ 0.04238013153955344	false	1.0
unaufrichtig	neg 1.0		neg 0.5560687365574246 off 0.4018746527108229 __DUMMY__ 0.04205661073175243	false	1.0
groggy	neg 1.0		neg 0.5527365332896299 off 0.4048792500992216 __DUMMY__ 0.04238421661114847	false	1.0
verletzlich	neg 1.0		neg 0.5504050588029946 off 0.40726054946427276 __DUMMY__ 0.042334391732732624	false	1.0
