unsolidarisch	neg 1.0		__DUMMY__ 0.9242845029888775 neg 0.04569763870477353 off 0.030017858306348958	false	1.0
nachteilig	neg 1.0		__DUMMY__ 0.9314839011026208 neg 0.041315022806351985 off 0.027201076091027235	false	1.0
skeptisch	neg 1.0		__DUMMY__ 0.9331061339950237 neg 0.041624088512112974 off 0.025269777492863344	false	1.0
schrecklich	neg 1.0		__DUMMY__ 0.9288877257980357 neg 0.036796120763025665 off 0.03431615343893864	false	1.0
schlapp	neg 1.0		__DUMMY__ 0.9329420572589205 neg 0.03610109195982973 off 0.030956850781249715	false	1.0
abfall	neg 1.0		__DUMMY__ 0.9335310030927171 neg 0.04230002587439784 off 0.024168971032885105	false	1.0
widerspenstig	neg 1.0		__DUMMY__ 0.9342338956185392 neg 0.03773060709037719 off 0.028035497291083525	false	1.0
abrupt	neg 1.0		__DUMMY__ 0.9349184860160057 neg 0.03786154587901926 off 0.027219968104975054	false	1.0
unwirksam	neg 1.0		__DUMMY__ 0.9268910215359437 neg 0.0435883917214591 off 0.02952058674259712	false	1.0
angreifen	neg 1.0		__DUMMY__ 0.9312433094302667 neg 0.04229404387809641 off 0.02646264669163693	false	1.0
inkonsistent	neg 1.0		__DUMMY__ 0.929975175989442 neg 0.039954035740169355 off 0.030070788270388695	false	1.0
abrutschen	neg 1.0		__DUMMY__ 0.9345360626472603 neg 0.04127234371456638 off 0.024191593638173317	false	1.0
unsicher	neg 1.0		__DUMMY__ 0.9324432241481878 neg 0.03894619338696724 off 0.02861058246484488	false	1.0
bauernkind	off 1.0		__DUMMY__ 0.9248787104168676 neg 0.038586144863998154 off 0.03653514471913424	false	0.5
angreifer	neg 1.0		__DUMMY__ 0.9283459153231655 neg 0.0404609518426118 off 0.031193132834222714	false	1.0
trennen	neg 1.0		__DUMMY__ 0.9363641980561058 neg 0.03825510598189664 off 0.02538069596199748	false	1.0
schmutz	neg 1.0		__DUMMY__ 0.9366169073855899 neg 0.031716994345522845 off 0.031666098268887354	false	1.0
inkonsistenz	neg 1.0	neg 1.0	neg 0.5065206325867022 __DUMMY__ 0.4652160211011969 off 0.028263346312100823	false	1.0
erschreckend	neg 1.0		__DUMMY__ 0.9307303273690878 neg 0.04123410052418481 off 0.028035572106727375	false	1.0
ertrinken	neg 1.0		__DUMMY__ 0.934325653579346 neg 0.03929166891016614 off 0.026382677510487777	false	1.0
pickelface	off 1.0		__DUMMY__ 0.9300499009097465 neg 0.04045426178425008 off 0.029495837306003456	false	0.5
seiner			__DUMMY__ 0.9325173407010643 neg 0.041382835696908316 off 0.02609982360202748	false	0.0
lauch	neg 1.0		__DUMMY__ 0.9339202520073486 neg 0.04129184293767432 off 0.024787905054977136	false	1.0
unwichtig	neg 1.0		__DUMMY__ 0.9297993331468087 neg 0.03852800320757874 off 0.031672663645612574	false	1.0
steuerhinterziehung	neg 1.0		__DUMMY__ 0.9275583699527044 neg 0.04361369115005055 off 0.028827938897245	false	1.0
schock	neg 1.0		__DUMMY__ 0.9349611271646604 neg 0.03782995141539739 off 0.027208921419942175	false	1.0
beule	neg 1.0		__DUMMY__ 0.932727751659236 neg 0.035521595656911355 off 0.03175065268385256	false	1.0
vergelten	neg 1.0		__DUMMY__ 0.926501392027279 neg 0.03775922452966475 off 0.035739383443056265	false	1.0
verdorbenheit	neg 1.0		__DUMMY__ 0.934728193007259 neg 0.03628681884673451 off 0.028984988146006436	false	1.0
trauma	neg 1.0		__DUMMY__ 0.9310190657280483 neg 0.03908767089702676 off 0.02989326337492497	false	1.0
sinnlos	neg 1.0		__DUMMY__ 0.9308761788339753 neg 0.03900930387900626 off 0.03011451728701838	false	1.0
fettsack	off 1.0	off 1.0	off 0.502547024864879 __DUMMY__ 0.46304515768185683 neg 0.034407817453264274	false	1.0
feige	off 1.0		__DUMMY__ 0.9283032699666312 neg 0.0401209215996207 off 0.031575808433748166	false	0.5
abdanken	neg 1.0		__DUMMY__ 0.925317066579989 neg 0.04542035913226365 off 0.029262574287747346	false	1.0
wichtigtuer	off 1.0	off 1.0	off 0.49744268504494643 __DUMMY__ 0.46495156561511064 neg 0.037605749339942846	false	1.0
misslingen	neg 1.0		__DUMMY__ 0.9349512297409523 neg 0.035405459475413036 off 0.029643310783634632	false	1.0
untreu	off 1.0		__DUMMY__ 0.93005576963066 neg 0.03782592288755048 off 0.032118307481789586	false	0.5
missmutig	neg 1.0		__DUMMY__ 0.9324512728469843 neg 0.036650978496544626 off 0.030897748656471116	false	1.0
hurenbock	off 1.0		__DUMMY__ 0.9357984167411575 neg 0.035262217235527055 off 0.028939366023315455	false	0.5
betrunken	neg 1.0		__DUMMY__ 0.9314253862871285 neg 0.035910220644041486 off 0.03266439306883013	false	1.0
korrupt	off 1.0		__DUMMY__ 0.9267509880069611 neg 0.04516382605531795 off 0.028085185937720986	false	0.5
unmut	neg 1.0		__DUMMY__ 0.9328904239660856 neg 0.0422312328503373 off 0.024878343183577203	false	1.0
hackfresse	off 1.0		__DUMMY__ 0.9275836525644866 off 0.036537753186778626 neg 0.03587859424873475	false	1.0
aufblasen	neg 1.0		__DUMMY__ 0.9335065450915696 neg 0.03727792841935041 off 0.029215526489079977	false	1.0
gewaltsam	neg 1.0		__DUMMY__ 0.9280503696170576 neg 0.042117257776286346 off 0.029832372606656176	false	1.0
unbeliebtheit	neg 1.0		__DUMMY__ 0.921687412965964 neg 0.04440121782329621 off 0.03391136921073974	false	1.0
sturheit	neg 1.0		__DUMMY__ 0.9286946993209239 neg 0.042897626714387765 off 0.028407673964688428	false	1.0
kuh	neg 1.0		__DUMMY__ 0.929706904645753 neg 0.04099044737347384 off 0.029302647980773117	false	1.0
erschrecken	neg 1.0		__DUMMY__ 0.931948392097498 neg 0.037253231504193726 off 0.030798376398308194	false	1.0
opfer	neg 1.0	neg 1.0	neg 0.5077150124854151 __DUMMY__ 0.46808736053455885 off 0.02419762698002618	false	1.0
sinken	neg 1.0		__DUMMY__ 0.9332779255715665 neg 0.04161176631800323 off 0.02511030811043034	false	1.0
stinktier	neg 1.0		__DUMMY__ 0.9270594191069195 neg 0.03842556923698168 off 0.034515011656098854	false	1.0
tucke	off 1.0		__DUMMY__ 0.9291649685210468 off 0.03648346967523802 neg 0.034351561803715173	false	1.0
ein			__DUMMY__ 0.9354651806230739 neg 0.03604572964811491 off 0.028489089728811128	false	0.0
abstieg	neg 1.0		__DUMMY__ 0.9296142676243069 neg 0.04237798690401293 off 0.028007745471680112	false	1.0
missverstehen	neg 1.0		__DUMMY__ 0.9287017343055995 neg 0.04107040576051078 off 0.030227859933889708	false	1.0
ergebnislos	neg 1.0		__DUMMY__ 0.9310522369277883 neg 0.04134559366103093 off 0.02760216941118083	false	1.0
unter			__DUMMY__ 0.9393952211245621 neg 0.039231876838473664 off 0.021372902036964195	false	0.0
manipulieren	neg 1.0		__DUMMY__ 0.9314212300446095 neg 0.04228381819796473 off 0.02629495175742576	false	1.0
unbewiesen	neg 1.0		__DUMMY__ 0.9237283300985427 neg 0.046363149640441824 off 0.029908520261015464	false	1.0
verschleppen	neg 1.0		__DUMMY__ 0.9304080701733227 neg 0.04209605706443474 off 0.027495872762242503	false	1.0
weib	off 1.0		__DUMMY__ 0.9263736822628016 off 0.03739000415991862 neg 0.03623631357727987	false	1.0
opposition	neg 1.0		__DUMMY__ 0.9264017075737199 neg 0.04345623536870002 off 0.0301420570575801	false	1.0
verkehrswidrig	neg 1.0		__DUMMY__ 0.9304610714397511 off 0.0349250795438278 neg 0.034613849016421123	false	0.5
inkorrekt	neg 1.0		__DUMMY__ 0.9247456774050047 neg 0.04240338768823321 off 0.03285093490676209	false	1.0
vermeiden	neg 1.0		__DUMMY__ 0.936638157248587 neg 0.04033212232232347 off 0.023029720429089538	false	1.0
abweichung	neg 1.0		__DUMMY__ 0.9266620586878607 neg 0.04554819587283041 off 0.02778974543930883	false	1.0
alkoholisiert	neg 1.0		__DUMMY__ 0.933710282855931 neg 0.03965073458787231 off 0.026638982556196608	false	1.0
scheiss	off 1.0	off 1.0	off 0.4993289578930512 __DUMMY__ 0.4668770660014158 neg 0.03379397610553291	false	1.0
herausforderung	neg 1.0		__DUMMY__ 0.9375615530718286 neg 0.03559087283207728 off 0.026847574096094142	false	1.0
pervers	off 1.0		__DUMMY__ 0.9258151813689961 off 0.039256511525460495 neg 0.03492830710554336	false	1.0
wackelig	neg 1.0		__DUMMY__ 0.9370531943043794 neg 0.03643101678904864 off 0.02651578890657198	false	1.0
verwickeln	neg 1.0		__DUMMY__ 0.9300677372426663 neg 0.03991008733614084 off 0.030022175421192895	false	1.0
vorwand	neg 1.0		__DUMMY__ 0.9317269956506916 neg 0.04284969967902492 off 0.0254233046702835	false	1.0
muschi	off 1.0		__DUMMY__ 0.9296448102331031 neg 0.04109606047369116 off 0.02925912929320577	false	0.5
entmutigung	neg 1.0		__DUMMY__ 0.9212437590307799 neg 0.04726714227252461 off 0.031489098696695535	false	1.0
unangemessen	neg 1.0		__DUMMY__ 0.9287211180359655 neg 0.04366915850754905 off 0.02760972345648546	false	1.0
unstetig	neg 1.0		__DUMMY__ 0.9290080209421819 neg 0.03987658169075352 off 0.03111539736706445	false	1.0
entmutigen	neg 1.0		__DUMMY__ 0.9321050728211657 neg 0.03855613940084225 off 0.029338787777992134	false	1.0
schwanz	neg 1.0		__DUMMY__ 0.9323833312226946 neg 0.04021211455246753 off 0.027404554224837882	false	1.0
verbot	neg 1.0		__DUMMY__ 0.9278548747366233 neg 0.0437685209655162 off 0.028376604297860406	false	1.0
leid	neg 1.0		__DUMMY__ 0.9284034744659312 neg 0.036307219019146054 off 0.03528930651492273	false	1.0
archaisch	neg 1.0		__DUMMY__ 0.9291760454684371 neg 0.04301111672735438 off 0.027812837804208537	false	1.0
gegen			__DUMMY__ 0.9309285252039128 neg 0.043127723391587255 off 0.025943751404499962	false	0.0
scheidung	neg 1.0	neg 1.0	neg 0.4969647923834607 __DUMMY__ 0.46240400800583087 off 0.04063119961070839	false	1.0
einschlag	neg 1.0		__DUMMY__ 0.9286554368610697 neg 0.036263280801547504 off 0.0350812823373828	false	1.0
m			__DUMMY__ 0.9334937897982534 neg 0.03884150901300986 off 0.02766470118873673	false	0.0
abgestanden	neg 1.0		__DUMMY__ 0.9337115051749235 neg 0.038475943002192155 off 0.02781255182288434	false	1.0
schmierig	off 1.0		__DUMMY__ 0.9298358690152586 neg 0.03566998068708432 off 0.03449415029765705	false	0.5
unpraktisch	neg 1.0		__DUMMY__ 0.934220995358898 neg 0.036803218948101284 off 0.0289757856930007	false	1.0
wixxer	off 1.0		__DUMMY__ 0.9240328225112773 off 0.03946214551739284 neg 0.036505031971329906	false	1.0
bezeichnet			__DUMMY__ 0.929456906024973 neg 0.042007400617230524 off 0.02853569335779641	false	0.0
jammerlappen	off 1.0		__DUMMY__ 0.9302912279326947 neg 0.038090211250187 off 0.03161856081711831	false	0.5
farce	neg 1.0		__DUMMY__ 0.9240975181907283 neg 0.0470949169602516 off 0.02880756484902013	false	1.0
zwecklos	neg 1.0		__DUMMY__ 0.9298316717569133 neg 0.042866341154665914 off 0.027301987088420777	false	1.0
turbulent	neg 1.0		__DUMMY__ 0.9282247680243125 neg 0.03769676580287815 off 0.03407846617280937	false	1.0
invasion	neg 1.0		__DUMMY__ 0.9323301784571043 neg 0.03697378690762077 off 0.030696034635274982	false	1.0
schuld	neg 1.0		__DUMMY__ 0.9304888154942621 neg 0.0401414640251507 off 0.02936972048058726	false	1.0
risiko	neg 1.0		__DUMMY__ 0.934214920271831 neg 0.03504242222096209 off 0.030742657507206964	false	1.0
finster	neg 1.0		__DUMMY__ 0.9342488262642998 neg 0.03761051075191623 off 0.028140662983783937	false	1.0
geisteskrank	off 1.0		__DUMMY__ 0.9264534960733775 neg 0.04052321049120413 off 0.033023293435418405	false	0.5
zusammenbrechen	neg 1.0		__DUMMY__ 0.9331056723555193 neg 0.03915299302385047 off 0.02774133462063028	false	1.0
ausbeute	neg 1.0		__DUMMY__ 0.9355453778489614 neg 0.03809818849121008 off 0.02635643365982854	false	1.0
hinterhalt	neg 1.0		__DUMMY__ 0.9316033950997065 neg 0.039065267081580785 off 0.029331337818712826	false	1.0
kritik	neg 1.0		__DUMMY__ 0.9254990890465343 neg 0.045760348183094844 off 0.028740562770370917	false	1.0
einschrumpfen	neg 1.0		__DUMMY__ 0.9262766291300976 neg 0.04208988881971709 off 0.031633482050185326	false	1.0
riskant	neg 1.0		__DUMMY__ 0.9325497949942224 neg 0.04109519397099989 off 0.026355011034777668	false	1.0
frustrieren	neg 1.0		__DUMMY__ 0.9314502220020769 neg 0.042189416881359305 off 0.026360361116563744	false	1.0
groll	neg 1.0		__DUMMY__ 0.9303495845387368 neg 0.04222668177491962 off 0.02742373368634358	false	1.0
gibt			__DUMMY__ 0.9313283968583091 neg 0.04103947616219591 off 0.027632126979494978	false	0.0
qualvoll	neg 1.0		__DUMMY__ 0.932408082258708 neg 0.03764996806868313 off 0.029941949672608933	false	1.0
wackeln	neg 1.0		__DUMMY__ 0.9352922449095517 neg 0.03590909840135896 off 0.028798656689089357	false	1.0
klagen	neg 1.0		__DUMMY__ 0.9314146297880561 neg 0.04316056532278801 off 0.025424804889155786	false	1.0
bankrott	neg 1.0		__DUMMY__ 0.9318333019021363 neg 0.0366201983351095 off 0.031546499762754185	false	1.0
trauern	neg 1.0		__DUMMY__ 0.9329823431529232 neg 0.04057247697486851 off 0.026445179872208308	false	1.0
ablehnung	neg 1.0	neg 1.0	neg 0.5109961105578126 __DUMMY__ 0.46297117212509786 off 0.02603271731708955	false	1.0
stur	neg 1.0		__DUMMY__ 0.9308542745421059 neg 0.03955617824525534 off 0.02958954721263874	false	1.0
aufruhr	neg 1.0		__DUMMY__ 0.9271246136608593 neg 0.0432719456797436 off 0.029603440659397014	false	1.0
melancholie	neg 1.0		__DUMMY__ 0.9353569349080364 neg 0.0380557988055296 off 0.026587266286434003	false	1.0
ist			__DUMMY__ 0.9301916977355 neg 0.04015467163620873 off 0.02965363062829113	false	0.0
torheit	neg 1.0		__DUMMY__ 0.9249743964744237 neg 0.04481533112632087 off 0.030210272399255486	false	1.0
dreckskind	off 1.0		__DUMMY__ 0.9234081102063985 neg 0.04047688263340613 off 0.03611500716019542	false	0.5
umtauschen	neg 1.0		__DUMMY__ 0.9337345076885086 neg 0.03845744989744563 off 0.027808042414045706	false	1.0
zum			__DUMMY__ 0.9397421714877654 neg 0.037082815175105824 off 0.023175013337128767	false	0.0
zersetzen	neg 1.0		__DUMMY__ 0.931329596373427 neg 0.042803963396784515 off 0.025866440229788405	false	1.0
zur			__DUMMY__ 0.9341111292347993 neg 0.04222845672556986 off 0.023660414039630838	false	0.0
frust	neg 1.0		__DUMMY__ 0.9323856178741528 neg 0.03993892657468813 off 0.02767545555115916	false	1.0
unerbittlichkeit	neg 1.0		__DUMMY__ 0.9305111491403973 neg 0.04297846677264877 off 0.026510384086953862	false	1.0
zwei			__DUMMY__ 0.9372074506861362 neg 0.03839854036882256 off 0.024394008945041148	false	0.0
unkorrekt	neg 1.0		__DUMMY__ 0.9265149673834994 neg 0.04037295754819232 off 0.03311207506830831	false	1.0
hexe	off 1.0		__DUMMY__ 0.9310394849368854 neg 0.03738926330302146 off 0.0315712517600931	false	0.5
lasch	neg 1.0		__DUMMY__ 0.9284660900521148 neg 0.04049524810916676 off 0.03103866183871848	false	1.0
rivale	neg 1.0		__DUMMY__ 0.9274125341245035 neg 0.03794541887339327 off 0.03464204700210325	false	1.0
mutlos	off 1.0	off 1.0	off 0.494760252453481 __DUMMY__ 0.46519097654993735 neg 0.040048770996581606	false	1.0
wirr	off 1.0		__DUMMY__ 0.9265038800937163 neg 0.039506836077177754 off 0.033989283829105994	false	0.5
jahr			__DUMMY__ 0.9356738330086578 neg 0.03845458101992749 off 0.025871585971414743	false	0.0
wird			__DUMMY__ 0.9320075171905274 neg 0.041355539674336826 off 0.026636943135135663	false	0.0
strafbar	neg 1.0		__DUMMY__ 0.929070923679839 neg 0.0440693675263344 off 0.026859708793826587	false	1.0
erosion	neg 1.0		__DUMMY__ 0.9334124537441411 neg 0.03704032133045243 off 0.029547224925406634	false	1.0
eingehen	neg 1.0		__DUMMY__ 0.930362573446541 neg 0.04252600547935815 off 0.027111421074100764	false	1.0
faul	off 1.0		__DUMMY__ 0.9336968486698703 neg 0.03541192449030033 off 0.03089122683982924	false	0.5
provisorium	neg 1.0		__DUMMY__ 0.9376214723140229 neg 0.04137270678177436 off 0.021005820904202725	false	1.0
schmerzen	neg 1.0		__DUMMY__ 0.9334811089994997 neg 0.039201004898638384 off 0.027317886101861963	false	1.0
schrumpfen	neg 1.0		__DUMMY__ 0.9351024492072744 neg 0.041537436428238476 off 0.023360114364487244	false	1.0
geistlos	off 1.0		__DUMMY__ 0.9239625953059659 neg 0.04475967967026931 off 0.03127772502376474	false	0.5
fehlkauf	neg 1.0		__DUMMY__ 0.9297298896134051 neg 0.03952591622097258 off 0.030744194165622404	false	1.0
frustrierend	neg 1.0	neg 1.0	neg 0.5047138299643457 __DUMMY__ 0.4671879838463899 off 0.02809818618926447	false	1.0
unzufrieden	neg 1.0		__DUMMY__ 0.9310465951794954 neg 0.04167232864331704 off 0.027281076177187568	false	1.0
verzweifeln	neg 1.0		__DUMMY__ 0.9322006725285344 neg 0.03953274577785416 off 0.02826658169361144	false	1.0
verzweifelt	neg 1.0		__DUMMY__ 0.9308690418490385 neg 0.03965146867836647 off 0.029479489472594957	false	1.0
misstrauensantrag	neg 1.0		__DUMMY__ 0.9282872870856324 neg 0.041101875566016785 off 0.030610837348350878	false	1.0
abfallen	neg 1.0		__DUMMY__ 0.9357672183687338 neg 0.035616824670337416 off 0.02861595696092879	false	1.0
fucker	off 1.0		__DUMMY__ 0.9278395615284915 neg 0.038057369857851 off 0.03410306861365757	false	0.5
ungezogen	neg 1.0		__DUMMY__ 0.9278293636635949 off 0.03744910813661487 neg 0.03472152819979015	false	0.5
irrsinnig	neg 1.0	neg 1.0	neg 0.507656545853955 __DUMMY__ 0.46569444552301476 off 0.02664900862303015	false	1.0
unfassbar	neg 1.0		__DUMMY__ 0.9299572471654183 neg 0.038150101230870564 off 0.03189265160371107	false	1.0
hart	neg 1.0		__DUMMY__ 0.9289374042947038 neg 0.03927952267778922 off 0.031783073027506936	false	1.0
widerlich	off 1.0		__DUMMY__ 0.9284891511360048 neg 0.038929025642304584 off 0.032581823221690585	false	0.5
fatal	neg 1.0		__DUMMY__ 0.9299559106700153 neg 0.039338680152016685 off 0.030705409177968112	false	1.0
bruch	neg 1.0		__DUMMY__ 0.9296574732948135 neg 0.04509709905181005 off 0.025245427653376472	false	1.0
aushungern	neg 1.0		__DUMMY__ 0.9273864057902342 neg 0.042898862250392786 off 0.02971473195937301	false	1.0
anspannung	neg 1.0		__DUMMY__ 0.9355482137351211 neg 0.04032160319013856 off 0.024130183074740377	false	1.0
von			__DUMMY__ 0.9360940063337243 neg 0.03861059301217374 off 0.025295400654101918	false	0.0
kraftlos	neg 1.0		__DUMMY__ 0.9358212998907479 neg 0.03763972075328131 off 0.026538979355970757	false	1.0
vom			__DUMMY__ 0.9388977037968641 neg 0.03946412204820353 off 0.021638174154932428	false	0.0
grenzdebil	off 1.0		__DUMMY__ 0.9309777533855049 neg 0.03650067671843713 off 0.032521569896057936	false	0.5
vor			__DUMMY__ 0.9346570353843507 neg 0.04046484951148733 off 0.024878115104161918	false	0.0
unterwerfen	neg 1.0		__DUMMY__ 0.9307279558659151 neg 0.04242443108794185 off 0.026847613046143037	false	1.0
versenkung	neg 1.0		__DUMMY__ 0.93178692067287 neg 0.04167095145125721 off 0.026542127875872835	false	1.0
entziehen	neg 1.0		__DUMMY__ 0.9319077981539126 neg 0.04302485733432323 off 0.02506734451176428	false	1.0
finanzkrise	neg 1.0		__DUMMY__ 0.9266197098361433 neg 0.04432036829233356 off 0.029059921871523123	false	1.0
schimpfend	neg 1.0		__DUMMY__ 0.9370054780375447 neg 0.034076457234836516 off 0.028918064727618834	false	1.0
profan	neg 1.0		__DUMMY__ 0.9308184334280427 neg 0.039204968793322116 off 0.029976597778635164	false	1.0
korruption	neg 1.0		__DUMMY__ 0.9272515776309957 neg 0.044719612594684405 off 0.028028809774319915	false	1.0
â			__DUMMY__ 0.9333686214206336 neg 0.039560498878212176 off 0.02707087970115418	false	0.0
schmutzig	neg 1.0		__DUMMY__ 0.933261291738041 neg 0.03473561436252218 off 0.03200309389943689	false	1.0
sexy	neg 1.0		__DUMMY__ 0.930993850895849 neg 0.03755784137939517 off 0.03144830772475585	false	1.0
abraten	neg 1.0		__DUMMY__ 0.9328744172799504 neg 0.037864725788155404 off 0.029260856931894202	false	1.0
schwarz	neg 1.0		__DUMMY__ 0.9304013465360124 neg 0.039537076038122496 off 0.030061577425865058	false	1.0
fotze	off 1.0		__DUMMY__ 0.9303686967077706 neg 0.04166106142328766 off 0.027970241868941866	false	0.5
verwirren	neg 1.0		__DUMMY__ 0.9308935862756466 neg 0.038509453989642985 off 0.030596959734710476	false	1.0
zahnlos	off 1.0		__DUMMY__ 0.9297976145712769 neg 0.04261443536255532 off 0.027587950066167814	false	0.5
verheeren	neg 1.0		__DUMMY__ 0.9238633228207243 off 0.03934636530743092 neg 0.03679031187184475	false	0.5
hippie	neg 1.0		__DUMMY__ 0.93053854981236 neg 0.03807146307548165 off 0.03138998711215836	false	1.0
rammen	neg 1.0		__DUMMY__ 0.9321833576093557 neg 0.03769053743590116 off 0.030126104954743074	false	1.0
unlauter	neg 1.0	neg 1.0	neg 0.5069887641439583 __DUMMY__ 0.4651351955957055 off 0.027876040260336157	false	1.0
unheilvoll	neg 1.0		__DUMMY__ 0.9328312715588088 neg 0.03763519862403545 off 0.029533529817155676	false	1.0
niedrig	neg 1.0		__DUMMY__ 0.9313837374909472 neg 0.04170932114546722 off 0.0269069413635856	false	1.0
explosion	neg 1.0		__DUMMY__ 0.9319820597574769 neg 0.03715175481403103 off 0.030866185428491975	false	1.0
weichei	off 1.0		__DUMMY__ 0.9277178231492443 neg 0.03655660899063582 off 0.03572556786011987	false	0.5
minusmensch	off 1.0		__DUMMY__ 0.9223453246536104 off 0.03943524799717196 neg 0.0382194273492176	false	1.0
farblos	neg 1.0		__DUMMY__ 0.9313423275517995 neg 0.03972814105336579 off 0.028929531394834642	false	1.0
unwissend	neg 1.0	neg 1.0	neg 0.5059136968534609 __DUMMY__ 0.4649836339660524 off 0.029102669180486745	false	1.0
traurig	neg 1.0		__DUMMY__ 0.9304222607421013 neg 0.03598960509425799 off 0.033588134163640766	false	1.0
senkung	neg 1.0		__DUMMY__ 0.9296666019217047 neg 0.03958225476816982 off 0.03075114331012553	false	1.0
ungleich	neg 1.0	neg 1.0	neg 0.5098550446578598 __DUMMY__ 0.46585842405455025 off 0.024286531287589896	false	1.0
heikel	neg 1.0		__DUMMY__ 0.9318827755954692 neg 0.042368072739923796 off 0.02574915166460695	false	1.0
drosselung	neg 1.0		__DUMMY__ 0.9314861805325385 neg 0.034881067392799774 off 0.03363275207466162	false	1.0
falsch	neg 1.0		__DUMMY__ 0.9303539983159814 neg 0.038456608251326074 off 0.031189393432692492	false	1.0
unzufriedenheit	neg 1.0		__DUMMY__ 0.9313659948465944 neg 0.04285128238075256 off 0.025782722772653036	false	1.0
kurz	neg 1.0		__DUMMY__ 0.9351287508246687 neg 0.037652912769692334 off 0.02721833640563892	false	1.0
unsinnig	neg 1.0		__DUMMY__ 0.9307640676874172 neg 0.041694681000285436 off 0.027541251312297378	false	1.0
penner	off 1.0	off 1.0	off 0.5036816132767847 __DUMMY__ 0.46420614955084405 neg 0.03211223717237124	false	1.0
seicht	neg 1.0		__DUMMY__ 0.9244149726912874 off 0.037794324250395805 neg 0.03779070305831687	false	0.5
dummheit	off 1.0	off 1.0	off 0.4978707493769605 __DUMMY__ 0.4646416045627607 neg 0.03748764606027873	false	1.0
unerfreulich	neg 1.0		__DUMMY__ 0.9327346800020068 neg 0.04203489169743909 off 0.025230428300554195	false	1.0
motherfucker	off 1.0	off 1.0	off 0.5011302518135851 __DUMMY__ 0.4642928485806199 neg 0.034576899605795054	false	1.0
pikiert	neg 1.0		__DUMMY__ 0.9290247718489321 neg 0.0392522742349525 off 0.03172295391611541	false	1.0
wrack	neg 1.0		__DUMMY__ 0.9346578444725578 neg 0.03837488298627837 off 0.026967272541163823	false	1.0
gangster	neg 1.0		__DUMMY__ 0.9306278731061832 neg 0.038596263458349996 off 0.03077586343546667	false	1.0
krank	neg 1.0		__DUMMY__ 0.932487662222563 neg 0.03536509056019815 off 0.032147247217238856	false	1.0
reich	neg 1.0		__DUMMY__ 0.9227972593000023 neg 0.044476820206195665 off 0.032725920493802046	false	1.0
gnadenlos	neg 1.0		__DUMMY__ 0.930975992477722 neg 0.03956146926662621 off 0.029462538255651847	false	1.0
niedergeschlagen	neg 1.0		__DUMMY__ 0.9327068355160937 neg 0.03969748202945363 off 0.027595682454452694	false	1.0
terrorisieren	off 1.0	off 1.0	off 0.4943300552621789 __DUMMY__ 0.46846357144654355 neg 0.0372063732912776	false	1.0
sinnlosigkeit	neg 1.0		__DUMMY__ 0.9299981867278935 neg 0.042465946143302374 off 0.027535867128804126	false	1.0
behindern	neg 1.0		__DUMMY__ 0.933608643762044 neg 0.03800351557275481 off 0.028387840665201138	false	1.0
undemokratisch	neg 1.0		__DUMMY__ 0.9260440404870285 neg 0.043555521286502676 off 0.030400438226468752	false	1.0
wirtschaftskrise	neg 1.0		__DUMMY__ 0.928729205809568 neg 0.04345372744829888 off 0.027817066742133138	false	1.0
neid	neg 1.0		__DUMMY__ 0.933027473236941 neg 0.03643489202121109 off 0.030537634741847928	false	1.0
rutschen	neg 1.0		__DUMMY__ 0.939968685007243 neg 0.03687564427220472 off 0.023155670720552274	false	1.0
rezession	neg 1.0		__DUMMY__ 0.9243434462183482 neg 0.040259492726549655 off 0.03539706105510214	false	1.0
fehlgeburt	neg 1.0		__DUMMY__ 0.9314099784899291 neg 0.03980913732918492 off 0.028780884180886004	false	1.0
charakterschwach	off 1.0		__DUMMY__ 0.9288665093269852 neg 0.03857616456537 off 0.032557326107644766	false	0.5
isolation	neg 1.0		__DUMMY__ 0.9309106708938049 neg 0.0370778517531376 off 0.032011477353057524	false	1.0
ablenkung	neg 1.0		__DUMMY__ 0.9328944686922886 neg 0.03834536002257344 off 0.028760171285137918	false	1.0
pech	neg 1.0		__DUMMY__ 0.9312421830249219 neg 0.0386449895872163 off 0.030112827387861783	false	1.0
vermeidung	neg 1.0		__DUMMY__ 0.9317574895707388 neg 0.03542041545189017 off 0.032822094977371034	false	1.0
dominieren	neg 1.0		__DUMMY__ 0.9314881303852299 neg 0.04049373034872454 off 0.028018139266045523	false	1.0
schwindlig	neg 1.0		__DUMMY__ 0.9340782184518414 neg 0.036123791950061324 off 0.029797989598097263	false	1.0
lutscher	neg 1.0		__DUMMY__ 0.9250015838945256 off 0.037962118236747625 neg 0.037036297868726836	false	0.5
pflicht	neg 1.0		__DUMMY__ 0.9313665426477821 neg 0.042797223178916176 off 0.025836234173301765	false	1.0
faschist	off 1.0		__DUMMY__ 0.925665553111217 neg 0.04332857661275024 off 0.031005870276032774	false	0.5
verschleudern	neg 1.0		__DUMMY__ 0.9291172458413858 neg 0.043490140767402596 off 0.027392613391211688	false	1.0
wenn			__DUMMY__ 0.9306891807497409 neg 0.0381292394000692 off 0.03118157985018986	false	0.0
ehebruch	neg 1.0		__DUMMY__ 0.9297545614266566 neg 0.04303591080595783 off 0.027209527767385583	false	1.0
spott	off 1.0		__DUMMY__ 0.9299287012373019 neg 0.04328218126782189 off 0.02678911749487628	false	0.5
trostlosigkeit	neg 1.0		__DUMMY__ 0.9276892126392132 neg 0.046240415087149635 off 0.026070372273637104	false	1.0
lutschen	neg 1.0		__DUMMY__ 0.9286099393829688 neg 0.039524410076894424 off 0.03186565054013686	false	1.0
undiszipliniert	neg 1.0		__DUMMY__ 0.9298692733995618 neg 0.03695441855819942 off 0.03317630804223883	false	1.0
kopfschmerz	neg 1.0		__DUMMY__ 0.9317855137819415 neg 0.040311560811974456 off 0.027902925406083984	false	1.0
unvorhergesehen	neg 1.0		__DUMMY__ 0.9360326369464211 neg 0.037078776584333416 off 0.026888586469245485	false	1.0
desinteressiert	neg 1.0		__DUMMY__ 0.9283843894042801 neg 0.03842023172441549 off 0.03319537887130445	false	1.0
armselig	off 1.0		__DUMMY__ 0.9273602475462313 neg 0.03862281118570498 off 0.03401694126806377	false	0.5
desaster	neg 1.0		__DUMMY__ 0.9300526928161006 neg 0.04490895011014972 off 0.025038357073749698	false	1.0
tod	neg 1.0		__DUMMY__ 0.9285221009134292 neg 0.044861008694373504 off 0.026616890392197258	false	1.0
herzlos	neg 1.0		__DUMMY__ 0.9299679068241463 neg 0.03589545831314709 off 0.03413663486270652	false	1.0
unwissenheit	neg 1.0		__DUMMY__ 0.9291253862570611 neg 0.04328342886605749 off 0.027591184876881374	false	1.0
widersinnig	neg 1.0		__DUMMY__ 0.9263129690915957 neg 0.044986819309273826 off 0.028700211599130505	false	1.0
bedenklich	neg 1.0		__DUMMY__ 0.9313970672398181 neg 0.04216503387707764 off 0.026437898883104185	false	1.0
beanstanden	neg 1.0		__DUMMY__ 0.9319749475845359 neg 0.04252901672328893 off 0.025496035692175244	false	1.0
panisch	neg 1.0	neg 1.0	neg 0.5016178241906687 __DUMMY__ 0.471690245054596 off 0.026691930754735266	false	1.0
debil	off 1.0		__DUMMY__ 0.9332940201086026 neg 0.04345221683185591 off 0.023253763059541455	false	0.5
abstrich	neg 1.0		__DUMMY__ 0.9360295355634296 neg 0.03628472307503775 off 0.027685741361532547	false	1.0
primitiv	neg 1.0		__DUMMY__ 0.9282525760655972 neg 0.03875259147727627 off 0.03299483245712659	false	1.0
abschaum	off 1.0	off 1.0	off 0.49940592173981924 __DUMMY__ 0.4640044493632588 neg 0.03658962889692198	false	1.0
provozieren	neg 1.0		__DUMMY__ 0.9292657567777272 neg 0.04156689963862492 off 0.029167343583647868	false	1.0
tot	neg 1.0		__DUMMY__ 0.9304332638825835 neg 0.041795161595485894 off 0.027771574521930662	false	1.0
instabil	neg 1.0		__DUMMY__ 0.9253677087000645 neg 0.03988381893323736 off 0.03474847236669819	false	1.0
schwuchtel	off 1.0		__DUMMY__ 0.9213571191262778 off 0.0418860226067565 neg 0.03675685826696571	false	1.0
zerren	neg 1.0		__DUMMY__ 0.9329018192003661 neg 0.039439781062503516 off 0.027658399737130482	false	1.0
kinderficker	off 1.0		__DUMMY__ 0.9265129067084378 neg 0.03793440109413502 off 0.03555269219742719	false	0.5
gefahr	neg 1.0		__DUMMY__ 0.930253562042836 neg 0.0427048397328545 off 0.02704159822430937	false	1.0
rabiat	neg 1.0		__DUMMY__ 0.9311620794903592 neg 0.03999123070936924 off 0.02884668980027149	false	1.0
verlangsamung	neg 1.0		__DUMMY__ 0.9242197943144604 neg 0.03824852070905575 off 0.03753168497648384	false	1.0
ausgestorben	neg 1.0		__DUMMY__ 0.9324944069690385 neg 0.039800784279697715 off 0.027704808751263705	false	1.0
anklagen	neg 1.0		__DUMMY__ 0.929221289762619 neg 0.04195403047624656 off 0.028824679761134515	false	1.0
trott	neg 1.0		__DUMMY__ 0.9325526930236586 neg 0.03887498810888995 off 0.028572318867451457	false	1.0
verminderung	neg 1.0		__DUMMY__ 0.9296026094497818 neg 0.03687158649305879 off 0.0335258040571594	false	1.0
nach			__DUMMY__ 0.9375678524926062 neg 0.039122660955410136 off 0.02330948655198361	false	0.0
rost	neg 1.0		__DUMMY__ 0.9270143959146547 off 0.037439678268593644 neg 0.03554592581675168	false	0.5
destruktiv	neg 1.0		__DUMMY__ 0.9285873204221483 neg 0.04293038781007532 off 0.028482291767776318	false	1.0
unzumutbarkeit	neg 1.0		__DUMMY__ 0.931312305580163 neg 0.03569299848836753 off 0.03299469593146945	false	1.0
labil	off 1.0	off 1.0	off 0.4999943863597769 __DUMMY__ 0.4645443522468314 neg 0.0354612613933918	false	1.0
ziemlich	neg 1.0		__DUMMY__ 0.9304624385001807 neg 0.03730586249550439 off 0.032231699004314864	false	1.0
lachnummer	off 1.0		__DUMMY__ 0.9288036184296731 neg 0.042592489306055636 off 0.02860389226427131	false	0.5
oder			__DUMMY__ 0.9334701970122318 neg 0.03820727869972429 off 0.028322524288043893	false	0.0
verfall	neg 1.0		__DUMMY__ 0.9333810096777686 neg 0.04317054005930939 off 0.023448450262922034	false	1.0
ausgrenzung	neg 1.0		__DUMMY__ 0.9261554663248024 neg 0.04304054629826972 off 0.03080398737692792	false	1.0
unordnung	neg 1.0		__DUMMY__ 0.9271735037722884 neg 0.037917169073119567 off 0.03490932715459214	false	1.0
fehlverhalten	neg 1.0		__DUMMY__ 0.9301134775981503 neg 0.04321157626817239 off 0.026674946133677272	false	1.0
eine			__DUMMY__ 0.9337301506224 neg 0.041210591819156574 off 0.025059257558443564	false	0.0
nille	neg 1.0		__DUMMY__ 0.9286821590039885 neg 0.0420876963517669 off 0.029230144644244525	false	1.0
qual	neg 1.0		__DUMMY__ 0.9322920354509294 neg 0.03912598506499314 off 0.028581979484077445	false	1.0
verschwenden	neg 1.0		__DUMMY__ 0.9317458197034486 neg 0.041877613034682286 off 0.026376567261869113	false	1.0
riesig	neg 1.0		__DUMMY__ 0.9325487454031269 neg 0.039530382297683915 off 0.02792087229918926	false	1.0
verurteilen	neg 1.0		__DUMMY__ 0.9288677002653953 neg 0.043295170892752005 off 0.02783712884185266	false	1.0
klischee	neg 1.0	neg 1.0	neg 0.5075871534346884 __DUMMY__ 0.4640629493510243 off 0.02834989721428725	false	1.0
diktatorisch	neg 1.0		__DUMMY__ 0.92441536808168 neg 0.04511023266162209 off 0.030474399256697864	false	1.0
vorhersehbar	neg 1.0		__DUMMY__ 0.9276042540046051 neg 0.04202985765170902 off 0.030365888343685876	false	1.0
sowie			__DUMMY__ 0.9248587653065531 neg 0.03862112543181032 off 0.036520109261636645	false	0.0
stornieren	neg 1.0		__DUMMY__ 0.9335582772379655 neg 0.03627418863957345 off 0.03016753412246111	false	1.0
besteuerung	neg 1.0		__DUMMY__ 0.9296183657860162 neg 0.04081428908910659 off 0.02956734512487723	false	1.0
ungeschminkt	neg 1.0		__DUMMY__ 0.9295644076021272 neg 0.03820002903991341 off 0.03223556335795944	false	1.0
kritisch	neg 1.0		__DUMMY__ 0.9298519616575303 neg 0.0433273905407442 off 0.02682064780172556	false	1.0
schlamperei	off 1.0		__DUMMY__ 0.9301485678560621 neg 0.042618592833967926 off 0.027232839309969892	false	0.5
sucht	neg 1.0	neg 1.0	neg 0.5001206194398332 __DUMMY__ 0.47273608783816734 off 0.027143292721999366	false	1.0
egoistisch	off 1.0		__DUMMY__ 0.9280575173437536 neg 0.03613763997046426 off 0.035804842685782066	false	0.5
ausbeuter	off 1.0		__DUMMY__ 0.9291989606097788 neg 0.044331972650265936 off 0.026469066739955232	false	0.5
arschgeburt	off 1.0		__DUMMY__ 0.9214076552528103 off 0.041883017540680675 neg 0.03670932720650902	false	1.0
schubs	neg 1.0	neg 1.0	neg 0.5047077968069604 __DUMMY__ 0.4713739202541511 off 0.02391828293888844	false	1.0
unsolide	neg 1.0		__DUMMY__ 0.9224429930035156 neg 0.04476705017966243 off 0.03278995681682195	false	1.0
beschwerde	neg 1.0		__DUMMY__ 0.930160305298383 neg 0.04216044018758044 off 0.027679254514036595	false	1.0
stocken	neg 1.0		__DUMMY__ 0.9324995263766483 neg 0.040379520941658816 off 0.02712095268169286	false	1.0
isolieren	neg 1.0		__DUMMY__ 0.9342328879466314 neg 0.037449455710650476 off 0.028317656342718156	false	1.0
unheilbar	neg 1.0		__DUMMY__ 0.9301731235687474 neg 0.0404293583931087 off 0.02939751803814388	false	1.0
pisser	off 1.0		__DUMMY__ 0.9268716671445826 neg 0.0385151566128255 off 0.03461317624259192	false	0.5
löschen	neg 1.0		__DUMMY__ 0.9306375784455506 neg 0.03975551310123466 off 0.029606908453214672	false	1.0
durchfallen	neg 1.0		__DUMMY__ 0.9316605758633804 neg 0.04157544176872945 off 0.026763982367890113	false	1.0
wichser	off 1.0		__DUMMY__ 0.925562191150201 off 0.038894043292964475 neg 0.03554376555683446	false	1.0
terror	neg 1.0		__DUMMY__ 0.932744191480895 neg 0.03632217154951403 off 0.030933636969590943	false	1.0
krass	neg 1.0		__DUMMY__ 0.9290790334379534 neg 0.03687095673474287 off 0.03405000982730367	false	1.0
revolte	neg 1.0	neg 1.0	neg 0.510676393583749 __DUMMY__ 0.46041557473198685 off 0.028908031684264056	false	1.0
besorgt	neg 1.0		__DUMMY__ 0.9363082569794821 neg 0.03627644350117886 off 0.027415299519339194	false	1.0
nachlassen	neg 1.0		__DUMMY__ 0.933326055433954 neg 0.039446916847179034 off 0.027227027718867026	false	1.0
alt	neg 1.0		__DUMMY__ 0.936456528819097 neg 0.0382803039113983 off 0.025263167269504627	false	1.0
hundesohn	off 1.0		__DUMMY__ 0.9235438453705246 off 0.03879498975341472 neg 0.03766116487606072	false	1.0
als			__DUMMY__ 0.9332796506345399 neg 0.03960504541884602 off 0.027115303946614183	false	0.0
abschreckung	neg 1.0		__DUMMY__ 0.9311508250494301 neg 0.04308451750092594 off 0.02576465744964392	false	1.0
unqualifiziert	neg 1.0		__DUMMY__ 0.9286629504221061 neg 0.040749636673697125 off 0.030587412904196767	false	1.0
abgewichst	off 1.0		__DUMMY__ 0.9306831628920126 neg 0.04103245951311402 off 0.028284377594873383	false	0.5
schwer	neg 1.0		__DUMMY__ 0.9322318929033776 neg 0.03942589903674965 off 0.028342208059872732	false	1.0
bedeutungslosigkeit	neg 1.0		__DUMMY__ 0.9301609691875593 neg 0.04361969534369021 off 0.026219335468750455	false	1.0
kapitulation	neg 1.0		__DUMMY__ 0.9260717720295613 neg 0.046077845502360035 off 0.02785038246807866	false	1.0
unscharf	neg 1.0		__DUMMY__ 0.9310755467019833 neg 0.0388488120991439 off 0.030075641198872762	false	1.0
schwinden	neg 1.0		__DUMMY__ 0.9321972271829648 neg 0.04162188767624839 off 0.026180885140786835	false	1.0
versklavung	neg 1.0	neg 1.0	neg 0.5100357568184456 __DUMMY__ 0.46250401172778355 off 0.027460231453770946	false	1.0
schlecht	neg 1.0		__DUMMY__ 0.9309135728096526 neg 0.0365852621491356 off 0.03250116504121188	false	1.0
verhasst	neg 1.0		__DUMMY__ 0.928664044385252 neg 0.04210109838323247 off 0.02923485723151562	false	1.0
beschweren	neg 1.0		__DUMMY__ 0.9316673613242431 neg 0.03860181304653112 off 0.029730825629225795	false	1.0
scheiden	neg 1.0		__DUMMY__ 0.9322127444267351 neg 0.03989518877569761 off 0.02789206679756727	false	1.0
frustriert	neg 1.0		__DUMMY__ 0.9316523813681419 neg 0.040513027491268096 off 0.027834591140590087	false	1.0
schimmelig	neg 1.0		__DUMMY__ 0.9318250496098115 neg 0.042189926873974645 off 0.025985023516213786	false	1.0
fisch	neg 1.0	neg 1.0	neg 0.5041933259407038 __DUMMY__ 0.4719261261044644 off 0.02388054795483186	false	1.0
schmuggel	neg 1.0		__DUMMY__ 0.9351314717564527 neg 0.03924953498797962 off 0.025618993255567647	false	1.0
auffallen	neg 1.0		__DUMMY__ 0.9311217635589228 neg 0.03884898143881872 off 0.030029255002258382	false	1.0
konkurrenz	neg 1.0		__DUMMY__ 0.9342480556623268 neg 0.040377307737938344 off 0.02537463659973485	false	1.0
teufelskreis	neg 1.0		__DUMMY__ 0.930321289829599 neg 0.04155441713504951 off 0.028124293035351428	false	1.0
aufschreien	neg 1.0		__DUMMY__ 0.9288938020930866 neg 0.040923691942890285 off 0.030182505964023092	false	1.0
schuldner	neg 1.0		__DUMMY__ 0.9296771081338239 neg 0.0435506047956233 off 0.026772287070552826	false	1.0
missgeburt	off 1.0	off 1.0	off 0.50319204108375 __DUMMY__ 0.46270109112691443 neg 0.03410686778933555	false	1.0
arbeitslos	neg 1.0		__DUMMY__ 0.9303721540234082 neg 0.042057822224598806 off 0.0275700237519929	false	1.0
befallen	neg 1.0		__DUMMY__ 0.9270256365561598 neg 0.04519869185770607 off 0.0277756715861342	false	1.0
miesepetrig	off 1.0		__DUMMY__ 0.9316937123152212 neg 0.036449552780373984 off 0.031856734904404806	false	0.5
alarmieren	neg 1.0		__DUMMY__ 0.9279821246367164 neg 0.03961775431889548 off 0.032400121044388136	false	1.0
ungeduscht	off 1.0		__DUMMY__ 0.9313703231553255 neg 0.038573523027047876 off 0.030056153817626642	false	0.5
knappheit	neg 1.0		__DUMMY__ 0.9309599367886752 neg 0.041395295921750876 off 0.0276447672895739	false	1.0
schlange	neg 1.0		__DUMMY__ 0.9332113138536592 neg 0.03747257561797907 off 0.029316110528361722	false	1.0
harsch	neg 1.0		__DUMMY__ 0.9296417403174881 off 0.03629633104034544 neg 0.03406192864216648	false	0.5
lang	neg 1.0		__DUMMY__ 0.9313228669393215 neg 0.03909525163270287 off 0.029581881427975628	false	1.0
ziellos	neg 1.0		__DUMMY__ 0.9323564263422351 neg 0.04072662772614677 off 0.026916945931618058	false	1.0
selbstverliebt	neg 1.0		__DUMMY__ 0.9221263910008314 off 0.039949378859792856 neg 0.037924230139375695	false	0.5
beseitigen	neg 1.0		__DUMMY__ 0.9346139379566043 neg 0.036107945854483674 off 0.029278116188912066	false	1.0
dumm	off 1.0		__DUMMY__ 0.9266832912536376 neg 0.03701038962003527 off 0.036306319126327126	false	0.5
arbeitsloser	neg 1.0		__DUMMY__ 0.9310709704168917 neg 0.041885006372180934 off 0.027044023210927345	false	1.0
blitzen	neg 1.0		__DUMMY__ 0.9297450435052819 neg 0.0389487287007505 off 0.03130622779396764	false	1.0
hilflos	neg 1.0		__DUMMY__ 0.9321285910195859 neg 0.04038856301253592 off 0.027482845967878186	false	1.0
eklig	off 1.0		__DUMMY__ 0.9255584522983822 neg 0.03760955303480054 off 0.03683199466681731	false	0.5
begriff			__DUMMY__ 0.9309516389125949 neg 0.041149306101357315 off 0.027899054986047764	false	0.0
hungersnot	neg 1.0		__DUMMY__ 0.9256184125481829 neg 0.04514951833926537 off 0.029232069112551756	false	1.0
ungesetzlich	neg 1.0		__DUMMY__ 0.9252199262197964 neg 0.04335844888563942 off 0.03142162489456413	false	1.0
verschwendung	neg 1.0		__DUMMY__ 0.9320643940889951 neg 0.04205524090414968 off 0.02588036500685517	false	1.0
schmerzvoll	neg 1.0		__DUMMY__ 0.9315292405077403 neg 0.03881035586291175 off 0.029660403629347947	false	1.0
vorzeitig	neg 1.0		__DUMMY__ 0.9308766252584217 neg 0.03679773710403467 off 0.032325637637543536	false	1.0
unvollkommenheit	neg 1.0		__DUMMY__ 0.9315565090429166 neg 0.03960404438342583 off 0.028839446573657553	false	1.0
intervenieren	neg 1.0		__DUMMY__ 0.928594074157281 neg 0.044645963133089266 off 0.026759962709629822	false	1.0
banause	off 1.0		__DUMMY__ 0.9247307646354294 off 0.03779916671960648 neg 0.03747006864496421	false	1.0
rebell	neg 1.0		__DUMMY__ 0.934375238547834 neg 0.04081164330104741 off 0.02481311815111851	false	1.0
unlogisch	neg 1.0		__DUMMY__ 0.9279278413642432 neg 0.038054092971179454 off 0.03401806566457734	false	1.0
leiden	neg 1.0	neg 1.0	neg 0.5018977192722878 __DUMMY__ 0.4757537743011105 off 0.022348506426601772	false	1.0
abschaffung	neg 1.0		__DUMMY__ 0.928676199845511 neg 0.04160527216738925 off 0.02971852798709976	false	1.0
sturz	neg 1.0		__DUMMY__ 0.9279345011660194 neg 0.04200092279583014 off 0.03006457603815049	false	1.0
verkleinerung	neg 1.0		__DUMMY__ 0.9266327607618547 neg 0.04154967582176022 off 0.03181756341638506	false	1.0
schmarotzer	off 1.0		__DUMMY__ 0.9292623256131924 neg 0.04339639718444386 off 0.027341277202363772	false	0.5
bestrafung	neg 1.0		__DUMMY__ 0.9300293042863305 neg 0.040251686380750204 off 0.029719009332919398	false	1.0
achtlos	neg 1.0		__DUMMY__ 0.9331841717515206 neg 0.03857738179764974 off 0.0282384464508297	false	1.0
