unsolidarisch	neg 1.0		neg 0.5448349396862638 off 0.38663819493664175 __DUMMY__ 0.06852686537709436	false	1.0
nachteilig	neg 1.0		neg 0.5437357168280069 off 0.3867751983978697 __DUMMY__ 0.06948908477412334	false	1.0
skeptisch	neg 1.0		neg 0.5458519510102995 off 0.38442090099590476 __DUMMY__ 0.06972714799379566	false	1.0
schrecklich	neg 1.0		neg 0.5319637418314344 off 0.3988612349179378 __DUMMY__ 0.06917502325062792	false	1.0
schlapp	neg 1.0		neg 0.5343881300199389 off 0.39591414656441554 __DUMMY__ 0.06969772341564567	false	1.0
abfall	neg 1.0		neg 0.5474501798964311 off 0.38274763011471336 __DUMMY__ 0.06980218998885541	false	1.0
widerspenstig	neg 1.0		neg 0.5390934444464953 off 0.3910340773611675 __DUMMY__ 0.06987247819233726	false	1.0
abrupt	neg 1.0		neg 0.5403675054409685 off 0.38967692934085996 __DUMMY__ 0.06995556521817146	false	1.0
unwirksam	neg 1.0		neg 0.5425731424707005 off 0.3885565506819758 __DUMMY__ 0.06887030684732375	false	1.0
angreifen	neg 1.0		neg 0.5453708117389806 off 0.38512293719441576 __DUMMY__ 0.06950625106660357	false	1.0
inkonsistent	neg 1.0		neg 0.5389501769281803 off 0.39179681819900064 __DUMMY__ 0.06925300487281932	false	1.0
abrutschen	neg 1.0		neg 0.5465386090908134 off 0.3835135648670526 __DUMMY__ 0.069947826042134	false	1.0
unsicher	neg 1.0		neg 0.53992881275282 off 0.39038845697104463 __DUMMY__ 0.06968273027613525	false	1.0
bauernkind	off 1.0		neg 0.5308396739617824 off 0.40060629559456523 __DUMMY__ 0.06855403044365233	false	0.5
angreifer	neg 1.0		neg 0.5388338359967623 off 0.39211288223817925 __DUMMY__ 0.06905328176505857	false	1.0
trennen	neg 1.0		neg 0.5425343580083618 off 0.38726400121819265 __DUMMY__ 0.07020164077344561	false	1.0
schmutz	neg 1.0		neg 0.531003347646757 off 0.3988896259812662 __DUMMY__ 0.0701070263719768	false	1.0
inkonsistenz	neg 1.0	neg 1.0	neg 0.7575856597445556 off 0.20932604427482715 __DUMMY__ 0.03308829598061726	false	1.0
erschreckend	neg 1.0		neg 0.54266596130385 off 0.3879024886674148 __DUMMY__ 0.06943155002873526	false	1.0
ertrinken	neg 1.0		neg 0.5425793520539487 off 0.3875034840712608 __DUMMY__ 0.06991716387479054	false	1.0
pickelface	off 1.0		neg 0.5405173836803988 off 0.39022074897055997 __DUMMY__ 0.06926186734904131	false	0.5
seiner			neg 0.5447407870432723 off 0.38558866678507586 __DUMMY__ 0.06967054617165179	false	0.0
lauch	neg 1.0		neg 0.5457334387603039 off 0.3844874327057755 __DUMMY__ 0.0697791285339207	false	1.0
unwichtig	neg 1.0		neg 0.5365051764117014 off 0.39420449587834244 __DUMMY__ 0.06929032770995618	false	1.0
steuerhinterziehung	neg 1.0		neg 0.5441514732978876 off 0.38691858684526775 __DUMMY__ 0.06892993985684463	false	1.0
schock	neg 1.0		neg 0.5402073993538323 off 0.38979530463258755 __DUMMY__ 0.06999729601358019	false	1.0
beule	neg 1.0		neg 0.5330455580521085 off 0.3973231087509771 __DUMMY__ 0.0696313331969145	false	1.0
vergelten	neg 1.0		neg 0.5321002417670219 off 0.39911933305842034 __DUMMY__ 0.06878042517455778	false	1.0
verdorbenheit	neg 1.0		neg 0.536722696304638 off 0.39337434513313024 __DUMMY__ 0.0699029585622317	false	1.0
trauma	neg 1.0		neg 0.5386704127585389 off 0.3918757125844888 __DUMMY__ 0.06945387465697239	false	1.0
sinnlos	neg 1.0		neg 0.5384645211796434 off 0.39207814641156913 __DUMMY__ 0.06945733240878736	false	1.0
fettsack	off 1.0	off 1.0	off 0.6836125441160911 neg 0.28347493655622413 __DUMMY__ 0.032912519327684776	false	1.0
feige	off 1.0		neg 0.538011505610349 off 0.39291244993566476 __DUMMY__ 0.06907604445398613	false	0.5
abdanken	neg 1.0		neg 0.5454822500204372 off 0.38586889027576715 __DUMMY__ 0.06864885970379578	false	1.0
wichtigtuer	off 1.0	off 1.0	off 0.6783953506177612 neg 0.28851462212319334 __DUMMY__ 0.03309002725904536	false	1.0
misslingen	neg 1.0		neg 0.5359663942915799 off 0.3941322417432231 __DUMMY__ 0.06990136396519692	false	1.0
untreu	off 1.0		neg 0.5352625824774575 off 0.39539671053752845 __DUMMY__ 0.06934070698501407	false	0.5
missmutig	neg 1.0		neg 0.5353986857434314 off 0.3949528301960461 __DUMMY__ 0.06964848406052243	false	1.0
hurenbock	off 1.0		neg 0.5360195539742875 off 0.3939922216855982 __DUMMY__ 0.06998822434011431	false	0.5
betrunken	neg 1.0		neg 0.5326066636542534 off 0.3978901899000732 __DUMMY__ 0.06950314644567343	false	1.0
korrupt	off 1.0		neg 0.5463915394293063 off 0.38476810202182976 __DUMMY__ 0.06884035854886389	false	0.5
unmut	neg 1.0		neg 0.547097871235049 off 0.3832251138992161 __DUMMY__ 0.0696770148657349	false	1.0
hackfresse	off 1.0		neg 0.5288659326867147 off 0.40215981884165775 __DUMMY__ 0.06897424847162754	false	0.5
aufblasen	neg 1.0		neg 0.5375597305682809 off 0.3926288078588266 __DUMMY__ 0.06981146157289266	false	1.0
gewaltsam	neg 1.0		neg 0.5415659333247727 off 0.38942593806547904 __DUMMY__ 0.06900812860974821	false	1.0
unbeliebtheit	neg 1.0		neg 0.5393902648083612 off 0.39244586153801897 __DUMMY__ 0.06816387365361994	false	1.0
sturheit	neg 1.0		neg 0.5440358312703811 off 0.3868336927492304 __DUMMY__ 0.06913047598038848	false	1.0
kuh	neg 1.0		neg 0.5400443911035009 off 0.3907837128738793 __DUMMY__ 0.06917189602261987	false	1.0
erschrecken	neg 1.0		neg 0.5360013061417376 off 0.3943974574450854 __DUMMY__ 0.06960123641317699	false	1.0
opfer	neg 1.0	neg 1.0	neg 0.7606634995501289 off 0.2060117278739496 __DUMMY__ 0.033324772575921396	false	1.0
sinken	neg 1.0		neg 0.5458622145902272 off 0.38440937911688006 __DUMMY__ 0.06972840629289268	false	1.0
stinktier	neg 1.0		neg 0.532901519416279 off 0.39823676921610346 __DUMMY__ 0.06886171136761751	false	1.0
tucke	off 1.0		neg 0.5273674869445751 off 0.4035253280766258 __DUMMY__ 0.069107184978799	false	0.5
ein			neg 0.5371990571259642 off 0.3927526173921081 __DUMMY__ 0.0700483254819277	false	0.0
abstieg	neg 1.0		neg 0.5438514719044398 off 0.3869113110796885 __DUMMY__ 0.06923721701587177	false	1.0
missverstehen	neg 1.0		neg 0.5401982131398408 off 0.39065817587979496 __DUMMY__ 0.06914361098036415	false	1.0
ergebnislos	neg 1.0		neg 0.5434865878938785 off 0.3871001658272757 __DUMMY__ 0.06941324627884596	false	1.0
unter			neg 0.5475479134031815 off 0.381867076564867 __DUMMY__ 0.07058501003195136	false	0.0
manipulieren	neg 1.0		neg 0.5456992371455381 off 0.38480836869094037 __DUMMY__ 0.06949239416352149	false	1.0
unbewiesen	neg 1.0		neg 0.5455097561016428 off 0.3860383840064305 __DUMMY__ 0.06845185989192683	false	1.0
verschleppen	neg 1.0		neg 0.5443006462913118 off 0.38639225083571516 __DUMMY__ 0.06930710287297305	false	1.0
weib	off 1.0		neg 0.5283128520338991 off 0.40290931087879894 __DUMMY__ 0.06877783708730183	false	0.5
opposition	neg 1.0		neg 0.5416298287028999 off 0.3895510878641682 __DUMMY__ 0.06881908343293185	false	1.0
verkehrswidrig	neg 1.0		neg 0.5293279243096036 off 0.4013765072574697 __DUMMY__ 0.06929556843292671	false	1.0
inkorrekt	neg 1.0		neg 0.5387743843419005 off 0.3926555285145969 __DUMMY__ 0.06857008714350268	false	1.0
vermeiden	neg 1.0		neg 0.5467856251742521 off 0.3830352458385259 __DUMMY__ 0.07017912898722203	false	1.0
abweichung	neg 1.0		neg 0.5465707714492553 off 0.38458443674587633 __DUMMY__ 0.06884479180486835	false	1.0
alkoholisiert	neg 1.0		neg 0.5418196431646196 off 0.38843587980441413 __DUMMY__ 0.0697444770309662	false	1.0
scheiss	off 1.0	off 1.0	off 0.6819057256100888 neg 0.28488119613691665 __DUMMY__ 0.03321307825299445	false	1.0
herausforderung	neg 1.0		neg 0.5394090208606993 off 0.3903086657622401 __DUMMY__ 0.0702823133770605	false	1.0
pervers	off 1.0		neg 0.525400101459299 off 0.40589226581040105 __DUMMY__ 0.0687076327303	false	0.5
wackelig	neg 1.0		neg 0.5394925877752159 off 0.39023392252870187 __DUMMY__ 0.07027348969608216	false	1.0
verwickeln	neg 1.0		neg 0.5395114389720523 off 0.3911526960643635 __DUMMY__ 0.06933586496358424	false	1.0
vorwand	neg 1.0		neg 0.5468572713778526 off 0.38360689730455405 __DUMMY__ 0.06953583131759351	false	1.0
muschi	off 1.0		neg 0.5412645275803822 off 0.3895040044503694 __DUMMY__ 0.06923146796924846	false	0.5
entmutigung	neg 1.0		neg 0.5445635912546998 off 0.3873303266743347 __DUMMY__ 0.06810608207096548	false	1.0
unangemessen	neg 1.0		neg 0.5452982025713673 off 0.38556693791042407 __DUMMY__ 0.06913485951820861	false	1.0
unstetig	neg 1.0		neg 0.5378819633283515 off 0.39299708607881123 __DUMMY__ 0.06912095059283721	false	1.0
entmutigen	neg 1.0		neg 0.5389899907694681 off 0.39141690400688195 __DUMMY__ 0.06959310522364978	false	1.0
schwanz	neg 1.0		neg 0.5421640937726566 off 0.38827606117063757 __DUMMY__ 0.06955984505670591	false	1.0
verbot	neg 1.0		neg 0.5449506824034954 off 0.38607221088071475 __DUMMY__ 0.06897710671578987	false	1.0
leid	neg 1.0		neg 0.5304935786818634 off 0.40042114775692517 __DUMMY__ 0.06908527356121137	false	1.0
archaisch	neg 1.0		neg 0.5443390589847891 off 0.38645760888433867 __DUMMY__ 0.0692033321308724	false	1.0
gegen			neg 0.5468528217447528 off 0.38371723247899686 __DUMMY__ 0.06942994577625052	false	0.0
scheidung	neg 1.0	neg 1.0	neg 0.7456836586900424 off 0.22145411351693856 __DUMMY__ 0.03286222779301911	false	1.0
einschlag	neg 1.0		neg 0.5310578520828244 off 0.3998624753930126 __DUMMY__ 0.06907967252416294	false	1.0
m			neg 0.5405594779407112 off 0.38965187207249014 __DUMMY__ 0.06978864998679864	false	0.0
abgestanden	neg 1.0		neg 0.5391803637732737 off 0.3910805815687549 __DUMMY__ 0.06973905465797131	false	1.0
schmierig	off 1.0		neg 0.5307954811588109 off 0.3999238558982683 __DUMMY__ 0.06928066294292065	false	0.5
unpraktisch	neg 1.0		neg 0.5372476752161736 off 0.39287668904612005 __DUMMY__ 0.0698756357377063	false	1.0
wixxer	off 1.0		neg 0.5264366377883714 off 0.4050904634052098 __DUMMY__ 0.06847289880641867	false	0.5
bezeichnet			neg 0.54286696496086 off 0.38789914564231065 __DUMMY__ 0.06923388939682922	false	0.0
jammerlappen	off 1.0		neg 0.5361115480202099 off 0.39452097664516494 __DUMMY__ 0.06936747533462505	false	0.5
farce	neg 1.0		neg 0.5471015859152877 off 0.38441444553095216 __DUMMY__ 0.06848396855376024	false	1.0
zwecklos	neg 1.0		neg 0.5447831683887654 off 0.38590621698347954 __DUMMY__ 0.06931061462775512	false	1.0
turbulent	neg 1.0		neg 0.5332297634904951 off 0.3977887377698794 __DUMMY__ 0.0689814987396255	false	1.0
invasion	neg 1.0		neg 0.5360802555154688 off 0.39429451250008113 __DUMMY__ 0.06962523198445005	false	1.0
schuld	neg 1.0		neg 0.540333707914556 off 0.39027169548604224 __DUMMY__ 0.06939459659940167	false	1.0
risiko	neg 1.0		neg 0.5349054554246547 off 0.3952933840560347 __DUMMY__ 0.06980116051931061	false	1.0
finster	neg 1.0		neg 0.5382388729519404 off 0.39189218908245804 __DUMMY__ 0.06986893796560147	false	1.0
geisteskrank	off 1.0		neg 0.536890608454144 off 0.3942764197389123 __DUMMY__ 0.06883297180694357	false	0.5
zusammenbrechen	neg 1.0		neg 0.5410957140410761 off 0.3891330763514403 __DUMMY__ 0.06977120960748351	false	1.0
ausbeute	neg 1.0		neg 0.5410255960117839 off 0.38896807849420584 __DUMMY__ 0.07000632549401038	false	1.0
hinterhalt	neg 1.0		neg 0.5392587881529824 off 0.3912876088479718 __DUMMY__ 0.06945360299904581	false	1.0
kritik	neg 1.0		neg 0.5461602024163785 off 0.3851712433569383 __DUMMY__ 0.06866855422668325	false	1.0
einschrumpfen	neg 1.0		neg 0.5394309356338431 off 0.3917975542282787 __DUMMY__ 0.06877151013787804	false	1.0
riskant	neg 1.0		neg 0.5442571098507236 off 0.38606516367693616 __DUMMY__ 0.06967772647234032	false	1.0
frustrieren	neg 1.0		neg 0.5451316577273817 off 0.385337904961365 __DUMMY__ 0.06953043731125327	false	1.0
groll	neg 1.0		neg 0.5443627458797768 off 0.3862927014648639 __DUMMY__ 0.06934455265535941	false	1.0
gibt			neg 0.5428263437944054 off 0.3876315393097702 __DUMMY__ 0.06954211689582433	false	0.0
qualvoll	neg 1.0		neg 0.5370777356138938 off 0.39326733097600103 __DUMMY__ 0.0696549334101052	false	1.0
wackeln	neg 1.0		neg 0.5369401021740688 off 0.39300459700658064 __DUMMY__ 0.07005530081935034	false	1.0
klagen	neg 1.0		neg 0.5472885171733867 off 0.3832467164821191 __DUMMY__ 0.06946476634449435	false	1.0
bankrott	neg 1.0		neg 0.5344922747235407 off 0.3959474121130496 __DUMMY__ 0.06956031316340974	false	1.0
trauern	neg 1.0		neg 0.5438967655715298 off 0.3864246307566324 __DUMMY__ 0.06967860367183792	false	1.0
ablehnung	neg 1.0	neg 1.0	neg 0.7613385923768773 off 0.20574747242109995 __DUMMY__ 0.03291393520202277	false	1.0
stur	neg 1.0		neg 0.539602585390842 off 0.39095331916304404 __DUMMY__ 0.06944409544611405	false	1.0
aufruhr	neg 1.0		neg 0.5428484426497241 off 0.38826090944716013 __DUMMY__ 0.06889064790311562	false	1.0
melancholie	neg 1.0		neg 0.5407372062146033 off 0.38924675301623 __DUMMY__ 0.07001604076916677	false	1.0
ist			neg 0.5396980637298964 off 0.39091714464929833 __DUMMY__ 0.0693847916208054	false	0.0
torheit	neg 1.0		neg 0.5437542800724943 off 0.3876340229011306 __DUMMY__ 0.06861169702637511	false	1.0
dreckskind	off 1.0		neg 0.5330575860554924 off 0.39855016736888915 __DUMMY__ 0.06839224657561853	false	0.5
umtauschen	neg 1.0		neg 0.5394716907866935 off 0.3907151285738652 __DUMMY__ 0.06981318063944117	false	1.0
zum			neg 0.5437439510534271 off 0.38562547511322126 __DUMMY__ 0.07063057383335164	false	0.0
zersetzen	neg 1.0		neg 0.5463391895806023 off 0.38417498423549246 __DUMMY__ 0.06948582618390524	false	1.0
zur			neg 0.5480236384474196 off 0.38211522210819626 __DUMMY__ 0.06986113944438405	false	0.0
frust	neg 1.0		neg 0.5418751216584841 off 0.38844199132496565 __DUMMY__ 0.06968288701655022	false	1.0
unerbittlichkeit	neg 1.0		neg 0.5459969707046841 off 0.38464046608598307 __DUMMY__ 0.06936256320933282	false	1.0
zwei			neg 0.543456803567625 off 0.38622594490302 __DUMMY__ 0.07031725152935497	false	0.0
unkorrekt	neg 1.0		neg 0.5366138524114082 off 0.3946012534679835 __DUMMY__ 0.0687848941206083	false	1.0
hexe	off 1.0		neg 0.534855039493305 off 0.39574234945437414 __DUMMY__ 0.06940261105232093	false	0.5
lasch	neg 1.0		neg 0.5390087095644998 off 0.39189257954629597 __DUMMY__ 0.06909871088920427	false	1.0
rivale	neg 1.0		neg 0.53266841192434 off 0.39840690132496304 __DUMMY__ 0.06892468675069682	false	1.0
mutlos	off 1.0	off 1.0	off 0.6753118019549537 neg 0.29158895088151193 __DUMMY__ 0.0330992471635344	false	1.0
wirr	off 1.0		neg 0.5346326318898575 off 0.396570674907129 __DUMMY__ 0.06879669320301353	false	0.5
jahr			neg 0.5420194528362607 off 0.38789444405824425 __DUMMY__ 0.07008610310549496	false	0.0
wird			neg 0.5438591281782248 off 0.38651829980806185 __DUMMY__ 0.06962257201371327	false	0.0
strafbar	neg 1.0		neg 0.5465820150913041 off 0.38425073472686516 __DUMMY__ 0.06916725018183062	false	1.0
erosion	neg 1.0		neg 0.5371832893318664 off 0.393043426293928 __DUMMY__ 0.06977328437420566	false	1.0
eingehen	neg 1.0		neg 0.5447420233111125 off 0.38586140590366247 __DUMMY__ 0.06939657078522492	false	1.0
faul	off 1.0		neg 0.5340673343547124 off 0.3961403939215056 __DUMMY__ 0.069792271723782	false	0.5
provisorium	neg 1.0		neg 0.5493936742174963 off 0.3802565141309865 __DUMMY__ 0.07034981165151716	false	1.0
schmerzen	neg 1.0		neg 0.5405353557723233 off 0.3896866855013255 __DUMMY__ 0.0697779587263511	false	1.0
schrumpfen	neg 1.0		neg 0.547836854000383 off 0.3821880049833356 __DUMMY__ 0.06997514101628148	false	1.0
geistlos	off 1.0		neg 0.5426513762952205 off 0.38886241075001804 __DUMMY__ 0.06848621295476134	false	0.5
fehlkauf	neg 1.0		neg 0.538287159519148 off 0.39246472145766 __DUMMY__ 0.06924811902319207	false	1.0
frustrierend	neg 1.0	neg 1.0	neg 0.7565686734341304 off 0.21014796839260377 __DUMMY__ 0.03328335817326596	false	1.0
unzufrieden	neg 1.0		neg 0.5438142340395284 off 0.3867015864235409 __DUMMY__ 0.06948417953693059	false	1.0
verzweifeln	neg 1.0		neg 0.5408602397991391 off 0.38949182544464006 __DUMMY__ 0.06964793475622083	false	1.0
verzweifelt	neg 1.0		neg 0.5395650928649971 off 0.3909626968646121 __DUMMY__ 0.06947221027039086	false	1.0
misstrauensantrag	neg 1.0		neg 0.5391991116593886 off 0.3917209205625355 __DUMMY__ 0.06907996777807604	false	1.0
abfallen	neg 1.0		neg 0.5365780654012997 off 0.3933266902751146 __DUMMY__ 0.0700952443235857	false	1.0
fucker	off 1.0		neg 0.5335787936801981 off 0.39737862191489887 __DUMMY__ 0.06904258440490306	false	0.5
ungezogen	neg 1.0		neg 0.5269280057587921 off 0.4040909905255972 __DUMMY__ 0.06898100371561072	false	1.0
irrsinnig	neg 1.0	neg 1.0	neg 0.7588952921570051 off 0.2079351207288029 __DUMMY__ 0.03316958711419207	false	1.0
unfassbar	neg 1.0		neg 0.5357130597283357 off 0.3949580450510786 __DUMMY__ 0.06932889522058562	false	1.0
hart	neg 1.0		neg 0.5365456881505859 off 0.39438166581335593 __DUMMY__ 0.06907264603605816	false	1.0
widerlich	off 1.0		neg 0.5358135353157064 off 0.395078296255099 __DUMMY__ 0.06910816842919461	false	0.5
fatal	neg 1.0		neg 0.5381181147320024 off 0.39257102590469234 __DUMMY__ 0.0693108593633053	false	1.0
bruch	neg 1.0		neg 0.5490186043986792 off 0.38172800426645426 __DUMMY__ 0.06925339133486666	false	1.0
aushungern	neg 1.0		neg 0.5431574290677449 off 0.38792466359514277 __DUMMY__ 0.06891790733711241	false	1.0
anspannung	neg 1.0		neg 0.5457639195970005 off 0.38416037495945043 __DUMMY__ 0.070075705443549	false	1.0
von			neg 0.542957180925993 off 0.38693255976772606 __DUMMY__ 0.07011025930628093	false	0.0
kraftlos	neg 1.0		neg 0.5408155458458179 off 0.38907535497469364 __DUMMY__ 0.07010909917948847	false	1.0
vom			neg 0.5470519630689262 off 0.3824271220043808 __DUMMY__ 0.07052091492669317	false	0.0
grenzdebil	off 1.0		neg 0.5336989171446676 off 0.39685006629184133 __DUMMY__ 0.06945101656349113	false	0.5
vor			neg 0.5450880235690839 off 0.38494241958598635 __DUMMY__ 0.0699695568449297	false	0.0
unterwerfen	neg 1.0		neg 0.5451771688825632 off 0.38544008050978806 __DUMMY__ 0.06938275060764879	false	1.0
versenkung	neg 1.0		neg 0.5447390891456335 off 0.38568016617157125 __DUMMY__ 0.06958074468279511	false	1.0
entziehen	neg 1.0		neg 0.5473745085384366 off 0.38305879607228127 __DUMMY__ 0.06956669538928222	false	1.0
finanzkrise	neg 1.0		neg 0.5440781839073949 off 0.3871066235718782 __DUMMY__ 0.06881519252072676	false	1.0
schimpfend	neg 1.0		neg 0.5348900601376138 off 0.3948893281840718 __DUMMY__ 0.07022061167831434	false	1.0
profan	neg 1.0		neg 0.5385438874294969 off 0.3920091603548132 __DUMMY__ 0.0694469522156898	false	1.0
korruption	neg 1.0		neg 0.5459399886461229 off 0.38516710436280593 __DUMMY__ 0.06889290699107119	false	1.0
â			neg 0.5417373936778165 off 0.38850006773459544 __DUMMY__ 0.0697625385875882	false	0.0
schmutzig	neg 1.0		neg 0.5326837905769874 off 0.3975603051147655 __DUMMY__ 0.06975590430824712	false	1.0
sexy	neg 1.0		neg 0.5357332869293662 off 0.39481091534319096 __DUMMY__ 0.06945579772744274	false	1.0
abraten	neg 1.0		neg 0.5380925695478725 off 0.39219621154290135 __DUMMY__ 0.06971121890922612	false	1.0
schwarz	neg 1.0		neg 0.5388494044787907 off 0.39178363913768044 __DUMMY__ 0.06936695638352897	false	1.0
fotze	off 1.0		neg 0.5429357426002479 off 0.38773999379725205 __DUMMY__ 0.06932426360250013	false	0.5
verwirren	neg 1.0		neg 0.5374855425864657 off 0.3930537594003696 __DUMMY__ 0.06946069801316465	false	1.0
zahnlos	off 1.0		neg 0.5444080376310778 off 0.38629256513338595 __DUMMY__ 0.06929939723553613	false	0.5
verheeren	neg 1.0		neg 0.5271266970595267 off 0.4044117206227632 __DUMMY__ 0.06846158231771002	false	1.0
hippie	neg 1.0		neg 0.5363370883026508 off 0.39426927708366444 __DUMMY__ 0.06939363461368481	false	1.0
rammen	neg 1.0		neg 0.536657504673685 off 0.39378165406418536 __DUMMY__ 0.06956084126212958	false	1.0
unlauter	neg 1.0	neg 1.0	neg 0.7580516526787139 off 0.20886941680572213 __DUMMY__ 0.03307893051556401	false	1.0
unheilvoll	neg 1.0		neg 0.537406306940232 off 0.392931707098752 __DUMMY__ 0.06966198596101593	false	1.0
niedrig	neg 1.0		neg 0.5437699295072067 off 0.3867754139706937 __DUMMY__ 0.06945465652209934	false	1.0
explosion	neg 1.0		neg 0.5360169630106457 off 0.3944159802306368 __DUMMY__ 0.06956705675871738	false	1.0
weichei	off 1.0		neg 0.5301044534611525 off 0.4008958741472386 __DUMMY__ 0.06899967239160876	false	0.5
minusmensch	off 1.0		neg 0.5285843725888839 off 0.4031761696925927 __DUMMY__ 0.06823945771852348	false	0.5
farblos	neg 1.0		neg 0.5397395797857844 off 0.3908863875471249 __DUMMY__ 0.06937403266709076	false	1.0
unwissend	neg 1.0	neg 1.0	neg 0.7565234956002586 off 0.21037654789650037 __DUMMY__ 0.033099956503241136	false	1.0
traurig	neg 1.0		neg 0.5321370424150671 off 0.39849168999068146 __DUMMY__ 0.0693712675942515	false	1.0
senkung	neg 1.0		neg 0.5379081405743825 off 0.39286016567077103 __DUMMY__ 0.06923169375484643	false	1.0
ungleich	neg 1.0	neg 1.0	neg 0.7616693301295293 off 0.2051741557838664 __DUMMY__ 0.0331565140866042	false	1.0
heikel	neg 1.0		neg 0.5459675388202794 off 0.38446563609772666 __DUMMY__ 0.06956682508199405	false	1.0
drosselung	neg 1.0		neg 0.531112614809705 off 0.3994352010869035 __DUMMY__ 0.06945218410339153	false	1.0
falsch	neg 1.0		neg 0.5367929911495405 off 0.39383966210660676 __DUMMY__ 0.06936734674385274	false	1.0
unzufriedenheit	neg 1.0		neg 0.5465925903801867 off 0.38392017289807473 __DUMMY__ 0.0694872367217386	false	1.0
kurz	neg 1.0		neg 0.5398434923989485 off 0.39012059741829663 __DUMMY__ 0.07003591018275496	false	1.0
unsinnig	neg 1.0		neg 0.5435509221427012 off 0.3870284703175353 __DUMMY__ 0.06942060753976359	false	1.0
penner	off 1.0	off 1.0	off 0.6851529481997264 neg 0.2818111858151732 __DUMMY__ 0.03303586598510039	false	1.0
seicht	neg 1.0		neg 0.5296705043085141 off 0.4017851885641781 __DUMMY__ 0.06854430712730765	false	1.0
dummheit	off 1.0	off 1.0	off 0.6787412809463992 neg 0.2881910740942552 __DUMMY__ 0.03306764495934571	false	1.0
unerfreulich	neg 1.0		neg 0.5460110535443192 off 0.38429401715350414 __DUMMY__ 0.06969492930217663	false	1.0
motherfucker	off 1.0	off 1.0	off 0.6821491691670531 neg 0.2848088806082186 __DUMMY__ 0.03304195022472831	false	1.0
pikiert	neg 1.0		neg 0.536970493764139 off 0.39386005419026726 __DUMMY__ 0.06916945204559366	false	1.0
wrack	neg 1.0		neg 0.5408561547533955 off 0.38929605170022397 __DUMMY__ 0.06984779354638065	false	1.0
gangster	neg 1.0		neg 0.5372477444770751 off 0.3933512960158301 __DUMMY__ 0.0694009595070949	false	1.0
krank	neg 1.0		neg 0.5328082866323508 off 0.3975494047992243 __DUMMY__ 0.06964230856842483	false	1.0
reich	neg 1.0		neg 0.539961023502315 off 0.3917289876551669 __DUMMY__ 0.06830998884251809	false	1.0
gnadenlos	neg 1.0		neg 0.5397134114581076 off 0.39080856408734815 __DUMMY__ 0.0694780244545442	false	1.0
niedergeschlagen	neg 1.0		neg 0.5414410762578169 off 0.3888679049759422 __DUMMY__ 0.06969101876624079	false	1.0
terrorisieren	off 1.0	off 1.0	off 0.6762154170102649 neg 0.29042449769098505 __DUMMY__ 0.033360085298749995	false	1.0
sinnlosigkeit	neg 1.0		neg 0.5441907836089025 off 0.3864756533634987 __DUMMY__ 0.06933356302759888	false	1.0
behindern	neg 1.0		neg 0.539160194266488 off 0.39105409706620975 __DUMMY__ 0.06978570866730226	false	1.0
undemokratisch	neg 1.0		neg 0.5427115332171962 off 0.38855301416818394 __DUMMY__ 0.06873545261461979	false	1.0
wirtschaftskrise	neg 1.0		neg 0.5449339758139717 off 0.38597550028287847 __DUMMY__ 0.06909052390314988	false	1.0
neid	neg 1.0		neg 0.5354943038574425 off 0.39480156768089797 __DUMMY__ 0.06970412846165952	false	1.0
rutschen	neg 1.0		neg 0.5433355944421692 off 0.3859909587089842 __DUMMY__ 0.07067344684884674	false	1.0
rezession	neg 1.0		neg 0.5339522648375136 off 0.3975049282076388 __DUMMY__ 0.0685428069548477	false	1.0
fehlgeburt	neg 1.0		neg 0.540094194873271 off 0.3904914145027851 __DUMMY__ 0.0694143906239439	false	1.0
charakterschwach	off 1.0		neg 0.5358472710314747 off 0.39501422595730534 __DUMMY__ 0.06913850301122008	false	0.5
isolation	neg 1.0		neg 0.5346421479576572 off 0.39591880779683586 __DUMMY__ 0.06943904424550704	false	1.0
ablenkung	neg 1.0		neg 0.5391825011638929 off 0.3910793241512293 __DUMMY__ 0.06973817468487771	false	1.0
pech	neg 1.0		neg 0.537216694411728 off 0.3933209291042425 __DUMMY__ 0.06946237648402952	false	1.0
vermeidung	neg 1.0		neg 0.5322223678029839 off 0.39825252050844373 __DUMMY__ 0.06952511168857241	false	1.0
dominieren	neg 1.0		neg 0.5419626171837433 off 0.3885494261452291 __DUMMY__ 0.06948795667102771	false	1.0
schwindlig	neg 1.0		neg 0.5355656347297784 off 0.39458836074546894 __DUMMY__ 0.0698460045247527	false	1.0
lutscher	neg 1.0		neg 0.5283231760895727 off 0.40308026354405085 __DUMMY__ 0.06859656036637646	false	1.0
pflicht	neg 1.0		neg 0.5464525256306585 off 0.384031304459047 __DUMMY__ 0.06951616991029455	false	1.0
faschist	off 1.0		neg 0.5418984260144399 off 0.38943027401905067 __DUMMY__ 0.06867129996650953	false	0.5
verschleudern	neg 1.0		neg 0.5452477014096245 off 0.3855865865073888 __DUMMY__ 0.06916571208298676	false	1.0
wenn			neg 0.5364370148213025 off 0.3941270391586847 __DUMMY__ 0.069435946020013	false	0.0
ehebruch	neg 1.0		neg 0.5454463835023022 off 0.38531443505770663 __DUMMY__ 0.06923918143999129	false	1.0
spott	off 1.0		neg 0.5460618174871001 off 0.3846698307984514 __DUMMY__ 0.0692683517144485	false	0.5
trostlosigkeit	neg 1.0		neg 0.5488763270816231 off 0.3821193002224594 __DUMMY__ 0.06900437269591751	false	1.0
lutschen	neg 1.0		neg 0.5371222797432302 off 0.39381536056714245 __DUMMY__ 0.06906235968962719	false	1.0
undiszipliniert	neg 1.0		neg 0.5332902764240791 off 0.3974274098075737 __DUMMY__ 0.06928231376834715	false	1.0
kopfschmerz	neg 1.0		neg 0.5409729404922314 off 0.3894659347936604 __DUMMY__ 0.06956112471410837	false	1.0
unvorhergesehen	neg 1.0		neg 0.5396165850101179 off 0.3902583337125033 __DUMMY__ 0.07012508127737889	false	1.0
desinteressiert	neg 1.0		neg 0.5346402053850693 off 0.39626156834170195 __DUMMY__ 0.06909822627322858	false	1.0
armselig	off 1.0		neg 0.5342227325112263 off 0.3968207797563734 __DUMMY__ 0.06895648773240028	false	0.5
desaster	neg 1.0		neg 0.5491071011501356 off 0.38158720246382893 __DUMMY__ 0.06930569638603533	false	1.0
tod	neg 1.0		neg 0.5465124333232442 off 0.3844260517628852 __DUMMY__ 0.0690615149138705	false	1.0
herzlos	neg 1.0		neg 0.5316454498424354 off 0.399049294328754 __DUMMY__ 0.06930525582881047	false	1.0
unwissenheit	neg 1.0		neg 0.5450589618720376 off 0.38576205162508187 __DUMMY__ 0.06917898650288049	false	1.0
widersinnig	neg 1.0		neg 0.5455726181210316 off 0.3856376254045827 __DUMMY__ 0.06878975647438569	false	1.0
bedenklich	neg 1.0		neg 0.5450946527109237 off 0.385401230559778 __DUMMY__ 0.06950411672929821	false	1.0
beanstanden	neg 1.0		neg 0.5465754039860486 off 0.38385702897411333 __DUMMY__ 0.06956756703983799	false	1.0
panisch	neg 1.0	neg 1.0	neg 0.7556849683452495 off 0.21068899300854882 __DUMMY__ 0.03362603864620164	false	1.0
debil	off 1.0		neg 0.5489294347246448 off 0.38135741440108584 __DUMMY__ 0.0697131508742692	false	0.5
abstrich	neg 1.0		neg 0.5375399015369651 off 0.3924872296496495 __DUMMY__ 0.06997286881338553	false	1.0
primitiv	neg 1.0		neg 0.535365365138953 off 0.39556625531856787 __DUMMY__ 0.06906837954247913	false	1.0
abschaum	off 1.0	off 1.0	off 0.6800350597486897 neg 0.28695781943720533 __DUMMY__ 0.03300712081410493	false	1.0
provozieren	neg 1.0		neg 0.5417130486450755 off 0.3890576030841933 __DUMMY__ 0.06922934827073123	false	1.0
tot	neg 1.0		neg 0.5425359527817583 off 0.3881721804842797 __DUMMY__ 0.0692918667339621	false	1.0
instabil	neg 1.0		neg 0.5343182389500978 off 0.39701925111113046 __DUMMY__ 0.06866250993877188	false	1.0
schwuchtel	off 1.0		neg 0.524588615443616 off 0.4072875167312773 __DUMMY__ 0.06812386782510681	false	0.5
zerren	neg 1.0		neg 0.5413494460329887 off 0.38891638557295527 __DUMMY__ 0.06973416839405602	false	1.0
kinderficker	off 1.0		neg 0.532371612800319 off 0.3988492248303882 __DUMMY__ 0.06877916236929277	false	0.5
gefahr	neg 1.0		neg 0.5453318072622945 off 0.38534849932586757 __DUMMY__ 0.06931969341183808	false	1.0
rabiat	neg 1.0		neg 0.5406611807811713 off 0.38984257502628533 __DUMMY__ 0.0694962441925434	false	1.0
verlangsamung	neg 1.0		neg 0.5302589269295513 off 0.40124111159823383 __DUMMY__ 0.0684999614722148	false	1.0
ausgestorben	neg 1.0		neg 0.5415334155081152 off 0.3887930181716174 __DUMMY__ 0.06967356632026761	false	1.0
anklagen	neg 1.0		neg 0.5428502643035493 off 0.38800488116874476 __DUMMY__ 0.069144854527706	false	1.0
trott	neg 1.0		neg 0.5396553198235675 off 0.39068283473276066 __DUMMY__ 0.06966184544367171	false	1.0
verminderung	neg 1.0		neg 0.532681403737278 off 0.39806609044423885 __DUMMY__ 0.0692525058184832	false	1.0
nach			neg 0.5453095318460739 off 0.38434012939678464 __DUMMY__ 0.07035033875714143	false	0.0
rost	neg 1.0		neg 0.5281832758669026 off 0.4030041363482785 __DUMMY__ 0.06881258778481895	false	1.0
destruktiv	neg 1.0		neg 0.5437175878976258 off 0.3871711511416885 __DUMMY__ 0.06911126096068573	false	1.0
unzumutbarkeit	neg 1.0		neg 0.5326302804807922 off 0.3979379267842916 __DUMMY__ 0.06943179273491616	false	1.0
labil	off 1.0	off 1.0	off 0.6809547986005546 neg 0.285982561255082 __DUMMY__ 0.033062640144363345	false	1.0
ziemlich	neg 1.0		neg 0.5346122872922315 off 0.3959893901863122 __DUMMY__ 0.06939832252145622	false	1.0
lachnummer	off 1.0		neg 0.543452217221505 off 0.3873897983223834 __DUMMY__ 0.06915798445611153	false	0.5
oder			neg 0.5391731204568683 off 0.39101573623763086 __DUMMY__ 0.06981114330550078	false	0.0
verfall	neg 1.0		neg 0.5491358980996884 off 0.3811318492590038 __DUMMY__ 0.06973225264130777	false	1.0
ausgrenzung	neg 1.0		neg 0.5418572353773606 off 0.38940163812140666 __DUMMY__ 0.06874112650123271	false	1.0
unordnung	neg 1.0		neg 0.5324728448494375 off 0.3986906401115194 __DUMMY__ 0.06883651503904309	false	1.0
fehlverhalten	neg 1.0		neg 0.5461588280218456 off 0.3845317071416425 __DUMMY__ 0.06930946483651189	false	1.0
eine			neg 0.5453383145551175 off 0.384807106998717 __DUMMY__ 0.0698545784461655	false	0.0
nille	neg 1.0		neg 0.542152670656973 off 0.3887249127752177 __DUMMY__ 0.06912241656780917	false	1.0
qual	neg 1.0		neg 0.5399385761967925 off 0.39043653603619266 __DUMMY__ 0.06962488776701478	false	1.0
verschwenden	neg 1.0		neg 0.544571427742045 off 0.38584776946998145 __DUMMY__ 0.0695808027879734	false	1.0
riesig	neg 1.0		neg 0.5410761316819865 off 0.3893438105229437 __DUMMY__ 0.06958005779506975	false	1.0
verurteilen	neg 1.0		neg 0.5450653578663139 off 0.38580860770219705 __DUMMY__ 0.06912603443148914	false	1.0
klischee	neg 1.0	neg 1.0	neg 0.7578708810191133 off 0.20909242635412922 __DUMMY__ 0.03303669262675753	false	1.0
diktatorisch	neg 1.0		neg 0.5440165677388331 off 0.3874696036978376 __DUMMY__ 0.06851382856332935	false	1.0
vorhersehbar	neg 1.0		neg 0.5408137228325943 off 0.3901745302936369 __DUMMY__ 0.06901174687376863	false	1.0
sowie			neg 0.5314891116396235 off 0.399905462248271 __DUMMY__ 0.06860542611210557	false	0.0
stornieren	neg 1.0		neg 0.5359614409822281 off 0.3942906003583181 __DUMMY__ 0.06974795865945381	false	1.0
besteuerung	neg 1.0		neg 0.5401586262400856 off 0.39062231442549117 __DUMMY__ 0.0692190593344231	false	1.0
ungeschminkt	neg 1.0		neg 0.5348119841358768 off 0.39599198624128884 __DUMMY__ 0.06919602962283426	false	1.0
kritisch	neg 1.0		neg 0.5459002940798676 off 0.3848106678464967 __DUMMY__ 0.06928903807363576	false	1.0
schlamperei	off 1.0		neg 0.5450878186213769 off 0.3856349725516542 __DUMMY__ 0.06927720882696899	false	0.5
sucht	neg 1.0	neg 1.0	neg 0.7548717113150683 off 0.21148712863992683 __DUMMY__ 0.03364116004500492	false	1.0
egoistisch	off 1.0		neg 0.5301986861602547 off 0.40077211178368255 __DUMMY__ 0.06902920205606272	false	0.5
ausbeuter	off 1.0		neg 0.5472834122845623 off 0.3835384218564099 __DUMMY__ 0.06917816585902772	false	0.5
arschgeburt	off 1.0		neg 0.5247671053105235 off 0.4071099602617428 __DUMMY__ 0.06812293442773355	false	0.5
schubs	neg 1.0	neg 1.0	neg 0.7586647805816044 off 0.2077619186394793 __DUMMY__ 0.03357330077891644	false	1.0
unsolide	neg 1.0		neg 0.5411938379703506 off 0.39053407284745834 __DUMMY__ 0.068272089182191	false	1.0
beschwerde	neg 1.0		neg 0.5441213429543491 off 0.3865936515915345 __DUMMY__ 0.06928500545411632	false	1.0
stocken	neg 1.0		neg 0.5429524064117484 off 0.38743019523143235 __DUMMY__ 0.06961739835681928	false	1.0
isolieren	neg 1.0		neg 0.5396088101393902 off 0.39057153534079153 __DUMMY__ 0.06981965451981824	false	1.0
unheilbar	neg 1.0		neg 0.5407913882307397 off 0.38987389085633367 __DUMMY__ 0.0693347209129266	false	1.0
pisser	off 1.0		neg 0.5334359879174637 off 0.39773888346991004 __DUMMY__ 0.06882512861262638	false	0.5
löschen	neg 1.0		neg 0.5395578383595955 off 0.39104259590622725 __DUMMY__ 0.06939956573417723	false	1.0
durchfallen	neg 1.0		neg 0.5441916664237589 off 0.3862599754710586 __DUMMY__ 0.06954835810518242	false	1.0
wichser	off 1.0		neg 0.5263365260626796 off 0.4049466029218896 __DUMMY__ 0.06871687101543071	false	0.5
terror	neg 1.0		neg 0.53493454989135 off 0.3953834081887125 __DUMMY__ 0.06968204191993758	false	1.0
krass	neg 1.0		neg 0.5319224826196361 off 0.398933207531785 __DUMMY__ 0.06914430984857887	false	1.0
revolte	neg 1.0	neg 1.0	neg 0.7593474269959386 off 0.20793682784923886 __DUMMY__ 0.032715745154822534	false	1.0
besorgt	neg 1.0		neg 0.5390318288204275 off 0.39080572540239006 __DUMMY__ 0.07016244577718231	false	1.0
nachlassen	neg 1.0		neg 0.5417136815170086 off 0.38854210297412706 __DUMMY__ 0.06974421550886434	false	1.0
alt	neg 1.0		neg 0.541988755277309 off 0.38794987006382886 __DUMMY__ 0.070061374658862	false	1.0
hundesohn	off 1.0		neg 0.5288382854487693 off 0.40276429805024755 __DUMMY__ 0.06839741650098304	false	0.5
als			neg 0.542051709189773 off 0.3881710863546342 __DUMMY__ 0.06977720445559289	false	0.0
abschreckung	neg 1.0		neg 0.5470332382269153 off 0.38354264185257586 __DUMMY__ 0.06942411992050869	false	1.0
unqualifiziert	neg 1.0		neg 0.5398143645265336 off 0.3910736364066777 __DUMMY__ 0.06911199906678865	false	1.0
abgewichst	off 1.0		neg 0.541999590645838 off 0.38861678466114125 __DUMMY__ 0.06938362469302078	false	0.5
schwer	neg 1.0		neg 0.5405517564106623 off 0.3897926855217678 __DUMMY__ 0.06965555806756984	false	1.0
bedeutungslosigkeit	neg 1.0		neg 0.5468598329934423 off 0.3838167312373799 __DUMMY__ 0.0693234357691779	false	1.0
kapitulation	neg 1.0		neg 0.5473836102928443 off 0.38387103170575115 __DUMMY__ 0.06874535800140456	false	1.0
unscharf	neg 1.0		neg 0.5374095979227874 off 0.3931882408468594 __DUMMY__ 0.06940216123035325	false	1.0
schwinden	neg 1.0		neg 0.5450287767187114 off 0.38538724161559534 __DUMMY__ 0.06958398166569332	false	1.0
versklavung	neg 1.0	neg 1.0	neg 0.7599308013098719 off 0.20719442543401212 __DUMMY__ 0.03287477325611601	false	1.0
schlecht	neg 1.0		neg 0.5339031002116921 off 0.3966351336226162 __DUMMY__ 0.0694617661656916	false	1.0
verhasst	neg 1.0		neg 0.5421380875230897 off 0.3887263378128915 __DUMMY__ 0.06913557466401893	false	1.0
beschweren	neg 1.0		neg 0.5384980956230196 off 0.3919327232555034 __DUMMY__ 0.06956918112147714	false	1.0
scheiden	neg 1.0		neg 0.5408414828230794 off 0.38958593345527776 __DUMMY__ 0.06957258372164286	false	1.0
frustriert	neg 1.0		neg 0.5421067198234615 off 0.38832076491464956 __DUMMY__ 0.06957251526188903	false	1.0
schimmelig	neg 1.0		neg 0.544207526601867 off 0.3863250246491367 __DUMMY__ 0.06946744874899621	false	1.0
fisch	neg 1.0	neg 1.0	neg 0.7585603032580593 off 0.20785747272135208 __DUMMY__ 0.03358222402058868	false	1.0
schmuggel	neg 1.0		neg 0.5435831569809904 off 0.3864731728461939 __DUMMY__ 0.06994367017281572	false	1.0
auffallen	neg 1.0		neg 0.5382799881265489 off 0.3922238598795889 __DUMMY__ 0.06949615199386223	false	1.0
konkurrenz	neg 1.0		neg 0.5449623258803414 off 0.3851571749543033 __DUMMY__ 0.06988049916535534	false	1.0
teufelskreis	neg 1.0		neg 0.5427523979978742 off 0.38785876412120945 __DUMMY__ 0.06938883788091624	false	1.0
aufschreien	neg 1.0		neg 0.5399463805587267 off 0.39087166930691924 __DUMMY__ 0.06918195013435403	false	1.0
schuldner	neg 1.0		neg 0.546140905709348 off 0.384637532756656 __DUMMY__ 0.0692215615339959	false	1.0
missgeburt	off 1.0	off 1.0	off 0.6839525970769303 neg 0.2831767962549244 __DUMMY__ 0.03287060666814527	false	1.0
arbeitslos	neg 1.0		neg 0.543909252938649 off 0.3866999731043178 __DUMMY__ 0.06939077395703311	false	1.0
befallen	neg 1.0		neg 0.5460700252363403 off 0.3850433838418717 __DUMMY__ 0.06888659092178803	false	1.0
miesepetrig	off 1.0		neg 0.5338907984260076 off 0.39658076941527515 __DUMMY__ 0.06952843215871718	false	0.5
alarmieren	neg 1.0		neg 0.537060643082292 off 0.39394257450500275 __DUMMY__ 0.0689967824127053	false	1.0
ungeduscht	off 1.0		neg 0.537011365377297 off 0.39353517222981377 __DUMMY__ 0.06945346239288933	false	0.5
knappheit	neg 1.0		neg 0.5432713585904214 off 0.38733595558356926 __DUMMY__ 0.06939268582600923	false	1.0
schlange	neg 1.0		neg 0.5375747097360378 off 0.3926441812882695 __DUMMY__ 0.06978110897569263	false	1.0
harsch	neg 1.0		neg 0.5277128612902955 off 0.4030232734466735 __DUMMY__ 0.06926386526303102	false	1.0
lang	neg 1.0		neg 0.5389742523608065 off 0.39152871095229047 __DUMMY__ 0.06949703668690288	false	1.0
ziellos	neg 1.0		neg 0.5430349119782883 off 0.3872820341050427 __DUMMY__ 0.06968305391666894	false	1.0
selbstverliebt	neg 1.0		neg 0.5273889272393878 off 0.40436239968243154 __DUMMY__ 0.06824867307818064	false	1.0
beseitigen	neg 1.0		neg 0.537135085612775 off 0.39299050982848704 __DUMMY__ 0.06987440455873788	false	1.0
dumm	off 1.0		neg 0.530206588666418 off 0.40092963473311705 __DUMMY__ 0.06886377660046498	false	0.5
arbeitsloser	neg 1.0		neg 0.544573610336475 off 0.38597949503966567 __DUMMY__ 0.06944689462385933	false	1.0
blitzen	neg 1.0		neg 0.5372715280068938 off 0.3934736654174946 __DUMMY__ 0.06925480657561152	false	1.0
hilflos	neg 1.0		neg 0.5422870316178091 off 0.388096003840099 __DUMMY__ 0.06961696454209186	false	1.0
eklig	off 1.0		neg 0.529902143355403 off 0.40139029966905504 __DUMMY__ 0.06870755697554198	false	0.5
begriff			neg 0.5428104409267898 off 0.3877651845221631 __DUMMY__ 0.06942437455104714	false	0.0
hungersnot	neg 1.0		neg 0.5448781260456537 off 0.386434787281275 __DUMMY__ 0.06868708667307126	false	1.0
ungesetzlich	neg 1.0		neg 0.5418341284583609 off 0.389526016496057 __DUMMY__ 0.06863985504558215	false	1.0
verschwendung	neg 1.0		neg 0.5454785538472194 off 0.38491970088829414 __DUMMY__ 0.06960174526448647	false	1.0
schmerzvoll	neg 1.0		neg 0.5386268412280737 off 0.3918237386501671 __DUMMY__ 0.06954942012175928	false	1.0
vorzeitig	neg 1.0		neg 0.5344412972907963 off 0.396184088619436 __DUMMY__ 0.06937461408976778	false	1.0
unvollkommenheit	neg 1.0		neg 0.5403980608963959 off 0.3901400975202141 __DUMMY__ 0.06946184158339007	false	1.0
intervenieren	neg 1.0		neg 0.5472631999153108 off 0.3836482310919412 __DUMMY__ 0.06908856899274808	false	1.0
banause	off 1.0		neg 0.5287861225183907 off 0.40263054238083545 __DUMMY__ 0.06858333510077387	false	0.5
rebell	neg 1.0		neg 0.5450861494471965 off 0.3851013159332301 __DUMMY__ 0.06981253461957342	false	1.0
unlogisch	neg 1.0		neg 0.5334862284433871 off 0.3974754493922695 __DUMMY__ 0.06903832216434339	false	1.0
leiden	neg 1.0	neg 1.0	neg 0.7585691558571694 off 0.2075107000652917 __DUMMY__ 0.033920144077538794	false	1.0
abschaffung	neg 1.0		neg 0.5413003427161415 off 0.38961665151670555 __DUMMY__ 0.06908300576715305	false	1.0
sturz	neg 1.0		neg 0.5410335380340479 off 0.3899629757346389 __DUMMY__ 0.0690034862313134	false	1.0
verkleinerung	neg 1.0		neg 0.5389388958701589 off 0.39224219085709966 __DUMMY__ 0.06881891327274146	false	1.0
schmarotzer	off 1.0		neg 0.5453711798846562 off 0.3854196882151264 __DUMMY__ 0.06920913190021745	false	0.5
bestrafung	neg 1.0		neg 0.5402310192004206 off 0.39045422935949775 __DUMMY__ 0.06931475144008153	false	1.0
achtlos	neg 1.0		neg 0.5398940496787901 off 0.39032995710226515 __DUMMY__ 0.06977599321894475	false	1.0
ungeheuer	neg 1.0		neg 0.5388699628383867 off 0.3918171367421024 __DUMMY__ 0.06931290041951073	false	1.0
unaufrichtig	neg 1.0		neg 0.5405269492648946 off 0.3906874853983813 __DUMMY__ 0.06878556533672417	false	1.0
groggy	neg 1.0		neg 0.537085908810516 off 0.3935950955521543 __DUMMY__ 0.0693189956373297	false	1.0
verletzlich	neg 1.0		neg 0.5347864150830934 off 0.3959755098196531 __DUMMY__ 0.0692380750972536	false	1.0
ablehnen	neg 1.0		neg 0.5444238354836869 off 0.3862878725345159 __DUMMY__ 0.06928829198179723	false	1.0
