unsolidarisch	neg 1.0		__DUMMY__ 0.8797482225141958 neg 0.07200959147766366 off 0.04824218600814064	false	1.0
nachteilig	neg 1.0		__DUMMY__ 0.8881121043891873 neg 0.06687743190450915 off 0.045010463706303586	false	1.0
skeptisch	neg 1.0		__DUMMY__ 0.8900065082589723 neg 0.0673011461808775 off 0.042692345560150224	false	1.0
schrecklich	neg 1.0		__DUMMY__ 0.8851561425925035 neg 0.06106158063563981 off 0.053782276771856735	false	1.0
schlapp	neg 1.0		__DUMMY__ 0.8898316777596992 neg 0.06032231317540224 off 0.04984600906489854	false	1.0
abfall	neg 1.0		__DUMMY__ 0.8906007356857675 neg 0.06807915028096574 off 0.04132011403326683	false	1.0
widerspenstig	neg 1.0		__DUMMY__ 0.8913500919114593 neg 0.062428859756740056 off 0.046221048331800595	false	1.0
abrupt	neg 1.0		__DUMMY__ 0.8922270114956553 neg 0.06263352418128733 off 0.045139464323057314	false	1.0
unwirksam	neg 1.0		__DUMMY__ 0.8827945804596493 neg 0.06934212226195961 off 0.047863297278390976	false	1.0
angreifen	neg 1.0		__DUMMY__ 0.8879272790789653 neg 0.0680317893786967 off 0.04404093154233789	false	1.0
inkonsistent	neg 1.0		__DUMMY__ 0.8863223354010715 neg 0.0650332648507961 off 0.048644399748132464	false	1.0
abrutschen	neg 1.0		__DUMMY__ 0.8917584306301127 neg 0.06686101715887575 off 0.04138055221101155	false	1.0
unsicher	neg 1.0		__DUMMY__ 0.889365520208639 neg 0.06387022646052995 off 0.04676425333083107	false	1.0
bauernkind	off 1.0		__DUMMY__ 0.8803569974862547 neg 0.06309415715267323 off 0.056548845361072034	false	0.5
angreifer	neg 1.0		__DUMMY__ 0.8844946300519035 neg 0.0656612994257064 off 0.04984407052239004	false	1.0
trennen	neg 1.0		__DUMMY__ 0.8939317815427785 neg 0.06315956176033634 off 0.04290865669688512	false	1.0
schmutz	neg 1.0		__DUMMY__ 0.8940206313826021 neg 0.05531017420406805 off 0.050669194413329836	false	1.0
inkonsistenz	neg 1.0	neg 1.0	neg 0.5195278828822986 __DUMMY__ 0.442777397073831 off 0.03769472004387041	false	1.0
erschreckend	neg 1.0		__DUMMY__ 0.8872990959306581 neg 0.06668865379765698 off 0.046012250271684846	false	1.0
ertrinken	neg 1.0		__DUMMY__ 0.8915373882508054 neg 0.06439640087985976 off 0.044066210869334786	false	1.0
pickelface	off 1.0		__DUMMY__ 0.8863532528062763 neg 0.06577932215564208 off 0.047867425038081564	false	0.5
seiner			__DUMMY__ 0.8893923887844407 neg 0.0669316073257867 off 0.043676003889772656	false	0.0
lauch	neg 1.0		__DUMMY__ 0.890848787375648 neg 0.06692016622860816 off 0.042231046395743814	false	1.0
unwichtig	neg 1.0		__DUMMY__ 0.8861826253838245 neg 0.0633119558734689 off 0.05050541874270656	false	1.0
steuerhinterziehung	neg 1.0		__DUMMY__ 0.8834899088615499 neg 0.06959547839873344 off 0.04691461273971669	false	1.0
schock	neg 1.0		__DUMMY__ 0.8922732870789544 neg 0.06257385106953907 off 0.04515286185150649	false	1.0
beule	neg 1.0		__DUMMY__ 0.8895038064481509 neg 0.05963325497256676 off 0.050862938579282355	false	1.0
vergelten	neg 1.0		__DUMMY__ 0.8823213897594204 neg 0.06231230443581847 off 0.05536630580476112	false	1.0
verdorbenheit	neg 1.0		__DUMMY__ 0.8918323239244373 neg 0.06069218348867067 off 0.04747549258689208	false	1.0
trauma	neg 1.0		__DUMMY__ 0.887569703322257 neg 0.06404726300909519 off 0.04838303366864783	false	1.0
sinnlos	neg 1.0		__DUMMY__ 0.8874885061017339 neg 0.06391572216925454 off 0.048595771729011576	false	1.0
fettsack	off 1.0	off 1.0	off 0.5121650660678606 __DUMMY__ 0.440668629960765 neg 0.047166303971374425	false	1.0
feige	off 1.0		__DUMMY__ 0.8844069369618349 neg 0.06523638375339313 off 0.05035667928477192	false	0.5
abdanken	neg 1.0		__DUMMY__ 0.8809405156537248 neg 0.07173515719924083 off 0.04732432714703442	false	1.0
wichtigtuer	off 1.0	off 1.0	off 0.5068411189999842 __DUMMY__ 0.442590389337245 neg 0.050568491662770804	false	1.0
misslingen	neg 1.0		__DUMMY__ 0.8920714613773848 neg 0.05974226103667864 off 0.048186277585936556	false	1.0
untreu	off 1.0		__DUMMY__ 0.8865307485993978 neg 0.06239929910221777 off 0.051069952298384375	false	0.5
missmutig	neg 1.0		__DUMMY__ 0.8893177666466463 neg 0.061031772507929086 off 0.04965046084542456	false	1.0
hurenbock	off 1.0		__DUMMY__ 0.8930239185803572 neg 0.059522462280588925 off 0.04745361913905381	false	0.5
betrunken	neg 1.0		__DUMMY__ 0.8880863492183246 neg 0.060036349365690606 off 0.051877301415984726	false	1.0
korrupt	off 1.0		__DUMMY__ 0.8825627485473153 neg 0.07149055297239369 off 0.04594669848029106	false	0.5
unmut	neg 1.0		__DUMMY__ 0.8897148433712639 neg 0.06811913172772167 off 0.04216602490101434	false	1.0
hackfresse	off 1.0		__DUMMY__ 0.883581469184592 neg 0.05989780103029108 off 0.05652072978511685	false	0.5
aufblasen	neg 1.0		__DUMMY__ 0.8905828999255223 neg 0.06181383155919378 off 0.04760326851528386	false	1.0
gewaltsam	neg 1.0		__DUMMY__ 0.8841290702940229 neg 0.0676856286384161 off 0.04818530106756099	false	1.0
unbeliebtheit	neg 1.0		__DUMMY__ 0.8767794220437906 neg 0.07021385185118796 off 0.05300672610502142	false	1.0
sturheit	neg 1.0		__DUMMY__ 0.8848837749640335 neg 0.06873268423716973 off 0.046383540798796745	false	1.0
kuh	neg 1.0		__DUMMY__ 0.885913070130981 neg 0.06624356672742912 off 0.04784336314158993	false	1.0
erschrecken	neg 1.0		__DUMMY__ 0.8887474860429075 neg 0.06174561948975121 off 0.049506894467341224	false	1.0
opfer	neg 1.0	neg 1.0	neg 0.5208461958615374 __DUMMY__ 0.4455923185515706 off 0.03356148558689201	false	1.0
sinken	neg 1.0		__DUMMY__ 0.8902444511172148 neg 0.06724566652184542 off 0.042509882360939735	false	1.0
stinktier	neg 1.0		__DUMMY__ 0.88290303567395 neg 0.0630092582748168 off 0.05408770605123312	false	1.0
tucke	off 1.0		__DUMMY__ 0.885286041799232 neg 0.05810411865492131 off 0.05660983954584667	false	0.5
ein			__DUMMY__ 0.8928507843650146 neg 0.06037097897781747 off 0.04677823665716789	false	0.0
abstieg	neg 1.0		__DUMMY__ 0.8860104906753588 neg 0.06807366745909757 off 0.04591584186554368	false	1.0
missverstehen	neg 1.0		__DUMMY__ 0.8849111146696726 neg 0.06640064454997247 off 0.04868824078035492	false	1.0
ergebnislos	neg 1.0		__DUMMY__ 0.8875917418683259 neg 0.06693114106463215 off 0.04547711706704197	false	1.0
unter			__DUMMY__ 0.8974004724291641 neg 0.06453176146019438 off 0.03806776611064162	false	0.0
manipulieren	neg 1.0		__DUMMY__ 0.8880642363591756 neg 0.0680917082331912 off 0.04384405540763327	false	1.0
unbewiesen	neg 1.0		__DUMMY__ 0.8791201203205808 neg 0.07279477224074246 off 0.04808510743867669	false	1.0
verschleppen	neg 1.0		__DUMMY__ 0.886802148892939 neg 0.06786047725845167 off 0.045337373848609294	false	1.0
weib	off 1.0		__DUMMY__ 0.8821191947597234 neg 0.060316930817140624 off 0.05756387442313585	false	0.5
opposition	neg 1.0		__DUMMY__ 0.8822438968375882 neg 0.06911653280903954 off 0.04863957035337226	false	1.0
verkehrswidrig	neg 1.0		__DUMMY__ 0.8868516417132257 neg 0.05848014482853178 off 0.05466821345824247	false	1.0
inkorrekt	neg 1.0		__DUMMY__ 0.8802515001834806 neg 0.06792588366521934 off 0.05182261615130003	false	1.0
vermeiden	neg 1.0		__DUMMY__ 0.8941083074459584 neg 0.06581427958506172 off 0.04007741296897991	false	1.0
abweichung	neg 1.0		__DUMMY__ 0.8825516894587051 neg 0.0718313236790742 off 0.045616986862220786	false	1.0
alkoholisiert	neg 1.0		__DUMMY__ 0.8907184276895824 neg 0.06471654534939171 off 0.0445650269610259	false	1.0
scheiss	off 1.0	off 1.0	off 0.5090095671695491 __DUMMY__ 0.4443687206942504 neg 0.04662171213620056	false	1.0
herausforderung	neg 1.0		__DUMMY__ 0.8951778456799602 neg 0.060120494264422945 off 0.04470166005561692	false	1.0
pervers	off 1.0		__DUMMY__ 0.8814745042783156 off 0.059824675348663245 neg 0.05870082037302117	false	1.0
wackelig	neg 1.0		__DUMMY__ 0.8946791244289777 neg 0.06091635439501362 off 0.0444045211760086	false	1.0
verwickeln	neg 1.0		__DUMMY__ 0.8865281717123593 neg 0.06503009000563417 off 0.04844173828200649	false	1.0
vorwand	neg 1.0		__DUMMY__ 0.8883944601707551 neg 0.0687768049185397 off 0.042828734910705234	false	1.0
muschi	off 1.0		__DUMMY__ 0.8859356955701172 neg 0.06651796777384676 off 0.04754633665603609	false	0.5
entmutigung	neg 1.0		__DUMMY__ 0.8762256328129432 neg 0.07378865527482209 off 0.04998571191223472	false	1.0
unangemessen	neg 1.0		__DUMMY__ 0.884905278259379 neg 0.06965194059905218 off 0.0454427811415688	false	1.0
unstetig	neg 1.0		__DUMMY__ 0.8852520698998986 neg 0.06487910258108864 off 0.04986882751901275	false	1.0
entmutigen	neg 1.0		__DUMMY__ 0.8888785008316454 neg 0.06344701540662397 off 0.047674483761730516	false	1.0
schwanz	neg 1.0		__DUMMY__ 0.889037237964562 neg 0.06554350102970952 off 0.0454192610057285	false	1.0
verbot	neg 1.0		__DUMMY__ 0.883836310697294 neg 0.06983375356382489 off 0.046329935738881195	false	1.0
leid	neg 1.0		__DUMMY__ 0.8845403748620924 neg 0.06045365489936664 off 0.055005970238540966	false	1.0
archaisch	neg 1.0		__DUMMY__ 0.8854779441525961 neg 0.06880465521980754 off 0.04571740062759632	false	1.0
gegen			__DUMMY__ 0.88751962917144 neg 0.06910866975570878 off 0.0433717010728512	false	0.0
scheidung	neg 1.0	neg 1.0	neg 0.50968629470643 __DUMMY__ 0.4400969279935921 off 0.050216777299977894	false	1.0
einschlag	neg 1.0		__DUMMY__ 0.8847743479092977 neg 0.06050950542950023 off 0.054716146661202135	false	1.0
m			__DUMMY__ 0.890453858697537 neg 0.06381276759789753 off 0.045733373704565476	false	0.0
abgestanden	neg 1.0		__DUMMY__ 0.8906306728243284 neg 0.0632439276372561 off 0.0461253995384155	false	1.0
schmierig	off 1.0		__DUMMY__ 0.8862107114640637 neg 0.0597353241726923 off 0.054053964363244035	false	0.5
unpraktisch	neg 1.0		__DUMMY__ 0.8913296085901947 neg 0.06127751556662503 off 0.047392875843180166	false	1.0
wixxer	off 1.0		__DUMMY__ 0.8794173186051499 neg 0.06054109312740069 off 0.06004158826744932	false	0.5
bezeichnet			__DUMMY__ 0.8857561789370844 neg 0.06762694576795662 off 0.04661687529495906	false	0.0
jammerlappen	off 1.0		__DUMMY__ 0.8867829161883716 neg 0.06276633192953893 off 0.05045075188208952	false	0.5
farce	neg 1.0		__DUMMY__ 0.8794985103512577 neg 0.07371138156280488 off 0.046790108085937476	false	1.0
zwecklos	neg 1.0		__DUMMY__ 0.8862625426278682 neg 0.06864996287328609 off 0.04508749449884574	false	1.0
turbulent	neg 1.0		__DUMMY__ 0.8842755232954737 neg 0.062236497988105925 off 0.05348797871642037	false	1.0
invasion	neg 1.0		__DUMMY__ 0.8890989107203847 neg 0.061502325131066855 off 0.049398764148548525	false	1.0
schuld	neg 1.0		__DUMMY__ 0.887003287704702 neg 0.06533504994903555 off 0.047661662346262464	false	1.0
risiko	neg 1.0		__DUMMY__ 0.8912149581933094 neg 0.059333930428432324 off 0.04945111137825826	false	1.0
finster	neg 1.0		__DUMMY__ 0.8913784990266983 neg 0.0621630767292745 off 0.04645842424402714	false	1.0
geisteskrank	off 1.0		__DUMMY__ 0.8822732879166993 neg 0.06564725895751718 off 0.052079453125783486	false	0.5
zusammenbrechen	neg 1.0		__DUMMY__ 0.8901263288243543 neg 0.06417615122215888 off 0.04569751995348686	false	1.0
ausbeute	neg 1.0		__DUMMY__ 0.892836935715695 neg 0.06293733966276792 off 0.044225724621537024	false	1.0
hinterhalt	neg 1.0		__DUMMY__ 0.8882296795059347 neg 0.06405611227728396 off 0.04771420821678138	false	1.0
kritik	neg 1.0		__DUMMY__ 0.881113924033078 neg 0.07215768331338188 off 0.046728392653540174	false	1.0
einschrumpfen	neg 1.0		__DUMMY__ 0.882001222193604 neg 0.06756546131140695 off 0.05043331649498908	false	1.0
riskant	neg 1.0		__DUMMY__ 0.8894242338730354 neg 0.06658724211497904 off 0.04398852401198554	false	1.0
frustrieren	neg 1.0		__DUMMY__ 0.8881514515579654 neg 0.06787534563988915 off 0.043973202802145485	false	1.0
groll	neg 1.0		__DUMMY__ 0.8867856854043984 neg 0.06796923459603837 off 0.04524507999956319	false	1.0
gibt			__DUMMY__ 0.8880874976381291 neg 0.0664108502612059 off 0.04550165210066497	false	0.0
qualvoll	neg 1.0		__DUMMY__ 0.8893048964597661 neg 0.0622145521729824 off 0.04848055136725142	false	1.0
wackeln	neg 1.0		__DUMMY__ 0.8926780659852639 neg 0.060214825549576 off 0.04710710846516001	false	1.0
klagen	neg 1.0		__DUMMY__ 0.8879823828218063 neg 0.06920197585331961 off 0.042815641324874094	false	1.0
bankrott	neg 1.0		__DUMMY__ 0.8885575362434417 neg 0.060952833709440775 off 0.05048963004711743	false	1.0
trauern	neg 1.0		__DUMMY__ 0.8898434823903513 neg 0.06603522934539534 off 0.04412128826425345	false	1.0
ablehnung	neg 1.0	neg 1.0	neg 0.5240775877560322 __DUMMY__ 0.44061721329103537 off 0.035305198952932514	false	1.0
stur	neg 1.0		__DUMMY__ 0.8874372659606977 neg 0.06462330648262155 off 0.04793942755668082	false	1.0
aufruhr	neg 1.0		__DUMMY__ 0.883050303021658 neg 0.06908313219832468 off 0.04786656478001736	false	1.0
melancholie	neg 1.0		__DUMMY__ 0.8926573156821417 neg 0.06285742927002302 off 0.04448525504783521	false	1.0
ist			__DUMMY__ 0.8867507905382475 neg 0.0652284940243256 off 0.048020715437426975	false	0.0
torheit	neg 1.0		__DUMMY__ 0.8805586059201275 neg 0.07092280910815668 off 0.048518584971715926	false	1.0
dreckskind	off 1.0		__DUMMY__ 0.8786985777522205 neg 0.06536537688016615 off 0.05593604536761337	false	0.5
umtauschen	neg 1.0		__DUMMY__ 0.8907994871974979 neg 0.0632049133908664 off 0.04599559941163577	false	1.0
zum			__DUMMY__ 0.8978353302996764 neg 0.06186152680829615 off 0.04030314289202733	false	0.0
zersetzen	neg 1.0		__DUMMY__ 0.8879472288076806 neg 0.06869074237666128 off 0.04336202881565808	false	1.0
zur			__DUMMY__ 0.8912258555051196 neg 0.06806128202747833 off 0.04071286246740204	false	0.0
frust	neg 1.0		__DUMMY__ 0.8893182347766261 neg 0.06510549758029105 off 0.04557626764308282	false	1.0
unerbittlichkeit	neg 1.0		__DUMMY__ 0.8869666039366888 neg 0.06891564191776722 off 0.04411775414554398	false	1.0
zwei			__DUMMY__ 0.8949458602367861 neg 0.06331652745607705 off 0.04173761230713687	false	0.0
unkorrekt	neg 1.0		__DUMMY__ 0.8822717925222965 neg 0.06548944789038479 off 0.05223875958731861	false	1.0
hexe	off 1.0		__DUMMY__ 0.8875801009105376 neg 0.0618442106068357 off 0.05057568848262674	false	0.5
lasch	neg 1.0		__DUMMY__ 0.8846238182287817 neg 0.06571198985041606 off 0.049664191920802306	false	1.0
rivale	neg 1.0		__DUMMY__ 0.8833709148033769 neg 0.06245855916764346 off 0.05417052602897962	false	1.0
mutlos	off 1.0	off 1.0	off 0.504046981909541 __DUMMY__ 0.4427961456125175 neg 0.05315687247794159	false	1.0
wirr	off 1.0		__DUMMY__ 0.8823260349058625 neg 0.06432517972489893 off 0.05334878536923866	false	0.5
jahr			__DUMMY__ 0.8931404269852865 neg 0.06333605240499122 off 0.043523520609722206	false	0.0
wird			__DUMMY__ 0.8888408191336312 neg 0.06680268006426997 off 0.0443565008020988	false	0.0
strafbar	neg 1.0		__DUMMY__ 0.8852933547990786 neg 0.07019975706242462 off 0.044506888138496854	false	1.0
erosion	neg 1.0		__DUMMY__ 0.8903740818758029 neg 0.061597918745013296 off 0.04802799937918384	false	1.0
eingehen	neg 1.0		__DUMMY__ 0.8869218821012123 neg 0.06824185292366138 off 0.04483626497512643	false	1.0
faul	off 1.0		__DUMMY__ 0.8906830221583057 neg 0.05955561382486788 off 0.04976136401682641	false	0.5
provisorium	neg 1.0		__DUMMY__ 0.895347984897761 neg 0.06702563575825872 off 0.03762637934398025	false	1.0
schmerzen	neg 1.0		__DUMMY__ 0.8904991574413844 neg 0.06409903281212584 off 0.04540180974648976	false	1.0
schrumpfen	neg 1.0		__DUMMY__ 0.8923325721014432 neg 0.06729344718690748 off 0.04037398071164938	false	1.0
geistlos	off 1.0		__DUMMY__ 0.8793925725874765 neg 0.07081286671735339 off 0.0497945606951701	false	0.5
fehlkauf	neg 1.0		__DUMMY__ 0.8860184876255668 neg 0.06457783784376446 off 0.049403674530668726	false	1.0
frustrierend	neg 1.0	neg 1.0	neg 0.5176219696974378 __DUMMY__ 0.4448253095265162 off 0.03755272077604611	false	1.0
unzufrieden	neg 1.0		__DUMMY__ 0.8877024602060101 neg 0.06722261396627653 off 0.0450749258277135	false	1.0
verzweifeln	neg 1.0		__DUMMY__ 0.8890651603701716 neg 0.06460632200874983 off 0.046328517621078605	false	1.0
verzweifelt	neg 1.0		__DUMMY__ 0.8875244655438437 neg 0.0646648680126663 off 0.047810666443490045	false	1.0
misstrauensantrag	neg 1.0		__DUMMY__ 0.8844478983905992 neg 0.06630118349565489 off 0.049250918113745865	false	1.0
abfallen	neg 1.0		__DUMMY__ 0.8931531849549534 neg 0.059863345543451234 off 0.04698346950159542	false	1.0
fucker	off 1.0		__DUMMY__ 0.8839310139592144 neg 0.06263104416067572 off 0.05343794188010989	false	0.5
ungezogen	neg 1.0		__DUMMY__ 0.8838238083486827 neg 0.05850204874477778 off 0.057674142906539494	false	1.0
irrsinnig	neg 1.0	neg 1.0	neg 0.5205759901165937 __DUMMY__ 0.4433915974174626 off 0.03603241246594362	false	1.0
unfassbar	neg 1.0		__DUMMY__ 0.8864256184947122 neg 0.06277829530434935 off 0.05079608620093841	false	1.0
hart	neg 1.0		__DUMMY__ 0.8850302669350103 neg 0.06418656121448023 off 0.05078317185050949	false	1.0
widerlich	off 1.0		__DUMMY__ 0.8846456115505127 neg 0.06373852755009345 off 0.05161586089939383	false	0.5
fatal	neg 1.0		__DUMMY__ 0.8863333048271778 neg 0.06432303158549511 off 0.049343663587327107	false	1.0
bruch	neg 1.0		__DUMMY__ 0.8860557534861996 neg 0.0714304140994159 off 0.04251383241438457	false	1.0
aushungern	neg 1.0		__DUMMY__ 0.8833145992378039 neg 0.06878667744721956 off 0.047898723314976556	false	1.0
anspannung	neg 1.0		__DUMMY__ 0.8929833046390847 neg 0.06570245944785826 off 0.04131423591305694	false	1.0
von			__DUMMY__ 0.8935759984649617 neg 0.06361098224173349 off 0.04281301929330477	false	0.0
kraftlos	neg 1.0		__DUMMY__ 0.8932379829411269 neg 0.062412146635300446 off 0.04434987042357271	false	1.0
vom			__DUMMY__ 0.8968680505406317 neg 0.06469669059485844 off 0.03843525886450995	false	0.0
grenzdebil	off 1.0		__DUMMY__ 0.8875631365440866 neg 0.06082479990033899 off 0.05161206355557453	false	0.5
vor			__DUMMY__ 0.8919090776175572 neg 0.06585649968451893 off 0.042234422697923865	false	0.0
unterwerfen	neg 1.0		__DUMMY__ 0.8871987561846185 neg 0.0682525914499452 off 0.04454865236543628	false	1.0
versenkung	neg 1.0		__DUMMY__ 0.8885764386129605 neg 0.06727543400067934 off 0.044148127386360085	false	1.0
entziehen	neg 1.0		__DUMMY__ 0.8886180269800439 neg 0.06899352022788752 off 0.042388452792068536	false	1.0
finanzkrise	neg 1.0		__DUMMY__ 0.8824261067972852 neg 0.07033359911892215 off 0.04724029408379272	false	1.0
schimpfend	neg 1.0		__DUMMY__ 0.8945594778917624 neg 0.05802045618401975 off 0.04742006592421788	false	1.0
profan	neg 1.0		__DUMMY__ 0.8874360382001593 neg 0.06410526893208522 off 0.04845869286775551	false	1.0
korruption	neg 1.0		__DUMMY__ 0.8831179293936152 neg 0.07095734708307726 off 0.045924723523307544	false	1.0
â			__DUMMY__ 0.8902861736928908 neg 0.06469680675332538 off 0.04501701955378395	false	0.0
schmutzig	neg 1.0		__DUMMY__ 0.8902256876938803 neg 0.058738090938481605 off 0.051036221367638045	false	1.0
sexy	neg 1.0		__DUMMY__ 0.8875595162332405 neg 0.06214556572123562 off 0.050294918045523856	false	1.0
abraten	neg 1.0		__DUMMY__ 0.8898031880273024 neg 0.06254586939160774 off 0.04765094258108986	false	1.0
schwarz	neg 1.0		__DUMMY__ 0.8868517102942125 neg 0.06456754129443856 off 0.048580748411348906	false	1.0
fotze	off 1.0		__DUMMY__ 0.8867708330510276 neg 0.06722420477707057 off 0.046004962171901885	false	0.5
verwirren	neg 1.0		__DUMMY__ 0.8875134921844903 neg 0.06328791099282059 off 0.0491985968226892	false	1.0
zahnlos	off 1.0		__DUMMY__ 0.8862025313734987 neg 0.06837342707457286 off 0.045424041551928515	false	0.5
verheeren	neg 1.0		__DUMMY__ 0.8793100274071375 neg 0.06089787665576396 off 0.05979209593709856	false	1.0
hippie	neg 1.0		__DUMMY__ 0.887023829077428 neg 0.06278128117885524 off 0.05019488974371679	false	1.0
rammen	neg 1.0		__DUMMY__ 0.888949416247098 neg 0.062254484021645656 off 0.04879609973125625	false	1.0
unlauter	neg 1.0	neg 1.0	neg 0.5200013387676843 __DUMMY__ 0.44271051086453167 off 0.037288150367783914	false	1.0
unheilvoll	neg 1.0		__DUMMY__ 0.8896812285264204 neg 0.062259254262391636 off 0.048059517211187966	false	1.0
niedrig	neg 1.0		__DUMMY__ 0.8880264269797707 neg 0.06723353214377424 off 0.044740040876454994	false	1.0
explosion	neg 1.0		__DUMMY__ 0.8886727631513381 neg 0.06171069303883071 off 0.04961654380983115	false	1.0
weichei	off 1.0		__DUMMY__ 0.8837606626106224 neg 0.06069712448138389 off 0.055542212907993826	false	0.5
minusmensch	off 1.0		__DUMMY__ 0.877479236838152 neg 0.06268315020991842 off 0.059837612951929624	false	0.5
farblos	neg 1.0		__DUMMY__ 0.8878008754896031 neg 0.06483539227445166 off 0.047363732235945234	false	1.0
unwissend	neg 1.0	neg 1.0	neg 0.5187833199028943 __DUMMY__ 0.44265057321284984 off 0.03856610688425597	false	1.0
traurig	neg 1.0		__DUMMY__ 0.8869106789088032 neg 0.06016881795299958 off 0.05292050313819733	false	1.0
senkung	neg 1.0		__DUMMY__ 0.8859818489596596 neg 0.06455119398286016 off 0.04946695705748034	false	1.0
ungleich	neg 1.0	neg 1.0	neg 0.5229463790912228 __DUMMY__ 0.44346039715898966 off 0.03359322374978768	false	1.0
heikel	neg 1.0		__DUMMY__ 0.8885970486241523 neg 0.0681537135359213 off 0.04324923783992639	false	1.0
drosselung	neg 1.0		__DUMMY__ 0.888058026428046 neg 0.05888841016031994 off 0.05305356341163404	false	1.0
falsch	neg 1.0		__DUMMY__ 0.886832865761 neg 0.06321946896814207 off 0.049947665270858	false	1.0
unzufriedenheit	neg 1.0		__DUMMY__ 0.8879802391298566 neg 0.06877835182766383 off 0.04324140904247963	false	1.0
kurz	neg 1.0		__DUMMY__ 0.8924786505114469 neg 0.062324286273889785 off 0.04519706321466326	false	1.0
unsinnig	neg 1.0		__DUMMY__ 0.8873087131231076 neg 0.06726919405833785 off 0.045422092818554576	false	1.0
penner	off 1.0	off 1.0	off 0.5132600342554927 __DUMMY__ 0.4418981187534965 neg 0.044841846991010834	false	1.0
seicht	neg 1.0		__DUMMY__ 0.8799052231634272 neg 0.06219438555367599 off 0.05790039128289676	false	1.0
dummheit	off 1.0	off 1.0	off 0.5072707397184664 __DUMMY__ 0.4422987672762105 neg 0.05043049300532316	false	1.0
unerfreulich	neg 1.0		__DUMMY__ 0.8896437409724072 neg 0.06771457756515796 off 0.042641681462434765	false	1.0
motherfucker	off 1.0	off 1.0	off 0.5105916827318528 __DUMMY__ 0.4419706464643603 neg 0.047437670803786906	false	1.0
pikiert	neg 1.0		__DUMMY__ 0.8852487990308767 neg 0.06416886561699431 off 0.050582335352128985	false	1.0
wrack	neg 1.0		__DUMMY__ 0.8917334774435688 neg 0.0633157636760384 off 0.04495075888039287	false	1.0
gangster	neg 1.0		__DUMMY__ 0.8871159397306018 neg 0.06340745447671457 off 0.049476605792683606	false	1.0
krank	neg 1.0		__DUMMY__ 0.8893119860238846 neg 0.05943967819654968 off 0.05124833577956568	false	1.0
reich	neg 1.0		__DUMMY__ 0.8781458897932799 neg 0.07018377486505309 off 0.051670335341667005	false	1.0
gnadenlos	neg 1.0		__DUMMY__ 0.8876211839580289 neg 0.06460996747648753 off 0.04776884856548355	false	1.0
niedergeschlagen	neg 1.0		__DUMMY__ 0.8896377612193911 neg 0.06479149626846215 off 0.04557074251214678	false	1.0
terrorisieren	off 1.0	off 1.0	off 0.5036728953437924 __DUMMY__ 0.4459747376146757 neg 0.05035236704153186	false	1.0
sinnlosigkeit	neg 1.0		__DUMMY__ 0.8864610172174812 neg 0.06816061076282032 off 0.045378372019698576	false	1.0
behindern	neg 1.0		__DUMMY__ 0.8905518708540058 neg 0.06281357873526566 off 0.04663455041072848	false	1.0
undemokratisch	neg 1.0		__DUMMY__ 0.8817366386240237 neg 0.06949426985289885 off 0.04876909152307749	false	1.0
wirtschaftskrise	neg 1.0		__DUMMY__ 0.8848540446160265 neg 0.06942527440795168 off 0.045720680976021784	false	1.0
neid	neg 1.0		__DUMMY__ 0.8899184227251785 neg 0.06081071019120434 off 0.049270867083617095	false	1.0
rutschen	neg 1.0		__DUMMY__ 0.8981030137500589 neg 0.061571878161285724 off 0.040325108088655366	false	1.0
rezession	neg 1.0		__DUMMY__ 0.8798834028021749 neg 0.06515179634559438 off 0.05496480085223073	false	1.0
fehlgeburt	neg 1.0		__DUMMY__ 0.888001665171187 neg 0.06489633115518458 off 0.04710200367362844	false	1.0
charakterschwach	off 1.0		__DUMMY__ 0.8850570147228136 neg 0.0633877270170405 off 0.05155525826014597	false	0.5
isolation	neg 1.0		__DUMMY__ 0.8874818733760461 neg 0.06152058582841798 off 0.05099754079553585	false	1.0
ablenkung	neg 1.0		__DUMMY__ 0.889871594686952 neg 0.06314582789798381 off 0.04698257741506407	false	1.0
pech	neg 1.0		__DUMMY__ 0.887878641436853 neg 0.06332977392897182 off 0.04879158463417523	false	1.0
vermeidung	neg 1.0		__DUMMY__ 0.8884435559346459 neg 0.05949570951529571 off 0.052060734550058385	false	1.0
dominieren	neg 1.0		__DUMMY__ 0.8881815244397403 neg 0.06578940731719334 off 0.04602906824306637	false	1.0
schwindlig	neg 1.0		__DUMMY__ 0.8911382678524038 neg 0.060400996548519686 off 0.04846073559907649	false	1.0
lutscher	neg 1.0		__DUMMY__ 0.8805283532289733 neg 0.06122614541452662 off 0.0582455013565002	false	1.0
pflicht	neg 1.0		__DUMMY__ 0.8880561301522827 neg 0.06866567575699592 off 0.04327819409072131	false	1.0
faschist	off 1.0		__DUMMY__ 0.8812702075979367 neg 0.06920961948798617 off 0.04952017291407717	false	0.5
verschleudern	neg 1.0		__DUMMY__ 0.8853907841165194 neg 0.06941218206812727 off 0.04519703381535339	false	1.0
wenn			__DUMMY__ 0.8872862689599647 neg 0.06278313169767515 off 0.04993059934236019	false	0.0
ehebruch	neg 1.0		__DUMMY__ 0.8860545727093008 neg 0.06899142756325044 off 0.04495399972744876	false	1.0
spott	off 1.0		__DUMMY__ 0.8862525272739422 neg 0.06930051859087634 off 0.04444695413518144	false	0.5
trostlosigkeit	neg 1.0		__DUMMY__ 0.8837826042332543 neg 0.07270062217050753 off 0.04351677359623819	false	1.0
lutschen	neg 1.0		__DUMMY__ 0.8846853858701896 neg 0.06453845166540623 off 0.05077616246440409	false	1.0
undiszipliniert	neg 1.0		__DUMMY__ 0.8862504287134837 neg 0.061325503619069174 off 0.052424067667447186	false	1.0
kopfschmerz	neg 1.0		__DUMMY__ 0.8885982154954328 neg 0.06537522625018193 off 0.04602655825438523	false	1.0
unvorhergesehen	neg 1.0		__DUMMY__ 0.8935152695875063 neg 0.061648706237171454 off 0.044836024175322196	false	1.0
desinteressiert	neg 1.0		__DUMMY__ 0.8845360953023954 neg 0.06308235913269593 off 0.05238154556490867	false	1.0
armselig	off 1.0		__DUMMY__ 0.8833330502754991 neg 0.06333765082234985 off 0.05332929890215094	false	0.5
desaster	neg 1.0		__DUMMY__ 0.8864611687075534 neg 0.07125339837536653 off 0.04228543291708001	false	1.0
tod	neg 1.0		__DUMMY__ 0.884707205766894 neg 0.07094525451345217 off 0.04434753971965382	false	1.0
herzlos	neg 1.0		__DUMMY__ 0.8863648915163667 neg 0.060068830968554345 off 0.05356627751507896	false	1.0
unwissenheit	neg 1.0		__DUMMY__ 0.8853574719123364 neg 0.06921525301839965 off 0.045427275069264035	false	1.0
widersinnig	neg 1.0		__DUMMY__ 0.8820855327547195 neg 0.07123028496135915 off 0.046684182283921315	false	1.0
bedenklich	neg 1.0		__DUMMY__ 0.8880328174665805 neg 0.06788378702261004 off 0.044083395510809475	false	1.0
beanstanden	neg 1.0		__DUMMY__ 0.8886953343372402 neg 0.06839708331425427 off 0.04290758234850551	false	1.0
panisch	neg 1.0	neg 1.0	neg 0.5145797380240201 __DUMMY__ 0.44914745023417413 off 0.036272811741805626	false	1.0
debil	off 1.0		__DUMMY__ 0.8901940351496576 neg 0.06947613311845224 off 0.040329831731890156	false	0.5
abstrich	neg 1.0		__DUMMY__ 0.893217437565074 neg 0.06071426718860015 off 0.04606829524632581	false	1.0
primitiv	neg 1.0		__DUMMY__ 0.8843473538404352 neg 0.06354527793388459 off 0.052107368225680226	false	1.0
abschaum	off 1.0	off 1.0	off 0.508815060711597 __DUMMY__ 0.4416442138627942 neg 0.049540725425608764	false	1.0
provozieren	neg 1.0		__DUMMY__ 0.8855823728972188 neg 0.0670285273031104 off 0.04738909979967081	false	1.0
tot	neg 1.0		__DUMMY__ 0.8868702058374327 neg 0.06724766799405803 off 0.045882126168509244	false	1.0
instabil	neg 1.0		__DUMMY__ 0.881093201569221 neg 0.06472141932932433 off 0.05418537910145474	false	1.0
schwuchtel	off 1.0		__DUMMY__ 0.8763377443342852 off 0.06286661065236666 neg 0.06079564501334809	false	1.0
zerren	neg 1.0		__DUMMY__ 0.8898657439191687 neg 0.0645190004176476 off 0.045615255663183696	false	1.0
kinderficker	off 1.0		__DUMMY__ 0.8822334875284973 neg 0.06256461076637461 off 0.05520190170512815	false	0.5
gefahr	neg 1.0		__DUMMY__ 0.8866898429293151 neg 0.06857595052553067 off 0.044734206545154254	false	1.0
rabiat	neg 1.0		__DUMMY__ 0.8878541665315925 neg 0.06512694457188677 off 0.047018888896520665	false	1.0
verlangsamung	neg 1.0		__DUMMY__ 0.8797089199427919 neg 0.06272187267807855 off 0.05756920737912945	false	1.0
ausgestorben	neg 1.0		__DUMMY__ 0.8893839625763678 neg 0.06493728273525219 off 0.045678754688379994	false	1.0
anklagen	neg 1.0		__DUMMY__ 0.8854012386898814 neg 0.06765319642762302 off 0.0469455648824955	false	1.0
trott	neg 1.0		__DUMMY__ 0.8893566973424327 neg 0.06381533074125029 off 0.04682797191631702	false	1.0
verminderung	neg 1.0		__DUMMY__ 0.8859762665114979 neg 0.06116132712532124 off 0.0528624063631809	false	1.0
nach			__DUMMY__ 0.8953074151909419 neg 0.06427493622648395 off 0.04041764858257403	false	0.0
rost	neg 1.0		__DUMMY__ 0.882801053469246 neg 0.05961651220604382 off 0.05758243432471023	false	1.0
destruktiv	neg 1.0		__DUMMY__ 0.8847434470771152 neg 0.06872877394649154 off 0.04652777897639336	false	1.0
unzumutbarkeit	neg 1.0		__DUMMY__ 0.8878725325498825 neg 0.05990277179353085 off 0.052224695656586696	false	1.0
labil	off 1.0	off 1.0	off 0.509419555963385 __DUMMY__ 0.4422150006504984 neg 0.04836544338611668	false	1.0
ziemlich	neg 1.0		__DUMMY__ 0.8870167974748745 neg 0.06175562777318087 off 0.05122757475194455	false	1.0
lachnummer	off 1.0		__DUMMY__ 0.885036521995819 neg 0.06832719963834903 off 0.046636278365832055	false	0.5
oder			__DUMMY__ 0.8905390787429417 neg 0.06294119230934013 off 0.04651972894771808	false	0.0
verfall	neg 1.0		__DUMMY__ 0.8902630250366795 neg 0.069267589771894 off 0.040469385191426566	false	1.0
ausgrenzung	neg 1.0		__DUMMY__ 0.8818405085741066 neg 0.06887911301519407 off 0.04928037841069927	false	1.0
unordnung	neg 1.0		__DUMMY__ 0.8830306545092395 neg 0.062460763356670994 off 0.0545085821340895	false	1.0
fehlverhalten	neg 1.0		__DUMMY__ 0.8865001202352581 neg 0.06921257046791209 off 0.044287309296829724	false	1.0
eine			__DUMMY__ 0.8908638971562415 neg 0.06668228992825495 off 0.04245381291550356	false	0.0
nille	neg 1.0		__DUMMY__ 0.8848602646052406 neg 0.06767804549636033 off 0.04746168989839911	false	1.0
qual	neg 1.0		__DUMMY__ 0.8890481844726928 neg 0.06413002907433675 off 0.04682178645297048	false	1.0
verschwenden	neg 1.0		__DUMMY__ 0.8885372339632606 neg 0.06743278173225764 off 0.044029984304481753	false	1.0
riesig	neg 1.0		__DUMMY__ 0.8892476965399699 neg 0.06470672568723701 off 0.04604557777279303	false	1.0
verurteilen	neg 1.0		__DUMMY__ 0.8850203745167983 neg 0.0692830243279587 off 0.04569660115524301	false	1.0
klischee	neg 1.0	neg 1.0	neg 0.5204634519573068 __DUMMY__ 0.4417945403059031 off 0.037742007736790074	false	1.0
diktatorisch	neg 1.0		__DUMMY__ 0.8798420752124674 neg 0.07134973322311382 off 0.048808191564418804	false	1.0
vorhersehbar	neg 1.0		__DUMMY__ 0.8836893069602798 neg 0.06749716226370713 off 0.04881353077601318	false	1.0
sowie			__DUMMY__ 0.8804234857309362 neg 0.06320279837241059 off 0.056373715896653166	false	0.0
stornieren	neg 1.0		__DUMMY__ 0.8905527853147956 neg 0.06066483711864269 off 0.04878237756656172	false	1.0
besteuerung	neg 1.0		__DUMMY__ 0.8859074768076484 neg 0.06607319039327623 off 0.04801933279907535	false	1.0
ungeschminkt	neg 1.0		__DUMMY__ 0.8857916903081721 neg 0.0628088806040775 off 0.05139942908775043	false	1.0
kritisch	neg 1.0		__DUMMY__ 0.8862280215424939 neg 0.06929054021803174 off 0.044481438239474404	false	1.0
schlamperei	off 1.0		__DUMMY__ 0.8864926034059106 neg 0.06850965085224861 off 0.04499774574184077	false	0.5
sucht	neg 1.0	neg 1.0	neg 0.5132402158563488 __DUMMY__ 0.44995227752029343 off 0.036807506623357696	false	1.0
egoistisch	off 1.0		__DUMMY__ 0.8841121183100424 neg 0.0603112340574049 off 0.05557664763255258	false	0.5
ausbeuter	off 1.0		__DUMMY__ 0.8854206918097214 neg 0.07055492560002037 off 0.04402438259025821	false	0.5
arschgeburt	off 1.0		__DUMMY__ 0.8763948163338745 off 0.0628273638581575 neg 0.060777819807968016	false	1.0
schubs	neg 1.0	neg 1.0	neg 0.517721445910843 __DUMMY__ 0.4487565678264344 off 0.03352198626272245	false	1.0
unsolide	neg 1.0		__DUMMY__ 0.8776579604654172 neg 0.07075640926059193 off 0.051585630273990886	false	1.0
beschwerde	neg 1.0		__DUMMY__ 0.8865313827072843 neg 0.06791248129261367 off 0.04555613600010211	false	1.0
stocken	neg 1.0		__DUMMY__ 0.8892984724802115 neg 0.0657533904784965 off 0.04494813704129185	false	1.0
isolieren	neg 1.0		__DUMMY__ 0.8912503908568982 neg 0.06231865431210686 off 0.046430954830995	false	1.0
unheilbar	neg 1.0		__DUMMY__ 0.88666014869272 neg 0.06570416717189237 off 0.04763568413538763	false	1.0
pisser	off 1.0		__DUMMY__ 0.8826621340556792 neg 0.06322077387903531 off 0.05411709206528555	false	0.5
löschen	neg 1.0		__DUMMY__ 0.8871372725320689 neg 0.06485123056692257 off 0.04801149690100867	false	1.0
durchfallen	neg 1.0		__DUMMY__ 0.8883827976447749 neg 0.0671337282734894 off 0.04448347408173577	false	1.0
wichser	off 1.0		__DUMMY__ 0.8812773457333047 neg 0.05940540011341605 off 0.05931725415327928	false	0.5
terror	neg 1.0		__DUMMY__ 0.889615616258589 neg 0.06063740129363221 off 0.04974698244777874	false	1.0
krass	neg 1.0		__DUMMY__ 0.885259466265611 neg 0.061153616856823516 off 0.053586916877565456	false	1.0
revolte	neg 1.0	neg 1.0	neg 0.5236193180429549 __DUMMY__ 0.4381706242689573 off 0.038210057688087745	false	1.0
besorgt	neg 1.0		__DUMMY__ 0.8938025609213139 neg 0.06080089098818219 off 0.04539654809050385	false	1.0
nachlassen	neg 1.0		__DUMMY__ 0.8903166606481712 neg 0.06454905618780449 off 0.04513428316402427	false	1.0
alt	neg 1.0		__DUMMY__ 0.8937015314096618 neg 0.06324508723966754 off 0.043053381350670605	false	1.0
hundesohn	off 1.0		__DUMMY__ 0.878843381268721 neg 0.06207599540690969 off 0.05908062332436927	false	0.5
als			__DUMMY__ 0.8903081163393938 neg 0.06473660241192031 off 0.04495528124868596	false	0.0
abschreckung	neg 1.0		__DUMMY__ 0.8876574873372037 neg 0.06913441719700524 off 0.043208095465791005	false	1.0
unqualifiziert	neg 1.0		__DUMMY__ 0.8848203868947343 neg 0.06607244136880931 off 0.04910717173645645	false	1.0
abgewichst	off 1.0		__DUMMY__ 0.8871518613358408 neg 0.06644312986333706 off 0.046405008800822135	false	0.5
schwer	neg 1.0		__DUMMY__ 0.8891176717891508 neg 0.0644423735203354 off 0.04643995469051379	false	1.0
bedeutungslosigkeit	neg 1.0		__DUMMY__ 0.8865710355214079 neg 0.06968897641697909 off 0.0437399880616129	false	1.0
kapitulation	neg 1.0		__DUMMY__ 0.8817753085579294 neg 0.07258254152090955 off 0.0456421499211611	false	1.0
unscharf	neg 1.0		__DUMMY__ 0.8875901476490575 neg 0.06361967732565897 off 0.04879017502528355	false	1.0
schwinden	neg 1.0		__DUMMY__ 0.8889646609751068 neg 0.06727052223486135 off 0.04376481679003186	false	1.0
versklavung	neg 1.0	neg 1.0	neg 0.5230578913541649 __DUMMY__ 0.4401668016095961 off 0.03677530703623891	false	1.0
schlecht	neg 1.0		__DUMMY__ 0.8875437841476078 neg 0.06091825554753728 off 0.05153796030485484	false	1.0
verhasst	neg 1.0		__DUMMY__ 0.8848579867773523 neg 0.06768091382198109 off 0.04746109940066658	false	1.0
beschweren	neg 1.0		__DUMMY__ 0.8884287016737016 neg 0.0634336943031999 off 0.048137604023098586	false	1.0
scheiden	neg 1.0		__DUMMY__ 0.8890168718760405 neg 0.06495248361967766 off 0.04603064450428181	false	1.0
frustriert	neg 1.0		__DUMMY__ 0.8884199440787836 neg 0.06578812725880248 off 0.045791928662413904	false	1.0
schimmelig	neg 1.0		__DUMMY__ 0.8883858845955807 neg 0.06776065882839323 off 0.04385345657602608	false	1.0
fisch	neg 1.0	neg 1.0	neg 0.5172990932877349 __DUMMY__ 0.4491901459540782 off 0.0335107607581869	false	1.0
schmuggel	neg 1.0		__DUMMY__ 0.8923671508843064 neg 0.06447470698899323 off 0.043158142126700404	false	1.0
auffallen	neg 1.0		__DUMMY__ 0.8877997105840707 neg 0.0636910088294955 off 0.048509280586433834	false	1.0
konkurrenz	neg 1.0		__DUMMY__ 0.8914139635403738 neg 0.06582084653641736 off 0.04276518992320874	false	1.0
teufelskreis	neg 1.0		__DUMMY__ 0.8868718076065062 neg 0.06702367503137233 off 0.046104517362121525	false	1.0
aufschreien	neg 1.0		__DUMMY__ 0.8851588211180539 neg 0.06618536328760868 off 0.04865581559433751	false	1.0
schuldner	neg 1.0		__DUMMY__ 0.8859635884601209 neg 0.06958914373254227 off 0.04444726780733675	false	1.0
missgeburt	off 1.0	off 1.0	off 0.5127797124398421 __DUMMY__ 0.4402953463451184 neg 0.04692494121503944	false	1.0
arbeitslos	neg 1.0		__DUMMY__ 0.886914348914986 neg 0.06768148760043059 off 0.04540416348458336	false	1.0
befallen	neg 1.0		__DUMMY__ 0.8830070521641897 neg 0.07135758854718827 off 0.04563535928862203	false	1.0
miesepetrig	off 1.0		__DUMMY__ 0.8883819879776125 neg 0.06071835741281752 off 0.050899654609570064	false	0.5
alarmieren	neg 1.0		__DUMMY__ 0.8840296286129407 neg 0.06466203174305957 off 0.05130833964399974	false	1.0
ungeduscht	off 1.0		__DUMMY__ 0.8879276892797807 neg 0.06326560303736484 off 0.048806707682854465	false	0.5
knappheit	neg 1.0		__DUMMY__ 0.8874711727247797 neg 0.0669571921213007 off 0.04557163515391951	false	1.0
schlange	neg 1.0		__DUMMY__ 0.890270068405743 neg 0.062016064758158976 off 0.047713866836098004	false	1.0
harsch	neg 1.0		__DUMMY__ 0.8860821768294451 neg 0.05771836246605638 off 0.056199460704498556	false	1.0
lang	neg 1.0		__DUMMY__ 0.8879375165856402 neg 0.06405733770507693 off 0.048005145709282854	false	1.0
ziellos	neg 1.0		__DUMMY__ 0.8893109971616783 neg 0.06600888880832571 off 0.04468011402999593	false	1.0
selbstverliebt	neg 1.0		__DUMMY__ 0.8772691331980733 neg 0.06221573002320261 off 0.06051513677872418	false	1.0
beseitigen	neg 1.0		__DUMMY__ 0.8917283146043159 neg 0.06060300975973771 off 0.04766867563594645	false	1.0
dumm	off 1.0		__DUMMY__ 0.8825536417231339 neg 0.06126858432138822 off 0.056177773955477815	false	0.5
arbeitsloser	neg 1.0		__DUMMY__ 0.8876720894367158 neg 0.06757363081072743 off 0.04475427975255679	false	1.0
blitzen	neg 1.0		__DUMMY__ 0.8860429652991397 neg 0.06387315237264327 off 0.05008388232821694	false	1.0
hilflos	neg 1.0		__DUMMY__ 0.8889201117727263 neg 0.06566963905888246 off 0.04541024916839116	false	1.0
eklig	off 1.0		__DUMMY__ 0.8812513093965387 neg 0.06190729489552388 off 0.056841395707937406	false	0.5
begriff			__DUMMY__ 0.8874755453365589 neg 0.06664773615519756 off 0.04587671850824361	false	0.0
hungersnot	neg 1.0		__DUMMY__ 0.8813085964054602 neg 0.07133404830439104 off 0.04735735529014872	false	1.0
ungesetzlich	neg 1.0		__DUMMY__ 0.880836131513113 neg 0.06924473261486097 off 0.049919135872026	false	1.0
verschwendung	neg 1.0		__DUMMY__ 0.888827799530654 neg 0.06775056473183842 off 0.043421635737507513	false	1.0
schmerzvoll	neg 1.0		__DUMMY__ 0.8882653742101203 neg 0.06366564575042272 off 0.048068980039457004	false	1.0
vorzeitig	neg 1.0		__DUMMY__ 0.8873830686739483 neg 0.06126669229095619 off 0.05135023903509537	false	1.0
unvollkommenheit	neg 1.0		__DUMMY__ 0.8881621892109292 neg 0.06475472004191847 off 0.047083090747152334	false	1.0
intervenieren	neg 1.0		__DUMMY__ 0.8847060517230677 neg 0.07092348713654892 off 0.04437046114038345	false	1.0
banause	off 1.0		__DUMMY__ 0.8802785501552499 neg 0.06170277959385529 off 0.05801867025089482	false	0.5
rebell	neg 1.0		__DUMMY__ 0.891349864060763 neg 0.06632370659810878 off 0.04232642934112816	false	1.0
unlogisch	neg 1.0		__DUMMY__ 0.8840192819258441 neg 0.0626058853741285 off 0.05337483270002735	false	1.0
leiden	neg 1.0	neg 1.0	neg 0.5150879190736022 __DUMMY__ 0.4529938332651201 off 0.031918247661277634	false	1.0
abschaffung	neg 1.0		__DUMMY__ 0.8847794667375477 neg 0.06713556946404328 off 0.04808496379840906	false	1.0
sturz	neg 1.0		__DUMMY__ 0.8840360497880508 neg 0.06748096351404377 off 0.048482986697905406	false	1.0
verkleinerung	neg 1.0		__DUMMY__ 0.8824796986076071 neg 0.0669088263405845 off 0.050611475051808436	false	1.0
schmarotzer	off 1.0		__DUMMY__ 0.8855439588147366 neg 0.06933915435753275 off 0.04511688682773069	false	0.5
bestrafung	neg 1.0		__DUMMY__ 0.8864557943468064 neg 0.0654841128656579 off 0.04806009278753573	false	1.0
achtlos	neg 1.0		__DUMMY__ 0.8902188196701493 neg 0.06343378583235261 off 0.046347394497498084	false	1.0
ungeheuer	neg 1.0		__DUMMY__ 0.8864395224949616 neg 0.06495159641110969 off 0.04860888109392863	false	1.0
unaufrichtig	neg 1.0		__DUMMY__ 0.8821855188232839 neg 0.06795087315302872 off 0.04986360802368727	false	1.0
