unsolidarisch	neg 1.0		neg 0.5448349396862643 off 0.3866381949366413 __DUMMY__ 0.06852686537709422	false	1.0
nachteilig	neg 1.0		neg 0.543735716828007 off 0.3867751983978695 __DUMMY__ 0.06948908477412336	false	1.0
skeptisch	neg 1.0		neg 0.5458519510102985 off 0.38442090099590565 __DUMMY__ 0.06972714799379581	false	1.0
schrecklich	neg 1.0		neg 0.5319637418314351 off 0.398861234917937 __DUMMY__ 0.06917502325062795	false	1.0
schlapp	neg 1.0		neg 0.53438813001994 off 0.3959141465644144 __DUMMY__ 0.06969772341564567	false	1.0
abfall	neg 1.0		neg 0.5474501798964309 off 0.3827476301147136 __DUMMY__ 0.06980218998885551	false	1.0
widerspenstig	neg 1.0		neg 0.5390934444464955 off 0.39103407736116724 __DUMMY__ 0.06987247819233722	false	1.0
abrupt	neg 1.0		neg 0.5403675054409688 off 0.3896769293408598 __DUMMY__ 0.0699555652181714	false	1.0
unwirksam	neg 1.0		neg 0.5425731424707 off 0.3885565506819761 __DUMMY__ 0.06887030684732386	false	1.0
angreifen	neg 1.0		neg 0.545370811738981 off 0.3851229371944152 __DUMMY__ 0.06950625106660369	false	1.0
inkonsistent	neg 1.0		neg 0.5389501769281801 off 0.3917968181990004 __DUMMY__ 0.06925300487281932	false	1.0
abrutschen	neg 1.0		neg 0.5465386090908135 off 0.38351356486705257 __DUMMY__ 0.06994782604213384	false	1.0
unsicher	neg 1.0		neg 0.5399288127528211 off 0.39038845697104363 __DUMMY__ 0.06968273027613522	false	1.0
bauernkind	off 1.0		neg 0.5308396739617827 off 0.40060629559456506 __DUMMY__ 0.06855403044365228	false	0.5
angreifer	neg 1.0		neg 0.5388338359967628 off 0.3921128822381787 __DUMMY__ 0.0690532817650586	false	1.0
trennen	neg 1.0		neg 0.5425343580083614 off 0.3872640012181929 __DUMMY__ 0.0702016407734457	false	1.0
schmutz	neg 1.0		neg 0.5310033476467568 off 0.39888962598126637 __DUMMY__ 0.07010702637197677	false	1.0
inkonsistenz	neg 1.0	neg 1.0	neg 0.7575856597445556 off 0.2093260442748271 __DUMMY__ 0.033088295980617265	false	1.0
erschreckend	neg 1.0		neg 0.5426659613038498 off 0.38790248866741484 __DUMMY__ 0.06943155002873537	false	1.0
ertrinken	neg 1.0		neg 0.5425793520539484 off 0.38750348407126095 __DUMMY__ 0.06991716387479059	false	1.0
pickelface	off 1.0		neg 0.540517383680399 off 0.39022074897055975 __DUMMY__ 0.06926186734904129	false	0.5
seiner			neg 0.5447407870432723 off 0.3855886667850758 __DUMMY__ 0.0696705461716519	false	0.0
lauch	neg 1.0		neg 0.5457334387603043 off 0.384487432705775 __DUMMY__ 0.06977912853392065	false	1.0
unwichtig	neg 1.0		neg 0.5365051764117013 off 0.3942044958783424 __DUMMY__ 0.06929032770995622	false	1.0
steuerhinterziehung	neg 1.0		neg 0.5441514732978875 off 0.38691858684526786 __DUMMY__ 0.06892993985684467	false	1.0
schock	neg 1.0		neg 0.5402073993538326 off 0.38979530463258744 __DUMMY__ 0.06999729601358005	false	1.0
beule	neg 1.0		neg 0.5330455580521076 off 0.3973231087509778 __DUMMY__ 0.06963133319691449	false	1.0
vergelten	neg 1.0		neg 0.5321002417670214 off 0.39911933305842073 __DUMMY__ 0.06878042517455772	false	1.0
verdorbenheit	neg 1.0		neg 0.5367226963046379 off 0.3933743451331304 __DUMMY__ 0.06990295856223176	false	1.0
trauma	neg 1.0		neg 0.5386704127585389 off 0.39187571258448883 __DUMMY__ 0.06945387465697231	false	1.0
sinnlos	neg 1.0		neg 0.5384645211796434 off 0.3920781464115693 __DUMMY__ 0.0694573324087873	false	1.0
fettsack	off 1.0	off 1.0	off 0.6836125441160911 neg 0.2834749365562243 __DUMMY__ 0.03291251932768472	false	1.0
feige	off 1.0		neg 0.5380115056103488 off 0.39291244993566504 __DUMMY__ 0.06907604445398616	false	0.5
abdanken	neg 1.0		neg 0.5454822500204375 off 0.3858688902757668 __DUMMY__ 0.06864885970379583	false	1.0
wichtigtuer	off 1.0	off 1.0	off 0.6783953506177612 neg 0.2885146221231933 __DUMMY__ 0.03309002725904539	false	1.0
misslingen	neg 1.0		neg 0.5359663942915798 off 0.3941322417432233 __DUMMY__ 0.06990136396519699	false	1.0
untreu	off 1.0		neg 0.5352625824774572 off 0.3953967105375287 __DUMMY__ 0.06934070698501402	false	0.5
missmutig	neg 1.0		neg 0.5353986857434313 off 0.39495283019604616 __DUMMY__ 0.06964848406052246	false	1.0
hurenbock	off 1.0		neg 0.5360195539742878 off 0.39399222168559794 __DUMMY__ 0.06998822434011436	false	0.5
betrunken	neg 1.0		neg 0.5326066636542536 off 0.3978901899000731 __DUMMY__ 0.06950314644567328	false	1.0
korrupt	off 1.0		neg 0.5463915394293061 off 0.38476810202183004 __DUMMY__ 0.0688403585488638	false	0.5
unmut	neg 1.0		neg 0.547097871235049 off 0.38322511389921593 __DUMMY__ 0.06967701486573495	false	1.0
hackfresse	off 1.0		neg 0.5288659326867143 off 0.4021598188416582 __DUMMY__ 0.0689742484716275	false	0.5
aufblasen	neg 1.0		neg 0.5375597305682808 off 0.3926288078588266 __DUMMY__ 0.06981146157289274	false	1.0
gewaltsam	neg 1.0		neg 0.541565933324773 off 0.3894259380654787 __DUMMY__ 0.06900812860974831	false	1.0
unbeliebtheit	neg 1.0		neg 0.5393902648083612 off 0.39244586153801897 __DUMMY__ 0.06816387365361998	false	1.0
sturheit	neg 1.0		neg 0.5440358312703808 off 0.3868336927492306 __DUMMY__ 0.06913047598038857	false	1.0
kuh	neg 1.0		neg 0.540044391103501 off 0.39078371287387914 __DUMMY__ 0.06917189602261975	false	1.0
erschrecken	neg 1.0		neg 0.5360013061417377 off 0.3943974574450853 __DUMMY__ 0.06960123641317702	false	1.0
opfer	neg 1.0	neg 1.0	neg 0.7606634995501285 off 0.20601172787395003 __DUMMY__ 0.03332477257592146	false	1.0
sinken	neg 1.0		neg 0.5458622145902273 off 0.3844093791168803 __DUMMY__ 0.0697284062928926	false	1.0
stinktier	neg 1.0		neg 0.5329015194162791 off 0.3982367692161032 __DUMMY__ 0.06886171136761764	false	1.0
tucke	off 1.0		neg 0.5273674869445754 off 0.4035253280766256 __DUMMY__ 0.069107184978799	false	0.5
ein			neg 0.5371990571259639 off 0.3927526173921084 __DUMMY__ 0.07004832548192767	false	0.0
abstieg	neg 1.0		neg 0.5438514719044394 off 0.38691131107968885 __DUMMY__ 0.06923721701587177	false	1.0
missverstehen	neg 1.0		neg 0.5401982131398412 off 0.3906581758797947 __DUMMY__ 0.06914361098036408	false	1.0
ergebnislos	neg 1.0		neg 0.5434865878938786 off 0.3871001658272755 __DUMMY__ 0.06941324627884586	false	1.0
unter			neg 0.5475479134031818 off 0.381867076564867 __DUMMY__ 0.07058501003195135	false	0.0
manipulieren	neg 1.0		neg 0.5456992371455378 off 0.3848083686909409 __DUMMY__ 0.06949239416352143	false	1.0
unbewiesen	neg 1.0		neg 0.5455097561016425 off 0.38603838400643065 __DUMMY__ 0.06845185989192687	false	1.0
verschleppen	neg 1.0		neg 0.544300646291312 off 0.38639225083571505 __DUMMY__ 0.06930710287297294	false	1.0
weib	off 1.0		neg 0.5283128520338993 off 0.40290931087879867 __DUMMY__ 0.06877783708730194	false	0.5
opposition	neg 1.0		neg 0.5416298287028998 off 0.3895510878641684 __DUMMY__ 0.06881908343293178	false	1.0
verkehrswidrig	neg 1.0		neg 0.5293279243096042 off 0.4013765072574692 __DUMMY__ 0.06929556843292667	false	1.0
inkorrekt	neg 1.0		neg 0.5387743843419008 off 0.3926555285145965 __DUMMY__ 0.06857008714350275	false	1.0
vermeiden	neg 1.0		neg 0.5467856251742523 off 0.3830352458385257 __DUMMY__ 0.07017912898722202	false	1.0
abweichung	neg 1.0		neg 0.5465707714492547 off 0.38458443674587695 __DUMMY__ 0.06884479180486844	false	1.0
alkoholisiert	neg 1.0		neg 0.5418196431646201 off 0.3884358798044138 __DUMMY__ 0.06974447703096619	false	1.0
scheiss	off 1.0	off 1.0	off 0.6819057256100887 neg 0.2848811961369168 __DUMMY__ 0.03321307825299447	false	1.0
herausforderung	neg 1.0		neg 0.5394090208606998 off 0.3903086657622396 __DUMMY__ 0.07028231337706048	false	1.0
pervers	off 1.0		neg 0.5254001014592994 off 0.4058922658104006 __DUMMY__ 0.06870763273030008	false	0.5
wackelig	neg 1.0		neg 0.5394925877752155 off 0.3902339225287024 __DUMMY__ 0.07027348969608219	false	1.0
verwickeln	neg 1.0		neg 0.5395114389720523 off 0.39115269606436354 __DUMMY__ 0.06933586496358421	false	1.0
vorwand	neg 1.0		neg 0.5468572713778526 off 0.3836068973045539 __DUMMY__ 0.06953583131759351	false	1.0
muschi	off 1.0		neg 0.5412645275803818 off 0.38950400445036976 __DUMMY__ 0.06923146796924855	false	0.5
entmutigung	neg 1.0		neg 0.5445635912546998 off 0.38733032667433465 __DUMMY__ 0.06810608207096551	false	1.0
unangemessen	neg 1.0		neg 0.5452982025713672 off 0.38556693791042407 __DUMMY__ 0.06913485951820868	false	1.0
unstetig	neg 1.0		neg 0.5378819633283518 off 0.39299708607881106 __DUMMY__ 0.0691209505928372	false	1.0
entmutigen	neg 1.0		neg 0.538989990769468 off 0.3914169040068821 __DUMMY__ 0.06959310522364989	false	1.0
schwanz	neg 1.0		neg 0.5421640937726564 off 0.3882760611706376 __DUMMY__ 0.06955984505670595	false	1.0
verbot	neg 1.0		neg 0.5449506824034953 off 0.38607221088071486 __DUMMY__ 0.06897710671578994	false	1.0
leid	neg 1.0		neg 0.5304935786818633 off 0.4004211477569254 __DUMMY__ 0.06908527356121141	false	1.0
archaisch	neg 1.0		neg 0.5443390589847888 off 0.3864576088843387 __DUMMY__ 0.06920333213087247	false	1.0
gegen			neg 0.5468528217447539 off 0.38371723247899575 __DUMMY__ 0.06942994577625046	false	0.0
scheidung	neg 1.0	neg 1.0	neg 0.7456836586900424 off 0.22145411351693847 __DUMMY__ 0.032862227793019144	false	1.0
einschlag	neg 1.0		neg 0.5310578520828244 off 0.39986247539301273 __DUMMY__ 0.06907967252416292	false	1.0
m			neg 0.5405594779407111 off 0.3896518720724903 __DUMMY__ 0.06978864998679864	false	0.0
abgestanden	neg 1.0		neg 0.5391803637732744 off 0.3910805815687542 __DUMMY__ 0.06973905465797131	false	1.0
schmierig	off 1.0		neg 0.530795481158811 off 0.3999238558982684 __DUMMY__ 0.06928066294292057	false	0.5
unpraktisch	neg 1.0		neg 0.5372476752161731 off 0.39287668904612066 __DUMMY__ 0.06987563573770629	false	1.0
wixxer	off 1.0		neg 0.5264366377883714 off 0.4050904634052101 __DUMMY__ 0.06847289880641874	false	0.5
bezeichnet			neg 0.54286696496086 off 0.38789914564231076 __DUMMY__ 0.0692338893968292	false	0.0
jammerlappen	off 1.0		neg 0.5361115480202102 off 0.3945209766451646 __DUMMY__ 0.06936747533462512	false	0.5
farce	neg 1.0		neg 0.5471015859152883 off 0.38441444553095144 __DUMMY__ 0.0684839685537601	false	1.0
zwecklos	neg 1.0		neg 0.5447831683887647 off 0.3859062169834802 __DUMMY__ 0.06931061462775516	false	1.0
turbulent	neg 1.0		neg 0.5332297634904946 off 0.3977887377698798 __DUMMY__ 0.06898149873962556	false	1.0
invasion	neg 1.0		neg 0.536080255515469 off 0.39429451250008085 __DUMMY__ 0.06962523198445017	false	1.0
schuld	neg 1.0		neg 0.5403337079145553 off 0.39027169548604335 __DUMMY__ 0.0693945965994015	false	1.0
risiko	neg 1.0		neg 0.5349054554246547 off 0.39529338405603465 __DUMMY__ 0.06980116051931065	false	1.0
finster	neg 1.0		neg 0.5382388729519404 off 0.39189218908245815 __DUMMY__ 0.06986893796560148	false	1.0
geisteskrank	off 1.0		neg 0.5368906084541433 off 0.3942764197389131 __DUMMY__ 0.06883297180694356	false	0.5
zusammenbrechen	neg 1.0		neg 0.5410957140410763 off 0.3891330763514403 __DUMMY__ 0.06977120960748352	false	1.0
ausbeute	neg 1.0		neg 0.5410255960117838 off 0.3889680784942057 __DUMMY__ 0.07000632549401031	false	1.0
hinterhalt	neg 1.0		neg 0.5392587881529823 off 0.39128760884797165 __DUMMY__ 0.0694536029990459	false	1.0
kritik	neg 1.0		neg 0.5461602024163787 off 0.38517124335693814 __DUMMY__ 0.06866855422668325	false	1.0
einschrumpfen	neg 1.0		neg 0.5394309356338434 off 0.39179755422827844 __DUMMY__ 0.06877151013787806	false	1.0
riskant	neg 1.0		neg 0.5442571098507235 off 0.3860651636769363 __DUMMY__ 0.06967772647234034	false	1.0
frustrieren	neg 1.0		neg 0.5451316577273818 off 0.3853379049613649 __DUMMY__ 0.06953043731125327	false	1.0
groll	neg 1.0		neg 0.5443627458797767 off 0.3862927014648638 __DUMMY__ 0.06934455265535946	false	1.0
gibt			neg 0.5428263437944049 off 0.3876315393097707 __DUMMY__ 0.06954211689582436	false	0.0
qualvoll	neg 1.0		neg 0.5370777356138944 off 0.39326733097600036 __DUMMY__ 0.06965493341010523	false	1.0
wackeln	neg 1.0		neg 0.5369401021740681 off 0.39300459700658136 __DUMMY__ 0.07005530081935042	false	1.0
klagen	neg 1.0		neg 0.5472885171733866 off 0.38324671648211894 __DUMMY__ 0.0694647663444944	false	1.0
bankrott	neg 1.0		neg 0.5344922747235417 off 0.3959474121130486 __DUMMY__ 0.06956031316340965	false	1.0
trauern	neg 1.0		neg 0.5438967655715296 off 0.38642463075663264 __DUMMY__ 0.06967860367183783	false	1.0
ablehnung	neg 1.0	neg 1.0	neg 0.7613385923768775 off 0.20574747242109984 __DUMMY__ 0.03291393520202273	false	1.0
stur	neg 1.0		neg 0.5396025853908422 off 0.39095331916304377 __DUMMY__ 0.06944409544611396	false	1.0
aufruhr	neg 1.0		neg 0.5428484426497243 off 0.3882609094471601 __DUMMY__ 0.06889064790311565	false	1.0
melancholie	neg 1.0		neg 0.5407372062146034 off 0.38924675301622974 __DUMMY__ 0.07001604076916672	false	1.0
ist			neg 0.5396980637298964 off 0.3909171446492983 __DUMMY__ 0.06938479162080542	false	0.0
torheit	neg 1.0		neg 0.5437542800724944 off 0.38763402290113064 __DUMMY__ 0.06861169702637507	false	1.0
dreckskind	off 1.0		neg 0.5330575860554918 off 0.39855016736888954 __DUMMY__ 0.06839224657561861	false	0.5
umtauschen	neg 1.0		neg 0.5394716907866934 off 0.39071512857386537 __DUMMY__ 0.0698131806394411	false	1.0
zum			neg 0.5437439510534267 off 0.3856254751132217 __DUMMY__ 0.07063057383335151	false	0.0
zersetzen	neg 1.0		neg 0.5463391895806035 off 0.38417498423549123 __DUMMY__ 0.06948582618390528	false	1.0
zur			neg 0.5480236384474207 off 0.38211522210819543 __DUMMY__ 0.06986113944438388	false	0.0
frust	neg 1.0		neg 0.541875121658484 off 0.38844199132496576 __DUMMY__ 0.06968288701655015	false	1.0
unerbittlichkeit	neg 1.0		neg 0.5459969707046832 off 0.3846404660859838 __DUMMY__ 0.06936256320933289	false	1.0
zwei			neg 0.543456803567626 off 0.38622594490301926 __DUMMY__ 0.07031725152935482	false	0.0
unkorrekt	neg 1.0		neg 0.5366138524114081 off 0.39460125346798364 __DUMMY__ 0.06878489412060831	false	1.0
hexe	off 1.0		neg 0.5348550394933049 off 0.39574234945437414 __DUMMY__ 0.06940261105232087	false	0.5
lasch	neg 1.0		neg 0.5390087095644993 off 0.3918925795462966 __DUMMY__ 0.06909871088920415	false	1.0
rivale	neg 1.0		neg 0.5326684119243401 off 0.39840690132496315 __DUMMY__ 0.06892468675069677	false	1.0
mutlos	off 1.0	off 1.0	off 0.6753118019549537 neg 0.29158895088151204 __DUMMY__ 0.03309924716353434	false	1.0
wirr	off 1.0		neg 0.5346326318898573 off 0.39657067490712916 __DUMMY__ 0.06879669320301347	false	0.5
jahr			neg 0.5420194528362604 off 0.3878944440582445 __DUMMY__ 0.07008610310549498	false	0.0
wird			neg 0.5438591281782248 off 0.38651829980806196 __DUMMY__ 0.06962257201371337	false	0.0
strafbar	neg 1.0		neg 0.5465820150913046 off 0.3842507347268649 __DUMMY__ 0.0691672501818306	false	1.0
erosion	neg 1.0		neg 0.5371832893318658 off 0.3930434262939284 __DUMMY__ 0.06977328437420577	false	1.0
eingehen	neg 1.0		neg 0.5447420233111129 off 0.3858614059036624 __DUMMY__ 0.06939657078522475	false	1.0
faul	off 1.0		neg 0.534067334354713 off 0.3961403939215051 __DUMMY__ 0.06979227172378193	false	0.5
provisorium	neg 1.0		neg 0.5493936742174963 off 0.3802565141309864 __DUMMY__ 0.07034981165151716	false	1.0
schmerzen	neg 1.0		neg 0.5405353557723231 off 0.3896866855013257 __DUMMY__ 0.06977795872635117	false	1.0
schrumpfen	neg 1.0		neg 0.5478368540003828 off 0.3821880049833357 __DUMMY__ 0.06997514101628151	false	1.0
geistlos	off 1.0		neg 0.5426513762952202 off 0.3888624107500182 __DUMMY__ 0.06848621295476146	false	0.5
fehlkauf	neg 1.0		neg 0.5382871595191483 off 0.39246472145765976 __DUMMY__ 0.06924811902319206	false	1.0
frustrierend	neg 1.0	neg 1.0	neg 0.7565686734341301 off 0.21014796839260377 __DUMMY__ 0.03328335817326603	false	1.0
unzufrieden	neg 1.0		neg 0.5438142340395282 off 0.38670158642354113 __DUMMY__ 0.06948417953693065	false	1.0
verzweifeln	neg 1.0		neg 0.5408602397991389 off 0.38949182544464017 __DUMMY__ 0.06964793475622086	false	1.0
verzweifelt	neg 1.0		neg 0.5395650928649964 off 0.3909626968646127 __DUMMY__ 0.06947221027039077	false	1.0
misstrauensantrag	neg 1.0		neg 0.5391991116593886 off 0.39172092056253544 __DUMMY__ 0.06907996777807597	false	1.0
abfallen	neg 1.0		neg 0.5365780654012993 off 0.39332669027511485 __DUMMY__ 0.07009524432358573	false	1.0
fucker	off 1.0		neg 0.5335787936801981 off 0.39737862191489887 __DUMMY__ 0.06904258440490305	false	0.5
ungezogen	neg 1.0		neg 0.5269280057587915 off 0.4040909905255978 __DUMMY__ 0.0689810037156107	false	1.0
irrsinnig	neg 1.0	neg 1.0	neg 0.7588952921570052 off 0.2079351207288028 __DUMMY__ 0.033169587114192066	false	1.0
unfassbar	neg 1.0		neg 0.5357130597283359 off 0.3949580450510784 __DUMMY__ 0.06932889522058573	false	1.0
hart	neg 1.0		neg 0.5365456881505861 off 0.39438166581335576 __DUMMY__ 0.06907264603605812	false	1.0
widerlich	off 1.0		neg 0.5358135353157057 off 0.3950782962550996 __DUMMY__ 0.06910816842919466	false	0.5
fatal	neg 1.0		neg 0.5381181147320017 off 0.39257102590469306 __DUMMY__ 0.06931085936330515	false	1.0
bruch	neg 1.0		neg 0.5490186043986792 off 0.3817280042664541 __DUMMY__ 0.06925339133486666	false	1.0
aushungern	neg 1.0		neg 0.5431574290677448 off 0.38792466359514277 __DUMMY__ 0.0689179073371124	false	1.0
anspannung	neg 1.0		neg 0.5457639195970003 off 0.3841603749594507 __DUMMY__ 0.07007570544354895	false	1.0
von			neg 0.5429571809259929 off 0.38693255976772634 __DUMMY__ 0.07011025930628083	false	0.0
kraftlos	neg 1.0		neg 0.5408155458458177 off 0.3890753549746937 __DUMMY__ 0.07010909917948856	false	1.0
vom			neg 0.5470519630689263 off 0.38242712200438067 __DUMMY__ 0.0705209149266931	false	0.0
grenzdebil	off 1.0		neg 0.5336989171446676 off 0.3968500662918415 __DUMMY__ 0.06945101656349095	false	0.5
vor			neg 0.5450880235690838 off 0.3849424195859866 __DUMMY__ 0.06996955684492961	false	0.0
unterwerfen	neg 1.0		neg 0.5451771688825633 off 0.3854400805097879 __DUMMY__ 0.06938275060764883	false	1.0
versenkung	neg 1.0		neg 0.5447390891456331 off 0.3856801661715718 __DUMMY__ 0.06958074468279513	false	1.0
entziehen	neg 1.0		neg 0.547374508538437 off 0.3830587960722808 __DUMMY__ 0.06956669538928216	false	1.0
finanzkrise	neg 1.0		neg 0.5440781839073949 off 0.3871066235718782 __DUMMY__ 0.06881519252072685	false	1.0
schimpfend	neg 1.0		neg 0.5348900601376135 off 0.3948893281840721 __DUMMY__ 0.07022061167831442	false	1.0
profan	neg 1.0		neg 0.538543887429497 off 0.39200916035481315 __DUMMY__ 0.06944695221568979	false	1.0
korruption	neg 1.0		neg 0.545939988646123 off 0.3851671043628056 __DUMMY__ 0.06889290699107131	false	1.0
â			neg 0.5417373936778167 off 0.38850006773459506 __DUMMY__ 0.06976253858758821	false	0.0
schmutzig	neg 1.0		neg 0.5326837905769872 off 0.39756030511476564 __DUMMY__ 0.06975590430824717	false	1.0
sexy	neg 1.0		neg 0.5357332869293668 off 0.39481091534319046 __DUMMY__ 0.06945579772744274	false	1.0
abraten	neg 1.0		neg 0.5380925695478725 off 0.3921962115429013 __DUMMY__ 0.06971121890922617	false	1.0
schwarz	neg 1.0		neg 0.5388494044787903 off 0.3917836391376808 __DUMMY__ 0.06936695638352901	false	1.0
fotze	off 1.0		neg 0.5429357426002485 off 0.38773999379725155 __DUMMY__ 0.06932426360250002	false	0.5
verwirren	neg 1.0		neg 0.5374855425864661 off 0.39305375940036935 __DUMMY__ 0.06946069801316467	false	1.0
zahnlos	off 1.0		neg 0.5444080376310776 off 0.38629256513338633 __DUMMY__ 0.06929939723553612	false	0.5
verheeren	neg 1.0		neg 0.5271266970595266 off 0.4044117206227632 __DUMMY__ 0.06846158231771009	false	1.0
hippie	neg 1.0		neg 0.5363370883026511 off 0.3942692770836641 __DUMMY__ 0.06939363461368475	false	1.0
rammen	neg 1.0		neg 0.536657504673685 off 0.3937816540641855 __DUMMY__ 0.06956084126212955	false	1.0
unlauter	neg 1.0	neg 1.0	neg 0.7580516526787137 off 0.20886941680572227 __DUMMY__ 0.033078930515564	false	1.0
unheilvoll	neg 1.0		neg 0.5374063069402317 off 0.3929317070987526 __DUMMY__ 0.06966198596101585	false	1.0
niedrig	neg 1.0		neg 0.5437699295072065 off 0.38677541397069426 __DUMMY__ 0.06945465652209933	false	1.0
explosion	neg 1.0		neg 0.5360169630106456 off 0.39441598023063706 __DUMMY__ 0.06956705675871738	false	1.0
weichei	off 1.0		neg 0.530104453461152 off 0.40089587414723915 __DUMMY__ 0.06899967239160881	false	0.5
minusmensch	off 1.0		neg 0.528584372588883 off 0.40317616969259334 __DUMMY__ 0.06823945771852358	false	0.5
farblos	neg 1.0		neg 0.5397395797857848 off 0.3908863875471245 __DUMMY__ 0.06937403266709072	false	1.0
unwissend	neg 1.0	neg 1.0	neg 0.7565234956002588 off 0.21037654789650015 __DUMMY__ 0.033099956503241094	false	1.0
traurig	neg 1.0		neg 0.532137042415067 off 0.3984916899906815 __DUMMY__ 0.06937126759425155	false	1.0
senkung	neg 1.0		neg 0.5379081405743832 off 0.39286016567077053 __DUMMY__ 0.06923169375484634	false	1.0
ungleich	neg 1.0	neg 1.0	neg 0.7616693301295294 off 0.2051741557838664 __DUMMY__ 0.0331565140866042	false	1.0
heikel	neg 1.0		neg 0.5459675388202796 off 0.3844656360977265 __DUMMY__ 0.06956682508199406	false	1.0
drosselung	neg 1.0		neg 0.5311126148097054 off 0.39943520108690306 __DUMMY__ 0.06945218410339149	false	1.0
falsch	neg 1.0		neg 0.5367929911495402 off 0.39383966210660715 __DUMMY__ 0.06936734674385275	false	1.0
unzufriedenheit	neg 1.0		neg 0.5465925903801865 off 0.38392017289807484 __DUMMY__ 0.06948723672173863	false	1.0
kurz	neg 1.0		neg 0.5398434923989486 off 0.39012059741829663 __DUMMY__ 0.0700359101827548	false	1.0
unsinnig	neg 1.0		neg 0.5435509221427016 off 0.3870284703175349 __DUMMY__ 0.06942060753976353	false	1.0
penner	off 1.0	off 1.0	off 0.6851529481997265 neg 0.28181118581517306 __DUMMY__ 0.03303586598510042	false	1.0
seicht	neg 1.0		neg 0.5296705043085145 off 0.40178518856417794 __DUMMY__ 0.0685443071273077	false	1.0
dummheit	off 1.0	off 1.0	off 0.6787412809463992 neg 0.2881910740942552 __DUMMY__ 0.03306764495934567	false	1.0
unerfreulich	neg 1.0		neg 0.5460110535443193 off 0.38429401715350403 __DUMMY__ 0.06969492930217651	false	1.0
motherfucker	off 1.0	off 1.0	off 0.6821491691670533 neg 0.2848088806082186 __DUMMY__ 0.033041950224728174	false	1.0
pikiert	neg 1.0		neg 0.5369704937641391 off 0.3938600541902672 __DUMMY__ 0.06916945204559369	false	1.0
wrack	neg 1.0		neg 0.5408561547533958 off 0.3892960517002236 __DUMMY__ 0.06984779354638063	false	1.0
gangster	neg 1.0		neg 0.5372477444770758 off 0.39335129601582913 __DUMMY__ 0.06940095950709493	false	1.0
krank	neg 1.0		neg 0.5328082866323507 off 0.3975494047992244 __DUMMY__ 0.06964230856842493	false	1.0
reich	neg 1.0		neg 0.539961023502315 off 0.3917289876551668 __DUMMY__ 0.0683099888425182	false	1.0
gnadenlos	neg 1.0		neg 0.5397134114581069 off 0.3908085640873487 __DUMMY__ 0.06947802445454429	false	1.0
niedergeschlagen	neg 1.0		neg 0.5414410762578169 off 0.3888679049759424 __DUMMY__ 0.06969101876624073	false	1.0
terrorisieren	off 1.0	off 1.0	off 0.6762154170102649 neg 0.29042449769098505 __DUMMY__ 0.03336008529875004	false	1.0
sinnlosigkeit	neg 1.0		neg 0.5441907836089025 off 0.38647565336349876 __DUMMY__ 0.06933356302759885	false	1.0
behindern	neg 1.0		neg 0.539160194266488 off 0.39105409706620975 __DUMMY__ 0.06978570866730226	false	1.0
undemokratisch	neg 1.0		neg 0.5427115332171961 off 0.388553014168184 __DUMMY__ 0.06873545261461983	false	1.0
wirtschaftskrise	neg 1.0		neg 0.5449339758139723 off 0.38597550028287797 __DUMMY__ 0.06909052390314974	false	1.0
neid	neg 1.0		neg 0.5354943038574426 off 0.39480156768089786 __DUMMY__ 0.06970412846165962	false	1.0
rutschen	neg 1.0		neg 0.543335594442169 off 0.3859909587089843 __DUMMY__ 0.07067344684884673	false	1.0
rezession	neg 1.0		neg 0.5339522648375136 off 0.3975049282076388 __DUMMY__ 0.06854280695484767	false	1.0
fehlgeburt	neg 1.0		neg 0.5400941948732707 off 0.3904914145027855 __DUMMY__ 0.06941439062394388	false	1.0
charakterschwach	off 1.0		neg 0.5358472710314744 off 0.39501422595730556 __DUMMY__ 0.06913850301122006	false	0.5
isolation	neg 1.0		neg 0.5346421479576569 off 0.3959188077968362 __DUMMY__ 0.06943904424550716	false	1.0
ablenkung	neg 1.0		neg 0.5391825011638934 off 0.3910793241512285 __DUMMY__ 0.069738174684878	false	1.0
pech	neg 1.0		neg 0.5372166944117283 off 0.39332092910424216 __DUMMY__ 0.06946237648402954	false	1.0
vermeidung	neg 1.0		neg 0.5322223678029839 off 0.39825252050844356 __DUMMY__ 0.06952511168857234	false	1.0
dominieren	neg 1.0		neg 0.5419626171837435 off 0.38854942614522875 __DUMMY__ 0.06948795667102774	false	1.0
schwindlig	neg 1.0		neg 0.535565634729778 off 0.3945883607454692 __DUMMY__ 0.06984600452475268	false	1.0
lutscher	neg 1.0		neg 0.5283231760895726 off 0.40308026354405097 __DUMMY__ 0.06859656036637654	false	1.0
pflicht	neg 1.0		neg 0.5464525256306586 off 0.3840313044590467 __DUMMY__ 0.06951616991029462	false	1.0
faschist	off 1.0		neg 0.5418984260144393 off 0.3894302740190512 __DUMMY__ 0.06867129996650961	false	0.5
verschleudern	neg 1.0		neg 0.5452477014096243 off 0.385586586507389 __DUMMY__ 0.06916571208298672	false	1.0
wenn			neg 0.5364370148213028 off 0.3941270391586842 __DUMMY__ 0.06943594602001311	false	0.0
ehebruch	neg 1.0		neg 0.545446383502302 off 0.3853144350577069 __DUMMY__ 0.06923918143999114	false	1.0
spott	off 1.0		neg 0.5460618174870999 off 0.38466983079845174 __DUMMY__ 0.06926835171444852	false	0.5
trostlosigkeit	neg 1.0		neg 0.5488763270816235 off 0.3821193002224589 __DUMMY__ 0.0690043726959175	false	1.0
lutschen	neg 1.0		neg 0.5371222797432305 off 0.39381536056714217 __DUMMY__ 0.0690623596896272	false	1.0
undiszipliniert	neg 1.0		neg 0.5332902764240793 off 0.39742740980757363 __DUMMY__ 0.06928231376834705	false	1.0
kopfschmerz	neg 1.0		neg 0.540972940492231 off 0.38946593479366054 __DUMMY__ 0.06956112471410839	false	1.0
unvorhergesehen	neg 1.0		neg 0.539616585010118 off 0.39025833371250307 __DUMMY__ 0.07012508127737901	false	1.0
desinteressiert	neg 1.0		neg 0.5346402053850693 off 0.396261568341702 __DUMMY__ 0.06909822627322855	false	1.0
armselig	off 1.0		neg 0.5342227325112261 off 0.3968207797563737 __DUMMY__ 0.06895648773240022	false	0.5
desaster	neg 1.0		neg 0.5491071011501355 off 0.38158720246382916 __DUMMY__ 0.06930569638603531	false	1.0
tod	neg 1.0		neg 0.5465124333232441 off 0.3844260517628853 __DUMMY__ 0.06906151491387051	false	1.0
herzlos	neg 1.0		neg 0.5316454498424356 off 0.39904929432875375 __DUMMY__ 0.06930525582881066	false	1.0
unwissenheit	neg 1.0		neg 0.5450589618720383 off 0.38576205162508126 __DUMMY__ 0.06917898650288053	false	1.0
widersinnig	neg 1.0		neg 0.5455726181210321 off 0.3856376254045822 __DUMMY__ 0.06878975647438566	false	1.0
bedenklich	neg 1.0		neg 0.5450946527109242 off 0.3854012305597778 __DUMMY__ 0.0695041167292981	false	1.0
beanstanden	neg 1.0		neg 0.5465754039860493 off 0.38385702897411256 __DUMMY__ 0.06956756703983799	false	1.0
panisch	neg 1.0	neg 1.0	neg 0.7556849683452499 off 0.21068899300854863 __DUMMY__ 0.033626038646201596	false	1.0
debil	off 1.0		neg 0.5489294347246451 off 0.3813574144010857 __DUMMY__ 0.0697131508742692	false	0.5
abstrich	neg 1.0		neg 0.5375399015369653 off 0.3924872296496492 __DUMMY__ 0.06997286881338555	false	1.0
primitiv	neg 1.0		neg 0.5353653651389528 off 0.39556625531856815 __DUMMY__ 0.0690683795424791	false	1.0
abschaum	off 1.0	off 1.0	off 0.6800350597486894 neg 0.2869578194372058 __DUMMY__ 0.033007120814104854	false	1.0
provozieren	neg 1.0		neg 0.5417130486450749 off 0.38905760308419396 __DUMMY__ 0.06922934827073117	false	1.0
tot	neg 1.0		neg 0.5425359527817583 off 0.3881721804842797 __DUMMY__ 0.0692918667339621	false	1.0
instabil	neg 1.0		neg 0.5343182389500974 off 0.39701925111113073 __DUMMY__ 0.06866250993877188	false	1.0
schwuchtel	off 1.0		neg 0.524588615443616 off 0.4072875167312773 __DUMMY__ 0.06812386782510686	false	0.5
zerren	neg 1.0		neg 0.5413494460329886 off 0.3889163855729554 __DUMMY__ 0.06973416839405594	false	1.0
kinderficker	off 1.0		neg 0.532371612800319 off 0.3988492248303882 __DUMMY__ 0.0687791623692927	false	0.5
gefahr	neg 1.0		neg 0.5453318072622944 off 0.38534849932586773 __DUMMY__ 0.06931969341183802	false	1.0
rabiat	neg 1.0		neg 0.5406611807811714 off 0.38984257502628517 __DUMMY__ 0.06949624419254335	false	1.0
verlangsamung	neg 1.0		neg 0.5302589269295511 off 0.40124111159823406 __DUMMY__ 0.06849996147221475	false	1.0
ausgestorben	neg 1.0		neg 0.5415334155081153 off 0.38879301817161716 __DUMMY__ 0.06967356632026749	false	1.0
anklagen	neg 1.0		neg 0.5428502643035489 off 0.38800488116874526 __DUMMY__ 0.069144854527706	false	1.0
trott	neg 1.0		neg 0.5396553198235675 off 0.3906828347327609 __DUMMY__ 0.06966184544367154	false	1.0
verminderung	neg 1.0		neg 0.5326814037372777 off 0.3980660904442391 __DUMMY__ 0.06925250581848318	false	1.0
nach			neg 0.5453095318460737 off 0.38434012939678475 __DUMMY__ 0.07035033875714156	false	0.0
rost	neg 1.0		neg 0.5281832758669024 off 0.4030041363482786 __DUMMY__ 0.06881258778481888	false	1.0
destruktiv	neg 1.0		neg 0.5437175878976257 off 0.38717115114168854 __DUMMY__ 0.06911126096068587	false	1.0
unzumutbarkeit	neg 1.0		neg 0.5326302804807921 off 0.3979379267842917 __DUMMY__ 0.06943179273491619	false	1.0
labil	off 1.0	off 1.0	off 0.6809547986005545 neg 0.28598256125508215 __DUMMY__ 0.03306264014436324	false	1.0
ziemlich	neg 1.0		neg 0.5346122872922319 off 0.39598939018631185 __DUMMY__ 0.06939832252145632	false	1.0
lachnummer	off 1.0		neg 0.543452217221505 off 0.38738979832238324 __DUMMY__ 0.0691579844561116	false	0.5
oder			neg 0.5391731204568682 off 0.39101573623763103 __DUMMY__ 0.06981114330550066	false	0.0
verfall	neg 1.0		neg 0.5491358980996879 off 0.3811318492590043 __DUMMY__ 0.0697322526413078	false	1.0
ausgrenzung	neg 1.0		neg 0.5418572353773604 off 0.389401638121407 __DUMMY__ 0.06874112650123262	false	1.0
unordnung	neg 1.0		neg 0.5324728448494378 off 0.39869064011151906 __DUMMY__ 0.06883651503904302	false	1.0
fehlverhalten	neg 1.0		neg 0.5461588280218461 off 0.384531707141642 __DUMMY__ 0.0693094648365119	false	1.0
eine			neg 0.5453383145551183 off 0.3848071069987165 __DUMMY__ 0.06985457844616538	false	0.0
nille	neg 1.0		neg 0.5421526706569731 off 0.3887249127752175 __DUMMY__ 0.06912241656780926	false	1.0
qual	neg 1.0		neg 0.5399385761967921 off 0.39043653603619294 __DUMMY__ 0.0696248877670148	false	1.0
verschwenden	neg 1.0		neg 0.5445714277420449 off 0.3858477694699817 __DUMMY__ 0.06958080278797328	false	1.0
riesig	neg 1.0		neg 0.541076131681987 off 0.38934381052294326 __DUMMY__ 0.0695800577950697	false	1.0
verurteilen	neg 1.0		neg 0.5450653578663136 off 0.3858086077021973 __DUMMY__ 0.06912603443148921	false	1.0
klischee	neg 1.0	neg 1.0	neg 0.757870881019113 off 0.20909242635412945 __DUMMY__ 0.033036692626757486	false	1.0
diktatorisch	neg 1.0		neg 0.5440165677388333 off 0.38746960369783723 __DUMMY__ 0.06851382856332941	false	1.0
vorhersehbar	neg 1.0		neg 0.5408137228325943 off 0.3901745302936371 __DUMMY__ 0.06901174687376864	false	1.0
sowie			neg 0.5314891116396239 off 0.39990546224827045 __DUMMY__ 0.06860542611210567	false	0.0
stornieren	neg 1.0		neg 0.5359614409822279 off 0.3942906003583184 __DUMMY__ 0.06974795865945375	false	1.0
besteuerung	neg 1.0		neg 0.540158626240086 off 0.3906223144254909 __DUMMY__ 0.06921905933442307	false	1.0
ungeschminkt	neg 1.0		neg 0.5348119841358769 off 0.3959919862412888 __DUMMY__ 0.06919602962283421	false	1.0
kritisch	neg 1.0		neg 0.5459002940798674 off 0.3848106678464971 __DUMMY__ 0.06928903807363557	false	1.0
schlamperei	off 1.0		neg 0.5450878186213772 off 0.38563497255165385 __DUMMY__ 0.06927720882696886	false	0.5
sucht	neg 1.0	neg 1.0	neg 0.7548717113150685 off 0.21148712863992666 __DUMMY__ 0.03364116004500494	false	1.0
egoistisch	off 1.0		neg 0.5301986861602537 off 0.4007721117836835 __DUMMY__ 0.06902920205606272	false	0.5
ausbeuter	off 1.0		neg 0.5472834122845619 off 0.38353842185641024 __DUMMY__ 0.0691781658590278	false	0.5
arschgeburt	off 1.0		neg 0.5247671053105235 off 0.40710996026174295 __DUMMY__ 0.0681229344277335	false	0.5
schubs	neg 1.0	neg 1.0	neg 0.7586647805816045 off 0.20776191863947904 __DUMMY__ 0.03357330077891645	false	1.0
unsolide	neg 1.0		neg 0.5411938379703506 off 0.3905340728474583 __DUMMY__ 0.06827208918219099	false	1.0
beschwerde	neg 1.0		neg 0.5441213429543488 off 0.38659365159153486 __DUMMY__ 0.06928500545411635	false	1.0
stocken	neg 1.0		neg 0.5429524064117482 off 0.3874301952314326 __DUMMY__ 0.06961739835681922	false	1.0
isolieren	neg 1.0		neg 0.5396088101393901 off 0.3905715353407917 __DUMMY__ 0.06981965451981828	false	1.0
unheilbar	neg 1.0		neg 0.5407913882307399 off 0.3898738908563334 __DUMMY__ 0.06933472091292661	false	1.0
pisser	off 1.0		neg 0.5334359879174636 off 0.3977388834699101 __DUMMY__ 0.06882512861262634	false	0.5
löschen	neg 1.0		neg 0.5395578383595956 off 0.39104259590622714 __DUMMY__ 0.06939956573417722	false	1.0
durchfallen	neg 1.0		neg 0.544191666423759 off 0.3862599754710586 __DUMMY__ 0.06954835810518234	false	1.0
wichser	off 1.0		neg 0.5263365260626791 off 0.4049466029218902 __DUMMY__ 0.06871687101543063	false	0.5
terror	neg 1.0		neg 0.5349345498913494 off 0.3953834081887132 __DUMMY__ 0.06968204191993754	false	1.0
krass	neg 1.0		neg 0.5319224826196357 off 0.39893320753178535 __DUMMY__ 0.06914430984857885	false	1.0
revolte	neg 1.0	neg 1.0	neg 0.7593474269959385 off 0.20793682784923892 __DUMMY__ 0.03271574515482264	false	1.0
besorgt	neg 1.0		neg 0.5390318288204277 off 0.39080572540239006 __DUMMY__ 0.07016244577718228	false	1.0
nachlassen	neg 1.0		neg 0.5417136815170092 off 0.38854210297412656 __DUMMY__ 0.06974421550886446	false	1.0
alt	neg 1.0		neg 0.5419887552773092 off 0.38794987006382897 __DUMMY__ 0.07006137465886195	false	1.0
hundesohn	off 1.0		neg 0.5288382854487692 off 0.40276429805024777 __DUMMY__ 0.06839741650098308	false	0.5
als			neg 0.5420517091897724 off 0.38817108635463465 __DUMMY__ 0.06977720445559295	false	0.0
abschreckung	neg 1.0		neg 0.5470332382269155 off 0.38354264185257575 __DUMMY__ 0.06942411992050876	false	1.0
unqualifiziert	neg 1.0		neg 0.5398143645265335 off 0.3910736364066779 __DUMMY__ 0.06911199906678865	false	1.0
abgewichst	off 1.0		neg 0.5419995906458386 off 0.3886167846611407 __DUMMY__ 0.0693836246930207	false	0.5
schwer	neg 1.0		neg 0.5405517564106627 off 0.3897926855217674 __DUMMY__ 0.06965555806756997	false	1.0
bedeutungslosigkeit	neg 1.0		neg 0.5468598329934428 off 0.38381673123737947 __DUMMY__ 0.06932343576917789	false	1.0
kapitulation	neg 1.0		neg 0.5473836102928442 off 0.38387103170575126 __DUMMY__ 0.06874535800140458	false	1.0
unscharf	neg 1.0		neg 0.5374095979227874 off 0.3931882408468593 __DUMMY__ 0.06940216123035332	false	1.0
schwinden	neg 1.0		neg 0.5450287767187113 off 0.38538724161559546 __DUMMY__ 0.0695839816656933	false	1.0
versklavung	neg 1.0	neg 1.0	neg 0.7599308013098719 off 0.20719442543401212 __DUMMY__ 0.032874773256115986	false	1.0
schlecht	neg 1.0		neg 0.533903100211692 off 0.39663513362261643 __DUMMY__ 0.06946176616569164	false	1.0
verhasst	neg 1.0		neg 0.5421380875230897 off 0.38872633781289134 __DUMMY__ 0.06913557466401904	false	1.0
beschweren	neg 1.0		neg 0.5384980956230205 off 0.3919327232555025 __DUMMY__ 0.06956918112147717	false	1.0
scheiden	neg 1.0		neg 0.5408414828230795 off 0.38958593345527776 __DUMMY__ 0.0695725837216428	false	1.0
frustriert	neg 1.0		neg 0.542106719823461 off 0.3883207649146499 __DUMMY__ 0.06957251526188911	false	1.0
schimmelig	neg 1.0		neg 0.5442075266018667 off 0.386325024649137 __DUMMY__ 0.0694674487489963	false	1.0
fisch	neg 1.0	neg 1.0	neg 0.7585603032580593 off 0.20785747272135208 __DUMMY__ 0.03358222402058864	false	1.0
schmuggel	neg 1.0		neg 0.5435831569809901 off 0.3864731728461942 __DUMMY__ 0.06994367017281576	false	1.0
auffallen	neg 1.0		neg 0.538279988126548 off 0.3922238598795899 __DUMMY__ 0.06949615199386215	false	1.0
konkurrenz	neg 1.0		neg 0.5449623258803417 off 0.3851571749543032 __DUMMY__ 0.0698804991653553	false	1.0
teufelskreis	neg 1.0		neg 0.5427523979978736 off 0.38785876412121023 __DUMMY__ 0.06938883788091615	false	1.0
aufschreien	neg 1.0		neg 0.5399463805587263 off 0.39087166930691974 __DUMMY__ 0.06918195013435395	false	1.0
schuldner	neg 1.0		neg 0.5461409057093475 off 0.3846375327566566 __DUMMY__ 0.0692215615339959	false	1.0
missgeburt	off 1.0	off 1.0	off 0.6839525970769302 neg 0.2831767962549245 __DUMMY__ 0.032870606668145286	false	1.0
arbeitslos	neg 1.0		neg 0.5439092529386483 off 0.3866999731043186 __DUMMY__ 0.06939077395703308	false	1.0
befallen	neg 1.0		neg 0.5460700252363402 off 0.38504338384187187 __DUMMY__ 0.06888659092178802	false	1.0
miesepetrig	off 1.0		neg 0.5338907984260082 off 0.3965807694152748 __DUMMY__ 0.06952843215871718	false	0.5
alarmieren	neg 1.0		neg 0.5370606430822924 off 0.3939425745050021 __DUMMY__ 0.06899678241270539	false	1.0
ungeduscht	off 1.0		neg 0.537011365377297 off 0.39353517222981343 __DUMMY__ 0.06945346239288945	false	0.5
knappheit	neg 1.0		neg 0.5432713585904213 off 0.3873359555835695 __DUMMY__ 0.0693926858260092	false	1.0
schlange	neg 1.0		neg 0.537574709736038 off 0.3926441812882694 __DUMMY__ 0.06978110897569267	false	1.0
harsch	neg 1.0		neg 0.5277128612902954 off 0.40302327344667366 __DUMMY__ 0.06926386526303098	false	1.0
lang	neg 1.0		neg 0.5389742523608063 off 0.3915287109522908 __DUMMY__ 0.06949703668690282	false	1.0
ziellos	neg 1.0		neg 0.5430349119782873 off 0.38728203410504364 __DUMMY__ 0.06968305391666903	false	1.0
selbstverliebt	neg 1.0		neg 0.5273889272393885 off 0.404362399682431 __DUMMY__ 0.06824867307818062	false	1.0
beseitigen	neg 1.0		neg 0.5371350856127749 off 0.3929905098284871 __DUMMY__ 0.06987440455873799	false	1.0
dumm	off 1.0		neg 0.5302065886664179 off 0.40092963473311727 __DUMMY__ 0.06886377660046493	false	0.5
arbeitsloser	neg 1.0		neg 0.5445736103364748 off 0.3859794950396659 __DUMMY__ 0.0694468946238593	false	1.0
blitzen	neg 1.0		neg 0.5372715280068942 off 0.39347366541749423 __DUMMY__ 0.06925480657561159	false	1.0
hilflos	neg 1.0		neg 0.5422870316178086 off 0.3880960038400996 __DUMMY__ 0.06961696454209178	false	1.0
eklig	off 1.0		neg 0.529902143355403 off 0.4013902996690552 __DUMMY__ 0.06870755697554191	false	0.5
begriff			neg 0.5428104409267898 off 0.387765184522163 __DUMMY__ 0.06942437455104725	false	0.0
hungersnot	neg 1.0		neg 0.5448781260456539 off 0.3864347872812749 __DUMMY__ 0.06868708667307125	false	1.0
ungesetzlich	neg 1.0		neg 0.5418341284583604 off 0.3895260164960573 __DUMMY__ 0.06863985504558227	false	1.0
verschwendung	neg 1.0		neg 0.5454785538472192 off 0.3849197008882941 __DUMMY__ 0.06960174526448666	false	1.0
schmerzvoll	neg 1.0		neg 0.5386268412280734 off 0.3918237386501671 __DUMMY__ 0.06954942012175948	false	1.0
vorzeitig	neg 1.0		neg 0.5344412972907966 off 0.39618408861943577 __DUMMY__ 0.06937461408976779	false	1.0
unvollkommenheit	neg 1.0		neg 0.540398060896396 off 0.390140097520214 __DUMMY__ 0.06946184158339	false	1.0
intervenieren	neg 1.0		neg 0.5472631999153106 off 0.3836482310919414 __DUMMY__ 0.06908856899274814	false	1.0
banause	off 1.0		neg 0.5287861225183905 off 0.40263054238083545 __DUMMY__ 0.06858333510077394	false	0.5
rebell	neg 1.0		neg 0.5450861494471965 off 0.38510131593323005 __DUMMY__ 0.06981253461957344	false	1.0
unlogisch	neg 1.0		neg 0.5334862284433871 off 0.3974754493922695 __DUMMY__ 0.06903832216434344	false	1.0
leiden	neg 1.0	neg 1.0	neg 0.7585691558571696 off 0.20751070006529163 __DUMMY__ 0.03392014407753877	false	1.0
abschaffung	neg 1.0		neg 0.5413003427161416 off 0.38961665151670527 __DUMMY__ 0.06908300576715311	false	1.0
sturz	neg 1.0		neg 0.5410335380340476 off 0.38996297573463884 __DUMMY__ 0.06900348623131342	false	1.0
verkleinerung	neg 1.0		neg 0.5389388958701591 off 0.3922421908570995 __DUMMY__ 0.06881891327274153	false	1.0
schmarotzer	off 1.0		neg 0.5453711798846564 off 0.3854196882151261 __DUMMY__ 0.06920913190021749	false	0.5
bestrafung	neg 1.0		neg 0.5402310192004203 off 0.39045422935949825 __DUMMY__ 0.06931475144008144	false	1.0
achtlos	neg 1.0		neg 0.5398940496787901 off 0.39032995710226515 __DUMMY__ 0.06977599321894483	false	1.0
ungeheuer	neg 1.0		neg 0.538869962838387 off 0.39181713674210233 __DUMMY__ 0.06931290041951065	false	1.0
unaufrichtig	neg 1.0		neg 0.5405269492648944 off 0.3906874853983814 __DUMMY__ 0.0687855653367242	false	1.0
groggy	neg 1.0		neg 0.5370859088105151 off 0.393595095552155 __DUMMY__ 0.06931899563732975	false	1.0
verletzlich	neg 1.0		neg 0.5347864150830933 off 0.3959755098196529 __DUMMY__ 0.06923807509725369	false	1.0
ablehnen	neg 1.0		neg 0.5444238354836867 off 0.38628787253451635 __DUMMY__ 0.06928829198179715	false	1.0
