unsolidarisch	neg 1.0		__DUMMY__ 0.469395815277688 neg 0.3114640383965073 off 0.21914014632580475	false	1.0
nachteilig	neg 1.0		__DUMMY__ 0.47555559060670033 neg 0.3074100012483127 off 0.21703440814498712	false	1.0
skeptisch	neg 1.0		__DUMMY__ 0.4770295918396214 neg 0.30865351532115887 off 0.2143168928392198	false	1.0
schrecklich	neg 1.0		__DUMMY__ 0.4735027190587497 neg 0.2976336882208807 off 0.2288635927203696	false	1.0
schlapp	neg 1.0		__DUMMY__ 0.47687511249505427 neg 0.29825537400025665 off 0.22486951350468923	false	1.0
abfall	neg 1.0		__DUMMY__ 0.47753477173984576 neg 0.3098950034632385 off 0.21257022479691565	false	1.0
widerspenstig	neg 1.0		__DUMMY__ 0.47800045766967303 neg 0.30199925803971833 off 0.2200002842906087	false	1.0
abrupt	neg 1.0		__DUMMY__ 0.47861469570011966 neg 0.3028229595989307 off 0.21856234470094962	false	1.0
unwirksam	neg 1.0		__DUMMY__ 0.471619631617578 neg 0.3084008486245336 off 0.2199795197578883	false	1.0
angreifen	neg 1.0		__DUMMY__ 0.4756024315696555 neg 0.3088965131581185 off 0.21550105527222602	false	1.0
inkonsistent	neg 1.0		__DUMMY__ 0.4741106041492399 neg 0.30379697456981225 off 0.2220924212809479	false	1.0
abrutschen	neg 1.0		__DUMMY__ 0.47842906967905974 neg 0.3086089577146568 off 0.21296197260628336	false	1.0
unsicher	neg 1.0		__DUMMY__ 0.4767216757245776 neg 0.30335901820405514 off 0.21991930607136742	false	1.0
bauernkind	off 1.0		__DUMMY__ 0.46965213626300284 neg 0.2985578392416198 off 0.23179002449537725	false	0.5
angreifer	neg 1.0		__DUMMY__ 0.4728295006046206 neg 0.3042437109807463 off 0.2229267884146331	false	1.0
trennen	neg 1.0		__DUMMY__ 0.48006570318316455 neg 0.30411691920194134 off 0.21581737761489414	false	1.0
schmutz	neg 1.0		__DUMMY__ 0.4796549217906391 neg 0.2935734588578005 off 0.22677161935156043	false	1.0
inkonsistenz	neg 1.0	neg 1.0	neg 0.6426811373058451 __DUMMY__ 0.23072972275733983 off 0.12658913993681506	false	1.0
erschreckend	neg 1.0		__DUMMY__ 0.47511733305083936 neg 0.3066630148681058 off 0.2182196520810548	false	1.0
ertrinken	neg 1.0		__DUMMY__ 0.4782574820425242 neg 0.3050338647042908 off 0.216708653253185	false	1.0
pickelface	off 1.0		__DUMMY__ 0.4741278144045859 neg 0.30516009261094745 off 0.22071209298446667	false	0.5
seiner			__DUMMY__ 0.4766594495595101 neg 0.3078175672592229 off 0.21552298318126692	false	0.0
lauch	neg 1.0		__DUMMY__ 0.47743812651974726 neg 0.30838245733269326 off 0.21417941614755934	false	1.0
unwichtig	neg 1.0		__DUMMY__ 0.4742339527750468 neg 0.30141929590913913 off 0.2243467513158142	false	1.0
steuerhinterziehung	neg 1.0		__DUMMY__ 0.4720220853207117 neg 0.309539801582351 off 0.21843811309693725	false	1.0
schock	neg 1.0		__DUMMY__ 0.47878227881863517 neg 0.3026152487448552 off 0.21860247243650963	false	1.0
beule	neg 1.0		__DUMMY__ 0.4764929952453602 neg 0.29720584040094256 off 0.22630116435369718	false	1.0
vergelten	neg 1.0		__DUMMY__ 0.47113165369613325 neg 0.29882548257074015 off 0.23004286373312652	false	1.0
verdorbenheit	neg 1.0		__DUMMY__ 0.4782221586831519 neg 0.29971871602939315 off 0.22205912528745506	false	1.0
trauma	neg 1.0		__DUMMY__ 0.4752553444751706 neg 0.30293540345780445 off 0.22180925206702504	false	1.0
sinnlos	neg 1.0		__DUMMY__ 0.47528061908683444 neg 0.3027201102362795 off 0.22199927067688596	false	1.0
fettsack	off 1.0	off 1.0	off 0.6011588509074541 __DUMMY__ 0.22954411856661835 neg 0.1692970305259275	false	1.0
feige	off 1.0		__DUMMY__ 0.4728731561598753 neg 0.3034833595549344 off 0.22364348428519032	false	0.5
abdanken	neg 1.0		__DUMMY__ 0.47021435015237983 neg 0.31163775614926226 off 0.21814789369835788	false	1.0
wichtigtuer	off 1.0	off 1.0	off 0.5956640652808473 __DUMMY__ 0.23071586885142858 neg 0.1736200658677241	false	1.0
misslingen	neg 1.0		__DUMMY__ 0.4782825980469623 neg 0.29888783985989953 off 0.22282956209313806	false	1.0
untreu	off 1.0		__DUMMY__ 0.4745499078071012 neg 0.30013944981680307 off 0.22531064237609572	false	0.5
missmutig	neg 1.0		__DUMMY__ 0.47655698548908365 neg 0.2992785527060987 off 0.2241644618048176	false	1.0
hurenbock	off 1.0		__DUMMY__ 0.4788854296506719 neg 0.2987138648717023 off 0.2224007054776257	false	0.5
betrunken	neg 1.0		__DUMMY__ 0.47561973086191833 neg 0.29721411194803066 off 0.22716615719005095	false	1.0
korrupt	off 1.0		__DUMMY__ 0.47140874018694834 neg 0.31189588877774627 off 0.21669537103530534	false	0.5
unmut	neg 1.0		__DUMMY__ 0.47673560358750555 neg 0.3099055161514426 off 0.21335888026105193	false	1.0
hackfresse	off 1.0		__DUMMY__ 0.4722450659105668 neg 0.2953966056561718 off 0.2323583284332615	false	0.5
aufblasen	neg 1.0		__DUMMY__ 0.4775692798676078 neg 0.3007907373958303 off 0.22163998273656205	false	1.0
gewaltsam	neg 1.0		__DUMMY__ 0.472539415170628 neg 0.3069264406787427 off 0.22053414415062936	false	1.0
unbeliebtheit	neg 1.0		__DUMMY__ 0.4671486187757849 neg 0.3075944212818563 off 0.22525695994235873	false	1.0
sturheit	neg 1.0		__DUMMY__ 0.4732309833392703 neg 0.30882037616303676 off 0.21794864049769302	false	1.0
kuh	neg 1.0		__DUMMY__ 0.4736413874183998 neg 0.3051215360537442 off 0.22123707652785612	false	1.0
erschrecken	neg 1.0		__DUMMY__ 0.47621032396050134 neg 0.30001504086025177 off 0.22377463517924687	false	1.0
opfer	neg 1.0	neg 1.0	neg 0.6449099204698173 __DUMMY__ 0.23232808785414913 off 0.12276199167603354	false	1.0
sinken	neg 1.0		__DUMMY__ 0.477123502164806 neg 0.3086329274014223 off 0.21424357043377187	false	1.0
stinktier	neg 1.0		__DUMMY__ 0.471586906947998 neg 0.2994861424900869 off 0.22892695056191512	false	1.0
tucke	off 1.0		__DUMMY__ 0.47320944850693175 neg 0.29355636463794044 off 0.23323418685512792	false	0.5
ein			__DUMMY__ 0.4791484544389701 neg 0.2996722334767534 off 0.22117931208427632	false	0.0
abstieg	neg 1.0		__DUMMY__ 0.4739996839090787 neg 0.308285508605756 off 0.21771480748516542	false	1.0
missverstehen	neg 1.0		__DUMMY__ 0.47329703917896726 neg 0.305296948691073 off 0.2214060121299598	false	1.0
ergebnislos	neg 1.0		__DUMMY__ 0.47510418206409033 neg 0.30738491615723185 off 0.21751090177867777	false	1.0
unter			__DUMMY__ 0.48253902506456603 neg 0.3075105261835568 off 0.20995044875187713	false	0.0
manipulieren	neg 1.0		__DUMMY__ 0.47556343896908004 neg 0.30919372154143965 off 0.2152428394894802	false	1.0
unbewiesen	neg 1.0		__DUMMY__ 0.46893048720322855 neg 0.31232091593915073 off 0.21874859685762071	false	1.0
verschleppen	neg 1.0		__DUMMY__ 0.4744478346608318 neg 0.3084551813511703 off 0.21709698398799793	false	1.0
weib	off 1.0		__DUMMY__ 0.4710384941189452 neg 0.2954813444625415 off 0.23348016141851322	false	0.5
opposition	neg 1.0		__DUMMY__ 0.47126745714166196 neg 0.307733607045918 off 0.22099893581242008	false	1.0
verkehrswidrig	neg 1.0		__DUMMY__ 0.47441654789370236 neg 0.29475247773740354 off 0.23083097436889405	false	1.0
inkorrekt	neg 1.0		__DUMMY__ 0.4697002257933786 neg 0.3057506723656211 off 0.22454910184100016	false	1.0
vermeiden	neg 1.0		__DUMMY__ 0.47997570652824667 neg 0.3080822621000978 off 0.2119420313716555	false	1.0
abweichung	neg 1.0		__DUMMY__ 0.47146094681160844 neg 0.31210006914309957 off 0.21643898404529197	false	1.0
alkoholisiert	neg 1.0		__DUMMY__ 0.47731919345762597 neg 0.3049025362770518 off 0.2177782702653222	false	1.0
scheiss	off 1.0	off 1.0	off 0.5987166592779978 __DUMMY__ 0.23158701638220716 neg 0.16969632433979503	false	1.0
herausforderung	neg 1.0		__DUMMY__ 0.48068910102938905 neg 0.3008165766308918 off 0.21849432233971913	false	1.0
pervers	off 1.0		__DUMMY__ 0.4705806248132501 neg 0.29299810630226136 off 0.23642126888448858	false	0.5
wackelig	neg 1.0		__DUMMY__ 0.4805413819692479 neg 0.30111296852434905 off 0.21834564950640298	false	1.0
verwickeln	neg 1.0		__DUMMY__ 0.4745237621154587 neg 0.3040359250935665 off 0.22144031279097487	false	1.0
vorwand	neg 1.0		__DUMMY__ 0.47581662022289484 neg 0.31017131037321294 off 0.2140120694038922	false	1.0
muschi	off 1.0		__DUMMY__ 0.47390788007017315 neg 0.30596920669899413 off 0.22012291323083272	false	0.5
entmutigung	neg 1.0		__DUMMY__ 0.4667473347949236 neg 0.3125477779222 off 0.22070488728287657	false	1.0
unangemessen	neg 1.0		__DUMMY__ 0.4732499961619825 neg 0.3100107463672738 off 0.2167392574707438	false	1.0
unstetig	neg 1.0		__DUMMY__ 0.47331181735547634 neg 0.3031950946220892 off 0.22349308802243442	false	1.0
entmutigen	neg 1.0		__DUMMY__ 0.47619875879639095 neg 0.3027268722893065 off 0.22107436891430265	false	1.0
schwanz	neg 1.0		__DUMMY__ 0.47605242490994276 neg 0.30576465227084604 off 0.21818292281921114	false	1.0
verbot	neg 1.0		__DUMMY__ 0.47230552070591647 neg 0.31010877573633344 off 0.21758570355775	false	1.0
leid	neg 1.0		__DUMMY__ 0.47295706191448583 neg 0.29654959814986015 off 0.23049333993565388	false	1.0
archaisch	neg 1.0		__DUMMY__ 0.4737008765695061 neg 0.30892574131652856 off 0.21737338211396534	false	1.0
gegen			__DUMMY__ 0.4751744726349843 neg 0.3104450007161083 off 0.2143805266489074	false	0.0
scheidung	neg 1.0	neg 1.0	neg 0.6316656428108014 __DUMMY__ 0.2292253463447098 off 0.13910901084448885	false	1.0
einschlag	neg 1.0		__DUMMY__ 0.4729805932360188 neg 0.2970022820336549 off 0.23001712473032626	false	1.0
m			__DUMMY__ 0.47739374616001645 neg 0.30364368369606004 off 0.21896257014392348	false	0.0
abgestanden	neg 1.0		__DUMMY__ 0.4772346835942648 neg 0.3025690167706192 off 0.22019629963511603	false	1.0
schmierig	off 1.0		__DUMMY__ 0.47420135180020695 neg 0.29620673812119996 off 0.2295919100785932	false	0.5
unpraktisch	neg 1.0		__DUMMY__ 0.47800346256534265 neg 0.3003072182199182 off 0.22168931921473906	false	1.0
wixxer	off 1.0		__DUMMY__ 0.4690787967299114 neg 0.2947199011091208 off 0.23620130216096785	false	0.5
bezeichnet			__DUMMY__ 0.4738796478711717 neg 0.30745555556877674 off 0.21866479656005156	false	0.0
jammerlappen	off 1.0		__DUMMY__ 0.47471808624888107 neg 0.3008256506294561 off 0.2244562631216628	false	0.5
farce	neg 1.0		__DUMMY__ 0.46914482740034086 neg 0.3137110872983745 off 0.21714408530128462	false	1.0
zwecklos	neg 1.0		__DUMMY__ 0.4743508355519342 neg 0.3090069127390861 off 0.21664225170897977	false	1.0
turbulent	neg 1.0		__DUMMY__ 0.47246257132580727 neg 0.29927481600026756 off 0.22826261267392503	false	1.0
invasion	neg 1.0		__DUMMY__ 0.47636717976368464 neg 0.29997749229682863 off 0.22365532793948667	false	1.0
schuld	neg 1.0		__DUMMY__ 0.4748823269523594 neg 0.3046267054438157 off 0.2204909676038248	false	1.0
risiko	neg 1.0		__DUMMY__ 0.47764360606231715 neg 0.2981738853692379 off 0.224182508568445	false	1.0
finster	neg 1.0		__DUMMY__ 0.4780008430298615 neg 0.3013015532856563 off 0.2206976036844822	false	1.0
geisteskrank	off 1.0		__DUMMY__ 0.4713174658598809 neg 0.30321878647591666 off 0.22546374766420246	false	0.5
zusammenbrechen	neg 1.0		__DUMMY__ 0.47728156097477176 neg 0.30414593389104305 off 0.21857250513418516	false	1.0
ausbeute	neg 1.0		__DUMMY__ 0.478941621436359 neg 0.3033290011518146 off 0.21772937741182632	false	1.0
hinterhalt	neg 1.0		__DUMMY__ 0.4754508449235528 neg 0.30336968557348454 off 0.2211794695029627	false	1.0
kritik	neg 1.0		__DUMMY__ 0.4703243550135727 neg 0.31223337283287134 off 0.2174422721535559	false	1.0
einschrumpfen	neg 1.0		__DUMMY__ 0.4709748479317242 neg 0.305771124574665 off 0.22325402749361076	false	1.0
riskant	neg 1.0		__DUMMY__ 0.47669302179640916 neg 0.3073513222065985 off 0.21595565599699237	false	1.0
frustrieren	neg 1.0		__DUMMY__ 0.4757548091850593 neg 0.30863577421950605 off 0.21560941659543473	false	1.0
groll	neg 1.0		__DUMMY__ 0.47460563366437264 neg 0.30845298001536686 off 0.21694138632026047	false	1.0
gibt			__DUMMY__ 0.475811324388261 neg 0.3064793455778579 off 0.21770933003388104	false	0.0
qualvoll	neg 1.0		__DUMMY__ 0.476592329288215 neg 0.3008378838333487 off 0.2225697868784364	false	1.0
wackeln	neg 1.0		__DUMMY__ 0.47913108540318033 neg 0.29942075471482216 off 0.22144815988199743	false	1.0
klagen	neg 1.0		__DUMMY__ 0.4754033711647464 neg 0.31075149930142576 off 0.21384512953382792	false	1.0
bankrott	neg 1.0		__DUMMY__ 0.4759749762752582 neg 0.29876234196195106 off 0.22526268176279074	false	1.0
trauern	neg 1.0		__DUMMY__ 0.47679115636521324 neg 0.30693896198199583 off 0.216269881652791	false	1.0
ablehnung	neg 1.0	neg 1.0	neg 0.6469434679429285 __DUMMY__ 0.22954319699863612 off 0.12351333505843536	false	1.0
stur	neg 1.0		__DUMMY__ 0.4752045937780654 neg 0.3037897753176246 off 0.22100563090431008	false	1.0
aufruhr	neg 1.0		__DUMMY__ 0.4717679519235651 neg 0.30849159241708296 off 0.21974045565935207	false	1.0
melancholie	neg 1.0		__DUMMY__ 0.47893899092219994 neg 0.30307073607020396 off 0.21799027300759616	false	1.0
ist			__DUMMY__ 0.4748074845858979 neg 0.304129106440487 off 0.22106340897361512	false	0.0
torheit	neg 1.0		__DUMMY__ 0.4699656683733564 neg 0.31019619754165506 off 0.21983813408498862	false	1.0
dreckskind	off 1.0		__DUMMY__ 0.4685593096549027 neg 0.30113301288889305 off 0.23030767745620428	false	0.5
umtauschen	neg 1.0		__DUMMY__ 0.4776227456274091 neg 0.3026077770639169 off 0.219769477308674	false	1.0
zum			__DUMMY__ 0.48285719841996927 neg 0.30384908029234164 off 0.21329372128768903	false	0.0
zersetzen	neg 1.0		__DUMMY__ 0.47549848411815515 neg 0.3098535353762209 off 0.21464798050562395	false	1.0
zur			__DUMMY__ 0.47792598815816417 neg 0.3102134369225188 off 0.21186057491931717	false	0.0
frust	neg 1.0		__DUMMY__ 0.47671578194574726 neg 0.30514357593251856 off 0.21814064212173412	false	1.0
unerbittlichkeit	neg 1.0		__DUMMY__ 0.47472524141019523 neg 0.30989736400333046 off 0.2153773945864744	false	1.0
zwei			__DUMMY__ 0.4808232269435638 neg 0.3046225108302787 off 0.21455426222615756	false	0.0
unkorrekt	neg 1.0		__DUMMY__ 0.47110744037047575 neg 0.3030699531717949 off 0.22582260645772925	false	1.0
hexe	off 1.0		__DUMMY__ 0.4750645521999056 neg 0.2995851734644392 off 0.22535027433565516	false	0.5
lasch	neg 1.0		__DUMMY__ 0.4730362929403708 neg 0.30430596671042737 off 0.22265774034920183	false	1.0
rivale	neg 1.0		__DUMMY__ 0.4719886284376955 neg 0.29902768422970505 off 0.2289836873325993	false	1.0
mutlos	off 1.0	off 1.0	off 0.5926361504665164 __DUMMY__ 0.23079071850343372 neg 0.17657313103004973	false	1.0
wirr	off 1.0		__DUMMY__ 0.47119596792753643 neg 0.3012408206485716 off 0.22756321142389185	false	0.5
jahr			__DUMMY__ 0.4793969501653154 neg 0.3039970544094046 off 0.2166059954252799	false	0.0
wird			__DUMMY__ 0.4763277637268471 neg 0.3072142624296574 off 0.21645797384349563	false	0.0
strafbar	neg 1.0		__DUMMY__ 0.47348204713225117 neg 0.31105708529633097 off 0.21546086757141794	false	1.0
erosion	neg 1.0		__DUMMY__ 0.4773192880769605 neg 0.3005419744479239 off 0.2221387374751157	false	1.0
eingehen	neg 1.0		__DUMMY__ 0.4748916282635871 neg 0.30869278755857327 off 0.2164155841778395	false	1.0
faul	off 1.0		__DUMMY__ 0.47747844507857573 neg 0.2976295862210066 off 0.2248919687004175	false	0.5
provisorium	neg 1.0		__DUMMY__ 0.4810346480037606 neg 0.3100209653123168 off 0.2089443866839225	false	1.0
schmerzen	neg 1.0		__DUMMY__ 0.4773964192728788 neg 0.30371458168777726 off 0.21888899903934392	false	1.0
schrumpfen	neg 1.0		__DUMMY__ 0.47867237807444735 neg 0.30965427501531956 off 0.21167334691023304	false	1.0
geistlos	off 1.0		__DUMMY__ 0.4691435075359434 neg 0.30958067748248325 off 0.22127581498157325	false	0.5
fehlkauf	neg 1.0		__DUMMY__ 0.4739890798229597 neg 0.3031923208918307 off 0.2228185992852096	false	1.0
frustrierend	neg 1.0	neg 1.0	neg 0.641072466210338 __DUMMY__ 0.23202004285759165 off 0.12690749093207035	false	1.0
unzufrieden	neg 1.0		__DUMMY__ 0.4754524764597343 neg 0.30755798345774576 off 0.21698954008251997	false	1.0
verzweifeln	neg 1.0		__DUMMY__ 0.4764915884360905 neg 0.3043249575093855 off 0.21918345405452394	false	1.0
verzweifelt	neg 1.0		__DUMMY__ 0.4753653495844664 neg 0.3037101651126055 off 0.22092448530292805	false	1.0
misstrauensantrag	neg 1.0		__DUMMY__ 0.47292369761214176 neg 0.30465011706936035 off 0.22242618531849795	false	1.0
abfallen	neg 1.0		__DUMMY__ 0.47939437355669845 neg 0.2989976226041355 off 0.22160800383916618	false	1.0
fucker	off 1.0		__DUMMY__ 0.47262655516681457 neg 0.2995203506591484 off 0.22785309417403712	false	0.5
ungezogen	neg 1.0		__DUMMY__ 0.4723264690035951 neg 0.2935631249851682 off 0.23411040601123675	false	1.0
irrsinnig	neg 1.0	neg 1.0	neg 0.6437536436090506 __DUMMY__ 0.23124195637887876 off 0.12500440001207067	false	1.0
unfassbar	neg 1.0		__DUMMY__ 0.47447798313734346 neg 0.3005995349641237 off 0.22492248189853298	false	1.0
hart	neg 1.0		__DUMMY__ 0.4730036397405609 neg 0.3021298247744107 off 0.22486653548502847	false	1.0
widerlich	off 1.0		__DUMMY__ 0.4730760290024326 neg 0.3013703750369035 off 0.22555359596066382	false	0.5
fatal	neg 1.0		__DUMMY__ 0.4743413649707083 neg 0.3028706109310143 off 0.22278802409827744	false	1.0
bruch	neg 1.0		__DUMMY__ 0.4740720272676284 neg 0.31303001571378436 off 0.2128979570185872	false	1.0
aushungern	neg 1.0		__DUMMY__ 0.47193400570211397 neg 0.30858793280107444 off 0.2194780614968115	false	1.0
anspannung	neg 1.0		__DUMMY__ 0.47930410004468693 neg 0.3074578606929855 off 0.21323803926232754	false	1.0
von			__DUMMY__ 0.47959988586824065 neg 0.30473080680393183 off 0.21566930732782758	false	0.0
kraftlos	neg 1.0		__DUMMY__ 0.4794808066259784 neg 0.30282012851335016 off 0.21769906486067145	false	1.0
vom			__DUMMY__ 0.4821565715588975 neg 0.3073015905880766 off 0.21054183785302585	false	0.0
grenzdebil	off 1.0		__DUMMY__ 0.4752626311598394 neg 0.29834051233814907 off 0.22639685650201152	false	0.5
vor			__DUMMY__ 0.4785606609456661 neg 0.3072098381841309 off 0.21422950087020293	false	0.0
unterwerfen	neg 1.0		__DUMMY__ 0.4748636062846993 neg 0.3090694973202926 off 0.2160668963950082	false	1.0
versenkung	neg 1.0		__DUMMY__ 0.47608761941642885 neg 0.30807273709011523 off 0.21583964349345588	false	1.0
entziehen	neg 1.0		__DUMMY__ 0.4760056017615684 neg 0.3105553811144224 off 0.21343901712400917	false	1.0
finanzkrise	neg 1.0		__DUMMY__ 0.4712784712209566 neg 0.3099058846063094 off 0.21881564417273383	false	1.0
schimpfend	neg 1.0		__DUMMY__ 0.4802821692704232 neg 0.2969958433811359 off 0.22272198734844093	false	1.0
profan	neg 1.0		__DUMMY__ 0.47523270231726505 neg 0.3028492881853198 off 0.22191800949741508	false	1.0
korruption	neg 1.0		__DUMMY__ 0.4717635250796324 neg 0.3113207113632795 off 0.21691576355708828	false	1.0
â			__DUMMY__ 0.4772356129339773 neg 0.3048186433148374 off 0.21794574375118522	false	0.0
schmutzig	neg 1.0		__DUMMY__ 0.47722188220052564 neg 0.29643084676206727 off 0.22634727103740698	false	1.0
sexy	neg 1.0		__DUMMY__ 0.4752674343103654 neg 0.3002171647694904 off 0.22451540092014413	false	1.0
abraten	neg 1.0		__DUMMY__ 0.476937038889839 neg 0.3015862702044034 off 0.22147669090575756	false	1.0
schwarz	neg 1.0		__DUMMY__ 0.4747105573591052 neg 0.3033759710045123 off 0.22191347163638234	false	1.0
fotze	off 1.0		__DUMMY__ 0.4745080972559011 neg 0.30723475923870913 off 0.21825714350538963	false	0.5
verwirren	neg 1.0		__DUMMY__ 0.47530305427256947 neg 0.3018111415051513 off 0.22288580422227922	false	1.0
zahnlos	off 1.0		__DUMMY__ 0.47428201378120005 neg 0.3086756824340114 off 0.21704230378478853	false	0.5
verheeren	neg 1.0		__DUMMY__ 0.46903900412983307 neg 0.2953326310169535 off 0.23562836485321337	false	1.0
hippie	neg 1.0		__DUMMY__ 0.47486801128995776 neg 0.30096035755103556 off 0.22417163115900673	false	1.0
rammen	neg 1.0		__DUMMY__ 0.47609276607757756 neg 0.3007310448635825 off 0.22317618905884	false	1.0
unlauter	neg 1.0	neg 1.0	neg 0.6431669005498428 __DUMMY__ 0.23067896545475158 off 0.12615413399540562	false	1.0
unheilvoll	neg 1.0		__DUMMY__ 0.47668623041197533 neg 0.3011025776474943 off 0.22221119194053035	false	1.0
niedrig	neg 1.0		__DUMMY__ 0.47541392018762774 neg 0.30759537994355823 off 0.21699069986881409	false	1.0
explosion	neg 1.0		__DUMMY__ 0.47601047273281105 neg 0.30010214609135133 off 0.22388738117583754	false	1.0
weichei	off 1.0		__DUMMY__ 0.47240486002859317 neg 0.2964891543523802 off 0.23110598561902657	false	0.5
minusmensch	off 1.0		__DUMMY__ 0.46762054191463365 neg 0.2973384195429057 off 0.23504103854246072	false	0.5
farblos	neg 1.0		__DUMMY__ 0.47497007269284375 neg 0.3041208557610763 off 0.22090907154608003	false	1.0
unwissend	neg 1.0	neg 1.0	neg 0.6416518141362287 __DUMMY__ 0.23077849990557212 off 0.1275696859581991	false	1.0
traurig	neg 1.0		__DUMMY__ 0.474762035032147 neg 0.29714867859693495 off 0.228089286370918	false	1.0
senkung	neg 1.0		__DUMMY__ 0.47393204235389347 neg 0.30292984165595677 off 0.22313811599014988	false	1.0
ungleich	neg 1.0	neg 1.0	neg 0.6464770118103035 __DUMMY__ 0.2311767358832245 off 0.12234625230647199	false	1.0
heikel	neg 1.0		__DUMMY__ 0.4760033889343765 neg 0.3092762928807738 off 0.2147203181848498	false	1.0
drosselung	neg 1.0		__DUMMY__ 0.4753774550039172 neg 0.29589447925168066 off 0.2287280657444023	false	1.0
falsch	neg 1.0		__DUMMY__ 0.4747234487531325 neg 0.30146322801090125 off 0.22381332323596617	false	1.0
unzufriedenheit	neg 1.0		__DUMMY__ 0.4755100877783653 neg 0.3100642339262344 off 0.2144256782954004	false	1.0
kurz	neg 1.0		__DUMMY__ 0.47899331302938103 neg 0.30220575672856886 off 0.21880093024205013	false	1.0
unsinnig	neg 1.0		__DUMMY__ 0.47506701097408066 neg 0.30750756698422965 off 0.21742542204168955	false	1.0
penner	off 1.0	off 1.0	off 0.6024154220087431 __DUMMY__ 0.2303508250271286 neg 0.1672337529641283	false	1.0
seicht	neg 1.0		__DUMMY__ 0.46951411461447257 neg 0.2974354750705276 off 0.23305041031499985	false	1.0
dummheit	off 1.0	off 1.0	off 0.5960580575862914 __DUMMY__ 0.23056265479317517 neg 0.17337928762053345	false	1.0
unerfreulich	neg 1.0		__DUMMY__ 0.47682739664857804 neg 0.30893561830187666 off 0.2142369850495454	false	1.0
motherfucker	off 1.0	off 1.0	off 0.5994798258737681 __DUMMY__ 0.23038804733951335 neg 0.17013212678671855	false	1.0
pikiert	neg 1.0		__DUMMY__ 0.4734819416916926 neg 0.3022371963817827 off 0.22428086192652466	false	1.0
wrack	neg 1.0		__DUMMY__ 0.4779801043759359 neg 0.3036173959378954 off 0.21840249968616854	false	1.0
gangster	neg 1.0		__DUMMY__ 0.4749189667334211 neg 0.3018008041536576 off 0.22328022911292117	false	1.0
krank	neg 1.0		__DUMMY__ 0.47651204302799 neg 0.29693635021970016 off 0.2265516067523099	false	1.0
reich	neg 1.0		__DUMMY__ 0.46814727470702866 neg 0.307720884698755 off 0.22413184059421637	false	1.0
gnadenlos	neg 1.0		__DUMMY__ 0.4754049987048353 neg 0.3037977522837867 off 0.22079724901137798	false	1.0
niedergeschlagen	neg 1.0		__DUMMY__ 0.476822716516618 neg 0.3047281111380712 off 0.21844917234531064	false	1.0
terrorisieren	off 1.0	off 1.0	off 0.5928942847664118 __DUMMY__ 0.23256188708958106 neg 0.17454382814400707	false	1.0
sinnlosigkeit	neg 1.0		__DUMMY__ 0.47449979911248225 neg 0.30838709709020523 off 0.2171131037973124	false	1.0
behindern	neg 1.0		__DUMMY__ 0.4773989100328521 neg 0.3023366510260881 off 0.22026443894105974	false	1.0
undemokratisch	neg 1.0		__DUMMY__ 0.4707609225968905 neg 0.3088043317432412 off 0.2204347456598683	false	1.0
wirtschaftskrise	neg 1.0		__DUMMY__ 0.4730426032053963 neg 0.3097712976018147 off 0.2171860991927888	false	1.0
neid	neg 1.0		__DUMMY__ 0.47692036397420884 neg 0.29919801542985425 off 0.223881620595937	false	1.0
rutschen	neg 1.0		__DUMMY__ 0.48310056382006394 neg 0.303389010234816 off 0.21351042594512007	false	1.0
rezession	neg 1.0		__DUMMY__ 0.4695242792728735 neg 0.30143497564573696 off 0.2290407450813896	false	1.0
fehlgeburt	neg 1.0		__DUMMY__ 0.4752338130387261 neg 0.30429782543304834 off 0.22046836152822555	false	1.0
charakterschwach	off 1.0		__DUMMY__ 0.47330485071309514 neg 0.301240840515779 off 0.22545430877112585	false	0.5
isolation	neg 1.0		__DUMMY__ 0.4751898779355808 neg 0.2992589056894664 off 0.22555121637495285	false	1.0
ablenkung	neg 1.0		__DUMMY__ 0.4770765508976397 neg 0.3025035979925898 off 0.22041985110977053	false	1.0
pech	neg 1.0		__DUMMY__ 0.47540671047403815 neg 0.3016302472736094 off 0.22296304225235242	false	1.0
vermeidung	neg 1.0		__DUMMY__ 0.4757977622066025 neg 0.29673961453694986 off 0.2274626232564476	false	1.0
dominieren	neg 1.0		__DUMMY__ 0.47560036370892744 neg 0.3057786665816702 off 0.21862096970940229	false	1.0
schwindlig	neg 1.0		__DUMMY__ 0.47782366268666965 neg 0.2988763143885096 off 0.22330002292482082	false	1.0
lutscher	neg 1.0		__DUMMY__ 0.4698752555840111 neg 0.2960832318341448 off 0.23404151258184422	false	1.0
pflicht	neg 1.0		__DUMMY__ 0.4756728276623067 neg 0.30986027466005006 off 0.21446689767764318	false	1.0
faschist	off 1.0		__DUMMY__ 0.4703684073697219 neg 0.30824411226214016 off 0.22138748036813796	false	0.5
verschleudern	neg 1.0		__DUMMY__ 0.4735239951107229 neg 0.30984155848778716 off 0.21663444640148993	false	1.0
wenn			__DUMMY__ 0.47514531534425625 neg 0.3009372534805575 off 0.22391743117518625	false	0.0
ehebruch	neg 1.0		__DUMMY__ 0.4739709572621948 neg 0.3097458104751932 off 0.216283232262612	false	1.0
spott	off 1.0		__DUMMY__ 0.4741386663175456 neg 0.310236257457899 off 0.21562507622455535	false	0.5
trostlosigkeit	neg 1.0		__DUMMY__ 0.47245046378711286 neg 0.3137485328399535 off 0.21380100337293362	false	1.0
lutschen	neg 1.0		__DUMMY__ 0.47287328491461006 neg 0.3026677900579121 off 0.22445892502747783	false	1.0
undiszipliniert	neg 1.0		__DUMMY__ 0.47421996513612064 neg 0.2984979856719749 off 0.2272820491919045	false	1.0
kopfschmerz	neg 1.0		__DUMMY__ 0.4760321527135894 neg 0.30478844343392364 off 0.21917940385248696	false	1.0
unvorhergesehen	neg 1.0		__DUMMY__ 0.4796401061115061 neg 0.3016813076945565 off 0.21867858619393732	false	1.0
desinteressiert	neg 1.0		__DUMMY__ 0.473010736143335 neg 0.3003338888182172 off 0.2266553750384478	false	1.0
armselig	off 1.0		__DUMMY__ 0.4721067522447989 neg 0.300360586760302 off 0.2275326609948991	false	0.5
desaster	neg 1.0		__DUMMY__ 0.4743687137700032 neg 0.31296191626261877 off 0.212669369967378	false	1.0
tod	neg 1.0		__DUMMY__ 0.47292920697390606 neg 0.3114059748981471 off 0.2156648181279469	false	1.0
herzlos	neg 1.0		__DUMMY__ 0.47434035837279465 neg 0.2968816908499487 off 0.22877795077725652	false	1.0
unwissenheit	neg 1.0		__DUMMY__ 0.4735464398971959 neg 0.30963027732297743 off 0.21682328277982665	false	1.0
widersinnig	neg 1.0		__DUMMY__ 0.47108588633423976 neg 0.3113044478739472 off 0.217609665791813	false	1.0
bedenklich	neg 1.0		__DUMMY__ 0.47559597589393315 neg 0.30867087392219905 off 0.21573315018386788	false	1.0
beanstanden	neg 1.0		__DUMMY__ 0.4760323718755644 neg 0.3097927701153388 off 0.2141748580090969	false	1.0
panisch	neg 1.0	neg 1.0	neg 0.6390599378234261 __DUMMY__ 0.23436444894295355 off 0.12657561323362038	false	1.0
debil	off 1.0		__DUMMY__ 0.4770212636360227 neg 0.3115791222455382 off 0.21139961411843927	false	0.5
abstrich	neg 1.0		__DUMMY__ 0.4788585939975488 neg 0.3002198722247501 off 0.22092153377770102	false	1.0
primitiv	neg 1.0		__DUMMY__ 0.47282631146931964 neg 0.3010616067203292 off 0.2261120818103511	false	1.0
abschaum	off 1.0	off 1.0	off 0.597496423467508 __DUMMY__ 0.23015974438484632 neg 0.17234383214764568	false	1.0
provozieren	neg 1.0		__DUMMY__ 0.4738294632767204 neg 0.3064329450953562 off 0.21973759162792345	false	1.0
tot	neg 1.0		__DUMMY__ 0.47442942151309725 neg 0.3070001999720999 off 0.2185703785148027	false	1.0
instabil	neg 1.0		__DUMMY__ 0.47035268763129334 neg 0.30135147886234764 off 0.22829583350635893	false	1.0
schwuchtel	off 1.0		__DUMMY__ 0.46684226904091497 neg 0.29406488574700845 off 0.23909284521207666	false	0.5
zerren	neg 1.0		__DUMMY__ 0.47705323278100925 neg 0.3045046219481317 off 0.21844214527085898	false	1.0
kinderficker	off 1.0		__DUMMY__ 0.4710592866603679 neg 0.2991190965361152 off 0.2298216168035168	false	0.5
gefahr	neg 1.0		__DUMMY__ 0.4744886341167568 neg 0.30938321797660867 off 0.2161281479066346	false	1.0
rabiat	neg 1.0		__DUMMY__ 0.4755521893880673 neg 0.30460567954818046 off 0.21984213106375225	false	1.0
verlangsamung	neg 1.0		__DUMMY__ 0.4692981918580469 neg 0.2980972814578269 off 0.23260452668412632	false	1.0
ausgestorben	neg 1.0		__DUMMY__ 0.4766764080880863 neg 0.30487369614882553 off 0.21844989576308824	false	1.0
anklagen	neg 1.0		__DUMMY__ 0.473402510434369 neg 0.30763077669034816 off 0.21896671287528277	false	1.0
trott	neg 1.0		__DUMMY__ 0.4765823155544997 neg 0.30321213952156906 off 0.22020554492393132	false	1.0
verminderung	neg 1.0		__DUMMY__ 0.47403793401226885 neg 0.2980510448091066 off 0.22791102117862447	false	1.0
nach			__DUMMY__ 0.4810332810724641 neg 0.30621361589829765 off 0.21275310302923803	false	0.0
rost	neg 1.0		__DUMMY__ 0.4713514547828191 neg 0.2951289961192294 off 0.2335195490979516	false	1.0
destruktiv	neg 1.0		__DUMMY__ 0.47310989014376653 neg 0.3086247398292688 off 0.2182653700269647	false	1.0
unzumutbarkeit	neg 1.0		__DUMMY__ 0.4752514471323062 neg 0.29733746757744134 off 0.22741108529025245	false	1.0
labil	off 1.0	off 1.0	off 0.5982619307071988 __DUMMY__ 0.23052676013766538 neg 0.17121130915513577	false	1.0
ziemlich	neg 1.0		__DUMMY__ 0.47492031150559566 neg 0.29936821860411 off 0.2257114698902945	false	1.0
lachnummer	off 1.0		__DUMMY__ 0.4733916310260977 neg 0.3082191391191537 off 0.2183892298547485	false	0.5
oder			__DUMMY__ 0.47755364778184034 neg 0.30230570255012096 off 0.22014064966803865	false	0.0
verfall	neg 1.0		__DUMMY__ 0.477101223972194 neg 0.31164129240304506 off 0.21125748362476088	false	1.0
ausgrenzung	neg 1.0		__DUMMY__ 0.47080317129170474 neg 0.30799361785206986 off 0.22120321085622546	false	1.0
unordnung	neg 1.0		__DUMMY__ 0.47152965783954937 neg 0.2990549633826908 off 0.22941537877775992	false	1.0
fehlverhalten	neg 1.0		__DUMMY__ 0.47438130940934936 neg 0.3102010239572939 off 0.21541766663335682	false	1.0
eine			__DUMMY__ 0.47782427013207845 neg 0.30783691572850475 off 0.2143388141394168	false	0.0
nille	neg 1.0		__DUMMY__ 0.47318879982291057 neg 0.30714909639528076 off 0.2196621037818087	false	1.0
qual	neg 1.0		__DUMMY__ 0.47634728149356276 neg 0.3035799007132195 off 0.22007281779321763	false	1.0
verschwenden	neg 1.0		__DUMMY__ 0.47607934396980023 neg 0.3079956094627645 off 0.21592504656743533	false	1.0
riesig	neg 1.0		__DUMMY__ 0.47620129387611526 neg 0.30468119010387246 off 0.21911751602001225	false	1.0
verurteilen	neg 1.0		__DUMMY__ 0.4732292531648777 neg 0.30975859916324966 off 0.2170121476718726	false	1.0
klischee	neg 1.0	neg 1.0	neg 0.6431884248155445 __DUMMY__ 0.23034112814349972 off 0.12647044704095578	false	1.0
diktatorisch	neg 1.0		__DUMMY__ 0.46935125806460215 neg 0.3107068159722164 off 0.21994192596318143	false	1.0
vorhersehbar	neg 1.0		__DUMMY__ 0.4724525157781433 neg 0.30629765788221575 off 0.2212498263396409	false	1.0
sowie			__DUMMY__ 0.46990049063618095 neg 0.29895642896610475 off 0.23114308039771428	false	0.0
stornieren	neg 1.0		__DUMMY__ 0.47728545889863777 neg 0.29941307643052334 off 0.22330146467083895	false	1.0
besteuerung	neg 1.0		__DUMMY__ 0.4738542597828741 neg 0.3050526689795805 off 0.22109307123754537	false	1.0
ungeschminkt	neg 1.0		__DUMMY__ 0.4737124933469928 neg 0.30022747268968125 off 0.22606003396332594	false	1.0
kritisch	neg 1.0		__DUMMY__ 0.47423508672579034 neg 0.3100651006277504 off 0.21569981264645932	false	1.0
schlamperei	off 1.0		__DUMMY__ 0.4742375924356768 neg 0.3092784275132594 off 0.21648398005106376	false	0.5
sucht	neg 1.0	neg 1.0	neg 0.6381346994126715 __DUMMY__ 0.2345429128951951 off 0.12732238769213333	false	1.0
egoistisch	off 1.0		__DUMMY__ 0.47260481861764336 neg 0.2963982871613848 off 0.23099689422097194	false	0.5
ausbeuter	off 1.0		__DUMMY__ 0.4735529097624876 neg 0.31166089096779725 off 0.214786199269715	false	0.5
arschgeburt	off 1.0		__DUMMY__ 0.46685520210011816 neg 0.29419172780383956 off 0.2389530700960423	false	0.5
schubs	neg 1.0	neg 1.0	neg 0.6421901446238474 __DUMMY__ 0.2340377535574194 off 0.12377210181873331	false	1.0
unsolide	neg 1.0		__DUMMY__ 0.46782352846933295 neg 0.3088775670661604 off 0.22329890446450665	false	1.0
beschwerde	neg 1.0		__DUMMY__ 0.474289174070101 neg 0.3083759792991676 off 0.2173348466307315	false	1.0
stocken	neg 1.0		__DUMMY__ 0.47640067180834134 neg 0.3062727168382369 off 0.2173266113534218	false	1.0
isolieren	neg 1.0		__DUMMY__ 0.4777291916236302 neg 0.3024591612464993 off 0.2198116471298705	false	1.0
unheilbar	neg 1.0		__DUMMY__ 0.4745641677928869 neg 0.3051712278000432 off 0.22026460440706977	false	1.0
pisser	off 1.0		__DUMMY__ 0.47136608877490055 neg 0.30000888188271463 off 0.2286250293423847	false	0.5
löschen	neg 1.0		__DUMMY__ 0.4749243359457889 neg 0.3039172421732044 off 0.22115842188100665	false	1.0
durchfallen	neg 1.0		__DUMMY__ 0.47588718291088056 neg 0.3076989688712927 off 0.2164138482178268	false	1.0
wichser	off 1.0		__DUMMY__ 0.47059565933913344 neg 0.2938540199028371 off 0.23555032075802929	false	0.5
terror	neg 1.0		__DUMMY__ 0.476753834683436 neg 0.29877366267096156 off 0.22447250264560237	false	1.0
krass	neg 1.0		__DUMMY__ 0.4733705209459393 neg 0.2977101123585712 off 0.22891936669548946	false	1.0
revolte	neg 1.0	neg 1.0	neg 0.6456683938458888 __DUMMY__ 0.22820102332205855 off 0.1261305828320526	false	1.0
besorgt	neg 1.0		__DUMMY__ 0.4798528791515568 neg 0.30094077551454607 off 0.21920634533389716	false	1.0
nachlassen	neg 1.0		__DUMMY__ 0.4772127666240983 neg 0.30476808665091815 off 0.21801914672498343	false	1.0
alt	neg 1.0		__DUMMY__ 0.4793306503505332 neg 0.30406736354865255 off 0.2166019861008142	false	1.0
hundesohn	off 1.0		__DUMMY__ 0.4686172241616927 neg 0.2970666973540999 off 0.23431607848420727	false	0.5
als			__DUMMY__ 0.47735217521665146 neg 0.3050031300504663 off 0.21764469473288212	false	0.0
abschreckung	neg 1.0		__DUMMY__ 0.4751445803598557 neg 0.3106213474652878 off 0.21423407217485654	false	1.0
unqualifiziert	neg 1.0		__DUMMY__ 0.4731320404521923 neg 0.3049848115586534 off 0.2218831479891541	false	1.0
abgewichst	off 1.0		__DUMMY__ 0.4748534895184887 neg 0.3062096398211293 off 0.21893687066038192	false	0.5
schwer	neg 1.0		__DUMMY__ 0.4765432340875944 neg 0.3040334353680247 off 0.21942333054438082	false	1.0
bedeutungslosigkeit	neg 1.0		__DUMMY__ 0.4744621335953195 neg 0.3108262694764612 off 0.21471159692821926	false	1.0
kapitulation	neg 1.0		__DUMMY__ 0.4708127452740944 neg 0.313116276239121 off 0.21607097848678458	false	1.0
unscharf	neg 1.0		__DUMMY__ 0.4750528825138803 neg 0.30198643472540687 off 0.22296068276071274	false	1.0
schwinden	neg 1.0		__DUMMY__ 0.4761810991511002 neg 0.3082961041083454 off 0.21552279674055438	false	1.0
versklavung	neg 1.0	neg 1.0	neg 0.6456971295179096 __DUMMY__ 0.2292840941515042 off 0.12501877633058622	false	1.0
schlecht	neg 1.0		__DUMMY__ 0.47531988080118565 neg 0.298486784776934 off 0.22619333442188042	false	1.0
verhasst	neg 1.0		__DUMMY__ 0.4732469758512161 neg 0.3071108996355086 off 0.21964212451327533	false	1.0
beschweren	neg 1.0		__DUMMY__ 0.47599555052661846 neg 0.3023956008627965 off 0.22160884861058494	false	1.0
scheiden	neg 1.0		__DUMMY__ 0.4761717838504118 neg 0.30455858102036976 off 0.2192696351292184	false	1.0
frustriert	neg 1.0		__DUMMY__ 0.4760084155834908 neg 0.3057236308875746 off 0.2182679535289348	false	1.0
schimmelig	neg 1.0		__DUMMY__ 0.4755082101465926 neg 0.30808227043168224 off 0.21640951942172523	false	1.0
fisch	neg 1.0	neg 1.0	neg 0.6420153259299533 __DUMMY__ 0.23413958448332642 off 0.12384508958672041	false	1.0
schmuggel	neg 1.0		__DUMMY__ 0.47856685360610585 neg 0.3057627469871163 off 0.21567039940677782	false	1.0
auffallen	neg 1.0		__DUMMY__ 0.4755322897728719 neg 0.3024430216789112 off 0.22202468854821697	false	1.0
konkurrenz	neg 1.0		__DUMMY__ 0.4780683571295809 neg 0.3072698709981667 off 0.2146617718722522	false	1.0
teufelskreis	neg 1.0		__DUMMY__ 0.4748472471487769 neg 0.30689187939043266 off 0.21826087346079043	false	1.0
aufschreien	neg 1.0		__DUMMY__ 0.47352647647438456 neg 0.30497544641012136 off 0.2214980771154941	false	1.0
schuldner	neg 1.0		__DUMMY__ 0.47387522421340317 neg 0.31046428627064776 off 0.21566048951594896	false	1.0
missgeburt	off 1.0	off 1.0	off 0.6016240543436457 __DUMMY__ 0.22927859332366207 neg 0.16909735233269227	false	1.0
arbeitslos	neg 1.0		__DUMMY__ 0.4748598879814827 neg 0.30793207329962136 off 0.217208038718896	false	1.0
befallen	neg 1.0		__DUMMY__ 0.47177074573102 neg 0.31150973425650647 off 0.2167195200124735	false	1.0
miesepetrig	off 1.0		__DUMMY__ 0.47579858705713624 neg 0.2983119629630865 off 0.22588944997977717	false	0.5
alarmieren	neg 1.0		__DUMMY__ 0.4724575782496412 neg 0.3027621343401919 off 0.22478028741016698	false	1.0
ungeduscht	off 1.0		__DUMMY__ 0.47534568676480154 neg 0.30150085002632404 off 0.2231534632088743	false	0.5
knappheit	neg 1.0		__DUMMY__ 0.47498479175199365 neg 0.30727529298303674 off 0.21773991526496975	false	1.0
schlange	neg 1.0		__DUMMY__ 0.477372386094927 neg 0.30090950085899054 off 0.2217181130460823	false	1.0
harsch	neg 1.0		__DUMMY__ 0.4741381376490193 neg 0.29336447736077903 off 0.23249738499020167	false	1.0
lang	neg 1.0		__DUMMY__ 0.4755356799595814 neg 0.3030792838137863 off 0.22138503622663228	false	1.0
ziellos	neg 1.0		__DUMMY__ 0.47672591508139106 neg 0.3062531318864577 off 0.21702095303215113	false	1.0
selbstverliebt	neg 1.0		__DUMMY__ 0.4676101304967597 neg 0.29630108187777604 off 0.2360887876254644	false	1.0
beseitigen	neg 1.0		__DUMMY__ 0.4780959650046351 neg 0.3000360633423654 off 0.2218679716529995	false	1.0
dumm	off 1.0		__DUMMY__ 0.471524992870652 neg 0.2969776028883169 off 0.23149740424103105	false	0.5
arbeitsloser	neg 1.0		__DUMMY__ 0.47527979170522827 neg 0.3082951191200719 off 0.2164250891746999	false	1.0
blitzen	neg 1.0		__DUMMY__ 0.4740244316751803 neg 0.30222724019716996 off 0.22374832812764978	false	1.0
hilflos	neg 1.0		__DUMMY__ 0.47630555098942867 neg 0.30575195897081364 off 0.21794249003975777	false	1.0
eklig	off 1.0		__DUMMY__ 0.4705434709219277 neg 0.29722524365239683 off 0.23223128542567537	false	0.5
begriff			__DUMMY__ 0.4751113287057131 neg 0.3067855548221332 off 0.21810311647215375	false	0.0
hungersnot	neg 1.0		__DUMMY__ 0.47047672830414117 neg 0.3110060942535748 off 0.21851717744228413	false	1.0
ungesetzlich	neg 1.0		__DUMMY__ 0.47015111548852795 neg 0.3082472479884085 off 0.22160163652306344	false	1.0
verschwendung	neg 1.0		__DUMMY__ 0.476212785915468 neg 0.3087325447041708 off 0.2150546693803612	false	1.0
schmerzvoll	neg 1.0		__DUMMY__ 0.4758706524084796 neg 0.3025953153894169 off 0.22153403220210346	false	1.0
vorzeitig	neg 1.0		__DUMMY__ 0.47489515377025054 neg 0.29916335381868675 off 0.22594149241106265	false	1.0
unvollkommenheit	neg 1.0		__DUMMY__ 0.47545555036016823 neg 0.3043965940683623 off 0.22014785557146968	false	1.0
intervenieren	neg 1.0		__DUMMY__ 0.4729937617062484 neg 0.311919059121899 off 0.2150871791718527	false	1.0
banause	off 1.0		__DUMMY__ 0.46977695061315056 neg 0.29657307229515334 off 0.23364997709169602	false	0.5
rebell	neg 1.0		__DUMMY__ 0.4777054596961472 neg 0.30767779289616465 off 0.21461674740768802	false	1.0
unlogisch	neg 1.0		__DUMMY__ 0.47263448369553873 neg 0.2994541738435459 off 0.22791134246091524	false	1.0
leiden	neg 1.0	neg 1.0	neg 0.6408670784994809 __DUMMY__ 0.2363893499878091 off 0.12274357151271001	false	1.0
abschaffung	neg 1.0		__DUMMY__ 0.4729856901732826 neg 0.30645389819866614 off 0.22056041162805123	false	1.0
sturz	neg 1.0		__DUMMY__ 0.4725115628911523 neg 0.3064758037045912 off 0.22101263340425661	false	1.0
verkleinerung	neg 1.0		__DUMMY__ 0.4713249460992273 neg 0.3051175179892222 off 0.22355753591155045	false	1.0
schmarotzer	off 1.0		__DUMMY__ 0.47372753411323626 neg 0.3098354671273529 off 0.2164369987594109	false	0.5
bestrafung	neg 1.0		__DUMMY__ 0.4744114755123928 neg 0.3047399839856813 off 0.22084854050192587	false	1.0
achtlos	neg 1.0		__DUMMY__ 0.47732884425534183 neg 0.30303830938219906 off 0.21963284636245922	false	1.0
ungeheuer	neg 1.0		__DUMMY__ 0.4744398768082489 neg 0.30357122398653685 off 0.22198889920521417	false	1.0
unaufrichtig	neg 1.0		__DUMMY__ 0.4710968750774399 neg 0.3066531112816888 off 0.2222500136408712	false	1.0
groggy	neg 1.0		__DUMMY__ 0.4744221799399083 neg 0.30181385401597327 off 0.22376396604411844	false	1.0
verletzlich	neg 1.0		__DUMMY__ 0.47393908374232335 neg 0.30002779915674466 off 0.226033117100932	false	1.0
