unsolidarisch	neg 1.0		__DUMMY__ 0.9242845029888774 neg 0.045697638704773565 off 0.030017858306349024	false	1.0
nachteilig	neg 1.0		__DUMMY__ 0.9314839011026209 neg 0.04131502280635191 off 0.027201076091027218	false	1.0
skeptisch	neg 1.0		__DUMMY__ 0.9331061339950237 neg 0.041624088512112946 off 0.025269777492863337	false	1.0
schrecklich	neg 1.0		__DUMMY__ 0.9288877257980357 neg 0.03679612076302572 off 0.03431615343893862	false	1.0
schlapp	neg 1.0		__DUMMY__ 0.9329420572589204 neg 0.03610109195982976 off 0.03095685078124975	false	1.0
abfall	neg 1.0		__DUMMY__ 0.9335310030927171 neg 0.04230002587439777 off 0.024168971032885053	false	1.0
widerspenstig	neg 1.0		__DUMMY__ 0.9342338956185393 neg 0.03773060709037719 off 0.028035497291083504	false	1.0
abrupt	neg 1.0		__DUMMY__ 0.9349184860160056 neg 0.03786154587901927 off 0.0272199681049751	false	1.0
unwirksam	neg 1.0		__DUMMY__ 0.9268910215359438 neg 0.04358839172145901 off 0.029520586742597117	false	1.0
angreifen	neg 1.0		__DUMMY__ 0.9312433094302666 neg 0.0422940438780965 off 0.026462646691636952	false	1.0
inkonsistent	neg 1.0		__DUMMY__ 0.929975175989442 neg 0.039954035740169314 off 0.030070788270388674	false	1.0
abrutschen	neg 1.0		__DUMMY__ 0.9345360626472604 neg 0.041272343714566326 off 0.02419159363817328	false	1.0
unsicher	neg 1.0		__DUMMY__ 0.9324432241481878 neg 0.03894619338696729 off 0.028610582464844894	false	1.0
bauernkind	off 1.0		__DUMMY__ 0.9248787104168676 neg 0.03858614486399817 off 0.03653514471913417	false	0.5
angreifer	neg 1.0		__DUMMY__ 0.9283459153231655 neg 0.04046095184261183 off 0.031193132834222714	false	1.0
trennen	neg 1.0		__DUMMY__ 0.9363641980561057 neg 0.038255105981896735 off 0.02538069596199747	false	1.0
schmutz	neg 1.0		__DUMMY__ 0.9366169073855899 neg 0.03171699434552282 off 0.03166609826888733	false	1.0
inkonsistenz	neg 1.0	neg 1.0	neg 0.5065206325867022 __DUMMY__ 0.465216021101197 off 0.02826334631210077	false	1.0
erschreckend	neg 1.0		__DUMMY__ 0.9307303273690879 neg 0.04123410052418482 off 0.028035572106727278	false	1.0
ertrinken	neg 1.0		__DUMMY__ 0.9343256535793462 neg 0.0392916689101661 off 0.026382677510487788	false	1.0
pickelface	off 1.0		__DUMMY__ 0.9300499009097465 neg 0.0404542617842501 off 0.02949583730600348	false	0.5
seiner			__DUMMY__ 0.9325173407010644 neg 0.041382835696908225 off 0.026099823602027436	false	0.0
lauch	neg 1.0		__DUMMY__ 0.9339202520073484 neg 0.04129184293767437 off 0.02478790505497711	false	1.0
unwichtig	neg 1.0		__DUMMY__ 0.9297993331468087 neg 0.0385280032075787 off 0.031672663645612636	false	1.0
steuerhinterziehung	neg 1.0		__DUMMY__ 0.9275583699527044 neg 0.04361369115005056 off 0.028827938897244994	false	1.0
schock	neg 1.0		__DUMMY__ 0.9349611271646605 neg 0.03782995141539729 off 0.027208921419942186	false	1.0
beule	neg 1.0		__DUMMY__ 0.9327277516592362 neg 0.03552159565691133 off 0.031750652683852486	false	1.0
vergelten	neg 1.0		__DUMMY__ 0.9265013920272789 neg 0.037759224529664785 off 0.035739383443056286	false	1.0
verdorbenheit	neg 1.0		__DUMMY__ 0.934728193007259 neg 0.036286818846734556 off 0.028984988146006464	false	1.0
trauma	neg 1.0		__DUMMY__ 0.931019065728048 neg 0.039087670897026944 off 0.02989326337492499	false	1.0
sinnlos	neg 1.0		__DUMMY__ 0.9308761788339753 neg 0.039009303879006293 off 0.030114517287018402	false	1.0
fettsack	off 1.0	off 1.0	off 0.5025470248648789 __DUMMY__ 0.46304515768185694 neg 0.034407817453264225	false	1.0
feige	off 1.0		__DUMMY__ 0.9283032699666312 neg 0.040120921599620704 off 0.031575808433748104	false	0.5
abdanken	neg 1.0		__DUMMY__ 0.9253170665799888 neg 0.04542035913226372 off 0.02926257428774745	false	1.0
wichtigtuer	off 1.0	off 1.0	off 0.4974426850449464 __DUMMY__ 0.46495156561511086 neg 0.03760574933994269	false	1.0
misslingen	neg 1.0		__DUMMY__ 0.9349512297409525 neg 0.03540545947541296 off 0.02964331078363457	false	1.0
untreu	off 1.0		__DUMMY__ 0.93005576963066 neg 0.037825922887550434 off 0.032118307481789635	false	0.5
missmutig	neg 1.0		__DUMMY__ 0.9324512728469844 neg 0.03665097849654459 off 0.03089774865647106	false	1.0
hurenbock	off 1.0		__DUMMY__ 0.9357984167411576 neg 0.035262217235527 off 0.02893936602331543	false	0.5
betrunken	neg 1.0		__DUMMY__ 0.9314253862871283 neg 0.03591022064404155 off 0.032664393068830205	false	1.0
korrupt	off 1.0		__DUMMY__ 0.926750988006961 neg 0.045163826055317956 off 0.028085185937721018	false	0.5
unmut	neg 1.0		__DUMMY__ 0.9328904239660856 neg 0.04223123285033728 off 0.024878343183577206	false	1.0
hackfresse	off 1.0		__DUMMY__ 0.9275836525644866 off 0.036537753186778606 neg 0.035878594248734734	false	1.0
aufblasen	neg 1.0		__DUMMY__ 0.9335065450915695 neg 0.0372779284193505 off 0.029215526489079997	false	1.0
gewaltsam	neg 1.0		__DUMMY__ 0.9280503696170576 neg 0.04211725777628636 off 0.029832372606656082	false	1.0
unbeliebtheit	neg 1.0		__DUMMY__ 0.9216874129659641 neg 0.04440121782329612 off 0.033911369210739714	false	1.0
sturheit	neg 1.0		__DUMMY__ 0.9286946993209239 neg 0.04289762671438774 off 0.028407673964688462	false	1.0
kuh	neg 1.0		__DUMMY__ 0.9297069046457531 neg 0.040990447373473765 off 0.029302647980773127	false	1.0
erschrecken	neg 1.0		__DUMMY__ 0.9319483920974981 neg 0.03725323150419371 off 0.03079837639830817	false	1.0
opfer	neg 1.0	neg 1.0	neg 0.507715012485415 __DUMMY__ 0.4680873605345589 off 0.02419762698002616	false	1.0
sinken	neg 1.0		__DUMMY__ 0.9332779255715665 neg 0.04161176631800318 off 0.025110308110430288	false	1.0
stinktier	neg 1.0		__DUMMY__ 0.9270594191069196 neg 0.03842556923698163 off 0.034515011656098854	false	1.0
tucke	off 1.0		__DUMMY__ 0.9291649685210467 off 0.03648346967523801 neg 0.0343515618037152	false	1.0
ein			__DUMMY__ 0.9354651806230739 neg 0.03604572964811488 off 0.028489089728811097	false	0.0
abstieg	neg 1.0		__DUMMY__ 0.9296142676243069 neg 0.042377986904012954 off 0.028007745471680143	false	1.0
missverstehen	neg 1.0		__DUMMY__ 0.9287017343055994 neg 0.041070405760510825 off 0.03022785993388972	false	1.0
ergebnislos	neg 1.0		__DUMMY__ 0.9310522369277882 neg 0.041345593661030994 off 0.027602169411180898	false	1.0
unter			__DUMMY__ 0.9393952211245621 neg 0.039231876838473685 off 0.02137290203696419	false	0.0
manipulieren	neg 1.0		__DUMMY__ 0.9314212300446095 neg 0.042283818197964715 off 0.02629495175742574	false	1.0
unbewiesen	neg 1.0		__DUMMY__ 0.9237283300985427 neg 0.046363149640441796 off 0.02990852026101544	false	1.0
verschleppen	neg 1.0		__DUMMY__ 0.9304080701733228 neg 0.04209605706443467 off 0.027495872762242475	false	1.0
weib	off 1.0		__DUMMY__ 0.9263736822628016 off 0.03739000415991855 neg 0.03623631357727986	false	1.0
opposition	neg 1.0		__DUMMY__ 0.92640170757372 neg 0.04345623536870007 off 0.030142057057580034	false	1.0
verkehrswidrig	neg 1.0		__DUMMY__ 0.9304610714397512 off 0.03492507954382775 neg 0.03461384901642112	false	0.5
inkorrekt	neg 1.0		__DUMMY__ 0.9247456774050046 neg 0.04240338768823326 off 0.03285093490676213	false	1.0
vermeiden	neg 1.0		__DUMMY__ 0.9366381572485869 neg 0.04033212232232342 off 0.023029720429089608	false	1.0
abweichung	neg 1.0		__DUMMY__ 0.9266620586878609 neg 0.045548195872830335 off 0.02778974543930884	false	1.0
alkoholisiert	neg 1.0		__DUMMY__ 0.933710282855931 neg 0.039650734587872355 off 0.026638982556196615	false	1.0
scheiss	off 1.0	off 1.0	off 0.49932895789305126 __DUMMY__ 0.4668770660014159 neg 0.03379397610553288	false	1.0
herausforderung	neg 1.0		__DUMMY__ 0.9375615530718284 neg 0.035590872832077375 off 0.026847574096094153	false	1.0
pervers	off 1.0		__DUMMY__ 0.925815181368996 off 0.03925651152546063 neg 0.03492830710554341	false	1.0
wackelig	neg 1.0		__DUMMY__ 0.9370531943043794 neg 0.03643101678904856 off 0.026515788906571983	false	1.0
verwickeln	neg 1.0		__DUMMY__ 0.9300677372426663 neg 0.039910087336140807 off 0.030022175421192884	false	1.0
vorwand	neg 1.0		__DUMMY__ 0.9317269956506916 neg 0.042849699679024925 off 0.02542330467028351	false	1.0
muschi	off 1.0		__DUMMY__ 0.929644810233103 neg 0.041096060473691236 off 0.02925912929320575	false	0.5
entmutigung	neg 1.0		__DUMMY__ 0.9212437590307797 neg 0.047267142272524626 off 0.03148909869669558	false	1.0
unangemessen	neg 1.0		__DUMMY__ 0.9287211180359656 neg 0.04366915850754901 off 0.0276097234564854	false	1.0
unstetig	neg 1.0		__DUMMY__ 0.9290080209421822 neg 0.03987658169075348 off 0.031115397367064455	false	1.0
entmutigen	neg 1.0		__DUMMY__ 0.9321050728211657 neg 0.03855613940084218 off 0.029338787777992117	false	1.0
schwanz	neg 1.0		__DUMMY__ 0.9323833312226947 neg 0.040212114552467496 off 0.02740455422483788	false	1.0
verbot	neg 1.0		__DUMMY__ 0.9278548747366233 neg 0.04376852096551622 off 0.028376604297860448	false	1.0
leid	neg 1.0		__DUMMY__ 0.9284034744659311 neg 0.03630721901914608 off 0.03528930651492276	false	1.0
archaisch	neg 1.0		__DUMMY__ 0.9291760454684371 neg 0.043011116727354325 off 0.027812837804208547	false	1.0
gegen			__DUMMY__ 0.9309285252039126 neg 0.043127723391587346 off 0.02594375140450005	false	0.0
scheidung	neg 1.0	neg 1.0	neg 0.4969647923834607 __DUMMY__ 0.4624040080058309 off 0.04063119961070836	false	1.0
einschlag	neg 1.0		__DUMMY__ 0.9286554368610697 neg 0.03626328080154758 off 0.03508128233738277	false	1.0
m			__DUMMY__ 0.9334937897982535 neg 0.038841509013009756 off 0.02766470118873671	false	0.0
abgestanden	neg 1.0		__DUMMY__ 0.9337115051749235 neg 0.038475943002192106 off 0.027812551822884342	false	1.0
schmierig	off 1.0		__DUMMY__ 0.9298358690152587 neg 0.03566998068708432 off 0.03449415029765702	false	0.5
unpraktisch	neg 1.0		__DUMMY__ 0.934220995358898 neg 0.036803218948101284 off 0.02897578569300074	false	1.0
wixxer	off 1.0		__DUMMY__ 0.9240328225112774 off 0.03946214551739283 neg 0.0365050319713298	false	1.0
bezeichnet			__DUMMY__ 0.9294569060249731 neg 0.04200740061723047 off 0.028535693357796453	false	0.0
jammerlappen	off 1.0		__DUMMY__ 0.9302912279326945 neg 0.038090211250187134 off 0.03161856081711837	false	0.5
farce	neg 1.0		__DUMMY__ 0.9240975181907283 neg 0.047094916960251546 off 0.028807564849020126	false	1.0
zwecklos	neg 1.0		__DUMMY__ 0.9298316717569133 neg 0.042866341154665887 off 0.027301987088420784	false	1.0
turbulent	neg 1.0		__DUMMY__ 0.9282247680243126 neg 0.03769676580287812 off 0.03407846617280931	false	1.0
invasion	neg 1.0		__DUMMY__ 0.9323301784571042 neg 0.03697378690762081 off 0.03069603463527502	false	1.0
schuld	neg 1.0		__DUMMY__ 0.9304888154942621 neg 0.04014146402515067 off 0.029369720480587214	false	1.0
risiko	neg 1.0		__DUMMY__ 0.9342149202718311 neg 0.035042422220962016 off 0.03074265750720693	false	1.0
finster	neg 1.0		__DUMMY__ 0.9342488262642998 neg 0.03761051075191618 off 0.02814066298378391	false	1.0
geisteskrank	off 1.0		__DUMMY__ 0.9264534960733775 neg 0.040523210491204165 off 0.03302329343541836	false	0.5
zusammenbrechen	neg 1.0		__DUMMY__ 0.9331056723555194 neg 0.03915299302385035 off 0.027741334620630224	false	1.0
ausbeute	neg 1.0		__DUMMY__ 0.9355453778489614 neg 0.03809818849121006 off 0.026356433659828517	false	1.0
hinterhalt	neg 1.0		__DUMMY__ 0.9316033950997064 neg 0.0390652670815808 off 0.02933133781871283	false	1.0
kritik	neg 1.0		__DUMMY__ 0.9254990890465343 neg 0.04576034818309486 off 0.0287405627703709	false	1.0
einschrumpfen	neg 1.0		__DUMMY__ 0.9262766291300977 neg 0.04208988881971706 off 0.031633482050185346	false	1.0
riskant	neg 1.0		__DUMMY__ 0.9325497949942224 neg 0.04109519397099988 off 0.02635501103477777	false	1.0
frustrieren	neg 1.0		__DUMMY__ 0.931450222002077 neg 0.0421894168813592 off 0.02636036111656369	false	1.0
groll	neg 1.0		__DUMMY__ 0.9303495845387368 neg 0.042226681774919575 off 0.02742373368634362	false	1.0
gibt			__DUMMY__ 0.9313283968583091 neg 0.041039476162195915 off 0.027632126979494964	false	0.0
qualvoll	neg 1.0		__DUMMY__ 0.932408082258708 neg 0.037649968068683114 off 0.0299419496726089	false	1.0
wackeln	neg 1.0		__DUMMY__ 0.9352922449095517 neg 0.035909098401358946 off 0.02879865668908936	false	1.0
klagen	neg 1.0		__DUMMY__ 0.931414629788056 neg 0.043160565322788086 off 0.025424804889155828	false	1.0
bankrott	neg 1.0		__DUMMY__ 0.9318333019021363 neg 0.03662019833510954 off 0.03154649976275417	false	1.0
trauern	neg 1.0		__DUMMY__ 0.932982343152923 neg 0.04057247697486854 off 0.02644517987220834	false	1.0
ablehnung	neg 1.0	neg 1.0	neg 0.5109961105578126 __DUMMY__ 0.46297117212509786 off 0.026032717317089532	false	1.0
stur	neg 1.0		__DUMMY__ 0.930854274542106 neg 0.0395561782452553 off 0.029589547212638758	false	1.0
aufruhr	neg 1.0		__DUMMY__ 0.9271246136608594 neg 0.04327194567974358 off 0.029603440659397004	false	1.0
melancholie	neg 1.0		__DUMMY__ 0.9353569349080364 neg 0.03805579880552964 off 0.026587266286433955	false	1.0
ist			__DUMMY__ 0.9301916977355004 neg 0.04015467163620862 off 0.02965363062829109	false	0.0
torheit	neg 1.0		__DUMMY__ 0.9249743964744236 neg 0.04481533112632088 off 0.030210272399255556	false	1.0
dreckskind	off 1.0		__DUMMY__ 0.9234081102063983 neg 0.040476882633406215 off 0.03611500716019544	false	0.5
umtauschen	neg 1.0		__DUMMY__ 0.9337345076885087 neg 0.03845744989744553 off 0.027808042414045678	false	1.0
zum			__DUMMY__ 0.9397421714877654 neg 0.037082815175105824 off 0.023175013337128764	false	0.0
zersetzen	neg 1.0		__DUMMY__ 0.9313295963734269 neg 0.04280396339678455 off 0.025866440229788464	false	1.0
zur			__DUMMY__ 0.9341111292347993 neg 0.04222845672556988 off 0.023660414039630838	false	0.0
frust	neg 1.0		__DUMMY__ 0.9323856178741528 neg 0.039938926574688186 off 0.02767545555115916	false	1.0
unerbittlichkeit	neg 1.0		__DUMMY__ 0.9305111491403972 neg 0.04297846677264878 off 0.026510384086953904	false	1.0
zwei			__DUMMY__ 0.9372074506861362 neg 0.03839854036882258 off 0.02439400894504118	false	0.0
unkorrekt	neg 1.0		__DUMMY__ 0.9265149673834994 neg 0.040372957548192284 off 0.03311207506830831	false	1.0
hexe	off 1.0		__DUMMY__ 0.9310394849368855 neg 0.03738926330302147 off 0.03157125176009306	false	0.5
lasch	neg 1.0		__DUMMY__ 0.9284660900521151 neg 0.04049524810916663 off 0.03103866183871833	false	1.0
rivale	neg 1.0		__DUMMY__ 0.9274125341245035 neg 0.037945418873393304 off 0.03464204700210326	false	1.0
mutlos	off 1.0	off 1.0	off 0.49476025245348104 __DUMMY__ 0.46519097654993735 neg 0.04004877099658157	false	1.0
wirr	off 1.0		__DUMMY__ 0.9265038800937162 neg 0.03950683607717784 off 0.03398928382910602	false	0.5
jahr			__DUMMY__ 0.9356738330086578 neg 0.03845458101992753 off 0.02587158597141468	false	0.0
wird			__DUMMY__ 0.9320075171905274 neg 0.041355539674336896 off 0.02663694313513564	false	0.0
strafbar	neg 1.0		__DUMMY__ 0.929070923679839 neg 0.04406936752633445 off 0.0268597087938266	false	1.0
erosion	neg 1.0		__DUMMY__ 0.9334124537441408 neg 0.03704032133045246 off 0.0295472249254067	false	1.0
eingehen	neg 1.0		__DUMMY__ 0.930362573446541 neg 0.042526005479358135 off 0.027111421074100837	false	1.0
faul	off 1.0		__DUMMY__ 0.9336968486698703 neg 0.03541192449030035 off 0.030891226839829308	false	0.5
provisorium	neg 1.0		__DUMMY__ 0.9376214723140228 neg 0.041372706781774404 off 0.021005820904202704	false	1.0
schmerzen	neg 1.0		__DUMMY__ 0.9334811089994997 neg 0.039201004898638314 off 0.02731788610186196	false	1.0
schrumpfen	neg 1.0		__DUMMY__ 0.9351024492072744 neg 0.041537436428238504 off 0.02336011436448721	false	1.0
geistlos	off 1.0		__DUMMY__ 0.923962595305966 neg 0.04475967967026927 off 0.03127772502376469	false	0.5
fehlkauf	neg 1.0		__DUMMY__ 0.9297298896134052 neg 0.03952591622097249 off 0.030744194165622303	false	1.0
frustrierend	neg 1.0	neg 1.0	neg 0.5047138299643457 __DUMMY__ 0.4671879838463899 off 0.0280981861892644	false	1.0
unzufrieden	neg 1.0		__DUMMY__ 0.9310465951794954 neg 0.041672328643317075 off 0.027281076177187526	false	1.0
verzweifeln	neg 1.0		__DUMMY__ 0.9322006725285343 neg 0.039532745777854136 off 0.028266581693611462	false	1.0
verzweifelt	neg 1.0		__DUMMY__ 0.9308690418490388 neg 0.03965146867836633 off 0.029479489472594846	false	1.0
misstrauensantrag	neg 1.0		__DUMMY__ 0.9282872870856321 neg 0.041101875566016945 off 0.03061083734835093	false	1.0
abfallen	neg 1.0		__DUMMY__ 0.9357672183687338 neg 0.03561682467033744 off 0.02861595696092884	false	1.0
fucker	off 1.0		__DUMMY__ 0.9278395615284916 neg 0.03805736985785098 off 0.03410306861365747	false	0.5
ungezogen	neg 1.0		__DUMMY__ 0.9278293636635949 off 0.03744910813661486 neg 0.03472152819979016	false	0.5
irrsinnig	neg 1.0	neg 1.0	neg 0.507656545853955 __DUMMY__ 0.46569444552301476 off 0.026649008623030216	false	1.0
unfassbar	neg 1.0		__DUMMY__ 0.9299572471654183 neg 0.038150101230870495 off 0.03189265160371116	false	1.0
hart	neg 1.0		__DUMMY__ 0.9289374042947036 neg 0.03927952267778932 off 0.03178307302750695	false	1.0
widerlich	off 1.0		__DUMMY__ 0.9284891511360049 neg 0.038929025642304514 off 0.03258182322169055	false	0.5
fatal	neg 1.0		__DUMMY__ 0.9299559106700153 neg 0.03933868015201667 off 0.03070540917796808	false	1.0
bruch	neg 1.0		__DUMMY__ 0.9296574732948135 neg 0.04509709905180996 off 0.025245427653376444	false	1.0
aushungern	neg 1.0		__DUMMY__ 0.9273864057902341 neg 0.04289886225039288 off 0.029714731959373065	false	1.0
anspannung	neg 1.0		__DUMMY__ 0.9355482137351212 neg 0.04032160319013851 off 0.02413018307474037	false	1.0
von			__DUMMY__ 0.9360940063337243 neg 0.038610593012173726 off 0.025295400654101935	false	0.0
kraftlos	neg 1.0		__DUMMY__ 0.935821299890748 neg 0.03763972075328125 off 0.026538979355970733	false	1.0
vom			__DUMMY__ 0.9388977037968641 neg 0.03946412204820351 off 0.021638174154932417	false	0.0
grenzdebil	off 1.0		__DUMMY__ 0.9309777533855049 neg 0.03650067671843706 off 0.03252156989605799	false	0.5
vor			__DUMMY__ 0.9346570353843507 neg 0.04046484951148727 off 0.024878115104161956	false	0.0
unterwerfen	neg 1.0		__DUMMY__ 0.9307279558659152 neg 0.042424431087941805 off 0.026847613046143016	false	1.0
versenkung	neg 1.0		__DUMMY__ 0.9317869206728698 neg 0.04167095145125722 off 0.026542127875872863	false	1.0
entziehen	neg 1.0		__DUMMY__ 0.9319077981539124 neg 0.04302485733432324 off 0.025067344511764282	false	1.0
finanzkrise	neg 1.0		__DUMMY__ 0.9266197098361433 neg 0.04432036829233358 off 0.029059921871523172	false	1.0
schimpfend	neg 1.0		__DUMMY__ 0.9370054780375447 neg 0.03407645723483651 off 0.028918064727618795	false	1.0
profan	neg 1.0		__DUMMY__ 0.9308184334280425 neg 0.039204968793322276 off 0.029976597778635188	false	1.0
korruption	neg 1.0		__DUMMY__ 0.9272515776309955 neg 0.04471961259468443 off 0.02802880977431994	false	1.0
â			__DUMMY__ 0.9333686214206336 neg 0.03956049887821216 off 0.027070879701154207	false	0.0
schmutzig	neg 1.0		__DUMMY__ 0.933261291738041 neg 0.03473561436252219 off 0.032003093899436855	false	1.0
sexy	neg 1.0		__DUMMY__ 0.9309938508958491 neg 0.03755784137939506 off 0.03144830772475581	false	1.0
abraten	neg 1.0		__DUMMY__ 0.9328744172799505 neg 0.037864725788155376 off 0.029260856931894178	false	1.0
schwarz	neg 1.0		__DUMMY__ 0.9304013465360124 neg 0.039537076038122496 off 0.030061577425865075	false	1.0
fotze	off 1.0		__DUMMY__ 0.9303686967077704 neg 0.04166106142328767 off 0.02797024186894187	false	0.5
verwirren	neg 1.0		__DUMMY__ 0.9308935862756466 neg 0.03850945398964303 off 0.03059695973471042	false	1.0
zahnlos	off 1.0		__DUMMY__ 0.9297976145712769 neg 0.042614435362555304 off 0.027587950066167828	false	0.5
verheeren	neg 1.0		__DUMMY__ 0.9238633228207243 off 0.03934636530743092 neg 0.03679031187184475	false	0.5
hippie	neg 1.0		__DUMMY__ 0.9305385498123601 neg 0.03807146307548156 off 0.03138998711215829	false	1.0
rammen	neg 1.0		__DUMMY__ 0.9321833576093559 neg 0.037690537435901124 off 0.03012610495474305	false	1.0
unlauter	neg 1.0	neg 1.0	neg 0.5069887641439583 __DUMMY__ 0.4651351955957053 off 0.027876040260336226	false	1.0
unheilvoll	neg 1.0		__DUMMY__ 0.932831271558809 neg 0.03763519862403547 off 0.029533529817155582	false	1.0
niedrig	neg 1.0		__DUMMY__ 0.9313837374909472 neg 0.0417093211454672 off 0.026906941363585596	false	1.0
explosion	neg 1.0		__DUMMY__ 0.9319820597574769 neg 0.037151754814031046 off 0.030866185428491927	false	1.0
weichei	off 1.0		__DUMMY__ 0.9277178231492444 neg 0.036556608990635765 off 0.035725567860119864	false	0.5
minusmensch	off 1.0		__DUMMY__ 0.9223453246536104 off 0.03943524799717198 neg 0.03821942734921765	false	1.0
farblos	neg 1.0		__DUMMY__ 0.9313423275517995 neg 0.039728141053365834 off 0.028929531394834642	false	1.0
unwissend	neg 1.0	neg 1.0	neg 0.5059136968534608 __DUMMY__ 0.4649836339660524 off 0.029102669180486734	false	1.0
traurig	neg 1.0		__DUMMY__ 0.9304222607421012 neg 0.03598960509425801 off 0.03358813416364084	false	1.0
senkung	neg 1.0		__DUMMY__ 0.9296666019217046 neg 0.03958225476816989 off 0.030751143310125538	false	1.0
ungleich	neg 1.0	neg 1.0	neg 0.5098550446578598 __DUMMY__ 0.46585842405455025 off 0.0242865312875899	false	1.0
heikel	neg 1.0		__DUMMY__ 0.9318827755954693 neg 0.042368072739923796 off 0.02574915166460693	false	1.0
drosselung	neg 1.0		__DUMMY__ 0.9314861805325384 neg 0.034881067392799794 off 0.03363275207466175	false	1.0
falsch	neg 1.0		__DUMMY__ 0.9303539983159815 neg 0.03845660825132602 off 0.03118939343269242	false	1.0
unzufriedenheit	neg 1.0		__DUMMY__ 0.9313659948465944 neg 0.042851282380752545 off 0.025782722772653068	false	1.0
kurz	neg 1.0		__DUMMY__ 0.9351287508246686 neg 0.037652912769692376 off 0.027218336405638994	false	1.0
unsinnig	neg 1.0		__DUMMY__ 0.9307640676874172 neg 0.04169468100028547 off 0.02754125131229735	false	1.0
penner	off 1.0	off 1.0	off 0.5036816132767847 __DUMMY__ 0.4642061495508441 neg 0.03211223717237119	false	1.0
seicht	neg 1.0		__DUMMY__ 0.9244149726912875 off 0.0377943242503957 neg 0.03779070305831679	false	0.5
dummheit	off 1.0	off 1.0	off 0.4978707493769606 __DUMMY__ 0.46464160456276066 neg 0.03748764606027867	false	1.0
unerfreulich	neg 1.0		__DUMMY__ 0.9327346800020067 neg 0.04203489169743913 off 0.02523042830055424	false	1.0
motherfucker	off 1.0	off 1.0	off 0.5011302518135851 __DUMMY__ 0.46429284858061987 neg 0.03457689960579512	false	1.0
pikiert	neg 1.0		__DUMMY__ 0.929024771848932 neg 0.039252274234952575 off 0.03172295391611538	false	1.0
wrack	neg 1.0		__DUMMY__ 0.9346578444725578 neg 0.03837488298627837 off 0.02696727254116385	false	1.0
gangster	neg 1.0		__DUMMY__ 0.9306278731061834 neg 0.03859626345834994 off 0.030775863435466694	false	1.0
krank	neg 1.0		__DUMMY__ 0.932487662222563 neg 0.035365090560198154 off 0.03214724721723888	false	1.0
reich	neg 1.0		__DUMMY__ 0.9227972593000023 neg 0.04447682020619566 off 0.032725920493802046	false	1.0
gnadenlos	neg 1.0		__DUMMY__ 0.930975992477722 neg 0.03956146926662624 off 0.029462538255651764	false	1.0
niedergeschlagen	neg 1.0		__DUMMY__ 0.9327068355160937 neg 0.03969748202945357 off 0.027595682454452698	false	1.0
terrorisieren	off 1.0	off 1.0	off 0.4943300552621788 __DUMMY__ 0.46846357144654366 neg 0.03720637329127759	false	1.0
sinnlosigkeit	neg 1.0		__DUMMY__ 0.9299981867278935 neg 0.04246594614330235 off 0.027535867128804088	false	1.0
behindern	neg 1.0		__DUMMY__ 0.933608643762044 neg 0.03800351557275481 off 0.02838784066520116	false	1.0
undemokratisch	neg 1.0		__DUMMY__ 0.9260440404870288 neg 0.04355552128650255 off 0.03040043822646871	false	1.0
wirtschaftskrise	neg 1.0		__DUMMY__ 0.928729205809568 neg 0.043453727448298916 off 0.02781706674213313	false	1.0
neid	neg 1.0		__DUMMY__ 0.9330274732369409 neg 0.0364348920212112 off 0.03053763474184796	false	1.0
rutschen	neg 1.0		__DUMMY__ 0.939968685007243 neg 0.0368756442722048 off 0.02315567072055223	false	1.0
rezession	neg 1.0		__DUMMY__ 0.9243434462183484 neg 0.040259492726549606 off 0.03539706105510208	false	1.0
fehlgeburt	neg 1.0		__DUMMY__ 0.9314099784899291 neg 0.03980913732918494 off 0.02878088418088596	false	1.0
charakterschwach	off 1.0		__DUMMY__ 0.9288665093269852 neg 0.03857616456537006 off 0.03255732610764479	false	0.5
isolation	neg 1.0		__DUMMY__ 0.9309106708938049 neg 0.03707785175313764 off 0.03201147735305757	false	1.0
ablenkung	neg 1.0		__DUMMY__ 0.9328944686922886 neg 0.03834536002257343 off 0.028760171285137946	false	1.0
pech	neg 1.0		__DUMMY__ 0.931242183024922 neg 0.03864498958721628 off 0.030112827387861734	false	1.0
vermeidung	neg 1.0		__DUMMY__ 0.9317574895707388 neg 0.035420415451890216 off 0.032822094977371055	false	1.0
dominieren	neg 1.0		__DUMMY__ 0.9314881303852299 neg 0.04049373034872456 off 0.028018139266045523	false	1.0
schwindlig	neg 1.0		__DUMMY__ 0.9340782184518414 neg 0.03612379195006128 off 0.029797989598097287	false	1.0
lutscher	neg 1.0		__DUMMY__ 0.9250015838945256 off 0.037962118236747555 neg 0.03703629786872681	false	0.5
pflicht	neg 1.0		__DUMMY__ 0.9313665426477821 neg 0.042797223178916155 off 0.02583623417330168	false	1.0
faschist	off 1.0		__DUMMY__ 0.9256655531112169 neg 0.043328576612750296 off 0.03100587027603277	false	0.5
verschleudern	neg 1.0		__DUMMY__ 0.9291172458413857 neg 0.04349014076740261 off 0.02739261339121171	false	1.0
wenn			__DUMMY__ 0.9306891807497407 neg 0.03812923940006937 off 0.03118157985018989	false	0.0
ehebruch	neg 1.0		__DUMMY__ 0.9297545614266566 neg 0.043035910805957825 off 0.02720952776738559	false	1.0
spott	off 1.0		__DUMMY__ 0.9299287012373018 neg 0.04328218126782194 off 0.02678911749487629	false	0.5
trostlosigkeit	neg 1.0		__DUMMY__ 0.9276892126392133 neg 0.04624041508714961 off 0.026070372273637076	false	1.0
lutschen	neg 1.0		__DUMMY__ 0.9286099393829688 neg 0.0395244100768944 off 0.03186565054013685	false	1.0
undiszipliniert	neg 1.0		__DUMMY__ 0.9298692733995618 neg 0.0369544185581994 off 0.03317630804223883	false	1.0
kopfschmerz	neg 1.0		__DUMMY__ 0.9317855137819415 neg 0.0403115608119745 off 0.02790292540608395	false	1.0
unvorhergesehen	neg 1.0		__DUMMY__ 0.936032636946421 neg 0.03707877658433346 off 0.02688858646924546	false	1.0
desinteressiert	neg 1.0		__DUMMY__ 0.9283843894042801 neg 0.038420231724415464 off 0.03319537887130447	false	1.0
armselig	off 1.0		__DUMMY__ 0.9273602475462311 neg 0.03862281118570502 off 0.0340169412680638	false	0.5
desaster	neg 1.0		__DUMMY__ 0.9300526928161006 neg 0.04490895011014977 off 0.02503835707374972	false	1.0
tod	neg 1.0		__DUMMY__ 0.9285221009134292 neg 0.04486100869437352 off 0.02661689039219725	false	1.0
herzlos	neg 1.0		__DUMMY__ 0.9299679068241463 neg 0.03589545831314715 off 0.03413663486270651	false	1.0
unwissenheit	neg 1.0		__DUMMY__ 0.929125386257061 neg 0.04328342886605765 off 0.027591184876881385	false	1.0
widersinnig	neg 1.0		__DUMMY__ 0.9263129690915956 neg 0.044986819309273895 off 0.028700211599130516	false	1.0
bedenklich	neg 1.0		__DUMMY__ 0.9313970672398183 neg 0.042165033877077526 off 0.026437898883104192	false	1.0
beanstanden	neg 1.0		__DUMMY__ 0.9319749475845359 neg 0.04252901672328887 off 0.025496035692175296	false	1.0
panisch	neg 1.0	neg 1.0	neg 0.5016178241906686 __DUMMY__ 0.4716902450545961 off 0.026691930754735232	false	1.0
debil	off 1.0		__DUMMY__ 0.9332940201086025 neg 0.043452216831856 off 0.023253763059541518	false	0.5
abstrich	neg 1.0		__DUMMY__ 0.9360295355634296 neg 0.03628472307503776 off 0.027685741361532578	false	1.0
primitiv	neg 1.0		__DUMMY__ 0.9282525760655972 neg 0.03875259147727625 off 0.03299483245712661	false	1.0
abschaum	off 1.0	off 1.0	off 0.49940592173981924 __DUMMY__ 0.46400444936325885 neg 0.036589628896922	false	1.0
provozieren	neg 1.0		__DUMMY__ 0.9292657567777273 neg 0.0415668996386249 off 0.029167343583647778	false	1.0
tot	neg 1.0		__DUMMY__ 0.9304332638825835 neg 0.04179516159548591 off 0.02777157452193066	false	1.0
instabil	neg 1.0		__DUMMY__ 0.9253677087000645 neg 0.039883818933237294 off 0.03474847236669824	false	1.0
schwuchtel	off 1.0		__DUMMY__ 0.9213571191262778 off 0.04188602260675648 neg 0.03675685826696572	false	1.0
zerren	neg 1.0		__DUMMY__ 0.9329018192003662 neg 0.03943978106250338 off 0.027658399737130385	false	1.0
kinderficker	off 1.0		__DUMMY__ 0.9265129067084378 neg 0.03793440109413506 off 0.03555269219742721	false	0.5
gefahr	neg 1.0		__DUMMY__ 0.930253562042836 neg 0.04270483973285461 off 0.02704159822430935	false	1.0
rabiat	neg 1.0		__DUMMY__ 0.9311620794903595 neg 0.039991230709369135 off 0.02884668980027146	false	1.0
verlangsamung	neg 1.0		__DUMMY__ 0.9242197943144603 neg 0.03824852070905576 off 0.03753168497648388	false	1.0
ausgestorben	neg 1.0		__DUMMY__ 0.9324944069690387 neg 0.039800784279697674 off 0.027704808751263625	false	1.0
anklagen	neg 1.0		__DUMMY__ 0.929221289762619 neg 0.04195403047624654 off 0.02882467976113448	false	1.0
trott	neg 1.0		__DUMMY__ 0.9325526930236586 neg 0.03887498810888998 off 0.028572318867451495	false	1.0
verminderung	neg 1.0		__DUMMY__ 0.9296026094497819 neg 0.036871586493058744 off 0.03352580405715935	false	1.0
nach			__DUMMY__ 0.9375678524926063 neg 0.039122660955410074 off 0.023309486551983585	false	0.0
rost	neg 1.0		__DUMMY__ 0.9270143959146547 off 0.03743967826859364 neg 0.035545925816751665	false	0.5
destruktiv	neg 1.0		__DUMMY__ 0.9285873204221483 neg 0.0429303878100754 off 0.02848229176777627	false	1.0
unzumutbarkeit	neg 1.0		__DUMMY__ 0.931312305580163 neg 0.03569299848836751 off 0.032994695931469496	false	1.0
labil	off 1.0	off 1.0	off 0.49999438635977683 __DUMMY__ 0.4645443522468314 neg 0.03546126139339178	false	1.0
ziemlich	neg 1.0		__DUMMY__ 0.9304624385001808 neg 0.03730586249550434 off 0.03223169900431483	false	1.0
lachnummer	off 1.0		__DUMMY__ 0.9288036184296731 neg 0.042592489306055754 off 0.02860389226427128	false	0.5
oder			__DUMMY__ 0.9334701970122317 neg 0.038207278699724324 off 0.028322524288043934	false	0.0
verfall	neg 1.0		__DUMMY__ 0.9333810096777685 neg 0.0431705400593094 off 0.023448450262922024	false	1.0
ausgrenzung	neg 1.0		__DUMMY__ 0.9261554663248025 neg 0.04304054629826965 off 0.030803987376927904	false	1.0
unordnung	neg 1.0		__DUMMY__ 0.9271735037722885 neg 0.03791716907311948 off 0.034909327154592135	false	1.0
fehlverhalten	neg 1.0		__DUMMY__ 0.9301134775981503 neg 0.04321157626817236 off 0.026674946133677276	false	1.0
eine			__DUMMY__ 0.9337301506224 neg 0.04121059181915651 off 0.025059257558443574	false	0.0
nille	neg 1.0		__DUMMY__ 0.9286821590039885 neg 0.042087696351766866 off 0.029230144644244498	false	1.0
qual	neg 1.0		__DUMMY__ 0.9322920354509294 neg 0.0391259850649932 off 0.028581979484077393	false	1.0
verschwenden	neg 1.0		__DUMMY__ 0.9317458197034485 neg 0.04187761303468238 off 0.026376567261869138	false	1.0
riesig	neg 1.0		__DUMMY__ 0.9325487454031269 neg 0.03953038229768388 off 0.027920872299189263	false	1.0
verurteilen	neg 1.0		__DUMMY__ 0.9288677002653954 neg 0.04329517089275197 off 0.027837128841852597	false	1.0
klischee	neg 1.0	neg 1.0	neg 0.5075871534346884 __DUMMY__ 0.4640629493510243 off 0.028349897214287233	false	1.0
diktatorisch	neg 1.0		__DUMMY__ 0.9244153680816799 neg 0.04511023266162219 off 0.030474399256697905	false	1.0
vorhersehbar	neg 1.0		__DUMMY__ 0.927604254004605 neg 0.04202985765170912 off 0.03036588834368591	false	1.0
sowie			__DUMMY__ 0.9248587653065531 neg 0.038621125431810295 off 0.03652010926163666	false	0.0
stornieren	neg 1.0		__DUMMY__ 0.9335582772379655 neg 0.0362741886395734 off 0.030167534122461096	false	1.0
besteuerung	neg 1.0		__DUMMY__ 0.9296183657860163 neg 0.040814289089106504 off 0.02956734512487718	false	1.0
ungeschminkt	neg 1.0		__DUMMY__ 0.9295644076021272 neg 0.03820002903991343 off 0.03223556335795938	false	1.0
kritisch	neg 1.0		__DUMMY__ 0.9298519616575301 neg 0.043327390540744325 off 0.026820647801725543	false	1.0
schlamperei	off 1.0		__DUMMY__ 0.930148567856062 neg 0.04261859283396794 off 0.02723283930996996	false	0.5
sucht	neg 1.0	neg 1.0	neg 0.5001206194398332 __DUMMY__ 0.4727360878381674 off 0.02714329272199935	false	1.0
egoistisch	off 1.0		__DUMMY__ 0.9280575173437536 neg 0.03613763997046428 off 0.03580484268578213	false	0.5
ausbeuter	off 1.0		__DUMMY__ 0.9291989606097789 neg 0.04433197265026589 off 0.026469066739955187	false	0.5
arschgeburt	off 1.0		__DUMMY__ 0.9214076552528102 off 0.0418830175406807 neg 0.036709327206509115	false	1.0
schubs	neg 1.0	neg 1.0	neg 0.5047077968069604 __DUMMY__ 0.4713739202541511 off 0.02391828293888849	false	1.0
unsolide	neg 1.0		__DUMMY__ 0.9224429930035156 neg 0.04476705017966239 off 0.032789956816821925	false	1.0
beschwerde	neg 1.0		__DUMMY__ 0.930160305298383 neg 0.04216044018758046 off 0.027679254514036584	false	1.0
stocken	neg 1.0		__DUMMY__ 0.9324995263766483 neg 0.04037952094165874 off 0.027120952681692855	false	1.0
isolieren	neg 1.0		__DUMMY__ 0.9342328879466315 neg 0.037449455710650316 off 0.028317656342718118	false	1.0
unheilbar	neg 1.0		__DUMMY__ 0.9301731235687475 neg 0.040429358393108634 off 0.029397518038143864	false	1.0
pisser	off 1.0		__DUMMY__ 0.9268716671445827 neg 0.03851515661282543 off 0.03461317624259185	false	0.5
löschen	neg 1.0		__DUMMY__ 0.9306375784455507 neg 0.03975551310123465 off 0.02960690845321466	false	1.0
durchfallen	neg 1.0		__DUMMY__ 0.9316605758633804 neg 0.041575441768729585 off 0.026763982367890085	false	1.0
wichser	off 1.0		__DUMMY__ 0.925562191150201 off 0.038894043292964434 neg 0.035543765556834514	false	1.0
terror	neg 1.0		__DUMMY__ 0.932744191480895 neg 0.03632217154951406 off 0.030933636969590856	false	1.0
krass	neg 1.0		__DUMMY__ 0.9290790334379533 neg 0.03687095673474295 off 0.034050009827303676	false	1.0
revolte	neg 1.0	neg 1.0	neg 0.5106763935837492 __DUMMY__ 0.46041557473198685 off 0.02890803168426408	false	1.0
besorgt	neg 1.0		__DUMMY__ 0.9363082569794817 neg 0.036276443501178965 off 0.027415299519339225	false	1.0
nachlassen	neg 1.0		__DUMMY__ 0.9333260554339539 neg 0.03944691684717912 off 0.027227027718867057	false	1.0
alt	neg 1.0		__DUMMY__ 0.936456528819097 neg 0.038280303911398306 off 0.025263167269504616	false	1.0
hundesohn	off 1.0		__DUMMY__ 0.9235438453705246 off 0.03879498975341473 neg 0.037661164876060714	false	1.0
als			__DUMMY__ 0.9332796506345399 neg 0.03960504541884596 off 0.027115303946614117	false	0.0
abschreckung	neg 1.0		__DUMMY__ 0.9311508250494301 neg 0.04308451750092595 off 0.02576465744964392	false	1.0
unqualifiziert	neg 1.0		__DUMMY__ 0.928662950422106 neg 0.04074963667369719 off 0.030587412904196823	false	1.0
abgewichst	off 1.0		__DUMMY__ 0.9306831628920126 neg 0.041032459513114 off 0.02828437759487337	false	0.5
schwer	neg 1.0		__DUMMY__ 0.9322318929033776 neg 0.03942589903674958 off 0.028342208059872788	false	1.0
bedeutungslosigkeit	neg 1.0		__DUMMY__ 0.9301609691875592 neg 0.04361969534369029 off 0.02621933546875049	false	1.0
kapitulation	neg 1.0		__DUMMY__ 0.9260717720295614 neg 0.046077845502359945 off 0.027850382468078597	false	1.0
unscharf	neg 1.0		__DUMMY__ 0.9310755467019833 neg 0.03884881209914385 off 0.03007564119887281	false	1.0
schwinden	neg 1.0		__DUMMY__ 0.9321972271829648 neg 0.04162188767624842 off 0.026180885140786793	false	1.0
versklavung	neg 1.0	neg 1.0	neg 0.5100357568184456 __DUMMY__ 0.46250401172778366 off 0.027460231453770877	false	1.0
schlecht	neg 1.0		__DUMMY__ 0.9309135728096526 neg 0.036585262149135586 off 0.03250116504121181	false	1.0
verhasst	neg 1.0		__DUMMY__ 0.928664044385252 neg 0.042101098383232435 off 0.029234857231515584	false	1.0
beschweren	neg 1.0		__DUMMY__ 0.9316673613242432 neg 0.038601813046531 off 0.029730825629225795	false	1.0
scheiden	neg 1.0		__DUMMY__ 0.9322127444267353 neg 0.039895188775697525 off 0.027892066797567287	false	1.0
frustriert	neg 1.0		__DUMMY__ 0.9316523813681419 neg 0.04051302749126815 off 0.027834591140590073	false	1.0
schimmelig	neg 1.0		__DUMMY__ 0.9318250496098116 neg 0.042189926873974624 off 0.02598502351621374	false	1.0
fisch	neg 1.0	neg 1.0	neg 0.5041933259407038 __DUMMY__ 0.4719261261044645 off 0.023880547954831837	false	1.0
schmuggel	neg 1.0		__DUMMY__ 0.9351314717564526 neg 0.039249534987979694 off 0.025618993255567674	false	1.0
auffallen	neg 1.0		__DUMMY__ 0.9311217635589228 neg 0.0388489814388187 off 0.030029255002258372	false	1.0
konkurrenz	neg 1.0		__DUMMY__ 0.9342480556623268 neg 0.04037730773793836 off 0.02537463659973488	false	1.0
teufelskreis	neg 1.0		__DUMMY__ 0.9303212898295992 neg 0.04155441713504945 off 0.028124293035351414	false	1.0
aufschreien	neg 1.0		__DUMMY__ 0.9288938020930865 neg 0.040923691942890354 off 0.030182505964023207	false	1.0
schuldner	neg 1.0		__DUMMY__ 0.929677108133824 neg 0.043550604795623254 off 0.026772287070552785	false	1.0
missgeburt	off 1.0	off 1.0	off 0.5031920410837502 __DUMMY__ 0.4627010911269143 neg 0.03410686778933556	false	1.0
arbeitslos	neg 1.0		__DUMMY__ 0.9303721540234083 neg 0.04205782222459882 off 0.027570023751992842	false	1.0
befallen	neg 1.0		__DUMMY__ 0.9270256365561598 neg 0.04519869185770602 off 0.027775671586134202	false	1.0
miesepetrig	off 1.0		__DUMMY__ 0.9316937123152212 neg 0.03644955278037394 off 0.03185673490440472	false	0.5
alarmieren	neg 1.0		__DUMMY__ 0.9279821246367165 neg 0.03961775431889546 off 0.032400121044388115	false	1.0
ungeduscht	off 1.0		__DUMMY__ 0.9313703231553256 neg 0.03857352302704779 off 0.0300561538176266	false	0.5
knappheit	neg 1.0		__DUMMY__ 0.9309599367886753 neg 0.041395295921750834 off 0.027644767289573872	false	1.0
schlange	neg 1.0		__DUMMY__ 0.9332113138536591 neg 0.03747257561797911 off 0.029316110528361795	false	1.0
harsch	neg 1.0		__DUMMY__ 0.9296417403174881 off 0.0362963310403454 neg 0.03406192864216645	false	0.5
lang	neg 1.0		__DUMMY__ 0.9313228669393215 neg 0.03909525163270289 off 0.02958188142797562	false	1.0
ziellos	neg 1.0		__DUMMY__ 0.9323564263422353 neg 0.04072662772614675 off 0.02691694593161803	false	1.0
selbstverliebt	neg 1.0		__DUMMY__ 0.9221263910008315 off 0.039949378859792724 neg 0.037924230139375716	false	0.5
beseitigen	neg 1.0		__DUMMY__ 0.9346139379566044 neg 0.036107945854483604 off 0.029278116188912063	false	1.0
dumm	off 1.0		__DUMMY__ 0.9266832912536376 neg 0.03701038962003527 off 0.03630631912632715	false	0.5
arbeitsloser	neg 1.0		__DUMMY__ 0.9310709704168917 neg 0.041885006372180934 off 0.027044023210927366	false	1.0
blitzen	neg 1.0		__DUMMY__ 0.9297450435052818 neg 0.03894872870075057 off 0.03130622779396767	false	1.0
hilflos	neg 1.0		__DUMMY__ 0.9321285910195858 neg 0.04038856301253609 off 0.027482845967878183	false	1.0
eklig	off 1.0		__DUMMY__ 0.9255584522983822 neg 0.03760955303480056 off 0.036831994666817275	false	0.5
begriff			__DUMMY__ 0.9309516389125949 neg 0.04114930610135734 off 0.02789905498604772	false	0.0
hungersnot	neg 1.0		__DUMMY__ 0.9256184125481829 neg 0.04514951833926541 off 0.02923206911255176	false	1.0
ungesetzlich	neg 1.0		__DUMMY__ 0.9252199262197965 neg 0.04335844888563929 off 0.03142162489456412	false	1.0
verschwendung	neg 1.0		__DUMMY__ 0.9320643940889951 neg 0.04205524090414971 off 0.025880365006855203	false	1.0
schmerzvoll	neg 1.0		__DUMMY__ 0.9315292405077403 neg 0.03881035586291177 off 0.029660403629347902	false	1.0
vorzeitig	neg 1.0		__DUMMY__ 0.9308766252584217 neg 0.03679773710403463 off 0.032325637637543564	false	1.0
unvollkommenheit	neg 1.0		__DUMMY__ 0.9315565090429166 neg 0.03960404438342583 off 0.028839446573657505	false	1.0
intervenieren	neg 1.0		__DUMMY__ 0.9285940741572808 neg 0.044645963133089335 off 0.026759962709629867	false	1.0
banause	off 1.0		__DUMMY__ 0.9247307646354295 off 0.03779916671960647 neg 0.0374700686449641	false	1.0
rebell	neg 1.0		__DUMMY__ 0.9343752385478341 neg 0.040811643301047404 off 0.024813118151118505	false	1.0
unlogisch	neg 1.0		__DUMMY__ 0.9279278413642432 neg 0.03805409297117947 off 0.03401806566457728	false	1.0
leiden	neg 1.0	neg 1.0	neg 0.5018977192722877 __DUMMY__ 0.47575377430111054 off 0.022348506426601796	false	1.0
abschaffung	neg 1.0		__DUMMY__ 0.928676199845511 neg 0.04160527216738926 off 0.029718527987099768	false	1.0
sturz	neg 1.0		__DUMMY__ 0.9279345011660195 neg 0.042000922795830085 off 0.03006457603815046	false	1.0
verkleinerung	neg 1.0		__DUMMY__ 0.9266327607618547 neg 0.041549675821760196 off 0.03181756341638502	false	1.0
schmarotzer	off 1.0		__DUMMY__ 0.9292623256131923 neg 0.04339639718444387 off 0.027341277202363824	false	0.5
bestrafung	neg 1.0		__DUMMY__ 0.9300293042863305 neg 0.040251686380750225 off 0.029719009332919374	false	1.0
achtlos	neg 1.0		__DUMMY__ 0.9331841717515206 neg 0.038577381797649725 off 0.0282384464508297	false	1.0
