unsolidarisch	neg 1.0		__DUMMY__ 0.4693958152776879 neg 0.3114640383965076 off 0.21914014632580464	false	1.0
nachteilig	neg 1.0		__DUMMY__ 0.4755555906067007 neg 0.30741000124831236 off 0.21703440814498706	false	1.0
skeptisch	neg 1.0		__DUMMY__ 0.4770295918396208 neg 0.30865351532115914 off 0.21431689283922023	false	1.0
schrecklich	neg 1.0		__DUMMY__ 0.4735027190587499 neg 0.2976336882208801 off 0.22886359272037007	false	1.0
schlapp	neg 1.0		__DUMMY__ 0.47687511249505377 neg 0.29825537400025687 off 0.22486951350468942	false	1.0
abfall	neg 1.0		__DUMMY__ 0.4775347717398461 neg 0.309895003463238 off 0.21257022479691592	false	1.0
widerspenstig	neg 1.0		__DUMMY__ 0.4780004576696729 neg 0.3019992580397187 off 0.22000028429060833	false	1.0
abrupt	neg 1.0		__DUMMY__ 0.47861469570011955 neg 0.30282295959893085 off 0.2185623447009496	false	1.0
unwirksam	neg 1.0		__DUMMY__ 0.4716196316175782 neg 0.3084008486245336 off 0.2199795197578882	false	1.0
angreifen	neg 1.0		__DUMMY__ 0.475602431569655 neg 0.30889651315811895 off 0.21550105527222607	false	1.0
inkonsistent	neg 1.0		__DUMMY__ 0.4741106041492404 neg 0.303796974569812 off 0.2220924212809475	false	1.0
abrutschen	neg 1.0		__DUMMY__ 0.47842906967905974 neg 0.30860895771465663 off 0.21296197260628355	false	1.0
unsicher	neg 1.0		__DUMMY__ 0.47672167572457735 neg 0.30335901820405503 off 0.21991930607136767	false	1.0
bauernkind	off 1.0		__DUMMY__ 0.4696521362630026 neg 0.2985578392416199 off 0.23179002449537744	false	0.5
angreifer	neg 1.0		__DUMMY__ 0.4728295006046208 neg 0.30424371098074604 off 0.2229267884146332	false	1.0
trennen	neg 1.0		__DUMMY__ 0.4800657031831649 neg 0.3041169192019414 off 0.2158173776148937	false	1.0
schmutz	neg 1.0		__DUMMY__ 0.47965492179063896 neg 0.2935734588578007 off 0.22677161935156037	false	1.0
inkonsistenz	neg 1.0	neg 1.0	neg 0.6426811373058451 __DUMMY__ 0.23072972275733986 off 0.12658913993681503	false	1.0
erschreckend	neg 1.0		__DUMMY__ 0.4751173330508385 neg 0.30666301486810643 off 0.21821965208105504	false	1.0
ertrinken	neg 1.0		__DUMMY__ 0.47825748204252394 neg 0.3050338647042907 off 0.21670865325318522	false	1.0
pickelface	off 1.0		__DUMMY__ 0.4741278144045861 neg 0.3051600926109474 off 0.2207120929844665	false	0.5
seiner			__DUMMY__ 0.47665944955951034 neg 0.3078175672592228 off 0.2155229831812667	false	0.0
lauch	neg 1.0		__DUMMY__ 0.4774381265197469 neg 0.30838245733269437 off 0.21417941614755878	false	1.0
unwichtig	neg 1.0		__DUMMY__ 0.47423395277504704 neg 0.3014192959091389 off 0.22434675131581408	false	1.0
steuerhinterziehung	neg 1.0		__DUMMY__ 0.47202208532071155 neg 0.30953980158235106 off 0.21843811309693728	false	1.0
schock	neg 1.0		__DUMMY__ 0.4787822788186354 neg 0.3026152487448551 off 0.21860247243650946	false	1.0
beule	neg 1.0		__DUMMY__ 0.4764929952453602 neg 0.2972058404009425 off 0.22630116435369713	false	1.0
vergelten	neg 1.0		__DUMMY__ 0.47113165369613336 neg 0.2988254825707401 off 0.23004286373312652	false	1.0
verdorbenheit	neg 1.0		__DUMMY__ 0.4782221586831522 neg 0.29971871602939304 off 0.22205912528745467	false	1.0
trauma	neg 1.0		__DUMMY__ 0.4752553444751713 neg 0.3029354034578038 off 0.22180925206702493	false	1.0
sinnlos	neg 1.0		__DUMMY__ 0.4752806190868343 neg 0.3027201102362794 off 0.2219992706768862	false	1.0
fettsack	off 1.0	off 1.0	off 0.6011588509074541 __DUMMY__ 0.22954411856661833 neg 0.16929703052592754	false	1.0
feige	off 1.0		__DUMMY__ 0.4728731561598753 neg 0.30348335955493455 off 0.22364348428519018	false	0.5
abdanken	neg 1.0		__DUMMY__ 0.4702143501523802 neg 0.3116377561492619 off 0.21814789369835785	false	1.0
wichtigtuer	off 1.0	off 1.0	off 0.5956640652808474 __DUMMY__ 0.2307158688514289 neg 0.17362006586772372	false	1.0
misslingen	neg 1.0		__DUMMY__ 0.47828259804696216 neg 0.29888783985989953 off 0.22282956209313834	false	1.0
untreu	off 1.0		__DUMMY__ 0.474549907807101 neg 0.300139449816803 off 0.22531064237609583	false	0.5
missmutig	neg 1.0		__DUMMY__ 0.47655698548908343 neg 0.29927855270609877 off 0.22416446180481775	false	1.0
hurenbock	off 1.0		__DUMMY__ 0.47888542965067177 neg 0.29871386487170265 off 0.2224007054776254	false	0.5
betrunken	neg 1.0		__DUMMY__ 0.47561973086191844 neg 0.2972141119480307 off 0.22716615719005082	false	1.0
korrupt	off 1.0		__DUMMY__ 0.4714087401869483 neg 0.311895888777746 off 0.21669537103530573	false	0.5
unmut	neg 1.0		__DUMMY__ 0.4767356035875046 neg 0.30990551615144324 off 0.21335888026105226	false	1.0
hackfresse	off 1.0		__DUMMY__ 0.4722450659105665 neg 0.29539660565617204 off 0.23235832843326143	false	0.5
aufblasen	neg 1.0		__DUMMY__ 0.47756927986760805 neg 0.3007907373958301 off 0.2216399827365618	false	1.0
gewaltsam	neg 1.0		__DUMMY__ 0.47253941517062836 neg 0.3069264406787427 off 0.2205341441506289	false	1.0
unbeliebtheit	neg 1.0		__DUMMY__ 0.4671486187757849 neg 0.30759442128185627 off 0.22525695994235878	false	1.0
sturheit	neg 1.0		__DUMMY__ 0.47323098333927077 neg 0.3088203761630367 off 0.21794864049769255	false	1.0
kuh	neg 1.0		__DUMMY__ 0.4736413874183999 neg 0.30512153605374415 off 0.22123707652785593	false	1.0
erschrecken	neg 1.0		__DUMMY__ 0.4762103239605012 neg 0.30001504086025177 off 0.2237746351792471	false	1.0
opfer	neg 1.0	neg 1.0	neg 0.6449099204698173 __DUMMY__ 0.2323280878541495 off 0.12276199167603324	false	1.0
sinken	neg 1.0		__DUMMY__ 0.4771235021648063 neg 0.3086329274014222 off 0.2142435704337715	false	1.0
stinktier	neg 1.0		__DUMMY__ 0.47158690694799826 neg 0.2994861424900867 off 0.228926950561915	false	1.0
tucke	off 1.0		__DUMMY__ 0.47320944850693186 neg 0.2935563646379402 off 0.23323418685512803	false	0.5
ein			__DUMMY__ 0.47914845443897053 neg 0.29967223347675365 off 0.22117931208427596	false	0.0
abstieg	neg 1.0		__DUMMY__ 0.47399968390907893 neg 0.3082855086057559 off 0.21771480748516525	false	1.0
missverstehen	neg 1.0		__DUMMY__ 0.4732970391789676 neg 0.3052969486910725 off 0.22140601212995975	false	1.0
ergebnislos	neg 1.0		__DUMMY__ 0.47510418206409 neg 0.3073849161572324 off 0.21751090177867755	false	1.0
unter			__DUMMY__ 0.4825390250645657 neg 0.30751052618355706 off 0.2099504487518772	false	0.0
manipulieren	neg 1.0		__DUMMY__ 0.47556343896908004 neg 0.3091937215414396 off 0.21524283948948042	false	1.0
unbewiesen	neg 1.0		__DUMMY__ 0.4689304872032287 neg 0.3123209159391504 off 0.2187485968576208	false	1.0
verschleppen	neg 1.0		__DUMMY__ 0.474447834660832 neg 0.3084551813511702 off 0.2170969839879978	false	1.0
weib	off 1.0		__DUMMY__ 0.471038494118945 neg 0.2954813444625417 off 0.23348016141851333	false	0.5
opposition	neg 1.0		__DUMMY__ 0.47126745714166185 neg 0.3077336070459179 off 0.22099893581242025	false	1.0
verkehrswidrig	neg 1.0		__DUMMY__ 0.47441654789370236 neg 0.2947524777374037 off 0.230830974368894	false	1.0
inkorrekt	neg 1.0		__DUMMY__ 0.469700225793379 neg 0.3057506723656207 off 0.22454910184100027	false	1.0
vermeiden	neg 1.0		__DUMMY__ 0.4799757065282468 neg 0.3080822621000979 off 0.21194203137165527	false	1.0
abweichung	neg 1.0		__DUMMY__ 0.4714609468116085 neg 0.3121000691430992 off 0.2164389840452923	false	1.0
alkoholisiert	neg 1.0		__DUMMY__ 0.4773191934576255 neg 0.3049025362770522 off 0.21777827026532212	false	1.0
scheiss	off 1.0	off 1.0	off 0.5987166592779979 __DUMMY__ 0.2315870163822071 neg 0.16969632433979503	false	1.0
herausforderung	neg 1.0		__DUMMY__ 0.4806891010293893 neg 0.30081657663089156 off 0.2184943223397192	false	1.0
pervers	off 1.0		__DUMMY__ 0.4705806248132501 neg 0.29299810630226114 off 0.2364212688844887	false	0.5
wackelig	neg 1.0		__DUMMY__ 0.48054138196924795 neg 0.30111296852434916 off 0.21834564950640287	false	1.0
verwickeln	neg 1.0		__DUMMY__ 0.47452376211545894 neg 0.30403592509356664 off 0.22144031279097437	false	1.0
vorwand	neg 1.0		__DUMMY__ 0.47581662022289445 neg 0.3101713103732134 off 0.21401206940389209	false	1.0
muschi	off 1.0		__DUMMY__ 0.4739078800701726 neg 0.30596920669899463 off 0.2201229132308326	false	0.5
entmutigung	neg 1.0		__DUMMY__ 0.4667473347949237 neg 0.3125477779222002 off 0.22070488728287618	false	1.0
unangemessen	neg 1.0		__DUMMY__ 0.4732499961619824 neg 0.31001074636727405 off 0.2167392574707436	false	1.0
unstetig	neg 1.0		__DUMMY__ 0.4733118173554761 neg 0.3031950946220894 off 0.22349308802243448	false	1.0
entmutigen	neg 1.0		__DUMMY__ 0.47619875879639056 neg 0.30272687228930717 off 0.22107436891430238	false	1.0
schwanz	neg 1.0		__DUMMY__ 0.47605242490994226 neg 0.3057646522708463 off 0.2181829228192113	false	1.0
verbot	neg 1.0		__DUMMY__ 0.47230552070591636 neg 0.3101087757363337 off 0.2175857035577499	false	1.0
leid	neg 1.0		__DUMMY__ 0.4729570619144851 neg 0.29654959814986054 off 0.23049333993565427	false	1.0
archaisch	neg 1.0		__DUMMY__ 0.47370087656950643 neg 0.3089257413165283 off 0.2173733821139653	false	1.0
gegen			__DUMMY__ 0.4751744726349844 neg 0.3104450007161081 off 0.21438052664890742	false	0.0
scheidung	neg 1.0	neg 1.0	neg 0.6316656428108014 __DUMMY__ 0.2292253463447098 off 0.13910901084448882	false	1.0
einschlag	neg 1.0		__DUMMY__ 0.4729805932360192 neg 0.2970022820336549 off 0.23001712473032584	false	1.0
m			__DUMMY__ 0.47739374616001645 neg 0.30364368369606015 off 0.21896257014392342	false	0.0
abgestanden	neg 1.0		__DUMMY__ 0.4772346835942647 neg 0.30256901677061926 off 0.22019629963511603	false	1.0
schmierig	off 1.0		__DUMMY__ 0.4742013518002066 neg 0.2962067381211998 off 0.22959191007859353	false	0.5
unpraktisch	neg 1.0		__DUMMY__ 0.4780034625653424 neg 0.30030721821991807 off 0.22168931921473944	false	1.0
wixxer	off 1.0		__DUMMY__ 0.4690787967299115 neg 0.29471990110912105 off 0.23620130216096757	false	0.5
bezeichnet			__DUMMY__ 0.47387964787117115 neg 0.3074555555687771 off 0.21866479656005172	false	0.0
jammerlappen	off 1.0		__DUMMY__ 0.47471808624888095 neg 0.3008256506294563 off 0.2244562631216627	false	0.5
farce	neg 1.0		__DUMMY__ 0.46914482740034086 neg 0.31371108729837477 off 0.2171440853012845	false	1.0
zwecklos	neg 1.0		__DUMMY__ 0.4743508355519349 neg 0.30900691273908587 off 0.21664225170897927	false	1.0
turbulent	neg 1.0		__DUMMY__ 0.47246257132580727 neg 0.2992748160002676 off 0.2282626126739251	false	1.0
invasion	neg 1.0		__DUMMY__ 0.47636717976368476 neg 0.2999774922968291 off 0.22365532793948611	false	1.0
schuld	neg 1.0		__DUMMY__ 0.4748823269523598 neg 0.3046267054438158 off 0.2204909676038244	false	1.0
risiko	neg 1.0		__DUMMY__ 0.4776436060623174 neg 0.29817388536923783 off 0.22418250856844477	false	1.0
finster	neg 1.0		__DUMMY__ 0.47800084302986195 neg 0.301301553285656 off 0.22069760368448205	false	1.0
geisteskrank	off 1.0		__DUMMY__ 0.47131746585988127 neg 0.30321878647591644 off 0.22546374766420224	false	0.5
zusammenbrechen	neg 1.0		__DUMMY__ 0.47728156097477153 neg 0.3041459338910432 off 0.2185725051341852	false	1.0
ausbeute	neg 1.0		__DUMMY__ 0.47894162143635893 neg 0.3033290011518148 off 0.21772937741182638	false	1.0
hinterhalt	neg 1.0		__DUMMY__ 0.4754508449235531 neg 0.3033696855734845 off 0.2211794695029624	false	1.0
kritik	neg 1.0		__DUMMY__ 0.4703243550135726 neg 0.31223337283287184 off 0.2174422721535556	false	1.0
einschrumpfen	neg 1.0		__DUMMY__ 0.4709748479317246 neg 0.3057711245746647 off 0.22325402749361067	false	1.0
riskant	neg 1.0		__DUMMY__ 0.4766930217964095 neg 0.3073513222065981 off 0.21595565599699254	false	1.0
frustrieren	neg 1.0		__DUMMY__ 0.4757548091850594 neg 0.30863577421950594 off 0.2156094165954347	false	1.0
groll	neg 1.0		__DUMMY__ 0.47460563366437275 neg 0.3084529800153665 off 0.21694138632026083	false	1.0
gibt			__DUMMY__ 0.4758113243882607 neg 0.3064793455778581 off 0.2177093300338812	false	0.0
qualvoll	neg 1.0		__DUMMY__ 0.476592329288215 neg 0.30083788383334853 off 0.2225697868784365	false	1.0
wackeln	neg 1.0		__DUMMY__ 0.4791310854031801 neg 0.29942075471482255 off 0.2214481598819975	false	1.0
klagen	neg 1.0		__DUMMY__ 0.4754033711647465 neg 0.3107514993014257 off 0.21384512953382775	false	1.0
bankrott	neg 1.0		__DUMMY__ 0.4759749762752582 neg 0.2987623419619511 off 0.2252626817627907	false	1.0
trauern	neg 1.0		__DUMMY__ 0.4767911563652131 neg 0.306938961981996 off 0.21626988165279099	false	1.0
ablehnung	neg 1.0	neg 1.0	neg 0.6469434679429285 __DUMMY__ 0.22954319699863593 off 0.12351333505843565	false	1.0
stur	neg 1.0		__DUMMY__ 0.4752045937780654 neg 0.30378977531762424 off 0.22100563090431033	false	1.0
aufruhr	neg 1.0		__DUMMY__ 0.4717679519235651 neg 0.3084915924170828 off 0.2197404556593522	false	1.0
melancholie	neg 1.0		__DUMMY__ 0.47893899092220005 neg 0.3030707360702038 off 0.2179902730075961	false	1.0
ist			__DUMMY__ 0.47480748458589767 neg 0.30412910644048674 off 0.22106340897361548	false	0.0
torheit	neg 1.0		__DUMMY__ 0.4699656683733562 neg 0.3101961975416551 off 0.21983813408498865	false	1.0
dreckskind	off 1.0		__DUMMY__ 0.4685593096549024 neg 0.3011330128888928 off 0.23030767745620476	false	0.5
umtauschen	neg 1.0		__DUMMY__ 0.4776227456274093 neg 0.30260777706391656 off 0.21976947730867416	false	1.0
zum			__DUMMY__ 0.48285719841996916 neg 0.3038490802923416 off 0.21329372128768911	false	0.0
zersetzen	neg 1.0		__DUMMY__ 0.47549848411815526 neg 0.30985353537622073 off 0.21464798050562398	false	1.0
zur			__DUMMY__ 0.477925988158164 neg 0.31021343692251874 off 0.21186057491931728	false	0.0
frust	neg 1.0		__DUMMY__ 0.4767157819457477 neg 0.30514357593251834 off 0.218140642121734	false	1.0
unerbittlichkeit	neg 1.0		__DUMMY__ 0.47472524141019495 neg 0.3098973640033308 off 0.21537739458647434	false	1.0
zwei			__DUMMY__ 0.48082322694356433 neg 0.30462251083027836 off 0.21455426222615728	false	0.0
unkorrekt	neg 1.0		__DUMMY__ 0.47110744037047586 neg 0.3030699531717952 off 0.2258226064577289	false	1.0
hexe	off 1.0		__DUMMY__ 0.47506455219990573 neg 0.299585173464439 off 0.22535027433565524	false	0.5
lasch	neg 1.0		__DUMMY__ 0.4730362929403712 neg 0.3043059667104269 off 0.22265774034920177	false	1.0
rivale	neg 1.0		__DUMMY__ 0.47198862843769546 neg 0.2990276842297053 off 0.2289836873325993	false	1.0
mutlos	off 1.0	off 1.0	off 0.5926361504665166 __DUMMY__ 0.23079071850343374 neg 0.1765731310300497	false	1.0
wirr	off 1.0		__DUMMY__ 0.47119596792753693 neg 0.3012408206485711 off 0.2275632114238919	false	0.5
jahr			__DUMMY__ 0.47939695016531503 neg 0.3039970544094049 off 0.21660599542528017	false	0.0
wird			__DUMMY__ 0.4763277637268472 neg 0.3072142624296572 off 0.2164579738434955	false	0.0
strafbar	neg 1.0		__DUMMY__ 0.47348204713225117 neg 0.31105708529633114 off 0.2154608675714178	false	1.0
erosion	neg 1.0		__DUMMY__ 0.4773192880769605 neg 0.30054197444792347 off 0.22213873747511598	false	1.0
eingehen	neg 1.0		__DUMMY__ 0.4748916282635866 neg 0.30869278755857377 off 0.21641558417783952	false	1.0
faul	off 1.0		__DUMMY__ 0.47747844507857573 neg 0.29762958622100627 off 0.22489196870041797	false	0.5
provisorium	neg 1.0		__DUMMY__ 0.4810346480037606 neg 0.31002096531231677 off 0.20894438668392257	false	1.0
schmerzen	neg 1.0		__DUMMY__ 0.4773964192728785 neg 0.30371458168777743 off 0.218888999039344	false	1.0
schrumpfen	neg 1.0		__DUMMY__ 0.47867237807444724 neg 0.3096542750153199 off 0.21167334691023285	false	1.0
geistlos	off 1.0		__DUMMY__ 0.4691435075359435 neg 0.30958067748248325 off 0.22127581498157323	false	0.5
fehlkauf	neg 1.0		__DUMMY__ 0.47398907982295885 neg 0.30319232089183096 off 0.22281859928521025	false	1.0
frustrierend	neg 1.0	neg 1.0	neg 0.6410724662103381 __DUMMY__ 0.23202004285759145 off 0.12690749093207046	false	1.0
unzufrieden	neg 1.0		__DUMMY__ 0.4754524764597343 neg 0.30755798345774593 off 0.2169895400825199	false	1.0
verzweifeln	neg 1.0		__DUMMY__ 0.4764915884360904 neg 0.30432495750938493 off 0.21918345405452463	false	1.0
verzweifelt	neg 1.0		__DUMMY__ 0.4753653495844667 neg 0.3037101651126057 off 0.22092448530292763	false	1.0
misstrauensantrag	neg 1.0		__DUMMY__ 0.47292369761214165 neg 0.3046501170693604 off 0.22242618531849806	false	1.0
abfallen	neg 1.0		__DUMMY__ 0.4793943735566983 neg 0.29899762260413565 off 0.22160800383916607	false	1.0
fucker	off 1.0		__DUMMY__ 0.4726265551668147 neg 0.29952035065914867 off 0.22785309417403676	false	0.5
ungezogen	neg 1.0		__DUMMY__ 0.4723264690035953 neg 0.29356312498516796 off 0.2341104060112367	false	1.0
irrsinnig	neg 1.0	neg 1.0	neg 0.643753643609051 __DUMMY__ 0.2312419563788783 off 0.12500440001207072	false	1.0
unfassbar	neg 1.0		__DUMMY__ 0.47447798313734346 neg 0.3005995349641235 off 0.22492248189853303	false	1.0
hart	neg 1.0		__DUMMY__ 0.4730036397405609 neg 0.30212982477441075 off 0.22486653548502836	false	1.0
widerlich	off 1.0		__DUMMY__ 0.4730760290024326 neg 0.30137037503690356 off 0.22555359596066377	false	0.5
fatal	neg 1.0		__DUMMY__ 0.4743413649707092 neg 0.30287061093101325 off 0.22278802409827766	false	1.0
bruch	neg 1.0		__DUMMY__ 0.4740720272676278 neg 0.3130300157137845 off 0.21289795701858774	false	1.0
aushungern	neg 1.0		__DUMMY__ 0.4719340057021142 neg 0.308587932801074 off 0.2194780614968117	false	1.0
anspannung	neg 1.0		__DUMMY__ 0.47930410004468654 neg 0.3074578606929858 off 0.21323803926232768	false	1.0
von			__DUMMY__ 0.4795998858682405 neg 0.30473080680393183 off 0.21566930732782777	false	0.0
kraftlos	neg 1.0		__DUMMY__ 0.47948080662597914 neg 0.30282012851334955 off 0.21769906486067142	false	1.0
vom			__DUMMY__ 0.4821565715588973 neg 0.30730159058807677 off 0.21054183785302588	false	0.0
grenzdebil	off 1.0		__DUMMY__ 0.4752626311598399 neg 0.2983405123381488 off 0.22639685650201136	false	0.5
vor			__DUMMY__ 0.47856066094566624 neg 0.30720983818413095 off 0.2142295008702027	false	0.0
unterwerfen	neg 1.0		__DUMMY__ 0.4748636062846998 neg 0.30906949732029243 off 0.21606689639500778	false	1.0
versenkung	neg 1.0		__DUMMY__ 0.47608761941642896 neg 0.30807273709011523 off 0.21583964349345588	false	1.0
entziehen	neg 1.0		__DUMMY__ 0.476005601761568 neg 0.31055538111442277 off 0.21343901712400914	false	1.0
finanzkrise	neg 1.0		__DUMMY__ 0.47127847122095673 neg 0.3099058846063094 off 0.218815644172734	false	1.0
schimpfend	neg 1.0		__DUMMY__ 0.4802821692704237 neg 0.29699584338113555 off 0.22272198734844076	false	1.0
profan	neg 1.0		__DUMMY__ 0.4752327023172648 neg 0.3028492881853198 off 0.22191800949741544	false	1.0
korruption	neg 1.0		__DUMMY__ 0.47176352507963226 neg 0.3113207113632794 off 0.2169157635570884	false	1.0
â			__DUMMY__ 0.4772356129339768 neg 0.30481864331483777 off 0.21794574375118525	false	0.0
schmutzig	neg 1.0		__DUMMY__ 0.4772218822005254 neg 0.2964308467620676 off 0.226347271037407	false	1.0
sexy	neg 1.0		__DUMMY__ 0.47526743431036517 neg 0.30021716476949056 off 0.22451540092014413	false	1.0
abraten	neg 1.0		__DUMMY__ 0.4769370388898388 neg 0.30158627020440354 off 0.2214766909057577	false	1.0
schwarz	neg 1.0		__DUMMY__ 0.47471055735910545 neg 0.30337597100451213 off 0.22191347163638253	false	1.0
fotze	off 1.0		__DUMMY__ 0.4745080972559013 neg 0.30723475923870897 off 0.21825714350538963	false	0.5
verwirren	neg 1.0		__DUMMY__ 0.4753030542725694 neg 0.3018111415051514 off 0.22288580422227916	false	1.0
zahnlos	off 1.0		__DUMMY__ 0.4742820137812002 neg 0.30867568243401144 off 0.2170423037847884	false	0.5
verheeren	neg 1.0		__DUMMY__ 0.46903900412983307 neg 0.29533263101695334 off 0.2356283648532135	false	1.0
hippie	neg 1.0		__DUMMY__ 0.47486801128995737 neg 0.3009603575510357 off 0.22417163115900698	false	1.0
rammen	neg 1.0		__DUMMY__ 0.47609276607757767 neg 0.3007310448635823 off 0.22317618905883999	false	1.0
unlauter	neg 1.0	neg 1.0	neg 0.6431669005498426 __DUMMY__ 0.23067896545475192 off 0.1261541339954055	false	1.0
unheilvoll	neg 1.0		__DUMMY__ 0.47668623041197544 neg 0.30110257764749454 off 0.22221119194053	false	1.0
niedrig	neg 1.0		__DUMMY__ 0.4754139201876276 neg 0.30759537994355823 off 0.21699069986881409	false	1.0
explosion	neg 1.0		__DUMMY__ 0.47601047273281083 neg 0.30010214609135166 off 0.22388738117583767	false	1.0
weichei	off 1.0		__DUMMY__ 0.4724048600285932 neg 0.29648915435238005 off 0.23110598561902665	false	0.5
minusmensch	off 1.0		__DUMMY__ 0.46762054191463365 neg 0.2973384195429055 off 0.23504103854246083	false	0.5
farblos	neg 1.0		__DUMMY__ 0.4749700726928433 neg 0.3041208557610768 off 0.22090907154607994	false	1.0
unwissend	neg 1.0	neg 1.0	neg 0.641651814136229 __DUMMY__ 0.23077849990557228 off 0.12756968595819868	false	1.0
traurig	neg 1.0		__DUMMY__ 0.47476203503214737 neg 0.29714867859693517 off 0.22808928637091752	false	1.0
senkung	neg 1.0		__DUMMY__ 0.47393204235389397 neg 0.30292984165595666 off 0.22313811599014952	false	1.0
ungleich	neg 1.0	neg 1.0	neg 0.6464770118103038 __DUMMY__ 0.2311767358832243 off 0.12234625230647192	false	1.0
heikel	neg 1.0		__DUMMY__ 0.476003388934376 neg 0.3092762928807743 off 0.21472031818484985	false	1.0
drosselung	neg 1.0		__DUMMY__ 0.47537745500391687 neg 0.29589447925168105 off 0.22872806574440208	false	1.0
falsch	neg 1.0		__DUMMY__ 0.4747234487531327 neg 0.3014632280109009 off 0.22381332323596625	false	1.0
unzufriedenheit	neg 1.0		__DUMMY__ 0.47551008777836595 neg 0.3100642339262341 off 0.21442567829539994	false	1.0
kurz	neg 1.0		__DUMMY__ 0.47899331302938103 neg 0.30220575672856853 off 0.21880093024205044	false	1.0
unsinnig	neg 1.0		__DUMMY__ 0.47506701097408066 neg 0.30750756698423026 off 0.21742542204168924	false	1.0
penner	off 1.0	off 1.0	off 0.6024154220087432 __DUMMY__ 0.2303508250271285 neg 0.16723375296412835	false	1.0
seicht	neg 1.0		__DUMMY__ 0.46951411461447295 neg 0.29743547507052776 off 0.2330504103149993	false	1.0
dummheit	off 1.0	off 1.0	off 0.5960580575862914 __DUMMY__ 0.23056265479317514 neg 0.17337928762053356	false	1.0
unerfreulich	neg 1.0		__DUMMY__ 0.4768273966485783 neg 0.3089356183018763 off 0.2142369850495454	false	1.0
motherfucker	off 1.0	off 1.0	off 0.5994798258737681 __DUMMY__ 0.23038804733951335 neg 0.17013212678671857	false	1.0
pikiert	neg 1.0		__DUMMY__ 0.4734819416916927 neg 0.30223719638178254 off 0.22428086192652485	false	1.0
wrack	neg 1.0		__DUMMY__ 0.47798010437593613 neg 0.30361739593789516 off 0.2184024996861688	false	1.0
gangster	neg 1.0		__DUMMY__ 0.4749189667334208 neg 0.30180080415365795 off 0.22328022911292128	false	1.0
krank	neg 1.0		__DUMMY__ 0.47651204302798983 neg 0.2969363502197001 off 0.22655160675231004	false	1.0
reich	neg 1.0		__DUMMY__ 0.4681472747070289 neg 0.30772088469875497 off 0.2241318405942162	false	1.0
gnadenlos	neg 1.0		__DUMMY__ 0.4754049987048355 neg 0.30379775228378664 off 0.22079724901137782	false	1.0
niedergeschlagen	neg 1.0		__DUMMY__ 0.4768227165166186 neg 0.3047281111380709 off 0.21844917234531047	false	1.0
terrorisieren	off 1.0	off 1.0	off 0.592894284766412 __DUMMY__ 0.23256188708958098 neg 0.17454382814400704	false	1.0
sinnlosigkeit	neg 1.0		__DUMMY__ 0.47449979911248286 neg 0.308387097090205 off 0.2171131037973121	false	1.0
behindern	neg 1.0		__DUMMY__ 0.4773989100328519 neg 0.3023366510260885 off 0.22026443894105976	false	1.0
undemokratisch	neg 1.0		__DUMMY__ 0.47076092259689 neg 0.3088043317432415 off 0.2204347456598684	false	1.0
wirtschaftskrise	neg 1.0		__DUMMY__ 0.47304260320539643 neg 0.30977129760181493 off 0.2171860991927887	false	1.0
neid	neg 1.0		__DUMMY__ 0.47692036397420884 neg 0.2991980154298542 off 0.22388162059593694	false	1.0
rutschen	neg 1.0		__DUMMY__ 0.4831005638200637 neg 0.3033890102348159 off 0.21351042594512032	false	1.0
rezession	neg 1.0		__DUMMY__ 0.4695242792728734 neg 0.30143497564573724 off 0.22904074508138952	false	1.0
fehlgeburt	neg 1.0		__DUMMY__ 0.475233813038726 neg 0.30429782543304823 off 0.22046836152822563	false	1.0
charakterschwach	off 1.0		__DUMMY__ 0.47330485071309536 neg 0.3012408405157786 off 0.22545430877112588	false	0.5
isolation	neg 1.0		__DUMMY__ 0.4751898779355808 neg 0.2992589056894669 off 0.22555121637495232	false	1.0
ablenkung	neg 1.0		__DUMMY__ 0.4770765508976397 neg 0.3025035979925898 off 0.22041985110977047	false	1.0
pech	neg 1.0		__DUMMY__ 0.4754067104740376 neg 0.30163024727360976 off 0.22296304225235253	false	1.0
vermeidung	neg 1.0		__DUMMY__ 0.4757977622066021 neg 0.2967396145369504 off 0.22746262325644745	false	1.0
dominieren	neg 1.0		__DUMMY__ 0.47560036370892744 neg 0.30577866658167024 off 0.21862096970940237	false	1.0
schwindlig	neg 1.0		__DUMMY__ 0.4778236626866693 neg 0.2988763143885096 off 0.2233000229248211	false	1.0
lutscher	neg 1.0		__DUMMY__ 0.4698752555840109 neg 0.29608323183414464 off 0.23404151258184455	false	1.0
pflicht	neg 1.0		__DUMMY__ 0.4756728276623064 neg 0.3098602746600504 off 0.21446689767764324	false	1.0
faschist	off 1.0		__DUMMY__ 0.4703684073697219 neg 0.30824411226214044 off 0.2213874803681378	false	0.5
verschleudern	neg 1.0		__DUMMY__ 0.47352399511072313 neg 0.30984155848778683 off 0.2166344464014901	false	1.0
wenn			__DUMMY__ 0.4751453153442558 neg 0.30093725348055783 off 0.2239174311751864	false	0.0
ehebruch	neg 1.0		__DUMMY__ 0.4739709572621947 neg 0.309745810475193 off 0.21628323226261242	false	1.0
spott	off 1.0		__DUMMY__ 0.47413866631754575 neg 0.3102362574578988 off 0.21562507622455543	false	0.5
trostlosigkeit	neg 1.0		__DUMMY__ 0.4724504637871125 neg 0.31374853283995374 off 0.2138010033729339	false	1.0
lutschen	neg 1.0		__DUMMY__ 0.47287328491460984 neg 0.30266779005791217 off 0.22445892502747797	false	1.0
undiszipliniert	neg 1.0		__DUMMY__ 0.47421996513612025 neg 0.29849798567197533 off 0.22728204919190456	false	1.0
kopfschmerz	neg 1.0		__DUMMY__ 0.4760321527135896 neg 0.3047884434339235 off 0.21917940385248683	false	1.0
unvorhergesehen	neg 1.0		__DUMMY__ 0.479640106111506 neg 0.30168130769455687 off 0.21867858619393712	false	1.0
desinteressiert	neg 1.0		__DUMMY__ 0.47301073614333466 neg 0.30033388881821743 off 0.226655375038448	false	1.0
armselig	off 1.0		__DUMMY__ 0.47210675224479925 neg 0.3003605867603018 off 0.22753266099489886	false	0.5
desaster	neg 1.0		__DUMMY__ 0.474368713770003 neg 0.3129619162626189 off 0.21266936996737804	false	1.0
tod	neg 1.0		__DUMMY__ 0.4729292069739062 neg 0.3114059748981468 off 0.21566481812794702	false	1.0
herzlos	neg 1.0		__DUMMY__ 0.47434035837279465 neg 0.2968816908499488 off 0.22877795077725652	false	1.0
unwissenheit	neg 1.0		__DUMMY__ 0.47354643989719664 neg 0.3096302773229772 off 0.21682328277982632	false	1.0
widersinnig	neg 1.0		__DUMMY__ 0.47108588633423937 neg 0.31130444787394734 off 0.2176096657918132	false	1.0
bedenklich	neg 1.0		__DUMMY__ 0.47559597589393315 neg 0.30867087392219894 off 0.21573315018386807	false	1.0
beanstanden	neg 1.0		__DUMMY__ 0.4760323718755642 neg 0.3097927701153389 off 0.21417485800909689	false	1.0
panisch	neg 1.0	neg 1.0	neg 0.6390599378234257 __DUMMY__ 0.2343644489429539 off 0.1265756132336203	false	1.0
debil	off 1.0		__DUMMY__ 0.4770212636360221 neg 0.3115791222455384 off 0.2113996141184395	false	0.5
abstrich	neg 1.0		__DUMMY__ 0.47885859399754915 neg 0.30021987222474983 off 0.22092153377770096	false	1.0
primitiv	neg 1.0		__DUMMY__ 0.47282631146931936 neg 0.30106160672032917 off 0.22611208181035156	false	1.0
abschaum	off 1.0	off 1.0	off 0.597496423467508 __DUMMY__ 0.2301597443848466 neg 0.17234383214764548	false	1.0
provozieren	neg 1.0		__DUMMY__ 0.4738294632767209 neg 0.3064329450953558 off 0.21973759162792333	false	1.0
tot	neg 1.0		__DUMMY__ 0.47442942151309747 neg 0.3070001999720996 off 0.21857037851480288	false	1.0
instabil	neg 1.0		__DUMMY__ 0.47035268763129345 neg 0.30135147886234764 off 0.22829583350635893	false	1.0
schwuchtel	off 1.0		__DUMMY__ 0.46684226904091536 neg 0.29406488574700806 off 0.2390928452120766	false	0.5
zerren	neg 1.0		__DUMMY__ 0.4770532327810095 neg 0.3045046219481316 off 0.2184421452708588	false	1.0
kinderficker	off 1.0		__DUMMY__ 0.4710592866603674 neg 0.2991190965361157 off 0.22982161680351693	false	0.5
gefahr	neg 1.0		__DUMMY__ 0.4744886341167572 neg 0.30938321797660845 off 0.21612814790663443	false	1.0
rabiat	neg 1.0		__DUMMY__ 0.47555218938806715 neg 0.3046056795481806 off 0.21984213106375242	false	1.0
verlangsamung	neg 1.0		__DUMMY__ 0.46929819185804666 neg 0.2980972814578269 off 0.23260452668412643	false	1.0
ausgestorben	neg 1.0		__DUMMY__ 0.4766764080880858 neg 0.30487369614882603 off 0.21844989576308813	false	1.0
anklagen	neg 1.0		__DUMMY__ 0.4734025104343685 neg 0.3076307766903487 off 0.21896671287528277	false	1.0
trott	neg 1.0		__DUMMY__ 0.4765823155545002 neg 0.3032121395215692 off 0.22020554492393066	false	1.0
verminderung	neg 1.0		__DUMMY__ 0.4740379340122686 neg 0.2980510448091067 off 0.22791102117862458	false	1.0
nach			__DUMMY__ 0.4810332810724635 neg 0.30621361589829826 off 0.2127531030292382	false	0.0
rost	neg 1.0		__DUMMY__ 0.4713514547828191 neg 0.2951289961192291 off 0.23351954909795186	false	1.0
destruktiv	neg 1.0		__DUMMY__ 0.4731098901437662 neg 0.30862473982926897 off 0.21826537002696464	false	1.0
unzumutbarkeit	neg 1.0		__DUMMY__ 0.4752514471323062 neg 0.297337467577441 off 0.22741108529025272	false	1.0
labil	off 1.0	off 1.0	off 0.5982619307071987 __DUMMY__ 0.23052676013766546 neg 0.17121130915513583	false	1.0
ziemlich	neg 1.0		__DUMMY__ 0.47492031150559594 neg 0.2993682186041099 off 0.22571146989029428	false	1.0
lachnummer	off 1.0		__DUMMY__ 0.4733916310260978 neg 0.30821913911915355 off 0.21838922985474865	false	0.5
oder			__DUMMY__ 0.47755364778184056 neg 0.3023057025501208 off 0.2201406496680387	false	0.0
verfall	neg 1.0		__DUMMY__ 0.4771012239721941 neg 0.3116412924030453 off 0.21125748362476063	false	1.0
ausgrenzung	neg 1.0		__DUMMY__ 0.47080317129170496 neg 0.30799361785206986 off 0.22120321085622513	false	1.0
unordnung	neg 1.0		__DUMMY__ 0.47152965783954937 neg 0.2990549633826908 off 0.22941537877775994	false	1.0
fehlverhalten	neg 1.0		__DUMMY__ 0.47438130940934997 neg 0.3102010239572935 off 0.21541766663335665	false	1.0
eine			__DUMMY__ 0.47782427013207845 neg 0.3078369157285051 off 0.21433881413941636	false	0.0
nille	neg 1.0		__DUMMY__ 0.4731887998229108 neg 0.30714909639528076 off 0.21966210378180853	false	1.0
qual	neg 1.0		__DUMMY__ 0.4763472814935626 neg 0.3035799007132196 off 0.22007281779321775	false	1.0
verschwenden	neg 1.0		__DUMMY__ 0.47607934396979995 neg 0.30799560946276455 off 0.21592504656743539	false	1.0
riesig	neg 1.0		__DUMMY__ 0.4762012938761154 neg 0.3046811901038726 off 0.21911751602001212	false	1.0
verurteilen	neg 1.0		__DUMMY__ 0.47322925316487724 neg 0.30975859916324966 off 0.21701214767187296	false	1.0
klischee	neg 1.0	neg 1.0	neg 0.6431884248155447 __DUMMY__ 0.2303411281434994 off 0.1264704470409559	false	1.0
diktatorisch	neg 1.0		__DUMMY__ 0.46935125806460215 neg 0.3107068159722163 off 0.21994192596318174	false	1.0
vorhersehbar	neg 1.0		__DUMMY__ 0.47245251577814307 neg 0.30629765788221625 off 0.2212498263396406	false	1.0
sowie			__DUMMY__ 0.4699004906361804 neg 0.29895642896610475 off 0.23114308039771486	false	0.0
stornieren	neg 1.0		__DUMMY__ 0.47728545889863766 neg 0.29941307643052345 off 0.22330146467083895	false	1.0
besteuerung	neg 1.0		__DUMMY__ 0.4738542597828743 neg 0.3050526689795806 off 0.22109307123754512	false	1.0
ungeschminkt	neg 1.0		__DUMMY__ 0.47371249334699267 neg 0.30022747268968125 off 0.22606003396332605	false	1.0
kritisch	neg 1.0		__DUMMY__ 0.4742350867257906 neg 0.31006510062774995 off 0.2156998126464593	false	1.0
schlamperei	off 1.0		__DUMMY__ 0.4742375924356768 neg 0.30927842751325973 off 0.2164839800510634	false	0.5
sucht	neg 1.0	neg 1.0	neg 0.6381346994126715 __DUMMY__ 0.234542912895195 off 0.12732238769213336	false	1.0
egoistisch	off 1.0		__DUMMY__ 0.47260481861764353 neg 0.29639828716138455 off 0.23099689422097186	false	0.5
ausbeuter	off 1.0		__DUMMY__ 0.4735529097624876 neg 0.31166089096779725 off 0.21478619926971512	false	0.5
arschgeburt	off 1.0		__DUMMY__ 0.46685520210011777 neg 0.29419172780383984 off 0.23895307009604225	false	0.5
schubs	neg 1.0	neg 1.0	neg 0.6421901446238474 __DUMMY__ 0.23403775355741954 off 0.12377210181873324	false	1.0
unsolide	neg 1.0		__DUMMY__ 0.4678235284693332 neg 0.3088775670661603 off 0.22329890446450643	false	1.0
beschwerde	neg 1.0		__DUMMY__ 0.47428917407010124 neg 0.30837597929916766 off 0.21733484663073124	false	1.0
stocken	neg 1.0		__DUMMY__ 0.47640067180834117 neg 0.3062727168382366 off 0.21732661135342227	false	1.0
isolieren	neg 1.0		__DUMMY__ 0.4777291916236302 neg 0.3024591612464993 off 0.21981164712987036	false	1.0
unheilbar	neg 1.0		__DUMMY__ 0.4745641677928867 neg 0.3051712278000436 off 0.22026460440706983	false	1.0
pisser	off 1.0		__DUMMY__ 0.47136608877490066 neg 0.30000888188271463 off 0.22862502934238463	false	0.5
löschen	neg 1.0		__DUMMY__ 0.4749243359457889 neg 0.3039172421732047 off 0.22115842188100637	false	1.0
durchfallen	neg 1.0		__DUMMY__ 0.4758871829108802 neg 0.30769896887129317 off 0.21641384821782664	false	1.0
wichser	off 1.0		__DUMMY__ 0.47059565933913344 neg 0.2938540199028371 off 0.23555032075802942	false	0.5
terror	neg 1.0		__DUMMY__ 0.47675383468343574 neg 0.29877366267096156 off 0.2244725026456027	false	1.0
krass	neg 1.0		__DUMMY__ 0.47337052094593945 neg 0.29771011235857137 off 0.22891936669548923	false	1.0
revolte	neg 1.0	neg 1.0	neg 0.6456683938458886 __DUMMY__ 0.22820102332205872 off 0.12613058283205267	false	1.0
besorgt	neg 1.0		__DUMMY__ 0.4798528791515573 neg 0.3009407755145456 off 0.2192063453338971	false	1.0
nachlassen	neg 1.0		__DUMMY__ 0.4772127666240984 neg 0.3047680866509179 off 0.2180191467249836	false	1.0
alt	neg 1.0		__DUMMY__ 0.47933065035053307 neg 0.3040673635486527 off 0.2166019861008143	false	1.0
hundesohn	off 1.0		__DUMMY__ 0.4686172241616933 neg 0.29706669735409996 off 0.23431607848420674	false	0.5
als			__DUMMY__ 0.4773521752166518 neg 0.3050031300504656 off 0.2176446947328826	false	0.0
abschreckung	neg 1.0		__DUMMY__ 0.4751445803598553 neg 0.3106213474652882 off 0.21423407217485657	false	1.0
unqualifiziert	neg 1.0		__DUMMY__ 0.47313204045219315 neg 0.30498481155865304 off 0.22188314798915396	false	1.0
abgewichst	off 1.0		__DUMMY__ 0.47485348951848905 neg 0.30620963982112914 off 0.2189368706603817	false	0.5
schwer	neg 1.0		__DUMMY__ 0.4765432340875939 neg 0.3040334353680249 off 0.2194233305443813	false	1.0
bedeutungslosigkeit	neg 1.0		__DUMMY__ 0.4744621335953193 neg 0.31082626947646097 off 0.21471159692821967	false	1.0
kapitulation	neg 1.0		__DUMMY__ 0.47081274527409406 neg 0.3131162762391215 off 0.21607097848678444	false	1.0
unscharf	neg 1.0		__DUMMY__ 0.47505288251388056 neg 0.30198643472540676 off 0.22296068276071254	false	1.0
schwinden	neg 1.0		__DUMMY__ 0.4761810991511001 neg 0.3082961041083456 off 0.21552279674055444	false	1.0
versklavung	neg 1.0	neg 1.0	neg 0.6456971295179094 __DUMMY__ 0.22928409415150433 off 0.1250187763305863	false	1.0
schlecht	neg 1.0		__DUMMY__ 0.47531988080118587 neg 0.2984867847769341 off 0.2261933344218801	false	1.0
verhasst	neg 1.0		__DUMMY__ 0.47324697585121583 neg 0.30711089963550886 off 0.21964212451327528	false	1.0
beschweren	neg 1.0		__DUMMY__ 0.47599555052661885 neg 0.30239560086279643 off 0.22160884861058464	false	1.0
scheiden	neg 1.0		__DUMMY__ 0.47617178385041214 neg 0.3045585810203696 off 0.21926963512921838	false	1.0
frustriert	neg 1.0		__DUMMY__ 0.4760084155834909 neg 0.30572363088757454 off 0.21826795352893463	false	1.0
schimmelig	neg 1.0		__DUMMY__ 0.4755082101465923 neg 0.3080822704316821 off 0.21640951942172557	false	1.0
fisch	neg 1.0	neg 1.0	neg 0.6420153259299531 __DUMMY__ 0.23413958448332617 off 0.12384508958672054	false	1.0
schmuggel	neg 1.0		__DUMMY__ 0.47856685360610574 neg 0.3057627469871165 off 0.2156703994067778	false	1.0
auffallen	neg 1.0		__DUMMY__ 0.47553228977287176 neg 0.3024430216789114 off 0.2220246885482169	false	1.0
konkurrenz	neg 1.0		__DUMMY__ 0.4780683571295802 neg 0.30726987099816705 off 0.2146617718722527	false	1.0
teufelskreis	neg 1.0		__DUMMY__ 0.4748472471487769 neg 0.30689187939043255 off 0.2182608734607904	false	1.0
aufschreien	neg 1.0		__DUMMY__ 0.47352647647438434 neg 0.30497544641012153 off 0.22149807711549396	false	1.0
schuldner	neg 1.0		__DUMMY__ 0.4738752242134034 neg 0.3104642862706479 off 0.2156604895159487	false	1.0
missgeburt	off 1.0	off 1.0	off 0.6016240543436457 __DUMMY__ 0.22927859332366224 neg 0.16909735233269213	false	1.0
arbeitslos	neg 1.0		__DUMMY__ 0.47485988798148265 neg 0.30793207329962136 off 0.21720803871889596	false	1.0
befallen	neg 1.0		__DUMMY__ 0.4717707457310202 neg 0.31150973425650635 off 0.2167195200124734	false	1.0
miesepetrig	off 1.0		__DUMMY__ 0.47579858705713624 neg 0.29831196296308654 off 0.22588944997977728	false	0.5
alarmieren	neg 1.0		__DUMMY__ 0.4724575782496415 neg 0.3027621343401916 off 0.22478028741016706	false	1.0
ungeduscht	off 1.0		__DUMMY__ 0.4753456867648012 neg 0.3015008500263239 off 0.22315346320887475	false	0.5
knappheit	neg 1.0		__DUMMY__ 0.4749847917519932 neg 0.30727529298303713 off 0.21773991526496972	false	1.0
schlange	neg 1.0		__DUMMY__ 0.4773723860949266 neg 0.3009095008589908 off 0.22171811304608247	false	1.0
harsch	neg 1.0		__DUMMY__ 0.4741381376490187 neg 0.2933644773607798 off 0.23249738499020156	false	1.0
lang	neg 1.0		__DUMMY__ 0.4755356799595814 neg 0.30307928381378607 off 0.22138503622663247	false	1.0
ziellos	neg 1.0		__DUMMY__ 0.4767259150813906 neg 0.306253131886458 off 0.2170209530321513	false	1.0
selbstverliebt	neg 1.0		__DUMMY__ 0.4676101304967591 neg 0.2963010818777763 off 0.23608878762546456	false	1.0
beseitigen	neg 1.0		__DUMMY__ 0.47809596500463497 neg 0.3000360633423656 off 0.22186797165299948	false	1.0
dumm	off 1.0		__DUMMY__ 0.4715249928706515 neg 0.29697760288831726 off 0.23149740424103113	false	0.5
arbeitsloser	neg 1.0		__DUMMY__ 0.4752797917052281 neg 0.3082951191200718 off 0.21642508917470007	false	1.0
blitzen	neg 1.0		__DUMMY__ 0.4740244316751811 neg 0.30222724019716907 off 0.2237483281276498	false	1.0
hilflos	neg 1.0		__DUMMY__ 0.4763055509894289 neg 0.3057519589708138 off 0.21794249003975738	false	1.0
eklig	off 1.0		__DUMMY__ 0.4705434709219281 neg 0.2972252436523961 off 0.23223128542567562	false	0.5
begriff			__DUMMY__ 0.47511132870571327 neg 0.30678555482213327 off 0.2181031164721535	false	0.0
hungersnot	neg 1.0		__DUMMY__ 0.47047672830414106 neg 0.31100609425357506 off 0.21851717744228397	false	1.0
ungesetzlich	neg 1.0		__DUMMY__ 0.4701511154885281 neg 0.30824724798840825 off 0.22160163652306378	false	1.0
verschwendung	neg 1.0		__DUMMY__ 0.4762127859154681 neg 0.30873254470417083 off 0.21505466938036108	false	1.0
schmerzvoll	neg 1.0		__DUMMY__ 0.4758706524084794 neg 0.3025953153894169 off 0.22153403220210352	false	1.0
vorzeitig	neg 1.0		__DUMMY__ 0.47489515377025054 neg 0.29916335381868686 off 0.2259414924110625	false	1.0
unvollkommenheit	neg 1.0		__DUMMY__ 0.4754555503601685 neg 0.30439659406836195 off 0.22014785557146951	false	1.0
intervenieren	neg 1.0		__DUMMY__ 0.4729937617062482 neg 0.3119190591218987 off 0.21508717917185316	false	1.0
banause	off 1.0		__DUMMY__ 0.46977695061315067 neg 0.2965730722951539 off 0.2336499770916954	false	0.5
rebell	neg 1.0		__DUMMY__ 0.47770545969614747 neg 0.3076777928961646 off 0.2146167474076879	false	1.0
unlogisch	neg 1.0		__DUMMY__ 0.4726344836955388 neg 0.2994541738435458 off 0.22791134246091546	false	1.0
leiden	neg 1.0	neg 1.0	neg 0.6408670784994808 __DUMMY__ 0.23638934998780914 off 0.12274357151271009	false	1.0
abschaffung	neg 1.0		__DUMMY__ 0.47298569017328246 neg 0.30645389819866625 off 0.22056041162805132	false	1.0
sturz	neg 1.0		__DUMMY__ 0.47251156289115254 neg 0.30647580370459115 off 0.2210126334042565	false	1.0
verkleinerung	neg 1.0		__DUMMY__ 0.4713249460992267 neg 0.30511751798922226 off 0.22355753591155106	false	1.0
schmarotzer	off 1.0		__DUMMY__ 0.47372753411323665 neg 0.3098354671273528 off 0.21643699875941058	false	0.5
bestrafung	neg 1.0		__DUMMY__ 0.4744114755123928 neg 0.30473998398568086 off 0.22084854050192623	false	1.0
achtlos	neg 1.0		__DUMMY__ 0.47732884425534183 neg 0.303038309382199 off 0.21963284636245922	false	1.0
ungeheuer	neg 1.0		__DUMMY__ 0.4744398768082489 neg 0.3035712239865368 off 0.2219888992052142	false	1.0
unaufrichtig	neg 1.0		__DUMMY__ 0.4710968750774396 neg 0.30665311128168943 off 0.22225001364087094	false	1.0
groggy	neg 1.0		__DUMMY__ 0.4744221799399085 neg 0.30181385401597327 off 0.2237639660441183	false	1.0
verletzlich	neg 1.0		__DUMMY__ 0.473939083742323 neg 0.30002779915674477 off 0.2260331171009322	false	1.0
