unsolidarisch	neg 1.0		neg 0.5805596327940296 off 0.4122890213371656 __DUMMY__ 0.007151345868804844	false	1.0
nachteilig	neg 1.0		neg 0.579953536096757 off 0.4127940117194994 __DUMMY__ 0.007252452183743586	false	1.0
skeptisch	neg 1.0		neg 0.5822102915783501 off 0.4105121387295878 __DUMMY__ 0.0072775696920620945	false	1.0
schrecklich	neg 1.0		neg 0.5679096964275107 off 0.42487077323780936 __DUMMY__ 0.007219530334679838	false	1.0
schlapp	neg 1.0		neg 0.5706215086554286 off 0.4221040875731485 __DUMMY__ 0.007274403771422943	false	1.0
abfall	neg 1.0		neg 0.5838590496379027 off 0.40885556124196654 __DUMMY__ 0.007285389120130874	false	1.0
widerspenstig	neg 1.0		neg 0.5754628913460126 off 0.41724435818706856 __DUMMY__ 0.007292750466918864	false	1.0
abrupt	neg 1.0		neg 0.5767960364936195 off 0.4159026652413778 __DUMMY__ 0.007301298265002749	false	1.0
unwirksam	neg 1.0		neg 0.5784434486333773 off 0.4143691722237377 __DUMMY__ 0.007187379142885056	false	1.0
angreifen	neg 1.0		neg 0.581611871327546 off 0.4111337547368573 __DUMMY__ 0.007254373935596702	false	1.0
inkonsistent	neg 1.0		neg 0.574993050638825 off 0.4177794369396004 __DUMMY__ 0.007227512421574645	false	1.0
abrutschen	neg 1.0		neg 0.5830165920261658 off 0.40968263525898707 __DUMMY__ 0.007300772714846996	false	1.0
unsicher	neg 1.0		neg 0.576211751973595 off 0.41651531486277144 __DUMMY__ 0.007272933163633732	false	1.0
bauernkind	off 1.0		neg 0.5664436309971252 off 0.4264023299767615 __DUMMY__ 0.007154039026113296	false	0.5
angreifer	neg 1.0		neg 0.5747806336233913 off 0.4180128427605653 __DUMMY__ 0.007206523616043414	false	1.0
trennen	neg 1.0		neg 0.579109632931741 off 0.41356295657221975 __DUMMY__ 0.007327410496039169	false	1.0
schmutz	neg 1.0		neg 0.5674424454028587 off 0.42524046288087225 __DUMMY__ 0.007317091716269125	false	1.0
inkonsistenz	neg 1.0	neg 1.0	neg 0.774823506037635 off 0.2217313536340838 __DUMMY__ 0.0034451403282812474	false	1.0
erschreckend	neg 1.0		neg 0.5788424948509451 off 0.41391096182679604 __DUMMY__ 0.007246543322258894	false	1.0
ertrinken	neg 1.0		neg 0.5790083323772846 off 0.4136941719070032 __DUMMY__ 0.0072974957157123325	false	1.0
pickelface	off 1.0		neg 0.5765873655263649 off 0.41618409981252313 __DUMMY__ 0.0072285346611119135	false	0.5
seiner			neg 0.5810594386621399 off 0.4116689328715206 __DUMMY__ 0.007271628466339383	false	0.0
lauch	neg 1.0		neg 0.5821125687584865 off 0.41060454228120435 __DUMMY__ 0.007282888960309125	false	1.0
unwichtig	neg 1.0		neg 0.5725550764196184 off 0.42021325821888056 __DUMMY__ 0.007231665361500909	false	1.0
steuerhinterziehung	neg 1.0		neg 0.5800801062327301 off 0.4127262804707354 __DUMMY__ 0.007193613296534511	false	1.0
schock	neg 1.0		neg 0.5766546426405658 off 0.4160394663378587 __DUMMY__ 0.00730589102157544	false	1.0
beule	neg 1.0		neg 0.5692324736367232 off 0.4235001764489336 __DUMMY__ 0.007267349914343228	false	1.0
vergelten	neg 1.0		neg 0.5678521860714997 off 0.4249700587422152 __DUMMY__ 0.0071777551862852035	false	1.0
verdorbenheit	neg 1.0		neg 0.5730858225185691 off 0.4196182657429911 __DUMMY__ 0.007295911738439846	false	1.0
trauma	neg 1.0		neg 0.5748216265935407 off 0.41792946435502437 __DUMMY__ 0.007248909051434732	false	1.0
sinnlos	neg 1.0		neg 0.5746172387517888 off 0.41813350824547296 __DUMMY__ 0.007249253002738188	false	1.0
fettsack	off 1.0	off 1.0	off 0.6959673394326062 neg 0.30060589415929606 __DUMMY__ 0.0034267664080976233	false	1.0
feige	off 1.0		neg 0.5739618909997768 off 0.4188289772912828 __DUMMY__ 0.007209131708940272	false	0.5
abdanken	neg 1.0		neg 0.58127807887326 off 0.41155783365974763 __DUMMY__ 0.007164087466992282	false	1.0
wichtigtuer	off 1.0	off 1.0	off 0.6908014076462765 neg 0.3057532290411954 __DUMMY__ 0.003445363312528175	false	1.0
misslingen	neg 1.0		neg 0.5723338619963577 off 0.42037053861456414 __DUMMY__ 0.0072955993890782035	false	1.0
untreu	off 1.0		neg 0.5713256315867109 off 0.42143740271144037 __DUMMY__ 0.00723696570184879	false	0.5
missmutig	neg 1.0		neg 0.5716227789685255 off 0.4211079927963487 __DUMMY__ 0.007269228235125739	false	1.0
hurenbock	off 1.0		neg 0.5724235724468811 off 0.4202717936822202 __DUMMY__ 0.007304633870898581	false	0.5
betrunken	neg 1.0		neg 0.5687254732314854 off 0.4240205502995567 __DUMMY__ 0.007253976468957868	false	1.0
korrupt	off 1.0		neg 0.5822943643864823 off 0.41052135455056216 __DUMMY__ 0.007184281062955489	false	0.5
unmut	neg 1.0		neg 0.583445373930473 off 0.4092823743972895 __DUMMY__ 0.007272251672237466	false	1.0
hackfresse	off 1.0		neg 0.5646805683546778 off 0.42812104727372535 __DUMMY__ 0.007198384371596971	false	0.5
aufblasen	neg 1.0		neg 0.57388535189138 off 0.4188282352299487 __DUMMY__ 0.00728641287867119	false	1.0
gewaltsam	neg 1.0		neg 0.5775101114536505 off 0.4152881042378156 __DUMMY__ 0.007201784308533942	false	1.0
unbeliebtheit	neg 1.0		neg 0.574873235320312 off 0.4180137256351697 __DUMMY__ 0.007113039044518316	false	1.0
sturheit	neg 1.0		neg 0.5800708545097447 off 0.4127143162281059 __DUMMY__ 0.007214829262149488	false	1.0
kuh	neg 1.0		neg 0.5760439490892298 off 0.41673715153096813 __DUMMY__ 0.007218899379802115	false	1.0
erschrecken	neg 1.0		neg 0.5722050860070576 off 0.420530559833642 __DUMMY__ 0.007264354159300378	false	1.0
opfer	neg 1.0	neg 1.0	neg 0.7780307635133996 off 0.21849938699529048 __DUMMY__ 0.0034698494913099295	false	1.0
sinken	neg 1.0		neg 0.5822185546462362 off 0.41050392713674055 __DUMMY__ 0.007277518217023238	false	1.0
stinktier	neg 1.0		neg 0.5686861454536516 off 0.4241274144349635 __DUMMY__ 0.007186440111384974	false	1.0
tucke	off 1.0		neg 0.5632357630101333 off 0.4295521015153412 __DUMMY__ 0.007212135474525541	false	0.5
ein			neg 0.5736455169217901 off 0.4190433120999945 __DUMMY__ 0.007311170978215401	false	0.0
abstieg	neg 1.0		neg 0.5799380958688534 off 0.4128360442324275 __DUMMY__ 0.007225859898719142	false	1.0
missverstehen	neg 1.0		neg 0.5762018400151993 off 0.41658191612918183 __DUMMY__ 0.007216243855618831	false	1.0
ergebnislos	neg 1.0		neg 0.579664480122177 off 0.4130911042839992 __DUMMY__ 0.007244415593824018	false	1.0
unter			neg 0.5843670582739122 off 0.4082652803034572 __DUMMY__ 0.007367661422630479	false	0.0
manipulieren	neg 1.0		neg 0.5819383716790968 off 0.41080880399767766 __DUMMY__ 0.007252824323225596	false	1.0
unbewiesen	neg 1.0		neg 0.5812003018235349 off 0.41165626685564344 __DUMMY__ 0.007143431320821669	false	1.0
verschleppen	neg 1.0		neg 0.5804303706220005 off 0.41233640905468905 __DUMMY__ 0.007233220323310258	false	1.0
weib	off 1.0		neg 0.5640198559968329 off 0.428802494985043 __DUMMY__ 0.007177649018124016	false	0.5
opposition	neg 1.0		neg 0.5774621277726909 off 0.41535582792663306 __DUMMY__ 0.007182044300676139	false	1.0
verkehrswidrig	neg 1.0		neg 0.5653130574006291 off 0.42745502200753116 __DUMMY__ 0.0072319205918396625	false	1.0
inkorrekt	neg 1.0		neg 0.5744667258885255 off 0.41837744108426195 __DUMMY__ 0.007155833027212422	false	1.0
vermeiden	neg 1.0		neg 0.5833849034427888 off 0.409290143833595 __DUMMY__ 0.007324952723616194	false	1.0
abweichung	neg 1.0		neg 0.5824695286421432 off 0.4103457869485162 __DUMMY__ 0.007184684409340635	false	1.0
alkoholisiert	neg 1.0		neg 0.5781379929605016 off 0.4145829902522416 __DUMMY__ 0.007279016787256851	false	1.0
scheiss	off 1.0	off 1.0	off 0.6943738447486015 neg 0.302168000375031 __DUMMY__ 0.0034581548763673742	false	1.0
herausforderung	neg 1.0		neg 0.5760118767743212 off 0.4166524383468985 __DUMMY__ 0.007335684878780279	false	1.0
pervers	off 1.0		neg 0.5610484244874998 off 0.43178128657512665 __DUMMY__ 0.007170288937373457	false	0.5
wackelig	neg 1.0		neg 0.5760750294804938 off 0.41659003593271376 __DUMMY__ 0.007334934586792394	false	1.0
verwickeln	neg 1.0		neg 0.5756122737228245 off 0.41715127691317766 __DUMMY__ 0.0072364493639977875	false	1.0
vorwand	neg 1.0		neg 0.583125112726219 off 0.4096174436380888 __DUMMY__ 0.0072574436356922555	false	1.0
muschi	off 1.0		neg 0.5773238393138805 off 0.4154507747026435 __DUMMY__ 0.007225385983475853	false	0.5
entmutigung	neg 1.0		neg 0.5800626153082876 off 0.41283034814517794 __DUMMY__ 0.007107036546534504	false	1.0
unangemessen	neg 1.0		neg 0.5813421418461074 off 0.41144254815121883 __DUMMY__ 0.007215310002673706	false	1.0
unstetig	neg 1.0		neg 0.5738476155092744 off 0.4189388521222834 __DUMMY__ 0.007213532368442214	false	1.0
entmutigen	neg 1.0		neg 0.5752206164540975 off 0.4175159607820021 __DUMMY__ 0.007263422763900479	false	1.0
schwanz	neg 1.0		neg 0.5783993335389663 off 0.414340852881877 __DUMMY__ 0.0072598135791565495	false	1.0
verbot	neg 1.0		neg 0.5809142726398692 off 0.4118871198894064 __DUMMY__ 0.0071986074707244595	false	1.0
leid	neg 1.0		neg 0.5663796598031148 off 0.4264102934918441 __DUMMY__ 0.0072100467050412505	false	1.0
archaisch	neg 1.0		neg 0.5804078219310792 off 0.41236970599470535 __DUMMY__ 0.007222472074215519	false	1.0
gegen			neg 0.5830695790670601 off 0.4096841845305185 __DUMMY__ 0.007246236402421291	false	0.0
scheidung	neg 1.0	neg 1.0	neg 0.7627879758088435 off 0.23379055687623074 __DUMMY__ 0.003421467314925753	false	1.0
einschlag	neg 1.0		neg 0.566951900034118 off 0.4258387553391428 __DUMMY__ 0.0072093446267392745	false	1.0
m			neg 0.5768991015082565 off 0.41581680363143164 __DUMMY__ 0.0072840948603119125	false	0.0
abgestanden	neg 1.0		neg 0.5754669033878841 off 0.4172545339122241 __DUMMY__ 0.007278562699891785	false	1.0
schmierig	off 1.0		neg 0.566787017151326 off 0.42598239238626523 __DUMMY__ 0.007230590462408642	false	0.5
unpraktisch	neg 1.0		neg 0.5736017486383664 off 0.4191051324770339 __DUMMY__ 0.007293118884599662	false	1.0
wixxer	off 1.0		neg 0.561968296566977 off 0.4308860832787774 __DUMMY__ 0.007145620154245765	false	0.5
bezeichnet			neg 0.578942233569208 off 0.41383204150418235 __DUMMY__ 0.0072257249266095905	false	0.0
jammerlappen	off 1.0		neg 0.5721974616419109 off 0.4205627502399033 __DUMMY__ 0.0072397881181857976	false	0.5
farce	neg 1.0		neg 0.5828190658730856 off 0.4100341398954672 __DUMMY__ 0.007146794231447103	false	1.0
zwecklos	neg 1.0		neg 0.5809129956385499 off 0.4118531855028728 __DUMMY__ 0.007233818858577191	false	1.0
turbulent	neg 1.0		neg 0.5690884163185725 off 0.42371278487294106 __DUMMY__ 0.007198798808486369	false	1.0
invasion	neg 1.0		neg 0.5723011772323583 off 0.42043193997186323 __DUMMY__ 0.007266882795778514	false	1.0
schuld	neg 1.0		neg 0.5764712350304704 off 0.41628610578266323 __DUMMY__ 0.007242659186866438	false	1.0
risiko	neg 1.0		neg 0.5712174821659417 off 0.4214974515018937 __DUMMY__ 0.007285066332164619	false	1.0
finster	neg 1.0		neg 0.5745882232692788 off 0.41811944781827554 __DUMMY__ 0.007292328912445591	false	1.0
geisteskrank	off 1.0		neg 0.5727043542733488 off 0.42011205825728914 __DUMMY__ 0.007183587469362024	false	0.5
zusammenbrechen	neg 1.0		neg 0.5774363792724936 off 0.4152813755292933 __DUMMY__ 0.007282245198213006	false	1.0
ausbeute	neg 1.0		neg 0.5774791519509153 off 0.415214203723636 __DUMMY__ 0.007306644325448774	false	1.0
hinterhalt	neg 1.0		neg 0.5754144153005383 off 0.4173371123846637 __DUMMY__ 0.007248472314798178	false	1.0
kritik	neg 1.0		neg 0.5819693127812912 off 0.4108644911961303 __DUMMY__ 0.007166196022578563	false	1.0
einschrumpfen	neg 1.0		neg 0.5752289681193558 off 0.4175939978793408 __DUMMY__ 0.007177034001303499	false	1.0
riskant	neg 1.0		neg 0.5805759170640036 off 0.4121516730906734 __DUMMY__ 0.007272409845323154	false	1.0
frustrieren	neg 1.0		neg 0.5813792050008388 off 0.41136387237350025 __DUMMY__ 0.007256922625660802	false	1.0
groll	neg 1.0		neg 0.5805111768212773 off 0.4122515055996846 __DUMMY__ 0.007237317579038052	false	1.0
gibt			neg 0.5790607606826582 off 0.41368106229322016 __DUMMY__ 0.007258177024121755	false	0.0
qualvoll	neg 1.0		neg 0.5733161744710367 off 0.41941391218410645 __DUMMY__ 0.007269913344856815	false	1.0
wackeln	neg 1.0		neg 0.5733910413939635 off 0.4192969284189619 __DUMMY__ 0.007312030187074561	false	1.0
klagen	neg 1.0		neg 0.5835250694593932 off 0.4092250333960505 __DUMMY__ 0.007249897144556346	false	1.0
bankrott	neg 1.0		neg 0.570658940639906 off 0.4220810523550719 __DUMMY__ 0.007260007005022207	false	1.0
trauern	neg 1.0		neg 0.5802158673906787 off 0.41251181190211694 __DUMMY__ 0.007272320707204309	false	1.0
ablehnung	neg 1.0	neg 1.0	neg 0.7784943194868885 off 0.21807874722387566 __DUMMY__ 0.0034269332892358003	false	1.0
stur	neg 1.0		neg 0.5757601120617682 off 0.4169920403044225 __DUMMY__ 0.007247847633809315	false	1.0
aufruhr	neg 1.0		neg 0.5787421492058188 off 0.4140683699745281 __DUMMY__ 0.007189480819652983	false	1.0
melancholie	neg 1.0		neg 0.5771931665970575 off 0.4154990389098241 __DUMMY__ 0.0073077944931183	false	1.0
ist			neg 0.5758189908243244 off 0.4169393682904667 __DUMMY__ 0.007241640885208919	false	0.0
torheit	neg 1.0		neg 0.5795126533931771 off 0.41332714423594097 __DUMMY__ 0.0071602023708818695	false	1.0
dreckskind	off 1.0		neg 0.5685976015211339 off 0.424265246892461 __DUMMY__ 0.007137151586405126	false	0.5
umtauschen	neg 1.0		neg 0.5758046603249724 off 0.416908828146803 __DUMMY__ 0.007286511528224572	false	1.0
zum			neg 0.5805537654211448 off 0.41207384569922045 __DUMMY__ 0.0073723888796347736	false	0.0
zersetzen	neg 1.0		neg 0.582576139129379 off 0.41017167757076034 __DUMMY__ 0.007252183299860723	false	1.0
zur			neg 0.5844701200638427 off 0.40823831843977143 __DUMMY__ 0.007291561496385881	false	0.0
frust	neg 1.0		neg 0.5781763392241248 off 0.4145506994116212 __DUMMY__ 0.007272961364254017	false	1.0
unerbittlichkeit	neg 1.0		neg 0.5821691273346786 off 0.41059167042089467 __DUMMY__ 0.0072392022444265755	false	1.0
zwei			neg 0.5800967259288475 off 0.41256375672355877 __DUMMY__ 0.0073395173475938255	false	0.0
unkorrekt	neg 1.0		neg 0.5723989554561154 off 0.42042270212783783 __DUMMY__ 0.007178342416046704	false	1.0
hexe	off 1.0		neg 0.5709369546730022 off 0.42181980822560877 __DUMMY__ 0.007243237101388985	false	0.5
lasch	neg 1.0		neg 0.5749811926180842 off 0.4178073354719079 __DUMMY__ 0.007211471910007857	false	1.0
rivale	neg 1.0		neg 0.5684892401932392 off 0.4243177067843281 __DUMMY__ 0.007193053022432509	false	1.0
mutlos	off 1.0	off 1.0	off 0.6877121661506417 neg 0.3088415280586099 __DUMMY__ 0.0034463057907483893	false	1.0
wirr	off 1.0		neg 0.5704019496383032 off 0.42241850421778115 __DUMMY__ 0.007179546143915781	false	0.5
jahr			neg 0.5785263894648913 off 0.41415848962018664 __DUMMY__ 0.007315120914922048	false	0.0
wird			neg 0.5801399470138235 off 0.4125934198649362 __DUMMY__ 0.007266633121240365	false	0.0
strafbar	neg 1.0		neg 0.58265630915024 off 0.41012502592684763 __DUMMY__ 0.007218664922912283	false	1.0
erosion	neg 1.0		neg 0.5734888463829948 off 0.41922872579814635 __DUMMY__ 0.007282427818858847	false	1.0
eingehen	neg 1.0		neg 0.5809175325226047 off 0.41183960269224335 __DUMMY__ 0.007242864785151959	false	1.0
faul	off 1.0		neg 0.5703511685881597 off 0.4223644851420412 __DUMMY__ 0.007284346269799014	false	0.5
provisorium	neg 1.0		neg 0.5860979185592424 off 0.40655913774866265 __DUMMY__ 0.007342943692094923	false	1.0
schmerzen	neg 1.0		neg 0.576857352182094 off 0.41585983460335474 __DUMMY__ 0.0072828132145511225	false	1.0
schrumpfen	neg 1.0		neg 0.5843433195850937 off 0.4083531682501754 __DUMMY__ 0.007303512164730833	false	1.0
geistlos	off 1.0		neg 0.5783354976402157 off 0.41451744769026 __DUMMY__ 0.0071470546695242615	false	0.5
fehlkauf	neg 1.0		neg 0.5743289592041965 off 0.418443850424721 __DUMMY__ 0.007227190371082448	false	1.0
frustrierend	neg 1.0	neg 1.0	neg 0.7739030039274968 off 0.22263143033839464 __DUMMY__ 0.0034655657341086795	false	1.0
unzufrieden	neg 1.0		neg 0.580027877474496 off 0.4127200502536529 __DUMMY__ 0.007252072271850898	false	1.0
verzweifeln	neg 1.0		neg 0.5771337962024833 off 0.41559690887061257 __DUMMY__ 0.007269294926904121	false	1.0
verzweifelt	neg 1.0		neg 0.5757330563432007 off 0.41701611139082606 __DUMMY__ 0.007250832265973101	false	1.0
misstrauensantrag	neg 1.0		neg 0.5751499504314865 off 0.41764056569001734 __DUMMY__ 0.0072094838784960685	false	1.0
abfallen	neg 1.0		neg 0.5730419187428212 off 0.41964185938278087 __DUMMY__ 0.007316221874398025	false	1.0
fucker	off 1.0		neg 0.5694737819397832 off 0.42332054242195544 __DUMMY__ 0.0072056756382613656	false	0.5
ungezogen	neg 1.0		neg 0.5627300449293285 off 0.43007093409389824 __DUMMY__ 0.007199020976773269	false	1.0
irrsinnig	neg 1.0	neg 1.0	neg 0.7761738712562541 off 0.220372436338264 __DUMMY__ 0.0034536924054818776	false	1.0
unfassbar	neg 1.0		neg 0.5717726740534027 off 0.4209916106621797 __DUMMY__ 0.0072357152844175765	false	1.0
hart	neg 1.0		neg 0.5724730700378984 off 0.4203184554355797 __DUMMY__ 0.007208474526522045	false	1.0
widerlich	off 1.0		neg 0.571760303987309 off 0.4210271863376772 __DUMMY__ 0.007212509675013806	false	0.5
fatal	neg 1.0		neg 0.5741907004847839 off 0.41857542102198153 __DUMMY__ 0.007233878493234651	false	1.0
bruch	neg 1.0		neg 0.5851562207142106 off 0.407616154460407 __DUMMY__ 0.007227624825382358	false	1.0
aushungern	neg 1.0		neg 0.5790807161663036 off 0.4137269155385967 __DUMMY__ 0.007192368295099581	false	1.0
anspannung	neg 1.0		neg 0.5823020774902635 off 0.41038383730887035 __DUMMY__ 0.007314085200866037	false	1.0
von			neg 0.579487934587208 off 0.41319449991593976 __DUMMY__ 0.007317565496852231	false	0.0
kraftlos	neg 1.0		neg 0.5773278148688136 off 0.4153545054565491 __DUMMY__ 0.0073176796746372876	false	1.0
vom			neg 0.5838260824856029 off 0.408813055869737 __DUMMY__ 0.007360861644660236	false	0.0
grenzdebil	off 1.0		neg 0.5698067847082281 off 0.4229446670872671 __DUMMY__ 0.007248548204504886	false	0.5
vor			neg 0.5815646340651027 off 0.4111322955978586 __DUMMY__ 0.007303070337038845	false	0.0
unterwerfen	neg 1.0		neg 0.5813532243836295 off 0.41140546840436354 __DUMMY__ 0.007241307212006904	false	1.0
versenkung	neg 1.0		neg 0.581013774590845 off 0.4117240439294697 __DUMMY__ 0.00726218147968517	false	1.0
entziehen	neg 1.0		neg 0.5836629164684427 off 0.409076380493084 __DUMMY__ 0.007260703038473426	false	1.0
finanzkrise	neg 1.0		neg 0.579938476179482 off 0.41287995273481565 __DUMMY__ 0.007181571085702389	false	1.0
schimpfend	neg 1.0		neg 0.5714050758060739 off 0.42126570274398056 __DUMMY__ 0.007329221449945379	false	1.0
profan	neg 1.0		neg 0.5746878640726233 off 0.4180640146641812 __DUMMY__ 0.007248121263195346	false	1.0
korruption	neg 1.0		neg 0.5818642747567547 off 0.4109459566736211 __DUMMY__ 0.0071897685696240545	false	1.0
â			neg 0.5780720833408559 off 0.41464658123778114 __DUMMY__ 0.007281335421362956	false	0.0
schmutzig	neg 1.0		neg 0.568942886151997 off 0.4237765458434935 __DUMMY__ 0.0072805680045096586	false	1.0
sexy	neg 1.0		neg 0.571860896489282 off 0.42088999460626386 __DUMMY__ 0.007249108904454279	false	1.0
abraten	neg 1.0		neg 0.574371272320529 off 0.4183528615245616 __DUMMY__ 0.007275866154909361	false	1.0
schwarz	neg 1.0		neg 0.5749558829268253 off 0.41780436534255555 __DUMMY__ 0.007239751730619173	false	1.0
fotze	off 1.0		neg 0.5790552711019386 off 0.4137096042359476 __DUMMY__ 0.007235124662113848	false	0.5
verwirren	neg 1.0		neg 0.5736310868481506 off 0.4191193091389522 __DUMMY__ 0.007249604012897302	false	1.0
zahnlos	off 1.0		neg 0.5805310462676664 off 0.4122363169512907 __DUMMY__ 0.007232636781043128	false	0.5
verheeren	neg 1.0		neg 0.5626630427296415 off 0.43019260510246016 __DUMMY__ 0.007144352167898456	false	1.0
hippie	neg 1.0		neg 0.5724386617854459 off 0.4203187571145104 __DUMMY__ 0.007242581100043827	false	1.0
rammen	neg 1.0		neg 0.5728382824014598 off 0.41990189171970044 __DUMMY__ 0.00725982587883974	false	1.0
unlauter	neg 1.0	neg 1.0	neg 0.7752850636798779 off 0.2212707991635411 __DUMMY__ 0.0034441371565809022	false	1.0
unheilvoll	neg 1.0		neg 0.5736499000688229 off 0.4190795310668403 __DUMMY__ 0.00727056886433684	false	1.0
niedrig	neg 1.0		neg 0.5799594016055253 off 0.4127919317145723 __DUMMY__ 0.007248666679902533	false	1.0
explosion	neg 1.0		neg 0.5722059997448655 off 0.4205332601701121 __DUMMY__ 0.0072607400850224005	false	1.0
weichei	off 1.0		neg 0.5659394530859168 off 0.4268594882277472 __DUMMY__ 0.007201058686335908	false	0.5
minusmensch	off 1.0		neg 0.564021760919773 off 0.4288572254447949 __DUMMY__ 0.007121013635432187	false	0.5
farblos	neg 1.0		neg 0.5758492791771891 off 0.4169106517853235 __DUMMY__ 0.007240069037487285	false	1.0
unwissend	neg 1.0	neg 1.0	neg 0.7737613439058354 off 0.2227922493022176 __DUMMY__ 0.003446406791946995	false	1.0
traurig	neg 1.0		neg 0.5681897010666078 off 0.4245701503247552 __DUMMY__ 0.007240148608637047	false	1.0
senkung	neg 1.0		neg 0.5739306708585231 off 0.4188439697906426 __DUMMY__ 0.007225359350834264	false	1.0
ungleich	neg 1.0	neg 1.0	neg 0.7789500905576711 off 0.21759761862238128 __DUMMY__ 0.0034522908199476738	false	1.0
heikel	neg 1.0		neg 0.5822419924435199 off 0.4104972859184077 __DUMMY__ 0.0072607216380724355	false	1.0
drosselung	neg 1.0		neg 0.567198592657096 off 0.4255529453828004 __DUMMY__ 0.007248461960103655	false	1.0
falsch	neg 1.0		neg 0.5728832078225158 off 0.4198770273241749 __DUMMY__ 0.007239764853309284	false	1.0
unzufriedenheit	neg 1.0		neg 0.5828344456923513 off 0.40991322690088766 __DUMMY__ 0.007252327406760954	false	1.0
kurz	neg 1.0		neg 0.5763045222371541 off 0.4163854553073819 __DUMMY__ 0.0073100224554638795	false	1.0
unsinnig	neg 1.0		neg 0.5797286997566157 off 0.41302594358247935 __DUMMY__ 0.007245356660904931	false	1.0
penner	off 1.0	off 1.0	off 0.6975537639783574 neg 0.2990065375849192 __DUMMY__ 0.0034396984367233807	false	1.0
seicht	neg 1.0		neg 0.5652733130923477 off 0.42757352456199793 __DUMMY__ 0.007153162345654316	false	1.0
dummheit	off 1.0	off 1.0	off 0.6911396943156641 neg 0.3054172785844994 __DUMMY__ 0.003443027099836414	false	1.0
unerfreulich	neg 1.0		neg 0.5823496356007777 off 0.41037619847806756 __DUMMY__ 0.007274165921154784	false	1.0
motherfucker	off 1.0	off 1.0	off 0.6945433124124838 neg 0.30201634510502756 __DUMMY__ 0.0034403424824887177	false	1.0
pikiert	neg 1.0		neg 0.5729589929378809 off 0.41982208350760103 __DUMMY__ 0.007218923554518025	false	1.0
wrack	neg 1.0		neg 0.577228552176661 off 0.4154815618202044 __DUMMY__ 0.007289886003134501	false	1.0
gangster	neg 1.0		neg 0.5733578358120753 off 0.4193988203761701 __DUMMY__ 0.007243343811754629	false	1.0
krank	neg 1.0		neg 0.5690042184259656 off 0.4237271843660462 __DUMMY__ 0.007268597207988312	false	1.0
reich	neg 1.0		neg 0.5755136021749778 off 0.4173581483649149 __DUMMY__ 0.007128249460107155	false	1.0
gnadenlos	neg 1.0		neg 0.5758891618858425 off 0.4168593960169971 __DUMMY__ 0.007251442097160222	false	1.0
niedergeschlagen	neg 1.0		neg 0.5777379615081406 off 0.4149883298361097 __DUMMY__ 0.007273708655749739	false	1.0
terrorisieren	off 1.0	off 1.0	off 0.688715024567373 neg 0.30781142774482395 __DUMMY__ 0.0034735476878029934	false	1.0
sinnlosigkeit	neg 1.0		neg 0.5803274977752071 off 0.4124362771645334 __DUMMY__ 0.007236225060259395	false	1.0
behindern	neg 1.0		neg 0.5754878146812789 off 0.4172284450274697 __DUMMY__ 0.007283740291251308	false	1.0
undemokratisch	neg 1.0		neg 0.5785300489371739 off 0.41429674146074014 __DUMMY__ 0.007173209602085979	false	1.0
wirtschaftskrise	neg 1.0		neg 0.5809516174689047 off 0.41183788104199603 __DUMMY__ 0.007210501489099286	false	1.0
neid	neg 1.0		neg 0.5717469792836176 off 0.4209779509893945 __DUMMY__ 0.007275069726987771	false	1.0
rutschen	neg 1.0		neg 0.5801602412804495 off 0.41246280048758033 __DUMMY__ 0.00737695823197016	false	1.0
rezession	neg 1.0		neg 0.5695839112783637 off 0.4232631315785295 __DUMMY__ 0.007152957143106895	false	1.0
fehlgeburt	neg 1.0		neg 0.5762302536066713 off 0.41652546490679315 __DUMMY__ 0.007244281486535524	false	1.0
charakterschwach	off 1.0		neg 0.5718155037120544 off 0.42096886772282255 __DUMMY__ 0.007215628565123067	false	0.5
isolation	neg 1.0		neg 0.5707502960484193 off 0.4220024203022073 __DUMMY__ 0.007247283649373537	false	1.0
ablenkung	neg 1.0		neg 0.5754870842669452 off 0.4172341541366534 __DUMMY__ 0.007278761596401442	false	1.0
pech	neg 1.0		neg 0.573346058494841 off 0.4194043498097284 __DUMMY__ 0.007249591695430521	false	1.0
vermeidung	neg 1.0		neg 0.5683528539481131 off 0.42439093432518005 __DUMMY__ 0.007256211726706801	false	1.0
dominieren	neg 1.0		neg 0.5781611539933389 off 0.41458662965355325 __DUMMY__ 0.007252216353108046	false	1.0
schwindlig	neg 1.0		neg 0.5718861111757789 off 0.4208239006392483 __DUMMY__ 0.007289988184972758	false	1.0
lutscher	neg 1.0		neg 0.5639334792213512 off 0.4289079146298086 __DUMMY__ 0.007158606148840132	false	1.0
pflicht	neg 1.0		neg 0.5827078197949377 off 0.41003677626468443 __DUMMY__ 0.007255403940377951	false	1.0
faschist	off 1.0		neg 0.5776768919533671 off 0.41515667421754643 __DUMMY__ 0.007166433829086417	false	0.5
verschleudern	neg 1.0		neg 0.5813051001151386 off 0.4114765098808933 __DUMMY__ 0.007218390003967958	false	1.0
wenn			neg 0.5725588942897636 off 0.4201941055251931 __DUMMY__ 0.0072470001850431795	false	0.0
ehebruch	neg 1.0		neg 0.5815509950541453 off 0.41122283657662523 __DUMMY__ 0.007226168369229457	false	1.0
spott	off 1.0		neg 0.5821864149037713 off 0.41058431140886636 __DUMMY__ 0.007229273687362443	false	0.5
trostlosigkeit	neg 1.0		neg 0.5848770840271249 off 0.4079214021237296 __DUMMY__ 0.007201513849145602	false	1.0
lutschen	neg 1.0		neg 0.5730566293413504 off 0.41973584734722064 __DUMMY__ 0.007207523311428944	false	1.0
undiszipliniert	neg 1.0		neg 0.5693039080397159 off 0.4234653447787609 __DUMMY__ 0.007230747181523206	false	1.0
kopfschmerz	neg 1.0		neg 0.5771854854096525 off 0.4155545444176418 __DUMMY__ 0.007259970172705724	false	1.0
unvorhergesehen	neg 1.0		neg 0.5761210419928782 off 0.4165597224939428 __DUMMY__ 0.007319235513179056	false	1.0
desinteressiert	neg 1.0		neg 0.5705701999027357 off 0.4222183335745085 __DUMMY__ 0.007211466522755656	false	1.0
armselig	off 1.0		neg 0.5700792345585808 off 0.42272419744566875 __DUMMY__ 0.007196567995750467	false	0.5
desaster	neg 1.0		neg 0.5852735161703738 off 0.40749327599762986 __DUMMY__ 0.00723320783199621	false	1.0
tod	neg 1.0		neg 0.5825131640742598 off 0.41027954614167683 __DUMMY__ 0.007207289784063295	false	1.0
herzlos	neg 1.0		neg 0.567662033514542 off 0.4251047534338473 __DUMMY__ 0.007233213051610625	false	1.0
unwissenheit	neg 1.0		neg 0.5811253901023825 off 0.41165468990935444 __DUMMY__ 0.00721991998826297	false	1.0
widersinnig	neg 1.0		neg 0.5814414973678327 off 0.4113795448456333 __DUMMY__ 0.007178957786533957	false	1.0
bedenklich	neg 1.0		neg 0.581329162642442 off 0.4114166923884286 __DUMMY__ 0.0072541449691294465	false	1.0
beanstanden	neg 1.0		neg 0.5828587266047359 off 0.4098805227444051 __DUMMY__ 0.007260750650858814	false	1.0
panisch	neg 1.0	neg 1.0	neg 0.7731939085740964 off 0.22330476494772308 __DUMMY__ 0.003501326478180488	false	1.0
debil	off 1.0		neg 0.5852961186779396 off 0.4074279465070259 __DUMMY__ 0.007275934815034487	false	0.5
abstrich	neg 1.0		neg 0.5739375529377765 off 0.4187595662014801 __DUMMY__ 0.007302880860743461	false	1.0
primitiv	neg 1.0		neg 0.5712897168618287 off 0.42150196157746206 __DUMMY__ 0.007208321560709377	false	1.0
abschaum	off 1.0	off 1.0	off 0.692410627488857 neg 0.3041526787345738 __DUMMY__ 0.0034366937765692726	false	1.0
provozieren	neg 1.0		neg 0.577774300713019 off 0.41500041429050943 __DUMMY__ 0.007225284996471572	false	1.0
tot	neg 1.0		neg 0.5786227059689317 off 0.4141458451203674 __DUMMY__ 0.0072314489107010065	false	1.0
instabil	neg 1.0		neg 0.5700164237353681 off 0.4228181739524759 __DUMMY__ 0.007165402312155831	false	1.0
schwuchtel	off 1.0		neg 0.559928722510948 off 0.4329623315306813 __DUMMY__ 0.007108945958370692	false	0.5
zerren	neg 1.0		neg 0.5776714504469075 off 0.4150502114268989 __DUMMY__ 0.007278338126193678	false	1.0
kinderficker	off 1.0		neg 0.5681250880215271 off 0.42469714309768936 __DUMMY__ 0.007177768880783706	false	0.5
gefahr	neg 1.0		neg 0.5814775879346182 off 0.41128779546523975 __DUMMY__ 0.007234616600142096	false	1.0
rabiat	neg 1.0		neg 0.5768534894810177 off 0.41589322013903857 __DUMMY__ 0.00725329037994368	false	1.0
verlangsamung	neg 1.0		neg 0.5658414099223599 off 0.4270102309781834 __DUMMY__ 0.007148359099456608	false	1.0
ausgestorben	neg 1.0		neg 0.5778236425230788 off 0.41490440966505376 __DUMMY__ 0.007271947811867489	false	1.0
anklagen	neg 1.0		neg 0.578883283798693 off 0.4139005272384467 __DUMMY__ 0.007216188962860347	false	1.0
trott	neg 1.0		neg 0.5759208054413317 off 0.41680842421596176 __DUMMY__ 0.0072707703427064355	false	1.0
verminderung	neg 1.0		neg 0.5686712629969025 off 0.42410114420348843 __DUMMY__ 0.007227592799609095	false	1.0
nach			neg 0.5819842140956629 off 0.4106727799893391 __DUMMY__ 0.007343005914998104	false	0.0
rost	neg 1.0		neg 0.5639157421690214 off 0.42890313667965796 __DUMMY__ 0.007181121151320729	false	1.0
destruktiv	neg 1.0		neg 0.5797353577433468 off 0.4130518340161765 __DUMMY__ 0.007212808240476637	false	1.0
unzumutbarkeit	neg 1.0		neg 0.5687207044226738 off 0.42403298802824113 __DUMMY__ 0.007246307549085121	false	1.0
labil	off 1.0	off 1.0	off 0.6933538448573281 neg 0.30320364840193265 __DUMMY__ 0.003442506740739245	false	1.0
ziemlich	neg 1.0		neg 0.5706984730562751 off 0.42205851261623745 __DUMMY__ 0.007243014327487538	false	1.0
lachnummer	off 1.0		neg 0.5794948281284676 off 0.4132874237023227 __DUMMY__ 0.00721774816920959	false	0.5
oder			neg 0.5755101646919741 off 0.41720342720554854 __DUMMY__ 0.007286408102477408	false	0.0
verfall	neg 1.0		neg 0.5855251692053653 off 0.4071967970239896 __DUMMY__ 0.007278033770645197	false	1.0
ausgrenzung	neg 1.0		neg 0.5776716052139254 off 0.4151545977035022 __DUMMY__ 0.007173797082572338	false	1.0
unordnung	neg 1.0		neg 0.568247255845445 off 0.42456916669872485 __DUMMY__ 0.0071835774558302295	false	1.0
fehlverhalten	neg 1.0		neg 0.5823064659416451 off 0.4104599018321699 __DUMMY__ 0.007233632226185042	false	1.0
eine			neg 0.5817531439135335 off 0.4109558711978098 __DUMMY__ 0.007290984888656665	false	0.0
nille	neg 1.0		neg 0.5781620767910309 off 0.4146239584144277 __DUMMY__ 0.00721396479454137	false	1.0
qual	neg 1.0		neg 0.5761882852150968 off 0.4165448302744712 __DUMMY__ 0.007266884510432027	false	1.0
verschwenden	neg 1.0		neg 0.5808361267664833 off 0.4119016688587438 __DUMMY__ 0.007262204374772866	false	1.0
riesig	neg 1.0		neg 0.5773132110939647 off 0.41542489511336417 __DUMMY__ 0.007261893792671076	false	1.0
verurteilen	neg 1.0		neg 0.5811080123724726 off 0.4116776715574708 __DUMMY__ 0.0072143160700565475	false	1.0
klischee	neg 1.0	neg 1.0	neg 0.775078880523542 off 0.2214813085599786 __DUMMY__ 0.003439810916479385	false	1.0
diktatorisch	neg 1.0		neg 0.5797300059122432 off 0.41312009062384664 __DUMMY__ 0.007149903463910064	false	1.0
vorhersehbar	neg 1.0		neg 0.5767517711035147 off 0.4160458477196962 __DUMMY__ 0.007202381176788945	false	1.0
sowie			neg 0.5671352492369236 off 0.42570515526351055 __DUMMY__ 0.007159595499565916	false	0.0
stornieren	neg 1.0		neg 0.572244367800388 off 0.4204761344857668 __DUMMY__ 0.007279497713845105	false	1.0
besteuerung	neg 1.0		neg 0.5761926561484974 off 0.4165833159081848 __DUMMY__ 0.007224027943317918	false	1.0
ungeschminkt	neg 1.0		neg 0.5707842531472664 off 0.4219941444161852 __DUMMY__ 0.0072216024365484585	false	1.0
kritisch	neg 1.0		neg 0.5820316142010538 off 0.4107368723921601 __DUMMY__ 0.00723151340678611	false	1.0
schlamperei	off 1.0		neg 0.5812095950007192 off 0.41156028535788397 __DUMMY__ 0.00723011964139682	false	0.5
sucht	neg 1.0	neg 1.0	neg 0.7723905428230956 off 0.22410667680916427 __DUMMY__ 0.0035027803677401092	false	1.0
egoistisch	off 1.0		neg 0.5660591983941143 off 0.42673665671304367 __DUMMY__ 0.0072041448928420624	false	0.5
ausbeuter	off 1.0		neg 0.5833703065332636 off 0.40940988063120637 __DUMMY__ 0.007219812835529989	false	0.5
arschgeburt	off 1.0		neg 0.560111778342412 off 0.43277941256305796 __DUMMY__ 0.007108809094529917	false	0.5
schubs	neg 1.0	neg 1.0	neg 0.7761473017674645 off 0.2203569319693842 __DUMMY__ 0.0034957662631513076	false	1.0
unsolide	neg 1.0		neg 0.5767544279831484 off 0.4161211256905733 __DUMMY__ 0.007124446326278328	false	1.0
beschwerde	neg 1.0		neg 0.5802372234226754 off 0.412531844677193 __DUMMY__ 0.007230931900131638	false	1.0
stocken	neg 1.0		neg 0.5792300638492712 off 0.4135040507866325 __DUMMY__ 0.007265885364096172	false	1.0
isolieren	neg 1.0		neg 0.5759721013364892 off 0.41674082265318785 __DUMMY__ 0.007287076010322894	false	1.0
unheilbar	neg 1.0		neg 0.576905020128384 off 0.41585875127606026 __DUMMY__ 0.007236228595555737	false	1.0
pisser	off 1.0		neg 0.5692153255984429 off 0.4236021024185336 __DUMMY__ 0.007182571983023498	false	0.5
löschen	neg 1.0		neg 0.5756880907475541 off 0.417068742866621 __DUMMY__ 0.0072431663858249515	false	1.0
durchfallen	neg 1.0		neg 0.580440958066733 off 0.4123002710746263 __DUMMY__ 0.007258770858640862	false	1.0
wichser	off 1.0		neg 0.5619980433869602 off 0.4308306190447114 __DUMMY__ 0.007171337568328352	false	0.5
terror	neg 1.0		neg 0.571169982670346 off 0.42155721845902566 __DUMMY__ 0.007272798870628441	false	1.0
krass	neg 1.0		neg 0.5678457307852073 off 0.4249380838179355 __DUMMY__ 0.0072161853968571756	false	1.0
revolte	neg 1.0	neg 1.0	neg 0.776394315978376 off 0.220199459738255 __DUMMY__ 0.0034062242833690494	false	1.0
besorgt	neg 1.0		neg 0.5755625118052075 off 0.41711426644816596 __DUMMY__ 0.007323221746626565	false	1.0
nachlassen	neg 1.0		neg 0.578042457184905 off 0.41467834164706374 __DUMMY__ 0.007279201168031359	false	1.0
alt	neg 1.0		neg 0.5784740664187056 off 0.4142135537586564 __DUMMY__ 0.007312379822637879	false	1.0
hundesohn	off 1.0		neg 0.5643621128276488 off 0.42850024183549784 __DUMMY__ 0.007137645336853439	false	0.5
als			neg 0.5784021482055026 off 0.41431504142254216 __DUMMY__ 0.007282810371955231	false	0.0
abschreckung	neg 1.0		neg 0.5832490421177651 off 0.4095053323497802 __DUMMY__ 0.007245625532454624	false	1.0
unqualifiziert	neg 1.0		neg 0.5758025681241192 off 0.41698458098525626 __DUMMY__ 0.007212850890624412	false	1.0
abgewichst	off 1.0		neg 0.5781414173117697 off 0.4146171509932801 __DUMMY__ 0.007241431694950204	false	0.5
schwer	neg 1.0		neg 0.5768244570053219 off 0.4159054553552064 __DUMMY__ 0.007270087639471636	false	1.0
bedeutungslosigkeit	neg 1.0		neg 0.5830186061970066 off 0.40974627803423647 __DUMMY__ 0.0072351157687567435	false	1.0
kapitulation	neg 1.0		neg 0.5832437902990473 off 0.40958193623530337 __DUMMY__ 0.00717427346564941	false	1.0
unscharf	neg 1.0		neg 0.5735084716989908 off 0.4192483159713154 __DUMMY__ 0.007243212329693906	false	1.0
schwinden	neg 1.0		neg 0.581306707909936 off 0.4114309089142672 __DUMMY__ 0.007262383175796755	false	1.0
versklavung	neg 1.0	neg 1.0	neg 0.7770624344209854 off 0.2195147355077958 __DUMMY__ 0.003422830071218676	false	1.0
schlecht	neg 1.0		neg 0.5700200051590691 off 0.42273030067734185 __DUMMY__ 0.007249694163588983	false	1.0
verhasst	neg 1.0		neg 0.5781540032156552 off 0.4146305990178839 __DUMMY__ 0.00721539776646091	false	1.0
beschweren	neg 1.0		neg 0.5747098354557685 off 0.4180291595306448 __DUMMY__ 0.007261005013586907	false	1.0
scheiden	neg 1.0		neg 0.5770631092319172 off 0.4156758439187687 __DUMMY__ 0.007261046849314174	false	1.0
frustriert	neg 1.0		neg 0.5783502679331075 off 0.41438835997297163 __DUMMY__ 0.0072613720939208514	false	1.0
schimmelig	neg 1.0		neg 0.5803920484876772 off 0.41235794551449173 __DUMMY__ 0.007250005997830916	false	1.0
fisch	neg 1.0	neg 1.0	neg 0.7760493280900873 off 0.22045404252823544 __DUMMY__ 0.0034966293816772694	false	1.0
schmuggel	neg 1.0		neg 0.5800385391283099 off 0.41266145553120653 __DUMMY__ 0.007300005340483441	false	1.0
auffallen	neg 1.0		neg 0.5744493219213405 off 0.4182973564387833 __DUMMY__ 0.0072533216398761365	false	1.0
konkurrenz	neg 1.0		neg 0.5813985576304178 off 0.4113078890540696 __DUMMY__ 0.0072935533155123935	false	1.0
teufelskreis	neg 1.0		neg 0.5789054277680569 off 0.4138525307971149 __DUMMY__ 0.007242041434828118	false	1.0
aufschreien	neg 1.0		neg 0.5759651804797528 off 0.41681451728668173 __DUMMY__ 0.007220302233565517	false	1.0
schuldner	neg 1.0		neg 0.5822384208890609 off 0.41053729648135606 __DUMMY__ 0.007224282629583065	false	1.0
missgeburt	off 1.0	off 1.0	off 0.6962881839218513 neg 0.300289459844141 __DUMMY__ 0.0034223562340075088	false	1.0
arbeitslos	neg 1.0		neg 0.5800755960260361 off 0.4126821568818612 __DUMMY__ 0.007242247092102735	false	1.0
befallen	neg 1.0		neg 0.5819830940118849 off 0.4108279217911172 __DUMMY__ 0.007188984196998071	false	1.0
miesepetrig	off 1.0		neg 0.5700334003747621 off 0.4227099995551211 __DUMMY__ 0.007256600070116649	false	0.5
alarmieren	neg 1.0		neg 0.5729664782547258 off 0.4198329074616041 __DUMMY__ 0.007200614283669891	false	1.0
ungeduscht	off 1.0		neg 0.5731308554664964 off 0.4196204668824794 __DUMMY__ 0.007248677651024376	false	0.5
knappheit	neg 1.0		neg 0.5794330401864631 off 0.41332472819002747 __DUMMY__ 0.007242231623509288	false	1.0
schlange	neg 1.0		neg 0.5738837095695642 off 0.4188330655667155 __DUMMY__ 0.007283224863720242	false	1.0
harsch	neg 1.0		neg 0.5636725202345018 off 0.42909875877047426 __DUMMY__ 0.007228720995023921	false	1.0
lang	neg 1.0		neg 0.5751503200643372 off 0.4175962460467685 __DUMMY__ 0.0072534338888943835	false	1.0
ziellos	neg 1.0		neg 0.5793406834109285 off 0.4133863605454617 __DUMMY__ 0.007272956043609931	false	1.0
selbstverliebt	neg 1.0		neg 0.5628144700704983 off 0.43006341068052567 __DUMMY__ 0.007122119248975945	false	1.0
beseitigen	neg 1.0		neg 0.5735010847479255 off 0.4192061255606966 __DUMMY__ 0.007292789691377922	false	1.0
dumm	off 1.0		neg 0.5659763338046649 off 0.42683686570687235 __DUMMY__ 0.007186800488462809	false	0.5
arbeitsloser	neg 1.0		neg 0.580779391677452 off 0.4119725830323096 __DUMMY__ 0.007248025290238472	false	1.0
blitzen	neg 1.0		neg 0.5733095413102028 off 0.4194625510660471 __DUMMY__ 0.007227907623750184	false	1.0
hilflos	neg 1.0		neg 0.5785542121136323 off 0.4141797639661356 __DUMMY__ 0.007266023920232004	false	1.0
eklig	off 1.0		neg 0.5655823233458204 off 0.427247330009233 __DUMMY__ 0.007170346644946536	false	0.5
begriff			neg 0.5789857598763862 off 0.4137685228162394 __DUMMY__ 0.007245717307374448	false	0.0
hungersnot	neg 1.0		neg 0.5806820820062664 off 0.41214985242961205 __DUMMY__ 0.007168065564121643	false	1.0
ungesetzlich	neg 1.0		neg 0.577601000818278 off 0.41523584677832925 __DUMMY__ 0.007163152403392777	false	1.0
verschwendung	neg 1.0		neg 0.5817659550954227 off 0.41096962727071856 __DUMMY__ 0.007264417633858802	false	1.0
schmerzvoll	neg 1.0		neg 0.5748270385292336 off 0.4179140359343048 __DUMMY__ 0.007258925536461706	false	1.0
vorzeitig	neg 1.0		neg 0.5705195931706478 off 0.42224013018191037 __DUMMY__ 0.007240276647441771	false	1.0
unvollkommenheit	neg 1.0		neg 0.576570729098647 off 0.4161798314274181 __DUMMY__ 0.00724943947393485	false	1.0
intervenieren	neg 1.0		neg 0.5833029039081175 off 0.4094867258791105 __DUMMY__ 0.007210370212772061	false	1.0
banause	off 1.0		neg 0.5643918389295771 off 0.4284509255798838 __DUMMY__ 0.007157235490539201	false	0.5
rebell	neg 1.0		neg 0.5814738648945941 off 0.4112398434373991 __DUMMY__ 0.007286291668006975	false	1.0
unlogisch	neg 1.0		neg 0.5693751533452217 off 0.4234196917358666 __DUMMY__ 0.007205154918911715	false	1.0
leiden	neg 1.0	neg 1.0	neg 0.7762391197851087 off 0.22022888058387155 __DUMMY__ 0.00353199963101975	false	1.0
abschaffung	neg 1.0		neg 0.5772825190295798 off 0.41550774913378746 __DUMMY__ 0.00720973183663259	false	1.0
sturz	neg 1.0		neg 0.5769675742327393 off 0.4158311392570139 __DUMMY__ 0.00720128651024689	false	1.0
verkleinerung	neg 1.0		neg 0.5747602027854384 off 0.4180578875543454 __DUMMY__ 0.007181909660216187	false	1.0
schmarotzer	off 1.0		neg 0.5814553204262614 off 0.41132157101663375 __DUMMY__ 0.0072231085571047675	false	0.5
bestrafung	neg 1.0		neg 0.5763285223149572 off 0.41643729075286173 __DUMMY__ 0.007234186932181079	false	1.0
achtlos	neg 1.0		neg 0.5762239969394559 off 0.41649329031403143 __DUMMY__ 0.007282712746512611	false	1.0
ungeheuer	neg 1.0		neg 0.5749425727373522 off 0.41782353201578826 __DUMMY__ 0.007233895246859542	false	1.0
