unsolidarisch	neg 1.0		neg 0.5448349396862648 off 0.3866381949366411 __DUMMY__ 0.06852686537709421	false	1.0
nachteilig	neg 1.0		neg 0.5437357168280073 off 0.3867751983978694 __DUMMY__ 0.06948908477412336	false	1.0
skeptisch	neg 1.0		neg 0.5458519510102997 off 0.38442090099590465 __DUMMY__ 0.06972714799379573	false	1.0
schrecklich	neg 1.0		neg 0.5319637418314348 off 0.3988612349179372 __DUMMY__ 0.06917502325062794	false	1.0
schlapp	neg 1.0		neg 0.5343881300199392 off 0.39591414656441504 __DUMMY__ 0.06969772341564569	false	1.0
abfall	neg 1.0		neg 0.5474501798964313 off 0.38274763011471313 __DUMMY__ 0.0698021899888554	false	1.0
widerspenstig	neg 1.0		neg 0.5390934444464952 off 0.3910340773611675 __DUMMY__ 0.06987247819233726	false	1.0
abrupt	neg 1.0		neg 0.5403675054409686 off 0.38967692934085996 __DUMMY__ 0.06995556521817155	false	1.0
unwirksam	neg 1.0		neg 0.5425731424707004 off 0.3885565506819758 __DUMMY__ 0.06887030684732387	false	1.0
angreifen	neg 1.0		neg 0.5453708117389809 off 0.3851229371944156 __DUMMY__ 0.06950625106660352	false	1.0
inkonsistent	neg 1.0		neg 0.5389501769281805 off 0.39179681819900025 __DUMMY__ 0.06925300487281923	false	1.0
abrutschen	neg 1.0		neg 0.5465386090908131 off 0.3835135648670528 __DUMMY__ 0.06994782604213402	false	1.0
unsicher	neg 1.0		neg 0.5399288127528206 off 0.390388456971044 __DUMMY__ 0.06968273027613531	false	1.0
bauernkind	off 1.0		neg 0.5308396739617827 off 0.40060629559456523 __DUMMY__ 0.06855403044365226	false	0.5
angreifer	neg 1.0		neg 0.5388338359967623 off 0.39211288223817925 __DUMMY__ 0.06905328176505852	false	1.0
trennen	neg 1.0		neg 0.5425343580083617 off 0.38726400121819277 __DUMMY__ 0.07020164077344562	false	1.0
schmutz	neg 1.0		neg 0.531003347646757 off 0.3988896259812661 __DUMMY__ 0.07010702637197684	false	1.0
inkonsistenz	neg 1.0	neg 1.0	neg 0.7575856597445556 off 0.20932604427482726 __DUMMY__ 0.03308829598061723	false	1.0
erschreckend	neg 1.0		neg 0.5426659613038497 off 0.38790248866741495 __DUMMY__ 0.06943155002873534	false	1.0
ertrinken	neg 1.0		neg 0.5425793520539486 off 0.3875034840712608 __DUMMY__ 0.06991716387479067	false	1.0
pickelface	off 1.0		neg 0.5405173836803995 off 0.3902207489705593 __DUMMY__ 0.06926186734904131	false	0.5
seiner			neg 0.5447407870432722 off 0.38558866678507586 __DUMMY__ 0.06967054617165185	false	0.0
lauch	neg 1.0		neg 0.5457334387603043 off 0.3844874327057748 __DUMMY__ 0.06977912853392085	false	1.0
unwichtig	neg 1.0		neg 0.5365051764117006 off 0.39420449587834305 __DUMMY__ 0.06929032770995629	false	1.0
steuerhinterziehung	neg 1.0		neg 0.5441514732978873 off 0.3869185868452679 __DUMMY__ 0.06892993985684476	false	1.0
schock	neg 1.0		neg 0.5402073993538326 off 0.3897953046325873 __DUMMY__ 0.0699972960135801	false	1.0
beule	neg 1.0		neg 0.5330455580521081 off 0.3973231087509774 __DUMMY__ 0.06963133319691443	false	1.0
vergelten	neg 1.0		neg 0.5321002417670219 off 0.3991193330584204 __DUMMY__ 0.06878042517455774	false	1.0
verdorbenheit	neg 1.0		neg 0.5367226963046376 off 0.3933743451331305 __DUMMY__ 0.06990295856223185	false	1.0
trauma	neg 1.0		neg 0.5386704127585387 off 0.3918757125844889 __DUMMY__ 0.0694538746569725	false	1.0
sinnlos	neg 1.0		neg 0.5384645211796436 off 0.39207814641156913 __DUMMY__ 0.0694573324087872	false	1.0
fettsack	off 1.0	off 1.0	off 0.6836125441160911 neg 0.2834749365562242 __DUMMY__ 0.03291251932768483	false	1.0
feige	off 1.0		neg 0.5380115056103492 off 0.39291244993566465 __DUMMY__ 0.06907604445398609	false	0.5
abdanken	neg 1.0		neg 0.5454822500204377 off 0.38586889027576665 __DUMMY__ 0.06864885970379571	false	1.0
wichtigtuer	off 1.0	off 1.0	off 0.6783953506177612 neg 0.28851462212319345 __DUMMY__ 0.03309002725904531	false	1.0
misslingen	neg 1.0		neg 0.5359663942915796 off 0.3941322417432234 __DUMMY__ 0.06990136396519693	false	1.0
untreu	off 1.0		neg 0.5352625824774567 off 0.3953967105375292 __DUMMY__ 0.06934070698501402	false	0.5
missmutig	neg 1.0		neg 0.535398685743432 off 0.3949528301960456 __DUMMY__ 0.06964848406052244	false	1.0
hurenbock	off 1.0		neg 0.5360195539742879 off 0.39399222168559783 __DUMMY__ 0.06998822434011437	false	0.5
betrunken	neg 1.0		neg 0.5326066636542534 off 0.39789018990007324 __DUMMY__ 0.06950314644567336	false	1.0
korrupt	off 1.0		neg 0.5463915394293059 off 0.38476810202183026 __DUMMY__ 0.06884035854886396	false	0.5
unmut	neg 1.0		neg 0.5470978712350497 off 0.3832251138992153 __DUMMY__ 0.06967701486573495	false	1.0
hackfresse	off 1.0		neg 0.5288659326867143 off 0.402159818841658 __DUMMY__ 0.06897424847162763	false	0.5
aufblasen	neg 1.0		neg 0.5375597305682807 off 0.3926288078588266 __DUMMY__ 0.06981146157289272	false	1.0
gewaltsam	neg 1.0		neg 0.5415659333247727 off 0.38942593806547915 __DUMMY__ 0.06900812860974828	false	1.0
unbeliebtheit	neg 1.0		neg 0.5393902648083612 off 0.3924458615380188 __DUMMY__ 0.06816387365361996	false	1.0
sturheit	neg 1.0		neg 0.544035831270381 off 0.38683369274923046 __DUMMY__ 0.06913047598038859	false	1.0
kuh	neg 1.0		neg 0.5400443911035009 off 0.39078371287387936 __DUMMY__ 0.0691718960226198	false	1.0
erschrecken	neg 1.0		neg 0.5360013061417376 off 0.3943974574450854 __DUMMY__ 0.06960123641317711	false	1.0
opfer	neg 1.0	neg 1.0	neg 0.7606634995501287 off 0.2060117278739499 __DUMMY__ 0.03332477257592138	false	1.0
sinken	neg 1.0		neg 0.5458622145902271 off 0.3844093791168802 __DUMMY__ 0.06972840629289268	false	1.0
stinktier	neg 1.0		neg 0.5329015194162793 off 0.39823676921610307 __DUMMY__ 0.06886171136761755	false	1.0
tucke	off 1.0		neg 0.5273674869445759 off 0.4035253280766253 __DUMMY__ 0.06910718497879893	false	0.5
ein			neg 0.5371990571259639 off 0.3927526173921084 __DUMMY__ 0.07004832548192771	false	0.0
abstieg	neg 1.0		neg 0.5438514719044397 off 0.38691131107968857 __DUMMY__ 0.06923721701587172	false	1.0
missverstehen	neg 1.0		neg 0.5401982131398411 off 0.39065817587979496 __DUMMY__ 0.06914361098036398	false	1.0
ergebnislos	neg 1.0		neg 0.5434865878938783 off 0.38710016582727585 __DUMMY__ 0.06941324627884593	false	1.0
unter			neg 0.5475479134031811 off 0.38186707656486735 __DUMMY__ 0.07058501003195145	false	0.0
manipulieren	neg 1.0		neg 0.545699237145538 off 0.3848083686909404 __DUMMY__ 0.06949239416352146	false	1.0
unbewiesen	neg 1.0		neg 0.5455097561016433 off 0.38603838400643004 __DUMMY__ 0.06845185989192674	false	1.0
verschleppen	neg 1.0		neg 0.544300646291312 off 0.386392250835715 __DUMMY__ 0.06930710287297301	false	1.0
weib	off 1.0		neg 0.5283128520338991 off 0.402909310878799 __DUMMY__ 0.06877783708730202	false	0.5
opposition	neg 1.0		neg 0.5416298287028998 off 0.3895510878641684 __DUMMY__ 0.06881908343293182	false	1.0
verkehrswidrig	neg 1.0		neg 0.5293279243096042 off 0.40137650725746915 __DUMMY__ 0.06929556843292667	false	1.0
inkorrekt	neg 1.0		neg 0.538774384341901 off 0.3926555285145963 __DUMMY__ 0.06857008714350268	false	1.0
vermeiden	neg 1.0		neg 0.5467856251742524 off 0.3830352458385255 __DUMMY__ 0.07017912898722199	false	1.0
abweichung	neg 1.0		neg 0.5465707714492549 off 0.38458443674587667 __DUMMY__ 0.06884479180486834	false	1.0
alkoholisiert	neg 1.0		neg 0.5418196431646201 off 0.3884358798044138 __DUMMY__ 0.06974447703096612	false	1.0
scheiss	off 1.0	off 1.0	off 0.6819057256100888 neg 0.28488119613691665 __DUMMY__ 0.03321307825299442	false	1.0
herausforderung	neg 1.0		neg 0.5394090208606996 off 0.3903086657622398 __DUMMY__ 0.07028231337706053	false	1.0
pervers	off 1.0		neg 0.5254001014592996 off 0.40589226581040044 __DUMMY__ 0.06870763273030003	false	0.5
wackelig	neg 1.0		neg 0.5394925877752159 off 0.39023392252870187 __DUMMY__ 0.0702734896960822	false	1.0
verwickeln	neg 1.0		neg 0.5395114389720526 off 0.39115269606436315 __DUMMY__ 0.06933586496358422	false	1.0
vorwand	neg 1.0		neg 0.5468572713778533 off 0.38360689730455305 __DUMMY__ 0.06953583131759357	false	1.0
muschi	off 1.0		neg 0.5412645275803823 off 0.3895040044503692 __DUMMY__ 0.06923146796924859	false	0.5
entmutigung	neg 1.0		neg 0.5445635912547001 off 0.3873303266743344 __DUMMY__ 0.06810608207096554	false	1.0
unangemessen	neg 1.0		neg 0.5452982025713677 off 0.3855669379104237 __DUMMY__ 0.06913485951820854	false	1.0
unstetig	neg 1.0		neg 0.5378819633283516 off 0.3929970860788113 __DUMMY__ 0.0691209505928371	false	1.0
entmutigen	neg 1.0		neg 0.5389899907694682 off 0.39141690400688206 __DUMMY__ 0.06959310522364974	false	1.0
schwanz	neg 1.0		neg 0.5421640937726564 off 0.38827606117063757 __DUMMY__ 0.06955984505670604	false	1.0
verbot	neg 1.0		neg 0.5449506824034958 off 0.3860722108807143 __DUMMY__ 0.06897710671578995	false	1.0
leid	neg 1.0		neg 0.5304935786818636 off 0.400421147756925 __DUMMY__ 0.06908527356121134	false	1.0
archaisch	neg 1.0		neg 0.5443390589847891 off 0.3864576088843385 __DUMMY__ 0.06920333213087235	false	1.0
gegen			neg 0.5468528217447534 off 0.38371723247899614 __DUMMY__ 0.06942994577625043	false	0.0
scheidung	neg 1.0	neg 1.0	neg 0.7456836586900424 off 0.22145411351693856 __DUMMY__ 0.03286222779301914	false	1.0
einschlag	neg 1.0		neg 0.5310578520828242 off 0.39986247539301284 __DUMMY__ 0.06907967252416296	false	1.0
m			neg 0.5405594779407114 off 0.3896518720724901 __DUMMY__ 0.06978864998679854	false	0.0
abgestanden	neg 1.0		neg 0.5391803637732738 off 0.39108058156875486 __DUMMY__ 0.06973905465797119	false	1.0
schmierig	off 1.0		neg 0.5307954811588106 off 0.39992385589826884 __DUMMY__ 0.06928066294292054	false	0.5
unpraktisch	neg 1.0		neg 0.5372476752161738 off 0.3928766890461198 __DUMMY__ 0.06987563573770637	false	1.0
wixxer	off 1.0		neg 0.5264366377883717 off 0.40509046340520977 __DUMMY__ 0.0684728988064187	false	0.5
bezeichnet			neg 0.5428669649608598 off 0.38789914564231087 __DUMMY__ 0.0692338893968293	false	0.0
jammerlappen	off 1.0		neg 0.5361115480202107 off 0.3945209766451643 __DUMMY__ 0.06936747533462502	false	0.5
farce	neg 1.0		neg 0.5471015859152886 off 0.38441444553095117 __DUMMY__ 0.06848396855376024	false	1.0
zwecklos	neg 1.0		neg 0.5447831683887644 off 0.38590621698348043 __DUMMY__ 0.06931061462775517	false	1.0
turbulent	neg 1.0		neg 0.5332297634904948 off 0.3977887377698796 __DUMMY__ 0.06898149873962563	false	1.0
invasion	neg 1.0		neg 0.5360802555154682 off 0.3942945125000815 __DUMMY__ 0.06962523198445021	false	1.0
schuld	neg 1.0		neg 0.5403337079145558 off 0.39027169548604246 __DUMMY__ 0.0693945965994017	false	1.0
risiko	neg 1.0		neg 0.5349054554246547 off 0.39529338405603465 __DUMMY__ 0.06980116051931064	false	1.0
finster	neg 1.0		neg 0.5382388729519405 off 0.39189218908245815 __DUMMY__ 0.06986893796560144	false	1.0
geisteskrank	off 1.0		neg 0.536890608454143 off 0.39427641973891325 __DUMMY__ 0.06883297180694357	false	0.5
zusammenbrechen	neg 1.0		neg 0.5410957140410763 off 0.3891330763514402 __DUMMY__ 0.06977120960748362	false	1.0
ausbeute	neg 1.0		neg 0.5410255960117841 off 0.38896807849420567 __DUMMY__ 0.07000632549401035	false	1.0
hinterhalt	neg 1.0		neg 0.5392587881529824 off 0.3912876088479717 __DUMMY__ 0.06945360299904585	false	1.0
kritik	neg 1.0		neg 0.5461602024163787 off 0.38517124335693814 __DUMMY__ 0.06866855422668314	false	1.0
einschrumpfen	neg 1.0		neg 0.5394309356338433 off 0.3917975542282788 __DUMMY__ 0.06877151013787798	false	1.0
riskant	neg 1.0		neg 0.5442571098507235 off 0.38606516367693633 __DUMMY__ 0.06967772647234032	false	1.0
frustrieren	neg 1.0		neg 0.5451316577273816 off 0.38533790496136505 __DUMMY__ 0.06953043731125333	false	1.0
groll	neg 1.0		neg 0.5443627458797762 off 0.3862927014648644 __DUMMY__ 0.0693445526553594	false	1.0
gibt			neg 0.5428263437944048 off 0.38763153930977073 __DUMMY__ 0.06954211689582442	false	0.0
qualvoll	neg 1.0		neg 0.5370777356138936 off 0.39326733097600103 __DUMMY__ 0.06965493341010533	false	1.0
wackeln	neg 1.0		neg 0.5369401021740685 off 0.39300459700658097 __DUMMY__ 0.07005530081935042	false	1.0
klagen	neg 1.0		neg 0.547288517173387 off 0.38324671648211867 __DUMMY__ 0.0694647663444943	false	1.0
bankrott	neg 1.0		neg 0.5344922747235415 off 0.39594741211304874 __DUMMY__ 0.0695603131634097	false	1.0
trauern	neg 1.0		neg 0.5438967655715298 off 0.3864246307566324 __DUMMY__ 0.06967860367183788	false	1.0
ablehnung	neg 1.0	neg 1.0	neg 0.7613385923768775 off 0.2057474724210997 __DUMMY__ 0.032913935202022744	false	1.0
stur	neg 1.0		neg 0.5396025853908422 off 0.3909533191630436 __DUMMY__ 0.0694440954461141	false	1.0
aufruhr	neg 1.0		neg 0.5428484426497241 off 0.3882609094471603 __DUMMY__ 0.06889064790311564	false	1.0
melancholie	neg 1.0		neg 0.540737206214603 off 0.3892467530162303 __DUMMY__ 0.07001604076916675	false	1.0
ist			neg 0.5396980637298963 off 0.39091714464929844 __DUMMY__ 0.06938479162080533	false	0.0
torheit	neg 1.0		neg 0.5437542800724946 off 0.38763402290113036 __DUMMY__ 0.06861169702637514	false	1.0
dreckskind	off 1.0		neg 0.5330575860554921 off 0.3985501673688893 __DUMMY__ 0.06839224657561858	false	0.5
umtauschen	neg 1.0		neg 0.5394716907866939 off 0.39071512857386487 __DUMMY__ 0.06981318063944113	false	1.0
zum			neg 0.5437439510534271 off 0.38562547511322137 __DUMMY__ 0.07063057383335161	false	0.0
zersetzen	neg 1.0		neg 0.5463391895806027 off 0.3841749842354922 __DUMMY__ 0.06948582618390524	false	1.0
zur			neg 0.5480236384474205 off 0.3821152221081953 __DUMMY__ 0.069861139444384	false	0.0
frust	neg 1.0		neg 0.5418751216584845 off 0.38844199132496543 __DUMMY__ 0.06968288701655005	false	1.0
unerbittlichkeit	neg 1.0		neg 0.5459969707046839 off 0.38464046608598323 __DUMMY__ 0.0693625632093328	false	1.0
zwei			neg 0.5434568035676254 off 0.38622594490301954 __DUMMY__ 0.07031725152935499	false	0.0
unkorrekt	neg 1.0		neg 0.5366138524114084 off 0.3946012534679833 __DUMMY__ 0.06878489412060836	false	1.0
hexe	off 1.0		neg 0.5348550394933052 off 0.395742349454374 __DUMMY__ 0.06940261105232098	false	0.5
lasch	neg 1.0		neg 0.5390087095644998 off 0.391892579546296 __DUMMY__ 0.06909871088920415	false	1.0
rivale	neg 1.0		neg 0.5326684119243404 off 0.3984069013249627 __DUMMY__ 0.06892468675069682	false	1.0
mutlos	off 1.0	off 1.0	off 0.6753118019549537 neg 0.29158895088151193 __DUMMY__ 0.033099247163534386	false	1.0
wirr	off 1.0		neg 0.5346326318898573 off 0.39657067490712894 __DUMMY__ 0.06879669320301363	false	0.5
jahr			neg 0.5420194528362609 off 0.38789444405824414 __DUMMY__ 0.07008610310549498	false	0.0
wird			neg 0.5438591281782253 off 0.38651829980806135 __DUMMY__ 0.06962257201371329	false	0.0
strafbar	neg 1.0		neg 0.5465820150913044 off 0.38425073472686505 __DUMMY__ 0.06916725018183055	false	1.0
erosion	neg 1.0		neg 0.5371832893318659 off 0.3930434262939283 __DUMMY__ 0.06977328437420584	false	1.0
eingehen	neg 1.0		neg 0.5447420233111123 off 0.38586140590366275 __DUMMY__ 0.06939657078522496	false	1.0
faul	off 1.0		neg 0.5340673343547128 off 0.3961403939215053 __DUMMY__ 0.06979227172378197	false	0.5
provisorium	neg 1.0		neg 0.5493936742174963 off 0.38025651413098643 __DUMMY__ 0.07034981165151721	false	1.0
schmerzen	neg 1.0		neg 0.540535355772323 off 0.3896866855013259 __DUMMY__ 0.0697779587263511	false	1.0
schrumpfen	neg 1.0		neg 0.547836854000383 off 0.3821880049833357 __DUMMY__ 0.06997514101628143	false	1.0
geistlos	off 1.0		neg 0.5426513762952204 off 0.38886241075001804 __DUMMY__ 0.06848621295476141	false	0.5
fehlkauf	neg 1.0		neg 0.538287159519148 off 0.39246472145765987 __DUMMY__ 0.0692481190231921	false	1.0
frustrierend	neg 1.0	neg 1.0	neg 0.7565686734341304 off 0.21014796839260366 __DUMMY__ 0.03328335817326599	false	1.0
unzufrieden	neg 1.0		neg 0.5438142340395284 off 0.3867015864235409 __DUMMY__ 0.06948417953693069	false	1.0
verzweifeln	neg 1.0		neg 0.5408602397991386 off 0.3894918254446405 __DUMMY__ 0.06964793475622091	false	1.0
verzweifelt	neg 1.0		neg 0.5395650928649961 off 0.39096269686461294 __DUMMY__ 0.06947221027039087	false	1.0
misstrauensantrag	neg 1.0		neg 0.5391991116593882 off 0.3917209205625359 __DUMMY__ 0.06907996777807593	false	1.0
abfallen	neg 1.0		neg 0.5365780654012994 off 0.39332669027511485 __DUMMY__ 0.0700952443235857	false	1.0
fucker	off 1.0		neg 0.5335787936801976 off 0.39737862191489925 __DUMMY__ 0.06904258440490323	false	0.5
ungezogen	neg 1.0		neg 0.5269280057587917 off 0.4040909905255975 __DUMMY__ 0.06898100371561079	false	1.0
irrsinnig	neg 1.0	neg 1.0	neg 0.7588952921570051 off 0.20793512072880288 __DUMMY__ 0.03316958711419205	false	1.0
unfassbar	neg 1.0		neg 0.5357130597283356 off 0.3949580450510788 __DUMMY__ 0.06932889522058565	false	1.0
hart	neg 1.0		neg 0.5365456881505866 off 0.39438166581335526 __DUMMY__ 0.0690726460360582	false	1.0
widerlich	off 1.0		neg 0.5358135353157059 off 0.3950782962550995 __DUMMY__ 0.0691081684291947	false	0.5
fatal	neg 1.0		neg 0.5381181147320028 off 0.3925710259046921 __DUMMY__ 0.06931085936330526	false	1.0
bruch	neg 1.0		neg 0.5490186043986796 off 0.38172800426645376 __DUMMY__ 0.06925339133486663	false	1.0
aushungern	neg 1.0		neg 0.5431574290677451 off 0.38792466359514255 __DUMMY__ 0.06891790733711241	false	1.0
anspannung	neg 1.0		neg 0.5457639195970005 off 0.3841603749594504 __DUMMY__ 0.07007570544354899	false	1.0
von			neg 0.5429571809259932 off 0.38693255976772584 __DUMMY__ 0.07011025930628091	false	0.0
kraftlos	neg 1.0		neg 0.5408155458458176 off 0.38907535497469387 __DUMMY__ 0.07010909917948863	false	1.0
vom			neg 0.5470519630689261 off 0.38242712200438056 __DUMMY__ 0.07052091492669314	false	0.0
grenzdebil	off 1.0		neg 0.5336989171446676 off 0.3968500662918414 __DUMMY__ 0.06945101656349113	false	0.5
vor			neg 0.5450880235690844 off 0.384942419585986 __DUMMY__ 0.06996955684492966	false	0.0
unterwerfen	neg 1.0		neg 0.5451771688825625 off 0.3854400805097885 __DUMMY__ 0.06938275060764888	false	1.0
versenkung	neg 1.0		neg 0.5447390891456334 off 0.3856801661715715 __DUMMY__ 0.06958074468279507	false	1.0
entziehen	neg 1.0		neg 0.547374508538437 off 0.38305879607228105 __DUMMY__ 0.06956669538928212	false	1.0
finanzkrise	neg 1.0		neg 0.5440781839073947 off 0.38710662357187836 __DUMMY__ 0.06881519252072678	false	1.0
schimpfend	neg 1.0		neg 0.5348900601376138 off 0.3948893281840719 __DUMMY__ 0.07022061167831428	false	1.0
profan	neg 1.0		neg 0.538543887429497 off 0.3920091603548132 __DUMMY__ 0.0694469522156899	false	1.0
korruption	neg 1.0		neg 0.5459399886461228 off 0.3851671043628058 __DUMMY__ 0.06889290699107128	false	1.0
â			neg 0.5417373936778171 off 0.3885000677345947 __DUMMY__ 0.06976253858758814	false	0.0
schmutzig	neg 1.0		neg 0.5326837905769873 off 0.3975603051147656 __DUMMY__ 0.06975590430824709	false	1.0
sexy	neg 1.0		neg 0.5357332869293662 off 0.394810915343191 __DUMMY__ 0.06945579772744274	false	1.0
abraten	neg 1.0		neg 0.5380925695478722 off 0.3921962115429015 __DUMMY__ 0.06971121890922623	false	1.0
schwarz	neg 1.0		neg 0.5388494044787898 off 0.3917836391376811 __DUMMY__ 0.06936695638352909	false	1.0
fotze	off 1.0		neg 0.5429357426002482 off 0.38773999379725177 __DUMMY__ 0.06932426360250002	false	0.5
verwirren	neg 1.0		neg 0.5374855425864659 off 0.39305375940036946 __DUMMY__ 0.06946069801316473	false	1.0
zahnlos	off 1.0		neg 0.5444080376310777 off 0.3862925651333861 __DUMMY__ 0.06929939723553623	false	0.5
verheeren	neg 1.0		neg 0.5271266970595271 off 0.40441172062276287 __DUMMY__ 0.06846158231771009	false	1.0
hippie	neg 1.0		neg 0.536337088302651 off 0.39426927708366416 __DUMMY__ 0.06939363461368472	false	1.0
rammen	neg 1.0		neg 0.5366575046736851 off 0.39378165406418525 __DUMMY__ 0.06956084126212965	false	1.0
unlauter	neg 1.0	neg 1.0	neg 0.7580516526787139 off 0.20886941680572213 __DUMMY__ 0.033078930515564	false	1.0
unheilvoll	neg 1.0		neg 0.5374063069402318 off 0.3929317070987523 __DUMMY__ 0.06966198596101598	false	1.0
niedrig	neg 1.0		neg 0.543769929507207 off 0.3867754139706938 __DUMMY__ 0.06945465652209931	false	1.0
explosion	neg 1.0		neg 0.5360169630106465 off 0.3944159802306361 __DUMMY__ 0.06956705675871734	false	1.0
weichei	off 1.0		neg 0.530104453461152 off 0.4008958741472393 __DUMMY__ 0.06899967239160877	false	0.5
minusmensch	off 1.0		neg 0.5285843725888832 off 0.4031761696925932 __DUMMY__ 0.06823945771852355	false	0.5
farblos	neg 1.0		neg 0.5397395797857845 off 0.39088638754712474 __DUMMY__ 0.06937403266709082	false	1.0
unwissend	neg 1.0	neg 1.0	neg 0.7565234956002584 off 0.21037654789650032 __DUMMY__ 0.03309995650324116	false	1.0
traurig	neg 1.0		neg 0.5321370424150672 off 0.3984916899906813 __DUMMY__ 0.06937126759425154	false	1.0
senkung	neg 1.0		neg 0.5379081405743825 off 0.39286016567077103 __DUMMY__ 0.06923169375484639	false	1.0
ungleich	neg 1.0	neg 1.0	neg 0.7616693301295293 off 0.20517415578386647 __DUMMY__ 0.0331565140866042	false	1.0
heikel	neg 1.0		neg 0.5459675388202793 off 0.3844656360977268 __DUMMY__ 0.06956682508199408	false	1.0
drosselung	neg 1.0		neg 0.531112614809705 off 0.39943520108690334 __DUMMY__ 0.0694521841033917	false	1.0
falsch	neg 1.0		neg 0.5367929911495403 off 0.39383966210660704 __DUMMY__ 0.06936734674385275	false	1.0
unzufriedenheit	neg 1.0		neg 0.5465925903801865 off 0.38392017289807495 __DUMMY__ 0.06948723672173862	false	1.0
kurz	neg 1.0		neg 0.5398434923989486 off 0.3901205974182966 __DUMMY__ 0.07003591018275487	false	1.0
unsinnig	neg 1.0		neg 0.5435509221427006 off 0.3870284703175362 __DUMMY__ 0.06942060753976338	false	1.0
penner	off 1.0	off 1.0	off 0.6851529481997266 neg 0.281811185815173 __DUMMY__ 0.03303586598510045	false	1.0
seicht	neg 1.0		neg 0.5296705043085139 off 0.40178518856417816 __DUMMY__ 0.06854430712730775	false	1.0
dummheit	off 1.0	off 1.0	off 0.678741280946399 neg 0.28819107409425543 __DUMMY__ 0.03306764495934565	false	1.0
unerfreulich	neg 1.0		neg 0.5460110535443192 off 0.3842940171535042 __DUMMY__ 0.06969492930217652	false	1.0
motherfucker	off 1.0	off 1.0	off 0.6821491691670534 neg 0.28480888060821846 __DUMMY__ 0.03304195022472825	false	1.0
pikiert	neg 1.0		neg 0.536970493764139 off 0.3938600541902674 __DUMMY__ 0.06916945204559366	false	1.0
wrack	neg 1.0		neg 0.5408561547533954 off 0.3892960517002238 __DUMMY__ 0.06984779354638063	false	1.0
gangster	neg 1.0		neg 0.5372477444770765 off 0.39335129601582874 __DUMMY__ 0.06940095950709486	false	1.0
krank	neg 1.0		neg 0.5328082866323506 off 0.3975494047992244 __DUMMY__ 0.06964230856842486	false	1.0
reich	neg 1.0		neg 0.5399610235023147 off 0.39172898765516717 __DUMMY__ 0.06830998884251817	false	1.0
gnadenlos	neg 1.0		neg 0.5397134114581073 off 0.3908085640873486 __DUMMY__ 0.06947802445454405	false	1.0
niedergeschlagen	neg 1.0		neg 0.5414410762578169 off 0.3888679049759425 __DUMMY__ 0.06969101876624072	false	1.0
terrorisieren	off 1.0	off 1.0	off 0.6762154170102651 neg 0.29042449769098483 __DUMMY__ 0.033360085298750015	false	1.0
sinnlosigkeit	neg 1.0		neg 0.5441907836089026 off 0.38647565336349854 __DUMMY__ 0.06933356302759885	false	1.0
behindern	neg 1.0		neg 0.5391601942664882 off 0.3910540970662096 __DUMMY__ 0.06978570866730223	false	1.0
undemokratisch	neg 1.0		neg 0.5427115332171961 off 0.38855301416818405 __DUMMY__ 0.06873545261461973	false	1.0
wirtschaftskrise	neg 1.0		neg 0.5449339758139716 off 0.3859755002828786 __DUMMY__ 0.06909052390314983	false	1.0
neid	neg 1.0		neg 0.5354943038574422 off 0.39480156768089825 __DUMMY__ 0.06970412846165953	false	1.0
rutschen	neg 1.0		neg 0.5433355944421686 off 0.38599095870898475 __DUMMY__ 0.07067344684884674	false	1.0
rezession	neg 1.0		neg 0.5339522648375135 off 0.39750492820763894 __DUMMY__ 0.06854280695484767	false	1.0
fehlgeburt	neg 1.0		neg 0.5400941948732709 off 0.3904914145027852 __DUMMY__ 0.06941439062394383	false	1.0
charakterschwach	off 1.0		neg 0.5358472710314742 off 0.3950142259573057 __DUMMY__ 0.06913850301122014	false	0.5
isolation	neg 1.0		neg 0.5346421479576566 off 0.3959188077968363 __DUMMY__ 0.06943904424550695	false	1.0
ablenkung	neg 1.0		neg 0.539182501163893 off 0.39107932415122904 __DUMMY__ 0.06973817468487789	false	1.0
pech	neg 1.0		neg 0.5372166944117281 off 0.3933209291042423 __DUMMY__ 0.06946237648402946	false	1.0
vermeidung	neg 1.0		neg 0.5322223678029836 off 0.3982525205084439 __DUMMY__ 0.06952511168857238	false	1.0
dominieren	neg 1.0		neg 0.5419626171837434 off 0.3885494261452289 __DUMMY__ 0.06948795667102779	false	1.0
schwindlig	neg 1.0		neg 0.5355656347297774 off 0.3945883607454698 __DUMMY__ 0.0698460045247528	false	1.0
lutscher	neg 1.0		neg 0.5283231760895725 off 0.40308026354405097 __DUMMY__ 0.06859656036637649	false	1.0
pflicht	neg 1.0		neg 0.5464525256306586 off 0.3840313044590467 __DUMMY__ 0.06951616991029468	false	1.0
faschist	off 1.0		neg 0.5418984260144393 off 0.38943027401905106 __DUMMY__ 0.06867129996650972	false	0.5
verschleudern	neg 1.0		neg 0.5452477014096243 off 0.3855865865073891 __DUMMY__ 0.0691657120829867	false	1.0
wenn			neg 0.5364370148213026 off 0.39412703915868447 __DUMMY__ 0.06943594602001303	false	0.0
ehebruch	neg 1.0		neg 0.5454463835023021 off 0.38531443505770696 __DUMMY__ 0.06923918143999111	false	1.0
spott	off 1.0		neg 0.5460618174870997 off 0.38466983079845185 __DUMMY__ 0.06926835171444844	false	0.5
trostlosigkeit	neg 1.0		neg 0.548876327081623 off 0.3821193002224594 __DUMMY__ 0.06900437269591754	false	1.0
lutschen	neg 1.0		neg 0.5371222797432305 off 0.3938153605671422 __DUMMY__ 0.06906235968962722	false	1.0
undiszipliniert	neg 1.0		neg 0.533290276424079 off 0.3974274098075737 __DUMMY__ 0.06928231376834718	false	1.0
kopfschmerz	neg 1.0		neg 0.5409729404922311 off 0.38946593479366054 __DUMMY__ 0.06956112471410837	false	1.0
unvorhergesehen	neg 1.0		neg 0.5396165850101183 off 0.39025833371250246 __DUMMY__ 0.070125081277379	false	1.0
desinteressiert	neg 1.0		neg 0.5346402053850697 off 0.3962615683417017 __DUMMY__ 0.06909822627322858	false	1.0
armselig	off 1.0		neg 0.534222732511227 off 0.39682077975637275 __DUMMY__ 0.06895648773240023	false	0.5
desaster	neg 1.0		neg 0.5491071011501354 off 0.38158720246382916 __DUMMY__ 0.06930569638603533	false	1.0
tod	neg 1.0		neg 0.5465124333232445 off 0.38442605176288513 __DUMMY__ 0.06906151491387048	false	1.0
herzlos	neg 1.0		neg 0.5316454498424354 off 0.39904929432875397 __DUMMY__ 0.06930525582881053	false	1.0
unwissenheit	neg 1.0		neg 0.545058961872038 off 0.3857620516250816 __DUMMY__ 0.06917898650288043	false	1.0
widersinnig	neg 1.0		neg 0.545572618121032 off 0.38563762540458224 __DUMMY__ 0.06878975647438569	false	1.0
bedenklich	neg 1.0		neg 0.545094652710924 off 0.3854012305597777 __DUMMY__ 0.0695041167292982	false	1.0
beanstanden	neg 1.0		neg 0.5465754039860483 off 0.38385702897411356 __DUMMY__ 0.06956756703983814	false	1.0
panisch	neg 1.0	neg 1.0	neg 0.7556849683452496 off 0.2106889930085488 __DUMMY__ 0.03362603864620166	false	1.0
debil	off 1.0		neg 0.5489294347246452 off 0.3813574144010855 __DUMMY__ 0.06971315087426923	false	0.5
abstrich	neg 1.0		neg 0.5375399015369652 off 0.39248722964964927 __DUMMY__ 0.06997286881338546	false	1.0
primitiv	neg 1.0		neg 0.5353653651389527 off 0.39556625531856837 __DUMMY__ 0.06906837954247898	false	1.0
abschaum	off 1.0	off 1.0	off 0.6800350597486895 neg 0.2869578194372056 __DUMMY__ 0.03300712081410486	false	1.0
provozieren	neg 1.0		neg 0.5417130486450752 off 0.3890576030841937 __DUMMY__ 0.06922934827073118	false	1.0
tot	neg 1.0		neg 0.5425359527817583 off 0.3881721804842796 __DUMMY__ 0.06929186673396205	false	1.0
instabil	neg 1.0		neg 0.5343182389500977 off 0.3970192511111305 __DUMMY__ 0.0686625099387718	false	1.0
schwuchtel	off 1.0		neg 0.5245886154436158 off 0.4072875167312775 __DUMMY__ 0.06812386782510685	false	0.5
zerren	neg 1.0		neg 0.541349446032989 off 0.3889163855729552 __DUMMY__ 0.06973416839405587	false	1.0
kinderficker	off 1.0		neg 0.5323716128003194 off 0.3988492248303879 __DUMMY__ 0.06877916236929267	false	0.5
gefahr	neg 1.0		neg 0.5453318072622942 off 0.38534849932586795 __DUMMY__ 0.06931969341183795	false	1.0
rabiat	neg 1.0		neg 0.5406611807811718 off 0.3898425750262849 __DUMMY__ 0.0694962441925434	false	1.0
verlangsamung	neg 1.0		neg 0.5302589269295511 off 0.40124111159823417 __DUMMY__ 0.06849996147221481	false	1.0
ausgestorben	neg 1.0		neg 0.5415334155081153 off 0.38879301817161743 __DUMMY__ 0.06967356632026746	false	1.0
anklagen	neg 1.0		neg 0.5428502643035489 off 0.3880048811687449 __DUMMY__ 0.06914485452770604	false	1.0
trott	neg 1.0		neg 0.5396553198235683 off 0.39068283473275994 __DUMMY__ 0.0696618454436717	false	1.0
verminderung	neg 1.0		neg 0.5326814037372776 off 0.39806609044423924 __DUMMY__ 0.06925250581848319	false	1.0
nach			neg 0.5453095318460739 off 0.38434012939678464 __DUMMY__ 0.07035033875714153	false	0.0
rost	neg 1.0		neg 0.5281832758669024 off 0.4030041363482787 __DUMMY__ 0.06881258778481895	false	1.0
destruktiv	neg 1.0		neg 0.543717587897626 off 0.3871711511416883 __DUMMY__ 0.06911126096068573	false	1.0
unzumutbarkeit	neg 1.0		neg 0.5326302804807925 off 0.3979379267842913 __DUMMY__ 0.06943179273491619	false	1.0
labil	off 1.0	off 1.0	off 0.6809547986005546 neg 0.28598256125508204 __DUMMY__ 0.033062640144363414	false	1.0
ziemlich	neg 1.0		neg 0.5346122872922313 off 0.39598939018631235 __DUMMY__ 0.06939832252145636	false	1.0
lachnummer	off 1.0		neg 0.5434522172215055 off 0.3873897983223831 __DUMMY__ 0.06915798445611139	false	0.5
oder			neg 0.539173120456868 off 0.39101573623763103 __DUMMY__ 0.06981114330550077	false	0.0
verfall	neg 1.0		neg 0.5491358980996881 off 0.381131849259004 __DUMMY__ 0.06973225264130775	false	1.0
ausgrenzung	neg 1.0		neg 0.5418572353773601 off 0.3894016381214072 __DUMMY__ 0.0687411265012326	false	1.0
unordnung	neg 1.0		neg 0.5324728448494378 off 0.39869064011151917 __DUMMY__ 0.06883651503904305	false	1.0
fehlverhalten	neg 1.0		neg 0.5461588280218461 off 0.384531707141642 __DUMMY__ 0.06930946483651192	false	1.0
eine			neg 0.5453383145551179 off 0.3848071069987166 __DUMMY__ 0.06985457844616537	false	0.0
nille	neg 1.0		neg 0.5421526706569737 off 0.3887249127752172 __DUMMY__ 0.0691224165678092	false	1.0
qual	neg 1.0		neg 0.5399385761967931 off 0.3904365360361921 __DUMMY__ 0.06962488776701485	false	1.0
verschwenden	neg 1.0		neg 0.5445714277420448 off 0.38584776946998184 __DUMMY__ 0.06958080278797334	false	1.0
riesig	neg 1.0		neg 0.5410761316819871 off 0.3893438105229432 __DUMMY__ 0.06958005779506976	false	1.0
verurteilen	neg 1.0		neg 0.5450653578663139 off 0.38580860770219666 __DUMMY__ 0.0691260344314893	false	1.0
klischee	neg 1.0	neg 1.0	neg 0.7578708810191132 off 0.20909242635412936 __DUMMY__ 0.03303669262675751	false	1.0
diktatorisch	neg 1.0		neg 0.5440165677388329 off 0.38746960369783784 __DUMMY__ 0.06851382856332938	false	1.0
vorhersehbar	neg 1.0		neg 0.5408137228325945 off 0.3901745302936369 __DUMMY__ 0.06901174687376858	false	1.0
sowie			neg 0.531489111639624 off 0.3999054622482705 __DUMMY__ 0.06860542611210556	false	0.0
stornieren	neg 1.0		neg 0.5359614409822279 off 0.39429060035831826 __DUMMY__ 0.06974795865945381	false	1.0
besteuerung	neg 1.0		neg 0.540158626240086 off 0.3906223144254912 __DUMMY__ 0.06921905933442289	false	1.0
ungeschminkt	neg 1.0		neg 0.5348119841358769 off 0.39599198624128906 __DUMMY__ 0.06919602962283417	false	1.0
kritisch	neg 1.0		neg 0.5459002940798677 off 0.3848106678464965 __DUMMY__ 0.06928903807363566	false	1.0
schlamperei	off 1.0		neg 0.545087818621377 off 0.385634972551654 __DUMMY__ 0.06927720882696893	false	0.5
sucht	neg 1.0	neg 1.0	neg 0.7548717113150685 off 0.2114871286399267 __DUMMY__ 0.03364116004500489	false	1.0
egoistisch	off 1.0		neg 0.5301986861602543 off 0.40077211178368294 __DUMMY__ 0.06902920205606274	false	0.5
ausbeuter	off 1.0		neg 0.5472834122845626 off 0.38353842185640985 __DUMMY__ 0.06917816585902764	false	0.5
arschgeburt	off 1.0		neg 0.5247671053105232 off 0.4071099602617432 __DUMMY__ 0.06812293442773358	false	0.5
schubs	neg 1.0	neg 1.0	neg 0.7586647805816042 off 0.2077619186394793 __DUMMY__ 0.03357330077891645	false	1.0
unsolide	neg 1.0		neg 0.5411938379703513 off 0.39053407284745767 __DUMMY__ 0.06827208918219096	false	1.0
beschwerde	neg 1.0		neg 0.544121342954349 off 0.38659365159153464 __DUMMY__ 0.06928500545411637	false	1.0
stocken	neg 1.0		neg 0.5429524064117484 off 0.3874301952314325 __DUMMY__ 0.06961739835681924	false	1.0
isolieren	neg 1.0		neg 0.5396088101393902 off 0.3905715353407914 __DUMMY__ 0.06981965451981832	false	1.0
unheilbar	neg 1.0		neg 0.5407913882307396 off 0.38987389085633367 __DUMMY__ 0.06933472091292664	false	1.0
pisser	off 1.0		neg 0.5334359879174636 off 0.3977388834699101 __DUMMY__ 0.06882512861262634	false	0.5
löschen	neg 1.0		neg 0.5395578383595958 off 0.39104259590622686 __DUMMY__ 0.06939956573417734	false	1.0
durchfallen	neg 1.0		neg 0.5441916664237593 off 0.38625997547105817 __DUMMY__ 0.0695483581051825	false	1.0
wichser	off 1.0		neg 0.5263365260626798 off 0.40494660292188955 __DUMMY__ 0.06871687101543056	false	0.5
terror	neg 1.0		neg 0.5349345498913497 off 0.3953834081887127 __DUMMY__ 0.0696820419199376	false	1.0
krass	neg 1.0		neg 0.5319224826196356 off 0.3989332075317854 __DUMMY__ 0.06914430984857885	false	1.0
revolte	neg 1.0	neg 1.0	neg 0.7593474269959385 off 0.20793682784923892 __DUMMY__ 0.03271574515482262	false	1.0
besorgt	neg 1.0		neg 0.5390318288204277 off 0.39080572540239006 __DUMMY__ 0.07016244577718239	false	1.0
nachlassen	neg 1.0		neg 0.541713681517009 off 0.38854210297412667 __DUMMY__ 0.06974421550886437	false	1.0
alt	neg 1.0		neg 0.5419887552773088 off 0.387949870063829 __DUMMY__ 0.07006137465886213	false	1.0
hundesohn	off 1.0		neg 0.528838285448769 off 0.402764298050248 __DUMMY__ 0.06839741650098308	false	0.5
als			neg 0.5420517091897733 off 0.38817108635463377 __DUMMY__ 0.06977720445559295	false	0.0
abschreckung	neg 1.0		neg 0.5470332382269155 off 0.3835426418525758 __DUMMY__ 0.06942411992050868	false	1.0
unqualifiziert	neg 1.0		neg 0.5398143645265341 off 0.3910736364066773 __DUMMY__ 0.06911199906678873	false	1.0
abgewichst	off 1.0		neg 0.541999590645838 off 0.3886167846611411 __DUMMY__ 0.06938362469302083	false	0.5
schwer	neg 1.0		neg 0.5405517564106627 off 0.3897926855217675 __DUMMY__ 0.06965555806756991	false	1.0
bedeutungslosigkeit	neg 1.0		neg 0.546859832993442 off 0.38381673123737997 __DUMMY__ 0.06932343576917792	false	1.0
kapitulation	neg 1.0		neg 0.5473836102928443 off 0.3838710317057511 __DUMMY__ 0.0687453580014046	false	1.0
unscharf	neg 1.0		neg 0.5374095979227879 off 0.3931882408468588 __DUMMY__ 0.0694021612303533	false	1.0
schwinden	neg 1.0		neg 0.5450287767187116 off 0.3853872416155949 __DUMMY__ 0.06958398166569339	false	1.0
versklavung	neg 1.0	neg 1.0	neg 0.7599308013098719 off 0.207194425434012 __DUMMY__ 0.03287477325611603	false	1.0
schlecht	neg 1.0		neg 0.5339031002116923 off 0.3966351336226163 __DUMMY__ 0.06946176616569154	false	1.0
verhasst	neg 1.0		neg 0.5421380875230897 off 0.3887263378128914 __DUMMY__ 0.06913557466401893	false	1.0
beschweren	neg 1.0		neg 0.5384980956230191 off 0.3919327232555036 __DUMMY__ 0.06956918112147721	false	1.0
scheiden	neg 1.0		neg 0.5408414828230795 off 0.38958593345527764 __DUMMY__ 0.06957258372164282	false	1.0
frustriert	neg 1.0		neg 0.5421067198234609 off 0.3883207649146499 __DUMMY__ 0.06957251526188904	false	1.0
schimmelig	neg 1.0		neg 0.5442075266018667 off 0.38632502464913704 __DUMMY__ 0.06946744874899632	false	1.0
fisch	neg 1.0	neg 1.0	neg 0.7585603032580593 off 0.20785747272135202 __DUMMY__ 0.03358222402058867	false	1.0
schmuggel	neg 1.0		neg 0.5435831569809904 off 0.38647317284619387 __DUMMY__ 0.0699436701728157	false	1.0
auffallen	neg 1.0		neg 0.5382799881265482 off 0.39222385987958946 __DUMMY__ 0.0694961519938623	false	1.0
konkurrenz	neg 1.0		neg 0.5449623258803418 off 0.38515717495430296 __DUMMY__ 0.06988049916535534	false	1.0
teufelskreis	neg 1.0		neg 0.5427523979978741 off 0.3878587641212097 __DUMMY__ 0.0693888378809162	false	1.0
aufschreien	neg 1.0		neg 0.5399463805587266 off 0.3908716693069195 __DUMMY__ 0.06918195013435388	false	1.0
schuldner	neg 1.0		neg 0.546140905709348 off 0.38463753275665624 __DUMMY__ 0.06922156153399578	false	1.0
missgeburt	off 1.0	off 1.0	off 0.6839525970769302 neg 0.28317679625492465 __DUMMY__ 0.03287060666814528	false	1.0
arbeitslos	neg 1.0		neg 0.5439092529386486 off 0.3866999731043183 __DUMMY__ 0.06939077395703318	false	1.0
befallen	neg 1.0		neg 0.5460700252363399 off 0.3850433838418722 __DUMMY__ 0.06888659092178803	false	1.0
miesepetrig	off 1.0		neg 0.5338907984260077 off 0.3965807694152751 __DUMMY__ 0.06952843215871712	false	0.5
alarmieren	neg 1.0		neg 0.5370606430822924 off 0.3939425745050023 __DUMMY__ 0.06899678241270525	false	1.0
ungeduscht	off 1.0		neg 0.5370113653772964 off 0.39353517222981416 __DUMMY__ 0.06945346239288946	false	0.5
knappheit	neg 1.0		neg 0.5432713585904219 off 0.3873359555835691 __DUMMY__ 0.0693926858260092	false	1.0
schlange	neg 1.0		neg 0.5375747097360375 off 0.39264418128826983 __DUMMY__ 0.06978110897569262	false	1.0
harsch	neg 1.0		neg 0.5277128612902954 off 0.40302327344667366 __DUMMY__ 0.06926386526303109	false	1.0
lang	neg 1.0		neg 0.5389742523608074 off 0.3915287109522898 __DUMMY__ 0.06949703668690271	false	1.0
ziellos	neg 1.0		neg 0.5430349119782877 off 0.38728203410504325 __DUMMY__ 0.06968305391666896	false	1.0
selbstverliebt	neg 1.0		neg 0.5273889272393878 off 0.40436239968243176 __DUMMY__ 0.0682486730781805	false	1.0
beseitigen	neg 1.0		neg 0.5371350856127751 off 0.39299050982848677 __DUMMY__ 0.06987440455873804	false	1.0
dumm	off 1.0		neg 0.5302065886664176 off 0.40092963473311743 __DUMMY__ 0.06886377660046497	false	0.5
arbeitsloser	neg 1.0		neg 0.5445736103364752 off 0.3859794950396656 __DUMMY__ 0.06944689462385917	false	1.0
blitzen	neg 1.0		neg 0.5372715280068935 off 0.393473665417495 __DUMMY__ 0.06925480657561156	false	1.0
hilflos	neg 1.0		neg 0.5422870316178088 off 0.3880960038400994 __DUMMY__ 0.06961696454209183	false	1.0
eklig	off 1.0		neg 0.5299021433554023 off 0.4013902996690558 __DUMMY__ 0.068707556975542	false	0.5
begriff			neg 0.5428104409267897 off 0.3877651845221631 __DUMMY__ 0.06942437455104734	false	0.0
hungersnot	neg 1.0		neg 0.5448781260456537 off 0.386434787281275 __DUMMY__ 0.06868708667307127	false	1.0
ungesetzlich	neg 1.0		neg 0.5418341284583603 off 0.38952601649605745 __DUMMY__ 0.06863985504558208	false	1.0
verschwendung	neg 1.0		neg 0.5454785538472199 off 0.38491970088829347 __DUMMY__ 0.06960174526448666	false	1.0
schmerzvoll	neg 1.0		neg 0.5386268412280735 off 0.39182373865016706 __DUMMY__ 0.06954942012175945	false	1.0
vorzeitig	neg 1.0		neg 0.534441297290797 off 0.39618408861943516 __DUMMY__ 0.06937461408976775	false	1.0
unvollkommenheit	neg 1.0		neg 0.5403980608963961 off 0.3901400975202137 __DUMMY__ 0.06946184158339004	false	1.0
intervenieren	neg 1.0		neg 0.5472631999153104 off 0.38364823109194157 __DUMMY__ 0.06908856899274805	false	1.0
banause	off 1.0		neg 0.5287861225183903 off 0.4026305423808356 __DUMMY__ 0.06858333510077393	false	0.5
rebell	neg 1.0		neg 0.5450861494471967 off 0.38510131593322994 __DUMMY__ 0.06981253461957333	false	1.0
unlogisch	neg 1.0		neg 0.533486228443387 off 0.3974754493922695 __DUMMY__ 0.06903832216434345	false	1.0
leiden	neg 1.0	neg 1.0	neg 0.7585691558571698 off 0.20751070006529143 __DUMMY__ 0.033920144077538766	false	1.0
abschaffung	neg 1.0		neg 0.5413003427161415 off 0.3896166515167056 __DUMMY__ 0.0690830057671529	false	1.0
sturz	neg 1.0		neg 0.5410335380340475 off 0.38996297573463906 __DUMMY__ 0.06900348623131349	false	1.0
verkleinerung	neg 1.0		neg 0.5389388958701592 off 0.39224219085709944 __DUMMY__ 0.06881891327274142	false	1.0
schmarotzer	off 1.0		neg 0.5453711798846564 off 0.38541968821512607 __DUMMY__ 0.06920913190021742	false	0.5
bestrafung	neg 1.0		neg 0.5402310192004205 off 0.390454229359498 __DUMMY__ 0.06931475144008149	false	1.0
achtlos	neg 1.0		neg 0.5398940496787893 off 0.3903299571022659 __DUMMY__ 0.06977599321894483	false	1.0
ungeheuer	neg 1.0		neg 0.5388699628383871 off 0.3918171367421023 __DUMMY__ 0.06931290041951071	false	1.0
unaufrichtig	neg 1.0		neg 0.540526949264894 off 0.390687485398382 __DUMMY__ 0.0687855653367241	false	1.0
groggy	neg 1.0		neg 0.537085908810516 off 0.39359509555215416 __DUMMY__ 0.0693189956373299	false	1.0
verletzlich	neg 1.0		neg 0.5347864150830938 off 0.3959755098196525 __DUMMY__ 0.06923807509725372	false	1.0
ablehnen	neg 1.0		neg 0.5444238354836869 off 0.3862878725345161 __DUMMY__ 0.06928829198179712	false	1.0
