unsolidarisch	neg 1.0		__DUMMY__ 0.8797482225141958 neg 0.07200959147766361 off 0.04824218600814059	false	1.0
nachteilig	neg 1.0		__DUMMY__ 0.8881121043891874 neg 0.06687743190450908 off 0.04501046370630352	false	1.0
skeptisch	neg 1.0		__DUMMY__ 0.8900065082589721 neg 0.06730114618087761 off 0.04269234556015025	false	1.0
schrecklich	neg 1.0		__DUMMY__ 0.8851561425925036 neg 0.061061580635639635 off 0.05378227677185664	false	1.0
schlapp	neg 1.0		__DUMMY__ 0.8898316777596992 neg 0.0603223131754023 off 0.04984600906489856	false	1.0
abfall	neg 1.0		__DUMMY__ 0.8906007356857675 neg 0.06807915028096571 off 0.041320114033266804	false	1.0
widerspenstig	neg 1.0		__DUMMY__ 0.8913500919114594 neg 0.062428859756739966 off 0.04622104833180065	false	1.0
abrupt	neg 1.0		__DUMMY__ 0.8922270114956554 neg 0.06263352418128723 off 0.045139464323057356	false	1.0
unwirksam	neg 1.0		__DUMMY__ 0.8827945804596495 neg 0.06934212226195954 off 0.04786329727839103	false	1.0
angreifen	neg 1.0		__DUMMY__ 0.8879272790789655 neg 0.06803178937869665 off 0.04404093154233787	false	1.0
inkonsistent	neg 1.0		__DUMMY__ 0.8863223354010713 neg 0.06503326485079623 off 0.04864439974813245	false	1.0
abrutschen	neg 1.0		__DUMMY__ 0.8917584306301128 neg 0.0668610171588756 off 0.04138055221101152	false	1.0
unsicher	neg 1.0		__DUMMY__ 0.889365520208639 neg 0.06387022646052996 off 0.04676425333083101	false	1.0
bauernkind	off 1.0		__DUMMY__ 0.8803569974862546 neg 0.06309415715267329 off 0.056548845361072034	false	0.5
angreifer	neg 1.0		__DUMMY__ 0.8844946300519037 neg 0.06566129942570632 off 0.04984407052239	false	1.0
trennen	neg 1.0		__DUMMY__ 0.8939317815427784 neg 0.0631595617603364 off 0.04290865669688516	false	1.0
schmutz	neg 1.0		__DUMMY__ 0.8940206313826021 neg 0.05531017420406801 off 0.050669194413329795	false	1.0
inkonsistenz	neg 1.0	neg 1.0	neg 0.5195278828822986 __DUMMY__ 0.442777397073831 off 0.03769472004387041	false	1.0
erschreckend	neg 1.0		__DUMMY__ 0.8872990959306584 neg 0.06668865379765683 off 0.04601225027168487	false	1.0
ertrinken	neg 1.0		__DUMMY__ 0.8915373882508054 neg 0.06439640087985973 off 0.04406621086933487	false	1.0
pickelface	off 1.0		__DUMMY__ 0.8863532528062765 neg 0.06577932215564192 off 0.04786742503808157	false	0.5
seiner			__DUMMY__ 0.8893923887844407 neg 0.0669316073257867 off 0.043676003889772545	false	0.0
lauch	neg 1.0		__DUMMY__ 0.890848787375648 neg 0.06692016622860819 off 0.042231046395743814	false	1.0
unwichtig	neg 1.0		__DUMMY__ 0.8861826253838244 neg 0.06331195587346909 off 0.050505418742706594	false	1.0
steuerhinterziehung	neg 1.0		__DUMMY__ 0.8834899088615499 neg 0.06959547839873348 off 0.04691461273971668	false	1.0
schock	neg 1.0		__DUMMY__ 0.8922732870789546 neg 0.06257385106953896 off 0.045152861851506486	false	1.0
beule	neg 1.0		__DUMMY__ 0.8895038064481509 neg 0.059633254972566684 off 0.05086293857928233	false	1.0
vergelten	neg 1.0		__DUMMY__ 0.8823213897594204 neg 0.06231230443581845 off 0.05536630580476112	false	1.0
verdorbenheit	neg 1.0		__DUMMY__ 0.8918323239244371 neg 0.06069218348867081 off 0.04747549258689211	false	1.0
trauma	neg 1.0		__DUMMY__ 0.887569703322257 neg 0.0640472630090951 off 0.04838303366864787	false	1.0
sinnlos	neg 1.0		__DUMMY__ 0.8874885061017338 neg 0.06391572216925463 off 0.04859577172901159	false	1.0
fettsack	off 1.0	off 1.0	off 0.5121650660678606 __DUMMY__ 0.44066862996076495 neg 0.04716630397137445	false	1.0
feige	off 1.0		__DUMMY__ 0.8844069369618347 neg 0.06523638375339331 off 0.050356679284771964	false	0.5
abdanken	neg 1.0		__DUMMY__ 0.8809405156537248 neg 0.07173515719924076 off 0.047324327147034495	false	1.0
wichtigtuer	off 1.0	off 1.0	off 0.5068411189999843 __DUMMY__ 0.4425903893372448 neg 0.05056849166277087	false	1.0
misslingen	neg 1.0		__DUMMY__ 0.8920714613773849 neg 0.05974226103667857 off 0.048186277585936514	false	1.0
untreu	off 1.0		__DUMMY__ 0.8865307485993976 neg 0.06239929910221786 off 0.051069952298384486	false	0.5
missmutig	neg 1.0		__DUMMY__ 0.8893177666466463 neg 0.061031772507928954 off 0.049650460845424634	false	1.0
hurenbock	off 1.0		__DUMMY__ 0.893023918580357 neg 0.05952246228058905 off 0.04745361913905388	false	0.5
betrunken	neg 1.0		__DUMMY__ 0.8880863492183246 neg 0.060036349365690606 off 0.05187730141598473	false	1.0
korrupt	off 1.0		__DUMMY__ 0.8825627485473152 neg 0.07149055297239382 off 0.045946698480291044	false	0.5
unmut	neg 1.0		__DUMMY__ 0.8897148433712639 neg 0.06811913172772162 off 0.0421660249010144	false	1.0
hackfresse	off 1.0		__DUMMY__ 0.8835814691845923 neg 0.0598978010302909 off 0.0565207297851167	false	0.5
aufblasen	neg 1.0		__DUMMY__ 0.8905828999255225 neg 0.06181383155919368 off 0.047603268515283896	false	1.0
gewaltsam	neg 1.0		__DUMMY__ 0.8841290702940228 neg 0.06768562863841619 off 0.04818530106756098	false	1.0
unbeliebtheit	neg 1.0		__DUMMY__ 0.8767794220437904 neg 0.07021385185118809 off 0.05300672610502153	false	1.0
sturheit	neg 1.0		__DUMMY__ 0.8848837749640334 neg 0.06873268423716979 off 0.04638354079879679	false	1.0
kuh	neg 1.0		__DUMMY__ 0.8859130701309808 neg 0.0662435667274293 off 0.04784336314158992	false	1.0
erschrecken	neg 1.0		__DUMMY__ 0.8887474860429078 neg 0.06174561948975107 off 0.04950689446734118	false	1.0
opfer	neg 1.0	neg 1.0	neg 0.5208461958615374 __DUMMY__ 0.4455923185515706 off 0.03356148558689198	false	1.0
sinken	neg 1.0		__DUMMY__ 0.8902444511172151 neg 0.06724566652184524 off 0.04250988236093974	false	1.0
stinktier	neg 1.0		__DUMMY__ 0.8829030356739501 neg 0.06300925827481679 off 0.05408770605123308	false	1.0
tucke	off 1.0		__DUMMY__ 0.8852860417992321 neg 0.058104118654921356 off 0.05660983954584662	false	0.5
ein			__DUMMY__ 0.8928507843650146 neg 0.060370978977817444 off 0.04677823665716786	false	0.0
abstieg	neg 1.0		__DUMMY__ 0.8860104906753589 neg 0.0680736674590975 off 0.045915841865543656	false	1.0
missverstehen	neg 1.0		__DUMMY__ 0.8849111146696725 neg 0.0664006445499725 off 0.04868824078035494	false	1.0
ergebnislos	neg 1.0		__DUMMY__ 0.8875917418683259 neg 0.06693114106463219 off 0.045477117067042	false	1.0
unter			__DUMMY__ 0.8974004724291641 neg 0.06453176146019438 off 0.03806776611064161	false	0.0
manipulieren	neg 1.0		__DUMMY__ 0.8880642363591754 neg 0.06809170823319129 off 0.04384405540763321	false	1.0
unbewiesen	neg 1.0		__DUMMY__ 0.8791201203205808 neg 0.07279477224074249 off 0.048085107438676736	false	1.0
verschleppen	neg 1.0		__DUMMY__ 0.886802148892939 neg 0.06786047725845173 off 0.045337373848609315	false	1.0
weib	off 1.0		__DUMMY__ 0.8821191947597234 neg 0.06031693081714054 off 0.05756387442313592	false	0.5
opposition	neg 1.0		__DUMMY__ 0.882243896837588 neg 0.06911653280903965 off 0.04863957035337237	false	1.0
verkehrswidrig	neg 1.0		__DUMMY__ 0.8868516417132256 neg 0.058480144828531894 off 0.05466821345824248	false	1.0
inkorrekt	neg 1.0		__DUMMY__ 0.8802515001834806 neg 0.06792588366521934 off 0.0518226161513	false	1.0
vermeiden	neg 1.0		__DUMMY__ 0.8941083074459584 neg 0.06581427958506167 off 0.040077412968979945	false	1.0
abweichung	neg 1.0		__DUMMY__ 0.882551689458705 neg 0.07183132367907423 off 0.04561698686222082	false	1.0
alkoholisiert	neg 1.0		__DUMMY__ 0.8907184276895825 neg 0.06471654534939159 off 0.044565026961025864	false	1.0
scheiss	off 1.0	off 1.0	off 0.5090095671695491 __DUMMY__ 0.44436872069425026 neg 0.046621712136200574	false	1.0
herausforderung	neg 1.0		__DUMMY__ 0.89517784567996 neg 0.06012049426442296 off 0.04470166005561699	false	1.0
pervers	off 1.0		__DUMMY__ 0.8814745042783159 off 0.059824675348663155 neg 0.05870082037302102	false	1.0
wackelig	neg 1.0		__DUMMY__ 0.8946791244289777 neg 0.060916354395013646 off 0.04440452117600863	false	1.0
verwickeln	neg 1.0		__DUMMY__ 0.8865281717123592 neg 0.06503009000563419 off 0.048441738282006604	false	1.0
vorwand	neg 1.0		__DUMMY__ 0.8883944601707551 neg 0.06877680491853973 off 0.0428287349107052	false	1.0
muschi	off 1.0		__DUMMY__ 0.885935695570117 neg 0.06651796777384685 off 0.04754633665603614	false	0.5
entmutigung	neg 1.0		__DUMMY__ 0.8762256328129432 neg 0.07378865527482203 off 0.04998571191223478	false	1.0
unangemessen	neg 1.0		__DUMMY__ 0.8849052782593791 neg 0.0696519405990521 off 0.04544278114156876	false	1.0
unstetig	neg 1.0		__DUMMY__ 0.8852520698998985 neg 0.06487910258108869 off 0.0498688275190128	false	1.0
entmutigen	neg 1.0		__DUMMY__ 0.8888785008316457 neg 0.06344701540662392 off 0.047674483761730516	false	1.0
schwanz	neg 1.0		__DUMMY__ 0.889037237964562 neg 0.06554350102970945 off 0.04541926100572845	false	1.0
verbot	neg 1.0		__DUMMY__ 0.8838363106972938 neg 0.06983375356382492 off 0.0463299357388812	false	1.0
leid	neg 1.0		__DUMMY__ 0.8845403748620924 neg 0.06045365489936662 off 0.05500597023854103	false	1.0
archaisch	neg 1.0		__DUMMY__ 0.8854779441525962 neg 0.06880465521980754 off 0.04571740062759628	false	1.0
gegen			__DUMMY__ 0.8875196291714401 neg 0.06910866975570877 off 0.04337170107285116	false	0.0
scheidung	neg 1.0	neg 1.0	neg 0.50968629470643 __DUMMY__ 0.44009692799359207 off 0.05021677729997789	false	1.0
einschlag	neg 1.0		__DUMMY__ 0.8847743479092977 neg 0.06050950542950021 off 0.05471614666120208	false	1.0
m			__DUMMY__ 0.8904538586975369 neg 0.06381276759789747 off 0.045733373704565615	false	0.0
abgestanden	neg 1.0		__DUMMY__ 0.8906306728243284 neg 0.06324392763725604 off 0.046125399538415504	false	1.0
schmierig	off 1.0		__DUMMY__ 0.8862107114640638 neg 0.059735324172692165 off 0.054053964363244035	false	0.5
unpraktisch	neg 1.0		__DUMMY__ 0.8913296085901946 neg 0.0612775155666251 off 0.04739287584318028	false	1.0
wixxer	off 1.0		__DUMMY__ 0.8794173186051499 neg 0.06054109312740067 off 0.06004158826744945	false	0.5
bezeichnet			__DUMMY__ 0.885756178937084 neg 0.06762694576795669 off 0.046616875294959226	false	0.0
jammerlappen	off 1.0		__DUMMY__ 0.8867829161883712 neg 0.06276633192953916 off 0.050450751882089646	false	0.5
farce	neg 1.0		__DUMMY__ 0.8794985103512578 neg 0.07371138156280475 off 0.04679010808593741	false	1.0
zwecklos	neg 1.0		__DUMMY__ 0.8862625426278683 neg 0.06864996287328597 off 0.04508749449884577	false	1.0
turbulent	neg 1.0		__DUMMY__ 0.8842755232954737 neg 0.06223649798810585 off 0.05348797871642037	false	1.0
invasion	neg 1.0		__DUMMY__ 0.8890989107203845 neg 0.06150232513106686 off 0.04939876414854857	false	1.0
schuld	neg 1.0		__DUMMY__ 0.8870032877047018 neg 0.06533504994903563 off 0.04766166234626243	false	1.0
risiko	neg 1.0		__DUMMY__ 0.8912149581933095 neg 0.059333930428432276 off 0.04945111137825826	false	1.0
finster	neg 1.0		__DUMMY__ 0.8913784990266983 neg 0.06216307672927447 off 0.04645842424402724	false	1.0
geisteskrank	off 1.0		__DUMMY__ 0.8822732879166997 neg 0.06564725895751689 off 0.052079453125783416	false	0.5
zusammenbrechen	neg 1.0		__DUMMY__ 0.8901263288243543 neg 0.06417615122215896 off 0.04569751995348679	false	1.0
ausbeute	neg 1.0		__DUMMY__ 0.8928369357156949 neg 0.06293733966276799 off 0.044225724621537066	false	1.0
hinterhalt	neg 1.0		__DUMMY__ 0.8882296795059347 neg 0.06405611227728396 off 0.04771420821678137	false	1.0
kritik	neg 1.0		__DUMMY__ 0.8811139240330776 neg 0.072157683313382 off 0.04672839265354024	false	1.0
einschrumpfen	neg 1.0		__DUMMY__ 0.8820012221936039 neg 0.06756546131140691 off 0.050433316494989174	false	1.0
riskant	neg 1.0		__DUMMY__ 0.8894242338730354 neg 0.06658724211497907 off 0.043988524011985476	false	1.0
frustrieren	neg 1.0		__DUMMY__ 0.8881514515579655 neg 0.06787534563988916 off 0.0439732028021454	false	1.0
groll	neg 1.0		__DUMMY__ 0.8867856854043984 neg 0.06796923459603839 off 0.0452450799995632	false	1.0
gibt			__DUMMY__ 0.8880874976381291 neg 0.06641085026120586 off 0.04550165210066494	false	0.0
qualvoll	neg 1.0		__DUMMY__ 0.8893048964597661 neg 0.06221455217298248 off 0.048480551367251455	false	1.0
wackeln	neg 1.0		__DUMMY__ 0.8926780659852641 neg 0.060214825549575954 off 0.04710710846515996	false	1.0
klagen	neg 1.0		__DUMMY__ 0.8879823828218062 neg 0.0692019758533197 off 0.04281564132487417	false	1.0
bankrott	neg 1.0		__DUMMY__ 0.8885575362434419 neg 0.06095283370944061 off 0.050489630047117505	false	1.0
trauern	neg 1.0		__DUMMY__ 0.8898434823903512 neg 0.06603522934539541 off 0.044121288264253426	false	1.0
ablehnung	neg 1.0	neg 1.0	neg 0.5240775877560321 __DUMMY__ 0.44061721329103537 off 0.03530519895293246	false	1.0
stur	neg 1.0		__DUMMY__ 0.8874372659606974 neg 0.06462330648262167 off 0.04793942755668097	false	1.0
aufruhr	neg 1.0		__DUMMY__ 0.883050303021658 neg 0.06908313219832467 off 0.047866564780017266	false	1.0
melancholie	neg 1.0		__DUMMY__ 0.8926573156821419 neg 0.06285742927002297 off 0.0444852550478352	false	1.0
ist			__DUMMY__ 0.8867507905382475 neg 0.06522849402432565 off 0.04802071543742698	false	0.0
torheit	neg 1.0		__DUMMY__ 0.8805586059201272 neg 0.07092280910815678 off 0.048518584971715975	false	1.0
dreckskind	off 1.0		__DUMMY__ 0.8786985777522206 neg 0.06536537688016616 off 0.05593604536761327	false	0.5
umtauschen	neg 1.0		__DUMMY__ 0.8907994871974979 neg 0.06320491339086638 off 0.04599559941163575	false	1.0
zum			__DUMMY__ 0.8978353302996767 neg 0.06186152680829598 off 0.04030314289202734	false	0.0
zersetzen	neg 1.0		__DUMMY__ 0.8879472288076806 neg 0.06869074237666119 off 0.04336202881565812	false	1.0
zur			__DUMMY__ 0.8912258555051196 neg 0.06806128202747837 off 0.04071286246740205	false	0.0
frust	neg 1.0		__DUMMY__ 0.8893182347766262 neg 0.06510549758029094 off 0.04557626764308278	false	1.0
unerbittlichkeit	neg 1.0		__DUMMY__ 0.8869666039366888 neg 0.06891564191776722 off 0.04411775414554399	false	1.0
zwei			__DUMMY__ 0.8949458602367862 neg 0.06331652745607687 off 0.04173761230713699	false	0.0
unkorrekt	neg 1.0		__DUMMY__ 0.8822717925222966 neg 0.06548944789038479 off 0.05223875958731859	false	1.0
hexe	off 1.0		__DUMMY__ 0.8875801009105376 neg 0.06184421060683567 off 0.050575688482626696	false	0.5
lasch	neg 1.0		__DUMMY__ 0.8846238182287817 neg 0.065711989850416 off 0.04966419192080223	false	1.0
rivale	neg 1.0		__DUMMY__ 0.883370914803377 neg 0.06245855916764337 off 0.05417052602897967	false	1.0
mutlos	off 1.0	off 1.0	off 0.5040469819095409 __DUMMY__ 0.4427961456125175 neg 0.05315687247794149	false	1.0
wirr	off 1.0		__DUMMY__ 0.8823260349058625 neg 0.06432517972489896 off 0.053348785369238684	false	0.5
jahr			__DUMMY__ 0.8931404269852865 neg 0.06333605240499124 off 0.043523520609722234	false	0.0
wird			__DUMMY__ 0.888840819133631 neg 0.0668026800642701 off 0.04435650080209883	false	0.0
strafbar	neg 1.0		__DUMMY__ 0.8852933547990784 neg 0.07019975706242466 off 0.04450688813849687	false	1.0
erosion	neg 1.0		__DUMMY__ 0.8903740818758028 neg 0.061597918745013316 off 0.0480279993791839	false	1.0
eingehen	neg 1.0		__DUMMY__ 0.8869218821012124 neg 0.06824185292366125 off 0.04483626497512638	false	1.0
faul	off 1.0		__DUMMY__ 0.8906830221583059 neg 0.059555613824867785 off 0.049761364016826376	false	0.5
provisorium	neg 1.0		__DUMMY__ 0.895347984897761 neg 0.06702563575825872 off 0.03762637934398027	false	1.0
schmerzen	neg 1.0		__DUMMY__ 0.8904991574413845 neg 0.06409903281212571 off 0.045401809746489726	false	1.0
schrumpfen	neg 1.0		__DUMMY__ 0.8923325721014433 neg 0.06729344718690729 off 0.0403739807116493	false	1.0
geistlos	off 1.0		__DUMMY__ 0.8793925725874765 neg 0.07081286671735351 off 0.04979456069517003	false	0.5
fehlkauf	neg 1.0		__DUMMY__ 0.8860184876255667 neg 0.06457783784376463 off 0.04940367453066878	false	1.0
frustrierend	neg 1.0	neg 1.0	neg 0.5176219696974377 __DUMMY__ 0.4448253095265163 off 0.03755272077604606	false	1.0
unzufrieden	neg 1.0		__DUMMY__ 0.8877024602060101 neg 0.06722261396627646 off 0.045074925827713545	false	1.0
verzweifeln	neg 1.0		__DUMMY__ 0.8890651603701717 neg 0.06460632200874979 off 0.04632851762107853	false	1.0
verzweifelt	neg 1.0		__DUMMY__ 0.8875244655438437 neg 0.06466486801266623 off 0.04781066644349004	false	1.0
misstrauensantrag	neg 1.0		__DUMMY__ 0.884447898390599 neg 0.06630118349565502 off 0.049250918113745865	false	1.0
abfallen	neg 1.0		__DUMMY__ 0.8931531849549532 neg 0.059863345543451206 off 0.04698346950159549	false	1.0
fucker	off 1.0		__DUMMY__ 0.8839310139592144 neg 0.06263104416067572 off 0.053437941880109925	false	0.5
ungezogen	neg 1.0		__DUMMY__ 0.883823808348683 neg 0.058502048744777685 off 0.05767414290653933	false	1.0
irrsinnig	neg 1.0	neg 1.0	neg 0.5205759901165938 __DUMMY__ 0.4433915974174625 off 0.03603241246594372	false	1.0
unfassbar	neg 1.0		__DUMMY__ 0.8864256184947122 neg 0.06277829530434932 off 0.05079608620093842	false	1.0
hart	neg 1.0		__DUMMY__ 0.8850302669350104 neg 0.06418656121448012 off 0.05078317185050942	false	1.0
widerlich	off 1.0		__DUMMY__ 0.8846456115505127 neg 0.06373852755009345 off 0.0516158608993939	false	0.5
fatal	neg 1.0		__DUMMY__ 0.8863333048271779 neg 0.06432303158549497 off 0.04934366358732712	false	1.0
bruch	neg 1.0		__DUMMY__ 0.8860557534861994 neg 0.07143041409941599 off 0.04251383241438458	false	1.0
aushungern	neg 1.0		__DUMMY__ 0.8833145992378039 neg 0.06878667744721946 off 0.047898723314976695	false	1.0
anspannung	neg 1.0		__DUMMY__ 0.8929833046390847 neg 0.06570245944785827 off 0.04131423591305694	false	1.0
von			__DUMMY__ 0.8935759984649617 neg 0.0636109822417336 off 0.04281301929330477	false	0.0
kraftlos	neg 1.0		__DUMMY__ 0.8932379829411268 neg 0.062412146635300474 off 0.04434987042357274	false	1.0
vom			__DUMMY__ 0.8968680505406317 neg 0.0646966905948584 off 0.03843525886450993	false	0.0
grenzdebil	off 1.0		__DUMMY__ 0.8875631365440864 neg 0.06082479990033908 off 0.051612063555574544	false	0.5
vor			__DUMMY__ 0.8919090776175576 neg 0.06585649968451868 off 0.04223442269792379	false	0.0
unterwerfen	neg 1.0		__DUMMY__ 0.8871987561846184 neg 0.06825259144994535 off 0.04454865236543626	false	1.0
versenkung	neg 1.0		__DUMMY__ 0.8885764386129605 neg 0.06727543400067934 off 0.04414812738636015	false	1.0
entziehen	neg 1.0		__DUMMY__ 0.888618026980044 neg 0.06899352022788749 off 0.04238845279206848	false	1.0
finanzkrise	neg 1.0		__DUMMY__ 0.882426106797285 neg 0.0703335991189223 off 0.04724029408379275	false	1.0
schimpfend	neg 1.0		__DUMMY__ 0.8945594778917624 neg 0.05802045618401971 off 0.04742006592421797	false	1.0
profan	neg 1.0		__DUMMY__ 0.8874360382001593 neg 0.06410526893208524 off 0.048458692867755455	false	1.0
korruption	neg 1.0		__DUMMY__ 0.8831179293936153 neg 0.07095734708307724 off 0.045924723523307495	false	1.0
â			__DUMMY__ 0.8902861736928903 neg 0.06469680675332569 off 0.04501701955378399	false	0.0
schmutzig	neg 1.0		__DUMMY__ 0.8902256876938806 neg 0.05873809093848151 off 0.051036221367638	false	1.0
sexy	neg 1.0		__DUMMY__ 0.8875595162332405 neg 0.06214556572123562 off 0.05029491804552386	false	1.0
abraten	neg 1.0		__DUMMY__ 0.8898031880273023 neg 0.06254586939160783 off 0.0476509425810899	false	1.0
schwarz	neg 1.0		__DUMMY__ 0.8868517102942125 neg 0.06456754129443858 off 0.04858074841134898	false	1.0
fotze	off 1.0		__DUMMY__ 0.8867708330510276 neg 0.06722420477707049 off 0.04600496217190193	false	0.5
verwirren	neg 1.0		__DUMMY__ 0.8875134921844903 neg 0.06328791099282059 off 0.049198596822689164	false	1.0
zahnlos	off 1.0		__DUMMY__ 0.8862025313734987 neg 0.06837342707457274 off 0.04542404155192851	false	0.5
verheeren	neg 1.0		__DUMMY__ 0.8793100274071375 neg 0.060897876655763954 off 0.0597920959370985	false	1.0
hippie	neg 1.0		__DUMMY__ 0.887023829077428 neg 0.06278128117885508 off 0.050194889743716914	false	1.0
rammen	neg 1.0		__DUMMY__ 0.8889494162470981 neg 0.06225448402164565 off 0.048796099731256294	false	1.0
unlauter	neg 1.0	neg 1.0	neg 0.5200013387676844 __DUMMY__ 0.44271051086453167 off 0.03728815036778397	false	1.0
unheilvoll	neg 1.0		__DUMMY__ 0.8896812285264204 neg 0.06225925426239166 off 0.04805951721118794	false	1.0
niedrig	neg 1.0		__DUMMY__ 0.888026426979771 neg 0.0672335321437742 off 0.04474004087645493	false	1.0
explosion	neg 1.0		__DUMMY__ 0.8886727631513383 neg 0.0617106930388307 off 0.04961654380983106	false	1.0
weichei	off 1.0		__DUMMY__ 0.8837606626106224 neg 0.06069712448138389 off 0.0555422129079938	false	0.5
minusmensch	off 1.0		__DUMMY__ 0.8774792368381521 neg 0.06268315020991827 off 0.05983761295192959	false	0.5
farblos	neg 1.0		__DUMMY__ 0.8878008754896031 neg 0.06483539227445166 off 0.04736373223594524	false	1.0
unwissend	neg 1.0	neg 1.0	neg 0.5187833199028944 __DUMMY__ 0.44265057321284973 off 0.03856610688425597	false	1.0
traurig	neg 1.0		__DUMMY__ 0.8869106789088032 neg 0.060168817952999595 off 0.05292050313819731	false	1.0
senkung	neg 1.0		__DUMMY__ 0.8859818489596596 neg 0.06455119398286012 off 0.04946695705748034	false	1.0
ungleich	neg 1.0	neg 1.0	neg 0.5229463790912228 __DUMMY__ 0.4434603971589895 off 0.033593223749787786	false	1.0
heikel	neg 1.0		__DUMMY__ 0.8885970486241525 neg 0.06815371353592124 off 0.04324923783992637	false	1.0
drosselung	neg 1.0		__DUMMY__ 0.8880580264280459 neg 0.058888410160320086 off 0.05305356341163414	false	1.0
falsch	neg 1.0		__DUMMY__ 0.8868328657609998 neg 0.06321946896814203 off 0.049947665270858095	false	1.0
unzufriedenheit	neg 1.0		__DUMMY__ 0.8879802391298566 neg 0.06877835182766379 off 0.04324140904247965	false	1.0
kurz	neg 1.0		__DUMMY__ 0.8924786505114468 neg 0.06232428627388991 off 0.04519706321466318	false	1.0
unsinnig	neg 1.0		__DUMMY__ 0.8873087131231076 neg 0.06726919405833788 off 0.045422092818554596	false	1.0
penner	off 1.0	off 1.0	off 0.5132600342554928 __DUMMY__ 0.44189811875349627 neg 0.044841846991010875	false	1.0
seicht	neg 1.0		__DUMMY__ 0.8799052231634268 neg 0.062194385553676235 off 0.057900391282896965	false	1.0
dummheit	off 1.0	off 1.0	off 0.5072707397184663 __DUMMY__ 0.4422987672762107 neg 0.05043049300532306	false	1.0
unerfreulich	neg 1.0		__DUMMY__ 0.8896437409724073 neg 0.06771457756515799 off 0.04264168146243471	false	1.0
motherfucker	off 1.0	off 1.0	off 0.5105916827318528 __DUMMY__ 0.4419706464643603 neg 0.047437670803786934	false	1.0
pikiert	neg 1.0		__DUMMY__ 0.8852487990308766 neg 0.06416886561699439 off 0.050582335352129026	false	1.0
wrack	neg 1.0		__DUMMY__ 0.8917334774435688 neg 0.06331576367603843 off 0.044950758880392815	false	1.0
gangster	neg 1.0		__DUMMY__ 0.887115939730602 neg 0.0634074544767145 off 0.049476605792683544	false	1.0
krank	neg 1.0		__DUMMY__ 0.8893119860238843 neg 0.059439678196549876 off 0.05124833577956589	false	1.0
reich	neg 1.0		__DUMMY__ 0.8781458897932799 neg 0.0701837748650531 off 0.051670335341667005	false	1.0
gnadenlos	neg 1.0		__DUMMY__ 0.8876211839580288 neg 0.06460996747648776 off 0.04776884856548351	false	1.0
niedergeschlagen	neg 1.0		__DUMMY__ 0.8896377612193911 neg 0.06479149626846219 off 0.04557074251214673	false	1.0
terrorisieren	off 1.0	off 1.0	off 0.5036728953437926 __DUMMY__ 0.44597473761467554 neg 0.050352367041531905	false	1.0
sinnlosigkeit	neg 1.0		__DUMMY__ 0.8864610172174813 neg 0.06816061076282018 off 0.0453783720196985	false	1.0
behindern	neg 1.0		__DUMMY__ 0.8905518708540058 neg 0.06281357873526569 off 0.046634550410728434	false	1.0
undemokratisch	neg 1.0		__DUMMY__ 0.8817366386240235 neg 0.0694942698528988 off 0.048769091523077554	false	1.0
wirtschaftskrise	neg 1.0		__DUMMY__ 0.8848540446160265 neg 0.0694252744079517 off 0.0457206809760218	false	1.0
neid	neg 1.0		__DUMMY__ 0.8899184227251784 neg 0.0608107101912044 off 0.04927086708361722	false	1.0
rutschen	neg 1.0		__DUMMY__ 0.8981030137500589 neg 0.06157187816128577 off 0.04032510808865536	false	1.0
rezession	neg 1.0		__DUMMY__ 0.879883402802175 neg 0.0651517963455943 off 0.05496480085223068	false	1.0
fehlgeburt	neg 1.0		__DUMMY__ 0.8880016651711868 neg 0.06489633115518464 off 0.04710200367362858	false	1.0
charakterschwach	off 1.0		__DUMMY__ 0.8850570147228136 neg 0.06338772701704054 off 0.05155525826014584	false	0.5
isolation	neg 1.0		__DUMMY__ 0.8874818733760461 neg 0.061520585828418024 off 0.05099754079553585	false	1.0
ablenkung	neg 1.0		__DUMMY__ 0.889871594686952 neg 0.06314582789798392 off 0.04698257741506412	false	1.0
pech	neg 1.0		__DUMMY__ 0.887878641436853 neg 0.06332977392897182 off 0.04879158463417522	false	1.0
vermeidung	neg 1.0		__DUMMY__ 0.8884435559346459 neg 0.0594957095152956 off 0.05206073455005844	false	1.0
dominieren	neg 1.0		__DUMMY__ 0.8881815244397402 neg 0.0657894073171934 off 0.04602906824306633	false	1.0
schwindlig	neg 1.0		__DUMMY__ 0.8911382678524037 neg 0.06040099654851975 off 0.04846073559907648	false	1.0
lutscher	neg 1.0		__DUMMY__ 0.8805283532289734 neg 0.06122614541452652 off 0.058245501356500175	false	1.0
pflicht	neg 1.0		__DUMMY__ 0.8880561301522828 neg 0.06866567575699593 off 0.043278194090721235	false	1.0
faschist	off 1.0		__DUMMY__ 0.8812702075979367 neg 0.0692096194879861 off 0.04952017291407721	false	0.5
verschleudern	neg 1.0		__DUMMY__ 0.8853907841165194 neg 0.06941218206812733 off 0.0451970338153533	false	1.0
wenn			__DUMMY__ 0.8872862689599645 neg 0.0627831316976753 off 0.04993059934236021	false	0.0
ehebruch	neg 1.0		__DUMMY__ 0.8860545727093008 neg 0.06899142756325038 off 0.044953999727448804	false	1.0
spott	off 1.0		__DUMMY__ 0.8862525272739422 neg 0.06930051859087638 off 0.04444695413518149	false	0.5
trostlosigkeit	neg 1.0		__DUMMY__ 0.8837826042332544 neg 0.07270062217050753 off 0.04351677359623814	false	1.0
lutschen	neg 1.0		__DUMMY__ 0.8846853858701899 neg 0.06453845166540617 off 0.05077616246440404	false	1.0
undiszipliniert	neg 1.0		__DUMMY__ 0.8862504287134837 neg 0.06132550361906917 off 0.05242406766744717	false	1.0
kopfschmerz	neg 1.0		__DUMMY__ 0.8885982154954328 neg 0.06537522625018198 off 0.046026558254385265	false	1.0
unvorhergesehen	neg 1.0		__DUMMY__ 0.8935152695875065 neg 0.06164870623717138 off 0.04483602417532214	false	1.0
desinteressiert	neg 1.0		__DUMMY__ 0.8845360953023957 neg 0.06308235913269584 off 0.0523815455649085	false	1.0
armselig	off 1.0		__DUMMY__ 0.8833330502754995 neg 0.0633376508223497 off 0.05332929890215087	false	0.5
desaster	neg 1.0		__DUMMY__ 0.8864611687075538 neg 0.0712533983753664 off 0.04228543291707996	false	1.0
tod	neg 1.0		__DUMMY__ 0.884707205766894 neg 0.07094525451345214 off 0.04434753971965392	false	1.0
herzlos	neg 1.0		__DUMMY__ 0.8863648915163668 neg 0.06006883096855416 off 0.05356627751507906	false	1.0
unwissenheit	neg 1.0		__DUMMY__ 0.8853574719123362 neg 0.06921525301839977 off 0.04542727506926414	false	1.0
widersinnig	neg 1.0		__DUMMY__ 0.8820855327547197 neg 0.07123028496135901 off 0.04668418228392121	false	1.0
bedenklich	neg 1.0		__DUMMY__ 0.8880328174665805 neg 0.06788378702260996 off 0.044083395510809455	false	1.0
beanstanden	neg 1.0		__DUMMY__ 0.8886953343372402 neg 0.06839708331425429 off 0.04290758234850548	false	1.0
panisch	neg 1.0	neg 1.0	neg 0.5145797380240202 __DUMMY__ 0.44914745023417424 off 0.03627281174180558	false	1.0
debil	off 1.0		__DUMMY__ 0.8901940351496576 neg 0.06947613311845229 off 0.0403298317318902	false	0.5
abstrich	neg 1.0		__DUMMY__ 0.8932174375650741 neg 0.060714267188600145 off 0.04606829524632578	false	1.0
primitiv	neg 1.0		__DUMMY__ 0.8843473538404353 neg 0.06354527793388454 off 0.05210736822568014	false	1.0
abschaum	off 1.0	off 1.0	off 0.5088150607115972 __DUMMY__ 0.441644213862794 neg 0.049540725425608806	false	1.0
provozieren	neg 1.0		__DUMMY__ 0.8855823728972189 neg 0.0670285273031103 off 0.0473890997996708	false	1.0
tot	neg 1.0		__DUMMY__ 0.8868702058374328 neg 0.06724766799405796 off 0.04588212616850927	false	1.0
instabil	neg 1.0		__DUMMY__ 0.881093201569221 neg 0.06472141932932435 off 0.0541853791014546	false	1.0
schwuchtel	off 1.0		__DUMMY__ 0.8763377443342852 off 0.06286661065236661 neg 0.06079564501334811	false	1.0
zerren	neg 1.0		__DUMMY__ 0.8898657439191686 neg 0.06451900041764767 off 0.045615255663183675	false	1.0
kinderficker	off 1.0		__DUMMY__ 0.8822334875284972 neg 0.06256461076637464 off 0.055201901705128224	false	0.5
gefahr	neg 1.0		__DUMMY__ 0.886689842929315 neg 0.06857595052553077 off 0.044734206545154274	false	1.0
rabiat	neg 1.0		__DUMMY__ 0.8878541665315925 neg 0.06512694457188681 off 0.04701888889652055	false	1.0
verlangsamung	neg 1.0		__DUMMY__ 0.8797089199427919 neg 0.06272187267807855 off 0.05756920737912947	false	1.0
ausgestorben	neg 1.0		__DUMMY__ 0.8893839625763678 neg 0.06493728273525223 off 0.04567875468838001	false	1.0
anklagen	neg 1.0		__DUMMY__ 0.8854012386898815 neg 0.06765319642762302 off 0.046945564882495426	false	1.0
trott	neg 1.0		__DUMMY__ 0.8893566973424327 neg 0.0638153307412504 off 0.046827971916317004	false	1.0
verminderung	neg 1.0		__DUMMY__ 0.8859762665114979 neg 0.061161327125321276 off 0.052862406363180854	false	1.0
nach			__DUMMY__ 0.895307415190942 neg 0.06427493622648392 off 0.04041764858257405	false	0.0
rost	neg 1.0		__DUMMY__ 0.8828010534692461 neg 0.059616512206043776 off 0.05758243432471016	false	1.0
destruktiv	neg 1.0		__DUMMY__ 0.884743447077115 neg 0.06872877394649156 off 0.04652777897639338	false	1.0
unzumutbarkeit	neg 1.0		__DUMMY__ 0.8878725325498825 neg 0.059902771793530735 off 0.05222469565658669	false	1.0
labil	off 1.0	off 1.0	off 0.509419555963385 __DUMMY__ 0.4422150006504984 neg 0.048365443386116654	false	1.0
ziemlich	neg 1.0		__DUMMY__ 0.8870167974748744 neg 0.061755627773180936 off 0.05122757475194461	false	1.0
lachnummer	off 1.0		__DUMMY__ 0.8850365219958188 neg 0.06832719963834906 off 0.046636278365832076	false	0.5
oder			__DUMMY__ 0.8905390787429419 neg 0.06294119230933998 off 0.04651972894771811	false	0.0
verfall	neg 1.0		__DUMMY__ 0.8902630250366795 neg 0.06926758977189398 off 0.04046938519142647	false	1.0
ausgrenzung	neg 1.0		__DUMMY__ 0.8818405085741067 neg 0.06887911301519398 off 0.04928037841069927	false	1.0
unordnung	neg 1.0		__DUMMY__ 0.8830306545092396 neg 0.062460763356670994 off 0.05450858213408949	false	1.0
fehlverhalten	neg 1.0		__DUMMY__ 0.8865001202352581 neg 0.0692125704679122 off 0.04428730929682966	false	1.0
eine			__DUMMY__ 0.8908638971562414 neg 0.06668228992825499 off 0.042453812915503604	false	0.0
nille	neg 1.0		__DUMMY__ 0.8848602646052404 neg 0.06767804549636042 off 0.04746168989839921	false	1.0
qual	neg 1.0		__DUMMY__ 0.8890481844726928 neg 0.06413002907433665 off 0.04682178645297044	false	1.0
verschwenden	neg 1.0		__DUMMY__ 0.8885372339632606 neg 0.0674327817322576 off 0.04402998430448176	false	1.0
riesig	neg 1.0		__DUMMY__ 0.8892476965399699 neg 0.06470672568723708 off 0.04604557777279297	false	1.0
verurteilen	neg 1.0		__DUMMY__ 0.8850203745167984 neg 0.06928302432795878 off 0.045696601155242926	false	1.0
klischee	neg 1.0	neg 1.0	neg 0.5204634519573069 __DUMMY__ 0.44179454030590315 off 0.03774200773679002	false	1.0
diktatorisch	neg 1.0		__DUMMY__ 0.8798420752124673 neg 0.07134973322311391 off 0.04880819156441885	false	1.0
vorhersehbar	neg 1.0		__DUMMY__ 0.8836893069602798 neg 0.06749716226370701 off 0.048813530776013206	false	1.0
sowie			__DUMMY__ 0.8804234857309364 neg 0.06320279837241048 off 0.05637371589665307	false	0.0
stornieren	neg 1.0		__DUMMY__ 0.8905527853147958 neg 0.06066483711864266 off 0.04878237756656169	false	1.0
besteuerung	neg 1.0		__DUMMY__ 0.8859074768076484 neg 0.06607319039327628 off 0.048019332799075394	false	1.0
ungeschminkt	neg 1.0		__DUMMY__ 0.8857916903081721 neg 0.06280888060407755 off 0.05139942908775046	false	1.0
kritisch	neg 1.0		__DUMMY__ 0.8862280215424939 neg 0.0692905402180317 off 0.044481438239474376	false	1.0
schlamperei	off 1.0		__DUMMY__ 0.8864926034059105 neg 0.06850965085224862 off 0.04499774574184082	false	0.5
sucht	neg 1.0	neg 1.0	neg 0.5132402158563487 __DUMMY__ 0.44995227752029365 off 0.03680750662335768	false	1.0
egoistisch	off 1.0		__DUMMY__ 0.8841121183100424 neg 0.060311234057404794 off 0.05557664763255266	false	0.5
ausbeuter	off 1.0		__DUMMY__ 0.8854206918097216 neg 0.0705549256000203 off 0.04402438259025813	false	0.5
arschgeburt	off 1.0		__DUMMY__ 0.8763948163338744 off 0.06282736385815749 neg 0.060777819807968106	false	1.0
schubs	neg 1.0	neg 1.0	neg 0.517721445910843 __DUMMY__ 0.4487565678264345 off 0.033521986262722465	false	1.0
unsolide	neg 1.0		__DUMMY__ 0.8776579604654171 neg 0.07075640926059194 off 0.05158563027399093	false	1.0
beschwerde	neg 1.0		__DUMMY__ 0.8865313827072843 neg 0.06791248129261358 off 0.04555613600010207	false	1.0
stocken	neg 1.0		__DUMMY__ 0.8892984724802115 neg 0.0657533904784965 off 0.04494813704129187	false	1.0
isolieren	neg 1.0		__DUMMY__ 0.8912503908568982 neg 0.06231865431210687 off 0.04643095483099496	false	1.0
unheilbar	neg 1.0		__DUMMY__ 0.8866601486927198 neg 0.06570416717189252 off 0.04763568413538765	false	1.0
pisser	off 1.0		__DUMMY__ 0.8826621340556793 neg 0.06322077387903514 off 0.05411709206528554	false	0.5
löschen	neg 1.0		__DUMMY__ 0.8871372725320686 neg 0.0648512305669226 off 0.04801149690100876	false	1.0
durchfallen	neg 1.0		__DUMMY__ 0.8883827976447749 neg 0.06713372827348943 off 0.04448347408173576	false	1.0
wichser	off 1.0		__DUMMY__ 0.8812773457333044 neg 0.059405400113416156 off 0.05931725415327936	false	0.5
terror	neg 1.0		__DUMMY__ 0.8896156162585889 neg 0.0606374012936323 off 0.04974698244777879	false	1.0
krass	neg 1.0		__DUMMY__ 0.8852594662656109 neg 0.06115361685682353 off 0.05358691687756549	false	1.0
revolte	neg 1.0	neg 1.0	neg 0.523619318042955 __DUMMY__ 0.4381706242689574 off 0.03821005768808765	false	1.0
besorgt	neg 1.0		__DUMMY__ 0.8938025609213139 neg 0.06080089098818231 off 0.0453965480905038	false	1.0
nachlassen	neg 1.0		__DUMMY__ 0.890316660648171 neg 0.06454905618780456 off 0.04513428316402437	false	1.0
alt	neg 1.0		__DUMMY__ 0.8937015314096617 neg 0.06324508723966767 off 0.043053381350670585	false	1.0
hundesohn	off 1.0		__DUMMY__ 0.8788433812687213 neg 0.06207599540690964 off 0.05908062332436916	false	0.5
als			__DUMMY__ 0.8903081163393937 neg 0.06473660241192038 off 0.04495528124868594	false	0.0
abschreckung	neg 1.0		__DUMMY__ 0.8876574873372038 neg 0.06913441719700518 off 0.043208095465791005	false	1.0
unqualifiziert	neg 1.0		__DUMMY__ 0.8848203868947343 neg 0.06607244136880938 off 0.04910717173645637	false	1.0
abgewichst	off 1.0		__DUMMY__ 0.8871518613358408 neg 0.06644312986333711 off 0.046405008800822156	false	0.5
schwer	neg 1.0		__DUMMY__ 0.8891176717891509 neg 0.06444237352033531 off 0.04643995469051375	false	1.0
bedeutungslosigkeit	neg 1.0		__DUMMY__ 0.8865710355214077 neg 0.06968897641697933 off 0.04373998806161293	false	1.0
kapitulation	neg 1.0		__DUMMY__ 0.8817753085579294 neg 0.07258254152090947 off 0.04564214992116111	false	1.0
unscharf	neg 1.0		__DUMMY__ 0.8875901476490574 neg 0.06361967732565908 off 0.04879017502528357	false	1.0
schwinden	neg 1.0		__DUMMY__ 0.8889646609751068 neg 0.0672705222348614 off 0.04376481679003186	false	1.0
versklavung	neg 1.0	neg 1.0	neg 0.523057891354165 __DUMMY__ 0.4401668016095961 off 0.036775307036238956	false	1.0
schlecht	neg 1.0		__DUMMY__ 0.887543784147608 neg 0.0609182555475372 off 0.05153796030485486	false	1.0
verhasst	neg 1.0		__DUMMY__ 0.8848579867773522 neg 0.06768091382198126 off 0.04746109940066652	false	1.0
beschweren	neg 1.0		__DUMMY__ 0.8884287016737016 neg 0.06343369430319981 off 0.0481376040230985	false	1.0
scheiden	neg 1.0		__DUMMY__ 0.8890168718760404 neg 0.06495248361967766 off 0.046030644504281834	false	1.0
frustriert	neg 1.0		__DUMMY__ 0.8884199440787837 neg 0.06578812725880251 off 0.045791928662413856	false	1.0
schimmelig	neg 1.0		__DUMMY__ 0.8883858845955808 neg 0.06776065882839317 off 0.04385345657602603	false	1.0
fisch	neg 1.0	neg 1.0	neg 0.5172990932877348 __DUMMY__ 0.44919014595407825 off 0.033510760758186875	false	1.0
schmuggel	neg 1.0		__DUMMY__ 0.8923671508843063 neg 0.06447470698899326 off 0.0431581421267004	false	1.0
auffallen	neg 1.0		__DUMMY__ 0.8877997105840707 neg 0.06369100882949551 off 0.048509280586433785	false	1.0
konkurrenz	neg 1.0		__DUMMY__ 0.8914139635403737 neg 0.0658208465364175 off 0.04276518992320881	false	1.0
teufelskreis	neg 1.0		__DUMMY__ 0.886871807606506 neg 0.06702367503137237 off 0.04610451736212162	false	1.0
aufschreien	neg 1.0		__DUMMY__ 0.8851588211180539 neg 0.06618536328760859 off 0.048655815594337536	false	1.0
schuldner	neg 1.0		__DUMMY__ 0.8859635884601208 neg 0.06958914373254245 off 0.04444726780733683	false	1.0
missgeburt	off 1.0	off 1.0	off 0.5127797124398421 __DUMMY__ 0.4402953463451183 neg 0.046924941215039415	false	1.0
arbeitslos	neg 1.0		__DUMMY__ 0.8869143489149861 neg 0.06768148760043052 off 0.04540416348458336	false	1.0
befallen	neg 1.0		__DUMMY__ 0.8830070521641897 neg 0.0713575885471883 off 0.045635359288622	false	1.0
miesepetrig	off 1.0		__DUMMY__ 0.8883819879776124 neg 0.06071835741281755 off 0.05089965460957009	false	0.5
alarmieren	neg 1.0		__DUMMY__ 0.8840296286129408 neg 0.06466203174305955 off 0.05130833964399973	false	1.0
ungeduscht	off 1.0		__DUMMY__ 0.8879276892797806 neg 0.06326560303736495 off 0.04880670768285447	false	0.5
knappheit	neg 1.0		__DUMMY__ 0.8874711727247799 neg 0.06695719212130066 off 0.04557163515391946	false	1.0
schlange	neg 1.0		__DUMMY__ 0.890270068405743 neg 0.06201606475815901 off 0.04771386683609807	false	1.0
harsch	neg 1.0		__DUMMY__ 0.8860821768294451 neg 0.05771836246605644 off 0.056199460704498494	false	1.0
lang	neg 1.0		__DUMMY__ 0.8879375165856401 neg 0.06405733770507693 off 0.048005145709282854	false	1.0
ziellos	neg 1.0		__DUMMY__ 0.8893109971616785 neg 0.06600888880832563 off 0.04468011402999596	false	1.0
selbstverliebt	neg 1.0		__DUMMY__ 0.8772691331980731 neg 0.062215730023202666 off 0.06051513677872422	false	1.0
beseitigen	neg 1.0		__DUMMY__ 0.8917283146043159 neg 0.060603009759737654 off 0.047668675635946435	false	1.0
dumm	off 1.0		__DUMMY__ 0.8825536417231341 neg 0.06126858432138811 off 0.056177773955477815	false	0.5
arbeitsloser	neg 1.0		__DUMMY__ 0.8876720894367158 neg 0.06757363081072734 off 0.044754279752556754	false	1.0
blitzen	neg 1.0		__DUMMY__ 0.8860429652991396 neg 0.06387315237264346 off 0.050083882328217026	false	1.0
hilflos	neg 1.0		__DUMMY__ 0.8889201117727267 neg 0.06566963905888222 off 0.04541024916839114	false	1.0
eklig	off 1.0		__DUMMY__ 0.8812513093965387 neg 0.06190729489552385 off 0.05684139570793735	false	0.5
begriff			__DUMMY__ 0.8874755453365587 neg 0.06664773615519763 off 0.04587671850824364	false	0.0
hungersnot	neg 1.0		__DUMMY__ 0.8813085964054603 neg 0.071334048304391 off 0.0473573552901487	false	1.0
ungesetzlich	neg 1.0		__DUMMY__ 0.880836131513113 neg 0.06924473261486104 off 0.04991913587202599	false	1.0
verschwendung	neg 1.0		__DUMMY__ 0.8888277995306538 neg 0.06775056473183853 off 0.043421635737507604	false	1.0
schmerzvoll	neg 1.0		__DUMMY__ 0.8882653742101204 neg 0.06366564575042262 off 0.04806898003945701	false	1.0
vorzeitig	neg 1.0		__DUMMY__ 0.8873830686739486 neg 0.06126669229095615 off 0.0513502390350953	false	1.0
unvollkommenheit	neg 1.0		__DUMMY__ 0.8881621892109293 neg 0.0647547200419185 off 0.04708309074715228	false	1.0
intervenieren	neg 1.0		__DUMMY__ 0.8847060517230677 neg 0.07092348713654895 off 0.044370461140383476	false	1.0
banause	off 1.0		__DUMMY__ 0.8802785501552497 neg 0.061702779593855235 off 0.058018670250894945	false	0.5
rebell	neg 1.0		__DUMMY__ 0.891349864060763 neg 0.06632370659810882 off 0.04232642934112818	false	1.0
unlogisch	neg 1.0		__DUMMY__ 0.8840192819258439 neg 0.06260588537412856 off 0.05337483270002747	false	1.0
leiden	neg 1.0	neg 1.0	neg 0.5150879190736023 __DUMMY__ 0.45299383326512005 off 0.031918247661277675	false	1.0
abschaffung	neg 1.0		__DUMMY__ 0.8847794667375476 neg 0.06713556946404332 off 0.04808496379840909	false	1.0
sturz	neg 1.0		__DUMMY__ 0.8840360497880508 neg 0.06748096351404372 off 0.04848298669790543	false	1.0
verkleinerung	neg 1.0		__DUMMY__ 0.8824796986076071 neg 0.06690882634058447 off 0.050611475051808456	false	1.0
schmarotzer	off 1.0		__DUMMY__ 0.8855439588147366 neg 0.06933915435753271 off 0.045116886827730726	false	0.5
bestrafung	neg 1.0		__DUMMY__ 0.8864557943468064 neg 0.06548411286565797 off 0.04806009278753568	false	1.0
achtlos	neg 1.0		__DUMMY__ 0.8902188196701493 neg 0.06343378583235261 off 0.0463473944974981	false	1.0
ungeheuer	neg 1.0		__DUMMY__ 0.8864395224949617 neg 0.06495159641110965 off 0.048608881093928545	false	1.0
unaufrichtig	neg 1.0		__DUMMY__ 0.8821855188232839 neg 0.06795087315302872 off 0.049863608023687264	false	1.0
