unsolidarisch	neg 1.0		__DUMMY__ 0.8797482225141958 neg 0.07200959147766359 off 0.04824218600814059	false	1.0
nachteilig	neg 1.0		__DUMMY__ 0.8881121043891873 neg 0.06687743190450915 off 0.04501046370630358	false	1.0
skeptisch	neg 1.0		__DUMMY__ 0.8900065082589721 neg 0.06730114618087757 off 0.04269234556015022	false	1.0
schrecklich	neg 1.0		__DUMMY__ 0.8851561425925035 neg 0.06106158063563973 off 0.0537822767718567	false	1.0
schlapp	neg 1.0		__DUMMY__ 0.8898316777596993 neg 0.06032231317540214 off 0.04984600906489851	false	1.0
abfall	neg 1.0		__DUMMY__ 0.8906007356857675 neg 0.06807915028096571 off 0.041320114033266804	false	1.0
widerspenstig	neg 1.0		__DUMMY__ 0.8913500919114594 neg 0.062428859756740014 off 0.046221048331800574	false	1.0
abrupt	neg 1.0		__DUMMY__ 0.8922270114956553 neg 0.06263352418128729 off 0.04513946432305737	false	1.0
unwirksam	neg 1.0		__DUMMY__ 0.8827945804596495 neg 0.0693421222619596 off 0.047863297278390886	false	1.0
angreifen	neg 1.0		__DUMMY__ 0.8879272790789655 neg 0.06803178937869662 off 0.04404093154233789	false	1.0
inkonsistent	neg 1.0		__DUMMY__ 0.8863223354010715 neg 0.06503326485079614 off 0.04864439974813243	false	1.0
abrutschen	neg 1.0		__DUMMY__ 0.8917584306301128 neg 0.0668610171588756 off 0.04138055221101157	false	1.0
unsicher	neg 1.0		__DUMMY__ 0.8893655202086389 neg 0.06387022646053007 off 0.04676425333083107	false	1.0
bauernkind	off 1.0		__DUMMY__ 0.8803569974862546 neg 0.06309415715267332 off 0.056548845361072034	false	0.5
angreifer	neg 1.0		__DUMMY__ 0.8844946300519035 neg 0.06566129942570642 off 0.04984407052239007	false	1.0
trennen	neg 1.0		__DUMMY__ 0.8939317815427784 neg 0.06315956176033641 off 0.042908656696885136	false	1.0
schmutz	neg 1.0		__DUMMY__ 0.8940206313826021 neg 0.05531017420406804 off 0.05066919441332982	false	1.0
inkonsistenz	neg 1.0	neg 1.0	neg 0.5195278828822987 __DUMMY__ 0.4427773970738309 off 0.03769472004387042	false	1.0
erschreckend	neg 1.0		__DUMMY__ 0.8872990959306584 neg 0.066688653797657 off 0.04601225027168477	false	1.0
ertrinken	neg 1.0		__DUMMY__ 0.8915373882508054 neg 0.06439640087985976 off 0.044066210869334835	false	1.0
pickelface	off 1.0		__DUMMY__ 0.8863532528062764 neg 0.06577932215564203 off 0.047867425038081585	false	0.5
seiner			__DUMMY__ 0.8893923887844405 neg 0.06693160732578682 off 0.043676003889772656	false	0.0
lauch	neg 1.0		__DUMMY__ 0.8908487873756481 neg 0.06692016622860811 off 0.04223104639574382	false	1.0
unwichtig	neg 1.0		__DUMMY__ 0.8861826253838244 neg 0.06331195587346904 off 0.05050541874270666	false	1.0
steuerhinterziehung	neg 1.0		__DUMMY__ 0.8834899088615499 neg 0.06959547839873347 off 0.046914612739716643	false	1.0
schock	neg 1.0		__DUMMY__ 0.8922732870789544 neg 0.06257385106953903 off 0.04515286185150654	false	1.0
beule	neg 1.0		__DUMMY__ 0.8895038064481511 neg 0.05963325497256673 off 0.05086293857928228	false	1.0
vergelten	neg 1.0		__DUMMY__ 0.8823213897594206 neg 0.0623123044358184 off 0.055366305804761075	false	1.0
verdorbenheit	neg 1.0		__DUMMY__ 0.891832323924437 neg 0.060692183488670816 off 0.04747549258689223	false	1.0
trauma	neg 1.0		__DUMMY__ 0.887569703322257 neg 0.06404726300909526 off 0.0483830336686478	false	1.0
sinnlos	neg 1.0		__DUMMY__ 0.887488506101734 neg 0.06391572216925437 off 0.04859577172901152	false	1.0
fettsack	off 1.0	off 1.0	off 0.5121650660678606 __DUMMY__ 0.44066862996076495 neg 0.047166303971374494	false	1.0
feige	off 1.0		__DUMMY__ 0.8844069369618347 neg 0.06523638375339334 off 0.050356679284772034	false	0.5
abdanken	neg 1.0		__DUMMY__ 0.8809405156537248 neg 0.07173515719924078 off 0.047324327147034405	false	1.0
wichtigtuer	off 1.0	off 1.0	off 0.5068411189999842 __DUMMY__ 0.4425903893372449 neg 0.05056849166277082	false	1.0
misslingen	neg 1.0		__DUMMY__ 0.8920714613773848 neg 0.059742261036678616 off 0.04818627758593653	false	1.0
untreu	off 1.0		__DUMMY__ 0.8865307485993977 neg 0.06239929910221774 off 0.05106995229838454	false	0.5
missmutig	neg 1.0		__DUMMY__ 0.8893177666466465 neg 0.06103177250792887 off 0.04965046084542468	false	1.0
hurenbock	off 1.0		__DUMMY__ 0.8930239185803571 neg 0.05952246228058898 off 0.04745361913905387	false	0.5
betrunken	neg 1.0		__DUMMY__ 0.8880863492183249 neg 0.06003634936569055 off 0.05187730141598466	false	1.0
korrupt	off 1.0		__DUMMY__ 0.8825627485473152 neg 0.07149055297239376 off 0.045946698480290996	false	0.5
unmut	neg 1.0		__DUMMY__ 0.889714843371264 neg 0.0681191317277217 off 0.042166024901014336	false	1.0
hackfresse	off 1.0		__DUMMY__ 0.8835814691845922 neg 0.05989780103029098 off 0.05652072978511682	false	0.5
aufblasen	neg 1.0		__DUMMY__ 0.8905828999255223 neg 0.06181383155919375 off 0.04760326851528389	false	1.0
gewaltsam	neg 1.0		__DUMMY__ 0.884129070294023 neg 0.06768562863841604 off 0.04818530106756096	false	1.0
unbeliebtheit	neg 1.0		__DUMMY__ 0.8767794220437904 neg 0.07021385185118806 off 0.053006726105021544	false	1.0
sturheit	neg 1.0		__DUMMY__ 0.8848837749640333 neg 0.06873268423716992 off 0.046383540798796856	false	1.0
kuh	neg 1.0		__DUMMY__ 0.885913070130981 neg 0.06624356672742912 off 0.0478433631415898	false	1.0
erschrecken	neg 1.0		__DUMMY__ 0.8887474860429074 neg 0.06174561948975123 off 0.04950689446734131	false	1.0
opfer	neg 1.0	neg 1.0	neg 0.5208461958615375 __DUMMY__ 0.4455923185515706 off 0.03356148558689199	false	1.0
sinken	neg 1.0		__DUMMY__ 0.8902444511172148 neg 0.06724566652184535 off 0.04250988236093973	false	1.0
stinktier	neg 1.0		__DUMMY__ 0.88290303567395 neg 0.06300925827481679 off 0.054087706051233156	false	1.0
tucke	off 1.0		__DUMMY__ 0.8852860417992321 neg 0.058104118654921266 off 0.05660983954584664	false	0.5
ein			__DUMMY__ 0.8928507843650145 neg 0.06037097897781752 off 0.046778236657167904	false	0.0
abstieg	neg 1.0		__DUMMY__ 0.8860104906753589 neg 0.0680736674590975 off 0.045915841865543684	false	1.0
missverstehen	neg 1.0		__DUMMY__ 0.8849111146696726 neg 0.06640064454997248 off 0.04868824078035481	false	1.0
ergebnislos	neg 1.0		__DUMMY__ 0.887591741868326 neg 0.0669311410646321 off 0.04547711706704199	false	1.0
unter			__DUMMY__ 0.8974004724291641 neg 0.06453176146019436 off 0.03806776611064164	false	0.0
manipulieren	neg 1.0		__DUMMY__ 0.8880642363591756 neg 0.06809170823319116 off 0.04384405540763319	false	1.0
unbewiesen	neg 1.0		__DUMMY__ 0.879120120320581 neg 0.0727947722407424 off 0.04808510743867669	false	1.0
verschleppen	neg 1.0		__DUMMY__ 0.886802148892939 neg 0.0678604772584518 off 0.0453373738486093	false	1.0
weib	off 1.0		__DUMMY__ 0.8821191947597233 neg 0.06031693081714064 off 0.057563874423136076	false	0.5
opposition	neg 1.0		__DUMMY__ 0.882243896837588 neg 0.06911653280903964 off 0.048639570353372366	false	1.0
verkehrswidrig	neg 1.0		__DUMMY__ 0.8868516417132257 neg 0.05848014482853178 off 0.05466821345824246	false	1.0
inkorrekt	neg 1.0		__DUMMY__ 0.8802515001834806 neg 0.06792588366521932 off 0.05182261615130001	false	1.0
vermeiden	neg 1.0		__DUMMY__ 0.8941083074459584 neg 0.06581427958506171 off 0.04007741296897998	false	1.0
abweichung	neg 1.0		__DUMMY__ 0.882551689458705 neg 0.07183132367907426 off 0.045616986862220835	false	1.0
alkoholisiert	neg 1.0		__DUMMY__ 0.8907184276895824 neg 0.06471654534939163 off 0.04456502696102584	false	1.0
scheiss	off 1.0	off 1.0	off 0.5090095671695491 __DUMMY__ 0.4443687206942502 neg 0.04662171213620063	false	1.0
herausforderung	neg 1.0		__DUMMY__ 0.89517784567996 neg 0.06012049426442299 off 0.04470166005561697	false	1.0
pervers	off 1.0		__DUMMY__ 0.8814745042783155 off 0.0598246753486633 neg 0.05870082037302107	false	1.0
wackelig	neg 1.0		__DUMMY__ 0.8946791244289779 neg 0.06091635439501357 off 0.04440452117600863	false	1.0
verwickeln	neg 1.0		__DUMMY__ 0.8865281717123593 neg 0.06503009000563427 off 0.04844173828200647	false	1.0
vorwand	neg 1.0		__DUMMY__ 0.8883944601707549 neg 0.06877680491853969 off 0.042828734910705345	false	1.0
muschi	off 1.0		__DUMMY__ 0.8859356955701172 neg 0.06651796777384678 off 0.0475463366560361	false	0.5
entmutigung	neg 1.0		__DUMMY__ 0.8762256328129432 neg 0.07378865527482208 off 0.04998571191223468	false	1.0
unangemessen	neg 1.0		__DUMMY__ 0.8849052782593788 neg 0.06965194059905223 off 0.04544278114156886	false	1.0
unstetig	neg 1.0		__DUMMY__ 0.8852520698998985 neg 0.06487910258108875 off 0.04986882751901278	false	1.0
entmutigen	neg 1.0		__DUMMY__ 0.8888785008316454 neg 0.06344701540662395 off 0.047674483761730536	false	1.0
schwanz	neg 1.0		__DUMMY__ 0.889037237964562 neg 0.06554350102970945 off 0.045419261005728476	false	1.0
verbot	neg 1.0		__DUMMY__ 0.8838363106972938 neg 0.0698337535638249 off 0.04632993573888123	false	1.0
leid	neg 1.0		__DUMMY__ 0.8845403748620924 neg 0.06045365489936671 off 0.055005970238540945	false	1.0
archaisch	neg 1.0		__DUMMY__ 0.8854779441525962 neg 0.06880465521980748 off 0.04571740062759632	false	1.0
gegen			__DUMMY__ 0.8875196291714401 neg 0.06910866975570878 off 0.04337170107285109	false	0.0
scheidung	neg 1.0	neg 1.0	neg 0.5096862947064301 __DUMMY__ 0.440096927993592 off 0.05021677729997797	false	1.0
einschlag	neg 1.0		__DUMMY__ 0.8847743479092975 neg 0.060509505429500295 off 0.05471614666120219	false	1.0
m			__DUMMY__ 0.8904538586975369 neg 0.06381276759789754 off 0.04573337370456561	false	0.0
abgestanden	neg 1.0		__DUMMY__ 0.8906306728243284 neg 0.06324392763725599 off 0.04612539953841555	false	1.0
schmierig	off 1.0		__DUMMY__ 0.8862107114640637 neg 0.05973532417269222 off 0.054053964363243966	false	0.5
unpraktisch	neg 1.0		__DUMMY__ 0.8913296085901947 neg 0.06127751556662502 off 0.047392875843180186	false	1.0
wixxer	off 1.0		__DUMMY__ 0.8794173186051497 neg 0.06054109312740077 off 0.0600415882674494	false	0.5
bezeichnet			__DUMMY__ 0.885756178937084 neg 0.06762694576795675 off 0.04661687529495915	false	0.0
jammerlappen	off 1.0		__DUMMY__ 0.8867829161883717 neg 0.06276633192953894 off 0.05045075188208943	false	0.5
farce	neg 1.0		__DUMMY__ 0.8794985103512575 neg 0.07371138156280492 off 0.04679010808593753	false	1.0
zwecklos	neg 1.0		__DUMMY__ 0.8862625426278682 neg 0.06864996287328601 off 0.04508749449884577	false	1.0
turbulent	neg 1.0		__DUMMY__ 0.8842755232954737 neg 0.06223649798810589 off 0.053487978716420345	false	1.0
invasion	neg 1.0		__DUMMY__ 0.8890989107203847 neg 0.061502325131066786 off 0.0493987641485486	false	1.0
schuld	neg 1.0		__DUMMY__ 0.8870032877047018 neg 0.06533504994903568 off 0.04766166234626243	false	1.0
risiko	neg 1.0		__DUMMY__ 0.8912149581933094 neg 0.059333930428432345 off 0.049451111378258326	false	1.0
finster	neg 1.0		__DUMMY__ 0.8913784990266982 neg 0.06216307672927458 off 0.04645842424402726	false	1.0
geisteskrank	off 1.0		__DUMMY__ 0.8822732879166997 neg 0.06564725895751697 off 0.05207945312578338	false	0.5
zusammenbrechen	neg 1.0		__DUMMY__ 0.8901263288243543 neg 0.06417615122215883 off 0.045697519953486865	false	1.0
ausbeute	neg 1.0		__DUMMY__ 0.892836935715695 neg 0.06293733966276788 off 0.044225724621537094	false	1.0
hinterhalt	neg 1.0		__DUMMY__ 0.8882296795059346 neg 0.06405611227728403 off 0.0477142082167814	false	1.0
kritik	neg 1.0		__DUMMY__ 0.8811139240330779 neg 0.07215768331338189 off 0.04672839265354018	false	1.0
einschrumpfen	neg 1.0		__DUMMY__ 0.882001222193604 neg 0.06756546131140688 off 0.050433316494989076	false	1.0
riskant	neg 1.0		__DUMMY__ 0.8894242338730354 neg 0.0665872421149791 off 0.04398852401198551	false	1.0
frustrieren	neg 1.0		__DUMMY__ 0.8881514515579654 neg 0.06787534563988924 off 0.04397320280214545	false	1.0
groll	neg 1.0		__DUMMY__ 0.8867856854043985 neg 0.06796923459603832 off 0.04524507999956322	false	1.0
gibt			__DUMMY__ 0.8880874976381292 neg 0.06641085026120581 off 0.045501652100664876	false	0.0
qualvoll	neg 1.0		__DUMMY__ 0.8893048964597662 neg 0.06221455217298239 off 0.048480551367251365	false	1.0
wackeln	neg 1.0		__DUMMY__ 0.8926780659852641 neg 0.060214825549575905 off 0.04710710846515994	false	1.0
klagen	neg 1.0		__DUMMY__ 0.8879823828218062 neg 0.0692019758533197 off 0.04281564132487419	false	1.0
bankrott	neg 1.0		__DUMMY__ 0.8885575362434417 neg 0.06095283370944077 off 0.05048963004711751	false	1.0
trauern	neg 1.0		__DUMMY__ 0.8898434823903512 neg 0.06603522934539534 off 0.04412128826425347	false	1.0
ablehnung	neg 1.0	neg 1.0	neg 0.5240775877560321 __DUMMY__ 0.4406172132910355 off 0.03530519895293252	false	1.0
stur	neg 1.0		__DUMMY__ 0.8874372659606973 neg 0.0646233064826217 off 0.04793942755668104	false	1.0
aufruhr	neg 1.0		__DUMMY__ 0.883050303021658 neg 0.06908313219832468 off 0.04786656478001727	false	1.0
melancholie	neg 1.0		__DUMMY__ 0.8926573156821417 neg 0.06285742927002295 off 0.04448525504783524	false	1.0
ist			__DUMMY__ 0.8867507905382476 neg 0.06522849402432553 off 0.04802071543742693	false	0.0
torheit	neg 1.0		__DUMMY__ 0.8805586059201275 neg 0.07092280910815663 off 0.048518584971715885	false	1.0
dreckskind	off 1.0		__DUMMY__ 0.8786985777522207 neg 0.06536537688016596 off 0.05593604536761332	false	0.5
umtauschen	neg 1.0		__DUMMY__ 0.8907994871974977 neg 0.06320491339086648 off 0.0459955994116358	false	1.0
zum			__DUMMY__ 0.8978353302996767 neg 0.061861526808295965 off 0.04030314289202735	false	0.0
zersetzen	neg 1.0		__DUMMY__ 0.8879472288076805 neg 0.06869074237666128 off 0.04336202881565814	false	1.0
zur			__DUMMY__ 0.8912258555051196 neg 0.0680612820274783 off 0.04071286246740209	false	0.0
frust	neg 1.0		__DUMMY__ 0.8893182347766262 neg 0.06510549758029101 off 0.04557626764308281	false	1.0
unerbittlichkeit	neg 1.0		__DUMMY__ 0.8869666039366888 neg 0.06891564191776708 off 0.044117754145544016	false	1.0
zwei			__DUMMY__ 0.8949458602367859 neg 0.06331652745607702 off 0.041737612307137024	false	0.0
unkorrekt	neg 1.0		__DUMMY__ 0.8822717925222966 neg 0.06548944789038477 off 0.05223875958731852	false	1.0
hexe	off 1.0		__DUMMY__ 0.8875801009105375 neg 0.06184421060683563 off 0.05057568848262678	false	0.5
lasch	neg 1.0		__DUMMY__ 0.8846238182287816 neg 0.06571198985041611 off 0.04966419192080235	false	1.0
rivale	neg 1.0		__DUMMY__ 0.8833709148033769 neg 0.06245855916764336 off 0.05417052602897972	false	1.0
mutlos	off 1.0	off 1.0	off 0.5040469819095409 __DUMMY__ 0.4427961456125175 neg 0.053156872477941486	false	1.0
wirr	off 1.0		__DUMMY__ 0.8823260349058625 neg 0.06432517972489894 off 0.053348785369238635	false	0.5
jahr			__DUMMY__ 0.8931404269852865 neg 0.06333605240499124 off 0.04352352060972221	false	0.0
wird			__DUMMY__ 0.8888408191336313 neg 0.06680268006426987 off 0.04435650080209877	false	0.0
strafbar	neg 1.0		__DUMMY__ 0.8852933547990787 neg 0.07019975706242447 off 0.04450688813849681	false	1.0
erosion	neg 1.0		__DUMMY__ 0.8903740818758028 neg 0.061597918745013316 off 0.04802799937918395	false	1.0
eingehen	neg 1.0		__DUMMY__ 0.8869218821012124 neg 0.06824185292366125 off 0.04483626497512637	false	1.0
faul	off 1.0		__DUMMY__ 0.8906830221583057 neg 0.05955561382486783 off 0.049761364016826404	false	0.5
provisorium	neg 1.0		__DUMMY__ 0.8953479848977611 neg 0.06702563575825855 off 0.03762637934398028	false	1.0
schmerzen	neg 1.0		__DUMMY__ 0.8904991574413845 neg 0.06409903281212574 off 0.045401809746489726	false	1.0
schrumpfen	neg 1.0		__DUMMY__ 0.892332572101443 neg 0.0672934471869075 off 0.04037398071164941	false	1.0
geistlos	off 1.0		__DUMMY__ 0.8793925725874766 neg 0.07081286671735339 off 0.049794560695170006	false	0.5
fehlkauf	neg 1.0		__DUMMY__ 0.8860184876255668 neg 0.06457783784376452 off 0.0494036745306687	false	1.0
frustrierend	neg 1.0	neg 1.0	neg 0.5176219696974378 __DUMMY__ 0.44482530952651617 off 0.03755272077604608	false	1.0
unzufrieden	neg 1.0		__DUMMY__ 0.8877024602060098 neg 0.06722261396627657 off 0.04507492582771358	false	1.0
verzweifeln	neg 1.0		__DUMMY__ 0.8890651603701717 neg 0.06460632200874976 off 0.04632851762107854	false	1.0
verzweifelt	neg 1.0		__DUMMY__ 0.8875244655438438 neg 0.06466486801266624 off 0.04781066644349002	false	1.0
misstrauensantrag	neg 1.0		__DUMMY__ 0.8844478983905993 neg 0.06630118349565482 off 0.049250918113745865	false	1.0
abfallen	neg 1.0		__DUMMY__ 0.8931531849549534 neg 0.05986334554345115 off 0.04698346950159541	false	1.0
fucker	off 1.0		__DUMMY__ 0.8839310139592144 neg 0.06263104416067586 off 0.053437941880109856	false	0.5
ungezogen	neg 1.0		__DUMMY__ 0.8838238083486829 neg 0.05850204874477783 off 0.05767414290653935	false	1.0
irrsinnig	neg 1.0	neg 1.0	neg 0.5205759901165937 __DUMMY__ 0.4433915974174625 off 0.0360324124659437	false	1.0
unfassbar	neg 1.0		__DUMMY__ 0.8864256184947122 neg 0.0627782953043493 off 0.05079608620093836	false	1.0
hart	neg 1.0		__DUMMY__ 0.8850302669350103 neg 0.06418656121448024 off 0.05078317185050942	false	1.0
widerlich	off 1.0		__DUMMY__ 0.8846456115505126 neg 0.06373852755009356 off 0.0516158608993939	false	0.5
fatal	neg 1.0		__DUMMY__ 0.8863333048271779 neg 0.06432303158549499 off 0.04934366358732708	false	1.0
bruch	neg 1.0		__DUMMY__ 0.8860557534861997 neg 0.0714304140994159 off 0.0425138324143845	false	1.0
aushungern	neg 1.0		__DUMMY__ 0.8833145992378036 neg 0.06878667744721968 off 0.04789872331497671	false	1.0
anspannung	neg 1.0		__DUMMY__ 0.8929833046390849 neg 0.06570245944785821 off 0.04131423591305689	false	1.0
von			__DUMMY__ 0.8935759984649616 neg 0.06361098224173356 off 0.0428130192933048	false	0.0
kraftlos	neg 1.0		__DUMMY__ 0.8932379829411268 neg 0.062412146635300474 off 0.04434987042357271	false	1.0
vom			__DUMMY__ 0.8968680505406315 neg 0.06469669059485844 off 0.03843525886451003	false	0.0
grenzdebil	off 1.0		__DUMMY__ 0.8875631365440864 neg 0.060824799900339004 off 0.051612063555574725	false	0.5
vor			__DUMMY__ 0.8919090776175574 neg 0.06585649968451873 off 0.04223442269792382	false	0.0
unterwerfen	neg 1.0		__DUMMY__ 0.8871987561846184 neg 0.06825259144994525 off 0.04454865236543629	false	1.0
versenkung	neg 1.0		__DUMMY__ 0.8885764386129605 neg 0.06727543400067933 off 0.04414812738636008	false	1.0
entziehen	neg 1.0		__DUMMY__ 0.8886180269800442 neg 0.06899352022788746 off 0.042388452792068404	false	1.0
finanzkrise	neg 1.0		__DUMMY__ 0.8824261067972852 neg 0.07033359911892209 off 0.04724029408379269	false	1.0
schimpfend	neg 1.0		__DUMMY__ 0.8945594778917624 neg 0.05802045618401972 off 0.04742006592421792	false	1.0
profan	neg 1.0		__DUMMY__ 0.8874360382001593 neg 0.06410526893208525 off 0.04845869286775554	false	1.0
korruption	neg 1.0		__DUMMY__ 0.8831179293936153 neg 0.07095734708307723 off 0.045924723523307495	false	1.0
â			__DUMMY__ 0.8902861736928904 neg 0.06469680675332547 off 0.045017019553784066	false	0.0
schmutzig	neg 1.0		__DUMMY__ 0.8902256876938806 neg 0.05873809093848156 off 0.05103622136763798	false	1.0
sexy	neg 1.0		__DUMMY__ 0.8875595162332405 neg 0.062145565721235696 off 0.050294918045523884	false	1.0
abraten	neg 1.0		__DUMMY__ 0.8898031880273023 neg 0.06254586939160779 off 0.04765094258108995	false	1.0
schwarz	neg 1.0		__DUMMY__ 0.8868517102942126 neg 0.06456754129443855 off 0.04858074841134889	false	1.0
fotze	off 1.0		__DUMMY__ 0.8867708330510274 neg 0.06722420477707061 off 0.04600496217190196	false	0.5
verwirren	neg 1.0		__DUMMY__ 0.88751349218449 neg 0.06328791099282065 off 0.049198596822689226	false	1.0
zahnlos	off 1.0		__DUMMY__ 0.8862025313734986 neg 0.06837342707457288 off 0.04542404155192855	false	0.5
verheeren	neg 1.0		__DUMMY__ 0.8793100274071376 neg 0.06089787665576387 off 0.05979209593709856	false	1.0
hippie	neg 1.0		__DUMMY__ 0.8870238290774278 neg 0.06278128117885512 off 0.05019488974371694	false	1.0
rammen	neg 1.0		__DUMMY__ 0.8889494162470982 neg 0.06225448402164553 off 0.048796099731256246	false	1.0
unlauter	neg 1.0	neg 1.0	neg 0.5200013387676844 __DUMMY__ 0.4427105108645318 off 0.03728815036778386	false	1.0
unheilvoll	neg 1.0		__DUMMY__ 0.8896812285264204 neg 0.06225925426239164 off 0.048059517211187966	false	1.0
niedrig	neg 1.0		__DUMMY__ 0.8880264269797707 neg 0.06723353214377427 off 0.044740040876454966	false	1.0
explosion	neg 1.0		__DUMMY__ 0.8886727631513383 neg 0.061710693038830776 off 0.04961654380983098	false	1.0
weichei	off 1.0		__DUMMY__ 0.8837606626106222 neg 0.060697124481383875 off 0.05554221290799384	false	0.5
minusmensch	off 1.0		__DUMMY__ 0.8774792368381521 neg 0.06268315020991831 off 0.059837612951929506	false	0.5
farblos	neg 1.0		__DUMMY__ 0.8878008754896031 neg 0.06483539227445165 off 0.04736373223594517	false	1.0
unwissend	neg 1.0	neg 1.0	neg 0.5187833199028942 __DUMMY__ 0.4426505732128498 off 0.038566106884255984	false	1.0
traurig	neg 1.0		__DUMMY__ 0.8869106789088033 neg 0.06016881795299947 off 0.05292050313819726	false	1.0
senkung	neg 1.0		__DUMMY__ 0.8859818489596596 neg 0.0645511939828601 off 0.04946695705748032	false	1.0
ungleich	neg 1.0	neg 1.0	neg 0.5229463790912228 __DUMMY__ 0.44346039715898955 off 0.033593223749787814	false	1.0
heikel	neg 1.0		__DUMMY__ 0.8885970486241521 neg 0.06815371353592141 off 0.04324923783992648	false	1.0
drosselung	neg 1.0		__DUMMY__ 0.888058026428046 neg 0.058888410160320016 off 0.05305356341163403	false	1.0
falsch	neg 1.0		__DUMMY__ 0.8868328657610001 neg 0.06321946896814204 off 0.04994766527085795	false	1.0
unzufriedenheit	neg 1.0		__DUMMY__ 0.8879802391298566 neg 0.06877835182766381 off 0.043241409042479605	false	1.0
kurz	neg 1.0		__DUMMY__ 0.892478650511447 neg 0.06232428627388979 off 0.04519706321466323	false	1.0
unsinnig	neg 1.0		__DUMMY__ 0.8873087131231078 neg 0.06726919405833773 off 0.04542209281855459	false	1.0
penner	off 1.0	off 1.0	off 0.5132600342554928 __DUMMY__ 0.4418981187534963 neg 0.04484184699101083	false	1.0
seicht	neg 1.0		__DUMMY__ 0.8799052231634269 neg 0.06219438555367616 off 0.05790039128289693	false	1.0
dummheit	off 1.0	off 1.0	off 0.5072707397184664 __DUMMY__ 0.4422987672762105 neg 0.05043049300532318	false	1.0
unerfreulich	neg 1.0		__DUMMY__ 0.8896437409724072 neg 0.06771457756515811 off 0.042641681462434806	false	1.0
motherfucker	off 1.0	off 1.0	off 0.5105916827318528 __DUMMY__ 0.4419706464643604 neg 0.04743767080378686	false	1.0
pikiert	neg 1.0		__DUMMY__ 0.8852487990308766 neg 0.06416886561699438 off 0.05058233535212901	false	1.0
wrack	neg 1.0		__DUMMY__ 0.8917334774435689 neg 0.06331576367603825 off 0.044950758880392794	false	1.0
gangster	neg 1.0		__DUMMY__ 0.887115939730602 neg 0.06340745447671438 off 0.04947660579268353	false	1.0
krank	neg 1.0		__DUMMY__ 0.8893119860238843 neg 0.05943967819654981 off 0.051248335779565876	false	1.0
reich	neg 1.0		__DUMMY__ 0.8781458897932798 neg 0.07018377486505306 off 0.05167033534166706	false	1.0
gnadenlos	neg 1.0		__DUMMY__ 0.8876211839580291 neg 0.06460996747648748 off 0.047768848565483364	false	1.0
niedergeschlagen	neg 1.0		__DUMMY__ 0.8896377612193911 neg 0.0647914962684621 off 0.04557074251214675	false	1.0
terrorisieren	off 1.0	off 1.0	off 0.5036728953437924 __DUMMY__ 0.4459747376146758 neg 0.05035236704153184	false	1.0
sinnlosigkeit	neg 1.0		__DUMMY__ 0.8864610172174813 neg 0.0681606107628201 off 0.04537837201969855	false	1.0
behindern	neg 1.0		__DUMMY__ 0.8905518708540058 neg 0.06281357873526575 off 0.04663455041072849	false	1.0
undemokratisch	neg 1.0		__DUMMY__ 0.8817366386240235 neg 0.06949426985289885 off 0.04876909152307758	false	1.0
wirtschaftskrise	neg 1.0		__DUMMY__ 0.8848540446160266 neg 0.06942527440795165 off 0.045720680976021805	false	1.0
neid	neg 1.0		__DUMMY__ 0.8899184227251785 neg 0.060810710191204286 off 0.049270867083617206	false	1.0
rutschen	neg 1.0		__DUMMY__ 0.8981030137500589 neg 0.06157187816128567 off 0.040325108088655394	false	1.0
rezession	neg 1.0		__DUMMY__ 0.8798834028021748 neg 0.06515179634559444 off 0.05496480085223078	false	1.0
fehlgeburt	neg 1.0		__DUMMY__ 0.8880016651711868 neg 0.0648963311551846 off 0.0471020036736285	false	1.0
charakterschwach	off 1.0		__DUMMY__ 0.8850570147228136 neg 0.0633877270170405 off 0.05155525826014584	false	0.5
isolation	neg 1.0		__DUMMY__ 0.8874818733760462 neg 0.06152058582841793 off 0.0509975407955358	false	1.0
ablenkung	neg 1.0		__DUMMY__ 0.8898715946869519 neg 0.06314582789798397 off 0.046982577415064085	false	1.0
pech	neg 1.0		__DUMMY__ 0.887878641436853 neg 0.06332977392897186 off 0.048791584634175156	false	1.0
vermeidung	neg 1.0		__DUMMY__ 0.8884435559346459 neg 0.05949570951529569 off 0.05206073455005848	false	1.0
dominieren	neg 1.0		__DUMMY__ 0.8881815244397401 neg 0.0657894073171935 off 0.04602906824306635	false	1.0
schwindlig	neg 1.0		__DUMMY__ 0.8911382678524036 neg 0.060400996548519804 off 0.04846073559907656	false	1.0
lutscher	neg 1.0		__DUMMY__ 0.8805283532289733 neg 0.061226145414526624 off 0.05824550135650022	false	1.0
pflicht	neg 1.0		__DUMMY__ 0.8880561301522827 neg 0.06866567575699599 off 0.043278194090721284	false	1.0
faschist	off 1.0		__DUMMY__ 0.8812702075979365 neg 0.06920961948798614 off 0.049520172914077266	false	0.5
verschleudern	neg 1.0		__DUMMY__ 0.8853907841165193 neg 0.06941218206812733 off 0.04519703381535337	false	1.0
wenn			__DUMMY__ 0.8872862689599647 neg 0.06278313169767519 off 0.04993059934236022	false	0.0
ehebruch	neg 1.0		__DUMMY__ 0.8860545727093007 neg 0.06899142756325047 off 0.04495399972744882	false	1.0
spott	off 1.0		__DUMMY__ 0.8862525272739422 neg 0.06930051859087634 off 0.04444695413518144	false	0.5
trostlosigkeit	neg 1.0		__DUMMY__ 0.8837826042332543 neg 0.07270062217050753 off 0.04351677359623821	false	1.0
lutschen	neg 1.0		__DUMMY__ 0.8846853858701899 neg 0.0645384516654062 off 0.050776162464404015	false	1.0
undiszipliniert	neg 1.0		__DUMMY__ 0.8862504287134836 neg 0.06132550361906917 off 0.052424067667447234	false	1.0
kopfschmerz	neg 1.0		__DUMMY__ 0.8885982154954328 neg 0.06537522625018195 off 0.046026558254385244	false	1.0
unvorhergesehen	neg 1.0		__DUMMY__ 0.8935152695875063 neg 0.061648706237171516 off 0.04483602417532222	false	1.0
desinteressiert	neg 1.0		__DUMMY__ 0.8845360953023954 neg 0.06308235913269589 off 0.05238154556490868	false	1.0
armselig	off 1.0		__DUMMY__ 0.8833330502754995 neg 0.06333765082234963 off 0.05332929890215095	false	0.5
desaster	neg 1.0		__DUMMY__ 0.8864611687075535 neg 0.07125339837536646 off 0.042285432917079924	false	1.0
tod	neg 1.0		__DUMMY__ 0.8847072057668938 neg 0.07094525451345225 off 0.0443475397196539	false	1.0
herzlos	neg 1.0		__DUMMY__ 0.8863648915163667 neg 0.06006883096855429 off 0.053566277515079024	false	1.0
unwissenheit	neg 1.0		__DUMMY__ 0.8853574719123364 neg 0.0692152530183996 off 0.04542727506926406	false	1.0
widersinnig	neg 1.0		__DUMMY__ 0.8820855327547196 neg 0.07123028496135904 off 0.04668418228392135	false	1.0
bedenklich	neg 1.0		__DUMMY__ 0.8880328174665805 neg 0.06788378702261 off 0.044083395510809475	false	1.0
beanstanden	neg 1.0		__DUMMY__ 0.8886953343372404 neg 0.06839708331425415 off 0.04290758234850544	false	1.0
panisch	neg 1.0	neg 1.0	neg 0.51457973802402 __DUMMY__ 0.4491474502341743 off 0.0362728117418056	false	1.0
debil	off 1.0		__DUMMY__ 0.8901940351496576 neg 0.06947613311845229 off 0.04032983173189021	false	0.5
abstrich	neg 1.0		__DUMMY__ 0.893217437565074 neg 0.060714267188600145 off 0.046068295246325795	false	1.0
primitiv	neg 1.0		__DUMMY__ 0.8843473538404353 neg 0.06354527793388447 off 0.052107368225680135	false	1.0
abschaum	off 1.0	off 1.0	off 0.5088150607115971 __DUMMY__ 0.44164421386279423 neg 0.04954072542560869	false	1.0
provozieren	neg 1.0		__DUMMY__ 0.8855823728972189 neg 0.0670285273031104 off 0.04738909979967069	false	1.0
tot	neg 1.0		__DUMMY__ 0.8868702058374328 neg 0.067247667994058 off 0.04588212616850916	false	1.0
instabil	neg 1.0		__DUMMY__ 0.881093201569221 neg 0.06472141932932432 off 0.054185379101454705	false	1.0
schwuchtel	off 1.0		__DUMMY__ 0.8763377443342855 off 0.06286661065236655 neg 0.06079564501334808	false	1.0
zerren	neg 1.0		__DUMMY__ 0.8898657439191685 neg 0.06451900041764771 off 0.045615255663183786	false	1.0
kinderficker	off 1.0		__DUMMY__ 0.8822334875284971 neg 0.06256461076637464 off 0.05520190170512824	false	0.5
gefahr	neg 1.0		__DUMMY__ 0.8866898429293151 neg 0.06857595052553067 off 0.04473420654515421	false	1.0
rabiat	neg 1.0		__DUMMY__ 0.8878541665315927 neg 0.06512694457188674 off 0.04701888889652062	false	1.0
verlangsamung	neg 1.0		__DUMMY__ 0.8797089199427918 neg 0.0627218726780786 off 0.057569207379129586	false	1.0
ausgestorben	neg 1.0		__DUMMY__ 0.8893839625763678 neg 0.06493728273525225 off 0.045678754688379994	false	1.0
anklagen	neg 1.0		__DUMMY__ 0.8854012386898814 neg 0.06765319642762313 off 0.0469455648824955	false	1.0
trott	neg 1.0		__DUMMY__ 0.8893566973424327 neg 0.06381533074125037 off 0.04682797191631695	false	1.0
verminderung	neg 1.0		__DUMMY__ 0.8859762665114981 neg 0.061161327125321165 off 0.052862406363180826	false	1.0
nach			__DUMMY__ 0.895307415190942 neg 0.06427493622648388 off 0.040417648582573976	false	0.0
rost	neg 1.0		__DUMMY__ 0.882801053469246 neg 0.05961651220604376 off 0.057582434324710205	false	1.0
destruktiv	neg 1.0		__DUMMY__ 0.8847434470771152 neg 0.06872877394649161 off 0.04652777897639332	false	1.0
unzumutbarkeit	neg 1.0		__DUMMY__ 0.8878725325498825 neg 0.059902771793530825 off 0.05222469565658672	false	1.0
labil	off 1.0	off 1.0	off 0.509419555963385 __DUMMY__ 0.4422150006504984 neg 0.04836544338611665	false	1.0
ziemlich	neg 1.0		__DUMMY__ 0.8870167974748743 neg 0.06175562777318104 off 0.051227574751944775	false	1.0
lachnummer	off 1.0		__DUMMY__ 0.885036521995819 neg 0.0683271996383491 off 0.04663627836583201	false	0.5
oder			__DUMMY__ 0.8905390787429417 neg 0.0629411923093401 off 0.04651972894771815	false	0.0
verfall	neg 1.0		__DUMMY__ 0.8902630250366793 neg 0.06926758977189412 off 0.0404693851914266	false	1.0
ausgrenzung	neg 1.0		__DUMMY__ 0.8818405085741066 neg 0.06887911301519412 off 0.04928037841069935	false	1.0
unordnung	neg 1.0		__DUMMY__ 0.8830306545092396 neg 0.06246076335667094 off 0.05450858213408954	false	1.0
fehlverhalten	neg 1.0		__DUMMY__ 0.8865001202352581 neg 0.06921257046791211 off 0.04428730929682969	false	1.0
eine			__DUMMY__ 0.8908638971562417 neg 0.06668228992825483 off 0.042453812915503555	false	0.0
nille	neg 1.0		__DUMMY__ 0.8848602646052406 neg 0.06767804549636036 off 0.0474616898983991	false	1.0
qual	neg 1.0		__DUMMY__ 0.8890481844726928 neg 0.06413002907433675 off 0.04682178645297048	false	1.0
verschwenden	neg 1.0		__DUMMY__ 0.8885372339632606 neg 0.0674327817322576 off 0.04402998430448177	false	1.0
riesig	neg 1.0		__DUMMY__ 0.8892476965399697 neg 0.06470672568723716 off 0.04604557777279304	false	1.0
verurteilen	neg 1.0		__DUMMY__ 0.8850203745167984 neg 0.06928302432795874 off 0.045696601155242926	false	1.0
klischee	neg 1.0	neg 1.0	neg 0.5204634519573068 __DUMMY__ 0.4417945403059032 off 0.03774200773679004	false	1.0
diktatorisch	neg 1.0		__DUMMY__ 0.8798420752124674 neg 0.0713497332231139 off 0.04880819156441881	false	1.0
vorhersehbar	neg 1.0		__DUMMY__ 0.8836893069602796 neg 0.06749716226370707 off 0.048813530776013254	false	1.0
sowie			__DUMMY__ 0.8804234857309362 neg 0.06320279837241066 off 0.05637371589665324	false	0.0
stornieren	neg 1.0		__DUMMY__ 0.8905527853147958 neg 0.060664837118642644 off 0.04878237756656163	false	1.0
besteuerung	neg 1.0		__DUMMY__ 0.8859074768076484 neg 0.0660731903932763 off 0.04801933279907529	false	1.0
ungeschminkt	neg 1.0		__DUMMY__ 0.8857916903081718 neg 0.06280888060407769 off 0.051399429087750526	false	1.0
kritisch	neg 1.0		__DUMMY__ 0.8862280215424939 neg 0.06929054021803174 off 0.04448143823947443	false	1.0
schlamperei	off 1.0		__DUMMY__ 0.8864926034059105 neg 0.06850965085224872 off 0.04499774574184076	false	0.5
sucht	neg 1.0	neg 1.0	neg 0.5132402158563488 __DUMMY__ 0.44995227752029343 off 0.0368075066233577	false	1.0
egoistisch	off 1.0		__DUMMY__ 0.8841121183100427 neg 0.060311234057404815 off 0.05557664763255252	false	0.5
ausbeuter	off 1.0		__DUMMY__ 0.8854206918097214 neg 0.07055492560002037 off 0.04402438259025815	false	0.5
arschgeburt	off 1.0		__DUMMY__ 0.8763948163338745 off 0.06282736385815747 neg 0.060777819807968016	false	1.0
schubs	neg 1.0	neg 1.0	neg 0.5177214459108431 __DUMMY__ 0.44875656782643436 off 0.03352198626272253	false	1.0
unsolide	neg 1.0		__DUMMY__ 0.8776579604654172 neg 0.07075640926059192 off 0.05158563027399083	false	1.0
beschwerde	neg 1.0		__DUMMY__ 0.8865313827072844 neg 0.06791248129261357 off 0.04555613600010202	false	1.0
stocken	neg 1.0		__DUMMY__ 0.8892984724802115 neg 0.06575339047849654 off 0.04494813704129187	false	1.0
isolieren	neg 1.0		__DUMMY__ 0.8912503908568984 neg 0.06231865431210672 off 0.04643095483099491	false	1.0
unheilbar	neg 1.0		__DUMMY__ 0.8866601486927198 neg 0.06570416717189245 off 0.04763568413538765	false	1.0
pisser	off 1.0		__DUMMY__ 0.8826621340556792 neg 0.06322077387903524 off 0.054117092065285616	false	0.5
löschen	neg 1.0		__DUMMY__ 0.8871372725320689 neg 0.0648512305669225 off 0.048011496901008685	false	1.0
durchfallen	neg 1.0		__DUMMY__ 0.8883827976447747 neg 0.06713372827348948 off 0.04448347408173577	false	1.0
wichser	off 1.0		__DUMMY__ 0.8812773457333044 neg 0.05940540011341621 off 0.05931725415327933	false	0.5
terror	neg 1.0		__DUMMY__ 0.8896156162585889 neg 0.06063740129363238 off 0.04974698244777879	false	1.0
krass	neg 1.0		__DUMMY__ 0.885259466265611 neg 0.06115361685682352 off 0.05358691687756549	false	1.0
revolte	neg 1.0	neg 1.0	neg 0.523619318042955 __DUMMY__ 0.43817062426895736 off 0.03821005768808769	false	1.0
besorgt	neg 1.0		__DUMMY__ 0.8938025609213138 neg 0.06080089098818225 off 0.045396548090503926	false	1.0
nachlassen	neg 1.0		__DUMMY__ 0.890316660648171 neg 0.06454905618780449 off 0.04513428316402436	false	1.0
alt	neg 1.0		__DUMMY__ 0.8937015314096619 neg 0.06324508723966757 off 0.04305338135067056	false	1.0
hundesohn	off 1.0		__DUMMY__ 0.8788433812687211 neg 0.06207599540690966 off 0.059080623324369134	false	0.5
als			__DUMMY__ 0.8903081163393938 neg 0.0647366024119203 off 0.044955281248686	false	0.0
abschreckung	neg 1.0		__DUMMY__ 0.8876574873372037 neg 0.06913441719700518 off 0.04320809546579103	false	1.0
unqualifiziert	neg 1.0		__DUMMY__ 0.884820386894734 neg 0.06607244136880945 off 0.0491071717364565	false	1.0
abgewichst	off 1.0		__DUMMY__ 0.8871518613358408 neg 0.0664431298633371 off 0.04640500880082213	false	0.5
schwer	neg 1.0		__DUMMY__ 0.8891176717891511 neg 0.06444237352033516 off 0.046439954690513735	false	1.0
bedeutungslosigkeit	neg 1.0		__DUMMY__ 0.8865710355214079 neg 0.06968897641697917 off 0.04373998806161289	false	1.0
kapitulation	neg 1.0		__DUMMY__ 0.8817753085579294 neg 0.07258254152090943 off 0.045642149921161126	false	1.0
unscharf	neg 1.0		__DUMMY__ 0.8875901476490575 neg 0.06361967732565896 off 0.048790175025283544	false	1.0
schwinden	neg 1.0		__DUMMY__ 0.888964660975107 neg 0.06727052223486124 off 0.04376481679003183	false	1.0
versklavung	neg 1.0	neg 1.0	neg 0.523057891354165 __DUMMY__ 0.4401668016095961 off 0.0367753070362389	false	1.0
schlecht	neg 1.0		__DUMMY__ 0.8875437841476079 neg 0.060918255547537284 off 0.051537960304854816	false	1.0
verhasst	neg 1.0		__DUMMY__ 0.8848579867773522 neg 0.06768091382198127 off 0.04746109940066656	false	1.0
beschweren	neg 1.0		__DUMMY__ 0.8884287016737019 neg 0.06343369430319971 off 0.048137604023098475	false	1.0
scheiden	neg 1.0		__DUMMY__ 0.8890168718760405 neg 0.06495248361967766 off 0.04603064450428182	false	1.0
frustriert	neg 1.0		__DUMMY__ 0.888419944078783 neg 0.06578812725880287 off 0.04579192866241409	false	1.0
schimmelig	neg 1.0		__DUMMY__ 0.8883858845955804 neg 0.06776065882839344 off 0.04385345657602614	false	1.0
fisch	neg 1.0	neg 1.0	neg 0.5172990932877348 __DUMMY__ 0.4491901459540783 off 0.03351076075818688	false	1.0
schmuggel	neg 1.0		__DUMMY__ 0.8923671508843062 neg 0.06447470698899332 off 0.0431581421267005	false	1.0
auffallen	neg 1.0		__DUMMY__ 0.8877997105840707 neg 0.06369100882949538 off 0.048509280586433876	false	1.0
konkurrenz	neg 1.0		__DUMMY__ 0.8914139635403737 neg 0.06582084653641752 off 0.04276518992320882	false	1.0
teufelskreis	neg 1.0		__DUMMY__ 0.886871807606506 neg 0.0670236750313724 off 0.046104517362121594	false	1.0
aufschreien	neg 1.0		__DUMMY__ 0.8851588211180539 neg 0.06618536328760857 off 0.04865581559433758	false	1.0
schuldner	neg 1.0		__DUMMY__ 0.8859635884601209 neg 0.06958914373254232 off 0.044447267807336786	false	1.0
missgeburt	off 1.0	off 1.0	off 0.5127797124398421 __DUMMY__ 0.44029534634511847 neg 0.04692494121503941	false	1.0
arbeitslos	neg 1.0		__DUMMY__ 0.886914348914986 neg 0.06768148760043056 off 0.04540416348458335	false	1.0
befallen	neg 1.0		__DUMMY__ 0.8830070521641897 neg 0.0713575885471883 off 0.04563535928862195	false	1.0
miesepetrig	off 1.0		__DUMMY__ 0.8883819879776124 neg 0.06071835741281755 off 0.0508996546095701	false	0.5
alarmieren	neg 1.0		__DUMMY__ 0.8840296286129407 neg 0.06466203174305955 off 0.05130833964399978	false	1.0
ungeduscht	off 1.0		__DUMMY__ 0.8879276892797807 neg 0.06326560303736482 off 0.04880670768285449	false	0.5
knappheit	neg 1.0		__DUMMY__ 0.8874711727247797 neg 0.06695719212130068 off 0.045571635153919536	false	1.0
schlange	neg 1.0		__DUMMY__ 0.890270068405743 neg 0.06201606475815893 off 0.04771386683609806	false	1.0
harsch	neg 1.0		__DUMMY__ 0.8860821768294451 neg 0.05771836246605643 off 0.056199460704498515	false	1.0
lang	neg 1.0		__DUMMY__ 0.8879375165856399 neg 0.06405733770507702 off 0.04800514570928307	false	1.0
ziellos	neg 1.0		__DUMMY__ 0.8893109971616785 neg 0.06600888880832562 off 0.044680114029995895	false	1.0
selbstverliebt	neg 1.0		__DUMMY__ 0.8772691331980733 neg 0.06221573002320261 off 0.060515136778724124	false	1.0
beseitigen	neg 1.0		__DUMMY__ 0.8917283146043159 neg 0.06060300975973768 off 0.04766867563594637	false	1.0
dumm	off 1.0		__DUMMY__ 0.882553641723134 neg 0.06126858432138816 off 0.05617777395547786	false	0.5
arbeitsloser	neg 1.0		__DUMMY__ 0.8876720894367159 neg 0.06757363081072733 off 0.0447542797525567	false	1.0
blitzen	neg 1.0		__DUMMY__ 0.8860429652991396 neg 0.06387315237264336 off 0.050083882328216964	false	1.0
hilflos	neg 1.0		__DUMMY__ 0.8889201117727267 neg 0.06566963905888239 off 0.045410249168390995	false	1.0
eklig	off 1.0		__DUMMY__ 0.8812513093965386 neg 0.06190729489552382 off 0.056841395707937496	false	0.5
begriff			__DUMMY__ 0.8874755453365588 neg 0.06664773615519756 off 0.045876718508243625	false	0.0
hungersnot	neg 1.0		__DUMMY__ 0.8813085964054602 neg 0.0713340483043911 off 0.047357355290148694	false	1.0
ungesetzlich	neg 1.0		__DUMMY__ 0.8808361315131128 neg 0.06924473261486111 off 0.04991913587202605	false	1.0
verschwendung	neg 1.0		__DUMMY__ 0.888827799530654 neg 0.06775056473183844 off 0.043421635737507513	false	1.0
schmerzvoll	neg 1.0		__DUMMY__ 0.8882653742101204 neg 0.06366564575042268 off 0.048068980039456935	false	1.0
vorzeitig	neg 1.0		__DUMMY__ 0.8873830686739487 neg 0.061266692290956055 off 0.05135023903509531	false	1.0
unvollkommenheit	neg 1.0		__DUMMY__ 0.8881621892109292 neg 0.0647547200419185 off 0.0470830907471523	false	1.0
intervenieren	neg 1.0		__DUMMY__ 0.8847060517230677 neg 0.07092348713654888 off 0.044370461140383524	false	1.0
banause	off 1.0		__DUMMY__ 0.8802785501552497 neg 0.06170277959385532 off 0.058018670250894924	false	0.5
rebell	neg 1.0		__DUMMY__ 0.891349864060763 neg 0.06632370659810878 off 0.04232642934112818	false	1.0
unlogisch	neg 1.0		__DUMMY__ 0.8840192819258442 neg 0.06260588537412842 off 0.05337483270002734	false	1.0
leiden	neg 1.0	neg 1.0	neg 0.5150879190736023 __DUMMY__ 0.4529938332651201 off 0.03191824766127769	false	1.0
abschaffung	neg 1.0		__DUMMY__ 0.8847794667375477 neg 0.06713556946404321 off 0.04808496379840906	false	1.0
sturz	neg 1.0		__DUMMY__ 0.8840360497880507 neg 0.06748096351404383 off 0.048482986697905406	false	1.0
verkleinerung	neg 1.0		__DUMMY__ 0.8824796986076071 neg 0.06690882634058445 off 0.050611475051808456	false	1.0
schmarotzer	off 1.0		__DUMMY__ 0.8855439588147369 neg 0.0693391543575325 off 0.04511688682773063	false	0.5
bestrafung	neg 1.0		__DUMMY__ 0.8864557943468064 neg 0.06548411286565792 off 0.04806009278753567	false	1.0
achtlos	neg 1.0		__DUMMY__ 0.8902188196701489 neg 0.06343378583235286 off 0.04634739449749816	false	1.0
ungeheuer	neg 1.0		__DUMMY__ 0.8864395224949619 neg 0.06495159641110959 off 0.04860888109392856	false	1.0
unaufrichtig	neg 1.0		__DUMMY__ 0.8821855188232841 neg 0.0679508731530287 off 0.04986360802368722	false	1.0
