unsolidarisch	neg 1.0		neg 0.5448349396862643 off 0.3866381949366412 __DUMMY__ 0.06852686537709439	false	1.0
nachteilig	neg 1.0		neg 0.5437357168280067 off 0.38677519839786995 __DUMMY__ 0.06948908477412338	false	1.0
skeptisch	neg 1.0		neg 0.5458519510102996 off 0.38442090099590465 __DUMMY__ 0.06972714799379565	false	1.0
schrecklich	neg 1.0		neg 0.5319637418314348 off 0.3988612349179373 __DUMMY__ 0.0691750232506279	false	1.0
schlapp	neg 1.0		neg 0.5343881300199389 off 0.39591414656441537 __DUMMY__ 0.06969772341564569	false	1.0
abfall	neg 1.0		neg 0.5474501798964305 off 0.382747630114714 __DUMMY__ 0.06980218998885543	false	1.0
widerspenstig	neg 1.0		neg 0.5390934444464951 off 0.39103407736116763 __DUMMY__ 0.06987247819233726	false	1.0
abrupt	neg 1.0		neg 0.5403675054409687 off 0.3896769293408597 __DUMMY__ 0.06995556521817152	false	1.0
unwirksam	neg 1.0		neg 0.542573142470701 off 0.38855655068197514 __DUMMY__ 0.06887030684732381	false	1.0
angreifen	neg 1.0		neg 0.545370811738981 off 0.38512293719441526 __DUMMY__ 0.0695062510666036	false	1.0
inkonsistent	neg 1.0		neg 0.5389501769281804 off 0.3917968181990006 __DUMMY__ 0.0692530048728192	false	1.0
abrutschen	neg 1.0		neg 0.5465386090908136 off 0.38351356486705224 __DUMMY__ 0.069947826042134	false	1.0
unsicher	neg 1.0		neg 0.5399288127528206 off 0.3903884569710442 __DUMMY__ 0.06968273027613522	false	1.0
bauernkind	off 1.0		neg 0.5308396739617826 off 0.40060629559456534 __DUMMY__ 0.06855403044365217	false	0.5
angreifer	neg 1.0		neg 0.5388338359967624 off 0.39211288223817914 __DUMMY__ 0.06905328176505857	false	1.0
trennen	neg 1.0		neg 0.5425343580083616 off 0.3872640012181928 __DUMMY__ 0.07020164077344562	false	1.0
schmutz	neg 1.0		neg 0.5310033476467572 off 0.398889625981266 __DUMMY__ 0.0701070263719769	false	1.0
inkonsistenz	neg 1.0	neg 1.0	neg 0.7575856597445557 off 0.20932604427482698 __DUMMY__ 0.033088295980617244	false	1.0
erschreckend	neg 1.0		neg 0.5426659613038499 off 0.3879024886674148 __DUMMY__ 0.06943155002873536	false	1.0
ertrinken	neg 1.0		neg 0.5425793520539487 off 0.3875034840712607 __DUMMY__ 0.06991716387479063	false	1.0
pickelface	off 1.0		neg 0.5405173836803987 off 0.39022074897056014 __DUMMY__ 0.06926186734904119	false	0.5
seiner			neg 0.5447407870432723 off 0.38558866678507575 __DUMMY__ 0.06967054617165187	false	0.0
lauch	neg 1.0		neg 0.545733438760304 off 0.38448743270577534 __DUMMY__ 0.06977912853392079	false	1.0
unwichtig	neg 1.0		neg 0.5365051764117013 off 0.3942044958783425 __DUMMY__ 0.06929032770995615	false	1.0
steuerhinterziehung	neg 1.0		neg 0.5441514732978873 off 0.386918586845268 __DUMMY__ 0.06892993985684474	false	1.0
schock	neg 1.0		neg 0.5402073993538328 off 0.38979530463258705 __DUMMY__ 0.06999729601358018	false	1.0
beule	neg 1.0		neg 0.5330455580521085 off 0.39732310875097687 __DUMMY__ 0.06963133319691457	false	1.0
vergelten	neg 1.0		neg 0.5321002417670219 off 0.39911933305842034 __DUMMY__ 0.06878042517455776	false	1.0
verdorbenheit	neg 1.0		neg 0.5367226963046381 off 0.3933743451331301 __DUMMY__ 0.06990295856223179	false	1.0
trauma	neg 1.0		neg 0.5386704127585384 off 0.3918757125844891 __DUMMY__ 0.0694538746569723	false	1.0
sinnlos	neg 1.0		neg 0.5384645211796438 off 0.3920781464115689 __DUMMY__ 0.06945733240878728	false	1.0
fettsack	off 1.0	off 1.0	off 0.6836125441160912 neg 0.283474936556224 __DUMMY__ 0.032912519327684756	false	1.0
feige	off 1.0		neg 0.5380115056103498 off 0.39291244993566415 __DUMMY__ 0.06907604445398607	false	0.5
abdanken	neg 1.0		neg 0.5454822500204373 off 0.38586889027576693 __DUMMY__ 0.06864885970379574	false	1.0
wichtigtuer	off 1.0	off 1.0	off 0.6783953506177611 neg 0.28851462212319356 __DUMMY__ 0.03309002725904527	false	1.0
misslingen	neg 1.0		neg 0.5359663942915797 off 0.3941322417432234 __DUMMY__ 0.06990136396519701	false	1.0
untreu	off 1.0		neg 0.5352625824774571 off 0.39539671053752895 __DUMMY__ 0.06934070698501399	false	0.5
missmutig	neg 1.0		neg 0.5353986857434313 off 0.3949528301960463 __DUMMY__ 0.0696484840605224	false	1.0
hurenbock	off 1.0		neg 0.5360195539742878 off 0.3939922216855978 __DUMMY__ 0.06998822434011438	false	0.5
betrunken	neg 1.0		neg 0.5326066636542532 off 0.3978901899000734 __DUMMY__ 0.06950314644567328	false	1.0
korrupt	off 1.0		neg 0.5463915394293057 off 0.3847681020218306 __DUMMY__ 0.06884035854886378	false	0.5
unmut	neg 1.0		neg 0.5470978712350495 off 0.3832251138992157 __DUMMY__ 0.0696770148657348	false	1.0
hackfresse	off 1.0		neg 0.5288659326867149 off 0.40215981884165763 __DUMMY__ 0.0689742484716275	false	0.5
aufblasen	neg 1.0		neg 0.5375597305682808 off 0.3926288078588264 __DUMMY__ 0.06981146157289281	false	1.0
gewaltsam	neg 1.0		neg 0.5415659333247725 off 0.3894259380654791 __DUMMY__ 0.0690081286097483	false	1.0
unbeliebtheit	neg 1.0		neg 0.5393902648083612 off 0.3924458615380188 __DUMMY__ 0.06816387365361999	false	1.0
sturheit	neg 1.0		neg 0.5440358312703815 off 0.38683369274923 __DUMMY__ 0.06913047598038852	false	1.0
kuh	neg 1.0		neg 0.5400443911035006 off 0.3907837128738797 __DUMMY__ 0.06917189602261989	false	1.0
erschrecken	neg 1.0		neg 0.5360013061417381 off 0.3943974574450851 __DUMMY__ 0.06960123641317695	false	1.0
opfer	neg 1.0	neg 1.0	neg 0.7606634995501289 off 0.2060117278739497 __DUMMY__ 0.033324772575921396	false	1.0
sinken	neg 1.0		neg 0.5458622145902272 off 0.3844093791168801 __DUMMY__ 0.06972840629289268	false	1.0
stinktier	neg 1.0		neg 0.5329015194162792 off 0.3982367692161032 __DUMMY__ 0.06886171136761754	false	1.0
tucke	off 1.0		neg 0.5273674869445752 off 0.4035253280766256 __DUMMY__ 0.06910718497879907	false	0.5
ein			neg 0.5371990571259639 off 0.3927526173921084 __DUMMY__ 0.07004832548192766	false	0.0
abstieg	neg 1.0		neg 0.5438514719044397 off 0.38691131107968857 __DUMMY__ 0.0692372170158717	false	1.0
missverstehen	neg 1.0		neg 0.5401982131398413 off 0.39065817587979457 __DUMMY__ 0.069143610980364	false	1.0
ergebnislos	neg 1.0		neg 0.5434865878938785 off 0.38710016582727563 __DUMMY__ 0.06941324627884594	false	1.0
unter			neg 0.5475479134031817 off 0.381867076564867 __DUMMY__ 0.07058501003195136	false	0.0
manipulieren	neg 1.0		neg 0.5456992371455375 off 0.384808368690941 __DUMMY__ 0.06949239416352149	false	1.0
unbewiesen	neg 1.0		neg 0.5455097561016431 off 0.38603838400643015 __DUMMY__ 0.06845185989192684	false	1.0
verschleppen	neg 1.0		neg 0.5443006462913121 off 0.38639225083571493 __DUMMY__ 0.069307102872973	false	1.0
weib	off 1.0		neg 0.5283128520338988 off 0.4029093108787994 __DUMMY__ 0.06877783708730188	false	0.5
opposition	neg 1.0		neg 0.5416298287028999 off 0.38955108786416826 __DUMMY__ 0.06881908343293186	false	1.0
verkehrswidrig	neg 1.0		neg 0.5293279243096036 off 0.4013765072574696 __DUMMY__ 0.06929556843292665	false	1.0
inkorrekt	neg 1.0		neg 0.5387743843419006 off 0.3926555285145967 __DUMMY__ 0.06857008714350273	false	1.0
vermeiden	neg 1.0		neg 0.5467856251742518 off 0.3830352458385261 __DUMMY__ 0.070179128987222	false	1.0
abweichung	neg 1.0		neg 0.546570771449255 off 0.38458443674587667 __DUMMY__ 0.06884479180486838	false	1.0
alkoholisiert	neg 1.0		neg 0.5418196431646203 off 0.3884358798044135 __DUMMY__ 0.06974447703096608	false	1.0
scheiss	off 1.0	off 1.0	off 0.6819057256100888 neg 0.28488119613691665 __DUMMY__ 0.03321307825299447	false	1.0
herausforderung	neg 1.0		neg 0.5394090208606989 off 0.39030866576224055 __DUMMY__ 0.0702823133770605	false	1.0
pervers	off 1.0		neg 0.5254001014592998 off 0.4058922658104001 __DUMMY__ 0.06870763273030003	false	0.5
wackelig	neg 1.0		neg 0.539492587775216 off 0.3902339225287019 __DUMMY__ 0.07027348969608212	false	1.0
verwickeln	neg 1.0		neg 0.5395114389720528 off 0.3911526960643628 __DUMMY__ 0.06933586496358428	false	1.0
vorwand	neg 1.0		neg 0.5468572713778523 off 0.3836068973045541 __DUMMY__ 0.06953583131759362	false	1.0
muschi	off 1.0		neg 0.541264527580382 off 0.3895040044503694 __DUMMY__ 0.06923146796924837	false	0.5
entmutigung	neg 1.0		neg 0.5445635912546998 off 0.38733032667433465 __DUMMY__ 0.06810608207096545	false	1.0
unangemessen	neg 1.0		neg 0.5452982025713676 off 0.38556693791042373 __DUMMY__ 0.06913485951820857	false	1.0
unstetig	neg 1.0		neg 0.5378819633283515 off 0.3929970860788114 __DUMMY__ 0.06912095059283718	false	1.0
entmutigen	neg 1.0		neg 0.5389899907694684 off 0.3914169040068818 __DUMMY__ 0.06959310522364981	false	1.0
schwanz	neg 1.0		neg 0.5421640937726565 off 0.38827606117063757 __DUMMY__ 0.06955984505670591	false	1.0
verbot	neg 1.0		neg 0.5449506824034953 off 0.38607221088071475 __DUMMY__ 0.06897710671578994	false	1.0
leid	neg 1.0		neg 0.5304935786818636 off 0.4004211477569249 __DUMMY__ 0.06908527356121145	false	1.0
archaisch	neg 1.0		neg 0.5443390589847887 off 0.3864576088843387 __DUMMY__ 0.06920333213087247	false	1.0
gegen			neg 0.5468528217447531 off 0.38371723247899636 __DUMMY__ 0.06942994577625046	false	0.0
scheidung	neg 1.0	neg 1.0	neg 0.7456836586900424 off 0.22145411351693853 __DUMMY__ 0.03286222779301914	false	1.0
einschlag	neg 1.0		neg 0.5310578520828246 off 0.3998624753930126 __DUMMY__ 0.06907967252416292	false	1.0
m			neg 0.5405594779407114 off 0.3896518720724901 __DUMMY__ 0.06978864998679858	false	0.0
abgestanden	neg 1.0		neg 0.5391803637732744 off 0.3910805815687544 __DUMMY__ 0.06973905465797126	false	1.0
schmierig	off 1.0		neg 0.5307954811588114 off 0.399923855898268 __DUMMY__ 0.06928066294292066	false	0.5
unpraktisch	neg 1.0		neg 0.5372476752161737 off 0.3928766890461201 __DUMMY__ 0.06987563573770625	false	1.0
wixxer	off 1.0		neg 0.5264366377883717 off 0.4050904634052098 __DUMMY__ 0.06847289880641859	false	0.5
bezeichnet			neg 0.5428669649608597 off 0.38789914564231104 __DUMMY__ 0.06923388939682903	false	0.0
jammerlappen	off 1.0		neg 0.5361115480202103 off 0.39452097664516467 __DUMMY__ 0.06936747533462509	false	0.5
farce	neg 1.0		neg 0.5471015859152877 off 0.3844144455309521 __DUMMY__ 0.0684839685537601	false	1.0
zwecklos	neg 1.0		neg 0.544783168388765 off 0.38590621698347993 __DUMMY__ 0.06931061462775516	false	1.0
turbulent	neg 1.0		neg 0.5332297634904948 off 0.3977887377698796 __DUMMY__ 0.06898149873962552	false	1.0
invasion	neg 1.0		neg 0.536080255515468 off 0.3942945125000818 __DUMMY__ 0.06962523198445017	false	1.0
schuld	neg 1.0		neg 0.5403337079145559 off 0.3902716954860425 __DUMMY__ 0.06939459659940161	false	1.0
risiko	neg 1.0		neg 0.5349054554246548 off 0.3952933840560346 __DUMMY__ 0.06980116051931065	false	1.0
finster	neg 1.0		neg 0.5382388729519398 off 0.3918921890824587 __DUMMY__ 0.06986893796560151	false	1.0
geisteskrank	off 1.0		neg 0.5368906084541432 off 0.39427641973891325 __DUMMY__ 0.06883297180694363	false	0.5
zusammenbrechen	neg 1.0		neg 0.541095714041076 off 0.3891330763514403 __DUMMY__ 0.06977120960748362	false	1.0
ausbeute	neg 1.0		neg 0.5410255960117837 off 0.38896807849420584 __DUMMY__ 0.07000632549401034	false	1.0
hinterhalt	neg 1.0		neg 0.5392587881529823 off 0.39128760884797187 __DUMMY__ 0.06945360299904589	false	1.0
kritik	neg 1.0		neg 0.5461602024163787 off 0.38517124335693803 __DUMMY__ 0.06866855422668315	false	1.0
einschrumpfen	neg 1.0		neg 0.5394309356338435 off 0.3917975542282784 __DUMMY__ 0.0687715101378782	false	1.0
riskant	neg 1.0		neg 0.5442571098507236 off 0.38606516367693616 __DUMMY__ 0.06967772647234032	false	1.0
frustrieren	neg 1.0		neg 0.5451316577273814 off 0.3853379049613654 __DUMMY__ 0.06953043731125327	false	1.0
groll	neg 1.0		neg 0.5443627458797762 off 0.38629270146486444 __DUMMY__ 0.06934455265535945	false	1.0
gibt			neg 0.5428263437944043 off 0.38763153930977107 __DUMMY__ 0.06954211689582453	false	0.0
qualvoll	neg 1.0		neg 0.537077735613894 off 0.39326733097600075 __DUMMY__ 0.06965493341010519	false	1.0
wackeln	neg 1.0		neg 0.5369401021740688 off 0.39300459700658075 __DUMMY__ 0.07005530081935034	false	1.0
klagen	neg 1.0		neg 0.5472885171733863 off 0.38324671648211933 __DUMMY__ 0.06946476634449435	false	1.0
bankrott	neg 1.0		neg 0.5344922747235408 off 0.3959474121130496 __DUMMY__ 0.0695603131634097	false	1.0
trauern	neg 1.0		neg 0.5438967655715294 off 0.3864246307566327 __DUMMY__ 0.06967860367183785	false	1.0
ablehnung	neg 1.0	neg 1.0	neg 0.7613385923768775 off 0.2057474724210997 __DUMMY__ 0.03291393520202272	false	1.0
stur	neg 1.0		neg 0.5396025853908419 off 0.39095331916304416 __DUMMY__ 0.06944409544611405	false	1.0
aufruhr	neg 1.0		neg 0.5428484426497239 off 0.38826090944716035 __DUMMY__ 0.06889064790311568	false	1.0
melancholie	neg 1.0		neg 0.5407372062146029 off 0.3892467530162302 __DUMMY__ 0.07001604076916682	false	1.0
ist			neg 0.5396980637298961 off 0.39091714464929844 __DUMMY__ 0.06938479162080538	false	0.0
torheit	neg 1.0		neg 0.5437542800724942 off 0.3876340229011307 __DUMMY__ 0.06861169702637507	false	1.0
dreckskind	off 1.0		neg 0.533057586055492 off 0.3985501673688894 __DUMMY__ 0.06839224657561863	false	0.5
umtauschen	neg 1.0		neg 0.5394716907866938 off 0.3907151285738651 __DUMMY__ 0.06981318063944121	false	1.0
zum			neg 0.543743951053427 off 0.38562547511322137 __DUMMY__ 0.07063057383335163	false	0.0
zersetzen	neg 1.0		neg 0.5463391895806029 off 0.38417498423549185 __DUMMY__ 0.06948582618390528	false	1.0
zur			neg 0.54802363844742 off 0.3821152221081959 __DUMMY__ 0.06986113944438402	false	0.0
frust	neg 1.0		neg 0.541875121658484 off 0.3884419913249658 __DUMMY__ 0.06968288701655018	false	1.0
unerbittlichkeit	neg 1.0		neg 0.545996970704684 off 0.38464046608598323 __DUMMY__ 0.06936256320933282	false	1.0
zwei			neg 0.5434568035676256 off 0.38622594490301954 __DUMMY__ 0.07031725152935488	false	0.0
unkorrekt	neg 1.0		neg 0.5366138524114082 off 0.3946012534679835 __DUMMY__ 0.06878489412060824	false	1.0
hexe	off 1.0		neg 0.534855039493305 off 0.3957423494543739 __DUMMY__ 0.06940261105232096	false	0.5
lasch	neg 1.0		neg 0.5390087095644993 off 0.39189257954629647 __DUMMY__ 0.06909871088920419	false	1.0
rivale	neg 1.0		neg 0.5326684119243407 off 0.3984069013249627 __DUMMY__ 0.06892468675069682	false	1.0
mutlos	off 1.0	off 1.0	off 0.6753118019549534 neg 0.29158895088151215 __DUMMY__ 0.03309924716353441	false	1.0
wirr	off 1.0		neg 0.5346326318898574 off 0.3965706749071291 __DUMMY__ 0.06879669320301354	false	0.5
jahr			neg 0.5420194528362604 off 0.3878944440582444 __DUMMY__ 0.070086103105495	false	0.0
wird			neg 0.5438591281782251 off 0.3865182998080615 __DUMMY__ 0.06962257201371334	false	0.0
strafbar	neg 1.0		neg 0.5465820150913044 off 0.3842507347268651 __DUMMY__ 0.06916725018183048	false	1.0
erosion	neg 1.0		neg 0.5371832893318664 off 0.39304342629392763 __DUMMY__ 0.0697732843742058	false	1.0
eingehen	neg 1.0		neg 0.544742023311113 off 0.38586140590366214 __DUMMY__ 0.06939657078522493	false	1.0
faul	off 1.0		neg 0.5340673343547125 off 0.3961403939215055 __DUMMY__ 0.06979227172378197	false	0.5
provisorium	neg 1.0		neg 0.549393674217496 off 0.3802565141309868 __DUMMY__ 0.07034981165151723	false	1.0
schmerzen	neg 1.0		neg 0.5405353557723234 off 0.3896866855013255 __DUMMY__ 0.06977795872635112	false	1.0
schrumpfen	neg 1.0		neg 0.5478368540003833 off 0.38218800498333516 __DUMMY__ 0.0699751410162815	false	1.0
geistlos	off 1.0		neg 0.5426513762952209 off 0.3888624107500177 __DUMMY__ 0.06848621295476136	false	0.5
fehlkauf	neg 1.0		neg 0.5382871595191481 off 0.39246472145765987 __DUMMY__ 0.06924811902319213	false	1.0
frustrierend	neg 1.0	neg 1.0	neg 0.7565686734341306 off 0.21014796839260358 __DUMMY__ 0.033283358173265956	false	1.0
unzufrieden	neg 1.0		neg 0.5438142340395286 off 0.38670158642354086 __DUMMY__ 0.06948417953693072	false	1.0
verzweifeln	neg 1.0		neg 0.5408602397991392 off 0.38949182544464 __DUMMY__ 0.06964793475622091	false	1.0
verzweifelt	neg 1.0		neg 0.5395650928649965 off 0.39096269686461255 __DUMMY__ 0.06947221027039076	false	1.0
misstrauensantrag	neg 1.0		neg 0.5391991116593886 off 0.39172092056253544 __DUMMY__ 0.069079967778076	false	1.0
abfallen	neg 1.0		neg 0.536578065401299 off 0.39332669027511513 __DUMMY__ 0.07009524432358577	false	1.0
fucker	off 1.0		neg 0.5335787936801982 off 0.3973786219148986 __DUMMY__ 0.06904258440490323	false	0.5
ungezogen	neg 1.0		neg 0.5269280057587916 off 0.4040909905255975 __DUMMY__ 0.06898100371561083	false	1.0
irrsinnig	neg 1.0	neg 1.0	neg 0.758895292157005 off 0.20793512072880282 __DUMMY__ 0.03316958711419212	false	1.0
unfassbar	neg 1.0		neg 0.5357130597283356 off 0.39495804505107895 __DUMMY__ 0.06932889522058551	false	1.0
hart	neg 1.0		neg 0.5365456881505861 off 0.3943816658133557 __DUMMY__ 0.06907264603605806	false	1.0
widerlich	off 1.0		neg 0.5358135353157066 off 0.3950782962550989 __DUMMY__ 0.06910816842919457	false	0.5
fatal	neg 1.0		neg 0.5381181147320021 off 0.39257102590469245 __DUMMY__ 0.06931085936330539	false	1.0
bruch	neg 1.0		neg 0.5490186043986794 off 0.38172800426645404 __DUMMY__ 0.0692533913348666	false	1.0
aushungern	neg 1.0		neg 0.5431574290677451 off 0.38792466359514244 __DUMMY__ 0.0689179073371124	false	1.0
anspannung	neg 1.0		neg 0.5457639195970003 off 0.3841603749594505 __DUMMY__ 0.07007570544354903	false	1.0
von			neg 0.5429571809259931 off 0.38693255976772595 __DUMMY__ 0.07011025930628087	false	0.0
kraftlos	neg 1.0		neg 0.5408155458458171 off 0.38907535497469425 __DUMMY__ 0.07010909917948863	false	1.0
vom			neg 0.5470519630689266 off 0.38242712200438045 __DUMMY__ 0.07052091492669314	false	0.0
grenzdebil	off 1.0		neg 0.5336989171446676 off 0.39685006629184133 __DUMMY__ 0.06945101656349105	false	0.5
vor			neg 0.545088023569084 off 0.38494241958598635 __DUMMY__ 0.06996955684492957	false	0.0
unterwerfen	neg 1.0		neg 0.5451771688825631 off 0.3854400805097882 __DUMMY__ 0.06938275060764884	false	1.0
versenkung	neg 1.0		neg 0.544739089145633 off 0.3856801661715718 __DUMMY__ 0.06958074468279511	false	1.0
entziehen	neg 1.0		neg 0.5473745085384368 off 0.3830587960722811 __DUMMY__ 0.06956669538928206	false	1.0
finanzkrise	neg 1.0		neg 0.5440781839073955 off 0.38710662357187775 __DUMMY__ 0.06881519252072679	false	1.0
schimpfend	neg 1.0		neg 0.5348900601376134 off 0.3948893281840724 __DUMMY__ 0.07022061167831431	false	1.0
profan	neg 1.0		neg 0.5385438874294971 off 0.3920091603548131 __DUMMY__ 0.06944695221568985	false	1.0
korruption	neg 1.0		neg 0.5459399886461229 off 0.3851671043628057 __DUMMY__ 0.06889290699107127	false	1.0
â			neg 0.5417373936778167 off 0.38850006773459533 __DUMMY__ 0.06976253858758809	false	0.0
schmutzig	neg 1.0		neg 0.5326837905769872 off 0.3975603051147658 __DUMMY__ 0.06975590430824703	false	1.0
sexy	neg 1.0		neg 0.5357332869293658 off 0.39481091534319157 __DUMMY__ 0.06945579772744263	false	1.0
abraten	neg 1.0		neg 0.5380925695478732 off 0.39219621154290063 __DUMMY__ 0.06971121890922612	false	1.0
schwarz	neg 1.0		neg 0.53884940447879 off 0.391783639137681 __DUMMY__ 0.06936695638352913	false	1.0
fotze	off 1.0		neg 0.5429357426002482 off 0.38773999379725166 __DUMMY__ 0.06932426360250009	false	0.5
verwirren	neg 1.0		neg 0.5374855425864663 off 0.393053759400369 __DUMMY__ 0.06946069801316462	false	1.0
zahnlos	off 1.0		neg 0.5444080376310775 off 0.38629256513338633 __DUMMY__ 0.06929939723553608	false	0.5
verheeren	neg 1.0		neg 0.5271266970595265 off 0.40441172062276326 __DUMMY__ 0.06846158231771013	false	1.0
hippie	neg 1.0		neg 0.5363370883026513 off 0.39426927708366394 __DUMMY__ 0.06939363461368475	false	1.0
rammen	neg 1.0		neg 0.5366575046736849 off 0.3937816540641855 __DUMMY__ 0.06956084126212961	false	1.0
unlauter	neg 1.0	neg 1.0	neg 0.7580516526787141 off 0.208869416805722 __DUMMY__ 0.03307893051556394	false	1.0
unheilvoll	neg 1.0		neg 0.5374063069402321 off 0.39293170709875197 __DUMMY__ 0.06966198596101594	false	1.0
niedrig	neg 1.0		neg 0.543769929507207 off 0.38677541397069376 __DUMMY__ 0.0694546565220993	false	1.0
explosion	neg 1.0		neg 0.5360169630106466 off 0.3944159802306361 __DUMMY__ 0.06956705675871719	false	1.0
weichei	off 1.0		neg 0.5301044534611525 off 0.40089587414723865 __DUMMY__ 0.06899967239160876	false	0.5
minusmensch	off 1.0		neg 0.5285843725888834 off 0.4031761696925931 __DUMMY__ 0.06823945771852351	false	0.5
farblos	neg 1.0		neg 0.5397395797857845 off 0.3908863875471248 __DUMMY__ 0.06937403266709075	false	1.0
unwissend	neg 1.0	neg 1.0	neg 0.7565234956002582 off 0.21037654789650054 __DUMMY__ 0.03309995650324117	false	1.0
traurig	neg 1.0		neg 0.5321370424150667 off 0.3984916899906818 __DUMMY__ 0.06937126759425155	false	1.0
senkung	neg 1.0		neg 0.5379081405743834 off 0.3928601656707704 __DUMMY__ 0.06923169375484631	false	1.0
ungleich	neg 1.0	neg 1.0	neg 0.7616693301295292 off 0.2051741557838666 __DUMMY__ 0.03315651408660419	false	1.0
heikel	neg 1.0		neg 0.5459675388202797 off 0.3844656360977262 __DUMMY__ 0.06956682508199416	false	1.0
drosselung	neg 1.0		neg 0.5311126148097053 off 0.3994352010869033 __DUMMY__ 0.0694521841033914	false	1.0
falsch	neg 1.0		neg 0.5367929911495406 off 0.3938396621066066 __DUMMY__ 0.06936734674385278	false	1.0
unzufriedenheit	neg 1.0		neg 0.5465925903801864 off 0.3839201728980751 __DUMMY__ 0.06948723672173854	false	1.0
kurz	neg 1.0		neg 0.5398434923989486 off 0.3901205974182964 __DUMMY__ 0.07003591018275494	false	1.0
unsinnig	neg 1.0		neg 0.543550922142701 off 0.3870284703175357 __DUMMY__ 0.0694206075397635	false	1.0
penner	off 1.0	off 1.0	off 0.6851529481997263 neg 0.2818111858151733 __DUMMY__ 0.033035865985100464	false	1.0
seicht	neg 1.0		neg 0.529670504308514 off 0.4017851885641781 __DUMMY__ 0.06854430712730775	false	1.0
dummheit	off 1.0	off 1.0	off 0.6787412809463991 neg 0.28819107409425526 __DUMMY__ 0.033067644959345666	false	1.0
unerfreulich	neg 1.0		neg 0.5460110535443189 off 0.3842940171535045 __DUMMY__ 0.06969492930217658	false	1.0
motherfucker	off 1.0	off 1.0	off 0.6821491691670535 neg 0.2848088806082185 __DUMMY__ 0.03304195022472818	false	1.0
pikiert	neg 1.0		neg 0.5369704937641385 off 0.39386005419026765 __DUMMY__ 0.06916945204559372	false	1.0
wrack	neg 1.0		neg 0.540856154753396 off 0.38929605170022336 __DUMMY__ 0.0698477935463806	false	1.0
gangster	neg 1.0		neg 0.5372477444770757 off 0.3933512960158294 __DUMMY__ 0.069400959507095	false	1.0
krank	neg 1.0		neg 0.5328082866323514 off 0.3975494047992239 __DUMMY__ 0.06964230856842483	false	1.0
reich	neg 1.0		neg 0.5399610235023148 off 0.391728987655167 __DUMMY__ 0.06830998884251815	false	1.0
gnadenlos	neg 1.0		neg 0.5397134114581079 off 0.39080856408734793 __DUMMY__ 0.06947802445454423	false	1.0
niedergeschlagen	neg 1.0		neg 0.5414410762578168 off 0.3888679049759425 __DUMMY__ 0.06969101876624077	false	1.0
terrorisieren	off 1.0	off 1.0	off 0.6762154170102648 neg 0.29042449769098516 __DUMMY__ 0.03336008529875005	false	1.0
sinnlosigkeit	neg 1.0		neg 0.5441907836089025 off 0.38647565336349865 __DUMMY__ 0.06933356302759891	false	1.0
behindern	neg 1.0		neg 0.5391601942664884 off 0.3910540970662092 __DUMMY__ 0.0697857086673024	false	1.0
undemokratisch	neg 1.0		neg 0.5427115332171962 off 0.38855301416818394 __DUMMY__ 0.06873545261461982	false	1.0
wirtschaftskrise	neg 1.0		neg 0.5449339758139711 off 0.3859755002828791 __DUMMY__ 0.06909052390314986	false	1.0
neid	neg 1.0		neg 0.5354943038574425 off 0.3948015676808981 __DUMMY__ 0.06970412846165956	false	1.0
rutschen	neg 1.0		neg 0.5433355944421691 off 0.38599095870898414 __DUMMY__ 0.07067344684884672	false	1.0
rezession	neg 1.0		neg 0.5339522648375135 off 0.39750492820763894 __DUMMY__ 0.06854280695484775	false	1.0
fehlgeburt	neg 1.0		neg 0.5400941948732707 off 0.3904914145027855 __DUMMY__ 0.0694143906239438	false	1.0
charakterschwach	off 1.0		neg 0.5358472710314747 off 0.3950142259573053 __DUMMY__ 0.06913850301122013	false	0.5
isolation	neg 1.0		neg 0.5346421479576572 off 0.3959188077968359 __DUMMY__ 0.069439044245507	false	1.0
ablenkung	neg 1.0		neg 0.5391825011638932 off 0.39107932415122876 __DUMMY__ 0.06973817468487799	false	1.0
pech	neg 1.0		neg 0.5372166944117281 off 0.39332092910424227 __DUMMY__ 0.0694623764840296	false	1.0
vermeidung	neg 1.0		neg 0.5322223678029842 off 0.3982525205084435 __DUMMY__ 0.06952511168857238	false	1.0
dominieren	neg 1.0		neg 0.5419626171837432 off 0.3885494261452291 __DUMMY__ 0.06948795667102778	false	1.0
schwindlig	neg 1.0		neg 0.5355656347297781 off 0.39458836074546916 __DUMMY__ 0.06984600452475268	false	1.0
lutscher	neg 1.0		neg 0.5283231760895729 off 0.4030802635440508 __DUMMY__ 0.06859656036637644	false	1.0
pflicht	neg 1.0		neg 0.5464525256306586 off 0.38403130445904676 __DUMMY__ 0.06951616991029466	false	1.0
faschist	off 1.0		neg 0.5418984260144398 off 0.3894302740190506 __DUMMY__ 0.06867129996650964	false	0.5
verschleudern	neg 1.0		neg 0.5452477014096246 off 0.38558658650738864 __DUMMY__ 0.06916571208298666	false	1.0
wenn			neg 0.5364370148213027 off 0.3941270391586843 __DUMMY__ 0.06943594602001303	false	0.0
ehebruch	neg 1.0		neg 0.5454463835023022 off 0.38531443505770663 __DUMMY__ 0.06923918143999115	false	1.0
spott	off 1.0		neg 0.5460618174871001 off 0.38466983079845135 __DUMMY__ 0.06926835171444852	false	0.5
trostlosigkeit	neg 1.0		neg 0.5488763270816235 off 0.3821193002224589 __DUMMY__ 0.06900437269591761	false	1.0
lutschen	neg 1.0		neg 0.5371222797432307 off 0.393815360567142 __DUMMY__ 0.06906235968962723	false	1.0
undiszipliniert	neg 1.0		neg 0.5332902764240792 off 0.39742740980757346 __DUMMY__ 0.06928231376834712	false	1.0
kopfschmerz	neg 1.0		neg 0.5409729404922311 off 0.38946593479366043 __DUMMY__ 0.06956112471410839	false	1.0
unvorhergesehen	neg 1.0		neg 0.539616585010118 off 0.39025833371250296 __DUMMY__ 0.070125081277379	false	1.0
desinteressiert	neg 1.0		neg 0.5346402053850702 off 0.39626156834170134 __DUMMY__ 0.06909822627322854	false	1.0
armselig	off 1.0		neg 0.5342227325112263 off 0.3968207797563735 __DUMMY__ 0.06895648773240022	false	0.5
desaster	neg 1.0		neg 0.5491071011501353 off 0.38158720246382927 __DUMMY__ 0.06930569638603536	false	1.0
tod	neg 1.0		neg 0.5465124333232442 off 0.3844260517628854 __DUMMY__ 0.06906151491387046	false	1.0
herzlos	neg 1.0		neg 0.531645449842436 off 0.39904929432875347 __DUMMY__ 0.06930525582881053	false	1.0
unwissenheit	neg 1.0		neg 0.5450589618720387 off 0.3857620516250808 __DUMMY__ 0.06917898650288057	false	1.0
widersinnig	neg 1.0		neg 0.545572618121032 off 0.3856376254045825 __DUMMY__ 0.06878975647438561	false	1.0
bedenklich	neg 1.0		neg 0.5450946527109244 off 0.3854012305597775 __DUMMY__ 0.06950411672929815	false	1.0
beanstanden	neg 1.0		neg 0.5465754039860493 off 0.3838570289741127 __DUMMY__ 0.0695675670398381	false	1.0
panisch	neg 1.0	neg 1.0	neg 0.7556849683452496 off 0.2106889930085488 __DUMMY__ 0.03362603864620163	false	1.0
debil	off 1.0		neg 0.5489294347246452 off 0.38135741440108545 __DUMMY__ 0.06971315087426933	false	0.5
abstrich	neg 1.0		neg 0.5375399015369652 off 0.3924872296496494 __DUMMY__ 0.06997286881338555	false	1.0
primitiv	neg 1.0		neg 0.5353653651389529 off 0.39556625531856804 __DUMMY__ 0.06906837954247902	false	1.0
abschaum	off 1.0	off 1.0	off 0.6800350597486897 neg 0.28695781943720533 __DUMMY__ 0.033007120814104875	false	1.0
provozieren	neg 1.0		neg 0.5417130486450752 off 0.3890576030841938 __DUMMY__ 0.06922934827073107	false	1.0
tot	neg 1.0		neg 0.5425359527817583 off 0.38817218048427965 __DUMMY__ 0.06929186673396207	false	1.0
instabil	neg 1.0		neg 0.5343182389500974 off 0.3970192511111308 __DUMMY__ 0.06866250993877183	false	1.0
schwuchtel	off 1.0		neg 0.524588615443616 off 0.40728751673127744 __DUMMY__ 0.06812386782510667	false	0.5
zerren	neg 1.0		neg 0.5413494460329883 off 0.3889163855729556 __DUMMY__ 0.06973416839405597	false	1.0
kinderficker	off 1.0		neg 0.5323716128003192 off 0.398849224830388 __DUMMY__ 0.06877916236929282	false	0.5
gefahr	neg 1.0		neg 0.5453318072622942 off 0.3853484993258676 __DUMMY__ 0.06931969341183802	false	1.0
rabiat	neg 1.0		neg 0.5406611807811713 off 0.3898425750262853 __DUMMY__ 0.06949624419254341	false	1.0
verlangsamung	neg 1.0		neg 0.5302589269295513 off 0.40124111159823383 __DUMMY__ 0.0684999614722147	false	1.0
ausgestorben	neg 1.0		neg 0.5415334155081153 off 0.38879301817161727 __DUMMY__ 0.06967356632026758	false	1.0
anklagen	neg 1.0		neg 0.5428502643035494 off 0.38800488116874454 __DUMMY__ 0.06914485452770595	false	1.0
trott	neg 1.0		neg 0.5396553198235677 off 0.39068283473276066 __DUMMY__ 0.06966184544367163	false	1.0
verminderung	neg 1.0		neg 0.532681403737277 off 0.3980660904442399 __DUMMY__ 0.06925250581848316	false	1.0
nach			neg 0.5453095318460734 off 0.38434012939678514 __DUMMY__ 0.07035033875714149	false	0.0
rost	neg 1.0		neg 0.5281832758669026 off 0.40300413634827836 __DUMMY__ 0.06881258778481897	false	1.0
destruktiv	neg 1.0		neg 0.5437175878976259 off 0.38717115114168826 __DUMMY__ 0.06911126096068589	false	1.0
unzumutbarkeit	neg 1.0		neg 0.5326302804807923 off 0.39793792678429146 __DUMMY__ 0.06943179273491627	false	1.0
labil	off 1.0	off 1.0	off 0.6809547986005544 neg 0.2859825612550822 __DUMMY__ 0.033062640144363394	false	1.0
ziemlich	neg 1.0		neg 0.5346122872922315 off 0.3959893901863121 __DUMMY__ 0.06939832252145621	false	1.0
lachnummer	off 1.0		neg 0.5434522172215046 off 0.3873897983223839 __DUMMY__ 0.06915798445611143	false	0.5
oder			neg 0.5391731204568684 off 0.3910157362376308 __DUMMY__ 0.06981114330550074	false	0.0
verfall	neg 1.0		neg 0.5491358980996887 off 0.38113184925900345 __DUMMY__ 0.0697322526413077	false	1.0
ausgrenzung	neg 1.0		neg 0.5418572353773602 off 0.3894016381214072 __DUMMY__ 0.06874112650123258	false	1.0
unordnung	neg 1.0		neg 0.5324728448494378 off 0.3986906401115192 __DUMMY__ 0.06883651503904309	false	1.0
fehlverhalten	neg 1.0		neg 0.5461588280218458 off 0.38453170714164225 __DUMMY__ 0.0693094648365119	false	1.0
eine			neg 0.5453383145551178 off 0.3848071069987168 __DUMMY__ 0.06985457844616538	false	0.0
nille	neg 1.0		neg 0.5421526706569728 off 0.3887249127752179 __DUMMY__ 0.0691224165678092	false	1.0
qual	neg 1.0		neg 0.5399385761967921 off 0.3904365360361928 __DUMMY__ 0.069624887767015	false	1.0
verschwenden	neg 1.0		neg 0.5445714277420455 off 0.3858477694699814 __DUMMY__ 0.06958080278797331	false	1.0
riesig	neg 1.0		neg 0.5410761316819866 off 0.38934381052294365 __DUMMY__ 0.06958005779506957	false	1.0
verurteilen	neg 1.0		neg 0.5450653578663136 off 0.3858086077021972 __DUMMY__ 0.06912603443148921	false	1.0
klischee	neg 1.0	neg 1.0	neg 0.7578708810191132 off 0.20909242635412936 __DUMMY__ 0.03303669262675754	false	1.0
diktatorisch	neg 1.0		neg 0.5440165677388331 off 0.3874696036978375 __DUMMY__ 0.06851382856332948	false	1.0
vorhersehbar	neg 1.0		neg 0.5408137228325947 off 0.39017453029363686 __DUMMY__ 0.06901174687376864	false	1.0
sowie			neg 0.5314891116396241 off 0.3999054622482704 __DUMMY__ 0.06860542611210557	false	0.0
stornieren	neg 1.0		neg 0.535961440982228 off 0.3942906003583182 __DUMMY__ 0.06974795865945389	false	1.0
besteuerung	neg 1.0		neg 0.5401586262400861 off 0.39062231442549095 __DUMMY__ 0.06921905933442304	false	1.0
ungeschminkt	neg 1.0		neg 0.534811984135877 off 0.3959919862412887 __DUMMY__ 0.06919602962283422	false	1.0
kritisch	neg 1.0		neg 0.5459002940798676 off 0.3848106678464967 __DUMMY__ 0.0692890380736357	false	1.0
schlamperei	off 1.0		neg 0.5450878186213775 off 0.3856349725516536 __DUMMY__ 0.06927720882696893	false	0.5
sucht	neg 1.0	neg 1.0	neg 0.7548717113150684 off 0.2114871286399266 __DUMMY__ 0.033641160045004954	false	1.0
egoistisch	off 1.0		neg 0.5301986861602546 off 0.40077211178368277 __DUMMY__ 0.06902920205606274	false	0.5
ausbeuter	off 1.0		neg 0.5472834122845625 off 0.38353842185640996 __DUMMY__ 0.06917816585902768	false	0.5
arschgeburt	off 1.0		neg 0.5247671053105238 off 0.4071099602617426 __DUMMY__ 0.06812293442773351	false	0.5
schubs	neg 1.0	neg 1.0	neg 0.7586647805816045 off 0.20776191863947907 __DUMMY__ 0.03357330077891649	false	1.0
unsolide	neg 1.0		neg 0.5411938379703514 off 0.39053407284745767 __DUMMY__ 0.06827208918219094	false	1.0
beschwerde	neg 1.0		neg 0.5441213429543487 off 0.38659365159153486 __DUMMY__ 0.06928500545411642	false	1.0
stocken	neg 1.0		neg 0.5429524064117482 off 0.38743019523143263 __DUMMY__ 0.06961739835681917	false	1.0
isolieren	neg 1.0		neg 0.5396088101393908 off 0.39057153534079103 __DUMMY__ 0.06981965451981827	false	1.0
unheilbar	neg 1.0		neg 0.5407913882307401 off 0.38987389085633334 __DUMMY__ 0.06933472091292661	false	1.0
pisser	off 1.0		neg 0.5334359879174637 off 0.39773888346991004 __DUMMY__ 0.06882512861262634	false	0.5
löschen	neg 1.0		neg 0.5395578383595959 off 0.3910425959062269 __DUMMY__ 0.06939956573417717	false	1.0
durchfallen	neg 1.0		neg 0.544191666423759 off 0.38625997547105856 __DUMMY__ 0.06954835810518238	false	1.0
wichser	off 1.0		neg 0.5263365260626794 off 0.4049466029218899 __DUMMY__ 0.06871687101543056	false	0.5
terror	neg 1.0		neg 0.5349345498913495 off 0.39538340818871287 __DUMMY__ 0.06968204191993767	false	1.0
krass	neg 1.0		neg 0.5319224826196356 off 0.39893320753178574 __DUMMY__ 0.06914430984857883	false	1.0
revolte	neg 1.0	neg 1.0	neg 0.7593474269959386 off 0.20793682784923892 __DUMMY__ 0.032715745154822604	false	1.0
besorgt	neg 1.0		neg 0.539031828820428 off 0.39080572540238995 __DUMMY__ 0.07016244577718221	false	1.0
nachlassen	neg 1.0		neg 0.5417136815170089 off 0.38854210297412667 __DUMMY__ 0.06974421550886435	false	1.0
alt	neg 1.0		neg 0.5419887552773089 off 0.38794987006382897 __DUMMY__ 0.0700613746588621	false	1.0
hundesohn	off 1.0		neg 0.5288382854487694 off 0.40276429805024744 __DUMMY__ 0.06839741650098306	false	0.5
als			neg 0.5420517091897729 off 0.3881710863546342 __DUMMY__ 0.06977720445559295	false	0.0
abschreckung	neg 1.0		neg 0.5470332382269151 off 0.38354264185257625 __DUMMY__ 0.06942411992050875	false	1.0
unqualifiziert	neg 1.0		neg 0.5398143645265338 off 0.39107363640667764 __DUMMY__ 0.06911199906678872	false	1.0
abgewichst	off 1.0		neg 0.5419995906458386 off 0.38861678466114086 __DUMMY__ 0.06938362469302076	false	0.5
schwer	neg 1.0		neg 0.540551756410662 off 0.389792685521768 __DUMMY__ 0.06965555806756994	false	1.0
bedeutungslosigkeit	neg 1.0		neg 0.5468598329934422 off 0.38381673123737986 __DUMMY__ 0.0693234357691779	false	1.0
kapitulation	neg 1.0		neg 0.5473836102928444 off 0.3838710317057511 __DUMMY__ 0.06874535800140452	false	1.0
unscharf	neg 1.0		neg 0.5374095979227878 off 0.393188240846859 __DUMMY__ 0.06940216123035327	false	1.0
schwinden	neg 1.0		neg 0.5450287767187111 off 0.3853872416155954 __DUMMY__ 0.06958398166569338	false	1.0
versklavung	neg 1.0	neg 1.0	neg 0.7599308013098722 off 0.2071944254340118 __DUMMY__ 0.032874773256116006	false	1.0
schlecht	neg 1.0		neg 0.5339031002116925 off 0.3966351336226158 __DUMMY__ 0.06946176616569162	false	1.0
verhasst	neg 1.0		neg 0.5421380875230895 off 0.38872633781289145 __DUMMY__ 0.06913557466401898	false	1.0
beschweren	neg 1.0		neg 0.5384980956230194 off 0.3919327232555034 __DUMMY__ 0.06956918112147724	false	1.0
scheiden	neg 1.0		neg 0.5408414828230794 off 0.38958593345527776 __DUMMY__ 0.06957258372164286	false	1.0
frustriert	neg 1.0		neg 0.5421067198234609 off 0.38832076491464984 __DUMMY__ 0.06957251526188903	false	1.0
schimmelig	neg 1.0		neg 0.5442075266018668 off 0.38632502464913687 __DUMMY__ 0.06946744874899621	false	1.0
fisch	neg 1.0	neg 1.0	neg 0.7585603032580592 off 0.2078574727213521 __DUMMY__ 0.0335822240205887	false	1.0
schmuggel	neg 1.0		neg 0.5435831569809904 off 0.38647317284619404 __DUMMY__ 0.0699436701728157	false	1.0
auffallen	neg 1.0		neg 0.5382799881265486 off 0.3922238598795892 __DUMMY__ 0.06949615199386214	false	1.0
konkurrenz	neg 1.0		neg 0.5449623258803421 off 0.3851571749543026 __DUMMY__ 0.06988049916535534	false	1.0
teufelskreis	neg 1.0		neg 0.5427523979978736 off 0.3878587641212102 __DUMMY__ 0.06938883788091618	false	1.0
aufschreien	neg 1.0		neg 0.5399463805587265 off 0.3908716693069197 __DUMMY__ 0.06918195013435383	false	1.0
schuldner	neg 1.0		neg 0.5461409057093477 off 0.3846375327566565 __DUMMY__ 0.06922156153399589	false	1.0
missgeburt	off 1.0	off 1.0	off 0.6839525970769301 neg 0.28317679625492453 __DUMMY__ 0.03287060666814531	false	1.0
arbeitslos	neg 1.0		neg 0.5439092529386491 off 0.3866999731043177 __DUMMY__ 0.06939077395703312	false	1.0
befallen	neg 1.0		neg 0.54607002523634 off 0.38504338384187214 __DUMMY__ 0.06888659092178796	false	1.0
miesepetrig	off 1.0		neg 0.5338907984260077 off 0.3965807694152751 __DUMMY__ 0.06952843215871721	false	0.5
alarmieren	neg 1.0		neg 0.537060643082292 off 0.39394257450500264 __DUMMY__ 0.06899678241270533	false	1.0
ungeduscht	off 1.0		neg 0.5370113653772972 off 0.3935351722298135 __DUMMY__ 0.06945346239288934	false	0.5
knappheit	neg 1.0		neg 0.5432713585904216 off 0.3873359555835692 __DUMMY__ 0.06939268582600913	false	1.0
schlange	neg 1.0		neg 0.5375747097360376 off 0.3926441812882698 __DUMMY__ 0.06978110897569263	false	1.0
harsch	neg 1.0		neg 0.5277128612902955 off 0.40302327344667344 __DUMMY__ 0.06926386526303105	false	1.0
lang	neg 1.0		neg 0.5389742523608065 off 0.3915287109522908 __DUMMY__ 0.06949703668690263	false	1.0
ziellos	neg 1.0		neg 0.5430349119782881 off 0.38728203410504286 __DUMMY__ 0.06968305391666897	false	1.0
selbstverliebt	neg 1.0		neg 0.5273889272393876 off 0.40436239968243176 __DUMMY__ 0.06824867307818062	false	1.0
beseitigen	neg 1.0		neg 0.5371350856127748 off 0.39299050982848716 __DUMMY__ 0.06987440455873793	false	1.0
dumm	off 1.0		neg 0.5302065886664182 off 0.40092963473311677 __DUMMY__ 0.06886377660046503	false	0.5
arbeitsloser	neg 1.0		neg 0.544573610336475 off 0.3859794950396657 __DUMMY__ 0.06944689462385928	false	1.0
blitzen	neg 1.0		neg 0.5372715280068943 off 0.3934736654174943 __DUMMY__ 0.06925480657561148	false	1.0
hilflos	neg 1.0		neg 0.5422870316178088 off 0.38809600384009935 __DUMMY__ 0.06961696454209183	false	1.0
eklig	off 1.0		neg 0.529902143355403 off 0.4013902996690552 __DUMMY__ 0.06870755697554201	false	0.5
begriff			neg 0.5428104409267895 off 0.38776518452216335 __DUMMY__ 0.06942437455104718	false	0.0
hungersnot	neg 1.0		neg 0.5448781260456532 off 0.3864347872812754 __DUMMY__ 0.06868708667307127	false	1.0
ungesetzlich	neg 1.0		neg 0.5418341284583604 off 0.3895260164960576 __DUMMY__ 0.06863985504558208	false	1.0
verschwendung	neg 1.0		neg 0.5454785538472194 off 0.3849197008882939 __DUMMY__ 0.06960174526448666	false	1.0
schmerzvoll	neg 1.0		neg 0.5386268412280739 off 0.39182373865016684 __DUMMY__ 0.06954942012175931	false	1.0
vorzeitig	neg 1.0		neg 0.5344412972907958 off 0.39618408861943616 __DUMMY__ 0.06937461408976796	false	1.0
unvollkommenheit	neg 1.0		neg 0.5403980608963959 off 0.390140097520214 __DUMMY__ 0.06946184158339011	false	1.0
intervenieren	neg 1.0		neg 0.5472631999153106 off 0.3836482310919414 __DUMMY__ 0.06908856899274804	false	1.0
banause	off 1.0		neg 0.528786122518391 off 0.402630542380835 __DUMMY__ 0.06858333510077391	false	0.5
rebell	neg 1.0		neg 0.5450861494471968 off 0.3851013159332299 __DUMMY__ 0.0698125346195733	false	1.0
unlogisch	neg 1.0		neg 0.5334862284433877 off 0.3974754493922688 __DUMMY__ 0.0690383221643435	false	1.0
leiden	neg 1.0	neg 1.0	neg 0.7585691558571694 off 0.20751070006529174 __DUMMY__ 0.03392014407753881	false	1.0
abschaffung	neg 1.0		neg 0.541300342716141 off 0.38961665151670605 __DUMMY__ 0.06908300576715294	false	1.0
sturz	neg 1.0		neg 0.5410335380340474 off 0.38996297573463923 __DUMMY__ 0.0690034862313134	false	1.0
verkleinerung	neg 1.0		neg 0.5389388958701593 off 0.39224219085709927 __DUMMY__ 0.06881891327274145	false	1.0
schmarotzer	off 1.0		neg 0.545371179884656 off 0.3854196882151267 __DUMMY__ 0.06920913190021735	false	0.5
bestrafung	neg 1.0		neg 0.5402310192004204 off 0.3904542293594981 __DUMMY__ 0.06931475144008155	false	1.0
achtlos	neg 1.0		neg 0.5398940496787898 off 0.39032995710226537 __DUMMY__ 0.0697759932189448	false	1.0
ungeheuer	neg 1.0		neg 0.5388699628383868 off 0.39181713674210233 __DUMMY__ 0.06931290041951069	false	1.0
unaufrichtig	neg 1.0		neg 0.5405269492648945 off 0.39068748539838133 __DUMMY__ 0.06878556533672422	false	1.0
groggy	neg 1.0		neg 0.5370859088105157 off 0.3935950955521545 __DUMMY__ 0.06931899563732977	false	1.0
verletzlich	neg 1.0		neg 0.5347864150830933 off 0.395975509819653 __DUMMY__ 0.06923807509725369	false	1.0
ablehnen	neg 1.0		neg 0.5444238354836869 off 0.3862878725345161 __DUMMY__ 0.06928829198179716	false	1.0
