unsolidarisch	neg 1.0		neg 0.3927334591756174 __DUMMY__ 0.32981635459074804 off 0.27745018623363454	false	1.0
nachteilig	neg 1.0		neg 0.3896401221069991 __DUMMY__ 0.3342755371614718 off 0.2760843407315291	false	1.0
skeptisch	neg 1.0		neg 0.391177737372902 __DUMMY__ 0.3353567719125943 off 0.27346549071450377	false	1.0
schrecklich	neg 1.0		neg 0.37911023283497447 __DUMMY__ 0.3328021998775073 off 0.2880875672875182	false	1.0
schlapp	neg 1.0		neg 0.38034080619242383 __DUMMY__ 0.33523572794946055 off 0.2844234658581157	false	1.0
abfall	neg 1.0		neg 0.39254935128395113 __DUMMY__ 0.3357167815402607 off 0.2717338671757882	false	1.0
widerspenstig	neg 1.0		neg 0.384438980483529 __DUMMY__ 0.3360487112204581 off 0.2795123082960129	false	1.0
abrupt	neg 1.0		neg 0.38543369433238145 __DUMMY__ 0.3364712327105531 off 0.27809507295706554	false	1.0
unwirksam	neg 1.0		neg 0.3899097836621585 __DUMMY__ 0.3314192828350926 off 0.2786709335027489	false	1.0
angreifen	neg 1.0		neg 0.3911788752795077 __DUMMY__ 0.33432837011383165 off 0.2744927546066606	false	1.0
inkonsistent	neg 1.0		neg 0.38560850773820804 __DUMMY__ 0.33321041808729296 off 0.28118107417449906	false	1.0
abrutschen	neg 1.0		neg 0.3913748503273446 __DUMMY__ 0.3363747263634441 off 0.2722504233092113	false	1.0
unsicher	neg 1.0		neg 0.38562769991921614 __DUMMY__ 0.3351421446809513 off 0.2792301553998326	false	1.0
bauernkind	off 1.0		neg 0.37936610682883704 __DUMMY__ 0.32997780115352937 off 0.2906560920176335	false	0.5
angreifer	neg 1.0		neg 0.38587528194335907 __DUMMY__ 0.3322844425160618 off 0.28184027554057905	false	1.0
trennen	neg 1.0		neg 0.38701324775945073 __DUMMY__ 0.3375568733751339 off 0.2754298788654152	false	1.0
schmutz	neg 1.0		neg 0.3760945001924478 __DUMMY__ 0.3372021164539362 off 0.286703383353616	false	1.0
inkonsistenz	neg 1.0	neg 1.0	neg 0.6832096176073184 __DUMMY__ 0.16100778119454184 off 0.15578260119813986	false	1.0
erschreckend	neg 1.0		neg 0.3887681898382607 __DUMMY__ 0.3339787429853932 off 0.277253067176346	false	1.0
ertrinken	neg 1.0		neg 0.3876477969960936 __DUMMY__ 0.3362438985688442 off 0.2761083044350622	false	1.0
pickelface	off 1.0		neg 0.3870514332939985 __DUMMY__ 0.33323320688842195 off 0.27971535981757956	false	0.5
seiner			neg 0.3902412710380337 __DUMMY__ 0.33509190765870095 off 0.2746668213032655	false	0.0
lauch	neg 1.0		neg 0.3909629056615572 __DUMMY__ 0.3356298551566037 off 0.2734072391818392	false	1.0
unwichtig	neg 1.0		neg 0.38318026390696164 __DUMMY__ 0.3333330547255958 off 0.2834866813674426	false	1.0
steuerhinterziehung	neg 1.0		neg 0.39121715004319046 __DUMMY__ 0.3317037922623134 off 0.2770790576944961	false	1.0
schock	neg 1.0		neg 0.38522596164259626 __DUMMY__ 0.33662048994427307 off 0.2781535484131306	false	1.0
beule	neg 1.0		neg 0.3791910548821194 __DUMMY__ 0.33494601652236033 off 0.2858629285955203	false	1.0
vergelten	neg 1.0		neg 0.3799853863182221 __DUMMY__ 0.33104122907507655 off 0.2889733846067014	false	1.0
verdorbenheit	neg 1.0		neg 0.38211396219060473 __DUMMY__ 0.33620048979137446 off 0.28168554801802087	false	1.0
trauma	neg 1.0		neg 0.384920668881027 __DUMMY__ 0.3340791564999746 off 0.28100017461899834	false	1.0
sinnlos	neg 1.0		neg 0.384707770194083 __DUMMY__ 0.33409772292792467 off 0.28119450687799236	false	1.0
fettsack	off 1.0	off 1.0	off 0.6302660446255853 neg 0.20956475499469857 __DUMMY__ 0.16016920037971605	false	1.0
feige	off 1.0		neg 0.38507404296438064 __DUMMY__ 0.332344392118254 off 0.28258156491736536	false	0.5
abdanken	neg 1.0		neg 0.3930736759025673 __DUMMY__ 0.33039824411252644 off 0.2765280799849062	false	1.0
wichtigtuer	off 1.0	off 1.0	off 0.6248529295788741 neg 0.21414132741179182 __DUMMY__ 0.16100574300933418	false	1.0
misslingen	neg 1.0		neg 0.3813190309078103 __DUMMY__ 0.33622417261778836 off 0.2824567964744013	false	1.0
untreu	off 1.0		neg 0.3819004593311424 __DUMMY__ 0.3335642514976699 off 0.28453528917118776	false	0.5
missmutig	neg 1.0		neg 0.38137179940485344 __DUMMY__ 0.33500694561545086 off 0.28362125497969565	false	1.0
hurenbock	off 1.0		neg 0.38122027561956995 __DUMMY__ 0.33664697895604634 off 0.2821327454243836	false	0.5
betrunken	neg 1.0		neg 0.3790435312384651 __DUMMY__ 0.3343298823997609 off 0.2866265863617738	false	1.0
korrupt	off 1.0		neg 0.39354769630520287 __DUMMY__ 0.33127120395375037 off 0.2751810997410468	false	0.5
unmut	neg 1.0		neg 0.39244410459399 __DUMMY__ 0.3351358434861223 off 0.2724200519198878	false	1.0
hackfresse	off 1.0		neg 0.37657157390374246 __DUMMY__ 0.33188325056481865 off 0.2915451755314389	false	0.5
aufblasen	neg 1.0		neg 0.38310736945339086 __DUMMY__ 0.33574894178884285 off 0.2811436887577664	false	1.0
gewaltsam	neg 1.0		neg 0.38859305364162006 __DUMMY__ 0.33207445762402465 off 0.2793324887343551	false	1.0
unbeliebtheit	neg 1.0		neg 0.3883127323750185 __DUMMY__ 0.3281685630923663 off 0.28351870453261524	false	1.0
sturheit	neg 1.0		neg 0.3906859474339347 __DUMMY__ 0.33260101165514117 off 0.2767130409109241	false	1.0
kuh	neg 1.0		neg 0.38686597666414224 __DUMMY__ 0.3328554489160589 off 0.280278574419799	false	1.0
erschrecken	neg 1.0		neg 0.38206255892574764 __DUMMY__ 0.334768553837607 off 0.28316888723664535	false	1.0
opfer	neg 1.0	neg 1.0	neg 0.6857350193355015 __DUMMY__ 0.16213767547775035 off 0.15212730518674805	false	1.0
sinken	neg 1.0		neg 0.3911767179978199 __DUMMY__ 0.33540106497704036 off 0.2734222170251397	false	1.0
stinktier	neg 1.0		neg 0.38067860068029585 __DUMMY__ 0.3313883631223193 off 0.287933036197385	false	1.0
tucke	off 1.0		neg 0.3748458741714534 __DUMMY__ 0.3325478293637783 off 0.2926062964647683	false	0.5
ein			neg 0.3822430738483245 __DUMMY__ 0.33687444158781815 off 0.2808824845638574	false	0.0
abstieg	neg 1.0		neg 0.3902740231194341 __DUMMY__ 0.33313416617665437 off 0.27659181070391153	false	1.0
missverstehen	neg 1.0		neg 0.3870245407716446 __DUMMY__ 0.3326541787817688 off 0.2803212804465866	false	1.0
ergebnislos	neg 1.0		neg 0.3895456618316463 __DUMMY__ 0.333938887265867 off 0.27651545090248675	false	1.0
unter			neg 0.39097908194711395 __DUMMY__ 0.3393412803724444 off 0.2696796376804416	false	0.0
manipulieren	neg 1.0		neg 0.3914974883103278 __DUMMY__ 0.33428527211145787 off 0.2742172395782143	false	1.0
unbewiesen	neg 1.0		neg 0.3935370871712455 __DUMMY__ 0.32947554082003283 off 0.2769873720087217	false	1.0
verschleppen	neg 1.0		neg 0.390541564618327 __DUMMY__ 0.33345669313322884 off 0.27600174224844415	false	1.0
weib	off 1.0		neg 0.3764498734708561 __DUMMY__ 0.33099474687639474 off 0.2925553796527491	false	0.5
opposition	neg 1.0		neg 0.38913951362751514 __DUMMY__ 0.33117142503683017 off 0.2796890613356547	false	1.0
verkehrswidrig	neg 1.0		neg 0.3763085571390541 __DUMMY__ 0.33342199977640846 off 0.29026944308453745	false	1.0
inkorrekt	neg 1.0		neg 0.3868623918485115 __DUMMY__ 0.3300286276066489 off 0.2831089805448396	false	1.0
vermeiden	neg 1.0		neg 0.391111904495019 __DUMMY__ 0.337474677580189 off 0.271413417924792	false	1.0
abweichung	neg 1.0		neg 0.39374239416532486 __DUMMY__ 0.33130345937289785 off 0.2749541464617772	false	1.0
alkoholisiert	neg 1.0		neg 0.38731803026709466 __DUMMY__ 0.33551634936122704 off 0.27716562037167825	false	1.0
scheiss	off 1.0	off 1.0	off 0.6280785927112486 neg 0.2103117296127942 __DUMMY__ 0.1616096776759573	false	1.0
herausforderung	neg 1.0		neg 0.3837701174468923 __DUMMY__ 0.3379762619559424 off 0.27825362059716524	false	1.0
pervers	off 1.0		neg 0.373804684083643 __DUMMY__ 0.33066573752642286 off 0.29552957838993416	false	0.5
wackelig	neg 1.0		neg 0.38397371282954346 __DUMMY__ 0.3378961521257752 off 0.27813013504468137	false	1.0
verwickeln	neg 1.0		neg 0.3859477034308654 __DUMMY__ 0.33354373223727735 off 0.28050856433185734	false	1.0
vorwand	neg 1.0		neg 0.3925371876049005 __DUMMY__ 0.3344752551311729 off 0.27298755726392665	false	1.0
muschi	off 1.0		neg 0.38784140330632394 __DUMMY__ 0.33308175956935027 off 0.2790768371243258	false	0.5
entmutigung	neg 1.0		neg 0.3933744461927648 __DUMMY__ 0.32788643645232546 off 0.27873911735490986	false	1.0
unangemessen	neg 1.0		neg 0.39190551808536217 __DUMMY__ 0.33261720286956437 off 0.2754772790450735	false	1.0
unstetig	neg 1.0		neg 0.3848521512752483 __DUMMY__ 0.3326197280011443 off 0.28252812072360745	false	1.0
entmutigen	neg 1.0		neg 0.3848968413331681 __DUMMY__ 0.33474814218973853 off 0.2803550164770935	false	1.0
schwanz	neg 1.0		neg 0.3880095790683393 __DUMMY__ 0.3346213042038389 off 0.2773691167278217	false	1.0
verbot	neg 1.0		neg 0.391867430024448 __DUMMY__ 0.33191422250127206 off 0.27621834747427987	false	1.0
leid	neg 1.0		neg 0.37789222200288636 __DUMMY__ 0.33239842817595155 off 0.28970934982116214	false	1.0
archaisch	neg 1.0		neg 0.3908541819098094 __DUMMY__ 0.33294067452008363 off 0.27620514357010684	false	1.0
gegen			neg 0.3927269770909306 __DUMMY__ 0.3340009787111403 off 0.27327204419792894	false	0.0
scheidung	neg 1.0	neg 1.0	neg 0.6718807823719773 off 0.16818088671903478 __DUMMY__ 0.15993833090898793	false	1.0
einschlag	neg 1.0		neg 0.37839816129039505 __DUMMY__ 0.33239786424009693 off 0.28920397446950796	false	1.0
m			neg 0.38602795402317247 __DUMMY__ 0.33562859348261637 off 0.27834345249421116	false	0.0
abgestanden	neg 1.0		neg 0.38485418321225495 __DUMMY__ 0.33546808721303334 off 0.27967772957471165	false	1.0
schmierig	off 1.0		neg 0.37776286743482845 __DUMMY__ 0.3333010812475494 off 0.2889360513176222	false	0.5
unpraktisch	neg 1.0		neg 0.38267980689435777 __DUMMY__ 0.33605565220160094 off 0.28126454090404135	false	1.0
wixxer	off 1.0		neg 0.3753075882757703 __DUMMY__ 0.3295784809481346 off 0.29511393077609493	false	0.5
bezeichnet			neg 0.3893723787039628 __DUMMY__ 0.33307420217027 off 0.27755341912576736	false	0.0
jammerlappen	off 1.0		neg 0.38264722483335895 __DUMMY__ 0.33368661735680955 off 0.28366615780983157	false	0.5
farce	neg 1.0		neg 0.39500461826261296 __DUMMY__ 0.3296275720015802 off 0.27536780973580677	false	1.0
zwecklos	neg 1.0		neg 0.39105345600181823 __DUMMY__ 0.3334217924805056 off 0.27552475151767614	false	1.0
turbulent	neg 1.0		neg 0.38066678305226603 __DUMMY__ 0.33199182028637875 off 0.28734139666135533	false	1.0
invasion	neg 1.0		neg 0.38206737825566794 __DUMMY__ 0.3348799336468379 off 0.2830526880974943	false	1.0
schuld	neg 1.0		neg 0.38661777529419966 __DUMMY__ 0.33380799669017036 off 0.2795742280156299	false	1.0
risiko	neg 1.0		neg 0.38048786129604695 __DUMMY__ 0.33576080420059623 off 0.2837513345033567	false	1.0
finster	neg 1.0		neg 0.38367923064263 __DUMMY__ 0.33604265185349447 off 0.2802781175038756	false	1.0
geisteskrank	off 1.0		neg 0.3845200910828785 __DUMMY__ 0.33121830167830696 off 0.28426160723881444	false	0.5
zusammenbrechen	neg 1.0		neg 0.38654822472510275 __DUMMY__ 0.3355491682529849 off 0.27790260702191233	false	1.0
ausbeute	neg 1.0		neg 0.38599070380591954 __DUMMY__ 0.3367058585711154 off 0.277303437622965	false	1.0
hinterhalt	neg 1.0		neg 0.3854359682519908 __DUMMY__ 0.33416500816030575 off 0.28039902358770347	false	1.0
kritik	neg 1.0		neg 0.39369770071602805 __DUMMY__ 0.33048188784775234 off 0.2758204114362195	false	1.0
einschrumpfen	neg 1.0		neg 0.38709130720821544 __DUMMY__ 0.3309550374216789 off 0.2819536553701055	false	1.0
riskant	neg 1.0		neg 0.3897644896184674 __DUMMY__ 0.3351195980011298 off 0.27511591238040284	false	1.0
frustrieren	neg 1.0		neg 0.3909204453084447 __DUMMY__ 0.33443917196126455 off 0.2746403827302906	false	1.0
groll	neg 1.0		neg 0.3905485884885376 __DUMMY__ 0.33359471794858 off 0.27585669356288245	false	1.0
gibt			neg 0.3886953714392141 __DUMMY__ 0.33448619388389433 off 0.2768184346768916	false	0.0
qualvoll	neg 1.0		neg 0.3829797952488024 __DUMMY__ 0.33503464833237284 off 0.28198555641882467	false	1.0
wackeln	neg 1.0		neg 0.38198095836045953 __DUMMY__ 0.3368795675399582 off 0.2811394740995824	false	1.0
klagen	neg 1.0		neg 0.39307912711545884 __DUMMY__ 0.3341637017183869 off 0.2727571711661542	false	1.0
bankrott	neg 1.0		neg 0.3807163985132304 __DUMMY__ 0.3345899450242723 off 0.2846936564624974	false	1.0
trauern	neg 1.0		neg 0.389381214063176 __DUMMY__ 0.3351636072693152 off 0.27545517866750896	false	1.0
ablehnung	neg 1.0	neg 1.0	neg 0.6873017897824627 __DUMMY__ 0.16017158223085737 off 0.15252662798667987	false	1.0
stur	neg 1.0		neg 0.3858109528459768 __DUMMY__ 0.3340399075934452 off 0.280149139560578	false	1.0
aufruhr	neg 1.0		neg 0.39007264200167946 __DUMMY__ 0.3315213833310963 off 0.2784059746672241	false	1.0
melancholie	neg 1.0		neg 0.38571151308849283 __DUMMY__ 0.33672268645577486 off 0.2775658004557325	false	1.0
ist			neg 0.38606401224014836 __DUMMY__ 0.33375839720837003 off 0.28017759055148167	false	0.0
torheit	neg 1.0		neg 0.3915213906957219 __DUMMY__ 0.33022148424069864 off 0.2782571250635793	false	1.0
dreckskind	off 1.0		neg 0.3818339484202166 __DUMMY__ 0.32920336098789144 off 0.28896269059189184	false	0.5
umtauschen	neg 1.0		neg 0.3849691848599039 __DUMMY__ 0.335775129314927 off 0.27925568582516913	false	1.0
zum			neg 0.3872452854569936 __DUMMY__ 0.33956461763309653 off 0.27319009690990986	false	0.0
zersetzen	neg 1.0		neg 0.39214975391308593 __DUMMY__ 0.3342445628824018 off 0.2736056832045123	false	1.0
zur			neg 0.3929591402103283 __DUMMY__ 0.33599546738611114 off 0.27104539240356046	false	0.0
frust	neg 1.0		neg 0.38747994846629896 __DUMMY__ 0.33514005459123497 off 0.27737999694246596	false	1.0
unerbittlichkeit	neg 1.0		neg 0.3920683592312442 __DUMMY__ 0.3336799887112065 off 0.27425165205754926	false	1.0
zwei			neg 0.3876621761767931 __DUMMY__ 0.33810079302384055 off 0.27423703079936634	false	0.0
unkorrekt	neg 1.0		neg 0.38433982328978955 __DUMMY__ 0.3310378522833885 off 0.28462232442682184	false	1.0
hexe	off 1.0		neg 0.3814008737697933 __DUMMY__ 0.333902350579924 off 0.2846967756502825	false	0.5
lasch	neg 1.0		neg 0.3859647907709764 __DUMMY__ 0.3324577754894592 off 0.28157743373956445	false	1.0
rivale	neg 1.0		neg 0.3802954039087647 __DUMMY__ 0.33168023560481336 off 0.288024360486422	false	1.0
mutlos	off 1.0	off 1.0	off 0.6218006346442565 neg 0.21714448772403827 __DUMMY__ 0.16105487763170528	false	1.0
wirr	off 1.0		neg 0.38244391862569954 __DUMMY__ 0.3310991005784456 off 0.286456980795855	false	0.5
jahr			neg 0.38676693390369377 __DUMMY__ 0.33705298109143744 off 0.2761800850048686	false	0.0
wird			neg 0.3895331623663433 __DUMMY__ 0.33485920424654814 off 0.27560763338710864	false	0.0
strafbar	neg 1.0		neg 0.39304442868348594 __DUMMY__ 0.33277798942877945 off 0.27417758188773467	false	1.0
erosion	neg 1.0		neg 0.3828157922552765 __DUMMY__ 0.33556821123562053 off 0.28161599650910285	false	1.0
eingehen	neg 1.0		neg 0.3908278468835072 __DUMMY__ 0.3338164615010544 off 0.27535569161543844	false	1.0
faul	off 1.0		neg 0.37981511392169476 __DUMMY__ 0.33567270190856907 off 0.2845121841697361	false	0.5
provisorium	neg 1.0		neg 0.3932803460239133 __DUMMY__ 0.338251992424045 off 0.2684676615520416	false	1.0
schmerzen	neg 1.0		neg 0.38606858598957106 __DUMMY__ 0.3356114447088217 off 0.2783199693016073	false	1.0
schrumpfen	neg 1.0		neg 0.3925245573366407 __DUMMY__ 0.3365305548868486 off 0.2709448877765106	false	1.0
geistlos	off 1.0		neg 0.3907356445728303 __DUMMY__ 0.3296317488899415 off 0.2796326065372282	false	0.5
fehlkauf	neg 1.0		neg 0.38497268256570316 __DUMMY__ 0.33314750953265737 off 0.28187980790163947	false	1.0
frustrierend	neg 1.0	neg 1.0	neg 0.6817968076095323 __DUMMY__ 0.1619287161458034 off 0.15627447624466428	false	1.0
unzufrieden	neg 1.0		neg 0.38975424525061725 __DUMMY__ 0.3342222952264796 off 0.276023459522903	false	1.0
verzweifeln	neg 1.0		neg 0.386589018354839 __DUMMY__ 0.33497740376608354 off 0.2784335778790776	false	1.0
verzweifelt	neg 1.0		neg 0.385739340112369 __DUMMY__ 0.3341625520046605 off 0.28009810788297057	false	1.0
misstrauensantrag	neg 1.0		neg 0.38625193314813805 __DUMMY__ 0.33237447993436575 off 0.28137358691749625	false	1.0
abfallen	neg 1.0		neg 0.3815733993252975 __DUMMY__ 0.3370670988333336 off 0.28135950184136904	false	1.0
fucker	off 1.0		neg 0.38091921495214076 __DUMMY__ 0.33217567906106593 off 0.28690510598679325	false	0.5
ungezogen	neg 1.0		neg 0.37469492472847926 __DUMMY__ 0.33193089074814147 off 0.29337418452337927	false	1.0
irrsinnig	neg 1.0	neg 1.0	neg 0.6843571496848309 __DUMMY__ 0.1613814876883478 off 0.15426136262682133	false	1.0
unfassbar	neg 1.0		neg 0.3823604119843329 __DUMMY__ 0.33351128935575125 off 0.2841282986599159	false	1.0
hart	neg 1.0		neg 0.38368775780002606 __DUMMY__ 0.3323945350869519 off 0.28391770711302194	false	1.0
widerlich	off 1.0		neg 0.38291513106236774 __DUMMY__ 0.33249232952376306 off 0.2845925394138691	false	0.5
fatal	neg 1.0		neg 0.3846925996516793 __DUMMY__ 0.33341705705072844 off 0.2818903432975923	false	1.0
bruch	neg 1.0		neg 0.39519070001260304 __DUMMY__ 0.33319526767666235 off 0.2716140323107347	false	1.0
aushungern	neg 1.0		neg 0.3902485843112776 __DUMMY__ 0.33164346749256374 off 0.2781079481961587	false	1.0
anspannung	neg 1.0		neg 0.3903486197857444 __DUMMY__ 0.33699296871142476 off 0.2726584115028308	false	1.0
von			neg 0.3875834733040035 __DUMMY__ 0.3371856894470103 off 0.2752308372489862	false	0.0
kraftlos	neg 1.0		neg 0.3855666406017156 __DUMMY__ 0.33713055179018847 off 0.2773028076080959	false	1.0
vom			neg 0.39067082402789827 __DUMMY__ 0.33905720202798795 off 0.27027197394411395	false	0.0
grenzdebil	off 1.0		neg 0.380168480940963 __DUMMY__ 0.3340778865964917 off 0.2857536324625452	false	0.5
vor			neg 0.3899466968971745 __DUMMY__ 0.33647223092944967 off 0.2735810721733758	false	0.0
unterwerfen	neg 1.0		neg 0.3912385585918887 __DUMMY__ 0.33377733678074917 off 0.274984104627362	false	1.0
versenkung	neg 1.0		neg 0.39041443356002287 __DUMMY__ 0.33467751072135543 off 0.27490805571862165	false	1.0
entziehen	neg 1.0		neg 0.3929675976806469 __DUMMY__ 0.3346146237119071 off 0.27241777860744604	false	1.0
finanzkrise	neg 1.0		neg 0.3914320180628564 __DUMMY__ 0.33116836277068185 off 0.27739961916646166	false	1.0
schimpfend	neg 1.0		neg 0.37967330185779236 __DUMMY__ 0.33768547089808276 off 0.2826412272441248	false	1.0
profan	neg 1.0		neg 0.38482088974318596 __DUMMY__ 0.33405804273625567 off 0.28112106752055843	false	1.0
korruption	neg 1.0		neg 0.3930109867435098 __DUMMY__ 0.3315224929630039 off 0.27546652029348634	false	1.0
â			neg 0.3872131587697591 __DUMMY__ 0.33551130766054177 off 0.2772755335696992	false	0.0
schmutzig	neg 1.0		neg 0.37854601577211777 __DUMMY__ 0.33549422442452986 off 0.28595975980335236	false	1.0
sexy	neg 1.0		neg 0.38210879742095794 __DUMMY__ 0.3340882116538582 off 0.2838029909251838	false	1.0
abraten	neg 1.0		neg 0.3838228064683947 __DUMMY__ 0.3352880339455709 off 0.2808891595860344	false	1.0
schwarz	neg 1.0		neg 0.3852777151800743 __DUMMY__ 0.3336815094246366 off 0.28104077539528904	false	1.0
fotze	off 1.0		neg 0.3892516889718211 __DUMMY__ 0.33351445016184184 off 0.27723386086633717	false	0.5
verwirren	neg 1.0		neg 0.38376819280393487 __DUMMY__ 0.3341137839793519 off 0.2821180232167133	false	1.0
zahnlos	off 1.0		neg 0.3907070815780394 __DUMMY__ 0.33337087652809844 off 0.27592204189386216	false	0.5
verheeren	neg 1.0		neg 0.3759580123599049 __DUMMY__ 0.32954148503491154 off 0.2945005026051836	false	1.0
hippie	neg 1.0		neg 0.38281152868333085 __DUMMY__ 0.33379938876877685 off 0.28338908254789225	false	1.0
rammen	neg 1.0		neg 0.38277796635381084 __DUMMY__ 0.33464290580410055 off 0.2825791278420888	false	1.0
unlauter	neg 1.0	neg 1.0	neg 0.6836906418038299 __DUMMY__ 0.16096846156423147 off 0.1553408966319387	false	1.0
unheilvoll	neg 1.0		neg 0.38327411485241003 __DUMMY__ 0.3350874788897999 off 0.28163840625779013	false	1.0
niedrig	neg 1.0		neg 0.3897793657707881 __DUMMY__ 0.3341512086276552 off 0.2760694256015568	false	1.0
explosion	neg 1.0		neg 0.3821315074281264 __DUMMY__ 0.33461703413273725 off 0.2832514584391365	false	1.0
weichei	off 1.0		neg 0.37771849225972737 __DUMMY__ 0.33200005799880805 off 0.2902814497414645	false	0.5
minusmensch	off 1.0		neg 0.3777987435932532 __DUMMY__ 0.328512857957576 off 0.2936883984491707	false	0.5
farblos	neg 1.0		neg 0.3861007920378398 __DUMMY__ 0.3338073713422045 off 0.28009183661995557	false	1.0
unwissend	neg 1.0	neg 1.0	neg 0.6821603056907659 __DUMMY__ 0.16105151144733765 off 0.15678818286189655	false	1.0
traurig	neg 1.0		neg 0.3788447669020137 __DUMMY__ 0.33371263225970366 off 0.2874426008382828	false	1.0
senkung	neg 1.0		neg 0.38467045265745997 __DUMMY__ 0.33309313923140765 off 0.2822364081111323	false	1.0
ungleich	neg 1.0	neg 1.0	neg 0.687107786513774 __DUMMY__ 0.16132812230056762 off 0.1515640911856582	false	1.0
heikel	neg 1.0		neg 0.3916342397588144 __DUMMY__ 0.3346139990985117 off 0.2737517611426739	false	1.0
drosselung	neg 1.0		neg 0.37767168700338 __DUMMY__ 0.33412952044188615 off 0.2881987925547337	false	1.0
falsch	neg 1.0		neg 0.3833042776685489 __DUMMY__ 0.33368847829094395 off 0.2830072440405071	false	1.0
unzufriedenheit	neg 1.0		neg 0.3923781151977882 __DUMMY__ 0.33425212650326463 off 0.2733697582989473	false	1.0
kurz	neg 1.0		neg 0.38482173493483196 __DUMMY__ 0.33678354379670183 off 0.2783947212684661	false	1.0
unsinnig	neg 1.0		neg 0.38963500162005377 __DUMMY__ 0.33393638875621406 off 0.27642860962373217	false	1.0
penner	off 1.0	off 1.0	off 0.6316170856576813 neg 0.20763516757247918 __DUMMY__ 0.1607477467698395	false	1.0
seicht	neg 1.0		neg 0.37821838647004463 __DUMMY__ 0.3299003353524819 off 0.2918812781774733	false	1.0
dummheit	off 1.0	off 1.0	off 0.6252306700785584 neg 0.2138712441968553 __DUMMY__ 0.16089808572458628	false	1.0
unerfreulich	neg 1.0		neg 0.3914179927718195 __DUMMY__ 0.3352101494728268 off 0.27337185775535366	false	1.0
motherfucker	off 1.0	off 1.0	off 0.6286512927336703 neg 0.2105736490213773 __DUMMY__ 0.16077505824495245	false	1.0
pikiert	neg 1.0		neg 0.3838875661901659 __DUMMY__ 0.3327821081093464 off 0.2833303257004879	false	1.0
wrack	neg 1.0		neg 0.386137291836021 __DUMMY__ 0.3359938405959862 off 0.27786886756799273	false	1.0
gangster	neg 1.0		neg 0.3836803465818132 __DUMMY__ 0.333834997982719 off 0.28248465543546775	false	1.0
krank	neg 1.0		neg 0.3789265656270596 __DUMMY__ 0.33497533571968624 off 0.2860980986532542	false	1.0
reich	neg 1.0		neg 0.38858924023451596 __DUMMY__ 0.3288747166392426 off 0.2825360431262415	false	1.0
gnadenlos	neg 1.0		neg 0.38585078006755125 __DUMMY__ 0.3341902159660219 off 0.27995900396642676	false	1.0
niedergeschlagen	neg 1.0		neg 0.38705935143159104 __DUMMY__ 0.3352013968897515 off 0.27773925167865743	false	1.0
terrorisieren	off 1.0	off 1.0	off 0.6222827245378936 neg 0.21541287499239709 __DUMMY__ 0.16230440046970934	false	1.0
sinnlosigkeit	neg 1.0		neg 0.3904384709350507 __DUMMY__ 0.33352912763319037 off 0.27603240143175883	false	1.0
behindern	neg 1.0		neg 0.3846845280885857 __DUMMY__ 0.335625183004095 off 0.27969028890731934	false	1.0
undemokratisch	neg 1.0		neg 0.3902401054115696 __DUMMY__ 0.3307954606094628 off 0.2789644339789675	false	1.0
wirtschaftskrise	neg 1.0		neg 0.39163309955509096 __DUMMY__ 0.33244475195360895 off 0.2759221484913001	false	1.0
neid	neg 1.0		neg 0.38135023710552385 __DUMMY__ 0.33526713131738184 off 0.2833826315770943	false	1.0
rutschen	neg 1.0		neg 0.3867923447851088 __DUMMY__ 0.3397495654563832 off 0.2734580897585079	false	1.0
rezession	neg 1.0		neg 0.3823404461847051 __DUMMY__ 0.3299027230381211 off 0.2877568307771738	false	1.0
fehlgeburt	neg 1.0		neg 0.38634011994249956 __DUMMY__ 0.3339983176411609 off 0.2796615624163395	false	1.0
charakterschwach	off 1.0		neg 0.3828476760363878 __DUMMY__ 0.3326479210717289 off 0.2845044028918832	false	0.5
isolation	neg 1.0		neg 0.3811016124516319 __DUMMY__ 0.3340239909974295 off 0.28487439655093855	false	1.0
ablenkung	neg 1.0		neg 0.3848019694493599 __DUMMY__ 0.3353988436655002 off 0.2797991868851399	false	1.0
pech	neg 1.0		neg 0.3835590143947035 __DUMMY__ 0.33416226942016275 off 0.28227871618513356	false	1.0
vermeidung	neg 1.0		neg 0.3786032332957695 __DUMMY__ 0.33444778466835395 off 0.2869489820358765	false	1.0
dominieren	neg 1.0		neg 0.3879531682698998 __DUMMY__ 0.3342941462863977 off 0.2777526854437026	false	1.0
schwindlig	neg 1.0		neg 0.38115283824696916 __DUMMY__ 0.33592240244944266 off 0.28292475930358835	false	1.0
lutscher	neg 1.0		neg 0.3768560190226141 __DUMMY__ 0.3301535036251793 off 0.2929904773522066	false	1.0
pflicht	neg 1.0		neg 0.3921903017905434 __DUMMY__ 0.33437719977156666 off 0.27343249843788986	false	1.0
faschist	off 1.0		neg 0.3895935201164039 __DUMMY__ 0.3305059336608842 off 0.27990054622271193	false	0.5
verschleudern	neg 1.0		neg 0.39178346537912256 __DUMMY__ 0.3327942901944627 off 0.2754222444264147	false	1.0
wenn			neg 0.38282799741557805 __DUMMY__ 0.33399952737093086 off 0.28317247521349104	false	0.0
ehebruch	neg 1.0		neg 0.3917878260040777 __DUMMY__ 0.33312353147208923 off 0.27508864252383297	false	1.0
spott	off 1.0		neg 0.392321040878082 __DUMMY__ 0.33325023496819983 off 0.2744287241537182	false	0.5
trostlosigkeit	neg 1.0		neg 0.39561845903354065 __DUMMY__ 0.3320292947008267 off 0.2723522462656326	false	1.0
lutschen	neg 1.0		neg 0.38423895669926733 __DUMMY__ 0.3323187251242333 off 0.2834423181764993	false	1.0
undiszipliniert	neg 1.0		neg 0.3801405585028086 __DUMMY__ 0.3333122940785621 off 0.28654714741862936	false	1.0
kopfschmerz	neg 1.0		neg 0.38694001923046356 __DUMMY__ 0.33461797124567205 off 0.2784420095238643	false	1.0
unvorhergesehen	neg 1.0		neg 0.3844025712502505 __DUMMY__ 0.33723028533716315 off 0.2783671434125864	false	1.0
desinteressiert	neg 1.0		neg 0.3818236706071456 __DUMMY__ 0.3324456959276913 off 0.28573063346516303	false	1.0
armselig	off 1.0		neg 0.3817047524059154 __DUMMY__ 0.3317901698617828 off 0.28650507773230166	false	0.5
desaster	neg 1.0		neg 0.3951704516645747 __DUMMY__ 0.33342008941505263 off 0.2714094589203727	false	1.0
tod	neg 1.0		neg 0.39325996061308566 __DUMMY__ 0.3323435063285276 off 0.2743965330583866	false	1.0
herzlos	neg 1.0		neg 0.3785023631076926 __DUMMY__ 0.33340688412832636 off 0.28809075276398116	false	1.0
unwissenheit	neg 1.0		neg 0.391572492356916 __DUMMY__ 0.3328276672947023 off 0.27559984034838175	false	1.0
widersinnig	neg 1.0		neg 0.39287513036726496 __DUMMY__ 0.3310375374679789 off 0.27608733216475595	false	1.0
bedenklich	neg 1.0		neg 0.3909339288732009 __DUMMY__ 0.3343207419470427 off 0.2747453291797565	false	1.0
beanstanden	neg 1.0		neg 0.3921907187024458 __DUMMY__ 0.3346280330020639 off 0.2731812482954902	false	1.0
panisch	neg 1.0	neg 1.0	neg 0.6801739838512408 __DUMMY__ 0.16357734864358528 off 0.1562486675051739	false	1.0
debil	off 1.0		neg 0.3941800983586372 __DUMMY__ 0.3353274359224583 off 0.27049246571890456	false	0.5
abstrich	neg 1.0		neg 0.3827446061686705 __DUMMY__ 0.33660662053088086 off 0.2806487733004486	false	1.0
primitiv	neg 1.0		neg 0.38255953297332357 __DUMMY__ 0.3323098650174248 off 0.2851306020092516	false	1.0
abschaum	off 1.0	off 1.0	off 0.6266199394628076 neg 0.21276876119617055 __DUMMY__ 0.16061129934102186	false	1.0
provozieren	neg 1.0		neg 0.388293779680279 __DUMMY__ 0.33304441469798624 off 0.27866180562173487	false	1.0
tot	neg 1.0		neg 0.3889685449403535 __DUMMY__ 0.33342163422291865 off 0.27760982083672786	false	1.0
instabil	neg 1.0		neg 0.3824156193850034 __DUMMY__ 0.3304852702833435 off 0.287099110331653	false	1.0
schwuchtel	off 1.0		neg 0.3742513785784119 __DUMMY__ 0.32796037013320267 off 0.29778825128838543	false	0.5
zerren	neg 1.0		neg 0.38687469965442234 __DUMMY__ 0.3353810988782296 off 0.2777442014673481	false	1.0
kinderficker	off 1.0		neg 0.3802652893939274 __DUMMY__ 0.33100577516790314 off 0.28872893543816947	false	0.5
gefahr	neg 1.0		neg 0.39150583447683984 __DUMMY__ 0.3334982785777381 off 0.27499588694542193	false	1.0
rabiat	neg 1.0		neg 0.38671483976505283 __DUMMY__ 0.3342884097431657 off 0.2789967504917815	false	1.0
verlangsamung	neg 1.0		neg 0.37886816263955303 __DUMMY__ 0.3297251149217593 off 0.2914067224386876	false	1.0
ausgestorben	neg 1.0		neg 0.3871848553883574 __DUMMY__ 0.33510511557343564 off 0.2777100290382071	false	1.0
anklagen	neg 1.0		neg 0.3895005839291579 __DUMMY__ 0.3327015506846049 off 0.27779786538623724	false	1.0
trott	neg 1.0		neg 0.3854345775826506 __DUMMY__ 0.3350410638007791 off 0.2795243586165703	false	1.0
verminderung	neg 1.0		neg 0.3796349455007075 __DUMMY__ 0.33317840987663694 off 0.2871866446226556	false	1.0
nach			neg 0.38935415085717795 __DUMMY__ 0.33825260936184987 off 0.2723932397809722	false	0.0
rost	neg 1.0		neg 0.37618771067316487 __DUMMY__ 0.33119504573255987 off 0.29261724359427527	false	1.0
destruktiv	neg 1.0		neg 0.3904450471923977 __DUMMY__ 0.3325126302642938 off 0.2770423225433085	false	1.0
unzumutbarkeit	neg 1.0		neg 0.3791525017432411 __DUMMY__ 0.334037237616123 off 0.286810260640636	false	1.0
labil	off 1.0	off 1.0	off 0.6274393481423508 neg 0.21168724258197022 __DUMMY__ 0.16087340927567895	false	1.0
ziemlich	neg 1.0		neg 0.381163331572888 __DUMMY__ 0.3338321429891086 off 0.28500452543800325	false	1.0
lachnummer	off 1.0		neg 0.3900827376334003 __DUMMY__ 0.33272198913836387 off 0.2771952732282359	false	0.5
oder			neg 0.38466345854589823 __DUMMY__ 0.33574141558261894 off 0.2795951258714827	false	0.0
verfall	neg 1.0		neg 0.3942930148439242 __DUMMY__ 0.3353968830165281 off 0.27031010213954765	false	1.0
ausgrenzung	neg 1.0		neg 0.38940982163841426 __DUMMY__ 0.33082405222647204 off 0.2797661261351137	false	1.0
unordnung	neg 1.0		neg 0.38026335809104883 __DUMMY__ 0.3313175365038572 off 0.288419105405094	false	1.0
fehlverhalten	neg 1.0		neg 0.3923275258732888 __DUMMY__ 0.3334320506860361 off 0.27424042344067506	false	1.0
eine			neg 0.39044922473661914 __DUMMY__ 0.33593965875883275 off 0.2736111165045481	false	0.0
nille	neg 1.0		neg 0.3889288790068297 __DUMMY__ 0.33256765357639617 off 0.27850346741677406	false	1.0
qual	neg 1.0		neg 0.3857777218154609 __DUMMY__ 0.334870410658478 off 0.2793518675260611	false	1.0
verschwenden	neg 1.0		neg 0.3902994110517535 __DUMMY__ 0.3346740603573534 off 0.2750265285908932	false	1.0
riesig	neg 1.0		neg 0.3869194219990944 __DUMMY__ 0.33472387703631257 off 0.278356700964593	false	1.0
verurteilen	neg 1.0		neg 0.39166662123515794 __DUMMY__ 0.33259143179167533 off 0.2757419469731666	false	1.0
klischee	neg 1.0	neg 1.0	neg 0.6836325693710371 __DUMMY__ 0.16074544432001125 off 0.15562198630895166	false	1.0
diktatorisch	neg 1.0		neg 0.3919573589295998 __DUMMY__ 0.329772403002741 off 0.278270238067659	false	1.0
vorhersehbar	neg 1.0		neg 0.3879019125621989 __DUMMY__ 0.33204360999094873 off 0.2800544774468524	false	1.0
sowie			neg 0.37984736931220975 __DUMMY__ 0.33018134373143254 off 0.28997128695635765	false	0.0
stornieren	neg 1.0		neg 0.38166493782983324 __DUMMY__ 0.3355078173038202 off 0.28282724486634647	false	1.0
besteuerung	neg 1.0		neg 0.3868517841248385 __DUMMY__ 0.33303572406887383 off 0.2801124918062878	false	1.0
ungeschminkt	neg 1.0		neg 0.3818136304882704 __DUMMY__ 0.33293094511327637 off 0.2852554243984532	false	1.0
kritisch	neg 1.0		neg 0.3921448901739824 __DUMMY__ 0.33333096012925695 off 0.2745241496967607	false	1.0
schlamperei	off 1.0		neg 0.3913570244236363 __DUMMY__ 0.33330969434098 off 0.2753332812353837	false	0.5
sucht	neg 1.0	neg 1.0	neg 0.6792996455350769 __DUMMY__ 0.16368039812883334 off 0.15701995633608978	false	1.0
egoistisch	off 1.0		neg 0.37769686361931026 __DUMMY__ 0.3321411941248944 off 0.2901619422557955	false	0.5
ausbeuter	off 1.0		neg 0.39368643960068167 __DUMMY__ 0.33282874265460716 off 0.2734848177447113	false	0.5
arschgeburt	off 1.0		neg 0.3744013891304138 __DUMMY__ 0.3279643658756029 off 0.2976342449939831	false	0.5
schubs	neg 1.0	neg 1.0	neg 0.6832574292988955 __DUMMY__ 0.16333743077422483 off 0.15340513992687957	false	1.0
unsolide	neg 1.0		neg 0.38978141537520455 __DUMMY__ 0.32866222526867084 off 0.28155635935612466	false	1.0
beschwerde	neg 1.0		neg 0.39042529750691296 __DUMMY__ 0.33334688121232486 off 0.2762278212807622	false	1.0
stocken	neg 1.0		neg 0.38861588251719525 __DUMMY__ 0.33488068006016436 off 0.27650343742264044	false	1.0
isolieren	neg 1.0		neg 0.3849419013325418 __DUMMY__ 0.3358321566179372 off 0.27922594204952106	false	1.0
unheilbar	neg 1.0		neg 0.38714806342124336 __DUMMY__ 0.3335596712131435 off 0.2792922653656131	false	1.0
pisser	off 1.0		neg 0.38121724021471687 __DUMMY__ 0.3312244193474116 off 0.2875583404378715	false	0.5
löschen	neg 1.0		neg 0.3858802245818781 __DUMMY__ 0.3338349772058585 off 0.28028479821226343	false	1.0
durchfallen	neg 1.0		neg 0.3899782205211217 __DUMMY__ 0.3345298633153026 off 0.27549191616357577	false	1.0
wichser	off 1.0		neg 0.3746878270830148 __DUMMY__ 0.3306902741252096 off 0.2946218987917756	false	0.5
terror	neg 1.0		neg 0.3808732792079236 __DUMMY__ 0.33515386958557764 off 0.28397285120649873	false	1.0
krass	neg 1.0		neg 0.37915268597764035 __DUMMY__ 0.33268690744687673 off 0.2881604065754829	false	1.0
revolte	neg 1.0	neg 1.0	neg 0.6857757917585147 __DUMMY__ 0.1592240125247957 off 0.1550001957166897	false	1.0
besorgt	neg 1.0		neg 0.38371308847934177 __DUMMY__ 0.3373912857952456 off 0.2788956257254127	false	1.0
nachlassen	neg 1.0		neg 0.3871856854792106 __DUMMY__ 0.335469316440241 off 0.2773449980805483	false	1.0
alt	neg 1.0		neg 0.3868124835303098 __DUMMY__ 0.33697472003916656 off 0.2762127964305236	false	1.0
hundesohn	off 1.0		neg 0.3777007373791059 __DUMMY__ 0.3292381135654897 off 0.2930611490554043	false	0.5
als			neg 0.38744830877443176 __DUMMY__ 0.33559100762710387 off 0.2769606835984644	false	0.0
abschreckung	neg 1.0		neg 0.3929080761101212 __DUMMY__ 0.3339757523559959 off 0.273116171533883	false	1.0
unqualifiziert	neg 1.0		neg 0.3866941483638037 __DUMMY__ 0.3325236419028269 off 0.2807822097333694	false	1.0
abgewichst	off 1.0		neg 0.3882435758177071 __DUMMY__ 0.3337744402043268 off 0.27798198397796614	false	0.5
schwer	neg 1.0		neg 0.38628840928208336 __DUMMY__ 0.3350142067082751 off 0.2786973840096415	false	1.0
bedeutungslosigkeit	neg 1.0		neg 0.3929801969801672 __DUMMY__ 0.3334931978428118 off 0.27352660517702104	false	1.0
kapitulation	neg 1.0		neg 0.39470136478555645 __DUMMY__ 0.3308363311559859 off 0.27446230405845745	false	1.0
unscharf	neg 1.0		neg 0.38386745413872075 __DUMMY__ 0.3338959949047657 off 0.2822365509565135	false	1.0
schwinden	neg 1.0		neg 0.3906713345631581 __DUMMY__ 0.3347235544606494 off 0.27460511097619245	false	1.0
versklavung	neg 1.0	neg 1.0	neg 0.6859979953815137 __DUMMY__ 0.1599869131523993 off 0.1540150914660869	false	1.0
schlecht	neg 1.0		neg 0.38033459897178135 __DUMMY__ 0.33412327167427774 off 0.28554212935394097	false	1.0
verhasst	neg 1.0		neg 0.3888945288386522 __DUMMY__ 0.33261743874497074 off 0.2784880324163771	false	1.0
beschweren	neg 1.0		neg 0.3845008360286915 __DUMMY__ 0.3346158397878599 off 0.2808833241834486	false	1.0
scheiden	neg 1.0		neg 0.38675323248317733 __DUMMY__ 0.3346994655827379 off 0.27854730193408483	false	1.0
frustriert	neg 1.0		neg 0.3879462678362852 __DUMMY__ 0.33462762035336624 off 0.2774261118103486	false	1.0
schimmelig	neg 1.0		neg 0.3902455849488299 __DUMMY__ 0.3342140884494208 off 0.2755403266017495	false	1.0
fisch	neg 1.0	neg 1.0	neg 0.6831141095888683 __DUMMY__ 0.16339689449674646 off 0.1534889959143851	false	1.0
schmuggel	neg 1.0		neg 0.38849612629462466 __DUMMY__ 0.3364272123363668 off 0.2750766613690086	false	1.0
auffallen	neg 1.0		neg 0.38445851024262284 __DUMMY__ 0.3342793642898754 off 0.2812621254675018	false	1.0
konkurrenz	neg 1.0		neg 0.3899601604392832 __DUMMY__ 0.3360937126190156 off 0.27394612694170123	false	1.0
teufelskreis	neg 1.0		neg 0.38894988021363935 __DUMMY__ 0.3337829040218153 off 0.2772672157645453	false	1.0
aufschreien	neg 1.0		neg 0.3867199386044197 __DUMMY__ 0.3328250815155119 off 0.2804549798800685	false	1.0
schuldner	neg 1.0		neg 0.3925034940860218 __DUMMY__ 0.33304932626035766 off 0.2744471796536206	false	1.0
missgeburt	off 1.0	off 1.0	off 0.6306876001955224 neg 0.20933615399796843 __DUMMY__ 0.15997624580650927	false	1.0
arbeitslos	neg 1.0		neg 0.3900387106612357 __DUMMY__ 0.3337917409565236 off 0.2761695483822408	false	1.0
befallen	neg 1.0		neg 0.39318084264152886 __DUMMY__ 0.33151625885287983 off 0.27530289850559136	false	1.0
miesepetrig	off 1.0		neg 0.3802141417103775 __DUMMY__ 0.33445439959267137 off 0.28533145869695126	false	0.5
alarmieren	neg 1.0		neg 0.38428612171421345 __DUMMY__ 0.33201752907784 off 0.2836963492079465	false	1.0
ungeduscht	off 1.0		neg 0.38340102583725877 __DUMMY__ 0.3341179126006228 off 0.28248106156211844	false	0.5
knappheit	neg 1.0		neg 0.38939906282896775 __DUMMY__ 0.33384884809161103 off 0.27675208907942117	false	1.0
schlange	neg 1.0		neg 0.38319107246786416 __DUMMY__ 0.33560750127025685 off 0.2812014262618791	false	1.0
harsch	neg 1.0		neg 0.37482618940137663 __DUMMY__ 0.3332439612782769 off 0.2919298493203465	false	1.0
lang	neg 1.0		neg 0.3851195140084851 __DUMMY__ 0.33428115147015913 off 0.28059933452135577	false	1.0
ziellos	neg 1.0		neg 0.3886120938482164 __DUMMY__ 0.33514519971830764 off 0.2762427064334759	false	1.0
selbstverliebt	neg 1.0		neg 0.3766867820457501 __DUMMY__ 0.32852547778839175 off 0.2947877401658583	false	1.0
beseitigen	neg 1.0		neg 0.3824824082961818 __DUMMY__ 0.33609357256846656 off 0.28142401913535164	false	1.0
dumm	off 1.0		neg 0.378082913332042 __DUMMY__ 0.3313658394860457 off 0.29055124718191233	false	0.5
arbeitsloser	neg 1.0		neg 0.3905168905394752 __DUMMY__ 0.3340779923425963 off 0.2754051171179285	false	1.0
blitzen	neg 1.0		neg 0.38398327974306057 __DUMMY__ 0.33317528688173487 off 0.2828414333752045	false	1.0
hilflos	neg 1.0		neg 0.38802702038217785 __DUMMY__ 0.3348385104164946 off 0.27713446920132756	false	1.0
eklig	off 1.0		neg 0.37814615190000617 __DUMMY__ 0.33065011176930476 off 0.291203736330689	false	0.5
begriff			neg 0.38890559657995555 __DUMMY__ 0.33396216968737946 off 0.2771322337326649	false	0.0
hungersnot	neg 1.0		neg 0.39244438253469677 __DUMMY__ 0.33058339031629946 off 0.2769722271490039	false	1.0
ungesetzlich	neg 1.0		neg 0.38957515545264737 __DUMMY__ 0.3303540890267355 off 0.2800707555206172	false	1.0
verschwendung	neg 1.0		neg 0.3911020352773381 __DUMMY__ 0.3347698109186709 off 0.27412815380399097	false	1.0
schmerzvoll	neg 1.0		neg 0.384676975828024 __DUMMY__ 0.3345249473063846 off 0.28079807686559133	false	1.0
vorzeitig	neg 1.0		neg 0.38098973830485783 __DUMMY__ 0.3337767957516144 off 0.2852334659435277	false	1.0
unvollkommenheit	neg 1.0		neg 0.38650383316334597 __DUMMY__ 0.3341817848322263 off 0.27931438200442765	false	1.0
intervenieren	neg 1.0		neg 0.3938550222480617 __DUMMY__ 0.3324197413785159 off 0.27372523637342244	false	1.0
banause	off 1.0		neg 0.3773372658951686 __DUMMY__ 0.3300870196583679 off 0.29257571444646363	false	0.5
rebell	neg 1.0		neg 0.3902772409099224 __DUMMY__ 0.3358079988986761 off 0.2739147601914016	false	1.0
unlogisch	neg 1.0		neg 0.3808463412971283 __DUMMY__ 0.3321714707089184 off 0.28698218799395336	false	1.0
leiden	neg 1.0	neg 1.0	neg 0.6823626948428049 __DUMMY__ 0.1649972159469137 off 0.15264008921028138	false	1.0
abschaffung	neg 1.0		neg 0.3881833667569325 __DUMMY__ 0.33240583844991095 off 0.2794107947931565	false	1.0
sturz	neg 1.0		neg 0.3881094877263974 __DUMMY__ 0.332054319441075 off 0.2798361928325277	false	1.0
verkleinerung	neg 1.0		neg 0.38649470802782304 __DUMMY__ 0.33119610832668867 off 0.2823091836454884	false	1.0
schmarotzer	off 1.0		neg 0.39181292777138704 __DUMMY__ 0.3329624438876268 off 0.2752246283409863	false	0.5
bestrafung	neg 1.0		neg 0.38666649571934947 __DUMMY__ 0.33345567878477067 off 0.2798778254958799	false	1.0
achtlos	neg 1.0		neg 0.3854009642342485 __DUMMY__ 0.33557874927453457 off 0.279020286491217	false	1.0
ungeheuer	neg 1.0		neg 0.3854211494065512 __DUMMY__ 0.33346612798741676 off 0.281112722606032	false	1.0
unaufrichtig	neg 1.0		neg 0.3880609510564902 __DUMMY__ 0.331034744395117 off 0.28090430454839266	false	1.0
groggy	neg 1.0		neg 0.38364478733320695 __DUMMY__ 0.33346763310298855 off 0.2828875795638046	false	1.0
verletzlich	neg 1.0		neg 0.3816697502199231 __DUMMY__ 0.3331085173671478 off 0.28522173241292903	false	1.0
ablehnen	neg 1.0		neg 0.3907124221614057 __DUMMY__ 0.33333474072151387 off 0.2759528371170804	false	1.0
