unsolidarisch	neg 1.0		__DUMMY__ 0.4693958152776876 neg 0.31146403839650794 off 0.21914014632580445	false	1.0
nachteilig	neg 1.0		__DUMMY__ 0.47555559060670066 neg 0.3074100012483124 off 0.2170344081449869	false	1.0
skeptisch	neg 1.0		__DUMMY__ 0.4770295918396212 neg 0.30865351532115876 off 0.21431689283922006	false	1.0
schrecklich	neg 1.0		__DUMMY__ 0.4735027190587499 neg 0.29763368822088065 off 0.22886359272036952	false	1.0
schlapp	neg 1.0		__DUMMY__ 0.47687511249505404 neg 0.29825537400025665 off 0.22486951350468937	false	1.0
abfall	neg 1.0		__DUMMY__ 0.477534771739846 neg 0.309895003463238 off 0.212570224796916	false	1.0
widerspenstig	neg 1.0		__DUMMY__ 0.47800045766967264 neg 0.3019992580397185 off 0.22000028429060894	false	1.0
abrupt	neg 1.0		__DUMMY__ 0.4786146957001195 neg 0.30282295959893074 off 0.2185623447009498	false	1.0
unwirksam	neg 1.0		__DUMMY__ 0.471619631617578 neg 0.3084008486245336 off 0.21997951975788835	false	1.0
angreifen	neg 1.0		__DUMMY__ 0.475602431569655 neg 0.308896513158119 off 0.21550105527222607	false	1.0
inkonsistent	neg 1.0		__DUMMY__ 0.4741106041492401 neg 0.3037969745698121 off 0.2220924212809477	false	1.0
abrutschen	neg 1.0		__DUMMY__ 0.4784290696790594 neg 0.3086089577146569 off 0.21296197260628355	false	1.0
unsicher	neg 1.0		__DUMMY__ 0.47672167572457735 neg 0.30335901820405486 off 0.21991930607136775	false	1.0
bauernkind	off 1.0		__DUMMY__ 0.4696521362630029 neg 0.2985578392416196 off 0.23179002449537753	false	0.5
angreifer	neg 1.0		__DUMMY__ 0.47282950060462037 neg 0.30424371098074626 off 0.2229267884146333	false	1.0
trennen	neg 1.0		__DUMMY__ 0.480065703183165 neg 0.3041169192019412 off 0.21581737761489378	false	1.0
schmutz	neg 1.0		__DUMMY__ 0.47965492179063873 neg 0.2935734588578007 off 0.22677161935156046	false	1.0
inkonsistenz	neg 1.0	neg 1.0	neg 0.6426811373058452 __DUMMY__ 0.23072972275733983 off 0.12658913993681498	false	1.0
erschreckend	neg 1.0		__DUMMY__ 0.47511733305083875 neg 0.30666301486810627 off 0.218219652081055	false	1.0
ertrinken	neg 1.0		__DUMMY__ 0.47825748204252455 neg 0.30503386470429056 off 0.21670865325318484	false	1.0
pickelface	off 1.0		__DUMMY__ 0.4741278144045859 neg 0.3051600926109473 off 0.22071209298446676	false	0.5
seiner			__DUMMY__ 0.47665944955950984 neg 0.30781756725922316 off 0.21552298318126709	false	0.0
lauch	neg 1.0		__DUMMY__ 0.47743812651974726 neg 0.3083824573326937 off 0.21417941614755906	false	1.0
unwichtig	neg 1.0		__DUMMY__ 0.47423395277504726 neg 0.3014192959091389 off 0.22434675131581383	false	1.0
steuerhinterziehung	neg 1.0		__DUMMY__ 0.47202208532071205 neg 0.3095398015823507 off 0.21843811309693728	false	1.0
schock	neg 1.0		__DUMMY__ 0.4787822788186353 neg 0.30261524874485507 off 0.21860247243650965	false	1.0
beule	neg 1.0		__DUMMY__ 0.4764929952453602 neg 0.2972058404009428 off 0.22630116435369696	false	1.0
vergelten	neg 1.0		__DUMMY__ 0.47113165369613325 neg 0.29882548257074043 off 0.23004286373312635	false	1.0
verdorbenheit	neg 1.0		__DUMMY__ 0.4782221586831523 neg 0.2997187160293931 off 0.2220591252874547	false	1.0
trauma	neg 1.0		__DUMMY__ 0.4752553444751703 neg 0.3029354034578045 off 0.2218092520670253	false	1.0
sinnlos	neg 1.0		__DUMMY__ 0.47528061908683433 neg 0.30272011023627976 off 0.22199927067688585	false	1.0
fettsack	off 1.0	off 1.0	off 0.6011588509074542 __DUMMY__ 0.2295441185666182 neg 0.16929703052592757	false	1.0
feige	off 1.0		__DUMMY__ 0.4728731561598752 neg 0.30348335955493466 off 0.22364348428519026	false	0.5
abdanken	neg 1.0		__DUMMY__ 0.4702143501523799 neg 0.3116377561492624 off 0.21814789369835774	false	1.0
wichtigtuer	off 1.0	off 1.0	off 0.5956640652808473 __DUMMY__ 0.2307158688514287 neg 0.1736200658677241	false	1.0
misslingen	neg 1.0		__DUMMY__ 0.47828259804696216 neg 0.2988878398598996 off 0.22282956209313812	false	1.0
untreu	off 1.0		__DUMMY__ 0.474549907807101 neg 0.30013944981680307 off 0.2253106423760958	false	0.5
missmutig	neg 1.0		__DUMMY__ 0.4765569854890833 neg 0.29927855270609877 off 0.22416446180481792	false	1.0
hurenbock	off 1.0		__DUMMY__ 0.4788854296506715 neg 0.29871386487170276 off 0.22240070547762575	false	0.5
betrunken	neg 1.0		__DUMMY__ 0.47561973086191833 neg 0.297214111948031 off 0.2271661571900507	false	1.0
korrupt	off 1.0		__DUMMY__ 0.47140874018694806 neg 0.31189588877774665 off 0.21669537103530537	false	0.5
unmut	neg 1.0		__DUMMY__ 0.4767356035875047 neg 0.30990551615144285 off 0.21335888026105243	false	1.0
hackfresse	off 1.0		__DUMMY__ 0.4722450659105665 neg 0.295396605656172 off 0.23235832843326143	false	0.5
aufblasen	neg 1.0		__DUMMY__ 0.4775692798676078 neg 0.30079073739583057 off 0.22163998273656163	false	1.0
gewaltsam	neg 1.0		__DUMMY__ 0.4725394151706287 neg 0.30692644067874253 off 0.22053414415062877	false	1.0
unbeliebtheit	neg 1.0		__DUMMY__ 0.46714861877578456 neg 0.30759442128185627 off 0.2252569599423592	false	1.0
sturheit	neg 1.0		__DUMMY__ 0.4732309833392704 neg 0.3088203761630366 off 0.21794864049769308	false	1.0
kuh	neg 1.0		__DUMMY__ 0.47364138741839956 neg 0.3051215360537444 off 0.221237076527856	false	1.0
erschrecken	neg 1.0		__DUMMY__ 0.47621032396050145 neg 0.3000150408602512 off 0.22377463517924748	false	1.0
opfer	neg 1.0	neg 1.0	neg 0.6449099204698171 __DUMMY__ 0.23232808785414924 off 0.12276199167603358	false	1.0
sinken	neg 1.0		__DUMMY__ 0.4771235021648061 neg 0.308632927401422 off 0.21424357043377204	false	1.0
stinktier	neg 1.0		__DUMMY__ 0.4715869069479985 neg 0.2994861424900867 off 0.22892695056191495	false	1.0
tucke	off 1.0		__DUMMY__ 0.47320944850693225 neg 0.29355636463793966 off 0.23323418685512806	false	0.5
ein			__DUMMY__ 0.4791484544389701 neg 0.29967223347675315 off 0.22117931208427657	false	0.0
abstieg	neg 1.0		__DUMMY__ 0.47399968390907893 neg 0.3082855086057558 off 0.21771480748516533	false	1.0
missverstehen	neg 1.0		__DUMMY__ 0.4732970391789675 neg 0.30529694869107266 off 0.22140601212995972	false	1.0
ergebnislos	neg 1.0		__DUMMY__ 0.4751041820640902 neg 0.3073849161572322 off 0.21751090177867768	false	1.0
unter			__DUMMY__ 0.4825390250645657 neg 0.307510526183557 off 0.2099504487518773	false	0.0
manipulieren	neg 1.0		__DUMMY__ 0.4755634389690805 neg 0.3091937215414391 off 0.21524283948948053	false	1.0
unbewiesen	neg 1.0		__DUMMY__ 0.46893048720322905 neg 0.3123209159391502 off 0.21874859685762071	false	1.0
verschleppen	neg 1.0		__DUMMY__ 0.474447834660832 neg 0.30845518135117017 off 0.2170969839879979	false	1.0
weib	off 1.0		__DUMMY__ 0.47103849411894555 neg 0.2954813444625414 off 0.23348016141851302	false	0.5
opposition	neg 1.0		__DUMMY__ 0.47126745714166235 neg 0.3077336070459177 off 0.22099893581241983	false	1.0
verkehrswidrig	neg 1.0		__DUMMY__ 0.47441654789370236 neg 0.2947524777374038 off 0.23083097436889383	false	1.0
inkorrekt	neg 1.0		__DUMMY__ 0.4697002257933787 neg 0.3057506723656211 off 0.2245491018410003	false	1.0
vermeiden	neg 1.0		__DUMMY__ 0.4799757065282468 neg 0.3080822621000977 off 0.21194203137165551	false	1.0
abweichung	neg 1.0		__DUMMY__ 0.4714609468116088 neg 0.31210006914309946 off 0.21643898404529163	false	1.0
alkoholisiert	neg 1.0		__DUMMY__ 0.4773191934576262 neg 0.3049025362770517 off 0.217778270265322	false	1.0
scheiss	off 1.0	off 1.0	off 0.5987166592779979 __DUMMY__ 0.2315870163822071 neg 0.16969632433979492	false	1.0
herausforderung	neg 1.0		__DUMMY__ 0.48068910102938905 neg 0.3008165766308919 off 0.21849432233971905	false	1.0
pervers	off 1.0		__DUMMY__ 0.4705806248132496 neg 0.2929981063022616 off 0.2364212688844887	false	0.5
wackelig	neg 1.0		__DUMMY__ 0.48054138196924767 neg 0.30111296852434927 off 0.21834564950640295	false	1.0
verwickeln	neg 1.0		__DUMMY__ 0.4745237621154583 neg 0.30403592509356697 off 0.22144031279097467	false	1.0
vorwand	neg 1.0		__DUMMY__ 0.47581662022289456 neg 0.3101713103732133 off 0.21401206940389203	false	1.0
muschi	off 1.0		__DUMMY__ 0.4739078800701733 neg 0.30596920669899436 off 0.22012291323083233	false	0.5
entmutigung	neg 1.0		__DUMMY__ 0.4667473347949232 neg 0.3125477779222003 off 0.2207048872828764	false	1.0
unangemessen	neg 1.0		__DUMMY__ 0.47324999616198254 neg 0.31001074636727394 off 0.21673925747074357	false	1.0
unstetig	neg 1.0		__DUMMY__ 0.4733118173554762 neg 0.3031950946220892 off 0.22349308802243448	false	1.0
entmutigen	neg 1.0		__DUMMY__ 0.4761987587963906 neg 0.30272687228930667 off 0.22107436891430274	false	1.0
schwanz	neg 1.0		__DUMMY__ 0.47605242490994193 neg 0.30576465227084665 off 0.21818292281921148	false	1.0
verbot	neg 1.0		__DUMMY__ 0.47230552070591647 neg 0.31010877573633383 off 0.21758570355774973	false	1.0
leid	neg 1.0		__DUMMY__ 0.47295706191448555 neg 0.2965495981498603 off 0.23049333993565416	false	1.0
archaisch	neg 1.0		__DUMMY__ 0.473700876569506 neg 0.3089257413165286 off 0.2173733821139655	false	1.0
gegen			__DUMMY__ 0.4751744726349843 neg 0.31044500071610803 off 0.2143805266489076	false	0.0
scheidung	neg 1.0	neg 1.0	neg 0.6316656428108013 __DUMMY__ 0.22922534634470956 off 0.1391090108444891	false	1.0
einschlag	neg 1.0		__DUMMY__ 0.4729805932360191 neg 0.2970022820336549 off 0.23001712473032598	false	1.0
m			__DUMMY__ 0.4773937461600166 neg 0.30364368369605993 off 0.21896257014392337	false	0.0
abgestanden	neg 1.0		__DUMMY__ 0.47723468359426513 neg 0.30256901677061904 off 0.22019629963511575	false	1.0
schmierig	off 1.0		__DUMMY__ 0.4742013518002067 neg 0.29620673812120013 off 0.22959191007859317	false	0.5
unpraktisch	neg 1.0		__DUMMY__ 0.47800346256534265 neg 0.30030721821991796 off 0.2216893192147393	false	1.0
wixxer	off 1.0		__DUMMY__ 0.4690787967299112 neg 0.29471990110912105 off 0.23620130216096774	false	0.5
bezeichnet			__DUMMY__ 0.47387964787117137 neg 0.3074555555687772 off 0.21866479656005144	false	0.0
jammerlappen	off 1.0		__DUMMY__ 0.47471808624888134 neg 0.30082565062945615 off 0.22445626312166264	false	0.5
farce	neg 1.0		__DUMMY__ 0.4691448274003411 neg 0.3137110872983748 off 0.2171440853012842	false	1.0
zwecklos	neg 1.0		__DUMMY__ 0.4743508355519355 neg 0.3090069127390856 off 0.216642251708979	false	1.0
turbulent	neg 1.0		__DUMMY__ 0.4724625713258074 neg 0.29927481600026756 off 0.22826261267392514	false	1.0
invasion	neg 1.0		__DUMMY__ 0.47636717976368514 neg 0.29997749229682896 off 0.223655327939486	false	1.0
schuld	neg 1.0		__DUMMY__ 0.4748823269523596 neg 0.3046267054438155 off 0.22049096760382483	false	1.0
risiko	neg 1.0		__DUMMY__ 0.47764360606231765 neg 0.2981738853692377 off 0.22418250856844477	false	1.0
finster	neg 1.0		__DUMMY__ 0.4780008430298615 neg 0.3013015532856563 off 0.22069760368448207	false	1.0
geisteskrank	off 1.0		__DUMMY__ 0.4713174658598809 neg 0.3032187864759168 off 0.22546374766420238	false	0.5
zusammenbrechen	neg 1.0		__DUMMY__ 0.47728156097477187 neg 0.30414593389104294 off 0.21857250513418536	false	1.0
ausbeute	neg 1.0		__DUMMY__ 0.4789416214363588 neg 0.30332900115181477 off 0.2177293774118265	false	1.0
hinterhalt	neg 1.0		__DUMMY__ 0.47545084492355266 neg 0.30336968557348437 off 0.22117946950296294	false	1.0
kritik	neg 1.0		__DUMMY__ 0.4703243550135726 neg 0.3122333728328714 off 0.2174422721535559	false	1.0
einschrumpfen	neg 1.0		__DUMMY__ 0.47097484793172506 neg 0.30577112457466443 off 0.22325402749361065	false	1.0
riskant	neg 1.0		__DUMMY__ 0.4766930217964089 neg 0.30735132220659844 off 0.21595565599699262	false	1.0
frustrieren	neg 1.0		__DUMMY__ 0.47575480918506013 neg 0.30863577421950567 off 0.2156094165954343	false	1.0
groll	neg 1.0		__DUMMY__ 0.47460563366437253 neg 0.30845298001536653 off 0.21694138632026083	false	1.0
gibt			__DUMMY__ 0.4758113243882607 neg 0.3064793455778581 off 0.2177093300338812	false	0.0
qualvoll	neg 1.0		__DUMMY__ 0.47659232928821477 neg 0.3008378838333487 off 0.22256978687843657	false	1.0
wackeln	neg 1.0		__DUMMY__ 0.4791310854031801 neg 0.29942075471482227 off 0.22144815988199762	false	1.0
klagen	neg 1.0		__DUMMY__ 0.47540337116474685 neg 0.3107514993014256 off 0.21384512953382756	false	1.0
bankrott	neg 1.0		__DUMMY__ 0.4759749762752583 neg 0.2987623419619512 off 0.22526268176279057	false	1.0
trauern	neg 1.0		__DUMMY__ 0.47679115636521324 neg 0.3069389619819959 off 0.21626988165279093	false	1.0
ablehnung	neg 1.0	neg 1.0	neg 0.6469434679429283 __DUMMY__ 0.22954319699863607 off 0.12351333505843558	false	1.0
stur	neg 1.0		__DUMMY__ 0.4752045937780657 neg 0.3037897753176245 off 0.2210056309043099	false	1.0
aufruhr	neg 1.0		__DUMMY__ 0.4717679519235654 neg 0.30849159241708285 off 0.21974045565935185	false	1.0
melancholie	neg 1.0		__DUMMY__ 0.4789389909221998 neg 0.30307073607020385 off 0.21799027300759638	false	1.0
ist			__DUMMY__ 0.4748074845858984 neg 0.30412910644048674 off 0.22106340897361487	false	0.0
torheit	neg 1.0		__DUMMY__ 0.469965668373356 neg 0.31019619754165534 off 0.21983813408498867	false	1.0
dreckskind	off 1.0		__DUMMY__ 0.4685593096549025 neg 0.30113301288889294 off 0.23030767745620445	false	0.5
umtauschen	neg 1.0		__DUMMY__ 0.4776227456274091 neg 0.3026077770639168 off 0.21976947730867405	false	1.0
zum			__DUMMY__ 0.4828571984199694 neg 0.30384908029234164 off 0.21329372128768898	false	0.0
zersetzen	neg 1.0		__DUMMY__ 0.4754984841181547 neg 0.30985353537622096 off 0.2146479805056244	false	1.0
zur			__DUMMY__ 0.47792598815816395 neg 0.3102134369225189 off 0.2118605749193172	false	0.0
frust	neg 1.0		__DUMMY__ 0.4767157819457474 neg 0.3051435759325181 off 0.2181406421217344	false	1.0
unerbittlichkeit	neg 1.0		__DUMMY__ 0.47472524141019473 neg 0.30989736400333107 off 0.21537739458647429	false	1.0
zwei			__DUMMY__ 0.4808232269435639 neg 0.30462251083027847 off 0.21455426222615775	false	0.0
unkorrekt	neg 1.0		__DUMMY__ 0.47110744037047636 neg 0.30306995317179486 off 0.22582260645772875	false	1.0
hexe	off 1.0		__DUMMY__ 0.47506455219990545 neg 0.2995851734644394 off 0.22535027433565524	false	0.5
lasch	neg 1.0		__DUMMY__ 0.4730362929403706 neg 0.3043059667104274 off 0.22265774034920202	false	1.0
rivale	neg 1.0		__DUMMY__ 0.4719886284376957 neg 0.29902768422970505 off 0.22898368733259925	false	1.0
mutlos	off 1.0	off 1.0	off 0.5926361504665165 __DUMMY__ 0.23079071850343344 neg 0.17657313103005007	false	1.0
wirr	off 1.0		__DUMMY__ 0.47119596792753676 neg 0.30124082064857144 off 0.22756321142389183	false	0.5
jahr			__DUMMY__ 0.47939695016531514 neg 0.3039970544094047 off 0.21660599542528	false	0.0
wird			__DUMMY__ 0.476327763726847 neg 0.3072142624296574 off 0.21645797384349555	false	0.0
strafbar	neg 1.0		__DUMMY__ 0.47348204713225117 neg 0.3110570852963309 off 0.21546086757141794	false	1.0
erosion	neg 1.0		__DUMMY__ 0.4773192880769607 neg 0.3005419744479237 off 0.2221387374751156	false	1.0
eingehen	neg 1.0		__DUMMY__ 0.4748916282635864 neg 0.308692787558574 off 0.2164155841778395	false	1.0
faul	off 1.0		__DUMMY__ 0.47747844507857573 neg 0.2976295862210065 off 0.22489196870041778	false	0.5
provisorium	neg 1.0		__DUMMY__ 0.4810346480037609 neg 0.31002096531231643 off 0.20894438668392265	false	1.0
schmerzen	neg 1.0		__DUMMY__ 0.477396419272879 neg 0.3037145816877772 off 0.21888899903934372	false	1.0
schrumpfen	neg 1.0		__DUMMY__ 0.47867237807444735 neg 0.30965427501531956 off 0.21167334691023323	false	1.0
geistlos	off 1.0		__DUMMY__ 0.46914350753594364 neg 0.3095806774824832 off 0.22127581498157328	false	0.5
fehlkauf	neg 1.0		__DUMMY__ 0.47398907982295974 neg 0.30319232089183057 off 0.2228185992852097	false	1.0
frustrierend	neg 1.0	neg 1.0	neg 0.6410724662103378 __DUMMY__ 0.23202004285759179 off 0.12690749093207054	false	1.0
unzufrieden	neg 1.0		__DUMMY__ 0.47545247645973465 neg 0.30755798345774554 off 0.21698954008251983	false	1.0
verzweifeln	neg 1.0		__DUMMY__ 0.47649158843609035 neg 0.3043249575093852 off 0.21918345405452433	false	1.0
verzweifelt	neg 1.0		__DUMMY__ 0.47536534958446724 neg 0.3037101651126051 off 0.2209244853029277	false	1.0
misstrauensantrag	neg 1.0		__DUMMY__ 0.47292369761214165 neg 0.30465011706936046 off 0.22242618531849795	false	1.0
abfallen	neg 1.0		__DUMMY__ 0.47939437355669856 neg 0.2989976226041354 off 0.22160800383916612	false	1.0
fucker	off 1.0		__DUMMY__ 0.4726265551668142 neg 0.29952035065914867 off 0.22785309417403724	false	0.5
ungezogen	neg 1.0		__DUMMY__ 0.472326469003595 neg 0.2935631249851681 off 0.23411040601123695	false	1.0
irrsinnig	neg 1.0	neg 1.0	neg 0.643753643609051 __DUMMY__ 0.23124195637887845 off 0.12500440001207058	false	1.0
unfassbar	neg 1.0		__DUMMY__ 0.47447798313734313 neg 0.3005995349641238 off 0.22492248189853306	false	1.0
hart	neg 1.0		__DUMMY__ 0.4730036397405607 neg 0.3021298247744108 off 0.22486653548502847	false	1.0
widerlich	off 1.0		__DUMMY__ 0.4730760290024326 neg 0.3013703750369036 off 0.22555359596066388	false	0.5
fatal	neg 1.0		__DUMMY__ 0.474341364970709 neg 0.30287061093101353 off 0.22278802409827753	false	1.0
bruch	neg 1.0		__DUMMY__ 0.4740720272676279 neg 0.3130300157137845 off 0.21289795701858746	false	1.0
aushungern	neg 1.0		__DUMMY__ 0.4719340057021147 neg 0.30858793280107394 off 0.2194780614968113	false	1.0
anspannung	neg 1.0		__DUMMY__ 0.47930410004468726 neg 0.30745786069298514 off 0.2132380392623276	false	1.0
von			__DUMMY__ 0.47959988586824065 neg 0.3047308068039318 off 0.21566930732782763	false	0.0
kraftlos	neg 1.0		__DUMMY__ 0.47948080662597903 neg 0.3028201285133498 off 0.2176990648606712	false	1.0
vom			__DUMMY__ 0.4821565715588975 neg 0.30730159058807666 off 0.21054183785302572	false	0.0
grenzdebil	off 1.0		__DUMMY__ 0.47526263115983947 neg 0.2983405123381493 off 0.22639685650201125	false	0.5
vor			__DUMMY__ 0.47856066094566585 neg 0.3072098381841313 off 0.21422950087020293	false	0.0
unterwerfen	neg 1.0		__DUMMY__ 0.4748636062846999 neg 0.3090694973202921 off 0.21606689639500806	false	1.0
versenkung	neg 1.0		__DUMMY__ 0.47608761941642924 neg 0.3080727370901149 off 0.2158396434934559	false	1.0
entziehen	neg 1.0		__DUMMY__ 0.4760056017615687 neg 0.31055538111442216 off 0.21343901712400898	false	1.0
finanzkrise	neg 1.0		__DUMMY__ 0.4712784712209566 neg 0.30990588460630947 off 0.21881564417273397	false	1.0
schimpfend	neg 1.0		__DUMMY__ 0.48028216927042333 neg 0.2969958433811357 off 0.22272198734844098	false	1.0
profan	neg 1.0		__DUMMY__ 0.4752327023172648 neg 0.3028492881853195 off 0.22191800949741564	false	1.0
korruption	neg 1.0		__DUMMY__ 0.47176352507963226 neg 0.3113207113632796 off 0.21691576355708825	false	1.0
â			__DUMMY__ 0.4772356129339766 neg 0.3048186433148375 off 0.21794574375118586	false	0.0
schmutzig	neg 1.0		__DUMMY__ 0.4772218822005252 neg 0.2964308467620676 off 0.2263472710374072	false	1.0
sexy	neg 1.0		__DUMMY__ 0.4752674343103654 neg 0.3002171647694902 off 0.22451540092014446	false	1.0
abraten	neg 1.0		__DUMMY__ 0.4769370388898387 neg 0.30158627020440354 off 0.22147669090575778	false	1.0
schwarz	neg 1.0		__DUMMY__ 0.47471055735910594 neg 0.3033759710045115 off 0.22191347163638245	false	1.0
fotze	off 1.0		__DUMMY__ 0.47450809725590065 neg 0.30723475923870913 off 0.21825714350539008	false	0.5
verwirren	neg 1.0		__DUMMY__ 0.4753030542725699 neg 0.3018111415051515 off 0.22288580422227866	false	1.0
zahnlos	off 1.0		__DUMMY__ 0.4742820137812001 neg 0.3086756824340112 off 0.2170423037847887	false	0.5
verheeren	neg 1.0		__DUMMY__ 0.46903900412983296 neg 0.2953326310169536 off 0.23562836485321345	false	1.0
hippie	neg 1.0		__DUMMY__ 0.474868011289958 neg 0.3009603575510349 off 0.22417163115900718	false	1.0
rammen	neg 1.0		__DUMMY__ 0.47609276607757794 neg 0.300731044863582 off 0.22317618905884018	false	1.0
unlauter	neg 1.0	neg 1.0	neg 0.6431669005498428 __DUMMY__ 0.2306789654547517 off 0.1261541339954055	false	1.0
unheilvoll	neg 1.0		__DUMMY__ 0.4766862304119756 neg 0.30110257764749426 off 0.22221119194053024	false	1.0
niedrig	neg 1.0		__DUMMY__ 0.4754139201876275 neg 0.3075953799435585 off 0.21699069986881403	false	1.0
explosion	neg 1.0		__DUMMY__ 0.47601047273281094 neg 0.3001021460913513 off 0.2238873811758377	false	1.0
weichei	off 1.0		__DUMMY__ 0.4724048600285931 neg 0.2964891543523805 off 0.2311059856190264	false	0.5
minusmensch	off 1.0		__DUMMY__ 0.4676205419146336 neg 0.29733841954290546 off 0.2350410385424609	false	0.5
farblos	neg 1.0		__DUMMY__ 0.47497007269284375 neg 0.30412085576107667 off 0.2209090715460797	false	1.0
unwissend	neg 1.0	neg 1.0	neg 0.6416518141362293 __DUMMY__ 0.23077849990557203 off 0.12756968595819862	false	1.0
traurig	neg 1.0		__DUMMY__ 0.47476203503214687 neg 0.29714867859693544 off 0.2280892863709176	false	1.0
senkung	neg 1.0		__DUMMY__ 0.47393204235389325 neg 0.30292984165595715 off 0.2231381159901496	false	1.0
ungleich	neg 1.0	neg 1.0	neg 0.6464770118103036 __DUMMY__ 0.2311767358832245 off 0.12234625230647185	false	1.0
heikel	neg 1.0		__DUMMY__ 0.4760033889343761 neg 0.3092762928807741 off 0.21472031818484968	false	1.0
drosselung	neg 1.0		__DUMMY__ 0.4753774550039168 neg 0.2958944792516809 off 0.22872806574440213	false	1.0
falsch	neg 1.0		__DUMMY__ 0.4747234487531326 neg 0.3014632280109009 off 0.22381332323596645	false	1.0
unzufriedenheit	neg 1.0		__DUMMY__ 0.4755100877783655 neg 0.3100642339262344 off 0.2144256782954001	false	1.0
kurz	neg 1.0		__DUMMY__ 0.47899331302938114 neg 0.3022057567285684 off 0.2188009302420505	false	1.0
unsinnig	neg 1.0		__DUMMY__ 0.47506701097408066 neg 0.30750756698422965 off 0.21742542204168971	false	1.0
penner	off 1.0	off 1.0	off 0.602415422008743 __DUMMY__ 0.2303508250271285 neg 0.1672337529641284	false	1.0
seicht	neg 1.0		__DUMMY__ 0.4695141146144735 neg 0.2974354750705274 off 0.23305041031499904	false	1.0
dummheit	off 1.0	off 1.0	off 0.5960580575862915 __DUMMY__ 0.23056265479317506 neg 0.1733792876205334	false	1.0
unerfreulich	neg 1.0		__DUMMY__ 0.4768273966485782 neg 0.3089356183018765 off 0.2142369850495453	false	1.0
motherfucker	off 1.0	off 1.0	off 0.599479825873768 __DUMMY__ 0.23038804733951315 neg 0.17013212678671882	false	1.0
pikiert	neg 1.0		__DUMMY__ 0.47348194169169305 neg 0.30223719638178237 off 0.22428086192652455	false	1.0
wrack	neg 1.0		__DUMMY__ 0.4779801043759359 neg 0.3036173959378953 off 0.21840249968616876	false	1.0
gangster	neg 1.0		__DUMMY__ 0.4749189667334205 neg 0.30180080415365795 off 0.22328022911292153	false	1.0
krank	neg 1.0		__DUMMY__ 0.47651204302798916 neg 0.29693635021970055 off 0.22655160675231023	false	1.0
reich	neg 1.0		__DUMMY__ 0.468147274707029 neg 0.30772088469875475 off 0.22413184059421618	false	1.0
gnadenlos	neg 1.0		__DUMMY__ 0.4754049987048351 neg 0.3037977522837868 off 0.22079724901137796	false	1.0
niedergeschlagen	neg 1.0		__DUMMY__ 0.476822716516618 neg 0.3047281111380711 off 0.21844917234531078	false	1.0
terrorisieren	off 1.0	off 1.0	off 0.592894284766412 __DUMMY__ 0.23256188708958098 neg 0.17454382814400698	false	1.0
sinnlosigkeit	neg 1.0		__DUMMY__ 0.47449979911248297 neg 0.30838709709020473 off 0.21711310379731227	false	1.0
behindern	neg 1.0		__DUMMY__ 0.4773989100328522 neg 0.3023366510260882 off 0.22026443894105965	false	1.0
undemokratisch	neg 1.0		__DUMMY__ 0.4707609225968901 neg 0.30880433174324173 off 0.22043474565986806	false	1.0
wirtschaftskrise	neg 1.0		__DUMMY__ 0.4730426032053963 neg 0.309771297601815 off 0.21718609919278883	false	1.0
neid	neg 1.0		__DUMMY__ 0.4769203639742086 neg 0.2991980154298544 off 0.22388162059593694	false	1.0
rutschen	neg 1.0		__DUMMY__ 0.4831005638200637 neg 0.3033890102348157 off 0.21351042594512046	false	1.0
rezession	neg 1.0		__DUMMY__ 0.46952427927287316 neg 0.3014349756457373 off 0.2290407450813895	false	1.0
fehlgeburt	neg 1.0		__DUMMY__ 0.4752338130387263 neg 0.30429782543304806 off 0.22046836152822558	false	1.0
charakterschwach	off 1.0		__DUMMY__ 0.47330485071309536 neg 0.30124084051577876 off 0.2254543087711259	false	0.5
isolation	neg 1.0		__DUMMY__ 0.47518987793558104 neg 0.29925890568946656 off 0.22555121637495243	false	1.0
ablenkung	neg 1.0		__DUMMY__ 0.47707655089763945 neg 0.30250359799258975 off 0.22041985110977083	false	1.0
pech	neg 1.0		__DUMMY__ 0.4754067104740375 neg 0.30163024727360965 off 0.2229630422523528	false	1.0
vermeidung	neg 1.0		__DUMMY__ 0.4757977622066019 neg 0.29673961453695025 off 0.2274626232564478	false	1.0
dominieren	neg 1.0		__DUMMY__ 0.47560036370892733 neg 0.3057786665816702 off 0.21862096970940234	false	1.0
schwindlig	neg 1.0		__DUMMY__ 0.477823662686669 neg 0.2988763143885099 off 0.2233000229248211	false	1.0
lutscher	neg 1.0		__DUMMY__ 0.4698752555840108 neg 0.29608323183414476 off 0.23404151258184455	false	1.0
pflicht	neg 1.0		__DUMMY__ 0.4756728276623066 neg 0.3098602746600503 off 0.214466897677643	false	1.0
faschist	off 1.0		__DUMMY__ 0.47036840736972213 neg 0.3082441122621399 off 0.22138748036813807	false	0.5
verschleudern	neg 1.0		__DUMMY__ 0.4735239951107224 neg 0.3098415584877874 off 0.21663444640149015	false	1.0
wenn			__DUMMY__ 0.4751453153442558 neg 0.30093725348055783 off 0.2239174311751863	false	0.0
ehebruch	neg 1.0		__DUMMY__ 0.47397095726219435 neg 0.3097458104751931 off 0.21628323226261245	false	1.0
spott	off 1.0		__DUMMY__ 0.474138666317546 neg 0.3102362574578986 off 0.21562507622455546	false	0.5
trostlosigkeit	neg 1.0		__DUMMY__ 0.472450463787113 neg 0.31374853283995346 off 0.21380100337293365	false	1.0
lutschen	neg 1.0		__DUMMY__ 0.47287328491461017 neg 0.30266779005791183 off 0.22445892502747805	false	1.0
undiszipliniert	neg 1.0		__DUMMY__ 0.47421996513612036 neg 0.2984979856719752 off 0.22728204919190442	false	1.0
kopfschmerz	neg 1.0		__DUMMY__ 0.4760321527135896 neg 0.30478844343392375 off 0.2191794038524867	false	1.0
unvorhergesehen	neg 1.0		__DUMMY__ 0.4796401061115061 neg 0.3016813076945568 off 0.218678586193937	false	1.0
desinteressiert	neg 1.0		__DUMMY__ 0.47301073614333466 neg 0.30033388881821765 off 0.22665537503844768	false	1.0
armselig	off 1.0		__DUMMY__ 0.47210675224479887 neg 0.3003605867603022 off 0.22753266099489897	false	0.5
desaster	neg 1.0		__DUMMY__ 0.4743687137700029 neg 0.31296191626261893 off 0.21266936996737823	false	1.0
tod	neg 1.0		__DUMMY__ 0.47292920697390606 neg 0.31140597489814686 off 0.21566481812794716	false	1.0
herzlos	neg 1.0		__DUMMY__ 0.47434035837279465 neg 0.2968816908499488 off 0.22877795077725663	false	1.0
unwissenheit	neg 1.0		__DUMMY__ 0.4735464398971963 neg 0.3096302773229773 off 0.21682328277982632	false	1.0
widersinnig	neg 1.0		__DUMMY__ 0.47108588633423937 neg 0.31130444787394723 off 0.21760966579181357	false	1.0
bedenklich	neg 1.0		__DUMMY__ 0.4755959758939328 neg 0.3086708739221987 off 0.21573315018386843	false	1.0
beanstanden	neg 1.0		__DUMMY__ 0.4760323718755644 neg 0.3097927701153386 off 0.21417485800909697	false	1.0
panisch	neg 1.0	neg 1.0	neg 0.6390599378234261 __DUMMY__ 0.23436444894295355 off 0.12657561323362043	false	1.0
debil	off 1.0		__DUMMY__ 0.477021263636022 neg 0.31157912224553846 off 0.2113996141184395	false	0.5
abstrich	neg 1.0		__DUMMY__ 0.4788585939975488 neg 0.30021987222475 off 0.2209215337777011	false	1.0
primitiv	neg 1.0		__DUMMY__ 0.47282631146931947 neg 0.30106160672032906 off 0.22611208181035145	false	1.0
abschaum	off 1.0	off 1.0	off 0.597496423467508 __DUMMY__ 0.2301597443848463 neg 0.17234383214764565	false	1.0
provozieren	neg 1.0		__DUMMY__ 0.4738294632767211 neg 0.30643294509535596 off 0.21973759162792306	false	1.0
tot	neg 1.0		__DUMMY__ 0.4744294215130976 neg 0.30700019997209954 off 0.2185703785148029	false	1.0
instabil	neg 1.0		__DUMMY__ 0.47035268763129356 neg 0.3013514788623475 off 0.22829583350635904	false	1.0
schwuchtel	off 1.0		__DUMMY__ 0.46684226904091547 neg 0.2940648857470083 off 0.2390928452120763	false	0.5
zerren	neg 1.0		__DUMMY__ 0.4770532327810096 neg 0.30450462194813144 off 0.21844214527085892	false	1.0
kinderficker	off 1.0		__DUMMY__ 0.4710592866603675 neg 0.2991190965361157 off 0.2298216168035168	false	0.5
gefahr	neg 1.0		__DUMMY__ 0.47448863411675707 neg 0.3093832179766084 off 0.21612814790663457	false	1.0
rabiat	neg 1.0		__DUMMY__ 0.4755521893880668 neg 0.3046056795481806 off 0.2198421310637526	false	1.0
verlangsamung	neg 1.0		__DUMMY__ 0.46929819185804655 neg 0.29809728145782716 off 0.23260452668412623	false	1.0
ausgestorben	neg 1.0		__DUMMY__ 0.4766764080880864 neg 0.3048736961488254 off 0.2184498957630883	false	1.0
anklagen	neg 1.0		__DUMMY__ 0.4734025104343686 neg 0.3076307766903484 off 0.21896671287528288	false	1.0
trott	neg 1.0		__DUMMY__ 0.4765823155545003 neg 0.30321213952156917 off 0.22020554492393055	false	1.0
verminderung	neg 1.0		__DUMMY__ 0.47403793401226896 neg 0.2980510448091067 off 0.2279110211786244	false	1.0
nach			__DUMMY__ 0.4810332810724636 neg 0.306213615898298 off 0.21275310302923836	false	0.0
rost	neg 1.0		__DUMMY__ 0.4713514547828191 neg 0.295128996119229 off 0.23351954909795186	false	1.0
destruktiv	neg 1.0		__DUMMY__ 0.473109890143766 neg 0.3086247398292692 off 0.21826537002696467	false	1.0
unzumutbarkeit	neg 1.0		__DUMMY__ 0.4752514471323062 neg 0.29733746757744095 off 0.22741108529025295	false	1.0
labil	off 1.0	off 1.0	off 0.5982619307071985 __DUMMY__ 0.2305267601376656 neg 0.17121130915513585	false	1.0
ziemlich	neg 1.0		__DUMMY__ 0.47492031150559605 neg 0.2993682186041099 off 0.22571146989029417	false	1.0
lachnummer	off 1.0		__DUMMY__ 0.4733916310260977 neg 0.30821913911915394 off 0.21838922985474823	false	0.5
oder			__DUMMY__ 0.47755364778184056 neg 0.30230570255012096 off 0.22014064966803845	false	0.0
verfall	neg 1.0		__DUMMY__ 0.4771012239721943 neg 0.3116412924030451 off 0.21125748362476054	false	1.0
ausgrenzung	neg 1.0		__DUMMY__ 0.47080317129170474 neg 0.3079936178520698 off 0.2212032108562255	false	1.0
unordnung	neg 1.0		__DUMMY__ 0.47152965783954937 neg 0.2990549633826909 off 0.2294153787777597	false	1.0
fehlverhalten	neg 1.0		__DUMMY__ 0.47438130940934964 neg 0.3102010239572936 off 0.2154176666333568	false	1.0
eine			__DUMMY__ 0.47782427013207845 neg 0.307836915728505 off 0.21433881413941644	false	0.0
nille	neg 1.0		__DUMMY__ 0.47318879982291057 neg 0.30714909639528115 off 0.21966210378180812	false	1.0
qual	neg 1.0		__DUMMY__ 0.4763472814935626 neg 0.3035799007132195 off 0.22007281779321786	false	1.0
verschwenden	neg 1.0		__DUMMY__ 0.47607934396979995 neg 0.30799560946276466 off 0.2159250465674353	false	1.0
riesig	neg 1.0		__DUMMY__ 0.4762012938761155 neg 0.3046811901038727 off 0.21911751602001203	false	1.0
verurteilen	neg 1.0		__DUMMY__ 0.47322925316487713 neg 0.30975859916325005 off 0.21701214767187282	false	1.0
klischee	neg 1.0	neg 1.0	neg 0.6431884248155446 __DUMMY__ 0.23034112814349939 off 0.12647044704095597	false	1.0
diktatorisch	neg 1.0		__DUMMY__ 0.46935125806460215 neg 0.3107068159722164 off 0.2199419259631813	false	1.0
vorhersehbar	neg 1.0		__DUMMY__ 0.4724525157781432 neg 0.30629765788221613 off 0.22124982633964063	false	1.0
sowie			__DUMMY__ 0.4699004906361801 neg 0.2989564289661051 off 0.23114308039771478	false	0.0
stornieren	neg 1.0		__DUMMY__ 0.47728545889863744 neg 0.2994130764305237 off 0.22330146467083895	false	1.0
besteuerung	neg 1.0		__DUMMY__ 0.4738542597828742 neg 0.3050526689795803 off 0.22109307123754549	false	1.0
ungeschminkt	neg 1.0		__DUMMY__ 0.4737124933469923 neg 0.3002274726896815 off 0.22606003396332613	false	1.0
kritisch	neg 1.0		__DUMMY__ 0.47423508672579073 neg 0.3100651006277494 off 0.21569981264645982	false	1.0
schlamperei	off 1.0		__DUMMY__ 0.4742375924356771 neg 0.3092784275132594 off 0.21648398005106356	false	0.5
sucht	neg 1.0	neg 1.0	neg 0.6381346994126716 __DUMMY__ 0.23454291289519516 off 0.12732238769213314	false	1.0
egoistisch	off 1.0		__DUMMY__ 0.47260481861764325 neg 0.296398287161385 off 0.2309968942209718	false	0.5
ausbeuter	off 1.0		__DUMMY__ 0.4735529097624874 neg 0.3116608909677977 off 0.21478619926971493	false	0.5
arschgeburt	off 1.0		__DUMMY__ 0.46685520210011827 neg 0.29419172780383945 off 0.23895307009604225	false	0.5
schubs	neg 1.0	neg 1.0	neg 0.6421901446238473 __DUMMY__ 0.23403775355741943 off 0.12377210181873327	false	1.0
unsolide	neg 1.0		__DUMMY__ 0.46782352846933284 neg 0.30887756706616054 off 0.22329890446450656	false	1.0
beschwerde	neg 1.0		__DUMMY__ 0.4742891740701016 neg 0.30837597929916716 off 0.21733484663073124	false	1.0
stocken	neg 1.0		__DUMMY__ 0.47640067180834134 neg 0.30627271683823676 off 0.217326611353422	false	1.0
isolieren	neg 1.0		__DUMMY__ 0.4777291916236301 neg 0.30245916124649924 off 0.21981164712987072	false	1.0
unheilbar	neg 1.0		__DUMMY__ 0.47456416779288657 neg 0.30517122780004363 off 0.2202646044070699	false	1.0
pisser	off 1.0		__DUMMY__ 0.47136608877490044 neg 0.30000888188271446 off 0.22862502934238502	false	0.5
löschen	neg 1.0		__DUMMY__ 0.4749243359457888 neg 0.303917242173205 off 0.22115842188100626	false	1.0
durchfallen	neg 1.0		__DUMMY__ 0.4758871829108802 neg 0.3076989688712929 off 0.21641384821782686	false	1.0
wichser	off 1.0		__DUMMY__ 0.47059565933913333 neg 0.29385401990283744 off 0.23555032075802923	false	0.5
terror	neg 1.0		__DUMMY__ 0.47675383468343613 neg 0.2987736626709616 off 0.2244725026456023	false	1.0
krass	neg 1.0		__DUMMY__ 0.4733705209459399 neg 0.29771011235857114 off 0.228919366695489	false	1.0
revolte	neg 1.0	neg 1.0	neg 0.6456683938458888 __DUMMY__ 0.22820102332205836 off 0.12613058283205278	false	1.0
besorgt	neg 1.0		__DUMMY__ 0.479852879151557 neg 0.30094077551454584 off 0.21920634533389705	false	1.0
nachlassen	neg 1.0		__DUMMY__ 0.4772127666240984 neg 0.3047680866509181 off 0.21801914672498351	false	1.0
alt	neg 1.0		__DUMMY__ 0.479330650350533 neg 0.3040673635486526 off 0.21660198610081455	false	1.0
hundesohn	off 1.0		__DUMMY__ 0.4686172241616931 neg 0.29706669735409996 off 0.23431607848420685	false	0.5
als			__DUMMY__ 0.4773521752166517 neg 0.3050031300504661 off 0.21764469473288206	false	0.0
abschreckung	neg 1.0		__DUMMY__ 0.4751445803598559 neg 0.31062134746528774 off 0.2142340721748564	false	1.0
unqualifiziert	neg 1.0		__DUMMY__ 0.47313204045219315 neg 0.3049848115586532 off 0.22188314798915365	false	1.0
abgewichst	off 1.0		__DUMMY__ 0.4748534895184886 neg 0.30620963982112914 off 0.2189368706603823	false	0.5
schwer	neg 1.0		__DUMMY__ 0.4765432340875942 neg 0.3040334353680248 off 0.21942333054438107	false	1.0
bedeutungslosigkeit	neg 1.0		__DUMMY__ 0.4744621335953193 neg 0.31082626947646147 off 0.2147115969282192	false	1.0
kapitulation	neg 1.0		__DUMMY__ 0.4708127452740945 neg 0.3131162762391214 off 0.21607097848678422	false	1.0
unscharf	neg 1.0		__DUMMY__ 0.4750528825138808 neg 0.3019864347254068 off 0.2229606827607126	false	1.0
schwinden	neg 1.0		__DUMMY__ 0.4761810991511002 neg 0.30829610410834557 off 0.2155227967405544	false	1.0
versklavung	neg 1.0	neg 1.0	neg 0.6456971295179096 __DUMMY__ 0.22928409415150416 off 0.12501877633058625	false	1.0
schlecht	neg 1.0		__DUMMY__ 0.47531988080118526 neg 0.2984867847769344 off 0.22619333442188033	false	1.0
verhasst	neg 1.0		__DUMMY__ 0.4732469758512153 neg 0.3071108996355094 off 0.21964212451327542	false	1.0
beschweren	neg 1.0		__DUMMY__ 0.47599555052661907 neg 0.3023956008627959 off 0.22160884861058505	false	1.0
scheiden	neg 1.0		__DUMMY__ 0.47617178385041214 neg 0.30455858102036953 off 0.2192696351292184	false	1.0
frustriert	neg 1.0		__DUMMY__ 0.4760084155834909 neg 0.3057236308875746 off 0.21826795352893458	false	1.0
schimmelig	neg 1.0		__DUMMY__ 0.4755082101465923 neg 0.30808227043168246 off 0.21640951942172537	false	1.0
fisch	neg 1.0	neg 1.0	neg 0.6420153259299534 __DUMMY__ 0.2341395844833262 off 0.12384508958672048	false	1.0
schmuggel	neg 1.0		__DUMMY__ 0.4785668536061057 neg 0.3057627469871165 off 0.2156703994067779	false	1.0
auffallen	neg 1.0		__DUMMY__ 0.47553228977287226 neg 0.30244302167891113 off 0.22202468854821666	false	1.0
konkurrenz	neg 1.0		__DUMMY__ 0.4780683571295809 neg 0.3072698709981668 off 0.21466177187225233	false	1.0
teufelskreis	neg 1.0		__DUMMY__ 0.47484724714877724 neg 0.30689187939043294 off 0.21826087346078987	false	1.0
aufschreien	neg 1.0		__DUMMY__ 0.47352647647438456 neg 0.30497544641012175 off 0.2214980771154936	false	1.0
schuldner	neg 1.0		__DUMMY__ 0.4738752242134035 neg 0.3104642862706477 off 0.21566048951594882	false	1.0
missgeburt	off 1.0	off 1.0	off 0.6016240543436457 __DUMMY__ 0.22927859332366232 neg 0.16909735233269205	false	1.0
arbeitslos	neg 1.0		__DUMMY__ 0.47485988798148243 neg 0.3079320732996213 off 0.2172080387188964	false	1.0
befallen	neg 1.0		__DUMMY__ 0.4717707457310199 neg 0.3115097342565063 off 0.2167195200124737	false	1.0
miesepetrig	off 1.0		__DUMMY__ 0.4757985870571361 neg 0.29831196296308665 off 0.2258894499797772	false	0.5
alarmieren	neg 1.0		__DUMMY__ 0.4724575782496414 neg 0.3027621343401915 off 0.2247802874101672	false	1.0
ungeduscht	off 1.0		__DUMMY__ 0.4753456867648018 neg 0.3015008500263237 off 0.22315346320887447	false	0.5
knappheit	neg 1.0		__DUMMY__ 0.47498479175199354 neg 0.30727529298303696 off 0.21773991526496958	false	1.0
schlange	neg 1.0		__DUMMY__ 0.47737238609492666 neg 0.3009095008589906 off 0.22171811304608272	false	1.0
harsch	neg 1.0		__DUMMY__ 0.4741381376490187 neg 0.2933644773607798 off 0.2324973849902015	false	1.0
lang	neg 1.0		__DUMMY__ 0.47553567995958185 neg 0.3030792838137858 off 0.22138503622663236	false	1.0
ziellos	neg 1.0		__DUMMY__ 0.47672591508139106 neg 0.3062531318864577 off 0.2170209530321511	false	1.0
selbstverliebt	neg 1.0		__DUMMY__ 0.4676101304967597 neg 0.29630108187777593 off 0.2360887876254643	false	1.0
beseitigen	neg 1.0		__DUMMY__ 0.4780959650046346 neg 0.3000360633423659 off 0.22186797165299962	false	1.0
dumm	off 1.0		__DUMMY__ 0.4715249928706515 neg 0.29697760288831737 off 0.23149740424103107	false	0.5
arbeitsloser	neg 1.0		__DUMMY__ 0.4752797917052284 neg 0.3082951191200717 off 0.21642508917469985	false	1.0
blitzen	neg 1.0		__DUMMY__ 0.4740244316751803 neg 0.30222724019717 off 0.22374832812764966	false	1.0
hilflos	neg 1.0		__DUMMY__ 0.47630555098942856 neg 0.3057519589708136 off 0.21794249003975782	false	1.0
eklig	off 1.0		__DUMMY__ 0.4705434709219275 neg 0.2972252436523967 off 0.23223128542567573	false	0.5
begriff			__DUMMY__ 0.47511132870571277 neg 0.3067855548221339 off 0.21810311647215352	false	0.0
hungersnot	neg 1.0		__DUMMY__ 0.470476728304141 neg 0.311006094253575 off 0.21851717744228402	false	1.0
ungesetzlich	neg 1.0		__DUMMY__ 0.47015111548852856 neg 0.30824724798840797 off 0.22160163652306358	false	1.0
verschwendung	neg 1.0		__DUMMY__ 0.4762127859154681 neg 0.3087325447041711 off 0.21505466938036083	false	1.0
schmerzvoll	neg 1.0		__DUMMY__ 0.47587065240848003 neg 0.30259531538941686 off 0.22153403220210308	false	1.0
vorzeitig	neg 1.0		__DUMMY__ 0.47489515377025077 neg 0.2991633538186867 off 0.22594149241106248	false	1.0
unvollkommenheit	neg 1.0		__DUMMY__ 0.4754555503601681 neg 0.3043965940683623 off 0.22014785557146946	false	1.0
intervenieren	neg 1.0		__DUMMY__ 0.4729937617062482 neg 0.31191905912189893 off 0.2150871791718529	false	1.0
banause	off 1.0		__DUMMY__ 0.46977695061315056 neg 0.2965730722951534 off 0.23364997709169594	false	0.5
rebell	neg 1.0		__DUMMY__ 0.4777054596961472 neg 0.3076777928961649 off 0.21461674740768774	false	1.0
unlogisch	neg 1.0		__DUMMY__ 0.4726344836955388 neg 0.299454173843546 off 0.22791134246091516	false	1.0
leiden	neg 1.0	neg 1.0	neg 0.6408670784994807 __DUMMY__ 0.2363893499878094 off 0.12274357151270998	false	1.0
abschaffung	neg 1.0		__DUMMY__ 0.4729856901732825 neg 0.30645389819866603 off 0.22056041162805146	false	1.0
sturz	neg 1.0		__DUMMY__ 0.4725115628911526 neg 0.30647580370459077 off 0.22101263340425675	false	1.0
verkleinerung	neg 1.0		__DUMMY__ 0.47132494609922704 neg 0.3051175179892226 off 0.22355753591155036	false	1.0
schmarotzer	off 1.0		__DUMMY__ 0.47372753411323637 neg 0.3098354671273529 off 0.21643699875941064	false	0.5
bestrafung	neg 1.0		__DUMMY__ 0.47441147551239266 neg 0.30473998398568125 off 0.22084854050192618	false	1.0
achtlos	neg 1.0		__DUMMY__ 0.47732884425534206 neg 0.3030383093821987 off 0.21963284636245922	false	1.0
ungeheuer	neg 1.0		__DUMMY__ 0.4744398768082486 neg 0.303571223986537 off 0.22198889920521428	false	1.0
unaufrichtig	neg 1.0		__DUMMY__ 0.4710968750774401 neg 0.3066531112816888 off 0.22225001364087107	false	1.0
groggy	neg 1.0		__DUMMY__ 0.4744221799399086 neg 0.30181385401597294 off 0.2237639660441186	false	1.0
verletzlich	neg 1.0		__DUMMY__ 0.47393908374232346 neg 0.30002779915674466 off 0.22603311710093188	false	1.0
