unsolidarisch	neg 1.0		__DUMMY__ 0.9242845029888775 neg 0.04569763870477347 off 0.030017858306348937	false	1.0
nachteilig	neg 1.0		__DUMMY__ 0.9314839011026208 neg 0.04131502280635194 off 0.027201076091027246	false	1.0
skeptisch	neg 1.0		__DUMMY__ 0.9331061339950238 neg 0.04162408851211287 off 0.025269777492863337	false	1.0
schrecklich	neg 1.0		__DUMMY__ 0.9288877257980357 neg 0.03679612076302565 off 0.03431615343893863	false	1.0
schlapp	neg 1.0		__DUMMY__ 0.9329420572589204 neg 0.03610109195982974 off 0.030956850781249753	false	1.0
abfall	neg 1.0		__DUMMY__ 0.933531003092717 neg 0.042300025874397844 off 0.024168971032885105	false	1.0
widerspenstig	neg 1.0		__DUMMY__ 0.9342338956185392 neg 0.03773060709037724 off 0.028035497291083542	false	1.0
abrupt	neg 1.0		__DUMMY__ 0.9349184860160056 neg 0.03786154587901928 off 0.027219968104975074	false	1.0
unwirksam	neg 1.0		__DUMMY__ 0.9268910215359438 neg 0.043588391721459015 off 0.02952058674259717	false	1.0
angreifen	neg 1.0		__DUMMY__ 0.9312433094302666 neg 0.04229404387809643 off 0.026462646691636976	false	1.0
inkonsistent	neg 1.0		__DUMMY__ 0.929975175989442 neg 0.03995403574016935 off 0.03007078827038865	false	1.0
abrutschen	neg 1.0		__DUMMY__ 0.9345360626472604 neg 0.04127234371456624 off 0.024191593638173296	false	1.0
unsicher	neg 1.0		__DUMMY__ 0.9324432241481877 neg 0.03894619338696728 off 0.028610582464844922	false	1.0
bauernkind	off 1.0		__DUMMY__ 0.9248787104168676 neg 0.0385861448639982 off 0.03653514471913413	false	0.5
angreifer	neg 1.0		__DUMMY__ 0.9283459153231655 neg 0.040460951842611774 off 0.03119313283422272	false	1.0
trennen	neg 1.0		__DUMMY__ 0.9363641980561058 neg 0.0382551059818967 off 0.025380695961997487	false	1.0
schmutz	neg 1.0		__DUMMY__ 0.9366169073855899 neg 0.0317169943455228 off 0.03166609826888734	false	1.0
inkonsistenz	neg 1.0	neg 1.0	neg 0.5065206325867022 __DUMMY__ 0.4652160211011969 off 0.0282633463121008	false	1.0
erschreckend	neg 1.0		__DUMMY__ 0.9307303273690878 neg 0.04123410052418487 off 0.02803557210672741	false	1.0
ertrinken	neg 1.0		__DUMMY__ 0.9343256535793462 neg 0.039291668910166076 off 0.026382677510487756	false	1.0
pickelface	off 1.0		__DUMMY__ 0.9300499009097465 neg 0.04045426178425004 off 0.029495837306003518	false	0.5
seiner			__DUMMY__ 0.9325173407010643 neg 0.04138283569690826 off 0.026099823602027474	false	0.0
lauch	neg 1.0		__DUMMY__ 0.9339202520073486 neg 0.04129184293767431 off 0.024787905054977157	false	1.0
unwichtig	neg 1.0		__DUMMY__ 0.9297993331468086 neg 0.03852800320757879 off 0.031672663645612616	false	1.0
steuerhinterziehung	neg 1.0		__DUMMY__ 0.9275583699527044 neg 0.04361369115005056 off 0.028827938897245012	false	1.0
schock	neg 1.0		__DUMMY__ 0.9349611271646605 neg 0.037829951415397266 off 0.02720892141994214	false	1.0
beule	neg 1.0		__DUMMY__ 0.9327277516592362 neg 0.0355215956569113 off 0.031750652683852465	false	1.0
vergelten	neg 1.0		__DUMMY__ 0.926501392027279 neg 0.0377592245296648 off 0.03573938344305627	false	1.0
verdorbenheit	neg 1.0		__DUMMY__ 0.934728193007259 neg 0.036286818846734535 off 0.02898498814600644	false	1.0
trauma	neg 1.0		__DUMMY__ 0.9310190657280482 neg 0.039087670897026895 off 0.029893263374924987	false	1.0
sinnlos	neg 1.0		__DUMMY__ 0.9308761788339756 neg 0.03900930387900621 off 0.030114517287018288	false	1.0
fettsack	off 1.0	off 1.0	off 0.502547024864879 __DUMMY__ 0.46304515768185694 neg 0.03440781745326418	false	1.0
feige	off 1.0		__DUMMY__ 0.9283032699666312 neg 0.040120921599620704 off 0.031575808433748125	false	0.5
abdanken	neg 1.0		__DUMMY__ 0.9253170665799891 neg 0.04542035913226361 off 0.029262574287747374	false	1.0
wichtigtuer	off 1.0	off 1.0	off 0.49744268504494643 __DUMMY__ 0.46495156561511075 neg 0.0376057493399428	false	1.0
misslingen	neg 1.0		__DUMMY__ 0.9349512297409525 neg 0.03540545947541293 off 0.029643310783634573	false	1.0
untreu	off 1.0		__DUMMY__ 0.93005576963066 neg 0.03782592288755038 off 0.03211830748178963	false	0.5
missmutig	neg 1.0		__DUMMY__ 0.9324512728469843 neg 0.03665097849654461 off 0.03089774865647111	false	1.0
hurenbock	off 1.0		__DUMMY__ 0.9357984167411576 neg 0.035262217235527 off 0.028939366023315437	false	0.5
betrunken	neg 1.0		__DUMMY__ 0.9314253862871283 neg 0.03591022064404147 off 0.03266439306883019	false	1.0
korrupt	off 1.0		__DUMMY__ 0.926750988006961 neg 0.04516382605531794 off 0.028085185937721052	false	0.5
unmut	neg 1.0		__DUMMY__ 0.9328904239660853 neg 0.042231232850337315 off 0.024878343183577258	false	1.0
hackfresse	off 1.0		__DUMMY__ 0.9275836525644867 off 0.036537753186778585 neg 0.03587859424873473	false	1.0
aufblasen	neg 1.0		__DUMMY__ 0.9335065450915696 neg 0.037277928419350494 off 0.029215526489079987	false	1.0
gewaltsam	neg 1.0		__DUMMY__ 0.9280503696170573 neg 0.04211725777628648 off 0.029832372606656145	false	1.0
unbeliebtheit	neg 1.0		__DUMMY__ 0.9216874129659641 neg 0.04440121782329616 off 0.033911369210739686	false	1.0
sturheit	neg 1.0		__DUMMY__ 0.9286946993209239 neg 0.04289762671438776 off 0.028407673964688424	false	1.0
kuh	neg 1.0		__DUMMY__ 0.9297069046457531 neg 0.04099044737347372 off 0.029302647980773103	false	1.0
erschrecken	neg 1.0		__DUMMY__ 0.931948392097498 neg 0.03725323150419379 off 0.030798376398308246	false	1.0
opfer	neg 1.0	neg 1.0	neg 0.507715012485415 __DUMMY__ 0.4680873605345589 off 0.024197626980026143	false	1.0
sinken	neg 1.0		__DUMMY__ 0.9332779255715665 neg 0.0416117663180032 off 0.025110308110430354	false	1.0
stinktier	neg 1.0		__DUMMY__ 0.9270594191069196 neg 0.038425569236981635 off 0.0345150116560988	false	1.0
tucke	off 1.0		__DUMMY__ 0.9291649685210468 off 0.036483469675238 neg 0.03435156180371515	false	1.0
ein			__DUMMY__ 0.935465180623074 neg 0.03604572964811488 off 0.0284890897288111	false	0.0
abstieg	neg 1.0		__DUMMY__ 0.9296142676243069 neg 0.042377986904012885 off 0.028007745471680123	false	1.0
missverstehen	neg 1.0		__DUMMY__ 0.9287017343055995 neg 0.04107040576051078 off 0.03022785993388972	false	1.0
ergebnislos	neg 1.0		__DUMMY__ 0.9310522369277883 neg 0.041345593661030945 off 0.027602169411180797	false	1.0
unter			__DUMMY__ 0.9393952211245621 neg 0.039231876838473706 off 0.021372902036964198	false	0.0
manipulieren	neg 1.0		__DUMMY__ 0.9314212300446095 neg 0.042283818197964715 off 0.026294951757425758	false	1.0
unbewiesen	neg 1.0		__DUMMY__ 0.9237283300985428 neg 0.04636314964044174 off 0.029908520261015405	false	1.0
verschleppen	neg 1.0		__DUMMY__ 0.9304080701733228 neg 0.04209605706443472 off 0.02749587276224243	false	1.0
weib	off 1.0		__DUMMY__ 0.9263736822628014 off 0.037390004159918624 neg 0.036236313577279904	false	1.0
opposition	neg 1.0		__DUMMY__ 0.9264017075737199 neg 0.04345623536870004 off 0.030142057057580086	false	1.0
verkehrswidrig	neg 1.0		__DUMMY__ 0.930461071439751 off 0.03492507954382784 neg 0.03461384901642121	false	0.5
inkorrekt	neg 1.0		__DUMMY__ 0.9247456774050047 neg 0.04240338768823323 off 0.03285093490676211	false	1.0
vermeiden	neg 1.0		__DUMMY__ 0.9366381572485869 neg 0.04033212232232348 off 0.023029720429089653	false	1.0
abweichung	neg 1.0		__DUMMY__ 0.9266620586878607 neg 0.04554819587283041 off 0.027789745439308816	false	1.0
alkoholisiert	neg 1.0		__DUMMY__ 0.9337102828559309 neg 0.03965073458787238 off 0.026638982556196664	false	1.0
scheiss	off 1.0	off 1.0	off 0.4993289578930512 __DUMMY__ 0.46687706600141593 neg 0.03379397610553293	false	1.0
herausforderung	neg 1.0		__DUMMY__ 0.9375615530718285 neg 0.03559087283207733 off 0.026847574096094125	false	1.0
pervers	off 1.0		__DUMMY__ 0.9258151813689961 off 0.03925651152546051 neg 0.034928307105543385	false	1.0
wackelig	neg 1.0		__DUMMY__ 0.9370531943043794 neg 0.03643101678904858 off 0.026515788906571938	false	1.0
verwickeln	neg 1.0		__DUMMY__ 0.9300677372426664 neg 0.03991008733614076 off 0.030022175421192884	false	1.0
vorwand	neg 1.0		__DUMMY__ 0.9317269956506916 neg 0.042849699679024855 off 0.0254233046702835	false	1.0
muschi	off 1.0		__DUMMY__ 0.9296448102331031 neg 0.04109606047369117 off 0.02925912929320578	false	0.5
entmutigung	neg 1.0		__DUMMY__ 0.9212437590307799 neg 0.04726714227252461 off 0.031489098696695556	false	1.0
unangemessen	neg 1.0		__DUMMY__ 0.9287211180359655 neg 0.04366915850754908 off 0.027609723456485408	false	1.0
unstetig	neg 1.0		__DUMMY__ 0.9290080209421819 neg 0.03987658169075351 off 0.03111539736706451	false	1.0
entmutigen	neg 1.0		__DUMMY__ 0.9321050728211657 neg 0.03855613940084216 off 0.029338787777992127	false	1.0
schwanz	neg 1.0		__DUMMY__ 0.9323833312226946 neg 0.04021211455246757 off 0.02740455422483785	false	1.0
verbot	neg 1.0		__DUMMY__ 0.9278548747366233 neg 0.04376852096551619 off 0.02837660429786042	false	1.0
leid	neg 1.0		__DUMMY__ 0.928403474465931 neg 0.036307219019146145 off 0.035289306514922805	false	1.0
archaisch	neg 1.0		__DUMMY__ 0.929176045468437 neg 0.043011116727354394 off 0.027812837804208602	false	1.0
gegen			__DUMMY__ 0.9309285252039127 neg 0.043127723391587214 off 0.025943751404500018	false	0.0
scheidung	neg 1.0	neg 1.0	neg 0.4969647923834607 __DUMMY__ 0.4624040080058309 off 0.04063119961070837	false	1.0
einschlag	neg 1.0		__DUMMY__ 0.9286554368610697 neg 0.036263280801547525 off 0.035081282337382724	false	1.0
m			__DUMMY__ 0.9334937897982537 neg 0.03884150901300965 off 0.02766470118873668	false	0.0
abgestanden	neg 1.0		__DUMMY__ 0.9337115051749235 neg 0.03847594300219215 off 0.027812551822884318	false	1.0
schmierig	off 1.0		__DUMMY__ 0.9298358690152586 neg 0.03566998068708428 off 0.03449415029765706	false	0.5
unpraktisch	neg 1.0		__DUMMY__ 0.934220995358898 neg 0.036803218948101284 off 0.028975785693000765	false	1.0
wixxer	off 1.0		__DUMMY__ 0.9240328225112773 off 0.03946214551739278 neg 0.0365050319713299	false	1.0
bezeichnet			__DUMMY__ 0.929456906024973 neg 0.0420074006172305 off 0.028535693357796425	false	0.0
jammerlappen	off 1.0		__DUMMY__ 0.9302912279326945 neg 0.03809021125018711 off 0.031618560817118384	false	0.5
farce	neg 1.0		__DUMMY__ 0.9240975181907282 neg 0.047094916960251684 off 0.028807564849020112	false	1.0
zwecklos	neg 1.0		__DUMMY__ 0.9298316717569133 neg 0.042866341154665914 off 0.027301987088420795	false	1.0
turbulent	neg 1.0		__DUMMY__ 0.9282247680243126 neg 0.03769676580287812 off 0.03407846617280931	false	1.0
invasion	neg 1.0		__DUMMY__ 0.9323301784571042 neg 0.0369737869076208 off 0.03069603463527497	false	1.0
schuld	neg 1.0		__DUMMY__ 0.9304888154942622 neg 0.04014146402515057 off 0.029369720480587246	false	1.0
risiko	neg 1.0		__DUMMY__ 0.9342149202718311 neg 0.03504242222096202 off 0.030742657507206936	false	1.0
finster	neg 1.0		__DUMMY__ 0.9342488262642997 neg 0.03761051075191624 off 0.02814066298378397	false	1.0
geisteskrank	off 1.0		__DUMMY__ 0.9264534960733775 neg 0.040523210491204144 off 0.03302329343541838	false	0.5
zusammenbrechen	neg 1.0		__DUMMY__ 0.9331056723555193 neg 0.03915299302385039 off 0.02774133462063028	false	1.0
ausbeute	neg 1.0		__DUMMY__ 0.9355453778489614 neg 0.03809818849121003 off 0.026356433659828482	false	1.0
hinterhalt	neg 1.0		__DUMMY__ 0.9316033950997064 neg 0.039065267081580826 off 0.029331337818712826	false	1.0
kritik	neg 1.0		__DUMMY__ 0.9254990890465341 neg 0.04576034818309482 off 0.028740562770370952	false	1.0
einschrumpfen	neg 1.0		__DUMMY__ 0.9262766291300977 neg 0.042089888819716995 off 0.0316334820501853	false	1.0
riskant	neg 1.0		__DUMMY__ 0.9325497949942223 neg 0.04109519397099995 off 0.02635501103477774	false	1.0
frustrieren	neg 1.0		__DUMMY__ 0.9314502220020769 neg 0.04218941688135928 off 0.026360361116563716	false	1.0
groll	neg 1.0		__DUMMY__ 0.9303495845387368 neg 0.04222668177491958 off 0.027423733686343616	false	1.0
gibt			__DUMMY__ 0.9313283968583091 neg 0.04103947616219594 off 0.027632126979494947	false	0.0
qualvoll	neg 1.0		__DUMMY__ 0.932408082258708 neg 0.03764996806868311 off 0.02994194967260891	false	1.0
wackeln	neg 1.0		__DUMMY__ 0.9352922449095518 neg 0.03590909840135885 off 0.02879865668908937	false	1.0
klagen	neg 1.0		__DUMMY__ 0.931414629788056 neg 0.04316056532278813 off 0.02542480488915583	false	1.0
bankrott	neg 1.0		__DUMMY__ 0.9318333019021362 neg 0.03662019833510956 off 0.03154649976275419	false	1.0
trauern	neg 1.0		__DUMMY__ 0.9329823431529232 neg 0.040572476974868495 off 0.026445179872208343	false	1.0
ablehnung	neg 1.0	neg 1.0	neg 0.5109961105578127 __DUMMY__ 0.4629711721250977 off 0.02603271731708959	false	1.0
stur	neg 1.0		__DUMMY__ 0.9308542745421059 neg 0.03955617824525532 off 0.02958954721263879	false	1.0
aufruhr	neg 1.0		__DUMMY__ 0.9271246136608593 neg 0.04327194567974369 off 0.02960344065939703	false	1.0
melancholie	neg 1.0		__DUMMY__ 0.9353569349080364 neg 0.038055798805529555 off 0.02658726628643401	false	1.0
ist			__DUMMY__ 0.9301916977355003 neg 0.04015467163620869 off 0.02965363062829113	false	0.0
torheit	neg 1.0		__DUMMY__ 0.9249743964744236 neg 0.04481533112632086 off 0.03021027239925553	false	1.0
dreckskind	off 1.0		__DUMMY__ 0.9234081102063983 neg 0.04047688263340618 off 0.03611500716019549	false	0.5
umtauschen	neg 1.0		__DUMMY__ 0.9337345076885087 neg 0.03845744989744557 off 0.027808042414045653	false	1.0
zum			__DUMMY__ 0.9397421714877654 neg 0.03708281517510579 off 0.023175013337128757	false	0.0
zersetzen	neg 1.0		__DUMMY__ 0.9313295963734269 neg 0.04280396339678456 off 0.025866440229788464	false	1.0
zur			__DUMMY__ 0.9341111292347993 neg 0.042228456725569796 off 0.023660414039630814	false	0.0
frust	neg 1.0		__DUMMY__ 0.9323856178741528 neg 0.039938926574688165 off 0.027675455551159193	false	1.0
unerbittlichkeit	neg 1.0		__DUMMY__ 0.9305111491403971 neg 0.04297846677264887 off 0.0265103840869539	false	1.0
zwei			__DUMMY__ 0.9372074506861362 neg 0.038398540368822544 off 0.024394008945041176	false	0.0
unkorrekt	neg 1.0		__DUMMY__ 0.9265149673834994 neg 0.04037295754819227 off 0.033112075068308267	false	1.0
hexe	off 1.0		__DUMMY__ 0.9310394849368854 neg 0.03738926330302153 off 0.03157125176009309	false	0.5
lasch	neg 1.0		__DUMMY__ 0.9284660900521149 neg 0.0404952481091667 off 0.031038661838718395	false	1.0
rivale	neg 1.0		__DUMMY__ 0.9274125341245035 neg 0.03794541887339326 off 0.03464204700210324	false	1.0
mutlos	off 1.0	off 1.0	off 0.4947602524534811 __DUMMY__ 0.46519097654993735 neg 0.040048770996581655	false	1.0
wirr	off 1.0		__DUMMY__ 0.9265038800937163 neg 0.03950683607717778 off 0.033989283829105946	false	0.5
jahr			__DUMMY__ 0.9356738330086578 neg 0.03845458101992751 off 0.025871585971414725	false	0.0
wird			__DUMMY__ 0.9320075171905274 neg 0.04135553967433679 off 0.026636943135135677	false	0.0
strafbar	neg 1.0		__DUMMY__ 0.9290709236798391 neg 0.04406936752633438 off 0.026859708793826566	false	1.0
erosion	neg 1.0		__DUMMY__ 0.9334124537441408 neg 0.03704032133045243 off 0.02954722492540666	false	1.0
eingehen	neg 1.0		__DUMMY__ 0.9303625734465409 neg 0.042526005479358114 off 0.02711142107410086	false	1.0
faul	off 1.0		__DUMMY__ 0.9336968486698703 neg 0.035411924490300374 off 0.030891226839829283	false	0.5
provisorium	neg 1.0		__DUMMY__ 0.9376214723140229 neg 0.04137270678177437 off 0.021005820904202735	false	1.0
schmerzen	neg 1.0		__DUMMY__ 0.9334811089994997 neg 0.03920100489863832 off 0.027317886101861963	false	1.0
schrumpfen	neg 1.0		__DUMMY__ 0.9351024492072744 neg 0.041537436428238435 off 0.023360114364487226	false	1.0
geistlos	off 1.0		__DUMMY__ 0.923962595305966 neg 0.044759679670269274 off 0.03127772502376472	false	0.5
fehlkauf	neg 1.0		__DUMMY__ 0.9297298896134051 neg 0.03952591622097256 off 0.03074419416562237	false	1.0
frustrierend	neg 1.0	neg 1.0	neg 0.5047138299643457 __DUMMY__ 0.46718798384639 off 0.02809818618926442	false	1.0
unzufrieden	neg 1.0		__DUMMY__ 0.9310465951794955 neg 0.04167232864331702 off 0.02728107617718753	false	1.0
verzweifeln	neg 1.0		__DUMMY__ 0.9322006725285344 neg 0.03953274577785412 off 0.02826658169361145	false	1.0
verzweifelt	neg 1.0		__DUMMY__ 0.9308690418490386 neg 0.03965146867836641 off 0.029479489472594957	false	1.0
misstrauensantrag	neg 1.0		__DUMMY__ 0.9282872870856324 neg 0.04110187556601687 off 0.03061083734835089	false	1.0
abfallen	neg 1.0		__DUMMY__ 0.9357672183687337 neg 0.035616824670337485 off 0.028615956960928838	false	1.0
fucker	off 1.0		__DUMMY__ 0.9278395615284918 neg 0.038057369857850874 off 0.034103068613657354	false	0.5
ungezogen	neg 1.0		__DUMMY__ 0.9278293636635949 off 0.037449108136614895 neg 0.0347215281997902	false	0.5
irrsinnig	neg 1.0	neg 1.0	neg 0.507656545853955 __DUMMY__ 0.46569444552301476 off 0.02664900862303016	false	1.0
unfassbar	neg 1.0		__DUMMY__ 0.9299572471654183 neg 0.0381501012308705 off 0.03189265160371112	false	1.0
hart	neg 1.0		__DUMMY__ 0.928937404294704 neg 0.0392795226777892 off 0.031783073027506915	false	1.0
widerlich	off 1.0		__DUMMY__ 0.9284891511360049 neg 0.03892902564230457 off 0.03258182322169054	false	0.5
fatal	neg 1.0		__DUMMY__ 0.9299559106700152 neg 0.039338680152016775 off 0.03070540917796812	false	1.0
bruch	neg 1.0		__DUMMY__ 0.9296574732948135 neg 0.04509709905181005 off 0.02524542765337643	false	1.0
aushungern	neg 1.0		__DUMMY__ 0.9273864057902342 neg 0.04289886225039276 off 0.029714731959373037	false	1.0
anspannung	neg 1.0		__DUMMY__ 0.9355482137351212 neg 0.040321603190138465 off 0.024130183074740328	false	1.0
von			__DUMMY__ 0.9360940063337243 neg 0.03861059301217377 off 0.0252954006541019	false	0.0
kraftlos	neg 1.0		__DUMMY__ 0.9358212998907479 neg 0.0376397207532813 off 0.026538979355970722	false	1.0
vom			__DUMMY__ 0.938897703796864 neg 0.039464122048203557 off 0.021638174154932476	false	0.0
grenzdebil	off 1.0		__DUMMY__ 0.9309777533855048 neg 0.03650067671843714 off 0.03252156989605805	false	0.5
vor			__DUMMY__ 0.9346570353843509 neg 0.040464849511487225 off 0.024878115104161914	false	0.0
unterwerfen	neg 1.0		__DUMMY__ 0.9307279558659151 neg 0.042424431087941826 off 0.02684761304614305	false	1.0
versenkung	neg 1.0		__DUMMY__ 0.93178692067287 neg 0.041670951451257224 off 0.02654212787587284	false	1.0
entziehen	neg 1.0		__DUMMY__ 0.9319077981539126 neg 0.04302485733432314 off 0.025067344511764258	false	1.0
finanzkrise	neg 1.0		__DUMMY__ 0.9266197098361433 neg 0.04432036829233359 off 0.029059921871523137	false	1.0
schimpfend	neg 1.0		__DUMMY__ 0.9370054780375445 neg 0.03407645723483654 off 0.028918064727618886	false	1.0
profan	neg 1.0		__DUMMY__ 0.9308184334280427 neg 0.039204968793322185 off 0.02997659777863516	false	1.0
korruption	neg 1.0		__DUMMY__ 0.9272515776309959 neg 0.04471961259468433 off 0.028028809774319867	false	1.0
â			__DUMMY__ 0.9333686214206335 neg 0.039560498878212204 off 0.027070879701154276	false	0.0
schmutzig	neg 1.0		__DUMMY__ 0.933261291738041 neg 0.03473561436252222 off 0.03200309389943682	false	1.0
sexy	neg 1.0		__DUMMY__ 0.930993850895849 neg 0.03755784137939514 off 0.031448307724755854	false	1.0
abraten	neg 1.0		__DUMMY__ 0.9328744172799505 neg 0.037864725788155404 off 0.029260856931894192	false	1.0
schwarz	neg 1.0		__DUMMY__ 0.9304013465360124 neg 0.039537076038122516 off 0.030061577425865054	false	1.0
fotze	off 1.0		__DUMMY__ 0.9303686967077706 neg 0.04166106142328758 off 0.027970241868941828	false	0.5
verwirren	neg 1.0		__DUMMY__ 0.9308935862756466 neg 0.038509453989643096 off 0.03059695973471046	false	1.0
zahnlos	off 1.0		__DUMMY__ 0.9297976145712769 neg 0.04261443536255534 off 0.027587950066167845	false	0.5
verheeren	neg 1.0		__DUMMY__ 0.9238633228207244 off 0.039346365307430936 neg 0.036790311871844714	false	0.5
hippie	neg 1.0		__DUMMY__ 0.9305385498123602 neg 0.0380714630754815 off 0.031389987112158284	false	1.0
rammen	neg 1.0		__DUMMY__ 0.9321833576093557 neg 0.03769053743590118 off 0.030126104954743098	false	1.0
unlauter	neg 1.0	neg 1.0	neg 0.5069887641439582 __DUMMY__ 0.4651351955957056 off 0.027876040260336105	false	1.0
unheilvoll	neg 1.0		__DUMMY__ 0.9328312715588088 neg 0.03763519862403548 off 0.029533529817155638	false	1.0
niedrig	neg 1.0		__DUMMY__ 0.9313837374909473 neg 0.041709321145467174 off 0.02690694136358558	false	1.0
explosion	neg 1.0		__DUMMY__ 0.931982059757477 neg 0.037151754814030956 off 0.0308661854284919	false	1.0
weichei	off 1.0		__DUMMY__ 0.9277178231492443 neg 0.036556608990635786 off 0.03572556786011989	false	0.5
minusmensch	off 1.0		__DUMMY__ 0.9223453246536103 off 0.039435247997172025 neg 0.03821942734921765	false	1.0
farblos	neg 1.0		__DUMMY__ 0.9313423275517995 neg 0.03972814105336585 off 0.028929531394834642	false	1.0
unwissend	neg 1.0	neg 1.0	neg 0.5059136968534609 __DUMMY__ 0.4649836339660525 off 0.02910266918048674	false	1.0
traurig	neg 1.0		__DUMMY__ 0.9304222607421012 neg 0.03598960509425797 off 0.03358813416364081	false	1.0
senkung	neg 1.0		__DUMMY__ 0.9296666019217047 neg 0.039582254768169796 off 0.030751143310125573	false	1.0
ungleich	neg 1.0	neg 1.0	neg 0.5098550446578598 __DUMMY__ 0.46585842405455025 off 0.02428653128758987	false	1.0
heikel	neg 1.0		__DUMMY__ 0.9318827755954692 neg 0.04236807273992381 off 0.025749151664606933	false	1.0
drosselung	neg 1.0		__DUMMY__ 0.9314861805325385 neg 0.034881067392799774 off 0.033632752074661654	false	1.0
falsch	neg 1.0		__DUMMY__ 0.9303539983159815 neg 0.03845660825132608 off 0.031189393432692416	false	1.0
unzufriedenheit	neg 1.0		__DUMMY__ 0.9313659948465944 neg 0.0428512823807525 off 0.02578272277265307	false	1.0
kurz	neg 1.0		__DUMMY__ 0.9351287508246686 neg 0.03765291276969239 off 0.02721833640563901	false	1.0
unsinnig	neg 1.0		__DUMMY__ 0.9307640676874175 neg 0.0416946810002853 off 0.02754125131229727	false	1.0
penner	off 1.0	off 1.0	off 0.5036816132767846 __DUMMY__ 0.46420614955084427 neg 0.032112237172371175	false	1.0
seicht	neg 1.0		__DUMMY__ 0.9244149726912875 off 0.037794324250395736 neg 0.03779070305831682	false	0.5
dummheit	off 1.0	off 1.0	off 0.4978707493769605 __DUMMY__ 0.4646416045627609 neg 0.03748764606027862	false	1.0
unerfreulich	neg 1.0		__DUMMY__ 0.9327346800020068 neg 0.04203489169743907 off 0.025230428300554216	false	1.0
motherfucker	off 1.0	off 1.0	off 0.5011302518135851 __DUMMY__ 0.46429284858062003 neg 0.03457689960579498	false	1.0
pikiert	neg 1.0		__DUMMY__ 0.9290247718489321 neg 0.03925227423495253 off 0.031722953916115335	false	1.0
wrack	neg 1.0		__DUMMY__ 0.9346578444725578 neg 0.03837488298627837 off 0.02696727254116383	false	1.0
gangster	neg 1.0		__DUMMY__ 0.9306278731061832 neg 0.038596263458349996 off 0.03077586343546672	false	1.0
krank	neg 1.0		__DUMMY__ 0.9324876622225629 neg 0.03536509056019818 off 0.03214724721723889	false	1.0
reich	neg 1.0		__DUMMY__ 0.9227972593000023 neg 0.04447682020619563 off 0.032725920493802026	false	1.0
gnadenlos	neg 1.0		__DUMMY__ 0.930975992477722 neg 0.03956146926662623 off 0.029462538255651805	false	1.0
niedergeschlagen	neg 1.0		__DUMMY__ 0.9327068355160937 neg 0.039697482029453564 off 0.02759568245445272	false	1.0
terrorisieren	off 1.0	off 1.0	off 0.4943300552621788 __DUMMY__ 0.46846357144654355 neg 0.03720637329127764	false	1.0
sinnlosigkeit	neg 1.0		__DUMMY__ 0.9299981867278935 neg 0.04246594614330236 off 0.027535867128804133	false	1.0
behindern	neg 1.0		__DUMMY__ 0.933608643762044 neg 0.03800351557275479 off 0.028387840665201156	false	1.0
undemokratisch	neg 1.0		__DUMMY__ 0.9260440404870288 neg 0.04355552128650262 off 0.030400438226468658	false	1.0
wirtschaftskrise	neg 1.0		__DUMMY__ 0.9287292058095679 neg 0.04345372744829895 off 0.02781706674213316	false	1.0
neid	neg 1.0		__DUMMY__ 0.9330274732369409 neg 0.0364348920212112 off 0.030537634741847952	false	1.0
rutschen	neg 1.0		__DUMMY__ 0.939968685007243 neg 0.03687564427220483 off 0.023155670720552274	false	1.0
rezession	neg 1.0		__DUMMY__ 0.9243434462183482 neg 0.04025949272654957 off 0.03539706105510215	false	1.0
fehlgeburt	neg 1.0		__DUMMY__ 0.9314099784899291 neg 0.039809137329184945 off 0.02878088418088598	false	1.0
charakterschwach	off 1.0		__DUMMY__ 0.9288665093269852 neg 0.03857616456537003 off 0.03255732610764481	false	0.5
isolation	neg 1.0		__DUMMY__ 0.9309106708938049 neg 0.0370778517531376 off 0.03201147735305758	false	1.0
ablenkung	neg 1.0		__DUMMY__ 0.9328944686922884 neg 0.038345360022573514 off 0.028760171285138036	false	1.0
pech	neg 1.0		__DUMMY__ 0.931242183024922 neg 0.03864498958721631 off 0.03011282738786177	false	1.0
vermeidung	neg 1.0		__DUMMY__ 0.9317574895707388 neg 0.035420415451890216 off 0.03282209497737102	false	1.0
dominieren	neg 1.0		__DUMMY__ 0.9314881303852299 neg 0.040493730348724534 off 0.028018139266045496	false	1.0
schwindlig	neg 1.0		__DUMMY__ 0.9340782184518414 neg 0.03612379195006128 off 0.02979798959809727	false	1.0
lutscher	neg 1.0		__DUMMY__ 0.9250015838945256 off 0.03796211823674759 neg 0.0370362978687268	false	0.5
pflicht	neg 1.0		__DUMMY__ 0.9313665426477821 neg 0.04279722317891619 off 0.025836234173301702	false	1.0
faschist	off 1.0		__DUMMY__ 0.9256655531112169 neg 0.04332857661275032 off 0.031005870276032788	false	0.5
verschleudern	neg 1.0		__DUMMY__ 0.9291172458413859 neg 0.043490140767402485 off 0.027392613391211677	false	1.0
wenn			__DUMMY__ 0.9306891807497409 neg 0.03812923940006916 off 0.031181579850189853	false	0.0
ehebruch	neg 1.0		__DUMMY__ 0.9297545614266565 neg 0.04303591080595787 off 0.027209527767385597	false	1.0
spott	off 1.0		__DUMMY__ 0.9299287012373018 neg 0.043282181267821934 off 0.02678911749487631	false	0.5
trostlosigkeit	neg 1.0		__DUMMY__ 0.9276892126392134 neg 0.04624041508714955 off 0.026070372273637073	false	1.0
lutschen	neg 1.0		__DUMMY__ 0.9286099393829688 neg 0.039524410076894424 off 0.03186565054013688	false	1.0
undiszipliniert	neg 1.0		__DUMMY__ 0.9298692733995618 neg 0.03695441855819937 off 0.033176308042238804	false	1.0
kopfschmerz	neg 1.0		__DUMMY__ 0.9317855137819415 neg 0.04031156081197445 off 0.027902925406084	false	1.0
unvorhergesehen	neg 1.0		__DUMMY__ 0.936032636946421 neg 0.037078776584333464 off 0.026888586469245464	false	1.0
desinteressiert	neg 1.0		__DUMMY__ 0.92838438940428 neg 0.03842023172441551 off 0.03319537887130447	false	1.0
armselig	off 1.0		__DUMMY__ 0.9273602475462313 neg 0.03862281118570497 off 0.03401694126806378	false	0.5
desaster	neg 1.0		__DUMMY__ 0.9300526928161005 neg 0.044908950110149747 off 0.025038357073749757	false	1.0
tod	neg 1.0		__DUMMY__ 0.9285221009134292 neg 0.044861008694373504 off 0.02661689039219723	false	1.0
herzlos	neg 1.0		__DUMMY__ 0.9299679068241463 neg 0.03589545831314716 off 0.03413663486270651	false	1.0
unwissenheit	neg 1.0		__DUMMY__ 0.929125386257061 neg 0.04328342886605762 off 0.027591184876881412	false	1.0
widersinnig	neg 1.0		__DUMMY__ 0.9263129690915957 neg 0.04498681930927379 off 0.028700211599130505	false	1.0
bedenklich	neg 1.0		__DUMMY__ 0.9313970672398182 neg 0.04216503387707763 off 0.026437898883104154	false	1.0
beanstanden	neg 1.0		__DUMMY__ 0.931974947584536 neg 0.04252901672328887 off 0.02549603569217516	false	1.0
panisch	neg 1.0	neg 1.0	neg 0.5016178241906687 __DUMMY__ 0.47169024505459606 off 0.026691930754735284	false	1.0
debil	off 1.0		__DUMMY__ 0.9332940201086025 neg 0.04345221683185599 off 0.02325376305954152	false	0.5
abstrich	neg 1.0		__DUMMY__ 0.9360295355634296 neg 0.036284723075037745 off 0.027685741361532554	false	1.0
primitiv	neg 1.0		__DUMMY__ 0.9282525760655971 neg 0.03875259147727632 off 0.03299483245712665	false	1.0
abschaum	off 1.0	off 1.0	off 0.4994059217398192 __DUMMY__ 0.46400444936325885 neg 0.036589628896921994	false	1.0
provozieren	neg 1.0		__DUMMY__ 0.9292657567777273 neg 0.04156689963862487 off 0.029167343583647847	false	1.0
tot	neg 1.0		__DUMMY__ 0.9304332638825835 neg 0.041795161595485915 off 0.027771574521930676	false	1.0
instabil	neg 1.0		__DUMMY__ 0.9253677087000645 neg 0.03988381893323728 off 0.03474847236669821	false	1.0
schwuchtel	off 1.0		__DUMMY__ 0.9213571191262779 off 0.04188602260675647 neg 0.03675685826696566	false	1.0
zerren	neg 1.0		__DUMMY__ 0.9329018192003662 neg 0.03943978106250345 off 0.02765839973713042	false	1.0
kinderficker	off 1.0		__DUMMY__ 0.9265129067084378 neg 0.03793440109413497 off 0.035552692197427224	false	0.5
gefahr	neg 1.0		__DUMMY__ 0.9302535620428359 neg 0.042704839732854646 off 0.027041598224309366	false	1.0
rabiat	neg 1.0		__DUMMY__ 0.9311620794903595 neg 0.03999123070936917 off 0.02884668980027146	false	1.0
verlangsamung	neg 1.0		__DUMMY__ 0.9242197943144604 neg 0.038248520709055725 off 0.0375316849764839	false	1.0
ausgestorben	neg 1.0		__DUMMY__ 0.9324944069690387 neg 0.039800784279697625 off 0.027704808751263667	false	1.0
anklagen	neg 1.0		__DUMMY__ 0.929221289762619 neg 0.04195403047624659 off 0.028824679761134522	false	1.0
trott	neg 1.0		__DUMMY__ 0.9325526930236586 neg 0.03887498810888995 off 0.028572318867451516	false	1.0
verminderung	neg 1.0		__DUMMY__ 0.9296026094497818 neg 0.03687158649305879 off 0.03352580405715943	false	1.0
nach			__DUMMY__ 0.9375678524926062 neg 0.03912266095541014 off 0.02330948655198362	false	0.0
rost	neg 1.0		__DUMMY__ 0.9270143959146546 off 0.03743967826859366 neg 0.0355459258167517	false	0.5
destruktiv	neg 1.0		__DUMMY__ 0.9285873204221484 neg 0.04293038781007531 off 0.028482291767776297	false	1.0
unzumutbarkeit	neg 1.0		__DUMMY__ 0.9313123055801631 neg 0.03569299848836745 off 0.03299469593146945	false	1.0
labil	off 1.0	off 1.0	off 0.49999438635977683 __DUMMY__ 0.4645443522468314 neg 0.03546126139339175	false	1.0
ziemlich	neg 1.0		__DUMMY__ 0.9304624385001806 neg 0.0373058624955044 off 0.03223169900431495	false	1.0
lachnummer	off 1.0		__DUMMY__ 0.928803618429673 neg 0.04259248930605571 off 0.028603892264271336	false	0.5
oder			__DUMMY__ 0.9334701970122318 neg 0.03820727869972428 off 0.028322524288043948	false	0.0
verfall	neg 1.0		__DUMMY__ 0.9333810096777685 neg 0.043170540059309474 off 0.023448450262922017	false	1.0
ausgrenzung	neg 1.0		__DUMMY__ 0.9261554663248023 neg 0.04304054629826979 off 0.03080398737692799	false	1.0
unordnung	neg 1.0		__DUMMY__ 0.9271735037722885 neg 0.03791716907311947 off 0.034909327154592114	false	1.0
fehlverhalten	neg 1.0		__DUMMY__ 0.9301134775981503 neg 0.04321157626817237 off 0.02667494613367729	false	1.0
eine			__DUMMY__ 0.9337301506224001 neg 0.041210591819156435 off 0.02505925755844354	false	0.0
nille	neg 1.0		__DUMMY__ 0.9286821590039885 neg 0.0420876963517669 off 0.02923014464424449	false	1.0
qual	neg 1.0		__DUMMY__ 0.9322920354509294 neg 0.03912598506499319 off 0.02858197948407738	false	1.0
verschwenden	neg 1.0		__DUMMY__ 0.9317458197034485 neg 0.04187761303468236 off 0.026376567261869106	false	1.0
riesig	neg 1.0		__DUMMY__ 0.9325487454031268 neg 0.039530382297683936 off 0.027920872299189294	false	1.0
verurteilen	neg 1.0		__DUMMY__ 0.9288677002653953 neg 0.043295170892752005 off 0.027837128841852608	false	1.0
klischee	neg 1.0	neg 1.0	neg 0.5075871534346885 __DUMMY__ 0.4640629493510243 off 0.028349897214287264	false	1.0
diktatorisch	neg 1.0		__DUMMY__ 0.9244153680816799 neg 0.045110232661622215 off 0.030474399256697888	false	1.0
vorhersehbar	neg 1.0		__DUMMY__ 0.927604254004605 neg 0.04202985765170913 off 0.03036588834368594	false	1.0
sowie			__DUMMY__ 0.924858765306553 neg 0.03862112543181031 off 0.036520109261636687	false	0.0
stornieren	neg 1.0		__DUMMY__ 0.9335582772379656 neg 0.03627418863957339 off 0.030167534122461096	false	1.0
besteuerung	neg 1.0		__DUMMY__ 0.9296183657860161 neg 0.040814289089106684 off 0.029567345124877225	false	1.0
ungeschminkt	neg 1.0		__DUMMY__ 0.9295644076021273 neg 0.03820002903991341 off 0.03223556335795933	false	1.0
kritisch	neg 1.0		__DUMMY__ 0.9298519616575301 neg 0.04332739054074433 off 0.02682064780172555	false	1.0
schlamperei	off 1.0		__DUMMY__ 0.9301485678560621 neg 0.04261859283396789 off 0.027232839309969937	false	0.5
sucht	neg 1.0	neg 1.0	neg 0.5001206194398332 __DUMMY__ 0.4727360878381673 off 0.02714329272199938	false	1.0
egoistisch	off 1.0		__DUMMY__ 0.9280575173437536 neg 0.036137639970464173 off 0.035804842685782136	false	0.5
ausbeuter	off 1.0		__DUMMY__ 0.9291989606097789 neg 0.04433197265026589 off 0.026469066739955246	false	0.5
arschgeburt	off 1.0		__DUMMY__ 0.9214076552528103 off 0.04188301754068063 neg 0.03670932720650906	false	1.0
schubs	neg 1.0	neg 1.0	neg 0.5047077968069604 __DUMMY__ 0.47137392025415104 off 0.023918282938888487	false	1.0
unsolide	neg 1.0		__DUMMY__ 0.9224429930035157 neg 0.044767050179662406 off 0.032789956816821904	false	1.0
beschwerde	neg 1.0		__DUMMY__ 0.930160305298383 neg 0.042160440187580445 off 0.027679254514036626	false	1.0
stocken	neg 1.0		__DUMMY__ 0.9324995263766483 neg 0.04037952094165881 off 0.027120952681692855	false	1.0
isolieren	neg 1.0		__DUMMY__ 0.9342328879466314 neg 0.03744945571065042 off 0.02831765634271812	false	1.0
unheilbar	neg 1.0		__DUMMY__ 0.9301731235687474 neg 0.0404293583931087 off 0.029397518038143885	false	1.0
pisser	off 1.0		__DUMMY__ 0.9268716671445828 neg 0.038515156612825355 off 0.034613176242591824	false	0.5
löschen	neg 1.0		__DUMMY__ 0.9306375784455506 neg 0.03975551310123471 off 0.02960690845321468	false	1.0
durchfallen	neg 1.0		__DUMMY__ 0.9316605758633805 neg 0.04157544176872946 off 0.02676398236789007	false	1.0
wichser	off 1.0		__DUMMY__ 0.9255621911502009 off 0.03889404329296456 neg 0.0355437655568346	false	1.0
terror	neg 1.0		__DUMMY__ 0.9327441914808952 neg 0.03632217154951403 off 0.030933636969590856	false	1.0
krass	neg 1.0		__DUMMY__ 0.9290790334379534 neg 0.03687095673474292 off 0.03405000982730369	false	1.0
revolte	neg 1.0	neg 1.0	neg 0.5106763935837492 __DUMMY__ 0.4604155747319868 off 0.028908031684264066	false	1.0
besorgt	neg 1.0		__DUMMY__ 0.9363082569794818 neg 0.03627644350117888 off 0.027415299519339218	false	1.0
nachlassen	neg 1.0		__DUMMY__ 0.933326055433954 neg 0.039446916847179055 off 0.02722702771886701	false	1.0
alt	neg 1.0		__DUMMY__ 0.936456528819097 neg 0.03828030391139834 off 0.025263167269504658	false	1.0
hundesohn	off 1.0		__DUMMY__ 0.9235438453705245 off 0.038794989753414784 neg 0.037661164876060714	false	1.0
als			__DUMMY__ 0.9332796506345399 neg 0.039605045418845984 off 0.027115303946614135	false	0.0
abschreckung	neg 1.0		__DUMMY__ 0.9311508250494301 neg 0.04308451750092596 off 0.025764657449643926	false	1.0
unqualifiziert	neg 1.0		__DUMMY__ 0.928662950422106 neg 0.040749636673697166 off 0.030587412904196795	false	1.0
abgewichst	off 1.0		__DUMMY__ 0.9306831628920126 neg 0.04103245951311404 off 0.02828437759487338	false	0.5
schwer	neg 1.0		__DUMMY__ 0.9322318929033778 neg 0.03942589903674955 off 0.02834220805987271	false	1.0
bedeutungslosigkeit	neg 1.0		__DUMMY__ 0.9301609691875594 neg 0.04361969534369017 off 0.02621933546875046	false	1.0
kapitulation	neg 1.0		__DUMMY__ 0.9260717720295614 neg 0.04607784550236004 off 0.027850382468078617	false	1.0
unscharf	neg 1.0		__DUMMY__ 0.9310755467019836 neg 0.03884881209914378 off 0.03007564119887269	false	1.0
schwinden	neg 1.0		__DUMMY__ 0.9321972271829648 neg 0.04162188767624839 off 0.02618088514078684	false	1.0
versklavung	neg 1.0	neg 1.0	neg 0.5100357568184455 __DUMMY__ 0.4625040117277836 off 0.02746023145377095	false	1.0
schlecht	neg 1.0		__DUMMY__ 0.9309135728096526 neg 0.036585262149135565 off 0.03250116504121191	false	1.0
verhasst	neg 1.0		__DUMMY__ 0.928664044385252 neg 0.042101098383232435 off 0.029234857231515646	false	1.0
beschweren	neg 1.0		__DUMMY__ 0.9316673613242432 neg 0.03860181304653102 off 0.029730825629225754	false	1.0
scheiden	neg 1.0		__DUMMY__ 0.9322127444267351 neg 0.039895188775697595 off 0.027892066797567307	false	1.0
frustriert	neg 1.0		__DUMMY__ 0.9316523813681418 neg 0.04051302749126818 off 0.0278345911405901	false	1.0
schimmelig	neg 1.0		__DUMMY__ 0.9318250496098116 neg 0.042189926873974604 off 0.02598502351621373	false	1.0
fisch	neg 1.0	neg 1.0	neg 0.5041933259407038 __DUMMY__ 0.4719261261044644 off 0.02388054795483187	false	1.0
schmuggel	neg 1.0		__DUMMY__ 0.9351314717564526 neg 0.0392495349879797 off 0.02561899325556767	false	1.0
auffallen	neg 1.0		__DUMMY__ 0.9311217635589228 neg 0.03884898143881874 off 0.030029255002258334	false	1.0
konkurrenz	neg 1.0		__DUMMY__ 0.9342480556623268 neg 0.040377307737938344 off 0.025374636599734882	false	1.0
teufelskreis	neg 1.0		__DUMMY__ 0.9303212898295992 neg 0.0415544171350494 off 0.028124293035351362	false	1.0
aufschreien	neg 1.0		__DUMMY__ 0.9288938020930866 neg 0.040923691942890285 off 0.030182505964023148	false	1.0
schuldner	neg 1.0		__DUMMY__ 0.929677108133824 neg 0.04355060479562322 off 0.026772287070552788	false	1.0
missgeburt	off 1.0	off 1.0	off 0.50319204108375 __DUMMY__ 0.4627010911269145 neg 0.03410686778933551	false	1.0
arbeitslos	neg 1.0		__DUMMY__ 0.9303721540234083 neg 0.0420578222245988 off 0.027570023751992825	false	1.0
befallen	neg 1.0		__DUMMY__ 0.9270256365561598 neg 0.04519869185770605 off 0.0277756715861342	false	1.0
miesepetrig	off 1.0		__DUMMY__ 0.9316937123152212 neg 0.036449552780373935 off 0.03185673490440474	false	0.5
alarmieren	neg 1.0		__DUMMY__ 0.9279821246367164 neg 0.039617754318895505 off 0.03240012104438811	false	1.0
ungeduscht	off 1.0		__DUMMY__ 0.9313703231553254 neg 0.038573523027047925 off 0.030056153817626656	false	0.5
knappheit	neg 1.0		__DUMMY__ 0.9309599367886753 neg 0.04139529592175081 off 0.02764476728957387	false	1.0
schlange	neg 1.0		__DUMMY__ 0.9332113138536591 neg 0.03747257561797911 off 0.029316110528361798	false	1.0
harsch	neg 1.0		__DUMMY__ 0.9296417403174881 off 0.03629633104034537 neg 0.03406192864216642	false	0.5
lang	neg 1.0		__DUMMY__ 0.9313228669393215 neg 0.03909525163270289 off 0.029581881427975614	false	1.0
ziellos	neg 1.0		__DUMMY__ 0.9323564263422351 neg 0.04072662772614679 off 0.02691694593161805	false	1.0
selbstverliebt	neg 1.0		__DUMMY__ 0.9221263910008315 off 0.03994937885979279 neg 0.0379242301393757	false	0.5
beseitigen	neg 1.0		__DUMMY__ 0.9346139379566043 neg 0.036107945854483646 off 0.02927811618891208	false	1.0
dumm	off 1.0		__DUMMY__ 0.9266832912536376 neg 0.03701038962003529 off 0.03630631912632714	false	0.5
arbeitsloser	neg 1.0		__DUMMY__ 0.9310709704168918 neg 0.041885006372180934 off 0.027044023210927318	false	1.0
blitzen	neg 1.0		__DUMMY__ 0.9297450435052819 neg 0.038948728700750494 off 0.03130622779396759	false	1.0
hilflos	neg 1.0		__DUMMY__ 0.9321285910195858 neg 0.04038856301253596 off 0.02748284596787827	false	1.0
eklig	off 1.0		__DUMMY__ 0.9255584522983822 neg 0.03760955303480059 off 0.036831994666817275	false	0.5
begriff			__DUMMY__ 0.9309516389125948 neg 0.041149306101357336 off 0.027899054986047746	false	0.0
hungersnot	neg 1.0		__DUMMY__ 0.9256184125481829 neg 0.04514951833926538 off 0.029232069112551752	false	1.0
ungesetzlich	neg 1.0		__DUMMY__ 0.9252199262197964 neg 0.04335844888563932 off 0.03142162489456416	false	1.0
verschwendung	neg 1.0		__DUMMY__ 0.9320643940889952 neg 0.042055240904149645 off 0.025880365006855095	false	1.0
schmerzvoll	neg 1.0		__DUMMY__ 0.9315292405077402 neg 0.03881035586291183 off 0.02966040362934795	false	1.0
vorzeitig	neg 1.0		__DUMMY__ 0.9308766252584219 neg 0.03679773710403464 off 0.032325637637543515	false	1.0
unvollkommenheit	neg 1.0		__DUMMY__ 0.9315565090429166 neg 0.039604044383425845 off 0.028839446573657515	false	1.0
intervenieren	neg 1.0		__DUMMY__ 0.928594074157281 neg 0.044645963133089266 off 0.026759962709629822	false	1.0
banause	off 1.0		__DUMMY__ 0.9247307646354295 off 0.037799166719606474 neg 0.037470068644964126	false	1.0
rebell	neg 1.0		__DUMMY__ 0.934375238547834 neg 0.04081164330104744 off 0.02481311815111854	false	1.0
unlogisch	neg 1.0		__DUMMY__ 0.9279278413642432 neg 0.03805409297117945 off 0.03401806566457728	false	1.0
leiden	neg 1.0	neg 1.0	neg 0.5018977192722877 __DUMMY__ 0.47575377430111054 off 0.022348506426601765	false	1.0
abschaffung	neg 1.0		__DUMMY__ 0.928676199845511 neg 0.04160527216738915 off 0.02971852798709978	false	1.0
sturz	neg 1.0		__DUMMY__ 0.9279345011660195 neg 0.042000922795830065 off 0.030064576038150458	false	1.0
verkleinerung	neg 1.0		__DUMMY__ 0.9266327607618547 neg 0.041549675821760196 off 0.03181756341638503	false	1.0
schmarotzer	off 1.0		__DUMMY__ 0.9292623256131923 neg 0.04339639718444384 off 0.0273412772023638	false	0.5
bestrafung	neg 1.0		__DUMMY__ 0.9300293042863303 neg 0.04025168638075028 off 0.029719009332919398	false	1.0
achtlos	neg 1.0		__DUMMY__ 0.9331841717515205 neg 0.03857738179764985 off 0.02823844645082972	false	1.0
