unsolidarisch	neg 1.0		neg 0.5805596327940298 off 0.41228902133716533 __DUMMY__ 0.007151345868804844	false	1.0
nachteilig	neg 1.0		neg 0.5799535360967568 off 0.4127940117194996 __DUMMY__ 0.0072524521837435945	false	1.0
skeptisch	neg 1.0		neg 0.5822102915783494 off 0.4105121387295884 __DUMMY__ 0.007277569692062087	false	1.0
schrecklich	neg 1.0		neg 0.5679096964275104 off 0.4248707732378097 __DUMMY__ 0.007219530334679847	false	1.0
schlapp	neg 1.0		neg 0.570621508655429 off 0.42210408757314805 __DUMMY__ 0.00727440377142294	false	1.0
abfall	neg 1.0		neg 0.583859049637903 off 0.40885556124196615 __DUMMY__ 0.007285389120130868	false	1.0
widerspenstig	neg 1.0		neg 0.5754628913460127 off 0.4172443581870685 __DUMMY__ 0.007292750466918859	false	1.0
abrupt	neg 1.0		neg 0.5767960364936194 off 0.4159026652413778 __DUMMY__ 0.007301298265002745	false	1.0
unwirksam	neg 1.0		neg 0.5784434486333778 off 0.41436917222373726 __DUMMY__ 0.007187379142885062	false	1.0
angreifen	neg 1.0		neg 0.5816118713275463 off 0.41113375473685687 __DUMMY__ 0.007254373935596706	false	1.0
inkonsistent	neg 1.0		neg 0.5749930506388244 off 0.4177794369396009 __DUMMY__ 0.007227512421574655	false	1.0
abrutschen	neg 1.0		neg 0.5830165920261656 off 0.4096826352589873 __DUMMY__ 0.007300772714846992	false	1.0
unsicher	neg 1.0		neg 0.5762117519735945 off 0.4165153148627716 __DUMMY__ 0.007272933163633748	false	1.0
bauernkind	off 1.0		neg 0.5664436309971257 off 0.426402329976761 __DUMMY__ 0.007154039026113297	false	0.5
angreifer	neg 1.0		neg 0.5747806336233918 off 0.41801284276056466 __DUMMY__ 0.007206523616043408	false	1.0
trennen	neg 1.0		neg 0.5791096329317406 off 0.41356295657222025 __DUMMY__ 0.007327410496039168	false	1.0
schmutz	neg 1.0		neg 0.5674424454028585 off 0.4252404628808723 __DUMMY__ 0.007317091716269129	false	1.0
inkonsistenz	neg 1.0	neg 1.0	neg 0.7748235060376351 off 0.22173135363408358 __DUMMY__ 0.0034451403282812505	false	1.0
erschreckend	neg 1.0		neg 0.5788424948509456 off 0.4139109618267954 __DUMMY__ 0.00724654332225888	false	1.0
ertrinken	neg 1.0		neg 0.5790083323772844 off 0.41369417190700325 __DUMMY__ 0.0072974957157123325	false	1.0
pickelface	off 1.0		neg 0.5765873655263649 off 0.4161840998125231 __DUMMY__ 0.007228534661111893	false	0.5
seiner			neg 0.5810594386621403 off 0.4116689328715204 __DUMMY__ 0.007271628466339377	false	0.0
lauch	neg 1.0		neg 0.5821125687584862 off 0.4106045422812047 __DUMMY__ 0.007282888960309129	false	1.0
unwichtig	neg 1.0		neg 0.5725550764196187 off 0.4202132582188803 __DUMMY__ 0.007231665361500905	false	1.0
steuerhinterziehung	neg 1.0		neg 0.5800801062327305 off 0.4127262804707349 __DUMMY__ 0.007193613296534511	false	1.0
schock	neg 1.0		neg 0.5766546426405665 off 0.41603946633785793 __DUMMY__ 0.0073058910215754325	false	1.0
beule	neg 1.0		neg 0.5692324736367234 off 0.4235001764489334 __DUMMY__ 0.007267349914343236	false	1.0
vergelten	neg 1.0		neg 0.5678521860714998 off 0.42497005874221494 __DUMMY__ 0.007177755186285197	false	1.0
verdorbenheit	neg 1.0		neg 0.5730858225185695 off 0.4196182657429906 __DUMMY__ 0.007295911738439851	false	1.0
trauma	neg 1.0		neg 0.5748216265935419 off 0.41792946435502343 __DUMMY__ 0.007248909051434708	false	1.0
sinnlos	neg 1.0		neg 0.5746172387517889 off 0.41813350824547296 __DUMMY__ 0.007249253002738193	false	1.0
fettsack	off 1.0	off 1.0	off 0.695967339432606 neg 0.3006058941592962 __DUMMY__ 0.003426766408097616	false	1.0
feige	off 1.0		neg 0.5739618909997765 off 0.41882897729128327 __DUMMY__ 0.007209131708940272	false	0.5
abdanken	neg 1.0		neg 0.58127807887326 off 0.41155783365974774 __DUMMY__ 0.007164087466992296	false	1.0
wichtigtuer	off 1.0	off 1.0	off 0.6908014076462765 neg 0.30575322904119534 __DUMMY__ 0.003445363312528179	false	1.0
misslingen	neg 1.0		neg 0.5723338619963579 off 0.4203705386145639 __DUMMY__ 0.007295599389078197	false	1.0
untreu	off 1.0		neg 0.5713256315867115 off 0.4214374027114398 __DUMMY__ 0.007236965701848778	false	0.5
missmutig	neg 1.0		neg 0.5716227789685258 off 0.4211079927963485 __DUMMY__ 0.007269228235125746	false	1.0
hurenbock	off 1.0		neg 0.5724235724468809 off 0.4202717936822205 __DUMMY__ 0.007304633870898574	false	0.5
betrunken	neg 1.0		neg 0.5687254732314853 off 0.4240205502995569 __DUMMY__ 0.007253976468957876	false	1.0
korrupt	off 1.0		neg 0.5822943643864823 off 0.41052135455056227 __DUMMY__ 0.0071842810629554835	false	0.5
unmut	neg 1.0		neg 0.5834453739304725 off 0.4092823743972901 __DUMMY__ 0.007272251672237473	false	1.0
hackfresse	off 1.0		neg 0.5646805683546775 off 0.4281210472737253 __DUMMY__ 0.00719838437159698	false	0.5
aufblasen	neg 1.0		neg 0.57388535189138 off 0.41882823522994866 __DUMMY__ 0.007286412878671181	false	1.0
gewaltsam	neg 1.0		neg 0.5775101114536509 off 0.41528810423781515 __DUMMY__ 0.007201784308533936	false	1.0
unbeliebtheit	neg 1.0		neg 0.5748732353203125 off 0.4180137256351692 __DUMMY__ 0.007113039044518311	false	1.0
sturheit	neg 1.0		neg 0.5800708545097446 off 0.41271431622810595 __DUMMY__ 0.007214829262149482	false	1.0
kuh	neg 1.0		neg 0.5760439490892298 off 0.4167371515309681 __DUMMY__ 0.007218899379802112	false	1.0
erschrecken	neg 1.0		neg 0.5722050860070576 off 0.42053055983364207 __DUMMY__ 0.007264354159300382	false	1.0
opfer	neg 1.0	neg 1.0	neg 0.7780307635133996 off 0.21849938699529037 __DUMMY__ 0.0034698494913099303	false	1.0
sinken	neg 1.0		neg 0.5822185546462358 off 0.41050392713674083 __DUMMY__ 0.00727751821702322	false	1.0
stinktier	neg 1.0		neg 0.5686861454536509 off 0.42412741443496416 __DUMMY__ 0.007186440111384978	false	1.0
tucke	off 1.0		neg 0.563235763010133 off 0.4295521015153414 __DUMMY__ 0.007212135474525556	false	0.5
ein			neg 0.5736455169217899 off 0.4190433120999947 __DUMMY__ 0.007311170978215397	false	0.0
abstieg	neg 1.0		neg 0.5799380958688529 off 0.4128360442324279 __DUMMY__ 0.007225859898719133	false	1.0
missverstehen	neg 1.0		neg 0.5762018400151989 off 0.4165819161291823 __DUMMY__ 0.007216243855618837	false	1.0
ergebnislos	neg 1.0		neg 0.5796644801221769 off 0.41309110428399914 __DUMMY__ 0.007244415593824018	false	1.0
unter			neg 0.5843670582739122 off 0.4082652803034572 __DUMMY__ 0.007367661422630464	false	0.0
manipulieren	neg 1.0		neg 0.5819383716790968 off 0.4108088039976775 __DUMMY__ 0.007252824323225608	false	1.0
unbewiesen	neg 1.0		neg 0.5812003018235351 off 0.4116562668556431 __DUMMY__ 0.00714343132082167	false	1.0
verschleppen	neg 1.0		neg 0.5804303706220009 off 0.41233640905468893 __DUMMY__ 0.007233220323310258	false	1.0
weib	off 1.0		neg 0.564019855996833 off 0.4288024949850429 __DUMMY__ 0.007177649018124013	false	0.5
opposition	neg 1.0		neg 0.5774621277726912 off 0.41535582792663267 __DUMMY__ 0.007182044300676147	false	1.0
verkehrswidrig	neg 1.0		neg 0.5653130574006291 off 0.4274550220075314 __DUMMY__ 0.007231920591839653	false	1.0
inkorrekt	neg 1.0		neg 0.5744667258885257 off 0.4183774410842619 __DUMMY__ 0.007155833027212417	false	1.0
vermeiden	neg 1.0		neg 0.5833849034427893 off 0.40929014383359463 __DUMMY__ 0.007324952723616187	false	1.0
abweichung	neg 1.0		neg 0.5824695286421434 off 0.410345786948516 __DUMMY__ 0.0071846844093406345	false	1.0
alkoholisiert	neg 1.0		neg 0.5781379929605015 off 0.41458299025224155 __DUMMY__ 0.007279016787256853	false	1.0
scheiss	off 1.0	off 1.0	off 0.6943738447486016 neg 0.30216800037503094 __DUMMY__ 0.0034581548763673786	false	1.0
herausforderung	neg 1.0		neg 0.5760118767743209 off 0.4166524383468988 __DUMMY__ 0.007335684878780284	false	1.0
pervers	off 1.0		neg 0.5610484244875005 off 0.43178128657512616 __DUMMY__ 0.007170288937373449	false	0.5
wackelig	neg 1.0		neg 0.576075029480494 off 0.41659003593271365 __DUMMY__ 0.007334934586792391	false	1.0
verwickeln	neg 1.0		neg 0.5756122737228234 off 0.4171512769131787 __DUMMY__ 0.007236449363997781	false	1.0
vorwand	neg 1.0		neg 0.5831251127262185 off 0.4096174436380892 __DUMMY__ 0.007257443635692265	false	1.0
muschi	off 1.0		neg 0.5773238393138795 off 0.4154507747026445 __DUMMY__ 0.007225385983475864	false	0.5
entmutigung	neg 1.0		neg 0.5800626153082876 off 0.4128303481451778 __DUMMY__ 0.007107036546534495	false	1.0
unangemessen	neg 1.0		neg 0.5813421418461067 off 0.41144254815121956 __DUMMY__ 0.0072153100026737145	false	1.0
unstetig	neg 1.0		neg 0.5738476155092743 off 0.41893885212228354 __DUMMY__ 0.007213532368442219	false	1.0
entmutigen	neg 1.0		neg 0.5752206164540973 off 0.4175159607820023 __DUMMY__ 0.007263422763900475	false	1.0
schwanz	neg 1.0		neg 0.5783993335389669 off 0.4143408528818766 __DUMMY__ 0.007259813579156569	false	1.0
verbot	neg 1.0		neg 0.5809142726398692 off 0.4118871198894063 __DUMMY__ 0.007198607470724453	false	1.0
leid	neg 1.0		neg 0.5663796598031144 off 0.42641029349184423 __DUMMY__ 0.007210046705041243	false	1.0
archaisch	neg 1.0		neg 0.5804078219310794 off 0.412369705994705 __DUMMY__ 0.00722247207421553	false	1.0
gegen			neg 0.5830695790670598 off 0.40968418453051897 __DUMMY__ 0.007246236402421301	false	0.0
scheidung	neg 1.0	neg 1.0	neg 0.7627879758088433 off 0.23379055687623096 __DUMMY__ 0.003421467314925749	false	1.0
einschlag	neg 1.0		neg 0.5669519000341183 off 0.4258387553391424 __DUMMY__ 0.0072093446267392745	false	1.0
m			neg 0.5768991015082563 off 0.4158168036314318 __DUMMY__ 0.007284094860311901	false	0.0
abgestanden	neg 1.0		neg 0.5754669033878841 off 0.41725453391222406 __DUMMY__ 0.007278562699891777	false	1.0
schmierig	off 1.0		neg 0.5667870171513255 off 0.42598239238626595 __DUMMY__ 0.007230590462408633	false	0.5
unpraktisch	neg 1.0		neg 0.5736017486383667 off 0.41910513247703385 __DUMMY__ 0.0072931188845996526	false	1.0
wixxer	off 1.0		neg 0.5619682965669764 off 0.43088608327877786 __DUMMY__ 0.007145620154245758	false	0.5
bezeichnet			neg 0.5789422335692073 off 0.4138320415041831 __DUMMY__ 0.007225724926609594	false	0.0
jammerlappen	off 1.0		neg 0.5721974616419109 off 0.4205627502399033 __DUMMY__ 0.007239788118185795	false	0.5
farce	neg 1.0		neg 0.5828190658730859 off 0.41003413989546694 __DUMMY__ 0.0071467942314471025	false	1.0
zwecklos	neg 1.0		neg 0.5809129956385504 off 0.41185318550287253 __DUMMY__ 0.007233818858577177	false	1.0
turbulent	neg 1.0		neg 0.5690884163185729 off 0.4237127848729409 __DUMMY__ 0.0071987988084863735	false	1.0
invasion	neg 1.0		neg 0.5723011772323578 off 0.4204319399718636 __DUMMY__ 0.007266882795778494	false	1.0
schuld	neg 1.0		neg 0.5764712350304707 off 0.416286105782663 __DUMMY__ 0.007242659186866438	false	1.0
risiko	neg 1.0		neg 0.5712174821659417 off 0.42149745150189355 __DUMMY__ 0.007285066332164624	false	1.0
finster	neg 1.0		neg 0.5745882232692786 off 0.41811944781827587 __DUMMY__ 0.00729232891244559	false	1.0
geisteskrank	off 1.0		neg 0.5727043542733484 off 0.4201120582572895 __DUMMY__ 0.007183587469362026	false	0.5
zusammenbrechen	neg 1.0		neg 0.5774363792724936 off 0.4152813755292934 __DUMMY__ 0.007282245198213008	false	1.0
ausbeute	neg 1.0		neg 0.5774791519509155 off 0.4152142037236357 __DUMMY__ 0.007306644325448775	false	1.0
hinterhalt	neg 1.0		neg 0.5754144153005378 off 0.4173371123846639 __DUMMY__ 0.007248472314798184	false	1.0
kritik	neg 1.0		neg 0.5819693127812907 off 0.4108644911961308 __DUMMY__ 0.007166196022578566	false	1.0
einschrumpfen	neg 1.0		neg 0.5752289681193555 off 0.41759399787934093 __DUMMY__ 0.00717703400130348	false	1.0
riskant	neg 1.0		neg 0.5805759170640034 off 0.4121516730906735 __DUMMY__ 0.007272409845323141	false	1.0
frustrieren	neg 1.0		neg 0.5813792050008385 off 0.41136387237350075 __DUMMY__ 0.007256922625660797	false	1.0
groll	neg 1.0		neg 0.5805111768212778 off 0.41225150559968415 __DUMMY__ 0.007237317579038076	false	1.0
gibt			neg 0.5790607606826581 off 0.4136810622932201 __DUMMY__ 0.007258177024121775	false	0.0
qualvoll	neg 1.0		neg 0.5733161744710369 off 0.4194139121841063 __DUMMY__ 0.0072699133448568135	false	1.0
wackeln	neg 1.0		neg 0.5733910413939636 off 0.41929692841896177 __DUMMY__ 0.007312030187074562	false	1.0
klagen	neg 1.0		neg 0.5835250694593939 off 0.40922503339604976 __DUMMY__ 0.007249897144556338	false	1.0
bankrott	neg 1.0		neg 0.5706589406399057 off 0.42208105235507193 __DUMMY__ 0.007260007005022215	false	1.0
trauern	neg 1.0		neg 0.5802158673906791 off 0.41251181190211644 __DUMMY__ 0.007272320707204317	false	1.0
ablehnung	neg 1.0	neg 1.0	neg 0.7784943194868885 off 0.21807874722387566 __DUMMY__ 0.0034269332892357955	false	1.0
stur	neg 1.0		neg 0.5757601120617677 off 0.4169920403044229 __DUMMY__ 0.007247847633809307	false	1.0
aufruhr	neg 1.0		neg 0.5787421492058181 off 0.41406836997452884 __DUMMY__ 0.0071894808196529885	false	1.0
melancholie	neg 1.0		neg 0.5771931665970575 off 0.4154990389098242 __DUMMY__ 0.007307794493118308	false	1.0
ist			neg 0.5758189908243238 off 0.4169393682904673 __DUMMY__ 0.007241640885208917	false	0.0
torheit	neg 1.0		neg 0.5795126533931771 off 0.4133271442359409 __DUMMY__ 0.007160202370881873	false	1.0
dreckskind	off 1.0		neg 0.5685976015211338 off 0.4242652468924611 __DUMMY__ 0.007137151586405138	false	0.5
umtauschen	neg 1.0		neg 0.5758046603249731 off 0.4169088281468024 __DUMMY__ 0.007286511528224565	false	1.0
zum			neg 0.5805537654211441 off 0.41207384569922106 __DUMMY__ 0.007372388879634781	false	0.0
zersetzen	neg 1.0		neg 0.5825761391293788 off 0.4101716775707605 __DUMMY__ 0.007252183299860729	false	1.0
zur			neg 0.584470120063842 off 0.408238318439772 __DUMMY__ 0.007291561496385881	false	0.0
frust	neg 1.0		neg 0.5781763392241245 off 0.4145506994116215 __DUMMY__ 0.007272961364254021	false	1.0
unerbittlichkeit	neg 1.0		neg 0.5821691273346784 off 0.4105916704208949 __DUMMY__ 0.0072392022444265685	false	1.0
zwei			neg 0.5800967259288472 off 0.41256375672355905 __DUMMY__ 0.007339517347593824	false	0.0
unkorrekt	neg 1.0		neg 0.5723989554561152 off 0.42042270212783805 __DUMMY__ 0.007178342416046697	false	1.0
hexe	off 1.0		neg 0.570936954673002 off 0.421819808225609 __DUMMY__ 0.007243237101388986	false	0.5
lasch	neg 1.0		neg 0.5749811926180838 off 0.4178073354719083 __DUMMY__ 0.007211471910007852	false	1.0
rivale	neg 1.0		neg 0.5684892401932394 off 0.424317706784328 __DUMMY__ 0.007193053022432521	false	1.0
mutlos	off 1.0	off 1.0	off 0.6877121661506417 neg 0.3088415280586099 __DUMMY__ 0.0034463057907483867	false	1.0
wirr	off 1.0		neg 0.570401949638303 off 0.4224185042177812 __DUMMY__ 0.007179546143915782	false	0.5
jahr			neg 0.5785263894648913 off 0.4141584896201866 __DUMMY__ 0.0073151209149220475	false	0.0
wird			neg 0.5801399470138228 off 0.41259341986493686 __DUMMY__ 0.007266633121240358	false	0.0
strafbar	neg 1.0		neg 0.5826563091502398 off 0.4101250259268478 __DUMMY__ 0.007218664922912278	false	1.0
erosion	neg 1.0		neg 0.5734888463829949 off 0.41922872579814624 __DUMMY__ 0.007282427818858839	false	1.0
eingehen	neg 1.0		neg 0.5809175325226053 off 0.41183960269224285 __DUMMY__ 0.0072428647851519555	false	1.0
faul	off 1.0		neg 0.5703511685881597 off 0.42236448514204133 __DUMMY__ 0.007284346269799026	false	0.5
provisorium	neg 1.0		neg 0.5860979185592428 off 0.40655913774866237 __DUMMY__ 0.007342943692094938	false	1.0
schmerzen	neg 1.0		neg 0.5768573521820947 off 0.4158598346033542 __DUMMY__ 0.007282813214551128	false	1.0
schrumpfen	neg 1.0		neg 0.5843433195850934 off 0.4083531682501757 __DUMMY__ 0.007303512164730835	false	1.0
geistlos	off 1.0		neg 0.5783354976402159 off 0.4145174476902599 __DUMMY__ 0.007147054669524258	false	0.5
fehlkauf	neg 1.0		neg 0.5743289592041962 off 0.4184438504247214 __DUMMY__ 0.007227190371082446	false	1.0
frustrierend	neg 1.0	neg 1.0	neg 0.7739030039274968 off 0.22263143033839447 __DUMMY__ 0.0034655657341086912	false	1.0
unzufrieden	neg 1.0		neg 0.5800278774744962 off 0.4127200502536528 __DUMMY__ 0.00725207227185091	false	1.0
verzweifeln	neg 1.0		neg 0.5771337962024826 off 0.4155969088706131 __DUMMY__ 0.007269294926904114	false	1.0
verzweifelt	neg 1.0		neg 0.5757330563431999 off 0.4170161113908269 __DUMMY__ 0.007250832265973111	false	1.0
misstrauensantrag	neg 1.0		neg 0.5751499504314866 off 0.4176405656900172 __DUMMY__ 0.007209483878496051	false	1.0
abfallen	neg 1.0		neg 0.5730419187428206 off 0.41964185938278137 __DUMMY__ 0.0073162218743980205	false	1.0
fucker	off 1.0		neg 0.569473781939783 off 0.42332054242195566 __DUMMY__ 0.007205675638261371	false	0.5
ungezogen	neg 1.0		neg 0.5627300449293288 off 0.4300709340938979 __DUMMY__ 0.007199020976773264	false	1.0
irrsinnig	neg 1.0	neg 1.0	neg 0.7761738712562539 off 0.22037243633826414 __DUMMY__ 0.003453692405481874	false	1.0
unfassbar	neg 1.0		neg 0.5717726740534027 off 0.42099161066217955 __DUMMY__ 0.007235715284417564	false	1.0
hart	neg 1.0		neg 0.5724730700378982 off 0.4203184554355799 __DUMMY__ 0.007208474526522045	false	1.0
widerlich	off 1.0		neg 0.5717603039873089 off 0.4210271863376774 __DUMMY__ 0.007212509675013811	false	0.5
fatal	neg 1.0		neg 0.5741907004847843 off 0.41857542102198103 __DUMMY__ 0.007233878493234642	false	1.0
bruch	neg 1.0		neg 0.5851562207142105 off 0.4076161544604071 __DUMMY__ 0.007227624825382362	false	1.0
aushungern	neg 1.0		neg 0.5790807161663039 off 0.41372691553859653 __DUMMY__ 0.007192368295099593	false	1.0
anspannung	neg 1.0		neg 0.5823020774902639 off 0.4103838373088702 __DUMMY__ 0.007314085200866038	false	1.0
von			neg 0.5794879345872079 off 0.4131944999159399 __DUMMY__ 0.0073175654968522345	false	0.0
kraftlos	neg 1.0		neg 0.5773278148688132 off 0.41535450545654934 __DUMMY__ 0.007317679674637303	false	1.0
vom			neg 0.5838260824856024 off 0.40881305586973743 __DUMMY__ 0.007360861644660227	false	0.0
grenzdebil	off 1.0		neg 0.5698067847082275 off 0.4229446670872674 __DUMMY__ 0.007248548204504878	false	0.5
vor			neg 0.5815646340651027 off 0.41113229559785835 __DUMMY__ 0.00730307033703886	false	0.0
unterwerfen	neg 1.0		neg 0.5813532243836287 off 0.41140546840436437 __DUMMY__ 0.007241307212006914	false	1.0
versenkung	neg 1.0		neg 0.5810137745908455 off 0.4117240439294696 __DUMMY__ 0.007262181479685165	false	1.0
entziehen	neg 1.0		neg 0.5836629164684428 off 0.4090763804930839 __DUMMY__ 0.007260703038473431	false	1.0
finanzkrise	neg 1.0		neg 0.5799384761794818 off 0.4128799527348158 __DUMMY__ 0.007181571085702375	false	1.0
schimpfend	neg 1.0		neg 0.5714050758060737 off 0.42126570274398084 __DUMMY__ 0.00732922144994539	false	1.0
profan	neg 1.0		neg 0.5746878640726232 off 0.4180640146641813 __DUMMY__ 0.00724812126319536	false	1.0
korruption	neg 1.0		neg 0.5818642747567548 off 0.4109459566736212 __DUMMY__ 0.007189768569624042	false	1.0
â			neg 0.5780720833408552 off 0.4146465812377817 __DUMMY__ 0.0072813354213629574	false	0.0
schmutzig	neg 1.0		neg 0.5689428861519973 off 0.42377654584349317 __DUMMY__ 0.007280568004509655	false	1.0
sexy	neg 1.0		neg 0.5718608964892824 off 0.4208899946062635 __DUMMY__ 0.007249108904454285	false	1.0
abraten	neg 1.0		neg 0.5743712723205293 off 0.41835286152456136 __DUMMY__ 0.007275866154909368	false	1.0
schwarz	neg 1.0		neg 0.5749558829268249 off 0.4178043653425559 __DUMMY__ 0.007239751730619164	false	1.0
fotze	off 1.0		neg 0.5790552711019392 off 0.41370960423594694 __DUMMY__ 0.0072351246621138515	false	0.5
verwirren	neg 1.0		neg 0.573631086848151 off 0.4191193091389516 __DUMMY__ 0.007249604012897287	false	1.0
zahnlos	off 1.0		neg 0.5805310462676665 off 0.41223631695129015 __DUMMY__ 0.007232636781043138	false	0.5
verheeren	neg 1.0		neg 0.5626630427296417 off 0.4301926051024598 __DUMMY__ 0.007144352167898453	false	1.0
hippie	neg 1.0		neg 0.5724386617854454 off 0.4203187571145107 __DUMMY__ 0.00724258110004382	false	1.0
rammen	neg 1.0		neg 0.5728382824014597 off 0.4199018917197004 __DUMMY__ 0.00725982587883974	false	1.0
unlauter	neg 1.0	neg 1.0	neg 0.775285063679878 off 0.221270799163541 __DUMMY__ 0.0034441371565808966	false	1.0
unheilvoll	neg 1.0		neg 0.5736499000688224 off 0.41907953106684065 __DUMMY__ 0.007270568864336838	false	1.0
niedrig	neg 1.0		neg 0.5799594016055247 off 0.41279193171457257 __DUMMY__ 0.007248666679902536	false	1.0
explosion	neg 1.0		neg 0.5722059997448659 off 0.4205332601701119 __DUMMY__ 0.007260740085022393	false	1.0
weichei	off 1.0		neg 0.5659394530859169 off 0.4268594882277472 __DUMMY__ 0.007201058686335903	false	0.5
minusmensch	off 1.0		neg 0.564021760919773 off 0.42885722544479493 __DUMMY__ 0.0071210136354321945	false	0.5
farblos	neg 1.0		neg 0.5758492791771894 off 0.4169106517853232 __DUMMY__ 0.007240069037487277	false	1.0
unwissend	neg 1.0	neg 1.0	neg 0.7737613439058354 off 0.22279224930221764 __DUMMY__ 0.0034464067919469984	false	1.0
traurig	neg 1.0		neg 0.5681897010666075 off 0.4245701503247556 __DUMMY__ 0.007240148608637045	false	1.0
senkung	neg 1.0		neg 0.5739306708585236 off 0.4188439697906422 __DUMMY__ 0.007225359350834237	false	1.0
ungleich	neg 1.0	neg 1.0	neg 0.7789500905576708 off 0.21759761862238144 __DUMMY__ 0.0034522908199476803	false	1.0
heikel	neg 1.0		neg 0.58224199244352 off 0.41049728591840745 __DUMMY__ 0.007260721638072437	false	1.0
drosselung	neg 1.0		neg 0.5671985926570959 off 0.4255529453828006 __DUMMY__ 0.0072484619601036445	false	1.0
falsch	neg 1.0		neg 0.5728832078225155 off 0.41987702732417526 __DUMMY__ 0.007239764853309275	false	1.0
unzufriedenheit	neg 1.0		neg 0.5828344456923511 off 0.4099132269008879 __DUMMY__ 0.0072523274067609715	false	1.0
kurz	neg 1.0		neg 0.5763045222371539 off 0.41638545530738225 __DUMMY__ 0.007310022455463885	false	1.0
unsinnig	neg 1.0		neg 0.5797286997566151 off 0.41302594358248 __DUMMY__ 0.0072453566609049485	false	1.0
penner	off 1.0	off 1.0	off 0.6975537639783577 neg 0.2990065375849191 __DUMMY__ 0.003439698436723385	false	1.0
seicht	neg 1.0		neg 0.5652733130923475 off 0.42757352456199826 __DUMMY__ 0.00715316234565432	false	1.0
dummheit	off 1.0	off 1.0	off 0.6911396943156641 neg 0.30541727858449946 __DUMMY__ 0.0034430270998364082	false	1.0
unerfreulich	neg 1.0		neg 0.5823496356007773 off 0.4103761984780679 __DUMMY__ 0.0072741659211548034	false	1.0
motherfucker	off 1.0	off 1.0	off 0.6945433124124837 neg 0.30201634510502756 __DUMMY__ 0.003440342482488723	false	1.0
pikiert	neg 1.0		neg 0.5729589929378808 off 0.4198220835076012 __DUMMY__ 0.007218923554518023	false	1.0
wrack	neg 1.0		neg 0.5772285521766607 off 0.41548156182020474 __DUMMY__ 0.007289886003134506	false	1.0
gangster	neg 1.0		neg 0.5733578358120757 off 0.4193988203761697 __DUMMY__ 0.0072433438117545995	false	1.0
krank	neg 1.0		neg 0.5690042184259653 off 0.4237271843660465 __DUMMY__ 0.007268597207988315	false	1.0
reich	neg 1.0		neg 0.5755136021749777 off 0.4173581483649151 __DUMMY__ 0.007128249460107151	false	1.0
gnadenlos	neg 1.0		neg 0.5758891618858418 off 0.41685939601699784 __DUMMY__ 0.007251442097160231	false	1.0
niedergeschlagen	neg 1.0		neg 0.5777379615081409 off 0.4149883298361094 __DUMMY__ 0.007273708655749739	false	1.0
terrorisieren	off 1.0	off 1.0	off 0.688715024567373 neg 0.30781142774482406 __DUMMY__ 0.0034735476878029917	false	1.0
sinnlosigkeit	neg 1.0		neg 0.580327497775207 off 0.4124362771645336 __DUMMY__ 0.007236225060259399	false	1.0
behindern	neg 1.0		neg 0.5754878146812786 off 0.41722844502747 __DUMMY__ 0.007283740291251317	false	1.0
undemokratisch	neg 1.0		neg 0.5785300489371741 off 0.41429674146073997 __DUMMY__ 0.007173209602085981	false	1.0
wirtschaftskrise	neg 1.0		neg 0.5809516174689043 off 0.4118378810419963 __DUMMY__ 0.00721050148909929	false	1.0
neid	neg 1.0		neg 0.5717469792836183 off 0.42097795098939395 __DUMMY__ 0.007275069726987774	false	1.0
rutschen	neg 1.0		neg 0.5801602412804496 off 0.41246280048758016 __DUMMY__ 0.00737695823197015	false	1.0
rezession	neg 1.0		neg 0.5695839112783644 off 0.4232631315785288 __DUMMY__ 0.007152957143106895	false	1.0
fehlgeburt	neg 1.0		neg 0.5762302536066715 off 0.416525464906793 __DUMMY__ 0.007244281486535525	false	1.0
charakterschwach	off 1.0		neg 0.5718155037120547 off 0.42096886772282216 __DUMMY__ 0.007215628565123076	false	0.5
isolation	neg 1.0		neg 0.5707502960484198 off 0.42200242030220675 __DUMMY__ 0.007247283649373539	false	1.0
ablenkung	neg 1.0		neg 0.575487084266945 off 0.4172341541366535 __DUMMY__ 0.007278761596401443	false	1.0
pech	neg 1.0		neg 0.5733460584948402 off 0.41940434980972935 __DUMMY__ 0.007249591695430537	false	1.0
vermeidung	neg 1.0		neg 0.5683528539481131 off 0.42439093432518016 __DUMMY__ 0.007256211726706809	false	1.0
dominieren	neg 1.0		neg 0.5781611539933388 off 0.4145866296535532 __DUMMY__ 0.007252216353108053	false	1.0
schwindlig	neg 1.0		neg 0.5718861111757781 off 0.42082390063924907 __DUMMY__ 0.007289988184972747	false	1.0
lutscher	neg 1.0		neg 0.5639334792213512 off 0.4289079146298086 __DUMMY__ 0.007158606148840129	false	1.0
pflicht	neg 1.0		neg 0.582707819794938 off 0.410036776264684 __DUMMY__ 0.007255403940377931	false	1.0
faschist	off 1.0		neg 0.5776768919533669 off 0.41515667421754665 __DUMMY__ 0.007166433829086422	false	0.5
verschleudern	neg 1.0		neg 0.5813051001151387 off 0.4114765098808932 __DUMMY__ 0.007218390003967963	false	1.0
wenn			neg 0.5725588942897635 off 0.4201941055251932 __DUMMY__ 0.007247000185043169	false	0.0
ehebruch	neg 1.0		neg 0.581550995054145 off 0.4112228365766255 __DUMMY__ 0.007226168369229465	false	1.0
spott	off 1.0		neg 0.5821864149037718 off 0.4105843114088657 __DUMMY__ 0.0072292736873624695	false	0.5
trostlosigkeit	neg 1.0		neg 0.5848770840271247 off 0.40792140212372985 __DUMMY__ 0.007201513849145613	false	1.0
lutschen	neg 1.0		neg 0.5730566293413504 off 0.4197358473472208 __DUMMY__ 0.007207523311428949	false	1.0
undiszipliniert	neg 1.0		neg 0.5693039080397154 off 0.4234653447787613 __DUMMY__ 0.0072307471815232	false	1.0
kopfschmerz	neg 1.0		neg 0.5771854854096524 off 0.41555454441764184 __DUMMY__ 0.0072599701727057205	false	1.0
unvorhergesehen	neg 1.0		neg 0.5761210419928781 off 0.4165597224939429 __DUMMY__ 0.007319235513179044	false	1.0
desinteressiert	neg 1.0		neg 0.5705701999027362 off 0.42221833357450805 __DUMMY__ 0.007211466522755665	false	1.0
armselig	off 1.0		neg 0.5700792345585811 off 0.42272419744566836 __DUMMY__ 0.0071965679957504735	false	0.5
desaster	neg 1.0		neg 0.585273516170374 off 0.4074932759976297 __DUMMY__ 0.0072332078319962065	false	1.0
tod	neg 1.0		neg 0.5825131640742598 off 0.41027954614167683 __DUMMY__ 0.007207289784063297	false	1.0
herzlos	neg 1.0		neg 0.5676620335145418 off 0.4251047534338475 __DUMMY__ 0.007233213051610624	false	1.0
unwissenheit	neg 1.0		neg 0.5811253901023822 off 0.4116546899093547 __DUMMY__ 0.007219919988262975	false	1.0
widersinnig	neg 1.0		neg 0.5814414973678329 off 0.4113795448456332 __DUMMY__ 0.007178957786533958	false	1.0
bedenklich	neg 1.0		neg 0.5813291626424424 off 0.41141669238842826 __DUMMY__ 0.0072541449691294465	false	1.0
beanstanden	neg 1.0		neg 0.5828587266047363 off 0.40988052274440506 __DUMMY__ 0.007260750650858809	false	1.0
panisch	neg 1.0	neg 1.0	neg 0.7731939085740961 off 0.2233047649477234 __DUMMY__ 0.003501326478180486	false	1.0
debil	off 1.0		neg 0.5852961186779393 off 0.4074279465070262 __DUMMY__ 0.0072759348150345056	false	0.5
abstrich	neg 1.0		neg 0.5739375529377764 off 0.4187595662014802 __DUMMY__ 0.007302880860743459	false	1.0
primitiv	neg 1.0		neg 0.5712897168618288 off 0.4215019615774619 __DUMMY__ 0.007208321560709373	false	1.0
abschaum	off 1.0	off 1.0	off 0.692410627488857 neg 0.30415267873457386 __DUMMY__ 0.0034366937765692666	false	1.0
provozieren	neg 1.0		neg 0.5777743007130194 off 0.41500041429050893 __DUMMY__ 0.00722528499647155	false	1.0
tot	neg 1.0		neg 0.5786227059689317 off 0.4141458451203673 __DUMMY__ 0.007231448910701003	false	1.0
instabil	neg 1.0		neg 0.570016423735368 off 0.4228181739524762 __DUMMY__ 0.007165402312155841	false	1.0
schwuchtel	off 1.0		neg 0.5599287225109477 off 0.4329623315306817 __DUMMY__ 0.007108945958370687	false	0.5
zerren	neg 1.0		neg 0.5776714504469078 off 0.41505021142689863 __DUMMY__ 0.0072783381261936776	false	1.0
kinderficker	off 1.0		neg 0.5681250880215272 off 0.4246971430976893 __DUMMY__ 0.007177768880783716	false	0.5
gefahr	neg 1.0		neg 0.5814775879346188 off 0.41128779546523914 __DUMMY__ 0.007234616600142086	false	1.0
rabiat	neg 1.0		neg 0.5768534894810173 off 0.41589322013903884 __DUMMY__ 0.007253290379943677	false	1.0
verlangsamung	neg 1.0		neg 0.5658414099223599 off 0.42701023097818347 __DUMMY__ 0.007148359099456602	false	1.0
ausgestorben	neg 1.0		neg 0.5778236425230782 off 0.4149044096650543 __DUMMY__ 0.007271947811867494	false	1.0
anklagen	neg 1.0		neg 0.5788832837986931 off 0.41390052723844645 __DUMMY__ 0.007216188962860359	false	1.0
trott	neg 1.0		neg 0.5759208054413316 off 0.41680842421596187 __DUMMY__ 0.007270770342706442	false	1.0
verminderung	neg 1.0		neg 0.568671262996903 off 0.4241011442034879 __DUMMY__ 0.007227592799609111	false	1.0
nach			neg 0.581984214095663 off 0.410672779989339 __DUMMY__ 0.00734300591499811	false	0.0
rost	neg 1.0		neg 0.5639157421690216 off 0.4289031366796576 __DUMMY__ 0.007181121151320725	false	1.0
destruktiv	neg 1.0		neg 0.5797353577433476 off 0.4130518340161758 __DUMMY__ 0.007212808240476632	false	1.0
unzumutbarkeit	neg 1.0		neg 0.5687207044226739 off 0.4240329880282409 __DUMMY__ 0.007246307549085128	false	1.0
labil	off 1.0	off 1.0	off 0.6933538448573279 neg 0.30320364840193287 __DUMMY__ 0.0034425067407392426	false	1.0
ziemlich	neg 1.0		neg 0.5706984730562752 off 0.42205851261623734 __DUMMY__ 0.0072430143274875266	false	1.0
lachnummer	off 1.0		neg 0.579494828128468 off 0.4132874237023224 __DUMMY__ 0.0072177481692095825	false	0.5
oder			neg 0.5755101646919739 off 0.41720342720554865 __DUMMY__ 0.007286408102477409	false	0.0
verfall	neg 1.0		neg 0.5855251692053646 off 0.40719679702399014 __DUMMY__ 0.00727803377064521	false	1.0
ausgrenzung	neg 1.0		neg 0.5776716052139255 off 0.4151545977035021 __DUMMY__ 0.007173797082572348	false	1.0
unordnung	neg 1.0		neg 0.5682472558454454 off 0.42456916669872447 __DUMMY__ 0.007183577455830225	false	1.0
fehlverhalten	neg 1.0		neg 0.5823064659416454 off 0.41045990183216974 __DUMMY__ 0.007233632226185051	false	1.0
eine			neg 0.581753143913534 off 0.41095587119780924 __DUMMY__ 0.007290984888656669	false	0.0
nille	neg 1.0		neg 0.578162076791031 off 0.4146239584144275 __DUMMY__ 0.007213964794541375	false	1.0
qual	neg 1.0		neg 0.5761882852150971 off 0.41654483027447087 __DUMMY__ 0.007266884510432025	false	1.0
verschwenden	neg 1.0		neg 0.5808361267664838 off 0.4119016688587434 __DUMMY__ 0.0072622043747728555	false	1.0
riesig	neg 1.0		neg 0.5773132110939648 off 0.4154248951133642 __DUMMY__ 0.007261893792671072	false	1.0
verurteilen	neg 1.0		neg 0.5811080123724729 off 0.4116776715574706 __DUMMY__ 0.007214316070056546	false	1.0
klischee	neg 1.0	neg 1.0	neg 0.7750788805235417 off 0.22148130855997894 __DUMMY__ 0.0034398109164793847	false	1.0
diktatorisch	neg 1.0		neg 0.5797300059122432 off 0.41312009062384664 __DUMMY__ 0.007149903463910059	false	1.0
vorhersehbar	neg 1.0		neg 0.576751771103514 off 0.4160458477196968 __DUMMY__ 0.007202381176788944	false	1.0
sowie			neg 0.5671352492369233 off 0.4257051552635108 __DUMMY__ 0.007159595499565909	false	0.0
stornieren	neg 1.0		neg 0.5722443678003881 off 0.4204761344857667 __DUMMY__ 0.007279497713845094	false	1.0
besteuerung	neg 1.0		neg 0.5761926561484978 off 0.41658331590818426 __DUMMY__ 0.007224027943317917	false	1.0
ungeschminkt	neg 1.0		neg 0.570784253147266 off 0.4219941444161855 __DUMMY__ 0.0072216024365484655	false	1.0
kritisch	neg 1.0		neg 0.5820316142010538 off 0.4107368723921601 __DUMMY__ 0.00723151340678611	false	1.0
schlamperei	off 1.0		neg 0.5812095950007191 off 0.4115602853578841 __DUMMY__ 0.0072301196413968195	false	0.5
sucht	neg 1.0	neg 1.0	neg 0.7723905428230956 off 0.22410667680916418 __DUMMY__ 0.0035027803677401123	false	1.0
egoistisch	off 1.0		neg 0.5660591983941143 off 0.4267366567130438 __DUMMY__ 0.007204144892842054	false	0.5
ausbeuter	off 1.0		neg 0.5833703065332642 off 0.4094098806312058 __DUMMY__ 0.007219812835529979	false	0.5
arschgeburt	off 1.0		neg 0.5601117783424119 off 0.4327794125630582 __DUMMY__ 0.0071088090945299045	false	0.5
schubs	neg 1.0	neg 1.0	neg 0.7761473017674644 off 0.2203569319693844 __DUMMY__ 0.0034957662631513093	false	1.0
unsolide	neg 1.0		neg 0.5767544279831486 off 0.41612112569057313 __DUMMY__ 0.007124446326278333	false	1.0
beschwerde	neg 1.0		neg 0.5802372234226751 off 0.41253184467719317 __DUMMY__ 0.007230931900131629	false	1.0
stocken	neg 1.0		neg 0.5792300638492716 off 0.41350405078663227 __DUMMY__ 0.007265885364096174	false	1.0
isolieren	neg 1.0		neg 0.5759721013364895 off 0.4167408226531876 __DUMMY__ 0.007287076010322886	false	1.0
unheilbar	neg 1.0		neg 0.5769050201283836 off 0.4158587512760606 __DUMMY__ 0.007236228595555742	false	1.0
pisser	off 1.0		neg 0.5692153255984428 off 0.42360210241853374 __DUMMY__ 0.007182571983023512	false	0.5
löschen	neg 1.0		neg 0.5756880907475546 off 0.41706874286662055 __DUMMY__ 0.007243166385824961	false	1.0
durchfallen	neg 1.0		neg 0.5804409580667326 off 0.4123002710746266 __DUMMY__ 0.007258770858640866	false	1.0
wichser	off 1.0		neg 0.5619980433869602 off 0.43083061904471137 __DUMMY__ 0.007171337568328363	false	0.5
terror	neg 1.0		neg 0.571169982670346 off 0.42155721845902544 __DUMMY__ 0.007272798870628443	false	1.0
krass	neg 1.0		neg 0.5678457307852075 off 0.42493808381793524 __DUMMY__ 0.007216185396857168	false	1.0
revolte	neg 1.0	neg 1.0	neg 0.7763943159783759 off 0.22019945973825505 __DUMMY__ 0.0034062242833690524	false	1.0
besorgt	neg 1.0		neg 0.5755625118052072 off 0.4171142664481662 __DUMMY__ 0.007323221746626565	false	1.0
nachlassen	neg 1.0		neg 0.5780424571849047 off 0.4146783416470639 __DUMMY__ 0.007279201168031349	false	1.0
alt	neg 1.0		neg 0.5784740664187045 off 0.41421355375865765 __DUMMY__ 0.007312379822637872	false	1.0
hundesohn	off 1.0		neg 0.5643621128276488 off 0.4285002418354978 __DUMMY__ 0.007137645336853448	false	0.5
als			neg 0.5784021482055028 off 0.41431504142254194 __DUMMY__ 0.007282810371955236	false	0.0
abschreckung	neg 1.0		neg 0.5832490421177644 off 0.4095053323497808 __DUMMY__ 0.007245625532454627	false	1.0
unqualifiziert	neg 1.0		neg 0.5758025681241195 off 0.41698458098525604 __DUMMY__ 0.0072128508906244134	false	1.0
abgewichst	off 1.0		neg 0.5781414173117693 off 0.4146171509932806 __DUMMY__ 0.0072414316949501924	false	0.5
schwer	neg 1.0		neg 0.5768244570053219 off 0.4159054553552065 __DUMMY__ 0.007270087639471623	false	1.0
bedeutungslosigkeit	neg 1.0		neg 0.5830186061970071 off 0.4097462780342361 __DUMMY__ 0.007235115768756756	false	1.0
kapitulation	neg 1.0		neg 0.5832437902990468 off 0.4095819362353038 __DUMMY__ 0.007174273465649411	false	1.0
unscharf	neg 1.0		neg 0.5735084716989908 off 0.41924831597131523 __DUMMY__ 0.007243212329693912	false	1.0
schwinden	neg 1.0		neg 0.5813067079099361 off 0.41143090891426715 __DUMMY__ 0.007262383175796761	false	1.0
versklavung	neg 1.0	neg 1.0	neg 0.7770624344209857 off 0.2195147355077956 __DUMMY__ 0.003422830071218678	false	1.0
schlecht	neg 1.0		neg 0.5700200051590691 off 0.4227303006773418 __DUMMY__ 0.007249694163588969	false	1.0
verhasst	neg 1.0		neg 0.5781540032156548 off 0.4146305990178843 __DUMMY__ 0.007215397766460901	false	1.0
beschweren	neg 1.0		neg 0.5747098354557681 off 0.41802915953064484 __DUMMY__ 0.007261005013586903	false	1.0
scheiden	neg 1.0		neg 0.5770631092319167 off 0.41567584391876916 __DUMMY__ 0.007261046849314183	false	1.0
frustriert	neg 1.0		neg 0.5783502679331074 off 0.4143883599729717 __DUMMY__ 0.00726137209392085	false	1.0
schimmelig	neg 1.0		neg 0.5803920484876773 off 0.4123579455144918 __DUMMY__ 0.00725000599783091	false	1.0
fisch	neg 1.0	neg 1.0	neg 0.7760493280900872 off 0.22045404252823556 __DUMMY__ 0.003496629381677268	false	1.0
schmuggel	neg 1.0		neg 0.5800385391283099 off 0.4126614555312066 __DUMMY__ 0.007300005340483444	false	1.0
auffallen	neg 1.0		neg 0.57444932192134 off 0.4182973564387838 __DUMMY__ 0.0072533216398761235	false	1.0
konkurrenz	neg 1.0		neg 0.5813985576304179 off 0.41130788905406973 __DUMMY__ 0.007293553315512404	false	1.0
teufelskreis	neg 1.0		neg 0.5789054277680568 off 0.41385253079711515 __DUMMY__ 0.007242041434828139	false	1.0
aufschreien	neg 1.0		neg 0.5759651804797525 off 0.416814517286682 __DUMMY__ 0.0072203022335655094	false	1.0
schuldner	neg 1.0		neg 0.5822384208890605 off 0.4105372964813564 __DUMMY__ 0.00722428262958308	false	1.0
missgeburt	off 1.0	off 1.0	off 0.6962881839218512 neg 0.3002894598441412 __DUMMY__ 0.0034223562340075122	false	1.0
arbeitslos	neg 1.0		neg 0.5800755960260361 off 0.4126821568818611 __DUMMY__ 0.007242247092102739	false	1.0
befallen	neg 1.0		neg 0.5819830940118853 off 0.41082792179111666 __DUMMY__ 0.007188984196998071	false	1.0
miesepetrig	off 1.0		neg 0.570033400374762 off 0.4227099995551213 __DUMMY__ 0.007256600070116656	false	0.5
alarmieren	neg 1.0		neg 0.5729664782547254 off 0.4198329074616046 __DUMMY__ 0.007200614283669885	false	1.0
ungeduscht	off 1.0		neg 0.5731308554664962 off 0.41962046688247956 __DUMMY__ 0.007248677651024372	false	0.5
knappheit	neg 1.0		neg 0.5794330401864629 off 0.4133247281900277 __DUMMY__ 0.007242231623509287	false	1.0
schlange	neg 1.0		neg 0.5738837095695639 off 0.41883306556671573 __DUMMY__ 0.007283224863720239	false	1.0
harsch	neg 1.0		neg 0.5636725202345018 off 0.42909875877047426 __DUMMY__ 0.007228720995023922	false	1.0
lang	neg 1.0		neg 0.5751503200643371 off 0.4175962460467685 __DUMMY__ 0.007253433888894379	false	1.0
ziellos	neg 1.0		neg 0.5793406834109284 off 0.4133863605454617 __DUMMY__ 0.007272956043609938	false	1.0
selbstverliebt	neg 1.0		neg 0.5628144700704981 off 0.43006341068052606 __DUMMY__ 0.007122119248975948	false	1.0
beseitigen	neg 1.0		neg 0.5735010847479255 off 0.4192061255606967 __DUMMY__ 0.007292789691377922	false	1.0
dumm	off 1.0		neg 0.5659763338046644 off 0.4268368657068726 __DUMMY__ 0.007186800488462802	false	0.5
arbeitsloser	neg 1.0		neg 0.5807793916774523 off 0.41197258303230916 __DUMMY__ 0.007248025290238467	false	1.0
blitzen	neg 1.0		neg 0.5733095413102028 off 0.4194625510660469 __DUMMY__ 0.007227907623750209	false	1.0
hilflos	neg 1.0		neg 0.5785542121136324 off 0.4141797639661356 __DUMMY__ 0.007266023920232005	false	1.0
eklig	off 1.0		neg 0.5655823233458209 off 0.42724733000923243 __DUMMY__ 0.007170346644946536	false	0.5
begriff			neg 0.5789857598763865 off 0.41376852281623905 __DUMMY__ 0.007245717307374453	false	0.0
hungersnot	neg 1.0		neg 0.5806820820062667 off 0.41214985242961166 __DUMMY__ 0.00716806556412164	false	1.0
ungesetzlich	neg 1.0		neg 0.5776010008182784 off 0.415235846778329 __DUMMY__ 0.007163152403392784	false	1.0
verschwendung	neg 1.0		neg 0.5817659550954226 off 0.41096962727071873 __DUMMY__ 0.00726441763385881	false	1.0
schmerzvoll	neg 1.0		neg 0.574827038529233 off 0.41791403593430526 __DUMMY__ 0.0072589255364617	false	1.0
vorzeitig	neg 1.0		neg 0.5705195931706472 off 0.42224013018191103 __DUMMY__ 0.007240276647441775	false	1.0
unvollkommenheit	neg 1.0		neg 0.5765707290986472 off 0.416179831427418 __DUMMY__ 0.0072494394739348565	false	1.0
intervenieren	neg 1.0		neg 0.5833029039081176 off 0.40948672587911045 __DUMMY__ 0.00721037021277207	false	1.0
banause	off 1.0		neg 0.5643918389295772 off 0.42845092557988373 __DUMMY__ 0.007157235490539205	false	0.5
rebell	neg 1.0		neg 0.5814738648945947 off 0.4112398434373985 __DUMMY__ 0.007286291668006976	false	1.0
unlogisch	neg 1.0		neg 0.569375153345222 off 0.4234196917358663 __DUMMY__ 0.007205154918911714	false	1.0
leiden	neg 1.0	neg 1.0	neg 0.7762391197851087 off 0.22022888058387158 __DUMMY__ 0.0035319996310197465	false	1.0
abschaffung	neg 1.0		neg 0.5772825190295795 off 0.4155077491337879 __DUMMY__ 0.007209731836632597	false	1.0
sturz	neg 1.0		neg 0.5769675742327389 off 0.4158311392570142 __DUMMY__ 0.007201286510246896	false	1.0
verkleinerung	neg 1.0		neg 0.5747602027854384 off 0.41805788755434553 __DUMMY__ 0.007181909660216199	false	1.0
schmarotzer	off 1.0		neg 0.581455320426261 off 0.41132157101663414 __DUMMY__ 0.007223108557104777	false	0.5
bestrafung	neg 1.0		neg 0.5763285223149576 off 0.41643729075286134 __DUMMY__ 0.0072341869321810885	false	1.0
achtlos	neg 1.0		neg 0.5762239969394557 off 0.41649329031403165 __DUMMY__ 0.007282712746512609	false	1.0
ungeheuer	neg 1.0		neg 0.574942572737352 off 0.4178235320157883 __DUMMY__ 0.007233895246859543	false	1.0
