unsolidarisch	neg 1.0		neg 0.3927334591756171 __DUMMY__ 0.32981635459074843 off 0.27745018623363454	false	1.0
nachteilig	neg 1.0		neg 0.3896401221069995 __DUMMY__ 0.3342755371614714 off 0.2760843407315291	false	1.0
skeptisch	neg 1.0		neg 0.3911777373729024 __DUMMY__ 0.33535677191259405 off 0.27346549071450366	false	1.0
schrecklich	neg 1.0		neg 0.37911023283497497 __DUMMY__ 0.3328021998775074 off 0.2880875672875176	false	1.0
schlapp	neg 1.0		neg 0.3803408061924235 __DUMMY__ 0.3352357279494608 off 0.2844234658581156	false	1.0
abfall	neg 1.0		neg 0.3925493512839513 __DUMMY__ 0.33571678154026013 off 0.27173386717578846	false	1.0
widerspenstig	neg 1.0		neg 0.3844389804835284 __DUMMY__ 0.3360487112204587 off 0.279512308296013	false	1.0
abrupt	neg 1.0		neg 0.3854336943323813 __DUMMY__ 0.3364712327105531 off 0.27809507295706565	false	1.0
unwirksam	neg 1.0		neg 0.389909783662159 __DUMMY__ 0.3314192828350926 off 0.27867093350274835	false	1.0
angreifen	neg 1.0		neg 0.39117887527950795 __DUMMY__ 0.33432837011383143 off 0.27449275460666045	false	1.0
inkonsistent	neg 1.0		neg 0.3856085077382078 __DUMMY__ 0.33321041808729296 off 0.2811810741744992	false	1.0
abrutschen	neg 1.0		neg 0.39137485032734465 __DUMMY__ 0.3363747263634439 off 0.27225042330921145	false	1.0
unsicher	neg 1.0		neg 0.38562769991921564 __DUMMY__ 0.33514214468095144 off 0.27923015539983276	false	1.0
bauernkind	off 1.0		neg 0.37936610682883737 __DUMMY__ 0.32997780115352954 off 0.29065609201763315	false	0.5
angreifer	neg 1.0		neg 0.38587528194335957 __DUMMY__ 0.3322844425160615 off 0.28184027554057894	false	1.0
trennen	neg 1.0		neg 0.3870132477594512 __DUMMY__ 0.33755687337513357 off 0.27542987886541526	false	1.0
schmutz	neg 1.0		neg 0.37609450019244806 __DUMMY__ 0.33720211645393616 off 0.28670338335361595	false	1.0
inkonsistenz	neg 1.0	neg 1.0	neg 0.6832096176073184 __DUMMY__ 0.16100778119454154 off 0.15578260119814014	false	1.0
erschreckend	neg 1.0		neg 0.3887681898382598 __DUMMY__ 0.33397874298539365 off 0.27725306717634646	false	1.0
ertrinken	neg 1.0		neg 0.3876477969960937 __DUMMY__ 0.3362438985688438 off 0.2761083044350626	false	1.0
pickelface	off 1.0		neg 0.3870514332939987 __DUMMY__ 0.3332332068884219 off 0.27971535981757945	false	0.5
seiner			neg 0.3902412710380338 __DUMMY__ 0.33509190765870045 off 0.2746668213032657	false	0.0
lauch	neg 1.0		neg 0.3909629056615569 __DUMMY__ 0.33562985515660415 off 0.27340723918183896	false	1.0
unwichtig	neg 1.0		neg 0.3831802639069621 __DUMMY__ 0.3333330547255959 off 0.283486681367442	false	1.0
steuerhinterziehung	neg 1.0		neg 0.39121715004318997 __DUMMY__ 0.3317037922623134 off 0.27707905769449664	false	1.0
schock	neg 1.0		neg 0.3852259616425962 __DUMMY__ 0.33662048994427357 off 0.2781535484131303	false	1.0
beule	neg 1.0		neg 0.37919105488211996 __DUMMY__ 0.33494601652235995 off 0.28586292859552	false	1.0
vergelten	neg 1.0		neg 0.37998538631822204 __DUMMY__ 0.3310412290750767 off 0.28897338460670124	false	1.0
verdorbenheit	neg 1.0		neg 0.3821139621906046 __DUMMY__ 0.3362004897913747 off 0.2816855480180207	false	1.0
trauma	neg 1.0		neg 0.3849206688810264 __DUMMY__ 0.3340791564999747 off 0.28100017461899873	false	1.0
sinnlos	neg 1.0		neg 0.38470777019408353 __DUMMY__ 0.33409772292792445 off 0.28119450687799213	false	1.0
fettsack	off 1.0	off 1.0	off 0.6302660446255854 neg 0.20956475499469834 __DUMMY__ 0.1601692003797162	false	1.0
feige	off 1.0		neg 0.38507404296438086 __DUMMY__ 0.3323443921182537 off 0.2825815649173654	false	0.5
abdanken	neg 1.0		neg 0.3930736759025672 __DUMMY__ 0.33039824411252655 off 0.2765280799849062	false	1.0
wichtigtuer	off 1.0	off 1.0	off 0.6248529295788743 neg 0.21414132741179184 __DUMMY__ 0.16100574300933393	false	1.0
misslingen	neg 1.0		neg 0.38131903090781066 __DUMMY__ 0.33622417261778786 off 0.2824567964744014	false	1.0
untreu	off 1.0		neg 0.3819004593311421 __DUMMY__ 0.3335642514976703 off 0.28453528917118764	false	0.5
missmutig	neg 1.0		neg 0.38137179940485355 __DUMMY__ 0.33500694561545113 off 0.28362125497969537	false	1.0
hurenbock	off 1.0		neg 0.3812202756195705 __DUMMY__ 0.33664697895604595 off 0.2821327454243836	false	0.5
betrunken	neg 1.0		neg 0.3790435312384653 __DUMMY__ 0.3343298823997611 off 0.28662658636177374	false	1.0
korrupt	off 1.0		neg 0.3935476963052034 __DUMMY__ 0.33127120395375004 off 0.27518109974104643	false	0.5
unmut	neg 1.0		neg 0.39244410459399015 __DUMMY__ 0.3351358434861222 off 0.27242005191988766	false	1.0
hackfresse	off 1.0		neg 0.3765715739037419 __DUMMY__ 0.33188325056481877 off 0.29154517553143927	false	0.5
aufblasen	neg 1.0		neg 0.3831073694533908 __DUMMY__ 0.33574894178884257 off 0.2811436887577667	false	1.0
gewaltsam	neg 1.0		neg 0.3885930536416204 __DUMMY__ 0.3320744576240246 off 0.27933248873435507	false	1.0
unbeliebtheit	neg 1.0		neg 0.38831273237501823 __DUMMY__ 0.3281685630923664 off 0.2835187045326154	false	1.0
sturheit	neg 1.0		neg 0.3906859474339348 __DUMMY__ 0.33260101165514117 off 0.27671304091092414	false	1.0
kuh	neg 1.0		neg 0.386865976664142 __DUMMY__ 0.33285544891605867 off 0.2802785744197993	false	1.0
erschrecken	neg 1.0		neg 0.3820625589257476 __DUMMY__ 0.33476855383760695 off 0.28316888723664535	false	1.0
opfer	neg 1.0	neg 1.0	neg 0.6857350193355016 __DUMMY__ 0.1621376754777502 off 0.15212730518674808	false	1.0
sinken	neg 1.0		neg 0.3911767179978201 __DUMMY__ 0.3354010649770405 off 0.2734222170251394	false	1.0
stinktier	neg 1.0		neg 0.3806786006802952 __DUMMY__ 0.3313883631223194 off 0.28793303619738536	false	1.0
tucke	off 1.0		neg 0.37484587417145354 __DUMMY__ 0.33254782936377836 off 0.292606296464768	false	0.5
ein			neg 0.38224307384832423 __DUMMY__ 0.3368744415878181 off 0.28088248456385756	false	0.0
abstieg	neg 1.0		neg 0.39027402311943443 __DUMMY__ 0.33313416617665426 off 0.2765918107039114	false	1.0
missverstehen	neg 1.0		neg 0.3870245407716443 __DUMMY__ 0.33265417878176906 off 0.28032128044658666	false	1.0
ergebnislos	neg 1.0		neg 0.389545661831646 __DUMMY__ 0.33393888726586735 off 0.2765154509024867	false	1.0
unter			neg 0.390979081947114 __DUMMY__ 0.33934128037244427 off 0.26967963768044173	false	0.0
manipulieren	neg 1.0		neg 0.39149748831032777 __DUMMY__ 0.3342852721114579 off 0.27421723957821437	false	1.0
unbewiesen	neg 1.0		neg 0.3935370871712455 __DUMMY__ 0.32947554082003283 off 0.27698737200872164	false	1.0
verschleppen	neg 1.0		neg 0.390541564618327 __DUMMY__ 0.33345669313322895 off 0.2760017422484439	false	1.0
weib	off 1.0		neg 0.37644987347085623 __DUMMY__ 0.3309947468763946 off 0.29255537965274914	false	0.5
opposition	neg 1.0		neg 0.3891395136275153 __DUMMY__ 0.3311714250368304 off 0.27968906133565424	false	1.0
verkehrswidrig	neg 1.0		neg 0.3763085571390545 __DUMMY__ 0.33342199977640863 off 0.2902694430845368	false	1.0
inkorrekt	neg 1.0		neg 0.38686239184851146 __DUMMY__ 0.33002862760664886 off 0.28310898054483963	false	1.0
vermeiden	neg 1.0		neg 0.3911119044950191 __DUMMY__ 0.337474677580189 off 0.27141341792479196	false	1.0
abweichung	neg 1.0		neg 0.393742394165325 __DUMMY__ 0.3313034593728979 off 0.2749541464617771	false	1.0
alkoholisiert	neg 1.0		neg 0.3873180302670948 __DUMMY__ 0.335516349361227 off 0.277165620371678	false	1.0
scheiss	off 1.0	off 1.0	off 0.6280785927112486 neg 0.21031172961279415 __DUMMY__ 0.16160967767595724	false	1.0
herausforderung	neg 1.0		neg 0.38377011744689266 __DUMMY__ 0.33797626195594227 off 0.2782536205971651	false	1.0
pervers	off 1.0		neg 0.37380468408364276 __DUMMY__ 0.33066573752642303 off 0.2955295783899341	false	0.5
wackelig	neg 1.0		neg 0.38397371282954335 __DUMMY__ 0.33789615212577506 off 0.2781301350446815	false	1.0
verwickeln	neg 1.0		neg 0.38594770343086565 __DUMMY__ 0.33354373223727674 off 0.28050856433185767	false	1.0
vorwand	neg 1.0		neg 0.3925371876049011 __DUMMY__ 0.33447525513117266 off 0.2729875572639263	false	1.0
muschi	off 1.0		neg 0.38784140330632433 __DUMMY__ 0.33308175956934966 off 0.279076837124326	false	0.5
entmutigung	neg 1.0		neg 0.39337444619276474 __DUMMY__ 0.32788643645232557 off 0.2787391173549098	false	1.0
unangemessen	neg 1.0		neg 0.391905518085362 __DUMMY__ 0.3326172028695647 off 0.2754772790450733	false	1.0
unstetig	neg 1.0		neg 0.3848521512752483 __DUMMY__ 0.3326197280011447 off 0.282528120723607	false	1.0
entmutigen	neg 1.0		neg 0.384896841333168 __DUMMY__ 0.3347481421897387 off 0.2803550164770933	false	1.0
schwanz	neg 1.0		neg 0.3880095790683392 __DUMMY__ 0.334621304203839 off 0.2773691167278218	false	1.0
verbot	neg 1.0		neg 0.39186743002444846 __DUMMY__ 0.33191422250127184 off 0.27621834747427976	false	1.0
leid	neg 1.0		neg 0.377892222002886 __DUMMY__ 0.3323984281759519 off 0.28970934982116225	false	1.0
archaisch	neg 1.0		neg 0.3908541819098095 __DUMMY__ 0.33294067452008397 off 0.27620514357010656	false	1.0
gegen			neg 0.39272697709093096 __DUMMY__ 0.33400097871114043 off 0.2732720441979286	false	0.0
scheidung	neg 1.0	neg 1.0	neg 0.6718807823719773 off 0.16818088671903483 __DUMMY__ 0.15993833090898785	false	1.0
einschlag	neg 1.0		neg 0.3783981612903952 __DUMMY__ 0.33239786424009676 off 0.2892039744695081	false	1.0
m			neg 0.38602795402317225 __DUMMY__ 0.33562859348261664 off 0.27834345249421116	false	0.0
abgestanden	neg 1.0		neg 0.38485418321225473 __DUMMY__ 0.3354680872130338 off 0.27967772957471143	false	1.0
schmierig	off 1.0		neg 0.3777628674348289 __DUMMY__ 0.3333010812475491 off 0.288936051317622	false	0.5
unpraktisch	neg 1.0		neg 0.3826798068943574 __DUMMY__ 0.33605565220160105 off 0.28126454090404157	false	1.0
wixxer	off 1.0		neg 0.37530758827577 __DUMMY__ 0.32957848094813463 off 0.2951139307760953	false	0.5
bezeichnet			neg 0.3893723787039619 __DUMMY__ 0.33307420217027056 off 0.27755341912576753	false	0.0
jammerlappen	off 1.0		neg 0.38264722483335845 __DUMMY__ 0.33368661735681 off 0.2836661578098316	false	0.5
farce	neg 1.0		neg 0.3950046182626124 __DUMMY__ 0.32962757200158044 off 0.2753678097358072	false	1.0
zwecklos	neg 1.0		neg 0.3910534560018184 __DUMMY__ 0.33342179248050563 off 0.275524751517676	false	1.0
turbulent	neg 1.0		neg 0.380666783052266 __DUMMY__ 0.3319918202863784 off 0.2873413966613556	false	1.0
invasion	neg 1.0		neg 0.38206737825566706 __DUMMY__ 0.3348799336468387 off 0.2830526880974941	false	1.0
schuld	neg 1.0		neg 0.38661777529420005 __DUMMY__ 0.33380799669017025 off 0.2795742280156298	false	1.0
risiko	neg 1.0		neg 0.3804878612960472 __DUMMY__ 0.33576080420059623 off 0.2837513345033566	false	1.0
finster	neg 1.0		neg 0.38367923064263 __DUMMY__ 0.3360426518534945 off 0.28027811750387555	false	1.0
geisteskrank	off 1.0		neg 0.38452009108287877 __DUMMY__ 0.3312183016783067 off 0.28426160723881444	false	0.5
zusammenbrechen	neg 1.0		neg 0.38654822472510186 __DUMMY__ 0.33554916825298564 off 0.2779026070219126	false	1.0
ausbeute	neg 1.0		neg 0.3859907038059195 __DUMMY__ 0.3367058585711157 off 0.2773034376229647	false	1.0
hinterhalt	neg 1.0		neg 0.3854359682519907 __DUMMY__ 0.3341650081603057 off 0.2803990235877036	false	1.0
kritik	neg 1.0		neg 0.39369770071602833 __DUMMY__ 0.33048188784775234 off 0.27582041143621927	false	1.0
einschrumpfen	neg 1.0		neg 0.387091307208216 __DUMMY__ 0.3309550374216788 off 0.2819536553701051	false	1.0
riskant	neg 1.0		neg 0.3897644896184674 __DUMMY__ 0.3351195980011296 off 0.27511591238040295	false	1.0
frustrieren	neg 1.0		neg 0.39092044530844483 __DUMMY__ 0.3344391719612644 off 0.2746403827302908	false	1.0
groll	neg 1.0		neg 0.3905485884885375 __DUMMY__ 0.33359471794858053 off 0.275856693562882	false	1.0
gibt			neg 0.3886953714392136 __DUMMY__ 0.33448619388389444 off 0.276818434676892	false	0.0
qualvoll	neg 1.0		neg 0.3829797952488015 __DUMMY__ 0.3350346483323733 off 0.28198555641882517	false	1.0
wackeln	neg 1.0		neg 0.38198095836045953 __DUMMY__ 0.336879567539958 off 0.2811394740995824	false	1.0
klagen	neg 1.0		neg 0.39307912711545895 __DUMMY__ 0.3341637017183869 off 0.2727571711661542	false	1.0
bankrott	neg 1.0		neg 0.3807163985132301 __DUMMY__ 0.33458994502427225 off 0.2846936564624978	false	1.0
trauern	neg 1.0		neg 0.3893812140631759 __DUMMY__ 0.33516360726931527 off 0.2754551786675089	false	1.0
ablehnung	neg 1.0	neg 1.0	neg 0.6873017897824629 __DUMMY__ 0.16017158223085726 off 0.15252662798667982	false	1.0
stur	neg 1.0		neg 0.38581095284597644 __DUMMY__ 0.33403990759344554 off 0.28014913956057796	false	1.0
aufruhr	neg 1.0		neg 0.39007264200167985 __DUMMY__ 0.33152138333109626 off 0.27840597466722394	false	1.0
melancholie	neg 1.0		neg 0.3857115130884928 __DUMMY__ 0.33672268645577474 off 0.2775658004557325	false	1.0
ist			neg 0.38606401224014836 __DUMMY__ 0.3337583972083701 off 0.28017759055148145	false	0.0
torheit	neg 1.0		neg 0.3915213906957219 __DUMMY__ 0.3302214842406987 off 0.27825712506357936	false	1.0
dreckskind	off 1.0		neg 0.38183394842021684 __DUMMY__ 0.3292033609878911 off 0.288962690591892	false	0.5
umtauschen	neg 1.0		neg 0.3849691848599045 __DUMMY__ 0.3357751293149267 off 0.27925568582516874	false	1.0
zum			neg 0.38724528545699366 __DUMMY__ 0.3395646176330965 off 0.2731900969099098	false	0.0
zersetzen	neg 1.0		neg 0.3921497539130862 __DUMMY__ 0.3342445628824015 off 0.2736056832045123	false	1.0
zur			neg 0.3929591402103282 __DUMMY__ 0.33599546738611147 off 0.2710453924035603	false	0.0
frust	neg 1.0		neg 0.3874799484662992 __DUMMY__ 0.33514005459123486 off 0.2773799969424659	false	1.0
unerbittlichkeit	neg 1.0		neg 0.39206835923124406 __DUMMY__ 0.3336799887112064 off 0.2742516520575496	false	1.0
zwei			neg 0.38766217617679305 __DUMMY__ 0.33810079302384044 off 0.2742370307993664	false	0.0
unkorrekt	neg 1.0		neg 0.3843398232897895 __DUMMY__ 0.3310378522833889 off 0.2846223244268215	false	1.0
hexe	off 1.0		neg 0.38140087376979365 __DUMMY__ 0.3339023505799242 off 0.28469677565028223	false	0.5
lasch	neg 1.0		neg 0.38596479077097656 __DUMMY__ 0.33245777548945943 off 0.28157743373956406	false	1.0
rivale	neg 1.0		neg 0.38029540390876476 __DUMMY__ 0.33168023560481336 off 0.28802436048642177	false	1.0
mutlos	off 1.0	off 1.0	off 0.6218006346442566 neg 0.21714448772403824 __DUMMY__ 0.1610548776317052	false	1.0
wirr	off 1.0		neg 0.3824439186256994 __DUMMY__ 0.3310991005784455 off 0.28645698079585513	false	0.5
jahr			neg 0.38676693390369427 __DUMMY__ 0.3370529810914373 off 0.2761800850048685	false	0.0
wird			neg 0.38953316236634294 __DUMMY__ 0.33485920424654847 off 0.27560763338710875	false	0.0
strafbar	neg 1.0		neg 0.3930444286834859 __DUMMY__ 0.3327779894287794 off 0.27417758188773467	false	1.0
erosion	neg 1.0		neg 0.3828157922552759 __DUMMY__ 0.3355682112356209 off 0.281615996509103	false	1.0
eingehen	neg 1.0		neg 0.3908278468835075 __DUMMY__ 0.333816461501054 off 0.27535569161543855	false	1.0
faul	off 1.0		neg 0.37981511392169437 __DUMMY__ 0.3356727019085694 off 0.2845121841697362	false	0.5
provisorium	neg 1.0		neg 0.39328034602391304 __DUMMY__ 0.3382519924240451 off 0.2684676615520418	false	1.0
schmerzen	neg 1.0		neg 0.3860685859895708 __DUMMY__ 0.33561144470882187 off 0.27831996930160735	false	1.0
schrumpfen	neg 1.0		neg 0.3925245573366414 __DUMMY__ 0.3365305548868481 off 0.2709448877765106	false	1.0
geistlos	off 1.0		neg 0.39073564457283005 __DUMMY__ 0.32963174888994207 off 0.2796326065372279	false	0.5
fehlkauf	neg 1.0		neg 0.3849726825657034 __DUMMY__ 0.3331475095326577 off 0.28187980790163897	false	1.0
frustrierend	neg 1.0	neg 1.0	neg 0.6817968076095322 __DUMMY__ 0.16192871614580368 off 0.15627447624466412	false	1.0
unzufrieden	neg 1.0		neg 0.389754245250617 __DUMMY__ 0.3342222952264793 off 0.27602345952290375	false	1.0
verzweifeln	neg 1.0		neg 0.38658901835483866 __DUMMY__ 0.33497740376608354 off 0.27843357787907774	false	1.0
verzweifelt	neg 1.0		neg 0.38573934011236943 __DUMMY__ 0.33416255200466033 off 0.28009810788297035	false	1.0
misstrauensantrag	neg 1.0		neg 0.3862519331481381 __DUMMY__ 0.3323744799343656 off 0.2813735869174964	false	1.0
abfallen	neg 1.0		neg 0.38157339932529727 __DUMMY__ 0.3370670988333336 off 0.28135950184136915	false	1.0
fucker	off 1.0		neg 0.38091921495214076 __DUMMY__ 0.33217567906106577 off 0.28690510598679353	false	0.5
ungezogen	neg 1.0		neg 0.37469492472847926 __DUMMY__ 0.3319308907481416 off 0.2933741845233791	false	1.0
irrsinnig	neg 1.0	neg 1.0	neg 0.6843571496848312 __DUMMY__ 0.1613814876883475 off 0.15426136262682133	false	1.0
unfassbar	neg 1.0		neg 0.3823604119843326 __DUMMY__ 0.3335112893557518 off 0.2841282986599155	false	1.0
hart	neg 1.0		neg 0.3836877578000261 __DUMMY__ 0.3323945350869519 off 0.28391770711302194	false	1.0
widerlich	off 1.0		neg 0.3829151310623679 __DUMMY__ 0.3324923295237628 off 0.2845925394138693	false	0.5
fatal	neg 1.0		neg 0.38469259965167885 __DUMMY__ 0.333417057050729 off 0.2818903432975921	false	1.0
bruch	neg 1.0		neg 0.3951907000126033 __DUMMY__ 0.33319526767666247 off 0.2716140323107342	false	1.0
aushungern	neg 1.0		neg 0.3902485843112776 __DUMMY__ 0.33164346749256396 off 0.2781079481961584	false	1.0
anspannung	neg 1.0		neg 0.3903486197857444 __DUMMY__ 0.3369929687114242 off 0.2726584115028314	false	1.0
von			neg 0.3875834733040033 __DUMMY__ 0.3371856894470102 off 0.27523083724898645	false	0.0
kraftlos	neg 1.0		neg 0.38556664060171536 __DUMMY__ 0.3371305517901886 off 0.277302807608096	false	1.0
vom			neg 0.3906708240278979 __DUMMY__ 0.3390572020279878 off 0.27027197394411423	false	0.0
grenzdebil	off 1.0		neg 0.3801684809409631 __DUMMY__ 0.3340778865964916 off 0.28575363246254526	false	0.5
vor			neg 0.3899466968971744 __DUMMY__ 0.33647223092944983 off 0.2735810721733757	false	0.0
unterwerfen	neg 1.0		neg 0.391238558591889 __DUMMY__ 0.3337773367807491 off 0.2749841046273619	false	1.0
versenkung	neg 1.0		neg 0.39041443356002253 __DUMMY__ 0.33467751072135593 off 0.27490805571862154	false	1.0
entziehen	neg 1.0		neg 0.3929675976806465 __DUMMY__ 0.3346146237119076 off 0.27241777860744604	false	1.0
finanzkrise	neg 1.0		neg 0.3914320180628565 __DUMMY__ 0.33116836277068185 off 0.2773996191664616	false	1.0
schimpfend	neg 1.0		neg 0.37967330185779247 __DUMMY__ 0.33768547089808265 off 0.28264122724412477	false	1.0
profan	neg 1.0		neg 0.38482088974318596 __DUMMY__ 0.33405804273625544 off 0.2811210675205586	false	1.0
korruption	neg 1.0		neg 0.39301098674351026 __DUMMY__ 0.3315224929630033 off 0.2754665202934863	false	1.0
â			neg 0.3872131587697591 __DUMMY__ 0.3355113076605422 off 0.2772755335696988	false	0.0
schmutzig	neg 1.0		neg 0.3785460157721184 __DUMMY__ 0.3354942244245297 off 0.285959759803352	false	1.0
sexy	neg 1.0		neg 0.38210879742095766 __DUMMY__ 0.33408821165385794 off 0.28380299092518446	false	1.0
abraten	neg 1.0		neg 0.38382280646839473 __DUMMY__ 0.3352880339455708 off 0.28088915958603455	false	1.0
schwarz	neg 1.0		neg 0.3852777151800745 __DUMMY__ 0.3336815094246359 off 0.28104077539528965	false	1.0
fotze	off 1.0		neg 0.3892516889718214 __DUMMY__ 0.33351445016184156 off 0.2772338608663371	false	0.5
verwirren	neg 1.0		neg 0.38376819280393476 __DUMMY__ 0.3341137839793517 off 0.28211802321671337	false	1.0
zahnlos	off 1.0		neg 0.39070708157803985 __DUMMY__ 0.33337087652809805 off 0.27592204189386216	false	0.5
verheeren	neg 1.0		neg 0.37595801235990506 __DUMMY__ 0.3295414850349113 off 0.2945005026051837	false	1.0
hippie	neg 1.0		neg 0.38281152868333146 __DUMMY__ 0.3337993887687769 off 0.28338908254789175	false	1.0
rammen	neg 1.0		neg 0.3827779663538107 __DUMMY__ 0.3346429058041005 off 0.2825791278420888	false	1.0
unlauter	neg 1.0	neg 1.0	neg 0.6836906418038298 __DUMMY__ 0.1609684615642317 off 0.15534089663193862	false	1.0
unheilvoll	neg 1.0		neg 0.38327411485241014 __DUMMY__ 0.33508747888979995 off 0.28163840625778996	false	1.0
niedrig	neg 1.0		neg 0.38977936577078826 __DUMMY__ 0.33415120862765535 off 0.27606942560155634	false	1.0
explosion	neg 1.0		neg 0.38213150742812657 __DUMMY__ 0.33461703413273736 off 0.2832514584391361	false	1.0
weichei	off 1.0		neg 0.37771849225972776 __DUMMY__ 0.332000057998808 off 0.2902814497414643	false	0.5
minusmensch	off 1.0		neg 0.37779874359325333 __DUMMY__ 0.3285128579575764 off 0.29368839844917016	false	0.5
farblos	neg 1.0		neg 0.3861007920378401 __DUMMY__ 0.33380737134220445 off 0.2800918366199554	false	1.0
unwissend	neg 1.0	neg 1.0	neg 0.6821603056907655 __DUMMY__ 0.16105151144733768 off 0.1567881828618968	false	1.0
traurig	neg 1.0		neg 0.37884476690201396 __DUMMY__ 0.33371263225970366 off 0.28744260083828244	false	1.0
senkung	neg 1.0		neg 0.3846704526574597 __DUMMY__ 0.3330931392314079 off 0.28223640811113254	false	1.0
ungleich	neg 1.0	neg 1.0	neg 0.687107786513774 __DUMMY__ 0.16132812230056784 off 0.15156409118565806	false	1.0
heikel	neg 1.0		neg 0.3916342397588133 __DUMMY__ 0.3346139990985121 off 0.27375176114267447	false	1.0
drosselung	neg 1.0		neg 0.37767168700338005 __DUMMY__ 0.3341295204418858 off 0.288198792554734	false	1.0
falsch	neg 1.0		neg 0.3833042776685493 __DUMMY__ 0.33368847829094384 off 0.28300724404050676	false	1.0
unzufriedenheit	neg 1.0		neg 0.39237811519778804 __DUMMY__ 0.33425212650326475 off 0.27336975829894716	false	1.0
kurz	neg 1.0		neg 0.3848217349348315 __DUMMY__ 0.3367835437967023 off 0.27839472126846637	false	1.0
unsinnig	neg 1.0		neg 0.3896350016200544 __DUMMY__ 0.33393638875621356 off 0.2764286096237321	false	1.0
penner	off 1.0	off 1.0	off 0.6316170856576812 neg 0.20763516757247905 __DUMMY__ 0.16074774676983983	false	1.0
seicht	neg 1.0		neg 0.37821838647004496 __DUMMY__ 0.32990033535248203 off 0.291881278177473	false	1.0
dummheit	off 1.0	off 1.0	off 0.6252306700785586 neg 0.21387124419685516 __DUMMY__ 0.16089808572458633	false	1.0
unerfreulich	neg 1.0		neg 0.3914179927718193 __DUMMY__ 0.33521014947282735 off 0.2733718577553534	false	1.0
motherfucker	off 1.0	off 1.0	off 0.6286512927336702 neg 0.21057364902137762 __DUMMY__ 0.1607750582449521	false	1.0
pikiert	neg 1.0		neg 0.3838875661901656 __DUMMY__ 0.3327821081093462 off 0.283330325700488	false	1.0
wrack	neg 1.0		neg 0.3861372918360212 __DUMMY__ 0.33599384059598636 off 0.2778688675679925	false	1.0
gangster	neg 1.0		neg 0.38368034658181277 __DUMMY__ 0.33383499798271926 off 0.28248465543546797	false	1.0
krank	neg 1.0		neg 0.3789265656270591 __DUMMY__ 0.33497533571968674 off 0.28609809865325414	false	1.0
reich	neg 1.0		neg 0.3885892402345159 __DUMMY__ 0.32887471663924256 off 0.28253604312624153	false	1.0
gnadenlos	neg 1.0		neg 0.38585078006755186 __DUMMY__ 0.3341902159660218 off 0.2799590039664264	false	1.0
niedergeschlagen	neg 1.0		neg 0.3870593514315913 __DUMMY__ 0.3352013968897516 off 0.27773925167865715	false	1.0
terrorisieren	off 1.0	off 1.0	off 0.6222827245378935 neg 0.21541287499239714 __DUMMY__ 0.16230440046970937	false	1.0
sinnlosigkeit	neg 1.0		neg 0.3904384709350509 __DUMMY__ 0.33352912763319037 off 0.27603240143175856	false	1.0
behindern	neg 1.0		neg 0.38468452808858666 __DUMMY__ 0.33562518300409433 off 0.27969028890731895	false	1.0
undemokratisch	neg 1.0		neg 0.39024010541156967 __DUMMY__ 0.33079546060946263 off 0.27896443397896753	false	1.0
wirtschaftskrise	neg 1.0		neg 0.391633099555091 __DUMMY__ 0.3324447519536092 off 0.2759221484912998	false	1.0
neid	neg 1.0		neg 0.38135023710552385 __DUMMY__ 0.33526713131738184 off 0.28338263157709426	false	1.0
rutschen	neg 1.0		neg 0.38679234478510965 __DUMMY__ 0.3397495654563829 off 0.2734580897585074	false	1.0
rezession	neg 1.0		neg 0.38234044618470553 __DUMMY__ 0.32990272303812074 off 0.28775683077717373	false	1.0
fehlgeburt	neg 1.0		neg 0.38634011994249967 __DUMMY__ 0.333998317641161 off 0.2796615624163394	false	1.0
charakterschwach	off 1.0		neg 0.38284767603638753 __DUMMY__ 0.3326479210717291 off 0.2845044028918835	false	0.5
isolation	neg 1.0		neg 0.38110161245163193 __DUMMY__ 0.3340239909974295 off 0.28487439655093866	false	1.0
ablenkung	neg 1.0		neg 0.3848019694493598 __DUMMY__ 0.33539884366550016 off 0.27979918688514005	false	1.0
pech	neg 1.0		neg 0.38355901439470347 __DUMMY__ 0.3341622694201628 off 0.28227871618513356	false	1.0
vermeidung	neg 1.0		neg 0.37860323329576967 __DUMMY__ 0.3344477846683536 off 0.2869489820358766	false	1.0
dominieren	neg 1.0		neg 0.38795316826989984 __DUMMY__ 0.3342941462863977 off 0.2777526854437026	false	1.0
schwindlig	neg 1.0		neg 0.3811528382469688 __DUMMY__ 0.3359224024494429 off 0.28292475930358846	false	1.0
lutscher	neg 1.0		neg 0.3768560190226143 __DUMMY__ 0.3301535036251793 off 0.29299047735220635	false	1.0
pflicht	neg 1.0		neg 0.3921903017905432 __DUMMY__ 0.33437719977156694 off 0.27343249843788986	false	1.0
faschist	off 1.0		neg 0.3895935201164035 __DUMMY__ 0.330505933660884 off 0.27990054622271243	false	0.5
verschleudern	neg 1.0		neg 0.3917834653791227 __DUMMY__ 0.3327942901944628 off 0.27542224442641455	false	1.0
wenn			neg 0.3828279974155781 __DUMMY__ 0.33399952737093075 off 0.2831724752134911	false	0.0
ehebruch	neg 1.0		neg 0.391787826004078 __DUMMY__ 0.3331235314720893 off 0.2750886425238326	false	1.0
spott	off 1.0		neg 0.3923210408780816 __DUMMY__ 0.33325023496819983 off 0.27442872415371855	false	0.5
trostlosigkeit	neg 1.0		neg 0.39561845903354087 __DUMMY__ 0.3320292947008264 off 0.2723522462656327	false	1.0
lutschen	neg 1.0		neg 0.384238956699267 __DUMMY__ 0.3323187251242339 off 0.2834423181764992	false	1.0
undiszipliniert	neg 1.0		neg 0.3801405585028088 __DUMMY__ 0.3333122940785622 off 0.2865471474186289	false	1.0
kopfschmerz	neg 1.0		neg 0.3869400192304637 __DUMMY__ 0.33461797124567216 off 0.278442009523864	false	1.0
unvorhergesehen	neg 1.0		neg 0.3844025712502498 __DUMMY__ 0.3372302853371636 off 0.27836714341258656	false	1.0
desinteressiert	neg 1.0		neg 0.38182367060714517 __DUMMY__ 0.33244569592769135 off 0.28573063346516336	false	1.0
armselig	off 1.0		neg 0.3817047524059158 __DUMMY__ 0.3317901698617824 off 0.28650507773230177	false	0.5
desaster	neg 1.0		neg 0.39517045166457476 __DUMMY__ 0.33342008941505213 off 0.2714094589203731	false	1.0
tod	neg 1.0		neg 0.39325996061308555 __DUMMY__ 0.3323435063285277 off 0.27439653305838674	false	1.0
herzlos	neg 1.0		neg 0.37850236310769225 __DUMMY__ 0.3334068841283264 off 0.28809075276398133	false	1.0
unwissenheit	neg 1.0		neg 0.39157249235691677 __DUMMY__ 0.33282766729470176 off 0.27559984034838153	false	1.0
widersinnig	neg 1.0		neg 0.39287513036726535 __DUMMY__ 0.33103753746797865 off 0.27608733216475617	false	1.0
bedenklich	neg 1.0		neg 0.39093392887320116 __DUMMY__ 0.3343207419470427 off 0.27474532917975614	false	1.0
beanstanden	neg 1.0		neg 0.3921907187024461 __DUMMY__ 0.33462803300206384 off 0.27318124829549006	false	1.0
panisch	neg 1.0	neg 1.0	neg 0.6801739838512406 __DUMMY__ 0.16357734864358545 off 0.156248667505174	false	1.0
debil	off 1.0		neg 0.3941800983586371 __DUMMY__ 0.335327435922458 off 0.2704924657189048	false	0.5
abstrich	neg 1.0		neg 0.38274460616867034 __DUMMY__ 0.33660662053088086 off 0.2806487733004488	false	1.0
primitiv	neg 1.0		neg 0.38255953297332407 __DUMMY__ 0.3323098650174247 off 0.28513060200925133	false	1.0
abschaum	off 1.0	off 1.0	off 0.6266199394628078 neg 0.2127687611961703 __DUMMY__ 0.16061129934102192	false	1.0
provozieren	neg 1.0		neg 0.3882937796802796 __DUMMY__ 0.333044414697986 off 0.27866180562173437	false	1.0
tot	neg 1.0		neg 0.38896854494035354 __DUMMY__ 0.3334216342229185 off 0.277609820836728	false	1.0
instabil	neg 1.0		neg 0.38241561938500335 __DUMMY__ 0.33048527028334374 off 0.2870991103316529	false	1.0
schwuchtel	off 1.0		neg 0.374251378578412 __DUMMY__ 0.32796037013320256 off 0.29778825128838543	false	0.5
zerren	neg 1.0		neg 0.3868746996544223 __DUMMY__ 0.3353810988782298 off 0.2777442014673479	false	1.0
kinderficker	off 1.0		neg 0.380265289393927 __DUMMY__ 0.33100577516790325 off 0.2887289354381697	false	0.5
gefahr	neg 1.0		neg 0.39150583447683984 __DUMMY__ 0.33349827857773845 off 0.27499588694542165	false	1.0
rabiat	neg 1.0		neg 0.3867148397650532 __DUMMY__ 0.3342884097431654 off 0.2789967504917813	false	1.0
verlangsamung	neg 1.0		neg 0.3788681626395528 __DUMMY__ 0.32972511492175943 off 0.29140672243868765	false	1.0
ausgestorben	neg 1.0		neg 0.38718485538835723 __DUMMY__ 0.3351051155734358 off 0.277710029038207	false	1.0
anklagen	neg 1.0		neg 0.389500583929158 __DUMMY__ 0.332701550684605 off 0.277797865386237	false	1.0
trott	neg 1.0		neg 0.38543457758264993 __DUMMY__ 0.3350410638007793 off 0.2795243586165708	false	1.0
verminderung	neg 1.0		neg 0.37963494550070775 __DUMMY__ 0.3331784098766369 off 0.28718664462265525	false	1.0
nach			neg 0.38935415085717806 __DUMMY__ 0.33825260936184964 off 0.2723932397809722	false	0.0
rost	neg 1.0		neg 0.37618771067316514 __DUMMY__ 0.3311950457325594 off 0.2926172435942754	false	1.0
destruktiv	neg 1.0		neg 0.39044504719239803 __DUMMY__ 0.33251263026429356 off 0.2770423225433084	false	1.0
unzumutbarkeit	neg 1.0		neg 0.37915250174324117 __DUMMY__ 0.3340372376161234 off 0.28681026064063536	false	1.0
labil	off 1.0	off 1.0	off 0.6274393481423507 neg 0.21168724258197044 __DUMMY__ 0.16087340927567886	false	1.0
ziemlich	neg 1.0		neg 0.3811633315728882 __DUMMY__ 0.3338321429891089 off 0.28500452543800286	false	1.0
lachnummer	off 1.0		neg 0.3900827376334 __DUMMY__ 0.3327219891383643 off 0.2771952732282356	false	0.5
oder			neg 0.3846634585458988 __DUMMY__ 0.33574141558261933 off 0.27959512587148183	false	0.0
verfall	neg 1.0		neg 0.39429301484392376 __DUMMY__ 0.33539688301652804 off 0.2703101021395481	false	1.0
ausgrenzung	neg 1.0		neg 0.38940982163841475 __DUMMY__ 0.33082405222647204 off 0.2797661261351132	false	1.0
unordnung	neg 1.0		neg 0.3802633580910489 __DUMMY__ 0.3313175365038571 off 0.2884191054050941	false	1.0
fehlverhalten	neg 1.0		neg 0.3923275258732889 __DUMMY__ 0.3334320506860358 off 0.2742404234406754	false	1.0
eine			neg 0.39044922473661886 __DUMMY__ 0.3359396587588332 off 0.273611116504548	false	0.0
nille	neg 1.0		neg 0.38892887900682976 __DUMMY__ 0.33256765357639617 off 0.27850346741677406	false	1.0
qual	neg 1.0		neg 0.3857777218154609 __DUMMY__ 0.3348704106584778 off 0.27935186752606134	false	1.0
verschwenden	neg 1.0		neg 0.3902994110517531 __DUMMY__ 0.3346740603573535 off 0.27502652859089327	false	1.0
riesig	neg 1.0		neg 0.38691942199909446 __DUMMY__ 0.3347238770363126 off 0.2783567009645928	false	1.0
verurteilen	neg 1.0		neg 0.3916666212351576 __DUMMY__ 0.33259143179167505 off 0.27574194697316734	false	1.0
klischee	neg 1.0	neg 1.0	neg 0.6836325693710371 __DUMMY__ 0.16074544432001106 off 0.15562198630895185	false	1.0
diktatorisch	neg 1.0		neg 0.39195735892960026 __DUMMY__ 0.329772403002741 off 0.27827023806765877	false	1.0
vorhersehbar	neg 1.0		neg 0.3879019125621987 __DUMMY__ 0.3320436099909488 off 0.2800544774468524	false	1.0
sowie			neg 0.37984736931221025 __DUMMY__ 0.3301813437314321 off 0.28997128695635765	false	0.0
stornieren	neg 1.0		neg 0.3816649378298335 __DUMMY__ 0.3355078173038202 off 0.28282724486634625	false	1.0
besteuerung	neg 1.0		neg 0.38685178412483845 __DUMMY__ 0.33303572406887405 off 0.2801124918062874	false	1.0
ungeschminkt	neg 1.0		neg 0.38181363048826983 __DUMMY__ 0.332930945113277 off 0.28525542439845314	false	1.0
kritisch	neg 1.0		neg 0.3921448901739817 __DUMMY__ 0.3333309601292578 off 0.2745241496967605	false	1.0
schlamperei	off 1.0		neg 0.3913570244236367 __DUMMY__ 0.3333096943409796 off 0.2753332812353838	false	0.5
sucht	neg 1.0	neg 1.0	neg 0.6792996455350769 __DUMMY__ 0.1636803981288333 off 0.1570199563360898	false	1.0
egoistisch	off 1.0		neg 0.3776968636193103 __DUMMY__ 0.3321411941248944 off 0.29016194225579517	false	0.5
ausbeuter	off 1.0		neg 0.39368643960068145 __DUMMY__ 0.3328287426546071 off 0.2734848177447115	false	0.5
arschgeburt	off 1.0		neg 0.3744013891304138 __DUMMY__ 0.327964365875603 off 0.29763424499398305	false	0.5
schubs	neg 1.0	neg 1.0	neg 0.6832574292988958 __DUMMY__ 0.16333743077422475 off 0.15340513992687954	false	1.0
unsolide	neg 1.0		neg 0.38978141537520455 __DUMMY__ 0.32866222526867084 off 0.2815563593561246	false	1.0
beschwerde	neg 1.0		neg 0.3904252975069127 __DUMMY__ 0.3333468812123247 off 0.27622782128076273	false	1.0
stocken	neg 1.0		neg 0.38861588251719487 __DUMMY__ 0.33488068006016464 off 0.27650343742264055	false	1.0
isolieren	neg 1.0		neg 0.3849419013325419 __DUMMY__ 0.33583215661793747 off 0.2792259420495206	false	1.0
unheilbar	neg 1.0		neg 0.3871480634212436 __DUMMY__ 0.3335596712131433 off 0.27929226536561313	false	1.0
pisser	off 1.0		neg 0.38121724021471703 __DUMMY__ 0.3312244193474115 off 0.28755834043787143	false	0.5
löschen	neg 1.0		neg 0.385880224581878 __DUMMY__ 0.3338349772058584 off 0.28028479821226354	false	1.0
durchfallen	neg 1.0		neg 0.38997822052112174 __DUMMY__ 0.33452986331530227 off 0.2754919161635761	false	1.0
wichser	off 1.0		neg 0.3746878270830147 __DUMMY__ 0.33069027412520946 off 0.2946218987917759	false	0.5
terror	neg 1.0		neg 0.38087327920792347 __DUMMY__ 0.3351538695855782 off 0.28397285120649846	false	1.0
krass	neg 1.0		neg 0.3791526859776402 __DUMMY__ 0.3326869074468769 off 0.28816040657548286	false	1.0
revolte	neg 1.0	neg 1.0	neg 0.6857757917585149 __DUMMY__ 0.15922401252479562 off 0.15500019571668958	false	1.0
besorgt	neg 1.0		neg 0.38371308847934216 __DUMMY__ 0.3373912857952454 off 0.2788956257254125	false	1.0
nachlassen	neg 1.0		neg 0.3871856854792102 __DUMMY__ 0.3354693164402413 off 0.2773449980805485	false	1.0
alt	neg 1.0		neg 0.3868124835303098 __DUMMY__ 0.33697472003916684 off 0.2762127964305234	false	1.0
hundesohn	off 1.0		neg 0.37770073737910576 __DUMMY__ 0.32923811356549004 off 0.29306114905540426	false	0.5
als			neg 0.3874483087744317 __DUMMY__ 0.3355910076271036 off 0.2769606835984646	false	0.0
abschreckung	neg 1.0		neg 0.3929080761101213 __DUMMY__ 0.33397575235599547 off 0.2731161715338833	false	1.0
unqualifiziert	neg 1.0		neg 0.38669414836380334 __DUMMY__ 0.33252364190282757 off 0.28078220973336926	false	1.0
abgewichst	off 1.0		neg 0.38824357581770663 __DUMMY__ 0.33377444020432706 off 0.2779819839779664	false	0.5
schwer	neg 1.0		neg 0.3862884092820828 __DUMMY__ 0.3350142067082751 off 0.27869738400964217	false	1.0
bedeutungslosigkeit	neg 1.0		neg 0.39298019698016723 __DUMMY__ 0.33349319784281184 off 0.2735266051770208	false	1.0
kapitulation	neg 1.0		neg 0.3947013647855564 __DUMMY__ 0.33083633115598615 off 0.27446230405845745	false	1.0
unscharf	neg 1.0		neg 0.38386745413872064 __DUMMY__ 0.3338959949047657 off 0.28223655095651373	false	1.0
schwinden	neg 1.0		neg 0.39067133456315795 __DUMMY__ 0.3347235544606492 off 0.2746051109761927	false	1.0
versklavung	neg 1.0	neg 1.0	neg 0.6859979953815138 __DUMMY__ 0.15998691315239932 off 0.15401509146608688	false	1.0
schlecht	neg 1.0		neg 0.3803345989717813 __DUMMY__ 0.3341232716742774 off 0.28554212935394124	false	1.0
verhasst	neg 1.0		neg 0.3888945288386516 __DUMMY__ 0.332617438744971 off 0.2784880324163774	false	1.0
beschweren	neg 1.0		neg 0.38450083602869145 __DUMMY__ 0.3346158397878604 off 0.280883324183448	false	1.0
scheiden	neg 1.0		neg 0.38675323248317733 __DUMMY__ 0.33469946558273816 off 0.2785473019340846	false	1.0
frustriert	neg 1.0		neg 0.3879462678362854 __DUMMY__ 0.334627620353366 off 0.2774261118103485	false	1.0
schimmelig	neg 1.0		neg 0.39024558494882994 __DUMMY__ 0.3342140884494207 off 0.27554032660174943	false	1.0
fisch	neg 1.0	neg 1.0	neg 0.6831141095888683 __DUMMY__ 0.16339689449674663 off 0.15348899591438497	false	1.0
schmuggel	neg 1.0		neg 0.38849612629462443 __DUMMY__ 0.33642721233636697 off 0.2750766613690086	false	1.0
auffallen	neg 1.0		neg 0.3844585102426226 __DUMMY__ 0.33427936428987576 off 0.2812621254675016	false	1.0
konkurrenz	neg 1.0		neg 0.38996016043928333 __DUMMY__ 0.33609371261901533 off 0.2739461269417014	false	1.0
teufelskreis	neg 1.0		neg 0.38894988021363947 __DUMMY__ 0.3337829040218156 off 0.27726721576454505	false	1.0
aufschreien	neg 1.0		neg 0.38671993860441994 __DUMMY__ 0.3328250815155114 off 0.28045497988006857	false	1.0
schuldner	neg 1.0		neg 0.39250349408602253 __DUMMY__ 0.3330493262603577 off 0.27444717965361975	false	1.0
missgeburt	off 1.0	off 1.0	off 0.6306876001955225 neg 0.20933615399796843 __DUMMY__ 0.15997624580650904	false	1.0
arbeitslos	neg 1.0		neg 0.390038710661236 __DUMMY__ 0.3337917409565236 off 0.27616954838224056	false	1.0
befallen	neg 1.0		neg 0.3931808426415293 __DUMMY__ 0.3315162588528797 off 0.275302898505591	false	1.0
miesepetrig	off 1.0		neg 0.3802141417103779 __DUMMY__ 0.33445439959267165 off 0.28533145869695054	false	0.5
alarmieren	neg 1.0		neg 0.38428612171421317 __DUMMY__ 0.33201752907784005 off 0.2836963492079468	false	1.0
ungeduscht	off 1.0		neg 0.38340102583725927 __DUMMY__ 0.3341179126006224 off 0.2824810615621184	false	0.5
knappheit	neg 1.0		neg 0.3893990628289682 __DUMMY__ 0.3338488480916106 off 0.2767520890794212	false	1.0
schlange	neg 1.0		neg 0.38319107246786427 __DUMMY__ 0.33560750127025685 off 0.28120142626187883	false	1.0
harsch	neg 1.0		neg 0.3748261894013765 __DUMMY__ 0.33324396127827655 off 0.29192984932034693	false	1.0
lang	neg 1.0		neg 0.3851195140084859 __DUMMY__ 0.33428115147015924 off 0.28059933452135505	false	1.0
ziellos	neg 1.0		neg 0.3886120938482164 __DUMMY__ 0.3351451997183073 off 0.2762427064334763	false	1.0
selbstverliebt	neg 1.0		neg 0.3766867820457504 __DUMMY__ 0.3285254777883918 off 0.29478774016585785	false	1.0
beseitigen	neg 1.0		neg 0.3824824082961816 __DUMMY__ 0.33609357256846656 off 0.28142401913535187	false	1.0
dumm	off 1.0		neg 0.3780829133320422 __DUMMY__ 0.33136583948604564 off 0.29055124718191216	false	0.5
arbeitsloser	neg 1.0		neg 0.3905168905394756 __DUMMY__ 0.33407799234259583 off 0.27540511711792853	false	1.0
blitzen	neg 1.0		neg 0.3839832797430605 __DUMMY__ 0.3331752868817352 off 0.2828414333752041	false	1.0
hilflos	neg 1.0		neg 0.38802702038217735 __DUMMY__ 0.3348385104164946 off 0.2771344692013282	false	1.0
eklig	off 1.0		neg 0.37814615190000633 __DUMMY__ 0.33065011176930453 off 0.29120373633068913	false	0.5
begriff			neg 0.38890559657995494 __DUMMY__ 0.33396216968738013 off 0.2771322337326651	false	0.0
hungersnot	neg 1.0		neg 0.3924443825346965 __DUMMY__ 0.3305833903162995 off 0.27697222714900394	false	1.0
ungesetzlich	neg 1.0		neg 0.38957515545264754 __DUMMY__ 0.33035408902673535 off 0.28007075552061717	false	1.0
verschwendung	neg 1.0		neg 0.39110203527733783 __DUMMY__ 0.3347698109186711 off 0.2741281538039911	false	1.0
schmerzvoll	neg 1.0		neg 0.3846769758280241 __DUMMY__ 0.33452494730638505 off 0.2807980768655909	false	1.0
vorzeitig	neg 1.0		neg 0.3809897383048581 __DUMMY__ 0.33377679575161445 off 0.28523346594352744	false	1.0
unvollkommenheit	neg 1.0		neg 0.3865038331633461 __DUMMY__ 0.33418178483222644 off 0.2793143820044275	false	1.0
intervenieren	neg 1.0		neg 0.3938550222480622 __DUMMY__ 0.3324197413785153 off 0.2737252363734226	false	1.0
banause	off 1.0		neg 0.3773372658951681 __DUMMY__ 0.33008701965836784 off 0.292575714446464	false	0.5
rebell	neg 1.0		neg 0.3902772409099222 __DUMMY__ 0.3358079988986762 off 0.2739147601914016	false	1.0
unlogisch	neg 1.0		neg 0.38084634129712847 __DUMMY__ 0.3321714707089185 off 0.286982187993953	false	1.0
leiden	neg 1.0	neg 1.0	neg 0.682362694842805 __DUMMY__ 0.16499721594691358 off 0.15264008921028152	false	1.0
abschaffung	neg 1.0		neg 0.3881833667569321 __DUMMY__ 0.33240583844991123 off 0.2794107947931566	false	1.0
sturz	neg 1.0		neg 0.388109487726397 __DUMMY__ 0.3320543194410752 off 0.2798361928325278	false	1.0
verkleinerung	neg 1.0		neg 0.3864947080278231 __DUMMY__ 0.3311961083266887 off 0.28230918364548824	false	1.0
schmarotzer	off 1.0		neg 0.3918129277713869 __DUMMY__ 0.33296244388762725 off 0.27522462834098577	false	0.5
bestrafung	neg 1.0		neg 0.38666649571934986 __DUMMY__ 0.3334556787847703 off 0.2798778254958799	false	1.0
achtlos	neg 1.0		neg 0.38540096423424897 __DUMMY__ 0.3355787492745341 off 0.27902028649121696	false	1.0
ungeheuer	neg 1.0		neg 0.3854211494065507 __DUMMY__ 0.333466127987417 off 0.28111272260603226	false	1.0
unaufrichtig	neg 1.0		neg 0.3880609510564906 __DUMMY__ 0.3310347443951166 off 0.2809043045483928	false	1.0
groggy	neg 1.0		neg 0.38364478733320656 __DUMMY__ 0.333467633102988 off 0.2828875795638055	false	1.0
verletzlich	neg 1.0		neg 0.38166975021992283 __DUMMY__ 0.3331085173671479 off 0.28522173241292914	false	1.0
ablehnen	neg 1.0		neg 0.39071242216140567 __DUMMY__ 0.3333347407215143 off 0.27595283711707996	false	1.0
