unsolidarisch	neg 1.0		__DUMMY__ 0.8797482225141958 neg 0.07200959147766363 off 0.04824218600814066	false	1.0
nachteilig	neg 1.0		__DUMMY__ 0.8881121043891873 neg 0.06687743190450927 off 0.045010463706303544	false	1.0
skeptisch	neg 1.0		__DUMMY__ 0.8900065082589723 neg 0.06730114618087751 off 0.04269234556015023	false	1.0
schrecklich	neg 1.0		__DUMMY__ 0.8851561425925036 neg 0.06106158063563964 off 0.053782276771856666	false	1.0
schlapp	neg 1.0		__DUMMY__ 0.8898316777596993 neg 0.060322313175402174 off 0.049846009064898465	false	1.0
abfall	neg 1.0		__DUMMY__ 0.8906007356857675 neg 0.06807915028096567 off 0.041320114033266846	false	1.0
widerspenstig	neg 1.0		__DUMMY__ 0.8913500919114592 neg 0.06242885975674004 off 0.04622104833180065	false	1.0
abrupt	neg 1.0		__DUMMY__ 0.8922270114956553 neg 0.06263352418128733 off 0.0451394643230573	false	1.0
unwirksam	neg 1.0		__DUMMY__ 0.8827945804596493 neg 0.06934212226195965 off 0.047863297278391	false	1.0
angreifen	neg 1.0		__DUMMY__ 0.8879272790789656 neg 0.06803178937869651 off 0.04404093154233786	false	1.0
inkonsistent	neg 1.0		__DUMMY__ 0.8863223354010715 neg 0.0650332648507962 off 0.048644399748132394	false	1.0
abrutschen	neg 1.0		__DUMMY__ 0.8917584306301128 neg 0.0668610171588757 off 0.041380552211011494	false	1.0
unsicher	neg 1.0		__DUMMY__ 0.889365520208639 neg 0.06387022646052984 off 0.046764253330831056	false	1.0
bauernkind	off 1.0		__DUMMY__ 0.8803569974862546 neg 0.06309415715267332 off 0.05654884536107203	false	0.5
angreifer	neg 1.0		__DUMMY__ 0.8844946300519035 neg 0.06566129942570635 off 0.049844070522390066	false	1.0
trennen	neg 1.0		__DUMMY__ 0.8939317815427784 neg 0.06315956176033631 off 0.04290865669688526	false	1.0
schmutz	neg 1.0		__DUMMY__ 0.894020631382602 neg 0.055310174204068106 off 0.05066919441332991	false	1.0
inkonsistenz	neg 1.0	neg 1.0	neg 0.5195278828822987 __DUMMY__ 0.44277739707383096 off 0.03769472004387043	false	1.0
erschreckend	neg 1.0		__DUMMY__ 0.8872990959306581 neg 0.06668865379765705 off 0.04601225027168483	false	1.0
ertrinken	neg 1.0		__DUMMY__ 0.8915373882508054 neg 0.06439640087985979 off 0.04406621086933486	false	1.0
pickelface	off 1.0		__DUMMY__ 0.8863532528062764 neg 0.06577932215564206 off 0.047867425038081515	false	0.5
seiner			__DUMMY__ 0.8893923887844407 neg 0.0669316073257867 off 0.043676003889772545	false	0.0
lauch	neg 1.0		__DUMMY__ 0.8908487873756481 neg 0.06692016622860807 off 0.04223104639574374	false	1.0
unwichtig	neg 1.0		__DUMMY__ 0.8861826253838245 neg 0.06331195587346895 off 0.05050541874270656	false	1.0
steuerhinterziehung	neg 1.0		__DUMMY__ 0.8834899088615499 neg 0.06959547839873342 off 0.04691461273971667	false	1.0
schock	neg 1.0		__DUMMY__ 0.8922732870789544 neg 0.06257385106953908 off 0.04515286185150655	false	1.0
beule	neg 1.0		__DUMMY__ 0.8895038064481512 neg 0.059633254972566614 off 0.05086293857928223	false	1.0
vergelten	neg 1.0		__DUMMY__ 0.8823213897594203 neg 0.06231230443581855 off 0.05536630580476116	false	1.0
verdorbenheit	neg 1.0		__DUMMY__ 0.891832323924437 neg 0.06069218348867086 off 0.047475492586892154	false	1.0
trauma	neg 1.0		__DUMMY__ 0.8875697033222572 neg 0.06404726300909497 off 0.048383033668647844	false	1.0
sinnlos	neg 1.0		__DUMMY__ 0.887488506101734 neg 0.06391572216925437 off 0.04859577172901151	false	1.0
fettsack	off 1.0	off 1.0	off 0.5121650660678605 __DUMMY__ 0.44066862996076506 neg 0.04716630397137445	false	1.0
feige	off 1.0		__DUMMY__ 0.8844069369618346 neg 0.06523638375339336 off 0.05035667928477214	false	0.5
abdanken	neg 1.0		__DUMMY__ 0.8809405156537248 neg 0.07173515719924071 off 0.047324327147034446	false	1.0
wichtigtuer	off 1.0	off 1.0	off 0.5068411189999842 __DUMMY__ 0.44259038933724487 neg 0.05056849166277087	false	1.0
misslingen	neg 1.0		__DUMMY__ 0.8920714613773849 neg 0.0597422610366786 off 0.04818627758593649	false	1.0
untreu	off 1.0		__DUMMY__ 0.8865307485993978 neg 0.062399299102217705 off 0.05106995229838445	false	0.5
missmutig	neg 1.0		__DUMMY__ 0.8893177666466463 neg 0.06103177250792896 off 0.04965046084542466	false	1.0
hurenbock	off 1.0		__DUMMY__ 0.8930239185803572 neg 0.059522462280588946 off 0.04745361913905384	false	0.5
betrunken	neg 1.0		__DUMMY__ 0.8880863492183246 neg 0.06003634936569063 off 0.051877301415984685	false	1.0
korrupt	off 1.0		__DUMMY__ 0.8825627485473152 neg 0.07149055297239382 off 0.04594669848029109	false	0.5
unmut	neg 1.0		__DUMMY__ 0.8897148433712639 neg 0.06811913172772176 off 0.042166024901014405	false	1.0
hackfresse	off 1.0		__DUMMY__ 0.883581469184592 neg 0.05989780103029107 off 0.056520729785116894	false	0.5
aufblasen	neg 1.0		__DUMMY__ 0.8905828999255226 neg 0.061813831559193635 off 0.047603268515283785	false	1.0
gewaltsam	neg 1.0		__DUMMY__ 0.8841290702940229 neg 0.06768562863841612 off 0.04818530106756093	false	1.0
unbeliebtheit	neg 1.0		__DUMMY__ 0.8767794220437902 neg 0.07021385185118816 off 0.053006726105021544	false	1.0
sturheit	neg 1.0		__DUMMY__ 0.8848837749640333 neg 0.06873268423716995 off 0.04638354079879683	false	1.0
kuh	neg 1.0		__DUMMY__ 0.8859130701309809 neg 0.06624356672742916 off 0.04784336314158992	false	1.0
erschrecken	neg 1.0		__DUMMY__ 0.8887474860429075 neg 0.06174561948975112 off 0.04950689446734126	false	1.0
opfer	neg 1.0	neg 1.0	neg 0.5208461958615374 __DUMMY__ 0.44559231855157067 off 0.03356148558689199	false	1.0
sinken	neg 1.0		__DUMMY__ 0.890244451117215 neg 0.06724566652184533 off 0.04250988236093969	false	1.0
stinktier	neg 1.0		__DUMMY__ 0.88290303567395 neg 0.06300925827481685 off 0.054087706051233135	false	1.0
tucke	off 1.0		__DUMMY__ 0.8852860417992321 neg 0.058104118654921315 off 0.05660983954584665	false	0.5
ein			__DUMMY__ 0.8928507843650146 neg 0.060370978977817444 off 0.046778236657167904	false	0.0
abstieg	neg 1.0		__DUMMY__ 0.8860104906753588 neg 0.06807366745909757 off 0.04591584186554365	false	1.0
missverstehen	neg 1.0		__DUMMY__ 0.8849111146696726 neg 0.06640064454997242 off 0.04868824078035493	false	1.0
ergebnislos	neg 1.0		__DUMMY__ 0.8875917418683259 neg 0.06693114106463217 off 0.045477117067042015	false	1.0
unter			__DUMMY__ 0.8974004724291639 neg 0.0645317614601944 off 0.03806776611064161	false	0.0
manipulieren	neg 1.0		__DUMMY__ 0.8880642363591758 neg 0.06809170823319106 off 0.04384405540763319	false	1.0
unbewiesen	neg 1.0		__DUMMY__ 0.8791201203205808 neg 0.07279477224074249 off 0.048085107438676736	false	1.0
verschleppen	neg 1.0		__DUMMY__ 0.8868021488929391 neg 0.06786047725845175 off 0.04533737384860921	false	1.0
weib	off 1.0		__DUMMY__ 0.8821191947597233 neg 0.060316930817140624 off 0.057563874423136	false	0.5
opposition	neg 1.0		__DUMMY__ 0.882243896837588 neg 0.06911653280903968 off 0.04863957035337237	false	1.0
verkehrswidrig	neg 1.0		__DUMMY__ 0.8868516417132258 neg 0.058480144828531734 off 0.05466821345824231	false	1.0
inkorrekt	neg 1.0		__DUMMY__ 0.8802515001834805 neg 0.06792588366521939 off 0.05182261615130006	false	1.0
vermeiden	neg 1.0		__DUMMY__ 0.8941083074459583 neg 0.0658142795850618 off 0.040077412968980014	false	1.0
abweichung	neg 1.0		__DUMMY__ 0.8825516894587051 neg 0.07183132367907412 off 0.045616986862220835	false	1.0
alkoholisiert	neg 1.0		__DUMMY__ 0.8907184276895826 neg 0.06471654534939161 off 0.04456502696102583	false	1.0
scheiss	off 1.0	off 1.0	off 0.5090095671695491 __DUMMY__ 0.44436872069425015 neg 0.04662171213620059	false	1.0
herausforderung	neg 1.0		__DUMMY__ 0.8951778456799602 neg 0.060120494264422966 off 0.04470166005561695	false	1.0
pervers	off 1.0		__DUMMY__ 0.8814745042783155 off 0.05982467534866329 neg 0.058700820373021136	false	1.0
wackelig	neg 1.0		__DUMMY__ 0.8946791244289776 neg 0.06091635439501377 off 0.044404521176008745	false	1.0
verwickeln	neg 1.0		__DUMMY__ 0.8865281717123592 neg 0.06503009000563428 off 0.04844173828200656	false	1.0
vorwand	neg 1.0		__DUMMY__ 0.8883944601707549 neg 0.0687768049185398 off 0.04282873491070524	false	1.0
muschi	off 1.0		__DUMMY__ 0.885935695570117 neg 0.06651796777384683 off 0.047546336656036164	false	0.5
entmutigung	neg 1.0		__DUMMY__ 0.8762256328129431 neg 0.07378865527482223 off 0.04998571191223472	false	1.0
unangemessen	neg 1.0		__DUMMY__ 0.8849052782593788 neg 0.06965194059905232 off 0.045442781141568786	false	1.0
unstetig	neg 1.0		__DUMMY__ 0.8852520698998985 neg 0.06487910258108871 off 0.04986882751901282	false	1.0
entmutigen	neg 1.0		__DUMMY__ 0.8888785008316454 neg 0.06344701540662395 off 0.04767448376173051	false	1.0
schwanz	neg 1.0		__DUMMY__ 0.889037237964562 neg 0.06554350102970945 off 0.04541926100572853	false	1.0
verbot	neg 1.0		__DUMMY__ 0.883836310697294 neg 0.06983375356382492 off 0.04632993573888111	false	1.0
leid	neg 1.0		__DUMMY__ 0.8845403748620922 neg 0.06045365489936674 off 0.055005970238540994	false	1.0
archaisch	neg 1.0		__DUMMY__ 0.8854779441525962 neg 0.06880465521980743 off 0.04571740062759629	false	1.0
gegen			__DUMMY__ 0.8875196291714398 neg 0.06910866975570887 off 0.043371701072851244	false	0.0
scheidung	neg 1.0	neg 1.0	neg 0.50968629470643 __DUMMY__ 0.4400969279935921 off 0.050216777299977894	false	1.0
einschlag	neg 1.0		__DUMMY__ 0.8847743479092977 neg 0.06050950542950021 off 0.05471614666120209	false	1.0
m			__DUMMY__ 0.8904538586975368 neg 0.06381276759789764 off 0.04573337370456555	false	0.0
abgestanden	neg 1.0		__DUMMY__ 0.8906306728243286 neg 0.06324392763725593 off 0.04612539953841548	false	1.0
schmierig	off 1.0		__DUMMY__ 0.8862107114640638 neg 0.05973532417269222 off 0.05405396436324393	false	0.5
unpraktisch	neg 1.0		__DUMMY__ 0.8913296085901947 neg 0.06127751556662508 off 0.04739287584318025	false	1.0
wixxer	off 1.0		__DUMMY__ 0.8794173186051498 neg 0.06054109312740076 off 0.060041588267449424	false	0.5
bezeichnet			__DUMMY__ 0.885756178937084 neg 0.06762694576795673 off 0.04661687529495921	false	0.0
jammerlappen	off 1.0		__DUMMY__ 0.8867829161883712 neg 0.06276633192953904 off 0.050450751882089674	false	0.5
farce	neg 1.0		__DUMMY__ 0.8794985103512577 neg 0.07371138156280489 off 0.04679010808593747	false	1.0
zwecklos	neg 1.0		__DUMMY__ 0.8862625426278683 neg 0.06864996287328594 off 0.04508749449884577	false	1.0
turbulent	neg 1.0		__DUMMY__ 0.8842755232954738 neg 0.0622364979881059 off 0.05348797871642036	false	1.0
invasion	neg 1.0		__DUMMY__ 0.8890989107203847 neg 0.06150232513106691 off 0.04939876414854848	false	1.0
schuld	neg 1.0		__DUMMY__ 0.8870032877047018 neg 0.06533504994903563 off 0.04766166234626258	false	1.0
risiko	neg 1.0		__DUMMY__ 0.8912149581933094 neg 0.0593339304284323 off 0.04945111137825826	false	1.0
finster	neg 1.0		__DUMMY__ 0.8913784990266983 neg 0.0621630767292745 off 0.04645842424402721	false	1.0
geisteskrank	off 1.0		__DUMMY__ 0.8822732879166996 neg 0.06564725895751702 off 0.052079453125783444	false	0.5
zusammenbrechen	neg 1.0		__DUMMY__ 0.8901263288243543 neg 0.06417615122215892 off 0.04569751995348681	false	1.0
ausbeute	neg 1.0		__DUMMY__ 0.8928369357156948 neg 0.06293733966276806 off 0.044225724621537156	false	1.0
hinterhalt	neg 1.0		__DUMMY__ 0.8882296795059347 neg 0.06405611227728397 off 0.0477142082167814	false	1.0
kritik	neg 1.0		__DUMMY__ 0.881113924033078 neg 0.07215768331338182 off 0.04672839265354019	false	1.0
einschrumpfen	neg 1.0		__DUMMY__ 0.8820012221936039 neg 0.0675654613114069 off 0.050433316494989125	false	1.0
riskant	neg 1.0		__DUMMY__ 0.8894242338730354 neg 0.06658724211497914 off 0.04398852401198552	false	1.0
frustrieren	neg 1.0		__DUMMY__ 0.8881514515579654 neg 0.06787534563988921 off 0.04397320280214542	false	1.0
groll	neg 1.0		__DUMMY__ 0.8867856854043985 neg 0.06796923459603836 off 0.045245079999563176	false	1.0
gibt			__DUMMY__ 0.8880874976381291 neg 0.06641085026120588 off 0.04550165210066502	false	0.0
qualvoll	neg 1.0		__DUMMY__ 0.8893048964597662 neg 0.06221455217298241 off 0.048480551367251316	false	1.0
wackeln	neg 1.0		__DUMMY__ 0.8926780659852641 neg 0.06021482554957598 off 0.047107108465159905	false	1.0
klagen	neg 1.0		__DUMMY__ 0.8879823828218062 neg 0.06920197585331973 off 0.042815641324874115	false	1.0
bankrott	neg 1.0		__DUMMY__ 0.8885575362434419 neg 0.0609528337094406 off 0.050489630047117505	false	1.0
trauern	neg 1.0		__DUMMY__ 0.8898434823903513 neg 0.06603522934539537 off 0.04412128826425343	false	1.0
ablehnung	neg 1.0	neg 1.0	neg 0.5240775877560321 __DUMMY__ 0.44061721329103537 off 0.03530519895293251	false	1.0
stur	neg 1.0		__DUMMY__ 0.8874372659606975 neg 0.06462330648262163 off 0.047939427556680826	false	1.0
aufruhr	neg 1.0		__DUMMY__ 0.8830503030216579 neg 0.06908313219832474 off 0.0478665647800173	false	1.0
melancholie	neg 1.0		__DUMMY__ 0.8926573156821419 neg 0.06285742927002293 off 0.04448525504783512	false	1.0
ist			__DUMMY__ 0.8867507905382476 neg 0.0652284940243256 off 0.04802071543742689	false	0.0
torheit	neg 1.0		__DUMMY__ 0.8805586059201272 neg 0.07092280910815678 off 0.0485185849717159	false	1.0
dreckskind	off 1.0		__DUMMY__ 0.8786985777522206 neg 0.06536537688016608 off 0.0559360453676133	false	0.5
umtauschen	neg 1.0		__DUMMY__ 0.8907994871974976 neg 0.0632049133908665 off 0.0459955994116359	false	1.0
zum			__DUMMY__ 0.8978353302996767 neg 0.06186152680829605 off 0.0403031428920273	false	0.0
zersetzen	neg 1.0		__DUMMY__ 0.8879472288076806 neg 0.06869074237666122 off 0.04336202881565814	false	1.0
zur			__DUMMY__ 0.8912258555051196 neg 0.06806128202747835 off 0.040712862467402106	false	0.0
frust	neg 1.0		__DUMMY__ 0.8893182347766263 neg 0.06510549758029095 off 0.04557626764308272	false	1.0
unerbittlichkeit	neg 1.0		__DUMMY__ 0.8869666039366887 neg 0.06891564191776722 off 0.044117754145544086	false	1.0
zwei			__DUMMY__ 0.8949458602367861 neg 0.06331652745607692 off 0.04173761230713696	false	0.0
unkorrekt	neg 1.0		__DUMMY__ 0.8822717925222966 neg 0.06548944789038481 off 0.05223875958731858	false	1.0
hexe	off 1.0		__DUMMY__ 0.8875801009105379 neg 0.06184421060683558 off 0.05057568848262667	false	0.5
lasch	neg 1.0		__DUMMY__ 0.8846238182287818 neg 0.06571198985041592 off 0.04966419192080228	false	1.0
rivale	neg 1.0		__DUMMY__ 0.8833709148033769 neg 0.062458559167643334 off 0.05417052602897972	false	1.0
mutlos	off 1.0	off 1.0	off 0.504046981909541 __DUMMY__ 0.4427961456125174 neg 0.053156872477941576	false	1.0
wirr	off 1.0		__DUMMY__ 0.8823260349058623 neg 0.06432517972489896 off 0.053348785369238684	false	0.5
jahr			__DUMMY__ 0.8931404269852865 neg 0.0633360524049912 off 0.04352352060972221	false	0.0
wird			__DUMMY__ 0.8888408191336313 neg 0.0668026800642699 off 0.04435650080209874	false	0.0
strafbar	neg 1.0		__DUMMY__ 0.8852933547990784 neg 0.07019975706242472 off 0.04450688813849686	false	1.0
erosion	neg 1.0		__DUMMY__ 0.8903740818758026 neg 0.06159791874501338 off 0.04802799937918407	false	1.0
eingehen	neg 1.0		__DUMMY__ 0.8869218821012123 neg 0.06824185292366139 off 0.0448362649751264	false	1.0
faul	off 1.0		__DUMMY__ 0.8906830221583059 neg 0.059555613824867834 off 0.04976136401682635	false	0.5
provisorium	neg 1.0		__DUMMY__ 0.8953479848977611 neg 0.06702563575825865 off 0.037626379343980235	false	1.0
schmerzen	neg 1.0		__DUMMY__ 0.8904991574413845 neg 0.06409903281212578 off 0.04540180974648973	false	1.0
schrumpfen	neg 1.0		__DUMMY__ 0.892332572101443 neg 0.06729344718690754 off 0.040373980711649465	false	1.0
geistlos	off 1.0		__DUMMY__ 0.8793925725874766 neg 0.07081286671735336 off 0.04979456069516996	false	0.5
fehlkauf	neg 1.0		__DUMMY__ 0.8860184876255667 neg 0.06457783784376457 off 0.04940367453066876	false	1.0
frustrierend	neg 1.0	neg 1.0	neg 0.5176219696974377 __DUMMY__ 0.4448253095265163 off 0.0375527207760461	false	1.0
unzufrieden	neg 1.0		__DUMMY__ 0.8877024602060098 neg 0.06722261396627659 off 0.04507492582771363	false	1.0
verzweifeln	neg 1.0		__DUMMY__ 0.8890651603701716 neg 0.06460632200874986 off 0.04632851762107851	false	1.0
verzweifelt	neg 1.0		__DUMMY__ 0.8875244655438437 neg 0.06466486801266629 off 0.04781066644349008	false	1.0
misstrauensantrag	neg 1.0		__DUMMY__ 0.8844478983905992 neg 0.06630118349565498 off 0.04925091811374592	false	1.0
abfallen	neg 1.0		__DUMMY__ 0.8931531849549532 neg 0.05986334554345121 off 0.046983469501595536	false	1.0
fucker	off 1.0		__DUMMY__ 0.8839310139592144 neg 0.06263104416067575 off 0.053437941880109835	false	0.5
ungezogen	neg 1.0		__DUMMY__ 0.8838238083486827 neg 0.05850204874477788 off 0.05767414290653935	false	1.0
irrsinnig	neg 1.0	neg 1.0	neg 0.5205759901165938 __DUMMY__ 0.4433915974174625 off 0.0360324124659437	false	1.0
unfassbar	neg 1.0		__DUMMY__ 0.8864256184947122 neg 0.0627782953043493 off 0.05079608620093838	false	1.0
hart	neg 1.0		__DUMMY__ 0.8850302669350103 neg 0.06418656121448023 off 0.05078317185050942	false	1.0
widerlich	off 1.0		__DUMMY__ 0.8846456115505127 neg 0.06373852755009346 off 0.05161586089939383	false	0.5
fatal	neg 1.0		__DUMMY__ 0.8863333048271778 neg 0.06432303158549506 off 0.04934366358732716	false	1.0
bruch	neg 1.0		__DUMMY__ 0.8860557534861996 neg 0.07143041409941589 off 0.04251383241438454	false	1.0
aushungern	neg 1.0		__DUMMY__ 0.8833145992378038 neg 0.06878667744721952 off 0.04789872331497667	false	1.0
anspannung	neg 1.0		__DUMMY__ 0.8929833046390846 neg 0.06570245944785834 off 0.041314235913057	false	1.0
von			__DUMMY__ 0.8935759984649617 neg 0.0636109822417336 off 0.04281301929330475	false	0.0
kraftlos	neg 1.0		__DUMMY__ 0.8932379829411269 neg 0.06241214663530047 off 0.04434987042357269	false	1.0
vom			__DUMMY__ 0.8968680505406317 neg 0.0646966905948584 off 0.038435258864509964	false	0.0
grenzdebil	off 1.0		__DUMMY__ 0.8875631365440863 neg 0.0608247999003391 off 0.05161206355557469	false	0.5
vor			__DUMMY__ 0.8919090776175573 neg 0.06585649968451883 off 0.042234422697923844	false	0.0
unterwerfen	neg 1.0		__DUMMY__ 0.8871987561846185 neg 0.06825259144994524 off 0.04454865236543627	false	1.0
versenkung	neg 1.0		__DUMMY__ 0.8885764386129605 neg 0.06727543400067942 off 0.04414812738636014	false	1.0
entziehen	neg 1.0		__DUMMY__ 0.888618026980044 neg 0.06899352022788746 off 0.042388452792068466	false	1.0
finanzkrise	neg 1.0		__DUMMY__ 0.8824261067972852 neg 0.07033359911892209 off 0.047240294083792767	false	1.0
schimpfend	neg 1.0		__DUMMY__ 0.8945594778917625 neg 0.05802045618401971 off 0.04742006592421786	false	1.0
profan	neg 1.0		__DUMMY__ 0.8874360382001593 neg 0.06410526893208525 off 0.04845869286775552	false	1.0
korruption	neg 1.0		__DUMMY__ 0.8831179293936153 neg 0.07095734708307723 off 0.04592472352330738	false	1.0
â			__DUMMY__ 0.8902861736928906 neg 0.06469680675332554 off 0.04501701955378391	false	0.0
schmutzig	neg 1.0		__DUMMY__ 0.8902256876938806 neg 0.05873809093848146 off 0.05103622136763798	false	1.0
sexy	neg 1.0		__DUMMY__ 0.8875595162332408 neg 0.062145565721235585 off 0.050294918045523704	false	1.0
abraten	neg 1.0		__DUMMY__ 0.8898031880273023 neg 0.06254586939160793 off 0.04765094258108983	false	1.0
schwarz	neg 1.0		__DUMMY__ 0.8868517102942125 neg 0.06456754129443858 off 0.04858074841134896	false	1.0
fotze	off 1.0		__DUMMY__ 0.8867708330510274 neg 0.06722420477707061 off 0.04600496217190197	false	0.5
verwirren	neg 1.0		__DUMMY__ 0.88751349218449 neg 0.06328791099282073 off 0.049198596822689226	false	1.0
zahnlos	off 1.0		__DUMMY__ 0.8862025313734986 neg 0.06837342707457289 off 0.045424041551928585	false	0.5
verheeren	neg 1.0		__DUMMY__ 0.8793100274071375 neg 0.060897876655763954 off 0.05979209593709854	false	1.0
hippie	neg 1.0		__DUMMY__ 0.887023829077428 neg 0.06278128117885515 off 0.05019488974371687	false	1.0
rammen	neg 1.0		__DUMMY__ 0.888949416247098 neg 0.062254484021645747 off 0.04879609973125625	false	1.0
unlauter	neg 1.0	neg 1.0	neg 0.5200013387676843 __DUMMY__ 0.4427105108645318 off 0.0372881503677839	false	1.0
unheilvoll	neg 1.0		__DUMMY__ 0.8896812285264204 neg 0.062259254262391595 off 0.048059517211188015	false	1.0
niedrig	neg 1.0		__DUMMY__ 0.8880264269797707 neg 0.0672335321437743 off 0.04474004087645493	false	1.0
explosion	neg 1.0		__DUMMY__ 0.8886727631513381 neg 0.061710693038830734 off 0.04961654380983116	false	1.0
weichei	off 1.0		__DUMMY__ 0.8837606626106222 neg 0.0606971244813839 off 0.05554221290799384	false	0.5
minusmensch	off 1.0		__DUMMY__ 0.8774792368381521 neg 0.0626831502099183 off 0.059837612951929534	false	0.5
farblos	neg 1.0		__DUMMY__ 0.8878008754896031 neg 0.06483539227445166 off 0.04736373223594526	false	1.0
unwissend	neg 1.0	neg 1.0	neg 0.5187833199028943 __DUMMY__ 0.44265057321284973 off 0.03856610688425598	false	1.0
traurig	neg 1.0		__DUMMY__ 0.8869106789088032 neg 0.060168817952999616 off 0.05292050313819733	false	1.0
senkung	neg 1.0		__DUMMY__ 0.8859818489596597 neg 0.06455119398286016 off 0.0494669570574802	false	1.0
ungleich	neg 1.0	neg 1.0	neg 0.5229463790912228 __DUMMY__ 0.44346039715898955 off 0.03359322374978774	false	1.0
heikel	neg 1.0		__DUMMY__ 0.8885970486241523 neg 0.06815371353592123 off 0.04324923783992643	false	1.0
drosselung	neg 1.0		__DUMMY__ 0.888058026428046 neg 0.058888410160319926 off 0.05305356341163412	false	1.0
falsch	neg 1.0		__DUMMY__ 0.886832865761 neg 0.06321946896814203 off 0.04994766527085802	false	1.0
unzufriedenheit	neg 1.0		__DUMMY__ 0.8879802391298566 neg 0.06877835182766384 off 0.04324140904247967	false	1.0
kurz	neg 1.0		__DUMMY__ 0.892478650511447 neg 0.06232428627388985 off 0.04519706321466318	false	1.0
unsinnig	neg 1.0		__DUMMY__ 0.8873087131231076 neg 0.06726919405833784 off 0.045422092818554624	false	1.0
penner	off 1.0	off 1.0	off 0.5132600342554927 __DUMMY__ 0.4418981187534964 neg 0.04484184699101081	false	1.0
seicht	neg 1.0		__DUMMY__ 0.8799052231634269 neg 0.062194385553676096 off 0.057900391282897	false	1.0
dummheit	off 1.0	off 1.0	off 0.5072707397184663 __DUMMY__ 0.44229876727621054 neg 0.050430493005323145	false	1.0
unerfreulich	neg 1.0		__DUMMY__ 0.8896437409724072 neg 0.06771457756515803 off 0.042641681462434786	false	1.0
motherfucker	off 1.0	off 1.0	off 0.5105916827318528 __DUMMY__ 0.44197064646436035 neg 0.047437670803786816	false	1.0
pikiert	neg 1.0		__DUMMY__ 0.8852487990308764 neg 0.06416886561699443 off 0.05058233535212909	false	1.0
wrack	neg 1.0		__DUMMY__ 0.8917334774435689 neg 0.06331576367603826 off 0.04495075888039277	false	1.0
gangster	neg 1.0		__DUMMY__ 0.887115939730602 neg 0.06340745447671442 off 0.04947660579268349	false	1.0
krank	neg 1.0		__DUMMY__ 0.8893119860238843 neg 0.059439678196549856 off 0.05124833577956582	false	1.0
reich	neg 1.0		__DUMMY__ 0.8781458897932799 neg 0.07018377486505305 off 0.05167033534166706	false	1.0
gnadenlos	neg 1.0		__DUMMY__ 0.8876211839580289 neg 0.06460996747648759 off 0.04776884856548352	false	1.0
niedergeschlagen	neg 1.0		__DUMMY__ 0.8896377612193912 neg 0.06479149626846206 off 0.04557074251214668	false	1.0
terrorisieren	off 1.0	off 1.0	off 0.5036728953437924 __DUMMY__ 0.4459747376146757 neg 0.0503523670415319	false	1.0
sinnlosigkeit	neg 1.0		__DUMMY__ 0.8864610172174815 neg 0.06816061076282003 off 0.04537837201969848	false	1.0
behindern	neg 1.0		__DUMMY__ 0.8905518708540058 neg 0.0628135787352657 off 0.04663455041072844	false	1.0
undemokratisch	neg 1.0		__DUMMY__ 0.8817366386240237 neg 0.06949426985289885 off 0.04876909152307749	false	1.0
wirtschaftskrise	neg 1.0		__DUMMY__ 0.8848540446160263 neg 0.0694252744079518 off 0.045720680976021846	false	1.0
neid	neg 1.0		__DUMMY__ 0.8899184227251784 neg 0.060810710191204355 off 0.04927086708361729	false	1.0
rutschen	neg 1.0		__DUMMY__ 0.8981030137500587 neg 0.061571878161285766 off 0.040325108088655415	false	1.0
rezession	neg 1.0		__DUMMY__ 0.8798834028021749 neg 0.06515179634559438 off 0.054964800852230766	false	1.0
fehlgeburt	neg 1.0		__DUMMY__ 0.888001665171187 neg 0.06489633115518456 off 0.04710200367362849	false	1.0
charakterschwach	off 1.0		__DUMMY__ 0.8850570147228136 neg 0.06338772701704047 off 0.051555258260145884	false	0.5
isolation	neg 1.0		__DUMMY__ 0.8874818733760459 neg 0.061520585828418024 off 0.05099754079553599	false	1.0
ablenkung	neg 1.0		__DUMMY__ 0.8898715946869519 neg 0.0631458278979839 off 0.046982577415064154	false	1.0
pech	neg 1.0		__DUMMY__ 0.8878786414368528 neg 0.06332977392897188 off 0.048791584634175246	false	1.0
vermeidung	neg 1.0		__DUMMY__ 0.888443555934646 neg 0.05949570951529562 off 0.052060734550058364	false	1.0
dominieren	neg 1.0		__DUMMY__ 0.8881815244397402 neg 0.06578940731719343 off 0.04602906824306632	false	1.0
schwindlig	neg 1.0		__DUMMY__ 0.8911382678524037 neg 0.06040099654851978 off 0.04846073559907652	false	1.0
lutscher	neg 1.0		__DUMMY__ 0.880528353228973 neg 0.061226145414526666 off 0.0582455013565003	false	1.0
pflicht	neg 1.0		__DUMMY__ 0.8880561301522827 neg 0.06866567575699599 off 0.0432781940907213	false	1.0
faschist	off 1.0		__DUMMY__ 0.8812702075979367 neg 0.0692096194879861 off 0.04952017291407722	false	0.5
verschleudern	neg 1.0		__DUMMY__ 0.8853907841165193 neg 0.06941218206812724 off 0.04519703381535341	false	1.0
wenn			__DUMMY__ 0.8872862689599648 neg 0.06278313169767506 off 0.04993059934236009	false	0.0
ehebruch	neg 1.0		__DUMMY__ 0.8860545727093007 neg 0.06899142756325052 off 0.044953999727448804	false	1.0
spott	off 1.0		__DUMMY__ 0.886252527273942 neg 0.0693005185908765 off 0.044446954135181474	false	0.5
trostlosigkeit	neg 1.0		__DUMMY__ 0.8837826042332544 neg 0.07270062217050755 off 0.04351677359623811	false	1.0
lutschen	neg 1.0		__DUMMY__ 0.8846853858701897 neg 0.06453845166540628 off 0.050776162464404036	false	1.0
undiszipliniert	neg 1.0		__DUMMY__ 0.8862504287134837 neg 0.0613255036190691 off 0.05242406766744722	false	1.0
kopfschmerz	neg 1.0		__DUMMY__ 0.8885982154954328 neg 0.06537522625018195 off 0.0460265582543852	false	1.0
unvorhergesehen	neg 1.0		__DUMMY__ 0.8935152695875065 neg 0.06164870623717138 off 0.04483602417532209	false	1.0
desinteressiert	neg 1.0		__DUMMY__ 0.8845360953023955 neg 0.06308235913269582 off 0.05238154556490863	false	1.0
armselig	off 1.0		__DUMMY__ 0.8833330502754994 neg 0.06333765082234973 off 0.05332929890215086	false	0.5
desaster	neg 1.0		__DUMMY__ 0.8864611687075535 neg 0.07125339837536648 off 0.04228543291707997	false	1.0
tod	neg 1.0		__DUMMY__ 0.8847072057668941 neg 0.07094525451345207 off 0.04434753971965384	false	1.0
herzlos	neg 1.0		__DUMMY__ 0.8863648915163668 neg 0.060068830968554254 off 0.05356627751507901	false	1.0
unwissenheit	neg 1.0		__DUMMY__ 0.8853574719123362 neg 0.0692152530183997 off 0.04542727506926409	false	1.0
widersinnig	neg 1.0		__DUMMY__ 0.8820855327547198 neg 0.07123028496135889 off 0.04668418228392132	false	1.0
bedenklich	neg 1.0		__DUMMY__ 0.8880328174665807 neg 0.06788378702260993 off 0.04408339551080945	false	1.0
beanstanden	neg 1.0		__DUMMY__ 0.8886953343372401 neg 0.06839708331425436 off 0.04290758234850554	false	1.0
panisch	neg 1.0	neg 1.0	neg 0.5145797380240201 __DUMMY__ 0.44914745023417413 off 0.03627281174180563	false	1.0
debil	off 1.0		__DUMMY__ 0.8901940351496576 neg 0.06947613311845229 off 0.040329831731890246	false	0.5
abstrich	neg 1.0		__DUMMY__ 0.8932174375650741 neg 0.06071426718860008 off 0.04606829524632574	false	1.0
primitiv	neg 1.0		__DUMMY__ 0.8843473538404356 neg 0.06354527793388437 off 0.05210736822567999	false	1.0
abschaum	off 1.0	off 1.0	off 0.5088150607115971 __DUMMY__ 0.4416442138627942 neg 0.049540725425608764	false	1.0
provozieren	neg 1.0		__DUMMY__ 0.8855823728972189 neg 0.06702852730311028 off 0.04738909979967086	false	1.0
tot	neg 1.0		__DUMMY__ 0.8868702058374327 neg 0.06724766799405797 off 0.045882126168509264	false	1.0
instabil	neg 1.0		__DUMMY__ 0.881093201569221 neg 0.06472141932932435 off 0.05418537910145464	false	1.0
schwuchtel	off 1.0		__DUMMY__ 0.8763377443342852 off 0.06286661065236657 neg 0.060795645013348214	false	1.0
zerren	neg 1.0		__DUMMY__ 0.8898657439191685 neg 0.06451900041764778 off 0.04561525566318375	false	1.0
kinderficker	off 1.0		__DUMMY__ 0.8822334875284971 neg 0.06256461076637462 off 0.05520190170512824	false	0.5
gefahr	neg 1.0		__DUMMY__ 0.8866898429293152 neg 0.06857595052553057 off 0.04473420654515415	false	1.0
rabiat	neg 1.0		__DUMMY__ 0.8878541665315925 neg 0.0651269445718867 off 0.047018888896520644	false	1.0
verlangsamung	neg 1.0		__DUMMY__ 0.8797089199427921 neg 0.06272187267807845 off 0.057569207379129496	false	1.0
ausgestorben	neg 1.0		__DUMMY__ 0.8893839625763678 neg 0.06493728273525223 off 0.04567875468837996	false	1.0
anklagen	neg 1.0		__DUMMY__ 0.8854012386898813 neg 0.06765319642762312 off 0.04694556488249556	false	1.0
trott	neg 1.0		__DUMMY__ 0.8893566973424324 neg 0.06381533074125047 off 0.046827971916317074	false	1.0
verminderung	neg 1.0		__DUMMY__ 0.8859762665114979 neg 0.06116132712532118 off 0.052862406363180875	false	1.0
nach			__DUMMY__ 0.8953074151909419 neg 0.06427493622648402 off 0.040417648582574045	false	0.0
rost	neg 1.0		__DUMMY__ 0.882801053469246 neg 0.05961651220604382 off 0.05758243432471018	false	1.0
destruktiv	neg 1.0		__DUMMY__ 0.8847434470771149 neg 0.0687287739464915 off 0.046527778976393444	false	1.0
unzumutbarkeit	neg 1.0		__DUMMY__ 0.8878725325498825 neg 0.05990277179353078 off 0.052224695656586724	false	1.0
labil	off 1.0	off 1.0	off 0.509419555963385 __DUMMY__ 0.4422150006504984 neg 0.04836544338611667	false	1.0
ziemlich	neg 1.0		__DUMMY__ 0.8870167974748743 neg 0.06175562777318113 off 0.05122757475194468	false	1.0
lachnummer	off 1.0		__DUMMY__ 0.885036521995819 neg 0.06832719963834902 off 0.04663627836583198	false	0.5
oder			__DUMMY__ 0.8905390787429417 neg 0.06294119230934013 off 0.04651972894771814	false	0.0
verfall	neg 1.0		__DUMMY__ 0.8902630250366793 neg 0.06926758977189404 off 0.04046938519142655	false	1.0
ausgrenzung	neg 1.0		__DUMMY__ 0.8818405085741067 neg 0.06887911301519405 off 0.049280378410699294	false	1.0
unordnung	neg 1.0		__DUMMY__ 0.8830306545092396 neg 0.06246076335667091 off 0.054508582134089455	false	1.0
fehlverhalten	neg 1.0		__DUMMY__ 0.8865001202352583 neg 0.06921257046791214 off 0.04428730929682962	false	1.0
eine			__DUMMY__ 0.8908638971562417 neg 0.0666822899282548 off 0.04245381291550353	false	0.0
nille	neg 1.0		__DUMMY__ 0.8848602646052405 neg 0.06767804549636035 off 0.04746168989839921	false	1.0
qual	neg 1.0		__DUMMY__ 0.889048184472693 neg 0.06413002907433656 off 0.04682178645297048	false	1.0
verschwenden	neg 1.0		__DUMMY__ 0.8885372339632606 neg 0.06743278173225759 off 0.04402998430448178	false	1.0
riesig	neg 1.0		__DUMMY__ 0.8892476965399699 neg 0.06470672568723702 off 0.046045577772792994	false	1.0
verurteilen	neg 1.0		__DUMMY__ 0.8850203745167983 neg 0.06928302432795877 off 0.04569660115524299	false	1.0
klischee	neg 1.0	neg 1.0	neg 0.5204634519573069 __DUMMY__ 0.4417945403059032 off 0.037742007736790026	false	1.0
diktatorisch	neg 1.0		__DUMMY__ 0.8798420752124675 neg 0.07134973322311376 off 0.04880819156441879	false	1.0
vorhersehbar	neg 1.0		__DUMMY__ 0.8836893069602798 neg 0.06749716226370707 off 0.048813530776013206	false	1.0
sowie			__DUMMY__ 0.8804234857309361 neg 0.0632027983724106 off 0.05637371589665325	false	0.0
stornieren	neg 1.0		__DUMMY__ 0.8905527853147958 neg 0.06066483711864268 off 0.04878237756656159	false	1.0
besteuerung	neg 1.0		__DUMMY__ 0.8859074768076485 neg 0.06607319039327615 off 0.04801933279907539	false	1.0
ungeschminkt	neg 1.0		__DUMMY__ 0.8857916903081721 neg 0.06280888060407754 off 0.05139942908775038	false	1.0
kritisch	neg 1.0		__DUMMY__ 0.886228021542494 neg 0.06929054021803165 off 0.04448143823947431	false	1.0
schlamperei	off 1.0		__DUMMY__ 0.8864926034059105 neg 0.06850965085224857 off 0.04499774574184086	false	0.5
sucht	neg 1.0	neg 1.0	neg 0.5132402158563487 __DUMMY__ 0.44995227752029354 off 0.03680750662335768	false	1.0
egoistisch	off 1.0		__DUMMY__ 0.8841121183100424 neg 0.0603112340574049 off 0.055576647632552635	false	0.5
ausbeuter	off 1.0		__DUMMY__ 0.8854206918097216 neg 0.0705549256000202 off 0.044024382590258246	false	0.5
arschgeburt	off 1.0		__DUMMY__ 0.8763948163338745 off 0.06282736385815747 neg 0.06077781980796808	false	1.0
schubs	neg 1.0	neg 1.0	neg 0.517721445910843 __DUMMY__ 0.4487565678264345 off 0.03352198626272246	false	1.0
unsolide	neg 1.0		__DUMMY__ 0.8776579604654172 neg 0.07075640926059186 off 0.05158563027399086	false	1.0
beschwerde	neg 1.0		__DUMMY__ 0.8865313827072844 neg 0.06791248129261356 off 0.04555613600010203	false	1.0
stocken	neg 1.0		__DUMMY__ 0.8892984724802117 neg 0.06575339047849645 off 0.04494813704129183	false	1.0
isolieren	neg 1.0		__DUMMY__ 0.8912503908568984 neg 0.062318654312106675 off 0.0464309548309949	false	1.0
unheilbar	neg 1.0		__DUMMY__ 0.88666014869272 neg 0.06570416717189241 off 0.04763568413538765	false	1.0
pisser	off 1.0		__DUMMY__ 0.8826621340556792 neg 0.06322077387903521 off 0.05411709206528551	false	0.5
löschen	neg 1.0		__DUMMY__ 0.8871372725320689 neg 0.0648512305669225 off 0.04801149690100865	false	1.0
durchfallen	neg 1.0		__DUMMY__ 0.8883827976447747 neg 0.06713372827348944 off 0.044483474081735835	false	1.0
wichser	off 1.0		__DUMMY__ 0.8812773457333047 neg 0.059405400113416086 off 0.059317254153279264	false	0.5
terror	neg 1.0		__DUMMY__ 0.8896156162585892 neg 0.060637401293632154 off 0.049746982447778657	false	1.0
krass	neg 1.0		__DUMMY__ 0.8852594662656108 neg 0.06115361685682369 off 0.05358691687756551	false	1.0
revolte	neg 1.0	neg 1.0	neg 0.5236193180429549 __DUMMY__ 0.4381706242689575 off 0.03821005768808767	false	1.0
besorgt	neg 1.0		__DUMMY__ 0.8938025609213139 neg 0.06080089098818227 off 0.0453965480905038	false	1.0
nachlassen	neg 1.0		__DUMMY__ 0.8903166606481709 neg 0.06454905618780464 off 0.04513428316402438	false	1.0
alt	neg 1.0		__DUMMY__ 0.8937015314096617 neg 0.06324508723966767 off 0.04305338135067065	false	1.0
hundesohn	off 1.0		__DUMMY__ 0.8788433812687211 neg 0.06207599540690969 off 0.059080623324369155	false	0.5
als			__DUMMY__ 0.8903081163393937 neg 0.0647366024119204 off 0.04495528124868601	false	0.0
abschreckung	neg 1.0		__DUMMY__ 0.8876574873372037 neg 0.06913441719700535 off 0.043208095465791	false	1.0
unqualifiziert	neg 1.0		__DUMMY__ 0.8848203868947343 neg 0.06607244136880937 off 0.0491071717364564	false	1.0
abgewichst	off 1.0		__DUMMY__ 0.8871518613358408 neg 0.06644312986333711 off 0.046405008800822066	false	0.5
schwer	neg 1.0		__DUMMY__ 0.8891176717891507 neg 0.06444237352033536 off 0.04643995469051388	false	1.0
bedeutungslosigkeit	neg 1.0		__DUMMY__ 0.8865710355214079 neg 0.06968897641697923 off 0.04373998806161289	false	1.0
kapitulation	neg 1.0		__DUMMY__ 0.8817753085579294 neg 0.07258254152090945 off 0.045642149921161106	false	1.0
unscharf	neg 1.0		__DUMMY__ 0.8875901476490575 neg 0.06361967732565905 off 0.04879017502528344	false	1.0
schwinden	neg 1.0		__DUMMY__ 0.8889646609751068 neg 0.06727052223486134 off 0.04376481679003185	false	1.0
versklavung	neg 1.0	neg 1.0	neg 0.5230578913541649 __DUMMY__ 0.44016680160959615 off 0.03677530703623889	false	1.0
schlecht	neg 1.0		__DUMMY__ 0.887543784147608 neg 0.06091825554753716 off 0.051537960304854843	false	1.0
verhasst	neg 1.0		__DUMMY__ 0.8848579867773522 neg 0.06768091382198121 off 0.04746109940066654	false	1.0
beschweren	neg 1.0		__DUMMY__ 0.8884287016737016 neg 0.06343369430319987 off 0.04813760402309853	false	1.0
scheiden	neg 1.0		__DUMMY__ 0.8890168718760407 neg 0.06495248361967758 off 0.046030644504281765	false	1.0
frustriert	neg 1.0		__DUMMY__ 0.8884199440787833 neg 0.06578812725880259 off 0.04579192866241395	false	1.0
schimmelig	neg 1.0		__DUMMY__ 0.8883858845955804 neg 0.06776065882839334 off 0.04385345657602616	false	1.0
fisch	neg 1.0	neg 1.0	neg 0.5172990932877348 __DUMMY__ 0.44919014595407825 off 0.03351076075818685	false	1.0
schmuggel	neg 1.0		__DUMMY__ 0.8923671508843063 neg 0.06447470698899328 off 0.043158142126700404	false	1.0
auffallen	neg 1.0		__DUMMY__ 0.8877997105840708 neg 0.06369100882949542 off 0.04850928058643374	false	1.0
konkurrenz	neg 1.0		__DUMMY__ 0.8914139635403737 neg 0.0658208465364175 off 0.04276518992320877	false	1.0
teufelskreis	neg 1.0		__DUMMY__ 0.886871807606506 neg 0.06702367503137238 off 0.04610451736212159	false	1.0
aufschreien	neg 1.0		__DUMMY__ 0.8851588211180539 neg 0.06618536328760864 off 0.048655815594337556	false	1.0
schuldner	neg 1.0		__DUMMY__ 0.8859635884601211 neg 0.06958914373254231 off 0.04444726780733669	false	1.0
missgeburt	off 1.0	off 1.0	off 0.5127797124398421 __DUMMY__ 0.44029534634511835 neg 0.04692494121503946	false	1.0
arbeitslos	neg 1.0		__DUMMY__ 0.886914348914986 neg 0.06768148760043062 off 0.04540416348458335	false	1.0
befallen	neg 1.0		__DUMMY__ 0.8830070521641897 neg 0.07135758854718832 off 0.04563535928862199	false	1.0
miesepetrig	off 1.0		__DUMMY__ 0.8883819879776124 neg 0.060718357412817524 off 0.05089965460957009	false	0.5
alarmieren	neg 1.0		__DUMMY__ 0.884029628612941 neg 0.0646620317430595 off 0.05130833964399963	false	1.0
ungeduscht	off 1.0		__DUMMY__ 0.8879276892797807 neg 0.06326560303736481 off 0.0488067076828545	false	0.5
knappheit	neg 1.0		__DUMMY__ 0.8874711727247797 neg 0.06695719212130079 off 0.04557163515391948	false	1.0
schlange	neg 1.0		__DUMMY__ 0.8902700684057429 neg 0.06201606475815906 off 0.04771386683609812	false	1.0
harsch	neg 1.0		__DUMMY__ 0.8860821768294451 neg 0.05771836246605631 off 0.056199460704498556	false	1.0
lang	neg 1.0		__DUMMY__ 0.8879375165856402 neg 0.06405733770507688 off 0.048005145709282805	false	1.0
ziellos	neg 1.0		__DUMMY__ 0.8893109971616785 neg 0.06600888880832563 off 0.04468011402999586	false	1.0
selbstverliebt	neg 1.0		__DUMMY__ 0.8772691331980729 neg 0.062215730023202805 off 0.06051513677872435	false	1.0
beseitigen	neg 1.0		__DUMMY__ 0.891728314604316 neg 0.06060300975973757 off 0.04766867563594639	false	1.0
dumm	off 1.0		__DUMMY__ 0.8825536417231341 neg 0.06126858432138818 off 0.056177773955477815	false	0.5
arbeitsloser	neg 1.0		__DUMMY__ 0.8876720894367158 neg 0.06757363081072737 off 0.04475427975255677	false	1.0
blitzen	neg 1.0		__DUMMY__ 0.8860429652991397 neg 0.06387315237264332 off 0.05008388232821699	false	1.0
hilflos	neg 1.0		__DUMMY__ 0.8889201117727266 neg 0.06566963905888232 off 0.04541024916839111	false	1.0
eklig	off 1.0		__DUMMY__ 0.8812513093965387 neg 0.06190729489552382 off 0.05684139570793732	false	0.5
begriff			__DUMMY__ 0.8874755453365589 neg 0.0666477361551975 off 0.04587671850824361	false	0.0
hungersnot	neg 1.0		__DUMMY__ 0.8813085964054603 neg 0.07133404830439102 off 0.04735735529014867	false	1.0
ungesetzlich	neg 1.0		__DUMMY__ 0.880836131513113 neg 0.06924473261486097 off 0.049919135872025934	false	1.0
verschwendung	neg 1.0		__DUMMY__ 0.8888277995306538 neg 0.06775056473183853 off 0.04342163573750761	false	1.0
schmerzvoll	neg 1.0		__DUMMY__ 0.8882653742101203 neg 0.06366564575042277 off 0.048068980039456914	false	1.0
vorzeitig	neg 1.0		__DUMMY__ 0.8873830686739487 neg 0.061266692290956104 off 0.051350239035095224	false	1.0
unvollkommenheit	neg 1.0		__DUMMY__ 0.8881621892109292 neg 0.06475472004191844 off 0.04708309074715229	false	1.0
intervenieren	neg 1.0		__DUMMY__ 0.8847060517230675 neg 0.07092348713654895 off 0.04437046114038349	false	1.0
banause	off 1.0		__DUMMY__ 0.8802785501552499 neg 0.06170277959385529 off 0.05801867025089487	false	0.5
rebell	neg 1.0		__DUMMY__ 0.891349864060763 neg 0.0663237065981088 off 0.042326429341128194	false	1.0
unlogisch	neg 1.0		__DUMMY__ 0.8840192819258439 neg 0.06260588537412858 off 0.053374832700027526	false	1.0
leiden	neg 1.0	neg 1.0	neg 0.5150879190736022 __DUMMY__ 0.45299383326512016 off 0.0319182476612776	false	1.0
abschaffung	neg 1.0		__DUMMY__ 0.884779466737548 neg 0.0671355694640431 off 0.048084963798408945	false	1.0
sturz	neg 1.0		__DUMMY__ 0.8840360497880507 neg 0.06748096351404377 off 0.04848298669790543	false	1.0
verkleinerung	neg 1.0		__DUMMY__ 0.8824796986076071 neg 0.06690882634058441 off 0.050611475051808436	false	1.0
schmarotzer	off 1.0		__DUMMY__ 0.8855439588147365 neg 0.06933915435753281 off 0.0451168868277307	false	0.5
bestrafung	neg 1.0		__DUMMY__ 0.8864557943468065 neg 0.06548411286565775 off 0.048060092787535626	false	1.0
achtlos	neg 1.0		__DUMMY__ 0.8902188196701492 neg 0.06343378583235271 off 0.04634739449749816	false	1.0
ungeheuer	neg 1.0		__DUMMY__ 0.8864395224949619 neg 0.06495159641110956 off 0.04860888109392849	false	1.0
unaufrichtig	neg 1.0		__DUMMY__ 0.882185518823284 neg 0.0679508731530288 off 0.0498636080236872	false	1.0
