unsolidarisch	neg 1.0		neg 0.39273345917561703 __DUMMY__ 0.3298163545907482 off 0.2774501862336347	false	1.0
nachteilig	neg 1.0		neg 0.3896401221069993 __DUMMY__ 0.3342755371614715 off 0.2760843407315292	false	1.0
skeptisch	neg 1.0		neg 0.3911777373729015 __DUMMY__ 0.33535677191259444 off 0.273465490714504	false	1.0
schrecklich	neg 1.0		neg 0.37911023283497436 __DUMMY__ 0.3328021998775078 off 0.28808756728751794	false	1.0
schlapp	neg 1.0		neg 0.38034080619242355 __DUMMY__ 0.335235727949461 off 0.28442346585811557	false	1.0
abfall	neg 1.0		neg 0.39254935128395124 __DUMMY__ 0.3357167815402607 off 0.2717338671757881	false	1.0
widerspenstig	neg 1.0		neg 0.38443898048352837 __DUMMY__ 0.33604871122045843 off 0.2795123082960132	false	1.0
abrupt	neg 1.0		neg 0.3854336943323814 __DUMMY__ 0.33647123271055274 off 0.27809507295706576	false	1.0
unwirksam	neg 1.0		neg 0.38990978366215895 __DUMMY__ 0.33141928283509225 off 0.27867093350274863	false	1.0
angreifen	neg 1.0		neg 0.3911788752795076 __DUMMY__ 0.33432837011383204 off 0.2744927546066605	false	1.0
inkonsistent	neg 1.0		neg 0.385608507738208 __DUMMY__ 0.3332104180872929 off 0.28118107417449906	false	1.0
abrutschen	neg 1.0		neg 0.39137485032734454 __DUMMY__ 0.3363747263634442 off 0.27225042330921134	false	1.0
unsicher	neg 1.0		neg 0.38562769991921625 __DUMMY__ 0.3351421446809513 off 0.27923015539983254	false	1.0
bauernkind	off 1.0		neg 0.3793661068288374 __DUMMY__ 0.3299778011535295 off 0.2906560920176331	false	0.5
angreifer	neg 1.0		neg 0.3858752819433598 __DUMMY__ 0.3322844425160614 off 0.28184027554057883	false	1.0
trennen	neg 1.0		neg 0.387013247759451 __DUMMY__ 0.3375568733751338 off 0.2754298788654152	false	1.0
schmutz	neg 1.0		neg 0.37609450019244794 __DUMMY__ 0.3372021164539359 off 0.2867033833536163	false	1.0
inkonsistenz	neg 1.0	neg 1.0	neg 0.6832096176073182 __DUMMY__ 0.1610077811945418 off 0.15578260119813997	false	1.0
erschreckend	neg 1.0		neg 0.3887681898382609 __DUMMY__ 0.3339787429853928 off 0.27725306717634635	false	1.0
ertrinken	neg 1.0		neg 0.3876477969960936 __DUMMY__ 0.3362438985688437 off 0.27610830443506273	false	1.0
pickelface	off 1.0		neg 0.3870514332939987 __DUMMY__ 0.3332332068884215 off 0.2797153598175797	false	0.5
seiner			neg 0.39024127103803335 __DUMMY__ 0.3350919076587007 off 0.2746668213032658	false	0.0
lauch	neg 1.0		neg 0.3909629056615576 __DUMMY__ 0.3356298551566036 off 0.27340723918183873	false	1.0
unwichtig	neg 1.0		neg 0.3831802639069614 __DUMMY__ 0.3333330547255962 off 0.28348668136744226	false	1.0
steuerhinterziehung	neg 1.0		neg 0.39121715004319063 __DUMMY__ 0.33170379226231306 off 0.2770790576944963	false	1.0
schock	neg 1.0		neg 0.38522596164259615 __DUMMY__ 0.3366204899442736 off 0.27815354841313017	false	1.0
beule	neg 1.0		neg 0.3791910548821191 __DUMMY__ 0.33494601652236033 off 0.2858629285955204	false	1.0
vergelten	neg 1.0		neg 0.37998538631822215 __DUMMY__ 0.3310412290750763 off 0.2889733846067015	false	1.0
verdorbenheit	neg 1.0		neg 0.3821139621906048 __DUMMY__ 0.33620048979137435 off 0.281685548018021	false	1.0
trauma	neg 1.0		neg 0.38492066888102694 __DUMMY__ 0.33407915649997394 off 0.2810001746189991	false	1.0
sinnlos	neg 1.0		neg 0.38470777019408314 __DUMMY__ 0.3340977229279246 off 0.2811945068779922	false	1.0
fettsack	off 1.0	off 1.0	off 0.6302660446255852 neg 0.20956475499469845 __DUMMY__ 0.1601692003797162	false	1.0
feige	off 1.0		neg 0.3850740429643808 __DUMMY__ 0.3323443921182536 off 0.2825815649173657	false	0.5
abdanken	neg 1.0		neg 0.3930736759025673 __DUMMY__ 0.3303982441125265 off 0.27652807998490614	false	1.0
wichtigtuer	off 1.0	off 1.0	off 0.6248529295788744 neg 0.2141413274117915 __DUMMY__ 0.16100574300933418	false	1.0
misslingen	neg 1.0		neg 0.3813190309078102 __DUMMY__ 0.3362241726177882 off 0.28245679647440153	false	1.0
untreu	off 1.0		neg 0.38190045933114225 __DUMMY__ 0.3335642514976705 off 0.2845352891711873	false	0.5
missmutig	neg 1.0		neg 0.38137179940485294 __DUMMY__ 0.3350069456154514 off 0.28362125497969576	false	1.0
hurenbock	off 1.0		neg 0.38122027561956995 __DUMMY__ 0.33664697895604645 off 0.2821327454243836	false	0.5
betrunken	neg 1.0		neg 0.3790435312384655 __DUMMY__ 0.33432988239976075 off 0.2866265863617738	false	1.0
korrupt	off 1.0		neg 0.3935476963052032 __DUMMY__ 0.3312712039537505 off 0.2751810997410463	false	0.5
unmut	neg 1.0		neg 0.39244410459399015 __DUMMY__ 0.33513584348612246 off 0.2724200519198874	false	1.0
hackfresse	off 1.0		neg 0.37657157390374196 __DUMMY__ 0.3318832505648185 off 0.29154517553143944	false	0.5
aufblasen	neg 1.0		neg 0.3831073694533908 __DUMMY__ 0.3357489417888426 off 0.28114368875776663	false	1.0
gewaltsam	neg 1.0		neg 0.3885930536416202 __DUMMY__ 0.33207445762402454 off 0.2793324887343551	false	1.0
unbeliebtheit	neg 1.0		neg 0.3883127323750183 __DUMMY__ 0.3281685630923665 off 0.2835187045326152	false	1.0
sturheit	neg 1.0		neg 0.39068594743393426 __DUMMY__ 0.33260101165514133 off 0.2767130409109243	false	1.0
kuh	neg 1.0		neg 0.3868659766641419 __DUMMY__ 0.332855448916059 off 0.2802785744197991	false	1.0
erschrecken	neg 1.0		neg 0.38206255892574786 __DUMMY__ 0.33476855383760695 off 0.2831688872366453	false	1.0
opfer	neg 1.0	neg 1.0	neg 0.6857350193355018 __DUMMY__ 0.1621376754777503 off 0.15212730518674789	false	1.0
sinken	neg 1.0		neg 0.3911767179978199 __DUMMY__ 0.3354010649770403 off 0.27342221702513986	false	1.0
stinktier	neg 1.0		neg 0.3806786006802961 __DUMMY__ 0.33138836312231906 off 0.287933036197385	false	1.0
tucke	off 1.0		neg 0.37484587417145326 __DUMMY__ 0.33254782936377836 off 0.29260629646476827	false	0.5
ein			neg 0.3822430738483245 __DUMMY__ 0.33687444158781815 off 0.28088248456385745	false	0.0
abstieg	neg 1.0		neg 0.39027402311943443 __DUMMY__ 0.3331341661766541 off 0.2765918107039115	false	1.0
missverstehen	neg 1.0		neg 0.38702454077164433 __DUMMY__ 0.33265417878176895 off 0.2803212804465867	false	1.0
ergebnislos	neg 1.0		neg 0.38954566183164646 __DUMMY__ 0.33393888726586707 off 0.2765154509024866	false	1.0
unter			neg 0.3909790819471145 __DUMMY__ 0.33934128037244393 off 0.2696796376804415	false	0.0
manipulieren	neg 1.0		neg 0.3914974883103281 __DUMMY__ 0.33428527211145814 off 0.2742172395782138	false	1.0
unbewiesen	neg 1.0		neg 0.393537087171245 __DUMMY__ 0.3294755408200329 off 0.276987372008722	false	1.0
verschleppen	neg 1.0		neg 0.390541564618327 __DUMMY__ 0.33345669313322895 off 0.2760017422484439	false	1.0
weib	off 1.0		neg 0.37644987347085584 __DUMMY__ 0.3309947468763948 off 0.29255537965274936	false	0.5
opposition	neg 1.0		neg 0.38913951362751514 __DUMMY__ 0.3311714250368302 off 0.2796890613356547	false	1.0
verkehrswidrig	neg 1.0		neg 0.3763085571390546 __DUMMY__ 0.3334219997764085 off 0.2902694430845369	false	1.0
inkorrekt	neg 1.0		neg 0.3868623918485116 __DUMMY__ 0.3300286276066485 off 0.2831089805448399	false	1.0
vermeiden	neg 1.0		neg 0.39111190449501915 __DUMMY__ 0.33747467758018884 off 0.271413417924792	false	1.0
abweichung	neg 1.0		neg 0.393742394165325 __DUMMY__ 0.3313034593728977 off 0.2749541464617773	false	1.0
alkoholisiert	neg 1.0		neg 0.38731803026709466 __DUMMY__ 0.33551634936122704 off 0.2771656203716783	false	1.0
scheiss	off 1.0	off 1.0	off 0.6280785927112487 neg 0.21031172961279415 __DUMMY__ 0.16160967767595716	false	1.0
herausforderung	neg 1.0		neg 0.3837701174468929 __DUMMY__ 0.3379762619559421 off 0.2782536205971651	false	1.0
pervers	off 1.0		neg 0.37380468408364304 __DUMMY__ 0.33066573752642286 off 0.29552957838993404	false	0.5
wackelig	neg 1.0		neg 0.3839737128295434 __DUMMY__ 0.33789615212577534 off 0.2781301350446813	false	1.0
verwickeln	neg 1.0		neg 0.3859477034308655 __DUMMY__ 0.3335437322372772 off 0.2805085643318574	false	1.0
vorwand	neg 1.0		neg 0.392537187604901 __DUMMY__ 0.33447525513117254 off 0.2729875572639265	false	1.0
muschi	off 1.0		neg 0.3878414033063246 __DUMMY__ 0.3330817595693497 off 0.2790768371243257	false	0.5
entmutigung	neg 1.0		neg 0.3933744461927649 __DUMMY__ 0.32788643645232557 off 0.27873911735490964	false	1.0
unangemessen	neg 1.0		neg 0.39190551808536234 __DUMMY__ 0.3326172028695645 off 0.2754772790450731	false	1.0
unstetig	neg 1.0		neg 0.38485215127524836 __DUMMY__ 0.3326197280011443 off 0.2825281207236074	false	1.0
entmutigen	neg 1.0		neg 0.3848968413331681 __DUMMY__ 0.3347481421897383 off 0.28035501647709365	false	1.0
schwanz	neg 1.0		neg 0.3880095790683392 __DUMMY__ 0.33462130420383907 off 0.27736911672782166	false	1.0
verbot	neg 1.0		neg 0.3918674300244476 __DUMMY__ 0.3319142225012722 off 0.27621834747428015	false	1.0
leid	neg 1.0		neg 0.377892222002886 __DUMMY__ 0.3323984281759518 off 0.28970934982116214	false	1.0
archaisch	neg 1.0		neg 0.39085418190980986 __DUMMY__ 0.3329406745200833 off 0.27620514357010684	false	1.0
gegen			neg 0.3927269770909312 __DUMMY__ 0.33400097871114015 off 0.2732720441979288	false	0.0
scheidung	neg 1.0	neg 1.0	neg 0.6718807823719773 off 0.16818088671903472 __DUMMY__ 0.15993833090898796	false	1.0
einschlag	neg 1.0		neg 0.37839816129039544 __DUMMY__ 0.33239786424009665 off 0.2892039744695079	false	1.0
m			neg 0.38602795402317197 __DUMMY__ 0.3356285934826166 off 0.27834345249421155	false	0.0
abgestanden	neg 1.0		neg 0.384854183212255 __DUMMY__ 0.3354680872130334 off 0.2796777295747116	false	1.0
schmierig	off 1.0		neg 0.3777628674348288 __DUMMY__ 0.3333010812475493 off 0.2889360513176219	false	0.5
unpraktisch	neg 1.0		neg 0.3826798068943578 __DUMMY__ 0.33605565220160066 off 0.28126454090404146	false	1.0
wixxer	off 1.0		neg 0.3753075882757696 __DUMMY__ 0.3295784809481349 off 0.2951139307760954	false	0.5
bezeichnet			neg 0.3893723787039621 __DUMMY__ 0.3330742021702704 off 0.2775534191257676	false	0.0
jammerlappen	off 1.0		neg 0.38264722483335856 __DUMMY__ 0.3336866173568098 off 0.2836661578098316	false	0.5
farce	neg 1.0		neg 0.39500461826261307 __DUMMY__ 0.3296275720015797 off 0.27536780973580727	false	1.0
zwecklos	neg 1.0		neg 0.39105345600181807 __DUMMY__ 0.3334217924805056 off 0.27552475151767636	false	1.0
turbulent	neg 1.0		neg 0.3806667830522662 __DUMMY__ 0.3319918202863783 off 0.28734139666135544	false	1.0
invasion	neg 1.0		neg 0.38206737825566756 __DUMMY__ 0.33487993364683843 off 0.2830526880974942	false	1.0
schuld	neg 1.0		neg 0.3866177752942002 __DUMMY__ 0.3338079966901702 off 0.27957422801562964	false	1.0
risiko	neg 1.0		neg 0.3804878612960471 __DUMMY__ 0.33576080420059623 off 0.28375133450335666	false	1.0
finster	neg 1.0		neg 0.3836792306426298 __DUMMY__ 0.33604265185349463 off 0.28027811750387555	false	1.0
geisteskrank	off 1.0		neg 0.3845200910828785 __DUMMY__ 0.33121830167830696 off 0.28426160723881455	false	0.5
zusammenbrechen	neg 1.0		neg 0.3865482247251017 __DUMMY__ 0.3355491682529856 off 0.27790260702191266	false	1.0
ausbeute	neg 1.0		neg 0.3859907038059196 __DUMMY__ 0.3367058585711156 off 0.2773034376229647	false	1.0
hinterhalt	neg 1.0		neg 0.38543596825199117 __DUMMY__ 0.33416500816030525 off 0.2803990235877036	false	1.0
kritik	neg 1.0		neg 0.393697700716028 __DUMMY__ 0.3304818878477527 off 0.2758204114362192	false	1.0
einschrumpfen	neg 1.0		neg 0.38709130720821544 __DUMMY__ 0.3309550374216788 off 0.2819536553701056	false	1.0
riskant	neg 1.0		neg 0.3897644896184674 __DUMMY__ 0.33511959800112967 off 0.275115912380403	false	1.0
frustrieren	neg 1.0		neg 0.390920445308445 __DUMMY__ 0.33443917196126427 off 0.27464038273029073	false	1.0
groll	neg 1.0		neg 0.3905485884885376 __DUMMY__ 0.33359471794858064 off 0.2758566935628817	false	1.0
gibt			neg 0.3886953714392139 __DUMMY__ 0.33448619388389444 off 0.2768184346768916	false	0.0
qualvoll	neg 1.0		neg 0.38297979524880194 __DUMMY__ 0.33503464833237295 off 0.281985556418825	false	1.0
wackeln	neg 1.0		neg 0.3819809583604599 __DUMMY__ 0.3368795675399576 off 0.2811394740995824	false	1.0
klagen	neg 1.0		neg 0.3930791271154588 __DUMMY__ 0.33416370171838733 off 0.27275717116615383	false	1.0
bankrott	neg 1.0		neg 0.3807163985132298 __DUMMY__ 0.3345899450242722 off 0.28469365646249806	false	1.0
trauern	neg 1.0		neg 0.38938121406317544 __DUMMY__ 0.3351636072693153 off 0.27545517866750907	false	1.0
ablehnung	neg 1.0	neg 1.0	neg 0.6873017897824628 __DUMMY__ 0.1601715822308572 off 0.15252662798667999	false	1.0
stur	neg 1.0		neg 0.3858109528459765 __DUMMY__ 0.33403990759344565 off 0.2801491395605778	false	1.0
aufruhr	neg 1.0		neg 0.39007264200167996 __DUMMY__ 0.3315213833310963 off 0.27840597466722367	false	1.0
melancholie	neg 1.0		neg 0.38571151308849294 __DUMMY__ 0.3367226864557744 off 0.27756580045573276	false	1.0
ist			neg 0.38606401224014847 __DUMMY__ 0.3337583972083698 off 0.2801775905514817	false	0.0
torheit	neg 1.0		neg 0.3915213906957218 __DUMMY__ 0.33022148424069864 off 0.2782571250635796	false	1.0
dreckskind	off 1.0		neg 0.3818339484202172 __DUMMY__ 0.32920336098789144 off 0.2889626905918914	false	0.5
umtauschen	neg 1.0		neg 0.38496918485990433 __DUMMY__ 0.33577512931492676 off 0.27925568582516885	false	1.0
zum			neg 0.3872452854569936 __DUMMY__ 0.3395646176330967 off 0.27319009690990975	false	0.0
zersetzen	neg 1.0		neg 0.3921497539130858 __DUMMY__ 0.33424456288240156 off 0.2736056832045125	false	1.0
zur			neg 0.3929591402103285 __DUMMY__ 0.335995467386111 off 0.2710453924035605	false	0.0
frust	neg 1.0		neg 0.38747994846629935 __DUMMY__ 0.33514005459123486 off 0.2773799969424657	false	1.0
unerbittlichkeit	neg 1.0		neg 0.3920683592312445 __DUMMY__ 0.3336799887112062 off 0.2742516520575493	false	1.0
zwei			neg 0.38766217617679327 __DUMMY__ 0.33810079302384016 off 0.2742370307993665	false	0.0
unkorrekt	neg 1.0		neg 0.38433982328978944 __DUMMY__ 0.3310378522833886 off 0.28462232442682195	false	1.0
hexe	off 1.0		neg 0.38140087376979337 __DUMMY__ 0.3339023505799241 off 0.28469677565028234	false	0.5
lasch	neg 1.0		neg 0.3859647907709764 __DUMMY__ 0.3324577754894592 off 0.28157743373956445	false	1.0
rivale	neg 1.0		neg 0.38029540390876465 __DUMMY__ 0.33168023560481374 off 0.2880243604864216	false	1.0
mutlos	off 1.0	off 1.0	off 0.6218006346442564 neg 0.21714448772403827 __DUMMY__ 0.16105487763170526	false	1.0
wirr	off 1.0		neg 0.38244391862569926 __DUMMY__ 0.3310991005784456 off 0.28645698079585513	false	0.5
jahr			neg 0.38676693390369365 __DUMMY__ 0.3370529810914373 off 0.27618008500486907	false	0.0
wird			neg 0.38953316236634317 __DUMMY__ 0.3348592042465486 off 0.27560763338710825	false	0.0
strafbar	neg 1.0		neg 0.3930444286834861 __DUMMY__ 0.33277798942877934 off 0.27417758188773456	false	1.0
erosion	neg 1.0		neg 0.3828157922552764 __DUMMY__ 0.33556821123562064 off 0.281615996509103	false	1.0
eingehen	neg 1.0		neg 0.3908278468835075 __DUMMY__ 0.3338164615010539 off 0.27535569161543855	false	1.0
faul	off 1.0		neg 0.3798151139216944 __DUMMY__ 0.33567270190856957 off 0.28451218416973606	false	0.5
provisorium	neg 1.0		neg 0.3932803460239133 __DUMMY__ 0.338251992424045 off 0.26846766155204177	false	1.0
schmerzen	neg 1.0		neg 0.386068585989571 __DUMMY__ 0.3356114447088216 off 0.2783199693016075	false	1.0
schrumpfen	neg 1.0		neg 0.3925245573366409 __DUMMY__ 0.3365305548868483 off 0.2709448877765109	false	1.0
geistlos	off 1.0		neg 0.3907356445728305 __DUMMY__ 0.3296317488899419 off 0.2796326065372277	false	0.5
fehlkauf	neg 1.0		neg 0.38497268256570316 __DUMMY__ 0.3331475095326576 off 0.28187980790163925	false	1.0
frustrierend	neg 1.0	neg 1.0	neg 0.6817968076095321 __DUMMY__ 0.16192871614580362 off 0.15627447624466428	false	1.0
unzufrieden	neg 1.0		neg 0.38975424525061697 __DUMMY__ 0.33422229522647967 off 0.2760234595229033	false	1.0
verzweifeln	neg 1.0		neg 0.3865890183548384 __DUMMY__ 0.33497740376608354 off 0.27843357787907813	false	1.0
verzweifelt	neg 1.0		neg 0.3857393401123689 __DUMMY__ 0.3341625520046607 off 0.28009810788297046	false	1.0
misstrauensantrag	neg 1.0		neg 0.3862519331481386 __DUMMY__ 0.33237447993436525 off 0.2813735869174962	false	1.0
abfallen	neg 1.0		neg 0.3815733993252974 __DUMMY__ 0.33706709883333336 off 0.2813595018413693	false	1.0
fucker	off 1.0		neg 0.38091921495214065 __DUMMY__ 0.33217567906106593 off 0.2869051059867934	false	0.5
ungezogen	neg 1.0		neg 0.3746949247284794 __DUMMY__ 0.33193089074814136 off 0.2933741845233792	false	1.0
irrsinnig	neg 1.0	neg 1.0	neg 0.6843571496848309 __DUMMY__ 0.16138148768834765 off 0.15426136262682147	false	1.0
unfassbar	neg 1.0		neg 0.382360411984333 __DUMMY__ 0.33351128935575164 off 0.28412829865991523	false	1.0
hart	neg 1.0		neg 0.38368775780002595 __DUMMY__ 0.33239453508695194 off 0.28391770711302206	false	1.0
widerlich	off 1.0		neg 0.3829151310623677 __DUMMY__ 0.3324923295237632 off 0.28459253941386903	false	0.5
fatal	neg 1.0		neg 0.3846925996516789 __DUMMY__ 0.3334170570507288 off 0.2818903432975924	false	1.0
bruch	neg 1.0		neg 0.3951907000126028 __DUMMY__ 0.3331952676766623 off 0.27161403231073483	false	1.0
aushungern	neg 1.0		neg 0.39024858431127735 __DUMMY__ 0.33164346749256396 off 0.2781079481961586	false	1.0
anspannung	neg 1.0		neg 0.3903486197857442 __DUMMY__ 0.33699296871142487 off 0.27265841150283093	false	1.0
von			neg 0.3875834733040033 __DUMMY__ 0.33718568944701016 off 0.27523083724898645	false	0.0
kraftlos	neg 1.0		neg 0.385566640601716 __DUMMY__ 0.3371305517901881 off 0.27730280760809595	false	1.0
vom			neg 0.3906708240278981 __DUMMY__ 0.33905720202798784 off 0.270271973944114	false	0.0
grenzdebil	off 1.0		neg 0.38016848094096295 __DUMMY__ 0.3340778865964916 off 0.2857536324625455	false	0.5
vor			neg 0.3899466968971746 __DUMMY__ 0.33647223092944945 off 0.27358107217337585	false	0.0
unterwerfen	neg 1.0		neg 0.39123855859188883 __DUMMY__ 0.33377733678074895 off 0.27498410462736217	false	1.0
versenkung	neg 1.0		neg 0.39041443356002264 __DUMMY__ 0.3346775107213555 off 0.27490805571862187	false	1.0
entziehen	neg 1.0		neg 0.39296759768064726 __DUMMY__ 0.3346146237119068 off 0.2724177786074459	false	1.0
finanzkrise	neg 1.0		neg 0.3914320180628563 __DUMMY__ 0.3311683627706821 off 0.2773996191664615	false	1.0
schimpfend	neg 1.0		neg 0.3796733018577925 __DUMMY__ 0.33768547089808254 off 0.28264122724412477	false	1.0
profan	neg 1.0		neg 0.3848208897431859 __DUMMY__ 0.3340580427362557 off 0.28112106752055854	false	1.0
korruption	neg 1.0		neg 0.39301098674351037 __DUMMY__ 0.3315224929630035 off 0.275466520293486	false	1.0
â			neg 0.3872131587697585 __DUMMY__ 0.3355113076605419 off 0.27727553356969964	false	0.0
schmutzig	neg 1.0		neg 0.37854601577211755 __DUMMY__ 0.33549422442453025 off 0.2859597598033523	false	1.0
sexy	neg 1.0		neg 0.3821087974209578 __DUMMY__ 0.3340882116538581 off 0.2838029909251839	false	1.0
abraten	neg 1.0		neg 0.3838228064683945 __DUMMY__ 0.3352880339455712 off 0.2808891595860343	false	1.0
schwarz	neg 1.0		neg 0.3852777151800744 __DUMMY__ 0.33368150942463615 off 0.2810407753952893	false	1.0
fotze	off 1.0		neg 0.3892516889718211 __DUMMY__ 0.33351445016184206 off 0.27723386086633695	false	0.5
verwirren	neg 1.0		neg 0.3837681928039351 __DUMMY__ 0.33411378397935143 off 0.28211802321671337	false	1.0
zahnlos	off 1.0		neg 0.39070708157803996 __DUMMY__ 0.33337087652809777 off 0.2759220418938622	false	0.5
verheeren	neg 1.0		neg 0.3759580123599047 __DUMMY__ 0.32954148503491143 off 0.29450050260518384	false	1.0
hippie	neg 1.0		neg 0.3828115286833312 __DUMMY__ 0.3337993887687767 off 0.28338908254789225	false	1.0
rammen	neg 1.0		neg 0.38277796635381056 __DUMMY__ 0.3346429058041005 off 0.28257912784208905	false	1.0
unlauter	neg 1.0	neg 1.0	neg 0.6836906418038297 __DUMMY__ 0.1609684615642317 off 0.15534089663193873	false	1.0
unheilvoll	neg 1.0		neg 0.3832741148524103 __DUMMY__ 0.3350874788897999 off 0.2816384062577897	false	1.0
niedrig	neg 1.0		neg 0.3897793657707884 __DUMMY__ 0.33415120862765507 off 0.27606942560155645	false	1.0
explosion	neg 1.0		neg 0.38213150742812674 __DUMMY__ 0.3346170341327373 off 0.28325145843913596	false	1.0
weichei	off 1.0		neg 0.3777184922597276 __DUMMY__ 0.33200005799880794 off 0.29028144974146447	false	0.5
minusmensch	off 1.0		neg 0.37779874359325283 __DUMMY__ 0.32851285795757645 off 0.29368839844917066	false	0.5
farblos	neg 1.0		neg 0.38610079203784 __DUMMY__ 0.33380737134220423 off 0.28009183661995574	false	1.0
unwissend	neg 1.0	neg 1.0	neg 0.6821603056907658 __DUMMY__ 0.16105151144733748 off 0.1567881828618967	false	1.0
traurig	neg 1.0		neg 0.37884476690201396 __DUMMY__ 0.3337126322597034 off 0.28744260083828277	false	1.0
senkung	neg 1.0		neg 0.3846704526574598 __DUMMY__ 0.333093139231408 off 0.2822364081111323	false	1.0
ungleich	neg 1.0	neg 1.0	neg 0.6871077865137741 __DUMMY__ 0.16132812230056756 off 0.15156409118565828	false	1.0
heikel	neg 1.0		neg 0.3916342397588138 __DUMMY__ 0.33461399909851225 off 0.2737517611426741	false	1.0
drosselung	neg 1.0		neg 0.3776716870033804 __DUMMY__ 0.33412952044188593 off 0.2881987925547335	false	1.0
falsch	neg 1.0		neg 0.3833042776685485 __DUMMY__ 0.3336884782909443 off 0.2830072440405071	false	1.0
unzufriedenheit	neg 1.0		neg 0.39237811519778776 __DUMMY__ 0.3342521265032643 off 0.27336975829894783	false	1.0
kurz	neg 1.0		neg 0.3848217349348319 __DUMMY__ 0.3367835437967023 off 0.27839472126846576	false	1.0
unsinnig	neg 1.0		neg 0.3896350016200543 __DUMMY__ 0.33393638875621395 off 0.27642860962373184	false	1.0
penner	off 1.0	off 1.0	off 0.6316170856576813 neg 0.20763516757247907 __DUMMY__ 0.16074774676983972	false	1.0
seicht	neg 1.0		neg 0.37821838647004474 __DUMMY__ 0.32990033535248225 off 0.29188127817747295	false	1.0
dummheit	off 1.0	off 1.0	off 0.6252306700785583 neg 0.21387124419685533 __DUMMY__ 0.16089808572458641	false	1.0
unerfreulich	neg 1.0		neg 0.391417992771819 __DUMMY__ 0.3352101494728272 off 0.27337185775535383	false	1.0
motherfucker	off 1.0	off 1.0	off 0.6286512927336704 neg 0.2105736490213773 __DUMMY__ 0.1607750582449523	false	1.0
pikiert	neg 1.0		neg 0.383887566190166 __DUMMY__ 0.3327821081093464 off 0.2833303257004877	false	1.0
wrack	neg 1.0		neg 0.38613729183602113 __DUMMY__ 0.3359938405959863 off 0.27786886756799256	false	1.0
gangster	neg 1.0		neg 0.383680346581813 __DUMMY__ 0.33383499798271954 off 0.2824846554354676	false	1.0
krank	neg 1.0		neg 0.37892656562705906 __DUMMY__ 0.3349753357196862 off 0.2860980986532547	false	1.0
reich	neg 1.0		neg 0.388589240234516 __DUMMY__ 0.3288747166392426 off 0.2825360431262413	false	1.0
gnadenlos	neg 1.0		neg 0.3858507800675518 __DUMMY__ 0.3341902159660219 off 0.27995900396642626	false	1.0
niedergeschlagen	neg 1.0		neg 0.3870593514315909 __DUMMY__ 0.33520139688975165 off 0.27773925167865754	false	1.0
terrorisieren	off 1.0	off 1.0	off 0.6222827245378936 neg 0.21541287499239697 __DUMMY__ 0.1623044004697094	false	1.0
sinnlosigkeit	neg 1.0		neg 0.3904384709350506 __DUMMY__ 0.3335291276331905 off 0.2760324014317589	false	1.0
behindern	neg 1.0		neg 0.384684528088586 __DUMMY__ 0.3356251830040945 off 0.2796902889073194	false	1.0
undemokratisch	neg 1.0		neg 0.39024010541157006 __DUMMY__ 0.33079546060946224 off 0.27896443397896764	false	1.0
wirtschaftskrise	neg 1.0		neg 0.3916330995550912 __DUMMY__ 0.33244475195360856 off 0.2759221484913002	false	1.0
neid	neg 1.0		neg 0.3813502371055235 __DUMMY__ 0.3352671313173821 off 0.2833826315770944	false	1.0
rutschen	neg 1.0		neg 0.3867923447851094 __DUMMY__ 0.3397495654563833 off 0.2734580897585074	false	1.0
rezession	neg 1.0		neg 0.38234044618470564 __DUMMY__ 0.32990272303812057 off 0.2877568307771737	false	1.0
fehlgeburt	neg 1.0		neg 0.3863401199424998 __DUMMY__ 0.3339983176411607 off 0.27966156241633944	false	1.0
charakterschwach	off 1.0		neg 0.3828476760363875 __DUMMY__ 0.3326479210717292 off 0.28450440289188333	false	0.5
isolation	neg 1.0		neg 0.38110161245163227 __DUMMY__ 0.33402399099742897 off 0.2848743965509387	false	1.0
ablenkung	neg 1.0		neg 0.38480196944935985 __DUMMY__ 0.3353988436655 off 0.2797991868851402	false	1.0
pech	neg 1.0		neg 0.3835590143947034 __DUMMY__ 0.3341622694201626 off 0.2822787161851339	false	1.0
vermeidung	neg 1.0		neg 0.3786032332957701 __DUMMY__ 0.33444778466835373 off 0.28694898203587615	false	1.0
dominieren	neg 1.0		neg 0.3879531682698999 __DUMMY__ 0.3342941462863978 off 0.27775268544370235	false	1.0
schwindlig	neg 1.0		neg 0.3811528382469693 __DUMMY__ 0.33592240244944244 off 0.28292475930358835	false	1.0
lutscher	neg 1.0		neg 0.37685601902261456 __DUMMY__ 0.33015350362517926 off 0.29299047735220624	false	1.0
pflicht	neg 1.0		neg 0.39219030179054326 __DUMMY__ 0.3343771997715669 off 0.2734324984378899	false	1.0
faschist	off 1.0		neg 0.38959352011640325 __DUMMY__ 0.33050593366088454 off 0.2799005462227122	false	0.5
verschleudern	neg 1.0		neg 0.3917834653791227 __DUMMY__ 0.3327942901944629 off 0.2754222444264144	false	1.0
wenn			neg 0.3828279974155776 __DUMMY__ 0.3339995273709311 off 0.28317247521349115	false	0.0
ehebruch	neg 1.0		neg 0.39178782600407774 __DUMMY__ 0.3331235314720896 off 0.27508864252383264	false	1.0
spott	off 1.0		neg 0.3923210408780818 __DUMMY__ 0.33325023496819983 off 0.27442872415371855	false	0.5
trostlosigkeit	neg 1.0		neg 0.395618459033541 __DUMMY__ 0.3320292947008264 off 0.27235224626563254	false	1.0
lutschen	neg 1.0		neg 0.3842389566992674 __DUMMY__ 0.33231872512423366 off 0.283442318176499	false	1.0
undiszipliniert	neg 1.0		neg 0.3801405585028086 __DUMMY__ 0.3333122940785621 off 0.2865471474186293	false	1.0
kopfschmerz	neg 1.0		neg 0.38694001923046356 __DUMMY__ 0.3346179712456722 off 0.2784420095238642	false	1.0
unvorhergesehen	neg 1.0		neg 0.3844025712502505 __DUMMY__ 0.33723028533716326 off 0.2783671434125862	false	1.0
desinteressiert	neg 1.0		neg 0.38182367060714534 __DUMMY__ 0.3324456959276916 off 0.28573063346516303	false	1.0
armselig	off 1.0		neg 0.3817047524059156 __DUMMY__ 0.33179016986178256 off 0.2865050777323018	false	0.5
desaster	neg 1.0		neg 0.39517045166457504 __DUMMY__ 0.3334200894150525 off 0.27140945892037244	false	1.0
tod	neg 1.0		neg 0.3932599606130853 __DUMMY__ 0.33234350632852777 off 0.27439653305838685	false	1.0
herzlos	neg 1.0		neg 0.37850236310769253 __DUMMY__ 0.33340688412832653 off 0.288090752763981	false	1.0
unwissenheit	neg 1.0		neg 0.3915724923569165 __DUMMY__ 0.3328276672947017 off 0.2755998403483818	false	1.0
widersinnig	neg 1.0		neg 0.3928751303672651 __DUMMY__ 0.33103753746797887 off 0.27608733216475595	false	1.0
bedenklich	neg 1.0		neg 0.39093392887320105 __DUMMY__ 0.3343207419470423 off 0.27474532917975664	false	1.0
beanstanden	neg 1.0		neg 0.39219071870244643 __DUMMY__ 0.33462803300206356 off 0.27318124829548995	false	1.0
panisch	neg 1.0	neg 1.0	neg 0.6801739838512405 __DUMMY__ 0.16357734864358534 off 0.15624866750517408	false	1.0
debil	off 1.0		neg 0.3941800983586368 __DUMMY__ 0.33532743592245834 off 0.2704924657189048	false	0.5
abstrich	neg 1.0		neg 0.3827446061686703 __DUMMY__ 0.33660662053088103 off 0.2806487733004488	false	1.0
primitiv	neg 1.0		neg 0.38255953297332324 __DUMMY__ 0.33230986501742477 off 0.285130602009252	false	1.0
abschaum	off 1.0	off 1.0	off 0.6266199394628078 neg 0.21276876119617028 __DUMMY__ 0.16061129934102192	false	1.0
provozieren	neg 1.0		neg 0.38829377968027917 __DUMMY__ 0.33304441469798635 off 0.2786618056217345	false	1.0
tot	neg 1.0		neg 0.3889685449403535 __DUMMY__ 0.33342163422291843 off 0.2776098208367281	false	1.0
instabil	neg 1.0		neg 0.38241561938500324 __DUMMY__ 0.33048527028334374 off 0.28709911033165303	false	1.0
schwuchtel	off 1.0		neg 0.3742513785784122 __DUMMY__ 0.3279603701332024 off 0.2977882512883855	false	0.5
zerren	neg 1.0		neg 0.38687469965442256 __DUMMY__ 0.33538109887822964 off 0.2777442014673478	false	1.0
kinderficker	off 1.0		neg 0.38026528939392745 __DUMMY__ 0.3310057751679033 off 0.28872893543816924	false	0.5
gefahr	neg 1.0		neg 0.39150583447684 __DUMMY__ 0.3334982785777385 off 0.2749958869454215	false	1.0
rabiat	neg 1.0		neg 0.38671483976505316 __DUMMY__ 0.3342884097431656 off 0.2789967504917812	false	1.0
verlangsamung	neg 1.0		neg 0.3788681626395527 __DUMMY__ 0.3297251149217596 off 0.29140672243868765	false	1.0
ausgestorben	neg 1.0		neg 0.387184855388357 __DUMMY__ 0.335105115573436 off 0.27771002903820696	false	1.0
anklagen	neg 1.0		neg 0.3895005839291579 __DUMMY__ 0.3327015506846049 off 0.27779786538623735	false	1.0
trott	neg 1.0		neg 0.38543457758265015 __DUMMY__ 0.33504106380077925 off 0.27952435861657066	false	1.0
verminderung	neg 1.0		neg 0.3796349455007078 __DUMMY__ 0.33317840987663694 off 0.28718664462265525	false	1.0
nach			neg 0.38935415085717767 __DUMMY__ 0.33825260936185025 off 0.272393239780972	false	0.0
rost	neg 1.0		neg 0.3761877106731648 __DUMMY__ 0.3311950457325595 off 0.2926172435942757	false	1.0
destruktiv	neg 1.0		neg 0.3904450471923977 __DUMMY__ 0.3325126302642938 off 0.2770423225433085	false	1.0
unzumutbarkeit	neg 1.0		neg 0.3791525017432411 __DUMMY__ 0.3340372376161234 off 0.2868102606406356	false	1.0
labil	off 1.0	off 1.0	off 0.6274393481423509 neg 0.21168724258197025 __DUMMY__ 0.16087340927567878	false	1.0
ziemlich	neg 1.0		neg 0.38116333157288773 __DUMMY__ 0.33383214298910896 off 0.2850045254380032	false	1.0
lachnummer	off 1.0		neg 0.3900827376333999 __DUMMY__ 0.3327219891383641 off 0.27719527322823606	false	0.5
oder			neg 0.3846634585458986 __DUMMY__ 0.3357414155826189 off 0.27959512587148255	false	0.0
verfall	neg 1.0		neg 0.39429301484392376 __DUMMY__ 0.33539688301652837 off 0.27031010213954787	false	1.0
ausgrenzung	neg 1.0		neg 0.3894098216384143 __DUMMY__ 0.3308240522264719 off 0.27976612613511387	false	1.0
unordnung	neg 1.0		neg 0.38026335809104894 __DUMMY__ 0.33131753650385704 off 0.28841910540509397	false	1.0
fehlverhalten	neg 1.0		neg 0.39232752587328906 __DUMMY__ 0.333432050686036 off 0.274240423440675	false	1.0
eine			neg 0.39044922473661875 __DUMMY__ 0.33593965875883336 off 0.27361111650454795	false	0.0
nille	neg 1.0		neg 0.3889288790068298 __DUMMY__ 0.3325676535763958 off 0.2785034674167745	false	1.0
qual	neg 1.0		neg 0.3857777218154599 __DUMMY__ 0.3348704106584783 off 0.2793518675260619	false	1.0
verschwenden	neg 1.0		neg 0.3902994110517534 __DUMMY__ 0.3346740603573532 off 0.2750265285908932	false	1.0
riesig	neg 1.0		neg 0.3869194219990942 __DUMMY__ 0.33472387703631273 off 0.2783567009645931	false	1.0
verurteilen	neg 1.0		neg 0.3916666212351578 __DUMMY__ 0.3325914317916754 off 0.27574194697316684	false	1.0
klischee	neg 1.0	neg 1.0	neg 0.683632569371037 __DUMMY__ 0.16074544432001095 off 0.15562198630895202	false	1.0
diktatorisch	neg 1.0		neg 0.3919573589296003 __DUMMY__ 0.32977240300274063 off 0.2782702380676591	false	1.0
vorhersehbar	neg 1.0		neg 0.38790191256219875 __DUMMY__ 0.33204360999094884 off 0.2800544774468523	false	1.0
sowie			neg 0.37984736931221025 __DUMMY__ 0.3301813437314324 off 0.2899712869563574	false	0.0
stornieren	neg 1.0		neg 0.3816649378298337 __DUMMY__ 0.33550781730381996 off 0.2828272448663463	false	1.0
besteuerung	neg 1.0		neg 0.3868517841248382 __DUMMY__ 0.3330357240688741 off 0.28011249180628756	false	1.0
ungeschminkt	neg 1.0		neg 0.3818136304882697 __DUMMY__ 0.332930945113277 off 0.2852554243984533	false	1.0
kritisch	neg 1.0		neg 0.3921448901739826 __DUMMY__ 0.33333096012925695 off 0.2745241496967605	false	1.0
schlamperei	off 1.0		neg 0.3913570244236364 __DUMMY__ 0.33330969434097973 off 0.27533328123538386	false	0.5
sucht	neg 1.0	neg 1.0	neg 0.6792996455350769 __DUMMY__ 0.1636803981288333 off 0.15701995633608976	false	1.0
egoistisch	off 1.0		neg 0.3776968636193103 __DUMMY__ 0.3321411941248944 off 0.2901619422557953	false	0.5
ausbeuter	off 1.0		neg 0.39368643960068184 __DUMMY__ 0.33282874265460677 off 0.2734848177447113	false	0.5
arschgeburt	off 1.0		neg 0.3744013891304136 __DUMMY__ 0.327964365875603 off 0.2976342449939833	false	0.5
schubs	neg 1.0	neg 1.0	neg 0.6832574292988955 __DUMMY__ 0.16333743077422475 off 0.15340513992687962	false	1.0
unsolide	neg 1.0		neg 0.3897814153752045 __DUMMY__ 0.32866222526867117 off 0.2815563593561245	false	1.0
beschwerde	neg 1.0		neg 0.390425297506913 __DUMMY__ 0.33334688121232453 off 0.27622782128076245	false	1.0
stocken	neg 1.0		neg 0.3886158825171954 __DUMMY__ 0.3348806800601643 off 0.2765034374226403	false	1.0
isolieren	neg 1.0		neg 0.38494190133254136 __DUMMY__ 0.33583215661793764 off 0.27922594204952117	false	1.0
unheilbar	neg 1.0		neg 0.3871480634212435 __DUMMY__ 0.3335596712131435 off 0.2792922653656129	false	1.0
pisser	off 1.0		neg 0.381217240214717 __DUMMY__ 0.3312244193474118 off 0.2875583404378713	false	0.5
löschen	neg 1.0		neg 0.3858802245818773 __DUMMY__ 0.33383497720585886 off 0.28028479821226376	false	1.0
durchfallen	neg 1.0		neg 0.38997822052112097 __DUMMY__ 0.33452986331530254 off 0.2754919161635763	false	1.0
wichser	off 1.0		neg 0.3746878270830153 __DUMMY__ 0.330690274125209 off 0.29462189879177575	false	0.5
terror	neg 1.0		neg 0.38087327920792385 __DUMMY__ 0.33515386958557813 off 0.28397285120649807	false	1.0
krass	neg 1.0		neg 0.37915268597764024 __DUMMY__ 0.3326869074468769 off 0.288160406575483	false	1.0
revolte	neg 1.0	neg 1.0	neg 0.6857757917585148 __DUMMY__ 0.15922401252479557 off 0.15500019571668971	false	1.0
besorgt	neg 1.0		neg 0.38371308847934193 __DUMMY__ 0.3373912857952456 off 0.27889562572541243	false	1.0
nachlassen	neg 1.0		neg 0.38718568547921073 __DUMMY__ 0.335469316440241 off 0.27734499808054813	false	1.0
alt	neg 1.0		neg 0.38681248353030995 __DUMMY__ 0.3369747200391666 off 0.2762127964305235	false	1.0
hundesohn	off 1.0		neg 0.3777007373791055 __DUMMY__ 0.32923811356548993 off 0.2930611490554045	false	0.5
als			neg 0.38744830877443165 __DUMMY__ 0.3355910076271036 off 0.27696068359846465	false	0.0
abschreckung	neg 1.0		neg 0.39290807611012113 __DUMMY__ 0.33397575235599597 off 0.27311617153388285	false	1.0
unqualifiziert	neg 1.0		neg 0.38669414836380406 __DUMMY__ 0.33252364190282707 off 0.28078220973336887	false	1.0
abgewichst	off 1.0		neg 0.3882435758177067 __DUMMY__ 0.3337744402043269 off 0.2779819839779663	false	0.5
schwer	neg 1.0		neg 0.3862884092820831 __DUMMY__ 0.3350142067082753 off 0.27869738400964156	false	1.0
bedeutungslosigkeit	neg 1.0		neg 0.3929801969801672 __DUMMY__ 0.333493197842812 off 0.27352660517702077	false	1.0
kapitulation	neg 1.0		neg 0.39470136478555656 __DUMMY__ 0.330836331155986 off 0.27446230405845756	false	1.0
unscharf	neg 1.0		neg 0.3838674541387207 __DUMMY__ 0.3338959949047655 off 0.28223655095651373	false	1.0
schwinden	neg 1.0		neg 0.390671334563158 __DUMMY__ 0.3347235544606493 off 0.2746051109761927	false	1.0
versklavung	neg 1.0	neg 1.0	neg 0.6859979953815137 __DUMMY__ 0.15998691315239935 off 0.15401509146608694	false	1.0
schlecht	neg 1.0		neg 0.3803345989717812 __DUMMY__ 0.3341232716742774 off 0.2855421293539413	false	1.0
verhasst	neg 1.0		neg 0.388894528838652 __DUMMY__ 0.33261743874497096 off 0.27848803241637715	false	1.0
beschweren	neg 1.0		neg 0.38450083602869206 __DUMMY__ 0.3346158397878601 off 0.28088332418344786	false	1.0
scheiden	neg 1.0		neg 0.38675323248317733 __DUMMY__ 0.33469946558273783 off 0.2785473019340847	false	1.0
frustriert	neg 1.0		neg 0.3879462678362852 __DUMMY__ 0.33462762035336646 off 0.27742611181034826	false	1.0
schimmelig	neg 1.0		neg 0.39024558494883 __DUMMY__ 0.33421408844942074 off 0.2755403266017492	false	1.0
fisch	neg 1.0	neg 1.0	neg 0.6831141095888684 __DUMMY__ 0.1633968944967465 off 0.15348899591438503	false	1.0
schmuggel	neg 1.0		neg 0.3884961262946242 __DUMMY__ 0.33642721233636697 off 0.27507666136900877	false	1.0
auffallen	neg 1.0		neg 0.38445851024262323 __DUMMY__ 0.33427936428987537 off 0.28126212546750146	false	1.0
konkurrenz	neg 1.0		neg 0.38996016043928355 __DUMMY__ 0.3360937126190153 off 0.27394612694170123	false	1.0
teufelskreis	neg 1.0		neg 0.38894988021363924 __DUMMY__ 0.33378290402181565 off 0.2772672157645451	false	1.0
aufschreien	neg 1.0		neg 0.38671993860442 __DUMMY__ 0.33282508151551154 off 0.2804549798800685	false	1.0
schuldner	neg 1.0		neg 0.392503494086022 __DUMMY__ 0.33304932626035766 off 0.27444717965362053	false	1.0
missgeburt	off 1.0	off 1.0	off 0.6306876001955225 neg 0.20933615399796834 __DUMMY__ 0.15997624580650913	false	1.0
arbeitslos	neg 1.0		neg 0.3900387106612357 __DUMMY__ 0.33379174095652375 off 0.2761695483822407	false	1.0
befallen	neg 1.0		neg 0.3931808426415291 __DUMMY__ 0.33151625885287983 off 0.27530289850559125	false	1.0
miesepetrig	off 1.0		neg 0.38021414171037715 __DUMMY__ 0.3344543995926716 off 0.2853314586969512	false	0.5
alarmieren	neg 1.0		neg 0.3842861217142132 __DUMMY__ 0.33201752907783993 off 0.2836963492079469	false	1.0
ungeduscht	off 1.0		neg 0.3834010258372587 __DUMMY__ 0.3341179126006226 off 0.2824810615621187	false	0.5
knappheit	neg 1.0		neg 0.389399062828968 __DUMMY__ 0.33384884809161075 off 0.2767520890794212	false	1.0
schlange	neg 1.0		neg 0.38319107246786466 __DUMMY__ 0.3356075012702565 off 0.2812014262618789	false	1.0
harsch	neg 1.0		neg 0.37482618940137635 __DUMMY__ 0.33324396127827677 off 0.2919298493203468	false	1.0
lang	neg 1.0		neg 0.3851195140084861 __DUMMY__ 0.3342811514701589 off 0.28059933452135494	false	1.0
ziellos	neg 1.0		neg 0.3886120938482166 __DUMMY__ 0.3351451997183074 off 0.2762427064334761	false	1.0
selbstverliebt	neg 1.0		neg 0.37668678204575023 __DUMMY__ 0.3285254777883916 off 0.29478774016585835	false	1.0
beseitigen	neg 1.0		neg 0.38248240829618185 __DUMMY__ 0.33609357256846645 off 0.2814240191353517	false	1.0
dumm	off 1.0		neg 0.3780829133320426 __DUMMY__ 0.3313658394860456 off 0.2905512471819117	false	0.5
arbeitsloser	neg 1.0		neg 0.3905168905394754 __DUMMY__ 0.33407799234259605 off 0.2754051171179286	false	1.0
blitzen	neg 1.0		neg 0.38398327974306046 __DUMMY__ 0.3331752868817351 off 0.2828414333752044	false	1.0
hilflos	neg 1.0		neg 0.3880270203821776 __DUMMY__ 0.3348385104164947 off 0.27713446920132767	false	1.0
eklig	off 1.0		neg 0.37814615190000606 __DUMMY__ 0.33065011176930487 off 0.2912037363306892	false	0.5
begriff			neg 0.38890559657995477 __DUMMY__ 0.33396216968738013 off 0.2771322337326651	false	0.0
hungersnot	neg 1.0		neg 0.3924443825346965 __DUMMY__ 0.3305833903162996 off 0.2769722271490039	false	1.0
ungesetzlich	neg 1.0		neg 0.38957515545264704 __DUMMY__ 0.3303540890267355 off 0.2800707555206174	false	1.0
verschwendung	neg 1.0		neg 0.39110203527733806 __DUMMY__ 0.33476981091867086 off 0.27412815380399114	false	1.0
schmerzvoll	neg 1.0		neg 0.3846769758280241 __DUMMY__ 0.33452494730638516 off 0.2807980768655909	false	1.0
vorzeitig	neg 1.0		neg 0.38098973830485794 __DUMMY__ 0.3337767957516142 off 0.2852334659435278	false	1.0
unvollkommenheit	neg 1.0		neg 0.38650383316334636 __DUMMY__ 0.33418178483222644 off 0.2793143820044271	false	1.0
intervenieren	neg 1.0		neg 0.3938550222480621 __DUMMY__ 0.3324197413785154 off 0.2737252363734225	false	1.0
banause	off 1.0		neg 0.37733726589516836 __DUMMY__ 0.3300870196583678 off 0.2925757144464637	false	0.5
rebell	neg 1.0		neg 0.3902772409099221 __DUMMY__ 0.3358079988986766 off 0.2739147601914012	false	1.0
unlogisch	neg 1.0		neg 0.3808463412971287 __DUMMY__ 0.3321714707089183 off 0.2869821879939531	false	1.0
leiden	neg 1.0	neg 1.0	neg 0.6823626948428049 __DUMMY__ 0.1649972159469137 off 0.15264008921028138	false	1.0
abschaffung	neg 1.0		neg 0.38818336675693227 __DUMMY__ 0.33240583844991106 off 0.27941079479315667	false	1.0
sturz	neg 1.0		neg 0.38810948772639725 __DUMMY__ 0.3320543194410749 off 0.2798361928325278	false	1.0
verkleinerung	neg 1.0		neg 0.3864947080278228 __DUMMY__ 0.33119610832668855 off 0.2823091836454885	false	1.0
schmarotzer	off 1.0		neg 0.39181292777138654 __DUMMY__ 0.33296244388762736 off 0.27522462834098615	false	0.5
bestrafung	neg 1.0		neg 0.3866664957193497 __DUMMY__ 0.3334556787847704 off 0.2798778254958799	false	1.0
achtlos	neg 1.0		neg 0.3854009642342486 __DUMMY__ 0.3355787492745347 off 0.2790202864912167	false	1.0
ungeheuer	neg 1.0		neg 0.3854211494065507 __DUMMY__ 0.33346612798741687 off 0.2811127226060323	false	1.0
unaufrichtig	neg 1.0		neg 0.3880609510564904 __DUMMY__ 0.33103474439511704 off 0.28090430454839255	false	1.0
groggy	neg 1.0		neg 0.3836447873332065 __DUMMY__ 0.3334676331029886 off 0.28288757956380495	false	1.0
verletzlich	neg 1.0		neg 0.38166975021992294 __DUMMY__ 0.33310851736714764 off 0.28522173241292936	false	1.0
ablehnen	neg 1.0		neg 0.3907124221614057 __DUMMY__ 0.33333474072151414 off 0.2759528371170802	false	1.0
