unsolidarisch	neg 1.0		neg 0.392733459175617 __DUMMY__ 0.3298163545907483 off 0.2774501862336348	false	1.0
nachteilig	neg 1.0		neg 0.3896401221069995 __DUMMY__ 0.33427553716147146 off 0.2760843407315291	false	1.0
skeptisch	neg 1.0		neg 0.391177737372902 __DUMMY__ 0.33535677191259433 off 0.27346549071450355	false	1.0
schrecklich	neg 1.0		neg 0.3791102328349746 __DUMMY__ 0.33280219987750786 off 0.2880875672875176	false	1.0
schlapp	neg 1.0		neg 0.3803408061924241 __DUMMY__ 0.335235727949461 off 0.284423465858115	false	1.0
abfall	neg 1.0		neg 0.3925493512839512 __DUMMY__ 0.3357167815402602 off 0.27173386717578857	false	1.0
widerspenstig	neg 1.0		neg 0.38443898048352826 __DUMMY__ 0.3360487112204585 off 0.2795123082960133	false	1.0
abrupt	neg 1.0		neg 0.38543369433238117 __DUMMY__ 0.3364712327105532 off 0.27809507295706576	false	1.0
unwirksam	neg 1.0		neg 0.38990978366215895 __DUMMY__ 0.33141928283509225 off 0.27867093350274874	false	1.0
angreifen	neg 1.0		neg 0.39117887527950845 __DUMMY__ 0.3343283701138311 off 0.27449275460666045	false	1.0
inkonsistent	neg 1.0		neg 0.385608507738208 __DUMMY__ 0.33321041808729274 off 0.2811810741744993	false	1.0
abrutschen	neg 1.0		neg 0.39137485032734515 __DUMMY__ 0.3363747263634435 off 0.2722504233092113	false	1.0
unsicher	neg 1.0		neg 0.38562769991921575 __DUMMY__ 0.3351421446809512 off 0.279230155399833	false	1.0
bauernkind	off 1.0		neg 0.3793661068288372 __DUMMY__ 0.3299778011535297 off 0.29065609201763315	false	0.5
angreifer	neg 1.0		neg 0.3858752819433597 __DUMMY__ 0.3322844425160615 off 0.2818402755405788	false	1.0
trennen	neg 1.0		neg 0.3870132477594506 __DUMMY__ 0.33755687337513407 off 0.27542987886541526	false	1.0
schmutz	neg 1.0		neg 0.376094500192448 __DUMMY__ 0.33720211645393583 off 0.2867033833536161	false	1.0
inkonsistenz	neg 1.0	neg 1.0	neg 0.6832096176073184 __DUMMY__ 0.16100778119454165 off 0.15578260119814008	false	1.0
erschreckend	neg 1.0		neg 0.38876818983826067 __DUMMY__ 0.333978742985393 off 0.2772530671763464	false	1.0
ertrinken	neg 1.0		neg 0.38764779699609364 __DUMMY__ 0.3362438985688439 off 0.27610830443506235	false	1.0
pickelface	off 1.0		neg 0.38705143329399877 __DUMMY__ 0.33323320688842173 off 0.27971535981757956	false	0.5
seiner			neg 0.39024127103803335 __DUMMY__ 0.3350919076587007 off 0.2746668213032659	false	0.0
lauch	neg 1.0		neg 0.39096290566155734 __DUMMY__ 0.3356298551566036 off 0.27340723918183907	false	1.0
unwichtig	neg 1.0		neg 0.38318026390696147 __DUMMY__ 0.333333054725596 off 0.28348668136744265	false	1.0
steuerhinterziehung	neg 1.0		neg 0.39121715004319024 __DUMMY__ 0.3317037922623135 off 0.27707905769449637	false	1.0
schock	neg 1.0		neg 0.3852259616425957 __DUMMY__ 0.33662048994427374 off 0.2781535484131304	false	1.0
beule	neg 1.0		neg 0.37919105488211946 __DUMMY__ 0.3349460165223604 off 0.28586292859552015	false	1.0
vergelten	neg 1.0		neg 0.379985386318222 __DUMMY__ 0.33104122907507655 off 0.28897338460670147	false	1.0
verdorbenheit	neg 1.0		neg 0.3821139621906046 __DUMMY__ 0.33620048979137446 off 0.28168554801802087	false	1.0
trauma	neg 1.0		neg 0.3849206688810264 __DUMMY__ 0.3340791564999748 off 0.28100017461899873	false	1.0
sinnlos	neg 1.0		neg 0.38470777019408314 __DUMMY__ 0.33409772292792483 off 0.28119450687799213	false	1.0
fettsack	off 1.0	off 1.0	off 0.6302660446255857 neg 0.20956475499469815 __DUMMY__ 0.1601692003797162	false	1.0
feige	off 1.0		neg 0.3850740429643805 __DUMMY__ 0.33234439211825406 off 0.2825815649173656	false	0.5
abdanken	neg 1.0		neg 0.3930736759025671 __DUMMY__ 0.3303982441125268 off 0.27652807998490614	false	1.0
wichtigtuer	off 1.0	off 1.0	off 0.6248529295788743 neg 0.21414132741179165 __DUMMY__ 0.161005743009334	false	1.0
misslingen	neg 1.0		neg 0.3813190309078102 __DUMMY__ 0.3362241726177887 off 0.28245679647440103	false	1.0
untreu	off 1.0		neg 0.38190045933114214 __DUMMY__ 0.33356425149767027 off 0.28453528917118753	false	0.5
missmutig	neg 1.0		neg 0.3813717994048534 __DUMMY__ 0.33500694561545125 off 0.2836212549796955	false	1.0
hurenbock	off 1.0		neg 0.3812202756195703 __DUMMY__ 0.33664697895604634 off 0.2821327454243835	false	0.5
betrunken	neg 1.0		neg 0.37904353123846546 __DUMMY__ 0.33432988239976047 off 0.28662658636177396	false	1.0
korrupt	off 1.0		neg 0.39354769630520314 __DUMMY__ 0.33127120395375015 off 0.2751810997410467	false	0.5
unmut	neg 1.0		neg 0.39244410459398993 __DUMMY__ 0.3351358434861221 off 0.2724200519198879	false	1.0
hackfresse	off 1.0		neg 0.37657157390374196 __DUMMY__ 0.331883250564819 off 0.291545175531439	false	0.5
aufblasen	neg 1.0		neg 0.38310736945339047 __DUMMY__ 0.33574894178884285 off 0.2811436887577667	false	1.0
gewaltsam	neg 1.0		neg 0.3885930536416206 __DUMMY__ 0.33207445762402443 off 0.279332488734355	false	1.0
unbeliebtheit	neg 1.0		neg 0.3883127323750184 __DUMMY__ 0.3281685630923663 off 0.2835187045326154	false	1.0
sturheit	neg 1.0		neg 0.39068594743393464 __DUMMY__ 0.33260101165514094 off 0.2767130409109243	false	1.0
kuh	neg 1.0		neg 0.3868659766641421 __DUMMY__ 0.33285544891605884 off 0.28027857441979903	false	1.0
erschrecken	neg 1.0		neg 0.38206255892574775 __DUMMY__ 0.3347685538376068 off 0.2831688872366455	false	1.0
opfer	neg 1.0	neg 1.0	neg 0.6857350193355016 __DUMMY__ 0.16213767547775032 off 0.152127305186748	false	1.0
sinken	neg 1.0		neg 0.39117671799782017 __DUMMY__ 0.3354010649770403 off 0.2734222170251394	false	1.0
stinktier	neg 1.0		neg 0.3806786006802958 __DUMMY__ 0.3313883631223193 off 0.28793303619738503	false	1.0
tucke	off 1.0		neg 0.37484587417145326 __DUMMY__ 0.3325478293637785 off 0.2926062964647683	false	0.5
ein			neg 0.3822430738483239 __DUMMY__ 0.3368744415878185 off 0.28088248456385767	false	0.0
abstieg	neg 1.0		neg 0.390274023119434 __DUMMY__ 0.33313416617665415 off 0.2765918107039118	false	1.0
missverstehen	neg 1.0		neg 0.3870245407716443 __DUMMY__ 0.33265417878176906 off 0.28032128044658666	false	1.0
ergebnislos	neg 1.0		neg 0.3895456618316467 __DUMMY__ 0.33393888726586707 off 0.2765154509024863	false	1.0
unter			neg 0.39097908194711445 __DUMMY__ 0.3393412803724439 off 0.2696796376804418	false	0.0
manipulieren	neg 1.0		neg 0.3914974883103283 __DUMMY__ 0.33428527211145775 off 0.27421723957821387	false	1.0
unbewiesen	neg 1.0		neg 0.39353708717124564 __DUMMY__ 0.32947554082003305 off 0.27698737200872153	false	1.0
verschleppen	neg 1.0		neg 0.3905415646183268 __DUMMY__ 0.3334566931332292 off 0.27600174224844404	false	1.0
weib	off 1.0		neg 0.37644987347085634 __DUMMY__ 0.33099474687639435 off 0.29255537965274914	false	0.5
opposition	neg 1.0		neg 0.389139513627515 __DUMMY__ 0.33117142503682995 off 0.27968906133565496	false	1.0
verkehrswidrig	neg 1.0		neg 0.37630855713905464 __DUMMY__ 0.33342199977640846 off 0.29026944308453684	false	1.0
inkorrekt	neg 1.0		neg 0.38686239184851096 __DUMMY__ 0.33002862760664897 off 0.2831089805448401	false	1.0
vermeiden	neg 1.0		neg 0.3911119044950192 __DUMMY__ 0.337474677580189 off 0.27141341792479184	false	1.0
abweichung	neg 1.0		neg 0.3937423941653247 __DUMMY__ 0.3313034593728979 off 0.2749541464617775	false	1.0
alkoholisiert	neg 1.0		neg 0.3873180302670949 __DUMMY__ 0.33551634936122715 off 0.2771656203716779	false	1.0
scheiss	off 1.0	off 1.0	off 0.6280785927112484 neg 0.21031172961279404 __DUMMY__ 0.16160967767595744	false	1.0
herausforderung	neg 1.0		neg 0.3837701174468929 __DUMMY__ 0.33797626195594216 off 0.27825362059716496	false	1.0
pervers	off 1.0		neg 0.37380468408364226 __DUMMY__ 0.3306657375264229 off 0.29552957838993477	false	0.5
wackelig	neg 1.0		neg 0.3839737128295435 __DUMMY__ 0.3378961521257753 off 0.27813013504468126	false	1.0
verwickeln	neg 1.0		neg 0.3859477034308654 __DUMMY__ 0.33354373223727735 off 0.2805085643318574	false	1.0
vorwand	neg 1.0		neg 0.3925371876049007 __DUMMY__ 0.33447525513117277 off 0.2729875572639264	false	1.0
muschi	off 1.0		neg 0.38784140330632444 __DUMMY__ 0.3330817595693494 off 0.27907683712432635	false	0.5
entmutigung	neg 1.0		neg 0.39337444619276485 __DUMMY__ 0.32788643645232524 off 0.27873911735491	false	1.0
unangemessen	neg 1.0		neg 0.3919055180853627 __DUMMY__ 0.33261720286956425 off 0.275477279045073	false	1.0
unstetig	neg 1.0		neg 0.384852151275248 __DUMMY__ 0.3326197280011445 off 0.28252812072360745	false	1.0
entmutigen	neg 1.0		neg 0.38489684133316815 __DUMMY__ 0.3347481421897384 off 0.28035501647709354	false	1.0
schwanz	neg 1.0		neg 0.38800957906833955 __DUMMY__ 0.33462130420383907 off 0.27736911672782144	false	1.0
verbot	neg 1.0		neg 0.3918674300244481 __DUMMY__ 0.331914222501272 off 0.2762183474742799	false	1.0
leid	neg 1.0		neg 0.37789222200288614 __DUMMY__ 0.3323984281759519 off 0.2897093498211621	false	1.0
archaisch	neg 1.0		neg 0.39085418190980986 __DUMMY__ 0.33294067452008336 off 0.2762051435701068	false	1.0
gegen			neg 0.3927269770909309 __DUMMY__ 0.3340009787111403 off 0.27327204419792883	false	0.0
scheidung	neg 1.0	neg 1.0	neg 0.6718807823719773 off 0.16818088671903486 __DUMMY__ 0.1599383309089878	false	1.0
einschlag	neg 1.0		neg 0.3783981612903954 __DUMMY__ 0.33239786424009676 off 0.28920397446950785	false	1.0
m			neg 0.386027954023172 __DUMMY__ 0.3356285934826169 off 0.2783434524942111	false	0.0
abgestanden	neg 1.0		neg 0.3848541832122546 __DUMMY__ 0.3354680872130339 off 0.2796777295747115	false	1.0
schmierig	off 1.0		neg 0.37776286743482884 __DUMMY__ 0.3333010812475492 off 0.28893605131762196	false	0.5
unpraktisch	neg 1.0		neg 0.3826798068943577 __DUMMY__ 0.336055652201601 off 0.2812645409040411	false	1.0
wixxer	off 1.0		neg 0.3753075882757698 __DUMMY__ 0.3295784809481348 off 0.2951139307760952	false	0.5
bezeichnet			neg 0.38937237870396185 __DUMMY__ 0.3330742021702706 off 0.2775534191257674	false	0.0
jammerlappen	off 1.0		neg 0.3826472248333583 __DUMMY__ 0.33368661735681 off 0.28366615780983173	false	0.5
farce	neg 1.0		neg 0.3950046182626123 __DUMMY__ 0.3296275720015805 off 0.27536780973580716	false	1.0
zwecklos	neg 1.0		neg 0.3910534560018184 __DUMMY__ 0.33342179248050546 off 0.275524751517676	false	1.0
turbulent	neg 1.0		neg 0.380666783052266 __DUMMY__ 0.3319918202863784 off 0.2873413966613556	false	1.0
invasion	neg 1.0		neg 0.3820673782556675 __DUMMY__ 0.3348799336468383 off 0.28305268809749423	false	1.0
schuld	neg 1.0		neg 0.38661777529420005 __DUMMY__ 0.3338079966901701 off 0.2795742280156298	false	1.0
risiko	neg 1.0		neg 0.38048786129604756 __DUMMY__ 0.3357608042005961 off 0.28375133450335627	false	1.0
finster	neg 1.0		neg 0.38367923064262954 __DUMMY__ 0.33604265185349474 off 0.28027811750387566	false	1.0
geisteskrank	off 1.0		neg 0.38452009108287905 __DUMMY__ 0.3312183016783066 off 0.28426160723881444	false	0.5
zusammenbrechen	neg 1.0		neg 0.38654822472510186 __DUMMY__ 0.33554916825298564 off 0.2779026070219124	false	1.0
ausbeute	neg 1.0		neg 0.3859907038059194 __DUMMY__ 0.3367058585711157 off 0.27730343762296483	false	1.0
hinterhalt	neg 1.0		neg 0.38543596825199117 __DUMMY__ 0.3341650081603053 off 0.2803990235877034	false	1.0
kritik	neg 1.0		neg 0.39369770071602833 __DUMMY__ 0.33048188784775234 off 0.2758204114362193	false	1.0
einschrumpfen	neg 1.0		neg 0.3870913072082159 __DUMMY__ 0.330955037421679 off 0.2819536553701053	false	1.0
riskant	neg 1.0		neg 0.3897644896184671 __DUMMY__ 0.33511959800113006 off 0.2751159123804029	false	1.0
frustrieren	neg 1.0		neg 0.39092044530844505 __DUMMY__ 0.3344391719612644 off 0.2746403827302906	false	1.0
groll	neg 1.0		neg 0.3905485884885376 __DUMMY__ 0.3335947179485804 off 0.27585669356288195	false	1.0
gibt			neg 0.3886953714392132 __DUMMY__ 0.33448619388389467 off 0.27681843467689216	false	0.0
qualvoll	neg 1.0		neg 0.3829797952488021 __DUMMY__ 0.335034648332373 off 0.2819855564188247	false	1.0
wackeln	neg 1.0		neg 0.3819809583604598 __DUMMY__ 0.33687956753995807 off 0.2811394740995822	false	1.0
klagen	neg 1.0		neg 0.393079127115459 __DUMMY__ 0.33416370171838705 off 0.2727571711661539	false	1.0
bankrott	neg 1.0		neg 0.38071639851323047 __DUMMY__ 0.3345899450242722 off 0.2846936564624974	false	1.0
trauern	neg 1.0		neg 0.38938121406317533 __DUMMY__ 0.33516360726931554 off 0.27545517866750924	false	1.0
ablehnung	neg 1.0	neg 1.0	neg 0.6873017897824627 __DUMMY__ 0.16017158223085734 off 0.15252662798667999	false	1.0
stur	neg 1.0		neg 0.3858109528459776 __DUMMY__ 0.3340399075934451 off 0.28014913956057746	false	1.0
aufruhr	neg 1.0		neg 0.3900726420016795 __DUMMY__ 0.3315213833310964 off 0.27840597466722405	false	1.0
melancholie	neg 1.0		neg 0.38571151308849283 __DUMMY__ 0.33672268645577447 off 0.2775658004557327	false	1.0
ist			neg 0.38606401224014836 __DUMMY__ 0.3337583972083697 off 0.28017759055148195	false	0.0
torheit	neg 1.0		neg 0.3915213906957221 __DUMMY__ 0.33022148424069847 off 0.2782571250635794	false	1.0
dreckskind	off 1.0		neg 0.38183394842021695 __DUMMY__ 0.32920336098789105 off 0.28896269059189206	false	0.5
umtauschen	neg 1.0		neg 0.38496918485990433 __DUMMY__ 0.33577512931492687 off 0.27925568582516885	false	1.0
zum			neg 0.3872452854569938 __DUMMY__ 0.33956461763309626 off 0.2731900969099098	false	0.0
zersetzen	neg 1.0		neg 0.3921497539130856 __DUMMY__ 0.33424456288240184 off 0.2736056832045125	false	1.0
zur			neg 0.3929591402103286 __DUMMY__ 0.3359954673861114 off 0.27104539240356	false	0.0
frust	neg 1.0		neg 0.38747994846629935 __DUMMY__ 0.335140054591235 off 0.2773799969424657	false	1.0
unerbittlichkeit	neg 1.0		neg 0.39206835923124433 __DUMMY__ 0.3336799887112063 off 0.27425165205754926	false	1.0
zwei			neg 0.3876621761767931 __DUMMY__ 0.3381007930238408 off 0.2742370307993663	false	0.0
unkorrekt	neg 1.0		neg 0.38433982328978955 __DUMMY__ 0.33103785228338883 off 0.28462232442682167	false	1.0
hexe	off 1.0		neg 0.38140087376979365 __DUMMY__ 0.333902350579924 off 0.2846967756502823	false	0.5
lasch	neg 1.0		neg 0.3859647907709761 __DUMMY__ 0.3324577754894593 off 0.2815774337395645	false	1.0
rivale	neg 1.0		neg 0.38029540390876476 __DUMMY__ 0.33168023560481336 off 0.2880243604864219	false	1.0
mutlos	off 1.0	off 1.0	off 0.6218006346442564 neg 0.21714448772403827 __DUMMY__ 0.1610548776317053	false	1.0
wirr	off 1.0		neg 0.3824439186256997 __DUMMY__ 0.3310991005784455 off 0.2864569807958548	false	0.5
jahr			neg 0.38676693390369393 __DUMMY__ 0.33705298109143755 off 0.2761800850048686	false	0.0
wird			neg 0.389533162366343 __DUMMY__ 0.33485920424654864 off 0.2756076333871085	false	0.0
strafbar	neg 1.0		neg 0.39304442868348577 __DUMMY__ 0.33277798942877973 off 0.27417758188773467	false	1.0
erosion	neg 1.0		neg 0.3828157922552765 __DUMMY__ 0.3355682112356204 off 0.2816159965091031	false	1.0
eingehen	neg 1.0		neg 0.3908278468835073 __DUMMY__ 0.33381646150105404 off 0.2753556916154387	false	1.0
faul	off 1.0		neg 0.37981511392169426 __DUMMY__ 0.33567270190856957 off 0.2845121841697362	false	0.5
provisorium	neg 1.0		neg 0.3932803460239137 __DUMMY__ 0.3382519924240451 off 0.2684676615520413	false	1.0
schmerzen	neg 1.0		neg 0.38606858598957133 __DUMMY__ 0.3356114447088212 off 0.2783199693016074	false	1.0
schrumpfen	neg 1.0		neg 0.39252455733664093 __DUMMY__ 0.3365305548868485 off 0.2709448877765106	false	1.0
geistlos	off 1.0		neg 0.39073564457282983 __DUMMY__ 0.3296317488899421 off 0.279632606537228	false	0.5
fehlkauf	neg 1.0		neg 0.3849726825657035 __DUMMY__ 0.3331475095326567 off 0.28187980790163975	false	1.0
frustrierend	neg 1.0	neg 1.0	neg 0.6817968076095321 __DUMMY__ 0.1619287161458035 off 0.1562744762446644	false	1.0
unzufrieden	neg 1.0		neg 0.389754245250617 __DUMMY__ 0.33422229522647967 off 0.27602345952290325	false	1.0
verzweifeln	neg 1.0		neg 0.38658901835483883 __DUMMY__ 0.3349774037660833 off 0.27843357787907785	false	1.0
verzweifelt	neg 1.0		neg 0.3857393401123691 __DUMMY__ 0.3341625520046602 off 0.28009810788297074	false	1.0
misstrauensantrag	neg 1.0		neg 0.3862519331481384 __DUMMY__ 0.3323744799343652 off 0.2813735869174963	false	1.0
abfallen	neg 1.0		neg 0.38157339932529777 __DUMMY__ 0.33706709883333336 off 0.281359501841369	false	1.0
fucker	off 1.0		neg 0.38091921495214054 __DUMMY__ 0.3321756790610665 off 0.28690510598679303	false	0.5
ungezogen	neg 1.0		neg 0.37469492472847926 __DUMMY__ 0.3319308907481415 off 0.29337418452337927	false	1.0
irrsinnig	neg 1.0	neg 1.0	neg 0.684357149684831 __DUMMY__ 0.16138148768834762 off 0.15426136262682136	false	1.0
unfassbar	neg 1.0		neg 0.38236041198433235 __DUMMY__ 0.33351128935575153 off 0.28412829865991596	false	1.0
hart	neg 1.0		neg 0.3836877578000259 __DUMMY__ 0.33239453508695194 off 0.283917707113022	false	1.0
widerlich	off 1.0		neg 0.3829151310623679 __DUMMY__ 0.3324923295237631 off 0.2845925394138692	false	0.5
fatal	neg 1.0		neg 0.38469259965167857 __DUMMY__ 0.33341705705072877 off 0.2818903432975926	false	1.0
bruch	neg 1.0		neg 0.3951907000126028 __DUMMY__ 0.3331952676766626 off 0.2716140323107345	false	1.0
aushungern	neg 1.0		neg 0.39024858431127724 __DUMMY__ 0.3316434674925638 off 0.2781079481961589	false	1.0
anspannung	neg 1.0		neg 0.3903486197857445 __DUMMY__ 0.33699296871142415 off 0.2726584115028313	false	1.0
von			neg 0.3875834733040031 __DUMMY__ 0.33718568944701016 off 0.27523083724898667	false	0.0
kraftlos	neg 1.0		neg 0.3855666406017158 __DUMMY__ 0.33713055179018814 off 0.2773028076080961	false	1.0
vom			neg 0.3906708240278981 __DUMMY__ 0.33905720202798756 off 0.27027197394411423	false	0.0
grenzdebil	off 1.0		neg 0.3801684809409629 __DUMMY__ 0.3340778865964916 off 0.2857536324625454	false	0.5
vor			neg 0.3899466968971741 __DUMMY__ 0.3364722309294499 off 0.273581072173376	false	0.0
unterwerfen	neg 1.0		neg 0.3912385585918887 __DUMMY__ 0.3337773367807487 off 0.27498410462736256	false	1.0
versenkung	neg 1.0		neg 0.39041443356002226 __DUMMY__ 0.3346775107213556 off 0.2749080557186222	false	1.0
entziehen	neg 1.0		neg 0.3929675976806465 __DUMMY__ 0.3346146237119074 off 0.2724177786074461	false	1.0
finanzkrise	neg 1.0		neg 0.3914320180628566 __DUMMY__ 0.33116836277068196 off 0.2773996191664615	false	1.0
schimpfend	neg 1.0		neg 0.3796733018577926 __DUMMY__ 0.33768547089808265 off 0.28264122724412477	false	1.0
profan	neg 1.0		neg 0.3848208897431863 __DUMMY__ 0.334058042736255 off 0.28112106752055877	false	1.0
korruption	neg 1.0		neg 0.39301098674351015 __DUMMY__ 0.33152249296300385 off 0.27546652029348595	false	1.0
â			neg 0.38721315876975837 __DUMMY__ 0.3355113076605421 off 0.2772755335696994	false	0.0
schmutzig	neg 1.0		neg 0.37854601577211794 __DUMMY__ 0.3354942244245298 off 0.2859597598033523	false	1.0
sexy	neg 1.0		neg 0.3821087974209581 __DUMMY__ 0.3340882116538579 off 0.28380299092518396	false	1.0
abraten	neg 1.0		neg 0.3838228064683941 __DUMMY__ 0.3352880339455708 off 0.28088915958603516	false	1.0
schwarz	neg 1.0		neg 0.385277715180074 __DUMMY__ 0.33368150942463676 off 0.2810407753952894	false	1.0
fotze	off 1.0		neg 0.38925168897182166 __DUMMY__ 0.33351445016184156 off 0.27723386086633683	false	0.5
verwirren	neg 1.0		neg 0.38376819280393487 __DUMMY__ 0.33411378397935176 off 0.28211802321671325	false	1.0
zahnlos	off 1.0		neg 0.39070708157803963 __DUMMY__ 0.33337087652809777 off 0.2759220418938626	false	0.5
verheeren	neg 1.0		neg 0.37595801235990495 __DUMMY__ 0.3295414850349113 off 0.2945005026051838	false	1.0
hippie	neg 1.0		neg 0.3828115286833317 __DUMMY__ 0.3337993887687763 off 0.28338908254789197	false	1.0
rammen	neg 1.0		neg 0.38277796635381073 __DUMMY__ 0.33464290580410067 off 0.2825791278420887	false	1.0
unlauter	neg 1.0	neg 1.0	neg 0.6836906418038297 __DUMMY__ 0.16096846156423172 off 0.15534089663193865	false	1.0
unheilvoll	neg 1.0		neg 0.3832741148524096 __DUMMY__ 0.33508747888980006 off 0.2816384062577903	false	1.0
niedrig	neg 1.0		neg 0.3897793657707883 __DUMMY__ 0.334151208627655 off 0.2760694256015566	false	1.0
explosion	neg 1.0		neg 0.38213150742812596 __DUMMY__ 0.3346170341327372 off 0.2832514584391368	false	1.0
weichei	off 1.0		neg 0.37771849225972715 __DUMMY__ 0.33200005799880794 off 0.290281449741465	false	0.5
minusmensch	off 1.0		neg 0.3777987435932528 __DUMMY__ 0.32851285795757657 off 0.29368839844917066	false	0.5
farblos	neg 1.0		neg 0.3861007920378401 __DUMMY__ 0.33380737134220434 off 0.28009183661995557	false	1.0
unwissend	neg 1.0	neg 1.0	neg 0.6821603056907656 __DUMMY__ 0.16105151144733756 off 0.15678818286189694	false	1.0
traurig	neg 1.0		neg 0.37884476690201396 __DUMMY__ 0.33371263225970355 off 0.28744260083828244	false	1.0
senkung	neg 1.0		neg 0.3846704526574598 __DUMMY__ 0.3330931392314081 off 0.2822364081111322	false	1.0
ungleich	neg 1.0	neg 1.0	neg 0.6871077865137742 __DUMMY__ 0.16132812230056776 off 0.15156409118565814	false	1.0
heikel	neg 1.0		neg 0.39163423975881395 __DUMMY__ 0.334613999098512 off 0.2737517611426741	false	1.0
drosselung	neg 1.0		neg 0.3776716870033803 __DUMMY__ 0.33412952044188593 off 0.28819879255473385	false	1.0
falsch	neg 1.0		neg 0.38330427766854863 __DUMMY__ 0.3336884782909445 off 0.28300724404050676	false	1.0
unzufriedenheit	neg 1.0		neg 0.3923781151977877 __DUMMY__ 0.3342521265032647 off 0.2733697582989476	false	1.0
kurz	neg 1.0		neg 0.3848217349348321 __DUMMY__ 0.33678354379670183 off 0.2783947212684661	false	1.0
unsinnig	neg 1.0		neg 0.3896350016200544 __DUMMY__ 0.3339363887562139 off 0.2764286096237318	false	1.0
penner	off 1.0	off 1.0	off 0.6316170856576813 neg 0.2076351675724792 __DUMMY__ 0.16074774676983944	false	1.0
seicht	neg 1.0		neg 0.37821838647004463 __DUMMY__ 0.32990033535248203 off 0.29188127817747317	false	1.0
dummheit	off 1.0	off 1.0	off 0.6252306700785585 neg 0.21387124419685535 __DUMMY__ 0.1608980857245861	false	1.0
unerfreulich	neg 1.0		neg 0.39141799277181893 __DUMMY__ 0.33521014947282757 off 0.27337185775535366	false	1.0
motherfucker	off 1.0	off 1.0	off 0.6286512927336705 neg 0.21057364902137732 __DUMMY__ 0.16077505824495217	false	1.0
pikiert	neg 1.0		neg 0.38388756619016584 __DUMMY__ 0.33278210810934683 off 0.28333032570048755	false	1.0
wrack	neg 1.0		neg 0.386137291836021 __DUMMY__ 0.33599384059598625 off 0.2778688675679928	false	1.0
gangster	neg 1.0		neg 0.38368034658181355 __DUMMY__ 0.33383499798271876 off 0.28248465543546775	false	1.0
krank	neg 1.0		neg 0.37892656562705895 __DUMMY__ 0.33497533571968685 off 0.2860980986532542	false	1.0
reich	neg 1.0		neg 0.3885892402345158 __DUMMY__ 0.32887471663924284 off 0.28253604312624137	false	1.0
gnadenlos	neg 1.0		neg 0.3858507800675514 __DUMMY__ 0.334190215966022 off 0.27995900396642653	false	1.0
niedergeschlagen	neg 1.0		neg 0.3870593514315911 __DUMMY__ 0.3352013968897516 off 0.27773925167865743	false	1.0
terrorisieren	off 1.0	off 1.0	off 0.6222827245378935 neg 0.21541287499239709 __DUMMY__ 0.1623044004697094	false	1.0
sinnlosigkeit	neg 1.0		neg 0.39043847093505035 __DUMMY__ 0.3335291276331907 off 0.2760324014317589	false	1.0
behindern	neg 1.0		neg 0.3846845280885858 __DUMMY__ 0.3356251830040949 off 0.2796902889073193	false	1.0
undemokratisch	neg 1.0		neg 0.39024010541156995 __DUMMY__ 0.3307954606094623 off 0.27896443397896775	false	1.0
wirtschaftskrise	neg 1.0		neg 0.3916330995550912 __DUMMY__ 0.33244475195360884 off 0.2759221484913001	false	1.0
neid	neg 1.0		neg 0.3813502371055237 __DUMMY__ 0.33526713131738173 off 0.2833826315770945	false	1.0
rutschen	neg 1.0		neg 0.3867923447851096 __DUMMY__ 0.3397495654563829 off 0.27345808975850744	false	1.0
rezession	neg 1.0		neg 0.3823404461847052 __DUMMY__ 0.3299027230381211 off 0.2877568307771738	false	1.0
fehlgeburt	neg 1.0		neg 0.38634011994249956 __DUMMY__ 0.333998317641161 off 0.2796615624163395	false	1.0
charakterschwach	off 1.0		neg 0.3828476760363878 __DUMMY__ 0.33264792107172897 off 0.28450440289188333	false	0.5
isolation	neg 1.0		neg 0.3811016124516313 __DUMMY__ 0.33402399099742947 off 0.2848743965509392	false	1.0
ablenkung	neg 1.0		neg 0.38480196944935957 __DUMMY__ 0.3353988436655002 off 0.2797991868851402	false	1.0
pech	neg 1.0		neg 0.3835590143947037 __DUMMY__ 0.3341622694201628 off 0.2822787161851336	false	1.0
vermeidung	neg 1.0		neg 0.37860323329577 __DUMMY__ 0.33444778466835373 off 0.28694898203587627	false	1.0
dominieren	neg 1.0		neg 0.38795316826989984 __DUMMY__ 0.3342941462863977 off 0.2777526854437026	false	1.0
schwindlig	neg 1.0		neg 0.3811528382469695 __DUMMY__ 0.33592240244944205 off 0.2829247593035884	false	1.0
lutscher	neg 1.0		neg 0.37685601902261434 __DUMMY__ 0.33015350362517903 off 0.2929904773522065	false	1.0
pflicht	neg 1.0		neg 0.39219030179054337 __DUMMY__ 0.33437719977156694 off 0.27343249843788964	false	1.0
faschist	off 1.0		neg 0.38959352011640347 __DUMMY__ 0.3305059336608842 off 0.2799005462227123	false	0.5
verschleudern	neg 1.0		neg 0.39178346537912256 __DUMMY__ 0.332794290194463 off 0.2754222444264144	false	1.0
wenn			neg 0.3828279974155781 __DUMMY__ 0.33399952737093047 off 0.2831724752134914	false	0.0
ehebruch	neg 1.0		neg 0.39178782600407763 __DUMMY__ 0.33312353147208934 off 0.27508864252383297	false	1.0
spott	off 1.0		neg 0.392321040878082 __DUMMY__ 0.3332502349681998 off 0.2744287241537183	false	0.5
trostlosigkeit	neg 1.0		neg 0.3956184590335409 __DUMMY__ 0.3320292947008264 off 0.2723522462656327	false	1.0
lutschen	neg 1.0		neg 0.384238956699267 __DUMMY__ 0.33231872512423377 off 0.28344231817649934	false	1.0
undiszipliniert	neg 1.0		neg 0.3801405585028088 __DUMMY__ 0.3333122940785621 off 0.2865471474186292	false	1.0
kopfschmerz	neg 1.0		neg 0.3869400192304638 __DUMMY__ 0.33461797124567183 off 0.2784420095238644	false	1.0
unvorhergesehen	neg 1.0		neg 0.38440257125025057 __DUMMY__ 0.33723028533716315 off 0.27836714341258634	false	1.0
desinteressiert	neg 1.0		neg 0.3818236706071454 __DUMMY__ 0.3324456959276916 off 0.2857306334651629	false	1.0
armselig	off 1.0		neg 0.3817047524059153 __DUMMY__ 0.33179016986178284 off 0.286505077732302	false	0.5
desaster	neg 1.0		neg 0.3951704516645748 __DUMMY__ 0.3334200894150526 off 0.2714094589203725	false	1.0
tod	neg 1.0		neg 0.39325996061308555 __DUMMY__ 0.33234350632852766 off 0.27439653305838674	false	1.0
herzlos	neg 1.0		neg 0.37850236310769264 __DUMMY__ 0.3334068841283266 off 0.28809075276398083	false	1.0
unwissenheit	neg 1.0		neg 0.39157249235691655 __DUMMY__ 0.33282766729470215 off 0.27559984034838125	false	1.0
widersinnig	neg 1.0		neg 0.3928751303672649 __DUMMY__ 0.3310375374679791 off 0.27608733216475617	false	1.0
bedenklich	neg 1.0		neg 0.3909339288732014 __DUMMY__ 0.3343207419470423 off 0.27474532917975625	false	1.0
beanstanden	neg 1.0		neg 0.39219071870244615 __DUMMY__ 0.3346280330020636 off 0.2731812482954903	false	1.0
panisch	neg 1.0	neg 1.0	neg 0.6801739838512406 __DUMMY__ 0.1635773486435853 off 0.15624866750517402	false	1.0
debil	off 1.0		neg 0.39418009835863693 __DUMMY__ 0.3353274359224583 off 0.27049246571890473	false	0.5
abstrich	neg 1.0		neg 0.3827446061686701 __DUMMY__ 0.3366066205308812 off 0.2806487733004485	false	1.0
primitiv	neg 1.0		neg 0.38255953297332346 __DUMMY__ 0.3323098650174249 off 0.2851306020092518	false	1.0
abschaum	off 1.0	off 1.0	off 0.6266199394628075 neg 0.2127687611961703 __DUMMY__ 0.16061129934102214	false	1.0
provozieren	neg 1.0		neg 0.38829377968027895 __DUMMY__ 0.33304441469798646 off 0.2786618056217346	false	1.0
tot	neg 1.0		neg 0.3889685449403534 __DUMMY__ 0.33342163422291865 off 0.277609820836728	false	1.0
instabil	neg 1.0		neg 0.3824156193850032 __DUMMY__ 0.3304852702833437 off 0.28709911033165314	false	1.0
schwuchtel	off 1.0		neg 0.37425137857841206 __DUMMY__ 0.3279603701332025 off 0.2977882512883855	false	0.5
zerren	neg 1.0		neg 0.38687469965442217 __DUMMY__ 0.3353810988782297 off 0.277744201467348	false	1.0
kinderficker	off 1.0		neg 0.38026528939392745 __DUMMY__ 0.33100577516790297 off 0.2887289354381696	false	0.5
gefahr	neg 1.0		neg 0.39150583447684 __DUMMY__ 0.33349827857773845 off 0.27499588694542165	false	1.0
rabiat	neg 1.0		neg 0.3867148397650533 __DUMMY__ 0.3342884097431656 off 0.2789967504917812	false	1.0
verlangsamung	neg 1.0		neg 0.37886816263955286 __DUMMY__ 0.32972511492175943 off 0.2914067224386876	false	1.0
ausgestorben	neg 1.0		neg 0.3871848553883567 __DUMMY__ 0.3351051155734361 off 0.2777100290382072	false	1.0
anklagen	neg 1.0		neg 0.3895005839291577 __DUMMY__ 0.332701550684605 off 0.2777978653862372	false	1.0
trott	neg 1.0		neg 0.3854345775826507 __DUMMY__ 0.3350410638007787 off 0.27952435861657066	false	1.0
verminderung	neg 1.0		neg 0.37963494550070787 __DUMMY__ 0.33317840987663705 off 0.2871866446226551	false	1.0
nach			neg 0.38935415085717795 __DUMMY__ 0.33825260936184975 off 0.2723932397809723	false	0.0
rost	neg 1.0		neg 0.3761877106731648 __DUMMY__ 0.33119504573255987 off 0.29261724359427527	false	1.0
destruktiv	neg 1.0		neg 0.3904450471923981 __DUMMY__ 0.3325126302642938 off 0.2770423225433081	false	1.0
unzumutbarkeit	neg 1.0		neg 0.37915250174324094 __DUMMY__ 0.33403723761612364 off 0.2868102606406356	false	1.0
labil	off 1.0	off 1.0	off 0.6274393481423504 neg 0.21168724258197077 __DUMMY__ 0.16087340927567884	false	1.0
ziemlich	neg 1.0		neg 0.38116333157288834 __DUMMY__ 0.33383214298910885 off 0.2850045254380029	false	1.0
lachnummer	off 1.0		neg 0.39008273763339996 __DUMMY__ 0.3327219891383642 off 0.27719527322823584	false	0.5
oder			neg 0.3846634585458985 __DUMMY__ 0.335741415582619 off 0.2795951258714826	false	0.0
verfall	neg 1.0		neg 0.39429301484392454 __DUMMY__ 0.33539688301652787 off 0.27031010213954754	false	1.0
ausgrenzung	neg 1.0		neg 0.389409821638414 __DUMMY__ 0.3308240522264722 off 0.2797661261351138	false	1.0
unordnung	neg 1.0		neg 0.38026335809104894 __DUMMY__ 0.33131753650385715 off 0.2884191054050938	false	1.0
fehlverhalten	neg 1.0		neg 0.39232752587328823 __DUMMY__ 0.33343205068603643 off 0.27424042344067534	false	1.0
eine			neg 0.390449224736619 __DUMMY__ 0.33593965875883297 off 0.273611116504548	false	0.0
nille	neg 1.0		neg 0.38892887900683 __DUMMY__ 0.3325676535763959 off 0.27850346741677406	false	1.0
qual	neg 1.0		neg 0.38577772181546033 __DUMMY__ 0.33487041065847845 off 0.2793518675260611	false	1.0
verschwenden	neg 1.0		neg 0.39029941105175353 __DUMMY__ 0.3346740603573532 off 0.2750265285908932	false	1.0
riesig	neg 1.0		neg 0.3869194219990943 __DUMMY__ 0.3347238770363127 off 0.278356700964593	false	1.0
verurteilen	neg 1.0		neg 0.391666621235158 __DUMMY__ 0.3325914317916753 off 0.27574194697316656	false	1.0
klischee	neg 1.0	neg 1.0	neg 0.6836325693710371 __DUMMY__ 0.16074544432001106 off 0.15562198630895188	false	1.0
diktatorisch	neg 1.0		neg 0.39195735892959993 __DUMMY__ 0.3297724030027411 off 0.27827023806765894	false	1.0
vorhersehbar	neg 1.0		neg 0.3879019125621988 __DUMMY__ 0.33204360999094873 off 0.28005447744685247	false	1.0
sowie			neg 0.37984736931221014 __DUMMY__ 0.33018134373143226 off 0.28997128695635765	false	0.0
stornieren	neg 1.0		neg 0.3816649378298334 __DUMMY__ 0.33550781730381996 off 0.28282724486634675	false	1.0
besteuerung	neg 1.0		neg 0.38685178412483795 __DUMMY__ 0.33303572406887416 off 0.28011249180628794	false	1.0
ungeschminkt	neg 1.0		neg 0.38181363048826983 __DUMMY__ 0.3329309451132767 off 0.28525542439845336	false	1.0
kritisch	neg 1.0		neg 0.39214489017398235 __DUMMY__ 0.33333096012925706 off 0.27452414969676053	false	1.0
schlamperei	off 1.0		neg 0.3913570244236365 __DUMMY__ 0.33330969434097946 off 0.2753332812353839	false	0.5
sucht	neg 1.0	neg 1.0	neg 0.6792996455350769 __DUMMY__ 0.1636803981288334 off 0.15701995633608956	false	1.0
egoistisch	off 1.0		neg 0.3776968636193104 __DUMMY__ 0.33214119412489396 off 0.29016194225579567	false	0.5
ausbeuter	off 1.0		neg 0.3936864396006814 __DUMMY__ 0.3328287426546071 off 0.27348481774471145	false	0.5
arschgeburt	off 1.0		neg 0.3744013891304136 __DUMMY__ 0.3279643658756031 off 0.2976342449939831	false	0.5
schubs	neg 1.0	neg 1.0	neg 0.6832574292988958 __DUMMY__ 0.16333743077422458 off 0.15340513992687965	false	1.0
unsolide	neg 1.0		neg 0.38978141537520455 __DUMMY__ 0.3286622252686706 off 0.2815563593561248	false	1.0
beschwerde	neg 1.0		neg 0.3904252975069126 __DUMMY__ 0.3333468812123246 off 0.2762278212807628	false	1.0
stocken	neg 1.0		neg 0.38861588251719503 __DUMMY__ 0.33488068006016447 off 0.2765034374226405	false	1.0
isolieren	neg 1.0		neg 0.38494190133254164 __DUMMY__ 0.3358321566179376 off 0.2792259420495209	false	1.0
unheilbar	neg 1.0		neg 0.38714806342124347 __DUMMY__ 0.33355967121314345 off 0.279292265365613	false	1.0
pisser	off 1.0		neg 0.38121724021471687 __DUMMY__ 0.3312244193474118 off 0.2875583404378713	false	0.5
löschen	neg 1.0		neg 0.38588022458187804 __DUMMY__ 0.33383497720585903 off 0.2802847982122629	false	1.0
durchfallen	neg 1.0		neg 0.389978220521122 __DUMMY__ 0.33452986331530216 off 0.2754919161635759	false	1.0
wichser	off 1.0		neg 0.3746878270830149 __DUMMY__ 0.3306902741252095 off 0.2946218987917756	false	0.5
terror	neg 1.0		neg 0.3808732792079233 __DUMMY__ 0.33515386958557813 off 0.28397285120649857	false	1.0
krass	neg 1.0		neg 0.3791526859776396 __DUMMY__ 0.33268690744687746 off 0.28816040657548303	false	1.0
revolte	neg 1.0	neg 1.0	neg 0.6857757917585149 __DUMMY__ 0.15922401252479554 off 0.15500019571668963	false	1.0
besorgt	neg 1.0		neg 0.3837130884793417 __DUMMY__ 0.3373912857952459 off 0.27889562572541243	false	1.0
nachlassen	neg 1.0		neg 0.3871856854792101 __DUMMY__ 0.3354693164402414 off 0.27734499808054847	false	1.0
alt	neg 1.0		neg 0.38681248353031006 __DUMMY__ 0.3369747200391664 off 0.2762127964305235	false	1.0
hundesohn	off 1.0		neg 0.377700737379106 __DUMMY__ 0.32923811356548993 off 0.2930611490554042	false	0.5
als			neg 0.3874483087744316 __DUMMY__ 0.3355910076271038 off 0.27696068359846454	false	0.0
abschreckung	neg 1.0		neg 0.3929080761101209 __DUMMY__ 0.33397575235599614 off 0.2731161715338831	false	1.0
unqualifiziert	neg 1.0		neg 0.3866941483638033 __DUMMY__ 0.33252364190282735 off 0.28078220973336954	false	1.0
abgewichst	off 1.0		neg 0.38824357581770663 __DUMMY__ 0.3337744402043272 off 0.27798198397796614	false	0.5
schwer	neg 1.0		neg 0.3862884092820826 __DUMMY__ 0.33501420670827525 off 0.2786973840096421	false	1.0
bedeutungslosigkeit	neg 1.0		neg 0.3929801969801671 __DUMMY__ 0.3334931978428116 off 0.27352660517702126	false	1.0
kapitulation	neg 1.0		neg 0.39470136478555634 __DUMMY__ 0.33083633115598615 off 0.2744623040584576	false	1.0
unscharf	neg 1.0		neg 0.3838674541387206 __DUMMY__ 0.33389599490476585 off 0.28223655095651345	false	1.0
schwinden	neg 1.0		neg 0.390671334563158 __DUMMY__ 0.33472355446064955 off 0.27460511097619256	false	1.0
versklavung	neg 1.0	neg 1.0	neg 0.6859979953815138 __DUMMY__ 0.15998691315239924 off 0.15401509146608694	false	1.0
schlecht	neg 1.0		neg 0.380334598971782 __DUMMY__ 0.3341232716742772 off 0.28554212935394085	false	1.0
verhasst	neg 1.0		neg 0.3888945288386516 __DUMMY__ 0.3326174387449708 off 0.2784880324163776	false	1.0
beschweren	neg 1.0		neg 0.38450083602869184 __DUMMY__ 0.33461583978786 off 0.280883324183448	false	1.0
scheiden	neg 1.0		neg 0.3867532324831773 __DUMMY__ 0.33469946558273794 off 0.2785473019340848	false	1.0
frustriert	neg 1.0		neg 0.3879462678362853 __DUMMY__ 0.33462762035336646 off 0.2774261118103484	false	1.0
schimmelig	neg 1.0		neg 0.3902455849488295 __DUMMY__ 0.3342140884494211 off 0.2755403266017494	false	1.0
fisch	neg 1.0	neg 1.0	neg 0.6831141095888684 __DUMMY__ 0.16339689449674644 off 0.15348899591438514	false	1.0
schmuggel	neg 1.0		neg 0.38849612629462416 __DUMMY__ 0.3364272123363669 off 0.2750766613690089	false	1.0
auffallen	neg 1.0		neg 0.38445851024262273 __DUMMY__ 0.33427936428987554 off 0.2812621254675018	false	1.0
konkurrenz	neg 1.0		neg 0.3899601604392833 __DUMMY__ 0.3360937126190156 off 0.2739461269417012	false	1.0
teufelskreis	neg 1.0		neg 0.3889498802136397 __DUMMY__ 0.3337829040218157 off 0.2772672157645447	false	1.0
aufschreien	neg 1.0		neg 0.3867199386044205 __DUMMY__ 0.3328250815155114 off 0.2804549798800681	false	1.0
schuldner	neg 1.0		neg 0.3925034940860221 __DUMMY__ 0.33304932626035777 off 0.2744471796536201	false	1.0
missgeburt	off 1.0	off 1.0	off 0.6306876001955226 neg 0.20933615399796834 __DUMMY__ 0.15997624580650902	false	1.0
arbeitslos	neg 1.0		neg 0.39003871066123547 __DUMMY__ 0.33379174095652353 off 0.27616954838224095	false	1.0
befallen	neg 1.0		neg 0.39318084264152897 __DUMMY__ 0.33151625885287983 off 0.27530289850559114	false	1.0
miesepetrig	off 1.0		neg 0.38021414171037726 __DUMMY__ 0.33445439959267154 off 0.28533145869695126	false	0.5
alarmieren	neg 1.0		neg 0.3842861217142136 __DUMMY__ 0.33201752907784 off 0.2836963492079465	false	1.0
ungeduscht	off 1.0		neg 0.38340102583725866 __DUMMY__ 0.3341179126006228 off 0.2824810615621186	false	0.5
knappheit	neg 1.0		neg 0.38939906282896786 __DUMMY__ 0.33384884809161103 off 0.27675208907942095	false	1.0
schlange	neg 1.0		neg 0.38319107246786455 __DUMMY__ 0.33560750127025657 off 0.28120142626187894	false	1.0
harsch	neg 1.0		neg 0.3748261894013764 __DUMMY__ 0.333243961278277 off 0.29192984932034655	false	1.0
lang	neg 1.0		neg 0.3851195140084855 __DUMMY__ 0.3342811514701594 off 0.2805993345213552	false	1.0
ziellos	neg 1.0		neg 0.38861209384821616 __DUMMY__ 0.3351451997183076 off 0.27624270643347626	false	1.0
selbstverliebt	neg 1.0		neg 0.37668678204574996 __DUMMY__ 0.3285254777883916 off 0.2947877401658584	false	1.0
beseitigen	neg 1.0		neg 0.3824824082961817 __DUMMY__ 0.3360935725684663 off 0.281424019135352	false	1.0
dumm	off 1.0		neg 0.37808291333204197 __DUMMY__ 0.33136583948604575 off 0.2905512471819122	false	0.5
arbeitsloser	neg 1.0		neg 0.39051689053947536 __DUMMY__ 0.3340779923425963 off 0.2754051171179285	false	1.0
blitzen	neg 1.0		neg 0.3839832797430607 __DUMMY__ 0.33317528688173537 off 0.28284143337520395	false	1.0
hilflos	neg 1.0		neg 0.3880270203821778 __DUMMY__ 0.3348385104164943 off 0.2771344692013279	false	1.0
eklig	off 1.0		neg 0.3781461519000065 __DUMMY__ 0.3306501117693044 off 0.29120373633068913	false	0.5
begriff			neg 0.3889055965799547 __DUMMY__ 0.33396216968738046 off 0.2771322337326649	false	0.0
hungersnot	neg 1.0		neg 0.39244438253469677 __DUMMY__ 0.3305833903162993 off 0.27697222714900394	false	1.0
ungesetzlich	neg 1.0		neg 0.3895751554526473 __DUMMY__ 0.3303540890267353 off 0.28007075552061744	false	1.0
verschwendung	neg 1.0		neg 0.39110203527733806 __DUMMY__ 0.334769810918671 off 0.2741281538039909	false	1.0
schmerzvoll	neg 1.0		neg 0.3846769758280243 __DUMMY__ 0.3345249473063854 off 0.28079807686559044	false	1.0
vorzeitig	neg 1.0		neg 0.38098973830485783 __DUMMY__ 0.3337767957516144 off 0.28523346594352794	false	1.0
unvollkommenheit	neg 1.0		neg 0.3865038331633462 __DUMMY__ 0.33418178483222644 off 0.2793143820044273	false	1.0
intervenieren	neg 1.0		neg 0.3938550222480618 __DUMMY__ 0.3324197413785153 off 0.27372523637342283	false	1.0
banause	off 1.0		neg 0.3773372658951684 __DUMMY__ 0.3300870196583679 off 0.29257571444646363	false	0.5
rebell	neg 1.0		neg 0.3902772409099224 __DUMMY__ 0.3358079988986765 off 0.27391476019140115	false	1.0
unlogisch	neg 1.0		neg 0.3808463412971282 __DUMMY__ 0.3321714707089185 off 0.28698218799395325	false	1.0
leiden	neg 1.0	neg 1.0	neg 0.6823626948428052 __DUMMY__ 0.16499721594691363 off 0.15264008921028124	false	1.0
abschaffung	neg 1.0		neg 0.3881833667569322 __DUMMY__ 0.3324058384499111 off 0.2794107947931567	false	1.0
sturz	neg 1.0		neg 0.38810948772639725 __DUMMY__ 0.3320543194410749 off 0.2798361928325279	false	1.0
verkleinerung	neg 1.0		neg 0.3864947080278229 __DUMMY__ 0.3311961083266886 off 0.2823091836454884	false	1.0
schmarotzer	off 1.0		neg 0.39181292777138677 __DUMMY__ 0.3329624438876274 off 0.2752246283409857	false	0.5
bestrafung	neg 1.0		neg 0.3866664957193495 __DUMMY__ 0.33345567878477034 off 0.27987782549588003	false	1.0
achtlos	neg 1.0		neg 0.38540096423424874 __DUMMY__ 0.3355787492745342 off 0.27902028649121696	false	1.0
ungeheuer	neg 1.0		neg 0.3854211494065509 __DUMMY__ 0.3334661279874166 off 0.28111272260603243	false	1.0
unaufrichtig	neg 1.0		neg 0.3880609510564901 __DUMMY__ 0.3310347443951169 off 0.28090430454839305	false	1.0
groggy	neg 1.0		neg 0.38364478733320634 __DUMMY__ 0.33346763310298855 off 0.2828875795638052	false	1.0
verletzlich	neg 1.0		neg 0.38166975021992305 __DUMMY__ 0.33310851736714775 off 0.2852217324129291	false	1.0
ablehnen	neg 1.0		neg 0.39071242216140567 __DUMMY__ 0.3333347407215142 off 0.2759528371170802	false	1.0
