unsolidarisch	neg 1.0		__DUMMY__ 0.46939581527768737 neg 0.3114640383965076 off 0.2191401463258049	false	1.0
nachteilig	neg 1.0		__DUMMY__ 0.47555559060670033 neg 0.3074100012483126 off 0.21703440814498703	false	1.0
skeptisch	neg 1.0		__DUMMY__ 0.4770295918396209 neg 0.308653515321159 off 0.21431689283922012	false	1.0
schrecklich	neg 1.0		__DUMMY__ 0.4735027190587499 neg 0.29763368822088043 off 0.22886359272036982	false	1.0
schlapp	neg 1.0		__DUMMY__ 0.47687511249505377 neg 0.29825537400025703 off 0.22486951350468937	false	1.0
abfall	neg 1.0		__DUMMY__ 0.4775347717398459 neg 0.30989500346323823 off 0.21257022479691587	false	1.0
widerspenstig	neg 1.0		__DUMMY__ 0.4780004576696724 neg 0.3019992580397186 off 0.22000028429060894	false	1.0
abrupt	neg 1.0		__DUMMY__ 0.47861469570011966 neg 0.30282295959893063 off 0.21856234470094973	false	1.0
unwirksam	neg 1.0		__DUMMY__ 0.4716196316175781 neg 0.3084008486245333 off 0.2199795197578886	false	1.0
angreifen	neg 1.0		__DUMMY__ 0.47560243156965515 neg 0.3088965131581189 off 0.21550105527222602	false	1.0
inkonsistent	neg 1.0		__DUMMY__ 0.4741106041492399 neg 0.3037969745698124 off 0.22209242128094772	false	1.0
abrutschen	neg 1.0		__DUMMY__ 0.4784290696790594 neg 0.30860895771465713 off 0.21296197260628352	false	1.0
unsicher	neg 1.0		__DUMMY__ 0.4767216757245777 neg 0.30335901820405464 off 0.21991930607136773	false	1.0
bauernkind	off 1.0		__DUMMY__ 0.4696521362630028 neg 0.2985578392416198 off 0.23179002449537742	false	0.5
angreifer	neg 1.0		__DUMMY__ 0.4728295006046205 neg 0.30424371098074643 off 0.2229267884146332	false	1.0
trennen	neg 1.0		__DUMMY__ 0.4800657031831655 neg 0.3041169192019409 off 0.21581737761489364	false	1.0
schmutz	neg 1.0		__DUMMY__ 0.4796549217906386 neg 0.2935734588578008 off 0.2267716193515607	false	1.0
inkonsistenz	neg 1.0	neg 1.0	neg 0.6426811373058448 __DUMMY__ 0.23072972275734008 off 0.12658913993681511	false	1.0
erschreckend	neg 1.0		__DUMMY__ 0.47511733305083886 neg 0.3066630148681061 off 0.21821965208105515	false	1.0
ertrinken	neg 1.0		__DUMMY__ 0.47825748204252433 neg 0.3050338647042906 off 0.21670865325318495	false	1.0
pickelface	off 1.0		__DUMMY__ 0.474127814404586 neg 0.30516009261094745 off 0.2207120929844666	false	0.5
seiner			__DUMMY__ 0.4766594495595099 neg 0.30781756725922316 off 0.21552298318126684	false	0.0
lauch	neg 1.0		__DUMMY__ 0.4774381265197477 neg 0.30838245733269326 off 0.21417941614755892	false	1.0
unwichtig	neg 1.0		__DUMMY__ 0.4742339527750474 neg 0.301419295909139 off 0.22434675131581364	false	1.0
steuerhinterziehung	neg 1.0		__DUMMY__ 0.4720220853207118 neg 0.3095398015823509 off 0.21843811309693714	false	1.0
schock	neg 1.0		__DUMMY__ 0.4787822788186351 neg 0.30261524874485507 off 0.2186024724365099	false	1.0
beule	neg 1.0		__DUMMY__ 0.47649299524536043 neg 0.2972058404009425 off 0.226301164353697	false	1.0
vergelten	neg 1.0		__DUMMY__ 0.47113165369613347 neg 0.29882548257074 off 0.23004286373312657	false	1.0
verdorbenheit	neg 1.0		__DUMMY__ 0.4782221586831518 neg 0.29971871602939304 off 0.2220591252874552	false	1.0
trauma	neg 1.0		__DUMMY__ 0.4752553444751708 neg 0.3029354034578042 off 0.221809252067025	false	1.0
sinnlos	neg 1.0		__DUMMY__ 0.47528061908683444 neg 0.30272011023627976 off 0.22199927067688574	false	1.0
fettsack	off 1.0	off 1.0	off 0.6011588509074541 __DUMMY__ 0.22954411856661813 neg 0.16929703052592762	false	1.0
feige	off 1.0		__DUMMY__ 0.4728731561598752 neg 0.30348335955493483 off 0.22364348428519001	false	0.5
abdanken	neg 1.0		__DUMMY__ 0.4702143501523796 neg 0.3116377561492626 off 0.21814789369835777	false	1.0
wichtigtuer	off 1.0	off 1.0	off 0.5956640652808474 __DUMMY__ 0.23071586885142864 neg 0.17362006586772397	false	1.0
misslingen	neg 1.0		__DUMMY__ 0.47828259804696227 neg 0.29888783985989925 off 0.22282956209313837	false	1.0
untreu	off 1.0		__DUMMY__ 0.4745499078071012 neg 0.30013944981680274 off 0.22531064237609588	false	0.5
missmutig	neg 1.0		__DUMMY__ 0.47655698548908354 neg 0.2992785527060989 off 0.22416446180481764	false	1.0
hurenbock	off 1.0		__DUMMY__ 0.47888542965067166 neg 0.2987138648717028 off 0.22240070547762558	false	0.5
betrunken	neg 1.0		__DUMMY__ 0.4756197308619176 neg 0.29721411194803116 off 0.22716615719005112	false	1.0
korrupt	off 1.0		__DUMMY__ 0.47140874018694817 neg 0.31189588877774643 off 0.2166953710353053	false	0.5
unmut	neg 1.0		__DUMMY__ 0.47673560358750494 neg 0.3099055161514431 off 0.21335888026105196	false	1.0
hackfresse	off 1.0		__DUMMY__ 0.4722450659105662 neg 0.29539660565617193 off 0.23235832843326185	false	0.5
aufblasen	neg 1.0		__DUMMY__ 0.47756927986760794 neg 0.30079073739583007 off 0.22163998273656196	false	1.0
gewaltsam	neg 1.0		__DUMMY__ 0.4725394151706285 neg 0.3069264406787424 off 0.22053414415062914	false	1.0
unbeliebtheit	neg 1.0		__DUMMY__ 0.4671486187757848 neg 0.30759442128185605 off 0.2252569599423591	false	1.0
sturheit	neg 1.0		__DUMMY__ 0.47323098333927016 neg 0.3088203761630369 off 0.217948640497693	false	1.0
kuh	neg 1.0		__DUMMY__ 0.47364138741839956 neg 0.3051215360537447 off 0.22123707652785576	false	1.0
erschrecken	neg 1.0		__DUMMY__ 0.47621032396050134 neg 0.30001504086025155 off 0.22377463517924726	false	1.0
opfer	neg 1.0	neg 1.0	neg 0.6449099204698173 __DUMMY__ 0.23232808785414918 off 0.12276199167603348	false	1.0
sinken	neg 1.0		__DUMMY__ 0.47712350216480653 neg 0.3086329274014222 off 0.21424357043377137	false	1.0
stinktier	neg 1.0		__DUMMY__ 0.47158690694799826 neg 0.2994861424900867 off 0.22892695056191506	false	1.0
tucke	off 1.0		__DUMMY__ 0.47320944850693175 neg 0.2935563646379403 off 0.233234186855128	false	0.5
ein			__DUMMY__ 0.4791484544389699 neg 0.29967223347675365 off 0.22117931208427627	false	0.0
abstieg	neg 1.0		__DUMMY__ 0.4739996839090791 neg 0.30828550860575565 off 0.21771480748516517	false	1.0
missverstehen	neg 1.0		__DUMMY__ 0.47329703917896726 neg 0.30529694869107266 off 0.22140601212995997	false	1.0
ergebnislos	neg 1.0		__DUMMY__ 0.4751041820640902 neg 0.30738491615723246 off 0.21751090177867735	false	1.0
unter			__DUMMY__ 0.48253902506456603 neg 0.3075105261835568 off 0.2099504487518772	false	0.0
manipulieren	neg 1.0		__DUMMY__ 0.4755634389690801 neg 0.30919372154143954 off 0.21524283948948023	false	1.0
unbewiesen	neg 1.0		__DUMMY__ 0.46893048720322894 neg 0.31232091593915007 off 0.21874859685762088	false	1.0
verschleppen	neg 1.0		__DUMMY__ 0.4744478346608321 neg 0.30845518135117017 off 0.21709698398799776	false	1.0
weib	off 1.0		__DUMMY__ 0.47103849411894555 neg 0.29548134446254126 off 0.23348016141851327	false	0.5
opposition	neg 1.0		__DUMMY__ 0.47126745714166196 neg 0.3077336070459177 off 0.22099893581242036	false	1.0
verkehrswidrig	neg 1.0		__DUMMY__ 0.47441654789370247 neg 0.2947524777374035 off 0.2308309743688941	false	1.0
inkorrekt	neg 1.0		__DUMMY__ 0.4697002257933784 neg 0.30575067236562137 off 0.2245491018410003	false	1.0
vermeiden	neg 1.0		__DUMMY__ 0.4799757065282469 neg 0.3080822621000978 off 0.21194203137165543	false	1.0
abweichung	neg 1.0		__DUMMY__ 0.4714609468116084 neg 0.31210006914309973 off 0.21643898404529183	false	1.0
alkoholisiert	neg 1.0		__DUMMY__ 0.47731919345762563 neg 0.3049025362770521 off 0.21777827026532215	false	1.0
scheiss	off 1.0	off 1.0	off 0.598716659277998 __DUMMY__ 0.2315870163822071 neg 0.16969632433979492	false	1.0
herausforderung	neg 1.0		__DUMMY__ 0.4806891010293893 neg 0.3008165766308917 off 0.21849432233971908	false	1.0
pervers	off 1.0		__DUMMY__ 0.47058062481324986 neg 0.29299810630226136 off 0.23642126888448864	false	0.5
wackelig	neg 1.0		__DUMMY__ 0.4805413819692479 neg 0.3011129685243493 off 0.21834564950640287	false	1.0
verwickeln	neg 1.0		__DUMMY__ 0.47452376211545894 neg 0.30403592509356664 off 0.22144031279097437	false	1.0
vorwand	neg 1.0		__DUMMY__ 0.47581662022289467 neg 0.3101713103732135 off 0.2140120694038919	false	1.0
muschi	off 1.0		__DUMMY__ 0.47390788007017254 neg 0.30596920669899486 off 0.22012291323083252	false	0.5
entmutigung	neg 1.0		__DUMMY__ 0.4667473347949237 neg 0.31254777792220007 off 0.22070488728287618	false	1.0
unangemessen	neg 1.0		__DUMMY__ 0.4732499961619826 neg 0.3100107463672737 off 0.21673925747074366	false	1.0
unstetig	neg 1.0		__DUMMY__ 0.4733118173554762 neg 0.3031950946220891 off 0.22349308802243453	false	1.0
entmutigen	neg 1.0		__DUMMY__ 0.47619875879639023 neg 0.3027268722893071 off 0.2210743689143027	false	1.0
schwanz	neg 1.0		__DUMMY__ 0.4760524249099426 neg 0.30576465227084626 off 0.2181829228192112	false	1.0
verbot	neg 1.0		__DUMMY__ 0.4723055207059167 neg 0.3101087757363332 off 0.21758570355775003	false	1.0
leid	neg 1.0		__DUMMY__ 0.47295706191448544 neg 0.29654959814986015 off 0.23049333993565435	false	1.0
archaisch	neg 1.0		__DUMMY__ 0.4737008765695063 neg 0.30892574131652856 off 0.21737338211396517	false	1.0
gegen			__DUMMY__ 0.475174472634984 neg 0.3104450007161081 off 0.21438052664890775	false	0.0
scheidung	neg 1.0	neg 1.0	neg 0.6316656428108013 __DUMMY__ 0.22922534634470973 off 0.13910901084448893	false	1.0
einschlag	neg 1.0		__DUMMY__ 0.4729805932360191 neg 0.29700228203365503 off 0.23001712473032604	false	1.0
m			__DUMMY__ 0.4773937461600166 neg 0.30364368369606004 off 0.2189625701439233	false	0.0
abgestanden	neg 1.0		__DUMMY__ 0.4772346835942646 neg 0.3025690167706191 off 0.22019629963511614	false	1.0
schmierig	off 1.0		__DUMMY__ 0.4742013518002066 neg 0.2962067381212003 off 0.22959191007859314	false	0.5
unpraktisch	neg 1.0		__DUMMY__ 0.4780034625653424 neg 0.30030721821991824 off 0.2216893192147393	false	1.0
wixxer	off 1.0		__DUMMY__ 0.4690787967299116 neg 0.2947199011091207 off 0.23620130216096769	false	0.5
bezeichnet			__DUMMY__ 0.4738796478711717 neg 0.307455555568777 off 0.21866479656005144	false	0.0
jammerlappen	off 1.0		__DUMMY__ 0.47471808624888123 neg 0.3008256506294563 off 0.2244562631216626	false	0.5
farce	neg 1.0		__DUMMY__ 0.46914482740034064 neg 0.31371108729837466 off 0.21714408530128473	false	1.0
zwecklos	neg 1.0		__DUMMY__ 0.474350835551935 neg 0.30900691273908537 off 0.21664225170897966	false	1.0
turbulent	neg 1.0		__DUMMY__ 0.47246257132580727 neg 0.29927481600026773 off 0.22826261267392509	false	1.0
invasion	neg 1.0		__DUMMY__ 0.476367179763685 neg 0.2999774922968288 off 0.22365532793948636	false	1.0
schuld	neg 1.0		__DUMMY__ 0.4748823269523594 neg 0.3046267054438159 off 0.22049096760382464	false	1.0
risiko	neg 1.0		__DUMMY__ 0.4776436060623174 neg 0.29817388536923783 off 0.2241825085684448	false	1.0
finster	neg 1.0		__DUMMY__ 0.4780008430298614 neg 0.3013015532856566 off 0.22069760368448196	false	1.0
geisteskrank	off 1.0		__DUMMY__ 0.4713174658598809 neg 0.3032187864759165 off 0.2254637476642027	false	0.5
zusammenbrechen	neg 1.0		__DUMMY__ 0.47728156097477176 neg 0.30414593389104266 off 0.2185725051341856	false	1.0
ausbeute	neg 1.0		__DUMMY__ 0.478941621436359 neg 0.30332900115181477 off 0.21772937741182616	false	1.0
hinterhalt	neg 1.0		__DUMMY__ 0.475450844923553 neg 0.3033696855734844 off 0.22117946950296258	false	1.0
kritik	neg 1.0		__DUMMY__ 0.4703243550135726 neg 0.31223337283287145 off 0.21744227215355588	false	1.0
einschrumpfen	neg 1.0		__DUMMY__ 0.47097484793172434 neg 0.3057711245746648 off 0.22325402749361084	false	1.0
riskant	neg 1.0		__DUMMY__ 0.4766930217964094 neg 0.3073513222065983 off 0.21595565599699235	false	1.0
frustrieren	neg 1.0		__DUMMY__ 0.4757548091850594 neg 0.30863577421950567 off 0.21560941659543495	false	1.0
groll	neg 1.0		__DUMMY__ 0.4746056336643724 neg 0.308452980015367 off 0.21694138632026053	false	1.0
gibt			__DUMMY__ 0.4758113243882608 neg 0.3064793455778584 off 0.21770933003388077	false	0.0
qualvoll	neg 1.0		__DUMMY__ 0.4765923292882149 neg 0.3008378838333486 off 0.22256978687843654	false	1.0
wackeln	neg 1.0		__DUMMY__ 0.4791310854031806 neg 0.2994207547148223 off 0.22144815988199718	false	1.0
klagen	neg 1.0		__DUMMY__ 0.475403371164747 neg 0.31075149930142554 off 0.2138451295338275	false	1.0
bankrott	neg 1.0		__DUMMY__ 0.4759749762752584 neg 0.29876234196195106 off 0.22526268176279057	false	1.0
trauern	neg 1.0		__DUMMY__ 0.47679115636521313 neg 0.30693896198199605 off 0.21626988165279093	false	1.0
ablehnung	neg 1.0	neg 1.0	neg 0.6469434679429282 __DUMMY__ 0.22954319699863626 off 0.1235133350584355	false	1.0
stur	neg 1.0		__DUMMY__ 0.47520459377806484 neg 0.3037897753176247 off 0.22100563090431044	false	1.0
aufruhr	neg 1.0		__DUMMY__ 0.4717679519235651 neg 0.3084915924170829 off 0.21974045565935207	false	1.0
melancholie	neg 1.0		__DUMMY__ 0.4789389909221997 neg 0.3030707360702041 off 0.2179902730075961	false	1.0
ist			__DUMMY__ 0.4748074845858976 neg 0.30412910644048713 off 0.22106340897361534	false	0.0
torheit	neg 1.0		__DUMMY__ 0.4699656683733562 neg 0.31019619754165517 off 0.21983813408498867	false	1.0
dreckskind	off 1.0		__DUMMY__ 0.468559309654903 neg 0.30113301288889266 off 0.23030767745620434	false	0.5
umtauschen	neg 1.0		__DUMMY__ 0.4776227456274093 neg 0.3026077770639168 off 0.21976947730867388	false	1.0
zum			__DUMMY__ 0.4828571984199694 neg 0.3038490802923413 off 0.21329372128768923	false	0.0
zersetzen	neg 1.0		__DUMMY__ 0.47549848411815504 neg 0.30985353537622085 off 0.21464798050562425	false	1.0
zur			__DUMMY__ 0.4779259881581639 neg 0.31021343692251885 off 0.2118605749193172	false	0.0
frust	neg 1.0		__DUMMY__ 0.4767157819457474 neg 0.30514357593251823 off 0.2181406421217344	false	1.0
unerbittlichkeit	neg 1.0		__DUMMY__ 0.47472524141019495 neg 0.3098973640033305 off 0.2153773945864745	false	1.0
zwei			__DUMMY__ 0.4808232269435634 neg 0.30462251083027897 off 0.21455426222615762	false	0.0
unkorrekt	neg 1.0		__DUMMY__ 0.47110744037047564 neg 0.30306995317179525 off 0.22582260645772895	false	1.0
hexe	off 1.0		__DUMMY__ 0.47506455219990545 neg 0.29958517346443925 off 0.22535027433565535	false	0.5
lasch	neg 1.0		__DUMMY__ 0.4730362929403708 neg 0.3043059667104272 off 0.22265774034920205	false	1.0
rivale	neg 1.0		__DUMMY__ 0.47198862843769507 neg 0.29902768422970555 off 0.22898368733259927	false	1.0
mutlos	off 1.0	off 1.0	off 0.5926361504665163 __DUMMY__ 0.23079071850343383 neg 0.17657313103004973	false	1.0
wirr	off 1.0		__DUMMY__ 0.4711959679275374 neg 0.3012408206485709 off 0.22756321142389174	false	0.5
jahr			__DUMMY__ 0.47939695016531503 neg 0.3039970544094046 off 0.21660599542528033	false	0.0
wird			__DUMMY__ 0.47632776372684676 neg 0.3072142624296576 off 0.2164579738434955	false	0.0
strafbar	neg 1.0		__DUMMY__ 0.4734820471322514 neg 0.3110570852963306 off 0.215460867571418	false	1.0
erosion	neg 1.0		__DUMMY__ 0.4773192880769603 neg 0.30054197444792374 off 0.22213873747511603	false	1.0
eingehen	neg 1.0		__DUMMY__ 0.4748916282635863 neg 0.30869278755857366 off 0.21641558417784007	false	1.0
faul	off 1.0		__DUMMY__ 0.4774784450785762 neg 0.29762958622100627 off 0.22489196870041764	false	0.5
provisorium	neg 1.0		__DUMMY__ 0.4810346480037605 neg 0.3100209653123169 off 0.20894438668392268	false	1.0
schmerzen	neg 1.0		__DUMMY__ 0.4773964192728788 neg 0.3037145816877774 off 0.21888899903934383	false	1.0
schrumpfen	neg 1.0		__DUMMY__ 0.47867237807444674 neg 0.30965427501532017 off 0.2116733469102333	false	1.0
geistlos	off 1.0		__DUMMY__ 0.46914350753594386 neg 0.30958067748248286 off 0.2212758149815733	false	0.5
fehlkauf	neg 1.0		__DUMMY__ 0.47398907982295957 neg 0.3031923208918305 off 0.22281859928520975	false	1.0
frustrierend	neg 1.0	neg 1.0	neg 0.6410724662103381 __DUMMY__ 0.23202004285759154 off 0.12690749093207038	false	1.0
unzufrieden	neg 1.0		__DUMMY__ 0.4754524764597341 neg 0.30755798345774615 off 0.21698954008251983	false	1.0
verzweifeln	neg 1.0		__DUMMY__ 0.4764915884360905 neg 0.30432495750938476 off 0.21918345405452452	false	1.0
verzweifelt	neg 1.0		__DUMMY__ 0.4753653495844667 neg 0.30371016511260523 off 0.22092448530292805	false	1.0
misstrauensantrag	neg 1.0		__DUMMY__ 0.47292369761214154 neg 0.3046501170693607 off 0.22242618531849787	false	1.0
abfallen	neg 1.0		__DUMMY__ 0.47939437355669867 neg 0.2989976226041357 off 0.22160800383916576	false	1.0
fucker	off 1.0		__DUMMY__ 0.47262655516681384 neg 0.2995203506591492 off 0.2278530941740369	false	0.5
ungezogen	neg 1.0		__DUMMY__ 0.4723264690035951 neg 0.29356312498516796 off 0.234110406011237	false	1.0
irrsinnig	neg 1.0	neg 1.0	neg 0.6437536436090507 __DUMMY__ 0.2312419563788786 off 0.12500440001207067	false	1.0
unfassbar	neg 1.0		__DUMMY__ 0.47447798313734324 neg 0.3005995349641237 off 0.22492248189853303	false	1.0
hart	neg 1.0		__DUMMY__ 0.4730036397405609 neg 0.30212982477441075 off 0.22486653548502833	false	1.0
widerlich	off 1.0		__DUMMY__ 0.4730760290024325 neg 0.30137037503690395 off 0.22555359596066354	false	0.5
fatal	neg 1.0		__DUMMY__ 0.47434136497070933 neg 0.3028706109310134 off 0.22278802409827736	false	1.0
bruch	neg 1.0		__DUMMY__ 0.47407202726762837 neg 0.3130300157137842 off 0.21289795701858752	false	1.0
aushungern	neg 1.0		__DUMMY__ 0.4719340057021143 neg 0.3085879328010741 off 0.21947806149681154	false	1.0
anspannung	neg 1.0		__DUMMY__ 0.47930410004468715 neg 0.3074578606929856 off 0.2132380392623272	false	1.0
von			__DUMMY__ 0.479599885868241 neg 0.3047308068039316 off 0.2156693073278275	false	0.0
kraftlos	neg 1.0		__DUMMY__ 0.479480806625979 neg 0.30282012851334955 off 0.21769906486067137	false	1.0
vom			__DUMMY__ 0.4821565715588974 neg 0.30730159058807677 off 0.21054183785302585	false	0.0
grenzdebil	off 1.0		__DUMMY__ 0.4752626311598391 neg 0.29834051233814946 off 0.22639685650201163	false	0.5
vor			__DUMMY__ 0.47856066094566563 neg 0.3072098381841313 off 0.21422950087020304	false	0.0
unterwerfen	neg 1.0		__DUMMY__ 0.4748636062846999 neg 0.3090694973202923 off 0.2160668963950078	false	1.0
versenkung	neg 1.0		__DUMMY__ 0.47608761941642924 neg 0.308072737090115 off 0.2158396434934557	false	1.0
entziehen	neg 1.0		__DUMMY__ 0.4760056017615684 neg 0.3105553811144228 off 0.21343901712400865	false	1.0
finanzkrise	neg 1.0		__DUMMY__ 0.47127847122095684 neg 0.3099058846063097 off 0.21881564417273355	false	1.0
schimpfend	neg 1.0		__DUMMY__ 0.4802821692704237 neg 0.2969958433811356 off 0.2227219873484407	false	1.0
profan	neg 1.0		__DUMMY__ 0.47523270231726467 neg 0.30284928818531975 off 0.22191800949741544	false	1.0
korruption	neg 1.0		__DUMMY__ 0.4717635250796325 neg 0.3113207113632795 off 0.216915763557088	false	1.0
â			__DUMMY__ 0.47723561293397715 neg 0.3048186433148377 off 0.2179457437511852	false	0.0
schmutzig	neg 1.0		__DUMMY__ 0.47722188220052575 neg 0.29643084676206766 off 0.22634727103740665	false	1.0
sexy	neg 1.0		__DUMMY__ 0.4752674343103657 neg 0.3002171647694904 off 0.2245154009201439	false	1.0
abraten	neg 1.0		__DUMMY__ 0.476937038889839 neg 0.30158627020440354 off 0.2214766909057574	false	1.0
schwarz	neg 1.0		__DUMMY__ 0.4747105573591047 neg 0.3033759710045124 off 0.22191347163638273	false	1.0
fotze	off 1.0		__DUMMY__ 0.47450809725590076 neg 0.3072347592387093 off 0.2182571435053899	false	0.5
verwirren	neg 1.0		__DUMMY__ 0.4753030542725691 neg 0.30181114150515154 off 0.2228858042222794	false	1.0
zahnlos	off 1.0		__DUMMY__ 0.47428201378120044 neg 0.30867568243401133 off 0.21704230378478837	false	0.5
verheeren	neg 1.0		__DUMMY__ 0.46903900412983324 neg 0.2953326310169532 off 0.23562836485321345	false	1.0
hippie	neg 1.0		__DUMMY__ 0.4748680112899577 neg 0.30096035755103545 off 0.22417163115900687	false	1.0
rammen	neg 1.0		__DUMMY__ 0.4760927660775777 neg 0.30073104486358204 off 0.2231761890588403	false	1.0
unlauter	neg 1.0	neg 1.0	neg 0.6431669005498427 __DUMMY__ 0.2306789654547517 off 0.12615413399540557	false	1.0
unheilvoll	neg 1.0		__DUMMY__ 0.4766862304119756 neg 0.30110257764749415 off 0.22221119194053018	false	1.0
niedrig	neg 1.0		__DUMMY__ 0.47541392018762774 neg 0.3075953799435584 off 0.21699069986881397	false	1.0
explosion	neg 1.0		__DUMMY__ 0.4760104727328106 neg 0.30010214609135144 off 0.22388738117583787	false	1.0
weichei	off 1.0		__DUMMY__ 0.47240486002859283 neg 0.2964891543523803 off 0.2311059856190269	false	0.5
minusmensch	off 1.0		__DUMMY__ 0.46762054191463376 neg 0.2973384195429053 off 0.23504103854246083	false	0.5
farblos	neg 1.0		__DUMMY__ 0.47497007269284397 neg 0.3041208557610762 off 0.22090907154607992	false	1.0
unwissend	neg 1.0	neg 1.0	neg 0.6416518141362291 __DUMMY__ 0.2307784999055721 off 0.12756968595819884	false	1.0
traurig	neg 1.0		__DUMMY__ 0.47476203503214737 neg 0.29714867859693456 off 0.22808928637091797	false	1.0
senkung	neg 1.0		__DUMMY__ 0.47393204235389397 neg 0.3029298416559566 off 0.22313811599014952	false	1.0
ungleich	neg 1.0	neg 1.0	neg 0.6464770118103038 __DUMMY__ 0.2311767358832244 off 0.12234625230647175	false	1.0
heikel	neg 1.0		__DUMMY__ 0.47600338893437605 neg 0.309276292880774 off 0.21472031818484988	false	1.0
drosselung	neg 1.0		__DUMMY__ 0.4753774550039172 neg 0.29589447925168066 off 0.22872806574440227	false	1.0
falsch	neg 1.0		__DUMMY__ 0.474723448753133 neg 0.3014632280109006 off 0.2238133232359664	false	1.0
unzufriedenheit	neg 1.0		__DUMMY__ 0.47551008777836584 neg 0.3100642339262342 off 0.21442567829539994	false	1.0
kurz	neg 1.0		__DUMMY__ 0.4789933130293809 neg 0.30220575672856853 off 0.21880093024205052	false	1.0
unsinnig	neg 1.0		__DUMMY__ 0.4750670109740808 neg 0.30750756698422976 off 0.21742542204168933	false	1.0
penner	off 1.0	off 1.0	off 0.6024154220087432 __DUMMY__ 0.23035082502712864 neg 0.16723375296412815	false	1.0
seicht	neg 1.0		__DUMMY__ 0.46951411461447307 neg 0.29743547507052764 off 0.23305041031499937	false	1.0
dummheit	off 1.0	off 1.0	off 0.5960580575862914 __DUMMY__ 0.23056265479317534 neg 0.17337928762053334	false	1.0
unerfreulich	neg 1.0		__DUMMY__ 0.47682739664857865 neg 0.30893561830187644 off 0.21423698504954503	false	1.0
motherfucker	off 1.0	off 1.0	off 0.5994798258737681 __DUMMY__ 0.23038804733951335 neg 0.1701321267867185	false	1.0
pikiert	neg 1.0		__DUMMY__ 0.4734819416916927 neg 0.3022371963817826 off 0.22428086192652474	false	1.0
wrack	neg 1.0		__DUMMY__ 0.4779801043759358 neg 0.3036173959378952 off 0.21840249968616904	false	1.0
gangster	neg 1.0		__DUMMY__ 0.4749189667334205 neg 0.30180080415365823 off 0.22328022911292125	false	1.0
krank	neg 1.0		__DUMMY__ 0.4765120430279894 neg 0.29693635021970016 off 0.22655160675231054	false	1.0
reich	neg 1.0		__DUMMY__ 0.46814727470702844 neg 0.3077208846987551 off 0.22413184059421631	false	1.0
gnadenlos	neg 1.0		__DUMMY__ 0.4754049987048353 neg 0.30379775228378714 off 0.2207972490113776	false	1.0
niedergeschlagen	neg 1.0		__DUMMY__ 0.4768227165166181 neg 0.30472811113807113 off 0.21844917234531075	false	1.0
terrorisieren	off 1.0	off 1.0	off 0.5928942847664119 __DUMMY__ 0.23256188708958106 neg 0.17454382814400698	false	1.0
sinnlosigkeit	neg 1.0		__DUMMY__ 0.4744997991124825 neg 0.30838709709020523 off 0.21711310379731227	false	1.0
behindern	neg 1.0		__DUMMY__ 0.4773989100328523 neg 0.3023366510260882 off 0.22026443894105957	false	1.0
undemokratisch	neg 1.0		__DUMMY__ 0.4707609225968899 neg 0.3088043317432416 off 0.22043474565986848	false	1.0
wirtschaftskrise	neg 1.0		__DUMMY__ 0.47304260320539643 neg 0.30977129760181477 off 0.2171860991927888	false	1.0
neid	neg 1.0		__DUMMY__ 0.4769203639742085 neg 0.2991980154298542 off 0.22388162059593728	false	1.0
rutschen	neg 1.0		__DUMMY__ 0.48310056382006367 neg 0.30338901023481624 off 0.21351042594512007	false	1.0
rezession	neg 1.0		__DUMMY__ 0.46952427927287377 neg 0.3014349756457372 off 0.2290407450813892	false	1.0
fehlgeburt	neg 1.0		__DUMMY__ 0.4752338130387262 neg 0.30429782543304795 off 0.2204683615282257	false	1.0
charakterschwach	off 1.0		__DUMMY__ 0.4733048507130957 neg 0.3012408405157786 off 0.22545430877112566	false	0.5
isolation	neg 1.0		__DUMMY__ 0.4751898779355812 neg 0.2992589056894663 off 0.22555121637495237	false	1.0
ablenkung	neg 1.0		__DUMMY__ 0.4770765508976397 neg 0.30250359799258986 off 0.22041985110977055	false	1.0
pech	neg 1.0		__DUMMY__ 0.4754067104740382 neg 0.3016302472736094 off 0.2229630422523524	false	1.0
vermeidung	neg 1.0		__DUMMY__ 0.47579776220660264 neg 0.29673961453694997 off 0.22746262325644748	false	1.0
dominieren	neg 1.0		__DUMMY__ 0.4756003637089271 neg 0.30577866658167047 off 0.2186209697094023	false	1.0
schwindlig	neg 1.0		__DUMMY__ 0.4778236626866693 neg 0.2988763143885097 off 0.223300022924821	false	1.0
lutscher	neg 1.0		__DUMMY__ 0.46987525558401066 neg 0.29608323183414487 off 0.23404151258184427	false	1.0
pflicht	neg 1.0		__DUMMY__ 0.4756728276623067 neg 0.30986027466005034 off 0.21446689767764296	false	1.0
faschist	off 1.0		__DUMMY__ 0.4703684073697219 neg 0.3082441122621403 off 0.2213874803681379	false	0.5
verschleudern	neg 1.0		__DUMMY__ 0.47352399511072246 neg 0.30984155848778727 off 0.2166344464014901	false	1.0
wenn			__DUMMY__ 0.47514531534425614 neg 0.30093725348055794 off 0.22391743117518592	false	0.0
ehebruch	neg 1.0		__DUMMY__ 0.4739709572621948 neg 0.30974581047519306 off 0.2162832322626121	false	1.0
spott	off 1.0		__DUMMY__ 0.47413866631754537 neg 0.31023625745789923 off 0.21562507622455543	false	0.5
trostlosigkeit	neg 1.0		__DUMMY__ 0.47245046378711236 neg 0.313748532839954 off 0.21380100337293365	false	1.0
lutschen	neg 1.0		__DUMMY__ 0.47287328491460995 neg 0.3026677900579121 off 0.22445892502747788	false	1.0
undiszipliniert	neg 1.0		__DUMMY__ 0.47421996513612097 neg 0.2984979856719747 off 0.22728204919190442	false	1.0
kopfschmerz	neg 1.0		__DUMMY__ 0.4760321527135894 neg 0.3047884434339237 off 0.21917940385248688	false	1.0
unvorhergesehen	neg 1.0		__DUMMY__ 0.4796401061115062 neg 0.30168130769455653 off 0.2186785861939373	false	1.0
desinteressiert	neg 1.0		__DUMMY__ 0.47301073614333444 neg 0.3003338888182173 off 0.22665537503844818	false	1.0
armselig	off 1.0		__DUMMY__ 0.47210675224479876 neg 0.3003605867603022 off 0.22753266099489905	false	0.5
desaster	neg 1.0		__DUMMY__ 0.4743687137700031 neg 0.3129619162626187 off 0.21266936996737817	false	1.0
tod	neg 1.0		__DUMMY__ 0.47292920697390584 neg 0.3114059748981471 off 0.21566481812794722	false	1.0
herzlos	neg 1.0		__DUMMY__ 0.47434035837279465 neg 0.2968816908499489 off 0.22877795077725632	false	1.0
unwissenheit	neg 1.0		__DUMMY__ 0.4735464398971959 neg 0.30963027732297754 off 0.21682328277982654	false	1.0
widersinnig	neg 1.0		__DUMMY__ 0.47108588633423976 neg 0.31130444787394734 off 0.21760966579181296	false	1.0
bedenklich	neg 1.0		__DUMMY__ 0.4755959758939325 neg 0.3086708739221994 off 0.21573315018386813	false	1.0
beanstanden	neg 1.0		__DUMMY__ 0.4760323718755648 neg 0.30979277011533796 off 0.21417485800909708	false	1.0
panisch	neg 1.0	neg 1.0	neg 0.6390599378234258 __DUMMY__ 0.23436444894295358 off 0.12657561323362052	false	1.0
debil	off 1.0		__DUMMY__ 0.4770212636360222 neg 0.3115791222455384 off 0.21139961411843938	false	0.5
abstrich	neg 1.0		__DUMMY__ 0.4788585939975488 neg 0.3002198722247501 off 0.22092153377770102	false	1.0
primitiv	neg 1.0		__DUMMY__ 0.47282631146931964 neg 0.301061606720329 off 0.22611208181035136	false	1.0
abschaum	off 1.0	off 1.0	off 0.597496423467508 __DUMMY__ 0.23015974438484654 neg 0.17234383214764548	false	1.0
provozieren	neg 1.0		__DUMMY__ 0.4738294632767207 neg 0.306432945095356 off 0.2197375916279233	false	1.0
tot	neg 1.0		__DUMMY__ 0.47442942151309747 neg 0.3070001999720997 off 0.21857037851480274	false	1.0
instabil	neg 1.0		__DUMMY__ 0.47035268763129334 neg 0.3013514788623475 off 0.22829583350635912	false	1.0
schwuchtel	off 1.0		__DUMMY__ 0.46684226904091525 neg 0.29406488574700806 off 0.23909284521207677	false	0.5
zerren	neg 1.0		__DUMMY__ 0.47705323278100914 neg 0.30450462194813194 off 0.21844214527085895	false	1.0
kinderficker	off 1.0		__DUMMY__ 0.47105928666036767 neg 0.29911909653611546 off 0.22982161680351676	false	0.5
gefahr	neg 1.0		__DUMMY__ 0.47448863411675696 neg 0.30938321797660867 off 0.2161281479066343	false	1.0
rabiat	neg 1.0		__DUMMY__ 0.47555218938806715 neg 0.3046056795481804 off 0.21984213106375247	false	1.0
verlangsamung	neg 1.0		__DUMMY__ 0.46929819185804666 neg 0.29809728145782677 off 0.23260452668412646	false	1.0
ausgestorben	neg 1.0		__DUMMY__ 0.4766764080880863 neg 0.3048736961488256 off 0.21844989576308813	false	1.0
anklagen	neg 1.0		__DUMMY__ 0.47340251043436854 neg 0.307630776690349 off 0.2189667128752824	false	1.0
trott	neg 1.0		__DUMMY__ 0.4765823155544998 neg 0.30321213952156917 off 0.22020554492393088	false	1.0
verminderung	neg 1.0		__DUMMY__ 0.47403793401226896 neg 0.29805104480910677 off 0.22791102117862433	false	1.0
nach			__DUMMY__ 0.4810332810724636 neg 0.30621361589829804 off 0.21275310302923822	false	0.0
rost	neg 1.0		__DUMMY__ 0.471351454782819 neg 0.29512899611922916 off 0.23351954909795186	false	1.0
destruktiv	neg 1.0		__DUMMY__ 0.47310989014376653 neg 0.3086247398292688 off 0.21826537002696464	false	1.0
unzumutbarkeit	neg 1.0		__DUMMY__ 0.4752514471323061 neg 0.29733746757744123 off 0.22741108529025253	false	1.0
labil	off 1.0	off 1.0	off 0.5982619307071988 __DUMMY__ 0.2305267601376655 neg 0.1712113091551357	false	1.0
ziemlich	neg 1.0		__DUMMY__ 0.47492031150559577 neg 0.29936821860411 off 0.22571146989029436	false	1.0
lachnummer	off 1.0		__DUMMY__ 0.4733916310260977 neg 0.30821913911915366 off 0.21838922985474857	false	0.5
oder			__DUMMY__ 0.47755364778183995 neg 0.3023057025501211 off 0.220140649668039	false	0.0
verfall	neg 1.0		__DUMMY__ 0.4771012239721945 neg 0.3116412924030448 off 0.21125748362476066	false	1.0
ausgrenzung	neg 1.0		__DUMMY__ 0.47080317129170474 neg 0.30799361785206986 off 0.22120321085622546	false	1.0
unordnung	neg 1.0		__DUMMY__ 0.47152965783954925 neg 0.2990549633826908 off 0.22941537877775994	false	1.0
fehlverhalten	neg 1.0		__DUMMY__ 0.4743813094093494 neg 0.310201023957294 off 0.2154176666333567	false	1.0
eine			__DUMMY__ 0.4778242701320787 neg 0.30783691572850447 off 0.21433881413941674	false	0.0
nille	neg 1.0		__DUMMY__ 0.4731887998229108 neg 0.30714909639528054 off 0.21966210378180864	false	1.0
qual	neg 1.0		__DUMMY__ 0.47634728149356215 neg 0.3035799007132198 off 0.22007281779321802	false	1.0
verschwenden	neg 1.0		__DUMMY__ 0.47607934396979995 neg 0.3079956094627648 off 0.21592504656743522	false	1.0
riesig	neg 1.0		__DUMMY__ 0.47620129387611526 neg 0.30468119010387257 off 0.21911751602001217	false	1.0
verurteilen	neg 1.0		__DUMMY__ 0.4732292531648771 neg 0.30975859916324994 off 0.21701214767187302	false	1.0
klischee	neg 1.0	neg 1.0	neg 0.6431884248155447 __DUMMY__ 0.23034112814349933 off 0.1264704470409559	false	1.0
diktatorisch	neg 1.0		__DUMMY__ 0.46935125806460193 neg 0.3107068159722165 off 0.21994192596318152	false	1.0
vorhersehbar	neg 1.0		__DUMMY__ 0.47245251577814307 neg 0.3062976578822159 off 0.22124982633964096	false	1.0
sowie			__DUMMY__ 0.46990049063618083 neg 0.29895642896610486 off 0.23114308039771436	false	0.0
stornieren	neg 1.0		__DUMMY__ 0.47728545889863744 neg 0.2994130764305237 off 0.223301464670839	false	1.0
besteuerung	neg 1.0		__DUMMY__ 0.4738542597828743 neg 0.30505266897958044 off 0.2210930712375452	false	1.0
ungeschminkt	neg 1.0		__DUMMY__ 0.47371249334699245 neg 0.30022747268968136 off 0.22606003396332636	false	1.0
kritisch	neg 1.0		__DUMMY__ 0.47423508672579073 neg 0.31006510062774983 off 0.21569981264645954	false	1.0
schlamperei	off 1.0		__DUMMY__ 0.474237592435677 neg 0.30927842751325957 off 0.2164839800510635	false	0.5
sucht	neg 1.0	neg 1.0	neg 0.6381346994126715 __DUMMY__ 0.234542912895195 off 0.12732238769213336	false	1.0
egoistisch	off 1.0		__DUMMY__ 0.47260481861764336 neg 0.29639828716138455 off 0.23099689422097205	false	0.5
ausbeuter	off 1.0		__DUMMY__ 0.4735529097624877 neg 0.31166089096779725 off 0.21478619926971504	false	0.5
arschgeburt	off 1.0		__DUMMY__ 0.4668552021001184 neg 0.29419172780383945 off 0.23895307009604214	false	0.5
schubs	neg 1.0	neg 1.0	neg 0.6421901446238473 __DUMMY__ 0.23403775355741943 off 0.12377210181873334	false	1.0
unsolide	neg 1.0		__DUMMY__ 0.46782352846933284 neg 0.3088775670661603 off 0.2232989044645068	false	1.0
beschwerde	neg 1.0		__DUMMY__ 0.47428917407010124 neg 0.30837597929916744 off 0.21733484663073144	false	1.0
stocken	neg 1.0		__DUMMY__ 0.47640067180834117 neg 0.30627271683823704 off 0.2173266113534219	false	1.0
isolieren	neg 1.0		__DUMMY__ 0.47772919162363 neg 0.3024591612464995 off 0.21981164712987047	false	1.0
unheilbar	neg 1.0		__DUMMY__ 0.4745641677928868 neg 0.30517122780004335 off 0.22026460440706983	false	1.0
pisser	off 1.0		__DUMMY__ 0.47136608877490077 neg 0.30000888188271474 off 0.22862502934238446	false	0.5
löschen	neg 1.0		__DUMMY__ 0.4749243359457889 neg 0.3039172421732049 off 0.22115842188100615	false	1.0
durchfallen	neg 1.0		__DUMMY__ 0.47588718291088045 neg 0.3076989688712923 off 0.21641384821782725	false	1.0
wichser	off 1.0		__DUMMY__ 0.4705956593391331 neg 0.29385401990283766 off 0.23555032075802934	false	0.5
terror	neg 1.0		__DUMMY__ 0.47675383468343613 neg 0.29877366267096156 off 0.22447250264560226	false	1.0
krass	neg 1.0		__DUMMY__ 0.4733705209459397 neg 0.2977101123585713 off 0.2289193666954889	false	1.0
revolte	neg 1.0	neg 1.0	neg 0.6456683938458888 __DUMMY__ 0.22820102332205855 off 0.1261305828320526	false	1.0
besorgt	neg 1.0		__DUMMY__ 0.4798528791515571 neg 0.30094077551454584 off 0.21920634533389707	false	1.0
nachlassen	neg 1.0		__DUMMY__ 0.4772127666240983 neg 0.30476808665091815 off 0.21801914672498357	false	1.0
alt	neg 1.0		__DUMMY__ 0.4793306503505334 neg 0.3040673635486525 off 0.21660198610081413	false	1.0
hundesohn	off 1.0		__DUMMY__ 0.4686172241616932 neg 0.2970666973540997 off 0.23431607848420707	false	0.5
als			__DUMMY__ 0.4773521752166517 neg 0.30500313005046614 off 0.21764469473288217	false	0.0
abschreckung	neg 1.0		__DUMMY__ 0.4751445803598556 neg 0.3106213474652879 off 0.21423407217485663	false	1.0
unqualifiziert	neg 1.0		__DUMMY__ 0.47313204045219276 neg 0.30498481155865337 off 0.22188314798915393	false	1.0
abgewichst	off 1.0		__DUMMY__ 0.4748534895184883 neg 0.30620963982112953 off 0.21893687066038212	false	0.5
schwer	neg 1.0		__DUMMY__ 0.47654323408759414 neg 0.30403343536802496 off 0.21942333054438093	false	1.0
bedeutungslosigkeit	neg 1.0		__DUMMY__ 0.4744621335953195 neg 0.3108262694764611 off 0.21471159692821942	false	1.0
kapitulation	neg 1.0		__DUMMY__ 0.47081274527409467 neg 0.31311627623912125 off 0.21607097848678397	false	1.0
unscharf	neg 1.0		__DUMMY__ 0.4750528825138803 neg 0.30198643472540687 off 0.22296068276071276	false	1.0
schwinden	neg 1.0		__DUMMY__ 0.4761810991511001 neg 0.3082961041083457 off 0.2155227967405543	false	1.0
versklavung	neg 1.0	neg 1.0	neg 0.6456971295179093 __DUMMY__ 0.22928409415150441 off 0.12501877633058628	false	1.0
schlecht	neg 1.0		__DUMMY__ 0.47531988080118553 neg 0.2984867847769341 off 0.22619333442188044	false	1.0
verhasst	neg 1.0		__DUMMY__ 0.473246975851216 neg 0.30711089963550875 off 0.2196421245132752	false	1.0
beschweren	neg 1.0		__DUMMY__ 0.47599555052661846 neg 0.3023956008627964 off 0.22160884861058525	false	1.0
scheiden	neg 1.0		__DUMMY__ 0.47617178385041203 neg 0.30455858102036953 off 0.2192696351292186	false	1.0
frustriert	neg 1.0		__DUMMY__ 0.4760084155834908 neg 0.3057236308875744 off 0.21826795352893488	false	1.0
schimmelig	neg 1.0		__DUMMY__ 0.4755082101465924 neg 0.30808227043168224 off 0.21640951942172545	false	1.0
fisch	neg 1.0	neg 1.0	neg 0.642015325929953 __DUMMY__ 0.23413958448332636 off 0.12384508958672057	false	1.0
schmuggel	neg 1.0		__DUMMY__ 0.4785668536061057 neg 0.3057627469871165 off 0.21567039940677796	false	1.0
auffallen	neg 1.0		__DUMMY__ 0.47553228977287165 neg 0.3024430216789113 off 0.22202468854821708	false	1.0
konkurrenz	neg 1.0		__DUMMY__ 0.47806835712958123 neg 0.30726987099816644 off 0.21466177187225235	false	1.0
teufelskreis	neg 1.0		__DUMMY__ 0.47484724714877724 neg 0.3068918793904328 off 0.21826087346078996	false	1.0
aufschreien	neg 1.0		__DUMMY__ 0.47352647647438423 neg 0.3049754464101214 off 0.2214980771154942	false	1.0
schuldner	neg 1.0		__DUMMY__ 0.47387522421340367 neg 0.3104642862706474 off 0.21566048951594877	false	1.0
missgeburt	off 1.0	off 1.0	off 0.601624054343646 __DUMMY__ 0.22927859332366202 neg 0.16909735233269213	false	1.0
arbeitslos	neg 1.0		__DUMMY__ 0.47485988798148276 neg 0.30793207329962136 off 0.21720803871889588	false	1.0
befallen	neg 1.0		__DUMMY__ 0.4717707457310198 neg 0.31150973425650663 off 0.2167195200124735	false	1.0
miesepetrig	off 1.0		__DUMMY__ 0.4757985870571361 neg 0.29831196296308665 off 0.22588944997977717	false	0.5
alarmieren	neg 1.0		__DUMMY__ 0.47245757824964163 neg 0.30276213434019145 off 0.22478028741016698	false	1.0
ungeduscht	off 1.0		__DUMMY__ 0.47534568676480143 neg 0.3015008500263238 off 0.2231534632088747	false	0.5
knappheit	neg 1.0		__DUMMY__ 0.47498479175199354 neg 0.30727529298303674 off 0.21773991526496972	false	1.0
schlange	neg 1.0		__DUMMY__ 0.4773723860949269 neg 0.3009095008589907 off 0.22171811304608227	false	1.0
harsch	neg 1.0		__DUMMY__ 0.47413813764901913 neg 0.29336447736077953 off 0.23249738499020126	false	1.0
lang	neg 1.0		__DUMMY__ 0.47553567995958174 neg 0.30307928381378607 off 0.22138503622663228	false	1.0
ziellos	neg 1.0		__DUMMY__ 0.4767259150813912 neg 0.3062531318864575 off 0.21702095303215127	false	1.0
selbstverliebt	neg 1.0		__DUMMY__ 0.4676101304967598 neg 0.2963010818777758 off 0.23608878762546445	false	1.0
beseitigen	neg 1.0		__DUMMY__ 0.4780959650046347 neg 0.30003606334236566 off 0.2218679716529996	false	1.0
dumm	off 1.0		__DUMMY__ 0.4715249928706513 neg 0.2969776028883174 off 0.23149740424103138	false	0.5
arbeitsloser	neg 1.0		__DUMMY__ 0.4752797917052282 neg 0.30829511912007174 off 0.21642508917470016	false	1.0
blitzen	neg 1.0		__DUMMY__ 0.4740244316751804 neg 0.3022272401971698 off 0.2237483281276498	false	1.0
hilflos	neg 1.0		__DUMMY__ 0.47630555098942917 neg 0.30575195897081314 off 0.21794249003975752	false	1.0
eklig	off 1.0		__DUMMY__ 0.47054347092192833 neg 0.29722524365239583 off 0.23223128542567584	false	0.5
begriff			__DUMMY__ 0.47511132870571243 neg 0.3067855548221337 off 0.2181031164721538	false	0.0
hungersnot	neg 1.0		__DUMMY__ 0.4704767283041408 neg 0.31100609425357517 off 0.21851717744228416	false	1.0
ungesetzlich	neg 1.0		__DUMMY__ 0.47015111548852856 neg 0.308247247988408 off 0.22160163652306353	false	1.0
verschwendung	neg 1.0		__DUMMY__ 0.4762127859154678 neg 0.3087325447041715 off 0.21505466938036075	false	1.0
schmerzvoll	neg 1.0		__DUMMY__ 0.4758706524084797 neg 0.3025953153894167 off 0.22153403220210366	false	1.0
vorzeitig	neg 1.0		__DUMMY__ 0.474895153770251 neg 0.29916335381868664 off 0.22594149241106234	false	1.0
unvollkommenheit	neg 1.0		__DUMMY__ 0.47545555036016823 neg 0.3043965940683621 off 0.22014785557146965	false	1.0
intervenieren	neg 1.0		__DUMMY__ 0.4729937617062484 neg 0.3119190591218986 off 0.215087179171853	false	1.0
banause	off 1.0		__DUMMY__ 0.4697769506131508 neg 0.2965730722951536 off 0.23364997709169566	false	0.5
rebell	neg 1.0		__DUMMY__ 0.47770545969614736 neg 0.30767779289616476 off 0.2146167474076878	false	1.0
unlogisch	neg 1.0		__DUMMY__ 0.4726344836955386 neg 0.2994541738435461 off 0.22791134246091518	false	1.0
leiden	neg 1.0	neg 1.0	neg 0.6408670784994809 __DUMMY__ 0.23638934998780914 off 0.12274357151271002	false	1.0
abschaffung	neg 1.0		__DUMMY__ 0.47298569017328285 neg 0.30645389819866625 off 0.22056041162805096	false	1.0
sturz	neg 1.0		__DUMMY__ 0.47251156289115265 neg 0.30647580370459093 off 0.22101263340425648	false	1.0
verkleinerung	neg 1.0		__DUMMY__ 0.47132494609922715 neg 0.30511751798922215 off 0.2235575359115507	false	1.0
schmarotzer	off 1.0		__DUMMY__ 0.47372753411323615 neg 0.3098354671273532 off 0.21643699875941072	false	0.5
bestrafung	neg 1.0		__DUMMY__ 0.47441147551239277 neg 0.3047399839856814 off 0.22084854050192573	false	1.0
achtlos	neg 1.0		__DUMMY__ 0.47732884425534156 neg 0.3030383093821994 off 0.21963284636245903	false	1.0
ungeheuer	neg 1.0		__DUMMY__ 0.4744398768082491 neg 0.3035712239865368 off 0.22198889920521397	false	1.0
unaufrichtig	neg 1.0		__DUMMY__ 0.47109687507743947 neg 0.3066531112816897 off 0.22225001364087085	false	1.0
groggy	neg 1.0		__DUMMY__ 0.47442217993990843 neg 0.30181385401597327 off 0.2237639660441183	false	1.0
verletzlich	neg 1.0		__DUMMY__ 0.47393908374232346 neg 0.30002779915674427 off 0.22603311710093218	false	1.0
