unsolidarisch	neg 1.0		neg 0.5805596327940291 off 0.41228902133716594 __DUMMY__ 0.007151345868804843	false	1.0
nachteilig	neg 1.0		neg 0.5799535360967567 off 0.41279401171949975 __DUMMY__ 0.007252452183743591	false	1.0
skeptisch	neg 1.0		neg 0.5822102915783498 off 0.41051213872958797 __DUMMY__ 0.007277569692062098	false	1.0
schrecklich	neg 1.0		neg 0.5679096964275112 off 0.42487077323780903 __DUMMY__ 0.00721953033467984	false	1.0
schlapp	neg 1.0		neg 0.5706215086554284 off 0.42210408757314866 __DUMMY__ 0.00727440377142295	false	1.0
abfall	neg 1.0		neg 0.5838590496379021 off 0.40885556124196704 __DUMMY__ 0.007285389120130868	false	1.0
widerspenstig	neg 1.0		neg 0.5754628913460123 off 0.4172443581870688 __DUMMY__ 0.007292750466918864	false	1.0
abrupt	neg 1.0		neg 0.5767960364936192 off 0.41590266524137803 __DUMMY__ 0.007301298265002741	false	1.0
unwirksam	neg 1.0		neg 0.5784434486333775 off 0.4143691722237375 __DUMMY__ 0.007187379142885054	false	1.0
angreifen	neg 1.0		neg 0.5816118713275454 off 0.4111337547368578 __DUMMY__ 0.007254373935596714	false	1.0
inkonsistent	neg 1.0		neg 0.5749930506388246 off 0.41777943693960085 __DUMMY__ 0.00722751242157465	false	1.0
abrutschen	neg 1.0		neg 0.5830165920261658 off 0.4096826352589872 __DUMMY__ 0.007300772714847007	false	1.0
unsicher	neg 1.0		neg 0.5762117519735945 off 0.4165153148627719 __DUMMY__ 0.007272933163633727	false	1.0
bauernkind	off 1.0		neg 0.5664436309971256 off 0.42640232997676114 __DUMMY__ 0.00715403902611329	false	0.5
angreifer	neg 1.0		neg 0.5747806336233912 off 0.4180128427605654 __DUMMY__ 0.007206523616043405	false	1.0
trennen	neg 1.0		neg 0.5791096329317406 off 0.41356295657222025 __DUMMY__ 0.007327410496039183	false	1.0
schmutz	neg 1.0		neg 0.5674424454028586 off 0.4252404628808722 __DUMMY__ 0.007317091716269122	false	1.0
inkonsistenz	neg 1.0	neg 1.0	neg 0.7748235060376351 off 0.22173135363408378 __DUMMY__ 0.0034451403282812453	false	1.0
erschreckend	neg 1.0		neg 0.5788424948509452 off 0.41391096182679593 __DUMMY__ 0.007246543322258882	false	1.0
ertrinken	neg 1.0		neg 0.5790083323772842 off 0.41369417190700347 __DUMMY__ 0.007297495715712339	false	1.0
pickelface	off 1.0		neg 0.5765873655263644 off 0.41618409981252374 __DUMMY__ 0.007228534661111901	false	0.5
seiner			neg 0.5810594386621404 off 0.4116689328715203 __DUMMY__ 0.007271628466339389	false	0.0
lauch	neg 1.0		neg 0.5821125687584865 off 0.41060454228120435 __DUMMY__ 0.007282888960309128	false	1.0
unwichtig	neg 1.0		neg 0.5725550764196189 off 0.42021325821888017 __DUMMY__ 0.007231665361500922	false	1.0
steuerhinterziehung	neg 1.0		neg 0.5800801062327303 off 0.4127262804707351 __DUMMY__ 0.007193613296534514	false	1.0
schock	neg 1.0		neg 0.5766546426405665 off 0.4160394663378581 __DUMMY__ 0.007305891021575438	false	1.0
beule	neg 1.0		neg 0.5692324736367232 off 0.4235001764489337 __DUMMY__ 0.0072673499143432315	false	1.0
vergelten	neg 1.0		neg 0.5678521860714999 off 0.424970058742215 __DUMMY__ 0.0071777551862852	false	1.0
verdorbenheit	neg 1.0		neg 0.5730858225185694 off 0.41961826574299066 __DUMMY__ 0.00729591173843986	false	1.0
trauma	neg 1.0		neg 0.5748216265935414 off 0.41792946435502376 __DUMMY__ 0.007248909051434706	false	1.0
sinnlos	neg 1.0		neg 0.574617238751789 off 0.4181335082454728 __DUMMY__ 0.007249253002738177	false	1.0
fettsack	off 1.0	off 1.0	off 0.6959673394326062 neg 0.3006058941592961 __DUMMY__ 0.0034267664080976203	false	1.0
feige	off 1.0		neg 0.5739618909997763 off 0.4188289772912833 __DUMMY__ 0.007209131708940265	false	0.5
abdanken	neg 1.0		neg 0.5812780788732599 off 0.41155783365974774 __DUMMY__ 0.007164087466992303	false	1.0
wichtigtuer	off 1.0	off 1.0	off 0.6908014076462766 neg 0.3057532290411953 __DUMMY__ 0.0034453633125281807	false	1.0
misslingen	neg 1.0		neg 0.5723338619963579 off 0.42037053861456386 __DUMMY__ 0.007295599389078203	false	1.0
untreu	off 1.0		neg 0.5713256315867113 off 0.42143740271143987 __DUMMY__ 0.007236965701848783	false	0.5
missmutig	neg 1.0		neg 0.5716227789685258 off 0.42110799279634836 __DUMMY__ 0.0072692282351257435	false	1.0
hurenbock	off 1.0		neg 0.5724235724468809 off 0.4202717936822205 __DUMMY__ 0.0073046338708985855	false	0.5
betrunken	neg 1.0		neg 0.5687254732314851 off 0.42402055029955704 __DUMMY__ 0.007253976468957868	false	1.0
korrupt	off 1.0		neg 0.5822943643864819 off 0.41052135455056277 __DUMMY__ 0.007184281062955486	false	0.5
unmut	neg 1.0		neg 0.5834453739304721 off 0.4092823743972904 __DUMMY__ 0.007272251672237471	false	1.0
hackfresse	off 1.0		neg 0.5646805683546777 off 0.4281210472737252 __DUMMY__ 0.007198384371596981	false	0.5
aufblasen	neg 1.0		neg 0.5738853518913799 off 0.41882823522994894 __DUMMY__ 0.007286412878671196	false	1.0
gewaltsam	neg 1.0		neg 0.5775101114536505 off 0.4152881042378156 __DUMMY__ 0.007201784308533954	false	1.0
unbeliebtheit	neg 1.0		neg 0.5748732353203121 off 0.4180137256351697 __DUMMY__ 0.007113039044518319	false	1.0
sturheit	neg 1.0		neg 0.5800708545097447 off 0.4127143162281059 __DUMMY__ 0.00721482926214948	false	1.0
kuh	neg 1.0		neg 0.5760439490892298 off 0.4167371515309679 __DUMMY__ 0.007218899379802114	false	1.0
erschrecken	neg 1.0		neg 0.5722050860070582 off 0.42053055983364146 __DUMMY__ 0.007264354159300378	false	1.0
opfer	neg 1.0	neg 1.0	neg 0.7780307635133996 off 0.21849938699529045 __DUMMY__ 0.0034698494913099317	false	1.0
sinken	neg 1.0		neg 0.5822185546462361 off 0.41050392713674067 __DUMMY__ 0.007277518217023227	false	1.0
stinktier	neg 1.0		neg 0.5686861454536513 off 0.42412741443496377 __DUMMY__ 0.007186440111384982	false	1.0
tucke	off 1.0		neg 0.5632357630101328 off 0.4295521015153417 __DUMMY__ 0.007212135474525545	false	0.5
ein			neg 0.57364551692179 off 0.4190433120999946 __DUMMY__ 0.0073111709782154	false	0.0
abstieg	neg 1.0		neg 0.5799380958688529 off 0.41283604423242787 __DUMMY__ 0.007225859898719134	false	1.0
missverstehen	neg 1.0		neg 0.576201840015199 off 0.41658191612918205 __DUMMY__ 0.007216243855618824	false	1.0
ergebnislos	neg 1.0		neg 0.5796644801221766 off 0.4130911042839994 __DUMMY__ 0.0072444155938240235	false	1.0
unter			neg 0.5843670582739127 off 0.4082652803034567 __DUMMY__ 0.00736766142263046	false	0.0
manipulieren	neg 1.0		neg 0.5819383716790972 off 0.41080880399767716 __DUMMY__ 0.007252824323225614	false	1.0
unbewiesen	neg 1.0		neg 0.5812003018235351 off 0.4116562668556431 __DUMMY__ 0.007143431320821671	false	1.0
verschleppen	neg 1.0		neg 0.5804303706220004 off 0.4123364090546892 __DUMMY__ 0.0072332203233102495	false	1.0
weib	off 1.0		neg 0.5640198559968331 off 0.4288024949850429 __DUMMY__ 0.007177649018124026	false	0.5
opposition	neg 1.0		neg 0.5774621277726908 off 0.41535582792663317 __DUMMY__ 0.007182044300676152	false	1.0
verkehrswidrig	neg 1.0		neg 0.5653130574006292 off 0.42745502200753127 __DUMMY__ 0.007231920591839659	false	1.0
inkorrekt	neg 1.0		neg 0.5744667258885255 off 0.41837744108426195 __DUMMY__ 0.007155833027212419	false	1.0
vermeiden	neg 1.0		neg 0.5833849034427888 off 0.40929014383359485 __DUMMY__ 0.0073249527236161896	false	1.0
abweichung	neg 1.0		neg 0.5824695286421426 off 0.4103457869485168 __DUMMY__ 0.007184684409340639	false	1.0
alkoholisiert	neg 1.0		neg 0.5781379929605017 off 0.4145829902522413 __DUMMY__ 0.0072790167872568475	false	1.0
scheiss	off 1.0	off 1.0	off 0.6943738447486019 neg 0.30216800037503083 __DUMMY__ 0.0034581548763673755	false	1.0
herausforderung	neg 1.0		neg 0.5760118767743215 off 0.4166524383468981 __DUMMY__ 0.007335684878780269	false	1.0
pervers	off 1.0		neg 0.5610484244874998 off 0.4317812865751266 __DUMMY__ 0.007170288937373461	false	0.5
wackelig	neg 1.0		neg 0.5760750294804938 off 0.4165900359327138 __DUMMY__ 0.007334934586792393	false	1.0
verwickeln	neg 1.0		neg 0.5756122737228241 off 0.4171512769131781 __DUMMY__ 0.007236449363997792	false	1.0
vorwand	neg 1.0		neg 0.5831251127262183 off 0.4096174436380894 __DUMMY__ 0.007257443635692272	false	1.0
muschi	off 1.0		neg 0.5773238393138796 off 0.41545077470264447 __DUMMY__ 0.007225385983475864	false	0.5
entmutigung	neg 1.0		neg 0.5800626153082877 off 0.4128303481451777 __DUMMY__ 0.007107036546534503	false	1.0
unangemessen	neg 1.0		neg 0.5813421418461067 off 0.41144254815121956 __DUMMY__ 0.007215310002673687	false	1.0
unstetig	neg 1.0		neg 0.5738476155092745 off 0.41893885212228327 __DUMMY__ 0.007213532368442211	false	1.0
entmutigen	neg 1.0		neg 0.575220616454097 off 0.4175159607820026 __DUMMY__ 0.007263422763900476	false	1.0
schwanz	neg 1.0		neg 0.5783993335389669 off 0.4143408528818765 __DUMMY__ 0.007259813579156554	false	1.0
verbot	neg 1.0		neg 0.5809142726398694 off 0.4118871198894062 __DUMMY__ 0.007198607470724445	false	1.0
leid	neg 1.0		neg 0.5663796598031137 off 0.42641029349184517 __DUMMY__ 0.007210046705041255	false	1.0
archaisch	neg 1.0		neg 0.5804078219310793 off 0.41236970599470524 __DUMMY__ 0.0072224720742155284	false	1.0
gegen			neg 0.5830695790670598 off 0.4096841845305189 __DUMMY__ 0.007246236402421304	false	0.0
scheidung	neg 1.0	neg 1.0	neg 0.7627879758088434 off 0.2337905568762309 __DUMMY__ 0.0034214673149257535	false	1.0
einschlag	neg 1.0		neg 0.5669519000341174 off 0.4258387553391432 __DUMMY__ 0.007209344626739276	false	1.0
m			neg 0.5768991015082561 off 0.415816803631432 __DUMMY__ 0.007284094860311896	false	0.0
abgestanden	neg 1.0		neg 0.5754669033878841 off 0.41725453391222406 __DUMMY__ 0.007278562699891772	false	1.0
schmierig	off 1.0		neg 0.566787017151326 off 0.4259823923862654 __DUMMY__ 0.007230590462408633	false	0.5
unpraktisch	neg 1.0		neg 0.5736017486383664 off 0.4191051324770339 __DUMMY__ 0.007293118884599662	false	1.0
wixxer	off 1.0		neg 0.5619682965669762 off 0.4308860832787782 __DUMMY__ 0.007145620154245763	false	0.5
bezeichnet			neg 0.5789422335692072 off 0.4138320415041833 __DUMMY__ 0.0072257249266095966	false	0.0
jammerlappen	off 1.0		neg 0.5721974616419113 off 0.4205627502399029 __DUMMY__ 0.007239788118185786	false	0.5
farce	neg 1.0		neg 0.582819065873085 off 0.41003413989546783 __DUMMY__ 0.0071467942314471	false	1.0
zwecklos	neg 1.0		neg 0.58091299563855 off 0.4118531855028728 __DUMMY__ 0.007233818858577187	false	1.0
turbulent	neg 1.0		neg 0.5690884163185731 off 0.4237127848729406 __DUMMY__ 0.007198798808486379	false	1.0
invasion	neg 1.0		neg 0.5723011772323571 off 0.42043193997186434 __DUMMY__ 0.007266882795778517	false	1.0
schuld	neg 1.0		neg 0.5764712350304706 off 0.416286105782663 __DUMMY__ 0.0072426591868664245	false	1.0
risiko	neg 1.0		neg 0.5712174821659417 off 0.42149745150189377 __DUMMY__ 0.007285066332164624	false	1.0
finster	neg 1.0		neg 0.5745882232692784 off 0.418119447818276 __DUMMY__ 0.0072923289124456	false	1.0
geisteskrank	off 1.0		neg 0.5727043542733484 off 0.42011205825728964 __DUMMY__ 0.007183587469362013	false	0.5
zusammenbrechen	neg 1.0		neg 0.577436379272494 off 0.41528137552929284 __DUMMY__ 0.00728224519821301	false	1.0
ausbeute	neg 1.0		neg 0.5774791519509148 off 0.41521420372363643 __DUMMY__ 0.007306644325448771	false	1.0
hinterhalt	neg 1.0		neg 0.5754144153005384 off 0.41733711238466364 __DUMMY__ 0.0072484723147981725	false	1.0
kritik	neg 1.0		neg 0.5819693127812917 off 0.4108644911961296 __DUMMY__ 0.007166196022578559	false	1.0
einschrumpfen	neg 1.0		neg 0.5752289681193561 off 0.41759399787934054 __DUMMY__ 0.007177034001303483	false	1.0
riskant	neg 1.0		neg 0.5805759170640038 off 0.41215167309067313 __DUMMY__ 0.007272409845323144	false	1.0
frustrieren	neg 1.0		neg 0.5813792050008394 off 0.4113638723734998 __DUMMY__ 0.007256922625660806	false	1.0
groll	neg 1.0		neg 0.5805111768212783 off 0.4122515055996837 __DUMMY__ 0.0072373175790380675	false	1.0
gibt			neg 0.5790607606826577 off 0.41368106229322066 __DUMMY__ 0.007258177024121766	false	0.0
qualvoll	neg 1.0		neg 0.5733161744710366 off 0.4194139121841067 __DUMMY__ 0.007269913344856812	false	1.0
wackeln	neg 1.0		neg 0.5733910413939638 off 0.41929692841896166 __DUMMY__ 0.007312030187074561	false	1.0
klagen	neg 1.0		neg 0.5835250694593934 off 0.4092250333960503 __DUMMY__ 0.007249897144556342	false	1.0
bankrott	neg 1.0		neg 0.5706589406399059 off 0.42208105235507204 __DUMMY__ 0.0072600070050222116	false	1.0
trauern	neg 1.0		neg 0.5802158673906795 off 0.41251181190211617 __DUMMY__ 0.007272320707204307	false	1.0
ablehnung	neg 1.0	neg 1.0	neg 0.7784943194868884 off 0.21807874722387585 __DUMMY__ 0.003426933289235804	false	1.0
stur	neg 1.0		neg 0.5757601120617682 off 0.41699204030442255 __DUMMY__ 0.007247847633809321	false	1.0
aufruhr	neg 1.0		neg 0.5787421492058183 off 0.41406836997452867 __DUMMY__ 0.007189480819653002	false	1.0
melancholie	neg 1.0		neg 0.5771931665970577 off 0.41549903890982404 __DUMMY__ 0.0073077944931183025	false	1.0
ist			neg 0.575818990824324 off 0.41693936829046707 __DUMMY__ 0.007241640885208928	false	0.0
torheit	neg 1.0		neg 0.5795126533931777 off 0.41332714423594047 __DUMMY__ 0.007160202370881874	false	1.0
dreckskind	off 1.0		neg 0.5685976015211329 off 0.4242652468924619 __DUMMY__ 0.007137151586405137	false	0.5
umtauschen	neg 1.0		neg 0.5758046603249721 off 0.41690882814680325 __DUMMY__ 0.007286511528224561	false	1.0
zum			neg 0.5805537654211443 off 0.4120738456992208 __DUMMY__ 0.007372388879634775	false	0.0
zersetzen	neg 1.0		neg 0.5825761391293788 off 0.4101716775707605 __DUMMY__ 0.00725218329986072	false	1.0
zur			neg 0.5844701200638428 off 0.4082383184397713 __DUMMY__ 0.0072915614963858875	false	0.0
frust	neg 1.0		neg 0.5781763392241243 off 0.4145506994116218 __DUMMY__ 0.007272961364254013	false	1.0
unerbittlichkeit	neg 1.0		neg 0.5821691273346784 off 0.41059167042089506 __DUMMY__ 0.007239202244426586	false	1.0
zwei			neg 0.5800967259288473 off 0.41256375672355894 __DUMMY__ 0.007339517347593828	false	0.0
unkorrekt	neg 1.0		neg 0.5723989554561152 off 0.420422702127838 __DUMMY__ 0.0071783424160467065	false	1.0
hexe	off 1.0		neg 0.5709369546730021 off 0.42181980822560894 __DUMMY__ 0.007243237101388985	false	0.5
lasch	neg 1.0		neg 0.5749811926180848 off 0.4178073354719073 __DUMMY__ 0.007211471910007852	false	1.0
rivale	neg 1.0		neg 0.5684892401932392 off 0.4243177067843282 __DUMMY__ 0.0071930530224325155	false	1.0
mutlos	off 1.0	off 1.0	off 0.6877121661506418 neg 0.30884152805860987 __DUMMY__ 0.0034463057907483867	false	1.0
wirr	off 1.0		neg 0.5704019496383028 off 0.4224185042177813 __DUMMY__ 0.0071795461439157875	false	0.5
jahr			neg 0.5785263894648918 off 0.41415848962018614 __DUMMY__ 0.007315120914922052	false	0.0
wird			neg 0.5801399470138237 off 0.4125934198649359 __DUMMY__ 0.007266633121240368	false	0.0
strafbar	neg 1.0		neg 0.58265630915024 off 0.4101250259268476 __DUMMY__ 0.0072186649229122775	false	1.0
erosion	neg 1.0		neg 0.5734888463829945 off 0.41922872579814674 __DUMMY__ 0.007282427818858866	false	1.0
eingehen	neg 1.0		neg 0.5809175325226047 off 0.41183960269224346 __DUMMY__ 0.007242864785151961	false	1.0
faul	off 1.0		neg 0.5703511685881603 off 0.4223644851420408 __DUMMY__ 0.00728434626979901	false	0.5
provisorium	neg 1.0		neg 0.5860979185592423 off 0.4065591377486628 __DUMMY__ 0.007342943692094936	false	1.0
schmerzen	neg 1.0		neg 0.5768573521820949 off 0.4158598346033539 __DUMMY__ 0.007282813214551125	false	1.0
schrumpfen	neg 1.0		neg 0.5843433195850936 off 0.4083531682501755 __DUMMY__ 0.007303512164730835	false	1.0
geistlos	off 1.0		neg 0.5783354976402153 off 0.4145174476902604 __DUMMY__ 0.00714705466952426	false	0.5
fehlkauf	neg 1.0		neg 0.5743289592041958 off 0.41844385042472176 __DUMMY__ 0.007227190371082453	false	1.0
frustrierend	neg 1.0	neg 1.0	neg 0.7739030039274971 off 0.22263143033839422 __DUMMY__ 0.0034655657341086847	false	1.0
unzufrieden	neg 1.0		neg 0.580027877474496 off 0.4127200502536531 __DUMMY__ 0.007252072271850911	false	1.0
verzweifeln	neg 1.0		neg 0.5771337962024831 off 0.4155969088706127 __DUMMY__ 0.0072692949269041055	false	1.0
verzweifelt	neg 1.0		neg 0.5757330563432004 off 0.4170161113908264 __DUMMY__ 0.0072508322659731	false	1.0
misstrauensantrag	neg 1.0		neg 0.5751499504314873 off 0.4176405656900166 __DUMMY__ 0.007209483878496058	false	1.0
abfallen	neg 1.0		neg 0.5730419187428202 off 0.4196418593827818 __DUMMY__ 0.007316221874398006	false	1.0
fucker	off 1.0		neg 0.5694737819397832 off 0.4233205424219555 __DUMMY__ 0.00720567563826139	false	0.5
ungezogen	neg 1.0		neg 0.562730044929329 off 0.43007093409389774 __DUMMY__ 0.00719902097677326	false	1.0
irrsinnig	neg 1.0	neg 1.0	neg 0.7761738712562543 off 0.22037243633826387 __DUMMY__ 0.003453692405481871	false	1.0
unfassbar	neg 1.0		neg 0.571772674053403 off 0.4209916106621794 __DUMMY__ 0.007235715284417581	false	1.0
hart	neg 1.0		neg 0.5724730700378982 off 0.42031845543557966 __DUMMY__ 0.007208474526522061	false	1.0
widerlich	off 1.0		neg 0.5717603039873097 off 0.4210271863376766 __DUMMY__ 0.007212509675013815	false	0.5
fatal	neg 1.0		neg 0.5741907004847837 off 0.4185754210219817 __DUMMY__ 0.0072338784932346545	false	1.0
bruch	neg 1.0		neg 0.5851562207142104 off 0.4076161544604074 __DUMMY__ 0.007227624825382353	false	1.0
aushungern	neg 1.0		neg 0.5790807161663036 off 0.41372691553859664 __DUMMY__ 0.007192368295099591	false	1.0
anspannung	neg 1.0		neg 0.582302077490264 off 0.41038383730887007 __DUMMY__ 0.007314085200866034	false	1.0
von			neg 0.5794879345872082 off 0.4131944999159396 __DUMMY__ 0.007317565496852231	false	0.0
kraftlos	neg 1.0		neg 0.5773278148688132 off 0.41535450545654934 __DUMMY__ 0.007317679674637289	false	1.0
vom			neg 0.5838260824856023 off 0.40881305586973743 __DUMMY__ 0.007360861644660227	false	0.0
grenzdebil	off 1.0		neg 0.5698067847082275 off 0.4229446670872676 __DUMMY__ 0.007248548204504884	false	0.5
vor			neg 0.5815646340651024 off 0.4111322955978586 __DUMMY__ 0.00730307033703885	false	0.0
unterwerfen	neg 1.0		neg 0.5813532243836286 off 0.4114054684043646 __DUMMY__ 0.007241307212006905	false	1.0
versenkung	neg 1.0		neg 0.5810137745908457 off 0.4117240439294693 __DUMMY__ 0.007262181479685165	false	1.0
entziehen	neg 1.0		neg 0.5836629164684429 off 0.40907638049308354 __DUMMY__ 0.0072607030384734495	false	1.0
finanzkrise	neg 1.0		neg 0.5799384761794817 off 0.4128799527348159 __DUMMY__ 0.007181571085702384	false	1.0
schimpfend	neg 1.0		neg 0.5714050758060741 off 0.4212657027439803 __DUMMY__ 0.0073292214499453895	false	1.0
profan	neg 1.0		neg 0.5746878640726233 off 0.41806401466418125 __DUMMY__ 0.007248121263195362	false	1.0
korruption	neg 1.0		neg 0.5818642747567548 off 0.41094595667362116 __DUMMY__ 0.007189768569624051	false	1.0
â			neg 0.5780720833408552 off 0.41464658123778175 __DUMMY__ 0.007281335421362962	false	0.0
schmutzig	neg 1.0		neg 0.5689428861519974 off 0.42377654584349295 __DUMMY__ 0.007280568004509655	false	1.0
sexy	neg 1.0		neg 0.5718608964892816 off 0.42088999460626425 __DUMMY__ 0.007249108904454278	false	1.0
abraten	neg 1.0		neg 0.5743712723205293 off 0.41835286152456125 __DUMMY__ 0.007275866154909392	false	1.0
schwarz	neg 1.0		neg 0.5749558829268246 off 0.4178043653425561 __DUMMY__ 0.007239751730619179	false	1.0
fotze	off 1.0		neg 0.5790552711019383 off 0.41370960423594777 __DUMMY__ 0.0072351246621138576	false	0.5
verwirren	neg 1.0		neg 0.5736310868481509 off 0.41911930913895173 __DUMMY__ 0.007249604012897304	false	1.0
zahnlos	off 1.0		neg 0.5805310462676667 off 0.4122363169512901 __DUMMY__ 0.0072326367810431405	false	0.5
verheeren	neg 1.0		neg 0.5626630427296411 off 0.4301926051024605 __DUMMY__ 0.007144352167898454	false	1.0
hippie	neg 1.0		neg 0.5724386617854452 off 0.4203187571145109 __DUMMY__ 0.007242581100043813	false	1.0
rammen	neg 1.0		neg 0.5728382824014597 off 0.4199018917197004 __DUMMY__ 0.007259825878839736	false	1.0
unlauter	neg 1.0	neg 1.0	neg 0.7752850636798782 off 0.2212707991635409 __DUMMY__ 0.0034441371565809053	false	1.0
unheilvoll	neg 1.0		neg 0.5736499000688228 off 0.4190795310668404 __DUMMY__ 0.007270568864336837	false	1.0
niedrig	neg 1.0		neg 0.5799594016055251 off 0.41279193171457246 __DUMMY__ 0.007248666679902536	false	1.0
explosion	neg 1.0		neg 0.5722059997448659 off 0.4205332601701117 __DUMMY__ 0.007260740085022393	false	1.0
weichei	off 1.0		neg 0.5659394530859163 off 0.4268594882277477 __DUMMY__ 0.0072010586863359176	false	0.5
minusmensch	off 1.0		neg 0.5640217609197731 off 0.42885722544479477 __DUMMY__ 0.0071210136354321945	false	0.5
farblos	neg 1.0		neg 0.5758492791771893 off 0.41691065178532327 __DUMMY__ 0.007240069037487276	false	1.0
unwissend	neg 1.0	neg 1.0	neg 0.7737613439058351 off 0.22279224930221797 __DUMMY__ 0.003446406791947012	false	1.0
traurig	neg 1.0		neg 0.568189701066607 off 0.42457015032475603 __DUMMY__ 0.007240148608637049	false	1.0
senkung	neg 1.0		neg 0.5739306708585229 off 0.41884396979064276 __DUMMY__ 0.007225359350834255	false	1.0
ungleich	neg 1.0	neg 1.0	neg 0.7789500905576711 off 0.2175976186223813 __DUMMY__ 0.0034522908199476725	false	1.0
heikel	neg 1.0		neg 0.5822419924435197 off 0.4104972859184078 __DUMMY__ 0.00726072163807242	false	1.0
drosselung	neg 1.0		neg 0.5671985926570958 off 0.42555294538280064 __DUMMY__ 0.00724846196010365	false	1.0
falsch	neg 1.0		neg 0.5728832078225155 off 0.4198770273241752 __DUMMY__ 0.007239764853309287	false	1.0
unzufriedenheit	neg 1.0		neg 0.5828344456923507 off 0.40991322690088833 __DUMMY__ 0.007252327406760966	false	1.0
kurz	neg 1.0		neg 0.5763045222371537 off 0.4163854553073824 __DUMMY__ 0.007310022455463904	false	1.0
unsinnig	neg 1.0		neg 0.5797286997566152 off 0.41302594358247985 __DUMMY__ 0.007245356660904936	false	1.0
penner	off 1.0	off 1.0	off 0.6975537639783574 neg 0.29900653758491924 __DUMMY__ 0.003439698436723382	false	1.0
seicht	neg 1.0		neg 0.565273313092347 off 0.4275735245619987 __DUMMY__ 0.0071531623456543205	false	1.0
dummheit	off 1.0	off 1.0	off 0.6911396943156641 neg 0.3054172785844993 __DUMMY__ 0.003443027099836409	false	1.0
unerfreulich	neg 1.0		neg 0.5823496356007771 off 0.4103761984780682 __DUMMY__ 0.007274165921154793	false	1.0
motherfucker	off 1.0	off 1.0	off 0.6945433124124835 neg 0.30201634510502784 __DUMMY__ 0.0034403424824887103	false	1.0
pikiert	neg 1.0		neg 0.5729589929378812 off 0.4198220835076009 __DUMMY__ 0.0072189235545180265	false	1.0
wrack	neg 1.0		neg 0.5772285521766608 off 0.41548156182020457 __DUMMY__ 0.0072898860031345054	false	1.0
gangster	neg 1.0		neg 0.5733578358120767 off 0.4193988203761687 __DUMMY__ 0.007243343811754601	false	1.0
krank	neg 1.0		neg 0.569004218425965 off 0.4237271843660466 __DUMMY__ 0.007268597207988307	false	1.0
reich	neg 1.0		neg 0.5755136021749777 off 0.41735814836491514 __DUMMY__ 0.007128249460107145	false	1.0
gnadenlos	neg 1.0		neg 0.575889161885842 off 0.41685939601699756 __DUMMY__ 0.007251442097160232	false	1.0
niedergeschlagen	neg 1.0		neg 0.5777379615081408 off 0.4149883298361095 __DUMMY__ 0.007273708655749737	false	1.0
terrorisieren	off 1.0	off 1.0	off 0.688715024567373 neg 0.307811427744824 __DUMMY__ 0.0034735476878029886	false	1.0
sinnlosigkeit	neg 1.0		neg 0.580327497775207 off 0.41243627716453357 __DUMMY__ 0.007236225060259409	false	1.0
behindern	neg 1.0		neg 0.5754878146812792 off 0.41722844502746953 __DUMMY__ 0.007283740291251302	false	1.0
undemokratisch	neg 1.0		neg 0.5785300489371735 off 0.41429674146074064 __DUMMY__ 0.0071732096020859825	false	1.0
wirtschaftskrise	neg 1.0		neg 0.5809516174689044 off 0.41183788104199615 __DUMMY__ 0.007210501489099288	false	1.0
neid	neg 1.0		neg 0.5717469792836175 off 0.4209779509893947 __DUMMY__ 0.007275069726987779	false	1.0
rutschen	neg 1.0		neg 0.5801602412804497 off 0.41246280048758005 __DUMMY__ 0.0073769582319701535	false	1.0
rezession	neg 1.0		neg 0.5695839112783646 off 0.42326313157852846 __DUMMY__ 0.007152957143106898	false	1.0
fehlgeburt	neg 1.0		neg 0.5762302536066712 off 0.41652546490679315 __DUMMY__ 0.007244281486535508	false	1.0
charakterschwach	off 1.0		neg 0.5718155037120541 off 0.4209688677228227 __DUMMY__ 0.007215628565123083	false	0.5
isolation	neg 1.0		neg 0.5707502960484188 off 0.4220024203022078 __DUMMY__ 0.007247283649373549	false	1.0
ablenkung	neg 1.0		neg 0.5754870842669448 off 0.4172341541366537 __DUMMY__ 0.007278761596401446	false	1.0
pech	neg 1.0		neg 0.573346058494841 off 0.41940434980972857 __DUMMY__ 0.0072495916954305245	false	1.0
vermeidung	neg 1.0		neg 0.5683528539481134 off 0.42439093432517966 __DUMMY__ 0.0072562117267067966	false	1.0
dominieren	neg 1.0		neg 0.578161153993339 off 0.414586629653553 __DUMMY__ 0.007252216353108043	false	1.0
schwindlig	neg 1.0		neg 0.5718861111757786 off 0.4208239006392487 __DUMMY__ 0.007289988184972752	false	1.0
lutscher	neg 1.0		neg 0.5639334792213505 off 0.4289079146298093 __DUMMY__ 0.00715860614884013	false	1.0
pflicht	neg 1.0		neg 0.5827078197949378 off 0.4100367762646843 __DUMMY__ 0.007255403940377936	false	1.0
faschist	off 1.0		neg 0.5776768919533669 off 0.41515667421754676 __DUMMY__ 0.007166433829086417	false	0.5
verschleudern	neg 1.0		neg 0.5813051001151385 off 0.4114765098808934 __DUMMY__ 0.007218390003967961	false	1.0
wenn			neg 0.5725588942897637 off 0.42019410552519326 __DUMMY__ 0.0072470001850431735	false	0.0
ehebruch	neg 1.0		neg 0.581550995054145 off 0.4112228365766254 __DUMMY__ 0.007226168369229446	false	1.0
spott	off 1.0		neg 0.5821864149037712 off 0.41058431140886636 __DUMMY__ 0.007229273687362454	false	0.5
trostlosigkeit	neg 1.0		neg 0.5848770840271243 off 0.40792140212372996 __DUMMY__ 0.0072015138491456025	false	1.0
lutschen	neg 1.0		neg 0.5730566293413507 off 0.4197358473472203 __DUMMY__ 0.007207523311428947	false	1.0
undiszipliniert	neg 1.0		neg 0.5693039080397154 off 0.42346534477876147 __DUMMY__ 0.007230747181523201	false	1.0
kopfschmerz	neg 1.0		neg 0.5771854854096529 off 0.41555454441764145 __DUMMY__ 0.007259970172705735	false	1.0
unvorhergesehen	neg 1.0		neg 0.5761210419928775 off 0.4165597224939434 __DUMMY__ 0.007319235513179045	false	1.0
desinteressiert	neg 1.0		neg 0.5705701999027356 off 0.4222183335745086 __DUMMY__ 0.007211466522755671	false	1.0
armselig	off 1.0		neg 0.5700792345585813 off 0.4227241974456681 __DUMMY__ 0.007196567995750469	false	0.5
desaster	neg 1.0		neg 0.5852735161703742 off 0.4074932759976296 __DUMMY__ 0.007233207831996195	false	1.0
tod	neg 1.0		neg 0.5825131640742597 off 0.41027954614167694 __DUMMY__ 0.0072072897840633025	false	1.0
herzlos	neg 1.0		neg 0.5676620335145419 off 0.4251047534338476 __DUMMY__ 0.007233213051610625	false	1.0
unwissenheit	neg 1.0		neg 0.5811253901023826 off 0.4116546899093544 __DUMMY__ 0.007219919988262972	false	1.0
widersinnig	neg 1.0		neg 0.5814414973678328 off 0.4113795448456332 __DUMMY__ 0.007178957786533957	false	1.0
bedenklich	neg 1.0		neg 0.5813291626424417 off 0.41141669238842876 __DUMMY__ 0.007254144969129438	false	1.0
beanstanden	neg 1.0		neg 0.5828587266047355 off 0.4098805227444056 __DUMMY__ 0.007260750650858817	false	1.0
panisch	neg 1.0	neg 1.0	neg 0.7731939085740962 off 0.22330476494772333 __DUMMY__ 0.0035013264781804947	false	1.0
debil	off 1.0		neg 0.5852961186779393 off 0.40742794650702624 __DUMMY__ 0.0072759348150344865	false	0.5
abstrich	neg 1.0		neg 0.5739375529377767 off 0.4187595662014798 __DUMMY__ 0.007302880860743459	false	1.0
primitiv	neg 1.0		neg 0.5712897168618287 off 0.4215019615774618 __DUMMY__ 0.007208321560709384	false	1.0
abschaum	off 1.0	off 1.0	off 0.692410627488857 neg 0.3041526787345738 __DUMMY__ 0.0034366937765692705	false	1.0
provozieren	neg 1.0		neg 0.5777743007130199 off 0.41500041429050855 __DUMMY__ 0.007225284996471554	false	1.0
tot	neg 1.0		neg 0.5786227059689321 off 0.414145845120367 __DUMMY__ 0.0072314489107010065	false	1.0
instabil	neg 1.0		neg 0.570016423735368 off 0.4228181739524762 __DUMMY__ 0.007165402312155837	false	1.0
schwuchtel	off 1.0		neg 0.5599287225109472 off 0.4329623315306822 __DUMMY__ 0.007108945958370697	false	0.5
zerren	neg 1.0		neg 0.5776714504469077 off 0.4150502114268985 __DUMMY__ 0.007278338126193689	false	1.0
kinderficker	off 1.0		neg 0.5681250880215268 off 0.4246971430976896 __DUMMY__ 0.007177768880783713	false	0.5
gefahr	neg 1.0		neg 0.5814775879346186 off 0.4112877954652394 __DUMMY__ 0.00723461660014209	false	1.0
rabiat	neg 1.0		neg 0.5768534894810176 off 0.4158932201390387 __DUMMY__ 0.00725329037994369	false	1.0
verlangsamung	neg 1.0		neg 0.5658414099223601 off 0.42701023097818325 __DUMMY__ 0.007148359099456601	false	1.0
ausgestorben	neg 1.0		neg 0.5778236425230787 off 0.41490440966505376 __DUMMY__ 0.0072719478118674925	false	1.0
anklagen	neg 1.0		neg 0.578883283798693 off 0.4139005272384467 __DUMMY__ 0.007216188962860353	false	1.0
trott	neg 1.0		neg 0.5759208054413323 off 0.41680842421596115 __DUMMY__ 0.007270770342706431	false	1.0
verminderung	neg 1.0		neg 0.5686712629969024 off 0.42410114420348843 __DUMMY__ 0.007227592799609089	false	1.0
nach			neg 0.5819842140956629 off 0.41067277998933915 __DUMMY__ 0.007343005914998091	false	0.0
rost	neg 1.0		neg 0.5639157421690216 off 0.4289031366796578 __DUMMY__ 0.007181121151320729	false	1.0
destruktiv	neg 1.0		neg 0.5797353577433475 off 0.4130518340161758 __DUMMY__ 0.00721280824047664	false	1.0
unzumutbarkeit	neg 1.0		neg 0.5687207044226736 off 0.4240329880282413 __DUMMY__ 0.007246307549085124	false	1.0
labil	off 1.0	off 1.0	off 0.6933538448573279 neg 0.3032036484019329 __DUMMY__ 0.0034425067407392413	false	1.0
ziemlich	neg 1.0		neg 0.5706984730562752 off 0.4220585126162373 __DUMMY__ 0.0072430143274875404	false	1.0
lachnummer	off 1.0		neg 0.5794948281284676 off 0.4132874237023227 __DUMMY__ 0.007217748169209589	false	0.5
oder			neg 0.5755101646919735 off 0.41720342720554904 __DUMMY__ 0.007286408102477408	false	0.0
verfall	neg 1.0		neg 0.5855251692053656 off 0.40719679702398937 __DUMMY__ 0.007278033770645202	false	1.0
ausgrenzung	neg 1.0		neg 0.5776716052139241 off 0.41515459770350344 __DUMMY__ 0.007173797082572343	false	1.0
unordnung	neg 1.0		neg 0.5682472558454452 off 0.4245691666987247 __DUMMY__ 0.007183577455830228	false	1.0
fehlverhalten	neg 1.0		neg 0.5823064659416453 off 0.41045990183216985 __DUMMY__ 0.0072336322261850345	false	1.0
eine			neg 0.5817531439135338 off 0.41095587119780946 __DUMMY__ 0.007290984888656658	false	0.0
nille	neg 1.0		neg 0.5781620767910309 off 0.41462395841442756 __DUMMY__ 0.007213964794541357	false	1.0
qual	neg 1.0		neg 0.5761882852150962 off 0.4165448302744717 __DUMMY__ 0.00726688451043201	false	1.0
verschwenden	neg 1.0		neg 0.5808361267664832 off 0.4119016688587439 __DUMMY__ 0.007262204374772859	false	1.0
riesig	neg 1.0		neg 0.577313211093964 off 0.4154248951133649 __DUMMY__ 0.0072618937926710765	false	1.0
verurteilen	neg 1.0		neg 0.581108012372473 off 0.41167767155747037 __DUMMY__ 0.007214316070056537	false	1.0
klischee	neg 1.0	neg 1.0	neg 0.7750788805235415 off 0.2214813085599791 __DUMMY__ 0.0034398109164793986	false	1.0
diktatorisch	neg 1.0		neg 0.5797300059122432 off 0.41312009062384675 __DUMMY__ 0.007149903463910075	false	1.0
vorhersehbar	neg 1.0		neg 0.5767517711035144 off 0.4160458477196967 __DUMMY__ 0.007202381176788947	false	1.0
sowie			neg 0.5671352492369234 off 0.4257051552635108 __DUMMY__ 0.00715959549956592	false	0.0
stornieren	neg 1.0		neg 0.5722443678003875 off 0.4204761344857673 __DUMMY__ 0.0072794977138451	false	1.0
besteuerung	neg 1.0		neg 0.5761926561484974 off 0.4165833159081848 __DUMMY__ 0.007224027943317913	false	1.0
ungeschminkt	neg 1.0		neg 0.5707842531472662 off 0.42199414441618543 __DUMMY__ 0.007221602436548472	false	1.0
kritisch	neg 1.0		neg 0.5820316142010544 off 0.4107368723921594 __DUMMY__ 0.007231513406786096	false	1.0
schlamperei	off 1.0		neg 0.5812095950007192 off 0.41156028535788386 __DUMMY__ 0.007230119641396814	false	0.5
sucht	neg 1.0	neg 1.0	neg 0.7723905428230959 off 0.22410667680916396 __DUMMY__ 0.0035027803677401084	false	1.0
egoistisch	off 1.0		neg 0.5660591983941144 off 0.4267366567130435 __DUMMY__ 0.007204144892842059	false	0.5
ausbeuter	off 1.0		neg 0.5833703065332638 off 0.40940988063120615 __DUMMY__ 0.007219812835529974	false	0.5
arschgeburt	off 1.0		neg 0.5601117783424119 off 0.4327794125630581 __DUMMY__ 0.007108809094529895	false	0.5
schubs	neg 1.0	neg 1.0	neg 0.7761473017674644 off 0.2203569319693844 __DUMMY__ 0.0034957662631513132	false	1.0
unsolide	neg 1.0		neg 0.5767544279831479 off 0.41612112569057375 __DUMMY__ 0.007124446326278325	false	1.0
beschwerde	neg 1.0		neg 0.5802372234226755 off 0.41253184467719295 __DUMMY__ 0.007230931900131637	false	1.0
stocken	neg 1.0		neg 0.5792300638492717 off 0.41350405078663205 __DUMMY__ 0.007265885364096172	false	1.0
isolieren	neg 1.0		neg 0.5759721013364895 off 0.4167408226531877 __DUMMY__ 0.007287076010322898	false	1.0
unheilbar	neg 1.0		neg 0.5769050201283834 off 0.415858751276061 __DUMMY__ 0.007236228595555754	false	1.0
pisser	off 1.0		neg 0.5692153255984432 off 0.42360210241853324 __DUMMY__ 0.007182571983023509	false	0.5
löschen	neg 1.0		neg 0.575688090747555 off 0.4170687428666201 __DUMMY__ 0.007243166385824961	false	1.0
durchfallen	neg 1.0		neg 0.580440958066733 off 0.4123002710746263 __DUMMY__ 0.007258770858640867	false	1.0
wichser	off 1.0		neg 0.5619980433869598 off 0.4308306190447118 __DUMMY__ 0.00717133756832835	false	0.5
terror	neg 1.0		neg 0.5711699826703457 off 0.42155721845902583 __DUMMY__ 0.007272798870628443	false	1.0
krass	neg 1.0		neg 0.5678457307852076 off 0.42493808381793513 __DUMMY__ 0.0072161853968571756	false	1.0
revolte	neg 1.0	neg 1.0	neg 0.776394315978376 off 0.22019945973825492 __DUMMY__ 0.003406224283369044	false	1.0
besorgt	neg 1.0		neg 0.5755625118052073 off 0.4171142664481661 __DUMMY__ 0.007323221746626578	false	1.0
nachlassen	neg 1.0		neg 0.5780424571849048 off 0.4146783416470638 __DUMMY__ 0.007279201168031355	false	1.0
alt	neg 1.0		neg 0.5784740664187057 off 0.4142135537586564 __DUMMY__ 0.007312379822637887	false	1.0
hundesohn	off 1.0		neg 0.5643621128276489 off 0.4285002418354977 __DUMMY__ 0.007137645336853434	false	0.5
als			neg 0.5784021482055027 off 0.41431504142254205 __DUMMY__ 0.00728281037195522	false	0.0
abschreckung	neg 1.0		neg 0.5832490421177653 off 0.4095053323497801 __DUMMY__ 0.007245625532454633	false	1.0
unqualifiziert	neg 1.0		neg 0.5758025681241193 off 0.4169845809852562 __DUMMY__ 0.007212850890624403	false	1.0
abgewichst	off 1.0		neg 0.5781414173117692 off 0.41461715099328067 __DUMMY__ 0.007241431694950195	false	0.5
schwer	neg 1.0		neg 0.5768244570053219 off 0.41590545535520657 __DUMMY__ 0.007270087639471637	false	1.0
bedeutungslosigkeit	neg 1.0		neg 0.5830186061970067 off 0.4097462780342365 __DUMMY__ 0.007235115768756754	false	1.0
kapitulation	neg 1.0		neg 0.5832437902990469 off 0.40958193623530365 __DUMMY__ 0.007174273465649395	false	1.0
unscharf	neg 1.0		neg 0.573508471698991 off 0.419248315971315 __DUMMY__ 0.007243212329693911	false	1.0
schwinden	neg 1.0		neg 0.5813067079099362 off 0.411430908914267 __DUMMY__ 0.007262383175796747	false	1.0
versklavung	neg 1.0	neg 1.0	neg 0.7770624344209855 off 0.21951473550779574 __DUMMY__ 0.0034228300712186737	false	1.0
schlecht	neg 1.0		neg 0.5700200051590694 off 0.4227303006773417 __DUMMY__ 0.007249694163588964	false	1.0
verhasst	neg 1.0		neg 0.5781540032156557 off 0.4146305990178834 __DUMMY__ 0.0072153977664609	false	1.0
beschweren	neg 1.0		neg 0.5747098354557679 off 0.4180291595306453 __DUMMY__ 0.007261005013586908	false	1.0
scheiden	neg 1.0		neg 0.577063109231917 off 0.4156758439187689 __DUMMY__ 0.007261046849314182	false	1.0
frustriert	neg 1.0		neg 0.5783502679331073 off 0.4143883599729718 __DUMMY__ 0.007261372093920859	false	1.0
schimmelig	neg 1.0		neg 0.5803920484876774 off 0.4123579455144917 __DUMMY__ 0.007250005997830906	false	1.0
fisch	neg 1.0	neg 1.0	neg 0.7760493280900874 off 0.22045404252823528 __DUMMY__ 0.0034966293816772655	false	1.0
schmuggel	neg 1.0		neg 0.5800385391283096 off 0.41266145553120687 __DUMMY__ 0.007300005340483453	false	1.0
auffallen	neg 1.0		neg 0.5744493219213408 off 0.41829735643878296 __DUMMY__ 0.007253321639876135	false	1.0
konkurrenz	neg 1.0		neg 0.5813985576304177 off 0.4113078890540699 __DUMMY__ 0.007293553315512398	false	1.0
teufelskreis	neg 1.0		neg 0.5789054277680573 off 0.41385253079711465 __DUMMY__ 0.007242041434828139	false	1.0
aufschreien	neg 1.0		neg 0.5759651804797524 off 0.4168145172866821 __DUMMY__ 0.007220302233565512	false	1.0
schuldner	neg 1.0		neg 0.5822384208890604 off 0.4105372964813564 __DUMMY__ 0.007224282629583081	false	1.0
missgeburt	off 1.0	off 1.0	off 0.6962881839218511 neg 0.30028945984414135 __DUMMY__ 0.0034223562340075114	false	1.0
arbeitslos	neg 1.0		neg 0.5800755960260362 off 0.41268215688186105 __DUMMY__ 0.007242247092102731	false	1.0
befallen	neg 1.0		neg 0.5819830940118847 off 0.41082792179111727 __DUMMY__ 0.007188984196998071	false	1.0
miesepetrig	off 1.0		neg 0.5700334003747619 off 0.4227099995551214 __DUMMY__ 0.007256600070116662	false	0.5
alarmieren	neg 1.0		neg 0.5729664782547252 off 0.4198329074616047 __DUMMY__ 0.007200614283669895	false	1.0
ungeduscht	off 1.0		neg 0.5731308554664966 off 0.4196204668824792 __DUMMY__ 0.007248677651024369	false	0.5
knappheit	neg 1.0		neg 0.5794330401864631 off 0.4133247281900275 __DUMMY__ 0.0072422316235092885	false	1.0
schlange	neg 1.0		neg 0.573883709569564 off 0.4188330655667157 __DUMMY__ 0.007283224863720249	false	1.0
harsch	neg 1.0		neg 0.5636725202345014 off 0.42909875877047465 __DUMMY__ 0.0072287209950239305	false	1.0
lang	neg 1.0		neg 0.5751503200643372 off 0.4175962460467685 __DUMMY__ 0.007253433888894376	false	1.0
ziellos	neg 1.0		neg 0.5793406834109285 off 0.4133863605454617 __DUMMY__ 0.007272956043609934	false	1.0
selbstverliebt	neg 1.0		neg 0.5628144700704979 off 0.4300634106805261 __DUMMY__ 0.007122119248975952	false	1.0
beseitigen	neg 1.0		neg 0.5735010847479255 off 0.41920612556069653 __DUMMY__ 0.007292789691377924	false	1.0
dumm	off 1.0		neg 0.5659763338046638 off 0.42683686570687324 __DUMMY__ 0.007186800488462811	false	0.5
arbeitsloser	neg 1.0		neg 0.5807793916774523 off 0.4119725830323092 __DUMMY__ 0.007248025290238477	false	1.0
blitzen	neg 1.0		neg 0.573309541310203 off 0.41946255106604685 __DUMMY__ 0.007227907623750204	false	1.0
hilflos	neg 1.0		neg 0.5785542121136322 off 0.4141797639661357 __DUMMY__ 0.007266023920232006	false	1.0
eklig	off 1.0		neg 0.5655823233458199 off 0.42724733000923343 __DUMMY__ 0.007170346644946539	false	0.5
begriff			neg 0.5789857598763858 off 0.41376852281623977 __DUMMY__ 0.007245717307374447	false	0.0
hungersnot	neg 1.0		neg 0.5806820820062666 off 0.4121498524296118 __DUMMY__ 0.007168065564121627	false	1.0
ungesetzlich	neg 1.0		neg 0.5776010008182776 off 0.41523584677832964 __DUMMY__ 0.007163152403392787	false	1.0
verschwendung	neg 1.0		neg 0.5817659550954226 off 0.4109696272707187 __DUMMY__ 0.007264417633858809	false	1.0
schmerzvoll	neg 1.0		neg 0.5748270385292338 off 0.4179140359343046 __DUMMY__ 0.007258925536461705	false	1.0
vorzeitig	neg 1.0		neg 0.5705195931706476 off 0.42224013018191076 __DUMMY__ 0.00724027664744178	false	1.0
unvollkommenheit	neg 1.0		neg 0.576570729098647 off 0.41617983142741816 __DUMMY__ 0.007249439473934857	false	1.0
intervenieren	neg 1.0		neg 0.5833029039081173 off 0.40948672587911067 __DUMMY__ 0.007210370212772066	false	1.0
banause	off 1.0		neg 0.5643918389295768 off 0.42845092557988385 __DUMMY__ 0.007157235490539209	false	0.5
rebell	neg 1.0		neg 0.5814738648945942 off 0.4112398434373987 __DUMMY__ 0.007286291668006983	false	1.0
unlogisch	neg 1.0		neg 0.5693751533452226 off 0.42341969173586574 __DUMMY__ 0.007205154918911721	false	1.0
leiden	neg 1.0	neg 1.0	neg 0.7762391197851088 off 0.22022888058387155 __DUMMY__ 0.0035319996310197487	false	1.0
abschaffung	neg 1.0		neg 0.5772825190295797 off 0.4155077491337877 __DUMMY__ 0.007209731836632586	false	1.0
sturz	neg 1.0		neg 0.5769675742327394 off 0.41583113925701387 __DUMMY__ 0.00720128651024689	false	1.0
verkleinerung	neg 1.0		neg 0.5747602027854379 off 0.4180578875543458 __DUMMY__ 0.007181909660216198	false	1.0
schmarotzer	off 1.0		neg 0.5814553204262609 off 0.4113215710166342 __DUMMY__ 0.007223108557104777	false	0.5
bestrafung	neg 1.0		neg 0.5763285223149571 off 0.4164372907528617 __DUMMY__ 0.007234186932181079	false	1.0
achtlos	neg 1.0		neg 0.5762239969394559 off 0.41649329031403154 __DUMMY__ 0.007282712746512605	false	1.0
ungeheuer	neg 1.0		neg 0.5749425727373522 off 0.41782353201578837 __DUMMY__ 0.007233895246859537	false	1.0
