unsolidarisch	neg 1.0		neg 0.5603347241294279 off 0.39776709096043883 __DUMMY__ 0.04189818491013343	false	1.0
nachteilig	neg 1.0		neg 0.5594485220754962 off 0.39806318554951764 __DUMMY__ 0.042488292374986185	false	1.0
skeptisch	neg 1.0		neg 0.5616255261962902 off 0.39573991911644757 __DUMMY__ 0.042634554687262224	false	1.0
schrecklich	neg 1.0		neg 0.5475578782315722 off 0.410146233794756 __DUMMY__ 0.04229588797367181	false	1.0
schlapp	neg 1.0		neg 0.5501067025990563 off 0.4072769776400589 __DUMMY__ 0.04261631976088486	false	1.0
abfall	neg 1.0		neg 0.5632457929004862 off 0.39407379756492344 __DUMMY__ 0.04268040953459045	false	1.0
widerspenstig	neg 1.0		neg 0.5548712862506133 off 0.4024052612462206 __DUMMY__ 0.04272345250316604	false	1.0
abrupt	neg 1.0		neg 0.5561712594056933 off 0.4010547995769257 __DUMMY__ 0.042773941017380954	false	1.0
unwirksam	neg 1.0		neg 0.55813560761429 off 0.39975572138581933 __DUMMY__ 0.04210867099989074	false	1.0
angreifen	neg 1.0		neg 0.5610936593324372 off 0.3964072165904722 __DUMMY__ 0.04249912407709061	false	1.0
inkonsistent	neg 1.0		neg 0.5545870354627884 off 0.40306979711343305 __DUMMY__ 0.04234316742377853	false	1.0
abrutschen	neg 1.0		neg 0.56236391940659 off 0.3948661490417077 __DUMMY__ 0.04276993155170222	false	1.0
unsicher	neg 1.0		neg 0.5556692381032813 off 0.40172336667623454 __DUMMY__ 0.04260739522048414	false	1.0
bauernkind	off 1.0		neg 0.5462861368645855 off 0.4117994330294336 __DUMMY__ 0.041914430105981025	false	0.5
angreifer	neg 1.0		neg 0.5544292445565444 off 0.4033500796023009 __DUMMY__ 0.0422206758411546	false	1.0
trennen	neg 1.0		neg 0.5584013995362537 off 0.39867309142434415 __DUMMY__ 0.04292550903940219	false	1.0
schmutz	neg 1.0		neg 0.5468111038747908 off 0.41032238188507136 __DUMMY__ 0.04286651424013784	false	1.0
inkonsistenz	neg 1.0	neg 1.0	neg 0.7650742824872707 off 0.21471543859451653 __DUMMY__ 0.020210278918212747	false	1.0
erschreckend	neg 1.0		neg 0.5583606450531188 off 0.39918599595468685 __DUMMY__ 0.04245335899219426	false	1.0
ertrinken	neg 1.0		neg 0.5583832176614446 off 0.39886579608337913 __DUMMY__ 0.04275098625517626	false	1.0
pickelface	off 1.0		neg 0.556166056306368 off 0.40148510889283817 __DUMMY__ 0.04234883480079393	false	0.5
seiner			neg 0.5604971002613905 off 0.39690304039780705 __DUMMY__ 0.04259985934080241	false	0.0
lauch	neg 1.0		neg 0.5615161189481769 off 0.3958178153131721 __DUMMY__ 0.04266606573865112	false	1.0
unwichtig	neg 1.0		neg 0.5521446449731482 off 0.40548870460273656 __DUMMY__ 0.042366650424115186	false	1.0
steuerhinterziehung	neg 1.0		neg 0.5597394374397897 off 0.39811540296944953 __DUMMY__ 0.042145159590760824	false	1.0
schock	neg 1.0		neg 0.556018954354965 off 0.4011809793822877 __DUMMY__ 0.04280006626274736	false	1.0
beule	neg 1.0		neg 0.5487440273585721 off 0.4086805693655724 __DUMMY__ 0.04257540327585539	false	1.0
vergelten	neg 1.0		neg 0.5476110218112095 off 0.4103358900755088 __DUMMY__ 0.04205308811328163	false	1.0
verdorbenheit	neg 1.0		neg 0.5524976364630086 off 0.4047603261129594 __DUMMY__ 0.04274203742403184	false	1.0
trauma	neg 1.0		neg 0.5543537600453088 off 0.4031791398194897 __DUMMY__ 0.04246710013520156	false	1.0
sinnlos	neg 1.0		neg 0.5541485371007049 off 0.40338229032799533 __DUMMY__ 0.042469172571299736	false	1.0
fettsack	off 1.0	off 1.0	off 0.6889801768799504 neg 0.2909170945693108 __DUMMY__ 0.02010272855073878	false	1.0
feige	off 1.0		neg 0.5536081141147992 off 0.4041566962672828 __DUMMY__ 0.042235189617918	false	0.5
abdanken	neg 1.0		neg 0.561012944958719 off 0.39701425151316055 __DUMMY__ 0.041972803528120356	false	1.0
wichtigtuer	off 1.0	off 1.0	off 0.683785031624614 neg 0.2960035211462106 __DUMMY__ 0.020211447229175394	false	1.0
misslingen	neg 1.0		neg 0.5517434210007133 off 0.4055158909178049 __DUMMY__ 0.04274068808148187	false	1.0
untreu	off 1.0		neg 0.5509075968670814 off 0.40669483828396924 __DUMMY__ 0.04239756484894948	false	0.5
missmutig	neg 1.0		neg 0.5511133994795692 off 0.4063004814681452 __DUMMY__ 0.042586119052285716	false	1.0
hurenbock	off 1.0		neg 0.5518124188753498 off 0.4053938611522875 __DUMMY__ 0.042793719972362844	false	0.5
betrunken	neg 1.0		neg 0.5482755647289901 off 0.409227398524834 __DUMMY__ 0.042497036746176	false	1.0
korrupt	off 1.0		neg 0.561968458591289 off 0.3959411130581521 __DUMMY__ 0.04209042835055906	false	0.5
unmut	neg 1.0		neg 0.5628669722019322 off 0.3945293480635379 __DUMMY__ 0.04260367973452999	false	1.0
hackfresse	off 1.0		neg 0.5444031082411209 off 0.41342426182884107 __DUMMY__ 0.042172629930038	false	0.5
aufblasen	neg 1.0		neg 0.5533184192615048 off 0.4039953579093538 __DUMMY__ 0.04268622282914129	false	1.0
gewaltsam	neg 1.0		neg 0.557160419342176 off 0.4006465832327825 __DUMMY__ 0.04219299742504148	false	1.0
unbeliebtheit	neg 1.0		neg 0.5547852694440156 off 0.4035395826819827 __DUMMY__ 0.041675147874001756	false	1.0
sturheit	neg 1.0		neg 0.5596696063061656 off 0.3980618783119371 __DUMMY__ 0.04226851538189722	false	1.0
kuh	neg 1.0		neg 0.5556626483785826 off 0.40204415986491643 __DUMMY__ 0.042293191756501064	false	1.0
erschrecken	neg 1.0		neg 0.5517071756931737 off 0.405735448960759 __DUMMY__ 0.04255737534606703	false	1.0
opfer	neg 1.0	neg 1.0	neg 0.7682082852389218 off 0.21143677030953784 __DUMMY__ 0.02035494445154039	false	1.0
sinken	neg 1.0		neg 0.5616351302998862 off 0.3957300135870816 __DUMMY__ 0.04263485611303222	false	1.0
stinktier	neg 1.0		neg 0.5484261742062397 off 0.4094705193473361 __DUMMY__ 0.04210330644642411	false	1.0
tucke	off 1.0		neg 0.5429279564009176 off 0.4148184460609953 __DUMMY__ 0.04225359753808705	false	0.5
ein			neg 0.5530101001368372 off 0.40415874864116946 __DUMMY__ 0.04283115122199339	false	0.0
abstieg	neg 1.0		neg 0.5595077398031065 off 0.39815875702382475 __DUMMY__ 0.04233350317306871	false	1.0
missverstehen	neg 1.0		neg 0.5558179991840178 off 0.4019053414371222 __DUMMY__ 0.04227665937886009	false	1.0
ergebnislos	neg 1.0		neg 0.5591822158950954 off 0.3983761758705766 __DUMMY__ 0.04244160823432793	false	1.0
unter			neg 0.563520829018729 off 0.39331863327895883 __DUMMY__ 0.043160537702311985	false	0.0
manipulieren	neg 1.0		neg 0.5614214176768012 off 0.3960881974275277 __DUMMY__ 0.04249038489567117	false	1.0
unbewiesen	neg 1.0		neg 0.5609948764485206 off 0.3971530227850064 __DUMMY__ 0.04185210076647314	false	1.0
verschleppen	neg 1.0		neg 0.5599755824493259 off 0.39764801338529804 __DUMMY__ 0.042376404165376066	false	1.0
weib	off 1.0		neg 0.5438035811214242 off 0.4141444937909583 __DUMMY__ 0.04205192508761753	false	0.5
opposition	neg 1.0		neg 0.5571757016509448 off 0.40074691935499346 __DUMMY__ 0.042077378994061804	false	1.0
verkehrswidrig	neg 1.0		neg 0.544939094339692 off 0.4126918002902944 __DUMMY__ 0.0423691053700135	false	1.0
inkorrekt	neg 1.0		neg 0.5542597025688317 off 0.4038157454537838 __DUMMY__ 0.04192455197738456	false	1.0
vermeiden	neg 1.0		neg 0.562663516939521 off 0.39442501905870353 __DUMMY__ 0.04291146400177561	false	1.0
abweichung	neg 1.0		neg 0.5621459594305623 off 0.3957610520291233 __DUMMY__ 0.04209298854031431	false	1.0
alkoholisiert	neg 1.0		neg 0.5575759246469935 off 0.39977985100963703 __DUMMY__ 0.04264422434336945	false	1.0
scheiss	off 1.0	off 1.0	off 0.6873225109396162 neg 0.29239093568827057 __DUMMY__ 0.02028655337211327	false	1.0
herausforderung	neg 1.0		neg 0.5552880640298168 off 0.40173747341729227 __DUMMY__ 0.042974462552891	false	1.0
pervers	off 1.0		neg 0.5408652214611868 off 0.41712586522974804 __DUMMY__ 0.04200891330906503	false	0.5
wackelig	neg 1.0		neg 0.5553624594575453 off 0.4016680344444031 __DUMMY__ 0.04296950609805165	false	1.0
verwickeln	neg 1.0		neg 0.5551731931648779 off 0.4024322311642078 __DUMMY__ 0.04239457567091416	false	1.0
vorwand	neg 1.0		neg 0.5625918578082721 off 0.39489097741662305 __DUMMY__ 0.042517164775104754	false	1.0
muschi	off 1.0		neg 0.5569085877574246 off 0.40076110303367724 __DUMMY__ 0.042330309208898076	false	0.5
entmutigung	neg 1.0		neg 0.5599659120790416 off 0.3983942034118653 __DUMMY__ 0.04163988450909327	false	1.0
unangemessen	neg 1.0		neg 0.5609358807082933 off 0.39679286412824577 __DUMMY__ 0.04227125516346099	false	1.0
unstetig	neg 1.0		neg 0.5534854927343428 off 0.404252592224447 __DUMMY__ 0.04226191504121023	false	1.0
entmutigen	neg 1.0		neg 0.5547078612395657 off 0.40273994833155735 __DUMMY__ 0.042552190428876875	false	1.0
schwanz	neg 1.0		neg 0.55788433058888 off 0.3995841726629914 __DUMMY__ 0.042531496748128575	false	1.0
verbot	neg 1.0		neg 0.5605538052378248 off 0.3972720111801464 __DUMMY__ 0.04217418358202875	false	1.0
leid	neg 1.0		neg 0.5460617726303925 off 0.41169751774444463 __DUMMY__ 0.042240709625162826	false	1.0
archaisch	neg 1.0		neg 0.5599874002299474 off 0.3976994350898685 __DUMMY__ 0.042313164680184125	false	1.0
gegen			neg 0.562565467316343 off 0.3949825124125763 __DUMMY__ 0.042452020271080526	false	0.0
scheidung	neg 1.0	neg 1.0	neg 0.7531143189950981 off 0.22681383186657264 __DUMMY__ 0.020071849138329316	false	1.0
einschlag	neg 1.0		neg 0.546629729481832 off 0.4111332881393071 __DUMMY__ 0.042236982378860984	false	1.0
m			neg 0.5563243819035846 off 0.4010031848721541 __DUMMY__ 0.04267243322426139	false	0.0
abgestanden	neg 1.0		neg 0.5549224733492348 off 0.4024363326466819 __DUMMY__ 0.04264119400408329	false	1.0
schmierig	off 1.0		neg 0.5464092682770423 off 0.4112301608250979 __DUMMY__ 0.04236057089785975	false	0.5
unpraktisch	neg 1.0		neg 0.5530186594046662 off 0.40425585783385337 __DUMMY__ 0.04272548276148046	false	1.0
wixxer	off 1.0		neg 0.5418514083163863 off 0.41628364500580406 __DUMMY__ 0.04186494667780954	false	0.5
bezeichnet			neg 0.5585179636794366 off 0.39915002469992034 __DUMMY__ 0.04233201162064314	false	0.0
jammerlappen	off 1.0		neg 0.5517665191710956 off 0.40581947505566845 __DUMMY__ 0.042414005773235924	false	0.5
farce	neg 1.0		neg 0.5625984697440992 off 0.39552976690285235 __DUMMY__ 0.041871763353048465	false	1.0
zwecklos	neg 1.0		neg 0.560457856934094 off 0.397162994574787 __DUMMY__ 0.04237914849111902	false	1.0
turbulent	neg 1.0		neg 0.5487867931388258 off 0.4090370220254884 __DUMMY__ 0.04217618483568572	false	1.0
invasion	neg 1.0		neg 0.5517935631231814 off 0.40563432862559556 __DUMMY__ 0.042572108251223	false	1.0
schuld	neg 1.0		neg 0.5560113355467361 off 0.4015579715112155 __DUMMY__ 0.04243069294204835	false	1.0
risiko	neg 1.0		neg 0.5506584868090952 off 0.40666228817888367 __DUMMY__ 0.042679225012021024	false	1.0
finster	neg 1.0		neg 0.5540079261059707 off 0.40327091938046095 __DUMMY__ 0.04272115451356827	false	1.0
geisteskrank	off 1.0		neg 0.5524280705592762 off 0.4054858184655494 __DUMMY__ 0.042086110975174465	false	0.5
zusammenbrechen	neg 1.0		neg 0.5568611827107905 off 0.4004771214923396 __DUMMY__ 0.042661695796869833	false	1.0
ausbeute	neg 1.0		neg 0.5568401462410232 off 0.4003547528722288 __DUMMY__ 0.04280510088674788	false	1.0
hinterhalt	neg 1.0		neg 0.5549445948472308 off 0.40258951819926614 __DUMMY__ 0.042465886953503035	false	1.0
kritik	neg 1.0		neg 0.5616966247379581 off 0.3963183939034734 __DUMMY__ 0.041984981358568554	false	1.0
einschrumpfen	neg 1.0		neg 0.5549619006098301 off 0.40298992704315706 __DUMMY__ 0.04204817234701291	false	1.0
riskant	neg 1.0		neg 0.5600134201493364 off 0.3973822481747016 __DUMMY__ 0.042604331675961955	false	1.0
frustrieren	neg 1.0		neg 0.5608572449012185 off 0.39662877970988764 __DUMMY__ 0.042513975388893836	false	1.0
groll	neg 1.0		neg 0.5600455586218603 off 0.3975546533952104 __DUMMY__ 0.04239978798292922	false	1.0
gibt			neg 0.5585460279017358 off 0.39893276299295 __DUMMY__ 0.04252120910531427	false	0.0
qualvoll	neg 1.0		neg 0.5527987576631265 off 0.404611148396478 __DUMMY__ 0.04259009394039546	false	1.0
wackeln	neg 1.0		neg 0.5527529290374685 off 0.4044113179408601 __DUMMY__ 0.04283575302167157	false	1.0
klagen	neg 1.0		neg 0.563009735005847 off 0.3945168868212014 __DUMMY__ 0.04247337817295162	false	1.0
bankrott	neg 1.0		neg 0.550182007438549 off 0.4072858362390805 __DUMMY__ 0.04253215632237045	false	1.0
trauern	neg 1.0		neg 0.5596534203655401 off 0.3977421760760482 __DUMMY__ 0.04260440355841155	false	1.0
ablehnung	neg 1.0	neg 1.0	neg 0.7687916737535925 off 0.21110468263943574 __DUMMY__ 0.020103643606971745	false	1.0
stur	neg 1.0		neg 0.5552888118699573 off 0.402250171041038 __DUMMY__ 0.042461017089004606	false	1.0
aufruhr	neg 1.0		neg 0.5584211769113323 off 0.399457769080257 __DUMMY__ 0.04212105400841084	false	1.0
melancholie	neg 1.0		neg 0.5565526101637297 off 0.4006359986299963 __DUMMY__ 0.04281139120627395	false	1.0
ist			neg 0.5553683977069411 off 0.4022068902761212 __DUMMY__ 0.04242471201693777	false	0.0
torheit	neg 1.0		neg 0.5592685852078413 off 0.39878135118835883 __DUMMY__ 0.0419500636038	false	1.0
dreckskind	off 1.0		neg 0.5484764819814829 off 0.40970801794312095 __DUMMY__ 0.04181550007539606	false	0.5
umtauschen	neg 1.0		neg 0.5552337387859826 off 0.40207919502372774 __DUMMY__ 0.04268706619028956	false	1.0
zum			neg 0.5597125746459143 off 0.39709909812782274 __DUMMY__ 0.043188327226262965	false	0.0
zersetzen	neg 1.0		neg 0.5620603847334801 off 0.39545313264130294 __DUMMY__ 0.04248648262521695	false	1.0
zur			neg 0.5638355988925725 off 0.3934478959316624 __DUMMY__ 0.04271650517576503	false	0.0
frust	neg 1.0		neg 0.5576236138639186 off 0.3997688644093637 __DUMMY__ 0.04260752172671781	false	1.0
unerbittlichkeit	neg 1.0		neg 0.5616901912434805 off 0.39589899547713986 __DUMMY__ 0.04241081327937956	false	1.0
zwei			neg 0.5593518846071848 off 0.3976518096141479 __DUMMY__ 0.04299630577866729	false	0.0
unkorrekt	neg 1.0		neg 0.5521391401847288 off 0.40580473033138764 __DUMMY__ 0.04205612948388362	false	1.0
hexe	off 1.0		neg 0.5505083762958594 off 0.40705669390889987 __DUMMY__ 0.042434929795240765	false	0.5
lasch	neg 1.0		neg 0.5546150205288781 off 0.40313599494372343 __DUMMY__ 0.042248984527398524	false	1.0
rivale	neg 1.0		neg 0.548208742816269 off 0.4096493395196516 __DUMMY__ 0.0421419176640793	false	1.0
mutlos	off 1.0	off 1.0	off 0.6806989548061523 neg 0.2990840118397632 __DUMMY__ 0.02021703335408443	false	1.0
wirr	off 1.0		neg 0.5501509286536728 off 0.4077857971480784 __DUMMY__ 0.042063274198248964	false	0.5
jahr			neg 0.5578570703606825 off 0.39928865979434713 __DUMMY__ 0.042854269844970254	false	0.0
wird			neg 0.5595989153701934 off 0.3978305292265982 __DUMMY__ 0.04257055540320865	false	0.0
strafbar	neg 1.0		neg 0.562233003694379 off 0.3954760015069978 __DUMMY__ 0.04229099479862322	false	1.0
erosion	neg 1.0		neg 0.5529332664495918 off 0.40440385790305405 __DUMMY__ 0.04266287564735414	false	1.0
eingehen	neg 1.0		neg 0.5604364436970667 off 0.3971316563141968 __DUMMY__ 0.042431899988736574	false	1.0
faul	off 1.0		neg 0.5498077074914682 off 0.40751796904176024 __DUMMY__ 0.042674323466771455	false	0.5
provisorium	neg 1.0		neg 0.565317032365639 off 0.39166668186093123 __DUMMY__ 0.043016285773429724	false	1.0
schmerzen	neg 1.0		neg 0.5562927357713854 off 0.4010417921090806 __DUMMY__ 0.04266547211953405	false	1.0
schrumpfen	neg 1.0		neg 0.5636747738384664 off 0.3935388793788527 __DUMMY__ 0.04278634678268097	false	1.0
geistlos	off 1.0		neg 0.5581334553972366 off 0.3999933407721267 __DUMMY__ 0.041873203830636835	false	0.5
fehlkauf	neg 1.0		neg 0.5539233200541264 off 0.4037360188832441 __DUMMY__ 0.0423406610626294	false	1.0
frustrierend	neg 1.0	neg 1.0	neg 0.7640990297943305 off 0.21557124773602535 __DUMMY__ 0.02032972246964406	false	1.0
unzufrieden	neg 1.0		neg 0.5595250548236155 off 0.39798931208317095 __DUMMY__ 0.04248563309321365	false	1.0
verzweifeln	neg 1.0		neg 0.5565966756385601 off 0.4008172227755767 __DUMMY__ 0.04258610158586325	false	1.0
verzweifelt	neg 1.0		neg 0.5552557567403635 off 0.4022659048318259 __DUMMY__ 0.04247833842781057	false	1.0
misstrauensantrag	neg 1.0		neg 0.5547959961647466 off 0.4029665612852569 __DUMMY__ 0.042237442549996465	false	1.0
abfallen	neg 1.0		neg 0.5523964081978782 off 0.4047433574600263 __DUMMY__ 0.04286023434209554	false	1.0
fucker	off 1.0		neg 0.5491510044299279 off 0.4086341721059642 __DUMMY__ 0.042214823464107966	false	0.5
ungezogen	neg 1.0		neg 0.5424596636545335 off 0.4153637519745824 __DUMMY__ 0.042176584370884146	false	1.0
irrsinnig	neg 1.0	neg 1.0	neg 0.7664014896296458 off 0.21333835017643837 __DUMMY__ 0.02026016019391585	false	1.0
unfassbar	neg 1.0		neg 0.5513566304819872 off 0.4062530721579864 __DUMMY__ 0.04239029736002634	false	1.0
hart	neg 1.0		neg 0.552132525132791 off 0.4056351406401392 __DUMMY__ 0.04223233422706984	false	1.0
widerlich	off 1.0		neg 0.5514083741200032 off 0.4063367285473778 __DUMMY__ 0.04225489733261904	false	0.5
fatal	neg 1.0		neg 0.5537674435534325 off 0.403853172233025 __DUMMY__ 0.042379384213542495	false	1.0
bruch	neg 1.0		neg 0.5646972628815581 off 0.39295914703592505 __DUMMY__ 0.04234359008251686	false	1.0
aushungern	neg 1.0		neg 0.5587430514620115 off 0.39911911823398294 __DUMMY__ 0.042137830304005676	false	1.0
anspannung	neg 1.0		neg 0.5616153235827819 off 0.39553663780492515 __DUMMY__ 0.042848038612292826	false	1.0
von			neg 0.5588053152665163 off 0.39832584132218846 __DUMMY__ 0.04286884341129529	false	0.0
kraftlos	neg 1.0		neg 0.556655218368983 off 0.40047604500903333 __DUMMY__ 0.04286873662198374	false	1.0
vom			neg 0.5630053958910973 off 0.3938735400426063 __DUMMY__ 0.043121064066296316	false	0.0
grenzdebil	off 1.0		neg 0.5493631811544945 off 0.408171625784039 __DUMMY__ 0.042465193061466504	false	0.5
vor			neg 0.5609125949417351 off 0.39630410984273745 __DUMMY__ 0.04278329521552755	false	0.0
unterwerfen	neg 1.0		neg 0.5608720264908641 off 0.3967048217266061 __DUMMY__ 0.04242315178252981	false	1.0
versenkung	neg 1.0		neg 0.5604764402197988 off 0.3969788012869937 __DUMMY__ 0.042544758493207484	false	1.0
entziehen	neg 1.0		neg 0.5631180079980393 off 0.39434585695858226 __DUMMY__ 0.04253613504337839	false	1.0
finanzkrise	neg 1.0		neg 0.5596365226995116 off 0.3982886507635352 __DUMMY__ 0.04207482653695334	false	1.0
schimpfend	neg 1.0		neg 0.5507305821200452 off 0.40633274386037754 __DUMMY__ 0.04293667401957722	false	1.0
profan	neg 1.0		neg 0.5542241497513366 off 0.4033131484868403 __DUMMY__ 0.04246270176182313	false	1.0
korruption	neg 1.0		neg 0.5615261688814193 off 0.3963512638572254 __DUMMY__ 0.04212256726135516	false	1.0
â			neg 0.5575002754401728 off 0.3998433456079783 __DUMMY__ 0.042656378951848886	false	0.0
schmutzig	neg 1.0		neg 0.5484133504092694 off 0.40893451825452576 __DUMMY__ 0.0426521313362049	false	1.0
sexy	neg 1.0		neg 0.5514061857383944 off 0.4061255401113003 __DUMMY__ 0.04246827415030528	false	1.0
abraten	neg 1.0		neg 0.5538310509501125 off 0.4035442383990808 __DUMMY__ 0.042624710650806655	false	1.0
schwarz	neg 1.0		neg 0.5545134560693858 off 0.4030728110460776 __DUMMY__ 0.042413732884536454	false	1.0
fotze	off 1.0		neg 0.5586059649941169 off 0.3990068470167076 __DUMMY__ 0.042387187989175575	false	0.5
verwirren	neg 1.0		neg 0.5531663720622533 off 0.40436239797595036 __DUMMY__ 0.0424712299617964	false	1.0
zahnlos	off 1.0		neg 0.5600797703180961 off 0.39754796960815003 __DUMMY__ 0.042372260073753915	false	0.5
verheeren	neg 1.0		neg 0.5425436914320189 off 0.4155985029755957 __DUMMY__ 0.041857805592385555	false	1.0
hippie	neg 1.0		neg 0.5519987931248428 off 0.4055710456804297 __DUMMY__ 0.04243016119472747	false	1.0
rammen	neg 1.0		neg 0.5523537770016347 off 0.4051143494925054 __DUMMY__ 0.04253187350585991	false	1.0
unlauter	neg 1.0	neg 1.0	neg 0.7655383878784153 off 0.21425712579493475 __DUMMY__ 0.020204486326649996	false	1.0
unheilvoll	neg 1.0		neg 0.5531296786141578 off 0.4042761234216515 __DUMMY__ 0.042594197964190755	false	1.0
niedrig	neg 1.0		neg 0.5594706050515833 off 0.39806264657719964 __DUMMY__ 0.042466748371217174	false	1.0
explosion	neg 1.0		neg 0.5517165142393755 off 0.4057471319913468 __DUMMY__ 0.04253635376927774	false	1.0
weichei	off 1.0		neg 0.5456505048810373 off 0.41216126553055593 __DUMMY__ 0.04218822958840691	false	0.5
minusmensch	off 1.0		neg 0.543958761495429 off 0.4143196541986055 __DUMMY__ 0.041721584305965516	false	0.5
farblos	neg 1.0		neg 0.5554055586079799 off 0.4021774636871726 __DUMMY__ 0.0424169777048475	false	1.0
unwissend	neg 1.0	neg 1.0	neg 0.7640120076763729 off 0.21577045512097123 __DUMMY__ 0.020217537202655893	false	1.0
traurig	neg 1.0		neg 0.5477773339264309 off 0.4098064323079855 __DUMMY__ 0.0424162337655837	false	1.0
senkung	neg 1.0		neg 0.5535360090098949 off 0.40413367202244826 __DUMMY__ 0.04233031896765674	false	1.0
ungleich	neg 1.0	neg 1.0	neg 0.7691765945348333 off 0.2105713354677881 __DUMMY__ 0.020252069997378545	false	1.0
heikel	neg 1.0		neg 0.5617048630927352 off 0.3957589094169753 __DUMMY__ 0.042536227490289506	false	1.0
drosselung	neg 1.0		neg 0.5467674495526169 off 0.4107671786288139 __DUMMY__ 0.042465371818569284	false	1.0
falsch	neg 1.0		neg 0.5524498806695884 off 0.405136217789604 __DUMMY__ 0.042413901540807514	false	1.0
unzufriedenheit	neg 1.0		neg 0.5623159497043627 off 0.39519671329550476 __DUMMY__ 0.04248733700013254	false	1.0
kurz	neg 1.0		neg 0.5556608560073875 off 0.4015152066872057 __DUMMY__ 0.04282393730540677	false	1.0
unsinnig	neg 1.0		neg 0.5592462602855025 off 0.3983071865032702 __DUMMY__ 0.04244655321122739	false	1.0
penner	off 1.0	off 1.0	off 0.6905404907477217 neg 0.28928120945668756 __DUMMY__ 0.020178299795590767	false	1.0
seicht	neg 1.0		neg 0.5451163084113493 off 0.41297485135831685 __DUMMY__ 0.04190884023033386	false	1.0
dummheit	off 1.0	off 1.0	off 0.6841276519877163 neg 0.2956745866951038 __DUMMY__ 0.020197761317179864	false	1.0
unerfreulich	neg 1.0		neg 0.561776090666369 off 0.39560915950740516 __DUMMY__ 0.042614749826225734	false	1.0
motherfucker	off 1.0	off 1.0	off 0.6875337343139051 neg 0.2922842225165909 __DUMMY__ 0.020182043169504105	false	1.0
pikiert	neg 1.0		neg 0.5525834974782854 off 0.4051240871909237 __DUMMY__ 0.04229241533079092	false	1.0
wrack	neg 1.0		neg 0.5566357654629593 off 0.40065661633171684 __DUMMY__ 0.04270761820532393	false	1.0
gangster	neg 1.0		neg 0.5529131917113158 off 0.4046521729194966 __DUMMY__ 0.0424346353691875	false	1.0
krank	neg 1.0		neg 0.5485105606906963 off 0.4089070625283482 __DUMMY__ 0.042582376780955555	false	1.0
reich	neg 1.0		neg 0.5553862386815138 off 0.4028493690259869 __DUMMY__ 0.04176439229249932	false	1.0
gnadenlos	neg 1.0		neg 0.555407484061157 off 0.4021106150971101 __DUMMY__ 0.042481900841732846	false	1.0
niedergeschlagen	neg 1.0		neg 0.5571877488412491 off 0.4002000179331134 __DUMMY__ 0.04261223322563764	false	1.0
terrorisieren	off 1.0	off 1.0	off 0.6816456209552672 neg 0.2979778101271346 __DUMMY__ 0.020376568917598172	false	1.0
sinnlosigkeit	neg 1.0		neg 0.559868403884313 off 0.3977383869300049 __DUMMY__ 0.0423932091856821	false	1.0
behindern	neg 1.0		neg 0.5549198581596797 off 0.40240962962836796 __DUMMY__ 0.042670512211952324	false	1.0
undemokratisch	neg 1.0		neg 0.5582517740196896 off 0.39972225813746254 __DUMMY__ 0.04202596784284793	false	1.0
wirtschaftskrise	neg 1.0		neg 0.5605604434919685 off 0.39719587670493545 __DUMMY__ 0.04224367980309607	false	1.0
neid	neg 1.0		neg 0.5512213739199874 off 0.4061583965632235 __DUMMY__ 0.04262022951678915	false	1.0
rutschen	neg 1.0		neg 0.5593104800070094 off 0.3974747345538348 __DUMMY__ 0.04321478543915571	false	1.0
rezession	neg 1.0		neg 0.5494109044980442 off 0.4086812964839454 __DUMMY__ 0.04190779901801047	false	1.0
fehlgeburt	neg 1.0		neg 0.5557716498869463 off 0.40178669206959433 __DUMMY__ 0.04244165804345933	false	1.0
charakterschwach	off 1.0		neg 0.5514515180855242 off 0.40627515719954443 __DUMMY__ 0.04227332471493152	false	0.5
isolation	neg 1.0		neg 0.5503066096818906 off 0.4072355565934656 __DUMMY__ 0.042457833724643776	false	1.0
ablenkung	neg 1.0		neg 0.5549322051210175 off 0.4024263906102016 __DUMMY__ 0.042641404268781	false	1.0
pech	neg 1.0		neg 0.5528906161192524 off 0.4046376087512237 __DUMMY__ 0.042471775129523964	false	1.0
vermeidung	neg 1.0		neg 0.5478964008708509 off 0.40959327873180307 __DUMMY__ 0.04251032039734608	false	1.0
dominieren	neg 1.0		neg 0.5576670511728025 off 0.3998456478676483 __DUMMY__ 0.042487300959549376	false	1.0
schwindlig	neg 1.0		neg 0.5513219428412144 off 0.4059707909575193 __DUMMY__ 0.0427072662012663	false	1.0
lutscher	neg 1.0		neg 0.543772090467987 off 0.41428714448037285 __DUMMY__ 0.04194076505164016	false	1.0
pflicht	neg 1.0		neg 0.562181632031743 off 0.39531319248979413 __DUMMY__ 0.04250517547846289	false	1.0
faschist	off 1.0		neg 0.5574213330417845 off 0.4005921321867154 __DUMMY__ 0.04198653477150012	false	0.5
verschleudern	neg 1.0		neg 0.560891373690782 off 0.39681886456511734 __DUMMY__ 0.04228976174410061	false	1.0
wenn			neg 0.5521075148960413 off 0.4054364424501629 __DUMMY__ 0.04245604265379583	false	0.0
ehebruch	neg 1.0		neg 0.5611104643876529 off 0.3965545680142746 __DUMMY__ 0.042334967598072426	false	1.0
spott	off 1.0		neg 0.5617345350777573 off 0.3959125048366904 __DUMMY__ 0.04235296008555238	false	0.5
trostlosigkeit	neg 1.0		neg 0.564495711974895 off 0.3933132743604495 __DUMMY__ 0.04219101366465546	false	1.0
lutschen	neg 1.0		neg 0.5527120805510471 off 0.40506156076928185 __DUMMY__ 0.04222635867967106	false	1.0
undiszipliniert	neg 1.0		neg 0.5489138482966163 off 0.40872461131108057 __DUMMY__ 0.04236154039230304	false	1.0
kopfschmerz	neg 1.0		neg 0.5566831311269972 off 0.40078452617594407 __DUMMY__ 0.04253234269705878	false	1.0
unvorhergesehen	neg 1.0		neg 0.5554528811965099 off 0.40166889669532974 __DUMMY__ 0.042878222108160245	false	1.0
desinteressiert	neg 1.0		neg 0.5502276787583326 off 0.40752351705648193 __DUMMY__ 0.04224880418518547	false	1.0
armselig	off 1.0		neg 0.5497784481773395 off 0.40805968620142336 __DUMMY__ 0.04216186562123713	false	0.5
desaster	neg 1.0		neg 0.5647981126139051 off 0.39282599771253784 __DUMMY__ 0.042375889673557224	false	1.0
tod	neg 1.0		neg 0.5621318027789086 off 0.39564272565275327 __DUMMY__ 0.042225471568338044	false	1.0
herzlos	neg 1.0		neg 0.5472701286679609 off 0.4103541195952938 __DUMMY__ 0.04237575173674546	false	1.0
unwissenheit	neg 1.0		neg 0.5607063836652268 off 0.39699536782522793 __DUMMY__ 0.042298248509545146	false	1.0
widersinnig	neg 1.0		neg 0.5611347992434974 off 0.39680582095584677 __DUMMY__ 0.042059379800655716	false	1.0
bedenklich	neg 1.0		neg 0.5608146254539219 off 0.39668757268161936 __DUMMY__ 0.04249780186445869	false	1.0
beanstanden	neg 1.0		neg 0.5623167018174803 off 0.3951467413160186 __DUMMY__ 0.042536556866501214	false	1.0
panisch	neg 1.0	neg 1.0	neg 0.7632910495590689 off 0.2161697100577895 __DUMMY__ 0.02053924038314156	false	1.0
debil	off 1.0		neg 0.5647069950175232 off 0.3926674556879534 __DUMMY__ 0.042625549294523446	false	0.5
abstrich	neg 1.0		neg 0.5533302224290231 off 0.40388583349125284 __DUMMY__ 0.04278394407972405	false	1.0
primitiv	neg 1.0		neg 0.550950504284926 off 0.4068190189701044 __DUMMY__ 0.04223047674496968	false	1.0
abschaum	off 1.0	off 1.0	off 0.6854115336178005 neg 0.29442775502592883 __DUMMY__ 0.020160711356270688	false	1.0
provozieren	neg 1.0		neg 0.5573578291671455 off 0.4003128479427912 __DUMMY__ 0.04232932289006331	false	1.0
tot	neg 1.0		neg 0.5581922069296803 off 0.3994411691258953 __DUMMY__ 0.042366623944424524	false	1.0
instabil	neg 1.0		neg 0.5498058365142596 off 0.4082132932098866 __DUMMY__ 0.04198087027585378	false	1.0
schwuchtel	off 1.0		neg 0.5399204963455639 off 0.4184286077168721 __DUMMY__ 0.041650895937563895	false	0.5
zerren	neg 1.0		neg 0.5571068776698346 off 0.40025418173163707 __DUMMY__ 0.04263894059852825	false	1.0
kinderficker	off 1.0		neg 0.5478828923545404 off 0.41006442023913076 __DUMMY__ 0.04205268740632901	false	0.5
gefahr	neg 1.0		neg 0.561013686381498 off 0.39660199890675174 __DUMMY__ 0.042384314711750304	false	1.0
rabiat	neg 1.0		neg 0.5563625637133769 off 0.4011445310097805 __DUMMY__ 0.042492905276842685	false	1.0
verlangsamung	neg 1.0		neg 0.5456961581079073 off 0.41242256564378565 __DUMMY__ 0.041881276248306995	false	1.0
ausgestorben	neg 1.0		neg 0.5572771434771135 off 0.4001211395115803 __DUMMY__ 0.04260171701130622	false	1.0
anklagen	neg 1.0		neg 0.5584832644693706 off 0.3992397912382478 __DUMMY__ 0.042276944292381616	false	1.0
trott	neg 1.0		neg 0.5553881039820022 off 0.40201723017757485 __DUMMY__ 0.04259466584042287	false	1.0
verminderung	neg 1.0		neg 0.548294651590313 off 0.4093621451973788 __DUMMY__ 0.042343203212308195	false	1.0
nach			neg 0.5612197941286673 off 0.39576357895075187 __DUMMY__ 0.04301662692058098	false	0.0
rost	neg 1.0		neg 0.5436852906459907 off 0.41424193321421193 __DUMMY__ 0.04207277613979738	false	1.0
destruktiv	neg 1.0		neg 0.5593438435063082 off 0.3983994305654068 __DUMMY__ 0.04225672592828511	false	1.0
unzumutbarkeit	neg 1.0		neg 0.5482872007814912 off 0.4092599628441848 __DUMMY__ 0.04245283637432387	false	1.0
labil	off 1.0	off 1.0	off 0.6863414627353448 neg 0.2934638308184513 __DUMMY__ 0.020194706446203924	false	1.0
ziemlich	neg 1.0		neg 0.5502672407044507 off 0.40729987370623516 __DUMMY__ 0.04243288558931408	false	1.0
lachnummer	off 1.0		neg 0.5590891711824234 off 0.3986253698081021 __DUMMY__ 0.042285459009474426	false	0.5
oder			neg 0.5549368316097049 off 0.40237706731445044 __DUMMY__ 0.042686101075844606	false	0.0
verfall	neg 1.0		neg 0.5649232162372866 off 0.3924392848756284 __DUMMY__ 0.04263749888708494	false	1.0
ausgrenzung	neg 1.0		neg 0.557395623347372 off 0.40057495190062703 __DUMMY__ 0.04202942475200089	false	1.0
unordnung	neg 1.0		neg 0.5479933694676237 off 0.40991932802575637 __DUMMY__ 0.042087302506620024	false	1.0
fehlverhalten	neg 1.0		neg 0.5618414705811287 off 0.3957802563187051 __DUMMY__ 0.04237827310016636	false	1.0
eine			neg 0.5611361795531234 off 0.39615104848344973 __DUMMY__ 0.04271277196342673	false	0.0
nille	neg 1.0		neg 0.5577751891011306 off 0.39996128356757565 __DUMMY__ 0.042263527331293696	false	1.0
qual	neg 1.0		neg 0.5556645788656388 off 0.4017634270060833 __DUMMY__ 0.042571994128277904	false	1.0
verschwenden	neg 1.0		neg 0.5603043555057893 off 0.3971508071857796 __DUMMY__ 0.04254483730843104	false	1.0
riesig	neg 1.0		neg 0.5567971292091815 off 0.4006590895688445 __DUMMY__ 0.042543781221974115	false	1.0
verurteilen	neg 1.0		neg 0.5607025877012816 off 0.39703174107118794 __DUMMY__ 0.04226567122753041	false	1.0
klischee	neg 1.0	neg 1.0	neg 0.7653464611208997 off 0.21447466578677857 __DUMMY__ 0.020178873092321806	false	1.0
diktatorisch	neg 1.0		neg 0.5595115288903919 off 0.3985984683454316 __DUMMY__ 0.041890002764176565	false	1.0
vorhersehbar	neg 1.0		neg 0.5564052134913943 off 0.40139901319572124 __DUMMY__ 0.0421957733128844	false	1.0
sowie			neg 0.5469537517843874 off 0.41109989698947735 __DUMMY__ 0.04194635122613529	false	0.0
stornieren	neg 1.0		neg 0.5517018736205765 off 0.40565147164209586 __DUMMY__ 0.04264665473732759	false	1.0
besteuerung	neg 1.0		neg 0.5557916543803721 off 0.4018857851900371 __DUMMY__ 0.04232256042959081	false	1.0
ungeschminkt	neg 1.0		neg 0.5504178294507404 off 0.40727374888256884 __DUMMY__ 0.04230842166669068	false	1.0
kritisch	neg 1.0		neg 0.5615757991715721 off 0.3960583838398269 __DUMMY__ 0.04236581698860093	false	1.0
schlamperei	off 1.0		neg 0.5607593455622327 off 0.3968824800255161 __DUMMY__ 0.04235817441225123	false	0.5
sucht	neg 1.0	neg 1.0	neg 0.7624822543306049 off 0.21696958184001536 __DUMMY__ 0.020548163829379733	false	1.0
egoistisch	off 1.0		neg 0.5457558692806203 off 0.41203783467380795 __DUMMY__ 0.042206296045571884	false	0.5
ausbeuter	off 1.0		neg 0.5629399141511617 off 0.39476239467000224 __DUMMY__ 0.04229769117883605	false	0.5
arschgeburt	off 1.0		neg 0.5401010524920649 off 0.41824872349209385 __DUMMY__ 0.04165022401584122	false	0.5
schubs	neg 1.0	neg 1.0	neg 0.7662594783123509 off 0.2132336727447198 __DUMMY__ 0.020506848942929305	false	1.0
unsolide	neg 1.0		neg 0.5566225461056046 off 0.4016358464535613 __DUMMY__ 0.041741607440834126	false	1.0
beschwerde	neg 1.0		neg 0.5597902328853929 off 0.39784682868289756 __DUMMY__ 0.042362938431709615	false	1.0
stocken	neg 1.0		neg 0.558691061811895 off 0.3987420808873317 __DUMMY__ 0.04256685730077323	false	1.0
isolieren	neg 1.0		neg 0.5553843324744795 off 0.4019249301372496 __DUMMY__ 0.04269073738827097	false	1.0
unheilbar	neg 1.0		neg 0.5564589295443322 off 0.401147454013824 __DUMMY__ 0.042393616441843786	false	1.0
pisser	off 1.0		neg 0.5489585102943132 off 0.40896068099196264 __DUMMY__ 0.04208080871372424	false	0.5
löschen	neg 1.0		neg 0.5552322464774204 off 0.40233405217142326 __DUMMY__ 0.04243370135115616	false	1.0
durchfallen	neg 1.0		neg 0.559917972329689 off 0.3975571513327711 __DUMMY__ 0.04252487633753986	false	1.0
wichser	off 1.0		neg 0.5418073365502596 off 0.41617788315308396 __DUMMY__ 0.04201478029665652	false	0.5
terror	neg 1.0		neg 0.5506540508315195 off 0.4067391366163662 __DUMMY__ 0.042606812552114195	false	1.0
krass	neg 1.0		neg 0.5475068933889441 off 0.410216358098928 __DUMMY__ 0.04227674851212803	false	1.0
revolte	neg 1.0	neg 1.0	neg 0.7667532743271852 off 0.21326432592398728 __DUMMY__ 0.01998239974882739	false	1.0
besorgt	neg 1.0		neg 0.5548794308611031 off 0.4022192787486084 __DUMMY__ 0.042901290390288456	false	1.0
nachlassen	neg 1.0		neg 0.5574742949210602 off 0.3998810973302563 __DUMMY__ 0.04264460774868357	false	1.0
alt	neg 1.0		neg 0.5578171278866121 off 0.39934413931168106 __DUMMY__ 0.04283873280170682	false	1.0
hundesohn	off 1.0		neg 0.5442500259909074 off 0.4139314304417724 __DUMMY__ 0.04181854356732023	false	0.5
als			neg 0.5578215512730202 off 0.39951324265091626 __DUMMY__ 0.042665206076063396	false	0.0
abschreckung	neg 1.0		neg 0.562745489998991 off 0.39480606128037504 __DUMMY__ 0.04244844872063395	false	1.0
unqualifiziert	neg 1.0		neg 0.5554275762880675 off 0.40231533475648257 __DUMMY__ 0.042257088955449926	false	1.0
abgewichst	off 1.0		neg 0.5576792770853489 off 0.39989695141582227 __DUMMY__ 0.042423771498828845	false	0.5
schwer	neg 1.0		neg 0.5562877873970379 off 0.4011214568406988 __DUMMY__ 0.042590755762263156	false	1.0
bedeutungslosigkeit	neg 1.0		neg 0.5625473114623621 off 0.39506580728317225 __DUMMY__ 0.042386881254465644	false	1.0
kapitulation	neg 1.0		neg 0.5629422048290892 off 0.3950256933820841 __DUMMY__ 0.04203210178882679	false	1.0
unscharf	neg 1.0		neg 0.5530704178045907 off 0.4044948711054237 __DUMMY__ 0.04243471108998566	false	1.0
schwinden	neg 1.0		neg 0.5607677186905944 off 0.3966858940449544 __DUMMY__ 0.042546387264451174	false	1.0
versklavung	neg 1.0	neg 1.0	neg 0.7673734190683204 off 0.21254692366642036 __DUMMY__ 0.02007965726525936	false	1.0
schlecht	neg 1.0		neg 0.5495712821689402 off 0.40795688925165213 __DUMMY__ 0.04247182857940755	false	1.0
verhasst	neg 1.0		neg 0.557763353780887 off 0.3999649197409952 __DUMMY__ 0.042271726478117874	false	1.0
beschweren	neg 1.0		neg 0.5542076253923552 off 0.4032546089942834 __DUMMY__ 0.0425377656133614	false	1.0
scheiden	neg 1.0		neg 0.556555776897461 off 0.4009051806497651 __DUMMY__ 0.04253904245277388	false	1.0
frustriert	neg 1.0		neg 0.5578302814515168 off 0.3996298651639252 __DUMMY__ 0.0425398533845579	false	1.0
schimmelig	neg 1.0		neg 0.559905976546872 off 0.39761944479492645 __DUMMY__ 0.042474578658201555	false	1.0
fisch	neg 1.0	neg 1.0	neg 0.7661579227719713 off 0.21332994901997046 __DUMMY__ 0.02051212820805829	false	1.0
schmuggel	neg 1.0		neg 0.5593988923002479 off 0.3978345738644637 __DUMMY__ 0.04276653383528841	false	1.0
auffallen	neg 1.0		neg 0.5539711645450947 off 0.4035358818488947 __DUMMY__ 0.04249295360601052	false	1.0
konkurrenz	neg 1.0		neg 0.5607696929853309 off 0.3965020372243303 __DUMMY__ 0.042728269790338995	false	1.0
teufelskreis	neg 1.0		neg 0.5584369327953295 off 0.3991359373100089 __DUMMY__ 0.04242712989466154	false	1.0
aufschreien	neg 1.0		neg 0.5555726428973087 off 0.4021271082685898 __DUMMY__ 0.04230024883410162	false	1.0
schuldner	neg 1.0		neg 0.5618019907728369 off 0.39587393561438655 __DUMMY__ 0.04232407361277645	false	1.0
missgeburt	off 1.0	off 1.0	off 0.6893119003171239 neg 0.29061109098537147 __DUMMY__ 0.020077008697504676	false	1.0
arbeitslos	neg 1.0		neg 0.559599658447611 off 0.397972018940842 __DUMMY__ 0.042428322611547005	false	1.0
befallen	neg 1.0		neg 0.5616514410947739 off 0.3962301719807149 __DUMMY__ 0.042118386924510996	false	1.0
miesepetrig	off 1.0		neg 0.5495701305449991 off 0.40791741121020203 __DUMMY__ 0.04251245824479903	false	0.5
alarmieren	neg 1.0		neg 0.5526381921142051 off 0.4051757123117818 __DUMMY__ 0.04218609557401295	false	1.0
ungeduscht	off 1.0		neg 0.5526809453621654 off 0.4048526900689857 __DUMMY__ 0.042466364568849065	false	0.5
knappheit	neg 1.0		neg 0.5589599606221303 off 0.3986111010146713 __DUMMY__ 0.042428938363198415	false	1.0
schlange	neg 1.0		neg 0.5533262070861663 off 0.40400618078392003 __DUMMY__ 0.04266761212991369	false	1.0
harsch	neg 1.0		neg 0.5433127617129024 off 0.41433723527560545 __DUMMY__ 0.04235000301149218	false	1.0
lang	neg 1.0		neg 0.5546683774812524 off 0.402838078654485 __DUMMY__ 0.0424935438642626	false	1.0
ziellos	neg 1.0		neg 0.5587854554186299 off 0.39860697861150496 __DUMMY__ 0.04260756596986517	false	1.0
selbstverliebt	neg 1.0		neg 0.54275786994486 off 0.4155145413798852 __DUMMY__ 0.04172758867525492	false	1.0
beseitigen	neg 1.0		neg 0.5529115729008556 off 0.4043642126942971 __DUMMY__ 0.042724214404847353	false	1.0
dumm	off 1.0		neg 0.5457244616039822 off 0.41217059633521314 __DUMMY__ 0.04210494206080458	false	0.5
arbeitsloser	neg 1.0		neg 0.5602813013983936 off 0.39725626371569467 __DUMMY__ 0.04246243488591169	false	1.0
blitzen	neg 1.0		neg 0.5529059578020571 off 0.4047492423975126 __DUMMY__ 0.04234479980043042	false	1.0
hilflos	neg 1.0		neg 0.5580208356174081 off 0.39941210016436074 __DUMMY__ 0.04256706421823121	false	1.0
eklig	off 1.0		neg 0.5453812857961944 off 0.4126096777596055 __DUMMY__ 0.04200903644420014	false	0.5
begriff			neg 0.5585047114187459 off 0.3990465161295354 __DUMMY__ 0.04244877245171865	false	0.0
hungersnot	neg 1.0		neg 0.5604122733577276 off 0.39759157821715396 __DUMMY__ 0.0419961484251184	false	1.0
ungesetzlich	neg 1.0		neg 0.5573520375852905 off 0.4006806527027806 __DUMMY__ 0.04196730971192893	false	1.0
verschwendung	neg 1.0		neg 0.5612213890715883 off 0.39622089886916395 __DUMMY__ 0.0425577120592477	false	1.0
schmerzvoll	neg 1.0		neg 0.5543313785799692 off 0.40314298267572984 __DUMMY__ 0.042525638744301056	false	1.0
vorzeitig	neg 1.0		neg 0.5500931795827648 off 0.4074891085324274 __DUMMY__ 0.04241771188480777	false	1.0
unvollkommenheit	neg 1.0		neg 0.5560912294963384 off 0.4014375710659492 __DUMMY__ 0.04247119943771233	false	1.0
intervenieren	neg 1.0		neg 0.5628993385606007 off 0.3948579903257413 __DUMMY__ 0.04224267111365793	false	1.0
banause	off 1.0		neg 0.5442330582412643 off 0.41383423763607613 __DUMMY__ 0.04193270412265958	false	0.5
rebell	neg 1.0		neg 0.5608725887524099 off 0.3964411342544279 __DUMMY__ 0.042686276993162256	false	1.0
unlogisch	neg 1.0		neg 0.5490558750855971 off 0.40873210218057954 __DUMMY__ 0.04221202273382349	false	1.0
leiden	neg 1.0	neg 1.0	neg 0.7662451868822768 off 0.21303580240691183 __DUMMY__ 0.0207190107108113	false	1.0
abschaffung	neg 1.0		neg 0.556911139756057 off 0.40084973929166884 __DUMMY__ 0.04223912095227414	false	1.0
sturz	neg 1.0		neg 0.5566235808312241 off 0.4011862936994219 __DUMMY__ 0.042190125469354	false	1.0
verkleinerung	neg 1.0		neg 0.554480030489776 off 0.40344299478247425 __DUMMY__ 0.042076974727749704	false	1.0
schmarotzer	off 1.0		neg 0.5610262518574672 off 0.39665695785196936 __DUMMY__ 0.042316790290563594	false	0.5
bestrafung	neg 1.0		neg 0.5558914631174139 off 0.40172702263680715 __DUMMY__ 0.04238151424577892	false	1.0
achtlos	neg 1.0		neg 0.5556548008578549 off 0.4016806595699512 __DUMMY__ 0.042664539572193905	false	1.0
ungeheuer	neg 1.0		neg 0.5545195490538474 off 0.4031003194065994 __DUMMY__ 0.04238013153955344	false	1.0
unaufrichtig	neg 1.0		neg 0.5560687365574243 off 0.4018746527108233 __DUMMY__ 0.04205661073175241	false	1.0
groggy	neg 1.0		neg 0.5527365332896298 off 0.4048792500992219 __DUMMY__ 0.04238421661114844	false	1.0
verletzlich	neg 1.0		neg 0.5504050588029945 off 0.4072605494642728 __DUMMY__ 0.042334391732732624	false	1.0
