unsolidarisch	neg 1.0		neg 0.5603347241294278 off 0.3977670909604389 __DUMMY__ 0.04189818491013343	false	1.0
nachteilig	neg 1.0		neg 0.559448522075496 off 0.3980631855495178 __DUMMY__ 0.0424882923749862	false	1.0
skeptisch	neg 1.0		neg 0.5616255261962904 off 0.39573991911644757 __DUMMY__ 0.04263455468726217	false	1.0
schrecklich	neg 1.0		neg 0.5475578782315726 off 0.41014623379475545 __DUMMY__ 0.042295887973671856	false	1.0
schlapp	neg 1.0		neg 0.5501067025990555 off 0.4072769776400597 __DUMMY__ 0.042616319760884924	false	1.0
abfall	neg 1.0		neg 0.5632457929004859 off 0.39407379756492356 __DUMMY__ 0.042680409534590534	false	1.0
widerspenstig	neg 1.0		neg 0.5548712862506132 off 0.4024052612462208 __DUMMY__ 0.042723452503166	false	1.0
abrupt	neg 1.0		neg 0.5561712594056932 off 0.40105479957692564 __DUMMY__ 0.042773941017381016	false	1.0
unwirksam	neg 1.0		neg 0.5581356076142903 off 0.3997557213858189 __DUMMY__ 0.042108670999890734	false	1.0
angreifen	neg 1.0		neg 0.561093659332437 off 0.39640721659047246 __DUMMY__ 0.042499124077090514	false	1.0
inkonsistent	neg 1.0		neg 0.5545870354627886 off 0.4030697971134328 __DUMMY__ 0.042343167423778444	false	1.0
abrutschen	neg 1.0		neg 0.5623639194065907 off 0.3948661490417071 __DUMMY__ 0.04276993155170219	false	1.0
unsicher	neg 1.0		neg 0.5556692381032817 off 0.40172336667623415 __DUMMY__ 0.04260739522048415	false	1.0
bauernkind	off 1.0		neg 0.546286136864585 off 0.41179943302943395 __DUMMY__ 0.04191443010598112	false	0.5
angreifer	neg 1.0		neg 0.5544292445565445 off 0.40335007960230085 __DUMMY__ 0.04222067584115457	false	1.0
trennen	neg 1.0		neg 0.5584013995362535 off 0.3986730914243444 __DUMMY__ 0.04292550903940223	false	1.0
schmutz	neg 1.0		neg 0.5468111038747905 off 0.4103223818850716 __DUMMY__ 0.04286651424013784	false	1.0
inkonsistenz	neg 1.0	neg 1.0	neg 0.7650742824872706 off 0.21471543859451667 __DUMMY__ 0.02021027891821272	false	1.0
erschreckend	neg 1.0		neg 0.5583606450531182 off 0.3991859959546874 __DUMMY__ 0.04245335899219427	false	1.0
ertrinken	neg 1.0		neg 0.5583832176614452 off 0.39886579608337863 __DUMMY__ 0.042750986255176156	false	1.0
pickelface	off 1.0		neg 0.5561660563063681 off 0.4014851088928379 __DUMMY__ 0.042348834800793926	false	0.5
seiner			neg 0.5604971002613904 off 0.39690304039780705 __DUMMY__ 0.04259985934080241	false	0.0
lauch	neg 1.0		neg 0.5615161189481767 off 0.3958178153131723 __DUMMY__ 0.04266606573865111	false	1.0
unwichtig	neg 1.0		neg 0.552144644973149 off 0.40548870460273584 __DUMMY__ 0.042366650424115165	false	1.0
steuerhinterziehung	neg 1.0		neg 0.5597394374397896 off 0.39811540296944953 __DUMMY__ 0.04214515959076086	false	1.0
schock	neg 1.0		neg 0.5560189543549654 off 0.4011809793822872 __DUMMY__ 0.04280006626274737	false	1.0
beule	neg 1.0		neg 0.5487440273585718 off 0.4086805693655731 __DUMMY__ 0.04257540327585534	false	1.0
vergelten	neg 1.0		neg 0.5476110218112096 off 0.4103358900755087 __DUMMY__ 0.04205308811328171	false	1.0
verdorbenheit	neg 1.0		neg 0.5524976364630089 off 0.40476032611295926 __DUMMY__ 0.04274203742403174	false	1.0
trauma	neg 1.0		neg 0.5543537600453089 off 0.4031791398194896 __DUMMY__ 0.04246710013520146	false	1.0
sinnlos	neg 1.0		neg 0.5541485371007047 off 0.4033822903279956 __DUMMY__ 0.04246917257129974	false	1.0
fettsack	off 1.0	off 1.0	off 0.6889801768799505 neg 0.2909170945693108 __DUMMY__ 0.02010272855073877	false	1.0
feige	off 1.0		neg 0.5536081141147988 off 0.4041566962672831 __DUMMY__ 0.04223518961791808	false	0.5
abdanken	neg 1.0		neg 0.5610129449587187 off 0.3970142515131609 __DUMMY__ 0.041972803528120384	false	1.0
wichtigtuer	off 1.0	off 1.0	off 0.6837850316246139 neg 0.2960035211462107 __DUMMY__ 0.02021144722917537	false	1.0
misslingen	neg 1.0		neg 0.5517434210007136 off 0.4055158909178046 __DUMMY__ 0.04274068808148181	false	1.0
untreu	off 1.0		neg 0.5509075968670817 off 0.40669483828396885 __DUMMY__ 0.04239756484894943	false	0.5
missmutig	neg 1.0		neg 0.5511133994795692 off 0.4063004814681452 __DUMMY__ 0.0425861190522857	false	1.0
hurenbock	off 1.0		neg 0.5518124188753499 off 0.40539386115228737 __DUMMY__ 0.04279371997236281	false	0.5
betrunken	neg 1.0		neg 0.54827556472899 off 0.409227398524834 __DUMMY__ 0.042497036746176005	false	1.0
korrupt	off 1.0		neg 0.5619684585912883 off 0.3959411130581527 __DUMMY__ 0.042090428350559046	false	0.5
unmut	neg 1.0		neg 0.5628669722019322 off 0.3945293480635379 __DUMMY__ 0.04260367973453001	false	1.0
hackfresse	off 1.0		neg 0.5444031082411208 off 0.4134242618288412 __DUMMY__ 0.042172629930037946	false	0.5
aufblasen	neg 1.0		neg 0.5533184192615052 off 0.40399535790935365 __DUMMY__ 0.04268622282914127	false	1.0
gewaltsam	neg 1.0		neg 0.5571604193421763 off 0.4006465832327821 __DUMMY__ 0.04219299742504151	false	1.0
unbeliebtheit	neg 1.0		neg 0.5547852694440153 off 0.403539582681983 __DUMMY__ 0.04167514787400177	false	1.0
sturheit	neg 1.0		neg 0.5596696063061657 off 0.39806187831193707 __DUMMY__ 0.0422685153818972	false	1.0
kuh	neg 1.0		neg 0.5556626483785829 off 0.402044159864916 __DUMMY__ 0.04229319175650112	false	1.0
erschrecken	neg 1.0		neg 0.5517071756931738 off 0.40573544896075914 __DUMMY__ 0.04255737534606713	false	1.0
opfer	neg 1.0	neg 1.0	neg 0.7682082852389214 off 0.21143677030953814 __DUMMY__ 0.0203549444515404	false	1.0
sinken	neg 1.0		neg 0.5616351302998862 off 0.3957300135870816 __DUMMY__ 0.04263485611303217	false	1.0
stinktier	neg 1.0		neg 0.5484261742062397 off 0.4094705193473362 __DUMMY__ 0.04210330644642415	false	1.0
tucke	off 1.0		neg 0.5429279564009181 off 0.4148184460609949 __DUMMY__ 0.04225359753808703	false	0.5
ein			neg 0.5530101001368362 off 0.4041587486411704 __DUMMY__ 0.042831151221993345	false	0.0
abstieg	neg 1.0		neg 0.5595077398031065 off 0.39815875702382475 __DUMMY__ 0.04233350317306868	false	1.0
missverstehen	neg 1.0		neg 0.5558179991840172 off 0.4019053414371228 __DUMMY__ 0.04227665937886009	false	1.0
ergebnislos	neg 1.0		neg 0.5591822158950955 off 0.3983761758705766 __DUMMY__ 0.04244160823432788	false	1.0
unter			neg 0.5635208290187286 off 0.39331863327895933 __DUMMY__ 0.043160537702311985	false	0.0
manipulieren	neg 1.0		neg 0.5614214176768009 off 0.396088197427528 __DUMMY__ 0.042490384895671196	false	1.0
unbewiesen	neg 1.0		neg 0.5609948764485204 off 0.39715302278500664 __DUMMY__ 0.04185210076647311	false	1.0
verschleppen	neg 1.0		neg 0.5599755824493262 off 0.3976480133852976 __DUMMY__ 0.042376404165376046	false	1.0
weib	off 1.0		neg 0.5438035811214241 off 0.4141444937909583 __DUMMY__ 0.0420519250876175	false	0.5
opposition	neg 1.0		neg 0.5571757016509444 off 0.4007469193549938 __DUMMY__ 0.042077378994061804	false	1.0
verkehrswidrig	neg 1.0		neg 0.544939094339692 off 0.4126918002902945 __DUMMY__ 0.042369105370013524	false	1.0
inkorrekt	neg 1.0		neg 0.5542597025688315 off 0.4038157454537842 __DUMMY__ 0.04192455197738451	false	1.0
vermeiden	neg 1.0		neg 0.5626635169395202 off 0.39442501905870425 __DUMMY__ 0.042911464001775625	false	1.0
abweichung	neg 1.0		neg 0.5621459594305621 off 0.3957610520291235 __DUMMY__ 0.04209298854031427	false	1.0
alkoholisiert	neg 1.0		neg 0.5575759246469931 off 0.39977985100963737 __DUMMY__ 0.042644224343369425	false	1.0
scheiss	off 1.0	off 1.0	off 0.6873225109396163 neg 0.29239093568827046 __DUMMY__ 0.020286553372113283	false	1.0
herausforderung	neg 1.0		neg 0.5552880640298168 off 0.40173747341729227 __DUMMY__ 0.04297446255289096	false	1.0
pervers	off 1.0		neg 0.5408652214611867 off 0.41712586522974826 __DUMMY__ 0.04200891330906501	false	0.5
wackelig	neg 1.0		neg 0.5553624594575456 off 0.40166803444440274 __DUMMY__ 0.04296950609805163	false	1.0
verwickeln	neg 1.0		neg 0.5551731931648778 off 0.40243223116420807 __DUMMY__ 0.0423945756709141	false	1.0
vorwand	neg 1.0		neg 0.5625918578082729 off 0.3948909774166224 __DUMMY__ 0.04251716477510472	false	1.0
muschi	off 1.0		neg 0.5569085877574248 off 0.4007611030336772 __DUMMY__ 0.04233030920889813	false	0.5
entmutigung	neg 1.0		neg 0.5599659120790415 off 0.39839420341186543 __DUMMY__ 0.04163988450909327	false	1.0
unangemessen	neg 1.0		neg 0.5609358807082933 off 0.39679286412824577 __DUMMY__ 0.042271255163460995	false	1.0
unstetig	neg 1.0		neg 0.553485492734343 off 0.4042525922244466 __DUMMY__ 0.04226191504121022	false	1.0
entmutigen	neg 1.0		neg 0.554707861239566 off 0.40273994833155724 __DUMMY__ 0.04255219042887683	false	1.0
schwanz	neg 1.0		neg 0.5578843305888798 off 0.39958417266299173 __DUMMY__ 0.04253149674812859	false	1.0
verbot	neg 1.0		neg 0.5605538052378248 off 0.3972720111801463 __DUMMY__ 0.04217418358202884	false	1.0
leid	neg 1.0		neg 0.5460617726303925 off 0.41169751774444485 __DUMMY__ 0.042240709625162784	false	1.0
archaisch	neg 1.0		neg 0.5599874002299471 off 0.39769943508986866 __DUMMY__ 0.04231316468018418	false	1.0
gegen			neg 0.5625654673163429 off 0.3949825124125764 __DUMMY__ 0.04245202027108052	false	0.0
scheidung	neg 1.0	neg 1.0	neg 0.7531143189950981 off 0.22681383186657267 __DUMMY__ 0.020071849138329295	false	1.0
einschlag	neg 1.0		neg 0.546629729481832 off 0.41113328813930694 __DUMMY__ 0.04223698237886097	false	1.0
m			neg 0.5563243819035839 off 0.40100318487215475 __DUMMY__ 0.042672433224261334	false	0.0
abgestanden	neg 1.0		neg 0.5549224733492346 off 0.40243633264668216 __DUMMY__ 0.04264119400408327	false	1.0
schmierig	off 1.0		neg 0.5464092682770423 off 0.4112301608250979 __DUMMY__ 0.04236057089785973	false	0.5
unpraktisch	neg 1.0		neg 0.5530186594046669 off 0.4042558578338527 __DUMMY__ 0.04272548276148051	false	1.0
wixxer	off 1.0		neg 0.5418514083163865 off 0.416283645005804 __DUMMY__ 0.041864946677809434	false	0.5
bezeichnet			neg 0.5585179636794365 off 0.39915002469992045 __DUMMY__ 0.04233201162064303	false	0.0
jammerlappen	off 1.0		neg 0.5517665191710959 off 0.4058194750556682 __DUMMY__ 0.04241400577323581	false	0.5
farce	neg 1.0		neg 0.562598469744099 off 0.3955297669028526 __DUMMY__ 0.0418717633530485	false	1.0
zwecklos	neg 1.0		neg 0.5604578569340939 off 0.397162994574787 __DUMMY__ 0.042379148491119005	false	1.0
turbulent	neg 1.0		neg 0.5487867931388254 off 0.4090370220254889 __DUMMY__ 0.04217618483568566	false	1.0
invasion	neg 1.0		neg 0.5517935631231816 off 0.40563432862559534 __DUMMY__ 0.042572108251223026	false	1.0
schuld	neg 1.0		neg 0.5560113355467359 off 0.4015579715112157 __DUMMY__ 0.04243069294204832	false	1.0
risiko	neg 1.0		neg 0.550658486809095 off 0.4066622881788837 __DUMMY__ 0.04267922501202112	false	1.0
finster	neg 1.0		neg 0.5540079261059709 off 0.4032709193804607 __DUMMY__ 0.04272115451356832	false	1.0
geisteskrank	off 1.0		neg 0.5524280705592756 off 0.40548581846555 __DUMMY__ 0.042086110975174444	false	0.5
zusammenbrechen	neg 1.0		neg 0.5568611827107907 off 0.4004771214923396 __DUMMY__ 0.042661695796869736	false	1.0
ausbeute	neg 1.0		neg 0.556840146241023 off 0.4003547528722291 __DUMMY__ 0.042805100886747896	false	1.0
hinterhalt	neg 1.0		neg 0.5549445948472307 off 0.4025895181992663 __DUMMY__ 0.04246588695350308	false	1.0
kritik	neg 1.0		neg 0.5616966247379587 off 0.3963183939034728 __DUMMY__ 0.041984981358568506	false	1.0
einschrumpfen	neg 1.0		neg 0.5549619006098294 off 0.40298992704315767 __DUMMY__ 0.04204817234701302	false	1.0
riskant	neg 1.0		neg 0.5600134201493362 off 0.397382248174702 __DUMMY__ 0.042604331675961914	false	1.0
frustrieren	neg 1.0		neg 0.5608572449012181 off 0.39662877970988797 __DUMMY__ 0.04251397538889384	false	1.0
groll	neg 1.0		neg 0.5600455586218606 off 0.3975546533952101 __DUMMY__ 0.04239978798292914	false	1.0
gibt			neg 0.558546027901736 off 0.3989327629929498 __DUMMY__ 0.04252120910531417	false	0.0
qualvoll	neg 1.0		neg 0.5527987576631269 off 0.40461114839647755 __DUMMY__ 0.042590093940395576	false	1.0
wackeln	neg 1.0		neg 0.5527529290374686 off 0.4044113179408598 __DUMMY__ 0.04283575302167153	false	1.0
klagen	neg 1.0		neg 0.5630097350058464 off 0.39451688682120184 __DUMMY__ 0.04247337817295168	false	1.0
bankrott	neg 1.0		neg 0.550182007438549 off 0.4072858362390805 __DUMMY__ 0.0425321563223705	false	1.0
trauern	neg 1.0		neg 0.5596534203655397 off 0.3977421760760488 __DUMMY__ 0.04260440355841158	false	1.0
ablehnung	neg 1.0	neg 1.0	neg 0.7687916737535925 off 0.21110468263943577 __DUMMY__ 0.02010364360697175	false	1.0
stur	neg 1.0		neg 0.555288811869957 off 0.4022501710410382 __DUMMY__ 0.042461017089004606	false	1.0
aufruhr	neg 1.0		neg 0.5584211769113321 off 0.39945776908025704 __DUMMY__ 0.04212105400841081	false	1.0
melancholie	neg 1.0		neg 0.5565526101637298 off 0.40063599862999616 __DUMMY__ 0.04281139120627402	false	1.0
ist			neg 0.5553683977069415 off 0.4022068902761209 __DUMMY__ 0.042424712016937725	false	0.0
torheit	neg 1.0		neg 0.5592685852078416 off 0.39878135118835845 __DUMMY__ 0.041950063603799985	false	1.0
dreckskind	off 1.0		neg 0.5484764819814824 off 0.4097080179431215 __DUMMY__ 0.04181550007539607	false	0.5
umtauschen	neg 1.0		neg 0.5552337387859824 off 0.402079195023728 __DUMMY__ 0.0426870661902895	false	1.0
zum			neg 0.5597125746459134 off 0.3970990981278234 __DUMMY__ 0.04318832722626302	false	0.0
zersetzen	neg 1.0		neg 0.5620603847334803 off 0.39545313264130266 __DUMMY__ 0.04248648262521698	false	1.0
zur			neg 0.5638355988925728 off 0.39344789593166213 __DUMMY__ 0.04271650517576495	false	0.0
frust	neg 1.0		neg 0.557623613863919 off 0.399768864409363 __DUMMY__ 0.04260752172671785	false	1.0
unerbittlichkeit	neg 1.0		neg 0.56169019124348 off 0.3958989954771403 __DUMMY__ 0.0424108132793796	false	1.0
zwei			neg 0.5593518846071844 off 0.3976518096141482 __DUMMY__ 0.042996305778667344	false	0.0
unkorrekt	neg 1.0		neg 0.5521391401847284 off 0.405804730331388 __DUMMY__ 0.042056129483883604	false	1.0
hexe	off 1.0		neg 0.550508376295859 off 0.4070566939089002 __DUMMY__ 0.042434929795240786	false	0.5
lasch	neg 1.0		neg 0.5546150205288781 off 0.4031359949437233 __DUMMY__ 0.04224898452739856	false	1.0
rivale	neg 1.0		neg 0.548208742816269 off 0.4096493395196517 __DUMMY__ 0.042141917664079334	false	1.0
mutlos	off 1.0	off 1.0	off 0.6806989548061522 neg 0.29908401183976346 __DUMMY__ 0.02021703335408441	false	1.0
wirr	off 1.0		neg 0.5501509286536723 off 0.40778579714807855 __DUMMY__ 0.04206327419824902	false	0.5
jahr			neg 0.5578570703606822 off 0.39928865979434747 __DUMMY__ 0.042854269844970296	false	0.0
wird			neg 0.5595989153701937 off 0.39783052922659745 __DUMMY__ 0.042570555403208685	false	0.0
strafbar	neg 1.0		neg 0.5622330036943788 off 0.39547600150699785 __DUMMY__ 0.04229099479862327	false	1.0
erosion	neg 1.0		neg 0.5529332664495921 off 0.4044038579030539 __DUMMY__ 0.04266287564735401	false	1.0
eingehen	neg 1.0		neg 0.5604364436970668 off 0.39713165631419656 __DUMMY__ 0.04243189998873663	false	1.0
faul	off 1.0		neg 0.5498077074914681 off 0.4075179690417605 __DUMMY__ 0.04267432346677143	false	0.5
provisorium	neg 1.0		neg 0.5653170323656388 off 0.3916666818609314 __DUMMY__ 0.04301628577342974	false	1.0
schmerzen	neg 1.0		neg 0.5562927357713855 off 0.4010417921090805 __DUMMY__ 0.04266547211953408	false	1.0
schrumpfen	neg 1.0		neg 0.5636747738384661 off 0.3935388793788529 __DUMMY__ 0.042786346782680944	false	1.0
geistlos	off 1.0		neg 0.5581334553972364 off 0.3999933407721268 __DUMMY__ 0.04187320383063684	false	0.5
fehlkauf	neg 1.0		neg 0.5539233200541264 off 0.4037360188832442 __DUMMY__ 0.04234066106262942	false	1.0
frustrierend	neg 1.0	neg 1.0	neg 0.7640990297943305 off 0.21557124773602537 __DUMMY__ 0.020329722469644113	false	1.0
unzufrieden	neg 1.0		neg 0.5595250548236159 off 0.39798931208317034 __DUMMY__ 0.042485633093213584	false	1.0
verzweifeln	neg 1.0		neg 0.5565966756385606 off 0.40081722277557613 __DUMMY__ 0.042586101585863234	false	1.0
verzweifelt	neg 1.0		neg 0.5552557567403636 off 0.40226590483182567 __DUMMY__ 0.04247833842781059	false	1.0
misstrauensantrag	neg 1.0		neg 0.5547959961647464 off 0.40296656128525704 __DUMMY__ 0.042237442549996486	false	1.0
abfallen	neg 1.0		neg 0.5523964081978777 off 0.4047433574600267 __DUMMY__ 0.042860234342095564	false	1.0
fucker	off 1.0		neg 0.549151004429928 off 0.408634172105964 __DUMMY__ 0.04221482346410792	false	0.5
ungezogen	neg 1.0		neg 0.5424596636545331 off 0.4153637519745825 __DUMMY__ 0.042176584370884236	false	1.0
irrsinnig	neg 1.0	neg 1.0	neg 0.7664014896296452 off 0.21333835017643896 __DUMMY__ 0.020260160193915848	false	1.0
unfassbar	neg 1.0		neg 0.5513566304819869 off 0.40625307215798667 __DUMMY__ 0.04239029736002637	false	1.0
hart	neg 1.0		neg 0.5521325251327905 off 0.4056351406401395 __DUMMY__ 0.04223233422706982	false	1.0
widerlich	off 1.0		neg 0.5514083741200033 off 0.40633672854737785 __DUMMY__ 0.04225489733261896	false	0.5
fatal	neg 1.0		neg 0.5537674435534323 off 0.40385317223302525 __DUMMY__ 0.04237938421354247	false	1.0
bruch	neg 1.0		neg 0.5646972628815581 off 0.392959147035925 __DUMMY__ 0.04234359008251686	false	1.0
aushungern	neg 1.0		neg 0.5587430514620118 off 0.39911911823398255 __DUMMY__ 0.04213783030400565	false	1.0
anspannung	neg 1.0		neg 0.5616153235827819 off 0.3955366378049252 __DUMMY__ 0.04284803861229286	false	1.0
von			neg 0.5588053152665163 off 0.39832584132218835 __DUMMY__ 0.042868843411295314	false	0.0
kraftlos	neg 1.0		neg 0.5566552183689827 off 0.40047604500903355 __DUMMY__ 0.042868736621983754	false	1.0
vom			neg 0.5630053958910975 off 0.3938735400426062 __DUMMY__ 0.04312106406629628	false	0.0
grenzdebil	off 1.0		neg 0.5493631811544949 off 0.40817162578403854 __DUMMY__ 0.042465193061466566	false	0.5
vor			neg 0.5609125949417348 off 0.39630410984273756 __DUMMY__ 0.0427832952155276	false	0.0
unterwerfen	neg 1.0		neg 0.5608720264908634 off 0.39670482172660676 __DUMMY__ 0.04242315178252986	false	1.0
versenkung	neg 1.0		neg 0.5604764402197987 off 0.39697880128699375 __DUMMY__ 0.04254475849320759	false	1.0
entziehen	neg 1.0		neg 0.5631180079980392 off 0.39434585695858243 __DUMMY__ 0.042536135043378415	false	1.0
finanzkrise	neg 1.0		neg 0.5596365226995114 off 0.3982886507635353 __DUMMY__ 0.042074826536953366	false	1.0
schimpfend	neg 1.0		neg 0.5507305821200453 off 0.40633274386037743 __DUMMY__ 0.04293667401957715	false	1.0
profan	neg 1.0		neg 0.554224149751337 off 0.40331314848683986 __DUMMY__ 0.042462701761823145	false	1.0
korruption	neg 1.0		neg 0.5615261688814192 off 0.3963512638572257 __DUMMY__ 0.04212256726135516	false	1.0
â			neg 0.5575002754401728 off 0.39984334560797835 __DUMMY__ 0.04265637895184892	false	0.0
schmutzig	neg 1.0		neg 0.5484133504092698 off 0.40893451825452537 __DUMMY__ 0.04265213133620494	false	1.0
sexy	neg 1.0		neg 0.5514061857383942 off 0.40612554011130053 __DUMMY__ 0.04246827415030531	false	1.0
abraten	neg 1.0		neg 0.5538310509501122 off 0.40354423839908116 __DUMMY__ 0.04262471065080659	false	1.0
schwarz	neg 1.0		neg 0.5545134560693857 off 0.4030728110460778 __DUMMY__ 0.04241373288453646	false	1.0
fotze	off 1.0		neg 0.558605964994117 off 0.3990068470167074 __DUMMY__ 0.0423871879891756	false	0.5
verwirren	neg 1.0		neg 0.5531663720622532 off 0.4043623979759505 __DUMMY__ 0.0424712299617964	false	1.0
zahnlos	off 1.0		neg 0.5600797703180965 off 0.39754796960814964 __DUMMY__ 0.042372260073753915	false	0.5
verheeren	neg 1.0		neg 0.5425436914320184 off 0.415598502975596 __DUMMY__ 0.041857805592385555	false	1.0
hippie	neg 1.0		neg 0.5519987931248432 off 0.4055710456804293 __DUMMY__ 0.04243016119472745	false	1.0
rammen	neg 1.0		neg 0.5523537770016345 off 0.4051143494925057 __DUMMY__ 0.04253187350585989	false	1.0
unlauter	neg 1.0	neg 1.0	neg 0.7655383878784151 off 0.21425712579493492 __DUMMY__ 0.02020448632664999	false	1.0
unheilvoll	neg 1.0		neg 0.5531296786141582 off 0.404276123421651 __DUMMY__ 0.042594197964190776	false	1.0
niedrig	neg 1.0		neg 0.5594706050515832 off 0.39806264657719953 __DUMMY__ 0.04246674837121717	false	1.0
explosion	neg 1.0		neg 0.5517165142393752 off 0.4057471319913471 __DUMMY__ 0.042536353769277765	false	1.0
weichei	off 1.0		neg 0.5456505048810372 off 0.41216126553055593 __DUMMY__ 0.04218822958840694	false	0.5
minusmensch	off 1.0		neg 0.5439587614954293 off 0.41431965419860506 __DUMMY__ 0.041721584305965544	false	0.5
farblos	neg 1.0		neg 0.5554055586079799 off 0.40217746368717266 __DUMMY__ 0.04241697770484755	false	1.0
unwissend	neg 1.0	neg 1.0	neg 0.7640120076763729 off 0.2157704551209713 __DUMMY__ 0.020217537202655896	false	1.0
traurig	neg 1.0		neg 0.5477773339264308 off 0.4098064323079855 __DUMMY__ 0.042416233765583726	false	1.0
senkung	neg 1.0		neg 0.5535360090098942 off 0.4041336720224491 __DUMMY__ 0.042330318967656676	false	1.0
ungleich	neg 1.0	neg 1.0	neg 0.7691765945348334 off 0.21057133546778806 __DUMMY__ 0.02025206999737853	false	1.0
heikel	neg 1.0		neg 0.5617048630927353 off 0.3957589094169752 __DUMMY__ 0.04253622749028952	false	1.0
drosselung	neg 1.0		neg 0.5467674495526171 off 0.4107671786288137 __DUMMY__ 0.042465371818569304	false	1.0
falsch	neg 1.0		neg 0.5524498806695879 off 0.4051362177896047 __DUMMY__ 0.04241390154080753	false	1.0
unzufriedenheit	neg 1.0		neg 0.5623159497043628 off 0.3951967132955046 __DUMMY__ 0.042487337000132526	false	1.0
kurz	neg 1.0		neg 0.5556608560073873 off 0.4015152066872058 __DUMMY__ 0.04282393730540687	false	1.0
unsinnig	neg 1.0		neg 0.5592462602855018 off 0.39830718650327074 __DUMMY__ 0.04244655321122737	false	1.0
penner	off 1.0	off 1.0	off 0.6905404907477215 neg 0.2892812094566876 __DUMMY__ 0.020178299795590805	false	1.0
seicht	neg 1.0		neg 0.5451163084113488 off 0.41297485135831724 __DUMMY__ 0.04190884023033392	false	1.0
dummheit	off 1.0	off 1.0	off 0.6841276519877163 neg 0.2956745866951039 __DUMMY__ 0.020197761317179867	false	1.0
unerfreulich	neg 1.0		neg 0.56177609066637 off 0.3956091595074042 __DUMMY__ 0.042614749826225755	false	1.0
motherfucker	off 1.0	off 1.0	off 0.6875337343139056 neg 0.29228422251659025 __DUMMY__ 0.020182043169504116	false	1.0
pikiert	neg 1.0		neg 0.5525834974782856 off 0.4051240871909235 __DUMMY__ 0.04229241533079088	false	1.0
wrack	neg 1.0		neg 0.556635765462959 off 0.40065661633171695 __DUMMY__ 0.04270761820532393	false	1.0
gangster	neg 1.0		neg 0.5529131917113166 off 0.404652172919496 __DUMMY__ 0.042434635369187575	false	1.0
krank	neg 1.0		neg 0.5485105606906963 off 0.4089070625283482 __DUMMY__ 0.042582376780955604	false	1.0
reich	neg 1.0		neg 0.5553862386815137 off 0.40284936902598684 __DUMMY__ 0.04176439229249934	false	1.0
gnadenlos	neg 1.0		neg 0.5554074840611567 off 0.4021106150971103 __DUMMY__ 0.042481900841732846	false	1.0
niedergeschlagen	neg 1.0		neg 0.5571877488412489 off 0.40020001793311366 __DUMMY__ 0.04261223322563754	false	1.0
terrorisieren	off 1.0	off 1.0	off 0.6816456209552675 neg 0.29797781012713437 __DUMMY__ 0.020376568917598183	false	1.0
sinnlosigkeit	neg 1.0		neg 0.5598684038843131 off 0.39773838693000496 __DUMMY__ 0.04239320918568204	false	1.0
behindern	neg 1.0		neg 0.5549198581596799 off 0.4024096296283677 __DUMMY__ 0.042670512211952345	false	1.0
undemokratisch	neg 1.0		neg 0.5582517740196894 off 0.3997222581374627 __DUMMY__ 0.04202596784284789	false	1.0
wirtschaftskrise	neg 1.0		neg 0.5605604434919684 off 0.39719587670493545 __DUMMY__ 0.04224367980309603	false	1.0
neid	neg 1.0		neg 0.5512213739199874 off 0.4061583965632235 __DUMMY__ 0.04262022951678915	false	1.0
rutschen	neg 1.0		neg 0.5593104800070096 off 0.39747473455383486 __DUMMY__ 0.04321478543915567	false	1.0
rezession	neg 1.0		neg 0.5494109044980442 off 0.40868129648394536 __DUMMY__ 0.04190779901801053	false	1.0
fehlgeburt	neg 1.0		neg 0.5557716498869469 off 0.40178669206959383 __DUMMY__ 0.042441658043459285	false	1.0
charakterschwach	off 1.0		neg 0.5514515180855244 off 0.40627515719954393 __DUMMY__ 0.042273324714931455	false	0.5
isolation	neg 1.0		neg 0.5503066096818897 off 0.4072355565934665 __DUMMY__ 0.04245783372464379	false	1.0
ablenkung	neg 1.0		neg 0.5549322051210175 off 0.4024263906102014 __DUMMY__ 0.04264140426878103	false	1.0
pech	neg 1.0		neg 0.552890616119252 off 0.404637608751224 __DUMMY__ 0.042471775129523916	false	1.0
vermeidung	neg 1.0		neg 0.5478964008708502 off 0.40959327873180357 __DUMMY__ 0.042510320397346105	false	1.0
dominieren	neg 1.0		neg 0.5576670511728024 off 0.3998456478676484 __DUMMY__ 0.042487300959549376	false	1.0
schwindlig	neg 1.0		neg 0.5513219428412144 off 0.4059707909575194 __DUMMY__ 0.04270726620126624	false	1.0
lutscher	neg 1.0		neg 0.5437720904679879 off 0.4142871444803719 __DUMMY__ 0.04194076505164014	false	1.0
pflicht	neg 1.0		neg 0.5621816320317431 off 0.395313192489794 __DUMMY__ 0.04250517547846291	false	1.0
faschist	off 1.0		neg 0.5574213330417843 off 0.40059213218671563 __DUMMY__ 0.04198653477150015	false	0.5
verschleudern	neg 1.0		neg 0.5608913736907818 off 0.39681886456511756 __DUMMY__ 0.04228976174410062	false	1.0
wenn			neg 0.552107514896041 off 0.4054364424501631 __DUMMY__ 0.042456042653795815	false	0.0
ehebruch	neg 1.0		neg 0.5611104643876528 off 0.3965545680142747 __DUMMY__ 0.0423349675980724	false	1.0
spott	off 1.0		neg 0.5617345350777571 off 0.3959125048366905 __DUMMY__ 0.04235296008555235	false	0.5
trostlosigkeit	neg 1.0		neg 0.5644957119748949 off 0.3933132743604497 __DUMMY__ 0.04219101366465543	false	1.0
lutschen	neg 1.0		neg 0.5527120805510465 off 0.4050615607692825 __DUMMY__ 0.042226358679670985	false	1.0
undiszipliniert	neg 1.0		neg 0.548913848296616 off 0.40872461131108095 __DUMMY__ 0.04236154039230308	false	1.0
kopfschmerz	neg 1.0		neg 0.556683131126997 off 0.40078452617594434 __DUMMY__ 0.04253234269705876	false	1.0
unvorhergesehen	neg 1.0		neg 0.5554528811965099 off 0.4016688966953296 __DUMMY__ 0.042878222108160356	false	1.0
desinteressiert	neg 1.0		neg 0.5502276787583327 off 0.40752351705648165 __DUMMY__ 0.042248804185185465	false	1.0
armselig	off 1.0		neg 0.5497784481773393 off 0.40805968620142347 __DUMMY__ 0.04216186562123706	false	0.5
desaster	neg 1.0		neg 0.5647981126139046 off 0.3928259977125382 __DUMMY__ 0.04237588967355724	false	1.0
tod	neg 1.0		neg 0.5621318027789083 off 0.3956427256527537 __DUMMY__ 0.04222547156833796	false	1.0
herzlos	neg 1.0		neg 0.5472701286679607 off 0.410354119595294 __DUMMY__ 0.04237575173674543	false	1.0
unwissenheit	neg 1.0		neg 0.5607063836652274 off 0.39699536782522743 __DUMMY__ 0.0422982485095451	false	1.0
widersinnig	neg 1.0		neg 0.5611347992434974 off 0.3968058209558467 __DUMMY__ 0.04205937980065576	false	1.0
bedenklich	neg 1.0		neg 0.5608146254539219 off 0.39668757268161925 __DUMMY__ 0.042497801864458735	false	1.0
beanstanden	neg 1.0		neg 0.5623167018174798 off 0.39514674131601907 __DUMMY__ 0.04253655686650122	false	1.0
panisch	neg 1.0	neg 1.0	neg 0.7632910495590687 off 0.21616971005778965 __DUMMY__ 0.020539240383141564	false	1.0
debil	off 1.0		neg 0.5647069950175234 off 0.39266745568795314 __DUMMY__ 0.04262554929452344	false	0.5
abstrich	neg 1.0		neg 0.5533302224290233 off 0.40388583349125257 __DUMMY__ 0.0427839440797241	false	1.0
primitiv	neg 1.0		neg 0.5509505042849263 off 0.40681901897010403 __DUMMY__ 0.04223047674496956	false	1.0
abschaum	off 1.0	off 1.0	off 0.6854115336178007 neg 0.2944277550259286 __DUMMY__ 0.020160711356270674	false	1.0
provozieren	neg 1.0		neg 0.5573578291671453 off 0.40031284794279137 __DUMMY__ 0.042329322890063366	false	1.0
tot	neg 1.0		neg 0.5581922069296805 off 0.39944116912589495 __DUMMY__ 0.042366623944424545	false	1.0
instabil	neg 1.0		neg 0.5498058365142595 off 0.40821329320988675 __DUMMY__ 0.041980870275853725	false	1.0
schwuchtel	off 1.0		neg 0.539920496345564 off 0.418428607716872 __DUMMY__ 0.041650895937564006	false	0.5
zerren	neg 1.0		neg 0.5571068776698347 off 0.40025418173163707 __DUMMY__ 0.04263894059852817	false	1.0
kinderficker	off 1.0		neg 0.5478828923545404 off 0.41006442023913064 __DUMMY__ 0.04205268740632903	false	0.5
gefahr	neg 1.0		neg 0.5610136863814981 off 0.3966019989067517 __DUMMY__ 0.04238431471175016	false	1.0
rabiat	neg 1.0		neg 0.5563625637133773 off 0.40114453100977987 __DUMMY__ 0.042492905276842685	false	1.0
verlangsamung	neg 1.0		neg 0.5456961581079072 off 0.4124225656437859 __DUMMY__ 0.04188127624830699	false	1.0
ausgestorben	neg 1.0		neg 0.5572771434771135 off 0.4001211395115803 __DUMMY__ 0.04260171701130616	false	1.0
anklagen	neg 1.0		neg 0.5584832644693709 off 0.39923979123824754 __DUMMY__ 0.04227694429238167	false	1.0
trott	neg 1.0		neg 0.5553881039820019 off 0.4020172301775752 __DUMMY__ 0.042594665840423006	false	1.0
verminderung	neg 1.0		neg 0.5482946515903128 off 0.40936214519737907 __DUMMY__ 0.04234320321230825	false	1.0
nach			neg 0.5612197941286676 off 0.3957635789507513 __DUMMY__ 0.043016626920580954	false	0.0
rost	neg 1.0		neg 0.5436852906459904 off 0.4142419332142122 __DUMMY__ 0.042072776139797395	false	1.0
destruktiv	neg 1.0		neg 0.5593438435063084 off 0.39839943056540655 __DUMMY__ 0.04225672592828508	false	1.0
unzumutbarkeit	neg 1.0		neg 0.5482872007814912 off 0.40925996284418475 __DUMMY__ 0.04245283637432387	false	1.0
labil	off 1.0	off 1.0	off 0.686341462735345 neg 0.29346383081845107 __DUMMY__ 0.020194706446203983	false	1.0
ziemlich	neg 1.0		neg 0.5502672407044508 off 0.4072998737062352 __DUMMY__ 0.0424328855893141	false	1.0
lachnummer	off 1.0		neg 0.5590891711824241 off 0.3986253698081015 __DUMMY__ 0.0422854590094744	false	0.5
oder			neg 0.554936831609705 off 0.4023770673144503 __DUMMY__ 0.04268610107584468	false	0.0
verfall	neg 1.0		neg 0.5649232162372869 off 0.392439284875628 __DUMMY__ 0.04263749888708506	false	1.0
ausgrenzung	neg 1.0		neg 0.5573956233473722 off 0.4005749519006268 __DUMMY__ 0.04202942475200099	false	1.0
unordnung	neg 1.0		neg 0.5479933694676239 off 0.4099193280257562 __DUMMY__ 0.04208730250661997	false	1.0
fehlverhalten	neg 1.0		neg 0.5618414705811282 off 0.3957802563187055 __DUMMY__ 0.04237827310016634	false	1.0
eine			neg 0.5611361795531238 off 0.39615104848344945 __DUMMY__ 0.04271277196342678	false	0.0
nille	neg 1.0		neg 0.5577751891011301 off 0.39996128356757615 __DUMMY__ 0.04226352733129361	false	1.0
qual	neg 1.0		neg 0.5556645788656397 off 0.4017634270060824 __DUMMY__ 0.042571994128277876	false	1.0
verschwenden	neg 1.0		neg 0.5603043555057894 off 0.3971508071857795 __DUMMY__ 0.04254483730843109	false	1.0
riesig	neg 1.0		neg 0.5567971292091813 off 0.40065908956884444 __DUMMY__ 0.04254378122197416	false	1.0
verurteilen	neg 1.0		neg 0.560702587701281 off 0.3970317410711886 __DUMMY__ 0.04226567122753043	false	1.0
klischee	neg 1.0	neg 1.0	neg 0.7653464611208997 off 0.21447466578677865 __DUMMY__ 0.020178873092321838	false	1.0
diktatorisch	neg 1.0		neg 0.5595115288903921 off 0.3985984683454311 __DUMMY__ 0.04189000276417663	false	1.0
vorhersehbar	neg 1.0		neg 0.5564052134913947 off 0.4013990131957209 __DUMMY__ 0.04219577331288437	false	1.0
sowie			neg 0.5469537517843877 off 0.411099896989477 __DUMMY__ 0.041946351226135256	false	0.0
stornieren	neg 1.0		neg 0.551701873620576 off 0.40565147164209636 __DUMMY__ 0.04264665473732757	false	1.0
besteuerung	neg 1.0		neg 0.5557916543803719 off 0.4018857851900372 __DUMMY__ 0.04232256042959082	false	1.0
ungeschminkt	neg 1.0		neg 0.5504178294507395 off 0.40727374888256984 __DUMMY__ 0.042308421666690674	false	1.0
kritisch	neg 1.0		neg 0.561575799171572 off 0.3960583838398271 __DUMMY__ 0.04236581698860099	false	1.0
schlamperei	off 1.0		neg 0.5607593455622327 off 0.396882480025516 __DUMMY__ 0.0423581744122512	false	0.5
sucht	neg 1.0	neg 1.0	neg 0.7624822543306048 off 0.21696958184001539 __DUMMY__ 0.020548163829379736	false	1.0
egoistisch	off 1.0		neg 0.5457558692806205 off 0.4120378346738076 __DUMMY__ 0.04220629604557191	false	0.5
ausbeuter	off 1.0		neg 0.5629399141511614 off 0.39476239467000257 __DUMMY__ 0.042297691178836	false	0.5
arschgeburt	off 1.0		neg 0.5401010524920649 off 0.4182487234920939 __DUMMY__ 0.041650224015841224	false	0.5
schubs	neg 1.0	neg 1.0	neg 0.7662594783123509 off 0.2132336727447199 __DUMMY__ 0.020506848942929295	false	1.0
unsolide	neg 1.0		neg 0.5566225461056044 off 0.4016358464535614 __DUMMY__ 0.041741607440834154	false	1.0
beschwerde	neg 1.0		neg 0.5597902328853929 off 0.39784682868289756 __DUMMY__ 0.042362938431709615	false	1.0
stocken	neg 1.0		neg 0.5586910618118952 off 0.3987420808873316 __DUMMY__ 0.0425668573007732	false	1.0
isolieren	neg 1.0		neg 0.5553843324744795 off 0.40192493013724956 __DUMMY__ 0.04269073738827088	false	1.0
unheilbar	neg 1.0		neg 0.5564589295443322 off 0.40114745401382396 __DUMMY__ 0.04239361644184376	false	1.0
pisser	off 1.0		neg 0.5489585102943124 off 0.40896068099196337 __DUMMY__ 0.04208080871372427	false	0.5
löschen	neg 1.0		neg 0.5552322464774208 off 0.40233405217142304 __DUMMY__ 0.04243370135115622	false	1.0
durchfallen	neg 1.0		neg 0.5599179723296887 off 0.3975571513327715 __DUMMY__ 0.04252487633753989	false	1.0
wichser	off 1.0		neg 0.5418073365502596 off 0.4161778831530839 __DUMMY__ 0.04201478029665655	false	0.5
terror	neg 1.0		neg 0.5506540508315201 off 0.40673913661636585 __DUMMY__ 0.042606812552114154	false	1.0
krass	neg 1.0		neg 0.547506893388944 off 0.410216358098928 __DUMMY__ 0.042276748512128016	false	1.0
revolte	neg 1.0	neg 1.0	neg 0.7667532743271852 off 0.21326432592398742 __DUMMY__ 0.019982399748827404	false	1.0
besorgt	neg 1.0		neg 0.5548794308611031 off 0.4022192787486083 __DUMMY__ 0.042901290390288435	false	1.0
nachlassen	neg 1.0		neg 0.5574742949210598 off 0.3998810973302566 __DUMMY__ 0.04264460774868362	false	1.0
alt	neg 1.0		neg 0.557817127886612 off 0.3993441393116811 __DUMMY__ 0.0428387328017068	false	1.0
hundesohn	off 1.0		neg 0.5442500259909077 off 0.4139314304417721 __DUMMY__ 0.041818543567320135	false	0.5
als			neg 0.5578215512730204 off 0.39951324265091626 __DUMMY__ 0.04266520607606335	false	0.0
abschreckung	neg 1.0		neg 0.5627454899989919 off 0.39480606128037443 __DUMMY__ 0.042448448720633886	false	1.0
unqualifiziert	neg 1.0		neg 0.5554275762880678 off 0.4023153347564821 __DUMMY__ 0.042257088955449953	false	1.0
abgewichst	off 1.0		neg 0.5576792770853488 off 0.3998969514158223 __DUMMY__ 0.0424237714988288	false	0.5
schwer	neg 1.0		neg 0.5562877873970373 off 0.40112145684069955 __DUMMY__ 0.04259075576226316	false	1.0
bedeutungslosigkeit	neg 1.0		neg 0.5625473114623623 off 0.3950658072831721 __DUMMY__ 0.042386881254465575	false	1.0
kapitulation	neg 1.0		neg 0.5629422048290889 off 0.3950256933820843 __DUMMY__ 0.04203210178882675	false	1.0
unscharf	neg 1.0		neg 0.5530704178045902 off 0.4044948711054242 __DUMMY__ 0.04243471108998566	false	1.0
schwinden	neg 1.0		neg 0.5607677186905947 off 0.39668589404495397 __DUMMY__ 0.0425463872644512	false	1.0
versklavung	neg 1.0	neg 1.0	neg 0.7673734190683206 off 0.21254692366642014 __DUMMY__ 0.020079657265259364	false	1.0
schlecht	neg 1.0		neg 0.5495712821689395 off 0.4079568892516528 __DUMMY__ 0.04247182857940767	false	1.0
verhasst	neg 1.0		neg 0.5577633537808872 off 0.399964919740995 __DUMMY__ 0.042271726478117784	false	1.0
beschweren	neg 1.0		neg 0.5542076253923557 off 0.40325460899428295 __DUMMY__ 0.04253776561336135	false	1.0
scheiden	neg 1.0		neg 0.5565557768974609 off 0.40090518064976516 __DUMMY__ 0.042539042452773845	false	1.0
frustriert	neg 1.0		neg 0.5578302814515174 off 0.3996298651639248 __DUMMY__ 0.04253985338455796	false	1.0
schimmelig	neg 1.0		neg 0.5599059765468715 off 0.39761944479492684 __DUMMY__ 0.04247457865820158	false	1.0
fisch	neg 1.0	neg 1.0	neg 0.7661579227719711 off 0.2133299490199706 __DUMMY__ 0.02051212820805827	false	1.0
schmuggel	neg 1.0		neg 0.5593988923002479 off 0.3978345738644638 __DUMMY__ 0.04276653383528838	false	1.0
auffallen	neg 1.0		neg 0.5539711645450947 off 0.4035358818488947 __DUMMY__ 0.04249295360601051	false	1.0
konkurrenz	neg 1.0		neg 0.5607696929853303 off 0.39650203722433086 __DUMMY__ 0.04272826979033904	false	1.0
teufelskreis	neg 1.0		neg 0.5584369327953297 off 0.3991359373100087 __DUMMY__ 0.04242712989466155	false	1.0
aufschreien	neg 1.0		neg 0.5555726428973089 off 0.4021271082685895 __DUMMY__ 0.04230024883410168	false	1.0
schuldner	neg 1.0		neg 0.5618019907728365 off 0.39587393561438694 __DUMMY__ 0.04232407361277654	false	1.0
missgeburt	off 1.0	off 1.0	off 0.6893119003171237 neg 0.2906110909853717 __DUMMY__ 0.020077008697504648	false	1.0
arbeitslos	neg 1.0		neg 0.5595996584476114 off 0.3979720189408416 __DUMMY__ 0.04242832261154705	false	1.0
befallen	neg 1.0		neg 0.561651441094774 off 0.3962301719807149 __DUMMY__ 0.042118386924511	false	1.0
miesepetrig	off 1.0		neg 0.5495701305449999 off 0.40791741121020114 __DUMMY__ 0.04251245824479902	false	0.5
alarmieren	neg 1.0		neg 0.5526381921142057 off 0.40517571231178157 __DUMMY__ 0.04218609557401291	false	1.0
ungeduscht	off 1.0		neg 0.5526809453621657 off 0.4048526900689854 __DUMMY__ 0.042466364568849016	false	0.5
knappheit	neg 1.0		neg 0.5589599606221304 off 0.3986111010146711 __DUMMY__ 0.042428938363198394	false	1.0
schlange	neg 1.0		neg 0.5533262070861662 off 0.40400618078392014 __DUMMY__ 0.04266761212991367	false	1.0
harsch	neg 1.0		neg 0.5433127617129024 off 0.41433723527560523 __DUMMY__ 0.0423500030114922	false	1.0
lang	neg 1.0		neg 0.5546683774812515 off 0.4028380786544859 __DUMMY__ 0.04249354386426255	false	1.0
ziellos	neg 1.0		neg 0.5587854554186301 off 0.39860697861150457 __DUMMY__ 0.042607565969865195	false	1.0
selbstverliebt	neg 1.0		neg 0.5427578699448597 off 0.4155145413798853 __DUMMY__ 0.04172758867525495	false	1.0
beseitigen	neg 1.0		neg 0.552911572900856 off 0.4043642126942968 __DUMMY__ 0.042724214404847353	false	1.0
dumm	off 1.0		neg 0.5457244616039818 off 0.4121705963352135 __DUMMY__ 0.04210494206080464	false	0.5
arbeitsloser	neg 1.0		neg 0.5602813013983932 off 0.39725626371569506 __DUMMY__ 0.04246243488591168	false	1.0
blitzen	neg 1.0		neg 0.5529059578020566 off 0.40474924239751287 __DUMMY__ 0.0423447998004304	false	1.0
hilflos	neg 1.0		neg 0.5580208356174081 off 0.39941210016436074 __DUMMY__ 0.04256706421823114	false	1.0
eklig	off 1.0		neg 0.5453812857961947 off 0.41260967775960516 __DUMMY__ 0.04200903644420011	false	0.5
begriff			neg 0.5585047114187456 off 0.3990465161295358 __DUMMY__ 0.04244877245171863	false	0.0
hungersnot	neg 1.0		neg 0.5604122733577271 off 0.3975915782171543 __DUMMY__ 0.04199614842511847	false	1.0
ungesetzlich	neg 1.0		neg 0.5573520375852911 off 0.40068065270278 __DUMMY__ 0.04196730971192892	false	1.0
verschwendung	neg 1.0		neg 0.5612213890715874 off 0.3962208988691649 __DUMMY__ 0.04255771205924775	false	1.0
schmerzvoll	neg 1.0		neg 0.5543313785799691 off 0.40314298267573 __DUMMY__ 0.04252563874430102	false	1.0
vorzeitig	neg 1.0		neg 0.5500931795827645 off 0.40748910853242765 __DUMMY__ 0.04241771188480779	false	1.0
unvollkommenheit	neg 1.0		neg 0.5560912294963387 off 0.4014375710659488 __DUMMY__ 0.04247119943771241	false	1.0
intervenieren	neg 1.0		neg 0.5628993385606006 off 0.39485799032574154 __DUMMY__ 0.042242671113657905	false	1.0
banause	off 1.0		neg 0.5442330582412644 off 0.41383423763607574 __DUMMY__ 0.04193270412265959	false	0.5
rebell	neg 1.0		neg 0.5608725887524102 off 0.3964411342544276 __DUMMY__ 0.04268627699316221	false	1.0
unlogisch	neg 1.0		neg 0.5490558750855973 off 0.40873210218057926 __DUMMY__ 0.04221202273382346	false	1.0
leiden	neg 1.0	neg 1.0	neg 0.7662451868822766 off 0.213035802406912 __DUMMY__ 0.0207190107108113	false	1.0
abschaffung	neg 1.0		neg 0.5569111397560569 off 0.40084973929166895 __DUMMY__ 0.0422391209522742	false	1.0
sturz	neg 1.0		neg 0.5566235808312247 off 0.40118629369942144 __DUMMY__ 0.042190125469353947	false	1.0
verkleinerung	neg 1.0		neg 0.5544800304897761 off 0.40344299478247414 __DUMMY__ 0.0420769747277497	false	1.0
schmarotzer	off 1.0		neg 0.5610262518574668 off 0.39665695785196964 __DUMMY__ 0.04231679029056358	false	0.5
bestrafung	neg 1.0		neg 0.5558914631174137 off 0.4017270226368075 __DUMMY__ 0.042381514245778885	false	1.0
achtlos	neg 1.0		neg 0.5556548008578547 off 0.40168065956995164 __DUMMY__ 0.04266453957219383	false	1.0
ungeheuer	neg 1.0		neg 0.554519549053847 off 0.40310031940659957 __DUMMY__ 0.04238013153955349	false	1.0
unaufrichtig	neg 1.0		neg 0.5560687365574244 off 0.4018746527108232 __DUMMY__ 0.042056610731752424	false	1.0
groggy	neg 1.0		neg 0.5527365332896298 off 0.4048792500992217 __DUMMY__ 0.04238421661114847	false	1.0
verletzlich	neg 1.0		neg 0.5504050588029947 off 0.4072605494642726 __DUMMY__ 0.042334391732732644	false	1.0
