unsolidarisch	neg 1.0		neg 0.39273345917561736 __DUMMY__ 0.329816354590748 off 0.2774501862336346	false	1.0
nachteilig	neg 1.0		neg 0.3896401221069997 __DUMMY__ 0.3342755371614714 off 0.276084340731529	false	1.0
skeptisch	neg 1.0		neg 0.3911777373729017 __DUMMY__ 0.3353567719125939 off 0.27346549071450427	false	1.0
schrecklich	neg 1.0		neg 0.37911023283497475 __DUMMY__ 0.33280219987750764 off 0.2880875672875176	false	1.0
schlapp	neg 1.0		neg 0.3803408061924237 __DUMMY__ 0.33523572794946066 off 0.2844234658581157	false	1.0
abfall	neg 1.0		neg 0.39254935128395124 __DUMMY__ 0.33571678154026036 off 0.27173386717578835	false	1.0
widerspenstig	neg 1.0		neg 0.38443898048352826 __DUMMY__ 0.3360487112204588 off 0.2795123082960129	false	1.0
abrupt	neg 1.0		neg 0.3854336943323814 __DUMMY__ 0.3364712327105531 off 0.27809507295706554	false	1.0
unwirksam	neg 1.0		neg 0.38990978366215917 __DUMMY__ 0.3314192828350922 off 0.2786709335027487	false	1.0
angreifen	neg 1.0		neg 0.39117887527950773 __DUMMY__ 0.3343283701138317 off 0.2744927546066605	false	1.0
inkonsistent	neg 1.0		neg 0.3856085077382081 __DUMMY__ 0.3332104180872929 off 0.2811810741744989	false	1.0
abrutschen	neg 1.0		neg 0.39137485032734526 __DUMMY__ 0.3363747263634437 off 0.27225042330921106	false	1.0
unsicher	neg 1.0		neg 0.3856276999192159 __DUMMY__ 0.3351421446809514 off 0.27923015539983287	false	1.0
bauernkind	off 1.0		neg 0.37936610682883715 __DUMMY__ 0.32997780115352954 off 0.29065609201763326	false	0.5
angreifer	neg 1.0		neg 0.38587528194335974 __DUMMY__ 0.3322844425160615 off 0.2818402755405788	false	1.0
trennen	neg 1.0		neg 0.38701324775945106 __DUMMY__ 0.33755687337513374 off 0.27542987886541515	false	1.0
schmutz	neg 1.0		neg 0.37609450019244794 __DUMMY__ 0.33720211645393616 off 0.28670338335361606	false	1.0
inkonsistenz	neg 1.0	neg 1.0	neg 0.6832096176073185 __DUMMY__ 0.16100778119454157 off 0.15578260119814	false	1.0
erschreckend	neg 1.0		neg 0.3887681898382604 __DUMMY__ 0.33397874298539326 off 0.2772530671763463	false	1.0
ertrinken	neg 1.0		neg 0.3876477969960935 __DUMMY__ 0.33624389856884385 off 0.2761083044350627	false	1.0
pickelface	off 1.0		neg 0.38705143329399855 __DUMMY__ 0.333233206888422 off 0.2797153598175794	false	0.5
seiner			neg 0.39024127103803363 __DUMMY__ 0.3350919076587003 off 0.2746668213032659	false	0.0
lauch	neg 1.0		neg 0.3909629056615574 __DUMMY__ 0.3356298551566036 off 0.273407239181839	false	1.0
unwichtig	neg 1.0		neg 0.38318026390696164 __DUMMY__ 0.3333330547255961 off 0.2834866813674424	false	1.0
steuerhinterziehung	neg 1.0		neg 0.39121715004319 __DUMMY__ 0.33170379226231334 off 0.27707905769449653	false	1.0
schock	neg 1.0		neg 0.38522596164259604 __DUMMY__ 0.3366204899442733 off 0.2781535484131307	false	1.0
beule	neg 1.0		neg 0.37919105488211907 __DUMMY__ 0.3349460165223605 off 0.2858629285955204	false	1.0
vergelten	neg 1.0		neg 0.37998538631822204 __DUMMY__ 0.3310412290750766 off 0.28897338460670136	false	1.0
verdorbenheit	neg 1.0		neg 0.3821139621906051 __DUMMY__ 0.33620048979137446 off 0.2816855480180205	false	1.0
trauma	neg 1.0		neg 0.3849206688810267 __DUMMY__ 0.33407915649997505 off 0.2810001746189982	false	1.0
sinnlos	neg 1.0		neg 0.3847077701940834 __DUMMY__ 0.33409772292792456 off 0.28119450687799213	false	1.0
fettsack	off 1.0	off 1.0	off 0.6302660446255856 neg 0.20956475499469834 __DUMMY__ 0.1601692003797162	false	1.0
feige	off 1.0		neg 0.38507404296438014 __DUMMY__ 0.33234439211825423 off 0.28258156491736575	false	0.5
abdanken	neg 1.0		neg 0.3930736759025673 __DUMMY__ 0.33039824411252666 off 0.276528079984906	false	1.0
wichtigtuer	off 1.0	off 1.0	off 0.6248529295788742 neg 0.21414132741179154 __DUMMY__ 0.16100574300933423	false	1.0
misslingen	neg 1.0		neg 0.38131903090781044 __DUMMY__ 0.33622417261778825 off 0.28245679647440125	false	1.0
untreu	off 1.0		neg 0.3819004593311423 __DUMMY__ 0.33356425149767027 off 0.2845352891711874	false	0.5
missmutig	neg 1.0		neg 0.3813717994048533 __DUMMY__ 0.33500694561545113 off 0.2836212549796957	false	1.0
hurenbock	off 1.0		neg 0.3812202756195704 __DUMMY__ 0.33664697895604623 off 0.28213274542438344	false	0.5
betrunken	neg 1.0		neg 0.3790435312384652 __DUMMY__ 0.3343298823997611 off 0.2866265863617736	false	1.0
korrupt	off 1.0		neg 0.39354769630520275 __DUMMY__ 0.3312712039537507 off 0.27518109974104654	false	0.5
unmut	neg 1.0		neg 0.3924441045939893 __DUMMY__ 0.3351358434861224 off 0.27242005191988816	false	1.0
hackfresse	off 1.0		neg 0.3765715739037417 __DUMMY__ 0.33188325056481893 off 0.2915451755314394	false	0.5
aufblasen	neg 1.0		neg 0.3831073694533907 __DUMMY__ 0.3357489417888428 off 0.28114368875776646	false	1.0
gewaltsam	neg 1.0		neg 0.3885930536416207 __DUMMY__ 0.33207445762402477 off 0.2793324887343547	false	1.0
unbeliebtheit	neg 1.0		neg 0.3883127323750184 __DUMMY__ 0.3281685630923664 off 0.2835187045326152	false	1.0
sturheit	neg 1.0		neg 0.3906859474339347 __DUMMY__ 0.33260101165514117 off 0.2767130409109242	false	1.0
kuh	neg 1.0		neg 0.38686597666414235 __DUMMY__ 0.33285544891605867 off 0.2802785744197991	false	1.0
erschrecken	neg 1.0		neg 0.38206255892574753 __DUMMY__ 0.33476855383760706 off 0.28316888723664546	false	1.0
opfer	neg 1.0	neg 1.0	neg 0.6857350193355015 __DUMMY__ 0.16213767547775013 off 0.15212730518674827	false	1.0
sinken	neg 1.0		neg 0.3911767179978204 __DUMMY__ 0.3354010649770403 off 0.27342221702513936	false	1.0
stinktier	neg 1.0		neg 0.38067860068029563 __DUMMY__ 0.3313883631223194 off 0.2879330361973849	false	1.0
tucke	off 1.0		neg 0.37484587417145326 __DUMMY__ 0.3325478293637785 off 0.29260629646476827	false	0.5
ein			neg 0.3822430738483243 __DUMMY__ 0.33687444158781804 off 0.2808824845638575	false	0.0
abstieg	neg 1.0		neg 0.3902740231194339 __DUMMY__ 0.33313416617665426 off 0.27659181070391176	false	1.0
missverstehen	neg 1.0		neg 0.38702454077164405 __DUMMY__ 0.3326541787817691 off 0.28032128044658683	false	1.0
ergebnislos	neg 1.0		neg 0.3895456618316462 __DUMMY__ 0.3339388872658671 off 0.2765154509024867	false	1.0
unter			neg 0.39097908194711384 __DUMMY__ 0.33934128037244427 off 0.26967963768044195	false	0.0
manipulieren	neg 1.0		neg 0.39149748831032793 __DUMMY__ 0.33428527211145803 off 0.2742172395782141	false	1.0
unbewiesen	neg 1.0		neg 0.3935370871712457 __DUMMY__ 0.32947554082003283 off 0.27698737200872153	false	1.0
verschleppen	neg 1.0		neg 0.39054156461832695 __DUMMY__ 0.33345669313322884 off 0.27600174224844426	false	1.0
weib	off 1.0		neg 0.3764498734708562 __DUMMY__ 0.3309947468763945 off 0.29255537965274925	false	0.5
opposition	neg 1.0		neg 0.3891395136275156 __DUMMY__ 0.3311714250368302 off 0.27968906133565413	false	1.0
verkehrswidrig	neg 1.0		neg 0.37630855713905453 __DUMMY__ 0.3334219997764086 off 0.29026944308453695	false	1.0
inkorrekt	neg 1.0		neg 0.3868623918485113 __DUMMY__ 0.33002862760664864 off 0.28310898054483996	false	1.0
vermeiden	neg 1.0		neg 0.39111190449501887 __DUMMY__ 0.33747467758018923 off 0.27141341792479196	false	1.0
abweichung	neg 1.0		neg 0.3937423941653247 __DUMMY__ 0.33130345937289796 off 0.2749541464617774	false	1.0
alkoholisiert	neg 1.0		neg 0.3873180302670947 __DUMMY__ 0.33551634936122693 off 0.27716562037167836	false	1.0
scheiss	off 1.0	off 1.0	off 0.6280785927112487 neg 0.2103117296127939 __DUMMY__ 0.16160967767595752	false	1.0
herausforderung	neg 1.0		neg 0.3837701174468924 __DUMMY__ 0.3379762619559424 off 0.27825362059716524	false	1.0
pervers	off 1.0		neg 0.373804684083643 __DUMMY__ 0.33066573752642264 off 0.29552957838993443	false	0.5
wackelig	neg 1.0		neg 0.3839737128295428 __DUMMY__ 0.3378961521257752 off 0.278130135044682	false	1.0
verwickeln	neg 1.0		neg 0.3859477034308655 __DUMMY__ 0.3335437322372772 off 0.28050856433185745	false	1.0
vorwand	neg 1.0		neg 0.39253718760490075 __DUMMY__ 0.3344752551311726 off 0.27298755726392654	false	1.0
muschi	off 1.0		neg 0.38784140330632383 __DUMMY__ 0.3330817595693501 off 0.2790768371243261	false	0.5
entmutigung	neg 1.0		neg 0.39337444619276485 __DUMMY__ 0.3278864364523256 off 0.2787391173549096	false	1.0
unangemessen	neg 1.0		neg 0.3919055180853623 __DUMMY__ 0.33261720286956425 off 0.2754772790450734	false	1.0
unstetig	neg 1.0		neg 0.38485215127524797 __DUMMY__ 0.3326197280011447 off 0.2825281207236074	false	1.0
entmutigen	neg 1.0		neg 0.3848968413331678 __DUMMY__ 0.33474814218973864 off 0.2803550164770936	false	1.0
schwanz	neg 1.0		neg 0.38800957906833944 __DUMMY__ 0.3346213042038391 off 0.2773691167278214	false	1.0
verbot	neg 1.0		neg 0.39186743002444757 __DUMMY__ 0.3319142225012723 off 0.27621834747428003	false	1.0
leid	neg 1.0		neg 0.3778922220028859 __DUMMY__ 0.3323984281759518 off 0.28970934982116237	false	1.0
archaisch	neg 1.0		neg 0.39085418190980964 __DUMMY__ 0.33294067452008363 off 0.2762051435701067	false	1.0
gegen			neg 0.39272697709093074 __DUMMY__ 0.33400097871114065 off 0.27327204419792855	false	0.0
scheidung	neg 1.0	neg 1.0	neg 0.6718807823719773 off 0.16818088671903475 __DUMMY__ 0.15993833090898785	false	1.0
einschlag	neg 1.0		neg 0.37839816129039555 __DUMMY__ 0.3323978642400965 off 0.289203974469508	false	1.0
m			neg 0.38602795402317175 __DUMMY__ 0.3356285934826168 off 0.27834345249421144	false	0.0
abgestanden	neg 1.0		neg 0.38485418321225506 __DUMMY__ 0.33546808721303334 off 0.27967772957471165	false	1.0
schmierig	off 1.0		neg 0.37776286743482906 __DUMMY__ 0.33330108124754915 off 0.28893605131762184	false	0.5
unpraktisch	neg 1.0		neg 0.3826798068943579 __DUMMY__ 0.3360556522016007 off 0.2812645409040414	false	1.0
wixxer	off 1.0		neg 0.37530758827576993 __DUMMY__ 0.32957848094813486 off 0.2951139307760951	false	0.5
bezeichnet			neg 0.38937237870396246 __DUMMY__ 0.3330742021702702 off 0.27755341912576736	false	0.0
jammerlappen	off 1.0		neg 0.3826472248333584 __DUMMY__ 0.3336866173568098 off 0.28366615780983173	false	0.5
farce	neg 1.0		neg 0.395004618262612 __DUMMY__ 0.32962757200158066 off 0.27536780973580727	false	1.0
zwecklos	neg 1.0		neg 0.3910534560018183 __DUMMY__ 0.33342179248050574 off 0.27552475151767597	false	1.0
turbulent	neg 1.0		neg 0.38066678305226587 __DUMMY__ 0.3319918202863786 off 0.28734139666135566	false	1.0
invasion	neg 1.0		neg 0.3820673782556676 __DUMMY__ 0.3348799336468387 off 0.2830526880974937	false	1.0
schuld	neg 1.0		neg 0.38661777529419966 __DUMMY__ 0.33380799669017025 off 0.27957422801563003	false	1.0
risiko	neg 1.0		neg 0.3804878612960471 __DUMMY__ 0.3357608042005964 off 0.28375133450335643	false	1.0
finster	neg 1.0		neg 0.38367923064263 __DUMMY__ 0.3360426518534944 off 0.2802781175038756	false	1.0
geisteskrank	off 1.0		neg 0.38452009108287877 __DUMMY__ 0.3312183016783069 off 0.2842616072388144	false	0.5
zusammenbrechen	neg 1.0		neg 0.3865482247251015 __DUMMY__ 0.3355491682529855 off 0.27790260702191294	false	1.0
ausbeute	neg 1.0		neg 0.3859907038059195 __DUMMY__ 0.3367058585711157 off 0.27730343762296483	false	1.0
hinterhalt	neg 1.0		neg 0.38543596825199106 __DUMMY__ 0.3341650081603055 off 0.2803990235877034	false	1.0
kritik	neg 1.0		neg 0.39369770071602833 __DUMMY__ 0.3304818878477524 off 0.2758204114362193	false	1.0
einschrumpfen	neg 1.0		neg 0.38709130720821594 __DUMMY__ 0.33095503742167875 off 0.2819536553701053	false	1.0
riskant	neg 1.0		neg 0.3897644896184675 __DUMMY__ 0.33511959800112984 off 0.27511591238040267	false	1.0
frustrieren	neg 1.0		neg 0.3909204453084448 __DUMMY__ 0.3344391719612646 off 0.27464038273029057	false	1.0
groll	neg 1.0		neg 0.39054858848853735 __DUMMY__ 0.33359471794858064 off 0.2758566935628821	false	1.0
gibt			neg 0.38869537143921357 __DUMMY__ 0.33448619388389444 off 0.2768184346768918	false	0.0
qualvoll	neg 1.0		neg 0.3829797952488019 __DUMMY__ 0.3350346483323733 off 0.28198555641882495	false	1.0
wackeln	neg 1.0		neg 0.38198095836045953 __DUMMY__ 0.3368795675399581 off 0.2811394740995823	false	1.0
klagen	neg 1.0		neg 0.39307912711545934 __DUMMY__ 0.3341637017183868 off 0.2727571711661537	false	1.0
bankrott	neg 1.0		neg 0.38071639851323014 __DUMMY__ 0.3345899450242723 off 0.2846936564624976	false	1.0
trauern	neg 1.0		neg 0.3893812140631755 __DUMMY__ 0.33516360726931543 off 0.27545517866750924	false	1.0
ablehnung	neg 1.0	neg 1.0	neg 0.6873017897824628 __DUMMY__ 0.1601715822308573 off 0.1525266279866799	false	1.0
stur	neg 1.0		neg 0.38581095284597666 __DUMMY__ 0.3340399075934454 off 0.280149139560578	false	1.0
aufruhr	neg 1.0		neg 0.3900726420016798 __DUMMY__ 0.33152138333109615 off 0.27840597466722405	false	1.0
melancholie	neg 1.0		neg 0.38571151308849283 __DUMMY__ 0.33672268645577447 off 0.27756580045573276	false	1.0
ist			neg 0.38606401224014797 __DUMMY__ 0.3337583972083702 off 0.28017759055148195	false	0.0
torheit	neg 1.0		neg 0.3915213906957218 __DUMMY__ 0.3302214842406987 off 0.2782571250635794	false	1.0
dreckskind	off 1.0		neg 0.38183394842021734 __DUMMY__ 0.329203360987891 off 0.2889626905918917	false	0.5
umtauschen	neg 1.0		neg 0.3849691848599043 __DUMMY__ 0.33577512931492687 off 0.279255685825169	false	1.0
zum			neg 0.38724528545699394 __DUMMY__ 0.33956461763309637 off 0.27319009690990975	false	0.0
zersetzen	neg 1.0		neg 0.3921497539130855 __DUMMY__ 0.3342445628824021 off 0.27360568320451234	false	1.0
zur			neg 0.3929591402103278 __DUMMY__ 0.3359954673861114 off 0.27104539240356074	false	0.0
frust	neg 1.0		neg 0.38747994846629924 __DUMMY__ 0.3351400545912351 off 0.27737999694246573	false	1.0
unerbittlichkeit	neg 1.0		neg 0.3920683592312439 __DUMMY__ 0.33367998871120635 off 0.2742516520575498	false	1.0
zwei			neg 0.3876621761767929 __DUMMY__ 0.3381007930238405 off 0.27423703079936657	false	0.0
unkorrekt	neg 1.0		neg 0.3843398232897894 __DUMMY__ 0.3310378522833888 off 0.28462232442682184	false	1.0
hexe	off 1.0		neg 0.3814008737697934 __DUMMY__ 0.33390235057992396 off 0.2846967756502825	false	0.5
lasch	neg 1.0		neg 0.3859647907709763 __DUMMY__ 0.332457775489459 off 0.2815774337395647	false	1.0
rivale	neg 1.0		neg 0.3802954039087646 __DUMMY__ 0.3316802356048136 off 0.2880243604864218	false	1.0
mutlos	off 1.0	off 1.0	off 0.6218006346442564 neg 0.21714448772403827 __DUMMY__ 0.16105487763170528	false	1.0
wirr	off 1.0		neg 0.3824439186256993 __DUMMY__ 0.3310991005784455 off 0.2864569807958551	false	0.5
jahr			neg 0.386766933903694 __DUMMY__ 0.33705298109143716 off 0.27618008500486885	false	0.0
wird			neg 0.3895331623663432 __DUMMY__ 0.3348592042465485 off 0.2756076333871082	false	0.0
strafbar	neg 1.0		neg 0.3930444286834858 __DUMMY__ 0.33277798942877956 off 0.2741775818877346	false	1.0
erosion	neg 1.0		neg 0.38281579225527634 __DUMMY__ 0.3355682112356204 off 0.28161599650910324	false	1.0
eingehen	neg 1.0		neg 0.3908278468835071 __DUMMY__ 0.3338164615010546 off 0.27535569161543827	false	1.0
faul	off 1.0		neg 0.379815113921694 __DUMMY__ 0.3356727019085698 off 0.2845121841697362	false	0.5
provisorium	neg 1.0		neg 0.39328034602391326 __DUMMY__ 0.3382519924240451 off 0.2684676615520417	false	1.0
schmerzen	neg 1.0		neg 0.38606858598957156 __DUMMY__ 0.3356114447088215 off 0.27831996930160696	false	1.0
schrumpfen	neg 1.0		neg 0.39252455733664054 __DUMMY__ 0.3365305548868484 off 0.270944887776511	false	1.0
geistlos	off 1.0		neg 0.3907356445728302 __DUMMY__ 0.32963174888994173 off 0.2796326065372281	false	0.5
fehlkauf	neg 1.0		neg 0.38497268256570333 __DUMMY__ 0.33314750953265754 off 0.28187980790163913	false	1.0
frustrierend	neg 1.0	neg 1.0	neg 0.6817968076095321 __DUMMY__ 0.16192871614580356 off 0.15627447624466428	false	1.0
unzufrieden	neg 1.0		neg 0.3897542452506168 __DUMMY__ 0.33422229522647956 off 0.2760234595229037	false	1.0
verzweifeln	neg 1.0		neg 0.3865890183548385 __DUMMY__ 0.3349774037660837 off 0.27843357787907785	false	1.0
verzweifelt	neg 1.0		neg 0.3857393401123688 __DUMMY__ 0.33416255200466055 off 0.2800981078829706	false	1.0
misstrauensantrag	neg 1.0		neg 0.3862519331481382 __DUMMY__ 0.33237447993436553 off 0.28137358691749625	false	1.0
abfallen	neg 1.0		neg 0.38157339932529766 __DUMMY__ 0.3370670988333333 off 0.28135950184136904	false	1.0
fucker	off 1.0		neg 0.3809192149521408 __DUMMY__ 0.33217567906106565 off 0.28690510598679353	false	0.5
ungezogen	neg 1.0		neg 0.3746949247284788 __DUMMY__ 0.33193089074814164 off 0.2933741845233795	false	1.0
irrsinnig	neg 1.0	neg 1.0	neg 0.684357149684831 __DUMMY__ 0.16138148768834745 off 0.15426136262682155	false	1.0
unfassbar	neg 1.0		neg 0.38236041198433246 __DUMMY__ 0.3335112893557517 off 0.2841282986599159	false	1.0
hart	neg 1.0		neg 0.3836877578000259 __DUMMY__ 0.33239453508695216 off 0.28391770711302206	false	1.0
widerlich	off 1.0		neg 0.3829151310623681 __DUMMY__ 0.3324923295237628 off 0.2845925394138691	false	0.5
fatal	neg 1.0		neg 0.38469259965167896 __DUMMY__ 0.3334170570507284 off 0.2818903432975926	false	1.0
bruch	neg 1.0		neg 0.3951907000126027 __DUMMY__ 0.3331952676766624 off 0.2716140323107349	false	1.0
aushungern	neg 1.0		neg 0.39024858431127796 __DUMMY__ 0.3316434674925635 off 0.27810794819615836	false	1.0
anspannung	neg 1.0		neg 0.3903486197857442 __DUMMY__ 0.33699296871142437 off 0.2726584115028314	false	1.0
von			neg 0.387583473304003 __DUMMY__ 0.3371856894470105 off 0.27523083724898656	false	0.0
kraftlos	neg 1.0		neg 0.3855666406017157 __DUMMY__ 0.3371305517901884 off 0.2773028076080958	false	1.0
vom			neg 0.39067082402789816 __DUMMY__ 0.33905720202798795 off 0.2702719739441141	false	0.0
grenzdebil	off 1.0		neg 0.3801684809409625 __DUMMY__ 0.33407788659649185 off 0.28575363246254554	false	0.5
vor			neg 0.3899466968971744 __DUMMY__ 0.33647223092944945 off 0.27358107217337607	false	0.0
unterwerfen	neg 1.0		neg 0.3912385585918887 __DUMMY__ 0.33377733678074895 off 0.27498410462736245	false	1.0
versenkung	neg 1.0		neg 0.39041443356002253 __DUMMY__ 0.3346775107213555 off 0.274908055718622	false	1.0
entziehen	neg 1.0		neg 0.3929675976806465 __DUMMY__ 0.33461462371190726 off 0.2724177786074463	false	1.0
finanzkrise	neg 1.0		neg 0.3914320180628568 __DUMMY__ 0.33116836277068173 off 0.27739961916646144	false	1.0
schimpfend	neg 1.0		neg 0.37967330185779236 __DUMMY__ 0.33768547089808265 off 0.282641227244125	false	1.0
profan	neg 1.0		neg 0.38482088974318607 __DUMMY__ 0.33405804273625517 off 0.2811210675205589	false	1.0
korruption	neg 1.0		neg 0.39301098674351015 __DUMMY__ 0.3315224929630035 off 0.27546652029348623	false	1.0
â			neg 0.38721315876975815 __DUMMY__ 0.3355113076605423 off 0.2772755335696996	false	0.0
schmutzig	neg 1.0		neg 0.37854601577211794 __DUMMY__ 0.3354942244245299 off 0.28595975980335225	false	1.0
sexy	neg 1.0		neg 0.38210879742095827 __DUMMY__ 0.33408821165385777 off 0.28380299092518385	false	1.0
abraten	neg 1.0		neg 0.38382280646839456 __DUMMY__ 0.3352880339455709 off 0.28088915958603444	false	1.0
schwarz	neg 1.0		neg 0.38527771518007414 __DUMMY__ 0.3336815094246371 off 0.2810407753952888	false	1.0
fotze	off 1.0		neg 0.38925168897182144 __DUMMY__ 0.3335144501618416 off 0.27723386086633695	false	0.5
verwirren	neg 1.0		neg 0.38376819280393504 __DUMMY__ 0.3341137839793517 off 0.2821180232167133	false	1.0
zahnlos	off 1.0		neg 0.39070708157803985 __DUMMY__ 0.33337087652809766 off 0.27592204189386244	false	0.5
verheeren	neg 1.0		neg 0.3759580123599046 __DUMMY__ 0.3295414850349116 off 0.2945005026051836	false	1.0
hippie	neg 1.0		neg 0.38281152868333146 __DUMMY__ 0.3337993887687769 off 0.28338908254789164	false	1.0
rammen	neg 1.0		neg 0.38277796635381045 __DUMMY__ 0.3346429058041005 off 0.28257912784208894	false	1.0
unlauter	neg 1.0	neg 1.0	neg 0.6836906418038297 __DUMMY__ 0.16096846156423175 off 0.1553408966319385	false	1.0
unheilvoll	neg 1.0		neg 0.3832741148524095 __DUMMY__ 0.33508747888980017 off 0.2816384062577904	false	1.0
niedrig	neg 1.0		neg 0.3897793657707882 __DUMMY__ 0.33415120862765524 off 0.27606942560155656	false	1.0
explosion	neg 1.0		neg 0.3821315074281264 __DUMMY__ 0.33461703413273736 off 0.28325145843913624	false	1.0
weichei	off 1.0		neg 0.3777184922597276 __DUMMY__ 0.33200005799880783 off 0.2902814497414645	false	0.5
minusmensch	off 1.0		neg 0.3777987435932533 __DUMMY__ 0.32851285795757645 off 0.29368839844917016	false	0.5
farblos	neg 1.0		neg 0.38610079203783976 __DUMMY__ 0.33380737134220473 off 0.2800918366199555	false	1.0
unwissend	neg 1.0	neg 1.0	neg 0.6821603056907656 __DUMMY__ 0.1610515114473375 off 0.1567881828618969	false	1.0
traurig	neg 1.0		neg 0.37884476690201374 __DUMMY__ 0.33371263225970416 off 0.28744260083828216	false	1.0
senkung	neg 1.0		neg 0.3846704526574597 __DUMMY__ 0.3330931392314076 off 0.28223640811113276	false	1.0
ungleich	neg 1.0	neg 1.0	neg 0.687107786513774 __DUMMY__ 0.16132812230056773 off 0.15156409118565814	false	1.0
heikel	neg 1.0		neg 0.39163423975881356 __DUMMY__ 0.33461399909851225 off 0.2737517611426743	false	1.0
drosselung	neg 1.0		neg 0.37767168700338005 __DUMMY__ 0.33412952044188615 off 0.2881987925547338	false	1.0
falsch	neg 1.0		neg 0.38330427766854874 __DUMMY__ 0.33368847829094395 off 0.28300724404050737	false	1.0
unzufriedenheit	neg 1.0		neg 0.3923781151977879 __DUMMY__ 0.33425212650326497 off 0.2733697582989472	false	1.0
kurz	neg 1.0		neg 0.38482173493483185 __DUMMY__ 0.3367835437967024 off 0.2783947212684659	false	1.0
unsinnig	neg 1.0		neg 0.38963500162005416 __DUMMY__ 0.33393638875621395 off 0.2764286096237319	false	1.0
penner	off 1.0	off 1.0	off 0.631617085657681 neg 0.2076351675724792 __DUMMY__ 0.1607477467698397	false	1.0
seicht	neg 1.0		neg 0.378218386470045 __DUMMY__ 0.32990033535248176 off 0.29188127817747317	false	1.0
dummheit	off 1.0	off 1.0	off 0.6252306700785586 neg 0.21387124419685524 __DUMMY__ 0.16089808572458614	false	1.0
unerfreulich	neg 1.0		neg 0.3914179927718194 __DUMMY__ 0.3352101494728271 off 0.2733718577553534	false	1.0
motherfucker	off 1.0	off 1.0	off 0.6286512927336703 neg 0.21057364902137743 __DUMMY__ 0.16077505824495222	false	1.0
pikiert	neg 1.0		neg 0.38388756619016556 __DUMMY__ 0.3327821081093464 off 0.2833303257004882	false	1.0
wrack	neg 1.0		neg 0.38613729183602086 __DUMMY__ 0.3359938405959863 off 0.27786886756799273	false	1.0
gangster	neg 1.0		neg 0.3836803465818128 __DUMMY__ 0.33383499798271943 off 0.2824846554354678	false	1.0
krank	neg 1.0		neg 0.3789265656270589 __DUMMY__ 0.33497533571968685 off 0.2860980986532543	false	1.0
reich	neg 1.0		neg 0.38858924023451585 __DUMMY__ 0.3288747166392426 off 0.2825360431262414	false	1.0
gnadenlos	neg 1.0		neg 0.3858507800675514 __DUMMY__ 0.3341902159660221 off 0.2799590039664265	false	1.0
niedergeschlagen	neg 1.0		neg 0.3870593514315908 __DUMMY__ 0.3352013968897515 off 0.2777392516786579	false	1.0
terrorisieren	off 1.0	off 1.0	off 0.6222827245378936 neg 0.21541287499239697 __DUMMY__ 0.16230440046970945	false	1.0
sinnlosigkeit	neg 1.0		neg 0.39043847093505074 __DUMMY__ 0.3335291276331905 off 0.27603240143175894	false	1.0
behindern	neg 1.0		neg 0.38468452808858594 __DUMMY__ 0.3356251830040949 off 0.27969028890731923	false	1.0
undemokratisch	neg 1.0		neg 0.3902401054115705 __DUMMY__ 0.33079546060946197 off 0.27896443397896753	false	1.0
wirtschaftskrise	neg 1.0		neg 0.39163309955509124 __DUMMY__ 0.33244475195360906 off 0.2759221484912998	false	1.0
neid	neg 1.0		neg 0.38135023710552346 __DUMMY__ 0.33526713131738206 off 0.2833826315770944	false	1.0
rutschen	neg 1.0		neg 0.3867923447851091 __DUMMY__ 0.33974956545638335 off 0.27345808975850755	false	1.0
rezession	neg 1.0		neg 0.38234044618470553 __DUMMY__ 0.3299027230381208 off 0.2877568307771738	false	1.0
fehlgeburt	neg 1.0		neg 0.38634011994249956 __DUMMY__ 0.33399831764116084 off 0.27966156241633955	false	1.0
charakterschwach	off 1.0		neg 0.3828476760363877 __DUMMY__ 0.332647921071729 off 0.28450440289188333	false	0.5
isolation	neg 1.0		neg 0.3811016124516319 __DUMMY__ 0.33402399099742947 off 0.2848743965509387	false	1.0
ablenkung	neg 1.0		neg 0.3848019694493601 __DUMMY__ 0.33539884366549993 off 0.27979918688514005	false	1.0
pech	neg 1.0		neg 0.3835590143947037 __DUMMY__ 0.33416226942016275 off 0.28227871618513345	false	1.0
vermeidung	neg 1.0		neg 0.3786032332957696 __DUMMY__ 0.33444778466835373 off 0.28694898203587665	false	1.0
dominieren	neg 1.0		neg 0.3879531682698997 __DUMMY__ 0.33429414628639786 off 0.27775268544370246	false	1.0
schwindlig	neg 1.0		neg 0.38115283824696905 __DUMMY__ 0.3359224024494425 off 0.2829247593035884	false	1.0
lutscher	neg 1.0		neg 0.3768560190226139 __DUMMY__ 0.33015350362517976 off 0.29299047735220624	false	1.0
pflicht	neg 1.0		neg 0.39219030179054315 __DUMMY__ 0.33437719977156727 off 0.2734324984378896	false	1.0
faschist	off 1.0		neg 0.3895935201164035 __DUMMY__ 0.3305059336608842 off 0.2799005462227122	false	0.5
verschleudern	neg 1.0		neg 0.3917834653791222 __DUMMY__ 0.3327942901944633 off 0.2754222444264145	false	1.0
wenn			neg 0.38282799741557816 __DUMMY__ 0.3339995273709311 off 0.2831724752134908	false	0.0
ehebruch	neg 1.0		neg 0.3917878260040777 __DUMMY__ 0.3331235314720891 off 0.27508864252383314	false	1.0
spott	off 1.0		neg 0.392321040878082 __DUMMY__ 0.33325023496819967 off 0.2744287241537184	false	0.5
trostlosigkeit	neg 1.0		neg 0.3956184590335411 __DUMMY__ 0.3320292947008264 off 0.27235224626563254	false	1.0
lutschen	neg 1.0		neg 0.38423895669926744 __DUMMY__ 0.3323187251242336 off 0.28344231817649884	false	1.0
undiszipliniert	neg 1.0		neg 0.3801405585028088 __DUMMY__ 0.3333122940785619 off 0.28654714741862924	false	1.0
kopfschmerz	neg 1.0		neg 0.3869400192304639 __DUMMY__ 0.33461797124567194 off 0.27844200952386433	false	1.0
unvorhergesehen	neg 1.0		neg 0.3844025712502502 __DUMMY__ 0.3372302853371634 off 0.27836714341258634	false	1.0
desinteressiert	neg 1.0		neg 0.3818236706071455 __DUMMY__ 0.33244569592769163 off 0.2857306334651628	false	1.0
armselig	off 1.0		neg 0.38170475240591567 __DUMMY__ 0.3317901698617828 off 0.2865050777323015	false	0.5
desaster	neg 1.0		neg 0.3951704516645748 __DUMMY__ 0.3334200894150524 off 0.27140945892037266	false	1.0
tod	neg 1.0		neg 0.39325996061308555 __DUMMY__ 0.3323435063285278 off 0.27439653305838657	false	1.0
herzlos	neg 1.0		neg 0.3785023631076924 __DUMMY__ 0.33340688412832603 off 0.28809075276398155	false	1.0
unwissenheit	neg 1.0		neg 0.3915724923569162 __DUMMY__ 0.332827667294702 off 0.27559984034838186	false	1.0
widersinnig	neg 1.0		neg 0.3928751303672653 __DUMMY__ 0.331037537467979 off 0.27608733216475584	false	1.0
bedenklich	neg 1.0		neg 0.3909339288732013 __DUMMY__ 0.3343207419470426 off 0.2747453291797562	false	1.0
beanstanden	neg 1.0		neg 0.3921907187024461 __DUMMY__ 0.33462803300206373 off 0.2731812482954903	false	1.0
panisch	neg 1.0	neg 1.0	neg 0.6801739838512406 __DUMMY__ 0.1635773486435854 off 0.15624866750517405	false	1.0
debil	off 1.0		neg 0.3941800983586374 __DUMMY__ 0.3353274359224581 off 0.2704924657189044	false	0.5
abstrich	neg 1.0		neg 0.3827446061686702 __DUMMY__ 0.336606620530881 off 0.2806487733004487	false	1.0
primitiv	neg 1.0		neg 0.38255953297332407 __DUMMY__ 0.33230986501742454 off 0.28513060200925133	false	1.0
abschaum	off 1.0	off 1.0	off 0.6266199394628077 neg 0.21276876119617047 __DUMMY__ 0.16061129934102186	false	1.0
provozieren	neg 1.0		neg 0.3882937796802795 __DUMMY__ 0.3330444146979858 off 0.2786618056217346	false	1.0
tot	neg 1.0		neg 0.38896854494035343 __DUMMY__ 0.3334216342229185 off 0.277609820836728	false	1.0
instabil	neg 1.0		neg 0.3824156193850028 __DUMMY__ 0.3304852702833439 off 0.2870991103316533	false	1.0
schwuchtel	off 1.0		neg 0.37425137857841206 __DUMMY__ 0.3279603701332027 off 0.2977882512883852	false	0.5
zerren	neg 1.0		neg 0.3868746996544222 __DUMMY__ 0.3353810988782298 off 0.27774420146734796	false	1.0
kinderficker	off 1.0		neg 0.3802652893939274 __DUMMY__ 0.33100577516790325 off 0.2887289354381693	false	0.5
gefahr	neg 1.0		neg 0.3915058344768403 __DUMMY__ 0.33349827857773795 off 0.27499588694542176	false	1.0
rabiat	neg 1.0		neg 0.3867148397650528 __DUMMY__ 0.33428840974316576 off 0.27899675049178146	false	1.0
verlangsamung	neg 1.0		neg 0.3788681626395529 __DUMMY__ 0.32972511492175943 off 0.29140672243868765	false	1.0
ausgestorben	neg 1.0		neg 0.3871848553883569 __DUMMY__ 0.33510511557343564 off 0.2777100290382076	false	1.0
anklagen	neg 1.0		neg 0.38950058392915793 __DUMMY__ 0.332701550684605 off 0.27779786538623713	false	1.0
trott	neg 1.0		neg 0.38543457758265137 __DUMMY__ 0.3350410638007793 off 0.2795243586165694	false	1.0
verminderung	neg 1.0		neg 0.3796349455007075 __DUMMY__ 0.333178409876637 off 0.2871866446226554	false	1.0
nach			neg 0.38935415085717806 __DUMMY__ 0.33825260936185014 off 0.2723932397809718	false	0.0
rost	neg 1.0		neg 0.3761877106731646 __DUMMY__ 0.33119504573255987 off 0.29261724359427554	false	1.0
destruktiv	neg 1.0		neg 0.3904450471923979 __DUMMY__ 0.3325126302642936 off 0.2770423225433086	false	1.0
unzumutbarkeit	neg 1.0		neg 0.37915250174324083 __DUMMY__ 0.3340372376161234 off 0.2868102606406358	false	1.0
labil	off 1.0	off 1.0	off 0.6274393481423507 neg 0.21168724258197022 __DUMMY__ 0.16087340927567914	false	1.0
ziemlich	neg 1.0		neg 0.3811633315728878 __DUMMY__ 0.333832142989109 off 0.2850045254380032	false	1.0
lachnummer	off 1.0		neg 0.39008273763340023 __DUMMY__ 0.3327219891383643 off 0.2771952732282355	false	0.5
oder			neg 0.38466345854589856 __DUMMY__ 0.33574141558261894 off 0.27959512587148233	false	0.0
verfall	neg 1.0		neg 0.394293014843924 __DUMMY__ 0.33539688301652815 off 0.2703101021395479	false	1.0
ausgrenzung	neg 1.0		neg 0.38940982163841414 __DUMMY__ 0.3308240522264722 off 0.2797661261351136	false	1.0
unordnung	neg 1.0		neg 0.380263358091049 __DUMMY__ 0.3313175365038573 off 0.28841910540509363	false	1.0
fehlverhalten	neg 1.0		neg 0.39232752587328845 __DUMMY__ 0.3334320506860361 off 0.27424042344067534	false	1.0
eine			neg 0.3904492247366188 __DUMMY__ 0.33593965875883325 off 0.273611116504548	false	0.0
nille	neg 1.0		neg 0.3889288790068297 __DUMMY__ 0.33256765357639617 off 0.27850346741677406	false	1.0
qual	neg 1.0		neg 0.385777721815461 __DUMMY__ 0.334870410658478 off 0.27935186752606117	false	1.0
verschwenden	neg 1.0		neg 0.390299411051753 __DUMMY__ 0.33467406035735364 off 0.2750265285908933	false	1.0
riesig	neg 1.0		neg 0.3869194219990945 __DUMMY__ 0.3347238770363126 off 0.2783567009645927	false	1.0
verurteilen	neg 1.0		neg 0.3916666212351582 __DUMMY__ 0.33259143179167494 off 0.2757419469731668	false	1.0
klischee	neg 1.0	neg 1.0	neg 0.6836325693710369 __DUMMY__ 0.16074544432001117 off 0.15562198630895197	false	1.0
diktatorisch	neg 1.0		neg 0.3919573589296001 __DUMMY__ 0.329772403002741 off 0.278270238067659	false	1.0
vorhersehbar	neg 1.0		neg 0.38790191256219847 __DUMMY__ 0.33204360999094873 off 0.2800544774468527	false	1.0
sowie			neg 0.3798473693122097 __DUMMY__ 0.33018134373143265 off 0.2899712869563578	false	0.0
stornieren	neg 1.0		neg 0.3816649378298336 __DUMMY__ 0.33550781730382007 off 0.2828272448663463	false	1.0
besteuerung	neg 1.0		neg 0.3868517841248385 __DUMMY__ 0.33303572406887405 off 0.2801124918062874	false	1.0
ungeschminkt	neg 1.0		neg 0.38181363048827005 __DUMMY__ 0.33293094511327675 off 0.28525542439845325	false	1.0
kritisch	neg 1.0		neg 0.39214489017398224 __DUMMY__ 0.33333096012925706 off 0.2745241496967607	false	1.0
schlamperei	off 1.0		neg 0.3913570244236365 __DUMMY__ 0.33330969434098 off 0.2753332812353834	false	0.5
sucht	neg 1.0	neg 1.0	neg 0.6792996455350768 __DUMMY__ 0.16368039812883337 off 0.1570199563360898	false	1.0
egoistisch	off 1.0		neg 0.3776968636193103 __DUMMY__ 0.3321411941248945 off 0.29016194225579517	false	0.5
ausbeuter	off 1.0		neg 0.39368643960068134 __DUMMY__ 0.3328287426546072 off 0.27348481774471145	false	0.5
arschgeburt	off 1.0		neg 0.3744013891304135 __DUMMY__ 0.3279643658756033 off 0.29763424499398305	false	0.5
schubs	neg 1.0	neg 1.0	neg 0.6832574292988955 __DUMMY__ 0.1633374307742249 off 0.1534051399268796	false	1.0
unsolide	neg 1.0		neg 0.3897814153752044 __DUMMY__ 0.328662225268671 off 0.2815563593561246	false	1.0
beschwerde	neg 1.0		neg 0.39042529750691213 __DUMMY__ 0.33334688121232503 off 0.2762278212807629	false	1.0
stocken	neg 1.0		neg 0.3886158825171951 __DUMMY__ 0.3348806800601644 off 0.27650343742264055	false	1.0
isolieren	neg 1.0		neg 0.3849419013325418 __DUMMY__ 0.3358321566179372 off 0.27922594204952106	false	1.0
unheilbar	neg 1.0		neg 0.3871480634212429 __DUMMY__ 0.3335596712131435 off 0.2792922653656136	false	1.0
pisser	off 1.0		neg 0.38121724021471703 __DUMMY__ 0.33122441934741137 off 0.2875583404378716	false	0.5
löschen	neg 1.0		neg 0.3858802245818779 __DUMMY__ 0.33383497720585853 off 0.28028479821226354	false	1.0
durchfallen	neg 1.0		neg 0.3899782205211213 __DUMMY__ 0.33452986331530254 off 0.27549191616357604	false	1.0
wichser	off 1.0		neg 0.3746878270830147 __DUMMY__ 0.3306902741252095 off 0.2946218987917757	false	0.5
terror	neg 1.0		neg 0.380873279207923 __DUMMY__ 0.3351538695855784 off 0.28397285120649857	false	1.0
krass	neg 1.0		neg 0.3791526859776397 __DUMMY__ 0.3326869074468771 off 0.2881604065754831	false	1.0
revolte	neg 1.0	neg 1.0	neg 0.6857757917585148 __DUMMY__ 0.15922401252479576 off 0.15500019571668952	false	1.0
besorgt	neg 1.0		neg 0.3837130884793421 __DUMMY__ 0.33739128579524535 off 0.27889562572541254	false	1.0
nachlassen	neg 1.0		neg 0.3871856854792103 __DUMMY__ 0.33546931644024114 off 0.27734499808054847	false	1.0
alt	neg 1.0		neg 0.3868124835303095 __DUMMY__ 0.33697472003916656 off 0.27621279643052393	false	1.0
hundesohn	off 1.0		neg 0.37770073737910576 __DUMMY__ 0.3292381135654899 off 0.2930611490554045	false	0.5
als			neg 0.38744830877443126 __DUMMY__ 0.3355910076271041 off 0.27696068359846454	false	0.0
abschreckung	neg 1.0		neg 0.3929080761101212 __DUMMY__ 0.33397575235599575 off 0.2731161715338832	false	1.0
unqualifiziert	neg 1.0		neg 0.38669414836380356 __DUMMY__ 0.3325236419028271 off 0.2807822097333693	false	1.0
abgewichst	off 1.0		neg 0.38824357581770697 __DUMMY__ 0.33377444020432656 off 0.27798198397796653	false	0.5
schwer	neg 1.0		neg 0.38628840928208275 __DUMMY__ 0.3350142067082756 off 0.27869738400964167	false	1.0
bedeutungslosigkeit	neg 1.0		neg 0.3929801969801673 __DUMMY__ 0.3334931978428114 off 0.27352660517702115	false	1.0
kapitulation	neg 1.0		neg 0.3947013647855565 __DUMMY__ 0.3308363311559857 off 0.2744623040584578	false	1.0
unscharf	neg 1.0		neg 0.38386745413872103 __DUMMY__ 0.3338959949047657 off 0.2822365509565133	false	1.0
schwinden	neg 1.0		neg 0.39067133456315795 __DUMMY__ 0.33472355446064944 off 0.27460511097619267	false	1.0
versklavung	neg 1.0	neg 1.0	neg 0.6859979953815136 __DUMMY__ 0.15998691315239943 off 0.154015091466087	false	1.0
schlecht	neg 1.0		neg 0.3803345989717812 __DUMMY__ 0.33412327167427736 off 0.2855421293539414	false	1.0
verhasst	neg 1.0		neg 0.3888945288386517 __DUMMY__ 0.33261743874497096 off 0.27848803241637726	false	1.0
beschweren	neg 1.0		neg 0.3845008360286916 __DUMMY__ 0.3346158397878599 off 0.2808833241834485	false	1.0
scheiden	neg 1.0		neg 0.38675323248317744 __DUMMY__ 0.33469946558273783 off 0.2785473019340848	false	1.0
frustriert	neg 1.0		neg 0.38794626783628555 __DUMMY__ 0.33462762035336613 off 0.27742611181034826	false	1.0
schimmelig	neg 1.0		neg 0.3902455849488297 __DUMMY__ 0.3342140884494206 off 0.27554032660174976	false	1.0
fisch	neg 1.0	neg 1.0	neg 0.6831141095888685 __DUMMY__ 0.16339689449674644 off 0.15348899591438503	false	1.0
schmuggel	neg 1.0		neg 0.3884961262946242 __DUMMY__ 0.33642721233636713 off 0.2750766613690086	false	1.0
auffallen	neg 1.0		neg 0.3844585102426232 __DUMMY__ 0.3342793642898752 off 0.2812621254675016	false	1.0
konkurrenz	neg 1.0		neg 0.3899601604392833 __DUMMY__ 0.3360937126190156 off 0.27394612694170123	false	1.0
teufelskreis	neg 1.0		neg 0.38894988021363924 __DUMMY__ 0.33378290402181565 off 0.277267215764545	false	1.0
aufschreien	neg 1.0		neg 0.3867199386044201 __DUMMY__ 0.3328250815155117 off 0.28045497988006834	false	1.0
schuldner	neg 1.0		neg 0.39250349408602214 __DUMMY__ 0.3330493262603577 off 0.2744471796536202	false	1.0
missgeburt	off 1.0	off 1.0	off 0.6306876001955225 neg 0.2093361539979684 __DUMMY__ 0.1599762458065091	false	1.0
arbeitslos	neg 1.0		neg 0.39003871066123547 __DUMMY__ 0.33379174095652375 off 0.27616954838224095	false	1.0
befallen	neg 1.0		neg 0.393180842641529 __DUMMY__ 0.33151625885287966 off 0.27530289850559136	false	1.0
miesepetrig	off 1.0		neg 0.38021414171037726 __DUMMY__ 0.33445439959267187 off 0.2853314586969508	false	0.5
alarmieren	neg 1.0		neg 0.3842861217142137 __DUMMY__ 0.33201752907783977 off 0.28369634920794656	false	1.0
ungeduscht	off 1.0		neg 0.38340102583725877 __DUMMY__ 0.3341179126006228 off 0.2824810615621185	false	0.5
knappheit	neg 1.0		neg 0.3893990628289679 __DUMMY__ 0.3338488480916108 off 0.27675208907942117	false	1.0
schlange	neg 1.0		neg 0.38319107246786444 __DUMMY__ 0.33560750127025635 off 0.2812014262618792	false	1.0
harsch	neg 1.0		neg 0.3748261894013765 __DUMMY__ 0.33324396127827693 off 0.29192984932034655	false	1.0
lang	neg 1.0		neg 0.3851195140084853 __DUMMY__ 0.33428115147015913 off 0.2805993345213556	false	1.0
ziellos	neg 1.0		neg 0.38861209384821604 __DUMMY__ 0.3351451997183074 off 0.27624270643347654	false	1.0
selbstverliebt	neg 1.0		neg 0.37668678204575007 __DUMMY__ 0.32852547778839164 off 0.29478774016585835	false	1.0
beseitigen	neg 1.0		neg 0.3824824082961817 __DUMMY__ 0.33609357256846645 off 0.28142401913535187	false	1.0
dumm	off 1.0		neg 0.37808291333204264 __DUMMY__ 0.3313658394860451 off 0.2905512471819121	false	0.5
arbeitsloser	neg 1.0		neg 0.39051689053947536 __DUMMY__ 0.3340779923425963 off 0.2754051171179283	false	1.0
blitzen	neg 1.0		neg 0.3839832797430606 __DUMMY__ 0.33317528688173537 off 0.282841433375204	false	1.0
hilflos	neg 1.0		neg 0.3880270203821777 __DUMMY__ 0.33483851041649465 off 0.27713446920132756	false	1.0
eklig	off 1.0		neg 0.37814615190000606 __DUMMY__ 0.3306501117693047 off 0.29120373633068936	false	0.5
begriff			neg 0.38890559657995544 __DUMMY__ 0.3339621696873801 off 0.2771322337326646	false	0.0
hungersnot	neg 1.0		neg 0.3924443825346967 __DUMMY__ 0.3305833903162996 off 0.27697222714900377	false	1.0
ungesetzlich	neg 1.0		neg 0.3895751554526477 __DUMMY__ 0.3303540890267352 off 0.28007075552061717	false	1.0
verschwendung	neg 1.0		neg 0.39110203527733817 __DUMMY__ 0.3347698109186709 off 0.2741281538039909	false	1.0
schmerzvoll	neg 1.0		neg 0.38467697582802496 __DUMMY__ 0.33452494730638466 off 0.28079807686559044	false	1.0
vorzeitig	neg 1.0		neg 0.3809897383048578 __DUMMY__ 0.3337767957516145 off 0.28523346594352766	false	1.0
unvollkommenheit	neg 1.0		neg 0.38650383316334624 __DUMMY__ 0.3341817848322267 off 0.2793143820044271	false	1.0
intervenieren	neg 1.0		neg 0.3938550222480618 __DUMMY__ 0.3324197413785155 off 0.27372523637342266	false	1.0
banause	off 1.0		neg 0.3773372658951682 __DUMMY__ 0.3300870196583677 off 0.2925757144464641	false	0.5
rebell	neg 1.0		neg 0.3902772409099224 __DUMMY__ 0.33580799889867646 off 0.27391476019140115	false	1.0
unlogisch	neg 1.0		neg 0.3808463412971287 __DUMMY__ 0.3321714707089183 off 0.28698218799395314	false	1.0
leiden	neg 1.0	neg 1.0	neg 0.6823626948428051 __DUMMY__ 0.16499721594691352 off 0.1526400892102815	false	1.0
abschaffung	neg 1.0		neg 0.3881833667569325 __DUMMY__ 0.3324058384499109 off 0.27941079479315656	false	1.0
sturz	neg 1.0		neg 0.3881094877263973 __DUMMY__ 0.3320543194410748 off 0.27983619283252786	false	1.0
verkleinerung	neg 1.0		neg 0.38649470802782265 __DUMMY__ 0.331196108326689 off 0.28230918364548824	false	1.0
schmarotzer	off 1.0		neg 0.3918129277713874 __DUMMY__ 0.33296244388762714 off 0.27522462834098554	false	0.5
bestrafung	neg 1.0		neg 0.3866664957193495 __DUMMY__ 0.3334556787847708 off 0.27987782549587975	false	1.0
achtlos	neg 1.0		neg 0.3854009642342487 __DUMMY__ 0.33557874927453446 off 0.27902028649121685	false	1.0
ungeheuer	neg 1.0		neg 0.3854211494065507 __DUMMY__ 0.333466127987417 off 0.28111272260603243	false	1.0
unaufrichtig	neg 1.0		neg 0.3880609510564908 __DUMMY__ 0.3310347443951166 off 0.28090430454839255	false	1.0
groggy	neg 1.0		neg 0.38364478733320645 __DUMMY__ 0.33346763310298844 off 0.28288757956380506	false	1.0
verletzlich	neg 1.0		neg 0.38166975021992317 __DUMMY__ 0.33310851736714775 off 0.28522173241292914	false	1.0
ablehnen	neg 1.0		neg 0.39071242216140567 __DUMMY__ 0.3333347407215142 off 0.27595283711708024	false	1.0
