unsolidarisch	neg 1.0		__DUMMY__ 0.4693958152776879 neg 0.3114640383965075 off 0.21914014632580445	false	1.0
nachteilig	neg 1.0		__DUMMY__ 0.4755555906067002 neg 0.30741000124831286 off 0.217034408144987	false	1.0
skeptisch	neg 1.0		__DUMMY__ 0.4770295918396215 neg 0.3086535153211586 off 0.21431689283921987	false	1.0
schrecklich	neg 1.0		__DUMMY__ 0.4735027190587497 neg 0.29763368822088054 off 0.22886359272036969	false	1.0
schlapp	neg 1.0		__DUMMY__ 0.47687511249505393 neg 0.29825537400025715 off 0.22486951350468903	false	1.0
abfall	neg 1.0		__DUMMY__ 0.47753477173984576 neg 0.3098950034632386 off 0.2125702247969157	false	1.0
widerspenstig	neg 1.0		__DUMMY__ 0.47800045766967303 neg 0.3019992580397185 off 0.22000028429060847	false	1.0
abrupt	neg 1.0		__DUMMY__ 0.4786146957001194 neg 0.3028229595989311 off 0.2185623447009496	false	1.0
unwirksam	neg 1.0		__DUMMY__ 0.4716196316175777 neg 0.30840084862453365 off 0.21997951975788865	false	1.0
angreifen	neg 1.0		__DUMMY__ 0.47560243156965537 neg 0.30889651315811845 off 0.21550105527222618	false	1.0
inkonsistent	neg 1.0		__DUMMY__ 0.47411060414924 neg 0.3037969745698122 off 0.2220924212809478	false	1.0
abrutschen	neg 1.0		__DUMMY__ 0.47842906967905935 neg 0.30860895771465685 off 0.21296197260628374	false	1.0
unsicher	neg 1.0		__DUMMY__ 0.47672167572457685 neg 0.3033590182040555 off 0.21991930607136767	false	1.0
bauernkind	off 1.0		__DUMMY__ 0.4696521362630031 neg 0.29855783924161966 off 0.23179002449537725	false	0.5
angreifer	neg 1.0		__DUMMY__ 0.47282950060462037 neg 0.3042437109807463 off 0.22292678841463315	false	1.0
trennen	neg 1.0		__DUMMY__ 0.4800657031831651 neg 0.30411691920194134 off 0.21581737761489359	false	1.0
schmutz	neg 1.0		__DUMMY__ 0.4796549217906386 neg 0.29357345885780073 off 0.22677161935156062	false	1.0
inkonsistenz	neg 1.0	neg 1.0	neg 0.6426811373058452 __DUMMY__ 0.23072972275733966 off 0.12658913993681514	false	1.0
erschreckend	neg 1.0		__DUMMY__ 0.475117333050839 neg 0.3066630148681061 off 0.21821965208105487	false	1.0
ertrinken	neg 1.0		__DUMMY__ 0.4782574820425242 neg 0.30503386470429095 off 0.21670865325318478	false	1.0
pickelface	off 1.0		__DUMMY__ 0.474127814404586 neg 0.3051600926109473 off 0.22071209298446678	false	0.5
seiner			__DUMMY__ 0.4766594495595099 neg 0.30781756725922316 off 0.21552298318126692	false	0.0
lauch	neg 1.0		__DUMMY__ 0.47743812651974726 neg 0.3083824573326936 off 0.21417941614755914	false	1.0
unwichtig	neg 1.0		__DUMMY__ 0.4742339527750468 neg 0.3014192959091392 off 0.22434675131581408	false	1.0
steuerhinterziehung	neg 1.0		__DUMMY__ 0.47202208532071144 neg 0.30953980158235106 off 0.21843811309693748	false	1.0
schock	neg 1.0		__DUMMY__ 0.4787822788186356 neg 0.302615248744855 off 0.21860247243650952	false	1.0
beule	neg 1.0		__DUMMY__ 0.47649299524535993 neg 0.29720584040094283 off 0.22630116435369735	false	1.0
vergelten	neg 1.0		__DUMMY__ 0.47113165369613325 neg 0.2988254825707401 off 0.2300428637331266	false	1.0
verdorbenheit	neg 1.0		__DUMMY__ 0.47822215868315254 neg 0.2997187160293928 off 0.22205912528745472	false	1.0
trauma	neg 1.0		__DUMMY__ 0.4752553444751706 neg 0.3029354034578043 off 0.22180925206702512	false	1.0
sinnlos	neg 1.0		__DUMMY__ 0.47528061908683444 neg 0.3027201102362795 off 0.22199927067688607	false	1.0
fettsack	off 1.0	off 1.0	off 0.6011588509074541 __DUMMY__ 0.22954411856661827 neg 0.16929703052592757	false	1.0
feige	off 1.0		__DUMMY__ 0.4728731561598751 neg 0.30348335955493466 off 0.2236434842851903	false	0.5
abdanken	neg 1.0		__DUMMY__ 0.4702143501523802 neg 0.3116377561492622 off 0.21814789369835774	false	1.0
wichtigtuer	off 1.0	off 1.0	off 0.5956640652808474 __DUMMY__ 0.23071586885142872 neg 0.17362006586772397	false	1.0
misslingen	neg 1.0		__DUMMY__ 0.47828259804696216 neg 0.2988878398598996 off 0.22282956209313828	false	1.0
untreu	off 1.0		__DUMMY__ 0.4745499078071014 neg 0.30013944981680274 off 0.22531064237609583	false	0.5
missmutig	neg 1.0		__DUMMY__ 0.4765569854890838 neg 0.29927855270609854 off 0.2241644618048175	false	1.0
hurenbock	off 1.0		__DUMMY__ 0.4788854296506721 neg 0.2987138648717025 off 0.2224007054776254	false	0.5
betrunken	neg 1.0		__DUMMY__ 0.47561973086191767 neg 0.29721411194803127 off 0.22716615719005107	false	1.0
korrupt	off 1.0		__DUMMY__ 0.4714087401869476 neg 0.31189588877774654 off 0.21669537103530578	false	0.5
unmut	neg 1.0		__DUMMY__ 0.47673560358750494 neg 0.3099055161514433 off 0.21335888026105193	false	1.0
hackfresse	off 1.0		__DUMMY__ 0.4722450659105662 neg 0.295396605656172 off 0.23235832843326187	false	0.5
aufblasen	neg 1.0		__DUMMY__ 0.47756927986760805 neg 0.3007907373958304 off 0.2216399827365616	false	1.0
gewaltsam	neg 1.0		__DUMMY__ 0.472539415170628 neg 0.3069264406787428 off 0.22053414415062914	false	1.0
unbeliebtheit	neg 1.0		__DUMMY__ 0.4671486187757847 neg 0.3075944212818563 off 0.22525695994235886	false	1.0
sturheit	neg 1.0		__DUMMY__ 0.47323098333927077 neg 0.3088203761630363 off 0.21794864049769289	false	1.0
kuh	neg 1.0		__DUMMY__ 0.4736413874183997 neg 0.3051215360537443 off 0.221237076527856	false	1.0
erschrecken	neg 1.0		__DUMMY__ 0.4762103239605012 neg 0.30001504086025155 off 0.2237746351792473	false	1.0
opfer	neg 1.0	neg 1.0	neg 0.6449099204698174 __DUMMY__ 0.23232808785414918 off 0.12276199167603342	false	1.0
sinken	neg 1.0		__DUMMY__ 0.4771235021648061 neg 0.3086329274014221 off 0.2142435704337716	false	1.0
stinktier	neg 1.0		__DUMMY__ 0.4715869069479985 neg 0.2994861424900867 off 0.22892695056191492	false	1.0
tucke	off 1.0		__DUMMY__ 0.47320944850693175 neg 0.2935563646379405 off 0.23323418685512784	false	0.5
ein			__DUMMY__ 0.4791484544389703 neg 0.29967223347675326 off 0.22117931208427627	false	0.0
abstieg	neg 1.0		__DUMMY__ 0.4739996839090787 neg 0.30828550860575604 off 0.2177148074851652	false	1.0
missverstehen	neg 1.0		__DUMMY__ 0.47329703917896737 neg 0.3052969486910728 off 0.22140601212995978	false	1.0
ergebnislos	neg 1.0		__DUMMY__ 0.4751041820640899 neg 0.3073849161572327 off 0.21751090177867752	false	1.0
unter			__DUMMY__ 0.4825390250645662 neg 0.30751052618355706 off 0.20995044875187685	false	0.0
manipulieren	neg 1.0		__DUMMY__ 0.4755634389690806 neg 0.3091937215414393 off 0.21524283948948023	false	1.0
unbewiesen	neg 1.0		__DUMMY__ 0.46893048720322883 neg 0.31232091593915023 off 0.21874859685762083	false	1.0
verschleppen	neg 1.0		__DUMMY__ 0.4744478346608318 neg 0.30845518135117045 off 0.21709698398799784	false	1.0
weib	off 1.0		__DUMMY__ 0.47103849411894533 neg 0.2954813444625414 off 0.23348016141851322	false	0.5
opposition	neg 1.0		__DUMMY__ 0.47126745714166235 neg 0.30773360704591773 off 0.22099893581241972	false	1.0
verkehrswidrig	neg 1.0		__DUMMY__ 0.47441654789370247 neg 0.2947524777374034 off 0.2308309743688941	false	1.0
inkorrekt	neg 1.0		__DUMMY__ 0.4697002257933785 neg 0.3057506723656212 off 0.2245491018410002	false	1.0
vermeiden	neg 1.0		__DUMMY__ 0.479975706528247 neg 0.30808226210009787 off 0.21194203137165513	false	1.0
abweichung	neg 1.0		__DUMMY__ 0.4714609468116087 neg 0.31210006914309973 off 0.21643898404529158	false	1.0
alkoholisiert	neg 1.0		__DUMMY__ 0.47731919345762563 neg 0.30490253627705227 off 0.21777827026532204	false	1.0
scheiss	off 1.0	off 1.0	off 0.5987166592779981 __DUMMY__ 0.23158701638220683 neg 0.16969632433979506	false	1.0
herausforderung	neg 1.0		__DUMMY__ 0.4806891010293894 neg 0.30081657663089156 off 0.21849432233971908	false	1.0
pervers	off 1.0		__DUMMY__ 0.4705806248132496 neg 0.29299810630226153 off 0.23642126888448875	false	0.5
wackelig	neg 1.0		__DUMMY__ 0.48054138196924745 neg 0.3011129685243495 off 0.21834564950640292	false	1.0
verwickeln	neg 1.0		__DUMMY__ 0.4745237621154583 neg 0.304035925093567 off 0.22144031279097462	false	1.0
vorwand	neg 1.0		__DUMMY__ 0.47581662022289495 neg 0.3101713103732127 off 0.2140120694038922	false	1.0
muschi	off 1.0		__DUMMY__ 0.47390788007017326 neg 0.30596920669899424 off 0.22012291323083252	false	0.5
entmutigung	neg 1.0		__DUMMY__ 0.46674733479492325 neg 0.3125477779222001 off 0.22070488728287657	false	1.0
unangemessen	neg 1.0		__DUMMY__ 0.47324999616198254 neg 0.31001074636727366 off 0.21673925747074388	false	1.0
unstetig	neg 1.0		__DUMMY__ 0.4733118173554764 neg 0.3031950946220891 off 0.22349308802243442	false	1.0
entmutigen	neg 1.0		__DUMMY__ 0.47619875879639034 neg 0.3027268722893069 off 0.22107436891430274	false	1.0
schwanz	neg 1.0		__DUMMY__ 0.47605242490994276 neg 0.3057646522708459 off 0.21818292281921134	false	1.0
verbot	neg 1.0		__DUMMY__ 0.47230552070591675 neg 0.3101087757363334 off 0.21758570355774975	false	1.0
leid	neg 1.0		__DUMMY__ 0.47295706191448544 neg 0.29654959814986015 off 0.23049333993565427	false	1.0
archaisch	neg 1.0		__DUMMY__ 0.4737008765695061 neg 0.30892574131652895 off 0.21737338211396504	false	1.0
gegen			__DUMMY__ 0.47517447263498463 neg 0.31044500071610787 off 0.21438052664890742	false	0.0
scheidung	neg 1.0	neg 1.0	neg 0.6316656428108013 __DUMMY__ 0.22922534634470987 off 0.13910901084448885	false	1.0
einschlag	neg 1.0		__DUMMY__ 0.4729805932360192 neg 0.29700228203365503 off 0.23001712473032584	false	1.0
m			__DUMMY__ 0.47739374616001623 neg 0.30364368369606004 off 0.21896257014392365	false	0.0
abgestanden	neg 1.0		__DUMMY__ 0.4772346835942648 neg 0.30256901677061937 off 0.22019629963511586	false	1.0
schmierig	off 1.0		__DUMMY__ 0.4742013518002064 neg 0.2962067381212 off 0.2295919100785936	false	0.5
unpraktisch	neg 1.0		__DUMMY__ 0.4780034625653426 neg 0.30030721821991807 off 0.22168931921473922	false	1.0
wixxer	off 1.0		__DUMMY__ 0.4690787967299112 neg 0.29471990110912105 off 0.23620130216096763	false	0.5
bezeichnet			__DUMMY__ 0.47387964787117126 neg 0.3074555555687773 off 0.21866479656005153	false	0.0
jammerlappen	off 1.0		__DUMMY__ 0.4747180862488811 neg 0.30082565062945626 off 0.22445626312166267	false	0.5
farce	neg 1.0		__DUMMY__ 0.4691448274003411 neg 0.31371108729837444 off 0.21714408530128446	false	1.0
zwecklos	neg 1.0		__DUMMY__ 0.4743508355519346 neg 0.3090069127390861 off 0.2166422517089794	false	1.0
turbulent	neg 1.0		__DUMMY__ 0.4724625713258074 neg 0.2992748160002675 off 0.22826261267392509	false	1.0
invasion	neg 1.0		__DUMMY__ 0.47636717976368487 neg 0.29997749229682885 off 0.22365532793948628	false	1.0
schuld	neg 1.0		__DUMMY__ 0.4748823269523597 neg 0.3046267054438154 off 0.2204909676038248	false	1.0
risiko	neg 1.0		__DUMMY__ 0.47764360606231754 neg 0.2981738853692377 off 0.22418250856844468	false	1.0
finster	neg 1.0		__DUMMY__ 0.47800084302986173 neg 0.30130155328565605 off 0.22069760368448207	false	1.0
geisteskrank	off 1.0		__DUMMY__ 0.4713174658598809 neg 0.3032187864759165 off 0.2254637476642027	false	0.5
zusammenbrechen	neg 1.0		__DUMMY__ 0.47728156097477165 neg 0.3041459338910428 off 0.21857250513418572	false	1.0
ausbeute	neg 1.0		__DUMMY__ 0.4789416214363588 neg 0.30332900115181505 off 0.2177293774118263	false	1.0
hinterhalt	neg 1.0		__DUMMY__ 0.475450844923553 neg 0.3033696855734844 off 0.22117946950296258	false	1.0
kritik	neg 1.0		__DUMMY__ 0.4703243550135727 neg 0.31223337283287134 off 0.21744227215355588	false	1.0
einschrumpfen	neg 1.0		__DUMMY__ 0.47097484793172456 neg 0.30577112457466465 off 0.22325402749361067	false	1.0
riskant	neg 1.0		__DUMMY__ 0.4766930217964094 neg 0.307351322206598 off 0.21595565599699265	false	1.0
frustrieren	neg 1.0		__DUMMY__ 0.47575480918505964 neg 0.308635774219506 off 0.21560941659543434	false	1.0
groll	neg 1.0		__DUMMY__ 0.47460563366437253 neg 0.3084529800153666 off 0.2169413863202609	false	1.0
gibt			__DUMMY__ 0.4758113243882608 neg 0.30647934557785833 off 0.21770933003388096	false	0.0
qualvoll	neg 1.0		__DUMMY__ 0.4765923292882149 neg 0.3008378838333487 off 0.2225697868784365	false	1.0
wackeln	neg 1.0		__DUMMY__ 0.4791310854031804 neg 0.29942075471482243 off 0.22144815988199731	false	1.0
klagen	neg 1.0		__DUMMY__ 0.4754033711647466 neg 0.310751499301426 off 0.2138451295338275	false	1.0
bankrott	neg 1.0		__DUMMY__ 0.4759749762752587 neg 0.29876234196195073 off 0.22526268176279057	false	1.0
trauern	neg 1.0		__DUMMY__ 0.47679115636521285 neg 0.3069389619819964 off 0.21626988165279068	false	1.0
ablehnung	neg 1.0	neg 1.0	neg 0.6469434679429283 __DUMMY__ 0.22954319699863643 off 0.12351333505843534	false	1.0
stur	neg 1.0		__DUMMY__ 0.4752045937780654 neg 0.30378977531762413 off 0.2210056309043103	false	1.0
aufruhr	neg 1.0		__DUMMY__ 0.4717679519235653 neg 0.30849159241708285 off 0.21974045565935188	false	1.0
melancholie	neg 1.0		__DUMMY__ 0.4789389909221997 neg 0.3030707360702041 off 0.21799027300759613	false	1.0
ist			__DUMMY__ 0.4748074845858981 neg 0.30412910644048674 off 0.22106340897361507	false	0.0
torheit	neg 1.0		__DUMMY__ 0.46996566837335674 neg 0.31019619754165484 off 0.21983813408498837	false	1.0
dreckskind	off 1.0		__DUMMY__ 0.4685593096549027 neg 0.30113301288889277 off 0.23030767745620448	false	0.5
umtauschen	neg 1.0		__DUMMY__ 0.4776227456274095 neg 0.3026077770639167 off 0.21976947730867386	false	1.0
zum			__DUMMY__ 0.48285719841996905 neg 0.30384908029234176 off 0.21329372128768906	false	0.0
zersetzen	neg 1.0		__DUMMY__ 0.47549848411815504 neg 0.3098535353762206 off 0.21464798050562445	false	1.0
zur			__DUMMY__ 0.477925988158164 neg 0.3102134369225189 off 0.21186057491931704	false	0.0
frust	neg 1.0		__DUMMY__ 0.4767157819457476 neg 0.30514357593251845 off 0.21814064212173406	false	1.0
unerbittlichkeit	neg 1.0		__DUMMY__ 0.4747252414101951 neg 0.30989736400333057 off 0.2153773945864743	false	1.0
zwei			__DUMMY__ 0.4808232269435634 neg 0.30462251083027925 off 0.21455426222615734	false	0.0
unkorrekt	neg 1.0		__DUMMY__ 0.4711074403704761 neg 0.30306995317179486 off 0.22582260645772892	false	1.0
hexe	off 1.0		__DUMMY__ 0.47506455219990523 neg 0.2995851734644394 off 0.2253502743356554	false	0.5
lasch	neg 1.0		__DUMMY__ 0.4730362929403706 neg 0.30430596671042753 off 0.22265774034920185	false	1.0
rivale	neg 1.0		__DUMMY__ 0.47198862843769546 neg 0.29902768422970505 off 0.2289836873325994	false	1.0
mutlos	off 1.0	off 1.0	off 0.5926361504665164 __DUMMY__ 0.23079071850343363 neg 0.17657313103004982	false	1.0
wirr	off 1.0		__DUMMY__ 0.47119596792753676 neg 0.3012408206485712 off 0.22756321142389202	false	0.5
jahr			__DUMMY__ 0.4793969501653149 neg 0.3039970544094047 off 0.21660599542528022	false	0.0
wird			__DUMMY__ 0.4763277637268471 neg 0.30721426242965727 off 0.21645797384349563	false	0.0
strafbar	neg 1.0		__DUMMY__ 0.47348204713225045 neg 0.31105708529633147 off 0.215460867571418	false	1.0
erosion	neg 1.0		__DUMMY__ 0.4773192880769603 neg 0.3005419744479237 off 0.22213873747511598	false	1.0
eingehen	neg 1.0		__DUMMY__ 0.47489162826358683 neg 0.30869278755857354 off 0.21641558417783952	false	1.0
faul	off 1.0		__DUMMY__ 0.47747844507857606 neg 0.2976295862210065 off 0.2248919687004175	false	0.5
provisorium	neg 1.0		__DUMMY__ 0.48103464800376083 neg 0.3100209653123166 off 0.20894438668392243	false	1.0
schmerzen	neg 1.0		__DUMMY__ 0.477396419272879 neg 0.30371458168777715 off 0.21888899903934372	false	1.0
schrumpfen	neg 1.0		__DUMMY__ 0.4786723780744471 neg 0.30965427501531984 off 0.21167334691023287	false	1.0
geistlos	off 1.0		__DUMMY__ 0.4691435075359435 neg 0.30958067748248336 off 0.22127581498157323	false	0.5
fehlkauf	neg 1.0		__DUMMY__ 0.47398907982295974 neg 0.3031923208918304 off 0.22281859928520978	false	1.0
frustrierend	neg 1.0	neg 1.0	neg 0.6410724662103378 __DUMMY__ 0.23202004285759179 off 0.1269074909320705	false	1.0
unzufrieden	neg 1.0		__DUMMY__ 0.4754524764597341 neg 0.30755798345774604 off 0.21698954008251986	false	1.0
verzweifeln	neg 1.0		__DUMMY__ 0.4764915884360904 neg 0.3043249575093853 off 0.21918345405452425	false	1.0
verzweifelt	neg 1.0		__DUMMY__ 0.4753653495844669 neg 0.30371016511260557 off 0.22092448530292755	false	1.0
misstrauensantrag	neg 1.0		__DUMMY__ 0.47292369761214187 neg 0.30465011706936074 off 0.22242618531849756	false	1.0
abfallen	neg 1.0		__DUMMY__ 0.47939437355669845 neg 0.2989976226041353 off 0.2216080038391661	false	1.0
fucker	off 1.0		__DUMMY__ 0.47262655516681396 neg 0.299520350659149 off 0.22785309417403724	false	0.5
ungezogen	neg 1.0		__DUMMY__ 0.4723264690035952 neg 0.29356312498516807 off 0.23411040601123687	false	1.0
irrsinnig	neg 1.0	neg 1.0	neg 0.6437536436090511 __DUMMY__ 0.23124195637887832 off 0.12500440001207067	false	1.0
unfassbar	neg 1.0		__DUMMY__ 0.4744779831373436 neg 0.30059953496412367 off 0.22492248189853292	false	1.0
hart	neg 1.0		__DUMMY__ 0.4730036397405608 neg 0.3021298247744106 off 0.22486653548502844	false	1.0
widerlich	off 1.0		__DUMMY__ 0.47307602900243245 neg 0.30137037503690406 off 0.22555359596066335	false	0.5
fatal	neg 1.0		__DUMMY__ 0.4743413649707087 neg 0.3028706109310138 off 0.2227880240982775	false	1.0
bruch	neg 1.0		__DUMMY__ 0.47407202726762826 neg 0.3130300157137844 off 0.2128979570185873	false	1.0
aushungern	neg 1.0		__DUMMY__ 0.4719340057021141 neg 0.30858793280107427 off 0.21947806149681168	false	1.0
anspannung	neg 1.0		__DUMMY__ 0.47930410004468715 neg 0.3074578606929854 off 0.21323803926232746	false	1.0
von			__DUMMY__ 0.4795998858682405 neg 0.30473080680393183 off 0.21566930732782777	false	0.0
kraftlos	neg 1.0		__DUMMY__ 0.47948080662597903 neg 0.30282012851335 off 0.21769906486067095	false	1.0
vom			__DUMMY__ 0.4821565715588974 neg 0.30730159058807693 off 0.2105418378530257	false	0.0
grenzdebil	off 1.0		__DUMMY__ 0.4752626311598393 neg 0.2983405123381493 off 0.2263968565020113	false	0.5
vor			__DUMMY__ 0.4785606609456661 neg 0.30720983818413067 off 0.21422950087020318	false	0.0
unterwerfen	neg 1.0		__DUMMY__ 0.4748636062846999 neg 0.3090694973202924 off 0.21606689639500767	false	1.0
versenkung	neg 1.0		__DUMMY__ 0.47608761941642935 neg 0.308072737090115 off 0.2158396434934556	false	1.0
entziehen	neg 1.0		__DUMMY__ 0.4760056017615683 neg 0.3105553811144227 off 0.21343901712400887	false	1.0
finanzkrise	neg 1.0		__DUMMY__ 0.4712784712209565 neg 0.3099058846063097 off 0.21881564417273372	false	1.0
schimpfend	neg 1.0		__DUMMY__ 0.4802821692704237 neg 0.2969958433811355 off 0.22272198734844087	false	1.0
profan	neg 1.0		__DUMMY__ 0.47523270231726467 neg 0.30284928818531975 off 0.22191800949741564	false	1.0
korruption	neg 1.0		__DUMMY__ 0.47176352507963215 neg 0.31132071136327943 off 0.21691576355708847	false	1.0
â			__DUMMY__ 0.47723561293397654 neg 0.30481864331483777 off 0.2179457437511857	false	0.0
schmutzig	neg 1.0		__DUMMY__ 0.47722188220052564 neg 0.29643084676206766 off 0.2263472710374069	false	1.0
sexy	neg 1.0		__DUMMY__ 0.4752674343103657 neg 0.30021716476949023 off 0.2245154009201441	false	1.0
abraten	neg 1.0		__DUMMY__ 0.4769370388898387 neg 0.30158627020440376 off 0.22147669090575758	false	1.0
schwarz	neg 1.0		__DUMMY__ 0.4747105573591052 neg 0.303375971004512 off 0.22191347163638264	false	1.0
fotze	off 1.0		__DUMMY__ 0.4745080972559004 neg 0.3072347592387101 off 0.21825714350538947	false	0.5
verwirren	neg 1.0		__DUMMY__ 0.4753030542725696 neg 0.3018111415051512 off 0.2228858042222793	false	1.0
zahnlos	off 1.0		__DUMMY__ 0.4742820137812002 neg 0.30867568243401156 off 0.2170423037847882	false	0.5
verheeren	neg 1.0		__DUMMY__ 0.46903900412983307 neg 0.29533263101695356 off 0.23562836485321326	false	1.0
hippie	neg 1.0		__DUMMY__ 0.4748680112899575 neg 0.30096035755103534 off 0.22417163115900715	false	1.0
rammen	neg 1.0		__DUMMY__ 0.47609276607757794 neg 0.300731044863582 off 0.22317618905884	false	1.0
unlauter	neg 1.0	neg 1.0	neg 0.6431669005498425 __DUMMY__ 0.23067896545475194 off 0.12615413399540548	false	1.0
unheilvoll	neg 1.0		__DUMMY__ 0.47668623041197583 neg 0.30110257764749404 off 0.22221119194053013	false	1.0
niedrig	neg 1.0		__DUMMY__ 0.4754139201876274 neg 0.30759537994355846 off 0.21699069986881414	false	1.0
explosion	neg 1.0		__DUMMY__ 0.4760104727328112 neg 0.3001021460913515 off 0.22388738117583729	false	1.0
weichei	off 1.0		__DUMMY__ 0.47240486002859333 neg 0.2964891543523803 off 0.2311059856190263	false	0.5
minusmensch	off 1.0		__DUMMY__ 0.4676205419146336 neg 0.2973384195429055 off 0.23504103854246083	false	0.5
farblos	neg 1.0		__DUMMY__ 0.47497007269284364 neg 0.30412085576107684 off 0.22090907154607967	false	1.0
unwissend	neg 1.0	neg 1.0	neg 0.6416518141362292 __DUMMY__ 0.23077849990557223 off 0.12756968595819865	false	1.0
traurig	neg 1.0		__DUMMY__ 0.4747620350321471 neg 0.2971486785969351 off 0.2280892863709177	false	1.0
senkung	neg 1.0		__DUMMY__ 0.4739320423538938 neg 0.30292984165595666 off 0.22313811599014963	false	1.0
ungleich	neg 1.0	neg 1.0	neg 0.6464770118103038 __DUMMY__ 0.2311767358832244 off 0.12234625230647186	false	1.0
heikel	neg 1.0		__DUMMY__ 0.47600338893437555 neg 0.3092762928807746 off 0.21472031818484996	false	1.0
drosselung	neg 1.0		__DUMMY__ 0.4753774550039168 neg 0.29589447925168083 off 0.22872806574440224	false	1.0
falsch	neg 1.0		__DUMMY__ 0.4747234487531329 neg 0.301463228010901 off 0.22381332323596614	false	1.0
unzufriedenheit	neg 1.0		__DUMMY__ 0.4755100877783653 neg 0.3100642339262344 off 0.21442567829540038	false	1.0
kurz	neg 1.0		__DUMMY__ 0.4789933130293814 neg 0.3022057567285687 off 0.21880093024204986	false	1.0
unsinnig	neg 1.0		__DUMMY__ 0.47506701097408055 neg 0.30750756698422965 off 0.21742542204168983	false	1.0
penner	off 1.0	off 1.0	off 0.602415422008743 __DUMMY__ 0.23035082502712848 neg 0.1672337529641284	false	1.0
seicht	neg 1.0		__DUMMY__ 0.4695141146144734 neg 0.2974354750705274 off 0.2330504103149992	false	1.0
dummheit	off 1.0	off 1.0	off 0.5960580575862915 __DUMMY__ 0.23056265479317534 neg 0.1733792876205332	false	1.0
unerfreulich	neg 1.0		__DUMMY__ 0.47682739664857804 neg 0.30893561830187644 off 0.21423698504954566	false	1.0
motherfucker	off 1.0	off 1.0	off 0.599479825873768 __DUMMY__ 0.2303880473395133 neg 0.1701321267867187	false	1.0
pikiert	neg 1.0		__DUMMY__ 0.473481941691693 neg 0.3022371963817826 off 0.22428086192652433	false	1.0
wrack	neg 1.0		__DUMMY__ 0.4779801043759359 neg 0.30361739593789555 off 0.2184024996861686	false	1.0
gangster	neg 1.0		__DUMMY__ 0.47491896673342154 neg 0.30180080415365773 off 0.22328022911292084	false	1.0
krank	neg 1.0		__DUMMY__ 0.4765120430279901 neg 0.2969363502197002 off 0.22655160675230981	false	1.0
reich	neg 1.0		__DUMMY__ 0.4681472747070289 neg 0.3077208846987549 off 0.22413184059421606	false	1.0
gnadenlos	neg 1.0		__DUMMY__ 0.4754049987048357 neg 0.3037977522837869 off 0.22079724901137734	false	1.0
niedergeschlagen	neg 1.0		__DUMMY__ 0.47682271651661834 neg 0.30472811113807086 off 0.21844917234531078	false	1.0
terrorisieren	off 1.0	off 1.0	off 0.5928942847664119 __DUMMY__ 0.23256188708958098 neg 0.1745438281440072	false	1.0
sinnlosigkeit	neg 1.0		__DUMMY__ 0.47449979911248263 neg 0.30838709709020506 off 0.2171131037973122	false	1.0
behindern	neg 1.0		__DUMMY__ 0.4773989100328522 neg 0.30233665102608803 off 0.22026443894105993	false	1.0
undemokratisch	neg 1.0		__DUMMY__ 0.47076092259689073 neg 0.3088043317432412 off 0.22043474565986818	false	1.0
wirtschaftskrise	neg 1.0		__DUMMY__ 0.4730426032053962 neg 0.3097712976018151 off 0.21718609919278853	false	1.0
neid	neg 1.0		__DUMMY__ 0.4769203639742085 neg 0.29919801542985436 off 0.22388162059593714	false	1.0
rutschen	neg 1.0		__DUMMY__ 0.4831005638200632 neg 0.3033890102348164 off 0.21351042594512043	false	1.0
rezession	neg 1.0		__DUMMY__ 0.46952427927287377 neg 0.30143497564573707 off 0.22904074508138916	false	1.0
fehlgeburt	neg 1.0		__DUMMY__ 0.4752338130387265 neg 0.30429782543304784 off 0.22046836152822566	false	1.0
charakterschwach	off 1.0		__DUMMY__ 0.47330485071309514 neg 0.30124084051577854 off 0.22545430877112635	false	0.5
isolation	neg 1.0		__DUMMY__ 0.4751898779355807 neg 0.2992589056894665 off 0.22555121637495262	false	1.0
ablenkung	neg 1.0		__DUMMY__ 0.4770765508976393 neg 0.30250359799259 off 0.22041985110977064	false	1.0
pech	neg 1.0		__DUMMY__ 0.4754067104740375 neg 0.30163024727360976 off 0.22296304225235267	false	1.0
vermeidung	neg 1.0		__DUMMY__ 0.4757977622066023 neg 0.2967396145369501 off 0.22746262325644762	false	1.0
dominieren	neg 1.0		__DUMMY__ 0.4756003637089271 neg 0.3057786665816706 off 0.21862096970940217	false	1.0
schwindlig	neg 1.0		__DUMMY__ 0.47782366268666965 neg 0.2988763143885094 off 0.22330002292482107	false	1.0
lutscher	neg 1.0		__DUMMY__ 0.46987525558401055 neg 0.2960832318341452 off 0.23404151258184422	false	1.0
pflicht	neg 1.0		__DUMMY__ 0.4756728276623066 neg 0.3098602746600504 off 0.2144668976776429	false	1.0
faschist	off 1.0		__DUMMY__ 0.47036840736972163 neg 0.3082441122621405 off 0.22138748036813782	false	0.5
verschleudern	neg 1.0		__DUMMY__ 0.4735239951107226 neg 0.30984155848778727 off 0.21663444640149004	false	1.0
wenn			__DUMMY__ 0.47514531534425564 neg 0.3009372534805584 off 0.22391743117518606	false	0.0
ehebruch	neg 1.0		__DUMMY__ 0.4739709572621947 neg 0.3097458104751933 off 0.21628323226261204	false	1.0
spott	off 1.0		__DUMMY__ 0.4741386663175455 neg 0.31023625745789923 off 0.21562507622455535	false	0.5
trostlosigkeit	neg 1.0		__DUMMY__ 0.4724504637871128 neg 0.31374853283995363 off 0.21380100337293365	false	1.0
lutschen	neg 1.0		__DUMMY__ 0.47287328491460995 neg 0.3026677900579126 off 0.22445892502747747	false	1.0
undiszipliniert	neg 1.0		__DUMMY__ 0.4742199651361205 neg 0.2984979856719748 off 0.2272820491919048	false	1.0
kopfschmerz	neg 1.0		__DUMMY__ 0.47603215271358973 neg 0.3047884434339236 off 0.21917940385248677	false	1.0
unvorhergesehen	neg 1.0		__DUMMY__ 0.4796401061115061 neg 0.30168130769455664 off 0.21867858619393732	false	1.0
desinteressiert	neg 1.0		__DUMMY__ 0.4730107361433353 neg 0.3003338888182169 off 0.22665537503844777	false	1.0
armselig	off 1.0		__DUMMY__ 0.47210675224479903 neg 0.300360586760302 off 0.227532660994899	false	0.5
desaster	neg 1.0		__DUMMY__ 0.4743687137700029 neg 0.3129619162626189 off 0.21266936996737823	false	1.0
tod	neg 1.0		__DUMMY__ 0.47292920697390606 neg 0.31140597489814703 off 0.21566481812794697	false	1.0
herzlos	neg 1.0		__DUMMY__ 0.47434035837279465 neg 0.2968816908499486 off 0.2287779507772566	false	1.0
unwissenheit	neg 1.0		__DUMMY__ 0.4735464398971963 neg 0.30963027732297704 off 0.21682328277982657	false	1.0
widersinnig	neg 1.0		__DUMMY__ 0.4710858863342396 neg 0.31130444787394734 off 0.21760966579181304	false	1.0
bedenklich	neg 1.0		__DUMMY__ 0.4755959758939327 neg 0.3086708739221989 off 0.21573315018386843	false	1.0
beanstanden	neg 1.0		__DUMMY__ 0.47603237187556446 neg 0.30979277011533857 off 0.21417485800909697	false	1.0
panisch	neg 1.0	neg 1.0	neg 0.6390599378234261 __DUMMY__ 0.23436444894295358 off 0.12657561323362038	false	1.0
debil	off 1.0		__DUMMY__ 0.4770212636360219 neg 0.31157912224553863 off 0.21139961411843955	false	0.5
abstrich	neg 1.0		__DUMMY__ 0.4788585939975488 neg 0.3002198722247501 off 0.22092153377770107	false	1.0
primitiv	neg 1.0		__DUMMY__ 0.47282631146931925 neg 0.30106160672032894 off 0.22611208181035183	false	1.0
abschaum	off 1.0	off 1.0	off 0.597496423467508 __DUMMY__ 0.2301597443848465 neg 0.1723438321476456	false	1.0
provozieren	neg 1.0		__DUMMY__ 0.4738294632767204 neg 0.3064329450953561 off 0.21973759162792345	false	1.0
tot	neg 1.0		__DUMMY__ 0.4744294215130979 neg 0.3070001999720992 off 0.21857037851480285	false	1.0
instabil	neg 1.0		__DUMMY__ 0.47035268763129334 neg 0.3013514788623477 off 0.228295833506359	false	1.0
schwuchtel	off 1.0		__DUMMY__ 0.4668422690409151 neg 0.2940648857470083 off 0.23909284521207663	false	0.5
zerren	neg 1.0		__DUMMY__ 0.4770532327810095 neg 0.3045046219481314 off 0.218442145270859	false	1.0
kinderficker	off 1.0		__DUMMY__ 0.47105928666036756 neg 0.29911909653611574 off 0.2298216168035165	false	0.5
gefahr	neg 1.0		__DUMMY__ 0.474488634116757 neg 0.3093832179766088 off 0.21612814790663415	false	1.0
rabiat	neg 1.0		__DUMMY__ 0.4755521893880666 neg 0.30460567954818063 off 0.2198421310637528	false	1.0
verlangsamung	neg 1.0		__DUMMY__ 0.46929819185804655 neg 0.2980972814578271 off 0.2326045266841264	false	1.0
ausgestorben	neg 1.0		__DUMMY__ 0.4766764080880864 neg 0.3048736961488256 off 0.21844989576308813	false	1.0
anklagen	neg 1.0		__DUMMY__ 0.47340251043436876 neg 0.3076307766903484 off 0.21896671287528283	false	1.0
trott	neg 1.0		__DUMMY__ 0.4765823155544999 neg 0.3032121395215694 off 0.2202055449239307	false	1.0
verminderung	neg 1.0		__DUMMY__ 0.47403793401226885 neg 0.29805104480910677 off 0.22791102117862433	false	1.0
nach			__DUMMY__ 0.48103328107246374 neg 0.306213615898298 off 0.21275310302923817	false	0.0
rost	neg 1.0		__DUMMY__ 0.4713514547828189 neg 0.2951289961192293 off 0.23351954909795172	false	1.0
destruktiv	neg 1.0		__DUMMY__ 0.4731098901437662 neg 0.3086247398292691 off 0.21826537002696475	false	1.0
unzumutbarkeit	neg 1.0		__DUMMY__ 0.4752514471323061 neg 0.29733746757744084 off 0.22741108529025306	false	1.0
labil	off 1.0	off 1.0	off 0.5982619307071987 __DUMMY__ 0.2305267601376654 neg 0.17121130915513585	false	1.0
ziemlich	neg 1.0		__DUMMY__ 0.4749203115055958 neg 0.29936821860411017 off 0.22571146989029392	false	1.0
lachnummer	off 1.0		__DUMMY__ 0.47339163102609794 neg 0.3082191391191535 off 0.21838922985474857	false	0.5
oder			__DUMMY__ 0.4775536477818407 neg 0.3023057025501206 off 0.22014064966803873	false	0.0
verfall	neg 1.0		__DUMMY__ 0.4771012239721941 neg 0.3116412924030452 off 0.21125748362476066	false	1.0
ausgrenzung	neg 1.0		__DUMMY__ 0.47080317129170507 neg 0.30799361785206963 off 0.22120321085622519	false	1.0
unordnung	neg 1.0		__DUMMY__ 0.4715296578395495 neg 0.2990549633826909 off 0.22941537877775975	false	1.0
fehlverhalten	neg 1.0		__DUMMY__ 0.47438130940934986 neg 0.3102010239572932 off 0.21541766663335674	false	1.0
eine			__DUMMY__ 0.47782427013207857 neg 0.3078369157285047 off 0.21433881413941666	false	0.0
nille	neg 1.0		__DUMMY__ 0.4731887998229109 neg 0.3071490963952806 off 0.21966210378180862	false	1.0
qual	neg 1.0		__DUMMY__ 0.4763472814935626 neg 0.3035799007132197 off 0.22007281779321772	false	1.0
verschwenden	neg 1.0		__DUMMY__ 0.47607934396980056 neg 0.30799560946276444 off 0.21592504656743491	false	1.0
riesig	neg 1.0		__DUMMY__ 0.4762012938761154 neg 0.30468119010387273 off 0.21911751602001192	false	1.0
verurteilen	neg 1.0		__DUMMY__ 0.47322925316487724 neg 0.3097585991632496 off 0.217012147671873	false	1.0
klischee	neg 1.0	neg 1.0	neg 0.6431884248155448 __DUMMY__ 0.23034112814349933 off 0.12647044704095586	false	1.0
diktatorisch	neg 1.0		__DUMMY__ 0.46935125806460204 neg 0.3107068159722164 off 0.2199419259631817	false	1.0
vorhersehbar	neg 1.0		__DUMMY__ 0.4724525157781434 neg 0.30629765788221586 off 0.22124982633964066	false	1.0
sowie			__DUMMY__ 0.4699004906361805 neg 0.29895642896610497 off 0.23114308039771458	false	0.0
stornieren	neg 1.0		__DUMMY__ 0.4772854588986373 neg 0.2994130764305237 off 0.22330146467083906	false	1.0
besteuerung	neg 1.0		__DUMMY__ 0.4738542597828741 neg 0.30505266897958033 off 0.22109307123754546	false	1.0
ungeschminkt	neg 1.0		__DUMMY__ 0.47371249334699217 neg 0.3002274726896816 off 0.2260600339633262	false	1.0
kritisch	neg 1.0		__DUMMY__ 0.4742350867257905 neg 0.31006510062774995 off 0.21569981264645965	false	1.0
schlamperei	off 1.0		__DUMMY__ 0.47423759243567687 neg 0.3092784275132597 off 0.21648398005106353	false	0.5
sucht	neg 1.0	neg 1.0	neg 0.6381346994126718 __DUMMY__ 0.23454291289519508 off 0.12732238769213322	false	1.0
egoistisch	off 1.0		__DUMMY__ 0.47260481861764353 neg 0.2963982871613849 off 0.23099689422097153	false	0.5
ausbeuter	off 1.0		__DUMMY__ 0.4735529097624877 neg 0.3116608909677975 off 0.21478619926971468	false	0.5
arschgeburt	off 1.0		__DUMMY__ 0.4668552021001184 neg 0.2941917278038395 off 0.2389530700960422	false	0.5
schubs	neg 1.0	neg 1.0	neg 0.642190144623847 __DUMMY__ 0.23403775355741965 off 0.12377210181873334	false	1.0
unsolide	neg 1.0		__DUMMY__ 0.46782352846933273 neg 0.3088775670661606 off 0.22329890446450654	false	1.0
beschwerde	neg 1.0		__DUMMY__ 0.4742891740701009 neg 0.3083759792991678 off 0.2173348466307313	false	1.0
stocken	neg 1.0		__DUMMY__ 0.47640067180834156 neg 0.30627271683823654 off 0.2173266113534219	false	1.0
isolieren	neg 1.0		__DUMMY__ 0.47772919162363 neg 0.30245916124649935 off 0.21981164712987072	false	1.0
unheilbar	neg 1.0		__DUMMY__ 0.4745641677928871 neg 0.30517122780004313 off 0.22026460440706985	false	1.0
pisser	off 1.0		__DUMMY__ 0.4713660887749009 neg 0.3000088818827147 off 0.22862502934238452	false	0.5
löschen	neg 1.0		__DUMMY__ 0.4749243359457882 neg 0.3039172421732054 off 0.22115842188100643	false	1.0
durchfallen	neg 1.0		__DUMMY__ 0.4758871829108802 neg 0.3076989688712931 off 0.21641384821782683	false	1.0
wichser	off 1.0		__DUMMY__ 0.4705956593391336 neg 0.29385401990283727 off 0.23555032075802929	false	0.5
terror	neg 1.0		__DUMMY__ 0.476753834683436 neg 0.29877366267096156 off 0.22447250264560237	false	1.0
krass	neg 1.0		__DUMMY__ 0.4733705209459394 neg 0.2977101123585714 off 0.2289193666954892	false	1.0
revolte	neg 1.0	neg 1.0	neg 0.6456683938458889 __DUMMY__ 0.22820102332205847 off 0.12613058283205258	false	1.0
besorgt	neg 1.0		__DUMMY__ 0.4798528791515572 neg 0.30094077551454546 off 0.21920634533389718	false	1.0
nachlassen	neg 1.0		__DUMMY__ 0.4772127666240983 neg 0.30476808665091804 off 0.21801914672498363	false	1.0
alt	neg 1.0		__DUMMY__ 0.4793306503505333 neg 0.30406736354865266 off 0.21660198610081408	false	1.0
hundesohn	off 1.0		__DUMMY__ 0.4686172241616931 neg 0.2970666973540996 off 0.23431607848420716	false	0.5
als			__DUMMY__ 0.4773521752166511 neg 0.30500313005046653 off 0.2176446947328824	false	0.0
abschreckung	neg 1.0		__DUMMY__ 0.47514458035985613 neg 0.3106213474652877 off 0.21423407217485635	false	1.0
unqualifiziert	neg 1.0		__DUMMY__ 0.47313204045219254 neg 0.30498481155865337 off 0.22188314798915404	false	1.0
abgewichst	off 1.0		__DUMMY__ 0.4748534895184884 neg 0.30620963982112953 off 0.21893687066038214	false	0.5
schwer	neg 1.0		__DUMMY__ 0.476543234087594 neg 0.3040334353680252 off 0.2194233305443809	false	1.0
bedeutungslosigkeit	neg 1.0		__DUMMY__ 0.4744621335953195 neg 0.31082626947646114 off 0.2147115969282193	false	1.0
kapitulation	neg 1.0		__DUMMY__ 0.47081274527409467 neg 0.313116276239121 off 0.21607097848678442	false	1.0
unscharf	neg 1.0		__DUMMY__ 0.4750528825138804 neg 0.3019864347254068 off 0.22296068276071268	false	1.0
schwinden	neg 1.0		__DUMMY__ 0.4761810991511002 neg 0.3082961041083456 off 0.21552279674055425	false	1.0
versklavung	neg 1.0	neg 1.0	neg 0.6456971295179095 __DUMMY__ 0.22928409415150433 off 0.12501877633058614	false	1.0
schlecht	neg 1.0		__DUMMY__ 0.47531988080118553 neg 0.298486784776934 off 0.22619333442188042	false	1.0
verhasst	neg 1.0		__DUMMY__ 0.4732469758512159 neg 0.3071108996355089 off 0.21964212451327525	false	1.0
beschweren	neg 1.0		__DUMMY__ 0.47599555052661885 neg 0.3023956008627965 off 0.2216088486105847	false	1.0
scheiden	neg 1.0		__DUMMY__ 0.47617178385041214 neg 0.3045585810203695 off 0.21926963512921832	false	1.0
frustriert	neg 1.0		__DUMMY__ 0.4760084155834909 neg 0.30572363088757476 off 0.2182679535289344	false	1.0
schimmelig	neg 1.0		__DUMMY__ 0.4755082101465923 neg 0.3080822704316824 off 0.21640951942172523	false	1.0
fisch	neg 1.0	neg 1.0	neg 0.6420153259299533 __DUMMY__ 0.2341395844833263 off 0.12384508958672046	false	1.0
schmuggel	neg 1.0		__DUMMY__ 0.47856685360610585 neg 0.3057627469871162 off 0.21567039940677807	false	1.0
auffallen	neg 1.0		__DUMMY__ 0.47553228977287165 neg 0.3024430216789115 off 0.22202468854821686	false	1.0
konkurrenz	neg 1.0		__DUMMY__ 0.4780683571295805 neg 0.3072698709981669 off 0.21466177187225263	false	1.0
teufelskreis	neg 1.0		__DUMMY__ 0.47484724714877724 neg 0.3068918793904325 off 0.21826087346079023	false	1.0
aufschreien	neg 1.0		__DUMMY__ 0.4735264764743849 neg 0.3049754464101213 off 0.22149807711549385	false	1.0
schuldner	neg 1.0		__DUMMY__ 0.4738752242134034 neg 0.3104642862706477 off 0.21566048951594896	false	1.0
missgeburt	off 1.0	off 1.0	off 0.6016240543436459 __DUMMY__ 0.22927859332366218 neg 0.16909735233269196	false	1.0
arbeitslos	neg 1.0		__DUMMY__ 0.47485988798148254 neg 0.30793207329962174 off 0.21720803871889588	false	1.0
befallen	neg 1.0		__DUMMY__ 0.47177074573102 neg 0.3115097342565066 off 0.2167195200124734	false	1.0
miesepetrig	off 1.0		__DUMMY__ 0.4757985870571359 neg 0.29831196296308693 off 0.2258894499797771	false	0.5
alarmieren	neg 1.0		__DUMMY__ 0.4724575782496411 neg 0.30276213434019167 off 0.2247802874101672	false	1.0
ungeduscht	off 1.0		__DUMMY__ 0.47534568676480143 neg 0.3015008500263241 off 0.22315346320887447	false	0.5
knappheit	neg 1.0		__DUMMY__ 0.47498479175199365 neg 0.30727529298303696 off 0.2177399152649695	false	1.0
schlange	neg 1.0		__DUMMY__ 0.47737238609492666 neg 0.30090950085899093 off 0.22171811304608227	false	1.0
harsch	neg 1.0		__DUMMY__ 0.4741381376490185 neg 0.2933644773607799 off 0.23249738499020162	false	1.0
lang	neg 1.0		__DUMMY__ 0.47553567995958174 neg 0.3030792838137859 off 0.22138503622663253	false	1.0
ziellos	neg 1.0		__DUMMY__ 0.4767259150813907 neg 0.30625313188645803 off 0.2170209530321513	false	1.0
selbstverliebt	neg 1.0		__DUMMY__ 0.46761013049675954 neg 0.2963010818777761 off 0.2360887876254643	false	1.0
beseitigen	neg 1.0		__DUMMY__ 0.47809596500463486 neg 0.30003606334236543 off 0.22186797165299965	false	1.0
dumm	off 1.0		__DUMMY__ 0.4715249928706515 neg 0.2969776028883174 off 0.23149740424103096	false	0.5
arbeitsloser	neg 1.0		__DUMMY__ 0.4752797917052282 neg 0.30829511912007174 off 0.21642508917470005	false	1.0
blitzen	neg 1.0		__DUMMY__ 0.4740244316751807 neg 0.3022272401971696 off 0.22374832812764972	false	1.0
hilflos	neg 1.0		__DUMMY__ 0.4763055509894288 neg 0.3057519589708135 off 0.21794249003975766	false	1.0
eklig	off 1.0		__DUMMY__ 0.47054347092192844 neg 0.2972252436523963 off 0.2322312854256752	false	0.5
begriff			__DUMMY__ 0.47511132870571254 neg 0.30678555482213404 off 0.2181031164721534	false	0.0
hungersnot	neg 1.0		__DUMMY__ 0.4704767283041408 neg 0.3110060942535753 off 0.21851717744228405	false	1.0
ungesetzlich	neg 1.0		__DUMMY__ 0.4701511154885279 neg 0.3082472479884085 off 0.22160163652306356	false	1.0
verschwendung	neg 1.0		__DUMMY__ 0.47621278591546856 neg 0.3087325447041705 off 0.2150546693803609	false	1.0
schmerzvoll	neg 1.0		__DUMMY__ 0.4758706524084794 neg 0.30259531538941703 off 0.22153403220210344	false	1.0
vorzeitig	neg 1.0		__DUMMY__ 0.47489515377025066 neg 0.29916335381868686 off 0.2259414924110625	false	1.0
unvollkommenheit	neg 1.0		__DUMMY__ 0.4754555503601684 neg 0.3043965940683622 off 0.22014785557146951	false	1.0
intervenieren	neg 1.0		__DUMMY__ 0.4729937617062484 neg 0.31191905912189904 off 0.21508717917185263	false	1.0
banause	off 1.0		__DUMMY__ 0.46977695061315045 neg 0.2965730722951534 off 0.23364997709169602	false	0.5
rebell	neg 1.0		__DUMMY__ 0.4777054596961472 neg 0.3076777928961651 off 0.21461674740768777	false	1.0
unlogisch	neg 1.0		__DUMMY__ 0.4726344836955386 neg 0.29945417384354606 off 0.2279113424609152	false	1.0
leiden	neg 1.0	neg 1.0	neg 0.6408670784994807 __DUMMY__ 0.23638934998780917 off 0.12274357151271013	false	1.0
abschaffung	neg 1.0		__DUMMY__ 0.4729856901732826 neg 0.3064538981986663 off 0.22056041162805112	false	1.0
sturz	neg 1.0		__DUMMY__ 0.4725115628911523 neg 0.3064758037045912 off 0.22101263340425636	false	1.0
verkleinerung	neg 1.0		__DUMMY__ 0.47132494609922715 neg 0.30511751798922215 off 0.22355753591155064	false	1.0
schmarotzer	off 1.0		__DUMMY__ 0.4737275341132365 neg 0.30983546712735316 off 0.2164369987594105	false	0.5
bestrafung	neg 1.0		__DUMMY__ 0.47441147551239293 neg 0.30473998398568114 off 0.22084854050192593	false	1.0
achtlos	neg 1.0		__DUMMY__ 0.47732884425534156 neg 0.303038309382199 off 0.21963284636245942	false	1.0
ungeheuer	neg 1.0		__DUMMY__ 0.47443987680824884 neg 0.30357122398653696 off 0.22198889920521417	false	1.0
unaufrichtig	neg 1.0		__DUMMY__ 0.47109687507743947 neg 0.30665311128168926 off 0.22225001364087119	false	1.0
groggy	neg 1.0		__DUMMY__ 0.4744221799399086 neg 0.3018138540159733 off 0.22376396604411808	false	1.0
verletzlich	neg 1.0		__DUMMY__ 0.47393908374232313 neg 0.30002779915674455 off 0.22603311710093235	false	1.0
