unsolidarisch	neg 1.0		__DUMMY__ 0.9242845029888775 neg 0.04569763870477346 off 0.030017858306348975	false	1.0
nachteilig	neg 1.0		__DUMMY__ 0.9314839011026209 neg 0.04131502280635191 off 0.027201076091027204	false	1.0
skeptisch	neg 1.0		__DUMMY__ 0.9331061339950237 neg 0.041624088512112904 off 0.02526977749286335	false	1.0
schrecklich	neg 1.0		__DUMMY__ 0.9288877257980357 neg 0.03679612076302568 off 0.034316153438938665	false	1.0
schlapp	neg 1.0		__DUMMY__ 0.9329420572589204 neg 0.03610109195982971 off 0.030956850781249778	false	1.0
abfall	neg 1.0		__DUMMY__ 0.9335310030927172 neg 0.042300025874397754 off 0.02416897103288503	false	1.0
widerspenstig	neg 1.0		__DUMMY__ 0.9342338956185392 neg 0.037730607090377205 off 0.028035497291083504	false	1.0
abrupt	neg 1.0		__DUMMY__ 0.9349184860160056 neg 0.03786154587901932 off 0.027219968104975054	false	1.0
unwirksam	neg 1.0		__DUMMY__ 0.9268910215359438 neg 0.043588391721459015 off 0.029520586742597093	false	1.0
angreifen	neg 1.0		__DUMMY__ 0.9312433094302666 neg 0.04229404387809649 off 0.02646264669163695	false	1.0
inkonsistent	neg 1.0		__DUMMY__ 0.929975175989442 neg 0.03995403574016935 off 0.030070788270388664	false	1.0
abrutschen	neg 1.0		__DUMMY__ 0.9345360626472605 neg 0.04127234371456622 off 0.02419159363817327	false	1.0
unsicher	neg 1.0		__DUMMY__ 0.9324432241481877 neg 0.03894619338696727 off 0.028610582464844936	false	1.0
bauernkind	off 1.0		__DUMMY__ 0.9248787104168676 neg 0.03858614486399821 off 0.0365351447191342	false	0.5
angreifer	neg 1.0		__DUMMY__ 0.9283459153231655 neg 0.04046095184261183 off 0.03119313283422272	false	1.0
trennen	neg 1.0		__DUMMY__ 0.9363641980561059 neg 0.03825510598189659 off 0.025380695961997445	false	1.0
schmutz	neg 1.0		__DUMMY__ 0.9366169073855899 neg 0.0317169943455228 off 0.031666098268887305	false	1.0
inkonsistenz	neg 1.0	neg 1.0	neg 0.5065206325867022 __DUMMY__ 0.465216021101197 off 0.0282633463121008	false	1.0
erschreckend	neg 1.0		__DUMMY__ 0.9307303273690879 neg 0.04123410052418476 off 0.028035572106727333	false	1.0
ertrinken	neg 1.0		__DUMMY__ 0.9343256535793462 neg 0.03929166891016607 off 0.02638267751048779	false	1.0
pickelface	off 1.0		__DUMMY__ 0.9300499009097466 neg 0.04045426178425 off 0.02949583730600345	false	0.5
seiner			__DUMMY__ 0.9325173407010644 neg 0.041382835696908225 off 0.02609982360202745	false	0.0
lauch	neg 1.0		__DUMMY__ 0.9339202520073486 neg 0.041291842937674336 off 0.02478790505497712	false	1.0
unwichtig	neg 1.0		__DUMMY__ 0.9297993331468087 neg 0.038528003207578744 off 0.03167266364561256	false	1.0
steuerhinterziehung	neg 1.0		__DUMMY__ 0.9275583699527046 neg 0.04361369115005052 off 0.02882793889724492	false	1.0
schock	neg 1.0		__DUMMY__ 0.9349611271646605 neg 0.03782995141539736 off 0.02720892141994215	false	1.0
beule	neg 1.0		__DUMMY__ 0.9327277516592362 neg 0.03552159565691134 off 0.03175065268385253	false	1.0
vergelten	neg 1.0		__DUMMY__ 0.9265013920272789 neg 0.03775922452966478 off 0.03573938344305629	false	1.0
verdorbenheit	neg 1.0		__DUMMY__ 0.934728193007259 neg 0.0362868188467345 off 0.02898498814600645	false	1.0
trauma	neg 1.0		__DUMMY__ 0.9310190657280483 neg 0.03908767089702687 off 0.029893263374924952	false	1.0
sinnlos	neg 1.0		__DUMMY__ 0.9308761788339753 neg 0.03900930387900629 off 0.03011451728701842	false	1.0
fettsack	off 1.0	off 1.0	off 0.502547024864879 __DUMMY__ 0.46304515768185683 neg 0.03440781745326426	false	1.0
feige	off 1.0		__DUMMY__ 0.9283032699666313 neg 0.04012092159962065 off 0.03157580843374809	false	0.5
abdanken	neg 1.0		__DUMMY__ 0.925317066579989 neg 0.04542035913226362 off 0.029262574287747367	false	1.0
wichtigtuer	off 1.0	off 1.0	off 0.49744268504494643 __DUMMY__ 0.46495156561511075 neg 0.03760574933994275	false	1.0
misslingen	neg 1.0		__DUMMY__ 0.9349512297409525 neg 0.03540545947541293 off 0.02964331078363457	false	1.0
untreu	off 1.0		__DUMMY__ 0.93005576963066 neg 0.03782592288755041 off 0.0321183074817896	false	0.5
missmutig	neg 1.0		__DUMMY__ 0.9324512728469843 neg 0.03665097849654464 off 0.03089774865647113	false	1.0
hurenbock	off 1.0		__DUMMY__ 0.9357984167411575 neg 0.03526221723552702 off 0.028939366023315444	false	0.5
betrunken	neg 1.0		__DUMMY__ 0.9314253862871283 neg 0.03591022064404151 off 0.03266439306883022	false	1.0
korrupt	off 1.0		__DUMMY__ 0.9267509880069609 neg 0.04516382605531802 off 0.02808518593772104	false	0.5
unmut	neg 1.0		__DUMMY__ 0.9328904239660856 neg 0.0422312328503373 off 0.02487834318357721	false	1.0
hackfresse	off 1.0		__DUMMY__ 0.9275836525644867 off 0.03653775318677855 neg 0.03587859424873472	false	1.0
aufblasen	neg 1.0		__DUMMY__ 0.9335065450915696 neg 0.03727792841935043 off 0.029215526489079994	false	1.0
gewaltsam	neg 1.0		__DUMMY__ 0.9280503696170576 neg 0.04211725777628636 off 0.029832372606656127	false	1.0
unbeliebtheit	neg 1.0		__DUMMY__ 0.9216874129659641 neg 0.04440121782329614 off 0.03391136921073975	false	1.0
sturheit	neg 1.0		__DUMMY__ 0.9286946993209239 neg 0.042897626714387765 off 0.028407673964688414	false	1.0
kuh	neg 1.0		__DUMMY__ 0.929706904645753 neg 0.04099044737347382 off 0.029302647980773124	false	1.0
erschrecken	neg 1.0		__DUMMY__ 0.9319483920974981 neg 0.03725323150419374 off 0.030798376398308163	false	1.0
opfer	neg 1.0	neg 1.0	neg 0.507715012485415 __DUMMY__ 0.4680873605345588 off 0.024197626980026206	false	1.0
sinken	neg 1.0		__DUMMY__ 0.9332779255715665 neg 0.0416117663180032 off 0.02511030811043033	false	1.0
stinktier	neg 1.0		__DUMMY__ 0.9270594191069196 neg 0.038425569236981615 off 0.0345150116560988	false	1.0
tucke	off 1.0		__DUMMY__ 0.9291649685210466 off 0.03648346967523811 neg 0.034351561803715236	false	1.0
ein			__DUMMY__ 0.935465180623074 neg 0.03604572964811488 off 0.0284890897288111	false	0.0
abstieg	neg 1.0		__DUMMY__ 0.9296142676243069 neg 0.04237798690401294 off 0.028007745471680178	false	1.0
missverstehen	neg 1.0		__DUMMY__ 0.9287017343055994 neg 0.041070405760510846 off 0.030227859933889756	false	1.0
ergebnislos	neg 1.0		__DUMMY__ 0.9310522369277883 neg 0.041345593661030876 off 0.027602169411180787	false	1.0
unter			__DUMMY__ 0.9393952211245621 neg 0.03923187683847364 off 0.02137290203696421	false	0.0
manipulieren	neg 1.0		__DUMMY__ 0.9314212300446095 neg 0.04228381819796468 off 0.02629495175742576	false	1.0
unbewiesen	neg 1.0		__DUMMY__ 0.9237283300985428 neg 0.04636314964044177 off 0.029908520261015425	false	1.0
verschleppen	neg 1.0		__DUMMY__ 0.9304080701733228 neg 0.04209605706443469 off 0.027495872762242454	false	1.0
weib	off 1.0		__DUMMY__ 0.9263736822628016 off 0.037390004159918576 neg 0.03623631357727987	false	1.0
opposition	neg 1.0		__DUMMY__ 0.92640170757372 neg 0.043456235368699976 off 0.03014205705758011	false	1.0
verkehrswidrig	neg 1.0		__DUMMY__ 0.9304610714397511 off 0.03492507954382782 neg 0.03461384901642114	false	0.5
inkorrekt	neg 1.0		__DUMMY__ 0.9247456774050047 neg 0.042403387688233235 off 0.03285093490676206	false	1.0
vermeiden	neg 1.0		__DUMMY__ 0.9366381572485869 neg 0.04033212232232346 off 0.023029720429089604	false	1.0
abweichung	neg 1.0		__DUMMY__ 0.9266620586878609 neg 0.045548195872830384 off 0.027789745439308806	false	1.0
alkoholisiert	neg 1.0		__DUMMY__ 0.933710282855931 neg 0.03965073458787231 off 0.02663898255619666	false	1.0
scheiss	off 1.0	off 1.0	off 0.4993289578930512 __DUMMY__ 0.4668770660014158 neg 0.03379397610553292	false	1.0
herausforderung	neg 1.0		__DUMMY__ 0.9375615530718284 neg 0.03559087283207737 off 0.02684757409609417	false	1.0
pervers	off 1.0		__DUMMY__ 0.9258151813689961 off 0.03925651152546052 neg 0.034928307105543434	false	1.0
wackelig	neg 1.0		__DUMMY__ 0.9370531943043794 neg 0.03643101678904859 off 0.026515788906572003	false	1.0
verwickeln	neg 1.0		__DUMMY__ 0.9300677372426663 neg 0.03991008733614081 off 0.0300221754211929	false	1.0
vorwand	neg 1.0		__DUMMY__ 0.9317269956506916 neg 0.0428496996790249 off 0.025423304670283513	false	1.0
muschi	off 1.0		__DUMMY__ 0.929644810233103 neg 0.04109606047369121 off 0.029259129293205798	false	0.5
entmutigung	neg 1.0		__DUMMY__ 0.9212437590307799 neg 0.047267142272524564 off 0.031489098696695535	false	1.0
unangemessen	neg 1.0		__DUMMY__ 0.9287211180359655 neg 0.043669158507549044 off 0.027609723456485408	false	1.0
unstetig	neg 1.0		__DUMMY__ 0.9290080209421822 neg 0.039876581690753456 off 0.031115397367064444	false	1.0
entmutigen	neg 1.0		__DUMMY__ 0.9321050728211655 neg 0.03855613940084227 off 0.02933878777799217	false	1.0
schwanz	neg 1.0		__DUMMY__ 0.9323833312226948 neg 0.04021211455246747 off 0.027404554224837844	false	1.0
verbot	neg 1.0		__DUMMY__ 0.9278548747366235 neg 0.04376852096551613 off 0.028376604297860403	false	1.0
leid	neg 1.0		__DUMMY__ 0.9284034744659311 neg 0.0363072190191461 off 0.03528930651492283	false	1.0
archaisch	neg 1.0		__DUMMY__ 0.929176045468437 neg 0.04301111672735437 off 0.027812837804208554	false	1.0
gegen			__DUMMY__ 0.9309285252039128 neg 0.04312772339158717 off 0.02594375140450002	false	0.0
scheidung	neg 1.0	neg 1.0	neg 0.4969647923834607 __DUMMY__ 0.4624040080058309 off 0.04063119961070836	false	1.0
einschlag	neg 1.0		__DUMMY__ 0.9286554368610698 neg 0.036263280801547455 off 0.0350812823373827	false	1.0
m			__DUMMY__ 0.9334937897982533 neg 0.038841509013009916 off 0.027664701188736804	false	0.0
abgestanden	neg 1.0		__DUMMY__ 0.9337115051749235 neg 0.0384759430021921 off 0.027812551822884297	false	1.0
schmierig	off 1.0		__DUMMY__ 0.9298358690152586 neg 0.03566998068708435 off 0.034494150297657004	false	0.5
unpraktisch	neg 1.0		__DUMMY__ 0.934220995358898 neg 0.036803218948101284 off 0.028975785693000713	false	1.0
wixxer	off 1.0		__DUMMY__ 0.9240328225112773 off 0.03946214551739279 neg 0.03650503197132988	false	1.0
bezeichnet			__DUMMY__ 0.9294569060249731 neg 0.042007400617230496 off 0.028535693357796363	false	0.0
jammerlappen	off 1.0		__DUMMY__ 0.9302912279326946 neg 0.03809021125018713 off 0.031618560817118335	false	0.5
farce	neg 1.0		__DUMMY__ 0.9240975181907283 neg 0.04709491696025154 off 0.028807564849020126	false	1.0
zwecklos	neg 1.0		__DUMMY__ 0.9298316717569134 neg 0.042866341154665866 off 0.027301987088420795	false	1.0
turbulent	neg 1.0		__DUMMY__ 0.9282247680243126 neg 0.03769676580287811 off 0.03407846617280929	false	1.0
invasion	neg 1.0		__DUMMY__ 0.9323301784571042 neg 0.03697378690762072 off 0.03069603463527508	false	1.0
schuld	neg 1.0		__DUMMY__ 0.9304888154942621 neg 0.040141464025150654 off 0.029369720480587252	false	1.0
risiko	neg 1.0		__DUMMY__ 0.9342149202718311 neg 0.03504242222096204 off 0.030742657507206943	false	1.0
finster	neg 1.0		__DUMMY__ 0.9342488262642998 neg 0.03761051075191626 off 0.028140662983783933	false	1.0
geisteskrank	off 1.0		__DUMMY__ 0.9264534960733776 neg 0.0405232104912041 off 0.03302329343541829	false	0.5
zusammenbrechen	neg 1.0		__DUMMY__ 0.9331056723555193 neg 0.03915299302385042 off 0.02774133462063022	false	1.0
ausbeute	neg 1.0		__DUMMY__ 0.9355453778489614 neg 0.038098188491210036 off 0.02635643365982849	false	1.0
hinterhalt	neg 1.0		__DUMMY__ 0.9316033950997064 neg 0.03906526708158084 off 0.029331337818712822	false	1.0
kritik	neg 1.0		__DUMMY__ 0.9254990890465343 neg 0.04576034818309477 off 0.028740562770370917	false	1.0
einschrumpfen	neg 1.0		__DUMMY__ 0.9262766291300976 neg 0.042089888819717085 off 0.03163348205018537	false	1.0
riskant	neg 1.0		__DUMMY__ 0.9325497949942223 neg 0.04109519397099999 off 0.026355011034777723	false	1.0
frustrieren	neg 1.0		__DUMMY__ 0.9314502220020769 neg 0.042189416881359326 off 0.026360361116563716	false	1.0
groll	neg 1.0		__DUMMY__ 0.9303495845387367 neg 0.04222668177491961 off 0.02742373368634363	false	1.0
gibt			__DUMMY__ 0.9313283968583091 neg 0.04103947616219592 off 0.027632126979494978	false	0.0
qualvoll	neg 1.0		__DUMMY__ 0.9324080822587079 neg 0.03764996806868314 off 0.02994194967260893	false	1.0
wackeln	neg 1.0		__DUMMY__ 0.9352922449095518 neg 0.03590909840135888 off 0.02879865668908935	false	1.0
klagen	neg 1.0		__DUMMY__ 0.931414629788056 neg 0.04316056532278818 off 0.02542480488915581	false	1.0
bankrott	neg 1.0		__DUMMY__ 0.9318333019021362 neg 0.03662019833510953 off 0.0315464997627542	false	1.0
trauern	neg 1.0		__DUMMY__ 0.9329823431529232 neg 0.040572476974868536 off 0.026445179872208315	false	1.0
ablehnung	neg 1.0	neg 1.0	neg 0.5109961105578126 __DUMMY__ 0.46297117212509786 off 0.026032717317089532	false	1.0
stur	neg 1.0		__DUMMY__ 0.9308542745421058 neg 0.03955617824525537 off 0.02958954721263875	false	1.0
aufruhr	neg 1.0		__DUMMY__ 0.9271246136608593 neg 0.04327194567974361 off 0.029603440659397025	false	1.0
melancholie	neg 1.0		__DUMMY__ 0.9353569349080364 neg 0.03805579880552959 off 0.026587266286433986	false	1.0
ist			__DUMMY__ 0.9301916977355004 neg 0.040154671636208644 off 0.029653630628291076	false	0.0
torheit	neg 1.0		__DUMMY__ 0.9249743964744237 neg 0.04481533112632081 off 0.03021027239925547	false	1.0
dreckskind	off 1.0		__DUMMY__ 0.9234081102063983 neg 0.04047688263340621 off 0.03611500716019549	false	0.5
umtauschen	neg 1.0		__DUMMY__ 0.9337345076885087 neg 0.03845744989744557 off 0.027808042414045702	false	1.0
zum			__DUMMY__ 0.9397421714877655 neg 0.03708281517510576 off 0.023175013337128746	false	0.0
zersetzen	neg 1.0		__DUMMY__ 0.931329596373427 neg 0.04280396339678446 off 0.025866440229788432	false	1.0
zur			__DUMMY__ 0.9341111292347993 neg 0.04222845672556983 off 0.02366041403963086	false	0.0
frust	neg 1.0		__DUMMY__ 0.9323856178741528 neg 0.03993892657468817 off 0.027675455551159193	false	1.0
unerbittlichkeit	neg 1.0		__DUMMY__ 0.9305111491403975 neg 0.04297846677264878 off 0.026510384086953834	false	1.0
zwei			__DUMMY__ 0.9372074506861362 neg 0.03839854036882253 off 0.024394008945041203	false	0.0
unkorrekt	neg 1.0		__DUMMY__ 0.9265149673834996 neg 0.04037295754819224 off 0.03311207506830824	false	1.0
hexe	off 1.0		__DUMMY__ 0.9310394849368854 neg 0.03738926330302146 off 0.03157125176009311	false	0.5
lasch	neg 1.0		__DUMMY__ 0.928466090052115 neg 0.04049524810916669 off 0.031038661838718326	false	1.0
rivale	neg 1.0		__DUMMY__ 0.9274125341245035 neg 0.03794541887339326 off 0.03464204700210326	false	1.0
mutlos	off 1.0	off 1.0	off 0.494760252453481 __DUMMY__ 0.46519097654993735 neg 0.040048770996581565	false	1.0
wirr	off 1.0		__DUMMY__ 0.9265038800937162 neg 0.0395068360771778 off 0.03398928382910602	false	0.5
jahr			__DUMMY__ 0.9356738330086578 neg 0.038454581019927526 off 0.02587158597141471	false	0.0
wird			__DUMMY__ 0.9320075171905277 neg 0.041355539674336764 off 0.026636943135135652	false	0.0
strafbar	neg 1.0		__DUMMY__ 0.929070923679839 neg 0.04406936752633441 off 0.02685970879382657	false	1.0
erosion	neg 1.0		__DUMMY__ 0.9334124537441407 neg 0.037040321330452514 off 0.029547224925406696	false	1.0
eingehen	neg 1.0		__DUMMY__ 0.930362573446541 neg 0.04252600547935812 off 0.027111421074100826	false	1.0
faul	off 1.0		__DUMMY__ 0.9336968486698703 neg 0.0354119244903003 off 0.030891226839829266	false	0.5
provisorium	neg 1.0		__DUMMY__ 0.9376214723140229 neg 0.04137270678177432 off 0.021005820904202714	false	1.0
schmerzen	neg 1.0		__DUMMY__ 0.9334811089994997 neg 0.03920100489863831 off 0.027317886101862004	false	1.0
schrumpfen	neg 1.0		__DUMMY__ 0.9351024492072744 neg 0.041537436428238456 off 0.023360114364487258	false	1.0
geistlos	off 1.0		__DUMMY__ 0.9239625953059658 neg 0.044759679670269344 off 0.03127772502376479	false	0.5
fehlkauf	neg 1.0		__DUMMY__ 0.9297298896134051 neg 0.03952591622097256 off 0.030744194165622397	false	1.0
frustrierend	neg 1.0	neg 1.0	neg 0.5047138299643457 __DUMMY__ 0.46718798384638976 off 0.028098186189264518	false	1.0
unzufrieden	neg 1.0		__DUMMY__ 0.9310465951794955 neg 0.04167232864331702 off 0.027281076177187506	false	1.0
verzweifeln	neg 1.0		__DUMMY__ 0.9322006725285343 neg 0.03953274577785413 off 0.0282665816936115	false	1.0
verzweifelt	neg 1.0		__DUMMY__ 0.9308690418490387 neg 0.039651468678366344 off 0.02947948947259493	false	1.0
misstrauensantrag	neg 1.0		__DUMMY__ 0.9282872870856321 neg 0.041101875566016924 off 0.030610837348350947	false	1.0
abfallen	neg 1.0		__DUMMY__ 0.9357672183687339 neg 0.035616824670337346 off 0.028615956960928775	false	1.0
fucker	off 1.0		__DUMMY__ 0.9278395615284916 neg 0.03805736985785101 off 0.03410306861365748	false	0.5
ungezogen	neg 1.0		__DUMMY__ 0.9278293636635949 off 0.037449108136614916 neg 0.03472152819979014	false	0.5
irrsinnig	neg 1.0	neg 1.0	neg 0.507656545853955 __DUMMY__ 0.4656944455230147 off 0.026649008623030268	false	1.0
unfassbar	neg 1.0		__DUMMY__ 0.9299572471654184 neg 0.03815010123087052 off 0.03189265160371115	false	1.0
hart	neg 1.0		__DUMMY__ 0.9289374042947038 neg 0.03927952267778927 off 0.031783073027506936	false	1.0
widerlich	off 1.0		__DUMMY__ 0.9284891511360048 neg 0.03892902564230458 off 0.03258182322169055	false	0.5
fatal	neg 1.0		__DUMMY__ 0.929955910670015 neg 0.03933868015201677 off 0.030705409177968195	false	1.0
bruch	neg 1.0		__DUMMY__ 0.9296574732948134 neg 0.0450970990518101 off 0.025245427653376475	false	1.0
aushungern	neg 1.0		__DUMMY__ 0.9273864057902341 neg 0.042898862250392814 off 0.029714731959373034	false	1.0
anspannung	neg 1.0		__DUMMY__ 0.9355482137351212 neg 0.04032160319013849 off 0.02413018307474035	false	1.0
von			__DUMMY__ 0.9360940063337244 neg 0.03861059301217374 off 0.0252954006541019	false	0.0
kraftlos	neg 1.0		__DUMMY__ 0.9358212998907479 neg 0.0376397207532813 off 0.026538979355970736	false	1.0
vom			__DUMMY__ 0.9388977037968641 neg 0.0394641220482035 off 0.021638174154932452	false	0.0
grenzdebil	off 1.0		__DUMMY__ 0.9309777533855049 neg 0.0365006767184371 off 0.03252156989605797	false	0.5
vor			__DUMMY__ 0.9346570353843506 neg 0.04046484951148735 off 0.024878115104161977	false	0.0
unterwerfen	neg 1.0		__DUMMY__ 0.9307279558659152 neg 0.04242443108794181 off 0.02684761304614303	false	1.0
versenkung	neg 1.0		__DUMMY__ 0.9317869206728698 neg 0.04167095145125723 off 0.02654212787587286	false	1.0
entziehen	neg 1.0		__DUMMY__ 0.9319077981539126 neg 0.04302485733432322 off 0.025067344511764282	false	1.0
finanzkrise	neg 1.0		__DUMMY__ 0.9266197098361432 neg 0.044320368292333615 off 0.02905992187152318	false	1.0
schimpfend	neg 1.0		__DUMMY__ 0.9370054780375445 neg 0.03407645723483656 off 0.028918064727618882	false	1.0
profan	neg 1.0		__DUMMY__ 0.9308184334280425 neg 0.039204968793322234 off 0.029976597778635195	false	1.0
korruption	neg 1.0		__DUMMY__ 0.9272515776309959 neg 0.044719612594684294 off 0.02802880977431989	false	1.0
â			__DUMMY__ 0.9333686214206336 neg 0.03956049887821216 off 0.027070879701154207	false	0.0
schmutzig	neg 1.0		__DUMMY__ 0.9332612917380411 neg 0.034735614362522114 off 0.032003093899436834	false	1.0
sexy	neg 1.0		__DUMMY__ 0.930993850895849 neg 0.03755784137939514 off 0.031448307724755854	false	1.0
abraten	neg 1.0		__DUMMY__ 0.9328744172799505 neg 0.03786472578815535 off 0.029260856931894202	false	1.0
schwarz	neg 1.0		__DUMMY__ 0.9304013465360124 neg 0.03953707603812252 off 0.030061577425865092	false	1.0
fotze	off 1.0		__DUMMY__ 0.9303686967077706 neg 0.04166106142328761 off 0.027970241868941866	false	0.5
verwirren	neg 1.0		__DUMMY__ 0.9308935862756466 neg 0.038509453989643026 off 0.030596959734710376	false	1.0
zahnlos	off 1.0		__DUMMY__ 0.9297976145712769 neg 0.04261443536255531 off 0.027587950066167828	false	0.5
verheeren	neg 1.0		__DUMMY__ 0.9238633228207243 off 0.039346365307430936 neg 0.03679031187184477	false	0.5
hippie	neg 1.0		__DUMMY__ 0.93053854981236 neg 0.03807146307548165 off 0.03138998711215844	false	1.0
rammen	neg 1.0		__DUMMY__ 0.9321833576093559 neg 0.037690537435901186 off 0.03012610495474305	false	1.0
unlauter	neg 1.0	neg 1.0	neg 0.5069887641439583 __DUMMY__ 0.4651351955957055 off 0.027876040260336157	false	1.0
unheilvoll	neg 1.0		__DUMMY__ 0.9328312715588088 neg 0.037635198624035505 off 0.029533529817155648	false	1.0
niedrig	neg 1.0		__DUMMY__ 0.9313837374909472 neg 0.04170932114546722 off 0.026906941363585606	false	1.0
explosion	neg 1.0		__DUMMY__ 0.931982059757477 neg 0.03715175481403101 off 0.030866185428491923	false	1.0
weichei	off 1.0		__DUMMY__ 0.9277178231492444 neg 0.03655660899063572 off 0.03572556786011983	false	0.5
minusmensch	off 1.0		__DUMMY__ 0.9223453246536103 off 0.03943524799717208 neg 0.03821942734921762	false	1.0
farblos	neg 1.0		__DUMMY__ 0.9313423275517995 neg 0.03972814105336583 off 0.028929531394834625	false	1.0
unwissend	neg 1.0	neg 1.0	neg 0.5059136968534609 __DUMMY__ 0.4649836339660525 off 0.029102669180486734	false	1.0
traurig	neg 1.0		__DUMMY__ 0.9304222607421013 neg 0.03598960509425794 off 0.033588134163640745	false	1.0
senkung	neg 1.0		__DUMMY__ 0.9296666019217046 neg 0.0395822547681698 off 0.030751143310125587	false	1.0
ungleich	neg 1.0	neg 1.0	neg 0.5098550446578598 __DUMMY__ 0.46585842405455025 off 0.02428653128758988	false	1.0
heikel	neg 1.0		__DUMMY__ 0.9318827755954692 neg 0.04236807273992383 off 0.025749151664606958	false	1.0
drosselung	neg 1.0		__DUMMY__ 0.9314861805325385 neg 0.034881067392799815 off 0.033632752074661626	false	1.0
falsch	neg 1.0		__DUMMY__ 0.9303539983159815 neg 0.03845660825132603 off 0.031189393432692412	false	1.0
unzufriedenheit	neg 1.0		__DUMMY__ 0.9313659948465944 neg 0.042851282380752496 off 0.025782722772653054	false	1.0
kurz	neg 1.0		__DUMMY__ 0.9351287508246687 neg 0.03765291276969232 off 0.027218336405638997	false	1.0
unsinnig	neg 1.0		__DUMMY__ 0.9307640676874174 neg 0.04169468100028537 off 0.027541251312297364	false	1.0
penner	off 1.0	off 1.0	off 0.5036816132767847 __DUMMY__ 0.464206149550844 neg 0.032112237172371196	false	1.0
seicht	neg 1.0		__DUMMY__ 0.9244149726912875 off 0.037794324250395736 neg 0.03779070305831683	false	0.5
dummheit	off 1.0	off 1.0	off 0.4978707493769605 __DUMMY__ 0.4646416045627607 neg 0.0374876460602787	false	1.0
unerfreulich	neg 1.0		__DUMMY__ 0.9327346800020068 neg 0.042034891697439083 off 0.025230428300554216	false	1.0
motherfucker	off 1.0	off 1.0	off 0.5011302518135851 __DUMMY__ 0.46429284858062 neg 0.03457689960579509	false	1.0
pikiert	neg 1.0		__DUMMY__ 0.9290247718489323 neg 0.039252274234952464 off 0.0317229539161153	false	1.0
wrack	neg 1.0		__DUMMY__ 0.9346578444725578 neg 0.03837488298627837 off 0.026967272541163816	false	1.0
gangster	neg 1.0		__DUMMY__ 0.9306278731061836 neg 0.038596263458349864 off 0.03077586343546663	false	1.0
krank	neg 1.0		__DUMMY__ 0.9324876622225629 neg 0.035365090560198216 off 0.032147247217238925	false	1.0
reich	neg 1.0		__DUMMY__ 0.9227972593000023 neg 0.044476820206195665 off 0.032725920493802026	false	1.0
gnadenlos	neg 1.0		__DUMMY__ 0.930975992477722 neg 0.039561469266626244 off 0.029462538255651816	false	1.0
niedergeschlagen	neg 1.0		__DUMMY__ 0.9327068355160937 neg 0.03969748202945366 off 0.02759568245445269	false	1.0
terrorisieren	off 1.0	off 1.0	off 0.4943300552621788 __DUMMY__ 0.4684635714465436 neg 0.037206373291277586	false	1.0
sinnlosigkeit	neg 1.0		__DUMMY__ 0.9299981867278936 neg 0.04246594614330231 off 0.027535867128804084	false	1.0
behindern	neg 1.0		__DUMMY__ 0.933608643762044 neg 0.03800351557275475 off 0.028387840665201173	false	1.0
undemokratisch	neg 1.0		__DUMMY__ 0.9260440404870287 neg 0.04355552128650262 off 0.03040043822646879	false	1.0
wirtschaftskrise	neg 1.0		__DUMMY__ 0.928729205809568 neg 0.04345372744829892 off 0.02781706674213315	false	1.0
neid	neg 1.0		__DUMMY__ 0.9330274732369409 neg 0.036434892021211154 off 0.030537634741848008	false	1.0
rutschen	neg 1.0		__DUMMY__ 0.9399686850072431 neg 0.03687564427220474 off 0.02315567072055224	false	1.0
rezession	neg 1.0		__DUMMY__ 0.9243434462183483 neg 0.040259492726549606 off 0.0353970610551021	false	1.0
fehlgeburt	neg 1.0		__DUMMY__ 0.9314099784899291 neg 0.03980913732918492 off 0.028780884180885986	false	1.0
charakterschwach	off 1.0		__DUMMY__ 0.9288665093269852 neg 0.03857616456537001 off 0.03255732610764478	false	0.5
isolation	neg 1.0		__DUMMY__ 0.9309106708938049 neg 0.03707785175313762 off 0.032011477353057594	false	1.0
ablenkung	neg 1.0		__DUMMY__ 0.9328944686922885 neg 0.03834536002257352 off 0.02876017128513797	false	1.0
pech	neg 1.0		__DUMMY__ 0.931242183024922 neg 0.0386449895872163 off 0.03011282738786173	false	1.0
vermeidung	neg 1.0		__DUMMY__ 0.9317574895707387 neg 0.0354204154518902 off 0.03282209497737108	false	1.0
dominieren	neg 1.0		__DUMMY__ 0.9314881303852299 neg 0.04049373034872453 off 0.028018139266045523	false	1.0
schwindlig	neg 1.0		__DUMMY__ 0.9340782184518414 neg 0.03612379195006133 off 0.029797989598097294	false	1.0
lutscher	neg 1.0		__DUMMY__ 0.9250015838945256 off 0.03796211823674762 neg 0.03703629786872678	false	0.5
pflicht	neg 1.0		__DUMMY__ 0.9313665426477821 neg 0.042797223178916176 off 0.025836234173301723	false	1.0
faschist	off 1.0		__DUMMY__ 0.9256655531112169 neg 0.04332857661275034 off 0.03100587027603282	false	0.5
verschleudern	neg 1.0		__DUMMY__ 0.9291172458413858 neg 0.04349014076740257 off 0.027392613391211674	false	1.0
wenn			__DUMMY__ 0.9306891807497409 neg 0.03812923940006914 off 0.031181579850189867	false	0.0
ehebruch	neg 1.0		__DUMMY__ 0.9297545614266565 neg 0.04303591080595786 off 0.02720952776738564	false	1.0
spott	off 1.0		__DUMMY__ 0.9299287012373018 neg 0.043282181267821955 off 0.026789117494876353	false	0.5
trostlosigkeit	neg 1.0		__DUMMY__ 0.9276892126392134 neg 0.046240415087149565 off 0.02607037227363704	false	1.0
lutschen	neg 1.0		__DUMMY__ 0.9286099393829688 neg 0.03952441007689448 off 0.03186565054013686	false	1.0
undiszipliniert	neg 1.0		__DUMMY__ 0.9298692733995618 neg 0.03695441855819939 off 0.033176308042238783	false	1.0
kopfschmerz	neg 1.0		__DUMMY__ 0.9317855137819415 neg 0.04031156081197447 off 0.02790292540608399	false	1.0
unvorhergesehen	neg 1.0		__DUMMY__ 0.9360326369464211 neg 0.03707877658433343 off 0.026888586469245433	false	1.0
desinteressiert	neg 1.0		__DUMMY__ 0.9283843894042801 neg 0.03842023172441549 off 0.03319537887130443	false	1.0
armselig	off 1.0		__DUMMY__ 0.9273602475462313 neg 0.03862281118570501 off 0.03401694126806375	false	0.5
desaster	neg 1.0		__DUMMY__ 0.9300526928161006 neg 0.04490895011014971 off 0.025038357073749695	false	1.0
tod	neg 1.0		__DUMMY__ 0.9285221009134292 neg 0.04486100869437351 off 0.02661689039219725	false	1.0
herzlos	neg 1.0		__DUMMY__ 0.9299679068241463 neg 0.03589545831314713 off 0.03413663486270655	false	1.0
unwissenheit	neg 1.0		__DUMMY__ 0.929125386257061 neg 0.04328342886605754 off 0.02759118487688138	false	1.0
widersinnig	neg 1.0		__DUMMY__ 0.9263129690915957 neg 0.04498681930927384 off 0.028700211599130485	false	1.0
bedenklich	neg 1.0		__DUMMY__ 0.9313970672398182 neg 0.04216503387707763 off 0.02643789888310417	false	1.0
beanstanden	neg 1.0		__DUMMY__ 0.9319749475845359 neg 0.042529016723288876 off 0.02549603569217518	false	1.0
panisch	neg 1.0	neg 1.0	neg 0.5016178241906687 __DUMMY__ 0.47169024505459606 off 0.026691930754735266	false	1.0
debil	off 1.0		__DUMMY__ 0.9332940201086026 neg 0.043452216831855954 off 0.023253763059541483	false	0.5
abstrich	neg 1.0		__DUMMY__ 0.9360295355634296 neg 0.03628472307503775 off 0.027685741361532568	false	1.0
primitiv	neg 1.0		__DUMMY__ 0.9282525760655971 neg 0.03875259147727626 off 0.03299483245712666	false	1.0
abschaum	off 1.0	off 1.0	off 0.49940592173981907 __DUMMY__ 0.4640044493632589 neg 0.03658962889692201	false	1.0
provozieren	neg 1.0		__DUMMY__ 0.9292657567777274 neg 0.041566899638624845 off 0.02916734358364777	false	1.0
tot	neg 1.0		__DUMMY__ 0.9304332638825835 neg 0.04179516159548587 off 0.02777157452193064	false	1.0
instabil	neg 1.0		__DUMMY__ 0.9253677087000645 neg 0.03988381893323729 off 0.034748472366698216	false	1.0
schwuchtel	off 1.0		__DUMMY__ 0.9213571191262779 off 0.041886022606756466 neg 0.03675685826696566	false	1.0
zerren	neg 1.0		__DUMMY__ 0.9329018192003662 neg 0.03943978106250342 off 0.02765839973713038	false	1.0
kinderficker	off 1.0		__DUMMY__ 0.9265129067084377 neg 0.03793440109413504 off 0.03555269219742724	false	0.5
gefahr	neg 1.0		__DUMMY__ 0.930253562042836 neg 0.042704839732854584 off 0.027041598224309366	false	1.0
rabiat	neg 1.0		__DUMMY__ 0.9311620794903592 neg 0.03999123070936927 off 0.028846689800271462	false	1.0
verlangsamung	neg 1.0		__DUMMY__ 0.9242197943144603 neg 0.038248520709055794 off 0.037531684976483876	false	1.0
ausgestorben	neg 1.0		__DUMMY__ 0.9324944069690387 neg 0.039800784279697674 off 0.02770480875126369	false	1.0
anklagen	neg 1.0		__DUMMY__ 0.929221289762619 neg 0.04195403047624657 off 0.028824679761134467	false	1.0
trott	neg 1.0		__DUMMY__ 0.9325526930236586 neg 0.03887498810888998 off 0.028572318867451443	false	1.0
verminderung	neg 1.0		__DUMMY__ 0.9296026094497818 neg 0.03687158649305875 off 0.033525804057159415	false	1.0
nach			__DUMMY__ 0.9375678524926062 neg 0.03912266095541015 off 0.023309486551983605	false	0.0
rost	neg 1.0		__DUMMY__ 0.9270143959146547 off 0.03743967826859361 neg 0.03554592581675169	false	0.5
destruktiv	neg 1.0		__DUMMY__ 0.9285873204221483 neg 0.04293038781007538 off 0.028482291767776308	false	1.0
unzumutbarkeit	neg 1.0		__DUMMY__ 0.9313123055801631 neg 0.035692998488367496 off 0.03299469593146945	false	1.0
labil	off 1.0	off 1.0	off 0.49999438635977683 __DUMMY__ 0.46454435224683127 neg 0.03546126139339184	false	1.0
ziemlich	neg 1.0		__DUMMY__ 0.9304624385001807 neg 0.03730586249550436 off 0.032231699004314954	false	1.0
lachnummer	off 1.0		__DUMMY__ 0.9288036184296731 neg 0.04259248930605569 off 0.028603892264271288	false	0.5
oder			__DUMMY__ 0.9334701970122317 neg 0.03820727869972432 off 0.028322524288043945	false	0.0
verfall	neg 1.0		__DUMMY__ 0.9333810096777685 neg 0.043170540059309426 off 0.02344845026292208	false	1.0
ausgrenzung	neg 1.0		__DUMMY__ 0.9261554663248024 neg 0.043040546298269755 off 0.030803987376927845	false	1.0
unordnung	neg 1.0		__DUMMY__ 0.9271735037722885 neg 0.037917169073119504 off 0.03490932715459206	false	1.0
fehlverhalten	neg 1.0		__DUMMY__ 0.9301134775981503 neg 0.04321157626817247 off 0.026674946133677276	false	1.0
eine			__DUMMY__ 0.9337301506224001 neg 0.041210591819156414 off 0.02505925755844356	false	0.0
nille	neg 1.0		__DUMMY__ 0.928682159003989 neg 0.04208769635176667 off 0.029230144644244376	false	1.0
qual	neg 1.0		__DUMMY__ 0.9322920354509294 neg 0.03912598506499319 off 0.028581979484077428	false	1.0
verschwenden	neg 1.0		__DUMMY__ 0.9317458197034485 neg 0.04187761303468229 off 0.026376567261869148	false	1.0
riesig	neg 1.0		__DUMMY__ 0.9325487454031267 neg 0.039530382297684 off 0.027920872299189232	false	1.0
verurteilen	neg 1.0		__DUMMY__ 0.9288677002653953 neg 0.04329517089275198 off 0.027837128841852632	false	1.0
klischee	neg 1.0	neg 1.0	neg 0.5075871534346884 __DUMMY__ 0.4640629493510243 off 0.028349897214287264	false	1.0
diktatorisch	neg 1.0		__DUMMY__ 0.9244153680816798 neg 0.045110232661622215 off 0.030474399256697926	false	1.0
vorhersehbar	neg 1.0		__DUMMY__ 0.927604254004605 neg 0.04202985765170907 off 0.03036588834368595	false	1.0
sowie			__DUMMY__ 0.9248587653065531 neg 0.038621125431810316 off 0.036520109261636666	false	0.0
stornieren	neg 1.0		__DUMMY__ 0.9335582772379655 neg 0.03627418863957342 off 0.030167534122461107	false	1.0
besteuerung	neg 1.0		__DUMMY__ 0.9296183657860162 neg 0.04081428908910654 off 0.02956734512487724	false	1.0
ungeschminkt	neg 1.0		__DUMMY__ 0.9295644076021273 neg 0.03820002903991335 off 0.03223556335795932	false	1.0
kritisch	neg 1.0		__DUMMY__ 0.9298519616575301 neg 0.04332739054074427 off 0.02682064780172553	false	1.0
schlamperei	off 1.0		__DUMMY__ 0.930148567856062 neg 0.04261859283396794 off 0.027232839309969937	false	0.5
sucht	neg 1.0	neg 1.0	neg 0.5001206194398333 __DUMMY__ 0.47273608783816734 off 0.027143292721999376	false	1.0
egoistisch	off 1.0		__DUMMY__ 0.9280575173437536 neg 0.03613763997046426 off 0.035804842685782115	false	0.5
ausbeuter	off 1.0		__DUMMY__ 0.9291989606097788 neg 0.044331972650265894 off 0.02646906673995525	false	0.5
arschgeburt	off 1.0		__DUMMY__ 0.9214076552528103 off 0.041883017540680696 neg 0.03670932720650904	false	1.0
schubs	neg 1.0	neg 1.0	neg 0.5047077968069605 __DUMMY__ 0.4713739202541511 off 0.023918282938888463	false	1.0
unsolide	neg 1.0		__DUMMY__ 0.9224429930035155 neg 0.04476705017966246 off 0.03278995681682198	false	1.0
beschwerde	neg 1.0		__DUMMY__ 0.930160305298383 neg 0.04216044018758046 off 0.027679254514036578	false	1.0
stocken	neg 1.0		__DUMMY__ 0.9324995263766483 neg 0.04037952094165879 off 0.027120952681692848	false	1.0
isolieren	neg 1.0		__DUMMY__ 0.9342328879466315 neg 0.0374494557106504 off 0.028317656342718128	false	1.0
unheilbar	neg 1.0		__DUMMY__ 0.9301731235687474 neg 0.040429358393108704 off 0.02939751803814391	false	1.0
pisser	off 1.0		__DUMMY__ 0.9268716671445826 neg 0.03851515661282547 off 0.034613176242591935	false	0.5
löschen	neg 1.0		__DUMMY__ 0.9306375784455506 neg 0.03975551310123466 off 0.029606908453214696	false	1.0
durchfallen	neg 1.0		__DUMMY__ 0.9316605758633804 neg 0.04157544176872958 off 0.026763982367890144	false	1.0
wichser	off 1.0		__DUMMY__ 0.9255621911502009 off 0.038894043292964545 neg 0.03554376555683455	false	1.0
terror	neg 1.0		__DUMMY__ 0.9327441914808952 neg 0.036322171549514004 off 0.0309336369695909	false	1.0
krass	neg 1.0		__DUMMY__ 0.9290790334379533 neg 0.03687095673474294 off 0.034050009827303676	false	1.0
revolte	neg 1.0	neg 1.0	neg 0.5106763935837492 __DUMMY__ 0.46041557473198674 off 0.02890803168426408	false	1.0
besorgt	neg 1.0		__DUMMY__ 0.9363082569794818 neg 0.036276443501178944 off 0.02741529951933919	false	1.0
nachlassen	neg 1.0		__DUMMY__ 0.933326055433954 neg 0.039446916847179 off 0.027227027718867026	false	1.0
alt	neg 1.0		__DUMMY__ 0.9364565288190971 neg 0.03828030391139831 off 0.025263167269504602	false	1.0
hundesohn	off 1.0		__DUMMY__ 0.9235438453705246 off 0.03879498975341474 neg 0.03766116487606069	false	1.0
als			__DUMMY__ 0.9332796506345399 neg 0.03960504541884606 off 0.027115303946614128	false	0.0
abschreckung	neg 1.0		__DUMMY__ 0.9311508250494301 neg 0.04308451750092596 off 0.025764657449643937	false	1.0
unqualifiziert	neg 1.0		__DUMMY__ 0.928662950422106 neg 0.04074963667369716 off 0.030587412904196802	false	1.0
abgewichst	off 1.0		__DUMMY__ 0.9306831628920126 neg 0.041032459513114 off 0.028284377594873362	false	0.5
schwer	neg 1.0		__DUMMY__ 0.9322318929033777 neg 0.0394258990367496 off 0.028342208059872694	false	1.0
bedeutungslosigkeit	neg 1.0		__DUMMY__ 0.9301609691875593 neg 0.04361969534369024 off 0.02621933546875047	false	1.0
kapitulation	neg 1.0		__DUMMY__ 0.9260717720295613 neg 0.0460778455023601 off 0.02785038246807863	false	1.0
unscharf	neg 1.0		__DUMMY__ 0.9310755467019833 neg 0.038848812099143884 off 0.030075641198872752	false	1.0
schwinden	neg 1.0		__DUMMY__ 0.9321972271829648 neg 0.04162188767624836 off 0.026180885140786817	false	1.0
versklavung	neg 1.0	neg 1.0	neg 0.5100357568184456 __DUMMY__ 0.46250401172778355 off 0.02746023145377096	false	1.0
schlecht	neg 1.0		__DUMMY__ 0.9309135728096527 neg 0.03658526214913551 off 0.03250116504121185	false	1.0
verhasst	neg 1.0		__DUMMY__ 0.928664044385252 neg 0.04210109838323246 off 0.029234857231515594	false	1.0
beschweren	neg 1.0		__DUMMY__ 0.9316673613242431 neg 0.0386018130465311 off 0.029730825629225823	false	1.0
scheiden	neg 1.0		__DUMMY__ 0.9322127444267351 neg 0.03989518877569763 off 0.027892066797567283	false	1.0
frustriert	neg 1.0		__DUMMY__ 0.9316523813681418 neg 0.040513027491268165 off 0.02783459114059014	false	1.0
schimmelig	neg 1.0		__DUMMY__ 0.9318250496098115 neg 0.042189926873974666 off 0.025985023516213762	false	1.0
fisch	neg 1.0	neg 1.0	neg 0.5041933259407038 __DUMMY__ 0.4719261261044645 off 0.023880547954831813	false	1.0
schmuggel	neg 1.0		__DUMMY__ 0.9351314717564527 neg 0.03924953498797959 off 0.025618993255567657	false	1.0
auffallen	neg 1.0		__DUMMY__ 0.931121763558923 neg 0.038848981438818694 off 0.030029255002258278	false	1.0
konkurrenz	neg 1.0		__DUMMY__ 0.9342480556623268 neg 0.04037730773793839 off 0.02537463659973485	false	1.0
teufelskreis	neg 1.0		__DUMMY__ 0.930321289829599 neg 0.04155441713504959 off 0.028124293035351387	false	1.0
aufschreien	neg 1.0		__DUMMY__ 0.9288938020930867 neg 0.04092369194289027 off 0.030182505964023068	false	1.0
schuldner	neg 1.0		__DUMMY__ 0.929677108133824 neg 0.04355060479562331 off 0.02677228707055281	false	1.0
missgeburt	off 1.0	off 1.0	off 0.50319204108375 __DUMMY__ 0.46270109112691443 neg 0.03410686778933554	false	1.0
arbeitslos	neg 1.0		__DUMMY__ 0.9303721540234083 neg 0.04205782222459877 off 0.02757002375199288	false	1.0
befallen	neg 1.0		__DUMMY__ 0.9270256365561598 neg 0.04519869185770606 off 0.02777567158613422	false	1.0
miesepetrig	off 1.0		__DUMMY__ 0.9316937123152212 neg 0.03644955278037394 off 0.03185673490440477	false	0.5
alarmieren	neg 1.0		__DUMMY__ 0.9279821246367164 neg 0.03961775431889548 off 0.032400121044388136	false	1.0
ungeduscht	off 1.0		__DUMMY__ 0.9313703231553255 neg 0.03857352302704785 off 0.030056153817626607	false	0.5
knappheit	neg 1.0		__DUMMY__ 0.9309599367886752 neg 0.041395295921750876 off 0.027644767289573928	false	1.0
schlange	neg 1.0		__DUMMY__ 0.9332113138536591 neg 0.03747257561797907 off 0.029316110528361784	false	1.0
harsch	neg 1.0		__DUMMY__ 0.929641740317488 off 0.03629633104034545 neg 0.034061928642166506	false	0.5
lang	neg 1.0		__DUMMY__ 0.9313228669393215 neg 0.03909525163270284 off 0.02958188142797563	false	1.0
ziellos	neg 1.0		__DUMMY__ 0.9323564263422351 neg 0.04072662772614674 off 0.02691694593161805	false	1.0
selbstverliebt	neg 1.0		__DUMMY__ 0.9221263910008316 off 0.03994937885979278 neg 0.037924230139375625	false	0.5
beseitigen	neg 1.0		__DUMMY__ 0.9346139379566044 neg 0.036107945854483556 off 0.029278116188912004	false	1.0
dumm	off 1.0		__DUMMY__ 0.9266832912536377 neg 0.03701038962003524 off 0.03630631912632711	false	0.5
arbeitsloser	neg 1.0		__DUMMY__ 0.9310709704168917 neg 0.04188500637218094 off 0.02704402321092735	false	1.0
blitzen	neg 1.0		__DUMMY__ 0.9297450435052818 neg 0.03894872870075054 off 0.03130622779396765	false	1.0
hilflos	neg 1.0		__DUMMY__ 0.9321285910195858 neg 0.04038856301253606 off 0.027482845967878224	false	1.0
eklig	off 1.0		__DUMMY__ 0.9255584522983822 neg 0.0376095530348006 off 0.036831994666817275	false	0.5
begriff			__DUMMY__ 0.9309516389125948 neg 0.0411493061013574 off 0.02789905498604782	false	0.0
hungersnot	neg 1.0		__DUMMY__ 0.9256184125481829 neg 0.04514951833926541 off 0.029232069112551804	false	1.0
ungesetzlich	neg 1.0		__DUMMY__ 0.9252199262197964 neg 0.04335844888563936 off 0.031421624894564175	false	1.0
verschwendung	neg 1.0		__DUMMY__ 0.9320643940889952 neg 0.04205524090414961 off 0.025880365006855102	false	1.0
schmerzvoll	neg 1.0		__DUMMY__ 0.9315292405077402 neg 0.03881035586291185 off 0.02966040362934793	false	1.0
vorzeitig	neg 1.0		__DUMMY__ 0.9308766252584219 neg 0.03679773710403465 off 0.032325637637543515	false	1.0
unvollkommenheit	neg 1.0		__DUMMY__ 0.9315565090429168 neg 0.0396040443834258 off 0.028839446573657508	false	1.0
intervenieren	neg 1.0		__DUMMY__ 0.9285940741572809 neg 0.044645963133089314 off 0.02675996270962985	false	1.0
banause	off 1.0		__DUMMY__ 0.9247307646354294 off 0.03779916671960649 neg 0.037470068644964175	false	1.0
rebell	neg 1.0		__DUMMY__ 0.934375238547834 neg 0.04081164330104739 off 0.024813118151118526	false	1.0
unlogisch	neg 1.0		__DUMMY__ 0.9279278413642431 neg 0.03805409297117948 off 0.03401806566457737	false	1.0
leiden	neg 1.0	neg 1.0	neg 0.5018977192722879 __DUMMY__ 0.4757537743011104 off 0.02234850642660179	false	1.0
abschaffung	neg 1.0		__DUMMY__ 0.9286761998455109 neg 0.04160527216738928 off 0.029718527987099782	false	1.0
sturz	neg 1.0		__DUMMY__ 0.9279345011660193 neg 0.0420009227958301 off 0.03006457603815051	false	1.0
verkleinerung	neg 1.0		__DUMMY__ 0.9266327607618549 neg 0.04154967582176018 off 0.031817563416385024	false	1.0
schmarotzer	off 1.0		__DUMMY__ 0.9292623256131921 neg 0.04339639718444399 off 0.02734127720236384	false	0.5
bestrafung	neg 1.0		__DUMMY__ 0.9300293042863303 neg 0.04025168638075024 off 0.029719009332919388	false	1.0
achtlos	neg 1.0		__DUMMY__ 0.9331841717515206 neg 0.03857738179764978 off 0.02823844645082969	false	1.0
ungeheuer	neg 1.0		__DUMMY__ 0.9299345630032871 neg 0.03996677303995414 off 0.030098663956758677	false	1.0
