unsolidarisch	neg 1.0		__DUMMY__ 0.8797482225141956 neg 0.07200959147766378 off 0.04824218600814061	false	1.0
nachteilig	neg 1.0		__DUMMY__ 0.8881121043891873 neg 0.06687743190450918 off 0.04501046370630352	false	1.0
skeptisch	neg 1.0		__DUMMY__ 0.8900065082589722 neg 0.06730114618087762 off 0.04269234556015021	false	1.0
schrecklich	neg 1.0		__DUMMY__ 0.8851561425925035 neg 0.061061580635639795 off 0.05378227677185674	false	1.0
schlapp	neg 1.0		__DUMMY__ 0.8898316777596993 neg 0.060322313175402216 off 0.049846009064898535	false	1.0
abfall	neg 1.0		__DUMMY__ 0.8906007356857676 neg 0.06807915028096558 off 0.04132011403326673	false	1.0
widerspenstig	neg 1.0		__DUMMY__ 0.8913500919114594 neg 0.062428859756740056 off 0.046221048331800574	false	1.0
abrupt	neg 1.0		__DUMMY__ 0.8922270114956554 neg 0.06263352418128725 off 0.04513946432305733	false	1.0
unwirksam	neg 1.0		__DUMMY__ 0.8827945804596493 neg 0.06934212226195968 off 0.047863297278391025	false	1.0
angreifen	neg 1.0		__DUMMY__ 0.8879272790789656 neg 0.06803178937869664 off 0.04404093154233783	false	1.0
inkonsistent	neg 1.0		__DUMMY__ 0.8863223354010715 neg 0.06503326485079612 off 0.048644399748132394	false	1.0
abrutschen	neg 1.0		__DUMMY__ 0.8917584306301127 neg 0.06686101715887574 off 0.04138055221101158	false	1.0
unsicher	neg 1.0		__DUMMY__ 0.889365520208639 neg 0.06387022646052998 off 0.04676425333083102	false	1.0
bauernkind	off 1.0		__DUMMY__ 0.8803569974862547 neg 0.06309415715267327 off 0.056548845361071985	false	0.5
angreifer	neg 1.0		__DUMMY__ 0.8844946300519037 neg 0.06566129942570637 off 0.049844070522390024	false	1.0
trennen	neg 1.0		__DUMMY__ 0.8939317815427784 neg 0.06315956176033638 off 0.04290865669688518	false	1.0
schmutz	neg 1.0		__DUMMY__ 0.8940206313826022 neg 0.05531017420406794 off 0.05066919441332985	false	1.0
inkonsistenz	neg 1.0	neg 1.0	neg 0.5195278828822986 __DUMMY__ 0.44277739707383107 off 0.03769472004387032	false	1.0
erschreckend	neg 1.0		__DUMMY__ 0.8872990959306581 neg 0.0666886537976571 off 0.046012250271684825	false	1.0
ertrinken	neg 1.0		__DUMMY__ 0.8915373882508053 neg 0.06439640087985983 off 0.0440662108693349	false	1.0
pickelface	off 1.0		__DUMMY__ 0.8863532528062764 neg 0.06577932215564192 off 0.047867425038081564	false	0.5
seiner			__DUMMY__ 0.8893923887844405 neg 0.06693160732578679 off 0.04367600388977265	false	0.0
lauch	neg 1.0		__DUMMY__ 0.890848787375648 neg 0.06692016622860812 off 0.042231046395743835	false	1.0
unwichtig	neg 1.0		__DUMMY__ 0.8861826253838245 neg 0.06331195587346898 off 0.05050541874270659	false	1.0
steuerhinterziehung	neg 1.0		__DUMMY__ 0.8834899088615499 neg 0.06959547839873349 off 0.04691461273971668	false	1.0
schock	neg 1.0		__DUMMY__ 0.8922732870789544 neg 0.06257385106953905 off 0.04515286185150656	false	1.0
beule	neg 1.0		__DUMMY__ 0.8895038064481511 neg 0.059633254972566614 off 0.05086293857928235	false	1.0
vergelten	neg 1.0		__DUMMY__ 0.8823213897594204 neg 0.06231230443581852 off 0.05536630580476113	false	1.0
verdorbenheit	neg 1.0		__DUMMY__ 0.8918323239244371 neg 0.06069218348867077 off 0.04747549258689213	false	1.0
trauma	neg 1.0		__DUMMY__ 0.8875697033222572 neg 0.06404726300909508 off 0.04838303366864786	false	1.0
sinnlos	neg 1.0		__DUMMY__ 0.8874885061017339 neg 0.06391572216925447 off 0.04859577172901153	false	1.0
fettsack	off 1.0	off 1.0	off 0.5121650660678606 __DUMMY__ 0.44066862996076495 neg 0.047166303971374515	false	1.0
feige	off 1.0		__DUMMY__ 0.8844069369618345 neg 0.06523638375339344 off 0.05035667928477209	false	0.5
abdanken	neg 1.0		__DUMMY__ 0.8809405156537246 neg 0.0717351571992409 off 0.04732432714703445	false	1.0
wichtigtuer	off 1.0	off 1.0	off 0.5068411189999843 __DUMMY__ 0.4425903893372449 neg 0.050568491662770824	false	1.0
misslingen	neg 1.0		__DUMMY__ 0.8920714613773848 neg 0.05974226103667866 off 0.04818627758593652	false	1.0
untreu	off 1.0		__DUMMY__ 0.8865307485993976 neg 0.0623992991022179 off 0.051069952298384486	false	0.5
missmutig	neg 1.0		__DUMMY__ 0.8893177666466463 neg 0.06103177250792896 off 0.04965046084542463	false	1.0
hurenbock	off 1.0		__DUMMY__ 0.8930239185803572 neg 0.05952246228058902 off 0.04745361913905376	false	0.5
betrunken	neg 1.0		__DUMMY__ 0.8880863492183246 neg 0.06003634936569056 off 0.05187730141598471	false	1.0
korrupt	off 1.0		__DUMMY__ 0.8825627485473152 neg 0.07149055297239379 off 0.04594669848029102	false	0.5
unmut	neg 1.0		__DUMMY__ 0.889714843371264 neg 0.06811913172772155 off 0.04216602490101436	false	1.0
hackfresse	off 1.0		__DUMMY__ 0.8835814691845923 neg 0.05989780103029093 off 0.0565207297851168	false	0.5
aufblasen	neg 1.0		__DUMMY__ 0.8905828999255225 neg 0.06181383155919372 off 0.04760326851528384	false	1.0
gewaltsam	neg 1.0		__DUMMY__ 0.8841290702940231 neg 0.06768562863841604 off 0.04818530106756093	false	1.0
unbeliebtheit	neg 1.0		__DUMMY__ 0.8767794220437904 neg 0.07021385185118798 off 0.05300672610502156	false	1.0
sturheit	neg 1.0		__DUMMY__ 0.8848837749640334 neg 0.06873268423716986 off 0.046383540798796745	false	1.0
kuh	neg 1.0		__DUMMY__ 0.885913070130981 neg 0.06624356672742913 off 0.04784336314158993	false	1.0
erschrecken	neg 1.0		__DUMMY__ 0.8887474860429078 neg 0.06174561948975107 off 0.04950689446734121	false	1.0
opfer	neg 1.0	neg 1.0	neg 0.5208461958615375 __DUMMY__ 0.4455923185515706 off 0.033561485586891975	false	1.0
sinken	neg 1.0		__DUMMY__ 0.8902444511172151 neg 0.06724566652184526 off 0.042509882360939714	false	1.0
stinktier	neg 1.0		__DUMMY__ 0.8829030356739501 neg 0.06300925827481675 off 0.054087706051233135	false	1.0
tucke	off 1.0		__DUMMY__ 0.8852860417992319 neg 0.058104118654921356 off 0.05660983954584667	false	0.5
ein			__DUMMY__ 0.8928507843650146 neg 0.06037097897781747 off 0.04677823665716788	false	0.0
abstieg	neg 1.0		__DUMMY__ 0.8860104906753589 neg 0.06807366745909753 off 0.045915841865543656	false	1.0
missverstehen	neg 1.0		__DUMMY__ 0.8849111146696725 neg 0.06640064454997258 off 0.048688240780354976	false	1.0
ergebnislos	neg 1.0		__DUMMY__ 0.8875917418683257 neg 0.06693114106463215 off 0.04547711706704206	false	1.0
unter			__DUMMY__ 0.8974004724291641 neg 0.06453176146019436 off 0.03806776611064165	false	0.0
manipulieren	neg 1.0		__DUMMY__ 0.8880642363591756 neg 0.06809170823319122 off 0.04384405540763317	false	1.0
unbewiesen	neg 1.0		__DUMMY__ 0.8791201203205808 neg 0.0727947722407424 off 0.048085107438676736	false	1.0
verschleppen	neg 1.0		__DUMMY__ 0.8868021488929391 neg 0.06786047725845167 off 0.04533737384860925	false	1.0
weib	off 1.0		__DUMMY__ 0.8821191947597237 neg 0.060316930817140575 off 0.05756387442313588	false	0.5
opposition	neg 1.0		__DUMMY__ 0.882243896837588 neg 0.06911653280903965 off 0.048639570353372324	false	1.0
verkehrswidrig	neg 1.0		__DUMMY__ 0.8868516417132257 neg 0.05848014482853183 off 0.05466821345824241	false	1.0
inkorrekt	neg 1.0		__DUMMY__ 0.8802515001834804 neg 0.0679258836652194 off 0.05182261615130013	false	1.0
vermeiden	neg 1.0		__DUMMY__ 0.8941083074459583 neg 0.06581427958506178 off 0.04007741296898002	false	1.0
abweichung	neg 1.0		__DUMMY__ 0.882551689458705 neg 0.07183132367907426 off 0.04561698686222082	false	1.0
alkoholisiert	neg 1.0		__DUMMY__ 0.8907184276895825 neg 0.06471654534939164 off 0.044565026961025836	false	1.0
scheiss	off 1.0	off 1.0	off 0.5090095671695491 __DUMMY__ 0.44436872069425015 neg 0.046621712136200595	false	1.0
herausforderung	neg 1.0		__DUMMY__ 0.8951778456799602 neg 0.06012049426442291 off 0.04470166005561691	false	1.0
pervers	off 1.0		__DUMMY__ 0.8814745042783158 off 0.0598246753486632 neg 0.05870082037302107	false	1.0
wackelig	neg 1.0		__DUMMY__ 0.8946791244289779 neg 0.06091635439501354 off 0.044404521176008654	false	1.0
verwickeln	neg 1.0		__DUMMY__ 0.8865281717123592 neg 0.06503009000563431 off 0.04844173828200656	false	1.0
vorwand	neg 1.0		__DUMMY__ 0.8883944601707551 neg 0.06877680491853969 off 0.042828734910705234	false	1.0
muschi	off 1.0		__DUMMY__ 0.8859356955701169 neg 0.0665179677738469 off 0.04754633665603619	false	0.5
entmutigung	neg 1.0		__DUMMY__ 0.876225632812943 neg 0.07378865527482223 off 0.049985711912234804	false	1.0
unangemessen	neg 1.0		__DUMMY__ 0.884905278259379 neg 0.06965194059905212 off 0.04544278114156881	false	1.0
unstetig	neg 1.0		__DUMMY__ 0.8852520698998985 neg 0.06487910258108869 off 0.0498688275190128	false	1.0
entmutigen	neg 1.0		__DUMMY__ 0.8888785008316457 neg 0.06344701540662381 off 0.04767448376173051	false	1.0
schwanz	neg 1.0		__DUMMY__ 0.8890372379645619 neg 0.06554350102970952 off 0.045419261005728545	false	1.0
verbot	neg 1.0		__DUMMY__ 0.8838363106972941 neg 0.06983375356382474 off 0.04632993573888111	false	1.0
leid	neg 1.0		__DUMMY__ 0.8845403748620924 neg 0.06045365489936668 off 0.0550059702385409	false	1.0
archaisch	neg 1.0		__DUMMY__ 0.8854779441525961 neg 0.0688046552198076 off 0.04571740062759629	false	1.0
gegen			__DUMMY__ 0.8875196291714401 neg 0.0691086697557087 off 0.04337170107285111	false	0.0
scheidung	neg 1.0	neg 1.0	neg 0.50968629470643 __DUMMY__ 0.4400969279935921 off 0.05021677729997789	false	1.0
einschlag	neg 1.0		__DUMMY__ 0.8847743479092977 neg 0.06050950542950024 off 0.05471614666120214	false	1.0
m			__DUMMY__ 0.890453858697537 neg 0.06381276759789745 off 0.04573337370456556	false	0.0
abgestanden	neg 1.0		__DUMMY__ 0.8906306728243284 neg 0.06324392763725606 off 0.04612539953841553	false	1.0
schmierig	off 1.0		__DUMMY__ 0.8862107114640638 neg 0.0597353241726922 off 0.05405396436324396	false	0.5
unpraktisch	neg 1.0		__DUMMY__ 0.8913296085901947 neg 0.06127751556662498 off 0.04739287584318029	false	1.0
wixxer	off 1.0		__DUMMY__ 0.8794173186051497 neg 0.06054109312740084 off 0.060041588267449396	false	0.5
bezeichnet			__DUMMY__ 0.8857561789370839 neg 0.06762694576795683 off 0.046616875294959295	false	0.0
jammerlappen	off 1.0		__DUMMY__ 0.8867829161883716 neg 0.06276633192953897 off 0.05045075188208956	false	0.5
farce	neg 1.0		__DUMMY__ 0.8794985103512577 neg 0.07371138156280485 off 0.04679010808593744	false	1.0
zwecklos	neg 1.0		__DUMMY__ 0.8862625426278685 neg 0.06864996287328591 off 0.045087494498845644	false	1.0
turbulent	neg 1.0		__DUMMY__ 0.8842755232954739 neg 0.0622364979881058 off 0.05348797871642032	false	1.0
invasion	neg 1.0		__DUMMY__ 0.8890989107203847 neg 0.06150232513106684 off 0.04939876414854856	false	1.0
schuld	neg 1.0		__DUMMY__ 0.8870032877047017 neg 0.06533504994903569 off 0.04766166234626255	false	1.0
risiko	neg 1.0		__DUMMY__ 0.8912149581933094 neg 0.059333930428432276 off 0.049451111378258285	false	1.0
finster	neg 1.0		__DUMMY__ 0.8913784990266982 neg 0.062163076729274534 off 0.046458424244027255	false	1.0
geisteskrank	off 1.0		__DUMMY__ 0.8822732879166996 neg 0.06564725895751707 off 0.05207945312578341	false	0.5
zusammenbrechen	neg 1.0		__DUMMY__ 0.8901263288243544 neg 0.06417615122215883 off 0.04569751995348676	false	1.0
ausbeute	neg 1.0		__DUMMY__ 0.8928369357156949 neg 0.06293733966276796 off 0.044225724621537114	false	1.0
hinterhalt	neg 1.0		__DUMMY__ 0.8882296795059347 neg 0.06405611227728399 off 0.04771420821678138	false	1.0
kritik	neg 1.0		__DUMMY__ 0.881113924033078 neg 0.07215768331338188 off 0.04672839265354019	false	1.0
einschrumpfen	neg 1.0		__DUMMY__ 0.882001222193604 neg 0.06756546131140682 off 0.05043331649498908	false	1.0
riskant	neg 1.0		__DUMMY__ 0.8894242338730354 neg 0.06658724211497902 off 0.04398852401198552	false	1.0
frustrieren	neg 1.0		__DUMMY__ 0.8881514515579654 neg 0.06787534563988919 off 0.04397320280214538	false	1.0
groll	neg 1.0		__DUMMY__ 0.8867856854043985 neg 0.06796923459603839 off 0.04524507999956314	false	1.0
gibt			__DUMMY__ 0.8880874976381291 neg 0.06641085026120591 off 0.045501652100665015	false	0.0
qualvoll	neg 1.0		__DUMMY__ 0.8893048964597662 neg 0.06221455217298245 off 0.0484805513672513	false	1.0
wackeln	neg 1.0		__DUMMY__ 0.8926780659852641 neg 0.06021482554957591 off 0.04710710846515996	false	1.0
klagen	neg 1.0		__DUMMY__ 0.887982382821806 neg 0.06920197585331982 off 0.042815641324874115	false	1.0
bankrott	neg 1.0		__DUMMY__ 0.8885575362434419 neg 0.060952833709440706 off 0.05048963004711748	false	1.0
trauern	neg 1.0		__DUMMY__ 0.8898434823903512 neg 0.0660352293453954 off 0.04412128826425347	false	1.0
ablehnung	neg 1.0	neg 1.0	neg 0.5240775877560321 __DUMMY__ 0.44061721329103537 off 0.035305198952932514	false	1.0
stur	neg 1.0		__DUMMY__ 0.8874372659606974 neg 0.06462330648262167 off 0.047939427556680896	false	1.0
aufruhr	neg 1.0		__DUMMY__ 0.883050303021658 neg 0.06908313219832467 off 0.047866564780017266	false	1.0
melancholie	neg 1.0		__DUMMY__ 0.8926573156821419 neg 0.06285742927002287 off 0.04448525504783517	false	1.0
ist			__DUMMY__ 0.8867507905382475 neg 0.0652284940243256 off 0.048020715437426975	false	0.0
torheit	neg 1.0		__DUMMY__ 0.8805586059201275 neg 0.07092280910815663 off 0.04851858497171588	false	1.0
dreckskind	off 1.0		__DUMMY__ 0.8786985777522208 neg 0.06536537688016597 off 0.05593604536761326	false	0.5
umtauschen	neg 1.0		__DUMMY__ 0.8907994871974976 neg 0.06320491339086655 off 0.04599559941163587	false	1.0
zum			__DUMMY__ 0.8978353302996767 neg 0.06186152680829608 off 0.04030314289202733	false	0.0
zersetzen	neg 1.0		__DUMMY__ 0.8879472288076808 neg 0.06869074237666113 off 0.04336202881565811	false	1.0
zur			__DUMMY__ 0.8912258555051196 neg 0.06806128202747834 off 0.040712862467402064	false	0.0
frust	neg 1.0		__DUMMY__ 0.8893182347766264 neg 0.06510549758029087 off 0.045576267643082646	false	1.0
unerbittlichkeit	neg 1.0		__DUMMY__ 0.8869666039366888 neg 0.06891564191776715 off 0.04411775414554402	false	1.0
zwei			__DUMMY__ 0.8949458602367859 neg 0.0633165274560771 off 0.041737612307137045	false	0.0
unkorrekt	neg 1.0		__DUMMY__ 0.8822717925222966 neg 0.06548944789038487 off 0.05223875958731858	false	1.0
hexe	off 1.0		__DUMMY__ 0.8875801009105376 neg 0.06184421060683569 off 0.05057568848262669	false	0.5
lasch	neg 1.0		__DUMMY__ 0.8846238182287817 neg 0.06571198985041603 off 0.04966419192080228	false	1.0
rivale	neg 1.0		__DUMMY__ 0.8833709148033769 neg 0.062458559167643486 off 0.054170526028979676	false	1.0
mutlos	off 1.0	off 1.0	off 0.504046981909541 __DUMMY__ 0.4427961456125175 neg 0.05315687247794157	false	1.0
wirr	off 1.0		__DUMMY__ 0.8823260349058625 neg 0.06432517972489894 off 0.053348785369238635	false	0.5
jahr			__DUMMY__ 0.8931404269852865 neg 0.06333605240499122 off 0.043523520609722206	false	0.0
wird			__DUMMY__ 0.8888408191336312 neg 0.06680268006427 off 0.04435650080209883	false	0.0
strafbar	neg 1.0		__DUMMY__ 0.8852933547990784 neg 0.07019975706242466 off 0.04450688813849687	false	1.0
erosion	neg 1.0		__DUMMY__ 0.8903740818758028 neg 0.061597918745013414 off 0.04802799937918383	false	1.0
eingehen	neg 1.0		__DUMMY__ 0.8869218821012124 neg 0.06824185292366121 off 0.04483626497512636	false	1.0
faul	off 1.0		__DUMMY__ 0.8906830221583057 neg 0.059555613824867924 off 0.049761364016826355	false	0.5
provisorium	neg 1.0		__DUMMY__ 0.8953479848977611 neg 0.06702563575825862 off 0.03762637934398024	false	1.0
schmerzen	neg 1.0		__DUMMY__ 0.8904991574413846 neg 0.0640990328121256 off 0.04540180974648975	false	1.0
schrumpfen	neg 1.0		__DUMMY__ 0.892332572101443 neg 0.06729344718690755 off 0.04037398071164938	false	1.0
geistlos	off 1.0		__DUMMY__ 0.8793925725874766 neg 0.07081286671735335 off 0.04979456069517007	false	0.5
fehlkauf	neg 1.0		__DUMMY__ 0.8860184876255667 neg 0.06457783784376456 off 0.0494036745306687	false	1.0
frustrierend	neg 1.0	neg 1.0	neg 0.5176219696974377 __DUMMY__ 0.4448253095265163 off 0.037552720776046086	false	1.0
unzufrieden	neg 1.0		__DUMMY__ 0.8877024602060097 neg 0.06722261396627666 off 0.04507492582771363	false	1.0
verzweifeln	neg 1.0		__DUMMY__ 0.8890651603701717 neg 0.0646063220087498 off 0.04632851762107853	false	1.0
verzweifelt	neg 1.0		__DUMMY__ 0.8875244655438437 neg 0.0646648680126662 off 0.04781066644349013	false	1.0
misstrauensantrag	neg 1.0		__DUMMY__ 0.884447898390599 neg 0.06630118349565499 off 0.04925091811374588	false	1.0
abfallen	neg 1.0		__DUMMY__ 0.8931531849549534 neg 0.05986334554345115 off 0.04698346950159539	false	1.0
fucker	off 1.0		__DUMMY__ 0.8839310139592145 neg 0.06263104416067569 off 0.05343794188010981	false	0.5
ungezogen	neg 1.0		__DUMMY__ 0.8838238083486829 neg 0.058502048744777865 off 0.057674142906539376	false	1.0
irrsinnig	neg 1.0	neg 1.0	neg 0.5205759901165937 __DUMMY__ 0.44339159741746265 off 0.0360324124659436	false	1.0
unfassbar	neg 1.0		__DUMMY__ 0.8864256184947122 neg 0.06277829530434927 off 0.0507960862009384	false	1.0
hart	neg 1.0		__DUMMY__ 0.8850302669350104 neg 0.06418656121448015 off 0.05078317185050944	false	1.0
widerlich	off 1.0		__DUMMY__ 0.8846456115505127 neg 0.06373852755009335 off 0.051615860899393906	false	0.5
fatal	neg 1.0		__DUMMY__ 0.886333304827178 neg 0.0643230315854949 off 0.04934366358732712	false	1.0
bruch	neg 1.0		__DUMMY__ 0.8860557534861995 neg 0.07143041409941603 off 0.04251383241438452	false	1.0
aushungern	neg 1.0		__DUMMY__ 0.8833145992378036 neg 0.0687866774472197 off 0.047898723314976674	false	1.0
anspannung	neg 1.0		__DUMMY__ 0.8929833046390847 neg 0.06570245944785835 off 0.04131423591305691	false	1.0
von			__DUMMY__ 0.8935759984649617 neg 0.06361098224173362 off 0.042813019293304715	false	0.0
kraftlos	neg 1.0		__DUMMY__ 0.8932379829411269 neg 0.06241214663530042 off 0.04434987042357269	false	1.0
vom			__DUMMY__ 0.8968680505406315 neg 0.0646966905948584 off 0.038435258864510026	false	0.0
grenzdebil	off 1.0		__DUMMY__ 0.8875631365440864 neg 0.06082479990033909 off 0.05161206355557458	false	0.5
vor			__DUMMY__ 0.8919090776175572 neg 0.06585649968451895 off 0.04223442269792383	false	0.0
unterwerfen	neg 1.0		__DUMMY__ 0.8871987561846184 neg 0.06825259144994529 off 0.04454865236543629	false	1.0
versenkung	neg 1.0		__DUMMY__ 0.8885764386129604 neg 0.06727543400067944 off 0.04414812738636015	false	1.0
entziehen	neg 1.0		__DUMMY__ 0.8886180269800442 neg 0.06899352022788738 off 0.042388452792068494	false	1.0
finanzkrise	neg 1.0		__DUMMY__ 0.8824261067972852 neg 0.07033359911892213 off 0.04724029408379269	false	1.0
schimpfend	neg 1.0		__DUMMY__ 0.8945594778917624 neg 0.05802045618401975 off 0.047420065924217936	false	1.0
profan	neg 1.0		__DUMMY__ 0.8874360382001594 neg 0.06410526893208512 off 0.048458692867755414	false	1.0
korruption	neg 1.0		__DUMMY__ 0.8831179293936152 neg 0.07095734708307729 off 0.04592472352330749	false	1.0
â			__DUMMY__ 0.8902861736928904 neg 0.06469680675332563 off 0.045017019553783996	false	0.0
schmutzig	neg 1.0		__DUMMY__ 0.8902256876938806 neg 0.05873809093848151 off 0.051036221367637975	false	1.0
sexy	neg 1.0		__DUMMY__ 0.8875595162332406 neg 0.06214556572123556 off 0.050294918045523815	false	1.0
abraten	neg 1.0		__DUMMY__ 0.8898031880273023 neg 0.06254586939160783 off 0.04765094258108996	false	1.0
schwarz	neg 1.0		__DUMMY__ 0.8868517102942125 neg 0.06456754129443862 off 0.048580748411348955	false	1.0
fotze	off 1.0		__DUMMY__ 0.8867708330510276 neg 0.06722420477707053 off 0.046004962171901934	false	0.5
verwirren	neg 1.0		__DUMMY__ 0.8875134921844903 neg 0.0632879109928206 off 0.04919859682268914	false	1.0
zahnlos	off 1.0		__DUMMY__ 0.8862025313734984 neg 0.068373427074573 off 0.045424041551928605	false	0.5
verheeren	neg 1.0		__DUMMY__ 0.8793100274071377 neg 0.060897876655763884 off 0.05979209593709838	false	1.0
hippie	neg 1.0		__DUMMY__ 0.8870238290774283 neg 0.06278128117885501 off 0.05019488974371675	false	1.0
rammen	neg 1.0		__DUMMY__ 0.8889494162470981 neg 0.06225448402164568 off 0.048796099731256266	false	1.0
unlauter	neg 1.0	neg 1.0	neg 0.5200013387676844 __DUMMY__ 0.44271051086453167 off 0.03728815036778391	false	1.0
unheilvoll	neg 1.0		__DUMMY__ 0.8896812285264204 neg 0.06225925426239158 off 0.048059517211187966	false	1.0
niedrig	neg 1.0		__DUMMY__ 0.888026426979771 neg 0.06723353214377421 off 0.04474004087645492	false	1.0
explosion	neg 1.0		__DUMMY__ 0.8886727631513383 neg 0.06171069303883066 off 0.04961654380983111	false	1.0
weichei	off 1.0		__DUMMY__ 0.8837606626106224 neg 0.060697124481383806 off 0.055542212907993875	false	0.5
minusmensch	off 1.0		__DUMMY__ 0.877479236838152 neg 0.06268315020991845 off 0.0598376129519296	false	0.5
farblos	neg 1.0		__DUMMY__ 0.8878008754896033 neg 0.06483539227445159 off 0.04736373223594517	false	1.0
unwissend	neg 1.0	neg 1.0	neg 0.5187833199028943 __DUMMY__ 0.44265057321284984 off 0.038566106884255956	false	1.0
traurig	neg 1.0		__DUMMY__ 0.8869106789088032 neg 0.06016881795299954 off 0.05292050313819728	false	1.0
senkung	neg 1.0		__DUMMY__ 0.8859818489596596 neg 0.06455119398286017 off 0.049466957057480235	false	1.0
ungleich	neg 1.0	neg 1.0	neg 0.5229463790912225 __DUMMY__ 0.44346039715898955 off 0.033593223749787716	false	1.0
heikel	neg 1.0		__DUMMY__ 0.8885970486241523 neg 0.06815371353592126 off 0.04324923783992638	false	1.0
drosselung	neg 1.0		__DUMMY__ 0.8880580264280459 neg 0.05888841016032001 off 0.053053563411634135	false	1.0
falsch	neg 1.0		__DUMMY__ 0.886832865761 neg 0.06321946896814198 off 0.04994766527085806	false	1.0
unzufriedenheit	neg 1.0		__DUMMY__ 0.8879802391298566 neg 0.0687783518276638 off 0.043241409042479625	false	1.0
kurz	neg 1.0		__DUMMY__ 0.892478650511447 neg 0.06232428627388984 off 0.04519706321466312	false	1.0
unsinnig	neg 1.0		__DUMMY__ 0.8873087131231078 neg 0.06726919405833773 off 0.04542209281855457	false	1.0
penner	off 1.0	off 1.0	off 0.5132600342554927 __DUMMY__ 0.4418981187534964 neg 0.04484184699101083	false	1.0
seicht	neg 1.0		__DUMMY__ 0.8799052231634271 neg 0.06219438555367599 off 0.05790039128289687	false	1.0
dummheit	off 1.0	off 1.0	off 0.5072707397184664 __DUMMY__ 0.44229876727621054 neg 0.05043049300532307	false	1.0
unerfreulich	neg 1.0		__DUMMY__ 0.8896437409724072 neg 0.067714577565158 off 0.042641681462434765	false	1.0
motherfucker	off 1.0	off 1.0	off 0.5105916827318527 __DUMMY__ 0.4419706464643602 neg 0.04743767080378699	false	1.0
pikiert	neg 1.0		__DUMMY__ 0.8852487990308767 neg 0.06416886561699434 off 0.05058233535212899	false	1.0
wrack	neg 1.0		__DUMMY__ 0.8917334774435688 neg 0.06331576367603835 off 0.044950758880392815	false	1.0
gangster	neg 1.0		__DUMMY__ 0.887115939730602 neg 0.06340745447671446 off 0.049476605792683453	false	1.0
krank	neg 1.0		__DUMMY__ 0.8893119860238844 neg 0.0594396781965498 off 0.051248335779565744	false	1.0
reich	neg 1.0		__DUMMY__ 0.8781458897932798 neg 0.07018377486505308 off 0.051670335341667095	false	1.0
gnadenlos	neg 1.0		__DUMMY__ 0.8876211839580289 neg 0.06460996747648759 off 0.047768848565483496	false	1.0
niedergeschlagen	neg 1.0		__DUMMY__ 0.8896377612193912 neg 0.06479149626846209 off 0.04557074251214672	false	1.0
terrorisieren	off 1.0	off 1.0	off 0.5036728953437924 __DUMMY__ 0.4459747376146758 neg 0.05035236704153179	false	1.0
sinnlosigkeit	neg 1.0		__DUMMY__ 0.8864610172174813 neg 0.06816061076282023 off 0.04537837201969855	false	1.0
behindern	neg 1.0		__DUMMY__ 0.8905518708540058 neg 0.06281357873526573 off 0.04663455041072847	false	1.0
undemokratisch	neg 1.0		__DUMMY__ 0.8817366386240235 neg 0.0694942698528988 off 0.04876909152307757	false	1.0
wirtschaftskrise	neg 1.0		__DUMMY__ 0.8848540446160263 neg 0.06942527440795178 off 0.04572068097602184	false	1.0
neid	neg 1.0		__DUMMY__ 0.8899184227251784 neg 0.06081071019120434 off 0.049270867083617255	false	1.0
rutschen	neg 1.0		__DUMMY__ 0.8981030137500589 neg 0.061571878161285815 off 0.04032510808865534	false	1.0
rezession	neg 1.0		__DUMMY__ 0.8798834028021749 neg 0.0651517963455944 off 0.054964800852230745	false	1.0
fehlgeburt	neg 1.0		__DUMMY__ 0.8880016651711868 neg 0.0648963311551846 off 0.047102003673628504	false	1.0
charakterschwach	off 1.0		__DUMMY__ 0.8850570147228135 neg 0.06338772701704068 off 0.05155525826014584	false	0.5
isolation	neg 1.0		__DUMMY__ 0.887481873376046 neg 0.06152058582841796 off 0.05099754079553598	false	1.0
ablenkung	neg 1.0		__DUMMY__ 0.889871594686952 neg 0.06314582789798394 off 0.046982577415064064	false	1.0
pech	neg 1.0		__DUMMY__ 0.887878641436853 neg 0.06332977392897178 off 0.04879158463417523	false	1.0
vermeidung	neg 1.0		__DUMMY__ 0.8884435559346462 neg 0.0594957095152956 off 0.05206073455005825	false	1.0
dominieren	neg 1.0		__DUMMY__ 0.8881815244397401 neg 0.06578940731719346 off 0.04602906824306642	false	1.0
schwindlig	neg 1.0		__DUMMY__ 0.8911382678524037 neg 0.06040099654851981 off 0.04846073559907651	false	1.0
lutscher	neg 1.0		__DUMMY__ 0.8805283532289733 neg 0.06122614541452661 off 0.058245501356500265	false	1.0
pflicht	neg 1.0		__DUMMY__ 0.8880561301522827 neg 0.06866567575699593 off 0.04327819409072133	false	1.0
faschist	off 1.0		__DUMMY__ 0.8812702075979365 neg 0.0692096194879862 off 0.04952017291407721	false	0.5
verschleudern	neg 1.0		__DUMMY__ 0.8853907841165193 neg 0.06941218206812738 off 0.0451970338153534	false	1.0
wenn			__DUMMY__ 0.8872862689599645 neg 0.06278313169767522 off 0.049930599342360174	false	0.0
ehebruch	neg 1.0		__DUMMY__ 0.8860545727093008 neg 0.06899142756325041 off 0.04495399972744882	false	1.0
spott	off 1.0		__DUMMY__ 0.886252527273942 neg 0.06930051859087655 off 0.04444695413518149	false	0.5
trostlosigkeit	neg 1.0		__DUMMY__ 0.8837826042332543 neg 0.07270062217050752 off 0.04351677359623823	false	1.0
lutschen	neg 1.0		__DUMMY__ 0.8846853858701899 neg 0.06453845166540613 off 0.050776162464403994	false	1.0
undiszipliniert	neg 1.0		__DUMMY__ 0.8862504287134835 neg 0.0613255036190692 off 0.05242406766744722	false	1.0
kopfschmerz	neg 1.0		__DUMMY__ 0.888598215495433 neg 0.06537522625018187 off 0.04602655825438516	false	1.0
unvorhergesehen	neg 1.0		__DUMMY__ 0.8935152695875065 neg 0.061648706237171336 off 0.044836024175322176	false	1.0
desinteressiert	neg 1.0		__DUMMY__ 0.8845360953023954 neg 0.06308235913269598 off 0.052381545564908615	false	1.0
armselig	off 1.0		__DUMMY__ 0.8833330502754994 neg 0.06333765082234985 off 0.053329298902150865	false	0.5
desaster	neg 1.0		__DUMMY__ 0.8864611687075538 neg 0.07125339837536641 off 0.04228543291707991	false	1.0
tod	neg 1.0		__DUMMY__ 0.884707205766894 neg 0.07094525451345214 off 0.04434753971965385	false	1.0
herzlos	neg 1.0		__DUMMY__ 0.8863648915163667 neg 0.06006883096855425 off 0.05356627751507903	false	1.0
unwissenheit	neg 1.0		__DUMMY__ 0.8853574719123365 neg 0.06921525301839956 off 0.04542727506926392	false	1.0
widersinnig	neg 1.0		__DUMMY__ 0.8820855327547197 neg 0.07123028496135905 off 0.04668418228392121	false	1.0
bedenklich	neg 1.0		__DUMMY__ 0.8880328174665808 neg 0.06788378702260985 off 0.044083395510809344	false	1.0
beanstanden	neg 1.0		__DUMMY__ 0.8886953343372404 neg 0.06839708331425416 off 0.042907582348505384	false	1.0
panisch	neg 1.0	neg 1.0	neg 0.5145797380240202 __DUMMY__ 0.44914745023417424 off 0.03627281174180556	false	1.0
debil	off 1.0		__DUMMY__ 0.8901940351496576 neg 0.06947613311845223 off 0.04032983173189026	false	0.5
abstrich	neg 1.0		__DUMMY__ 0.8932174375650741 neg 0.060714267188600075 off 0.04606829524632574	false	1.0
primitiv	neg 1.0		__DUMMY__ 0.8843473538404355 neg 0.0635452779338845 off 0.05210736822568006	false	1.0
abschaum	off 1.0	off 1.0	off 0.508815060711597 __DUMMY__ 0.44164421386279423 neg 0.04954072542560875	false	1.0
provozieren	neg 1.0		__DUMMY__ 0.8855823728972192 neg 0.06702852730311011 off 0.0473890997996707	false	1.0
tot	neg 1.0		__DUMMY__ 0.8868702058374327 neg 0.067247667994058 off 0.04588212616850922	false	1.0
instabil	neg 1.0		__DUMMY__ 0.8810932015692211 neg 0.06472141932932429 off 0.05418537910145461	false	1.0
schwuchtel	off 1.0		__DUMMY__ 0.8763377443342852 off 0.06286661065236666 neg 0.06079564501334813	false	1.0
zerren	neg 1.0		__DUMMY__ 0.8898657439191686 neg 0.06451900041764773 off 0.045615255663183626	false	1.0
kinderficker	off 1.0		__DUMMY__ 0.8822334875284974 neg 0.06256461076637454 off 0.05520190170512809	false	0.5
gefahr	neg 1.0		__DUMMY__ 0.8866898429293151 neg 0.06857595052553066 off 0.044734206545154205	false	1.0
rabiat	neg 1.0		__DUMMY__ 0.8878541665315925 neg 0.06512694457188671 off 0.04701888889652065	false	1.0
verlangsamung	neg 1.0		__DUMMY__ 0.8797089199427919 neg 0.06272187267807855 off 0.057569207379129496	false	1.0
ausgestorben	neg 1.0		__DUMMY__ 0.8893839625763676 neg 0.06493728273525226 off 0.04567875468838002	false	1.0
anklagen	neg 1.0		__DUMMY__ 0.8854012386898813 neg 0.06765319642762312 off 0.04694556488249551	false	1.0
trott	neg 1.0		__DUMMY__ 0.8893566973424325 neg 0.06381533074125044 off 0.04682797191631703	false	1.0
verminderung	neg 1.0		__DUMMY__ 0.8859762665114979 neg 0.061161327125321206 off 0.05286240636318086	false	1.0
nach			__DUMMY__ 0.895307415190942 neg 0.06427493622648393 off 0.04041764858257397	false	0.0
rost	neg 1.0		__DUMMY__ 0.882801053469246 neg 0.059616512206043776 off 0.057582434324710184	false	1.0
destruktiv	neg 1.0		__DUMMY__ 0.8847434470771153 neg 0.06872877394649142 off 0.04652777897639333	false	1.0
unzumutbarkeit	neg 1.0		__DUMMY__ 0.8878725325498825 neg 0.05990277179353078 off 0.052224695656586675	false	1.0
labil	off 1.0	off 1.0	off 0.509419555963385 __DUMMY__ 0.44221500065049846 neg 0.04836544338611666	false	1.0
ziemlich	neg 1.0		__DUMMY__ 0.8870167974748743 neg 0.0617556277731811 off 0.051227574751944685	false	1.0
lachnummer	off 1.0		__DUMMY__ 0.885036521995819 neg 0.06832719963834902 off 0.046636278365832	false	0.5
oder			__DUMMY__ 0.8905390787429417 neg 0.06294119230934005 off 0.046519728947718206	false	0.0
verfall	neg 1.0		__DUMMY__ 0.8902630250366795 neg 0.06926758977189397 off 0.04046938519142652	false	1.0
ausgrenzung	neg 1.0		__DUMMY__ 0.8818405085741069 neg 0.06887911301519388 off 0.04928037841069922	false	1.0
unordnung	neg 1.0		__DUMMY__ 0.8830306545092396 neg 0.0624607633566709 off 0.05450858213408946	false	1.0
fehlverhalten	neg 1.0		__DUMMY__ 0.8865001202352581 neg 0.06921257046791217 off 0.04428730929682969	false	1.0
eine			__DUMMY__ 0.8908638971562414 neg 0.066682289928255 off 0.042453812915503625	false	0.0
nille	neg 1.0		__DUMMY__ 0.8848602646052401 neg 0.06767804549636051 off 0.04746168989839924	false	1.0
qual	neg 1.0		__DUMMY__ 0.8890481844726928 neg 0.06413002907433665 off 0.046821786452970464	false	1.0
verschwenden	neg 1.0		__DUMMY__ 0.8885372339632607 neg 0.06743278173225753 off 0.04402998430448167	false	1.0
riesig	neg 1.0		__DUMMY__ 0.8892476965399699 neg 0.0647067256872371 off 0.046045577772793014	false	1.0
verurteilen	neg 1.0		__DUMMY__ 0.8850203745167983 neg 0.06928302432795877 off 0.04569660115524294	false	1.0
klischee	neg 1.0	neg 1.0	neg 0.5204634519573068 __DUMMY__ 0.4417945403059032 off 0.03774200773679001	false	1.0
diktatorisch	neg 1.0		__DUMMY__ 0.8798420752124672 neg 0.071349733223114 off 0.04880819156441886	false	1.0
vorhersehbar	neg 1.0		__DUMMY__ 0.8836893069602798 neg 0.06749716226370711 off 0.04881353077601316	false	1.0
sowie			__DUMMY__ 0.8804234857309362 neg 0.06320279837241063 off 0.05637371589665327	false	0.0
stornieren	neg 1.0		__DUMMY__ 0.8905527853147958 neg 0.060664837118642664 off 0.048782377566561626	false	1.0
besteuerung	neg 1.0		__DUMMY__ 0.8859074768076485 neg 0.06607319039327615 off 0.048019332799075304	false	1.0
ungeschminkt	neg 1.0		__DUMMY__ 0.8857916903081718 neg 0.06280888060407763 off 0.05139942908775044	false	1.0
kritisch	neg 1.0		__DUMMY__ 0.8862280215424939 neg 0.0692905402180317 off 0.044481438239474376	false	1.0
schlamperei	off 1.0		__DUMMY__ 0.8864926034059105 neg 0.06850965085224868 off 0.044997745741840824	false	0.5
sucht	neg 1.0	neg 1.0	neg 0.5132402158563488 __DUMMY__ 0.44995227752029343 off 0.03680750662335772	false	1.0
egoistisch	off 1.0		__DUMMY__ 0.8841121183100424 neg 0.06031123405740492 off 0.05557664763255261	false	0.5
ausbeuter	off 1.0		__DUMMY__ 0.8854206918097214 neg 0.07055492560002037 off 0.04402438259025814	false	0.5
arschgeburt	off 1.0		__DUMMY__ 0.8763948163338745 off 0.06282736385815745 neg 0.06077781980796794	false	1.0
schubs	neg 1.0	neg 1.0	neg 0.517721445910843 __DUMMY__ 0.4487565678264344 off 0.033521986262722535	false	1.0
unsolide	neg 1.0		__DUMMY__ 0.8776579604654172 neg 0.07075640926059186 off 0.05158563027399087	false	1.0
beschwerde	neg 1.0		__DUMMY__ 0.8865313827072843 neg 0.0679124812926136 off 0.04555613600010207	false	1.0
stocken	neg 1.0		__DUMMY__ 0.8892984724802115 neg 0.06575339047849663 off 0.044948137041291865	false	1.0
isolieren	neg 1.0		__DUMMY__ 0.8912503908568982 neg 0.06231865431210687 off 0.04643095483099497	false	1.0
unheilbar	neg 1.0		__DUMMY__ 0.88666014869272 neg 0.06570416717189245 off 0.04763568413538759	false	1.0
pisser	off 1.0		__DUMMY__ 0.8826621340556793 neg 0.06322077387903514 off 0.05411709206528549	false	0.5
löschen	neg 1.0		__DUMMY__ 0.8871372725320689 neg 0.06485123056692244 off 0.04801149690100866	false	1.0
durchfallen	neg 1.0		__DUMMY__ 0.8883827976447747 neg 0.06713372827348948 off 0.044483474081735815	false	1.0
wichser	off 1.0		__DUMMY__ 0.8812773457333044 neg 0.05940540011341619 off 0.05931725415327937	false	0.5
terror	neg 1.0		__DUMMY__ 0.8896156162585892 neg 0.060637401293632126 off 0.04974698244777865	false	1.0
krass	neg 1.0		__DUMMY__ 0.8852594662656109 neg 0.061153616856823564 off 0.05358691687756549	false	1.0
revolte	neg 1.0	neg 1.0	neg 0.523619318042955 __DUMMY__ 0.43817062426895736 off 0.03821005768808765	false	1.0
besorgt	neg 1.0		__DUMMY__ 0.8938025609213138 neg 0.060800890988182296 off 0.045396548090503815	false	1.0
nachlassen	neg 1.0		__DUMMY__ 0.8903166606481712 neg 0.06454905618780456 off 0.04513428316402422	false	1.0
alt	neg 1.0		__DUMMY__ 0.8937015314096618 neg 0.06324508723966758 off 0.04305338135067055	false	1.0
hundesohn	off 1.0		__DUMMY__ 0.8788433812687211 neg 0.0620759954069097 off 0.05908062332436916	false	0.5
als			__DUMMY__ 0.8903081163393938 neg 0.06473660241192034 off 0.04495528124868595	false	0.0
abschreckung	neg 1.0		__DUMMY__ 0.8876574873372037 neg 0.06913441719700521 off 0.043208095465791074	false	1.0
unqualifiziert	neg 1.0		__DUMMY__ 0.8848203868947342 neg 0.06607244136880941 off 0.04910717173645643	false	1.0
abgewichst	off 1.0		__DUMMY__ 0.8871518613358408 neg 0.06644312986333718 off 0.04640500880082207	false	0.5
schwer	neg 1.0		__DUMMY__ 0.8891176717891507 neg 0.06444237352033558 off 0.046439954690513735	false	1.0
bedeutungslosigkeit	neg 1.0		__DUMMY__ 0.8865710355214077 neg 0.06968897641697928 off 0.043739988061612986	false	1.0
kapitulation	neg 1.0		__DUMMY__ 0.8817753085579294 neg 0.07258254152090948 off 0.04564214992116115	false	1.0
unscharf	neg 1.0		__DUMMY__ 0.8875901476490575 neg 0.06361967732565901 off 0.04879017502528353	false	1.0
schwinden	neg 1.0		__DUMMY__ 0.888964660975107 neg 0.0672705222348613 off 0.04376481679003178	false	1.0
versklavung	neg 1.0	neg 1.0	neg 0.523057891354165 __DUMMY__ 0.440166801609596 off 0.03677530703623898	false	1.0
schlecht	neg 1.0		__DUMMY__ 0.8875437841476082 neg 0.06091825554753706 off 0.05153796030485473	false	1.0
verhasst	neg 1.0		__DUMMY__ 0.8848579867773523 neg 0.06768091382198117 off 0.04746109940066656	false	1.0
beschweren	neg 1.0		__DUMMY__ 0.8884287016737015 neg 0.06343369430319996 off 0.04813760402309857	false	1.0
scheiden	neg 1.0		__DUMMY__ 0.8890168718760405 neg 0.06495248361967765 off 0.046030644504281834	false	1.0
frustriert	neg 1.0		__DUMMY__ 0.8884199440787833 neg 0.06578812725880263 off 0.04579192866241407	false	1.0
schimmelig	neg 1.0		__DUMMY__ 0.8883858845955807 neg 0.06776065882839329 off 0.04385345657602602	false	1.0
fisch	neg 1.0	neg 1.0	neg 0.5172990932877349 __DUMMY__ 0.44919014595407825 off 0.03351076075818686	false	1.0
schmuggel	neg 1.0		__DUMMY__ 0.8923671508843063 neg 0.0644747069889933 off 0.04315814212670039	false	1.0
auffallen	neg 1.0		__DUMMY__ 0.8877997105840707 neg 0.06369100882949552 off 0.0485092805864338	false	1.0
konkurrenz	neg 1.0		__DUMMY__ 0.8914139635403738 neg 0.06582084653641741 off 0.04276518992320877	false	1.0
teufelskreis	neg 1.0		__DUMMY__ 0.8868718076065062 neg 0.06702367503137235 off 0.04610451736212151	false	1.0
aufschreien	neg 1.0		__DUMMY__ 0.8851588211180539 neg 0.06618536328760868 off 0.04865581559433755	false	1.0
schuldner	neg 1.0		__DUMMY__ 0.8859635884601209 neg 0.0695891437325424 off 0.04444726780733671	false	1.0
missgeburt	off 1.0	off 1.0	off 0.5127797124398421 __DUMMY__ 0.4402953463451183 neg 0.046924941215039435	false	1.0
arbeitslos	neg 1.0		__DUMMY__ 0.8869143489149861 neg 0.06768148760043056 off 0.04540416348458334	false	1.0
befallen	neg 1.0		__DUMMY__ 0.8830070521641897 neg 0.0713575885471883 off 0.04563535928862203	false	1.0
miesepetrig	off 1.0		__DUMMY__ 0.8883819879776125 neg 0.06071835741281747 off 0.050899654609570064	false	0.5
alarmieren	neg 1.0		__DUMMY__ 0.8840296286129408 neg 0.06466203174305955 off 0.051308339643999626	false	1.0
ungeduscht	off 1.0		__DUMMY__ 0.8879276892797807 neg 0.06326560303736484 off 0.048806707682854396	false	0.5
knappheit	neg 1.0		__DUMMY__ 0.8874711727247797 neg 0.06695719212130073 off 0.04557163515391951	false	1.0
schlange	neg 1.0		__DUMMY__ 0.8902700684057429 neg 0.06201606475815903 off 0.04771386683609812	false	1.0
harsch	neg 1.0		__DUMMY__ 0.886082176829445 neg 0.05771836246605641 off 0.056199460704498536	false	1.0
lang	neg 1.0		__DUMMY__ 0.8879375165856402 neg 0.06405733770507684 off 0.048005145709282854	false	1.0
ziellos	neg 1.0		__DUMMY__ 0.8893109971616783 neg 0.06600888880832571 off 0.0446801140299959	false	1.0
selbstverliebt	neg 1.0		__DUMMY__ 0.877269133198073 neg 0.062215730023202756 off 0.060515136778724304	false	1.0
beseitigen	neg 1.0		__DUMMY__ 0.8917283146043159 neg 0.0606030097597377 off 0.047668675635946414	false	1.0
dumm	off 1.0		__DUMMY__ 0.8825536417231341 neg 0.06126858432138818 off 0.0561777739554778	false	0.5
arbeitsloser	neg 1.0		__DUMMY__ 0.8876720894367158 neg 0.06757363081072738 off 0.044754279752556796	false	1.0
blitzen	neg 1.0		__DUMMY__ 0.8860429652991397 neg 0.06387315237264334 off 0.05008388232821699	false	1.0
hilflos	neg 1.0		__DUMMY__ 0.8889201117727267 neg 0.06566963905888229 off 0.04541024916839104	false	1.0
eklig	off 1.0		__DUMMY__ 0.8812513093965387 neg 0.0619072948955238 off 0.05684139570793738	false	0.5
begriff			__DUMMY__ 0.8874755453365589 neg 0.06664773615519752 off 0.04587671850824364	false	0.0
hungersnot	neg 1.0		__DUMMY__ 0.8813085964054602 neg 0.07133404830439116 off 0.047357355290148694	false	1.0
ungesetzlich	neg 1.0		__DUMMY__ 0.880836131513113 neg 0.06924473261486101 off 0.04991913587202598	false	1.0
verschwendung	neg 1.0		__DUMMY__ 0.8888277995306538 neg 0.0677505647318386 off 0.04342163573750762	false	1.0
schmerzvoll	neg 1.0		__DUMMY__ 0.8882653742101202 neg 0.06366564575042272 off 0.04806898003945703	false	1.0
vorzeitig	neg 1.0		__DUMMY__ 0.8873830686739487 neg 0.06126669229095617 off 0.051350239035095196	false	1.0
unvollkommenheit	neg 1.0		__DUMMY__ 0.8881621892109292 neg 0.06475472004191844 off 0.04708309074715235	false	1.0
intervenieren	neg 1.0		__DUMMY__ 0.8847060517230677 neg 0.07092348713654889 off 0.04437046114038345	false	1.0
banause	off 1.0		__DUMMY__ 0.8802785501552499 neg 0.06170277959385519 off 0.05801867025089485	false	0.5
rebell	neg 1.0		__DUMMY__ 0.8913498640607628 neg 0.0663237065981089 off 0.04232642934112818	false	1.0
unlogisch	neg 1.0		__DUMMY__ 0.8840192819258441 neg 0.06260588537412855 off 0.05337483270002745	false	1.0
leiden	neg 1.0	neg 1.0	neg 0.5150879190736023 __DUMMY__ 0.45299383326512 off 0.03191824766127769	false	1.0
abschaffung	neg 1.0		__DUMMY__ 0.8847794667375477 neg 0.06713556946404323 off 0.04808496379840907	false	1.0
sturz	neg 1.0		__DUMMY__ 0.8840360497880507 neg 0.06748096351404374 off 0.048482986697905454	false	1.0
verkleinerung	neg 1.0		__DUMMY__ 0.8824796986076068 neg 0.06690882634058455 off 0.05061147505180854	false	1.0
schmarotzer	off 1.0		__DUMMY__ 0.8855439588147368 neg 0.06933915435753256 off 0.04511688682773059	false	0.5
bestrafung	neg 1.0		__DUMMY__ 0.8864557943468063 neg 0.06548411286565795 off 0.04806009278753577	false	1.0
achtlos	neg 1.0		__DUMMY__ 0.8902188196701492 neg 0.06343378583235272 off 0.046347394497498105	false	1.0
ungeheuer	neg 1.0		__DUMMY__ 0.8864395224949616 neg 0.06495159641110977 off 0.04860888109392856	false	1.0
unaufrichtig	neg 1.0		__DUMMY__ 0.8821855188232839 neg 0.06795087315302871 off 0.049863608023687306	false	1.0
