unsolidarisch	neg 1.0		neg 0.5603347241294278 off 0.39776709096043883 __DUMMY__ 0.04189818491013344	false	1.0
nachteilig	neg 1.0		neg 0.5594485220754967 off 0.3980631855495173 __DUMMY__ 0.042488292374986185	false	1.0
skeptisch	neg 1.0		neg 0.5616255261962897 off 0.39573991911644807 __DUMMY__ 0.04263455468726221	false	1.0
schrecklich	neg 1.0		neg 0.547557878231573 off 0.41014623379475534 __DUMMY__ 0.04229588797367186	false	1.0
schlapp	neg 1.0		neg 0.5501067025990555 off 0.40727697764005955 __DUMMY__ 0.042616319760884896	false	1.0
abfall	neg 1.0		neg 0.5632457929004863 off 0.3940737975649233 __DUMMY__ 0.04268040953459052	false	1.0
widerspenstig	neg 1.0		neg 0.5548712862506134 off 0.4024052612462205 __DUMMY__ 0.04272345250316608	false	1.0
abrupt	neg 1.0		neg 0.5561712594056936 off 0.4010547995769255 __DUMMY__ 0.042773941017381	false	1.0
unwirksam	neg 1.0		neg 0.5581356076142899 off 0.3997557213858194 __DUMMY__ 0.04210867099989074	false	1.0
angreifen	neg 1.0		neg 0.5610936593324369 off 0.3964072165904726 __DUMMY__ 0.042499124077090555	false	1.0
inkonsistent	neg 1.0		neg 0.5545870354627885 off 0.40306979711343294 __DUMMY__ 0.04234316742377846	false	1.0
abrutschen	neg 1.0		neg 0.5623639194065906 off 0.3948661490417071 __DUMMY__ 0.04276993155170223	false	1.0
unsicher	neg 1.0		neg 0.5556692381032814 off 0.4017233666762344 __DUMMY__ 0.04260739522048418	false	1.0
bauernkind	off 1.0		neg 0.546286136864585 off 0.41179943302943384 __DUMMY__ 0.04191443010598107	false	0.5
angreifer	neg 1.0		neg 0.5544292445565446 off 0.4033500796023006 __DUMMY__ 0.04222067584115463	false	1.0
trennen	neg 1.0		neg 0.5584013995362536 off 0.3986730914243442 __DUMMY__ 0.04292550903940231	false	1.0
schmutz	neg 1.0		neg 0.5468111038747905 off 0.4103223818850717 __DUMMY__ 0.042866514240137835	false	1.0
inkonsistenz	neg 1.0	neg 1.0	neg 0.7650742824872707 off 0.21471543859451656 __DUMMY__ 0.020210278918212754	false	1.0
erschreckend	neg 1.0		neg 0.5583606450531189 off 0.3991859959546868 __DUMMY__ 0.04245335899219435	false	1.0
ertrinken	neg 1.0		neg 0.5583832176614452 off 0.3988657960833787 __DUMMY__ 0.04275098625517619	false	1.0
pickelface	off 1.0		neg 0.5561660563063685 off 0.40148510889283756 __DUMMY__ 0.042348834800793884	false	0.5
seiner			neg 0.5604971002613905 off 0.3969030403978069 __DUMMY__ 0.04259985934080244	false	0.0
lauch	neg 1.0		neg 0.5615161189481764 off 0.39581781531317256 __DUMMY__ 0.042666065738651116	false	1.0
unwichtig	neg 1.0		neg 0.5521446449731483 off 0.4054887046027365 __DUMMY__ 0.04236665042411518	false	1.0
steuerhinterziehung	neg 1.0		neg 0.5597394374397896 off 0.3981154029694495 __DUMMY__ 0.042145159590760865	false	1.0
schock	neg 1.0		neg 0.5560189543549655 off 0.40118097938228703 __DUMMY__ 0.04280006626274734	false	1.0
beule	neg 1.0		neg 0.5487440273585719 off 0.40868056936557257 __DUMMY__ 0.04257540327585537	false	1.0
vergelten	neg 1.0		neg 0.5476110218112089 off 0.4103358900755093 __DUMMY__ 0.04205308811328167	false	1.0
verdorbenheit	neg 1.0		neg 0.5524976364630088 off 0.4047603261129593 __DUMMY__ 0.042742037424031806	false	1.0
trauma	neg 1.0		neg 0.5543537600453081 off 0.40317913981949033 __DUMMY__ 0.042467100135201524	false	1.0
sinnlos	neg 1.0		neg 0.5541485371007056 off 0.4033822903279946 __DUMMY__ 0.042469172571299826	false	1.0
fettsack	off 1.0	off 1.0	off 0.6889801768799504 neg 0.2909170945693108 __DUMMY__ 0.020102728550738785	false	1.0
feige	off 1.0		neg 0.553608114114799 off 0.404156696267283 __DUMMY__ 0.042235189617918056	false	0.5
abdanken	neg 1.0		neg 0.5610129449587188 off 0.39701425151316083 __DUMMY__ 0.0419728035281204	false	1.0
wichtigtuer	off 1.0	off 1.0	off 0.683785031624614 neg 0.29600352114621076 __DUMMY__ 0.020211447229175394	false	1.0
misslingen	neg 1.0		neg 0.5517434210007137 off 0.40551589091780443 __DUMMY__ 0.04274068808148192	false	1.0
untreu	off 1.0		neg 0.5509075968670817 off 0.4066948382839689 __DUMMY__ 0.04239756484894941	false	0.5
missmutig	neg 1.0		neg 0.5511133994795695 off 0.4063004814681448 __DUMMY__ 0.04258611905228574	false	1.0
hurenbock	off 1.0		neg 0.5518124188753499 off 0.4053938611522872 __DUMMY__ 0.0427937199723628	false	0.5
betrunken	neg 1.0		neg 0.5482755647289898 off 0.40922739852483425 __DUMMY__ 0.042497036746176026	false	1.0
korrupt	off 1.0		neg 0.5619684585912886 off 0.3959411130581522 __DUMMY__ 0.04209042835055914	false	0.5
unmut	neg 1.0		neg 0.5628669722019323 off 0.3945293480635377 __DUMMY__ 0.042603679734530026	false	1.0
hackfresse	off 1.0		neg 0.5444031082411207 off 0.41342426182884134 __DUMMY__ 0.04217262993003799	false	0.5
aufblasen	neg 1.0		neg 0.5533184192615048 off 0.4039953579093537 __DUMMY__ 0.04268622282914129	false	1.0
gewaltsam	neg 1.0		neg 0.5571604193421761 off 0.4006465832327824 __DUMMY__ 0.042192997425041595	false	1.0
unbeliebtheit	neg 1.0		neg 0.5547852694440153 off 0.4035395826819829 __DUMMY__ 0.04167514787400176	false	1.0
sturheit	neg 1.0		neg 0.5596696063061652 off 0.3980618783119374 __DUMMY__ 0.04226851538189727	false	1.0
kuh	neg 1.0		neg 0.5556626483785826 off 0.40204415986491643 __DUMMY__ 0.04229319175650109	false	1.0
erschrecken	neg 1.0		neg 0.5517071756931737 off 0.4057354489607591 __DUMMY__ 0.04255737534606703	false	1.0
opfer	neg 1.0	neg 1.0	neg 0.7682082852389214 off 0.21143677030953809 __DUMMY__ 0.020354944451540447	false	1.0
sinken	neg 1.0		neg 0.5616351302998865 off 0.39573001358708115 __DUMMY__ 0.042634856113032214	false	1.0
stinktier	neg 1.0		neg 0.5484261742062391 off 0.4094705193473368 __DUMMY__ 0.042103306446424155	false	1.0
tucke	off 1.0		neg 0.5429279564009174 off 0.41481844606099555 __DUMMY__ 0.04225359753808711	false	0.5
ein			neg 0.5530101001368367 off 0.4041587486411699 __DUMMY__ 0.04283115122199338	false	0.0
abstieg	neg 1.0		neg 0.5595077398031066 off 0.39815875702382475 __DUMMY__ 0.04233350317306865	false	1.0
missverstehen	neg 1.0		neg 0.5558179991840174 off 0.40190534143712264 __DUMMY__ 0.04227665937886005	false	1.0
ergebnislos	neg 1.0		neg 0.5591822158950954 off 0.39837617587057667 __DUMMY__ 0.04244160823432789	false	1.0
unter			neg 0.5635208290187289 off 0.39331863327895894 __DUMMY__ 0.04316053770231201	false	0.0
manipulieren	neg 1.0		neg 0.5614214176768008 off 0.3960881974275281 __DUMMY__ 0.04249038489567123	false	1.0
unbewiesen	neg 1.0		neg 0.5609948764485202 off 0.3971530227850065 __DUMMY__ 0.04185210076647314	false	1.0
verschleppen	neg 1.0		neg 0.5599755824493262 off 0.3976480133852977 __DUMMY__ 0.04237640416537606	false	1.0
weib	off 1.0		neg 0.5438035811214245 off 0.4141444937909581 __DUMMY__ 0.04205192508761755	false	0.5
opposition	neg 1.0		neg 0.557175701650945 off 0.4007469193549932 __DUMMY__ 0.04207737899406184	false	1.0
verkehrswidrig	neg 1.0		neg 0.5449390943396919 off 0.4126918002902945 __DUMMY__ 0.04236910537001349	false	1.0
inkorrekt	neg 1.0		neg 0.5542597025688318 off 0.40381574545378374 __DUMMY__ 0.04192455197738451	false	1.0
vermeiden	neg 1.0		neg 0.5626635169395211 off 0.3944250190587033 __DUMMY__ 0.04291146400177565	false	1.0
abweichung	neg 1.0		neg 0.5621459594305626 off 0.39576105202912326 __DUMMY__ 0.04209298854031425	false	1.0
alkoholisiert	neg 1.0		neg 0.5575759246469938 off 0.3997798510096367 __DUMMY__ 0.042644224343369466	false	1.0
scheiss	off 1.0	off 1.0	off 0.6873225109396162 neg 0.29239093568827046 __DUMMY__ 0.02028655337211323	false	1.0
herausforderung	neg 1.0		neg 0.5552880640298171 off 0.4017374734172919 __DUMMY__ 0.04297446255289099	false	1.0
pervers	off 1.0		neg 0.5408652214611869 off 0.41712586522974815 __DUMMY__ 0.042008913309064956	false	0.5
wackelig	neg 1.0		neg 0.5553624594575456 off 0.4016680344444028 __DUMMY__ 0.04296950609805166	false	1.0
verwickeln	neg 1.0		neg 0.5551731931648773 off 0.40243223116420856 __DUMMY__ 0.04239457567091412	false	1.0
vorwand	neg 1.0		neg 0.5625918578082731 off 0.39489097741662216 __DUMMY__ 0.04251716477510473	false	1.0
muschi	off 1.0		neg 0.5569085877574246 off 0.4007611030336773 __DUMMY__ 0.04233030920889804	false	0.5
entmutigung	neg 1.0		neg 0.5599659120790415 off 0.39839420341186543 __DUMMY__ 0.04163988450909323	false	1.0
unangemessen	neg 1.0		neg 0.5609358807082936 off 0.3967928641282454 __DUMMY__ 0.04227125516346103	false	1.0
unstetig	neg 1.0		neg 0.5534854927343429 off 0.40425259222444687 __DUMMY__ 0.04226191504121023	false	1.0
entmutigen	neg 1.0		neg 0.5547078612395662 off 0.40273994833155696 __DUMMY__ 0.04255219042887677	false	1.0
schwanz	neg 1.0		neg 0.5578843305888801 off 0.3995841726629913 __DUMMY__ 0.042531496748128596	false	1.0
verbot	neg 1.0		neg 0.5605538052378248 off 0.3972720111801462 __DUMMY__ 0.04217418358202888	false	1.0
leid	neg 1.0		neg 0.5460617726303925 off 0.41169751774444463 __DUMMY__ 0.04224070962516285	false	1.0
archaisch	neg 1.0		neg 0.5599874002299471 off 0.3976994350898688 __DUMMY__ 0.04231316468018411	false	1.0
gegen			neg 0.5625654673163427 off 0.39498251241257676 __DUMMY__ 0.04245202027108059	false	0.0
scheidung	neg 1.0	neg 1.0	neg 0.7531143189950982 off 0.22681383186657258 __DUMMY__ 0.020071849138329306	false	1.0
einschlag	neg 1.0		neg 0.5466297294818316 off 0.4111332881393074 __DUMMY__ 0.04223698237886098	false	1.0
m			neg 0.5563243819035844 off 0.40100318487215425 __DUMMY__ 0.04267243322426136	false	0.0
abgestanden	neg 1.0		neg 0.554922473349235 off 0.40243633264668177 __DUMMY__ 0.04264119400408327	false	1.0
schmierig	off 1.0		neg 0.5464092682770425 off 0.41123016082509783 __DUMMY__ 0.042360570897859696	false	0.5
unpraktisch	neg 1.0		neg 0.5530186594046665 off 0.4042558578338528 __DUMMY__ 0.04272548276148049	false	1.0
wixxer	off 1.0		neg 0.5418514083163868 off 0.41628364500580367 __DUMMY__ 0.04186494667780947	false	0.5
bezeichnet			neg 0.5585179636794374 off 0.39915002469991945 __DUMMY__ 0.04233201162064314	false	0.0
jammerlappen	off 1.0		neg 0.5517665191710968 off 0.40581947505566746 __DUMMY__ 0.042414005773235834	false	0.5
farce	neg 1.0		neg 0.5625984697440989 off 0.3955297669028525 __DUMMY__ 0.041871763353048506	false	1.0
zwecklos	neg 1.0		neg 0.5604578569340942 off 0.39716299457478677 __DUMMY__ 0.0423791484911191	false	1.0
turbulent	neg 1.0		neg 0.5487867931388255 off 0.40903702202548875 __DUMMY__ 0.04217618483568572	false	1.0
invasion	neg 1.0		neg 0.5517935631231807 off 0.40563432862559634 __DUMMY__ 0.04257210825122304	false	1.0
schuld	neg 1.0		neg 0.5560113355467359 off 0.4015579715112158 __DUMMY__ 0.04243069294204835	false	1.0
risiko	neg 1.0		neg 0.5506584868090949 off 0.40666228817888384 __DUMMY__ 0.042679225012021135	false	1.0
finster	neg 1.0		neg 0.5540079261059712 off 0.40327091938046067 __DUMMY__ 0.04272115451356824	false	1.0
geisteskrank	off 1.0		neg 0.552428070559276 off 0.4054858184655496 __DUMMY__ 0.042086110975174465	false	0.5
zusammenbrechen	neg 1.0		neg 0.5568611827107907 off 0.40047712149233944 __DUMMY__ 0.042661695796869854	false	1.0
ausbeute	neg 1.0		neg 0.5568401462410234 off 0.4003547528722289 __DUMMY__ 0.04280510088674786	false	1.0
hinterhalt	neg 1.0		neg 0.5549445948472306 off 0.40258951819926647 __DUMMY__ 0.04246588695350305	false	1.0
kritik	neg 1.0		neg 0.5616966247379588 off 0.39631839390347273 __DUMMY__ 0.041984981358568554	false	1.0
einschrumpfen	neg 1.0		neg 0.5549619006098296 off 0.4029899270431575 __DUMMY__ 0.042048172347012906	false	1.0
riskant	neg 1.0		neg 0.5600134201493357 off 0.39738224817470225 __DUMMY__ 0.04260433167596197	false	1.0
frustrieren	neg 1.0		neg 0.5608572449012181 off 0.39662877970988797 __DUMMY__ 0.04251397538889385	false	1.0
groll	neg 1.0		neg 0.560045558621861 off 0.3975546533952098 __DUMMY__ 0.04239978798292914	false	1.0
gibt			neg 0.5585460279017362 off 0.39893276299294955 __DUMMY__ 0.042521209105314185	false	0.0
qualvoll	neg 1.0		neg 0.5527987576631269 off 0.40461114839647766 __DUMMY__ 0.042590093940395556	false	1.0
wackeln	neg 1.0		neg 0.5527529290374681 off 0.4044113179408605 __DUMMY__ 0.04283575302167157	false	1.0
klagen	neg 1.0		neg 0.5630097350058468 off 0.3945168868212017 __DUMMY__ 0.04247337817295155	false	1.0
bankrott	neg 1.0		neg 0.5501820074385486 off 0.4072858362390808 __DUMMY__ 0.04253215632237051	false	1.0
trauern	neg 1.0		neg 0.5596534203655402 off 0.3977421760760483 __DUMMY__ 0.04260440355841155	false	1.0
ablehnung	neg 1.0	neg 1.0	neg 0.7687916737535923 off 0.2111046826394359 __DUMMY__ 0.020103643606971755	false	1.0
stur	neg 1.0		neg 0.5552888118699575 off 0.40225017104103783 __DUMMY__ 0.04246101708900461	false	1.0
aufruhr	neg 1.0		neg 0.5584211769113322 off 0.39945776908025704 __DUMMY__ 0.04212105400841081	false	1.0
melancholie	neg 1.0		neg 0.5565526101637297 off 0.40063599862999627 __DUMMY__ 0.04281139120627398	false	1.0
ist			neg 0.5553683977069415 off 0.40220689027612083 __DUMMY__ 0.04242471201693769	false	0.0
torheit	neg 1.0		neg 0.5592685852078414 off 0.3987813511883586 __DUMMY__ 0.0419500636038	false	1.0
dreckskind	off 1.0		neg 0.5484764819814826 off 0.40970801794312134 __DUMMY__ 0.04181550007539603	false	0.5
umtauschen	neg 1.0		neg 0.5552337387859828 off 0.4020791950237276 __DUMMY__ 0.04268706619028957	false	1.0
zum			neg 0.559712574645914 off 0.397099098127823 __DUMMY__ 0.04318832722626293	false	0.0
zersetzen	neg 1.0		neg 0.5620603847334799 off 0.39545313264130316 __DUMMY__ 0.04248648262521703	false	1.0
zur			neg 0.5638355988925726 off 0.3934478959316624 __DUMMY__ 0.04271650517576497	false	0.0
frust	neg 1.0		neg 0.5576236138639189 off 0.39976886440936327 __DUMMY__ 0.04260752172671783	false	1.0
unerbittlichkeit	neg 1.0		neg 0.5616901912434806 off 0.3958989954771399 __DUMMY__ 0.04241081327937956	false	1.0
zwei			neg 0.5593518846071844 off 0.39765180961414814 __DUMMY__ 0.04299630577866731	false	0.0
unkorrekt	neg 1.0		neg 0.5521391401847286 off 0.4058047303313877 __DUMMY__ 0.04205612948388356	false	1.0
hexe	off 1.0		neg 0.550508376295859 off 0.4070566939089002 __DUMMY__ 0.04243492979524083	false	0.5
lasch	neg 1.0		neg 0.5546150205288782 off 0.4031359949437232 __DUMMY__ 0.042248984527398545	false	1.0
rivale	neg 1.0		neg 0.5482087428162691 off 0.40964933951965177 __DUMMY__ 0.042141917664079265	false	1.0
mutlos	off 1.0	off 1.0	off 0.6806989548061522 neg 0.29908401183976346 __DUMMY__ 0.020217033354084434	false	1.0
wirr	off 1.0		neg 0.5501509286536724 off 0.40778579714807844 __DUMMY__ 0.04206327419824903	false	0.5
jahr			neg 0.5578570703606822 off 0.3992886597943474 __DUMMY__ 0.04285426984497031	false	0.0
wird			neg 0.559598915370194 off 0.3978305292265973 __DUMMY__ 0.0425705554032086	false	0.0
strafbar	neg 1.0		neg 0.5622330036943785 off 0.3954760015069983 __DUMMY__ 0.042290994798623194	false	1.0
erosion	neg 1.0		neg 0.5529332664495927 off 0.4044038579030531 __DUMMY__ 0.04266287564735399	false	1.0
eingehen	neg 1.0		neg 0.560436443697067 off 0.3971316563141964 __DUMMY__ 0.042431899988736616	false	1.0
faul	off 1.0		neg 0.5498077074914686 off 0.40751796904175996 __DUMMY__ 0.042674323466771434	false	0.5
provisorium	neg 1.0		neg 0.5653170323656389 off 0.39166668186093145 __DUMMY__ 0.043016285773429704	false	1.0
schmerzen	neg 1.0		neg 0.5562927357713849 off 0.4010417921090811 __DUMMY__ 0.04266547211953408	false	1.0
schrumpfen	neg 1.0		neg 0.5636747738384662 off 0.39353887937885296 __DUMMY__ 0.04278634678268096	false	1.0
geistlos	off 1.0		neg 0.5581334553972365 off 0.3999933407721266 __DUMMY__ 0.04187320383063688	false	0.5
fehlkauf	neg 1.0		neg 0.5539233200541263 off 0.4037360188832443 __DUMMY__ 0.04234066106262942	false	1.0
frustrierend	neg 1.0	neg 1.0	neg 0.7640990297943305 off 0.21557124773602537 __DUMMY__ 0.02032972246964414	false	1.0
unzufrieden	neg 1.0		neg 0.5595250548236154 off 0.39798931208317084 __DUMMY__ 0.04248563309321365	false	1.0
verzweifeln	neg 1.0		neg 0.5565966756385602 off 0.4008172227755765 __DUMMY__ 0.042586101585863234	false	1.0
verzweifelt	neg 1.0		neg 0.5552557567403638 off 0.40226590483182567 __DUMMY__ 0.04247833842781057	false	1.0
misstrauensantrag	neg 1.0		neg 0.5547959961647463 off 0.4029665612852574 __DUMMY__ 0.0422374425499964	false	1.0
abfallen	neg 1.0		neg 0.5523964081978776 off 0.4047433574600269 __DUMMY__ 0.04286023434209558	false	1.0
fucker	off 1.0		neg 0.5491510044299284 off 0.4086341721059636 __DUMMY__ 0.04221482346410792	false	0.5
ungezogen	neg 1.0		neg 0.5424596636545332 off 0.41536375197458236 __DUMMY__ 0.04217658437088423	false	1.0
irrsinnig	neg 1.0	neg 1.0	neg 0.7664014896296459 off 0.21333835017643826 __DUMMY__ 0.020260160193915844	false	1.0
unfassbar	neg 1.0		neg 0.5513566304819876 off 0.4062530721579861 __DUMMY__ 0.042390297360026426	false	1.0
hart	neg 1.0		neg 0.5521325251327903 off 0.4056351406401398 __DUMMY__ 0.04223233422706984	false	1.0
widerlich	off 1.0		neg 0.5514083741200027 off 0.4063367285473782 __DUMMY__ 0.04225489733261904	false	0.5
fatal	neg 1.0		neg 0.553767443553433 off 0.40385317223302447 __DUMMY__ 0.042379384213542495	false	1.0
bruch	neg 1.0		neg 0.5646972628815577 off 0.39295914703592527 __DUMMY__ 0.042343590082516876	false	1.0
aushungern	neg 1.0		neg 0.5587430514620118 off 0.39911911823398266 __DUMMY__ 0.042137830304005655	false	1.0
anspannung	neg 1.0		neg 0.5616153235827817 off 0.3955366378049254 __DUMMY__ 0.04284803861229285	false	1.0
von			neg 0.5588053152665161 off 0.3983258413221885 __DUMMY__ 0.042868843411295335	false	0.0
kraftlos	neg 1.0		neg 0.556655218368983 off 0.40047604500903305 __DUMMY__ 0.04286873662198377	false	1.0
vom			neg 0.5630053958910972 off 0.3938735400426065 __DUMMY__ 0.04312106406629627	false	0.0
grenzdebil	off 1.0		neg 0.5493631811544951 off 0.4081716257840384 __DUMMY__ 0.04246519306146646	false	0.5
vor			neg 0.560912594941735 off 0.39630410984273745 __DUMMY__ 0.04278329521552757	false	0.0
unterwerfen	neg 1.0		neg 0.5608720264908638 off 0.3967048217266064 __DUMMY__ 0.04242315178252985	false	1.0
versenkung	neg 1.0		neg 0.5604764402197988 off 0.39697880128699364 __DUMMY__ 0.04254475849320753	false	1.0
entziehen	neg 1.0		neg 0.5631180079980388 off 0.39434585695858265 __DUMMY__ 0.042536135043378435	false	1.0
finanzkrise	neg 1.0		neg 0.5596365226995115 off 0.3982886507635351 __DUMMY__ 0.04207482653695338	false	1.0
schimpfend	neg 1.0		neg 0.5507305821200453 off 0.40633274386037727 __DUMMY__ 0.0429366740195772	false	1.0
profan	neg 1.0		neg 0.5542241497513375 off 0.4033131484868393 __DUMMY__ 0.042462701761823124	false	1.0
korruption	neg 1.0		neg 0.5615261688814195 off 0.3963512638572253 __DUMMY__ 0.04212256726135521	false	1.0
â			neg 0.5575002754401724 off 0.3998433456079785 __DUMMY__ 0.04265637895184896	false	0.0
schmutzig	neg 1.0		neg 0.5484133504092702 off 0.408934518254525 __DUMMY__ 0.04265213133620493	false	1.0
sexy	neg 1.0		neg 0.5514061857383945 off 0.4061255401113001 __DUMMY__ 0.04246827415030538	false	1.0
abraten	neg 1.0		neg 0.5538310509501122 off 0.4035442383990812 __DUMMY__ 0.04262471065080664	false	1.0
schwarz	neg 1.0		neg 0.554513456069386 off 0.4030728110460775 __DUMMY__ 0.042413732884536474	false	1.0
fotze	off 1.0		neg 0.5586059649941172 off 0.3990068470167074 __DUMMY__ 0.04238718798917558	false	0.5
verwirren	neg 1.0		neg 0.553166372062253 off 0.4043623979759506 __DUMMY__ 0.042471229961796364	false	1.0
zahnlos	off 1.0		neg 0.560079770318096 off 0.39754796960815025 __DUMMY__ 0.042372260073753915	false	0.5
verheeren	neg 1.0		neg 0.5425436914320189 off 0.41559850297559575 __DUMMY__ 0.04185780559238554	false	1.0
hippie	neg 1.0		neg 0.551998793124842 off 0.4055710456804304 __DUMMY__ 0.04243016119472756	false	1.0
rammen	neg 1.0		neg 0.5523537770016349 off 0.40511434949250524 __DUMMY__ 0.04253187350585989	false	1.0
unlauter	neg 1.0	neg 1.0	neg 0.765538387878415 off 0.21425712579493497 __DUMMY__ 0.02020448632665002	false	1.0
unheilvoll	neg 1.0		neg 0.5531296786141584 off 0.4042761234216509 __DUMMY__ 0.04259419796419077	false	1.0
niedrig	neg 1.0		neg 0.5594706050515834 off 0.3980626465771993 __DUMMY__ 0.042466748371217146	false	1.0
explosion	neg 1.0		neg 0.5517165142393747 off 0.40574713199134754 __DUMMY__ 0.04253635376927769	false	1.0
weichei	off 1.0		neg 0.5456505048810367 off 0.4121612655305564 __DUMMY__ 0.04218822958840691	false	0.5
minusmensch	off 1.0		neg 0.5439587614954292 off 0.4143196541986051 __DUMMY__ 0.04172158430596559	false	0.5
farblos	neg 1.0		neg 0.55540555860798 off 0.40217746368717255 __DUMMY__ 0.042416977704847494	false	1.0
unwissend	neg 1.0	neg 1.0	neg 0.7640120076763728 off 0.2157704551209713 __DUMMY__ 0.02021753720265592	false	1.0
traurig	neg 1.0		neg 0.5477773339264306 off 0.40980643230798586 __DUMMY__ 0.04241623376558369	false	1.0
senkung	neg 1.0		neg 0.5535360090098944 off 0.404133672022449 __DUMMY__ 0.042330318967656676	false	1.0
ungleich	neg 1.0	neg 1.0	neg 0.7691765945348336 off 0.2105713354677879 __DUMMY__ 0.020252069997378545	false	1.0
heikel	neg 1.0		neg 0.5617048630927353 off 0.3957589094169752 __DUMMY__ 0.042536227490289534	false	1.0
drosselung	neg 1.0		neg 0.5467674495526175 off 0.4107671786288133 __DUMMY__ 0.04246537181856923	false	1.0
falsch	neg 1.0		neg 0.5524498806695878 off 0.40513621778960457 __DUMMY__ 0.04241390154080757	false	1.0
unzufriedenheit	neg 1.0		neg 0.5623159497043627 off 0.39519671329550465 __DUMMY__ 0.04248733700013259	false	1.0
kurz	neg 1.0		neg 0.5556608560073869 off 0.4015152066872063 __DUMMY__ 0.042823937305406845	false	1.0
unsinnig	neg 1.0		neg 0.5592462602855018 off 0.39830718650327074 __DUMMY__ 0.04244655321122744	false	1.0
penner	off 1.0	off 1.0	off 0.6905404907477217 neg 0.28928120945668745 __DUMMY__ 0.020178299795590784	false	1.0
seicht	neg 1.0		neg 0.545116308411349 off 0.41297485135831713 __DUMMY__ 0.04190884023033394	false	1.0
dummheit	off 1.0	off 1.0	off 0.6841276519877165 neg 0.2956745866951036 __DUMMY__ 0.020197761317179853	false	1.0
unerfreulich	neg 1.0		neg 0.56177609066637 off 0.3956091595074043 __DUMMY__ 0.042614749826225706	false	1.0
motherfucker	off 1.0	off 1.0	off 0.6875337343139052 neg 0.2922842225165908 __DUMMY__ 0.020182043169504064	false	1.0
pikiert	neg 1.0		neg 0.5525834974782861 off 0.4051240871909231 __DUMMY__ 0.04229241533079093	false	1.0
wrack	neg 1.0		neg 0.556635765462959 off 0.4006566163317171 __DUMMY__ 0.04270761820532397	false	1.0
gangster	neg 1.0		neg 0.5529131917113163 off 0.40465217291949634 __DUMMY__ 0.04243463536918763	false	1.0
krank	neg 1.0		neg 0.5485105606906967 off 0.40890706252834774 __DUMMY__ 0.04258237678095557	false	1.0
reich	neg 1.0		neg 0.5553862386815139 off 0.40284936902598667 __DUMMY__ 0.041764392292499355	false	1.0
gnadenlos	neg 1.0		neg 0.5554074840611569 off 0.4021106150971102 __DUMMY__ 0.04248190084173286	false	1.0
niedergeschlagen	neg 1.0		neg 0.5571877488412494 off 0.4002000179331131 __DUMMY__ 0.04261223322563753	false	1.0
terrorisieren	off 1.0	off 1.0	off 0.6816456209552673 neg 0.2979778101271346 __DUMMY__ 0.02037656891759817	false	1.0
sinnlosigkeit	neg 1.0		neg 0.559868403884313 off 0.397738386930005 __DUMMY__ 0.042393209185682054	false	1.0
behindern	neg 1.0		neg 0.5549198581596799 off 0.4024096296283677 __DUMMY__ 0.04267051221195234	false	1.0
undemokratisch	neg 1.0		neg 0.5582517740196896 off 0.3997222581374624 __DUMMY__ 0.04202596784284794	false	1.0
wirtschaftskrise	neg 1.0		neg 0.5605604434919683 off 0.3971958767049356 __DUMMY__ 0.04224367980309605	false	1.0
neid	neg 1.0		neg 0.5512213739199873 off 0.40615839656322344 __DUMMY__ 0.042620229516789204	false	1.0
rutschen	neg 1.0		neg 0.5593104800070094 off 0.3974747345538349 __DUMMY__ 0.04321478543915571	false	1.0
rezession	neg 1.0		neg 0.5494109044980445 off 0.408681296483945 __DUMMY__ 0.04190779901801043	false	1.0
fehlgeburt	neg 1.0		neg 0.5557716498869466 off 0.4017866920695941 __DUMMY__ 0.04244165804345932	false	1.0
charakterschwach	off 1.0		neg 0.5514515180855242 off 0.40627515719954443 __DUMMY__ 0.04227332471493149	false	0.5
isolation	neg 1.0		neg 0.5503066096818905 off 0.4072355565934658 __DUMMY__ 0.04245783372464376	false	1.0
ablenkung	neg 1.0		neg 0.5549322051210175 off 0.4024263906102013 __DUMMY__ 0.04264140426878107	false	1.0
pech	neg 1.0		neg 0.5528906161192522 off 0.40463760875122384 __DUMMY__ 0.042471775129524	false	1.0
vermeidung	neg 1.0		neg 0.5478964008708505 off 0.40959327873180357 __DUMMY__ 0.042510320397346035	false	1.0
dominieren	neg 1.0		neg 0.5576670511728015 off 0.3998456478676492 __DUMMY__ 0.04248730095954929	false	1.0
schwindlig	neg 1.0		neg 0.5513219428412148 off 0.4059707909575188 __DUMMY__ 0.042707266201266185	false	1.0
lutscher	neg 1.0		neg 0.5437720904679884 off 0.4142871444803717 __DUMMY__ 0.04194076505164016	false	1.0
pflicht	neg 1.0		neg 0.5621816320317433 off 0.3953131924897935 __DUMMY__ 0.04250517547846296	false	1.0
faschist	off 1.0		neg 0.557421333041784 off 0.40059213218671585 __DUMMY__ 0.04198653477150015	false	0.5
verschleudern	neg 1.0		neg 0.5608913736907815 off 0.3968188645651178 __DUMMY__ 0.04228976174410061	false	1.0
wenn			neg 0.5521075148960409 off 0.4054364424501632 __DUMMY__ 0.042456042653795885	false	0.0
ehebruch	neg 1.0		neg 0.5611104643876524 off 0.3965545680142752 __DUMMY__ 0.042334967598072336	false	1.0
spott	off 1.0		neg 0.5617345350777571 off 0.3959125048366905 __DUMMY__ 0.04235296008555245	false	0.5
trostlosigkeit	neg 1.0		neg 0.5644957119748949 off 0.39331327436044977 __DUMMY__ 0.04219101366465544	false	1.0
lutschen	neg 1.0		neg 0.5527120805510468 off 0.40506156076928207 __DUMMY__ 0.04222635867967103	false	1.0
undiszipliniert	neg 1.0		neg 0.548913848296616 off 0.4087246113110808 __DUMMY__ 0.04236154039230307	false	1.0
kopfschmerz	neg 1.0		neg 0.5566831311269966 off 0.40078452617594446 __DUMMY__ 0.04253234269705879	false	1.0
unvorhergesehen	neg 1.0		neg 0.5554528811965106 off 0.4016688966953291 __DUMMY__ 0.042878222108160204	false	1.0
desinteressiert	neg 1.0		neg 0.5502276787583322 off 0.40752351705648215 __DUMMY__ 0.04224880418518547	false	1.0
armselig	off 1.0		neg 0.5497784481773395 off 0.40805968620142336 __DUMMY__ 0.04216186562123705	false	0.5
desaster	neg 1.0		neg 0.5647981126139049 off 0.39282599771253773 __DUMMY__ 0.042375889673557314	false	1.0
tod	neg 1.0		neg 0.5621318027789085 off 0.39564272565275344 __DUMMY__ 0.04222547156833801	false	1.0
herzlos	neg 1.0		neg 0.5472701286679608 off 0.4103541195952938 __DUMMY__ 0.042375751736745425	false	1.0
unwissenheit	neg 1.0		neg 0.560706383665227 off 0.39699536782522765 __DUMMY__ 0.04229824850954519	false	1.0
widersinnig	neg 1.0		neg 0.5611347992434976 off 0.3968058209558467 __DUMMY__ 0.04205937980065571	false	1.0
bedenklich	neg 1.0		neg 0.5608146254539221 off 0.396687572681619 __DUMMY__ 0.042497801864458756	false	1.0
beanstanden	neg 1.0		neg 0.5623167018174792 off 0.39514674131601946 __DUMMY__ 0.042536556866501346	false	1.0
panisch	neg 1.0	neg 1.0	neg 0.7632910495590687 off 0.21616971005778976 __DUMMY__ 0.020539240383141588	false	1.0
debil	off 1.0		neg 0.5647069950175231 off 0.3926674556879534 __DUMMY__ 0.042625549294523384	false	0.5
abstrich	neg 1.0		neg 0.5533302224290232 off 0.40388583349125273 __DUMMY__ 0.04278394407972405	false	1.0
primitiv	neg 1.0		neg 0.5509505042849262 off 0.4068190189701043 __DUMMY__ 0.04223047674496961	false	1.0
abschaum	off 1.0	off 1.0	off 0.6854115336178007 neg 0.2944277550259286 __DUMMY__ 0.02016071135627067	false	1.0
provozieren	neg 1.0		neg 0.5573578291671456 off 0.4003128479427912 __DUMMY__ 0.04232932289006328	false	1.0
tot	neg 1.0		neg 0.5581922069296802 off 0.3994411691258953 __DUMMY__ 0.04236662394442454	false	1.0
instabil	neg 1.0		neg 0.5498058365142598 off 0.4082132932098864 __DUMMY__ 0.04198087027585371	false	1.0
schwuchtel	off 1.0		neg 0.5399204963455642 off 0.41842860771687185 __DUMMY__ 0.041650895937563936	false	0.5
zerren	neg 1.0		neg 0.5571068776698344 off 0.4002541817316375 __DUMMY__ 0.04263894059852813	false	1.0
kinderficker	off 1.0		neg 0.5478828923545401 off 0.4100644202391309 __DUMMY__ 0.042052687406329024	false	0.5
gefahr	neg 1.0		neg 0.5610136863814984 off 0.3966019989067514 __DUMMY__ 0.042384314711750144	false	1.0
rabiat	neg 1.0		neg 0.5563625637133766 off 0.40114453100978065 __DUMMY__ 0.04249290527684271	false	1.0
verlangsamung	neg 1.0		neg 0.5456961581079064 off 0.4124225656437866 __DUMMY__ 0.04188127624830704	false	1.0
ausgestorben	neg 1.0		neg 0.5572771434771139 off 0.40012113951157996 __DUMMY__ 0.042601717011306196	false	1.0
anklagen	neg 1.0		neg 0.558483264469371 off 0.39923979123824743 __DUMMY__ 0.04227694429238164	false	1.0
trott	neg 1.0		neg 0.5553881039820009 off 0.4020172301775761 __DUMMY__ 0.04259466584042287	false	1.0
verminderung	neg 1.0		neg 0.5482946515903125 off 0.40936214519737923 __DUMMY__ 0.042343203212308174	false	1.0
nach			neg 0.561219794128668 off 0.3957635789507512 __DUMMY__ 0.04301662692058088	false	0.0
rost	neg 1.0		neg 0.5436852906459904 off 0.4142419332142124 __DUMMY__ 0.042072776139797374	false	1.0
destruktiv	neg 1.0		neg 0.5593438435063078 off 0.398399430565407 __DUMMY__ 0.0422567259282851	false	1.0
unzumutbarkeit	neg 1.0		neg 0.5482872007814917 off 0.40925996284418426 __DUMMY__ 0.0424528363743239	false	1.0
labil	off 1.0	off 1.0	off 0.6863414627353447 neg 0.2934638308184514 __DUMMY__ 0.020194706446203952	false	1.0
ziemlich	neg 1.0		neg 0.5502672407044508 off 0.40729987370623516 __DUMMY__ 0.042432885589314163	false	1.0
lachnummer	off 1.0		neg 0.5590891711824236 off 0.398625369808102 __DUMMY__ 0.04228545900947444	false	0.5
oder			neg 0.5549368316097043 off 0.4023770673144509 __DUMMY__ 0.042686101075844675	false	0.0
verfall	neg 1.0		neg 0.564923216237287 off 0.39243928487562785 __DUMMY__ 0.04263749888708505	false	1.0
ausgrenzung	neg 1.0		neg 0.5573956233473726 off 0.4005749519006266 __DUMMY__ 0.04202942475200091	false	1.0
unordnung	neg 1.0		neg 0.5479933694676242 off 0.40991932802575587 __DUMMY__ 0.042087302506619906	false	1.0
fehlverhalten	neg 1.0		neg 0.5618414705811281 off 0.39578025631870556 __DUMMY__ 0.042378273100166314	false	1.0
eine			neg 0.5611361795531236 off 0.3961510484834497 __DUMMY__ 0.042712771963426745	false	0.0
nille	neg 1.0		neg 0.5577751891011304 off 0.399961283567576 __DUMMY__ 0.0422635273312937	false	1.0
qual	neg 1.0		neg 0.5556645788656396 off 0.40176342700608253 __DUMMY__ 0.042571994128277835	false	1.0
verschwenden	neg 1.0		neg 0.5603043555057893 off 0.39715080718577955 __DUMMY__ 0.042544837308431095	false	1.0
riesig	neg 1.0		neg 0.5567971292091815 off 0.4006590895688445 __DUMMY__ 0.04254378122197414	false	1.0
verurteilen	neg 1.0		neg 0.5607025877012813 off 0.3970317410711882 __DUMMY__ 0.04226567122753043	false	1.0
klischee	neg 1.0	neg 1.0	neg 0.7653464611208995 off 0.21447466578677873 __DUMMY__ 0.020178873092321765	false	1.0
diktatorisch	neg 1.0		neg 0.5595115288903926 off 0.3985984683454308 __DUMMY__ 0.041890002764176655	false	1.0
vorhersehbar	neg 1.0		neg 0.5564052134913944 off 0.4013990131957212 __DUMMY__ 0.04219577331288442	false	1.0
sowie			neg 0.5469537517843881 off 0.41109989698947663 __DUMMY__ 0.04194635122613534	false	0.0
stornieren	neg 1.0		neg 0.5517018736205762 off 0.4056514716420961 __DUMMY__ 0.04264665473732756	false	1.0
besteuerung	neg 1.0		neg 0.555791654380372 off 0.40188578519003704 __DUMMY__ 0.042322560429590844	false	1.0
ungeschminkt	neg 1.0		neg 0.55041782945074 off 0.4072737488825691 __DUMMY__ 0.042308421666690715	false	1.0
kritisch	neg 1.0		neg 0.5615757991715721 off 0.3960583838398269 __DUMMY__ 0.04236581698860094	false	1.0
schlamperei	off 1.0		neg 0.560759345562233 off 0.3968824800255158 __DUMMY__ 0.04235817441225118	false	0.5
sucht	neg 1.0	neg 1.0	neg 0.762482254330605 off 0.21696958184001525 __DUMMY__ 0.02054816382937971	false	1.0
egoistisch	off 1.0		neg 0.5457558692806207 off 0.41203783467380733 __DUMMY__ 0.042206296045571905	false	0.5
ausbeuter	off 1.0		neg 0.562939914151162 off 0.3947623946700021 __DUMMY__ 0.042297691178836055	false	0.5
arschgeburt	off 1.0		neg 0.5401010524920652 off 0.41824872349209363 __DUMMY__ 0.04165022401584122	false	0.5
schubs	neg 1.0	neg 1.0	neg 0.7662594783123512 off 0.21323367274471958 __DUMMY__ 0.020506848942929277	false	1.0
unsolide	neg 1.0		neg 0.5566225461056045 off 0.4016358464535614 __DUMMY__ 0.041741607440834085	false	1.0
beschwerde	neg 1.0		neg 0.5597902328853923 off 0.397846828682898 __DUMMY__ 0.04236293843170966	false	1.0
stocken	neg 1.0		neg 0.5586910618118945 off 0.3987420808873323 __DUMMY__ 0.04256685730077325	false	1.0
isolieren	neg 1.0		neg 0.5553843324744797 off 0.4019249301372494 __DUMMY__ 0.042690737388270956	false	1.0
unheilbar	neg 1.0		neg 0.5564589295443323 off 0.4011474540138239 __DUMMY__ 0.04239361644184377	false	1.0
pisser	off 1.0		neg 0.5489585102943128 off 0.40896068099196303 __DUMMY__ 0.0420808087137242	false	0.5
löschen	neg 1.0		neg 0.5552322464774203 off 0.4023340521714233 __DUMMY__ 0.042433701351156206	false	1.0
durchfallen	neg 1.0		neg 0.5599179723296888 off 0.3975571513327714 __DUMMY__ 0.04252487633753984	false	1.0
wichser	off 1.0		neg 0.5418073365502597 off 0.4161778831530839 __DUMMY__ 0.04201478029665648	false	0.5
terror	neg 1.0		neg 0.5506540508315204 off 0.4067391366163654 __DUMMY__ 0.04260681255211418	false	1.0
krass	neg 1.0		neg 0.547506893388944 off 0.410216358098928 __DUMMY__ 0.04227674851212806	false	1.0
revolte	neg 1.0	neg 1.0	neg 0.7667532743271853 off 0.21326432592398722 __DUMMY__ 0.019982399748827394	false	1.0
besorgt	neg 1.0		neg 0.5548794308611034 off 0.40221927874860813 __DUMMY__ 0.04290129039028852	false	1.0
nachlassen	neg 1.0		neg 0.5574742949210599 off 0.3998810973302564 __DUMMY__ 0.04264460774868359	false	1.0
alt	neg 1.0		neg 0.5578171278866123 off 0.3993441393116809 __DUMMY__ 0.04283873280170682	false	1.0
hundesohn	off 1.0		neg 0.5442500259909075 off 0.4139314304417722 __DUMMY__ 0.04181854356732016	false	0.5
als			neg 0.5578215512730205 off 0.39951324265091626 __DUMMY__ 0.042665206076063396	false	0.0
abschreckung	neg 1.0		neg 0.5627454899989918 off 0.3948060612803745 __DUMMY__ 0.04244844872063386	false	1.0
unqualifiziert	neg 1.0		neg 0.5554275762880679 off 0.40231533475648207 __DUMMY__ 0.04225708895544998	false	1.0
abgewichst	off 1.0		neg 0.557679277085349 off 0.3998969514158222 __DUMMY__ 0.042423771498828824	false	0.5
schwer	neg 1.0		neg 0.5562877873970377 off 0.4011214568406991 __DUMMY__ 0.04259075576226318	false	1.0
bedeutungslosigkeit	neg 1.0		neg 0.5625473114623625 off 0.39506580728317187 __DUMMY__ 0.04238688125446561	false	1.0
kapitulation	neg 1.0		neg 0.5629422048290891 off 0.39502569338208415 __DUMMY__ 0.04203210178882681	false	1.0
unscharf	neg 1.0		neg 0.5530704178045893 off 0.40449487110542487 __DUMMY__ 0.04243471108998566	false	1.0
schwinden	neg 1.0		neg 0.5607677186905953 off 0.3966858940449535 __DUMMY__ 0.04254638726445123	false	1.0
versklavung	neg 1.0	neg 1.0	neg 0.7673734190683206 off 0.21254692366642017 __DUMMY__ 0.020079657265259353	false	1.0
schlecht	neg 1.0		neg 0.5495712821689396 off 0.4079568892516528 __DUMMY__ 0.042471828579407574	false	1.0
verhasst	neg 1.0		neg 0.5577633537808872 off 0.3999649197409949 __DUMMY__ 0.04227172647811788	false	1.0
beschweren	neg 1.0		neg 0.5542076253923559 off 0.4032546089942826 __DUMMY__ 0.04253776561336136	false	1.0
scheiden	neg 1.0		neg 0.5565557768974608 off 0.4009051806497653 __DUMMY__ 0.04253904245277391	false	1.0
frustriert	neg 1.0		neg 0.557830281451517 off 0.39962986516392507 __DUMMY__ 0.04253985338455791	false	1.0
schimmelig	neg 1.0		neg 0.5599059765468715 off 0.39761944479492706 __DUMMY__ 0.042474578658201555	false	1.0
fisch	neg 1.0	neg 1.0	neg 0.7661579227719713 off 0.2133299490199705 __DUMMY__ 0.020512128208058266	false	1.0
schmuggel	neg 1.0		neg 0.5593988923002479 off 0.39783457386446386 __DUMMY__ 0.04276653383528839	false	1.0
auffallen	neg 1.0		neg 0.5539711645450945 off 0.4035358818488948 __DUMMY__ 0.04249295360601051	false	1.0
konkurrenz	neg 1.0		neg 0.5607696929853303 off 0.3965020372243307 __DUMMY__ 0.04272826979033901	false	1.0
teufelskreis	neg 1.0		neg 0.5584369327953296 off 0.39913593731000874 __DUMMY__ 0.042427129894661596	false	1.0
aufschreien	neg 1.0		neg 0.5555726428973088 off 0.40212710826858966 __DUMMY__ 0.04230024883410161	false	1.0
schuldner	neg 1.0		neg 0.561801990772837 off 0.3958739356143864 __DUMMY__ 0.04232407361277647	false	1.0
missgeburt	off 1.0	off 1.0	off 0.6893119003171239 neg 0.2906110909853716 __DUMMY__ 0.020077008697504676	false	1.0
arbeitslos	neg 1.0		neg 0.5595996584476113 off 0.39797201894084167 __DUMMY__ 0.04242832261154699	false	1.0
befallen	neg 1.0		neg 0.5616514410947746 off 0.3962301719807144 __DUMMY__ 0.04211838692451096	false	1.0
miesepetrig	off 1.0		neg 0.5495701305449997 off 0.4079174112102015 __DUMMY__ 0.042512458244799045	false	0.5
alarmieren	neg 1.0		neg 0.5526381921142052 off 0.4051757123117818 __DUMMY__ 0.04218609557401296	false	1.0
ungeduscht	off 1.0		neg 0.5526809453621655 off 0.40485269006898544 __DUMMY__ 0.04246636456884908	false	0.5
knappheit	neg 1.0		neg 0.5589599606221303 off 0.3986111010146711 __DUMMY__ 0.04242893836319848	false	1.0
schlange	neg 1.0		neg 0.5533262070861665 off 0.40400618078391964 __DUMMY__ 0.04266761212991368	false	1.0
harsch	neg 1.0		neg 0.5433127617129025 off 0.4143372352756052 __DUMMY__ 0.04235000301149223	false	1.0
lang	neg 1.0		neg 0.5546683774812506 off 0.4028380786544867 __DUMMY__ 0.04249354386426256	false	1.0
ziellos	neg 1.0		neg 0.5587854554186295 off 0.39860697861150524 __DUMMY__ 0.04260756596986518	false	1.0
selbstverliebt	neg 1.0		neg 0.5427578699448594 off 0.41551454137988564 __DUMMY__ 0.041727588675254904	false	1.0
beseitigen	neg 1.0		neg 0.5529115729008558 off 0.40436421269429684 __DUMMY__ 0.04272421440484737	false	1.0
dumm	off 1.0		neg 0.5457244616039822 off 0.412170596335213 __DUMMY__ 0.042104942060804645	false	0.5
arbeitsloser	neg 1.0		neg 0.5602813013983934 off 0.3972562637156949 __DUMMY__ 0.04246243488591167	false	1.0
blitzen	neg 1.0		neg 0.5529059578020562 off 0.4047492423975135 __DUMMY__ 0.04234479980043043	false	1.0
hilflos	neg 1.0		neg 0.5580208356174081 off 0.39941210016436074 __DUMMY__ 0.04256706421823126	false	1.0
eklig	off 1.0		neg 0.5453812857961945 off 0.4126096777596054 __DUMMY__ 0.04200903644420013	false	0.5
begriff			neg 0.5585047114187469 off 0.39904651612953446 __DUMMY__ 0.042448772451718644	false	0.0
hungersnot	neg 1.0		neg 0.5604122733577279 off 0.39759157821715363 __DUMMY__ 0.04199614842511847	false	1.0
ungesetzlich	neg 1.0		neg 0.5573520375852905 off 0.4006806527027805 __DUMMY__ 0.04196730971192892	false	1.0
verschwendung	neg 1.0		neg 0.5612213890715883 off 0.396220898869164 __DUMMY__ 0.04255771205924772	false	1.0
schmerzvoll	neg 1.0		neg 0.5543313785799688 off 0.40314298267573007 __DUMMY__ 0.042525638744301035	false	1.0
vorzeitig	neg 1.0		neg 0.5500931795827647 off 0.4074891085324275 __DUMMY__ 0.042417711884807884	false	1.0
unvollkommenheit	neg 1.0		neg 0.5560912294963385 off 0.4014375710659491 __DUMMY__ 0.0424711994377124	false	1.0
intervenieren	neg 1.0		neg 0.5628993385606004 off 0.3948579903257417 __DUMMY__ 0.04224267111365796	false	1.0
banause	off 1.0		neg 0.5442330582412644 off 0.4138342376360762 __DUMMY__ 0.04193270412265959	false	0.5
rebell	neg 1.0		neg 0.5608725887524103 off 0.39644113425442745 __DUMMY__ 0.04268627699316223	false	1.0
unlogisch	neg 1.0		neg 0.5490558750855965 off 0.4087321021805801 __DUMMY__ 0.04221202273382348	false	1.0
leiden	neg 1.0	neg 1.0	neg 0.7662451868822766 off 0.213035802406912 __DUMMY__ 0.020719010710811343	false	1.0
abschaffung	neg 1.0		neg 0.5569111397560571 off 0.40084973929166884 __DUMMY__ 0.042239120952274056	false	1.0
sturz	neg 1.0		neg 0.5566235808312243 off 0.40118629369942177 __DUMMY__ 0.04219012546935404	false	1.0
verkleinerung	neg 1.0		neg 0.554480030489776 off 0.40344299478247436 __DUMMY__ 0.042076974727749676	false	1.0
schmarotzer	off 1.0		neg 0.5610262518574669 off 0.39665695785196964 __DUMMY__ 0.0423167902905635	false	0.5
bestrafung	neg 1.0		neg 0.5558914631174143 off 0.4017270226368067 __DUMMY__ 0.0423815142457789	false	1.0
achtlos	neg 1.0		neg 0.555654800857855 off 0.40168065956995114 __DUMMY__ 0.04266453957219374	false	1.0
ungeheuer	neg 1.0		neg 0.5545195490538469 off 0.40310031940659957 __DUMMY__ 0.0423801315395535	false	1.0
unaufrichtig	neg 1.0		neg 0.5560687365574246 off 0.4018746527108229 __DUMMY__ 0.042056610731752445	false	1.0
groggy	neg 1.0		neg 0.5527365332896301 off 0.4048792500992214 __DUMMY__ 0.04238421661114853	false	1.0
verletzlich	neg 1.0		neg 0.5504050588029945 off 0.4072605494642729 __DUMMY__ 0.042334391732732644	false	1.0
