unsolidarisch	neg 1.0		neg 0.5805596327940293 off 0.4122890213371657 __DUMMY__ 0.007151345868804843	false	1.0
nachteilig	neg 1.0		neg 0.5799535360967577 off 0.4127940117194988 __DUMMY__ 0.007252452183743589	false	1.0
skeptisch	neg 1.0		neg 0.5822102915783504 off 0.4105121387295876 __DUMMY__ 0.007277569692062093	false	1.0
schrecklich	neg 1.0		neg 0.567909696427511 off 0.42487077323780925 __DUMMY__ 0.0072195303346798525	false	1.0
schlapp	neg 1.0		neg 0.5706215086554289 off 0.4221040875731481 __DUMMY__ 0.007274403771422941	false	1.0
abfall	neg 1.0		neg 0.5838590496379021 off 0.40885556124196704 __DUMMY__ 0.007285389120130864	false	1.0
widerspenstig	neg 1.0		neg 0.5754628913460121 off 0.41724435818706906 __DUMMY__ 0.00729275046691887	false	1.0
abrupt	neg 1.0		neg 0.5767960364936195 off 0.41590266524137776 __DUMMY__ 0.007301298265002743	false	1.0
unwirksam	neg 1.0		neg 0.5784434486333774 off 0.41436917222373754 __DUMMY__ 0.007187379142885055	false	1.0
angreifen	neg 1.0		neg 0.5816118713275457 off 0.41113375473685754 __DUMMY__ 0.007254373935596704	false	1.0
inkonsistent	neg 1.0		neg 0.5749930506388249 off 0.4177794369396005 __DUMMY__ 0.007227512421574653	false	1.0
abrutschen	neg 1.0		neg 0.5830165920261664 off 0.4096826352589866 __DUMMY__ 0.007300772714847006	false	1.0
unsicher	neg 1.0		neg 0.5762117519735946 off 0.4165153148627715 __DUMMY__ 0.007272933163633736	false	1.0
bauernkind	off 1.0		neg 0.5664436309971256 off 0.4264023299767611 __DUMMY__ 0.007154039026113303	false	0.5
angreifer	neg 1.0		neg 0.5747806336233914 off 0.41801284276056505 __DUMMY__ 0.007206523616043417	false	1.0
trennen	neg 1.0		neg 0.5791096329317404 off 0.4135629565722203 __DUMMY__ 0.007327410496039173	false	1.0
schmutz	neg 1.0		neg 0.5674424454028584 off 0.4252404628808724 __DUMMY__ 0.007317091716269126	false	1.0
inkonsistenz	neg 1.0	neg 1.0	neg 0.7748235060376351 off 0.22173135363408367 __DUMMY__ 0.0034451403282812505	false	1.0
erschreckend	neg 1.0		neg 0.5788424948509456 off 0.4139109618267955 __DUMMY__ 0.0072465433222588865	false	1.0
ertrinken	neg 1.0		neg 0.5790083323772847 off 0.4136941719070029 __DUMMY__ 0.007297495715712339	false	1.0
pickelface	off 1.0		neg 0.5765873655263651 off 0.41618409981252313 __DUMMY__ 0.0072285346611118935	false	0.5
seiner			neg 0.5810594386621402 off 0.4116689328715205 __DUMMY__ 0.007271628466339383	false	0.0
lauch	neg 1.0		neg 0.5821125687584866 off 0.4106045422812044 __DUMMY__ 0.007282888960309123	false	1.0
unwichtig	neg 1.0		neg 0.5725550764196188 off 0.4202132582188803 __DUMMY__ 0.007231665361500904	false	1.0
steuerhinterziehung	neg 1.0		neg 0.5800801062327304 off 0.4127262804707351 __DUMMY__ 0.007193613296534519	false	1.0
schock	neg 1.0		neg 0.5766546426405663 off 0.41603946633785815 __DUMMY__ 0.007305891021575441	false	1.0
beule	neg 1.0		neg 0.5692324736367227 off 0.4235001764489342 __DUMMY__ 0.007267349914343235	false	1.0
vergelten	neg 1.0		neg 0.5678521860715002 off 0.4249700587422145 __DUMMY__ 0.0071777551862851965	false	1.0
verdorbenheit	neg 1.0		neg 0.5730858225185691 off 0.4196182657429911 __DUMMY__ 0.007295911738439856	false	1.0
trauma	neg 1.0		neg 0.5748216265935409 off 0.41792946435502437 __DUMMY__ 0.007248909051434709	false	1.0
sinnlos	neg 1.0		neg 0.5746172387517889 off 0.4181335082454729 __DUMMY__ 0.007249253002738183	false	1.0
fettsack	off 1.0	off 1.0	off 0.6959673394326062 neg 0.30060589415929606 __DUMMY__ 0.003426766408097616	false	1.0
feige	off 1.0		neg 0.5739618909997761 off 0.41882897729128354 __DUMMY__ 0.007209131708940272	false	0.5
abdanken	neg 1.0		neg 0.5812780788732601 off 0.4115578336597476 __DUMMY__ 0.007164087466992292	false	1.0
wichtigtuer	off 1.0	off 1.0	off 0.6908014076462766 neg 0.3057532290411952 __DUMMY__ 0.003445363312528178	false	1.0
misslingen	neg 1.0		neg 0.5723338619963574 off 0.4203705386145644 __DUMMY__ 0.007295599389078192	false	1.0
untreu	off 1.0		neg 0.5713256315867111 off 0.42143740271144015 __DUMMY__ 0.00723696570184878	false	0.5
missmutig	neg 1.0		neg 0.5716227789685255 off 0.42110799279634875 __DUMMY__ 0.00726922823512574	false	1.0
hurenbock	off 1.0		neg 0.5724235724468808 off 0.4202717936822207 __DUMMY__ 0.007304633870898578	false	0.5
betrunken	neg 1.0		neg 0.5687254732314846 off 0.4240205502995575 __DUMMY__ 0.007253976468957885	false	1.0
korrupt	off 1.0		neg 0.5822943643864821 off 0.41052135455056243 __DUMMY__ 0.007184281062955495	false	0.5
unmut	neg 1.0		neg 0.5834453739304725 off 0.4092823743972901 __DUMMY__ 0.007272251672237467	false	1.0
hackfresse	off 1.0		neg 0.5646805683546776 off 0.42812104727372535 __DUMMY__ 0.0071983843715969715	false	0.5
aufblasen	neg 1.0		neg 0.57388535189138 off 0.4188282352299488 __DUMMY__ 0.0072864128786712	false	1.0
gewaltsam	neg 1.0		neg 0.5775101114536508 off 0.4152881042378153 __DUMMY__ 0.007201784308533951	false	1.0
unbeliebtheit	neg 1.0		neg 0.5748732353203122 off 0.41801372563516953 __DUMMY__ 0.007113039044518314	false	1.0
sturheit	neg 1.0		neg 0.5800708545097448 off 0.4127143162281057 __DUMMY__ 0.007214829262149475	false	1.0
kuh	neg 1.0		neg 0.5760439490892302 off 0.41673715153096763 __DUMMY__ 0.007218899379802117	false	1.0
erschrecken	neg 1.0		neg 0.5722050860070574 off 0.4205305598336423 __DUMMY__ 0.007264354159300375	false	1.0
opfer	neg 1.0	neg 1.0	neg 0.7780307635133995 off 0.21849938699529048 __DUMMY__ 0.0034698494913099286	false	1.0
sinken	neg 1.0		neg 0.5822185546462358 off 0.41050392713674083 __DUMMY__ 0.00727751821702323	false	1.0
stinktier	neg 1.0		neg 0.5686861454536513 off 0.4241274144349639 __DUMMY__ 0.007186440111384982	false	1.0
tucke	off 1.0		neg 0.5632357630101327 off 0.4295521015153418 __DUMMY__ 0.007212135474525542	false	0.5
ein			neg 0.5736455169217903 off 0.4190433120999943 __DUMMY__ 0.007311170978215405	false	0.0
abstieg	neg 1.0		neg 0.579938095868853 off 0.4128360442324277 __DUMMY__ 0.0072258598987191445	false	1.0
missverstehen	neg 1.0		neg 0.5762018400151996 off 0.4165819161291815 __DUMMY__ 0.007216243855618837	false	1.0
ergebnislos	neg 1.0		neg 0.5796644801221769 off 0.41309110428399914 __DUMMY__ 0.007244415593824012	false	1.0
unter			neg 0.5843670582739126 off 0.408265280303457 __DUMMY__ 0.007367661422630474	false	0.0
manipulieren	neg 1.0		neg 0.5819383716790968 off 0.4108088039976776 __DUMMY__ 0.007252824323225609	false	1.0
unbewiesen	neg 1.0		neg 0.5812003018235345 off 0.41165626685564366 __DUMMY__ 0.00714343132082167	false	1.0
verschleppen	neg 1.0		neg 0.5804303706220004 off 0.4123364090546892 __DUMMY__ 0.007233220323310255	false	1.0
weib	off 1.0		neg 0.5640198559968325 off 0.4288024949850436 __DUMMY__ 0.007177649018124029	false	0.5
opposition	neg 1.0		neg 0.577462127772691 off 0.41535582792663295 __DUMMY__ 0.007182044300676146	false	1.0
verkehrswidrig	neg 1.0		neg 0.5653130574006288 off 0.4274550220075316 __DUMMY__ 0.0072319205918396625	false	1.0
inkorrekt	neg 1.0		neg 0.5744667258885252 off 0.41837744108426234 __DUMMY__ 0.007155833027212421	false	1.0
vermeiden	neg 1.0		neg 0.5833849034427888 off 0.40929014383359497 __DUMMY__ 0.007324952723616185	false	1.0
abweichung	neg 1.0		neg 0.5824695286421434 off 0.41034578694851603 __DUMMY__ 0.007184684409340641	false	1.0
alkoholisiert	neg 1.0		neg 0.5781379929605016 off 0.41458299025224155 __DUMMY__ 0.007279016787256851	false	1.0
scheiss	off 1.0	off 1.0	off 0.6943738447486018 neg 0.30216800037503094 __DUMMY__ 0.0034581548763673725	false	1.0
herausforderung	neg 1.0		neg 0.5760118767743211 off 0.4166524383468985 __DUMMY__ 0.007335684878780294	false	1.0
pervers	off 1.0		neg 0.5610484244875004 off 0.43178128657512627 __DUMMY__ 0.007170288937373452	false	0.5
wackelig	neg 1.0		neg 0.5760750294804942 off 0.4165900359327135 __DUMMY__ 0.007334934586792393	false	1.0
verwickeln	neg 1.0		neg 0.5756122737228242 off 0.4171512769131779 __DUMMY__ 0.007236449363997793	false	1.0
vorwand	neg 1.0		neg 0.5831251127262189 off 0.40961744363808883 __DUMMY__ 0.007257443635692274	false	1.0
muschi	off 1.0		neg 0.5773238393138799 off 0.4154507747026442 __DUMMY__ 0.007225385983475875	false	0.5
entmutigung	neg 1.0		neg 0.5800626153082881 off 0.41283034814517744 __DUMMY__ 0.007107036546534506	false	1.0
unangemessen	neg 1.0		neg 0.5813421418461068 off 0.4114425481512194 __DUMMY__ 0.007215310002673695	false	1.0
unstetig	neg 1.0		neg 0.5738476155092748 off 0.41893885212228305 __DUMMY__ 0.0072135323684422116	false	1.0
entmutigen	neg 1.0		neg 0.5752206164540966 off 0.417515960782003 __DUMMY__ 0.007263422763900483	false	1.0
schwanz	neg 1.0		neg 0.5783993335389667 off 0.4143408528818768 __DUMMY__ 0.007259813579156565	false	1.0
verbot	neg 1.0		neg 0.5809142726398691 off 0.4118871198894064 __DUMMY__ 0.0071986074707244534	false	1.0
leid	neg 1.0		neg 0.5663796598031146 off 0.4264102934918442 __DUMMY__ 0.007210046705041238	false	1.0
archaisch	neg 1.0		neg 0.5804078219310784 off 0.41236970599470607 __DUMMY__ 0.007222472074215531	false	1.0
gegen			neg 0.5830695790670603 off 0.4096841845305184 __DUMMY__ 0.007246236402421299	false	0.0
scheidung	neg 1.0	neg 1.0	neg 0.7627879758088434 off 0.23379055687623088 __DUMMY__ 0.00342146731492575	false	1.0
einschlag	neg 1.0		neg 0.5669519000341179 off 0.4258387553391428 __DUMMY__ 0.007209344626739269	false	1.0
m			neg 0.5768991015082556 off 0.41581680363143253 __DUMMY__ 0.00728409486031191	false	0.0
abgestanden	neg 1.0		neg 0.5754669033878844 off 0.4172545339122238 __DUMMY__ 0.007278562699891787	false	1.0
schmierig	off 1.0		neg 0.5667870171513255 off 0.4259823923862659 __DUMMY__ 0.0072305904624086455	false	0.5
unpraktisch	neg 1.0		neg 0.5736017486383672 off 0.4191051324770333 __DUMMY__ 0.007293118884599654	false	1.0
wixxer	off 1.0		neg 0.561968296566977 off 0.43088608327877737 __DUMMY__ 0.007145620154245755	false	0.5
bezeichnet			neg 0.5789422335692075 off 0.4138320415041829 __DUMMY__ 0.007225724926609581	false	0.0
jammerlappen	off 1.0		neg 0.5721974616419112 off 0.42056275023990297 __DUMMY__ 0.0072397881181857976	false	0.5
farce	neg 1.0		neg 0.5828190658730856 off 0.41003413989546716 __DUMMY__ 0.0071467942314470964	false	1.0
zwecklos	neg 1.0		neg 0.5809129956385501 off 0.4118531855028727 __DUMMY__ 0.0072338188585771785	false	1.0
turbulent	neg 1.0		neg 0.5690884163185725 off 0.42371278487294123 __DUMMY__ 0.007198798808486376	false	1.0
invasion	neg 1.0		neg 0.5723011772323576 off 0.4204319399718638 __DUMMY__ 0.007266882795778529	false	1.0
schuld	neg 1.0		neg 0.5764712350304704 off 0.4162861057826632 __DUMMY__ 0.007242659186866431	false	1.0
risiko	neg 1.0		neg 0.5712174821659413 off 0.421497451501894 __DUMMY__ 0.007285066332164614	false	1.0
finster	neg 1.0		neg 0.5745882232692785 off 0.418119447818276 __DUMMY__ 0.007292328912445583	false	1.0
geisteskrank	off 1.0		neg 0.5727043542733484 off 0.4201120582572896 __DUMMY__ 0.007183587469362025	false	0.5
zusammenbrechen	neg 1.0		neg 0.5774363792724936 off 0.41528137552929323 __DUMMY__ 0.007282245198213006	false	1.0
ausbeute	neg 1.0		neg 0.5774791519509155 off 0.4152142037236357 __DUMMY__ 0.00730664432544877	false	1.0
hinterhalt	neg 1.0		neg 0.5754144153005382 off 0.4173371123846637 __DUMMY__ 0.00724847231479818	false	1.0
kritik	neg 1.0		neg 0.5819693127812909 off 0.41086449119613044 __DUMMY__ 0.007166196022578558	false	1.0
einschrumpfen	neg 1.0		neg 0.5752289681193553 off 0.41759399787934126 __DUMMY__ 0.0071770340013034934	false	1.0
riskant	neg 1.0		neg 0.5805759170640032 off 0.4121516730906736 __DUMMY__ 0.007272409845323152	false	1.0
frustrieren	neg 1.0		neg 0.5813792050008387 off 0.4113638723735005 __DUMMY__ 0.007256922625660812	false	1.0
groll	neg 1.0		neg 0.5805111768212773 off 0.4122515055996847 __DUMMY__ 0.007237317579038076	false	1.0
gibt			neg 0.579060760682658 off 0.4136810622932203 __DUMMY__ 0.007258177024121771	false	0.0
qualvoll	neg 1.0		neg 0.5733161744710364 off 0.41941391218410673 __DUMMY__ 0.0072699133448568065	false	1.0
wackeln	neg 1.0		neg 0.5733910413939637 off 0.4192969284189617 __DUMMY__ 0.0073120301870745735	false	1.0
klagen	neg 1.0		neg 0.5835250694593933 off 0.4092250333960504 __DUMMY__ 0.007249897144556344	false	1.0
bankrott	neg 1.0		neg 0.5706589406399061 off 0.42208105235507176 __DUMMY__ 0.007260007005022209	false	1.0
trauern	neg 1.0		neg 0.5802158673906792 off 0.41251181190211644 __DUMMY__ 0.007272320707204317	false	1.0
ablehnung	neg 1.0	neg 1.0	neg 0.7784943194868884 off 0.21807874722387585 __DUMMY__ 0.0034269332892357964	false	1.0
stur	neg 1.0		neg 0.5757601120617681 off 0.41699204030442255 __DUMMY__ 0.007247847633809287	false	1.0
aufruhr	neg 1.0		neg 0.5787421492058183 off 0.4140683699745285 __DUMMY__ 0.0071894808196529955	false	1.0
melancholie	neg 1.0		neg 0.5771931665970572 off 0.4154990389098245 __DUMMY__ 0.007307794493118307	false	1.0
ist			neg 0.5758189908243244 off 0.4169393682904666 __DUMMY__ 0.007241640885208927	false	0.0
torheit	neg 1.0		neg 0.5795126533931776 off 0.4133271442359405 __DUMMY__ 0.007160202370881884	false	1.0
dreckskind	off 1.0		neg 0.5685976015211335 off 0.4242652468924615 __DUMMY__ 0.00713715158640513	false	0.5
umtauschen	neg 1.0		neg 0.5758046603249725 off 0.416908828146803 __DUMMY__ 0.0072865115282245594	false	1.0
zum			neg 0.5805537654211448 off 0.4120738456992204 __DUMMY__ 0.00737238887963478	false	0.0
zersetzen	neg 1.0		neg 0.5825761391293792 off 0.4101716775707602 __DUMMY__ 0.007252183299860725	false	1.0
zur			neg 0.5844701200638426 off 0.40823831843977143 __DUMMY__ 0.007291561496385886	false	0.0
frust	neg 1.0		neg 0.5781763392241245 off 0.41455069941162154 __DUMMY__ 0.007272961364253989	false	1.0
unerbittlichkeit	neg 1.0		neg 0.5821691273346787 off 0.4105916704208945 __DUMMY__ 0.007239202244426572	false	1.0
zwei			neg 0.5800967259288468 off 0.4125637567235595 __DUMMY__ 0.007339517347593821	false	0.0
unkorrekt	neg 1.0		neg 0.5723989554561154 off 0.42042270212783783 __DUMMY__ 0.0071783424160467065	false	1.0
hexe	off 1.0		neg 0.5709369546730018 off 0.4218198082256092 __DUMMY__ 0.007243237101388998	false	0.5
lasch	neg 1.0		neg 0.5749811926180844 off 0.4178073354719077 __DUMMY__ 0.007211471910007859	false	1.0
rivale	neg 1.0		neg 0.5684892401932392 off 0.4243177067843281 __DUMMY__ 0.007193053022432514	false	1.0
mutlos	off 1.0	off 1.0	off 0.6877121661506419 neg 0.3088415280586097 __DUMMY__ 0.0034463057907483845	false	1.0
wirr	off 1.0		neg 0.5704019496383032 off 0.42241850421778115 __DUMMY__ 0.00717954614391578	false	0.5
jahr			neg 0.5785263894648918 off 0.41415848962018625 __DUMMY__ 0.007315120914922047	false	0.0
wird			neg 0.5801399470138234 off 0.41259341986493614 __DUMMY__ 0.007266633121240368	false	0.0
strafbar	neg 1.0		neg 0.5826563091502397 off 0.4101250259268479 __DUMMY__ 0.007218664922912265	false	1.0
erosion	neg 1.0		neg 0.5734888463829947 off 0.4192287257981464 __DUMMY__ 0.007282427818858851	false	1.0
eingehen	neg 1.0		neg 0.5809175325226047 off 0.41183960269224346 __DUMMY__ 0.007242864785151953	false	1.0
faul	off 1.0		neg 0.57035116858816 off 0.422364485142041 __DUMMY__ 0.007284346269799013	false	0.5
provisorium	neg 1.0		neg 0.5860979185592426 off 0.40655913774866254 __DUMMY__ 0.007342943692094943	false	1.0
schmerzen	neg 1.0		neg 0.5768573521820946 off 0.4158598346033543 __DUMMY__ 0.007282813214551123	false	1.0
schrumpfen	neg 1.0		neg 0.5843433195850928 off 0.4083531682501763 __DUMMY__ 0.007303512164730843	false	1.0
geistlos	off 1.0		neg 0.5783354976402155 off 0.4145174476902602 __DUMMY__ 0.007147054669524259	false	0.5
fehlkauf	neg 1.0		neg 0.5743289592041959 off 0.41844385042472154 __DUMMY__ 0.007227190371082449	false	1.0
frustrierend	neg 1.0	neg 1.0	neg 0.7739030039274969 off 0.22263143033839447 __DUMMY__ 0.0034655657341086843	false	1.0
unzufrieden	neg 1.0		neg 0.5800278774744959 off 0.4127200502536532 __DUMMY__ 0.0072520722718508995	false	1.0
verzweifeln	neg 1.0		neg 0.5771337962024832 off 0.4155969088706126 __DUMMY__ 0.007269294926904099	false	1.0
verzweifelt	neg 1.0		neg 0.5757330563432007 off 0.41701611139082634 __DUMMY__ 0.007250832265973108	false	1.0
misstrauensantrag	neg 1.0		neg 0.5751499504314869 off 0.41764056569001706 __DUMMY__ 0.007209483878496063	false	1.0
abfallen	neg 1.0		neg 0.5730419187428202 off 0.4196418593827818 __DUMMY__ 0.007316221874398015	false	1.0
fucker	off 1.0		neg 0.5694737819397836 off 0.4233205424219551 __DUMMY__ 0.007205675638261388	false	0.5
ungezogen	neg 1.0		neg 0.5627300449293283 off 0.43007093409389835 __DUMMY__ 0.007199020976773257	false	1.0
irrsinnig	neg 1.0	neg 1.0	neg 0.776173871256254 off 0.22037243633826406 __DUMMY__ 0.003453692405481873	false	1.0
unfassbar	neg 1.0		neg 0.5717726740534034 off 0.420991610662179 __DUMMY__ 0.007235715284417584	false	1.0
hart	neg 1.0		neg 0.5724730700378979 off 0.42031845543557994 __DUMMY__ 0.007208474526522047	false	1.0
widerlich	off 1.0		neg 0.5717603039873091 off 0.4210271863376771 __DUMMY__ 0.007212509675013808	false	0.5
fatal	neg 1.0		neg 0.574190700484785 off 0.4185754210219804 __DUMMY__ 0.007233878493234635	false	1.0
bruch	neg 1.0		neg 0.5851562207142105 off 0.4076161544604072 __DUMMY__ 0.007227624825382356	false	1.0
aushungern	neg 1.0		neg 0.5790807161663036 off 0.4137269155385967 __DUMMY__ 0.007192368295099578	false	1.0
anspannung	neg 1.0		neg 0.5823020774902634 off 0.4103838373088705 __DUMMY__ 0.007314085200866042	false	1.0
von			neg 0.5794879345872079 off 0.4131944999159398 __DUMMY__ 0.007317565496852226	false	0.0
kraftlos	neg 1.0		neg 0.5773278148688138 off 0.4153545054565488 __DUMMY__ 0.007317679674637293	false	1.0
vom			neg 0.5838260824856024 off 0.4088130558697374 __DUMMY__ 0.007360861644660226	false	0.0
grenzdebil	off 1.0		neg 0.5698067847082278 off 0.4229446670872673 __DUMMY__ 0.007248548204504879	false	0.5
vor			neg 0.5815646340651031 off 0.41113229559785813 __DUMMY__ 0.007303070337038845	false	0.0
unterwerfen	neg 1.0		neg 0.581353224383629 off 0.41140546840436415 __DUMMY__ 0.007241307212006897	false	1.0
versenkung	neg 1.0		neg 0.5810137745908459 off 0.41172404392946915 __DUMMY__ 0.007262181479685169	false	1.0
entziehen	neg 1.0		neg 0.5836629164684426 off 0.4090763804930839 __DUMMY__ 0.00726070303847344	false	1.0
finanzkrise	neg 1.0		neg 0.579938476179481 off 0.4128799527348165 __DUMMY__ 0.007181571085702389	false	1.0
schimpfend	neg 1.0		neg 0.571405075806074 off 0.4212657027439804 __DUMMY__ 0.007329221449945379	false	1.0
profan	neg 1.0		neg 0.5746878640726232 off 0.41806401466418136 __DUMMY__ 0.007248121263195346	false	1.0
korruption	neg 1.0		neg 0.5818642747567544 off 0.4109459566736216 __DUMMY__ 0.007189768569624039	false	1.0
â			neg 0.5780720833408552 off 0.41464658123778164 __DUMMY__ 0.007281335421362941	false	0.0
schmutzig	neg 1.0		neg 0.5689428861519967 off 0.42377654584349367 __DUMMY__ 0.007280568004509648	false	1.0
sexy	neg 1.0		neg 0.5718608964892811 off 0.4208899946062648 __DUMMY__ 0.00724910890445428	false	1.0
abraten	neg 1.0		neg 0.5743712723205285 off 0.4183528615245621 __DUMMY__ 0.0072758661549093785	false	1.0
schwarz	neg 1.0		neg 0.574955882926825 off 0.4178043653425559 __DUMMY__ 0.0072397517306191745	false	1.0
fotze	off 1.0		neg 0.5790552711019386 off 0.41370960423594755 __DUMMY__ 0.007235124662113846	false	0.5
verwirren	neg 1.0		neg 0.5736310868481508 off 0.41911930913895196 __DUMMY__ 0.0072496040128972985	false	1.0
zahnlos	off 1.0		neg 0.580531046267666 off 0.41223631695129076 __DUMMY__ 0.007232636781043145	false	0.5
verheeren	neg 1.0		neg 0.5626630427296417 off 0.43019260510245977 __DUMMY__ 0.007144352167898453	false	1.0
hippie	neg 1.0		neg 0.5724386617854454 off 0.4203187571145108 __DUMMY__ 0.00724258110004382	false	1.0
rammen	neg 1.0		neg 0.5728382824014595 off 0.4199018917197006 __DUMMY__ 0.007259825878839739	false	1.0
unlauter	neg 1.0	neg 1.0	neg 0.7752850636798779 off 0.2212707991635411 __DUMMY__ 0.0034441371565809074	false	1.0
unheilvoll	neg 1.0		neg 0.5736499000688224 off 0.4190795310668407 __DUMMY__ 0.007270568864336829	false	1.0
niedrig	neg 1.0		neg 0.5799594016055252 off 0.41279193171457235 __DUMMY__ 0.007248666679902531	false	1.0
explosion	neg 1.0		neg 0.5722059997448665 off 0.42053326017011117 __DUMMY__ 0.007260740085022403	false	1.0
weichei	off 1.0		neg 0.5659394530859171 off 0.42685948822774694 __DUMMY__ 0.0072010586863359	false	0.5
minusmensch	off 1.0		neg 0.5640217609197729 off 0.428857225444795 __DUMMY__ 0.007121013635432191	false	0.5
farblos	neg 1.0		neg 0.5758492791771893 off 0.4169106517853233 __DUMMY__ 0.007240069037487273	false	1.0
unwissend	neg 1.0	neg 1.0	neg 0.7737613439058352 off 0.22279224930221786 __DUMMY__ 0.003446406791946998	false	1.0
traurig	neg 1.0		neg 0.568189701066607 off 0.42457015032475587 __DUMMY__ 0.007240148608637038	false	1.0
senkung	neg 1.0		neg 0.5739306708585222 off 0.41884396979064353 __DUMMY__ 0.007225359350834253	false	1.0
ungleich	neg 1.0	neg 1.0	neg 0.778950090557671 off 0.21759761862238136 __DUMMY__ 0.0034522908199476803	false	1.0
heikel	neg 1.0		neg 0.5822419924435202 off 0.4104972859184075 __DUMMY__ 0.0072607216380724225	false	1.0
drosselung	neg 1.0		neg 0.5671985926570962 off 0.42555294538280025 __DUMMY__ 0.007248461960103653	false	1.0
falsch	neg 1.0		neg 0.5728832078225152 off 0.4198770273241754 __DUMMY__ 0.007239764853309275	false	1.0
unzufriedenheit	neg 1.0		neg 0.5828344456923509 off 0.4099132269008882 __DUMMY__ 0.0072523274067609785	false	1.0
kurz	neg 1.0		neg 0.5763045222371538 off 0.4163854553073824 __DUMMY__ 0.007310022455463899	false	1.0
unsinnig	neg 1.0		neg 0.5797286997566155 off 0.4130259435824797 __DUMMY__ 0.007245356660904931	false	1.0
penner	off 1.0	off 1.0	off 0.6975537639783576 neg 0.2990065375849191 __DUMMY__ 0.0034396984367233816	false	1.0
seicht	neg 1.0		neg 0.5652733130923472 off 0.42757352456199843 __DUMMY__ 0.00715316234565431	false	1.0
dummheit	off 1.0	off 1.0	off 0.691139694315664 neg 0.3054172785844997 __DUMMY__ 0.003443027099836407	false	1.0
unerfreulich	neg 1.0		neg 0.5823496356007775 off 0.4103761984780678 __DUMMY__ 0.007274165921154795	false	1.0
motherfucker	off 1.0	off 1.0	off 0.6945433124124838 neg 0.30201634510502756 __DUMMY__ 0.0034403424824887116	false	1.0
pikiert	neg 1.0		neg 0.5729589929378802 off 0.41982208350760175 __DUMMY__ 0.007218923554518032	false	1.0
wrack	neg 1.0		neg 0.5772285521766609 off 0.41548156182020446 __DUMMY__ 0.0072898860031345115	false	1.0
gangster	neg 1.0		neg 0.5733578358120764 off 0.4193988203761691 __DUMMY__ 0.007243343811754608	false	1.0
krank	neg 1.0		neg 0.5690042184259652 off 0.4237271843660465 __DUMMY__ 0.007268597207988308	false	1.0
reich	neg 1.0		neg 0.5755136021749775 off 0.41735814836491536 __DUMMY__ 0.007128249460107153	false	1.0
gnadenlos	neg 1.0		neg 0.5758891618858423 off 0.41685939601699734 __DUMMY__ 0.007251442097160227	false	1.0
niedergeschlagen	neg 1.0		neg 0.577737961508141 off 0.4149883298361092 __DUMMY__ 0.007273708655749735	false	1.0
terrorisieren	off 1.0	off 1.0	off 0.688715024567373 neg 0.30781142774482406 __DUMMY__ 0.003473547687802989	false	1.0
sinnlosigkeit	neg 1.0		neg 0.5803274977752063 off 0.41243627716453424 __DUMMY__ 0.007236225060259401	false	1.0
behindern	neg 1.0		neg 0.5754878146812785 off 0.41722844502747014 __DUMMY__ 0.0072837402912513125	false	1.0
undemokratisch	neg 1.0		neg 0.5785300489371739 off 0.4142967414607401 __DUMMY__ 0.007173209602085981	false	1.0
wirtschaftskrise	neg 1.0		neg 0.5809516174689049 off 0.4118378810419957 __DUMMY__ 0.007210501489099287	false	1.0
neid	neg 1.0		neg 0.571746979283618 off 0.4209779509893942 __DUMMY__ 0.007275069726987779	false	1.0
rutschen	neg 1.0		neg 0.5801602412804496 off 0.4124628004875803 __DUMMY__ 0.007376958231970161	false	1.0
rezession	neg 1.0		neg 0.569583911278364 off 0.423263131578529 __DUMMY__ 0.007152957143106904	false	1.0
fehlgeburt	neg 1.0		neg 0.5762302536066716 off 0.41652546490679293 __DUMMY__ 0.007244281486535515	false	1.0
charakterschwach	off 1.0		neg 0.5718155037120545 off 0.42096886772282244 __DUMMY__ 0.007215628565123076	false	0.5
isolation	neg 1.0		neg 0.5707502960484193 off 0.42200242030220725 __DUMMY__ 0.007247283649373543	false	1.0
ablenkung	neg 1.0		neg 0.575487084266945 off 0.41723415413665366 __DUMMY__ 0.007278761596401439	false	1.0
pech	neg 1.0		neg 0.5733460584948405 off 0.41940434980972896 __DUMMY__ 0.007249591695430526	false	1.0
vermeidung	neg 1.0		neg 0.5683528539481134 off 0.42439093432517977 __DUMMY__ 0.007256211726706792	false	1.0
dominieren	neg 1.0		neg 0.5781611539933389 off 0.41458662965355303 __DUMMY__ 0.007252216353108055	false	1.0
schwindlig	neg 1.0		neg 0.5718861111757786 off 0.4208239006392487 __DUMMY__ 0.007289988184972756	false	1.0
lutscher	neg 1.0		neg 0.5639334792213507 off 0.42890791462980915 __DUMMY__ 0.0071586061488401395	false	1.0
pflicht	neg 1.0		neg 0.582707819794938 off 0.4100367762646841 __DUMMY__ 0.00725540394037793	false	1.0
faschist	off 1.0		neg 0.5776768919533674 off 0.4151566742175464 __DUMMY__ 0.007166433829086415	false	0.5
verschleudern	neg 1.0		neg 0.581305100115139 off 0.41147650988089285 __DUMMY__ 0.0072183900039679665	false	1.0
wenn			neg 0.5725588942897631 off 0.4201941055251936 __DUMMY__ 0.00724700018504317	false	0.0
ehebruch	neg 1.0		neg 0.5815509950541453 off 0.4112228365766251 __DUMMY__ 0.00722616836922945	false	1.0
spott	off 1.0		neg 0.5821864149037714 off 0.4105843114088662 __DUMMY__ 0.007229273687362446	false	0.5
trostlosigkeit	neg 1.0		neg 0.5848770840271242 off 0.4079214021237303 __DUMMY__ 0.007201513849145602	false	1.0
lutschen	neg 1.0		neg 0.5730566293413498 off 0.41973584734722136 __DUMMY__ 0.007207523311428949	false	1.0
undiszipliniert	neg 1.0		neg 0.5693039080397156 off 0.42346534477876113 __DUMMY__ 0.007230747181523201	false	1.0
kopfschmerz	neg 1.0		neg 0.5771854854096525 off 0.41555454441764184 __DUMMY__ 0.007259970172705736	false	1.0
unvorhergesehen	neg 1.0		neg 0.5761210419928775 off 0.41655972249394346 __DUMMY__ 0.007319235513179038	false	1.0
desinteressiert	neg 1.0		neg 0.5705701999027364 off 0.42221833357450783 __DUMMY__ 0.007211466522755662	false	1.0
armselig	off 1.0		neg 0.5700792345585809 off 0.4227241974456686 __DUMMY__ 0.007196567995750467	false	0.5
desaster	neg 1.0		neg 0.5852735161703746 off 0.4074932759976292 __DUMMY__ 0.007233207831996207	false	1.0
tod	neg 1.0		neg 0.5825131640742598 off 0.41027954614167694 __DUMMY__ 0.007207289784063296	false	1.0
herzlos	neg 1.0		neg 0.5676620335145418 off 0.4251047534338475 __DUMMY__ 0.0072332130516106164	false	1.0
unwissenheit	neg 1.0		neg 0.5811253901023821 off 0.411654689909355 __DUMMY__ 0.007219919988262981	false	1.0
widersinnig	neg 1.0		neg 0.5814414973678322 off 0.41137954484563377 __DUMMY__ 0.007178957786533968	false	1.0
bedenklich	neg 1.0		neg 0.5813291626424422 off 0.4114166923884285 __DUMMY__ 0.007254144969129456	false	1.0
beanstanden	neg 1.0		neg 0.5828587266047355 off 0.40988052274440584 __DUMMY__ 0.007260750650858808	false	1.0
panisch	neg 1.0	neg 1.0	neg 0.7731939085740963 off 0.22330476494772317 __DUMMY__ 0.0035013264781804943	false	1.0
debil	off 1.0		neg 0.585296118677939 off 0.40742794650702663 __DUMMY__ 0.007275934815034498	false	0.5
abstrich	neg 1.0		neg 0.573937552937776 off 0.41875956620148047 __DUMMY__ 0.0073028808607434595	false	1.0
primitiv	neg 1.0		neg 0.5712897168618287 off 0.42150196157746206 __DUMMY__ 0.007208321560709381	false	1.0
abschaum	off 1.0	off 1.0	off 0.6924106274888572 neg 0.30415267873457363 __DUMMY__ 0.0034366937765692653	false	1.0
provozieren	neg 1.0		neg 0.5777743007130187 off 0.4150004142905096 __DUMMY__ 0.00722528499647156	false	1.0
tot	neg 1.0		neg 0.5786227059689317 off 0.41414584512036734 __DUMMY__ 0.00723144891070101	false	1.0
instabil	neg 1.0		neg 0.5700164237353679 off 0.42281817395247623 __DUMMY__ 0.007165402312155831	false	1.0
schwuchtel	off 1.0		neg 0.5599287225109474 off 0.4329623315306819 __DUMMY__ 0.007108945958370697	false	0.5
zerren	neg 1.0		neg 0.5776714504469076 off 0.4150502114268986 __DUMMY__ 0.007278338126193694	false	1.0
kinderficker	off 1.0		neg 0.5681250880215267 off 0.4246971430976897 __DUMMY__ 0.00717776888078372	false	0.5
gefahr	neg 1.0		neg 0.5814775879346185 off 0.4112877954652394 __DUMMY__ 0.007234616600142092	false	1.0
rabiat	neg 1.0		neg 0.5768534894810172 off 0.41589322013903895 __DUMMY__ 0.007253290379943663	false	1.0
verlangsamung	neg 1.0		neg 0.5658414099223597 off 0.4270102309781836 __DUMMY__ 0.0071483590994566104	false	1.0
ausgestorben	neg 1.0		neg 0.5778236425230784 off 0.4149044096650542 __DUMMY__ 0.007271947811867472	false	1.0
anklagen	neg 1.0		neg 0.5788832837986929 off 0.41390052723844667 __DUMMY__ 0.00721618896286036	false	1.0
trott	neg 1.0		neg 0.5759208054413313 off 0.4168084242159622 __DUMMY__ 0.007270770342706448	false	1.0
verminderung	neg 1.0		neg 0.5686712629969024 off 0.4241011442034885 __DUMMY__ 0.007227592799609102	false	1.0
nach			neg 0.5819842140956631 off 0.4106727799893389 __DUMMY__ 0.007343005914998096	false	0.0
rost	neg 1.0		neg 0.5639157421690213 off 0.42890313667965785 __DUMMY__ 0.007181121151320731	false	1.0
destruktiv	neg 1.0		neg 0.5797353577433474 off 0.41305183401617596 __DUMMY__ 0.007212808240476624	false	1.0
unzumutbarkeit	neg 1.0		neg 0.5687207044226733 off 0.4240329880282416 __DUMMY__ 0.007246307549085126	false	1.0
labil	off 1.0	off 1.0	off 0.6933538448573277 neg 0.30320364840193315 __DUMMY__ 0.003442506740739254	false	1.0
ziemlich	neg 1.0		neg 0.5706984730562747 off 0.4220585126162377 __DUMMY__ 0.007243014327487545	false	1.0
lachnummer	off 1.0		neg 0.5794948281284682 off 0.4132874237023221 __DUMMY__ 0.007217748169209579	false	0.5
oder			neg 0.575510164691974 off 0.4172034272055486 __DUMMY__ 0.00728640810247739	false	0.0
verfall	neg 1.0		neg 0.5855251692053646 off 0.40719679702399014 __DUMMY__ 0.007278033770645193	false	1.0
ausgrenzung	neg 1.0		neg 0.5776716052139248 off 0.4151545977035029 __DUMMY__ 0.007173797082572343	false	1.0
unordnung	neg 1.0		neg 0.5682472558454452 off 0.4245691666987246 __DUMMY__ 0.0071835774558302295	false	1.0
fehlverhalten	neg 1.0		neg 0.5823064659416448 off 0.4104599018321703 __DUMMY__ 0.0072336322261850345	false	1.0
eine			neg 0.5817531439135339 off 0.4109558711978093 __DUMMY__ 0.0072909848886566694	false	0.0
nille	neg 1.0		neg 0.5781620767910309 off 0.4146239584144278 __DUMMY__ 0.007213964794541367	false	1.0
qual	neg 1.0		neg 0.5761882852150976 off 0.4165448302744704 __DUMMY__ 0.007266884510432023	false	1.0
verschwenden	neg 1.0		neg 0.5808361267664831 off 0.41190166885874385 __DUMMY__ 0.007262204374772851	false	1.0
riesig	neg 1.0		neg 0.5773132110939646 off 0.4154248951133644 __DUMMY__ 0.0072618937926710704	false	1.0
verurteilen	neg 1.0		neg 0.5811080123724737 off 0.4116776715574697 __DUMMY__ 0.007214316070056538	false	1.0
klischee	neg 1.0	neg 1.0	neg 0.7750788805235418 off 0.22148130855997877 __DUMMY__ 0.0034398109164793847	false	1.0
diktatorisch	neg 1.0		neg 0.5797300059122432 off 0.41312009062384675 __DUMMY__ 0.00714990346391006	false	1.0
vorhersehbar	neg 1.0		neg 0.5767517711035144 off 0.4160458477196967 __DUMMY__ 0.007202381176788957	false	1.0
sowie			neg 0.5671352492369232 off 0.4257051552635109 __DUMMY__ 0.007159595499565919	false	0.0
stornieren	neg 1.0		neg 0.5722443678003878 off 0.42047613448576715 __DUMMY__ 0.007279497713845097	false	1.0
besteuerung	neg 1.0		neg 0.5761926561484977 off 0.4165833159081844 __DUMMY__ 0.007224027943317908	false	1.0
ungeschminkt	neg 1.0		neg 0.5707842531472664 off 0.421994144416185 __DUMMY__ 0.007221602436548469	false	1.0
kritisch	neg 1.0		neg 0.582031614201054 off 0.41073687239216 __DUMMY__ 0.007231513406786105	false	1.0
schlamperei	off 1.0		neg 0.581209595000719 off 0.41156028535788414 __DUMMY__ 0.00723011964139682	false	0.5
sucht	neg 1.0	neg 1.0	neg 0.7723905428230956 off 0.22410667680916424 __DUMMY__ 0.003502780367740103	false	1.0
egoistisch	off 1.0		neg 0.5660591983941152 off 0.4267366567130429 __DUMMY__ 0.007204144892842059	false	0.5
ausbeuter	off 1.0		neg 0.5833703065332639 off 0.40940988063120615 __DUMMY__ 0.007219812835529978	false	0.5
arschgeburt	off 1.0		neg 0.5601117783424123 off 0.43277941256305763 __DUMMY__ 0.007108809094529893	false	0.5
schubs	neg 1.0	neg 1.0	neg 0.7761473017674639 off 0.22035693196938472 __DUMMY__ 0.0034957662631513124	false	1.0
unsolide	neg 1.0		neg 0.5767544279831481 off 0.4161211256905736 __DUMMY__ 0.007124446326278328	false	1.0
beschwerde	neg 1.0		neg 0.5802372234226753 off 0.41253184467719317 __DUMMY__ 0.0072309319001316345	false	1.0
stocken	neg 1.0		neg 0.579230063849271 off 0.4135040507866328 __DUMMY__ 0.007265885364096173	false	1.0
isolieren	neg 1.0		neg 0.5759721013364895 off 0.4167408226531875 __DUMMY__ 0.007287076010322887	false	1.0
unheilbar	neg 1.0		neg 0.576905020128383 off 0.41585875127606114 __DUMMY__ 0.0072362285955557375	false	1.0
pisser	off 1.0		neg 0.5692153255984426 off 0.423602102418534 __DUMMY__ 0.007182571983023512	false	0.5
löschen	neg 1.0		neg 0.5756880907475549 off 0.41706874286662016 __DUMMY__ 0.007243166385824951	false	1.0
durchfallen	neg 1.0		neg 0.5804409580667329 off 0.4123002710746263 __DUMMY__ 0.0072587708586408645	false	1.0
wichser	off 1.0		neg 0.5619980433869608 off 0.430830619044711 __DUMMY__ 0.00717133756832836	false	0.5
terror	neg 1.0		neg 0.5711699826703458 off 0.4215572184590257 __DUMMY__ 0.007272798870628445	false	1.0
krass	neg 1.0		neg 0.5678457307852074 off 0.4249380838179354 __DUMMY__ 0.007216185396857168	false	1.0
revolte	neg 1.0	neg 1.0	neg 0.7763943159783757 off 0.2201994597382553 __DUMMY__ 0.003406224283369042	false	1.0
besorgt	neg 1.0		neg 0.5755625118052071 off 0.4171142664481663 __DUMMY__ 0.007323221746626576	false	1.0
nachlassen	neg 1.0		neg 0.5780424571849052 off 0.4146783416470636 __DUMMY__ 0.0072792011680313596	false	1.0
alt	neg 1.0		neg 0.5784740664187056 off 0.41421355375865654 __DUMMY__ 0.007312379822637882	false	1.0
hundesohn	off 1.0		neg 0.564362112827649 off 0.42850024183549756 __DUMMY__ 0.007137645336853454	false	0.5
als			neg 0.5784021482055026 off 0.41431504142254216 __DUMMY__ 0.007282810371955244	false	0.0
abschreckung	neg 1.0		neg 0.5832490421177651 off 0.40950533234978026 __DUMMY__ 0.007245625532454643	false	1.0
unqualifiziert	neg 1.0		neg 0.5758025681241189 off 0.41698458098525665 __DUMMY__ 0.007212850890624415	false	1.0
abgewichst	off 1.0		neg 0.5781414173117688 off 0.4146171509932809 __DUMMY__ 0.007241431694950195	false	0.5
schwer	neg 1.0		neg 0.5768244570053219 off 0.41590545535520645 __DUMMY__ 0.007270087639471626	false	1.0
bedeutungslosigkeit	neg 1.0		neg 0.583018606197007 off 0.40974627803423613 __DUMMY__ 0.00723511576875674	false	1.0
kapitulation	neg 1.0		neg 0.5832437902990465 off 0.4095819362353042 __DUMMY__ 0.007174273465649409	false	1.0
unscharf	neg 1.0		neg 0.5735084716989908 off 0.4192483159713153 __DUMMY__ 0.007243212329693897	false	1.0
schwinden	neg 1.0		neg 0.581306707909936 off 0.4114309089142672 __DUMMY__ 0.007262383175796757	false	1.0
versklavung	neg 1.0	neg 1.0	neg 0.7770624344209855 off 0.2195147355077957 __DUMMY__ 0.003422830071218677	false	1.0
schlecht	neg 1.0		neg 0.5700200051590685 off 0.4227303006773425 __DUMMY__ 0.007249694163588967	false	1.0
verhasst	neg 1.0		neg 0.578154003215655 off 0.4146305990178841 __DUMMY__ 0.0072153977664608905	false	1.0
beschweren	neg 1.0		neg 0.5747098354557677 off 0.4180291595306455 __DUMMY__ 0.007261005013586906	false	1.0
scheiden	neg 1.0		neg 0.577063109231917 off 0.415675843918769 __DUMMY__ 0.007261046849314188	false	1.0
frustriert	neg 1.0		neg 0.5783502679331071 off 0.4143883599729721 __DUMMY__ 0.0072613720939208514	false	1.0
schimmelig	neg 1.0		neg 0.5803920484876774 off 0.4123579455144916 __DUMMY__ 0.007250005997830918	false	1.0
fisch	neg 1.0	neg 1.0	neg 0.7760493280900872 off 0.2204540425282355 __DUMMY__ 0.0034966293816772716	false	1.0
schmuggel	neg 1.0		neg 0.5800385391283096 off 0.4126614555312069 __DUMMY__ 0.007300005340483451	false	1.0
auffallen	neg 1.0		neg 0.5744493219213404 off 0.4182973564387835 __DUMMY__ 0.0072533216398761174	false	1.0
konkurrenz	neg 1.0		neg 0.5813985576304175 off 0.41130788905407006 __DUMMY__ 0.0072935533155123996	false	1.0
teufelskreis	neg 1.0		neg 0.578905427768057 off 0.4138525307971149 __DUMMY__ 0.0072420414348281295	false	1.0
aufschreien	neg 1.0		neg 0.5759651804797521 off 0.41681451728668234 __DUMMY__ 0.007220302233565506	false	1.0
schuldner	neg 1.0		neg 0.5822384208890606 off 0.4105372964813563 __DUMMY__ 0.007224282629583083	false	1.0
missgeburt	off 1.0	off 1.0	off 0.6962881839218513 neg 0.3002894598441412 __DUMMY__ 0.0034223562340075196	false	1.0
arbeitslos	neg 1.0		neg 0.5800755960260365 off 0.4126821568818608 __DUMMY__ 0.00724224709210273	false	1.0
befallen	neg 1.0		neg 0.5819830940118849 off 0.4108279217911171 __DUMMY__ 0.00718898419699807	false	1.0
miesepetrig	off 1.0		neg 0.5700334003747621 off 0.4227099995551211 __DUMMY__ 0.007256600070116661	false	0.5
alarmieren	neg 1.0		neg 0.5729664782547254 off 0.4198329074616046 __DUMMY__ 0.007200614283669886	false	1.0
ungeduscht	off 1.0		neg 0.5731308554664963 off 0.4196204668824795 __DUMMY__ 0.00724867765102437	false	0.5
knappheit	neg 1.0		neg 0.5794330401864628 off 0.41332472819002775 __DUMMY__ 0.0072422316235092946	false	1.0
schlange	neg 1.0		neg 0.5738837095695644 off 0.41883306556671535 __DUMMY__ 0.007283224863720241	false	1.0
harsch	neg 1.0		neg 0.5636725202345018 off 0.4290987587704743 __DUMMY__ 0.007228720995023919	false	1.0
lang	neg 1.0		neg 0.5751503200643372 off 0.41759624604676837 __DUMMY__ 0.007253433888894393	false	1.0
ziellos	neg 1.0		neg 0.5793406834109287 off 0.4133863605454614 __DUMMY__ 0.007272956043609935	false	1.0
selbstverliebt	neg 1.0		neg 0.5628144700704985 off 0.4300634106805256 __DUMMY__ 0.007122119248975942	false	1.0
beseitigen	neg 1.0		neg 0.5735010847479256 off 0.4192061255606964 __DUMMY__ 0.007292789691377923	false	1.0
dumm	off 1.0		neg 0.5659763338046642 off 0.42683686570687296 __DUMMY__ 0.0071868004884627894	false	0.5
arbeitsloser	neg 1.0		neg 0.580779391677452 off 0.4119725830323096 __DUMMY__ 0.00724802529023847	false	1.0
blitzen	neg 1.0		neg 0.5733095413102032 off 0.4194625510660466 __DUMMY__ 0.007227907623750206	false	1.0
hilflos	neg 1.0		neg 0.5785542121136323 off 0.41417976396613565 __DUMMY__ 0.007266023920231995	false	1.0
eklig	off 1.0		neg 0.5655823233458207 off 0.42724733000923265 __DUMMY__ 0.007170346644946552	false	0.5
begriff			neg 0.578985759876386 off 0.4137685228162397 __DUMMY__ 0.007245717307374446	false	0.0
hungersnot	neg 1.0		neg 0.5806820820062666 off 0.41214985242961183 __DUMMY__ 0.007168065564121636	false	1.0
ungesetzlich	neg 1.0		neg 0.5776010008182777 off 0.41523584677832953 __DUMMY__ 0.00716315240339279	false	1.0
verschwendung	neg 1.0		neg 0.5817659550954221 off 0.4109696272707192 __DUMMY__ 0.00726441763385881	false	1.0
schmerzvoll	neg 1.0		neg 0.5748270385292333 off 0.4179140359343049 __DUMMY__ 0.007258925536461696	false	1.0
vorzeitig	neg 1.0		neg 0.5705195931706474 off 0.42224013018191087 __DUMMY__ 0.007240276647441782	false	1.0
unvollkommenheit	neg 1.0		neg 0.5765707290986472 off 0.416179831427418 __DUMMY__ 0.0072494394739348565	false	1.0
intervenieren	neg 1.0		neg 0.5833029039081178 off 0.4094867258791102 __DUMMY__ 0.007210370212772052	false	1.0
banause	off 1.0		neg 0.564391838929577 off 0.42845092557988396 __DUMMY__ 0.0071572354905392	false	0.5
rebell	neg 1.0		neg 0.5814738648945943 off 0.41123984343739894 __DUMMY__ 0.007286291668006978	false	1.0
unlogisch	neg 1.0		neg 0.5693751533452219 off 0.4234196917358664 __DUMMY__ 0.007205154918911722	false	1.0
leiden	neg 1.0	neg 1.0	neg 0.7762391197851088 off 0.22022888058387144 __DUMMY__ 0.003531999631019751	false	1.0
abschaffung	neg 1.0		neg 0.5772825190295799 off 0.4155077491337875 __DUMMY__ 0.0072097318366325875	false	1.0
sturz	neg 1.0		neg 0.576967574232739 off 0.4158311392570142 __DUMMY__ 0.007201286510246908	false	1.0
verkleinerung	neg 1.0		neg 0.5747602027854386 off 0.4180578875543452 __DUMMY__ 0.0071819096602162074	false	1.0
schmarotzer	off 1.0		neg 0.5814553204262612 off 0.41132157101663397 __DUMMY__ 0.0072231085571047805	false	0.5
bestrafung	neg 1.0		neg 0.5763285223149571 off 0.4164372907528617 __DUMMY__ 0.007234186932181084	false	1.0
achtlos	neg 1.0		neg 0.5762239969394557 off 0.41649329031403165 __DUMMY__ 0.007282712746512619	false	1.0
ungeheuer	neg 1.0		neg 0.574942572737352 off 0.41782353201578837 __DUMMY__ 0.007233895246859536	false	1.0
