unsolidarisch	neg 1.0		neg 0.5603347241294276 off 0.39776709096043894 __DUMMY__ 0.041898184910133404	false	1.0
nachteilig	neg 1.0		neg 0.5594485220754959 off 0.39806318554951803 __DUMMY__ 0.04248829237498616	false	1.0
skeptisch	neg 1.0		neg 0.5616255261962899 off 0.39573991911644785 __DUMMY__ 0.04263455468726217	false	1.0
schrecklich	neg 1.0		neg 0.5475578782315724 off 0.41014623379475584 __DUMMY__ 0.04229588797367177	false	1.0
schlapp	neg 1.0		neg 0.5501067025990557 off 0.40727697764005916 __DUMMY__ 0.042616319760884994	false	1.0
abfall	neg 1.0		neg 0.5632457929004863 off 0.3940737975649232 __DUMMY__ 0.04268040953459044	false	1.0
widerspenstig	neg 1.0		neg 0.554871286250614 off 0.40240526124622006 __DUMMY__ 0.04272345250316602	false	1.0
abrupt	neg 1.0		neg 0.5561712594056933 off 0.40105479957692564 __DUMMY__ 0.042773941017381016	false	1.0
unwirksam	neg 1.0		neg 0.5581356076142898 off 0.39975572138581944 __DUMMY__ 0.04210867099989073	false	1.0
angreifen	neg 1.0		neg 0.5610936593324375 off 0.39640721659047196 __DUMMY__ 0.0424991240770906	false	1.0
inkonsistent	neg 1.0		neg 0.554587035462789 off 0.4030697971134325 __DUMMY__ 0.04234316742377848	false	1.0
abrutschen	neg 1.0		neg 0.5623639194065901 off 0.39486614904170764 __DUMMY__ 0.04276993155170215	false	1.0
unsicher	neg 1.0		neg 0.5556692381032815 off 0.4017233666762344 __DUMMY__ 0.042607395220484116	false	1.0
bauernkind	off 1.0		neg 0.5462861368645853 off 0.41179943302943367 __DUMMY__ 0.04191443010598107	false	0.5
angreifer	neg 1.0		neg 0.5544292445565446 off 0.4033500796023007 __DUMMY__ 0.042220675841154624	false	1.0
trennen	neg 1.0		neg 0.5584013995362537 off 0.39867309142434404 __DUMMY__ 0.04292550903940222	false	1.0
schmutz	neg 1.0		neg 0.5468111038747903 off 0.41032238188507186 __DUMMY__ 0.042866514240137835	false	1.0
inkonsistenz	neg 1.0	neg 1.0	neg 0.7650742824872707 off 0.21471543859451647 __DUMMY__ 0.02021027891821275	false	1.0
erschreckend	neg 1.0		neg 0.5583606450531182 off 0.3991859959546875 __DUMMY__ 0.04245335899219437	false	1.0
ertrinken	neg 1.0		neg 0.5583832176614446 off 0.3988657960833793 __DUMMY__ 0.04275098625517618	false	1.0
pickelface	off 1.0		neg 0.5561660563063684 off 0.40148510889283767 __DUMMY__ 0.042348834800793905	false	0.5
seiner			neg 0.5604971002613908 off 0.3969030403978068 __DUMMY__ 0.04259985934080245	false	0.0
lauch	neg 1.0		neg 0.5615161189481763 off 0.39581781531317245 __DUMMY__ 0.04266606573865116	false	1.0
unwichtig	neg 1.0		neg 0.5521446449731482 off 0.4054887046027366 __DUMMY__ 0.04236665042411513	false	1.0
steuerhinterziehung	neg 1.0		neg 0.5597394374397899 off 0.39811540296944936 __DUMMY__ 0.04214515959076083	false	1.0
schock	neg 1.0		neg 0.5560189543549646 off 0.4011809793822879 __DUMMY__ 0.0428000662627474	false	1.0
beule	neg 1.0		neg 0.5487440273585719 off 0.40868056936557257 __DUMMY__ 0.04257540327585536	false	1.0
vergelten	neg 1.0		neg 0.5476110218112091 off 0.4103358900755092 __DUMMY__ 0.04205308811328164	false	1.0
verdorbenheit	neg 1.0		neg 0.5524976364630085 off 0.40476032611295953 __DUMMY__ 0.04274203742403189	false	1.0
trauma	neg 1.0		neg 0.5543537600453086 off 0.40317913981948994 __DUMMY__ 0.0424671001352015	false	1.0
sinnlos	neg 1.0		neg 0.554148537100705 off 0.4033822903279952 __DUMMY__ 0.04246917257129976	false	1.0
fettsack	off 1.0	off 1.0	off 0.6889801768799503 neg 0.2909170945693109 __DUMMY__ 0.02010272855073879	false	1.0
feige	off 1.0		neg 0.5536081141147988 off 0.4041566962672831 __DUMMY__ 0.04223518961791802	false	0.5
abdanken	neg 1.0		neg 0.5610129449587186 off 0.397014251513161 __DUMMY__ 0.041972803528120384	false	1.0
wichtigtuer	off 1.0	off 1.0	off 0.683785031624614 neg 0.2960035211462107 __DUMMY__ 0.02021144722917539	false	1.0
misslingen	neg 1.0		neg 0.5517434210007133 off 0.405515890917805 __DUMMY__ 0.04274068808148178	false	1.0
untreu	off 1.0		neg 0.550907596867081 off 0.4066948382839694 __DUMMY__ 0.042397564848949396	false	0.5
missmutig	neg 1.0		neg 0.5511133994795695 off 0.4063004814681448 __DUMMY__ 0.04258611905228572	false	1.0
hurenbock	off 1.0		neg 0.5518124188753503 off 0.4053938611522869 __DUMMY__ 0.04279371997236282	false	0.5
betrunken	neg 1.0		neg 0.5482755647289902 off 0.40922739852483386 __DUMMY__ 0.04249703674617604	false	1.0
korrupt	off 1.0		neg 0.5619684585912881 off 0.39594111305815277 __DUMMY__ 0.042090428350559095	false	0.5
unmut	neg 1.0		neg 0.5628669722019323 off 0.3945293480635378 __DUMMY__ 0.04260367973453003	false	1.0
hackfresse	off 1.0		neg 0.5444031082411208 off 0.41342426182884107 __DUMMY__ 0.04217262993003803	false	0.5
aufblasen	neg 1.0		neg 0.5533184192615046 off 0.40399535790935404 __DUMMY__ 0.04268622282914136	false	1.0
gewaltsam	neg 1.0		neg 0.5571604193421758 off 0.40064658323278257 __DUMMY__ 0.04219299742504152	false	1.0
unbeliebtheit	neg 1.0		neg 0.5547852694440151 off 0.4035395826819832 __DUMMY__ 0.0416751478740018	false	1.0
sturheit	neg 1.0		neg 0.5596696063061659 off 0.39806187831193685 __DUMMY__ 0.04226851538189726	false	1.0
kuh	neg 1.0		neg 0.555662648378583 off 0.40204415986491604 __DUMMY__ 0.04229319175650104	false	1.0
erschrecken	neg 1.0		neg 0.5517071756931738 off 0.4057354489607591 __DUMMY__ 0.042557375346066934	false	1.0
opfer	neg 1.0	neg 1.0	neg 0.7682082852389216 off 0.21143677030953797 __DUMMY__ 0.020354944451540402	false	1.0
sinken	neg 1.0		neg 0.5616351302998864 off 0.39573001358708143 __DUMMY__ 0.04263485611303217	false	1.0
stinktier	neg 1.0		neg 0.5484261742062395 off 0.4094705193473364 __DUMMY__ 0.04210330644642418	false	1.0
tucke	off 1.0		neg 0.5429279564009174 off 0.4148184460609954 __DUMMY__ 0.04225359753808715	false	0.5
ein			neg 0.5530101001368366 off 0.40415874864116996 __DUMMY__ 0.04283115122199336	false	0.0
abstieg	neg 1.0		neg 0.5595077398031064 off 0.39815875702382475 __DUMMY__ 0.04233350317306867	false	1.0
missverstehen	neg 1.0		neg 0.555817999184017 off 0.4019053414371231 __DUMMY__ 0.04227665937886005	false	1.0
ergebnislos	neg 1.0		neg 0.5591822158950954 off 0.39837617587057667 __DUMMY__ 0.0424416082343279	false	1.0
unter			neg 0.5635208290187288 off 0.3933186332789592 __DUMMY__ 0.043160537702311964	false	0.0
manipulieren	neg 1.0		neg 0.5614214176768011 off 0.39608819742752777 __DUMMY__ 0.04249038489567122	false	1.0
unbewiesen	neg 1.0		neg 0.560994876448521 off 0.3971530227850061 __DUMMY__ 0.0418521007664731	false	1.0
verschleppen	neg 1.0		neg 0.5599755824493268 off 0.3976480133852971 __DUMMY__ 0.04237640416537606	false	1.0
weib	off 1.0		neg 0.5438035811214244 off 0.41414449379095813 __DUMMY__ 0.04205192508761756	false	0.5
opposition	neg 1.0		neg 0.557175701650945 off 0.4007469193549931 __DUMMY__ 0.042077378994061866	false	1.0
verkehrswidrig	neg 1.0		neg 0.5449390943396923 off 0.4126918002902941 __DUMMY__ 0.04236910537001353	false	1.0
inkorrekt	neg 1.0		neg 0.5542597025688318 off 0.40381574545378385 __DUMMY__ 0.041924551977384455	false	1.0
vermeiden	neg 1.0		neg 0.5626635169395207 off 0.3944250190587036 __DUMMY__ 0.042911464001775645	false	1.0
abweichung	neg 1.0		neg 0.562145959430562 off 0.3957610520291237 __DUMMY__ 0.042092988540314305	false	1.0
alkoholisiert	neg 1.0		neg 0.5575759246469938 off 0.39977985100963664 __DUMMY__ 0.04264422434336948	false	1.0
scheiss	off 1.0	off 1.0	off 0.6873225109396163 neg 0.2923909356882704 __DUMMY__ 0.02028655337211328	false	1.0
herausforderung	neg 1.0		neg 0.555288064029817 off 0.401737473417292 __DUMMY__ 0.04297446255289096	false	1.0
pervers	off 1.0		neg 0.5408652214611869 off 0.41712586522974815 __DUMMY__ 0.04200891330906493	false	0.5
wackelig	neg 1.0		neg 0.555362459457546 off 0.40166803444440224 __DUMMY__ 0.04296950609805165	false	1.0
verwickeln	neg 1.0		neg 0.555173193164878 off 0.4024322311642077 __DUMMY__ 0.04239457567091425	false	1.0
vorwand	neg 1.0		neg 0.5625918578082726 off 0.39489097741662277 __DUMMY__ 0.04251716477510473	false	1.0
muschi	off 1.0		neg 0.5569085877574255 off 0.40076110303367657 __DUMMY__ 0.04233030920889809	false	0.5
entmutigung	neg 1.0		neg 0.5599659120790412 off 0.3983942034118654 __DUMMY__ 0.041639884509093256	false	1.0
unangemessen	neg 1.0		neg 0.5609358807082933 off 0.3967928641282457 __DUMMY__ 0.04227125516346109	false	1.0
unstetig	neg 1.0		neg 0.5534854927343426 off 0.40425259222444704 __DUMMY__ 0.04226191504121023	false	1.0
entmutigen	neg 1.0		neg 0.554707861239566 off 0.40273994833155724 __DUMMY__ 0.0425521904288768	false	1.0
schwanz	neg 1.0		neg 0.5578843305888798 off 0.3995841726629915 __DUMMY__ 0.04253149674812869	false	1.0
verbot	neg 1.0		neg 0.5605538052378246 off 0.3972720111801465 __DUMMY__ 0.04217418358202881	false	1.0
leid	neg 1.0		neg 0.5460617726303927 off 0.41169751774444463 __DUMMY__ 0.042240709625162784	false	1.0
archaisch	neg 1.0		neg 0.5599874002299468 off 0.3976994350898691 __DUMMY__ 0.04231316468018412	false	1.0
gegen			neg 0.5625654673163427 off 0.3949825124125767 __DUMMY__ 0.04245202027108054	false	0.0
scheidung	neg 1.0	neg 1.0	neg 0.7531143189950981 off 0.22681383186657267 __DUMMY__ 0.020071849138329278	false	1.0
einschlag	neg 1.0		neg 0.5466297294818324 off 0.4111332881393066 __DUMMY__ 0.04223698237886099	false	1.0
m			neg 0.5563243819035847 off 0.4010031848721539 __DUMMY__ 0.04267243322426143	false	0.0
abgestanden	neg 1.0		neg 0.5549224733492345 off 0.4024363326466822 __DUMMY__ 0.04264119400408326	false	1.0
schmierig	off 1.0		neg 0.5464092682770423 off 0.41123016082509795 __DUMMY__ 0.04236057089785971	false	0.5
unpraktisch	neg 1.0		neg 0.5530186594046667 off 0.4042558578338531 __DUMMY__ 0.04272548276148041	false	1.0
wixxer	off 1.0		neg 0.5418514083163866 off 0.41628364500580395 __DUMMY__ 0.041864946677809545	false	0.5
bezeichnet			neg 0.5585179636794367 off 0.3991500246999202 __DUMMY__ 0.04233201162064308	false	0.0
jammerlappen	off 1.0		neg 0.5517665191710959 off 0.4058194750556683 __DUMMY__ 0.04241400577323584	false	0.5
farce	neg 1.0		neg 0.5625984697440994 off 0.395529766902852 __DUMMY__ 0.041871763353048486	false	1.0
zwecklos	neg 1.0		neg 0.5604578569340942 off 0.3971629945747868 __DUMMY__ 0.04237914849111895	false	1.0
turbulent	neg 1.0		neg 0.5487867931388257 off 0.4090370220254886 __DUMMY__ 0.0421761848356857	false	1.0
invasion	neg 1.0		neg 0.551793563123181 off 0.40563432862559595 __DUMMY__ 0.04257210825122305	false	1.0
schuld	neg 1.0		neg 0.5560113355467357 off 0.40155797151121597 __DUMMY__ 0.0424306929420483	false	1.0
risiko	neg 1.0		neg 0.5506584868090953 off 0.4066622881788835 __DUMMY__ 0.04267922501202108	false	1.0
finster	neg 1.0		neg 0.5540079261059709 off 0.4032709193804607 __DUMMY__ 0.04272115451356825	false	1.0
geisteskrank	off 1.0		neg 0.5524280705592759 off 0.4054858184655496 __DUMMY__ 0.042086110975174416	false	0.5
zusammenbrechen	neg 1.0		neg 0.5568611827107901 off 0.40047712149233994 __DUMMY__ 0.04266169579686983	false	1.0
ausbeute	neg 1.0		neg 0.5568401462410227 off 0.40035475287222927 __DUMMY__ 0.042805100886747896	false	1.0
hinterhalt	neg 1.0		neg 0.5549445948472307 off 0.4025895181992663 __DUMMY__ 0.04246588695350305	false	1.0
kritik	neg 1.0		neg 0.5616966247379584 off 0.3963183939034731 __DUMMY__ 0.04198498135856853	false	1.0
einschrumpfen	neg 1.0		neg 0.5549619006098291 off 0.40298992704315795 __DUMMY__ 0.04204817234701286	false	1.0
riskant	neg 1.0		neg 0.5600134201493365 off 0.3973822481747016 __DUMMY__ 0.042604331675961865	false	1.0
frustrieren	neg 1.0		neg 0.560857244901218 off 0.3966287797098881 __DUMMY__ 0.04251397538889381	false	1.0
groll	neg 1.0		neg 0.5600455586218609 off 0.3975546533952098 __DUMMY__ 0.04239978798292917	false	1.0
gibt			neg 0.5585460279017364 off 0.39893276299294944 __DUMMY__ 0.042521209105314185	false	0.0
qualvoll	neg 1.0		neg 0.5527987576631267 off 0.4046111483964777 __DUMMY__ 0.0425900939403955	false	1.0
wackeln	neg 1.0		neg 0.5527529290374684 off 0.40441131794086016 __DUMMY__ 0.042835753021671544	false	1.0
klagen	neg 1.0		neg 0.563009735005847 off 0.39451688682120156 __DUMMY__ 0.042473378172951555	false	1.0
bankrott	neg 1.0		neg 0.5501820074385487 off 0.4072858362390807 __DUMMY__ 0.042532156322370424	false	1.0
trauern	neg 1.0		neg 0.5596534203655402 off 0.3977421760760483 __DUMMY__ 0.04260440355841159	false	1.0
ablehnung	neg 1.0	neg 1.0	neg 0.7687916737535928 off 0.21110468263943538 __DUMMY__ 0.02010364360697175	false	1.0
stur	neg 1.0		neg 0.5552888118699573 off 0.4022501710410381 __DUMMY__ 0.04246101708900461	false	1.0
aufruhr	neg 1.0		neg 0.5584211769113323 off 0.399457769080257 __DUMMY__ 0.042121054008410826	false	1.0
melancholie	neg 1.0		neg 0.5565526101637295 off 0.40063599862999644 __DUMMY__ 0.04281139120627406	false	1.0
ist			neg 0.5553683977069411 off 0.4022068902761212 __DUMMY__ 0.04242471201693776	false	0.0
torheit	neg 1.0		neg 0.5592685852078415 off 0.39878135118835856 __DUMMY__ 0.04195006360380001	false	1.0
dreckskind	off 1.0		neg 0.5484764819814825 off 0.4097080179431214 __DUMMY__ 0.04181550007539612	false	0.5
umtauschen	neg 1.0		neg 0.5552337387859824 off 0.402079195023728 __DUMMY__ 0.04268706619028957	false	1.0
zum			neg 0.559712574645914 off 0.39709909812782307 __DUMMY__ 0.04318832722626292	false	0.0
zersetzen	neg 1.0		neg 0.5620603847334803 off 0.3954531326413028 __DUMMY__ 0.042486482625216974	false	1.0
zur			neg 0.5638355988925726 off 0.3934478959316623 __DUMMY__ 0.042716505175764974	false	0.0
frust	neg 1.0		neg 0.557623613863919 off 0.3997688644093632 __DUMMY__ 0.04260752172671778	false	1.0
unerbittlichkeit	neg 1.0		neg 0.5616901912434797 off 0.3958989954771408 __DUMMY__ 0.04241081327937961	false	1.0
zwei			neg 0.5593518846071847 off 0.3976518096141479 __DUMMY__ 0.0429963057786673	false	0.0
unkorrekt	neg 1.0		neg 0.5521391401847288 off 0.4058047303313876 __DUMMY__ 0.04205612948388356	false	1.0
hexe	off 1.0		neg 0.5505083762958596 off 0.40705669390889965 __DUMMY__ 0.042434929795240786	false	0.5
lasch	neg 1.0		neg 0.5546150205288781 off 0.40313599494372343 __DUMMY__ 0.04224898452739848	false	1.0
rivale	neg 1.0		neg 0.548208742816269 off 0.4096493395196518 __DUMMY__ 0.0421419176640793	false	1.0
mutlos	off 1.0	off 1.0	off 0.6806989548061522 neg 0.29908401183976335 __DUMMY__ 0.020217033354084424	false	1.0
wirr	off 1.0		neg 0.5501509286536724 off 0.4077857971480785 __DUMMY__ 0.04206327419824902	false	0.5
jahr			neg 0.5578570703606825 off 0.39928865979434713 __DUMMY__ 0.042854269844970296	false	0.0
wird			neg 0.5595989153701929 off 0.3978305292265985 __DUMMY__ 0.04257055540320868	false	0.0
strafbar	neg 1.0		neg 0.5622330036943787 off 0.39547600150699824 __DUMMY__ 0.04229099479862319	false	1.0
erosion	neg 1.0		neg 0.5529332664495922 off 0.4044038579030536 __DUMMY__ 0.04266287564735414	false	1.0
eingehen	neg 1.0		neg 0.5604364436970664 off 0.3971316563141971 __DUMMY__ 0.04243189998873659	false	1.0
faul	off 1.0		neg 0.5498077074914679 off 0.40751796904176063 __DUMMY__ 0.0426743234667714	false	0.5
provisorium	neg 1.0		neg 0.5653170323656385 off 0.3916666818609318 __DUMMY__ 0.043016285773429794	false	1.0
schmerzen	neg 1.0		neg 0.5562927357713846 off 0.40104179210908125 __DUMMY__ 0.042665472119534094	false	1.0
schrumpfen	neg 1.0		neg 0.563674773838466 off 0.39353887937885307 __DUMMY__ 0.04278634678268089	false	1.0
geistlos	off 1.0		neg 0.5581334553972365 off 0.3999933407721269 __DUMMY__ 0.041873203830636835	false	0.5
fehlkauf	neg 1.0		neg 0.553923320054126 off 0.40373601888324445 __DUMMY__ 0.04234066106262936	false	1.0
frustrierend	neg 1.0	neg 1.0	neg 0.7640990297943306 off 0.2155712477360253 __DUMMY__ 0.020329722469644103	false	1.0
unzufrieden	neg 1.0		neg 0.5595250548236155 off 0.39798931208317084 __DUMMY__ 0.042485633093213675	false	1.0
verzweifeln	neg 1.0		neg 0.5565966756385604 off 0.40081722277557624 __DUMMY__ 0.04258610158586329	false	1.0
verzweifelt	neg 1.0		neg 0.5552557567403636 off 0.40226590483182584 __DUMMY__ 0.04247833842781058	false	1.0
misstrauensantrag	neg 1.0		neg 0.5547959961647463 off 0.4029665612852573 __DUMMY__ 0.0422374425499964	false	1.0
abfallen	neg 1.0		neg 0.5523964081978783 off 0.40474335746002615 __DUMMY__ 0.042860234342095564	false	1.0
fucker	off 1.0		neg 0.5491510044299285 off 0.40863417210596353 __DUMMY__ 0.04221482346410796	false	0.5
ungezogen	neg 1.0		neg 0.5424596636545335 off 0.4153637519745822 __DUMMY__ 0.04217658437088419	false	1.0
irrsinnig	neg 1.0	neg 1.0	neg 0.7664014896296459 off 0.21333835017643826 __DUMMY__ 0.02026016019391585	false	1.0
unfassbar	neg 1.0		neg 0.5513566304819869 off 0.40625307215798684 __DUMMY__ 0.04239029736002636	false	1.0
hart	neg 1.0		neg 0.5521325251327905 off 0.4056351406401396 __DUMMY__ 0.04223233422706984	false	1.0
widerlich	off 1.0		neg 0.5514083741200033 off 0.4063367285473777 __DUMMY__ 0.04225489733261898	false	0.5
fatal	neg 1.0		neg 0.5537674435534333 off 0.4038531722330243 __DUMMY__ 0.04237938421354247	false	1.0
bruch	neg 1.0		neg 0.5646972628815579 off 0.3929591470359252 __DUMMY__ 0.042343590082516834	false	1.0
aushungern	neg 1.0		neg 0.5587430514620115 off 0.3991191182339829 __DUMMY__ 0.04213783030400561	false	1.0
anspannung	neg 1.0		neg 0.5616153235827822 off 0.39553663780492493 __DUMMY__ 0.04284803861229283	false	1.0
von			neg 0.5588053152665161 off 0.39832584132218857 __DUMMY__ 0.04286884341129535	false	0.0
kraftlos	neg 1.0		neg 0.5566552183689828 off 0.4004760450090333 __DUMMY__ 0.042868736621983795	false	1.0
vom			neg 0.5630053958910972 off 0.39387354004260644 __DUMMY__ 0.043121064066296254	false	0.0
grenzdebil	off 1.0		neg 0.5493631811544947 off 0.40817162578403887 __DUMMY__ 0.04246519306146654	false	0.5
vor			neg 0.5609125949417352 off 0.3963041098427373 __DUMMY__ 0.042783295215527636	false	0.0
unterwerfen	neg 1.0		neg 0.5608720264908637 off 0.3967048217266065 __DUMMY__ 0.04242315178252978	false	1.0
versenkung	neg 1.0		neg 0.5604764402197985 off 0.39697880128699403 __DUMMY__ 0.04254475849320753	false	1.0
entziehen	neg 1.0		neg 0.5631180079980391 off 0.3943458569585824 __DUMMY__ 0.04253613504337848	false	1.0
finanzkrise	neg 1.0		neg 0.5596365226995117 off 0.39828865076353503 __DUMMY__ 0.04207482653695337	false	1.0
schimpfend	neg 1.0		neg 0.5507305821200453 off 0.4063327438603775 __DUMMY__ 0.04293667401957716	false	1.0
profan	neg 1.0		neg 0.5542241497513376 off 0.4033131484868394 __DUMMY__ 0.042462701761823124	false	1.0
korruption	neg 1.0		neg 0.561526168881419 off 0.3963512638572257 __DUMMY__ 0.04212256726135519	false	1.0
â			neg 0.5575002754401733 off 0.3998433456079778 __DUMMY__ 0.04265637895184885	false	0.0
schmutzig	neg 1.0		neg 0.5484133504092701 off 0.4089345182545251 __DUMMY__ 0.04265213133620484	false	1.0
sexy	neg 1.0		neg 0.5514061857383942 off 0.40612554011130053 __DUMMY__ 0.042468274150305296	false	1.0
abraten	neg 1.0		neg 0.5538310509501118 off 0.40354423839908155 __DUMMY__ 0.04262471065080666	false	1.0
schwarz	neg 1.0		neg 0.5545134560693858 off 0.40307281104607773 __DUMMY__ 0.04241373288453649	false	1.0
fotze	off 1.0		neg 0.5586059649941167 off 0.39900684701670774 __DUMMY__ 0.04238718798917559	false	0.5
verwirren	neg 1.0		neg 0.553166372062253 off 0.4043623979759505 __DUMMY__ 0.04247122996179632	false	1.0
zahnlos	off 1.0		neg 0.560079770318096 off 0.39754796960815 __DUMMY__ 0.04237226007375395	false	0.5
verheeren	neg 1.0		neg 0.5425436914320184 off 0.41559850297559625 __DUMMY__ 0.041857805592385576	false	1.0
hippie	neg 1.0		neg 0.5519987931248432 off 0.4055710456804292 __DUMMY__ 0.04243016119472744	false	1.0
rammen	neg 1.0		neg 0.5523537770016347 off 0.40511434949250535 __DUMMY__ 0.042531873505859887	false	1.0
unlauter	neg 1.0	neg 1.0	neg 0.7655383878784149 off 0.21425712579493517 __DUMMY__ 0.020204486326649944	false	1.0
unheilvoll	neg 1.0		neg 0.5531296786141584 off 0.40427612342165087 __DUMMY__ 0.04259419796419072	false	1.0
niedrig	neg 1.0		neg 0.5594706050515837 off 0.3980626465771993 __DUMMY__ 0.04246674837121712	false	1.0
explosion	neg 1.0		neg 0.5517165142393751 off 0.4057471319913474 __DUMMY__ 0.042536353769277654	false	1.0
weichei	off 1.0		neg 0.5456505048810371 off 0.4121612655305561 __DUMMY__ 0.04218822958840695	false	0.5
minusmensch	off 1.0		neg 0.5439587614954293 off 0.41431965419860495 __DUMMY__ 0.04172158430596554	false	0.5
farblos	neg 1.0		neg 0.5554055586079796 off 0.40217746368717294 __DUMMY__ 0.04241697770484754	false	1.0
unwissend	neg 1.0	neg 1.0	neg 0.7640120076763728 off 0.21577045512097132 __DUMMY__ 0.020217537202655914	false	1.0
traurig	neg 1.0		neg 0.5477773339264304 off 0.40980643230798597 __DUMMY__ 0.0424162337655837	false	1.0
senkung	neg 1.0		neg 0.5535360090098953 off 0.40413367202244804 __DUMMY__ 0.04233031896765662	false	1.0
ungleich	neg 1.0	neg 1.0	neg 0.7691765945348336 off 0.21057133546778783 __DUMMY__ 0.020252069997378566	false	1.0
heikel	neg 1.0		neg 0.5617048630927348 off 0.3957589094169756 __DUMMY__ 0.0425362274902895	false	1.0
drosselung	neg 1.0		neg 0.5467674495526171 off 0.4107671786288137 __DUMMY__ 0.042465371818569284	false	1.0
falsch	neg 1.0		neg 0.552449880669588 off 0.4051362177896045 __DUMMY__ 0.04241390154080755	false	1.0
unzufriedenheit	neg 1.0		neg 0.5623159497043632 off 0.39519671329550415 __DUMMY__ 0.042487337000132505	false	1.0
kurz	neg 1.0		neg 0.5556608560073876 off 0.40151520668720575 __DUMMY__ 0.042823937305406706	false	1.0
unsinnig	neg 1.0		neg 0.5592462602855021 off 0.3983071865032705 __DUMMY__ 0.0424465532112274	false	1.0
penner	off 1.0	off 1.0	off 0.6905404907477217 neg 0.28928120945668756 __DUMMY__ 0.020178299795590732	false	1.0
seicht	neg 1.0		neg 0.5451163084113487 off 0.41297485135831735 __DUMMY__ 0.0419088402303339	false	1.0
dummheit	off 1.0	off 1.0	off 0.6841276519877165 neg 0.29567458669510366 __DUMMY__ 0.020197761317179833	false	1.0
unerfreulich	neg 1.0		neg 0.5617760906663692 off 0.3956091595074051 __DUMMY__ 0.042614749826225665	false	1.0
motherfucker	off 1.0	off 1.0	off 0.6875337343139055 neg 0.2922842225165904 __DUMMY__ 0.02018204316950407	false	1.0
pikiert	neg 1.0		neg 0.5525834974782854 off 0.4051240871909237 __DUMMY__ 0.042292415330790936	false	1.0
wrack	neg 1.0		neg 0.556635765462959 off 0.4006566163317172 __DUMMY__ 0.042707618205323934	false	1.0
gangster	neg 1.0		neg 0.5529131917113174 off 0.40465217291949496 __DUMMY__ 0.04243463536918755	false	1.0
krank	neg 1.0		neg 0.5485105606906967 off 0.4089070625283477 __DUMMY__ 0.04258237678095557	false	1.0
reich	neg 1.0		neg 0.5553862386815135 off 0.4028493690259872 __DUMMY__ 0.041764392292499314	false	1.0
gnadenlos	neg 1.0		neg 0.5554074840611573 off 0.4021106150971098 __DUMMY__ 0.04248190084173285	false	1.0
niedergeschlagen	neg 1.0		neg 0.5571877488412493 off 0.400200017933113 __DUMMY__ 0.042612233225637564	false	1.0
terrorisieren	off 1.0	off 1.0	off 0.6816456209552675 neg 0.2979778101271344 __DUMMY__ 0.02037656891759817	false	1.0
sinnlosigkeit	neg 1.0		neg 0.559868403884313 off 0.39773838693000496 __DUMMY__ 0.04239320918568204	false	1.0
behindern	neg 1.0		neg 0.5549198581596797 off 0.40240962962836796 __DUMMY__ 0.04267051221195226	false	1.0
undemokratisch	neg 1.0		neg 0.5582517740196887 off 0.39972225813746337 __DUMMY__ 0.042025967842847914	false	1.0
wirtschaftskrise	neg 1.0		neg 0.5605604434919684 off 0.39719587670493545 __DUMMY__ 0.042243679803096054	false	1.0
neid	neg 1.0		neg 0.5512213739199876 off 0.4061583965632233 __DUMMY__ 0.04262022951678918	false	1.0
rutschen	neg 1.0		neg 0.559310480007009 off 0.39747473455383536 __DUMMY__ 0.043214785439155703	false	1.0
rezession	neg 1.0		neg 0.5494109044980441 off 0.4086812964839455 __DUMMY__ 0.04190779901801053	false	1.0
fehlgeburt	neg 1.0		neg 0.5557716498869466 off 0.401786692069594 __DUMMY__ 0.04244165804345933	false	1.0
charakterschwach	off 1.0		neg 0.5514515180855245 off 0.40627515719954405 __DUMMY__ 0.042273324714931476	false	0.5
isolation	neg 1.0		neg 0.5503066096818899 off 0.4072355565934663 __DUMMY__ 0.04245783372464373	false	1.0
ablenkung	neg 1.0		neg 0.5549322051210183 off 0.4024263906102005 __DUMMY__ 0.04264140426878106	false	1.0
pech	neg 1.0		neg 0.552890616119252 off 0.4046376087512241 __DUMMY__ 0.042471775129523916	false	1.0
vermeidung	neg 1.0		neg 0.5478964008708502 off 0.4095932787318038 __DUMMY__ 0.042510320397346056	false	1.0
dominieren	neg 1.0		neg 0.5576670511728018 off 0.3998456478676489 __DUMMY__ 0.042487300959549376	false	1.0
schwindlig	neg 1.0		neg 0.551321942841215 off 0.4059707909575186 __DUMMY__ 0.04270726620126621	false	1.0
lutscher	neg 1.0		neg 0.543772090467988 off 0.4142871444803719 __DUMMY__ 0.04194076505164019	false	1.0
pflicht	neg 1.0		neg 0.5621816320317431 off 0.39531319248979413 __DUMMY__ 0.042505175478462914	false	1.0
faschist	off 1.0		neg 0.5574213330417842 off 0.40059213218671563 __DUMMY__ 0.04198653477150016	false	0.5
verschleudern	neg 1.0		neg 0.5608913736907819 off 0.39681886456511745 __DUMMY__ 0.04228976174410063	false	1.0
wenn			neg 0.5521075148960413 off 0.4054364424501629 __DUMMY__ 0.042456042653795774	false	0.0
ehebruch	neg 1.0		neg 0.5611104643876531 off 0.39655456801427463 __DUMMY__ 0.04233496759807237	false	1.0
spott	off 1.0		neg 0.5617345350777567 off 0.3959125048366908 __DUMMY__ 0.04235296008555243	false	0.5
trostlosigkeit	neg 1.0		neg 0.5644957119748943 off 0.3933132743604503 __DUMMY__ 0.04219101366465542	false	1.0
lutschen	neg 1.0		neg 0.552712080551047 off 0.4050615607692821 __DUMMY__ 0.042226358679671	false	1.0
undiszipliniert	neg 1.0		neg 0.5489138482966164 off 0.4087246113110804 __DUMMY__ 0.04236154039230313	false	1.0
kopfschmerz	neg 1.0		neg 0.5566831311269967 off 0.40078452617594446 __DUMMY__ 0.042532342697058745	false	1.0
unvorhergesehen	neg 1.0		neg 0.5554528811965105 off 0.4016688966953293 __DUMMY__ 0.04287822210816021	false	1.0
desinteressiert	neg 1.0		neg 0.550227678758333 off 0.40752351705648143 __DUMMY__ 0.0422488041851855	false	1.0
armselig	off 1.0		neg 0.5497784481773393 off 0.4080596862014236 __DUMMY__ 0.04216186562123705	false	0.5
desaster	neg 1.0		neg 0.564798112613905 off 0.39282599771253773 __DUMMY__ 0.04237588967355732	false	1.0
tod	neg 1.0		neg 0.5621318027789084 off 0.3956427256527536 __DUMMY__ 0.042225471568337995	false	1.0
herzlos	neg 1.0		neg 0.547270128667961 off 0.4103541195952937 __DUMMY__ 0.04237575173674535	false	1.0
unwissenheit	neg 1.0		neg 0.5607063836652268 off 0.3969953678252278 __DUMMY__ 0.042298248509545194	false	1.0
widersinnig	neg 1.0		neg 0.5611347992434973 off 0.39680582095584693 __DUMMY__ 0.04205937980065574	false	1.0
bedenklich	neg 1.0		neg 0.5608146254539229 off 0.3966875726816184 __DUMMY__ 0.04249780186445874	false	1.0
beanstanden	neg 1.0		neg 0.5623167018174795 off 0.39514674131601935 __DUMMY__ 0.04253655686650125	false	1.0
panisch	neg 1.0	neg 1.0	neg 0.763291049559069 off 0.2161697100577895 __DUMMY__ 0.020539240383141557	false	1.0
debil	off 1.0		neg 0.5647069950175232 off 0.3926674556879534 __DUMMY__ 0.042625549294523425	false	0.5
abstrich	neg 1.0		neg 0.553330222429023 off 0.40388583349125284 __DUMMY__ 0.04278394407972407	false	1.0
primitiv	neg 1.0		neg 0.5509505042849263 off 0.4068190189701041 __DUMMY__ 0.04223047674496956	false	1.0
abschaum	off 1.0	off 1.0	off 0.6854115336178009 neg 0.2944277550259284 __DUMMY__ 0.020160711356270667	false	1.0
provozieren	neg 1.0		neg 0.5573578291671449 off 0.4003128479427918 __DUMMY__ 0.042329322890063366	false	1.0
tot	neg 1.0		neg 0.5581922069296802 off 0.3994411691258953 __DUMMY__ 0.04236662394442459	false	1.0
instabil	neg 1.0		neg 0.5498058365142596 off 0.4082132932098867 __DUMMY__ 0.04198087027585375	false	1.0
schwuchtel	off 1.0		neg 0.5399204963455639 off 0.4184286077168723 __DUMMY__ 0.04165089593756392	false	0.5
zerren	neg 1.0		neg 0.5571068776698346 off 0.4002541817316371 __DUMMY__ 0.04263894059852816	false	1.0
kinderficker	off 1.0		neg 0.5478828923545404 off 0.4100644202391307 __DUMMY__ 0.042052687406328934	false	0.5
gefahr	neg 1.0		neg 0.5610136863814981 off 0.39660199890675163 __DUMMY__ 0.0423843147117502	false	1.0
rabiat	neg 1.0		neg 0.5563625637133766 off 0.4011445310097807 __DUMMY__ 0.042492905276842706	false	1.0
verlangsamung	neg 1.0		neg 0.5456961581079074 off 0.4124225656437856 __DUMMY__ 0.041881276248307044	false	1.0
ausgestorben	neg 1.0		neg 0.5572771434771125 off 0.4001211395115812 __DUMMY__ 0.04260171701130623	false	1.0
anklagen	neg 1.0		neg 0.5584832644693708 off 0.39923979123824765 __DUMMY__ 0.042276944292381664	false	1.0
trott	neg 1.0		neg 0.5553881039820018 off 0.40201723017757524 __DUMMY__ 0.04259466584042291	false	1.0
verminderung	neg 1.0		neg 0.5482946515903128 off 0.4093621451973791 __DUMMY__ 0.042343203212308084	false	1.0
nach			neg 0.5612197941286674 off 0.39576357895075165 __DUMMY__ 0.04301662692058097	false	0.0
rost	neg 1.0		neg 0.5436852906459906 off 0.4142419332142121 __DUMMY__ 0.04207277613979741	false	1.0
destruktiv	neg 1.0		neg 0.5593438435063077 off 0.39839943056540705 __DUMMY__ 0.042256725928285166	false	1.0
unzumutbarkeit	neg 1.0		neg 0.5482872007814915 off 0.4092599628441846 __DUMMY__ 0.04245283637432385	false	1.0
labil	off 1.0	off 1.0	off 0.6863414627353447 neg 0.29346383081845123 __DUMMY__ 0.020194706446203962	false	1.0
ziemlich	neg 1.0		neg 0.5502672407044504 off 0.4072998737062355 __DUMMY__ 0.04243288558931406	false	1.0
lachnummer	off 1.0		neg 0.5590891711824233 off 0.3986253698081022 __DUMMY__ 0.04228545900947448	false	0.5
oder			neg 0.5549368316097044 off 0.4023770673144508 __DUMMY__ 0.042686101075844717	false	0.0
verfall	neg 1.0		neg 0.5649232162372865 off 0.3924392848756285 __DUMMY__ 0.04263749888708503	false	1.0
ausgrenzung	neg 1.0		neg 0.557395623347373 off 0.40057495190062603 __DUMMY__ 0.04202942475200091	false	1.0
unordnung	neg 1.0		neg 0.5479933694676241 off 0.4099193280257558 __DUMMY__ 0.04208730250661998	false	1.0
fehlverhalten	neg 1.0		neg 0.5618414705811288 off 0.395780256318705 __DUMMY__ 0.0423782731001662	false	1.0
eine			neg 0.5611361795531236 off 0.3961510484834496 __DUMMY__ 0.04271277196342676	false	0.0
nille	neg 1.0		neg 0.5577751891011302 off 0.39996128356757615 __DUMMY__ 0.04226352733129364	false	1.0
qual	neg 1.0		neg 0.5556645788656392 off 0.4017634270060827 __DUMMY__ 0.04257199412827793	false	1.0
verschwenden	neg 1.0		neg 0.5603043555057896 off 0.39715080718577944 __DUMMY__ 0.04254483730843104	false	1.0
riesig	neg 1.0		neg 0.5567971292091816 off 0.40065908956884433 __DUMMY__ 0.04254378122197411	false	1.0
verurteilen	neg 1.0		neg 0.5607025877012811 off 0.39703174107118827 __DUMMY__ 0.04226567122753045	false	1.0
klischee	neg 1.0	neg 1.0	neg 0.7653464611208997 off 0.21447466578677857 __DUMMY__ 0.02017887309232179	false	1.0
diktatorisch	neg 1.0		neg 0.5595115288903924 off 0.3985984683454311 __DUMMY__ 0.04189000276417658	false	1.0
vorhersehbar	neg 1.0		neg 0.5564052134913948 off 0.40139901319572074 __DUMMY__ 0.0421957733128844	false	1.0
sowie			neg 0.546953751784388 off 0.4110998969894767 __DUMMY__ 0.041946351226135284	false	0.0
stornieren	neg 1.0		neg 0.551701873620576 off 0.4056514716420964 __DUMMY__ 0.0426466547373276	false	1.0
besteuerung	neg 1.0		neg 0.5557916543803717 off 0.40188578519003754 __DUMMY__ 0.042322560429590796	false	1.0
ungeschminkt	neg 1.0		neg 0.5504178294507402 off 0.4072737488825691 __DUMMY__ 0.042308421666690674	false	1.0
kritisch	neg 1.0		neg 0.5615757991715727 off 0.39605838383982633 __DUMMY__ 0.04236581698860098	false	1.0
schlamperei	off 1.0		neg 0.5607593455622326 off 0.39688248002551607 __DUMMY__ 0.042358174412251245	false	0.5
sucht	neg 1.0	neg 1.0	neg 0.762482254330605 off 0.21696958184001525 __DUMMY__ 0.020548163829379705	false	1.0
egoistisch	off 1.0		neg 0.5457558692806206 off 0.4120378346738074 __DUMMY__ 0.04220629604557184	false	0.5
ausbeuter	off 1.0		neg 0.5629399141511616 off 0.39476239467000235 __DUMMY__ 0.04229769117883606	false	0.5
arschgeburt	off 1.0		neg 0.540101052492065 off 0.41824872349209385 __DUMMY__ 0.04165022401584123	false	0.5
schubs	neg 1.0	neg 1.0	neg 0.7662594783123506 off 0.2132336727447201 __DUMMY__ 0.020506848942929288	false	1.0
unsolide	neg 1.0		neg 0.5566225461056042 off 0.4016358464535615 __DUMMY__ 0.041741607440834064	false	1.0
beschwerde	neg 1.0		neg 0.5597902328853929 off 0.3978468286828975 __DUMMY__ 0.04236293843170959	false	1.0
stocken	neg 1.0		neg 0.558691061811895 off 0.3987420808873318 __DUMMY__ 0.04256685730077321	false	1.0
isolieren	neg 1.0		neg 0.5553843324744796 off 0.40192493013724945 __DUMMY__ 0.04269073738827102	false	1.0
unheilbar	neg 1.0		neg 0.5564589295443322 off 0.40114745401382396 __DUMMY__ 0.04239361644184377	false	1.0
pisser	off 1.0		neg 0.5489585102943125 off 0.4089606809919633 __DUMMY__ 0.042080808713724244	false	0.5
löschen	neg 1.0		neg 0.5552322464774198 off 0.402334052171424 __DUMMY__ 0.042433701351156226	false	1.0
durchfallen	neg 1.0		neg 0.5599179723296889 off 0.39755715133277136 __DUMMY__ 0.04252487633753993	false	1.0
wichser	off 1.0		neg 0.5418073365502596 off 0.416177883153084 __DUMMY__ 0.04201478029665648	false	0.5
terror	neg 1.0		neg 0.5506540508315199 off 0.406739136616366 __DUMMY__ 0.042606812552114126	false	1.0
krass	neg 1.0		neg 0.5475068933889444 off 0.41021635809892765 __DUMMY__ 0.042276748512128065	false	1.0
revolte	neg 1.0	neg 1.0	neg 0.7667532743271853 off 0.21326432592398722 __DUMMY__ 0.019982399748827383	false	1.0
besorgt	neg 1.0		neg 0.5548794308611036 off 0.4022192787486079 __DUMMY__ 0.042901290390288484	false	1.0
nachlassen	neg 1.0		neg 0.5574742949210598 off 0.3998810973302567 __DUMMY__ 0.04264460774868361	false	1.0
alt	neg 1.0		neg 0.5578171278866122 off 0.39934413931168095 __DUMMY__ 0.04283873280170679	false	1.0
hundesohn	off 1.0		neg 0.5442500259909078 off 0.413931430441772 __DUMMY__ 0.04181854356732015	false	0.5
als			neg 0.5578215512730204 off 0.39951324265091626 __DUMMY__ 0.0426652060760634	false	0.0
abschreckung	neg 1.0		neg 0.562745489998991 off 0.394806061280375 __DUMMY__ 0.04244844872063391	false	1.0
unqualifiziert	neg 1.0		neg 0.555427576288068 off 0.402315334756482 __DUMMY__ 0.042257088955449884	false	1.0
abgewichst	off 1.0		neg 0.5576792770853489 off 0.3998969514158222 __DUMMY__ 0.042423771498828866	false	0.5
schwer	neg 1.0		neg 0.5562877873970375 off 0.40112145684069916 __DUMMY__ 0.04259075576226318	false	1.0
bedeutungslosigkeit	neg 1.0		neg 0.5625473114623618 off 0.3950658072831726 __DUMMY__ 0.042386881254465575	false	1.0
kapitulation	neg 1.0		neg 0.5629422048290889 off 0.39502569338208443 __DUMMY__ 0.04203210178882683	false	1.0
unscharf	neg 1.0		neg 0.5530704178045897 off 0.4044948711054246 __DUMMY__ 0.04243471108998566	false	1.0
schwinden	neg 1.0		neg 0.5607677186905939 off 0.3966858940449547 __DUMMY__ 0.042546387264451216	false	1.0
versklavung	neg 1.0	neg 1.0	neg 0.7673734190683204 off 0.21254692366642036 __DUMMY__ 0.02007965726525938	false	1.0
schlecht	neg 1.0		neg 0.5495712821689398 off 0.4079568892516526 __DUMMY__ 0.04247182857940755	false	1.0
verhasst	neg 1.0		neg 0.5577633537808872 off 0.39996491974099513 __DUMMY__ 0.04227172647811787	false	1.0
beschweren	neg 1.0		neg 0.5542076253923555 off 0.40325460899428306 __DUMMY__ 0.042537765613361374	false	1.0
scheiden	neg 1.0		neg 0.556555776897461 off 0.40090518064976516 __DUMMY__ 0.04253904245277386	false	1.0
frustriert	neg 1.0		neg 0.5578302814515171 off 0.39962986516392485 __DUMMY__ 0.04253985338455798	false	1.0
schimmelig	neg 1.0		neg 0.5599059765468719 off 0.3976194447949266 __DUMMY__ 0.04247457865820153	false	1.0
fisch	neg 1.0	neg 1.0	neg 0.7661579227719711 off 0.21332994901997063 __DUMMY__ 0.020512128208058304	false	1.0
schmuggel	neg 1.0		neg 0.5593988923002478 off 0.3978345738644639 __DUMMY__ 0.0427665338352884	false	1.0
auffallen	neg 1.0		neg 0.5539711645450947 off 0.40353588184889466 __DUMMY__ 0.042492953606010575	false	1.0
konkurrenz	neg 1.0		neg 0.5607696929853303 off 0.3965020372243308 __DUMMY__ 0.042728269790339016	false	1.0
teufelskreis	neg 1.0		neg 0.5584369327953294 off 0.39913593731000896 __DUMMY__ 0.042427129894661554	false	1.0
aufschreien	neg 1.0		neg 0.555572642897309 off 0.40212710826858916 __DUMMY__ 0.04230024883410159	false	1.0
schuldner	neg 1.0		neg 0.561801990772837 off 0.3958739356143865 __DUMMY__ 0.04232407361277642	false	1.0
missgeburt	off 1.0	off 1.0	off 0.689311900317124 neg 0.29061109098537136 __DUMMY__ 0.02007700869750465	false	1.0
arbeitslos	neg 1.0		neg 0.5595996584476117 off 0.3979720189408411 __DUMMY__ 0.042428322611547054	false	1.0
befallen	neg 1.0		neg 0.5616514410947739 off 0.39623017198071486 __DUMMY__ 0.042118386924511045	false	1.0
miesepetrig	off 1.0		neg 0.5495701305449998 off 0.4079174112102012 __DUMMY__ 0.04251245824479901	false	0.5
alarmieren	neg 1.0		neg 0.5526381921142053 off 0.40517571231178157 __DUMMY__ 0.04218609557401294	false	1.0
ungeduscht	off 1.0		neg 0.5526809453621656 off 0.40485269006898544 __DUMMY__ 0.042466364568849044	false	0.5
knappheit	neg 1.0		neg 0.5589599606221303 off 0.3986111010146713 __DUMMY__ 0.042428938363198464	false	1.0
schlange	neg 1.0		neg 0.553326207086166 off 0.4040061807839203 __DUMMY__ 0.042667612129913685	false	1.0
harsch	neg 1.0		neg 0.5433127617129027 off 0.4143372352756051 __DUMMY__ 0.04235000301149222	false	1.0
lang	neg 1.0		neg 0.5546683774812514 off 0.4028380786544862 __DUMMY__ 0.04249354386426252	false	1.0
ziellos	neg 1.0		neg 0.5587854554186305 off 0.39860697861150446 __DUMMY__ 0.04260756596986515	false	1.0
selbstverliebt	neg 1.0		neg 0.5427578699448597 off 0.41551454137988536 __DUMMY__ 0.04172758867525492	false	1.0
beseitigen	neg 1.0		neg 0.5529115729008558 off 0.40436421269429695 __DUMMY__ 0.042724214404847395	false	1.0
dumm	off 1.0		neg 0.5457244616039821 off 0.41217059633521325 __DUMMY__ 0.04210494206080455	false	0.5
arbeitsloser	neg 1.0		neg 0.5602813013983933 off 0.3972562637156953 __DUMMY__ 0.042462434885911636	false	1.0
blitzen	neg 1.0		neg 0.5529059578020569 off 0.4047492423975127 __DUMMY__ 0.04234479980043039	false	1.0
hilflos	neg 1.0		neg 0.558020835617408 off 0.39941210016436074 __DUMMY__ 0.042567064218231164	false	1.0
eklig	off 1.0		neg 0.5453812857961944 off 0.41260967775960533 __DUMMY__ 0.04200903644420015	false	0.5
begriff			neg 0.5585047114187458 off 0.3990465161295355 __DUMMY__ 0.04244877245171863	false	0.0
hungersnot	neg 1.0		neg 0.5604122733577275 off 0.397591578217154 __DUMMY__ 0.04199614842511847	false	1.0
ungesetzlich	neg 1.0		neg 0.5573520375852901 off 0.40068065270278097 __DUMMY__ 0.04196730971192891	false	1.0
verschwendung	neg 1.0		neg 0.5612213890715883 off 0.3962208988691642 __DUMMY__ 0.042557712059247625	false	1.0
schmerzvoll	neg 1.0		neg 0.5543313785799686 off 0.4031429826757304 __DUMMY__ 0.04252563874430101	false	1.0
vorzeitig	neg 1.0		neg 0.5500931795827643 off 0.4074891085324279 __DUMMY__ 0.04241771188480788	false	1.0
unvollkommenheit	neg 1.0		neg 0.5560912294963382 off 0.40143757106594946 __DUMMY__ 0.042471199437712395	false	1.0
intervenieren	neg 1.0		neg 0.5628993385606001 off 0.39485799032574187 __DUMMY__ 0.04224267111365792	false	1.0
banause	off 1.0		neg 0.5442330582412647 off 0.4138342376360758 __DUMMY__ 0.0419327041226596	false	0.5
rebell	neg 1.0		neg 0.56087258875241 off 0.3964411342544277 __DUMMY__ 0.042686276993162214	false	1.0
unlogisch	neg 1.0		neg 0.5490558750855968 off 0.40873210218057976 __DUMMY__ 0.04221202273382349	false	1.0
leiden	neg 1.0	neg 1.0	neg 0.7662451868822768 off 0.2130358024069119 __DUMMY__ 0.020719010710811295	false	1.0
abschaffung	neg 1.0		neg 0.5569111397560566 off 0.4008497392916694 __DUMMY__ 0.04223912095227418	false	1.0
sturz	neg 1.0		neg 0.5566235808312243 off 0.40118629369942166 __DUMMY__ 0.04219012546935403	false	1.0
verkleinerung	neg 1.0		neg 0.554480030489776 off 0.4034429947824742 __DUMMY__ 0.04207697472774975	false	1.0
schmarotzer	off 1.0		neg 0.5610262518574676 off 0.396656957851969 __DUMMY__ 0.042316790290563594	false	0.5
bestrafung	neg 1.0		neg 0.5558914631174137 off 0.4017270226368073 __DUMMY__ 0.0423815142457789	false	1.0
achtlos	neg 1.0		neg 0.5556548008578548 off 0.4016806595699516 __DUMMY__ 0.04266453957219387	false	1.0
ungeheuer	neg 1.0		neg 0.5545195490538471 off 0.40310031940659957 __DUMMY__ 0.04238013153955345	false	1.0
unaufrichtig	neg 1.0		neg 0.5560687365574242 off 0.40187465271082334 __DUMMY__ 0.04205661073175249	false	1.0
groggy	neg 1.0		neg 0.5527365332896305 off 0.4048792500992211 __DUMMY__ 0.04238421661114846	false	1.0
verletzlich	neg 1.0		neg 0.5504050588029948 off 0.4072605494642726 __DUMMY__ 0.04233439173273262	false	1.0
