unsolidarisch	neg 1.0		neg 0.3927334591756172 __DUMMY__ 0.32981635459074815 off 0.27745018623363477	false	1.0
nachteilig	neg 1.0		neg 0.38964012210699933 __DUMMY__ 0.3342755371614717 off 0.27608434073152904	false	1.0
skeptisch	neg 1.0		neg 0.3911777373729017 __DUMMY__ 0.33535677191259433 off 0.2734654907145039	false	1.0
schrecklich	neg 1.0		neg 0.37911023283497475 __DUMMY__ 0.3328021998775074 off 0.28808756728751783	false	1.0
schlapp	neg 1.0		neg 0.38034080619242355 __DUMMY__ 0.3352357279494609 off 0.2844234658581156	false	1.0
abfall	neg 1.0		neg 0.392549351283951 __DUMMY__ 0.3357167815402607 off 0.27173386717578824	false	1.0
widerspenstig	neg 1.0		neg 0.3844389804835284 __DUMMY__ 0.3360487112204587 off 0.2795123082960128	false	1.0
abrupt	neg 1.0		neg 0.3854336943323815 __DUMMY__ 0.3364712327105531 off 0.2780950729570654	false	1.0
unwirksam	neg 1.0		neg 0.389909783662159 __DUMMY__ 0.3314192828350925 off 0.2786709335027485	false	1.0
angreifen	neg 1.0		neg 0.3911788752795078 __DUMMY__ 0.3343283701138315 off 0.27449275460666056	false	1.0
inkonsistent	neg 1.0		neg 0.38560850773820776 __DUMMY__ 0.33321041808729274 off 0.28118107417449945	false	1.0
abrutschen	neg 1.0		neg 0.3913748503273446 __DUMMY__ 0.33637472636344357 off 0.27225042330921184	false	1.0
unsicher	neg 1.0		neg 0.38562769991921636 __DUMMY__ 0.33514214468095127 off 0.2792301553998324	false	1.0
bauernkind	off 1.0		neg 0.379366106828837 __DUMMY__ 0.32997780115352954 off 0.2906560920176336	false	0.5
angreifer	neg 1.0		neg 0.38587528194335957 __DUMMY__ 0.33228444251606143 off 0.281840275540579	false	1.0
trennen	neg 1.0		neg 0.38701324775945106 __DUMMY__ 0.33755687337513357 off 0.27542987886541526	false	1.0
schmutz	neg 1.0		neg 0.37609450019244783 __DUMMY__ 0.33720211645393605 off 0.2867033833536161	false	1.0
inkonsistenz	neg 1.0	neg 1.0	neg 0.6832096176073181 __DUMMY__ 0.16100778119454184 off 0.15578260119814	false	1.0
erschreckend	neg 1.0		neg 0.38876818983826017 __DUMMY__ 0.33397874298539343 off 0.2772530671763463	false	1.0
ertrinken	neg 1.0		neg 0.3876477969960937 __DUMMY__ 0.33624389856884374 off 0.27610830443506257	false	1.0
pickelface	off 1.0		neg 0.38705143329399855 __DUMMY__ 0.33323320688842195 off 0.2797153598175794	false	0.5
seiner			neg 0.39024127103803413 __DUMMY__ 0.33509190765870034 off 0.2746668213032655	false	0.0
lauch	neg 1.0		neg 0.3909629056615572 __DUMMY__ 0.3356298551566038 off 0.27340723918183896	false	1.0
unwichtig	neg 1.0		neg 0.3831802639069617 __DUMMY__ 0.333333054725596 off 0.2834866813674422	false	1.0
steuerhinterziehung	neg 1.0		neg 0.39121715004319035 __DUMMY__ 0.33170379226231317 off 0.2770790576944965	false	1.0
schock	neg 1.0		neg 0.38522596164259587 __DUMMY__ 0.3366204899442734 off 0.2781535484131306	false	1.0
beule	neg 1.0		neg 0.3791910548821193 __DUMMY__ 0.3349460165223604 off 0.2858629285955204	false	1.0
vergelten	neg 1.0		neg 0.37998538631822215 __DUMMY__ 0.3310412290750763 off 0.2889733846067015	false	1.0
verdorbenheit	neg 1.0		neg 0.3821139621906042 __DUMMY__ 0.3362004897913753 off 0.2816855480180206	false	1.0
trauma	neg 1.0		neg 0.38492066888102666 __DUMMY__ 0.3340791564999745 off 0.28100017461899884	false	1.0
sinnlos	neg 1.0		neg 0.38470777019408314 __DUMMY__ 0.3340977229279249 off 0.28119450687799213	false	1.0
fettsack	off 1.0	off 1.0	off 0.6302660446255853 neg 0.20956475499469826 __DUMMY__ 0.1601692003797163	false	1.0
feige	off 1.0		neg 0.38507404296438047 __DUMMY__ 0.332344392118254 off 0.2825815649173656	false	0.5
abdanken	neg 1.0		neg 0.39307367590256737 __DUMMY__ 0.3303982441125264 off 0.27652807998490625	false	1.0
wichtigtuer	off 1.0	off 1.0	off 0.6248529295788743 neg 0.2141413274117917 __DUMMY__ 0.16100574300933407	false	1.0
misslingen	neg 1.0		neg 0.38131903090781044 __DUMMY__ 0.33622417261778814 off 0.28245679647440153	false	1.0
untreu	off 1.0		neg 0.3819004593311423 __DUMMY__ 0.3335642514976702 off 0.28453528917118753	false	0.5
missmutig	neg 1.0		neg 0.381371799404853 __DUMMY__ 0.3350069456154514 off 0.28362125497969565	false	1.0
hurenbock	off 1.0		neg 0.38122027561957 __DUMMY__ 0.33664697895604623 off 0.2821327454243838	false	0.5
betrunken	neg 1.0		neg 0.37904353123846546 __DUMMY__ 0.3343298823997611 off 0.2866265863617736	false	1.0
korrupt	off 1.0		neg 0.3935476963052031 __DUMMY__ 0.3312712039537502 off 0.27518109974104654	false	0.5
unmut	neg 1.0		neg 0.3924441045939896 __DUMMY__ 0.3351358434861226 off 0.27242005191988783	false	1.0
hackfresse	off 1.0		neg 0.3765715739037418 __DUMMY__ 0.33188325056481904 off 0.2915451755314391	false	0.5
aufblasen	neg 1.0		neg 0.38310736945339086 __DUMMY__ 0.3357489417888426 off 0.2811436887577666	false	1.0
gewaltsam	neg 1.0		neg 0.38859305364162006 __DUMMY__ 0.33207445762402465 off 0.2793324887343552	false	1.0
unbeliebtheit	neg 1.0		neg 0.38831273237501834 __DUMMY__ 0.32816856309236664 off 0.2835187045326152	false	1.0
sturheit	neg 1.0		neg 0.3906859474339342 __DUMMY__ 0.3326010116551414 off 0.2767130409109243	false	1.0
kuh	neg 1.0		neg 0.38686597666414185 __DUMMY__ 0.33285544891605895 off 0.28027857441979925	false	1.0
erschrecken	neg 1.0		neg 0.3820625589257473 __DUMMY__ 0.33476855383760695 off 0.28316888723664563	false	1.0
opfer	neg 1.0	neg 1.0	neg 0.6857350193355015 __DUMMY__ 0.1621376754777503 off 0.1521273051867481	false	1.0
sinken	neg 1.0		neg 0.39117671799782 __DUMMY__ 0.33540106497704014 off 0.27342221702513997	false	1.0
stinktier	neg 1.0		neg 0.38067860068029563 __DUMMY__ 0.3313883631223194 off 0.28793303619738503	false	1.0
tucke	off 1.0		neg 0.3748458741714532 __DUMMY__ 0.33254782936377864 off 0.29260629646476827	false	0.5
ein			neg 0.3822430738483243 __DUMMY__ 0.3368744415878181 off 0.2808824845638576	false	0.0
abstieg	neg 1.0		neg 0.39027402311943454 __DUMMY__ 0.3331341661766538 off 0.27659181070391176	false	1.0
missverstehen	neg 1.0		neg 0.38702454077164444 __DUMMY__ 0.33265417878176873 off 0.2803212804465869	false	1.0
ergebnislos	neg 1.0		neg 0.38954566183164635 __DUMMY__ 0.3339388872658671 off 0.2765154509024865	false	1.0
unter			neg 0.390979081947114 __DUMMY__ 0.33934128037244415 off 0.26967963768044173	false	0.0
manipulieren	neg 1.0		neg 0.3914974883103278 __DUMMY__ 0.3342852721114579 off 0.2742172395782144	false	1.0
unbewiesen	neg 1.0		neg 0.3935370871712455 __DUMMY__ 0.32947554082003266 off 0.27698737200872164	false	1.0
verschleppen	neg 1.0		neg 0.39054156461832673 __DUMMY__ 0.333456693133229 off 0.2760017422484442	false	1.0
weib	off 1.0		neg 0.37644987347085623 __DUMMY__ 0.3309947468763947 off 0.29255537965274914	false	0.5
opposition	neg 1.0		neg 0.3891395136275151 __DUMMY__ 0.3311714250368304 off 0.27968906133565447	false	1.0
verkehrswidrig	neg 1.0		neg 0.37630855713905426 __DUMMY__ 0.3334219997764087 off 0.290269443084537	false	1.0
inkorrekt	neg 1.0		neg 0.38686239184851096 __DUMMY__ 0.3300286276066491 off 0.28310898054483996	false	1.0
vermeiden	neg 1.0		neg 0.39111190449501915 __DUMMY__ 0.33747467758018906 off 0.2714134179247919	false	1.0
abweichung	neg 1.0		neg 0.3937423941653249 __DUMMY__ 0.33130345937289774 off 0.27495414646177724	false	1.0
alkoholisiert	neg 1.0		neg 0.3873180302670947 __DUMMY__ 0.335516349361227 off 0.27716562037167825	false	1.0
scheiss	off 1.0	off 1.0	off 0.6280785927112486 neg 0.21031172961279399 __DUMMY__ 0.16160967767595752	false	1.0
herausforderung	neg 1.0		neg 0.38377011744689277 __DUMMY__ 0.3379762619559422 off 0.278253620597165	false	1.0
pervers	off 1.0		neg 0.37380468408364287 __DUMMY__ 0.3306657375264227 off 0.29552957838993443	false	0.5
wackelig	neg 1.0		neg 0.38397371282954335 __DUMMY__ 0.3378961521257754 off 0.2781301350446813	false	1.0
verwickeln	neg 1.0		neg 0.38594770343086543 __DUMMY__ 0.33354373223727685 off 0.2805085643318578	false	1.0
vorwand	neg 1.0		neg 0.3925371876049007 __DUMMY__ 0.33447525513117266 off 0.2729875572639267	false	1.0
muschi	off 1.0		neg 0.3878414033063244 __DUMMY__ 0.3330817595693499 off 0.2790768371243256	false	0.5
entmutigung	neg 1.0		neg 0.39337444619276507 __DUMMY__ 0.32788643645232546 off 0.27873911735490947	false	1.0
unangemessen	neg 1.0		neg 0.39190551808536245 __DUMMY__ 0.3326172028695644 off 0.27547727904507313	false	1.0
unstetig	neg 1.0		neg 0.38485215127524813 __DUMMY__ 0.3326197280011445 off 0.2825281207236074	false	1.0
entmutigen	neg 1.0		neg 0.3848968413331684 __DUMMY__ 0.3347481421897385 off 0.28035501647709316	false	1.0
schwanz	neg 1.0		neg 0.38800957906833944 __DUMMY__ 0.3346213042038392 off 0.27736911672782133	false	1.0
verbot	neg 1.0		neg 0.39186743002444774 __DUMMY__ 0.331914222501272 off 0.27621834747428026	false	1.0
leid	neg 1.0		neg 0.37789222200288636 __DUMMY__ 0.33239842817595155 off 0.2897093498211621	false	1.0
archaisch	neg 1.0		neg 0.39085418190980936 __DUMMY__ 0.33294067452008386 off 0.2762051435701069	false	1.0
gegen			neg 0.39272697709093085 __DUMMY__ 0.3340009787111403 off 0.27327204419792883	false	0.0
scheidung	neg 1.0	neg 1.0	neg 0.6718807823719771 off 0.16818088671903486 __DUMMY__ 0.159938330908988	false	1.0
einschlag	neg 1.0		neg 0.37839816129039505 __DUMMY__ 0.33239786424009715 off 0.28920397446950785	false	1.0
m			neg 0.3860279540231718 __DUMMY__ 0.3356285934826166 off 0.27834345249421155	false	0.0
abgestanden	neg 1.0		neg 0.38485418321225456 __DUMMY__ 0.33546808721303395 off 0.2796777295747115	false	1.0
schmierig	off 1.0		neg 0.3777628674348288 __DUMMY__ 0.3333010812475491 off 0.288936051317622	false	0.5
unpraktisch	neg 1.0		neg 0.3826798068943578 __DUMMY__ 0.336055652201601 off 0.2812645409040413	false	1.0
wixxer	off 1.0		neg 0.37530758827577004 __DUMMY__ 0.3295784809481347 off 0.2951139307760953	false	0.5
bezeichnet			neg 0.38937237870396163 __DUMMY__ 0.3330742021702707 off 0.27755341912576786	false	0.0
jammerlappen	off 1.0		neg 0.38264722483335833 __DUMMY__ 0.33368661735680966 off 0.2836661578098319	false	0.5
farce	neg 1.0		neg 0.3950046182626125 __DUMMY__ 0.32962757200158044 off 0.2753678097358071	false	1.0
zwecklos	neg 1.0		neg 0.39105345600181807 __DUMMY__ 0.33342179248050585 off 0.27552475151767614	false	1.0
turbulent	neg 1.0		neg 0.38066678305226614 __DUMMY__ 0.33199182028637847 off 0.2873413966613554	false	1.0
invasion	neg 1.0		neg 0.38206737825566806 __DUMMY__ 0.3348799336468379 off 0.28305268809749395	false	1.0
schuld	neg 1.0		neg 0.3866177752942006 __DUMMY__ 0.3338079966901697 off 0.2795742280156297	false	1.0
risiko	neg 1.0		neg 0.3804878612960471 __DUMMY__ 0.3357608042005965 off 0.2837513345033564	false	1.0
finster	neg 1.0		neg 0.38367923064263 __DUMMY__ 0.33604265185349413 off 0.280278117503876	false	1.0
geisteskrank	off 1.0		neg 0.38452009108287843 __DUMMY__ 0.33121830167830707 off 0.2842616072388146	false	0.5
zusammenbrechen	neg 1.0		neg 0.38654822472510175 __DUMMY__ 0.33554916825298525 off 0.2779026070219129	false	1.0
ausbeute	neg 1.0		neg 0.38599070380591943 __DUMMY__ 0.3367058585711156 off 0.27730343762296494	false	1.0
hinterhalt	neg 1.0		neg 0.3854359682519907 __DUMMY__ 0.33416500816030553 off 0.2803990235877036	false	1.0
kritik	neg 1.0		neg 0.393697700716028 __DUMMY__ 0.3304818878477524 off 0.2758204114362196	false	1.0
einschrumpfen	neg 1.0		neg 0.3870913072082163 __DUMMY__ 0.3309550374216787 off 0.28195365537010486	false	1.0
riskant	neg 1.0		neg 0.3897644896184673 __DUMMY__ 0.33511959800112984 off 0.2751159123804029	false	1.0
frustrieren	neg 1.0		neg 0.3909204453084449 __DUMMY__ 0.33443917196126444 off 0.2746403827302907	false	1.0
groll	neg 1.0		neg 0.3905485884885379 __DUMMY__ 0.3335947179485802 off 0.275856693562882	false	1.0
gibt			neg 0.388695371439214 __DUMMY__ 0.33448619388389444 off 0.27681843467689154	false	0.0
qualvoll	neg 1.0		neg 0.38297979524880205 __DUMMY__ 0.335034648332373 off 0.28198555641882483	false	1.0
wackeln	neg 1.0		neg 0.3819809583604594 __DUMMY__ 0.33687956753995807 off 0.28113947409958256	false	1.0
klagen	neg 1.0		neg 0.39307912711545884 __DUMMY__ 0.334163701718387 off 0.2727571711661541	false	1.0
bankrott	neg 1.0		neg 0.38071639851323047 __DUMMY__ 0.33458994502427214 off 0.28469365646249745	false	1.0
trauern	neg 1.0		neg 0.3893812140631755 __DUMMY__ 0.3351636072693154 off 0.2754551786675091	false	1.0
ablehnung	neg 1.0	neg 1.0	neg 0.6873017897824628 __DUMMY__ 0.16017158223085737 off 0.15252662798667985	false	1.0
stur	neg 1.0		neg 0.38581095284597655 __DUMMY__ 0.3340399075934456 off 0.2801491395605778	false	1.0
aufruhr	neg 1.0		neg 0.3900726420016797 __DUMMY__ 0.33152138333109615 off 0.2784059746672242	false	1.0
melancholie	neg 1.0		neg 0.3857115130884929 __DUMMY__ 0.3367226864557744 off 0.2775658004557328	false	1.0
ist			neg 0.38606401224014825 __DUMMY__ 0.33375839720836975 off 0.28017759055148206	false	0.0
torheit	neg 1.0		neg 0.39152139069572195 __DUMMY__ 0.3302214842406986 off 0.27825712506357964	false	1.0
dreckskind	off 1.0		neg 0.3818339484202171 __DUMMY__ 0.32920336098789127 off 0.28896269059189167	false	0.5
umtauschen	neg 1.0		neg 0.38496918485990433 __DUMMY__ 0.33577512931492676 off 0.27925568582516885	false	1.0
zum			neg 0.3872452854569939 __DUMMY__ 0.3395646176330965 off 0.2731900969099098	false	0.0
zersetzen	neg 1.0		neg 0.3921497539130858 __DUMMY__ 0.3342445628824015 off 0.2736056832045126	false	1.0
zur			neg 0.39295914021032835 __DUMMY__ 0.33599546738611114 off 0.2710453924035604	false	0.0
frust	neg 1.0		neg 0.3874799484662997 __DUMMY__ 0.33514005459123486 off 0.2773799969424655	false	1.0
unerbittlichkeit	neg 1.0		neg 0.3920683592312443 __DUMMY__ 0.3336799887112062 off 0.27425165205754937	false	1.0
zwei			neg 0.38766217617679305 __DUMMY__ 0.33810079302384044 off 0.27423703079936657	false	0.0
unkorrekt	neg 1.0		neg 0.38433982328978944 __DUMMY__ 0.3310378522833888 off 0.2846223244268218	false	1.0
hexe	off 1.0		neg 0.38140087376979326 __DUMMY__ 0.333902350579924 off 0.28469677565028256	false	0.5
lasch	neg 1.0		neg 0.38596479077097645 __DUMMY__ 0.3324577754894588 off 0.28157743373956473	false	1.0
rivale	neg 1.0		neg 0.3802954039087652 __DUMMY__ 0.33168023560481286 off 0.28802436048642194	false	1.0
mutlos	off 1.0	off 1.0	off 0.6218006346442564 neg 0.2171444877240382 __DUMMY__ 0.1610548776317053	false	1.0
wirr	off 1.0		neg 0.3824439186256996 __DUMMY__ 0.3310991005784454 off 0.286456980795855	false	0.5
jahr			neg 0.386766933903694 __DUMMY__ 0.3370529810914371 off 0.276180085004869	false	0.0
wird			neg 0.38953316236634355 __DUMMY__ 0.33485920424654825 off 0.2756076333871082	false	0.0
strafbar	neg 1.0		neg 0.3930444286834858 __DUMMY__ 0.33277798942877945 off 0.2741775818877347	false	1.0
erosion	neg 1.0		neg 0.3828157922552759 __DUMMY__ 0.33556821123562086 off 0.2816159965091034	false	1.0
eingehen	neg 1.0		neg 0.3908278468835072 __DUMMY__ 0.3338164615010545 off 0.2753556916154382	false	1.0
faul	off 1.0		neg 0.3798151139216941 __DUMMY__ 0.33567270190856924 off 0.28451218416973667	false	0.5
provisorium	neg 1.0		neg 0.39328034602391265 __DUMMY__ 0.3382519924240452 off 0.26846766155204216	false	1.0
schmerzen	neg 1.0		neg 0.3860685859895714 __DUMMY__ 0.33561144470882154 off 0.27831996930160713	false	1.0
schrumpfen	neg 1.0		neg 0.39252455733664104 __DUMMY__ 0.3365305548868481 off 0.2709448877765109	false	1.0
geistlos	off 1.0		neg 0.39073564457283033 __DUMMY__ 0.3296317488899416 off 0.27963260653722793	false	0.5
fehlkauf	neg 1.0		neg 0.3849726825657032 __DUMMY__ 0.3331475095326576 off 0.28187980790163936	false	1.0
frustrierend	neg 1.0	neg 1.0	neg 0.6817968076095321 __DUMMY__ 0.16192871614580365 off 0.15627447624466428	false	1.0
unzufrieden	neg 1.0		neg 0.38975424525061736 __DUMMY__ 0.33422229522647917 off 0.27602345952290347	false	1.0
verzweifeln	neg 1.0		neg 0.3865890183548389 __DUMMY__ 0.33497740376608354 off 0.27843357787907747	false	1.0
verzweifelt	neg 1.0		neg 0.3857393401123689 __DUMMY__ 0.3341625520046608 off 0.28009810788297035	false	1.0
misstrauensantrag	neg 1.0		neg 0.38625193314813877 __DUMMY__ 0.332374479934365 off 0.28137358691749625	false	1.0
abfallen	neg 1.0		neg 0.3815733993252971 __DUMMY__ 0.3370670988333338 off 0.281359501841369	false	1.0
fucker	off 1.0		neg 0.38091921495214115 __DUMMY__ 0.33217567906106593 off 0.2869051059867928	false	0.5
ungezogen	neg 1.0		neg 0.37469492472847954 __DUMMY__ 0.3319308907481412 off 0.29337418452337927	false	1.0
irrsinnig	neg 1.0	neg 1.0	neg 0.684357149684831 __DUMMY__ 0.16138148768834762 off 0.15426136262682139	false	1.0
unfassbar	neg 1.0		neg 0.38236041198433296 __DUMMY__ 0.33351128935575153 off 0.2841282986599154	false	1.0
hart	neg 1.0		neg 0.38368775780002634 __DUMMY__ 0.33239453508695166 off 0.28391770711302194	false	1.0
widerlich	off 1.0		neg 0.3829151310623681 __DUMMY__ 0.3324923295237628 off 0.2845925394138691	false	0.5
fatal	neg 1.0		neg 0.38469259965167923 __DUMMY__ 0.3334170570507287 off 0.2818903432975922	false	1.0
bruch	neg 1.0		neg 0.395190700012603 __DUMMY__ 0.33319526767666263 off 0.27161403231073444	false	1.0
aushungern	neg 1.0		neg 0.39024858431127746 __DUMMY__ 0.33164346749256385 off 0.2781079481961588	false	1.0
anspannung	neg 1.0		neg 0.39034861978574437 __DUMMY__ 0.3369929687114245 off 0.2726584115028312	false	1.0
von			neg 0.3875834733040031 __DUMMY__ 0.33718568944701044 off 0.27523083724898656	false	0.0
kraftlos	neg 1.0		neg 0.3855666406017157 __DUMMY__ 0.3371305517901883 off 0.2773028076080959	false	1.0
vom			neg 0.39067082402789804 __DUMMY__ 0.3390572020279876 off 0.2702719739441143	false	0.0
grenzdebil	off 1.0		neg 0.38016848094096284 __DUMMY__ 0.3340778865964919 off 0.28575363246254526	false	0.5
vor			neg 0.3899466968971748 __DUMMY__ 0.3364722309294492 off 0.2735810721733759	false	0.0
unterwerfen	neg 1.0		neg 0.391238558591889 __DUMMY__ 0.33377733678074845 off 0.2749841046273625	false	1.0
versenkung	neg 1.0		neg 0.39041443356002276 __DUMMY__ 0.33467751072135554 off 0.27490805571862165	false	1.0
entziehen	neg 1.0		neg 0.3929675976806462 __DUMMY__ 0.3346146237119077 off 0.27241777860744615	false	1.0
finanzkrise	neg 1.0		neg 0.39143201806285616 __DUMMY__ 0.33116836277068173 off 0.27739961916646216	false	1.0
schimpfend	neg 1.0		neg 0.37967330185779263 __DUMMY__ 0.33768547089808215 off 0.28264122724412516	false	1.0
profan	neg 1.0		neg 0.38482088974318607 __DUMMY__ 0.3340580427362554 off 0.2811210675205586	false	1.0
korruption	neg 1.0		neg 0.3930109867435104 __DUMMY__ 0.3315224929630033 off 0.2754665202934862	false	1.0
â			neg 0.38721315876975815 __DUMMY__ 0.3355113076605422 off 0.2772755335696996	false	0.0
schmutzig	neg 1.0		neg 0.3785460157721181 __DUMMY__ 0.3354942244245297 off 0.28595975980335214	false	1.0
sexy	neg 1.0		neg 0.38210879742095827 __DUMMY__ 0.33408821165385744 off 0.2838029909251844	false	1.0
abraten	neg 1.0		neg 0.3838228064683945 __DUMMY__ 0.3352880339455709 off 0.28088915958603455	false	1.0
schwarz	neg 1.0		neg 0.38527771518007436 __DUMMY__ 0.33368150942463615 off 0.2810407753952894	false	1.0
fotze	off 1.0		neg 0.3892516889718215 __DUMMY__ 0.3335144501618416 off 0.277233860866337	false	0.5
verwirren	neg 1.0		neg 0.3837681928039348 __DUMMY__ 0.3341137839793518 off 0.2821180232167133	false	1.0
zahnlos	off 1.0		neg 0.3907070815780399 __DUMMY__ 0.3333708765280979 off 0.27592204189386227	false	0.5
verheeren	neg 1.0		neg 0.3759580123599048 __DUMMY__ 0.32954148503491143 off 0.2945005026051838	false	1.0
hippie	neg 1.0		neg 0.38281152868333096 __DUMMY__ 0.33379938876877663 off 0.2833890825478924	false	1.0
rammen	neg 1.0		neg 0.3827779663538108 __DUMMY__ 0.3346429058041004 off 0.2825791278420889	false	1.0
unlauter	neg 1.0	neg 1.0	neg 0.6836906418038297 __DUMMY__ 0.1609684615642317 off 0.1553408966319387	false	1.0
unheilvoll	neg 1.0		neg 0.38327411485241 __DUMMY__ 0.33508747888980006 off 0.28163840625778996	false	1.0
niedrig	neg 1.0		neg 0.38977936577078826 __DUMMY__ 0.33415120862765496 off 0.27606942560155673	false	1.0
explosion	neg 1.0		neg 0.38213150742812657 __DUMMY__ 0.33461703413273697 off 0.28325145843913657	false	1.0
weichei	off 1.0		neg 0.3777184922597271 __DUMMY__ 0.3320000579988084 off 0.2902814497414645	false	0.5
minusmensch	off 1.0		neg 0.3777987435932532 __DUMMY__ 0.3285128579575765 off 0.29368839844917033	false	0.5
farblos	neg 1.0		neg 0.3861007920378399 __DUMMY__ 0.33380737134220456 off 0.28009183661995546	false	1.0
unwissend	neg 1.0	neg 1.0	neg 0.6821603056907659 __DUMMY__ 0.16105151144733748 off 0.15678818286189664	false	1.0
traurig	neg 1.0		neg 0.3788447669020136 __DUMMY__ 0.33371263225970366 off 0.28744260083828277	false	1.0
senkung	neg 1.0		neg 0.3846704526574594 __DUMMY__ 0.33309313923140804 off 0.28223640811113254	false	1.0
ungleich	neg 1.0	neg 1.0	neg 0.6871077865137744 __DUMMY__ 0.16132812230056745 off 0.1515640911856582	false	1.0
heikel	neg 1.0		neg 0.391634239758814 __DUMMY__ 0.334613999098512 off 0.27375176114267397	false	1.0
drosselung	neg 1.0		neg 0.37767168700337983 __DUMMY__ 0.33412952044188615 off 0.288198792554734	false	1.0
falsch	neg 1.0		neg 0.38330427766854863 __DUMMY__ 0.33368847829094445 off 0.28300724404050703	false	1.0
unzufriedenheit	neg 1.0		neg 0.39237811519778787 __DUMMY__ 0.33425212650326497 off 0.2733697582989471	false	1.0
kurz	neg 1.0		neg 0.3848217349348313 __DUMMY__ 0.3367835437967023 off 0.2783947212684665	false	1.0
unsinnig	neg 1.0		neg 0.38963500162005404 __DUMMY__ 0.33393638875621384 off 0.27642860962373217	false	1.0
penner	off 1.0	off 1.0	off 0.6316170856576816 neg 0.20763516757247893 __DUMMY__ 0.16074774676983952	false	1.0
seicht	neg 1.0		neg 0.3782183864700446 __DUMMY__ 0.32990033535248214 off 0.2918812781774731	false	1.0
dummheit	off 1.0	off 1.0	off 0.6252306700785585 neg 0.21387124419685527 __DUMMY__ 0.16089808572458628	false	1.0
unerfreulich	neg 1.0		neg 0.3914179927718191 __DUMMY__ 0.33521014947282707 off 0.2733718577553539	false	1.0
motherfucker	off 1.0	off 1.0	off 0.6286512927336705 neg 0.2105736490213775 __DUMMY__ 0.16077505824495206	false	1.0
pikiert	neg 1.0		neg 0.3838875661901664 __DUMMY__ 0.3327821081093461 off 0.28333032570048755	false	1.0
wrack	neg 1.0		neg 0.3861372918360212 __DUMMY__ 0.33599384059598625 off 0.2778688675679926	false	1.0
gangster	neg 1.0		neg 0.3836803465818128 __DUMMY__ 0.3338349979827192 off 0.2824846554354681	false	1.0
krank	neg 1.0		neg 0.37892656562705945 __DUMMY__ 0.3349753357196862 off 0.2860980986532543	false	1.0
reich	neg 1.0		neg 0.38858924023451613 __DUMMY__ 0.32887471663924256 off 0.2825360431262414	false	1.0
gnadenlos	neg 1.0		neg 0.3858507800675517 __DUMMY__ 0.3341902159660218 off 0.27995900396642653	false	1.0
niedergeschlagen	neg 1.0		neg 0.387059351431591 __DUMMY__ 0.3352013968897515 off 0.27773925167865765	false	1.0
terrorisieren	off 1.0	off 1.0	off 0.6222827245378934 neg 0.21541287499239714 __DUMMY__ 0.1623044004697095	false	1.0
sinnlosigkeit	neg 1.0		neg 0.3904384709350508 __DUMMY__ 0.3335291276331904 off 0.2760324014317587	false	1.0
behindern	neg 1.0		neg 0.3846845280885858 __DUMMY__ 0.33562518300409505 off 0.2796902889073193	false	1.0
undemokratisch	neg 1.0		neg 0.3902401054115697 __DUMMY__ 0.33079546060946247 off 0.27896443397896775	false	1.0
wirtschaftskrise	neg 1.0		neg 0.391633099555091 __DUMMY__ 0.33244475195360895 off 0.2759221484913	false	1.0
neid	neg 1.0		neg 0.3813502371055233 __DUMMY__ 0.33526713131738217 off 0.2833826315770946	false	1.0
rutschen	neg 1.0		neg 0.3867923447851091 __DUMMY__ 0.3397495654563835 off 0.2734580897585074	false	1.0
rezession	neg 1.0		neg 0.3823404461847052 __DUMMY__ 0.3299027230381209 off 0.28775683077717396	false	1.0
fehlgeburt	neg 1.0		neg 0.3863401199424996 __DUMMY__ 0.333998317641161 off 0.27966156241633927	false	1.0
charakterschwach	off 1.0		neg 0.38284767603638753 __DUMMY__ 0.3326479210717292 off 0.2845044028918834	false	0.5
isolation	neg 1.0		neg 0.38110161245163254 __DUMMY__ 0.33402399099742935 off 0.28487439655093805	false	1.0
ablenkung	neg 1.0		neg 0.38480196944935996 __DUMMY__ 0.3353988436654997 off 0.2797991868851405	false	1.0
pech	neg 1.0		neg 0.38355901439470397 __DUMMY__ 0.33416226942016247 off 0.2822787161851335	false	1.0
vermeidung	neg 1.0		neg 0.37860323329576967 __DUMMY__ 0.33444778466835373 off 0.2869489820358764	false	1.0
dominieren	neg 1.0		neg 0.38795316826989984 __DUMMY__ 0.3342941462863978 off 0.27775268544370224	false	1.0
schwindlig	neg 1.0		neg 0.38115283824696866 __DUMMY__ 0.33592240244944266 off 0.28292475930358874	false	1.0
lutscher	neg 1.0		neg 0.37685601902261434 __DUMMY__ 0.33015350362517915 off 0.29299047735220646	false	1.0
pflicht	neg 1.0		neg 0.3921903017905433 __DUMMY__ 0.3343771997715668 off 0.27343249843789	false	1.0
faschist	off 1.0		neg 0.38959352011640364 __DUMMY__ 0.3305059336608842 off 0.2799005462227121	false	0.5
verschleudern	neg 1.0		neg 0.3917834653791229 __DUMMY__ 0.3327942901944631 off 0.27542224442641405	false	1.0
wenn			neg 0.38282799741557794 __DUMMY__ 0.3339995273709308 off 0.2831724752134913	false	0.0
ehebruch	neg 1.0		neg 0.39178782600407763 __DUMMY__ 0.3331235314720895 off 0.2750886425238328	false	1.0
spott	off 1.0		neg 0.39232104087808234 __DUMMY__ 0.3332502349681997 off 0.27442872415371805	false	0.5
trostlosigkeit	neg 1.0		neg 0.395618459033541 __DUMMY__ 0.33202929470082654 off 0.2723522462656325	false	1.0
lutschen	neg 1.0		neg 0.38423895669926744 __DUMMY__ 0.33231872512423327 off 0.28344231817649923	false	1.0
undiszipliniert	neg 1.0		neg 0.38014055850280876 __DUMMY__ 0.3333122940785619 off 0.2865471474186293	false	1.0
kopfschmerz	neg 1.0		neg 0.38694001923046395 __DUMMY__ 0.3346179712456719 off 0.27844200952386405	false	1.0
unvorhergesehen	neg 1.0		neg 0.3844025712502501 __DUMMY__ 0.3372302853371634 off 0.2783671434125865	false	1.0
desinteressiert	neg 1.0		neg 0.38182367060714506 __DUMMY__ 0.3324456959276915 off 0.2857306334651633	false	1.0
armselig	off 1.0		neg 0.38170475240591567 __DUMMY__ 0.33179016986178256 off 0.28650507773230177	false	0.5
desaster	neg 1.0		neg 0.39517045166457554 __DUMMY__ 0.33342008941505225 off 0.27140945892037227	false	1.0
tod	neg 1.0		neg 0.393259960613086 __DUMMY__ 0.33234350632852766 off 0.27439653305838646	false	1.0
herzlos	neg 1.0		neg 0.3785023631076928 __DUMMY__ 0.33340688412832614 off 0.2880907527639812	false	1.0
unwissenheit	neg 1.0		neg 0.39157249235691655 __DUMMY__ 0.33282766729470203 off 0.2755998403483815	false	1.0
widersinnig	neg 1.0		neg 0.3928751303672645 __DUMMY__ 0.33103753746797904 off 0.2760873321647564	false	1.0
bedenklich	neg 1.0		neg 0.3909339288732011 __DUMMY__ 0.33432074194704287 off 0.27474532917975614	false	1.0
beanstanden	neg 1.0		neg 0.3921907187024463 __DUMMY__ 0.33462803300206395 off 0.2731812482954896	false	1.0
panisch	neg 1.0	neg 1.0	neg 0.6801739838512405 __DUMMY__ 0.16357734864358547 off 0.15624866750517402	false	1.0
debil	off 1.0		neg 0.3941800983586374 __DUMMY__ 0.3353274359224582 off 0.27049246571890445	false	0.5
abstrich	neg 1.0		neg 0.3827446061686702 __DUMMY__ 0.33660662053088103 off 0.28064877330044885	false	1.0
primitiv	neg 1.0		neg 0.38255953297332396 __DUMMY__ 0.3323098650174247 off 0.2851306020092514	false	1.0
abschaum	off 1.0	off 1.0	off 0.6266199394628075 neg 0.21276876119617044 __DUMMY__ 0.16061129934102203	false	1.0
provozieren	neg 1.0		neg 0.38829377968027945 __DUMMY__ 0.3330444146979857 off 0.27866180562173476	false	1.0
tot	neg 1.0		neg 0.38896854494035343 __DUMMY__ 0.33342163422291826 off 0.27760982083672825	false	1.0
instabil	neg 1.0		neg 0.3824156193850033 __DUMMY__ 0.33048527028334385 off 0.2870991103316528	false	1.0
schwuchtel	off 1.0		neg 0.37425137857841184 __DUMMY__ 0.3279603701332026 off 0.2977882512883855	false	0.5
zerren	neg 1.0		neg 0.38687469965442256 __DUMMY__ 0.33538109887822964 off 0.27774420146734774	false	1.0
kinderficker	off 1.0		neg 0.38026528939392734 __DUMMY__ 0.33100577516790325 off 0.2887289354381693	false	0.5
gefahr	neg 1.0		neg 0.39150583447684006 __DUMMY__ 0.33349827857773817 off 0.27499588694542176	false	1.0
rabiat	neg 1.0		neg 0.3867148397650533 __DUMMY__ 0.33428840974316565 off 0.2789967504917811	false	1.0
verlangsamung	neg 1.0		neg 0.37886816263955314 __DUMMY__ 0.32972511492175927 off 0.29140672243868765	false	1.0
ausgestorben	neg 1.0		neg 0.3871848553883565 __DUMMY__ 0.3351051155734361 off 0.2777100290382075	false	1.0
anklagen	neg 1.0		neg 0.389500583929158 __DUMMY__ 0.3327015506846052 off 0.2777978653862368	false	1.0
trott	neg 1.0		neg 0.3854345775826509 __DUMMY__ 0.33504106380077886 off 0.2795243586165702	false	1.0
verminderung	neg 1.0		neg 0.37963494550070775 __DUMMY__ 0.3331784098766369 off 0.28718664462265525	false	1.0
nach			neg 0.3893541508571778 __DUMMY__ 0.33825260936185003 off 0.2723932397809721	false	0.0
rost	neg 1.0		neg 0.3761877106731648 __DUMMY__ 0.33119504573255965 off 0.2926172435942755	false	1.0
destruktiv	neg 1.0		neg 0.3904450471923982 __DUMMY__ 0.3325126302642933 off 0.2770423225433084	false	1.0
unzumutbarkeit	neg 1.0		neg 0.3791525017432406 __DUMMY__ 0.33403723761612325 off 0.2868102606406359	false	1.0
labil	off 1.0	off 1.0	off 0.6274393481423508 neg 0.21168724258197033 __DUMMY__ 0.1608734092756789	false	1.0
ziemlich	neg 1.0		neg 0.38116333157288773 __DUMMY__ 0.33383214298910874 off 0.2850045254380035	false	1.0
lachnummer	off 1.0		neg 0.3900827376334002 __DUMMY__ 0.3327219891383642 off 0.2771952732282357	false	0.5
oder			neg 0.3846634585458988 __DUMMY__ 0.3357414155826193 off 0.27959512587148183	false	0.0
verfall	neg 1.0		neg 0.39429301484392404 __DUMMY__ 0.33539688301652804 off 0.2703101021395479	false	1.0
ausgrenzung	neg 1.0		neg 0.3894098216384147 __DUMMY__ 0.3308240522264719 off 0.2797661261351134	false	1.0
unordnung	neg 1.0		neg 0.380263358091049 __DUMMY__ 0.3313175365038569 off 0.28841910540509397	false	1.0
fehlverhalten	neg 1.0		neg 0.39232752587328923 __DUMMY__ 0.3334320506860357 off 0.2742404234406752	false	1.0
eine			neg 0.3904492247366191 __DUMMY__ 0.33593965875883286 off 0.27361111650454795	false	0.0
nille	neg 1.0		neg 0.38892887900683004 __DUMMY__ 0.3325676535763955 off 0.2785034674167745	false	1.0
qual	neg 1.0		neg 0.38577772181546033 __DUMMY__ 0.3348704106584782 off 0.27935186752606145	false	1.0
verschwenden	neg 1.0		neg 0.39029941105175325 __DUMMY__ 0.33467406035735336 off 0.2750265285908932	false	1.0
riesig	neg 1.0		neg 0.3869194219990944 __DUMMY__ 0.33472387703631296 off 0.2783567009645927	false	1.0
verurteilen	neg 1.0		neg 0.3916666212351581 __DUMMY__ 0.3325914317916749 off 0.2757419469731671	false	1.0
klischee	neg 1.0	neg 1.0	neg 0.6836325693710371 __DUMMY__ 0.16074544432001092 off 0.15562198630895197	false	1.0
diktatorisch	neg 1.0		neg 0.39195735892960026 __DUMMY__ 0.3297724030027408 off 0.27827023806765894	false	1.0
vorhersehbar	neg 1.0		neg 0.38790191256219886 __DUMMY__ 0.3320436099909491 off 0.28005447744685197	false	1.0
sowie			neg 0.3798473693122096 __DUMMY__ 0.33018134373143254 off 0.2899712869563578	false	0.0
stornieren	neg 1.0		neg 0.38166493782983374 __DUMMY__ 0.33550781730381984 off 0.2828272448663463	false	1.0
besteuerung	neg 1.0		neg 0.38685178412483845 __DUMMY__ 0.33303572406887405 off 0.28011249180628733	false	1.0
ungeschminkt	neg 1.0		neg 0.38181363048826994 __DUMMY__ 0.332930945113277 off 0.2852554243984532	false	1.0
kritisch	neg 1.0		neg 0.39214489017398224 __DUMMY__ 0.33333096012925706 off 0.2745241496967607	false	1.0
schlamperei	off 1.0		neg 0.39135702442363657 __DUMMY__ 0.33330969434097996 off 0.27533328123538353	false	0.5
sucht	neg 1.0	neg 1.0	neg 0.679299645535077 __DUMMY__ 0.16368039812883325 off 0.15701995633608978	false	1.0
egoistisch	off 1.0		neg 0.3776968636193099 __DUMMY__ 0.33214119412489457 off 0.2901619422557956	false	0.5
ausbeuter	off 1.0		neg 0.3936864396006816 __DUMMY__ 0.33282874265460693 off 0.27348481774471134	false	0.5
arschgeburt	off 1.0		neg 0.37440138913041365 __DUMMY__ 0.3279643658756027 off 0.2976342449939835	false	0.5
schubs	neg 1.0	neg 1.0	neg 0.6832574292988955 __DUMMY__ 0.16333743077422486 off 0.15340513992687962	false	1.0
unsolide	neg 1.0		neg 0.3897814153752043 __DUMMY__ 0.328662225268671 off 0.28155635935612466	false	1.0
beschwerde	neg 1.0		neg 0.39042529750691307 __DUMMY__ 0.33334688121232436 off 0.27622782128076256	false	1.0
stocken	neg 1.0		neg 0.38861588251719514 __DUMMY__ 0.33488068006016464 off 0.27650343742264033	false	1.0
isolieren	neg 1.0		neg 0.3849419013325421 __DUMMY__ 0.3358321566179372 off 0.27922594204952084	false	1.0
unheilbar	neg 1.0		neg 0.38714806342124325 __DUMMY__ 0.3335596712131434 off 0.2792922653656132	false	1.0
pisser	off 1.0		neg 0.38121724021471715 __DUMMY__ 0.3312244193474116 off 0.2875583404378713	false	0.5
löschen	neg 1.0		neg 0.38588022458187804 __DUMMY__ 0.3338349772058586 off 0.28028479821226343	false	1.0
durchfallen	neg 1.0		neg 0.3899782205211217 __DUMMY__ 0.33452986331530205 off 0.2754919161635764	false	1.0
wichser	off 1.0		neg 0.374687827083015 __DUMMY__ 0.33069027412520946 off 0.2946218987917756	false	0.5
terror	neg 1.0		neg 0.3808732792079236 __DUMMY__ 0.33515386958557786 off 0.28397285120649857	false	1.0
krass	neg 1.0		neg 0.37915268597763957 __DUMMY__ 0.33268690744687734 off 0.28816040657548314	false	1.0
revolte	neg 1.0	neg 1.0	neg 0.6857757917585147 __DUMMY__ 0.15922401252479568 off 0.1550001957166897	false	1.0
besorgt	neg 1.0		neg 0.38371308847934205 __DUMMY__ 0.33739128579524585 off 0.27889562572541216	false	1.0
nachlassen	neg 1.0		neg 0.3871856854792107 __DUMMY__ 0.3354693164402411 off 0.27734499808054836	false	1.0
alt	neg 1.0		neg 0.38681248353031017 __DUMMY__ 0.3369747200391667 off 0.27621279643052327	false	1.0
hundesohn	off 1.0		neg 0.3777007373791058 __DUMMY__ 0.32923811356548977 off 0.29306114905540437	false	0.5
als			neg 0.3874483087744316 __DUMMY__ 0.3355910076271038 off 0.27696068359846454	false	0.0
abschreckung	neg 1.0		neg 0.392908076110121 __DUMMY__ 0.3339757523559961 off 0.27311617153388296	false	1.0
unqualifiziert	neg 1.0		neg 0.3866941483638038 __DUMMY__ 0.33252364190282724 off 0.2807822097333691	false	1.0
abgewichst	off 1.0		neg 0.388243575817707 __DUMMY__ 0.33377444020432673 off 0.2779819839779663	false	0.5
schwer	neg 1.0		neg 0.38628840928208297 __DUMMY__ 0.3350142067082753 off 0.27869738400964167	false	1.0
bedeutungslosigkeit	neg 1.0		neg 0.39298019698016756 __DUMMY__ 0.33349319784281173 off 0.2735266051770207	false	1.0
kapitulation	neg 1.0		neg 0.39470136478555634 __DUMMY__ 0.33083633115598615 off 0.27446230405845756	false	1.0
unscharf	neg 1.0		neg 0.3838674541387206 __DUMMY__ 0.33389599490476574 off 0.2822365509565137	false	1.0
schwinden	neg 1.0		neg 0.39067133456315783 __DUMMY__ 0.3347235544606492 off 0.2746051109761929	false	1.0
versklavung	neg 1.0	neg 1.0	neg 0.6859979953815138 __DUMMY__ 0.15998691315239935 off 0.1540150914660868	false	1.0
schlecht	neg 1.0		neg 0.3803345989717811 __DUMMY__ 0.33412327167427774 off 0.2855421293539411	false	1.0
verhasst	neg 1.0		neg 0.3888945288386512 __DUMMY__ 0.33261743874497124 off 0.27848803241637765	false	1.0
beschweren	neg 1.0		neg 0.3845008360286916 __DUMMY__ 0.33461583978786014 off 0.2808833241834482	false	1.0
scheiden	neg 1.0		neg 0.3867532324831775 __DUMMY__ 0.3346994655827375 off 0.27854730193408506	false	1.0
frustriert	neg 1.0		neg 0.3879462678362851 __DUMMY__ 0.33462762035336624 off 0.2774261118103487	false	1.0
schimmelig	neg 1.0		neg 0.39024558494882966 __DUMMY__ 0.3342140884494208 off 0.27554032660174954	false	1.0
fisch	neg 1.0	neg 1.0	neg 0.6831141095888684 __DUMMY__ 0.16339689449674652 off 0.153488995914385	false	1.0
schmuggel	neg 1.0		neg 0.38849612629462454 __DUMMY__ 0.33642721233636685 off 0.27507666136900866	false	1.0
auffallen	neg 1.0		neg 0.3844585102426231 __DUMMY__ 0.33427936428987537 off 0.28126212546750146	false	1.0
konkurrenz	neg 1.0		neg 0.38996016043928317 __DUMMY__ 0.3360937126190156 off 0.27394612694170123	false	1.0
teufelskreis	neg 1.0		neg 0.3889498802136394 __DUMMY__ 0.3337829040218154 off 0.27726721576454516	false	1.0
aufschreien	neg 1.0		neg 0.3867199386044199 __DUMMY__ 0.3328250815155118 off 0.28045497988006834	false	1.0
schuldner	neg 1.0		neg 0.39250349408602214 __DUMMY__ 0.3330493262603577 off 0.27444717965362025	false	1.0
missgeburt	off 1.0	off 1.0	off 0.6306876001955224 neg 0.20933615399796843 __DUMMY__ 0.1599762458065092	false	1.0
arbeitslos	neg 1.0		neg 0.3900387106612356 __DUMMY__ 0.3337917409565242 off 0.2761695483822404	false	1.0
befallen	neg 1.0		neg 0.39318084264152886 __DUMMY__ 0.33151625885288005 off 0.2753028985055912	false	1.0
miesepetrig	off 1.0		neg 0.3802141417103774 __DUMMY__ 0.33445439959267137 off 0.28533145869695126	false	0.5
alarmieren	neg 1.0		neg 0.3842861217142134 __DUMMY__ 0.33201752907784016 off 0.2836963492079465	false	1.0
ungeduscht	off 1.0		neg 0.3834010258372584 __DUMMY__ 0.33411791260062274 off 0.2824810615621189	false	0.5
knappheit	neg 1.0		neg 0.38939906282896775 __DUMMY__ 0.3338488480916113 off 0.2767520890794209	false	1.0
schlange	neg 1.0		neg 0.38319107246786466 __DUMMY__ 0.33560750127025685 off 0.2812014262618786	false	1.0
harsch	neg 1.0		neg 0.3748261894013766 __DUMMY__ 0.3332439612782768 off 0.29192984932034655	false	1.0
lang	neg 1.0		neg 0.3851195140084854 __DUMMY__ 0.334281151470159 off 0.2805993345213556	false	1.0
ziellos	neg 1.0		neg 0.38861209384821616 __DUMMY__ 0.3351451997183073 off 0.27624270643347654	false	1.0
selbstverliebt	neg 1.0		neg 0.37668678204575007 __DUMMY__ 0.3285254777883918 off 0.2947877401658583	false	1.0
beseitigen	neg 1.0		neg 0.3824824082961818 __DUMMY__ 0.33609357256846645 off 0.2814240191353518	false	1.0
dumm	off 1.0		neg 0.37808291333204275 __DUMMY__ 0.3313658394860451 off 0.29055124718191205	false	0.5
arbeitsloser	neg 1.0		neg 0.39051689053947525 __DUMMY__ 0.3340779923425963 off 0.27540511711792864	false	1.0
blitzen	neg 1.0		neg 0.3839832797430604 __DUMMY__ 0.3331752868817352 off 0.28284143337520434	false	1.0
hilflos	neg 1.0		neg 0.38802702038217796 __DUMMY__ 0.33483851041649476 off 0.27713446920132717	false	1.0
eklig	off 1.0		neg 0.37814615190000617 __DUMMY__ 0.33065011176930464 off 0.29120373633068924	false	0.5
begriff			neg 0.3889055965799551 __DUMMY__ 0.33396216968738013 off 0.27713223373266466	false	0.0
hungersnot	neg 1.0		neg 0.3924443825346967 __DUMMY__ 0.33058339031629924 off 0.2769722271490041	false	1.0
ungesetzlich	neg 1.0		neg 0.3895751554526472 __DUMMY__ 0.3303540890267355 off 0.28007075552061744	false	1.0
verschwendung	neg 1.0		neg 0.3911020352773377 __DUMMY__ 0.3347698109186712 off 0.27412815380399114	false	1.0
schmerzvoll	neg 1.0		neg 0.3846769758280244 __DUMMY__ 0.3345249473063853 off 0.2807980768655904	false	1.0
vorzeitig	neg 1.0		neg 0.38098973830485805 __DUMMY__ 0.3337767957516141 off 0.28523346594352783	false	1.0
unvollkommenheit	neg 1.0		neg 0.38650383316334613 __DUMMY__ 0.3341817848322266 off 0.2793143820044274	false	1.0
intervenieren	neg 1.0		neg 0.3938550222480618 __DUMMY__ 0.3324197413785155 off 0.27372523637342266	false	1.0
banause	off 1.0		neg 0.3773372658951682 __DUMMY__ 0.3300870196583682 off 0.29257571444646363	false	0.5
rebell	neg 1.0		neg 0.3902772409099223 __DUMMY__ 0.33580799889867624 off 0.27391476019140154	false	1.0
unlogisch	neg 1.0		neg 0.3808463412971288 __DUMMY__ 0.33217147070891817 off 0.2869821879939531	false	1.0
leiden	neg 1.0	neg 1.0	neg 0.682362694842805 __DUMMY__ 0.16499721594691374 off 0.15264008921028133	false	1.0
abschaffung	neg 1.0		neg 0.38818336675693255 __DUMMY__ 0.33240583844991084 off 0.27941079479315656	false	1.0
sturz	neg 1.0		neg 0.3881094877263975 __DUMMY__ 0.3320543194410748 off 0.2798361928325277	false	1.0
verkleinerung	neg 1.0		neg 0.38649470802782315 __DUMMY__ 0.33119610832668855 off 0.2823091836454881	false	1.0
schmarotzer	off 1.0		neg 0.39181292777138654 __DUMMY__ 0.3329624438876275 off 0.275224628340986	false	0.5
bestrafung	neg 1.0		neg 0.3866664957193497 __DUMMY__ 0.3334556787847703 off 0.27987782549588003	false	1.0
achtlos	neg 1.0		neg 0.38540096423424897 __DUMMY__ 0.335578749274534 off 0.27902028649121696	false	1.0
ungeheuer	neg 1.0		neg 0.3854211494065507 __DUMMY__ 0.333466127987417 off 0.2811127226060324	false	1.0
unaufrichtig	neg 1.0		neg 0.3880609510564905 __DUMMY__ 0.33103474439511676 off 0.2809043045483926	false	1.0
groggy	neg 1.0		neg 0.3836447873332071 __DUMMY__ 0.3334676331029879 off 0.2828875795638051	false	1.0
verletzlich	neg 1.0		neg 0.38166975021992305 __DUMMY__ 0.333108517367148 off 0.2852217324129289	false	1.0
ablehnen	neg 1.0		neg 0.39071242216140556 __DUMMY__ 0.3333347407215141 off 0.27595283711708024	false	1.0
