unsolidarisch	neg 1.0		neg 0.5805596327940294 off 0.4122890213371658 __DUMMY__ 0.007151345868804846	false	1.0
nachteilig	neg 1.0		neg 0.5799535360967573 off 0.4127940117194991 __DUMMY__ 0.007252452183743591	false	1.0
skeptisch	neg 1.0		neg 0.5822102915783501 off 0.4105121387295878 __DUMMY__ 0.007277569692062094	false	1.0
schrecklich	neg 1.0		neg 0.5679096964275111 off 0.4248707732378091 __DUMMY__ 0.007219530334679835	false	1.0
schlapp	neg 1.0		neg 0.570621508655429 off 0.42210408757314793 __DUMMY__ 0.007274403771422939	false	1.0
abfall	neg 1.0		neg 0.5838590496379027 off 0.40885556124196654 __DUMMY__ 0.0072853891201308685	false	1.0
widerspenstig	neg 1.0		neg 0.5754628913460127 off 0.41724435818706834 __DUMMY__ 0.007292750466918876	false	1.0
abrupt	neg 1.0		neg 0.5767960364936192 off 0.4159026652413781 __DUMMY__ 0.007301298265002743	false	1.0
unwirksam	neg 1.0		neg 0.5784434486333778 off 0.41436917222373726 __DUMMY__ 0.007187379142885042	false	1.0
angreifen	neg 1.0		neg 0.5816118713275454 off 0.41113375473685787 __DUMMY__ 0.007254373935596705	false	1.0
inkonsistent	neg 1.0		neg 0.5749930506388247 off 0.4177794369396007 __DUMMY__ 0.007227512421574657	false	1.0
abrutschen	neg 1.0		neg 0.5830165920261665 off 0.40968263525898646 __DUMMY__ 0.007300772714846996	false	1.0
unsicher	neg 1.0		neg 0.5762117519735939 off 0.4165153148627724 __DUMMY__ 0.007272933163633736	false	1.0
bauernkind	off 1.0		neg 0.5664436309971257 off 0.4264023299767611 __DUMMY__ 0.007154039026113298	false	0.5
angreifer	neg 1.0		neg 0.5747806336233918 off 0.4180128427605647 __DUMMY__ 0.007206523616043411	false	1.0
trennen	neg 1.0		neg 0.579109632931741 off 0.41356295657221975 __DUMMY__ 0.0073274104960391676	false	1.0
schmutz	neg 1.0		neg 0.5674424454028583 off 0.4252404628808726 __DUMMY__ 0.007317091716269118	false	1.0
inkonsistenz	neg 1.0	neg 1.0	neg 0.774823506037635 off 0.22173135363408372 __DUMMY__ 0.00344514032828125	false	1.0
erschreckend	neg 1.0		neg 0.578842494850946 off 0.4139109618267951 __DUMMY__ 0.007246543322258883	false	1.0
ertrinken	neg 1.0		neg 0.5790083323772847 off 0.413694171907003 __DUMMY__ 0.007297495715712343	false	1.0
pickelface	off 1.0		neg 0.5765873655263645 off 0.4161840998125236 __DUMMY__ 0.0072285346611119	false	0.5
seiner			neg 0.5810594386621404 off 0.41166893287152023 __DUMMY__ 0.007271628466339367	false	0.0
lauch	neg 1.0		neg 0.5821125687584867 off 0.410604542281204 __DUMMY__ 0.007282888960309138	false	1.0
unwichtig	neg 1.0		neg 0.5725550764196188 off 0.42021325821888034 __DUMMY__ 0.007231665361500915	false	1.0
steuerhinterziehung	neg 1.0		neg 0.5800801062327302 off 0.41272628047073534 __DUMMY__ 0.007193613296534504	false	1.0
schock	neg 1.0		neg 0.5766546426405662 off 0.41603946633785843 __DUMMY__ 0.007305891021575429	false	1.0
beule	neg 1.0		neg 0.5692324736367236 off 0.42350017644893323 __DUMMY__ 0.007267349914343226	false	1.0
vergelten	neg 1.0		neg 0.5678521860715002 off 0.42497005874221466 __DUMMY__ 0.007177755186285192	false	1.0
verdorbenheit	neg 1.0		neg 0.573085822518569 off 0.41961826574299116 __DUMMY__ 0.0072959117384398435	false	1.0
trauma	neg 1.0		neg 0.5748216265935414 off 0.41792946435502404 __DUMMY__ 0.007248909051434704	false	1.0
sinnlos	neg 1.0		neg 0.5746172387517894 off 0.4181335082454725 __DUMMY__ 0.007249253002738173	false	1.0
fettsack	off 1.0	off 1.0	off 0.6959673394326062 neg 0.30060589415929606 __DUMMY__ 0.0034267664080976272	false	1.0
feige	off 1.0		neg 0.5739618909997765 off 0.4188289772912833 __DUMMY__ 0.007209131708940265	false	0.5
abdanken	neg 1.0		neg 0.5812780788732599 off 0.41155783365974774 __DUMMY__ 0.007164087466992296	false	1.0
wichtigtuer	off 1.0	off 1.0	off 0.6908014076462763 neg 0.3057532290411955 __DUMMY__ 0.0034453633125281734	false	1.0
misslingen	neg 1.0		neg 0.5723338619963574 off 0.4203705386145644 __DUMMY__ 0.007295599389078203	false	1.0
untreu	off 1.0		neg 0.5713256315867111 off 0.42143740271144015 __DUMMY__ 0.007236965701848772	false	0.5
missmutig	neg 1.0		neg 0.5716227789685254 off 0.42110799279634886 __DUMMY__ 0.007269228235125743	false	1.0
hurenbock	off 1.0		neg 0.5724235724468806 off 0.42027179368222084 __DUMMY__ 0.00730463387089858	false	0.5
betrunken	neg 1.0		neg 0.568725473231485 off 0.4240205502995572 __DUMMY__ 0.0072539764689578765	false	1.0
korrupt	off 1.0		neg 0.5822943643864824 off 0.4105213545505621 __DUMMY__ 0.007184281062955495	false	0.5
unmut	neg 1.0		neg 0.5834453739304724 off 0.4092823743972902 __DUMMY__ 0.00727225167223747	false	1.0
hackfresse	off 1.0		neg 0.5646805683546782 off 0.4281210472737249 __DUMMY__ 0.0071983843715969845	false	0.5
aufblasen	neg 1.0		neg 0.5738853518913798 off 0.418828235229949 __DUMMY__ 0.007286412878671195	false	1.0
gewaltsam	neg 1.0		neg 0.5775101114536505 off 0.4152881042378157 __DUMMY__ 0.007201784308533943	false	1.0
unbeliebtheit	neg 1.0		neg 0.5748732353203121 off 0.4180137256351697 __DUMMY__ 0.007113039044518327	false	1.0
sturheit	neg 1.0		neg 0.5800708545097452 off 0.4127143162281054 __DUMMY__ 0.007214829262149475	false	1.0
kuh	neg 1.0		neg 0.5760439490892298 off 0.4167371515309681 __DUMMY__ 0.007218899379802111	false	1.0
erschrecken	neg 1.0		neg 0.572205086007058 off 0.42053055983364157 __DUMMY__ 0.007264354159300366	false	1.0
opfer	neg 1.0	neg 1.0	neg 0.7780307635133996 off 0.21849938699529037 __DUMMY__ 0.0034698494913099295	false	1.0
sinken	neg 1.0		neg 0.582218554646236 off 0.41050392713674083 __DUMMY__ 0.007277518217023232	false	1.0
stinktier	neg 1.0		neg 0.5686861454536516 off 0.42412741443496355 __DUMMY__ 0.0071864401113849825	false	1.0
tucke	off 1.0		neg 0.5632357630101323 off 0.429552101515342 __DUMMY__ 0.007212135474525539	false	0.5
ein			neg 0.5736455169217899 off 0.4190433120999947 __DUMMY__ 0.0073111709782153955	false	0.0
abstieg	neg 1.0		neg 0.5799380958688535 off 0.41283604423242726 __DUMMY__ 0.007225859898719128	false	1.0
missverstehen	neg 1.0		neg 0.5762018400151995 off 0.4165819161291818 __DUMMY__ 0.007216243855618835	false	1.0
ergebnislos	neg 1.0		neg 0.5796644801221769 off 0.41309110428399926 __DUMMY__ 0.007244415593824023	false	1.0
unter			neg 0.5843670582739122 off 0.40826528030345716 __DUMMY__ 0.007367661422630467	false	0.0
manipulieren	neg 1.0		neg 0.5819383716790963 off 0.4108088039976781 __DUMMY__ 0.007252824323225604	false	1.0
unbewiesen	neg 1.0		neg 0.5812003018235352 off 0.41165626685564305 __DUMMY__ 0.007143431320821667	false	1.0
verschleppen	neg 1.0		neg 0.580430370622 off 0.4123364090546897 __DUMMY__ 0.007233220323310263	false	1.0
weib	off 1.0		neg 0.5640198559968324 off 0.4288024949850436 __DUMMY__ 0.007177649018124023	false	0.5
opposition	neg 1.0		neg 0.5774621277726913 off 0.41535582792663256 __DUMMY__ 0.007182044300676149	false	1.0
verkehrswidrig	neg 1.0		neg 0.5653130574006288 off 0.42745502200753155 __DUMMY__ 0.0072319205918396495	false	1.0
inkorrekt	neg 1.0		neg 0.5744667258885253 off 0.4183774410842622 __DUMMY__ 0.007155833027212428	false	1.0
vermeiden	neg 1.0		neg 0.5833849034427888 off 0.409290143833595 __DUMMY__ 0.007324952723616181	false	1.0
abweichung	neg 1.0		neg 0.5824695286421424 off 0.41034578694851703 __DUMMY__ 0.007184684409340644	false	1.0
alkoholisiert	neg 1.0		neg 0.5781379929605016 off 0.4145829902522415 __DUMMY__ 0.007279016787256851	false	1.0
scheiss	off 1.0	off 1.0	off 0.6943738447486018 neg 0.30216800037503083 __DUMMY__ 0.003458154876367377	false	1.0
herausforderung	neg 1.0		neg 0.5760118767743208 off 0.41665243834689897 __DUMMY__ 0.007335684878780277	false	1.0
pervers	off 1.0		neg 0.5610484244874995 off 0.431781286575127 __DUMMY__ 0.007170288937373455	false	0.5
wackelig	neg 1.0		neg 0.5760750294804934 off 0.4165900359327143 __DUMMY__ 0.0073349345867923885	false	1.0
verwickeln	neg 1.0		neg 0.5756122737228241 off 0.41715127691317805 __DUMMY__ 0.00723644936399779	false	1.0
vorwand	neg 1.0		neg 0.5831251127262189 off 0.40961744363808883 __DUMMY__ 0.007257443635692275	false	1.0
muschi	off 1.0		neg 0.5773238393138796 off 0.4154507747026444 __DUMMY__ 0.0072253859834758615	false	0.5
entmutigung	neg 1.0		neg 0.5800626153082877 off 0.41283034814517766 __DUMMY__ 0.007107036546534496	false	1.0
unangemessen	neg 1.0		neg 0.5813421418461071 off 0.41144254815121917 __DUMMY__ 0.007215310002673711	false	1.0
unstetig	neg 1.0		neg 0.5738476155092743 off 0.41893885212228354 __DUMMY__ 0.0072135323684422185	false	1.0
entmutigen	neg 1.0		neg 0.575220616454097 off 0.4175159607820026 __DUMMY__ 0.007263422763900472	false	1.0
schwanz	neg 1.0		neg 0.5783993335389664 off 0.41434085288187694 __DUMMY__ 0.00725981357915656	false	1.0
verbot	neg 1.0		neg 0.5809142726398694 off 0.4118871198894061 __DUMMY__ 0.007198607470724443	false	1.0
leid	neg 1.0		neg 0.566379659803114 off 0.4264102934918447 __DUMMY__ 0.007210046705041253	false	1.0
archaisch	neg 1.0		neg 0.5804078219310793 off 0.41236970599470507 __DUMMY__ 0.007222472074215517	false	1.0
gegen			neg 0.58306957906706 off 0.40968418453051875 __DUMMY__ 0.007246236402421298	false	0.0
scheidung	neg 1.0	neg 1.0	neg 0.7627879758088434 off 0.2337905568762308 __DUMMY__ 0.003421467314925754	false	1.0
einschlag	neg 1.0		neg 0.5669519000341177 off 0.425838755339143 __DUMMY__ 0.007209344626739283	false	1.0
m			neg 0.5768991015082563 off 0.41581680363143175 __DUMMY__ 0.007284094860311896	false	0.0
abgestanden	neg 1.0		neg 0.5754669033878842 off 0.4172545339122239 __DUMMY__ 0.007278562699891779	false	1.0
schmierig	off 1.0		neg 0.5667870171513262 off 0.4259823923862652 __DUMMY__ 0.007230590462408623	false	0.5
unpraktisch	neg 1.0		neg 0.5736017486383667 off 0.41910513247703385 __DUMMY__ 0.007293118884599658	false	1.0
wixxer	off 1.0		neg 0.5619682965669766 off 0.4308860832787777 __DUMMY__ 0.007145620154245749	false	0.5
bezeichnet			neg 0.5789422335692072 off 0.41383204150418335 __DUMMY__ 0.007225724926609586	false	0.0
jammerlappen	off 1.0		neg 0.5721974616419108 off 0.4205627502399034 __DUMMY__ 0.007239788118185789	false	0.5
farce	neg 1.0		neg 0.5828190658730849 off 0.4100341398954679 __DUMMY__ 0.0071467942314470964	false	1.0
zwecklos	neg 1.0		neg 0.58091299563855 off 0.4118531855028728 __DUMMY__ 0.007233818858577194	false	1.0
turbulent	neg 1.0		neg 0.5690884163185728 off 0.42371278487294095 __DUMMY__ 0.007198798808486375	false	1.0
invasion	neg 1.0		neg 0.5723011772323575 off 0.42043193997186384 __DUMMY__ 0.007266882795778509	false	1.0
schuld	neg 1.0		neg 0.5764712350304699 off 0.4162861057826637 __DUMMY__ 0.007242659186866433	false	1.0
risiko	neg 1.0		neg 0.5712174821659423 off 0.42149745150189327 __DUMMY__ 0.00728506633216462	false	1.0
finster	neg 1.0		neg 0.5745882232692787 off 0.4181194478182758 __DUMMY__ 0.007292328912445593	false	1.0
geisteskrank	off 1.0		neg 0.5727043542733489 off 0.42011205825728914 __DUMMY__ 0.00718358746936203	false	0.5
zusammenbrechen	neg 1.0		neg 0.5774363792724946 off 0.4152813755292923 __DUMMY__ 0.007282245198213001	false	1.0
ausbeute	neg 1.0		neg 0.5774791519509154 off 0.4152142037236359 __DUMMY__ 0.007306644325448774	false	1.0
hinterhalt	neg 1.0		neg 0.5754144153005382 off 0.4173371123846636 __DUMMY__ 0.0072484723147981794	false	1.0
kritik	neg 1.0		neg 0.5819693127812907 off 0.41086449119613067 __DUMMY__ 0.007166196022578567	false	1.0
einschrumpfen	neg 1.0		neg 0.5752289681193554 off 0.4175939978793412 __DUMMY__ 0.007177034001303499	false	1.0
riskant	neg 1.0		neg 0.5805759170640035 off 0.41215167309067346 __DUMMY__ 0.007272409845323141	false	1.0
frustrieren	neg 1.0		neg 0.5813792050008385 off 0.41136387237350064 __DUMMY__ 0.0072569226256608	false	1.0
groll	neg 1.0		neg 0.5805111768212776 off 0.4122515055996844 __DUMMY__ 0.007237317579038069	false	1.0
gibt			neg 0.5790607606826581 off 0.41368106229322027 __DUMMY__ 0.00725817702412177	false	0.0
qualvoll	neg 1.0		neg 0.5733161744710372 off 0.41941391218410595 __DUMMY__ 0.007269913344856812	false	1.0
wackeln	neg 1.0		neg 0.5733910413939635 off 0.41929692841896204 __DUMMY__ 0.007312030187074562	false	1.0
klagen	neg 1.0		neg 0.583525069459394 off 0.4092250333960498 __DUMMY__ 0.00724989714455633	false	1.0
bankrott	neg 1.0		neg 0.5706589406399057 off 0.4220810523550721 __DUMMY__ 0.007260007005022202	false	1.0
trauern	neg 1.0		neg 0.5802158673906789 off 0.4125118119021167 __DUMMY__ 0.007272320707204328	false	1.0
ablehnung	neg 1.0	neg 1.0	neg 0.7784943194868885 off 0.2180787472238757 __DUMMY__ 0.0034269332892357964	false	1.0
stur	neg 1.0		neg 0.5757601120617684 off 0.4169920403044222 __DUMMY__ 0.007247847633809328	false	1.0
aufruhr	neg 1.0		neg 0.5787421492058177 off 0.4140683699745292 __DUMMY__ 0.007189480819652985	false	1.0
melancholie	neg 1.0		neg 0.5771931665970571 off 0.4154990389098245 __DUMMY__ 0.007307794493118304	false	1.0
ist			neg 0.5758189908243243 off 0.4169393682904668 __DUMMY__ 0.00724164088520892	false	0.0
torheit	neg 1.0		neg 0.5795126533931776 off 0.4133271442359406 __DUMMY__ 0.007160202370881881	false	1.0
dreckskind	off 1.0		neg 0.5685976015211339 off 0.424265246892461 __DUMMY__ 0.007137151586405144	false	0.5
umtauschen	neg 1.0		neg 0.5758046603249721 off 0.41690882814680313 __DUMMY__ 0.007286511528224568	false	1.0
zum			neg 0.5805537654211445 off 0.4120738456992207 __DUMMY__ 0.007372388879634777	false	0.0
zersetzen	neg 1.0		neg 0.582576139129379 off 0.41017167757076023 __DUMMY__ 0.007252183299860749	false	1.0
zur			neg 0.5844701200638427 off 0.4082383184397715 __DUMMY__ 0.007291561496385887	false	0.0
frust	neg 1.0		neg 0.5781763392241239 off 0.4145506994116221 __DUMMY__ 0.007272961364254009	false	1.0
unerbittlichkeit	neg 1.0		neg 0.5821691273346786 off 0.4105916704208946 __DUMMY__ 0.007239202244426588	false	1.0
zwei			neg 0.5800967259288473 off 0.412563756723559 __DUMMY__ 0.007339517347593826	false	0.0
unkorrekt	neg 1.0		neg 0.5723989554561146 off 0.42042270212783855 __DUMMY__ 0.007178342416046695	false	1.0
hexe	off 1.0		neg 0.5709369546730022 off 0.4218198082256087 __DUMMY__ 0.007243237101388999	false	0.5
lasch	neg 1.0		neg 0.5749811926180847 off 0.41780733547190757 __DUMMY__ 0.007211471910007848	false	1.0
rivale	neg 1.0		neg 0.5684892401932398 off 0.4243177067843276 __DUMMY__ 0.007193053022432506	false	1.0
mutlos	off 1.0	off 1.0	off 0.6877121661506418 neg 0.30884152805860976 __DUMMY__ 0.00344630579074838	false	1.0
wirr	off 1.0		neg 0.5704019496383027 off 0.4224185042177816 __DUMMY__ 0.007179546143915795	false	0.5
jahr			neg 0.5785263894648915 off 0.4141584896201865 __DUMMY__ 0.007315120914922047	false	0.0
wird			neg 0.5801399470138234 off 0.41259341986493614 __DUMMY__ 0.0072666331212403595	false	0.0
strafbar	neg 1.0		neg 0.5826563091502404 off 0.4101250259268474 __DUMMY__ 0.007218664922912289	false	1.0
erosion	neg 1.0		neg 0.5734888463829945 off 0.4192287257981468 __DUMMY__ 0.007282427818858844	false	1.0
eingehen	neg 1.0		neg 0.5809175325226048 off 0.4118396026922434 __DUMMY__ 0.007242864785151951	false	1.0
faul	off 1.0		neg 0.57035116858816 off 0.42236448514204106 __DUMMY__ 0.007284346269799012	false	0.5
provisorium	neg 1.0		neg 0.5860979185592425 off 0.40655913774866254 __DUMMY__ 0.007342943692094928	false	1.0
schmerzen	neg 1.0		neg 0.5768573521820948 off 0.41585983460335396 __DUMMY__ 0.0072828132145511225	false	1.0
schrumpfen	neg 1.0		neg 0.5843433195850931 off 0.4083531682501759 __DUMMY__ 0.007303512164730826	false	1.0
geistlos	off 1.0		neg 0.5783354976402155 off 0.4145174476902603 __DUMMY__ 0.007147054669524261	false	0.5
fehlkauf	neg 1.0		neg 0.5743289592041965 off 0.41844385042472104 __DUMMY__ 0.007227190371082446	false	1.0
frustrierend	neg 1.0	neg 1.0	neg 0.773903003927497 off 0.22263143033839444 __DUMMY__ 0.0034655657341086817	false	1.0
unzufrieden	neg 1.0		neg 0.5800278774744964 off 0.4127200502536528 __DUMMY__ 0.007252072271850904	false	1.0
verzweifeln	neg 1.0		neg 0.5771337962024831 off 0.41559690887061285 __DUMMY__ 0.007269294926904109	false	1.0
verzweifelt	neg 1.0		neg 0.5757330563432005 off 0.4170161113908263 __DUMMY__ 0.007250832265973102	false	1.0
misstrauensantrag	neg 1.0		neg 0.5751499504314872 off 0.41764056569001673 __DUMMY__ 0.007209483878496065	false	1.0
abfallen	neg 1.0		neg 0.5730419187428204 off 0.4196418593827816 __DUMMY__ 0.007316221874398021	false	1.0
fucker	off 1.0		neg 0.5694737819397827 off 0.423320542421956 __DUMMY__ 0.007205675638261388	false	0.5
ungezogen	neg 1.0		neg 0.5627300449293287 off 0.430070934093898 __DUMMY__ 0.007199020976773247	false	1.0
irrsinnig	neg 1.0	neg 1.0	neg 0.7761738712562543 off 0.22037243633826387 __DUMMY__ 0.003453692405481876	false	1.0
unfassbar	neg 1.0		neg 0.571772674053403 off 0.4209916106621793 __DUMMY__ 0.007235715284417569	false	1.0
hart	neg 1.0		neg 0.5724730700378985 off 0.4203184554355796 __DUMMY__ 0.007208474526522045	false	1.0
widerlich	off 1.0		neg 0.5717603039873091 off 0.42102718633767705 __DUMMY__ 0.007212509675013806	false	0.5
fatal	neg 1.0		neg 0.5741907004847844 off 0.41857542102198103 __DUMMY__ 0.007233878493234642	false	1.0
bruch	neg 1.0		neg 0.5851562207142101 off 0.4076161544604075 __DUMMY__ 0.007227624825382353	false	1.0
aushungern	neg 1.0		neg 0.5790807161663035 off 0.4137269155385967 __DUMMY__ 0.007192368295099581	false	1.0
anspannung	neg 1.0		neg 0.5823020774902635 off 0.4103838373088704 __DUMMY__ 0.007314085200866043	false	1.0
von			neg 0.5794879345872082 off 0.41319449991593954 __DUMMY__ 0.0073175654968522285	false	0.0
kraftlos	neg 1.0		neg 0.5773278148688135 off 0.4153545054565492 __DUMMY__ 0.007317679674637301	false	1.0
vom			neg 0.5838260824856021 off 0.40881305586973765 __DUMMY__ 0.0073608616446602295	false	0.0
grenzdebil	off 1.0		neg 0.5698067847082274 off 0.42294466708726763 __DUMMY__ 0.0072485482045048675	false	0.5
vor			neg 0.5815646340651034 off 0.41113229559785786 __DUMMY__ 0.00730307033703884	false	0.0
unterwerfen	neg 1.0		neg 0.5813532243836296 off 0.41140546840436343 __DUMMY__ 0.0072413072120069075	false	1.0
versenkung	neg 1.0		neg 0.5810137745908457 off 0.4117240439294691 __DUMMY__ 0.007262181479685161	false	1.0
entziehen	neg 1.0		neg 0.5836629164684425 off 0.409076380493084 __DUMMY__ 0.007260703038473441	false	1.0
finanzkrise	neg 1.0		neg 0.5799384761794809 off 0.4128799527348166 __DUMMY__ 0.00718157108570238	false	1.0
schimpfend	neg 1.0		neg 0.571405075806074 off 0.42126570274398045 __DUMMY__ 0.007329221449945383	false	1.0
profan	neg 1.0		neg 0.5746878640726235 off 0.4180640146641811 __DUMMY__ 0.007248121263195346	false	1.0
korruption	neg 1.0		neg 0.5818642747567547 off 0.41094595667362105 __DUMMY__ 0.007189768569624049	false	1.0
â			neg 0.5780720833408551 off 0.41464658123778186 __DUMMY__ 0.0072813354213629505	false	0.0
schmutzig	neg 1.0		neg 0.5689428861519971 off 0.42377654584349334 __DUMMY__ 0.007280568004509658	false	1.0
sexy	neg 1.0		neg 0.5718608964892821 off 0.4208899946062638 __DUMMY__ 0.00724910890445428	false	1.0
abraten	neg 1.0		neg 0.5743712723205286 off 0.41835286152456197 __DUMMY__ 0.007275866154909361	false	1.0
schwarz	neg 1.0		neg 0.5749558829268251 off 0.4178043653425557 __DUMMY__ 0.007239751730619162	false	1.0
fotze	off 1.0		neg 0.5790552711019389 off 0.41370960423594727 __DUMMY__ 0.007235124662113852	false	0.5
verwirren	neg 1.0		neg 0.5736310868481511 off 0.4191193091389516 __DUMMY__ 0.007249604012897292	false	1.0
zahnlos	off 1.0		neg 0.5805310462676665 off 0.4122363169512903 __DUMMY__ 0.007232636781043139	false	0.5
verheeren	neg 1.0		neg 0.5626630427296416 off 0.43019260510246 __DUMMY__ 0.007144352167898456	false	1.0
hippie	neg 1.0		neg 0.5724386617854447 off 0.42031875711451155 __DUMMY__ 0.0072425811000438114	false	1.0
rammen	neg 1.0		neg 0.5728382824014598 off 0.41990189171970044 __DUMMY__ 0.007259825878839724	false	1.0
unlauter	neg 1.0	neg 1.0	neg 0.7752850636798779 off 0.2212707991635411 __DUMMY__ 0.003444137156580904	false	1.0
unheilvoll	neg 1.0		neg 0.5736499000688228 off 0.4190795310668405 __DUMMY__ 0.007270568864336835	false	1.0
niedrig	neg 1.0		neg 0.5799594016055253 off 0.41279193171457235 __DUMMY__ 0.007248666679902531	false	1.0
explosion	neg 1.0		neg 0.572205999744866 off 0.4205332601701117 __DUMMY__ 0.007260740085022393	false	1.0
weichei	off 1.0		neg 0.5659394530859169 off 0.4268594882277473 __DUMMY__ 0.007201058686335913	false	0.5
minusmensch	off 1.0		neg 0.564021760919773 off 0.42885722544479477 __DUMMY__ 0.0071210136354321885	false	0.5
farblos	neg 1.0		neg 0.5758492791771898 off 0.41691065178532294 __DUMMY__ 0.007240069037487264	false	1.0
unwissend	neg 1.0	neg 1.0	neg 0.7737613439058352 off 0.22279224930221772 __DUMMY__ 0.0034464067919470005	false	1.0
traurig	neg 1.0		neg 0.5681897010666074 off 0.4245701503247556 __DUMMY__ 0.0072401486086370506	false	1.0
senkung	neg 1.0		neg 0.5739306708585236 off 0.4188439697906421 __DUMMY__ 0.0072253593508342494	false	1.0
ungleich	neg 1.0	neg 1.0	neg 0.7789500905576708 off 0.21759761862238147 __DUMMY__ 0.003452290819947682	false	1.0
heikel	neg 1.0		neg 0.58224199244352 off 0.41049728591840756 __DUMMY__ 0.00726072163807242	false	1.0
drosselung	neg 1.0		neg 0.5671985926570957 off 0.4255529453828007 __DUMMY__ 0.007248461960103653	false	1.0
falsch	neg 1.0		neg 0.5728832078225158 off 0.41987702732417487 __DUMMY__ 0.007239764853309288	false	1.0
unzufriedenheit	neg 1.0		neg 0.5828344456923508 off 0.4099132269008882 __DUMMY__ 0.007252327406760962	false	1.0
kurz	neg 1.0		neg 0.5763045222371539 off 0.4163854553073822 __DUMMY__ 0.0073100224554638795	false	1.0
unsinnig	neg 1.0		neg 0.5797286997566152 off 0.4130259435824799 __DUMMY__ 0.007245356660904926	false	1.0
penner	off 1.0	off 1.0	off 0.6975537639783574 neg 0.2990065375849192 __DUMMY__ 0.003439698436723383	false	1.0
seicht	neg 1.0		neg 0.5652733130923474 off 0.42757352456199843 __DUMMY__ 0.007153162345654322	false	1.0
dummheit	off 1.0	off 1.0	off 0.6911396943156641 neg 0.3054172785844994 __DUMMY__ 0.0034430270998364087	false	1.0
unerfreulich	neg 1.0		neg 0.5823496356007775 off 0.4103761984780678 __DUMMY__ 0.007274165921154791	false	1.0
motherfucker	off 1.0	off 1.0	off 0.6945433124124836 neg 0.3020163451050277 __DUMMY__ 0.0034403424824887147	false	1.0
pikiert	neg 1.0		neg 0.5729589929378807 off 0.41982208350760125 __DUMMY__ 0.007218923554518032	false	1.0
wrack	neg 1.0		neg 0.5772285521766607 off 0.41548156182020474 __DUMMY__ 0.007289886003134498	false	1.0
gangster	neg 1.0		neg 0.5733578358120757 off 0.4193988203761697 __DUMMY__ 0.00724334381175461	false	1.0
krank	neg 1.0		neg 0.5690042184259653 off 0.42372718436604634 __DUMMY__ 0.007268597207988304	false	1.0
reich	neg 1.0		neg 0.5755136021749776 off 0.41735814836491514 __DUMMY__ 0.007128249460107146	false	1.0
gnadenlos	neg 1.0		neg 0.5758891618858418 off 0.41685939601699795 __DUMMY__ 0.007251442097160224	false	1.0
niedergeschlagen	neg 1.0		neg 0.577737961508141 off 0.41498832983610934 __DUMMY__ 0.007273708655749744	false	1.0
terrorisieren	off 1.0	off 1.0	off 0.6887150245673729 neg 0.3078114277448242 __DUMMY__ 0.0034735476878029873	false	1.0
sinnlosigkeit	neg 1.0		neg 0.5803274977752069 off 0.41243627716453374 __DUMMY__ 0.007236225060259394	false	1.0
behindern	neg 1.0		neg 0.575487814681279 off 0.41722844502746975 __DUMMY__ 0.007283740291251299	false	1.0
undemokratisch	neg 1.0		neg 0.5785300489371742 off 0.41429674146073975 __DUMMY__ 0.007173209602085981	false	1.0
wirtschaftskrise	neg 1.0		neg 0.5809516174689046 off 0.41183788104199615 __DUMMY__ 0.007210501489099298	false	1.0
neid	neg 1.0		neg 0.5717469792836177 off 0.42097795098939456 __DUMMY__ 0.007275069726987777	false	1.0
rutschen	neg 1.0		neg 0.58016024128045 off 0.41246280048757983 __DUMMY__ 0.0073769582319701535	false	1.0
rezession	neg 1.0		neg 0.5695839112783638 off 0.4232631315785293 __DUMMY__ 0.007152957143106899	false	1.0
fehlgeburt	neg 1.0		neg 0.5762302536066711 off 0.41652546490679326 __DUMMY__ 0.00724428148653551	false	1.0
charakterschwach	off 1.0		neg 0.5718155037120548 off 0.42096886772282216 __DUMMY__ 0.007215628565123073	false	0.5
isolation	neg 1.0		neg 0.5707502960484196 off 0.4220024203022069 __DUMMY__ 0.007247283649373531	false	1.0
ablenkung	neg 1.0		neg 0.5754870842669451 off 0.4172341541366534 __DUMMY__ 0.007278761596401457	false	1.0
pech	neg 1.0		neg 0.573346058494841 off 0.41940434980972857 __DUMMY__ 0.007249591695430521	false	1.0
vermeidung	neg 1.0		neg 0.5683528539481129 off 0.42439093432518027 __DUMMY__ 0.007256211726706795	false	1.0
dominieren	neg 1.0		neg 0.5781611539933389 off 0.41458662965355303 __DUMMY__ 0.0072522163531080555	false	1.0
schwindlig	neg 1.0		neg 0.5718861111757783 off 0.42082390063924896 __DUMMY__ 0.007289988184972756	false	1.0
lutscher	neg 1.0		neg 0.5639334792213508 off 0.428907914629809 __DUMMY__ 0.007158606148840133	false	1.0
pflicht	neg 1.0		neg 0.5827078197949379 off 0.4100367762646842 __DUMMY__ 0.007255403940377931	false	1.0
faschist	off 1.0		neg 0.5776768919533678 off 0.41515667421754593 __DUMMY__ 0.007166433829086415	false	0.5
verschleudern	neg 1.0		neg 0.5813051001151387 off 0.41147650988089324 __DUMMY__ 0.007218390003967958	false	1.0
wenn			neg 0.5725588942897629 off 0.42019410552519376 __DUMMY__ 0.007247000185043182	false	0.0
ehebruch	neg 1.0		neg 0.5815509950541451 off 0.4112228365766254 __DUMMY__ 0.007226168369229458	false	1.0
spott	off 1.0		neg 0.5821864149037721 off 0.4105843114088654 __DUMMY__ 0.0072292736873624495	false	0.5
trostlosigkeit	neg 1.0		neg 0.5848770840271243 off 0.4079214021237302 __DUMMY__ 0.007201513849145601	false	1.0
lutschen	neg 1.0		neg 0.5730566293413503 off 0.4197358473472209 __DUMMY__ 0.00720752331142894	false	1.0
undiszipliniert	neg 1.0		neg 0.5693039080397155 off 0.42346534477876124 __DUMMY__ 0.007230747181523195	false	1.0
kopfschmerz	neg 1.0		neg 0.5771854854096522 off 0.415554544417642 __DUMMY__ 0.007259970172705727	false	1.0
unvorhergesehen	neg 1.0		neg 0.5761210419928775 off 0.4165597224939434 __DUMMY__ 0.007319235513179054	false	1.0
desinteressiert	neg 1.0		neg 0.5705701999027356 off 0.4222183335745087 __DUMMY__ 0.007211466522755666	false	1.0
armselig	off 1.0		neg 0.570079234558581 off 0.4227241974456685 __DUMMY__ 0.007196567995750473	false	0.5
desaster	neg 1.0		neg 0.5852735161703743 off 0.40749327599762947 __DUMMY__ 0.007233207831996194	false	1.0
tod	neg 1.0		neg 0.5825131640742599 off 0.4102795461416767 __DUMMY__ 0.007207289784063302	false	1.0
herzlos	neg 1.0		neg 0.5676620335145421 off 0.4251047534338471 __DUMMY__ 0.007233213051610629	false	1.0
unwissenheit	neg 1.0		neg 0.5811253901023824 off 0.4116546899093545 __DUMMY__ 0.00721991998826297	false	1.0
widersinnig	neg 1.0		neg 0.5814414973678325 off 0.41137954484563355 __DUMMY__ 0.007178957786533958	false	1.0
bedenklich	neg 1.0		neg 0.5813291626424418 off 0.41141669238842865 __DUMMY__ 0.007254144969129437	false	1.0
beanstanden	neg 1.0		neg 0.5828587266047357 off 0.4098805227444056 __DUMMY__ 0.007260750650858809	false	1.0
panisch	neg 1.0	neg 1.0	neg 0.7731939085740963 off 0.22330476494772322 __DUMMY__ 0.0035013264781804864	false	1.0
debil	off 1.0		neg 0.5852961186779396 off 0.40742794650702596 __DUMMY__ 0.0072759348150344995	false	0.5
abstrich	neg 1.0		neg 0.5739375529377763 off 0.4187595662014802 __DUMMY__ 0.0073028808607434595	false	1.0
primitiv	neg 1.0		neg 0.5712897168618284 off 0.4215019615774623 __DUMMY__ 0.007208321560709392	false	1.0
abschaum	off 1.0	off 1.0	off 0.692410627488857 neg 0.30415267873457386 __DUMMY__ 0.003436693776569265	false	1.0
provozieren	neg 1.0		neg 0.5777743007130196 off 0.4150004142905089 __DUMMY__ 0.007225284996471554	false	1.0
tot	neg 1.0		neg 0.578622705968932 off 0.4141458451203672 __DUMMY__ 0.007231448910701004	false	1.0
instabil	neg 1.0		neg 0.5700164237353681 off 0.42281817395247606 __DUMMY__ 0.00716540231215583	false	1.0
schwuchtel	off 1.0		neg 0.5599287225109476 off 0.4329623315306818 __DUMMY__ 0.007108945958370697	false	0.5
zerren	neg 1.0		neg 0.5776714504469072 off 0.41505021142689896 __DUMMY__ 0.007278338126193691	false	1.0
kinderficker	off 1.0		neg 0.5681250880215273 off 0.424697143097689 __DUMMY__ 0.007177768880783711	false	0.5
gefahr	neg 1.0		neg 0.5814775879346191 off 0.41128779546523886 __DUMMY__ 0.00723461660014208	false	1.0
rabiat	neg 1.0		neg 0.5768534894810179 off 0.41589322013903834 __DUMMY__ 0.0072532903799436815	false	1.0
verlangsamung	neg 1.0		neg 0.5658414099223599 off 0.4270102309781834 __DUMMY__ 0.0071483590994566035	false	1.0
ausgestorben	neg 1.0		neg 0.5778236425230784 off 0.41490440966505404 __DUMMY__ 0.007271947811867496	false	1.0
anklagen	neg 1.0		neg 0.5788832837986931 off 0.41390052723844667 __DUMMY__ 0.0072161889628603575	false	1.0
trott	neg 1.0		neg 0.5759208054413314 off 0.4168084242159621 __DUMMY__ 0.0072707703427064415	false	1.0
verminderung	neg 1.0		neg 0.5686712629969026 off 0.4241011442034882 __DUMMY__ 0.007227592799609094	false	1.0
nach			neg 0.5819842140956634 off 0.4106727799893386 __DUMMY__ 0.007343005914998097	false	0.0
rost	neg 1.0		neg 0.5639157421690215 off 0.4289031366796576 __DUMMY__ 0.007181121151320725	false	1.0
destruktiv	neg 1.0		neg 0.5797353577433474 off 0.4130518340161759 __DUMMY__ 0.00721280824047662	false	1.0
unzumutbarkeit	neg 1.0		neg 0.5687207044226734 off 0.4240329880282414 __DUMMY__ 0.007246307549085122	false	1.0
labil	off 1.0	off 1.0	off 0.6933538448573278 neg 0.30320364840193303 __DUMMY__ 0.0034425067407392405	false	1.0
ziemlich	neg 1.0		neg 0.5706984730562745 off 0.4220585126162378 __DUMMY__ 0.0072430143274875465	false	1.0
lachnummer	off 1.0		neg 0.579494828128467 off 0.4132874237023234 __DUMMY__ 0.007217748169209597	false	0.5
oder			neg 0.5755101646919741 off 0.4172034272055484 __DUMMY__ 0.0072864081024773975	false	0.0
verfall	neg 1.0		neg 0.5855251692053647 off 0.40719679702399003 __DUMMY__ 0.007278033770645195	false	1.0
ausgrenzung	neg 1.0		neg 0.577671605213925 off 0.4151545977035026 __DUMMY__ 0.007173797082572335	false	1.0
unordnung	neg 1.0		neg 0.5682472558454452 off 0.42456916669872463 __DUMMY__ 0.0071835774558302225	false	1.0
fehlverhalten	neg 1.0		neg 0.5823064659416449 off 0.41045990183217007 __DUMMY__ 0.00723363222618504	false	1.0
eine			neg 0.5817531439135336 off 0.41095587119780963 __DUMMY__ 0.00729098488865666	false	0.0
nille	neg 1.0		neg 0.5781620767910313 off 0.4146239584144275 __DUMMY__ 0.007213964794541383	false	1.0
qual	neg 1.0		neg 0.5761882852150965 off 0.41654483027447153 __DUMMY__ 0.007266884510432022	false	1.0
verschwenden	neg 1.0		neg 0.5808361267664837 off 0.4119016688587434 __DUMMY__ 0.007262204374772852	false	1.0
riesig	neg 1.0		neg 0.5773132110939639 off 0.41542489511336494 __DUMMY__ 0.007261893792671061	false	1.0
verurteilen	neg 1.0		neg 0.5811080123724736 off 0.41167767155747004 __DUMMY__ 0.00721431607005653	false	1.0
klischee	neg 1.0	neg 1.0	neg 0.7750788805235417 off 0.2214813085599789 __DUMMY__ 0.00343981091647939	false	1.0
diktatorisch	neg 1.0		neg 0.5797300059122436 off 0.41312009062384647 __DUMMY__ 0.007149903463910056	false	1.0
vorhersehbar	neg 1.0		neg 0.5767517711035146 off 0.4160458477196965 __DUMMY__ 0.007202381176788948	false	1.0
sowie			neg 0.5671352492369236 off 0.42570515526351055 __DUMMY__ 0.007159595499565913	false	0.0
stornieren	neg 1.0		neg 0.5722443678003882 off 0.42047613448576654 __DUMMY__ 0.00727949771384511	false	1.0
besteuerung	neg 1.0		neg 0.5761926561484977 off 0.4165833159081845 __DUMMY__ 0.0072240279433179195	false	1.0
ungeschminkt	neg 1.0		neg 0.5707842531472662 off 0.42199414441618516 __DUMMY__ 0.0072216024365484655	false	1.0
kritisch	neg 1.0		neg 0.582031614201054 off 0.41073687239215984 __DUMMY__ 0.007231513406786098	false	1.0
schlamperei	off 1.0		neg 0.5812095950007193 off 0.41156028535788375 __DUMMY__ 0.007230119641396809	false	0.5
sucht	neg 1.0	neg 1.0	neg 0.7723905428230958 off 0.22410667680916405 __DUMMY__ 0.0035027803677401075	false	1.0
egoistisch	off 1.0		neg 0.5660591983941146 off 0.4267366567130435 __DUMMY__ 0.007204144892842071	false	0.5
ausbeuter	off 1.0		neg 0.5833703065332644 off 0.40940988063120565 __DUMMY__ 0.007219812835529982	false	0.5
arschgeburt	off 1.0		neg 0.5601117783424118 off 0.43277941256305835 __DUMMY__ 0.007108809094529897	false	0.5
schubs	neg 1.0	neg 1.0	neg 0.7761473017674642 off 0.22035693196938447 __DUMMY__ 0.0034957662631513067	false	1.0
unsolide	neg 1.0		neg 0.5767544279831486 off 0.41612112569057313 __DUMMY__ 0.007124446326278333	false	1.0
beschwerde	neg 1.0		neg 0.580237223422675 off 0.4125318446771934 __DUMMY__ 0.007230931900131622	false	1.0
stocken	neg 1.0		neg 0.5792300638492711 off 0.4135040507866326 __DUMMY__ 0.007265885364096166	false	1.0
isolieren	neg 1.0		neg 0.5759721013364897 off 0.4167408226531874 __DUMMY__ 0.007287076010322881	false	1.0
unheilbar	neg 1.0		neg 0.5769050201283836 off 0.4158587512760605 __DUMMY__ 0.007236228595555739	false	1.0
pisser	off 1.0		neg 0.5692153255984429 off 0.4236021024185337 __DUMMY__ 0.00718257198302352	false	0.5
löschen	neg 1.0		neg 0.575688090747554 off 0.41706874286662116 __DUMMY__ 0.00724316638582496	false	1.0
durchfallen	neg 1.0		neg 0.5804409580667328 off 0.4123002710746264 __DUMMY__ 0.007258770858640854	false	1.0
wichser	off 1.0		neg 0.5619980433869601 off 0.43083061904471154 __DUMMY__ 0.007171337568328354	false	0.5
terror	neg 1.0		neg 0.5711699826703457 off 0.4215572184590257 __DUMMY__ 0.007272798870628438	false	1.0
krass	neg 1.0		neg 0.5678457307852072 off 0.4249380838179356 __DUMMY__ 0.0072161853968571695	false	1.0
revolte	neg 1.0	neg 1.0	neg 0.776394315978376 off 0.220199459738255 __DUMMY__ 0.003406224283369053	false	1.0
besorgt	neg 1.0		neg 0.5755625118052072 off 0.4171142664481661 __DUMMY__ 0.007323221746626571	false	1.0
nachlassen	neg 1.0		neg 0.578042457184905 off 0.4146783416470637 __DUMMY__ 0.007279201168031347	false	1.0
alt	neg 1.0		neg 0.5784740664187054 off 0.4142135537586567 __DUMMY__ 0.007312379822637882	false	1.0
hundesohn	off 1.0		neg 0.5643621128276488 off 0.42850024183549773 __DUMMY__ 0.007137645336853438	false	0.5
als			neg 0.5784021482055032 off 0.4143150414225416 __DUMMY__ 0.007282810371955232	false	0.0
abschreckung	neg 1.0		neg 0.5832490421177648 off 0.40950533234978054 __DUMMY__ 0.007245625532454623	false	1.0
unqualifiziert	neg 1.0		neg 0.5758025681241196 off 0.416984580985256 __DUMMY__ 0.007212850890624413	false	1.0
abgewichst	off 1.0		neg 0.5781414173117692 off 0.4146171509932807 __DUMMY__ 0.007241431694950204	false	0.5
schwer	neg 1.0		neg 0.576824457005322 off 0.41590545535520645 __DUMMY__ 0.0072700876394716256	false	1.0
bedeutungslosigkeit	neg 1.0		neg 0.5830186061970066 off 0.40974627803423663 __DUMMY__ 0.0072351157687567435	false	1.0
kapitulation	neg 1.0		neg 0.583243790299047 off 0.4095819362353036 __DUMMY__ 0.00717427346564941	false	1.0
unscharf	neg 1.0		neg 0.5735084716989911 off 0.4192483159713149 __DUMMY__ 0.007243212329693898	false	1.0
schwinden	neg 1.0		neg 0.5813067079099361 off 0.4114309089142671 __DUMMY__ 0.007262383175796761	false	1.0
versklavung	neg 1.0	neg 1.0	neg 0.7770624344209857 off 0.2195147355077956 __DUMMY__ 0.0034228300712186776	false	1.0
schlecht	neg 1.0		neg 0.5700200051590695 off 0.42273030067734174 __DUMMY__ 0.007249694163588978	false	1.0
verhasst	neg 1.0		neg 0.5781540032156559 off 0.41463059901788324 __DUMMY__ 0.007215397766460897	false	1.0
beschweren	neg 1.0		neg 0.5747098354557677 off 0.41802915953064534 __DUMMY__ 0.007261005013586909	false	1.0
scheiden	neg 1.0		neg 0.5770631092319171 off 0.4156758439187689 __DUMMY__ 0.007261046849314181	false	1.0
frustriert	neg 1.0		neg 0.5783502679331071 off 0.414388359972972 __DUMMY__ 0.007261372093920864	false	1.0
schimmelig	neg 1.0		neg 0.5803920484876778 off 0.41235794551449145 __DUMMY__ 0.007250005997830908	false	1.0
fisch	neg 1.0	neg 1.0	neg 0.7760493280900872 off 0.2204540425282355 __DUMMY__ 0.0034966293816772647	false	1.0
schmuggel	neg 1.0		neg 0.5800385391283097 off 0.4126614555312068 __DUMMY__ 0.007300005340483446	false	1.0
auffallen	neg 1.0		neg 0.5744493219213401 off 0.41829735643878363 __DUMMY__ 0.007253321639876129	false	1.0
konkurrenz	neg 1.0		neg 0.5813985576304177 off 0.41130788905406995 __DUMMY__ 0.0072935533155124	false	1.0
teufelskreis	neg 1.0		neg 0.5789054277680568 off 0.4138525307971152 __DUMMY__ 0.007242041434828135	false	1.0
aufschreien	neg 1.0		neg 0.5759651804797523 off 0.41681451728668223 __DUMMY__ 0.007220302233565503	false	1.0
schuldner	neg 1.0		neg 0.5822384208890602 off 0.4105372964813566 __DUMMY__ 0.007224282629583084	false	1.0
missgeburt	off 1.0	off 1.0	off 0.6962881839218511 neg 0.30028945984414135 __DUMMY__ 0.0034223562340075096	false	1.0
arbeitslos	neg 1.0		neg 0.5800755960260362 off 0.412682156881861 __DUMMY__ 0.007242247092102728	false	1.0
befallen	neg 1.0		neg 0.5819830940118845 off 0.4108279217911173 __DUMMY__ 0.007188984196998075	false	1.0
miesepetrig	off 1.0		neg 0.5700334003747624 off 0.42270999955512095 __DUMMY__ 0.007256600070116661	false	0.5
alarmieren	neg 1.0		neg 0.5729664782547254 off 0.41983290746160457 __DUMMY__ 0.007200614283669895	false	1.0
ungeduscht	off 1.0		neg 0.5731308554664967 off 0.41962046688247895 __DUMMY__ 0.0072486776510243675	false	0.5
knappheit	neg 1.0		neg 0.5794330401864628 off 0.41332472819002786 __DUMMY__ 0.00724223162350929	false	1.0
schlange	neg 1.0		neg 0.5738837095695639 off 0.4188330655667157 __DUMMY__ 0.007283224863720237	false	1.0
harsch	neg 1.0		neg 0.563672520234502 off 0.42909875877047415 __DUMMY__ 0.007228720995023924	false	1.0
lang	neg 1.0		neg 0.5751503200643371 off 0.41759624604676865 __DUMMY__ 0.007253433888894403	false	1.0
ziellos	neg 1.0		neg 0.5793406834109281 off 0.4133863605454619 __DUMMY__ 0.007272956043609931	false	1.0
selbstverliebt	neg 1.0		neg 0.5628144700704986 off 0.43006341068052556 __DUMMY__ 0.007122119248975939	false	1.0
beseitigen	neg 1.0		neg 0.5735010847479258 off 0.4192061255606962 __DUMMY__ 0.007292789691377924	false	1.0
dumm	off 1.0		neg 0.5659763338046648 off 0.42683686570687246 __DUMMY__ 0.0071868004884628	false	0.5
arbeitsloser	neg 1.0		neg 0.5807793916774526 off 0.41197258303230894 __DUMMY__ 0.00724802529023847	false	1.0
blitzen	neg 1.0		neg 0.5733095413102037 off 0.4194625510660461 __DUMMY__ 0.007227907623750198	false	1.0
hilflos	neg 1.0		neg 0.5785542121136331 off 0.414179763966135 __DUMMY__ 0.007266023920232002	false	1.0
eklig	off 1.0		neg 0.5655823233458204 off 0.427247330009233 __DUMMY__ 0.00717034664494653	false	0.5
begriff			neg 0.5789857598763858 off 0.4137685228162399 __DUMMY__ 0.007245717307374441	false	0.0
hungersnot	neg 1.0		neg 0.5806820820062665 off 0.4121498524296119 __DUMMY__ 0.00716806556412164	false	1.0
ungesetzlich	neg 1.0		neg 0.5776010008182777 off 0.4152358467783297 __DUMMY__ 0.007163152403392778	false	1.0
verschwendung	neg 1.0		neg 0.5817659550954214 off 0.41096962727071984 __DUMMY__ 0.007264417633858817	false	1.0
schmerzvoll	neg 1.0		neg 0.5748270385292336 off 0.4179140359343048 __DUMMY__ 0.007258925536461711	false	1.0
vorzeitig	neg 1.0		neg 0.5705195931706477 off 0.42224013018191053 __DUMMY__ 0.007240276647441784	false	1.0
unvollkommenheit	neg 1.0		neg 0.5765707290986472 off 0.41617983142741805 __DUMMY__ 0.0072494394739348565	false	1.0
intervenieren	neg 1.0		neg 0.5833029039081175 off 0.4094867258791106 __DUMMY__ 0.007210370212772064	false	1.0
banause	off 1.0		neg 0.5643918389295763 off 0.42845092557988435 __DUMMY__ 0.007157235490539202	false	0.5
rebell	neg 1.0		neg 0.5814738648945944 off 0.4112398434373986 __DUMMY__ 0.007286291668006975	false	1.0
unlogisch	neg 1.0		neg 0.5693751533452218 off 0.42341969173586647 __DUMMY__ 0.007205154918911713	false	1.0
leiden	neg 1.0	neg 1.0	neg 0.7762391197851085 off 0.22022888058387172 __DUMMY__ 0.0035319996310197443	false	1.0
abschaffung	neg 1.0		neg 0.5772825190295794 off 0.4155077491337879 __DUMMY__ 0.007209731836632598	false	1.0
sturz	neg 1.0		neg 0.5769675742327389 off 0.41583113925701426 __DUMMY__ 0.007201286510246902	false	1.0
verkleinerung	neg 1.0		neg 0.5747602027854385 off 0.4180578875543453 __DUMMY__ 0.007181909660216198	false	1.0
schmarotzer	off 1.0		neg 0.5814553204262614 off 0.4113215710166338 __DUMMY__ 0.007223108557104772	false	0.5
bestrafung	neg 1.0		neg 0.5763285223149571 off 0.4164372907528619 __DUMMY__ 0.007234186932181075	false	1.0
achtlos	neg 1.0		neg 0.576223996939456 off 0.4164932903140313 __DUMMY__ 0.0072827127465126176	false	1.0
ungeheuer	neg 1.0		neg 0.5749425727373524 off 0.4178235320157881 __DUMMY__ 0.007233895246859542	false	1.0
