unsolidarisch	neg 1.0		neg 0.5448349396862645 off 0.38663819493664114 __DUMMY__ 0.06852686537709424	false	1.0
nachteilig	neg 1.0		neg 0.5437357168280069 off 0.3867751983978697 __DUMMY__ 0.06948908477412337	false	1.0
skeptisch	neg 1.0		neg 0.5458519510102995 off 0.3844209009959048 __DUMMY__ 0.06972714799379573	false	1.0
schrecklich	neg 1.0		neg 0.5319637418314352 off 0.39886123491793685 __DUMMY__ 0.06917502325062787	false	1.0
schlapp	neg 1.0		neg 0.5343881300199388 off 0.3959141465644156 __DUMMY__ 0.06969772341564565	false	1.0
abfall	neg 1.0		neg 0.5474501798964307 off 0.3827476301147138 __DUMMY__ 0.06980218998885539	false	1.0
widerspenstig	neg 1.0		neg 0.5390934444464953 off 0.3910340773611675 __DUMMY__ 0.06987247819233726	false	1.0
abrupt	neg 1.0		neg 0.5403675054409689 off 0.3896769293408596 __DUMMY__ 0.06995556521817144	false	1.0
unwirksam	neg 1.0		neg 0.5425731424707005 off 0.38855655068197553 __DUMMY__ 0.0688703068473238	false	1.0
angreifen	neg 1.0		neg 0.5453708117389812 off 0.3851229371944151 __DUMMY__ 0.06950625106660366	false	1.0
inkonsistent	neg 1.0		neg 0.5389501769281803 off 0.3917968181990005 __DUMMY__ 0.06925300487281927	false	1.0
abrutschen	neg 1.0		neg 0.5465386090908131 off 0.38351356486705307 __DUMMY__ 0.06994782604213395	false	1.0
unsicher	neg 1.0		neg 0.5399288127528203 off 0.39038845697104435 __DUMMY__ 0.06968273027613531	false	1.0
bauernkind	off 1.0		neg 0.5308396739617826 off 0.40060629559456534 __DUMMY__ 0.06855403044365221	false	0.5
angreifer	neg 1.0		neg 0.5388338359967622 off 0.39211288223817936 __DUMMY__ 0.06905328176505852	false	1.0
trennen	neg 1.0		neg 0.5425343580083615 off 0.3872640012181928 __DUMMY__ 0.07020164077344569	false	1.0
schmutz	neg 1.0		neg 0.5310033476467572 off 0.39888962598126604 __DUMMY__ 0.07010702637197681	false	1.0
inkonsistenz	neg 1.0	neg 1.0	neg 0.7575856597445555 off 0.2093260442748274 __DUMMY__ 0.033088295980617174	false	1.0
erschreckend	neg 1.0		neg 0.5426659613038508 off 0.38790248866741395 __DUMMY__ 0.06943155002873531	false	1.0
ertrinken	neg 1.0		neg 0.5425793520539485 off 0.3875034840712609 __DUMMY__ 0.06991716387479055	false	1.0
pickelface	off 1.0		neg 0.5405173836803998 off 0.390220748970559 __DUMMY__ 0.06926186734904131	false	0.5
seiner			neg 0.544740787043272 off 0.3855886667850762 __DUMMY__ 0.0696705461716519	false	0.0
lauch	neg 1.0		neg 0.5457334387603042 off 0.38448743270577523 __DUMMY__ 0.0697791285339207	false	1.0
unwichtig	neg 1.0		neg 0.5365051764117011 off 0.39420449587834255 __DUMMY__ 0.06929032770995627	false	1.0
steuerhinterziehung	neg 1.0		neg 0.5441514732978876 off 0.38691858684526775 __DUMMY__ 0.06892993985684456	false	1.0
schock	neg 1.0		neg 0.5402073993538321 off 0.38979530463258777 __DUMMY__ 0.06999729601358014	false	1.0
beule	neg 1.0		neg 0.5330455580521085 off 0.3973231087509771 __DUMMY__ 0.06963133319691443	false	1.0
vergelten	neg 1.0		neg 0.5321002417670216 off 0.39911933305842057 __DUMMY__ 0.06878042517455775	false	1.0
verdorbenheit	neg 1.0		neg 0.5367226963046376 off 0.39337434513313063 __DUMMY__ 0.06990295856223186	false	1.0
trauma	neg 1.0		neg 0.5386704127585387 off 0.3918757125844889 __DUMMY__ 0.06945387465697242	false	1.0
sinnlos	neg 1.0		neg 0.5384645211796437 off 0.3920781464115689 __DUMMY__ 0.06945733240878744	false	1.0
fettsack	off 1.0	off 1.0	off 0.6836125441160911 neg 0.2834749365562242 __DUMMY__ 0.03291251932768482	false	1.0
feige	off 1.0		neg 0.5380115056103495 off 0.39291244993566427 __DUMMY__ 0.06907604445398621	false	0.5
abdanken	neg 1.0		neg 0.5454822500204377 off 0.38586889027576665 __DUMMY__ 0.06864885970379571	false	1.0
wichtigtuer	off 1.0	off 1.0	off 0.6783953506177612 neg 0.28851462212319334 __DUMMY__ 0.033090027259045335	false	1.0
misslingen	neg 1.0		neg 0.5359663942915796 off 0.39413224174322337 __DUMMY__ 0.06990136396519701	false	1.0
untreu	off 1.0		neg 0.5352625824774574 off 0.39539671053752856 __DUMMY__ 0.06934070698501399	false	0.5
missmutig	neg 1.0		neg 0.5353986857434315 off 0.39495283019604605 __DUMMY__ 0.06964848406052235	false	1.0
hurenbock	off 1.0		neg 0.5360195539742881 off 0.3939922216855976 __DUMMY__ 0.06998822434011429	false	0.5
betrunken	neg 1.0		neg 0.5326066636542531 off 0.3978901899000735 __DUMMY__ 0.06950314644567343	false	1.0
korrupt	off 1.0		neg 0.546391539429306 off 0.3847681020218303 __DUMMY__ 0.06884035854886371	false	0.5
unmut	neg 1.0		neg 0.5470978712350497 off 0.3832251138992153 __DUMMY__ 0.06967701486573492	false	1.0
hackfresse	off 1.0		neg 0.5288659326867147 off 0.40215981884165775 __DUMMY__ 0.06897424847162754	false	0.5
aufblasen	neg 1.0		neg 0.5375597305682807 off 0.3926288078588267 __DUMMY__ 0.06981146157289272	false	1.0
gewaltsam	neg 1.0		neg 0.5415659333247723 off 0.38942593806547937 __DUMMY__ 0.06900812860974838	false	1.0
unbeliebtheit	neg 1.0		neg 0.5393902648083609 off 0.39244586153801914 __DUMMY__ 0.06816387365362002	false	1.0
sturheit	neg 1.0		neg 0.5440358312703809 off 0.38683369274923046 __DUMMY__ 0.06913047598038861	false	1.0
kuh	neg 1.0		neg 0.5400443911035011 off 0.390783712873879 __DUMMY__ 0.06917189602261985	false	1.0
erschrecken	neg 1.0		neg 0.5360013061417376 off 0.3943974574450854 __DUMMY__ 0.06960123641317702	false	1.0
opfer	neg 1.0	neg 1.0	neg 0.7606634995501287 off 0.20601172787394995 __DUMMY__ 0.0333247725759214	false	1.0
sinken	neg 1.0		neg 0.545862214590227 off 0.3844093791168802 __DUMMY__ 0.06972840629289273	false	1.0
stinktier	neg 1.0		neg 0.5329015194162792 off 0.3982367692161031 __DUMMY__ 0.06886171136761764	false	1.0
tucke	off 1.0		neg 0.5273674869445754 off 0.40352532807662556 __DUMMY__ 0.06910718497879902	false	0.5
ein			neg 0.5371990571259642 off 0.39275261739210815 __DUMMY__ 0.07004832548192763	false	0.0
abstieg	neg 1.0		neg 0.5438514719044395 off 0.3869113110796888 __DUMMY__ 0.06923721701587174	false	1.0
missverstehen	neg 1.0		neg 0.540198213139841 off 0.3906581758797949 __DUMMY__ 0.069143610980364	false	1.0
ergebnislos	neg 1.0		neg 0.5434865878938786 off 0.3871001658272755 __DUMMY__ 0.0694132462788458	false	1.0
unter			neg 0.5475479134031814 off 0.38186707656486735 __DUMMY__ 0.07058501003195133	false	0.0
manipulieren	neg 1.0		neg 0.5456992371455376 off 0.38480836869094104 __DUMMY__ 0.06949239416352151	false	1.0
unbewiesen	neg 1.0		neg 0.5455097561016428 off 0.3860383840064304 __DUMMY__ 0.06845185989192691	false	1.0
verschleppen	neg 1.0		neg 0.5443006462913121 off 0.386392250835715 __DUMMY__ 0.06930710287297294	false	1.0
weib	off 1.0		neg 0.5283128520338994 off 0.40290931087879867 __DUMMY__ 0.06877783708730192	false	0.5
opposition	neg 1.0		neg 0.5416298287029001 off 0.38955108786416803 __DUMMY__ 0.06881908343293189	false	1.0
verkehrswidrig	neg 1.0		neg 0.5293279243096043 off 0.401376507257469 __DUMMY__ 0.0692955684329267	false	1.0
inkorrekt	neg 1.0		neg 0.5387743843419007 off 0.3926555285145966 __DUMMY__ 0.0685700871435027	false	1.0
vermeiden	neg 1.0		neg 0.5467856251742521 off 0.3830352458385258 __DUMMY__ 0.07017912898722205	false	1.0
abweichung	neg 1.0		neg 0.5465707714492553 off 0.38458443674587645 __DUMMY__ 0.06884479180486838	false	1.0
alkoholisiert	neg 1.0		neg 0.54181964316462 off 0.3884358798044138 __DUMMY__ 0.06974447703096621	false	1.0
scheiss	off 1.0	off 1.0	off 0.6819057256100888 neg 0.2848811961369167 __DUMMY__ 0.033213078252994445	false	1.0
herausforderung	neg 1.0		neg 0.5394090208606994 off 0.39030866576223994 __DUMMY__ 0.07028231337706053	false	1.0
pervers	off 1.0		neg 0.5254001014592994 off 0.4058922658104006 __DUMMY__ 0.06870763273030009	false	0.5
wackelig	neg 1.0		neg 0.5394925877752154 off 0.39023392252870226 __DUMMY__ 0.07027348969608224	false	1.0
verwickeln	neg 1.0		neg 0.5395114389720523 off 0.3911526960643634 __DUMMY__ 0.06933586496358421	false	1.0
vorwand	neg 1.0		neg 0.5468572713778527 off 0.3836068973045537 __DUMMY__ 0.0695358313175936	false	1.0
muschi	off 1.0		neg 0.5412645275803817 off 0.38950400445037 __DUMMY__ 0.06923146796924849	false	0.5
entmutigung	neg 1.0		neg 0.5445635912546994 off 0.387330326674335 __DUMMY__ 0.0681060820709655	false	1.0
unangemessen	neg 1.0		neg 0.545298202571368 off 0.38556693791042324 __DUMMY__ 0.06913485951820869	false	1.0
unstetig	neg 1.0		neg 0.5378819633283516 off 0.3929970860788113 __DUMMY__ 0.0691209505928372	false	1.0
entmutigen	neg 1.0		neg 0.5389899907694684 off 0.39141690400688167 __DUMMY__ 0.06959310522364988	false	1.0
schwanz	neg 1.0		neg 0.5421640937726566 off 0.38827606117063745 __DUMMY__ 0.06955984505670595	false	1.0
verbot	neg 1.0		neg 0.5449506824034949 off 0.3860722108807153 __DUMMY__ 0.06897710671578987	false	1.0
leid	neg 1.0		neg 0.5304935786818633 off 0.40042114775692506 __DUMMY__ 0.06908527356121155	false	1.0
archaisch	neg 1.0		neg 0.5443390589847887 off 0.3864576088843389 __DUMMY__ 0.0692033321308724	false	1.0
gegen			neg 0.546852821744753 off 0.3837172324789965 __DUMMY__ 0.06942994577625047	false	0.0
scheidung	neg 1.0	neg 1.0	neg 0.7456836586900424 off 0.2214541135169385 __DUMMY__ 0.03286222779301911	false	1.0
einschlag	neg 1.0		neg 0.5310578520828241 off 0.3998624753930128 __DUMMY__ 0.06907967252416299	false	1.0
m			neg 0.5405594779407117 off 0.3896518720724899 __DUMMY__ 0.06978864998679851	false	0.0
abgestanden	neg 1.0		neg 0.5391803637732735 off 0.3910805815687551 __DUMMY__ 0.06973905465797135	false	1.0
schmierig	off 1.0		neg 0.5307954811588111 off 0.3999238558982682 __DUMMY__ 0.06928066294292065	false	0.5
unpraktisch	neg 1.0		neg 0.5372476752161729 off 0.39287668904612066 __DUMMY__ 0.06987563573770626	false	1.0
wixxer	off 1.0		neg 0.5264366377883717 off 0.40509046340520966 __DUMMY__ 0.06847289880641867	false	0.5
bezeichnet			neg 0.5428669649608601 off 0.38789914564231065 __DUMMY__ 0.06923388939682913	false	0.0
jammerlappen	off 1.0		neg 0.5361115480202104 off 0.39452097664516445 __DUMMY__ 0.06936747533462506	false	0.5
farce	neg 1.0		neg 0.5471015859152876 off 0.3844144455309522 __DUMMY__ 0.06848396855376006	false	1.0
zwecklos	neg 1.0		neg 0.5447831683887648 off 0.3859062169834802 __DUMMY__ 0.06931061462775497	false	1.0
turbulent	neg 1.0		neg 0.5332297634904948 off 0.3977887377698797 __DUMMY__ 0.06898149873962553	false	1.0
invasion	neg 1.0		neg 0.5360802555154695 off 0.3942945125000803 __DUMMY__ 0.06962523198445017	false	1.0
schuld	neg 1.0		neg 0.5403337079145554 off 0.390271695486043 __DUMMY__ 0.06939459659940174	false	1.0
risiko	neg 1.0		neg 0.5349054554246548 off 0.3952933840560344 __DUMMY__ 0.06980116051931072	false	1.0
finster	neg 1.0		neg 0.5382388729519408 off 0.3918921890824579 __DUMMY__ 0.0698689379656014	false	1.0
geisteskrank	off 1.0		neg 0.5368906084541434 off 0.3942764197389129 __DUMMY__ 0.06883297180694362	false	0.5
zusammenbrechen	neg 1.0		neg 0.5410957140410763 off 0.3891330763514401 __DUMMY__ 0.06977120960748358	false	1.0
ausbeute	neg 1.0		neg 0.5410255960117835 off 0.388968078494206 __DUMMY__ 0.07000632549401042	false	1.0
hinterhalt	neg 1.0		neg 0.5392587881529822 off 0.3912876088479719 __DUMMY__ 0.06945360299904589	false	1.0
kritik	neg 1.0		neg 0.5461602024163786 off 0.3851712433569381 __DUMMY__ 0.06866855422668322	false	1.0
einschrumpfen	neg 1.0		neg 0.5394309356338435 off 0.3917975542282784 __DUMMY__ 0.06877151013787808	false	1.0
riskant	neg 1.0		neg 0.5442571098507234 off 0.38606516367693644 __DUMMY__ 0.06967772647234027	false	1.0
frustrieren	neg 1.0		neg 0.5451316577273817 off 0.38533790496136494 __DUMMY__ 0.06953043731125334	false	1.0
groll	neg 1.0		neg 0.5443627458797766 off 0.386292701464864 __DUMMY__ 0.06934455265535944	false	1.0
gibt			neg 0.542826343794405 off 0.3876315393097703 __DUMMY__ 0.06954211689582467	false	0.0
qualvoll	neg 1.0		neg 0.5370777356138939 off 0.3932673309760009 __DUMMY__ 0.06965493341010519	false	1.0
wackeln	neg 1.0		neg 0.5369401021740682 off 0.3930045970065813 __DUMMY__ 0.07005530081935049	false	1.0
klagen	neg 1.0		neg 0.5472885171733869 off 0.3832467164821188 __DUMMY__ 0.06946476634449433	false	1.0
bankrott	neg 1.0		neg 0.5344922747235408 off 0.39594741211304957 __DUMMY__ 0.06956031316340971	false	1.0
trauern	neg 1.0		neg 0.5438967655715293 off 0.38642463075663275 __DUMMY__ 0.06967860367183787	false	1.0
ablehnung	neg 1.0	neg 1.0	neg 0.7613385923768774 off 0.20574747242109986 __DUMMY__ 0.03291393520202273	false	1.0
stur	neg 1.0		neg 0.5396025853908412 off 0.39095331916304454 __DUMMY__ 0.0694440954461142	false	1.0
aufruhr	neg 1.0		neg 0.5428484426497238 off 0.38826090944716063 __DUMMY__ 0.06889064790311572	false	1.0
melancholie	neg 1.0		neg 0.5407372062146033 off 0.3892467530162299 __DUMMY__ 0.07001604076916679	false	1.0
ist			neg 0.5396980637298963 off 0.3909171446492983 __DUMMY__ 0.06938479162080545	false	0.0
torheit	neg 1.0		neg 0.5437542800724942 off 0.3876340229011307 __DUMMY__ 0.06861169702637508	false	1.0
dreckskind	off 1.0		neg 0.5330575860554926 off 0.3985501673688888 __DUMMY__ 0.06839224657561863	false	0.5
umtauschen	neg 1.0		neg 0.5394716907866935 off 0.3907151285738652 __DUMMY__ 0.06981318063944124	false	1.0
zum			neg 0.5437439510534269 off 0.38562547511322154 __DUMMY__ 0.07063057383335163	false	0.0
zersetzen	neg 1.0		neg 0.5463391895806029 off 0.3841749842354917 __DUMMY__ 0.06948582618390535	false	1.0
zur			neg 0.5480236384474199 off 0.3821152221081961 __DUMMY__ 0.06986113944438407	false	0.0
frust	neg 1.0		neg 0.5418751216584844 off 0.38844199132496526 __DUMMY__ 0.06968288701655027	false	1.0
unerbittlichkeit	neg 1.0		neg 0.5459969707046837 off 0.38464046608598357 __DUMMY__ 0.06936256320933282	false	1.0
zwei			neg 0.5434568035676254 off 0.3862259449030196 __DUMMY__ 0.0703172515293549	false	0.0
unkorrekt	neg 1.0		neg 0.536613852411408 off 0.3946012534679836 __DUMMY__ 0.06878489412060829	false	1.0
hexe	off 1.0		neg 0.534855039493305 off 0.3957423494543739 __DUMMY__ 0.06940261105232096	false	0.5
lasch	neg 1.0		neg 0.5390087095644995 off 0.3918925795462962 __DUMMY__ 0.06909871088920423	false	1.0
rivale	neg 1.0		neg 0.5326684119243404 off 0.39840690132496276 __DUMMY__ 0.06892468675069678	false	1.0
mutlos	off 1.0	off 1.0	off 0.6753118019549538 neg 0.29158895088151193 __DUMMY__ 0.03309924716353437	false	1.0
wirr	off 1.0		neg 0.5346326318898572 off 0.3965706749071293 __DUMMY__ 0.0687966932030136	false	0.5
jahr			neg 0.5420194528362613 off 0.3878944440582438 __DUMMY__ 0.07008610310549494	false	0.0
wird			neg 0.543859128178225 off 0.3865182998080617 __DUMMY__ 0.06962257201371341	false	0.0
strafbar	neg 1.0		neg 0.5465820150913049 off 0.38425073472686466 __DUMMY__ 0.06916725018183055	false	1.0
erosion	neg 1.0		neg 0.5371832893318661 off 0.39304342629392813 __DUMMY__ 0.06977328437420577	false	1.0
eingehen	neg 1.0		neg 0.5447420233111128 off 0.38586140590366247 __DUMMY__ 0.06939657078522485	false	1.0
faul	off 1.0		neg 0.5340673343547133 off 0.39614039392150474 __DUMMY__ 0.06979227172378201	false	0.5
provisorium	neg 1.0		neg 0.5493936742174964 off 0.3802565141309864 __DUMMY__ 0.07034981165151731	false	1.0
schmerzen	neg 1.0		neg 0.5405353557723228 off 0.389686685501326 __DUMMY__ 0.06977795872635109	false	1.0
schrumpfen	neg 1.0		neg 0.5478368540003828 off 0.3821880049833356 __DUMMY__ 0.06997514101628145	false	1.0
geistlos	off 1.0		neg 0.5426513762952204 off 0.3888624107500181 __DUMMY__ 0.06848621295476143	false	0.5
fehlkauf	neg 1.0		neg 0.5382871595191481 off 0.3924647214576596 __DUMMY__ 0.06924811902319233	false	1.0
frustrierend	neg 1.0	neg 1.0	neg 0.7565686734341304 off 0.2101479683926036 __DUMMY__ 0.033283358173265984	false	1.0
unzufrieden	neg 1.0		neg 0.5438142340395286 off 0.38670158642354074 __DUMMY__ 0.06948417953693069	false	1.0
verzweifeln	neg 1.0		neg 0.5408602397991394 off 0.3894918254446397 __DUMMY__ 0.06964793475622093	false	1.0
verzweifelt	neg 1.0		neg 0.5395650928649968 off 0.39096269686461244 __DUMMY__ 0.06947221027039081	false	1.0
misstrauensantrag	neg 1.0		neg 0.5391991116593885 off 0.39172092056253555 __DUMMY__ 0.069079967778076	false	1.0
abfallen	neg 1.0		neg 0.536578065401299 off 0.39332669027511535 __DUMMY__ 0.07009524432358566	false	1.0
fucker	off 1.0		neg 0.5335787936801981 off 0.3973786219148988 __DUMMY__ 0.06904258440490303	false	0.5
ungezogen	neg 1.0		neg 0.5269280057587916 off 0.40409099052559766 __DUMMY__ 0.06898100371561076	false	1.0
irrsinnig	neg 1.0	neg 1.0	neg 0.7588952921570052 off 0.2079351207288028 __DUMMY__ 0.03316958711419206	false	1.0
unfassbar	neg 1.0		neg 0.5357130597283355 off 0.39495804505107873 __DUMMY__ 0.06932889522058569	false	1.0
hart	neg 1.0		neg 0.5365456881505863 off 0.3943816658133556 __DUMMY__ 0.06907264603605819	false	1.0
widerlich	off 1.0		neg 0.5358135353157056 off 0.39507829625509977 __DUMMY__ 0.06910816842919457	false	0.5
fatal	neg 1.0		neg 0.5381181147320021 off 0.39257102590469267 __DUMMY__ 0.06931085936330529	false	1.0
bruch	neg 1.0		neg 0.5490186043986791 off 0.3817280042664541 __DUMMY__ 0.06925339133486672	false	1.0
aushungern	neg 1.0		neg 0.5431574290677453 off 0.3879246635951423 __DUMMY__ 0.06891790733711234	false	1.0
anspannung	neg 1.0		neg 0.5457639195970003 off 0.3841603749594505 __DUMMY__ 0.070075705443549	false	1.0
von			neg 0.5429571809259932 off 0.386932559767726 __DUMMY__ 0.07011025930628083	false	0.0
kraftlos	neg 1.0		neg 0.5408155458458178 off 0.38907535497469364 __DUMMY__ 0.07010909917948857	false	1.0
vom			neg 0.5470519630689263 off 0.3824271220043807 __DUMMY__ 0.07052091492669316	false	0.0
grenzdebil	off 1.0		neg 0.5336989171446676 off 0.3968500662918414 __DUMMY__ 0.06945101656349106	false	0.5
vor			neg 0.5450880235690844 off 0.38494241958598613 __DUMMY__ 0.06996955684492957	false	0.0
unterwerfen	neg 1.0		neg 0.5451771688825634 off 0.38544008050978756 __DUMMY__ 0.06938275060764891	false	1.0
versenkung	neg 1.0		neg 0.544739089145633 off 0.38568016617157186 __DUMMY__ 0.0695807446827951	false	1.0
entziehen	neg 1.0		neg 0.547374508538437 off 0.383058796072281 __DUMMY__ 0.0695666953892821	false	1.0
finanzkrise	neg 1.0		neg 0.5440781839073949 off 0.3871066235718781 __DUMMY__ 0.06881519252072692	false	1.0
schimpfend	neg 1.0		neg 0.5348900601376139 off 0.39488932818407185 __DUMMY__ 0.07022061167831431	false	1.0
profan	neg 1.0		neg 0.5385438874294969 off 0.39200916035481326 __DUMMY__ 0.06944695221568986	false	1.0
korruption	neg 1.0		neg 0.5459399886461228 off 0.3851671043628059 __DUMMY__ 0.06889290699107123	false	1.0
â			neg 0.5417373936778159 off 0.38850006773459594 __DUMMY__ 0.06976253858758816	false	0.0
schmutzig	neg 1.0		neg 0.532683790576987 off 0.3975603051147658 __DUMMY__ 0.06975590430824716	false	1.0
sexy	neg 1.0		neg 0.5357332869293661 off 0.3948109153431913 __DUMMY__ 0.06945579772744268	false	1.0
abraten	neg 1.0		neg 0.5380925695478729 off 0.3921962115429009 __DUMMY__ 0.06971121890922623	false	1.0
schwarz	neg 1.0		neg 0.5388494044787902 off 0.39178363913768083 __DUMMY__ 0.06936695638352894	false	1.0
fotze	off 1.0		neg 0.5429357426002482 off 0.3877399937972517 __DUMMY__ 0.06932426360250009	false	0.5
verwirren	neg 1.0		neg 0.5374855425864656 off 0.3930537594003697 __DUMMY__ 0.06946069801316464	false	1.0
zahnlos	off 1.0		neg 0.5444080376310775 off 0.38629256513338633 __DUMMY__ 0.0692993972355361	false	0.5
verheeren	neg 1.0		neg 0.5271266970595266 off 0.4044117206227632 __DUMMY__ 0.0684615823177101	false	1.0
hippie	neg 1.0		neg 0.536337088302651 off 0.3942692770836641 __DUMMY__ 0.06939363461368477	false	1.0
rammen	neg 1.0		neg 0.536657504673685 off 0.3937816540641854 __DUMMY__ 0.06956084126212965	false	1.0
unlauter	neg 1.0	neg 1.0	neg 0.7580516526787137 off 0.20886941680572235 __DUMMY__ 0.03307893051556403	false	1.0
unheilvoll	neg 1.0		neg 0.5374063069402317 off 0.3929317070987523 __DUMMY__ 0.06966198596101594	false	1.0
niedrig	neg 1.0		neg 0.5437699295072068 off 0.38677541397069387 __DUMMY__ 0.06945465652209933	false	1.0
explosion	neg 1.0		neg 0.5360169630106463 off 0.39441598023063645 __DUMMY__ 0.0695670567587172	false	1.0
weichei	off 1.0		neg 0.5301044534611525 off 0.4008958741472387 __DUMMY__ 0.06899967239160883	false	0.5
minusmensch	off 1.0		neg 0.5285843725888832 off 0.4031761696925931 __DUMMY__ 0.0682394577185235	false	0.5
farblos	neg 1.0		neg 0.5397395797857846 off 0.3908863875471247 __DUMMY__ 0.06937403266709077	false	1.0
unwissend	neg 1.0	neg 1.0	neg 0.7565234956002584 off 0.21037654789650045 __DUMMY__ 0.03309995650324113	false	1.0
traurig	neg 1.0		neg 0.5321370424150669 off 0.3984916899906816 __DUMMY__ 0.06937126759425155	false	1.0
senkung	neg 1.0		neg 0.5379081405743825 off 0.39286016567077126 __DUMMY__ 0.06923169375484631	false	1.0
ungleich	neg 1.0	neg 1.0	neg 0.7616693301295293 off 0.2051741557838665 __DUMMY__ 0.03315651408660421	false	1.0
heikel	neg 1.0		neg 0.5459675388202792 off 0.3844656360977266 __DUMMY__ 0.06956682508199412	false	1.0
drosselung	neg 1.0		neg 0.5311126148097048 off 0.3994352010869035 __DUMMY__ 0.06945218410339157	false	1.0
falsch	neg 1.0		neg 0.5367929911495406 off 0.3938396621066067 __DUMMY__ 0.06936734674385278	false	1.0
unzufriedenheit	neg 1.0		neg 0.5465925903801866 off 0.383920172898075 __DUMMY__ 0.06948723672173855	false	1.0
kurz	neg 1.0		neg 0.5398434923989482 off 0.39012059741829697 __DUMMY__ 0.07003591018275478	false	1.0
unsinnig	neg 1.0		neg 0.5435509221427011 off 0.3870284703175355 __DUMMY__ 0.0694206075397636	false	1.0
penner	off 1.0	off 1.0	off 0.6851529481997266 neg 0.28181118581517306 __DUMMY__ 0.033035865985100395	false	1.0
seicht	neg 1.0		neg 0.5296705043085141 off 0.4017851885641781 __DUMMY__ 0.06854430712730777	false	1.0
dummheit	off 1.0	off 1.0	off 0.6787412809463993 neg 0.2881910740942551 __DUMMY__ 0.033067644959345714	false	1.0
unerfreulich	neg 1.0		neg 0.5460110535443196 off 0.3842940171535039 __DUMMY__ 0.06969492930217655	false	1.0
motherfucker	off 1.0	off 1.0	off 0.6821491691670533 neg 0.2848088806082186 __DUMMY__ 0.03304195022472824	false	1.0
pikiert	neg 1.0		neg 0.536970493764139 off 0.3938600541902672 __DUMMY__ 0.06916945204559381	false	1.0
wrack	neg 1.0		neg 0.5408561547533958 off 0.3892960517002236 __DUMMY__ 0.06984779354638054	false	1.0
gangster	neg 1.0		neg 0.5372477444770757 off 0.39335129601582947 __DUMMY__ 0.06940095950709489	false	1.0
krank	neg 1.0		neg 0.5328082866323508 off 0.3975494047992244 __DUMMY__ 0.06964230856842483	false	1.0
reich	neg 1.0		neg 0.5399610235023148 off 0.391728987655167 __DUMMY__ 0.06830998884251815	false	1.0
gnadenlos	neg 1.0		neg 0.5397134114581071 off 0.39080856408734854 __DUMMY__ 0.06947802445454428	false	1.0
niedergeschlagen	neg 1.0		neg 0.5414410762578169 off 0.38886790497594237 __DUMMY__ 0.06969101876624073	false	1.0
terrorisieren	off 1.0	off 1.0	off 0.6762154170102649 neg 0.29042449769098505 __DUMMY__ 0.03336008529875002	false	1.0
sinnlosigkeit	neg 1.0		neg 0.5441907836089026 off 0.3864756533634986 __DUMMY__ 0.06933356302759888	false	1.0
behindern	neg 1.0		neg 0.5391601942664883 off 0.3910540970662095 __DUMMY__ 0.0697857086673022	false	1.0
undemokratisch	neg 1.0		neg 0.5427115332171957 off 0.38855301416818444 __DUMMY__ 0.06873545261461983	false	1.0
wirtschaftskrise	neg 1.0		neg 0.5449339758139716 off 0.3859755002828784 __DUMMY__ 0.06909052390314983	false	1.0
neid	neg 1.0		neg 0.5354943038574425 off 0.39480156768089814 __DUMMY__ 0.06970412846165948	false	1.0
rutschen	neg 1.0		neg 0.5433355944421684 off 0.3859909587089849 __DUMMY__ 0.07067344684884666	false	1.0
rezession	neg 1.0		neg 0.5339522648375133 off 0.3975049282076389 __DUMMY__ 0.06854280695484777	false	1.0
fehlgeburt	neg 1.0		neg 0.540094194873271 off 0.3904914145027851 __DUMMY__ 0.0694143906239438	false	1.0
charakterschwach	off 1.0		neg 0.5358472710314744 off 0.39501422595730534 __DUMMY__ 0.06913850301122006	false	0.5
isolation	neg 1.0		neg 0.5346421479576575 off 0.3959188077968354 __DUMMY__ 0.06943904424550698	false	1.0
ablenkung	neg 1.0		neg 0.5391825011638928 off 0.39107932415122926 __DUMMY__ 0.06973817468487796	false	1.0
pech	neg 1.0		neg 0.5372166944117283 off 0.39332092910424227 __DUMMY__ 0.06946237648402956	false	1.0
vermeidung	neg 1.0		neg 0.532222367802984 off 0.39825252050844356 __DUMMY__ 0.06952511168857246	false	1.0
dominieren	neg 1.0		neg 0.5419626171837434 off 0.388549426145229 __DUMMY__ 0.06948795667102768	false	1.0
schwindlig	neg 1.0		neg 0.5355656347297777 off 0.3945883607454693 __DUMMY__ 0.06984600452475283	false	1.0
lutscher	neg 1.0		neg 0.5283231760895727 off 0.40308026354405085 __DUMMY__ 0.06859656036637647	false	1.0
pflicht	neg 1.0		neg 0.546452525630658 off 0.3840313044590472 __DUMMY__ 0.06951616991029473	false	1.0
faschist	off 1.0		neg 0.5418984260144397 off 0.38943027401905067 __DUMMY__ 0.06867129996650968	false	0.5
verschleudern	neg 1.0		neg 0.5452477014096245 off 0.38558658650738875 __DUMMY__ 0.06916571208298668	false	1.0
wenn			neg 0.5364370148213032 off 0.39412703915868386 __DUMMY__ 0.06943594602001305	false	0.0
ehebruch	neg 1.0		neg 0.5454463835023026 off 0.3853144350577065 __DUMMY__ 0.06923918143999108	false	1.0
spott	off 1.0		neg 0.5460618174870998 off 0.38466983079845185 __DUMMY__ 0.06926835171444853	false	0.5
trostlosigkeit	neg 1.0		neg 0.5488763270816234 off 0.38211930022245905 __DUMMY__ 0.0690043726959176	false	1.0
lutschen	neg 1.0		neg 0.5371222797432307 off 0.39381536056714195 __DUMMY__ 0.06906235968962722	false	1.0
undiszipliniert	neg 1.0		neg 0.533290276424079 off 0.3974274098075739 __DUMMY__ 0.0692823137683471	false	1.0
kopfschmerz	neg 1.0		neg 0.5409729404922311 off 0.38946593479366054 __DUMMY__ 0.0695611247141083	false	1.0
unvorhergesehen	neg 1.0		neg 0.5396165850101182 off 0.3902583337125026 __DUMMY__ 0.0701250812773791	false	1.0
desinteressiert	neg 1.0		neg 0.53464020538507 off 0.3962615683417016 __DUMMY__ 0.06909822627322844	false	1.0
armselig	off 1.0		neg 0.5342227325112268 off 0.39682077975637303 __DUMMY__ 0.06895648773240015	false	0.5
desaster	neg 1.0		neg 0.549107101150135 off 0.38158720246382966 __DUMMY__ 0.06930569638603533	false	1.0
tod	neg 1.0		neg 0.5465124333232442 off 0.3844260517628853 __DUMMY__ 0.06906151491387054	false	1.0
herzlos	neg 1.0		neg 0.5316454498424353 off 0.3990492943287541 __DUMMY__ 0.0693052558288106	false	1.0
unwissenheit	neg 1.0		neg 0.5450589618720381 off 0.3857620516250815 __DUMMY__ 0.0691789865028804	false	1.0
widersinnig	neg 1.0		neg 0.5455726181210317 off 0.38563762540458263 __DUMMY__ 0.0687897564743857	false	1.0
bedenklich	neg 1.0		neg 0.5450946527109244 off 0.38540123055977743 __DUMMY__ 0.06950411672929824	false	1.0
beanstanden	neg 1.0		neg 0.5465754039860489 off 0.3838570289741131 __DUMMY__ 0.0695675670398381	false	1.0
panisch	neg 1.0	neg 1.0	neg 0.7556849683452496 off 0.21068899300854882 __DUMMY__ 0.03362603864620166	false	1.0
debil	off 1.0		neg 0.5489294347246453 off 0.38135741440108545 __DUMMY__ 0.06971315087426916	false	0.5
abstrich	neg 1.0		neg 0.5375399015369654 off 0.39248722964964916 __DUMMY__ 0.06997286881338559	false	1.0
primitiv	neg 1.0		neg 0.5353653651389527 off 0.3955662553185679 __DUMMY__ 0.06906837954247914	false	1.0
abschaum	off 1.0	off 1.0	off 0.6800350597486894 neg 0.2869578194372058 __DUMMY__ 0.0330071208141049	false	1.0
provozieren	neg 1.0		neg 0.5417130486450754 off 0.38905760308419357 __DUMMY__ 0.06922934827073103	false	1.0
tot	neg 1.0		neg 0.542535952781758 off 0.3881721804842798 __DUMMY__ 0.069291866733962	false	1.0
instabil	neg 1.0		neg 0.5343182389500977 off 0.3970192511111304 __DUMMY__ 0.06866250993877185	false	1.0
schwuchtel	off 1.0		neg 0.5245886154436158 off 0.40728751673127755 __DUMMY__ 0.06812386782510672	false	0.5
zerren	neg 1.0		neg 0.5413494460329891 off 0.3889163855729549 __DUMMY__ 0.06973416839405594	false	1.0
kinderficker	off 1.0		neg 0.5323716128003189 off 0.3988492248303884 __DUMMY__ 0.06877916236929274	false	0.5
gefahr	neg 1.0		neg 0.545331807262294 off 0.385348499325868 __DUMMY__ 0.06931969341183808	false	1.0
rabiat	neg 1.0		neg 0.5406611807811714 off 0.3898425750262853 __DUMMY__ 0.06949624419254347	false	1.0
verlangsamung	neg 1.0		neg 0.530258926929551 off 0.4012411115982341 __DUMMY__ 0.06849996147221486	false	1.0
ausgestorben	neg 1.0		neg 0.5415334155081153 off 0.38879301817161727 __DUMMY__ 0.06967356632026758	false	1.0
anklagen	neg 1.0		neg 0.5428502643035488 off 0.38800488116874515 __DUMMY__ 0.06914485452770595	false	1.0
trott	neg 1.0		neg 0.5396553198235671 off 0.39068283473276144 __DUMMY__ 0.06966184544367164	false	1.0
verminderung	neg 1.0		neg 0.5326814037372776 off 0.3980660904442392 __DUMMY__ 0.06925250581848316	false	1.0
nach			neg 0.5453095318460736 off 0.3843401293967849 __DUMMY__ 0.0703503387571415	false	0.0
rost	neg 1.0		neg 0.5281832758669025 off 0.4030041363482785 __DUMMY__ 0.06881258778481891	false	1.0
destruktiv	neg 1.0		neg 0.5437175878976263 off 0.387171151141688 __DUMMY__ 0.06911126096068582	false	1.0
unzumutbarkeit	neg 1.0		neg 0.5326302804807923 off 0.39793792678429146 __DUMMY__ 0.06943179273491618	false	1.0
labil	off 1.0	off 1.0	off 0.6809547986005545 neg 0.28598256125508215 __DUMMY__ 0.033062640144363324	false	1.0
ziemlich	neg 1.0		neg 0.5346122872922318 off 0.3959893901863121 __DUMMY__ 0.06939832252145613	false	1.0
lachnummer	off 1.0		neg 0.5434522172215048 off 0.38738979832238374 __DUMMY__ 0.06915798445611145	false	0.5
oder			neg 0.5391731204568682 off 0.391015736237631 __DUMMY__ 0.0698111433055007	false	0.0
verfall	neg 1.0		neg 0.5491358980996881 off 0.38113184925900406 __DUMMY__ 0.06973225264130783	false	1.0
ausgrenzung	neg 1.0		neg 0.54185723537736 off 0.3894016381214073 __DUMMY__ 0.0687411265012327	false	1.0
unordnung	neg 1.0		neg 0.5324728448494377 off 0.39869064011151917 __DUMMY__ 0.06883651503904309	false	1.0
fehlverhalten	neg 1.0		neg 0.5461588280218461 off 0.3845317071416421 __DUMMY__ 0.06930946483651186	false	1.0
eine			neg 0.5453383145551183 off 0.38480710699871634 __DUMMY__ 0.0698545784461655	false	0.0
nille	neg 1.0		neg 0.5421526706569729 off 0.38872491277521787 __DUMMY__ 0.06912241656780915	false	1.0
qual	neg 1.0		neg 0.5399385761967924 off 0.39043653603619266 __DUMMY__ 0.06962488776701489	false	1.0
verschwenden	neg 1.0		neg 0.5445714277420449 off 0.38584776946998195 __DUMMY__ 0.06958080278797327	false	1.0
riesig	neg 1.0		neg 0.5410761316819873 off 0.389343810522943 __DUMMY__ 0.06958005779506968	false	1.0
verurteilen	neg 1.0		neg 0.5450653578663136 off 0.38580860770219716 __DUMMY__ 0.06912603443148925	false	1.0
klischee	neg 1.0	neg 1.0	neg 0.7578708810191129 off 0.2090924263541296 __DUMMY__ 0.033036692626757534	false	1.0
diktatorisch	neg 1.0		neg 0.5440165677388333 off 0.3874696036978373 __DUMMY__ 0.06851382856332938	false	1.0
vorhersehbar	neg 1.0		neg 0.5408137228325945 off 0.39017453029363686 __DUMMY__ 0.06901174687376868	false	1.0
sowie			neg 0.5314891116396236 off 0.39990546224827084 __DUMMY__ 0.06860542611210561	false	0.0
stornieren	neg 1.0		neg 0.535961440982228 off 0.3942906003583182 __DUMMY__ 0.06974795865945387	false	1.0
besteuerung	neg 1.0		neg 0.5401586262400861 off 0.39062231442549095 __DUMMY__ 0.06921905933442309	false	1.0
ungeschminkt	neg 1.0		neg 0.5348119841358767 off 0.395991986241289 __DUMMY__ 0.06919602962283422	false	1.0
kritisch	neg 1.0		neg 0.545900294079868 off 0.38481066784649626 __DUMMY__ 0.06928903807363578	false	1.0
schlamperei	off 1.0		neg 0.545087818621378 off 0.385634972551653 __DUMMY__ 0.0692772088269689	false	0.5
sucht	neg 1.0	neg 1.0	neg 0.7548717113150684 off 0.21148712863992672 __DUMMY__ 0.03364116004500492	false	1.0
egoistisch	off 1.0		neg 0.5301986861602546 off 0.4007721117836827 __DUMMY__ 0.06902920205606276	false	0.5
ausbeuter	off 1.0		neg 0.5472834122845623 off 0.38353842185640996 __DUMMY__ 0.06917816585902761	false	0.5
arschgeburt	off 1.0		neg 0.5247671053105236 off 0.4071099602617428 __DUMMY__ 0.06812293442773355	false	0.5
schubs	neg 1.0	neg 1.0	neg 0.7586647805816044 off 0.20776191863947913 __DUMMY__ 0.03357330077891647	false	1.0
unsolide	neg 1.0		neg 0.541193837970351 off 0.39053407284745795 __DUMMY__ 0.068272089182191	false	1.0
beschwerde	neg 1.0		neg 0.5441213429543487 off 0.38659365159153497 __DUMMY__ 0.06928500545411638	false	1.0
stocken	neg 1.0		neg 0.5429524064117482 off 0.38743019523143263 __DUMMY__ 0.06961739835681922	false	1.0
isolieren	neg 1.0		neg 0.5396088101393907 off 0.39057153534079103 __DUMMY__ 0.06981965451981834	false	1.0
unheilbar	neg 1.0		neg 0.5407913882307399 off 0.38987389085633345 __DUMMY__ 0.06933472091292665	false	1.0
pisser	off 1.0		neg 0.5334359879174639 off 0.39773888346990977 __DUMMY__ 0.06882512861262637	false	0.5
löschen	neg 1.0		neg 0.5395578383595955 off 0.3910425959062272 __DUMMY__ 0.06939956573417722	false	1.0
durchfallen	neg 1.0		neg 0.544191666423759 off 0.38625997547105856 __DUMMY__ 0.06954835810518241	false	1.0
wichser	off 1.0		neg 0.5263365260626792 off 0.4049466029218901 __DUMMY__ 0.06871687101543059	false	0.5
terror	neg 1.0		neg 0.5349345498913496 off 0.3953834081887129 __DUMMY__ 0.06968204191993747	false	1.0
krass	neg 1.0		neg 0.5319224826196358 off 0.3989332075317853 __DUMMY__ 0.0691443098485788	false	1.0
revolte	neg 1.0	neg 1.0	neg 0.7593474269959384 off 0.20793682784923911 __DUMMY__ 0.032715745154822624	false	1.0
besorgt	neg 1.0		neg 0.5390318288204275 off 0.3908057254023902 __DUMMY__ 0.07016244577718235	false	1.0
nachlassen	neg 1.0		neg 0.5417136815170087 off 0.38854210297412695 __DUMMY__ 0.0697442155088644	false	1.0
alt	neg 1.0		neg 0.541988755277309 off 0.38794987006382886 __DUMMY__ 0.07006137465886215	false	1.0
hundesohn	off 1.0		neg 0.5288382854487691 off 0.40276429805024777 __DUMMY__ 0.06839741650098319	false	0.5
als			neg 0.5420517091897729 off 0.38817108635463426 __DUMMY__ 0.06977720445559292	false	0.0
abschreckung	neg 1.0		neg 0.5470332382269154 off 0.3835426418525757 __DUMMY__ 0.0694241199205088	false	1.0
unqualifiziert	neg 1.0		neg 0.5398143645265334 off 0.3910736364066776 __DUMMY__ 0.06911199906678882	false	1.0
abgewichst	off 1.0		neg 0.5419995906458381 off 0.38861678466114097 __DUMMY__ 0.06938362469302083	false	0.5
schwer	neg 1.0		neg 0.5405517564106627 off 0.3897926855217673 __DUMMY__ 0.06965555806757003	false	1.0
bedeutungslosigkeit	neg 1.0		neg 0.5468598329934424 off 0.3838167312373796 __DUMMY__ 0.06932343576917796	false	1.0
kapitulation	neg 1.0		neg 0.5473836102928439 off 0.3838710317057516 __DUMMY__ 0.06874535800140463	false	1.0
unscharf	neg 1.0		neg 0.5374095979227875 off 0.39318824084685916 __DUMMY__ 0.06940216123035337	false	1.0
schwinden	neg 1.0		neg 0.5450287767187113 off 0.38538724161559534 __DUMMY__ 0.06958398166569342	false	1.0
versklavung	neg 1.0	neg 1.0	neg 0.7599308013098719 off 0.20719442543401206 __DUMMY__ 0.032874773256116034	false	1.0
schlecht	neg 1.0		neg 0.5339031002116924 off 0.39663513362261593 __DUMMY__ 0.06946176616569162	false	1.0
verhasst	neg 1.0		neg 0.5421380875230902 off 0.3887263378128909 __DUMMY__ 0.06913557466401891	false	1.0
beschweren	neg 1.0		neg 0.5384980956230193 off 0.39193272325550355 __DUMMY__ 0.06956918112147717	false	1.0
scheiden	neg 1.0		neg 0.5408414828230798 off 0.38958593345527737 __DUMMY__ 0.06957258372164292	false	1.0
frustriert	neg 1.0		neg 0.5421067198234611 off 0.3883207649146496 __DUMMY__ 0.06957251526188903	false	1.0
schimmelig	neg 1.0		neg 0.5442075266018666 off 0.38632502464913704 __DUMMY__ 0.06946744874899624	false	1.0
fisch	neg 1.0	neg 1.0	neg 0.7585603032580593 off 0.207857472721352 __DUMMY__ 0.033582224020588684	false	1.0
schmuggel	neg 1.0		neg 0.5435831569809906 off 0.386473172846194 __DUMMY__ 0.06994367017281562	false	1.0
auffallen	neg 1.0		neg 0.5382799881265486 off 0.3922238598795891 __DUMMY__ 0.06949615199386225	false	1.0
konkurrenz	neg 1.0		neg 0.5449623258803418 off 0.38515717495430296 __DUMMY__ 0.06988049916535528	false	1.0
teufelskreis	neg 1.0		neg 0.542752397997874 off 0.38785876412121 __DUMMY__ 0.06938883788091613	false	1.0
aufschreien	neg 1.0		neg 0.5399463805587263 off 0.3908716693069197 __DUMMY__ 0.06918195013435396	false	1.0
schuldner	neg 1.0		neg 0.5461409057093473 off 0.38463753275665685 __DUMMY__ 0.06922156153399586	false	1.0
missgeburt	off 1.0	off 1.0	off 0.6839525970769303 neg 0.2831767962549244 __DUMMY__ 0.03287060666814529	false	1.0
arbeitslos	neg 1.0		neg 0.5439092529386488 off 0.38669997310431814 __DUMMY__ 0.06939077395703316	false	1.0
befallen	neg 1.0		neg 0.5460700252363399 off 0.3850433838418721 __DUMMY__ 0.06888659092178802	false	1.0
miesepetrig	off 1.0		neg 0.5338907984260078 off 0.39658076941527515 __DUMMY__ 0.0695284321587171	false	0.5
alarmieren	neg 1.0		neg 0.5370606430822922 off 0.3939425745050025 __DUMMY__ 0.06899678241270538	false	1.0
ungeduscht	off 1.0		neg 0.5370113653772965 off 0.39353517222981393 __DUMMY__ 0.06945346239288937	false	0.5
knappheit	neg 1.0		neg 0.5432713585904214 off 0.3873359555835695 __DUMMY__ 0.0693926858260091	false	1.0
schlange	neg 1.0		neg 0.5375747097360382 off 0.3926441812882692 __DUMMY__ 0.06978110897569256	false	1.0
harsch	neg 1.0		neg 0.527712861290295 off 0.4030232734466739 __DUMMY__ 0.06926386526303115	false	1.0
lang	neg 1.0		neg 0.5389742523608066 off 0.3915287109522905 __DUMMY__ 0.06949703668690277	false	1.0
ziellos	neg 1.0		neg 0.5430349119782878 off 0.38728203410504314 __DUMMY__ 0.06968305391666907	false	1.0
selbstverliebt	neg 1.0		neg 0.5273889272393881 off 0.4043623996824313 __DUMMY__ 0.06824867307818058	false	1.0
beseitigen	neg 1.0		neg 0.5371350856127749 off 0.39299050982848716 __DUMMY__ 0.06987440455873799	false	1.0
dumm	off 1.0		neg 0.5302065886664177 off 0.4009296347331172 __DUMMY__ 0.06886377660046498	false	0.5
arbeitsloser	neg 1.0		neg 0.5445736103364747 off 0.38597949503966605 __DUMMY__ 0.06944689462385929	false	1.0
blitzen	neg 1.0		neg 0.5372715280068935 off 0.3934736654174949 __DUMMY__ 0.06925480657561157	false	1.0
hilflos	neg 1.0		neg 0.5422870316178089 off 0.3880960038400994 __DUMMY__ 0.0696169645420917	false	1.0
eklig	off 1.0		neg 0.5299021433554024 off 0.4013902996690556 __DUMMY__ 0.06870755697554194	false	0.5
begriff			neg 0.5428104409267894 off 0.38776518452216324 __DUMMY__ 0.06942437455104727	false	0.0
hungersnot	neg 1.0		neg 0.5448781260456538 off 0.386434787281275 __DUMMY__ 0.06868708667307134	false	1.0
ungesetzlich	neg 1.0		neg 0.5418341284583605 off 0.3895260164960572 __DUMMY__ 0.06863985504558213	false	1.0
verschwendung	neg 1.0		neg 0.5454785538472195 off 0.3849197008882939 __DUMMY__ 0.06960174526448654	false	1.0
schmerzvoll	neg 1.0		neg 0.5386268412280735 off 0.39182373865016734 __DUMMY__ 0.06954942012175927	false	1.0
vorzeitig	neg 1.0		neg 0.5344412972907956 off 0.39618408861943644 __DUMMY__ 0.06937461408976789	false	1.0
unvollkommenheit	neg 1.0		neg 0.5403980608963961 off 0.3901400975202138 __DUMMY__ 0.06946184158339021	false	1.0
intervenieren	neg 1.0		neg 0.5472631999153105 off 0.38364823109194157 __DUMMY__ 0.06908856899274808	false	1.0
banause	off 1.0		neg 0.5287861225183905 off 0.40263054238083545 __DUMMY__ 0.06858333510077401	false	0.5
rebell	neg 1.0		neg 0.5450861494471962 off 0.3851013159332304 __DUMMY__ 0.06981253461957339	false	1.0
unlogisch	neg 1.0		neg 0.5334862284433872 off 0.39747544939226914 __DUMMY__ 0.06903832216434351	false	1.0
leiden	neg 1.0	neg 1.0	neg 0.7585691558571698 off 0.20751070006529143 __DUMMY__ 0.03392014407753876	false	1.0
abschaffung	neg 1.0		neg 0.5413003427161412 off 0.3896166515167056 __DUMMY__ 0.0690830057671531	false	1.0
sturz	neg 1.0		neg 0.5410335380340477 off 0.3899629757346389 __DUMMY__ 0.06900348623131344	false	1.0
verkleinerung	neg 1.0		neg 0.5389388958701591 off 0.3922421908570993 __DUMMY__ 0.06881891327274155	false	1.0
schmarotzer	off 1.0		neg 0.545371179884656 off 0.3854196882151265 __DUMMY__ 0.06920913190021731	false	0.5
bestrafung	neg 1.0		neg 0.5402310192004199 off 0.39045422935949853 __DUMMY__ 0.06931475144008158	false	1.0
achtlos	neg 1.0		neg 0.5398940496787897 off 0.39032995710226553 __DUMMY__ 0.06977599321894472	false	1.0
ungeheuer	neg 1.0		neg 0.5388699628383867 off 0.3918171367421027 __DUMMY__ 0.06931290041951067	false	1.0
unaufrichtig	neg 1.0		neg 0.5405269492648942 off 0.3906874853983816 __DUMMY__ 0.06878556533672427	false	1.0
groggy	neg 1.0		neg 0.5370859088105153 off 0.39359509555215483 __DUMMY__ 0.06931899563732984	false	1.0
verletzlich	neg 1.0		neg 0.5347864150830937 off 0.39597550981965257 __DUMMY__ 0.0692380750972537	false	1.0
ablehnen	neg 1.0		neg 0.5444238354836861 off 0.38628787253451663 __DUMMY__ 0.06928829198179716	false	1.0
