unsolidarisch	neg 1.0		neg 0.5322298911961401 off 0.42484339537664245 __DUMMY__ 0.04292671342721743	false	1.0
nachteilig	neg 1.0		neg 0.5303964938192054 off 0.42601843400962847 __DUMMY__ 0.043585072171166105	false	1.0
skeptisch	neg 1.0		neg 0.5331327911462475 off 0.42319526272180635 __DUMMY__ 0.0436719461319462	false	1.0
schrecklich	neg 1.0		neg 0.5190929219529049 off 0.4375661786773313 __DUMMY__ 0.04334089936976377	false	1.0
schlapp	neg 1.0		neg 0.5211129499235098 off 0.4351882660237658 __DUMMY__ 0.043698784052724475	false	1.0
abfall	neg 1.0		neg 0.5343316325813061 off 0.4219118742901938 __DUMMY__ 0.04375649312850011	false	1.0
widerspenstig	neg 1.0		neg 0.5262416186215805 off 0.42999154302753956 __DUMMY__ 0.04376683835087997	false	1.0
abrupt	neg 1.0		neg 0.5264807964004541 off 0.42960360063511205 __DUMMY__ 0.04391560296443377	false	1.0
unwirksam	neg 1.0		neg 0.5293887160377895 off 0.42742067807590206 __DUMMY__ 0.043190605886308464	false	1.0
angreifen	neg 1.0		neg 0.5328954702946966 off 0.42359112702329277 __DUMMY__ 0.04351340268201061	false	1.0
inkonsistent	neg 1.0		neg 0.5252263331318189 off 0.4313006450942916 __DUMMY__ 0.043473021773889564	false	1.0
abrutschen	neg 1.0		neg 0.5338472707072952 off 0.4223492718357527 __DUMMY__ 0.043803457456952036	false	1.0
unsicher	neg 1.0		neg 0.5269389851608534 off 0.42939359772539226 __DUMMY__ 0.04366741711375429	false	1.0
bauernkind	off 1.0		neg 0.5175768135375812 off 0.4394248255335986 __DUMMY__ 0.042998360928820305	false	0.5
angreifer	neg 1.0		neg 0.5259032852371843 off 0.43082073567339774 __DUMMY__ 0.04327597908941804	false	1.0
trennen	neg 1.0		neg 0.5300447563986017 off 0.42601935050732753 __DUMMY__ 0.043935893094070776	false	1.0
schmutz	neg 1.0		neg 0.5180119115437396 off 0.43807000899897225 __DUMMY__ 0.043918079457288144	false	1.0
inkonsistenz	neg 1.0	neg 1.0	neg 0.7501831571572157 off 0.22907391359696605 __DUMMY__ 0.020742929245818328	false	1.0
erschreckend	neg 1.0		neg 0.5298584602031725 off 0.42664303832953154 __DUMMY__ 0.04349850146729617	false	1.0
ertrinken	neg 1.0		neg 0.530264302151635 off 0.4259905250531703 __DUMMY__ 0.04374517279519463	false	1.0
pickelface	off 1.0		neg 0.5281277119501624 off 0.4285192883916968 __DUMMY__ 0.04335299965814076	false	0.5
seiner			neg 0.532229643355581 off 0.42415361234326515 __DUMMY__ 0.04361674430115391	false	0.0
lauch	neg 1.0		neg 0.5327887132863777 off 0.4234864171963487 __DUMMY__ 0.04372486951727356	false	1.0
unwichtig	neg 1.0		neg 0.5232652801080366 off 0.43328345850412003 __DUMMY__ 0.043451261387843304	false	1.0
steuerhinterziehung	neg 1.0		neg 0.5313326719664864 off 0.4254735603905341 __DUMMY__ 0.0431937676429795	false	1.0
schock	neg 1.0		neg 0.5270896651931466 off 0.4290395787249373 __DUMMY__ 0.04387075608191621	false	1.0
beule	neg 1.0		neg 0.5199552456752606 off 0.4364048638694804 __DUMMY__ 0.043639890455258956	false	1.0
vergelten	neg 1.0		neg 0.5190497657522808 off 0.43783558841286757 __DUMMY__ 0.04311464583485172	false	1.0
verdorbenheit	neg 1.0		neg 0.5241845700169576 off 0.43206131140784937 __DUMMY__ 0.04375411857519282	false	1.0
trauma	neg 1.0		neg 0.5259372249367158 off 0.43055894966109437 __DUMMY__ 0.04350382540218996	false	1.0
sinnlos	neg 1.0		neg 0.5255395061563234 off 0.4309377781433748 __DUMMY__ 0.04352271570030189	false	1.0
fettsack	off 1.0	off 1.0	off 0.7038020353940694 neg 0.275508504767177 __DUMMY__ 0.020689459838753636	false	1.0
feige	off 1.0		neg 0.5256351355975529 off 0.4311278242450753 __DUMMY__ 0.04323704015737178	false	0.5
abdanken	neg 1.0		neg 0.5332352257017834 off 0.4237974806526021 __DUMMY__ 0.042967293645614656	false	1.0
wichtigtuer	off 1.0	off 1.0	off 0.6981579044217785 neg 0.2810961154912296 __DUMMY__ 0.020745980086991835	false	1.0
misslingen	neg 1.0		neg 0.5239945607210407 off 0.4323080859699208 __DUMMY__ 0.043697353309038484	false	1.0
untreu	off 1.0		neg 0.5225832574460606 off 0.43399039218408086 __DUMMY__ 0.043426350369858514	false	0.5
missmutig	neg 1.0		neg 0.5228282422551854 off 0.4335700747762915 __DUMMY__ 0.04360168296852309	false	1.0
hurenbock	off 1.0		neg 0.5232730501769701 off 0.43290300751425415 __DUMMY__ 0.04382394230877567	false	0.5
betrunken	neg 1.0		neg 0.5197381249775948 off 0.4367213149092256 __DUMMY__ 0.0435405601131797	false	1.0
korrupt	off 1.0		neg 0.5338711663521732 off 0.4230170968675293 __DUMMY__ 0.0431117367802973	false	0.5
unmut	neg 1.0		neg 0.5347364263227966 off 0.42165593646938176 __DUMMY__ 0.04360763720782165	false	1.0
hackfresse	off 1.0		neg 0.5159975139876457 off 0.44078562583208764 __DUMMY__ 0.04321686018026673	false	0.5
aufblasen	neg 1.0		neg 0.5245987091348159 off 0.4316610235492317 __DUMMY__ 0.04374026731595244	false	1.0
gewaltsam	neg 1.0		neg 0.5287383761335562 off 0.4280225112437504 __DUMMY__ 0.0432391126226933	false	1.0
unbeliebtheit	neg 1.0		neg 0.5257781047695197 off 0.4314240608173248 __DUMMY__ 0.0427978344131555	false	1.0
sturheit	neg 1.0		neg 0.5312487806719258 off 0.42543747955631095 __DUMMY__ 0.043313739771763164	false	1.0
kuh	neg 1.0		neg 0.5258977557715359 off 0.43063754056926773 __DUMMY__ 0.043464703659196365	false	1.0
erschrecken	neg 1.0		neg 0.5234833128388012 off 0.4329476738330014 __DUMMY__ 0.04356901332819738	false	1.0
opfer	neg 1.0	neg 1.0	neg 0.7534332872658568 off 0.22569520717650976 __DUMMY__ 0.020871505557633417	false	1.0
sinken	neg 1.0		neg 0.5332840912784254 off 0.42305861538250766 __DUMMY__ 0.04365729333906681	false	1.0
stinktier	neg 1.0		neg 0.5193379914973001 off 0.4374442139393304 __DUMMY__ 0.04321779456336939	false	1.0
tucke	off 1.0		neg 0.5141936054937102 off 0.44247993537670693 __DUMMY__ 0.043326459129583064	false	0.5
ein			neg 0.5241034660774022 off 0.4320008629287851 __DUMMY__ 0.04389567099381273	false	0.0
abstieg	neg 1.0		neg 0.5313372156119094 off 0.42531203543262813 __DUMMY__ 0.043350748955462565	false	1.0
missverstehen	neg 1.0		neg 0.5274776484025797 off 0.42920998822500445 __DUMMY__ 0.043312363372415924	false	1.0
ergebnislos	neg 1.0		neg 0.5310841551856131 off 0.4254675598912919 __DUMMY__ 0.04344828492309489	false	1.0
unter			neg 0.5344154285208321 off 0.42134932577060286 __DUMMY__ 0.04423524570856502	false	0.0
manipulieren	neg 1.0		neg 0.532596665769416 off 0.423837795171398 __DUMMY__ 0.04356553905918595	false	1.0
unbewiesen	neg 1.0		neg 0.5320250873889233 off 0.4250080502990447 __DUMMY__ 0.042966862312032	false	1.0
verschleppen	neg 1.0		neg 0.531892860879417 off 0.4247230303843644 __DUMMY__ 0.043384108736218674	false	1.0
weib	off 1.0		neg 0.515021123651744 off 0.4418405044969557 __DUMMY__ 0.04313837185130017	false	0.5
opposition	neg 1.0		neg 0.5286109670929537 off 0.4282471542329118 __DUMMY__ 0.043141878674134465	false	1.0
verkehrswidrig	neg 1.0		neg 0.5158342664090898 off 0.4406943590981712 __DUMMY__ 0.04347137449273898	false	1.0
inkorrekt	neg 1.0		neg 0.5257356359454562 off 0.4312725150979028 __DUMMY__ 0.042991848956640884	false	1.0
vermeiden	neg 1.0		neg 0.5329813883698835 off 0.4229666349670825 __DUMMY__ 0.04405197666303391	false	1.0
abweichung	neg 1.0		neg 0.532369772936411 off 0.4243547399986374 __DUMMY__ 0.043275487064951566	false	1.0
alkoholisiert	neg 1.0		neg 0.5277581202887781 off 0.42843903059433436 __DUMMY__ 0.043802849116887546	false	1.0
scheiss	off 1.0	off 1.0	off 0.7021925532173859 neg 0.2769379293768663 __DUMMY__ 0.0208695174057477	false	1.0
herausforderung	neg 1.0		neg 0.5262706743011081 off 0.42968284214764824 __DUMMY__ 0.0440464835512436	false	1.0
pervers	off 1.0		neg 0.512341935027377 off 0.44458679166166876 __DUMMY__ 0.04307127331095426	false	0.5
wackelig	neg 1.0		neg 0.5264574957179122 off 0.4295130660921229 __DUMMY__ 0.04402943818996494	false	1.0
verwickeln	neg 1.0		neg 0.5269534525991727 off 0.42963302150753263 __DUMMY__ 0.04341352589329465	false	1.0
vorwand	neg 1.0		neg 0.5346382731186696 off 0.4218544258873803 __DUMMY__ 0.04350730099395005	false	1.0
muschi	off 1.0		neg 0.5290261448185781 off 0.42765380454796265 __DUMMY__ 0.04332005063345908	false	0.5
entmutigung	neg 1.0		neg 0.5313111237427418 off 0.4259563648214581 __DUMMY__ 0.042732511435800015	false	1.0
unangemessen	neg 1.0		neg 0.5326357969210174 off 0.4240594832485269 __DUMMY__ 0.04330471983045568	false	1.0
unstetig	neg 1.0		neg 0.5240248334351865 off 0.43257318403472844 __DUMMY__ 0.043401982530085044	false	1.0
entmutigen	neg 1.0		neg 0.5261156352979645 off 0.4302840415975522 __DUMMY__ 0.04360032310448345	false	1.0
schwanz	neg 1.0		neg 0.5296759831044902 off 0.42677950360469474 __DUMMY__ 0.04354451329081508	false	1.0
verbot	neg 1.0		neg 0.532323905409046 off 0.4244713792219199 __DUMMY__ 0.04320471536903408	false	1.0
leid	neg 1.0		neg 0.517485308195295 off 0.4392160843070013 __DUMMY__ 0.043298607497703624	false	1.0
archaisch	neg 1.0		neg 0.5315856257085854 off 0.42506112945301605 __DUMMY__ 0.043353244838398586	false	1.0
gegen			neg 0.5348653319319864 off 0.42171497804600827 __DUMMY__ 0.043419690022005325	false	0.0
scheidung	neg 1.0	neg 1.0	neg 0.7371931697214145 off 0.24209839542242015 __DUMMY__ 0.020708434856165414	false	1.0
einschlag	neg 1.0		neg 0.519226801221068 off 0.43759191059922314 __DUMMY__ 0.043181288179708927	false	1.0
m			neg 0.527578810572841 off 0.4286884210568123 __DUMMY__ 0.043732768370346786	false	0.0
abgestanden	neg 1.0		neg 0.5249363472833147 off 0.4312453847722425 __DUMMY__ 0.04381826794444274	false	1.0
schmierig	off 1.0		neg 0.5179984767297188 off 0.43860373271143815 __DUMMY__ 0.0433977905588432	false	0.5
unpraktisch	neg 1.0		neg 0.5240762935074739 off 0.4321247532190297 __DUMMY__ 0.04379895327349661	false	1.0
wixxer	off 1.0		neg 0.513127395027221 off 0.443920157145671 __DUMMY__ 0.04295244782710799	false	0.5
bezeichnet			neg 0.5304591020596369 off 0.4262011043254352 __DUMMY__ 0.04333979361492791	false	0.0
jammerlappen	off 1.0		neg 0.5235525161987131 off 0.4330160008063975 __DUMMY__ 0.04343148299488943	false	0.5
farce	neg 1.0		neg 0.5340365035475201 off 0.4230168081970992 __DUMMY__ 0.04294668825538076	false	1.0
zwecklos	neg 1.0		neg 0.5321680446723691 off 0.42442503679926386 __DUMMY__ 0.043406918528367054	false	1.0
turbulent	neg 1.0		neg 0.5201601939637437 off 0.43660017319107475 __DUMMY__ 0.04323963284518155	false	1.0
invasion	neg 1.0		neg 0.5230902697127187 off 0.43327769575820624 __DUMMY__ 0.04363203452907525	false	1.0
schuld	neg 1.0		neg 0.5276010337031459 off 0.42893114534450805 __DUMMY__ 0.043467820952345984	false	1.0
risiko	neg 1.0		neg 0.5213806738859587 off 0.43483020195235333 __DUMMY__ 0.04378912416168815	false	1.0
finster	neg 1.0		neg 0.5245531871723014 off 0.4316036263275626 __DUMMY__ 0.04384318650013616	false	1.0
geisteskrank	off 1.0		neg 0.5242573376393993 off 0.43262948116123984 __DUMMY__ 0.043113181199360896	false	0.5
zusammenbrechen	neg 1.0		neg 0.5280973670971129 off 0.4281796625712363 __DUMMY__ 0.04372297033165085	false	1.0
ausbeute	neg 1.0		neg 0.5282245420689049 off 0.4279332630666384 __DUMMY__ 0.04384219486445676	false	1.0
hinterhalt	neg 1.0		neg 0.5272481869583798 off 0.42932376488025026 __DUMMY__ 0.04342804816136978	false	1.0
kritik	neg 1.0		neg 0.5330966130092759 off 0.4238442416005627 __DUMMY__ 0.043059145390161264	false	1.0
einschrumpfen	neg 1.0		neg 0.5265051299108446 off 0.43038988701672615 __DUMMY__ 0.04310498307242931	false	1.0
riskant	neg 1.0		neg 0.5315402177540289 off 0.4248190906967555 __DUMMY__ 0.04364069154921555	false	1.0
frustrieren	neg 1.0		neg 0.5322156972782864 off 0.42421425442432475 __DUMMY__ 0.04357004829738876	false	1.0
groll	neg 1.0		neg 0.5318456755168787 off 0.4247359345527291 __DUMMY__ 0.04341838993039233	false	1.0
gibt			neg 0.5296249375092998 off 0.4267714693060053 __DUMMY__ 0.04360359318469485	false	0.0
qualvoll	neg 1.0		neg 0.5245288587763819 off 0.4318673640261888 __DUMMY__ 0.043603777197429326	false	1.0
wackeln	neg 1.0		neg 0.5243814486197166 off 0.43176896084970223 __DUMMY__ 0.04384959053058131	false	1.0
klagen	neg 1.0		neg 0.5349183860363329 off 0.42160290478226786 __DUMMY__ 0.04347870918139934	false	1.0
bankrott	neg 1.0		neg 0.5216593342321035 off 0.43476675169838347 __DUMMY__ 0.04357391406951307	false	1.0
trauern	neg 1.0		neg 0.5321988859529084 off 0.42425981185633155 __DUMMY__ 0.043541302190760106	false	1.0
ablehnung	neg 1.0	neg 1.0	neg 0.753621250306827 off 0.22570995861294119 __DUMMY__ 0.02066879108023176	false	1.0
stur	neg 1.0		neg 0.5268920761602995 off 0.4296127113183976 __DUMMY__ 0.043495212521302756	false	1.0
aufruhr	neg 1.0		neg 0.5301909398077431 off 0.42665629731796034 __DUMMY__ 0.04315276287429665	false	1.0
melancholie	neg 1.0		neg 0.5277062355218904 off 0.4284222006323779 __DUMMY__ 0.043871563845731605	false	1.0
ist			neg 0.5266545854204484 off 0.42985477996630234 __DUMMY__ 0.04349063461324924	false	0.0
torheit	neg 1.0		neg 0.5312475577936234 off 0.4257846157897179 __DUMMY__ 0.04296782641665865	false	1.0
dreckskind	off 1.0		neg 0.5195217713434054 off 0.4375498239213172 __DUMMY__ 0.042928404735277446	false	0.5
umtauschen	neg 1.0		neg 0.5259842506409538 off 0.4302247466808355 __DUMMY__ 0.04379100267821064	false	1.0
zum			neg 0.530871850415197 off 0.42489386632942805 __DUMMY__ 0.044234283255374984	false	0.0
zersetzen	neg 1.0		neg 0.5335968350223511 off 0.4228761040989176 __DUMMY__ 0.04352706087873144	false	1.0
zur			neg 0.5355659881635724 off 0.42070559461606466 __DUMMY__ 0.043728417220363	false	0.0
frust	neg 1.0		neg 0.5292148438554274 off 0.42714855598245494 __DUMMY__ 0.043636600162117754	false	1.0
unerbittlichkeit	neg 1.0		neg 0.5331308973753165 off 0.42340535337846696 __DUMMY__ 0.043463749246216564	false	1.0
zwei			neg 0.5305120846586465 off 0.425438129422742 __DUMMY__ 0.0440497859186116	false	0.0
unkorrekt	neg 1.0		neg 0.5245161193723594 off 0.4324545547160878 __DUMMY__ 0.04302932591155293	false	1.0
hexe	off 1.0		neg 0.5219209473634594 off 0.43459341538327484 __DUMMY__ 0.04348563725326582	false	0.5
lasch	neg 1.0		neg 0.5265653780065072 off 0.43017727943752837 __DUMMY__ 0.04325734255596454	false	1.0
rivale	neg 1.0		neg 0.5191857426801519 off 0.43756593371468183 __DUMMY__ 0.043248323605166214	false	1.0
mutlos	off 1.0	off 1.0	off 0.6953217439161243 neg 0.283899315599575 __DUMMY__ 0.02077894048430064	false	1.0
wirr	off 1.0		neg 0.5219428813460434 off 0.4349642587367986 __DUMMY__ 0.04309285991715803	false	0.5
jahr			neg 0.5282974052949766 off 0.4277201657547454 __DUMMY__ 0.043982428950277964	false	0.0
wird			neg 0.5309518052442022 off 0.42542348887260123 __DUMMY__ 0.04362470588319661	false	0.0
strafbar	neg 1.0		neg 0.5342564064616078 off 0.42245109560453553 __DUMMY__ 0.04329249793385675	false	1.0
erosion	neg 1.0		neg 0.5246068793454134 off 0.43171109091450927 __DUMMY__ 0.043682029740077406	false	1.0
eingehen	neg 1.0		neg 0.5320446363228774 off 0.42448818431629626 __DUMMY__ 0.043467179360826454	false	1.0
faul	off 1.0		neg 0.5209214042068725 off 0.43533413548747496 __DUMMY__ 0.04374446030565259	false	0.5
provisorium	neg 1.0		neg 0.5362387609677947 off 0.4196677689728084 __DUMMY__ 0.04409347005939694	false	1.0
schmerzen	neg 1.0		neg 0.5274796957144937 off 0.4287921294719527 __DUMMY__ 0.04372817481355361	false	1.0
schrumpfen	neg 1.0		neg 0.5353221633865337 off 0.4208746257688493 __DUMMY__ 0.04380321084461699	false	1.0
geistlos	off 1.0		neg 0.5295716250021668 off 0.4274817405852982 __DUMMY__ 0.04294663441253505	false	0.5
fehlkauf	neg 1.0		neg 0.5260494276744183 off 0.4306213766916756 __DUMMY__ 0.04332919563390611	false	1.0
frustrierend	neg 1.0		neg 0.5234844843483252 off 0.4329411912795254 __DUMMY__ 0.0435743243721494	false	1.0
unzufrieden	neg 1.0		neg 0.5308717639936473 off 0.4255842204355144 __DUMMY__ 0.04354401557083831	false	1.0
verzweifeln	neg 1.0		neg 0.5278620683595227 off 0.42849000508969315 __DUMMY__ 0.043647926550784324	false	1.0
verzweifelt	neg 1.0		neg 0.5268662041269766 off 0.4296229207160427 __DUMMY__ 0.04351087515698085	false	1.0
misstrauensantrag	neg 1.0		neg 0.5260124160673054 off 0.4306710158089563 __DUMMY__ 0.043316568123738325	false	1.0
abfallen	neg 1.0		neg 0.5235634513083409 off 0.43251870352659044 __DUMMY__ 0.04391784516506865	false	1.0
fucker	off 1.0		neg 0.5210802205396536 off 0.43569299050006816 __DUMMY__ 0.04322678896027828	false	0.5
ungezogen	neg 1.0		neg 0.5140041325542286 off 0.44277102278390346 __DUMMY__ 0.04322484466186785	false	1.0
irrsinnig	neg 1.0	neg 1.0	neg 0.751201698549122 off 0.22797742281791947 __DUMMY__ 0.020820878632958496	false	1.0
unfassbar	neg 1.0		neg 0.5229126588991835 off 0.43365751519965173 __DUMMY__ 0.043429825901164676	false	1.0
hart	neg 1.0		neg 0.5230969698256298 off 0.4335681624382333 __DUMMY__ 0.043334867736136776	false	1.0
widerlich	off 1.0		neg 0.5232578997693702 off 0.4334695031998506 __DUMMY__ 0.04327259703077913	false	0.5
fatal	neg 1.0		neg 0.5254877062827118 off 0.4311057640781696 __DUMMY__ 0.043406529639118716	false	1.0
bruch	neg 1.0		neg 0.5364632713625584 off 0.42016952540214264 __DUMMY__ 0.043367203235299	false	1.0
aushungern	neg 1.0		neg 0.5309449399649492 off 0.42592719898223713 __DUMMY__ 0.04312786105281354	false	1.0
anspannung	neg 1.0		neg 0.5325809219960587 off 0.4234914822358785 __DUMMY__ 0.043927595768062745	false	1.0
von			neg 0.5300838576316215 off 0.4260009377027931 __DUMMY__ 0.04391520466558539	false	0.0
kraftlos	neg 1.0		neg 0.5277181339735405 off 0.4283438868557713 __DUMMY__ 0.04393797917068812	false	1.0
vom			neg 0.5342804299919468 off 0.42156119963467803 __DUMMY__ 0.04415837037337508	false	0.0
grenzdebil	off 1.0		neg 0.5210178299635821 off 0.4354898155127002 __DUMMY__ 0.043492354523717525	false	0.5
vor			neg 0.5323092218192984 off 0.42386611659515167 __DUMMY__ 0.04382466158554979	false	0.0
unterwerfen	neg 1.0		neg 0.5328639269141991 off 0.4237146635329681 __DUMMY__ 0.0434214095528327	false	1.0
versenkung	neg 1.0		neg 0.5320805865464641 off 0.42434331316795754 __DUMMY__ 0.04357610028557843	false	1.0
entziehen	neg 1.0		neg 0.5348937929039416 off 0.42155439141496237 __DUMMY__ 0.04355181568109616	false	1.0
finanzkrise	neg 1.0		neg 0.5309713305543391 off 0.4258778411956224 __DUMMY__ 0.04315082825003846	false	1.0
schimpfend	neg 1.0		neg 0.5221293201728721 off 0.43390357516584266 __DUMMY__ 0.04396710466128535	false	1.0
profan	neg 1.0		neg 0.5255122363839321 off 0.4309618144744255 __DUMMY__ 0.04352594914164251	false	1.0
korruption	neg 1.0		neg 0.5331547490413039 off 0.42367641684088125 __DUMMY__ 0.04316883411781486	false	1.0
â			neg 0.5289860755406623 off 0.4273188495557609 __DUMMY__ 0.043695074903576755	false	0.0
schmutzig	neg 1.0		neg 0.5202245284046415 off 0.436119497467333 __DUMMY__ 0.0436559741280255	false	1.0
sexy	neg 1.0		neg 0.5231236817131533 off 0.43338500825496235 __DUMMY__ 0.04349131003188431	false	1.0
abraten	neg 1.0		neg 0.5254198018293688 off 0.43092900696410424 __DUMMY__ 0.04365119120652707	false	1.0
schwarz	neg 1.0		neg 0.5260157713949207 off 0.43052399703298627 __DUMMY__ 0.04346023157209307	false	1.0
fotze	off 1.0		neg 0.5306805647694777 off 0.42594068437398186 __DUMMY__ 0.043378750856540485	false	0.5
verwirren	neg 1.0		neg 0.524741122534422 off 0.43175244838876875 __DUMMY__ 0.043506429076809294	false	1.0
zahnlos	off 1.0		neg 0.5319645806005544 off 0.42465168548648136 __DUMMY__ 0.04338373391296436	false	0.5
verheeren	neg 1.0		neg 0.5135499947952648 off 0.4434786366546319 __DUMMY__ 0.04297136855010351	false	1.0
hippie	neg 1.0		neg 0.5237577131152152 off 0.4327911574449101 __DUMMY__ 0.04345112943987457	false	1.0
rammen	neg 1.0		neg 0.5232673062243064 off 0.43310708686485316 __DUMMY__ 0.04362560691084045	false	1.0
unlauter	neg 1.0	neg 1.0	neg 0.750059250784743 off 0.22914620620261975 __DUMMY__ 0.020794543012637334	false	1.0
unheilvoll	neg 1.0		neg 0.524772849595511 off 0.4316110099951186 __DUMMY__ 0.04361614040937053	false	1.0
niedrig	neg 1.0		neg 0.5298181079678913 off 0.4265607884535862 __DUMMY__ 0.04362110357852242	false	1.0
explosion	neg 1.0		neg 0.5232477642184984 off 0.43317766111746225 __DUMMY__ 0.04357457466403932	false	1.0
weichei	off 1.0		neg 0.5171152317981614 off 0.4396408080227475 __DUMMY__ 0.043243960179091254	false	0.5
minusmensch	off 1.0		neg 0.5164726308994053 off 0.4408324330616602 __DUMMY__ 0.04269493603893455	false	0.5
farblos	neg 1.0		neg 0.5266427113692969 off 0.4298720734299159 __DUMMY__ 0.043485215200787346	false	1.0
unwissend	neg 1.0	neg 1.0	neg 0.7488915293585848 off 0.23033672981833808 __DUMMY__ 0.020771740823077152	false	1.0
traurig	neg 1.0		neg 0.5192876540007467 off 0.4372532942237226 __DUMMY__ 0.043459051775530826	false	1.0
senkung	neg 1.0		neg 0.5241660414948716 off 0.4323702427962855 __DUMMY__ 0.04346371570884297	false	1.0
ungleich	neg 1.0	neg 1.0	neg 0.7537676590922866 off 0.2253982429592355 __DUMMY__ 0.020834097948477848	false	1.0
heikel	neg 1.0		neg 0.5332399473406366 off 0.4231852653093639 __DUMMY__ 0.043574787349999505	false	1.0
drosselung	neg 1.0		neg 0.5183938132815475 off 0.4381121686310594 __DUMMY__ 0.04349401808739294	false	1.0
falsch	neg 1.0		neg 0.5237647757676572 off 0.43275820369370555 __DUMMY__ 0.04347702053863712	false	1.0
unzufriedenheit	neg 1.0		neg 0.5337624940299084 off 0.4227009863919144 __DUMMY__ 0.043536519578177314	false	1.0
kurz	neg 1.0		neg 0.5268982379372392 off 0.42922440406571427 __DUMMY__ 0.04387735799704655	false	1.0
unsinnig	neg 1.0		neg 0.5307755788692953 off 0.42573544499659294 __DUMMY__ 0.043488976134111616	false	1.0
penner	off 1.0	off 1.0	off 0.7050526718154883 neg 0.27421948127132645 __DUMMY__ 0.02072784691318521	false	1.0
seicht	neg 1.0		neg 0.5167107597234768 off 0.44032539883434874 __DUMMY__ 0.042963841442174466	false	1.0
dummheit	off 1.0	off 1.0	off 0.6986818493239775 neg 0.2805656424949109 __DUMMY__ 0.02075250818111168	false	1.0
unerfreulich	neg 1.0		neg 0.5326276671831303 off 0.423656973324647 __DUMMY__ 0.043715359492222654	false	1.0
motherfucker	off 1.0	off 1.0	off 0.7020317018316683 neg 0.27723720474396796 __DUMMY__ 0.020731093424363762	false	1.0
pikiert	neg 1.0		neg 0.5246816735787898 off 0.4320336302619048 __DUMMY__ 0.04328469615930528	false	1.0
wrack	neg 1.0		neg 0.5291941265498625 off 0.42717060019057884 __DUMMY__ 0.043635273259558564	false	1.0
gangster	neg 1.0		neg 0.5245183075660164 off 0.43201132841040496 __DUMMY__ 0.04347036402357855	false	1.0
krank	neg 1.0		neg 0.5196179808035197 off 0.43672533647313466 __DUMMY__ 0.04365668272334565	false	1.0
reich	neg 1.0		neg 0.5269152633912617 off 0.430256947743135 __DUMMY__ 0.04282778886560327	false	1.0
gnadenlos	neg 1.0		neg 0.5271002990366325 off 0.4293929177157226 __DUMMY__ 0.04350678324764489	false	1.0
niedergeschlagen	neg 1.0		neg 0.5283974454831886 off 0.42792582416708025 __DUMMY__ 0.04367673034973104	false	1.0
terrorisieren	off 1.0	off 1.0	off 0.6958095966062857 neg 0.2833088016178462 __DUMMY__ 0.020881601775867984	false	1.0
sinnlosigkeit	neg 1.0		neg 0.531526585319075 off 0.42504820922664055 __DUMMY__ 0.043425205454284216	false	1.0
behindern	neg 1.0		neg 0.5265872141847472 off 0.42972245931281977 __DUMMY__ 0.043690326502433055	false	1.0
undemokratisch	neg 1.0		neg 0.5298559474990309 off 0.427066535444231 __DUMMY__ 0.04307751705673812	false	1.0
wirtschaftskrise	neg 1.0		neg 0.532074026349546 off 0.42463042717792093 __DUMMY__ 0.04329554647253313	false	1.0
neid	neg 1.0		neg 0.5227474908513086 off 0.4335996264016767 __DUMMY__ 0.04365288274701452	false	1.0
rutschen	neg 1.0		neg 0.5302918353244467 off 0.42543140434234694 __DUMMY__ 0.044276760333206426	false	1.0
rezession	neg 1.0		neg 0.5203574416651401 off 0.43661530819516103 __DUMMY__ 0.04302725013969881	false	1.0
fehlgeburt	neg 1.0		neg 0.5282936779013131 off 0.4283235457732295 __DUMMY__ 0.043382776325457444	false	1.0
charakterschwach	off 1.0		neg 0.5232732762281685 off 0.4334342192970084 __DUMMY__ 0.043292504474823135	false	0.5
isolation	neg 1.0		neg 0.5221170540535943 off 0.4344122293623411 __DUMMY__ 0.04347071658406465	false	1.0
ablenkung	neg 1.0		neg 0.5264543793846147 off 0.4298707126700326 __DUMMY__ 0.04367490794535275	false	1.0
pech	neg 1.0		neg 0.5233621229722408 off 0.4330269444994886 __DUMMY__ 0.04361093252827063	false	1.0
vermeidung	neg 1.0		neg 0.5190724065709208 off 0.4373463996800361 __DUMMY__ 0.0435811937490432	false	1.0
dominieren	neg 1.0		neg 0.5289065239902501 off 0.42753862735378123 __DUMMY__ 0.04355484865596881	false	1.0
schwindlig	neg 1.0		neg 0.5223128646352139 off 0.43389943947268017 __DUMMY__ 0.04378769589210607	false	1.0
lutscher	neg 1.0		neg 0.5149857464236899 off 0.44198301818223035 __DUMMY__ 0.04303123539407979	false	1.0
pflicht	neg 1.0		neg 0.5338826364928654 off 0.42258838835707735 __DUMMY__ 0.04352897515005725	false	1.0
faschist	off 1.0		neg 0.5298193614542251 off 0.4272181943401506 __DUMMY__ 0.04296244420562417	false	0.5
verschleudern	neg 1.0		neg 0.532310987053949 off 0.42434062307084985 __DUMMY__ 0.04334838987520123	false	1.0
wenn			neg 0.5238299773231021 off 0.43269293113426266 __DUMMY__ 0.043477091542635245	false	0.0
ehebruch	neg 1.0		neg 0.5333679871114411 off 0.42332013665710005 __DUMMY__ 0.04331187623145899	false	1.0
spott	off 1.0		neg 0.5335020196393875 off 0.42312106319338727 __DUMMY__ 0.04337691716722526	false	0.5
trostlosigkeit	neg 1.0		neg 0.5362188708157598 off 0.42055747255465564 __DUMMY__ 0.04322365662958456	false	1.0
lutschen	neg 1.0		neg 0.5242147035132676 off 0.4325063557846835 __DUMMY__ 0.04327894070204903	false	1.0
undiszipliniert	neg 1.0		neg 0.5201751227096442 off 0.43639468628848005 __DUMMY__ 0.043430191001875666	false	1.0
kopfschmerz	neg 1.0		neg 0.5270260598645352 off 0.4292925351998845 __DUMMY__ 0.04368140493558042	false	1.0
unvorhergesehen	neg 1.0		neg 0.5255669166928217 off 0.43039789895964436 __DUMMY__ 0.044035184347533944	false	1.0
desinteressiert	neg 1.0		neg 0.5215648804025288 off 0.435118878042231 __DUMMY__ 0.043316241555240304	false	1.0
armselig	off 1.0		neg 0.5212295620350302 off 0.4355482295341446 __DUMMY__ 0.04322220843082524	false	0.5
desaster	neg 1.0		neg 0.536873991171736 off 0.41975722277092986 __DUMMY__ 0.0433687860573341	false	1.0
tod	neg 1.0		neg 0.534599601208556 off 0.42221887976174155 __DUMMY__ 0.043181519029702554	false	1.0
herzlos	neg 1.0		neg 0.5189708321440142 off 0.43762696993347666 __DUMMY__ 0.04340219792250899	false	1.0
unwissenheit	neg 1.0		neg 0.532141990354676 off 0.42450182775734296 __DUMMY__ 0.04335618188798113	false	1.0
widersinnig	neg 1.0		neg 0.5329293101145219 off 0.42397864242522626 __DUMMY__ 0.04309204746025174	false	1.0
bedenklich	neg 1.0		neg 0.5324667282551981 off 0.42400665188707815 __DUMMY__ 0.04352661985772377	false	1.0
beanstanden	neg 1.0		neg 0.5338615578506376 off 0.4225640983585085 __DUMMY__ 0.04357434379085398	false	1.0
panisch	neg 1.0	neg 1.0	neg 0.748023873054447 off 0.23088197388040346 __DUMMY__ 0.021094153065149605	false	1.0
debil	off 1.0		neg 0.535852226784135 off 0.42045043943767746 __DUMMY__ 0.04369733377818756	false	0.5
abstrich	neg 1.0		neg 0.5230721846387107 off 0.43294825275259785 __DUMMY__ 0.043979562608691285	false	1.0
primitiv	neg 1.0		neg 0.52265270498487 off 0.434083463022812 __DUMMY__ 0.04326383199231806	false	1.0
abschaum	off 1.0	off 1.0	off 0.6997573504853928 neg 0.2795479159522568 __DUMMY__ 0.02069473356235052	false	1.0
provozieren	neg 1.0		neg 0.5291887166691166 off 0.4274645328608685 __DUMMY__ 0.04334675047001505	false	1.0
tot	neg 1.0		neg 0.5300636526508733 off 0.4265619749761541 __DUMMY__ 0.04337437237297263	false	1.0
instabil	neg 1.0		neg 0.5201809508672108 off 0.4366701100130801 __DUMMY__ 0.04314893911970924	false	1.0
schwuchtel	off 1.0		neg 0.5117125783074642 off 0.4455897365339028 __DUMMY__ 0.04269768515863306	false	0.5
zerren	neg 1.0		neg 0.5288420884423741 off 0.4275048389251375 __DUMMY__ 0.04365307263248843	false	1.0
kinderficker	off 1.0		neg 0.5205115880842001 off 0.4364859999996236 __DUMMY__ 0.04300241191617632	false	0.5
gefahr	neg 1.0		neg 0.5327444535490753 off 0.42384600637474923 __DUMMY__ 0.0434095400761756	false	1.0
rabiat	neg 1.0		neg 0.5281661021300634 off 0.42832850379805715 __DUMMY__ 0.04350539407187943	false	1.0
verlangsamung	neg 1.0		neg 0.5160133083788908 off 0.44092424790467805 __DUMMY__ 0.04306244371643117	false	1.0
ausgestorben	neg 1.0		neg 0.5291239102459877 off 0.4272704463531486 __DUMMY__ 0.043605643400863786	false	1.0
anklagen	neg 1.0		neg 0.5301327117504456 off 0.4265524841257114 __DUMMY__ 0.04331480412384299	false	1.0
trott	neg 1.0		neg 0.5268783030875919 off 0.4294865346730704 __DUMMY__ 0.043635162239337735	false	1.0
verminderung	neg 1.0		neg 0.5199381054972007 off 0.4366866843547603 __DUMMY__ 0.04337521014803897	false	1.0
nach			neg 0.531992176123893 off 0.42389957145832935 __DUMMY__ 0.04410825241777763	false	0.0
rost	neg 1.0		neg 0.515994720555012 off 0.4409548234841774 __DUMMY__ 0.04305045596081061	false	1.0
destruktiv	neg 1.0		neg 0.531166983840451 off 0.4255551797837181 __DUMMY__ 0.04327783637583095	false	1.0
unzumutbarkeit	neg 1.0		neg 0.5193355509788774 off 0.4371262323174463 __DUMMY__ 0.043538216703676226	false	1.0
labil	off 1.0	off 1.0	off 0.7008623707820982 neg 0.2783917394976524 __DUMMY__ 0.020745889720249423	false	1.0
ziemlich	neg 1.0		neg 0.5217097961569899 off 0.43480898000129 __DUMMY__ 0.04348122384172004	false	1.0
lachnummer	off 1.0		neg 0.5309319503715889 off 0.4257634988349149 __DUMMY__ 0.04330455079349623	false	0.5
oder			neg 0.5261010305135599 off 0.43014731358563524 __DUMMY__ 0.04375165590080477	false	0.0
verfall	neg 1.0		neg 0.5367767396157481 off 0.4195816892667826 __DUMMY__ 0.04364157111746935	false	1.0
ausgrenzung	neg 1.0		neg 0.5289965262598183 off 0.4279222966218802 __DUMMY__ 0.043081177118301464	false	1.0
unordnung	neg 1.0		neg 0.5202295935080272 off 0.43670009771475005 __DUMMY__ 0.043070308777222815	false	1.0
fehlverhalten	neg 1.0		neg 0.5338349834283391 off 0.4227856968218496 __DUMMY__ 0.04337931974981125	false	1.0
eine			neg 0.5324098486843062 off 0.42382153307166365 __DUMMY__ 0.04376861824403024	false	0.0
nille	neg 1.0		neg 0.5297421877999692 off 0.4269871856673105 __DUMMY__ 0.04327062653272034	false	1.0
qual	neg 1.0		neg 0.5272259962034703 off 0.4291673151246639 __DUMMY__ 0.043606688671865804	false	1.0
verschwenden	neg 1.0		neg 0.5314144316322735 off 0.4249625072648723 __DUMMY__ 0.04362306110285416	false	1.0
riesig	neg 1.0		neg 0.5273338620962805 off 0.4289882316805057 __DUMMY__ 0.043677906223213804	false	1.0
verurteilen	neg 1.0		neg 0.532575356693389 off 0.4241418241890914 __DUMMY__ 0.04328281911751974	false	1.0
klischee	neg 1.0	neg 1.0	neg 0.7501600542847064 off 0.22909846788272084 __DUMMY__ 0.020741477832572616	false	1.0
diktatorisch	neg 1.0		neg 0.5311203196109032 off 0.42593312080214807 __DUMMY__ 0.04294655958694868	false	1.0
vorhersehbar	neg 1.0		neg 0.5272830565415166 off 0.4294062655426497 __DUMMY__ 0.043310677915833734	false	1.0
sowie			neg 0.5185026227832219 off 0.4384927857861463 __DUMMY__ 0.043004591430631886	false	0.0
stornieren	neg 1.0		neg 0.5230260499376195 off 0.43327704483549173 __DUMMY__ 0.04369690522688866	false	1.0
besteuerung	neg 1.0		neg 0.5265148170828479 off 0.43003784966514064 __DUMMY__ 0.043447333252011375	false	1.0
ungeschminkt	neg 1.0		neg 0.5209814773771518 off 0.43557057184764253 __DUMMY__ 0.04344795077520561	false	1.0
kritisch	neg 1.0		neg 0.533133006584475 off 0.4234577982331853 __DUMMY__ 0.04340919518233961	false	1.0
schlamperei	off 1.0		neg 0.5325745157970339 off 0.42404840773513863 __DUMMY__ 0.043377076467827416	false	0.5
sucht	neg 1.0	neg 1.0	neg 0.7475006325526249 off 0.23142415769614016 __DUMMY__ 0.021075209751234916	false	1.0
egoistisch	off 1.0		neg 0.5175911321356546 off 0.43918281007761933 __DUMMY__ 0.043226057786726065	false	0.5
ausbeuter	off 1.0		neg 0.5345851255722655 off 0.4220792971485032 __DUMMY__ 0.04333557727923133	false	0.5
arschgeburt	off 1.0		neg 0.5118485751432896 off 0.4454499343241802 __DUMMY__ 0.04270149053253031	false	0.5
schubs	neg 1.0	neg 1.0	neg 0.7508013838762708 off 0.22811697011830365 __DUMMY__ 0.021081646005425583	false	1.0
unsolide	neg 1.0		neg 0.5281242762266284 off 0.42906106616890705 __DUMMY__ 0.042814657604464505	false	1.0
beschwerde	neg 1.0		neg 0.5312597486609005 off 0.425325726571425 __DUMMY__ 0.04341452476767446	false	1.0
stocken	neg 1.0		neg 0.5302072450271323 off 0.4261871189717869 __DUMMY__ 0.04360563600108078	false	1.0
isolieren	neg 1.0		neg 0.526369439030012 off 0.42985628680871996 __DUMMY__ 0.043774274161267994	false	1.0
unheilbar	neg 1.0		neg 0.5280840021793475 off 0.4284878553960007 __DUMMY__ 0.04342814242465186	false	1.0
pisser	off 1.0		neg 0.520438321523087 off 0.43642058609599954 __DUMMY__ 0.04314109238091352	false	0.5
löschen	neg 1.0		neg 0.5268633821700192 off 0.42966979814668516 __DUMMY__ 0.043466819683295466	false	1.0
durchfallen	neg 1.0		neg 0.5315222963765265 off 0.42492123999184117 __DUMMY__ 0.043556463631632236	false	1.0
wichser	off 1.0		neg 0.5134340982002156 off 0.44350401311540105 __DUMMY__ 0.04306188868438334	false	0.5
terror	neg 1.0		neg 0.5220137685445954 off 0.4343292465142242 __DUMMY__ 0.04365698494118036	false	1.0
krass	neg 1.0		neg 0.5185099670614991 off 0.43811670248384144 __DUMMY__ 0.04337333045465938	false	1.0
revolte	neg 1.0	neg 1.0	neg 0.751939730627844 off 0.22754316654322818 __DUMMY__ 0.020517102828927818	false	1.0
besorgt	neg 1.0		neg 0.5271628399370882 off 0.4289874056323766 __DUMMY__ 0.043849754430535244	false	1.0
nachlassen	neg 1.0		neg 0.5276476079475673 off 0.4285430542331119 __DUMMY__ 0.04380933781932075	false	1.0
alt	neg 1.0		neg 0.5292607239787211 off 0.4268692275434829 __DUMMY__ 0.04387004847779594	false	1.0
hundesohn	off 1.0		neg 0.516257505343292 off 0.4409040122836399 __DUMMY__ 0.042838482373068205	false	0.5
als			neg 0.5293206032486366 off 0.4269788026503998 __DUMMY__ 0.043700594100963566	false	0.0
abschreckung	neg 1.0		neg 0.53472620753846 off 0.42182581194204155 __DUMMY__ 0.04344798051949845	false	1.0
unqualifiziert	neg 1.0		neg 0.5268713019490061 off 0.4298138796399926 __DUMMY__ 0.04331481841100119	false	1.0
abgewichst	off 1.0		neg 0.5294216173963301 off 0.4271317302010778 __DUMMY__ 0.04344665240259215	false	0.5
schwer	neg 1.0		neg 0.5276646830120116 off 0.42869411079582215 __DUMMY__ 0.0436412061921662	false	1.0
bedeutungslosigkeit	neg 1.0		neg 0.5344115848780916 off 0.4221884439416909 __DUMMY__ 0.043399971180217586	false	1.0
kapitulation	neg 1.0		neg 0.5346497529929797 off 0.422275399099892 __DUMMY__ 0.04307484790712829	false	1.0
unscharf	neg 1.0		neg 0.5234848604862401 off 0.4329339442861117 __DUMMY__ 0.043581195227648126	false	1.0
schwinden	neg 1.0		neg 0.531847954087947 off 0.42452401536316264 __DUMMY__ 0.04362803054889026	false	1.0
versklavung	neg 1.0	neg 1.0	neg 0.7522163378446575 off 0.22713981084261328 __DUMMY__ 0.020643851312729156	false	1.0
schlecht	neg 1.0		neg 0.5210788754571247 off 0.4354086156112274 __DUMMY__ 0.043512508931647965	false	1.0
verhasst	neg 1.0		neg 0.5295290933223751 off 0.4271723376226724 __DUMMY__ 0.043298569054952496	false	1.0
beschweren	neg 1.0		neg 0.5256656617816046 off 0.4307525956141783 __DUMMY__ 0.04358174260421713	false	1.0
scheiden	neg 1.0		neg 0.5285651900387733 off 0.42790862429086374 __DUMMY__ 0.04352618567036288	false	1.0
frustriert	neg 1.0		neg 0.5291721084638187 off 0.42723155405781293 __DUMMY__ 0.04359633747836829	false	1.0
schimmelig	neg 1.0		neg 0.5298234669255732 off 0.4265066742576697 __DUMMY__ 0.04366985881675704	false	1.0
fisch	neg 1.0		neg 0.529872527093734 off 0.4264926519139059 __DUMMY__ 0.043634820992360025	false	1.0
schmuggel	neg 1.0		neg 0.5314533241692978 off 0.42480390633883003 __DUMMY__ 0.04374276949187222	false	1.0
auffallen	neg 1.0		neg 0.5253562348986205 off 0.43109852831173173 __DUMMY__ 0.04354523678964781	false	1.0
konkurrenz	neg 1.0		neg 0.532654077313291 off 0.4236225787934192 __DUMMY__ 0.043723343893289954	false	1.0
teufelskreis	neg 1.0		neg 0.5297876825144885 off 0.42672519524471103 __DUMMY__ 0.04348712224080048	false	1.0
aufschreien	neg 1.0		neg 0.5271234332020819 off 0.4295310124457548 __DUMMY__ 0.04334555435216328	false	1.0
schuldner	neg 1.0		neg 0.5330728461629675 off 0.4235306253991104 __DUMMY__ 0.04339652843792217	false	1.0
missgeburt	off 1.0	off 1.0	off 0.7036562667295463 neg 0.2757299970051767 __DUMMY__ 0.02061373626527713	false	1.0
arbeitslos	neg 1.0		neg 0.5313640802395362 off 0.42518738436662556 __DUMMY__ 0.04344853539383842	false	1.0
befallen	neg 1.0		neg 0.5339467535580756 off 0.42295731842055984 __DUMMY__ 0.04309592802136455	false	1.0
miesepetrig	off 1.0		neg 0.5205570154474786 off 0.43584185200218434 __DUMMY__ 0.04360113255033708	false	0.5
alarmieren	neg 1.0		neg 0.5242623423710656 off 0.4325085284556343 __DUMMY__ 0.04322912917329997	false	1.0
ungeduscht	off 1.0		neg 0.5231950982855148 off 0.43320143016837837 __DUMMY__ 0.043603471546106845	false	0.5
knappheit	neg 1.0		neg 0.5296348488145131 off 0.4268109116325806 __DUMMY__ 0.04355423955290624	false	1.0
schlange	neg 1.0		neg 0.5245965437804799 off 0.4316799700403517 __DUMMY__ 0.043723486179168235	false	1.0
harsch	neg 1.0		neg 0.5142472146334172 off 0.4423035267563396 __DUMMY__ 0.04344925861024321	false	1.0
lang	neg 1.0		neg 0.5260075816814211 off 0.43043970874607856 __DUMMY__ 0.04355270957250021	false	1.0
ziellos	neg 1.0		neg 0.5301761929394505 off 0.4261682791423727 __DUMMY__ 0.04365552791817684	false	1.0
selbstverliebt	neg 1.0		neg 0.514437773942213 off 0.44278086426618535 __DUMMY__ 0.042781361791601615	false	1.0
beseitigen	neg 1.0		neg 0.5247816087540605 off 0.43149993488002286 __DUMMY__ 0.043718456365916626	false	1.0
dumm	off 1.0		neg 0.5173975480753817 off 0.43945794997103393 __DUMMY__ 0.0431445019535843	false	0.5
arbeitsloser	neg 1.0		neg 0.5322741073438961 off 0.42426636954487834 __DUMMY__ 0.04345952311122558	false	1.0
blitzen	neg 1.0		neg 0.5242220187730754 off 0.4323658897286575 __DUMMY__ 0.043412091498267046	false	1.0
hilflos	neg 1.0		neg 0.5296640672267293 off 0.4267424098660484 __DUMMY__ 0.04359352290722243	false	1.0
eklig	off 1.0		neg 0.5163160884347842 off 0.4405596962958456 __DUMMY__ 0.043124215269370214	false	0.5
begriff			neg 0.530029800023995 off 0.4264785297594951 __DUMMY__ 0.04349167021650987	false	0.0
hungersnot	neg 1.0		neg 0.5324132812604703 off 0.4245760340736712 __DUMMY__ 0.04301068466585848	false	1.0
ungesetzlich	neg 1.0		neg 0.5288651970875757 off 0.4281040162361633 __DUMMY__ 0.043030786676261146	false	1.0
verschwendung	neg 1.0		neg 0.532716133333753 off 0.4236842925706481 __DUMMY__ 0.04359957409559884	false	1.0
schmerzvoll	neg 1.0		neg 0.5255865832580133 off 0.43082336945274224 __DUMMY__ 0.04359004728924437	false	1.0
vorzeitig	neg 1.0		neg 0.521972807462866 off 0.43460146728721366 __DUMMY__ 0.04342572524992028	false	1.0
unvollkommenheit	neg 1.0		neg 0.5276504218404046 off 0.42884291392374396 __DUMMY__ 0.04350666423585141	false	1.0
intervenieren	neg 1.0		neg 0.5345657453353476 off 0.422153323274809 __DUMMY__ 0.043280931389843375	false	1.0
banause	off 1.0		neg 0.5152380160138312 off 0.44171815550913146 __DUMMY__ 0.04304382847703735	false	0.5
rebell	neg 1.0		neg 0.5319843683163687 off 0.42425711272971955 __DUMMY__ 0.04375851895391156	false	1.0
unlogisch	neg 1.0		neg 0.5206772074926058 off 0.43607052678588853 __DUMMY__ 0.043252265721505645	false	1.0
leiden	neg 1.0	neg 1.0	neg 0.7508642331380959 off 0.22785771475090014 __DUMMY__ 0.02127805211100398	false	1.0
abschaffung	neg 1.0		neg 0.5284508012347343 off 0.428261183145191 __DUMMY__ 0.04328801562007465	false	1.0
sturz	neg 1.0		neg 0.5281920538654093 off 0.428571144147837 __DUMMY__ 0.04323680198675376	false	1.0
verkleinerung	neg 1.0		neg 0.52589701094663 off 0.43095893140899993 __DUMMY__ 0.043144057644370105	false	1.0
schmarotzer	off 1.0		neg 0.5329075821517079 off 0.4237618477156026 __DUMMY__ 0.04333057013268941	false	0.5
bestrafung	neg 1.0		neg 0.5279049314415825 off 0.42871671102820574 __DUMMY__ 0.043378357530211804	false	1.0
achtlos	neg 1.0		neg 0.5273915795625591 off 0.42893234966368443 __DUMMY__ 0.043676070773756515	false	1.0
ungeheuer	neg 1.0		neg 0.5261898425317066 off 0.43040202685686857 __DUMMY__ 0.04340813061142483	false	1.0
unaufrichtig	neg 1.0		neg 0.5273850289868307 off 0.4294807362998567 __DUMMY__ 0.043134234713312514	false	1.0
groggy	neg 1.0		neg 0.5247806616847693 off 0.4318397886224431 __DUMMY__ 0.04337954969278772	false	1.0
verletzlich	neg 1.0		neg 0.5221015176504082 off 0.43453643379088686 __DUMMY__ 0.04336204855870485	false	1.0
