unsolidarisch	neg 1.0		__DUMMY__ 0.886332776882001 neg 0.06513464805573792 off 0.04853257506226114	false	1.0
nachteilig	neg 1.0		__DUMMY__ 0.8955210011409412 neg 0.05915666969922001 off 0.04532232915983875	false	1.0
skeptisch	neg 1.0		__DUMMY__ 0.8965321764613499 neg 0.06048662978500482 off 0.04298119375364539	false	1.0
schrecklich	neg 1.0		__DUMMY__ 0.8918440643842663 off 0.054079775499582705 neg 0.054076160116150886	false	0.5
schlapp	neg 1.0		__DUMMY__ 0.8969640834116811 neg 0.05287945860191821 off 0.05015645798640073	false	1.0
abfall	neg 1.0		__DUMMY__ 0.8976935232709347 neg 0.0606845899897011 off 0.04162188673936427	false	1.0
widerspenstig	neg 1.0		__DUMMY__ 0.8979472352200674 neg 0.055535842496209596 off 0.04651692228372305	false	1.0
abrupt	neg 1.0		__DUMMY__ 0.9002526661215372 neg 0.05427251034678637 off 0.04547482353167643	false	1.0
unwirksam	neg 1.0		__DUMMY__ 0.890071194778297 neg 0.061758317761966636 off 0.048170487459736365	false	1.0
angreifen	neg 1.0		__DUMMY__ 0.8941850666544034 neg 0.061492750477015454 off 0.044322182868581056	false	1.0
inkonsistent	neg 1.0		__DUMMY__ 0.8942362843909952 neg 0.056790913496176716 off 0.048972802112828	false	1.0
abrutschen	neg 1.0		__DUMMY__ 0.8982052135697773 neg 0.060126907248330176 off 0.04166787918189245	false	1.0
unsicher	neg 1.0		__DUMMY__ 0.8962198264972621 neg 0.05671694630081914 off 0.047063227201918814	false	1.0
bauernkind	off 1.0		__DUMMY__ 0.8876824111441358 off 0.05686025491319911 neg 0.05545733394266506	false	1.0
angreifer	neg 1.0		__DUMMY__ 0.8913952829976882 neg 0.058463362621137605 off 0.050141354381174216	false	1.0
trennen	neg 1.0		__DUMMY__ 0.9000168310989494 neg 0.05679574651011228 off 0.04318742239093837	false	1.0
schmutz	neg 1.0		__DUMMY__ 0.9006949561791803 off 0.05096690766836799 neg 0.048338136152451826	false	0.5
inkonsistenz	neg 1.0	neg 1.0	neg 0.5146925082942319 __DUMMY__ 0.4474007325033188 off 0.03790675920244942	false	1.0
erschreckend	neg 1.0		__DUMMY__ 0.8939813932490466 neg 0.05971248241202732 off 0.04630612433892614	false	1.0
ertrinken	neg 1.0		__DUMMY__ 0.8974521299716164 neg 0.05820655829481559 off 0.04434131173356807	false	1.0
pickelface	off 1.0		__DUMMY__ 0.8924671025870368 neg 0.05938814020112875 off 0.04814475721183445	false	0.5
seiner			__DUMMY__ 0.8956656855383635 neg 0.06037651598001162 off 0.04395779848162492	false	0.0
lauch	neg 1.0		__DUMMY__ 0.8976742385953093 neg 0.05979945867549741 off 0.04252630272919344	false	1.0
unwichtig	neg 1.0		__DUMMY__ 0.8934392703241114 neg 0.055745689857124726 off 0.050815039818763987	false	1.0
steuerhinterziehung	neg 1.0		__DUMMY__ 0.8902956384838232 neg 0.06249642380137573 off 0.04720793771480105	false	1.0
schock	neg 1.0		__DUMMY__ 0.8992699849434355 neg 0.0552735327501705 off 0.045456482306394035	false	1.0
beule	neg 1.0		__DUMMY__ 0.8963886292840232 neg 0.05244553522374962 off 0.0511658354922273	false	1.0
vergelten	neg 1.0		__DUMMY__ 0.8893191770928646 off 0.055672358506053565 neg 0.05500846440108182	false	0.5
verdorbenheit	neg 1.0		__DUMMY__ 0.8979355371857722 neg 0.05430711394688098 off 0.04775734886734677	false	1.0
trauma	neg 1.0		__DUMMY__ 0.8941063726992209 neg 0.057220725233227576 off 0.04867290206755151	false	1.0
sinnlos	neg 1.0		__DUMMY__ 0.8942710695344874 neg 0.056834680157852174 off 0.04889425030766048	false	1.0
fettsack	off 1.0	off 1.0	off 0.5124061284194122 __DUMMY__ 0.44639282631292193 neg 0.041201045267665895	false	1.0
feige	off 1.0		__DUMMY__ 0.8905329715275642 neg 0.05882986928267051 off 0.05063715918976526	false	0.5
abdanken	neg 1.0		__DUMMY__ 0.8870624531065628 neg 0.06533743873745924 off 0.04760010815597788	false	1.0
wichtigtuer	off 1.0	off 1.0	off 0.5070538719003768 __DUMMY__ 0.4472588365003317 neg 0.04568729159929154	false	1.0
misslingen	neg 1.0		__DUMMY__ 0.8974179526643783 neg 0.05413475347514578 off 0.048447293860476005	false	1.0
untreu	off 1.0		__DUMMY__ 0.8929894912673315 neg 0.05565142234024723 off 0.051359086392421295	false	0.5
missmutig	neg 1.0		__DUMMY__ 0.8955537416206315 neg 0.05451015169641326 off 0.0499361066829551	false	1.0
hurenbock	off 1.0		__DUMMY__ 0.899365865510085 neg 0.05289354049080318 off 0.047740593999111736	false	0.5
betrunken	neg 1.0		__DUMMY__ 0.8946962800178664 neg 0.05313086695737262 off 0.05217285302476098	false	1.0
korrupt	off 1.0		__DUMMY__ 0.889004819867646 neg 0.0647638245165685 off 0.04623135561578553	false	0.5
unmut	neg 1.0		__DUMMY__ 0.8957791141328496 neg 0.06177956982069473 off 0.0424413160464557	false	1.0
hackfresse	off 1.0		__DUMMY__ 0.8902892438165758 off 0.056818577705308466 neg 0.05289217847811575	false	1.0
aufblasen	neg 1.0		__DUMMY__ 0.8973261715499379 neg 0.05477189192937441 off 0.047901936520687825	false	1.0
gewaltsam	neg 1.0		__DUMMY__ 0.8909293315569145 neg 0.06058893526421158 off 0.04848173317887399	false	1.0
unbeliebtheit	neg 1.0		__DUMMY__ 0.8847636264398739 neg 0.06190183049819374 off 0.05333454306193228	false	1.0
sturheit	neg 1.0		__DUMMY__ 0.8916360175323332 neg 0.061686068880719674 off 0.04667791358694704	false	1.0
kuh	neg 1.0		__DUMMY__ 0.8944069753540183 neg 0.05740839148565903 off 0.0481846331603226	false	1.0
erschrecken	neg 1.0		__DUMMY__ 0.8949102903296775 neg 0.05529976715407197 off 0.0497899425162506	false	1.0
opfer	neg 1.0	neg 1.0	neg 0.5163725775154564 __DUMMY__ 0.4498654650080208 off 0.03376195747652275	false	1.0
sinken	neg 1.0		__DUMMY__ 0.8965422423402163 neg 0.060668050812703836 off 0.04278970684707981	false	1.0
stinktier	neg 1.0		__DUMMY__ 0.8906217633307683 neg 0.05497028682713082 off 0.054407949842100886	false	1.0
tucke	off 1.0		__DUMMY__ 0.8923864350733934 off 0.05691540268644157 neg 0.05069816224016496	false	1.0
ein			__DUMMY__ 0.8997255323134133 neg 0.053192556826147354 off 0.04708191086043931	false	0.0
abstieg	neg 1.0		__DUMMY__ 0.892344877345945 neg 0.06145937528954268 off 0.04619574736451225	false	1.0
missverstehen	neg 1.0		__DUMMY__ 0.8915028027542216 neg 0.05951622226310583 off 0.04898097498267262	false	1.0
ergebnislos	neg 1.0		__DUMMY__ 0.8937343331420149 neg 0.06051303092525689 off 0.04575263593272817	false	1.0
unter			__DUMMY__ 0.9043595317973626 neg 0.05727227219483175 off 0.03836819600780571	false	0.0
manipulieren	neg 1.0		__DUMMY__ 0.8951884806137381 neg 0.06066355315347102 off 0.04414796623279082	false	1.0
unbewiesen	neg 1.0		__DUMMY__ 0.8869489386261833 neg 0.06464425801433357 off 0.04840680335948308	false	1.0
verschleppen	neg 1.0		__DUMMY__ 0.8929932052733641 neg 0.061392100802463295 off 0.04561469392417256	false	1.0
weib	off 1.0		__DUMMY__ 0.889458946346934 off 0.05787573517105857 neg 0.0526653184820073	false	1.0
opposition	neg 1.0		__DUMMY__ 0.8892762372095743 neg 0.06178046161226552 off 0.04894330117816022	false	1.0
verkehrswidrig	neg 1.0		__DUMMY__ 0.8943373071554677 off 0.05498685290284193 neg 0.05067583994169034	false	0.5
inkorrekt	neg 1.0		__DUMMY__ 0.8873960721089422 neg 0.06047483502668299 off 0.05212909286437477	false	1.0
vermeiden	neg 1.0		__DUMMY__ 0.9020452085785671 neg 0.05755077126512472 off 0.040404020156308264	false	1.0
abweichung	neg 1.0		__DUMMY__ 0.8912839456050374 neg 0.06275294444259469 off 0.04596310995236782	false	1.0
alkoholisiert	neg 1.0		__DUMMY__ 0.8990185204544598 neg 0.056072957107429426 off 0.04490852243811065	false	1.0
scheiss	off 1.0	off 1.0	off 0.5092492716281634 __DUMMY__ 0.44995012803232376 neg 0.04080060033951298	false	1.0
herausforderung	neg 1.0		__DUMMY__ 0.9021157596886469 neg 0.05288256341573041 off 0.04500167689562272	false	1.0
pervers	off 1.0		__DUMMY__ 0.8884718715450666 off 0.06012888431689038 neg 0.051399244138043025	false	1.0
wackelig	neg 1.0		__DUMMY__ 0.9014231079695111 neg 0.053872685639786665 off 0.04470420639070223	false	1.0
verwickeln	neg 1.0		__DUMMY__ 0.8928679695111926 neg 0.058403668675453886 off 0.04872836181335341	false	1.0
vorwand	neg 1.0		__DUMMY__ 0.8942947617359497 neg 0.06260507426308773 off 0.04310016400096263	false	1.0
muschi	off 1.0		__DUMMY__ 0.8918487569763417 neg 0.06033259193055432 off 0.047818651093104035	false	0.5
entmutigung	neg 1.0		__DUMMY__ 0.8837985529995751 neg 0.0659020717314769 off 0.05029937526894811	false	1.0
unangemessen	neg 1.0		__DUMMY__ 0.8914767650683507 neg 0.06279077566773948 off 0.045732459263909904	false	1.0
unstetig	neg 1.0		__DUMMY__ 0.8933430560928826 neg 0.05645172619630207 off 0.050205217710815445	false	1.0
entmutigen	neg 1.0		__DUMMY__ 0.8955835975862136 neg 0.056445706297015535 off 0.04797069611677081	false	1.0
schwanz	neg 1.0		__DUMMY__ 0.8952287923305007 neg 0.059072265424236145 off 0.0456989422452632	false	1.0
verbot	neg 1.0		__DUMMY__ 0.8903934261173166 neg 0.06298898309358804 off 0.046617590789095255	false	1.0
leid	neg 1.0		__DUMMY__ 0.8914339815189101 off 0.055309116818785475 neg 0.05325690166230447	false	0.5
archaisch	neg 1.0		__DUMMY__ 0.8921414703424668 neg 0.06184701183612965 off 0.04601151782140346	false	1.0
gegen			__DUMMY__ 0.8931224322849501 neg 0.06324373976953913 off 0.043633827945510684	false	0.0
scheidung	neg 1.0	neg 1.0	neg 0.5026469408485896 __DUMMY__ 0.44686591019147853 off 0.050487148959931755	false	1.0
einschlag	neg 1.0		__DUMMY__ 0.8900270299115712 neg 0.05499976006573685 off 0.05497321002269201	false	1.0
m			__DUMMY__ 0.8972739439818856 neg 0.05669511653362213 off 0.04603093948449221	false	0.0
abgestanden	neg 1.0		__DUMMY__ 0.8991260518141999 neg 0.05440236712350134 off 0.04647158106229875	false	1.0
schmierig	off 1.0		__DUMMY__ 0.8927682999549189 off 0.0543474059008333 neg 0.052884294144247744	false	1.0
unpraktisch	neg 1.0		__DUMMY__ 0.8983119792432532 neg 0.053988940071886746 off 0.0476990806848601	false	1.0
wixxer	off 1.0		__DUMMY__ 0.8868110042389671 off 0.060356349198204706 neg 0.05283264656282815	false	1.0
bezeichnet			__DUMMY__ 0.8919538316327852 neg 0.061149734287853676 off 0.04689643407936115	false	0.0
jammerlappen	off 1.0		__DUMMY__ 0.8930745608169613 neg 0.05618948220702633 off 0.05073595697601235	false	0.5
farce	neg 1.0		__DUMMY__ 0.8867587519401993 neg 0.06614524824304122 off 0.04709599981675952	false	1.0
zwecklos	neg 1.0		__DUMMY__ 0.8927303943870094 neg 0.06189464196304769 off 0.04537496364994286	false	1.0
turbulent	neg 1.0		__DUMMY__ 0.8912714994767722 neg 0.054937144885680425 off 0.05379135563754735	false	1.0
invasion	neg 1.0		__DUMMY__ 0.8959382574645912 neg 0.05436521337434868 off 0.04969652916106012	false	1.0
schuld	neg 1.0		__DUMMY__ 0.8935785560740636 neg 0.05846858016431162 off 0.047952863761624845	false	1.0
risiko	neg 1.0		__DUMMY__ 0.8987409591685667 neg 0.05149459420047161 off 0.049764446630961724	false	1.0
finster	neg 1.0		__DUMMY__ 0.8990751804084726 neg 0.054140055292850806 off 0.04678476429867664	false	1.0
geisteskrank	off 1.0		__DUMMY__ 0.88879642260327 neg 0.058833375340923456 off 0.052370202055806565	false	0.5
zusammenbrechen	neg 1.0		__DUMMY__ 0.8969906592085245 neg 0.05701219776857526 off 0.04599714302290022	false	1.0
ausbeute	neg 1.0		__DUMMY__ 0.8993052204609231 neg 0.056176776755048105 off 0.04451800278402885	false	1.0
hinterhalt	neg 1.0		__DUMMY__ 0.8937344164514313 neg 0.058287243591796156 off 0.04797833995677252	false	1.0
kritik	neg 1.0		__DUMMY__ 0.8883351313318106 neg 0.06463149839231767 off 0.04703337027587171	false	1.0
einschrumpfen	neg 1.0		__DUMMY__ 0.888931738897354 neg 0.06033588492486773 off 0.05073237617777829	false	1.0
riskant	neg 1.0		__DUMMY__ 0.8959401673760533 neg 0.059782373682542814 off 0.044277458941403856	false	1.0
frustrieren	neg 1.0		__DUMMY__ 0.8949826338031841 neg 0.060746269263500886 off 0.044271096933315	false	1.0
groll	neg 1.0		__DUMMY__ 0.8931301010316008 neg 0.0613414292025392 off 0.045528469765860016	false	1.0
gibt			__DUMMY__ 0.895288456399475 neg 0.058901874733522555 off 0.04580966886700251	false	0.0
qualvoll	neg 1.0		__DUMMY__ 0.8955089095166113 neg 0.05572572679507708 off 0.04876536368831154	false	1.0
wackeln	neg 1.0		__DUMMY__ 0.8988128262559492 neg 0.05379703413601741 off 0.04739013960803349	false	1.0
klagen	neg 1.0		__DUMMY__ 0.8940893505464873 neg 0.06281973424873186 off 0.043090915204780846	false	1.0
bankrott	neg 1.0		__DUMMY__ 0.8951461184428511 neg 0.05407042544527593 off 0.050783456111873064	false	1.0
trauern	neg 1.0		__DUMMY__ 0.8949853091460113 neg 0.060641780105647566 off 0.044372910748341064	false	1.0
ablehnung	neg 1.0	neg 1.0	neg 0.5185304333700438 __DUMMY__ 0.44593712086619036 off 0.03553244576376588	false	1.0
stur	neg 1.0		__DUMMY__ 0.8939624566385954 neg 0.05780796480344016 off 0.04822957855796454	false	1.0
aufruhr	neg 1.0		__DUMMY__ 0.8896329101190316 neg 0.06221238919975125 off 0.04815470068121719	false	1.0
melancholie	neg 1.0		__DUMMY__ 0.89946929943553 neg 0.05574334467993857 off 0.044787355884531525	false	1.0
ist			__DUMMY__ 0.8937263972503737 neg 0.057950908379431176 off 0.048322694370195055	false	0.0
torheit	neg 1.0		__DUMMY__ 0.8869979274309266 neg 0.06419697187784891 off 0.048805100691224505	false	1.0
dreckskind	off 1.0		__DUMMY__ 0.8864766432381147 neg 0.05726404543072376 off 0.05625931133116157	false	0.5
umtauschen	neg 1.0		__DUMMY__ 0.8982355417244042 neg 0.055450029407800666 off 0.04631442886779504	false	1.0
zum			__DUMMY__ 0.9043663745710135 neg 0.05503976713180607 off 0.04059385829718045	false	0.0
zersetzen	neg 1.0		__DUMMY__ 0.8945685321703928 neg 0.061778593027798825 off 0.04365287480180829	false	1.0
zur			__DUMMY__ 0.8973768662188709 neg 0.061633127574954434 off 0.040990006206174635	false	0.0
frust	neg 1.0		__DUMMY__ 0.8957375071638698 neg 0.05839916572275397 off 0.045863327113376234	false	1.0
unerbittlichkeit	neg 1.0		__DUMMY__ 0.89378647511744 neg 0.06179963491263778 off 0.044413889969922134	false	1.0
zwei			__DUMMY__ 0.9016412303048239 neg 0.05632519844760986 off 0.042033571247566334	false	0.0
unkorrekt	neg 1.0		__DUMMY__ 0.8880286744369997 neg 0.05946147472144095 off 0.05250985084155924	false	1.0
hexe	off 1.0		__DUMMY__ 0.8943265283171832 neg 0.05480097661159322 off 0.0508724950712236	false	0.5
lasch	neg 1.0		__DUMMY__ 0.890844610496985 neg 0.059208623165865115 off 0.049946766337149895	false	1.0
rivale	neg 1.0		__DUMMY__ 0.8909798757470494 neg 0.05453256362708492 off 0.05448756062586572	false	1.0
mutlos	off 1.0	off 1.0	off 0.5042726094761062 __DUMMY__ 0.44802160581913464 neg 0.04770578470475909	false	1.0
wirr	off 1.0		__DUMMY__ 0.8888844130977993 neg 0.057476286434032756 off 0.05363930046816793	false	0.5
jahr			__DUMMY__ 0.900917669005231 neg 0.055234917909014074 off 0.043847413085754995	false	0.0
wird			__DUMMY__ 0.8956222573168767 neg 0.0597247308375315 off 0.044653011845591714	false	0.0
strafbar	neg 1.0		__DUMMY__ 0.8914149251132922 neg 0.06380158232290736 off 0.04478349256380042	false	1.0
erosion	neg 1.0		__DUMMY__ 0.8966193343778437 neg 0.05507003625793738 off 0.048310629364218816	false	1.0
eingehen	neg 1.0		__DUMMY__ 0.8934711309797836 neg 0.061403079652101025 off 0.04512578936811541	false	1.0
faul	off 1.0		__DUMMY__ 0.8976259440515745 neg 0.05230758105679109 off 0.05006647489163453	false	0.5
provisorium	neg 1.0		__DUMMY__ 0.9023707965888448 neg 0.059699620494999564 off 0.03792958291615564	false	1.0
schmerzen	neg 1.0		__DUMMY__ 0.8973610394522105 neg 0.05693369277861842 off 0.04570526776917107	false	1.0
schrumpfen	neg 1.0		__DUMMY__ 0.8985215430011249 neg 0.060825893337931335 off 0.04065256366094386	false	1.0
geistlos	off 1.0		__DUMMY__ 0.8866425425051389 neg 0.06325411642967523 off 0.05010334106518587	false	0.5
fehlkauf	neg 1.0		__DUMMY__ 0.891905561244527 neg 0.058418078146221124 off 0.04967636060925191	false	1.0
frustrierend	neg 1.0		__DUMMY__ 0.8949772740630934 neg 0.055172453917629864 off 0.04985027201927682	false	1.0
unzufrieden	neg 1.0		__DUMMY__ 0.8945669427611816 neg 0.060059639369978574 off 0.04537341786883972	false	1.0
verzweifeln	neg 1.0		__DUMMY__ 0.8959512366193362 neg 0.057420701641366236 off 0.04662806173929765	false	1.0
verzweifelt	neg 1.0		__DUMMY__ 0.8940225454167167 neg 0.05787738073429436 off 0.048100073848989	false	1.0
misstrauensantrag	neg 1.0		__DUMMY__ 0.8916442204739947 neg 0.058796223640581645 off 0.04955955588542359	false	1.0
abfallen	neg 1.0		__DUMMY__ 0.8998892892666077 neg 0.05282753854815354 off 0.04728317218523871	false	1.0
fucker	off 1.0		__DUMMY__ 0.8901845451566842 neg 0.056093445617011746 off 0.053722009226304004	false	0.5
ungezogen	neg 1.0		__DUMMY__ 0.8905875787829977 off 0.05797404132625178 neg 0.051438379890750625	false	0.5
irrsinnig	neg 1.0	neg 1.0	neg 0.5151828692176287 __DUMMY__ 0.4485590938726487 off 0.03625803690972259	false	1.0
unfassbar	neg 1.0		__DUMMY__ 0.893032401561879 neg 0.055876336652867516 off 0.05109126178525347	false	1.0
hart	neg 1.0		__DUMMY__ 0.8925712568077186 neg 0.056327255968800914 off 0.05110148722348039	false	1.0
widerlich	off 1.0		__DUMMY__ 0.890977535422282 neg 0.05712020998430611 off 0.051902254593411815	false	0.5
fatal	neg 1.0		__DUMMY__ 0.8927563412591105 neg 0.05761352188530806 off 0.04963013685558137	false	1.0
bruch	neg 1.0		__DUMMY__ 0.8924963556237653 neg 0.06470630702422181 off 0.04279733735201292	false	1.0
aushungern	neg 1.0		__DUMMY__ 0.8893095567082476 neg 0.06251966379139788 off 0.048170779500354546	false	1.0
anspannung	neg 1.0		__DUMMY__ 0.9000825347506138 neg 0.0582996751379751 off 0.04161779011141113	false	1.0
von			__DUMMY__ 0.9001993208390635 neg 0.056695713548336815 off 0.043104965612599744	false	0.0
kraftlos	neg 1.0		__DUMMY__ 0.900159192827896 neg 0.055189960754139185 off 0.0446508464179647	false	1.0
vom			__DUMMY__ 0.9033099375034271 neg 0.057966053017539966 off 0.038724009479032866	false	0.0
grenzdebil	off 1.0		__DUMMY__ 0.8939650932644059 neg 0.05413312581320578 off 0.05190178092238833	false	0.5
vor			__DUMMY__ 0.8984738623342449 neg 0.0590008769754811 off 0.04252526069027399	false	0.0
unterwerfen	neg 1.0		__DUMMY__ 0.8932376902492233 neg 0.06193690403275331 off 0.044825405718023376	false	1.0
versenkung	neg 1.0		__DUMMY__ 0.8950706138383715 neg 0.06049382677309769 off 0.04443555938853095	false	1.0
entziehen	neg 1.0		__DUMMY__ 0.8948680194757163 neg 0.06246277399404337 off 0.04266920653024042	false	1.0
finanzkrise	neg 1.0		__DUMMY__ 0.8896222611069153 neg 0.06283313771641083 off 0.04754460117667381	false	1.0
schimpfend	neg 1.0		__DUMMY__ 0.9009105085227229 neg 0.051379621281960546 off 0.047709870195316535	false	1.0
profan	neg 1.0		__DUMMY__ 0.8943635258030941 neg 0.056875648711835265 off 0.04876082548507065	false	1.0
korruption	neg 1.0		__DUMMY__ 0.889898044956044 neg 0.0638832529524855 off 0.04621870209147057	false	1.0
â			__DUMMY__ 0.8968027954856012 neg 0.05789106673313882 off 0.04530613778126014	false	0.0
schmutzig	neg 1.0		__DUMMY__ 0.8962437243546261 neg 0.05244000241202796 off 0.05131627323334604	false	1.0
sexy	neg 1.0		__DUMMY__ 0.8938968746570078 neg 0.055522916296165105 off 0.05058020904682708	false	1.0
abraten	neg 1.0		__DUMMY__ 0.8961615301733898 neg 0.05589843311905258 off 0.047940036707557566	false	1.0
schwarz	neg 1.0		__DUMMY__ 0.8935474668065931 neg 0.05757740182234546 off 0.0488751313710614	false	1.0
fotze	off 1.0		__DUMMY__ 0.8926972926966644 neg 0.061025069170915165 off 0.046277638132420494	false	0.5
verwirren	neg 1.0		__DUMMY__ 0.8940383367809269 neg 0.05647064121524666 off 0.04949102200382641	false	1.0
zahnlos	off 1.0		__DUMMY__ 0.8924360374801611 neg 0.06185934884469492 off 0.04570461367514395	false	0.5
verheeren	neg 1.0		__DUMMY__ 0.8871060233275901 off 0.06011579909766982 neg 0.05277817757474004	false	0.5
hippie	neg 1.0		__DUMMY__ 0.8933441890882141 neg 0.05617666568065455 off 0.050479145231131235	false	1.0
rammen	neg 1.0		__DUMMY__ 0.8963034579452274 neg 0.05458483386464341 off 0.04911170819012922	false	1.0
unlauter	neg 1.0	neg 1.0	neg 0.5139731133789127 __DUMMY__ 0.4484970053382659 off 0.03752988128282134	false	1.0
unheilvoll	neg 1.0		__DUMMY__ 0.8959952958087583 neg 0.05565760284799164 off 0.04834710134325018	false	1.0
niedrig	neg 1.0		__DUMMY__ 0.8962549800560283 neg 0.058672707533003854 off 0.04507231241096785	false	1.0
explosion	neg 1.0		__DUMMY__ 0.8952049813496976 neg 0.05488871994024998 off 0.04990629871005236	false	1.0
weichei	off 1.0		__DUMMY__ 0.890617982426974 off 0.05584439695291496 neg 0.05353762062011096	false	1.0
minusmensch	off 1.0		__DUMMY__ 0.8832877740109928 off 0.06010807255696046 neg 0.056604153432046625	false	1.0
farblos	neg 1.0		__DUMMY__ 0.8948207560951397 neg 0.05751206606910459 off 0.04766717783575577	false	1.0
unwissend	neg 1.0	neg 1.0	neg 0.5135091335762366 __DUMMY__ 0.4477003487946234 off 0.03879051762914001	false	1.0
traurig	neg 1.0		__DUMMY__ 0.8935430035583412 neg 0.05324044971263056 off 0.05321654672902826	false	1.0
senkung	neg 1.0		__DUMMY__ 0.8939329190275503 neg 0.05627418240061817 off 0.04979289857183143	false	1.0
ungleich	neg 1.0	neg 1.0	neg 0.5170986664296616 __DUMMY__ 0.44907197931172954 off 0.03382935425860889	false	1.0
heikel	neg 1.0		__DUMMY__ 0.895167928601591 neg 0.06129273040337918 off 0.043539340995029804	false	1.0
drosselung	neg 1.0		__DUMMY__ 0.8944744283591808 off 0.05334295357811885 neg 0.052182618062700366	false	0.5
falsch	neg 1.0		__DUMMY__ 0.8937647883867347 neg 0.055985062470049016 off 0.05025014914321632	false	1.0
unzufriedenheit	neg 1.0		__DUMMY__ 0.8947081463817403 neg 0.06175670956242582 off 0.04353514405583392	false	1.0
kurz	neg 1.0		__DUMMY__ 0.8991805267770591 neg 0.05532600800125004 off 0.04549346522169087	false	1.0
unsinnig	neg 1.0		__DUMMY__ 0.8939460543518288 neg 0.06033988399757719 off 0.04571406165059399	false	1.0
penner	off 1.0	off 1.0	off 0.5134820948348466 __DUMMY__ 0.4468487355153578 neg 0.03966916964979563	false	1.0
seicht	neg 1.0		__DUMMY__ 0.8868550542054807 off 0.05820413836643927 neg 0.054940807428080045	false	0.5
dummheit	off 1.0	off 1.0	off 0.5074938571000748 __DUMMY__ 0.4473783963809755 neg 0.04512774651894971	false	1.0
unerfreulich	neg 1.0		__DUMMY__ 0.8970750185696416 neg 0.05996933601768499 off 0.04295564541267346	false	1.0
motherfucker	off 1.0	off 1.0	off 0.5108117718428618 __DUMMY__ 0.44692383213635595 neg 0.04226439602078234	false	1.0
pikiert	neg 1.0		__DUMMY__ 0.891227309594146 neg 0.057913689177557716 off 0.05085900122829621	false	1.0
wrack	neg 1.0		__DUMMY__ 0.89667432927878 neg 0.058125483968100425 off 0.04520018675311959	false	1.0
gangster	neg 1.0		__DUMMY__ 0.893646479382263 neg 0.05658701796055968 off 0.04976650265717722	false	1.0
krank	neg 1.0		__DUMMY__ 0.8963433313911543 neg 0.05210077455896943 off 0.05155589404987629	false	1.0
reich	neg 1.0		__DUMMY__ 0.8852680192194735 neg 0.06275335254652818 off 0.05197862823399834	false	1.0
gnadenlos	neg 1.0		__DUMMY__ 0.8940096670693847 neg 0.05793545472517279 off 0.048054878205442554	false	1.0
niedergeschlagen	neg 1.0		__DUMMY__ 0.8966031309287499 neg 0.05752178684387653 off 0.04587508222737353	false	1.0
terrorisieren	off 1.0	off 1.0	off 0.5038680379421876 __DUMMY__ 0.4500026947038688 neg 0.04612926735394358	false	1.0
sinnlosigkeit	neg 1.0		__DUMMY__ 0.892975572027553 neg 0.061357313028403804 off 0.04566711494404327	false	1.0
behindern	neg 1.0		__DUMMY__ 0.8967902704855053 neg 0.05629280855857421 off 0.046916920955920545	false	1.0
undemokratisch	neg 1.0		__DUMMY__ 0.8886197864076619 neg 0.06231301186411299 off 0.049067201728225165	false	1.0
wirtschaftskrise	neg 1.0		__DUMMY__ 0.8916740365499142 neg 0.062310193601026714 off 0.04601576984905908	false	1.0
neid	neg 1.0		__DUMMY__ 0.8963743174008341 neg 0.05406296231094846 off 0.04956272028821746	false	1.0
rutschen	neg 1.0		__DUMMY__ 0.9048361120301103 neg 0.05454135168739555 off 0.04062253628249418	false	1.0
rezession	neg 1.0		__DUMMY__ 0.8877313756387047 neg 0.05698237178952164 off 0.055286252571773616	false	1.0
fehlgeburt	neg 1.0		__DUMMY__ 0.8932111657298883 neg 0.05943037106757422 off 0.04735846320253739	false	1.0
charakterschwach	off 1.0		__DUMMY__ 0.8914105184234704 neg 0.05674714530734244 off 0.05184233626918718	false	0.5
isolation	neg 1.0		__DUMMY__ 0.8936733566128032 neg 0.055046336495315915 off 0.05128030689188085	false	1.0
ablenkung	neg 1.0		__DUMMY__ 0.8963351020197476 neg 0.056392149005193154 off 0.04727274897505922	false	1.0
pech	neg 1.0		__DUMMY__ 0.8958783579415482 neg 0.05499583036665461 off 0.0491258116917971	false	1.0
vermeidung	neg 1.0		__DUMMY__ 0.8954598929309779 off 0.05236656796180489 neg 0.05217353910721721	false	0.5
dominieren	neg 1.0		__DUMMY__ 0.8951803242166214 neg 0.05849153296476365 off 0.04632814281861504	false	1.0
schwindlig	neg 1.0		__DUMMY__ 0.8982176504853543 neg 0.053012548083421034 off 0.04876980143122462	false	1.0
lutscher	neg 1.0		__DUMMY__ 0.887943258816288 off 0.0585609231405545 neg 0.0534958180431575	false	0.5
pflicht	neg 1.0		__DUMMY__ 0.8944342176416576 neg 0.06200340486724658 off 0.04356237749109579	false	1.0
faschist	off 1.0		__DUMMY__ 0.8871091104297509 neg 0.06309986352005516 off 0.049791026050193955	false	0.5
verschleudern	neg 1.0		__DUMMY__ 0.8923035293349276 neg 0.06220251486479093 off 0.045493955800281455	false	1.0
wenn			__DUMMY__ 0.893604398758564 neg 0.05617773408686304 off 0.05021786715457289	false	0.0
ehebruch	neg 1.0		__DUMMY__ 0.8918313807295755 neg 0.06294750005863463 off 0.04522111921178984	false	1.0
spott	off 1.0		__DUMMY__ 0.8926865228332342 neg 0.06258127406577586 off 0.04473220310098979	false	0.5
trostlosigkeit	neg 1.0		__DUMMY__ 0.8903753973269511 neg 0.06581646686915829 off 0.0438081358038905	false	1.0
lutschen	neg 1.0		__DUMMY__ 0.8915173540340661 neg 0.057408955700499656 off 0.051073690265434304	false	1.0
undiszipliniert	neg 1.0		__DUMMY__ 0.893263283102068 neg 0.05400621952081076 off 0.05273049737712123	false	1.0
kopfschmerz	neg 1.0		__DUMMY__ 0.8967252998826367 neg 0.056911626110435695 off 0.04636307400692765	false	1.0
unvorhergesehen	neg 1.0		__DUMMY__ 0.9016862972513265 neg 0.05313811852880226 off 0.04517558421987121	false	1.0
desinteressiert	neg 1.0		__DUMMY__ 0.8915716510104679 neg 0.055741589900640584 off 0.05268675908889159	false	1.0
armselig	off 1.0		__DUMMY__ 0.8903026752352122 neg 0.05606500513502105 off 0.05363231962976673	false	0.5
desaster	neg 1.0		__DUMMY__ 0.8924173754108883 neg 0.06502585205676571 off 0.042556772532346056	false	1.0
tod	neg 1.0		__DUMMY__ 0.8901951965276513 neg 0.06519400666717393 off 0.044610796805174734	false	1.0
herzlos	neg 1.0		__DUMMY__ 0.8927865379346339 off 0.053856389630116616 neg 0.05335707243524938	false	0.5
unwissenheit	neg 1.0		__DUMMY__ 0.8922747099322406 neg 0.06199919144723505 off 0.045726098620524486	false	1.0
widersinnig	neg 1.0		__DUMMY__ 0.8886872844058589 neg 0.06433964672541344 off 0.04697306886872779	false	1.0
bedenklich	neg 1.0		__DUMMY__ 0.894469485970267 neg 0.061160569584901 off 0.044369944444832006	false	1.0
beanstanden	neg 1.0		__DUMMY__ 0.8952691200810449 neg 0.061534059721998456 off 0.04319682019695674	false	1.0
panisch	neg 1.0	neg 1.0	neg 0.5094138429637898 __DUMMY__ 0.45409078349061816 off 0.03649537354559202	false	1.0
debil	off 1.0		__DUMMY__ 0.8972162449930469 neg 0.06215260814289713 off 0.04063114686405601	false	0.5
abstrich	neg 1.0		__DUMMY__ 0.9019831720823202 neg 0.05159356944097693 off 0.04642325847670289	false	1.0
primitiv	neg 1.0		__DUMMY__ 0.8909129410434878 neg 0.056687489819688616 off 0.05239956913682356	false	1.0
abschaum	off 1.0	off 1.0	off 0.5090279913746416 __DUMMY__ 0.44632690439452527 neg 0.04464510423083303	false	1.0
provozieren	neg 1.0		__DUMMY__ 0.8919128030257862 neg 0.06041247400020126 off 0.047674722974012505	false	1.0
tot	neg 1.0		__DUMMY__ 0.8930131054253577 neg 0.06082431050784579 off 0.046162584066796394	false	1.0
instabil	neg 1.0		__DUMMY__ 0.8896572702649441 neg 0.05581050298386269 off 0.05453222675119319	false	1.0
schwuchtel	off 1.0		__DUMMY__ 0.8832055776979237 off 0.06316543099337979 neg 0.0536289913086965	false	1.0
zerren	neg 1.0		__DUMMY__ 0.896074085708152 neg 0.058029034526824064 off 0.045896879765023976	false	1.0
kinderficker	off 1.0		__DUMMY__ 0.8876727102008655 neg 0.056862923218144595 off 0.05546436658099003	false	0.5
gefahr	neg 1.0		__DUMMY__ 0.8931274664277302 neg 0.061853082382279205 off 0.04501945118999051	false	1.0
rabiat	neg 1.0		__DUMMY__ 0.89408985734574 neg 0.05860771938877296 off 0.04730242326548704	false	1.0
verlangsamung	neg 1.0		__DUMMY__ 0.8884555138968535 off 0.05791392892647331 neg 0.0536305571766732	false	0.5
ausgestorben	neg 1.0		__DUMMY__ 0.8954542364879761 neg 0.05858764272974065 off 0.045958120782283285	false	1.0
anklagen	neg 1.0		__DUMMY__ 0.8920394222827862 neg 0.060725556833918955 off 0.04723502088329487	false	1.0
trott	neg 1.0		__DUMMY__ 0.8959166425614442 neg 0.056964517843970566 off 0.047118839594585335	false	1.0
verminderung	neg 1.0		__DUMMY__ 0.8924795600104226 neg 0.05436528595591854 off 0.0531551540336589	false	1.0
nach			__DUMMY__ 0.9025485261279405 neg 0.05672468986478833 off 0.040726784007271186	false	0.0
rost	neg 1.0		__DUMMY__ 0.8885826475366223 off 0.05785370563512958 neg 0.05356364682824804	false	0.5
destruktiv	neg 1.0		__DUMMY__ 0.8911352699914166 neg 0.06205055492662442 off 0.046814175081959064	false	1.0
unzumutbarkeit	neg 1.0		__DUMMY__ 0.8951114243600908 off 0.05253551235794629 neg 0.052353063281962875	false	0.5
labil	off 1.0	off 1.0	off 0.5096401865139294 __DUMMY__ 0.44720561699709005 neg 0.043154196488980466	false	1.0
ziemlich	neg 1.0		__DUMMY__ 0.8937121470205714 neg 0.05476243735233516 off 0.05152541562709343	false	1.0
lachnummer	off 1.0		__DUMMY__ 0.8914050776556872 neg 0.06167490050125868 off 0.04692002184305405	false	0.5
oder			__DUMMY__ 0.8974361640292101 neg 0.05574142597619181 off 0.04682240999459814	false	0.0
verfall	neg 1.0		__DUMMY__ 0.8963138733167118 neg 0.06294211599992168 off 0.04074401068336653	false	1.0
ausgrenzung	neg 1.0		__DUMMY__ 0.8887208933496981 neg 0.0617006545186515 off 0.04957845213165048	false	1.0
unordnung	neg 1.0		__DUMMY__ 0.8888836517839231 neg 0.05633354496662427 off 0.05478280324945261	false	1.0
fehlverhalten	neg 1.0		__DUMMY__ 0.8925765410940105 neg 0.06286082380722488 off 0.04456263509876457	false	1.0
eine			__DUMMY__ 0.8976486697943044 neg 0.059600914143355714 off 0.04275041606233982	false	0.0
nille	neg 1.0		__DUMMY__ 0.8910435946803401 neg 0.061214906572053404 off 0.04774149874760648	false	1.0
qual	neg 1.0		__DUMMY__ 0.8955309663448066 neg 0.05735881402805396 off 0.04711021962713939	false	1.0
verschwenden	neg 1.0		__DUMMY__ 0.8956686645411222 neg 0.05999524144745438 off 0.04433609401142348	false	1.0
riesig	neg 1.0		__DUMMY__ 0.8971673426077765 neg 0.05646263471348832 off 0.04637002267873528	false	1.0
verurteilen	neg 1.0		__DUMMY__ 0.89137834348615 neg 0.06264172482207912 off 0.045979931691770955	false	1.0
klischee	neg 1.0	neg 1.0	neg 0.5149918045535344 __DUMMY__ 0.44703798929355887 off 0.03797020615290676	false	1.0
diktatorisch	neg 1.0		__DUMMY__ 0.8868344769761388 neg 0.06405654727089426 off 0.049108975752967	false	1.0
vorhersehbar	neg 1.0		__DUMMY__ 0.8914281302058641 neg 0.059436377221465796 off 0.04913549257267019	false	1.0
sowie			__DUMMY__ 0.8873999927911486 off 0.056677394616406626 neg 0.05592261259244479	false	0.0
stornieren	neg 1.0		__DUMMY__ 0.8972580227412488 neg 0.05366351599358824 off 0.04907846126516304	false	1.0
besteuerung	neg 1.0		__DUMMY__ 0.8937338695105624 neg 0.05792418485030673 off 0.04834194563913081	false	1.0
ungeschminkt	neg 1.0		__DUMMY__ 0.8938199034471248 neg 0.05444962697457871 off 0.05173046957829638	false	1.0
kritisch	neg 1.0		__DUMMY__ 0.8929041672423641 neg 0.062321981343536 off 0.044773851414099994	false	1.0
schlamperei	off 1.0		__DUMMY__ 0.8928307389769848 neg 0.061890830841761696 off 0.04527843018125344	false	0.5
sucht	neg 1.0	neg 1.0	neg 0.508683207214906 __DUMMY__ 0.45430426100006893 off 0.03701253178502497	false	1.0
egoistisch	off 1.0		__DUMMY__ 0.8904741655983086 off 0.055865189323540045 neg 0.053660645078151416	false	1.0
ausbeuter	off 1.0		__DUMMY__ 0.8920433530551062 neg 0.06364207555903685 off 0.044314571385856864	false	0.5
arschgeburt	off 1.0		__DUMMY__ 0.8833323111302307 off 0.06312716874637772 neg 0.05354052012339155	false	1.0
schubs	neg 1.0	neg 1.0	neg 0.5121286617988208 __DUMMY__ 0.45411606903923285 off 0.03375526916194634	false	1.0
unsolide	neg 1.0		__DUMMY__ 0.8849269085688021 neg 0.06318299690079839 off 0.05189009453039947	false	1.0
beschwerde	neg 1.0		__DUMMY__ 0.893338107920171 neg 0.060811686245718304 off 0.0458502058341107	false	1.0
stocken	neg 1.0		__DUMMY__ 0.8958545638555614 neg 0.05891057221056345 off 0.045234863933875116	false	1.0
isolieren	neg 1.0		__DUMMY__ 0.8984313723225036 neg 0.05483025664452072 off 0.046738371032975755	false	1.0
unheilbar	neg 1.0		__DUMMY__ 0.893243078676145 neg 0.05883124266826106 off 0.04792567865559377	false	1.0
pisser	off 1.0		__DUMMY__ 0.8896296555438524 neg 0.0559522722915245 off 0.054418072164622994	false	0.5
löschen	neg 1.0		__DUMMY__ 0.8936377173024915 neg 0.05806197603106765 off 0.04830030666644081	false	1.0
durchfallen	neg 1.0		__DUMMY__ 0.8948575633534146 neg 0.06037100610254309 off 0.04477143054404235	false	1.0
wichser	off 1.0		__DUMMY__ 0.888071298145569 off 0.05961749463372807 neg 0.05231120722070289	false	1.0
terror	neg 1.0		__DUMMY__ 0.8962961150747347 neg 0.05366077859594145 off 0.050043106329323774	false	1.0
krass	neg 1.0		__DUMMY__ 0.8926689801594988 off 0.05390422341836296 neg 0.053426796422138136	false	0.5
revolte	neg 1.0	neg 1.0	neg 0.5186591232031464 __DUMMY__ 0.44291782033419164 off 0.03842305646266203	false	1.0
besorgt	neg 1.0		__DUMMY__ 0.8990214658074206 neg 0.05532484371514824 off 0.045653690477431216	false	1.0
nachlassen	neg 1.0		__DUMMY__ 0.8986730394906487 neg 0.0558560719662873 off 0.04547088854306394	false	1.0
alt	neg 1.0		__DUMMY__ 0.9000689835346646 neg 0.056589162522729095 off 0.04334185394260635	false	1.0
hundesohn	off 1.0		__DUMMY__ 0.8852932213529752 off 0.05936643691988134 neg 0.05534034172714339	false	1.0
als			__DUMMY__ 0.8967973247874663 neg 0.05795868310583201 off 0.04524399210670168	false	0.0
abschreckung	neg 1.0		__DUMMY__ 0.8937077183490295 neg 0.06280991312217331 off 0.04348236852879727	false	1.0
unqualifiziert	neg 1.0		__DUMMY__ 0.8917393275288208 neg 0.058853352556550276 off 0.049407319914628954	false	1.0
abgewichst	off 1.0		__DUMMY__ 0.8935170590301286 neg 0.05979358160313736 off 0.04668935936673417	false	0.5
schwer	neg 1.0		__DUMMY__ 0.8958429058114205 neg 0.057421604047367215 off 0.04673549014121234	false	1.0
bedeutungslosigkeit	neg 1.0		__DUMMY__ 0.8928242289180403 neg 0.063155142332801 off 0.04402062874915861	false	1.0
kapitulation	neg 1.0		__DUMMY__ 0.8885418038618617 neg 0.06552362599034596 off 0.045934570147792494	false	1.0
unscharf	neg 1.0		__DUMMY__ 0.895694467412416 neg 0.05517862451475735 off 0.04912690807282658	false	1.0
schwinden	neg 1.0		__DUMMY__ 0.8961444910371905 neg 0.05978642711258792 off 0.044069081850221486	false	1.0
versklavung	neg 1.0	neg 1.0	neg 0.5175173216579664 __DUMMY__ 0.4454789103873019 off 0.0370037679547318	false	1.0
schlecht	neg 1.0		__DUMMY__ 0.8941215728513563 neg 0.054045883392411315 off 0.0518325437562324	false	1.0
verhasst	neg 1.0		__DUMMY__ 0.891344150287464 neg 0.06090696231841589 off 0.04774888739411999	false	1.0
beschweren	neg 1.0		__DUMMY__ 0.8950632885161347 neg 0.05650420194231935 off 0.048432509541545904	false	1.0
scheiden	neg 1.0		__DUMMY__ 0.8948683930678122 neg 0.05882587856603368 off 0.0463057283661542	false	1.0
frustriert	neg 1.0		__DUMMY__ 0.8952420843992901 neg 0.058668346004483625 off 0.04608956959622616	false	1.0
schimmelig	neg 1.0		__DUMMY__ 0.8971852569906533 neg 0.0586108851881533 off 0.04420385782119343	false	1.0
fisch	neg 1.0		__DUMMY__ 0.8968128752133533 neg 0.05873031474003728 off 0.044456810046609445	false	1.0
schmuggel	neg 1.0		__DUMMY__ 0.8980591173800121 neg 0.05851597929049222 off 0.04342490332949573	false	1.0
auffallen	neg 1.0		__DUMMY__ 0.8945551457371349 neg 0.0566367598959665 off 0.048808094366898605	false	1.0
konkurrenz	neg 1.0		__DUMMY__ 0.8973189896860941 neg 0.05964361483396606 off 0.04303739547993976	false	1.0
teufelskreis	neg 1.0		__DUMMY__ 0.8937797346377074 neg 0.05981582381403938 off 0.046404441548253135	false	1.0
aufschreien	neg 1.0		__DUMMY__ 0.8918807877475451 neg 0.05916701764478538 off 0.04895219460766946	false	1.0
schuldner	neg 1.0		__DUMMY__ 0.8930625476696531 neg 0.06218805248645876 off 0.04474939984388816	false	1.0
missgeburt	off 1.0	off 1.0	off 0.5129932419664173 __DUMMY__ 0.4450147009462421 neg 0.04199205708734056	false	1.0
arbeitslos	neg 1.0		__DUMMY__ 0.8932507177607426 neg 0.06106104325055104 off 0.04568823898870638	false	1.0
befallen	neg 1.0		__DUMMY__ 0.8888369310209467 neg 0.06525477489161295 off 0.045908294087440245	false	1.0
miesepetrig	off 1.0		__DUMMY__ 0.8956485737647908 neg 0.05313782011857289 off 0.05121360611663631	false	0.5
alarmieren	neg 1.0		__DUMMY__ 0.8907591035393059 neg 0.057640310349143534 off 0.05160058611155057	false	1.0
ungeduscht	off 1.0		__DUMMY__ 0.895874886867742 neg 0.054988066936718163 off 0.04913704619553976	false	0.5
knappheit	neg 1.0		__DUMMY__ 0.8952846336298288 neg 0.058822342623191394 off 0.04589302374697995	false	1.0
schlange	neg 1.0		__DUMMY__ 0.8970544091221125 neg 0.054932493522047265 off 0.04801309735584021	false	1.0
harsch	neg 1.0		__DUMMY__ 0.893538877869368 off 0.056517830114406996 neg 0.04994329201622494	false	0.5
lang	neg 1.0		__DUMMY__ 0.8947933767000975 neg 0.05690298322222543 off 0.04830364007767707	false	1.0
ziellos	neg 1.0		__DUMMY__ 0.8960027792466001 neg 0.05902253439875277 off 0.04497468635464716	false	1.0
selbstverliebt	neg 1.0		__DUMMY__ 0.8842240324813073 off 0.060818983563165015 neg 0.054956983955527686	false	0.5
beseitigen	neg 1.0		__DUMMY__ 0.8976131884525311 neg 0.05444275212965498 off 0.047944059417813885	false	1.0
dumm	off 1.0		__DUMMY__ 0.8892139413414284 off 0.05647418251420362 neg 0.05431187614436793	false	1.0
arbeitsloser	neg 1.0		__DUMMY__ 0.893705997008445 neg 0.06126555304792724 off 0.04502844994362774	false	1.0
blitzen	neg 1.0		__DUMMY__ 0.8930469288858545 neg 0.05656730201266934 off 0.05038576910147615	false	1.0
hilflos	neg 1.0		__DUMMY__ 0.895317322069418 neg 0.05898610061307797 off 0.04569657731750404	false	1.0
eklig	off 1.0		__DUMMY__ 0.8889951108101112 off 0.057164794980043065 neg 0.05384009420984575	false	1.0
begriff			__DUMMY__ 0.8941296977239045 neg 0.059701224616908875 off 0.04616907765918655	false	0.0
hungersnot	neg 1.0		__DUMMY__ 0.8876840999913562 neg 0.06467705520770124 off 0.047638844800942624	false	1.0
ungesetzlich	neg 1.0		__DUMMY__ 0.8879198687355789 neg 0.06185986075406881 off 0.05022027051035227	false	1.0
verschwendung	neg 1.0		__DUMMY__ 0.8954389735909396 neg 0.06084866811152418 off 0.04371235829753628	false	1.0
schmerzvoll	neg 1.0		__DUMMY__ 0.8951930658542605 neg 0.056435939779609506 off 0.04837099436612999	false	1.0
vorzeitig	neg 1.0		__DUMMY__ 0.8935302067561564 neg 0.0548429175165507 off 0.05162687572729294	false	1.0
unvollkommenheit	neg 1.0		__DUMMY__ 0.8947108309430711 neg 0.05791424177747046 off 0.04737492727945849	false	1.0
intervenieren	neg 1.0		__DUMMY__ 0.8913517451322935 neg 0.06398798531874172 off 0.0446602695489647	false	1.0
banause	off 1.0		__DUMMY__ 0.8879938933745148 off 0.05834111408899356 neg 0.053664992536491575	false	1.0
rebell	neg 1.0		__DUMMY__ 0.8983409667953415 neg 0.059032389367560376 off 0.04262664383709814	false	1.0
unlogisch	neg 1.0		__DUMMY__ 0.8906611833774117 neg 0.05566798846389731 off 0.05367082815869097	false	1.0
leiden	neg 1.0	neg 1.0	neg 0.5098755274506174 __DUMMY__ 0.4579822458820172 off 0.03214222666736542	false	1.0
abschaffung	neg 1.0		__DUMMY__ 0.8915582271890041 neg 0.06006097843719612 off 0.04838079437379971	false	1.0
sturz	neg 1.0		__DUMMY__ 0.8908314656750027 neg 0.06038948986753399 off 0.04877904445746327	false	1.0
verkleinerung	neg 1.0		__DUMMY__ 0.8895572035425532 neg 0.059530119072950416 off 0.050912677384496285	false	1.0
schmarotzer	off 1.0		__DUMMY__ 0.891825397845965 neg 0.06277556386942398 off 0.04539903828461102	false	0.5
bestrafung	neg 1.0		__DUMMY__ 0.892496947887733 neg 0.05916442884636932 off 0.04833862326589768	false	1.0
achtlos	neg 1.0		__DUMMY__ 0.8963804716861793 neg 0.056989876406721374 off 0.0466296519070993	false	1.0
ungeheuer	neg 1.0		__DUMMY__ 0.8929144703498113 neg 0.0581865892676574 off 0.04889894038253122	false	1.0
unaufrichtig	neg 1.0		__DUMMY__ 0.8894404115135008 neg 0.06038788657615852 off 0.050171701910340705	false	1.0
