unsolidarisch	neg 1.0		neg 0.3696559297802373 __DUMMY__ 0.3369133564133568 off 0.2934307138064058	false	1.0
nachteilig	neg 1.0		neg 0.3655263107635855 __DUMMY__ 0.34187425512328723 off 0.2925994341131273	false	1.0
skeptisch	neg 1.0		neg 0.36784750449762627 __DUMMY__ 0.342503179999219 off 0.28964931550315476	false	1.0
schrecklich	neg 1.0		neg 0.35571679716709775 __DUMMY__ 0.34001243478437226 off 0.30427076804853	false	1.0
schlapp	neg 1.0		neg 0.35637084974178757 __DUMMY__ 0.3427212284129583 off 0.30090792184525406	false	1.0
abfall	neg 1.0		neg 0.3686808683594121 __DUMMY__ 0.34315641703866495 off 0.28816271460192294	false	1.0
widerspenstig	neg 1.0		neg 0.36097698009055607 __DUMMY__ 0.34323954579265453 off 0.2957834741167894	false	1.0
abrupt	neg 1.0		neg 0.3606029396043952 __DUMMY__ 0.3444063974615502 off 0.2949906629340547	false	1.0
unwirksam	neg 1.0		neg 0.3660673658878591 __DUMMY__ 0.3389140666707379 off 0.29501856744140287	false	1.0
angreifen	neg 1.0		neg 0.3681854066920998 __DUMMY__ 0.34130494822533375 off 0.2905096450825664	false	1.0
inkonsistent	neg 1.0		neg 0.36105019726847726 __DUMMY__ 0.3410628196583165 off 0.2978869830732062	false	1.0
abrutschen	neg 1.0		neg 0.368064257171903 __DUMMY__ 0.34348953380239927 off 0.2884462090256978	false	1.0
unsicher	neg 1.0		neg 0.3619844813076097 __DUMMY__ 0.34245998461696237 off 0.2955555340754279	false	1.0
bauernkind	off 1.0		neg 0.35551683737719436 __DUMMY__ 0.33749116545496255 off 0.306991997167843	false	0.5
angreifer	neg 1.0		neg 0.3623620863173121 __DUMMY__ 0.3395780566252686 off 0.2980598570574193	false	1.0
trennen	neg 1.0		neg 0.3639740827718867 __DUMMY__ 0.3444942600743927 off 0.2915316571537206	false	1.0
schmutz	neg 1.0		neg 0.352470514915544 __DUMMY__ 0.3444533958792672 off 0.3030760892051889	false	1.0
inkonsistenz	neg 1.0	neg 1.0	neg 0.670617697423392 __DUMMY__ 0.16481048175970278 off 0.16457182081690536	false	1.0
erschreckend	neg 1.0		neg 0.36536420725146557 __DUMMY__ 0.34118763919451317 off 0.2934481535540214	false	1.0
ertrinken	neg 1.0		neg 0.3648576346490413 __DUMMY__ 0.3430639656865452 off 0.2920783996644135	false	1.0
pickelface	off 1.0		neg 0.3642201182111327 __DUMMY__ 0.34013561008615406 off 0.29564427170271323	false	0.5
seiner			neg 0.36719221162229715 __DUMMY__ 0.3420860754599732 off 0.2907217129177297	false	0.0
lauch	neg 1.0		neg 0.3673342970619196 __DUMMY__ 0.34293808792013414 off 0.2897276150179462	false	1.0
unwichtig	neg 1.0		neg 0.3592538266595403 __DUMMY__ 0.34084146124959924 off 0.29990471209086056	false	1.0
steuerhinterziehung	neg 1.0		neg 0.36782662132262434 __DUMMY__ 0.3389470084049295 off 0.2932263702724462	false	1.0
schock	neg 1.0		neg 0.3613886012277153 __DUMMY__ 0.34401717265200976 off 0.29459422612027486	false	1.0
beule	neg 1.0		neg 0.35547399139291525 __DUMMY__ 0.3422970324310056 off 0.30222897617607897	false	1.0
vergelten	neg 1.0		neg 0.3563878411066865 __DUMMY__ 0.3383848316375815 off 0.305227327255732	false	1.0
verdorbenheit	neg 1.0		neg 0.35907792987935083 __DUMMY__ 0.343152425726176 off 0.29776964439447307	false	1.0
trauma	neg 1.0		neg 0.36163427741354975 __DUMMY__ 0.3412226643356346 off 0.29714305825081555	false	1.0
sinnlos	neg 1.0		neg 0.3611773061832943 __DUMMY__ 0.34136891126057145 off 0.2974537825561343	false	1.0
fettsack	off 1.0	off 1.0	off 0.6393704674976312 neg 0.1962324479837598 __DUMMY__ 0.1643970845186091	false	1.0
feige	off 1.0		neg 0.36229040694570075 __DUMMY__ 0.33923203145606423 off 0.298477561598235	false	0.5
abdanken	neg 1.0		neg 0.37044421073468975 __DUMMY__ 0.3372392962697135 off 0.29231649299559676	false	1.0
wichtigtuer	off 1.0	off 1.0	off 0.6336508433891928 neg 0.20152594331366772 __DUMMY__ 0.16482321329713945	false	1.0
misslingen	neg 1.0		neg 0.35902277668169064 __DUMMY__ 0.34276073609467433 off 0.2982164872236349	false	1.0
untreu	off 1.0		neg 0.35871772482868075 __DUMMY__ 0.34065100311836566 off 0.3006312720529537	false	0.5
missmutig	neg 1.0		neg 0.3583140466825381 __DUMMY__ 0.34199092776004697 off 0.29969502555741495	false	1.0
hurenbock	off 1.0		neg 0.35791271454461854 __DUMMY__ 0.3437360874853594 off 0.29835119797002213	false	0.5
betrunken	neg 1.0		neg 0.3556285336973635 __DUMMY__ 0.34152420435317793 off 0.30284726194945844	false	1.0
korrupt	off 1.0		neg 0.3705408400328627 __DUMMY__ 0.33830971656570846 off 0.2911494434014289	false	0.5
unmut	neg 1.0		neg 0.36957523148112614 __DUMMY__ 0.3420313280542838 off 0.28839344046459003	false	1.0
hackfresse	off 1.0		neg 0.3532118781932886 __DUMMY__ 0.3390905613485541 off 0.3076975604581574	false	0.5
aufblasen	neg 1.0		neg 0.35951469467054314 __DUMMY__ 0.34301992658077557 off 0.2974653787486813	false	1.0
gewaltsam	neg 1.0		neg 0.3652045214633932 __DUMMY__ 0.33930050370658954 off 0.2954949748300171	false	1.0
unbeliebtheit	neg 1.0		neg 0.3639815781847884 __DUMMY__ 0.3359827176013566 off 0.30003570421385495	false	1.0
sturheit	neg 1.0		neg 0.3673175474985837 __DUMMY__ 0.3398163622706508 off 0.29286609023076565	false	1.0
kuh	neg 1.0		neg 0.36175895387872026 __DUMMY__ 0.3410225093260342 off 0.2972185367952455	false	1.0
erschrecken	neg 1.0		neg 0.35907437189918046 __DUMMY__ 0.34172164429262025 off 0.2992039838081993	false	1.0
opfer	neg 1.0	neg 1.0	neg 0.6733478131264906 __DUMMY__ 0.16581181124956273 off 0.16084037562394674	false	1.0
sinken	neg 1.0		neg 0.3680399636890842 __DUMMY__ 0.34243537466723006 off 0.2895246616436858	false	1.0
stinktier	neg 1.0		neg 0.3563915075894918 __DUMMY__ 0.339127837017549 off 0.3044806553929594	false	1.0
tucke	off 1.0		neg 0.35108046413872235 __DUMMY__ 0.3399709497944506 off 0.3089485860668271	false	0.5
ein			neg 0.3584618860668472 __DUMMY__ 0.3442231975683752 off 0.2973149163647777	false	0.0
abstieg	neg 1.0		neg 0.3672630367685155 __DUMMY__ 0.3401383012666694 off 0.29259866196481515	false	1.0
missverstehen	neg 1.0		neg 0.36377439075884843 __DUMMY__ 0.3397960798761689 off 0.2964295293649826	false	1.0
ergebnislos	neg 1.0		neg 0.36666533005571583 __DUMMY__ 0.3408593987980634 off 0.2924752711462208	false	1.0
unter			neg 0.3670310731695768 __DUMMY__ 0.3467597855203956 off 0.2862091413100278	false	0.0
manipulieren	neg 1.0		neg 0.36767812217716017 __DUMMY__ 0.34172188525529185 off 0.2905999925675481	false	1.0
unbewiesen	neg 1.0		neg 0.36930407207246185 __DUMMY__ 0.33722488400418765 off 0.29347104392335055	false	1.0
verschleppen	neg 1.0		neg 0.36765623950359994 __DUMMY__ 0.3403875306676262 off 0.29195622982877384	false	1.0
weib	off 1.0		neg 0.3525477206950762 __DUMMY__ 0.3385239491872903 off 0.3089283301176333	false	0.5
opposition	neg 1.0		neg 0.3655308948813933 __DUMMY__ 0.33853479139983916 off 0.29593431371876766	false	1.0
verkehrswidrig	neg 1.0		neg 0.3521067153163433 __DUMMY__ 0.341064510394028 off 0.3068287742896288	false	1.0
inkorrekt	neg 1.0		neg 0.3632454424503571 __DUMMY__ 0.3374186534537095 off 0.29933590409593325	false	1.0
vermeiden	neg 1.0		neg 0.3663202405229235 __DUMMY__ 0.34539452360135753 off 0.288285235875719	false	1.0
abweichung	neg 1.0		neg 0.3685390075543407 __DUMMY__ 0.3395588424252031 off 0.29190215002045605	false	1.0
alkoholisiert	neg 1.0		neg 0.36227539249088064 __DUMMY__ 0.34358307834571794 off 0.2941415291634014	false	1.0
scheiss	off 1.0	off 1.0	off 0.6372067550331083 neg 0.19698964686653547 __DUMMY__ 0.16580359810035616	false	1.0
herausforderung	neg 1.0		neg 0.3598816250498978 __DUMMY__ 0.34537835684954826 off 0.29474001810055384	false	1.0
pervers	off 1.0		neg 0.3502323193284333 __DUMMY__ 0.3380134917893548 off 0.31175418888221196	false	0.5
wackelig	neg 1.0		neg 0.360242040389671 __DUMMY__ 0.34520465858165345 off 0.2945533010286754	false	1.0
verwickeln	neg 1.0		neg 0.36289758653924714 __DUMMY__ 0.34055741203743933 off 0.29654500142331364	false	1.0
vorwand	neg 1.0		neg 0.3698700915590157 __DUMMY__ 0.3412688352768621 off 0.28886107316412213	false	1.0
muschi	off 1.0		neg 0.3652091965718111 __DUMMY__ 0.33987550114952847 off 0.2949153022786605	false	0.5
entmutigung	neg 1.0		neg 0.36948012535624675 __DUMMY__ 0.33547425789470525 off 0.295045616749048	false	1.0
unangemessen	neg 1.0		neg 0.36869793582355936 __DUMMY__ 0.33974290029061677 off 0.2915591638858238	false	1.0
unstetig	neg 1.0		neg 0.36014532646076086 __DUMMY__ 0.34055254502434945 off 0.2993021285148896	false	1.0
entmutigen	neg 1.0		neg 0.36141679673909566 __DUMMY__ 0.34197837574808965 off 0.2966048275128147	false	1.0
schwanz	neg 1.0		neg 0.3650207845153962 __DUMMY__ 0.34158639031591764 off 0.29339282516868603	false	1.0
verbot	neg 1.0		neg 0.3687164945718273 __DUMMY__ 0.33902093113687265 off 0.29226257429130004	false	1.0
leid	neg 1.0		neg 0.3543319465013386 __DUMMY__ 0.33970783520786557 off 0.3059602182907959	false	1.0
archaisch	neg 1.0		neg 0.3675344399174656 __DUMMY__ 0.34011618428499024 off 0.29234937579754405	false	1.0
gegen			neg 0.37037165707316033 __DUMMY__ 0.3406275293444866 off 0.28900081358235297	false	0.0
scheidung	neg 1.0	neg 1.0	neg 0.6578412634507521 off 0.1775997606716962 __DUMMY__ 0.16455897587755178	false	1.0
einschlag	neg 1.0		neg 0.35637973652714205 __DUMMY__ 0.33884959177712654 off 0.3047706716957314	false	1.0
m			neg 0.3623822914705893 __DUMMY__ 0.3429454975756151 off 0.29467221095379553	false	0.0
abgestanden	neg 1.0		neg 0.35958814097612907 __DUMMY__ 0.34366931122479566 off 0.2967425477990752	false	1.0
schmierig	off 1.0		neg 0.35446307762501994 __DUMMY__ 0.340451099466629 off 0.3050858229083512	false	0.5
unpraktisch	neg 1.0		neg 0.3588135813804724 __DUMMY__ 0.3434709595141914 off 0.29771545910533626	false	1.0
wixxer	off 1.0		neg 0.35142099519227277 __DUMMY__ 0.33711943538110584 off 0.3114595694266214	false	0.5
bezeichnet			neg 0.36650179123484394 __DUMMY__ 0.3400050037125474 off 0.2934932050526087	false	0.0
jammerlappen	off 1.0		neg 0.3596149636938816 __DUMMY__ 0.3406874407687541 off 0.29969759553736425	false	0.5
farce	neg 1.0		neg 0.37131124100564245 __DUMMY__ 0.33707594171065514 off 0.2916128172837025	false	1.0
zwecklos	neg 1.0		neg 0.36789946318960987 __DUMMY__ 0.3405021830471195 off 0.29159835376327065	false	1.0
turbulent	neg 1.0		neg 0.35702386184259327 __DUMMY__ 0.33934753941044593 off 0.30362859874696085	false	1.0
invasion	neg 1.0		neg 0.3584433412545828 __DUMMY__ 0.3421963574573319 off 0.2993603012880853	false	1.0
schuld	neg 1.0		neg 0.3633263654206993 __DUMMY__ 0.3409569526046683 off 0.29571668197463236	false	1.0
risiko	neg 1.0		neg 0.3561516937174407 __DUMMY__ 0.34345423351304416 off 0.30039407276951513	false	1.0
finster	neg 1.0		neg 0.35914182279222934 __DUMMY__ 0.34382634928160194 off 0.2970318279261688	false	1.0
geisteskrank	off 1.0		neg 0.3614238008130823 __DUMMY__ 0.33829972696349336 off 0.3002764722234243	false	0.5
zusammenbrechen	neg 1.0		neg 0.3628784262909539 __DUMMY__ 0.3428754038302889 off 0.2942461698787571	false	1.0
ausbeute	neg 1.0		neg 0.3625848816847507 __DUMMY__ 0.34384762973290167 off 0.29356748858234744	false	1.0
hinterhalt	neg 1.0		neg 0.36311253554178735 __DUMMY__ 0.34075049908811916 off 0.2961369653700933	false	1.0
kritik	neg 1.0		neg 0.3699937353812991 __DUMMY__ 0.33792189060486955 off 0.2920843740138313	false	1.0
einschrumpfen	neg 1.0		neg 0.3636055936570868 __DUMMY__ 0.33826092986101475 off 0.2981334764818985	false	1.0
riskant	neg 1.0		neg 0.3664519327400103 __DUMMY__ 0.3422586659954505 off 0.29128940126453917	false	1.0
frustrieren	neg 1.0		neg 0.3673545601627302 __DUMMY__ 0.34172975776190373 off 0.29091568207536606	false	1.0
groll	neg 1.0		neg 0.3675158609115845 __DUMMY__ 0.3406064207170285 off 0.2918777183713871	false	1.0
gibt			neg 0.364768401118077 __DUMMY__ 0.3419749939069077 off 0.2932566049750152	false	0.0
qualvoll	neg 1.0		neg 0.35994541061537544 __DUMMY__ 0.3420041747522075 off 0.2980504146324169	false	1.0
wackeln	neg 1.0		neg 0.358900544524239 __DUMMY__ 0.34384389369538026 off 0.29725556178038093	false	1.0
klagen	neg 1.0		neg 0.37021687409071186 __DUMMY__ 0.3410723487704928 off 0.2887107771387953	false	1.0
bankrott	neg 1.0		neg 0.35732659161513264 __DUMMY__ 0.34177059392410875 off 0.30090281446075856	false	1.0
trauern	neg 1.0		neg 0.36740399224035114 __DUMMY__ 0.34155546599986625 off 0.2910405417597826	false	1.0
ablehnung	neg 1.0	neg 1.0	neg 0.6742841752975065 __DUMMY__ 0.1642315006549617 off 0.16148432404753177	false	1.0
stur	neg 1.0		neg 0.36255013571141115 __DUMMY__ 0.34116612717998 off 0.2962837371086088	false	1.0
aufruhr	neg 1.0		neg 0.3669083268077386 __DUMMY__ 0.33863836382652485 off 0.29445330936573666	false	1.0
melancholie	neg 1.0		neg 0.3619992079122467 __DUMMY__ 0.3440384330033673 off 0.29396235908438584	false	1.0
ist			neg 0.3623782160228056 __DUMMY__ 0.341124355336084 off 0.2964974286411104	false	0.0
torheit	neg 1.0		neg 0.3685724219358323 __DUMMY__ 0.3372376522605827 off 0.2941899258035849	false	1.0
dreckskind	off 1.0		neg 0.3576207094134622 __DUMMY__ 0.33693762275566624 off 0.3054416678308716	false	0.5
umtauschen	neg 1.0		neg 0.36068893262543966 __DUMMY__ 0.3434221827022116 off 0.2958888846723487	false	1.0
zum			neg 0.36366569087849593 __DUMMY__ 0.34676544208014903 off 0.2895688670413549	false	0.0
zersetzen	neg 1.0		neg 0.3688036439504563 __DUMMY__ 0.3414192967254464 off 0.2897770593240973	false	1.0
zur			neg 0.36995275003637174 __DUMMY__ 0.3429490622940917 off 0.28709818766953654	false	0.0
frust	neg 1.0		neg 0.3642574568793486 __DUMMY__ 0.34222465006597225 off 0.29351789305467907	false	1.0
unerbittlichkeit	neg 1.0		neg 0.36856870063205305 __DUMMY__ 0.3409500461979737 off 0.2904812531699732	false	1.0
zwei			neg 0.36401604202707416 __DUMMY__ 0.3453629228371301 off 0.29062103513579557	false	0.0
unkorrekt	neg 1.0		neg 0.36196112252035867 __DUMMY__ 0.3377143448522898 off 0.3003245326273514	false	1.0
hexe	off 1.0		neg 0.35789572556774973 __DUMMY__ 0.34115451104857414 off 0.300949763383676	false	0.5
lasch	neg 1.0		neg 0.36308646215292784 __DUMMY__ 0.3393949102358472 off 0.297518627611225	false	1.0
rivale	neg 1.0		neg 0.3561072990243465 __DUMMY__ 0.3393587853118917 off 0.30453391566376187	false	1.0
mutlos	off 1.0	off 1.0	off 0.6307643665141771 neg 0.20414859745034697 __DUMMY__ 0.16508703603547584	false	1.0
wirr	off 1.0		neg 0.3593001234879577 __DUMMY__ 0.33820138424043533 off 0.30249849227160686	false	0.5
jahr			neg 0.36213023496402413 __DUMMY__ 0.34488187771777623 off 0.2929878873181996	false	0.0
wird			neg 0.3659824343492468 __DUMMY__ 0.34213344379178323 off 0.29188412185897	false	0.0
strafbar	neg 1.0		neg 0.37026630457182724 __DUMMY__ 0.33966293066145925 off 0.29007076476671356	false	1.0
erosion	neg 1.0		neg 0.3597207689251502 __DUMMY__ 0.3425755282770006 off 0.29770370279784913	false	1.0
eingehen	neg 1.0		neg 0.36756154438529737 __DUMMY__ 0.3409517034429804 off 0.2914867521717221	false	1.0
faul	off 1.0		neg 0.35600454069165643 __DUMMY__ 0.34306375981397425 off 0.3009316994943693	false	0.5
provisorium	neg 1.0		neg 0.369321277322502 __DUMMY__ 0.3456920558233973 off 0.2849866668541008	false	1.0
schmerzen	neg 1.0		neg 0.36235208655209233 __DUMMY__ 0.342948157677991 off 0.29469975576991675	false	1.0
schrumpfen	neg 1.0		neg 0.36943629827369817 __DUMMY__ 0.3435192688333583 off 0.2870444328929434	false	1.0
geistlos	off 1.0		neg 0.36704874794482134 __DUMMY__ 0.3370693785203198 off 0.2958818735348589	false	0.5
fehlkauf	neg 1.0		neg 0.36235612361233394 __DUMMY__ 0.3399311121439466 off 0.2977127642437195	false	1.0
frustrierend	neg 1.0		neg 0.3590377159734745 __DUMMY__ 0.34176301404660586 off 0.2991992699799197	false	1.0
unzufrieden	neg 1.0		neg 0.36616376877638374 __DUMMY__ 0.3415305674574216 off 0.29230566376619477	false	1.0
verzweifeln	neg 1.0		neg 0.3629298074532833 __DUMMY__ 0.3423092015336054 off 0.2947609910131114	false	1.0
verzweifelt	neg 1.0		neg 0.36249605674099433 __DUMMY__ 0.34127584630293245 off 0.29622809695607316	false	1.0
misstrauensantrag	neg 1.0		neg 0.36241383342637534 __DUMMY__ 0.3398442341813339 off 0.29774193239229063	false	1.0
abfallen	neg 1.0		neg 0.3578965534959585 __DUMMY__ 0.3443602248921283 off 0.29774322161191313	false	1.0
fucker	off 1.0		neg 0.35800414872107333 __DUMMY__ 0.33913862798793054 off 0.3028572232909961	false	0.5
ungezogen	neg 1.0		neg 0.3512735005392665 __DUMMY__ 0.3391689112623406 off 0.30955758819839285	false	1.0
irrsinnig	neg 1.0	neg 1.0	neg 0.6713636157534394 __DUMMY__ 0.1654024739865389 off 0.16323391026002174	false	1.0
unfassbar	neg 1.0		neg 0.3590240437434746 __DUMMY__ 0.3406790412700013 off 0.3002969149865241	false	1.0
hart	neg 1.0		neg 0.35951887801671956 __DUMMY__ 0.3400430185337249 off 0.3004381034495555	false	1.0
widerlich	off 1.0		neg 0.359909971414817 __DUMMY__ 0.3394983961603771 off 0.3005916324248059	false	0.5
fatal	neg 1.0		neg 0.36155408407398854 __DUMMY__ 0.3404903138746407 off 0.2979556020513707	false	1.0
bruch	neg 1.0		neg 0.3720949562207071 __DUMMY__ 0.3402476903823326 off 0.28765735339696025	false	1.0
aushungern	neg 1.0		neg 0.3676520210253107 __DUMMY__ 0.3384458507560104 off 0.2939021282186789	false	1.0
anspannung	neg 1.0		neg 0.3663884741441511 __DUMMY__ 0.34445535490318074 off 0.2891561709526681	false	1.0
von			neg 0.36405032675084287 __DUMMY__ 0.3443982945999285 off 0.2915513786492287	false	0.0
kraftlos	neg 1.0		neg 0.3617448175891966 __DUMMY__ 0.34451243595472153 off 0.293742746456082	false	1.0
vom			neg 0.3672182391205944 __DUMMY__ 0.3461952157361858 off 0.28658654514321985	false	0.0
grenzdebil	off 1.0		neg 0.3569879551119197 __DUMMY__ 0.341149963258335 off 0.3018620816297452	false	0.5
vor			neg 0.36652615213974626 __DUMMY__ 0.3436463038770175 off 0.28982754398323635	false	0.0
unterwerfen	neg 1.0		neg 0.36847048608174315 __DUMMY__ 0.3406346105298314 off 0.29089490338842533	false	1.0
versenkung	neg 1.0		neg 0.3671782857996921 __DUMMY__ 0.34178226708574194 off 0.291039447114566	false	1.0
entziehen	neg 1.0		neg 0.36995252740233947 __DUMMY__ 0.341599955667658 off 0.28844751693000265	false	1.0
finanzkrise	neg 1.0		neg 0.3676818183211322 __DUMMY__ 0.3386189188029852 off 0.2936992628758826	false	1.0
schimpfend	neg 1.0		neg 0.35633231643789626 __DUMMY__ 0.34477411607246244 off 0.2988935674896414	false	1.0
profan	neg 1.0		neg 0.36115505122625674 __DUMMY__ 0.34140324765330893 off 0.2974417011204344	false	1.0
korruption	neg 1.0		neg 0.3696576367215632 __DUMMY__ 0.3387482762465072 off 0.29159408703192957	false	1.0
â			neg 0.36386475725686596 __DUMMY__ 0.34266538706771643 off 0.29346985567541767	false	0.0
schmutzig	neg 1.0		neg 0.3556407288862969 __DUMMY__ 0.34238600673854414 off 0.3019732643751591	false	1.0
sexy	neg 1.0		neg 0.35900264919772346 __DUMMY__ 0.3411282540321985 off 0.2998690967700781	false	1.0
abraten	neg 1.0		neg 0.3606145865839711 __DUMMY__ 0.34235197117328736 off 0.29703344224274153	false	1.0
schwarz	neg 1.0		neg 0.36186611604558083 __DUMMY__ 0.3409004762750257 off 0.2972334076793935	false	1.0
fotze	off 1.0		neg 0.3665831099441884 __DUMMY__ 0.3403208132866766 off 0.2930960767691348	false	0.5
verwirren	neg 1.0		neg 0.3604815673954985 __DUMMY__ 0.3412467400343426 off 0.2982716925701588	false	1.0
zahnlos	off 1.0		neg 0.36777867086587723 __DUMMY__ 0.340328205833619 off 0.2918931233005039	false	0.5
verheeren	neg 1.0		neg 0.3517134186732549 __DUMMY__ 0.3372816594627452 off 0.31100492186399986	false	1.0
hippie	neg 1.0		neg 0.35974397859480817 __DUMMY__ 0.3408247919374277 off 0.2994312294677641	false	1.0
rammen	neg 1.0		neg 0.3586560725628915 __DUMMY__ 0.3422189585225467 off 0.29912496891456175	false	1.0
unlauter	neg 1.0	neg 1.0	neg 0.6702937775989863 __DUMMY__ 0.16522128410962483 off 0.16448493829138885	false	1.0
unheilvoll	neg 1.0		neg 0.3601264416861236 __DUMMY__ 0.3421192514584129 off 0.2977543068554635	false	1.0
niedrig	neg 1.0		neg 0.3648767575263435 __DUMMY__ 0.342185976296557 off 0.2929372661770994	false	1.0
explosion	neg 1.0		neg 0.3588054172430128 __DUMMY__ 0.34177029915923823 off 0.299424283597749	false	1.0
weichei	off 1.0		neg 0.3541974627859251 __DUMMY__ 0.339293315682253 off 0.30650922153182186	false	0.5
minusmensch	off 1.0		neg 0.35548629960209194 __DUMMY__ 0.33519651003076834 off 0.30931719036713967	false	0.5
farblos	neg 1.0		neg 0.36235568201301743 __DUMMY__ 0.34119419340433976 off 0.29645012458264275	false	1.0
unwissend	neg 1.0	neg 1.0	neg 0.669261654871428 off 0.16571591508097056 __DUMMY__ 0.16502243004760145	false	1.0
traurig	neg 1.0		neg 0.35545925524421246 __DUMMY__ 0.34090384179204297 off 0.30363690296374457	false	1.0
senkung	neg 1.0		neg 0.3600881971774696 __DUMMY__ 0.3409709079595439 off 0.2989408948629865	false	1.0
ungleich	neg 1.0	neg 1.0	neg 0.6738208238504761 __DUMMY__ 0.16551679288229837 off 0.16066238326722548	false	1.0
heikel	neg 1.0		neg 0.3683058834352001 __DUMMY__ 0.3417716918004986 off 0.2899224247643013	false	1.0
drosselung	neg 1.0		neg 0.3544591783861868 __DUMMY__ 0.3412137548110808 off 0.3043270668027325	false	1.0
falsch	neg 1.0		neg 0.3596540935774644 __DUMMY__ 0.34103324721618933 off 0.29931265920634625	false	1.0
unzufriedenheit	neg 1.0		neg 0.3689161426285466 __DUMMY__ 0.34149098235876474 off 0.28959287501268877	false	1.0
kurz	neg 1.0		neg 0.36121780693220695 __DUMMY__ 0.344046613041899 off 0.29473558002589406	false	1.0
unsinnig	neg 1.0		neg 0.3662702374422167 __DUMMY__ 0.34112472487676526 off 0.29260503768101803	false	1.0
penner	off 1.0	off 1.0	off 0.6405109043096426 neg 0.19480661176051742 __DUMMY__ 0.16468248392983995	false	1.0
seicht	neg 1.0		neg 0.3547617953380862 __DUMMY__ 0.3371964551617474 off 0.30804174950016633	false	1.0
dummheit	off 1.0	off 1.0	off 0.6341501594987399 neg 0.20097566132076214 __DUMMY__ 0.16487417918049793	false	1.0
unerfreulich	neg 1.0		neg 0.3672253364141031 __DUMMY__ 0.3428344247936752 off 0.28994023879222175	false	1.0
motherfucker	off 1.0	off 1.0	off 0.6375338460047648 neg 0.19775989865117105 __DUMMY__ 0.1647062553440642	false	1.0
pikiert	neg 1.0		neg 0.3612190450030863 __DUMMY__ 0.33959657686592043 off 0.29918437813099336	false	1.0
wrack	neg 1.0		neg 0.3642353270418002 __DUMMY__ 0.3423128109406331 off 0.2934518620175666	false	1.0
gangster	neg 1.0		neg 0.36041197468690284 __DUMMY__ 0.34097174246512446 off 0.29861628284797276	false	1.0
krank	neg 1.0		neg 0.35507552668458014 __DUMMY__ 0.34240027666322226 off 0.3025241966521976	false	1.0
reich	neg 1.0		neg 0.3650109702985317 __DUMMY__ 0.3362409882123838 off 0.2987480414890845	false	1.0
gnadenlos	neg 1.0		neg 0.3627143406627099 __DUMMY__ 0.3412456410209575 off 0.29604001831633253	false	1.0
niedergeschlagen	neg 1.0		neg 0.36333791048791175 __DUMMY__ 0.3425560520538187 off 0.2941060374582696	false	1.0
terrorisieren	off 1.0	off 1.0	off 0.6309320381136029 neg 0.20318046712907312 __DUMMY__ 0.165887494757324	false	1.0
sinnlosigkeit	neg 1.0		neg 0.3672235098401179 __DUMMY__ 0.3406406388221782 off 0.29213585133770387	false	1.0
behindern	neg 1.0		neg 0.3615834726335215 __DUMMY__ 0.3426363944006271 off 0.29578013296585143	false	1.0
undemokratisch	neg 1.0		neg 0.3668247889429563 __DUMMY__ 0.3380636987315163 off 0.2951115123255275	false	1.0
wirtschaftskrise	neg 1.0		neg 0.368175915552891 __DUMMY__ 0.33970984918470126 off 0.29211423526240793	false	1.0
neid	neg 1.0		neg 0.3580569128829616 __DUMMY__ 0.3423784033416386 off 0.29956468377539974	false	1.0
rutschen	neg 1.0		neg 0.36299164456557886 __DUMMY__ 0.3470691702529638 off 0.28993918518145745	false	1.0
rezession	neg 1.0		neg 0.3580278132324305 __DUMMY__ 0.3376846767992806 off 0.30428750996828896	false	1.0
fehlgeburt	neg 1.0		neg 0.3642989352591948 __DUMMY__ 0.3404259846418196 off 0.29527508009898557	false	1.0
charakterschwach	off 1.0		neg 0.35981354880057387 __DUMMY__ 0.339665516120258 off 0.3005209350791682	false	0.5
isolation	neg 1.0		neg 0.35812160735682896 __DUMMY__ 0.34098801771226195 off 0.30089037493090914	false	1.0
ablenkung	neg 1.0		neg 0.3615058876707132 __DUMMY__ 0.34251552066529733 off 0.2959785916639896	false	1.0
pech	neg 1.0		neg 0.35883710030189014 __DUMMY__ 0.3420808093074029 off 0.2990820903907068	false	1.0
vermeidung	neg 1.0		neg 0.3548130715055811 __DUMMY__ 0.3418496568599109 off 0.3033372716345079	false	1.0
dominieren	neg 1.0		neg 0.36422640830227354 __DUMMY__ 0.3416736561676532 off 0.2940999355300734	false	1.0
schwindlig	neg 1.0		neg 0.3571942409100862 __DUMMY__ 0.34339035522752065 off 0.2994154038623932	false	1.0
lutscher	neg 1.0		neg 0.3529144882839138 __DUMMY__ 0.33771507138377627 off 0.30937044033231	false	1.0
pflicht	neg 1.0		neg 0.3690679453236367 __DUMMY__ 0.3414248465811978 off 0.28950720809516567	false	1.0
faschist	off 1.0		neg 0.3672054063196295 __DUMMY__ 0.33720560889053713 off 0.29558898478983336	false	0.5
verschleudern	neg 1.0		neg 0.36822135892124236 __DUMMY__ 0.34011011992710394 off 0.29166852115165365	false	1.0
wenn			neg 0.35973331225616023 __DUMMY__ 0.34102561711159896 off 0.29924107063224087	false	0.0
ehebruch	neg 1.0		neg 0.3693311042368887 __DUMMY__ 0.33982306663229206 off 0.29084582913081913	false	1.0
spott	off 1.0		neg 0.36922664081413403 __DUMMY__ 0.3403036474857972 off 0.2904697117000689	false	0.5
trostlosigkeit	neg 1.0		neg 0.3724201461352469 __DUMMY__ 0.33915218616103626 off 0.28842766770371686	false	1.0
lutschen	neg 1.0		neg 0.36076630856461644 __DUMMY__ 0.3395894909606118 off 0.29964420047477175	false	1.0
undiszipliniert	neg 1.0		neg 0.356410735168913 __DUMMY__ 0.3406999788747038 off 0.3028892859563832	false	1.0
kopfschmerz	neg 1.0		neg 0.3620716905924164 __DUMMY__ 0.34261023261250917 off 0.2953180767950744	false	1.0
unvorhergesehen	neg 1.0		neg 0.35935524200143254 __DUMMY__ 0.3452751754873894 off 0.2953695825111781	false	1.0
desinteressiert	neg 1.0		neg 0.358145061969457 __DUMMY__ 0.3398269458569379 off 0.3020279921736051	false	1.0
armselig	off 1.0		neg 0.35814120866857774 __DUMMY__ 0.3391205360077578 off 0.3027382553236644	false	0.5
desaster	neg 1.0		neg 0.372494410430431 __DUMMY__ 0.3402371843674615 off 0.28726840520210756	false	1.0
tod	neg 1.0		neg 0.3710659143437608 __DUMMY__ 0.338888839941742 off 0.29004524571449725	false	1.0
herzlos	neg 1.0		neg 0.3553488929863196 __DUMMY__ 0.34047602756951545 off 0.3041750794441649	false	1.0
unwissenheit	neg 1.0		neg 0.36802681615482025 __DUMMY__ 0.3401378030858709 off 0.2918353807593088	false	1.0
widersinnig	neg 1.0		neg 0.36971831563642715 __DUMMY__ 0.33816209429117633 off 0.29211959007239635	false	1.0
bedenklich	neg 1.0		neg 0.36774607548436544 __DUMMY__ 0.3414054243431825 off 0.2908485001724521	false	1.0
beanstanden	neg 1.0		neg 0.3688725038127586 __DUMMY__ 0.3417809677648552 off 0.2893465284223861	false	1.0
panisch	neg 1.0	neg 1.0	neg 0.6671966988922504 __DUMMY__ 0.16754609152122407 off 0.1652572095865255	false	1.0
debil	off 1.0		neg 0.3703747396962508 __DUMMY__ 0.3427349772710481 off 0.2868902830327011	false	0.5
abstrich	neg 1.0		neg 0.35717474584925585 __DUMMY__ 0.34494845721933404 off 0.29787679693141017	false	1.0
primitiv	neg 1.0		neg 0.35934957928679345 __DUMMY__ 0.33943487134699646 off 0.30121554936621003	false	1.0
abschaum	off 1.0	off 1.0	off 0.6354027478685558 neg 0.2001709904476478 __DUMMY__ 0.16442626168379637	false	1.0
provozieren	neg 1.0		neg 0.36528390981592535 __DUMMY__ 0.3400476255054805 off 0.2946684646785942	false	1.0
tot	neg 1.0		neg 0.36604765885779555 __DUMMY__ 0.34035184140416797 off 0.2936004997380365	false	1.0
instabil	neg 1.0		neg 0.35739060687041413 __DUMMY__ 0.3386358761094305 off 0.3039735170201553	false	1.0
schwuchtel	off 1.0		neg 0.35096398950435626 __DUMMY__ 0.3351989749994699 off 0.3138370354961739	false	0.5
zerren	neg 1.0		neg 0.3638495652880875 __DUMMY__ 0.34235262966492985 off 0.29379780504698266	false	1.0
kinderficker	off 1.0		neg 0.3582103759489633 __DUMMY__ 0.3375056935966207 off 0.3042839304544161	false	0.5
gefahr	neg 1.0		neg 0.3683801841290729 __DUMMY__ 0.3405607567891843 off 0.2910590590817428	false	1.0
rabiat	neg 1.0		neg 0.363730242328107 __DUMMY__ 0.3412519611373676 off 0.29501779653452537	false	1.0
verlangsamung	neg 1.0		neg 0.3537190234340071 __DUMMY__ 0.3379748098375238 off 0.30830616672846906	false	1.0
ausgestorben	neg 1.0		neg 0.3642973413026344 __DUMMY__ 0.34200054685433984 off 0.2937021118430257	false	1.0
anklagen	neg 1.0		neg 0.3662281221412259 __DUMMY__ 0.3398616197766669 off 0.29391025808210713	false	1.0
trott	neg 1.0		neg 0.3620713454719965 __DUMMY__ 0.3422101673131547 off 0.29571848721484884	false	1.0
verminderung	neg 1.0		neg 0.3564015666681149 __DUMMY__ 0.3402905740360208 off 0.30330785929586423	false	1.0
nach			neg 0.3651979333581278 __DUMMY__ 0.34580229360935766 off 0.28899977303251445	false	0.0
rost	neg 1.0		neg 0.3537360973292013 __DUMMY__ 0.33790405073584123 off 0.3083598519349575	false	1.0
destruktiv	neg 1.0		neg 0.367399540455147 __DUMMY__ 0.3395452226921807 off 0.2930552368526724	false	1.0
unzumutbarkeit	neg 1.0		neg 0.3551739988555245 __DUMMY__ 0.34155070448287966 off 0.303275296661596	false	1.0
labil	off 1.0	off 1.0	off 0.6363360662798587 neg 0.19884297718128868 __DUMMY__ 0.1648209565388525	false	1.0
ziemlich	neg 1.0		neg 0.35769829684348914 __DUMMY__ 0.3410640581363017 off 0.30123764502020917	false	1.0
lachnummer	off 1.0		neg 0.3670674497794993 __DUMMY__ 0.33973920427323173 off 0.293193345947269	false	0.5
oder			neg 0.3609182888666438 __DUMMY__ 0.3430985263309278 off 0.29598318480242847	false	0.0
verfall	neg 1.0		neg 0.37141601975660776 __DUMMY__ 0.3422922668723975 off 0.28629171337099485	false	1.0
ausgrenzung	neg 1.0		neg 0.36599164065227624 __DUMMY__ 0.33809348624372487 off 0.295914873103999	false	1.0
unordnung	neg 1.0		neg 0.35772629713527154 __DUMMY__ 0.3380668921278743 off 0.30420681073685407	false	1.0
fehlverhalten	neg 1.0		neg 0.36954215356965253 __DUMMY__ 0.34031053171006187 off 0.2901473147202857	false	1.0
eine			neg 0.36684427889872806 __DUMMY__ 0.34322451826798966 off 0.2899312028332822	false	0.0
nille	neg 1.0		neg 0.36607466372537345 __DUMMY__ 0.3394940458373526 off 0.29443129043727384	false	1.0
qual	neg 1.0		neg 0.36249907982923013 __DUMMY__ 0.3419962515249609 off 0.295504668645809	false	1.0
verschwenden	neg 1.0		neg 0.36642268770807335 __DUMMY__ 0.342130926512036 off 0.2914463857798906	false	1.0
riesig	neg 1.0		neg 0.362286176189727 __DUMMY__ 0.3426034169611019 off 0.29511040684917106	false	1.0
verurteilen	neg 1.0		neg 0.3686803151890526 __DUMMY__ 0.33959541170826246 off 0.29172427310268484	false	1.0
klischee	neg 1.0	neg 1.0	neg 0.6706270049473125 __DUMMY__ 0.16478347631042892 off 0.16458951874225852	false	1.0
diktatorisch	neg 1.0		neg 0.36849951247703144 __DUMMY__ 0.3370818864506918 off 0.2944186010722767	false	1.0
vorhersehbar	neg 1.0		neg 0.3635960980073453 __DUMMY__ 0.33978516260085384 off 0.29661873939180067	false	1.0
sowie			neg 0.3563438722863194 __DUMMY__ 0.3375004059415984 off 0.30615572177208217	false	0.0
stornieren	neg 1.0		neg 0.35811882541317885 __DUMMY__ 0.34275307688305034 off 0.29912809770377075	false	1.0
besteuerung	neg 1.0		neg 0.36238885195916837 __DUMMY__ 0.34084839464321026 off 0.2967627533976213	false	1.0
ungeschminkt	neg 1.0		neg 0.35714314723721863 __DUMMY__ 0.340854611850669 off 0.30200224091211236	false	1.0
kritisch	neg 1.0		neg 0.3687852882181821 __DUMMY__ 0.34052869089120547 off 0.2906860208906124	false	1.0
schlamperei	off 1.0		neg 0.3683304493082695 __DUMMY__ 0.3403242730975228 off 0.29134527759420775	false	0.5
sucht	neg 1.0	neg 1.0	neg 0.6667143904232836 __DUMMY__ 0.16743025732353942 off 0.1658553522531769	false	1.0
egoistisch	off 1.0		neg 0.35466269339659545 __DUMMY__ 0.33916374317251685 off 0.30617356343088764	false	0.5
ausbeuter	off 1.0		neg 0.370415398210787 __DUMMY__ 0.3399872502748379 off 0.28959735151437505	false	0.5
arschgeburt	off 1.0		neg 0.35105367017945255 __DUMMY__ 0.33523739813781767 off 0.3137089316827299	false	0.5
schubs	neg 1.0	neg 1.0	neg 0.6700065477909948 __DUMMY__ 0.1674630606056775 off 0.1625303916033277	false	1.0
unsolide	neg 1.0		neg 0.366130426760374 __DUMMY__ 0.3361004514021624 off 0.2977691218374636	false	1.0
beschwerde	neg 1.0		neg 0.36694909229149253 __DUMMY__ 0.3406083229678412 off 0.29244258474066637	false	1.0
stocken	neg 1.0		neg 0.3652760519907384 __DUMMY__ 0.3420399098085734 off 0.2926840382006882	false	1.0
isolieren	neg 1.0		neg 0.36095326302540925 __DUMMY__ 0.34332768079875814 off 0.2957190561758326	false	1.0
unheilbar	neg 1.0		neg 0.3638887801891527 __DUMMY__ 0.34069282735429013 off 0.2954183924565574	false	1.0
pisser	off 1.0		neg 0.35766616109179894 __DUMMY__ 0.33855623657643363 off 0.3037776023317674	false	0.5
löschen	neg 1.0		neg 0.3626453139983992 __DUMMY__ 0.34095269313876936 off 0.2964019928628313	false	1.0
durchfallen	neg 1.0		neg 0.3667406036136107 __DUMMY__ 0.34163539626420103 off 0.29162400012218825	false	1.0
wichser	off 1.0		neg 0.3513161631374221 __DUMMY__ 0.3379232963731946 off 0.3107605404893834	false	0.5
terror	neg 1.0		neg 0.3573562935678125 __DUMMY__ 0.34239585678046036 off 0.3002478496517272	false	1.0
krass	neg 1.0		neg 0.35505792605474706 __DUMMY__ 0.3402864106066767 off 0.30465566333857635	false	1.0
revolte	neg 1.0	neg 1.0	neg 0.673204191471275 off 0.16374744659567814 __DUMMY__ 0.16304836193304686	false	1.0
besorgt	neg 1.0		neg 0.3615081350865908 __DUMMY__ 0.34386279864517405 off 0.29462906626823515	false	1.0
nachlassen	neg 1.0		neg 0.3621120138325976 __DUMMY__ 0.34357893164781084 off 0.29430905451959144	false	1.0
alt	neg 1.0		neg 0.36348958106966783 __DUMMY__ 0.34407143094408854 off 0.29243898798624374	false	1.0
hundesohn	off 1.0		neg 0.35475047297584106 __DUMMY__ 0.3362709581998532 off 0.3089785688243059	false	0.5
als			neg 0.36412655696866464 __DUMMY__ 0.34272202771449733 off 0.29315141531683786	false	0.0
abschreckung	neg 1.0		neg 0.3701282901975631 __DUMMY__ 0.34084218054430315 off 0.2890295292581337	false	1.0
unqualifiziert	neg 1.0		neg 0.36315033653294365 __DUMMY__ 0.33983310271836126 off 0.2970165607486952	false	1.0
abgewichst	off 1.0		neg 0.36514904130779685 __DUMMY__ 0.34081592960631285 off 0.2940350290858902	false	0.5
schwer	neg 1.0		neg 0.36277900130264695 __DUMMY__ 0.34226028470308334 off 0.2949607139942697	false	1.0
bedeutungslosigkeit	neg 1.0		neg 0.3700281087523993 __DUMMY__ 0.34046266380867934 off 0.2895092274389213	false	1.0
kapitulation	neg 1.0		neg 0.37141618098764145 __DUMMY__ 0.3380383633889521 off 0.29054545562340645	false	1.0
unscharf	neg 1.0		neg 0.3590560518856134 __DUMMY__ 0.34187027878363135 off 0.29907366933075524	false	1.0
schwinden	neg 1.0		neg 0.3667516299960408 __DUMMY__ 0.3422071947506949 off 0.2910411752532643	false	1.0
versklavung	neg 1.0	neg 1.0	neg 0.6729925498851057 __DUMMY__ 0.1640401364164017 off 0.1629673136984926	false	1.0
schlecht	neg 1.0		neg 0.35696764411922105 __DUMMY__ 0.34129648255452755 off 0.30173587332625124	false	1.0
verhasst	neg 1.0		neg 0.3657740045502792 __DUMMY__ 0.33969356235775505 off 0.2945324330919658	false	1.0
beschweren	neg 1.0		neg 0.36108372734726185 __DUMMY__ 0.3418136217515347 off 0.2971026509012036	false	1.0
scheiden	neg 1.0		neg 0.36407196622799926 __DUMMY__ 0.3414720320043918 off 0.29445600176760894	false	1.0
frustriert	neg 1.0		neg 0.3643699747723306 __DUMMY__ 0.34192014856822295 off 0.2937098766594463	false	1.0
schimmelig	neg 1.0		neg 0.36478297098249973 __DUMMY__ 0.3425565979309645 off 0.2926604310865358	false	1.0
fisch	neg 1.0		neg 0.36492547803858305 __DUMMY__ 0.34231497309164327 off 0.2927595488697737	false	1.0
schmuggel	neg 1.0		neg 0.36593542501290766 __DUMMY__ 0.3431151505863951 off 0.29094942440069727	false	1.0
auffallen	neg 1.0		neg 0.36093339252416107 __DUMMY__ 0.3415405050179419 off 0.29752610245789707	false	1.0
konkurrenz	neg 1.0		neg 0.36716738234218815 __DUMMY__ 0.3429201816897339 off 0.28991243596807803	false	1.0
teufelskreis	neg 1.0		neg 0.3653451676240436 __DUMMY__ 0.3411050786948994 off 0.29354975368105696	false	1.0
aufschreien	neg 1.0		neg 0.3633356103175502 __DUMMY__ 0.3400387012484332 off 0.2966256884340165	false	1.0
schuldner	neg 1.0		neg 0.36875389238288075 __DUMMY__ 0.3404682571163803 off 0.29077785050073907	false	1.0
missgeburt	off 1.0	off 1.0	off 0.6394738896392475 neg 0.1967130640914833 __DUMMY__ 0.16381304626926932	false	1.0
arbeitslos	neg 1.0		neg 0.3669764383847841 __DUMMY__ 0.340813394018423 off 0.2922101675967931	false	1.0
befallen	neg 1.0		neg 0.3707195689815287 __DUMMY__ 0.33822625722523053 off 0.2910541737932408	false	1.0
miesepetrig	off 1.0		neg 0.35617898883568927 __DUMMY__ 0.34199021753605463 off 0.3018307936282561	false	0.5
alarmieren	neg 1.0		neg 0.36095402303461044 __DUMMY__ 0.3392186658461533 off 0.2998273111192363	false	1.0
ungeduscht	off 1.0		neg 0.35872667426124694 __DUMMY__ 0.3420193095786678 off 0.2992540161600854	false	0.5
knappheit	neg 1.0		neg 0.36490846460420373 __DUMMY__ 0.3416639150819479 off 0.2934276203138483	false	1.0
schlange	neg 1.0		neg 0.35957733570043937 __DUMMY__ 0.34289330618036357 off 0.2975293581191972	false	1.0
harsch	neg 1.0		neg 0.3506700666497282 __DUMMY__ 0.34086402598082305 off 0.30846590736944873	false	1.0
lang	neg 1.0		neg 0.3615217850258951 __DUMMY__ 0.34159383825615514 off 0.29688437671794987	false	1.0
ziellos	neg 1.0		neg 0.36512863203717916 __DUMMY__ 0.34237273148155606 off 0.2924986364812649	false	1.0
selbstverliebt	neg 1.0		neg 0.3532825739862046 __DUMMY__ 0.3358150681446683 off 0.3109023578691272	false	1.0
beseitigen	neg 1.0		neg 0.3596803290470723 __DUMMY__ 0.34291400490529533 off 0.29740566604763236	false	1.0
dumm	off 1.0		neg 0.3548015139769621 __DUMMY__ 0.3385394196009959 off 0.30665906642204216	false	0.5
arbeitsloser	neg 1.0		neg 0.3677598902180886 __DUMMY__ 0.3409269651013431 off 0.29131314468056824	false	1.0
blitzen	neg 1.0		neg 0.36030280751350363 __DUMMY__ 0.3405528263484055 off 0.29914436613809087	false	1.0
hilflos	neg 1.0		neg 0.3648533089456172 __DUMMY__ 0.3419043202564605 off 0.2932423707979223	false	1.0
eklig	off 1.0		neg 0.35386222142544843 __DUMMY__ 0.3383959219746861 off 0.30774185659986547	false	0.5
begriff			neg 0.36553353259914595 __DUMMY__ 0.3411547368346066 off 0.29331173056624743	false	0.0
hungersnot	neg 1.0		neg 0.3695379021812831 __DUMMY__ 0.33757417269963674 off 0.2928879251190802	false	1.0
ungesetzlich	neg 1.0		neg 0.36601465415407197 __DUMMY__ 0.3377147304461732 off 0.2962706153997549	false	1.0
verschwendung	neg 1.0		neg 0.36772758478852097 __DUMMY__ 0.3419517226776154 off 0.2903206925338636	false	1.0
schmerzvoll	neg 1.0		neg 0.3609879522085949 __DUMMY__ 0.3418771662161844 off 0.2971348815752208	false	1.0
vorzeitig	neg 1.0		neg 0.358082497483301 __DUMMY__ 0.3407074556933475 off 0.3012100468233515	false	1.0
unvollkommenheit	neg 1.0		neg 0.3631979270471417 __DUMMY__ 0.34131974817033994 off 0.2954823247825183	false	1.0
intervenieren	neg 1.0		neg 0.3705907946880243 __DUMMY__ 0.3395827224529723 off 0.2898264828590035	false	1.0
banause	off 1.0		neg 0.3531186027778243 __DUMMY__ 0.3378048944545976 off 0.30907650276757803	false	0.5
rebell	neg 1.0		neg 0.36645250100425997 __DUMMY__ 0.34321686418809266 off 0.2903306348076472	false	1.0
unlogisch	neg 1.0		neg 0.3575351683322165 __DUMMY__ 0.339347701433798 off 0.3031171302339854	false	1.0
leiden	neg 1.0	neg 1.0	neg 0.6692915543258989 __DUMMY__ 0.16899515821225938 off 0.16171328746184163	false	1.0
abschaffung	neg 1.0		neg 0.36476184941383316 __DUMMY__ 0.3396484149860784 off 0.2955897356000885	false	1.0
sturz	neg 1.0		neg 0.36471169043207785 __DUMMY__ 0.33928411283115195 off 0.2960041967367701	false	1.0
verkleinerung	neg 1.0		neg 0.362856573621018 __DUMMY__ 0.3385802453060583 off 0.2985631810729238	false	1.0
schmarotzer	off 1.0		neg 0.3688608953257009 __DUMMY__ 0.3399387238700053 off 0.29120038080429383	false	0.5
bestrafung	neg 1.0		neg 0.3639162314708909 __DUMMY__ 0.3403037967280791 off 0.29577997180102994	false	1.0
achtlos	neg 1.0		neg 0.36239415982205997 __DUMMY__ 0.3425301732304524 off 0.29507566694748766	false	1.0
ungeheuer	neg 1.0		neg 0.3622318528254475 __DUMMY__ 0.3405498781785402 off 0.2972182689960123	false	1.0
unaufrichtig	neg 1.0		neg 0.3642804032111241 __DUMMY__ 0.338499837372665 off 0.297219759416211	false	1.0
groggy	neg 1.0		neg 0.36093252446748275 __DUMMY__ 0.340302054086163 off 0.2987654214463543	false	1.0
verletzlich	neg 1.0		neg 0.35849911564348486 __DUMMY__ 0.3401886590382678 off 0.3013122253182475	false	1.0
ablehnen	neg 1.0		neg 0.3679592193851552 __DUMMY__ 0.3401914221489827 off 0.29184935846586213	false	1.0
kollaps	neg 1.0		neg 0.36595567074848656 __DUMMY__ 0.33932975548431404 off 0.29471457376719923	false	1.0
