unsolidarisch	neg 1.0		neg 0.551913123625402 off 0.44075782156652005 __DUMMY__ 0.007329054808077888	false	1.0
nachteilig	neg 1.0		neg 0.5503731577785425 off 0.44218495551499726 __DUMMY__ 0.007441886706460331	false	1.0
skeptisch	neg 1.0		neg 0.5531604174248054 off 0.43938274569809904 __DUMMY__ 0.007456836877095477	false	1.0
schrecklich	neg 1.0		neg 0.5388987852796984 off 0.45370112605444823 __DUMMY__ 0.0074000886658533455	false	1.0
schlapp	neg 1.0		neg 0.5410890520045417 off 0.45144955158938505 __DUMMY__ 0.007461396406073187	false	1.0
abfall	neg 1.0		neg 0.5544029435201182 off 0.43812577268536806 __DUMMY__ 0.007471283794513752	false	1.0
widerspenstig	neg 1.0		neg 0.5462757983086562 off 0.4462511553211779 __DUMMY__ 0.007473046370165814	false	1.0
abrupt	neg 1.0		neg 0.5465882391233761 off 0.4459133322498816 __DUMMY__ 0.007498428626742371	false	1.0
unwirksam	neg 1.0		neg 0.5491716231395815 off 0.4434541255215697 __DUMMY__ 0.007374251338848705	false	1.0
angreifen	neg 1.0		neg 0.5528504848806342 off 0.439719844753107 __DUMMY__ 0.0074296703662588654	false	1.0
inkonsistent	neg 1.0		neg 0.5451213901326772 off 0.44745600479279724 __DUMMY__ 0.007422605074525526	false	1.0
abrutschen	neg 1.0		neg 0.5539375098852837 off 0.4385831071600235 __DUMMY__ 0.0074793829546928045	false	1.0
unsicher	neg 1.0		neg 0.5469341726192559 off 0.4456097505467023 __DUMMY__ 0.007456076834041875	false	1.0
bauernkind	off 1.0		neg 0.5372148585054668 off 0.45544389667282265 __DUMMY__ 0.007341244821710454	false	0.5
angreifer	neg 1.0		neg 0.5457158276749975 off 0.44689533976215007 __DUMMY__ 0.007388832562852618	false	1.0
trennen	neg 1.0		neg 0.5501765461102613 off 0.4423213927202226 __DUMMY__ 0.007502061169516102	false	1.0
schmutz	neg 1.0		neg 0.5380854379536107 off 0.4544157709337219 __DUMMY__ 0.007498791112667415	false	1.0
inkonsistenz	neg 1.0	neg 1.0	neg 0.7596870658277781 off 0.2367760607588095 __DUMMY__ 0.0035368734134124885	false	1.0
erschreckend	neg 1.0		neg 0.5497910152031344 off 0.442781854929576 __DUMMY__ 0.007427129867289387	false	1.0
ertrinken	neg 1.0		neg 0.5503108952935678 off 0.4422197448426376 __DUMMY__ 0.0074693598637945394	false	1.0
pickelface	off 1.0		neg 0.5479853604739929 off 0.44461254704151215 __DUMMY__ 0.007402092484494979	false	0.5
seiner			neg 0.5522272853419486 off 0.4403253384501832 __DUMMY__ 0.00744737620786809	false	0.0
lauch	neg 1.0		neg 0.5528364136335042 off 0.4396977618132432 __DUMMY__ 0.007465824553252465	false	1.0
unwichtig	neg 1.0		neg 0.5431451536412173 off 0.44943583492787686 __DUMMY__ 0.007419011430905916	false	1.0
steuerhinterziehung	neg 1.0		neg 0.5511338418276742 off 0.44149138338727334 __DUMMY__ 0.007374774785052313	false	1.0
schock	neg 1.0		neg 0.5471777714747714 off 0.4453313619729052 __DUMMY__ 0.00749086655232347	false	1.0
beule	neg 1.0		neg 0.5398986452452773 off 0.45265009563535746 __DUMMY__ 0.007451259119365167	false	1.0
vergelten	neg 1.0		neg 0.5387583458312966 off 0.45388052516721106 __DUMMY__ 0.007361129001492271	false	1.0
verdorbenheit	neg 1.0		neg 0.5442014272713197 off 0.4483277240301378 __DUMMY__ 0.007470848698542496	false	1.0
trauma	neg 1.0		neg 0.5458518018015733 off 0.44672014085903294 __DUMMY__ 0.0074280573393936825	false	1.0
sinnlos	neg 1.0		neg 0.5454616667709796 off 0.4471070518397204 __DUMMY__ 0.007431281389300047	false	1.0
fettsack	off 1.0	off 1.0	off 0.7114932360180517 neg 0.2849790332612824 __DUMMY__ 0.0035277307206658475	false	1.0
feige	off 1.0		neg 0.545427122762332 off 0.44719058985245197 __DUMMY__ 0.007382287385215875	false	0.5
abdanken	neg 1.0		neg 0.552942908315208 off 0.43972113009516334 __DUMMY__ 0.007335961589628758	false	1.0
wichtigtuer	off 1.0	off 1.0	off 0.7058612425083253 neg 0.29060133955422124 __DUMMY__ 0.0035374179374534904	false	1.0
misslingen	neg 1.0		neg 0.5439906788346133 off 0.4485482875501203 __DUMMY__ 0.007461033615266448	false	1.0
untreu	off 1.0		neg 0.5424462845309179 off 0.4501389692872323 __DUMMY__ 0.007414746181849909	false	0.5
missmutig	neg 1.0		neg 0.5427720172028967 off 0.4497832332448919 __DUMMY__ 0.0074447495522114784	false	1.0
hurenbock	off 1.0		neg 0.5433190566047573 off 0.4491982653177137 __DUMMY__ 0.007482678077529169	false	0.5
betrunken	neg 1.0		neg 0.5396361103342564 off 0.4529295995345167 __DUMMY__ 0.007434290131226847	false	1.0
korrupt	off 1.0		neg 0.5536476453979965 off 0.43899159275728483 __DUMMY__ 0.007360761844718781	false	0.5
unmut	neg 1.0		neg 0.5547446366367087 off 0.4378095770104675 __DUMMY__ 0.0074457863528238615	false	1.0
hackfresse	off 1.0		neg 0.5357319969720821 off 0.4568892009196243 __DUMMY__ 0.007378802108293702	false	0.5
aufblasen	neg 1.0		neg 0.54461346097806 off 0.44791800309980545 __DUMMY__ 0.007468535922134531	false	1.0
gewaltsam	neg 1.0		neg 0.5485462967387591 off 0.44407118818046176 __DUMMY__ 0.00738251508077923	false	1.0
unbeliebtheit	neg 1.0		neg 0.5453695531272433 off 0.4473235791102057 __DUMMY__ 0.007306867762551017	false	1.0
sturheit	neg 1.0		neg 0.5511059906455492 off 0.44149859256293755 __DUMMY__ 0.007395416791513264	false	1.0
kuh	neg 1.0		neg 0.5457869055016896 off 0.4467919650313466 __DUMMY__ 0.007421129466963877	false	1.0
erschrecken	neg 1.0		neg 0.5434145577571358 off 0.4491462366267294 __DUMMY__ 0.0074392056161349	false	1.0
opfer	neg 1.0	neg 1.0	neg 0.7629998013199916 off 0.23344135782886513 __DUMMY__ 0.0035588408511433105	false	1.0
sinken	neg 1.0		neg 0.5533038198871195 off 0.4392419598662761 __DUMMY__ 0.007454220246604513	false	1.0
stinktier	neg 1.0		neg 0.5390866380789274 off 0.45353446928302577 __DUMMY__ 0.007378892638046857	false	1.0
tucke	off 1.0		neg 0.5339686869229816 off 0.4586338534951824 __DUMMY__ 0.007397459581836077	false	0.5
ein			neg 0.5441873150414658 off 0.4483175932990698 __DUMMY__ 0.00749509165946448	false	0.0
abstieg	neg 1.0		neg 0.5512098973113752 off 0.44138845036471747 __DUMMY__ 0.00740165232390743	false	1.0
missverstehen	neg 1.0		neg 0.5473127585426311 off 0.44529203806297 __DUMMY__ 0.007395203394398895	false	1.0
ergebnislos	neg 1.0		neg 0.55100153092466 off 0.44158006336334693 __DUMMY__ 0.0074184057119932156	false	1.0
unter			neg 0.5547065783921967 off 0.4377400770274687 __DUMMY__ 0.007553344580334565	false	0.0
manipulieren	neg 1.0		neg 0.5525763635962948 off 0.43998508554342386 __DUMMY__ 0.007438550860281267	false	1.0
unbewiesen	neg 1.0		neg 0.5517264551243284 off 0.4409376311195095 __DUMMY__ 0.007335913756162038	false	1.0
verschleppen	neg 1.0		neg 0.5517851147717789 off 0.44080750430503685 __DUMMY__ 0.007407380923184185	false	1.0
weib	off 1.0		neg 0.5347155893135818 off 0.45791911723787787 __DUMMY__ 0.007365293448540352	false	0.5
opposition	neg 1.0		neg 0.5483657079530411 off 0.4442683635295411 __DUMMY__ 0.007365928517417718	false	1.0
verkehrswidrig	neg 1.0		neg 0.5356845261569593 off 0.45689318429486453 __DUMMY__ 0.007422289548176257	false	1.0
inkorrekt	neg 1.0		neg 0.5454166542515981 off 0.44724316134839814 __DUMMY__ 0.00734018440000384	false	1.0
vermeiden	neg 1.0		neg 0.5531818304522508 off 0.43929626812234496 __DUMMY__ 0.0075219014254043195	false	1.0
abweichung	neg 1.0		neg 0.5522113717544255 off 0.4403998424926021 __DUMMY__ 0.007388785752972387	false	1.0
alkoholisiert	neg 1.0		neg 0.5478134945933846 off 0.4447074596565561 __DUMMY__ 0.007479045750059232	false	1.0
scheiss	off 1.0	off 1.0	off 0.7099510978753613 neg 0.2864904166339164 __DUMMY__ 0.003558485490722378	false	1.0
herausforderung	neg 1.0		neg 0.5464428338481799 off 0.44603626804426916 __DUMMY__ 0.007520898107550814	false	1.0
pervers	off 1.0		neg 0.5319941039051042 off 0.460652091069422 __DUMMY__ 0.0073538050254738346	false	0.5
wackelig	neg 1.0		neg 0.5466128091559503 off 0.445869109012076 __DUMMY__ 0.007518081831973551	false	1.0
verwickeln	neg 1.0		neg 0.5468337319307872 off 0.4457537260020771 __DUMMY__ 0.007412542067135749	false	1.0
vorwand	neg 1.0		neg 0.5545977894248687 off 0.4379736059127569 __DUMMY__ 0.0074286046623742615	false	1.0
muschi	off 1.0		neg 0.5488720582748979 off 0.44373146987272916 __DUMMY__ 0.007396471852372921	false	0.5
entmutigung	neg 1.0		neg 0.5509000466169668 off 0.44180423994076584 __DUMMY__ 0.00729571344226751	false	1.0
unangemessen	neg 1.0		neg 0.5524928873584082 off 0.44011322829264166 __DUMMY__ 0.007393884348950138	false	1.0
unstetig	neg 1.0		neg 0.5438821390895944 off 0.4487074935603667 __DUMMY__ 0.007410367350038851	false	1.0
entmutigen	neg 1.0		neg 0.5460776242833744 off 0.44647785155688374 __DUMMY__ 0.007444524159741921	false	1.0
schwanz	neg 1.0		neg 0.5496262677364101 off 0.44293883489358127 __DUMMY__ 0.007434897370008487	false	1.0
verbot	neg 1.0		neg 0.5521366785962211 off 0.4404866495411039 __DUMMY__ 0.00737667186267498	false	1.0
leid	neg 1.0		neg 0.5372642393698928 off 0.45534295167197264 __DUMMY__ 0.007392808958134551	false	1.0
archaisch	neg 1.0		neg 0.5514583810053996 off 0.44113943878962025 __DUMMY__ 0.007402180204980062	false	1.0
gegen			neg 0.5547879279277476 off 0.43779853047456535 __DUMMY__ 0.0074135415976870804	false	0.0
scheidung	neg 1.0	neg 1.0	neg 0.7466720829434103 off 0.24979697711472615 __DUMMY__ 0.0035309399418635527	false	1.0
einschlag	neg 1.0		neg 0.5389622509539338 off 0.45366510715259034 __DUMMY__ 0.007372641893476028	false	1.0
m			neg 0.5476047890800012 off 0.4449279112145168 __DUMMY__ 0.007467299705481939	false	0.0
abgestanden	neg 1.0		neg 0.5449815736701087 off 0.44753666267192765 __DUMMY__ 0.007481763657963566	false	1.0
schmierig	off 1.0		neg 0.5378253465678877 off 0.4547648368078599 __DUMMY__ 0.007409816624252329	false	0.5
unpraktisch	neg 1.0		neg 0.5441141371642446 off 0.44840728720159767 __DUMMY__ 0.007478575634157794	false	1.0
wixxer	off 1.0		neg 0.5327275809330966 off 0.4599389823614816 __DUMMY__ 0.007333436705421821	false	0.5
bezeichnet			neg 0.5503218704856475 off 0.4422782287750336 __DUMMY__ 0.007399900739318987	false	0.0
jammerlappen	off 1.0		neg 0.5434232820536855 off 0.44916108580427166 __DUMMY__ 0.007415632142042786	false	0.5
farce	neg 1.0		neg 0.5537359120771674 off 0.43893163692413856 __DUMMY__ 0.007332450998693998	false	1.0
zwecklos	neg 1.0		neg 0.5520686791536563 off 0.4405198981797501 __DUMMY__ 0.007411422666593582	false	1.0
turbulent	neg 1.0		neg 0.5399269812601796 off 0.4526905176076162 __DUMMY__ 0.007382501132204279	false	1.0
invasion	neg 1.0		neg 0.5430515547132505 off 0.449498433701643 __DUMMY__ 0.007450011585106509	false	1.0
schuld	neg 1.0		neg 0.5475088732762156 off 0.44506925555285853 __DUMMY__ 0.007421871170925954	false	1.0
risiko	neg 1.0		neg 0.5414116514933554 off 0.45111159063771844 __DUMMY__ 0.007476757868926111	false	1.0
finster	neg 1.0		neg 0.5446088228314484 off 0.4479050743042215 __DUMMY__ 0.007486102864330103	false	1.0
geisteskrank	off 1.0		neg 0.5439863360090762 off 0.44865260691144976 __DUMMY__ 0.0073610570794740565	false	0.5
zusammenbrechen	neg 1.0		neg 0.5481244397313577 off 0.4444099542505513 __DUMMY__ 0.007465606018091119	false	1.0
ausbeute	neg 1.0		neg 0.5483010933981357 off 0.4442130417760266 __DUMMY__ 0.007485864825837659	false	1.0
hinterhalt	neg 1.0		neg 0.5471332047775885 off 0.4454519637587347 __DUMMY__ 0.0074148314636769685	false	1.0
kritik	neg 1.0		neg 0.5528448670496402 off 0.43980340463036477 __DUMMY__ 0.007351728319995007	false	1.0
einschrumpfen	neg 1.0		neg 0.546238405558712 off 0.4464019949586577 __DUMMY__ 0.007359599482630366	false	1.0
riskant	neg 1.0		neg 0.551545758699103 off 0.4410027420308503 __DUMMY__ 0.0074514992700465766	false	1.0
frustrieren	neg 1.0		neg 0.5521914293186285 off 0.44036918663986174 __DUMMY__ 0.007439384041509737	false	1.0
groll	neg 1.0		neg 0.5517526873859304 off 0.44083396342753667 __DUMMY__ 0.007413349186533011	false	1.0
gibt			neg 0.5496041143833162 off 0.4429507376930444 __DUMMY__ 0.007445147923639277	false	0.0
qualvoll	neg 1.0		neg 0.544479663681409 off 0.4480752234061049 __DUMMY__ 0.0074451129124861026	false	1.0
wackeln	neg 1.0		neg 0.5444464916308429 off 0.4480662378993974 __DUMMY__ 0.007487270469759652	false	1.0
klagen	neg 1.0		neg 0.5548674556258714 off 0.4377088836911221 __DUMMY__ 0.0074236606830065666	false	1.0
bankrott	neg 1.0		neg 0.5415829635310642 off 0.45097701735740786 __DUMMY__ 0.007440019111527901	false	1.0
trauern	neg 1.0		neg 0.5521629742281599 off 0.4404026672742588 __DUMMY__ 0.0074343584975813115	false	1.0
ablehnung	neg 1.0	neg 1.0	neg 0.7630961504169951 off 0.23337963972523235 __DUMMY__ 0.0035242098577725903	false	1.0
stur	neg 1.0		neg 0.5468092157942094 off 0.4457642258349819 __DUMMY__ 0.0074265583708086605	false	1.0
aufruhr	neg 1.0		neg 0.5499658461432889 off 0.44266641031585263 __DUMMY__ 0.007367743540858311	false	1.0
melancholie	neg 1.0		neg 0.5477940446834932 off 0.4447149845012767 __DUMMY__ 0.007490970815230111	false	1.0
ist			neg 0.5465650361390874 off 0.44600917621008435 __DUMMY__ 0.007425787650828352	false	0.0
torheit	neg 1.0		neg 0.5509441830107631 off 0.44171975146016074 __DUMMY__ 0.007336065529076294	false	1.0
dreckskind	off 1.0		neg 0.5391384182610447 off 0.453532263835126 __DUMMY__ 0.0073293179038291445	false	0.5
umtauschen	neg 1.0		neg 0.5460237038701475 off 0.446499111338899 __DUMMY__ 0.007477184790953475	false	1.0
zum			neg 0.5511447182090944 off 0.4413021355798494 __DUMMY__ 0.007553146211056144	false	0.0
zersetzen	neg 1.0		neg 0.5535607970005416 off 0.4390072159673406 __DUMMY__ 0.007431987032117999	false	1.0
zur			neg 0.5556304938814411 off 0.4369030427922043 __DUMMY__ 0.007466463326354562	false	0.0
frust	neg 1.0		neg 0.5492072833761045 off 0.44334191468354256 __DUMMY__ 0.007450801940352876	false	1.0
unerbittlichkeit	neg 1.0		neg 0.5530653148429123 off 0.43951356618330667 __DUMMY__ 0.007421118973780986	false	1.0
zwei			neg 0.5506967580183484 off 0.4417816878642878 __DUMMY__ 0.007521554117363935	false	0.0
unkorrekt	neg 1.0		neg 0.5442066119708159 off 0.4484468122616635 __DUMMY__ 0.007346575767520604	false	1.0
hexe	off 1.0		neg 0.5418025602635288 off 0.4507726663853804 __DUMMY__ 0.007424773351090911	false	0.5
lasch	neg 1.0		neg 0.5463721348130527 off 0.4462421234612469 __DUMMY__ 0.007385741725700382	false	1.0
rivale	neg 1.0		neg 0.5389505523648617 off 0.4536653271561549 __DUMMY__ 0.007384120478983482	false	1.0
mutlos	off 1.0	off 1.0	off 0.7030321094398251 neg 0.29342485627562237 __DUMMY__ 0.0035430342845526137	false	1.0
wirr	off 1.0		neg 0.541648045777721 off 0.45099451247352146 __DUMMY__ 0.007357441748757637	false	0.5
jahr			neg 0.548441508019219 off 0.444048544832173 __DUMMY__ 0.007509947148607917	false	0.0
wird			neg 0.5509441397934904 off 0.4416070910206493 __DUMMY__ 0.007448769185860274	false	0.0
strafbar	neg 1.0		neg 0.5541167465369846 off 0.4384914922578859 __DUMMY__ 0.007391761205129569	false	1.0
erosion	neg 1.0		neg 0.5445965782276703 off 0.4479448488076443 __DUMMY__ 0.007458572964685413	false	1.0
eingehen	neg 1.0		neg 0.5519728048281888 off 0.44060543582294454 __DUMMY__ 0.007421759348866636	false	1.0
faul	off 1.0		neg 0.5409195518740743 off 0.45161121845218705 __DUMMY__ 0.007469229673738746	false	0.5
provisorium	neg 1.0		neg 0.5564691918116917 off 0.43600176350952885 __DUMMY__ 0.007529044678779277	false	1.0
schmerzen	neg 1.0		neg 0.5474961613118928 off 0.4450374199069969 __DUMMY__ 0.007466418781110099	false	1.0
schrumpfen	neg 1.0		neg 0.5554208576674909 off 0.43709987489062807 __DUMMY__ 0.007479267441880934	false	1.0
geistlos	off 1.0		neg 0.5492516411332139 off 0.44341590458693175 __DUMMY__ 0.007332454279854426	false	0.5
fehlkauf	neg 1.0		neg 0.5458848650939174 off 0.4467170630135578 __DUMMY__ 0.007398071892524658	false	1.0
frustrierend	neg 1.0		neg 0.5434199957859974 off 0.4491398921439447 __DUMMY__ 0.007440112070057874	false	1.0
unzufrieden	neg 1.0		neg 0.550829987004697 off 0.44173508416399326 __DUMMY__ 0.007434928831309781	false	1.0
verzweifeln	neg 1.0		neg 0.5478532806217854 off 0.44469397248867715 __DUMMY__ 0.007452746889537308	false	1.0
verzweifelt	neg 1.0		neg 0.5467880545462016 off 0.4457826857577177 __DUMMY__ 0.00742925969608075	false	1.0
misstrauensantrag	neg 1.0		neg 0.5458365681755781 off 0.4467675484453571 __DUMMY__ 0.007395883379064654	false	1.0
abfallen	neg 1.0		neg 0.5436536171406817 off 0.4488474162172521 __DUMMY__ 0.007498966642066098	false	1.0
fucker	off 1.0		neg 0.5408456636003718 off 0.45177376954041626 __DUMMY__ 0.007380566859212008	false	0.5
ungezogen	neg 1.0		neg 0.5337331244050375 off 0.45888674714755284 __DUMMY__ 0.007380128447409653	false	1.0
irrsinnig	neg 1.0	neg 1.0	neg 0.7607401529609845 off 0.23570962521762284 __DUMMY__ 0.0035502218213926324	false	1.0
unfassbar	neg 1.0		neg 0.5427781852270696 off 0.4498064780137929 __DUMMY__ 0.00741533675913767	false	1.0
hart	neg 1.0		neg 0.542917963766192 off 0.44968315616325616 __DUMMY__ 0.007398880070551822	false	1.0
widerlich	off 1.0		neg 0.5430539440510622 off 0.4495576721769129 __DUMMY__ 0.00738838377202476	false	0.5
fatal	neg 1.0		neg 0.5453559630347001 off 0.4472326563871071 __DUMMY__ 0.007411380578192745	false	1.0
bruch	neg 1.0		neg 0.5563672002113971 off 0.4362282915244607 __DUMMY__ 0.007404508264142287	false	1.0
aushungern	neg 1.0		neg 0.5507188304262617 off 0.44191768024445793 __DUMMY__ 0.007363489329280531	false	1.0
anspannung	neg 1.0		neg 0.5527225851044362 off 0.4397768322369201 __DUMMY__ 0.00750058265864368	false	1.0
von			neg 0.5502067043536296 off 0.44229492335841153 __DUMMY__ 0.007498372287958752	false	0.0
kraftlos	neg 1.0		neg 0.5478405137643724 off 0.4446570705423025 __DUMMY__ 0.007502415693325034	false	1.0
vom			neg 0.554531032843574 off 0.4379288357946927 __DUMMY__ 0.007540131361733302	false	0.0
grenzdebil	off 1.0		neg 0.5409037437082171 off 0.4516702006450392 __DUMMY__ 0.0074260556467436985	false	0.5
vor			neg 0.5524018304767764 off 0.4401151454642714 __DUMMY__ 0.0074830240589523625	false	0.0
unterwerfen	neg 1.0		neg 0.5527772001281109 off 0.43980894542352605 __DUMMY__ 0.00741385444836294	false	1.0
versenkung	neg 1.0		neg 0.5520607018137531 off 0.44049889501305833 __DUMMY__ 0.007440403173188435	false	1.0
entziehen	neg 1.0		neg 0.554875133473135 off 0.43768862286026156 __DUMMY__ 0.007436243666603331	false	1.0
finanzkrise	neg 1.0		neg 0.5507468790999754 off 0.44188569559199287 __DUMMY__ 0.007367425308031721	false	1.0
schimpfend	neg 1.0		neg 0.5422351089570708 off 0.45025758430524265 __DUMMY__ 0.007507306737686633	false	1.0
profan	neg 1.0		neg 0.5454336180284867 off 0.4471345712602309 __DUMMY__ 0.007431810711282525	false	1.0
korruption	neg 1.0		neg 0.5529530167268035 off 0.4396764547235357 __DUMMY__ 0.0073705285496606585	false	1.0
â			neg 0.5490005133275228 off 0.4435386556499944 __DUMMY__ 0.007460831022482859	false	0.0
schmutzig	neg 1.0		neg 0.5401815412249142 off 0.4523643697466856 __DUMMY__ 0.007454089028400195	false	1.0
sexy	neg 1.0		neg 0.543019148192405 off 0.44955494019904446 __DUMMY__ 0.007425911608550458	false	1.0
abraten	neg 1.0		neg 0.5453978265981017 off 0.44714890985273364 __DUMMY__ 0.007453263549164806	false	1.0
schwarz	neg 1.0		neg 0.5459104578336778 off 0.4466689711726504 __DUMMY__ 0.007420570993671933	false	1.0
fotze	off 1.0		neg 0.5505598372259357 off 0.4420336376173001 __DUMMY__ 0.007406525156764201	false	0.5
verwirren	neg 1.0		neg 0.5446514831522974 off 0.4479200283642747 __DUMMY__ 0.0074284884834277575	false	1.0
zahnlos	off 1.0		neg 0.5518547122799347 off 0.44073783953139234 __DUMMY__ 0.007407448188673099	false	0.5
verheeren	neg 1.0		neg 0.533163964032265 off 0.4594994070432265 __DUMMY__ 0.007336628924508529	false	1.0
hippie	neg 1.0		neg 0.5436385562452473 off 0.4489424163704501 __DUMMY__ 0.0074190273843025515	false	1.0
rammen	neg 1.0		neg 0.5432203905558542 off 0.44933087247512565 __DUMMY__ 0.007448736969020077	false	1.0
unlauter	neg 1.0	neg 1.0	neg 0.7595869557373938 off 0.23686737236873362 __DUMMY__ 0.003545671893872553	false	1.0
unheilvoll	neg 1.0		neg 0.5447299493708073 off 0.4478228669094986 __DUMMY__ 0.00744718371969389	false	1.0
niedrig	neg 1.0		neg 0.5498031255097194 off 0.44274891120373844 __DUMMY__ 0.0074479632865421825	false	1.0
explosion	neg 1.0		neg 0.5431826301967433 off 0.449377222016626 __DUMMY__ 0.007440147786630702	false	1.0
weichei	off 1.0		neg 0.5368654501491859 off 0.455751100942146 __DUMMY__ 0.007383448908668243	false	0.5
minusmensch	off 1.0		neg 0.5359747370011017 off 0.45673600325850666 __DUMMY__ 0.007289259740391568	false	0.5
farblos	neg 1.0		neg 0.5465477163266929 off 0.44602767993113307 __DUMMY__ 0.00742460374217397	false	1.0
unwissend	neg 1.0	neg 1.0	neg 0.7584049947351023 off 0.2380531836111524 __DUMMY__ 0.0035418216537453574	false	1.0
traurig	neg 1.0		neg 0.5391501254622298 off 0.4534295378409566 __DUMMY__ 0.007420336696813626	false	1.0
senkung	neg 1.0		neg 0.544051634641074 off 0.4485273030798421 __DUMMY__ 0.007421062279083696	false	1.0
ungleich	neg 1.0	neg 1.0	neg 0.7633173954991461 off 0.2331301470568977 __DUMMY__ 0.0035524574439561103	false	1.0
heikel	neg 1.0		neg 0.5532230037772412 off 0.4393368126826488 __DUMMY__ 0.007440183540110051	false	1.0
drosselung	neg 1.0		neg 0.5382678763562265 off 0.4543059026066747 __DUMMY__ 0.007426221037098861	false	1.0
falsch	neg 1.0		neg 0.5436570882268712 off 0.4489194805895606 __DUMMY__ 0.007423431183568119	false	1.0
unzufriedenheit	neg 1.0		neg 0.5537326746740943 off 0.43883371806652505 __DUMMY__ 0.0074336072593807175	false	1.0
kurz	neg 1.0		neg 0.5469859664022109 off 0.4455219877045793 __DUMMY__ 0.007492045893209778	false	1.0
unsinnig	neg 1.0		neg 0.5507077504426898 off 0.44186677247453504 __DUMMY__ 0.0074254770827751814	false	1.0
penner	off 1.0	off 1.0	off 0.7127580909844127 neg 0.28370759167554227 __DUMMY__ 0.0035343173400451114	false	1.0
seicht	neg 1.0		neg 0.5363364777409042 off 0.45632811322668987 __DUMMY__ 0.007335409032405961	false	1.0
dummheit	off 1.0	off 1.0	off 0.7063880773781281 neg 0.29007338978653063 __DUMMY__ 0.003538532835341223	false	1.0
unerfreulich	neg 1.0		neg 0.5526709636387448 off 0.43986477193657836 __DUMMY__ 0.007464264424677	false	1.0
motherfucker	off 1.0	off 1.0	off 0.7097331069058902 neg 0.28673201717908925 __DUMMY__ 0.0035348759150205427	false	1.0
pikiert	neg 1.0		neg 0.5444898310114774 off 0.4481197275772498 __DUMMY__ 0.0073904414112727435	false	1.0
wrack	neg 1.0		neg 0.5491812099243225 off 0.4433684443865767 __DUMMY__ 0.007450345689100617	false	1.0
gangster	neg 1.0		neg 0.5444100507853665 off 0.4481676296132159 __DUMMY__ 0.007422319601417704	false	1.0
krank	neg 1.0		neg 0.5395704704840025 off 0.45297533985212907 __DUMMY__ 0.00745418966386843	false	1.0
reich	neg 1.0		neg 0.546518332073867 off 0.4461697494136234 __DUMMY__ 0.0073119185125095874	false	1.0
gnadenlos	neg 1.0		neg 0.5470233278266834 off 0.4455481140432199 __DUMMY__ 0.007428558130096679	false	1.0
niedergeschlagen	neg 1.0		neg 0.5484024681658975 off 0.4441399192480044 __DUMMY__ 0.007457612586098042	false	1.0
terrorisieren	off 1.0	off 1.0	off 0.7035588416032831 neg 0.29288058633565367 __DUMMY__ 0.003560572061063136	false	1.0
sinnlosigkeit	neg 1.0		neg 0.5514324556617167 off 0.44115298964799976 __DUMMY__ 0.0074145546902835225	false	1.0
behindern	neg 1.0		neg 0.5465893509185706 off 0.44595064812628454 __DUMMY__ 0.007460000955144792	false	1.0
undemokratisch	neg 1.0		neg 0.5495990036582593 off 0.4430461274276118 __DUMMY__ 0.007354868914128921	false	1.0
wirtschaftskrise	neg 1.0		neg 0.5519243628622815 off 0.44068340971425685 __DUMMY__ 0.007392227423461625	false	1.0
neid	neg 1.0		neg 0.5427137680131084 off 0.44983270879383513 __DUMMY__ 0.007453523193056574	false	1.0
rutschen	neg 1.0		neg 0.5505790864973474 off 0.4418604481451932 __DUMMY__ 0.007560465357459256	false	1.0
rezession	neg 1.0		neg 0.540026314682384 off 0.4526274364016704 __DUMMY__ 0.007346248915945552	false	1.0
fehlgeburt	neg 1.0		neg 0.5481591640045402 off 0.4444338037720606 __DUMMY__ 0.0074070322233991326	false	1.0
charakterschwach	off 1.0		neg 0.5430815796803975 off 0.4495266650081052 __DUMMY__ 0.0073917553114972575	false	0.5
isolation	neg 1.0		neg 0.5419972469278571 off 0.45058040823271706 __DUMMY__ 0.007422344839425858	false	1.0
ablenkung	neg 1.0		neg 0.5464497629386862 off 0.4460928737206718 __DUMMY__ 0.0074573633406419555	false	1.0
pech	neg 1.0		neg 0.5433066013400675 off 0.4492471109941345 __DUMMY__ 0.007446287665797927	false	1.0
vermeidung	neg 1.0		neg 0.5389883882909002 off 0.4535704021294943 __DUMMY__ 0.007441209579605705	false	1.0
dominieren	neg 1.0		neg 0.5488598776283885 off 0.4437034843628578 __DUMMY__ 0.0074366380087536295	false	1.0
schwindlig	neg 1.0		neg 0.5423351260231346 off 0.4501882368781717 __DUMMY__ 0.007476637098693724	false	1.0
lutscher	neg 1.0		neg 0.5346297078327232 off 0.4580233566708949 __DUMMY__ 0.007346935496381871	false	1.0
pflicht	neg 1.0		neg 0.5538493834598688 off 0.43871828302333166 __DUMMY__ 0.007432333516799406	false	1.0
faschist	off 1.0		neg 0.549509102406797 off 0.4431557711872585 __DUMMY__ 0.007335126405944607	false	0.5
verschleudern	neg 1.0		neg 0.5521854164706785 off 0.4404133083716455 __DUMMY__ 0.0074012751576761305	false	1.0
wenn			neg 0.5437212805538119 off 0.4488552595449684 __DUMMY__ 0.007423459901219629	false	0.0
ehebruch	neg 1.0		neg 0.5532342390598132 off 0.4393707112979465 __DUMMY__ 0.007395049642240363	false	1.0
spott	off 1.0		neg 0.553398913506974 off 0.43919486647802003 __DUMMY__ 0.007406220015006007	false	0.5
trostlosigkeit	neg 1.0		neg 0.5560526608550735 off 0.43656739965647057 __DUMMY__ 0.007379939488455861	false	1.0
lutschen	neg 1.0		neg 0.5440190156486515 off 0.4485916131765866 __DUMMY__ 0.007389371174761764	false	1.0
undiszipliniert	neg 1.0		neg 0.540027557175593 off 0.4525570844076721 __DUMMY__ 0.0074153584167349525	false	1.0
kopfschmerz	neg 1.0		neg 0.5470199457990503 off 0.44552168855223917 __DUMMY__ 0.007458365648710595	false	1.0
unvorhergesehen	neg 1.0		neg 0.545721037671064 off 0.44675996170582666 __DUMMY__ 0.007519000623109306	false	1.0
desinteressiert	neg 1.0		neg 0.5413725072615095 off 0.4512316286420903 __DUMMY__ 0.00739586409640018	false	1.0
armselig	off 1.0		neg 0.5409949462179524 off 0.45162530976448984 __DUMMY__ 0.007379744017557702	false	0.5
desaster	neg 1.0		neg 0.5567803635481162 off 0.4358148010087252 __DUMMY__ 0.007404835443158514	false	1.0
tod	neg 1.0		neg 0.5543999118484236 off 0.43822750018398043 __DUMMY__ 0.007372587967595922	false	1.0
herzlos	neg 1.0		neg 0.5388072063880134 off 0.4537822011584516 __DUMMY__ 0.007410592453535046	false	1.0
unwissenheit	neg 1.0		neg 0.5520214844128454 off 0.4405758277808938 __DUMMY__ 0.007402687806260699	false	1.0
widersinnig	neg 1.0		neg 0.5526920025330142 off 0.43995061323552903 __DUMMY__ 0.007357384231456857	false	1.0
bedenklich	neg 1.0		neg 0.5524240510276868 off 0.44014401263229047 __DUMMY__ 0.007431936340022752	false	1.0
beanstanden	neg 1.0		neg 0.5538493752038514 off 0.4387105471272738 __DUMMY__ 0.007440077668874747	false	1.0
panisch	neg 1.0	neg 1.0	neg 0.7576831808469187 off 0.2387199401997948 __DUMMY__ 0.0035968789532867074	false	1.0
debil	off 1.0		neg 0.5558989435729256 off 0.4366399647838998 __DUMMY__ 0.007461091643174567	false	0.5
abstrich	neg 1.0		neg 0.5431847399248092 off 0.44930600227136364 __DUMMY__ 0.007509257803827147	false	1.0
primitiv	neg 1.0		neg 0.5424433907181678 off 0.450169732574304 __DUMMY__ 0.007386876707528069	false	1.0
abschaum	off 1.0	off 1.0	off 0.7074418906263024 neg 0.28902945134932695 __DUMMY__ 0.0035286580243707347	false	1.0
provozieren	neg 1.0		neg 0.549047531423454 off 0.44355135400525336 __DUMMY__ 0.007401114571292618	false	1.0
tot	neg 1.0		neg 0.5499307954144895 off 0.44266358661328625 __DUMMY__ 0.007405617972224128	false	1.0
instabil	neg 1.0		neg 0.5399058639976025 off 0.45272711474649124 __DUMMY__ 0.007367021255906227	false	1.0
schwuchtel	off 1.0		neg 0.5311926319204725 off 0.4615175930233364 __DUMMY__ 0.007289775056191132	false	0.5
zerren	neg 1.0		neg 0.5488394522422921 off 0.4437069295727274 __DUMMY__ 0.007453618184980421	false	1.0
kinderficker	off 1.0		neg 0.5401749394704506 off 0.4524830814484872 __DUMMY__ 0.007341979081062186	false	0.5
gefahr	neg 1.0		neg 0.5526528469739723 off 0.4399353719622112 __DUMMY__ 0.007411781063816538	false	1.0
rabiat	neg 1.0		neg 0.5480929607734204 off 0.44447876031751704 __DUMMY__ 0.007428278909062682	false	1.0
verlangsamung	neg 1.0		neg 0.5356812407741463 off 0.4569665371448113 __DUMMY__ 0.007352222081042472	false	1.0
ausgestorben	neg 1.0		neg 0.5490997501101101 off 0.4434547730437255 __DUMMY__ 0.007445476846164302	false	1.0
anklagen	neg 1.0		neg 0.5499854592689276 off 0.4426190273774673 __DUMMY__ 0.007395513353605083	false	1.0
trott	neg 1.0		neg 0.546855950166917 off 0.4456934785244207 __DUMMY__ 0.007450571308662229	false	1.0
verminderung	neg 1.0		neg 0.5397621474454446 off 0.45283193018003026 __DUMMY__ 0.007405922374525018	false	1.0
nach			neg 0.5522122848853346 off 0.4402561348347549 __DUMMY__ 0.007531580279910719	false	0.0
rost	neg 1.0		neg 0.5356568955601424 off 0.4569929794445404 __DUMMY__ 0.007350124995317122	false	1.0
destruktiv	neg 1.0		neg 0.55100431787539 off 0.4416064170299655 __DUMMY__ 0.007389265094644514	false	1.0
unzumutbarkeit	neg 1.0		neg 0.5392363114737089 off 0.45332990220979724 __DUMMY__ 0.007433786316493936	false	1.0
labil	off 1.0	off 1.0	off 0.7085676677581851 neg 0.28789492706128195 __DUMMY__ 0.003537405180532982	false	1.0
ziemlich	neg 1.0		neg 0.5415927944420982 off 0.4509830551642911 __DUMMY__ 0.0074241503936107915	false	1.0
lachnummer	off 1.0		neg 0.5507820150507342 off 0.441824125344787 __DUMMY__ 0.007393859604478891	false	0.5
oder			neg 0.54612696489561 off 0.44640252985915685 __DUMMY__ 0.007470505245233081	false	0.0
verfall	neg 1.0		neg 0.5568076304239254 off 0.43574077941781925 __DUMMY__ 0.007451590158255322	false	1.0
ausgrenzung	neg 1.0		neg 0.5487372763331216 off 0.44390723174631685 __DUMMY__ 0.007355491920561499	false	1.0
unordnung	neg 1.0		neg 0.5399169037030147 off 0.45272960285425345 __DUMMY__ 0.007353493442731778	false	1.0
fehlverhalten	neg 1.0		neg 0.5537344156263795 off 0.4388589274179199 __DUMMY__ 0.0074066569557006525	false	1.0
eine			neg 0.5524752065471727 off 0.4400513770140087 __DUMMY__ 0.007473416438818613	false	0.0
nille	neg 1.0		neg 0.5495687889383509 off 0.44304318949541815 __DUMMY__ 0.00738802156623077	false	1.0
qual	neg 1.0		neg 0.5471928340016686 off 0.44536147591788966 __DUMMY__ 0.007445690080441739	false	1.0
verschwenden	neg 1.0		neg 0.5514082722446956 off 0.44114326433509954 __DUMMY__ 0.007448463420204781	false	1.0
riesig	neg 1.0		neg 0.5473359103725295 off 0.4452063598353779 __DUMMY__ 0.007457729792092585	false	1.0
verurteilen	neg 1.0		neg 0.5524251836634697 off 0.44018472517412505 __DUMMY__ 0.007390091162405263	false	1.0
klischee	neg 1.0	neg 1.0	neg 0.7596614625655124 off 0.23680187982158762 __DUMMY__ 0.0035366576128999954	false	1.0
diktatorisch	neg 1.0		neg 0.5508092869685395 off 0.4418582999071471 __DUMMY__ 0.007332413124313515	false	1.0
vorhersehbar	neg 1.0		neg 0.547116280255281 off 0.4454888114891986 __DUMMY__ 0.007394908255520308	false	1.0
sowie			neg 0.5381531675803688 off 0.45450443187248885 __DUMMY__ 0.007342400547142463	false	0.0
stornieren	neg 1.0		neg 0.5430159406007394 off 0.44952309601162477 __DUMMY__ 0.007460963387635803	false	1.0
besteuerung	neg 1.0		neg 0.5464033359945992 off 0.44617841094128924 __DUMMY__ 0.007418253064111409	false	1.0
ungeschminkt	neg 1.0		neg 0.5408417492396101 off 0.4517398938000374 __DUMMY__ 0.007418356960352459	false	1.0
kritisch	neg 1.0		neg 0.5530412228428108 off 0.4395469845059032 __DUMMY__ 0.0074117926512859604	false	1.0
schlamperei	off 1.0		neg 0.5524673407785887 off 0.4401264584654535 __DUMMY__ 0.007406200755957638	false	0.5
sucht	neg 1.0	neg 1.0	neg 0.7571525651254675 off 0.23925385966525253 __DUMMY__ 0.0035935752092800173	false	1.0
egoistisch	off 1.0		neg 0.537340487022 off 0.45527914300647254 __DUMMY__ 0.007380369971527602	false	0.5
ausbeuter	off 1.0		neg 0.5544675896469575 off 0.43813326442943973 __DUMMY__ 0.007399145923602887	false	0.5
arschgeburt	off 1.0		neg 0.531333140284865 off 0.4613764557995274 __DUMMY__ 0.007290403915607508	false	0.5
schubs	neg 1.0	neg 1.0	neg 0.7604556429164143 off 0.23594964539043783 __DUMMY__ 0.003594711693147879	false	1.0
unsolide	neg 1.0		neg 0.5477374011710924 off 0.44495282637682704 __DUMMY__ 0.007309772452080735	false	1.0
beschwerde	neg 1.0		neg 0.5511628606244957 off 0.44142452597963955 __DUMMY__ 0.007412613395864564	false	1.0
stocken	neg 1.0		neg 0.5501914078209167 off 0.4423632077792468 __DUMMY__ 0.0074453843998365035	false	1.0
isolieren	neg 1.0		neg 0.5464180075249666 off 0.44610774424415256 __DUMMY__ 0.007474248230880987	false	1.0
unheilbar	neg 1.0		neg 0.5479781790105892 off 0.4446068350799628 __DUMMY__ 0.007414985909448135	false	1.0
pisser	off 1.0		neg 0.5401617933112863 off 0.4524724738237254 __DUMMY__ 0.007365732864988326	false	0.5
löschen	neg 1.0		neg 0.5467653193927914 off 0.4458129873046238 __DUMMY__ 0.007421693302584831	false	1.0
durchfallen	neg 1.0		neg 0.5514884131864 off 0.44107455001870294 __DUMMY__ 0.007437036794896967	false	1.0
wichser	off 1.0		neg 0.5330871116220619 off 0.4595606488166379 __DUMMY__ 0.007352239561300233	false	0.5
terror	neg 1.0		neg 0.5419779163505045 off 0.45056782596457323 __DUMMY__ 0.007454257684922246	false	1.0
krass	neg 1.0		neg 0.5383249825613201 off 0.45426943707314904 __DUMMY__ 0.007405580365530808	false	1.0
revolte	neg 1.0	neg 1.0	neg 0.7613420204180974 off 0.2351596837255906 __DUMMY__ 0.003498295856312025	false	1.0
besorgt	neg 1.0		neg 0.5472441290064235 off 0.4452686125745386 __DUMMY__ 0.007487258419038011	false	1.0
nachlassen	neg 1.0		neg 0.5477119109013919 off 0.4448078051749017 __DUMMY__ 0.007480283923706475	false	1.0
alt	neg 1.0		neg 0.5493522307163996 off 0.4431571558929863 __DUMMY__ 0.007490613390614096	false	1.0
hundesohn	off 1.0		neg 0.5358260036856841 off 0.4568601160911161 __DUMMY__ 0.0073138802231996845	false	0.5
als			neg 0.5493420575623661 off 0.4431962078218649 __DUMMY__ 0.0074617346157688814	false	0.0
abschreckung	neg 1.0		neg 0.5546619357642681 off 0.4379196721751446 __DUMMY__ 0.007418392060587306	false	1.0
unqualifiziert	neg 1.0		neg 0.5467075611909978 off 0.4458968571599837 __DUMMY__ 0.007395581649018499	false	1.0
abgewichst	off 1.0		neg 0.5493259762108621 off 0.44325582189013985 __DUMMY__ 0.007418201898998036	false	0.5
schwer	neg 1.0		neg 0.5476504801570895 off 0.4448979297084006 __DUMMY__ 0.0074515901345098235	false	1.0
bedeutungslosigkeit	neg 1.0		neg 0.5543221764120572 off 0.438267619436065 __DUMMY__ 0.007410204151877816	false	1.0
kapitulation	neg 1.0		neg 0.5544125310401614 off 0.43823304502977806 __DUMMY__ 0.007354423930060512	false	1.0
unscharf	neg 1.0		neg 0.5434161096869581 off 0.44914272761579016 __DUMMY__ 0.00744116269725183	false	1.0
schwinden	neg 1.0		neg 0.5518507182837611 off 0.4407000561264185 __DUMMY__ 0.007449225589820488	false	1.0
versklavung	neg 1.0	neg 1.0	neg 0.761677716829709 off 0.23480234102392827 __DUMMY__ 0.003519942146362778	false	1.0
schlecht	neg 1.0		neg 0.5409751611990563 off 0.4515953187445529 __DUMMY__ 0.007429520056390786	false	1.0
verhasst	neg 1.0		neg 0.5493677666045004 off 0.4432393968535318 __DUMMY__ 0.007392836541967608	false	1.0
beschweren	neg 1.0		neg 0.545615492118648 off 0.4469431110205685 __DUMMY__ 0.007441396860783571	false	1.0
scheiden	neg 1.0		neg 0.5484961726868124 off 0.4440721368740569 __DUMMY__ 0.0074316904391307234	false	1.0
frustriert	neg 1.0		neg 0.5491451935009389 off 0.4434108999601064 __DUMMY__ 0.007443906538954686	false	1.0
schimmelig	neg 1.0		neg 0.5498227715010708 off 0.44272091032240174 __DUMMY__ 0.007456318176527407	false	1.0
fisch	neg 1.0		neg 0.5498579207579891 off 0.4426918212721565 __DUMMY__ 0.007450257969854459	false	1.0
schmuggel	neg 1.0		neg 0.5515070339205475 off 0.44102418062975063 __DUMMY__ 0.007468785449701915	false	1.0
auffallen	neg 1.0		neg 0.5452865171384209 off 0.44727834765212876 __DUMMY__ 0.00743513520945027	false	1.0
konkurrenz	neg 1.0		neg 0.5527052943121533 off 0.43982913602358614 __DUMMY__ 0.00746556966426061	false	1.0
teufelskreis	neg 1.0		neg 0.5497137658591157 off 0.44286106420593496 __DUMMY__ 0.007425169934949238	false	1.0
aufschreien	neg 1.0		neg 0.5469706054961386 off 0.44562848566234503 __DUMMY__ 0.0074009088415164055	false	1.0
schuldner	neg 1.0		neg 0.5529750870117518 off 0.4396153728701718 __DUMMY__ 0.007409540118076357	false	1.0
missgeburt	off 1.0	off 1.0	off 0.7113172300052631 neg 0.2851679894717852 __DUMMY__ 0.0035147805229515617	false	1.0
arbeitslos	neg 1.0		neg 0.5512808684975278 off 0.441300571938306 __DUMMY__ 0.0074185595641662275	false	1.0
befallen	neg 1.0		neg 0.5537092743701251 off 0.43893276526465985 __DUMMY__ 0.007357960365215144	false	1.0
miesepetrig	off 1.0		neg 0.5404871140783449 off 0.45206823663184464 __DUMMY__ 0.007444649289810353	false	0.5
alarmieren	neg 1.0		neg 0.544047640241844 off 0.4485715392157506 __DUMMY__ 0.007380820542405353	false	1.0
ungeduscht	off 1.0		neg 0.543133461495938 off 0.4494215125039674 __DUMMY__ 0.007445026000094416	false	0.5
knappheit	neg 1.0		neg 0.5495930257782933 off 0.44297042350868115 __DUMMY__ 0.007436550713025513	false	1.0
schlange	neg 1.0		neg 0.5446031903779127 off 0.4479311503951136 __DUMMY__ 0.007465659226973494	false	1.0
harsch	neg 1.0		neg 0.5340823100022339 off 0.4584991167822113 __DUMMY__ 0.00741857321555492	false	1.0
lang	neg 1.0		neg 0.5459450111517845 off 0.44661856082807294 __DUMMY__ 0.007436428020142504	false	1.0
ziellos	neg 1.0		neg 0.5501790104176393 off 0.44236695808279286 __DUMMY__ 0.007454031499567708	false	1.0
selbstverliebt	neg 1.0		neg 0.5339670113155041 off 0.45872883949011206 __DUMMY__ 0.007304149194384052	false	1.0
beseitigen	neg 1.0		neg 0.544792978012042 off 0.44774235948205365 __DUMMY__ 0.007464662505904378	false	1.0
dumm	off 1.0		neg 0.5371062665354964 off 0.4555273188722039 __DUMMY__ 0.0073664145922997205	false	0.5
arbeitsloser	neg 1.0		neg 0.5522029288241738 off 0.44037670019458564 __DUMMY__ 0.007420370981240517	false	1.0
blitzen	neg 1.0		neg 0.5440884472125255 off 0.4484992666735997 __DUMMY__ 0.007412286113874747	false	1.0
hilflos	neg 1.0		neg 0.5496373895421656 off 0.44291919693442744 __DUMMY__ 0.007443413523406829	false	1.0
eklig	off 1.0		neg 0.536008178397939 off 0.4566289064152264 __DUMMY__ 0.007362915186834661	false	0.5
begriff			neg 0.549960916632855 off 0.44261316567053866 __DUMMY__ 0.007425917696606391	false	0.0
hungersnot	neg 1.0		neg 0.5521331522082994 off 0.44052346990490265 __DUMMY__ 0.0073433778867979	false	1.0
ungesetzlich	neg 1.0		neg 0.5485856926231519 off 0.4440674569972247 __DUMMY__ 0.007346850379623363	false	1.0
verschwendung	neg 1.0		neg 0.5527074336114175 off 0.4398481193608023 __DUMMY__ 0.007444447027780301	false	1.0
schmerzvoll	neg 1.0		neg 0.5455388104320447 off 0.4470183715531596 __DUMMY__ 0.007442818014795707	false	1.0
vorzeitig	neg 1.0		neg 0.5418350820447883 off 0.45075042276326416 __DUMMY__ 0.007414495191947551	false	1.0
unvollkommenheit	neg 1.0		neg 0.547576012387679 off 0.4449956255408799 __DUMMY__ 0.00742836207144126	false	1.0
intervenieren	neg 1.0		neg 0.5544230627719264 off 0.43818717355609516 __DUMMY__ 0.007389763671978398	false	1.0
banause	off 1.0		neg 0.5348882211653 off 0.45776267564312545 __DUMMY__ 0.007349103191574484	false	0.5
rebell	neg 1.0		neg 0.5520417489267451 off 0.4404867198170876 __DUMMY__ 0.007471531256167345	false	1.0
unlogisch	neg 1.0		neg 0.5404507919445724 off 0.4521643163672958 __DUMMY__ 0.007384891688131723	false	1.0
leiden	neg 1.0	neg 1.0	neg 0.7606123900692174 off 0.2357593459000103 __DUMMY__ 0.0036282640307723256	false	1.0
abschaffung	neg 1.0		neg 0.5482801055030111 off 0.44432894573371107 __DUMMY__ 0.007390948763277694	false	1.0
sturz	neg 1.0		neg 0.5479943503046681 off 0.44462353534362137 __DUMMY__ 0.007382114351710459	false	1.0
verkleinerung	neg 1.0		neg 0.5456468922365372 off 0.44698687437249807 __DUMMY__ 0.007366233390964721	false	1.0
schmarotzer	off 1.0		neg 0.5527779715156501 off 0.4398237169116637 __DUMMY__ 0.007398311572686022	false	0.5
bestrafung	neg 1.0		neg 0.547774403688319 off 0.4448191078257024 __DUMMY__ 0.007406488485978663	false	1.0
achtlos	neg 1.0		neg 0.5473915430066308 off 0.44515090896280135 __DUMMY__ 0.007457548030567916	false	1.0
ungeheuer	neg 1.0		neg 0.5460579278732007 off 0.44653053814063076 __DUMMY__ 0.007411533986168417	false	1.0
