unsolidarisch	neg 1.0		neg 0.551913123625402 off 0.44075782156652005 __DUMMY__ 0.0073290548080778735	false	1.0
nachteilig	neg 1.0		neg 0.5503731577785431 off 0.44218495551499654 __DUMMY__ 0.007441886706460332	false	1.0
skeptisch	neg 1.0		neg 0.5531604174248053 off 0.4393827456980991 __DUMMY__ 0.007456836877095489	false	1.0
schrecklich	neg 1.0		neg 0.5388987852796974 off 0.4537011260544493 __DUMMY__ 0.007400088665853351	false	1.0
schlapp	neg 1.0		neg 0.541089052004542 off 0.4514495515893847 __DUMMY__ 0.00746139640607318	false	1.0
abfall	neg 1.0		neg 0.5544029435201174 off 0.4381257726853687 __DUMMY__ 0.0074712837945137495	false	1.0
widerspenstig	neg 1.0		neg 0.5462757983086558 off 0.4462511553211784 __DUMMY__ 0.007473046370165813	false	1.0
abrupt	neg 1.0		neg 0.5465882391233762 off 0.4459133322498815 __DUMMY__ 0.007498428626742373	false	1.0
unwirksam	neg 1.0		neg 0.5491716231395812 off 0.44345412552156993 __DUMMY__ 0.0073742513388487	false	1.0
angreifen	neg 1.0		neg 0.5528504848806344 off 0.4397198447531069 __DUMMY__ 0.007429670366258868	false	1.0
inkonsistent	neg 1.0		neg 0.5451213901326772 off 0.4474560047927972 __DUMMY__ 0.007422605074525524	false	1.0
abrutschen	neg 1.0		neg 0.553937509885284 off 0.4385831071600233 __DUMMY__ 0.007479382954692801	false	1.0
unsicher	neg 1.0		neg 0.546934172619256 off 0.44560975054670215 __DUMMY__ 0.007456076834041874	false	1.0
bauernkind	off 1.0		neg 0.5372148585054661 off 0.4554438966728233 __DUMMY__ 0.00734124482171046	false	0.5
angreifer	neg 1.0		neg 0.5457158276749975 off 0.44689533976214996 __DUMMY__ 0.00738883256285262	false	1.0
trennen	neg 1.0		neg 0.5501765461102613 off 0.4423213927202227 __DUMMY__ 0.007502061169516105	false	1.0
schmutz	neg 1.0		neg 0.5380854379536112 off 0.4544157709337214 __DUMMY__ 0.007498791112667408	false	1.0
inkonsistenz	neg 1.0	neg 1.0	neg 0.7596870658277783 off 0.23677606075880916 __DUMMY__ 0.003536873413412481	false	1.0
erschreckend	neg 1.0		neg 0.5497910152031353 off 0.44278185492957545 __DUMMY__ 0.007427129867289373	false	1.0
ertrinken	neg 1.0		neg 0.5503108952935678 off 0.44221974484263765 __DUMMY__ 0.007469359863794538	false	1.0
pickelface	off 1.0		neg 0.5479853604739926 off 0.4446125470415123 __DUMMY__ 0.00740209248449499	false	0.5
seiner			neg 0.5522272853419491 off 0.4403253384501828 __DUMMY__ 0.0074473762078680885	false	0.0
lauch	neg 1.0		neg 0.5528364136335043 off 0.43969776181324316 __DUMMY__ 0.0074658245532524614	false	1.0
unwichtig	neg 1.0		neg 0.5431451536412177 off 0.44943583492787625 __DUMMY__ 0.007419011430905907	false	1.0
steuerhinterziehung	neg 1.0		neg 0.5511338418276749 off 0.4414913833872727 __DUMMY__ 0.007374774785052309	false	1.0
schock	neg 1.0		neg 0.5471777714747716 off 0.44533136197290496 __DUMMY__ 0.007490866552323474	false	1.0
beule	neg 1.0		neg 0.5398986452452774 off 0.45265009563535735 __DUMMY__ 0.007451259119365157	false	1.0
vergelten	neg 1.0		neg 0.5387583458312969 off 0.4538805251672108 __DUMMY__ 0.0073611290014922665	false	1.0
verdorbenheit	neg 1.0		neg 0.5442014272713206 off 0.4483277240301369 __DUMMY__ 0.007470848698542488	false	1.0
trauma	neg 1.0		neg 0.5458518018015731 off 0.4467201408590332 __DUMMY__ 0.007428057339393689	false	1.0
sinnlos	neg 1.0		neg 0.5454616667709805 off 0.44710705183971944 __DUMMY__ 0.007431281389300045	false	1.0
fettsack	off 1.0	off 1.0	off 0.7114932360180519 neg 0.2849790332612822 __DUMMY__ 0.003527730720665844	false	1.0
feige	off 1.0		neg 0.5454271227623324 off 0.4471905898524517 __DUMMY__ 0.007382287385215869	false	0.5
abdanken	neg 1.0		neg 0.552942908315208 off 0.43972113009516334 __DUMMY__ 0.007335961589628752	false	1.0
wichtigtuer	off 1.0	off 1.0	off 0.7058612425083253 neg 0.29060133955422124 __DUMMY__ 0.0035374179374534883	false	1.0
misslingen	neg 1.0		neg 0.5439906788346129 off 0.44854828755012055 __DUMMY__ 0.00746103361526645	false	1.0
untreu	off 1.0		neg 0.5424462845309187 off 0.4501389692872314 __DUMMY__ 0.0074147461818498935	false	0.5
missmutig	neg 1.0		neg 0.5427720172028973 off 0.4497832332448914 __DUMMY__ 0.007444749552211477	false	1.0
hurenbock	off 1.0		neg 0.5433190566047571 off 0.44919826531771384 __DUMMY__ 0.007482678077529169	false	0.5
betrunken	neg 1.0		neg 0.5396361103342562 off 0.452929599534517 __DUMMY__ 0.007434290131226844	false	1.0
korrupt	off 1.0		neg 0.5536476453979962 off 0.4389915927572851 __DUMMY__ 0.007360761844718782	false	0.5
unmut	neg 1.0		neg 0.5547446366367087 off 0.43780957701046747 __DUMMY__ 0.007445786352823858	false	1.0
hackfresse	off 1.0		neg 0.5357319969720824 off 0.4568892009196239 __DUMMY__ 0.007378802108293699	false	0.5
aufblasen	neg 1.0		neg 0.5446134609780598 off 0.4479180030998056 __DUMMY__ 0.00746853592213453	false	1.0
gewaltsam	neg 1.0		neg 0.548546296738759 off 0.4440711881804617 __DUMMY__ 0.007382515080779248	false	1.0
unbeliebtheit	neg 1.0		neg 0.5453695531272433 off 0.4473235791102057 __DUMMY__ 0.00730686776255102	false	1.0
sturheit	neg 1.0		neg 0.5511059906455481 off 0.4414985925629385 __DUMMY__ 0.007395416791513259	false	1.0
kuh	neg 1.0		neg 0.5457869055016895 off 0.44679196503134677 __DUMMY__ 0.007421129466963869	false	1.0
erschrecken	neg 1.0		neg 0.5434145577571363 off 0.44914623662672887 __DUMMY__ 0.00743920561613489	false	1.0
opfer	neg 1.0	neg 1.0	neg 0.7629998013199917 off 0.23344135782886505 __DUMMY__ 0.0035588408511433006	false	1.0
sinken	neg 1.0		neg 0.553303819887119 off 0.4392419598662767 __DUMMY__ 0.0074542202466045164	false	1.0
stinktier	neg 1.0		neg 0.5390866380789282 off 0.45353446928302493 __DUMMY__ 0.007378892638046863	false	1.0
tucke	off 1.0		neg 0.5339686869229812 off 0.4586338534951829 __DUMMY__ 0.007397459581836075	false	0.5
ein			neg 0.5441873150414654 off 0.4483175932990701 __DUMMY__ 0.007495091659464486	false	0.0
abstieg	neg 1.0		neg 0.5512098973113756 off 0.44138845036471697 __DUMMY__ 0.007401652323907438	false	1.0
missverstehen	neg 1.0		neg 0.5473127585426307 off 0.4452920380629703 __DUMMY__ 0.007395203394398892	false	1.0
ergebnislos	neg 1.0		neg 0.5510015309246601 off 0.44158006336334665 __DUMMY__ 0.007418405711993209	false	1.0
unter			neg 0.554706578392196 off 0.43774007702746953 __DUMMY__ 0.007553344580334569	false	0.0
manipulieren	neg 1.0		neg 0.5525763635962944 off 0.4399850855434243 __DUMMY__ 0.007438550860281289	false	1.0
unbewiesen	neg 1.0		neg 0.5517264551243288 off 0.4409376311195092 __DUMMY__ 0.007335913756162024	false	1.0
verschleppen	neg 1.0		neg 0.5517851147717792 off 0.4408075043050365 __DUMMY__ 0.007407380923184183	false	1.0
weib	off 1.0		neg 0.5347155893135821 off 0.45791911723787765 __DUMMY__ 0.007365293448540359	false	0.5
opposition	neg 1.0		neg 0.5483657079530417 off 0.4442683635295406 __DUMMY__ 0.007365928517417703	false	1.0
verkehrswidrig	neg 1.0		neg 0.5356845261569594 off 0.4568931842948645 __DUMMY__ 0.007422289548176242	false	1.0
inkorrekt	neg 1.0		neg 0.545416654251598 off 0.44724316134839825 __DUMMY__ 0.007340184400003841	false	1.0
vermeiden	neg 1.0		neg 0.553181830452251 off 0.43929626812234474 __DUMMY__ 0.007521901425404319	false	1.0
abweichung	neg 1.0		neg 0.5522113717544256 off 0.44039984249260195 __DUMMY__ 0.007388785752972388	false	1.0
alkoholisiert	neg 1.0		neg 0.5478134945933849 off 0.4447074596565557 __DUMMY__ 0.007479045750059234	false	1.0
scheiss	off 1.0	off 1.0	off 0.7099510978753615 neg 0.2864904166339163 __DUMMY__ 0.0035584854907223834	false	1.0
herausforderung	neg 1.0		neg 0.5464428338481805 off 0.4460362680442686 __DUMMY__ 0.0075208981075508136	false	1.0
pervers	off 1.0		neg 0.5319941039051046 off 0.46065209106942157 __DUMMY__ 0.00735380502547384	false	0.5
wackelig	neg 1.0		neg 0.5466128091559498 off 0.4458691090120766 __DUMMY__ 0.007518081831973545	false	1.0
verwickeln	neg 1.0		neg 0.5468337319307878 off 0.4457537260020766 __DUMMY__ 0.00741254206713574	false	1.0
vorwand	neg 1.0		neg 0.5545977894248688 off 0.43797360591275675 __DUMMY__ 0.007428604662374258	false	1.0
muschi	off 1.0		neg 0.548872058274898 off 0.44373146987272905 __DUMMY__ 0.0073964718523729074	false	0.5
entmutigung	neg 1.0		neg 0.5509000466169668 off 0.4418042399407657 __DUMMY__ 0.007295713442267499	false	1.0
unangemessen	neg 1.0		neg 0.5524928873584088 off 0.4401132282926411 __DUMMY__ 0.007393884348950126	false	1.0
unstetig	neg 1.0		neg 0.5438821390895943 off 0.4487074935603668 __DUMMY__ 0.007410367350038861	false	1.0
entmutigen	neg 1.0		neg 0.5460776242833737 off 0.44647785155688435 __DUMMY__ 0.007444524159741929	false	1.0
schwanz	neg 1.0		neg 0.5496262677364103 off 0.442938834893581 __DUMMY__ 0.00743489737000848	false	1.0
verbot	neg 1.0		neg 0.5521366785962212 off 0.4404866495411038 __DUMMY__ 0.007376671862674967	false	1.0
leid	neg 1.0		neg 0.5372642393698928 off 0.45534295167197275 __DUMMY__ 0.007392808958134536	false	1.0
archaisch	neg 1.0		neg 0.5514583810053995 off 0.44113943878962036 __DUMMY__ 0.007402180204980072	false	1.0
gegen			neg 0.5547879279277473 off 0.4377985304745655 __DUMMY__ 0.007413541597687082	false	0.0
scheidung	neg 1.0	neg 1.0	neg 0.7466720829434104 off 0.24979697711472615 __DUMMY__ 0.0035309399418635484	false	1.0
einschlag	neg 1.0		neg 0.5389622509539335 off 0.4536651071525907 __DUMMY__ 0.007372641893476033	false	1.0
m			neg 0.5476047890800014 off 0.4449279112145166 __DUMMY__ 0.0074672997054819395	false	0.0
abgestanden	neg 1.0		neg 0.5449815736701084 off 0.447536662671928 __DUMMY__ 0.007481763657963561	false	1.0
schmierig	off 1.0		neg 0.5378253465678876 off 0.45476483680786 __DUMMY__ 0.007409816624252329	false	0.5
unpraktisch	neg 1.0		neg 0.5441141371642451 off 0.4484072872015972 __DUMMY__ 0.0074785756341577865	false	1.0
wixxer	off 1.0		neg 0.5327275809330962 off 0.459938982361482 __DUMMY__ 0.007333436705421824	false	0.5
bezeichnet			neg 0.550321870485647 off 0.44227822877503403 __DUMMY__ 0.007399900739318981	false	0.0
jammerlappen	off 1.0		neg 0.543423282053685 off 0.44916108580427216 __DUMMY__ 0.007415632142042791	false	0.5
farce	neg 1.0		neg 0.5537359120771675 off 0.43893163692413856 __DUMMY__ 0.007332450998693999	false	1.0
zwecklos	neg 1.0		neg 0.5520686791536569 off 0.44051989817974957 __DUMMY__ 0.007411422666593579	false	1.0
turbulent	neg 1.0		neg 0.5399269812601791 off 0.45269051760761664 __DUMMY__ 0.007382501132204276	false	1.0
invasion	neg 1.0		neg 0.5430515547132504 off 0.44949843370164305 __DUMMY__ 0.0074500115851065096	false	1.0
schuld	neg 1.0		neg 0.5475088732762153 off 0.44506925555285876 __DUMMY__ 0.007421871170925947	false	1.0
risiko	neg 1.0		neg 0.5414116514933559 off 0.451111590637718 __DUMMY__ 0.007476757868926108	false	1.0
finster	neg 1.0		neg 0.5446088228314482 off 0.44790507430422155 __DUMMY__ 0.007486102864330102	false	1.0
geisteskrank	off 1.0		neg 0.5439863360090754 off 0.44865260691145054 __DUMMY__ 0.007361057079474062	false	0.5
zusammenbrechen	neg 1.0		neg 0.5481244397313582 off 0.4444099542505508 __DUMMY__ 0.007465606018091117	false	1.0
ausbeute	neg 1.0		neg 0.5483010933981354 off 0.44421304177602705 __DUMMY__ 0.007485864825837656	false	1.0
hinterhalt	neg 1.0		neg 0.5471332047775884 off 0.4454519637587348 __DUMMY__ 0.00741483146367696	false	1.0
kritik	neg 1.0		neg 0.5528448670496398 off 0.4398034046303654 __DUMMY__ 0.007351728319995016	false	1.0
einschrumpfen	neg 1.0		neg 0.5462384055587117 off 0.446401994958658 __DUMMY__ 0.007359599482630371	false	1.0
riskant	neg 1.0		neg 0.5515457586991022 off 0.44100274203085127 __DUMMY__ 0.00745149927004659	false	1.0
frustrieren	neg 1.0		neg 0.5521914293186283 off 0.44036918663986196 __DUMMY__ 0.007439384041509752	false	1.0
groll	neg 1.0		neg 0.55175268738593 off 0.440833963427537 __DUMMY__ 0.00741334918653303	false	1.0
gibt			neg 0.5496041143833162 off 0.44295073769304455 __DUMMY__ 0.007445147923639297	false	0.0
qualvoll	neg 1.0		neg 0.5444796636814088 off 0.4480752234061052 __DUMMY__ 0.00744511291248609	false	1.0
wackeln	neg 1.0		neg 0.5444464916308429 off 0.44806623789939737 __DUMMY__ 0.007487270469759666	false	1.0
klagen	neg 1.0		neg 0.5548674556258709 off 0.43770888369112254 __DUMMY__ 0.007423660683006566	false	1.0
bankrott	neg 1.0		neg 0.541582963531064 off 0.450977017357408 __DUMMY__ 0.0074400191115278885	false	1.0
trauern	neg 1.0		neg 0.5521629742281605 off 0.44040266727425825 __DUMMY__ 0.00743435849758131	false	1.0
ablehnung	neg 1.0	neg 1.0	neg 0.7630961504169947 off 0.23337963972523268 __DUMMY__ 0.003524209857772588	false	1.0
stur	neg 1.0		neg 0.5468092157942089 off 0.4457642258349824 __DUMMY__ 0.007426558370808664	false	1.0
aufruhr	neg 1.0		neg 0.549965846143289 off 0.4426664103158525 __DUMMY__ 0.007367743540858314	false	1.0
melancholie	neg 1.0		neg 0.5477940446834935 off 0.44471498450127656 __DUMMY__ 0.007490970815230107	false	1.0
ist			neg 0.5465650361390878 off 0.44600917621008396 __DUMMY__ 0.007425787650828347	false	0.0
torheit	neg 1.0		neg 0.5509441830107628 off 0.44171975146016107 __DUMMY__ 0.007336065529076306	false	1.0
dreckskind	off 1.0		neg 0.5391384182610457 off 0.4535322638351251 __DUMMY__ 0.007329317903829151	false	0.5
umtauschen	neg 1.0		neg 0.5460237038701475 off 0.446499111338899 __DUMMY__ 0.00747718479095347	false	1.0
zum			neg 0.5511447182090943 off 0.4413021355798495 __DUMMY__ 0.007553146211056143	false	0.0
zersetzen	neg 1.0		neg 0.5535607970005413 off 0.43900721596734077 __DUMMY__ 0.007431987032117991	false	1.0
zur			neg 0.5556304938814414 off 0.4369030427922041 __DUMMY__ 0.007466463326354554	false	0.0
frust	neg 1.0		neg 0.5492072833761045 off 0.4433419146835426 __DUMMY__ 0.007450801940352873	false	1.0
unerbittlichkeit	neg 1.0		neg 0.5530653148429118 off 0.43951356618330734 __DUMMY__ 0.007421118973780981	false	1.0
zwei			neg 0.5506967580183482 off 0.441781687864288 __DUMMY__ 0.0075215541173639265	false	0.0
unkorrekt	neg 1.0		neg 0.544206611970816 off 0.44844681226166344 __DUMMY__ 0.007346575767520611	false	1.0
hexe	off 1.0		neg 0.5418025602635287 off 0.4507726663853805 __DUMMY__ 0.007424773351090904	false	0.5
lasch	neg 1.0		neg 0.5463721348130525 off 0.4462421234612471 __DUMMY__ 0.007385741725700381	false	1.0
rivale	neg 1.0		neg 0.5389505523648611 off 0.4536653271561553 __DUMMY__ 0.00738412047898348	false	1.0
mutlos	off 1.0	off 1.0	off 0.7030321094398252 neg 0.2934248562756222 __DUMMY__ 0.003543034284552613	false	1.0
wirr	off 1.0		neg 0.5416480457777213 off 0.45099451247352096 __DUMMY__ 0.007357441748757636	false	0.5
jahr			neg 0.5484415080192182 off 0.44404854483217376 __DUMMY__ 0.007509947148607916	false	0.0
wird			neg 0.55094413979349 off 0.4416070910206497 __DUMMY__ 0.007448769185860271	false	0.0
strafbar	neg 1.0		neg 0.5541167465369841 off 0.43849149225788653 __DUMMY__ 0.007391761205129596	false	1.0
erosion	neg 1.0		neg 0.5445965782276707 off 0.4479448488076438 __DUMMY__ 0.007458572964685422	false	1.0
eingehen	neg 1.0		neg 0.5519728048281889 off 0.4406054358229444 __DUMMY__ 0.0074217593488666396	false	1.0
faul	off 1.0		neg 0.5409195518740748 off 0.4516112184521866 __DUMMY__ 0.007469229673738746	false	0.5
provisorium	neg 1.0		neg 0.5564691918116915 off 0.43600176350952924 __DUMMY__ 0.007529044678779275	false	1.0
schmerzen	neg 1.0		neg 0.5474961613118934 off 0.4450374199069965 __DUMMY__ 0.007466418781110099	false	1.0
schrumpfen	neg 1.0		neg 0.5554208576674912 off 0.43709987489062796 __DUMMY__ 0.007479267441880932	false	1.0
geistlos	off 1.0		neg 0.549251641133214 off 0.44341590458693164 __DUMMY__ 0.0073324542798544395	false	0.5
fehlkauf	neg 1.0		neg 0.5458848650939172 off 0.44671706301355796 __DUMMY__ 0.007398071892524657	false	1.0
frustrierend	neg 1.0		neg 0.5434199957859975 off 0.4491398921439445 __DUMMY__ 0.007440112070057882	false	1.0
unzufrieden	neg 1.0		neg 0.550829987004697 off 0.44173508416399326 __DUMMY__ 0.007434928831309771	false	1.0
verzweifeln	neg 1.0		neg 0.5478532806217858 off 0.44469397248867687 __DUMMY__ 0.0074527468895373	false	1.0
verzweifelt	neg 1.0		neg 0.5467880545462018 off 0.4457826857577175 __DUMMY__ 0.007429259696080744	false	1.0
misstrauensantrag	neg 1.0		neg 0.5458365681755784 off 0.44676754844535693 __DUMMY__ 0.007395883379064647	false	1.0
abfallen	neg 1.0		neg 0.5436536171406818 off 0.44884741621725216 __DUMMY__ 0.007498966642066081	false	1.0
fucker	off 1.0		neg 0.5408456636003722 off 0.4517737695404158 __DUMMY__ 0.007380566859212009	false	0.5
ungezogen	neg 1.0		neg 0.5337331244050378 off 0.4588867471475525 __DUMMY__ 0.007380128447409642	false	1.0
irrsinnig	neg 1.0	neg 1.0	neg 0.7607401529609847 off 0.23570962521762256 __DUMMY__ 0.003550221821392628	false	1.0
unfassbar	neg 1.0		neg 0.54277818522707 off 0.44980647801379225 __DUMMY__ 0.007415336759137675	false	1.0
hart	neg 1.0		neg 0.542917963766192 off 0.44968315616325616 __DUMMY__ 0.007398880070551822	false	1.0
widerlich	off 1.0		neg 0.5430539440510626 off 0.44955767217691267 __DUMMY__ 0.007388383772024751	false	0.5
fatal	neg 1.0		neg 0.5453559630347007 off 0.4472326563871067 __DUMMY__ 0.007411380578192732	false	1.0
bruch	neg 1.0		neg 0.5563672002113969 off 0.43622829152446085 __DUMMY__ 0.007404508264142297	false	1.0
aushungern	neg 1.0		neg 0.550718830426262 off 0.4419176802444573 __DUMMY__ 0.007363489329280529	false	1.0
anspannung	neg 1.0		neg 0.5527225851044363 off 0.4397768322369201 __DUMMY__ 0.007500582658643683	false	1.0
von			neg 0.5502067043536292 off 0.442294923358412 __DUMMY__ 0.007498372287958759	false	0.0
kraftlos	neg 1.0		neg 0.5478405137643725 off 0.44465707054230247 __DUMMY__ 0.007502415693325034	false	1.0
vom			neg 0.5545310328435744 off 0.4379288357946923 __DUMMY__ 0.0075401313617333016	false	0.0
grenzdebil	off 1.0		neg 0.5409037437082168 off 0.4516702006450395 __DUMMY__ 0.007426055646743697	false	0.5
vor			neg 0.5524018304767766 off 0.44011514546427116 __DUMMY__ 0.007483024058952359	false	0.0
unterwerfen	neg 1.0		neg 0.5527772001281114 off 0.43980894542352583 __DUMMY__ 0.007413854448362936	false	1.0
versenkung	neg 1.0		neg 0.5520607018137528 off 0.44049889501305867 __DUMMY__ 0.007440403173188428	false	1.0
entziehen	neg 1.0		neg 0.5548751334731348 off 0.43768862286026194 __DUMMY__ 0.007436243666603319	false	1.0
finanzkrise	neg 1.0		neg 0.5507468790999759 off 0.44188569559199226 __DUMMY__ 0.007367425308031726	false	1.0
schimpfend	neg 1.0		neg 0.5422351089570707 off 0.4502575843052427 __DUMMY__ 0.00750730673768664	false	1.0
profan	neg 1.0		neg 0.5454336180284867 off 0.4471345712602309 __DUMMY__ 0.007431810711282529	false	1.0
korruption	neg 1.0		neg 0.5529530167268034 off 0.4396764547235359 __DUMMY__ 0.007370528549660655	false	1.0
â			neg 0.5490005133275235 off 0.44353865564999356 __DUMMY__ 0.007460831022482857	false	0.0
schmutzig	neg 1.0		neg 0.5401815412249142 off 0.4523643697466855 __DUMMY__ 0.007454089028400171	false	1.0
sexy	neg 1.0		neg 0.5430191481924058 off 0.4495549401990438 __DUMMY__ 0.007425911608550453	false	1.0
abraten	neg 1.0		neg 0.545397826598101 off 0.4471489098527342 __DUMMY__ 0.007453263549164805	false	1.0
schwarz	neg 1.0		neg 0.5459104578336782 off 0.44666897117265003 __DUMMY__ 0.007420570993671935	false	1.0
fotze	off 1.0		neg 0.5505598372259364 off 0.4420336376172994 __DUMMY__ 0.007406525156764215	false	0.5
verwirren	neg 1.0		neg 0.5446514831522971 off 0.4479200283642753 __DUMMY__ 0.007428488483427763	false	1.0
zahnlos	off 1.0		neg 0.5518547122799347 off 0.44073783953139223 __DUMMY__ 0.0074074481886731	false	0.5
verheeren	neg 1.0		neg 0.5331639640322654 off 0.45949940704322606 __DUMMY__ 0.0073366289245085274	false	1.0
hippie	neg 1.0		neg 0.5436385562452473 off 0.4489424163704502 __DUMMY__ 0.007419027384302564	false	1.0
rammen	neg 1.0		neg 0.5432203905558545 off 0.44933087247512526 __DUMMY__ 0.007448736969020067	false	1.0
unlauter	neg 1.0	neg 1.0	neg 0.7595869557373939 off 0.2368673723687336 __DUMMY__ 0.0035456718938725574	false	1.0
unheilvoll	neg 1.0		neg 0.5447299493708075 off 0.4478228669094985 __DUMMY__ 0.007447183719693888	false	1.0
niedrig	neg 1.0		neg 0.5498031255097193 off 0.4427489112037385 __DUMMY__ 0.007447963286542177	false	1.0
explosion	neg 1.0		neg 0.5431826301967427 off 0.44937722201662644 __DUMMY__ 0.0074401477866306975	false	1.0
weichei	off 1.0		neg 0.536865450149186 off 0.4557511009421459 __DUMMY__ 0.007383448908668236	false	0.5
minusmensch	off 1.0		neg 0.535974737001102 off 0.4567360032585065 __DUMMY__ 0.007289259740391572	false	0.5
farblos	neg 1.0		neg 0.5465477163266923 off 0.4460276799311338 __DUMMY__ 0.007424603742173968	false	1.0
unwissend	neg 1.0	neg 1.0	neg 0.7584049947351028 off 0.23805318361115194 __DUMMY__ 0.003541821653745355	false	1.0
traurig	neg 1.0		neg 0.5391501254622298 off 0.4534295378409565 __DUMMY__ 0.007420336696813614	false	1.0
senkung	neg 1.0		neg 0.544051634641074 off 0.4485273030798424 __DUMMY__ 0.007421062279083692	false	1.0
ungleich	neg 1.0	neg 1.0	neg 0.763317395499146 off 0.2331301470568979 __DUMMY__ 0.0035524574439561064	false	1.0
heikel	neg 1.0		neg 0.5532230037772419 off 0.43933681268264807 __DUMMY__ 0.007440183540110054	false	1.0
drosselung	neg 1.0		neg 0.5382678763562263 off 0.45430590260667486 __DUMMY__ 0.007426221037098848	false	1.0
falsch	neg 1.0		neg 0.5436570882268709 off 0.4489194805895611 __DUMMY__ 0.007423431183568127	false	1.0
unzufriedenheit	neg 1.0		neg 0.5537326746740937 off 0.4388337180665256 __DUMMY__ 0.007433607259380711	false	1.0
kurz	neg 1.0		neg 0.546985966402211 off 0.4455219877045793 __DUMMY__ 0.0074920458932097745	false	1.0
unsinnig	neg 1.0		neg 0.5507077504426904 off 0.4418667724745345 __DUMMY__ 0.007425477082775173	false	1.0
penner	off 1.0	off 1.0	off 0.7127580909844125 neg 0.2837075916755423 __DUMMY__ 0.003534317340045108	false	1.0
seicht	neg 1.0		neg 0.5363364777409041 off 0.45632811322669015 __DUMMY__ 0.007335409032405964	false	1.0
dummheit	off 1.0	off 1.0	off 0.7063880773781283 neg 0.29007338978653047 __DUMMY__ 0.0035385328353412225	false	1.0
unerfreulich	neg 1.0		neg 0.5526709636387453 off 0.43986477193657775 __DUMMY__ 0.00746426442467699	false	1.0
motherfucker	off 1.0	off 1.0	off 0.7097331069058905 neg 0.28673201717908897 __DUMMY__ 0.0035348759150205383	false	1.0
pikiert	neg 1.0		neg 0.5444898310114773 off 0.44811972757725 __DUMMY__ 0.007390441411272752	false	1.0
wrack	neg 1.0		neg 0.5491812099243223 off 0.4433684443865771 __DUMMY__ 0.007450345689100622	false	1.0
gangster	neg 1.0		neg 0.5444100507853665 off 0.4481676296132157 __DUMMY__ 0.007422319601417695	false	1.0
krank	neg 1.0		neg 0.539570470484003 off 0.45297533985212857 __DUMMY__ 0.007454189663868429	false	1.0
reich	neg 1.0		neg 0.5465183320738672 off 0.44616974941362314 __DUMMY__ 0.00731191851250958	false	1.0
gnadenlos	neg 1.0		neg 0.5470233278266842 off 0.44554811404321903 __DUMMY__ 0.007428558130096657	false	1.0
niedergeschlagen	neg 1.0		neg 0.5484024681658975 off 0.4441399192480043 __DUMMY__ 0.0074576125860980405	false	1.0
terrorisieren	off 1.0	off 1.0	off 0.703558841603283 neg 0.2928805863356538 __DUMMY__ 0.0035605720610631404	false	1.0
sinnlosigkeit	neg 1.0		neg 0.5514324556617161 off 0.44115298964800037 __DUMMY__ 0.007414554690283528	false	1.0
behindern	neg 1.0		neg 0.5465893509185706 off 0.44595064812628454 __DUMMY__ 0.0074600009551447945	false	1.0
undemokratisch	neg 1.0		neg 0.5495990036582596 off 0.4430461274276115 __DUMMY__ 0.0073548689141289154	false	1.0
wirtschaftskrise	neg 1.0		neg 0.5519243628622821 off 0.4406834097142561 __DUMMY__ 0.007392227423461619	false	1.0
neid	neg 1.0		neg 0.5427137680131074 off 0.449832708793836 __DUMMY__ 0.007453523193056591	false	1.0
rutschen	neg 1.0		neg 0.5505790864973478 off 0.44186044814519304 __DUMMY__ 0.007560465357459264	false	1.0
rezession	neg 1.0		neg 0.5400263146823845 off 0.4526274364016699 __DUMMY__ 0.007346248915945553	false	1.0
fehlgeburt	neg 1.0		neg 0.5481591640045399 off 0.444433803772061 __DUMMY__ 0.007407032223399127	false	1.0
charakterschwach	off 1.0		neg 0.5430815796803972 off 0.4495266650081055 __DUMMY__ 0.007391755311497251	false	0.5
isolation	neg 1.0		neg 0.5419972469278571 off 0.45058040823271717 __DUMMY__ 0.007422344839425864	false	1.0
ablenkung	neg 1.0		neg 0.546449762938687 off 0.4460928737206711 __DUMMY__ 0.007457363340641952	false	1.0
pech	neg 1.0		neg 0.5433066013400677 off 0.44924711099413434 __DUMMY__ 0.007446287665797928	false	1.0
vermeidung	neg 1.0		neg 0.5389883882909 off 0.4535704021294945 __DUMMY__ 0.007441209579605705	false	1.0
dominieren	neg 1.0		neg 0.5488598776283886 off 0.44370348436285767 __DUMMY__ 0.007436638008753619	false	1.0
schwindlig	neg 1.0		neg 0.5423351260231345 off 0.45018823687817167 __DUMMY__ 0.00747663709869372	false	1.0
lutscher	neg 1.0		neg 0.5346297078327235 off 0.45802335667089467 __DUMMY__ 0.007346935496381867	false	1.0
pflicht	neg 1.0		neg 0.5538493834598692 off 0.4387182830233314 __DUMMY__ 0.007432333516799401	false	1.0
faschist	off 1.0		neg 0.5495091024067971 off 0.44315577118725835 __DUMMY__ 0.007335126405944602	false	0.5
verschleudern	neg 1.0		neg 0.5521854164706785 off 0.4404133083716454 __DUMMY__ 0.007401275157676134	false	1.0
wenn			neg 0.5437212805538124 off 0.44885525954496797 __DUMMY__ 0.007423459901219619	false	0.0
ehebruch	neg 1.0		neg 0.5532342390598136 off 0.43937071129794586 __DUMMY__ 0.0073950496422403615	false	1.0
spott	off 1.0		neg 0.5533989135069741 off 0.4391948664780198 __DUMMY__ 0.007406220015006015	false	0.5
trostlosigkeit	neg 1.0		neg 0.5560526608550729 off 0.43656739965647123 __DUMMY__ 0.007379939488455856	false	1.0
lutschen	neg 1.0		neg 0.5440190156486513 off 0.44859161317658675 __DUMMY__ 0.007389371174761763	false	1.0
undiszipliniert	neg 1.0		neg 0.540027557175593 off 0.452557084407672 __DUMMY__ 0.007415358416734964	false	1.0
kopfschmerz	neg 1.0		neg 0.5470199457990506 off 0.44552168855223895 __DUMMY__ 0.007458365648710594	false	1.0
unvorhergesehen	neg 1.0		neg 0.5457210376710635 off 0.44675996170582716 __DUMMY__ 0.0075190006231093025	false	1.0
desinteressiert	neg 1.0		neg 0.5413725072615098 off 0.45123162864209004 __DUMMY__ 0.007395864096400161	false	1.0
armselig	off 1.0		neg 0.5409949462179531 off 0.4516253097644892 __DUMMY__ 0.007379744017557694	false	0.5
desaster	neg 1.0		neg 0.5567803635481162 off 0.4358148010087253 __DUMMY__ 0.0074048354431585145	false	1.0
tod	neg 1.0		neg 0.5543999118484233 off 0.4382275001839807 __DUMMY__ 0.007372587967595925	false	1.0
herzlos	neg 1.0		neg 0.5388072063880143 off 0.4537822011584507 __DUMMY__ 0.0074105924535350235	false	1.0
unwissenheit	neg 1.0		neg 0.5520214844128456 off 0.44057582778089366 __DUMMY__ 0.007402687806260701	false	1.0
widersinnig	neg 1.0		neg 0.5526920025330143 off 0.43995061323552886 __DUMMY__ 0.007357384231456838	false	1.0
bedenklich	neg 1.0		neg 0.5524240510276864 off 0.4401440126322907 __DUMMY__ 0.007431936340022751	false	1.0
beanstanden	neg 1.0		neg 0.5538493752038516 off 0.43871054712727386 __DUMMY__ 0.007440077668874741	false	1.0
panisch	neg 1.0	neg 1.0	neg 0.7576831808469183 off 0.23871994019979495 __DUMMY__ 0.0035968789532867156	false	1.0
debil	off 1.0		neg 0.5558989435729259 off 0.43663996478389944 __DUMMY__ 0.007461091643174561	false	0.5
abstrich	neg 1.0		neg 0.5431847399248091 off 0.44930600227136375 __DUMMY__ 0.007509257803827154	false	1.0
primitiv	neg 1.0		neg 0.5424433907181684 off 0.4501697325743034 __DUMMY__ 0.007386876707528067	false	1.0
abschaum	off 1.0	off 1.0	off 0.7074418906263025 neg 0.2890294513493269 __DUMMY__ 0.0035286580243707377	false	1.0
provozieren	neg 1.0		neg 0.5490475314234541 off 0.44355135400525336 __DUMMY__ 0.007401114571292621	false	1.0
tot	neg 1.0		neg 0.54993079541449 off 0.4426635866132858 __DUMMY__ 0.007405617972224129	false	1.0
instabil	neg 1.0		neg 0.5399058639976024 off 0.45272711474649135 __DUMMY__ 0.007367021255906222	false	1.0
schwuchtel	off 1.0		neg 0.5311926319204722 off 0.46151759302333656 __DUMMY__ 0.007289775056191133	false	0.5
zerren	neg 1.0		neg 0.5488394522422914 off 0.4437069295727282 __DUMMY__ 0.007453618184980428	false	1.0
kinderficker	off 1.0		neg 0.5401749394704506 off 0.4524830814484873 __DUMMY__ 0.0073419790810621945	false	0.5
gefahr	neg 1.0		neg 0.5526528469739721 off 0.43993537196221133 __DUMMY__ 0.0074117810638165416	false	1.0
rabiat	neg 1.0		neg 0.5480929607734196 off 0.4444787603175177 __DUMMY__ 0.007428278909062664	false	1.0
verlangsamung	neg 1.0		neg 0.535681240774146 off 0.4569665371448115 __DUMMY__ 0.007352222081042471	false	1.0
ausgestorben	neg 1.0		neg 0.5490997501101103 off 0.44345477304372544 __DUMMY__ 0.0074454768461643	false	1.0
anklagen	neg 1.0		neg 0.549985459268927 off 0.44261902737746783 __DUMMY__ 0.007395513353605094	false	1.0
trott	neg 1.0		neg 0.5468559501669178 off 0.44569347852442004 __DUMMY__ 0.007450571308662231	false	1.0
verminderung	neg 1.0		neg 0.5397621474454453 off 0.45283193018002965 __DUMMY__ 0.0074059223745250235	false	1.0
nach			neg 0.5522122848853348 off 0.4402561348347547 __DUMMY__ 0.00753158027991072	false	0.0
rost	neg 1.0		neg 0.535656895560142 off 0.4569929794445408 __DUMMY__ 0.007350124995317123	false	1.0
destruktiv	neg 1.0		neg 0.5510043178753904 off 0.4416064170299651 __DUMMY__ 0.007389265094644502	false	1.0
unzumutbarkeit	neg 1.0		neg 0.539236311473709 off 0.4533299022097971 __DUMMY__ 0.007433786316493923	false	1.0
labil	off 1.0	off 1.0	off 0.7085676677581852 neg 0.28789492706128184 __DUMMY__ 0.0035374051805329818	false	1.0
ziemlich	neg 1.0		neg 0.5415927944420988 off 0.4509830551642903 __DUMMY__ 0.007424150393610781	false	1.0
lachnummer	off 1.0		neg 0.5507820150507343 off 0.44182412534478693 __DUMMY__ 0.007393859604478886	false	0.5
oder			neg 0.5461269648956094 off 0.4464025298591573 __DUMMY__ 0.0074705052452330835	false	0.0
verfall	neg 1.0		neg 0.5568076304239258 off 0.43574077941781886 __DUMMY__ 0.0074515901582553066	false	1.0
ausgrenzung	neg 1.0		neg 0.548737276333122 off 0.4439072317463166 __DUMMY__ 0.007355491920561495	false	1.0
unordnung	neg 1.0		neg 0.539916903703015 off 0.4527296028542532 __DUMMY__ 0.007353493442731786	false	1.0
fehlverhalten	neg 1.0		neg 0.55373441562638 off 0.4388589274179194 __DUMMY__ 0.0074066569557006455	false	1.0
eine			neg 0.5524752065471734 off 0.440051377014008 __DUMMY__ 0.007473416438818631	false	0.0
nille	neg 1.0		neg 0.5495687889383513 off 0.4430431894954179 __DUMMY__ 0.007388021566230755	false	1.0
qual	neg 1.0		neg 0.5471928340016691 off 0.4453614759178893 __DUMMY__ 0.007445690080441742	false	1.0
verschwenden	neg 1.0		neg 0.5514082722446954 off 0.44114326433509976 __DUMMY__ 0.007448463420204776	false	1.0
riesig	neg 1.0		neg 0.5473359103725298 off 0.44520635983537754 __DUMMY__ 0.007457729792092591	false	1.0
verurteilen	neg 1.0		neg 0.5524251836634697 off 0.44018472517412505 __DUMMY__ 0.007390091162405267	false	1.0
klischee	neg 1.0	neg 1.0	neg 0.759661462565512 off 0.23680187982158804 __DUMMY__ 0.003536657612899992	false	1.0
diktatorisch	neg 1.0		neg 0.5508092869685396 off 0.44185829990714703 __DUMMY__ 0.007332413124313514	false	1.0
vorhersehbar	neg 1.0		neg 0.5471162802552815 off 0.4454888114891983 __DUMMY__ 0.0073949082555203076	false	1.0
sowie			neg 0.5381531675803695 off 0.45450443187248807 __DUMMY__ 0.007342400547142466	false	0.0
stornieren	neg 1.0		neg 0.5430159406007393 off 0.4495230960116249 __DUMMY__ 0.007460963387635794	false	1.0
besteuerung	neg 1.0		neg 0.5464033359945997 off 0.44617841094128896 __DUMMY__ 0.007418253064111417	false	1.0
ungeschminkt	neg 1.0		neg 0.5408417492396099 off 0.4517398938000375 __DUMMY__ 0.00741835696035246	false	1.0
kritisch	neg 1.0		neg 0.553041222842811 off 0.439546984505903 __DUMMY__ 0.007411792651285934	false	1.0
schlamperei	off 1.0		neg 0.5524673407785886 off 0.4401264584654536 __DUMMY__ 0.007406200755957653	false	0.5
sucht	neg 1.0	neg 1.0	neg 0.7571525651254675 off 0.23925385966525245 __DUMMY__ 0.0035935752092800142	false	1.0
egoistisch	off 1.0		neg 0.5373404870219997 off 0.4552791430064727 __DUMMY__ 0.00738036997152759	false	0.5
ausbeuter	off 1.0		neg 0.554467589646958 off 0.43813326442943923 __DUMMY__ 0.007399145923602869	false	0.5
arschgeburt	off 1.0		neg 0.5313331402848656 off 0.461376455799527 __DUMMY__ 0.00729040391560751	false	0.5
schubs	neg 1.0	neg 1.0	neg 0.7604556429164141 off 0.23594964539043803 __DUMMY__ 0.0035947116931478776	false	1.0
unsolide	neg 1.0		neg 0.5477374011710926 off 0.44495282637682676 __DUMMY__ 0.007309772452080728	false	1.0
beschwerde	neg 1.0		neg 0.5511628606244954 off 0.44142452597964 __DUMMY__ 0.007412613395864559	false	1.0
stocken	neg 1.0		neg 0.5501914078209169 off 0.4423632077792466 __DUMMY__ 0.0074453843998364905	false	1.0
isolieren	neg 1.0		neg 0.5464180075249665 off 0.4461077442441526 __DUMMY__ 0.007474248230880983	false	1.0
unheilbar	neg 1.0		neg 0.5479781790105899 off 0.44460683507996207 __DUMMY__ 0.007414985909448149	false	1.0
pisser	off 1.0		neg 0.5401617933112868 off 0.452472473823725 __DUMMY__ 0.007365732864988321	false	0.5
löschen	neg 1.0		neg 0.5467653193927909 off 0.4458129873046241 __DUMMY__ 0.007421693302584813	false	1.0
durchfallen	neg 1.0		neg 0.5514884131864 off 0.44107455001870294 __DUMMY__ 0.007437036794896943	false	1.0
wichser	off 1.0		neg 0.533087111622062 off 0.45956064881663783 __DUMMY__ 0.007352239561300228	false	0.5
terror	neg 1.0		neg 0.5419779163505046 off 0.4505678259645731 __DUMMY__ 0.0074542576849222445	false	1.0
krass	neg 1.0		neg 0.5383249825613207 off 0.4542694370731486 __DUMMY__ 0.007405580365530792	false	1.0
revolte	neg 1.0	neg 1.0	neg 0.7613420204180973 off 0.23515968372559062 __DUMMY__ 0.0034982958563120254	false	1.0
besorgt	neg 1.0		neg 0.5472441290064234 off 0.44526861257453854 __DUMMY__ 0.007487258419038015	false	1.0
nachlassen	neg 1.0		neg 0.5477119109013922 off 0.4448078051749014 __DUMMY__ 0.00748028392370648	false	1.0
alt	neg 1.0		neg 0.5493522307163998 off 0.44315715589298593 __DUMMY__ 0.007490613390614101	false	1.0
hundesohn	off 1.0		neg 0.535826003685684 off 0.45686011609111626 __DUMMY__ 0.0073138802231996845	false	0.5
als			neg 0.5493420575623659 off 0.4431962078218653 __DUMMY__ 0.007461734615768885	false	0.0
abschreckung	neg 1.0		neg 0.5546619357642681 off 0.43791967217514466 __DUMMY__ 0.007418392060587301	false	1.0
unqualifiziert	neg 1.0		neg 0.5467075611909973 off 0.4458968571599842 __DUMMY__ 0.007395581649018502	false	1.0
abgewichst	off 1.0		neg 0.5493259762108618 off 0.44325582189014023 __DUMMY__ 0.0074182018989980515	false	0.5
schwer	neg 1.0		neg 0.5476504801570901 off 0.4448979297084002 __DUMMY__ 0.007451590134509831	false	1.0
bedeutungslosigkeit	neg 1.0		neg 0.554322176412057 off 0.4382676194360651 __DUMMY__ 0.007410204151877835	false	1.0
kapitulation	neg 1.0		neg 0.5544125310401619 off 0.43823304502977767 __DUMMY__ 0.0073544239300605205	false	1.0
unscharf	neg 1.0		neg 0.5434161096869584 off 0.44914272761578966 __DUMMY__ 0.0074411626972518356	false	1.0
schwinden	neg 1.0		neg 0.5518507182837609 off 0.4407000561264186 __DUMMY__ 0.00744922558982049	false	1.0
versklavung	neg 1.0	neg 1.0	neg 0.761677716829709 off 0.23480234102392833 __DUMMY__ 0.0035199421463627794	false	1.0
schlecht	neg 1.0		neg 0.5409751611990568 off 0.45159531874455255 __DUMMY__ 0.0074295200563907985	false	1.0
verhasst	neg 1.0		neg 0.5493677666045 off 0.4432393968535326 __DUMMY__ 0.007392836541967595	false	1.0
beschweren	neg 1.0		neg 0.5456154921186477 off 0.4469431110205688 __DUMMY__ 0.007441396860783574	false	1.0
scheiden	neg 1.0		neg 0.5484961726868124 off 0.4440721368740569 __DUMMY__ 0.007431690439130725	false	1.0
frustriert	neg 1.0		neg 0.549145193500938 off 0.44341089996010724 __DUMMY__ 0.007443906538954681	false	1.0
schimmelig	neg 1.0		neg 0.5498227715010708 off 0.44272091032240174 __DUMMY__ 0.0074563181765274185	false	1.0
fisch	neg 1.0		neg 0.5498579207579897 off 0.4426918212721559 __DUMMY__ 0.007450257969854452	false	1.0
schmuggel	neg 1.0		neg 0.5515070339205472 off 0.44102418062975085 __DUMMY__ 0.007468785449701915	false	1.0
auffallen	neg 1.0		neg 0.5452865171384215 off 0.44727834765212826 __DUMMY__ 0.007435135209450249	false	1.0
konkurrenz	neg 1.0		neg 0.5527052943121535 off 0.4398291360235859 __DUMMY__ 0.00746556966426061	false	1.0
teufelskreis	neg 1.0		neg 0.5497137658591167 off 0.44286106420593413 __DUMMY__ 0.007425169934949251	false	1.0
aufschreien	neg 1.0		neg 0.5469706054961379 off 0.4456284856623457 __DUMMY__ 0.007400908841516382	false	1.0
schuldner	neg 1.0		neg 0.5529750870117524 off 0.4396153728701714 __DUMMY__ 0.007409540118076346	false	1.0
missgeburt	off 1.0	off 1.0	off 0.711317230005263 neg 0.2851679894717854 __DUMMY__ 0.003514780522951568	false	1.0
arbeitslos	neg 1.0		neg 0.5512808684975272 off 0.44130057193830646 __DUMMY__ 0.00741855956416624	false	1.0
befallen	neg 1.0		neg 0.5537092743701252 off 0.4389327652646598 __DUMMY__ 0.007357960365215144	false	1.0
miesepetrig	off 1.0		neg 0.5404871140783449 off 0.4520682366318447 __DUMMY__ 0.007444649289810356	false	0.5
alarmieren	neg 1.0		neg 0.5440476402418446 off 0.4485715392157502 __DUMMY__ 0.007380820542405351	false	1.0
ungeduscht	off 1.0		neg 0.5431334614959378 off 0.4494215125039678 __DUMMY__ 0.007445026000094421	false	0.5
knappheit	neg 1.0		neg 0.5495930257782933 off 0.4429704235086813 __DUMMY__ 0.007436550713025518	false	1.0
schlange	neg 1.0		neg 0.544603190377913 off 0.44793115039511344 __DUMMY__ 0.007465659226973492	false	1.0
harsch	neg 1.0		neg 0.534082310002233 off 0.45849911678221206 __DUMMY__ 0.0074185732155549085	false	1.0
lang	neg 1.0		neg 0.5459450111517851 off 0.4466185608280725 __DUMMY__ 0.007436428020142506	false	1.0
ziellos	neg 1.0		neg 0.5501790104176395 off 0.4423669580827929 __DUMMY__ 0.007454031499567695	false	1.0
selbstverliebt	neg 1.0		neg 0.5339670113155042 off 0.4587288394901119 __DUMMY__ 0.007304149194384041	false	1.0
beseitigen	neg 1.0		neg 0.5447929780120421 off 0.44774235948205354 __DUMMY__ 0.007464662505904364	false	1.0
dumm	off 1.0		neg 0.5371062665354963 off 0.45552731887220393 __DUMMY__ 0.007366414592299725	false	0.5
arbeitsloser	neg 1.0		neg 0.552202928824173 off 0.4403767001945866 __DUMMY__ 0.0074203709812405115	false	1.0
blitzen	neg 1.0		neg 0.5440884472125257 off 0.44849926667359946 __DUMMY__ 0.0074122861138747435	false	1.0
hilflos	neg 1.0		neg 0.5496373895421658 off 0.4429191969344273 __DUMMY__ 0.007443413523406824	false	1.0
eklig	off 1.0		neg 0.536008178397939 off 0.4566289064152263 __DUMMY__ 0.007362915186834676	false	0.5
begriff			neg 0.5499609166328548 off 0.44261316567053893 __DUMMY__ 0.007425917696606393	false	0.0
hungersnot	neg 1.0		neg 0.5521331522082992 off 0.440523469904903 __DUMMY__ 0.007343377886797895	false	1.0
ungesetzlich	neg 1.0		neg 0.5485856926231523 off 0.44406745699722433 __DUMMY__ 0.007346850379623363	false	1.0
verschwendung	neg 1.0		neg 0.5527074336114177 off 0.43984811936080215 __DUMMY__ 0.007444447027780311	false	1.0
schmerzvoll	neg 1.0		neg 0.5455388104320443 off 0.44701837155315993 __DUMMY__ 0.007442818014795712	false	1.0
vorzeitig	neg 1.0		neg 0.5418350820447883 off 0.4507504227632642 __DUMMY__ 0.00741449519194756	false	1.0
unvollkommenheit	neg 1.0		neg 0.547576012387679 off 0.4449956255408798 __DUMMY__ 0.007428362071441262	false	1.0
intervenieren	neg 1.0		neg 0.554423062771926 off 0.4381871735560957 __DUMMY__ 0.007389763671978401	false	1.0
banause	off 1.0		neg 0.5348882211652998 off 0.4577626756431258 __DUMMY__ 0.007349103191574492	false	0.5
rebell	neg 1.0		neg 0.552041748926745 off 0.44048671981708765 __DUMMY__ 0.007471531256167331	false	1.0
unlogisch	neg 1.0		neg 0.5404507919445716 off 0.45216431636729665 __DUMMY__ 0.0073848916881317315	false	1.0
leiden	neg 1.0	neg 1.0	neg 0.7606123900692175 off 0.23575934590001013 __DUMMY__ 0.003628264030772324	false	1.0
abschaffung	neg 1.0		neg 0.5482801055030111 off 0.4443289457337111 __DUMMY__ 0.007390948763277695	false	1.0
sturz	neg 1.0		neg 0.5479943503046683 off 0.4446235353436212 __DUMMY__ 0.0073821143517104415	false	1.0
verkleinerung	neg 1.0		neg 0.545646892236537 off 0.4469868743724982 __DUMMY__ 0.007366233390964733	false	1.0
schmarotzer	off 1.0		neg 0.5527779715156513 off 0.4398237169116626 __DUMMY__ 0.007398311572686016	false	0.5
bestrafung	neg 1.0		neg 0.5477744036883186 off 0.4448191078257027 __DUMMY__ 0.007406488485978658	false	1.0
achtlos	neg 1.0		neg 0.547391543006631 off 0.4451509089628011 __DUMMY__ 0.0074575480305679245	false	1.0
ungeheuer	neg 1.0		neg 0.5460579278732005 off 0.446530538140631 __DUMMY__ 0.007411533986168407	false	1.0
