unsolidarisch	neg 1.0		neg 0.5171533018198646 off 0.4126539671190691 __DUMMY__ 0.07019273106106626	false	1.0
nachteilig	neg 1.0		neg 0.515096982896496 off 0.4136370161290451 __DUMMY__ 0.0712660009744591	false	1.0
skeptisch	neg 1.0		neg 0.5177943706978543 off 0.41079846292913863 __DUMMY__ 0.07140716637300719	false	1.0
schrecklich	neg 1.0		neg 0.5039253896454754 off 0.4252070355045672 __DUMMY__ 0.07086757484995752	false	1.0
schlapp	neg 1.0		neg 0.5058156048647975 off 0.4227331805654537 __DUMMY__ 0.07145121456974891	false	1.0
abfall	neg 1.0		neg 0.518959660906035 off 0.409495025998173 __DUMMY__ 0.07154531309579208	false	1.0
widerspenstig	neg 1.0		neg 0.5108991917014111 off 0.417538550266271 __DUMMY__ 0.07156225803231794	false	1.0
abrupt	neg 1.0		neg 0.5110820802208981 off 0.4171122992589711 __DUMMY__ 0.0718056205201307	false	1.0
unwirksam	neg 1.0		neg 0.5142368453186187 off 0.4151399956853938 __DUMMY__ 0.07062315899598753	false	1.0
angreifen	neg 1.0		neg 0.5176123046059548 off 0.4112390325181963 __DUMMY__ 0.07114866287584891	false	1.0
inkonsistent	neg 1.0		neg 0.5099895571938591 off 0.4189265255910154 __DUMMY__ 0.07108391721512554	false	1.0
abrutschen	neg 1.0		neg 0.518461169495523 off 0.40991732958333416 __DUMMY__ 0.07162150092114278	false	1.0
unsicher	neg 1.0		neg 0.511626277963893 off 0.41697406563461337 __DUMMY__ 0.07139965640149357	false	1.0
bauernkind	off 1.0		neg 0.5025367540565258 off 0.42715304628529294 __DUMMY__ 0.07031019965818128	false	0.5
angreifer	neg 1.0		neg 0.510729034145049 off 0.41850825492777066 __DUMMY__ 0.0707627109271804	false	1.0
trennen	neg 1.0		neg 0.5146275956582723 off 0.41353486483598695 __DUMMY__ 0.07183753950574062	false	1.0
schmutz	neg 1.0		neg 0.5026399313294512 off 0.4255499421679608 __DUMMY__ 0.07181012650258795	false	1.0
inkonsistenz	neg 1.0	neg 1.0	neg 0.7428865015247229 off 0.22316025808047632 __DUMMY__ 0.033953240394800716	false	1.0
erschreckend	neg 1.0		neg 0.5145929277832213 off 0.41428279962612125 __DUMMY__ 0.07112427259065754	false	1.0
ertrinken	neg 1.0		neg 0.5149118227257314 off 0.41356144065520944 __DUMMY__ 0.071526736619059	false	1.0
pickelface	off 1.0		neg 0.5129190523718016 off 0.41619311715452884 __DUMMY__ 0.0708878304736697	false	0.5
seiner			neg 0.5169141799244096 off 0.41176864799829327 __DUMMY__ 0.07131717207729703	false	0.0
lauch	neg 1.0		neg 0.5174348416366584 off 0.41107109501284084 __DUMMY__ 0.07149406335050076	false	1.0
unwichtig	neg 1.0		neg 0.5080407456027018 off 0.4209118261503554 __DUMMY__ 0.07104742824694271	false	1.0
steuerhinterziehung	neg 1.0		neg 0.5161663368018351 off 0.41320520859120025 __DUMMY__ 0.07062845460696464	false	1.0
schock	neg 1.0		neg 0.5117060659191497 off 0.416562347580264 __DUMMY__ 0.07173158650058621	false	1.0
beule	neg 1.0		neg 0.5046827977852535 off 0.42396166637260485 __DUMMY__ 0.07135553584214167	false	1.0
vergelten	neg 1.0		neg 0.5039553821658863 off 0.4255445149440436 __DUMMY__ 0.07050010289007014	false	1.0
verdorbenheit	neg 1.0		neg 0.5088556162831566 off 0.41960272604657034 __DUMMY__ 0.0715416576702731	false	1.0
trauma	neg 1.0		neg 0.5106860741492901 off 0.41818108315261615 __DUMMY__ 0.0711328426980938	false	1.0
sinnlos	neg 1.0		neg 0.5102825768843149 off 0.4185536892939755 __DUMMY__ 0.07116373382170968	false	1.0
fettsack	off 1.0	off 1.0	off 0.6978964850977025 neg 0.2682376031128528 __DUMMY__ 0.03386591178944481	false	1.0
feige	off 1.0		neg 0.5104770741367219 off 0.4188246490019556 __DUMMY__ 0.07069827686132252	false	0.5
abdanken	neg 1.0		neg 0.5181396763187142 off 0.41160107940507706 __DUMMY__ 0.07025924427620876	false	1.0
wichtigtuer	off 1.0	off 1.0	off 0.6922434081538694 neg 0.2737985427396649 __DUMMY__ 0.03395804910646571	false	1.0
misslingen	neg 1.0		neg 0.5086809276535417 off 0.41986930960631574 __DUMMY__ 0.07144976274014252	false	1.0
untreu	off 1.0		neg 0.5073717155029677 off 0.42162149996307924 __DUMMY__ 0.07100678453395312	false	0.5
missmutig	neg 1.0		neg 0.5075550951207989 off 0.4211519489999428 __DUMMY__ 0.07129295587925837	false	1.0
hurenbock	off 1.0		neg 0.5079215200526184 off 0.42042196933953024 __DUMMY__ 0.07165651060785133	false	0.5
betrunken	neg 1.0		neg 0.504500424966034 off 0.42430638110069463 __DUMMY__ 0.07119319393327145	false	1.0
korrupt	off 1.0		neg 0.5187233684927952 off 0.4107822472286951 __DUMMY__ 0.07049438427850967	false	0.5
unmut	neg 1.0		neg 0.5194123537596694 off 0.40928509936402996 __DUMMY__ 0.07130254687630048	false	1.0
hackfresse	off 1.0		neg 0.5008846455598459 off 0.4284497772418202 __DUMMY__ 0.07066557719833376	false	0.5
aufblasen	neg 1.0		neg 0.5092714562433116 off 0.41920992953637654 __DUMMY__ 0.07151861422031186	false	1.0
gewaltsam	neg 1.0		neg 0.5135672388138071 off 0.41573015534348884 __DUMMY__ 0.070702605842704	false	1.0
unbeliebtheit	neg 1.0		neg 0.510772012318747 off 0.41924461937638147 __DUMMY__ 0.06998336830487138	false	1.0
sturheit	neg 1.0		neg 0.5160400945887027 off 0.41313647487300226 __DUMMY__ 0.07082343053829503	false	1.0
kuh	neg 1.0		neg 0.5106653291919991 off 0.4182639367973295 __DUMMY__ 0.07107073401067132	false	1.0
erschrecken	neg 1.0		neg 0.5082198152819303 off 0.4205408990200127 __DUMMY__ 0.07123928569805697	false	1.0
opfer	neg 1.0	neg 1.0	neg 0.7460886369542888 off 0.21974799424162017 __DUMMY__ 0.03416336880409092	false	1.0
sinken	neg 1.0		neg 0.5179513181566154 off 0.41066462002120735 __DUMMY__ 0.07138406182217723	false	1.0
stinktier	neg 1.0		neg 0.5042136357131357 off 0.4251187413156032 __DUMMY__ 0.0706676229712611	false	1.0
tucke	off 1.0		neg 0.49904970135461685 off 0.43010510575623173 __DUMMY__ 0.07084519288915143	false	0.5
ein			neg 0.5087234403116586 off 0.41950402255780506 __DUMMY__ 0.07177253713053644	false	0.0
abstieg	neg 1.0		neg 0.5161164030455663 off 0.4129990375491806 __DUMMY__ 0.07088455940525303	false	1.0
missverstehen	neg 1.0		neg 0.5122865317037681 off 0.4168924508268962 __DUMMY__ 0.07082101746933576	false	1.0
ergebnislos	neg 1.0		neg 0.5158294896836434 off 0.4131272197562506 __DUMMY__ 0.07104329056010593	false	1.0
unter			neg 0.5188762659483139 off 0.40879802605598464 __DUMMY__ 0.07232570799570152	false	0.0
manipulieren	neg 1.0		neg 0.5172945100380566 off 0.41147142105106604 __DUMMY__ 0.07123406891087754	false	1.0
unbewiesen	neg 1.0		neg 0.5169346354563997 off 0.41280701883012455 __DUMMY__ 0.07025834571347585	false	1.0
verschleppen	neg 1.0		neg 0.5166570704906999 off 0.41240406373447197 __DUMMY__ 0.07093886577482832	false	1.0
weib	off 1.0		neg 0.49993861840688775 off 0.42952332934801757 __DUMMY__ 0.07053805224509481	false	0.5
opposition	neg 1.0		neg 0.5134808007540109 off 0.4159756878121161 __DUMMY__ 0.07054351143387287	false	1.0
verkehrswidrig	neg 1.0		neg 0.500632874688419 off 0.4282856450808229 __DUMMY__ 0.071081480230758	false	1.0
inkorrekt	neg 1.0		neg 0.5106616416803597 off 0.4190391902656186 __DUMMY__ 0.07029916805402187	false	1.0
vermeiden	neg 1.0		neg 0.5175113149936383 off 0.4104614892398801 __DUMMY__ 0.07202719576648157	false	1.0
abweichung	neg 1.0		neg 0.5171726017083976 off 0.41206576901226893 __DUMMY__ 0.07076162927933329	false	1.0
alkoholisiert	neg 1.0		neg 0.5123987723123626 off 0.41597897793027455 __DUMMY__ 0.07162224975736273	false	1.0
scheiss	off 1.0	off 1.0	off 0.696235446531955 neg 0.26960431492135956 __DUMMY__ 0.03416023854668543	false	1.0
herausforderung	neg 1.0		neg 0.5108227543327697 off 0.4171585446806786 __DUMMY__ 0.07201870098655168	false	1.0
pervers	off 1.0		neg 0.49729202469477124 off 0.43227939231140294 __DUMMY__ 0.07042858299382578	false	0.5
wackelig	neg 1.0		neg 0.5110230128249555 off 0.41698686127746626 __DUMMY__ 0.07199012589757806	false	1.0
verwickeln	neg 1.0		neg 0.5117280291368991 off 0.4172860455242498 __DUMMY__ 0.07098592533885122	false	1.0
vorwand	neg 1.0		neg 0.5193513671585414 off 0.4095097640001374 __DUMMY__ 0.07113886884132131	false	1.0
muschi	off 1.0		neg 0.5138263936131804 off 0.41533968851249 __DUMMY__ 0.07083391787432979	false	0.5
entmutigung	neg 1.0		neg 0.5163062195235055 off 0.41381720645839487 __DUMMY__ 0.0698765740180997	false	1.0
unangemessen	neg 1.0		neg 0.5174271060217214 off 0.41176426783800596 __DUMMY__ 0.07080862614027277	false	1.0
unstetig	neg 1.0		neg 0.5088167125343729 off 0.42021471463053317 __DUMMY__ 0.07096857283509393	false	1.0
entmutigen	neg 1.0		neg 0.5108280701249827 off 0.4178812457139805 __DUMMY__ 0.07129068416103689	false	1.0
schwanz	neg 1.0		neg 0.5143966256244946 off 0.41440320344544374 __DUMMY__ 0.07120017093006172	false	1.0
verbot	neg 1.0		neg 0.5171486183167725 off 0.4122052348956744 __DUMMY__ 0.07064614678755327	false	1.0
leid	neg 1.0		neg 0.5023383921397943 off 0.42686274012229725 __DUMMY__ 0.07079886773790849	false	1.0
archaisch	neg 1.0		neg 0.5163651477615029 off 0.41274696887235485 __DUMMY__ 0.07088788336614228	false	1.0
gegen			neg 0.5196062385492086 off 0.40939736283543027 __DUMMY__ 0.07099639861536122	false	0.0
scheidung	neg 1.0	neg 1.0	neg 0.7299157388384945 off 0.2361870937589146 __DUMMY__ 0.033897167402590814	false	1.0
einschlag	neg 1.0		neg 0.5041124131012723 off 0.42527952291611054 __DUMMY__ 0.07060806398261701	false	1.0
m			neg 0.5122427262592893 off 0.4162512432815156 __DUMMY__ 0.07150603045919508	false	0.0
abgestanden	neg 1.0		neg 0.5095855313534238 off 0.4187676412766464 __DUMMY__ 0.07164682736992976	false	1.0
schmierig	off 1.0		neg 0.5028150490512943 off 0.42622446302605177 __DUMMY__ 0.070960487922654	false	0.5
unpraktisch	neg 1.0		neg 0.5087315246584364 off 0.4196540516930542 __DUMMY__ 0.07161442364850928	false	1.0
wixxer	off 1.0		neg 0.49811692442970873 off 0.43164817805424305 __DUMMY__ 0.07023489751604808	false	0.5
bezeichnet			neg 0.5152464494354068 off 0.4138877860254589 __DUMMY__ 0.07086576453913437	false	0.0
jammerlappen	off 1.0		neg 0.5083349403876715 off 0.42064995382544595 __DUMMY__ 0.07101510578688254	false	0.5
farce	neg 1.0		neg 0.5189472711512771 off 0.41082722976638814 __DUMMY__ 0.07022549908233479	false	1.0
zwecklos	neg 1.0		neg 0.5169264194514053 off 0.41209852366530236 __DUMMY__ 0.07097505688329245	false	1.0
turbulent	neg 1.0		neg 0.5050213063410213 off 0.4242744701580941 __DUMMY__ 0.07070422350088476	false	1.0
invasion	neg 1.0		neg 0.5078039225392393 off 0.4208540866241844 __DUMMY__ 0.0713419908365762	false	1.0
schuld	neg 1.0		neg 0.5123546444362844 off 0.41657109411080995 __DUMMY__ 0.07107426145290555	false	1.0
risiko	neg 1.0		neg 0.5060407723623604 off 0.42235982898051205 __DUMMY__ 0.07159939865712758	false	1.0
finster	neg 1.0		neg 0.5091947425866303 off 0.41911832453714726 __DUMMY__ 0.07168693287622249	false	1.0
geisteskrank	off 1.0		neg 0.5091473810550362 off 0.4203562383350098 __DUMMY__ 0.07049638060995407	false	0.5
zusammenbrechen	neg 1.0		neg 0.5127602337358129 off 0.41574960690174967 __DUMMY__ 0.07149015936243727	false	1.0
ausbeute	neg 1.0		neg 0.5128492675209645 off 0.41546490723882024 __DUMMY__ 0.07168582524021541	false	1.0
hinterhalt	neg 1.0		neg 0.5120184642663037 off 0.41697044632515445 __DUMMY__ 0.07101108940854177	false	1.0
kritik	neg 1.0		neg 0.5179703392448797 off 0.41162086107539525 __DUMMY__ 0.07040879967972515	false	1.0
einschrumpfen	neg 1.0		neg 0.5113914496082925 off 0.41812513951014285 __DUMMY__ 0.0704834108815647	false	1.0
riskant	neg 1.0		neg 0.5162189167484551 off 0.4124250127986336 __DUMMY__ 0.07135607045291138	false	1.0
frustrieren	neg 1.0		neg 0.5169169529447868 off 0.41184207996535427 __DUMMY__ 0.07124096708985911	false	1.0
groll	neg 1.0		neg 0.5165990318811661 off 0.41240691219631403 __DUMMY__ 0.07099405592251999	false	1.0
gibt			neg 0.5143240163037548 off 0.41438044528575396 __DUMMY__ 0.07129553841049127	false	0.0
qualvoll	neg 1.0		neg 0.5092501719686316 off 0.41945349303508284 __DUMMY__ 0.07129633499628545	false	1.0
wackeln	neg 1.0		neg 0.5090159377195133 off 0.419287216051729 __DUMMY__ 0.07169684622875781	false	1.0
klagen	neg 1.0		neg 0.5196391853441049 off 0.4092682280773169 __DUMMY__ 0.07109258657857821	false	1.0
bankrott	neg 1.0		neg 0.5064018466260769 off 0.4223506786802176 __DUMMY__ 0.07124747469370554	false	1.0
trauern	neg 1.0		neg 0.5169085915978345 off 0.41189656289544824 __DUMMY__ 0.07119484550671709	false	1.0
ablehnung	neg 1.0	neg 1.0	neg 0.7463466587128594 off 0.21982128632130682 __DUMMY__ 0.033832054965833774	false	1.0
stur	neg 1.0		neg 0.5116386927759414 off 0.4172423379433563 __DUMMY__ 0.07111896928070213	false	1.0
aufruhr	neg 1.0		neg 0.5150447993340477 off 0.41439356844902075 __DUMMY__ 0.07056163221693165	false	1.0
melancholie	neg 1.0		neg 0.5123227361204903 off 0.4159441031527367 __DUMMY__ 0.07173316072677302	false	1.0
ist			neg 0.5114064693936479 off 0.4174821316562629 __DUMMY__ 0.07111139895008907	false	0.0
torheit	neg 1.0		neg 0.5161608241994232 off 0.41357915826338115 __DUMMY__ 0.07026001753719567	false	1.0
dreckskind	off 1.0		neg 0.5044978796626995 off 0.42530643143767266 __DUMMY__ 0.07019568889962775	false	0.5
umtauschen	neg 1.0		neg 0.5106379629953471 off 0.41776036556860396 __DUMMY__ 0.07160167143604891	false	1.0
zum			neg 0.5153470435127236 off 0.4123285708676818 __DUMMY__ 0.07232438561959453	false	0.0
zersetzen	neg 1.0		neg 0.5183066845893307 off 0.4105222030644557 __DUMMY__ 0.07117111234621361	false	1.0
zur			neg 0.5201989654224861 off 0.40830142486185733 __DUMMY__ 0.07149960971565651	false	0.0
frust	neg 1.0		neg 0.5139038848583822 off 0.41474674754529545 __DUMMY__ 0.07134936759632245	false	1.0
unerbittlichkeit	neg 1.0		neg 0.517863181620814 off 0.4110687861358723 __DUMMY__ 0.07106803224331387	false	1.0
zwei			neg 0.5150545702828944 off 0.4129220241945198 __DUMMY__ 0.07202340552258596	false	0.0
unkorrekt	neg 1.0		neg 0.509435042680059 off 0.420204457697134 __DUMMY__ 0.07036049962280709	false	1.0
hexe	off 1.0		neg 0.5066950242866907 off 0.4222005407453264 __DUMMY__ 0.07110443496798281	false	0.5
lasch	neg 1.0		neg 0.5113958180233784 off 0.41787262159670063 __DUMMY__ 0.07073156037992089	false	1.0
rivale	neg 1.0		neg 0.5040490212927553 off 0.4252335566761664 __DUMMY__ 0.07071742203107838	false	1.0
mutlos	off 1.0	off 1.0	off 0.6894019696454923 neg 0.27658600095234287 __DUMMY__ 0.03401202940216484	false	1.0
wirr	off 1.0		neg 0.5068510180722757 off 0.4226847415399476 __DUMMY__ 0.07046424038777664	false	0.5
jahr			neg 0.5128708377308039 off 0.4152150922432953 __DUMMY__ 0.07191407002590089	false	0.0
wird			neg 0.5156407574991712 off 0.41302930582201947 __DUMMY__ 0.07132993667880946	false	0.0
strafbar	neg 1.0		neg 0.5190448575535495 off 0.4101662273508079 __DUMMY__ 0.07078891509564254	false	1.0
erosion	neg 1.0		neg 0.509298705667646 off 0.41927774943088053 __DUMMY__ 0.07142354490147337	false	1.0
eingehen	neg 1.0		neg 0.5167821062049426 off 0.4121446674987883 __DUMMY__ 0.07107322629626908	false	1.0
faul	off 1.0		neg 0.5056072839145702 off 0.4228670759908881 __DUMMY__ 0.07152564009454168	false	0.5
provisorium	neg 1.0		neg 0.5207456124821911 off 0.40715979159525795 __DUMMY__ 0.07209459592255102	false	1.0
schmerzen	neg 1.0		neg 0.5121507042211108 off 0.41635005973780825 __DUMMY__ 0.07149923604108088	false	1.0
schrumpfen	neg 1.0		neg 0.5199290918795308 off 0.4084492599831022 __DUMMY__ 0.07162164813736689	false	1.0
geistlos	off 1.0		neg 0.5144978313103237 off 0.4152768531986848 __DUMMY__ 0.07022531549099156	false	0.5
fehlkauf	neg 1.0		neg 0.5108582373686841 off 0.4182931797148428 __DUMMY__ 0.07084858291647314	false	1.0
frustrierend	neg 1.0		neg 0.5082176786818736 off 0.4205343498925604 __DUMMY__ 0.07124797142556602	false	1.0
unzufrieden	neg 1.0		neg 0.5155865470473892 off 0.41321497346128944 __DUMMY__ 0.07119847949132138	false	1.0
verzweifeln	neg 1.0		neg 0.5125522652882462 off 0.4160799288305051 __DUMMY__ 0.0713678058812488	false	1.0
verzweifelt	neg 1.0		neg 0.5116093664823076 off 0.41724626074873533 __DUMMY__ 0.071144372768957	false	1.0
misstrauensantrag	neg 1.0		neg 0.5108298679198344 off 0.4183419579651604 __DUMMY__ 0.07082817411500525	false	1.0
abfallen	neg 1.0		neg 0.508179011832087 off 0.42001285665668764 __DUMMY__ 0.07180813151122534	false	1.0
fucker	off 1.0		neg 0.5059431895498678 off 0.4233755191854007 __DUMMY__ 0.07068129126473148	false	0.5
ungezogen	neg 1.0		neg 0.49889558448586513 off 0.43042550628285625 __DUMMY__ 0.07067890923127858	false	1.0
irrsinnig	neg 1.0	neg 1.0	neg 0.743878761578777 off 0.2220408422776928 __DUMMY__ 0.034080396143530235	false	1.0
unfassbar	neg 1.0		neg 0.5076991650669566 off 0.42128834737920445 __DUMMY__ 0.07101248755383892	false	1.0
hart	neg 1.0		neg 0.5079167002790265 off 0.4212242448683776 __DUMMY__ 0.07085905485259592	false	1.0
widerlich	off 1.0		neg 0.5080971535901851 off 0.4211466241695381 __DUMMY__ 0.07075622224027685	false	0.5
fatal	neg 1.0		neg 0.5102718395476037 off 0.41875391735338063 __DUMMY__ 0.07097424309901557	false	1.0
bruch	neg 1.0		neg 0.5212180501228256 off 0.4078708335341826 __DUMMY__ 0.07091111634299192	false	1.0
aushungern	neg 1.0		neg 0.5157993234117253 off 0.4136797388943339 __DUMMY__ 0.07052093769394073	false	1.0
anspannung	neg 1.0		neg 0.5171556074058586 off 0.41101995796113483 __DUMMY__ 0.0718244346330065	false	1.0
von			neg 0.5146729552825934 off 0.41352216281248366 __DUMMY__ 0.07180488190492287	false	0.0
kraftlos	neg 1.0		neg 0.5123084585344151 off 0.4158505756725967 __DUMMY__ 0.0718409657929881	false	1.0
vom			neg 0.5187721147500257 off 0.40902722020322063 __DUMMY__ 0.07220066504675372	false	0.0
grenzdebil	off 1.0		neg 0.5057891088024441 off 0.4230964848028476 __DUMMY__ 0.0711144063947082	false	0.5
vor			neg 0.516921582123119 off 0.4114224024209851 __DUMMY__ 0.0716560154558958	false	0.0
unterwerfen	neg 1.0		neg 0.517612317565422 off 0.4113886115883577 __DUMMY__ 0.07099907084622022	false	1.0
versenkung	neg 1.0		neg 0.516778401070767 off 0.4119706325401886 __DUMMY__ 0.07125096638904448	false	1.0
entziehen	neg 1.0		neg 0.5195902789710095 off 0.40919835786868236 __DUMMY__ 0.07121136316030807	false	1.0
finanzkrise	neg 1.0		neg 0.5158246891707889 off 0.4136169301099165 __DUMMY__ 0.07055838071929454	false	1.0
schimpfend	neg 1.0		neg 0.5067328470761195 off 0.4213779550050652 __DUMMY__ 0.07188919791881537	false	1.0
profan	neg 1.0		neg 0.5102558694863746 off 0.41857494118550675 __DUMMY__ 0.07116918932811878	false	1.0
korruption	neg 1.0		neg 0.5179904435979709 off 0.41142194907558743 __DUMMY__ 0.07058760732644168	false	1.0
â			neg 0.5136585457910341 off 0.414896807116502 __DUMMY__ 0.07144464709246394	false	0.0
schmutzig	neg 1.0		neg 0.5049418207402998 off 0.423676975544326 __DUMMY__ 0.07138120371537433	false	1.0
sexy	neg 1.0		neg 0.5078874979361189 off 0.4210000573515646 __DUMMY__ 0.07111244471231676	false	1.0
abraten	neg 1.0		neg 0.5101203310474088 off 0.4185062204931206 __DUMMY__ 0.07137344845947054	false	1.0
schwarz	neg 1.0		neg 0.5107796905350395 off 0.41815842179243257 __DUMMY__ 0.07106188767252794	false	1.0
fotze	off 1.0		neg 0.5154551967461737 off 0.4136151389628353 __DUMMY__ 0.07092966429099108	false	0.5
verwirren	neg 1.0		neg 0.509493300325016 off 0.41936950471731954 __DUMMY__ 0.07113719495766428	false	1.0
zahnlos	off 1.0		neg 0.5167309416988645 off 0.4123317890892115 __DUMMY__ 0.07093726921192409	false	0.5
verheeren	neg 1.0		neg 0.4985287031556951 off 0.4312051813878092 __DUMMY__ 0.0702661154564959	false	1.0
hippie	neg 1.0		neg 0.5085325407865908 off 0.4204205327210635 __DUMMY__ 0.07104692649234569	false	1.0
rammen	neg 1.0		neg 0.5079866948418681 off 0.42068050477893126 __DUMMY__ 0.07133280037920066	false	1.0
unlauter	neg 1.0	neg 1.0	neg 0.7427443122870551 off 0.22321794716660343 __DUMMY__ 0.03403774054634149	false	1.0
unheilvoll	neg 1.0		neg 0.5094891749364477 off 0.41919397190771746 __DUMMY__ 0.07131685315583478	false	1.0
niedrig	neg 1.0		neg 0.514512114495156 off 0.41416241203227067 __DUMMY__ 0.07132547347257329	false	1.0
explosion	neg 1.0		neg 0.5079814506057273 off 0.42077011003600057 __DUMMY__ 0.07124843935827219	false	1.0
weichei	off 1.0		neg 0.5019902833686902 off 0.42729997894180116 __DUMMY__ 0.07070973768950874	false	0.5
minusmensch	off 1.0		neg 0.5015359782371742 off 0.4286486013300747 __DUMMY__ 0.06981542043275107	false	0.5
farblos	neg 1.0		neg 0.5113978779042825 off 0.4174976433497159 __DUMMY__ 0.07110447874600162	false	1.0
unwissend	neg 1.0	neg 1.0	neg 0.7415877592595091 off 0.22441211094256983 __DUMMY__ 0.034000129797921	false	1.0
traurig	neg 1.0		neg 0.5040769878742924 off 0.4248628112906062 __DUMMY__ 0.07106020083510133	false	1.0
senkung	neg 1.0		neg 0.5089368220041444 off 0.41999482065549326 __DUMMY__ 0.07106835734036245	false	1.0
ungleich	neg 1.0	neg 1.0	neg 0.7464358623767245 off 0.2194619618653218 __DUMMY__ 0.034102175757953566	false	1.0
heikel	neg 1.0		neg 0.5179354192679994 off 0.41081579076410935 __DUMMY__ 0.07124878996789129	false	1.0
drosselung	neg 1.0		neg 0.5031740730457565 off 0.42570791186967305 __DUMMY__ 0.07111801508457054	false	1.0
falsch	neg 1.0		neg 0.508530767814582 off 0.42037984911187226 __DUMMY__ 0.07108938307354574	false	1.0
unzufriedenheit	neg 1.0		neg 0.5184675555563981 off 0.41034590590872294 __DUMMY__ 0.07118653853487898	false	1.0
kurz	neg 1.0		neg 0.5115151984563735 off 0.41674281058734436 __DUMMY__ 0.071741990956282	false	1.0
unsinnig	neg 1.0		neg 0.51551013262424 off 0.4133809706896706 __DUMMY__ 0.07110889668608958	false	1.0
penner	off 1.0	off 1.0	off 0.6991363341933244 neg 0.2669352338063648 __DUMMY__ 0.033928432000310746	false	1.0
seicht	neg 1.0		neg 0.5016802996306045 off 0.42806637703017475 __DUMMY__ 0.0702533233392209	false	1.0
dummheit	off 1.0	off 1.0	off 0.6927651283512205 neg 0.2732661507599104 __DUMMY__ 0.03396872088886918	false	1.0
unerfreulich	neg 1.0		neg 0.5172774069034796 off 0.4112445611540275 __DUMMY__ 0.07147803194249303	false	1.0
motherfucker	off 1.0	off 1.0	off 0.6961185906317157 neg 0.26994770057977435 __DUMMY__ 0.03393370878851	false	1.0
pikiert	neg 1.0		neg 0.5095114406678574 off 0.4197124928790531 __DUMMY__ 0.07077606645308966	false	1.0
wrack	neg 1.0		neg 0.5138865270046177 off 0.4147645540045489 __DUMMY__ 0.07134891899083345	false	1.0
gangster	neg 1.0		neg 0.5092847526639348 off 0.4196369317303921 __DUMMY__ 0.07107831560567324	false	1.0
krank	neg 1.0		neg 0.5043387840477014 off 0.42427870117743494 __DUMMY__ 0.0713825147748636	false	1.0
reich	neg 1.0		neg 0.5119000555250205 off 0.4180671302531167 __DUMMY__ 0.0700328142218629	false	1.0
gnadenlos	neg 1.0		neg 0.5118424757166338 off 0.41701981879480543 __DUMMY__ 0.0711377054885608	false	1.0
niedergeschlagen	neg 1.0		neg 0.5130768469506902 off 0.41550786164574804 __DUMMY__ 0.07141529140356183	false	1.0
terrorisieren	off 1.0	off 1.0	off 0.6898600538934808 neg 0.2759601249054031 __DUMMY__ 0.03417982120111603	false	1.0
sinnlosigkeit	neg 1.0		neg 0.5162810706522435 off 0.412714045928125 __DUMMY__ 0.07100488341963163	false	1.0
behindern	neg 1.0		neg 0.5112693173112189 off 0.4172936551536986 __DUMMY__ 0.07143702753508235	false	1.0
undemokratisch	neg 1.0		neg 0.5147340504139888 off 0.4148271402026107 __DUMMY__ 0.07043880938340046	false	1.0
wirtschaftskrise	neg 1.0		neg 0.5168702417959103 off 0.4123354523394597 __DUMMY__ 0.07079430586462998	false	1.0
neid	neg 1.0		neg 0.5074572516681712 off 0.4211663137345268 __DUMMY__ 0.071376434597302	false	1.0
rutschen	neg 1.0		neg 0.5147563834074589 off 0.4128502768870587 __DUMMY__ 0.07239333970548233	false	1.0
rezession	neg 1.0		neg 0.5052935785163013 off 0.4243495266249613 __DUMMY__ 0.07035689485873732	false	1.0
fehlgeburt	neg 1.0		neg 0.5130786059737097 off 0.4159838069331247 __DUMMY__ 0.07093758709316575	false	1.0
charakterschwach	off 1.0		neg 0.5081029728251165 off 0.421108050123961 __DUMMY__ 0.0707889770509224	false	0.5
isolation	neg 1.0		neg 0.5068925346344552 off 0.42202831527384854 __DUMMY__ 0.07107915009169637	false	1.0
ablenkung	neg 1.0		neg 0.5111416321401215 off 0.41744651933327337 __DUMMY__ 0.0714118485266052	false	1.0
pech	neg 1.0		neg 0.5080883491683545 off 0.42060326323969005 __DUMMY__ 0.07130838759195543	false	1.0
vermeidung	neg 1.0		neg 0.5038208883935765 off 0.4249193420534147 __DUMMY__ 0.07125976955300882	false	1.0
dominieren	neg 1.0		neg 0.5136247833643952 off 0.415157976886859 __DUMMY__ 0.07121723974874569	false	1.0
schwindlig	neg 1.0		neg 0.506980241740832 off 0.42142361694105285 __DUMMY__ 0.07159614131811523	false	1.0
lutscher	neg 1.0		neg 0.49994170821642686 off 0.4296949218906138 __DUMMY__ 0.07036336989295915	false	1.0
pflicht	neg 1.0		neg 0.5185903766850415 off 0.41023553078500474 __DUMMY__ 0.0711740925299537	false	1.0
faschist	off 1.0		neg 0.5147379585640879 off 0.415010669421912 __DUMMY__ 0.07025137201400015	false	0.5
verschleudern	neg 1.0		neg 0.5170888437313279 off 0.41203064278079315 __DUMMY__ 0.07088051348787901	false	1.0
wenn			neg 0.5085968238521136 off 0.4203138041105724 __DUMMY__ 0.07108937203731391	false	0.0
ehebruch	neg 1.0		neg 0.5181519239226067 off 0.41102732495000177 __DUMMY__ 0.07082075112739145	false	1.0
spott	off 1.0		neg 0.518262709799729 off 0.41081068210470534 __DUMMY__ 0.0709266080955655	false	0.5
trostlosigkeit	neg 1.0		neg 0.521027242894125 off 0.40829589828443846 __DUMMY__ 0.07067685882143658	false	1.0
lutschen	neg 1.0		neg 0.5090471320022977 off 0.420185555161924 __DUMMY__ 0.07076731283577836	false	1.0
undiszipliniert	neg 1.0		neg 0.5049718637336597 off 0.4240147453033829 __DUMMY__ 0.07101339096295758	false	1.0
kopfschmerz	neg 1.0		neg 0.511714145815033 off 0.4168625862986202 __DUMMY__ 0.07142326788634681	false	1.0
unvorhergesehen	neg 1.0		neg 0.5101332239883596 off 0.41786679095793 __DUMMY__ 0.0719999850537104	false	1.0
desinteressiert	neg 1.0		neg 0.506395596121396 off 0.42277703463424976 __DUMMY__ 0.07082736924435407	false	1.0
armselig	off 1.0		neg 0.5060923800302807 off 0.42323351215303195 __DUMMY__ 0.07067410781668734	false	0.5
desaster	neg 1.0		neg 0.5216270594395571 off 0.4074596586820156 __DUMMY__ 0.07091328187842738	false	1.0
tod	neg 1.0		neg 0.5194333844061357 off 0.409957481629451 __DUMMY__ 0.0706091339644132	false	1.0
herzlos	neg 1.0		neg 0.5037800246324183 off 0.4252524545842186 __DUMMY__ 0.0709675207833631	false	1.0
unwissenheit	neg 1.0		neg 0.5169162436755914 off 0.4121911132415393 __DUMMY__ 0.07089264308286931	false	1.0
widersinnig	neg 1.0		neg 0.5177921406334394 off 0.4117455507829871 __DUMMY__ 0.07046230858357347	false	1.0
bedenklich	neg 1.0		neg 0.5171819223801287 off 0.4116478703929317 __DUMMY__ 0.07117020722693959	false	1.0
beanstanden	neg 1.0		neg 0.5185531485502676 off 0.4101985614064455 __DUMMY__ 0.0712482900432868	false	1.0
panisch	neg 1.0	neg 1.0	neg 0.7406084857823084 off 0.22486426856745415 __DUMMY__ 0.034527245650237424	false	1.0
debil	off 1.0		neg 0.5204986591789099 off 0.40805206786069576 __DUMMY__ 0.07144927296039436	false	0.5
abstrich	neg 1.0		neg 0.5076698330642869 off 0.42041927704483517 __DUMMY__ 0.07191088989087778	false	1.0
primitiv	neg 1.0		neg 0.507496068938396 off 0.4217619600756074 __DUMMY__ 0.07074197098599658	false	1.0
abschaum	off 1.0	off 1.0	off 0.6938572139160551 neg 0.2722684541682815 __DUMMY__ 0.0338743319156634	false	1.0
provozieren	neg 1.0		neg 0.5139793763062784 off 0.4151436808088553 __DUMMY__ 0.07087694288486632	false	1.0
tot	neg 1.0		neg 0.5148472230152954 off 0.4142290844074471 __DUMMY__ 0.07092369257725738	false	1.0
instabil	neg 1.0		neg 0.5050741550455988 off 0.42436995095145474 __DUMMY__ 0.07055589400294654	false	1.0
schwuchtel	off 1.0		neg 0.4967936145489765 off 0.43338681241171156 __DUMMY__ 0.06981957303931192	false	0.5
zerren	neg 1.0		neg 0.5135274388775621 off 0.41509628592754266 __DUMMY__ 0.07137627519489528	false	1.0
kinderficker	off 1.0		neg 0.5054517189494395 off 0.424231773948692 __DUMMY__ 0.07031650710186843	false	0.5
gefahr	neg 1.0		neg 0.5174963988673127 off 0.4115235899841169 __DUMMY__ 0.07098001114857051	false	1.0
rabiat	neg 1.0		neg 0.5129050666489461 off 0.41595918656315484 __DUMMY__ 0.07113574678789901	false	1.0
verlangsamung	neg 1.0		neg 0.5009505193934211 off 0.4286347749602539 __DUMMY__ 0.07041470564632511	false	1.0
ausgestorben	neg 1.0		neg 0.5138255717869318 off 0.4148753780537909 __DUMMY__ 0.0712990501592774	false	1.0
anklagen	neg 1.0		neg 0.5149272623068818 off 0.41424692771531635 __DUMMY__ 0.07082580997780201	false	1.0
trott	neg 1.0		neg 0.5115790950400148 off 0.4170739916629853 __DUMMY__ 0.07134691329699984	false	1.0
verminderung	neg 1.0		neg 0.5047564860548298 off 0.4243196568573669 __DUMMY__ 0.07092385708780338	false	1.0
nach			neg 0.5165074594592352 off 0.411373862806729 __DUMMY__ 0.07211867773403588	false	0.0
rost	neg 1.0		neg 0.5009361622891702 off 0.428668352301247 __DUMMY__ 0.07039548540958271	false	1.0
destruktiv	neg 1.0		neg 0.5159735162101203 off 0.41326159518751626 __DUMMY__ 0.07076488860236323	false	1.0
unzumutbarkeit	neg 1.0		neg 0.5040952698961748 off 0.424714589921592 __DUMMY__ 0.07119014018223326	false	1.0
labil	off 1.0	off 1.0	off 0.6949463304215477 neg 0.2710957893083818 __DUMMY__ 0.03395788027007059	false	1.0
ziemlich	neg 1.0		neg 0.5064832236565231 off 0.42242053579856875 __DUMMY__ 0.07109624054490808	false	1.0
lachnummer	off 1.0		neg 0.5157288509755075 off 0.4134628317162664 __DUMMY__ 0.07080831730822615	false	0.5
oder			neg 0.5107651365073675 off 0.4176978137553933 __DUMMY__ 0.07153704973723914	false	0.0
verfall	neg 1.0		neg 0.5214351259669118 off 0.4072069178265597 __DUMMY__ 0.07135795620652864	false	1.0
ausgrenzung	neg 1.0		neg 0.5138764962899746 off 0.4156786946493771 __DUMMY__ 0.0704448090606484	false	1.0
unordnung	neg 1.0		neg 0.5051512488047454 off 0.4244206500873147 __DUMMY__ 0.07042810110793994	false	1.0
fehlverhalten	neg 1.0		neg 0.5185937883134367 off 0.4104758765837561 __DUMMY__ 0.07093033510280711	false	1.0
eine			neg 0.5170429670902934 off 0.4113923618594505 __DUMMY__ 0.07156467105025599	false	0.0
nille	neg 1.0		neg 0.5145570918082178 off 0.41468971477665545 __DUMMY__ 0.07075319341512686	false	1.0
qual	neg 1.0		neg 0.511934935904376 off 0.4167645588744427 __DUMMY__ 0.07130050522118135	false	1.0
verschwenden	neg 1.0		neg 0.5161020782572803 off 0.41257048848831823 __DUMMY__ 0.07132743325440145	false	1.0
riesig	neg 1.0		neg 0.5120153370960557 off 0.41656681667115714 __DUMMY__ 0.07141784623278706	false	1.0
verurteilen	neg 1.0		neg 0.5173719701160604 off 0.41185480754981546 __DUMMY__ 0.07077322233412418	false	1.0
klischee	neg 1.0	neg 1.0	neg 0.7428654813533627 off 0.2231838962658261 __DUMMY__ 0.033950622380811035	false	1.0
diktatorisch	neg 1.0		neg 0.5160393276538457 off 0.41373526414158956 __DUMMY__ 0.07022540820456481	false	1.0
vorhersehbar	neg 1.0		neg 0.5120933860726905 off 0.417088299473371 __DUMMY__ 0.07081831445393845	false	1.0
sowie			neg 0.5034530918031422 off 0.42622721014274756 __DUMMY__ 0.07031969805411036	false	0.0
stornieren	neg 1.0		neg 0.5077173641394792 off 0.4208336566421208 __DUMMY__ 0.07144897921839992	false	1.0
besteuerung	neg 1.0		neg 0.5112830241959864 off 0.4176753132869232 __DUMMY__ 0.0710416625170904	false	1.0
ungeschminkt	neg 1.0		neg 0.5057720785725065 off 0.42318523579049916 __DUMMY__ 0.07104268563699438	false	1.0
kritisch	neg 1.0		neg 0.5178853382109075 off 0.4111357403239077 __DUMMY__ 0.07097892146518466	false	1.0
schlamperei	off 1.0		neg 0.5173382642608947 off 0.4117345205253587 __DUMMY__ 0.07092721521374656	false	0.5
sucht	neg 1.0	neg 1.0	neg 0.7400906014824766 off 0.22541260005021116 __DUMMY__ 0.03449679846731217	false	1.0
egoistisch	off 1.0		neg 0.5024665917838931 off 0.42685277288481743 __DUMMY__ 0.07068063533128957	false	0.5
ausbeuter	off 1.0		neg 0.5193566809733162 off 0.4097841862115737 __DUMMY__ 0.07085913281511001	false	0.5
arschgeburt	off 1.0		neg 0.496926016039793 off 0.43324803327017763 __DUMMY__ 0.06982595069002938	false	0.5
schubs	neg 1.0	neg 1.0	neg 0.7433897270291991 off 0.22210323591315503 __DUMMY__ 0.03450703705764582	false	1.0
unsolide	neg 1.0		neg 0.5131013383761206 off 0.416888028214285 __DUMMY__ 0.07001063340959443	false	1.0
beschwerde	neg 1.0		neg 0.5160158715370978 off 0.4129958250819815 __DUMMY__ 0.07098830338092071	false	1.0
stocken	neg 1.0		neg 0.51490198854802 off 0.4137982893962775 __DUMMY__ 0.07129972205570238	false	1.0
isolieren	neg 1.0		neg 0.5110155013807821 off 0.4174095726221452 __DUMMY__ 0.07157492599707278	false	1.0
unheilbar	neg 1.0		neg 0.5128475573837485 off 0.41614223319712235 __DUMMY__ 0.07101020941912915	false	1.0
pisser	off 1.0		neg 0.5053327656196368 off 0.42412454526393095 __DUMMY__ 0.07054268911643233	false	0.5
löschen	neg 1.0		neg 0.5116216245187305 off 0.41730569777946497 __DUMMY__ 0.07107267770180453	false	1.0
durchfallen	neg 1.0		neg 0.5162309053921367 off 0.41255013118697137 __DUMMY__ 0.07121896342089198	false	1.0
wichser	off 1.0		neg 0.4983835361318968 off 0.4312035041856462 __DUMMY__ 0.07041295968245692	false	0.5
terror	neg 1.0		neg 0.5067253920111223 off 0.42189172139005304 __DUMMY__ 0.07138288659882465	false	1.0
krass	neg 1.0		neg 0.5033353991374878 off 0.4257436554133216 __DUMMY__ 0.07092094544919049	false	1.0
revolte	neg 1.0	neg 1.0	neg 0.7447207775401229 off 0.22169508540458574 __DUMMY__ 0.03358413705529137	false	1.0
besorgt	neg 1.0		neg 0.5117843167754312 off 0.4165182678727701 __DUMMY__ 0.07169741535179858	false	1.0
nachlassen	neg 1.0		neg 0.5122817755496304 off 0.4160863387977748 __DUMMY__ 0.0716318856525949	false	1.0
alt	neg 1.0		neg 0.5138738955074491 off 0.4143946754596392 __DUMMY__ 0.07173142903291178	false	1.0
hundesohn	off 1.0		neg 0.5012704116442847 off 0.4286802955935196 __DUMMY__ 0.07004929276219572	false	0.5
als			neg 0.5139874529000957 off 0.4145585936845939 __DUMMY__ 0.07145395341531036	false	0.0
abschreckung	neg 1.0		neg 0.5194571313843173 off 0.4095003586944097 __DUMMY__ 0.07104250992127302	false	1.0
unqualifiziert	neg 1.0		neg 0.5116791701221752 off 0.4174954909700405 __DUMMY__ 0.07082533890778431	false	1.0
abgewichst	off 1.0		neg 0.5141775083337302 off 0.41478242795948767 __DUMMY__ 0.07104006370678198	false	0.5
schwer	neg 1.0		neg 0.5123590486056563 off 0.4162840648567185 __DUMMY__ 0.07135688653762522	false	1.0
bedeutungslosigkeit	neg 1.0		neg 0.5191618695285677 off 0.4098741882891461 __DUMMY__ 0.07096394218228624	false	1.0
kapitulation	neg 1.0		neg 0.5195122099542675 off 0.4100534250264985 __DUMMY__ 0.07043436501923386	false	1.0
unscharf	neg 1.0		neg 0.5082210297651096 off 0.4205188440996855 __DUMMY__ 0.07126012613520492	false	1.0
schwinden	neg 1.0		neg 0.5165282931697827 off 0.4121355005042615 __DUMMY__ 0.071336206325956	false	1.0
versklavung	neg 1.0	neg 1.0	neg 0.7449521220828659 off 0.22125653095203784 __DUMMY__ 0.03379134696509624	false	1.0
schlecht	neg 1.0		neg 0.5058422704487053 off 0.423010546479381 __DUMMY__ 0.07114718307191363	false	1.0
verhasst	neg 1.0		neg 0.5143349355834412 off 0.4148665135874943 __DUMMY__ 0.07079855082906446	false	1.0
beschweren	neg 1.0		neg 0.5103876639979535 off 0.4183523705849275 __DUMMY__ 0.07125996541711882	false	1.0
scheiden	neg 1.0		neg 0.5133005942760516 off 0.41552863116934047 __DUMMY__ 0.07117077455460788	false	1.0
frustriert	neg 1.0		neg 0.5138759152198482 off 0.41484038874487394 __DUMMY__ 0.07128369603527777	false	1.0
schimmelig	neg 1.0		neg 0.5145068191447598 off 0.4140882109921157 __DUMMY__ 0.0714049698631246	false	1.0
fisch	neg 1.0		neg 0.5145661967096351 off 0.41408554198230463 __DUMMY__ 0.07134826130806031	false	1.0
schmuggel	neg 1.0		neg 0.5160945813844824 off 0.4123813833143285 __DUMMY__ 0.07152403530118921	false	1.0
auffallen	neg 1.0		neg 0.5100931704401961 off 0.4187063387130112 __DUMMY__ 0.07120049084679275	false	1.0
konkurrenz	neg 1.0		neg 0.5172974450814245 off 0.4112110373911801 __DUMMY__ 0.07149151752739533	false	1.0
teufelskreis	neg 1.0		neg 0.5145270720204815 off 0.4143671358072092 __DUMMY__ 0.07110579217230938	false	1.0
aufschreien	neg 1.0		neg 0.5119232981954358 off 0.4172017039488098 __DUMMY__ 0.07087499785575437	false	1.0
schuldner	neg 1.0		neg 0.5178294273981583 off 0.41121168892521887 __DUMMY__ 0.07095888367662281	false	1.0
missgeburt	off 1.0	off 1.0	off 0.6977738662628349 neg 0.2684838787869986 __DUMMY__ 0.03374225495016655	false	1.0
arbeitslos	neg 1.0		neg 0.5161102840530909 off 0.4128468489719774 __DUMMY__ 0.07104286697493184	false	1.0
befallen	neg 1.0		neg 0.518809412874849 off 0.4107212945540069 __DUMMY__ 0.07046929257114415	false	1.0
miesepetrig	off 1.0		neg 0.5052946698413141 off 0.42341322480956306 __DUMMY__ 0.07129210534912275	false	0.5
alarmieren	neg 1.0		neg 0.5091090769150838 off 0.4202047146106308 __DUMMY__ 0.07068620847428536	false	1.0
ungeduscht	off 1.0		neg 0.5079261142790905 off 0.42077778340313077 __DUMMY__ 0.07129610231777855	false	0.5
knappheit	neg 1.0		neg 0.514349345197684 off 0.4144345303612135 __DUMMY__ 0.07121612444110238	false	1.0
schlange	neg 1.0		neg 0.5092754648567182 off 0.4192332739720767 __DUMMY__ 0.07149126117120509	false	1.0
harsch	neg 1.0		neg 0.49905780660957505 off 0.4298973266449764 __DUMMY__ 0.07104486674544855	false	1.0
lang	neg 1.0		neg 0.5107390081953311 off 0.41804840348067557 __DUMMY__ 0.07121258832399326	false	1.0
ziellos	neg 1.0		neg 0.5148572157482173 off 0.41376245458073413 __DUMMY__ 0.07138032967104857	false	1.0
selbstverliebt	neg 1.0		neg 0.49948115831423234 off 0.4305631073890851 __DUMMY__ 0.06995573429668255	false	1.0
beseitigen	neg 1.0		neg 0.5094562488278501 off 0.4190596783705991 __DUMMY__ 0.07148407280155096	false	1.0
dumm	off 1.0		neg 0.5023040904680253 off 0.4271483936308541 __DUMMY__ 0.07054751590112067	false	0.5
arbeitsloser	neg 1.0		neg 0.5170106812860268 off 0.41192800210701797 __DUMMY__ 0.07106131660695535	false	1.0
blitzen	neg 1.0		neg 0.5090075195088821 off 0.4200088127405652 __DUMMY__ 0.07098366775055275	false	1.0
hilflos	neg 1.0		neg 0.5143675998407699 off 0.414353210606596 __DUMMY__ 0.07127918955263404	false	1.0
eklig	off 1.0		neg 0.5012354207003483 off 0.42824996669253684 __DUMMY__ 0.07051461260711471	false	0.5
begriff			neg 0.5147651597729163 off 0.41412139172581375 __DUMMY__ 0.07111344850127004	false	0.0
hungersnot	neg 1.0		neg 0.51730861481006 off 0.4123612545224205 __DUMMY__ 0.07033013066751956	false	1.0
ungesetzlich	neg 1.0		neg 0.5137604826597341 off 0.4158768186543644 __DUMMY__ 0.0703626986859015	false	1.0
verschwendung	neg 1.0		neg 0.5174054893933505 off 0.4113054288106411 __DUMMY__ 0.07128908179600844	false	1.0
schmerzvoll	neg 1.0		neg 0.5103067935129546 off 0.4184196864878623 __DUMMY__ 0.07127351999918295	false	1.0
vorzeitig	neg 1.0		neg 0.5067613359709695 off 0.422231822196433 __DUMMY__ 0.07100684183259741	false	1.0
unvollkommenheit	neg 1.0		neg 0.512389918120451 off 0.41647125520802164 __DUMMY__ 0.07113882667152742	false	1.0
intervenieren	neg 1.0		neg 0.5193563689346139 off 0.40987345686476284 __DUMMY__ 0.0707701742006232	false	1.0
banause	off 1.0		neg 0.5001892431051308 off 0.4294269309575639 __DUMMY__ 0.0703838259373054	false	0.5
rebell	neg 1.0		neg 0.5166230878352321 off 0.41182754298797314 __DUMMY__ 0.07154936917679473	false	1.0
unlogisch	neg 1.0		neg 0.5055339372641843 off 0.4237429298594596 __DUMMY__ 0.07072313287635616	false	1.0
leiden	neg 1.0	neg 1.0	neg 0.7433806241704124 off 0.22179132664634615 __DUMMY__ 0.03482804918324154	false	1.0
abschaffung	neg 1.0		neg 0.5132636261246701 off 0.41595443368727736 __DUMMY__ 0.0707819401880523	false	1.0
sturz	neg 1.0		neg 0.5130253146283292 off 0.41627581362861904 __DUMMY__ 0.07069887174305177	false	1.0
verkleinerung	neg 1.0		neg 0.5107705187786603 off 0.4186819048474617 __DUMMY__ 0.07054757637387803	false	1.0
schmarotzer	off 1.0		neg 0.5176887182093773 off 0.411460491542363 __DUMMY__ 0.07085079024825963	false	0.5
bestrafung	neg 1.0		neg 0.5126874628657422 off 0.4163837466593486 __DUMMY__ 0.0709287904749094	false	1.0
achtlos	neg 1.0		neg 0.5120751613445843 off 0.41651098605560843 __DUMMY__ 0.07141385259980716	false	1.0
ungeheuer	neg 1.0		neg 0.5109736661488062 off 0.4180485860217487 __DUMMY__ 0.07097774782944492	false	1.0
unaufrichtig	neg 1.0		neg 0.5122539122549841 off 0.4172146518431326 __DUMMY__ 0.0705314359018833	false	1.0
groggy	neg 1.0		neg 0.5095736335560663 off 0.41949583180046174 __DUMMY__ 0.07093053464347195	false	1.0
verletzlich	neg 1.0		neg 0.5069155509115993 off 0.4221821027189937 __DUMMY__ 0.070902346369407	false	1.0
ablehnen	neg 1.0		neg 0.5168836050269962 off 0.41221203401493517 __DUMMY__ 0.0709043609580686	false	1.0
