unsolidarisch	neg 1.0		neg 0.5171533018198649 off 0.4126539671190687 __DUMMY__ 0.07019273106106629	false	1.0
nachteilig	neg 1.0		neg 0.5150969828964962 off 0.4136370161290447 __DUMMY__ 0.07126600097445908	false	1.0
skeptisch	neg 1.0		neg 0.517794370697854 off 0.4107984629291388 __DUMMY__ 0.07140716637300727	false	1.0
schrecklich	neg 1.0		neg 0.5039253896454748 off 0.4252070355045676 __DUMMY__ 0.07086757484995748	false	1.0
schlapp	neg 1.0		neg 0.5058156048647969 off 0.42273318056545395 __DUMMY__ 0.07145121456974902	false	1.0
abfall	neg 1.0		neg 0.5189596609060352 off 0.4094950259981728 __DUMMY__ 0.0715453130957921	false	1.0
widerspenstig	neg 1.0		neg 0.5108991917014111 off 0.41753855026627085 __DUMMY__ 0.07156225803231801	false	1.0
abrupt	neg 1.0		neg 0.5110820802208982 off 0.4171122992589711 __DUMMY__ 0.07180562052013077	false	1.0
unwirksam	neg 1.0		neg 0.5142368453186188 off 0.4151399956853937 __DUMMY__ 0.07062315899598749	false	1.0
angreifen	neg 1.0		neg 0.5176123046059551 off 0.41123903251819593 __DUMMY__ 0.07114866287584877	false	1.0
inkonsistent	neg 1.0		neg 0.5099895571938591 off 0.41892652559101545 __DUMMY__ 0.07108391721512557	false	1.0
abrutschen	neg 1.0		neg 0.5184611694955227 off 0.40991732958333454 __DUMMY__ 0.07162150092114283	false	1.0
unsicher	neg 1.0		neg 0.5116262779638934 off 0.41697406563461314 __DUMMY__ 0.07139965640149354	false	1.0
bauernkind	off 1.0		neg 0.5025367540565256 off 0.4271530462852931 __DUMMY__ 0.07031019965818129	false	0.5
angreifer	neg 1.0		neg 0.5107290341450489 off 0.41850825492777066 __DUMMY__ 0.07076271092718045	false	1.0
trennen	neg 1.0		neg 0.5146275956582727 off 0.41353486483598684 __DUMMY__ 0.07183753950574052	false	1.0
schmutz	neg 1.0		neg 0.5026399313294507 off 0.4255499421679612 __DUMMY__ 0.07181012650258792	false	1.0
inkonsistenz	neg 1.0	neg 1.0	neg 0.742886501524723 off 0.22316025808047618 __DUMMY__ 0.033953240394800764	false	1.0
erschreckend	neg 1.0		neg 0.5145929277832216 off 0.4142827996261209 __DUMMY__ 0.07112427259065768	false	1.0
ertrinken	neg 1.0		neg 0.5149118227257318 off 0.4135614406552091 __DUMMY__ 0.071526736619059	false	1.0
pickelface	off 1.0		neg 0.5129190523718016 off 0.4161931171545287 __DUMMY__ 0.07088783047366967	false	0.5
seiner			neg 0.5169141799244097 off 0.4117686479982934 __DUMMY__ 0.07131717207729692	false	0.0
lauch	neg 1.0		neg 0.5174348416366575 off 0.4110710950128417 __DUMMY__ 0.07149406335050071	false	1.0
unwichtig	neg 1.0		neg 0.5080407456027022 off 0.420911826150355 __DUMMY__ 0.07104742824694273	false	1.0
steuerhinterziehung	neg 1.0		neg 0.5161663368018349 off 0.41320520859120047 __DUMMY__ 0.07062845460696462	false	1.0
schock	neg 1.0		neg 0.5117060659191497 off 0.4165623475802641 __DUMMY__ 0.07173158650058617	false	1.0
beule	neg 1.0		neg 0.5046827977852539 off 0.4239616663726043 __DUMMY__ 0.0713555358421416	false	1.0
vergelten	neg 1.0		neg 0.5039553821658863 off 0.42554451494404344 __DUMMY__ 0.07050010289007012	false	1.0
verdorbenheit	neg 1.0		neg 0.5088556162831562 off 0.4196027260465705 __DUMMY__ 0.07154165767027312	false	1.0
trauma	neg 1.0		neg 0.5106860741492901 off 0.4181810831526159 __DUMMY__ 0.07113284269809403	false	1.0
sinnlos	neg 1.0		neg 0.5102825768843148 off 0.4185536892939755 __DUMMY__ 0.07116373382170968	false	1.0
fettsack	off 1.0	off 1.0	off 0.6978964850977025 neg 0.26823760311285283 __DUMMY__ 0.033865911789444716	false	1.0
feige	off 1.0		neg 0.5104770741367219 off 0.4188246490019553 __DUMMY__ 0.0706982768613226	false	0.5
abdanken	neg 1.0		neg 0.5181396763187144 off 0.41160107940507695 __DUMMY__ 0.07025924427620873	false	1.0
wichtigtuer	off 1.0	off 1.0	off 0.6922434081538694 neg 0.273798542739665 __DUMMY__ 0.03395804910646569	false	1.0
misslingen	neg 1.0		neg 0.5086809276535419 off 0.4198693096063156 __DUMMY__ 0.07144976274014256	false	1.0
untreu	off 1.0		neg 0.5073717155029684 off 0.4216214999630785 __DUMMY__ 0.07100678453395301	false	0.5
missmutig	neg 1.0		neg 0.5075550951207988 off 0.4211519489999428 __DUMMY__ 0.07129295587925848	false	1.0
hurenbock	off 1.0		neg 0.5079215200526185 off 0.4204219693395301 __DUMMY__ 0.07165651060785132	false	0.5
betrunken	neg 1.0		neg 0.5045004249660345 off 0.424306381100694 __DUMMY__ 0.07119319393327152	false	1.0
korrupt	off 1.0		neg 0.5187233684927948 off 0.41078224722869533 __DUMMY__ 0.07049438427850982	false	0.5
unmut	neg 1.0		neg 0.5194123537596698 off 0.4092850993640297 __DUMMY__ 0.07130254687630053	false	1.0
hackfresse	off 1.0		neg 0.500884645559846 off 0.42844977724182026 __DUMMY__ 0.07066557719833368	false	0.5
aufblasen	neg 1.0		neg 0.5092714562433114 off 0.4192099295363766 __DUMMY__ 0.07151861422031194	false	1.0
gewaltsam	neg 1.0		neg 0.5135672388138071 off 0.41573015534348895 __DUMMY__ 0.07070260584270394	false	1.0
unbeliebtheit	neg 1.0		neg 0.5107720123187465 off 0.4192446193763822 __DUMMY__ 0.06998336830487141	false	1.0
sturheit	neg 1.0		neg 0.5160400945887025 off 0.4131364748730025 __DUMMY__ 0.07082343053829493	false	1.0
kuh	neg 1.0		neg 0.5106653291919996 off 0.41826393679732915 __DUMMY__ 0.07107073401067128	false	1.0
erschrecken	neg 1.0		neg 0.5082198152819306 off 0.4205408990200124 __DUMMY__ 0.0712392856980569	false	1.0
opfer	neg 1.0	neg 1.0	neg 0.7460886369542891 off 0.21974799424162 __DUMMY__ 0.034163368804090925	false	1.0
sinken	neg 1.0		neg 0.5179513181566154 off 0.41066462002120724 __DUMMY__ 0.07138406182217737	false	1.0
stinktier	neg 1.0		neg 0.5042136357131358 off 0.425118741315603 __DUMMY__ 0.07066762297126108	false	1.0
tucke	off 1.0		neg 0.4990497013546172 off 0.43010510575623134 __DUMMY__ 0.07084519288915146	false	0.5
ein			neg 0.508723440311659 off 0.4195040225578046 __DUMMY__ 0.0717725371305365	false	0.0
abstieg	neg 1.0		neg 0.5161164030455667 off 0.41299903754918027 __DUMMY__ 0.07088455940525308	false	1.0
missverstehen	neg 1.0		neg 0.5122865317037684 off 0.4168924508268959 __DUMMY__ 0.0708210174693357	false	1.0
ergebnislos	neg 1.0		neg 0.5158294896836435 off 0.41312721975625055 __DUMMY__ 0.07104329056010594	false	1.0
unter			neg 0.5188762659483143 off 0.4087980260559843 __DUMMY__ 0.07232570799570152	false	0.0
manipulieren	neg 1.0		neg 0.5172945100380566 off 0.4114714210510657 __DUMMY__ 0.07123406891087758	false	1.0
unbewiesen	neg 1.0		neg 0.5169346354563994 off 0.4128070188301248 __DUMMY__ 0.07025834571347589	false	1.0
verschleppen	neg 1.0		neg 0.5166570704906995 off 0.4124040637344723 __DUMMY__ 0.07093886577482823	false	1.0
weib	off 1.0		neg 0.49993861840688764 off 0.42952332934801746 __DUMMY__ 0.07053805224509493	false	0.5
opposition	neg 1.0		neg 0.5134808007540103 off 0.4159756878121168 __DUMMY__ 0.07054351143387291	false	1.0
verkehrswidrig	neg 1.0		neg 0.5006328746884194 off 0.4282856450808227 __DUMMY__ 0.07108148023075793	false	1.0
inkorrekt	neg 1.0		neg 0.5106616416803591 off 0.41903919026561914 __DUMMY__ 0.07029916805402182	false	1.0
vermeiden	neg 1.0		neg 0.5175113149936382 off 0.41046148923988013 __DUMMY__ 0.07202719576648162	false	1.0
abweichung	neg 1.0		neg 0.517172601708398 off 0.4120657690122688 __DUMMY__ 0.07076162927933335	false	1.0
alkoholisiert	neg 1.0		neg 0.512398772312363 off 0.41597897793027433 __DUMMY__ 0.07162224975736271	false	1.0
scheiss	off 1.0	off 1.0	off 0.696235446531955 neg 0.2696043149213595 __DUMMY__ 0.03416023854668543	false	1.0
herausforderung	neg 1.0		neg 0.5108227543327696 off 0.4171585446806786 __DUMMY__ 0.0720187009865517	false	1.0
pervers	off 1.0		neg 0.49729202469477124 off 0.4322793923114027 __DUMMY__ 0.07042858299382593	false	0.5
wackelig	neg 1.0		neg 0.5110230128249557 off 0.4169868612774663 __DUMMY__ 0.07199012589757797	false	1.0
verwickeln	neg 1.0		neg 0.511728029136899 off 0.41728604552424997 __DUMMY__ 0.07098592533885109	false	1.0
vorwand	neg 1.0		neg 0.5193513671585411 off 0.4095097640001378 __DUMMY__ 0.07113886884132128	false	1.0
muschi	off 1.0		neg 0.5138263936131809 off 0.41533968851248937 __DUMMY__ 0.07083391787432969	false	0.5
entmutigung	neg 1.0		neg 0.5163062195235054 off 0.413817206458395 __DUMMY__ 0.06987657401809974	false	1.0
unangemessen	neg 1.0		neg 0.5174271060217209 off 0.4117642678380063 __DUMMY__ 0.0708086261402728	false	1.0
unstetig	neg 1.0		neg 0.508816712534373 off 0.420214714630533 __DUMMY__ 0.07096857283509389	false	1.0
entmutigen	neg 1.0		neg 0.5108280701249832 off 0.4178812457139799 __DUMMY__ 0.07129068416103686	false	1.0
schwanz	neg 1.0		neg 0.5143966256244943 off 0.414403203445444 __DUMMY__ 0.07120017093006185	false	1.0
verbot	neg 1.0		neg 0.5171486183167725 off 0.4122052348956742 __DUMMY__ 0.07064614678755325	false	1.0
leid	neg 1.0		neg 0.5023383921397939 off 0.42686274012229747 __DUMMY__ 0.0707988677379086	false	1.0
archaisch	neg 1.0		neg 0.5163651477615027 off 0.4127469688723548 __DUMMY__ 0.07088788336614237	false	1.0
gegen			neg 0.5196062385492087 off 0.40939736283543005 __DUMMY__ 0.07099639861536122	false	0.0
scheidung	neg 1.0	neg 1.0	neg 0.7299157388384946 off 0.23618709375891458 __DUMMY__ 0.03389716740259084	false	1.0
einschlag	neg 1.0		neg 0.5041124131012724 off 0.4252795229161105 __DUMMY__ 0.07060806398261706	false	1.0
m			neg 0.5122427262592891 off 0.4162512432815157 __DUMMY__ 0.07150603045919533	false	0.0
abgestanden	neg 1.0		neg 0.5095855313534235 off 0.41876764127664656 __DUMMY__ 0.07164682736992978	false	1.0
schmierig	off 1.0		neg 0.5028150490512944 off 0.42622446302605155 __DUMMY__ 0.07096048792265411	false	0.5
unpraktisch	neg 1.0		neg 0.5087315246584361 off 0.4196540516930546 __DUMMY__ 0.07161442364850924	false	1.0
wixxer	off 1.0		neg 0.49811692442970895 off 0.4316481780542428 __DUMMY__ 0.07023489751604807	false	0.5
bezeichnet			neg 0.5152464494354073 off 0.4138877860254582 __DUMMY__ 0.07086576453913453	false	0.0
jammerlappen	off 1.0		neg 0.5083349403876716 off 0.42064995382544595 __DUMMY__ 0.07101510578688243	false	0.5
farce	neg 1.0		neg 0.5189472711512775 off 0.41082722976638786 __DUMMY__ 0.0702254990823348	false	1.0
zwecklos	neg 1.0		neg 0.5169264194514048 off 0.4120985236653027 __DUMMY__ 0.0709750568832925	false	1.0
turbulent	neg 1.0		neg 0.505021306341021 off 0.4242744701580942 __DUMMY__ 0.07070422350088475	false	1.0
invasion	neg 1.0		neg 0.5078039225392397 off 0.420854086624184 __DUMMY__ 0.07134199083657619	false	1.0
schuld	neg 1.0		neg 0.5123546444362836 off 0.4165710941108106 __DUMMY__ 0.07107426145290568	false	1.0
risiko	neg 1.0		neg 0.5060407723623614 off 0.4223598289805112 __DUMMY__ 0.07159939865712747	false	1.0
finster	neg 1.0		neg 0.5091947425866308 off 0.41911832453714676 __DUMMY__ 0.07168693287622246	false	1.0
geisteskrank	off 1.0		neg 0.5091473810550371 off 0.42035623833500896 __DUMMY__ 0.07049638060995407	false	0.5
zusammenbrechen	neg 1.0		neg 0.5127602337358123 off 0.41574960690175056 __DUMMY__ 0.07149015936243718	false	1.0
ausbeute	neg 1.0		neg 0.5128492675209646 off 0.41546490723881985 __DUMMY__ 0.07168582524021538	false	1.0
hinterhalt	neg 1.0		neg 0.5120184642663035 off 0.4169704463251546 __DUMMY__ 0.07101108940854177	false	1.0
kritik	neg 1.0		neg 0.51797033924488 off 0.41162086107539486 __DUMMY__ 0.07040879967972521	false	1.0
einschrumpfen	neg 1.0		neg 0.5113914496082923 off 0.41812513951014285 __DUMMY__ 0.07048341088156489	false	1.0
riskant	neg 1.0		neg 0.5162189167484548 off 0.41242501279863364 __DUMMY__ 0.07135607045291156	false	1.0
frustrieren	neg 1.0		neg 0.5169169529447865 off 0.41184207996535427 __DUMMY__ 0.07124096708985916	false	1.0
groll	neg 1.0		neg 0.5165990318811652 off 0.4124069121963148 __DUMMY__ 0.07099405592251996	false	1.0
gibt			neg 0.5143240163037548 off 0.41438044528575396 __DUMMY__ 0.0712955384104913	false	0.0
qualvoll	neg 1.0		neg 0.509250171968632 off 0.4194534930350824 __DUMMY__ 0.07129633499628547	false	1.0
wackeln	neg 1.0		neg 0.5090159377195138 off 0.4192872160517284 __DUMMY__ 0.07169684622875769	false	1.0
klagen	neg 1.0		neg 0.5196391853441057 off 0.40926822807731617 __DUMMY__ 0.07109258657857821	false	1.0
bankrott	neg 1.0		neg 0.5064018466260769 off 0.4223506786802174 __DUMMY__ 0.07124747469370568	false	1.0
trauern	neg 1.0		neg 0.5169085915978336 off 0.41189656289544924 __DUMMY__ 0.07119484550671715	false	1.0
ablehnung	neg 1.0	neg 1.0	neg 0.7463466587128595 off 0.21982128632130665 __DUMMY__ 0.03383205496583379	false	1.0
stur	neg 1.0		neg 0.5116386927759417 off 0.4172423379433562 __DUMMY__ 0.07111896928070213	false	1.0
aufruhr	neg 1.0		neg 0.5150447993340481 off 0.4143935684490202 __DUMMY__ 0.07056163221693167	false	1.0
melancholie	neg 1.0		neg 0.5123227361204904 off 0.41594410315273667 __DUMMY__ 0.07173316072677298	false	1.0
ist			neg 0.5114064693936484 off 0.41748213165626236 __DUMMY__ 0.07111139895008914	false	0.0
torheit	neg 1.0		neg 0.5161608241994229 off 0.4135791582633814 __DUMMY__ 0.07026001753719568	false	1.0
dreckskind	off 1.0		neg 0.504497879662699 off 0.4253064314376733 __DUMMY__ 0.07019568889962778	false	0.5
umtauschen	neg 1.0		neg 0.5106379629953475 off 0.4177603655686035 __DUMMY__ 0.0716016714360489	false	1.0
zum			neg 0.515347043512724 off 0.4123285708676816 __DUMMY__ 0.0723243856195946	false	0.0
zersetzen	neg 1.0		neg 0.5183066845893307 off 0.4105222030644558 __DUMMY__ 0.07117111234621369	false	1.0
zur			neg 0.5201989654224864 off 0.40830142486185694 __DUMMY__ 0.0714996097156566	false	0.0
frust	neg 1.0		neg 0.5139038848583821 off 0.41474674754529545 __DUMMY__ 0.07134936759632238	false	1.0
unerbittlichkeit	neg 1.0		neg 0.5178631816208138 off 0.4110687861358723 __DUMMY__ 0.07106803224331396	false	1.0
zwei			neg 0.5150545702828941 off 0.41292202419451984 __DUMMY__ 0.07202340552258603	false	0.0
unkorrekt	neg 1.0		neg 0.5094350426800591 off 0.4202044576971338 __DUMMY__ 0.07036049962280713	false	1.0
hexe	off 1.0		neg 0.5066950242866902 off 0.4222005407453267 __DUMMY__ 0.07110443496798297	false	0.5
lasch	neg 1.0		neg 0.5113958180233783 off 0.4178726215967007 __DUMMY__ 0.07073156037992098	false	1.0
rivale	neg 1.0		neg 0.5040490212927553 off 0.42523355667616636 __DUMMY__ 0.07071742203107838	false	1.0
mutlos	off 1.0	off 1.0	off 0.6894019696454922 neg 0.276586000952343 __DUMMY__ 0.03401202940216483	false	1.0
wirr	off 1.0		neg 0.5068510180722758 off 0.4226847415399475 __DUMMY__ 0.07046424038777671	false	0.5
jahr			neg 0.5128708377308044 off 0.4152150922432947 __DUMMY__ 0.0719140700259009	false	0.0
wird			neg 0.5156407574991713 off 0.41302930582201924 __DUMMY__ 0.07132993667880957	false	0.0
strafbar	neg 1.0		neg 0.5190448575535497 off 0.41016622735080793 __DUMMY__ 0.07078891509564247	false	1.0
erosion	neg 1.0		neg 0.5092987056676465 off 0.41927774943088014 __DUMMY__ 0.07142354490147346	false	1.0
eingehen	neg 1.0		neg 0.5167821062049427 off 0.41214466749878825 __DUMMY__ 0.07107322629626898	false	1.0
faul	off 1.0		neg 0.5056072839145707 off 0.42286707599088774 __DUMMY__ 0.07152564009454167	false	0.5
provisorium	neg 1.0		neg 0.5207456124821906 off 0.40715979159525845 __DUMMY__ 0.07209459592255098	false	1.0
schmerzen	neg 1.0		neg 0.5121507042211111 off 0.41635005973780803 __DUMMY__ 0.07149923604108098	false	1.0
schrumpfen	neg 1.0		neg 0.5199290918795307 off 0.40844925998310244 __DUMMY__ 0.07162164813736682	false	1.0
geistlos	off 1.0		neg 0.514497831310324 off 0.41527685319868446 __DUMMY__ 0.07022531549099145	false	0.5
fehlkauf	neg 1.0		neg 0.5108582373686841 off 0.4182931797148427 __DUMMY__ 0.07084858291647325	false	1.0
frustrierend	neg 1.0		neg 0.5082176786818732 off 0.4205343498925607 __DUMMY__ 0.07124797142556617	false	1.0
unzufrieden	neg 1.0		neg 0.5155865470473894 off 0.41321497346128927 __DUMMY__ 0.07119847949132131	false	1.0
verzweifeln	neg 1.0		neg 0.5125522652882469 off 0.41607992883050426 __DUMMY__ 0.07136780588124879	false	1.0
verzweifelt	neg 1.0		neg 0.5116093664823077 off 0.4172462607487351 __DUMMY__ 0.07114437276895716	false	1.0
misstrauensantrag	neg 1.0		neg 0.5108298679198343 off 0.4183419579651605 __DUMMY__ 0.0708281741150052	false	1.0
abfallen	neg 1.0		neg 0.508179011832087 off 0.42001285665668764 __DUMMY__ 0.07180813151122527	false	1.0
fucker	off 1.0		neg 0.5059431895498686 off 0.4233755191854 __DUMMY__ 0.07068129126473127	false	0.5
ungezogen	neg 1.0		neg 0.49889558448586546 off 0.43042550628285603 __DUMMY__ 0.07067890923127855	false	1.0
irrsinnig	neg 1.0	neg 1.0	neg 0.7438787615787767 off 0.22204084227769294 __DUMMY__ 0.03408039614353022	false	1.0
unfassbar	neg 1.0		neg 0.5076991650669568 off 0.42128834737920434 __DUMMY__ 0.07101248755383893	false	1.0
hart	neg 1.0		neg 0.5079167002790266 off 0.42122424486837756 __DUMMY__ 0.07085905485259589	false	1.0
widerlich	off 1.0		neg 0.5080971535901851 off 0.4211466241695378 __DUMMY__ 0.07075622224027694	false	0.5
fatal	neg 1.0		neg 0.5102718395476032 off 0.418753917353381 __DUMMY__ 0.07097424309901564	false	1.0
bruch	neg 1.0		neg 0.5212180501228261 off 0.4078708335341821 __DUMMY__ 0.0709111163429919	false	1.0
aushungern	neg 1.0		neg 0.5157993234117252 off 0.41367973889433424 __DUMMY__ 0.07052093769394062	false	1.0
anspannung	neg 1.0		neg 0.5171556074058585 off 0.41101995796113505 __DUMMY__ 0.07182443463300638	false	1.0
von			neg 0.5146729552825934 off 0.4135221628124838 __DUMMY__ 0.0718048819049229	false	0.0
kraftlos	neg 1.0		neg 0.5123084585344158 off 0.4158505756725963 __DUMMY__ 0.07184096579298786	false	1.0
vom			neg 0.5187721147500257 off 0.4090272202032208 __DUMMY__ 0.07220066504675363	false	0.0
grenzdebil	off 1.0		neg 0.5057891088024441 off 0.42309648480284784 __DUMMY__ 0.07111440639470808	false	0.5
vor			neg 0.5169215821231191 off 0.41142240242098477 __DUMMY__ 0.07165601545589594	false	0.0
unterwerfen	neg 1.0		neg 0.5176123175654226 off 0.4113886115883571 __DUMMY__ 0.07099907084622024	false	1.0
versenkung	neg 1.0		neg 0.5167784010707672 off 0.41197063254018834 __DUMMY__ 0.07125096638904439	false	1.0
entziehen	neg 1.0		neg 0.51959027897101 off 0.40919835786868203 __DUMMY__ 0.07121136316030809	false	1.0
finanzkrise	neg 1.0		neg 0.5158246891707895 off 0.41361693010991607 __DUMMY__ 0.07055838071929452	false	1.0
schimpfend	neg 1.0		neg 0.5067328470761195 off 0.42137795500506514 __DUMMY__ 0.07188919791881532	false	1.0
profan	neg 1.0		neg 0.5102558694863746 off 0.4185749411855068 __DUMMY__ 0.07116918932811866	false	1.0
korruption	neg 1.0		neg 0.5179904435979713 off 0.41142194907558693 __DUMMY__ 0.0705876073264418	false	1.0
â			neg 0.5136585457910342 off 0.4148968071165018 __DUMMY__ 0.07144464709246395	false	0.0
schmutzig	neg 1.0		neg 0.5049418207403001 off 0.4236769755443255 __DUMMY__ 0.0713812037153743	false	1.0
sexy	neg 1.0		neg 0.5078874979361185 off 0.4210000573515648 __DUMMY__ 0.07111244471231667	false	1.0
abraten	neg 1.0		neg 0.5101203310474095 off 0.4185062204931199 __DUMMY__ 0.07137344845947055	false	1.0
schwarz	neg 1.0		neg 0.5107796905350395 off 0.4181584217924328 __DUMMY__ 0.07106188767252777	false	1.0
fotze	off 1.0		neg 0.5154551967461732 off 0.4136151389628355 __DUMMY__ 0.0709296642909911	false	0.5
verwirren	neg 1.0		neg 0.509493300325016 off 0.4193695047173196 __DUMMY__ 0.07113719495766427	false	1.0
zahnlos	off 1.0		neg 0.5167309416988637 off 0.4123317890892122 __DUMMY__ 0.07093726921192411	false	0.5
verheeren	neg 1.0		neg 0.4985287031556951 off 0.43120518138780906 __DUMMY__ 0.0702661154564959	false	1.0
hippie	neg 1.0		neg 0.5085325407865905 off 0.42042053272106406 __DUMMY__ 0.07104692649234558	false	1.0
rammen	neg 1.0		neg 0.5079866948418679 off 0.4206805047789317 __DUMMY__ 0.07133280037920059	false	1.0
unlauter	neg 1.0	neg 1.0	neg 0.7427443122870553 off 0.22321794716660315 __DUMMY__ 0.03403774054634154	false	1.0
unheilvoll	neg 1.0		neg 0.5094891749364482 off 0.41919397190771707 __DUMMY__ 0.07131685315583473	false	1.0
niedrig	neg 1.0		neg 0.514512114495156 off 0.4141624120322706 __DUMMY__ 0.07132547347257331	false	1.0
explosion	neg 1.0		neg 0.5079814506057276 off 0.4207701100360003 __DUMMY__ 0.07124843935827217	false	1.0
weichei	off 1.0		neg 0.5019902833686902 off 0.427299978941801 __DUMMY__ 0.0707097376895088	false	0.5
minusmensch	off 1.0		neg 0.5015359782371743 off 0.4286486013300745 __DUMMY__ 0.06981542043275109	false	0.5
farblos	neg 1.0		neg 0.5113978779042824 off 0.41749764334971606 __DUMMY__ 0.07110447874600168	false	1.0
unwissend	neg 1.0	neg 1.0	neg 0.7415877592595091 off 0.22441211094257 __DUMMY__ 0.03400012979792097	false	1.0
traurig	neg 1.0		neg 0.5040769878742924 off 0.42486281129060616 __DUMMY__ 0.07106020083510135	false	1.0
senkung	neg 1.0		neg 0.5089368220041447 off 0.41999482065549293 __DUMMY__ 0.07106835734036235	false	1.0
ungleich	neg 1.0	neg 1.0	neg 0.7464358623767245 off 0.21946196186532188 __DUMMY__ 0.03410217575795354	false	1.0
heikel	neg 1.0		neg 0.5179354192679996 off 0.4108157907641092 __DUMMY__ 0.07124878996789108	false	1.0
drosselung	neg 1.0		neg 0.5031740730457565 off 0.4257079118696732 __DUMMY__ 0.07111801508457043	false	1.0
falsch	neg 1.0		neg 0.5085307678145823 off 0.42037984911187204 __DUMMY__ 0.07108938307354566	false	1.0
unzufriedenheit	neg 1.0		neg 0.5184675555563979 off 0.41034590590872333 __DUMMY__ 0.07118653853487887	false	1.0
kurz	neg 1.0		neg 0.511515198456374 off 0.4167428105873439 __DUMMY__ 0.07174199095628203	false	1.0
unsinnig	neg 1.0		neg 0.51551013262424 off 0.41338097068967045 __DUMMY__ 0.07110889668608954	false	1.0
penner	off 1.0	off 1.0	off 0.6991363341933243 neg 0.2669352338063649 __DUMMY__ 0.03392843200031074	false	1.0
seicht	neg 1.0		neg 0.5016802996306043 off 0.42806637703017475 __DUMMY__ 0.07025332333922081	false	1.0
dummheit	off 1.0	off 1.0	off 0.6927651283512204 neg 0.2732661507599104 __DUMMY__ 0.033968720888869236	false	1.0
unerfreulich	neg 1.0		neg 0.5172774069034792 off 0.4112445611540275 __DUMMY__ 0.07147803194249315	false	1.0
motherfucker	off 1.0	off 1.0	off 0.6961185906317161 neg 0.26994770057977396 __DUMMY__ 0.033933708788509924	false	1.0
pikiert	neg 1.0		neg 0.5095114406678573 off 0.4197124928790529 __DUMMY__ 0.07077606645308977	false	1.0
wrack	neg 1.0		neg 0.5138865270046172 off 0.41476455400454926 __DUMMY__ 0.07134891899083343	false	1.0
gangster	neg 1.0		neg 0.5092847526639347 off 0.4196369317303921 __DUMMY__ 0.07107831560567333	false	1.0
krank	neg 1.0		neg 0.5043387840477019 off 0.4242787011774344 __DUMMY__ 0.07138251477486356	false	1.0
reich	neg 1.0		neg 0.5119000555250206 off 0.4180671302531166 __DUMMY__ 0.07003281422186292	false	1.0
gnadenlos	neg 1.0		neg 0.511842475716634 off 0.4170198187948051 __DUMMY__ 0.07113770548856074	false	1.0
niedergeschlagen	neg 1.0		neg 0.5130768469506902 off 0.41550786164574804 __DUMMY__ 0.07141529140356183	false	1.0
terrorisieren	off 1.0	off 1.0	off 0.6898600538934805 neg 0.2759601249054035 __DUMMY__ 0.03417982120111605	false	1.0
sinnlosigkeit	neg 1.0		neg 0.516281070652243 off 0.4127140459281255 __DUMMY__ 0.07100488341963153	false	1.0
behindern	neg 1.0		neg 0.5112693173112192 off 0.41729365515369826 __DUMMY__ 0.07143702753508242	false	1.0
undemokratisch	neg 1.0		neg 0.5147340504139887 off 0.4148271402026108 __DUMMY__ 0.07043880938340044	false	1.0
wirtschaftskrise	neg 1.0		neg 0.5168702417959105 off 0.41233545233945956 __DUMMY__ 0.07079430586463005	false	1.0
neid	neg 1.0		neg 0.5074572516681717 off 0.4211663137345264 __DUMMY__ 0.07137643459730193	false	1.0
rutschen	neg 1.0		neg 0.5147563834074593 off 0.4128502768870583 __DUMMY__ 0.07239333970548228	false	1.0
rezession	neg 1.0		neg 0.5052935785163019 off 0.42434952662496084 __DUMMY__ 0.07035689485873732	false	1.0
fehlgeburt	neg 1.0		neg 0.51307860597371 off 0.4159838069331244 __DUMMY__ 0.07093758709316565	false	1.0
charakterschwach	off 1.0		neg 0.5081029728251165 off 0.42110805012396113 __DUMMY__ 0.07078897705092235	false	0.5
isolation	neg 1.0		neg 0.5068925346344549 off 0.42202831527384865 __DUMMY__ 0.07107915009169655	false	1.0
ablenkung	neg 1.0		neg 0.5111416321401215 off 0.4174465193332733 __DUMMY__ 0.07141184852660533	false	1.0
pech	neg 1.0		neg 0.5080883491683539 off 0.42060326323969066 __DUMMY__ 0.07130838759195543	false	1.0
vermeidung	neg 1.0		neg 0.5038208883935764 off 0.4249193420534146 __DUMMY__ 0.07125976955300893	false	1.0
dominieren	neg 1.0		neg 0.5136247833643955 off 0.41515797688685874 __DUMMY__ 0.07121723974874569	false	1.0
schwindlig	neg 1.0		neg 0.5069802417408321 off 0.42142361694105274 __DUMMY__ 0.07159614131811522	false	1.0
lutscher	neg 1.0		neg 0.49994170821642653 off 0.4296949218906144 __DUMMY__ 0.07036336989295892	false	1.0
pflicht	neg 1.0		neg 0.5185903766850409 off 0.41023553078500535 __DUMMY__ 0.07117409252995385	false	1.0
faschist	off 1.0		neg 0.514737958564088 off 0.41501066942191195 __DUMMY__ 0.07025137201400013	false	0.5
verschleudern	neg 1.0		neg 0.5170888437313281 off 0.4120306427807929 __DUMMY__ 0.070880513487879	false	1.0
wenn			neg 0.5085968238521134 off 0.42031380411057273 __DUMMY__ 0.07108937203731382	false	0.0
ehebruch	neg 1.0		neg 0.5181519239226063 off 0.41102732495000216 __DUMMY__ 0.0708207511273915	false	1.0
spott	off 1.0		neg 0.5182627097997294 off 0.410810682104705 __DUMMY__ 0.07092660809556552	false	0.5
trostlosigkeit	neg 1.0		neg 0.521027242894125 off 0.40829589828443835 __DUMMY__ 0.07067685882143658	false	1.0
lutschen	neg 1.0		neg 0.5090471320022976 off 0.4201855551619241 __DUMMY__ 0.07076731283577835	false	1.0
undiszipliniert	neg 1.0		neg 0.5049718637336594 off 0.4240147453033828 __DUMMY__ 0.07101339096295761	false	1.0
kopfschmerz	neg 1.0		neg 0.5117141458150328 off 0.4168625862986203 __DUMMY__ 0.07142326788634687	false	1.0
unvorhergesehen	neg 1.0		neg 0.51013322398836 off 0.4178667909579295 __DUMMY__ 0.07199998505371052	false	1.0
desinteressiert	neg 1.0		neg 0.5063955961213958 off 0.4227770346342499 __DUMMY__ 0.07082736924435411	false	1.0
armselig	off 1.0		neg 0.5060923800302807 off 0.4232335121530322 __DUMMY__ 0.07067410781668715	false	0.5
desaster	neg 1.0		neg 0.5216270594395569 off 0.40745965868201567 __DUMMY__ 0.07091328187842735	false	1.0
tod	neg 1.0		neg 0.519433384406136 off 0.4099574816294509 __DUMMY__ 0.07060913396441316	false	1.0
herzlos	neg 1.0		neg 0.5037800246324183 off 0.42525245458421884 __DUMMY__ 0.07096752078336296	false	1.0
unwissenheit	neg 1.0		neg 0.5169162436755911 off 0.4121911132415395 __DUMMY__ 0.07089264308286938	false	1.0
widersinnig	neg 1.0		neg 0.5177921406334397 off 0.41174555078298675 __DUMMY__ 0.0704623085835735	false	1.0
bedenklich	neg 1.0		neg 0.5171819223801293 off 0.41164787039293116 __DUMMY__ 0.07117020722693956	false	1.0
beanstanden	neg 1.0		neg 0.5185531485502669 off 0.4101985614064461 __DUMMY__ 0.07124829004328677	false	1.0
panisch	neg 1.0	neg 1.0	neg 0.7406084857823088 off 0.22486426856745376 __DUMMY__ 0.03452724565023744	false	1.0
debil	off 1.0		neg 0.5204986591789099 off 0.4080520678606957 __DUMMY__ 0.07144927296039442	false	0.5
abstrich	neg 1.0		neg 0.5076698330642877 off 0.42041927704483434 __DUMMY__ 0.07191088989087777	false	1.0
primitiv	neg 1.0		neg 0.5074960689383965 off 0.4217619600756068 __DUMMY__ 0.07074197098599663	false	1.0
abschaum	off 1.0	off 1.0	off 0.6938572139160553 neg 0.2722684541682814 __DUMMY__ 0.03387433191566334	false	1.0
provozieren	neg 1.0		neg 0.5139793763062783 off 0.4151436808088553 __DUMMY__ 0.07087694288486648	false	1.0
tot	neg 1.0		neg 0.5148472230152957 off 0.4142290844074468 __DUMMY__ 0.07092369257725735	false	1.0
instabil	neg 1.0		neg 0.5050741550455988 off 0.4243699509514546 __DUMMY__ 0.07055589400294657	false	1.0
schwuchtel	off 1.0		neg 0.49679361454897664 off 0.4333868124117114 __DUMMY__ 0.069819573039312	false	0.5
zerren	neg 1.0		neg 0.5135274388775614 off 0.4150962859275433 __DUMMY__ 0.0713762751948953	false	1.0
kinderficker	off 1.0		neg 0.5054517189494394 off 0.4242317739486921 __DUMMY__ 0.07031650710186851	false	0.5
gefahr	neg 1.0		neg 0.5174963988673129 off 0.41152358998411664 __DUMMY__ 0.07098001114857053	false	1.0
rabiat	neg 1.0		neg 0.512905066648946 off 0.41595918656315495 __DUMMY__ 0.07113574678789895	false	1.0
verlangsamung	neg 1.0		neg 0.5009505193934213 off 0.4286347749602537 __DUMMY__ 0.07041470564632504	false	1.0
ausgestorben	neg 1.0		neg 0.5138255717869313 off 0.41487537805379127 __DUMMY__ 0.07129905015927726	false	1.0
anklagen	neg 1.0		neg 0.514927262306882 off 0.414246927715316 __DUMMY__ 0.07082580997780209	false	1.0
trott	neg 1.0		neg 0.5115790950400143 off 0.41707399166298575 __DUMMY__ 0.07134691329699984	false	1.0
verminderung	neg 1.0		neg 0.5047564860548304 off 0.42431965685736633 __DUMMY__ 0.07092385708780337	false	1.0
nach			neg 0.5165074594592353 off 0.411373862806729 __DUMMY__ 0.07211867773403584	false	0.0
rost	neg 1.0		neg 0.5009361622891702 off 0.42866835230124717 __DUMMY__ 0.07039548540958274	false	1.0
destruktiv	neg 1.0		neg 0.5159735162101197 off 0.41326159518751693 __DUMMY__ 0.07076488860236325	false	1.0
unzumutbarkeit	neg 1.0		neg 0.5040952698961753 off 0.42471458992159156 __DUMMY__ 0.0711901401822332	false	1.0
labil	off 1.0	off 1.0	off 0.6949463304215481 neg 0.2710957893083814 __DUMMY__ 0.0339578802700706	false	1.0
ziemlich	neg 1.0		neg 0.506483223656524 off 0.4224205357985678 __DUMMY__ 0.07109624054490814	false	1.0
lachnummer	off 1.0		neg 0.5157288509755079 off 0.4134628317162659 __DUMMY__ 0.0708083173082262	false	0.5
oder			neg 0.5107651365073682 off 0.41769781375539267 __DUMMY__ 0.07153704973723912	false	0.0
verfall	neg 1.0		neg 0.5214351259669114 off 0.40720691782655977 __DUMMY__ 0.07135795620652874	false	1.0
ausgrenzung	neg 1.0		neg 0.5138764962899749 off 0.4156786946493769 __DUMMY__ 0.07044480906064826	false	1.0
unordnung	neg 1.0		neg 0.5051512488047462 off 0.4244206500873139 __DUMMY__ 0.07042810110793993	false	1.0
fehlverhalten	neg 1.0		neg 0.5185937883134368 off 0.41047587658375595 __DUMMY__ 0.07093033510280713	false	1.0
eine			neg 0.5170429670902936 off 0.41139236185945055 __DUMMY__ 0.07156467105025599	false	0.0
nille	neg 1.0		neg 0.5145570918082185 off 0.4146897147766548 __DUMMY__ 0.07075319341512686	false	1.0
qual	neg 1.0		neg 0.5119349359043759 off 0.4167645588744426 __DUMMY__ 0.07130050522118132	false	1.0
verschwenden	neg 1.0		neg 0.5161020782572805 off 0.4125704884883179 __DUMMY__ 0.0713274332544015	false	1.0
riesig	neg 1.0		neg 0.5120153370960557 off 0.41656681667115725 __DUMMY__ 0.07141784623278719	false	1.0
verurteilen	neg 1.0		neg 0.5173719701160608 off 0.41185480754981496 __DUMMY__ 0.07077322233412418	false	1.0
klischee	neg 1.0	neg 1.0	neg 0.7428654813533626 off 0.22318389626582633 __DUMMY__ 0.033950622380810994	false	1.0
diktatorisch	neg 1.0		neg 0.5160393276538452 off 0.4137352641415899 __DUMMY__ 0.07022540820456491	false	1.0
vorhersehbar	neg 1.0		neg 0.51209338607269 off 0.41708829947337167 __DUMMY__ 0.07081831445393842	false	1.0
sowie			neg 0.503453091803142 off 0.42622721014274767 __DUMMY__ 0.0703196980541104	false	0.0
stornieren	neg 1.0		neg 0.5077173641394794 off 0.42083365664212063 __DUMMY__ 0.07144897921839997	false	1.0
besteuerung	neg 1.0		neg 0.5112830241959867 off 0.4176753132869229 __DUMMY__ 0.07104166251709033	false	1.0
ungeschminkt	neg 1.0		neg 0.5057720785725065 off 0.423185235790499 __DUMMY__ 0.07104268563699444	false	1.0
kritisch	neg 1.0		neg 0.5178853382109074 off 0.4111357403239081 __DUMMY__ 0.07097892146518452	false	1.0
schlamperei	off 1.0		neg 0.5173382642608945 off 0.4117345205253589 __DUMMY__ 0.07092721521374658	false	0.5
sucht	neg 1.0	neg 1.0	neg 0.7400906014824766 off 0.2254126000502113 __DUMMY__ 0.034496798467312156	false	1.0
egoistisch	off 1.0		neg 0.5024665917838931 off 0.4268527728848174 __DUMMY__ 0.07068063533128954	false	0.5
ausbeuter	off 1.0		neg 0.5193566809733163 off 0.40978418621157375 __DUMMY__ 0.0708591328151099	false	0.5
arschgeburt	off 1.0		neg 0.4969260160397931 off 0.43324803327017736 __DUMMY__ 0.06982595069002952	false	0.5
schubs	neg 1.0	neg 1.0	neg 0.743389727029199 off 0.22210323591315526 __DUMMY__ 0.034507037057645795	false	1.0
unsolide	neg 1.0		neg 0.5131013383761205 off 0.41688802821428494 __DUMMY__ 0.07001063340959449	false	1.0
beschwerde	neg 1.0		neg 0.5160158715370979 off 0.4129958250819814 __DUMMY__ 0.07098830338092073	false	1.0
stocken	neg 1.0		neg 0.5149019885480202 off 0.41379828939627744 __DUMMY__ 0.07129972205570238	false	1.0
isolieren	neg 1.0		neg 0.5110155013807818 off 0.4174095726221454 __DUMMY__ 0.07157492599707278	false	1.0
unheilbar	neg 1.0		neg 0.5128475573837485 off 0.4161422331971222 __DUMMY__ 0.07101020941912918	false	1.0
pisser	off 1.0		neg 0.5053327656196375 off 0.42412454526393023 __DUMMY__ 0.07054268911643234	false	0.5
löschen	neg 1.0		neg 0.5116216245187295 off 0.41730569777946586 __DUMMY__ 0.07107267770180467	false	1.0
durchfallen	neg 1.0		neg 0.5162309053921367 off 0.4125501311869713 __DUMMY__ 0.07121896342089201	false	1.0
wichser	off 1.0		neg 0.4983835361318967 off 0.4312035041856464 __DUMMY__ 0.07041295968245684	false	0.5
terror	neg 1.0		neg 0.5067253920111223 off 0.42189172139005326 __DUMMY__ 0.07138288659882448	false	1.0
krass	neg 1.0		neg 0.5033353991374875 off 0.42574365541332193 __DUMMY__ 0.07092094544919059	false	1.0
revolte	neg 1.0	neg 1.0	neg 0.7447207775401228 off 0.22169508540458585 __DUMMY__ 0.03358413705529138	false	1.0
besorgt	neg 1.0		neg 0.5117843167754307 off 0.41651826787277074 __DUMMY__ 0.07169741535179856	false	1.0
nachlassen	neg 1.0		neg 0.51228177554963 off 0.41608633879777496 __DUMMY__ 0.07163188565259504	false	1.0
alt	neg 1.0		neg 0.5138738955074488 off 0.41439467545963954 __DUMMY__ 0.07173142903291169	false	1.0
hundesohn	off 1.0		neg 0.5012704116442845 off 0.4286802955935197 __DUMMY__ 0.07004929276219563	false	0.5
als			neg 0.5139874529000961 off 0.4145585936845936 __DUMMY__ 0.07145395341531038	false	0.0
abschreckung	neg 1.0		neg 0.5194571313843174 off 0.4095003586944095 __DUMMY__ 0.07104250992127305	false	1.0
unqualifiziert	neg 1.0		neg 0.5116791701221751 off 0.4174954909700405 __DUMMY__ 0.0708253389077844	false	1.0
abgewichst	off 1.0		neg 0.514177508333731 off 0.41478242795948683 __DUMMY__ 0.07104006370678215	false	0.5
schwer	neg 1.0		neg 0.5123590486056563 off 0.4162840648567185 __DUMMY__ 0.07135688653762526	false	1.0
bedeutungslosigkeit	neg 1.0		neg 0.5191618695285668 off 0.40987418828914673 __DUMMY__ 0.07096394218228641	false	1.0
kapitulation	neg 1.0		neg 0.5195122099542673 off 0.410053425026499 __DUMMY__ 0.07043436501923384	false	1.0
unscharf	neg 1.0		neg 0.5082210297651095 off 0.4205188440996857 __DUMMY__ 0.0712601261352048	false	1.0
schwinden	neg 1.0		neg 0.5165282931697827 off 0.41213550050426134 __DUMMY__ 0.07133620632595597	false	1.0
versklavung	neg 1.0	neg 1.0	neg 0.7449521220828659 off 0.22125653095203793 __DUMMY__ 0.03379134696509625	false	1.0
schlecht	neg 1.0		neg 0.5058422704487051 off 0.4230105464793812 __DUMMY__ 0.07114718307191373	false	1.0
verhasst	neg 1.0		neg 0.5143349355834409 off 0.41486651358749455 __DUMMY__ 0.0707985508290646	false	1.0
beschweren	neg 1.0		neg 0.5103876639979532 off 0.41835237058492764 __DUMMY__ 0.071259965417119	false	1.0
scheiden	neg 1.0		neg 0.5133005942760515 off 0.41552863116934075 __DUMMY__ 0.07117077455460785	false	1.0
frustriert	neg 1.0		neg 0.5138759152198485 off 0.41484038874487383 __DUMMY__ 0.07128369603527769	false	1.0
schimmelig	neg 1.0		neg 0.5145068191447597 off 0.4140882109921157 __DUMMY__ 0.07140496986312468	false	1.0
fisch	neg 1.0		neg 0.514566196709635 off 0.4140855419823048 __DUMMY__ 0.0713482613080603	false	1.0
schmuggel	neg 1.0		neg 0.5160945813844823 off 0.4123813833143287 __DUMMY__ 0.07152403530118921	false	1.0
auffallen	neg 1.0		neg 0.5100931704401969 off 0.41870633871301055 __DUMMY__ 0.07120049084679266	false	1.0
konkurrenz	neg 1.0		neg 0.5172974450814246 off 0.41121103739118 __DUMMY__ 0.07149151752739535	false	1.0
teufelskreis	neg 1.0		neg 0.5145270720204816 off 0.414367135807209 __DUMMY__ 0.07110579217230918	false	1.0
aufschreien	neg 1.0		neg 0.5119232981954361 off 0.4172017039488095 __DUMMY__ 0.07087499785575427	false	1.0
schuldner	neg 1.0		neg 0.5178294273981584 off 0.4112116889252188 __DUMMY__ 0.07095888367662276	false	1.0
missgeburt	off 1.0	off 1.0	off 0.6977738662628351 neg 0.26848387878699825 __DUMMY__ 0.03374225495016652	false	1.0
arbeitslos	neg 1.0		neg 0.516110284053091 off 0.41284684897197693 __DUMMY__ 0.07104286697493191	false	1.0
befallen	neg 1.0		neg 0.5188094128748492 off 0.4107212945540067 __DUMMY__ 0.07046929257114407	false	1.0
miesepetrig	off 1.0		neg 0.5052946698413139 off 0.4234132248095633 __DUMMY__ 0.07129210534912292	false	0.5
alarmieren	neg 1.0		neg 0.5091090769150842 off 0.42020471461063047 __DUMMY__ 0.07068620847428544	false	1.0
ungeduscht	off 1.0		neg 0.5079261142790905 off 0.42077778340313077 __DUMMY__ 0.07129610231777855	false	0.5
knappheit	neg 1.0		neg 0.5143493451976843 off 0.4144345303612133 __DUMMY__ 0.07121612444110235	false	1.0
schlange	neg 1.0		neg 0.5092754648567183 off 0.41923327397207655 __DUMMY__ 0.07149126117120516	false	1.0
harsch	neg 1.0		neg 0.49905780660957516 off 0.4298973266449762 __DUMMY__ 0.07104486674544859	false	1.0
lang	neg 1.0		neg 0.5107390081953314 off 0.4180484034806755 __DUMMY__ 0.07121258832399306	false	1.0
ziellos	neg 1.0		neg 0.5148572157482172 off 0.41376245458073435 __DUMMY__ 0.07138032967104854	false	1.0
selbstverliebt	neg 1.0		neg 0.4994811583142321 off 0.4305631073890852 __DUMMY__ 0.06995573429668263	false	1.0
beseitigen	neg 1.0		neg 0.50945624882785 off 0.419059678370599 __DUMMY__ 0.07148407280155109	false	1.0
dumm	off 1.0		neg 0.5023040904680257 off 0.42714839363085355 __DUMMY__ 0.07054751590112071	false	0.5
arbeitsloser	neg 1.0		neg 0.5170106812860268 off 0.4119280021070179 __DUMMY__ 0.07106131660695532	false	1.0
blitzen	neg 1.0		neg 0.5090075195088829 off 0.42000881274056434 __DUMMY__ 0.07098366775055275	false	1.0
hilflos	neg 1.0		neg 0.5143675998407697 off 0.41435321060659625 __DUMMY__ 0.07127918955263406	false	1.0
eklig	off 1.0		neg 0.5012354207003481 off 0.4282499666925372 __DUMMY__ 0.07051461260711465	false	0.5
begriff			neg 0.5147651597729164 off 0.41412139172581375 __DUMMY__ 0.07111344850126994	false	0.0
hungersnot	neg 1.0		neg 0.5173086148100599 off 0.4123612545224205 __DUMMY__ 0.07033013066751959	false	1.0
ungesetzlich	neg 1.0		neg 0.5137604826597345 off 0.4158768186543638 __DUMMY__ 0.0703626986859016	false	1.0
verschwendung	neg 1.0		neg 0.5174054893933504 off 0.4113054288106412 __DUMMY__ 0.07128908179600839	false	1.0
schmerzvoll	neg 1.0		neg 0.510306793512955 off 0.41841968648786215 __DUMMY__ 0.07127351999918291	false	1.0
vorzeitig	neg 1.0		neg 0.5067613359709692 off 0.42223182219643346 __DUMMY__ 0.07100684183259745	false	1.0
unvollkommenheit	neg 1.0		neg 0.512389918120451 off 0.4164712552080216 __DUMMY__ 0.07113882667152734	false	1.0
intervenieren	neg 1.0		neg 0.5193563689346138 off 0.4098734568647631 __DUMMY__ 0.07077017420062306	false	1.0
banause	off 1.0		neg 0.5001892431051304 off 0.42942693095756435 __DUMMY__ 0.07038382593730538	false	0.5
rebell	neg 1.0		neg 0.5166230878352327 off 0.41182754298797264 __DUMMY__ 0.07154936917679473	false	1.0
unlogisch	neg 1.0		neg 0.5055339372641844 off 0.42374292985945944 __DUMMY__ 0.07072313287635619	false	1.0
leiden	neg 1.0	neg 1.0	neg 0.7433806241704122 off 0.2217913266463463 __DUMMY__ 0.03482804918324155	false	1.0
abschaffung	neg 1.0		neg 0.5132636261246702 off 0.41595443368727736 __DUMMY__ 0.07078194018805238	false	1.0
sturz	neg 1.0		neg 0.5130253146283292 off 0.416275813628619 __DUMMY__ 0.07069887174305174	false	1.0
verkleinerung	neg 1.0		neg 0.5107705187786603 off 0.4186819048474617 __DUMMY__ 0.07054757637387803	false	1.0
schmarotzer	off 1.0		neg 0.5176887182093771 off 0.41146049154236314 __DUMMY__ 0.07085079024825974	false	0.5
bestrafung	neg 1.0		neg 0.5126874628657423 off 0.4163837466593483 __DUMMY__ 0.07092879047490938	false	1.0
achtlos	neg 1.0		neg 0.5120751613445846 off 0.416510986055608 __DUMMY__ 0.07141385259980731	false	1.0
ungeheuer	neg 1.0		neg 0.5109736661488066 off 0.41804858602174844 __DUMMY__ 0.07097774782944488	false	1.0
unaufrichtig	neg 1.0		neg 0.5122539122549843 off 0.4172146518431324 __DUMMY__ 0.07053143590188328	false	1.0
groggy	neg 1.0		neg 0.5095736335560664 off 0.4194958318004618 __DUMMY__ 0.07093053464347186	false	1.0
verletzlich	neg 1.0		neg 0.5069155509115995 off 0.4221821027189935 __DUMMY__ 0.07090234636940705	false	1.0
ablehnen	neg 1.0		neg 0.5168836050269963 off 0.4122120340149352 __DUMMY__ 0.07090436095806857	false	1.0
