unsolidarisch	neg 1.0		neg 0.5322298911961401 off 0.4248433953766424 __DUMMY__ 0.04292671342721744	false	1.0
nachteilig	neg 1.0		neg 0.5303964938192048 off 0.426018434009629 __DUMMY__ 0.043585072171166195	false	1.0
skeptisch	neg 1.0		neg 0.5331327911462471 off 0.42319526272180674 __DUMMY__ 0.043671946131946165	false	1.0
schrecklich	neg 1.0		neg 0.5190929219529054 off 0.4375661786773309 __DUMMY__ 0.0433408993697638	false	1.0
schlapp	neg 1.0		neg 0.5211129499235099 off 0.43518826602376576 __DUMMY__ 0.043698784052724475	false	1.0
abfall	neg 1.0		neg 0.5343316325813063 off 0.4219118742901935 __DUMMY__ 0.043756493128500086	false	1.0
widerspenstig	neg 1.0		neg 0.526241618621581 off 0.42999154302753884 __DUMMY__ 0.04376683835088	false	1.0
abrupt	neg 1.0		neg 0.526480796400454 off 0.42960360063511216 __DUMMY__ 0.04391560296443381	false	1.0
unwirksam	neg 1.0		neg 0.5293887160377887 off 0.42742067807590267 __DUMMY__ 0.04319060588630844	false	1.0
angreifen	neg 1.0		neg 0.5328954702946967 off 0.42359112702329266 __DUMMY__ 0.043513402682010593	false	1.0
inkonsistent	neg 1.0		neg 0.5252263331318189 off 0.43130064509429156 __DUMMY__ 0.043473021773889536	false	1.0
abrutschen	neg 1.0		neg 0.5338472707072951 off 0.42234927183575294 __DUMMY__ 0.043803457456952105	false	1.0
unsicher	neg 1.0		neg 0.5269389851608538 off 0.4293935977253918 __DUMMY__ 0.043667417113754305	false	1.0
bauernkind	off 1.0		neg 0.5175768135375814 off 0.43942482553359824 __DUMMY__ 0.042998360928820284	false	0.5
angreifer	neg 1.0		neg 0.5259032852371852 off 0.430820735673397 __DUMMY__ 0.043275979089417986	false	1.0
trennen	neg 1.0		neg 0.5300447563986019 off 0.42601935050732737 __DUMMY__ 0.04393589309407076	false	1.0
schmutz	neg 1.0		neg 0.5180119115437397 off 0.43807000899897197 __DUMMY__ 0.04391807945728819	false	1.0
inkonsistenz	neg 1.0	neg 1.0	neg 0.7501831571572156 off 0.22907391359696608 __DUMMY__ 0.020742929245818307	false	1.0
erschreckend	neg 1.0		neg 0.5298584602031726 off 0.42664303832953127 __DUMMY__ 0.04349850146729613	false	1.0
ertrinken	neg 1.0		neg 0.5302643021516348 off 0.4259905250531707 __DUMMY__ 0.0437451727951946	false	1.0
pickelface	off 1.0		neg 0.5281277119501623 off 0.42851928839169706 __DUMMY__ 0.04335299965814064	false	0.5
seiner			neg 0.5322296433555807 off 0.42415361234326543 __DUMMY__ 0.04361674430115403	false	0.0
lauch	neg 1.0		neg 0.5327887132863776 off 0.4234864171963489 __DUMMY__ 0.043724869517273654	false	1.0
unwichtig	neg 1.0		neg 0.523265280108037 off 0.4332834585041197 __DUMMY__ 0.04345126138784333	false	1.0
steuerhinterziehung	neg 1.0		neg 0.5313326719664865 off 0.4254735603905341 __DUMMY__ 0.04319376764297946	false	1.0
schock	neg 1.0		neg 0.5270896651931463 off 0.4290395787249376 __DUMMY__ 0.04387075608191616	false	1.0
beule	neg 1.0		neg 0.5199552456752607 off 0.43640486386948024 __DUMMY__ 0.04363989045525892	false	1.0
vergelten	neg 1.0		neg 0.5190497657522807 off 0.4378355884128677 __DUMMY__ 0.04311464583485167	false	1.0
verdorbenheit	neg 1.0		neg 0.5241845700169574 off 0.4320613114078496 __DUMMY__ 0.04375411857519282	false	1.0
trauma	neg 1.0		neg 0.525937224936715 off 0.43055894966109515 __DUMMY__ 0.043503825402189986	false	1.0
sinnlos	neg 1.0		neg 0.5255395061563232 off 0.4309377781433748 __DUMMY__ 0.043522715700301924	false	1.0
fettsack	off 1.0	off 1.0	off 0.7038020353940694 neg 0.2755085047671769 __DUMMY__ 0.02068945983875366	false	1.0
feige	off 1.0		neg 0.5256351355975536 off 0.4311278242450746 __DUMMY__ 0.04323704015737176	false	0.5
abdanken	neg 1.0		neg 0.5332352257017836 off 0.42379748065260187 __DUMMY__ 0.042967293645614635	false	1.0
wichtigtuer	off 1.0	off 1.0	off 0.6981579044217786 neg 0.2810961154912295 __DUMMY__ 0.020745980086991873	false	1.0
misslingen	neg 1.0		neg 0.5239945607210406 off 0.4323080859699209 __DUMMY__ 0.04369735330903857	false	1.0
untreu	off 1.0		neg 0.5225832574460604 off 0.43399039218408103 __DUMMY__ 0.04342635036985848	false	0.5
missmutig	neg 1.0		neg 0.5228282422551855 off 0.4335700747762915 __DUMMY__ 0.04360168296852302	false	1.0
hurenbock	off 1.0		neg 0.52327305017697 off 0.43290300751425426 __DUMMY__ 0.04382394230877572	false	0.5
betrunken	neg 1.0		neg 0.5197381249775946 off 0.4367213149092257 __DUMMY__ 0.04354056011317966	false	1.0
korrupt	off 1.0		neg 0.5338711663521732 off 0.4230170968675296 __DUMMY__ 0.0431117367802973	false	0.5
unmut	neg 1.0		neg 0.5347364263227959 off 0.42165593646938243 __DUMMY__ 0.043607637207821646	false	1.0
hackfresse	off 1.0		neg 0.515997513987645 off 0.44078562583208825 __DUMMY__ 0.043216860180266756	false	0.5
aufblasen	neg 1.0		neg 0.5245987091348154 off 0.431661023549232 __DUMMY__ 0.043740267315952444	false	1.0
gewaltsam	neg 1.0		neg 0.5287383761335565 off 0.42802251124375035 __DUMMY__ 0.04323911262269319	false	1.0
unbeliebtheit	neg 1.0		neg 0.5257781047695197 off 0.4314240608173249 __DUMMY__ 0.042797834413155496	false	1.0
sturheit	neg 1.0		neg 0.5312487806719262 off 0.4254374795563106 __DUMMY__ 0.04331373977176326	false	1.0
kuh	neg 1.0		neg 0.5258977557715366 off 0.43063754056926695 __DUMMY__ 0.04346470365919646	false	1.0
erschrecken	neg 1.0		neg 0.5234833128388006 off 0.4329476738330019 __DUMMY__ 0.043569013328197424	false	1.0
opfer	neg 1.0	neg 1.0	neg 0.753433287265857 off 0.22569520717650957 __DUMMY__ 0.020871505557633386	false	1.0
sinken	neg 1.0		neg 0.5332840912784257 off 0.42305861538250733 __DUMMY__ 0.043657293339066816	false	1.0
stinktier	neg 1.0		neg 0.519337991497301 off 0.43744421393932975 __DUMMY__ 0.04321779456336935	false	1.0
tucke	off 1.0		neg 0.5141936054937101 off 0.4424799353767069 __DUMMY__ 0.043326459129583064	false	0.5
ein			neg 0.5241034660774018 off 0.4320008629287854 __DUMMY__ 0.0438956709938128	false	0.0
abstieg	neg 1.0		neg 0.5313372156119095 off 0.42531203543262797 __DUMMY__ 0.04335074895546255	false	1.0
missverstehen	neg 1.0		neg 0.5274776484025799 off 0.4292099882250042 __DUMMY__ 0.043312363372415875	false	1.0
ergebnislos	neg 1.0		neg 0.5310841551856135 off 0.42546755989129165 __DUMMY__ 0.04344828492309495	false	1.0
unter			neg 0.5344154285208321 off 0.4213493257706028 __DUMMY__ 0.044235245708565046	false	0.0
manipulieren	neg 1.0		neg 0.5325966657694153 off 0.42383779517139875 __DUMMY__ 0.043565539059186004	false	1.0
unbewiesen	neg 1.0		neg 0.5320250873889237 off 0.4250080502990443 __DUMMY__ 0.04296686231203203	false	1.0
verschleppen	neg 1.0		neg 0.5318928608794166 off 0.42472303038436476 __DUMMY__ 0.04338410873621866	false	1.0
weib	off 1.0		neg 0.5150211236517446 off 0.4418405044969552 __DUMMY__ 0.04313837185130022	false	0.5
opposition	neg 1.0		neg 0.528610967092954 off 0.42824715423291154 __DUMMY__ 0.04314187867413449	false	1.0
verkehrswidrig	neg 1.0		neg 0.51583426640909 off 0.44069435909817106 __DUMMY__ 0.043471374492738975	false	1.0
inkorrekt	neg 1.0		neg 0.5257356359454566 off 0.4312725150979025 __DUMMY__ 0.042991848956640884	false	1.0
vermeiden	neg 1.0		neg 0.5329813883698843 off 0.4229666349670818 __DUMMY__ 0.04405197666303393	false	1.0
abweichung	neg 1.0		neg 0.532369772936411 off 0.42435473999863743 __DUMMY__ 0.04327548706495155	false	1.0
alkoholisiert	neg 1.0		neg 0.5277581202887782 off 0.4284390305943343 __DUMMY__ 0.043802849116887525	false	1.0
scheiss	off 1.0	off 1.0	off 0.7021925532173859 neg 0.27693792937686634 __DUMMY__ 0.020869517405747707	false	1.0
herausforderung	neg 1.0		neg 0.5262706743011082 off 0.42968284214764824 __DUMMY__ 0.04404648355124361	false	1.0
pervers	off 1.0		neg 0.5123419350273775 off 0.44458679166166826 __DUMMY__ 0.04307127331095424	false	0.5
wackelig	neg 1.0		neg 0.526457495717912 off 0.429513066092123 __DUMMY__ 0.04402943818996503	false	1.0
verwickeln	neg 1.0		neg 0.5269534525991729 off 0.42963302150753246 __DUMMY__ 0.04341352589329469	false	1.0
vorwand	neg 1.0		neg 0.5346382731186697 off 0.4218544258873801 __DUMMY__ 0.04350730099395016	false	1.0
muschi	off 1.0		neg 0.5290261448185785 off 0.4276538045479623 __DUMMY__ 0.043320050633459097	false	0.5
entmutigung	neg 1.0		neg 0.5313111237427424 off 0.4259563648214575 __DUMMY__ 0.04273251143580002	false	1.0
unangemessen	neg 1.0		neg 0.5326357969210181 off 0.4240594832485262 __DUMMY__ 0.04330471983045565	false	1.0
unstetig	neg 1.0		neg 0.5240248334351865 off 0.4325731840347284 __DUMMY__ 0.043401982530085065	false	1.0
entmutigen	neg 1.0		neg 0.5261156352979646 off 0.430284041597552 __DUMMY__ 0.04360032310448345	false	1.0
schwanz	neg 1.0		neg 0.5296759831044902 off 0.42677950360469463 __DUMMY__ 0.04354451329081501	false	1.0
verbot	neg 1.0		neg 0.5323239054090466 off 0.4244713792219194 __DUMMY__ 0.04320471536903403	false	1.0
leid	neg 1.0		neg 0.5174853081952949 off 0.4392160843070015 __DUMMY__ 0.04329860749770368	false	1.0
archaisch	neg 1.0		neg 0.5315856257085855 off 0.42506112945301605 __DUMMY__ 0.043353244838398565	false	1.0
gegen			neg 0.5348653319319863 off 0.42171497804600844 __DUMMY__ 0.04341969002200536	false	0.0
scheidung	neg 1.0	neg 1.0	neg 0.7371931697214142 off 0.24209839542242026 __DUMMY__ 0.020708434856165407	false	1.0
einschlag	neg 1.0		neg 0.5192268012210681 off 0.43759191059922276 __DUMMY__ 0.043181288179708975	false	1.0
m			neg 0.5275788105728411 off 0.4286884210568119 __DUMMY__ 0.043732768370346925	false	0.0
abgestanden	neg 1.0		neg 0.524936347283314 off 0.4312453847722432 __DUMMY__ 0.04381826794444268	false	1.0
schmierig	off 1.0		neg 0.5179984767297187 off 0.4386037327114382 __DUMMY__ 0.04339779055884321	false	0.5
unpraktisch	neg 1.0		neg 0.5240762935074735 off 0.4321247532190296 __DUMMY__ 0.0437989532734967	false	1.0
wixxer	off 1.0		neg 0.5131273950272209 off 0.4439201571456709 __DUMMY__ 0.042952447827108116	false	0.5
bezeichnet			neg 0.5304591020596375 off 0.4262011043254346 __DUMMY__ 0.04333979361492787	false	0.0
jammerlappen	off 1.0		neg 0.523552516198713 off 0.43301600080639757 __DUMMY__ 0.04343148299488941	false	0.5
farce	neg 1.0		neg 0.5340365035475201 off 0.4230168081970991 __DUMMY__ 0.04294668825538071	false	1.0
zwecklos	neg 1.0		neg 0.5321680446723687 off 0.4244250367992642 __DUMMY__ 0.0434069185283671	false	1.0
turbulent	neg 1.0		neg 0.5201601939637437 off 0.43660017319107486 __DUMMY__ 0.04323963284518156	false	1.0
invasion	neg 1.0		neg 0.5230902697127182 off 0.4332776957582065 __DUMMY__ 0.04363203452907518	false	1.0
schuld	neg 1.0		neg 0.527601033703146 off 0.42893114534450816 __DUMMY__ 0.04346782095234596	false	1.0
risiko	neg 1.0		neg 0.5213806738859588 off 0.43483020195235317 __DUMMY__ 0.04378912416168812	false	1.0
finster	neg 1.0		neg 0.5245531871723009 off 0.43160362632756294 __DUMMY__ 0.04384318650013619	false	1.0
geisteskrank	off 1.0		neg 0.5242573376393984 off 0.43262948116124067 __DUMMY__ 0.0431131811993609	false	0.5
zusammenbrechen	neg 1.0		neg 0.5280973670971125 off 0.42817966257123663 __DUMMY__ 0.043722970331650825	false	1.0
ausbeute	neg 1.0		neg 0.5282245420689047 off 0.4279332630666386 __DUMMY__ 0.04384219486445682	false	1.0
hinterhalt	neg 1.0		neg 0.5272481869583803 off 0.42932376488024987 __DUMMY__ 0.04342804816136977	false	1.0
kritik	neg 1.0		neg 0.5330966130092761 off 0.42384424160056267 __DUMMY__ 0.043059145390161264	false	1.0
einschrumpfen	neg 1.0		neg 0.5265051299108452 off 0.43038988701672554 __DUMMY__ 0.04310498307242926	false	1.0
riskant	neg 1.0		neg 0.5315402177540286 off 0.4248190906967557 __DUMMY__ 0.04364069154921553	false	1.0
frustrieren	neg 1.0		neg 0.5322156972782862 off 0.424214254424325 __DUMMY__ 0.04357004829738877	false	1.0
groll	neg 1.0		neg 0.5318456755168789 off 0.4247359345527288 __DUMMY__ 0.04341838993039234	false	1.0
gibt			neg 0.5296249375093002 off 0.42677146930600496 __DUMMY__ 0.04360359318469493	false	0.0
qualvoll	neg 1.0		neg 0.5245288587763814 off 0.43186736402618914 __DUMMY__ 0.0436037771974293	false	1.0
wackeln	neg 1.0		neg 0.5243814486197164 off 0.4317689608497021 __DUMMY__ 0.043849590530581344	false	1.0
klagen	neg 1.0		neg 0.5349183860363337 off 0.42160290478226703 __DUMMY__ 0.04347870918139924	false	1.0
bankrott	neg 1.0		neg 0.521659334232104 off 0.4347667516983827 __DUMMY__ 0.04357391406951322	false	1.0
trauern	neg 1.0		neg 0.532198885952908 off 0.4242598118563317 __DUMMY__ 0.04354130219076026	false	1.0
ablehnung	neg 1.0	neg 1.0	neg 0.7536212503068274 off 0.2257099586129409 __DUMMY__ 0.020668791080231695	false	1.0
stur	neg 1.0		neg 0.5268920761602998 off 0.4296127113183974 __DUMMY__ 0.04349521252130282	false	1.0
aufruhr	neg 1.0		neg 0.530190939807743 off 0.4266562973179604 __DUMMY__ 0.043152762874296716	false	1.0
melancholie	neg 1.0		neg 0.5277062355218912 off 0.428422200632377 __DUMMY__ 0.04387156384573169	false	1.0
ist			neg 0.5266545854204482 off 0.42985477996630256 __DUMMY__ 0.04349063461324925	false	0.0
torheit	neg 1.0		neg 0.5312475577936234 off 0.42578461578971777 __DUMMY__ 0.04296782641665873	false	1.0
dreckskind	off 1.0		neg 0.5195217713434057 off 0.43754982392131697 __DUMMY__ 0.04292840473527736	false	0.5
umtauschen	neg 1.0		neg 0.5259842506409539 off 0.4302247466808355 __DUMMY__ 0.04379100267821061	false	1.0
zum			neg 0.5308718504151972 off 0.4248938663294278 __DUMMY__ 0.04423428325537492	false	0.0
zersetzen	neg 1.0		neg 0.5335968350223509 off 0.42287610409891757 __DUMMY__ 0.043527060878731504	false	1.0
zur			neg 0.5355659881635725 off 0.4207055946160644 __DUMMY__ 0.043728417220362976	false	0.0
frust	neg 1.0		neg 0.5292148438554275 off 0.42714855598245455 __DUMMY__ 0.04363660016211779	false	1.0
unerbittlichkeit	neg 1.0		neg 0.5331308973753159 off 0.42340535337846746 __DUMMY__ 0.043463749246216675	false	1.0
zwei			neg 0.5305120846586464 off 0.4254381294227422 __DUMMY__ 0.04404978591861156	false	0.0
unkorrekt	neg 1.0		neg 0.5245161193723596 off 0.4324545547160874 __DUMMY__ 0.04302932591155292	false	1.0
hexe	off 1.0		neg 0.5219209473634593 off 0.4345934153832749 __DUMMY__ 0.0434856372532658	false	0.5
lasch	neg 1.0		neg 0.5265653780065078 off 0.43017727943752754 __DUMMY__ 0.04325734255596464	false	1.0
rivale	neg 1.0		neg 0.5191857426801518 off 0.43756593371468205 __DUMMY__ 0.043248323605166186	false	1.0
mutlos	off 1.0	off 1.0	off 0.6953217439161243 neg 0.283899315599575 __DUMMY__ 0.020778940484300668	false	1.0
wirr	off 1.0		neg 0.5219428813460444 off 0.4349642587367977 __DUMMY__ 0.04309285991715799	false	0.5
jahr			neg 0.5282974052949765 off 0.4277201657547455 __DUMMY__ 0.04398242895027798	false	0.0
wird			neg 0.5309518052442025 off 0.42542348887260106 __DUMMY__ 0.04362470588319662	false	0.0
strafbar	neg 1.0		neg 0.5342564064616078 off 0.42245109560453564 __DUMMY__ 0.04329249793385675	false	1.0
erosion	neg 1.0		neg 0.524606879345414 off 0.43171109091450866 __DUMMY__ 0.0436820297400774	false	1.0
eingehen	neg 1.0		neg 0.5320446363228777 off 0.42448818431629587 __DUMMY__ 0.04346717936082643	false	1.0
faul	off 1.0		neg 0.520921404206872 off 0.4353341354874751 __DUMMY__ 0.04374446030565268	false	0.5
provisorium	neg 1.0		neg 0.5362387609677944 off 0.4196677689728087 __DUMMY__ 0.044093470059396886	false	1.0
schmerzen	neg 1.0		neg 0.5274796957144937 off 0.4287921294719528 __DUMMY__ 0.04372817481355353	false	1.0
schrumpfen	neg 1.0		neg 0.5353221633865334 off 0.42087462576884954 __DUMMY__ 0.04380321084461701	false	1.0
geistlos	off 1.0		neg 0.5295716250021668 off 0.4274817405852981 __DUMMY__ 0.0429466344125351	false	0.5
fehlkauf	neg 1.0		neg 0.5260494276744178 off 0.430621376691676 __DUMMY__ 0.043329195633906206	false	1.0
frustrierend	neg 1.0		neg 0.5234844843483247 off 0.43294119127952585 __DUMMY__ 0.043574324372149434	false	1.0
unzufrieden	neg 1.0		neg 0.5308717639936472 off 0.42558422043551464 __DUMMY__ 0.0435440155708383	false	1.0
verzweifeln	neg 1.0		neg 0.5278620683595232 off 0.4284900050896925 __DUMMY__ 0.043647926550784324	false	1.0
verzweifelt	neg 1.0		neg 0.5268662041269772 off 0.4296229207160421 __DUMMY__ 0.04351087515698083	false	1.0
misstrauensantrag	neg 1.0		neg 0.5260124160673054 off 0.43067101580895634 __DUMMY__ 0.0433165681237382	false	1.0
abfallen	neg 1.0		neg 0.5235634513083409 off 0.4325187035265904 __DUMMY__ 0.043917845165068664	false	1.0
fucker	off 1.0		neg 0.5210802205396532 off 0.43569299050006843 __DUMMY__ 0.04322678896027837	false	0.5
ungezogen	neg 1.0		neg 0.5140041325542288 off 0.44277102278390335 __DUMMY__ 0.04322484466186791	false	1.0
irrsinnig	neg 1.0	neg 1.0	neg 0.7512016985491221 off 0.22797742281791936 __DUMMY__ 0.020820878632958468	false	1.0
unfassbar	neg 1.0		neg 0.5229126588991838 off 0.43365751519965146 __DUMMY__ 0.04342982590116465	false	1.0
hart	neg 1.0		neg 0.5230969698256301 off 0.4335681624382331 __DUMMY__ 0.04333486773613674	false	1.0
widerlich	off 1.0		neg 0.52325789976937 off 0.43346950319985084 __DUMMY__ 0.043272597030779146	false	0.5
fatal	neg 1.0		neg 0.5254877062827115 off 0.43110576407816975 __DUMMY__ 0.04340652963911878	false	1.0
bruch	neg 1.0		neg 0.5364632713625591 off 0.4201695254021419 __DUMMY__ 0.04336720323529901	false	1.0
aushungern	neg 1.0		neg 0.5309449399649496 off 0.42592719898223674 __DUMMY__ 0.04312786105281347	false	1.0
anspannung	neg 1.0		neg 0.5325809219960587 off 0.42349148223587857 __DUMMY__ 0.04392759576806276	false	1.0
von			neg 0.5300838576316217 off 0.42600093770279296 __DUMMY__ 0.04391520466558536	false	0.0
kraftlos	neg 1.0		neg 0.5277181339735396 off 0.4283438868557723 __DUMMY__ 0.043937979170688174	false	1.0
vom			neg 0.5342804299919472 off 0.4215611996346777 __DUMMY__ 0.04415837037337515	false	0.0
grenzdebil	off 1.0		neg 0.5210178299635825 off 0.4354898155126999 __DUMMY__ 0.04349235452371751	false	0.5
vor			neg 0.532309221819299 off 0.4238661165951512 __DUMMY__ 0.04382466158554977	false	0.0
unterwerfen	neg 1.0		neg 0.5328639269141994 off 0.4237146635329679 __DUMMY__ 0.04342140955283265	false	1.0
versenkung	neg 1.0		neg 0.5320805865464644 off 0.4243433131679573 __DUMMY__ 0.04357610028557834	false	1.0
entziehen	neg 1.0		neg 0.5348937929039415 off 0.4215543914149624 __DUMMY__ 0.043551815681096194	false	1.0
finanzkrise	neg 1.0		neg 0.5309713305543399 off 0.4258778411956216 __DUMMY__ 0.04315082825003855	false	1.0
schimpfend	neg 1.0		neg 0.5221293201728724 off 0.4339035751658423 __DUMMY__ 0.043967104661285346	false	1.0
profan	neg 1.0		neg 0.5255122363839315 off 0.4309618144744259 __DUMMY__ 0.043525949141642505	false	1.0
korruption	neg 1.0		neg 0.5331547490413033 off 0.4236764168408818 __DUMMY__ 0.043168834117814935	false	1.0
â			neg 0.5289860755406631 off 0.42731884955576016 __DUMMY__ 0.043695074903576825	false	0.0
schmutzig	neg 1.0		neg 0.5202245284046418 off 0.4361194974673328 __DUMMY__ 0.04365597412802547	false	1.0
sexy	neg 1.0		neg 0.5231236817131525 off 0.4333850082549631 __DUMMY__ 0.043491310031884355	false	1.0
abraten	neg 1.0		neg 0.5254198018293681 off 0.4309290069641048 __DUMMY__ 0.04365119120652705	false	1.0
schwarz	neg 1.0		neg 0.5260157713949213 off 0.43052399703298583 __DUMMY__ 0.043460231572093055	false	1.0
fotze	off 1.0		neg 0.5306805647694777 off 0.4259406843739817 __DUMMY__ 0.04337875085654057	false	0.5
verwirren	neg 1.0		neg 0.5247411225344211 off 0.43175244838876964 __DUMMY__ 0.04350642907680928	false	1.0
zahnlos	off 1.0		neg 0.5319645806005541 off 0.4246516854864817 __DUMMY__ 0.04338373391296438	false	0.5
verheeren	neg 1.0		neg 0.5135499947952644 off 0.4434786366546321 __DUMMY__ 0.04297136855010351	false	1.0
hippie	neg 1.0		neg 0.5237577131152157 off 0.43279115744490976 __DUMMY__ 0.04345112943987456	false	1.0
rammen	neg 1.0		neg 0.5232673062243063 off 0.4331070868648531 __DUMMY__ 0.04362560691084048	false	1.0
unlauter	neg 1.0	neg 1.0	neg 0.7500592507847432 off 0.22914620620261952 __DUMMY__ 0.020794543012637348	false	1.0
unheilvoll	neg 1.0		neg 0.5247728495955114 off 0.43161100999511814 __DUMMY__ 0.04361614040937049	false	1.0
niedrig	neg 1.0		neg 0.5298181079678912 off 0.4265607884535863 __DUMMY__ 0.043621103578522405	false	1.0
explosion	neg 1.0		neg 0.5232477642184988 off 0.433177661117462 __DUMMY__ 0.04357457466403938	false	1.0
weichei	off 1.0		neg 0.5171152317981615 off 0.43964080802274724 __DUMMY__ 0.043243960179091205	false	0.5
minusmensch	off 1.0		neg 0.5164726308994056 off 0.44083243306165976 __DUMMY__ 0.042694936038934546	false	0.5
farblos	neg 1.0		neg 0.5266427113692967 off 0.429872073429916 __DUMMY__ 0.043485215200787304	false	1.0
unwissend	neg 1.0	neg 1.0	neg 0.7488915293585846 off 0.23033672981833825 __DUMMY__ 0.020771740823077162	false	1.0
traurig	neg 1.0		neg 0.5192876540007464 off 0.43725329422372267 __DUMMY__ 0.04345905177553088	false	1.0
senkung	neg 1.0		neg 0.524166041494872 off 0.432370242796285 __DUMMY__ 0.04346371570884301	false	1.0
ungleich	neg 1.0	neg 1.0	neg 0.7537676590922866 off 0.22539824295923552 __DUMMY__ 0.02083409794847784	false	1.0
heikel	neg 1.0		neg 0.5332399473406373 off 0.4231852653093631 __DUMMY__ 0.043574787349999464	false	1.0
drosselung	neg 1.0		neg 0.5183938132815481 off 0.43811216863105884 __DUMMY__ 0.04349401808739298	false	1.0
falsch	neg 1.0		neg 0.523764775767658 off 0.4327582036937047 __DUMMY__ 0.04347702053863726	false	1.0
unzufriedenheit	neg 1.0		neg 0.5337624940299087 off 0.4227009863919139 __DUMMY__ 0.04353651957817739	false	1.0
kurz	neg 1.0		neg 0.5268982379372391 off 0.42922440406571427 __DUMMY__ 0.04387735799704666	false	1.0
unsinnig	neg 1.0		neg 0.5307755788692955 off 0.425735444996593 __DUMMY__ 0.04348897613411151	false	1.0
penner	off 1.0	off 1.0	off 0.7050526718154883 neg 0.27421948127132667 __DUMMY__ 0.020727846913185237	false	1.0
seicht	neg 1.0		neg 0.5167107597234769 off 0.44032539883434874 __DUMMY__ 0.04296384144217448	false	1.0
dummheit	off 1.0	off 1.0	off 0.6986818493239775 neg 0.28056564249491084 __DUMMY__ 0.020752508181111663	false	1.0
unerfreulich	neg 1.0		neg 0.5326276671831301 off 0.42365697332464713 __DUMMY__ 0.04371535949222262	false	1.0
motherfucker	off 1.0	off 1.0	off 0.7020317018316689 neg 0.2772372047439674 __DUMMY__ 0.02073109342436375	false	1.0
pikiert	neg 1.0		neg 0.5246816735787905 off 0.4320336302619042 __DUMMY__ 0.04328469615930526	false	1.0
wrack	neg 1.0		neg 0.5291941265498625 off 0.4271706001905788 __DUMMY__ 0.04363527325955864	false	1.0
gangster	neg 1.0		neg 0.5245183075660165 off 0.43201132841040496 __DUMMY__ 0.04347036402357852	false	1.0
krank	neg 1.0		neg 0.51961798080352 off 0.4367253364731345 __DUMMY__ 0.04365668272334567	false	1.0
reich	neg 1.0		neg 0.5269152633912615 off 0.4302569477431352 __DUMMY__ 0.042827788865603296	false	1.0
gnadenlos	neg 1.0		neg 0.5271002990366322 off 0.4293929177157229 __DUMMY__ 0.04350678324764483	false	1.0
niedergeschlagen	neg 1.0		neg 0.5283974454831886 off 0.4279258241670803 __DUMMY__ 0.04367673034973104	false	1.0
terrorisieren	off 1.0	off 1.0	off 0.6958095966062859 neg 0.28330880161784594 __DUMMY__ 0.020881601775868005	false	1.0
sinnlosigkeit	neg 1.0		neg 0.5315265853190752 off 0.42504820922664077 __DUMMY__ 0.04342520545428407	false	1.0
behindern	neg 1.0		neg 0.5265872141847476 off 0.4297224593128192 __DUMMY__ 0.04369032650243317	false	1.0
undemokratisch	neg 1.0		neg 0.5298559474990308 off 0.4270665354442311 __DUMMY__ 0.043077517056738124	false	1.0
wirtschaftskrise	neg 1.0		neg 0.5320740263495463 off 0.4246304271779207 __DUMMY__ 0.04329554647253316	false	1.0
neid	neg 1.0		neg 0.5227474908513086 off 0.4335996264016768 __DUMMY__ 0.04365288274701454	false	1.0
rutschen	neg 1.0		neg 0.5302918353244467 off 0.42543140434234683 __DUMMY__ 0.04427676033320637	false	1.0
rezession	neg 1.0		neg 0.5203574416651404 off 0.4366153081951608 __DUMMY__ 0.04302725013969881	false	1.0
fehlgeburt	neg 1.0		neg 0.5282936779013133 off 0.4283235457732292 __DUMMY__ 0.04338277632545756	false	1.0
charakterschwach	off 1.0		neg 0.5232732762281685 off 0.43343421929700826 __DUMMY__ 0.04329250447482315	false	0.5
isolation	neg 1.0		neg 0.5221170540535941 off 0.4344122293623412 __DUMMY__ 0.04347071658406477	false	1.0
ablenkung	neg 1.0		neg 0.5264543793846147 off 0.4298707126700325 __DUMMY__ 0.04367490794535277	false	1.0
pech	neg 1.0		neg 0.52336212297224 off 0.43302694449948925 __DUMMY__ 0.04361093252827064	false	1.0
vermeidung	neg 1.0		neg 0.5190724065709204 off 0.43734639968003636 __DUMMY__ 0.04358119374904326	false	1.0
dominieren	neg 1.0		neg 0.5289065239902496 off 0.4275386273537817 __DUMMY__ 0.04355484865596877	false	1.0
schwindlig	neg 1.0		neg 0.5223128646352138 off 0.43389943947268006 __DUMMY__ 0.04378769589210614	false	1.0
lutscher	neg 1.0		neg 0.5149857464236901 off 0.4419830181822302 __DUMMY__ 0.04303123539407983	false	1.0
pflicht	neg 1.0		neg 0.5338826364928649 off 0.4225883883570777 __DUMMY__ 0.043528975150057235	false	1.0
faschist	off 1.0		neg 0.5298193614542248 off 0.4272181943401511 __DUMMY__ 0.042962444205624166	false	0.5
verschleudern	neg 1.0		neg 0.5323109870539491 off 0.4243406230708497 __DUMMY__ 0.04334838987520127	false	1.0
wenn			neg 0.5238299773231025 off 0.43269293113426227 __DUMMY__ 0.043477091542635245	false	0.0
ehebruch	neg 1.0		neg 0.533367987111441 off 0.4233201366570999 __DUMMY__ 0.043311876231459025	false	1.0
spott	off 1.0		neg 0.5335020196393873 off 0.42312106319338766 __DUMMY__ 0.04337691716722519	false	0.5
trostlosigkeit	neg 1.0		neg 0.5362188708157596 off 0.4205574725546558 __DUMMY__ 0.043223656629584564	false	1.0
lutschen	neg 1.0		neg 0.5242147035132678 off 0.43250635578468327 __DUMMY__ 0.043278940702049074	false	1.0
undiszipliniert	neg 1.0		neg 0.5201751227096442 off 0.43639468628848005 __DUMMY__ 0.04343019100187568	false	1.0
kopfschmerz	neg 1.0		neg 0.527026059864535 off 0.4292925351998846 __DUMMY__ 0.0436814049355804	false	1.0
unvorhergesehen	neg 1.0		neg 0.5255669166928222 off 0.43039789895964387 __DUMMY__ 0.04403518434753397	false	1.0
desinteressiert	neg 1.0		neg 0.5215648804025287 off 0.4351188780422311 __DUMMY__ 0.043316241555240276	false	1.0
armselig	off 1.0		neg 0.5212295620350311 off 0.4355482295341436 __DUMMY__ 0.04322220843082521	false	0.5
desaster	neg 1.0		neg 0.5368739911717364 off 0.4197572227709296 __DUMMY__ 0.04336878605733409	false	1.0
tod	neg 1.0		neg 0.5345996012085561 off 0.42221887976174144 __DUMMY__ 0.04318151902970257	false	1.0
herzlos	neg 1.0		neg 0.5189708321440146 off 0.4376269699334762 __DUMMY__ 0.043402197922509	false	1.0
unwissenheit	neg 1.0		neg 0.5321419903546765 off 0.4245018277573424 __DUMMY__ 0.04335618188798113	false	1.0
widersinnig	neg 1.0		neg 0.5329293101145222 off 0.42397864242522615 __DUMMY__ 0.043092047460251665	false	1.0
bedenklich	neg 1.0		neg 0.5324667282551981 off 0.42400665188707815 __DUMMY__ 0.04352661985772377	false	1.0
beanstanden	neg 1.0		neg 0.5338615578506376 off 0.42256409835850867 __DUMMY__ 0.043574343790853905	false	1.0
panisch	neg 1.0	neg 1.0	neg 0.748023873054447 off 0.2308819738804034 __DUMMY__ 0.021094153065149588	false	1.0
debil	off 1.0		neg 0.5358522267841349 off 0.42045043943767757 __DUMMY__ 0.043697333778187596	false	0.5
abstrich	neg 1.0		neg 0.5230721846387109 off 0.4329482527525978 __DUMMY__ 0.04397956260869132	false	1.0
primitiv	neg 1.0		neg 0.5226527049848694 off 0.4340834630228125 __DUMMY__ 0.04326383199231812	false	1.0
abschaum	off 1.0	off 1.0	off 0.6997573504853926 neg 0.2795479159522569 __DUMMY__ 0.02069473356235052	false	1.0
provozieren	neg 1.0		neg 0.5291887166691155 off 0.42746453286086944 __DUMMY__ 0.04334675047001506	false	1.0
tot	neg 1.0		neg 0.5300636526508732 off 0.4265619749761541 __DUMMY__ 0.04337437237297264	false	1.0
instabil	neg 1.0		neg 0.5201809508672106 off 0.4366701100130801 __DUMMY__ 0.043148939119709274	false	1.0
schwuchtel	off 1.0		neg 0.5117125783074641 off 0.4455897365339029 __DUMMY__ 0.04269768515863308	false	0.5
zerren	neg 1.0		neg 0.5288420884423738 off 0.4275048389251375 __DUMMY__ 0.04365307263248859	false	1.0
kinderficker	off 1.0		neg 0.5205115880841998 off 0.4364859999996238 __DUMMY__ 0.04300241191617637	false	0.5
gefahr	neg 1.0		neg 0.5327444535490744 off 0.42384600637475 __DUMMY__ 0.043409540076175625	false	1.0
rabiat	neg 1.0		neg 0.5281661021300633 off 0.4283285037980573 __DUMMY__ 0.0435053940718794	false	1.0
verlangsamung	neg 1.0		neg 0.5160133083788904 off 0.4409242479046783 __DUMMY__ 0.04306244371643124	false	1.0
ausgestorben	neg 1.0		neg 0.5291239102459878 off 0.4272704463531486 __DUMMY__ 0.043605643400863696	false	1.0
anklagen	neg 1.0		neg 0.5301327117504464 off 0.4265524841257107 __DUMMY__ 0.04331480412384297	false	1.0
trott	neg 1.0		neg 0.5268783030875916 off 0.4294865346730706 __DUMMY__ 0.04363516223933778	false	1.0
verminderung	neg 1.0		neg 0.5199381054972012 off 0.4366866843547597 __DUMMY__ 0.043375210148038905	false	1.0
nach			neg 0.5319921761238929 off 0.4238995714583295 __DUMMY__ 0.04410825241777762	false	0.0
rost	neg 1.0		neg 0.5159947205550126 off 0.4409548234841767 __DUMMY__ 0.04305045596081061	false	1.0
destruktiv	neg 1.0		neg 0.5311669838404507 off 0.4255551797837185 __DUMMY__ 0.043277836375830964	false	1.0
unzumutbarkeit	neg 1.0		neg 0.5193355509788775 off 0.4371262323174463 __DUMMY__ 0.04353821670367619	false	1.0
labil	off 1.0	off 1.0	off 0.7008623707820978 neg 0.2783917394976527 __DUMMY__ 0.020745889720249454	false	1.0
ziemlich	neg 1.0		neg 0.5217097961569899 off 0.4348089800012901 __DUMMY__ 0.04348122384172006	false	1.0
lachnummer	off 1.0		neg 0.5309319503715885 off 0.42576349883491527 __DUMMY__ 0.04330455079349622	false	0.5
oder			neg 0.5261010305135597 off 0.43014731358563546 __DUMMY__ 0.04375165590080474	false	0.0
verfall	neg 1.0		neg 0.5367767396157479 off 0.41958168926678274 __DUMMY__ 0.043641571117469365	false	1.0
ausgrenzung	neg 1.0		neg 0.5289965262598186 off 0.42792229662187997 __DUMMY__ 0.04308117711830145	false	1.0
unordnung	neg 1.0		neg 0.5202295935080271 off 0.43670009771475 __DUMMY__ 0.04307030877722281	false	1.0
fehlverhalten	neg 1.0		neg 0.5338349834283388 off 0.42278569682185 __DUMMY__ 0.04337931974981123	false	1.0
eine			neg 0.5324098486843064 off 0.4238215330716632 __DUMMY__ 0.04376861824403031	false	0.0
nille	neg 1.0		neg 0.5297421877999696 off 0.42698718566731014 __DUMMY__ 0.043270626532720284	false	1.0
qual	neg 1.0		neg 0.5272259962034711 off 0.42916731512466316 __DUMMY__ 0.043606688671865776	false	1.0
verschwenden	neg 1.0		neg 0.5314144316322741 off 0.4249625072648718 __DUMMY__ 0.04362306110285423	false	1.0
riesig	neg 1.0		neg 0.5273338620962805 off 0.42898823168050554 __DUMMY__ 0.043677906223213825	false	1.0
verurteilen	neg 1.0		neg 0.532575356693389 off 0.42414182418909147 __DUMMY__ 0.04328281911751978	false	1.0
klischee	neg 1.0	neg 1.0	neg 0.7501600542847064 off 0.22909846788272104 __DUMMY__ 0.020741477832572613	false	1.0
diktatorisch	neg 1.0		neg 0.5311203196109029 off 0.4259331208021484 __DUMMY__ 0.042946559586948756	false	1.0
vorhersehbar	neg 1.0		neg 0.5272830565415165 off 0.4294062655426498 __DUMMY__ 0.04331067791583373	false	1.0
sowie			neg 0.5185026227832217 off 0.4384927857861464 __DUMMY__ 0.04300459143063195	false	0.0
stornieren	neg 1.0		neg 0.5230260499376195 off 0.4332770448354919 __DUMMY__ 0.043696905226888676	false	1.0
besteuerung	neg 1.0		neg 0.5265148170828479 off 0.4300378496651407 __DUMMY__ 0.04344733325201145	false	1.0
ungeschminkt	neg 1.0		neg 0.5209814773771518 off 0.4355705718476426 __DUMMY__ 0.04344795077520562	false	1.0
kritisch	neg 1.0		neg 0.5331330065844754 off 0.42345779823318513 __DUMMY__ 0.043409195182339586	false	1.0
schlamperei	off 1.0		neg 0.5325745157970342 off 0.4240484077351386 __DUMMY__ 0.043377076467827354	false	0.5
sucht	neg 1.0	neg 1.0	neg 0.7475006325526252 off 0.2314241576961399 __DUMMY__ 0.021075209751234898	false	1.0
egoistisch	off 1.0		neg 0.517591132135655 off 0.43918281007761883 __DUMMY__ 0.04322605778672603	false	0.5
ausbeuter	off 1.0		neg 0.534585125572266 off 0.4220792971485028 __DUMMY__ 0.043335577279231235	false	0.5
arschgeburt	off 1.0		neg 0.5118485751432892 off 0.4454499343241806 __DUMMY__ 0.04270149053253035	false	0.5
schubs	neg 1.0	neg 1.0	neg 0.7508013838762707 off 0.22811697011830365 __DUMMY__ 0.021081646005425607	false	1.0
unsolide	neg 1.0		neg 0.5281242762266285 off 0.429061066168907 __DUMMY__ 0.042814657604464484	false	1.0
beschwerde	neg 1.0		neg 0.5312597486609005 off 0.4253257265714251 __DUMMY__ 0.043414524767674434	false	1.0
stocken	neg 1.0		neg 0.5302072450271319 off 0.4261871189717872 __DUMMY__ 0.043605636001080736	false	1.0
isolieren	neg 1.0		neg 0.5263694390300121 off 0.42985628680871985 __DUMMY__ 0.04377427416126804	false	1.0
unheilbar	neg 1.0		neg 0.528084002179347 off 0.4284878553960011 __DUMMY__ 0.04342814242465184	false	1.0
pisser	off 1.0		neg 0.5204383215230867 off 0.4364205860959998 __DUMMY__ 0.04314109238091349	false	0.5
löschen	neg 1.0		neg 0.5268633821700195 off 0.42966979814668493 __DUMMY__ 0.04346681968329555	false	1.0
durchfallen	neg 1.0		neg 0.5315222963765264 off 0.42492123999184145 __DUMMY__ 0.043556463631632215	false	1.0
wichser	off 1.0		neg 0.513434098200215 off 0.4435040131154016 __DUMMY__ 0.04306188868438331	false	0.5
terror	neg 1.0		neg 0.5220137685445949 off 0.4343292465142246 __DUMMY__ 0.04365698494118044	false	1.0
krass	neg 1.0		neg 0.5185099670614991 off 0.4381167024838415 __DUMMY__ 0.043373330454659416	false	1.0
revolte	neg 1.0	neg 1.0	neg 0.7519397306278435 off 0.22754316654322862 __DUMMY__ 0.020517102828927863	false	1.0
besorgt	neg 1.0		neg 0.5271628399370885 off 0.4289874056323763 __DUMMY__ 0.0438497544305352	false	1.0
nachlassen	neg 1.0		neg 0.527647607947567 off 0.4285430542331122 __DUMMY__ 0.043809337819320726	false	1.0
alt	neg 1.0		neg 0.5292607239787214 off 0.4268692275434827 __DUMMY__ 0.04387004847779593	false	1.0
hundesohn	off 1.0		neg 0.5162575053432922 off 0.4409040122836397 __DUMMY__ 0.04283848237306816	false	0.5
als			neg 0.5293206032486362 off 0.42697880265040017 __DUMMY__ 0.04370059410096351	false	0.0
abschreckung	neg 1.0		neg 0.5347262075384595 off 0.42182581194204216 __DUMMY__ 0.04344798051949842	false	1.0
unqualifiziert	neg 1.0		neg 0.5268713019490062 off 0.42981387963999257 __DUMMY__ 0.04331481841100116	false	1.0
abgewichst	off 1.0		neg 0.5294216173963308 off 0.42713173020107725 __DUMMY__ 0.04344665240259208	false	0.5
schwer	neg 1.0		neg 0.5276646830120126 off 0.42869411079582126 __DUMMY__ 0.04364120619216625	false	1.0
bedeutungslosigkeit	neg 1.0		neg 0.5344115848780915 off 0.42218844394169086 __DUMMY__ 0.043399971180217774	false	1.0
kapitulation	neg 1.0		neg 0.5346497529929795 off 0.4222753990998923 __DUMMY__ 0.04307484790712828	false	1.0
unscharf	neg 1.0		neg 0.5234848604862407 off 0.4329339442861111 __DUMMY__ 0.043581195227648126	false	1.0
schwinden	neg 1.0		neg 0.5318479540879473 off 0.42452401536316253 __DUMMY__ 0.043628030548890244	false	1.0
versklavung	neg 1.0	neg 1.0	neg 0.7522163378446575 off 0.2271398108426133 __DUMMY__ 0.020643851312729163	false	1.0
schlecht	neg 1.0		neg 0.5210788754571242 off 0.43540861561122796 __DUMMY__ 0.043512508931647924	false	1.0
verhasst	neg 1.0		neg 0.5295290933223753 off 0.42717233762267237 __DUMMY__ 0.043298569054952385	false	1.0
beschweren	neg 1.0		neg 0.5256656617816043 off 0.4307525956141786 __DUMMY__ 0.04358174260421711	false	1.0
scheiden	neg 1.0		neg 0.5285651900387733 off 0.4279086242908637 __DUMMY__ 0.0435261856703629	false	1.0
frustriert	neg 1.0		neg 0.5291721084638188 off 0.4272315540578131 __DUMMY__ 0.04359633747836826	false	1.0
schimmelig	neg 1.0		neg 0.529823466925573 off 0.4265066742576699 __DUMMY__ 0.04366985881675702	false	1.0
fisch	neg 1.0		neg 0.5298725270937336 off 0.42649265191390645 __DUMMY__ 0.04363482099235996	false	1.0
schmuggel	neg 1.0		neg 0.5314533241692981 off 0.4248039063388297 __DUMMY__ 0.04374276949187223	false	1.0
auffallen	neg 1.0		neg 0.5253562348986208 off 0.43109852831173145 __DUMMY__ 0.04354523678964783	false	1.0
konkurrenz	neg 1.0		neg 0.532654077313291 off 0.4236225787934192 __DUMMY__ 0.04372334389328998	false	1.0
teufelskreis	neg 1.0		neg 0.529787682514488 off 0.42672519524471153 __DUMMY__ 0.0434871222408004	false	1.0
aufschreien	neg 1.0		neg 0.5271234332020824 off 0.42953101244575415 __DUMMY__ 0.043345554352163335	false	1.0
schuldner	neg 1.0		neg 0.5330728461629675 off 0.4235306253991104 __DUMMY__ 0.04339652843792226	false	1.0
missgeburt	off 1.0	off 1.0	off 0.7036562667295463 neg 0.27572999700517664 __DUMMY__ 0.020613736265277172	false	1.0
arbeitslos	neg 1.0		neg 0.5313640802395359 off 0.4251873843666256 __DUMMY__ 0.04344853539383849	false	1.0
befallen	neg 1.0		neg 0.5339467535580755 off 0.42295731842056 __DUMMY__ 0.04309592802136448	false	1.0
miesepetrig	off 1.0		neg 0.5205570154474783 off 0.43584185200218467 __DUMMY__ 0.04360113255033712	false	0.5
alarmieren	neg 1.0		neg 0.5242623423710656 off 0.43250852845563437 __DUMMY__ 0.04322912917329994	false	1.0
ungeduscht	off 1.0		neg 0.5231950982855144 off 0.4332014301683788 __DUMMY__ 0.043603471546106845	false	0.5
knappheit	neg 1.0		neg 0.5296348488145136 off 0.4268109116325801 __DUMMY__ 0.04355423955290627	false	1.0
schlange	neg 1.0		neg 0.5245965437804799 off 0.43167997004035186 __DUMMY__ 0.0437234861791682	false	1.0
harsch	neg 1.0		neg 0.5142472146334166 off 0.44230352675634027 __DUMMY__ 0.0434492586102432	false	1.0
lang	neg 1.0		neg 0.5260075816814216 off 0.43043970874607823 __DUMMY__ 0.04355270957250022	false	1.0
ziellos	neg 1.0		neg 0.5301761929394504 off 0.42616827914237276 __DUMMY__ 0.04365552791817692	false	1.0
selbstverliebt	neg 1.0		neg 0.5144377739422132 off 0.4427808642661851 __DUMMY__ 0.042781361791601656	false	1.0
beseitigen	neg 1.0		neg 0.5247816087540607 off 0.4314999348800227 __DUMMY__ 0.04371845636591669	false	1.0
dumm	off 1.0		neg 0.5173975480753814 off 0.4394579499710342 __DUMMY__ 0.043144501953584366	false	0.5
arbeitsloser	neg 1.0		neg 0.5322741073438961 off 0.4242663695448781 __DUMMY__ 0.043459523111225605	false	1.0
blitzen	neg 1.0		neg 0.5242220187730755 off 0.4323658897286575 __DUMMY__ 0.04341209149826703	false	1.0
hilflos	neg 1.0		neg 0.5296640672267298 off 0.4267424098660478 __DUMMY__ 0.04359352290722249	false	1.0
eklig	off 1.0		neg 0.5163160884347853 off 0.44055969629584457 __DUMMY__ 0.04312421526937019	false	0.5
begriff			neg 0.5300298000239952 off 0.426478529759495 __DUMMY__ 0.043491670216509834	false	0.0
hungersnot	neg 1.0		neg 0.5324132812604699 off 0.4245760340736716 __DUMMY__ 0.043010684665858535	false	1.0
ungesetzlich	neg 1.0		neg 0.5288651970875754 off 0.42810401623616345 __DUMMY__ 0.04303078667626109	false	1.0
verschwendung	neg 1.0		neg 0.5327161333337525 off 0.42368429257064877 __DUMMY__ 0.0435995740955989	false	1.0
schmerzvoll	neg 1.0		neg 0.5255865832580127 off 0.43082336945274297 __DUMMY__ 0.04359004728924434	false	1.0
vorzeitig	neg 1.0		neg 0.5219728074628661 off 0.4346014672872135 __DUMMY__ 0.0434257252499203	false	1.0
unvollkommenheit	neg 1.0		neg 0.5276504218404046 off 0.428842913923744 __DUMMY__ 0.04350666423585146	false	1.0
intervenieren	neg 1.0		neg 0.5345657453353482 off 0.4221533232748084 __DUMMY__ 0.043280931389843375	false	1.0
banause	off 1.0		neg 0.5152380160138323 off 0.44171815550913046 __DUMMY__ 0.043043828477037346	false	0.5
rebell	neg 1.0		neg 0.5319843683163695 off 0.4242571127297189 __DUMMY__ 0.04375851895391159	false	1.0
unlogisch	neg 1.0		neg 0.5206772074926056 off 0.4360705267858887 __DUMMY__ 0.043252265721505645	false	1.0
leiden	neg 1.0	neg 1.0	neg 0.7508642331380958 off 0.22785771475090016 __DUMMY__ 0.021278052111004007	false	1.0
abschaffung	neg 1.0		neg 0.5284508012347336 off 0.4282611831451916 __DUMMY__ 0.043288015620074685	false	1.0
sturz	neg 1.0		neg 0.5281920538654093 off 0.42857114414783704 __DUMMY__ 0.043236801986753726	false	1.0
verkleinerung	neg 1.0		neg 0.5258970109466293 off 0.43095893140900055 __DUMMY__ 0.04314405764436999	false	1.0
schmarotzer	off 1.0		neg 0.5329075821517081 off 0.42376184771560244 __DUMMY__ 0.043330570132689435	false	0.5
bestrafung	neg 1.0		neg 0.527904931441582 off 0.4287167110282062 __DUMMY__ 0.04337835753021184	false	1.0
achtlos	neg 1.0		neg 0.5273915795625593 off 0.42893234966368415 __DUMMY__ 0.04367607077375653	false	1.0
ungeheuer	neg 1.0		neg 0.5261898425317061 off 0.4304020268568692 __DUMMY__ 0.04340813061142482	false	1.0
unaufrichtig	neg 1.0		neg 0.5273850289868306 off 0.42948073629985695 __DUMMY__ 0.043134234713312604	false	1.0
groggy	neg 1.0		neg 0.5247806616847692 off 0.4318397886224431 __DUMMY__ 0.04337954969278769	false	1.0
verletzlich	neg 1.0		neg 0.5221015176504079 off 0.4345364337908871 __DUMMY__ 0.04336204855870492	false	1.0
