unsolidarisch	neg 1.0		neg 0.36965592978023726 __DUMMY__ 0.3369133564133568 off 0.29343071380640595	false	1.0
nachteilig	neg 1.0		neg 0.36552631076358544 __DUMMY__ 0.34187425512328706 off 0.29259943411312744	false	1.0
skeptisch	neg 1.0		neg 0.3678475044976257 __DUMMY__ 0.3425031799992194 off 0.289649315503155	false	1.0
schrecklich	neg 1.0		neg 0.35571679716709786 __DUMMY__ 0.34001243478437215 off 0.30427076804853015	false	1.0
schlapp	neg 1.0		neg 0.35637084974178745 __DUMMY__ 0.34272122841295893 off 0.3009079218452538	false	1.0
abfall	neg 1.0		neg 0.36868086835941244 __DUMMY__ 0.3431564170386649 off 0.2881627146019228	false	1.0
widerspenstig	neg 1.0		neg 0.3609769800905561 __DUMMY__ 0.3432395457926545 off 0.2957834741167894	false	1.0
abrupt	neg 1.0		neg 0.360602939604395 __DUMMY__ 0.34440639746155044 off 0.29499066293405446	false	1.0
unwirksam	neg 1.0		neg 0.3660673658878594 __DUMMY__ 0.33891406667073753 off 0.2950185674414032	false	1.0
angreifen	neg 1.0		neg 0.36818540669209965 __DUMMY__ 0.3413049482253336 off 0.2905096450825669	false	1.0
inkonsistent	neg 1.0		neg 0.36105019726847754 __DUMMY__ 0.3410628196583165 off 0.29788698307320616	false	1.0
abrutschen	neg 1.0		neg 0.36806425717190294 __DUMMY__ 0.3434895338023993 off 0.2884462090256978	false	1.0
unsicher	neg 1.0		neg 0.3619844813076094 __DUMMY__ 0.3424599846169622 off 0.2955555340754285	false	1.0
bauernkind	off 1.0		neg 0.35551683737719425 __DUMMY__ 0.33749116545496244 off 0.30699199716784314	false	0.5
angreifer	neg 1.0		neg 0.36236208631731237 __DUMMY__ 0.33957805662526835 off 0.2980598570574192	false	1.0
trennen	neg 1.0		neg 0.36397408277188675 __DUMMY__ 0.34449426007439266 off 0.29153165715372054	false	1.0
schmutz	neg 1.0		neg 0.35247051491554404 __DUMMY__ 0.34445339587926704 off 0.3030760892051889	false	1.0
inkonsistenz	neg 1.0	neg 1.0	neg 0.670617697423392 __DUMMY__ 0.16481048175970267 off 0.16457182081690538	false	1.0
erschreckend	neg 1.0		neg 0.36536420725146496 __DUMMY__ 0.34118763919451356 off 0.29344815355402143	false	1.0
ertrinken	neg 1.0		neg 0.3648576346490415 __DUMMY__ 0.3430639656865451 off 0.2920783996644134	false	1.0
pickelface	off 1.0		neg 0.36422011821113265 __DUMMY__ 0.34013561008615384 off 0.2956442717027135	false	0.5
seiner			neg 0.36719221162229704 __DUMMY__ 0.34208607545997327 off 0.29072171291772975	false	0.0
lauch	neg 1.0		neg 0.3673342970619191 __DUMMY__ 0.3429380879201342 off 0.28972761501794675	false	1.0
unwichtig	neg 1.0		neg 0.3592538266595411 __DUMMY__ 0.3408414612495986 off 0.2999047120908604	false	1.0
steuerhinterziehung	neg 1.0		neg 0.3678266213226236 __DUMMY__ 0.33894700840493 off 0.2932263702724464	false	1.0
schock	neg 1.0		neg 0.3613886012277155 __DUMMY__ 0.3440171726520101 off 0.29459422612027447	false	1.0
beule	neg 1.0		neg 0.3554739913929157 __DUMMY__ 0.3422970324310057 off 0.3022289761760785	false	1.0
vergelten	neg 1.0		neg 0.35638784110668653 __DUMMY__ 0.3383848316375815 off 0.305227327255732	false	1.0
verdorbenheit	neg 1.0		neg 0.35907792987935044 __DUMMY__ 0.34315242572617594 off 0.2977696443944738	false	1.0
trauma	neg 1.0		neg 0.3616342774135495 __DUMMY__ 0.3412226643356349 off 0.2971430582508155	false	1.0
sinnlos	neg 1.0		neg 0.36117730618329413 __DUMMY__ 0.34136891126057106 off 0.29745378255613486	false	1.0
fettsack	off 1.0	off 1.0	off 0.6393704674976313 neg 0.19623244798375966 __DUMMY__ 0.1643970845186091	false	1.0
feige	off 1.0		neg 0.36229040694570086 __DUMMY__ 0.339232031456064 off 0.29847756159823513	false	0.5
abdanken	neg 1.0		neg 0.37044421073468975 __DUMMY__ 0.33723929626971355 off 0.29231649299559664	false	1.0
wichtigtuer	off 1.0	off 1.0	off 0.6336508433891926 neg 0.20152594331366763 __DUMMY__ 0.16482321329713961	false	1.0
misslingen	neg 1.0		neg 0.3590227766816906 __DUMMY__ 0.34276073609467406 off 0.2982164872236354	false	1.0
untreu	off 1.0		neg 0.35871772482868053 __DUMMY__ 0.34065100311836544 off 0.30063127205295415	false	0.5
missmutig	neg 1.0		neg 0.35831404668253797 __DUMMY__ 0.34199092776004664 off 0.2996950255574154	false	1.0
hurenbock	off 1.0		neg 0.3579127145446183 __DUMMY__ 0.34373608748535955 off 0.2983511979700221	false	0.5
betrunken	neg 1.0		neg 0.35562853369736336 __DUMMY__ 0.3415242043531783 off 0.30284726194945844	false	1.0
korrupt	off 1.0		neg 0.3705408400328623 __DUMMY__ 0.33830971656570874 off 0.291149443401429	false	0.5
unmut	neg 1.0		neg 0.36957523148112614 __DUMMY__ 0.3420313280542839 off 0.2883934404645901	false	1.0
hackfresse	off 1.0		neg 0.35321187819328825 __DUMMY__ 0.33909056134855436 off 0.3076975604581573	false	0.5
aufblasen	neg 1.0		neg 0.35951469467054314 __DUMMY__ 0.34301992658077546 off 0.2974653787486814	false	1.0
gewaltsam	neg 1.0		neg 0.3652045214633936 __DUMMY__ 0.33930050370658915 off 0.2954949748300171	false	1.0
unbeliebtheit	neg 1.0		neg 0.36398157818478866 __DUMMY__ 0.33598271760135673 off 0.30003570421385456	false	1.0
sturheit	neg 1.0		neg 0.36731754749858336 __DUMMY__ 0.339816362270651 off 0.29286609023076565	false	1.0
kuh	neg 1.0		neg 0.36175895387872 __DUMMY__ 0.34102250932603456 off 0.2972185367952455	false	1.0
erschrecken	neg 1.0		neg 0.35907437189918057 __DUMMY__ 0.3417216442926201 off 0.29920398380819924	false	1.0
opfer	neg 1.0	neg 1.0	neg 0.6733478131264905 __DUMMY__ 0.1658118112495631 off 0.16084037562394646	false	1.0
sinken	neg 1.0		neg 0.3680399636890844 __DUMMY__ 0.34243537466723 off 0.2895246616436855	false	1.0
stinktier	neg 1.0		neg 0.3563915075894921 __DUMMY__ 0.339127837017549 off 0.30448065539295904	false	1.0
tucke	off 1.0		neg 0.35108046413872235 __DUMMY__ 0.3399709497944507 off 0.3089485860668269	false	0.5
ein			neg 0.35846188606684726 __DUMMY__ 0.34422319756837516 off 0.2973149163647776	false	0.0
abstieg	neg 1.0		neg 0.36726303676851535 __DUMMY__ 0.3401383012666696 off 0.292598661964815	false	1.0
missverstehen	neg 1.0		neg 0.3637743907588483 __DUMMY__ 0.33979607987616883 off 0.2964295293649827	false	1.0
ergebnislos	neg 1.0		neg 0.3666653300557158 __DUMMY__ 0.3408593987980635 off 0.29247527114622074	false	1.0
unter			neg 0.36703107316957706 __DUMMY__ 0.3467597855203957 off 0.2862091413100273	false	0.0
manipulieren	neg 1.0		neg 0.36767812217716006 __DUMMY__ 0.34172188525529185 off 0.2905999925675482	false	1.0
unbewiesen	neg 1.0		neg 0.3693040720724617 __DUMMY__ 0.3372248840041873 off 0.293471043923351	false	1.0
verschleppen	neg 1.0		neg 0.3676562395036001 __DUMMY__ 0.3403875306676258 off 0.2919562298287741	false	1.0
weib	off 1.0		neg 0.35254772069507634 __DUMMY__ 0.3385239491872902 off 0.30892833011763343	false	0.5
opposition	neg 1.0		neg 0.3655308948813932 __DUMMY__ 0.3385347913998392 off 0.2959343137187675	false	1.0
verkehrswidrig	neg 1.0		neg 0.35210671531634363 __DUMMY__ 0.34106451039402763 off 0.3068287742896288	false	1.0
inkorrekt	neg 1.0		neg 0.36324544245035734 __DUMMY__ 0.33741865345370964 off 0.29933590409593314	false	1.0
vermeiden	neg 1.0		neg 0.36632024052292317 __DUMMY__ 0.3453945236013577 off 0.2882852358757191	false	1.0
abweichung	neg 1.0		neg 0.36853900755434005 __DUMMY__ 0.3395588424252036 off 0.2919021500204563	false	1.0
alkoholisiert	neg 1.0		neg 0.36227539249088075 __DUMMY__ 0.343583078345718 off 0.29414152916340114	false	1.0
scheiss	off 1.0	off 1.0	off 0.6372067550331086 neg 0.19698964686653514 __DUMMY__ 0.16580359810035628	false	1.0
herausforderung	neg 1.0		neg 0.35988162504989785 __DUMMY__ 0.34537835684954826 off 0.2947400181005539	false	1.0
pervers	off 1.0		neg 0.3502323193284329 __DUMMY__ 0.33801349178935525 off 0.3117541888822119	false	0.5
wackelig	neg 1.0		neg 0.36024204038967117 __DUMMY__ 0.34520465858165306 off 0.29455330102867583	false	1.0
verwickeln	neg 1.0		neg 0.36289758653924714 __DUMMY__ 0.34055741203743906 off 0.29654500142331397	false	1.0
vorwand	neg 1.0		neg 0.36987009155901535 __DUMMY__ 0.34126883527686236 off 0.28886107316412224	false	1.0
muschi	off 1.0		neg 0.3652091965718108 __DUMMY__ 0.3398755011495285 off 0.29491530227866053	false	0.5
entmutigung	neg 1.0		neg 0.3694801253562469 __DUMMY__ 0.33547425789470486 off 0.29504561674904806	false	1.0
unangemessen	neg 1.0		neg 0.3686979358235596 __DUMMY__ 0.3397429002906166 off 0.29155916388582376	false	1.0
unstetig	neg 1.0		neg 0.36014532646076125 __DUMMY__ 0.340552545024349 off 0.2993021285148898	false	1.0
entmutigen	neg 1.0		neg 0.3614167967390958 __DUMMY__ 0.3419783757480894 off 0.29660482751281475	false	1.0
schwanz	neg 1.0		neg 0.36502078451539555 __DUMMY__ 0.3415863903159178 off 0.29339282516868664	false	1.0
verbot	neg 1.0		neg 0.3687164945718278 __DUMMY__ 0.33902093113687254 off 0.29226257429129976	false	1.0
leid	neg 1.0		neg 0.35433194650133815 __DUMMY__ 0.3397078352078659 off 0.30596021829079595	false	1.0
archaisch	neg 1.0		neg 0.3675344399174655 __DUMMY__ 0.34011618428499 off 0.29234937579754444	false	1.0
gegen			neg 0.3703716570731599 __DUMMY__ 0.3406275293444868 off 0.2890008135823532	false	0.0
scheidung	neg 1.0	neg 1.0	neg 0.657841263450752 off 0.17759976067169642 __DUMMY__ 0.16455897587755158	false	1.0
einschlag	neg 1.0		neg 0.3563797365271421 __DUMMY__ 0.3388495917771263 off 0.3047706716957317	false	1.0
m			neg 0.36238229147058953 __DUMMY__ 0.3429454975756152 off 0.29467221095379525	false	0.0
abgestanden	neg 1.0		neg 0.3595881409761289 __DUMMY__ 0.343669311224796 off 0.29674254779907516	false	1.0
schmierig	off 1.0		neg 0.35446307762502005 __DUMMY__ 0.3404510994666285 off 0.30508582290835146	false	0.5
unpraktisch	neg 1.0		neg 0.3588135813804725 __DUMMY__ 0.3434709595141916 off 0.29771545910533603	false	1.0
wixxer	off 1.0		neg 0.35142099519227255 __DUMMY__ 0.33711943538110567 off 0.31145956942662173	false	0.5
bezeichnet			neg 0.366501791234844 __DUMMY__ 0.34000500371254744 off 0.29349320505260856	false	0.0
jammerlappen	off 1.0		neg 0.3596149636938811 __DUMMY__ 0.34068744076875423 off 0.29969759553736475	false	0.5
farce	neg 1.0		neg 0.3713112410056418 __DUMMY__ 0.3370759417106555 off 0.29161281728370275	false	1.0
zwecklos	neg 1.0		neg 0.36789946318960953 __DUMMY__ 0.34050218304711943 off 0.291598353763271	false	1.0
turbulent	neg 1.0		neg 0.357023861842593 __DUMMY__ 0.3393475394104456 off 0.3036285987469614	false	1.0
invasion	neg 1.0		neg 0.3584433412545826 __DUMMY__ 0.3421963574573318 off 0.2993603012880857	false	1.0
schuld	neg 1.0		neg 0.3633263654206986 __DUMMY__ 0.3409569526046686 off 0.29571668197463286	false	1.0
risiko	neg 1.0		neg 0.3561516937174405 __DUMMY__ 0.3434542335130443 off 0.3003940727695153	false	1.0
finster	neg 1.0		neg 0.3591418227922292 __DUMMY__ 0.3438263492816022 off 0.29703182792616856	false	1.0
geisteskrank	off 1.0		neg 0.3614238008130825 __DUMMY__ 0.3382997269634936 off 0.3002764722234239	false	0.5
zusammenbrechen	neg 1.0		neg 0.362878426290954 __DUMMY__ 0.34287540383028886 off 0.2942461698787572	false	1.0
ausbeute	neg 1.0		neg 0.362584881684751 __DUMMY__ 0.34384762973290117 off 0.2935674885823479	false	1.0
hinterhalt	neg 1.0		neg 0.3631125355417875 __DUMMY__ 0.3407504990881191 off 0.2961369653700934	false	1.0
kritik	neg 1.0		neg 0.36999373538129854 __DUMMY__ 0.33792189060487027 off 0.2920843740138312	false	1.0
einschrumpfen	neg 1.0		neg 0.3636055936570874 __DUMMY__ 0.3382609298610142 off 0.29813347648189836	false	1.0
riskant	neg 1.0		neg 0.3664519327400097 __DUMMY__ 0.3422586659954504 off 0.29128940126453984	false	1.0
frustrieren	neg 1.0		neg 0.36735456016273044 __DUMMY__ 0.3417297577619038 off 0.2909156820753659	false	1.0
groll	neg 1.0		neg 0.3675158609115843 __DUMMY__ 0.3406064207170287 off 0.29187771837138715	false	1.0
gibt			neg 0.3647684011180772 __DUMMY__ 0.34197499390690766 off 0.2932566049750153	false	0.0
qualvoll	neg 1.0		neg 0.3599454106153755 __DUMMY__ 0.3420041747522073 off 0.29805041463241727	false	1.0
wackeln	neg 1.0		neg 0.358900544524239 __DUMMY__ 0.3438438936953802 off 0.2972555617803807	false	1.0
klagen	neg 1.0		neg 0.3702168740907119 __DUMMY__ 0.34107234877049275 off 0.28871077713879534	false	1.0
bankrott	neg 1.0		neg 0.3573265916151327 __DUMMY__ 0.3417705939241086 off 0.3009028144607586	false	1.0
trauern	neg 1.0		neg 0.367403992240351 __DUMMY__ 0.3415554659998666 off 0.29104054175978233	false	1.0
ablehnung	neg 1.0	neg 1.0	neg 0.6742841752975067 __DUMMY__ 0.16423150065496162 off 0.16148432404753163	false	1.0
stur	neg 1.0		neg 0.3625501357114106 __DUMMY__ 0.3411661271799807 off 0.29628373710860884	false	1.0
aufruhr	neg 1.0		neg 0.3669083268077388 __DUMMY__ 0.33863836382652457 off 0.2944533093657367	false	1.0
melancholie	neg 1.0		neg 0.36199920791224643 __DUMMY__ 0.3440384330033673 off 0.2939623590843861	false	1.0
ist			neg 0.36237821602280545 __DUMMY__ 0.34112435533608376 off 0.29649742864111067	false	0.0
torheit	neg 1.0		neg 0.36857242193583273 __DUMMY__ 0.33723765226058233 off 0.294189925803585	false	1.0
dreckskind	off 1.0		neg 0.3576207094134622 __DUMMY__ 0.3369376227556667 off 0.30544166783087107	false	0.5
umtauschen	neg 1.0		neg 0.3606889326254398 __DUMMY__ 0.3434221827022117 off 0.2958888846723485	false	1.0
zum			neg 0.36366569087849615 __DUMMY__ 0.3467654420801488 off 0.2895688670413549	false	0.0
zersetzen	neg 1.0		neg 0.3688036439504558 __DUMMY__ 0.3414192967254463 off 0.28977705932409775	false	1.0
zur			neg 0.36995275003637174 __DUMMY__ 0.34294906229409156 off 0.2870981876695367	false	0.0
frust	neg 1.0		neg 0.36425745687934874 __DUMMY__ 0.34222465006597214 off 0.29351789305467907	false	1.0
unerbittlichkeit	neg 1.0		neg 0.36856870063205327 __DUMMY__ 0.3409500461979732 off 0.2904812531699734	false	1.0
zwei			neg 0.36401604202707416 __DUMMY__ 0.34536292283713027 off 0.2906210351357956	false	0.0
unkorrekt	neg 1.0		neg 0.3619611225203588 __DUMMY__ 0.33771434485228985 off 0.3003245326273512	false	1.0
hexe	off 1.0		neg 0.35789572556774985 __DUMMY__ 0.34115451104857414 off 0.30094976338367607	false	0.5
lasch	neg 1.0		neg 0.3630864621529276 __DUMMY__ 0.3393949102358471 off 0.2975186276112252	false	1.0
rivale	neg 1.0		neg 0.35610729902434674 __DUMMY__ 0.33935878531189134 off 0.3045339156637618	false	1.0
mutlos	off 1.0	off 1.0	off 0.6307643665141772 neg 0.2041485974503473 __DUMMY__ 0.16508703603547553	false	1.0
wirr	off 1.0		neg 0.3593001234879578 __DUMMY__ 0.3382013842404353 off 0.3024984922716069	false	0.5
jahr			neg 0.36213023496402424 __DUMMY__ 0.34488187771777623 off 0.2929878873181995	false	0.0
wird			neg 0.36598243434924643 __DUMMY__ 0.3421334437917836 off 0.29188412185896995	false	0.0
strafbar	neg 1.0		neg 0.3702663045718279 __DUMMY__ 0.33966293066145914 off 0.29007076476671306	false	1.0
erosion	neg 1.0		neg 0.3597207689251509 __DUMMY__ 0.34257552827699994 off 0.297703702797849	false	1.0
eingehen	neg 1.0		neg 0.36756154438529726 __DUMMY__ 0.34095170344298104 off 0.2914867521717216	false	1.0
faul	off 1.0		neg 0.35600454069165605 __DUMMY__ 0.343063759813974 off 0.30093169949437004	false	0.5
provisorium	neg 1.0		neg 0.3693212773225025 __DUMMY__ 0.34569205582339646 off 0.284986666854101	false	1.0
schmerzen	neg 1.0		neg 0.36235208655209217 __DUMMY__ 0.3429481576779913 off 0.2946997557699166	false	1.0
schrumpfen	neg 1.0		neg 0.3694362982736981 __DUMMY__ 0.34351926883335865 off 0.28704443289294335	false	1.0
geistlos	off 1.0		neg 0.3670487479448214 __DUMMY__ 0.3370693785203198 off 0.29588187353485884	false	0.5
fehlkauf	neg 1.0		neg 0.36235612361233455 __DUMMY__ 0.33993111214394645 off 0.2977127642437191	false	1.0
frustrierend	neg 1.0		neg 0.3590377159734754 __DUMMY__ 0.3417630140466054 off 0.2991992699799192	false	1.0
unzufrieden	neg 1.0		neg 0.3661637687763836 __DUMMY__ 0.3415305674574218 off 0.29230566376619455	false	1.0
verzweifeln	neg 1.0		neg 0.36292980745328357 __DUMMY__ 0.34230920153360533 off 0.294760991013111	false	1.0
verzweifelt	neg 1.0		neg 0.3624960567409942 __DUMMY__ 0.3412758463029327 off 0.296228096956073	false	1.0
misstrauensantrag	neg 1.0		neg 0.3624138334263763 __DUMMY__ 0.33984423418133325 off 0.2977419323922904	false	1.0
abfallen	neg 1.0		neg 0.3578965534959584 __DUMMY__ 0.34436022489212864 off 0.29774322161191297	false	1.0
fucker	off 1.0		neg 0.35800414872107333 __DUMMY__ 0.3391386279879307 off 0.30285722329099607	false	0.5
ungezogen	neg 1.0		neg 0.35127350053926637 __DUMMY__ 0.33916891126234033 off 0.30955758819839335	false	1.0
irrsinnig	neg 1.0	neg 1.0	neg 0.6713636157534396 __DUMMY__ 0.16540247398653904 off 0.16323391026002135	false	1.0
unfassbar	neg 1.0		neg 0.35902404374347396 __DUMMY__ 0.34067904127000187 off 0.30029691498652417	false	1.0
hart	neg 1.0		neg 0.3595188780167195 __DUMMY__ 0.34004301853372493 off 0.3004381034495556	false	1.0
widerlich	off 1.0		neg 0.3599099714148173 __DUMMY__ 0.33949839616037714 off 0.3005916324248056	false	0.5
fatal	neg 1.0		neg 0.36155408407398876 __DUMMY__ 0.34049031387464024 off 0.2979556020513709	false	1.0
bruch	neg 1.0		neg 0.3720949562207074 __DUMMY__ 0.34024769038233255 off 0.28765735339696014	false	1.0
aushungern	neg 1.0		neg 0.3676520210253108 __DUMMY__ 0.33844585075601014 off 0.2939021282186792	false	1.0
anspannung	neg 1.0		neg 0.36638847414415143 __DUMMY__ 0.3444553549031804 off 0.28915617095266816	false	1.0
von			neg 0.3640503267508425 __DUMMY__ 0.34439829459992866 off 0.29155137864922887	false	0.0
kraftlos	neg 1.0		neg 0.3617448175891962 __DUMMY__ 0.3445124359547216 off 0.2937427464560823	false	1.0
vom			neg 0.36721823912059476 __DUMMY__ 0.3461952157361858 off 0.2865865451432195	false	0.0
grenzdebil	off 1.0		neg 0.3569879551119204 __DUMMY__ 0.34114996325833474 off 0.301862081629745	false	0.5
vor			neg 0.36652615213974604 __DUMMY__ 0.3436463038770174 off 0.28982754398323657	false	0.0
unterwerfen	neg 1.0		neg 0.36847048608174354 __DUMMY__ 0.34063461052983124 off 0.29089490338842516	false	1.0
versenkung	neg 1.0		neg 0.36717828579969247 __DUMMY__ 0.3417822670857413 off 0.29103944711456614	false	1.0
entziehen	neg 1.0		neg 0.3699525274023396 __DUMMY__ 0.3415999556676578 off 0.2884475169300027	false	1.0
finanzkrise	neg 1.0		neg 0.3676818183211319 __DUMMY__ 0.33861891880298506 off 0.2936992628758831	false	1.0
schimpfend	neg 1.0		neg 0.3563323164378962 __DUMMY__ 0.34477411607246256 off 0.2988935674896413	false	1.0
profan	neg 1.0		neg 0.36115505122625674 __DUMMY__ 0.3414032476533088 off 0.2974417011204345	false	1.0
korruption	neg 1.0		neg 0.3696576367215632 __DUMMY__ 0.3387482762465071 off 0.2915940870319296	false	1.0
â			neg 0.36386475725686585 __DUMMY__ 0.3426653870677167 off 0.29346985567541733	false	0.0
schmutzig	neg 1.0		neg 0.3556407288862973 __DUMMY__ 0.34238600673854386 off 0.3019732643751588	false	1.0
sexy	neg 1.0		neg 0.3590026491977236 __DUMMY__ 0.3411282540321981 off 0.2998690967700782	false	1.0
abraten	neg 1.0		neg 0.36061458658397105 __DUMMY__ 0.34235197117328753 off 0.29703344224274136	false	1.0
schwarz	neg 1.0		neg 0.3618661160455812 __DUMMY__ 0.3409004762750261 off 0.29723340767939266	false	1.0
fotze	off 1.0		neg 0.3665831099441891 __DUMMY__ 0.34032081328667646 off 0.2930960767691346	false	0.5
verwirren	neg 1.0		neg 0.360481567395498 __DUMMY__ 0.3412467400343428 off 0.2982716925701592	false	1.0
zahnlos	off 1.0		neg 0.3677786708658774 __DUMMY__ 0.3403282058336193 off 0.2918931233005034	false	0.5
verheeren	neg 1.0		neg 0.35171341867325484 __DUMMY__ 0.33728165946274524 off 0.3110049218639999	false	1.0
hippie	neg 1.0		neg 0.35974397859480783 __DUMMY__ 0.3408247919374282 off 0.29943122946776396	false	1.0
rammen	neg 1.0		neg 0.3586560725628911 __DUMMY__ 0.3422189585225472 off 0.29912496891456175	false	1.0
unlauter	neg 1.0	neg 1.0	neg 0.6702937775989863 __DUMMY__ 0.16522128410962467 off 0.16448493829138905	false	1.0
unheilvoll	neg 1.0		neg 0.3601264416861235 __DUMMY__ 0.34211925145841315 off 0.29775430685546345	false	1.0
niedrig	neg 1.0		neg 0.3648767575263436 __DUMMY__ 0.3421859762965574 off 0.292937266177099	false	1.0
explosion	neg 1.0		neg 0.3588054172430122 __DUMMY__ 0.34177029915923846 off 0.2994242835977494	false	1.0
weichei	off 1.0		neg 0.35419746278592507 __DUMMY__ 0.33929331568225357 off 0.3065092215318215	false	0.5
minusmensch	off 1.0		neg 0.3554862996020919 __DUMMY__ 0.3351965100307684 off 0.3093171903671398	false	0.5
farblos	neg 1.0		neg 0.36235568201301754 __DUMMY__ 0.34119419340433943 off 0.29645012458264297	false	1.0
unwissend	neg 1.0	neg 1.0	neg 0.6692616548714279 off 0.16571591508097075 __DUMMY__ 0.16502243004760137	false	1.0
traurig	neg 1.0		neg 0.3554592552442125 __DUMMY__ 0.3409038417920429 off 0.3036369029637445	false	1.0
senkung	neg 1.0		neg 0.36008819717746926 __DUMMY__ 0.3409709079595442 off 0.2989408948629866	false	1.0
ungleich	neg 1.0	neg 1.0	neg 0.6738208238504764 __DUMMY__ 0.16551679288229826 off 0.16066238326722537	false	1.0
heikel	neg 1.0		neg 0.3683058834352004 __DUMMY__ 0.34177169180049866 off 0.289922424764301	false	1.0
drosselung	neg 1.0		neg 0.35445917838618707 __DUMMY__ 0.3412137548110807 off 0.30432706680273225	false	1.0
falsch	neg 1.0		neg 0.35965409357746464 __DUMMY__ 0.34103324721618944 off 0.2993126592063459	false	1.0
unzufriedenheit	neg 1.0		neg 0.36891614262854566 __DUMMY__ 0.3414909823587657 off 0.2895928750126887	false	1.0
kurz	neg 1.0		neg 0.36121780693220673 __DUMMY__ 0.34404661304189915 off 0.2947355800258941	false	1.0
unsinnig	neg 1.0		neg 0.3662702374422163 __DUMMY__ 0.34112472487676565 off 0.2926050376810181	false	1.0
penner	off 1.0	off 1.0	off 0.6405109043096426 neg 0.19480661176051775 __DUMMY__ 0.1646824839298396	false	1.0
seicht	neg 1.0		neg 0.35476179533808594 __DUMMY__ 0.33719645516174734 off 0.30804174950016683	false	1.0
dummheit	off 1.0	off 1.0	off 0.6341501594987399 neg 0.2009756613207621 __DUMMY__ 0.16487417918049802	false	1.0
unerfreulich	neg 1.0		neg 0.36722533641410343 __DUMMY__ 0.34283442479367504 off 0.2899402387922215	false	1.0
motherfucker	off 1.0	off 1.0	off 0.6375338460047651 neg 0.19775989865117108 __DUMMY__ 0.16470625534406388	false	1.0
pikiert	neg 1.0		neg 0.361219045003086 __DUMMY__ 0.33959657686592054 off 0.2991843781309936	false	1.0
wrack	neg 1.0		neg 0.3642353270418001 __DUMMY__ 0.3423128109406333 off 0.2934518620175665	false	1.0
gangster	neg 1.0		neg 0.3604119746869032 __DUMMY__ 0.34097174246512413 off 0.29861628284797265	false	1.0
krank	neg 1.0		neg 0.35507552668458037 __DUMMY__ 0.34240027666322204 off 0.3025241966521977	false	1.0
reich	neg 1.0		neg 0.3650109702985315 __DUMMY__ 0.3362409882123838 off 0.29874804148908474	false	1.0
gnadenlos	neg 1.0		neg 0.3627143406627096 __DUMMY__ 0.3412456410209582 off 0.29604001831633214	false	1.0
niedergeschlagen	neg 1.0		neg 0.36333791048791136 __DUMMY__ 0.3425560520538193 off 0.2941060374582693	false	1.0
terrorisieren	off 1.0	off 1.0	off 0.6309320381136029 neg 0.20318046712907298 __DUMMY__ 0.1658874947573242	false	1.0
sinnlosigkeit	neg 1.0		neg 0.36722350984011826 __DUMMY__ 0.34064063882217815 off 0.2921358513377036	false	1.0
behindern	neg 1.0		neg 0.361583472633522 __DUMMY__ 0.3426363944006267 off 0.2957801329658514	false	1.0
undemokratisch	neg 1.0		neg 0.3668247889429562 __DUMMY__ 0.3380636987315163 off 0.29511151232552757	false	1.0
wirtschaftskrise	neg 1.0		neg 0.3681759155528907 __DUMMY__ 0.33970984918470143 off 0.2921142352624079	false	1.0
neid	neg 1.0		neg 0.35805691288296143 __DUMMY__ 0.3423784033416389 off 0.29956468377539974	false	1.0
rutschen	neg 1.0		neg 0.3629916445655789 __DUMMY__ 0.3470691702529639 off 0.2899391851814573	false	1.0
rezession	neg 1.0		neg 0.3580278132324305 __DUMMY__ 0.33768467679928077 off 0.30428750996828885	false	1.0
fehlgeburt	neg 1.0		neg 0.3642989352591948 __DUMMY__ 0.3404259846418196 off 0.2952750800989856	false	1.0
charakterschwach	off 1.0		neg 0.3598135488005737 __DUMMY__ 0.33966551612025797 off 0.3005209350791683	false	0.5
isolation	neg 1.0		neg 0.3581216073568293 __DUMMY__ 0.34098801771226195 off 0.30089037493090875	false	1.0
ablenkung	neg 1.0		neg 0.36150588767071334 __DUMMY__ 0.34251552066529717 off 0.29597859166398965	false	1.0
pech	neg 1.0		neg 0.35883710030189037 __DUMMY__ 0.34208080930740303 off 0.29908209039070666	false	1.0
vermeidung	neg 1.0		neg 0.35481307150558195 __DUMMY__ 0.3418496568599105 off 0.3033372716345077	false	1.0
dominieren	neg 1.0		neg 0.3642264083022739 __DUMMY__ 0.3416736561676528 off 0.29409993553007346	false	1.0
schwindlig	neg 1.0		neg 0.3571942409100869 __DUMMY__ 0.3433903552275204 off 0.29941540386239257	false	1.0
lutscher	neg 1.0		neg 0.35291448828391364 __DUMMY__ 0.33771507138377627 off 0.30937044033231004	false	1.0
pflicht	neg 1.0		neg 0.3690679453236362 __DUMMY__ 0.341424846581198 off 0.28950720809516584	false	1.0
faschist	off 1.0		neg 0.36720540631962983 __DUMMY__ 0.3372056088905368 off 0.29558898478983336	false	0.5
verschleudern	neg 1.0		neg 0.3682213589212421 __DUMMY__ 0.34011011992710416 off 0.2916685211516537	false	1.0
wenn			neg 0.3597333122561605 __DUMMY__ 0.34102561711159873 off 0.2992410706322407	false	0.0
ehebruch	neg 1.0		neg 0.3693311042368889 __DUMMY__ 0.339823066632292 off 0.290845829130819	false	1.0
spott	off 1.0		neg 0.36922664081413376 __DUMMY__ 0.3403036474857971 off 0.2904697117000691	false	0.5
trostlosigkeit	neg 1.0		neg 0.3724201461352469 __DUMMY__ 0.3391521861610367 off 0.2884276677037164	false	1.0
lutschen	neg 1.0		neg 0.36076630856461633 __DUMMY__ 0.3395894909606121 off 0.29964420047477164	false	1.0
undiszipliniert	neg 1.0		neg 0.35641073516891336 __DUMMY__ 0.3406999788747038 off 0.30288928595638276	false	1.0
kopfschmerz	neg 1.0		neg 0.3620716905924164 __DUMMY__ 0.34261023261250884 off 0.2953180767950748	false	1.0
unvorhergesehen	neg 1.0		neg 0.35935524200143265 __DUMMY__ 0.34527517548738934 off 0.295369582511178	false	1.0
desinteressiert	neg 1.0		neg 0.35814506196945695 __DUMMY__ 0.33982694585693807 off 0.30202799217360493	false	1.0
armselig	off 1.0		neg 0.3581412086685779 __DUMMY__ 0.33912053600775777 off 0.3027382553236644	false	0.5
desaster	neg 1.0		neg 0.37249441043043074 __DUMMY__ 0.3402371843674618 off 0.2872684052021074	false	1.0
tod	neg 1.0		neg 0.37106591434376074 __DUMMY__ 0.3388888399417419 off 0.29004524571449736	false	1.0
herzlos	neg 1.0		neg 0.3553488929863196 __DUMMY__ 0.3404760275695155 off 0.3041750794441648	false	1.0
unwissenheit	neg 1.0		neg 0.3680268161548202 __DUMMY__ 0.34013780308587055 off 0.29183538075930915	false	1.0
widersinnig	neg 1.0		neg 0.3697183156364274 __DUMMY__ 0.33816209429117644 off 0.29211959007239635	false	1.0
bedenklich	neg 1.0		neg 0.3677460754843653 __DUMMY__ 0.3414054243431825 off 0.29084850017245234	false	1.0
beanstanden	neg 1.0		neg 0.3688725038127581 __DUMMY__ 0.3417809677648555 off 0.2893465284223864	false	1.0
panisch	neg 1.0	neg 1.0	neg 0.6671966988922505 __DUMMY__ 0.167546091521224 off 0.16525720958652554	false	1.0
debil	off 1.0		neg 0.3703747396962511 __DUMMY__ 0.342734977271048 off 0.2868902830327009	false	0.5
abstrich	neg 1.0		neg 0.35717474584925596 __DUMMY__ 0.3449484572193338 off 0.2978767969314103	false	1.0
primitiv	neg 1.0		neg 0.35934957928679334 __DUMMY__ 0.33943487134699696 off 0.30121554936620965	false	1.0
abschaum	off 1.0	off 1.0	off 0.6354027478685554 neg 0.20017099044764802 __DUMMY__ 0.1644262616837965	false	1.0
provozieren	neg 1.0		neg 0.3652839098159243 __DUMMY__ 0.3400476255054809 off 0.2946684646785949	false	1.0
tot	neg 1.0		neg 0.3660476588577954 __DUMMY__ 0.3403518414041682 off 0.2936004997380363	false	1.0
instabil	neg 1.0		neg 0.3573906068704139 __DUMMY__ 0.3386358761094305 off 0.30397351702015557	false	1.0
schwuchtel	off 1.0		neg 0.35096398950435576 __DUMMY__ 0.33519897499946993 off 0.31383703549617425	false	0.5
zerren	neg 1.0		neg 0.36384956528808793 __DUMMY__ 0.3423526296649297 off 0.29379780504698255	false	1.0
kinderficker	off 1.0		neg 0.35821037594896316 __DUMMY__ 0.3375056935966209 off 0.30428393045441576	false	0.5
gefahr	neg 1.0		neg 0.36838018412907325 __DUMMY__ 0.34056075678918424 off 0.2910590590817426	false	1.0
rabiat	neg 1.0		neg 0.363730242328107 __DUMMY__ 0.34125196113736755 off 0.2950177965345253	false	1.0
verlangsamung	neg 1.0		neg 0.35371902343400696 __DUMMY__ 0.33797480983752354 off 0.30830616672846944	false	1.0
ausgestorben	neg 1.0		neg 0.3642973413026341 __DUMMY__ 0.34200054685433995 off 0.29370211184302597	false	1.0
anklagen	neg 1.0		neg 0.3662281221412258 __DUMMY__ 0.33986161977666685 off 0.2939102580821074	false	1.0
trott	neg 1.0		neg 0.3620713454719966 __DUMMY__ 0.3422101673131541 off 0.2957184872148492	false	1.0
verminderung	neg 1.0		neg 0.356401566668115 __DUMMY__ 0.3402905740360207 off 0.3033078592958643	false	1.0
nach			neg 0.3651979333581276 __DUMMY__ 0.3458022936093576 off 0.28899977303251484	false	0.0
rost	neg 1.0		neg 0.3537360973292014 __DUMMY__ 0.3379040507358412 off 0.30835985193495735	false	1.0
destruktiv	neg 1.0		neg 0.36739954045514683 __DUMMY__ 0.3395452226921808 off 0.29305523685267243	false	1.0
unzumutbarkeit	neg 1.0		neg 0.35517399885552425 __DUMMY__ 0.34155070448287966 off 0.3032752966615961	false	1.0
labil	off 1.0	off 1.0	off 0.6363360662798588 neg 0.19884297718128865 __DUMMY__ 0.16482095653885248	false	1.0
ziemlich	neg 1.0		neg 0.3576982968434894 __DUMMY__ 0.34106405813630125 off 0.3012376450202094	false	1.0
lachnummer	off 1.0		neg 0.36706744977949995 __DUMMY__ 0.33973920427323206 off 0.2931933459472681	false	0.5
oder			neg 0.360918288866644 __DUMMY__ 0.34309852633092774 off 0.29598318480242825	false	0.0
verfall	neg 1.0		neg 0.37141601975660776 __DUMMY__ 0.34229226687239755 off 0.28629171337099485	false	1.0
ausgrenzung	neg 1.0		neg 0.3659916406522762 __DUMMY__ 0.338093486243725 off 0.2959148731039988	false	1.0
unordnung	neg 1.0		neg 0.35772629713527154 __DUMMY__ 0.3380668921278742 off 0.3042068107368542	false	1.0
fehlverhalten	neg 1.0		neg 0.3695421535696525 __DUMMY__ 0.3403105317100621 off 0.29014731472028554	false	1.0
eine			neg 0.36684427889872806 __DUMMY__ 0.34322451826798983 off 0.2899312028332821	false	0.0
nille	neg 1.0		neg 0.3660746637253736 __DUMMY__ 0.33949404583735276 off 0.29443129043727356	false	1.0
qual	neg 1.0		neg 0.36249907982923 __DUMMY__ 0.3419962515249609 off 0.29550466864580927	false	1.0
verschwenden	neg 1.0		neg 0.3664226877080735 __DUMMY__ 0.34213092651203564 off 0.29144638577989074	false	1.0
riesig	neg 1.0		neg 0.3622861761897272 __DUMMY__ 0.34260341696110164 off 0.29511040684917106	false	1.0
verurteilen	neg 1.0		neg 0.36868031518905303 __DUMMY__ 0.3395954117082621 off 0.291724273102685	false	1.0
klischee	neg 1.0	neg 1.0	neg 0.6706270049473125 __DUMMY__ 0.16478347631042892 off 0.16458951874225852	false	1.0
diktatorisch	neg 1.0		neg 0.36849951247703167 __DUMMY__ 0.3370818864506916 off 0.2944186010722766	false	1.0
vorhersehbar	neg 1.0		neg 0.3635960980073451 __DUMMY__ 0.33978516260085384 off 0.29661873939180083	false	1.0
sowie			neg 0.35634387228631914 __DUMMY__ 0.3375004059415988 off 0.30615572177208195	false	0.0
stornieren	neg 1.0		neg 0.358118825413179 __DUMMY__ 0.3427530768830501 off 0.29912809770377086	false	1.0
besteuerung	neg 1.0		neg 0.3623888519591685 __DUMMY__ 0.34084839464321043 off 0.2967627533976212	false	1.0
ungeschminkt	neg 1.0		neg 0.35714314723721835 __DUMMY__ 0.3408546118506692 off 0.3020022409121123	false	1.0
kritisch	neg 1.0		neg 0.36878528821818174 __DUMMY__ 0.34052869089120574 off 0.2906860208906125	false	1.0
schlamperei	off 1.0		neg 0.36833044930826997 __DUMMY__ 0.340324273097523 off 0.29134527759420714	false	0.5
sucht	neg 1.0	neg 1.0	neg 0.6667143904232835 __DUMMY__ 0.1674302573235394 off 0.16585535225317713	false	1.0
egoistisch	off 1.0		neg 0.35466269339659534 __DUMMY__ 0.3391637431725168 off 0.30617356343088786	false	0.5
ausbeuter	off 1.0		neg 0.3704153982107871 __DUMMY__ 0.33998725027483784 off 0.28959735151437505	false	0.5
arschgeburt	off 1.0		neg 0.3510536701794522 __DUMMY__ 0.3352373981378179 off 0.3137089316827299	false	0.5
schubs	neg 1.0	neg 1.0	neg 0.6700065477909951 __DUMMY__ 0.16746306060567745 off 0.16253039160332744	false	1.0
unsolide	neg 1.0		neg 0.3661304267603741 __DUMMY__ 0.3361004514021623 off 0.2977691218374636	false	1.0
beschwerde	neg 1.0		neg 0.3669490922914922 __DUMMY__ 0.340608322967841 off 0.29244258474066676	false	1.0
stocken	neg 1.0		neg 0.36527605199073787 __DUMMY__ 0.3420399098085736 off 0.2926840382006885	false	1.0
isolieren	neg 1.0		neg 0.3609532630254095 __DUMMY__ 0.3433276807987579 off 0.29571905617583266	false	1.0
unheilbar	neg 1.0		neg 0.36388878018915255 __DUMMY__ 0.3406928273542905 off 0.29541839245655693	false	1.0
pisser	off 1.0		neg 0.357666161091799 __DUMMY__ 0.338556236576434 off 0.303777602331767	false	0.5
löschen	neg 1.0		neg 0.3626453139983994 __DUMMY__ 0.34095269313876914 off 0.29640199286283136	false	1.0
durchfallen	neg 1.0		neg 0.3667406036136111 __DUMMY__ 0.34163539626420114 off 0.2916240001221878	false	1.0
wichser	off 1.0		neg 0.3513161631374221 __DUMMY__ 0.3379232963731946 off 0.31076054048938334	false	0.5
terror	neg 1.0		neg 0.3573562935678126 __DUMMY__ 0.34239585678046014 off 0.30024784965172724	false	1.0
krass	neg 1.0		neg 0.3550579260547465 __DUMMY__ 0.3402864106066769 off 0.30465566333857663	false	1.0
revolte	neg 1.0	neg 1.0	neg 0.673204191471275 off 0.1637474465956782 __DUMMY__ 0.1630483619330468	false	1.0
besorgt	neg 1.0		neg 0.3615081350865905 __DUMMY__ 0.3438627986451744 off 0.2946290662682352	false	1.0
nachlassen	neg 1.0		neg 0.36211201383259783 __DUMMY__ 0.3435789316478107 off 0.29430905451959133	false	1.0
alt	neg 1.0		neg 0.3634895810696681 __DUMMY__ 0.34407143094408815 off 0.29243898798624374	false	1.0
hundesohn	off 1.0		neg 0.35475047297584095 __DUMMY__ 0.3362709581998534 off 0.3089785688243058	false	0.5
als			neg 0.36412655696866486 __DUMMY__ 0.3427220277144975 off 0.2931514153168377	false	0.0
abschreckung	neg 1.0		neg 0.37012829019756327 __DUMMY__ 0.3408421805443027 off 0.289029529258134	false	1.0
unqualifiziert	neg 1.0		neg 0.36315033653294404 __DUMMY__ 0.3398331027183612 off 0.2970165607486947	false	1.0
abgewichst	off 1.0		neg 0.3651490413077969 __DUMMY__ 0.340815929606313 off 0.29403502908589	false	0.5
schwer	neg 1.0		neg 0.3627790013026463 __DUMMY__ 0.342260284703084 off 0.2949607139942696	false	1.0
bedeutungslosigkeit	neg 1.0		neg 0.37002810875239955 __DUMMY__ 0.3404626638086791 off 0.2895092274389214	false	1.0
kapitulation	neg 1.0		neg 0.3714161809876412 __DUMMY__ 0.3380383633889524 off 0.29054545562340656	false	1.0
unscharf	neg 1.0		neg 0.35905605188561324 __DUMMY__ 0.3418702787836312 off 0.2990736693307556	false	1.0
schwinden	neg 1.0		neg 0.3667516299960412 __DUMMY__ 0.3422071947506951 off 0.2910411752532638	false	1.0
versklavung	neg 1.0	neg 1.0	neg 0.6729925498851059 __DUMMY__ 0.16404013641640142 off 0.16296731369849268	false	1.0
schlecht	neg 1.0		neg 0.3569676441192207 __DUMMY__ 0.34129648255452777 off 0.3017358733262515	false	1.0
verhasst	neg 1.0		neg 0.3657740045502797 __DUMMY__ 0.3396935623577544 off 0.29453243309196586	false	1.0
beschweren	neg 1.0		neg 0.36108372734726124 __DUMMY__ 0.34181362175153457 off 0.29710265090120414	false	1.0
scheiden	neg 1.0		neg 0.3640719662279993 __DUMMY__ 0.34147203200439175 off 0.29445600176760894	false	1.0
frustriert	neg 1.0		neg 0.3643699747723309 __DUMMY__ 0.34192014856822267 off 0.2937098766594464	false	1.0
schimmelig	neg 1.0		neg 0.3647829709824996 __DUMMY__ 0.34255659793096443 off 0.292660431086536	false	1.0
fisch	neg 1.0		neg 0.36492547803858333 __DUMMY__ 0.34231497309164316 off 0.29275954886977346	false	1.0
schmuggel	neg 1.0		neg 0.36593542501290793 __DUMMY__ 0.34311515058639513 off 0.29094942440069693	false	1.0
auffallen	neg 1.0		neg 0.3609333925241609 __DUMMY__ 0.3415405050179416 off 0.2975261024578975	false	1.0
konkurrenz	neg 1.0		neg 0.3671673823421877 __DUMMY__ 0.34292018168973415 off 0.28991243596807814	false	1.0
teufelskreis	neg 1.0		neg 0.3653451676240436 __DUMMY__ 0.34110507869489975 off 0.2935497536810567	false	1.0
aufschreien	neg 1.0		neg 0.36333561031754985 __DUMMY__ 0.3400387012484334 off 0.29662568843401677	false	1.0
schuldner	neg 1.0		neg 0.3687538923828807 __DUMMY__ 0.34046825711638007 off 0.2907778505007393	false	1.0
missgeburt	off 1.0	off 1.0	off 0.6394738896392476 neg 0.19671306409148315 __DUMMY__ 0.1638130462692694	false	1.0
arbeitslos	neg 1.0		neg 0.3669764383847841 __DUMMY__ 0.3408133940184231 off 0.2922101675967928	false	1.0
befallen	neg 1.0		neg 0.37071956898152847 __DUMMY__ 0.33822625722523053 off 0.29105417379324117	false	1.0
miesepetrig	off 1.0		neg 0.35617898883568877 __DUMMY__ 0.34199021753605496 off 0.3018307936282563	false	0.5
alarmieren	neg 1.0		neg 0.36095402303460994 __DUMMY__ 0.33921866584615373 off 0.29982731111923633	false	1.0
ungeduscht	off 1.0		neg 0.3587266742612468 __DUMMY__ 0.3420193095786678 off 0.2992540161600853	false	0.5
knappheit	neg 1.0		neg 0.364908464604203 __DUMMY__ 0.3416639150819483 off 0.29342762031384856	false	1.0
schlange	neg 1.0		neg 0.35957733570043926 __DUMMY__ 0.34289330618036357 off 0.2975293581191973	false	1.0
harsch	neg 1.0		neg 0.35067006664972844 __DUMMY__ 0.3408640259808228 off 0.3084659073694486	false	1.0
lang	neg 1.0		neg 0.36152178502589494 __DUMMY__ 0.34159383825615464 off 0.2968843767179503	false	1.0
ziellos	neg 1.0		neg 0.3651286320371794 __DUMMY__ 0.3423727314815557 off 0.29249863648126495	false	1.0
selbstverliebt	neg 1.0		neg 0.353282573986205 __DUMMY__ 0.33581506814466827 off 0.3109023578691267	false	1.0
beseitigen	neg 1.0		neg 0.35968032904707187 __DUMMY__ 0.3429140049052955 off 0.2974056660476327	false	1.0
dumm	off 1.0		neg 0.3548015139769625 __DUMMY__ 0.33853941960099565 off 0.3066590664220417	false	0.5
arbeitsloser	neg 1.0		neg 0.36775989021808864 __DUMMY__ 0.3409269651013436 off 0.2913131446805678	false	1.0
blitzen	neg 1.0		neg 0.3603028075135038 __DUMMY__ 0.34055282634840495 off 0.29914436613809126	false	1.0
hilflos	neg 1.0		neg 0.3648533089456173 __DUMMY__ 0.3419043202564607 off 0.29324237079792187	false	1.0
eklig	off 1.0		neg 0.3538622214254486 __DUMMY__ 0.33839592197468576 off 0.30774185659986564	false	0.5
begriff			neg 0.3655335325991458 __DUMMY__ 0.34115473683460656 off 0.29331173056624765	false	0.0
hungersnot	neg 1.0		neg 0.36953790218128296 __DUMMY__ 0.3375741726996367 off 0.2928879251190802	false	1.0
ungesetzlich	neg 1.0		neg 0.3660146541540718 __DUMMY__ 0.3377147304461728 off 0.29627061539975547	false	1.0
verschwendung	neg 1.0		neg 0.3677275847885214 __DUMMY__ 0.3419517226776151 off 0.2903206925338636	false	1.0
schmerzvoll	neg 1.0		neg 0.3609879522085953 __DUMMY__ 0.3418771662161845 off 0.29713488157522017	false	1.0
vorzeitig	neg 1.0		neg 0.3580824974833013 __DUMMY__ 0.3407074556933473 off 0.30121004682335145	false	1.0
unvollkommenheit	neg 1.0		neg 0.3631979270471416 __DUMMY__ 0.3413197481703401 off 0.2954823247825183	false	1.0
intervenieren	neg 1.0		neg 0.3705907946880239 __DUMMY__ 0.3395827224529727 off 0.2898264828590033	false	1.0
banause	off 1.0		neg 0.3531186027778247 __DUMMY__ 0.3378048944545978 off 0.3090765027675776	false	0.5
rebell	neg 1.0		neg 0.36645250100426 __DUMMY__ 0.34321686418809266 off 0.29033063480764715	false	1.0
unlogisch	neg 1.0		neg 0.35753516833221627 __DUMMY__ 0.3393477014337981 off 0.30311713023398573	false	1.0
leiden	neg 1.0	neg 1.0	neg 0.6692915543258987 __DUMMY__ 0.16899515821225947 off 0.16171328746184185	false	1.0
abschaffung	neg 1.0		neg 0.36476184941383255 __DUMMY__ 0.33964841498607895 off 0.29558973560008867	false	1.0
sturz	neg 1.0		neg 0.36471169043207796 __DUMMY__ 0.3392841128311521 off 0.2960041967367699	false	1.0
verkleinerung	neg 1.0		neg 0.36285657362101814 __DUMMY__ 0.3385802453060582 off 0.2985631810729238	false	1.0
schmarotzer	off 1.0		neg 0.3688608953257007 __DUMMY__ 0.33993872387000584 off 0.29120038080429345	false	0.5
bestrafung	neg 1.0		neg 0.36391623147089114 __DUMMY__ 0.34030379672807914 off 0.2957799718010298	false	1.0
achtlos	neg 1.0		neg 0.36239415982205986 __DUMMY__ 0.3425301732304526 off 0.29507566694748755	false	1.0
ungeheuer	neg 1.0		neg 0.3622318528254475 __DUMMY__ 0.3405498781785401 off 0.2972182689960123	false	1.0
unaufrichtig	neg 1.0		neg 0.36428040321112387 __DUMMY__ 0.33849983737266515 off 0.297219759416211	false	1.0
groggy	neg 1.0		neg 0.3609325244674814 __DUMMY__ 0.3403020540861646 off 0.2987654214463541	false	1.0
verletzlich	neg 1.0		neg 0.35849911564348497 __DUMMY__ 0.3401886590382679 off 0.3013122253182471	false	1.0
ablehnen	neg 1.0		neg 0.3679592193851548 __DUMMY__ 0.3401914221489833 off 0.2918493584658619	false	1.0
