unsolidarisch	neg 1.0		__DUMMY__ 0.8863327768820009 neg 0.06513464805573797 off 0.04853257506226116	false	1.0
nachteilig	neg 1.0		__DUMMY__ 0.895521001140941 neg 0.05915666969922004 off 0.045322329159838866	false	1.0
skeptisch	neg 1.0		__DUMMY__ 0.8965321764613499 neg 0.06048662978500479 off 0.042981193753645355	false	1.0
schrecklich	neg 1.0		__DUMMY__ 0.8918440643842663 off 0.05407977549958282 neg 0.05407616011615081	false	0.5
schlapp	neg 1.0		__DUMMY__ 0.8969640834116812 neg 0.052879458601918075 off 0.0501564579864007	false	1.0
abfall	neg 1.0		__DUMMY__ 0.8976935232709347 neg 0.06068458998970121 off 0.041621886739364226	false	1.0
widerspenstig	neg 1.0		__DUMMY__ 0.8979472352200674 neg 0.055535842496209575 off 0.04651692228372304	false	1.0
abrupt	neg 1.0		__DUMMY__ 0.9002526661215372 neg 0.054272510346786415 off 0.04547482353167648	false	1.0
unwirksam	neg 1.0		__DUMMY__ 0.890071194778297 neg 0.061758317761966566 off 0.04817048745973639	false	1.0
angreifen	neg 1.0		__DUMMY__ 0.8941850666544036 neg 0.06149275047701543 off 0.044322182868581	false	1.0
inkonsistent	neg 1.0		__DUMMY__ 0.8942362843909955 neg 0.056790913496176626 off 0.04897280211282801	false	1.0
abrutschen	neg 1.0		__DUMMY__ 0.8982052135697773 neg 0.06012690724833015 off 0.04166787918189254	false	1.0
unsicher	neg 1.0		__DUMMY__ 0.8962198264972622 neg 0.05671694630081902 off 0.047063227201918814	false	1.0
bauernkind	off 1.0		__DUMMY__ 0.8876824111441356 off 0.05686025491319924 neg 0.05545733394266519	false	1.0
angreifer	neg 1.0		__DUMMY__ 0.8913952829976883 neg 0.058463362621137535 off 0.05014135438117414	false	1.0
trennen	neg 1.0		__DUMMY__ 0.9000168310989494 neg 0.056795746510112266 off 0.043187422390938375	false	1.0
schmutz	neg 1.0		__DUMMY__ 0.9006949561791803 off 0.050966907668367936 neg 0.04833813615245186	false	0.5
inkonsistenz	neg 1.0	neg 1.0	neg 0.5146925082942317 __DUMMY__ 0.4474007325033189 off 0.03790675920244938	false	1.0
erschreckend	neg 1.0		__DUMMY__ 0.8939813932490466 neg 0.059712482412027236 off 0.04630612433892612	false	1.0
ertrinken	neg 1.0		__DUMMY__ 0.897452129971616 neg 0.05820655829481569 off 0.044341311733568145	false	1.0
pickelface	off 1.0		__DUMMY__ 0.8924671025870368 neg 0.0593881402011287 off 0.04814475721183451	false	0.5
seiner			__DUMMY__ 0.8956656855383635 neg 0.0603765159800115 off 0.04395779848162494	false	0.0
lauch	neg 1.0		__DUMMY__ 0.8976742385953093 neg 0.05979945867549733 off 0.04252630272919346	false	1.0
unwichtig	neg 1.0		__DUMMY__ 0.8934392703241115 neg 0.055745689857124574 off 0.050815039818763924	false	1.0
steuerhinterziehung	neg 1.0		__DUMMY__ 0.8902956384838231 neg 0.0624964238013758 off 0.04720793771480108	false	1.0
schock	neg 1.0		__DUMMY__ 0.8992699849434352 neg 0.05527353275017064 off 0.045456482306394055	false	1.0
beule	neg 1.0		__DUMMY__ 0.896388629284023 neg 0.05244553522374962 off 0.05116583549222729	false	1.0
vergelten	neg 1.0		__DUMMY__ 0.8893191770928647 off 0.05567235850605354 neg 0.05500846440108183	false	0.5
verdorbenheit	neg 1.0		__DUMMY__ 0.8979355371857722 neg 0.05430711394688089 off 0.047757348867346804	false	1.0
trauma	neg 1.0		__DUMMY__ 0.8941063726992207 neg 0.05722072523322775 off 0.04867290206755159	false	1.0
sinnlos	neg 1.0		__DUMMY__ 0.8942710695344875 neg 0.05683468015785198 off 0.04889425030766052	false	1.0
fettsack	off 1.0	off 1.0	off 0.5124061284194122 __DUMMY__ 0.44639282631292193 neg 0.04120104526766592	false	1.0
feige	off 1.0		__DUMMY__ 0.8905329715275642 neg 0.05882986928267046 off 0.05063715918976533	false	0.5
abdanken	neg 1.0		__DUMMY__ 0.8870624531065627 neg 0.06533743873745924 off 0.04760010815597798	false	1.0
wichtigtuer	off 1.0	off 1.0	off 0.5070538719003768 __DUMMY__ 0.44725883650033166 neg 0.04568729159929156	false	1.0
misslingen	neg 1.0		__DUMMY__ 0.8974179526643783 neg 0.05413475347514576 off 0.04844729386047603	false	1.0
untreu	off 1.0		__DUMMY__ 0.8929894912673315 neg 0.05565142234024713 off 0.05135908639242132	false	0.5
missmutig	neg 1.0		__DUMMY__ 0.8955537416206314 neg 0.054510151696413385 off 0.0499361066829552	false	1.0
hurenbock	off 1.0		__DUMMY__ 0.8993658655100851 neg 0.05289354049080316 off 0.04774059399911174	false	0.5
betrunken	neg 1.0		__DUMMY__ 0.8946962800178667 neg 0.05313086695737255 off 0.05217285302476084	false	1.0
korrupt	off 1.0		__DUMMY__ 0.889004819867646 neg 0.06476382451656851 off 0.04623135561578547	false	0.5
unmut	neg 1.0		__DUMMY__ 0.8957791141328495 neg 0.06177956982069476 off 0.042441316046455804	false	1.0
hackfresse	off 1.0		__DUMMY__ 0.8902892438165757 off 0.056818577705308564 neg 0.052892178478115746	false	1.0
aufblasen	neg 1.0		__DUMMY__ 0.8973261715499379 neg 0.05477189192937431 off 0.04790193652068793	false	1.0
gewaltsam	neg 1.0		__DUMMY__ 0.8909293315569142 neg 0.06058893526421159 off 0.04848173317887409	false	1.0
unbeliebtheit	neg 1.0		__DUMMY__ 0.8847636264398739 neg 0.06190183049819369 off 0.05333454306193226	false	1.0
sturheit	neg 1.0		__DUMMY__ 0.8916360175323332 neg 0.061686068880719654 off 0.04667791358694706	false	1.0
kuh	neg 1.0		__DUMMY__ 0.8944069753540181 neg 0.05740839148565924 off 0.048184633160322676	false	1.0
erschrecken	neg 1.0		__DUMMY__ 0.8949102903296777 neg 0.055299767154071804 off 0.04978994251625058	false	1.0
opfer	neg 1.0	neg 1.0	neg 0.5163725775154563 __DUMMY__ 0.44986546500802094 off 0.033761957476522754	false	1.0
sinken	neg 1.0		__DUMMY__ 0.8965422423402165 neg 0.06066805081270377 off 0.04278970684707984	false	1.0
stinktier	neg 1.0		__DUMMY__ 0.8906217633307684 neg 0.054970286827130746 off 0.05440794984210082	false	1.0
tucke	off 1.0		__DUMMY__ 0.8923864350733935 off 0.05691540268644155 neg 0.050698162240164955	false	1.0
ein			__DUMMY__ 0.8997255323134131 neg 0.053192556826147444 off 0.04708191086043936	false	0.0
abstieg	neg 1.0		__DUMMY__ 0.8923448773459451 neg 0.061459375289542685 off 0.04619574736451219	false	1.0
missverstehen	neg 1.0		__DUMMY__ 0.8915028027542216 neg 0.059516222263105795 off 0.04898097498267267	false	1.0
ergebnislos	neg 1.0		__DUMMY__ 0.8937343331420149 neg 0.06051303092525688 off 0.0457526359327282	false	1.0
unter			__DUMMY__ 0.9043595317973626 neg 0.057272272194831726 off 0.03836819600780571	false	0.0
manipulieren	neg 1.0		__DUMMY__ 0.8951884806137382 neg 0.06066355315347084 off 0.04414796623279083	false	1.0
unbewiesen	neg 1.0		__DUMMY__ 0.8869489386261832 neg 0.06464425801433366 off 0.04840680335948311	false	1.0
verschleppen	neg 1.0		__DUMMY__ 0.8929932052733642 neg 0.061392100802463226 off 0.04561469392417249	false	1.0
weib	off 1.0		__DUMMY__ 0.8894589463469339 off 0.0578757351710587 neg 0.05266531848200733	false	1.0
opposition	neg 1.0		__DUMMY__ 0.8892762372095748 neg 0.06178046161226522 off 0.048943301178160065	false	1.0
verkehrswidrig	neg 1.0		__DUMMY__ 0.8943373071554677 off 0.05498685290284193 neg 0.050675839941690365	false	0.5
inkorrekt	neg 1.0		__DUMMY__ 0.8873960721089424 neg 0.060474835026682834 off 0.052129092864374706	false	1.0
vermeiden	neg 1.0		__DUMMY__ 0.9020452085785668 neg 0.05755077126512486 off 0.040404020156308326	false	1.0
abweichung	neg 1.0		__DUMMY__ 0.8912839456050374 neg 0.06275294444259474 off 0.04596310995236781	false	1.0
alkoholisiert	neg 1.0		__DUMMY__ 0.8990185204544601 neg 0.05607295710742941 off 0.04490852243811062	false	1.0
scheiss	off 1.0	off 1.0	off 0.5092492716281632 __DUMMY__ 0.44995012803232376 neg 0.040800600339513	false	1.0
herausforderung	neg 1.0		__DUMMY__ 0.9021157596886468 neg 0.05288256341573049 off 0.04500167689562269	false	1.0
pervers	off 1.0		__DUMMY__ 0.8884718715450667 off 0.06012888431689033 neg 0.051399244138042956	false	1.0
wackelig	neg 1.0		__DUMMY__ 0.9014231079695111 neg 0.053872685639786734 off 0.04470420639070222	false	1.0
verwickeln	neg 1.0		__DUMMY__ 0.8928679695111927 neg 0.058403668675453796 off 0.048728361813353493	false	1.0
vorwand	neg 1.0		__DUMMY__ 0.8942947617359497 neg 0.06260507426308773 off 0.04310016400096265	false	1.0
muschi	off 1.0		__DUMMY__ 0.8918487569763415 neg 0.060332591930554354 off 0.047818651093104104	false	0.5
entmutigung	neg 1.0		__DUMMY__ 0.8837985529995748 neg 0.065902071731477 off 0.050299375268948184	false	1.0
unangemessen	neg 1.0		__DUMMY__ 0.8914767650683507 neg 0.0627907756677395 off 0.04573245926390982	false	1.0
unstetig	neg 1.0		__DUMMY__ 0.8933430560928826 neg 0.05645172619630207 off 0.050205217710815465	false	1.0
entmutigen	neg 1.0		__DUMMY__ 0.8955835975862136 neg 0.056445706297015466 off 0.04797069611677085	false	1.0
schwanz	neg 1.0		__DUMMY__ 0.8952287923305007 neg 0.05907226542423613 off 0.045698942245263226	false	1.0
verbot	neg 1.0		__DUMMY__ 0.8903934261173166 neg 0.06298898309358805 off 0.0466175907890953	false	1.0
leid	neg 1.0		__DUMMY__ 0.8914339815189102 off 0.0553091168187854 neg 0.05325690166230441	false	0.5
archaisch	neg 1.0		__DUMMY__ 0.8921414703424669 neg 0.06184701183612954 off 0.04601151782140356	false	1.0
gegen			__DUMMY__ 0.89312243228495 neg 0.0632437397695392 off 0.04363382794551079	false	0.0
scheidung	neg 1.0	neg 1.0	neg 0.5026469408485896 __DUMMY__ 0.4468659101914786 off 0.05048714895993172	false	1.0
einschlag	neg 1.0		__DUMMY__ 0.8900270299115712 neg 0.05499976006573684 off 0.054973210022691926	false	1.0
m			__DUMMY__ 0.8972739439818855 neg 0.05669511653362218 off 0.04603093948449228	false	0.0
abgestanden	neg 1.0		__DUMMY__ 0.8991260518142 neg 0.054402367123501286 off 0.046471581062298706	false	1.0
schmierig	off 1.0		__DUMMY__ 0.8927682999549189 off 0.054347405900833354 neg 0.05288429414424776	false	1.0
unpraktisch	neg 1.0		__DUMMY__ 0.898311979243253 neg 0.053988940071886794 off 0.04769908068486013	false	1.0
wixxer	off 1.0		__DUMMY__ 0.8868110042389669 off 0.06035634919820498 neg 0.05283264656282818	false	1.0
bezeichnet			__DUMMY__ 0.8919538316327851 neg 0.06114973428785376 off 0.04689643407936117	false	0.0
jammerlappen	off 1.0		__DUMMY__ 0.8930745608169613 neg 0.05618948220702641 off 0.05073595697601223	false	0.5
farce	neg 1.0		__DUMMY__ 0.8867587519401992 neg 0.06614524824304134 off 0.047095999816759444	false	1.0
zwecklos	neg 1.0		__DUMMY__ 0.8927303943870091 neg 0.061894641963047864 off 0.04537496364994303	false	1.0
turbulent	neg 1.0		__DUMMY__ 0.8912714994767723 neg 0.05493714488568042 off 0.053791355637547306	false	1.0
invasion	neg 1.0		__DUMMY__ 0.8959382574645915 neg 0.05436521337434837 off 0.04969652916106006	false	1.0
schuld	neg 1.0		__DUMMY__ 0.8935785560740636 neg 0.058468580164311626 off 0.047952863761624796	false	1.0
risiko	neg 1.0		__DUMMY__ 0.8987409591685668 neg 0.05149459420047155 off 0.049764446630961676	false	1.0
finster	neg 1.0		__DUMMY__ 0.8990751804084727 neg 0.05414005529285075 off 0.04678476429867663	false	1.0
geisteskrank	off 1.0		__DUMMY__ 0.8887964226032697 neg 0.05883337534092354 off 0.05237020205580666	false	0.5
zusammenbrechen	neg 1.0		__DUMMY__ 0.8969906592085245 neg 0.05701219776857536 off 0.0459971430229002	false	1.0
ausbeute	neg 1.0		__DUMMY__ 0.8993052204609232 neg 0.05617677675504801 off 0.044518002784028766	false	1.0
hinterhalt	neg 1.0		__DUMMY__ 0.8937344164514315 neg 0.058287243591796115 off 0.04797833995677249	false	1.0
kritik	neg 1.0		__DUMMY__ 0.8883351313318106 neg 0.06463149839231772 off 0.0470333702758717	false	1.0
einschrumpfen	neg 1.0		__DUMMY__ 0.8889317388973543 neg 0.06033588492486761 off 0.05073237617777811	false	1.0
riskant	neg 1.0		__DUMMY__ 0.8959401673760532 neg 0.05978237368254287 off 0.04427745894140391	false	1.0
frustrieren	neg 1.0		__DUMMY__ 0.8949826338031843 neg 0.06074626926350077 off 0.044271096933314956	false	1.0
groll	neg 1.0		__DUMMY__ 0.8931301010316011 neg 0.06134142920253904 off 0.0455284697658599	false	1.0
gibt			__DUMMY__ 0.8952884563994751 neg 0.058901874733522507 off 0.04580966886700244	false	0.0
qualvoll	neg 1.0		__DUMMY__ 0.8955089095166113 neg 0.055725726795077105 off 0.0487653636883116	false	1.0
wackeln	neg 1.0		__DUMMY__ 0.8988128262559492 neg 0.05379703413601744 off 0.04739013960803341	false	1.0
klagen	neg 1.0		__DUMMY__ 0.8940893505464874 neg 0.06281973424873179 off 0.04309091520478083	false	1.0
bankrott	neg 1.0		__DUMMY__ 0.8951461184428513 neg 0.054070425445275704 off 0.05078345611187304	false	1.0
trauern	neg 1.0		__DUMMY__ 0.8949853091460115 neg 0.060641780105647525 off 0.04437291074834109	false	1.0
ablehnung	neg 1.0	neg 1.0	neg 0.5185304333700436 __DUMMY__ 0.4459371208661906 off 0.03553244576376586	false	1.0
stur	neg 1.0		__DUMMY__ 0.8939624566385954 neg 0.057807964803440075 off 0.04822957855796449	false	1.0
aufruhr	neg 1.0		__DUMMY__ 0.8896329101190316 neg 0.06221238919975128 off 0.04815470068121718	false	1.0
melancholie	neg 1.0		__DUMMY__ 0.89946929943553 neg 0.0557433446799386 off 0.044787355884531456	false	1.0
ist			__DUMMY__ 0.8937263972503741 neg 0.05795090837943089 off 0.048322694370195	false	0.0
torheit	neg 1.0		__DUMMY__ 0.8869979274309266 neg 0.0641969718778488 off 0.048805100691224526	false	1.0
dreckskind	off 1.0		__DUMMY__ 0.8864766432381146 neg 0.05726404543072377 off 0.056259311331161604	false	0.5
umtauschen	neg 1.0		__DUMMY__ 0.8982355417244043 neg 0.05545002940780062 off 0.046314428867795035	false	1.0
zum			__DUMMY__ 0.9043663745710134 neg 0.05503976713180605 off 0.040593858297180485	false	0.0
zersetzen	neg 1.0		__DUMMY__ 0.894568532170393 neg 0.06177859302779873 off 0.04365287480180826	false	1.0
zur			__DUMMY__ 0.8973768662188709 neg 0.061633127574954434 off 0.040990006206174615	false	0.0
frust	neg 1.0		__DUMMY__ 0.8957375071638698 neg 0.058399165722753985 off 0.04586332711337627	false	1.0
unerbittlichkeit	neg 1.0		__DUMMY__ 0.8937864751174402 neg 0.0617996349126378 off 0.04441388996992206	false	1.0
zwei			__DUMMY__ 0.901641230304824 neg 0.05632519844760973 off 0.04203357124756633	false	0.0
unkorrekt	neg 1.0		__DUMMY__ 0.888028674437 neg 0.05946147472144093 off 0.052509850841559236	false	1.0
hexe	off 1.0		__DUMMY__ 0.8943265283171833 neg 0.05480097661159314 off 0.050872495071223475	false	0.5
lasch	neg 1.0		__DUMMY__ 0.890844610496985 neg 0.0592086231658651 off 0.04994676633714986	false	1.0
rivale	neg 1.0		__DUMMY__ 0.8909798757470494 neg 0.054532563627084925 off 0.054487560625865676	false	1.0
mutlos	off 1.0	off 1.0	off 0.5042726094761062 __DUMMY__ 0.44802160581913486 neg 0.047705784704759016	false	1.0
wirr	off 1.0		__DUMMY__ 0.8888844130977992 neg 0.057476286434032825 off 0.053639300468168026	false	0.5
jahr			__DUMMY__ 0.9009176690052311 neg 0.055234917909014 off 0.043847413085754884	false	0.0
wird			__DUMMY__ 0.8956222573168767 neg 0.05972473083753146 off 0.044653011845591804	false	0.0
strafbar	neg 1.0		__DUMMY__ 0.8914149251132922 neg 0.06380158232290731 off 0.044783492563800396	false	1.0
erosion	neg 1.0		__DUMMY__ 0.8966193343778439 neg 0.05507003625793731 off 0.04831062936421887	false	1.0
eingehen	neg 1.0		__DUMMY__ 0.8934711309797836 neg 0.06140307965210096 off 0.04512578936811541	false	1.0
faul	off 1.0		__DUMMY__ 0.8976259440515746 neg 0.05230758105679103 off 0.05006647489163441	false	0.5
provisorium	neg 1.0		__DUMMY__ 0.9023707965888448 neg 0.059699620494999474 off 0.0379295829161557	false	1.0
schmerzen	neg 1.0		__DUMMY__ 0.8973610394522105 neg 0.05693369277861832 off 0.04570526776917115	false	1.0
schrumpfen	neg 1.0		__DUMMY__ 0.8985215430011247 neg 0.06082589333793137 off 0.04065256366094386	false	1.0
geistlos	off 1.0		__DUMMY__ 0.8866425425051389 neg 0.06325411642967534 off 0.05010334106518589	false	0.5
fehlkauf	neg 1.0		__DUMMY__ 0.8919055612445268 neg 0.05841807814622115 off 0.049676360609251936	false	1.0
frustrierend	neg 1.0		__DUMMY__ 0.8949772740630932 neg 0.05517245391762989 off 0.04985027201927689	false	1.0
unzufrieden	neg 1.0		__DUMMY__ 0.894566942761182 neg 0.060059639369978456 off 0.045373417868839645	false	1.0
verzweifeln	neg 1.0		__DUMMY__ 0.8959512366193362 neg 0.05742070164136627 off 0.046628061739297656	false	1.0
verzweifelt	neg 1.0		__DUMMY__ 0.8940225454167169 neg 0.0578773807342943 off 0.04810007384898885	false	1.0
misstrauensantrag	neg 1.0		__DUMMY__ 0.8916442204739945 neg 0.05879622364058164 off 0.04955955588542375	false	1.0
abfallen	neg 1.0		__DUMMY__ 0.8998892892666077 neg 0.05282753854815358 off 0.04728317218523866	false	1.0
fucker	off 1.0		__DUMMY__ 0.8901845451566841 neg 0.056093445617011774 off 0.053722009226304074	false	0.5
ungezogen	neg 1.0		__DUMMY__ 0.8905875787829977 off 0.05797404132625169 neg 0.0514383798907506	false	0.5
irrsinnig	neg 1.0	neg 1.0	neg 0.5151828692176287 __DUMMY__ 0.44855909387264864 off 0.03625803690972271	false	1.0
unfassbar	neg 1.0		__DUMMY__ 0.8930324015618791 neg 0.05587633665286747 off 0.05109126178525347	false	1.0
hart	neg 1.0		__DUMMY__ 0.8925712568077186 neg 0.05632725596880096 off 0.05110148722348043	false	1.0
widerlich	off 1.0		__DUMMY__ 0.8909775354222823 neg 0.057120209984305934 off 0.051902254593411745	false	0.5
fatal	neg 1.0		__DUMMY__ 0.8927563412591107 neg 0.05761352188530806 off 0.04963013685558122	false	1.0
bruch	neg 1.0		__DUMMY__ 0.8924963556237653 neg 0.06470630702422184 off 0.042797337352012875	false	1.0
aushungern	neg 1.0		__DUMMY__ 0.8893095567082475 neg 0.06251966379139792 off 0.04817077950035468	false	1.0
anspannung	neg 1.0		__DUMMY__ 0.9000825347506138 neg 0.05829967513797507 off 0.04161779011141114	false	1.0
von			__DUMMY__ 0.9001993208390635 neg 0.056695713548336774 off 0.04310496561259976	false	0.0
kraftlos	neg 1.0		__DUMMY__ 0.9001591928278965 neg 0.05518996075413894 off 0.044650846417964504	false	1.0
vom			__DUMMY__ 0.9033099375034274 neg 0.05796605301753984 off 0.038724009479032734	false	0.0
grenzdebil	off 1.0		__DUMMY__ 0.8939650932644058 neg 0.054133125813205896 off 0.05190178092238844	false	0.5
vor			__DUMMY__ 0.8984738623342449 neg 0.05900087697548108 off 0.04252526069027399	false	0.0
unterwerfen	neg 1.0		__DUMMY__ 0.8932376902492231 neg 0.06193690403275342 off 0.04482540571802342	false	1.0
versenkung	neg 1.0		__DUMMY__ 0.8950706138383715 neg 0.060493826773097746 off 0.04443555938853089	false	1.0
entziehen	neg 1.0		__DUMMY__ 0.894868019475716 neg 0.06246277399404351 off 0.0426692065302404	false	1.0
finanzkrise	neg 1.0		__DUMMY__ 0.8896222611069153 neg 0.0628331377164109 off 0.0475446011766737	false	1.0
schimpfend	neg 1.0		__DUMMY__ 0.9009105085227229 neg 0.05137962128196052 off 0.04770987019531648	false	1.0
profan	neg 1.0		__DUMMY__ 0.8943635258030942 neg 0.0568756487118352 off 0.04876082548507067	false	1.0
korruption	neg 1.0		__DUMMY__ 0.8898980449560441 neg 0.06388325295248555 off 0.04621870209147044	false	1.0
â			__DUMMY__ 0.8968027954856009 neg 0.057891066733138874 off 0.04530613778126017	false	0.0
schmutzig	neg 1.0		__DUMMY__ 0.896243724354626 neg 0.052440002412028036 off 0.05131627323334601	false	1.0
sexy	neg 1.0		__DUMMY__ 0.893896874657008 neg 0.05552291629616496 off 0.050580209046827	false	1.0
abraten	neg 1.0		__DUMMY__ 0.8961615301733898 neg 0.05589843311905263 off 0.04794003670755752	false	1.0
schwarz	neg 1.0		__DUMMY__ 0.893547466806593 neg 0.05757740182234546 off 0.04887513137106145	false	1.0
fotze	off 1.0		__DUMMY__ 0.8926972926966644 neg 0.06102506917091513 off 0.046277638132420446	false	0.5
verwirren	neg 1.0		__DUMMY__ 0.8940383367809267 neg 0.05647064121524678 off 0.04949102200382648	false	1.0
zahnlos	off 1.0		__DUMMY__ 0.8924360374801612 neg 0.06185934884469492 off 0.04570461367514388	false	0.5
verheeren	neg 1.0		__DUMMY__ 0.88710602332759 off 0.06011579909766975 neg 0.052778177574740126	false	0.5
hippie	neg 1.0		__DUMMY__ 0.8933441890882141 neg 0.05617666568065453 off 0.05047914523113128	false	1.0
rammen	neg 1.0		__DUMMY__ 0.8963034579452271 neg 0.05458483386464352 off 0.04911170819012934	false	1.0
unlauter	neg 1.0	neg 1.0	neg 0.5139731133789127 __DUMMY__ 0.44849700533826586 off 0.03752988128282139	false	1.0
unheilvoll	neg 1.0		__DUMMY__ 0.8959952958087583 neg 0.055657602847991636 off 0.04834710134325015	false	1.0
niedrig	neg 1.0		__DUMMY__ 0.8962549800560284 neg 0.05867270753300378 off 0.045072312410967784	false	1.0
explosion	neg 1.0		__DUMMY__ 0.8952049813496977 neg 0.05488871994025 off 0.04990629871005233	false	1.0
weichei	off 1.0		__DUMMY__ 0.8906179824269743 off 0.05584439695291491 neg 0.053537620620110804	false	1.0
minusmensch	off 1.0		__DUMMY__ 0.8832877740109928 off 0.060108072556960504 neg 0.05660415343204665	false	1.0
farblos	neg 1.0		__DUMMY__ 0.8948207560951396 neg 0.05751206606910461 off 0.04766717783575583	false	1.0
unwissend	neg 1.0	neg 1.0	neg 0.5135091335762366 __DUMMY__ 0.44770034879462334 off 0.03879051762914004	false	1.0
traurig	neg 1.0		__DUMMY__ 0.8935430035583409 neg 0.05324044971263065 off 0.05321654672902839	false	1.0
senkung	neg 1.0		__DUMMY__ 0.8939329190275507 neg 0.05627418240061804 off 0.049792898571831334	false	1.0
ungleich	neg 1.0	neg 1.0	neg 0.5170986664296615 __DUMMY__ 0.44907197931172954 off 0.0338293542586089	false	1.0
heikel	neg 1.0		__DUMMY__ 0.8951679286015912 neg 0.06129273040337896 off 0.04353934099502969	false	1.0
drosselung	neg 1.0		__DUMMY__ 0.8944744283591809 off 0.05334295357811876 neg 0.05218261806270037	false	0.5
falsch	neg 1.0		__DUMMY__ 0.8937647883867346 neg 0.055985062470049106 off 0.050250149143216294	false	1.0
unzufriedenheit	neg 1.0		__DUMMY__ 0.8947081463817403 neg 0.06175670956242577 off 0.043535144055833905	false	1.0
kurz	neg 1.0		__DUMMY__ 0.8991805267770591 neg 0.05532600800125005 off 0.04549346522169082	false	1.0
unsinnig	neg 1.0		__DUMMY__ 0.8939460543518291 neg 0.060339883997577046 off 0.04571406165059394	false	1.0
penner	off 1.0	off 1.0	off 0.5134820948348465 __DUMMY__ 0.44684873551535786 neg 0.03966916964979559	false	1.0
seicht	neg 1.0		__DUMMY__ 0.8868550542054808 off 0.05820413836643919 neg 0.05494080742807992	false	0.5
dummheit	off 1.0	off 1.0	off 0.5074938571000748 __DUMMY__ 0.44737839638097543 neg 0.04512774651894977	false	1.0
unerfreulich	neg 1.0		__DUMMY__ 0.8970750185696416 neg 0.059969336017684984 off 0.04295564541267344	false	1.0
motherfucker	off 1.0	off 1.0	off 0.5108117718428618 __DUMMY__ 0.446923832136356 neg 0.04226439602078228	false	1.0
pikiert	neg 1.0		__DUMMY__ 0.8912273095941462 neg 0.05791368917755756 off 0.05085900122829624	false	1.0
wrack	neg 1.0		__DUMMY__ 0.89667432927878 neg 0.05812548396810044 off 0.045200186753119605	false	1.0
gangster	neg 1.0		__DUMMY__ 0.8936464793822633 neg 0.056587017960559635 off 0.04976650265717705	false	1.0
krank	neg 1.0		__DUMMY__ 0.8963433313911544 neg 0.05210077455896923 off 0.05155589404987628	false	1.0
reich	neg 1.0		__DUMMY__ 0.8852680192194735 neg 0.06275335254652815 off 0.05197862823399834	false	1.0
gnadenlos	neg 1.0		__DUMMY__ 0.8940096670693845 neg 0.05793545472517283 off 0.04805487820544264	false	1.0
niedergeschlagen	neg 1.0		__DUMMY__ 0.8966031309287497 neg 0.05752178684387671 off 0.045875082227373624	false	1.0
terrorisieren	off 1.0	off 1.0	off 0.5038680379421876 __DUMMY__ 0.45000269470386883 neg 0.04612926735394352	false	1.0
sinnlosigkeit	neg 1.0		__DUMMY__ 0.8929755720275527 neg 0.061357313028403915 off 0.045667114944043304	false	1.0
behindern	neg 1.0		__DUMMY__ 0.8967902704855051 neg 0.05629280855857425 off 0.04691692095592059	false	1.0
undemokratisch	neg 1.0		__DUMMY__ 0.8886197864076617 neg 0.06231301186411299 off 0.04906720172822525	false	1.0
wirtschaftskrise	neg 1.0		__DUMMY__ 0.8916740365499142 neg 0.06231019360102682 off 0.04601576984905906	false	1.0
neid	neg 1.0		__DUMMY__ 0.8963743174008342 neg 0.05406296231094833 off 0.04956272028821747	false	1.0
rutschen	neg 1.0		__DUMMY__ 0.9048361120301102 neg 0.054541351687395635 off 0.0406225362824942	false	1.0
rezession	neg 1.0		__DUMMY__ 0.8877313756387047 neg 0.05698237178952162 off 0.0552862525717736	false	1.0
fehlgeburt	neg 1.0		__DUMMY__ 0.8932111657298886 neg 0.05943037106757414 off 0.047358463202537386	false	1.0
charakterschwach	off 1.0		__DUMMY__ 0.8914105184234704 neg 0.056747145307342366 off 0.05184233626918723	false	0.5
isolation	neg 1.0		__DUMMY__ 0.8936733566128034 neg 0.055046336495315866 off 0.051280306891880734	false	1.0
ablenkung	neg 1.0		__DUMMY__ 0.8963351020197476 neg 0.05639214900519316 off 0.04727274897505917	false	1.0
pech	neg 1.0		__DUMMY__ 0.8958783579415482 neg 0.05499583036665466 off 0.04912581169179705	false	1.0
vermeidung	neg 1.0		__DUMMY__ 0.8954598929309779 off 0.05236656796180496 neg 0.05217353910721721	false	0.5
dominieren	neg 1.0		__DUMMY__ 0.8951803242166215 neg 0.05849153296476353 off 0.04632814281861497	false	1.0
schwindlig	neg 1.0		__DUMMY__ 0.8982176504853543 neg 0.05301254808342102 off 0.048769801431224634	false	1.0
lutscher	neg 1.0		__DUMMY__ 0.8879432588162881 off 0.05856092314055453 neg 0.0534958180431574	false	0.5
pflicht	neg 1.0		__DUMMY__ 0.8944342176416576 neg 0.06200340486724664 off 0.0435623774910958	false	1.0
faschist	off 1.0		__DUMMY__ 0.887109110429751 neg 0.06309986352005505 off 0.04979102605019389	false	0.5
verschleudern	neg 1.0		__DUMMY__ 0.8923035293349277 neg 0.06220251486479085 off 0.045493955800281434	false	1.0
wenn			__DUMMY__ 0.8936043987585642 neg 0.056177734086863045 off 0.05021786715457281	false	0.0
ehebruch	neg 1.0		__DUMMY__ 0.8918313807295757 neg 0.06294750005863456 off 0.04522111921178989	false	1.0
spott	off 1.0		__DUMMY__ 0.8926865228332342 neg 0.06258127406577593 off 0.044732203100989784	false	0.5
trostlosigkeit	neg 1.0		__DUMMY__ 0.8903753973269514 neg 0.06581646686915808 off 0.043808135803890515	false	1.0
lutschen	neg 1.0		__DUMMY__ 0.8915173540340661 neg 0.0574089557004997 off 0.051073690265434284	false	1.0
undiszipliniert	neg 1.0		__DUMMY__ 0.8932632831020682 neg 0.05400621952081069 off 0.05273049737712111	false	1.0
kopfschmerz	neg 1.0		__DUMMY__ 0.8967252998826365 neg 0.05691162611043581 off 0.04636307400692773	false	1.0
unvorhergesehen	neg 1.0		__DUMMY__ 0.9016862972513263 neg 0.05313811852880241 off 0.045175584219871286	false	1.0
desinteressiert	neg 1.0		__DUMMY__ 0.8915716510104678 neg 0.05574158990064058 off 0.05268675908889164	false	1.0
armselig	off 1.0		__DUMMY__ 0.8903026752352122 neg 0.056065005135021 off 0.05363231962976674	false	0.5
desaster	neg 1.0		__DUMMY__ 0.8924173754108886 neg 0.06502585205676549 off 0.04255677253234594	false	1.0
tod	neg 1.0		__DUMMY__ 0.8901951965276513 neg 0.06519400666717395 off 0.04461079680517472	false	1.0
herzlos	neg 1.0		__DUMMY__ 0.8927865379346341 off 0.05385638963011657 neg 0.05335707243524931	false	0.5
unwissenheit	neg 1.0		__DUMMY__ 0.8922747099322407 neg 0.061999191447234855 off 0.04572609862052451	false	1.0
widersinnig	neg 1.0		__DUMMY__ 0.8886872844058586 neg 0.0643396467254135 off 0.04697306886872776	false	1.0
bedenklich	neg 1.0		__DUMMY__ 0.8944694859702671 neg 0.061160569584900806 off 0.044369944444831985	false	1.0
beanstanden	neg 1.0		__DUMMY__ 0.8952691200810446 neg 0.061534059721998505 off 0.04319682019695677	false	1.0
panisch	neg 1.0	neg 1.0	neg 0.50941384296379 __DUMMY__ 0.454090783490618 off 0.03649537354559206	false	1.0
debil	off 1.0		__DUMMY__ 0.8972162449930471 neg 0.06215260814289704 off 0.040631146864055966	false	0.5
abstrich	neg 1.0		__DUMMY__ 0.9019831720823203 neg 0.05159356944097688 off 0.04642325847670288	false	1.0
primitiv	neg 1.0		__DUMMY__ 0.8909129410434877 neg 0.05668748981968871 off 0.05239956913682357	false	1.0
abschaum	off 1.0	off 1.0	off 0.5090279913746416 __DUMMY__ 0.4463269043945254 neg 0.044645104230833045	false	1.0
provozieren	neg 1.0		__DUMMY__ 0.8919128030257862 neg 0.060412474000201215 off 0.04767472297401258	false	1.0
tot	neg 1.0		__DUMMY__ 0.8930131054253577 neg 0.06082431050784584 off 0.04616258406679642	false	1.0
instabil	neg 1.0		__DUMMY__ 0.889657270264944 neg 0.055810502983862705 off 0.054532226751193215	false	1.0
schwuchtel	off 1.0		__DUMMY__ 0.8832055776979237 off 0.06316543099337979 neg 0.05362899130869646	false	1.0
zerren	neg 1.0		__DUMMY__ 0.8960740857081521 neg 0.05802903452682403 off 0.04589687976502394	false	1.0
kinderficker	off 1.0		__DUMMY__ 0.8876727102008654 neg 0.056862923218144644 off 0.05546436658099008	false	0.5
gefahr	neg 1.0		__DUMMY__ 0.8931274664277304 neg 0.06185308238227911 off 0.04501945118999049	false	1.0
rabiat	neg 1.0		__DUMMY__ 0.8940898573457401 neg 0.05860771938877295 off 0.047302423265486934	false	1.0
verlangsamung	neg 1.0		__DUMMY__ 0.8884555138968534 off 0.05791392892647331 neg 0.05363055717667321	false	0.5
ausgestorben	neg 1.0		__DUMMY__ 0.8954542364879761 neg 0.05858764272974065 off 0.04595812078228329	false	1.0
anklagen	neg 1.0		__DUMMY__ 0.8920394222827861 neg 0.060725556833918976 off 0.0472350208832949	false	1.0
trott	neg 1.0		__DUMMY__ 0.895916642561444 neg 0.056964517843970594 off 0.047118839594585314	false	1.0
verminderung	neg 1.0		__DUMMY__ 0.8924795600104226 neg 0.054365285955918545 off 0.053155154033658836	false	1.0
nach			__DUMMY__ 0.9025485261279402 neg 0.05672468986478839 off 0.040726784007271276	false	0.0
rost	neg 1.0		__DUMMY__ 0.8885826475366223 off 0.05785370563512963 neg 0.053563646828248025	false	0.5
destruktiv	neg 1.0		__DUMMY__ 0.8911352699914166 neg 0.06205055492662435 off 0.04681417508195901	false	1.0
unzumutbarkeit	neg 1.0		__DUMMY__ 0.895111424360091 off 0.05253551235794622 neg 0.052353063281962764	false	0.5
labil	off 1.0	off 1.0	off 0.5096401865139294 __DUMMY__ 0.44720561699709027 neg 0.04315419648898036	false	1.0
ziemlich	neg 1.0		__DUMMY__ 0.8937121470205714 neg 0.05476243735233513 off 0.05152541562709341	false	1.0
lachnummer	off 1.0		__DUMMY__ 0.8914050776556872 neg 0.06167490050125874 off 0.04692002184305408	false	0.5
oder			__DUMMY__ 0.8974361640292102 neg 0.055741425976191666 off 0.046822409994598045	false	0.0
verfall	neg 1.0		__DUMMY__ 0.8963138733167116 neg 0.06294211599992175 off 0.04074401068336655	false	1.0
ausgrenzung	neg 1.0		__DUMMY__ 0.8887208933496982 neg 0.06170065451865135 off 0.04957845213165038	false	1.0
unordnung	neg 1.0		__DUMMY__ 0.888883651783923 neg 0.05633354496662434 off 0.05478280324945261	false	1.0
fehlverhalten	neg 1.0		__DUMMY__ 0.8925765410940105 neg 0.06286082380722495 off 0.044562635098764534	false	1.0
eine			__DUMMY__ 0.8976486697943046 neg 0.05960091414335567 off 0.0427504160623398	false	0.0
nille	neg 1.0		__DUMMY__ 0.8910435946803401 neg 0.06121490657205338 off 0.04774149874760649	false	1.0
qual	neg 1.0		__DUMMY__ 0.8955309663448068 neg 0.05735881402805383 off 0.04711021962713943	false	1.0
verschwenden	neg 1.0		__DUMMY__ 0.8956686645411222 neg 0.05999524144745439 off 0.04433609401142353	false	1.0
riesig	neg 1.0		__DUMMY__ 0.8971673426077765 neg 0.05646263471348825 off 0.04637002267873524	false	1.0
verurteilen	neg 1.0		__DUMMY__ 0.89137834348615 neg 0.06264172482207919 off 0.04597993169177093	false	1.0
klischee	neg 1.0	neg 1.0	neg 0.5149918045535344 __DUMMY__ 0.44703798929355876 off 0.037970206152906825	false	1.0
diktatorisch	neg 1.0		__DUMMY__ 0.8868344769761385 neg 0.06405654727089441 off 0.04910897575296703	false	1.0
vorhersehbar	neg 1.0		__DUMMY__ 0.8914281302058639 neg 0.059436377221465865 off 0.04913549257267022	false	1.0
sowie			__DUMMY__ 0.8873999927911488 off 0.05667739461640653 neg 0.055922612592444645	false	0.0
stornieren	neg 1.0		__DUMMY__ 0.8972580227412487 neg 0.05366351599358832 off 0.04907846126516309	false	1.0
besteuerung	neg 1.0		__DUMMY__ 0.8937338695105623 neg 0.05792418485030682 off 0.048341945639130864	false	1.0
ungeschminkt	neg 1.0		__DUMMY__ 0.893819903447125 neg 0.05444962697457871 off 0.05173046957829635	false	1.0
kritisch	neg 1.0		__DUMMY__ 0.8929041672423641 neg 0.062321981343536 off 0.04477385141409996	false	1.0
schlamperei	off 1.0		__DUMMY__ 0.8928307389769848 neg 0.061890830841761696 off 0.04527843018125351	false	0.5
sucht	neg 1.0	neg 1.0	neg 0.5086832072149061 __DUMMY__ 0.45430426100006893 off 0.037012531785024984	false	1.0
egoistisch	off 1.0		__DUMMY__ 0.8904741655983086 off 0.055865189323540065 neg 0.053660645078151346	false	1.0
ausbeuter	off 1.0		__DUMMY__ 0.8920433530551061 neg 0.06364207555903698 off 0.04431457138585691	false	0.5
arschgeburt	off 1.0		__DUMMY__ 0.8833323111302306 off 0.06312716874637772 neg 0.05354052012339161	false	1.0
schubs	neg 1.0	neg 1.0	neg 0.5121286617988209 __DUMMY__ 0.45411606903923274 off 0.033755269161946426	false	1.0
unsolide	neg 1.0		__DUMMY__ 0.8849269085688021 neg 0.06318299690079837 off 0.05189009453039957	false	1.0
beschwerde	neg 1.0		__DUMMY__ 0.8933381079201711 neg 0.0608116862457183 off 0.045850205834110654	false	1.0
stocken	neg 1.0		__DUMMY__ 0.8958545638555614 neg 0.05891057221056336 off 0.04523486393387521	false	1.0
isolieren	neg 1.0		__DUMMY__ 0.8984313723225033 neg 0.054830256644520826 off 0.04673837103297585	false	1.0
unheilbar	neg 1.0		__DUMMY__ 0.893243078676145 neg 0.05883124266826106 off 0.04792567865559381	false	1.0
pisser	off 1.0		__DUMMY__ 0.8896296555438524 neg 0.055952272291524545 off 0.05441807216462301	false	0.5
löschen	neg 1.0		__DUMMY__ 0.8936377173024913 neg 0.05806197603106775 off 0.048300306666440876	false	1.0
durchfallen	neg 1.0		__DUMMY__ 0.8948575633534148 neg 0.060371006102542986 off 0.04477143054404229	false	1.0
wichser	off 1.0		__DUMMY__ 0.8880712981455691 off 0.059617494633727994 neg 0.05231120722070291	false	1.0
terror	neg 1.0		__DUMMY__ 0.896296115074735 neg 0.0536607785959414 off 0.050043106329323725	false	1.0
krass	neg 1.0		__DUMMY__ 0.8926689801594988 off 0.05390422341836304 neg 0.053426796422138115	false	0.5
revolte	neg 1.0	neg 1.0	neg 0.5186591232031464 __DUMMY__ 0.44291782033419164 off 0.03842305646266202	false	1.0
besorgt	neg 1.0		__DUMMY__ 0.8990214658074206 neg 0.05532484371514824 off 0.045653690477431216	false	1.0
nachlassen	neg 1.0		__DUMMY__ 0.8986730394906488 neg 0.05585607196628726 off 0.045470888543063935	false	1.0
alt	neg 1.0		__DUMMY__ 0.9000689835346645 neg 0.05658916252272907 off 0.043341853942606465	false	1.0
hundesohn	off 1.0		__DUMMY__ 0.8852932213529754 off 0.05936643691988138 neg 0.05534034172714331	false	1.0
als			__DUMMY__ 0.8967973247874664 neg 0.057958683105831986 off 0.04524399210670156	false	0.0
abschreckung	neg 1.0		__DUMMY__ 0.8937077183490295 neg 0.06280991312217327 off 0.0434823685287973	false	1.0
unqualifiziert	neg 1.0		__DUMMY__ 0.8917393275288208 neg 0.05885335255655025 off 0.049407319914628996	false	1.0
abgewichst	off 1.0		__DUMMY__ 0.8935170590301287 neg 0.05979358160313734 off 0.04668935936673404	false	0.5
schwer	neg 1.0		__DUMMY__ 0.8958429058114207 neg 0.0574216040473671 off 0.046735490141212255	false	1.0
bedeutungslosigkeit	neg 1.0		__DUMMY__ 0.8928242289180401 neg 0.06315514233280112 off 0.04402062874915867	false	1.0
kapitulation	neg 1.0		__DUMMY__ 0.8885418038618617 neg 0.0655236259903459 off 0.04593457014779244	false	1.0
unscharf	neg 1.0		__DUMMY__ 0.8956944674124159 neg 0.055178624514757524 off 0.04912690807282665	false	1.0
schwinden	neg 1.0		__DUMMY__ 0.8961444910371903 neg 0.059786427112588074 off 0.044069081850221646	false	1.0
versklavung	neg 1.0	neg 1.0	neg 0.5175173216579664 __DUMMY__ 0.44547891038730186 off 0.037003767954731835	false	1.0
schlecht	neg 1.0		__DUMMY__ 0.8941215728513562 neg 0.0540458833924114 off 0.05183254375623243	false	1.0
verhasst	neg 1.0		__DUMMY__ 0.891344150287464 neg 0.06090696231841584 off 0.04774888739412001	false	1.0
beschweren	neg 1.0		__DUMMY__ 0.8950632885161347 neg 0.0565042019423193 off 0.04843250954154595	false	1.0
scheiden	neg 1.0		__DUMMY__ 0.8948683930678121 neg 0.05882587856603372 off 0.04630572836615422	false	1.0
frustriert	neg 1.0		__DUMMY__ 0.89524208439929 neg 0.05866834600448384 off 0.04608956959622616	false	1.0
schimmelig	neg 1.0		__DUMMY__ 0.8971852569906533 neg 0.05861088518815325 off 0.04420385782119345	false	1.0
fisch	neg 1.0		__DUMMY__ 0.8968128752133533 neg 0.058730314740037294 off 0.04445681004660945	false	1.0
schmuggel	neg 1.0		__DUMMY__ 0.8980591173800121 neg 0.05851597929049222 off 0.04342490332949576	false	1.0
auffallen	neg 1.0		__DUMMY__ 0.8945551457371348 neg 0.05663675989596657 off 0.04880809436689866	false	1.0
konkurrenz	neg 1.0		__DUMMY__ 0.8973189896860941 neg 0.059643614833965984 off 0.043037395479939795	false	1.0
teufelskreis	neg 1.0		__DUMMY__ 0.8937797346377074 neg 0.05981582381403948 off 0.04640444154825318	false	1.0
aufschreien	neg 1.0		__DUMMY__ 0.8918807877475451 neg 0.05916701764478541 off 0.048952194607669454	false	1.0
schuldner	neg 1.0		__DUMMY__ 0.8930625476696531 neg 0.06218805248645874 off 0.04474939984388819	false	1.0
missgeburt	off 1.0	off 1.0	off 0.5129932419664174 __DUMMY__ 0.44501470094624196 neg 0.04199205708734063	false	1.0
arbeitslos	neg 1.0		__DUMMY__ 0.8932507177607426 neg 0.061061043250551006 off 0.045688238988706414	false	1.0
befallen	neg 1.0		__DUMMY__ 0.8888369310209471 neg 0.06525477489161284 off 0.04590829408744015	false	1.0
miesepetrig	off 1.0		__DUMMY__ 0.8956485737647908 neg 0.053137820118572904 off 0.05121360611663628	false	0.5
alarmieren	neg 1.0		__DUMMY__ 0.890759103539306 neg 0.05764031034914346 off 0.05160058611155054	false	1.0
ungeduscht	off 1.0		__DUMMY__ 0.8958748868677421 neg 0.054988066936718163 off 0.04913704619553975	false	0.5
knappheit	neg 1.0		__DUMMY__ 0.8952846336298286 neg 0.05882234262319133 off 0.04589302374698001	false	1.0
schlange	neg 1.0		__DUMMY__ 0.8970544091221124 neg 0.054932493522047245 off 0.04801309735584029	false	1.0
harsch	neg 1.0		__DUMMY__ 0.893538877869368 off 0.056517830114407 neg 0.04994329201622491	false	0.5
lang	neg 1.0		__DUMMY__ 0.8947933767000974 neg 0.05690298322222543 off 0.04830364007767717	false	1.0
ziellos	neg 1.0		__DUMMY__ 0.8960027792466002 neg 0.05902253439875272 off 0.044974686354647034	false	1.0
selbstverliebt	neg 1.0		__DUMMY__ 0.8842240324813073 off 0.060818983563164966 neg 0.054956983955527706	false	0.5
beseitigen	neg 1.0		__DUMMY__ 0.897613188452531 neg 0.05444275212965498 off 0.0479440594178139	false	1.0
dumm	off 1.0		__DUMMY__ 0.8892139413414283 off 0.056474182514203705 neg 0.05431187614436806	false	1.0
arbeitsloser	neg 1.0		__DUMMY__ 0.893705997008445 neg 0.06126555304792727 off 0.045028449943627716	false	1.0
blitzen	neg 1.0		__DUMMY__ 0.8930469288858544 neg 0.056567302012669574 off 0.050385769101476144	false	1.0
hilflos	neg 1.0		__DUMMY__ 0.8953173220694179 neg 0.05898610061307811 off 0.045696577317503956	false	1.0
eklig	off 1.0		__DUMMY__ 0.8889951108101112 off 0.0571647949800431 neg 0.053840094209845715	false	1.0
begriff			__DUMMY__ 0.8941296977239045 neg 0.059701224616908855 off 0.04616907765918657	false	0.0
hungersnot	neg 1.0		__DUMMY__ 0.8876840999913562 neg 0.0646770552077012 off 0.047638844800942534	false	1.0
ungesetzlich	neg 1.0		__DUMMY__ 0.8879198687355788 neg 0.06185986075406888 off 0.05022027051035233	false	1.0
verschwendung	neg 1.0		__DUMMY__ 0.8954389735909393 neg 0.060848668111524284 off 0.04371235829753634	false	1.0
schmerzvoll	neg 1.0		__DUMMY__ 0.895193065854261 neg 0.05643593977960926 off 0.04837099436612985	false	1.0
vorzeitig	neg 1.0		__DUMMY__ 0.8935302067561564 neg 0.05484291751655067 off 0.05162687572729295	false	1.0
unvollkommenheit	neg 1.0		__DUMMY__ 0.894710830943071 neg 0.05791424177747051 off 0.04737492727945849	false	1.0
intervenieren	neg 1.0		__DUMMY__ 0.8913517451322938 neg 0.06398798531874167 off 0.044660269548964675	false	1.0
banause	off 1.0		__DUMMY__ 0.887993893374515 off 0.05834111408899351 neg 0.053664992536491526	false	1.0
rebell	neg 1.0		__DUMMY__ 0.8983409667953415 neg 0.05903238936756039 off 0.04262664383709814	false	1.0
unlogisch	neg 1.0		__DUMMY__ 0.8906611833774116 neg 0.0556679884638973 off 0.05367082815869106	false	1.0
leiden	neg 1.0	neg 1.0	neg 0.5098755274506173 __DUMMY__ 0.45798224588201725 off 0.03214222666736546	false	1.0
abschaffung	neg 1.0		__DUMMY__ 0.891558227189004 neg 0.06006097843719621 off 0.04838079437379975	false	1.0
sturz	neg 1.0		__DUMMY__ 0.8908314656750027 neg 0.06038948986753406 off 0.04877904445746323	false	1.0
verkleinerung	neg 1.0		__DUMMY__ 0.8895572035425534 neg 0.05953011907295033 off 0.05091267738449635	false	1.0
schmarotzer	off 1.0		__DUMMY__ 0.891825397845965 neg 0.0627755638694239 off 0.04539903828461098	false	0.5
bestrafung	neg 1.0		__DUMMY__ 0.8924969478877331 neg 0.05916442884636926 off 0.04833862326589758	false	1.0
achtlos	neg 1.0		__DUMMY__ 0.8963804716861793 neg 0.05698987640672142 off 0.04662965190709933	false	1.0
ungeheuer	neg 1.0		__DUMMY__ 0.8929144703498113 neg 0.05818658926765743 off 0.048898940382531265	false	1.0
unaufrichtig	neg 1.0		__DUMMY__ 0.8894404115135007 neg 0.060387886576158546 off 0.0501717019103407	false	1.0
