unsolidarisch	neg 1.0		neg 0.5171533018198646 off 0.41265396711906893 __DUMMY__ 0.07019273106106627	false	1.0
nachteilig	neg 1.0		neg 0.5150969828964962 off 0.4136370161290449 __DUMMY__ 0.07126600097445898	false	1.0
skeptisch	neg 1.0		neg 0.5177943706978547 off 0.4107984629291382 __DUMMY__ 0.07140716637300716	false	1.0
schrecklich	neg 1.0		neg 0.5039253896454747 off 0.4252070355045679 __DUMMY__ 0.07086757484995744	false	1.0
schlapp	neg 1.0		neg 0.5058156048647974 off 0.4227331805654535 __DUMMY__ 0.07145121456974902	false	1.0
abfall	neg 1.0		neg 0.5189596609060353 off 0.40949502599817267 __DUMMY__ 0.07154531309579204	false	1.0
widerspenstig	neg 1.0		neg 0.5108991917014115 off 0.41753855026627046 __DUMMY__ 0.07156225803231792	false	1.0
abrupt	neg 1.0		neg 0.5110820802208978 off 0.4171122992589715 __DUMMY__ 0.0718056205201307	false	1.0
unwirksam	neg 1.0		neg 0.514236845318619 off 0.4151399956853935 __DUMMY__ 0.07062315899598753	false	1.0
angreifen	neg 1.0		neg 0.5176123046059544 off 0.4112390325181969 __DUMMY__ 0.07114866287584873	false	1.0
inkonsistent	neg 1.0		neg 0.5099895571938585 off 0.4189265255910159 __DUMMY__ 0.07108391721512551	false	1.0
abrutschen	neg 1.0		neg 0.518461169495523 off 0.4099173295833341 __DUMMY__ 0.07162150092114282	false	1.0
unsicher	neg 1.0		neg 0.511626277963893 off 0.4169740656346135 __DUMMY__ 0.07139965640149361	false	1.0
bauernkind	off 1.0		neg 0.5025367540565258 off 0.427153046285293 __DUMMY__ 0.07031019965818128	false	0.5
angreifer	neg 1.0		neg 0.510729034145049 off 0.4185082549277705 __DUMMY__ 0.07076271092718046	false	1.0
trennen	neg 1.0		neg 0.5146275956582724 off 0.41353486483598695 __DUMMY__ 0.07183753950574058	false	1.0
schmutz	neg 1.0		neg 0.5026399313294508 off 0.4255499421679611 __DUMMY__ 0.07181012650258803	false	1.0
inkonsistenz	neg 1.0	neg 1.0	neg 0.7428865015247234 off 0.2231602580804759 __DUMMY__ 0.03395324039480077	false	1.0
erschreckend	neg 1.0		neg 0.5145929277832216 off 0.4142827996261208 __DUMMY__ 0.07112427259065761	false	1.0
ertrinken	neg 1.0		neg 0.5149118227257314 off 0.41356144065520944 __DUMMY__ 0.07152673661905898	false	1.0
pickelface	off 1.0		neg 0.5129190523718017 off 0.4161931171545287 __DUMMY__ 0.07088783047366964	false	0.5
seiner			neg 0.5169141799244094 off 0.4117686479982937 __DUMMY__ 0.07131717207729686	false	0.0
lauch	neg 1.0		neg 0.5174348416366579 off 0.41107109501284167 __DUMMY__ 0.07149406335050061	false	1.0
unwichtig	neg 1.0		neg 0.5080407456027025 off 0.4209118261503547 __DUMMY__ 0.07104742824694268	false	1.0
steuerhinterziehung	neg 1.0		neg 0.5161663368018351 off 0.41320520859120036 __DUMMY__ 0.07062845460696462	false	1.0
schock	neg 1.0		neg 0.5117060659191494 off 0.41656234758026445 __DUMMY__ 0.07173158650058614	false	1.0
beule	neg 1.0		neg 0.5046827977852539 off 0.4239616663726044 __DUMMY__ 0.07135553584214159	false	1.0
vergelten	neg 1.0		neg 0.503955382165886 off 0.42554451494404383 __DUMMY__ 0.07050010289007008	false	1.0
verdorbenheit	neg 1.0		neg 0.5088556162831565 off 0.41960272604657056 __DUMMY__ 0.07154165767027314	false	1.0
trauma	neg 1.0		neg 0.5106860741492898 off 0.4181810831526163 __DUMMY__ 0.0711328426980939	false	1.0
sinnlos	neg 1.0		neg 0.5102825768843144 off 0.4185536892939758 __DUMMY__ 0.07116373382170982	false	1.0
fettsack	off 1.0	off 1.0	off 0.6978964850977029 neg 0.26823760311285255 __DUMMY__ 0.03386591178944471	false	1.0
feige	off 1.0		neg 0.5104770741367226 off 0.41882464900195476 __DUMMY__ 0.07069827686132257	false	0.5
abdanken	neg 1.0		neg 0.5181396763187144 off 0.411601079405077 __DUMMY__ 0.07025924427620868	false	1.0
wichtigtuer	off 1.0	off 1.0	off 0.6922434081538695 neg 0.2737985427396648 __DUMMY__ 0.033958049106465736	false	1.0
misslingen	neg 1.0		neg 0.5086809276535419 off 0.41986930960631547 __DUMMY__ 0.07144976274014257	false	1.0
untreu	off 1.0		neg 0.5073717155029684 off 0.42162149996307846 __DUMMY__ 0.07100678453395301	false	0.5
missmutig	neg 1.0		neg 0.5075550951207992 off 0.4211519489999424 __DUMMY__ 0.0712929558792584	false	1.0
hurenbock	off 1.0		neg 0.5079215200526187 off 0.4204219693395301 __DUMMY__ 0.07165651060785123	false	0.5
betrunken	neg 1.0		neg 0.5045004249660338 off 0.4243063811006947 __DUMMY__ 0.07119319393327156	false	1.0
korrupt	off 1.0		neg 0.5187233684927951 off 0.41078224722869516 __DUMMY__ 0.07049438427850971	false	0.5
unmut	neg 1.0		neg 0.5194123537596693 off 0.4092850993640301 __DUMMY__ 0.07130254687630053	false	1.0
hackfresse	off 1.0		neg 0.5008846455598464 off 0.4284497772418197 __DUMMY__ 0.07066557719833375	false	0.5
aufblasen	neg 1.0		neg 0.5092714562433117 off 0.4192099295363766 __DUMMY__ 0.07151861422031186	false	1.0
gewaltsam	neg 1.0		neg 0.5135672388138076 off 0.4157301553434885 __DUMMY__ 0.07070260584270398	false	1.0
unbeliebtheit	neg 1.0		neg 0.5107720123187468 off 0.41924461937638197 __DUMMY__ 0.06998336830487133	false	1.0
sturheit	neg 1.0		neg 0.5160400945887021 off 0.4131364748730029 __DUMMY__ 0.07082343053829497	false	1.0
kuh	neg 1.0		neg 0.5106653291919994 off 0.4182639367973293 __DUMMY__ 0.0710707340106713	false	1.0
erschrecken	neg 1.0		neg 0.5082198152819312 off 0.42054089902001185 __DUMMY__ 0.0712392856980569	false	1.0
opfer	neg 1.0	neg 1.0	neg 0.746088636954289 off 0.2197479942416201 __DUMMY__ 0.0341633688040909	false	1.0
sinken	neg 1.0		neg 0.5179513181566152 off 0.4106646200212074 __DUMMY__ 0.07138406182217737	false	1.0
stinktier	neg 1.0		neg 0.5042136357131362 off 0.425118741315603 __DUMMY__ 0.07066762297126107	false	1.0
tucke	off 1.0		neg 0.49904970135461685 off 0.4301051057562317 __DUMMY__ 0.07084519288915148	false	0.5
ein			neg 0.5087234403116588 off 0.41950402255780483 __DUMMY__ 0.07177253713053645	false	0.0
abstieg	neg 1.0		neg 0.5161164030455666 off 0.4129990375491802 __DUMMY__ 0.0708845594052531	false	1.0
missverstehen	neg 1.0		neg 0.5122865317037678 off 0.41689245082689647 __DUMMY__ 0.07082101746933575	false	1.0
ergebnislos	neg 1.0		neg 0.5158294896836435 off 0.4131272197562506 __DUMMY__ 0.07104329056010601	false	1.0
unter			neg 0.5188762659483142 off 0.40879802605598436 __DUMMY__ 0.0723257079957014	false	0.0
manipulieren	neg 1.0		neg 0.5172945100380565 off 0.41147142105106604 __DUMMY__ 0.0712340689108775	false	1.0
unbewiesen	neg 1.0		neg 0.5169346354563992 off 0.412807018830125 __DUMMY__ 0.07025834571347589	false	1.0
verschleppen	neg 1.0		neg 0.5166570704907002 off 0.4124040637344716 __DUMMY__ 0.0709388657748283	false	1.0
weib	off 1.0		neg 0.4999386184068873 off 0.4295233293480178 __DUMMY__ 0.07053805224509489	false	0.5
opposition	neg 1.0		neg 0.5134808007540104 off 0.41597568781211663 __DUMMY__ 0.0705435114338729	false	1.0
verkehrswidrig	neg 1.0		neg 0.5006328746884191 off 0.4282856450808229 __DUMMY__ 0.07108148023075796	false	1.0
inkorrekt	neg 1.0		neg 0.5106616416803594 off 0.4190391902656188 __DUMMY__ 0.07029916805402173	false	1.0
vermeiden	neg 1.0		neg 0.5175113149936381 off 0.4104614892398803 __DUMMY__ 0.07202719576648152	false	1.0
abweichung	neg 1.0		neg 0.5171726017083976 off 0.4120657690122691 __DUMMY__ 0.07076162927933337	false	1.0
alkoholisiert	neg 1.0		neg 0.5123987723123625 off 0.4159789779302747 __DUMMY__ 0.07162224975736271	false	1.0
scheiss	off 1.0	off 1.0	off 0.6962354465319549 neg 0.2696043149213596 __DUMMY__ 0.03416023854668545	false	1.0
herausforderung	neg 1.0		neg 0.51082275433277 off 0.41715854468067826 __DUMMY__ 0.07201870098655169	false	1.0
pervers	off 1.0		neg 0.49729202469477146 off 0.4322793923114026 __DUMMY__ 0.07042858299382593	false	0.5
wackelig	neg 1.0		neg 0.5110230128249559 off 0.4169868612774661 __DUMMY__ 0.07199012589757796	false	1.0
verwickeln	neg 1.0		neg 0.5117280291368999 off 0.41728604552424886 __DUMMY__ 0.07098592533885122	false	1.0
vorwand	neg 1.0		neg 0.5193513671585415 off 0.4095097640001374 __DUMMY__ 0.07113886884132128	false	1.0
muschi	off 1.0		neg 0.513826393613181 off 0.4153396885124892 __DUMMY__ 0.07083391787432981	false	0.5
entmutigung	neg 1.0		neg 0.5163062195235055 off 0.41381720645839487 __DUMMY__ 0.06987657401809974	false	1.0
unangemessen	neg 1.0		neg 0.5174271060217209 off 0.41176426783800624 __DUMMY__ 0.0708086261402728	false	1.0
unstetig	neg 1.0		neg 0.5088167125343729 off 0.42021471463053306 __DUMMY__ 0.07096857283509397	false	1.0
entmutigen	neg 1.0		neg 0.5108280701249828 off 0.4178812457139803 __DUMMY__ 0.07129068416103686	false	1.0
schwanz	neg 1.0		neg 0.5143966256244947 off 0.4144032034454436 __DUMMY__ 0.0712001709300617	false	1.0
verbot	neg 1.0		neg 0.5171486183167722 off 0.41220523489567445 __DUMMY__ 0.07064614678755332	false	1.0
leid	neg 1.0		neg 0.5023383921397944 off 0.42686274012229736 __DUMMY__ 0.0707988677379084	false	1.0
archaisch	neg 1.0		neg 0.5163651477615033 off 0.4127469688723544 __DUMMY__ 0.07088788336614232	false	1.0
gegen			neg 0.5196062385492086 off 0.40939736283543016 __DUMMY__ 0.0709963986153613	false	0.0
scheidung	neg 1.0	neg 1.0	neg 0.7299157388384944 off 0.23618709375891472 __DUMMY__ 0.033897167402590855	false	1.0
einschlag	neg 1.0		neg 0.5041124131012721 off 0.425279522916111 __DUMMY__ 0.07060806398261697	false	1.0
m			neg 0.5122427262592887 off 0.4162512432815158 __DUMMY__ 0.0715060304591955	false	0.0
abgestanden	neg 1.0		neg 0.5095855313534239 off 0.41876764127664623 __DUMMY__ 0.07164682736992989	false	1.0
schmierig	off 1.0		neg 0.5028150490512948 off 0.4262244630260514 __DUMMY__ 0.07096048792265389	false	0.5
unpraktisch	neg 1.0		neg 0.5087315246584361 off 0.4196540516930547 __DUMMY__ 0.07161442364850928	false	1.0
wixxer	off 1.0		neg 0.4981169244297094 off 0.4316481780542427 __DUMMY__ 0.07023489751604801	false	0.5
bezeichnet			neg 0.515246449435407 off 0.41388778602545845 __DUMMY__ 0.07086576453913448	false	0.0
jammerlappen	off 1.0		neg 0.508334940387672 off 0.42064995382544557 __DUMMY__ 0.07101510578688247	false	0.5
farce	neg 1.0		neg 0.5189472711512775 off 0.4108272297663879 __DUMMY__ 0.07022549908233465	false	1.0
zwecklos	neg 1.0		neg 0.5169264194514052 off 0.41209852366530253 __DUMMY__ 0.0709750568832925	false	1.0
turbulent	neg 1.0		neg 0.5050213063410212 off 0.42427447015809416 __DUMMY__ 0.07070422350088477	false	1.0
invasion	neg 1.0		neg 0.5078039225392392 off 0.4208540866241846 __DUMMY__ 0.0713419908365761	false	1.0
schuld	neg 1.0		neg 0.512354644436284 off 0.41657109411081045 __DUMMY__ 0.07107426145290557	false	1.0
risiko	neg 1.0		neg 0.506040772362361 off 0.42235982898051144 __DUMMY__ 0.0715993986571275	false	1.0
finster	neg 1.0		neg 0.509194742586631 off 0.4191183245371466 __DUMMY__ 0.07168693287622249	false	1.0
geisteskrank	off 1.0		neg 0.5091473810550361 off 0.42035623833500974 __DUMMY__ 0.07049638060995417	false	0.5
zusammenbrechen	neg 1.0		neg 0.5127602337358119 off 0.41574960690175083 __DUMMY__ 0.07149015936243727	false	1.0
ausbeute	neg 1.0		neg 0.5128492675209647 off 0.41546490723881985 __DUMMY__ 0.07168582524021537	false	1.0
hinterhalt	neg 1.0		neg 0.5120184642663036 off 0.41697044632515473 __DUMMY__ 0.07101108940854174	false	1.0
kritik	neg 1.0		neg 0.51797033924488 off 0.4116208610753951 __DUMMY__ 0.07040879967972508	false	1.0
einschrumpfen	neg 1.0		neg 0.5113914496082921 off 0.41812513951014313 __DUMMY__ 0.07048341088156487	false	1.0
riskant	neg 1.0		neg 0.5162189167484557 off 0.4124250127986328 __DUMMY__ 0.07135607045291145	false	1.0
frustrieren	neg 1.0		neg 0.516916952944786 off 0.4118420799653548 __DUMMY__ 0.07124096708985919	false	1.0
groll	neg 1.0		neg 0.5165990318811655 off 0.4124069121963146 __DUMMY__ 0.07099405592251999	false	1.0
gibt			neg 0.5143240163037543 off 0.4143804452857543 __DUMMY__ 0.07129553841049135	false	0.0
qualvoll	neg 1.0		neg 0.5092501719686319 off 0.41945349303508267 __DUMMY__ 0.07129633499628546	false	1.0
wackeln	neg 1.0		neg 0.5090159377195133 off 0.419287216051729 __DUMMY__ 0.07169684622875774	false	1.0
klagen	neg 1.0		neg 0.5196391853441047 off 0.4092682280773172 __DUMMY__ 0.07109258657857817	false	1.0
bankrott	neg 1.0		neg 0.5064018466260767 off 0.4223506786802177 __DUMMY__ 0.0712474746937056	false	1.0
trauern	neg 1.0		neg 0.5169085915978333 off 0.4118965628954495 __DUMMY__ 0.0711948455067172	false	1.0
ablehnung	neg 1.0	neg 1.0	neg 0.7463466587128595 off 0.21982128632130674 __DUMMY__ 0.033832054965833754	false	1.0
stur	neg 1.0		neg 0.5116386927759418 off 0.417242337943356 __DUMMY__ 0.07111896928070217	false	1.0
aufruhr	neg 1.0		neg 0.5150447993340477 off 0.4143935684490206 __DUMMY__ 0.07056163221693176	false	1.0
melancholie	neg 1.0		neg 0.5123227361204904 off 0.4159441031527366 __DUMMY__ 0.07173316072677295	false	1.0
ist			neg 0.5114064693936483 off 0.4174821316562627 __DUMMY__ 0.07111139895008893	false	0.0
torheit	neg 1.0		neg 0.5161608241994231 off 0.41357915826338126 __DUMMY__ 0.07026001753719562	false	1.0
dreckskind	off 1.0		neg 0.5044978796626989 off 0.4253064314376735 __DUMMY__ 0.07019568889962768	false	0.5
umtauschen	neg 1.0		neg 0.5106379629953477 off 0.4177603655686034 __DUMMY__ 0.07160167143604892	false	1.0
zum			neg 0.5153470435127239 off 0.4123285708676816 __DUMMY__ 0.0723243856195945	false	0.0
zersetzen	neg 1.0		neg 0.5183066845893305 off 0.4105222030644559 __DUMMY__ 0.0711711123462136	false	1.0
zur			neg 0.5201989654224866 off 0.40830142486185683 __DUMMY__ 0.0714996097156566	false	0.0
frust	neg 1.0		neg 0.5139038848583825 off 0.4147467475452952 __DUMMY__ 0.07134936759632243	false	1.0
unerbittlichkeit	neg 1.0		neg 0.5178631816208141 off 0.41106878613587194 __DUMMY__ 0.07106803224331391	false	1.0
zwei			neg 0.5150545702828943 off 0.4129220241945196 __DUMMY__ 0.07202340552258607	false	0.0
unkorrekt	neg 1.0		neg 0.5094350426800588 off 0.4202044576971341 __DUMMY__ 0.07036049962280715	false	1.0
hexe	off 1.0		neg 0.5066950242866908 off 0.42220054074532615 __DUMMY__ 0.07110443496798288	false	0.5
lasch	neg 1.0		neg 0.5113958180233783 off 0.4178726215967007 __DUMMY__ 0.07073156037992091	false	1.0
rivale	neg 1.0		neg 0.5040490212927554 off 0.4252335566761662 __DUMMY__ 0.07071742203107838	false	1.0
mutlos	off 1.0	off 1.0	off 0.6894019696454923 neg 0.2765860009523429 __DUMMY__ 0.0340120294021648	false	1.0
wirr	off 1.0		neg 0.5068510180722754 off 0.42268474153994795 __DUMMY__ 0.0704642403877767	false	0.5
jahr			neg 0.5128708377308044 off 0.41521509224329467 __DUMMY__ 0.0719140700259009	false	0.0
wird			neg 0.5156407574991714 off 0.41302930582201897 __DUMMY__ 0.0713299366788095	false	0.0
strafbar	neg 1.0		neg 0.5190448575535497 off 0.4101662273508079 __DUMMY__ 0.07078891509564253	false	1.0
erosion	neg 1.0		neg 0.509298705667646 off 0.4192777494308806 __DUMMY__ 0.07142354490147344	false	1.0
eingehen	neg 1.0		neg 0.5167821062049424 off 0.41214466749878864 __DUMMY__ 0.07107322629626898	false	1.0
faul	off 1.0		neg 0.5056072839145701 off 0.42286707599088835 __DUMMY__ 0.07152564009454167	false	0.5
provisorium	neg 1.0		neg 0.5207456124821911 off 0.40715979159525784 __DUMMY__ 0.07209459592255103	false	1.0
schmerzen	neg 1.0		neg 0.5121507042211112 off 0.416350059737808 __DUMMY__ 0.07149923604108081	false	1.0
schrumpfen	neg 1.0		neg 0.5199290918795305 off 0.4084492599831027 __DUMMY__ 0.07162164813736674	false	1.0
geistlos	off 1.0		neg 0.5144978313103241 off 0.41527685319868424 __DUMMY__ 0.07022531549099151	false	0.5
fehlkauf	neg 1.0		neg 0.5108582373686833 off 0.4182931797148435 __DUMMY__ 0.07084858291647327	false	1.0
frustrierend	neg 1.0		neg 0.5082176786818732 off 0.42053434989256067 __DUMMY__ 0.07124797142556613	false	1.0
unzufrieden	neg 1.0		neg 0.5155865470473895 off 0.4132149734612893 __DUMMY__ 0.07119847949132121	false	1.0
verzweifeln	neg 1.0		neg 0.512552265288246 off 0.41607992883050504 __DUMMY__ 0.07136780588124884	false	1.0
verzweifelt	neg 1.0		neg 0.511609366482308 off 0.41724626074873483 __DUMMY__ 0.07114437276895705	false	1.0
misstrauensantrag	neg 1.0		neg 0.5108298679198339 off 0.41834195796516094 __DUMMY__ 0.07082817411500537	false	1.0
abfallen	neg 1.0		neg 0.5081790118320877 off 0.420012856656687 __DUMMY__ 0.07180813151122528	false	1.0
fucker	off 1.0		neg 0.5059431895498687 off 0.4233755191853998 __DUMMY__ 0.07068129126473145	false	0.5
ungezogen	neg 1.0		neg 0.49889558448586524 off 0.43042550628285614 __DUMMY__ 0.0706789092312786	false	1.0
irrsinnig	neg 1.0	neg 1.0	neg 0.7438787615787772 off 0.22204084227769258 __DUMMY__ 0.03408039614353025	false	1.0
unfassbar	neg 1.0		neg 0.5076991650669566 off 0.4212883473792044 __DUMMY__ 0.07101248755383902	false	1.0
hart	neg 1.0		neg 0.5079167002790264 off 0.4212242448683778 __DUMMY__ 0.07085905485259589	false	1.0
widerlich	off 1.0		neg 0.5080971535901849 off 0.4211466241695379 __DUMMY__ 0.07075622224027711	false	0.5
fatal	neg 1.0		neg 0.5102718395476041 off 0.4187539173533803 __DUMMY__ 0.07097424309901569	false	1.0
bruch	neg 1.0		neg 0.5212180501228261 off 0.4078708335341822 __DUMMY__ 0.07091111634299184	false	1.0
aushungern	neg 1.0		neg 0.515799323411725 off 0.41367973889433446 __DUMMY__ 0.07052093769394063	false	1.0
anspannung	neg 1.0		neg 0.5171556074058593 off 0.4110199579611342 __DUMMY__ 0.07182443463300656	false	1.0
von			neg 0.5146729552825936 off 0.41352216281248344 __DUMMY__ 0.07180488190492293	false	0.0
kraftlos	neg 1.0		neg 0.512308458534415 off 0.41585057567259703 __DUMMY__ 0.07184096579298792	false	1.0
vom			neg 0.518772114750026 off 0.40902722020322035 __DUMMY__ 0.07220066504675349	false	0.0
grenzdebil	off 1.0		neg 0.5057891088024447 off 0.4230964848028474 __DUMMY__ 0.07111440639470797	false	0.5
vor			neg 0.5169215821231186 off 0.41142240242098554 __DUMMY__ 0.07165601545589588	false	0.0
unterwerfen	neg 1.0		neg 0.5176123175654228 off 0.41138861158835693 __DUMMY__ 0.0709990708462203	false	1.0
versenkung	neg 1.0		neg 0.5167784010707672 off 0.41197063254018845 __DUMMY__ 0.0712509663890444	false	1.0
entziehen	neg 1.0		neg 0.5195902789710093 off 0.4091983578686825 __DUMMY__ 0.07121136316030806	false	1.0
finanzkrise	neg 1.0		neg 0.5158246891707892 off 0.41361693010991635 __DUMMY__ 0.0705583807192945	false	1.0
schimpfend	neg 1.0		neg 0.5067328470761194 off 0.42137795500506525 __DUMMY__ 0.0718891979188154	false	1.0
profan	neg 1.0		neg 0.5102558694863747 off 0.4185749411855067 __DUMMY__ 0.0711691893281187	false	1.0
korruption	neg 1.0		neg 0.5179904435979715 off 0.4114219490755868 __DUMMY__ 0.07058760732644175	false	1.0
â			neg 0.5136585457910342 off 0.4148968071165019 __DUMMY__ 0.07144464709246405	false	0.0
schmutzig	neg 1.0		neg 0.5049418207402998 off 0.423676975544326 __DUMMY__ 0.0713812037153743	false	1.0
sexy	neg 1.0		neg 0.5078874979361189 off 0.4210000573515646 __DUMMY__ 0.07111244471231659	false	1.0
abraten	neg 1.0		neg 0.5101203310474088 off 0.4185062204931205 __DUMMY__ 0.07137344845947055	false	1.0
schwarz	neg 1.0		neg 0.5107796905350392 off 0.4181584217924329 __DUMMY__ 0.07106188767252788	false	1.0
fotze	off 1.0		neg 0.5154551967461737 off 0.41361513896283525 __DUMMY__ 0.07092966429099117	false	0.5
verwirren	neg 1.0		neg 0.5094933003250157 off 0.4193695047173199 __DUMMY__ 0.07113719495766432	false	1.0
zahnlos	off 1.0		neg 0.5167309416988641 off 0.41233178908921186 __DUMMY__ 0.07093726921192406	false	0.5
verheeren	neg 1.0		neg 0.4985287031556951 off 0.43120518138780906 __DUMMY__ 0.07026611545649586	false	1.0
hippie	neg 1.0		neg 0.5085325407865906 off 0.42042053272106383 __DUMMY__ 0.07104692649234554	false	1.0
rammen	neg 1.0		neg 0.507986694841868 off 0.4206805047789313 __DUMMY__ 0.07133280037920077	false	1.0
unlauter	neg 1.0	neg 1.0	neg 0.7427443122870551 off 0.22321794716660337 __DUMMY__ 0.03403774054634152	false	1.0
unheilvoll	neg 1.0		neg 0.5094891749364481 off 0.4191939719077171 __DUMMY__ 0.07131685315583479	false	1.0
niedrig	neg 1.0		neg 0.5145121144951561 off 0.41416241203227067 __DUMMY__ 0.07132547347257331	false	1.0
explosion	neg 1.0		neg 0.5079814506057276 off 0.42077011003600023 __DUMMY__ 0.07124843935827208	false	1.0
weichei	off 1.0		neg 0.50199028336869 off 0.42729997894180133 __DUMMY__ 0.0707097376895087	false	0.5
minusmensch	off 1.0		neg 0.5015359782371747 off 0.4286486013300743 __DUMMY__ 0.06981542043275116	false	0.5
farblos	neg 1.0		neg 0.5113978779042825 off 0.41749764334971584 __DUMMY__ 0.07110447874600169	false	1.0
unwissend	neg 1.0	neg 1.0	neg 0.7415877592595091 off 0.22441211094256994 __DUMMY__ 0.03400012979792096	false	1.0
traurig	neg 1.0		neg 0.5040769878742921 off 0.42486281129060655 __DUMMY__ 0.07106020083510128	false	1.0
senkung	neg 1.0		neg 0.5089368220041446 off 0.41999482065549293 __DUMMY__ 0.07106835734036245	false	1.0
ungleich	neg 1.0	neg 1.0	neg 0.7464358623767244 off 0.21946196186532194 __DUMMY__ 0.03410217575795357	false	1.0
heikel	neg 1.0		neg 0.5179354192679991 off 0.4108157907641096 __DUMMY__ 0.07124878996789129	false	1.0
drosselung	neg 1.0		neg 0.5031740730457559 off 0.42570791186967366 __DUMMY__ 0.07111801508457044	false	1.0
falsch	neg 1.0		neg 0.5085307678145821 off 0.4203798491118722 __DUMMY__ 0.07108938307354568	false	1.0
unzufriedenheit	neg 1.0		neg 0.5184675555563985 off 0.4103459059087226 __DUMMY__ 0.07118653853487901	false	1.0
kurz	neg 1.0		neg 0.511515198456374 off 0.4167428105873439 __DUMMY__ 0.07174199095628209	false	1.0
unsinnig	neg 1.0		neg 0.5155101326242396 off 0.4133809706896709 __DUMMY__ 0.0711088966860895	false	1.0
penner	off 1.0	off 1.0	off 0.6991363341933244 neg 0.26693523380636475 __DUMMY__ 0.033928432000310794	false	1.0
seicht	neg 1.0		neg 0.5016802996306045 off 0.42806637703017486 __DUMMY__ 0.07025332333922077	false	1.0
dummheit	off 1.0	off 1.0	off 0.6927651283512203 neg 0.27326615075991045 __DUMMY__ 0.03396872088886924	false	1.0
unerfreulich	neg 1.0		neg 0.5172774069034797 off 0.41124456115402735 __DUMMY__ 0.07147803194249308	false	1.0
motherfucker	off 1.0	off 1.0	off 0.6961185906317161 neg 0.2699477005797739 __DUMMY__ 0.03393370878851001	false	1.0
pikiert	neg 1.0		neg 0.5095114406678574 off 0.4197124928790529 __DUMMY__ 0.07077606645308974	false	1.0
wrack	neg 1.0		neg 0.5138865270046176 off 0.414764554004549 __DUMMY__ 0.07134891899083345	false	1.0
gangster	neg 1.0		neg 0.5092847526639347 off 0.419636931730392 __DUMMY__ 0.0710783156056733	false	1.0
krank	neg 1.0		neg 0.5043387840477014 off 0.42427870117743516 __DUMMY__ 0.07138251477486346	false	1.0
reich	neg 1.0		neg 0.5119000555250203 off 0.41806713025311687 __DUMMY__ 0.07003281422186292	false	1.0
gnadenlos	neg 1.0		neg 0.5118424757166341 off 0.41701981879480515 __DUMMY__ 0.07113770548856077	false	1.0
niedergeschlagen	neg 1.0		neg 0.51307684695069 off 0.41550786164574816 __DUMMY__ 0.07141529140356179	false	1.0
terrorisieren	off 1.0	off 1.0	off 0.6898600538934806 neg 0.2759601249054034 __DUMMY__ 0.03417982120111601	false	1.0
sinnlosigkeit	neg 1.0		neg 0.5162810706522437 off 0.412714045928125 __DUMMY__ 0.0710048834196315	false	1.0
behindern	neg 1.0		neg 0.5112693173112188 off 0.41729365515369854 __DUMMY__ 0.0714370275350825	false	1.0
undemokratisch	neg 1.0		neg 0.5147340504139886 off 0.4148271402026108 __DUMMY__ 0.07043880938340052	false	1.0
wirtschaftskrise	neg 1.0		neg 0.5168702417959102 off 0.4123354523394599 __DUMMY__ 0.07079430586462994	false	1.0
neid	neg 1.0		neg 0.5074572516681716 off 0.4211663137345264 __DUMMY__ 0.07137643459730209	false	1.0
rutschen	neg 1.0		neg 0.5147563834074591 off 0.41285027688705844 __DUMMY__ 0.0723933397054824	false	1.0
rezession	neg 1.0		neg 0.5052935785163011 off 0.4243495266249615 __DUMMY__ 0.07035689485873735	false	1.0
fehlgeburt	neg 1.0		neg 0.5130786059737096 off 0.4159838069331247 __DUMMY__ 0.07093758709316567	false	1.0
charakterschwach	off 1.0		neg 0.5081029728251166 off 0.4211080501239611 __DUMMY__ 0.0707889770509223	false	0.5
isolation	neg 1.0		neg 0.5068925346344552 off 0.42202831527384843 __DUMMY__ 0.07107915009169655	false	1.0
ablenkung	neg 1.0		neg 0.5111416321401215 off 0.4174465193332732 __DUMMY__ 0.0714118485266052	false	1.0
pech	neg 1.0		neg 0.5080883491683543 off 0.4206032632396903 __DUMMY__ 0.07130838759195542	false	1.0
vermeidung	neg 1.0		neg 0.5038208883935756 off 0.42491934205341536 __DUMMY__ 0.07125976955300893	false	1.0
dominieren	neg 1.0		neg 0.5136247833643955 off 0.41515797688685874 __DUMMY__ 0.07121723974874566	false	1.0
schwindlig	neg 1.0		neg 0.5069802417408318 off 0.421423616941053 __DUMMY__ 0.07159614131811519	false	1.0
lutscher	neg 1.0		neg 0.4999417082164273 off 0.4296949218906137 __DUMMY__ 0.070363369892959	false	1.0
pflicht	neg 1.0		neg 0.5185903766850412 off 0.41023553078500513 __DUMMY__ 0.07117409252995377	false	1.0
faschist	off 1.0		neg 0.5147379585640877 off 0.415010669421912 __DUMMY__ 0.07025137201400021	false	0.5
verschleudern	neg 1.0		neg 0.5170888437313281 off 0.41203064278079293 __DUMMY__ 0.07088051348787902	false	1.0
wenn			neg 0.5085968238521138 off 0.4203138041105723 __DUMMY__ 0.07108937203731383	false	0.0
ehebruch	neg 1.0		neg 0.5181519239226061 off 0.41102732495000227 __DUMMY__ 0.07082075112739152	false	1.0
spott	off 1.0		neg 0.5182627097997292 off 0.4108106821047051 __DUMMY__ 0.07092660809556556	false	0.5
trostlosigkeit	neg 1.0		neg 0.5210272428941245 off 0.4082958982844389 __DUMMY__ 0.0706768588214366	false	1.0
lutschen	neg 1.0		neg 0.5090471320022972 off 0.4201855551619245 __DUMMY__ 0.07076731283577828	false	1.0
undiszipliniert	neg 1.0		neg 0.5049718637336603 off 0.4240147453033819 __DUMMY__ 0.07101339096295765	false	1.0
kopfschmerz	neg 1.0		neg 0.5117141458150327 off 0.4168625862986205 __DUMMY__ 0.07142326788634677	false	1.0
unvorhergesehen	neg 1.0		neg 0.5101332239883601 off 0.4178667909579296 __DUMMY__ 0.07199998505371037	false	1.0
desinteressiert	neg 1.0		neg 0.5063955961213963 off 0.42277703463424976 __DUMMY__ 0.07082736924435401	false	1.0
armselig	off 1.0		neg 0.5060923800302808 off 0.4232335121530321 __DUMMY__ 0.07067410781668713	false	0.5
desaster	neg 1.0		neg 0.5216270594395569 off 0.4074596586820155 __DUMMY__ 0.07091328187842741	false	1.0
tod	neg 1.0		neg 0.5194333844061356 off 0.40995748162945106 __DUMMY__ 0.07060913396441325	false	1.0
herzlos	neg 1.0		neg 0.5037800246324177 off 0.42525245458421923 __DUMMY__ 0.07096752078336316	false	1.0
unwissenheit	neg 1.0		neg 0.5169162436755912 off 0.41219111324153945 __DUMMY__ 0.07089264308286934	false	1.0
widersinnig	neg 1.0		neg 0.5177921406334395 off 0.41174555078298697 __DUMMY__ 0.07046230858357362	false	1.0
bedenklich	neg 1.0		neg 0.5171819223801295 off 0.41164787039293116 __DUMMY__ 0.07117020722693942	false	1.0
beanstanden	neg 1.0		neg 0.5185531485502676 off 0.41019856140644567 __DUMMY__ 0.0712482900432868	false	1.0
panisch	neg 1.0	neg 1.0	neg 0.7406084857823085 off 0.22486426856745395 __DUMMY__ 0.034527245650237494	false	1.0
debil	off 1.0		neg 0.5204986591789099 off 0.40805206786069576 __DUMMY__ 0.07144927296039441	false	0.5
abstrich	neg 1.0		neg 0.5076698330642875 off 0.42041927704483467 __DUMMY__ 0.07191088989087785	false	1.0
primitiv	neg 1.0		neg 0.5074960689383962 off 0.4217619600756073 __DUMMY__ 0.07074197098599652	false	1.0
abschaum	off 1.0	off 1.0	off 0.6938572139160555 neg 0.2722684541682812 __DUMMY__ 0.03387433191566338	false	1.0
provozieren	neg 1.0		neg 0.5139793763062785 off 0.4151436808088553 __DUMMY__ 0.0708769428848663	false	1.0
tot	neg 1.0		neg 0.5148472230152958 off 0.4142290844074467 __DUMMY__ 0.07092369257725734	false	1.0
instabil	neg 1.0		neg 0.5050741550455992 off 0.42436995095145413 __DUMMY__ 0.07055589400294658	false	1.0
schwuchtel	off 1.0		neg 0.49679361454897647 off 0.43338681241171156 __DUMMY__ 0.06981957303931192	false	0.5
zerren	neg 1.0		neg 0.5135274388775618 off 0.41509628592754305 __DUMMY__ 0.07137627519489526	false	1.0
kinderficker	off 1.0		neg 0.5054517189494391 off 0.4242317739486923 __DUMMY__ 0.07031650710186857	false	0.5
gefahr	neg 1.0		neg 0.5174963988673131 off 0.4115235899841163 __DUMMY__ 0.0709800111485706	false	1.0
rabiat	neg 1.0		neg 0.5129050666489455 off 0.41595918656315545 __DUMMY__ 0.07113574678789894	false	1.0
verlangsamung	neg 1.0		neg 0.5009505193934211 off 0.42863477496025404 __DUMMY__ 0.07041470564632506	false	1.0
ausgestorben	neg 1.0		neg 0.5138255717869313 off 0.41487537805379116 __DUMMY__ 0.07129905015927743	false	1.0
anklagen	neg 1.0		neg 0.5149272623068817 off 0.4142469277153163 __DUMMY__ 0.07082580997780215	false	1.0
trott	neg 1.0		neg 0.5115790950400144 off 0.4170739916629856 __DUMMY__ 0.07134691329699995	false	1.0
verminderung	neg 1.0		neg 0.5047564860548297 off 0.42431965685736683 __DUMMY__ 0.07092385708780334	false	1.0
nach			neg 0.5165074594592354 off 0.4113738628067288 __DUMMY__ 0.07211867773403582	false	0.0
rost	neg 1.0		neg 0.5009361622891702 off 0.4286683523012472 __DUMMY__ 0.07039548540958268	false	1.0
destruktiv	neg 1.0		neg 0.5159735162101201 off 0.4132615951875168 __DUMMY__ 0.07076488860236319	false	1.0
unzumutbarkeit	neg 1.0		neg 0.504095269896175 off 0.42471458992159167 __DUMMY__ 0.07119014018223323	false	1.0
labil	off 1.0	off 1.0	off 0.6949463304215482 neg 0.27109578930838124 __DUMMY__ 0.033957880270070566	false	1.0
ziemlich	neg 1.0		neg 0.5064832236565237 off 0.42242053579856825 __DUMMY__ 0.0710962405449082	false	1.0
lachnummer	off 1.0		neg 0.5157288509755076 off 0.41346283171626624 __DUMMY__ 0.07080831730822622	false	0.5
oder			neg 0.5107651365073677 off 0.41769781375539317 __DUMMY__ 0.07153704973723919	false	0.0
verfall	neg 1.0		neg 0.5214351259669118 off 0.4072069178265595 __DUMMY__ 0.07135795620652872	false	1.0
ausgrenzung	neg 1.0		neg 0.5138764962899744 off 0.41567869464937707 __DUMMY__ 0.07044480906064847	false	1.0
unordnung	neg 1.0		neg 0.5051512488047458 off 0.4244206500873143 __DUMMY__ 0.07042810110793996	false	1.0
fehlverhalten	neg 1.0		neg 0.5185937883134367 off 0.4104758765837561 __DUMMY__ 0.07093033510280705	false	1.0
eine			neg 0.5170429670902934 off 0.41139236185945066 __DUMMY__ 0.07156467105025592	false	0.0
nille	neg 1.0		neg 0.5145570918082175 off 0.41468971477665556 __DUMMY__ 0.07075319341512686	false	1.0
qual	neg 1.0		neg 0.5119349359043766 off 0.4167645588744421 __DUMMY__ 0.0713005052211814	false	1.0
verschwenden	neg 1.0		neg 0.5161020782572805 off 0.4125704884883181 __DUMMY__ 0.07132743325440143	false	1.0
riesig	neg 1.0		neg 0.5120153370960562 off 0.41656681667115664 __DUMMY__ 0.07141784623278714	false	1.0
verurteilen	neg 1.0		neg 0.5173719701160603 off 0.4118548075498155 __DUMMY__ 0.07077322233412425	false	1.0
klischee	neg 1.0	neg 1.0	neg 0.7428654813533628 off 0.22318389626582627 __DUMMY__ 0.03395062238081104	false	1.0
diktatorisch	neg 1.0		neg 0.5160393276538453 off 0.41373526414158995 __DUMMY__ 0.0702254082045648	false	1.0
vorhersehbar	neg 1.0		neg 0.5120933860726903 off 0.4170882994733714 __DUMMY__ 0.07081831445393837	false	1.0
sowie			neg 0.5034530918031423 off 0.42622721014274734 __DUMMY__ 0.07031969805411037	false	0.0
stornieren	neg 1.0		neg 0.5077173641394794 off 0.42083365664212063 __DUMMY__ 0.0714489792184	false	1.0
besteuerung	neg 1.0		neg 0.5112830241959857 off 0.4176753132869238 __DUMMY__ 0.07104166251709046	false	1.0
ungeschminkt	neg 1.0		neg 0.5057720785725067 off 0.4231852357904989 __DUMMY__ 0.07104268563699445	false	1.0
kritisch	neg 1.0		neg 0.5178853382109075 off 0.41113574032390804 __DUMMY__ 0.07097892146518452	false	1.0
schlamperei	off 1.0		neg 0.5173382642608945 off 0.4117345205253591 __DUMMY__ 0.07092721521374651	false	0.5
sucht	neg 1.0	neg 1.0	neg 0.7400906014824766 off 0.22541260005021121 __DUMMY__ 0.034496798467312184	false	1.0
egoistisch	off 1.0		neg 0.5024665917838926 off 0.4268527728848179 __DUMMY__ 0.07068063533128957	false	0.5
ausbeuter	off 1.0		neg 0.5193566809733164 off 0.4097841862115737 __DUMMY__ 0.07085913281510982	false	0.5
arschgeburt	off 1.0		neg 0.49692601603979275 off 0.4332480332701777 __DUMMY__ 0.06982595069002953	false	0.5
schubs	neg 1.0	neg 1.0	neg 0.7433897270291991 off 0.222103235913155 __DUMMY__ 0.03450703705764588	false	1.0
unsolide	neg 1.0		neg 0.5131013383761207 off 0.4168880282142846 __DUMMY__ 0.0700106334095945	false	1.0
beschwerde	neg 1.0		neg 0.516015871537097 off 0.41299582508198235 __DUMMY__ 0.07098830338092073	false	1.0
stocken	neg 1.0		neg 0.5149019885480199 off 0.41379828939627783 __DUMMY__ 0.0712997220557023	false	1.0
isolieren	neg 1.0		neg 0.511015501380782 off 0.41740957262214534 __DUMMY__ 0.07157492599707271	false	1.0
unheilbar	neg 1.0		neg 0.512847557383748 off 0.41614223319712274 __DUMMY__ 0.07101020941912924	false	1.0
pisser	off 1.0		neg 0.5053327656196368 off 0.4241245452639308 __DUMMY__ 0.07054268911643234	false	0.5
löschen	neg 1.0		neg 0.5116216245187301 off 0.4173056977794652 __DUMMY__ 0.07107267770180466	false	1.0
durchfallen	neg 1.0		neg 0.5162309053921369 off 0.41255013118697115 __DUMMY__ 0.07121896342089204	false	1.0
wichser	off 1.0		neg 0.49838353613189645 off 0.4312035041856468 __DUMMY__ 0.07041295968245688	false	0.5
terror	neg 1.0		neg 0.5067253920111225 off 0.42189172139005293 __DUMMY__ 0.07138288659882447	false	1.0
krass	neg 1.0		neg 0.5033353991374878 off 0.4257436554133216 __DUMMY__ 0.07092094544919063	false	1.0
revolte	neg 1.0	neg 1.0	neg 0.7447207775401228 off 0.22169508540458574 __DUMMY__ 0.03358413705529139	false	1.0
besorgt	neg 1.0		neg 0.5117843167754309 off 0.4165182678727707 __DUMMY__ 0.0716974153517985	false	1.0
nachlassen	neg 1.0		neg 0.5122817755496304 off 0.4160863387977746 __DUMMY__ 0.07163188565259491	false	1.0
alt	neg 1.0		neg 0.5138738955074487 off 0.4143946754596397 __DUMMY__ 0.07173142903291169	false	1.0
hundesohn	off 1.0		neg 0.5012704116442844 off 0.42868029559351983 __DUMMY__ 0.07004929276219575	false	0.5
als			neg 0.513987452900096 off 0.41455859368459375 __DUMMY__ 0.07145395341531041	false	0.0
abschreckung	neg 1.0		neg 0.519457131384317 off 0.40950035869441 __DUMMY__ 0.07104250992127303	false	1.0
unqualifiziert	neg 1.0		neg 0.5116791701221751 off 0.4174954909700406 __DUMMY__ 0.07082533890778434	false	1.0
abgewichst	off 1.0		neg 0.5141775083337307 off 0.4147824279594873 __DUMMY__ 0.07104006370678212	false	0.5
schwer	neg 1.0		neg 0.5123590486056567 off 0.41628406485671804 __DUMMY__ 0.07135688653762516	false	1.0
bedeutungslosigkeit	neg 1.0		neg 0.5191618695285672 off 0.40987418828914657 __DUMMY__ 0.07096394218228631	false	1.0
kapitulation	neg 1.0		neg 0.5195122099542666 off 0.41005342502649944 __DUMMY__ 0.07043436501923388	false	1.0
unscharf	neg 1.0		neg 0.5082210297651093 off 0.42051884409968576 __DUMMY__ 0.07126012613520487	false	1.0
schwinden	neg 1.0		neg 0.5165282931697827 off 0.4121355005042615 __DUMMY__ 0.07133620632595597	false	1.0
versklavung	neg 1.0	neg 1.0	neg 0.7449521220828662 off 0.22125653095203776 __DUMMY__ 0.033791346965096156	false	1.0
schlecht	neg 1.0		neg 0.5058422704487049 off 0.4230105464793815 __DUMMY__ 0.0711471830719137	false	1.0
verhasst	neg 1.0		neg 0.5143349355834409 off 0.4148665135874946 __DUMMY__ 0.07079855082906458	false	1.0
beschweren	neg 1.0		neg 0.5103876639979533 off 0.4183523705849276 __DUMMY__ 0.07125996541711895	false	1.0
scheiden	neg 1.0		neg 0.5133005942760518 off 0.41552863116934025 __DUMMY__ 0.07117077455460791	false	1.0
frustriert	neg 1.0		neg 0.5138759152198484 off 0.4148403887448738 __DUMMY__ 0.07128369603527783	false	1.0
schimmelig	neg 1.0		neg 0.5145068191447597 off 0.4140882109921158 __DUMMY__ 0.07140496986312464	false	1.0
fisch	neg 1.0		neg 0.5145661967096352 off 0.4140855419823045 __DUMMY__ 0.07134826130806028	false	1.0
schmuggel	neg 1.0		neg 0.5160945813844825 off 0.41238138331432833 __DUMMY__ 0.07152403530118927	false	1.0
auffallen	neg 1.0		neg 0.5100931704401963 off 0.418706338713011 __DUMMY__ 0.07120049084679277	false	1.0
konkurrenz	neg 1.0		neg 0.517297445081425 off 0.41121103739117965 __DUMMY__ 0.07149151752739531	false	1.0
teufelskreis	neg 1.0		neg 0.514527072020482 off 0.41436713580720885 __DUMMY__ 0.07110579217230917	false	1.0
aufschreien	neg 1.0		neg 0.5119232981954364 off 0.4172017039488095 __DUMMY__ 0.07087499785575425	false	1.0
schuldner	neg 1.0		neg 0.5178294273981584 off 0.4112116889252188 __DUMMY__ 0.07095888367662286	false	1.0
missgeburt	off 1.0	off 1.0	off 0.6977738662628351 neg 0.26848387878699825 __DUMMY__ 0.03374225495016655	false	1.0
arbeitslos	neg 1.0		neg 0.5161102840530903 off 0.4128468489719779 __DUMMY__ 0.07104286697493187	false	1.0
befallen	neg 1.0		neg 0.518809412874849 off 0.4107212945540069 __DUMMY__ 0.0704692925711441	false	1.0
miesepetrig	off 1.0		neg 0.505294669841314 off 0.423413224809563 __DUMMY__ 0.07129210534912285	false	0.5
alarmieren	neg 1.0		neg 0.5091090769150839 off 0.4202047146106307 __DUMMY__ 0.07068620847428533	false	1.0
ungeduscht	off 1.0		neg 0.5079261142790906 off 0.4207777834031307 __DUMMY__ 0.07129610231777848	false	0.5
knappheit	neg 1.0		neg 0.5143493451976842 off 0.4144345303612134 __DUMMY__ 0.07121612444110251	false	1.0
schlange	neg 1.0		neg 0.5092754648567184 off 0.4192332739720765 __DUMMY__ 0.07149126117120513	false	1.0
harsch	neg 1.0		neg 0.49905780660957494 off 0.4298973266449765 __DUMMY__ 0.07104486674544862	false	1.0
lang	neg 1.0		neg 0.5107390081953311 off 0.41804840348067557 __DUMMY__ 0.07121258832399331	false	1.0
ziellos	neg 1.0		neg 0.5148572157482169 off 0.41376245458073463 __DUMMY__ 0.07138032967104853	false	1.0
selbstverliebt	neg 1.0		neg 0.49948115831423245 off 0.4305631073890851 __DUMMY__ 0.06995573429668252	false	1.0
beseitigen	neg 1.0		neg 0.5094562488278498 off 0.4190596783705992 __DUMMY__ 0.07148407280155109	false	1.0
dumm	off 1.0		neg 0.5023040904680248 off 0.42714839363085444 __DUMMY__ 0.07054751590112072	false	0.5
arbeitsloser	neg 1.0		neg 0.5170106812860266 off 0.41192800210701813 __DUMMY__ 0.0710613166069554	false	1.0
blitzen	neg 1.0		neg 0.5090075195088827 off 0.42000881274056456 __DUMMY__ 0.07098366775055265	false	1.0
hilflos	neg 1.0		neg 0.5143675998407696 off 0.41435321060659625 __DUMMY__ 0.0712791895526341	false	1.0
eklig	off 1.0		neg 0.501235420700348 off 0.4282499666925373 __DUMMY__ 0.07051461260711463	false	0.5
begriff			neg 0.5147651597729164 off 0.41412139172581347 __DUMMY__ 0.07111344850127009	false	0.0
hungersnot	neg 1.0		neg 0.51730861481006 off 0.4123612545224204 __DUMMY__ 0.07033013066751964	false	1.0
ungesetzlich	neg 1.0		neg 0.5137604826597342 off 0.4158768186543641 __DUMMY__ 0.07036269868590161	false	1.0
verschwendung	neg 1.0		neg 0.5174054893933502 off 0.4113054288106413 __DUMMY__ 0.07128908179600844	false	1.0
schmerzvoll	neg 1.0		neg 0.5103067935129548 off 0.4184196864878621 __DUMMY__ 0.07127351999918294	false	1.0
vorzeitig	neg 1.0		neg 0.5067613359709693 off 0.4222318221964334 __DUMMY__ 0.07100684183259741	false	1.0
unvollkommenheit	neg 1.0		neg 0.5123899181204512 off 0.4164712552080214 __DUMMY__ 0.07113882667152747	false	1.0
intervenieren	neg 1.0		neg 0.5193563689346139 off 0.40987345686476295 __DUMMY__ 0.07077017420062318	false	1.0
banause	off 1.0		neg 0.5001892431051301 off 0.42942693095756457 __DUMMY__ 0.07038382593730531	false	0.5
rebell	neg 1.0		neg 0.5166230878352325 off 0.41182754298797286 __DUMMY__ 0.07154936917679468	false	1.0
unlogisch	neg 1.0		neg 0.5055339372641843 off 0.4237429298594596 __DUMMY__ 0.07072313287635627	false	1.0
leiden	neg 1.0	neg 1.0	neg 0.7433806241704124 off 0.22179132664634615 __DUMMY__ 0.034828049183241575	false	1.0
abschaffung	neg 1.0		neg 0.51326362612467 off 0.4159544336872776 __DUMMY__ 0.0707819401880524	false	1.0
sturz	neg 1.0		neg 0.5130253146283292 off 0.41627581362861893 __DUMMY__ 0.07069887174305176	false	1.0
verkleinerung	neg 1.0		neg 0.51077051877866 off 0.4186819048474619 __DUMMY__ 0.07054757637387819	false	1.0
schmarotzer	off 1.0		neg 0.5176887182093776 off 0.4114604915423627 __DUMMY__ 0.0708507902482597	false	0.5
bestrafung	neg 1.0		neg 0.5126874628657418 off 0.4163837466593488 __DUMMY__ 0.07092879047490937	false	1.0
achtlos	neg 1.0		neg 0.512075161344585 off 0.4165109860556077 __DUMMY__ 0.07141385259980725	false	1.0
ungeheuer	neg 1.0		neg 0.5109736661488065 off 0.41804858602174866 __DUMMY__ 0.07097774782944487	false	1.0
unaufrichtig	neg 1.0		neg 0.5122539122549843 off 0.4172146518431322 __DUMMY__ 0.07053143590188328	false	1.0
groggy	neg 1.0		neg 0.5095736335560664 off 0.41949583180046185 __DUMMY__ 0.07093053464347182	false	1.0
verletzlich	neg 1.0		neg 0.5069155509116 off 0.4221821027189932 __DUMMY__ 0.07090234636940693	false	1.0
ablehnen	neg 1.0		neg 0.5168836050269962 off 0.4122120340149353 __DUMMY__ 0.07090436095806854	false	1.0
kollaps	neg 1.0		neg 0.5143546702148554 off 0.4149344808805091 __DUMMY__ 0.07071084890463535	false	1.0
