unsolidarisch	neg 1.0		__DUMMY__ 0.8863327768820009 neg 0.065134648055738 off 0.048532575062261246	false	1.0
nachteilig	neg 1.0		__DUMMY__ 0.8955210011409412 neg 0.059156669699220045 off 0.04532232915983879	false	1.0
skeptisch	neg 1.0		__DUMMY__ 0.8965321764613498 neg 0.06048662978500485 off 0.04298119375364544	false	1.0
schrecklich	neg 1.0		__DUMMY__ 0.8918440643842664 off 0.054079775499582684 neg 0.05407616011615081	false	0.5
schlapp	neg 1.0		__DUMMY__ 0.8969640834116812 neg 0.05287945860191813 off 0.05015645798640062	false	1.0
abfall	neg 1.0		__DUMMY__ 0.8976935232709344 neg 0.06068458998970122 off 0.04162188673936431	false	1.0
widerspenstig	neg 1.0		__DUMMY__ 0.8979472352200673 neg 0.05553584249620966 off 0.04651692228372307	false	1.0
abrupt	neg 1.0		__DUMMY__ 0.9002526661215372 neg 0.05427251034678637 off 0.04547482353167645	false	1.0
unwirksam	neg 1.0		__DUMMY__ 0.8900711947782972 neg 0.0617583177619665 off 0.048170487459736365	false	1.0
angreifen	neg 1.0		__DUMMY__ 0.8941850666544034 neg 0.06149275047701546 off 0.04432218286858103	false	1.0
inkonsistent	neg 1.0		__DUMMY__ 0.8942362843909952 neg 0.056790913496176695 off 0.048972802112828	false	1.0
abrutschen	neg 1.0		__DUMMY__ 0.8982052135697772 neg 0.060126907248330246 off 0.04166787918189262	false	1.0
unsicher	neg 1.0		__DUMMY__ 0.8962198264972623 neg 0.05671694630081899 off 0.04706322720191879	false	1.0
bauernkind	off 1.0		__DUMMY__ 0.8876824111441358 off 0.056860254913199154 neg 0.05545733394266514	false	1.0
angreifer	neg 1.0		__DUMMY__ 0.8913952829976882 neg 0.058463362621137605 off 0.050141354381174195	false	1.0
trennen	neg 1.0		__DUMMY__ 0.9000168310989495 neg 0.05679574651011211 off 0.04318742239093838	false	1.0
schmutz	neg 1.0		__DUMMY__ 0.9006949561791803 off 0.05096690766836794 neg 0.04833813615245188	false	0.5
inkonsistenz	neg 1.0	neg 1.0	neg 0.5146925082942317 __DUMMY__ 0.44740073250331885 off 0.03790675920244944	false	1.0
erschreckend	neg 1.0		__DUMMY__ 0.8939813932490465 neg 0.05971248241202738 off 0.046306124338926107	false	1.0
ertrinken	neg 1.0		__DUMMY__ 0.8974521299716163 neg 0.05820655829481567 off 0.04434131173356813	false	1.0
pickelface	off 1.0		__DUMMY__ 0.8924671025870368 neg 0.059388140201128675 off 0.04814475721183449	false	0.5
seiner			__DUMMY__ 0.8956656855383638 neg 0.06037651598001148 off 0.04395779848162478	false	0.0
lauch	neg 1.0		__DUMMY__ 0.897674238595309 neg 0.059799458675497436 off 0.042526302729193485	false	1.0
unwichtig	neg 1.0		__DUMMY__ 0.8934392703241114 neg 0.055745689857124615 off 0.05081503981876399	false	1.0
steuerhinterziehung	neg 1.0		__DUMMY__ 0.8902956384838232 neg 0.06249642380137578 off 0.04720793771480104	false	1.0
schock	neg 1.0		__DUMMY__ 0.8992699849434356 neg 0.0552735327501705 off 0.04545648230639394	false	1.0
beule	neg 1.0		__DUMMY__ 0.8963886292840232 neg 0.052445535223749604 off 0.051165835492227266	false	1.0
vergelten	neg 1.0		__DUMMY__ 0.8893191770928646 off 0.05567235850605359 neg 0.05500846440108184	false	0.5
verdorbenheit	neg 1.0		__DUMMY__ 0.8979355371857722 neg 0.05430711394688105 off 0.04775734886734677	false	1.0
trauma	neg 1.0		__DUMMY__ 0.8941063726992207 neg 0.05722072523322767 off 0.04867290206755162	false	1.0
sinnlos	neg 1.0		__DUMMY__ 0.8942710695344872 neg 0.05683468015785214 off 0.04889425030766063	false	1.0
fettsack	off 1.0	off 1.0	off 0.5124061284194121 __DUMMY__ 0.44639282631292204 neg 0.041201045267665895	false	1.0
feige	off 1.0		__DUMMY__ 0.8905329715275644 neg 0.05882986928267038 off 0.05063715918976525	false	0.5
abdanken	neg 1.0		__DUMMY__ 0.8870624531065627 neg 0.06533743873745924 off 0.047600108155978	false	1.0
wichtigtuer	off 1.0	off 1.0	off 0.5070538719003768 __DUMMY__ 0.44725883650033166 neg 0.045687291599291587	false	1.0
misslingen	neg 1.0		__DUMMY__ 0.8974179526643783 neg 0.05413475347514578 off 0.048447293860475964	false	1.0
untreu	off 1.0		__DUMMY__ 0.8929894912673315 neg 0.05565142234024729 off 0.05135908639242131	false	0.5
missmutig	neg 1.0		__DUMMY__ 0.8955537416206315 neg 0.05451015169641329 off 0.049936106682955186	false	1.0
hurenbock	off 1.0		__DUMMY__ 0.8993658655100851 neg 0.05289354049080317 off 0.047740593999111715	false	0.5
betrunken	neg 1.0		__DUMMY__ 0.8946962800178664 neg 0.053130866957372694 off 0.05217285302476096	false	1.0
korrupt	off 1.0		__DUMMY__ 0.889004819867646 neg 0.06476382451656852 off 0.046231355615785515	false	0.5
unmut	neg 1.0		__DUMMY__ 0.8957791141328495 neg 0.061779569820694706 off 0.04244131604645586	false	1.0
hackfresse	off 1.0		__DUMMY__ 0.8902892438165758 off 0.05681857770530855 neg 0.052892178478115705	false	1.0
aufblasen	neg 1.0		__DUMMY__ 0.8973261715499379 neg 0.05477189192937432 off 0.0479019365206879	false	1.0
gewaltsam	neg 1.0		__DUMMY__ 0.8909293315569142 neg 0.06058893526421154 off 0.0484817331788741	false	1.0
unbeliebtheit	neg 1.0		__DUMMY__ 0.8847636264398739 neg 0.06190183049819381 off 0.05333454306193223	false	1.0
sturheit	neg 1.0		__DUMMY__ 0.8916360175323332 neg 0.06168606888071972 off 0.04667791358694704	false	1.0
kuh	neg 1.0		__DUMMY__ 0.8944069753540183 neg 0.0574083914856591 off 0.048184633160322614	false	1.0
erschrecken	neg 1.0		__DUMMY__ 0.8949102903296777 neg 0.055299767154071804 off 0.049789942516250525	false	1.0
opfer	neg 1.0	neg 1.0	neg 0.5163725775154564 __DUMMY__ 0.4498654650080208 off 0.03376195747652275	false	1.0
sinken	neg 1.0		__DUMMY__ 0.8965422423402163 neg 0.06066805081270382 off 0.042789706847079854	false	1.0
stinktier	neg 1.0		__DUMMY__ 0.8906217633307683 neg 0.054970286827130864 off 0.0544079498421009	false	1.0
tucke	off 1.0		__DUMMY__ 0.8923864350733934 off 0.056915402686441526 neg 0.05069816224016501	false	1.0
ein			__DUMMY__ 0.8997255323134132 neg 0.05319255682614744 off 0.04708191086043936	false	0.0
abstieg	neg 1.0		__DUMMY__ 0.8923448773459454 neg 0.06145937528954251 off 0.046195747364512124	false	1.0
missverstehen	neg 1.0		__DUMMY__ 0.8915028027542216 neg 0.05951622226310577 off 0.048980974982672634	false	1.0
ergebnislos	neg 1.0		__DUMMY__ 0.8937343331420151 neg 0.060513030925256846 off 0.04575263593272814	false	1.0
unter			__DUMMY__ 0.9043595317973626 neg 0.05727227219483172 off 0.038368196007805756	false	0.0
manipulieren	neg 1.0		__DUMMY__ 0.8951884806137382 neg 0.0606635531534709 off 0.044147966232790783	false	1.0
unbewiesen	neg 1.0		__DUMMY__ 0.8869489386261833 neg 0.06464425801433367 off 0.048406803359483074	false	1.0
verschleppen	neg 1.0		__DUMMY__ 0.8929932052733641 neg 0.06139210080246324 off 0.04561469392417259	false	1.0
weib	off 1.0		__DUMMY__ 0.889458946346934 off 0.057875735171058644 neg 0.05266531848200739	false	1.0
opposition	neg 1.0		__DUMMY__ 0.8892762372095745 neg 0.061780461612265344 off 0.048943301178160155	false	1.0
verkehrswidrig	neg 1.0		__DUMMY__ 0.8943373071554677 off 0.05498685290284186 neg 0.05067583994169041	false	0.5
inkorrekt	neg 1.0		__DUMMY__ 0.8873960721089423 neg 0.06047483502668301 off 0.05212909286437466	false	1.0
vermeiden	neg 1.0		__DUMMY__ 0.902045208578567 neg 0.057550771265124694 off 0.04040402015630827	false	1.0
abweichung	neg 1.0		__DUMMY__ 0.8912839456050375 neg 0.0627529444425946 off 0.045963109952367846	false	1.0
alkoholisiert	neg 1.0		__DUMMY__ 0.8990185204544598 neg 0.0560729571074294 off 0.04490852243811063	false	1.0
scheiss	off 1.0	off 1.0	off 0.5092492716281634 __DUMMY__ 0.44995012803232376 neg 0.04080060033951296	false	1.0
herausforderung	neg 1.0		__DUMMY__ 0.902115759688647 neg 0.05288256341573038 off 0.04500167689562271	false	1.0
pervers	off 1.0		__DUMMY__ 0.8884718715450667 off 0.0601288843168904 neg 0.05139924413804295	false	1.0
wackelig	neg 1.0		__DUMMY__ 0.9014231079695111 neg 0.053872685639786734 off 0.04470420639070221	false	1.0
verwickeln	neg 1.0		__DUMMY__ 0.8928679695111927 neg 0.058403668675453886 off 0.0487283618133534	false	1.0
vorwand	neg 1.0		__DUMMY__ 0.8942947617359495 neg 0.06260507426308788 off 0.04310016400096273	false	1.0
muschi	off 1.0		__DUMMY__ 0.8918487569763417 neg 0.06033259193055427 off 0.04781865109310401	false	0.5
entmutigung	neg 1.0		__DUMMY__ 0.8837985529995748 neg 0.06590207173147697 off 0.050299375268948204	false	1.0
unangemessen	neg 1.0		__DUMMY__ 0.8914767650683507 neg 0.06279077566773957 off 0.045732459263909814	false	1.0
unstetig	neg 1.0		__DUMMY__ 0.8933430560928823 neg 0.05645172619630214 off 0.05020521771081548	false	1.0
entmutigen	neg 1.0		__DUMMY__ 0.8955835975862136 neg 0.05644570629701551 off 0.04797069611677081	false	1.0
schwanz	neg 1.0		__DUMMY__ 0.8952287923305007 neg 0.05907226542423617 off 0.04569894224526314	false	1.0
verbot	neg 1.0		__DUMMY__ 0.8903934261173166 neg 0.06298898309358808 off 0.04661759078909521	false	1.0
leid	neg 1.0		__DUMMY__ 0.8914339815189101 off 0.05530911681878544 neg 0.053256901662304394	false	0.5
archaisch	neg 1.0		__DUMMY__ 0.8921414703424669 neg 0.06184701183612957 off 0.04601151782140348	false	1.0
gegen			__DUMMY__ 0.8931224322849501 neg 0.06324373976953908 off 0.04363382794551068	false	0.0
scheidung	neg 1.0	neg 1.0	neg 0.5026469408485896 __DUMMY__ 0.44686591019147864 off 0.0504871489599317	false	1.0
einschlag	neg 1.0		__DUMMY__ 0.8900270299115712 neg 0.0549997600657368 off 0.054973210022691905	false	1.0
m			__DUMMY__ 0.8972739439818858 neg 0.05669511653362208 off 0.0460309394844922	false	0.0
abgestanden	neg 1.0		__DUMMY__ 0.8991260518141999 neg 0.054402367123501286 off 0.04647158106229873	false	1.0
schmierig	off 1.0		__DUMMY__ 0.8927682999549188 off 0.05434740590083337 neg 0.052884294144247765	false	1.0
unpraktisch	neg 1.0		__DUMMY__ 0.8983119792432532 neg 0.05398894007188669 off 0.047699080684860104	false	1.0
wixxer	off 1.0		__DUMMY__ 0.8868110042389671 off 0.06035634919820478 neg 0.0528326465628281	false	1.0
bezeichnet			__DUMMY__ 0.891953831632785 neg 0.06114973428785379 off 0.04689643407936125	false	0.0
jammerlappen	off 1.0		__DUMMY__ 0.8930745608169612 neg 0.05618948220702648 off 0.05073595697601237	false	0.5
farce	neg 1.0		__DUMMY__ 0.8867587519401995 neg 0.06614524824304119 off 0.04709599981675937	false	1.0
zwecklos	neg 1.0		__DUMMY__ 0.8927303943870091 neg 0.061894641963047774 off 0.04537496364994304	false	1.0
turbulent	neg 1.0		__DUMMY__ 0.8912714994767723 neg 0.05493714488568042 off 0.053791355637547264	false	1.0
invasion	neg 1.0		__DUMMY__ 0.8959382574645914 neg 0.05436521337434849 off 0.04969652916106005	false	1.0
schuld	neg 1.0		__DUMMY__ 0.8935785560740638 neg 0.05846858016431157 off 0.04795286376162474	false	1.0
risiko	neg 1.0		__DUMMY__ 0.8987409591685668 neg 0.05149459420047159 off 0.04976444663096163	false	1.0
finster	neg 1.0		__DUMMY__ 0.8990751804084726 neg 0.05414005529285077 off 0.04678476429867664	false	1.0
geisteskrank	off 1.0		__DUMMY__ 0.8887964226032697 neg 0.05883337534092348 off 0.05237020205580666	false	0.5
zusammenbrechen	neg 1.0		__DUMMY__ 0.8969906592085245 neg 0.0570121977685753 off 0.045997143022900144	false	1.0
ausbeute	neg 1.0		__DUMMY__ 0.8993052204609232 neg 0.056176776755048036 off 0.044518002784028746	false	1.0
hinterhalt	neg 1.0		__DUMMY__ 0.8937344164514315 neg 0.05828724359179612 off 0.04797833995677253	false	1.0
kritik	neg 1.0		__DUMMY__ 0.8883351313318104 neg 0.06463149839231792 off 0.04703337027587167	false	1.0
einschrumpfen	neg 1.0		__DUMMY__ 0.8889317388973541 neg 0.06033588492486767 off 0.050732376177778205	false	1.0
riskant	neg 1.0		__DUMMY__ 0.8959401673760533 neg 0.05978237368254282 off 0.04427745894140392	false	1.0
frustrieren	neg 1.0		__DUMMY__ 0.8949826338031843 neg 0.06074626926350084 off 0.044271096933314914	false	1.0
groll	neg 1.0		__DUMMY__ 0.8931301010316011 neg 0.06134142920253907 off 0.04552846976585991	false	1.0
gibt			__DUMMY__ 0.895288456399475 neg 0.058901874733522507 off 0.04580966886700254	false	0.0
qualvoll	neg 1.0		__DUMMY__ 0.8955089095166111 neg 0.05572572679507713 off 0.048765363688311636	false	1.0
wackeln	neg 1.0		__DUMMY__ 0.8988128262559495 neg 0.05379703413601727 off 0.047390139608033365	false	1.0
klagen	neg 1.0		__DUMMY__ 0.8940893505464873 neg 0.06281973424873176 off 0.043090915204780915	false	1.0
bankrott	neg 1.0		__DUMMY__ 0.8951461184428513 neg 0.05407042544527574 off 0.050783456111873064	false	1.0
trauern	neg 1.0		__DUMMY__ 0.8949853091460115 neg 0.06064178010564744 off 0.044372910748341085	false	1.0
ablehnung	neg 1.0	neg 1.0	neg 0.5185304333700438 __DUMMY__ 0.44593712086619036 off 0.035532445763765935	false	1.0
stur	neg 1.0		__DUMMY__ 0.8939624566385955 neg 0.05780796480344005 off 0.04822957855796443	false	1.0
aufruhr	neg 1.0		__DUMMY__ 0.8896329101190315 neg 0.06221238919975125 off 0.048154700681217244	false	1.0
melancholie	neg 1.0		__DUMMY__ 0.8994692994355298 neg 0.0557433446799386 off 0.0447873558845316	false	1.0
ist			__DUMMY__ 0.8937263972503741 neg 0.05795090837943105 off 0.04832269437019497	false	0.0
torheit	neg 1.0		__DUMMY__ 0.8869979274309266 neg 0.06419697187784876 off 0.04880510069122454	false	1.0
dreckskind	off 1.0		__DUMMY__ 0.8864766432381147 neg 0.05726404543072376 off 0.056259311331161584	false	0.5
umtauschen	neg 1.0		__DUMMY__ 0.8982355417244043 neg 0.055450029407800625 off 0.04631442886779507	false	1.0
zum			__DUMMY__ 0.9043663745710134 neg 0.055039767131806076 off 0.040593858297180485	false	0.0
zersetzen	neg 1.0		__DUMMY__ 0.894568532170393 neg 0.06177859302779867 off 0.04365287480180826	false	1.0
zur			__DUMMY__ 0.8973768662188709 neg 0.061633127574954406 off 0.040990006206174635	false	0.0
frust	neg 1.0		__DUMMY__ 0.8957375071638698 neg 0.05839916572275393 off 0.04586332711337621	false	1.0
unerbittlichkeit	neg 1.0		__DUMMY__ 0.8937864751174404 neg 0.06179963491263766 off 0.04441388996992196	false	1.0
zwei			__DUMMY__ 0.901641230304824 neg 0.05632519844760965 off 0.04203357124756629	false	0.0
unkorrekt	neg 1.0		__DUMMY__ 0.8880286744369998 neg 0.05946147472144091 off 0.0525098508415592	false	1.0
hexe	off 1.0		__DUMMY__ 0.8943265283171833 neg 0.054800976611593194 off 0.05087249507122349	false	0.5
lasch	neg 1.0		__DUMMY__ 0.890844610496985 neg 0.05920862316586517 off 0.049946766337149846	false	1.0
rivale	neg 1.0		__DUMMY__ 0.8909798757470495 neg 0.05453256362708485 off 0.054487560625865634	false	1.0
mutlos	off 1.0	off 1.0	off 0.5042726094761063 __DUMMY__ 0.4480216058191345 neg 0.04770578470475915	false	1.0
wirr	off 1.0		__DUMMY__ 0.8888844130977992 neg 0.057476286434032846 off 0.05363930046816802	false	0.5
jahr			__DUMMY__ 0.900917669005231 neg 0.055234917909014095 off 0.04384741308575497	false	0.0
wird			__DUMMY__ 0.8956222573168767 neg 0.059724730837531596 off 0.04465301184559171	false	0.0
strafbar	neg 1.0		__DUMMY__ 0.8914149251132921 neg 0.06380158232290743 off 0.04478349256380046	false	1.0
erosion	neg 1.0		__DUMMY__ 0.8966193343778439 neg 0.055070036257937306 off 0.048310629364218774	false	1.0
eingehen	neg 1.0		__DUMMY__ 0.8934711309797835 neg 0.061403079652101095 off 0.04512578936811538	false	1.0
faul	off 1.0		__DUMMY__ 0.8976259440515746 neg 0.05230758105679099 off 0.05006647489163441	false	0.5
provisorium	neg 1.0		__DUMMY__ 0.9023707965888449 neg 0.059699620494999474 off 0.03792958291615567	false	1.0
schmerzen	neg 1.0		__DUMMY__ 0.8973610394522104 neg 0.056933692778618435 off 0.045705267769171116	false	1.0
schrumpfen	neg 1.0		__DUMMY__ 0.8985215430011247 neg 0.06082589333793132 off 0.04065256366094389	false	1.0
geistlos	off 1.0		__DUMMY__ 0.886642542505139 neg 0.06325411642967525 off 0.050103341065185804	false	0.5
fehlkauf	neg 1.0		__DUMMY__ 0.891905561244527 neg 0.05841807814622107 off 0.049676360609251964	false	1.0
frustrierend	neg 1.0		__DUMMY__ 0.8949772740630935 neg 0.055172453917629774 off 0.049850272019276796	false	1.0
unzufrieden	neg 1.0		__DUMMY__ 0.8945669427611819 neg 0.060059639369978525 off 0.04537341786883961	false	1.0
verzweifeln	neg 1.0		__DUMMY__ 0.8959512366193365 neg 0.05742070164136604 off 0.046628061739297434	false	1.0
verzweifelt	neg 1.0		__DUMMY__ 0.8940225454167167 neg 0.05787738073429435 off 0.048100073848988956	false	1.0
misstrauensantrag	neg 1.0		__DUMMY__ 0.8916442204739948 neg 0.05879622364058152 off 0.049559555885423635	false	1.0
abfallen	neg 1.0		__DUMMY__ 0.8998892892666076 neg 0.052827538548153585 off 0.047283172185238746	false	1.0
fucker	off 1.0		__DUMMY__ 0.8901845451566841 neg 0.05609344561701184 off 0.05372200922630407	false	0.5
ungezogen	neg 1.0		__DUMMY__ 0.8905875787829975 off 0.0579740413262518 neg 0.05143837989075062	false	0.5
irrsinnig	neg 1.0	neg 1.0	neg 0.5151828692176286 __DUMMY__ 0.4485590938726487 off 0.03625803690972261	false	1.0
unfassbar	neg 1.0		__DUMMY__ 0.893032401561879 neg 0.05587633665286749 off 0.05109126178525345	false	1.0
hart	neg 1.0		__DUMMY__ 0.8925712568077186 neg 0.056327255968800886 off 0.0511014872234804	false	1.0
widerlich	off 1.0		__DUMMY__ 0.8909775354222822 neg 0.05712020998430596 off 0.051902254593411815	false	0.5
fatal	neg 1.0		__DUMMY__ 0.8927563412591105 neg 0.05761352188530813 off 0.049630136855581305	false	1.0
bruch	neg 1.0		__DUMMY__ 0.8924963556237653 neg 0.06470630702422184 off 0.042797337352012826	false	1.0
aushungern	neg 1.0		__DUMMY__ 0.8893095567082475 neg 0.06251966379139792 off 0.048170779500354644	false	1.0
anspannung	neg 1.0		__DUMMY__ 0.9000825347506138 neg 0.05829967513797505 off 0.04161779011141114	false	1.0
von			__DUMMY__ 0.9001993208390635 neg 0.05669571354833679 off 0.04310496561259974	false	0.0
kraftlos	neg 1.0		__DUMMY__ 0.9001591928278965 neg 0.05518996075413897 off 0.04465084641796461	false	1.0
vom			__DUMMY__ 0.9033099375034274 neg 0.057966053017539876 off 0.03872400947903277	false	0.0
grenzdebil	off 1.0		__DUMMY__ 0.8939650932644058 neg 0.054133125813205896 off 0.05190178092238843	false	0.5
vor			__DUMMY__ 0.8984738623342449 neg 0.05900087697548106 off 0.042525260690273986	false	0.0
unterwerfen	neg 1.0		__DUMMY__ 0.8932376902492233 neg 0.06193690403275341 off 0.04482540571802339	false	1.0
versenkung	neg 1.0		__DUMMY__ 0.8950706138383716 neg 0.06049382677309757 off 0.044435559388530846	false	1.0
entziehen	neg 1.0		__DUMMY__ 0.8948680194757163 neg 0.062462773994043416 off 0.0426692065302404	false	1.0
finanzkrise	neg 1.0		__DUMMY__ 0.8896222611069153 neg 0.06283313771641082 off 0.04754460117667375	false	1.0
schimpfend	neg 1.0		__DUMMY__ 0.9009105085227229 neg 0.051379621281960594 off 0.047709870195316514	false	1.0
profan	neg 1.0		__DUMMY__ 0.8943635258030941 neg 0.05687564871183524 off 0.04876082548507071	false	1.0
korruption	neg 1.0		__DUMMY__ 0.8898980449560437 neg 0.06388325295248563 off 0.04621870209147066	false	1.0
â			__DUMMY__ 0.8968027954856012 neg 0.05789106673313876 off 0.04530613778126019	false	0.0
schmutzig	neg 1.0		__DUMMY__ 0.8962437243546261 neg 0.05244000241202799 off 0.051316273233346026	false	1.0
sexy	neg 1.0		__DUMMY__ 0.893896874657008 neg 0.055522916296165035 off 0.050580209046827015	false	1.0
abraten	neg 1.0		__DUMMY__ 0.8961615301733898 neg 0.05589843311905255 off 0.047940036707557566	false	1.0
schwarz	neg 1.0		__DUMMY__ 0.893547466806593 neg 0.05757740182234547 off 0.04887513137106148	false	1.0
fotze	off 1.0		__DUMMY__ 0.8926972926966643 neg 0.061025069170915165 off 0.0462776381324205	false	0.5
verwirren	neg 1.0		__DUMMY__ 0.8940383367809269 neg 0.056470641215246656 off 0.04949102200382641	false	1.0
zahnlos	off 1.0		__DUMMY__ 0.8924360374801611 neg 0.061859348844694934 off 0.045704613675144	false	0.5
verheeren	neg 1.0		__DUMMY__ 0.8871060233275901 off 0.0601157990976698 neg 0.052778177574740015	false	0.5
hippie	neg 1.0		__DUMMY__ 0.8933441890882141 neg 0.05617666568065461 off 0.050479145231131235	false	1.0
rammen	neg 1.0		__DUMMY__ 0.8963034579452273 neg 0.05458483386464345 off 0.04911170819012927	false	1.0
unlauter	neg 1.0	neg 1.0	neg 0.5139731133789128 __DUMMY__ 0.4484970053382659 off 0.03752988128282139	false	1.0
unheilvoll	neg 1.0		__DUMMY__ 0.895995295808758 neg 0.0556576028479917 off 0.04834710134325017	false	1.0
niedrig	neg 1.0		__DUMMY__ 0.8962549800560284 neg 0.058672707533003715 off 0.04507231241096785	false	1.0
explosion	neg 1.0		__DUMMY__ 0.8952049813496976 neg 0.05488871994024987 off 0.049906298710052456	false	1.0
weichei	off 1.0		__DUMMY__ 0.8906179824269742 off 0.05584439695291486 neg 0.05353762062011096	false	1.0
minusmensch	off 1.0		__DUMMY__ 0.8832877740109928 off 0.06010807255696046 neg 0.056604153432046694	false	1.0
farblos	neg 1.0		__DUMMY__ 0.8948207560951397 neg 0.05751206606910459 off 0.04766717783575574	false	1.0
unwissend	neg 1.0	neg 1.0	neg 0.5135091335762367 __DUMMY__ 0.4477003487946233 off 0.03879051762914004	false	1.0
traurig	neg 1.0		__DUMMY__ 0.893543003558341 neg 0.05324044971263058 off 0.053216546729028376	false	1.0
senkung	neg 1.0		__DUMMY__ 0.8939329190275506 neg 0.05627418240061804 off 0.049792898571831376	false	1.0
ungleich	neg 1.0	neg 1.0	neg 0.5170986664296615 __DUMMY__ 0.44907197931172954 off 0.03382935425860891	false	1.0
heikel	neg 1.0		__DUMMY__ 0.8951679286015912 neg 0.061292730403379056 off 0.0435393409950297	false	1.0
drosselung	neg 1.0		__DUMMY__ 0.8944744283591807 off 0.053342953578118975 neg 0.052182618062700366	false	0.5
falsch	neg 1.0		__DUMMY__ 0.8937647883867345 neg 0.05598506247004912 off 0.05025014914321639	false	1.0
unzufriedenheit	neg 1.0		__DUMMY__ 0.8947081463817402 neg 0.061756709562425786 off 0.04353514405583397	false	1.0
kurz	neg 1.0		__DUMMY__ 0.8991805267770591 neg 0.055326008001250114 off 0.04549346522169083	false	1.0
unsinnig	neg 1.0		__DUMMY__ 0.8939460543518287 neg 0.06033988399757725 off 0.04571406165059404	false	1.0
penner	off 1.0	off 1.0	off 0.5134820948348466 __DUMMY__ 0.4468487355153577 neg 0.03966916964979571	false	1.0
seicht	neg 1.0		__DUMMY__ 0.8868550542054808 off 0.05820413836643915 neg 0.05494080742807999	false	0.5
dummheit	off 1.0	off 1.0	off 0.5074938571000747 __DUMMY__ 0.4473783963809756 neg 0.04512774651894971	false	1.0
unerfreulich	neg 1.0		__DUMMY__ 0.8970750185696416 neg 0.059969336017685004 off 0.04295564541267347	false	1.0
motherfucker	off 1.0	off 1.0	off 0.5108117718428618 __DUMMY__ 0.44692383213635606 neg 0.042264396020782254	false	1.0
pikiert	neg 1.0		__DUMMY__ 0.8912273095941462 neg 0.05791368917755763 off 0.05085900122829624	false	1.0
wrack	neg 1.0		__DUMMY__ 0.8966743292787799 neg 0.0581254839681005 off 0.0452001867531196	false	1.0
gangster	neg 1.0		__DUMMY__ 0.893646479382263 neg 0.05658701796055983 off 0.04976650265717708	false	1.0
krank	neg 1.0		__DUMMY__ 0.8963433313911544 neg 0.052100774558969325 off 0.0515558940498763	false	1.0
reich	neg 1.0		__DUMMY__ 0.8852680192194735 neg 0.06275335254652814 off 0.051978628233998334	false	1.0
gnadenlos	neg 1.0		__DUMMY__ 0.8940096670693848 neg 0.05793545472517273 off 0.0480548782054426	false	1.0
niedergeschlagen	neg 1.0		__DUMMY__ 0.8966031309287499 neg 0.0575217868438766 off 0.045875082227373555	false	1.0
terrorisieren	off 1.0	off 1.0	off 0.5038680379421876 __DUMMY__ 0.45000269470386883 neg 0.04612926735394355	false	1.0
sinnlosigkeit	neg 1.0		__DUMMY__ 0.8929755720275528 neg 0.06135731302840385 off 0.045667114944043324	false	1.0
behindern	neg 1.0		__DUMMY__ 0.8967902704855051 neg 0.05629280855857428 off 0.046916920955920635	false	1.0
undemokratisch	neg 1.0		__DUMMY__ 0.8886197864076619 neg 0.06231301186411296 off 0.0490672017282252	false	1.0
wirtschaftskrise	neg 1.0		__DUMMY__ 0.8916740365499142 neg 0.06231019360102674 off 0.046015769849059036	false	1.0
neid	neg 1.0		__DUMMY__ 0.8963743174008342 neg 0.0540629623109484 off 0.04956272028821742	false	1.0
rutschen	neg 1.0		__DUMMY__ 0.9048361120301103 neg 0.05454135168739553 off 0.0406225362824942	false	1.0
rezession	neg 1.0		__DUMMY__ 0.8877313756387049 neg 0.05698237178952163 off 0.05528625257177344	false	1.0
fehlgeburt	neg 1.0		__DUMMY__ 0.8932111657298885 neg 0.05943037106757422 off 0.04735846320253731	false	1.0
charakterschwach	off 1.0		__DUMMY__ 0.8914105184234704 neg 0.05674714530734242 off 0.051842336269187266	false	0.5
isolation	neg 1.0		__DUMMY__ 0.8936733566128032 neg 0.05504633649531591 off 0.05128030689188085	false	1.0
ablenkung	neg 1.0		__DUMMY__ 0.8963351020197474 neg 0.056392149005193355 off 0.047272748975059245	false	1.0
pech	neg 1.0		__DUMMY__ 0.8958783579415482 neg 0.054995830366654556 off 0.049125811691797125	false	1.0
vermeidung	neg 1.0		__DUMMY__ 0.8954598929309778 off 0.05236656796180501 neg 0.052173539107217226	false	0.5
dominieren	neg 1.0		__DUMMY__ 0.8951803242166214 neg 0.05849153296476369 off 0.04632814281861492	false	1.0
schwindlig	neg 1.0		__DUMMY__ 0.8982176504853545 neg 0.053012548083420936 off 0.04876980143122449	false	1.0
lutscher	neg 1.0		__DUMMY__ 0.8879432588162883 off 0.05856092314055441 neg 0.05349581804315732	false	0.5
pflicht	neg 1.0		__DUMMY__ 0.8944342176416574 neg 0.06200340486724662 off 0.04356237749109589	false	1.0
faschist	off 1.0		__DUMMY__ 0.8871091104297509 neg 0.06309986352005507 off 0.049791026050193955	false	0.5
verschleudern	neg 1.0		__DUMMY__ 0.8923035293349276 neg 0.06220251486479088 off 0.04549395580028145	false	1.0
wenn			__DUMMY__ 0.893604398758564 neg 0.056177734086862975 off 0.05021786715457293	false	0.0
ehebruch	neg 1.0		__DUMMY__ 0.8918313807295757 neg 0.06294750005863453 off 0.04522111921178983	false	1.0
spott	off 1.0		__DUMMY__ 0.8926865228332342 neg 0.0625812740657759 off 0.04473220310098983	false	0.5
trostlosigkeit	neg 1.0		__DUMMY__ 0.8903753973269514 neg 0.06581646686915814 off 0.04380813580389055	false	1.0
lutschen	neg 1.0		__DUMMY__ 0.891517354034066 neg 0.05740895570049977 off 0.0510736902654343	false	1.0
undiszipliniert	neg 1.0		__DUMMY__ 0.8932632831020682 neg 0.054006219520810646 off 0.052730497377121155	false	1.0
kopfschmerz	neg 1.0		__DUMMY__ 0.8967252998826367 neg 0.056911626110435716 off 0.04636307400692761	false	1.0
unvorhergesehen	neg 1.0		__DUMMY__ 0.9016862972513264 neg 0.0531381185288023 off 0.045175584219871286	false	1.0
desinteressiert	neg 1.0		__DUMMY__ 0.8915716510104679 neg 0.05574158990064053 off 0.05268675908889154	false	1.0
armselig	off 1.0		__DUMMY__ 0.8903026752352122 neg 0.05606500513502102 off 0.05363231962976673	false	0.5
desaster	neg 1.0		__DUMMY__ 0.8924173754108886 neg 0.06502585205676549 off 0.04255677253234587	false	1.0
tod	neg 1.0		__DUMMY__ 0.8901951965276513 neg 0.06519400666717394 off 0.04461079680517478	false	1.0
herzlos	neg 1.0		__DUMMY__ 0.8927865379346341 off 0.053856389630116575 neg 0.05335707243524938	false	0.5
unwissenheit	neg 1.0		__DUMMY__ 0.8922747099322403 neg 0.06199919144723503 off 0.045726098620524576	false	1.0
widersinnig	neg 1.0		__DUMMY__ 0.8886872844058586 neg 0.06433964672541344 off 0.046973068868727805	false	1.0
bedenklich	neg 1.0		__DUMMY__ 0.894469485970267 neg 0.06116056958490108 off 0.044369944444832	false	1.0
beanstanden	neg 1.0		__DUMMY__ 0.8952691200810446 neg 0.06153405972199857 off 0.04319682019695673	false	1.0
panisch	neg 1.0	neg 1.0	neg 0.5094138429637899 __DUMMY__ 0.45409078349061816 off 0.03649537354559201	false	1.0
debil	off 1.0		__DUMMY__ 0.8972162449930471 neg 0.06215260814289701 off 0.04063114686405601	false	0.5
abstrich	neg 1.0		__DUMMY__ 0.9019831720823202 neg 0.051593569440976934 off 0.04642325847670291	false	1.0
primitiv	neg 1.0		__DUMMY__ 0.8909129410434878 neg 0.05668748981968852 off 0.052399569136823594	false	1.0
abschaum	off 1.0	off 1.0	off 0.5090279913746416 __DUMMY__ 0.4463269043945254 neg 0.044645104230833024	false	1.0
provozieren	neg 1.0		__DUMMY__ 0.8919128030257862 neg 0.060412474000201194 off 0.04767472297401257	false	1.0
tot	neg 1.0		__DUMMY__ 0.8930131054253576 neg 0.06082431050784591 off 0.046162584066796464	false	1.0
instabil	neg 1.0		__DUMMY__ 0.889657270264944 neg 0.05581050298386268 off 0.054532226751193215	false	1.0
schwuchtel	off 1.0		__DUMMY__ 0.8832055776979237 off 0.06316543099337985 neg 0.05362899130869643	false	1.0
zerren	neg 1.0		__DUMMY__ 0.8960740857081522 neg 0.05802903452682388 off 0.04589687976502388	false	1.0
kinderficker	off 1.0		__DUMMY__ 0.8876727102008654 neg 0.05686292321814457 off 0.0554643665809901	false	0.5
gefahr	neg 1.0		__DUMMY__ 0.8931274664277303 neg 0.061853082382279184 off 0.0450194511899905	false	1.0
rabiat	neg 1.0		__DUMMY__ 0.8940898573457402 neg 0.05860771938877283 off 0.047302423265487004	false	1.0
verlangsamung	neg 1.0		__DUMMY__ 0.8884555138968535 off 0.05791392892647324 neg 0.05363055717667318	false	0.5
ausgestorben	neg 1.0		__DUMMY__ 0.8954542364879762 neg 0.058587642729740555 off 0.045958120782283236	false	1.0
anklagen	neg 1.0		__DUMMY__ 0.8920394222827862 neg 0.060725556833918906 off 0.04723502088329481	false	1.0
trott	neg 1.0		__DUMMY__ 0.895916642561444 neg 0.05696451784397064 off 0.04711883959458534	false	1.0
verminderung	neg 1.0		__DUMMY__ 0.8924795600104227 neg 0.05436528595591847 off 0.0531551540336588	false	1.0
nach			__DUMMY__ 0.9025485261279402 neg 0.05672468986478848 off 0.040726784007271255	false	0.0
rost	neg 1.0		__DUMMY__ 0.8885826475366223 off 0.057853705635129614 neg 0.05356364682824803	false	0.5
destruktiv	neg 1.0		__DUMMY__ 0.8911352699914167 neg 0.06205055492662435 off 0.046814175081958974	false	1.0
unzumutbarkeit	neg 1.0		__DUMMY__ 0.895111424360091 off 0.05253551235794623 neg 0.05235306328196286	false	0.5
labil	off 1.0	off 1.0	off 0.5096401865139294 __DUMMY__ 0.44720561699709016 neg 0.04315419648898041	false	1.0
ziemlich	neg 1.0		__DUMMY__ 0.8937121470205716 neg 0.054762437352335075 off 0.05152541562709334	false	1.0
lachnummer	off 1.0		__DUMMY__ 0.8914050776556873 neg 0.06167490050125865 off 0.046920021843054084	false	0.5
oder			__DUMMY__ 0.8974361640292101 neg 0.05574142597619179 off 0.046822409994598115	false	0.0
verfall	neg 1.0		__DUMMY__ 0.8963138733167116 neg 0.06294211599992171 off 0.04074401068336661	false	1.0
ausgrenzung	neg 1.0		__DUMMY__ 0.8887208933496981 neg 0.061700654518651574 off 0.04957845213165041	false	1.0
unordnung	neg 1.0		__DUMMY__ 0.888883651783923 neg 0.05633354496662427 off 0.05478280324945265	false	1.0
fehlverhalten	neg 1.0		__DUMMY__ 0.8925765410940105 neg 0.06286082380722485 off 0.04456263509876456	false	1.0
eine			__DUMMY__ 0.8976486697943044 neg 0.059600914143355756 off 0.04275041606233984	false	0.0
nille	neg 1.0		__DUMMY__ 0.8910435946803401 neg 0.06121490657205343 off 0.04774149874760642	false	1.0
qual	neg 1.0		__DUMMY__ 0.8955309663448069 neg 0.05735881402805387 off 0.047110219627139294	false	1.0
verschwenden	neg 1.0		__DUMMY__ 0.8956686645411219 neg 0.05999524144745444 off 0.04433609401142358	false	1.0
riesig	neg 1.0		__DUMMY__ 0.8971673426077765 neg 0.05646263471348834 off 0.04637002267873524	false	1.0
verurteilen	neg 1.0		__DUMMY__ 0.89137834348615 neg 0.06264172482207904 off 0.045979931691770934	false	1.0
klischee	neg 1.0	neg 1.0	neg 0.5149918045535344 __DUMMY__ 0.44703798929355887 off 0.03797020615290673	false	1.0
diktatorisch	neg 1.0		__DUMMY__ 0.8868344769761387 neg 0.06405654727089428 off 0.04910897575296703	false	1.0
vorhersehbar	neg 1.0		__DUMMY__ 0.891428130205864 neg 0.05943637722146584 off 0.049135492572670206	false	1.0
sowie			__DUMMY__ 0.8873999927911486 off 0.05667739461640664 neg 0.05592261259244484	false	0.0
stornieren	neg 1.0		__DUMMY__ 0.8972580227412487 neg 0.0536635159935883 off 0.049078461265163076	false	1.0
besteuerung	neg 1.0		__DUMMY__ 0.8937338695105624 neg 0.05792418485030671 off 0.048341945639130815	false	1.0
ungeschminkt	neg 1.0		__DUMMY__ 0.893819903447125 neg 0.05444962697457872 off 0.0517304695782963	false	1.0
kritisch	neg 1.0		__DUMMY__ 0.8929041672423641 neg 0.062321981343535914 off 0.044773851414099994	false	1.0
schlamperei	off 1.0		__DUMMY__ 0.8928307389769848 neg 0.061890830841761744 off 0.045278430181253465	false	0.5
sucht	neg 1.0	neg 1.0	neg 0.5086832072149061 __DUMMY__ 0.45430426100006893 off 0.037012531785025005	false	1.0
egoistisch	off 1.0		__DUMMY__ 0.8904741655983086 off 0.05586518932354007 neg 0.053660645078151416	false	1.0
ausbeuter	off 1.0		__DUMMY__ 0.8920433530551061 neg 0.06364207555903698 off 0.04431457138585692	false	0.5
arschgeburt	off 1.0		__DUMMY__ 0.8833323111302308 off 0.06312716874637767 neg 0.05354052012339151	false	1.0
schubs	neg 1.0	neg 1.0	neg 0.5121286617988209 __DUMMY__ 0.45411606903923285 off 0.03375526916194639	false	1.0
unsolide	neg 1.0		__DUMMY__ 0.8849269085688021 neg 0.06318299690079839 off 0.05189009453039952	false	1.0
beschwerde	neg 1.0		__DUMMY__ 0.8933381079201711 neg 0.060811686245718276 off 0.04585020583411063	false	1.0
stocken	neg 1.0		__DUMMY__ 0.8958545638555614 neg 0.05891057221056338 off 0.04523486393387524	false	1.0
isolieren	neg 1.0		__DUMMY__ 0.8984313723225035 neg 0.054830256644520785 off 0.04673837103297582	false	1.0
unheilbar	neg 1.0		__DUMMY__ 0.8932430786761453 neg 0.058831242668261036 off 0.04792567865559374	false	1.0
pisser	off 1.0		__DUMMY__ 0.8896296555438524 neg 0.05595227229152453 off 0.054418072164623	false	0.5
löschen	neg 1.0		__DUMMY__ 0.8936377173024916 neg 0.058061976031067566 off 0.04830030666644077	false	1.0
durchfallen	neg 1.0		__DUMMY__ 0.8948575633534146 neg 0.060371006102543 off 0.04477143054404239	false	1.0
wichser	off 1.0		__DUMMY__ 0.8880712981455691 off 0.05961749463372797 neg 0.05231120722070286	false	1.0
terror	neg 1.0		__DUMMY__ 0.8962961150747347 neg 0.05366077859594148 off 0.050043106329323794	false	1.0
krass	neg 1.0		__DUMMY__ 0.892668980159499 off 0.053904223418362956 neg 0.05342679642213813	false	0.5
revolte	neg 1.0	neg 1.0	neg 0.5186591232031464 __DUMMY__ 0.44291782033419147 off 0.03842305646266206	false	1.0
besorgt	neg 1.0		__DUMMY__ 0.8990214658074206 neg 0.05532484371514822 off 0.04565369047743121	false	1.0
nachlassen	neg 1.0		__DUMMY__ 0.8986730394906488 neg 0.05585607196628728 off 0.045470888543063866	false	1.0
alt	neg 1.0		__DUMMY__ 0.9000689835346646 neg 0.05658916252272908 off 0.04334185394260633	false	1.0
hundesohn	off 1.0		__DUMMY__ 0.8852932213529754 off 0.05936643691988132 neg 0.055340341727143395	false	1.0
als			__DUMMY__ 0.8967973247874663 neg 0.05795868310583203 off 0.045243992106701665	false	0.0
abschreckung	neg 1.0		__DUMMY__ 0.8937077183490292 neg 0.06280991312217342 off 0.04348236852879737	false	1.0
unqualifiziert	neg 1.0		__DUMMY__ 0.8917393275288207 neg 0.05885335255655031 off 0.04940731991462895	false	1.0
abgewichst	off 1.0		__DUMMY__ 0.8935170590301287 neg 0.059793581603137184 off 0.04668935936673405	false	0.5
schwer	neg 1.0		__DUMMY__ 0.8958429058114206 neg 0.05742160404736713 off 0.04673549014121229	false	1.0
bedeutungslosigkeit	neg 1.0		__DUMMY__ 0.8928242289180405 neg 0.06315514233280091 off 0.04402062874915861	false	1.0
kapitulation	neg 1.0		__DUMMY__ 0.8885418038618618 neg 0.06552362599034578 off 0.04593457014779246	false	1.0
unscharf	neg 1.0		__DUMMY__ 0.8956944674124159 neg 0.05517862451475753 off 0.04912690807282663	false	1.0
schwinden	neg 1.0		__DUMMY__ 0.8961444910371904 neg 0.05978642711258803 off 0.04406908185022149	false	1.0
versklavung	neg 1.0	neg 1.0	neg 0.5175173216579664 __DUMMY__ 0.4454789103873019 off 0.037003767954731794	false	1.0
schlecht	neg 1.0		__DUMMY__ 0.8941215728513562 neg 0.05404588339241139 off 0.051832543756232474	false	1.0
verhasst	neg 1.0		__DUMMY__ 0.8913441502874642 neg 0.060906962318415865 off 0.047748887394119935	false	1.0
beschweren	neg 1.0		__DUMMY__ 0.8950632885161348 neg 0.05650420194231922 off 0.048432509541545904	false	1.0
scheiden	neg 1.0		__DUMMY__ 0.8948683930678121 neg 0.05882587856603367 off 0.046305728366154236	false	1.0
frustriert	neg 1.0		__DUMMY__ 0.8952420843992903 neg 0.0586683460044837 off 0.04608956959622603	false	1.0
schimmelig	neg 1.0		__DUMMY__ 0.8971852569906533 neg 0.05861088518815328 off 0.04420385782119344	false	1.0
fisch	neg 1.0		__DUMMY__ 0.8968128752133533 neg 0.058730314740037246 off 0.04445681004660942	false	1.0
schmuggel	neg 1.0		__DUMMY__ 0.8980591173800122 neg 0.05851597929049216 off 0.04342490332949568	false	1.0
auffallen	neg 1.0		__DUMMY__ 0.8945551457371348 neg 0.05663675989596657 off 0.04880809436689861	false	1.0
konkurrenz	neg 1.0		__DUMMY__ 0.8973189896860944 neg 0.05964361483396593 off 0.043037395479939726	false	1.0
teufelskreis	neg 1.0		__DUMMY__ 0.8937797346377074 neg 0.059815823814039444 off 0.046404441548253204	false	1.0
aufschreien	neg 1.0		__DUMMY__ 0.8918807877475455 neg 0.0591670176447852 off 0.04895219460766927	false	1.0
schuldner	neg 1.0		__DUMMY__ 0.8930625476696531 neg 0.06218805248645879 off 0.04474939984388822	false	1.0
missgeburt	off 1.0	off 1.0	off 0.5129932419664174 __DUMMY__ 0.445014700946242 neg 0.04199205708734062	false	1.0
arbeitslos	neg 1.0		__DUMMY__ 0.8932507177607427 neg 0.06106104325055095 off 0.04568823898870632	false	1.0
befallen	neg 1.0		__DUMMY__ 0.8888369310209467 neg 0.06525477489161297 off 0.04590829408744028	false	1.0
miesepetrig	off 1.0		__DUMMY__ 0.8956485737647908 neg 0.053137820118572904 off 0.05121360611663626	false	0.5
alarmieren	neg 1.0		__DUMMY__ 0.8907591035393058 neg 0.05764031034914365 off 0.051600586111550634	false	1.0
ungeduscht	off 1.0		__DUMMY__ 0.895874886867742 neg 0.054988066936718254 off 0.04913704619553981	false	0.5
knappheit	neg 1.0		__DUMMY__ 0.8952846336298288 neg 0.05882234262319125 off 0.04589302374697997	false	1.0
schlange	neg 1.0		__DUMMY__ 0.8970544091221124 neg 0.054932493522047265 off 0.048013097355840306	false	1.0
harsch	neg 1.0		__DUMMY__ 0.893538877869368 off 0.056517830114407024 neg 0.04994329201622495	false	0.5
lang	neg 1.0		__DUMMY__ 0.8947933767000974 neg 0.05690298322222548 off 0.048303640077677124	false	1.0
ziellos	neg 1.0		__DUMMY__ 0.8960027792465999 neg 0.05902253439875286 off 0.0449746863546472	false	1.0
selbstverliebt	neg 1.0		__DUMMY__ 0.8842240324813072 off 0.06081898356316498 neg 0.054956983955527776	false	0.5
beseitigen	neg 1.0		__DUMMY__ 0.897613188452531 neg 0.05444275212965505 off 0.04794405941781391	false	1.0
dumm	off 1.0		__DUMMY__ 0.8892139413414284 off 0.056474182514203636 neg 0.05431187614436796	false	1.0
arbeitsloser	neg 1.0		__DUMMY__ 0.8937059970084449 neg 0.06126555304792724 off 0.045028449943627806	false	1.0
blitzen	neg 1.0		__DUMMY__ 0.8930469288858545 neg 0.0565673020126694 off 0.05038576910147615	false	1.0
hilflos	neg 1.0		__DUMMY__ 0.8953173220694178 neg 0.05898610061307811 off 0.04569657731750406	false	1.0
eklig	off 1.0		__DUMMY__ 0.8889951108101112 off 0.057164794980043086 neg 0.05384009420984569	false	1.0
begriff			__DUMMY__ 0.8941296977239045 neg 0.059701224616908945 off 0.04616907765918658	false	0.0
hungersnot	neg 1.0		__DUMMY__ 0.8876840999913562 neg 0.06467705520770121 off 0.04763884480094258	false	1.0
ungesetzlich	neg 1.0		__DUMMY__ 0.8879198687355789 neg 0.06185986075406882 off 0.050220270510352195	false	1.0
verschwendung	neg 1.0		__DUMMY__ 0.8954389735909393 neg 0.060848668111524305 off 0.04371235829753637	false	1.0
schmerzvoll	neg 1.0		__DUMMY__ 0.8951930658542606 neg 0.05643593977960941 off 0.04837099436612992	false	1.0
vorzeitig	neg 1.0		__DUMMY__ 0.8935302067561562 neg 0.0548429175165507 off 0.05162687572729297	false	1.0
unvollkommenheit	neg 1.0		__DUMMY__ 0.8947108309430709 neg 0.05791424177747052 off 0.04737492727945854	false	1.0
intervenieren	neg 1.0		__DUMMY__ 0.8913517451322938 neg 0.06398798531874157 off 0.04466026954896468	false	1.0
banause	off 1.0		__DUMMY__ 0.8879938933745148 off 0.058341114088993486 neg 0.053664992536491624	false	1.0
rebell	neg 1.0		__DUMMY__ 0.8983409667953416 neg 0.05903238936756032 off 0.042626643837098084	false	1.0
unlogisch	neg 1.0		__DUMMY__ 0.8906611833774116 neg 0.05566798846389735 off 0.05367082815869105	false	1.0
leiden	neg 1.0	neg 1.0	neg 0.5098755274506174 __DUMMY__ 0.45798224588201725 off 0.03214222666736544	false	1.0
abschaffung	neg 1.0		__DUMMY__ 0.8915582271890041 neg 0.06006097843719615 off 0.04838079437379977	false	1.0
sturz	neg 1.0		__DUMMY__ 0.8908314656750026 neg 0.06038948986753405 off 0.04877904445746332	false	1.0
verkleinerung	neg 1.0		__DUMMY__ 0.8895572035425532 neg 0.05953011907295033 off 0.05091267738449639	false	1.0
schmarotzer	off 1.0		__DUMMY__ 0.8918253978459649 neg 0.06277556386942404 off 0.04539903828461107	false	0.5
bestrafung	neg 1.0		__DUMMY__ 0.892496947887733 neg 0.05916442884636933 off 0.04833862326589759	false	1.0
achtlos	neg 1.0		__DUMMY__ 0.8963804716861793 neg 0.05698987640672136 off 0.046629651907099355	false	1.0
ungeheuer	neg 1.0		__DUMMY__ 0.8929144703498115 neg 0.058186589267657414 off 0.048898940382531175	false	1.0
