unsolidarisch	neg 1.0		neg 0.5171533018198653 off 0.4126539671190684 __DUMMY__ 0.07019273106106624	false	1.0
nachteilig	neg 1.0		neg 0.5150969828964963 off 0.4136370161290447 __DUMMY__ 0.07126600097445902	false	1.0
skeptisch	neg 1.0		neg 0.5177943706978542 off 0.41079846292913874 __DUMMY__ 0.07140716637300716	false	1.0
schrecklich	neg 1.0		neg 0.5039253896454752 off 0.4252070355045675 __DUMMY__ 0.07086757484995745	false	1.0
schlapp	neg 1.0		neg 0.5058156048647969 off 0.4227331805654539 __DUMMY__ 0.07145121456974904	false	1.0
abfall	neg 1.0		neg 0.518959660906035 off 0.4094950259981731 __DUMMY__ 0.07154531309579203	false	1.0
widerspenstig	neg 1.0		neg 0.5108991917014113 off 0.4175385502662708 __DUMMY__ 0.0715622580323179	false	1.0
abrupt	neg 1.0		neg 0.5110820802208978 off 0.4171122992589713 __DUMMY__ 0.07180562052013077	false	1.0
unwirksam	neg 1.0		neg 0.5142368453186191 off 0.4151399956853934 __DUMMY__ 0.07062315899598752	false	1.0
angreifen	neg 1.0		neg 0.5176123046059551 off 0.4112390325181961 __DUMMY__ 0.07114866287584884	false	1.0
inkonsistent	neg 1.0		neg 0.5099895571938589 off 0.4189265255910157 __DUMMY__ 0.07108391721512544	false	1.0
abrutschen	neg 1.0		neg 0.518461169495523 off 0.40991732958333393 __DUMMY__ 0.07162150092114293	false	1.0
unsicher	neg 1.0		neg 0.5116262779638926 off 0.41697406563461403 __DUMMY__ 0.07139965640149343	false	1.0
bauernkind	off 1.0		neg 0.5025367540565255 off 0.4271530462852931 __DUMMY__ 0.07031019965818133	false	0.5
angreifer	neg 1.0		neg 0.5107290341450489 off 0.41850825492777083 __DUMMY__ 0.07076271092718042	false	1.0
trennen	neg 1.0		neg 0.5146275956582729 off 0.41353486483598656 __DUMMY__ 0.07183753950574054	false	1.0
schmutz	neg 1.0		neg 0.5026399313294508 off 0.42554994216796105 __DUMMY__ 0.07181012650258797	false	1.0
inkonsistenz	neg 1.0	neg 1.0	neg 0.742886501524723 off 0.22316025808047626 __DUMMY__ 0.03395324039480075	false	1.0
erschreckend	neg 1.0		neg 0.5145929277832211 off 0.41428279962612147 __DUMMY__ 0.07112427259065757	false	1.0
ertrinken	neg 1.0		neg 0.5149118227257318 off 0.4135614406552092 __DUMMY__ 0.07152673661905898	false	1.0
pickelface	off 1.0		neg 0.5129190523718018 off 0.41619311715452845 __DUMMY__ 0.07088783047366973	false	0.5
seiner			neg 0.5169141799244096 off 0.41176864799829366 __DUMMY__ 0.07131717207729683	false	0.0
lauch	neg 1.0		neg 0.5174348416366584 off 0.4110710950128407 __DUMMY__ 0.07149406335050075	false	1.0
unwichtig	neg 1.0		neg 0.5080407456027022 off 0.4209118261503551 __DUMMY__ 0.07104742824694267	false	1.0
steuerhinterziehung	neg 1.0		neg 0.5161663368018352 off 0.4132052085912001 __DUMMY__ 0.07062845460696479	false	1.0
schock	neg 1.0		neg 0.5117060659191495 off 0.41656234758026434 __DUMMY__ 0.07173158650058611	false	1.0
beule	neg 1.0		neg 0.5046827977852538 off 0.4239616663726044 __DUMMY__ 0.0713555358421416	false	1.0
vergelten	neg 1.0		neg 0.5039553821658862 off 0.42554451494404355 __DUMMY__ 0.07050010289007021	false	1.0
verdorbenheit	neg 1.0		neg 0.5088556162831563 off 0.41960272604657056 __DUMMY__ 0.07154165767027308	false	1.0
trauma	neg 1.0		neg 0.5106860741492895 off 0.4181810831526166 __DUMMY__ 0.0711328426980939	false	1.0
sinnlos	neg 1.0		neg 0.5102825768843147 off 0.41855368929397574 __DUMMY__ 0.07116373382170975	false	1.0
fettsack	off 1.0	off 1.0	off 0.6978964850977024 neg 0.26823760311285294 __DUMMY__ 0.0338659117894447	false	1.0
feige	off 1.0		neg 0.5104770741367224 off 0.41882464900195493 __DUMMY__ 0.07069827686132263	false	0.5
abdanken	neg 1.0		neg 0.5181396763187143 off 0.41160107940507706 __DUMMY__ 0.07025924427620875	false	1.0
wichtigtuer	off 1.0	off 1.0	off 0.6922434081538693 neg 0.27379854273966503 __DUMMY__ 0.03395804910646574	false	1.0
misslingen	neg 1.0		neg 0.508680927653542 off 0.41986930960631547 __DUMMY__ 0.07144976274014248	false	1.0
untreu	off 1.0		neg 0.5073717155029681 off 0.42162149996307885 __DUMMY__ 0.07100678453395301	false	0.5
missmutig	neg 1.0		neg 0.5075550951207991 off 0.4211519489999425 __DUMMY__ 0.0712929558792584	false	1.0
hurenbock	off 1.0		neg 0.5079215200526188 off 0.4204219693395299 __DUMMY__ 0.07165651060785126	false	0.5
betrunken	neg 1.0		neg 0.5045004249660335 off 0.42430638110069485 __DUMMY__ 0.07119319393327159	false	1.0
korrupt	off 1.0		neg 0.5187233684927952 off 0.41078224722869516 __DUMMY__ 0.07049438427850965	false	0.5
unmut	neg 1.0		neg 0.5194123537596694 off 0.40928509936402996 __DUMMY__ 0.0713025468763006	false	1.0
hackfresse	off 1.0		neg 0.5008846455598459 off 0.42844977724182043 __DUMMY__ 0.07066557719833372	false	0.5
aufblasen	neg 1.0		neg 0.5092714562433118 off 0.4192099295363762 __DUMMY__ 0.07151861422031193	false	1.0
gewaltsam	neg 1.0		neg 0.5135672388138073 off 0.4157301553434889 __DUMMY__ 0.07070260584270391	false	1.0
unbeliebtheit	neg 1.0		neg 0.5107720123187464 off 0.4192446193763823 __DUMMY__ 0.06998336830487137	false	1.0
sturheit	neg 1.0		neg 0.5160400945887034 off 0.41313647487300165 __DUMMY__ 0.07082343053829498	false	1.0
kuh	neg 1.0		neg 0.5106653291919991 off 0.4182639367973295 __DUMMY__ 0.07107073401067131	false	1.0
erschrecken	neg 1.0		neg 0.5082198152819307 off 0.4205408990200123 __DUMMY__ 0.0712392856980569	false	1.0
opfer	neg 1.0	neg 1.0	neg 0.7460886369542891 off 0.21974799424162003 __DUMMY__ 0.03416336880409085	false	1.0
sinken	neg 1.0		neg 0.517951318156615 off 0.4106646200212077 __DUMMY__ 0.07138406182217744	false	1.0
stinktier	neg 1.0		neg 0.5042136357131359 off 0.42511874131560295 __DUMMY__ 0.07066762297126107	false	1.0
tucke	off 1.0		neg 0.49904970135461707 off 0.4301051057562313 __DUMMY__ 0.07084519288915155	false	0.5
ein			neg 0.5087234403116587 off 0.4195040225578049 __DUMMY__ 0.07177253713053648	false	0.0
abstieg	neg 1.0		neg 0.5161164030455665 off 0.4129990375491804 __DUMMY__ 0.07088455940525308	false	1.0
missverstehen	neg 1.0		neg 0.5122865317037677 off 0.4168924508268966 __DUMMY__ 0.07082101746933568	false	1.0
ergebnislos	neg 1.0		neg 0.515829489683643 off 0.413127219756251 __DUMMY__ 0.07104329056010601	false	1.0
unter			neg 0.5188762659483144 off 0.4087980260559842 __DUMMY__ 0.07232570799570145	false	0.0
manipulieren	neg 1.0		neg 0.5172945100380566 off 0.41147142105106577 __DUMMY__ 0.07123406891087758	false	1.0
unbewiesen	neg 1.0		neg 0.5169346354563994 off 0.41280701883012483 __DUMMY__ 0.0702583457134758	false	1.0
verschleppen	neg 1.0		neg 0.5166570704906996 off 0.412404063734472 __DUMMY__ 0.07093886577482825	false	1.0
weib	off 1.0		neg 0.49993861840688797 off 0.429523329348017 __DUMMY__ 0.07053805224509492	false	0.5
opposition	neg 1.0		neg 0.5134808007540103 off 0.41597568781211675 __DUMMY__ 0.07054351143387291	false	1.0
verkehrswidrig	neg 1.0		neg 0.5006328746884192 off 0.42828564508082273 __DUMMY__ 0.07108148023075797	false	1.0
inkorrekt	neg 1.0		neg 0.5106616416803595 off 0.41903919026561887 __DUMMY__ 0.07029916805402166	false	1.0
vermeiden	neg 1.0		neg 0.5175113149936378 off 0.4104614892398805 __DUMMY__ 0.07202719576648177	false	1.0
abweichung	neg 1.0		neg 0.5171726017083977 off 0.41206576901226905 __DUMMY__ 0.07076162927933335	false	1.0
alkoholisiert	neg 1.0		neg 0.5123987723123625 off 0.4159789779302748 __DUMMY__ 0.0716222497573627	false	1.0
scheiss	off 1.0	off 1.0	off 0.6962354465319551 neg 0.26960431492135944 __DUMMY__ 0.03416023854668542	false	1.0
herausforderung	neg 1.0		neg 0.5108227543327696 off 0.4171585446806787 __DUMMY__ 0.07201870098655172	false	1.0
pervers	off 1.0		neg 0.49729202469477135 off 0.4322793923114027 __DUMMY__ 0.07042858299382589	false	0.5
wackelig	neg 1.0		neg 0.5110230128249557 off 0.4169868612774663 __DUMMY__ 0.07199012589757796	false	1.0
verwickeln	neg 1.0		neg 0.511728029136899 off 0.4172860455242497 __DUMMY__ 0.07098592533885129	false	1.0
vorwand	neg 1.0		neg 0.5193513671585417 off 0.40950976400013717 __DUMMY__ 0.07113886884132127	false	1.0
muschi	off 1.0		neg 0.5138263936131807 off 0.41533968851248965 __DUMMY__ 0.07083391787432979	false	0.5
entmutigung	neg 1.0		neg 0.5163062195235056 off 0.4138172064583948 __DUMMY__ 0.0698765740180996	false	1.0
unangemessen	neg 1.0		neg 0.5174271060217208 off 0.41176426783800624 __DUMMY__ 0.07080862614027283	false	1.0
unstetig	neg 1.0		neg 0.5088167125343731 off 0.42021471463053295 __DUMMY__ 0.07096857283509392	false	1.0
entmutigen	neg 1.0		neg 0.5108280701249835 off 0.4178812457139795 __DUMMY__ 0.07129068416103686	false	1.0
schwanz	neg 1.0		neg 0.5143966256244943 off 0.4144032034454439 __DUMMY__ 0.07120017093006188	false	1.0
verbot	neg 1.0		neg 0.5171486183167727 off 0.41220523489567384 __DUMMY__ 0.0706461467875533	false	1.0
leid	neg 1.0		neg 0.502338392139794 off 0.42686274012229747 __DUMMY__ 0.07079886773790849	false	1.0
archaisch	neg 1.0		neg 0.5163651477615026 off 0.4127469688723551 __DUMMY__ 0.07088788336614225	false	1.0
gegen			neg 0.5196062385492088 off 0.40939736283543005 __DUMMY__ 0.07099639861536117	false	0.0
scheidung	neg 1.0	neg 1.0	neg 0.7299157388384945 off 0.23618709375891458 __DUMMY__ 0.033897167402590835	false	1.0
einschlag	neg 1.0		neg 0.5041124131012723 off 0.4252795229161105 __DUMMY__ 0.07060806398261701	false	1.0
m			neg 0.5122427262592893 off 0.41625124328151536 __DUMMY__ 0.0715060304591953	false	0.0
abgestanden	neg 1.0		neg 0.509585531353424 off 0.4187676412766462 __DUMMY__ 0.0716468273699298	false	1.0
schmierig	off 1.0		neg 0.5028150490512949 off 0.426224463026051 __DUMMY__ 0.07096048792265391	false	0.5
unpraktisch	neg 1.0		neg 0.5087315246584361 off 0.41965405169305453 __DUMMY__ 0.07161442364850931	false	1.0
wixxer	off 1.0		neg 0.49811692442970873 off 0.4316481780542431 __DUMMY__ 0.07023489751604813	false	0.5
bezeichnet			neg 0.5152464494354075 off 0.41388778602545806 __DUMMY__ 0.07086576453913435	false	0.0
jammerlappen	off 1.0		neg 0.508334940387672 off 0.4206499538254456 __DUMMY__ 0.07101510578688243	false	0.5
farce	neg 1.0		neg 0.5189472711512777 off 0.4108272297663875 __DUMMY__ 0.07022549908233473	false	1.0
zwecklos	neg 1.0		neg 0.516926419451405 off 0.41209852366530236 __DUMMY__ 0.07097505688329264	false	1.0
turbulent	neg 1.0		neg 0.5050213063410213 off 0.42427447015809383 __DUMMY__ 0.07070422350088483	false	1.0
invasion	neg 1.0		neg 0.507803922539239 off 0.4208540866241847 __DUMMY__ 0.07134199083657619	false	1.0
schuld	neg 1.0		neg 0.5123546444362843 off 0.41657109411081 __DUMMY__ 0.07107426145290563	false	1.0
risiko	neg 1.0		neg 0.5060407723623613 off 0.42235982898051105 __DUMMY__ 0.0715993986571275	false	1.0
finster	neg 1.0		neg 0.5091947425866308 off 0.41911832453714676 __DUMMY__ 0.07168693287622245	false	1.0
geisteskrank	off 1.0		neg 0.5091473810550364 off 0.4203562383350094 __DUMMY__ 0.07049638060995417	false	0.5
zusammenbrechen	neg 1.0		neg 0.5127602337358119 off 0.41574960690175083 __DUMMY__ 0.07149015936243719	false	1.0
ausbeute	neg 1.0		neg 0.5128492675209649 off 0.41546490723881974 __DUMMY__ 0.07168582524021529	false	1.0
hinterhalt	neg 1.0		neg 0.5120184642663037 off 0.41697044632515434 __DUMMY__ 0.07101108940854182	false	1.0
kritik	neg 1.0		neg 0.51797033924488 off 0.41162086107539503 __DUMMY__ 0.07040879967972508	false	1.0
einschrumpfen	neg 1.0		neg 0.511391449608292 off 0.4181251395101432 __DUMMY__ 0.07048341088156476	false	1.0
riskant	neg 1.0		neg 0.5162189167484549 off 0.4124250127986336 __DUMMY__ 0.07135607045291155	false	1.0
frustrieren	neg 1.0		neg 0.5169169529447865 off 0.4118420799653546 __DUMMY__ 0.07124096708985911	false	1.0
groll	neg 1.0		neg 0.5165990318811654 off 0.4124069121963146 __DUMMY__ 0.07099405592252007	false	1.0
gibt			neg 0.5143240163037546 off 0.4143804452857542 __DUMMY__ 0.07129553841049135	false	0.0
qualvoll	neg 1.0		neg 0.5092501719686319 off 0.41945349303508267 __DUMMY__ 0.0712963349962855	false	1.0
wackeln	neg 1.0		neg 0.5090159377195133 off 0.419287216051729 __DUMMY__ 0.07169684622875783	false	1.0
klagen	neg 1.0		neg 0.5196391853441051 off 0.4092682280773168 __DUMMY__ 0.07109258657857813	false	1.0
bankrott	neg 1.0		neg 0.5064018466260769 off 0.42235067868021753 __DUMMY__ 0.07124747469370561	false	1.0
trauern	neg 1.0		neg 0.5169085915978338 off 0.4118965628954491 __DUMMY__ 0.07119484550671715	false	1.0
ablehnung	neg 1.0	neg 1.0	neg 0.7463466587128594 off 0.2198212863213067 __DUMMY__ 0.03383205496583376	false	1.0
stur	neg 1.0		neg 0.5116386927759415 off 0.41724233794335636 __DUMMY__ 0.071118969280702	false	1.0
aufruhr	neg 1.0		neg 0.515044799334048 off 0.4143935684490202 __DUMMY__ 0.0705616322169317	false	1.0
melancholie	neg 1.0		neg 0.5123227361204906 off 0.4159441031527364 __DUMMY__ 0.07173316072677302	false	1.0
ist			neg 0.5114064693936489 off 0.41748213165626197 __DUMMY__ 0.07111139895008917	false	0.0
torheit	neg 1.0		neg 0.5161608241994236 off 0.41357915826338076 __DUMMY__ 0.07026001753719564	false	1.0
dreckskind	off 1.0		neg 0.5044978796626993 off 0.42530643143767305 __DUMMY__ 0.07019568889962777	false	0.5
umtauschen	neg 1.0		neg 0.5106379629953471 off 0.417760365568604 __DUMMY__ 0.07160167143604897	false	1.0
zum			neg 0.515347043512724 off 0.4123285708676816 __DUMMY__ 0.07232438561959445	false	0.0
zersetzen	neg 1.0		neg 0.5183066845893303 off 0.4105222030644559 __DUMMY__ 0.07117111234621366	false	1.0
zur			neg 0.5201989654224861 off 0.40830142486185744 __DUMMY__ 0.07149960971565646	false	0.0
frust	neg 1.0		neg 0.5139038848583819 off 0.41474674754529567 __DUMMY__ 0.07134936759632247	false	1.0
unerbittlichkeit	neg 1.0		neg 0.5178631816208141 off 0.41106878613587206 __DUMMY__ 0.07106803224331386	false	1.0
zwei			neg 0.5150545702828939 off 0.4129220241945199 __DUMMY__ 0.07202340552258614	false	0.0
unkorrekt	neg 1.0		neg 0.5094350426800592 off 0.4202044576971337 __DUMMY__ 0.07036049962280709	false	1.0
hexe	off 1.0		neg 0.5066950242866908 off 0.4222005407453262 __DUMMY__ 0.07110443496798294	false	0.5
lasch	neg 1.0		neg 0.5113958180233785 off 0.4178726215967005 __DUMMY__ 0.0707315603799209	false	1.0
rivale	neg 1.0		neg 0.5040490212927556 off 0.4252335566761661 __DUMMY__ 0.07071742203107846	false	1.0
mutlos	off 1.0	off 1.0	off 0.6894019696454924 neg 0.2765860009523428 __DUMMY__ 0.03401202940216478	false	1.0
wirr	off 1.0		neg 0.5068510180722757 off 0.4226847415399477 __DUMMY__ 0.0704642403877767	false	0.5
jahr			neg 0.5128708377308039 off 0.4152150922432952 __DUMMY__ 0.0719140700259009	false	0.0
wird			neg 0.5156407574991716 off 0.413029305822019 __DUMMY__ 0.07132993667880949	false	0.0
strafbar	neg 1.0		neg 0.5190448575535499 off 0.41016622735080766 __DUMMY__ 0.07078891509564256	false	1.0
erosion	neg 1.0		neg 0.509298705667646 off 0.41927774943088053 __DUMMY__ 0.07142354490147348	false	1.0
eingehen	neg 1.0		neg 0.5167821062049429 off 0.4121446674987881 __DUMMY__ 0.0710732262962691	false	1.0
faul	off 1.0		neg 0.5056072839145701 off 0.42286707599088824 __DUMMY__ 0.07152564009454149	false	0.5
provisorium	neg 1.0		neg 0.5207456124821906 off 0.4071597915952584 __DUMMY__ 0.07209459592255094	false	1.0
schmerzen	neg 1.0		neg 0.5121507042211108 off 0.4163500597378082 __DUMMY__ 0.07149923604108087	false	1.0
schrumpfen	neg 1.0		neg 0.5199290918795305 off 0.40844925998310244 __DUMMY__ 0.07162164813736695	false	1.0
geistlos	off 1.0		neg 0.5144978313103239 off 0.41527685319868446 __DUMMY__ 0.07022531549099155	false	0.5
fehlkauf	neg 1.0		neg 0.5108582373686837 off 0.41829317971484314 __DUMMY__ 0.07084858291647318	false	1.0
frustrierend	neg 1.0		neg 0.5082176786818733 off 0.42053434989256067 __DUMMY__ 0.07124797142556613	false	1.0
unzufrieden	neg 1.0		neg 0.515586547047389 off 0.41321497346128944 __DUMMY__ 0.07119847949132145	false	1.0
verzweifeln	neg 1.0		neg 0.5125522652882465 off 0.4160799288305047 __DUMMY__ 0.07136780588124887	false	1.0
verzweifelt	neg 1.0		neg 0.5116093664823078 off 0.41724626074873494 __DUMMY__ 0.07114437276895703	false	1.0
misstrauensantrag	neg 1.0		neg 0.510829867919835 off 0.41834195796515977 __DUMMY__ 0.07082817411500524	false	1.0
abfallen	neg 1.0		neg 0.5081790118320869 off 0.42001285665668775 __DUMMY__ 0.07180813151122528	false	1.0
fucker	off 1.0		neg 0.5059431895498687 off 0.42337551918539984 __DUMMY__ 0.07068129126473148	false	0.5
ungezogen	neg 1.0		neg 0.4988955844858657 off 0.43042550628285564 __DUMMY__ 0.07067890923127856	false	1.0
irrsinnig	neg 1.0	neg 1.0	neg 0.7438787615787767 off 0.222040842277693 __DUMMY__ 0.03408039614353029	false	1.0
unfassbar	neg 1.0		neg 0.5076991650669564 off 0.4212883473792046 __DUMMY__ 0.07101248755383895	false	1.0
hart	neg 1.0		neg 0.5079167002790269 off 0.4212242448683773 __DUMMY__ 0.0708590548525959	false	1.0
widerlich	off 1.0		neg 0.5080971535901846 off 0.4211466241695383 __DUMMY__ 0.0707562222402771	false	0.5
fatal	neg 1.0		neg 0.510271839547604 off 0.4187539173533803 __DUMMY__ 0.07097424309901564	false	1.0
bruch	neg 1.0		neg 0.5212180501228261 off 0.4078708335341821 __DUMMY__ 0.07091111634299187	false	1.0
aushungern	neg 1.0		neg 0.5157993234117253 off 0.41367973889433424 __DUMMY__ 0.07052093769394058	false	1.0
anspannung	neg 1.0		neg 0.5171556074058589 off 0.41101995796113483 __DUMMY__ 0.07182443463300639	false	1.0
von			neg 0.5146729552825935 off 0.41352216281248355 __DUMMY__ 0.07180488190492293	false	0.0
kraftlos	neg 1.0		neg 0.512308458534415 off 0.41585057567259714 __DUMMY__ 0.07184096579298788	false	1.0
vom			neg 0.518772114750026 off 0.40902722020322035 __DUMMY__ 0.07220066504675356	false	0.0
grenzdebil	off 1.0		neg 0.5057891088024441 off 0.4230964848028477 __DUMMY__ 0.07111440639470806	false	0.5
vor			neg 0.5169215821231188 off 0.41142240242098543 __DUMMY__ 0.07165601545589585	false	0.0
unterwerfen	neg 1.0		neg 0.5176123175654228 off 0.4113886115883568 __DUMMY__ 0.07099907084622029	false	1.0
versenkung	neg 1.0		neg 0.5167784010707679 off 0.4119706325401877 __DUMMY__ 0.07125096638904442	false	1.0
entziehen	neg 1.0		neg 0.5195902789710093 off 0.4091983578686825 __DUMMY__ 0.0712113631603082	false	1.0
finanzkrise	neg 1.0		neg 0.5158246891707896 off 0.41361693010991585 __DUMMY__ 0.07055838071929461	false	1.0
schimpfend	neg 1.0		neg 0.5067328470761198 off 0.4213779550050648 __DUMMY__ 0.07188919791881536	false	1.0
profan	neg 1.0		neg 0.5102558694863746 off 0.41857494118550675 __DUMMY__ 0.07116918932811876	false	1.0
korruption	neg 1.0		neg 0.5179904435979713 off 0.411421949075587 __DUMMY__ 0.07058760732644179	false	1.0
â			neg 0.5136585457910338 off 0.4148968071165024 __DUMMY__ 0.07144464709246394	false	0.0
schmutzig	neg 1.0		neg 0.5049418207403001 off 0.42367697554432565 __DUMMY__ 0.07138120371537432	false	1.0
sexy	neg 1.0		neg 0.5078874979361186 off 0.42100005735156476 __DUMMY__ 0.07111244471231665	false	1.0
abraten	neg 1.0		neg 0.5101203310474095 off 0.41850622049312 __DUMMY__ 0.07137344845947051	false	1.0
schwarz	neg 1.0		neg 0.5107796905350397 off 0.4181584217924327 __DUMMY__ 0.07106188767252779	false	1.0
fotze	off 1.0		neg 0.5154551967461735 off 0.4136151389628354 __DUMMY__ 0.0709296642909911	false	0.5
verwirren	neg 1.0		neg 0.5094933003250158 off 0.41936950471731976 __DUMMY__ 0.07113719495766432	false	1.0
zahnlos	off 1.0		neg 0.5167309416988636 off 0.4123317890892124 __DUMMY__ 0.07093726921192406	false	0.5
verheeren	neg 1.0		neg 0.49852870315569464 off 0.4312051813878095 __DUMMY__ 0.07026611545649591	false	1.0
hippie	neg 1.0		neg 0.5085325407865909 off 0.4204205327210634 __DUMMY__ 0.07104692649234567	false	1.0
rammen	neg 1.0		neg 0.5079866948418681 off 0.4206805047789312 __DUMMY__ 0.07133280037920064	false	1.0
unlauter	neg 1.0	neg 1.0	neg 0.7427443122870553 off 0.22321794716660323 __DUMMY__ 0.0340377405463415	false	1.0
unheilvoll	neg 1.0		neg 0.5094891749364483 off 0.4191939719077169 __DUMMY__ 0.0713168531558347	false	1.0
niedrig	neg 1.0		neg 0.5145121144951555 off 0.414162412032271 __DUMMY__ 0.07132547347257338	false	1.0
explosion	neg 1.0		neg 0.5079814506057279 off 0.4207701100360002 __DUMMY__ 0.07124843935827216	false	1.0
weichei	off 1.0		neg 0.5019902833686898 off 0.42729997894180155 __DUMMY__ 0.0707097376895087	false	0.5
minusmensch	off 1.0		neg 0.5015359782371744 off 0.42864860133007454 __DUMMY__ 0.06981542043275109	false	0.5
farblos	neg 1.0		neg 0.5113978779042824 off 0.417497643349716 __DUMMY__ 0.07110447874600166	false	1.0
unwissend	neg 1.0	neg 1.0	neg 0.7415877592595091 off 0.22441211094256988 __DUMMY__ 0.034000129797920935	false	1.0
traurig	neg 1.0		neg 0.504076987874293 off 0.4248628112906057 __DUMMY__ 0.0710602008351013	false	1.0
senkung	neg 1.0		neg 0.5089368220041444 off 0.41999482065549304 __DUMMY__ 0.07106835734036251	false	1.0
ungleich	neg 1.0	neg 1.0	neg 0.7464358623767248 off 0.2194619618653217 __DUMMY__ 0.03410217575795355	false	1.0
heikel	neg 1.0		neg 0.5179354192679994 off 0.41081579076410946 __DUMMY__ 0.07124878996789108	false	1.0
drosselung	neg 1.0		neg 0.5031740730457565 off 0.42570791186967305 __DUMMY__ 0.07111801508457054	false	1.0
falsch	neg 1.0		neg 0.5085307678145822 off 0.4203798491118722 __DUMMY__ 0.07108938307354566	false	1.0
unzufriedenheit	neg 1.0		neg 0.5184675555563985 off 0.4103459059087227 __DUMMY__ 0.07118653853487886	false	1.0
kurz	neg 1.0		neg 0.5115151984563739 off 0.41674281058734397 __DUMMY__ 0.07174199095628205	false	1.0
unsinnig	neg 1.0		neg 0.5155101326242404 off 0.41338097068967017 __DUMMY__ 0.07110889668608955	false	1.0
penner	off 1.0	off 1.0	off 0.6991363341933243 neg 0.26693523380636486 __DUMMY__ 0.03392843200031073	false	1.0
seicht	neg 1.0		neg 0.5016802996306041 off 0.4280663770301751 __DUMMY__ 0.07025332333922085	false	1.0
dummheit	off 1.0	off 1.0	off 0.6927651283512205 neg 0.2732661507599102 __DUMMY__ 0.03396872088886928	false	1.0
unerfreulich	neg 1.0		neg 0.5172774069034796 off 0.41124456115402713 __DUMMY__ 0.07147803194249316	false	1.0
motherfucker	off 1.0	off 1.0	off 0.696118590631716 neg 0.26994770057977413 __DUMMY__ 0.033933708788509924	false	1.0
pikiert	neg 1.0		neg 0.5095114406678574 off 0.4197124928790528 __DUMMY__ 0.07077606645308987	false	1.0
wrack	neg 1.0		neg 0.5138865270046175 off 0.41476455400454904 __DUMMY__ 0.07134891899083343	false	1.0
gangster	neg 1.0		neg 0.5092847526639347 off 0.419636931730392 __DUMMY__ 0.07107831560567328	false	1.0
krank	neg 1.0		neg 0.5043387840477017 off 0.42427870117743466 __DUMMY__ 0.07138251477486351	false	1.0
reich	neg 1.0		neg 0.5119000555250204 off 0.41806713025311687 __DUMMY__ 0.07003281422186278	false	1.0
gnadenlos	neg 1.0		neg 0.5118424757166338 off 0.4170198187948053 __DUMMY__ 0.07113770548856083	false	1.0
niedergeschlagen	neg 1.0		neg 0.5130768469506899 off 0.4155078616457482 __DUMMY__ 0.0714152914035619	false	1.0
terrorisieren	off 1.0	off 1.0	off 0.6898600538934805 neg 0.2759601249054035 __DUMMY__ 0.03417982120111602	false	1.0
sinnlosigkeit	neg 1.0		neg 0.5162810706522432 off 0.4127140459281252 __DUMMY__ 0.07100488341963153	false	1.0
behindern	neg 1.0		neg 0.5112693173112195 off 0.4172936551536982 __DUMMY__ 0.07143702753508241	false	1.0
undemokratisch	neg 1.0		neg 0.5147340504139889 off 0.4148271402026105 __DUMMY__ 0.07043880938340052	false	1.0
wirtschaftskrise	neg 1.0		neg 0.5168702417959106 off 0.41233545233945945 __DUMMY__ 0.07079430586463008	false	1.0
neid	neg 1.0		neg 0.5074572516681717 off 0.4211663137345266 __DUMMY__ 0.0713764345973019	false	1.0
rutschen	neg 1.0		neg 0.5147563834074594 off 0.4128502768870583 __DUMMY__ 0.07239333970548237	false	1.0
rezession	neg 1.0		neg 0.5052935785163013 off 0.4243495266249615 __DUMMY__ 0.07035689485873729	false	1.0
fehlgeburt	neg 1.0		neg 0.5130786059737099 off 0.4159838069331244 __DUMMY__ 0.07093758709316571	false	1.0
charakterschwach	off 1.0		neg 0.5081029728251162 off 0.42110805012396135 __DUMMY__ 0.07078897705092248	false	0.5
isolation	neg 1.0		neg 0.506892534634455 off 0.42202831527384854 __DUMMY__ 0.0710791500916965	false	1.0
ablenkung	neg 1.0		neg 0.5111416321401219 off 0.4174465193332732 __DUMMY__ 0.07141184852660509	false	1.0
pech	neg 1.0		neg 0.5080883491683547 off 0.42060326323968994 __DUMMY__ 0.07130838759195546	false	1.0
vermeidung	neg 1.0		neg 0.5038208883935761 off 0.4249193420534149 __DUMMY__ 0.07125976955300901	false	1.0
dominieren	neg 1.0		neg 0.5136247833643953 off 0.415157976886859 __DUMMY__ 0.07121723974874566	false	1.0
schwindlig	neg 1.0		neg 0.5069802417408323 off 0.4214236169410525 __DUMMY__ 0.07159614131811524	false	1.0
lutscher	neg 1.0		neg 0.49994170821642686 off 0.42969492189061403 __DUMMY__ 0.07036336989295904	false	1.0
pflicht	neg 1.0		neg 0.518590376685041 off 0.41023553078500524 __DUMMY__ 0.0711740925299538	false	1.0
faschist	off 1.0		neg 0.5147379585640878 off 0.41501066942191206 __DUMMY__ 0.07025137201400009	false	0.5
verschleudern	neg 1.0		neg 0.517088843731328 off 0.412030642780793 __DUMMY__ 0.07088051348787894	false	1.0
wenn			neg 0.5085968238521135 off 0.4203138041105727 __DUMMY__ 0.07108937203731384	false	0.0
ehebruch	neg 1.0		neg 0.5181519239226067 off 0.4110273249500018 __DUMMY__ 0.0708207511273915	false	1.0
spott	off 1.0		neg 0.5182627097997294 off 0.41081068210470506 __DUMMY__ 0.0709266080955655	false	0.5
trostlosigkeit	neg 1.0		neg 0.5210272428941249 off 0.40829589828443846 __DUMMY__ 0.07067685882143661	false	1.0
lutschen	neg 1.0		neg 0.5090471320022979 off 0.4201855551619238 __DUMMY__ 0.07076731283577825	false	1.0
undiszipliniert	neg 1.0		neg 0.5049718637336598 off 0.42401474530338273 __DUMMY__ 0.0710133909629576	false	1.0
kopfschmerz	neg 1.0		neg 0.5117141458150328 off 0.4168625862986203 __DUMMY__ 0.07142326788634684	false	1.0
unvorhergesehen	neg 1.0		neg 0.51013322398836 off 0.41786679095792956 __DUMMY__ 0.07199998505371044	false	1.0
desinteressiert	neg 1.0		neg 0.5063955961213961 off 0.4227770346342497 __DUMMY__ 0.07082736924435407	false	1.0
armselig	off 1.0		neg 0.5060923800302808 off 0.42323351215303207 __DUMMY__ 0.07067410781668722	false	0.5
desaster	neg 1.0		neg 0.5216270594395571 off 0.4074596586820156 __DUMMY__ 0.07091328187842733	false	1.0
tod	neg 1.0		neg 0.5194333844061356 off 0.4099574816294511 __DUMMY__ 0.0706091339644132	false	1.0
herzlos	neg 1.0		neg 0.5037800246324186 off 0.4252524545842184 __DUMMY__ 0.07096752078336321	false	1.0
unwissenheit	neg 1.0		neg 0.5169162436755912 off 0.41219111324153956 __DUMMY__ 0.07089264308286933	false	1.0
widersinnig	neg 1.0		neg 0.5177921406334393 off 0.4117455507829872 __DUMMY__ 0.07046230858357347	false	1.0
bedenklich	neg 1.0		neg 0.5171819223801302 off 0.4116478703929303 __DUMMY__ 0.07117020722693952	false	1.0
beanstanden	neg 1.0		neg 0.5185531485502669 off 0.4101985614064461 __DUMMY__ 0.07124829004328684	false	1.0
panisch	neg 1.0	neg 1.0	neg 0.7406084857823085 off 0.22486426856745395 __DUMMY__ 0.03452724565023752	false	1.0
debil	off 1.0		neg 0.52049865917891 off 0.40805206786069553 __DUMMY__ 0.07144927296039438	false	0.5
abstrich	neg 1.0		neg 0.5076698330642877 off 0.4204192770448344 __DUMMY__ 0.07191088989087778	false	1.0
primitiv	neg 1.0		neg 0.5074960689383967 off 0.4217619600756069 __DUMMY__ 0.07074197098599654	false	1.0
abschaum	off 1.0	off 1.0	off 0.6938572139160555 neg 0.2722684541682812 __DUMMY__ 0.03387433191566339	false	1.0
provozieren	neg 1.0		neg 0.5139793763062793 off 0.4151436808088544 __DUMMY__ 0.0708769428848664	false	1.0
tot	neg 1.0		neg 0.5148472230152957 off 0.4142290844074469 __DUMMY__ 0.0709236925772573	false	1.0
instabil	neg 1.0		neg 0.5050741550455988 off 0.4243699509514546 __DUMMY__ 0.07055589400294658	false	1.0
schwuchtel	off 1.0		neg 0.4967936145489764 off 0.4333868124117116 __DUMMY__ 0.06981957303931197	false	0.5
zerren	neg 1.0		neg 0.5135274388775612 off 0.4150962859275435 __DUMMY__ 0.07137627519489524	false	1.0
kinderficker	off 1.0		neg 0.5054517189494394 off 0.42423177394869216 __DUMMY__ 0.07031650710186846	false	0.5
gefahr	neg 1.0		neg 0.5174963988673128 off 0.41152358998411676 __DUMMY__ 0.07098001114857051	false	1.0
rabiat	neg 1.0		neg 0.5129050666489453 off 0.4159591865631556 __DUMMY__ 0.07113574678789901	false	1.0
verlangsamung	neg 1.0		neg 0.5009505193934213 off 0.42863477496025354 __DUMMY__ 0.07041470564632514	false	1.0
ausgestorben	neg 1.0		neg 0.5138255717869316 off 0.41487537805379104 __DUMMY__ 0.07129905015927736	false	1.0
anklagen	neg 1.0		neg 0.5149272623068815 off 0.41424692771531646 __DUMMY__ 0.07082580997780205	false	1.0
trott	neg 1.0		neg 0.5115790950400145 off 0.41707399166298553 __DUMMY__ 0.07134691329699991	false	1.0
verminderung	neg 1.0		neg 0.5047564860548296 off 0.424319656857367 __DUMMY__ 0.07092385708780337	false	1.0
nach			neg 0.5165074594592352 off 0.4113738628067292 __DUMMY__ 0.0721186777340358	false	0.0
rost	neg 1.0		neg 0.5009361622891703 off 0.428668352301247 __DUMMY__ 0.07039548540958271	false	1.0
destruktiv	neg 1.0		neg 0.5159735162101197 off 0.413261595187517 __DUMMY__ 0.07076488860236331	false	1.0
unzumutbarkeit	neg 1.0		neg 0.5040952698961756 off 0.4247145899215913 __DUMMY__ 0.0711901401822332	false	1.0
labil	off 1.0	off 1.0	off 0.6949463304215482 neg 0.2710957893083813 __DUMMY__ 0.03395788027007059	false	1.0
ziemlich	neg 1.0		neg 0.5064832236565234 off 0.4224205357985684 __DUMMY__ 0.07109624054490807	false	1.0
lachnummer	off 1.0		neg 0.5157288509755069 off 0.41346283171626685 __DUMMY__ 0.07080831730822626	false	0.5
oder			neg 0.5107651365073677 off 0.4176978137553933 __DUMMY__ 0.07153704973723912	false	0.0
verfall	neg 1.0		neg 0.5214351259669118 off 0.4072069178265596 __DUMMY__ 0.07135795620652853	false	1.0
ausgrenzung	neg 1.0		neg 0.5138764962899747 off 0.415678694649377 __DUMMY__ 0.07044480906064834	false	1.0
unordnung	neg 1.0		neg 0.5051512488047457 off 0.4244206500873144 __DUMMY__ 0.07042810110793989	false	1.0
fehlverhalten	neg 1.0		neg 0.5185937883134369 off 0.410475876583756 __DUMMY__ 0.07093033510280705	false	1.0
eine			neg 0.5170429670902938 off 0.41139236185945033 __DUMMY__ 0.07156467105025592	false	0.0
nille	neg 1.0		neg 0.5145570918082183 off 0.4146897147766547 __DUMMY__ 0.07075319341512683	false	1.0
qual	neg 1.0		neg 0.5119349359043763 off 0.41676455887444247 __DUMMY__ 0.07130050522118135	false	1.0
verschwenden	neg 1.0		neg 0.5161020782572804 off 0.4125704884883182 __DUMMY__ 0.07132743325440141	false	1.0
riesig	neg 1.0		neg 0.5120153370960558 off 0.41656681667115697 __DUMMY__ 0.07141784623278713	false	1.0
verurteilen	neg 1.0		neg 0.5173719701160603 off 0.41185480754981557 __DUMMY__ 0.07077322233412416	false	1.0
klischee	neg 1.0	neg 1.0	neg 0.7428654813533627 off 0.22318389626582616 __DUMMY__ 0.03395062238081106	false	1.0
diktatorisch	neg 1.0		neg 0.5160393276538456 off 0.4137352641415894 __DUMMY__ 0.07022540820456487	false	1.0
vorhersehbar	neg 1.0		neg 0.5120933860726903 off 0.4170882994733715 __DUMMY__ 0.07081831445393835	false	1.0
sowie			neg 0.5034530918031423 off 0.4262272101427474 __DUMMY__ 0.07031969805411042	false	0.0
stornieren	neg 1.0		neg 0.5077173641394792 off 0.42083365664212086 __DUMMY__ 0.07144897921839992	false	1.0
besteuerung	neg 1.0		neg 0.5112830241959866 off 0.41767531328692303 __DUMMY__ 0.07104166251709035	false	1.0
ungeschminkt	neg 1.0		neg 0.5057720785725064 off 0.4231852357904991 __DUMMY__ 0.07104268563699444	false	1.0
kritisch	neg 1.0		neg 0.5178853382109078 off 0.4111357403239078 __DUMMY__ 0.07097892146518452	false	1.0
schlamperei	off 1.0		neg 0.5173382642608948 off 0.41173452052535875 __DUMMY__ 0.07092721521374651	false	0.5
sucht	neg 1.0	neg 1.0	neg 0.7400906014824769 off 0.22541260005021108 __DUMMY__ 0.034496798467312156	false	1.0
egoistisch	off 1.0		neg 0.5024665917838931 off 0.4268527728848172 __DUMMY__ 0.07068063533128968	false	0.5
ausbeuter	off 1.0		neg 0.5193566809733159 off 0.4097841862115743 __DUMMY__ 0.07085913281510986	false	0.5
arschgeburt	off 1.0		neg 0.49692601603979353 off 0.43324803327017697 __DUMMY__ 0.06982595069002942	false	0.5
schubs	neg 1.0	neg 1.0	neg 0.7433897270291988 off 0.22210323591315526 __DUMMY__ 0.034507037057645844	false	1.0
unsolide	neg 1.0		neg 0.5131013383761206 off 0.4168880282142848 __DUMMY__ 0.07001063340959457	false	1.0
beschwerde	neg 1.0		neg 0.5160158715370976 off 0.4129958250819817 __DUMMY__ 0.07098830338092064	false	1.0
stocken	neg 1.0		neg 0.5149019885480204 off 0.41379828939627716 __DUMMY__ 0.07129972205570245	false	1.0
isolieren	neg 1.0		neg 0.5110155013807822 off 0.417409572622145 __DUMMY__ 0.07157492599707277	false	1.0
unheilbar	neg 1.0		neg 0.5128475573837483 off 0.4161422331971226 __DUMMY__ 0.0710102094191291	false	1.0
pisser	off 1.0		neg 0.5053327656196371 off 0.42412454526393056 __DUMMY__ 0.07054268911643226	false	0.5
löschen	neg 1.0		neg 0.5116216245187296 off 0.4173056977794657 __DUMMY__ 0.07107267770180468	false	1.0
durchfallen	neg 1.0		neg 0.5162309053921365 off 0.4125501311869714 __DUMMY__ 0.07121896342089197	false	1.0
wichser	off 1.0		neg 0.4983835361318967 off 0.4312035041856465 __DUMMY__ 0.0704129596824569	false	0.5
terror	neg 1.0		neg 0.5067253920111225 off 0.421891721390053 __DUMMY__ 0.07138288659882452	false	1.0
krass	neg 1.0		neg 0.5033353991374875 off 0.4257436554133218 __DUMMY__ 0.07092094544919057	false	1.0
revolte	neg 1.0	neg 1.0	neg 0.7447207775401228 off 0.2216950854045859 __DUMMY__ 0.033584137055291334	false	1.0
besorgt	neg 1.0		neg 0.5117843167754312 off 0.41651826787277035 __DUMMY__ 0.07169741535179851	false	1.0
nachlassen	neg 1.0		neg 0.5122817755496305 off 0.41608633879777446 __DUMMY__ 0.07163188565259496	false	1.0
alt	neg 1.0		neg 0.5138738955074489 off 0.41439467545963937 __DUMMY__ 0.07173142903291173	false	1.0
hundesohn	off 1.0		neg 0.5012704116442848 off 0.42868029559351956 __DUMMY__ 0.07004929276219572	false	0.5
als			neg 0.5139874529000962 off 0.41455859368459347 __DUMMY__ 0.07145395341531033	false	0.0
abschreckung	neg 1.0		neg 0.5194571313843174 off 0.4095003586944096 __DUMMY__ 0.071042509921273	false	1.0
unqualifiziert	neg 1.0		neg 0.5116791701221756 off 0.41749549097004013 __DUMMY__ 0.07082533890778432	false	1.0
abgewichst	off 1.0		neg 0.5141775083337307 off 0.4147824279594873 __DUMMY__ 0.07104006370678204	false	0.5
schwer	neg 1.0		neg 0.5123590486056562 off 0.41628406485671865 __DUMMY__ 0.07135688653762502	false	1.0
bedeutungslosigkeit	neg 1.0		neg 0.5191618695285669 off 0.4098741882891469 __DUMMY__ 0.07096394218228631	false	1.0
kapitulation	neg 1.0		neg 0.5195122099542666 off 0.4100534250264994 __DUMMY__ 0.07043436501923389	false	1.0
unscharf	neg 1.0		neg 0.5082210297651096 off 0.42051884409968543 __DUMMY__ 0.07126012613520487	false	1.0
schwinden	neg 1.0		neg 0.5165282931697822 off 0.4121355005042617 __DUMMY__ 0.07133620632595596	false	1.0
versklavung	neg 1.0	neg 1.0	neg 0.7449521220828658 off 0.22125653095203804 __DUMMY__ 0.03379134696509623	false	1.0
schlecht	neg 1.0		neg 0.5058422704487052 off 0.423010546479381 __DUMMY__ 0.07114718307191384	false	1.0
verhasst	neg 1.0		neg 0.5143349355834411 off 0.41486651358749443 __DUMMY__ 0.07079855082906455	false	1.0
beschweren	neg 1.0		neg 0.5103876639979537 off 0.41835237058492747 __DUMMY__ 0.07125996541711888	false	1.0
scheiden	neg 1.0		neg 0.5133005942760516 off 0.4155286311693406 __DUMMY__ 0.07117077455460787	false	1.0
frustriert	neg 1.0		neg 0.5138759152198489 off 0.41484038874487345 __DUMMY__ 0.0712836960352777	false	1.0
schimmelig	neg 1.0		neg 0.5145068191447599 off 0.41408821099211546 __DUMMY__ 0.07140496986312456	false	1.0
fisch	neg 1.0		neg 0.514566196709635 off 0.4140855419823047 __DUMMY__ 0.07134826130806028	false	1.0
schmuggel	neg 1.0		neg 0.5160945813844824 off 0.41238138331432844 __DUMMY__ 0.07152403530118925	false	1.0
auffallen	neg 1.0		neg 0.510093170440196 off 0.41870633871301133 __DUMMY__ 0.07120049084679272	false	1.0
konkurrenz	neg 1.0		neg 0.5172974450814246 off 0.41121103739118 __DUMMY__ 0.07149151752739545	false	1.0
teufelskreis	neg 1.0		neg 0.5145270720204816 off 0.41436713580720913 __DUMMY__ 0.07110579217230928	false	1.0
aufschreien	neg 1.0		neg 0.5119232981954367 off 0.41720170394880896 __DUMMY__ 0.07087499785575438	false	1.0
schuldner	neg 1.0		neg 0.5178294273981582 off 0.41121168892521914 __DUMMY__ 0.07095888367662274	false	1.0
missgeburt	off 1.0	off 1.0	off 0.6977738662628348 neg 0.2684838787869987 __DUMMY__ 0.03374225495016657	false	1.0
arbeitslos	neg 1.0		neg 0.5161102840530908 off 0.4128468489719774 __DUMMY__ 0.07104286697493184	false	1.0
befallen	neg 1.0		neg 0.5188094128748487 off 0.4107212945540072 __DUMMY__ 0.07046929257114423	false	1.0
miesepetrig	off 1.0		neg 0.5052946698413141 off 0.42341322480956295 __DUMMY__ 0.07129210534912277	false	0.5
alarmieren	neg 1.0		neg 0.5091090769150839 off 0.4202047146106307 __DUMMY__ 0.07068620847428546	false	1.0
ungeduscht	off 1.0		neg 0.5079261142790905 off 0.4207777834031308 __DUMMY__ 0.07129610231777853	false	0.5
knappheit	neg 1.0		neg 0.5143493451976845 off 0.4144345303612132 __DUMMY__ 0.07121612444110251	false	1.0
schlange	neg 1.0		neg 0.5092754648567186 off 0.41923327397207627 __DUMMY__ 0.07149126117120516	false	1.0
harsch	neg 1.0		neg 0.49905780660957516 off 0.42989732664497626 __DUMMY__ 0.07104486674544862	false	1.0
lang	neg 1.0		neg 0.5107390081953315 off 0.4180484034806754 __DUMMY__ 0.07121258832399315	false	1.0
ziellos	neg 1.0		neg 0.5148572157482176 off 0.4137624545807339 __DUMMY__ 0.07138032967104846	false	1.0
selbstverliebt	neg 1.0		neg 0.4994811583142321 off 0.4305631073890854 __DUMMY__ 0.06995573429668261	false	1.0
beseitigen	neg 1.0		neg 0.5094562488278495 off 0.41905967837059954 __DUMMY__ 0.07148407280155106	false	1.0
dumm	off 1.0		neg 0.5023040904680253 off 0.4271483936308541 __DUMMY__ 0.07054751590112063	false	0.5
arbeitsloser	neg 1.0		neg 0.5170106812860265 off 0.4119280021070182 __DUMMY__ 0.0710613166069553	false	1.0
blitzen	neg 1.0		neg 0.5090075195088823 off 0.42000881274056484 __DUMMY__ 0.07098366775055283	false	1.0
hilflos	neg 1.0		neg 0.5143675998407695 off 0.4143532106065963 __DUMMY__ 0.07127918955263411	false	1.0
eklig	off 1.0		neg 0.5012354207003487 off 0.42824996669253684 __DUMMY__ 0.07051461260711447	false	0.5
begriff			neg 0.5147651597729155 off 0.41412139172581436 __DUMMY__ 0.07111344850127008	false	0.0
hungersnot	neg 1.0		neg 0.5173086148100599 off 0.41236125452242056 __DUMMY__ 0.07033013066751956	false	1.0
ungesetzlich	neg 1.0		neg 0.5137604826597343 off 0.4158768186543642 __DUMMY__ 0.07036269868590143	false	1.0
verschwendung	neg 1.0		neg 0.5174054893933503 off 0.4113054288106413 __DUMMY__ 0.0712890817960084	false	1.0
schmerzvoll	neg 1.0		neg 0.5103067935129556 off 0.4184196864878616 __DUMMY__ 0.07127351999918291	false	1.0
vorzeitig	neg 1.0		neg 0.5067613359709693 off 0.42223182219643335 __DUMMY__ 0.07100684183259748	false	1.0
unvollkommenheit	neg 1.0		neg 0.5123899181204511 off 0.4164712552080215 __DUMMY__ 0.07113882667152746	false	1.0
intervenieren	neg 1.0		neg 0.5193563689346139 off 0.40987345686476306 __DUMMY__ 0.07077017420062302	false	1.0
banause	off 1.0		neg 0.5001892431051298 off 0.4294269309575649 __DUMMY__ 0.07038382593730542	false	0.5
rebell	neg 1.0		neg 0.5166230878352326 off 0.41182754298797286 __DUMMY__ 0.07154936917679465	false	1.0
unlogisch	neg 1.0		neg 0.5055339372641844 off 0.42374292985945955 __DUMMY__ 0.07072313287635612	false	1.0
leiden	neg 1.0	neg 1.0	neg 0.7433806241704123 off 0.22179132664634604 __DUMMY__ 0.034828049183241575	false	1.0
abschaffung	neg 1.0		neg 0.5132636261246702 off 0.4159544336872773 __DUMMY__ 0.07078194018805237	false	1.0
sturz	neg 1.0		neg 0.5130253146283292 off 0.41627581362861904 __DUMMY__ 0.07069887174305174	false	1.0
verkleinerung	neg 1.0		neg 0.5107705187786598 off 0.41868190484746226 __DUMMY__ 0.07054757637387805	false	1.0
schmarotzer	off 1.0		neg 0.5176887182093775 off 0.41146049154236275 __DUMMY__ 0.07085079024825967	false	0.5
bestrafung	neg 1.0		neg 0.5126874628657425 off 0.4163837466593483 __DUMMY__ 0.07092879047490931	false	1.0
achtlos	neg 1.0		neg 0.5120751613445844 off 0.41651098605560843 __DUMMY__ 0.07141385259980719	false	1.0
ungeheuer	neg 1.0		neg 0.5109736661488066 off 0.4180485860217484 __DUMMY__ 0.0709777478294449	false	1.0
unaufrichtig	neg 1.0		neg 0.5122539122549847 off 0.417214651843132 __DUMMY__ 0.07053143590188324	false	1.0
groggy	neg 1.0		neg 0.5095736335560658 off 0.41949583180046246 __DUMMY__ 0.07093053464347175	false	1.0
verletzlich	neg 1.0		neg 0.5069155509115995 off 0.4221821027189936 __DUMMY__ 0.070902346369407	false	1.0
ablehnen	neg 1.0		neg 0.5168836050269967 off 0.4122120340149347 __DUMMY__ 0.0709043609580685	false	1.0
