unsolidarisch	neg 1.0		__DUMMY__ 0.8863327768820009 neg 0.06513464805573793 off 0.04853257506226126	false	1.0
nachteilig	neg 1.0		__DUMMY__ 0.8955210011409412 neg 0.05915666969922004 off 0.04532232915983876	false	1.0
skeptisch	neg 1.0		__DUMMY__ 0.8965321764613498 neg 0.06048662978500487 off 0.04298119375364541	false	1.0
schrecklich	neg 1.0		__DUMMY__ 0.8918440643842664 off 0.05407977549958273 neg 0.05407616011615079	false	0.5
schlapp	neg 1.0		__DUMMY__ 0.8969640834116812 neg 0.05287945860191813 off 0.0501564579864007	false	1.0
abfall	neg 1.0		__DUMMY__ 0.8976935232709344 neg 0.060684589989701186 off 0.04162188673936427	false	1.0
widerspenstig	neg 1.0		__DUMMY__ 0.8979472352200673 neg 0.05553584249620976 off 0.04651692228372307	false	1.0
abrupt	neg 1.0		__DUMMY__ 0.9002526661215372 neg 0.05427251034678642 off 0.045474823531676485	false	1.0
unwirksam	neg 1.0		__DUMMY__ 0.8900711947782971 neg 0.06175831776196654 off 0.04817048745973641	false	1.0
angreifen	neg 1.0		__DUMMY__ 0.8941850666544038 neg 0.06149275047701534 off 0.04432218286858092	false	1.0
inkonsistent	neg 1.0		__DUMMY__ 0.8942362843909952 neg 0.05679091349617673 off 0.04897280211282798	false	1.0
abrutschen	neg 1.0		__DUMMY__ 0.8982052135697773 neg 0.060126907248330135 off 0.041667879181892534	false	1.0
unsicher	neg 1.0		__DUMMY__ 0.8962198264972621 neg 0.056716946300819096 off 0.04706322720191881	false	1.0
bauernkind	off 1.0		__DUMMY__ 0.8876824111441358 off 0.05686025491319905 neg 0.05545733394266516	false	1.0
angreifer	neg 1.0		__DUMMY__ 0.8913952829976882 neg 0.05846336262113759 off 0.050141354381174265	false	1.0
trennen	neg 1.0		__DUMMY__ 0.9000168310989496 neg 0.05679574651011219 off 0.04318742239093826	false	1.0
schmutz	neg 1.0		__DUMMY__ 0.9006949561791802 off 0.050966907668367985 neg 0.04833813615245187	false	0.5
inkonsistenz	neg 1.0	neg 1.0	neg 0.5146925082942317 __DUMMY__ 0.44740073250331897 off 0.037906759202449423	false	1.0
erschreckend	neg 1.0		__DUMMY__ 0.8939813932490465 neg 0.05971248241202737 off 0.04630612433892614	false	1.0
ertrinken	neg 1.0		__DUMMY__ 0.8974521299716163 neg 0.0582065582948156 off 0.04434131173356813	false	1.0
pickelface	off 1.0		__DUMMY__ 0.892467102587037 neg 0.059388140201128675 off 0.04814475721183444	false	0.5
seiner			__DUMMY__ 0.8956656855383638 neg 0.060376515980011425 off 0.04395779848162485	false	0.0
lauch	neg 1.0		__DUMMY__ 0.8976742385953094 neg 0.059799458675497234 off 0.042526302729193374	false	1.0
unwichtig	neg 1.0		__DUMMY__ 0.8934392703241114 neg 0.055745689857124615 off 0.05081503981876399	false	1.0
steuerhinterziehung	neg 1.0		__DUMMY__ 0.8902956384838229 neg 0.06249642380137587 off 0.047207937714801175	false	1.0
schock	neg 1.0		__DUMMY__ 0.8992699849434355 neg 0.05527353275017057 off 0.045456482306394	false	1.0
beule	neg 1.0		__DUMMY__ 0.8963886292840232 neg 0.05244553522374967 off 0.05116583549222724	false	1.0
vergelten	neg 1.0		__DUMMY__ 0.8893191770928646 off 0.05567235850605365 neg 0.05500846440108187	false	0.5
verdorbenheit	neg 1.0		__DUMMY__ 0.8979355371857721 neg 0.054307113946881015 off 0.047757348867346845	false	1.0
trauma	neg 1.0		__DUMMY__ 0.8941063726992206 neg 0.057220725233227854 off 0.04867290206755163	false	1.0
sinnlos	neg 1.0		__DUMMY__ 0.8942710695344874 neg 0.05683468015785212 off 0.04889425030766055	false	1.0
fettsack	off 1.0	off 1.0	off 0.5124061284194122 __DUMMY__ 0.44639282631292176 neg 0.04120104526766598	false	1.0
feige	off 1.0		__DUMMY__ 0.8905329715275643 neg 0.058829869282670456 off 0.0506371591897653	false	0.5
abdanken	neg 1.0		__DUMMY__ 0.8870624531065627 neg 0.06533743873745933 off 0.047600108155977955	false	1.0
wichtigtuer	off 1.0	off 1.0	off 0.5070538719003768 __DUMMY__ 0.4472588365003319 neg 0.04568729159929146	false	1.0
misslingen	neg 1.0		__DUMMY__ 0.8974179526643781 neg 0.0541347534751458 off 0.048447293860476026	false	1.0
untreu	off 1.0		__DUMMY__ 0.8929894912673315 neg 0.05565142234024721 off 0.051359086392421226	false	0.5
missmutig	neg 1.0		__DUMMY__ 0.8955537416206315 neg 0.054510151696413385 off 0.04993610668295514	false	1.0
hurenbock	off 1.0		__DUMMY__ 0.8993658655100851 neg 0.05289354049080314 off 0.04774059399911172	false	0.5
betrunken	neg 1.0		__DUMMY__ 0.8946962800178665 neg 0.05313086695737265 off 0.05217285302476081	false	1.0
korrupt	off 1.0		__DUMMY__ 0.8890048198676461 neg 0.06476382451656844 off 0.0462313556157854	false	0.5
unmut	neg 1.0		__DUMMY__ 0.8957791141328495 neg 0.06177956982069473 off 0.0424413160464558	false	1.0
hackfresse	off 1.0		__DUMMY__ 0.8902892438165758 off 0.05681857770530846 neg 0.05289217847811582	false	1.0
aufblasen	neg 1.0		__DUMMY__ 0.8973261715499375 neg 0.05477189192937442 off 0.04790193652068794	false	1.0
gewaltsam	neg 1.0		__DUMMY__ 0.8909293315569145 neg 0.060588935264211545 off 0.048481733178874005	false	1.0
unbeliebtheit	neg 1.0		__DUMMY__ 0.8847636264398742 neg 0.06190183049819373 off 0.053334543061932214	false	1.0
sturheit	neg 1.0		__DUMMY__ 0.8916360175323332 neg 0.06168606888071965 off 0.04667791358694709	false	1.0
kuh	neg 1.0		__DUMMY__ 0.8944069753540181 neg 0.05740839148565912 off 0.04818463316032265	false	1.0
erschrecken	neg 1.0		__DUMMY__ 0.8949102903296777 neg 0.05529976715407188 off 0.04978994251625049	false	1.0
opfer	neg 1.0	neg 1.0	neg 0.5163725775154564 __DUMMY__ 0.4498654650080209 off 0.03376195747652278	false	1.0
sinken	neg 1.0		__DUMMY__ 0.8965422423402163 neg 0.06066805081270387 off 0.04278970684707989	false	1.0
stinktier	neg 1.0		__DUMMY__ 0.8906217633307683 neg 0.05497028682713084 off 0.05440794984210088	false	1.0
tucke	off 1.0		__DUMMY__ 0.8923864350733934 off 0.0569154026864416 neg 0.050698162240165025	false	1.0
ein			__DUMMY__ 0.8997255323134133 neg 0.05319255682614743 off 0.0470819108604393	false	0.0
abstieg	neg 1.0		__DUMMY__ 0.8923448773459451 neg 0.061459375289542637 off 0.046195747364512194	false	1.0
missverstehen	neg 1.0		__DUMMY__ 0.8915028027542216 neg 0.059516222263105746 off 0.04898097498267268	false	1.0
ergebnislos	neg 1.0		__DUMMY__ 0.8937343331420151 neg 0.06051303092525682 off 0.04575263593272807	false	1.0
unter			__DUMMY__ 0.9043595317973626 neg 0.057272272194831754 off 0.038368196007805715	false	0.0
manipulieren	neg 1.0		__DUMMY__ 0.8951884806137382 neg 0.060663553153470946 off 0.04414796623279083	false	1.0
unbewiesen	neg 1.0		__DUMMY__ 0.8869489386261833 neg 0.06464425801433353 off 0.04840680335948311	false	1.0
verschleppen	neg 1.0		__DUMMY__ 0.8929932052733641 neg 0.06139210080246327 off 0.045614693924172604	false	1.0
weib	off 1.0		__DUMMY__ 0.8894589463469339 off 0.05787573517105869 neg 0.052665318482007374	false	1.0
opposition	neg 1.0		__DUMMY__ 0.8892762372095746 neg 0.06178046161226527 off 0.048943301178160044	false	1.0
verkehrswidrig	neg 1.0		__DUMMY__ 0.8943373071554679 off 0.05498685290284184 neg 0.05067583994169035	false	0.5
inkorrekt	neg 1.0		__DUMMY__ 0.8873960721089423 neg 0.06047483502668294 off 0.05212909286437469	false	1.0
vermeiden	neg 1.0		__DUMMY__ 0.9020452085785668 neg 0.057550771265124916 off 0.04040402015630831	false	1.0
abweichung	neg 1.0		__DUMMY__ 0.8912839456050378 neg 0.06275294444259456 off 0.045963109952367784	false	1.0
alkoholisiert	neg 1.0		__DUMMY__ 0.8990185204544598 neg 0.05607295710742942 off 0.04490852243811066	false	1.0
scheiss	off 1.0	off 1.0	off 0.5092492716281632 __DUMMY__ 0.44995012803232387 neg 0.040800600339512945	false	1.0
herausforderung	neg 1.0		__DUMMY__ 0.902115759688647 neg 0.05288256341573042 off 0.04500167689562269	false	1.0
pervers	off 1.0		__DUMMY__ 0.8884718715450666 off 0.06012888431689043 neg 0.051399244138042956	false	1.0
wackelig	neg 1.0		__DUMMY__ 0.9014231079695111 neg 0.05387268563978669 off 0.044704206390702286	false	1.0
verwickeln	neg 1.0		__DUMMY__ 0.892867969511193 neg 0.058403668675453775 off 0.04872836181335338	false	1.0
vorwand	neg 1.0		__DUMMY__ 0.8942947617359494 neg 0.0626050742630879 off 0.04310016400096266	false	1.0
muschi	off 1.0		__DUMMY__ 0.8918487569763417 neg 0.060332591930554305 off 0.04781865109310405	false	0.5
entmutigung	neg 1.0		__DUMMY__ 0.8837985529995749 neg 0.06590207173147684 off 0.05029937526894821	false	1.0
unangemessen	neg 1.0		__DUMMY__ 0.8914767650683505 neg 0.06279077566773957 off 0.04573245926390992	false	1.0
unstetig	neg 1.0		__DUMMY__ 0.8933430560928823 neg 0.056451726196302086 off 0.050205217710815486	false	1.0
entmutigen	neg 1.0		__DUMMY__ 0.8955835975862138 neg 0.05644570629701541 off 0.04797069611677083	false	1.0
schwanz	neg 1.0		__DUMMY__ 0.8952287923305005 neg 0.059072265424236305 off 0.04569894224526327	false	1.0
verbot	neg 1.0		__DUMMY__ 0.8903934261173168 neg 0.06298898309358794 off 0.04661759078909523	false	1.0
leid	neg 1.0		__DUMMY__ 0.8914339815189101 off 0.05530911681878546 neg 0.05325690166230443	false	0.5
archaisch	neg 1.0		__DUMMY__ 0.8921414703424669 neg 0.06184701183612958 off 0.04601151782140349	false	1.0
gegen			__DUMMY__ 0.89312243228495 neg 0.06324373976953927 off 0.04363382794551069	false	0.0
scheidung	neg 1.0	neg 1.0	neg 0.5026469408485897 __DUMMY__ 0.44686591019147864 off 0.050487148959931706	false	1.0
einschlag	neg 1.0		__DUMMY__ 0.890027029911571 neg 0.05499976006573695 off 0.05497321002269201	false	1.0
m			__DUMMY__ 0.8972739439818859 neg 0.05669511653362202 off 0.04603093948449211	false	0.0
abgestanden	neg 1.0		__DUMMY__ 0.8991260518142 neg 0.054402367123501265 off 0.04647158106229871	false	1.0
schmierig	off 1.0		__DUMMY__ 0.8927682999549191 off 0.05434740590083323 neg 0.052884294144247695	false	1.0
unpraktisch	neg 1.0		__DUMMY__ 0.8983119792432533 neg 0.053988940071886676 off 0.04769908068485996	false	1.0
wixxer	off 1.0		__DUMMY__ 0.8868110042389671 off 0.060356349198204824 neg 0.05283264656282813	false	1.0
bezeichnet			__DUMMY__ 0.891953831632785 neg 0.06114973428785382 off 0.046896434079361206	false	0.0
jammerlappen	off 1.0		__DUMMY__ 0.8930745608169612 neg 0.05618948220702645 off 0.050735956976012346	false	0.5
farce	neg 1.0		__DUMMY__ 0.8867587519401993 neg 0.06614524824304129 off 0.04709599981675943	false	1.0
zwecklos	neg 1.0		__DUMMY__ 0.8927303943870094 neg 0.06189464196304771 off 0.04537496364994293	false	1.0
turbulent	neg 1.0		__DUMMY__ 0.8912714994767723 neg 0.054937144885680404 off 0.053791355637547306	false	1.0
invasion	neg 1.0		__DUMMY__ 0.8959382574645914 neg 0.05436521337434854 off 0.04969652916106006	false	1.0
schuld	neg 1.0		__DUMMY__ 0.8935785560740636 neg 0.05846858016431155 off 0.04795286376162482	false	1.0
risiko	neg 1.0		__DUMMY__ 0.8987409591685667 neg 0.051494594200471595 off 0.04976444663096168	false	1.0
finster	neg 1.0		__DUMMY__ 0.8990751804084727 neg 0.054140055292850695 off 0.04678476429867663	false	1.0
geisteskrank	off 1.0		__DUMMY__ 0.88879642260327 neg 0.05883337534092345 off 0.05237020205580661	false	0.5
zusammenbrechen	neg 1.0		__DUMMY__ 0.8969906592085244 neg 0.05701219776857527 off 0.04599714302290031	false	1.0
ausbeute	neg 1.0		__DUMMY__ 0.8993052204609232 neg 0.05617677675504794 off 0.044518002784028766	false	1.0
hinterhalt	neg 1.0		__DUMMY__ 0.8937344164514315 neg 0.05828724359179611 off 0.04797833995677251	false	1.0
kritik	neg 1.0		__DUMMY__ 0.8883351313318104 neg 0.06463149839231778 off 0.04703337027587167	false	1.0
einschrumpfen	neg 1.0		__DUMMY__ 0.888931738897354 neg 0.06033588492486769 off 0.05073237617777834	false	1.0
riskant	neg 1.0		__DUMMY__ 0.8959401673760532 neg 0.05978237368254296 off 0.04427745894140396	false	1.0
frustrieren	neg 1.0		__DUMMY__ 0.8949826338031841 neg 0.06074626926350082 off 0.04427109693331501	false	1.0
groll	neg 1.0		__DUMMY__ 0.8931301010316011 neg 0.06134142920253905 off 0.04552846976585995	false	1.0
gibt			__DUMMY__ 0.895288456399475 neg 0.058901874733522486 off 0.045809668867002565	false	0.0
qualvoll	neg 1.0		__DUMMY__ 0.8955089095166113 neg 0.055725726795077125 off 0.0487653636883116	false	1.0
wackeln	neg 1.0		__DUMMY__ 0.8988128262559495 neg 0.053797034136017316 off 0.047390139608033295	false	1.0
klagen	neg 1.0		__DUMMY__ 0.8940893505464874 neg 0.06281973424873177 off 0.043090915204780804	false	1.0
bankrott	neg 1.0		__DUMMY__ 0.8951461184428513 neg 0.0540704254452758 off 0.050783456111873	false	1.0
trauern	neg 1.0		__DUMMY__ 0.8949853091460115 neg 0.060641780105647476 off 0.044372910748341134	false	1.0
ablehnung	neg 1.0	neg 1.0	neg 0.5185304333700437 __DUMMY__ 0.4459371208661904 off 0.03553244576376588	false	1.0
stur	neg 1.0		__DUMMY__ 0.8939624566385954 neg 0.05780796480344012 off 0.04822957855796452	false	1.0
aufruhr	neg 1.0		__DUMMY__ 0.8896329101190315 neg 0.062212389199751306 off 0.048154700681217286	false	1.0
melancholie	neg 1.0		__DUMMY__ 0.8994692994355298 neg 0.05574334467993867 off 0.044787355884531546	false	1.0
ist			__DUMMY__ 0.8937263972503742 neg 0.05795090837943086 off 0.048322694370194944	false	0.0
torheit	neg 1.0		__DUMMY__ 0.8869979274309266 neg 0.06419697187784884 off 0.0488051006912245	false	1.0
dreckskind	off 1.0		__DUMMY__ 0.8864766432381147 neg 0.057264045430723796 off 0.056259311331161584	false	0.5
umtauschen	neg 1.0		__DUMMY__ 0.8982355417244043 neg 0.0554500294078006 off 0.04631442886779496	false	1.0
zum			__DUMMY__ 0.9043663745710134 neg 0.055039767131806076 off 0.04059385829718045	false	0.0
zersetzen	neg 1.0		__DUMMY__ 0.894568532170393 neg 0.06177859302779866 off 0.04365287480180825	false	1.0
zur			__DUMMY__ 0.8973768662188711 neg 0.061633127574954406 off 0.04099000620617452	false	0.0
frust	neg 1.0		__DUMMY__ 0.8957375071638697 neg 0.058399165722754054 off 0.04586332711337628	false	1.0
unerbittlichkeit	neg 1.0		__DUMMY__ 0.8937864751174402 neg 0.061799634912637756 off 0.044413889969921995	false	1.0
zwei			__DUMMY__ 0.9016412303048239 neg 0.056325198447609706 off 0.04203357124756629	false	0.0
unkorrekt	neg 1.0		__DUMMY__ 0.8880286744369998 neg 0.0594614747214409 off 0.052509850841559236	false	1.0
hexe	off 1.0		__DUMMY__ 0.8943265283171833 neg 0.054800976611593166 off 0.05087249507122349	false	0.5
lasch	neg 1.0		__DUMMY__ 0.8908446104969848 neg 0.05920862316586517 off 0.049946766337149916	false	1.0
rivale	neg 1.0		__DUMMY__ 0.8909798757470494 neg 0.0545325636270849 off 0.05448756062586572	false	1.0
mutlos	off 1.0	off 1.0	off 0.5042726094761062 __DUMMY__ 0.44802160581913464 neg 0.04770578470475908	false	1.0
wirr	off 1.0		__DUMMY__ 0.8888844130977992 neg 0.057476286434032825 off 0.05363930046816807	false	0.5
jahr			__DUMMY__ 0.9009176690052312 neg 0.05523491790901398 off 0.04384741308575487	false	0.0
wird			__DUMMY__ 0.895622257316877 neg 0.059724730837531444 off 0.04465301184559169	false	0.0
strafbar	neg 1.0		__DUMMY__ 0.8914149251132921 neg 0.0638015823229074 off 0.04478349256380046	false	1.0
erosion	neg 1.0		__DUMMY__ 0.8966193343778439 neg 0.055070036257937355 off 0.04831062936421885	false	1.0
eingehen	neg 1.0		__DUMMY__ 0.8934711309797836 neg 0.06140307965210095 off 0.04512578936811539	false	1.0
faul	off 1.0		__DUMMY__ 0.8976259440515745 neg 0.05230758105679095 off 0.05006647489163453	false	0.5
provisorium	neg 1.0		__DUMMY__ 0.9023707965888448 neg 0.05969962049499957 off 0.03792958291615562	false	1.0
schmerzen	neg 1.0		__DUMMY__ 0.8973610394522104 neg 0.05693369277861844 off 0.045705267769171116	false	1.0
schrumpfen	neg 1.0		__DUMMY__ 0.8985215430011249 neg 0.06082589333793127 off 0.040652563660943886	false	1.0
geistlos	off 1.0		__DUMMY__ 0.8866425425051389 neg 0.06325411642967528 off 0.050103341065185825	false	0.5
fehlkauf	neg 1.0		__DUMMY__ 0.891905561244527 neg 0.05841807814622105 off 0.049676360609251936	false	1.0
frustrierend	neg 1.0		__DUMMY__ 0.8949772740630935 neg 0.055172453917629795 off 0.04985027201927681	false	1.0
unzufrieden	neg 1.0		__DUMMY__ 0.8945669427611819 neg 0.060059639369978435 off 0.045373417868839666	false	1.0
verzweifeln	neg 1.0		__DUMMY__ 0.8959512366193363 neg 0.05742070164136614 off 0.04662806173929748	false	1.0
verzweifelt	neg 1.0		__DUMMY__ 0.8940225454167167 neg 0.05787738073429437 off 0.04810007384898883	false	1.0
misstrauensantrag	neg 1.0		__DUMMY__ 0.8916442204739947 neg 0.058796223640581555 off 0.04955955588542376	false	1.0
abfallen	neg 1.0		__DUMMY__ 0.8998892892666077 neg 0.052827538548153564 off 0.04728317218523876	false	1.0
fucker	off 1.0		__DUMMY__ 0.8901845451566842 neg 0.056093445617011746 off 0.05372200922630405	false	0.5
ungezogen	neg 1.0		__DUMMY__ 0.8905875787829975 off 0.05797404132625185 neg 0.051438379890750625	false	0.5
irrsinnig	neg 1.0	neg 1.0	neg 0.5151828692176287 __DUMMY__ 0.4485590938726488 off 0.03625803690972256	false	1.0
unfassbar	neg 1.0		__DUMMY__ 0.8930324015618788 neg 0.05587633665286759 off 0.05109126178525357	false	1.0
hart	neg 1.0		__DUMMY__ 0.8925712568077185 neg 0.05632725596880101 off 0.051101487223480464	false	1.0
widerlich	off 1.0		__DUMMY__ 0.8909775354222821 neg 0.0571202099843061 off 0.051902254593411794	false	0.5
fatal	neg 1.0		__DUMMY__ 0.8927563412591106 neg 0.05761352188530807 off 0.049630136855581305	false	1.0
bruch	neg 1.0		__DUMMY__ 0.8924963556237652 neg 0.06470630702422193 off 0.042797337352012854	false	1.0
aushungern	neg 1.0		__DUMMY__ 0.8893095567082475 neg 0.06251966379139791 off 0.04817077950035457	false	1.0
anspannung	neg 1.0		__DUMMY__ 0.9000825347506138 neg 0.058299675137975036 off 0.04161779011141114	false	1.0
von			__DUMMY__ 0.9001993208390634 neg 0.05669571354833682 off 0.04310496561259977	false	0.0
kraftlos	neg 1.0		__DUMMY__ 0.9001591928278965 neg 0.05518996075413897 off 0.04465084641796454	false	1.0
vom			__DUMMY__ 0.9033099375034273 neg 0.0579660530175399 off 0.038724009479032824	false	0.0
grenzdebil	off 1.0		__DUMMY__ 0.8939650932644058 neg 0.0541331258132058 off 0.05190178092238841	false	0.5
vor			__DUMMY__ 0.8984738623342449 neg 0.059000876975481044 off 0.04252526069027402	false	0.0
unterwerfen	neg 1.0		__DUMMY__ 0.8932376902492231 neg 0.061936904032753405 off 0.04482540571802345	false	1.0
versenkung	neg 1.0		__DUMMY__ 0.8950706138383713 neg 0.06049382677309771 off 0.04443555938853092	false	1.0
entziehen	neg 1.0		__DUMMY__ 0.894868019475716 neg 0.0624627739940435 off 0.04266920653024034	false	1.0
finanzkrise	neg 1.0		__DUMMY__ 0.8896222611069153 neg 0.06283313771641097 off 0.047544601176673716	false	1.0
schimpfend	neg 1.0		__DUMMY__ 0.9009105085227229 neg 0.0513796212819606 off 0.04770987019531648	false	1.0
profan	neg 1.0		__DUMMY__ 0.8943635258030941 neg 0.056875648711835224 off 0.048760825485070665	false	1.0
korruption	neg 1.0		__DUMMY__ 0.889898044956044 neg 0.06388325295248555 off 0.04621870209147058	false	1.0
â			__DUMMY__ 0.8968027954856013 neg 0.05789106673313868 off 0.04530613778126012	false	0.0
schmutzig	neg 1.0		__DUMMY__ 0.8962437243546261 neg 0.052440002412028015 off 0.05131627323334597	false	1.0
sexy	neg 1.0		__DUMMY__ 0.893896874657008 neg 0.05552291629616499 off 0.05058020904682693	false	1.0
abraten	neg 1.0		__DUMMY__ 0.8961615301733897 neg 0.05589843311905265 off 0.04794003670755757	false	1.0
schwarz	neg 1.0		__DUMMY__ 0.893547466806593 neg 0.05757740182234556 off 0.04887513137106148	false	1.0
fotze	off 1.0		__DUMMY__ 0.8926972926966643 neg 0.06102506917091521 off 0.04627763813242052	false	0.5
verwirren	neg 1.0		__DUMMY__ 0.8940383367809267 neg 0.05647064121524675 off 0.04949102200382648	false	1.0
zahnlos	off 1.0		__DUMMY__ 0.8924360374801611 neg 0.06185934884469498 off 0.04570461367514395	false	0.5
verheeren	neg 1.0		__DUMMY__ 0.8871060233275903 off 0.06011579909766976 neg 0.05277817757474	false	0.5
hippie	neg 1.0		__DUMMY__ 0.8933441890882142 neg 0.056176665680654464 off 0.05047914523113126	false	1.0
rammen	neg 1.0		__DUMMY__ 0.8963034579452273 neg 0.05458483386464353 off 0.04911170819012926	false	1.0
unlauter	neg 1.0	neg 1.0	neg 0.5139731133789127 __DUMMY__ 0.4484970053382658 off 0.037529881282821406	false	1.0
unheilvoll	neg 1.0		__DUMMY__ 0.8959952958087583 neg 0.05565760284799164 off 0.048347101343250085	false	1.0
niedrig	neg 1.0		__DUMMY__ 0.8962549800560283 neg 0.05867270753300376 off 0.04507231241096785	false	1.0
explosion	neg 1.0		__DUMMY__ 0.8952049813496976 neg 0.054888719940250026 off 0.04990629871005235	false	1.0
weichei	off 1.0		__DUMMY__ 0.890617982426974 off 0.05584439695291501 neg 0.053537620620110936	false	1.0
minusmensch	off 1.0		__DUMMY__ 0.8832877740109928 off 0.06010807255696053 neg 0.05660415343204672	false	1.0
farblos	neg 1.0		__DUMMY__ 0.8948207560951398 neg 0.05751206606910456 off 0.04766717783575571	false	1.0
unwissend	neg 1.0	neg 1.0	neg 0.5135091335762366 __DUMMY__ 0.4477003487946235 off 0.03879051762913992	false	1.0
traurig	neg 1.0		__DUMMY__ 0.893543003558341 neg 0.053240449712630665 off 0.05321654672902827	false	1.0
senkung	neg 1.0		__DUMMY__ 0.8939329190275503 neg 0.05627418240061816 off 0.04979289857183145	false	1.0
ungleich	neg 1.0	neg 1.0	neg 0.5170986664296615 __DUMMY__ 0.4490719793117296 off 0.03382935425860892	false	1.0
heikel	neg 1.0		__DUMMY__ 0.8951679286015911 neg 0.06129273040337912 off 0.04353934099502979	false	1.0
drosselung	neg 1.0		__DUMMY__ 0.8944744283591809 off 0.05334295357811882 neg 0.05218261806270034	false	0.5
falsch	neg 1.0		__DUMMY__ 0.8937647883867346 neg 0.05598506247004906 off 0.05025014914321632	false	1.0
unzufriedenheit	neg 1.0		__DUMMY__ 0.8947081463817402 neg 0.06175670956242577 off 0.04353514405583399	false	1.0
kurz	neg 1.0		__DUMMY__ 0.899180526777059 neg 0.055326008001250135 off 0.04549346522169087	false	1.0
unsinnig	neg 1.0		__DUMMY__ 0.8939460543518286 neg 0.06033988399757725 off 0.04571406165059411	false	1.0
penner	off 1.0	off 1.0	off 0.5134820948348466 __DUMMY__ 0.4468487355153578 neg 0.03966916964979565	false	1.0
seicht	neg 1.0		__DUMMY__ 0.8868550542054808 off 0.058204138366439194 neg 0.054940807428079906	false	0.5
dummheit	off 1.0	off 1.0	off 0.5074938571000748 __DUMMY__ 0.44737839638097554 neg 0.04512774651894974	false	1.0
unerfreulich	neg 1.0		__DUMMY__ 0.8970750185696417 neg 0.05996933601768498 off 0.042955645412673396	false	1.0
motherfucker	off 1.0	off 1.0	off 0.5108117718428616 __DUMMY__ 0.446923832136356 neg 0.04226439602078234	false	1.0
pikiert	neg 1.0		__DUMMY__ 0.891227309594146 neg 0.05791368917755776 off 0.05085900122829629	false	1.0
wrack	neg 1.0		__DUMMY__ 0.89667432927878 neg 0.05812548396810043 off 0.045200186753119584	false	1.0
gangster	neg 1.0		__DUMMY__ 0.8936464793822634 neg 0.05658701796055966 off 0.049766502657176984	false	1.0
krank	neg 1.0		__DUMMY__ 0.8963433313911546 neg 0.052100774558969255 off 0.05155589404987619	false	1.0
reich	neg 1.0		__DUMMY__ 0.8852680192194735 neg 0.06275335254652811 off 0.05197862823399831	false	1.0
gnadenlos	neg 1.0		__DUMMY__ 0.8940096670693846 neg 0.057935454725172766 off 0.048054878205442624	false	1.0
niedergeschlagen	neg 1.0		__DUMMY__ 0.8966031309287497 neg 0.057521786843876675 off 0.04587508222737361	false	1.0
terrorisieren	off 1.0	off 1.0	off 0.5038680379421876 __DUMMY__ 0.45000269470386883 neg 0.046129267353943564	false	1.0
sinnlosigkeit	neg 1.0		__DUMMY__ 0.8929755720275526 neg 0.061357313028403956 off 0.045667114944043324	false	1.0
behindern	neg 1.0		__DUMMY__ 0.896790270485505 neg 0.05629280855857435 off 0.04691692095592062	false	1.0
undemokratisch	neg 1.0		__DUMMY__ 0.8886197864076617 neg 0.06231301186411304 off 0.04906720172822524	false	1.0
wirtschaftskrise	neg 1.0		__DUMMY__ 0.8916740365499143 neg 0.062310193601026735 off 0.04601576984905896	false	1.0
neid	neg 1.0		__DUMMY__ 0.8963743174008342 neg 0.05406296231094837 off 0.049562720288217385	false	1.0
rutschen	neg 1.0		__DUMMY__ 0.9048361120301102 neg 0.054541351687395684 off 0.04062253628249422	false	1.0
rezession	neg 1.0		__DUMMY__ 0.8877313756387049 neg 0.05698237178952163 off 0.05528625257177349	false	1.0
fehlgeburt	neg 1.0		__DUMMY__ 0.8932111657298882 neg 0.05943037106757431 off 0.04735846320253744	false	1.0
charakterschwach	off 1.0		__DUMMY__ 0.8914105184234702 neg 0.0567471453073425 off 0.05184233626918726	false	0.5
isolation	neg 1.0		__DUMMY__ 0.8936733566128034 neg 0.05504633649531583 off 0.0512803068918808	false	1.0
ablenkung	neg 1.0		__DUMMY__ 0.8963351020197474 neg 0.05639214900519332 off 0.047272748975059266	false	1.0
pech	neg 1.0		__DUMMY__ 0.8958783579415482 neg 0.054995830366654626 off 0.049125811691797104	false	1.0
vermeidung	neg 1.0		__DUMMY__ 0.8954598929309779 off 0.05236656796180496 neg 0.05217353910721714	false	0.5
dominieren	neg 1.0		__DUMMY__ 0.8951803242166214 neg 0.05849153296476365 off 0.04632814281861494	false	1.0
schwindlig	neg 1.0		__DUMMY__ 0.8982176504853544 neg 0.05301254808342101 off 0.048769801431224565	false	1.0
lutscher	neg 1.0		__DUMMY__ 0.8879432588162881 off 0.05856092314055443 neg 0.05349581804315737	false	0.5
pflicht	neg 1.0		__DUMMY__ 0.8944342176416578 neg 0.062003404867246516 off 0.043562377491095775	false	1.0
faschist	off 1.0		__DUMMY__ 0.887109110429751 neg 0.06309986352005499 off 0.04979102605019394	false	0.5
verschleudern	neg 1.0		__DUMMY__ 0.8923035293349276 neg 0.06220251486479086 off 0.045493955800281455	false	1.0
wenn			__DUMMY__ 0.893604398758564 neg 0.056177734086863024 off 0.05021786715457296	false	0.0
ehebruch	neg 1.0		__DUMMY__ 0.8918313807295757 neg 0.0629475000586345 off 0.04522111921178979	false	1.0
spott	off 1.0		__DUMMY__ 0.8926865228332342 neg 0.06258127406577596 off 0.044732203100989784	false	0.5
trostlosigkeit	neg 1.0		__DUMMY__ 0.8903753973269514 neg 0.0658164668691582 off 0.04380813580389047	false	1.0
lutschen	neg 1.0		__DUMMY__ 0.891517354034066 neg 0.057408955700499725 off 0.051073690265434346	false	1.0
undiszipliniert	neg 1.0		__DUMMY__ 0.8932632831020682 neg 0.05400621952081071 off 0.05273049737712109	false	1.0
kopfschmerz	neg 1.0		__DUMMY__ 0.8967252998826365 neg 0.05691162611043577 off 0.046363074006927664	false	1.0
unvorhergesehen	neg 1.0		__DUMMY__ 0.9016862972513263 neg 0.05313811852880229 off 0.04517558421987133	false	1.0
desinteressiert	neg 1.0		__DUMMY__ 0.8915716510104679 neg 0.055741589900640584 off 0.05268675908889152	false	1.0
armselig	off 1.0		__DUMMY__ 0.8903026752352123 neg 0.05606500513502093 off 0.05363231962976667	false	0.5
desaster	neg 1.0		__DUMMY__ 0.8924173754108886 neg 0.06502585205676539 off 0.04255677253234596	false	1.0
tod	neg 1.0		__DUMMY__ 0.8901951965276513 neg 0.06519400666717395 off 0.04461079680517477	false	1.0
herzlos	neg 1.0		__DUMMY__ 0.8927865379346341 off 0.05385638963011659 neg 0.05335707243524941	false	0.5
unwissenheit	neg 1.0		__DUMMY__ 0.8922747099322406 neg 0.061999191447234925 off 0.0457260986205245	false	1.0
widersinnig	neg 1.0		__DUMMY__ 0.8886872844058586 neg 0.06433964672541347 off 0.04697306886872778	false	1.0
bedenklich	neg 1.0		__DUMMY__ 0.894469485970267 neg 0.06116056958490102 off 0.04436994444483204	false	1.0
beanstanden	neg 1.0		__DUMMY__ 0.8952691200810449 neg 0.06153405972199845 off 0.04319682019695677	false	1.0
panisch	neg 1.0	neg 1.0	neg 0.50941384296379 __DUMMY__ 0.454090783490618 off 0.03649537354559208	false	1.0
debil	off 1.0		__DUMMY__ 0.8972162449930471 neg 0.06215260814289701 off 0.040631146864056	false	0.5
abstrich	neg 1.0		__DUMMY__ 0.9019831720823203 neg 0.051593569440976934 off 0.046423258476702846	false	1.0
primitiv	neg 1.0		__DUMMY__ 0.8909129410434878 neg 0.05668748981968857 off 0.05239956913682365	false	1.0
abschaum	off 1.0	off 1.0	off 0.5090279913746415 __DUMMY__ 0.44632690439452544 neg 0.04464510423083303	false	1.0
provozieren	neg 1.0		__DUMMY__ 0.8919128030257861 neg 0.06041247400020119 off 0.04767472297401261	false	1.0
tot	neg 1.0		__DUMMY__ 0.8930131054253577 neg 0.06082431050784587 off 0.0461625840667964	false	1.0
instabil	neg 1.0		__DUMMY__ 0.889657270264944 neg 0.05581050298386272 off 0.054532226751193236	false	1.0
schwuchtel	off 1.0		__DUMMY__ 0.8832055776979236 off 0.06316543099337989 neg 0.05362899130869648	false	1.0
zerren	neg 1.0		__DUMMY__ 0.8960740857081522 neg 0.05802903452682396 off 0.045896879765023914	false	1.0
kinderficker	off 1.0		__DUMMY__ 0.8876727102008654 neg 0.05686292321814456 off 0.05546436658099012	false	0.5
gefahr	neg 1.0		__DUMMY__ 0.8931274664277303 neg 0.061853082382279156 off 0.04501945118999052	false	1.0
rabiat	neg 1.0		__DUMMY__ 0.8940898573457402 neg 0.05860771938877284 off 0.04730242326548694	false	1.0
verlangsamung	neg 1.0		__DUMMY__ 0.8884555138968534 off 0.05791392892647329 neg 0.05363055717667324	false	0.5
ausgestorben	neg 1.0		__DUMMY__ 0.8954542364879762 neg 0.058587642729740555 off 0.045958120782283236	false	1.0
anklagen	neg 1.0		__DUMMY__ 0.8920394222827861 neg 0.06072555683391901 off 0.047235020883294926	false	1.0
trott	neg 1.0		__DUMMY__ 0.895916642561444 neg 0.05696451784397067 off 0.04711883959458537	false	1.0
verminderung	neg 1.0		__DUMMY__ 0.8924795600104226 neg 0.05436528595591859 off 0.0531551540336588	false	1.0
nach			__DUMMY__ 0.9025485261279405 neg 0.05672468986478828 off 0.040726784007271255	false	0.0
rost	neg 1.0		__DUMMY__ 0.8885826475366223 off 0.0578537056351297 neg 0.053563646828248046	false	0.5
destruktiv	neg 1.0		__DUMMY__ 0.8911352699914166 neg 0.06205055492662439 off 0.04681417508195905	false	1.0
unzumutbarkeit	neg 1.0		__DUMMY__ 0.895111424360091 off 0.05253551235794622 neg 0.052353063281962764	false	0.5
labil	off 1.0	off 1.0	off 0.5096401865139294 __DUMMY__ 0.44720561699709016 neg 0.043154196488980424	false	1.0
ziemlich	neg 1.0		__DUMMY__ 0.8937121470205716 neg 0.05476243735233511 off 0.0515254156270934	false	1.0
lachnummer	off 1.0		__DUMMY__ 0.8914050776556873 neg 0.06167490050125868 off 0.046920021843054036	false	0.5
oder			__DUMMY__ 0.8974361640292102 neg 0.05574142597619165 off 0.046822409994598045	false	0.0
verfall	neg 1.0		__DUMMY__ 0.8963138733167118 neg 0.0629421159999216 off 0.04074401068336654	false	1.0
ausgrenzung	neg 1.0		__DUMMY__ 0.8887208933496982 neg 0.06170065451865145 off 0.04957845213165039	false	1.0
unordnung	neg 1.0		__DUMMY__ 0.8888836517839231 neg 0.056333544966624294 off 0.054782803249452595	false	1.0
fehlverhalten	neg 1.0		__DUMMY__ 0.8925765410940105 neg 0.0628608238072249 off 0.0445626350987646	false	1.0
eine			__DUMMY__ 0.8976486697943046 neg 0.05960091414335572 off 0.0427504160623398	false	0.0
nille	neg 1.0		__DUMMY__ 0.8910435946803401 neg 0.0612149065720535 off 0.04774149874760643	false	1.0
qual	neg 1.0		__DUMMY__ 0.8955309663448068 neg 0.05735881402805391 off 0.04711021962713944	false	1.0
verschwenden	neg 1.0		__DUMMY__ 0.8956686645411219 neg 0.05999524144745446 off 0.04433609401142352	false	1.0
riesig	neg 1.0		__DUMMY__ 0.8971673426077763 neg 0.0564626347134884 off 0.04637002267873531	false	1.0
verurteilen	neg 1.0		__DUMMY__ 0.8913783434861497 neg 0.06264172482207918 off 0.04597993169177107	false	1.0
klischee	neg 1.0	neg 1.0	neg 0.5149918045535345 __DUMMY__ 0.44703798929355865 off 0.037970206152906805	false	1.0
diktatorisch	neg 1.0		__DUMMY__ 0.8868344769761387 neg 0.06405654727089435 off 0.049108975752967035	false	1.0
vorhersehbar	neg 1.0		__DUMMY__ 0.8914281302058639 neg 0.05943637722146596 off 0.049135492572670254	false	1.0
sowie			__DUMMY__ 0.8873999927911487 off 0.05667739461640658 neg 0.055922612592444694	false	0.0
stornieren	neg 1.0		__DUMMY__ 0.8972580227412487 neg 0.05366351599358829 off 0.04907846126516304	false	1.0
besteuerung	neg 1.0		__DUMMY__ 0.8937338695105624 neg 0.05792418485030677 off 0.04834194563913079	false	1.0
ungeschminkt	neg 1.0		__DUMMY__ 0.893819903447125 neg 0.05444962697457866 off 0.051730469578296405	false	1.0
kritisch	neg 1.0		__DUMMY__ 0.8929041672423641 neg 0.06232198134353602 off 0.044773851414099994	false	1.0
schlamperei	off 1.0		__DUMMY__ 0.8928307389769847 neg 0.061890830841761744 off 0.045278430181253486	false	0.5
sucht	neg 1.0	neg 1.0	neg 0.508683207214906 __DUMMY__ 0.45430426100006893 off 0.037012531785025005	false	1.0
egoistisch	off 1.0		__DUMMY__ 0.8904741655983084 off 0.055865189323540135 neg 0.053660645078151444	false	1.0
ausbeuter	off 1.0		__DUMMY__ 0.8920433530551061 neg 0.06364207555903698 off 0.04431457138585689	false	0.5
arschgeburt	off 1.0		__DUMMY__ 0.8833323111302307 off 0.06312716874637773 neg 0.05354052012339155	false	1.0
schubs	neg 1.0	neg 1.0	neg 0.5121286617988209 __DUMMY__ 0.45411606903923285 off 0.03375526916194636	false	1.0
unsolide	neg 1.0		__DUMMY__ 0.8849269085688021 neg 0.06318299690079833 off 0.05189009453039955	false	1.0
beschwerde	neg 1.0		__DUMMY__ 0.893338107920171 neg 0.060811686245718324 off 0.045850205834110695	false	1.0
stocken	neg 1.0		__DUMMY__ 0.8958545638555613 neg 0.058910572210563485 off 0.04523486393387526	false	1.0
isolieren	neg 1.0		__DUMMY__ 0.8984313723225035 neg 0.05483025664452074 off 0.046738371032975845	false	1.0
unheilbar	neg 1.0		__DUMMY__ 0.893243078676145 neg 0.05883124266826106 off 0.04792567865559376	false	1.0
pisser	off 1.0		__DUMMY__ 0.8896296555438526 neg 0.0559522722915245 off 0.05441807216462296	false	0.5
löschen	neg 1.0		__DUMMY__ 0.8936377173024916 neg 0.05806197603106758 off 0.048300306666440807	false	1.0
durchfallen	neg 1.0		__DUMMY__ 0.8948575633534148 neg 0.060371006102542965 off 0.04477143054404225	false	1.0
wichser	off 1.0		__DUMMY__ 0.8880712981455691 off 0.059617494633727924 neg 0.05231120722070293	false	1.0
terror	neg 1.0		__DUMMY__ 0.8962961150747347 neg 0.0536607785959415 off 0.05004310632932376	false	1.0
krass	neg 1.0		__DUMMY__ 0.8926689801594991 off 0.05390422341836287 neg 0.05342679642213798	false	0.5
revolte	neg 1.0	neg 1.0	neg 0.5186591232031466 __DUMMY__ 0.44291782033419136 off 0.03842305646266211	false	1.0
besorgt	neg 1.0		__DUMMY__ 0.8990214658074206 neg 0.05532484371514819 off 0.045653690477431244	false	1.0
nachlassen	neg 1.0		__DUMMY__ 0.8986730394906488 neg 0.05585607196628723 off 0.04547088854306392	false	1.0
alt	neg 1.0		__DUMMY__ 0.9000689835346645 neg 0.05658916252272913 off 0.043341853942606395	false	1.0
hundesohn	off 1.0		__DUMMY__ 0.8852932213529752 off 0.05936643691988145 neg 0.055340341727143395	false	1.0
als			__DUMMY__ 0.8967973247874663 neg 0.057958683105832035 off 0.04524399210670162	false	0.0
abschreckung	neg 1.0		__DUMMY__ 0.8937077183490295 neg 0.0628099131221733 off 0.04348236852879725	false	1.0
unqualifiziert	neg 1.0		__DUMMY__ 0.8917393275288208 neg 0.058853352556550206 off 0.049407319914628975	false	1.0
abgewichst	off 1.0		__DUMMY__ 0.8935170590301287 neg 0.05979358160313725 off 0.0466893593667341	false	0.5
schwer	neg 1.0		__DUMMY__ 0.8958429058114205 neg 0.05742160404736717 off 0.04673549014121239	false	1.0
bedeutungslosigkeit	neg 1.0		__DUMMY__ 0.8928242289180405 neg 0.06315514233280091 off 0.04402062874915861	false	1.0
kapitulation	neg 1.0		__DUMMY__ 0.8885418038618617 neg 0.06552362599034581 off 0.045934570147792446	false	1.0
unscharf	neg 1.0		__DUMMY__ 0.8956944674124159 neg 0.05517862451475748 off 0.049126908072826575	false	1.0
schwinden	neg 1.0		__DUMMY__ 0.8961444910371905 neg 0.059786427112587935 off 0.04406908185022148	false	1.0
versklavung	neg 1.0	neg 1.0	neg 0.5175173216579663 __DUMMY__ 0.44547891038730186 off 0.03700376795473183	false	1.0
schlecht	neg 1.0		__DUMMY__ 0.8941215728513562 neg 0.05404588339241146 off 0.05183254375623242	false	1.0
verhasst	neg 1.0		__DUMMY__ 0.8913441502874643 neg 0.06090696231841589 off 0.04774888739411991	false	1.0
beschweren	neg 1.0		__DUMMY__ 0.8950632885161346 neg 0.05650420194231944 off 0.048432509541545966	false	1.0
scheiden	neg 1.0		__DUMMY__ 0.8948683930678121 neg 0.058825878566033774 off 0.04630572836615417	false	1.0
frustriert	neg 1.0		__DUMMY__ 0.8952420843992901 neg 0.058668346004483764 off 0.046089569596226176	false	1.0
schimmelig	neg 1.0		__DUMMY__ 0.8971852569906533 neg 0.05861088518815324 off 0.04420385782119348	false	1.0
fisch	neg 1.0		__DUMMY__ 0.8968128752133533 neg 0.05873031474003725 off 0.044456810046609445	false	1.0
schmuggel	neg 1.0		__DUMMY__ 0.8980591173800121 neg 0.05851597929049218 off 0.04342490332949567	false	1.0
auffallen	neg 1.0		__DUMMY__ 0.8945551457371349 neg 0.05663675989596647 off 0.04880809436689855	false	1.0
konkurrenz	neg 1.0		__DUMMY__ 0.8973189896860944 neg 0.059643614833966005 off 0.04303739547993975	false	1.0
teufelskreis	neg 1.0		__DUMMY__ 0.8937797346377074 neg 0.05981582381403948 off 0.04640444154825314	false	1.0
aufschreien	neg 1.0		__DUMMY__ 0.8918807877475453 neg 0.05916701764478536 off 0.048952194607669385	false	1.0
schuldner	neg 1.0		__DUMMY__ 0.8930625476696531 neg 0.06218805248645879 off 0.0447493998438882	false	1.0
missgeburt	off 1.0	off 1.0	off 0.5129932419664174 __DUMMY__ 0.44501470094624207 neg 0.04199205708734056	false	1.0
arbeitslos	neg 1.0		__DUMMY__ 0.8932507177607425 neg 0.061061043250551124 off 0.045688238988706435	false	1.0
befallen	neg 1.0		__DUMMY__ 0.8888369310209467 neg 0.06525477489161295 off 0.04590829408744022	false	1.0
miesepetrig	off 1.0		__DUMMY__ 0.8956485737647907 neg 0.053137820118572904 off 0.05121360611663637	false	0.5
alarmieren	neg 1.0		__DUMMY__ 0.8907591035393061 neg 0.05764031034914345 off 0.051600586111550446	false	1.0
ungeduscht	off 1.0		__DUMMY__ 0.895874886867742 neg 0.05498806693671827 off 0.04913704619553978	false	0.5
knappheit	neg 1.0		__DUMMY__ 0.8952846336298288 neg 0.058822342623191325 off 0.04589302374698	false	1.0
schlange	neg 1.0		__DUMMY__ 0.8970544091221125 neg 0.054932493522047175 off 0.048013097355840265	false	1.0
harsch	neg 1.0		__DUMMY__ 0.893538877869368 off 0.05651783011440698 neg 0.04994329201622493	false	0.5
lang	neg 1.0		__DUMMY__ 0.8947933767000975 neg 0.056902983222225464 off 0.04830364007767694	false	1.0
ziellos	neg 1.0		__DUMMY__ 0.8960027792466002 neg 0.05902253439875272 off 0.044974686354646964	false	1.0
selbstverliebt	neg 1.0		__DUMMY__ 0.8842240324813072 off 0.06081898356316497 neg 0.054956983955527804	false	0.5
beseitigen	neg 1.0		__DUMMY__ 0.8976131884525309 neg 0.05444275212965507 off 0.047944059417813954	false	1.0
dumm	off 1.0		__DUMMY__ 0.8892139413414284 off 0.05647418251420373 neg 0.05431187614436786	false	1.0
arbeitsloser	neg 1.0		__DUMMY__ 0.893705997008445 neg 0.061265553047927246 off 0.04502844994362777	false	1.0
blitzen	neg 1.0		__DUMMY__ 0.8930469288858545 neg 0.05656730201266948 off 0.05038576910147607	false	1.0
hilflos	neg 1.0		__DUMMY__ 0.8953173220694178 neg 0.05898610061307806 off 0.045696577317504095	false	1.0
eklig	off 1.0		__DUMMY__ 0.8889951108101111 off 0.05716479498004315 neg 0.05384009420984575	false	1.0
begriff			__DUMMY__ 0.8941296977239046 neg 0.059701224616908764 off 0.0461690776591866	false	0.0
hungersnot	neg 1.0		__DUMMY__ 0.8876840999913562 neg 0.06467705520770123 off 0.04763884480094258	false	1.0
ungesetzlich	neg 1.0		__DUMMY__ 0.8879198687355788 neg 0.06185986075406884 off 0.05022027051035232	false	1.0
verschwendung	neg 1.0		__DUMMY__ 0.8954389735909392 neg 0.06084866811152438 off 0.0437123582975364	false	1.0
schmerzvoll	neg 1.0		__DUMMY__ 0.8951930658542608 neg 0.05643593977960935 off 0.04837099436612989	false	1.0
vorzeitig	neg 1.0		__DUMMY__ 0.8935302067561564 neg 0.054842917516550654 off 0.05162687572729295	false	1.0
unvollkommenheit	neg 1.0		__DUMMY__ 0.894710830943071 neg 0.05791424177747043 off 0.04737492727945849	false	1.0
intervenieren	neg 1.0		__DUMMY__ 0.8913517451322938 neg 0.06398798531874159 off 0.04466026954896468	false	1.0
banause	off 1.0		__DUMMY__ 0.8879938933745152 off 0.058341114088993444 neg 0.05366499253649145	false	1.0
rebell	neg 1.0		__DUMMY__ 0.8983409667953415 neg 0.0590323893675604 off 0.042626643837098147	false	1.0
unlogisch	neg 1.0		__DUMMY__ 0.8906611833774117 neg 0.055667988463897373 off 0.05367082815869096	false	1.0
leiden	neg 1.0	neg 1.0	neg 0.5098755274506173 __DUMMY__ 0.4579822458820172 off 0.032142226667365444	false	1.0
abschaffung	neg 1.0		__DUMMY__ 0.8915582271890041 neg 0.06006097843719617 off 0.048380794373799725	false	1.0
sturz	neg 1.0		__DUMMY__ 0.8908314656750025 neg 0.060389489867534105 off 0.04877904445746338	false	1.0
verkleinerung	neg 1.0		__DUMMY__ 0.8895572035425532 neg 0.059530119072950416 off 0.050912677384496376	false	1.0
schmarotzer	off 1.0		__DUMMY__ 0.891825397845965 neg 0.0627755638694239 off 0.0453990382846111	false	0.5
bestrafung	neg 1.0		__DUMMY__ 0.892496947887733 neg 0.05916442884636932 off 0.04833862326589755	false	1.0
achtlos	neg 1.0		__DUMMY__ 0.8963804716861791 neg 0.05698987640672143 off 0.04662965190709937	false	1.0
ungeheuer	neg 1.0		__DUMMY__ 0.8929144703498113 neg 0.05818658926765744 off 0.048898940382531245	false	1.0
