unsolidarisch	neg 1.0		__DUMMY__ 0.8863327768820007 neg 0.065134648055738 off 0.04853257506226124	false	1.0
nachteilig	neg 1.0		__DUMMY__ 0.8955210011409412 neg 0.05915666969921998 off 0.04532232915983879	false	1.0
skeptisch	neg 1.0		__DUMMY__ 0.8965321764613498 neg 0.060486629785004846 off 0.0429811937536454	false	1.0
schrecklich	neg 1.0		__DUMMY__ 0.8918440643842663 off 0.05407977549958283 neg 0.054076160116150906	false	0.5
schlapp	neg 1.0		__DUMMY__ 0.8969640834116812 neg 0.052879458601918096 off 0.05015645798640062	false	1.0
abfall	neg 1.0		__DUMMY__ 0.8976935232709347 neg 0.06068458998970113 off 0.041621886739364206	false	1.0
widerspenstig	neg 1.0		__DUMMY__ 0.8979472352200674 neg 0.05553584249620965 off 0.046516922283723054	false	1.0
abrupt	neg 1.0		__DUMMY__ 0.900252666121537 neg 0.05427251034678645 off 0.045474823531676506	false	1.0
unwirksam	neg 1.0		__DUMMY__ 0.8900711947782972 neg 0.06175831776196652 off 0.04817048745973639	false	1.0
angreifen	neg 1.0		__DUMMY__ 0.8941850666544038 neg 0.061492750477015336 off 0.044322182868580993	false	1.0
inkonsistent	neg 1.0		__DUMMY__ 0.8942362843909955 neg 0.05679091349617657 off 0.04897280211282798	false	1.0
abrutschen	neg 1.0		__DUMMY__ 0.8982052135697773 neg 0.0601269072483302 off 0.0416678791818925	false	1.0
unsicher	neg 1.0		__DUMMY__ 0.896219826497262 neg 0.05671694630081923 off 0.04706322720191886	false	1.0
bauernkind	off 1.0		__DUMMY__ 0.8876824111441358 off 0.056860254913199126 neg 0.055457333942665145	false	1.0
angreifer	neg 1.0		__DUMMY__ 0.8913952829976883 neg 0.058463362621137493 off 0.05014135438117417	false	1.0
trennen	neg 1.0		__DUMMY__ 0.9000168310989494 neg 0.056795746510112266 off 0.04318742239093833	false	1.0
schmutz	neg 1.0		__DUMMY__ 0.9006949561791802 off 0.05096690766836798 neg 0.04833813615245187	false	0.5
inkonsistenz	neg 1.0	neg 1.0	neg 0.5146925082942316 __DUMMY__ 0.447400732503319 off 0.03790675920244937	false	1.0
erschreckend	neg 1.0		__DUMMY__ 0.8939813932490466 neg 0.059712482412027285 off 0.04630612433892617	false	1.0
ertrinken	neg 1.0		__DUMMY__ 0.8974521299716163 neg 0.0582065582948156 off 0.04434131173356807	false	1.0
pickelface	off 1.0		__DUMMY__ 0.8924671025870368 neg 0.0593881402011287 off 0.04814475721183441	false	0.5
seiner			__DUMMY__ 0.8956656855383635 neg 0.06037651598001157 off 0.0439577984816249	false	0.0
lauch	neg 1.0		__DUMMY__ 0.897674238595309 neg 0.05979945867549741 off 0.04252630272919345	false	1.0
unwichtig	neg 1.0		__DUMMY__ 0.8934392703241114 neg 0.05574568985712469 off 0.05081503981876397	false	1.0
steuerhinterziehung	neg 1.0		__DUMMY__ 0.8902956384838231 neg 0.0624964238013758 off 0.04720793771480116	false	1.0
schock	neg 1.0		__DUMMY__ 0.8992699849434355 neg 0.05527353275017065 off 0.045456482306393965	false	1.0
beule	neg 1.0		__DUMMY__ 0.8963886292840233 neg 0.052445535223749555 off 0.05116583549222713	false	1.0
vergelten	neg 1.0		__DUMMY__ 0.8893191770928646 off 0.055672358506053614 neg 0.055008464401081855	false	0.5
verdorbenheit	neg 1.0		__DUMMY__ 0.8979355371857721 neg 0.054307113946881064 off 0.04775734886734689	false	1.0
trauma	neg 1.0		__DUMMY__ 0.8941063726992207 neg 0.05722072523322768 off 0.048672902067551545	false	1.0
sinnlos	neg 1.0		__DUMMY__ 0.8942710695344874 neg 0.056834680157852015 off 0.04889425030766052	false	1.0
fettsack	off 1.0	off 1.0	off 0.5124061284194122 __DUMMY__ 0.44639282631292193 neg 0.0412010452676659	false	1.0
feige	off 1.0		__DUMMY__ 0.8905329715275642 neg 0.058829869282670456 off 0.05063715918976536	false	0.5
abdanken	neg 1.0		__DUMMY__ 0.8870624531065627 neg 0.06533743873745924 off 0.04760010815597793	false	1.0
wichtigtuer	off 1.0	off 1.0	off 0.5070538719003768 __DUMMY__ 0.44725883650033166 neg 0.04568729159929158	false	1.0
misslingen	neg 1.0		__DUMMY__ 0.8974179526643781 neg 0.05413475347514584 off 0.048447293860476096	false	1.0
untreu	off 1.0		__DUMMY__ 0.8929894912673315 neg 0.05565142234024714 off 0.05135908639242132	false	0.5
missmutig	neg 1.0		__DUMMY__ 0.8955537416206315 neg 0.0545101516964133 off 0.04993610668295513	false	1.0
hurenbock	off 1.0		__DUMMY__ 0.8993658655100851 neg 0.05289354049080316 off 0.04774059399911172	false	0.5
betrunken	neg 1.0		__DUMMY__ 0.8946962800178664 neg 0.05313086695737267 off 0.05217285302476095	false	1.0
korrupt	off 1.0		__DUMMY__ 0.889004819867646 neg 0.0647638245165685 off 0.0462313556157855	false	0.5
unmut	neg 1.0		__DUMMY__ 0.8957791141328495 neg 0.06177956982069474 off 0.042441316046455804	false	1.0
hackfresse	off 1.0		__DUMMY__ 0.8902892438165758 off 0.05681857770530847 neg 0.05289217847811575	false	1.0
aufblasen	neg 1.0		__DUMMY__ 0.8973261715499375 neg 0.05477189192937451 off 0.04790193652068801	false	1.0
gewaltsam	neg 1.0		__DUMMY__ 0.8909293315569145 neg 0.06058893526421164 off 0.04848173317887399	false	1.0
unbeliebtheit	neg 1.0		__DUMMY__ 0.8847636264398738 neg 0.061901830498193776 off 0.05333454306193228	false	1.0
sturheit	neg 1.0		__DUMMY__ 0.8916360175323333 neg 0.06168606888071964 off 0.04667791358694703	false	1.0
kuh	neg 1.0		__DUMMY__ 0.8944069753540181 neg 0.05740839148565916 off 0.04818463316032266	false	1.0
erschrecken	neg 1.0		__DUMMY__ 0.8949102903296775 neg 0.05529976715407186 off 0.049789942516250546	false	1.0
opfer	neg 1.0	neg 1.0	neg 0.5163725775154564 __DUMMY__ 0.4498654650080208 off 0.033761957476522754	false	1.0
sinken	neg 1.0		__DUMMY__ 0.8965422423402163 neg 0.060668050812703885 off 0.042789706847079785	false	1.0
stinktier	neg 1.0		__DUMMY__ 0.8906217633307683 neg 0.05497028682713084 off 0.05440794984210085	false	1.0
tucke	off 1.0		__DUMMY__ 0.8923864350733934 off 0.056915402686441546 neg 0.05069816224016496	false	1.0
ein			__DUMMY__ 0.8997255323134131 neg 0.05319255682614747 off 0.04708191086043935	false	0.0
abstieg	neg 1.0		__DUMMY__ 0.8923448773459451 neg 0.06145937528954263 off 0.04619574736451219	false	1.0
missverstehen	neg 1.0		__DUMMY__ 0.8915028027542216 neg 0.05951622226310574 off 0.048980974982672655	false	1.0
ergebnislos	neg 1.0		__DUMMY__ 0.8937343331420149 neg 0.06051303092525687 off 0.0457526359327282	false	1.0
unter			__DUMMY__ 0.9043595317973626 neg 0.0572722721948317 off 0.03836819600780572	false	0.0
manipulieren	neg 1.0		__DUMMY__ 0.8951884806137383 neg 0.06066355315347089 off 0.044147966232790756	false	1.0
unbewiesen	neg 1.0		__DUMMY__ 0.8869489386261832 neg 0.06464425801433364 off 0.04840680335948311	false	1.0
verschleppen	neg 1.0		__DUMMY__ 0.8929932052733641 neg 0.061392100802463274 off 0.04561469392417256	false	1.0
weib	off 1.0		__DUMMY__ 0.8894589463469339 off 0.057875735171058686 neg 0.05266531848200743	false	1.0
opposition	neg 1.0		__DUMMY__ 0.8892762372095743 neg 0.06178046161226539 off 0.0489433011781602	false	1.0
verkehrswidrig	neg 1.0		__DUMMY__ 0.8943373071554677 off 0.05498685290284186 neg 0.05067583994169037	false	0.5
inkorrekt	neg 1.0		__DUMMY__ 0.8873960721089424 neg 0.06047483502668294 off 0.05212909286437464	false	1.0
vermeiden	neg 1.0		__DUMMY__ 0.9020452085785667 neg 0.057550771265124936 off 0.04040402015630837	false	1.0
abweichung	neg 1.0		__DUMMY__ 0.8912839456050375 neg 0.06275294444259467 off 0.04596310995236777	false	1.0
alkoholisiert	neg 1.0		__DUMMY__ 0.8990185204544598 neg 0.05607295710742938 off 0.04490852243811073	false	1.0
scheiss	off 1.0	off 1.0	off 0.5092492716281634 __DUMMY__ 0.44995012803232376 neg 0.04080060033951301	false	1.0
herausforderung	neg 1.0		__DUMMY__ 0.902115759688647 neg 0.052882563415730444 off 0.04500167689562267	false	1.0
pervers	off 1.0		__DUMMY__ 0.8884718715450667 off 0.060128884316890424 neg 0.05139924413804288	false	1.0
wackelig	neg 1.0		__DUMMY__ 0.9014231079695111 neg 0.053872685639786685 off 0.04470420639070219	false	1.0
verwickeln	neg 1.0		__DUMMY__ 0.892867969511193 neg 0.058403668675453775 off 0.04872836181335338	false	1.0
vorwand	neg 1.0		__DUMMY__ 0.8942947617359495 neg 0.06260507426308781 off 0.04310016400096271	false	1.0
muschi	off 1.0		__DUMMY__ 0.8918487569763417 neg 0.06033259193055424 off 0.0478186510931041	false	0.5
entmutigung	neg 1.0		__DUMMY__ 0.8837985529995751 neg 0.06590207173147683 off 0.05029937526894819	false	1.0
unangemessen	neg 1.0		__DUMMY__ 0.8914767650683508 neg 0.0627907756677394 off 0.045732459263909814	false	1.0
unstetig	neg 1.0		__DUMMY__ 0.8933430560928823 neg 0.056451726196302135 off 0.050205217710815535	false	1.0
entmutigen	neg 1.0		__DUMMY__ 0.8955835975862136 neg 0.05644570629701543 off 0.04797069611677087	false	1.0
schwanz	neg 1.0		__DUMMY__ 0.8952287923305007 neg 0.05907226542423612 off 0.04569894224526321	false	1.0
verbot	neg 1.0		__DUMMY__ 0.8903934261173166 neg 0.06298898309358807 off 0.04661759078909529	false	1.0
leid	neg 1.0		__DUMMY__ 0.8914339815189102 off 0.05530911681878543 neg 0.053256901662304394	false	0.5
archaisch	neg 1.0		__DUMMY__ 0.8921414703424669 neg 0.061847011836129506 off 0.046011517821403454	false	1.0
gegen			__DUMMY__ 0.8931224322849503 neg 0.0632437397695391 off 0.04363382794551061	false	0.0
scheidung	neg 1.0	neg 1.0	neg 0.5026469408485896 __DUMMY__ 0.44686591019147853 off 0.05048714895993175	false	1.0
einschlag	neg 1.0		__DUMMY__ 0.890027029911571 neg 0.05499976006573695 off 0.054973210022691996	false	1.0
m			__DUMMY__ 0.8972739439818854 neg 0.056695116533622206 off 0.04603093948449231	false	0.0
abgestanden	neg 1.0		__DUMMY__ 0.8991260518142 neg 0.05440236712350127 off 0.04647158106229871	false	1.0
schmierig	off 1.0		__DUMMY__ 0.8927682999549188 off 0.054347405900833375 neg 0.052884294144247855	false	1.0
unpraktisch	neg 1.0		__DUMMY__ 0.898311979243253 neg 0.05398894007188679 off 0.047699080684860146	false	1.0
wixxer	off 1.0		__DUMMY__ 0.8868110042389672 off 0.06035634919820478 neg 0.05283264656282805	false	1.0
bezeichnet			__DUMMY__ 0.8919538316327852 neg 0.06114973428785368 off 0.046896434079361164	false	0.0
jammerlappen	off 1.0		__DUMMY__ 0.8930745608169612 neg 0.0561894822070264 off 0.05073595697601235	false	0.5
farce	neg 1.0		__DUMMY__ 0.8867587519401993 neg 0.06614524824304126 off 0.047095999816759375	false	1.0
zwecklos	neg 1.0		__DUMMY__ 0.8927303943870095 neg 0.06189464196304758 off 0.04537496364994289	false	1.0
turbulent	neg 1.0		__DUMMY__ 0.8912714994767724 neg 0.054937144885680377 off 0.05379135563754728	false	1.0
invasion	neg 1.0		__DUMMY__ 0.8959382574645914 neg 0.054365213374348416 off 0.04969652916106007	false	1.0
schuld	neg 1.0		__DUMMY__ 0.8935785560740634 neg 0.05846858016431169 off 0.04795286376162482	false	1.0
risiko	neg 1.0		__DUMMY__ 0.8987409591685669 neg 0.051494594200471464 off 0.049764446630961606	false	1.0
finster	neg 1.0		__DUMMY__ 0.8990751804084727 neg 0.0541400552928508 off 0.04678476429867656	false	1.0
geisteskrank	off 1.0		__DUMMY__ 0.88879642260327 neg 0.05883337534092344 off 0.05237020205580656	false	0.5
zusammenbrechen	neg 1.0		__DUMMY__ 0.8969906592085246 neg 0.05701219776857516 off 0.04599714302290019	false	1.0
ausbeute	neg 1.0		__DUMMY__ 0.8993052204609232 neg 0.056176776755047945 off 0.0445180027840288	false	1.0
hinterhalt	neg 1.0		__DUMMY__ 0.8937344164514315 neg 0.058287243591796115 off 0.04797833995677252	false	1.0
kritik	neg 1.0		__DUMMY__ 0.8883351313318104 neg 0.06463149839231778 off 0.04703337027587182	false	1.0
einschrumpfen	neg 1.0		__DUMMY__ 0.888931738897354 neg 0.06033588492486776 off 0.05073237617777825	false	1.0
riskant	neg 1.0		__DUMMY__ 0.8959401673760533 neg 0.0597823736825428 off 0.04427745894140397	false	1.0
frustrieren	neg 1.0		__DUMMY__ 0.8949826338031841 neg 0.06074626926350079 off 0.044271096933315005	false	1.0
groll	neg 1.0		__DUMMY__ 0.8931301010316008 neg 0.061341429202539134 off 0.04552846976586001	false	1.0
gibt			__DUMMY__ 0.8952884563994751 neg 0.058901874733522486 off 0.04580966886700254	false	0.0
qualvoll	neg 1.0		__DUMMY__ 0.8955089095166111 neg 0.055725726795077195 off 0.04876536368831164	false	1.0
wackeln	neg 1.0		__DUMMY__ 0.8988128262559493 neg 0.0537970341360174 off 0.04739013960803337	false	1.0
klagen	neg 1.0		__DUMMY__ 0.8940893505464874 neg 0.06281973424873177 off 0.043090915204780825	false	1.0
bankrott	neg 1.0		__DUMMY__ 0.8951461184428511 neg 0.05407042544527579 off 0.05078345611187309	false	1.0
trauern	neg 1.0		__DUMMY__ 0.8949853091460115 neg 0.06064178010564749 off 0.04437291074834112	false	1.0
ablehnung	neg 1.0	neg 1.0	neg 0.5185304333700438 __DUMMY__ 0.4459371208661903 off 0.03553244576376598	false	1.0
stur	neg 1.0		__DUMMY__ 0.8939624566385954 neg 0.05780796480344024 off 0.04822957855796443	false	1.0
aufruhr	neg 1.0		__DUMMY__ 0.8896329101190315 neg 0.06221238919975121 off 0.04815470068121724	false	1.0
melancholie	neg 1.0		__DUMMY__ 0.89946929943553 neg 0.055743344679938495 off 0.044787355884531595	false	1.0
ist			__DUMMY__ 0.8937263972503744 neg 0.057950908379430836 off 0.04832269437019489	false	0.0
torheit	neg 1.0		__DUMMY__ 0.8869979274309266 neg 0.06419697187784885 off 0.048805100691224554	false	1.0
dreckskind	off 1.0		__DUMMY__ 0.8864766432381147 neg 0.05726404543072377 off 0.05625931133116156	false	0.5
umtauschen	neg 1.0		__DUMMY__ 0.8982355417244042 neg 0.05545002940780064 off 0.04631442886779509	false	1.0
zum			__DUMMY__ 0.9043663745710135 neg 0.05503976713180599 off 0.040593858297180464	false	0.0
zersetzen	neg 1.0		__DUMMY__ 0.8945685321703931 neg 0.06177859302779856 off 0.04365287480180828	false	1.0
zur			__DUMMY__ 0.8973768662188709 neg 0.06163312757495445 off 0.04099000620617465	false	0.0
frust	neg 1.0		__DUMMY__ 0.8957375071638697 neg 0.05839916572275403 off 0.04586332711337636	false	1.0
unerbittlichkeit	neg 1.0		__DUMMY__ 0.8937864751174401 neg 0.06179963491263776 off 0.04441388996992213	false	1.0
zwei			__DUMMY__ 0.9016412303048239 neg 0.05632519844760975 off 0.042033571247566355	false	0.0
unkorrekt	neg 1.0		__DUMMY__ 0.888028674437 neg 0.05946147472144095 off 0.05250985084155919	false	1.0
hexe	off 1.0		__DUMMY__ 0.8943265283171833 neg 0.054800976611593166 off 0.050872495071223475	false	0.5
lasch	neg 1.0		__DUMMY__ 0.890844610496985 neg 0.05920862316586503 off 0.049946766337149846	false	1.0
rivale	neg 1.0		__DUMMY__ 0.8909798757470494 neg 0.05453256362708497 off 0.054487560625865704	false	1.0
mutlos	off 1.0	off 1.0	off 0.5042726094761063 __DUMMY__ 0.44802160581913464 neg 0.04770578470475911	false	1.0
wirr	off 1.0		__DUMMY__ 0.8888844130977992 neg 0.05747628643403283 off 0.053639300468168026	false	0.5
jahr			__DUMMY__ 0.9009176690052311 neg 0.055234917909014025 off 0.043847413085754905	false	0.0
wird			__DUMMY__ 0.8956222573168767 neg 0.05972473083753149 off 0.04465301184559172	false	0.0
strafbar	neg 1.0		__DUMMY__ 0.8914149251132922 neg 0.06380158232290731 off 0.04478349256380044	false	1.0
erosion	neg 1.0		__DUMMY__ 0.8966193343778437 neg 0.05507003625793738 off 0.048310629364218836	false	1.0
eingehen	neg 1.0		__DUMMY__ 0.8934711309797835 neg 0.06140307965210114 off 0.04512578936811539	false	1.0
faul	off 1.0		__DUMMY__ 0.8976259440515746 neg 0.052307581056790946 off 0.05006647489163447	false	0.5
provisorium	neg 1.0		__DUMMY__ 0.9023707965888449 neg 0.059699620494999515 off 0.037929582916155606	false	1.0
schmerzen	neg 1.0		__DUMMY__ 0.8973610394522105 neg 0.05693369277861839 off 0.045705267769171096	false	1.0
schrumpfen	neg 1.0		__DUMMY__ 0.8985215430011247 neg 0.06082589333793144 off 0.040652563660943865	false	1.0
geistlos	off 1.0		__DUMMY__ 0.886642542505139 neg 0.06325411642967523 off 0.05010334106518582	false	0.5
fehlkauf	neg 1.0		__DUMMY__ 0.8919055612445268 neg 0.05841807814622126 off 0.04967636060925192	false	1.0
frustrierend	neg 1.0		__DUMMY__ 0.8949772740630932 neg 0.055172453917629885 off 0.049850272019276866	false	1.0
unzufrieden	neg 1.0		__DUMMY__ 0.8945669427611819 neg 0.06005963936997857 off 0.04537341786883967	false	1.0
verzweifeln	neg 1.0		__DUMMY__ 0.8959512366193363 neg 0.05742070164136618 off 0.04662806173929748	false	1.0
verzweifelt	neg 1.0		__DUMMY__ 0.8940225454167169 neg 0.057877380734294284 off 0.04810007384898882	false	1.0
misstrauensantrag	neg 1.0		__DUMMY__ 0.8916442204739947 neg 0.05879622364058157 off 0.04955955588542369	false	1.0
abfallen	neg 1.0		__DUMMY__ 0.8998892892666076 neg 0.052827538548153655 off 0.047283172185238746	false	1.0
fucker	off 1.0		__DUMMY__ 0.8901845451566841 neg 0.056093445617011815 off 0.053722009226304095	false	0.5
ungezogen	neg 1.0		__DUMMY__ 0.8905875787829975 off 0.05797404132625177 neg 0.05143837989075064	false	0.5
irrsinnig	neg 1.0	neg 1.0	neg 0.5151828692176287 __DUMMY__ 0.44855909387264864 off 0.03625803690972265	false	1.0
unfassbar	neg 1.0		__DUMMY__ 0.893032401561879 neg 0.05587633665286753 off 0.051091261785253465	false	1.0
hart	neg 1.0		__DUMMY__ 0.8925712568077186 neg 0.056327255968800956 off 0.051101487223480443	false	1.0
widerlich	off 1.0		__DUMMY__ 0.8909775354222822 neg 0.05712020998430607 off 0.0519022545934118	false	0.5
fatal	neg 1.0		__DUMMY__ 0.8927563412591109 neg 0.057613521885308015 off 0.04963013685558122	false	1.0
bruch	neg 1.0		__DUMMY__ 0.8924963556237653 neg 0.06470630702422193 off 0.04279733735201285	false	1.0
aushungern	neg 1.0		__DUMMY__ 0.8893095567082476 neg 0.06251966379139783 off 0.04817077950035457	false	1.0
anspannung	neg 1.0		__DUMMY__ 0.9000825347506138 neg 0.05829967513797506 off 0.04161779011141118	false	1.0
von			__DUMMY__ 0.9001993208390634 neg 0.05669571354833682 off 0.04310496561259974	false	0.0
kraftlos	neg 1.0		__DUMMY__ 0.9001591928278965 neg 0.05518996075413897 off 0.04465084641796461	false	1.0
vom			__DUMMY__ 0.9033099375034274 neg 0.0579660530175399 off 0.03872400947903282	false	0.0
grenzdebil	off 1.0		__DUMMY__ 0.8939650932644055 neg 0.054133125813205896 off 0.051901780922388445	false	0.5
vor			__DUMMY__ 0.8984738623342449 neg 0.05900087697548119 off 0.04252526069027398	false	0.0
unterwerfen	neg 1.0		__DUMMY__ 0.8932376902492231 neg 0.06193690403275343 off 0.04482540571802342	false	1.0
versenkung	neg 1.0		__DUMMY__ 0.8950706138383715 neg 0.060493826773097614 off 0.044435559388530874	false	1.0
entziehen	neg 1.0		__DUMMY__ 0.8948680194757163 neg 0.06246277399404342 off 0.04266920653024033	false	1.0
finanzkrise	neg 1.0		__DUMMY__ 0.8896222611069153 neg 0.06283313771641097 off 0.0475446011766737	false	1.0
schimpfend	neg 1.0		__DUMMY__ 0.9009105085227229 neg 0.05137962128196047 off 0.04770987019531653	false	1.0
profan	neg 1.0		__DUMMY__ 0.8943635258030941 neg 0.05687564871183529 off 0.0487608254850707	false	1.0
korruption	neg 1.0		__DUMMY__ 0.889898044956044 neg 0.06388325295248559 off 0.04621870209147054	false	1.0
â			__DUMMY__ 0.8968027954856012 neg 0.0578910667331387 off 0.04530613778126011	false	0.0
schmutzig	neg 1.0		__DUMMY__ 0.896243724354626 neg 0.05244000241202798 off 0.05131627323334607	false	1.0
sexy	neg 1.0		__DUMMY__ 0.8938968746570078 neg 0.05552291629616505 off 0.050580209046827064	false	1.0
abraten	neg 1.0		__DUMMY__ 0.8961615301733898 neg 0.05589843311905265 off 0.047940036707557546	false	1.0
schwarz	neg 1.0		__DUMMY__ 0.8935474668065929 neg 0.05757740182234554 off 0.04887513137106155	false	1.0
fotze	off 1.0		__DUMMY__ 0.8926972926966643 neg 0.06102506917091513 off 0.04627763813242055	false	0.5
verwirren	neg 1.0		__DUMMY__ 0.8940383367809268 neg 0.05647064121524675 off 0.04949102200382644	false	1.0
zahnlos	off 1.0		__DUMMY__ 0.8924360374801611 neg 0.061859348844694906 off 0.04570461367514392	false	0.5
verheeren	neg 1.0		__DUMMY__ 0.8871060233275901 off 0.06011579909766978 neg 0.05277817757474004	false	0.5
hippie	neg 1.0		__DUMMY__ 0.8933441890882141 neg 0.0561766656806546 off 0.05047914523113134	false	1.0
rammen	neg 1.0		__DUMMY__ 0.8963034579452271 neg 0.05458483386464348 off 0.04911170819012932	false	1.0
unlauter	neg 1.0	neg 1.0	neg 0.5139731133789127 __DUMMY__ 0.44849700533826586 off 0.03752988128282137	false	1.0
unheilvoll	neg 1.0		__DUMMY__ 0.895995295808758 neg 0.05565760284799172 off 0.0483471013432502	false	1.0
niedrig	neg 1.0		__DUMMY__ 0.8962549800560284 neg 0.05867270753300376 off 0.04507231241096785	false	1.0
explosion	neg 1.0		__DUMMY__ 0.8952049813496976 neg 0.054888719940250026 off 0.04990629871005241	false	1.0
weichei	off 1.0		__DUMMY__ 0.8906179824269742 off 0.05584439695291493 neg 0.053537620620110915	false	1.0
minusmensch	off 1.0		__DUMMY__ 0.8832877740109928 off 0.06010807255696046 neg 0.05660415343204668	false	1.0
farblos	neg 1.0		__DUMMY__ 0.8948207560951397 neg 0.05751206606910461 off 0.04766717783575576	false	1.0
unwissend	neg 1.0	neg 1.0	neg 0.5135091335762366 __DUMMY__ 0.4477003487946234 off 0.038790517629139945	false	1.0
traurig	neg 1.0		__DUMMY__ 0.893543003558341 neg 0.05324044971263056 off 0.05321654672902832	false	1.0
senkung	neg 1.0		__DUMMY__ 0.8939329190275507 neg 0.056274182400618045 off 0.04979289857183137	false	1.0
ungleich	neg 1.0	neg 1.0	neg 0.5170986664296616 __DUMMY__ 0.44907197931172954 off 0.0338293542586089	false	1.0
heikel	neg 1.0		__DUMMY__ 0.8951679286015911 neg 0.061292730403379125 off 0.04353934099502977	false	1.0
drosselung	neg 1.0		__DUMMY__ 0.8944744283591808 off 0.0533429535781188 neg 0.052182618062700394	false	0.5
falsch	neg 1.0		__DUMMY__ 0.8937647883867345 neg 0.055985062470049134 off 0.050250149143216405	false	1.0
unzufriedenheit	neg 1.0		__DUMMY__ 0.8947081463817403 neg 0.06175670956242576 off 0.04353514405583395	false	1.0
kurz	neg 1.0		__DUMMY__ 0.8991805267770591 neg 0.055326008001250114 off 0.045493465221690815	false	1.0
unsinnig	neg 1.0		__DUMMY__ 0.8939460543518287 neg 0.06033988399757721 off 0.045714061650594016	false	1.0
penner	off 1.0	off 1.0	off 0.5134820948348465 __DUMMY__ 0.44684873551535786 neg 0.039669169649795576	false	1.0
seicht	neg 1.0		__DUMMY__ 0.8868550542054808 off 0.058204138366439194 neg 0.05494080742807997	false	0.5
dummheit	off 1.0	off 1.0	off 0.5074938571000748 __DUMMY__ 0.4473783963809756 neg 0.045127746518949664	false	1.0
unerfreulich	neg 1.0		__DUMMY__ 0.8970750185696416 neg 0.05996933601768501 off 0.042955645412673486	false	1.0
motherfucker	off 1.0	off 1.0	off 0.5108117718428618 __DUMMY__ 0.4469238321363557 neg 0.04226439602078245	false	1.0
pikiert	neg 1.0		__DUMMY__ 0.891227309594146 neg 0.05791368917755773 off 0.050859001228296265	false	1.0
wrack	neg 1.0		__DUMMY__ 0.8966743292787798 neg 0.05812548396810052 off 0.04520018675311961	false	1.0
gangster	neg 1.0		__DUMMY__ 0.8936464793822632 neg 0.056587017960559705 off 0.04976650265717719	false	1.0
krank	neg 1.0		__DUMMY__ 0.8963433313911543 neg 0.052100774558969346 off 0.05155589404987635	false	1.0
reich	neg 1.0		__DUMMY__ 0.8852680192194735 neg 0.06275335254652814 off 0.051978628233998354	false	1.0
gnadenlos	neg 1.0		__DUMMY__ 0.8940096670693848 neg 0.0579354547251727 off 0.048054878205442506	false	1.0
niedergeschlagen	neg 1.0		__DUMMY__ 0.8966031309287499 neg 0.05752178684387664 off 0.04587508222737358	false	1.0
terrorisieren	off 1.0	off 1.0	off 0.5038680379421876 __DUMMY__ 0.4500026947038688 neg 0.04612926735394361	false	1.0
sinnlosigkeit	neg 1.0		__DUMMY__ 0.8929755720275526 neg 0.061357313028403984 off 0.0456671149440433	false	1.0
behindern	neg 1.0		__DUMMY__ 0.8967902704855053 neg 0.05629280855857421 off 0.046916920955920566	false	1.0
undemokratisch	neg 1.0		__DUMMY__ 0.8886197864076617 neg 0.06231301186411294 off 0.049067201728225214	false	1.0
wirtschaftskrise	neg 1.0		__DUMMY__ 0.8916740365499142 neg 0.06231019360102674 off 0.046015769849059064	false	1.0
neid	neg 1.0		__DUMMY__ 0.8963743174008342 neg 0.054062962310948384 off 0.04956272028821741	false	1.0
rutschen	neg 1.0		__DUMMY__ 0.9048361120301102 neg 0.05454135168739563 off 0.04062253628249423	false	1.0
rezession	neg 1.0		__DUMMY__ 0.8877313756387049 neg 0.05698237178952162 off 0.05528625257177352	false	1.0
fehlgeburt	neg 1.0		__DUMMY__ 0.8932111657298883 neg 0.05943037106757427 off 0.047358463202537414	false	1.0
charakterschwach	off 1.0		__DUMMY__ 0.8914105184234702 neg 0.05674714530734246 off 0.051842336269187245	false	0.5
isolation	neg 1.0		__DUMMY__ 0.8936733566128032 neg 0.05504633649531583 off 0.0512803068918808	false	1.0
ablenkung	neg 1.0		__DUMMY__ 0.8963351020197476 neg 0.05639214900519314 off 0.04727274897505927	false	1.0
pech	neg 1.0		__DUMMY__ 0.8958783579415482 neg 0.05499583036665461 off 0.0491258116917971	false	1.0
vermeidung	neg 1.0		__DUMMY__ 0.8954598929309779 off 0.05236656796180488 neg 0.052173539107217136	false	0.5
dominieren	neg 1.0		__DUMMY__ 0.8951803242166214 neg 0.05849153296476362 off 0.04632814281861492	false	1.0
schwindlig	neg 1.0		__DUMMY__ 0.8982176504853545 neg 0.05301254808342098 off 0.04876980143122449	false	1.0
lutscher	neg 1.0		__DUMMY__ 0.887943258816288 off 0.05856092314055447 neg 0.053495818043157464	false	0.5
pflicht	neg 1.0		__DUMMY__ 0.8944342176416576 neg 0.06200340486724669 off 0.04356237749109575	false	1.0
faschist	off 1.0		__DUMMY__ 0.8871091104297509 neg 0.06309986352005503 off 0.04979102605019397	false	0.5
verschleudern	neg 1.0		__DUMMY__ 0.8923035293349276 neg 0.06220251486479092 off 0.04549395580028142	false	1.0
wenn			__DUMMY__ 0.893604398758564 neg 0.056177734086863024 off 0.05021786715457293	false	0.0
ehebruch	neg 1.0		__DUMMY__ 0.8918313807295757 neg 0.06294750005863459 off 0.04522111921178981	false	1.0
spott	off 1.0		__DUMMY__ 0.8926865228332342 neg 0.06258127406577595 off 0.044732203100989784	false	0.5
trostlosigkeit	neg 1.0		__DUMMY__ 0.8903753973269514 neg 0.06581646686915818 off 0.0438081358038905	false	1.0
lutschen	neg 1.0		__DUMMY__ 0.8915173540340661 neg 0.05740895570049972 off 0.05107369026543423	false	1.0
undiszipliniert	neg 1.0		__DUMMY__ 0.8932632831020682 neg 0.054006219520810674 off 0.05273049737712119	false	1.0
kopfschmerz	neg 1.0		__DUMMY__ 0.8967252998826365 neg 0.056911626110435765 off 0.04636307400692769	false	1.0
unvorhergesehen	neg 1.0		__DUMMY__ 0.9016862972513263 neg 0.05313811852880237 off 0.04517558421987124	false	1.0
desinteressiert	neg 1.0		__DUMMY__ 0.8915716510104679 neg 0.05574158990064055 off 0.05268675908889158	false	1.0
armselig	off 1.0		__DUMMY__ 0.8903026752352122 neg 0.05606500513502107 off 0.05363231962976668	false	0.5
desaster	neg 1.0		__DUMMY__ 0.8924173754108886 neg 0.06502585205676553 off 0.0425567725323459	false	1.0
tod	neg 1.0		__DUMMY__ 0.8901951965276514 neg 0.0651940066671739 off 0.04461079680517472	false	1.0
herzlos	neg 1.0		__DUMMY__ 0.8927865379346339 off 0.05385638963011669 neg 0.053357072435249425	false	0.5
unwissenheit	neg 1.0		__DUMMY__ 0.8922747099322406 neg 0.06199919144723505 off 0.045726098620524486	false	1.0
widersinnig	neg 1.0		__DUMMY__ 0.8886872844058585 neg 0.0643396467254136 off 0.04697306886872781	false	1.0
bedenklich	neg 1.0		__DUMMY__ 0.8944694859702668 neg 0.06116056958490107 off 0.04436994444483207	false	1.0
beanstanden	neg 1.0		__DUMMY__ 0.8952691200810449 neg 0.061534059721998505 off 0.04319682019695672	false	1.0
panisch	neg 1.0	neg 1.0	neg 0.5094138429637899 __DUMMY__ 0.454090783490618 off 0.03649537354559204	false	1.0
debil	off 1.0		__DUMMY__ 0.8972162449930472 neg 0.06215260814289698 off 0.040631146864055896	false	0.5
abstrich	neg 1.0		__DUMMY__ 0.9019831720823202 neg 0.05159356944097694 off 0.046423258476702894	false	1.0
primitiv	neg 1.0		__DUMMY__ 0.890912941043488 neg 0.05668748981968844 off 0.05239956913682357	false	1.0
abschaum	off 1.0	off 1.0	off 0.5090279913746416 __DUMMY__ 0.4463269043945254 neg 0.044645104230832997	false	1.0
provozieren	neg 1.0		__DUMMY__ 0.8919128030257862 neg 0.060412474000201236 off 0.04767472297401253	false	1.0
tot	neg 1.0		__DUMMY__ 0.8930131054253577 neg 0.06082431050784578 off 0.0461625840667964	false	1.0
instabil	neg 1.0		__DUMMY__ 0.8896572702649442 neg 0.055810502983862684 off 0.05453222675119315	false	1.0
schwuchtel	off 1.0		__DUMMY__ 0.8832055776979236 off 0.06316543099337989 neg 0.053628991308696444	false	1.0
zerren	neg 1.0		__DUMMY__ 0.8960740857081522 neg 0.05802903452682394 off 0.04589687976502386	false	1.0
kinderficker	off 1.0		__DUMMY__ 0.8876727102008654 neg 0.05686292321814454 off 0.05546436658099009	false	0.5
gefahr	neg 1.0		__DUMMY__ 0.8931274664277303 neg 0.061853082382279156 off 0.045019451189990504	false	1.0
rabiat	neg 1.0		__DUMMY__ 0.8940898573457402 neg 0.05860771938877291 off 0.04730242326548696	false	1.0
verlangsamung	neg 1.0		__DUMMY__ 0.8884555138968534 off 0.05791392892647334 neg 0.05363055717667322	false	0.5
ausgestorben	neg 1.0		__DUMMY__ 0.8954542364879761 neg 0.058587642729740666 off 0.04595812078228329	false	1.0
anklagen	neg 1.0		__DUMMY__ 0.8920394222827861 neg 0.06072555683391904 off 0.04723502088329486	false	1.0
trott	neg 1.0		__DUMMY__ 0.8959166425614442 neg 0.05696451784397053 off 0.04711883959458539	false	1.0
verminderung	neg 1.0		__DUMMY__ 0.8924795600104227 neg 0.05436528595591849 off 0.05315515403365875	false	1.0
nach			__DUMMY__ 0.9025485261279405 neg 0.05672468986478832 off 0.04072678400727121	false	0.0
rost	neg 1.0		__DUMMY__ 0.8885826475366223 off 0.0578537056351296 neg 0.053563646828248004	false	0.5
destruktiv	neg 1.0		__DUMMY__ 0.8911352699914166 neg 0.06205055492662432 off 0.04681417508195905	false	1.0
unzumutbarkeit	neg 1.0		__DUMMY__ 0.895111424360091 off 0.05253551235794624 neg 0.05235306328196276	false	0.5
labil	off 1.0	off 1.0	off 0.5096401865139294 __DUMMY__ 0.4472056169970902 neg 0.04315419648898039	false	1.0
ziemlich	neg 1.0		__DUMMY__ 0.8937121470205717 neg 0.05476243735233499 off 0.05152541562709334	false	1.0
lachnummer	off 1.0		__DUMMY__ 0.8914050776556873 neg 0.061674900501258706 off 0.04692002184305399	false	0.5
oder			__DUMMY__ 0.8974361640292101 neg 0.05574142597619173 off 0.046822409994598094	false	0.0
verfall	neg 1.0		__DUMMY__ 0.8963138733167116 neg 0.06294211599992185 off 0.0407440106833665	false	1.0
ausgrenzung	neg 1.0		__DUMMY__ 0.888720893349698 neg 0.06170065451865155 off 0.04957845213165054	false	1.0
unordnung	neg 1.0		__DUMMY__ 0.888883651783923 neg 0.05633354496662427 off 0.05478280324945266	false	1.0
fehlverhalten	neg 1.0		__DUMMY__ 0.8925765410940105 neg 0.06286082380722485 off 0.044562635098764534	false	1.0
eine			__DUMMY__ 0.8976486697943044 neg 0.05960091414335579 off 0.04275041606233979	false	0.0
nille	neg 1.0		__DUMMY__ 0.8910435946803402 neg 0.06121490657205344 off 0.0477414987476064	false	1.0
qual	neg 1.0		__DUMMY__ 0.8955309663448068 neg 0.057358814028053866 off 0.04711021962713932	false	1.0
verschwenden	neg 1.0		__DUMMY__ 0.8956686645411222 neg 0.059995241447454405 off 0.044336094011423535	false	1.0
riesig	neg 1.0		__DUMMY__ 0.8971673426077765 neg 0.056462634713488245 off 0.04637002267873529	false	1.0
verurteilen	neg 1.0		__DUMMY__ 0.8913783434861497 neg 0.06264172482207914 off 0.04597993169177103	false	1.0
klischee	neg 1.0	neg 1.0	neg 0.5149918045535344 __DUMMY__ 0.44703798929355887 off 0.03797020615290676	false	1.0
diktatorisch	neg 1.0		__DUMMY__ 0.8868344769761387 neg 0.06405654727089424 off 0.04910897575296702	false	1.0
vorhersehbar	neg 1.0		__DUMMY__ 0.8914281302058641 neg 0.05943637722146574 off 0.04913549257267017	false	1.0
sowie			__DUMMY__ 0.8873999927911487 off 0.05667739461640662 neg 0.0559226125924447	false	0.0
stornieren	neg 1.0		__DUMMY__ 0.8972580227412487 neg 0.05366351599358829 off 0.04907846126516309	false	1.0
besteuerung	neg 1.0		__DUMMY__ 0.8937338695105624 neg 0.05792418485030678 off 0.048341945639130836	false	1.0
ungeschminkt	neg 1.0		__DUMMY__ 0.8938199034471247 neg 0.05444962697457881 off 0.05173046957829644	false	1.0
kritisch	neg 1.0		__DUMMY__ 0.8929041672423641 neg 0.06232198134353598 off 0.044773851414100015	false	1.0
schlamperei	off 1.0		__DUMMY__ 0.8928307389769848 neg 0.061890830841761675 off 0.04527843018125351	false	0.5
sucht	neg 1.0	neg 1.0	neg 0.5086832072149061 __DUMMY__ 0.4543042610000689 off 0.037012531785024984	false	1.0
egoistisch	off 1.0		__DUMMY__ 0.8904741655983086 off 0.05586518932354006 neg 0.05366064507815133	false	1.0
ausbeuter	off 1.0		__DUMMY__ 0.8920433530551064 neg 0.06364207555903682 off 0.04431457138585681	false	0.5
arschgeburt	off 1.0		__DUMMY__ 0.8833323111302307 off 0.06312716874637772 neg 0.053540520123391555	false	1.0
schubs	neg 1.0	neg 1.0	neg 0.512128661798821 __DUMMY__ 0.45411606903923263 off 0.03375526916194644	false	1.0
unsolide	neg 1.0		__DUMMY__ 0.8849269085688023 neg 0.06318299690079826 off 0.05189009453039946	false	1.0
beschwerde	neg 1.0		__DUMMY__ 0.8933381079201711 neg 0.06081168624571833 off 0.04585020583411058	false	1.0
stocken	neg 1.0		__DUMMY__ 0.8958545638555614 neg 0.058910572210563415 off 0.04523486393387521	false	1.0
isolieren	neg 1.0		__DUMMY__ 0.8984313723225035 neg 0.054830256644520736 off 0.04673837103297574	false	1.0
unheilbar	neg 1.0		__DUMMY__ 0.8932430786761453 neg 0.058831242668261 off 0.04792567865559373	false	1.0
pisser	off 1.0		__DUMMY__ 0.8896296555438523 neg 0.0559522722915246 off 0.05441807216462301	false	0.5
löschen	neg 1.0		__DUMMY__ 0.8936377173024915 neg 0.05806197603106773 off 0.04830030666644082	false	1.0
durchfallen	neg 1.0		__DUMMY__ 0.8948575633534146 neg 0.060371006102542986 off 0.04477143054404234	false	1.0
wichser	off 1.0		__DUMMY__ 0.8880712981455693 off 0.05961749463372793 neg 0.052311207220702816	false	1.0
terror	neg 1.0		__DUMMY__ 0.8962961150747347 neg 0.05366077859594145 off 0.05004310632932379	false	1.0
krass	neg 1.0		__DUMMY__ 0.892668980159499 off 0.05390422341836296 neg 0.053426796422138025	false	0.5
revolte	neg 1.0	neg 1.0	neg 0.5186591232031466 __DUMMY__ 0.4429178203341914 off 0.03842305646266207	false	1.0
besorgt	neg 1.0		__DUMMY__ 0.8990214658074205 neg 0.05532484371514821 off 0.04565369047743128	false	1.0
nachlassen	neg 1.0		__DUMMY__ 0.8986730394906487 neg 0.055856071966287335 off 0.045470888543063956	false	1.0
alt	neg 1.0		__DUMMY__ 0.9000689835346646 neg 0.05658916252272906 off 0.04334185394260639	false	1.0
hundesohn	off 1.0		__DUMMY__ 0.8852932213529752 off 0.059366436919881416 neg 0.055340341727143416	false	1.0
als			__DUMMY__ 0.8967973247874664 neg 0.057958683105831944 off 0.045243992106701596	false	0.0
abschreckung	neg 1.0		__DUMMY__ 0.8937077183490293 neg 0.06280991312217332 off 0.04348236852879732	false	1.0
unqualifiziert	neg 1.0		__DUMMY__ 0.8917393275288209 neg 0.058853352556550186 off 0.0494073199146289	false	1.0
abgewichst	off 1.0		__DUMMY__ 0.8935170590301286 neg 0.05979358160313723 off 0.0466893593667341	false	0.5
schwer	neg 1.0		__DUMMY__ 0.8958429058114205 neg 0.05742160404736723 off 0.04673549014121234	false	1.0
bedeutungslosigkeit	neg 1.0		__DUMMY__ 0.8928242289180406 neg 0.06315514233280088 off 0.044020628749158526	false	1.0
kapitulation	neg 1.0		__DUMMY__ 0.8885418038618617 neg 0.06552362599034584 off 0.045934570147792474	false	1.0
unscharf	neg 1.0		__DUMMY__ 0.8956944674124159 neg 0.05517862451475748 off 0.0491269080728266	false	1.0
schwinden	neg 1.0		__DUMMY__ 0.8961444910371904 neg 0.05978642711258802 off 0.04406908185022149	false	1.0
versklavung	neg 1.0	neg 1.0	neg 0.5175173216579664 __DUMMY__ 0.44547891038730186 off 0.03700376795473184	false	1.0
schlecht	neg 1.0		__DUMMY__ 0.8941215728513563 neg 0.05404588339241136 off 0.05183254375623238	false	1.0
verhasst	neg 1.0		__DUMMY__ 0.8913441502874639 neg 0.060906962318416 off 0.04774888739412001	false	1.0
beschweren	neg 1.0		__DUMMY__ 0.8950632885161347 neg 0.05650420194231939 off 0.0484325095415459	false	1.0
scheiden	neg 1.0		__DUMMY__ 0.8948683930678122 neg 0.05882587856603366 off 0.04630572836615422	false	1.0
frustriert	neg 1.0		__DUMMY__ 0.8952420843992901 neg 0.05866834600448375 off 0.04608956959622615	false	1.0
schimmelig	neg 1.0		__DUMMY__ 0.8971852569906533 neg 0.05861088518815323 off 0.04420385782119352	false	1.0
fisch	neg 1.0		__DUMMY__ 0.8968128752133533 neg 0.05873031474003722 off 0.04445681004660944	false	1.0
schmuggel	neg 1.0		__DUMMY__ 0.8980591173800119 neg 0.05851597929049225 off 0.043424903329495786	false	1.0
auffallen	neg 1.0		__DUMMY__ 0.8945551457371349 neg 0.056636759895966456 off 0.04880809436689857	false	1.0
konkurrenz	neg 1.0		__DUMMY__ 0.8973189896860944 neg 0.059643614833966 off 0.043037395479939754	false	1.0
teufelskreis	neg 1.0		__DUMMY__ 0.8937797346377074 neg 0.05981582381403948 off 0.04640444154825313	false	1.0
aufschreien	neg 1.0		__DUMMY__ 0.8918807877475453 neg 0.05916701764478538 off 0.04895219460766943	false	1.0
schuldner	neg 1.0		__DUMMY__ 0.8930625476696531 neg 0.06218805248645884 off 0.04474939984388819	false	1.0
missgeburt	off 1.0	off 1.0	off 0.5129932419664174 __DUMMY__ 0.4450147009462421 neg 0.041992057087340585	false	1.0
arbeitslos	neg 1.0		__DUMMY__ 0.8932507177607426 neg 0.06106104325055101 off 0.04568823898870636	false	1.0
befallen	neg 1.0		__DUMMY__ 0.8888369310209469 neg 0.06525477489161284 off 0.04590829408744018	false	1.0
miesepetrig	off 1.0		__DUMMY__ 0.8956485737647907 neg 0.05313782011857298 off 0.051213606116636286	false	0.5
alarmieren	neg 1.0		__DUMMY__ 0.8907591035393058 neg 0.05764031034914358 off 0.051600586111550585	false	1.0
ungeduscht	off 1.0		__DUMMY__ 0.8958748868677419 neg 0.054988066936718316 off 0.049137046195539824	false	0.5
knappheit	neg 1.0		__DUMMY__ 0.8952846336298288 neg 0.05882234262319136 off 0.0458930237469799	false	1.0
schlange	neg 1.0		__DUMMY__ 0.8970544091221124 neg 0.054932493522047245 off 0.04801309735584028	false	1.0
harsch	neg 1.0		__DUMMY__ 0.8935388778693681 off 0.05651783011440693 neg 0.04994329201622485	false	0.5
lang	neg 1.0		__DUMMY__ 0.8947933767000975 neg 0.05690298322222538 off 0.04830364007767708	false	1.0
ziellos	neg 1.0		__DUMMY__ 0.8960027792466002 neg 0.05902253439875275 off 0.04497468635464708	false	1.0
selbstverliebt	neg 1.0		__DUMMY__ 0.8842240324813072 off 0.06081898356316498 neg 0.05495698395552777	false	0.5
beseitigen	neg 1.0		__DUMMY__ 0.897613188452531 neg 0.054442752129655 off 0.04794405941781395	false	1.0
dumm	off 1.0		__DUMMY__ 0.8892139413414284 off 0.056474182514203684 neg 0.05431187614436793	false	1.0
arbeitsloser	neg 1.0		__DUMMY__ 0.8937059970084449 neg 0.06126555304792729 off 0.04502844994362778	false	1.0
blitzen	neg 1.0		__DUMMY__ 0.8930469288858546 neg 0.05656730201266938 off 0.050385769101476026	false	1.0
hilflos	neg 1.0		__DUMMY__ 0.8953173220694179 neg 0.058986100613078116 off 0.045696577317503914	false	1.0
eklig	off 1.0		__DUMMY__ 0.8889951108101113 off 0.05716479498004299 neg 0.05384009420984566	false	1.0
begriff			__DUMMY__ 0.8941296977239047 neg 0.0597012246169088 off 0.04616907765918652	false	0.0
hungersnot	neg 1.0		__DUMMY__ 0.8876840999913563 neg 0.06467705520770113 off 0.0476388448009425	false	1.0
ungesetzlich	neg 1.0		__DUMMY__ 0.8879198687355789 neg 0.06185986075406879 off 0.05022027051035222	false	1.0
verschwendung	neg 1.0		__DUMMY__ 0.8954389735909393 neg 0.060848668111524284 off 0.04371235829753645	false	1.0
schmerzvoll	neg 1.0		__DUMMY__ 0.8951930658542608 neg 0.056435939779609326 off 0.04837099436612989	false	1.0
vorzeitig	neg 1.0		__DUMMY__ 0.8935302067561564 neg 0.054842917516550765 off 0.051626875727292854	false	1.0
unvollkommenheit	neg 1.0		__DUMMY__ 0.894710830943071 neg 0.057914241777470434 off 0.04737492727945854	false	1.0
intervenieren	neg 1.0		__DUMMY__ 0.8913517451322938 neg 0.06398798531874157 off 0.04466026954896463	false	1.0
banause	off 1.0		__DUMMY__ 0.8879938933745148 off 0.05834111408899356 neg 0.05366499253649155	false	1.0
rebell	neg 1.0		__DUMMY__ 0.8983409667953415 neg 0.059032389367560376 off 0.04262664383709812	false	1.0
unlogisch	neg 1.0		__DUMMY__ 0.8906611833774116 neg 0.055667988463897373 off 0.05367082815869101	false	1.0
leiden	neg 1.0	neg 1.0	neg 0.5098755274506174 __DUMMY__ 0.45798224588201725 off 0.03214222666736543	false	1.0
abschaffung	neg 1.0		__DUMMY__ 0.8915582271890041 neg 0.06006097843719612 off 0.048380794373799815	false	1.0
sturz	neg 1.0		__DUMMY__ 0.8908314656750026 neg 0.06038948986753405 off 0.04877904445746332	false	1.0
verkleinerung	neg 1.0		__DUMMY__ 0.8895572035425534 neg 0.059530119072950305 off 0.05091267738449634	false	1.0
schmarotzer	off 1.0		__DUMMY__ 0.891825397845965 neg 0.06277556386942389 off 0.04539903828461101	false	0.5
bestrafung	neg 1.0		__DUMMY__ 0.8924969478877329 neg 0.059164428846369396 off 0.04833862326589766	false	1.0
achtlos	neg 1.0		__DUMMY__ 0.8963804716861791 neg 0.05698987640672142 off 0.046629651907099404	false	1.0
ungeheuer	neg 1.0		__DUMMY__ 0.8929144703498113 neg 0.058186589267657386 off 0.048898940382531196	false	1.0
unaufrichtig	neg 1.0		__DUMMY__ 0.8894404115135006 neg 0.06038788657615859 off 0.050171701910340774	false	1.0
