unsolidarisch	neg 1.0		neg 0.5519131236254019 off 0.4407578215665202 __DUMMY__ 0.007329054808077878	false	1.0
nachteilig	neg 1.0		neg 0.5503731577785427 off 0.4421849555149969 __DUMMY__ 0.007441886706460335	false	1.0
skeptisch	neg 1.0		neg 0.5531604174248055 off 0.439382745698099 __DUMMY__ 0.007456836877095482	false	1.0
schrecklich	neg 1.0		neg 0.5388987852796976 off 0.453701126054449 __DUMMY__ 0.007400088665853356	false	1.0
schlapp	neg 1.0		neg 0.5410890520045424 off 0.45144955158938443 __DUMMY__ 0.00746139640607318	false	1.0
abfall	neg 1.0		neg 0.5544029435201179 off 0.4381257726853683 __DUMMY__ 0.007471283794513747	false	1.0
widerspenstig	neg 1.0		neg 0.5462757983086556 off 0.44625115532117865 __DUMMY__ 0.007473046370165815	false	1.0
abrupt	neg 1.0		neg 0.5465882391233758 off 0.4459133322498819 __DUMMY__ 0.007498428626742374	false	1.0
unwirksam	neg 1.0		neg 0.5491716231395813 off 0.44345412552156993 __DUMMY__ 0.007374251338848707	false	1.0
angreifen	neg 1.0		neg 0.552850484880634 off 0.4397198447531071 __DUMMY__ 0.007429670366258864	false	1.0
inkonsistent	neg 1.0		neg 0.5451213901326767 off 0.44745600479279773 __DUMMY__ 0.0074226050745255364	false	1.0
abrutschen	neg 1.0		neg 0.5539375098852836 off 0.43858310716002374 __DUMMY__ 0.007479382954692799	false	1.0
unsicher	neg 1.0		neg 0.546934172619256 off 0.44560975054670227 __DUMMY__ 0.007456076834041867	false	1.0
bauernkind	off 1.0		neg 0.537214858505467 off 0.45544389667282265 __DUMMY__ 0.007341244821710458	false	0.5
angreifer	neg 1.0		neg 0.5457158276749969 off 0.44689533976215046 __DUMMY__ 0.007388832562852621	false	1.0
trennen	neg 1.0		neg 0.5501765461102616 off 0.44232139272022236 __DUMMY__ 0.007502061169516103	false	1.0
schmutz	neg 1.0		neg 0.5380854379536107 off 0.4544157709337218 __DUMMY__ 0.007498791112667409	false	1.0
inkonsistenz	neg 1.0	neg 1.0	neg 0.7596870658277785 off 0.2367760607588091 __DUMMY__ 0.0035368734134124937	false	1.0
erschreckend	neg 1.0		neg 0.5497910152031348 off 0.4427818549295757 __DUMMY__ 0.007427129867289391	false	1.0
ertrinken	neg 1.0		neg 0.5503108952935678 off 0.44221974484263754 __DUMMY__ 0.007469359863794531	false	1.0
pickelface	off 1.0		neg 0.5479853604739928 off 0.44461254704151215 __DUMMY__ 0.007402092484494988	false	0.5
seiner			neg 0.5522272853419493 off 0.4403253384501826 __DUMMY__ 0.0074473762078681015	false	0.0
lauch	neg 1.0		neg 0.5528364136335044 off 0.43969776181324294 __DUMMY__ 0.0074658245532524614	false	1.0
unwichtig	neg 1.0		neg 0.5431451536412173 off 0.44943583492787675 __DUMMY__ 0.007419011430905927	false	1.0
steuerhinterziehung	neg 1.0		neg 0.5511338418276747 off 0.4414913833872729 __DUMMY__ 0.007374774785052304	false	1.0
schock	neg 1.0		neg 0.547177771474771 off 0.44533136197290557 __DUMMY__ 0.007490866552323467	false	1.0
beule	neg 1.0		neg 0.5398986452452774 off 0.4526500956353574 __DUMMY__ 0.007451259119365168	false	1.0
vergelten	neg 1.0		neg 0.5387583458312968 off 0.4538805251672109 __DUMMY__ 0.007361129001492277	false	1.0
verdorbenheit	neg 1.0		neg 0.5442014272713201 off 0.4483277240301373 __DUMMY__ 0.007470848698542482	false	1.0
trauma	neg 1.0		neg 0.5458518018015734 off 0.4467201408590329 __DUMMY__ 0.007428057339393698	false	1.0
sinnlos	neg 1.0		neg 0.54546166677098 off 0.4471070518397201 __DUMMY__ 0.007431281389300061	false	1.0
fettsack	off 1.0	off 1.0	off 0.711493236018052 neg 0.28497903326128216 __DUMMY__ 0.003527730720665847	false	1.0
feige	off 1.0		neg 0.5454271227623323 off 0.4471905898524518 __DUMMY__ 0.007382287385215884	false	0.5
abdanken	neg 1.0		neg 0.5529429083152079 off 0.4397211300951634 __DUMMY__ 0.007335961589628753	false	1.0
wichtigtuer	off 1.0	off 1.0	off 0.705861242508325 neg 0.2906013395542215 __DUMMY__ 0.003537417937453489	false	1.0
misslingen	neg 1.0		neg 0.543990678834613 off 0.4485482875501206 __DUMMY__ 0.007461033615266446	false	1.0
untreu	off 1.0		neg 0.5424462845309184 off 0.4501389692872318 __DUMMY__ 0.007414746181849897	false	0.5
missmutig	neg 1.0		neg 0.5427720172028971 off 0.4497832332448913 __DUMMY__ 0.007444749552211478	false	1.0
hurenbock	off 1.0		neg 0.5433190566047569 off 0.44919826531771406 __DUMMY__ 0.007482678077529172	false	0.5
betrunken	neg 1.0		neg 0.5396361103342564 off 0.45292959953451684 __DUMMY__ 0.007434290131226848	false	1.0
korrupt	off 1.0		neg 0.553647645397996 off 0.4389915927572853 __DUMMY__ 0.0073607618447187875	false	0.5
unmut	neg 1.0		neg 0.5547446366367078 off 0.43780957701046824 __DUMMY__ 0.007445786352823855	false	1.0
hackfresse	off 1.0		neg 0.5357319969720822 off 0.45688920091962404 __DUMMY__ 0.007378802108293701	false	0.5
aufblasen	neg 1.0		neg 0.5446134609780595 off 0.4479180030998059 __DUMMY__ 0.007468535922134529	false	1.0
gewaltsam	neg 1.0		neg 0.5485462967387588 off 0.444071188180462 __DUMMY__ 0.007382515080779239	false	1.0
unbeliebtheit	neg 1.0		neg 0.545369553127243 off 0.447323579110206 __DUMMY__ 0.0073068677625510205	false	1.0
sturheit	neg 1.0		neg 0.5511059906455484 off 0.44149859256293816 __DUMMY__ 0.007395416791513258	false	1.0
kuh	neg 1.0		neg 0.5457869055016897 off 0.4467919650313465 __DUMMY__ 0.007421129466963868	false	1.0
erschrecken	neg 1.0		neg 0.5434145577571361 off 0.449146236626729 __DUMMY__ 0.007439205616134876	false	1.0
opfer	neg 1.0	neg 1.0	neg 0.7629998013199915 off 0.23344135782886524 __DUMMY__ 0.0035588408511433045	false	1.0
sinken	neg 1.0		neg 0.5533038198871194 off 0.4392419598662761 __DUMMY__ 0.007454220246604515	false	1.0
stinktier	neg 1.0		neg 0.5390866380789278 off 0.4535344692830254 __DUMMY__ 0.0073788926380468555	false	1.0
tucke	off 1.0		neg 0.533968686922981 off 0.45863385349518293 __DUMMY__ 0.007397459581836084	false	0.5
ein			neg 0.5441873150414658 off 0.44831759329906984 __DUMMY__ 0.0074950916594644906	false	0.0
abstieg	neg 1.0		neg 0.5512098973113747 off 0.4413884503647178 __DUMMY__ 0.007401652323907432	false	1.0
missverstehen	neg 1.0		neg 0.5473127585426313 off 0.4452920380629697 __DUMMY__ 0.007395203394398898	false	1.0
ergebnislos	neg 1.0		neg 0.5510015309246595 off 0.44158006336334726 __DUMMY__ 0.007418405711993207	false	1.0
unter			neg 0.554706578392197 off 0.43774007702746853 __DUMMY__ 0.0075533445803345756	false	0.0
manipulieren	neg 1.0		neg 0.5525763635962949 off 0.43998508554342386 __DUMMY__ 0.007438550860281269	false	1.0
unbewiesen	neg 1.0		neg 0.5517264551243286 off 0.44093763111950934 __DUMMY__ 0.007335913756162038	false	1.0
verschleppen	neg 1.0		neg 0.551785114771779 off 0.44080750430503673 __DUMMY__ 0.007407380923184191	false	1.0
weib	off 1.0		neg 0.5347155893135822 off 0.4579191172378774 __DUMMY__ 0.0073652934485403465	false	0.5
opposition	neg 1.0		neg 0.5483657079530413 off 0.44426836352954097 __DUMMY__ 0.007365928517417714	false	1.0
verkehrswidrig	neg 1.0		neg 0.5356845261569593 off 0.4568931842948646 __DUMMY__ 0.007422289548176246	false	1.0
inkorrekt	neg 1.0		neg 0.5454166542515985 off 0.44724316134839753 __DUMMY__ 0.007340184400003826	false	1.0
vermeiden	neg 1.0		neg 0.5531818304522511 off 0.43929626812234446 __DUMMY__ 0.007521901425404316	false	1.0
abweichung	neg 1.0		neg 0.5522113717544257 off 0.44039984249260195 __DUMMY__ 0.007388785752972385	false	1.0
alkoholisiert	neg 1.0		neg 0.5478134945933852 off 0.44470745965655556 __DUMMY__ 0.007479045750059235	false	1.0
scheiss	off 1.0	off 1.0	off 0.7099510978753614 neg 0.2864904166339164 __DUMMY__ 0.003558485490722377	false	1.0
herausforderung	neg 1.0		neg 0.5464428338481799 off 0.44603626804426927 __DUMMY__ 0.007520898107550815	false	1.0
pervers	off 1.0		neg 0.531994103905104 off 0.4606520910694221 __DUMMY__ 0.007353805025473843	false	0.5
wackelig	neg 1.0		neg 0.5466128091559505 off 0.4458691090120759 __DUMMY__ 0.007518081831973549	false	1.0
verwickeln	neg 1.0		neg 0.5468337319307873 off 0.44575372600207686 __DUMMY__ 0.007412542067135751	false	1.0
vorwand	neg 1.0		neg 0.5545977894248685 off 0.4379736059127571 __DUMMY__ 0.00742860466237427	false	1.0
muschi	off 1.0		neg 0.5488720582748977 off 0.44373146987272943 __DUMMY__ 0.007396471852372903	false	0.5
entmutigung	neg 1.0		neg 0.5509000466169667 off 0.4418042399407659 __DUMMY__ 0.007295713442267504	false	1.0
unangemessen	neg 1.0		neg 0.5524928873584083 off 0.44011322829264166 __DUMMY__ 0.00739388434895012	false	1.0
unstetig	neg 1.0		neg 0.5438821390895945 off 0.4487074935603666 __DUMMY__ 0.007410367350038853	false	1.0
entmutigen	neg 1.0		neg 0.5460776242833738 off 0.44647785155688435 __DUMMY__ 0.007444524159741936	false	1.0
schwanz	neg 1.0		neg 0.5496262677364098 off 0.4429388348935816 __DUMMY__ 0.007434897370008476	false	1.0
verbot	neg 1.0		neg 0.5521366785962213 off 0.44048664954110384 __DUMMY__ 0.007376671862674965	false	1.0
leid	neg 1.0		neg 0.5372642393698928 off 0.45534295167197264 __DUMMY__ 0.007392808958134541	false	1.0
archaisch	neg 1.0		neg 0.5514583810053998 off 0.4411394387896202 __DUMMY__ 0.007402180204980069	false	1.0
gegen			neg 0.5547879279277476 off 0.4377985304745654 __DUMMY__ 0.007413541597687082	false	0.0
scheidung	neg 1.0	neg 1.0	neg 0.7466720829434104 off 0.24979697711472615 __DUMMY__ 0.0035309399418635497	false	1.0
einschlag	neg 1.0		neg 0.5389622509539335 off 0.4536651071525906 __DUMMY__ 0.0073726418934760354	false	1.0
m			neg 0.5476047890800019 off 0.44492791121451614 __DUMMY__ 0.007467299705481937	false	0.0
abgestanden	neg 1.0		neg 0.5449815736701086 off 0.44753666267192777 __DUMMY__ 0.007481763657963557	false	1.0
schmierig	off 1.0		neg 0.5378253465678876 off 0.4547648368078599 __DUMMY__ 0.007409816624252315	false	0.5
unpraktisch	neg 1.0		neg 0.5441141371642445 off 0.44840728720159767 __DUMMY__ 0.007478575634157787	false	1.0
wixxer	off 1.0		neg 0.532727580933096 off 0.4599389823614821 __DUMMY__ 0.0073334367054218195	false	0.5
bezeichnet			neg 0.5503218704856471 off 0.44227822877503403 __DUMMY__ 0.007399900739318984	false	0.0
jammerlappen	off 1.0		neg 0.5434232820536851 off 0.4491610858042721 __DUMMY__ 0.007415632142042789	false	0.5
farce	neg 1.0		neg 0.5537359120771672 off 0.43893163692413883 __DUMMY__ 0.007332450998693991	false	1.0
zwecklos	neg 1.0		neg 0.5520686791536569 off 0.4405198981797496 __DUMMY__ 0.007411422666593572	false	1.0
turbulent	neg 1.0		neg 0.5399269812601792 off 0.4526905176076166 __DUMMY__ 0.0073825011322042776	false	1.0
invasion	neg 1.0		neg 0.5430515547132511 off 0.44949843370164244 __DUMMY__ 0.007450011585106504	false	1.0
schuld	neg 1.0		neg 0.5475088732762148 off 0.4450692555528593 __DUMMY__ 0.007421871170925966	false	1.0
risiko	neg 1.0		neg 0.5414116514933562 off 0.45111159063771755 __DUMMY__ 0.007476757868926109	false	1.0
finster	neg 1.0		neg 0.5446088228314483 off 0.44790507430422144 __DUMMY__ 0.007486102864330098	false	1.0
geisteskrank	off 1.0		neg 0.5439863360090753 off 0.44865260691145065 __DUMMY__ 0.007361057079474071	false	0.5
zusammenbrechen	neg 1.0		neg 0.5481244397313578 off 0.44440995425055113 __DUMMY__ 0.00746560601809112	false	1.0
ausbeute	neg 1.0		neg 0.5483010933981347 off 0.4442130417760276 __DUMMY__ 0.00748586482583766	false	1.0
hinterhalt	neg 1.0		neg 0.5471332047775883 off 0.4454519637587348 __DUMMY__ 0.007414831463676961	false	1.0
kritik	neg 1.0		neg 0.55284486704964 off 0.439803404630365 __DUMMY__ 0.007351728319994998	false	1.0
einschrumpfen	neg 1.0		neg 0.5462384055587118 off 0.4464019949586578 __DUMMY__ 0.007359599482630372	false	1.0
riskant	neg 1.0		neg 0.5515457586991027 off 0.44100274203085077 __DUMMY__ 0.007451499270046583	false	1.0
frustrieren	neg 1.0		neg 0.5521914293186277 off 0.4403691866398625 __DUMMY__ 0.007439384041509738	false	1.0
groll	neg 1.0		neg 0.55175268738593 off 0.440833963427537 __DUMMY__ 0.007413349186533011	false	1.0
gibt			neg 0.5496041143833165 off 0.44295073769304427 __DUMMY__ 0.007445147923639286	false	0.0
qualvoll	neg 1.0		neg 0.544479663681409 off 0.4480752234061049 __DUMMY__ 0.007445112912486085	false	1.0
wackeln	neg 1.0		neg 0.5444464916308431 off 0.44806623789939704 __DUMMY__ 0.007487270469759647	false	1.0
klagen	neg 1.0		neg 0.5548674556258707 off 0.4377088836911228 __DUMMY__ 0.007423660683006566	false	1.0
bankrott	neg 1.0		neg 0.5415829635310639 off 0.4509770173574081 __DUMMY__ 0.007440019111527893	false	1.0
trauern	neg 1.0		neg 0.5521629742281599 off 0.440402667274259 __DUMMY__ 0.007434358497581298	false	1.0
ablehnung	neg 1.0	neg 1.0	neg 0.7630961504169946 off 0.23337963972523268 __DUMMY__ 0.0035242098577725877	false	1.0
stur	neg 1.0		neg 0.5468092157942087 off 0.44576422583498265 __DUMMY__ 0.007426558370808667	false	1.0
aufruhr	neg 1.0		neg 0.549965846143289 off 0.4426664103158526 __DUMMY__ 0.0073677435408583	false	1.0
melancholie	neg 1.0		neg 0.5477940446834932 off 0.4447149845012768 __DUMMY__ 0.007490970815230097	false	1.0
ist			neg 0.5465650361390877 off 0.4460091762100841 __DUMMY__ 0.007425787650828342	false	0.0
torheit	neg 1.0		neg 0.5509441830107629 off 0.4417197514601608 __DUMMY__ 0.0073360655290762985	false	1.0
dreckskind	off 1.0		neg 0.5391384182610451 off 0.4535322638351257 __DUMMY__ 0.0073293179038291635	false	0.5
umtauschen	neg 1.0		neg 0.5460237038701478 off 0.4464991113388989 __DUMMY__ 0.007477184790953457	false	1.0
zum			neg 0.551144718209094 off 0.44130213557984976 __DUMMY__ 0.007553146211056138	false	0.0
zersetzen	neg 1.0		neg 0.553560797000542 off 0.43900721596734005 __DUMMY__ 0.007431987032118004	false	1.0
zur			neg 0.5556304938814409 off 0.43690304279220454 __DUMMY__ 0.007466463326354559	false	0.0
frust	neg 1.0		neg 0.5492072833761045 off 0.4433419146835426 __DUMMY__ 0.007450801940352849	false	1.0
unerbittlichkeit	neg 1.0		neg 0.5530653148429123 off 0.4395135661833067 __DUMMY__ 0.007421118973780983	false	1.0
zwei			neg 0.5506967580183485 off 0.4417816878642877 __DUMMY__ 0.0075215541173639325	false	0.0
unkorrekt	neg 1.0		neg 0.5442066119708158 off 0.44844681226166366 __DUMMY__ 0.007346575767520607	false	1.0
hexe	off 1.0		neg 0.5418025602635282 off 0.4507726663853808 __DUMMY__ 0.007424773351090907	false	0.5
lasch	neg 1.0		neg 0.5463721348130521 off 0.4462421234612475 __DUMMY__ 0.007385741725700379	false	1.0
rivale	neg 1.0		neg 0.5389505523648618 off 0.4536653271561547 __DUMMY__ 0.007384120478983476	false	1.0
mutlos	off 1.0	off 1.0	off 0.7030321094398252 neg 0.2934248562756221 __DUMMY__ 0.0035430342845526115	false	1.0
wirr	off 1.0		neg 0.5416480457777212 off 0.45099451247352107 __DUMMY__ 0.00735744174875764	false	0.5
jahr			neg 0.5484415080192185 off 0.4440485448321735 __DUMMY__ 0.007509947148607917	false	0.0
wird			neg 0.550944139793491 off 0.4416070910206488 __DUMMY__ 0.007448769185860259	false	0.0
strafbar	neg 1.0		neg 0.554116746536984 off 0.4384914922578865 __DUMMY__ 0.007391761205129573	false	1.0
erosion	neg 1.0		neg 0.5445965782276709 off 0.4479448488076436 __DUMMY__ 0.00745857296468543	false	1.0
eingehen	neg 1.0		neg 0.551972804828189 off 0.4406054358229443 __DUMMY__ 0.007421759348866643	false	1.0
faul	off 1.0		neg 0.5409195518740747 off 0.4516112184521866 __DUMMY__ 0.007469229673738759	false	0.5
provisorium	neg 1.0		neg 0.5564691918116919 off 0.4360017635095289 __DUMMY__ 0.00752904467877927	false	1.0
schmerzen	neg 1.0		neg 0.5474961613118935 off 0.44503741990699636 __DUMMY__ 0.0074664187811101105	false	1.0
schrumpfen	neg 1.0		neg 0.5554208576674914 off 0.4370998748906278 __DUMMY__ 0.007479267441880931	false	1.0
geistlos	off 1.0		neg 0.5492516411332133 off 0.44341590458693214 __DUMMY__ 0.007332454279854434	false	0.5
fehlkauf	neg 1.0		neg 0.5458848650939172 off 0.446717063013558 __DUMMY__ 0.007398071892524659	false	1.0
frustrierend	neg 1.0		neg 0.5434199957859971 off 0.4491398921439449 __DUMMY__ 0.007440112070057876	false	1.0
unzufrieden	neg 1.0		neg 0.5508299870046977 off 0.4417350841639926 __DUMMY__ 0.00743492883130978	false	1.0
verzweifeln	neg 1.0		neg 0.5478532806217856 off 0.44469397248867726 __DUMMY__ 0.007452746889537304	false	1.0
verzweifelt	neg 1.0		neg 0.5467880545462016 off 0.4457826857577176 __DUMMY__ 0.007429259696080741	false	1.0
misstrauensantrag	neg 1.0		neg 0.545836568175578 off 0.4467675484453572 __DUMMY__ 0.007395883379064643	false	1.0
abfallen	neg 1.0		neg 0.5436536171406816 off 0.44884741621725227 __DUMMY__ 0.007498966642066093	false	1.0
fucker	off 1.0		neg 0.5408456636003725 off 0.4517737695404156 __DUMMY__ 0.007380566859212015	false	0.5
ungezogen	neg 1.0		neg 0.5337331244050372 off 0.4588867471475531 __DUMMY__ 0.007380128447409643	false	1.0
irrsinnig	neg 1.0	neg 1.0	neg 0.7607401529609845 off 0.23570962521762273 __DUMMY__ 0.0035502218213926367	false	1.0
unfassbar	neg 1.0		neg 0.5427781852270691 off 0.44980647801379314 __DUMMY__ 0.0074153367591376805	false	1.0
hart	neg 1.0		neg 0.5429179637661918 off 0.4496831561632564 __DUMMY__ 0.007398880070551822	false	1.0
widerlich	off 1.0		neg 0.5430539440510627 off 0.4495576721769126 __DUMMY__ 0.007388383772024752	false	0.5
fatal	neg 1.0		neg 0.5453559630347008 off 0.44723265638710646 __DUMMY__ 0.007411380578192731	false	1.0
bruch	neg 1.0		neg 0.5563672002113972 off 0.43622829152446047 __DUMMY__ 0.007404508264142299	false	1.0
aushungern	neg 1.0		neg 0.5507188304262616 off 0.4419176802444578 __DUMMY__ 0.007363489329280532	false	1.0
anspannung	neg 1.0		neg 0.5527225851044358 off 0.4397768322369205 __DUMMY__ 0.0075005826586436765	false	1.0
von			neg 0.5502067043536296 off 0.4422949233584116 __DUMMY__ 0.007498372287958764	false	0.0
kraftlos	neg 1.0		neg 0.5478405137643722 off 0.4446570705423027 __DUMMY__ 0.007502415693325029	false	1.0
vom			neg 0.5545310328435741 off 0.4379288357946926 __DUMMY__ 0.00754013136173331	false	0.0
grenzdebil	off 1.0		neg 0.5409037437082171 off 0.45167020064503915 __DUMMY__ 0.007426055646743699	false	0.5
vor			neg 0.5524018304767767 off 0.44011514546427094 __DUMMY__ 0.007483024058952345	false	0.0
unterwerfen	neg 1.0		neg 0.5527772001281105 off 0.43980894542352666 __DUMMY__ 0.007413854448362933	false	1.0
versenkung	neg 1.0		neg 0.552060701813753 off 0.44049889501305856 __DUMMY__ 0.007440403173188426	false	1.0
entziehen	neg 1.0		neg 0.5548751334731351 off 0.4376886228602616 __DUMMY__ 0.0074362436666033415	false	1.0
finanzkrise	neg 1.0		neg 0.5507468790999761 off 0.44188569559199203 __DUMMY__ 0.007367425308031734	false	1.0
schimpfend	neg 1.0		neg 0.5422351089570708 off 0.4502575843052426 __DUMMY__ 0.007507306737686646	false	1.0
profan	neg 1.0		neg 0.5454336180284869 off 0.44713457126023054 __DUMMY__ 0.007431810711282486	false	1.0
korruption	neg 1.0		neg 0.5529530167268035 off 0.43967645472353567 __DUMMY__ 0.00737052854966066	false	1.0
â			neg 0.5490005133275238 off 0.4435386556499933 __DUMMY__ 0.007460831022482866	false	0.0
schmutzig	neg 1.0		neg 0.5401815412249145 off 0.45236436974668526 __DUMMY__ 0.007454089028400195	false	1.0
sexy	neg 1.0		neg 0.543019148192406 off 0.44955494019904363 __DUMMY__ 0.00742591160855046	false	1.0
abraten	neg 1.0		neg 0.5453978265981009 off 0.44714890985273426 __DUMMY__ 0.007453263549164788	false	1.0
schwarz	neg 1.0		neg 0.5459104578336773 off 0.44666897117265086 __DUMMY__ 0.007420570993671953	false	1.0
fotze	off 1.0		neg 0.5505598372259357 off 0.4420336376173 __DUMMY__ 0.007406525156764215	false	0.5
verwirren	neg 1.0		neg 0.544651483152298 off 0.4479200283642741 __DUMMY__ 0.00742848848342776	false	1.0
zahnlos	off 1.0		neg 0.5518547122799345 off 0.44073783953139234 __DUMMY__ 0.007407448188673095	false	0.5
verheeren	neg 1.0		neg 0.5331639640322653 off 0.4594994070432261 __DUMMY__ 0.007336628924508543	false	1.0
hippie	neg 1.0		neg 0.5436385562452472 off 0.4489424163704504 __DUMMY__ 0.007419027384302566	false	1.0
rammen	neg 1.0		neg 0.5432203905558541 off 0.44933087247512565 __DUMMY__ 0.007448736969020064	false	1.0
unlauter	neg 1.0	neg 1.0	neg 0.7595869557373937 off 0.23686737236873376 __DUMMY__ 0.003545671893872553	false	1.0
unheilvoll	neg 1.0		neg 0.5447299493708078 off 0.4478228669094983 __DUMMY__ 0.007447183719693889	false	1.0
niedrig	neg 1.0		neg 0.549803125509719 off 0.4427489112037388 __DUMMY__ 0.007447963286542188	false	1.0
explosion	neg 1.0		neg 0.5431826301967428 off 0.44937722201662633 __DUMMY__ 0.007440147786630693	false	1.0
weichei	off 1.0		neg 0.5368654501491861 off 0.45575110094214566 __DUMMY__ 0.007383448908668238	false	0.5
minusmensch	off 1.0		neg 0.5359747370011021 off 0.45673600325850633 __DUMMY__ 0.007289259740391573	false	0.5
farblos	neg 1.0		neg 0.546547716326692 off 0.4460276799311341 __DUMMY__ 0.007424603742173966	false	1.0
unwissend	neg 1.0	neg 1.0	neg 0.7584049947351028 off 0.23805318361115194 __DUMMY__ 0.00354182165374536	false	1.0
traurig	neg 1.0		neg 0.5391501254622295 off 0.4534295378409568 __DUMMY__ 0.0074203366968136385	false	1.0
senkung	neg 1.0		neg 0.5440516346410742 off 0.44852730307984223 __DUMMY__ 0.007421062279083695	false	1.0
ungleich	neg 1.0	neg 1.0	neg 0.7633173954991457 off 0.23313014705689822 __DUMMY__ 0.0035524574439561116	false	1.0
heikel	neg 1.0		neg 0.5532230037772418 off 0.43933681268264824 __DUMMY__ 0.0074401835401100395	false	1.0
drosselung	neg 1.0		neg 0.5382678763562265 off 0.45430590260667447 __DUMMY__ 0.007426221037098857	false	1.0
falsch	neg 1.0		neg 0.5436570882268711 off 0.44891948058956077 __DUMMY__ 0.007423431183568133	false	1.0
unzufriedenheit	neg 1.0		neg 0.5537326746740943 off 0.43883371806652505 __DUMMY__ 0.007433607259380719	false	1.0
kurz	neg 1.0		neg 0.5469859664022111 off 0.44552198770457907 __DUMMY__ 0.007492045893209783	false	1.0
unsinnig	neg 1.0		neg 0.5507077504426907 off 0.44186677247453415 __DUMMY__ 0.007425477082775171	false	1.0
penner	off 1.0	off 1.0	off 0.7127580909844128 neg 0.2837075916755422 __DUMMY__ 0.0035343173400451135	false	1.0
seicht	neg 1.0		neg 0.5363364777409039 off 0.45632811322669015 __DUMMY__ 0.007335409032405974	false	1.0
dummheit	off 1.0	off 1.0	off 0.7063880773781283 neg 0.29007338978653047 __DUMMY__ 0.003538532835341227	false	1.0
unerfreulich	neg 1.0		neg 0.5526709636387452 off 0.43986477193657786 __DUMMY__ 0.007464264424677001	false	1.0
motherfucker	off 1.0	off 1.0	off 0.7097331069058904 neg 0.2867320171790891 __DUMMY__ 0.00353487591502054	false	1.0
pikiert	neg 1.0		neg 0.5444898310114775 off 0.44811972757724977 __DUMMY__ 0.007390441411272747	false	1.0
wrack	neg 1.0		neg 0.5491812099243224 off 0.443368444386577 __DUMMY__ 0.0074503456891006235	false	1.0
gangster	neg 1.0		neg 0.5444100507853669 off 0.4481676296132155 __DUMMY__ 0.007422319601417692	false	1.0
krank	neg 1.0		neg 0.539570470484003 off 0.45297533985212857 __DUMMY__ 0.0074541896638684255	false	1.0
reich	neg 1.0		neg 0.546518332073867 off 0.44616974941362353 __DUMMY__ 0.007311918512509587	false	1.0
gnadenlos	neg 1.0		neg 0.5470233278266838 off 0.4455481140432195 __DUMMY__ 0.007428558130096679	false	1.0
niedergeschlagen	neg 1.0		neg 0.5484024681658978 off 0.44413991924800433 __DUMMY__ 0.007457612586098042	false	1.0
terrorisieren	off 1.0	off 1.0	off 0.7035588416032832 neg 0.29288058633565367 __DUMMY__ 0.003560572061063136	false	1.0
sinnlosigkeit	neg 1.0		neg 0.5514324556617161 off 0.4411529896480005 __DUMMY__ 0.00741455469028354	false	1.0
behindern	neg 1.0		neg 0.5465893509185705 off 0.44595064812628477 __DUMMY__ 0.007460000955144791	false	1.0
undemokratisch	neg 1.0		neg 0.5495990036582594 off 0.4430461274276118 __DUMMY__ 0.007354868914128929	false	1.0
wirtschaftskrise	neg 1.0		neg 0.5519243628622817 off 0.4406834097142565 __DUMMY__ 0.007392227423461619	false	1.0
neid	neg 1.0		neg 0.5427137680131072 off 0.44983270879383636 __DUMMY__ 0.007453523193056577	false	1.0
rutschen	neg 1.0		neg 0.5505790864973481 off 0.4418604481451926 __DUMMY__ 0.007560465357459262	false	1.0
rezession	neg 1.0		neg 0.5400263146823843 off 0.45262743640167 __DUMMY__ 0.007346248915945562	false	1.0
fehlgeburt	neg 1.0		neg 0.5481591640045396 off 0.4444338037720614 __DUMMY__ 0.007407032223399134	false	1.0
charakterschwach	off 1.0		neg 0.5430815796803975 off 0.44952666500810534 __DUMMY__ 0.007391755311497268	false	0.5
isolation	neg 1.0		neg 0.5419972469278567 off 0.4505804082327176 __DUMMY__ 0.007422344839425878	false	1.0
ablenkung	neg 1.0		neg 0.5464497629386873 off 0.44609287372067086 __DUMMY__ 0.007457363340641963	false	1.0
pech	neg 1.0		neg 0.5433066013400669 off 0.44924711099413517 __DUMMY__ 0.007446287665797924	false	1.0
vermeidung	neg 1.0		neg 0.5389883882909005 off 0.45357040212949395 __DUMMY__ 0.0074412095796057036	false	1.0
dominieren	neg 1.0		neg 0.5488598776283888 off 0.4437034843628576 __DUMMY__ 0.0074366380087536165	false	1.0
schwindlig	neg 1.0		neg 0.5423351260231346 off 0.45018823687817155 __DUMMY__ 0.007476637098693724	false	1.0
lutscher	neg 1.0		neg 0.5346297078327232 off 0.45802335667089483 __DUMMY__ 0.007346935496381861	false	1.0
pflicht	neg 1.0		neg 0.5538493834598684 off 0.43871828302333216 __DUMMY__ 0.007432333516799395	false	1.0
faschist	off 1.0		neg 0.5495091024067974 off 0.4431557711872579 __DUMMY__ 0.0073351264059446026	false	0.5
verschleudern	neg 1.0		neg 0.552185416470678 off 0.4404133083716459 __DUMMY__ 0.007401275157676124	false	1.0
wenn			neg 0.5437212805538132 off 0.44885525954496736 __DUMMY__ 0.007423459901219609	false	0.0
ehebruch	neg 1.0		neg 0.5532342390598133 off 0.4393707112979464 __DUMMY__ 0.007395049642240369	false	1.0
spott	off 1.0		neg 0.553398913506974 off 0.43919486647801986 __DUMMY__ 0.007406220015006013	false	0.5
trostlosigkeit	neg 1.0		neg 0.5560526608550737 off 0.4365673996564704 __DUMMY__ 0.0073799394884558585	false	1.0
lutschen	neg 1.0		neg 0.5440190156486514 off 0.4485916131765869 __DUMMY__ 0.007389371174761751	false	1.0
undiszipliniert	neg 1.0		neg 0.5400275571755931 off 0.452557084407672 __DUMMY__ 0.007415358416734958	false	1.0
kopfschmerz	neg 1.0		neg 0.5470199457990498 off 0.44552168855223956 __DUMMY__ 0.007458365648710592	false	1.0
unvorhergesehen	neg 1.0		neg 0.5457210376710638 off 0.44675996170582677 __DUMMY__ 0.007519000623109296	false	1.0
desinteressiert	neg 1.0		neg 0.5413725072615098 off 0.4512316286420901 __DUMMY__ 0.007395864096400166	false	1.0
armselig	off 1.0		neg 0.5409949462179526 off 0.4516253097644896 __DUMMY__ 0.007379744017557699	false	0.5
desaster	neg 1.0		neg 0.5567803635481158 off 0.4358148010087257 __DUMMY__ 0.007404835443158516	false	1.0
tod	neg 1.0		neg 0.5543999118484239 off 0.43822750018398016 __DUMMY__ 0.007372587967595916	false	1.0
herzlos	neg 1.0		neg 0.5388072063880133 off 0.4537822011584517 __DUMMY__ 0.007410592453535039	false	1.0
unwissenheit	neg 1.0		neg 0.5520214844128459 off 0.44057582778089327 __DUMMY__ 0.007402687806260696	false	1.0
widersinnig	neg 1.0		neg 0.5526920025330143 off 0.4399506132355289 __DUMMY__ 0.007357384231456837	false	1.0
bedenklich	neg 1.0		neg 0.5524240510276858 off 0.4401440126322914 __DUMMY__ 0.007431936340022743	false	1.0
beanstanden	neg 1.0		neg 0.5538493752038508 off 0.4387105471272745 __DUMMY__ 0.007440077668874744	false	1.0
panisch	neg 1.0	neg 1.0	neg 0.7576831808469184 off 0.2387199401997949 __DUMMY__ 0.003596878953286709	false	1.0
debil	off 1.0		neg 0.5558989435729254 off 0.4366399647839001 __DUMMY__ 0.007461091643174557	false	0.5
abstrich	neg 1.0		neg 0.5431847399248089 off 0.44930600227136386 __DUMMY__ 0.007509257803827146	false	1.0
primitiv	neg 1.0		neg 0.5424433907181683 off 0.45016973257430365 __DUMMY__ 0.007386876707528067	false	1.0
abschaum	off 1.0	off 1.0	off 0.7074418906263024 neg 0.289029451349327 __DUMMY__ 0.0035286580243707377	false	1.0
provozieren	neg 1.0		neg 0.5490475314234537 off 0.4435513540052536 __DUMMY__ 0.007401114571292614	false	1.0
tot	neg 1.0		neg 0.5499307954144897 off 0.442663586613286 __DUMMY__ 0.007405617972224119	false	1.0
instabil	neg 1.0		neg 0.5399058639976025 off 0.45272711474649124 __DUMMY__ 0.007367021255906226	false	1.0
schwuchtel	off 1.0		neg 0.5311926319204722 off 0.4615175930233366 __DUMMY__ 0.007289775056191137	false	0.5
zerren	neg 1.0		neg 0.548839452242292 off 0.4437069295727276 __DUMMY__ 0.007453618184980436	false	1.0
kinderficker	off 1.0		neg 0.5401749394704501 off 0.45248308144848776 __DUMMY__ 0.007341979081062201	false	0.5
gefahr	neg 1.0		neg 0.5526528469739721 off 0.4399353719622114 __DUMMY__ 0.007411781063816541	false	1.0
rabiat	neg 1.0		neg 0.5480929607734202 off 0.4444787603175173 __DUMMY__ 0.00742827890906269	false	1.0
verlangsamung	neg 1.0		neg 0.5356812407741461 off 0.45696653714481145 __DUMMY__ 0.007352222081042478	false	1.0
ausgestorben	neg 1.0		neg 0.54909975011011 off 0.4434547730437257 __DUMMY__ 0.0074454768461643	false	1.0
anklagen	neg 1.0		neg 0.5499854592689274 off 0.44261902737746744 __DUMMY__ 0.007395513353605088	false	1.0
trott	neg 1.0		neg 0.5468559501669167 off 0.44569347852442104 __DUMMY__ 0.007450571308662231	false	1.0
verminderung	neg 1.0		neg 0.5397621474454444 off 0.4528319301800306 __DUMMY__ 0.007405922374525033	false	1.0
nach			neg 0.5522122848853354 off 0.4402561348347541 __DUMMY__ 0.0075315802799107295	false	0.0
rost	neg 1.0		neg 0.5356568955601422 off 0.4569929794445407 __DUMMY__ 0.007350124995317127	false	1.0
destruktiv	neg 1.0		neg 0.5510043178753897 off 0.4416064170299657 __DUMMY__ 0.007389265094644496	false	1.0
unzumutbarkeit	neg 1.0		neg 0.5392363114737089 off 0.45332990220979724 __DUMMY__ 0.00743378631649393	false	1.0
labil	off 1.0	off 1.0	off 0.7085676677581851 neg 0.2878949270612819 __DUMMY__ 0.0035374051805329796	false	1.0
ziemlich	neg 1.0		neg 0.5415927944420982 off 0.45098305516429094 __DUMMY__ 0.007424150393610787	false	1.0
lachnummer	off 1.0		neg 0.5507820150507342 off 0.441824125344787 __DUMMY__ 0.007393859604478906	false	0.5
oder			neg 0.5461269648956093 off 0.4464025298591574 __DUMMY__ 0.007470505245233088	false	0.0
verfall	neg 1.0		neg 0.5568076304239258 off 0.4357407794178189 __DUMMY__ 0.007451590158255335	false	1.0
ausgrenzung	neg 1.0		neg 0.5487372763331217 off 0.4439072317463168 __DUMMY__ 0.007355491920561488	false	1.0
unordnung	neg 1.0		neg 0.5399169037030146 off 0.45272960285425373 __DUMMY__ 0.00735349344273178	false	1.0
fehlverhalten	neg 1.0		neg 0.5537344156263793 off 0.4388589274179201 __DUMMY__ 0.007406656955700641	false	1.0
eine			neg 0.5524752065471732 off 0.4400513770140081 __DUMMY__ 0.007473416438818611	false	0.0
nille	neg 1.0		neg 0.5495687889383509 off 0.44304318949541815 __DUMMY__ 0.00738802156623074	false	1.0
qual	neg 1.0		neg 0.547192834001669 off 0.44536147591788944 __DUMMY__ 0.00744569008044174	false	1.0
verschwenden	neg 1.0		neg 0.5514082722446961 off 0.44114326433509904 __DUMMY__ 0.007448463420204783	false	1.0
riesig	neg 1.0		neg 0.5473359103725297 off 0.4452063598353777 __DUMMY__ 0.0074577297920925935	false	1.0
verurteilen	neg 1.0		neg 0.5524251836634694 off 0.4401847251741253 __DUMMY__ 0.007390091162405275	false	1.0
klischee	neg 1.0	neg 1.0	neg 0.7596614625655124 off 0.23680187982158768 __DUMMY__ 0.0035366576128999867	false	1.0
diktatorisch	neg 1.0		neg 0.5508092869685394 off 0.4418582999071472 __DUMMY__ 0.00733241312431352	false	1.0
vorhersehbar	neg 1.0		neg 0.5471162802552805 off 0.4454888114891992 __DUMMY__ 0.007394908255520308	false	1.0
sowie			neg 0.5381531675803694 off 0.45450443187248823 __DUMMY__ 0.0073424005471424735	false	0.0
stornieren	neg 1.0		neg 0.5430159406007397 off 0.44952309601162443 __DUMMY__ 0.0074609633876357925	false	1.0
besteuerung	neg 1.0		neg 0.5464033359945994 off 0.446178410941289 __DUMMY__ 0.007418253064111407	false	1.0
ungeschminkt	neg 1.0		neg 0.5408417492396098 off 0.4517398938000377 __DUMMY__ 0.007418356960352459	false	1.0
kritisch	neg 1.0		neg 0.553041222842811 off 0.43954698450590307 __DUMMY__ 0.007411792651285943	false	1.0
schlamperei	off 1.0		neg 0.5524673407785886 off 0.4401264584654536 __DUMMY__ 0.0074062007559576384	false	0.5
sucht	neg 1.0	neg 1.0	neg 0.7571525651254675 off 0.23925385966525248 __DUMMY__ 0.0035935752092800186	false	1.0
egoistisch	off 1.0		neg 0.5373404870219998 off 0.4552791430064726 __DUMMY__ 0.007380369971527584	false	0.5
ausbeuter	off 1.0		neg 0.5544675896469583 off 0.4381332644294389 __DUMMY__ 0.007399145923602868	false	0.5
arschgeburt	off 1.0		neg 0.5313331402848652 off 0.46137645579952735 __DUMMY__ 0.007290403915607503	false	0.5
schubs	neg 1.0	neg 1.0	neg 0.7604556429164141 off 0.235949645390438 __DUMMY__ 0.003594711693147872	false	1.0
unsolide	neg 1.0		neg 0.5477374011710922 off 0.4449528263768271 __DUMMY__ 0.00730977245208072	false	1.0
beschwerde	neg 1.0		neg 0.5511628606244957 off 0.44142452597963977 __DUMMY__ 0.007412613395864552	false	1.0
stocken	neg 1.0		neg 0.5501914078209164 off 0.4423632077792471 __DUMMY__ 0.007445384399836512	false	1.0
isolieren	neg 1.0		neg 0.5464180075249662 off 0.446107744244153 __DUMMY__ 0.007474248230880991	false	1.0
unheilbar	neg 1.0		neg 0.5479781790105898 off 0.4446068350799621 __DUMMY__ 0.007414985909448143	false	1.0
pisser	off 1.0		neg 0.5401617933112867 off 0.452472473823725 __DUMMY__ 0.007365732864988312	false	0.5
löschen	neg 1.0		neg 0.5467653193927914 off 0.44581298730462365 __DUMMY__ 0.007421693302584821	false	1.0
durchfallen	neg 1.0		neg 0.5514884131863992 off 0.4410745500187037 __DUMMY__ 0.007437036794896959	false	1.0
wichser	off 1.0		neg 0.5330871116220618 off 0.4595606488166381 __DUMMY__ 0.007352239561300234	false	0.5
terror	neg 1.0		neg 0.5419779163505043 off 0.4505678259645734 __DUMMY__ 0.007454257684922253	false	1.0
krass	neg 1.0		neg 0.5383249825613202 off 0.4542694370731489 __DUMMY__ 0.007405580365530804	false	1.0
revolte	neg 1.0	neg 1.0	neg 0.7613420204180973 off 0.23515968372559068 __DUMMY__ 0.0034982958563120293	false	1.0
besorgt	neg 1.0		neg 0.5472441290064228 off 0.4452686125745392 __DUMMY__ 0.007487258419038027	false	1.0
nachlassen	neg 1.0		neg 0.5477119109013918 off 0.4448078051749018 __DUMMY__ 0.0074802839237064775	false	1.0
alt	neg 1.0		neg 0.5493522307163999 off 0.44315715589298593 __DUMMY__ 0.0074906133906141046	false	1.0
hundesohn	off 1.0		neg 0.535826003685684 off 0.45686011609111626 __DUMMY__ 0.0073138802231996975	false	0.5
als			neg 0.549342057562365 off 0.4431962078218661 __DUMMY__ 0.0074617346157689005	false	0.0
abschreckung	neg 1.0		neg 0.5546619357642677 off 0.43791967217514494 __DUMMY__ 0.007418392060587301	false	1.0
unqualifiziert	neg 1.0		neg 0.5467075611909976 off 0.445896857159984 __DUMMY__ 0.007395581649018499	false	1.0
abgewichst	off 1.0		neg 0.5493259762108615 off 0.44325582189014046 __DUMMY__ 0.007418201898998043	false	0.5
schwer	neg 1.0		neg 0.5476504801570897 off 0.44489792970840053 __DUMMY__ 0.007451590134509811	false	1.0
bedeutungslosigkeit	neg 1.0		neg 0.554322176412057 off 0.4382676194360651 __DUMMY__ 0.00741020415187783	false	1.0
kapitulation	neg 1.0		neg 0.5544125310401615 off 0.4382330450297779 __DUMMY__ 0.007354423930060521	false	1.0
unscharf	neg 1.0		neg 0.543416109686958 off 0.44914272761579027 __DUMMY__ 0.00744116269725183	false	1.0
schwinden	neg 1.0		neg 0.5518507182837605 off 0.4407000561264189 __DUMMY__ 0.007449225589820503	false	1.0
versklavung	neg 1.0	neg 1.0	neg 0.761677716829709 off 0.23480234102392836 __DUMMY__ 0.003519942146362779	false	1.0
schlecht	neg 1.0		neg 0.540975161199057 off 0.4515953187445522 __DUMMY__ 0.007429520056390788	false	1.0
verhasst	neg 1.0		neg 0.5493677666045002 off 0.44323939685353225 __DUMMY__ 0.007392836541967615	false	1.0
beschweren	neg 1.0		neg 0.5456154921186477 off 0.4469431110205687 __DUMMY__ 0.007441396860783571	false	1.0
scheiden	neg 1.0		neg 0.5484961726868123 off 0.4440721368740569 __DUMMY__ 0.007431690439130732	false	1.0
frustriert	neg 1.0		neg 0.5491451935009393 off 0.4434108999601059 __DUMMY__ 0.007443906538954692	false	1.0
schimmelig	neg 1.0		neg 0.5498227715010714 off 0.4427209103224012 __DUMMY__ 0.00745631817652741	false	1.0
fisch	neg 1.0		neg 0.5498579207579891 off 0.4426918212721564 __DUMMY__ 0.0074502579698544485	false	1.0
schmuggel	neg 1.0		neg 0.5515070339205475 off 0.4410241806297507 __DUMMY__ 0.00746878544970192	false	1.0
auffallen	neg 1.0		neg 0.5452865171384219 off 0.4472783476521279 __DUMMY__ 0.0074351352094502755	false	1.0
konkurrenz	neg 1.0		neg 0.552705294312154 off 0.4398291360235856 __DUMMY__ 0.00746556966426061	false	1.0
teufelskreis	neg 1.0		neg 0.5497137658591157 off 0.4428610642059351 __DUMMY__ 0.007425169934949243	false	1.0
aufschreien	neg 1.0		neg 0.5469706054961382 off 0.44562848566234553 __DUMMY__ 0.00740090884151639	false	1.0
schuldner	neg 1.0		neg 0.5529750870117522 off 0.4396153728701716 __DUMMY__ 0.007409540118076351	false	1.0
missgeburt	off 1.0	off 1.0	off 0.7113172300052631 neg 0.28516798947178534 __DUMMY__ 0.0035147805229515756	false	1.0
arbeitslos	neg 1.0		neg 0.551280868497527 off 0.44130057193830685 __DUMMY__ 0.007418559564166231	false	1.0
befallen	neg 1.0		neg 0.5537092743701254 off 0.4389327652646594 __DUMMY__ 0.007357960365215151	false	1.0
miesepetrig	off 1.0		neg 0.5404871140783452 off 0.45206823663184453 __DUMMY__ 0.007444649289810354	false	0.5
alarmieren	neg 1.0		neg 0.5440476402418442 off 0.4485715392157506 __DUMMY__ 0.007380820542405361	false	1.0
ungeduscht	off 1.0		neg 0.543133461495938 off 0.44942151250396767 __DUMMY__ 0.007445026000094405	false	0.5
knappheit	neg 1.0		neg 0.5495930257782933 off 0.4429704235086812 __DUMMY__ 0.007436550713025518	false	1.0
schlange	neg 1.0		neg 0.544603190377913 off 0.4479311503951134 __DUMMY__ 0.007465659226973498	false	1.0
harsch	neg 1.0		neg 0.5340823100022335 off 0.4584991167822118 __DUMMY__ 0.007418573215554917	false	1.0
lang	neg 1.0		neg 0.5459450111517838 off 0.44661856082807366 __DUMMY__ 0.007436428020142509	false	1.0
ziellos	neg 1.0		neg 0.550179010417639 off 0.4423669580827933 __DUMMY__ 0.007454031499567699	false	1.0
selbstverliebt	neg 1.0		neg 0.5339670113155042 off 0.4587288394901119 __DUMMY__ 0.00730414919438404	false	1.0
beseitigen	neg 1.0		neg 0.5447929780120413 off 0.4477423594820543 __DUMMY__ 0.007464662505904373	false	1.0
dumm	off 1.0		neg 0.5371062665354969 off 0.4555273188722034 __DUMMY__ 0.0073664145922997205	false	0.5
arbeitsloser	neg 1.0		neg 0.5522029288241732 off 0.4403767001945862 __DUMMY__ 0.00742037098124052	false	1.0
blitzen	neg 1.0		neg 0.5440884472125257 off 0.44849926667359946 __DUMMY__ 0.007412286113874745	false	1.0
hilflos	neg 1.0		neg 0.5496373895421653 off 0.44291919693442783 __DUMMY__ 0.007443413523406825	false	1.0
eklig	off 1.0		neg 0.536008178397939 off 0.45662890641522635 __DUMMY__ 0.007362915186834667	false	0.5
begriff			neg 0.5499609166328546 off 0.4426131656705391 __DUMMY__ 0.007425917696606394	false	0.0
hungersnot	neg 1.0		neg 0.5521331522082991 off 0.440523469904903 __DUMMY__ 0.007343377886797896	false	1.0
ungesetzlich	neg 1.0		neg 0.548585692623152 off 0.4440674569972247 __DUMMY__ 0.007346850379623351	false	1.0
verschwendung	neg 1.0		neg 0.5527074336114173 off 0.43984811936080254 __DUMMY__ 0.007444447027780309	false	1.0
schmerzvoll	neg 1.0		neg 0.5455388104320442 off 0.4470183715531601 __DUMMY__ 0.0074428180147956945	false	1.0
vorzeitig	neg 1.0		neg 0.5418350820447886 off 0.45075042276326394 __DUMMY__ 0.007414495191947554	false	1.0
unvollkommenheit	neg 1.0		neg 0.5475760123876788 off 0.4449956255408799 __DUMMY__ 0.007428362071441255	false	1.0
intervenieren	neg 1.0		neg 0.5544230627719264 off 0.43818717355609516 __DUMMY__ 0.007389763671978405	false	1.0
banause	off 1.0		neg 0.5348882211652999 off 0.45776267564312567 __DUMMY__ 0.007349103191574489	false	0.5
rebell	neg 1.0		neg 0.552041748926745 off 0.44048671981708776 __DUMMY__ 0.007471531256167336	false	1.0
unlogisch	neg 1.0		neg 0.5404507919445709 off 0.4521643163672973 __DUMMY__ 0.007384891688131743	false	1.0
leiden	neg 1.0	neg 1.0	neg 0.7606123900692177 off 0.23575934590001002 __DUMMY__ 0.003628264030772326	false	1.0
abschaffung	neg 1.0		neg 0.5482801055030108 off 0.4443289457337114 __DUMMY__ 0.0073909487632777115	false	1.0
sturz	neg 1.0		neg 0.5479943503046681 off 0.4446235353436213 __DUMMY__ 0.00738211435171045	false	1.0
verkleinerung	neg 1.0		neg 0.5456468922365373 off 0.4469868743724979 __DUMMY__ 0.007366233390964719	false	1.0
schmarotzer	off 1.0		neg 0.5527779715156511 off 0.4398237169116628 __DUMMY__ 0.007398311572686011	false	0.5
bestrafung	neg 1.0		neg 0.5477744036883185 off 0.44481910782570283 __DUMMY__ 0.007406488485978675	false	1.0
achtlos	neg 1.0		neg 0.5473915430066311 off 0.44515090896280113 __DUMMY__ 0.007457548030567918	false	1.0
ungeheuer	neg 1.0		neg 0.5460579278732004 off 0.4465305381406311 __DUMMY__ 0.007411533986168412	false	1.0
