unsolidarisch	neg 1.0		__DUMMY__ 0.9286542133338423 neg 0.04129493052280191 off 0.030050856143355714	false	1.0
nachteilig	neg 1.0		__DUMMY__ 0.9365468767948145 neg 0.03621537613750597 off 0.027237747067679487	false	1.0
skeptisch	neg 1.0		__DUMMY__ 0.9373994821938649 neg 0.03729837163534239 off 0.025302146170792586	false	1.0
schrecklich	neg 1.0		__DUMMY__ 0.9333226873163801 off 0.03435041218072637 neg 0.03232690050289353	false	0.5
schlapp	neg 1.0		__DUMMY__ 0.9377462161649383 neg 0.031260407903399734 off 0.030993375931662008	false	1.0
abfall	neg 1.0		__DUMMY__ 0.9383226649342987 neg 0.037473736499172926 off 0.02420359856652837	false	1.0
widerspenstig	neg 1.0		__DUMMY__ 0.9385874706397073 neg 0.03334317841493245 off 0.028069350945360214	false	1.0
abrupt	neg 1.0		__DUMMY__ 0.9405202207497291 neg 0.03221852075849311 off 0.027261258491777903	false	1.0
unwirksam	neg 1.0		__DUMMY__ 0.9318470924738059 neg 0.03859649057729297 off 0.029556416948901043	false	1.0
angreifen	neg 1.0		__DUMMY__ 0.9353196868187298 neg 0.03818662137033152 off 0.02649369181093869	false	1.0
inkonsistent	neg 1.0		__DUMMY__ 0.9354783394376193 neg 0.0344109347051744 off 0.03011072585720631	false	1.0
abrutschen	neg 1.0		__DUMMY__ 0.9387597195785894 neg 0.03701664224749713 off 0.024223638173913587	false	1.0
unsicher	neg 1.0		__DUMMY__ 0.9370230310115429 neg 0.034332085138325245 off 0.028644883850131746	false	1.0
bauernkind	off 1.0		__DUMMY__ 0.9298719134352642 off 0.036571927759770605 neg 0.03355615880496521	false	1.0
angreifer	neg 1.0		__DUMMY__ 0.9329810410578517 neg 0.035791872002227075 off 0.031227086939921215	false	1.0
trennen	neg 1.0		__DUMMY__ 0.9402700982904034 neg 0.03431882009455885 off 0.0254110816150378	false	1.0
schmutz	neg 1.0		__DUMMY__ 0.9410239079917868 off 0.031700036894807014 neg 0.027276055113406226	false	0.5
inkonsistenz	neg 1.0	neg 1.0	neg 0.5029111300539943 __DUMMY__ 0.4687973810647505 off 0.028291488881255218	false	1.0
erschreckend	neg 1.0		__DUMMY__ 0.9351673658914064 neg 0.036763612184348655 off 0.02806902192424502	false	1.0
ertrinken	neg 1.0		__DUMMY__ 0.9380961618354164 neg 0.03549127875344973 off 0.02641255941113383	false	1.0
pickelface	off 1.0		__DUMMY__ 0.9339905035227419 neg 0.03648340574545695 off 0.029526090731801093	false	0.5
seiner			__DUMMY__ 0.9366048629430139 neg 0.0372642103599235 off 0.026130926697062528	false	0.0
lauch	neg 1.0		__DUMMY__ 0.9384709000740188 neg 0.036707789257444216 off 0.024821310668536916	false	1.0
unwichtig	neg 1.0		__DUMMY__ 0.9347338009214095 neg 0.0335571259549626 off 0.03170907312362787	false	1.0
steuerhinterziehung	neg 1.0		__DUMMY__ 0.932108459944827 neg 0.039030403684217466 off 0.028861136370955453	false	1.0
schock	neg 1.0		__DUMMY__ 0.939669977522564 neg 0.03308593616913774 off 0.027244086308298266	false	1.0
beule	neg 1.0		__DUMMY__ 0.9373170408663599 off 0.03178572661857951 neg 0.03089723251506061	false	0.5
vergelten	neg 1.0		__DUMMY__ 0.9312116294267344 off 0.0357752811492013 neg 0.0330130894240643	false	0.5
verdorbenheit	neg 1.0		__DUMMY__ 0.9386360488254809 neg 0.032347888014608125 off 0.029016063159910878	false	1.0
trauma	neg 1.0		__DUMMY__ 0.935322286893569 neg 0.034751796128827554 off 0.029925916977603394	false	1.0
sinnlos	neg 1.0		__DUMMY__ 0.9353937786313561 neg 0.03445735215569784 off 0.03014886921294602	false	1.0
fettsack	off 1.0	off 1.0	off 0.5025816278564988 __DUMMY__ 0.46776444417060653 neg 0.029653927972894647	false	1.0
feige	off 1.0		__DUMMY__ 0.9322676164675494 neg 0.03612544349122306 off 0.03160694004122756	false	0.5
abdanken	neg 1.0		__DUMMY__ 0.9292968923067083 neg 0.04141038408899309 off 0.029292723604298604	false	1.0
wichtigtuer	off 1.0	off 1.0	off 0.4974710058441272 __DUMMY__ 0.4685848763338414 neg 0.0339441178220314	false	1.0
misslingen	neg 1.0		__DUMMY__ 0.9382109830408546 neg 0.0321185758048185 off 0.029670441154326925	false	1.0
untreu	off 1.0		__DUMMY__ 0.9342989283507513 neg 0.033550170129203964 off 0.0321509015200447	false	0.5
missmutig	neg 1.0		__DUMMY__ 0.9364972777472523 neg 0.03257299954505042 off 0.030929722707697286	false	1.0
hurenbock	off 1.0		__DUMMY__ 0.9399028143326866 neg 0.03112602953891485 off 0.028971156128398554	false	0.5
betrunken	neg 1.0		__DUMMY__ 0.9357821551494946 off 0.03269815333651594 neg 0.03151969151398943	false	0.5
korrupt	off 1.0		__DUMMY__ 0.9309932303119046 neg 0.0408898405029305 off 0.028116929185164872	false	0.5
unmut	neg 1.0		__DUMMY__ 0.9367860055629135 neg 0.03830586655960996 off 0.02490812787747656	false	1.0
hackfresse	off 1.0		__DUMMY__ 0.9320401028977398 off 0.036572124957960875 neg 0.031387772144299365	false	1.0
aufblasen	neg 1.0		__DUMMY__ 0.937983730338733 neg 0.03276643637629586 off 0.029249833284971136	false	1.0
gewaltsam	neg 1.0		__DUMMY__ 0.932608514919383 neg 0.037525123174335 off 0.029866361906281936	false	1.0
unbeliebtheit	neg 1.0		__DUMMY__ 0.9272770653237092 neg 0.038771571494076874 off 0.033951363182213874	false	1.0
sturheit	neg 1.0		__DUMMY__ 0.933206088254285 neg 0.03835263649536989 off 0.028441275250345222	false	1.0
kuh	neg 1.0		__DUMMY__ 0.9357034173428033 neg 0.03495182020672672 off 0.02934476245047007	false	1.0
erschrecken	neg 1.0		__DUMMY__ 0.935924535490618 neg 0.033245642142279264 off 0.030829822367102702	false	1.0
opfer	neg 1.0	neg 1.0	neg 0.5044688932403402 __DUMMY__ 0.4713081212022275 off 0.024222985557432263	false	1.0
sinken	neg 1.0		__DUMMY__ 0.9373634281381293 neg 0.03749591413480688 off 0.025140657727063705	false	1.0
stinktier	neg 1.0		__DUMMY__ 0.9323901286833167 off 0.03455329428687488 neg 0.03305657702980839	false	0.5
tucke	off 1.0		__DUMMY__ 0.9339568331562895 off 0.03651901929315701 neg 0.029524147550553537	false	1.0
ein			__DUMMY__ 0.9400549372583957 neg 0.03142074182410822 off 0.02852432091749601	false	0.0
abstieg	neg 1.0		__DUMMY__ 0.9337551397822147 neg 0.03820658457207238 off 0.02803827564571296	false	1.0
missverstehen	neg 1.0		__DUMMY__ 0.9330659445848014 neg 0.03667281230326292 off 0.030261243111935714	false	1.0
ergebnislos	neg 1.0		__DUMMY__ 0.9350191407139375 neg 0.03734896726278458 off 0.027631892023277912	false	1.0
unter			__DUMMY__ 0.944056017782978 neg 0.03453679733157286 off 0.02140718488544914	false	0.0
manipulieren	neg 1.0		__DUMMY__ 0.9362463105886674 neg 0.037423519098383366 off 0.02633017031294926	false	1.0
unbewiesen	neg 1.0		__DUMMY__ 0.929179866718045 neg 0.040872847424962895 off 0.02994728585699213	false	1.0
verschleppen	neg 1.0		__DUMMY__ 0.9344254634948523 neg 0.03804851469866783 off 0.02752602180647985	false	1.0
weib	off 1.0		__DUMMY__ 0.9313814646839447 off 0.03742687797797261 neg 0.03119165733808279	false	1.0
opposition	neg 1.0		__DUMMY__ 0.9311468216590219 neg 0.03867573237499456 off 0.030177445965983478	false	1.0
verkehrswidrig	neg 1.0		__DUMMY__ 0.9355797212719684 off 0.034963130059471194 neg 0.029457148668560383	false	0.5
inkorrekt	neg 1.0		__DUMMY__ 0.9296050907292257 neg 0.03750791226642796 off 0.03288699700434632	false	1.0
vermeiden	neg 1.0		__DUMMY__ 0.9421472106544284 neg 0.0347838119590829 off 0.023068977386488734	false	1.0
abweichung	neg 1.0		__DUMMY__ 0.9328870554215284 neg 0.039280005585144995 off 0.027832938993326676	false	1.0
alkoholisiert	neg 1.0		__DUMMY__ 0.939552635068041 neg 0.03376548032833315 off 0.026681884603625923	false	1.0
scheiss	off 1.0	off 1.0	off 0.4993632521442159 __DUMMY__ 0.47143594964103297 neg 0.029200798214751182	false	1.0
herausforderung	neg 1.0		__DUMMY__ 0.9421957125936364 neg 0.030922555998492043 off 0.02688173140787154	false	1.0
pervers	off 1.0		__DUMMY__ 0.9305241570607158 off 0.03929203754360856 neg 0.030183805395675733	false	1.0
wackelig	neg 1.0		__DUMMY__ 0.9415153069240847 neg 0.031934541407969495 off 0.026550151667945752	false	1.0
verwickeln	neg 1.0		__DUMMY__ 0.9342152484307037 neg 0.035730338015830296 off 0.030054413553466046	false	1.0
vorwand	neg 1.0		__DUMMY__ 0.9354885453647256 neg 0.03905899017564698 off 0.02545246445962749	false	1.0
muschi	off 1.0		__DUMMY__ 0.9334127794441645 neg 0.03729873674352306 off 0.02928848381231252	false	0.5
entmutigung	neg 1.0		__DUMMY__ 0.9264827486022382 neg 0.041990883023048195 off 0.0315263683747136	false	1.0
unangemessen	neg 1.0		__DUMMY__ 0.9330714979491236 neg 0.0392860680438497 off 0.02764243400702671	false	1.0
unstetig	neg 1.0		__DUMMY__ 0.9346697090851817 neg 0.0341732797379942 off 0.0311570111768242	false	1.0
entmutigen	neg 1.0		__DUMMY__ 0.936557924752189 neg 0.03406939823246442 off 0.029372677015346627	false	1.0
schwanz	neg 1.0		__DUMMY__ 0.9363830389701674 neg 0.0361818124700601 off 0.02743514855977251	false	1.0
verbot	neg 1.0		__DUMMY__ 0.9321951007381021 neg 0.03939604182374839 off 0.028408857438149582	false	1.0
leid	neg 1.0		__DUMMY__ 0.9330214480184197 off 0.035324668050151505 neg 0.03165388393142873	false	0.5
archaisch	neg 1.0		__DUMMY__ 0.933606696337087 neg 0.03854685336764693 off 0.027846450295266018	false	1.0
gegen			__DUMMY__ 0.9344347317425242 neg 0.03959417791343308 off 0.02597109034404271	false	0.0
scheidung	neg 1.0	neg 1.0	neg 0.49110622834845313 __DUMMY__ 0.46822129651439126 off 0.0406724751371556	false	1.0
einschlag	neg 1.0		__DUMMY__ 0.9318385011796221 off 0.035107791196648294 neg 0.03305370762372962	false	0.5
m			__DUMMY__ 0.9380348277792382 neg 0.034266481953504 off 0.027698690267257832	false	0.0
abgestanden	neg 1.0		__DUMMY__ 0.9397016350161213 neg 0.03244265475873265 off 0.027855710225146185	false	1.0
schmierig	off 1.0		__DUMMY__ 0.9341534546711313 off 0.0345275696521346 neg 0.03131897567673407	false	1.0
unpraktisch	neg 1.0		__DUMMY__ 0.9388932996739993 neg 0.03209522447069751 off 0.029011475855303327	false	1.0
wixxer	off 1.0		__DUMMY__ 0.9290914608929844 off 0.03949971997832367 neg 0.03140881912869182	false	1.0
bezeichnet			__DUMMY__ 0.9334838092117832 neg 0.03794970566822426 off 0.028566485119992498	false	0.0
jammerlappen	off 1.0		__DUMMY__ 0.9343882922399149 neg 0.033961254469800195 off 0.0316504532902849	false	0.5
farce	neg 1.0		__DUMMY__ 0.9290569080591852 neg 0.04209975154772885 off 0.02884334039308607	false	1.0
zwecklos	neg 1.0		__DUMMY__ 0.9340904181799652 neg 0.03857531711825428 off 0.027334264701780502	false	1.0
turbulent	neg 1.0		__DUMMY__ 0.9329280036520516 off 0.03411360997069805 neg 0.03295838637725028	false	0.5
invasion	neg 1.0		__DUMMY__ 0.9368906597564226 neg 0.03237926676388873 off 0.030730073479688678	false	1.0
schuld	neg 1.0		__DUMMY__ 0.934834669601567 neg 0.0357626368554184 off 0.029402693543014575	false	1.0
risiko	neg 1.0		__DUMMY__ 0.9393606009340192 off 0.03077923591757309 neg 0.029860163148407705	false	0.5
finster	neg 1.0		__DUMMY__ 0.9395472693912708 neg 0.0322725492451511 off 0.028180181363578166	false	1.0
geisteskrank	off 1.0		__DUMMY__ 0.930767965307379 neg 0.036175624692196505 off 0.03305641000042446	false	0.5
zusammenbrechen	neg 1.0		__DUMMY__ 0.9376945504638 neg 0.0345296694726363 off 0.027775780063563675	false	1.0
ausbeute	neg 1.0		__DUMMY__ 0.9397728570382586 neg 0.03383770837256634 off 0.026389434589174973	false	1.0
hinterhalt	neg 1.0		__DUMMY__ 0.9350129866253561 neg 0.03562790110524241 off 0.029359112269401483	false	1.0
kritik	neg 1.0		__DUMMY__ 0.9304205734113341 neg 0.040803304830610176 off 0.028776121758055696	false	1.0
einschrumpfen	neg 1.0		__DUMMY__ 0.9309344194122803 neg 0.03739764433675126 off 0.031667936250968434	false	1.0
riskant	neg 1.0		__DUMMY__ 0.9368353963793735 neg 0.03677718186090274 off 0.02638742175972375	false	1.0
frustrieren	neg 1.0		__DUMMY__ 0.9360169071908065 neg 0.03758854609993191 off 0.026394546709261574	false	1.0
groll	neg 1.0		__DUMMY__ 0.9345038200176365 neg 0.03804097213340831 off 0.027455207848955127	false	1.0
gibt			__DUMMY__ 0.9362147317461293 neg 0.03611707351969753 off 0.02766819473417308	false	0.0
qualvoll	neg 1.0		__DUMMY__ 0.9364244928288721 neg 0.03360175617889012 off 0.02997375099223783	false	1.0
wackeln	neg 1.0		__DUMMY__ 0.9392365416715479 neg 0.03193346497040298 off 0.02882999335804918	false	1.0
klagen	neg 1.0		__DUMMY__ 0.9353475118353382 neg 0.03919795634776139 off 0.025454531816900456	false	1.0
bankrott	neg 1.0		__DUMMY__ 0.9361756284379213 neg 0.03224445174960408 off 0.031579919812474495	false	1.0
trauern	neg 1.0		__DUMMY__ 0.9360882821848279 neg 0.03744113656395 off 0.0264705812512222	false	1.0
ablehnung	neg 1.0	neg 1.0	neg 0.5066517227015442 __DUMMY__ 0.46728411709776513 off 0.026064160200690533	false	1.0
stur	neg 1.0		__DUMMY__ 0.9351550150479171 neg 0.0352226823079974 off 0.029622302644085413	false	1.0
aufruhr	neg 1.0		__DUMMY__ 0.9314863259293575 neg 0.038877944351123093 off 0.02963572971951939	false	1.0
melancholie	neg 1.0		__DUMMY__ 0.9398915942312676 neg 0.0334861674815081 off 0.026622238287224313	false	1.0
ist			__DUMMY__ 0.9348806407459609 neg 0.035430793881876796 off 0.029688565372162357	false	0.0
torheit	neg 1.0		__DUMMY__ 0.9292227071586665 neg 0.040534769023712384 off 0.030242523817621093	false	1.0
dreckskind	off 1.0		__DUMMY__ 0.9288059148867347 off 0.03615413530056691 neg 0.035039949812698507	false	1.0
umtauschen	neg 1.0		__DUMMY__ 0.9388045272227339 neg 0.033349336753775015 off 0.02784613602349109	false	1.0
zum			__DUMMY__ 0.9440250210078407 neg 0.03276751103235163 off 0.0232074679598077	false	0.0
zersetzen	neg 1.0		__DUMMY__ 0.9357156436080396 neg 0.03838511425625897 off 0.025899242135701345	false	1.0
zur			__DUMMY__ 0.9380771711910347 neg 0.03823241890206805 off 0.023690409906897237	false	0.0
frust	neg 1.0		__DUMMY__ 0.9365901995201051 neg 0.035702264594421294 off 0.02770753588547359	false	1.0
unerbittlichkeit	neg 1.0		__DUMMY__ 0.9350729447900534 neg 0.03838283125465856 off 0.026544223955288042	false	1.0
zwei			__DUMMY__ 0.9416445728215406 neg 0.0339277947043948 off 0.02442763247406462	false	0.0
unkorrekt	neg 1.0		__DUMMY__ 0.9301592615007493 neg 0.03669928136951626 off 0.033141457129734396	false	1.0
hexe	off 1.0		__DUMMY__ 0.9355199898776294 neg 0.032874887358930065 off 0.03160512276344051	false	0.5
lasch	neg 1.0		__DUMMY__ 0.9325128970458688 neg 0.03641696699352864 off 0.031070135960602617	false	1.0
rivale	neg 1.0		__DUMMY__ 0.932651824359042 off 0.03467969071977603 neg 0.03266848492118201	false	0.5
mutlos	off 1.0	off 1.0	off 0.4947913441806792 __DUMMY__ 0.4694044468828581 neg 0.03580420893646263	false	1.0
wirr	off 1.0		__DUMMY__ 0.9308426206186283 neg 0.03513523680512627 off 0.03402214257624533	false	0.5
jahr			__DUMMY__ 0.9410451691412487 neg 0.03304448982828082 off 0.025910341030470428	false	0.0
wird			__DUMMY__ 0.9365265127561195 neg 0.03680267818445137 off 0.02667080905942915	false	0.0
strafbar	neg 1.0		__DUMMY__ 0.9330328994799358 neg 0.04007719542918301 off 0.026889905090881128	false	1.0
erosion	neg 1.0		__DUMMY__ 0.9374572992060743 neg 0.03296427759883993 off 0.029578423195085767	false	1.0
eingehen	neg 1.0		__DUMMY__ 0.9346852870681617 neg 0.03817069727774567 off 0.02714401565409264	false	1.0
faul	off 1.0		__DUMMY__ 0.938335039924061 off 0.03092672270660654 neg 0.030738237369332386	false	1.0
provisorium	neg 1.0		__DUMMY__ 0.9423402258792467 neg 0.036619047889106526 off 0.021040726231646722	false	1.0
schmerzen	neg 1.0		__DUMMY__ 0.9380569489528782 neg 0.03458991122004915 off 0.02735313982707274	false	1.0
schrumpfen	neg 1.0		__DUMMY__ 0.9390924020217943 neg 0.037517277820024286 off 0.023390320158181457	false	1.0
geistlos	off 1.0		__DUMMY__ 0.9289174740781653 neg 0.03976828130746423 off 0.031314244614370566	false	0.5
fehlkauf	neg 1.0		__DUMMY__ 0.9334742059057204 neg 0.035752113452609015 off 0.03077368064167066	false	1.0
frustrierend	neg 1.0		__DUMMY__ 0.9359726933875541 neg 0.03311803981080422 off 0.030909266801641768	false	1.0
unzufrieden	neg 1.0		__DUMMY__ 0.9356409177352049 neg 0.03704372292551179 off 0.027315359339283293	false	1.0
verzweifeln	neg 1.0		__DUMMY__ 0.936809440506138 neg 0.03488954743378904 off 0.028301012060072864	false	1.0
verzweifelt	neg 1.0		__DUMMY__ 0.9351463939178721 neg 0.03534151869243281 off 0.029512087389695116	false	1.0
misstrauensantrag	neg 1.0		__DUMMY__ 0.9331674820484508 neg 0.036185433886727604 off 0.030647084064821514	false	1.0
abfallen	neg 1.0		__DUMMY__ 0.9402264129345246 neg 0.031123185116117585 off 0.02865040194935779	false	1.0
fucker	off 1.0		__DUMMY__ 0.9319086955179312 off 0.03413485358771421 neg 0.033956450894354596	false	1.0
ungezogen	neg 1.0		__DUMMY__ 0.9323330085609469 off 0.03748386993351928 neg 0.030183121505533813	false	0.5
irrsinnig	neg 1.0	neg 1.0	neg 0.5034820873653896 __DUMMY__ 0.4698378303943042 off 0.026680082240306192	false	1.0
unfassbar	neg 1.0		__DUMMY__ 0.9343261434284723 neg 0.03374737664955847 off 0.03192647992196917	false	1.0
hart	neg 1.0		__DUMMY__ 0.9341157209659364 neg 0.03406316177946925 off 0.03182111725459437	false	1.0
widerlich	off 1.0		__DUMMY__ 0.932625709797826 neg 0.03476026646891038 off 0.03261402373326368	false	0.5
fatal	neg 1.0		__DUMMY__ 0.9341641547068349 neg 0.035098387938545104 off 0.030737457354619975	false	1.0
bruch	neg 1.0		__DUMMY__ 0.9338981482196296 neg 0.040825100592311855 off 0.025276751188058555	false	1.0
aushungern	neg 1.0		__DUMMY__ 0.9312417527730912 neg 0.03901421197603902 off 0.029744035250869733	false	1.0
anspannung	neg 1.0		__DUMMY__ 0.9403378559266624 neg 0.03549703700512364 off 0.024165107068214002	false	1.0
von			__DUMMY__ 0.9404673366010394 neg 0.03420456496570717 off 0.025328098433253475	false	0.0
kraftlos	neg 1.0		__DUMMY__ 0.9404485795373515 neg 0.0329779089085797 off 0.026573511554068813	false	1.0
vom			__DUMMY__ 0.9431121411585927 neg 0.035217504643790906 off 0.0216703541976164	false	0.0
grenzdebil	off 1.0		__DUMMY__ 0.9351627521260585 off 0.03255432054136926 neg 0.03228292733257229	false	1.0
vor			__DUMMY__ 0.9389866970747374 neg 0.03610245153606393 off 0.02491085138919872	false	0.0
unterwerfen	neg 1.0		__DUMMY__ 0.9346119807312945 neg 0.03851012477650091 off 0.026877894492204606	false	1.0
versenkung	neg 1.0		__DUMMY__ 0.9360680274287555 neg 0.037357680218063176 off 0.0265742923531813	false	1.0
entziehen	neg 1.0		__DUMMY__ 0.935968740706971 neg 0.038933026943713915 off 0.025098232349315092	false	1.0
finanzkrise	neg 1.0		__DUMMY__ 0.9315050292994598 neg 0.03939977118624766 off 0.029095199514292496	false	1.0
schimpfend	neg 1.0		__DUMMY__ 0.9411320312303594 neg 0.02991736984269171 off 0.02895059892694894	false	1.0
profan	neg 1.0		__DUMMY__ 0.9354629364310069 neg 0.03452546749137211 off 0.030011596077621033	false	1.0
korruption	neg 1.0		__DUMMY__ 0.9317820373174786 neg 0.04015569176121244 off 0.028062270921309026	false	1.0
â			__DUMMY__ 0.9376470177149604 neg 0.035249702265402 off 0.027103280019637518	false	0.0
schmutzig	neg 1.0		__DUMMY__ 0.9371039711145135 off 0.03203394919359966 neg 0.03086207969188679	false	0.5
sexy	neg 1.0		__DUMMY__ 0.9351225563599781 neg 0.03339731993619376 off 0.03148012370382822	false	1.0
abraten	neg 1.0		__DUMMY__ 0.9370170616508563 neg 0.033689499256041346 off 0.029293439093102284	false	1.0
schwarz	neg 1.0		__DUMMY__ 0.9348466146004906 neg 0.03505826270649131 off 0.030095122693018117	false	1.0
fotze	off 1.0		__DUMMY__ 0.9341465745704822 neg 0.03785378973088193 off 0.027999635698635908	false	0.5
verwirren	neg 1.0		__DUMMY__ 0.9351891200125336 neg 0.034180649419642134 off 0.030630230567824237	false	1.0
zahnlos	off 1.0		__DUMMY__ 0.933851853768038 neg 0.03852924461403312 off 0.02761890161792891	false	0.5
verheeren	neg 1.0		__DUMMY__ 0.9292798998172954 off 0.03938551246535883 neg 0.0313345877173457	false	0.5
hippie	neg 1.0		__DUMMY__ 0.934655134355764 neg 0.03392325309703377 off 0.03142161254720225	false	1.0
rammen	neg 1.0		__DUMMY__ 0.9371934979152051 neg 0.03264288938011381 off 0.030163612704680973	false	1.0
unlauter	neg 1.0	neg 1.0	neg 0.5021632062739216 __DUMMY__ 0.46992605572096696 off 0.027910738005111436	false	1.0
unheilvoll	neg 1.0		__DUMMY__ 0.9369392506431233 neg 0.03349494136497158 off 0.02956580799190511	false	1.0
niedrig	neg 1.0		__DUMMY__ 0.9371525659393333 neg 0.035900218821471624 off 0.026947215239195098	false	1.0
explosion	neg 1.0		__DUMMY__ 0.9362742056022871 neg 0.032827074195625486 off 0.030898720202087414	false	1.0
weichei	off 1.0		__DUMMY__ 0.9322993409009449 off 0.03576072714804926 neg 0.031939931951005834	false	1.0
minusmensch	off 1.0		__DUMMY__ 0.9260338463140532 off 0.039464473771659674 neg 0.03450167991428724	false	1.0
farblos	neg 1.0		__DUMMY__ 0.9360647265359526 neg 0.034970655422000084 off 0.028964618042047367	false	1.0
unwissend	neg 1.0	neg 1.0	neg 0.5018596242899396 __DUMMY__ 0.46900673853061814 off 0.02913363717944235	false	1.0
traurig	neg 1.0		__DUMMY__ 0.9348067374342525 off 0.03362208182577498 neg 0.031571180739972574	false	0.5
senkung	neg 1.0		__DUMMY__ 0.9351990983859082 neg 0.034010490031248584 off 0.030790411582843243	false	1.0
ungleich	neg 1.0	neg 1.0	neg 0.5052126066896044 __DUMMY__ 0.47046747069360373 off 0.024319922616791872	false	1.0
heikel	neg 1.0		__DUMMY__ 0.9362205080086214 neg 0.037997678779588005 off 0.025781813211790617	false	1.0
drosselung	neg 1.0		__DUMMY__ 0.9356772742616596 off 0.033665294201695055 neg 0.030657431536645376	false	0.5
falsch	neg 1.0		__DUMMY__ 0.9350025613862624 neg 0.03377292353046661 off 0.03122451508327101	false	1.0
unzufriedenheit	neg 1.0		__DUMMY__ 0.9358381945579961 neg 0.0383457657003694 off 0.025816039741634562	false	1.0
kurz	neg 1.0		__DUMMY__ 0.9395662415123253 neg 0.03318166389494085 off 0.027252094592733915	false	1.0
unsinnig	neg 1.0		__DUMMY__ 0.9351586082389856 neg 0.03726711452698197 off 0.02757427723403257	false	1.0
penner	off 1.0	off 1.0	off 0.5037120138392781 __DUMMY__ 0.46811985368642794 neg 0.028168132474294037	false	1.0
seicht	neg 1.0		__DUMMY__ 0.9290984523064508 off 0.037829960900168595 neg 0.033071586793380535	false	0.5
dummheit	off 1.0	off 1.0	off 0.49790134988461604 __DUMMY__ 0.46870217371657863 neg 0.03339647639880526	false	1.0
unerfreulich	neg 1.0		__DUMMY__ 0.9378136821477443 neg 0.036918792358176626 off 0.02526752549407899	false	1.0
motherfucker	off 1.0	off 1.0	off 0.5011601554340867 __DUMMY__ 0.46821567273851394 neg 0.030624171827399457	false	1.0
pikiert	neg 1.0		__DUMMY__ 0.9328597141032378 neg 0.035386954303693555 off 0.03175333159306869	false	1.0
wrack	neg 1.0		__DUMMY__ 0.9375645849689758 neg 0.0354432494577861 off 0.026992165573238146	false	1.0
gangster	neg 1.0		__DUMMY__ 0.9349270362431003 neg 0.03426442333036877 off 0.03080854042653093	false	1.0
krank	neg 1.0		__DUMMY__ 0.9372082672316958 off 0.03218326353791495 neg 0.030608469230389262	false	0.5
reich	neg 1.0		__DUMMY__ 0.9276334948685327 neg 0.039604205315037284 off 0.03276229981643004	false	1.0
gnadenlos	neg 1.0		__DUMMY__ 0.9351582253703383 neg 0.03534727575765226 off 0.029494498872009434	false	1.0
niedergeschlagen	neg 1.0		__DUMMY__ 0.9373993043363628 neg 0.034969480031605236 off 0.02763121563203202	false	1.0
terrorisieren	off 1.0	off 1.0	off 0.49435427784066166 __DUMMY__ 0.4714261707996574 neg 0.03421955135968095	false	1.0
sinnlosigkeit	neg 1.0		__DUMMY__ 0.934292897551462 neg 0.03813875775179581 off 0.027568344696742176	false	1.0
behindern	neg 1.0		__DUMMY__ 0.9376421777808814 neg 0.03393884674326023 off 0.028418975475858324	false	1.0
undemokratisch	neg 1.0		__DUMMY__ 0.930668208422405 neg 0.038897002169699234 off 0.030434789407895763	false	1.0
wirtschaftskrise	neg 1.0		__DUMMY__ 0.9332853192942074 neg 0.03886406371658677 off 0.02785061698920575	false	1.0
neid	neg 1.0		__DUMMY__ 0.9372574674958633 neg 0.03217178294313811 off 0.030570749560998645	false	1.0
rutschen	neg 1.0		__DUMMY__ 0.9444199104811497 neg 0.032390668000199026 off 0.023189421518651308	false	1.0
rezession	neg 1.0		__DUMMY__ 0.9297972879799937 off 0.035435543243956674 neg 0.03476716877604967	false	0.5
fehlgeburt	neg 1.0		__DUMMY__ 0.9345621141260634 neg 0.036630688796941854 off 0.028807197076994806	false	1.0
charakterschwach	off 1.0		__DUMMY__ 0.9330212202954742 neg 0.03438913406382286 off 0.03258964564070297	false	0.5
isolation	neg 1.0		__DUMMY__ 0.9349100853028421 neg 0.03304706893010353 off 0.03204284576705427	false	1.0
ablenkung	neg 1.0		__DUMMY__ 0.9371322847041925 neg 0.034074824539337425 off 0.028792890756470065	false	1.0
pech	neg 1.0		__DUMMY__ 0.936811128668713 neg 0.03303494275855646 off 0.030153928572730585	false	1.0
vermeidung	neg 1.0		__DUMMY__ 0.9364729619411967 off 0.03285777793762544 neg 0.03066926012117786	false	0.5
dominieren	neg 1.0		__DUMMY__ 0.93619471660857 neg 0.035753064309328626 off 0.028052219082101308	false	1.0
schwindlig	neg 1.0		__DUMMY__ 0.9388326416396398 neg 0.0313331435955308 off 0.02983421476482946	false	1.0
lutscher	neg 1.0		__DUMMY__ 0.9300747773759381 off 0.0379997759644745 neg 0.03192544665958733	false	0.5
pflicht	neg 1.0		__DUMMY__ 0.9355414774275352 neg 0.03859074467221022 off 0.025867777900254563	false	1.0
faschist	off 1.0		__DUMMY__ 0.9293936101310835 neg 0.039571183138911045 off 0.031035206730005552	false	0.5
verschleudern	neg 1.0		__DUMMY__ 0.9337545223148421 neg 0.03881905673472118 off 0.027426420950436698	false	1.0
wenn			__DUMMY__ 0.934802534940822 neg 0.03398358841075474 off 0.031213876648423285	false	0.0
ehebruch	neg 1.0		__DUMMY__ 0.9334209216257887 neg 0.03934116773724549 off 0.02723791063696584	false	1.0
spott	off 1.0		__DUMMY__ 0.9341623567555606 neg 0.03901670053882048 off 0.026820942705618866	false	0.5
trostlosigkeit	neg 1.0		__DUMMY__ 0.9320631282465662 neg 0.041833402139577536 off 0.026103469613856286	false	1.0
lutschen	neg 1.0		__DUMMY__ 0.9331765981771524 neg 0.03492363004581163 off 0.03189977177703604	false	1.0
undiszipliniert	neg 1.0		__DUMMY__ 0.9345845111012175 off 0.03321221677875477 neg 0.03220327212002762	false	0.5
kopfschmerz	neg 1.0		__DUMMY__ 0.9374622991349024 neg 0.03459335471885569 off 0.027944346146241923	false	1.0
unvorhergesehen	neg 1.0		__DUMMY__ 0.9417417760756752 neg 0.03132766896750972 off 0.026930554956815157	false	1.0
desinteressiert	neg 1.0		__DUMMY__ 0.9331291055252278 neg 0.033639808788136244 off 0.03323108568663605	false	1.0
armselig	off 1.0		__DUMMY__ 0.9320560735524794 off 0.03405230235963661 neg 0.03389162408788393	false	1.0
desaster	neg 1.0		__DUMMY__ 0.9338593076142254 neg 0.041073271448999506 off 0.025067420936775053	false	1.0
tod	neg 1.0		__DUMMY__ 0.9319300156911982 neg 0.04142535610484013 off 0.026644628203961768	false	1.0
herzlos	neg 1.0		__DUMMY__ 0.9341760448156616 off 0.03416951646439608 neg 0.031654438719942286	false	0.5
unwissenheit	neg 1.0		__DUMMY__ 0.9337754186890187 neg 0.0385989977386004 off 0.027625583572380954	false	1.0
widersinnig	neg 1.0		__DUMMY__ 0.9306908982646719 neg 0.040576375630092885 off 0.02873272610523517	false	1.0
bedenklich	neg 1.0		__DUMMY__ 0.9356181592833448 neg 0.037911929518051696 off 0.026469911198603504	false	1.0
beanstanden	neg 1.0		__DUMMY__ 0.936319360827578 neg 0.03815213770025878 off 0.02552850147216316	false	1.0
panisch	neg 1.0	neg 1.0	neg 0.4976988929479405 __DUMMY__ 0.4755788984731913 off 0.02672220857886813	false	1.0
debil	off 1.0		__DUMMY__ 0.9380166442199006 neg 0.03869500878036337 off 0.023288346999736	false	0.5
abstrich	neg 1.0		__DUMMY__ 0.9422594034627022 neg 0.030010066537445153 off 0.02773052999985254	false	1.0
primitiv	neg 1.0		__DUMMY__ 0.9325943492480369 neg 0.034377519835900344 off 0.0330281309160628	false	1.0
abschaum	off 1.0	off 1.0	off 0.49943432882219935 __DUMMY__ 0.46765839155330496 neg 0.032907279624495786	false	1.0
provozieren	neg 1.0		__DUMMY__ 0.9334066863211465 neg 0.03739390485615219 off 0.029199408822701323	false	1.0
tot	neg 1.0		__DUMMY__ 0.9343854943631243 neg 0.037812178077169925 off 0.027802327559705697	false	1.0
instabil	neg 1.0		__DUMMY__ 0.9314522301502003 off 0.034792067373061716 neg 0.03375570247673791	false	0.5
schwuchtel	off 1.0		__DUMMY__ 0.9259677602723931 off 0.041920616709864744 neg 0.03211162301774214	false	1.0
zerren	neg 1.0		__DUMMY__ 0.9369261758085314 neg 0.035384336727124925 off 0.02768948746434366	false	1.0
kinderficker	off 1.0		__DUMMY__ 0.9298889457782156 off 0.035580524725213336 neg 0.03453052949657106	false	1.0
gefahr	neg 1.0		__DUMMY__ 0.9344852164395049 neg 0.03844145065147897 off 0.027073332909016107	false	1.0
rabiat	neg 1.0		__DUMMY__ 0.9352199137880705 neg 0.03590179280382051 off 0.028878293408109032	false	1.0
verlangsamung	neg 1.0		__DUMMY__ 0.9304568347236053 off 0.03757447415854777 neg 0.031968691117847	false	0.5
ausgestorben	neg 1.0		__DUMMY__ 0.9363990233844529 neg 0.035865418843984816 off 0.027735557771562204	false	1.0
anklagen	neg 1.0		__DUMMY__ 0.9336281628059795 neg 0.037514674888188826 off 0.028857162305831678	false	1.0
trott	neg 1.0		__DUMMY__ 0.9368721473652694 neg 0.034522737135517456 off 0.02860511549921308	false	1.0
verminderung	neg 1.0		__DUMMY__ 0.9338792340377823 off 0.033559158384124994 neg 0.03256160757809278	false	0.5
nach			__DUMMY__ 0.9424809234388808 neg 0.03417354508336435 off 0.02334553147775476	false	0.0
rost	neg 1.0		__DUMMY__ 0.9306636578646941 off 0.037468883191712696 neg 0.03186745894359324	false	0.5
destruktiv	neg 1.0		__DUMMY__ 0.9327790600935421 neg 0.03870648932901329 off 0.028514450577444683	false	1.0
unzumutbarkeit	neg 1.0		__DUMMY__ 0.9362208702544288 off 0.03303125981150526 neg 0.03074786993406595	false	0.5
labil	off 1.0	off 1.0	off 0.5000243781100141 __DUMMY__ 0.46850469140624323 neg 0.03147093048374265	false	1.0
ziemlich	neg 1.0		__DUMMY__ 0.9348964877150179 neg 0.032837565976643744 off 0.03226594630833843	false	1.0
lachnummer	off 1.0		__DUMMY__ 0.9329795709314158 neg 0.038384967135255285 off 0.028635461933328964	false	0.5
oder			__DUMMY__ 0.9380774993064266 neg 0.03356493556372606 off 0.028357565129847394	false	0.0
verfall	neg 1.0		__DUMMY__ 0.9372605820283034 neg 0.0392613724063723 off 0.023478045565324325	false	1.0
ausgrenzung	neg 1.0		__DUMMY__ 0.9307753338249471 neg 0.038386342560383105 off 0.03083832361466973	false	1.0
unordnung	neg 1.0		__DUMMY__ 0.93088248932203 off 0.034939130209663646 neg 0.03417838046830627	false	0.5
fehlverhalten	neg 1.0		__DUMMY__ 0.9340269765240209 neg 0.03926819209394738 off 0.02670483138203176	false	1.0
eine			__DUMMY__ 0.9382515483375514 neg 0.036655365493575696 off 0.025093086168872823	false	0.0
nille	neg 1.0		__DUMMY__ 0.9326900980844547 neg 0.03804891715511548 off 0.029260984760429733	false	1.0
qual	neg 1.0		__DUMMY__ 0.9365451963152696 neg 0.03484048869676823 off 0.0286143149879622	false	1.0
verschwenden	neg 1.0		__DUMMY__ 0.936568529084117 neg 0.03701923192017815 off 0.02641223899570492	false	1.0
riesig	neg 1.0		__DUMMY__ 0.9380477532456022 neg 0.03399252654201828 off 0.02795972021237956	false	1.0
verurteilen	neg 1.0		__DUMMY__ 0.933038272581591 neg 0.039093086852705475 off 0.027868640565703477	false	1.0
klischee	neg 1.0	neg 1.0	neg 0.5033237831075016 __DUMMY__ 0.4682945291867988 off 0.028381687705699637	false	1.0
diktatorisch	neg 1.0		__DUMMY__ 0.9291401470147761 neg 0.040350540382592115 off 0.030509312602631747	false	1.0
vorhersehbar	neg 1.0		__DUMMY__ 0.9329655895050072 neg 0.036629735337344975 off 0.030404675157647824	false	1.0
sowie			__DUMMY__ 0.9295606094630797 off 0.036555638650360114 neg 0.03388375188656019	false	0.0
stornieren	neg 1.0		__DUMMY__ 0.9380008292772513 neg 0.03179796645693777 off 0.030201204265811004	false	1.0
besteuerung	neg 1.0		__DUMMY__ 0.9350413328545756 neg 0.03535267545609364 off 0.029605991689330778	false	1.0
ungeschminkt	neg 1.0		__DUMMY__ 0.9351587134184766 neg 0.03256533724460416 off 0.03227594933691935	false	1.0
kritisch	neg 1.0		__DUMMY__ 0.9342844722267234 neg 0.038861739544260164 off 0.026853788229016445	false	1.0
schlamperei	off 1.0		__DUMMY__ 0.9342885023078351 neg 0.03844791214577386 off 0.02726358554639098	false	0.5
sucht	neg 1.0	neg 1.0	neg 0.49683670815530456 __DUMMY__ 0.4759938954958635 off 0.027169396348831885	false	1.0
egoistisch	off 1.0		__DUMMY__ 0.932216613248108 off 0.03583748526469311 neg 0.0319459014871989	false	1.0
ausbeuter	off 1.0		__DUMMY__ 0.9335893588157709 neg 0.039908854556528664 off 0.026501786627700495	false	0.5
arschgeburt	off 1.0		__DUMMY__ 0.9260797423193773 off 0.04191775547431905 neg 0.03200250220630374	false	1.0
schubs	neg 1.0	neg 1.0	neg 0.5003516661986042 __DUMMY__ 0.47569737317911426 off 0.023950960622281633	false	1.0
unsolide	neg 1.0		__DUMMY__ 0.9274134353966919 neg 0.03976121751138612 off 0.03282534709192203	false	1.0
beschwerde	neg 1.0		__DUMMY__ 0.9347081656442545 neg 0.03757928755640623 off 0.027712546799339204	false	1.0
stocken	neg 1.0		__DUMMY__ 0.936816059016288 neg 0.03603125926762519 off 0.027152681716086858	false	1.0
isolieren	neg 1.0		__DUMMY__ 0.9390926167382082 neg 0.03255393934711052 off 0.02835344391468129	false	1.0
unheilbar	neg 1.0		__DUMMY__ 0.9345368586679154 neg 0.03603294779983504 off 0.029430193532249658	false	1.0
pisser	off 1.0		__DUMMY__ 0.9315568707969036 off 0.03464796613268627 neg 0.033795163070410125	false	1.0
löschen	neg 1.0		__DUMMY__ 0.9349121495621786 neg 0.03544847885820665 off 0.029639371579614698	false	1.0
durchfallen	neg 1.0		__DUMMY__ 0.935915268702802 neg 0.03728848945769062 off 0.026796241839507465	false	1.0
wichser	off 1.0		__DUMMY__ 0.93010127609798 off 0.03892895361574707 neg 0.03096977028627293	false	1.0
terror	neg 1.0		__DUMMY__ 0.9371598768140442 neg 0.03187269892774119 off 0.030967424258214686	false	1.0
krass	neg 1.0		__DUMMY__ 0.9341321139109523 off 0.0340879420983063 neg 0.03177994399074138	false	0.5
revolte	neg 1.0	neg 1.0	neg 0.5069232109616187 __DUMMY__ 0.4641403725054731 off 0.028936416532908193	false	1.0
besorgt	neg 1.0		__DUMMY__ 0.9394662389277808 neg 0.03309202046661227 off 0.027441740605606914	false	1.0
nachlassen	neg 1.0		__DUMMY__ 0.9392105661203077 neg 0.03352124991756023 off 0.027268183962132098	false	1.0
alt	neg 1.0		__DUMMY__ 0.9405917826733915 neg 0.034112833067336895 off 0.025295384259271532	false	1.0
hundesohn	off 1.0		__DUMMY__ 0.9277865200646745 off 0.03882697261406555 neg 0.03338650732125987	false	1.0
als			__DUMMY__ 0.9375391846357818 neg 0.03531320164152867 off 0.02714761372268952	false	0.0
abschreckung	neg 1.0		__DUMMY__ 0.9350428835135643 neg 0.03916281574852663 off 0.025794300737909063	false	1.0
unqualifiziert	neg 1.0		__DUMMY__ 0.933313534775521 neg 0.03606434666948391 off 0.0306221185549951	false	1.0
abgewichst	off 1.0		__DUMMY__ 0.9348425081443602 neg 0.03684152442446624 off 0.028315967431173532	false	0.5
schwer	neg 1.0		__DUMMY__ 0.9367016010725314 neg 0.034922511824805845 off 0.028375887102662742	false	1.0
bedeutungslosigkeit	neg 1.0		__DUMMY__ 0.9342306966472712 neg 0.03951903775837161 off 0.02625026559435721	false	1.0
kapitulation	neg 1.0		__DUMMY__ 0.9305988034540121 neg 0.04151763678954882 off 0.027883559756439046	false	1.0
unscharf	neg 1.0		__DUMMY__ 0.9367328720018523 neg 0.03314992666916047 off 0.03011720132898719	false	1.0
schwinden	neg 1.0		__DUMMY__ 0.9370583175871994 neg 0.03672569487816064 off 0.02621598753464	false	1.0
versklavung	neg 1.0	neg 1.0	neg 0.5056965368274864 __DUMMY__ 0.46681141004085847 off 0.02749205313165513	false	1.0
schlecht	neg 1.0		__DUMMY__ 0.9352449048539581 off 0.032534788174838916 neg 0.03222030697120293	false	0.5
verhasst	neg 1.0		__DUMMY__ 0.9329443159410141 neg 0.03778843866786671 off 0.029267245391119173	false	1.0
beschweren	neg 1.0		__DUMMY__ 0.9360560727074476 neg 0.03417943106624356 off 0.029764496226308782	false	1.0
scheiden	neg 1.0		__DUMMY__ 0.9359251439166337 neg 0.03615288109690459 off 0.02792197498646179	false	1.0
frustriert	neg 1.0		__DUMMY__ 0.9362077016452209 neg 0.035923611310101654 off 0.02786868704467738	false	1.0
schimmelig	neg 1.0		__DUMMY__ 0.9380860125480683 neg 0.03588512207436897 off 0.026028865377562712	false	1.0
fisch	neg 1.0		__DUMMY__ 0.9377458975893636 neg 0.03596921586821949 off 0.02628488654241692	false	1.0
schmuggel	neg 1.0		__DUMMY__ 0.9387164221579186 neg 0.035636428707744784 off 0.02564714913433666	false	1.0
auffallen	neg 1.0		__DUMMY__ 0.9356133258261011 neg 0.034322982138807 off 0.03006369203509182	false	1.0
konkurrenz	neg 1.0		__DUMMY__ 0.9379979696081836 neg 0.03659828325724774 off 0.02540374713456865	false	1.0
teufelskreis	neg 1.0		__DUMMY__ 0.9349574022552419 neg 0.036883712990938095 off 0.02815888475381994	false	1.0
aufschreien	neg 1.0		__DUMMY__ 0.9333705866602827 neg 0.03641284560716837 off 0.030216567732548976	false	1.0
schuldner	neg 1.0		__DUMMY__ 0.9344744123858014 neg 0.038718479397473686 off 0.026807108216724912	false	1.0
missgeburt	off 1.0	off 1.0	off 0.503220423428253 __DUMMY__ 0.46637426409080135 neg 0.03040531248094569	false	1.0
arbeitslos	neg 1.0		__DUMMY__ 0.9345107292916212 neg 0.03788765746611287 off 0.027601613242265975	false	1.0
befallen	neg 1.0		__DUMMY__ 0.9307388172919187 neg 0.041455809021292304 off 0.027805373686789026	false	1.0
miesepetrig	off 1.0		__DUMMY__ 0.9366255434849767 off 0.03189401254058833 neg 0.03148044397443495	false	1.0
alarmieren	neg 1.0		__DUMMY__ 0.9324695476994658 neg 0.03509730428189684 off 0.03243314801863736	false	1.0
ungeduscht	off 1.0		__DUMMY__ 0.9368859613572803 neg 0.03301766323799649 off 0.030096375404723184	false	0.5
knappheit	neg 1.0		__DUMMY__ 0.9363678155148282 neg 0.0359490904386809 off 0.027683094046490834	false	1.0
schlange	neg 1.0		__DUMMY__ 0.9377287061534288 neg 0.03292077634802899 off 0.029350517498542165	false	1.0
harsch	neg 1.0		__DUMMY__ 0.9347421274700547 off 0.03633443390746933 neg 0.028923438622475907	false	0.5
lang	neg 1.0		__DUMMY__ 0.9359040000002566 neg 0.034479854154841956 off 0.029616145844901475	false	1.0
ziellos	neg 1.0		__DUMMY__ 0.936798066658218 neg 0.03625150673507992 off 0.026950426606702018	false	1.0
selbstverliebt	neg 1.0		__DUMMY__ 0.9268133357619908 off 0.03998506566628286 neg 0.03320159857172645	false	0.5
beseitigen	neg 1.0		__DUMMY__ 0.9383412823033096 neg 0.03235076311243104 off 0.029307954584259367	false	1.0
dumm	off 1.0		__DUMMY__ 0.931102191764054 off 0.03634046205447366 neg 0.03255734618147243	false	1.0
arbeitsloser	neg 1.0		__DUMMY__ 0.9349568139238299 neg 0.03796951079725303 off 0.027073675278917145	false	1.0
blitzen	neg 1.0		__DUMMY__ 0.934456921815568 neg 0.03420193732132733 off 0.03134114086310471	false	1.0
hilflos	neg 1.0		__DUMMY__ 0.9363178959431547 neg 0.036167262252255875 off 0.0275148418045894	false	1.0
eklig	off 1.0		__DUMMY__ 0.930913272610735 off 0.03687105617740255 neg 0.03221567121186246	false	1.0
begriff			__DUMMY__ 0.9353640555307392 neg 0.03670377497790359 off 0.027932169491357243	false	0.0
hungersnot	neg 1.0		__DUMMY__ 0.9298066489149756 neg 0.0409302392662182 off 0.02926311181880631	false	1.0
ungesetzlich	neg 1.0		__DUMMY__ 0.9300257904676248 neg 0.038517750178212726 off 0.03145645935416249	false	1.0
verschwendung	neg 1.0		__DUMMY__ 0.9364361996941828 neg 0.037650694214342154 off 0.025913106091475055	false	1.0
schmerzvoll	neg 1.0		__DUMMY__ 0.9361721957492259 neg 0.03413243767465053 off 0.02969536657612351	false	1.0
vorzeitig	neg 1.0		__DUMMY__ 0.9348391857467632 neg 0.03280530641040813 off 0.032355507842828736	false	1.0
unvollkommenheit	neg 1.0		__DUMMY__ 0.9358735870663851 neg 0.03525394106523223 off 0.028872471868382533	false	1.0
intervenieren	neg 1.0		__DUMMY__ 0.9330074346325808 neg 0.04019998672894355 off 0.02679257863847553	false	1.0
banause	off 1.0		__DUMMY__ 0.9300665306501495 off 0.03783808149822431 neg 0.03209538785162621	false	1.0
rebell	neg 1.0		__DUMMY__ 0.9390586562952177 neg 0.036093976735624006 off 0.024847366969158253	false	1.0
unlogisch	neg 1.0		__DUMMY__ 0.932326104581199 off 0.034052079116231974 neg 0.03362181630256907	false	0.5
leiden	neg 1.0	neg 1.0	neg 0.4979325141401532 __DUMMY__ 0.47968844641546476 off 0.022379039444382028	false	1.0
abschaffung	neg 1.0		__DUMMY__ 0.9331976710719639 neg 0.037049994029586426 off 0.02975233489844962	false	1.0
sturz	neg 1.0		__DUMMY__ 0.9324830668872158 neg 0.037418510248224734 off 0.030098422864559358	false	1.0
verkleinerung	neg 1.0		__DUMMY__ 0.9314174962890326 neg 0.03673027371712291 off 0.0318522299938445	false	1.0
schmarotzer	off 1.0		__DUMMY__ 0.9333598600094292 neg 0.03926758192035971 off 0.02737255807021113	false	0.5
bestrafung	neg 1.0		__DUMMY__ 0.93392204415895 neg 0.036328192251431204 off 0.02974976358961885	false	1.0
achtlos	neg 1.0		__DUMMY__ 0.9371650982909449 neg 0.03456519048045662 off 0.02826971122859848	false	1.0
