unsolidarisch	neg 1.0		neg 0.5171533018198645 off 0.4126539671190693 __DUMMY__ 0.07019273106106624	false	1.0
nachteilig	neg 1.0		neg 0.5150969828964961 off 0.4136370161290449 __DUMMY__ 0.0712660009744591	false	1.0
skeptisch	neg 1.0		neg 0.5177943706978534 off 0.4107984629291393 __DUMMY__ 0.0714071663730072	false	1.0
schrecklich	neg 1.0		neg 0.5039253896454748 off 0.42520703550456773 __DUMMY__ 0.07086757484995747	false	1.0
schlapp	neg 1.0		neg 0.5058156048647969 off 0.42273318056545406 __DUMMY__ 0.07145121456974894	false	1.0
abfall	neg 1.0		neg 0.5189596609060351 off 0.409495025998173 __DUMMY__ 0.07154531309579207	false	1.0
widerspenstig	neg 1.0		neg 0.5108991917014111 off 0.4175385502662711 __DUMMY__ 0.07156225803231786	false	1.0
abrupt	neg 1.0		neg 0.5110820802208981 off 0.4171122992589712 __DUMMY__ 0.07180562052013079	false	1.0
unwirksam	neg 1.0		neg 0.5142368453186192 off 0.4151399956853933 __DUMMY__ 0.0706231589959875	false	1.0
angreifen	neg 1.0		neg 0.5176123046059554 off 0.41123903251819593 __DUMMY__ 0.07114866287584876	false	1.0
inkonsistent	neg 1.0		neg 0.5099895571938585 off 0.41892652559101584 __DUMMY__ 0.07108391721512561	false	1.0
abrutschen	neg 1.0		neg 0.5184611694955228 off 0.4099173295833344 __DUMMY__ 0.07162150092114287	false	1.0
unsicher	neg 1.0		neg 0.5116262779638929 off 0.4169740656346134 __DUMMY__ 0.07139965640149362	false	1.0
bauernkind	off 1.0		neg 0.5025367540565256 off 0.427153046285293 __DUMMY__ 0.07031019965818135	false	0.5
angreifer	neg 1.0		neg 0.5107290341450491 off 0.41850825492777033 __DUMMY__ 0.07076271092718045	false	1.0
trennen	neg 1.0		neg 0.514627595658273 off 0.4135348648359865 __DUMMY__ 0.07183753950574052	false	1.0
schmutz	neg 1.0		neg 0.5026399313294508 off 0.4255499421679611 __DUMMY__ 0.07181012650258803	false	1.0
inkonsistenz	neg 1.0	neg 1.0	neg 0.7428865015247229 off 0.2231602580804764 __DUMMY__ 0.03395324039480076	false	1.0
erschreckend	neg 1.0		neg 0.514592927783222 off 0.4142827996261206 __DUMMY__ 0.07112427259065758	false	1.0
ertrinken	neg 1.0		neg 0.5149118227257315 off 0.41356144065520944 __DUMMY__ 0.07152673661905903	false	1.0
pickelface	off 1.0		neg 0.5129190523718017 off 0.41619311715452856 __DUMMY__ 0.0708878304736697	false	0.5
seiner			neg 0.5169141799244095 off 0.4117686479982935 __DUMMY__ 0.07131717207729694	false	0.0
lauch	neg 1.0		neg 0.5174348416366586 off 0.41107109501284067 __DUMMY__ 0.07149406335050075	false	1.0
unwichtig	neg 1.0		neg 0.5080407456027023 off 0.4209118261503547 __DUMMY__ 0.07104742824694282	false	1.0
steuerhinterziehung	neg 1.0		neg 0.5161663368018357 off 0.4132052085911997 __DUMMY__ 0.07062845460696468	false	1.0
schock	neg 1.0		neg 0.5117060659191495 off 0.4165623475802642 __DUMMY__ 0.0717315865005862	false	1.0
beule	neg 1.0		neg 0.5046827977852534 off 0.4239616663726048 __DUMMY__ 0.07135553584214173	false	1.0
vergelten	neg 1.0		neg 0.5039553821658862 off 0.42554451494404366 __DUMMY__ 0.07050010289007011	false	1.0
verdorbenheit	neg 1.0		neg 0.5088556162831561 off 0.41960272604657084 __DUMMY__ 0.07154165767027314	false	1.0
trauma	neg 1.0		neg 0.51068607414929 off 0.4181810831526159 __DUMMY__ 0.07113284269809408	false	1.0
sinnlos	neg 1.0		neg 0.510282576884314 off 0.4185536892939762 __DUMMY__ 0.07116373382170982	false	1.0
fettsack	off 1.0	off 1.0	off 0.6978964850977026 neg 0.26823760311285266 __DUMMY__ 0.03386591178944474	false	1.0
feige	off 1.0		neg 0.5104770741367224 off 0.418824649001955 __DUMMY__ 0.0706982768613225	false	0.5
abdanken	neg 1.0		neg 0.5181396763187142 off 0.41160107940507706 __DUMMY__ 0.07025924427620875	false	1.0
wichtigtuer	off 1.0	off 1.0	off 0.6922434081538695 neg 0.2737985427396648 __DUMMY__ 0.03395804910646575	false	1.0
misslingen	neg 1.0		neg 0.5086809276535419 off 0.4198693096063155 __DUMMY__ 0.07144976274014252	false	1.0
untreu	off 1.0		neg 0.5073717155029683 off 0.4216214999630786 __DUMMY__ 0.07100678453395301	false	0.5
missmutig	neg 1.0		neg 0.5075550951207985 off 0.421151948999943 __DUMMY__ 0.07129295587925849	false	1.0
hurenbock	off 1.0		neg 0.5079215200526184 off 0.4204219693395303 __DUMMY__ 0.07165651060785135	false	0.5
betrunken	neg 1.0		neg 0.5045004249660339 off 0.4243063811006948 __DUMMY__ 0.07119319393327139	false	1.0
korrupt	off 1.0		neg 0.5187233684927951 off 0.4107822472286951 __DUMMY__ 0.07049438427850967	false	0.5
unmut	neg 1.0		neg 0.5194123537596691 off 0.4092850993640304 __DUMMY__ 0.07130254687630043	false	1.0
hackfresse	off 1.0		neg 0.5008846455598458 off 0.42844977724182054 __DUMMY__ 0.07066557719833365	false	0.5
aufblasen	neg 1.0		neg 0.5092714562433117 off 0.41920992953637654 __DUMMY__ 0.07151861422031179	false	1.0
gewaltsam	neg 1.0		neg 0.5135672388138073 off 0.4157301553434886 __DUMMY__ 0.07070260584270403	false	1.0
unbeliebtheit	neg 1.0		neg 0.5107720123187469 off 0.4192446193763816 __DUMMY__ 0.06998336830487138	false	1.0
sturheit	neg 1.0		neg 0.5160400945887023 off 0.41313647487300265 __DUMMY__ 0.070823430538295	false	1.0
kuh	neg 1.0		neg 0.5106653291919994 off 0.4182639367973293 __DUMMY__ 0.07107073401067138	false	1.0
erschrecken	neg 1.0		neg 0.5082198152819303 off 0.4205408990200126 __DUMMY__ 0.071239285698057	false	1.0
opfer	neg 1.0	neg 1.0	neg 0.7460886369542888 off 0.21974799424162014 __DUMMY__ 0.03416336880409095	false	1.0
sinken	neg 1.0		neg 0.5179513181566154 off 0.41066462002120724 __DUMMY__ 0.07138406182217735	false	1.0
stinktier	neg 1.0		neg 0.5042136357131357 off 0.42511874131560323 __DUMMY__ 0.07066762297126108	false	1.0
tucke	off 1.0		neg 0.49904970135461707 off 0.4301051057562316 __DUMMY__ 0.07084519288915145	false	0.5
ein			neg 0.5087234403116586 off 0.41950402255780495 __DUMMY__ 0.07177253713053644	false	0.0
abstieg	neg 1.0		neg 0.5161164030455667 off 0.41299903754918027 __DUMMY__ 0.07088455940525305	false	1.0
missverstehen	neg 1.0		neg 0.512286531703768 off 0.41689245082689613 __DUMMY__ 0.07082101746933574	false	1.0
ergebnislos	neg 1.0		neg 0.5158294896836433 off 0.4131272197562507 __DUMMY__ 0.07104329056010601	false	1.0
unter			neg 0.5188762659483143 off 0.4087980260559841 __DUMMY__ 0.0723257079957016	false	0.0
manipulieren	neg 1.0		neg 0.5172945100380567 off 0.4114714210510659 __DUMMY__ 0.0712340689108775	false	1.0
unbewiesen	neg 1.0		neg 0.5169346354563995 off 0.4128070188301247 __DUMMY__ 0.07025834571347585	false	1.0
verschleppen	neg 1.0		neg 0.5166570704907002 off 0.41240406373447147 __DUMMY__ 0.07093886577482827	false	1.0
weib	off 1.0		neg 0.4999386184068874 off 0.42952332934801774 __DUMMY__ 0.07053805224509489	false	0.5
opposition	neg 1.0		neg 0.5134808007540107 off 0.4159756878121164 __DUMMY__ 0.07054351143387291	false	1.0
verkehrswidrig	neg 1.0		neg 0.5006328746884191 off 0.4282856450808228 __DUMMY__ 0.07108148023075811	false	1.0
inkorrekt	neg 1.0		neg 0.5106616416803588 off 0.41903919026561953 __DUMMY__ 0.07029916805402171	false	1.0
vermeiden	neg 1.0		neg 0.5175113149936387 off 0.4104614892398798 __DUMMY__ 0.07202719576648157	false	1.0
abweichung	neg 1.0		neg 0.517172601708398 off 0.4120657690122689 __DUMMY__ 0.07076162927933329	false	1.0
alkoholisiert	neg 1.0		neg 0.5123987723123624 off 0.4159789779302748 __DUMMY__ 0.07162224975736277	false	1.0
scheiss	off 1.0	off 1.0	off 0.6962354465319552 neg 0.26960431492135933 __DUMMY__ 0.03416023854668545	false	1.0
herausforderung	neg 1.0		neg 0.5108227543327698 off 0.4171585446806786 __DUMMY__ 0.07201870098655165	false	1.0
pervers	off 1.0		neg 0.49729202469477124 off 0.4322793923114027 __DUMMY__ 0.07042858299382591	false	0.5
wackelig	neg 1.0		neg 0.5110230128249558 off 0.41698686127746626 __DUMMY__ 0.07199012589757797	false	1.0
verwickeln	neg 1.0		neg 0.5117280291368997 off 0.4172860455242489 __DUMMY__ 0.07098592533885127	false	1.0
vorwand	neg 1.0		neg 0.5193513671585411 off 0.40950976400013755 __DUMMY__ 0.07113886884132135	false	1.0
muschi	off 1.0		neg 0.5138263936131805 off 0.41533968851248987 __DUMMY__ 0.0708339178743298	false	0.5
entmutigung	neg 1.0		neg 0.5163062195235059 off 0.4138172064583945 __DUMMY__ 0.06987657401809974	false	1.0
unangemessen	neg 1.0		neg 0.517427106021721 off 0.41176426783800607 __DUMMY__ 0.07080862614027282	false	1.0
unstetig	neg 1.0		neg 0.508816712534373 off 0.4202147146305331 __DUMMY__ 0.07096857283509395	false	1.0
entmutigen	neg 1.0		neg 0.5108280701249829 off 0.41788124571398017 __DUMMY__ 0.07129068416103689	false	1.0
schwanz	neg 1.0		neg 0.5143966256244944 off 0.41440320344544385 __DUMMY__ 0.07120017093006184	false	1.0
verbot	neg 1.0		neg 0.5171486183167724 off 0.4122052348956744 __DUMMY__ 0.07064614678755332	false	1.0
leid	neg 1.0		neg 0.5023383921397947 off 0.4268627401222968 __DUMMY__ 0.07079886773790844	false	1.0
archaisch	neg 1.0		neg 0.5163651477615029 off 0.41274696887235485 __DUMMY__ 0.07088788336614228	false	1.0
gegen			neg 0.5196062385492087 off 0.40939736283543005 __DUMMY__ 0.07099639861536121	false	0.0
scheidung	neg 1.0	neg 1.0	neg 0.7299157388384944 off 0.2361870937589147 __DUMMY__ 0.03389716740259084	false	1.0
einschlag	neg 1.0		neg 0.5041124131012722 off 0.42527952291611076 __DUMMY__ 0.070608063982617	false	1.0
m			neg 0.5122427262592887 off 0.41625124328151597 __DUMMY__ 0.07150603045919542	false	0.0
abgestanden	neg 1.0		neg 0.509585531353424 off 0.41876764127664623 __DUMMY__ 0.07164682736992979	false	1.0
schmierig	off 1.0		neg 0.5028150490512944 off 0.42622446302605155 __DUMMY__ 0.07096048792265405	false	0.5
unpraktisch	neg 1.0		neg 0.5087315246584365 off 0.41965405169305414 __DUMMY__ 0.07161442364850934	false	1.0
wixxer	off 1.0		neg 0.49811692442970906 off 0.43164817805424277 __DUMMY__ 0.07023489751604807	false	0.5
bezeichnet			neg 0.5152464494354071 off 0.4138877860254585 __DUMMY__ 0.07086576453913444	false	0.0
jammerlappen	off 1.0		neg 0.5083349403876719 off 0.4206499538254457 __DUMMY__ 0.07101510578688239	false	0.5
farce	neg 1.0		neg 0.5189472711512773 off 0.410827229766388 __DUMMY__ 0.07022549908233468	false	1.0
zwecklos	neg 1.0		neg 0.516926419451405 off 0.41209852366530253 __DUMMY__ 0.07097505688329239	false	1.0
turbulent	neg 1.0		neg 0.5050213063410208 off 0.4242744701580942 __DUMMY__ 0.0707042235008848	false	1.0
invasion	neg 1.0		neg 0.50780392253924 off 0.4208540866241838 __DUMMY__ 0.07134199083657611	false	1.0
schuld	neg 1.0		neg 0.5123546444362838 off 0.4165710941108106 __DUMMY__ 0.07107426145290549	false	1.0
risiko	neg 1.0		neg 0.506040772362361 off 0.4223598289805116 __DUMMY__ 0.07159939865712736	false	1.0
finster	neg 1.0		neg 0.5091947425866307 off 0.4191183245371469 __DUMMY__ 0.07168693287622249	false	1.0
geisteskrank	off 1.0		neg 0.5091473810550365 off 0.4203562383350094 __DUMMY__ 0.07049638060995404	false	0.5
zusammenbrechen	neg 1.0		neg 0.5127602337358117 off 0.4157496069017512 __DUMMY__ 0.07149015936243709	false	1.0
ausbeute	neg 1.0		neg 0.5128492675209647 off 0.4154649072388198 __DUMMY__ 0.07168582524021548	false	1.0
hinterhalt	neg 1.0		neg 0.5120184642663036 off 0.41697044632515445 __DUMMY__ 0.07101108940854178	false	1.0
kritik	neg 1.0		neg 0.5179703392448797 off 0.41162086107539536 __DUMMY__ 0.07040879967972515	false	1.0
einschrumpfen	neg 1.0		neg 0.511391449608292 off 0.4181251395101434 __DUMMY__ 0.07048341088156469	false	1.0
riskant	neg 1.0		neg 0.516218916748455 off 0.41242501279863375 __DUMMY__ 0.07135607045291141	false	1.0
frustrieren	neg 1.0		neg 0.5169169529447866 off 0.41184207996535444 __DUMMY__ 0.07124096708985904	false	1.0
groll	neg 1.0		neg 0.516599031881165 off 0.412406912196315 __DUMMY__ 0.07099405592252005	false	1.0
gibt			neg 0.514324016303755 off 0.4143804452857538 __DUMMY__ 0.07129553841049134	false	0.0
qualvoll	neg 1.0		neg 0.5092501719686319 off 0.41945349303508256 __DUMMY__ 0.07129633499628546	false	1.0
wackeln	neg 1.0		neg 0.5090159377195137 off 0.41928721605172864 __DUMMY__ 0.07169684622875769	false	1.0
klagen	neg 1.0		neg 0.5196391853441059 off 0.40926822807731605 __DUMMY__ 0.07109258657857817	false	1.0
bankrott	neg 1.0		neg 0.5064018466260767 off 0.42235067868021753 __DUMMY__ 0.07124747469370567	false	1.0
trauern	neg 1.0		neg 0.5169085915978342 off 0.4118965628954487 __DUMMY__ 0.07119484550671726	false	1.0
ablehnung	neg 1.0	neg 1.0	neg 0.7463466587128594 off 0.21982128632130682 __DUMMY__ 0.03383205496583374	false	1.0
stur	neg 1.0		neg 0.5116386927759409 off 0.4172423379433571 __DUMMY__ 0.07111896928070195	false	1.0
aufruhr	neg 1.0		neg 0.5150447993340475 off 0.4143935684490207 __DUMMY__ 0.07056163221693171	false	1.0
melancholie	neg 1.0		neg 0.5123227361204905 off 0.41594410315273644 __DUMMY__ 0.07173316072677306	false	1.0
ist			neg 0.5114064693936482 off 0.4174821316562626 __DUMMY__ 0.0711113989500891	false	0.0
torheit	neg 1.0		neg 0.5161608241994233 off 0.4135791582633809 __DUMMY__ 0.07026001753719578	false	1.0
dreckskind	off 1.0		neg 0.5044978796626989 off 0.4253064314376733 __DUMMY__ 0.07019568889962777	false	0.5
umtauschen	neg 1.0		neg 0.5106379629953471 off 0.41776036556860396 __DUMMY__ 0.07160167143604895	false	1.0
zum			neg 0.5153470435127238 off 0.4123285708676818 __DUMMY__ 0.07232438561959452	false	0.0
zersetzen	neg 1.0		neg 0.5183066845893307 off 0.41052220306445564 __DUMMY__ 0.07117111234621375	false	1.0
zur			neg 0.520198965422486 off 0.4083014248618574 __DUMMY__ 0.07149960971565655	false	0.0
frust	neg 1.0		neg 0.5139038848583821 off 0.4147467475452957 __DUMMY__ 0.07134936759632238	false	1.0
unerbittlichkeit	neg 1.0		neg 0.5178631816208142 off 0.4110687861358718 __DUMMY__ 0.07106803224331396	false	1.0
zwei			neg 0.515054570282894 off 0.41292202419451995 __DUMMY__ 0.07202340552258608	false	0.0
unkorrekt	neg 1.0		neg 0.5094350426800591 off 0.42020445769713394 __DUMMY__ 0.070360499622807	false	1.0
hexe	off 1.0		neg 0.5066950242866906 off 0.42220054074532654 __DUMMY__ 0.0711044349679829	false	0.5
lasch	neg 1.0		neg 0.5113958180233783 off 0.4178726215967008 __DUMMY__ 0.07073156037992091	false	1.0
rivale	neg 1.0		neg 0.5040490212927553 off 0.42523355667616625 __DUMMY__ 0.07071742203107843	false	1.0
mutlos	off 1.0	off 1.0	off 0.6894019696454927 neg 0.2765860009523425 __DUMMY__ 0.03401202940216482	false	1.0
wirr	off 1.0		neg 0.5068510180722756 off 0.4226847415399478 __DUMMY__ 0.07046424038777663	false	0.5
jahr			neg 0.5128708377308044 off 0.4152150922432946 __DUMMY__ 0.07191407002590086	false	0.0
wird			neg 0.5156407574991715 off 0.4130293058220189 __DUMMY__ 0.0713299366788096	false	0.0
strafbar	neg 1.0		neg 0.5190448575535496 off 0.41016622735080804 __DUMMY__ 0.07078891509564256	false	1.0
erosion	neg 1.0		neg 0.509298705667646 off 0.4192777494308806 __DUMMY__ 0.07142354490147344	false	1.0
eingehen	neg 1.0		neg 0.5167821062049426 off 0.4121446674987885 __DUMMY__ 0.07107322629626893	false	1.0
faul	off 1.0		neg 0.5056072839145699 off 0.42286707599088863 __DUMMY__ 0.07152564009454156	false	0.5
provisorium	neg 1.0		neg 0.520745612482191 off 0.407159791595258 __DUMMY__ 0.07209459592255095	false	1.0
schmerzen	neg 1.0		neg 0.5121507042211111 off 0.41635005973780803 __DUMMY__ 0.07149923604108098	false	1.0
schrumpfen	neg 1.0		neg 0.5199290918795307 off 0.4084492599831024 __DUMMY__ 0.0716216481373669	false	1.0
geistlos	off 1.0		neg 0.5144978313103243 off 0.4152768531986841 __DUMMY__ 0.07022531549099151	false	0.5
fehlkauf	neg 1.0		neg 0.5108582373686833 off 0.4182931797148434 __DUMMY__ 0.07084858291647322	false	1.0
frustrierend	neg 1.0		neg 0.5082176786818731 off 0.4205343498925606 __DUMMY__ 0.07124797142556628	false	1.0
unzufrieden	neg 1.0		neg 0.5155865470473893 off 0.4132149734612895 __DUMMY__ 0.0711984794913214	false	1.0
verzweifeln	neg 1.0		neg 0.5125522652882456 off 0.4160799288305053 __DUMMY__ 0.0713678058812489	false	1.0
verzweifelt	neg 1.0		neg 0.5116093664823076 off 0.41724626074873544 __DUMMY__ 0.07114437276895696	false	1.0
misstrauensantrag	neg 1.0		neg 0.5108298679198341 off 0.41834195796516077 __DUMMY__ 0.07082817411500517	false	1.0
abfallen	neg 1.0		neg 0.5081790118320869 off 0.42001285665668775 __DUMMY__ 0.07180813151122539	false	1.0
fucker	off 1.0		neg 0.5059431895498685 off 0.42337551918539984 __DUMMY__ 0.07068129126473154	false	0.5
ungezogen	neg 1.0		neg 0.4988955844858659 off 0.4304255062828554 __DUMMY__ 0.07067890923127863	false	1.0
irrsinnig	neg 1.0	neg 1.0	neg 0.743878761578777 off 0.22204084227769277 __DUMMY__ 0.034080396143530256	false	1.0
unfassbar	neg 1.0		neg 0.5076991650669563 off 0.4212883473792046 __DUMMY__ 0.07101248755383899	false	1.0
hart	neg 1.0		neg 0.5079167002790267 off 0.4212242448683774 __DUMMY__ 0.07085905485259583	false	1.0
widerlich	off 1.0		neg 0.5080971535901846 off 0.4211466241695384 __DUMMY__ 0.07075622224027703	false	0.5
fatal	neg 1.0		neg 0.5102718395476036 off 0.4187539173533808 __DUMMY__ 0.07097424309901568	false	1.0
bruch	neg 1.0		neg 0.5212180501228263 off 0.40787083353418174 __DUMMY__ 0.07091111634299192	false	1.0
aushungern	neg 1.0		neg 0.5157993234117251 off 0.4136797388943342 __DUMMY__ 0.07052093769394067	false	1.0
anspannung	neg 1.0		neg 0.5171556074058585 off 0.411019957961135 __DUMMY__ 0.07182443463300647	false	1.0
von			neg 0.5146729552825935 off 0.41352216281248355 __DUMMY__ 0.07180488190492286	false	0.0
kraftlos	neg 1.0		neg 0.5123084585344151 off 0.415850575672597 __DUMMY__ 0.0718409657929879	false	1.0
vom			neg 0.5187721147500258 off 0.4090272202032205 __DUMMY__ 0.07220066504675358	false	0.0
grenzdebil	off 1.0		neg 0.5057891088024445 off 0.42309648480284756 __DUMMY__ 0.07111440639470791	false	0.5
vor			neg 0.5169215821231185 off 0.41142240242098577 __DUMMY__ 0.0716560154558959	false	0.0
unterwerfen	neg 1.0		neg 0.517612317565423 off 0.4113886115883569 __DUMMY__ 0.07099907084622015	false	1.0
versenkung	neg 1.0		neg 0.5167784010707677 off 0.41197063254018795 __DUMMY__ 0.07125096638904446	false	1.0
entziehen	neg 1.0		neg 0.5195902789710102 off 0.409198357868682 __DUMMY__ 0.07121136316030795	false	1.0
finanzkrise	neg 1.0		neg 0.5158246891707898 off 0.41361693010991546 __DUMMY__ 0.07055838071929456	false	1.0
schimpfend	neg 1.0		neg 0.5067328470761193 off 0.4213779550050654 __DUMMY__ 0.07188919791881539	false	1.0
profan	neg 1.0		neg 0.5102558694863747 off 0.41857494118550664 __DUMMY__ 0.07116918932811873	false	1.0
korruption	neg 1.0		neg 0.5179904435979714 off 0.41142194907558693 __DUMMY__ 0.07058760732644172	false	1.0
â			neg 0.5136585457910343 off 0.41489680711650156 __DUMMY__ 0.07144464709246398	false	0.0
schmutzig	neg 1.0		neg 0.5049418207402999 off 0.4236769755443259 __DUMMY__ 0.07138120371537424	false	1.0
sexy	neg 1.0		neg 0.5078874979361188 off 0.42100005735156437 __DUMMY__ 0.07111244471231672	false	1.0
abraten	neg 1.0		neg 0.5101203310474092 off 0.41850622049312014 __DUMMY__ 0.07137344845947056	false	1.0
schwarz	neg 1.0		neg 0.5107796905350396 off 0.4181584217924323 __DUMMY__ 0.07106188767252807	false	1.0
fotze	off 1.0		neg 0.5154551967461736 off 0.41361513896283536 __DUMMY__ 0.07092966429099118	false	0.5
verwirren	neg 1.0		neg 0.5094933003250159 off 0.41936950471732004 __DUMMY__ 0.07113719495766416	false	1.0
zahnlos	off 1.0		neg 0.5167309416988644 off 0.41233178908921164 __DUMMY__ 0.07093726921192406	false	0.5
verheeren	neg 1.0		neg 0.49852870315569464 off 0.43120518138780944 __DUMMY__ 0.07026611545649594	false	1.0
hippie	neg 1.0		neg 0.5085325407865908 off 0.4204205327210634 __DUMMY__ 0.07104692649234565	false	1.0
rammen	neg 1.0		neg 0.507986694841868 off 0.42068050477893143 __DUMMY__ 0.07133280037920059	false	1.0
unlauter	neg 1.0	neg 1.0	neg 0.7427443122870553 off 0.22321794716660326 __DUMMY__ 0.03403774054634151	false	1.0
unheilvoll	neg 1.0		neg 0.5094891749364482 off 0.41919397190771707 __DUMMY__ 0.0713168531558347	false	1.0
niedrig	neg 1.0		neg 0.5145121144951559 off 0.4141624120322708 __DUMMY__ 0.07132547347257334	false	1.0
explosion	neg 1.0		neg 0.5079814506057271 off 0.4207701100360008 __DUMMY__ 0.07124843935827219	false	1.0
weichei	off 1.0		neg 0.50199028336869 off 0.42729997894180133 __DUMMY__ 0.07070973768950876	false	0.5
minusmensch	off 1.0		neg 0.5015359782371744 off 0.4286486013300745 __DUMMY__ 0.06981542043275119	false	0.5
farblos	neg 1.0		neg 0.5113978779042825 off 0.41749764334971573 __DUMMY__ 0.07110447874600172	false	1.0
unwissend	neg 1.0	neg 1.0	neg 0.7415877592595093 off 0.22441211094256988 __DUMMY__ 0.03400012979792096	false	1.0
traurig	neg 1.0		neg 0.5040769878742921 off 0.4248628112906065 __DUMMY__ 0.07106020083510135	false	1.0
senkung	neg 1.0		neg 0.5089368220041447 off 0.4199948206554928 __DUMMY__ 0.07106835734036246	false	1.0
ungleich	neg 1.0	neg 1.0	neg 0.7464358623767245 off 0.21946196186532185 __DUMMY__ 0.03410217575795358	false	1.0
heikel	neg 1.0		neg 0.5179354192679995 off 0.41081579076410935 __DUMMY__ 0.07124878996789122	false	1.0
drosselung	neg 1.0		neg 0.5031740730457563 off 0.4257079118696732 __DUMMY__ 0.07111801508457054	false	1.0
falsch	neg 1.0		neg 0.5085307678145817 off 0.42037984911187265 __DUMMY__ 0.07108938307354565	false	1.0
unzufriedenheit	neg 1.0		neg 0.5184675555563976 off 0.41034590590872366 __DUMMY__ 0.0711865385348789	false	1.0
kurz	neg 1.0		neg 0.5115151984563742 off 0.4167428105873437 __DUMMY__ 0.071741990956282	false	1.0
unsinnig	neg 1.0		neg 0.5155101326242404 off 0.41338097068967034 __DUMMY__ 0.07110889668608941	false	1.0
penner	off 1.0	off 1.0	off 0.6991363341933242 neg 0.26693523380636497 __DUMMY__ 0.03392843200031072	false	1.0
seicht	neg 1.0		neg 0.5016802996306042 off 0.4280663770301749 __DUMMY__ 0.0702533233392209	false	1.0
dummheit	off 1.0	off 1.0	off 0.6927651283512204 neg 0.27326615075991045 __DUMMY__ 0.03396872088886922	false	1.0
unerfreulich	neg 1.0		neg 0.5172774069034799 off 0.41124456115402713 __DUMMY__ 0.07147803194249301	false	1.0
motherfucker	off 1.0	off 1.0	off 0.696118590631716 neg 0.2699477005797741 __DUMMY__ 0.03393370878851	false	1.0
pikiert	neg 1.0		neg 0.5095114406678575 off 0.4197124928790528 __DUMMY__ 0.07077606645308974	false	1.0
wrack	neg 1.0		neg 0.5138865270046177 off 0.41476455400454904 __DUMMY__ 0.07134891899083336	false	1.0
gangster	neg 1.0		neg 0.5092847526639346 off 0.41963693173039207 __DUMMY__ 0.07107831560567336	false	1.0
krank	neg 1.0		neg 0.5043387840477015 off 0.424278701177435 __DUMMY__ 0.07138251477486354	false	1.0
reich	neg 1.0		neg 0.5119000555250205 off 0.4180671302531166 __DUMMY__ 0.07003281422186293	false	1.0
gnadenlos	neg 1.0		neg 0.5118424757166335 off 0.41701981879480554 __DUMMY__ 0.07113770548856091	false	1.0
niedergeschlagen	neg 1.0		neg 0.5130768469506897 off 0.41550786164574843 __DUMMY__ 0.07141529140356177	false	1.0
terrorisieren	off 1.0	off 1.0	off 0.6898600538934807 neg 0.2759601249054032 __DUMMY__ 0.03417982120111604	false	1.0
sinnlosigkeit	neg 1.0		neg 0.516281070652243 off 0.41271404592812533 __DUMMY__ 0.07100488341963156	false	1.0
behindern	neg 1.0		neg 0.5112693173112193 off 0.4172936551536982 __DUMMY__ 0.07143702753508242	false	1.0
undemokratisch	neg 1.0		neg 0.5147340504139887 off 0.4148271402026109 __DUMMY__ 0.07043880938340034	false	1.0
wirtschaftskrise	neg 1.0		neg 0.5168702417959106 off 0.41233545233945956 __DUMMY__ 0.07079430586462997	false	1.0
neid	neg 1.0		neg 0.5074572516681715 off 0.42116631373452645 __DUMMY__ 0.07137643459730203	false	1.0
rutschen	neg 1.0		neg 0.5147563834074592 off 0.4128502768870585 __DUMMY__ 0.07239333970548235	false	1.0
rezession	neg 1.0		neg 0.5052935785163015 off 0.42434952662496106 __DUMMY__ 0.07035689485873732	false	1.0
fehlgeburt	neg 1.0		neg 0.5130786059737095 off 0.4159838069331249 __DUMMY__ 0.07093758709316572	false	1.0
charakterschwach	off 1.0		neg 0.5081029728251167 off 0.421108050123961 __DUMMY__ 0.07078897705092235	false	0.5
isolation	neg 1.0		neg 0.5068925346344556 off 0.422028315273848 __DUMMY__ 0.07107915009169652	false	1.0
ablenkung	neg 1.0		neg 0.5111416321401213 off 0.4174465193332734 __DUMMY__ 0.07141184852660513	false	1.0
pech	neg 1.0		neg 0.5080883491683547 off 0.42060326323968983 __DUMMY__ 0.07130838759195547	false	1.0
vermeidung	neg 1.0		neg 0.503820888393576 off 0.42491934205341503 __DUMMY__ 0.07125976955300883	false	1.0
dominieren	neg 1.0		neg 0.5136247833643953 off 0.4151579768868591 __DUMMY__ 0.07121723974874568	false	1.0
schwindlig	neg 1.0		neg 0.5069802417408322 off 0.4214236169410527 __DUMMY__ 0.07159614131811519	false	1.0
lutscher	neg 1.0		neg 0.4999417082164271 off 0.4296949218906139 __DUMMY__ 0.07036336989295908	false	1.0
pflicht	neg 1.0		neg 0.518590376685041 off 0.41023553078500524 __DUMMY__ 0.0711740925299538	false	1.0
faschist	off 1.0		neg 0.5147379585640874 off 0.41501066942191245 __DUMMY__ 0.07025137201400015	false	0.5
verschleudern	neg 1.0		neg 0.5170888437313275 off 0.41203064278079354 __DUMMY__ 0.070880513487879	false	1.0
wenn			neg 0.5085968238521137 off 0.4203138041105725 __DUMMY__ 0.07108937203731377	false	0.0
ehebruch	neg 1.0		neg 0.5181519239226064 off 0.4110273249500021 __DUMMY__ 0.07082075112739149	false	1.0
spott	off 1.0		neg 0.5182627097997293 off 0.4108106821047052 __DUMMY__ 0.07092660809556542	false	0.5
trostlosigkeit	neg 1.0		neg 0.5210272428941252 off 0.4082958982844383 __DUMMY__ 0.07067685882143658	false	1.0
lutschen	neg 1.0		neg 0.5090471320022969 off 0.4201855551619245 __DUMMY__ 0.0707673128357784	false	1.0
undiszipliniert	neg 1.0		neg 0.5049718637336597 off 0.4240147453033829 __DUMMY__ 0.07101339096295758	false	1.0
kopfschmerz	neg 1.0		neg 0.5117141458150326 off 0.41686258629862044 __DUMMY__ 0.07142326788634686	false	1.0
unvorhergesehen	neg 1.0		neg 0.5101332239883601 off 0.4178667909579295 __DUMMY__ 0.07199998505371037	false	1.0
desinteressiert	neg 1.0		neg 0.5063955961213957 off 0.4227770346342502 __DUMMY__ 0.07082736924435398	false	1.0
armselig	off 1.0		neg 0.5060923800302809 off 0.4232335121530318 __DUMMY__ 0.07067410781668727	false	0.5
desaster	neg 1.0		neg 0.521627059439557 off 0.4074596586820157 __DUMMY__ 0.07091328187842733	false	1.0
tod	neg 1.0		neg 0.519433384406136 off 0.4099574816294508 __DUMMY__ 0.07060913396441323	false	1.0
herzlos	neg 1.0		neg 0.5037800246324178 off 0.42525245458421906 __DUMMY__ 0.07096752078336312	false	1.0
unwissenheit	neg 1.0		neg 0.5169162436755909 off 0.4121911132415396 __DUMMY__ 0.07089264308286941	false	1.0
widersinnig	neg 1.0		neg 0.5177921406334397 off 0.4117455507829869 __DUMMY__ 0.0704623085835735	false	1.0
bedenklich	neg 1.0		neg 0.5171819223801296 off 0.4116478703929308 __DUMMY__ 0.07117020722693965	false	1.0
beanstanden	neg 1.0		neg 0.518553148550268 off 0.41019856140644523 __DUMMY__ 0.0712482900432868	false	1.0
panisch	neg 1.0	neg 1.0	neg 0.7406084857823084 off 0.22486426856745398 __DUMMY__ 0.03452724565023754	false	1.0
debil	off 1.0		neg 0.5204986591789101 off 0.4080520678606952 __DUMMY__ 0.07144927296039454	false	0.5
abstrich	neg 1.0		neg 0.5076698330642877 off 0.4204192770448345 __DUMMY__ 0.07191088989087778	false	1.0
primitiv	neg 1.0		neg 0.5074960689383958 off 0.4217619600756075 __DUMMY__ 0.07074197098599658	false	1.0
abschaum	off 1.0	off 1.0	off 0.6938572139160554 neg 0.2722684541682813 __DUMMY__ 0.033874331915663344	false	1.0
provozieren	neg 1.0		neg 0.513979376306278 off 0.4151436808088558 __DUMMY__ 0.07087694288486632	false	1.0
tot	neg 1.0		neg 0.5148472230152957 off 0.41422908440744677 __DUMMY__ 0.07092369257725738	false	1.0
instabil	neg 1.0		neg 0.5050741550455987 off 0.4243699509514547 __DUMMY__ 0.07055589400294655	false	1.0
schwuchtel	off 1.0		neg 0.49679361454897686 off 0.43338681241171123 __DUMMY__ 0.0698195730393119	false	0.5
zerren	neg 1.0		neg 0.5135274388775619 off 0.41509628592754266 __DUMMY__ 0.0713762751948953	false	1.0
kinderficker	off 1.0		neg 0.5054517189494392 off 0.42423177394869227 __DUMMY__ 0.07031650710186856	false	0.5
gefahr	neg 1.0		neg 0.5174963988673128 off 0.4115235899841167 __DUMMY__ 0.07098001114857053	false	1.0
rabiat	neg 1.0		neg 0.5129050666489459 off 0.4159591865631552 __DUMMY__ 0.0711357467878989	false	1.0
verlangsamung	neg 1.0		neg 0.5009505193934212 off 0.42863477496025393 __DUMMY__ 0.07041470564632507	false	1.0
ausgestorben	neg 1.0		neg 0.5138255717869314 off 0.41487537805379127 __DUMMY__ 0.0712990501592773	false	1.0
anklagen	neg 1.0		neg 0.5149272623068821 off 0.4142469277153158 __DUMMY__ 0.0708258099778021	false	1.0
trott	neg 1.0		neg 0.5115790950400145 off 0.4170739916629856 __DUMMY__ 0.07134691329699983	false	1.0
verminderung	neg 1.0		neg 0.5047564860548297 off 0.42431965685736683 __DUMMY__ 0.07092385708780338	false	1.0
nach			neg 0.5165074594592349 off 0.41137386280672933 __DUMMY__ 0.07211867773403584	false	0.0
rost	neg 1.0		neg 0.5009361622891707 off 0.4286683523012468 __DUMMY__ 0.0703954854095827	false	1.0
destruktiv	neg 1.0		neg 0.5159735162101198 off 0.413261595187517 __DUMMY__ 0.07076488860236324	false	1.0
unzumutbarkeit	neg 1.0		neg 0.5040952698961747 off 0.42471458992159195 __DUMMY__ 0.07119014018223327	false	1.0
labil	off 1.0	off 1.0	off 0.6949463304215481 neg 0.27109578930838124 __DUMMY__ 0.03395788027007067	false	1.0
ziemlich	neg 1.0		neg 0.5064832236565225 off 0.4224205357985694 __DUMMY__ 0.07109624054490808	false	1.0
lachnummer	off 1.0		neg 0.5157288509755079 off 0.41346283171626586 __DUMMY__ 0.07080831730822623	false	0.5
oder			neg 0.510765136507368 off 0.4176978137553929 __DUMMY__ 0.07153704973723916	false	0.0
verfall	neg 1.0		neg 0.5214351259669117 off 0.4072069178265595 __DUMMY__ 0.07135795620652872	false	1.0
ausgrenzung	neg 1.0		neg 0.5138764962899747 off 0.41567869464937696 __DUMMY__ 0.0704448090606484	false	1.0
unordnung	neg 1.0		neg 0.5051512488047457 off 0.42442065008731455 __DUMMY__ 0.07042810110793991	false	1.0
fehlverhalten	neg 1.0		neg 0.5185937883134365 off 0.41047587658375645 __DUMMY__ 0.07093033510280711	false	1.0
eine			neg 0.5170429670902937 off 0.41139236185945016 __DUMMY__ 0.07156467105025607	false	0.0
nille	neg 1.0		neg 0.5145570918082183 off 0.41468971477665484 __DUMMY__ 0.07075319341512694	false	1.0
qual	neg 1.0		neg 0.5119349359043761 off 0.41676455887444264 __DUMMY__ 0.07130050522118125	false	1.0
verschwenden	neg 1.0		neg 0.5161020782572806 off 0.412570488488318 __DUMMY__ 0.07132743325440151	false	1.0
riesig	neg 1.0		neg 0.5120153370960557 off 0.4165668166711571 __DUMMY__ 0.0714178462327871	false	1.0
verurteilen	neg 1.0		neg 0.5173719701160604 off 0.41185480754981557 __DUMMY__ 0.07077322233412409	false	1.0
klischee	neg 1.0	neg 1.0	neg 0.7428654813533632 off 0.22318389626582583 __DUMMY__ 0.03395062238081103	false	1.0
diktatorisch	neg 1.0		neg 0.5160393276538445 off 0.4137352641415907 __DUMMY__ 0.07022540820456485	false	1.0
vorhersehbar	neg 1.0		neg 0.5120933860726901 off 0.4170882994733716 __DUMMY__ 0.0708183144539383	false	1.0
sowie			neg 0.5034530918031428 off 0.42622721014274695 __DUMMY__ 0.07031969805411045	false	0.0
stornieren	neg 1.0		neg 0.5077173641394792 off 0.42083365664212063 __DUMMY__ 0.07144897921840003	false	1.0
besteuerung	neg 1.0		neg 0.5112830241959865 off 0.41767531328692303 __DUMMY__ 0.07104166251709033	false	1.0
ungeschminkt	neg 1.0		neg 0.5057720785725066 off 0.423185235790499 __DUMMY__ 0.07104268563699438	false	1.0
kritisch	neg 1.0		neg 0.5178853382109077 off 0.41113574032390765 __DUMMY__ 0.07097892146518454	false	1.0
schlamperei	off 1.0		neg 0.5173382642608942 off 0.4117345205253592 __DUMMY__ 0.07092721521374655	false	0.5
sucht	neg 1.0	neg 1.0	neg 0.7400906014824767 off 0.22541260005021121 __DUMMY__ 0.03449679846731216	false	1.0
egoistisch	off 1.0		neg 0.502466591783893 off 0.4268527728848175 __DUMMY__ 0.07068063533128954	false	0.5
ausbeuter	off 1.0		neg 0.5193566809733166 off 0.40978418621157353 __DUMMY__ 0.0708591328151099	false	0.5
arschgeburt	off 1.0		neg 0.49692601603979286 off 0.43324803327017763 __DUMMY__ 0.06982595069002943	false	0.5
schubs	neg 1.0	neg 1.0	neg 0.7433897270291993 off 0.2221032359131549 __DUMMY__ 0.0345070370576458	false	1.0
unsolide	neg 1.0		neg 0.5131013383761205 off 0.4168880282142851 __DUMMY__ 0.07001063340959442	false	1.0
beschwerde	neg 1.0		neg 0.5160158715370983 off 0.4129958250819812 __DUMMY__ 0.07098830338092059	false	1.0
stocken	neg 1.0		neg 0.5149019885480202 off 0.4137982893962775 __DUMMY__ 0.07129972205570236	false	1.0
isolieren	neg 1.0		neg 0.5110155013807819 off 0.41740957262214545 __DUMMY__ 0.07157492599707277	false	1.0
unheilbar	neg 1.0		neg 0.5128475573837482 off 0.4161422331971228 __DUMMY__ 0.071010209419129	false	1.0
pisser	off 1.0		neg 0.5053327656196372 off 0.4241245452639302 __DUMMY__ 0.07054268911643242	false	0.5
löschen	neg 1.0		neg 0.5116216245187297 off 0.4173056977794657 __DUMMY__ 0.07107267770180463	false	1.0
durchfallen	neg 1.0		neg 0.5162309053921362 off 0.41255013118697187 __DUMMY__ 0.07121896342089185	false	1.0
wichser	off 1.0		neg 0.49838353613189645 off 0.4312035041856468 __DUMMY__ 0.0704129596824569	false	0.5
terror	neg 1.0		neg 0.5067253920111222 off 0.4218917213900535 __DUMMY__ 0.07138288659882445	false	1.0
krass	neg 1.0		neg 0.5033353991374878 off 0.42574365541332154 __DUMMY__ 0.07092094544919057	false	1.0
revolte	neg 1.0	neg 1.0	neg 0.7447207775401227 off 0.22169508540458605 __DUMMY__ 0.03358413705529133	false	1.0
besorgt	neg 1.0		neg 0.5117843167754309 off 0.4165182678727707 __DUMMY__ 0.07169741535179848	false	1.0
nachlassen	neg 1.0		neg 0.5122817755496302 off 0.4160863387977748 __DUMMY__ 0.0716318856525949	false	1.0
alt	neg 1.0		neg 0.5138738955074489 off 0.4143946754596393 __DUMMY__ 0.07173142903291174	false	1.0
hundesohn	off 1.0		neg 0.5012704116442849 off 0.42868029559351967 __DUMMY__ 0.07004929276219564	false	0.5
als			neg 0.5139874529000962 off 0.41455859368459363 __DUMMY__ 0.07145395341531041	false	0.0
abschreckung	neg 1.0		neg 0.5194571313843169 off 0.4095003586944099 __DUMMY__ 0.07104250992127305	false	1.0
unqualifiziert	neg 1.0		neg 0.5116791701221753 off 0.4174954909700401 __DUMMY__ 0.07082533890778446	false	1.0
abgewichst	off 1.0		neg 0.5141775083337312 off 0.4147824279594868 __DUMMY__ 0.07104006370678204	false	0.5
schwer	neg 1.0		neg 0.5123590486056565 off 0.41628406485671815 __DUMMY__ 0.07135688653762523	false	1.0
bedeutungslosigkeit	neg 1.0		neg 0.5191618695285668 off 0.4098741882891469 __DUMMY__ 0.07096394218228637	false	1.0
kapitulation	neg 1.0		neg 0.5195122099542672 off 0.4100534250264991 __DUMMY__ 0.07043436501923382	false	1.0
unscharf	neg 1.0		neg 0.5082210297651099 off 0.4205188440996852 __DUMMY__ 0.07126012613520494	false	1.0
schwinden	neg 1.0		neg 0.5165282931697828 off 0.41213550050426107 __DUMMY__ 0.07133620632595603	false	1.0
versklavung	neg 1.0	neg 1.0	neg 0.7449521220828658 off 0.22125653095203804 __DUMMY__ 0.03379134696509622	false	1.0
schlecht	neg 1.0		neg 0.5058422704487047 off 0.4230105464793816 __DUMMY__ 0.07114718307191378	false	1.0
verhasst	neg 1.0		neg 0.5143349355834411 off 0.41486651358749443 __DUMMY__ 0.07079855082906454	false	1.0
beschweren	neg 1.0		neg 0.5103876639979534 off 0.4183523705849275 __DUMMY__ 0.07125996541711908	false	1.0
scheiden	neg 1.0		neg 0.5133005942760512 off 0.41552863116934075 __DUMMY__ 0.07117077455460791	false	1.0
frustriert	neg 1.0		neg 0.5138759152198482 off 0.41484038874487417 __DUMMY__ 0.07128369603527769	false	1.0
schimmelig	neg 1.0		neg 0.5145068191447595 off 0.41408821099211596 __DUMMY__ 0.07140496986312465	false	1.0
fisch	neg 1.0		neg 0.5145661967096349 off 0.41408554198230485 __DUMMY__ 0.07134826130806032	false	1.0
schmuggel	neg 1.0		neg 0.5160945813844823 off 0.41238138331432866 __DUMMY__ 0.07152403530118921	false	1.0
auffallen	neg 1.0		neg 0.5100931704401966 off 0.4187063387130107 __DUMMY__ 0.07120049084679275	false	1.0
konkurrenz	neg 1.0		neg 0.5172974450814248 off 0.41121103739117976 __DUMMY__ 0.07149151752739528	false	1.0
teufelskreis	neg 1.0		neg 0.5145270720204819 off 0.41436713580720874 __DUMMY__ 0.07110579217230928	false	1.0
aufschreien	neg 1.0		neg 0.5119232981954359 off 0.4172017039488097 __DUMMY__ 0.07087499785575432	false	1.0
schuldner	neg 1.0		neg 0.5178294273981581 off 0.41121168892521914 __DUMMY__ 0.07095888367662281	false	1.0
missgeburt	off 1.0	off 1.0	off 0.697773866262835 neg 0.2684838787869985 __DUMMY__ 0.03374225495016654	false	1.0
arbeitslos	neg 1.0		neg 0.5161102840530909 off 0.4128468489719771 __DUMMY__ 0.07104286697493191	false	1.0
befallen	neg 1.0		neg 0.5188094128748489 off 0.41072129455400685 __DUMMY__ 0.07046929257114415	false	1.0
miesepetrig	off 1.0		neg 0.5052946698413137 off 0.42341322480956334 __DUMMY__ 0.07129210534912284	false	0.5
alarmieren	neg 1.0		neg 0.5091090769150838 off 0.4202047146106309 __DUMMY__ 0.07068620847428529	false	1.0
ungeduscht	off 1.0		neg 0.5079261142790908 off 0.4207777834031305 __DUMMY__ 0.07129610231777851	false	0.5
knappheit	neg 1.0		neg 0.5143493451976839 off 0.41443453036121364 __DUMMY__ 0.07121612444110241	false	1.0
schlange	neg 1.0		neg 0.5092754648567183 off 0.41923327397207644 __DUMMY__ 0.07149126117120515	false	1.0
harsch	neg 1.0		neg 0.4990578066095748 off 0.4298973266449765 __DUMMY__ 0.07104486674544869	false	1.0
lang	neg 1.0		neg 0.5107390081953312 off 0.4180484034806756 __DUMMY__ 0.07121258832399309	false	1.0
ziellos	neg 1.0		neg 0.5148572157482171 off 0.4137624545807345 __DUMMY__ 0.07138032967104847	false	1.0
selbstverliebt	neg 1.0		neg 0.49948115831423234 off 0.43056310738908515 __DUMMY__ 0.06995573429668253	false	1.0
beseitigen	neg 1.0		neg 0.5094562488278499 off 0.41905967837059915 __DUMMY__ 0.07148407280155103	false	1.0
dumm	off 1.0		neg 0.5023040904680253 off 0.4271483936308541 __DUMMY__ 0.0705475159011207	false	0.5
arbeitsloser	neg 1.0		neg 0.517010681286027 off 0.4119280021070176 __DUMMY__ 0.07106131660695533	false	1.0
blitzen	neg 1.0		neg 0.5090075195088823 off 0.42000881274056495 __DUMMY__ 0.07098366775055269	false	1.0
hilflos	neg 1.0		neg 0.5143675998407699 off 0.41435321060659597 __DUMMY__ 0.07127918955263408	false	1.0
eklig	off 1.0		neg 0.5012354207003484 off 0.4282499666925369 __DUMMY__ 0.07051461260711456	false	0.5
begriff			neg 0.5147651597729157 off 0.4141213917258143 __DUMMY__ 0.07111344850127002	false	0.0
hungersnot	neg 1.0		neg 0.5173086148100596 off 0.4123612545224207 __DUMMY__ 0.0703301306675196	false	1.0
ungesetzlich	neg 1.0		neg 0.5137604826597343 off 0.41587681865436416 __DUMMY__ 0.07036269868590156	false	1.0
verschwendung	neg 1.0		neg 0.5174054893933502 off 0.41130542881064147 __DUMMY__ 0.07128908179600842	false	1.0
schmerzvoll	neg 1.0		neg 0.5103067935129555 off 0.4184196864878614 __DUMMY__ 0.07127351999918298	false	1.0
vorzeitig	neg 1.0		neg 0.5067613359709692 off 0.4222318221964335 __DUMMY__ 0.07100684183259738	false	1.0
unvollkommenheit	neg 1.0		neg 0.5123899181204509 off 0.4164712552080217 __DUMMY__ 0.07113882667152738	false	1.0
intervenieren	neg 1.0		neg 0.5193563689346137 off 0.4098734568647631 __DUMMY__ 0.07077017420062316	false	1.0
banause	off 1.0		neg 0.5001892431051306 off 0.42942693095756407 __DUMMY__ 0.07038382593730544	false	0.5
rebell	neg 1.0		neg 0.5166230878352324 off 0.4118275429879731 __DUMMY__ 0.07154936917679468	false	1.0
unlogisch	neg 1.0		neg 0.5055339372641842 off 0.42374292985945966 __DUMMY__ 0.0707231328763562	false	1.0
leiden	neg 1.0	neg 1.0	neg 0.7433806241704125 off 0.221791326646346 __DUMMY__ 0.034828049183241554	false	1.0
abschaffung	neg 1.0		neg 0.51326362612467 off 0.4159544336872776 __DUMMY__ 0.07078194018805235	false	1.0
sturz	neg 1.0		neg 0.513025314628329 off 0.41627581362861915 __DUMMY__ 0.0706988717430518	false	1.0
verkleinerung	neg 1.0		neg 0.5107705187786593 off 0.4186819048474625 __DUMMY__ 0.07054757637387819	false	1.0
schmarotzer	off 1.0		neg 0.517688718209378 off 0.4114604915423624 __DUMMY__ 0.07085079024825965	false	0.5
bestrafung	neg 1.0		neg 0.5126874628657421 off 0.4163837466593486 __DUMMY__ 0.07092879047490931	false	1.0
achtlos	neg 1.0		neg 0.5120751613445842 off 0.4165109860556085 __DUMMY__ 0.07141385259980737	false	1.0
ungeheuer	neg 1.0		neg 0.5109736661488065 off 0.4180485860217485 __DUMMY__ 0.07097774782944498	false	1.0
unaufrichtig	neg 1.0		neg 0.5122539122549847 off 0.4172146518431319 __DUMMY__ 0.07053143590188325	false	1.0
groggy	neg 1.0		neg 0.5095736335560661 off 0.4194958318004622 __DUMMY__ 0.07093053464347182	false	1.0
verletzlich	neg 1.0		neg 0.5069155509115997 off 0.4221821027189932 __DUMMY__ 0.07090234636940705	false	1.0
ablehnen	neg 1.0		neg 0.5168836050269957 off 0.4122120340149356 __DUMMY__ 0.07090436095806857	false	1.0
