unsolidarisch	neg 1.0		neg 0.5322298911961405 off 0.42484339537664195 __DUMMY__ 0.04292671342721743	false	1.0
nachteilig	neg 1.0		neg 0.5303964938192051 off 0.42601843400962874 __DUMMY__ 0.04358507217116615	false	1.0
skeptisch	neg 1.0		neg 0.5331327911462473 off 0.42319526272180635 __DUMMY__ 0.043671946131946165	false	1.0
schrecklich	neg 1.0		neg 0.5190929219529048 off 0.43756617867733133 __DUMMY__ 0.043340899369763826	false	1.0
schlapp	neg 1.0		neg 0.5211129499235098 off 0.43518826602376565 __DUMMY__ 0.043698784052724496	false	1.0
abfall	neg 1.0		neg 0.534331632581306 off 0.4219118742901938 __DUMMY__ 0.04375649312850018	false	1.0
widerspenstig	neg 1.0		neg 0.526241618621581 off 0.42999154302753917 __DUMMY__ 0.04376683835087996	false	1.0
abrupt	neg 1.0		neg 0.5264807964004544 off 0.4296036006351118 __DUMMY__ 0.04391560296443379	false	1.0
unwirksam	neg 1.0		neg 0.529388716037789 off 0.4274206780759025 __DUMMY__ 0.04319060588630851	false	1.0
angreifen	neg 1.0		neg 0.5328954702946963 off 0.423591127023293 __DUMMY__ 0.043513402682010635	false	1.0
inkonsistent	neg 1.0		neg 0.5252263331318191 off 0.43130064509429134 __DUMMY__ 0.043473021773889536	false	1.0
abrutschen	neg 1.0		neg 0.5338472707072957 off 0.4223492718357524 __DUMMY__ 0.04380345745695207	false	1.0
unsicher	neg 1.0		neg 0.5269389851608538 off 0.4293935977253918 __DUMMY__ 0.04366741711375433	false	1.0
bauernkind	off 1.0		neg 0.5175768135375816 off 0.4394248255335982 __DUMMY__ 0.04299836092882029	false	0.5
angreifer	neg 1.0		neg 0.525903285237185 off 0.430820735673397 __DUMMY__ 0.043275979089418	false	1.0
trennen	neg 1.0		neg 0.5300447563986014 off 0.4260193505073278 __DUMMY__ 0.04393589309407079	false	1.0
schmutz	neg 1.0		neg 0.5180119115437398 off 0.4380700089989719 __DUMMY__ 0.0439180794572882	false	1.0
inkonsistenz	neg 1.0	neg 1.0	neg 0.7501831571572156 off 0.22907391359696613 __DUMMY__ 0.0207429292458183	false	1.0
erschreckend	neg 1.0		neg 0.5298584602031726 off 0.4266430383295313 __DUMMY__ 0.0434985014672961	false	1.0
ertrinken	neg 1.0		neg 0.5302643021516352 off 0.4259905250531703 __DUMMY__ 0.04374517279519451	false	1.0
pickelface	off 1.0		neg 0.5281277119501631 off 0.4285192883916962 __DUMMY__ 0.043352999658140726	false	0.5
seiner			neg 0.532229643355581 off 0.42415361234326504 __DUMMY__ 0.04361674430115397	false	0.0
lauch	neg 1.0		neg 0.5327887132863776 off 0.4234864171963488 __DUMMY__ 0.04372486951727371	false	1.0
unwichtig	neg 1.0		neg 0.5232652801080362 off 0.4332834585041205 __DUMMY__ 0.04345126138784329	false	1.0
steuerhinterziehung	neg 1.0		neg 0.5313326719664859 off 0.4254735603905346 __DUMMY__ 0.043193767642979435	false	1.0
schock	neg 1.0		neg 0.5270896651931464 off 0.4290395787249375 __DUMMY__ 0.04387075608191623	false	1.0
beule	neg 1.0		neg 0.5199552456752604 off 0.4364048638694806 __DUMMY__ 0.043639890455258956	false	1.0
vergelten	neg 1.0		neg 0.5190497657522805 off 0.4378355884128678 __DUMMY__ 0.04311464583485176	false	1.0
verdorbenheit	neg 1.0		neg 0.5241845700169577 off 0.4320613114078492 __DUMMY__ 0.04375411857519291	false	1.0
trauma	neg 1.0		neg 0.5259372249367148 off 0.43055894966109515 __DUMMY__ 0.043503825402190076	false	1.0
sinnlos	neg 1.0		neg 0.5255395061563235 off 0.4309377781433746 __DUMMY__ 0.04352271570030187	false	1.0
fettsack	off 1.0	off 1.0	off 0.7038020353940694 neg 0.2755085047671769 __DUMMY__ 0.020689459838753622	false	1.0
feige	off 1.0		neg 0.5256351355975528 off 0.4311278242450753 __DUMMY__ 0.04323704015737183	false	0.5
abdanken	neg 1.0		neg 0.5332352257017835 off 0.42379748065260187 __DUMMY__ 0.04296729364561458	false	1.0
wichtigtuer	off 1.0	off 1.0	off 0.6981579044217785 neg 0.28109611549122965 __DUMMY__ 0.020745980086991855	false	1.0
misslingen	neg 1.0		neg 0.5239945607210409 off 0.4323080859699206 __DUMMY__ 0.0436973533090385	false	1.0
untreu	off 1.0		neg 0.522583257446061 off 0.4339903921840804 __DUMMY__ 0.043426350369858514	false	0.5
missmutig	neg 1.0		neg 0.5228282422551854 off 0.4335700747762914 __DUMMY__ 0.04360168296852309	false	1.0
hurenbock	off 1.0		neg 0.5232730501769703 off 0.432903007514254 __DUMMY__ 0.04382394230877574	false	0.5
betrunken	neg 1.0		neg 0.5197381249775943 off 0.43672131490922594 __DUMMY__ 0.04354056011317974	false	1.0
korrupt	off 1.0		neg 0.5338711663521734 off 0.42301709686752925 __DUMMY__ 0.043111736780297255	false	0.5
unmut	neg 1.0		neg 0.5347364263227965 off 0.42165593646938176 __DUMMY__ 0.043607637207821626	false	1.0
hackfresse	off 1.0		neg 0.5159975139876448 off 0.44078562583208863 __DUMMY__ 0.043216860180266735	false	0.5
aufblasen	neg 1.0		neg 0.5245987091348164 off 0.4316610235492311 __DUMMY__ 0.04374026731595243	false	1.0
gewaltsam	neg 1.0		neg 0.5287383761335567 off 0.4280225112437502 __DUMMY__ 0.04323911262269322	false	1.0
unbeliebtheit	neg 1.0		neg 0.5257781047695197 off 0.43142406081732493 __DUMMY__ 0.042797834413155496	false	1.0
sturheit	neg 1.0		neg 0.5312487806719264 off 0.4254374795563103 __DUMMY__ 0.043313739771763275	false	1.0
kuh	neg 1.0		neg 0.5258977557715362 off 0.43063754056926734 __DUMMY__ 0.043464703659196434	false	1.0
erschrecken	neg 1.0		neg 0.5234833128388011 off 0.4329476738330016 __DUMMY__ 0.04356901332819736	false	1.0
opfer	neg 1.0	neg 1.0	neg 0.753433287265857 off 0.22569520717650954 __DUMMY__ 0.020871505557633438	false	1.0
sinken	neg 1.0		neg 0.5332840912784252 off 0.42305861538250783 __DUMMY__ 0.04365729333906685	false	1.0
stinktier	neg 1.0		neg 0.5193379914973003 off 0.43744421393933025 __DUMMY__ 0.04321779456336939	false	1.0
tucke	off 1.0		neg 0.5141936054937096 off 0.44247993537670716 __DUMMY__ 0.043326459129583064	false	0.5
ein			neg 0.524103466077402 off 0.43200086292878515 __DUMMY__ 0.04389567099381276	false	0.0
abstieg	neg 1.0		neg 0.5313372156119092 off 0.42531203543262835 __DUMMY__ 0.04335074895546257	false	1.0
missverstehen	neg 1.0		neg 0.5274776484025802 off 0.42920998822500384 __DUMMY__ 0.04331236337241589	false	1.0
ergebnislos	neg 1.0		neg 0.5310841551856126 off 0.42546755989129237 __DUMMY__ 0.04344828492309492	false	1.0
unter			neg 0.5344154285208326 off 0.42134932577060247 __DUMMY__ 0.04423524570856497	false	0.0
manipulieren	neg 1.0		neg 0.5325966657694154 off 0.4238377951713987 __DUMMY__ 0.04356553905918591	false	1.0
unbewiesen	neg 1.0		neg 0.5320250873889234 off 0.42500805029904454 __DUMMY__ 0.042966862312032034	false	1.0
verschleppen	neg 1.0		neg 0.531892860879417 off 0.42472303038436426 __DUMMY__ 0.04338410873621869	false	1.0
weib	off 1.0		neg 0.5150211236517446 off 0.4418405044969553 __DUMMY__ 0.04313837185130019	false	0.5
opposition	neg 1.0		neg 0.528610967092954 off 0.4282471542329117 __DUMMY__ 0.04314187867413441	false	1.0
verkehrswidrig	neg 1.0		neg 0.5158342664090897 off 0.44069435909817134 __DUMMY__ 0.043471374492738975	false	1.0
inkorrekt	neg 1.0		neg 0.5257356359454568 off 0.4312725150979022 __DUMMY__ 0.04299184895664097	false	1.0
vermeiden	neg 1.0		neg 0.5329813883698838 off 0.42296663496708226 __DUMMY__ 0.04405197666303396	false	1.0
abweichung	neg 1.0		neg 0.5323697729364111 off 0.42435473999863743 __DUMMY__ 0.04327548706495157	false	1.0
alkoholisiert	neg 1.0		neg 0.5277581202887782 off 0.42843903059433425 __DUMMY__ 0.04380284911688753	false	1.0
scheiss	off 1.0	off 1.0	off 0.7021925532173858 neg 0.27693792937686634 __DUMMY__ 0.020869517405747707	false	1.0
herausforderung	neg 1.0		neg 0.5262706743011083 off 0.42968284214764796 __DUMMY__ 0.04404648355124359	false	1.0
pervers	off 1.0		neg 0.5123419350273772 off 0.4445867916616685 __DUMMY__ 0.04307127331095425	false	0.5
wackelig	neg 1.0		neg 0.5264574957179122 off 0.42951306609212275 __DUMMY__ 0.04402943818996505	false	1.0
verwickeln	neg 1.0		neg 0.5269534525991729 off 0.4296330215075325 __DUMMY__ 0.04341352589329459	false	1.0
vorwand	neg 1.0		neg 0.5346382731186701 off 0.42185442588737976 __DUMMY__ 0.04350730099395015	false	1.0
muschi	off 1.0		neg 0.529026144818578 off 0.4276538045479629 __DUMMY__ 0.04332005063345908	false	0.5
entmutigung	neg 1.0		neg 0.5313111237427421 off 0.4259563648214577 __DUMMY__ 0.042732511435800084	false	1.0
unangemessen	neg 1.0		neg 0.5326357969210176 off 0.4240594832485266 __DUMMY__ 0.04330471983045572	false	1.0
unstetig	neg 1.0		neg 0.5240248334351864 off 0.4325731840347286 __DUMMY__ 0.04340198253008506	false	1.0
entmutigen	neg 1.0		neg 0.5261156352979645 off 0.43028404159755196 __DUMMY__ 0.0436003231044835	false	1.0
schwanz	neg 1.0		neg 0.5296759831044909 off 0.42677950360469413 __DUMMY__ 0.04354451329081498	false	1.0
verbot	neg 1.0		neg 0.5323239054090461 off 0.42447137922191985 __DUMMY__ 0.043204715369034	false	1.0
leid	neg 1.0		neg 0.5174853081952945 off 0.4392160843070017 __DUMMY__ 0.043298607497703735	false	1.0
archaisch	neg 1.0		neg 0.5315856257085858 off 0.4250611294530156 __DUMMY__ 0.043353244838398586	false	1.0
gegen			neg 0.5348653319319868 off 0.42171497804600777 __DUMMY__ 0.04341969002200538	false	0.0
scheidung	neg 1.0	neg 1.0	neg 0.7371931697214144 off 0.24209839542242018 __DUMMY__ 0.020708434856165418	false	1.0
einschlag	neg 1.0		neg 0.5192268012210682 off 0.43759191059922276 __DUMMY__ 0.04318128817970899	false	1.0
m			neg 0.5275788105728416 off 0.42868842105681154 __DUMMY__ 0.0437327683703469	false	0.0
abgestanden	neg 1.0		neg 0.5249363472833146 off 0.4312453847722426 __DUMMY__ 0.043818267944442754	false	1.0
schmierig	off 1.0		neg 0.5179984767297187 off 0.438603732711438 __DUMMY__ 0.04339779055884325	false	0.5
unpraktisch	neg 1.0		neg 0.5240762935074739 off 0.43212475321902927 __DUMMY__ 0.043798953273496664	false	1.0
wixxer	off 1.0		neg 0.5131273950272212 off 0.4439201571456708 __DUMMY__ 0.042952447827108026	false	0.5
bezeichnet			neg 0.5304591020596376 off 0.42620110432543434 __DUMMY__ 0.04333979361492791	false	0.0
jammerlappen	off 1.0		neg 0.5235525161987127 off 0.4330160008063979 __DUMMY__ 0.0434314829948894	false	0.5
farce	neg 1.0		neg 0.5340365035475199 off 0.42301680819709947 __DUMMY__ 0.04294668825538081	false	1.0
zwecklos	neg 1.0		neg 0.5321680446723686 off 0.42442503679926435 __DUMMY__ 0.043406918528367096	false	1.0
turbulent	neg 1.0		neg 0.5201601939637436 off 0.4366001731910749 __DUMMY__ 0.043239632845181605	false	1.0
invasion	neg 1.0		neg 0.5230902697127184 off 0.4332776957582064 __DUMMY__ 0.043632034529075193	false	1.0
schuld	neg 1.0		neg 0.5276010337031464 off 0.42893114534450777 __DUMMY__ 0.04346782095234596	false	1.0
risiko	neg 1.0		neg 0.5213806738859587 off 0.4348302019523532 __DUMMY__ 0.04378912416168812	false	1.0
finster	neg 1.0		neg 0.5245531871723013 off 0.4316036263275625 __DUMMY__ 0.04384318650013624	false	1.0
geisteskrank	off 1.0		neg 0.5242573376393992 off 0.43262948116123984 __DUMMY__ 0.04311318119936089	false	0.5
zusammenbrechen	neg 1.0		neg 0.5280973670971126 off 0.42817966257123646 __DUMMY__ 0.04372297033165081	false	1.0
ausbeute	neg 1.0		neg 0.528224542068905 off 0.4279332630666382 __DUMMY__ 0.04384219486445671	false	1.0
hinterhalt	neg 1.0		neg 0.52724818695838 off 0.4293237648802502 __DUMMY__ 0.043428048161369796	false	1.0
kritik	neg 1.0		neg 0.5330966130092761 off 0.4238442416005625 __DUMMY__ 0.04305914539016128	false	1.0
einschrumpfen	neg 1.0		neg 0.5265051299108449 off 0.43038988701672587 __DUMMY__ 0.0431049830724293	false	1.0
riskant	neg 1.0		neg 0.531540217754029 off 0.42481909069675555 __DUMMY__ 0.043640691549215495	false	1.0
frustrieren	neg 1.0		neg 0.5322156972782862 off 0.4242142544243251 __DUMMY__ 0.043570048297388794	false	1.0
groll	neg 1.0		neg 0.5318456755168786 off 0.42473593455272923 __DUMMY__ 0.04341838993039225	false	1.0
gibt			neg 0.5296249375092998 off 0.42677146930600546 __DUMMY__ 0.043603593184694804	false	0.0
qualvoll	neg 1.0		neg 0.524528858776382 off 0.43186736402618864 __DUMMY__ 0.04360377719742931	false	1.0
wackeln	neg 1.0		neg 0.5243814486197169 off 0.4317689608497018 __DUMMY__ 0.04384959053058129	false	1.0
klagen	neg 1.0		neg 0.5349183860363328 off 0.42160290478226786 __DUMMY__ 0.04347870918139935	false	1.0
bankrott	neg 1.0		neg 0.5216593342321041 off 0.43476675169838264 __DUMMY__ 0.04357391406951316	false	1.0
trauern	neg 1.0		neg 0.5321988859529077 off 0.4242598118563321 __DUMMY__ 0.0435413021907602	false	1.0
ablehnung	neg 1.0	neg 1.0	neg 0.7536212503068275 off 0.22570995861294083 __DUMMY__ 0.020668791080231744	false	1.0
stur	neg 1.0		neg 0.5268920761602994 off 0.42961271131839784 __DUMMY__ 0.04349521252130278	false	1.0
aufruhr	neg 1.0		neg 0.5301909398077432 off 0.4266562973179602 __DUMMY__ 0.04315276287429668	false	1.0
melancholie	neg 1.0		neg 0.5277062355218909 off 0.4284222006323774 __DUMMY__ 0.04387156384573169	false	1.0
ist			neg 0.5266545854204477 off 0.42985477996630306 __DUMMY__ 0.04349063461324925	false	0.0
torheit	neg 1.0		neg 0.5312475577936233 off 0.425784615789718 __DUMMY__ 0.04296782641665871	false	1.0
dreckskind	off 1.0		neg 0.5195217713434057 off 0.4375498239213169 __DUMMY__ 0.04292840473527737	false	0.5
umtauschen	neg 1.0		neg 0.5259842506409538 off 0.4302247466808357 __DUMMY__ 0.043791002678210664	false	1.0
zum			neg 0.5308718504151975 off 0.42489386632942766 __DUMMY__ 0.04423428325537493	false	0.0
zersetzen	neg 1.0		neg 0.5335968350223512 off 0.42287610409891735 __DUMMY__ 0.04352706087873148	false	1.0
zur			neg 0.5355659881635719 off 0.42070559461606494 __DUMMY__ 0.043728417220363046	false	0.0
frust	neg 1.0		neg 0.5292148438554278 off 0.4271485559824542 __DUMMY__ 0.04363660016211785	false	1.0
unerbittlichkeit	neg 1.0		neg 0.5331308973753155 off 0.4234053533784678 __DUMMY__ 0.04346374924621668	false	1.0
zwei			neg 0.5305120846586462 off 0.42543812942274234 __DUMMY__ 0.04404978591861149	false	0.0
unkorrekt	neg 1.0		neg 0.5245161193723595 off 0.4324545547160877 __DUMMY__ 0.04302932591155296	false	1.0
hexe	off 1.0		neg 0.5219209473634591 off 0.4345934153832751 __DUMMY__ 0.043485637253265846	false	0.5
lasch	neg 1.0		neg 0.5265653780065074 off 0.4301772794375281 __DUMMY__ 0.04325734255596456	false	1.0
rivale	neg 1.0		neg 0.5191857426801518 off 0.43756593371468205 __DUMMY__ 0.04324832360516616	false	1.0
mutlos	off 1.0	off 1.0	off 0.6953217439161246 neg 0.2838993155995748 __DUMMY__ 0.02077894048430065	false	1.0
wirr	off 1.0		neg 0.5219428813460437 off 0.4349642587367983 __DUMMY__ 0.04309285991715805	false	0.5
jahr			neg 0.5282974052949766 off 0.4277201657547455 __DUMMY__ 0.043982428950277985	false	0.0
wird			neg 0.5309518052442023 off 0.42542348887260095 __DUMMY__ 0.043624705883196724	false	0.0
strafbar	neg 1.0		neg 0.5342564064616084 off 0.42245109560453503 __DUMMY__ 0.043292497933856706	false	1.0
erosion	neg 1.0		neg 0.5246068793454136 off 0.4317110909145089 __DUMMY__ 0.04368202974007732	false	1.0
eingehen	neg 1.0		neg 0.5320446363228774 off 0.42448818431629626 __DUMMY__ 0.04346717936082645	false	1.0
faul	off 1.0		neg 0.5209214042068723 off 0.4353341354874749 __DUMMY__ 0.04374446030565268	false	0.5
provisorium	neg 1.0		neg 0.5362387609677949 off 0.4196677689728081 __DUMMY__ 0.044093470059396914	false	1.0
schmerzen	neg 1.0		neg 0.5274796957144944 off 0.428792129471952 __DUMMY__ 0.043728174813553504	false	1.0
schrumpfen	neg 1.0		neg 0.535322163386534 off 0.42087462576884893 __DUMMY__ 0.043803210844617003	false	1.0
geistlos	off 1.0		neg 0.5295716250021671 off 0.42748174058529786 __DUMMY__ 0.04294663441253508	false	0.5
fehlkauf	neg 1.0		neg 0.5260494276744182 off 0.4306213766916757 __DUMMY__ 0.043329195633906116	false	1.0
frustrierend	neg 1.0		neg 0.5234844843483251 off 0.4329411912795255 __DUMMY__ 0.043574324372149455	false	1.0
unzufrieden	neg 1.0		neg 0.5308717639936477 off 0.42558422043551425 __DUMMY__ 0.04354401557083829	false	1.0
verzweifeln	neg 1.0		neg 0.5278620683595223 off 0.4284900050896934 __DUMMY__ 0.04364792655078424	false	1.0
verzweifelt	neg 1.0		neg 0.526866204126977 off 0.4296229207160422 __DUMMY__ 0.043510875156980856	false	1.0
misstrauensantrag	neg 1.0		neg 0.5260124160673052 off 0.43067101580895656 __DUMMY__ 0.04331656812373828	false	1.0
abfallen	neg 1.0		neg 0.5235634513083411 off 0.4325187035265903 __DUMMY__ 0.04391784516506865	false	1.0
fucker	off 1.0		neg 0.5210802205396531 off 0.43569299050006854 __DUMMY__ 0.04322678896027833	false	0.5
ungezogen	neg 1.0		neg 0.5140041325542288 off 0.4427710227839033 __DUMMY__ 0.043224844661867885	false	1.0
irrsinnig	neg 1.0	neg 1.0	neg 0.7512016985491222 off 0.2279774228179193 __DUMMY__ 0.0208208786329585	false	1.0
unfassbar	neg 1.0		neg 0.5229126588991834 off 0.4336575151996519 __DUMMY__ 0.043429825901164676	false	1.0
hart	neg 1.0		neg 0.5230969698256301 off 0.43356816243823304 __DUMMY__ 0.04333486773613674	false	1.0
widerlich	off 1.0		neg 0.5232578997693698 off 0.43346950319985106 __DUMMY__ 0.04327259703077918	false	0.5
fatal	neg 1.0		neg 0.5254877062827124 off 0.431105764078169 __DUMMY__ 0.04340652963911868	false	1.0
bruch	neg 1.0		neg 0.5364632713625591 off 0.42016952540214186 __DUMMY__ 0.04336720323529904	false	1.0
aushungern	neg 1.0		neg 0.5309449399649496 off 0.4259271989822367 __DUMMY__ 0.04312786105281364	false	1.0
anspannung	neg 1.0		neg 0.5325809219960584 off 0.4234914822358788 __DUMMY__ 0.043927595768062745	false	1.0
von			neg 0.5300838576316216 off 0.42600093770279285 __DUMMY__ 0.043915204665585406	false	0.0
kraftlos	neg 1.0		neg 0.5277181339735397 off 0.4283438868557721 __DUMMY__ 0.04393797917068816	false	1.0
vom			neg 0.5342804299919471 off 0.4215611996346778 __DUMMY__ 0.044158370373375166	false	0.0
grenzdebil	off 1.0		neg 0.5210178299635825 off 0.43548981551270016 __DUMMY__ 0.04349235452371751	false	0.5
vor			neg 0.5323092218192982 off 0.4238661165951519 __DUMMY__ 0.043824661585549804	false	0.0
unterwerfen	neg 1.0		neg 0.5328639269141991 off 0.42371466353296827 __DUMMY__ 0.04342140955283263	false	1.0
versenkung	neg 1.0		neg 0.5320805865464642 off 0.42434331316795754 __DUMMY__ 0.04357610028557845	false	1.0
entziehen	neg 1.0		neg 0.5348937929039418 off 0.42155439141496204 __DUMMY__ 0.04355181568109619	false	1.0
finanzkrise	neg 1.0		neg 0.5309713305543395 off 0.42587784119562194 __DUMMY__ 0.04315082825003855	false	1.0
schimpfend	neg 1.0		neg 0.5221293201728722 off 0.43390357516584244 __DUMMY__ 0.04396710466128531	false	1.0
profan	neg 1.0		neg 0.5255122363839321 off 0.4309618144744254 __DUMMY__ 0.04352594914164247	false	1.0
korruption	neg 1.0		neg 0.5331547490413032 off 0.4236764168408819 __DUMMY__ 0.043168834117814914	false	1.0
â			neg 0.5289860755406626 off 0.4273188495557606 __DUMMY__ 0.04369507490357677	false	0.0
schmutzig	neg 1.0		neg 0.5202245284046414 off 0.43611949746733314 __DUMMY__ 0.043655974128025445	false	1.0
sexy	neg 1.0		neg 0.5231236817131528 off 0.4333850082549628 __DUMMY__ 0.04349131003188429	false	1.0
abraten	neg 1.0		neg 0.5254198018293689 off 0.430929006964104 __DUMMY__ 0.04365119120652705	false	1.0
schwarz	neg 1.0		neg 0.5260157713949212 off 0.4305239970329858 __DUMMY__ 0.04346023157209311	false	1.0
fotze	off 1.0		neg 0.5306805647694777 off 0.42594068437398164 __DUMMY__ 0.043378750856540554	false	0.5
verwirren	neg 1.0		neg 0.5247411225344204 off 0.4317524483887703 __DUMMY__ 0.04350642907680928	false	1.0
zahnlos	off 1.0		neg 0.5319645806005542 off 0.4246516854864814 __DUMMY__ 0.04338373391296445	false	0.5
verheeren	neg 1.0		neg 0.5135499947952646 off 0.4434786366546319 __DUMMY__ 0.04297136855010352	false	1.0
hippie	neg 1.0		neg 0.5237577131152154 off 0.43279115744491015 __DUMMY__ 0.04345112943987462	false	1.0
rammen	neg 1.0		neg 0.5232673062243065 off 0.43310708686485305 __DUMMY__ 0.04362560691084041	false	1.0
unlauter	neg 1.0	neg 1.0	neg 0.7500592507847433 off 0.22914620620261933 __DUMMY__ 0.020794543012637345	false	1.0
unheilvoll	neg 1.0		neg 0.5247728495955113 off 0.4316110099951182 __DUMMY__ 0.043616140409370466	false	1.0
niedrig	neg 1.0		neg 0.5298181079678916 off 0.426560788453586 __DUMMY__ 0.04362110357852235	false	1.0
explosion	neg 1.0		neg 0.5232477642184984 off 0.4331776611174624 __DUMMY__ 0.043574574664039314	false	1.0
weichei	off 1.0		neg 0.5171152317981617 off 0.43964080802274697 __DUMMY__ 0.04324396017909126	false	0.5
minusmensch	off 1.0		neg 0.5164726308994053 off 0.44083243306166014 __DUMMY__ 0.04269493603893454	false	0.5
farblos	neg 1.0		neg 0.526642711369297 off 0.4298720734299157 __DUMMY__ 0.04348521520078732	false	1.0
unwissend	neg 1.0	neg 1.0	neg 0.7488915293585846 off 0.2303367298183383 __DUMMY__ 0.020771740823077155	false	1.0
traurig	neg 1.0		neg 0.5192876540007467 off 0.4372532942237223 __DUMMY__ 0.043459051775530895	false	1.0
senkung	neg 1.0		neg 0.5241660414948718 off 0.43237024279628516 __DUMMY__ 0.04346371570884304	false	1.0
ungleich	neg 1.0	neg 1.0	neg 0.7537676590922864 off 0.22539824295923575 __DUMMY__ 0.02083409794847786	false	1.0
heikel	neg 1.0		neg 0.5332399473406371 off 0.4231852653093634 __DUMMY__ 0.04357478734999943	false	1.0
drosselung	neg 1.0		neg 0.518393813281548 off 0.43811216863105906 __DUMMY__ 0.04349401808739302	false	1.0
falsch	neg 1.0		neg 0.5237647757676579 off 0.432758203693705 __DUMMY__ 0.04347702053863713	false	1.0
unzufriedenheit	neg 1.0		neg 0.5337624940299079 off 0.4227009863919147 __DUMMY__ 0.04353651957817741	false	1.0
kurz	neg 1.0		neg 0.5268982379372386 off 0.4292244040657148 __DUMMY__ 0.04387735799704659	false	1.0
unsinnig	neg 1.0		neg 0.5307755788692954 off 0.42573544499659294 __DUMMY__ 0.043488976134111595	false	1.0
penner	off 1.0	off 1.0	off 0.7050526718154885 neg 0.2742194812713262 __DUMMY__ 0.020727846913185227	false	1.0
seicht	neg 1.0		neg 0.5167107597234771 off 0.4403253988343484 __DUMMY__ 0.04296384144217443	false	1.0
dummheit	off 1.0	off 1.0	off 0.6986818493239776 neg 0.2805656424949108 __DUMMY__ 0.020752508181111656	false	1.0
unerfreulich	neg 1.0		neg 0.5326276671831303 off 0.42365697332464697 __DUMMY__ 0.043715359492222675	false	1.0
motherfucker	off 1.0	off 1.0	off 0.7020317018316684 neg 0.2772372047439678 __DUMMY__ 0.02073109342436375	false	1.0
pikiert	neg 1.0		neg 0.5246816735787901 off 0.4320336302619046 __DUMMY__ 0.04328469615930533	false	1.0
wrack	neg 1.0		neg 0.5291941265498628 off 0.42717060019057856 __DUMMY__ 0.04363527325955864	false	1.0
gangster	neg 1.0		neg 0.5245183075660165 off 0.43201132841040507 __DUMMY__ 0.043470364023578505	false	1.0
krank	neg 1.0		neg 0.5196179808035195 off 0.43672533647313483 __DUMMY__ 0.04365668272334564	false	1.0
reich	neg 1.0		neg 0.5269152633912617 off 0.430256947743135 __DUMMY__ 0.04282778886560331	false	1.0
gnadenlos	neg 1.0		neg 0.5271002990366324 off 0.42939291771572263 __DUMMY__ 0.04350678324764495	false	1.0
niedergeschlagen	neg 1.0		neg 0.5283974454831888 off 0.42792582416708 __DUMMY__ 0.04367673034973109	false	1.0
terrorisieren	off 1.0	off 1.0	off 0.6958095966062858 neg 0.2833088016178461 __DUMMY__ 0.020881601775867994	false	1.0
sinnlosigkeit	neg 1.0		neg 0.5315265853190748 off 0.4250482092266409 __DUMMY__ 0.0434252054542842	false	1.0
behindern	neg 1.0		neg 0.5265872141847475 off 0.4297224593128194 __DUMMY__ 0.04369032650243315	false	1.0
undemokratisch	neg 1.0		neg 0.5298559474990311 off 0.42706653544423084 __DUMMY__ 0.04307751705673818	false	1.0
wirtschaftskrise	neg 1.0		neg 0.5320740263495464 off 0.4246304271779205 __DUMMY__ 0.04329554647253312	false	1.0
neid	neg 1.0		neg 0.5227474908513088 off 0.43359962640167665 __DUMMY__ 0.043652882747014565	false	1.0
rutschen	neg 1.0		neg 0.5302918353244467 off 0.42543140434234694 __DUMMY__ 0.04427676033320642	false	1.0
rezession	neg 1.0		neg 0.5203574416651404 off 0.4366153081951609 __DUMMY__ 0.04302725013969873	false	1.0
fehlgeburt	neg 1.0		neg 0.528293677901313 off 0.4283235457732296 __DUMMY__ 0.04338277632545749	false	1.0
charakterschwach	off 1.0		neg 0.5232732762281688 off 0.4334342192970082 __DUMMY__ 0.043292504474823156	false	0.5
isolation	neg 1.0		neg 0.5221170540535947 off 0.43441222936234064 __DUMMY__ 0.04347071658406471	false	1.0
ablenkung	neg 1.0		neg 0.5264543793846146 off 0.4298707126700327 __DUMMY__ 0.043674907945352705	false	1.0
pech	neg 1.0		neg 0.5233621229722403 off 0.433026944499489 __DUMMY__ 0.0436109325282707	false	1.0
vermeidung	neg 1.0		neg 0.5190724065709207 off 0.437346399680036 __DUMMY__ 0.043581193749043255	false	1.0
dominieren	neg 1.0		neg 0.5289065239902504 off 0.4275386273537809 __DUMMY__ 0.04355484865596881	false	1.0
schwindlig	neg 1.0		neg 0.5223128646352142 off 0.4338994394726798 __DUMMY__ 0.043787695892106085	false	1.0
lutscher	neg 1.0		neg 0.5149857464236903 off 0.4419830181822298 __DUMMY__ 0.04303123539407983	false	1.0
pflicht	neg 1.0		neg 0.5338826364928649 off 0.4225883883570776 __DUMMY__ 0.04352897515005739	false	1.0
faschist	off 1.0		neg 0.5298193614542249 off 0.42721819434015096 __DUMMY__ 0.042962444205624235	false	0.5
verschleudern	neg 1.0		neg 0.5323109870539492 off 0.42434062307084947 __DUMMY__ 0.0433483898752013	false	1.0
wenn			neg 0.5238299773231024 off 0.4326929311342624 __DUMMY__ 0.043477091542635286	false	0.0
ehebruch	neg 1.0		neg 0.5333679871114408 off 0.42332013665710005 __DUMMY__ 0.043311876231459004	false	1.0
spott	off 1.0		neg 0.5335020196393873 off 0.42312106319338755 __DUMMY__ 0.04337691716722527	false	0.5
trostlosigkeit	neg 1.0		neg 0.5362188708157598 off 0.4205574725546556 __DUMMY__ 0.04322365662958458	false	1.0
lutschen	neg 1.0		neg 0.5242147035132678 off 0.4325063557846831 __DUMMY__ 0.043278940702049094	false	1.0
undiszipliniert	neg 1.0		neg 0.5201751227096438 off 0.4363946862884804 __DUMMY__ 0.043430191001875715	false	1.0
kopfschmerz	neg 1.0		neg 0.5270260598645352 off 0.4292925351998844 __DUMMY__ 0.0436814049355804	false	1.0
unvorhergesehen	neg 1.0		neg 0.5255669166928217 off 0.4303978989596443 __DUMMY__ 0.044035184347533965	false	1.0
desinteressiert	neg 1.0		neg 0.5215648804025288 off 0.435118878042231 __DUMMY__ 0.04331624155524028	false	1.0
armselig	off 1.0		neg 0.521229562035031 off 0.43554822953414385 __DUMMY__ 0.04322220843082524	false	0.5
desaster	neg 1.0		neg 0.536873991171736 off 0.4197572227709299 __DUMMY__ 0.0433687860573341	false	1.0
tod	neg 1.0		neg 0.534599601208556 off 0.42221887976174155 __DUMMY__ 0.04318151902970254	false	1.0
herzlos	neg 1.0		neg 0.5189708321440143 off 0.43762696993347666 __DUMMY__ 0.043402197922509	false	1.0
unwissenheit	neg 1.0		neg 0.5321419903546761 off 0.42450182775734285 __DUMMY__ 0.04335618188798111	false	1.0
widersinnig	neg 1.0		neg 0.5329293101145217 off 0.42397864242522637 __DUMMY__ 0.04309204746025177	false	1.0
bedenklich	neg 1.0		neg 0.5324667282551979 off 0.4240066518870783 __DUMMY__ 0.04352661985772384	false	1.0
beanstanden	neg 1.0		neg 0.5338615578506378 off 0.4225640983585083 __DUMMY__ 0.0435743437908539	false	1.0
panisch	neg 1.0	neg 1.0	neg 0.748023873054447 off 0.2308819738804034 __DUMMY__ 0.021094153065149557	false	1.0
debil	off 1.0		neg 0.5358522267841344 off 0.420450439437678 __DUMMY__ 0.0436973337781876	false	0.5
abstrich	neg 1.0		neg 0.5230721846387106 off 0.43294825275259796 __DUMMY__ 0.04397956260869127	false	1.0
primitiv	neg 1.0		neg 0.5226527049848695 off 0.43408346302281237 __DUMMY__ 0.04326383199231812	false	1.0
abschaum	off 1.0	off 1.0	off 0.6997573504853927 neg 0.2795479159522568 __DUMMY__ 0.020694733562350524	false	1.0
provozieren	neg 1.0		neg 0.5291887166691164 off 0.42746453286086866 __DUMMY__ 0.043346750470015065	false	1.0
tot	neg 1.0		neg 0.5300636526508731 off 0.4265619749761542 __DUMMY__ 0.04337437237297263	false	1.0
instabil	neg 1.0		neg 0.5201809508672107 off 0.4366701100130801 __DUMMY__ 0.04314893911970926	false	1.0
schwuchtel	off 1.0		neg 0.5117125783074641 off 0.4455897365339028 __DUMMY__ 0.042697685158633085	false	0.5
zerren	neg 1.0		neg 0.5288420884423742 off 0.4275048389251373 __DUMMY__ 0.04365307263248846	false	1.0
kinderficker	off 1.0		neg 0.5205115880841995 off 0.4364859999996243 __DUMMY__ 0.04300241191617625	false	0.5
gefahr	neg 1.0		neg 0.532744453549075 off 0.4238460063747493 __DUMMY__ 0.04340954007617567	false	1.0
rabiat	neg 1.0		neg 0.5281661021300637 off 0.4283285037980569 __DUMMY__ 0.04350539407187942	false	1.0
verlangsamung	neg 1.0		neg 0.5160133083788906 off 0.44092424790467816 __DUMMY__ 0.04306244371643124	false	1.0
ausgestorben	neg 1.0		neg 0.529123910245988 off 0.42727044635314815 __DUMMY__ 0.04360564340086377	false	1.0
anklagen	neg 1.0		neg 0.5301327117504459 off 0.42655248412571134 __DUMMY__ 0.043314804123842976	false	1.0
trott	neg 1.0		neg 0.5268783030875922 off 0.42948653467306996 __DUMMY__ 0.043635162239337784	false	1.0
verminderung	neg 1.0		neg 0.5199381054972008 off 0.4366866843547604 __DUMMY__ 0.043375210148039	false	1.0
nach			neg 0.531992176123893 off 0.4238995714583294 __DUMMY__ 0.04410825241777759	false	0.0
rost	neg 1.0		neg 0.5159947205550115 off 0.4409548234841778 __DUMMY__ 0.0430504559608106	false	1.0
destruktiv	neg 1.0		neg 0.5311669838404504 off 0.42555517978371854 __DUMMY__ 0.04327783637583103	false	1.0
unzumutbarkeit	neg 1.0		neg 0.5193355509788773 off 0.43712623231744624 __DUMMY__ 0.04353821670367629	false	1.0
labil	off 1.0	off 1.0	off 0.7008623707820987 neg 0.278391739497652 __DUMMY__ 0.020745889720249402	false	1.0
ziemlich	neg 1.0		neg 0.52170979615699 off 0.43480898000129004 __DUMMY__ 0.0434812238417201	false	1.0
lachnummer	off 1.0		neg 0.5309319503715887 off 0.4257634988349151 __DUMMY__ 0.04330455079349624	false	0.5
oder			neg 0.5261010305135595 off 0.4301473135856357 __DUMMY__ 0.04375165590080483	false	0.0
verfall	neg 1.0		neg 0.536776739615748 off 0.41958168926678263 __DUMMY__ 0.04364157111746937	false	1.0
ausgrenzung	neg 1.0		neg 0.5289965262598184 off 0.42792229662188014 __DUMMY__ 0.04308117711830139	false	1.0
unordnung	neg 1.0		neg 0.520229593508027 off 0.43670009771475005 __DUMMY__ 0.04307030877722281	false	1.0
fehlverhalten	neg 1.0		neg 0.5338349834283391 off 0.4227856968218495 __DUMMY__ 0.04337931974981122	false	1.0
eine			neg 0.5324098486843066 off 0.42382153307166304 __DUMMY__ 0.043768618244030257	false	0.0
nille	neg 1.0		neg 0.5297421877999696 off 0.42698718566730987 __DUMMY__ 0.04327062653272036	false	1.0
qual	neg 1.0		neg 0.5272259962034709 off 0.4291673151246633 __DUMMY__ 0.04360668867186582	false	1.0
verschwenden	neg 1.0		neg 0.5314144316322731 off 0.4249625072648727 __DUMMY__ 0.04362306110285431	false	1.0
riesig	neg 1.0		neg 0.5273338620962805 off 0.42898823168050565 __DUMMY__ 0.043677906223213825	false	1.0
verurteilen	neg 1.0		neg 0.5325753566933884 off 0.42414182418909196 __DUMMY__ 0.0432828191175197	false	1.0
klischee	neg 1.0	neg 1.0	neg 0.750160054284706 off 0.22909846788272129 __DUMMY__ 0.020741477832572627	false	1.0
diktatorisch	neg 1.0		neg 0.5311203196109029 off 0.4259331208021485 __DUMMY__ 0.04294655958694874	false	1.0
vorhersehbar	neg 1.0		neg 0.5272830565415165 off 0.42940626554264966 __DUMMY__ 0.04331067791583375	false	1.0
sowie			neg 0.5185026227832221 off 0.4384927857861459 __DUMMY__ 0.04300459143063192	false	0.0
stornieren	neg 1.0		neg 0.5230260499376193 off 0.433277044835492 __DUMMY__ 0.04369690522688868	false	1.0
besteuerung	neg 1.0		neg 0.5265148170828483 off 0.4300378496651403 __DUMMY__ 0.0434473332520114	false	1.0
ungeschminkt	neg 1.0		neg 0.5209814773771523 off 0.4355705718476421 __DUMMY__ 0.04344795077520555	false	1.0
kritisch	neg 1.0		neg 0.533133006584475 off 0.4234577982331853 __DUMMY__ 0.04340919518233966	false	1.0
schlamperei	off 1.0		neg 0.5325745157970335 off 0.4240484077351392 __DUMMY__ 0.04337707646782734	false	0.5
sucht	neg 1.0	neg 1.0	neg 0.747500632552625 off 0.23142415769614 __DUMMY__ 0.021075209751234905	false	1.0
egoistisch	off 1.0		neg 0.5175911321356552 off 0.4391828100776188 __DUMMY__ 0.04322605778672605	false	0.5
ausbeuter	off 1.0		neg 0.5345851255722657 off 0.4220792971485032 __DUMMY__ 0.04333557727923127	false	0.5
arschgeburt	off 1.0		neg 0.5118485751432897 off 0.44544993432418 __DUMMY__ 0.04270149053253031	false	0.5
schubs	neg 1.0	neg 1.0	neg 0.7508013838762707 off 0.22811697011830367 __DUMMY__ 0.021081646005425635	false	1.0
unsolide	neg 1.0		neg 0.5281242762266285 off 0.4290610661689071 __DUMMY__ 0.042814657604464484	false	1.0
beschwerde	neg 1.0		neg 0.5312597486609008 off 0.4253257265714248 __DUMMY__ 0.04341452476767451	false	1.0
stocken	neg 1.0		neg 0.5302072450271323 off 0.42618711897178685 __DUMMY__ 0.04360563600108078	false	1.0
isolieren	neg 1.0		neg 0.5263694390300122 off 0.42985628680871973 __DUMMY__ 0.04377427416126807	false	1.0
unheilbar	neg 1.0		neg 0.5280840021793477 off 0.42848785539600037 __DUMMY__ 0.04342814242465187	false	1.0
pisser	off 1.0		neg 0.5204383215230867 off 0.43642058609599976 __DUMMY__ 0.04314109238091348	false	0.5
löschen	neg 1.0		neg 0.5268633821700194 off 0.42966979814668493 __DUMMY__ 0.043466819683295556	false	1.0
durchfallen	neg 1.0		neg 0.5315222963765265 off 0.4249212399918413 __DUMMY__ 0.0435564636316323	false	1.0
wichser	off 1.0		neg 0.5134340982002157 off 0.443504013115401 __DUMMY__ 0.04306188868438333	false	0.5
terror	neg 1.0		neg 0.5220137685445948 off 0.4343292465142248 __DUMMY__ 0.04365698494118033	false	1.0
krass	neg 1.0		neg 0.5185099670614989 off 0.4381167024838416 __DUMMY__ 0.04337333045465942	false	1.0
revolte	neg 1.0	neg 1.0	neg 0.7519397306278435 off 0.22754316654322873 __DUMMY__ 0.02051710282892784	false	1.0
besorgt	neg 1.0		neg 0.5271628399370877 off 0.4289874056323771 __DUMMY__ 0.0438497544305352	false	1.0
nachlassen	neg 1.0		neg 0.5276476079475673 off 0.428543054233112 __DUMMY__ 0.04380933781932073	false	1.0
alt	neg 1.0		neg 0.5292607239787213 off 0.4268692275434828 __DUMMY__ 0.04387004847779598	false	1.0
hundesohn	off 1.0		neg 0.5162575053432921 off 0.44090401228363985 __DUMMY__ 0.042838482373068185	false	0.5
als			neg 0.5293206032486364 off 0.42697880265040017 __DUMMY__ 0.043700594100963566	false	0.0
abschreckung	neg 1.0		neg 0.5347262075384599 off 0.42182581194204166 __DUMMY__ 0.043447980519498414	false	1.0
unqualifiziert	neg 1.0		neg 0.5268713019490061 off 0.4298138796399927 __DUMMY__ 0.04331481841100114	false	1.0
abgewichst	off 1.0		neg 0.5294216173963313 off 0.42713173020107653 __DUMMY__ 0.043446652402592024	false	0.5
schwer	neg 1.0		neg 0.5276646830120123 off 0.4286941107958214 __DUMMY__ 0.043641206192166264	false	1.0
bedeutungslosigkeit	neg 1.0		neg 0.5344115848780914 off 0.4221884439416911 __DUMMY__ 0.04339997118021757	false	1.0
kapitulation	neg 1.0		neg 0.5346497529929792 off 0.4222753990998924 __DUMMY__ 0.04307484790712835	false	1.0
unscharf	neg 1.0		neg 0.5234848604862404 off 0.4329339442861114 __DUMMY__ 0.04358119522764817	false	1.0
schwinden	neg 1.0		neg 0.5318479540879475 off 0.42452401536316214 __DUMMY__ 0.04362803054889028	false	1.0
versklavung	neg 1.0	neg 1.0	neg 0.7522163378446577 off 0.22713981084261317 __DUMMY__ 0.020643851312729188	false	1.0
schlecht	neg 1.0		neg 0.5210788754571242 off 0.43540861561122784 __DUMMY__ 0.043512508931647896	false	1.0
verhasst	neg 1.0		neg 0.5295290933223755 off 0.42717233762267204 __DUMMY__ 0.04329856905495243	false	1.0
beschweren	neg 1.0		neg 0.5256656617816037 off 0.43075259561417933 __DUMMY__ 0.04358174260421708	false	1.0
scheiden	neg 1.0		neg 0.5285651900387736 off 0.4279086242908636 __DUMMY__ 0.04352618567036293	false	1.0
frustriert	neg 1.0		neg 0.5291721084638187 off 0.42723155405781316 __DUMMY__ 0.043596337478368184	false	1.0
schimmelig	neg 1.0		neg 0.5298234669255732 off 0.4265066742576697 __DUMMY__ 0.043669858816757	false	1.0
fisch	neg 1.0		neg 0.5298725270937344 off 0.42649265191390556 __DUMMY__ 0.043634820992360025	false	1.0
schmuggel	neg 1.0		neg 0.531453324169298 off 0.4248039063388298 __DUMMY__ 0.04374276949187225	false	1.0
auffallen	neg 1.0		neg 0.5253562348986204 off 0.4310985283117318 __DUMMY__ 0.04354523678964783	false	1.0
konkurrenz	neg 1.0		neg 0.5326540773132911 off 0.4236225787934191 __DUMMY__ 0.043723343893289995	false	1.0
teufelskreis	neg 1.0		neg 0.5297876825144882 off 0.4267251952447114 __DUMMY__ 0.04348712224080043	false	1.0
aufschreien	neg 1.0		neg 0.5271234332020814 off 0.4295310124457551 __DUMMY__ 0.043345554352163355	false	1.0
schuldner	neg 1.0		neg 0.5330728461629666 off 0.42353062539911124 __DUMMY__ 0.043396528437922244	false	1.0
missgeburt	off 1.0	off 1.0	off 0.7036562667295463 neg 0.2757299970051767 __DUMMY__ 0.020613736265277138	false	1.0
arbeitslos	neg 1.0		neg 0.5313640802395365 off 0.42518738436662523 __DUMMY__ 0.04344853539383829	false	1.0
befallen	neg 1.0		neg 0.5339467535580754 off 0.4229573184205601 __DUMMY__ 0.04309592802136449	false	1.0
miesepetrig	off 1.0		neg 0.5205570154474788 off 0.4358418520021842 __DUMMY__ 0.04360113255033709	false	0.5
alarmieren	neg 1.0		neg 0.5242623423710655 off 0.43250852845563453 __DUMMY__ 0.04322912917329996	false	1.0
ungeduscht	off 1.0		neg 0.5231950982855147 off 0.4332014301683784 __DUMMY__ 0.043603471546106866	false	0.5
knappheit	neg 1.0		neg 0.5296348488145136 off 0.4268109116325801 __DUMMY__ 0.04355423955290627	false	1.0
schlange	neg 1.0		neg 0.5245965437804798 off 0.431679970040352 __DUMMY__ 0.04372348617916814	false	1.0
harsch	neg 1.0		neg 0.5142472146334165 off 0.44230352675634016 __DUMMY__ 0.043449258610243256	false	1.0
lang	neg 1.0		neg 0.5260075816814216 off 0.43043970874607823 __DUMMY__ 0.04355270957250026	false	1.0
ziellos	neg 1.0		neg 0.5301761929394502 off 0.42616827914237293 __DUMMY__ 0.043655527918176916	false	1.0
selbstverliebt	neg 1.0		neg 0.5144377739422129 off 0.44278086426618557 __DUMMY__ 0.04278136179160162	false	1.0
beseitigen	neg 1.0		neg 0.5247816087540612 off 0.4314999348800222 __DUMMY__ 0.04371845636591667	false	1.0
dumm	off 1.0		neg 0.5173975480753809 off 0.43945794997103477 __DUMMY__ 0.04314450195358433	false	0.5
arbeitsloser	neg 1.0		neg 0.5322741073438961 off 0.4242663695448781 __DUMMY__ 0.04345952311122559	false	1.0
blitzen	neg 1.0		neg 0.5242220187730758 off 0.4323658897286572 __DUMMY__ 0.04341209149826704	false	1.0
hilflos	neg 1.0		neg 0.5296640672267289 off 0.4267424098660487 __DUMMY__ 0.04359352290722246	false	1.0
eklig	off 1.0		neg 0.5163160884347849 off 0.4405596962958448 __DUMMY__ 0.04312421526937024	false	0.5
begriff			neg 0.5300298000239948 off 0.42647852975949535 __DUMMY__ 0.04349167021650998	false	0.0
hungersnot	neg 1.0		neg 0.5324132812604703 off 0.4245760340736713 __DUMMY__ 0.0430106846658585	false	1.0
ungesetzlich	neg 1.0		neg 0.5288651970875753 off 0.42810401623616345 __DUMMY__ 0.04303078667626115	false	1.0
verschwendung	neg 1.0		neg 0.5327161333337529 off 0.42368429257064827 __DUMMY__ 0.04359957409559888	false	1.0
schmerzvoll	neg 1.0		neg 0.5255865832580139 off 0.43082336945274186 __DUMMY__ 0.04359004728924441	false	1.0
vorzeitig	neg 1.0		neg 0.5219728074628662 off 0.4346014672872135 __DUMMY__ 0.04342572524992035	false	1.0
unvollkommenheit	neg 1.0		neg 0.5276504218404049 off 0.4288429139237437 __DUMMY__ 0.043506664235851415	false	1.0
intervenieren	neg 1.0		neg 0.534565745335348 off 0.4221533232748087 __DUMMY__ 0.04328093138984333	false	1.0
banause	off 1.0		neg 0.5152380160138319 off 0.44171815550913096 __DUMMY__ 0.04304382847703733	false	0.5
rebell	neg 1.0		neg 0.5319843683163686 off 0.42425711272971983 __DUMMY__ 0.04375851895391162	false	1.0
unlogisch	neg 1.0		neg 0.5206772074926059 off 0.4360705267858885 __DUMMY__ 0.043252265721505645	false	1.0
leiden	neg 1.0	neg 1.0	neg 0.7508642331380958 off 0.22785771475090016 __DUMMY__ 0.021278052111003986	false	1.0
abschaffung	neg 1.0		neg 0.5284508012347341 off 0.42826118314519107 __DUMMY__ 0.043288015620074796	false	1.0
sturz	neg 1.0		neg 0.5281920538654095 off 0.4285711441478369 __DUMMY__ 0.043236801986753746	false	1.0
verkleinerung	neg 1.0		neg 0.5258970109466301 off 0.4309589314089999 __DUMMY__ 0.04314405764437008	false	1.0
schmarotzer	off 1.0		neg 0.5329075821517083 off 0.42376184771560216 __DUMMY__ 0.04333057013268939	false	0.5
bestrafung	neg 1.0		neg 0.5279049314415825 off 0.4287167110282057 __DUMMY__ 0.04337835753021183	false	1.0
achtlos	neg 1.0		neg 0.5273915795625584 off 0.42893234966368504 __DUMMY__ 0.04367607077375644	false	1.0
ungeheuer	neg 1.0		neg 0.5261898425317068 off 0.4304020268568684 __DUMMY__ 0.04340813061142487	false	1.0
unaufrichtig	neg 1.0		neg 0.5273850289868307 off 0.4294807362998566 __DUMMY__ 0.043134234713312604	false	1.0
groggy	neg 1.0		neg 0.5247806616847694 off 0.4318397886224429 __DUMMY__ 0.04337954969278764	false	1.0
verletzlich	neg 1.0		neg 0.5221015176504082 off 0.4345364337908868 __DUMMY__ 0.04336204855870483	false	1.0
