unsolidarisch	neg 1.0		__DUMMY__ 0.9286542133338423 neg 0.041294930522802004 off 0.030050856143355693	false	1.0
nachteilig	neg 1.0		__DUMMY__ 0.9365468767948146 neg 0.03621537613750596 off 0.0272377470676795	false	1.0
skeptisch	neg 1.0		__DUMMY__ 0.9373994821938649 neg 0.0372983716353424 off 0.025302146170792635	false	1.0
schrecklich	neg 1.0		__DUMMY__ 0.9333226873163802 off 0.034350412180726354 neg 0.032326900502893476	false	0.5
schlapp	neg 1.0		__DUMMY__ 0.9377462161649383 neg 0.03126040790339973 off 0.030993375931662032	false	1.0
abfall	neg 1.0		__DUMMY__ 0.9383226649342987 neg 0.03747373649917292 off 0.024203598566528376	false	1.0
widerspenstig	neg 1.0		__DUMMY__ 0.9385874706397075 neg 0.033343178414932444 off 0.02806935094536016	false	1.0
abrupt	neg 1.0		__DUMMY__ 0.9405202207497291 neg 0.03221852075849308 off 0.027261258491777907	false	1.0
unwirksam	neg 1.0		__DUMMY__ 0.931847092473806 neg 0.038596490577292954 off 0.029556416948901015	false	1.0
angreifen	neg 1.0		__DUMMY__ 0.9353196868187298 neg 0.03818662137033159 off 0.026493691810938663	false	1.0
inkonsistent	neg 1.0		__DUMMY__ 0.9354783394376192 neg 0.03441093470517446 off 0.03011072585720631	false	1.0
abrutschen	neg 1.0		__DUMMY__ 0.9387597195785892 neg 0.037016642247497185 off 0.02422363817391364	false	1.0
unsicher	neg 1.0		__DUMMY__ 0.937023031011543 neg 0.03433208513832518 off 0.028644883850131767	false	1.0
bauernkind	off 1.0		__DUMMY__ 0.9298719134352641 off 0.03657192775977065 neg 0.03355615880496521	false	1.0
angreifer	neg 1.0		__DUMMY__ 0.9329810410578517 neg 0.03579187200222707 off 0.03122708693992123	false	1.0
trennen	neg 1.0		__DUMMY__ 0.9402700982904033 neg 0.03431882009455882 off 0.02541108161503785	false	1.0
schmutz	neg 1.0		__DUMMY__ 0.9410239079917867 off 0.03170003689480705 neg 0.02727605511340627	false	0.5
inkonsistenz	neg 1.0	neg 1.0	neg 0.5029111300539942 __DUMMY__ 0.4687973810647505 off 0.028291488881255208	false	1.0
erschreckend	neg 1.0		__DUMMY__ 0.9351673658914063 neg 0.0367636121843487 off 0.028069021924245038	false	1.0
ertrinken	neg 1.0		__DUMMY__ 0.9380961618354166 neg 0.03549127875344967 off 0.026412559411133785	false	1.0
pickelface	off 1.0		__DUMMY__ 0.9339905035227419 neg 0.03648340574545698 off 0.029526090731801048	false	0.5
seiner			__DUMMY__ 0.936604862943014 neg 0.03726421035992343 off 0.026130926697062545	false	0.0
lauch	neg 1.0		__DUMMY__ 0.9384709000740188 neg 0.036707789257444244 off 0.024821310668536902	false	1.0
unwichtig	neg 1.0		__DUMMY__ 0.9347338009214095 neg 0.033557125954962554 off 0.03170907312362793	false	1.0
steuerhinterziehung	neg 1.0		__DUMMY__ 0.9321084599448272 neg 0.03903040368421736 off 0.028861136370955432	false	1.0
schock	neg 1.0		__DUMMY__ 0.939669977522564 neg 0.033085936169137756 off 0.027244086308298252	false	1.0
beule	neg 1.0		__DUMMY__ 0.9373170408663598 off 0.03178572661857953 neg 0.030897232515060647	false	0.5
vergelten	neg 1.0		__DUMMY__ 0.9312116294267344 off 0.035775281149201296 neg 0.03301308942406435	false	0.5
verdorbenheit	neg 1.0		__DUMMY__ 0.9386360488254809 neg 0.032347888014608105 off 0.029016063159910923	false	1.0
trauma	neg 1.0		__DUMMY__ 0.9353222868935689 neg 0.0347517961288276 off 0.029925916977603464	false	1.0
sinnlos	neg 1.0		__DUMMY__ 0.9353937786313563 neg 0.03445735215569779 off 0.030148869212945947	false	1.0
fettsack	off 1.0	off 1.0	off 0.5025816278564988 __DUMMY__ 0.46776444417060653 neg 0.029653927972894695	false	1.0
feige	off 1.0		__DUMMY__ 0.9322676164675495 neg 0.036125443491222965 off 0.031606940041227584	false	0.5
abdanken	neg 1.0		__DUMMY__ 0.9292968923067083 neg 0.04141038408899311 off 0.029292723604298673	false	1.0
wichtigtuer	off 1.0	off 1.0	off 0.49747100584412723 __DUMMY__ 0.46858487633384127 neg 0.03394411782203146	false	1.0
misslingen	neg 1.0		__DUMMY__ 0.9382109830408545 neg 0.032118575804818555 off 0.029670441154326974	false	1.0
untreu	off 1.0		__DUMMY__ 0.9342989283507513 neg 0.03355017012920389 off 0.03215090152004479	false	0.5
missmutig	neg 1.0		__DUMMY__ 0.9364972777472523 neg 0.03257299954505038 off 0.030929722707697314	false	1.0
hurenbock	off 1.0		__DUMMY__ 0.9399028143326866 neg 0.031126029538914843 off 0.02897115612839853	false	0.5
betrunken	neg 1.0		__DUMMY__ 0.9357821551494945 off 0.03269815333651602 neg 0.03151969151398952	false	0.5
korrupt	off 1.0		__DUMMY__ 0.9309932303119046 neg 0.040889840502930506 off 0.028116929185164913	false	0.5
unmut	neg 1.0		__DUMMY__ 0.9367860055629135 neg 0.03830586655960994 off 0.024908127877476562	false	1.0
hackfresse	off 1.0		__DUMMY__ 0.9320401028977398 off 0.036572124957960854 neg 0.031387772144299365	false	1.0
aufblasen	neg 1.0		__DUMMY__ 0.937983730338733 neg 0.032766436376295914 off 0.029249833284971168	false	1.0
gewaltsam	neg 1.0		__DUMMY__ 0.932608514919383 neg 0.037525123174335 off 0.029866361906281925	false	1.0
unbeliebtheit	neg 1.0		__DUMMY__ 0.9272770653237093 neg 0.03877157149407685 off 0.03395136318221386	false	1.0
sturheit	neg 1.0		__DUMMY__ 0.933206088254285 neg 0.0383526364953698 off 0.028441275250345215	false	1.0
kuh	neg 1.0		__DUMMY__ 0.9357034173428033 neg 0.0349518202067267 off 0.02934476245047005	false	1.0
erschrecken	neg 1.0		__DUMMY__ 0.9359245354906182 neg 0.03324564214227919 off 0.030829822367102605	false	1.0
opfer	neg 1.0	neg 1.0	neg 0.5044688932403402 __DUMMY__ 0.47130812120222754 off 0.02422298555743227	false	1.0
sinken	neg 1.0		__DUMMY__ 0.9373634281381295 neg 0.037495914134806865 off 0.025140657727063687	false	1.0
stinktier	neg 1.0		__DUMMY__ 0.9323901286833168 off 0.03455329428687483 neg 0.03305657702980842	false	0.5
tucke	off 1.0		__DUMMY__ 0.9339568331562894 off 0.03651901929315707 neg 0.02952414755055357	false	1.0
ein			__DUMMY__ 0.9400549372583957 neg 0.031420741824108284 off 0.02852432091749602	false	0.0
abstieg	neg 1.0		__DUMMY__ 0.9337551397822147 neg 0.03820658457207236 off 0.02803827564571298	false	1.0
missverstehen	neg 1.0		__DUMMY__ 0.9330659445848014 neg 0.036672812303262935 off 0.03026124311193571	false	1.0
ergebnislos	neg 1.0		__DUMMY__ 0.9350191407139375 neg 0.03734896726278455 off 0.02763189202327788	false	1.0
unter			__DUMMY__ 0.944056017782978 neg 0.034536797331572854 off 0.02140718488544915	false	0.0
manipulieren	neg 1.0		__DUMMY__ 0.9362463105886674 neg 0.037423519098383325 off 0.02633017031294925	false	1.0
unbewiesen	neg 1.0		__DUMMY__ 0.9291798667180449 neg 0.04087284742496296 off 0.029947285856992162	false	1.0
verschleppen	neg 1.0		__DUMMY__ 0.9344254634948524 neg 0.038048514698667706 off 0.02752602180647982	false	1.0
weib	off 1.0		__DUMMY__ 0.9313814646839446 off 0.037426877977972645 neg 0.031191657338082854	false	1.0
opposition	neg 1.0		__DUMMY__ 0.9311468216590219 neg 0.03867573237499458 off 0.03017744596598351	false	1.0
verkehrswidrig	neg 1.0		__DUMMY__ 0.9355797212719683 off 0.03496313005947127 neg 0.029457148668560407	false	0.5
inkorrekt	neg 1.0		__DUMMY__ 0.9296050907292257 neg 0.03750791226642789 off 0.03288699700434634	false	1.0
vermeiden	neg 1.0		__DUMMY__ 0.9421472106544284 neg 0.03478381195908291 off 0.023068977386488734	false	1.0
abweichung	neg 1.0		__DUMMY__ 0.9328870554215284 neg 0.03928000558514499 off 0.027832938993326676	false	1.0
alkoholisiert	neg 1.0		__DUMMY__ 0.939552635068041 neg 0.033765480328333146 off 0.026681884603625923	false	1.0
scheiss	off 1.0	off 1.0	off 0.4993632521442159 __DUMMY__ 0.4714359496410329 neg 0.029200798214751238	false	1.0
herausforderung	neg 1.0		__DUMMY__ 0.9421957125936365 neg 0.030922555998491964 off 0.02688173140787152	false	1.0
pervers	off 1.0		__DUMMY__ 0.9305241570607158 off 0.03929203754360849 neg 0.030183805395675754	false	1.0
wackelig	neg 1.0		__DUMMY__ 0.9415153069240847 neg 0.03193454140796953 off 0.026550151667945793	false	1.0
verwickeln	neg 1.0		__DUMMY__ 0.9342152484307037 neg 0.03573033801583032 off 0.03005441355346601	false	1.0
vorwand	neg 1.0		__DUMMY__ 0.9354885453647256 neg 0.039058990175647006 off 0.02545246445962745	false	1.0
muschi	off 1.0		__DUMMY__ 0.9334127794441643 neg 0.03729873674352312 off 0.02928848381231254	false	0.5
entmutigung	neg 1.0		__DUMMY__ 0.9264827486022382 neg 0.04199088302304823 off 0.03152636837471363	false	1.0
unangemessen	neg 1.0		__DUMMY__ 0.9330714979491235 neg 0.039286068043849785 off 0.027642434007026727	false	1.0
unstetig	neg 1.0		__DUMMY__ 0.9346697090851817 neg 0.0341732797379942 off 0.031157011176824182	false	1.0
entmutigen	neg 1.0		__DUMMY__ 0.936557924752189 neg 0.034069398232464417 off 0.029372677015346647	false	1.0
schwanz	neg 1.0		__DUMMY__ 0.9363830389701674 neg 0.03618181247006013 off 0.02743514855977255	false	1.0
verbot	neg 1.0		__DUMMY__ 0.9321951007381021 neg 0.03939604182374839 off 0.02840885743814957	false	1.0
leid	neg 1.0		__DUMMY__ 0.9330214480184197 off 0.0353246680501516 neg 0.031653883931428754	false	0.5
archaisch	neg 1.0		__DUMMY__ 0.933606696337087 neg 0.03854685336764695 off 0.02784645029526598	false	1.0
gegen			__DUMMY__ 0.9344347317425243 neg 0.03959417791343308 off 0.025971090344042665	false	0.0
scheidung	neg 1.0	neg 1.0	neg 0.4911062283484532 __DUMMY__ 0.4682212965143912 off 0.040672475137155606	false	1.0
einschlag	neg 1.0		__DUMMY__ 0.931838501179622 off 0.035107791196648294 neg 0.03305370762372973	false	0.5
m			__DUMMY__ 0.9380348277792381 neg 0.03426648195350406 off 0.02769869026725787	false	0.0
abgestanden	neg 1.0		__DUMMY__ 0.9397016350161213 neg 0.03244265475873261 off 0.027855710225146192	false	1.0
schmierig	off 1.0		__DUMMY__ 0.9341534546711312 off 0.03452756965213465 neg 0.031318975676734126	false	1.0
unpraktisch	neg 1.0		__DUMMY__ 0.9388932996739991 neg 0.03209522447069751 off 0.02901147585530334	false	1.0
wixxer	off 1.0		__DUMMY__ 0.9290914608929846 off 0.03949971997832365 neg 0.03140881912869181	false	1.0
bezeichnet			__DUMMY__ 0.9334838092117831 neg 0.03794970566822434 off 0.028566485119992498	false	0.0
jammerlappen	off 1.0		__DUMMY__ 0.9343882922399148 neg 0.03396125446980018 off 0.03165045329028497	false	0.5
farce	neg 1.0		__DUMMY__ 0.9290569080591848 neg 0.04209975154772895 off 0.028843340393086125	false	1.0
zwecklos	neg 1.0		__DUMMY__ 0.9340904181799652 neg 0.03857531711825421 off 0.0273342647017805	false	1.0
turbulent	neg 1.0		__DUMMY__ 0.9329280036520516 off 0.03411360997069801 neg 0.03295838637725029	false	0.5
invasion	neg 1.0		__DUMMY__ 0.9368906597564225 neg 0.03237926676388876 off 0.030730073479688688	false	1.0
schuld	neg 1.0		__DUMMY__ 0.934834669601567 neg 0.03576263685541838 off 0.029402693543014554	false	1.0
risiko	neg 1.0		__DUMMY__ 0.9393606009340192 off 0.030779235917573065 neg 0.02986016314840777	false	0.5
finster	neg 1.0		__DUMMY__ 0.9395472693912706 neg 0.032272549245151175 off 0.0281801813635782	false	1.0
geisteskrank	off 1.0		__DUMMY__ 0.9307679653073789 neg 0.03617562469219656 off 0.0330564100004245	false	0.5
zusammenbrechen	neg 1.0		__DUMMY__ 0.9376945504638003 neg 0.034529669472636165 off 0.027775780063563536	false	1.0
ausbeute	neg 1.0		__DUMMY__ 0.9397728570382586 neg 0.033837708372566354 off 0.026389434589175004	false	1.0
hinterhalt	neg 1.0		__DUMMY__ 0.9350129866253561 neg 0.0356279011052424 off 0.029359112269401487	false	1.0
kritik	neg 1.0		__DUMMY__ 0.930420573411334 neg 0.04080330483061023 off 0.028776121758055717	false	1.0
einschrumpfen	neg 1.0		__DUMMY__ 0.9309344194122804 neg 0.03739764433675117 off 0.0316679362509684	false	1.0
riskant	neg 1.0		__DUMMY__ 0.9368353963793735 neg 0.03677718186090275 off 0.02638742175972374	false	1.0
frustrieren	neg 1.0		__DUMMY__ 0.9360169071908064 neg 0.03758854609993191 off 0.026394546709261637	false	1.0
groll	neg 1.0		__DUMMY__ 0.9345038200176365 neg 0.038040972133408256 off 0.027455207848955172	false	1.0
gibt			__DUMMY__ 0.9362147317461292 neg 0.036117073519697646 off 0.027668194734173153	false	0.0
qualvoll	neg 1.0		__DUMMY__ 0.9364244928288721 neg 0.03360175617889009 off 0.02997375099223786	false	1.0
wackeln	neg 1.0		__DUMMY__ 0.9392365416715479 neg 0.03193346497040298 off 0.028829993358049113	false	1.0
klagen	neg 1.0		__DUMMY__ 0.9353475118353383 neg 0.03919795634776134 off 0.025454531816900453	false	1.0
bankrott	neg 1.0		__DUMMY__ 0.9361756284379216 neg 0.03224445174960401 off 0.031579919812474475	false	1.0
trauern	neg 1.0		__DUMMY__ 0.9360882821848279 neg 0.037441136563949984 off 0.026470581251222244	false	1.0
ablehnung	neg 1.0	neg 1.0	neg 0.5066517227015442 __DUMMY__ 0.46728411709776524 off 0.026064160200690523	false	1.0
stur	neg 1.0		__DUMMY__ 0.935155015047917 neg 0.03522268230799752 off 0.029622302644085472	false	1.0
aufruhr	neg 1.0		__DUMMY__ 0.9314863259293575 neg 0.03887794435112312 off 0.029635729719519343	false	1.0
melancholie	neg 1.0		__DUMMY__ 0.9398915942312677 neg 0.033486167481508004 off 0.02662223828722433	false	1.0
ist			__DUMMY__ 0.9348806407459608 neg 0.03543079388187688 off 0.02968856537216236	false	0.0
torheit	neg 1.0		__DUMMY__ 0.9292227071586667 neg 0.04053476902371233 off 0.030242523817621013	false	1.0
dreckskind	off 1.0		__DUMMY__ 0.9288059148867345 off 0.03615413530056691 neg 0.035039949812698534	false	1.0
umtauschen	neg 1.0		__DUMMY__ 0.9388045272227338 neg 0.03334933675377504 off 0.02784613602349113	false	1.0
zum			__DUMMY__ 0.9440250210078407 neg 0.032767511032351614 off 0.023207467959807663	false	0.0
zersetzen	neg 1.0		__DUMMY__ 0.9357156436080398 neg 0.038385114256258956 off 0.025899242135701297	false	1.0
zur			__DUMMY__ 0.9380771711910348 neg 0.03823241890206796 off 0.023690409906897216	false	0.0
frust	neg 1.0		__DUMMY__ 0.9365901995201051 neg 0.035702264594421246 off 0.02770753588547357	false	1.0
unerbittlichkeit	neg 1.0		__DUMMY__ 0.9350729447900534 neg 0.03838283125465862 off 0.02654422395528797	false	1.0
zwei			__DUMMY__ 0.9416445728215406 neg 0.03392779470439479 off 0.02442763247406461	false	0.0
unkorrekt	neg 1.0		__DUMMY__ 0.9301592615007492 neg 0.036699281369516286 off 0.033141457129734445	false	1.0
hexe	off 1.0		__DUMMY__ 0.9355199898776295 neg 0.032874887358930016 off 0.03160512276344047	false	0.5
lasch	neg 1.0		__DUMMY__ 0.9325128970458687 neg 0.03641696699352866 off 0.031070135960602666	false	1.0
rivale	neg 1.0		__DUMMY__ 0.932651824359042 off 0.03467969071977603 neg 0.03266848492118198	false	0.5
mutlos	off 1.0	off 1.0	off 0.4947913441806792 __DUMMY__ 0.4694044468828582 neg 0.035804208936462585	false	1.0
wirr	off 1.0		__DUMMY__ 0.9308426206186283 neg 0.03513523680512632 off 0.03402214257624536	false	0.5
jahr			__DUMMY__ 0.9410451691412487 neg 0.03304448982828083 off 0.025910341030470425	false	0.0
wird			__DUMMY__ 0.9365265127561195 neg 0.03680267818445135 off 0.026670809059429108	false	0.0
strafbar	neg 1.0		__DUMMY__ 0.9330328994799358 neg 0.040077195429183005 off 0.026889905090881128	false	1.0
erosion	neg 1.0		__DUMMY__ 0.9374572992060743 neg 0.03296427759883992 off 0.029578423195085725	false	1.0
eingehen	neg 1.0		__DUMMY__ 0.9346852870681617 neg 0.03817069727774568 off 0.027144015654092697	false	1.0
faul	off 1.0		__DUMMY__ 0.938335039924061 off 0.03092672270660655 neg 0.0307382373693324	false	1.0
provisorium	neg 1.0		__DUMMY__ 0.9423402258792467 neg 0.03661904788910654 off 0.02104072623164676	false	1.0
schmerzen	neg 1.0		__DUMMY__ 0.9380569489528782 neg 0.034589911220049105 off 0.027353139827072725	false	1.0
schrumpfen	neg 1.0		__DUMMY__ 0.9390924020217943 neg 0.03751727782002426 off 0.023390320158181446	false	1.0
geistlos	off 1.0		__DUMMY__ 0.9289174740781652 neg 0.03976828130746427 off 0.03131424461437056	false	0.5
fehlkauf	neg 1.0		__DUMMY__ 0.9334742059057203 neg 0.035752113452609154 off 0.03077368064167066	false	1.0
frustrierend	neg 1.0		__DUMMY__ 0.9359726933875541 neg 0.033118039810804197 off 0.03090926680164173	false	1.0
unzufrieden	neg 1.0		__DUMMY__ 0.9356409177352049 neg 0.03704372292551188 off 0.02731535933928329	false	1.0
verzweifeln	neg 1.0		__DUMMY__ 0.9368094405061381 neg 0.03488954743378898 off 0.028301012060072826	false	1.0
verzweifelt	neg 1.0		__DUMMY__ 0.9351463939178719 neg 0.03534151869243285 off 0.02951208738969516	false	1.0
misstrauensantrag	neg 1.0		__DUMMY__ 0.9331674820484508 neg 0.036185433886727694 off 0.0306470840648215	false	1.0
abfallen	neg 1.0		__DUMMY__ 0.9402264129345246 neg 0.03112318511611759 off 0.028650401949357793	false	1.0
fucker	off 1.0		__DUMMY__ 0.9319086955179315 off 0.034134853587714134 neg 0.03395645089435442	false	1.0
ungezogen	neg 1.0		__DUMMY__ 0.9323330085609469 off 0.037483869933519265 neg 0.03018312150553381	false	0.5
irrsinnig	neg 1.0	neg 1.0	neg 0.5034820873653895 __DUMMY__ 0.46983783039430427 off 0.026680082240306168	false	1.0
unfassbar	neg 1.0		__DUMMY__ 0.9343261434284724 neg 0.03374737664955846 off 0.03192647992196916	false	1.0
hart	neg 1.0		__DUMMY__ 0.9341157209659364 neg 0.0340631617794692 off 0.03182111725459437	false	1.0
widerlich	off 1.0		__DUMMY__ 0.9326257097978259 neg 0.03476026646891037 off 0.03261402373326371	false	0.5
fatal	neg 1.0		__DUMMY__ 0.9341641547068349 neg 0.035098387938545035 off 0.030737457354619992	false	1.0
bruch	neg 1.0		__DUMMY__ 0.9338981482196296 neg 0.040825100592311925 off 0.025276751188058572	false	1.0
aushungern	neg 1.0		__DUMMY__ 0.9312417527730912 neg 0.03901421197603907 off 0.02974403525086977	false	1.0
anspannung	neg 1.0		__DUMMY__ 0.9403378559266624 neg 0.03549703700512366 off 0.024165107068213953	false	1.0
von			__DUMMY__ 0.9404673366010393 neg 0.03420456496570721 off 0.025328098433253496	false	0.0
kraftlos	neg 1.0		__DUMMY__ 0.9404485795373515 neg 0.032977908908579705 off 0.026573511554068778	false	1.0
vom			__DUMMY__ 0.9431121411585927 neg 0.03521750464379095 off 0.021670354197616443	false	0.0
grenzdebil	off 1.0		__DUMMY__ 0.9351627521260585 off 0.03255432054136927 neg 0.03228292733257229	false	1.0
vor			__DUMMY__ 0.9389866970747371 neg 0.036102451536064 off 0.024910851389198824	false	0.0
unterwerfen	neg 1.0		__DUMMY__ 0.9346119807312945 neg 0.038510124776500815 off 0.026877894492204634	false	1.0
versenkung	neg 1.0		__DUMMY__ 0.9360680274287555 neg 0.03735768021806319 off 0.0265742923531813	false	1.0
entziehen	neg 1.0		__DUMMY__ 0.9359687407069709 neg 0.03893302694371404 off 0.02509823234931507	false	1.0
finanzkrise	neg 1.0		__DUMMY__ 0.9315050292994598 neg 0.03939977118624768 off 0.029095199514292538	false	1.0
schimpfend	neg 1.0		__DUMMY__ 0.9411320312303595 neg 0.029917369842691662 off 0.02895059892694887	false	1.0
profan	neg 1.0		__DUMMY__ 0.9354629364310069 neg 0.034525467491372044 off 0.03001159607762103	false	1.0
korruption	neg 1.0		__DUMMY__ 0.9317820373174786 neg 0.04015569176121241 off 0.028062270921308995	false	1.0
â			__DUMMY__ 0.9376470177149604 neg 0.03524970226540205 off 0.02710328001963749	false	0.0
schmutzig	neg 1.0		__DUMMY__ 0.9371039711145134 off 0.03203394919359974 neg 0.03086207969188682	false	0.5
sexy	neg 1.0		__DUMMY__ 0.935122556359978 neg 0.03339731993619379 off 0.031480123703828196	false	1.0
abraten	neg 1.0		__DUMMY__ 0.9370170616508563 neg 0.03368949925604135 off 0.029293439093102305	false	1.0
schwarz	neg 1.0		__DUMMY__ 0.9348466146004906 neg 0.0350582627064913 off 0.030095122693018117	false	1.0
fotze	off 1.0		__DUMMY__ 0.9341465745704821 neg 0.037853789730881944 off 0.027999635698635925	false	0.5
verwirren	neg 1.0		__DUMMY__ 0.9351891200125337 neg 0.03418064941964204 off 0.030630230567824223	false	1.0
zahnlos	off 1.0		__DUMMY__ 0.933851853768038 neg 0.03852924461403306 off 0.027618901617928918	false	0.5
verheeren	neg 1.0		__DUMMY__ 0.9292798998172954 off 0.039385512465358825 neg 0.0313345877173457	false	0.5
hippie	neg 1.0		__DUMMY__ 0.9346551343557641 neg 0.03392325309703374 off 0.03142161254720214	false	1.0
rammen	neg 1.0		__DUMMY__ 0.9371934979152055 neg 0.03264288938011377 off 0.03016361270468087	false	1.0
unlauter	neg 1.0	neg 1.0	neg 0.5021632062739215 __DUMMY__ 0.4699260557209671 off 0.02791073800511142	false	1.0
unheilvoll	neg 1.0		__DUMMY__ 0.9369392506431232 neg 0.03349494136497166 off 0.02956580799190511	false	1.0
niedrig	neg 1.0		__DUMMY__ 0.9371525659393333 neg 0.035900218821471555 off 0.026947215239195126	false	1.0
explosion	neg 1.0		__DUMMY__ 0.9362742056022872 neg 0.032827074195625396 off 0.030898720202087393	false	1.0
weichei	off 1.0		__DUMMY__ 0.9322993409009447 off 0.03576072714804935 neg 0.03193993195100588	false	1.0
minusmensch	off 1.0		__DUMMY__ 0.9260338463140532 off 0.03946447377165972 neg 0.03450167991428721	false	1.0
farblos	neg 1.0		__DUMMY__ 0.9360647265359525 neg 0.0349706554220001 off 0.028964618042047377	false	1.0
unwissend	neg 1.0	neg 1.0	neg 0.5018596242899396 __DUMMY__ 0.46900673853061803 off 0.029133637179442402	false	1.0
traurig	neg 1.0		__DUMMY__ 0.9348067374342524 off 0.033622081825775016 neg 0.03157118073997258	false	0.5
senkung	neg 1.0		__DUMMY__ 0.935199098385908 neg 0.03401049003124869 off 0.030790411582843315	false	1.0
ungleich	neg 1.0	neg 1.0	neg 0.5052126066896043 __DUMMY__ 0.47046747069360384 off 0.024319922616791854	false	1.0
heikel	neg 1.0		__DUMMY__ 0.9362205080086212 neg 0.03799767877958807 off 0.025781813211790662	false	1.0
drosselung	neg 1.0		__DUMMY__ 0.9356772742616595 off 0.03366529420169507 neg 0.030657431536645387	false	0.5
falsch	neg 1.0		__DUMMY__ 0.9350025613862625 neg 0.03377292353046652 off 0.031224515083270954	false	1.0
unzufriedenheit	neg 1.0		__DUMMY__ 0.9358381945579961 neg 0.0383457657003694 off 0.025816039741634517	false	1.0
kurz	neg 1.0		__DUMMY__ 0.9395662415123254 neg 0.03318166389494084 off 0.027252094592733887	false	1.0
unsinnig	neg 1.0		__DUMMY__ 0.9351586082389857 neg 0.037267114526981865 off 0.02757427723403251	false	1.0
penner	off 1.0	off 1.0	off 0.503712013839278 __DUMMY__ 0.46811985368642794 neg 0.028168132474294023	false	1.0
seicht	neg 1.0		__DUMMY__ 0.9290984523064508 off 0.037829960900168526 neg 0.03307158679338057	false	0.5
dummheit	off 1.0	off 1.0	off 0.49790134988461615 __DUMMY__ 0.4687021737165785 neg 0.03339647639880529	false	1.0
unerfreulich	neg 1.0		__DUMMY__ 0.9378136821477443 neg 0.03691879235817663 off 0.025267525494079044	false	1.0
motherfucker	off 1.0	off 1.0	off 0.5011601554340867 __DUMMY__ 0.46821567273851383 neg 0.030624171827399477	false	1.0
pikiert	neg 1.0		__DUMMY__ 0.9328597141032378 neg 0.0353869543036936 off 0.031753331593068645	false	1.0
wrack	neg 1.0		__DUMMY__ 0.9375645849689758 neg 0.03544324945778612 off 0.02699216557323814	false	1.0
gangster	neg 1.0		__DUMMY__ 0.9349270362431003 neg 0.03426442333036875 off 0.030808540426530955	false	1.0
krank	neg 1.0		__DUMMY__ 0.9372082672316957 off 0.032183263537915015 neg 0.030608469230389252	false	0.5
reich	neg 1.0		__DUMMY__ 0.9276334948685327 neg 0.03960420531503729 off 0.032762299816430036	false	1.0
gnadenlos	neg 1.0		__DUMMY__ 0.9351582253703383 neg 0.03534727575765223 off 0.02949449887200944	false	1.0
niedergeschlagen	neg 1.0		__DUMMY__ 0.9373993043363628 neg 0.0349694800316052 off 0.027631215632032004	false	1.0
terrorisieren	off 1.0	off 1.0	off 0.49435427784066166 __DUMMY__ 0.4714261707996573 neg 0.03421955135968105	false	1.0
sinnlosigkeit	neg 1.0		__DUMMY__ 0.934292897551462 neg 0.03813875775179581 off 0.02756834469674216	false	1.0
behindern	neg 1.0		__DUMMY__ 0.9376421777808813 neg 0.03393884674326024 off 0.02841897547585839	false	1.0
undemokratisch	neg 1.0		__DUMMY__ 0.930668208422405 neg 0.038897002169699206 off 0.030434789407895783	false	1.0
wirtschaftskrise	neg 1.0		__DUMMY__ 0.9332853192942074 neg 0.03886406371658675 off 0.027850616989205764	false	1.0
neid	neg 1.0		__DUMMY__ 0.9372574674958634 neg 0.03217178294313802 off 0.030570749560998603	false	1.0
rutschen	neg 1.0		__DUMMY__ 0.9444199104811497 neg 0.03239066800019897 off 0.02318942151865129	false	1.0
rezession	neg 1.0		__DUMMY__ 0.9297972879799936 off 0.035435543243956695 neg 0.0347671687760497	false	0.5
fehlgeburt	neg 1.0		__DUMMY__ 0.9345621141260634 neg 0.036630688796941854 off 0.028807197076994813	false	1.0
charakterschwach	off 1.0		__DUMMY__ 0.9330212202954741 neg 0.034389134063822914 off 0.03258964564070304	false	0.5
isolation	neg 1.0		__DUMMY__ 0.9349100853028421 neg 0.03304706893010352 off 0.032042845767054295	false	1.0
ablenkung	neg 1.0		__DUMMY__ 0.9371322847041925 neg 0.03407482453933743 off 0.028792890756469985	false	1.0
pech	neg 1.0		__DUMMY__ 0.936811128668713 neg 0.03303494275855646 off 0.030153928572730585	false	1.0
vermeidung	neg 1.0		__DUMMY__ 0.9364729619411967 off 0.032857777937625426 neg 0.030669260121177898	false	0.5
dominieren	neg 1.0		__DUMMY__ 0.93619471660857 neg 0.03575306430932863 off 0.028052219082101346	false	1.0
schwindlig	neg 1.0		__DUMMY__ 0.9388326416396398 neg 0.03133314359553082 off 0.029834214764829448	false	1.0
lutscher	neg 1.0		__DUMMY__ 0.9300747773759382 off 0.037999775964474514 neg 0.03192544665958728	false	0.5
pflicht	neg 1.0		__DUMMY__ 0.9355414774275354 neg 0.03859074467221018 off 0.02586777790025446	false	1.0
faschist	off 1.0		__DUMMY__ 0.9293936101310835 neg 0.03957118313891102 off 0.031035206730005538	false	0.5
verschleudern	neg 1.0		__DUMMY__ 0.9337545223148422 neg 0.03881905673472115 off 0.02742642095043664	false	1.0
wenn			__DUMMY__ 0.934802534940822 neg 0.03398358841075473 off 0.03121387664842322	false	0.0
ehebruch	neg 1.0		__DUMMY__ 0.9334209216257888 neg 0.039341167737245414 off 0.02723791063696583	false	1.0
spott	off 1.0		__DUMMY__ 0.9341623567555607 neg 0.03901670053882044 off 0.026820942705618828	false	0.5
trostlosigkeit	neg 1.0		__DUMMY__ 0.9320631282465661 neg 0.04183340213957753 off 0.02610346961385632	false	1.0
lutschen	neg 1.0		__DUMMY__ 0.9331765981771524 neg 0.03492363004581162 off 0.03189977177703604	false	1.0
undiszipliniert	neg 1.0		__DUMMY__ 0.9345845111012175 off 0.03321221677875477 neg 0.03220327212002765	false	0.5
kopfschmerz	neg 1.0		__DUMMY__ 0.9374622991349024 neg 0.03459335471885562 off 0.027944346146241902	false	1.0
unvorhergesehen	neg 1.0		__DUMMY__ 0.941741776075675 neg 0.031327668967509735 off 0.02693055495681521	false	1.0
desinteressiert	neg 1.0		__DUMMY__ 0.9331291055252279 neg 0.033639808788136175 off 0.033231085686635985	false	1.0
armselig	off 1.0		__DUMMY__ 0.9320560735524794 off 0.034052302359636626 neg 0.03389162408788396	false	1.0
desaster	neg 1.0		__DUMMY__ 0.9338593076142255 neg 0.04107327144899946 off 0.02506742093677501	false	1.0
tod	neg 1.0		__DUMMY__ 0.9319300156911982 neg 0.04142535610484017 off 0.026644628203961747	false	1.0
herzlos	neg 1.0		__DUMMY__ 0.9341760448156617 off 0.03416951646439605 neg 0.03165443871994223	false	0.5
unwissenheit	neg 1.0		__DUMMY__ 0.9337754186890186 neg 0.03859899773860041 off 0.027625583572381	false	1.0
widersinnig	neg 1.0		__DUMMY__ 0.9306908982646719 neg 0.040576375630092976 off 0.028732726105235203	false	1.0
bedenklich	neg 1.0		__DUMMY__ 0.9356181592833449 neg 0.037911929518051585 off 0.02646991119860356	false	1.0
beanstanden	neg 1.0		__DUMMY__ 0.9363193608275783 neg 0.03815213770025866 off 0.025528501472163092	false	1.0
panisch	neg 1.0	neg 1.0	neg 0.4976988929479406 __DUMMY__ 0.4755788984731912 off 0.026722208578868163	false	1.0
debil	off 1.0		__DUMMY__ 0.9380166442199006 neg 0.038695008780363395 off 0.02328834699973606	false	0.5
abstrich	neg 1.0		__DUMMY__ 0.9422594034627024 neg 0.030010066537445108 off 0.027730529999852545	false	1.0
primitiv	neg 1.0		__DUMMY__ 0.9325943492480369 neg 0.03437751983590034 off 0.03302813091606278	false	1.0
abschaum	off 1.0	off 1.0	off 0.49943432882219935 __DUMMY__ 0.4676583915533048 neg 0.03290727962449585	false	1.0
provozieren	neg 1.0		__DUMMY__ 0.9334066863211464 neg 0.037393904856152224 off 0.029199408822701424	false	1.0
tot	neg 1.0		__DUMMY__ 0.9343854943631243 neg 0.03781217807716995 off 0.027802327559705717	false	1.0
instabil	neg 1.0		__DUMMY__ 0.9314522301502004 off 0.03479206737306171 neg 0.03375570247673792	false	0.5
schwuchtel	off 1.0		__DUMMY__ 0.925967760272393 off 0.041920616709864744 neg 0.032111623017742175	false	1.0
zerren	neg 1.0		__DUMMY__ 0.9369261758085313 neg 0.03538433672712495 off 0.027689487464343673	false	1.0
kinderficker	off 1.0		__DUMMY__ 0.9298889457782156 off 0.035580524725213294 neg 0.034530529496571094	false	1.0
gefahr	neg 1.0		__DUMMY__ 0.934485216439505 neg 0.03844145065147891 off 0.027073332909016104	false	1.0
rabiat	neg 1.0		__DUMMY__ 0.9352199137880705 neg 0.03590179280382051 off 0.02887829340810897	false	1.0
verlangsamung	neg 1.0		__DUMMY__ 0.9304568347236053 off 0.03757447415854777 neg 0.03196869111784696	false	0.5
ausgestorben	neg 1.0		__DUMMY__ 0.936399023384453 neg 0.035865418843984836 off 0.027735557771562117	false	1.0
anklagen	neg 1.0		__DUMMY__ 0.9336281628059794 neg 0.037514674888188895 off 0.02885716230583172	false	1.0
trott	neg 1.0		__DUMMY__ 0.9368721473652695 neg 0.03452273713551746 off 0.028605115499213057	false	1.0
verminderung	neg 1.0		__DUMMY__ 0.9338792340377823 off 0.03355915838412492 neg 0.03256160757809279	false	0.5
nach			__DUMMY__ 0.9424809234388808 neg 0.03417354508336438 off 0.023345531477754818	false	0.0
rost	neg 1.0		__DUMMY__ 0.9306636578646942 off 0.037468883191712654 neg 0.03186745894359322	false	0.5
destruktiv	neg 1.0		__DUMMY__ 0.9327790600935421 neg 0.038706489329013306 off 0.028514450577444662	false	1.0
unzumutbarkeit	neg 1.0		__DUMMY__ 0.9362208702544288 off 0.03303125981150526 neg 0.030747869934065922	false	0.5
labil	off 1.0	off 1.0	off 0.5000243781100141 __DUMMY__ 0.4685046914062432 neg 0.031470930483742714	false	1.0
ziemlich	neg 1.0		__DUMMY__ 0.9348964877150179 neg 0.03283756597664376 off 0.032265946308338414	false	1.0
lachnummer	off 1.0		__DUMMY__ 0.9329795709314157 neg 0.038384967135255355 off 0.028635461933328974	false	0.5
oder			__DUMMY__ 0.9380774993064266 neg 0.0335649355637261 off 0.028357565129847336	false	0.0
verfall	neg 1.0		__DUMMY__ 0.9372605820283034 neg 0.03926137240637224 off 0.023478045565324318	false	1.0
ausgrenzung	neg 1.0		__DUMMY__ 0.9307753338249473 neg 0.03838634256038307 off 0.030838323614669698	false	1.0
unordnung	neg 1.0		__DUMMY__ 0.9308824893220301 off 0.03493913020966363 neg 0.03417838046830628	false	0.5
fehlverhalten	neg 1.0		__DUMMY__ 0.9340269765240209 neg 0.039268192093947385 off 0.026704831382031738	false	1.0
eine			__DUMMY__ 0.9382515483375514 neg 0.036655365493575766 off 0.025093086168872826	false	0.0
nille	neg 1.0		__DUMMY__ 0.9326900980844547 neg 0.03804891715511549 off 0.029260984760429726	false	1.0
qual	neg 1.0		__DUMMY__ 0.9365451963152696 neg 0.03484048869676831 off 0.02861431498796223	false	1.0
verschwenden	neg 1.0		__DUMMY__ 0.9365685290841168 neg 0.03701923192017819 off 0.026412238995704915	false	1.0
riesig	neg 1.0		__DUMMY__ 0.9380477532456022 neg 0.03399252654201826 off 0.027959720212379535	false	1.0
verurteilen	neg 1.0		__DUMMY__ 0.933038272581591 neg 0.039093086852705565 off 0.027868640565703484	false	1.0
klischee	neg 1.0	neg 1.0	neg 0.5033237831075016 __DUMMY__ 0.4682945291867987 off 0.028381687705699637	false	1.0
diktatorisch	neg 1.0		__DUMMY__ 0.9291401470147761 neg 0.04035054038259211 off 0.03050931260263175	false	1.0
vorhersehbar	neg 1.0		__DUMMY__ 0.9329655895050074 neg 0.0366297353373449 off 0.030404675157647765	false	1.0
sowie			__DUMMY__ 0.9295606094630796 off 0.03655563865036014 neg 0.03388375188656028	false	0.0
stornieren	neg 1.0		__DUMMY__ 0.9380008292772513 neg 0.03179796645693775 off 0.030201204265810994	false	1.0
besteuerung	neg 1.0		__DUMMY__ 0.9350413328545758 neg 0.03535267545609358 off 0.029605991689330678	false	1.0
ungeschminkt	neg 1.0		__DUMMY__ 0.9351587134184767 neg 0.03256533724460408 off 0.03227594933691929	false	1.0
kritisch	neg 1.0		__DUMMY__ 0.9342844722267233 neg 0.038861739544260164 off 0.02685378822901653	false	1.0
schlamperei	off 1.0		__DUMMY__ 0.9342885023078351 neg 0.038447912145773956 off 0.027263585546390967	false	0.5
sucht	neg 1.0	neg 1.0	neg 0.4968367081553047 __DUMMY__ 0.4759938954958635 off 0.027169396348831875	false	1.0
egoistisch	off 1.0		__DUMMY__ 0.932216613248108 off 0.03583748526469309 neg 0.03194590148719891	false	1.0
ausbeuter	off 1.0		__DUMMY__ 0.9335893588157709 neg 0.03990885455652865 off 0.02650178662770048	false	0.5
arschgeburt	off 1.0		__DUMMY__ 0.9260797423193772 off 0.04191775547431908 neg 0.03200250220630377	false	1.0
schubs	neg 1.0	neg 1.0	neg 0.500351666198604 __DUMMY__ 0.4756973731791143 off 0.023950960622281612	false	1.0
unsolide	neg 1.0		__DUMMY__ 0.9274134353966917 neg 0.03976121751138614 off 0.03282534709192207	false	1.0
beschwerde	neg 1.0		__DUMMY__ 0.9347081656442545 neg 0.037579287556406285 off 0.027712546799339245	false	1.0
stocken	neg 1.0		__DUMMY__ 0.936816059016288 neg 0.03603125926762517 off 0.02715268171608682	false	1.0
isolieren	neg 1.0		__DUMMY__ 0.9390926167382082 neg 0.032553939347110504 off 0.02835344391468132	false	1.0
unheilbar	neg 1.0		__DUMMY__ 0.9345368586679154 neg 0.036032947799835 off 0.029430193532249658	false	1.0
pisser	off 1.0		__DUMMY__ 0.9315568707969036 off 0.03464796613268629 neg 0.03379516307041012	false	1.0
löschen	neg 1.0		__DUMMY__ 0.9349121495621786 neg 0.03544847885820665 off 0.029639371579614694	false	1.0
durchfallen	neg 1.0		__DUMMY__ 0.9359152687028018 neg 0.03728848945769064 off 0.026796241839507507	false	1.0
wichser	off 1.0		__DUMMY__ 0.9301012760979799 off 0.038928953615747115 neg 0.03096977028627298	false	1.0
terror	neg 1.0		__DUMMY__ 0.9371598768140442 neg 0.031872698927741146 off 0.030967424258214665	false	1.0
krass	neg 1.0		__DUMMY__ 0.9341321139109522 off 0.03408794209830637 neg 0.03177994399074144	false	0.5
revolte	neg 1.0	neg 1.0	neg 0.5069232109616186 __DUMMY__ 0.46414037250547313 off 0.028936416532908127	false	1.0
besorgt	neg 1.0		__DUMMY__ 0.9394662389277808 neg 0.033092020466612235 off 0.027441740605606914	false	1.0
nachlassen	neg 1.0		__DUMMY__ 0.9392105661203077 neg 0.03352124991756022 off 0.027268183962132105	false	1.0
alt	neg 1.0		__DUMMY__ 0.9405917826733917 neg 0.03411283306733687 off 0.025295384259271525	false	1.0
hundesohn	off 1.0		__DUMMY__ 0.9277865200646745 off 0.03882697261406556 neg 0.0333865073212599	false	1.0
als			__DUMMY__ 0.9375391846357817 neg 0.035313201641528714 off 0.02714761372268954	false	0.0
abschreckung	neg 1.0		__DUMMY__ 0.9350428835135643 neg 0.0391628157485267 off 0.025794300737909028	false	1.0
unqualifiziert	neg 1.0		__DUMMY__ 0.9333135347755209 neg 0.03606434666948393 off 0.030622118554995144	false	1.0
abgewichst	off 1.0		__DUMMY__ 0.9348425081443602 neg 0.03684152442446619 off 0.028315967431173573	false	0.5
schwer	neg 1.0		__DUMMY__ 0.9367016010725314 neg 0.03492251182480586 off 0.02837588710266272	false	1.0
bedeutungslosigkeit	neg 1.0		__DUMMY__ 0.9342306966472711 neg 0.039519037758371685 off 0.026250265594357166	false	1.0
kapitulation	neg 1.0		__DUMMY__ 0.9305988034540121 neg 0.041517636789548826 off 0.02788355975643902	false	1.0
unscharf	neg 1.0		__DUMMY__ 0.9367328720018523 neg 0.03314992666916052 off 0.0301172013289872	false	1.0
schwinden	neg 1.0		__DUMMY__ 0.9370583175871994 neg 0.03672569487816063 off 0.026215987534640006	false	1.0
versklavung	neg 1.0	neg 1.0	neg 0.5056965368274865 __DUMMY__ 0.46681141004085847 off 0.027492053131655127	false	1.0
schlecht	neg 1.0		__DUMMY__ 0.9352449048539581 off 0.03253478817483894 neg 0.032220306971202935	false	0.5
verhasst	neg 1.0		__DUMMY__ 0.9329443159410142 neg 0.037788438667866665 off 0.02926724539111913	false	1.0
beschweren	neg 1.0		__DUMMY__ 0.9360560727074476 neg 0.03417943106624353 off 0.02976449622630879	false	1.0
scheiden	neg 1.0		__DUMMY__ 0.9359251439166337 neg 0.03615288109690459 off 0.027921974986461748	false	1.0
frustriert	neg 1.0		__DUMMY__ 0.9362077016452209 neg 0.0359236113101017 off 0.027868687044677366	false	1.0
schimmelig	neg 1.0		__DUMMY__ 0.9380860125480683 neg 0.03588512207436901 off 0.02602886537756268	false	1.0
fisch	neg 1.0		__DUMMY__ 0.9377458975893636 neg 0.03596921586821953 off 0.026284886542416938	false	1.0
schmuggel	neg 1.0		__DUMMY__ 0.9387164221579186 neg 0.03563642870774481 off 0.025647149134336675	false	1.0
auffallen	neg 1.0		__DUMMY__ 0.9356133258261012 neg 0.03432298213880695 off 0.030063692035091735	false	1.0
konkurrenz	neg 1.0		__DUMMY__ 0.9379979696081836 neg 0.03659828325724769 off 0.025403747134568666	false	1.0
teufelskreis	neg 1.0		__DUMMY__ 0.934957402255242 neg 0.03688371299093803 off 0.028158884753819943	false	1.0
aufschreien	neg 1.0		__DUMMY__ 0.9333705866602825 neg 0.03641284560716842 off 0.030216567732549056	false	1.0
schuldner	neg 1.0		__DUMMY__ 0.9344744123858014 neg 0.03871847939747366 off 0.02680710821672491	false	1.0
missgeburt	off 1.0	off 1.0	off 0.503220423428253 __DUMMY__ 0.4663742640908011 neg 0.03040531248094578	false	1.0
arbeitslos	neg 1.0		__DUMMY__ 0.9345107292916213 neg 0.037887657466112785 off 0.027601613242265916	false	1.0
befallen	neg 1.0		__DUMMY__ 0.9307388172919188 neg 0.04145580902129227 off 0.027805373686789002	false	1.0
miesepetrig	off 1.0		__DUMMY__ 0.9366255434849766 off 0.03189401254058838 neg 0.031480443974434925	false	1.0
alarmieren	neg 1.0		__DUMMY__ 0.9324695476994659 neg 0.035097304281896884 off 0.03243314801863729	false	1.0
ungeduscht	off 1.0		__DUMMY__ 0.9368859613572804 neg 0.03301766323799645 off 0.030096375404723198	false	0.5
knappheit	neg 1.0		__DUMMY__ 0.9363678155148282 neg 0.03594909043868093 off 0.027683094046490865	false	1.0
schlange	neg 1.0		__DUMMY__ 0.9377287061534288 neg 0.03292077634802897 off 0.029350517498542235	false	1.0
harsch	neg 1.0		__DUMMY__ 0.9347421274700548 off 0.03633443390746929 neg 0.028923438622475907	false	0.5
lang	neg 1.0		__DUMMY__ 0.9359040000002566 neg 0.03447985415484195 off 0.02961614584490146	false	1.0
ziellos	neg 1.0		__DUMMY__ 0.936798066658218 neg 0.03625150673507992 off 0.02695042660670201	false	1.0
selbstverliebt	neg 1.0		__DUMMY__ 0.9268133357619908 off 0.03998506566628285 neg 0.03320159857172643	false	0.5
beseitigen	neg 1.0		__DUMMY__ 0.9383412823033096 neg 0.032350763112431014 off 0.02930795458425932	false	1.0
dumm	off 1.0		__DUMMY__ 0.9311021917640538 off 0.03634046205447368 neg 0.032557346181472505	false	1.0
arbeitsloser	neg 1.0		__DUMMY__ 0.9349568139238298 neg 0.03796951079725307 off 0.02707367527891714	false	1.0
blitzen	neg 1.0		__DUMMY__ 0.934456921815568 neg 0.03420193732132731 off 0.03134114086310471	false	1.0
hilflos	neg 1.0		__DUMMY__ 0.9363178959431546 neg 0.0361672622522559 off 0.027514841804589456	false	1.0
eklig	off 1.0		__DUMMY__ 0.9309132726107351 off 0.03687105617740249 neg 0.03221567121186241	false	1.0
begriff			__DUMMY__ 0.9353640555307392 neg 0.03670377497790358 off 0.027932169491357264	false	0.0
hungersnot	neg 1.0		__DUMMY__ 0.9298066489149753 neg 0.040930239266218305 off 0.02926311181880636	false	1.0
ungesetzlich	neg 1.0		__DUMMY__ 0.9300257904676248 neg 0.03851775017821275 off 0.0314564593541625	false	1.0
verschwendung	neg 1.0		__DUMMY__ 0.9364361996941828 neg 0.03765069421434219 off 0.025913106091475048	false	1.0
schmerzvoll	neg 1.0		__DUMMY__ 0.9361721957492259 neg 0.03413243767465057 off 0.029695366576123493	false	1.0
vorzeitig	neg 1.0		__DUMMY__ 0.9348391857467632 neg 0.03280530641040809 off 0.03235550784282876	false	1.0
unvollkommenheit	neg 1.0		__DUMMY__ 0.9358735870663851 neg 0.03525394106523222 off 0.028872471868382578	false	1.0
intervenieren	neg 1.0		__DUMMY__ 0.9330074346325808 neg 0.04019998672894354 off 0.026792578638475534	false	1.0
banause	off 1.0		__DUMMY__ 0.9300665306501495 off 0.037838081498224305 neg 0.032095387851626134	false	1.0
rebell	neg 1.0		__DUMMY__ 0.9390586562952177 neg 0.03609397673562405 off 0.024847366969158274	false	1.0
unlogisch	neg 1.0		__DUMMY__ 0.932326104581199 off 0.03405207911623193 neg 0.03362181630256901	false	0.5
leiden	neg 1.0	neg 1.0	neg 0.49793251414015316 __DUMMY__ 0.4796884464154647 off 0.022379039444382062	false	1.0
abschaffung	neg 1.0		__DUMMY__ 0.933197671071964 neg 0.03704999402958637 off 0.029752334898449626	false	1.0
sturz	neg 1.0		__DUMMY__ 0.9324830668872158 neg 0.037418510248224755 off 0.03009842286455933	false	1.0
verkleinerung	neg 1.0		__DUMMY__ 0.9314174962890327 neg 0.03673027371712285 off 0.03185222999384441	false	1.0
schmarotzer	off 1.0		__DUMMY__ 0.9333598600094292 neg 0.039267581920359645 off 0.027372558070211182	false	0.5
bestrafung	neg 1.0		__DUMMY__ 0.9339220441589499 neg 0.03632819225143122 off 0.029749763589618956	false	1.0
achtlos	neg 1.0		__DUMMY__ 0.9371650982909449 neg 0.03456519048045661 off 0.02826971122859849	false	1.0
