unsolidarisch	neg 1.0		neg 0.3696559297802377 __DUMMY__ 0.33691335641335646 off 0.2934307138064058	false	1.0
nachteilig	neg 1.0		neg 0.3655263107635855 __DUMMY__ 0.341874255123287 off 0.2925994341131274	false	1.0
skeptisch	neg 1.0		neg 0.36784750449762665 __DUMMY__ 0.34250317999921903 off 0.28964931550315437	false	1.0
schrecklich	neg 1.0		neg 0.3557167971670977 __DUMMY__ 0.34001243478437193 off 0.3042707680485303	false	1.0
schlapp	neg 1.0		neg 0.3563708497417879 __DUMMY__ 0.3427212284129584 off 0.3009079218452537	false	1.0
abfall	neg 1.0		neg 0.3686808683594122 __DUMMY__ 0.34315641703866445 off 0.2881627146019232	false	1.0
widerspenstig	neg 1.0		neg 0.3609769800905556 __DUMMY__ 0.34323954579265487 off 0.29578347411678957	false	1.0
abrupt	neg 1.0		neg 0.36060293960439493 __DUMMY__ 0.34440639746155055 off 0.29499066293405446	false	1.0
unwirksam	neg 1.0		neg 0.36606736588785926 __DUMMY__ 0.3389140666707377 off 0.29501856744140303	false	1.0
angreifen	neg 1.0		neg 0.36818540669209987 __DUMMY__ 0.3413049482253334 off 0.2905096450825667	false	1.0
inkonsistent	neg 1.0		neg 0.3610501972684773 __DUMMY__ 0.34106281965831653 off 0.29788698307320616	false	1.0
abrutschen	neg 1.0		neg 0.3680642571719026 __DUMMY__ 0.34348953380239966 off 0.2884462090256978	false	1.0
unsicher	neg 1.0		neg 0.3619844813076099 __DUMMY__ 0.34245998461696187 off 0.2955555340754281	false	1.0
bauernkind	off 1.0		neg 0.35551683737719414 __DUMMY__ 0.3374911654549627 off 0.30699199716784303	false	0.5
angreifer	neg 1.0		neg 0.36236208631731226 __DUMMY__ 0.3395780566252686 off 0.29805985705741916	false	1.0
trennen	neg 1.0		neg 0.3639740827718867 __DUMMY__ 0.34449426007439277 off 0.29153165715372054	false	1.0
schmutz	neg 1.0		neg 0.35247051491554393 __DUMMY__ 0.34445339587926727 off 0.30307608920518875	false	1.0
inkonsistenz	neg 1.0	neg 1.0	neg 0.670617697423392 __DUMMY__ 0.16481048175970264 off 0.16457182081690538	false	1.0
erschreckend	neg 1.0		neg 0.36536420725146507 __DUMMY__ 0.3411876391945134 off 0.29344815355402143	false	1.0
ertrinken	neg 1.0		neg 0.36485763464904153 __DUMMY__ 0.3430639656865453 off 0.2920783996644132	false	1.0
pickelface	off 1.0		neg 0.36422011821113237 __DUMMY__ 0.3401356100861538 off 0.29564427170271396	false	0.5
seiner			neg 0.36719221162229676 __DUMMY__ 0.34208607545997377 off 0.29072171291772936	false	0.0
lauch	neg 1.0		neg 0.3673342970619192 __DUMMY__ 0.3429380879201342 off 0.28972761501794664	false	1.0
unwichtig	neg 1.0		neg 0.3592538266595402 __DUMMY__ 0.3408414612495991 off 0.29990471209086067	false	1.0
steuerhinterziehung	neg 1.0		neg 0.36782662132262406 __DUMMY__ 0.3389470084049294 off 0.29322637027244663	false	1.0
schock	neg 1.0		neg 0.36138860122771554 __DUMMY__ 0.3440171726520102 off 0.2945942261202742	false	1.0
beule	neg 1.0		neg 0.3554739913929158 __DUMMY__ 0.34229703243100545 off 0.30222897617607875	false	1.0
vergelten	neg 1.0		neg 0.3563878411066864 __DUMMY__ 0.3383848316375815 off 0.3052273272557321	false	1.0
verdorbenheit	neg 1.0		neg 0.3590779298793508 __DUMMY__ 0.3431524257261761 off 0.2977696443944732	false	1.0
trauma	neg 1.0		neg 0.36163427741354937 __DUMMY__ 0.34122266433563503 off 0.29714305825081555	false	1.0
sinnlos	neg 1.0		neg 0.36117730618329424 __DUMMY__ 0.3413689112605709 off 0.29745378255613486	false	1.0
fettsack	off 1.0	off 1.0	off 0.6393704674976313 neg 0.19623244798375958 __DUMMY__ 0.16439708451860913	false	1.0
feige	off 1.0		neg 0.36229040694570086 __DUMMY__ 0.3392320314560642 off 0.2984775615982351	false	0.5
abdanken	neg 1.0		neg 0.37044421073468986 __DUMMY__ 0.3372392962697134 off 0.2923164929955966	false	1.0
wichtigtuer	off 1.0	off 1.0	off 0.6336508433891926 neg 0.20152594331366758 __DUMMY__ 0.16482321329713975	false	1.0
misslingen	neg 1.0		neg 0.35902277668169075 __DUMMY__ 0.34276073609467433 off 0.29821648722363486	false	1.0
untreu	off 1.0		neg 0.35871772482868064 __DUMMY__ 0.3406510031183655 off 0.30063127205295387	false	0.5
missmutig	neg 1.0		neg 0.35831404668253786 __DUMMY__ 0.34199092776004714 off 0.29969502555741506	false	1.0
hurenbock	off 1.0		neg 0.35791271454461837 __DUMMY__ 0.3437360874853595 off 0.2983511979700221	false	0.5
betrunken	neg 1.0		neg 0.3556285336973633 __DUMMY__ 0.3415242043531779 off 0.3028472619494588	false	1.0
korrupt	off 1.0		neg 0.3705408400328627 __DUMMY__ 0.338309716565708 off 0.2911494434014293	false	0.5
unmut	neg 1.0		neg 0.36957523148112637 __DUMMY__ 0.34203132805428366 off 0.28839344046459003	false	1.0
hackfresse	off 1.0		neg 0.3532118781932882 __DUMMY__ 0.33909056134855403 off 0.30769756045815766	false	0.5
aufblasen	neg 1.0		neg 0.35951469467054337 __DUMMY__ 0.34301992658077546 off 0.29746537874868123	false	1.0
gewaltsam	neg 1.0		neg 0.3652045214633934 __DUMMY__ 0.3393005037065897 off 0.2954949748300169	false	1.0
unbeliebtheit	neg 1.0		neg 0.3639815781847882 __DUMMY__ 0.3359827176013566 off 0.30003570421385506	false	1.0
sturheit	neg 1.0		neg 0.3673175474985837 __DUMMY__ 0.33981636227065065 off 0.2928660902307656	false	1.0
kuh	neg 1.0		neg 0.36175895387872015 __DUMMY__ 0.34102250932603423 off 0.2972185367952455	false	1.0
erschrecken	neg 1.0		neg 0.3590743718991809 __DUMMY__ 0.3417216442926197 off 0.29920398380819946	false	1.0
opfer	neg 1.0	neg 1.0	neg 0.6733478131264907 __DUMMY__ 0.1658118112495628 off 0.16084037562394649	false	1.0
sinken	neg 1.0		neg 0.3680399636890839 __DUMMY__ 0.34243537466723023 off 0.28952466164368584	false	1.0
stinktier	neg 1.0		neg 0.3563915075894924 __DUMMY__ 0.33912783701754873 off 0.304480655392959	false	1.0
tucke	off 1.0		neg 0.3510804641387224 __DUMMY__ 0.3399709497944506 off 0.30894858606682707	false	0.5
ein			neg 0.3584618860668472 __DUMMY__ 0.3442231975683752 off 0.29731491636477747	false	0.0
abstieg	neg 1.0		neg 0.36726303676851557 __DUMMY__ 0.3401383012666694 off 0.29259866196481504	false	1.0
missverstehen	neg 1.0		neg 0.36377439075884854 __DUMMY__ 0.33979607987616883 off 0.29642952936498257	false	1.0
ergebnislos	neg 1.0		neg 0.36666533005571594 __DUMMY__ 0.3408593987980631 off 0.292475271146221	false	1.0
unter			neg 0.36703107316957634 __DUMMY__ 0.34675978552039605 off 0.28620914131002767	false	0.0
manipulieren	neg 1.0		neg 0.3676781221771602 __DUMMY__ 0.3417218852552917 off 0.2905999925675481	false	1.0
unbewiesen	neg 1.0		neg 0.36930407207246196 __DUMMY__ 0.3372248840041874 off 0.29347104392335066	false	1.0
verschleppen	neg 1.0		neg 0.3676562395035998 __DUMMY__ 0.3403875306676259 off 0.2919562298287743	false	1.0
weib	off 1.0		neg 0.3525477206950762 __DUMMY__ 0.33852394918729034 off 0.30892833011763343	false	0.5
opposition	neg 1.0		neg 0.3655308948813934 __DUMMY__ 0.3385347913998387 off 0.2959343137187678	false	1.0
verkehrswidrig	neg 1.0		neg 0.3521067153163435 __DUMMY__ 0.34106451039402785 off 0.30682877428962874	false	1.0
inkorrekt	neg 1.0		neg 0.36324544245035695 __DUMMY__ 0.3374186534537098 off 0.2993359040959333	false	1.0
vermeiden	neg 1.0		neg 0.3663202405229237 __DUMMY__ 0.3453945236013572 off 0.28828523587571914	false	1.0
abweichung	neg 1.0		neg 0.36853900755434066 __DUMMY__ 0.33955884242520346 off 0.2919021500204559	false	1.0
alkoholisiert	neg 1.0		neg 0.36227539249088025 __DUMMY__ 0.34358307834571816 off 0.29414152916340147	false	1.0
scheiss	off 1.0	off 1.0	off 0.6372067550331083 neg 0.19698964686653536 __DUMMY__ 0.1658035981003563	false	1.0
herausforderung	neg 1.0		neg 0.3598816250498976 __DUMMY__ 0.34537835684954826 off 0.2947400181005542	false	1.0
pervers	off 1.0		neg 0.35023231932843296 __DUMMY__ 0.3380134917893549 off 0.311754188882212	false	0.5
wackelig	neg 1.0		neg 0.36024204038967106 __DUMMY__ 0.34520465858165345 off 0.29455330102867533	false	1.0
verwickeln	neg 1.0		neg 0.3628975865392472 __DUMMY__ 0.34055741203743917 off 0.29654500142331364	false	1.0
vorwand	neg 1.0		neg 0.36987009155901573 __DUMMY__ 0.34126883527686214 off 0.288861073164122	false	1.0
muschi	off 1.0		neg 0.36520919657181106 __DUMMY__ 0.33987550114952847 off 0.2949153022786605	false	0.5
entmutigung	neg 1.0		neg 0.3694801253562469 __DUMMY__ 0.3354742578947051 off 0.29504561674904783	false	1.0
unangemessen	neg 1.0		neg 0.36869793582355953 __DUMMY__ 0.3397429002906169 off 0.2915591638858237	false	1.0
unstetig	neg 1.0		neg 0.360145326460761 __DUMMY__ 0.34055254502434923 off 0.2993021285148898	false	1.0
entmutigen	neg 1.0		neg 0.3614167967390962 __DUMMY__ 0.3419783757480892 off 0.2966048275128147	false	1.0
schwanz	neg 1.0		neg 0.36502078451539643 __DUMMY__ 0.3415863903159175 off 0.293392825168686	false	1.0
verbot	neg 1.0		neg 0.36871649457182737 __DUMMY__ 0.3390209311368727 off 0.29226257429129987	false	1.0
leid	neg 1.0		neg 0.3543319465013383 __DUMMY__ 0.339707835207866 off 0.3059602182907957	false	1.0
archaisch	neg 1.0		neg 0.36753443991746526 __DUMMY__ 0.3401161842849904 off 0.2923493757975444	false	1.0
gegen			neg 0.3703716570731599 __DUMMY__ 0.3406275293444866 off 0.2890008135823534	false	0.0
scheidung	neg 1.0	neg 1.0	neg 0.6578412634507519 off 0.17759976067169642 __DUMMY__ 0.16455897587755167	false	1.0
einschlag	neg 1.0		neg 0.356379736527142 __DUMMY__ 0.3388495917771266 off 0.30477067169573147	false	1.0
m			neg 0.3623822914705892 __DUMMY__ 0.34294549757561577 off 0.2946722109537951	false	0.0
abgestanden	neg 1.0		neg 0.3595881409761291 __DUMMY__ 0.3436693112247959 off 0.29674254779907505	false	1.0
schmierig	off 1.0		neg 0.3544630776250201 __DUMMY__ 0.340451099466629 off 0.3050858229083509	false	0.5
unpraktisch	neg 1.0		neg 0.3588135813804724 __DUMMY__ 0.343470959514191 off 0.29771545910533653	false	1.0
wixxer	off 1.0		neg 0.35142099519227266 __DUMMY__ 0.3371194353811061 off 0.31145956942662134	false	0.5
bezeichnet			neg 0.36650179123484405 __DUMMY__ 0.34000500371254777 off 0.2934932050526083	false	0.0
jammerlappen	off 1.0		neg 0.359614963693881 __DUMMY__ 0.3406874407687547 off 0.29969759553736436	false	0.5
farce	neg 1.0		neg 0.3713112410056422 __DUMMY__ 0.33707594171065536 off 0.2916128172837024	false	1.0
zwecklos	neg 1.0		neg 0.3678994631896094 __DUMMY__ 0.34050218304711966 off 0.29159835376327076	false	1.0
turbulent	neg 1.0		neg 0.35702386184259305 __DUMMY__ 0.3393475394104458 off 0.30362859874696124	false	1.0
invasion	neg 1.0		neg 0.3584433412545828 __DUMMY__ 0.3421963574573319 off 0.2993603012880851	false	1.0
schuld	neg 1.0		neg 0.3633263654206987 __DUMMY__ 0.3409569526046686 off 0.29571668197463263	false	1.0
risiko	neg 1.0		neg 0.35615169371744027 __DUMMY__ 0.34345423351304455 off 0.30039407276951524	false	1.0
finster	neg 1.0		neg 0.35914182279222934 __DUMMY__ 0.3438263492816019 off 0.2970318279261687	false	1.0
geisteskrank	off 1.0		neg 0.3614238008130825 __DUMMY__ 0.33829972696349325 off 0.3002764722234242	false	0.5
zusammenbrechen	neg 1.0		neg 0.36287842629095374 __DUMMY__ 0.34287540383028936 off 0.2942461698787569	false	1.0
ausbeute	neg 1.0		neg 0.362584881684751 __DUMMY__ 0.34384762973290134 off 0.2935674885823476	false	1.0
hinterhalt	neg 1.0		neg 0.3631125355417874 __DUMMY__ 0.3407504990881193 off 0.2961369653700932	false	1.0
kritik	neg 1.0		neg 0.3699937353812989 __DUMMY__ 0.3379218906048699 off 0.2920843740138311	false	1.0
einschrumpfen	neg 1.0		neg 0.36360559365708733 __DUMMY__ 0.33826092986101425 off 0.2981334764818984	false	1.0
riskant	neg 1.0		neg 0.36645193274000953 __DUMMY__ 0.34225866599545124 off 0.29128940126453917	false	1.0
frustrieren	neg 1.0		neg 0.36735456016272944 __DUMMY__ 0.34172975776190395 off 0.2909156820753666	false	1.0
groll	neg 1.0		neg 0.3675158609115844 __DUMMY__ 0.34060642071702857 off 0.2918777183713872	false	1.0
gibt			neg 0.36476840111807696 __DUMMY__ 0.34197499390690783 off 0.2932566049750151	false	0.0
qualvoll	neg 1.0		neg 0.3599454106153751 __DUMMY__ 0.34200417475220746 off 0.29805041463241744	false	1.0
wackeln	neg 1.0		neg 0.3589005445242392 __DUMMY__ 0.3438438936953801 off 0.2972555617803808	false	1.0
klagen	neg 1.0		neg 0.370216874090712 __DUMMY__ 0.3410723487704928 off 0.28871077713879534	false	1.0
bankrott	neg 1.0		neg 0.357326591615133 __DUMMY__ 0.3417705939241087 off 0.3009028144607583	false	1.0
trauern	neg 1.0		neg 0.36740399224035064 __DUMMY__ 0.34155546599986625 off 0.29104054175978317	false	1.0
ablehnung	neg 1.0	neg 1.0	neg 0.6742841752975065 __DUMMY__ 0.16423150065496178 off 0.16148432404753174	false	1.0
stur	neg 1.0		neg 0.36255013571141126 __DUMMY__ 0.3411661271799803 off 0.29628373710860845	false	1.0
aufruhr	neg 1.0		neg 0.3669083268077388 __DUMMY__ 0.33863836382652457 off 0.29445330936573655	false	1.0
melancholie	neg 1.0		neg 0.36199920791224693 __DUMMY__ 0.34403843300336684 off 0.29396235908438617	false	1.0
ist			neg 0.36237821602280595 __DUMMY__ 0.3411243553360843 off 0.2964974286411098	false	0.0
torheit	neg 1.0		neg 0.36857242193583295 __DUMMY__ 0.33723765226058205 off 0.294189925803585	false	1.0
dreckskind	off 1.0		neg 0.3576207094134623 __DUMMY__ 0.33693762275566636 off 0.3054416678308713	false	0.5
umtauschen	neg 1.0		neg 0.3606889326254399 __DUMMY__ 0.3434221827022117 off 0.29588888467234853	false	1.0
zum			neg 0.3636656908784959 __DUMMY__ 0.3467654420801491 off 0.2895688670413551	false	0.0
zersetzen	neg 1.0		neg 0.368803643950456 __DUMMY__ 0.3414192967254462 off 0.2897770593240977	false	1.0
zur			neg 0.36995275003637124 __DUMMY__ 0.3429490622940918 off 0.28709818766953693	false	0.0
frust	neg 1.0		neg 0.36425745687934824 __DUMMY__ 0.3422246500659722 off 0.29351789305467957	false	1.0
unerbittlichkeit	neg 1.0		neg 0.36856870063205377 __DUMMY__ 0.3409500461979732 off 0.2904812531699729	false	1.0
zwei			neg 0.364016042027074 __DUMMY__ 0.3453629228371304 off 0.2906210351357955	false	0.0
unkorrekt	neg 1.0		neg 0.36196112252035867 __DUMMY__ 0.3377143448522897 off 0.30032453262735154	false	1.0
hexe	off 1.0		neg 0.3578957255677497 __DUMMY__ 0.3411545110485741 off 0.30094976338367624	false	0.5
lasch	neg 1.0		neg 0.36308646215292734 __DUMMY__ 0.33939491023584745 off 0.2975186276112253	false	1.0
rivale	neg 1.0		neg 0.35610729902434635 __DUMMY__ 0.33935878531189184 off 0.30453391566376187	false	1.0
mutlos	off 1.0	off 1.0	off 0.6307643665141771 neg 0.20414859745034714 __DUMMY__ 0.16508703603547573	false	1.0
wirr	off 1.0		neg 0.3593001234879578 __DUMMY__ 0.33820138424043505 off 0.302498492271607	false	0.5
jahr			neg 0.3621302349640242 __DUMMY__ 0.34488187771777645 off 0.2929878873181993	false	0.0
wird			neg 0.3659824343492465 __DUMMY__ 0.3421334437917833 off 0.29188412185897017	false	0.0
strafbar	neg 1.0		neg 0.37026630457182724 __DUMMY__ 0.3396629306614592 off 0.2900707647667136	false	1.0
erosion	neg 1.0		neg 0.35972076892515054 __DUMMY__ 0.3425755282770003 off 0.29770370279784913	false	1.0
eingehen	neg 1.0		neg 0.3675615443852968 __DUMMY__ 0.34095170344298137 off 0.29148675217172176	false	1.0
faul	off 1.0		neg 0.3560045406916562 __DUMMY__ 0.34306375981397425 off 0.3009316994943697	false	0.5
provisorium	neg 1.0		neg 0.3693212773225027 __DUMMY__ 0.3456920558233971 off 0.2849866668541001	false	1.0
schmerzen	neg 1.0		neg 0.362352086552092 __DUMMY__ 0.3429481576779912 off 0.29469975576991686	false	1.0
schrumpfen	neg 1.0		neg 0.36943629827369806 __DUMMY__ 0.34351926883335837 off 0.2870444328929435	false	1.0
geistlos	off 1.0		neg 0.367048747944821 __DUMMY__ 0.33706937852031993 off 0.29588187353485906	false	0.5
fehlkauf	neg 1.0		neg 0.36235612361233405 __DUMMY__ 0.33993111214394645 off 0.29771276424371956	false	1.0
frustrierend	neg 1.0		neg 0.35903771597347517 __DUMMY__ 0.3417630140466054 off 0.29919926997991936	false	1.0
unzufrieden	neg 1.0		neg 0.36616376877638357 __DUMMY__ 0.3415305674574216 off 0.2923056637661948	false	1.0
verzweifeln	neg 1.0		neg 0.36292980745328374 __DUMMY__ 0.34230920153360556 off 0.29476099101311076	false	1.0
verzweifelt	neg 1.0		neg 0.36249605674099417 __DUMMY__ 0.34127584630293295 off 0.29622809695607294	false	1.0
misstrauensantrag	neg 1.0		neg 0.3624138334263758 __DUMMY__ 0.33984423418133364 off 0.29774193239229063	false	1.0
abfallen	neg 1.0		neg 0.35789655349595845 __DUMMY__ 0.344360224892129 off 0.2977432216119125	false	1.0
fucker	off 1.0		neg 0.35800414872107317 __DUMMY__ 0.3391386279879306 off 0.30285722329099624	false	0.5
ungezogen	neg 1.0		neg 0.3512735005392666 __DUMMY__ 0.3391689112623402 off 0.30955758819839324	false	1.0
irrsinnig	neg 1.0	neg 1.0	neg 0.6713636157534394 __DUMMY__ 0.16540247398653904 off 0.16323391026002157	false	1.0
unfassbar	neg 1.0		neg 0.35902404374347396 __DUMMY__ 0.34067904127000187 off 0.3002969149865242	false	1.0
hart	neg 1.0		neg 0.35951887801671933 __DUMMY__ 0.34004301853372526 off 0.3004381034495555	false	1.0
widerlich	off 1.0		neg 0.35990997141481745 __DUMMY__ 0.3394983961603768 off 0.30059163242480585	false	0.5
fatal	neg 1.0		neg 0.36155408407398854 __DUMMY__ 0.34049031387464096 off 0.2979556020513705	false	1.0
bruch	neg 1.0		neg 0.3720949562207072 __DUMMY__ 0.3402476903823327 off 0.28765735339696	false	1.0
aushungern	neg 1.0		neg 0.36765202102531086 __DUMMY__ 0.33844585075601014 off 0.2939021282186789	false	1.0
anspannung	neg 1.0		neg 0.3663884741441512 __DUMMY__ 0.3444553549031806 off 0.2891561709526682	false	1.0
von			neg 0.36405032675084253 __DUMMY__ 0.34439829459992843 off 0.2915513786492289	false	0.0
kraftlos	neg 1.0		neg 0.3617448175891963 __DUMMY__ 0.34451243595472175 off 0.293742746456082	false	1.0
vom			neg 0.3672182391205947 __DUMMY__ 0.3461952157361856 off 0.28658654514321963	false	0.0
grenzdebil	off 1.0		neg 0.3569879551119199 __DUMMY__ 0.3411499632583348 off 0.30186208162974526	false	0.5
vor			neg 0.366526152139746 __DUMMY__ 0.3436463038770174 off 0.2898275439832365	false	0.0
unterwerfen	neg 1.0		neg 0.3684704860817439 __DUMMY__ 0.340634610529831 off 0.2908949033884253	false	1.0
versenkung	neg 1.0		neg 0.367178285799692 __DUMMY__ 0.3417822670857417 off 0.2910394471145664	false	1.0
entziehen	neg 1.0		neg 0.36995252740233986 __DUMMY__ 0.34159995566765816 off 0.2884475169300021	false	1.0
finanzkrise	neg 1.0		neg 0.36768181832113184 __DUMMY__ 0.338618918802985 off 0.2936992628758832	false	1.0
schimpfend	neg 1.0		neg 0.3563323164378961 __DUMMY__ 0.34477411607246233 off 0.29889356748964147	false	1.0
profan	neg 1.0		neg 0.36115505122625685 __DUMMY__ 0.34140324765330876 off 0.29744170112043433	false	1.0
korruption	neg 1.0		neg 0.36965763672156327 __DUMMY__ 0.33874827624650716 off 0.2915940870319296	false	1.0
â			neg 0.36386475725686634 __DUMMY__ 0.34266538706771665 off 0.2934698556754171	false	0.0
schmutzig	neg 1.0		neg 0.3556407288862974 __DUMMY__ 0.34238600673854364 off 0.30197326437515903	false	1.0
sexy	neg 1.0		neg 0.3590026491977236 __DUMMY__ 0.34112825403219865 off 0.2998690967700777	false	1.0
abraten	neg 1.0		neg 0.36061458658397105 __DUMMY__ 0.34235197117328736 off 0.29703344224274164	false	1.0
schwarz	neg 1.0		neg 0.361866116045581 __DUMMY__ 0.34090047627502584 off 0.29723340767939316	false	1.0
fotze	off 1.0		neg 0.36658310994418847 __DUMMY__ 0.3403208132866764 off 0.29309607676913496	false	0.5
verwirren	neg 1.0		neg 0.3604815673954982 __DUMMY__ 0.34124674003434274 off 0.298271692570159	false	1.0
zahnlos	off 1.0		neg 0.3677786708658779 __DUMMY__ 0.34032820583361895 off 0.2918931233005033	false	0.5
verheeren	neg 1.0		neg 0.3517134186732546 __DUMMY__ 0.3372816594627454 off 0.3110049218640001	false	1.0
hippie	neg 1.0		neg 0.359743978594808 __DUMMY__ 0.3408247919374277 off 0.2994312294677643	false	1.0
rammen	neg 1.0		neg 0.3586560725628911 __DUMMY__ 0.342218958522547 off 0.299124968914562	false	1.0
unlauter	neg 1.0	neg 1.0	neg 0.6702937775989863 __DUMMY__ 0.16522128410962458 off 0.16448493829138902	false	1.0
unheilvoll	neg 1.0		neg 0.3601264416861237 __DUMMY__ 0.3421192514584127 off 0.29775430685546356	false	1.0
niedrig	neg 1.0		neg 0.3648767575263435 __DUMMY__ 0.3421859762965572 off 0.2929372661770994	false	1.0
explosion	neg 1.0		neg 0.35880541724301307 __DUMMY__ 0.3417702991592382 off 0.2994242835977488	false	1.0
weichei	off 1.0		neg 0.3541974627859254 __DUMMY__ 0.33929331568225335 off 0.3065092215318212	false	0.5
minusmensch	off 1.0		neg 0.3554862996020916 __DUMMY__ 0.33519651003076856 off 0.30931719036713984	false	0.5
farblos	neg 1.0		neg 0.36235568201301754 __DUMMY__ 0.3411941934043399 off 0.29645012458264275	false	1.0
unwissend	neg 1.0	neg 1.0	neg 0.6692616548714276 off 0.16571591508097072 __DUMMY__ 0.16502243004760173	false	1.0
traurig	neg 1.0		neg 0.35545925524421207 __DUMMY__ 0.34090384179204325 off 0.3036369029637447	false	1.0
senkung	neg 1.0		neg 0.3600881971774691 __DUMMY__ 0.34097090795954454 off 0.29894089486298636	false	1.0
ungleich	neg 1.0	neg 1.0	neg 0.6738208238504765 __DUMMY__ 0.16551679288229823 off 0.16066238326722534	false	1.0
heikel	neg 1.0		neg 0.36830588343520054 __DUMMY__ 0.34177169180049866 off 0.28992242476430086	false	1.0
drosselung	neg 1.0		neg 0.3544591783861869 __DUMMY__ 0.34121375481108057 off 0.3043270668027324	false	1.0
falsch	neg 1.0		neg 0.3596540935774644 __DUMMY__ 0.3410332472161891 off 0.29931265920634653	false	1.0
unzufriedenheit	neg 1.0		neg 0.36891614262854633 __DUMMY__ 0.3414909823587652 off 0.28959287501268866	false	1.0
kurz	neg 1.0		neg 0.3612178069322071 __DUMMY__ 0.3440466130418991 off 0.2947355800258939	false	1.0
unsinnig	neg 1.0		neg 0.3662702374422163 __DUMMY__ 0.34112472487676565 off 0.2926050376810181	false	1.0
penner	off 1.0	off 1.0	off 0.6405109043096425 neg 0.19480661176051745 __DUMMY__ 0.16468248392983997	false	1.0
seicht	neg 1.0		neg 0.3547617953380867 __DUMMY__ 0.33719645516174707 off 0.3080417495001663	false	1.0
dummheit	off 1.0	off 1.0	off 0.63415015949874 neg 0.20097566132076208 __DUMMY__ 0.164874179180498	false	1.0
unerfreulich	neg 1.0		neg 0.3672253364141036 __DUMMY__ 0.3428344247936747 off 0.28994023879222186	false	1.0
motherfucker	off 1.0	off 1.0	off 0.6375338460047648 neg 0.19775989865117125 __DUMMY__ 0.164706255344064	false	1.0
pikiert	neg 1.0		neg 0.3612190450030856 __DUMMY__ 0.33959657686592065 off 0.29918437813099374	false	1.0
wrack	neg 1.0		neg 0.3642353270418001 __DUMMY__ 0.3423128109406334 off 0.2934518620175665	false	1.0
gangster	neg 1.0		neg 0.36041197468690284 __DUMMY__ 0.34097174246512435 off 0.2986162828479728	false	1.0
krank	neg 1.0		neg 0.3550755266845799 __DUMMY__ 0.3424002766632228 off 0.30252419665219726	false	1.0
reich	neg 1.0		neg 0.36501097029853163 __DUMMY__ 0.3362409882123838 off 0.2987480414890845	false	1.0
gnadenlos	neg 1.0		neg 0.36271434066270986 __DUMMY__ 0.34124564102095795 off 0.2960400183163321	false	1.0
niedergeschlagen	neg 1.0		neg 0.3633379104879115 __DUMMY__ 0.3425560520538192 off 0.29410603745826924	false	1.0
terrorisieren	off 1.0	off 1.0	off 0.6309320381136029 neg 0.2031804671290729 __DUMMY__ 0.16588749475732417	false	1.0
sinnlosigkeit	neg 1.0		neg 0.3672235098401179 __DUMMY__ 0.3406406388221788 off 0.29213585133770315	false	1.0
behindern	neg 1.0		neg 0.36158347263352164 __DUMMY__ 0.34263639440062715 off 0.2957801329658511	false	1.0
undemokratisch	neg 1.0		neg 0.36682478894295556 __DUMMY__ 0.33806369873151637 off 0.2951115123255281	false	1.0
wirtschaftskrise	neg 1.0		neg 0.3681759155528899 __DUMMY__ 0.3397098491847016 off 0.29211423526240854	false	1.0
neid	neg 1.0		neg 0.3580569128829613 __DUMMY__ 0.34237840334163866 off 0.2995646837754001	false	1.0
rutschen	neg 1.0		neg 0.3629916445655791 __DUMMY__ 0.34706917025296324 off 0.2899391851814578	false	1.0
rezession	neg 1.0		neg 0.35802781323243055 __DUMMY__ 0.33768467679928077 off 0.3042875099682887	false	1.0
fehlgeburt	neg 1.0		neg 0.3642989352591946 __DUMMY__ 0.3404259846418195 off 0.29527508009898595	false	1.0
charakterschwach	off 1.0		neg 0.3598135488005739 __DUMMY__ 0.3396655161202576 off 0.3005209350791685	false	0.5
isolation	neg 1.0		neg 0.35812160735682885 __DUMMY__ 0.340988017712262 off 0.30089037493090914	false	1.0
ablenkung	neg 1.0		neg 0.3615058876707129 __DUMMY__ 0.34251552066529733 off 0.2959785916639899	false	1.0
pech	neg 1.0		neg 0.35883710030189037 __DUMMY__ 0.34208080930740337 off 0.2990820903907064	false	1.0
vermeidung	neg 1.0		neg 0.35481307150558117 __DUMMY__ 0.3418496568599108 off 0.30333727163450797	false	1.0
dominieren	neg 1.0		neg 0.36422640830227343 __DUMMY__ 0.3416736561676528 off 0.2940999355300737	false	1.0
schwindlig	neg 1.0		neg 0.3571942409100862 __DUMMY__ 0.3433903552275209 off 0.29941540386239285	false	1.0
lutscher	neg 1.0		neg 0.3529144882839137 __DUMMY__ 0.33771507138377604 off 0.3093704403323102	false	1.0
pflicht	neg 1.0		neg 0.3690679453236364 __DUMMY__ 0.34142484658119804 off 0.2895072080951655	false	1.0
faschist	off 1.0		neg 0.36720540631962917 __DUMMY__ 0.3372056088905373 off 0.29558898478983353	false	0.5
verschleudern	neg 1.0		neg 0.3682213589212427 __DUMMY__ 0.3401101199271036 off 0.2916685211516537	false	1.0
wenn			neg 0.3597333122561607 __DUMMY__ 0.3410256171115988 off 0.29924107063224054	false	0.0
ehebruch	neg 1.0		neg 0.3693311042368888 __DUMMY__ 0.3398230666322923 off 0.2908458291308189	false	1.0
spott	off 1.0		neg 0.36922664081413387 __DUMMY__ 0.3403036474857967 off 0.29046971170006936	false	0.5
trostlosigkeit	neg 1.0		neg 0.37242014613524693 __DUMMY__ 0.3391521861610366 off 0.2884276677037165	false	1.0
lutschen	neg 1.0		neg 0.3607663085646161 __DUMMY__ 0.33958949096061214 off 0.29964420047477164	false	1.0
undiszipliniert	neg 1.0		neg 0.35641073516891314 __DUMMY__ 0.34069997887470344 off 0.3028892859563833	false	1.0
kopfschmerz	neg 1.0		neg 0.3620716905924163 __DUMMY__ 0.34261023261250895 off 0.2953180767950748	false	1.0
unvorhergesehen	neg 1.0		neg 0.3593552420014329 __DUMMY__ 0.34527517548738884 off 0.2953695825111783	false	1.0
desinteressiert	neg 1.0		neg 0.3581450619694572 __DUMMY__ 0.3398269458569378 off 0.30202799217360504	false	1.0
armselig	off 1.0		neg 0.358141208668578 __DUMMY__ 0.33912053600775777 off 0.3027382553236643	false	0.5
desaster	neg 1.0		neg 0.372494410430431 __DUMMY__ 0.3402371843674617 off 0.2872684052021073	false	1.0
tod	neg 1.0		neg 0.37106591434376096 __DUMMY__ 0.3388888399417417 off 0.29004524571449736	false	1.0
herzlos	neg 1.0		neg 0.3553488929863196 __DUMMY__ 0.34047602756951517 off 0.30417507944416516	false	1.0
unwissenheit	neg 1.0		neg 0.3680268161548204 __DUMMY__ 0.3401378030858707 off 0.2918353807593088	false	1.0
widersinnig	neg 1.0		neg 0.3697183156364273 __DUMMY__ 0.33816209429117605 off 0.2921195900723968	false	1.0
bedenklich	neg 1.0		neg 0.36774607548436544 __DUMMY__ 0.3414054243431826 off 0.2908485001724519	false	1.0
beanstanden	neg 1.0		neg 0.36887250381275816 __DUMMY__ 0.34178096776485567 off 0.2893465284223861	false	1.0
panisch	neg 1.0	neg 1.0	neg 0.66719669889225 __DUMMY__ 0.16754609152122418 off 0.16525720958652587	false	1.0
debil	off 1.0		neg 0.3703747396962511 __DUMMY__ 0.3427349772710477 off 0.2868902830327011	false	0.5
abstrich	neg 1.0		neg 0.3571747458492558 __DUMMY__ 0.34494845721933376 off 0.2978767969314104	false	1.0
primitiv	neg 1.0		neg 0.35934957928679334 __DUMMY__ 0.33943487134699696 off 0.30121554936620976	false	1.0
abschaum	off 1.0	off 1.0	off 0.6354027478685557 neg 0.20017099044764808 __DUMMY__ 0.16442626168379637	false	1.0
provozieren	neg 1.0		neg 0.36528390981592496 __DUMMY__ 0.34004762550548046 off 0.2946684646785946	false	1.0
tot	neg 1.0		neg 0.3660476588577952 __DUMMY__ 0.3403518414041681 off 0.29360049973803676	false	1.0
instabil	neg 1.0		neg 0.35739060687041363 __DUMMY__ 0.33863587610943047 off 0.30397351702015596	false	1.0
schwuchtel	off 1.0		neg 0.35096398950435653 __DUMMY__ 0.3351989749994699 off 0.31383703549617364	false	0.5
zerren	neg 1.0		neg 0.36384956528808765 __DUMMY__ 0.34235262966492985 off 0.29379780504698244	false	1.0
kinderficker	off 1.0		neg 0.3582103759489633 __DUMMY__ 0.337505693596621 off 0.3042839304544156	false	0.5
gefahr	neg 1.0		neg 0.36838018412907303 __DUMMY__ 0.34056075678918407 off 0.2910590590817429	false	1.0
rabiat	neg 1.0		neg 0.3637302423281071 __DUMMY__ 0.3412519611373676 off 0.2950177965345255	false	1.0
verlangsamung	neg 1.0		neg 0.353719023434007 __DUMMY__ 0.3379748098375239 off 0.3083061667284691	false	1.0
ausgestorben	neg 1.0		neg 0.3642973413026348 __DUMMY__ 0.34200054685433917 off 0.2937021118430261	false	1.0
anklagen	neg 1.0		neg 0.3662281221412256 __DUMMY__ 0.33986161977666657 off 0.29391025808210786	false	1.0
trott	neg 1.0		neg 0.36207134547199715 __DUMMY__ 0.3422101673131537 off 0.29571848721484917	false	1.0
verminderung	neg 1.0		neg 0.3564015666681151 __DUMMY__ 0.3402905740360208 off 0.30330785929586407	false	1.0
nach			neg 0.36519793335812756 __DUMMY__ 0.3458022936093576 off 0.28899977303251484	false	0.0
rost	neg 1.0		neg 0.3537360973292014 __DUMMY__ 0.33790405073584123 off 0.30835985193495735	false	1.0
destruktiv	neg 1.0		neg 0.367399540455147 __DUMMY__ 0.339545222692181 off 0.29305523685267204	false	1.0
unzumutbarkeit	neg 1.0		neg 0.3551739988555245 __DUMMY__ 0.34155070448287955 off 0.3032752966615961	false	1.0
labil	off 1.0	off 1.0	off 0.6363360662798587 neg 0.19884297718128877 __DUMMY__ 0.1648209565388525	false	1.0
ziemlich	neg 1.0		neg 0.35769829684348914 __DUMMY__ 0.3410640581363018 off 0.30123764502020894	false	1.0
lachnummer	off 1.0		neg 0.36706744977949934 __DUMMY__ 0.3397392042732321 off 0.2931933459472686	false	0.5
oder			neg 0.36091828886664407 __DUMMY__ 0.34309852633092747 off 0.2959831848024284	false	0.0
verfall	neg 1.0		neg 0.3714160197566078 __DUMMY__ 0.34229226687239717 off 0.286291713370995	false	1.0
ausgrenzung	neg 1.0		neg 0.3659916406522765 __DUMMY__ 0.3380934862437243 off 0.2959148731039991	false	1.0
unordnung	neg 1.0		neg 0.3577262971352719 __DUMMY__ 0.33806689212787394 off 0.3042068107368541	false	1.0
fehlverhalten	neg 1.0		neg 0.369542153569652 __DUMMY__ 0.34031053171006187 off 0.2901473147202862	false	1.0
eine			neg 0.366844278898728 __DUMMY__ 0.34322451826798966 off 0.2899312028332822	false	0.0
nille	neg 1.0		neg 0.3660746637253735 __DUMMY__ 0.339494045837353 off 0.29443129043727356	false	1.0
qual	neg 1.0		neg 0.36249907982923 __DUMMY__ 0.34199625152496077 off 0.29550466864580927	false	1.0
verschwenden	neg 1.0		neg 0.3664226877080738 __DUMMY__ 0.3421309265120355 off 0.2914463857798906	false	1.0
riesig	neg 1.0		neg 0.36228617618972747 __DUMMY__ 0.34260341696110186 off 0.2951104068491706	false	1.0
verurteilen	neg 1.0		neg 0.3686803151890525 __DUMMY__ 0.339595411708262 off 0.2917242731026854	false	1.0
klischee	neg 1.0	neg 1.0	neg 0.6706270049473128 __DUMMY__ 0.16478347631042847 off 0.1645895187422588	false	1.0
diktatorisch	neg 1.0		neg 0.36849951247703133 __DUMMY__ 0.3370818864506916 off 0.29441860107227696	false	1.0
vorhersehbar	neg 1.0		neg 0.3635960980073456 __DUMMY__ 0.33978516260085406 off 0.29661873939180033	false	1.0
sowie			neg 0.35634387228631964 __DUMMY__ 0.3375004059415984 off 0.3061557217720819	false	0.0
stornieren	neg 1.0		neg 0.35811882541317863 __DUMMY__ 0.34275307688305034 off 0.2991280977037712	false	1.0
besteuerung	neg 1.0		neg 0.36238885195916837 __DUMMY__ 0.3408483946432105 off 0.2967627533976213	false	1.0
ungeschminkt	neg 1.0		neg 0.35714314723721824 __DUMMY__ 0.3408546118506694 off 0.3020022409121123	false	1.0
kritisch	neg 1.0		neg 0.3687852882181819 __DUMMY__ 0.34052869089120535 off 0.29068602089061274	false	1.0
schlamperei	off 1.0		neg 0.36833044930826936 __DUMMY__ 0.3403242730975228 off 0.2913452775942079	false	0.5
sucht	neg 1.0	neg 1.0	neg 0.6667143904232835 __DUMMY__ 0.16743025732353942 off 0.16585535225317707	false	1.0
egoistisch	off 1.0		neg 0.3546626933965954 __DUMMY__ 0.33916374317251685 off 0.30617356343088786	false	0.5
ausbeuter	off 1.0		neg 0.37041539821078734 __DUMMY__ 0.33998725027483745 off 0.28959735151437516	false	0.5
arschgeburt	off 1.0		neg 0.35105367017945244 __DUMMY__ 0.33523739813781767 off 0.3137089316827298	false	0.5
schubs	neg 1.0	neg 1.0	neg 0.6700065477909948 __DUMMY__ 0.16746306060567756 off 0.16253039160332763	false	1.0
unsolide	neg 1.0		neg 0.36613042676037366 __DUMMY__ 0.33610045140216266 off 0.2977691218374638	false	1.0
beschwerde	neg 1.0		neg 0.3669490922914922 __DUMMY__ 0.3406083229678412 off 0.2924425847406666	false	1.0
stocken	neg 1.0		neg 0.36527605199073804 __DUMMY__ 0.34203990980857385 off 0.29268403820068806	false	1.0
isolieren	neg 1.0		neg 0.36095326302540914 __DUMMY__ 0.3433276807987584 off 0.2957190561758325	false	1.0
unheilbar	neg 1.0		neg 0.3638887801891528 __DUMMY__ 0.34069282735429013 off 0.2954183924565571	false	1.0
pisser	off 1.0		neg 0.3576661610917994 __DUMMY__ 0.33855623657643336 off 0.30377760233176726	false	0.5
löschen	neg 1.0		neg 0.3626453139983996 __DUMMY__ 0.3409526931387686 off 0.2964019928628317	false	1.0
durchfallen	neg 1.0		neg 0.36674060361361094 __DUMMY__ 0.34163539626420103 off 0.29162400012218803	false	1.0
wichser	off 1.0		neg 0.3513161631374218 __DUMMY__ 0.33792329637319474 off 0.31076054048938356	false	0.5
terror	neg 1.0		neg 0.3573562935678126 __DUMMY__ 0.34239585678046053 off 0.30024784965172696	false	1.0
krass	neg 1.0		neg 0.35505792605474673 __DUMMY__ 0.340286410606677 off 0.3046556633385763	false	1.0
revolte	neg 1.0	neg 1.0	neg 0.6732041914712751 off 0.16374744659567808 __DUMMY__ 0.1630483619330469	false	1.0
besorgt	neg 1.0		neg 0.3615081350865905 __DUMMY__ 0.3438627986451744 off 0.2946290662682352	false	1.0
nachlassen	neg 1.0		neg 0.36211201383259795 __DUMMY__ 0.34357893164781056 off 0.29430905451959144	false	1.0
alt	neg 1.0		neg 0.36348958106966817 __DUMMY__ 0.3440714309440883 off 0.29243898798624346	false	1.0
hundesohn	off 1.0		neg 0.3547504729758409 __DUMMY__ 0.3362709581998532 off 0.3089785688243061	false	0.5
als			neg 0.3641265569686646 __DUMMY__ 0.34272202771449756 off 0.2931514153168379	false	0.0
abschreckung	neg 1.0		neg 0.370128290197563 __DUMMY__ 0.34084218054430293 off 0.28902952925813413	false	1.0
unqualifiziert	neg 1.0		neg 0.3631503365329439 __DUMMY__ 0.33983310271836126 off 0.29701656074869487	false	1.0
abgewichst	off 1.0		neg 0.36514904130779646 __DUMMY__ 0.3408159296063131 off 0.29403502908589046	false	0.5
schwer	neg 1.0		neg 0.36277900130264645 __DUMMY__ 0.3422602847030837 off 0.2949607139942698	false	1.0
bedeutungslosigkeit	neg 1.0		neg 0.3700281087523999 __DUMMY__ 0.3404626638086791 off 0.289509227438921	false	1.0
kapitulation	neg 1.0		neg 0.37141618098764106 __DUMMY__ 0.3380383633889522 off 0.29054545562340667	false	1.0
unscharf	neg 1.0		neg 0.35905605188561307 __DUMMY__ 0.341870278783631 off 0.29907366933075596	false	1.0
schwinden	neg 1.0		neg 0.3667516299960405 __DUMMY__ 0.34220719475069533 off 0.291041175253264	false	1.0
versklavung	neg 1.0	neg 1.0	neg 0.6729925498851058 __DUMMY__ 0.16404013641640156 off 0.16296731369849263	false	1.0
schlecht	neg 1.0		neg 0.35696764411922083 __DUMMY__ 0.34129648255452777 off 0.3017358733262513	false	1.0
verhasst	neg 1.0		neg 0.36577400455027975 __DUMMY__ 0.33969356235775455 off 0.2945324330919657	false	1.0
beschweren	neg 1.0		neg 0.36108372734726146 __DUMMY__ 0.3418136217515346 off 0.2971026509012039	false	1.0
scheiden	neg 1.0		neg 0.36407196622799937 __DUMMY__ 0.341472032004392 off 0.2944560017676087	false	1.0
frustriert	neg 1.0		neg 0.3643699747723307 __DUMMY__ 0.3419201485682226 off 0.29370987665944664	false	1.0
schimmelig	neg 1.0		neg 0.36478297098249945 __DUMMY__ 0.34255659793096466 off 0.2926604310865359	false	1.0
fisch	neg 1.0		neg 0.3649254780385831 __DUMMY__ 0.34231497309164355 off 0.2927595488697735	false	1.0
schmuggel	neg 1.0		neg 0.3659354250129081 __DUMMY__ 0.3431151505863951 off 0.2909494244006969	false	1.0
auffallen	neg 1.0		neg 0.3609333925241612 __DUMMY__ 0.34154050501794186 off 0.29752610245789696	false	1.0
konkurrenz	neg 1.0		neg 0.3671673823421876 __DUMMY__ 0.34292018168973415 off 0.2899124359680783	false	1.0
teufelskreis	neg 1.0		neg 0.36534516762404357 __DUMMY__ 0.34110507869489987 off 0.2935497536810565	false	1.0
aufschreien	neg 1.0		neg 0.36333561031755013 __DUMMY__ 0.3400387012484329 off 0.29662568843401693	false	1.0
schuldner	neg 1.0		neg 0.3687538923828808 __DUMMY__ 0.34046825711638024 off 0.290777850500739	false	1.0
missgeburt	off 1.0	off 1.0	off 0.6394738896392476 neg 0.19671306409148331 __DUMMY__ 0.16381304626926912	false	1.0
arbeitslos	neg 1.0		neg 0.36697643838478416 __DUMMY__ 0.3408133940184232 off 0.2922101675967928	false	1.0
befallen	neg 1.0		neg 0.3707195689815284 __DUMMY__ 0.33822625722523064 off 0.29105417379324106	false	1.0
miesepetrig	off 1.0		neg 0.35617898883568927 __DUMMY__ 0.34199021753605463 off 0.3018307936282562	false	0.5
alarmieren	neg 1.0		neg 0.3609540230346102 __DUMMY__ 0.3392186658461535 off 0.2998273111192363	false	1.0
ungeduscht	off 1.0		neg 0.35872667426124716 __DUMMY__ 0.3420193095786677 off 0.29925401616008523	false	0.5
knappheit	neg 1.0		neg 0.3649084646042031 __DUMMY__ 0.3416639150819481 off 0.2934276203138487	false	1.0
schlange	neg 1.0		neg 0.3595773357004393 __DUMMY__ 0.34289330618036323 off 0.2975293581191976	false	1.0
harsch	neg 1.0		neg 0.35067006664972866 __DUMMY__ 0.3408640259808227 off 0.3084659073694487	false	1.0
lang	neg 1.0		neg 0.36152178502589544 __DUMMY__ 0.3415938382561554 off 0.2968843767179491	false	1.0
ziellos	neg 1.0		neg 0.3651286320371793 __DUMMY__ 0.3423727314815555 off 0.2924986364812652	false	1.0
selbstverliebt	neg 1.0		neg 0.3532825739862053 __DUMMY__ 0.33581506814466827 off 0.31090235786912657	false	1.0
beseitigen	neg 1.0		neg 0.3596803290470724 __DUMMY__ 0.34291400490529556 off 0.29740566604763197	false	1.0
dumm	off 1.0		neg 0.3548015139769627 __DUMMY__ 0.33853941960099593 off 0.30665906642204144	false	0.5
arbeitsloser	neg 1.0		neg 0.36775989021808847 __DUMMY__ 0.34092696510134357 off 0.2913131446805679	false	1.0
blitzen	neg 1.0		neg 0.3603028075135033 __DUMMY__ 0.34055282634840517 off 0.2991443661380916	false	1.0
hilflos	neg 1.0		neg 0.36485330894561757 __DUMMY__ 0.34190432025646045 off 0.29324237079792215	false	1.0
eklig	off 1.0		neg 0.35386222142544865 __DUMMY__ 0.33839592197468554 off 0.30774185659986575	false	0.5
begriff			neg 0.36553353259914534 __DUMMY__ 0.34115473683460656 off 0.293311730566248	false	0.0
hungersnot	neg 1.0		neg 0.369537902181283 __DUMMY__ 0.33757417269963663 off 0.29288792511908035	false	1.0
ungesetzlich	neg 1.0		neg 0.366014654154072 __DUMMY__ 0.3377147304461732 off 0.2962706153997548	false	1.0
verschwendung	neg 1.0		neg 0.3677275847885207 __DUMMY__ 0.34195172267761553 off 0.2903206925338638	false	1.0
schmerzvoll	neg 1.0		neg 0.36098795220859525 __DUMMY__ 0.34187716621618436 off 0.2971348815752205	false	1.0
vorzeitig	neg 1.0		neg 0.35808249748330073 __DUMMY__ 0.3407074556933478 off 0.3012100468233515	false	1.0
unvollkommenheit	neg 1.0		neg 0.3631979270471412 __DUMMY__ 0.3413197481703402 off 0.29548232478251857	false	1.0
intervenieren	neg 1.0		neg 0.37059079468802403 __DUMMY__ 0.3395827224529726 off 0.28982648285900336	false	1.0
banause	off 1.0		neg 0.3531186027778244 __DUMMY__ 0.3378048944545978 off 0.3090765027675778	false	0.5
rebell	neg 1.0		neg 0.36645250100426047 __DUMMY__ 0.34321686418809283 off 0.29033063480764676	false	1.0
unlogisch	neg 1.0		neg 0.3575351683322172 __DUMMY__ 0.33934770143379767 off 0.3031171302339853	false	1.0
leiden	neg 1.0	neg 1.0	neg 0.6692915543258989 __DUMMY__ 0.16899515821225933 off 0.16171328746184183	false	1.0
abschaffung	neg 1.0		neg 0.36476184941383333 __DUMMY__ 0.33964841498607845 off 0.2955897356000883	false	1.0
sturz	neg 1.0		neg 0.3647116904320776 __DUMMY__ 0.339284112831152 off 0.2960041967367705	false	1.0
verkleinerung	neg 1.0		neg 0.3628565736210179 __DUMMY__ 0.3385802453060583 off 0.29856318107292384	false	1.0
schmarotzer	off 1.0		neg 0.368860895325701 __DUMMY__ 0.33993872387000523 off 0.2912003808042936	false	0.5
bestrafung	neg 1.0		neg 0.36391623147089125 __DUMMY__ 0.34030379672807876 off 0.29577997180102994	false	1.0
achtlos	neg 1.0		neg 0.3623941598220603 __DUMMY__ 0.34253017323045226 off 0.29507566694748744	false	1.0
ungeheuer	neg 1.0		neg 0.36223185282544734 __DUMMY__ 0.34054987817854027 off 0.2972182689960123	false	1.0
unaufrichtig	neg 1.0		neg 0.3642804032111241 __DUMMY__ 0.3384998373726651 off 0.29721975941621087	false	1.0
groggy	neg 1.0		neg 0.360932524467482 __DUMMY__ 0.34030205408616354 off 0.2987654214463545	false	1.0
verletzlich	neg 1.0		neg 0.3584991156434845 __DUMMY__ 0.34018865903826767 off 0.3013122253182477	false	1.0
ablehnen	neg 1.0		neg 0.36795921938515475 __DUMMY__ 0.3401914221489832 off 0.29184935846586213	false	1.0
