unsolidarisch	neg 1.0		__DUMMY__ 0.47856599424118657 neg 0.29130004808473947 off 0.23013395767407396	false	1.0
nachteilig	neg 1.0		__DUMMY__ 0.48540621066820194 neg 0.28618645541356574 off 0.22840733391823229	false	1.0
skeptisch	neg 1.0		__DUMMY__ 0.48625219279829796 neg 0.2883081777846418 off 0.22543962941706028	false	1.0
schrecklich	neg 1.0		__DUMMY__ 0.48281890885000656 neg 0.27718314571544683 off 0.23999794543454642	false	1.0
schlapp	neg 1.0		__DUMMY__ 0.486564428127509 neg 0.277216755699792 off 0.23621881617269913	false	1.0
abfall	neg 1.0		__DUMMY__ 0.4871632738877546 neg 0.2889635592245904 off 0.22387316688765505	false	1.0
widerspenstig	neg 1.0		__DUMMY__ 0.4872834687983228 neg 0.2815272603436984 off 0.23118927085797883	false	1.0
abrupt	neg 1.0		__DUMMY__ 0.488927582143598 neg 0.28085647064189645 off 0.2302159472145055	false	1.0
unwirksam	neg 1.0		__DUMMY__ 0.48133394610910246 neg 0.28742756448023116 off 0.23123848941066638	false	1.0
angreifen	neg 1.0		__DUMMY__ 0.484594922811563 neg 0.2889008345221912 off 0.22650424266624586	false	1.0
inkonsistent	neg 1.0		__DUMMY__ 0.4843149068002435 neg 0.28207136975713215 off 0.2336137234426244	false	1.0
abrutschen	neg 1.0		__DUMMY__ 0.4876058465125734 neg 0.2883038701909995 off 0.224090283296427	false	1.0
unsicher	neg 1.0		__DUMMY__ 0.48618150755142314 neg 0.2826698051302979 off 0.23114868731827903	false	1.0
bauernkind	off 1.0		__DUMMY__ 0.47939495538722077 neg 0.2775574588927404 off 0.24304758572003882	false	0.5
angreifer	neg 1.0		__DUMMY__ 0.48226592541481555 neg 0.28364521831985273 off 0.23408885626533177	false	1.0
trennen	neg 1.0		__DUMMY__ 0.488994911823485 neg 0.2841325207093822 off 0.22687256746713286	false	1.0
schmutz	neg 1.0		__DUMMY__ 0.4890195784194656 neg 0.27294719367902726 off 0.23803322790150716	false	1.0
inkonsistenz	neg 1.0	neg 1.0	neg 0.6314421773800585 __DUMMY__ 0.2357632611502364 off 0.1327945614697051	false	1.0
erschreckend	neg 1.0		__DUMMY__ 0.4844299039544683 neg 0.2862136760969801 off 0.22935641994855177	false	1.0
ertrinken	neg 1.0		__DUMMY__ 0.4870293137738644 neg 0.2852984111790962 off 0.22767227504703935	false	1.0
pickelface	off 1.0		__DUMMY__ 0.48301941265383225 neg 0.28532643317192596 off 0.23165415417424193	false	0.5
seiner			__DUMMY__ 0.48567434001783955 neg 0.28777400540030135 off 0.22655165458185922	false	0.0
lauch	neg 1.0		__DUMMY__ 0.486884148402486 neg 0.2877134939447411 off 0.22540235765277292	false	1.0
unwichtig	neg 1.0		__DUMMY__ 0.4839614212414043 neg 0.2803869006261741 off 0.23565167813242155	false	1.0
steuerhinterziehung	neg 1.0		__DUMMY__ 0.48138911147004637 neg 0.28906388014066314 off 0.22954700838929035	false	1.0
schock	neg 1.0		__DUMMY__ 0.4883495059781344 neg 0.28173671810482703 off 0.2299137759170386	false	1.0
beule	neg 1.0		__DUMMY__ 0.48599760955011406 neg 0.27643890794529935 off 0.2375634825045864	false	1.0
vergelten	neg 1.0		__DUMMY__ 0.4806391977207153 neg 0.27812189771049445 off 0.24123890456879024	false	1.0
verdorbenheit	neg 1.0		__DUMMY__ 0.48717260881610513 neg 0.27971999690356086 off 0.23310739428033397	false	1.0
trauma	neg 1.0		__DUMMY__ 0.4844758848744235 neg 0.28261797339812655 off 0.23290614172744997	false	1.0
sinnlos	neg 1.0		__DUMMY__ 0.48467805042376616 neg 0.28213784066427106 off 0.23318410891196284	false	1.0
fettsack	off 1.0	off 1.0	off 0.6076071824124697 __DUMMY__ 0.23518182807582286 neg 0.15721098951170745	false	1.0
feige	off 1.0		__DUMMY__ 0.4817471630469579 neg 0.2836868112844192 off 0.23456602566862297	false	0.5
abdanken	neg 1.0		__DUMMY__ 0.4790321487977745 neg 0.2919708649280253 off 0.2289969862742002	false	1.0
wichtigtuer	off 1.0	off 1.0	off 0.6018756996113606 __DUMMY__ 0.2357704676721419 neg 0.16235383271649756	false	1.0
misslingen	neg 1.0		__DUMMY__ 0.4866620879113571 neg 0.2796995095733918 off 0.2336384025152512	false	1.0
untreu	off 1.0		__DUMMY__ 0.4836949078149493 neg 0.27992864756223396 off 0.23637644462281668	false	0.5
missmutig	neg 1.0		__DUMMY__ 0.4855572702734644 neg 0.27923212834336236 off 0.23521060138317315	false	1.0
hurenbock	off 1.0		__DUMMY__ 0.488024958455884 neg 0.2784275100676642 off 0.2335475314764519	false	0.5
betrunken	neg 1.0		__DUMMY__ 0.48490955887138393 neg 0.2767678426381199 off 0.23832259849049625	false	1.0
korrupt	off 1.0		__DUMMY__ 0.4804945960520592 neg 0.29183184709590865 off 0.22767355685203206	false	0.5
unmut	neg 1.0		__DUMMY__ 0.48561301706254784 neg 0.2900609447779378 off 0.22432603815951435	false	1.0
hackfresse	off 1.0		__DUMMY__ 0.4815598862329308 neg 0.27496663411117983 off 0.24347347965588945	false	0.5
aufblasen	neg 1.0		__DUMMY__ 0.4869626764802364 neg 0.28017114969812085 off 0.23286617382164274	false	1.0
gewaltsam	neg 1.0		__DUMMY__ 0.48188436771418497 neg 0.28645932910237215 off 0.23165630318344285	false	1.0
unbeliebtheit	neg 1.0		__DUMMY__ 0.4773145242410667 neg 0.2860291173606584 off 0.2366563583982749	false	1.0
sturheit	neg 1.0		__DUMMY__ 0.4825578343355293 neg 0.28838255317561734 off 0.22905961248885337	false	1.0
kuh	neg 1.0		__DUMMY__ 0.4842800538848865 neg 0.28278825383443856 off 0.23293169228067503	false	1.0
erschrecken	neg 1.0		__DUMMY__ 0.4851668214389296 neg 0.2800417105876137 off 0.2347914679734567	false	1.0
opfer	neg 1.0	neg 1.0	neg 0.6339186961078135 __DUMMY__ 0.23717710307206746 off 0.12890420082011902	false	1.0
sinken	neg 1.0		__DUMMY__ 0.48619148051367417 neg 0.28850372544055347 off 0.22530479404577242	false	1.0
stinktier	neg 1.0		__DUMMY__ 0.48163796496519445 neg 0.2780272010173764 off 0.24033483401742925	false	1.0
tucke	off 1.0		__DUMMY__ 0.4828216409949502 neg 0.2726910667862836 off 0.2444872922187664	false	0.5
ein			__DUMMY__ 0.48864787854105357 neg 0.2788665881890747 off 0.2324855332698717	false	0.0
abstieg	neg 1.0		__DUMMY__ 0.4830343822368293 neg 0.28825124118416356 off 0.22871437657900717	false	1.0
missverstehen	neg 1.0		__DUMMY__ 0.4825209132955855 neg 0.2849945859088417 off 0.23248450079557287	false	1.0
ergebnislos	neg 1.0		__DUMMY__ 0.4840199980109428 neg 0.2875078127580531 off 0.22847218923100415	false	1.0
unter			__DUMMY__ 0.49212860921192575 neg 0.2865558389701371 off 0.22131555181793722	false	0.0
manipulieren	neg 1.0		__DUMMY__ 0.485191459948071 neg 0.2882907383996193 off 0.22651780165230972	false	1.0
unbewiesen	neg 1.0		__DUMMY__ 0.47900267852571476 neg 0.29088126252402213 off 0.2301160589502631	false	1.0
verschleppen	neg 1.0		__DUMMY__ 0.4833803305514256 neg 0.2885625251833632 off 0.2280571442652111	false	1.0
weib	off 1.0		__DUMMY__ 0.480800585912789 neg 0.2744383536451291 off 0.24476106044208182	false	0.5
opposition	neg 1.0		__DUMMY__ 0.48080055303733743 neg 0.2870150036208347 off 0.23218444334182775	false	1.0
verkehrswidrig	neg 1.0		__DUMMY__ 0.48432919196857954 neg 0.2734271979050981 off 0.24224361012632234	false	1.0
inkorrekt	neg 1.0		__DUMMY__ 0.47927537538740395 neg 0.2849983602269618 off 0.23572626438563418	false	1.0
vermeiden	neg 1.0		__DUMMY__ 0.4902615729409244 neg 0.2861703617325678 off 0.22356806532650775	false	1.0
abweichung	neg 1.0		__DUMMY__ 0.4822269504689681 neg 0.28962874314612447 off 0.22814430638490732	false	1.0
alkoholisiert	neg 1.0		__DUMMY__ 0.48781681833134377 neg 0.28268693498112424 off 0.22949624668753205	false	1.0
scheiss	off 1.0	off 1.0	off 0.6051785058405619 __DUMMY__ 0.2371723927973931 neg 0.157649101362045	false	1.0
herausforderung	neg 1.0		__DUMMY__ 0.49025903481478095 neg 0.27990780506737395 off 0.2298331601178452	false	1.0
pervers	off 1.0		__DUMMY__ 0.4800924704540776 neg 0.2723135301392097 off 0.2475939994067125	false	0.5
wackelig	neg 1.0		__DUMMY__ 0.4899801319789785 neg 0.2803804938003449 off 0.2296393742206766	false	1.0
verwickeln	neg 1.0		__DUMMY__ 0.48356907533927956 neg 0.28396802004887983 off 0.23246290461184063	false	1.0
vorwand	neg 1.0		__DUMMY__ 0.4845556523807207 neg 0.29053620907712185 off 0.22490813854215744	false	1.0
muschi	off 1.0		__DUMMY__ 0.4826496928431981 neg 0.2863518840708821 off 0.23099842308591986	false	0.5
entmutigung	neg 1.0		__DUMMY__ 0.4766015032263013 neg 0.29145164614417346 off 0.23194685062952525	false	1.0
unangemessen	neg 1.0		__DUMMY__ 0.4824522069019091 neg 0.2897507722438769 off 0.22779702085421386	false	1.0
unstetig	neg 1.0		__DUMMY__ 0.4836300010557909 neg 0.2812998369987331 off 0.23507016194547603	false	1.0
entmutigen	neg 1.0		__DUMMY__ 0.4855394781303179 neg 0.2822098777423518 off 0.2322506441273303	false	1.0
schwanz	neg 1.0		__DUMMY__ 0.4850267316959375 neg 0.2857829874801351 off 0.2291902808239274	false	1.0
verbot	neg 1.0		__DUMMY__ 0.481484192631225 neg 0.28989778084685086 off 0.22861802652192412	false	1.0
leid	neg 1.0		__DUMMY__ 0.48241191643227577 neg 0.2759080637908962 off 0.24168001977682788	false	1.0
archaisch	neg 1.0		__DUMMY__ 0.4829716934384185 neg 0.2885504269857032 off 0.22847787957587828	false	1.0
gegen			__DUMMY__ 0.4836850363177092 neg 0.29114410290314674 off 0.22517086077914397	false	0.0
scheidung	neg 1.0	neg 1.0	neg 0.6187783720401777 __DUMMY__ 0.23542211227867024 off 0.14579951568115204	false	1.0
einschlag	neg 1.0		__DUMMY__ 0.48125056143389955 neg 0.27805446981787935 off 0.2406949687482211	false	1.0
m			__DUMMY__ 0.48684930914191754 neg 0.2829592822300099 off 0.2301914086280726	false	0.0
abgestanden	neg 1.0		__DUMMY__ 0.4879135380857816 neg 0.2801100314716392 off 0.23197643044257923	false	1.0
schmierig	off 1.0		__DUMMY__ 0.48343302903449414 neg 0.27586761769271784 off 0.24069935327278813	false	0.5
unpraktisch	neg 1.0		__DUMMY__ 0.48759382195061307 neg 0.27939574299144615 off 0.23301043505794064	false	1.0
wixxer	off 1.0		__DUMMY__ 0.47886054006129036 neg 0.27367139162017784 off 0.24746806831853188	false	0.5
bezeichnet			__DUMMY__ 0.4828118661425984 neg 0.2875726923877871 off 0.22961544146961455	false	0.0
jammerlappen	off 1.0		__DUMMY__ 0.48374393949232963 neg 0.2807821402664128 off 0.2354739202412576	false	0.5
farce	neg 1.0		__DUMMY__ 0.4788012313805496 neg 0.2928650937244298 off 0.22833367489502063	false	1.0
zwecklos	neg 1.0		__DUMMY__ 0.4834884208740773 neg 0.28882051836312184 off 0.22769106076280085	false	1.0
turbulent	neg 1.0		__DUMMY__ 0.4819847385571094 neg 0.27853664612704737 off 0.2394786153158432	false	1.0
invasion	neg 1.0		__DUMMY__ 0.485824366631576 neg 0.2793042092657616 off 0.23487142410266246	false	1.0
schuld	neg 1.0		__DUMMY__ 0.48411266084406207 neg 0.2842978370450982 off 0.23158950211083962	false	1.0
risiko	neg 1.0		__DUMMY__ 0.48762055918114594 neg 0.27673541189492284 off 0.2356440289239311	false	1.0
finster	neg 1.0		__DUMMY__ 0.48810149809383013 neg 0.27965336078009934 off 0.2322451411260705	false	1.0
geisteskrank	off 1.0		__DUMMY__ 0.4804621700203912 neg 0.28305923014890677 off 0.23647859983070219	false	0.5
zusammenbrechen	neg 1.0		__DUMMY__ 0.4867520980653596 neg 0.28343381625687025 off 0.22981408567777026	false	1.0
ausbeute	neg 1.0		__DUMMY__ 0.48815496566170025 neg 0.2829339507772543 off 0.22891108356104553	false	1.0
hinterhalt	neg 1.0		__DUMMY__ 0.48390459202529207 neg 0.28411523669886174 off 0.23198017127584614	false	1.0
kritik	neg 1.0		__DUMMY__ 0.47996682816491953 neg 0.291390486360739 off 0.22864268547434136	false	1.0
einschrumpfen	neg 1.0		__DUMMY__ 0.4804291580473285 neg 0.28518027653621425 off 0.23439056541645711	false	1.0
riskant	neg 1.0		__DUMMY__ 0.4859059002790868 neg 0.28702246148935073 off 0.22707163823156243	false	1.0
frustrieren	neg 1.0		__DUMMY__ 0.48517944854105555 neg 0.28801631873118677 off 0.22680423272775765	false	1.0
groll	neg 1.0		__DUMMY__ 0.4836488474730859 neg 0.28840045002545034 off 0.22795070250146382	false	1.0
gibt			__DUMMY__ 0.48550927607089117 neg 0.2854659510121648 off 0.22902477291694412	false	0.0
qualvoll	neg 1.0		__DUMMY__ 0.48557237266165615 neg 0.28081852142771585 off 0.23360910591062792	false	1.0
wackeln	neg 1.0		__DUMMY__ 0.48809813564584453 neg 0.27938393223427405 off 0.2325179321198813	false	1.0
klagen	neg 1.0		__DUMMY__ 0.4843013521640288 neg 0.2908979042931463 off 0.22480074354282495	false	1.0
bankrott	neg 1.0		__DUMMY__ 0.48524575789861585 neg 0.27834527834366307 off 0.23640896375772108	false	1.0
trauern	neg 1.0		__DUMMY__ 0.48497549806873663 neg 0.28807331695841026 off 0.2269511849728532	false	1.0
ablehnung	neg 1.0	neg 1.0	neg 0.6352071990618942 __DUMMY__ 0.23494397314321175 off 0.12984882779489415	false	1.0
stur	neg 1.0		__DUMMY__ 0.48440294163229564 neg 0.2834993418449633 off 0.2320977165227411	false	1.0
aufruhr	neg 1.0		__DUMMY__ 0.48096190907750963 neg 0.2882613953422267 off 0.2307766955802638	false	1.0
melancholie	neg 1.0		__DUMMY__ 0.4883927243047752 neg 0.2823370551212891 off 0.22927022057393567	false	1.0
ist			__DUMMY__ 0.48433700513937555 neg 0.28336945117506207 off 0.23229354368556235	false	0.0
torheit	neg 1.0		__DUMMY__ 0.47902462921673167 neg 0.29017946223299196 off 0.23079590855027637	false	1.0
dreckskind	off 1.0		__DUMMY__ 0.478609484866656 neg 0.27971664907831617 off 0.24167386605502794	false	0.5
umtauschen	neg 1.0		__DUMMY__ 0.4875346698501605 neg 0.28123756807339684 off 0.2312277620764427	false	1.0
zum			__DUMMY__ 0.4921453659956336 neg 0.2833072245377082 off 0.22454740946665822	false	0.0
zersetzen	neg 1.0		__DUMMY__ 0.4847641304461743 neg 0.2894699536049072 off 0.2257659159489186	false	1.0
zur			__DUMMY__ 0.4868817124243319 neg 0.2902348688819664 off 0.22288341869370162	false	0.0
frust	neg 1.0		__DUMMY__ 0.48585389398433043 neg 0.2849152905142861 off 0.22923081550138347	false	1.0
unerbittlichkeit	neg 1.0		__DUMMY__ 0.48412436566840666 neg 0.2893347274471527 off 0.22654090688444076	false	1.0
zwei			__DUMMY__ 0.49020031621194815 neg 0.28398177043616485 off 0.22581791335188703	false	0.0
unkorrekt	neg 1.0		__DUMMY__ 0.479694176509433 neg 0.2836980424508557 off 0.23660778103971128	false	1.0
hexe	off 1.0		__DUMMY__ 0.4844373256208179 neg 0.27903031257695177 off 0.2365323618022303	false	0.5
lasch	neg 1.0		__DUMMY__ 0.4819789072994239 neg 0.2844075782453925 off 0.2336135144551836	false	1.0
rivale	neg 1.0		__DUMMY__ 0.48195569270052846 neg 0.2776817820971031 off 0.24036252520236853	false	1.0
mutlos	off 1.0	off 1.0	off 0.5989732168883553 __DUMMY__ 0.23614999298234565 neg 0.1648767901292992	false	1.0
wirr	off 1.0		__DUMMY__ 0.48037064441855415 neg 0.2810304813944735 off 0.23859887418697234	false	0.5
jahr			__DUMMY__ 0.4895590765134115 neg 0.2822531481386362 off 0.2281877753479522	false	0.0
wird			__DUMMY__ 0.485728125072895 neg 0.2866201694276338 off 0.22765170549947114	false	0.0
strafbar	neg 1.0		__DUMMY__ 0.48235224937811144 neg 0.29126983072783635 off 0.22637791989405232	false	1.0
erosion	neg 1.0		__DUMMY__ 0.4863484444455899 neg 0.28046169252993575 off 0.2331898630244744	false	1.0
eingehen	neg 1.0		__DUMMY__ 0.48410318299243743 neg 0.2883917388862391 off 0.22750507812132337	false	1.0
faul	off 1.0		__DUMMY__ 0.4870361249785788 neg 0.2767726902960189 off 0.23619118472540232	false	0.5
provisorium	neg 1.0		__DUMMY__ 0.49065656440443817 neg 0.2890370190212151 off 0.22030641657434683	false	1.0
schmerzen	neg 1.0		__DUMMY__ 0.4868807207484445 neg 0.28295924214735635 off 0.23016003710419908	false	1.0
schrumpfen	neg 1.0		__DUMMY__ 0.48767439732648443 neg 0.28959671634660256 off 0.22272888632691296	false	1.0
geistlos	off 1.0		__DUMMY__ 0.4787856578160408 neg 0.28874365475873737 off 0.2324706874252219	false	0.5
fehlkauf	neg 1.0		__DUMMY__ 0.48271604014279923 neg 0.28359399980646344 off 0.2336899600507373	false	1.0
frustrierend	neg 1.0		__DUMMY__ 0.48522461510065773 neg 0.2799846845041076 off 0.2347907003952347	false	1.0
unzufrieden	neg 1.0		__DUMMY__ 0.4849017297055433 neg 0.28690837010707143 off 0.22818990018738522	false	1.0
verzweifeln	neg 1.0		__DUMMY__ 0.4859710720018242 neg 0.2836142514071525 off 0.23041467659102338	false	1.0
verzweifelt	neg 1.0		__DUMMY__ 0.4845454942736766 neg 0.2834419307732271 off 0.23201257495309616	false	1.0
misstrauensantrag	neg 1.0		__DUMMY__ 0.48260003395914763 neg 0.28370148126295164 off 0.23369848477790064	false	1.0
abfallen	neg 1.0		__DUMMY__ 0.4888138964930273 neg 0.2783104922283406 off 0.23287561127863216	false	1.0
fucker	off 1.0		__DUMMY__ 0.48160353496081426 neg 0.27957927702392377 off 0.2388171880152619	false	0.5
ungezogen	neg 1.0		__DUMMY__ 0.4816838349576396 neg 0.27306703843322405 off 0.24524912660913636	false	1.0
irrsinnig	neg 1.0	neg 1.0	neg 0.6320693352011983 __DUMMY__ 0.2365835662073227 off 0.1313470985914789	false	1.0
unfassbar	neg 1.0		__DUMMY__ 0.4837346649940947 neg 0.28022175039130875 off 0.2360435846145965	false	1.0
hart	neg 1.0		__DUMMY__ 0.48292830088398714 neg 0.28081824672071765 off 0.23625345239529533	false	1.0
widerlich	off 1.0		__DUMMY__ 0.4821123366181029 neg 0.28133568608856263 off 0.2365519772933344	false	0.5
fatal	neg 1.0		__DUMMY__ 0.4834667887928396 neg 0.2827035405526781 off 0.23382967065448237	false	1.0
bruch	neg 1.0		__DUMMY__ 0.48317387700864134 neg 0.2929012687406678 off 0.22392485425069095	false	1.0
aushungern	neg 1.0		__DUMMY__ 0.4806937138806803 neg 0.28898042674685653 off 0.2303258593724632	false	1.0
anspannung	neg 1.0		__DUMMY__ 0.48896071450424733 neg 0.2864508175733921 off 0.22458846792236067	false	1.0
von			__DUMMY__ 0.4889120267939084 neg 0.2841986665017664 off 0.22688930670432536	false	0.0
kraftlos	neg 1.0		__DUMMY__ 0.4890239057357437 neg 0.2819698047709089 off 0.2290062894933472	false	1.0
vom			__DUMMY__ 0.4913603837046012 neg 0.28688904678972404 off 0.22175056950567462	false	0.0
grenzdebil	off 1.0		__DUMMY__ 0.48438504830676693 neg 0.27814405426910166 off 0.2374708974241314	false	0.5
vor			__DUMMY__ 0.48781944179394143 neg 0.28678512387776706 off 0.22539543432829146	false	0.0
unterwerfen	neg 1.0		__DUMMY__ 0.48369268642498475 neg 0.289312708454427 off 0.2269946051205883	false	1.0
versenkung	neg 1.0		__DUMMY__ 0.485256506102843 neg 0.28781689112710385 off 0.22692660277005333	false	1.0
entziehen	neg 1.0		__DUMMY__ 0.4850083961194029 neg 0.2905415189176881 off 0.22445008496290886	false	1.0
finanzkrise	neg 1.0		__DUMMY__ 0.4809322049591118 neg 0.2890283497495967 off 0.2300394452912915	false	1.0
schimpfend	neg 1.0		__DUMMY__ 0.48941974890308726 neg 0.27668864167928403 off 0.2338916094176286	false	1.0
profan	neg 1.0		__DUMMY__ 0.48473296112880926 neg 0.2821182225084314 off 0.23314881636275925	false	1.0
korruption	neg 1.0		__DUMMY__ 0.4811068301286674 neg 0.29088193573650206 off 0.22801123413483051	false	1.0
â			__DUMMY__ 0.48646680126421465 neg 0.28445801750185506 off 0.2290751812339303	false	0.0
schmutzig	neg 1.0		__DUMMY__ 0.4860913439220318 neg 0.27656283749358895 off 0.23734581858437923	false	1.0
sexy	neg 1.0		__DUMMY__ 0.48434492969570603 neg 0.2800993393193646 off 0.23555573098492932	false	1.0
abraten	neg 1.0		__DUMMY__ 0.4860454256511201 neg 0.2813812617014442 off 0.23257331264743572	false	1.0
schwarz	neg 1.0		__DUMMY__ 0.4840368346559957 neg 0.2829139201567741 off 0.23304924518723016	false	1.0
fotze	off 1.0		__DUMMY__ 0.48326629662625376 neg 0.2875849783850504 off 0.2291487249886958	false	0.5
verwirren	neg 1.0		__DUMMY__ 0.48450984116509094 neg 0.28149727097533944 off 0.2339928878595695	false	1.0
zahnlos	off 1.0		__DUMMY__ 0.4832496097267781 neg 0.2887356345011279 off 0.22801475577209407	false	0.5
verheeren	neg 1.0		__DUMMY__ 0.47909806968850444 neg 0.27388867520794313 off 0.24701325510355246	false	1.0
hippie	neg 1.0		__DUMMY__ 0.4839262147546798 neg 0.2808788284167067 off 0.2351949568286136	false	1.0
rammen	neg 1.0		__DUMMY__ 0.4859119815901778 neg 0.2795130502358251 off 0.2345749681739971	false	1.0
unlauter	neg 1.0	neg 1.0	neg 0.6310192212194116 __DUMMY__ 0.23635114163227489 off 0.1326296371483136	false	1.0
unheilvoll	neg 1.0		__DUMMY__ 0.4857519958973757 neg 0.2809596511736935 off 0.23328835292893071	false	1.0
niedrig	neg 1.0		__DUMMY__ 0.4858675260412015 neg 0.28550664424437266 off 0.22862582971442588	false	1.0
explosion	neg 1.0		__DUMMY__ 0.4852428873090895 neg 0.2797524593087001 off 0.23500465338221047	false	1.0
weichei	off 1.0		__DUMMY__ 0.4818374811652912 neg 0.27588592058349204 off 0.2422765982512167	false	0.5
minusmensch	off 1.0		__DUMMY__ 0.4762223327920449 neg 0.277998214676685 off 0.24577945253127004	false	0.5
farblos	neg 1.0		__DUMMY__ 0.4845307995374591 neg 0.28329852940117467 off 0.23217067106136635	false	1.0
unwissend	neg 1.0	neg 1.0	neg 0.6300694715931217 __DUMMY__ 0.2360500101635218 off 0.13388051824335653	false	1.0
traurig	neg 1.0		__DUMMY__ 0.48404975226375396 neg 0.2767217155943475 off 0.2392285321418986	false	1.0
senkung	neg 1.0		__DUMMY__ 0.48417021776380803 neg 0.2811740827929203 off 0.2346556994432718	false	1.0
ungleich	neg 1.0	neg 1.0	neg 0.6344584065151048 __DUMMY__ 0.23675686885440622 off 0.128784724630489	false	1.0
heikel	neg 1.0		__DUMMY__ 0.4852438424974724 neg 0.2889198715225895 off 0.22583628597993805	false	1.0
drosselung	neg 1.0		__DUMMY__ 0.4845171065936796 neg 0.2756655974010161 off 0.23981729600530435	false	1.0
falsch	neg 1.0		__DUMMY__ 0.48422363309115357 neg 0.2807422461555909 off 0.23503412075325547	false	1.0
unzufriedenheit	neg 1.0		__DUMMY__ 0.4848634071744849 neg 0.2895549839889303 off 0.22558160883658476	false	1.0
kurz	neg 1.0		__DUMMY__ 0.48837291330858024 neg 0.2815905657429514 off 0.23003652094846838	false	1.0
unsinnig	neg 1.0		__DUMMY__ 0.48435104655888334 neg 0.2871008672065153 off 0.22854808623460143	false	1.0
penner	off 1.0	off 1.0	off 0.6087015625245944 __DUMMY__ 0.23557117236323308 neg 0.15572726511217255	false	1.0
seicht	neg 1.0		__DUMMY__ 0.4789584873698605 neg 0.2768619310796126 off 0.24417958155052688	false	1.0
dummheit	off 1.0	off 1.0	off 0.602362433589459 __DUMMY__ 0.23584243199189786 neg 0.16179513441864318	false	1.0
unerfreulich	neg 1.0		__DUMMY__ 0.48671036107351845 neg 0.2876433043293522 off 0.2256463345971295	false	1.0
motherfucker	off 1.0	off 1.0	off 0.6057563986016169 __DUMMY__ 0.2356038028995748 neg 0.1586397984988083	false	1.0
pikiert	neg 1.0		__DUMMY__ 0.48225402423011837 neg 0.2825750377346414 off 0.23517093803524036	false	1.0
wrack	neg 1.0		__DUMMY__ 0.4860602249206174 neg 0.28485858527019964 off 0.229081189809183	false	1.0
gangster	neg 1.0		__DUMMY__ 0.48413085142008006 neg 0.2814992773010106 off 0.23436987127890935	false	1.0
krank	neg 1.0		__DUMMY__ 0.48611874972321206 neg 0.2760226982242073 off 0.2378585520525808	false	1.0
reich	neg 1.0		__DUMMY__ 0.47769407111610024 neg 0.287000320497264 off 0.2353056083866357	false	1.0
gnadenlos	neg 1.0		__DUMMY__ 0.4845051718875041 neg 0.28364624856137843 off 0.23184857955111754	false	1.0
niedergeschlagen	neg 1.0		__DUMMY__ 0.48633631797376076 neg 0.2839514317153083 off 0.22971225031093095	false	1.0
terrorisieren	off 1.0	off 1.0	off 0.5989876862615015 __DUMMY__ 0.23728109968664984 neg 0.16373121405184882	false	1.0
sinnlosigkeit	neg 1.0		__DUMMY__ 0.4836795547477873 neg 0.2881369740284799 off 0.2281834712237328	false	1.0
behindern	neg 1.0		__DUMMY__ 0.48643240160517204 neg 0.2822511500210231 off 0.23131644837380502	false	1.0
undemokratisch	neg 1.0		__DUMMY__ 0.4801651751639012 neg 0.28828622981992297 off 0.23154859501617575	false	1.0
wirtschaftskrise	neg 1.0		__DUMMY__ 0.4824373336327677 neg 0.2892367339684237 off 0.22832593239880852	false	1.0
neid	neg 1.0		__DUMMY__ 0.4860947908193854 neg 0.2788982827927284 off 0.23500692638788617	false	1.0
rutschen	neg 1.0		__DUMMY__ 0.49255079842346444 neg 0.2826099038113542 off 0.22483929776518122	false	1.0
rezession	neg 1.0		__DUMMY__ 0.4796386121640688 neg 0.2799208871031123 off 0.24044050073281883	false	1.0
fehlgeburt	neg 1.0		__DUMMY__ 0.4834704070894554 neg 0.2853516526744107 off 0.23117794023613383	false	1.0
charakterschwach	off 1.0		__DUMMY__ 0.48235729881678263 neg 0.2811770743476419 off 0.23646562683557545	false	0.5
isolation	neg 1.0		__DUMMY__ 0.48416278495749504 neg 0.27928138580275863 off 0.23655582923974622	false	1.0
ablenkung	neg 1.0		__DUMMY__ 0.48625768394185814 neg 0.28220143905533607 off 0.23154087700280582	false	1.0
pech	neg 1.0		__DUMMY__ 0.4856985993321965 neg 0.2797468852132311 off 0.23455451545457234	false	1.0
vermeidung	neg 1.0		__DUMMY__ 0.4853752083417964 neg 0.27588132187469167 off 0.2387434697835118	false	1.0
dominieren	neg 1.0		__DUMMY__ 0.48514934743933935 neg 0.2849815154729257 off 0.2298691370877349	false	1.0
schwindlig	neg 1.0		__DUMMY__ 0.4874867570037418 neg 0.2778620036523152 off 0.23465123934394308	false	1.0
lutscher	neg 1.0		__DUMMY__ 0.47968379548972623 neg 0.27498461316272405 off 0.24533159134754967	false	1.0
pflicht	neg 1.0		__DUMMY__ 0.48476260665505627 neg 0.28972505277596466 off 0.22551234056897895	false	1.0
faschist	off 1.0		__DUMMY__ 0.47898988602210607 neg 0.2888467468033394 off 0.23216336717455438	false	0.5
verschleudern	neg 1.0		__DUMMY__ 0.48298844596009455 neg 0.2891984633867201 off 0.22781309065318542	false	1.0
wenn			__DUMMY__ 0.4842044107353415 neg 0.28083368511044415 off 0.23496190415421425	false	0.0
ehebruch	neg 1.0		__DUMMY__ 0.48258539229002567 neg 0.290315936113587 off 0.22709867159638722	false	1.0
spott	off 1.0		__DUMMY__ 0.4832406233385741 neg 0.2901089825619979 off 0.226650394099428	false	0.5
trostlosigkeit	neg 1.0		__DUMMY__ 0.4816517368465576 neg 0.29349040992533626 off 0.2248578532281062	false	1.0
lutschen	neg 1.0		__DUMMY__ 0.4822760562689987 neg 0.2821160581854295 off 0.23560788554557183	false	1.0
undiszipliniert	neg 1.0		__DUMMY__ 0.4837802249121307 neg 0.27768684173234315 off 0.23853293335552608	false	1.0
kopfschmerz	neg 1.0		__DUMMY__ 0.48642481516824987 neg 0.2827527102162805 off 0.23082247461546962	false	1.0
unvorhergesehen	neg 1.0		__DUMMY__ 0.49009918337971065 neg 0.2794939026860057 off 0.23040691393428356	false	1.0
desinteressiert	neg 1.0		__DUMMY__ 0.48256481852551747 neg 0.2795601032672182 off 0.23787507820726417	false	1.0
armselig	off 1.0		__DUMMY__ 0.4815931118294466 neg 0.27969957805080303 off 0.23870731011975027	false	0.5
desaster	neg 1.0		__DUMMY__ 0.48314240755552235 neg 0.29330004104803903 off 0.2235575513964386	false	1.0
tod	neg 1.0		__DUMMY__ 0.4813330532931896 neg 0.2922607409639619 off 0.22640620574284856	false	1.0
herzlos	neg 1.0		__DUMMY__ 0.48346101914361433 neg 0.27670212585243953 off 0.23983685500394614	false	1.0
unwissenheit	neg 1.0		__DUMMY__ 0.48300306796610265 neg 0.28900248542308327 off 0.22799444661081392	false	1.0
widersinnig	neg 1.0		__DUMMY__ 0.48029071756332475 neg 0.2910733187206156 off 0.2286359637160597	false	1.0
bedenklich	neg 1.0		__DUMMY__ 0.4847360893991203 neg 0.28846391477846134 off 0.22679999582241853	false	1.0
beanstanden	neg 1.0		__DUMMY__ 0.4852672376630148 neg 0.2894459579296435 off 0.22528680440734158	false	1.0
panisch	neg 1.0	neg 1.0	neg 0.627435901224462 __DUMMY__ 0.23962554892965493 off 0.13293854984588296	false	1.0
debil	off 1.0		__DUMMY__ 0.48660553338666274 neg 0.2907126068839169 off 0.2226818597294203	false	0.5
abstrich	neg 1.0		__DUMMY__ 0.48973199015370117 neg 0.27744613083684366 off 0.23282187900945525	false	1.0
primitiv	neg 1.0		__DUMMY__ 0.4820275885788212 neg 0.2807977118533472 off 0.23717469956783177	false	1.0
abschaum	off 1.0	off 1.0	off 0.6036982027591496 __DUMMY__ 0.2352122122556288 neg 0.16108958498522155	false	1.0
provozieren	neg 1.0		__DUMMY__ 0.48286130525296933 neg 0.28639947004225774 off 0.23073922470477293	false	1.0
tot	neg 1.0		__DUMMY__ 0.48335937646949834 neg 0.2870803795598133 off 0.22956024397068836	false	1.0
instabil	neg 1.0		__DUMMY__ 0.4809775249317989 neg 0.27906832019742384 off 0.23995415487077737	false	1.0
schwuchtel	off 1.0		__DUMMY__ 0.4762110558368486 neg 0.273644553869851 off 0.25014439029330043	false	0.5
zerren	neg 1.0		__DUMMY__ 0.4860350900852446 neg 0.2844956473998105 off 0.22946926251494487	false	1.0
kinderficker	off 1.0		__DUMMY__ 0.4794029613507198 neg 0.28009927188134076 off 0.24049776676793952	false	0.5
gefahr	neg 1.0		__DUMMY__ 0.48360243464098635 neg 0.2892284164985979 off 0.22716914886041567	false	1.0
rabiat	neg 1.0		__DUMMY__ 0.48452706537878626 neg 0.28462227640756693 off 0.23085065821364686	false	1.0
verlangsamung	neg 1.0		__DUMMY__ 0.48005999837776087 neg 0.27566100125640214 off 0.24427900036583697	false	1.0
ausgestorben	neg 1.0		__DUMMY__ 0.48555397750085166 neg 0.28501258487705716 off 0.2294334376220911	false	1.0
anklagen	neg 1.0		__DUMMY__ 0.48265301556292833 neg 0.2873002424616975 off 0.23004674197537414	false	1.0
trott	neg 1.0		__DUMMY__ 0.4858355962472968 neg 0.28282740291860464 off 0.23133700083409864	false	1.0
verminderung	neg 1.0		__DUMMY__ 0.4832187256486058 neg 0.2777824607466268 off 0.23899881360476727	false	1.0
nach			__DUMMY__ 0.4908072142813426 neg 0.28501236534670144 off 0.22418042037195585	false	0.0
rost	neg 1.0		__DUMMY__ 0.47998137051667294 neg 0.2756847807893192 off 0.24433384869400773	false	1.0
destruktiv	neg 1.0		__DUMMY__ 0.4821835734786339 neg 0.28854312156356754 off 0.22927330495779857	false	1.0
unzumutbarkeit	neg 1.0		__DUMMY__ 0.48498471104878593 neg 0.2762648012878974 off 0.23875048766331677	false	1.0
labil	off 1.0	off 1.0	off 0.6045486292292616 __DUMMY__ 0.2357653648299239 neg 0.15968600594081453	false	1.0
ziemlich	neg 1.0		__DUMMY__ 0.48426327013660847 neg 0.27885796378724864 off 0.23687876607614297	false	1.0
lachnummer	off 1.0		__DUMMY__ 0.48244407953263874 neg 0.28817172517539513 off 0.22938419529196602	false	0.5
oder			__DUMMY__ 0.48706526830951624 neg 0.2815191000072149 off 0.23141563168326879	false	0.0
verfall	neg 1.0		__DUMMY__ 0.48597753119647136 neg 0.2917929216234178 off 0.22222954718011076	false	1.0
ausgrenzung	neg 1.0		__DUMMY__ 0.48020873594249375 neg 0.28747313292208004 off 0.23231813113542624	false	1.0
unordnung	neg 1.0		__DUMMY__ 0.4802152584304988 neg 0.2795211513291349 off 0.2402635902403662	false	1.0
fehlverhalten	neg 1.0		__DUMMY__ 0.4832397680502613 neg 0.290418459479739 off 0.22634177246999967	false	1.0
eine			__DUMMY__ 0.4872373225109102 neg 0.28720140558469825 off 0.22556127190439146	false	0.0
nille	neg 1.0		__DUMMY__ 0.4821153625724598 neg 0.287278667404176 off 0.23060597002336428	false	1.0
qual	neg 1.0		__DUMMY__ 0.4855413062329547 neg 0.2832846576174813 off 0.23117403614956405	false	1.0
verschwenden	neg 1.0		__DUMMY__ 0.4857326236163293 neg 0.28704111022375756 off 0.22722626615991315	false	1.0
riesig	neg 1.0		__DUMMY__ 0.4864384713266857 neg 0.2828958396120195 off 0.23066568906129495	false	1.0
verurteilen	neg 1.0		__DUMMY__ 0.48226473809401244 neg 0.2897387064141656 off 0.2279965554918218	false	1.0
klischee	neg 1.0	neg 1.0	neg 0.6314786309939271 __DUMMY__ 0.2357090851484495 off 0.13281228385762342	false	1.0
diktatorisch	neg 1.0		__DUMMY__ 0.4788155983076501 neg 0.290123685741449 off 0.2310607159509011	false	1.0
vorhersehbar	neg 1.0		__DUMMY__ 0.48250599696834856 neg 0.2848258828728254 off 0.23266812015882607	false	1.0
sowie			__DUMMY__ 0.4793751291416204 neg 0.27833667502797294 off 0.24228819583040667	false	0.0
stornieren	neg 1.0		__DUMMY__ 0.48664556259478126 neg 0.2788406635502329 off 0.23451377385498595	false	1.0
besteuerung	neg 1.0		__DUMMY__ 0.4840025232505826 neg 0.28342690965940515 off 0.23257056709001234	false	1.0
ungeschminkt	neg 1.0		__DUMMY__ 0.484013601061679 neg 0.27837519964673046 off 0.23761119929159055	false	1.0
kritisch	neg 1.0		__DUMMY__ 0.48353410749076986 neg 0.28965207557312356 off 0.22681381693610653	false	1.0
schlamperei	off 1.0		__DUMMY__ 0.483284975381591 neg 0.28922868074873 off 0.22748634386967911	false	0.5
sucht	neg 1.0	neg 1.0	neg 0.626954730119785 __DUMMY__ 0.23949278833458928 off 0.13355248154562568	false	1.0
egoistisch	off 1.0		__DUMMY__ 0.4816645214831584 neg 0.2763285729920619 off 0.24200690552477971	false	0.5
ausbeuter	off 1.0		__DUMMY__ 0.482799795473149 neg 0.29133469459433975 off 0.22586550993251114	false	0.5
arschgeburt	off 1.0		__DUMMY__ 0.4762720549715971 neg 0.27370431380152566 off 0.2500236312268772	false	0.5
schubs	neg 1.0	neg 1.0	neg 0.6302525678086295 __DUMMY__ 0.2395223327299093 off 0.1302250994614612	false	1.0
unsolide	neg 1.0		__DUMMY__ 0.4774693404636689 neg 0.2880627011337049 off 0.2344679584026261	false	1.0
beschwerde	neg 1.0		__DUMMY__ 0.4836775616359555 neg 0.2878342258135099 off 0.22848821255053467	false	1.0
stocken	neg 1.0		__DUMMY__ 0.4856427485754529 neg 0.285909447976672 off 0.2284478034478749	false	1.0
isolieren	neg 1.0		__DUMMY__ 0.48743423236094746 neg 0.28140139955966587 off 0.23116436807938662	false	1.0
unheilbar	neg 1.0		__DUMMY__ 0.48377611502461443 neg 0.2848710160207564 off 0.23135286895462925	false	1.0
pisser	off 1.0		__DUMMY__ 0.480855700136146 neg 0.279353418049812 off 0.239790881814042	false	0.5
löschen	neg 1.0		__DUMMY__ 0.48411053188700715 neg 0.2836519288862405 off 0.23223753922675242	false	1.0
durchfallen	neg 1.0		__DUMMY__ 0.4850559850794685 neg 0.28744210135715964 off 0.22750191356337185	false	1.0
wichser	off 1.0		__DUMMY__ 0.4799496284506864 neg 0.27339028530829923 off 0.2466600862410144	false	0.5
terror	neg 1.0		__DUMMY__ 0.4861072547216408 neg 0.27822761946737407 off 0.23566512581098523	false	1.0
krass	neg 1.0		__DUMMY__ 0.48322392939624076 neg 0.27648984519910375 off 0.2402862254046555	false	1.0
revolte	neg 1.0	neg 1.0	neg 0.6344194536716931 __DUMMY__ 0.23327045189552714 off 0.13231009443277986	false	1.0
besorgt	neg 1.0		__DUMMY__ 0.48814016082005135 neg 0.28186932395424324 off 0.2299905152257054	false	1.0
nachlassen	neg 1.0		__DUMMY__ 0.4877669246451893 neg 0.2825119351958624 off 0.22972114015894837	false	1.0
alt	neg 1.0		__DUMMY__ 0.4884804405693103 neg 0.2837657649930157 off 0.22775379443767405	false	1.0
hundesohn	off 1.0		__DUMMY__ 0.4776990358022305 neg 0.27703645043236785 off 0.24526451376540157	false	0.5
als			__DUMMY__ 0.4865531441881409 neg 0.2846744146875299 off 0.2287724411243292	false	0.0
abschreckung	neg 1.0		__DUMMY__ 0.48398583985534177 neg 0.29085285418313456 off 0.2251613059615237	false	1.0
unqualifiziert	neg 1.0		__DUMMY__ 0.4825884120964573 neg 0.284356114850456 off 0.23305547305308658	false	1.0
abgewichst	off 1.0		__DUMMY__ 0.4839353406601882 neg 0.28609602661463795 off 0.22996863272517398	false	0.5
schwer	neg 1.0		__DUMMY__ 0.4859044656834184 neg 0.28348833687783265 off 0.23060719743874897	false	1.0
bedeutungslosigkeit	neg 1.0		__DUMMY__ 0.48344637132049395 neg 0.29086152065758614 off 0.22569210802191994	false	1.0
kapitulation	neg 1.0		__DUMMY__ 0.4801259243797483 neg 0.29273836476805287 off 0.22713571085219877	false	1.0
unscharf	neg 1.0		__DUMMY__ 0.4854220622722293 neg 0.27999990155175875 off 0.23457803617601203	false	1.0
schwinden	neg 1.0		__DUMMY__ 0.48587195785702475 neg 0.2872932622140154 off 0.22683477992895984	false	1.0
versklavung	neg 1.0	neg 1.0	neg 0.6339722282000895 __DUMMY__ 0.23467608873941576 off 0.13135168306049483	false	1.0
schlecht	neg 1.0		__DUMMY__ 0.48458099438233937 neg 0.27808883454396965 off 0.23733017107369098	false	1.0
verhasst	neg 1.0		__DUMMY__ 0.48238118544028374 neg 0.2869463119162471 off 0.23067250264346914	false	1.0
beschweren	neg 1.0		__DUMMY__ 0.4852905430567037 neg 0.28194699532478035 off 0.23276246161851594	false	1.0
scheiden	neg 1.0		__DUMMY__ 0.48488261328548365 neg 0.28492154487546767 off 0.23019584183904876	false	1.0
frustriert	neg 1.0		__DUMMY__ 0.4854346486019955 neg 0.28509735326438357 off 0.22946799813362104	false	1.0
schimmelig	neg 1.0		__DUMMY__ 0.48638572608301495 neg 0.28538115884214105 off 0.22823311507484395	false	1.0
fisch	neg 1.0		__DUMMY__ 0.48606985692695814 neg 0.2855514398513332 off 0.22837870322170858	false	1.0
schmuggel	neg 1.0		__DUMMY__ 0.4871590762814629 neg 0.2862787968682355 off 0.22656212685030175	false	1.0
auffallen	neg 1.0		__DUMMY__ 0.48491528130587597 neg 0.2818717063072068 off 0.2332130123869172	false	1.0
konkurrenz	neg 1.0		__DUMMY__ 0.48684838477181225 neg 0.2875302781264797 off 0.225621337101708	false	1.0
teufelskreis	neg 1.0		__DUMMY__ 0.48431730183296307 neg 0.2862191086243139 off 0.22946358954272314	false	1.0
aufschreien	neg 1.0		__DUMMY__ 0.4828487312163256 neg 0.2845290836099094 off 0.2326221851737648	false	1.0
schuldner	neg 1.0		__DUMMY__ 0.4834809808683204 neg 0.28961836208293507 off 0.22690065704874443	false	1.0
missgeburt	off 1.0	off 1.0	off 0.6078305369127197 __DUMMY__ 0.23436224577313672 neg 0.15780721731414363	false	1.0
arbeitslos	neg 1.0		__DUMMY__ 0.4839147322231968 neg 0.2878545213268922 off 0.22823074644991104	false	1.0
befallen	neg 1.0		__DUMMY__ 0.4804043676788717 neg 0.29205539997213364 off 0.2275402323489947	false	1.0
miesepetrig	off 1.0		__DUMMY__ 0.4855606438736469 neg 0.2771860838071407 off 0.23725327231921228	false	0.5
alarmieren	neg 1.0		__DUMMY__ 0.48176651282766686 neg 0.28235655155353906 off 0.2358769356187941	false	1.0
ungeduscht	off 1.0		__DUMMY__ 0.485612360961735 neg 0.27966750194747386 off 0.2347201370907911	false	0.5
knappheit	neg 1.0		__DUMMY__ 0.4851348262576887 neg 0.2856322987192076 off 0.22923287502310366	false	1.0
schlange	neg 1.0		__DUMMY__ 0.486787223741607 neg 0.28026336192569 off 0.23294941433270294	false	1.0
harsch	neg 1.0		__DUMMY__ 0.48402028141902215 neg 0.27208654959039796 off 0.24389316899057972	false	1.0
lang	neg 1.0		__DUMMY__ 0.4849896456227815 neg 0.28242345165295013 off 0.2325869027242685	false	1.0
ziellos	neg 1.0		__DUMMY__ 0.48606171001885445 neg 0.2857392056135167 off 0.2281990843676288	false	1.0
selbstverliebt	neg 1.0		__DUMMY__ 0.4770478770179661 neg 0.2757635807359969 off 0.2471885422460372	false	1.0
beseitigen	neg 1.0		__DUMMY__ 0.4868676298033146 neg 0.28029056577628214 off 0.23284180442040317	false	1.0
dumm	off 1.0		__DUMMY__ 0.48079468384292234 neg 0.2766240367544107 off 0.24258127940266686	false	0.5
arbeitsloser	neg 1.0		__DUMMY__ 0.4840979428280306 neg 0.28855331857264477 off 0.22734873859932464	false	1.0
blitzen	neg 1.0		__DUMMY__ 0.4835710152735808 neg 0.28146132917112177 off 0.23496765555529736	false	1.0
hilflos	neg 1.0		__DUMMY__ 0.4854187291127581 neg 0.2855696857032864 off 0.2290115851839556	false	1.0
eklig	off 1.0		__DUMMY__ 0.4806044045785072 neg 0.27575983827170897 off 0.24363575714978383	false	0.5
begriff			__DUMMY__ 0.4844018360115435 neg 0.2863697969340092 off 0.22922836705444724	false	0.0
hungersnot	neg 1.0		__DUMMY__ 0.4794995406406485 neg 0.29104146855846647 off 0.22945899080088497	false	1.0
ungesetzlich	neg 1.0		__DUMMY__ 0.47968516923268256 neg 0.287559503075647 off 0.23275532769167032	false	1.0
verschwendung	neg 1.0		__DUMMY__ 0.48548606604920885 neg 0.2883281118844347 off 0.22618582206635657	false	1.0
schmerzvoll	neg 1.0		__DUMMY__ 0.48537907628636984 neg 0.2818462337169298 off 0.23277468999670037	false	1.0
vorzeitig	neg 1.0		__DUMMY__ 0.4838247148505717 neg 0.2792587154589599 off 0.23691656969046843	false	1.0
unvollkommenheit	neg 1.0		__DUMMY__ 0.48467159275107746 neg 0.28406168700713136 off 0.2312667202417912	false	1.0
intervenieren	neg 1.0		__DUMMY__ 0.48224830282841713 neg 0.2915923463165606 off 0.22615935085502212	false	1.0
banause	off 1.0		__DUMMY__ 0.47980170357465984 neg 0.2751689267965156 off 0.24502936962882435	false	0.5
rebell	neg 1.0		__DUMMY__ 0.4872893403963621 neg 0.28680033556751994 off 0.22591032403611797	false	1.0
unlogisch	neg 1.0		__DUMMY__ 0.48190554078992204 neg 0.2790822532514635 off 0.23901220595861442	false	1.0
leiden	neg 1.0	neg 1.0	neg 0.6291600466958547 __DUMMY__ 0.24168901594439 off 0.1291509373597553	false	1.0
abschaffung	neg 1.0		__DUMMY__ 0.48234929165777246 neg 0.2859590075363143 off 0.2316917008059131	false	1.0
sturz	neg 1.0		__DUMMY__ 0.4818610982364542 neg 0.28600033763947547 off 0.23213856412407036	false	1.0
verkleinerung	neg 1.0		__DUMMY__ 0.480887707295256 neg 0.2843642965349868 off 0.2347479961697573	false	1.0
schmarotzer	off 1.0		__DUMMY__ 0.4827226561839298 neg 0.28986239639372424 off 0.2274149474223461	false	0.5
bestrafung	neg 1.0		__DUMMY__ 0.48322938539849797 neg 0.28499829122838966 off 0.23177232337311243	false	1.0
achtlos	neg 1.0		__DUMMY__ 0.4862824004254106 neg 0.28305576072127786 off 0.23066183885331148	false	1.0
ungeheuer	neg 1.0		__DUMMY__ 0.4835831895807342 neg 0.2833527448841393 off 0.2330640655351265	false	1.0
unaufrichtig	neg 1.0		__DUMMY__ 0.4807729291136551 neg 0.285738706157666 off 0.23348836472867884	false	1.0
groggy	neg 1.0		__DUMMY__ 0.4832189455728487 neg 0.2821144207916648 off 0.23466663363548645	false	1.0
verletzlich	neg 1.0		__DUMMY__ 0.48307653566994496 neg 0.27982486224331765 off 0.23709860208673736	false	1.0
