unsolidarisch	neg 1.0		neg 0.5519131236254022 off 0.4407578215665198 __DUMMY__ 0.007329054808077882	false	1.0
nachteilig	neg 1.0		neg 0.5503731577785426 off 0.44218495551499715 __DUMMY__ 0.007441886706460324	false	1.0
skeptisch	neg 1.0		neg 0.5531604174248055 off 0.43938274569809904 __DUMMY__ 0.007456836877095487	false	1.0
schrecklich	neg 1.0		neg 0.5388987852796981 off 0.4537011260544485 __DUMMY__ 0.007400088665853349	false	1.0
schlapp	neg 1.0		neg 0.5410890520045424 off 0.4514495515893843 __DUMMY__ 0.007461396406073166	false	1.0
abfall	neg 1.0		neg 0.5544029435201177 off 0.43812577268536845 __DUMMY__ 0.007471283794513753	false	1.0
widerspenstig	neg 1.0		neg 0.5462757983086559 off 0.44625115532117837 __DUMMY__ 0.0074730463701658135	false	1.0
abrupt	neg 1.0		neg 0.5465882391233758 off 0.4459133322498819 __DUMMY__ 0.0074984286267423626	false	1.0
unwirksam	neg 1.0		neg 0.5491716231395817 off 0.44345412552156965 __DUMMY__ 0.007374251338848711	false	1.0
angreifen	neg 1.0		neg 0.5528504848806348 off 0.4397198447531064 __DUMMY__ 0.007429670366258868	false	1.0
inkonsistent	neg 1.0		neg 0.5451213901326766 off 0.4474560047927977 __DUMMY__ 0.007422605074525529	false	1.0
abrutschen	neg 1.0		neg 0.5539375098852843 off 0.4385831071600229 __DUMMY__ 0.007479382954692796	false	1.0
unsicher	neg 1.0		neg 0.5469341726192557 off 0.4456097505467023 __DUMMY__ 0.0074560768340418805	false	1.0
bauernkind	off 1.0		neg 0.5372148585054665 off 0.45544389667282315 __DUMMY__ 0.007341244821710456	false	0.5
angreifer	neg 1.0		neg 0.5457158276749974 off 0.4468953397621501 __DUMMY__ 0.007388832562852618	false	1.0
trennen	neg 1.0		neg 0.5501765461102617 off 0.4423213927202223 __DUMMY__ 0.007502061169516096	false	1.0
schmutz	neg 1.0		neg 0.5380854379536106 off 0.4544157709337219 __DUMMY__ 0.007498791112667409	false	1.0
inkonsistenz	neg 1.0	neg 1.0	neg 0.7596870658277783 off 0.2367760607588092 __DUMMY__ 0.0035368734134124885	false	1.0
erschreckend	neg 1.0		neg 0.5497910152031354 off 0.442781854929575 __DUMMY__ 0.007427129867289374	false	1.0
ertrinken	neg 1.0		neg 0.5503108952935678 off 0.44221974484263765 __DUMMY__ 0.00746935986379455	false	1.0
pickelface	off 1.0		neg 0.5479853604739927 off 0.4446125470415122 __DUMMY__ 0.007402092484494973	false	0.5
seiner			neg 0.5522272853419488 off 0.44032533845018307 __DUMMY__ 0.007447376207868097	false	0.0
lauch	neg 1.0		neg 0.5528364136335038 off 0.4396977618132436 __DUMMY__ 0.007465824553252469	false	1.0
unwichtig	neg 1.0		neg 0.5431451536412173 off 0.4494358349278767 __DUMMY__ 0.007419011430905918	false	1.0
steuerhinterziehung	neg 1.0		neg 0.5511338418276746 off 0.44149138338727306 __DUMMY__ 0.007374774785052298	false	1.0
schock	neg 1.0		neg 0.5471777714747712 off 0.4453313619729054 __DUMMY__ 0.007490866552323466	false	1.0
beule	neg 1.0		neg 0.5398986452452771 off 0.45265009563535774 __DUMMY__ 0.007451259119365169	false	1.0
vergelten	neg 1.0		neg 0.5387583458312968 off 0.4538805251672109 __DUMMY__ 0.007361129001492281	false	1.0
verdorbenheit	neg 1.0		neg 0.54420142727132 off 0.44832772403013743 __DUMMY__ 0.007470848698542485	false	1.0
trauma	neg 1.0		neg 0.5458518018015731 off 0.4467201408590331 __DUMMY__ 0.007428057339393672	false	1.0
sinnlos	neg 1.0		neg 0.5454616667709805 off 0.44710705183971955 __DUMMY__ 0.0074312813893000615	false	1.0
fettsack	off 1.0	off 1.0	off 0.7114932360180519 neg 0.2849790332612822 __DUMMY__ 0.0035277307206658466	false	1.0
feige	off 1.0		neg 0.5454271227623322 off 0.44719058985245186 __DUMMY__ 0.007382287385215877	false	0.5
abdanken	neg 1.0		neg 0.5529429083152078 off 0.4397211300951635 __DUMMY__ 0.007335961589628753	false	1.0
wichtigtuer	off 1.0	off 1.0	off 0.7058612425083253 neg 0.29060133955422124 __DUMMY__ 0.0035374179374534887	false	1.0
misslingen	neg 1.0		neg 0.5439906788346137 off 0.44854828755011994 __DUMMY__ 0.00746103361526645	false	1.0
untreu	off 1.0		neg 0.5424462845309181 off 0.4501389692872319 __DUMMY__ 0.007414746181849891	false	0.5
missmutig	neg 1.0		neg 0.5427720172028973 off 0.4497832332448913 __DUMMY__ 0.007444749552211484	false	1.0
hurenbock	off 1.0		neg 0.5433190566047569 off 0.44919826531771406 __DUMMY__ 0.007482678077529171	false	0.5
betrunken	neg 1.0		neg 0.5396361103342562 off 0.4529295995345169 __DUMMY__ 0.007434290131226832	false	1.0
korrupt	off 1.0		neg 0.5536476453979966 off 0.4389915927572846 __DUMMY__ 0.007360761844718792	false	0.5
unmut	neg 1.0		neg 0.5547446366367091 off 0.437809577010467 __DUMMY__ 0.00744578635282384	false	1.0
hackfresse	off 1.0		neg 0.5357319969720821 off 0.4568892009196242 __DUMMY__ 0.007378802108293697	false	0.5
aufblasen	neg 1.0		neg 0.5446134609780595 off 0.447918003099806 __DUMMY__ 0.0074685359221345355	false	1.0
gewaltsam	neg 1.0		neg 0.5485462967387584 off 0.4440711881804624 __DUMMY__ 0.0073825150807792445	false	1.0
unbeliebtheit	neg 1.0		neg 0.5453695531272431 off 0.4473235791102058 __DUMMY__ 0.007306867762551032	false	1.0
sturheit	neg 1.0		neg 0.5511059906455484 off 0.44149859256293816 __DUMMY__ 0.007395416791513267	false	1.0
kuh	neg 1.0		neg 0.5457869055016895 off 0.44679196503134677 __DUMMY__ 0.007421129466963869	false	1.0
erschrecken	neg 1.0		neg 0.5434145577571361 off 0.44914623662672903 __DUMMY__ 0.007439205616134886	false	1.0
opfer	neg 1.0	neg 1.0	neg 0.7629998013199918 off 0.23344135782886485 __DUMMY__ 0.003558840851143305	false	1.0
sinken	neg 1.0		neg 0.5533038198871192 off 0.43924195986627645 __DUMMY__ 0.007454220246604514	false	1.0
stinktier	neg 1.0		neg 0.5390866380789278 off 0.45353446928302543 __DUMMY__ 0.00737889263804686	false	1.0
tucke	off 1.0		neg 0.5339686869229816 off 0.45863385349518243 __DUMMY__ 0.007397459581836081	false	0.5
ein			neg 0.5441873150414659 off 0.44831759329906945 __DUMMY__ 0.00749509165946448	false	0.0
abstieg	neg 1.0		neg 0.5512098973113748 off 0.4413884503647177 __DUMMY__ 0.007401652323907438	false	1.0
missverstehen	neg 1.0		neg 0.5473127585426308 off 0.4452920380629703 __DUMMY__ 0.007395203394398903	false	1.0
ergebnislos	neg 1.0		neg 0.5510015309246601 off 0.4415800633633468 __DUMMY__ 0.007418405711993211	false	1.0
unter			neg 0.554706578392196 off 0.43774007702746953 __DUMMY__ 0.007553344580334588	false	0.0
manipulieren	neg 1.0		neg 0.5525763635962945 off 0.43998508554342425 __DUMMY__ 0.007438550860281281	false	1.0
unbewiesen	neg 1.0		neg 0.5517264551243287 off 0.4409376311195093 __DUMMY__ 0.007335913756162027	false	1.0
verschleppen	neg 1.0		neg 0.5517851147717788 off 0.4408075043050368 __DUMMY__ 0.0074073809231841835	false	1.0
weib	off 1.0		neg 0.5347155893135821 off 0.4579191172378774 __DUMMY__ 0.007365293448540359	false	0.5
opposition	neg 1.0		neg 0.5483657079530407 off 0.44426836352954147 __DUMMY__ 0.0073659285174177075	false	1.0
verkehrswidrig	neg 1.0		neg 0.5356845261569592 off 0.45689318429486453 __DUMMY__ 0.007422289548176246	false	1.0
inkorrekt	neg 1.0		neg 0.545416654251598 off 0.447243161348398 __DUMMY__ 0.007340184400003838	false	1.0
vermeiden	neg 1.0		neg 0.5531818304522512 off 0.43929626812234435 __DUMMY__ 0.007521901425404317	false	1.0
abweichung	neg 1.0		neg 0.5522113717544259 off 0.44039984249260167 __DUMMY__ 0.007388785752972389	false	1.0
alkoholisiert	neg 1.0		neg 0.547813494593385 off 0.4447074596565557 __DUMMY__ 0.007479045750059233	false	1.0
scheiss	off 1.0	off 1.0	off 0.7099510978753616 neg 0.28649041663391617 __DUMMY__ 0.0035584854907223834	false	1.0
herausforderung	neg 1.0		neg 0.5464428338481798 off 0.44603626804426927 __DUMMY__ 0.007520898107550806	false	1.0
pervers	off 1.0		neg 0.5319941039051034 off 0.4606520910694227 __DUMMY__ 0.007353805025473849	false	0.5
wackelig	neg 1.0		neg 0.5466128091559498 off 0.44586910901207655 __DUMMY__ 0.007518081831973552	false	1.0
verwickeln	neg 1.0		neg 0.5468337319307875 off 0.4457537260020767 __DUMMY__ 0.007412542067135752	false	1.0
vorwand	neg 1.0		neg 0.5545977894248688 off 0.43797360591275675 __DUMMY__ 0.007428604662374259	false	1.0
muschi	off 1.0		neg 0.5488720582748979 off 0.4437314698727291 __DUMMY__ 0.0073964718523729005	false	0.5
entmutigung	neg 1.0		neg 0.5509000466169669 off 0.4418042399407657 __DUMMY__ 0.007295713442267504	false	1.0
unangemessen	neg 1.0		neg 0.5524928873584084 off 0.4401132282926414 __DUMMY__ 0.007393884348950127	false	1.0
unstetig	neg 1.0		neg 0.543882139089594 off 0.44870749356036704 __DUMMY__ 0.007410367350038848	false	1.0
entmutigen	neg 1.0		neg 0.5460776242833738 off 0.4464778515568842 __DUMMY__ 0.007444524159741926	false	1.0
schwanz	neg 1.0		neg 0.5496262677364102 off 0.4429388348935811 __DUMMY__ 0.007434897370008484	false	1.0
verbot	neg 1.0		neg 0.5521366785962218 off 0.44048664954110317 __DUMMY__ 0.007376671862674963	false	1.0
leid	neg 1.0		neg 0.5372642393698925 off 0.4553429516719729 __DUMMY__ 0.007392808958134537	false	1.0
archaisch	neg 1.0		neg 0.5514583810054 off 0.44113943878961986 __DUMMY__ 0.007402180204980057	false	1.0
gegen			neg 0.5547879279277474 off 0.4377985304745655 __DUMMY__ 0.007413541597687086	false	0.0
scheidung	neg 1.0	neg 1.0	neg 0.7466720829434105 off 0.249796977114726 __DUMMY__ 0.0035309399418635536	false	1.0
einschlag	neg 1.0		neg 0.5389622509539338 off 0.45366510715259034 __DUMMY__ 0.007372641893476035	false	1.0
m			neg 0.5476047890800019 off 0.4449279112145163 __DUMMY__ 0.0074672997054819395	false	0.0
abgestanden	neg 1.0		neg 0.5449815736701089 off 0.44753666267192743 __DUMMY__ 0.007481763657963561	false	1.0
schmierig	off 1.0		neg 0.5378253465678879 off 0.4547648368078597 __DUMMY__ 0.007409816624252331	false	0.5
unpraktisch	neg 1.0		neg 0.5441141371642446 off 0.44840728720159756 __DUMMY__ 0.007478575634157786	false	1.0
wixxer	off 1.0		neg 0.5327275809330965 off 0.4599389823614817 __DUMMY__ 0.007333436705421823	false	0.5
bezeichnet			neg 0.5503218704856476 off 0.44227822877503337 __DUMMY__ 0.0073999007393189846	false	0.0
jammerlappen	off 1.0		neg 0.5434232820536854 off 0.44916108580427183 __DUMMY__ 0.00741563214204279	false	0.5
farce	neg 1.0		neg 0.5537359120771668 off 0.4389316369241393 __DUMMY__ 0.007332450998693999	false	1.0
zwecklos	neg 1.0		neg 0.5520686791536561 off 0.44051989817975024 __DUMMY__ 0.0074114226665935945	false	1.0
turbulent	neg 1.0		neg 0.5399269812601794 off 0.4526905176076164 __DUMMY__ 0.0073825011322042776	false	1.0
invasion	neg 1.0		neg 0.5430515547132505 off 0.44949843370164294 __DUMMY__ 0.007450011585106493	false	1.0
schuld	neg 1.0		neg 0.5475088732762153 off 0.4450692555528587 __DUMMY__ 0.007421871170925952	false	1.0
risiko	neg 1.0		neg 0.5414116514933559 off 0.451111590637718 __DUMMY__ 0.007476757868926103	false	1.0
finster	neg 1.0		neg 0.5446088228314482 off 0.4479050743042216 __DUMMY__ 0.007486102864330105	false	1.0
geisteskrank	off 1.0		neg 0.5439863360090754 off 0.44865260691145054 __DUMMY__ 0.007361057079474064	false	0.5
zusammenbrechen	neg 1.0		neg 0.5481244397313577 off 0.4444099542505513 __DUMMY__ 0.0074656060180911124	false	1.0
ausbeute	neg 1.0		neg 0.5483010933981353 off 0.44421304177602716 __DUMMY__ 0.007485864825837659	false	1.0
hinterhalt	neg 1.0		neg 0.5471332047775885 off 0.44545196375873464 __DUMMY__ 0.007414831463676966	false	1.0
kritik	neg 1.0		neg 0.5528448670496404 off 0.4398034046303646 __DUMMY__ 0.007351728319995001	false	1.0
einschrumpfen	neg 1.0		neg 0.5462384055587121 off 0.44640199495865757 __DUMMY__ 0.0073595994826303615	false	1.0
riskant	neg 1.0		neg 0.5515457586991025 off 0.441002742030851 __DUMMY__ 0.00745149927004658	false	1.0
frustrieren	neg 1.0		neg 0.5521914293186279 off 0.44036918663986246 __DUMMY__ 0.007439384041509726	false	1.0
groll	neg 1.0		neg 0.5517526873859302 off 0.4408339634275368 __DUMMY__ 0.007413349186533014	false	1.0
gibt			neg 0.5496041143833161 off 0.44295073769304455 __DUMMY__ 0.007445147923639277	false	0.0
qualvoll	neg 1.0		neg 0.5444796636814087 off 0.44807522340610517 __DUMMY__ 0.007445112912486092	false	1.0
wackeln	neg 1.0		neg 0.5444464916308427 off 0.4480662378993976 __DUMMY__ 0.007487270469759673	false	1.0
klagen	neg 1.0		neg 0.5548674556258714 off 0.4377088836911221 __DUMMY__ 0.007423660683006566	false	1.0
bankrott	neg 1.0		neg 0.5415829635310636 off 0.4509770173574084 __DUMMY__ 0.007440019111527903	false	1.0
trauern	neg 1.0		neg 0.5521629742281599 off 0.44040266727425903 __DUMMY__ 0.00743435849758131	false	1.0
ablehnung	neg 1.0	neg 1.0	neg 0.763096150416995 off 0.23337963972523246 __DUMMY__ 0.003524209857772592	false	1.0
stur	neg 1.0		neg 0.5468092157942093 off 0.4457642258349821 __DUMMY__ 0.00742655837080867	false	1.0
aufruhr	neg 1.0		neg 0.5499658461432887 off 0.44266641031585285 __DUMMY__ 0.0073677435408583125	false	1.0
melancholie	neg 1.0		neg 0.5477940446834935 off 0.4447149845012765 __DUMMY__ 0.007490970815230108	false	1.0
ist			neg 0.5465650361390875 off 0.4460091762100842 __DUMMY__ 0.007425787650828345	false	0.0
torheit	neg 1.0		neg 0.5509441830107626 off 0.4417197514601611 __DUMMY__ 0.007336065529076307	false	1.0
dreckskind	off 1.0		neg 0.539138418261045 off 0.45353226383512574 __DUMMY__ 0.007329317903829156	false	0.5
umtauschen	neg 1.0		neg 0.5460237038701472 off 0.44649911133889936 __DUMMY__ 0.007477184790953458	false	1.0
zum			neg 0.5511447182090942 off 0.44130213557984965 __DUMMY__ 0.0075531462110561476	false	0.0
zersetzen	neg 1.0		neg 0.5535607970005416 off 0.43900721596734055 __DUMMY__ 0.007431987032117987	false	1.0
zur			neg 0.5556304938814414 off 0.4369030427922042 __DUMMY__ 0.0074664633263545705	false	0.0
frust	neg 1.0		neg 0.5492072833761046 off 0.44334191468354245 __DUMMY__ 0.007450801940352872	false	1.0
unerbittlichkeit	neg 1.0		neg 0.5530653148429119 off 0.4395135661833071 __DUMMY__ 0.007421118973780992	false	1.0
zwei			neg 0.5506967580183482 off 0.44178168786428795 __DUMMY__ 0.007521554117363938	false	0.0
unkorrekt	neg 1.0		neg 0.5442066119708161 off 0.44844681226166333 __DUMMY__ 0.007346575767520614	false	1.0
hexe	off 1.0		neg 0.5418025602635286 off 0.4507726663853805 __DUMMY__ 0.007424773351090917	false	0.5
lasch	neg 1.0		neg 0.5463721348130529 off 0.44624212346124675 __DUMMY__ 0.00738574172570038	false	1.0
rivale	neg 1.0		neg 0.5389505523648613 off 0.45366532715615526 __DUMMY__ 0.00738412047898348	false	1.0
mutlos	off 1.0	off 1.0	off 0.7030321094398253 neg 0.2934248562756221 __DUMMY__ 0.0035430342845526154	false	1.0
wirr	off 1.0		neg 0.5416480457777211 off 0.4509945124735213 __DUMMY__ 0.007357441748757625	false	0.5
jahr			neg 0.5484415080192184 off 0.44404854483217354 __DUMMY__ 0.007509947148607925	false	0.0
wird			neg 0.5509441397934902 off 0.44160709102064943 __DUMMY__ 0.0074487691858602795	false	0.0
strafbar	neg 1.0		neg 0.5541167465369845 off 0.4384914922578861 __DUMMY__ 0.007391761205129585	false	1.0
erosion	neg 1.0		neg 0.5445965782276709 off 0.4479448488076436 __DUMMY__ 0.00745857296468542	false	1.0
eingehen	neg 1.0		neg 0.5519728048281887 off 0.4406054358229447 __DUMMY__ 0.007421759348866627	false	1.0
faul	off 1.0		neg 0.5409195518740745 off 0.45161121845218677 __DUMMY__ 0.007469229673738736	false	0.5
provisorium	neg 1.0		neg 0.556469191811692 off 0.4360017635095287 __DUMMY__ 0.007529044678779275	false	1.0
schmerzen	neg 1.0		neg 0.5474961613118933 off 0.44503741990699647 __DUMMY__ 0.007466418781110098	false	1.0
schrumpfen	neg 1.0		neg 0.5554208576674915 off 0.43709987489062757 __DUMMY__ 0.007479267441880932	false	1.0
geistlos	off 1.0		neg 0.5492516411332136 off 0.4434159045869321 __DUMMY__ 0.007332454279854443	false	0.5
fehlkauf	neg 1.0		neg 0.5458848650939181 off 0.44671706301355735 __DUMMY__ 0.007398071892524652	false	1.0
frustrierend	neg 1.0		neg 0.5434199957859973 off 0.44913989214394484 __DUMMY__ 0.00744011207005788	false	1.0
unzufrieden	neg 1.0		neg 0.5508299870046964 off 0.4417350841639937 __DUMMY__ 0.007434928831309784	false	1.0
verzweifeln	neg 1.0		neg 0.5478532806217861 off 0.4446939724886766 __DUMMY__ 0.007452746889537313	false	1.0
verzweifelt	neg 1.0		neg 0.5467880545462016 off 0.44578268575771773 __DUMMY__ 0.007429259696080762	false	1.0
misstrauensantrag	neg 1.0		neg 0.545836568175578 off 0.44676754844535727 __DUMMY__ 0.007395883379064645	false	1.0
abfallen	neg 1.0		neg 0.5436536171406811 off 0.44884741621725277 __DUMMY__ 0.007498966642066087	false	1.0
fucker	off 1.0		neg 0.5408456636003721 off 0.451773769540416 __DUMMY__ 0.0073805668592119966	false	0.5
ungezogen	neg 1.0		neg 0.5337331244050373 off 0.45888674714755306 __DUMMY__ 0.007380128447409658	false	1.0
irrsinnig	neg 1.0	neg 1.0	neg 0.7607401529609849 off 0.2357096252176224 __DUMMY__ 0.0035502218213926354	false	1.0
unfassbar	neg 1.0		neg 0.54277818522707 off 0.44980647801379214 __DUMMY__ 0.00741533675913768	false	1.0
hart	neg 1.0		neg 0.5429179637661925 off 0.44968315616325566 __DUMMY__ 0.007398880070551824	false	1.0
widerlich	off 1.0		neg 0.5430539440510624 off 0.44955767217691284 __DUMMY__ 0.007388383772024763	false	0.5
fatal	neg 1.0		neg 0.5453559630347011 off 0.44723265638710624 __DUMMY__ 0.007411380578192709	false	1.0
bruch	neg 1.0		neg 0.5563672002113973 off 0.4362282915244605 __DUMMY__ 0.007404508264142294	false	1.0
aushungern	neg 1.0		neg 0.5507188304262614 off 0.44191768024445804 __DUMMY__ 0.007363489329280539	false	1.0
anspannung	neg 1.0		neg 0.5527225851044362 off 0.4397768322369201 __DUMMY__ 0.007500582658643687	false	1.0
von			neg 0.5502067043536298 off 0.4422949233584114 __DUMMY__ 0.007498372287958751	false	0.0
kraftlos	neg 1.0		neg 0.5478405137643724 off 0.4446570705423025 __DUMMY__ 0.007502415693325023	false	1.0
vom			neg 0.5545310328435744 off 0.43792883579469233 __DUMMY__ 0.007540131361733296	false	0.0
grenzdebil	off 1.0		neg 0.5409037437082174 off 0.451670200645039 __DUMMY__ 0.007426055646743687	false	0.5
vor			neg 0.552401830476776 off 0.44011514546427166 __DUMMY__ 0.007483024058952349	false	0.0
unterwerfen	neg 1.0		neg 0.552777200128111 off 0.43980894542352617 __DUMMY__ 0.007413854448362931	false	1.0
versenkung	neg 1.0		neg 0.5520607018137534 off 0.440498895013058 __DUMMY__ 0.007440403173188426	false	1.0
entziehen	neg 1.0		neg 0.554875133473135 off 0.43768862286026167 __DUMMY__ 0.007436243666603336	false	1.0
finanzkrise	neg 1.0		neg 0.5507468790999763 off 0.44188569559199187 __DUMMY__ 0.007367425308031726	false	1.0
schimpfend	neg 1.0		neg 0.5422351089570707 off 0.45025758430524276 __DUMMY__ 0.007507306737686637	false	1.0
profan	neg 1.0		neg 0.5454336180284864 off 0.44713457126023093 __DUMMY__ 0.007431810711282526	false	1.0
korruption	neg 1.0		neg 0.5529530167268039 off 0.4396764547235354 __DUMMY__ 0.007370528549660664	false	1.0
â			neg 0.5490005133275228 off 0.4435386556499944 __DUMMY__ 0.007460831022482848	false	0.0
schmutzig	neg 1.0		neg 0.5401815412249141 off 0.45236436974668565 __DUMMY__ 0.0074540890284001855	false	1.0
sexy	neg 1.0		neg 0.5430191481924059 off 0.4495549401990436 __DUMMY__ 0.007425911608550473	false	1.0
abraten	neg 1.0		neg 0.5453978265981009 off 0.4471489098527343 __DUMMY__ 0.007453263549164798	false	1.0
schwarz	neg 1.0		neg 0.5459104578336773 off 0.44666897117265075 __DUMMY__ 0.0074205709936719395	false	1.0
fotze	off 1.0		neg 0.550559837225936 off 0.4420336376172997 __DUMMY__ 0.007406525156764207	false	0.5
verwirren	neg 1.0		neg 0.5446514831522973 off 0.4479200283642748 __DUMMY__ 0.0074284884834277575	false	1.0
zahnlos	off 1.0		neg 0.5518547122799347 off 0.44073783953139234 __DUMMY__ 0.007407448188673103	false	0.5
verheeren	neg 1.0		neg 0.5331639640322655 off 0.4594994070432259 __DUMMY__ 0.007336628924508545	false	1.0
hippie	neg 1.0		neg 0.5436385562452478 off 0.44894241637044957 __DUMMY__ 0.007419027384302557	false	1.0
rammen	neg 1.0		neg 0.5432203905558538 off 0.449330872475126 __DUMMY__ 0.00744873696902008	false	1.0
unlauter	neg 1.0	neg 1.0	neg 0.7595869557373941 off 0.23686737236873334 __DUMMY__ 0.003545671893872549	false	1.0
unheilvoll	neg 1.0		neg 0.5447299493708072 off 0.44782286690949885 __DUMMY__ 0.00744718371969389	false	1.0
niedrig	neg 1.0		neg 0.549803125509719 off 0.4427489112037389 __DUMMY__ 0.007447963286542186	false	1.0
explosion	neg 1.0		neg 0.5431826301967436 off 0.44937722201662567 __DUMMY__ 0.007440147786630695	false	1.0
weichei	off 1.0		neg 0.5368654501491863 off 0.4557511009421456 __DUMMY__ 0.0073834489086682465	false	0.5
minusmensch	off 1.0		neg 0.5359747370011015 off 0.4567360032585069 __DUMMY__ 0.0072892597403915686	false	0.5
farblos	neg 1.0		neg 0.5465477163266929 off 0.4460276799311332 __DUMMY__ 0.007424603742173964	false	1.0
unwissend	neg 1.0	neg 1.0	neg 0.7584049947351029 off 0.23805318361115174 __DUMMY__ 0.0035418216537453553	false	1.0
traurig	neg 1.0		neg 0.5391501254622296 off 0.4534295378409568 __DUMMY__ 0.007420336696813618	false	1.0
senkung	neg 1.0		neg 0.5440516346410744 off 0.4485273030798419 __DUMMY__ 0.007421062279083688	false	1.0
ungleich	neg 1.0	neg 1.0	neg 0.7633173954991458 off 0.23313014705689816 __DUMMY__ 0.0035524574439561095	false	1.0
heikel	neg 1.0		neg 0.5532230037772412 off 0.4393368126826487 __DUMMY__ 0.00744018354011006	false	1.0
drosselung	neg 1.0		neg 0.5382678763562263 off 0.45430590260667486 __DUMMY__ 0.007426221037098859	false	1.0
falsch	neg 1.0		neg 0.5436570882268708 off 0.4489194805895612 __DUMMY__ 0.007423431183568131	false	1.0
unzufriedenheit	neg 1.0		neg 0.5537326746740946 off 0.4388337180665248 __DUMMY__ 0.007433607259380711	false	1.0
kurz	neg 1.0		neg 0.5469859664022108 off 0.4455219877045794 __DUMMY__ 0.0074920458932097814	false	1.0
unsinnig	neg 1.0		neg 0.5507077504426908 off 0.4418667724745339 __DUMMY__ 0.007425477082775177	false	1.0
penner	off 1.0	off 1.0	off 0.7127580909844128 neg 0.2837075916755422 __DUMMY__ 0.0035343173400451088	false	1.0
seicht	neg 1.0		neg 0.5363364777409039 off 0.4563281132266902 __DUMMY__ 0.007335409032405971	false	1.0
dummheit	off 1.0	off 1.0	off 0.7063880773781281 neg 0.2900733897865306 __DUMMY__ 0.0035385328353412285	false	1.0
unerfreulich	neg 1.0		neg 0.5526709636387455 off 0.43986477193657775 __DUMMY__ 0.007464264424677008	false	1.0
motherfucker	off 1.0	off 1.0	off 0.7097331069058905 neg 0.28673201717908886 __DUMMY__ 0.00353487591502055	false	1.0
pikiert	neg 1.0		neg 0.5444898310114782 off 0.448119727577249 __DUMMY__ 0.00739044141127274	false	1.0
wrack	neg 1.0		neg 0.5491812099243224 off 0.44336844438657685 __DUMMY__ 0.007450345689100619	false	1.0
gangster	neg 1.0		neg 0.5444100507853668 off 0.44816762961321555 __DUMMY__ 0.0074223196014177005	false	1.0
krank	neg 1.0		neg 0.5395704704840029 off 0.4529753398521288 __DUMMY__ 0.007454189663868428	false	1.0
reich	neg 1.0		neg 0.546518332073867 off 0.44616974941362336 __DUMMY__ 0.007311918512509579	false	1.0
gnadenlos	neg 1.0		neg 0.5470233278266837 off 0.4455481140432194 __DUMMY__ 0.007428558130096679	false	1.0
niedergeschlagen	neg 1.0		neg 0.5484024681658979 off 0.44413991924800394 __DUMMY__ 0.007457612586098045	false	1.0
terrorisieren	off 1.0	off 1.0	off 0.7035588416032835 neg 0.2928805863356534 __DUMMY__ 0.0035605720610631347	false	1.0
sinnlosigkeit	neg 1.0		neg 0.5514324556617171 off 0.4411529896479995 __DUMMY__ 0.0074145546902835095	false	1.0
behindern	neg 1.0		neg 0.5465893509185711 off 0.4459506481262841 __DUMMY__ 0.007460000955144795	false	1.0
undemokratisch	neg 1.0		neg 0.5495990036582594 off 0.44304612742761174 __DUMMY__ 0.007354868914128931	false	1.0
wirtschaftskrise	neg 1.0		neg 0.5519243628622826 off 0.44068340971425557 __DUMMY__ 0.007392227423461621	false	1.0
neid	neg 1.0		neg 0.5427137680131072 off 0.44983270879383636 __DUMMY__ 0.007453523193056568	false	1.0
rutschen	neg 1.0		neg 0.550579086497348 off 0.44186044814519265 __DUMMY__ 0.00756046535745927	false	1.0
rezession	neg 1.0		neg 0.5400263146823845 off 0.4526274364016699 __DUMMY__ 0.007346248915945557	false	1.0
fehlgeburt	neg 1.0		neg 0.5481591640045401 off 0.44443380377206076 __DUMMY__ 0.007407032223399131	false	1.0
charakterschwach	off 1.0		neg 0.5430815796803974 off 0.44952666500810534 __DUMMY__ 0.007391755311497248	false	0.5
isolation	neg 1.0		neg 0.5419972469278563 off 0.4505804082327178 __DUMMY__ 0.0074223448394258595	false	1.0
ablenkung	neg 1.0		neg 0.5464497629386856 off 0.44609287372067247 __DUMMY__ 0.007457363340641964	false	1.0
pech	neg 1.0		neg 0.5433066013400676 off 0.44924711099413434 __DUMMY__ 0.007446287665797932	false	1.0
vermeidung	neg 1.0		neg 0.5389883882909001 off 0.45357040212949423 __DUMMY__ 0.0074412095796057	false	1.0
dominieren	neg 1.0		neg 0.5488598776283886 off 0.4437034843628577 __DUMMY__ 0.007436638008753618	false	1.0
schwindlig	neg 1.0		neg 0.5423351260231348 off 0.45018823687817133 __DUMMY__ 0.007476637098693727	false	1.0
lutscher	neg 1.0		neg 0.5346297078327233 off 0.4580233566708947 __DUMMY__ 0.00734693549638186	false	1.0
pflicht	neg 1.0		neg 0.5538493834598686 off 0.43871828302333205 __DUMMY__ 0.007432333516799402	false	1.0
faschist	off 1.0		neg 0.5495091024067972 off 0.4431557711872582 __DUMMY__ 0.007335126405944599	false	0.5
verschleudern	neg 1.0		neg 0.5521854164706783 off 0.4404133083716456 __DUMMY__ 0.0074012751576761305	false	1.0
wenn			neg 0.5437212805538122 off 0.44885525954496797 __DUMMY__ 0.007423459901219641	false	0.0
ehebruch	neg 1.0		neg 0.5532342390598132 off 0.4393707112979465 __DUMMY__ 0.007395049642240367	false	1.0
spott	off 1.0		neg 0.5533989135069738 off 0.4391948664780202 __DUMMY__ 0.007406220015006009	false	0.5
trostlosigkeit	neg 1.0		neg 0.5560526608550731 off 0.43656739965647107 __DUMMY__ 0.007379939488455849	false	1.0
lutschen	neg 1.0		neg 0.5440190156486517 off 0.4485916131765863 __DUMMY__ 0.00738937117476177	false	1.0
undiszipliniert	neg 1.0		neg 0.5400275571755934 off 0.45255708440767184 __DUMMY__ 0.007415358416734954	false	1.0
kopfschmerz	neg 1.0		neg 0.5470199457990506 off 0.44552168855223884 __DUMMY__ 0.007458365648710583	false	1.0
unvorhergesehen	neg 1.0		neg 0.545721037671064 off 0.4467599617058267 __DUMMY__ 0.007519000623109302	false	1.0
desinteressiert	neg 1.0		neg 0.5413725072615094 off 0.45123162864209054 __DUMMY__ 0.007395864096400164	false	1.0
armselig	off 1.0		neg 0.540994946217953 off 0.45162530976448934 __DUMMY__ 0.007379744017557699	false	0.5
desaster	neg 1.0		neg 0.5567803635481161 off 0.4358148010087254 __DUMMY__ 0.0074048354431585145	false	1.0
tod	neg 1.0		neg 0.5543999118484236 off 0.4382275001839805 __DUMMY__ 0.007372587967595937	false	1.0
herzlos	neg 1.0		neg 0.5388072063880137 off 0.4537822011584512 __DUMMY__ 0.00741059245353503	false	1.0
unwissenheit	neg 1.0		neg 0.5520214844128456 off 0.4405758277808936 __DUMMY__ 0.007402687806260705	false	1.0
widersinnig	neg 1.0		neg 0.5526920025330144 off 0.4399506132355288 __DUMMY__ 0.007357384231456847	false	1.0
bedenklich	neg 1.0		neg 0.5524240510276861 off 0.4401440126322912 __DUMMY__ 0.007431936340022742	false	1.0
beanstanden	neg 1.0		neg 0.553849375203851 off 0.43871054712727414 __DUMMY__ 0.00744007766887476	false	1.0
panisch	neg 1.0	neg 1.0	neg 0.7576831808469183 off 0.23871994019979484 __DUMMY__ 0.0035968789532867113	false	1.0
debil	off 1.0		neg 0.5558989435729257 off 0.4366399647838998 __DUMMY__ 0.0074610916431745635	false	0.5
abstrich	neg 1.0		neg 0.5431847399248091 off 0.4493060022713637 __DUMMY__ 0.007509257803827151	false	1.0
primitiv	neg 1.0		neg 0.5424433907181682 off 0.4501697325743038 __DUMMY__ 0.0073868767075280705	false	1.0
abschaum	off 1.0	off 1.0	off 0.7074418906263021 neg 0.2890294513493271 __DUMMY__ 0.003528658024370732	false	1.0
provozieren	neg 1.0		neg 0.5490475314234535 off 0.44355135400525375 __DUMMY__ 0.0074011145712926125	false	1.0
tot	neg 1.0		neg 0.5499307954144901 off 0.4426635866132858 __DUMMY__ 0.007405617972224123	false	1.0
instabil	neg 1.0		neg 0.5399058639976027 off 0.45272711474649113 __DUMMY__ 0.007367021255906226	false	1.0
schwuchtel	off 1.0		neg 0.5311926319204721 off 0.46151759302333667 __DUMMY__ 0.007289775056191137	false	0.5
zerren	neg 1.0		neg 0.5488394522422917 off 0.443706929572728 __DUMMY__ 0.007453618184980434	false	1.0
kinderficker	off 1.0		neg 0.5401749394704504 off 0.4524830814484876 __DUMMY__ 0.007341979081062187	false	0.5
gefahr	neg 1.0		neg 0.5526528469739715 off 0.43993537196221183 __DUMMY__ 0.007411781063816532	false	1.0
rabiat	neg 1.0		neg 0.54809296077342 off 0.4444787603175174 __DUMMY__ 0.007428278909062674	false	1.0
verlangsamung	neg 1.0		neg 0.5356812407741463 off 0.4569665371448113 __DUMMY__ 0.0073522220810424655	false	1.0
ausgestorben	neg 1.0		neg 0.5490997501101096 off 0.443454773043726 __DUMMY__ 0.007445476846164318	false	1.0
anklagen	neg 1.0		neg 0.5499854592689277 off 0.44261902737746717 __DUMMY__ 0.007395513353605091	false	1.0
trott	neg 1.0		neg 0.5468559501669168 off 0.4456934785244209 __DUMMY__ 0.007450571308662214	false	1.0
verminderung	neg 1.0		neg 0.5397621474454447 off 0.45283193018003026 __DUMMY__ 0.007405922374525028	false	1.0
nach			neg 0.5522122848853349 off 0.4402561348347544 __DUMMY__ 0.007531580279910719	false	0.0
rost	neg 1.0		neg 0.5356568955601421 off 0.4569929794445407 __DUMMY__ 0.007350124995317132	false	1.0
destruktiv	neg 1.0		neg 0.55100431787539 off 0.44160641702996545 __DUMMY__ 0.007389265094644503	false	1.0
unzumutbarkeit	neg 1.0		neg 0.5392363114737093 off 0.45332990220979685 __DUMMY__ 0.0074337863164939365	false	1.0
labil	off 1.0	off 1.0	off 0.7085676677581852 neg 0.2878949270612817 __DUMMY__ 0.0035374051805329813	false	1.0
ziemlich	neg 1.0		neg 0.5415927944420984 off 0.4509830551642907 __DUMMY__ 0.007424150393610773	false	1.0
lachnummer	off 1.0		neg 0.5507820150507344 off 0.4418241253447869 __DUMMY__ 0.007393859604478872	false	0.5
oder			neg 0.5461269648956099 off 0.4464025298591571 __DUMMY__ 0.007470505245233092	false	0.0
verfall	neg 1.0		neg 0.5568076304239261 off 0.43574077941781864 __DUMMY__ 0.007451590158255333	false	1.0
ausgrenzung	neg 1.0		neg 0.548737276333122 off 0.44390723174631647 __DUMMY__ 0.007355491920561494	false	1.0
unordnung	neg 1.0		neg 0.5399169037030145 off 0.45272960285425373 __DUMMY__ 0.007353493442731783	false	1.0
fehlverhalten	neg 1.0		neg 0.5537344156263794 off 0.4388589274179199 __DUMMY__ 0.007406656955700658	false	1.0
eine			neg 0.5524752065471732 off 0.4400513770140081 __DUMMY__ 0.007473416438818611	false	0.0
nille	neg 1.0		neg 0.5495687889383514 off 0.44304318949541777 __DUMMY__ 0.007388021566230756	false	1.0
qual	neg 1.0		neg 0.5471928340016684 off 0.44536147591789005 __DUMMY__ 0.007445690080441738	false	1.0
verschwenden	neg 1.0		neg 0.5514082722446958 off 0.4411432643350993 __DUMMY__ 0.0074484634202047805	false	1.0
riesig	neg 1.0		neg 0.5473359103725296 off 0.4452063598353778 __DUMMY__ 0.00745772979209259	false	1.0
verurteilen	neg 1.0		neg 0.5524251836634695 off 0.4401847251741252 __DUMMY__ 0.007390091162405273	false	1.0
klischee	neg 1.0	neg 1.0	neg 0.759661462565512 off 0.23680187982158793 __DUMMY__ 0.0035366576128999854	false	1.0
diktatorisch	neg 1.0		neg 0.5508092869685391 off 0.4418582999071475 __DUMMY__ 0.007332413124313518	false	1.0
vorhersehbar	neg 1.0		neg 0.547116280255281 off 0.44548881148919867 __DUMMY__ 0.007394908255520307	false	1.0
sowie			neg 0.5381531675803691 off 0.4545044318724885 __DUMMY__ 0.007342400547142469	false	0.0
stornieren	neg 1.0		neg 0.5430159406007399 off 0.4495230960116243 __DUMMY__ 0.007460963387635796	false	1.0
besteuerung	neg 1.0		neg 0.5464033359945993 off 0.4461784109412892 __DUMMY__ 0.007418253064111398	false	1.0
ungeschminkt	neg 1.0		neg 0.54084174923961 off 0.4517398938000375 __DUMMY__ 0.007418356960352458	false	1.0
kritisch	neg 1.0		neg 0.553041222842811 off 0.439546984505903 __DUMMY__ 0.007411792651285962	false	1.0
schlamperei	off 1.0		neg 0.5524673407785884 off 0.440126458465454 __DUMMY__ 0.007406200755957647	false	0.5
sucht	neg 1.0	neg 1.0	neg 0.7571525651254675 off 0.23925385966525256 __DUMMY__ 0.0035935752092800147	false	1.0
egoistisch	off 1.0		neg 0.5373404870220001 off 0.4552791430064723 __DUMMY__ 0.007380369971527602	false	0.5
ausbeuter	off 1.0		neg 0.5544675896469582 off 0.438133264429439 __DUMMY__ 0.007399145923602861	false	0.5
arschgeburt	off 1.0		neg 0.5313331402848651 off 0.4613764557995274 __DUMMY__ 0.007290403915607515	false	0.5
schubs	neg 1.0	neg 1.0	neg 0.7604556429164144 off 0.23594964539043767 __DUMMY__ 0.0035947116931478837	false	1.0
unsolide	neg 1.0		neg 0.5477374011710922 off 0.4449528263768272 __DUMMY__ 0.007309772452080728	false	1.0
beschwerde	neg 1.0		neg 0.5511628606244956 off 0.44142452597963977 __DUMMY__ 0.007412613395864557	false	1.0
stocken	neg 1.0		neg 0.5501914078209164 off 0.4423632077792471 __DUMMY__ 0.007445384399836508	false	1.0
isolieren	neg 1.0		neg 0.5464180075249665 off 0.4461077442441526 __DUMMY__ 0.007474248230880991	false	1.0
unheilbar	neg 1.0		neg 0.5479781790105898 off 0.4446068350799621 __DUMMY__ 0.0074149859094481355	false	1.0
pisser	off 1.0		neg 0.5401617933112861 off 0.45247247382372563 __DUMMY__ 0.0073657328649883265	false	0.5
löschen	neg 1.0		neg 0.5467653193927907 off 0.4458129873046244 __DUMMY__ 0.00742169330258483	false	1.0
durchfallen	neg 1.0		neg 0.5514884131863993 off 0.4410745500187037 __DUMMY__ 0.007437036794896971	false	1.0
wichser	off 1.0		neg 0.5330871116220621 off 0.4595606488166377 __DUMMY__ 0.007352239561300242	false	0.5
terror	neg 1.0		neg 0.5419779163505045 off 0.45056782596457323 __DUMMY__ 0.007454257684922241	false	1.0
krass	neg 1.0		neg 0.5383249825613201 off 0.454269437073149 __DUMMY__ 0.007405580365530805	false	1.0
revolte	neg 1.0	neg 1.0	neg 0.7613420204180974 off 0.2351596837255906 __DUMMY__ 0.003498295856312024	false	1.0
besorgt	neg 1.0		neg 0.5472441290064228 off 0.4452686125745391 __DUMMY__ 0.0074872584190380205	false	1.0
nachlassen	neg 1.0		neg 0.5477119109013924 off 0.4448078051749011 __DUMMY__ 0.007480283923706479	false	1.0
alt	neg 1.0		neg 0.5493522307163997 off 0.44315715589298604 __DUMMY__ 0.007490613390614103	false	1.0
hundesohn	off 1.0		neg 0.5358260036856842 off 0.45686011609111615 __DUMMY__ 0.007313880223199676	false	0.5
als			neg 0.5493420575623652 off 0.4431962078218659 __DUMMY__ 0.007461734615768887	false	0.0
abschreckung	neg 1.0		neg 0.554661935764268 off 0.43791967217514477 __DUMMY__ 0.00741839206058732	false	1.0
unqualifiziert	neg 1.0		neg 0.5467075611909971 off 0.4458968571599844 __DUMMY__ 0.0073955816490185	false	1.0
abgewichst	off 1.0		neg 0.5493259762108619 off 0.4432558218901402 __DUMMY__ 0.007418201898998037	false	0.5
schwer	neg 1.0		neg 0.5476504801570896 off 0.4448979297084006 __DUMMY__ 0.00745159013450982	false	1.0
bedeutungslosigkeit	neg 1.0		neg 0.5543221764120569 off 0.43826761943606524 __DUMMY__ 0.007410204151877821	false	1.0
kapitulation	neg 1.0		neg 0.5544125310401615 off 0.43823304502977795 __DUMMY__ 0.007354423930060531	false	1.0
unscharf	neg 1.0		neg 0.5434161096869584 off 0.4491427276157899 __DUMMY__ 0.0074411626972518225	false	1.0
schwinden	neg 1.0		neg 0.5518507182837605 off 0.440700056126419 __DUMMY__ 0.0074492255898205035	false	1.0
versklavung	neg 1.0	neg 1.0	neg 0.7616777168297091 off 0.2348023410239282 __DUMMY__ 0.0035199421463627772	false	1.0
schlecht	neg 1.0		neg 0.5409751611990562 off 0.45159531874455305 __DUMMY__ 0.00742952005639079	false	1.0
verhasst	neg 1.0		neg 0.5493677666045 off 0.4432393968535325 __DUMMY__ 0.007392836541967603	false	1.0
beschweren	neg 1.0		neg 0.5456154921186481 off 0.4469431110205684 __DUMMY__ 0.007441396860783571	false	1.0
scheiden	neg 1.0		neg 0.548496172686812 off 0.44407213687405733 __DUMMY__ 0.007431690439130731	false	1.0
frustriert	neg 1.0		neg 0.5491451935009386 off 0.44341089996010663 __DUMMY__ 0.007443906538954682	false	1.0
schimmelig	neg 1.0		neg 0.549822771501071 off 0.44272091032240163 __DUMMY__ 0.0074563181765274125	false	1.0
fisch	neg 1.0		neg 0.5498579207579889 off 0.4426918212721566 __DUMMY__ 0.007450257969854462	false	1.0
schmuggel	neg 1.0		neg 0.5515070339205475 off 0.4410241806297507 __DUMMY__ 0.007468785449701913	false	1.0
auffallen	neg 1.0		neg 0.5452865171384215 off 0.4472783476521283 __DUMMY__ 0.007435135209450269	false	1.0
konkurrenz	neg 1.0		neg 0.5527052943121534 off 0.43982913602358614 __DUMMY__ 0.007465569664260597	false	1.0
teufelskreis	neg 1.0		neg 0.5497137658591159 off 0.44286106420593485 __DUMMY__ 0.00742516993494926	false	1.0
aufschreien	neg 1.0		neg 0.5469706054961383 off 0.44562848566234536 __DUMMY__ 0.00740090884151639	false	1.0
schuldner	neg 1.0		neg 0.5529750870117528 off 0.43961537287017083 __DUMMY__ 0.007409540118076361	false	1.0
missgeburt	off 1.0	off 1.0	off 0.7113172300052631 neg 0.2851679894717853 __DUMMY__ 0.0035147805229515713	false	1.0
arbeitslos	neg 1.0		neg 0.5512808684975273 off 0.44130057193830646 __DUMMY__ 0.007418559564166225	false	1.0
befallen	neg 1.0		neg 0.5537092743701251 off 0.4389327652646598 __DUMMY__ 0.007357960365215144	false	1.0
miesepetrig	off 1.0		neg 0.540487114078344 off 0.4520682366318457 __DUMMY__ 0.007444649289810355	false	0.5
alarmieren	neg 1.0		neg 0.5440476402418444 off 0.44857153921575044 __DUMMY__ 0.007380820542405352	false	1.0
ungeduscht	off 1.0		neg 0.5431334614959378 off 0.449421512503968 __DUMMY__ 0.007445026000094411	false	0.5
knappheit	neg 1.0		neg 0.5495930257782936 off 0.44297042350868093 __DUMMY__ 0.007436550713025512	false	1.0
schlange	neg 1.0		neg 0.5446031903779126 off 0.44793115039511383 __DUMMY__ 0.007465659226973495	false	1.0
harsch	neg 1.0		neg 0.534082310002234 off 0.4584991167822112 __DUMMY__ 0.007418573215554917	false	1.0
lang	neg 1.0		neg 0.5459450111517836 off 0.4466185608280739 __DUMMY__ 0.007436428020142502	false	1.0
ziellos	neg 1.0		neg 0.5501790104176392 off 0.44236695808279325 __DUMMY__ 0.007454031499567698	false	1.0
selbstverliebt	neg 1.0		neg 0.5339670113155038 off 0.4587288394901123 __DUMMY__ 0.007304149194384026	false	1.0
beseitigen	neg 1.0		neg 0.5447929780120414 off 0.44774235948205415 __DUMMY__ 0.007464662505904371	false	1.0
dumm	off 1.0		neg 0.5371062665354969 off 0.45552731887220355 __DUMMY__ 0.007366414592299721	false	0.5
arbeitsloser	neg 1.0		neg 0.5522029288241732 off 0.4403767001945862 __DUMMY__ 0.007420370981240517	false	1.0
blitzen	neg 1.0		neg 0.5440884472125258 off 0.4484992666735994 __DUMMY__ 0.007412286113874731	false	1.0
hilflos	neg 1.0		neg 0.5496373895421657 off 0.4429191969344275 __DUMMY__ 0.0074434135234068425	false	1.0
eklig	off 1.0		neg 0.5360081783979389 off 0.4566289064152265 __DUMMY__ 0.0073629151868346504	false	0.5
begriff			neg 0.5499609166328542 off 0.44261316567053954 __DUMMY__ 0.007425917696606389	false	0.0
hungersnot	neg 1.0		neg 0.5521331522082995 off 0.4405234699049028 __DUMMY__ 0.0073433778867978946	false	1.0
ungesetzlich	neg 1.0		neg 0.5485856926231519 off 0.44406745699722466 __DUMMY__ 0.007346850379623361	false	1.0
verschwendung	neg 1.0		neg 0.5527074336114169 off 0.4398481193608028 __DUMMY__ 0.007444447027780308	false	1.0
schmerzvoll	neg 1.0		neg 0.5455388104320444 off 0.4470183715531598 __DUMMY__ 0.00744281801479571	false	1.0
vorzeitig	neg 1.0		neg 0.5418350820447885 off 0.4507504227632639 __DUMMY__ 0.007414495191947556	false	1.0
unvollkommenheit	neg 1.0		neg 0.5475760123876788 off 0.4449956255408798 __DUMMY__ 0.007428362071441259	false	1.0
intervenieren	neg 1.0		neg 0.5544230627719261 off 0.43818717355609554 __DUMMY__ 0.007389763671978409	false	1.0
banause	off 1.0		neg 0.5348882211653 off 0.45776267564312545 __DUMMY__ 0.007349103191574488	false	0.5
rebell	neg 1.0		neg 0.5520417489267447 off 0.44048671981708803 __DUMMY__ 0.00747153125616733	false	1.0
unlogisch	neg 1.0		neg 0.5404507919445711 off 0.45216431636729704 __DUMMY__ 0.00738489168813173	false	1.0
leiden	neg 1.0	neg 1.0	neg 0.7606123900692177 off 0.23575934590001002 __DUMMY__ 0.0036282640307723235	false	1.0
abschaffung	neg 1.0		neg 0.548280105503011 off 0.4443289457337113 __DUMMY__ 0.007390948763277699	false	1.0
sturz	neg 1.0		neg 0.5479943503046685 off 0.44462353534362103 __DUMMY__ 0.007382114351710448	false	1.0
verkleinerung	neg 1.0		neg 0.5456468922365371 off 0.44698687437249823 __DUMMY__ 0.007366233390964726	false	1.0
schmarotzer	off 1.0		neg 0.5527779715156504 off 0.43982371691166344 __DUMMY__ 0.007398311572686018	false	0.5
bestrafung	neg 1.0		neg 0.5477744036883185 off 0.4448191078257027 __DUMMY__ 0.007406488485978654	false	1.0
achtlos	neg 1.0		neg 0.5473915430066318 off 0.44515090896280024 __DUMMY__ 0.007457548030567919	false	1.0
ungeheuer	neg 1.0		neg 0.5460579278732005 off 0.446530538140631 __DUMMY__ 0.007411533986168414	false	1.0
