unsolidarisch	neg 1.0		__DUMMY__ 0.4785659942411862 neg 0.2913000480847393 off 0.23013395767407444	false	1.0
nachteilig	neg 1.0		__DUMMY__ 0.48540621066820216 neg 0.28618645541356563 off 0.2284073339182323	false	1.0
skeptisch	neg 1.0		__DUMMY__ 0.48625219279829757 neg 0.28830817778464163 off 0.22543962941706086	false	1.0
schrecklich	neg 1.0		__DUMMY__ 0.48281890885000667 neg 0.2771831457154467 off 0.23999794543454658	false	1.0
schlapp	neg 1.0		__DUMMY__ 0.4865644281275092 neg 0.2772167556997917 off 0.23621881617269916	false	1.0
abfall	neg 1.0		__DUMMY__ 0.4871632738877553 neg 0.28896355922458955 off 0.22387316688765513	false	1.0
widerspenstig	neg 1.0		__DUMMY__ 0.48728346879832335 neg 0.2815272603436981 off 0.23118927085797855	false	1.0
abrupt	neg 1.0		__DUMMY__ 0.4889275821435979 neg 0.2808564706418966 off 0.23021594721450545	false	1.0
unwirksam	neg 1.0		__DUMMY__ 0.48133394610910285 neg 0.28742756448023093 off 0.23123848941066621	false	1.0
angreifen	neg 1.0		__DUMMY__ 0.4845949228115634 neg 0.2889008345221907 off 0.226504242666246	false	1.0
inkonsistent	neg 1.0		__DUMMY__ 0.48431490680024375 neg 0.28207136975713204 off 0.2336137234426243	false	1.0
abrutschen	neg 1.0		__DUMMY__ 0.48760584651257355 neg 0.28830387019099946 off 0.22409028329642697	false	1.0
unsicher	neg 1.0		__DUMMY__ 0.486181507551423 neg 0.28266980513029805 off 0.23114868731827914	false	1.0
bauernkind	off 1.0		__DUMMY__ 0.4793949553872204 neg 0.2775574588927406 off 0.24304758572003887	false	0.5
angreifer	neg 1.0		__DUMMY__ 0.48226592541481533 neg 0.2836452183198528 off 0.234088856265332	false	1.0
trennen	neg 1.0		__DUMMY__ 0.48899491182348487 neg 0.2841325207093822 off 0.22687256746713297	false	1.0
schmutz	neg 1.0		__DUMMY__ 0.48901957841946536 neg 0.2729471936790272 off 0.23803322790150752	false	1.0
inkonsistenz	neg 1.0	neg 1.0	neg 0.6314421773800585 __DUMMY__ 0.23576326115023644 off 0.13279456146970509	false	1.0
erschreckend	neg 1.0		__DUMMY__ 0.4844299039544683 neg 0.28621367609698045 off 0.22935641994855138	false	1.0
ertrinken	neg 1.0		__DUMMY__ 0.4870293137738649 neg 0.28529841117909593 off 0.22767227504703907	false	1.0
pickelface	off 1.0		__DUMMY__ 0.4830194126538321 neg 0.2853264331719259 off 0.231654154174242	false	0.5
seiner			__DUMMY__ 0.48567434001783966 neg 0.2877740054003012 off 0.2265516545818591	false	0.0
lauch	neg 1.0		__DUMMY__ 0.486884148402486 neg 0.2877134939447409 off 0.22540235765277308	false	1.0
unwichtig	neg 1.0		__DUMMY__ 0.4839614212414044 neg 0.28038690062617394 off 0.2356516781324217	false	1.0
steuerhinterziehung	neg 1.0		__DUMMY__ 0.4813891114700467 neg 0.28906388014066314 off 0.22954700838929015	false	1.0
schock	neg 1.0		__DUMMY__ 0.4883495059781342 neg 0.2817367181048271 off 0.22991377591703885	false	1.0
beule	neg 1.0		__DUMMY__ 0.48599760955011473 neg 0.276438907945299 off 0.23756348250458628	false	1.0
vergelten	neg 1.0		__DUMMY__ 0.4806391977207152 neg 0.2781218977104943 off 0.24123890456879038	false	1.0
verdorbenheit	neg 1.0		__DUMMY__ 0.48717260881610497 neg 0.27971999690356086 off 0.23310739428033433	false	1.0
trauma	neg 1.0		__DUMMY__ 0.4844758848744234 neg 0.28261797339812617 off 0.23290614172745042	false	1.0
sinnlos	neg 1.0		__DUMMY__ 0.4846780504237669 neg 0.2821378406642707 off 0.23318410891196237	false	1.0
fettsack	off 1.0	off 1.0	off 0.6076071824124695 __DUMMY__ 0.23518182807582302 neg 0.15721098951170742	false	1.0
feige	off 1.0		__DUMMY__ 0.48174716304695775 neg 0.2836868112844194 off 0.234566025668623	false	0.5
abdanken	neg 1.0		__DUMMY__ 0.4790321487977746 neg 0.2919708649280252 off 0.22899698627420015	false	1.0
wichtigtuer	off 1.0	off 1.0	off 0.6018756996113604 __DUMMY__ 0.23577046767214185 neg 0.1623538327164977	false	1.0
misslingen	neg 1.0		__DUMMY__ 0.48666208791135723 neg 0.2796995095733918 off 0.2336384025152509	false	1.0
untreu	off 1.0		__DUMMY__ 0.4836949078149494 neg 0.279928647562234 off 0.23637644462281668	false	0.5
missmutig	neg 1.0		__DUMMY__ 0.4855572702734646 neg 0.2792321283433624 off 0.235210601383173	false	1.0
hurenbock	off 1.0		__DUMMY__ 0.4880249584558838 neg 0.27842751006766425 off 0.2335475314764519	false	0.5
betrunken	neg 1.0		__DUMMY__ 0.4849095588713838 neg 0.2767678426381201 off 0.238322598490496	false	1.0
korrupt	off 1.0		__DUMMY__ 0.4804945960520597 neg 0.2918318470959084 off 0.22767355685203192	false	0.5
unmut	neg 1.0		__DUMMY__ 0.48561301706254895 neg 0.2900609447779365 off 0.2243260381595146	false	1.0
hackfresse	off 1.0		__DUMMY__ 0.4815598862329308 neg 0.27496663411117983 off 0.2434734796558894	false	0.5
aufblasen	neg 1.0		__DUMMY__ 0.48696267648023644 neg 0.28017114969812046 off 0.23286617382164299	false	1.0
gewaltsam	neg 1.0		__DUMMY__ 0.4818843677141852 neg 0.28645932910237193 off 0.23165630318344294	false	1.0
unbeliebtheit	neg 1.0		__DUMMY__ 0.47731452424106646 neg 0.2860291173606582 off 0.23665635839827526	false	1.0
sturheit	neg 1.0		__DUMMY__ 0.48255783433553023 neg 0.2883825531756167 off 0.22905961248885323	false	1.0
kuh	neg 1.0		__DUMMY__ 0.4842800538848866 neg 0.2827882538344384 off 0.232931692280675	false	1.0
erschrecken	neg 1.0		__DUMMY__ 0.48516682143892875 neg 0.2800417105876138 off 0.23479146797345754	false	1.0
opfer	neg 1.0	neg 1.0	neg 0.6339186961078134 __DUMMY__ 0.23717710307206752 off 0.1289042008201191	false	1.0
sinken	neg 1.0		__DUMMY__ 0.48619148051367395 neg 0.28850372544055364 off 0.2253047940457725	false	1.0
stinktier	neg 1.0		__DUMMY__ 0.4816379649651947 neg 0.2780272010173762 off 0.24033483401742925	false	1.0
tucke	off 1.0		__DUMMY__ 0.48282164099495023 neg 0.27269106678628335 off 0.2444872922187665	false	0.5
ein			__DUMMY__ 0.4886478785410538 neg 0.2788665881890746 off 0.23248553326987162	false	0.0
abstieg	neg 1.0		__DUMMY__ 0.4830343822368292 neg 0.28825124118416356 off 0.2287143765790072	false	1.0
missverstehen	neg 1.0		__DUMMY__ 0.4825209132955852 neg 0.2849945859088418 off 0.232484500795573	false	1.0
ergebnislos	neg 1.0		__DUMMY__ 0.48401999801094314 neg 0.2875078127580529 off 0.22847218923100407	false	1.0
unter			__DUMMY__ 0.4921286092119253 neg 0.28655583897013714 off 0.22131555181793766	false	0.0
manipulieren	neg 1.0		__DUMMY__ 0.4851914599480707 neg 0.2882907383996193 off 0.22651780165231017	false	1.0
unbewiesen	neg 1.0		__DUMMY__ 0.47900267852571515 neg 0.29088126252402197 off 0.23011605895026294	false	1.0
verschleppen	neg 1.0		__DUMMY__ 0.48338033055142593 neg 0.28856252518336306 off 0.22805714426521106	false	1.0
weib	off 1.0		__DUMMY__ 0.48080058591278907 neg 0.2744383536451289 off 0.24476106044208196	false	0.5
opposition	neg 1.0		__DUMMY__ 0.4808005530373377 neg 0.2870150036208343 off 0.23218444334182797	false	1.0
verkehrswidrig	neg 1.0		__DUMMY__ 0.48432919196857993 neg 0.2734271979050979 off 0.2422436101263223	false	1.0
inkorrekt	neg 1.0		__DUMMY__ 0.4792753753874042 neg 0.28499836022696157 off 0.23572626438563413	false	1.0
vermeiden	neg 1.0		__DUMMY__ 0.4902615729409245 neg 0.2861703617325679 off 0.22356806532650775	false	1.0
abweichung	neg 1.0		__DUMMY__ 0.4822269504689681 neg 0.2896287431461245 off 0.2281443063849074	false	1.0
alkoholisiert	neg 1.0		__DUMMY__ 0.48781681833134366 neg 0.2826869349811243 off 0.22949624668753196	false	1.0
scheiss	off 1.0	off 1.0	off 0.6051785058405619 __DUMMY__ 0.23717239279739308 neg 0.15764910136204502	false	1.0
herausforderung	neg 1.0		__DUMMY__ 0.49025903481478095 neg 0.279907805067374 off 0.22983316011784513	false	1.0
pervers	off 1.0		__DUMMY__ 0.4800924704540781 neg 0.2723135301392094 off 0.2475939994067124	false	0.5
wackelig	neg 1.0		__DUMMY__ 0.4899801319789784 neg 0.2803804938003449 off 0.2296393742206767	false	1.0
verwickeln	neg 1.0		__DUMMY__ 0.48356907533927945 neg 0.2839680200488802 off 0.23246290461184033	false	1.0
vorwand	neg 1.0		__DUMMY__ 0.4845556523807204 neg 0.2905362090771217 off 0.22490813854215796	false	1.0
muschi	off 1.0		__DUMMY__ 0.48264969284319825 neg 0.28635188407088197 off 0.2309984230859196	false	0.5
entmutigung	neg 1.0		__DUMMY__ 0.4766015032263013 neg 0.2914516461441733 off 0.23194685062952553	false	1.0
unangemessen	neg 1.0		__DUMMY__ 0.4824522069019092 neg 0.2897507722438771 off 0.22779702085421372	false	1.0
unstetig	neg 1.0		__DUMMY__ 0.4836300010557909 neg 0.2812998369987332 off 0.23507016194547578	false	1.0
entmutigen	neg 1.0		__DUMMY__ 0.485539478130318 neg 0.28220987774235173 off 0.23225064412733026	false	1.0
schwanz	neg 1.0		__DUMMY__ 0.4850267316959373 neg 0.2857829874801353 off 0.22919028082392734	false	1.0
verbot	neg 1.0		__DUMMY__ 0.48148419263122527 neg 0.2898977808468506 off 0.228618026521924	false	1.0
leid	neg 1.0		__DUMMY__ 0.4824119164322759 neg 0.27590806379089594 off 0.2416800197768281	false	1.0
archaisch	neg 1.0		__DUMMY__ 0.4829716934384186 neg 0.2885504269857031 off 0.2284778795758782	false	1.0
gegen			__DUMMY__ 0.48368503631770887 neg 0.2911441029031466 off 0.22517086077914453	false	0.0
scheidung	neg 1.0	neg 1.0	neg 0.6187783720401776 __DUMMY__ 0.23542211227867027 off 0.14579951568115207	false	1.0
einschlag	neg 1.0		__DUMMY__ 0.48125056143389966 neg 0.2780544698178795 off 0.2406949687482208	false	1.0
m			__DUMMY__ 0.48684930914191815 neg 0.28295928223000927 off 0.23019140862807258	false	0.0
abgestanden	neg 1.0		__DUMMY__ 0.4879135380857816 neg 0.28011003147163915 off 0.2319764304425794	false	1.0
schmierig	off 1.0		__DUMMY__ 0.4834330290344945 neg 0.27586761769271756 off 0.24069935327278807	false	0.5
unpraktisch	neg 1.0		__DUMMY__ 0.48759382195061285 neg 0.27939574299144637 off 0.23301043505794083	false	1.0
wixxer	off 1.0		__DUMMY__ 0.4788605400612906 neg 0.27367139162017723 off 0.24746806831853208	false	0.5
bezeichnet			__DUMMY__ 0.48281186614259874 neg 0.2875726923877866 off 0.22961544146961452	false	0.0
jammerlappen	off 1.0		__DUMMY__ 0.4837439394923298 neg 0.2807821402664128 off 0.23547392024125754	false	0.5
farce	neg 1.0		__DUMMY__ 0.4788012313805492 neg 0.29286509372443015 off 0.22833367489502082	false	1.0
zwecklos	neg 1.0		__DUMMY__ 0.483488420874077 neg 0.28882051836312217 off 0.22769106076280085	false	1.0
turbulent	neg 1.0		__DUMMY__ 0.48198473855711 neg 0.2785366461270468 off 0.23947861531584308	false	1.0
invasion	neg 1.0		__DUMMY__ 0.48582436663157624 neg 0.27930420926576127 off 0.2348714241026626	false	1.0
schuld	neg 1.0		__DUMMY__ 0.484112660844062 neg 0.2842978370450982 off 0.2315895021108398	false	1.0
risiko	neg 1.0		__DUMMY__ 0.48762055918114605 neg 0.2767354118949229 off 0.2356440289239311	false	1.0
finster	neg 1.0		__DUMMY__ 0.4881014980938306 neg 0.2796533607800991 off 0.2322451411260703	false	1.0
geisteskrank	off 1.0		__DUMMY__ 0.48046217002039143 neg 0.2830592301489069 off 0.23647859983070182	false	0.5
zusammenbrechen	neg 1.0		__DUMMY__ 0.4867520980653597 neg 0.28343381625687036 off 0.22981408567776992	false	1.0
ausbeute	neg 1.0		__DUMMY__ 0.4881549656616998 neg 0.2829339507772545 off 0.22891108356104561	false	1.0
hinterhalt	neg 1.0		__DUMMY__ 0.48390459202529185 neg 0.2841152366988618 off 0.23198017127584628	false	1.0
kritik	neg 1.0		__DUMMY__ 0.47996682816491915 neg 0.29139048636073916 off 0.22864268547434166	false	1.0
einschrumpfen	neg 1.0		__DUMMY__ 0.4804291580473288 neg 0.28518027653621386 off 0.23439056541645734	false	1.0
riskant	neg 1.0		__DUMMY__ 0.4859059002790866 neg 0.28702246148935096 off 0.2270716382315623	false	1.0
frustrieren	neg 1.0		__DUMMY__ 0.4851794485410561 neg 0.28801631873118666 off 0.22680423272775735	false	1.0
groll	neg 1.0		__DUMMY__ 0.483648847473086 neg 0.28840045002545006 off 0.22795070250146407	false	1.0
gibt			__DUMMY__ 0.48550927607089117 neg 0.2854659510121645 off 0.2290247729169444	false	0.0
qualvoll	neg 1.0		__DUMMY__ 0.48557237266165554 neg 0.28081852142771646 off 0.2336091059106281	false	1.0
wackeln	neg 1.0		__DUMMY__ 0.4880981356458443 neg 0.2793839322342744 off 0.23251793211988145	false	1.0
klagen	neg 1.0		__DUMMY__ 0.48430135216402953 neg 0.29089790429314594 off 0.2248007435428246	false	1.0
bankrott	neg 1.0		__DUMMY__ 0.4852457578986164 neg 0.27834527834366296 off 0.23640896375772072	false	1.0
trauern	neg 1.0		__DUMMY__ 0.48497549806873685 neg 0.28807331695841 off 0.22695118497285302	false	1.0
ablehnung	neg 1.0	neg 1.0	neg 0.6352071990618944 __DUMMY__ 0.23494397314321155 off 0.12984882779489412	false	1.0
stur	neg 1.0		__DUMMY__ 0.4844029416322954 neg 0.28349934184496306 off 0.23209771652274155	false	1.0
aufruhr	neg 1.0		__DUMMY__ 0.48096190907750996 neg 0.2882613953422266 off 0.23077669558026356	false	1.0
melancholie	neg 1.0		__DUMMY__ 0.48839272430477504 neg 0.2823370551212893 off 0.22927022057393553	false	1.0
ist			__DUMMY__ 0.48433700513937533 neg 0.28336945117506207 off 0.23229354368556251	false	0.0
torheit	neg 1.0		__DUMMY__ 0.47902462921673233 neg 0.29017946223299185 off 0.2307959085502758	false	1.0
dreckskind	off 1.0		__DUMMY__ 0.4786094848666562 neg 0.2797166490783159 off 0.24167386605502778	false	0.5
umtauschen	neg 1.0		__DUMMY__ 0.48753466985016086 neg 0.28123756807339656 off 0.23122776207644258	false	1.0
zum			__DUMMY__ 0.4921453659956332 neg 0.28330722453770846 off 0.2245474094666583	false	0.0
zersetzen	neg 1.0		__DUMMY__ 0.4847641304461738 neg 0.28946995360490757 off 0.22576591594891865	false	1.0
zur			__DUMMY__ 0.4868817124243316 neg 0.29023486888196653 off 0.2228834186937017	false	0.0
frust	neg 1.0		__DUMMY__ 0.48585389398433043 neg 0.28491529051428605 off 0.2292308155013836	false	1.0
unerbittlichkeit	neg 1.0		__DUMMY__ 0.4841243656684069 neg 0.28933472744715255 off 0.2265409068844406	false	1.0
zwei			__DUMMY__ 0.4902003162119478 neg 0.2839817704361653 off 0.22581791335188692	false	0.0
unkorrekt	neg 1.0		__DUMMY__ 0.47969417650943313 neg 0.2836980424508556 off 0.2366077810397112	false	1.0
hexe	off 1.0		__DUMMY__ 0.48443732562081804 neg 0.2790303125769518 off 0.2365323618022302	false	0.5
lasch	neg 1.0		__DUMMY__ 0.4819789072994239 neg 0.28440757824539237 off 0.23361351445518377	false	1.0
rivale	neg 1.0		__DUMMY__ 0.48195569270052846 neg 0.27768178209710315 off 0.24036252520236845	false	1.0
mutlos	off 1.0	off 1.0	off 0.5989732168883554 __DUMMY__ 0.2361499929823455 neg 0.16487679012929907	false	1.0
wirr	off 1.0		__DUMMY__ 0.48037064441855415 neg 0.28103048139447356 off 0.23859887418697215	false	0.5
jahr			__DUMMY__ 0.48955907651341163 neg 0.28225314813863606 off 0.22818777534795226	false	0.0
wird			__DUMMY__ 0.4857281250728954 neg 0.28662016942763346 off 0.22765170549947106	false	0.0
strafbar	neg 1.0		__DUMMY__ 0.4823522493781118 neg 0.29126983072783613 off 0.22637791989405212	false	1.0
erosion	neg 1.0		__DUMMY__ 0.4863484444455897 neg 0.28046169252993575 off 0.23318986302447467	false	1.0
eingehen	neg 1.0		__DUMMY__ 0.48410318299243726 neg 0.28839173888623937 off 0.22750507812132328	false	1.0
faul	off 1.0		__DUMMY__ 0.4870361249785786 neg 0.2767726902960185 off 0.23619118472540285	false	0.5
provisorium	neg 1.0		__DUMMY__ 0.4906565644044382 neg 0.28903701902121454 off 0.22030641657434727	false	1.0
schmerzen	neg 1.0		__DUMMY__ 0.48688072074844463 neg 0.2829592421473564 off 0.23016003710419886	false	1.0
schrumpfen	neg 1.0		__DUMMY__ 0.48767439732648526 neg 0.28959671634660217 off 0.22272888632691254	false	1.0
geistlos	off 1.0		__DUMMY__ 0.47878565781604093 neg 0.28874365475873726 off 0.23247068742522184	false	0.5
fehlkauf	neg 1.0		__DUMMY__ 0.48271604014279895 neg 0.2835939998064639 off 0.23368996005073714	false	1.0
frustrierend	neg 1.0		__DUMMY__ 0.48522461510065773 neg 0.2799846845041077 off 0.23479070039523464	false	1.0
unzufrieden	neg 1.0		__DUMMY__ 0.4849017297055435 neg 0.2869083701070716 off 0.22818990018738486	false	1.0
verzweifeln	neg 1.0		__DUMMY__ 0.4859710720018235 neg 0.28361425140715313 off 0.2304146765910235	false	1.0
verzweifelt	neg 1.0		__DUMMY__ 0.4845454942736768 neg 0.2834419307732268 off 0.23201257495309635	false	1.0
misstrauensantrag	neg 1.0		__DUMMY__ 0.48260003395914786 neg 0.28370148126295175 off 0.23369848477790048	false	1.0
abfallen	neg 1.0		__DUMMY__ 0.488813896493027 neg 0.27831049222834076 off 0.23287561127863218	false	1.0
fucker	off 1.0		__DUMMY__ 0.481603534960815 neg 0.2795792770239238 off 0.2388171880152611	false	0.5
ungezogen	neg 1.0		__DUMMY__ 0.48168383495763994 neg 0.2730670384332243 off 0.24524912660913595	false	1.0
irrsinnig	neg 1.0	neg 1.0	neg 0.6320693352011981 __DUMMY__ 0.2365835662073228 off 0.13134709859147906	false	1.0
unfassbar	neg 1.0		__DUMMY__ 0.4837346649940947 neg 0.2802217503913086 off 0.23604358461459665	false	1.0
hart	neg 1.0		__DUMMY__ 0.48292830088398714 neg 0.2808182467207176 off 0.23625345239529516	false	1.0
widerlich	off 1.0		__DUMMY__ 0.4821123366181029 neg 0.28133568608856263 off 0.2365519772933344	false	0.5
fatal	neg 1.0		__DUMMY__ 0.48346678879284033 neg 0.2827035405526777 off 0.233829670654482	false	1.0
bruch	neg 1.0		__DUMMY__ 0.48317387700864123 neg 0.29290126874066785 off 0.2239248542506908	false	1.0
aushungern	neg 1.0		__DUMMY__ 0.4806937138806805 neg 0.2889804267468564 off 0.2303258593724631	false	1.0
anspannung	neg 1.0		__DUMMY__ 0.48896071450424694 neg 0.2864508175733922 off 0.22458846792236092	false	1.0
von			__DUMMY__ 0.48891202679390805 neg 0.28419866650176673 off 0.22688930670432525	false	0.0
kraftlos	neg 1.0		__DUMMY__ 0.48902390573574417 neg 0.28196980477090894 off 0.22900628949334698	false	1.0
vom			__DUMMY__ 0.4913603837046012 neg 0.28688904678972377 off 0.22175056950567493	false	0.0
grenzdebil	off 1.0		__DUMMY__ 0.48438504830676715 neg 0.2781440542691019 off 0.237470897424131	false	0.5
vor			__DUMMY__ 0.48781944179394154 neg 0.2867851238777667 off 0.22539543432829173	false	0.0
unterwerfen	neg 1.0		__DUMMY__ 0.48369268642498475 neg 0.28931270845442714 off 0.22699460512058822	false	1.0
versenkung	neg 1.0		__DUMMY__ 0.485256506102843 neg 0.2878168911271039 off 0.22692660277005305	false	1.0
entziehen	neg 1.0		__DUMMY__ 0.4850083961194027 neg 0.29054151891768837 off 0.22445008496290883	false	1.0
finanzkrise	neg 1.0		__DUMMY__ 0.4809322049591116 neg 0.2890283497495972 off 0.23003944529129122	false	1.0
schimpfend	neg 1.0		__DUMMY__ 0.489419748903088 neg 0.27668864167928353 off 0.2338916094176285	false	1.0
profan	neg 1.0		__DUMMY__ 0.4847329611288095 neg 0.2821182225084314 off 0.2331488163627591	false	1.0
korruption	neg 1.0		__DUMMY__ 0.4811068301286675 neg 0.29088193573650223 off 0.22801123413483032	false	1.0
â			__DUMMY__ 0.486466801264215 neg 0.2844580175018549 off 0.22907518123393017	false	0.0
schmutzig	neg 1.0		__DUMMY__ 0.4860913439220322 neg 0.2765628374935887 off 0.23734581858437911	false	1.0
sexy	neg 1.0		__DUMMY__ 0.48434492969570625 neg 0.2800993393193644 off 0.23555573098492916	false	1.0
abraten	neg 1.0		__DUMMY__ 0.48604542565111947 neg 0.28138126170144434 off 0.23257331264743614	false	1.0
schwarz	neg 1.0		__DUMMY__ 0.4840368346559951 neg 0.28291392015677397 off 0.2330492451872309	false	1.0
fotze	off 1.0		__DUMMY__ 0.48326629662625376 neg 0.2875849783850503 off 0.22914872498869596	false	0.5
verwirren	neg 1.0		__DUMMY__ 0.48450984116509027 neg 0.28149727097534005 off 0.23399288785956968	false	1.0
zahnlos	off 1.0		__DUMMY__ 0.48324960972677766 neg 0.28873563450112827 off 0.2280147557720942	false	0.5
verheeren	neg 1.0		__DUMMY__ 0.47909806968850477 neg 0.27388867520794274 off 0.24701325510355251	false	1.0
hippie	neg 1.0		__DUMMY__ 0.48392621475468023 neg 0.28087882841670675 off 0.235194956828613	false	1.0
rammen	neg 1.0		__DUMMY__ 0.4859119815901778 neg 0.2795130502358252 off 0.2345749681739971	false	1.0
unlauter	neg 1.0	neg 1.0	neg 0.6310192212194117 __DUMMY__ 0.23635114163227464 off 0.13262963714831372	false	1.0
unheilvoll	neg 1.0		__DUMMY__ 0.48575199589737594 neg 0.28095965117369365 off 0.23328835292893052	false	1.0
niedrig	neg 1.0		__DUMMY__ 0.48586752604120137 neg 0.2855066442443728 off 0.22862582971442594	false	1.0
explosion	neg 1.0		__DUMMY__ 0.48524288730908904 neg 0.2797524593087 off 0.23500465338221094	false	1.0
weichei	off 1.0		__DUMMY__ 0.4818374811652917 neg 0.27588592058349193 off 0.24227659825121628	false	0.5
minusmensch	off 1.0		__DUMMY__ 0.47622233279204523 neg 0.2779982146766852 off 0.24577945253126973	false	0.5
farblos	neg 1.0		__DUMMY__ 0.4845307995374593 neg 0.2832985294011746 off 0.23217067106136616	false	1.0
unwissend	neg 1.0	neg 1.0	neg 0.6300694715931215 __DUMMY__ 0.2360500101635219 off 0.13388051824335664	false	1.0
traurig	neg 1.0		__DUMMY__ 0.48404975226375385 neg 0.2767217155943476 off 0.23922853214189854	false	1.0
senkung	neg 1.0		__DUMMY__ 0.4841702177638084 neg 0.28117408279291994 off 0.2346556994432718	false	1.0
ungleich	neg 1.0	neg 1.0	neg 0.6344584065151045 __DUMMY__ 0.23675686885440628 off 0.12878472463048915	false	1.0
heikel	neg 1.0		__DUMMY__ 0.4852438424974726 neg 0.28891987152258924 off 0.22583628597993827	false	1.0
drosselung	neg 1.0		__DUMMY__ 0.48451710659367947 neg 0.2756655974010161 off 0.23981729600530435	false	1.0
falsch	neg 1.0		__DUMMY__ 0.4842236330911537 neg 0.2807422461555907 off 0.2350341207532556	false	1.0
unzufriedenheit	neg 1.0		__DUMMY__ 0.4848634071744847 neg 0.2895549839889303 off 0.22558160883658496	false	1.0
kurz	neg 1.0		__DUMMY__ 0.48837291330858035 neg 0.2815905657429518 off 0.23003652094846788	false	1.0
unsinnig	neg 1.0		__DUMMY__ 0.48435104655888334 neg 0.287100867206515 off 0.2285480862346016	false	1.0
penner	off 1.0	off 1.0	off 0.6087015625245942 __DUMMY__ 0.23557117236323316 neg 0.15572726511217264	false	1.0
seicht	neg 1.0		__DUMMY__ 0.4789584873698609 neg 0.2768619310796123 off 0.24417958155052683	false	1.0
dummheit	off 1.0	off 1.0	off 0.6023624335894588 __DUMMY__ 0.235842431991898 neg 0.1617951344186431	false	1.0
unerfreulich	neg 1.0		__DUMMY__ 0.48671036107351845 neg 0.28764330432935203 off 0.22564633459712963	false	1.0
motherfucker	off 1.0	off 1.0	off 0.6057563986016166 __DUMMY__ 0.235603802899575 neg 0.15863979849880847	false	1.0
pikiert	neg 1.0		__DUMMY__ 0.48225402423011887 neg 0.2825750377346414 off 0.23517093803523983	false	1.0
wrack	neg 1.0		__DUMMY__ 0.4860602249206175 neg 0.2848585852701995 off 0.22908118980918313	false	1.0
gangster	neg 1.0		__DUMMY__ 0.48413085142007994 neg 0.28149927730101043 off 0.23436987127890965	false	1.0
krank	neg 1.0		__DUMMY__ 0.48611874972321195 neg 0.2760226982242074 off 0.23785855205258075	false	1.0
reich	neg 1.0		__DUMMY__ 0.47769407111610024 neg 0.28700032049726415 off 0.23530560838663553	false	1.0
gnadenlos	neg 1.0		__DUMMY__ 0.4845051718875043 neg 0.28364624856137893 off 0.23184857955111673	false	1.0
niedergeschlagen	neg 1.0		__DUMMY__ 0.48633631797376053 neg 0.2839514317153079 off 0.22971225031093145	false	1.0
terrorisieren	off 1.0	off 1.0	off 0.5989876862615015 __DUMMY__ 0.2372810996866498 neg 0.1637312140518488	false	1.0
sinnlosigkeit	neg 1.0		__DUMMY__ 0.4836795547477875 neg 0.2881369740284797 off 0.2281834712237328	false	1.0
behindern	neg 1.0		__DUMMY__ 0.4864324016051725 neg 0.2822511500210226 off 0.23131644837380494	false	1.0
undemokratisch	neg 1.0		__DUMMY__ 0.48016517516390095 neg 0.2882862298199229 off 0.23154859501617603	false	1.0
wirtschaftskrise	neg 1.0		__DUMMY__ 0.4824373336327677 neg 0.2892367339684237 off 0.22832593239880847	false	1.0
neid	neg 1.0		__DUMMY__ 0.4860947908193854 neg 0.2788982827927287 off 0.23500692638788592	false	1.0
rutschen	neg 1.0		__DUMMY__ 0.4925507984234643 neg 0.2826099038113543 off 0.22483929776518136	false	1.0
rezession	neg 1.0		__DUMMY__ 0.4796386121640689 neg 0.2799208871031123 off 0.2404405007328189	false	1.0
fehlgeburt	neg 1.0		__DUMMY__ 0.4834704070894557 neg 0.2853516526744106 off 0.23117794023613358	false	1.0
charakterschwach	off 1.0		__DUMMY__ 0.48235729881678213 neg 0.28117707434764183 off 0.23646562683557598	false	0.5
isolation	neg 1.0		__DUMMY__ 0.48416278495749576 neg 0.27928138580275824 off 0.2365558292397458	false	1.0
ablenkung	neg 1.0		__DUMMY__ 0.48625768394185803 neg 0.2822014390553363 off 0.2315408770028056	false	1.0
pech	neg 1.0		__DUMMY__ 0.48569859933219617 neg 0.27974688521323116 off 0.23455451545457254	false	1.0
vermeidung	neg 1.0		__DUMMY__ 0.4853752083417959 neg 0.2758813218746919 off 0.2387434697835122	false	1.0
dominieren	neg 1.0		__DUMMY__ 0.48514934743933935 neg 0.28498151547292594 off 0.22986913708773465	false	1.0
schwindlig	neg 1.0		__DUMMY__ 0.4874867570037415 neg 0.277862003652316 off 0.2346512393439427	false	1.0
lutscher	neg 1.0		__DUMMY__ 0.47968379548972634 neg 0.2749846131627238 off 0.24533159134754992	false	1.0
pflicht	neg 1.0		__DUMMY__ 0.48476260665505555 neg 0.28972505277596516 off 0.22551234056897915	false	1.0
faschist	off 1.0		__DUMMY__ 0.4789898860221065 neg 0.28884674680333927 off 0.23216336717455413	false	0.5
verschleudern	neg 1.0		__DUMMY__ 0.4829884459600941 neg 0.28919846338672023 off 0.22781309065318556	false	1.0
wenn			__DUMMY__ 0.4842044107353409 neg 0.2808336851104444 off 0.23496190415421464	false	0.0
ehebruch	neg 1.0		__DUMMY__ 0.4825853922900259 neg 0.2903159361135868 off 0.22709867159638722	false	1.0
spott	off 1.0		__DUMMY__ 0.48324062333857376 neg 0.2901089825619981 off 0.22665039409942803	false	0.5
trostlosigkeit	neg 1.0		__DUMMY__ 0.4816517368465577 neg 0.2934904099253362 off 0.2248578532281062	false	1.0
lutschen	neg 1.0		__DUMMY__ 0.4822760562689985 neg 0.2821160581854298 off 0.23560788554557172	false	1.0
undiszipliniert	neg 1.0		__DUMMY__ 0.4837802249121309 neg 0.27768684173234304 off 0.23853293335552603	false	1.0
kopfschmerz	neg 1.0		__DUMMY__ 0.48642481516825 neg 0.28275271021628023 off 0.23082247461546973	false	1.0
unvorhergesehen	neg 1.0		__DUMMY__ 0.4900991833797105 neg 0.2794939026860059 off 0.2304069139342836	false	1.0
desinteressiert	neg 1.0		__DUMMY__ 0.48256481852551747 neg 0.2795601032672184 off 0.23787507820726395	false	1.0
armselig	off 1.0		__DUMMY__ 0.4815931118294466 neg 0.27969957805080303 off 0.23870731011975027	false	0.5
desaster	neg 1.0		__DUMMY__ 0.48314240755552235 neg 0.2933000410480395 off 0.22355755139643807	false	1.0
tod	neg 1.0		__DUMMY__ 0.4813330532931897 neg 0.2922607409639618 off 0.22640620574284862	false	1.0
herzlos	neg 1.0		__DUMMY__ 0.48346101914361456 neg 0.27670212585243936 off 0.23983685500394603	false	1.0
unwissenheit	neg 1.0		__DUMMY__ 0.48300306796610215 neg 0.289002485423084 off 0.22799444661081403	false	1.0
widersinnig	neg 1.0		__DUMMY__ 0.48029071756332453 neg 0.29107331872061526 off 0.2286359637160601	false	1.0
bedenklich	neg 1.0		__DUMMY__ 0.48473608939912016 neg 0.28846391477846145 off 0.22679999582241836	false	1.0
beanstanden	neg 1.0		__DUMMY__ 0.48526723766301494 neg 0.28944595792964345 off 0.22528680440734158	false	1.0
panisch	neg 1.0	neg 1.0	neg 0.6274359012244619 __DUMMY__ 0.23962554892965512 off 0.13293854984588288	false	1.0
debil	off 1.0		__DUMMY__ 0.4866055333866626 neg 0.29071260688391687 off 0.2226818597294206	false	0.5
abstrich	neg 1.0		__DUMMY__ 0.4897319901537013 neg 0.27744613083684344 off 0.23282187900945533	false	1.0
primitiv	neg 1.0		__DUMMY__ 0.4820275885788212 neg 0.2807977118533468 off 0.23717469956783202	false	1.0
abschaum	off 1.0	off 1.0	off 0.6036982027591495 __DUMMY__ 0.23521221225562872 neg 0.16108958498522175	false	1.0
provozieren	neg 1.0		__DUMMY__ 0.48286130525296944 neg 0.2863994700422577 off 0.230739224704773	false	1.0
tot	neg 1.0		__DUMMY__ 0.4833593764694981 neg 0.2870803795598133 off 0.22956024397068875	false	1.0
instabil	neg 1.0		__DUMMY__ 0.4809775249317989 neg 0.279068320197424 off 0.23995415487077723	false	1.0
schwuchtel	off 1.0		__DUMMY__ 0.4762110558368491 neg 0.2736445538698509 off 0.2501443902933	false	0.5
zerren	neg 1.0		__DUMMY__ 0.4860350900852443 neg 0.2844956473998107 off 0.22946926251494515	false	1.0
kinderficker	off 1.0		__DUMMY__ 0.47940296135071914 neg 0.28009927188134104 off 0.24049776676793977	false	0.5
gefahr	neg 1.0		__DUMMY__ 0.48360243464098646 neg 0.28922841649859776 off 0.22716914886041567	false	1.0
rabiat	neg 1.0		__DUMMY__ 0.48452706537878626 neg 0.2846222764075671 off 0.23085065821364675	false	1.0
verlangsamung	neg 1.0		__DUMMY__ 0.4800599983777605 neg 0.27566100125640214 off 0.24427900036583727	false	1.0
ausgestorben	neg 1.0		__DUMMY__ 0.4855539775008519 neg 0.2850125848770572 off 0.22943343762209095	false	1.0
anklagen	neg 1.0		__DUMMY__ 0.48265301556292867 neg 0.28730024246169716 off 0.23004674197537414	false	1.0
trott	neg 1.0		__DUMMY__ 0.48583559624729733 neg 0.28282740291860387 off 0.2313370008340988	false	1.0
verminderung	neg 1.0		__DUMMY__ 0.4832187256486059 neg 0.277782460746627 off 0.2389988136047672	false	1.0
nach			__DUMMY__ 0.490807214281343 neg 0.28501236534670144 off 0.2241804203719556	false	0.0
rost	neg 1.0		__DUMMY__ 0.47998137051667294 neg 0.2756847807893192 off 0.24433384869400795	false	1.0
destruktiv	neg 1.0		__DUMMY__ 0.48218357347863433 neg 0.288543121563567 off 0.22927330495779874	false	1.0
unzumutbarkeit	neg 1.0		__DUMMY__ 0.4849847110487857 neg 0.27626480128789765 off 0.23875048766331652	false	1.0
labil	off 1.0	off 1.0	off 0.6045486292292614 __DUMMY__ 0.23576536482992397 neg 0.15968600594081464	false	1.0
ziemlich	neg 1.0		__DUMMY__ 0.4842632701366082 neg 0.2788579637872486 off 0.2368787660761432	false	1.0
lachnummer	off 1.0		__DUMMY__ 0.48244407953263874 neg 0.28817172517539497 off 0.22938419529196624	false	0.5
oder			__DUMMY__ 0.48706526830951646 neg 0.2815191000072147 off 0.231415631683269	false	0.0
verfall	neg 1.0		__DUMMY__ 0.4859775311964709 neg 0.29179292162341813 off 0.22222954718011095	false	1.0
ausgrenzung	neg 1.0		__DUMMY__ 0.48020873594249414 neg 0.28747313292207993 off 0.2323181311354259	false	1.0
unordnung	neg 1.0		__DUMMY__ 0.48021525843049867 neg 0.2795211513291351 off 0.24026359024036625	false	1.0
fehlverhalten	neg 1.0		__DUMMY__ 0.4832397680502611 neg 0.29041845947973904 off 0.2263417724699997	false	1.0
eine			__DUMMY__ 0.48723732251091 neg 0.28720140558469803 off 0.22556127190439182	false	0.0
nille	neg 1.0		__DUMMY__ 0.4821153625724592 neg 0.28727866740417646 off 0.23060597002336436	false	1.0
qual	neg 1.0		__DUMMY__ 0.4855413062329547 neg 0.2832846576174813 off 0.23117403614956403	false	1.0
verschwenden	neg 1.0		__DUMMY__ 0.48573262361633 neg 0.2870411102237569 off 0.2272262661599131	false	1.0
riesig	neg 1.0		__DUMMY__ 0.4864384713266855 neg 0.2828958396120194 off 0.23066568906129503	false	1.0
verurteilen	neg 1.0		__DUMMY__ 0.4822647380940123 neg 0.2897387064141657 off 0.22799655549182196	false	1.0
klischee	neg 1.0	neg 1.0	neg 0.6314786309939274 __DUMMY__ 0.23570908514844918 off 0.13281228385762348	false	1.0
diktatorisch	neg 1.0		__DUMMY__ 0.47881559830764975 neg 0.29012368574144887 off 0.23106071595090147	false	1.0
vorhersehbar	neg 1.0		__DUMMY__ 0.48250599696834795 neg 0.28482588287282573 off 0.23266812015882618	false	1.0
sowie			__DUMMY__ 0.4793751291416201 neg 0.2783366750279733 off 0.24228819583040662	false	0.0
stornieren	neg 1.0		__DUMMY__ 0.48664556259478103 neg 0.2788406635502327 off 0.23451377385498623	false	1.0
besteuerung	neg 1.0		__DUMMY__ 0.484002523250583 neg 0.28342690965940465 off 0.23257056709001223	false	1.0
ungeschminkt	neg 1.0		__DUMMY__ 0.4840136010616788 neg 0.2783751996467307 off 0.23761119929159055	false	1.0
kritisch	neg 1.0		__DUMMY__ 0.48353410749077036 neg 0.2896520755731232 off 0.22681381693610642	false	1.0
schlamperei	off 1.0		__DUMMY__ 0.48328497538159076 neg 0.28922868074873004 off 0.22748634386967925	false	0.5
sucht	neg 1.0	neg 1.0	neg 0.6269547301197851 __DUMMY__ 0.23949278833458912 off 0.13355248154562577	false	1.0
egoistisch	off 1.0		__DUMMY__ 0.4816645214831582 neg 0.27632857299206165 off 0.24200690552478007	false	0.5
ausbeuter	off 1.0		__DUMMY__ 0.482799795473149 neg 0.2913346945943397 off 0.2258655099325113	false	0.5
arschgeburt	off 1.0		__DUMMY__ 0.4762720549715969 neg 0.27370431380152577 off 0.2500236312268772	false	0.5
schubs	neg 1.0	neg 1.0	neg 0.6302525678086296 __DUMMY__ 0.23952233272990922 off 0.13022509946146119	false	1.0
unsolide	neg 1.0		__DUMMY__ 0.47746934046366885 neg 0.2880627011337049 off 0.23446795840262621	false	1.0
beschwerde	neg 1.0		__DUMMY__ 0.48367756163595516 neg 0.28783422581351026 off 0.22848821255053461	false	1.0
stocken	neg 1.0		__DUMMY__ 0.4856427485754527 neg 0.28590944797667245 off 0.2284478034478749	false	1.0
isolieren	neg 1.0		__DUMMY__ 0.48743423236094713 neg 0.28140139955966614 off 0.23116436807938662	false	1.0
unheilbar	neg 1.0		__DUMMY__ 0.4837761150246143 neg 0.28487101602075654 off 0.2313528689546292	false	1.0
pisser	off 1.0		__DUMMY__ 0.48085570013614604 neg 0.27935341804981184 off 0.23979088181404196	false	0.5
löschen	neg 1.0		__DUMMY__ 0.48411053188700665 neg 0.2836519288862406 off 0.23223753922675267	false	1.0
durchfallen	neg 1.0		__DUMMY__ 0.48505598507946823 neg 0.2874421013571596 off 0.22750191356337224	false	1.0
wichser	off 1.0		__DUMMY__ 0.4799496284506859 neg 0.27339028530829956 off 0.24666008624101451	false	0.5
terror	neg 1.0		__DUMMY__ 0.48610725472164035 neg 0.27822761946737445 off 0.23566512581098534	false	1.0
krass	neg 1.0		__DUMMY__ 0.4832239293962406 neg 0.2764898451991037 off 0.24028622540465572	false	1.0
revolte	neg 1.0	neg 1.0	neg 0.6344194536716931 __DUMMY__ 0.23327045189552734 off 0.13231009443277975	false	1.0
besorgt	neg 1.0		__DUMMY__ 0.4881401608200512 neg 0.28186932395424313 off 0.22999051522570552	false	1.0
nachlassen	neg 1.0		__DUMMY__ 0.4877669246451894 neg 0.28251193519586226 off 0.2297211401589482	false	1.0
alt	neg 1.0		__DUMMY__ 0.48848044056931017 neg 0.28376576499301565 off 0.2277537944376742	false	1.0
hundesohn	off 1.0		__DUMMY__ 0.4776990358022307 neg 0.27703645043236746 off 0.24526451376540176	false	0.5
als			__DUMMY__ 0.4865531441881406 neg 0.28467441468752996 off 0.22877244112432935	false	0.0
abschreckung	neg 1.0		__DUMMY__ 0.4839858398553419 neg 0.2908528541831342 off 0.22516130596152395	false	1.0
unqualifiziert	neg 1.0		__DUMMY__ 0.4825884120964567 neg 0.28435611485045637 off 0.23305547305308696	false	1.0
abgewichst	off 1.0		__DUMMY__ 0.483935340660188 neg 0.2860960266146382 off 0.22996863272517395	false	0.5
schwer	neg 1.0		__DUMMY__ 0.4859044656834185 neg 0.2834883368778324 off 0.2306071974387492	false	1.0
bedeutungslosigkeit	neg 1.0		__DUMMY__ 0.48344637132049406 neg 0.29086152065758614 off 0.22569210802191977	false	1.0
kapitulation	neg 1.0		__DUMMY__ 0.4801259243797476 neg 0.29273836476805326 off 0.2271357108521991	false	1.0
unscharf	neg 1.0		__DUMMY__ 0.48542206227222906 neg 0.2799999015517586 off 0.23457803617601242	false	1.0
schwinden	neg 1.0		__DUMMY__ 0.48587195785702497 neg 0.2872932622140154 off 0.2268347799289596	false	1.0
versklavung	neg 1.0	neg 1.0	neg 0.6339722282000895 __DUMMY__ 0.23467608873941564 off 0.13135168306049488	false	1.0
schlecht	neg 1.0		__DUMMY__ 0.48458099438233926 neg 0.27808883454397004 off 0.23733017107369067	false	1.0
verhasst	neg 1.0		__DUMMY__ 0.48238118544028386 neg 0.2869463119162472 off 0.23067250264346897	false	1.0
beschweren	neg 1.0		__DUMMY__ 0.4852905430567039 neg 0.28194699532478035 off 0.2327624616185158	false	1.0
scheiden	neg 1.0		__DUMMY__ 0.48488261328548393 neg 0.28492154487546756 off 0.23019584183904854	false	1.0
frustriert	neg 1.0		__DUMMY__ 0.48543464860199587 neg 0.28509735326438335 off 0.2294679981336209	false	1.0
schimmelig	neg 1.0		__DUMMY__ 0.48638572608301506 neg 0.28538115884214105 off 0.22823311507484398	false	1.0
fisch	neg 1.0		__DUMMY__ 0.48606985692695803 neg 0.2855514398513333 off 0.2283787032217085	false	1.0
schmuggel	neg 1.0		__DUMMY__ 0.4871590762814627 neg 0.2862787968682355 off 0.22656212685030197	false	1.0
auffallen	neg 1.0		__DUMMY__ 0.48491528130587624 neg 0.2818717063072068 off 0.233213012386917	false	1.0
konkurrenz	neg 1.0		__DUMMY__ 0.4868483847718126 neg 0.28753027812647985 off 0.22562133710170773	false	1.0
teufelskreis	neg 1.0		__DUMMY__ 0.4843173018329627 neg 0.2862191086243139 off 0.22946358954272347	false	1.0
aufschreien	neg 1.0		__DUMMY__ 0.4828487312163255 neg 0.2845290836099098 off 0.23262218517376482	false	1.0
schuldner	neg 1.0		__DUMMY__ 0.48348098086832064 neg 0.28961836208293473 off 0.22690065704874457	false	1.0
missgeburt	off 1.0	off 1.0	off 0.6078305369127198 __DUMMY__ 0.23436224577313627 neg 0.15780721731414388	false	1.0
arbeitslos	neg 1.0		__DUMMY__ 0.48391473222319703 neg 0.28785452132689193 off 0.228230746449911	false	1.0
befallen	neg 1.0		__DUMMY__ 0.48040436767887124 neg 0.29205539997213387 off 0.22754023234899487	false	1.0
miesepetrig	off 1.0		__DUMMY__ 0.4855606438736471 neg 0.2771860838071407 off 0.23725327231921226	false	0.5
alarmieren	neg 1.0		__DUMMY__ 0.4817665128276669 neg 0.2823565515535389 off 0.23587693561879425	false	1.0
ungeduscht	off 1.0		__DUMMY__ 0.4856123609617351 neg 0.27966750194747375 off 0.2347201370907911	false	0.5
knappheit	neg 1.0		__DUMMY__ 0.4851348262576885 neg 0.285632298719208 off 0.22923287502310352	false	1.0
schlange	neg 1.0		__DUMMY__ 0.4867872237416069 neg 0.2802633619256902 off 0.2329494143327029	false	1.0
harsch	neg 1.0		__DUMMY__ 0.48402028141902215 neg 0.2720865495903979 off 0.24389316899057997	false	1.0
lang	neg 1.0		__DUMMY__ 0.48498964562278046 neg 0.2824234516529504 off 0.23258690272426907	false	1.0
ziellos	neg 1.0		__DUMMY__ 0.48606171001885434 neg 0.28573920561351673 off 0.22819908436762898	false	1.0
selbstverliebt	neg 1.0		__DUMMY__ 0.4770478770179661 neg 0.27576358073599694 off 0.24718854224603704	false	1.0
beseitigen	neg 1.0		__DUMMY__ 0.4868676298033147 neg 0.28029056577628214 off 0.2328418044204032	false	1.0
dumm	off 1.0		__DUMMY__ 0.48079468384292207 neg 0.2766240367544109 off 0.2425812794026672	false	0.5
arbeitsloser	neg 1.0		__DUMMY__ 0.48409794282803076 neg 0.28855331857264466 off 0.22734873859932445	false	1.0
blitzen	neg 1.0		__DUMMY__ 0.48357101527358043 neg 0.281461329171122 off 0.23496765555529742	false	1.0
hilflos	neg 1.0		__DUMMY__ 0.4854187291127582 neg 0.2855696857032862 off 0.22901158518395562	false	1.0
eklig	off 1.0		__DUMMY__ 0.4806044045785071 neg 0.2757598382717088 off 0.24363575714978405	false	0.5
begriff			__DUMMY__ 0.48440183601154363 neg 0.28636979693400944 off 0.22922836705444707	false	0.0
hungersnot	neg 1.0		__DUMMY__ 0.4794995406406486 neg 0.2910414685584666 off 0.2294589908008848	false	1.0
ungesetzlich	neg 1.0		__DUMMY__ 0.4796851692326828 neg 0.287559503075647 off 0.23275532769167043	false	1.0
verschwendung	neg 1.0		__DUMMY__ 0.4854860660492092 neg 0.28832811188443447 off 0.22618582206635637	false	1.0
schmerzvoll	neg 1.0		__DUMMY__ 0.48537907628636995 neg 0.28184623371692963 off 0.23277468999670026	false	1.0
vorzeitig	neg 1.0		__DUMMY__ 0.48382471485057127 neg 0.2792587154589601 off 0.23691656969046854	false	1.0
unvollkommenheit	neg 1.0		__DUMMY__ 0.48467159275107735 neg 0.28406168700713147 off 0.2312667202417912	false	1.0
intervenieren	neg 1.0		__DUMMY__ 0.4822483028284176 neg 0.2915923463165605 off 0.22615935085502192	false	1.0
banause	off 1.0		__DUMMY__ 0.47980170357466007 neg 0.27516892679651556 off 0.24502936962882435	false	0.5
rebell	neg 1.0		__DUMMY__ 0.487289340396362 neg 0.28680033556752 off 0.22591032403611794	false	1.0
unlogisch	neg 1.0		__DUMMY__ 0.48190554078992276 neg 0.2790822532514629 off 0.23901220595861425	false	1.0
leiden	neg 1.0	neg 1.0	neg 0.6291600466958547 __DUMMY__ 0.24168901594439005 off 0.12915093735975522	false	1.0
abschaffung	neg 1.0		__DUMMY__ 0.4823492916577722 neg 0.28595900753631437 off 0.23169170080591334	false	1.0
sturz	neg 1.0		__DUMMY__ 0.4818610982364543 neg 0.2860003376394754 off 0.23213856412407016	false	1.0
verkleinerung	neg 1.0		__DUMMY__ 0.48088770729525615 neg 0.2843642965349868 off 0.23474799616975703	false	1.0
schmarotzer	off 1.0		__DUMMY__ 0.4827226561839297 neg 0.2898623963937243 off 0.22741494742234603	false	0.5
bestrafung	neg 1.0		__DUMMY__ 0.4832293853984974 neg 0.28499829122839 off 0.23177232337311263	false	1.0
achtlos	neg 1.0		__DUMMY__ 0.4862824004254111 neg 0.28305576072127747 off 0.23066183885331135	false	1.0
ungeheuer	neg 1.0		__DUMMY__ 0.4835831895807343 neg 0.2833527448841393 off 0.23306406553512624	false	1.0
unaufrichtig	neg 1.0		__DUMMY__ 0.48077292911365527 neg 0.2857387061576657 off 0.2334883647286789	false	1.0
groggy	neg 1.0		__DUMMY__ 0.4832189455728481 neg 0.282114420791665 off 0.23466663363548695	false	1.0
verletzlich	neg 1.0		__DUMMY__ 0.48307653566994485 neg 0.2798248622433178 off 0.23709860208673725	false	1.0
