unsolidarisch	neg 1.0		neg 0.3696559297802375 __DUMMY__ 0.33691335641335685 off 0.29343071380640573	false	1.0
nachteilig	neg 1.0		neg 0.36552631076358544 __DUMMY__ 0.341874255123287 off 0.29259943411312755	false	1.0
skeptisch	neg 1.0		neg 0.36784750449762627 __DUMMY__ 0.3425031799992186 off 0.28964931550315504	false	1.0
schrecklich	neg 1.0		neg 0.3557167971670974 __DUMMY__ 0.3400124347843724 off 0.30427076804853026	false	1.0
schlapp	neg 1.0		neg 0.3563708497417877 __DUMMY__ 0.3427212284129586 off 0.3009079218452538	false	1.0
abfall	neg 1.0		neg 0.3686808683594123 __DUMMY__ 0.343156417038665 off 0.2881627146019228	false	1.0
widerspenstig	neg 1.0		neg 0.36097698009055595 __DUMMY__ 0.34323954579265464 off 0.2957834741167895	false	1.0
abrupt	neg 1.0		neg 0.3606029396043952 __DUMMY__ 0.34440639746155033 off 0.2949906629340545	false	1.0
unwirksam	neg 1.0		neg 0.36606736588785915 __DUMMY__ 0.33891406667073765 off 0.2950185674414032	false	1.0
angreifen	neg 1.0		neg 0.36818540669210004 __DUMMY__ 0.34130494822533375 off 0.29050964508256627	false	1.0
inkonsistent	neg 1.0		neg 0.3610501972684771 __DUMMY__ 0.3410628196583164 off 0.29788698307320655	false	1.0
abrutschen	neg 1.0		neg 0.36806425717190255 __DUMMY__ 0.34348953380239966 off 0.28844620902569784	false	1.0
unsicher	neg 1.0		neg 0.3619844813076096 __DUMMY__ 0.3424599846169623 off 0.2955555340754282	false	1.0
bauernkind	off 1.0		neg 0.3555168373771945 __DUMMY__ 0.3374911654549622 off 0.30699199716784326	false	0.5
angreifer	neg 1.0		neg 0.3623620863173119 __DUMMY__ 0.3395780566252685 off 0.2980598570574195	false	1.0
trennen	neg 1.0		neg 0.3639740827718865 __DUMMY__ 0.3444942600743927 off 0.2915316571537207	false	1.0
schmutz	neg 1.0		neg 0.35247051491554376 __DUMMY__ 0.3444533958792672 off 0.3030760892051891	false	1.0
inkonsistenz	neg 1.0	neg 1.0	neg 0.670617697423392 __DUMMY__ 0.16481048175970275 off 0.16457182081690536	false	1.0
erschreckend	neg 1.0		neg 0.365364207251465 __DUMMY__ 0.34118763919451345 off 0.29344815355402165	false	1.0
ertrinken	neg 1.0		neg 0.3648576346490414 __DUMMY__ 0.34306396568654524 off 0.29207839966441335	false	1.0
pickelface	off 1.0		neg 0.36422011821113276 __DUMMY__ 0.34013561008615356 off 0.29564427170271357	false	0.5
seiner			neg 0.3671922116222972 __DUMMY__ 0.34208607545997344 off 0.2907217129177293	false	0.0
lauch	neg 1.0		neg 0.36733429706191945 __DUMMY__ 0.34293808792013397 off 0.2897276150179467	false	1.0
unwichtig	neg 1.0		neg 0.3592538266595407 __DUMMY__ 0.34084146124959874 off 0.29990471209086056	false	1.0
steuerhinterziehung	neg 1.0		neg 0.36782662132262406 __DUMMY__ 0.33894700840492975 off 0.29322637027244625	false	1.0
schock	neg 1.0		neg 0.36138860122771566 __DUMMY__ 0.3440171726520097 off 0.2945942261202746	false	1.0
beule	neg 1.0		neg 0.3554739913929158 __DUMMY__ 0.3422970324310055 off 0.30222897617607875	false	1.0
vergelten	neg 1.0		neg 0.3563878411066859 __DUMMY__ 0.3383848316375821 off 0.3052273272557322	false	1.0
verdorbenheit	neg 1.0		neg 0.3590779298793508 __DUMMY__ 0.3431524257261763 off 0.29776964439447295	false	1.0
trauma	neg 1.0		neg 0.36163427741354986 __DUMMY__ 0.3412226643356349 off 0.2971430582508152	false	1.0
sinnlos	neg 1.0		neg 0.36117730618329374 __DUMMY__ 0.3413689112605713 off 0.29745378255613514	false	1.0
fettsack	off 1.0	off 1.0	off 0.6393704674976313 neg 0.19623244798376002 __DUMMY__ 0.16439708451860882	false	1.0
feige	off 1.0		neg 0.36229040694570075 __DUMMY__ 0.33923203145606395 off 0.2984775615982353	false	0.5
abdanken	neg 1.0		neg 0.3704442107346897 __DUMMY__ 0.33723929626971355 off 0.29231649299559664	false	1.0
wichtigtuer	off 1.0	off 1.0	off 0.633650843389193 neg 0.20152594331366736 __DUMMY__ 0.1648232132971397	false	1.0
misslingen	neg 1.0		neg 0.35902277668169086 __DUMMY__ 0.342760736094674 off 0.29821648722363514	false	1.0
untreu	off 1.0		neg 0.3587177248286808 __DUMMY__ 0.3406510031183654 off 0.30063127205295376	false	0.5
missmutig	neg 1.0		neg 0.3583140466825377 __DUMMY__ 0.341990927760047 off 0.2996950255574153	false	1.0
hurenbock	off 1.0		neg 0.35791271454461837 __DUMMY__ 0.34373608748535933 off 0.29835119797002224	false	0.5
betrunken	neg 1.0		neg 0.3556285336973631 __DUMMY__ 0.34152420435317804 off 0.3028472619494589	false	1.0
korrupt	off 1.0		neg 0.37054084003286225 __DUMMY__ 0.3383097165657088 off 0.291149443401429	false	0.5
unmut	neg 1.0		neg 0.3695752314811257 __DUMMY__ 0.34203132805428377 off 0.2883934404645905	false	1.0
hackfresse	off 1.0		neg 0.35321187819328786 __DUMMY__ 0.33909056134855436 off 0.3076975604581577	false	0.5
aufblasen	neg 1.0		neg 0.3595146946705432 __DUMMY__ 0.3430199265807755 off 0.2974653787486813	false	1.0
gewaltsam	neg 1.0		neg 0.3652045214633935 __DUMMY__ 0.33930050370658954 off 0.295494974830017	false	1.0
unbeliebtheit	neg 1.0		neg 0.36398157818478855 __DUMMY__ 0.33598271760135634 off 0.30003570421385517	false	1.0
sturheit	neg 1.0		neg 0.3673175474985833 __DUMMY__ 0.3398163622706512 off 0.2928660902307655	false	1.0
kuh	neg 1.0		neg 0.3617589538787201 __DUMMY__ 0.34102250932603434 off 0.2972185367952457	false	1.0
erschrecken	neg 1.0		neg 0.3590743718991811 __DUMMY__ 0.3417216442926196 off 0.2992039838081993	false	1.0
opfer	neg 1.0	neg 1.0	neg 0.6733478131264905 __DUMMY__ 0.1658118112495629 off 0.16084037562394662	false	1.0
sinken	neg 1.0		neg 0.3680399636890846 __DUMMY__ 0.3424353746672298 off 0.2895246616436856	false	1.0
stinktier	neg 1.0		neg 0.356391507589492 __DUMMY__ 0.33912783701754895 off 0.30448065539295915	false	1.0
tucke	off 1.0		neg 0.35108046413872224 __DUMMY__ 0.33997094979445064 off 0.308948586066827	false	0.5
ein			neg 0.35846188606684726 __DUMMY__ 0.34422319756837505 off 0.29731491636477775	false	0.0
abstieg	neg 1.0		neg 0.3672630367685152 __DUMMY__ 0.3401383012666697 off 0.29259866196481504	false	1.0
missverstehen	neg 1.0		neg 0.3637743907588483 __DUMMY__ 0.33979607987616894 off 0.2964295293649827	false	1.0
ergebnislos	neg 1.0		neg 0.36666533005571544 __DUMMY__ 0.3408593987980636 off 0.29247527114622107	false	1.0
unter			neg 0.36703107316957695 __DUMMY__ 0.34675978552039566 off 0.2862091413100275	false	0.0
manipulieren	neg 1.0		neg 0.36767812217716006 __DUMMY__ 0.341721885255292 off 0.2905999925675479	false	1.0
unbewiesen	neg 1.0		neg 0.36930407207246163 __DUMMY__ 0.33722488400418726 off 0.29347104392335094	false	1.0
verschleppen	neg 1.0		neg 0.3676562395035994 __DUMMY__ 0.3403875306676261 off 0.2919562298287744	false	1.0
weib	off 1.0		neg 0.35254772069507656 __DUMMY__ 0.3385239491872901 off 0.3089283301176333	false	0.5
opposition	neg 1.0		neg 0.3655308948813932 __DUMMY__ 0.3385347913998393 off 0.2959343137187675	false	1.0
verkehrswidrig	neg 1.0		neg 0.3521067153163434 __DUMMY__ 0.34106451039402774 off 0.3068287742896288	false	1.0
inkorrekt	neg 1.0		neg 0.36324544245035695 __DUMMY__ 0.33741865345370964 off 0.29933590409593325	false	1.0
vermeiden	neg 1.0		neg 0.3663202405229232 __DUMMY__ 0.34539452360135736 off 0.2882852358757194	false	1.0
abweichung	neg 1.0		neg 0.36853900755434016 __DUMMY__ 0.3395588424252036 off 0.2919021500204562	false	1.0
alkoholisiert	neg 1.0		neg 0.3622753924908803 __DUMMY__ 0.34358307834571816 off 0.29414152916340136	false	1.0
scheiss	off 1.0	off 1.0	off 0.6372067550331085 neg 0.19698964686653544 __DUMMY__ 0.16580359810035594	false	1.0
herausforderung	neg 1.0		neg 0.35988162504989796 __DUMMY__ 0.34537835684954804 off 0.29474001810055395	false	1.0
pervers	off 1.0		neg 0.3502323193284329 __DUMMY__ 0.33801349178935486 off 0.31175418888221224	false	0.5
wackelig	neg 1.0		neg 0.36024204038967106 __DUMMY__ 0.34520465858165345 off 0.29455330102867533	false	1.0
verwickeln	neg 1.0		neg 0.36289758653924703 __DUMMY__ 0.34055741203743883 off 0.2965450014233142	false	1.0
vorwand	neg 1.0		neg 0.36987009155901557 __DUMMY__ 0.3412688352768623 off 0.288861073164122	false	1.0
muschi	off 1.0		neg 0.3652091965718111 __DUMMY__ 0.3398755011495284 off 0.2949153022786605	false	0.5
entmutigung	neg 1.0		neg 0.3694801253562471 __DUMMY__ 0.33547425789470486 off 0.29504561674904817	false	1.0
unangemessen	neg 1.0		neg 0.3686979358235594 __DUMMY__ 0.3397429002906167 off 0.2915591638858238	false	1.0
unstetig	neg 1.0		neg 0.360145326460761 __DUMMY__ 0.3405525450243494 off 0.2993021285148895	false	1.0
entmutigen	neg 1.0		neg 0.3614167967390959 __DUMMY__ 0.34197837574808926 off 0.29660482751281486	false	1.0
schwanz	neg 1.0		neg 0.36502078451539594 __DUMMY__ 0.3415863903159173 off 0.2933928251686867	false	1.0
verbot	neg 1.0		neg 0.36871649457182737 __DUMMY__ 0.33902093113687254 off 0.29226257429130004	false	1.0
leid	neg 1.0		neg 0.35433194650133865 __DUMMY__ 0.3397078352078658 off 0.30596021829079556	false	1.0
archaisch	neg 1.0		neg 0.367534439917465 __DUMMY__ 0.34011618428499046 off 0.2923493757975444	false	1.0
gegen			neg 0.37037165707316 __DUMMY__ 0.3406275293444868 off 0.28900081358235313	false	0.0
scheidung	neg 1.0	neg 1.0	neg 0.657841263450752 off 0.1775997606716963 __DUMMY__ 0.1645589758775517	false	1.0
einschlag	neg 1.0		neg 0.3563797365271421 __DUMMY__ 0.33884959177712654 off 0.3047706716957313	false	1.0
m			neg 0.36238229147058937 __DUMMY__ 0.34294549757561554 off 0.2946722109537951	false	0.0
abgestanden	neg 1.0		neg 0.3595881409761291 __DUMMY__ 0.343669311224796 off 0.296742547799075	false	1.0
schmierig	off 1.0		neg 0.35446307762501983 __DUMMY__ 0.3404510994666289 off 0.30508582290835135	false	0.5
unpraktisch	neg 1.0		neg 0.3588135813804722 __DUMMY__ 0.3434709595141911 off 0.29771545910533664	false	1.0
wixxer	off 1.0		neg 0.3514209951922724 __DUMMY__ 0.33711943538110584 off 0.3114595694266217	false	0.5
bezeichnet			neg 0.3665017912348442 __DUMMY__ 0.34000500371254777 off 0.293493205052608	false	0.0
jammerlappen	off 1.0		neg 0.3596149636938807 __DUMMY__ 0.3406874407687548 off 0.29969759553736464	false	0.5
farce	neg 1.0		neg 0.37131124100564195 __DUMMY__ 0.33707594171065547 off 0.2916128172837025	false	1.0
zwecklos	neg 1.0		neg 0.36789946318960975 __DUMMY__ 0.3405021830471196 off 0.2915983537632707	false	1.0
turbulent	neg 1.0		neg 0.3570238618425932 __DUMMY__ 0.33934753941044554 off 0.3036285987469613	false	1.0
invasion	neg 1.0		neg 0.3584433412545829 __DUMMY__ 0.34219635745733223 off 0.29936030128808505	false	1.0
schuld	neg 1.0		neg 0.3633263654206984 __DUMMY__ 0.34095695260466835 off 0.2957166819746332	false	1.0
risiko	neg 1.0		neg 0.35615169371744015 __DUMMY__ 0.34345423351304444 off 0.30039407276951546	false	1.0
finster	neg 1.0		neg 0.3591418227922293 __DUMMY__ 0.34382634928160216 off 0.29703182792616867	false	1.0
geisteskrank	off 1.0		neg 0.36142380081308273 __DUMMY__ 0.33829972696349325 off 0.3002764722234239	false	0.5
zusammenbrechen	neg 1.0		neg 0.3628784262909539 __DUMMY__ 0.3428754038302889 off 0.29424616987875724	false	1.0
ausbeute	neg 1.0		neg 0.36258488168475095 __DUMMY__ 0.34384762973290156 off 0.2935674885823474	false	1.0
hinterhalt	neg 1.0		neg 0.36311253554178763 __DUMMY__ 0.34075049908811916 off 0.2961369653700931	false	1.0
kritik	neg 1.0		neg 0.3699937353812988 __DUMMY__ 0.33792189060487005 off 0.29208437401383097	false	1.0
einschrumpfen	neg 1.0		neg 0.36360559365708733 __DUMMY__ 0.3382609298610147 off 0.29813347648189803	false	1.0
riskant	neg 1.0		neg 0.36645193274000964 __DUMMY__ 0.34225866599545085 off 0.2912894012645395	false	1.0
frustrieren	neg 1.0		neg 0.3673545601627297 __DUMMY__ 0.34172975776190384 off 0.29091568207536633	false	1.0
groll	neg 1.0		neg 0.3675158609115844 __DUMMY__ 0.3406064207170282 off 0.2918777183713874	false	1.0
gibt			neg 0.36476840111807723 __DUMMY__ 0.34197499390690766 off 0.29325660497501527	false	0.0
qualvoll	neg 1.0		neg 0.3599454106153756 __DUMMY__ 0.3420041747522069 off 0.2980504146324175	false	1.0
wackeln	neg 1.0		neg 0.358900544524239 __DUMMY__ 0.34384389369538043 off 0.29725556178038065	false	1.0
klagen	neg 1.0		neg 0.37021687409071175 __DUMMY__ 0.34107234877049264 off 0.2887107771387956	false	1.0
bankrott	neg 1.0		neg 0.357326591615133 __DUMMY__ 0.3417705939241086 off 0.3009028144607583	false	1.0
trauern	neg 1.0		neg 0.3674039922403513 __DUMMY__ 0.3415554659998665 off 0.29104054175978233	false	1.0
ablehnung	neg 1.0	neg 1.0	neg 0.6742841752975066 __DUMMY__ 0.1642315006549617 off 0.16148432404753169	false	1.0
stur	neg 1.0		neg 0.3625501357114113 __DUMMY__ 0.34116612717998 off 0.2962837371086085	false	1.0
aufruhr	neg 1.0		neg 0.3669083268077384 __DUMMY__ 0.33863836382652485 off 0.2944533093657368	false	1.0
melancholie	neg 1.0		neg 0.3619992079122467 __DUMMY__ 0.3440384330033668 off 0.2939623590843864	false	1.0
ist			neg 0.3623782160228056 __DUMMY__ 0.34112435533608415 off 0.29649742864111034	false	0.0
torheit	neg 1.0		neg 0.36857242193583273 __DUMMY__ 0.3372376522605822 off 0.2941899258035852	false	1.0
dreckskind	off 1.0		neg 0.3576207094134622 __DUMMY__ 0.33693762275566624 off 0.3054416678308714	false	0.5
umtauschen	neg 1.0		neg 0.3606889326254396 __DUMMY__ 0.34342218270221175 off 0.2958888846723487	false	1.0
zum			neg 0.3636656908784959 __DUMMY__ 0.3467654420801491 off 0.28956886704135504	false	0.0
zersetzen	neg 1.0		neg 0.3688036439504559 __DUMMY__ 0.3414192967254463 off 0.2897770593240978	false	1.0
zur			neg 0.36995275003637135 __DUMMY__ 0.3429490622940916 off 0.28709818766953693	false	0.0
frust	neg 1.0		neg 0.36425745687934846 __DUMMY__ 0.34222465006597247 off 0.29351789305467907	false	1.0
unerbittlichkeit	neg 1.0		neg 0.368568700632053 __DUMMY__ 0.3409500461979738 off 0.2904812531699732	false	1.0
zwei			neg 0.3640160420270742 __DUMMY__ 0.3453629228371301 off 0.29062103513579557	false	0.0
unkorrekt	neg 1.0		neg 0.36196112252035856 __DUMMY__ 0.3377143448522898 off 0.30032453262735154	false	1.0
hexe	off 1.0		neg 0.3578957255677499 __DUMMY__ 0.3411545110485741 off 0.300949763383676	false	0.5
lasch	neg 1.0		neg 0.3630864621529275 __DUMMY__ 0.3393949102358475 off 0.29751862761122494	false	1.0
rivale	neg 1.0		neg 0.35610729902434635 __DUMMY__ 0.3393587853118914 off 0.30453391566376214	false	1.0
mutlos	off 1.0	off 1.0	off 0.6307643665141771 neg 0.2041485974503473 __DUMMY__ 0.16508703603547548	false	1.0
wirr	off 1.0		neg 0.359300123487958 __DUMMY__ 0.338201384240435 off 0.302498492271607	false	0.5
jahr			neg 0.3621302349640243 __DUMMY__ 0.34488187771777606 off 0.2929878873181996	false	0.0
wird			neg 0.36598243434924627 __DUMMY__ 0.3421334437917834 off 0.2918841218589704	false	0.0
strafbar	neg 1.0		neg 0.37026630457182724 __DUMMY__ 0.3396629306614592 off 0.2900707647667135	false	1.0
erosion	neg 1.0		neg 0.3597207689251509 __DUMMY__ 0.34257552827700016 off 0.2977037027978489	false	1.0
eingehen	neg 1.0		neg 0.36756154438529687 __DUMMY__ 0.3409517034429808 off 0.29148675217172226	false	1.0
faul	off 1.0		neg 0.35600454069165627 __DUMMY__ 0.34306375981397386 off 0.3009316994943699	false	0.5
provisorium	neg 1.0		neg 0.3693212773225023 __DUMMY__ 0.34569205582339696 off 0.2849866668541008	false	1.0
schmerzen	neg 1.0		neg 0.3623520865520923 __DUMMY__ 0.34294815767799103 off 0.29469975576991664	false	1.0
schrumpfen	neg 1.0		neg 0.3694362982736983 __DUMMY__ 0.34351926883335865 off 0.28704443289294296	false	1.0
geistlos	off 1.0		neg 0.36704874794482156 __DUMMY__ 0.33706937852031954 off 0.295881873534859	false	0.5
fehlkauf	neg 1.0		neg 0.36235612361233416 __DUMMY__ 0.33993111214394645 off 0.2977127642437194	false	1.0
frustrierend	neg 1.0		neg 0.35903771597347495 __DUMMY__ 0.34176301404660564 off 0.29919926997991947	false	1.0
unzufrieden	neg 1.0		neg 0.36616376877638424 __DUMMY__ 0.3415305674574211 off 0.29230566376619466	false	1.0
verzweifeln	neg 1.0		neg 0.36292980745328374 __DUMMY__ 0.34230920153360506 off 0.2947609910131113	false	1.0
verzweifelt	neg 1.0		neg 0.36249605674099433 __DUMMY__ 0.34127584630293284 off 0.2962280969560727	false	1.0
misstrauensantrag	neg 1.0		neg 0.36241383342637573 __DUMMY__ 0.33984423418133364 off 0.2977419323922907	false	1.0
abfallen	neg 1.0		neg 0.35789655349595845 __DUMMY__ 0.34436022489212864 off 0.29774322161191297	false	1.0
fucker	off 1.0		neg 0.3580041487210733 __DUMMY__ 0.33913862798793093 off 0.30285722329099585	false	0.5
ungezogen	neg 1.0		neg 0.3512735005392663 __DUMMY__ 0.3391689112623405 off 0.30955758819839324	false	1.0
irrsinnig	neg 1.0	neg 1.0	neg 0.6713636157534395 __DUMMY__ 0.16540247398653876 off 0.1632339102600218	false	1.0
unfassbar	neg 1.0		neg 0.359024043743474 __DUMMY__ 0.340679041270002 off 0.3002969149865241	false	1.0
hart	neg 1.0		neg 0.3595188780167192 __DUMMY__ 0.34004301853372504 off 0.3004381034495556	false	1.0
widerlich	off 1.0		neg 0.35990997141481706 __DUMMY__ 0.3394983961603769 off 0.30059163242480597	false	0.5
fatal	neg 1.0		neg 0.36155408407398826 __DUMMY__ 0.3404903138746408 off 0.2979556020513709	false	1.0
bruch	neg 1.0		neg 0.3720949562207074 __DUMMY__ 0.3402476903823325 off 0.28765735339696014	false	1.0
aushungern	neg 1.0		neg 0.36765202102531086 __DUMMY__ 0.33844585075601014 off 0.29390212821867895	false	1.0
anspannung	neg 1.0		neg 0.36638847414415143 __DUMMY__ 0.34445535490318063 off 0.289156170952668	false	1.0
von			neg 0.3640503267508425 __DUMMY__ 0.3443982945999286 off 0.29155137864922887	false	0.0
kraftlos	neg 1.0		neg 0.3617448175891961 __DUMMY__ 0.3445124359547218 off 0.2937427464560821	false	1.0
vom			neg 0.367218239120595 __DUMMY__ 0.34619521573618534 off 0.2865865451432197	false	0.0
grenzdebil	off 1.0		neg 0.3569879551119198 __DUMMY__ 0.341149963258335 off 0.30186208162974526	false	0.5
vor			neg 0.3665261521397466 __DUMMY__ 0.3436463038770175 off 0.289827543983236	false	0.0
unterwerfen	neg 1.0		neg 0.368470486081744 __DUMMY__ 0.34063461052983113 off 0.29089490338842494	false	1.0
versenkung	neg 1.0		neg 0.36717828579969203 __DUMMY__ 0.34178226708574166 off 0.2910394471145663	false	1.0
entziehen	neg 1.0		neg 0.36995252740233964 __DUMMY__ 0.3415999556676576 off 0.2884475169300028	false	1.0
finanzkrise	neg 1.0		neg 0.3676818183211314 __DUMMY__ 0.3386189188029853 off 0.29369926287588327	false	1.0
schimpfend	neg 1.0		neg 0.3563323164378959 __DUMMY__ 0.3447741160724624 off 0.2988935674896417	false	1.0
profan	neg 1.0		neg 0.3611550512262568 __DUMMY__ 0.34140324765330893 off 0.2974417011204343	false	1.0
korruption	neg 1.0		neg 0.3696576367215636 __DUMMY__ 0.3387482762465067 off 0.29159408703192974	false	1.0
â			neg 0.36386475725686607 __DUMMY__ 0.34266538706771665 off 0.29346985567541733	false	0.0
schmutzig	neg 1.0		neg 0.35564072888629733 __DUMMY__ 0.3423860067385438 off 0.3019732643751589	false	1.0
sexy	neg 1.0		neg 0.35900264919772384 __DUMMY__ 0.34112825403219815 off 0.299869096770078	false	1.0
abraten	neg 1.0		neg 0.3606145865839711 __DUMMY__ 0.34235197117328736 off 0.29703344224274153	false	1.0
schwarz	neg 1.0		neg 0.36186611604558117 __DUMMY__ 0.3409004762750262 off 0.29723340767939277	false	1.0
fotze	off 1.0		neg 0.3665831099441888 __DUMMY__ 0.34032081328667646 off 0.29309607676913474	false	0.5
verwirren	neg 1.0		neg 0.36048156739549825 __DUMMY__ 0.3412467400343424 off 0.29827169257015934	false	1.0
zahnlos	off 1.0		neg 0.3677786708658777 __DUMMY__ 0.34032820583361895 off 0.2918931233005033	false	0.5
verheeren	neg 1.0		neg 0.35171341867325456 __DUMMY__ 0.33728165946274563 off 0.31100492186399986	false	1.0
hippie	neg 1.0		neg 0.35974397859480794 __DUMMY__ 0.34082479193742765 off 0.29943122946776435	false	1.0
rammen	neg 1.0		neg 0.35865607256289106 __DUMMY__ 0.3422189585225469 off 0.29912496891456203	false	1.0
unlauter	neg 1.0	neg 1.0	neg 0.6702937775989866 __DUMMY__ 0.16522128410962456 off 0.16448493829138888	false	1.0
unheilvoll	neg 1.0		neg 0.3601264416861236 __DUMMY__ 0.3421192514584128 off 0.2977543068554635	false	1.0
niedrig	neg 1.0		neg 0.36487675752634346 __DUMMY__ 0.34218597629655717 off 0.2929372661770994	false	1.0
explosion	neg 1.0		neg 0.3588054172430127 __DUMMY__ 0.3417702991592381 off 0.2994242835977492	false	1.0
weichei	off 1.0		neg 0.35419746278592523 __DUMMY__ 0.33929331568225307 off 0.3065092215318217	false	0.5
minusmensch	off 1.0		neg 0.3554862996020919 __DUMMY__ 0.33519651003076834 off 0.30931719036713984	false	0.5
farblos	neg 1.0		neg 0.36235568201301754 __DUMMY__ 0.34119419340433965 off 0.29645012458264275	false	1.0
unwissend	neg 1.0	neg 1.0	neg 0.6692616548714277 off 0.1657159150809706 __DUMMY__ 0.16502243004760156	false	1.0
traurig	neg 1.0		neg 0.35545925524421257 __DUMMY__ 0.3409038417920431 off 0.30363690296374446	false	1.0
senkung	neg 1.0		neg 0.36008819717746937 __DUMMY__ 0.3409709079595442 off 0.2989408948629865	false	1.0
ungleich	neg 1.0	neg 1.0	neg 0.6738208238504761 __DUMMY__ 0.1655167928822984 off 0.16066238326722546	false	1.0
heikel	neg 1.0		neg 0.3683058834352001 __DUMMY__ 0.3417716918004983 off 0.2899224247643017	false	1.0
drosselung	neg 1.0		neg 0.35445917838618674 __DUMMY__ 0.34121375481108085 off 0.30432706680273236	false	1.0
falsch	neg 1.0		neg 0.3596540935774646 __DUMMY__ 0.3410332472161893 off 0.29931265920634625	false	1.0
unzufriedenheit	neg 1.0		neg 0.36891614262854616 __DUMMY__ 0.341490982358765 off 0.28959287501268877	false	1.0
kurz	neg 1.0		neg 0.36121780693220684 __DUMMY__ 0.34404661304189893 off 0.29473558002589406	false	1.0
unsinnig	neg 1.0		neg 0.3662702374422162 __DUMMY__ 0.3411247248767658 off 0.29260503768101803	false	1.0
penner	off 1.0	off 1.0	off 0.6405109043096427 neg 0.1948066117605174 __DUMMY__ 0.1646824839298399	false	1.0
seicht	neg 1.0		neg 0.3547617953380868 __DUMMY__ 0.3371964551617471 off 0.308041749500166	false	1.0
dummheit	off 1.0	off 1.0	off 0.6341501594987402 neg 0.20097566132076183 __DUMMY__ 0.16487417918049802	false	1.0
unerfreulich	neg 1.0		neg 0.3672253364141034 __DUMMY__ 0.34283442479367504 off 0.28994023879222164	false	1.0
motherfucker	off 1.0	off 1.0	off 0.6375338460047649 neg 0.19775989865117083 __DUMMY__ 0.1647062553440642	false	1.0
pikiert	neg 1.0		neg 0.361219045003086 __DUMMY__ 0.33959657686592043 off 0.2991843781309937	false	1.0
wrack	neg 1.0		neg 0.36423532704180006 __DUMMY__ 0.34231281094063326 off 0.29345186201756673	false	1.0
gangster	neg 1.0		neg 0.3604119746869033 __DUMMY__ 0.34097174246512435 off 0.2986162828479724	false	1.0
krank	neg 1.0		neg 0.35507552668458003 __DUMMY__ 0.34240027666322254 off 0.30252419665219743	false	1.0
reich	neg 1.0		neg 0.3650109702985315 __DUMMY__ 0.3362409882123838 off 0.29874804148908474	false	1.0
gnadenlos	neg 1.0		neg 0.36271434066271013 __DUMMY__ 0.3412456410209575 off 0.2960400183163323	false	1.0
niedergeschlagen	neg 1.0		neg 0.3633379104879116 __DUMMY__ 0.34255605205381895 off 0.2941060374582696	false	1.0
terrorisieren	off 1.0	off 1.0	off 0.6309320381136031 neg 0.20318046712907303 __DUMMY__ 0.16588749475732384	false	1.0
sinnlosigkeit	neg 1.0		neg 0.36722350984011815 __DUMMY__ 0.3406406388221783 off 0.2921358513377037	false	1.0
behindern	neg 1.0		neg 0.36158347263352136 __DUMMY__ 0.34263639440062676 off 0.2957801329658519	false	1.0
undemokratisch	neg 1.0		neg 0.3668247889429562 __DUMMY__ 0.33806369873151615 off 0.29511151232552774	false	1.0
wirtschaftskrise	neg 1.0		neg 0.36817591555289036 __DUMMY__ 0.33970984918470165 off 0.29211423526240793	false	1.0
neid	neg 1.0		neg 0.35805691288296165 __DUMMY__ 0.3423784033416385 off 0.29956468377539974	false	1.0
rutschen	neg 1.0		neg 0.36299164456557875 __DUMMY__ 0.3470691702529642 off 0.289939185181457	false	1.0
rezession	neg 1.0		neg 0.3580278132324302 __DUMMY__ 0.3376846767992807 off 0.304287509968289	false	1.0
fehlgeburt	neg 1.0		neg 0.3642989352591943 __DUMMY__ 0.3404259846418196 off 0.29527508009898606	false	1.0
charakterschwach	off 1.0		neg 0.35981354880057365 __DUMMY__ 0.3396655161202578 off 0.3005209350791687	false	0.5
isolation	neg 1.0		neg 0.3581216073568291 __DUMMY__ 0.340988017712262 off 0.30089037493090887	false	1.0
ablenkung	neg 1.0		neg 0.3615058876707129 __DUMMY__ 0.34251552066529767 off 0.29597859166398927	false	1.0
pech	neg 1.0		neg 0.3588371003018902 __DUMMY__ 0.3420808093074029 off 0.29908209039070677	false	1.0
vermeidung	neg 1.0		neg 0.35481307150558156 __DUMMY__ 0.3418496568599108 off 0.3033372716345077	false	1.0
dominieren	neg 1.0		neg 0.36422640830227365 __DUMMY__ 0.341673656167653 off 0.2940999355300734	false	1.0
schwindlig	neg 1.0		neg 0.35719424091008606 __DUMMY__ 0.34339035522752115 off 0.2994154038623928	false	1.0
lutscher	neg 1.0		neg 0.3529144882839136 __DUMMY__ 0.33771507138377616 off 0.3093704403323102	false	1.0
pflicht	neg 1.0		neg 0.3690679453236369 __DUMMY__ 0.34142484658119776 off 0.28950720809516545	false	1.0
faschist	off 1.0		neg 0.3672054063196298 __DUMMY__ 0.337205608890537 off 0.2955889847898332	false	0.5
verschleudern	neg 1.0		neg 0.36822135892124236 __DUMMY__ 0.34011011992710394 off 0.2916685211516536	false	1.0
wenn			neg 0.3597333122561607 __DUMMY__ 0.3410256171115986 off 0.29924107063224065	false	0.0
ehebruch	neg 1.0		neg 0.369331104236888 __DUMMY__ 0.33982306663229267 off 0.2908458291308193	false	1.0
spott	off 1.0		neg 0.36922664081413337 __DUMMY__ 0.34030364748579756 off 0.290469711700069	false	0.5
trostlosigkeit	neg 1.0		neg 0.37242014613524677 __DUMMY__ 0.3391521861610366 off 0.28842766770371664	false	1.0
lutschen	neg 1.0		neg 0.3607663085646161 __DUMMY__ 0.33958949096061214 off 0.29964420047477164	false	1.0
undiszipliniert	neg 1.0		neg 0.35641073516891303 __DUMMY__ 0.34069997887470405 off 0.3028892859563828	false	1.0
kopfschmerz	neg 1.0		neg 0.3620716905924164 __DUMMY__ 0.3426102326125091 off 0.29531807679507444	false	1.0
unvorhergesehen	neg 1.0		neg 0.3593552420014327 __DUMMY__ 0.34527517548738934 off 0.2953695825111779	false	1.0
desinteressiert	neg 1.0		neg 0.358145061969457 __DUMMY__ 0.3398269458569379 off 0.3020279921736051	false	1.0
armselig	off 1.0		neg 0.358141208668578 __DUMMY__ 0.33912053600775766 off 0.3027382553236644	false	0.5
desaster	neg 1.0		neg 0.37249441043043147 __DUMMY__ 0.3402371843674613 off 0.28726840520210734	false	1.0
tod	neg 1.0		neg 0.37106591434376096 __DUMMY__ 0.3388888399417418 off 0.2900452457144973	false	1.0
herzlos	neg 1.0		neg 0.3553488929863198 __DUMMY__ 0.34047602756951567 off 0.30417507944416466	false	1.0
unwissenheit	neg 1.0		neg 0.3680268161548202 __DUMMY__ 0.3401378030858711 off 0.29183538075930865	false	1.0
widersinnig	neg 1.0		neg 0.3697183156364273 __DUMMY__ 0.33816209429117605 off 0.29211959007239663	false	1.0
bedenklich	neg 1.0		neg 0.36774607548436555 __DUMMY__ 0.34140542434318244 off 0.2908485001724521	false	1.0
beanstanden	neg 1.0		neg 0.3688725038127584 __DUMMY__ 0.3417809677648557 off 0.28934652842238584	false	1.0
panisch	neg 1.0	neg 1.0	neg 0.6671966988922501 __DUMMY__ 0.167546091521224 off 0.16525720958652576	false	1.0
debil	off 1.0		neg 0.370374739696251 __DUMMY__ 0.34273497727104824 off 0.2868902830327007	false	0.5
abstrich	neg 1.0		neg 0.35717474584925596 __DUMMY__ 0.3449484572193337 off 0.29787679693141017	false	1.0
primitiv	neg 1.0		neg 0.35934957928679323 __DUMMY__ 0.3394348713469971 off 0.3012155493662096	false	1.0
abschaum	off 1.0	off 1.0	off 0.6354027478685559 neg 0.20017099044764775 __DUMMY__ 0.16442626168379634	false	1.0
provozieren	neg 1.0		neg 0.3652839098159253 __DUMMY__ 0.3400476255054806 off 0.2946684646785942	false	1.0
tot	neg 1.0		neg 0.36604765885779533 __DUMMY__ 0.3403518414041682 off 0.2936004997380364	false	1.0
instabil	neg 1.0		neg 0.35739060687041413 __DUMMY__ 0.33863587610943013 off 0.3039735170201556	false	1.0
schwuchtel	off 1.0		neg 0.35096398950435603 __DUMMY__ 0.33519897499946993 off 0.31383703549617403	false	0.5
zerren	neg 1.0		neg 0.3638495652880876 __DUMMY__ 0.34235262966493 off 0.2937978050469825	false	1.0
kinderficker	off 1.0		neg 0.3582103759489634 __DUMMY__ 0.3375056935966206 off 0.30428393045441604	false	0.5
gefahr	neg 1.0		neg 0.3683801841290731 __DUMMY__ 0.3405607567891839 off 0.29105905908174284	false	1.0
rabiat	neg 1.0		neg 0.363730242328107 __DUMMY__ 0.3412519611373682 off 0.2950177965345249	false	1.0
verlangsamung	neg 1.0		neg 0.35371902343400696 __DUMMY__ 0.3379748098375237 off 0.3083061667284693	false	1.0
ausgestorben	neg 1.0		neg 0.3642973413026349 __DUMMY__ 0.3420005468543393 off 0.2937021118430259	false	1.0
anklagen	neg 1.0		neg 0.3662281221412258 __DUMMY__ 0.3398616197766669 off 0.29391025808210736	false	1.0
trott	neg 1.0		neg 0.36207134547199626 __DUMMY__ 0.3422101673131543 off 0.29571848721484933	false	1.0
verminderung	neg 1.0		neg 0.3564015666681148 __DUMMY__ 0.34029057403602037 off 0.3033078592958648	false	1.0
nach			neg 0.3651979333581276 __DUMMY__ 0.34580229360935716 off 0.28899977303251506	false	0.0
rost	neg 1.0		neg 0.35373609732920147 __DUMMY__ 0.33790405073584107 off 0.30835985193495746	false	1.0
destruktiv	neg 1.0		neg 0.36739954045514667 __DUMMY__ 0.3395452226921805 off 0.2930552368526727	false	1.0
unzumutbarkeit	neg 1.0		neg 0.35517399885552425 __DUMMY__ 0.34155070448288016 off 0.30327529666159564	false	1.0
labil	off 1.0	off 1.0	off 0.6363360662798591 neg 0.19884297718128868 __DUMMY__ 0.16482095653885226	false	1.0
ziemlich	neg 1.0		neg 0.35769829684348936 __DUMMY__ 0.34106405813630136 off 0.3012376450202093	false	1.0
lachnummer	off 1.0		neg 0.36706744977949907 __DUMMY__ 0.33973920427323223 off 0.29319334594726865	false	0.5
oder			neg 0.36091828886664434 __DUMMY__ 0.34309852633092736 off 0.2959831848024282	false	0.0
verfall	neg 1.0		neg 0.37141601975660754 __DUMMY__ 0.34229226687239755 off 0.28629171337099507	false	1.0
ausgrenzung	neg 1.0		neg 0.3659916406522764 __DUMMY__ 0.3380934862437245 off 0.2959148731039991	false	1.0
unordnung	neg 1.0		neg 0.3577262971352717 __DUMMY__ 0.33806689212787405 off 0.3042068107368542	false	1.0
fehlverhalten	neg 1.0		neg 0.36954215356965225 __DUMMY__ 0.3403105317100619 off 0.29014731472028576	false	1.0
eine			neg 0.3668442788987279 __DUMMY__ 0.3432245182679896 off 0.28993120283328244	false	0.0
nille	neg 1.0		neg 0.3660746637253733 __DUMMY__ 0.3394940458373527 off 0.2944312904372739	false	1.0
qual	neg 1.0		neg 0.3624990798292304 __DUMMY__ 0.3419962515249602 off 0.2955046686458094	false	1.0
verschwenden	neg 1.0		neg 0.3664226877080737 __DUMMY__ 0.34213092651203575 off 0.2914463857798905	false	1.0
riesig	neg 1.0		neg 0.36228617618972747 __DUMMY__ 0.3426034169611017 off 0.29511040684917084	false	1.0
verurteilen	neg 1.0		neg 0.36868031518905264 __DUMMY__ 0.33959541170826224 off 0.29172427310268495	false	1.0
klischee	neg 1.0	neg 1.0	neg 0.6706270049473125 __DUMMY__ 0.16478347631042872 off 0.16458951874225886	false	1.0
diktatorisch	neg 1.0		neg 0.36849951247703133 __DUMMY__ 0.3370818864506916 off 0.29441860107227696	false	1.0
vorhersehbar	neg 1.0		neg 0.3635960980073452 __DUMMY__ 0.3397851626008545 off 0.2966187393918001	false	1.0
sowie			neg 0.3563438722863195 __DUMMY__ 0.33750040594159847 off 0.30615572177208206	false	0.0
stornieren	neg 1.0		neg 0.35811882541317897 __DUMMY__ 0.3427530768830502 off 0.2991280977037708	false	1.0
besteuerung	neg 1.0		neg 0.36238885195916803 __DUMMY__ 0.34084839464321065 off 0.29676275339762126	false	1.0
ungeschminkt	neg 1.0		neg 0.35714314723721813 __DUMMY__ 0.34085461185066973 off 0.30200224091211225	false	1.0
kritisch	neg 1.0		neg 0.3687852882181816 __DUMMY__ 0.3405286908912055 off 0.29068602089061296	false	1.0
schlamperei	off 1.0		neg 0.3683304493082695 __DUMMY__ 0.3403242730975228 off 0.29134527759420764	false	0.5
sucht	neg 1.0	neg 1.0	neg 0.6667143904232837 __DUMMY__ 0.16743025732353925 off 0.16585535225317705	false	1.0
egoistisch	off 1.0		neg 0.3546626933965951 __DUMMY__ 0.33916374317251685 off 0.30617356343088803	false	0.5
ausbeuter	off 1.0		neg 0.37041539821078723 __DUMMY__ 0.33998725027483767 off 0.28959735151437493	false	0.5
arschgeburt	off 1.0		neg 0.3510536701794522 __DUMMY__ 0.3352373981378178 off 0.31370893168272995	false	0.5
schubs	neg 1.0	neg 1.0	neg 0.6700065477909948 __DUMMY__ 0.16746306060567742 off 0.16253039160332783	false	1.0
unsolide	neg 1.0		neg 0.366130426760374 __DUMMY__ 0.3361004514021622 off 0.2977691218374638	false	1.0
beschwerde	neg 1.0		neg 0.3669490922914919 __DUMMY__ 0.3406083229678413 off 0.2924425847406666	false	1.0
stocken	neg 1.0		neg 0.3652760519907383 __DUMMY__ 0.3420399098085737 off 0.2926840382006881	false	1.0
isolieren	neg 1.0		neg 0.3609532630254094 __DUMMY__ 0.34332768079875836 off 0.2957190561758323	false	1.0
unheilbar	neg 1.0		neg 0.36388878018915277 __DUMMY__ 0.34069282735429 off 0.29541839245655727	false	1.0
pisser	off 1.0		neg 0.35766616109179916 __DUMMY__ 0.33855623657643363 off 0.3037776023317672	false	0.5
löschen	neg 1.0		neg 0.3626453139983996 __DUMMY__ 0.3409526931387693 off 0.296401992862831	false	1.0
durchfallen	neg 1.0		neg 0.3667406036136107 __DUMMY__ 0.3416353962642009 off 0.2916240001221883	false	1.0
wichser	off 1.0		neg 0.3513161631374225 __DUMMY__ 0.3379232963731945 off 0.31076054048938306	false	0.5
terror	neg 1.0		neg 0.3573562935678124 __DUMMY__ 0.3423958567804602 off 0.30024784965172735	false	1.0
krass	neg 1.0		neg 0.3550579260547464 __DUMMY__ 0.3402864106066773 off 0.30465566333857624	false	1.0
revolte	neg 1.0	neg 1.0	neg 0.673204191471275 off 0.16374744659567844 __DUMMY__ 0.16304836193304667	false	1.0
besorgt	neg 1.0		neg 0.3615081350865901 __DUMMY__ 0.3438627986451744 off 0.29462906626823565	false	1.0
nachlassen	neg 1.0		neg 0.362112013832598 __DUMMY__ 0.34357893164781045 off 0.2943090545195915	false	1.0
alt	neg 1.0		neg 0.3634895810696682 __DUMMY__ 0.34407143094408815 off 0.2924389879862437	false	1.0
hundesohn	off 1.0		neg 0.3547504729758409 __DUMMY__ 0.33627095819985303 off 0.30897856882430597	false	0.5
als			neg 0.3641265569686646 __DUMMY__ 0.34272202771449745 off 0.29315141531683797	false	0.0
abschreckung	neg 1.0		neg 0.37012829019756277 __DUMMY__ 0.34084218054430293 off 0.2890295292581343	false	1.0
unqualifiziert	neg 1.0		neg 0.36315033653294365 __DUMMY__ 0.33983310271836165 off 0.2970165607486948	false	1.0
abgewichst	off 1.0		neg 0.365149041307797 __DUMMY__ 0.340815929606313 off 0.29403502908588997	false	0.5
schwer	neg 1.0		neg 0.36277900130264606 __DUMMY__ 0.3422602847030838 off 0.29496071399427015	false	1.0
bedeutungslosigkeit	neg 1.0		neg 0.37002810875239966 __DUMMY__ 0.34046266380867907 off 0.2895092274389214	false	1.0
kapitulation	neg 1.0		neg 0.37141618098764095 __DUMMY__ 0.3380383633889524 off 0.2905454556234066	false	1.0
unscharf	neg 1.0		neg 0.3590560518856133 __DUMMY__ 0.341870278783631 off 0.29907366933075574	false	1.0
schwinden	neg 1.0		neg 0.36675162999604033 __DUMMY__ 0.3422071947506954 off 0.29104117525326423	false	1.0
versklavung	neg 1.0	neg 1.0	neg 0.6729925498851054 __DUMMY__ 0.16404013641640186 off 0.16296731369849274	false	1.0
schlecht	neg 1.0		neg 0.3569676441192211 __DUMMY__ 0.3412964825545274 off 0.3017358733262515	false	1.0
verhasst	neg 1.0		neg 0.3657740045502797 __DUMMY__ 0.33969356235775433 off 0.29453243309196586	false	1.0
beschweren	neg 1.0		neg 0.3610837273472614 __DUMMY__ 0.3418136217515348 off 0.29710265090120375	false	1.0
scheiden	neg 1.0		neg 0.3640719662279994 __DUMMY__ 0.3414720320043919 off 0.2944560017676087	false	1.0
frustriert	neg 1.0		neg 0.3643699747723308 __DUMMY__ 0.3419201485682227 off 0.29370987665944637	false	1.0
schimmelig	neg 1.0		neg 0.3647829709824997 __DUMMY__ 0.34255659793096455 off 0.29266043108653583	false	1.0
fisch	neg 1.0		neg 0.3649254780385832 __DUMMY__ 0.34231497309164355 off 0.2927595488697732	false	1.0
schmuggel	neg 1.0		neg 0.3659354250129079 __DUMMY__ 0.3431151505863951 off 0.29094942440069704	false	1.0
auffallen	neg 1.0		neg 0.3609333925241615 __DUMMY__ 0.34154050501794125 off 0.2975261024578972	false	1.0
konkurrenz	neg 1.0		neg 0.36716738234218743 __DUMMY__ 0.34292018168973437 off 0.2899124359680783	false	1.0
teufelskreis	neg 1.0		neg 0.36534516762404384 __DUMMY__ 0.3411050786948996 off 0.2935497536810567	false	1.0
aufschreien	neg 1.0		neg 0.36333561031755 __DUMMY__ 0.34003870124843316 off 0.2966256884340167	false	1.0
schuldner	neg 1.0		neg 0.3687538923828811 __DUMMY__ 0.34046825711637957 off 0.2907778505007393	false	1.0
missgeburt	off 1.0	off 1.0	off 0.6394738896392473 neg 0.19671306409148331 __DUMMY__ 0.16381304626926924	false	1.0
arbeitslos	neg 1.0		neg 0.3669764383847839 __DUMMY__ 0.34081339401842303 off 0.29221016759679297	false	1.0
befallen	neg 1.0		neg 0.37071956898152847 __DUMMY__ 0.3382262572252307 off 0.29105417379324094	false	1.0
miesepetrig	off 1.0		neg 0.3561789888356892 __DUMMY__ 0.341990217536055 off 0.3018307936282558	false	0.5
alarmieren	neg 1.0		neg 0.3609540230346103 __DUMMY__ 0.33921866584615373 off 0.299827311119236	false	1.0
ungeduscht	off 1.0		neg 0.3587266742612467 __DUMMY__ 0.3420193095786679 off 0.29925401616008535	false	0.5
knappheit	neg 1.0		neg 0.3649084646042034 __DUMMY__ 0.3416639150819479 off 0.2934276203138486	false	1.0
schlange	neg 1.0		neg 0.35957733570043926 __DUMMY__ 0.34289330618036307 off 0.2975293581191977	false	1.0
harsch	neg 1.0		neg 0.35067006664972855 __DUMMY__ 0.3408640259808227 off 0.3084659073694488	false	1.0
lang	neg 1.0		neg 0.361521785025895 __DUMMY__ 0.341593838256155 off 0.29688437671795004	false	1.0
ziellos	neg 1.0		neg 0.36512863203717916 __DUMMY__ 0.34237273148155567 off 0.2924986364812651	false	1.0
selbstverliebt	neg 1.0		neg 0.3532825739862051 __DUMMY__ 0.3358150681446684 off 0.3109023578691266	false	1.0
beseitigen	neg 1.0		neg 0.35968032904707264 __DUMMY__ 0.3429140049052954 off 0.2974056660476319	false	1.0
dumm	off 1.0		neg 0.3548015139769629 __DUMMY__ 0.33853941960099543 off 0.3066590664220417	false	0.5
arbeitsloser	neg 1.0		neg 0.3677598902180885 __DUMMY__ 0.34092696510134346 off 0.2913131446805681	false	1.0
blitzen	neg 1.0		neg 0.3603028075135038 __DUMMY__ 0.34055282634840467 off 0.2991443661380916	false	1.0
hilflos	neg 1.0		neg 0.36485330894561724 __DUMMY__ 0.3419043202564607 off 0.29324237079792204	false	1.0
eklig	off 1.0		neg 0.3538622214254483 __DUMMY__ 0.33839592197468576 off 0.30774185659986586	false	0.5
begriff			neg 0.36553353259914534 __DUMMY__ 0.3411547368346069 off 0.2933117305662479	false	0.0
hungersnot	neg 1.0		neg 0.36953790218128313 __DUMMY__ 0.3375741726996364 off 0.2928879251190805	false	1.0
ungesetzlich	neg 1.0		neg 0.36601465415407175 __DUMMY__ 0.3377147304461733 off 0.29627061539975497	false	1.0
verschwendung	neg 1.0		neg 0.3677275847885207 __DUMMY__ 0.3419517226776152 off 0.29032069253386406	false	1.0
schmerzvoll	neg 1.0		neg 0.3609879522085947 __DUMMY__ 0.3418771662161842 off 0.297134881575221	false	1.0
vorzeitig	neg 1.0		neg 0.358082497483301 __DUMMY__ 0.34070745569334737 off 0.3012100468233517	false	1.0
unvollkommenheit	neg 1.0		neg 0.3631979270471417 __DUMMY__ 0.34131974817033983 off 0.2954823247825186	false	1.0
intervenieren	neg 1.0		neg 0.3705907946880241 __DUMMY__ 0.3395827224529728 off 0.28982648285900314	false	1.0
banause	off 1.0		neg 0.3531186027778246 __DUMMY__ 0.3378048944545974 off 0.3090765027675781	false	0.5
rebell	neg 1.0		neg 0.3664525010042601 __DUMMY__ 0.34321686418809294 off 0.29033063480764715	false	1.0
unlogisch	neg 1.0		neg 0.35753516833221655 __DUMMY__ 0.33934770143379767 off 0.3031171302339857	false	1.0
leiden	neg 1.0	neg 1.0	neg 0.6692915543258989 __DUMMY__ 0.1689951582122594 off 0.16171328746184174	false	1.0
abschaffung	neg 1.0		neg 0.3647618494138327 __DUMMY__ 0.33964841498607884 off 0.29558973560008844	false	1.0
sturz	neg 1.0		neg 0.3647116904320778 __DUMMY__ 0.339284112831152 off 0.29600419673677036	false	1.0
verkleinerung	neg 1.0		neg 0.3628565736210179 __DUMMY__ 0.33858024530605807 off 0.29856318107292407	false	1.0
schmarotzer	off 1.0		neg 0.36886089532570104 __DUMMY__ 0.3399387238700056 off 0.2912003808042935	false	0.5
bestrafung	neg 1.0		neg 0.3639162314708912 __DUMMY__ 0.34030379672807887 off 0.2957799718010299	false	1.0
achtlos	neg 1.0		neg 0.3623941598220599 __DUMMY__ 0.3425301732304526 off 0.29507566694748744	false	1.0
ungeheuer	neg 1.0		neg 0.3622318528254477 __DUMMY__ 0.34054987817854027 off 0.29721826899601195	false	1.0
unaufrichtig	neg 1.0		neg 0.36428040321112404 __DUMMY__ 0.3384998373726652 off 0.29721975941621076	false	1.0
groggy	neg 1.0		neg 0.3609325244674819 __DUMMY__ 0.34030205408616376 off 0.2987654214463543	false	1.0
verletzlich	neg 1.0		neg 0.35849911564348474 __DUMMY__ 0.3401886590382678 off 0.30131222531824736	false	1.0
ablehnen	neg 1.0		neg 0.3679592193851551 __DUMMY__ 0.34019142214898324 off 0.2918493584658617	false	1.0
