unsolidarisch	neg 1.0		__DUMMY__ 0.4785659942411865 neg 0.29130004808473936 off 0.23013395767407402	false	1.0
nachteilig	neg 1.0		__DUMMY__ 0.48540621066820205 neg 0.2861864554135657 off 0.22840733391823234	false	1.0
skeptisch	neg 1.0		__DUMMY__ 0.4862521927982976 neg 0.2883081777846414 off 0.2254396294170608	false	1.0
schrecklich	neg 1.0		__DUMMY__ 0.48281890885000667 neg 0.27718314571544644 off 0.2399979454345469	false	1.0
schlapp	neg 1.0		__DUMMY__ 0.4865644281275089 neg 0.2772167556997919 off 0.23621881617269921	false	1.0
abfall	neg 1.0		__DUMMY__ 0.4871632738877547 neg 0.2889635592245897 off 0.2238731668876556	false	1.0
widerspenstig	neg 1.0		__DUMMY__ 0.4872834687983229 neg 0.2815272603436984 off 0.2311892708579787	false	1.0
abrupt	neg 1.0		__DUMMY__ 0.488927582143598 neg 0.2808564706418965 off 0.23021594721450533	false	1.0
unwirksam	neg 1.0		__DUMMY__ 0.48133394610910235 neg 0.2874275644802309 off 0.23123848941066671	false	1.0
angreifen	neg 1.0		__DUMMY__ 0.4845949228115633 neg 0.28890083452219073 off 0.2265042426662459	false	1.0
inkonsistent	neg 1.0		__DUMMY__ 0.4843149068002434 neg 0.28207136975713215 off 0.23361372344262443	false	1.0
abrutschen	neg 1.0		__DUMMY__ 0.48760584651257377 neg 0.2883038701909993 off 0.22409028329642688	false	1.0
unsicher	neg 1.0		__DUMMY__ 0.48618150755142336 neg 0.2826698051302979 off 0.2311486873182788	false	1.0
bauernkind	off 1.0		__DUMMY__ 0.47939495538722077 neg 0.27755745889274047 off 0.24304758572003893	false	0.5
angreifer	neg 1.0		__DUMMY__ 0.48226592541481555 neg 0.2836452183198529 off 0.23408885626533169	false	1.0
trennen	neg 1.0		__DUMMY__ 0.4889949118234851 neg 0.2841325207093822 off 0.22687256746713264	false	1.0
schmutz	neg 1.0		__DUMMY__ 0.48901957841946536 neg 0.27294719367902726 off 0.23803322790150747	false	1.0
inkonsistenz	neg 1.0	neg 1.0	neg 0.6314421773800585 __DUMMY__ 0.23576326115023646 off 0.13279456146970509	false	1.0
erschreckend	neg 1.0		__DUMMY__ 0.4844299039544684 neg 0.2862136760969802 off 0.2293564199485516	false	1.0
ertrinken	neg 1.0		__DUMMY__ 0.4870293137738649 neg 0.285298411179096 off 0.2276722750470391	false	1.0
pickelface	off 1.0		__DUMMY__ 0.48301941265383225 neg 0.28532643317192613 off 0.2316541541742416	false	0.5
seiner			__DUMMY__ 0.48567434001783977 neg 0.2877740054003009 off 0.22655165458185927	false	0.0
lauch	neg 1.0		__DUMMY__ 0.4868841484024856 neg 0.28771349394474155 off 0.22540235765277286	false	1.0
unwichtig	neg 1.0		__DUMMY__ 0.4839614212414043 neg 0.2803869006261743 off 0.23565167813242152	false	1.0
steuerhinterziehung	neg 1.0		__DUMMY__ 0.4813891114700467 neg 0.2890638801406631 off 0.2295470083892902	false	1.0
schock	neg 1.0		__DUMMY__ 0.4883495059781348 neg 0.2817367181048271 off 0.2299137759170382	false	1.0
beule	neg 1.0		__DUMMY__ 0.4859976095501145 neg 0.27643890794529885 off 0.23756348250458656	false	1.0
vergelten	neg 1.0		__DUMMY__ 0.4806391977207154 neg 0.2781218977104944 off 0.2412389045687903	false	1.0
verdorbenheit	neg 1.0		__DUMMY__ 0.48717260881610475 neg 0.2797199969035608 off 0.23310739428033445	false	1.0
trauma	neg 1.0		__DUMMY__ 0.4844758848744234 neg 0.28261797339812617 off 0.23290614172745056	false	1.0
sinnlos	neg 1.0		__DUMMY__ 0.48467805042376627 neg 0.2821378406642709 off 0.23318410891196284	false	1.0
fettsack	off 1.0	off 1.0	off 0.6076071824124697 __DUMMY__ 0.23518182807582297 neg 0.15721098951170745	false	1.0
feige	off 1.0		__DUMMY__ 0.4817471630469575 neg 0.28368681128441975 off 0.2345660256686228	false	0.5
abdanken	neg 1.0		__DUMMY__ 0.47903214879777445 neg 0.29197086492802554 off 0.2289969862742	false	1.0
wichtigtuer	off 1.0	off 1.0	off 0.6018756996113603 __DUMMY__ 0.23577046767214185 neg 0.16235383271649773	false	1.0
misslingen	neg 1.0		__DUMMY__ 0.486662087911357 neg 0.2796995095733918 off 0.23363840251525125	false	1.0
untreu	off 1.0		__DUMMY__ 0.48369490781494895 neg 0.2799286475622341 off 0.23637644462281684	false	0.5
missmutig	neg 1.0		__DUMMY__ 0.48555727027346446 neg 0.2792321283433623 off 0.23521060138317312	false	1.0
hurenbock	off 1.0		__DUMMY__ 0.4880249584558838 neg 0.27842751006766414 off 0.23354753147645196	false	0.5
betrunken	neg 1.0		__DUMMY__ 0.4849095588713844 neg 0.27676784263811954 off 0.23832259849049595	false	1.0
korrupt	off 1.0		__DUMMY__ 0.4804945960520594 neg 0.2918318470959083 off 0.22767355685203217	false	0.5
unmut	neg 1.0		__DUMMY__ 0.48561301706254834 neg 0.2900609447779373 off 0.22432603815951443	false	1.0
hackfresse	off 1.0		__DUMMY__ 0.4815598862329311 neg 0.2749666341111796 off 0.24347347965588934	false	0.5
aufblasen	neg 1.0		__DUMMY__ 0.4869626764802364 neg 0.2801711496981208 off 0.2328661738216428	false	1.0
gewaltsam	neg 1.0		__DUMMY__ 0.4818843677141854 neg 0.2864593291023719 off 0.23165630318344277	false	1.0
unbeliebtheit	neg 1.0		__DUMMY__ 0.4773145242410666 neg 0.28602911736065834 off 0.2366563583982751	false	1.0
sturheit	neg 1.0		__DUMMY__ 0.48255783433552996 neg 0.2883825531756168 off 0.22905961248885323	false	1.0
kuh	neg 1.0		__DUMMY__ 0.484280053884886 neg 0.28278825383443856 off 0.23293169228067542	false	1.0
erschrecken	neg 1.0		__DUMMY__ 0.4851668214389286 neg 0.28004171058761435 off 0.23479146797345707	false	1.0
opfer	neg 1.0	neg 1.0	neg 0.6339186961078136 __DUMMY__ 0.23717710307206732 off 0.1289042008201191	false	1.0
sinken	neg 1.0		__DUMMY__ 0.48619148051367433 neg 0.2885037254405538 off 0.22530479404577194	false	1.0
stinktier	neg 1.0		__DUMMY__ 0.48163796496519445 neg 0.2780272010173762 off 0.24033483401742936	false	1.0
tucke	off 1.0		__DUMMY__ 0.48282164099494984 neg 0.27269106678628363 off 0.2444872922187666	false	0.5
ein			__DUMMY__ 0.48864787854105346 neg 0.2788665881890746 off 0.2324855332698719	false	0.0
abstieg	neg 1.0		__DUMMY__ 0.4830343822368294 neg 0.2882512411841636 off 0.22871437657900703	false	1.0
missverstehen	neg 1.0		__DUMMY__ 0.4825209132955852 neg 0.28499458590884175 off 0.23248450079557306	false	1.0
ergebnislos	neg 1.0		__DUMMY__ 0.4840199980109427 neg 0.2875078127580532 off 0.2284721892310041	false	1.0
unter			__DUMMY__ 0.4921286092119254 neg 0.2865558389701372 off 0.22131555181793744	false	0.0
manipulieren	neg 1.0		__DUMMY__ 0.4851914599480707 neg 0.2882907383996198 off 0.2265178016523097	false	1.0
unbewiesen	neg 1.0		__DUMMY__ 0.47900267852571515 neg 0.2908812625240222 off 0.23011605895026266	false	1.0
verschleppen	neg 1.0		__DUMMY__ 0.4833803305514258 neg 0.2885625251833631 off 0.22805714426521106	false	1.0
weib	off 1.0		__DUMMY__ 0.4808005859127889 neg 0.2744383536451293 off 0.24476106044208182	false	0.5
opposition	neg 1.0		__DUMMY__ 0.4808005530373378 neg 0.28701500362083426 off 0.23218444334182792	false	1.0
verkehrswidrig	neg 1.0		__DUMMY__ 0.4843291919685798 neg 0.273427197905098 off 0.24224361012632226	false	1.0
inkorrekt	neg 1.0		__DUMMY__ 0.47927537538740417 neg 0.28499836022696173 off 0.23572626438563418	false	1.0
vermeiden	neg 1.0		__DUMMY__ 0.4902615729409241 neg 0.286170361732568 off 0.22356806532650797	false	1.0
abweichung	neg 1.0		__DUMMY__ 0.48222695046896835 neg 0.28962874314612413 off 0.22814430638490746	false	1.0
alkoholisiert	neg 1.0		__DUMMY__ 0.4878168183313438 neg 0.2826869349811242 off 0.22949624668753202	false	1.0
scheiss	off 1.0	off 1.0	off 0.6051785058405619 __DUMMY__ 0.237172392797393 neg 0.15764910136204513	false	1.0
herausforderung	neg 1.0		__DUMMY__ 0.49025903481478067 neg 0.27990780506737417 off 0.22983316011784524	false	1.0
pervers	off 1.0		__DUMMY__ 0.480092470454078 neg 0.27231353013920934 off 0.24759399940671256	false	0.5
wackelig	neg 1.0		__DUMMY__ 0.48998013197897794 neg 0.280380493800345 off 0.22963937422067704	false	1.0
verwickeln	neg 1.0		__DUMMY__ 0.48356907533927945 neg 0.28396802004888033 off 0.23246290461184033	false	1.0
vorwand	neg 1.0		__DUMMY__ 0.48455565238072057 neg 0.2905362090771218 off 0.22490813854215752	false	1.0
muschi	off 1.0		__DUMMY__ 0.48264969284319814 neg 0.2863518840708821 off 0.2309984230859199	false	0.5
entmutigung	neg 1.0		__DUMMY__ 0.4766015032263016 neg 0.29145164614417324 off 0.2319468506295253	false	1.0
unangemessen	neg 1.0		__DUMMY__ 0.48245220690190954 neg 0.28975077224387685 off 0.22779702085421372	false	1.0
unstetig	neg 1.0		__DUMMY__ 0.48363000105579057 neg 0.28129983699873345 off 0.23507016194547597	false	1.0
entmutigen	neg 1.0		__DUMMY__ 0.485539478130318 neg 0.28220987774235173 off 0.2322506441273303	false	1.0
schwanz	neg 1.0		__DUMMY__ 0.4850267316959375 neg 0.28578298748013525 off 0.22919028082392728	false	1.0
verbot	neg 1.0		__DUMMY__ 0.4814841926312251 neg 0.28989778084685075 off 0.22861802652192412	false	1.0
leid	neg 1.0		__DUMMY__ 0.4824119164322759 neg 0.275908063790896 off 0.24168001977682804	false	1.0
archaisch	neg 1.0		__DUMMY__ 0.4829716934384184 neg 0.2885504269857037 off 0.22847787957587787	false	1.0
gegen			__DUMMY__ 0.483685036317709 neg 0.29114410290314674 off 0.22517086077914417	false	0.0
scheidung	neg 1.0	neg 1.0	neg 0.6187783720401778 __DUMMY__ 0.23542211227867021 off 0.145799515681152	false	1.0
einschlag	neg 1.0		__DUMMY__ 0.48125056143389927 neg 0.27805446981787985 off 0.24069496874822105	false	1.0
m			__DUMMY__ 0.48684930914191776 neg 0.28295928223000977 off 0.23019140862807247	false	0.0
abgestanden	neg 1.0		__DUMMY__ 0.48791353808578203 neg 0.2801100314716391 off 0.23197643044257876	false	1.0
schmierig	off 1.0		__DUMMY__ 0.48343302903449487 neg 0.2758676176927172 off 0.24069935327278802	false	0.5
unpraktisch	neg 1.0		__DUMMY__ 0.48759382195061274 neg 0.2793957429914463 off 0.2330104350579408	false	1.0
wixxer	off 1.0		__DUMMY__ 0.4788605400612905 neg 0.27367139162017756 off 0.24746806831853196	false	0.5
bezeichnet			__DUMMY__ 0.48281186614259874 neg 0.287572692387787 off 0.22961544146961435	false	0.0
jammerlappen	off 1.0		__DUMMY__ 0.4837439394923298 neg 0.2807821402664125 off 0.2354739202412576	false	0.5
farce	neg 1.0		__DUMMY__ 0.4788012313805492 neg 0.29286509372443004 off 0.22833367489502074	false	1.0
zwecklos	neg 1.0		__DUMMY__ 0.48348842087407773 neg 0.2888205183631219 off 0.2276910607628005	false	1.0
turbulent	neg 1.0		__DUMMY__ 0.48198473855710966 neg 0.2785366461270472 off 0.23947861531584302	false	1.0
invasion	neg 1.0		__DUMMY__ 0.48582436663157635 neg 0.2793042092657616 off 0.23487142410266218	false	1.0
schuld	neg 1.0		__DUMMY__ 0.4841126608440624 neg 0.28429783704509826 off 0.2315895021108394	false	1.0
risiko	neg 1.0		__DUMMY__ 0.4876205591811461 neg 0.27673541189492273 off 0.2356440289239311	false	1.0
finster	neg 1.0		__DUMMY__ 0.4881014980938306 neg 0.2796533607800992 off 0.23224514112607025	false	1.0
geisteskrank	off 1.0		__DUMMY__ 0.4804621700203912 neg 0.2830592301489069 off 0.236478599830702	false	0.5
zusammenbrechen	neg 1.0		__DUMMY__ 0.48675209806536 neg 0.28343381625687 off 0.22981408567776995	false	1.0
ausbeute	neg 1.0		__DUMMY__ 0.48815496566170025 neg 0.2829339507772542 off 0.22891108356104561	false	1.0
hinterhalt	neg 1.0		__DUMMY__ 0.4839045920252917 neg 0.2841152366988618 off 0.23198017127584653	false	1.0
kritik	neg 1.0		__DUMMY__ 0.47996682816491926 neg 0.2913904863607392 off 0.22864268547434138	false	1.0
einschrumpfen	neg 1.0		__DUMMY__ 0.4804291580473291 neg 0.28518027653621386 off 0.23439056541645706	false	1.0
riskant	neg 1.0		__DUMMY__ 0.4859059002790869 neg 0.28702246148935073 off 0.2270716382315623	false	1.0
frustrieren	neg 1.0		__DUMMY__ 0.485179448541056 neg 0.28801631873118655 off 0.2268042327277575	false	1.0
groll	neg 1.0		__DUMMY__ 0.4836488474730862 neg 0.28840045002544995 off 0.22795070250146382	false	1.0
gibt			__DUMMY__ 0.48550927607089095 neg 0.2854659510121647 off 0.22902477291694426	false	0.0
qualvoll	neg 1.0		__DUMMY__ 0.4855723726616557 neg 0.28081852142771624 off 0.233609105910628	false	1.0
wackeln	neg 1.0		__DUMMY__ 0.4880981356458444 neg 0.2793839322342743 off 0.23251793211988114	false	1.0
klagen	neg 1.0		__DUMMY__ 0.48430135216402864 neg 0.2908979042931461 off 0.22480074354282537	false	1.0
bankrott	neg 1.0		__DUMMY__ 0.4852457578986163 neg 0.27834527834366307 off 0.23640896375772072	false	1.0
trauern	neg 1.0		__DUMMY__ 0.4849754980687367 neg 0.2880733169584104 off 0.2269511849728528	false	1.0
ablehnung	neg 1.0	neg 1.0	neg 0.6352071990618944 __DUMMY__ 0.23494397314321136 off 0.12984882779489426	false	1.0
stur	neg 1.0		__DUMMY__ 0.48440294163229514 neg 0.2834993418449633 off 0.2320977165227416	false	1.0
aufruhr	neg 1.0		__DUMMY__ 0.48096190907750985 neg 0.28826139534222667 off 0.23077669558026354	false	1.0
melancholie	neg 1.0		__DUMMY__ 0.4883927243047754 neg 0.28233705512128887 off 0.22927022057393556	false	1.0
ist			__DUMMY__ 0.48433700513937555 neg 0.28336945117506185 off 0.2322935436855625	false	0.0
torheit	neg 1.0		__DUMMY__ 0.4790246292167325 neg 0.29017946223299146 off 0.2307959085502761	false	1.0
dreckskind	off 1.0		__DUMMY__ 0.4786094848666562 neg 0.2797166490783157 off 0.24167386605502805	false	0.5
umtauschen	neg 1.0		__DUMMY__ 0.48753466985016053 neg 0.28123756807339684 off 0.23122776207644255	false	1.0
zum			__DUMMY__ 0.4921453659956331 neg 0.2833072245377085 off 0.2245474094666583	false	0.0
zersetzen	neg 1.0		__DUMMY__ 0.4847641304461739 neg 0.2894699536049078 off 0.22576591594891837	false	1.0
zur			__DUMMY__ 0.4868817124243319 neg 0.2902348688819665 off 0.2228834186937016	false	0.0
frust	neg 1.0		__DUMMY__ 0.48585389398433015 neg 0.2849152905142859 off 0.22923081550138388	false	1.0
unerbittlichkeit	neg 1.0		__DUMMY__ 0.48412436566840655 neg 0.2893347274471527 off 0.22654090688444084	false	1.0
zwei			__DUMMY__ 0.49020031621194843 neg 0.2839817704361649 off 0.2258179133518867	false	0.0
unkorrekt	neg 1.0		__DUMMY__ 0.47969417650943336 neg 0.28369804245085556 off 0.23660778103971103	false	1.0
hexe	off 1.0		__DUMMY__ 0.4844373256208178 neg 0.27903031257695166 off 0.23653236180223047	false	0.5
lasch	neg 1.0		__DUMMY__ 0.4819789072994239 neg 0.2844075782453925 off 0.23361351445518377	false	1.0
rivale	neg 1.0		__DUMMY__ 0.48195569270052846 neg 0.27768178209710315 off 0.2403625252023686	false	1.0
mutlos	off 1.0	off 1.0	off 0.5989732168883556 __DUMMY__ 0.23614999298234562 neg 0.16487679012929887	false	1.0
wirr	off 1.0		__DUMMY__ 0.48037064441855415 neg 0.2810304813944733 off 0.2385988741869725	false	0.5
jahr			__DUMMY__ 0.4895590765134113 neg 0.28225314813863617 off 0.2281877753479524	false	0.0
wird			__DUMMY__ 0.4857281250728954 neg 0.2866201694276335 off 0.22765170549947103	false	0.0
strafbar	neg 1.0		__DUMMY__ 0.48235224937811133 neg 0.2912698307278363 off 0.22637791989405248	false	1.0
erosion	neg 1.0		__DUMMY__ 0.4863484444455896 neg 0.2804616925299361 off 0.23318986302447436	false	1.0
eingehen	neg 1.0		__DUMMY__ 0.48410318299243776 neg 0.2883917388862391 off 0.22750507812132303	false	1.0
faul	off 1.0		__DUMMY__ 0.48703612497857873 neg 0.2767726902960187 off 0.23619118472540265	false	0.5
provisorium	neg 1.0		__DUMMY__ 0.49065656440443806 neg 0.2890370190212145 off 0.2203064165743474	false	1.0
schmerzen	neg 1.0		__DUMMY__ 0.4868807207484444 neg 0.28295924214735635 off 0.23016003710419916	false	1.0
schrumpfen	neg 1.0		__DUMMY__ 0.4876743973264841 neg 0.2895967163466027 off 0.222728886326913	false	1.0
geistlos	off 1.0		__DUMMY__ 0.47878565781604104 neg 0.2887436547587374 off 0.23247068742522153	false	0.5
fehlkauf	neg 1.0		__DUMMY__ 0.4827160401427989 neg 0.2835939998064637 off 0.23368996005073733	false	1.0
frustrierend	neg 1.0		__DUMMY__ 0.4852246151006579 neg 0.2799846845041074 off 0.23479070039523464	false	1.0
unzufrieden	neg 1.0		__DUMMY__ 0.4849017297055431 neg 0.2869083701070719 off 0.228189900187385	false	1.0
verzweifeln	neg 1.0		__DUMMY__ 0.4859710720018238 neg 0.2836142514071528 off 0.2304146765910234	false	1.0
verzweifelt	neg 1.0		__DUMMY__ 0.4845454942736766 neg 0.28344193077322677 off 0.2320125749530967	false	1.0
misstrauensantrag	neg 1.0		__DUMMY__ 0.48260003395914797 neg 0.28370148126295186 off 0.23369848477790028	false	1.0
abfallen	neg 1.0		__DUMMY__ 0.4888138964930269 neg 0.278310492228341 off 0.23287561127863216	false	1.0
fucker	off 1.0		__DUMMY__ 0.4816035349608144 neg 0.27957927702392393 off 0.23881718801526175	false	0.5
ungezogen	neg 1.0		__DUMMY__ 0.48168383495763983 neg 0.27306703843322416 off 0.24524912660913603	false	1.0
irrsinnig	neg 1.0	neg 1.0	neg 0.6320693352011981 __DUMMY__ 0.2365835662073229 off 0.1313470985914789	false	1.0
unfassbar	neg 1.0		__DUMMY__ 0.4837346649940947 neg 0.2802217503913088 off 0.23604358461459646	false	1.0
hart	neg 1.0		__DUMMY__ 0.4829283008839871 neg 0.28081824672071753 off 0.23625345239529544	false	1.0
widerlich	off 1.0		__DUMMY__ 0.48211233661810277 neg 0.28133568608856263 off 0.23655197729333455	false	0.5
fatal	neg 1.0		__DUMMY__ 0.48346678879284 neg 0.282703540552678 off 0.23382967065448212	false	1.0
bruch	neg 1.0		__DUMMY__ 0.48317387700864145 neg 0.29290126874066785 off 0.22392485425069072	false	1.0
aushungern	neg 1.0		__DUMMY__ 0.48069371388068 neg 0.2889804267468564 off 0.23032585937246347	false	1.0
anspannung	neg 1.0		__DUMMY__ 0.488960714504247 neg 0.2864508175733923 off 0.22458846792236065	false	1.0
von			__DUMMY__ 0.48891202679390805 neg 0.28419866650176656 off 0.2268893067043254	false	0.0
kraftlos	neg 1.0		__DUMMY__ 0.48902390573574395 neg 0.2819698047709088 off 0.22900628949334725	false	1.0
vom			__DUMMY__ 0.49136038370460144 neg 0.28688904678972404 off 0.22175056950567465	false	0.0
grenzdebil	off 1.0		__DUMMY__ 0.48438504830676665 neg 0.2781440542691017 off 0.2374708974241315	false	0.5
vor			__DUMMY__ 0.4878194417939418 neg 0.2867851238777667 off 0.22539543432829134	false	0.0
unterwerfen	neg 1.0		__DUMMY__ 0.48369268642498475 neg 0.2893127084544269 off 0.22699460512058833	false	1.0
versenkung	neg 1.0		__DUMMY__ 0.485256506102843 neg 0.2878168911271042 off 0.226926602770053	false	1.0
entziehen	neg 1.0		__DUMMY__ 0.4850083961194025 neg 0.29054151891768837 off 0.224450084962909	false	1.0
finanzkrise	neg 1.0		__DUMMY__ 0.48093220495911193 neg 0.28902834974959674 off 0.23003944529129136	false	1.0
schimpfend	neg 1.0		__DUMMY__ 0.4894197489030875 neg 0.27668864167928386 off 0.23389160941762863	false	1.0
profan	neg 1.0		__DUMMY__ 0.48473296112880965 neg 0.2821182225084313 off 0.23314881636275903	false	1.0
korruption	neg 1.0		__DUMMY__ 0.4811068301286676 neg 0.2908819357365022 off 0.22801123413483018	false	1.0
â			__DUMMY__ 0.48646680126421477 neg 0.28445801750185495 off 0.22907518123393023	false	0.0
schmutzig	neg 1.0		__DUMMY__ 0.48609134392203135 neg 0.27656283749358906 off 0.23734581858437964	false	1.0
sexy	neg 1.0		__DUMMY__ 0.48434492969570664 neg 0.28009933931936415 off 0.2355557309849292	false	1.0
abraten	neg 1.0		__DUMMY__ 0.48604542565111997 neg 0.2813812617014442 off 0.23257331264743583	false	1.0
schwarz	neg 1.0		__DUMMY__ 0.4840368346559957 neg 0.2829139201567739 off 0.23304924518723033	false	1.0
fotze	off 1.0		__DUMMY__ 0.48326629662625376 neg 0.2875849783850501 off 0.22914872498869615	false	0.5
verwirren	neg 1.0		__DUMMY__ 0.4845098411650902 neg 0.28149727097533994 off 0.23399288785956973	false	1.0
zahnlos	off 1.0		__DUMMY__ 0.48324960972677766 neg 0.2887356345011283 off 0.2280147557720941	false	0.5
verheeren	neg 1.0		__DUMMY__ 0.47909806968850455 neg 0.27388867520794313 off 0.24701325510355224	false	1.0
hippie	neg 1.0		__DUMMY__ 0.4839262147546803 neg 0.2808788284167064 off 0.23519495682861338	false	1.0
rammen	neg 1.0		__DUMMY__ 0.48591198159017795 neg 0.27951305023582507 off 0.23457496817399692	false	1.0
unlauter	neg 1.0	neg 1.0	neg 0.6310192212194117 __DUMMY__ 0.23635114163227483 off 0.13262963714831347	false	1.0
unheilvoll	neg 1.0		__DUMMY__ 0.48575199589737594 neg 0.2809596511736935 off 0.2332883529289307	false	1.0
niedrig	neg 1.0		__DUMMY__ 0.4858675260412015 neg 0.28550664424437283 off 0.2286258297144258	false	1.0
explosion	neg 1.0		__DUMMY__ 0.48524288730908915 neg 0.27975245930870024 off 0.23500465338221077	false	1.0
weichei	off 1.0		__DUMMY__ 0.48183748116529157 neg 0.27588592058349204 off 0.2422765982512164	false	0.5
minusmensch	off 1.0		__DUMMY__ 0.4762223327920454 neg 0.27799821467668484 off 0.24577945253126976	false	0.5
farblos	neg 1.0		__DUMMY__ 0.484530799537459 neg 0.2832985294011749 off 0.23217067106136619	false	1.0
unwissend	neg 1.0	neg 1.0	neg 0.6300694715931217 __DUMMY__ 0.23605001016352165 off 0.13388051824335676	false	1.0
traurig	neg 1.0		__DUMMY__ 0.4840497522637545 neg 0.276721715594347 off 0.2392285321418985	false	1.0
senkung	neg 1.0		__DUMMY__ 0.48417021776380814 neg 0.2811740827929203 off 0.2346556994432717	false	1.0
ungleich	neg 1.0	neg 1.0	neg 0.6344584065151045 __DUMMY__ 0.2367568688544065 off 0.12878472463048896	false	1.0
heikel	neg 1.0		__DUMMY__ 0.4852438424974725 neg 0.288919871522589 off 0.22583628597993852	false	1.0
drosselung	neg 1.0		__DUMMY__ 0.4845171065936796 neg 0.2756655974010162 off 0.23981729600530405	false	1.0
falsch	neg 1.0		__DUMMY__ 0.48422363309115296 neg 0.2807422461555911 off 0.23503412075325594	false	1.0
unzufriedenheit	neg 1.0		__DUMMY__ 0.4848634071744844 neg 0.28955498398893076 off 0.22558160883658487	false	1.0
kurz	neg 1.0		__DUMMY__ 0.48837291330857996 neg 0.28159056574295155 off 0.23003652094846852	false	1.0
unsinnig	neg 1.0		__DUMMY__ 0.48435104655888306 neg 0.28710086720651495 off 0.2285480862346019	false	1.0
penner	off 1.0	off 1.0	off 0.6087015625245943 __DUMMY__ 0.23557117236323324 neg 0.1557272651121725	false	1.0
seicht	neg 1.0		__DUMMY__ 0.47895848736986124 neg 0.2768619310796125 off 0.24417958155052635	false	1.0
dummheit	off 1.0	off 1.0	off 0.602362433589459 __DUMMY__ 0.2358424319918982 neg 0.1617951344186429	false	1.0
unerfreulich	neg 1.0		__DUMMY__ 0.4867103610735186 neg 0.287643304329352 off 0.22564633459712943	false	1.0
motherfucker	off 1.0	off 1.0	off 0.605756398601617 __DUMMY__ 0.23560380289957447 neg 0.15863979849880852	false	1.0
pikiert	neg 1.0		__DUMMY__ 0.4822540242301185 neg 0.2825750377346414 off 0.23517093803524025	false	1.0
wrack	neg 1.0		__DUMMY__ 0.4860602249206175 neg 0.28485858527019947 off 0.22908118980918296	false	1.0
gangster	neg 1.0		__DUMMY__ 0.4841308514200798 neg 0.2814992773010102 off 0.23436987127891007	false	1.0
krank	neg 1.0		__DUMMY__ 0.48611874972321206 neg 0.2760226982242072 off 0.23785855205258086	false	1.0
reich	neg 1.0		__DUMMY__ 0.4776940711161002 neg 0.28700032049726426 off 0.2353056083866355	false	1.0
gnadenlos	neg 1.0		__DUMMY__ 0.4845051718875042 neg 0.28364624856137877 off 0.23184857955111693	false	1.0
niedergeschlagen	neg 1.0		__DUMMY__ 0.48633631797376065 neg 0.28395143171530823 off 0.22971225031093112	false	1.0
terrorisieren	off 1.0	off 1.0	off 0.5989876862615015 __DUMMY__ 0.23728109968664976 neg 0.16373121405184884	false	1.0
sinnlosigkeit	neg 1.0		__DUMMY__ 0.4836795547477875 neg 0.28813697402847993 off 0.22818347122373248	false	1.0
behindern	neg 1.0		__DUMMY__ 0.4864324016051719 neg 0.2822511500210227 off 0.23131644837380533	false	1.0
undemokratisch	neg 1.0		__DUMMY__ 0.4801651751639011 neg 0.2882862298199231 off 0.23154859501617567	false	1.0
wirtschaftskrise	neg 1.0		__DUMMY__ 0.4824373336327676 neg 0.28923673396842386 off 0.2283259323988084	false	1.0
neid	neg 1.0		__DUMMY__ 0.48609479081938567 neg 0.2788982827927281 off 0.23500692638788612	false	1.0
rutschen	neg 1.0		__DUMMY__ 0.49255079842346405 neg 0.28260990381135437 off 0.22483929776518155	false	1.0
rezession	neg 1.0		__DUMMY__ 0.4796386121640689 neg 0.27992088710311236 off 0.2404405007328187	false	1.0
fehlgeburt	neg 1.0		__DUMMY__ 0.4834704070894556 neg 0.28535165267441076 off 0.23117794023613364	false	1.0
charakterschwach	off 1.0		__DUMMY__ 0.4823572988167824 neg 0.28117707434764194 off 0.23646562683557557	false	0.5
isolation	neg 1.0		__DUMMY__ 0.48416278495749526 neg 0.2792813858027585 off 0.23655582923974622	false	1.0
ablenkung	neg 1.0		__DUMMY__ 0.48625768394185853 neg 0.2822014390553363 off 0.23154087700280515	false	1.0
pech	neg 1.0		__DUMMY__ 0.4856985993321963 neg 0.279746885213231 off 0.2345545154545726	false	1.0
vermeidung	neg 1.0		__DUMMY__ 0.4853752083417963 neg 0.2758813218746916 off 0.2387434697835121	false	1.0
dominieren	neg 1.0		__DUMMY__ 0.48514934743933913 neg 0.28498151547292605 off 0.22986913708773474	false	1.0
schwindlig	neg 1.0		__DUMMY__ 0.48748675700374167 neg 0.27786200365231534 off 0.23465123934394294	false	1.0
lutscher	neg 1.0		__DUMMY__ 0.47968379548972595 neg 0.274984613162724 off 0.24533159134755006	false	1.0
pflicht	neg 1.0		__DUMMY__ 0.48476260665505533 neg 0.28972505277596544 off 0.22551234056897912	false	1.0
faschist	off 1.0		__DUMMY__ 0.47898988602210607 neg 0.2888467468033398 off 0.23216336717455419	false	0.5
verschleudern	neg 1.0		__DUMMY__ 0.4829884459600942 neg 0.2891984633867204 off 0.2278130906531855	false	1.0
wenn			__DUMMY__ 0.4842044107353411 neg 0.28083368511044415 off 0.23496190415421467	false	0.0
ehebruch	neg 1.0		__DUMMY__ 0.4825853922900259 neg 0.29031593611358697 off 0.2270986715963871	false	1.0
spott	off 1.0		__DUMMY__ 0.48324062333857315 neg 0.2901089825619987 off 0.22665039409942814	false	0.5
trostlosigkeit	neg 1.0		__DUMMY__ 0.4816517368465577 neg 0.29349040992533637 off 0.22485785322810597	false	1.0
lutschen	neg 1.0		__DUMMY__ 0.4822760562689981 neg 0.28211605818543 off 0.23560788554557197	false	1.0
undiszipliniert	neg 1.0		__DUMMY__ 0.4837802249121309 neg 0.2776868417323431 off 0.23853293335552594	false	1.0
kopfschmerz	neg 1.0		__DUMMY__ 0.48642481516825 neg 0.28275271021628035 off 0.23082247461546976	false	1.0
unvorhergesehen	neg 1.0		__DUMMY__ 0.4900991833797105 neg 0.2794939026860057 off 0.2304069139342837	false	1.0
desinteressiert	neg 1.0		__DUMMY__ 0.48256481852551747 neg 0.2795601032672186 off 0.2378750782072639	false	1.0
armselig	off 1.0		__DUMMY__ 0.4815931118294467 neg 0.279699578050803 off 0.2387073101197503	false	0.5
desaster	neg 1.0		__DUMMY__ 0.48314240755552235 neg 0.293300041048039 off 0.22355755139643857	false	1.0
tod	neg 1.0		__DUMMY__ 0.4813330532931898 neg 0.29226074096396176 off 0.22640620574284834	false	1.0
herzlos	neg 1.0		__DUMMY__ 0.48346101914361383 neg 0.27670212585244003 off 0.23983685500394603	false	1.0
unwissenheit	neg 1.0		__DUMMY__ 0.4830030679661024 neg 0.2890024854230836 off 0.2279944466108142	false	1.0
widersinnig	neg 1.0		__DUMMY__ 0.48029071756332475 neg 0.2910733187206157 off 0.22863596371605957	false	1.0
bedenklich	neg 1.0		__DUMMY__ 0.48473608939912033 neg 0.2884639147784616 off 0.2267999958224181	false	1.0
beanstanden	neg 1.0		__DUMMY__ 0.485267237663015 neg 0.2894459579296435 off 0.22528680440734136	false	1.0
panisch	neg 1.0	neg 1.0	neg 0.6274359012244619 __DUMMY__ 0.23962554892965493 off 0.1329385498458831	false	1.0
debil	off 1.0		__DUMMY__ 0.4866055333866625 neg 0.2907126068839171 off 0.22268185972942056	false	0.5
abstrich	neg 1.0		__DUMMY__ 0.48973199015370117 neg 0.2774461308368435 off 0.2328218790094553	false	1.0
primitiv	neg 1.0		__DUMMY__ 0.4820275885788211 neg 0.2807977118533467 off 0.2371746995678322	false	1.0
abschaum	off 1.0	off 1.0	off 0.6036982027591494 __DUMMY__ 0.23521221225562888 neg 0.16108958498522172	false	1.0
provozieren	neg 1.0		__DUMMY__ 0.4828613052529697 neg 0.28639947004225735 off 0.23073922470477304	false	1.0
tot	neg 1.0		__DUMMY__ 0.4833593764694981 neg 0.2870803795598134 off 0.2295602439706885	false	1.0
instabil	neg 1.0		__DUMMY__ 0.4809775249317994 neg 0.2790683201974234 off 0.23995415487077731	false	1.0
schwuchtel	off 1.0		__DUMMY__ 0.4762110558368492 neg 0.27364455386985076 off 0.2501443902933001	false	0.5
zerren	neg 1.0		__DUMMY__ 0.4860350900852447 neg 0.2844956473998105 off 0.22946926251494484	false	1.0
kinderficker	off 1.0		__DUMMY__ 0.47940296135071947 neg 0.2800992718813411 off 0.2404977667679394	false	0.5
gefahr	neg 1.0		__DUMMY__ 0.48360243464098646 neg 0.28922841649859804 off 0.2271691488604155	false	1.0
rabiat	neg 1.0		__DUMMY__ 0.48452706537878637 neg 0.2846222764075671 off 0.23085065821364661	false	1.0
verlangsamung	neg 1.0		__DUMMY__ 0.48005999837776026 neg 0.27566100125640247 off 0.24427900036583722	false	1.0
ausgestorben	neg 1.0		__DUMMY__ 0.4855539775008519 neg 0.2850125848770571 off 0.22943343762209106	false	1.0
anklagen	neg 1.0		__DUMMY__ 0.48265301556292894 neg 0.2873002424616971 off 0.2300467419753738	false	1.0
trott	neg 1.0		__DUMMY__ 0.48583559624729744 neg 0.28282740291860436 off 0.23133700083409825	false	1.0
verminderung	neg 1.0		__DUMMY__ 0.483218725648606 neg 0.2777824607466268 off 0.2389988136047672	false	1.0
nach			__DUMMY__ 0.49080721428134266 neg 0.2850123653467015 off 0.22418042037195587	false	0.0
rost	neg 1.0		__DUMMY__ 0.47998137051667317 neg 0.27568478078931935 off 0.2443338486940076	false	1.0
destruktiv	neg 1.0		__DUMMY__ 0.4821835734786338 neg 0.2885431215635675 off 0.2292733049577986	false	1.0
unzumutbarkeit	neg 1.0		__DUMMY__ 0.4849847110487855 neg 0.2762648012878977 off 0.23875048766331666	false	1.0
labil	off 1.0	off 1.0	off 0.6045486292292616 __DUMMY__ 0.23576536482992397 neg 0.15968600594081447	false	1.0
ziemlich	neg 1.0		__DUMMY__ 0.48426327013660836 neg 0.2788579637872488 off 0.23687876607614294	false	1.0
lachnummer	off 1.0		__DUMMY__ 0.48244407953263907 neg 0.2881717251753948 off 0.22938419529196621	false	0.5
oder			__DUMMY__ 0.4870652683095167 neg 0.28151910000721464 off 0.23141563168326854	false	0.0
verfall	neg 1.0		__DUMMY__ 0.485977531196471 neg 0.291792921623418 off 0.22222954718011081	false	1.0
ausgrenzung	neg 1.0		__DUMMY__ 0.48020873594249397 neg 0.2874731329220797 off 0.23231813113542632	false	1.0
unordnung	neg 1.0		__DUMMY__ 0.48021525843049906 neg 0.279521151329135 off 0.24026359024036598	false	1.0
fehlverhalten	neg 1.0		__DUMMY__ 0.48323976805026153 neg 0.29041845947973893 off 0.2263417724699996	false	1.0
eine			__DUMMY__ 0.4872373225109104 neg 0.2872014055846977 off 0.2255612719043919	false	0.0
nille	neg 1.0		__DUMMY__ 0.48211536257245957 neg 0.2872786674041762 off 0.2306059700233642	false	1.0
qual	neg 1.0		__DUMMY__ 0.48554130623295527 neg 0.28328465761748084 off 0.23117403614956386	false	1.0
verschwenden	neg 1.0		__DUMMY__ 0.48573262361632935 neg 0.28704111022375745 off 0.22722626615991304	false	1.0
riesig	neg 1.0		__DUMMY__ 0.4864384713266855 neg 0.2828958396120194 off 0.23066568906129506	false	1.0
verurteilen	neg 1.0		__DUMMY__ 0.48226473809401255 neg 0.28973870641416577 off 0.22799655549182163	false	1.0
klischee	neg 1.0	neg 1.0	neg 0.6314786309939274 __DUMMY__ 0.23570908514844915 off 0.13281228385762348	false	1.0
diktatorisch	neg 1.0		__DUMMY__ 0.47881559830764986 neg 0.290123685741449 off 0.23106071595090102	false	1.0
vorhersehbar	neg 1.0		__DUMMY__ 0.4825059969683482 neg 0.28482588287282534 off 0.23266812015882632	false	1.0
sowie			__DUMMY__ 0.4793751291416204 neg 0.27833667502797316 off 0.24228819583040656	false	0.0
stornieren	neg 1.0		__DUMMY__ 0.48664556259478087 neg 0.2788406635502329 off 0.23451377385498637	false	1.0
besteuerung	neg 1.0		__DUMMY__ 0.4840025232505828 neg 0.2834269096594049 off 0.23257056709001223	false	1.0
ungeschminkt	neg 1.0		__DUMMY__ 0.4840136010616789 neg 0.27837519964673063 off 0.23761119929159058	false	1.0
kritisch	neg 1.0		__DUMMY__ 0.48353410749076986 neg 0.2896520755731233 off 0.22681381693610686	false	1.0
schlamperei	off 1.0		__DUMMY__ 0.4832849753815909 neg 0.2892286807487299 off 0.22748634386967925	false	0.5
sucht	neg 1.0	neg 1.0	neg 0.6269547301197851 __DUMMY__ 0.23949278833458926 off 0.13355248154562566	false	1.0
egoistisch	off 1.0		__DUMMY__ 0.48166452148315864 neg 0.27632857299206154 off 0.24200690552477971	false	0.5
ausbeuter	off 1.0		__DUMMY__ 0.48279979547314944 neg 0.2913346945943394 off 0.22586550993251103	false	0.5
arschgeburt	off 1.0		__DUMMY__ 0.4762720549715967 neg 0.27370431380152566 off 0.25002363122687765	false	0.5
schubs	neg 1.0	neg 1.0	neg 0.6302525678086295 __DUMMY__ 0.2395223327299093 off 0.13022509946146119	false	1.0
unsolide	neg 1.0		__DUMMY__ 0.47746934046366896 neg 0.2880627011337052 off 0.23446795840262588	false	1.0
beschwerde	neg 1.0		__DUMMY__ 0.4836775616359554 neg 0.2878342258135101 off 0.22848821255053467	false	1.0
stocken	neg 1.0		__DUMMY__ 0.48564274857545303 neg 0.2859094479766721 off 0.22844780344787496	false	1.0
isolieren	neg 1.0		__DUMMY__ 0.48743423236094713 neg 0.28140139955966637 off 0.23116436807938653	false	1.0
unheilbar	neg 1.0		__DUMMY__ 0.48377611502461404 neg 0.28487101602075654 off 0.23135286895462928	false	1.0
pisser	off 1.0		__DUMMY__ 0.48085570013614604 neg 0.27935341804981195 off 0.23979088181404196	false	0.5
löschen	neg 1.0		__DUMMY__ 0.4841105318870064 neg 0.2836519288862412 off 0.2322375392267524	false	1.0
durchfallen	neg 1.0		__DUMMY__ 0.48505598507946895 neg 0.287442101357159 off 0.22750191356337218	false	1.0
wichser	off 1.0		__DUMMY__ 0.47994962845068645 neg 0.27339028530829906 off 0.24666008624101451	false	0.5
terror	neg 1.0		__DUMMY__ 0.4861072547216401 neg 0.27822761946737445 off 0.2356651258109854	false	1.0
krass	neg 1.0		__DUMMY__ 0.4832239293962406 neg 0.27648984519910375 off 0.24028622540465572	false	1.0
revolte	neg 1.0	neg 1.0	neg 0.6344194536716933 __DUMMY__ 0.2332704518955269 off 0.13231009443277975	false	1.0
besorgt	neg 1.0		__DUMMY__ 0.4881401608200517 neg 0.2818693239542428 off 0.22999051522570543	false	1.0
nachlassen	neg 1.0		__DUMMY__ 0.48776692464518967 neg 0.2825119351958623 off 0.22972114015894796	false	1.0
alt	neg 1.0		__DUMMY__ 0.48848044056931017 neg 0.2837657649930156 off 0.22775379443767427	false	1.0
hundesohn	off 1.0		__DUMMY__ 0.47769903580223083 neg 0.2770364504323674 off 0.24526451376540173	false	0.5
als			__DUMMY__ 0.4865531441881408 neg 0.28467441468752985 off 0.22877244112432926	false	0.0
abschreckung	neg 1.0		__DUMMY__ 0.48398583985534166 neg 0.29085285418313445 off 0.22516130596152384	false	1.0
unqualifiziert	neg 1.0		__DUMMY__ 0.482588412096457 neg 0.28435611485045625 off 0.2330554730530868	false	1.0
abgewichst	off 1.0		__DUMMY__ 0.4839353406601884 neg 0.28609602661463807 off 0.22996863272517365	false	0.5
schwer	neg 1.0		__DUMMY__ 0.4859044656834187 neg 0.28348833687783237 off 0.230607197438749	false	1.0
bedeutungslosigkeit	neg 1.0		__DUMMY__ 0.48344637132049434 neg 0.2908615206575862 off 0.2256921080219194	false	1.0
kapitulation	neg 1.0		__DUMMY__ 0.4801259243797478 neg 0.2927383647680535 off 0.22713571085219872	false	1.0
unscharf	neg 1.0		__DUMMY__ 0.4854220622722293 neg 0.27999990155175847 off 0.23457803617601217	false	1.0
schwinden	neg 1.0		__DUMMY__ 0.4858719578570251 neg 0.2872932622140156 off 0.2268347799289594	false	1.0
versklavung	neg 1.0	neg 1.0	neg 0.6339722282000895 __DUMMY__ 0.23467608873941578 off 0.13135168306049466	false	1.0
schlecht	neg 1.0		__DUMMY__ 0.48458099438233915 neg 0.27808883454397 off 0.23733017107369092	false	1.0
verhasst	neg 1.0		__DUMMY__ 0.48238118544028363 neg 0.28694631191624725 off 0.23067250264346925	false	1.0
beschweren	neg 1.0		__DUMMY__ 0.4852905430567039 neg 0.2819469953247799 off 0.23276246161851621	false	1.0
scheiden	neg 1.0		__DUMMY__ 0.4848826132854839 neg 0.28492154487546756 off 0.2301958418390487	false	1.0
frustriert	neg 1.0		__DUMMY__ 0.4854346486019957 neg 0.2850973532643837 off 0.22946799813362062	false	1.0
schimmelig	neg 1.0		__DUMMY__ 0.48638572608301484 neg 0.28538115884214116 off 0.22823311507484387	false	1.0
fisch	neg 1.0		__DUMMY__ 0.48606985692695814 neg 0.2855514398513332 off 0.22837870322170853	false	1.0
schmuggel	neg 1.0		__DUMMY__ 0.4871590762814624 neg 0.28627879686823565 off 0.22656212685030186	false	1.0
auffallen	neg 1.0		__DUMMY__ 0.4849152813058755 neg 0.2818717063072072 off 0.2332130123869172	false	1.0
konkurrenz	neg 1.0		__DUMMY__ 0.4868483847718126 neg 0.2875302781264795 off 0.2256213371017078	false	1.0
teufelskreis	neg 1.0		__DUMMY__ 0.48431730183296234 neg 0.2862191086243143 off 0.22946358954272333	false	1.0
aufschreien	neg 1.0		__DUMMY__ 0.482848731216325 neg 0.2845290836099097 off 0.2326221851737652	false	1.0
schuldner	neg 1.0		__DUMMY__ 0.4834809808683204 neg 0.2896183620829348 off 0.22690065704874485	false	1.0
missgeburt	off 1.0	off 1.0	off 0.6078305369127196 __DUMMY__ 0.2343622457731365 neg 0.15780721731414393	false	1.0
arbeitslos	neg 1.0		__DUMMY__ 0.48391473222319753 neg 0.2878545213268921 off 0.22823074644991043	false	1.0
befallen	neg 1.0		__DUMMY__ 0.48040436767887146 neg 0.2920553999721339 off 0.2275402323489945	false	1.0
miesepetrig	off 1.0		__DUMMY__ 0.4855606438736468 neg 0.27718608380714066 off 0.2372532723192124	false	0.5
alarmieren	neg 1.0		__DUMMY__ 0.48176651282766675 neg 0.28235655155353884 off 0.2358769356187945	false	1.0
ungeduscht	off 1.0		__DUMMY__ 0.4856123609617349 neg 0.27966750194747403 off 0.23472013709079098	false	0.5
knappheit	neg 1.0		__DUMMY__ 0.4851348262576883 neg 0.285632298719208 off 0.2292328750231037	false	1.0
schlange	neg 1.0		__DUMMY__ 0.48678722374160716 neg 0.28026336192569 off 0.23294941433270275	false	1.0
harsch	neg 1.0		__DUMMY__ 0.4840202814190226 neg 0.27208654959039763 off 0.24389316899057997	false	1.0
lang	neg 1.0		__DUMMY__ 0.48498964562278113 neg 0.28242345165294985 off 0.2325869027242691	false	1.0
ziellos	neg 1.0		__DUMMY__ 0.4860617100188541 neg 0.2857392056135168 off 0.22819908436762895	false	1.0
selbstverliebt	neg 1.0		__DUMMY__ 0.4770478770179659 neg 0.275763580735997 off 0.24718854224603726	false	1.0
beseitigen	neg 1.0		__DUMMY__ 0.4868676298033145 neg 0.28029056577628203 off 0.23284180442040334	false	1.0
dumm	off 1.0		__DUMMY__ 0.4807946838429221 neg 0.2766240367544108 off 0.24258127940266713	false	0.5
arbeitsloser	neg 1.0		__DUMMY__ 0.48409794282803037 neg 0.2885533185726452 off 0.2273487385993245	false	1.0
blitzen	neg 1.0		__DUMMY__ 0.48357101527358054 neg 0.2814613291711221 off 0.23496765555529725	false	1.0
hilflos	neg 1.0		__DUMMY__ 0.4854187291127576 neg 0.2855696857032864 off 0.22901158518395595	false	1.0
eklig	off 1.0		__DUMMY__ 0.48060440457850734 neg 0.2757598382717088 off 0.2436357571497839	false	0.5
begriff			__DUMMY__ 0.4844018360115435 neg 0.2863697969340092 off 0.2292283670544472	false	0.0
hungersnot	neg 1.0		__DUMMY__ 0.4794995406406486 neg 0.2910414685584664 off 0.229458990800885	false	1.0
ungesetzlich	neg 1.0		__DUMMY__ 0.47968516923268256 neg 0.2875595030756471 off 0.2327553276916705	false	1.0
verschwendung	neg 1.0		__DUMMY__ 0.4854860660492093 neg 0.2883281118844343 off 0.22618582206635637	false	1.0
schmerzvoll	neg 1.0		__DUMMY__ 0.48537907628636967 neg 0.28184623371692963 off 0.2327746899967006	false	1.0
vorzeitig	neg 1.0		__DUMMY__ 0.48382471485057116 neg 0.27925871545896 off 0.2369165696904688	false	1.0
unvollkommenheit	neg 1.0		__DUMMY__ 0.48467159275107774 neg 0.28406168700713136 off 0.23126672024179087	false	1.0
intervenieren	neg 1.0		__DUMMY__ 0.48224830282841763 neg 0.29159234631656045 off 0.22615935085502187	false	1.0
banause	off 1.0		__DUMMY__ 0.47980170357465995 neg 0.27516892679651533 off 0.24502936962882468	false	0.5
rebell	neg 1.0		__DUMMY__ 0.487289340396362 neg 0.28680033556752005 off 0.22591032403611785	false	1.0
unlogisch	neg 1.0		__DUMMY__ 0.48190554078992265 neg 0.27908225325146324 off 0.23901220595861405	false	1.0
leiden	neg 1.0	neg 1.0	neg 0.6291600466958548 __DUMMY__ 0.24168901594439016 off 0.1291509373597551	false	1.0
abschaffung	neg 1.0		__DUMMY__ 0.4823492916577722 neg 0.2859590075363147 off 0.23169170080591323	false	1.0
sturz	neg 1.0		__DUMMY__ 0.4818610982364544 neg 0.28600033763947535 off 0.2321385641240702	false	1.0
verkleinerung	neg 1.0		__DUMMY__ 0.480887707295256 neg 0.28436429653498646 off 0.23474799616975744	false	1.0
schmarotzer	off 1.0		__DUMMY__ 0.4827226561839302 neg 0.2898623963937239 off 0.22741494742234591	false	0.5
bestrafung	neg 1.0		__DUMMY__ 0.48322938539849725 neg 0.28499829122839004 off 0.23177232337311285	false	1.0
achtlos	neg 1.0		__DUMMY__ 0.4862824004254111 neg 0.28305576072127764 off 0.23066183885331118	false	1.0
ungeheuer	neg 1.0		__DUMMY__ 0.4835831895807338 neg 0.2833527448841396 off 0.23306406553512646	false	1.0
unaufrichtig	neg 1.0		__DUMMY__ 0.4807729291136557 neg 0.28573870615766545 off 0.2334883647286789	false	1.0
groggy	neg 1.0		__DUMMY__ 0.4832189455728484 neg 0.28211442079166466 off 0.234666633635487	false	1.0
verletzlich	neg 1.0		__DUMMY__ 0.4830765356699448 neg 0.27982486224331793 off 0.2370986020867373	false	1.0
ablehnen	neg 1.0		__DUMMY__ 0.48307596579811635 neg 0.28891612671721645 off 0.2280079074846673	false	1.0
