unsolidarisch	neg 1.0		__DUMMY__ 0.9286542133338425 neg 0.04129493052280188 off 0.03005085614335565	false	1.0
nachteilig	neg 1.0		__DUMMY__ 0.9365468767948143 neg 0.036215376137506014 off 0.027237747067679577	false	1.0
skeptisch	neg 1.0		__DUMMY__ 0.9373994821938649 neg 0.03729837163534239 off 0.025302146170792638	false	1.0
schrecklich	neg 1.0		__DUMMY__ 0.9333226873163802 off 0.03435041218072631 neg 0.03232690050289353	false	0.5
schlapp	neg 1.0		__DUMMY__ 0.9377462161649383 neg 0.031260407903399706 off 0.030993375931661977	false	1.0
abfall	neg 1.0		__DUMMY__ 0.9383226649342987 neg 0.03747373649917288 off 0.024203598566528355	false	1.0
widerspenstig	neg 1.0		__DUMMY__ 0.9385874706397075 neg 0.03334317841493245 off 0.028069350945360172	false	1.0
abrupt	neg 1.0		__DUMMY__ 0.9405202207497291 neg 0.032218520758493054 off 0.027261258491777903	false	1.0
unwirksam	neg 1.0		__DUMMY__ 0.9318470924738059 neg 0.03859649057729294 off 0.029556416948901095	false	1.0
angreifen	neg 1.0		__DUMMY__ 0.9353196868187297 neg 0.03818662137033162 off 0.026493691810938656	false	1.0
inkonsistent	neg 1.0		__DUMMY__ 0.9354783394376194 neg 0.03441093470517439 off 0.030110725857206228	false	1.0
abrutschen	neg 1.0		__DUMMY__ 0.9387597195785891 neg 0.037016642247497275 off 0.02422363817391369	false	1.0
unsicher	neg 1.0		__DUMMY__ 0.9370230310115432 neg 0.03433208513832519 off 0.02864488385013169	false	1.0
bauernkind	off 1.0		__DUMMY__ 0.9298719134352642 off 0.0365719277597706 neg 0.03355615880496518	false	1.0
angreifer	neg 1.0		__DUMMY__ 0.9329810410578516 neg 0.03579187200222717 off 0.031227086939921295	false	1.0
trennen	neg 1.0		__DUMMY__ 0.9402700982904034 neg 0.03431882009455883 off 0.02541108161503784	false	1.0
schmutz	neg 1.0		__DUMMY__ 0.9410239079917868 off 0.031700036894807035 neg 0.02727605511340626	false	0.5
inkonsistenz	neg 1.0	neg 1.0	neg 0.5029111300539943 __DUMMY__ 0.4687973810647505 off 0.028291488881255256	false	1.0
erschreckend	neg 1.0		__DUMMY__ 0.9351673658914063 neg 0.03676361218434875 off 0.02806902192424505	false	1.0
ertrinken	neg 1.0		__DUMMY__ 0.9380961618354164 neg 0.0354912787534497 off 0.026412559411133834	false	1.0
pickelface	off 1.0		__DUMMY__ 0.9339905035227419 neg 0.036483405745456984 off 0.029526090731801038	false	0.5
seiner			__DUMMY__ 0.9366048629430139 neg 0.03726421035992351 off 0.0261309266970626	false	0.0
lauch	neg 1.0		__DUMMY__ 0.9384709000740188 neg 0.03670778925744423 off 0.024821310668536916	false	1.0
unwichtig	neg 1.0		__DUMMY__ 0.9347338009214096 neg 0.03355712595496259 off 0.03170907312362778	false	1.0
steuerhinterziehung	neg 1.0		__DUMMY__ 0.932108459944827 neg 0.03903040368421747 off 0.028861136370955397	false	1.0
schock	neg 1.0		__DUMMY__ 0.9396699775225639 neg 0.03308593616913779 off 0.027244086308298266	false	1.0
beule	neg 1.0		__DUMMY__ 0.9373170408663598 off 0.03178572661857956 neg 0.03089723251506067	false	0.5
vergelten	neg 1.0		__DUMMY__ 0.9312116294267344 off 0.035775281149201296 neg 0.03301308942406428	false	0.5
verdorbenheit	neg 1.0		__DUMMY__ 0.938636048825481 neg 0.03234788801460809 off 0.029016063159910836	false	1.0
trauma	neg 1.0		__DUMMY__ 0.9353222868935689 neg 0.03475179612882757 off 0.029925916977603457	false	1.0
sinnlos	neg 1.0		__DUMMY__ 0.9353937786313561 neg 0.03445735215569784 off 0.03014886921294606	false	1.0
fettsack	off 1.0	off 1.0	off 0.5025816278564988 __DUMMY__ 0.46776444417060653 neg 0.029653927972894678	false	1.0
feige	off 1.0		__DUMMY__ 0.9322676164675494 neg 0.03612544349122304 off 0.031606940041227535	false	0.5
abdanken	neg 1.0		__DUMMY__ 0.9292968923067083 neg 0.04141038408899311 off 0.029292723604298614	false	1.0
wichtigtuer	off 1.0	off 1.0	off 0.49747100584412723 __DUMMY__ 0.4685848763338413 neg 0.03394411782203143	false	1.0
misslingen	neg 1.0		__DUMMY__ 0.9382109830408545 neg 0.03211857580481852 off 0.029670441154326974	false	1.0
untreu	off 1.0		__DUMMY__ 0.9342989283507513 neg 0.033550170129203895 off 0.03215090152004474	false	0.5
missmutig	neg 1.0		__DUMMY__ 0.9364972777472524 neg 0.032572999545050337 off 0.03092972270769726	false	1.0
hurenbock	off 1.0		__DUMMY__ 0.9399028143326866 neg 0.031126029538914874 off 0.028971156128398515	false	0.5
betrunken	neg 1.0		__DUMMY__ 0.9357821551494946 off 0.032698153336515975 neg 0.03151969151398948	false	0.5
korrupt	off 1.0		__DUMMY__ 0.9309932303119046 neg 0.040889840502930486 off 0.028116929185164934	false	0.5
unmut	neg 1.0		__DUMMY__ 0.9367860055629134 neg 0.03830586655961005 off 0.0249081278774766	false	1.0
hackfresse	off 1.0		__DUMMY__ 0.9320401028977398 off 0.03657212495796086 neg 0.03138777214429936	false	1.0
aufblasen	neg 1.0		__DUMMY__ 0.9379837303387328 neg 0.03276643637629593 off 0.029249833284971206	false	1.0
gewaltsam	neg 1.0		__DUMMY__ 0.932608514919383 neg 0.037525123174335 off 0.029866361906281974	false	1.0
unbeliebtheit	neg 1.0		__DUMMY__ 0.9272770653237093 neg 0.03877157149407683 off 0.03395136318221383	false	1.0
sturheit	neg 1.0		__DUMMY__ 0.933206088254285 neg 0.03835263649536989 off 0.028441275250345188	false	1.0
kuh	neg 1.0		__DUMMY__ 0.9357034173428033 neg 0.0349518202067267 off 0.029344762450470043	false	1.0
erschrecken	neg 1.0		__DUMMY__ 0.935924535490618 neg 0.03324564214227915 off 0.030829822367102702	false	1.0
opfer	neg 1.0	neg 1.0	neg 0.5044688932403402 __DUMMY__ 0.4713081212022275 off 0.024222985557432287	false	1.0
sinken	neg 1.0		__DUMMY__ 0.9373634281381295 neg 0.03749591413480684 off 0.025140657727063666	false	1.0
stinktier	neg 1.0		__DUMMY__ 0.9323901286833167 off 0.03455329428687488 neg 0.03305657702980845	false	0.5
tucke	off 1.0		__DUMMY__ 0.9339568331562895 off 0.03651901929315701 neg 0.029524147550553496	false	1.0
ein			__DUMMY__ 0.9400549372583956 neg 0.03142074182410826 off 0.028524320917496102	false	0.0
abstieg	neg 1.0		__DUMMY__ 0.9337551397822147 neg 0.03820658457207234 off 0.028038275645712953	false	1.0
missverstehen	neg 1.0		__DUMMY__ 0.9330659445848013 neg 0.036672812303263004 off 0.030261243111935694	false	1.0
ergebnislos	neg 1.0		__DUMMY__ 0.9350191407139377 neg 0.03734896726278456 off 0.027631892023277864	false	1.0
unter			__DUMMY__ 0.9440560177829779 neg 0.03453679733157292 off 0.021407184885449175	false	0.0
manipulieren	neg 1.0		__DUMMY__ 0.9362463105886674 neg 0.03742351909838328 off 0.026330170312949274	false	1.0
unbewiesen	neg 1.0		__DUMMY__ 0.929179866718045 neg 0.04087284742496297 off 0.029947285856992124	false	1.0
verschleppen	neg 1.0		__DUMMY__ 0.9344254634948524 neg 0.03804851469866774 off 0.02752602180647983	false	1.0
weib	off 1.0		__DUMMY__ 0.9313814646839446 off 0.03742687797797266 neg 0.03119165733808279	false	1.0
opposition	neg 1.0		__DUMMY__ 0.9311468216590219 neg 0.03867573237499458 off 0.030177445965983492	false	1.0
verkehrswidrig	neg 1.0		__DUMMY__ 0.9355797212719684 off 0.03496313005947129 neg 0.02945714866856036	false	0.5
inkorrekt	neg 1.0		__DUMMY__ 0.9296050907292257 neg 0.037507912266427995 off 0.032886997004346316	false	1.0
vermeiden	neg 1.0		__DUMMY__ 0.9421472106544284 neg 0.0347838119590829 off 0.023068977386488734	false	1.0
abweichung	neg 1.0		__DUMMY__ 0.9328870554215284 neg 0.039280005585144946 off 0.027832938993326655	false	1.0
alkoholisiert	neg 1.0		__DUMMY__ 0.939552635068041 neg 0.033765480328333146 off 0.026681884603625902	false	1.0
scheiss	off 1.0	off 1.0	off 0.4993632521442159 __DUMMY__ 0.47143594964103297 neg 0.029200798214751158	false	1.0
herausforderung	neg 1.0		__DUMMY__ 0.9421957125936365 neg 0.030922555998492023 off 0.02688173140787149	false	1.0
pervers	off 1.0		__DUMMY__ 0.9305241570607157 off 0.03929203754360854 neg 0.030183805395675774	false	1.0
wackelig	neg 1.0		__DUMMY__ 0.9415153069240847 neg 0.03193454140796955 off 0.026550151667945776	false	1.0
verwickeln	neg 1.0		__DUMMY__ 0.9342152484307036 neg 0.03573033801583035 off 0.030054413553466074	false	1.0
vorwand	neg 1.0		__DUMMY__ 0.9354885453647256 neg 0.03905899017564701 off 0.025452464459627493	false	1.0
muschi	off 1.0		__DUMMY__ 0.9334127794441645 neg 0.03729873674352302 off 0.029288483812312558	false	0.5
entmutigung	neg 1.0		__DUMMY__ 0.9264827486022382 neg 0.04199088302304816 off 0.0315263683747136	false	1.0
unangemessen	neg 1.0		__DUMMY__ 0.9330714979491236 neg 0.03928606804384975 off 0.027642434007026737	false	1.0
unstetig	neg 1.0		__DUMMY__ 0.9346697090851815 neg 0.034173279737994194 off 0.031157011176824234	false	1.0
entmutigen	neg 1.0		__DUMMY__ 0.936557924752189 neg 0.03406939823246438 off 0.02937267701534663	false	1.0
schwanz	neg 1.0		__DUMMY__ 0.9363830389701673 neg 0.03618181247006015 off 0.027435148559772606	false	1.0
verbot	neg 1.0		__DUMMY__ 0.9321951007381021 neg 0.0393960418237484 off 0.028408857438149616	false	1.0
leid	neg 1.0		__DUMMY__ 0.9330214480184198 off 0.03532466805015146 neg 0.03165388393142868	false	0.5
archaisch	neg 1.0		__DUMMY__ 0.9336066963370869 neg 0.03854685336764704 off 0.02784645029526602	false	1.0
gegen			__DUMMY__ 0.934434731742524 neg 0.03959417791343317 off 0.02597109034404274	false	0.0
scheidung	neg 1.0	neg 1.0	neg 0.49110622834845313 __DUMMY__ 0.46822129651439126 off 0.0406724751371556	false	1.0
einschlag	neg 1.0		__DUMMY__ 0.931838501179622 off 0.03510779119664833 neg 0.03305370762372967	false	0.5
m			__DUMMY__ 0.9380348277792382 neg 0.034266481953504006 off 0.027698690267257863	false	0.0
abgestanden	neg 1.0		__DUMMY__ 0.9397016350161213 neg 0.03244265475873262 off 0.027855710225146192	false	1.0
schmierig	off 1.0		__DUMMY__ 0.9341534546711313 off 0.03452756965213458 neg 0.031318975676734064	false	1.0
unpraktisch	neg 1.0		__DUMMY__ 0.9388932996739993 neg 0.032095224470697487 off 0.029011475855303333	false	1.0
wixxer	off 1.0		__DUMMY__ 0.9290914608929846 off 0.03949971997832362 neg 0.03140881912869179	false	1.0
bezeichnet			__DUMMY__ 0.9334838092117832 neg 0.03794970566822433 off 0.028566485119992425	false	0.0
jammerlappen	off 1.0		__DUMMY__ 0.9343882922399148 neg 0.03396125446980016 off 0.03165045329028498	false	0.5
farce	neg 1.0		__DUMMY__ 0.929056908059185 neg 0.04209975154772896 off 0.028843340393086062	false	1.0
zwecklos	neg 1.0		__DUMMY__ 0.9340904181799652 neg 0.03857531711825428 off 0.027334264701780527	false	1.0
turbulent	neg 1.0		__DUMMY__ 0.9329280036520516 off 0.034113609970698046 neg 0.0329583863772503	false	0.5
invasion	neg 1.0		__DUMMY__ 0.9368906597564225 neg 0.032379266763888775 off 0.030730073479688685	false	1.0
schuld	neg 1.0		__DUMMY__ 0.9348346696015669 neg 0.03576263685541846 off 0.02940269354301456	false	1.0
risiko	neg 1.0		__DUMMY__ 0.9393606009340192 off 0.030779235917573044 neg 0.029860163148407746	false	0.5
finster	neg 1.0		__DUMMY__ 0.9395472693912705 neg 0.03227254924515118 off 0.02818018136357826	false	1.0
geisteskrank	off 1.0		__DUMMY__ 0.9307679653073789 neg 0.03617562469219662 off 0.03305641000042444	false	0.5
zusammenbrechen	neg 1.0		__DUMMY__ 0.9376945504638001 neg 0.03452966947263627 off 0.02777578006356362	false	1.0
ausbeute	neg 1.0		__DUMMY__ 0.9397728570382586 neg 0.03383770837256637 off 0.026389434589174948	false	1.0
hinterhalt	neg 1.0		__DUMMY__ 0.935012986625356 neg 0.0356279011052424 off 0.029359112269401536	false	1.0
kritik	neg 1.0		__DUMMY__ 0.9304205734113341 neg 0.04080330483061017 off 0.028776121758055703	false	1.0
einschrumpfen	neg 1.0		__DUMMY__ 0.9309344194122804 neg 0.03739764433675116 off 0.03166793625096837	false	1.0
riskant	neg 1.0		__DUMMY__ 0.9368353963793735 neg 0.03677718186090279 off 0.026387421759723716	false	1.0
frustrieren	neg 1.0		__DUMMY__ 0.9360169071908064 neg 0.03758854609993191 off 0.026394546709261654	false	1.0
groll	neg 1.0		__DUMMY__ 0.9345038200176367 neg 0.03804097213340825 off 0.02745520784895511	false	1.0
gibt			__DUMMY__ 0.9362147317461295 neg 0.03611707351969743 off 0.027668194734173063	false	0.0
qualvoll	neg 1.0		__DUMMY__ 0.9364244928288721 neg 0.03360175617889008 off 0.029973750992237844	false	1.0
wackeln	neg 1.0		__DUMMY__ 0.9392365416715479 neg 0.031933464970402975 off 0.02882999335804917	false	1.0
klagen	neg 1.0		__DUMMY__ 0.9353475118353384 neg 0.03919795634776128 off 0.025454531816900404	false	1.0
bankrott	neg 1.0		__DUMMY__ 0.9361756284379216 neg 0.03224445174960404 off 0.031579919812474454	false	1.0
trauern	neg 1.0		__DUMMY__ 0.9360882821848279 neg 0.03744113656394998 off 0.026470581251222213	false	1.0
ablehnung	neg 1.0	neg 1.0	neg 0.5066517227015441 __DUMMY__ 0.46728411709776535 off 0.02606416020069051	false	1.0
stur	neg 1.0		__DUMMY__ 0.9351550150479171 neg 0.035222682307997494 off 0.02962230264408541	false	1.0
aufruhr	neg 1.0		__DUMMY__ 0.9314863259293574 neg 0.03887794435112312 off 0.02963572971951943	false	1.0
melancholie	neg 1.0		__DUMMY__ 0.9398915942312676 neg 0.03348616748150804 off 0.02662223828722433	false	1.0
ist			__DUMMY__ 0.9348806407459607 neg 0.0354307938818769 off 0.02968856537216242	false	0.0
torheit	neg 1.0		__DUMMY__ 0.9292227071586667 neg 0.040534769023712315 off 0.030242523817621006	false	1.0
dreckskind	off 1.0		__DUMMY__ 0.9288059148867345 off 0.03615413530056695 neg 0.035039949812698507	false	1.0
umtauschen	neg 1.0		__DUMMY__ 0.9388045272227338 neg 0.033349336753774994 off 0.02784613602349114	false	1.0
zum			__DUMMY__ 0.9440250210078407 neg 0.032767511032351614 off 0.023207467959807663	false	0.0
zersetzen	neg 1.0		__DUMMY__ 0.9357156436080399 neg 0.03838511425625887 off 0.025899242135701245	false	1.0
zur			__DUMMY__ 0.9380771711910348 neg 0.03823241890206799 off 0.02369040990689722	false	0.0
frust	neg 1.0		__DUMMY__ 0.9365901995201052 neg 0.035702264594421246 off 0.02770753588547353	false	1.0
unerbittlichkeit	neg 1.0		__DUMMY__ 0.9350729447900535 neg 0.038382831254658537 off 0.026544223955287938	false	1.0
zwei			__DUMMY__ 0.9416445728215407 neg 0.03392779470439479 off 0.024427632474064574	false	0.0
unkorrekt	neg 1.0		__DUMMY__ 0.9301592615007492 neg 0.03669928136951632 off 0.03314145712973445	false	1.0
hexe	off 1.0		__DUMMY__ 0.9355199898776296 neg 0.03287488735892996 off 0.031605122763440435	false	0.5
lasch	neg 1.0		__DUMMY__ 0.9325128970458687 neg 0.03641696699352864 off 0.031070135960602655	false	1.0
rivale	neg 1.0		__DUMMY__ 0.932651824359042 off 0.034679690719776064 neg 0.03266848492118197	false	0.5
mutlos	off 1.0	off 1.0	off 0.4947913441806792 __DUMMY__ 0.4694044468828582 neg 0.03580420893646257	false	1.0
wirr	off 1.0		__DUMMY__ 0.9308426206186283 neg 0.03513523680512629 off 0.03402214257624534	false	0.5
jahr			__DUMMY__ 0.9410451691412487 neg 0.03304448982828085 off 0.025910341030470435	false	0.0
wird			__DUMMY__ 0.9365265127561195 neg 0.03680267818445134 off 0.02667080905942911	false	0.0
strafbar	neg 1.0		__DUMMY__ 0.9330328994799358 neg 0.040077195429183 off 0.026889905090881152	false	1.0
erosion	neg 1.0		__DUMMY__ 0.9374572992060743 neg 0.0329642775988399 off 0.029578423195085697	false	1.0
eingehen	neg 1.0		__DUMMY__ 0.9346852870681619 neg 0.03817069727774551 off 0.02714401565409258	false	1.0
faul	off 1.0		__DUMMY__ 0.9383350399240612 off 0.030926722706606537 neg 0.03073823736933238	false	1.0
provisorium	neg 1.0		__DUMMY__ 0.9423402258792467 neg 0.036619047889106554 off 0.021040726231646694	false	1.0
schmerzen	neg 1.0		__DUMMY__ 0.9380569489528782 neg 0.034589911220049153 off 0.027353139827072718	false	1.0
schrumpfen	neg 1.0		__DUMMY__ 0.9390924020217943 neg 0.03751727782002425 off 0.023390320158181467	false	1.0
geistlos	off 1.0		__DUMMY__ 0.9289174740781653 neg 0.03976828130746425 off 0.03131424461437058	false	0.5
fehlkauf	neg 1.0		__DUMMY__ 0.9334742059057203 neg 0.035752113452609105 off 0.03077368064167068	false	1.0
frustrierend	neg 1.0		__DUMMY__ 0.9359726933875541 neg 0.033118039810804197 off 0.03090926680164178	false	1.0
unzufrieden	neg 1.0		__DUMMY__ 0.9356409177352049 neg 0.03704372292551179 off 0.027315359339283276	false	1.0
verzweifeln	neg 1.0		__DUMMY__ 0.936809440506138 neg 0.03488954743378905 off 0.02830101206007294	false	1.0
verzweifelt	neg 1.0		__DUMMY__ 0.9351463939178721 neg 0.035341518692432815 off 0.029512087389695154	false	1.0
misstrauensantrag	neg 1.0		__DUMMY__ 0.933167482048451 neg 0.03618543388672762 off 0.030647084064821445	false	1.0
abfallen	neg 1.0		__DUMMY__ 0.9402264129345246 neg 0.031123185116117592 off 0.02865040194935782	false	1.0
fucker	off 1.0		__DUMMY__ 0.9319086955179313 off 0.034134853587714155 neg 0.03395645089435448	false	1.0
ungezogen	neg 1.0		__DUMMY__ 0.932333008560947 off 0.0374838699335192 neg 0.030183121505533785	false	0.5
irrsinnig	neg 1.0	neg 1.0	neg 0.5034820873653895 __DUMMY__ 0.46983783039430427 off 0.02668008224030618	false	1.0
unfassbar	neg 1.0		__DUMMY__ 0.9343261434284723 neg 0.033747376649558486 off 0.03192647992196927	false	1.0
hart	neg 1.0		__DUMMY__ 0.9341157209659364 neg 0.034063161779469234 off 0.03182111725459438	false	1.0
widerlich	off 1.0		__DUMMY__ 0.9326257097978259 neg 0.034760266468910415 off 0.03261402373326372	false	0.5
fatal	neg 1.0		__DUMMY__ 0.934164154706835 neg 0.035098387938545 off 0.03073745735461992	false	1.0
bruch	neg 1.0		__DUMMY__ 0.9338981482196295 neg 0.040825100592311904 off 0.025276751188058617	false	1.0
aushungern	neg 1.0		__DUMMY__ 0.9312417527730912 neg 0.03901421197603908 off 0.029744035250869792	false	1.0
anspannung	neg 1.0		__DUMMY__ 0.9403378559266624 neg 0.03549703700512366 off 0.024165107068213978	false	1.0
von			__DUMMY__ 0.9404673366010393 neg 0.03420456496570719 off 0.025328098433253458	false	0.0
kraftlos	neg 1.0		__DUMMY__ 0.9404485795373515 neg 0.032977908908579684 off 0.026573511554068733	false	1.0
vom			__DUMMY__ 0.9431121411585927 neg 0.03521750464379092 off 0.02167035419761641	false	0.0
grenzdebil	off 1.0		__DUMMY__ 0.9351627521260585 off 0.03255432054136925 neg 0.03228292733257226	false	1.0
vor			__DUMMY__ 0.9389866970747374 neg 0.0361024515360639 off 0.02491085138919876	false	0.0
unterwerfen	neg 1.0		__DUMMY__ 0.9346119807312944 neg 0.03851012477650093 off 0.026877894492204686	false	1.0
versenkung	neg 1.0		__DUMMY__ 0.9360680274287555 neg 0.03735768021806316 off 0.02657429235318126	false	1.0
entziehen	neg 1.0		__DUMMY__ 0.935968740706971 neg 0.03893302694371399 off 0.02509823234931504	false	1.0
finanzkrise	neg 1.0		__DUMMY__ 0.9315050292994598 neg 0.039399771186247684 off 0.029095199514292545	false	1.0
schimpfend	neg 1.0		__DUMMY__ 0.9411320312303594 neg 0.029917369842691676 off 0.028950598926948897	false	1.0
profan	neg 1.0		__DUMMY__ 0.9354629364310068 neg 0.034525467491372086 off 0.030011596077621116	false	1.0
korruption	neg 1.0		__DUMMY__ 0.9317820373174787 neg 0.040155691761212385 off 0.02806227092130896	false	1.0
â			__DUMMY__ 0.9376470177149605 neg 0.03524970226540196 off 0.02710328001963753	false	0.0
schmutzig	neg 1.0		__DUMMY__ 0.9371039711145134 off 0.03203394919359975 neg 0.030862079691886778	false	0.5
sexy	neg 1.0		__DUMMY__ 0.9351225563599779 neg 0.03339731993619387 off 0.03148012370382825	false	1.0
abraten	neg 1.0		__DUMMY__ 0.9370170616508563 neg 0.03368949925604136 off 0.029293439093102298	false	1.0
schwarz	neg 1.0		__DUMMY__ 0.9348466146004905 neg 0.03505826270649137 off 0.03009512269301813	false	1.0
fotze	off 1.0		__DUMMY__ 0.9341465745704822 neg 0.037853789730881895 off 0.027999635698635908	false	0.5
verwirren	neg 1.0		__DUMMY__ 0.9351891200125336 neg 0.03418064941964211 off 0.030630230567824303	false	1.0
zahnlos	off 1.0		__DUMMY__ 0.933851853768038 neg 0.0385292446140331 off 0.027618901617928904	false	0.5
verheeren	neg 1.0		__DUMMY__ 0.9292798998172954 off 0.039385512465358846 neg 0.031334587717345715	false	0.5
hippie	neg 1.0		__DUMMY__ 0.934655134355764 neg 0.03392325309703382 off 0.03142161254720222	false	1.0
rammen	neg 1.0		__DUMMY__ 0.9371934979152053 neg 0.03264288938011379 off 0.030163612704680955	false	1.0
unlauter	neg 1.0	neg 1.0	neg 0.5021632062739214 __DUMMY__ 0.4699260557209672 off 0.027910738005111364	false	1.0
unheilvoll	neg 1.0		__DUMMY__ 0.9369392506431233 neg 0.033494941364971595 off 0.029565807991905058	false	1.0
niedrig	neg 1.0		__DUMMY__ 0.9371525659393333 neg 0.035900218821471604 off 0.026947215239195143	false	1.0
explosion	neg 1.0		__DUMMY__ 0.9362742056022871 neg 0.03282707419562544 off 0.030898720202087414	false	1.0
weichei	off 1.0		__DUMMY__ 0.9322993409009447 off 0.03576072714804934 neg 0.03193993195100592	false	1.0
minusmensch	off 1.0		__DUMMY__ 0.9260338463140532 off 0.039464473771659674 neg 0.0345016799142872	false	1.0
farblos	neg 1.0		__DUMMY__ 0.9360647265359526 neg 0.03497065542200007 off 0.028964618042047363	false	1.0
unwissend	neg 1.0	neg 1.0	neg 0.5018596242899396 __DUMMY__ 0.46900673853061814 off 0.029133637179442316	false	1.0
traurig	neg 1.0		__DUMMY__ 0.9348067374342524 off 0.03362208182577506 neg 0.031571180739972615	false	0.5
senkung	neg 1.0		__DUMMY__ 0.9351990983859081 neg 0.03401049003124861 off 0.030790411582843236	false	1.0
ungleich	neg 1.0	neg 1.0	neg 0.5052126066896043 __DUMMY__ 0.47046747069360384 off 0.024319922616791844	false	1.0
heikel	neg 1.0		__DUMMY__ 0.9362205080086214 neg 0.037997678779588005 off 0.0257818132117906	false	1.0
drosselung	neg 1.0		__DUMMY__ 0.9356772742616595 off 0.033665294201695124 neg 0.030657431536645387	false	0.5
falsch	neg 1.0		__DUMMY__ 0.9350025613862625 neg 0.03377292353046654 off 0.03122451508327098	false	1.0
unzufriedenheit	neg 1.0		__DUMMY__ 0.9358381945579961 neg 0.0383457657003694 off 0.025816039741634524	false	1.0
kurz	neg 1.0		__DUMMY__ 0.9395662415123253 neg 0.03318166389494086 off 0.027252094592733905	false	1.0
unsinnig	neg 1.0		__DUMMY__ 0.9351586082389857 neg 0.03726711452698182 off 0.027574277234032517	false	1.0
penner	off 1.0	off 1.0	off 0.503712013839278 __DUMMY__ 0.46811985368642794 neg 0.02816813247429399	false	1.0
seicht	neg 1.0		__DUMMY__ 0.9290984523064508 off 0.03782996090016853 neg 0.033071586793380556	false	0.5
dummheit	off 1.0	off 1.0	off 0.4979013498846162 __DUMMY__ 0.46870217371657835 neg 0.0333964763988054	false	1.0
unerfreulich	neg 1.0		__DUMMY__ 0.9378136821477444 neg 0.036918792358176564 off 0.02526752549407895	false	1.0
motherfucker	off 1.0	off 1.0	off 0.5011601554340867 __DUMMY__ 0.46821567273851394 neg 0.030624171827399457	false	1.0
pikiert	neg 1.0		__DUMMY__ 0.9328597141032378 neg 0.035386954303693575 off 0.03175333159306872	false	1.0
wrack	neg 1.0		__DUMMY__ 0.9375645849689758 neg 0.035443249457786145 off 0.026992165573238164	false	1.0
gangster	neg 1.0		__DUMMY__ 0.9349270362431004 neg 0.03426442333036869 off 0.030808540426530886	false	1.0
krank	neg 1.0		__DUMMY__ 0.9372082672316957 off 0.03218326353791501 neg 0.03060846923038927	false	0.5
reich	neg 1.0		__DUMMY__ 0.9276334948685327 neg 0.03960420531503729 off 0.03276229981643005	false	1.0
gnadenlos	neg 1.0		__DUMMY__ 0.9351582253703384 neg 0.03534727575765222 off 0.029494498872009365	false	1.0
niedergeschlagen	neg 1.0		__DUMMY__ 0.9373993043363629 neg 0.0349694800316052 off 0.027631215632031966	false	1.0
terrorisieren	off 1.0	off 1.0	off 0.49435427784066166 __DUMMY__ 0.4714261707996573 neg 0.034219551359681015	false	1.0
sinnlosigkeit	neg 1.0		__DUMMY__ 0.9342928975514619 neg 0.03813875775179584 off 0.02756834469674217	false	1.0
behindern	neg 1.0		__DUMMY__ 0.9376421777808815 neg 0.03393884674326022 off 0.028418975475858328	false	1.0
undemokratisch	neg 1.0		__DUMMY__ 0.9306682084224049 neg 0.038897002169699275 off 0.03043478940789579	false	1.0
wirtschaftskrise	neg 1.0		__DUMMY__ 0.9332853192942075 neg 0.03886406371658674 off 0.02785061698920569	false	1.0
neid	neg 1.0		__DUMMY__ 0.9372574674958633 neg 0.03217178294313811 off 0.030570749560998648	false	1.0
rutschen	neg 1.0		__DUMMY__ 0.9444199104811497 neg 0.032390668000198984 off 0.023189421518651308	false	1.0
rezession	neg 1.0		__DUMMY__ 0.9297972879799936 off 0.03543554324395666 neg 0.03476716877604967	false	0.5
fehlgeburt	neg 1.0		__DUMMY__ 0.9345621141260634 neg 0.03663068879694185 off 0.028807197076994792	false	1.0
charakterschwach	off 1.0		__DUMMY__ 0.9330212202954742 neg 0.03438913406382285 off 0.03258964564070297	false	0.5
isolation	neg 1.0		__DUMMY__ 0.934910085302842 neg 0.03304706893010357 off 0.032042845767054344	false	1.0
ablenkung	neg 1.0		__DUMMY__ 0.9371322847041925 neg 0.03407482453933741 off 0.028792890756469968	false	1.0
pech	neg 1.0		__DUMMY__ 0.936811128668713 neg 0.033034942758556445 off 0.03015392857273052	false	1.0
vermeidung	neg 1.0		__DUMMY__ 0.9364729619411967 off 0.03285777793762552 neg 0.030669260121177898	false	0.5
dominieren	neg 1.0		__DUMMY__ 0.9361947166085701 neg 0.035753064309328585 off 0.028052219082101298	false	1.0
schwindlig	neg 1.0		__DUMMY__ 0.9388326416396396 neg 0.03133314359553086 off 0.029834214764829444	false	1.0
lutscher	neg 1.0		__DUMMY__ 0.9300747773759381 off 0.037999775964474534 neg 0.031925446659587305	false	0.5
pflicht	neg 1.0		__DUMMY__ 0.9355414774275352 neg 0.03859074467221027 off 0.02586777790025453	false	1.0
faschist	off 1.0		__DUMMY__ 0.9293936101310833 neg 0.039571183138911024 off 0.03103520673000562	false	0.5
verschleudern	neg 1.0		__DUMMY__ 0.9337545223148421 neg 0.038819056734721226 off 0.027426420950436733	false	1.0
wenn			__DUMMY__ 0.934802534940822 neg 0.03398358841075478 off 0.031213876648423265	false	0.0
ehebruch	neg 1.0		__DUMMY__ 0.9334209216257885 neg 0.03934116773724559 off 0.027237910636965925	false	1.0
spott	off 1.0		__DUMMY__ 0.9341623567555606 neg 0.03901670053882047 off 0.0268209427056189	false	0.5
trostlosigkeit	neg 1.0		__DUMMY__ 0.9320631282465662 neg 0.04183340213957751 off 0.026103469613856317	false	1.0
lutschen	neg 1.0		__DUMMY__ 0.9331765981771524 neg 0.03492363004581166 off 0.031899771777036	false	1.0
undiszipliniert	neg 1.0		__DUMMY__ 0.9345845111012177 off 0.033212216778754716 neg 0.03220327212002761	false	0.5
kopfschmerz	neg 1.0		__DUMMY__ 0.9374622991349025 neg 0.034593354718855614 off 0.0279443461462419	false	1.0
unvorhergesehen	neg 1.0		__DUMMY__ 0.9417417760756752 neg 0.0313276689675097 off 0.02693055495681519	false	1.0
desinteressiert	neg 1.0		__DUMMY__ 0.9331291055252279 neg 0.033639808788136195 off 0.03323108568663602	false	1.0
armselig	off 1.0		__DUMMY__ 0.9320560735524794 off 0.03405230235963663 neg 0.0338916240878839	false	1.0
desaster	neg 1.0		__DUMMY__ 0.9338593076142254 neg 0.041073271448999506 off 0.025067420936775053	false	1.0
tod	neg 1.0		__DUMMY__ 0.9319300156911982 neg 0.04142535610484011 off 0.02664462820396178	false	1.0
herzlos	neg 1.0		__DUMMY__ 0.9341760448156617 off 0.034169516464396 neg 0.03165443871994223	false	0.5
unwissenheit	neg 1.0		__DUMMY__ 0.9337754186890187 neg 0.03859899773860037 off 0.027625583572380957	false	1.0
widersinnig	neg 1.0		__DUMMY__ 0.9306908982646719 neg 0.04057637563009296 off 0.028732726105235185	false	1.0
bedenklich	neg 1.0		__DUMMY__ 0.9356181592833447 neg 0.03791192951805172 off 0.026469911198603573	false	1.0
beanstanden	neg 1.0		__DUMMY__ 0.9363193608275782 neg 0.03815213770025877 off 0.02552850147216311	false	1.0
panisch	neg 1.0	neg 1.0	neg 0.4976988929479405 __DUMMY__ 0.4755788984731914 off 0.02672220857886808	false	1.0
debil	off 1.0		__DUMMY__ 0.9380166442199006 neg 0.0386950087803634 off 0.02328834699973603	false	0.5
abstrich	neg 1.0		__DUMMY__ 0.9422594034627024 neg 0.03001006653744511 off 0.02773052999985252	false	1.0
primitiv	neg 1.0		__DUMMY__ 0.9325943492480369 neg 0.03437751983590034 off 0.033028130916062805	false	1.0
abschaum	off 1.0	off 1.0	off 0.49943432882219935 __DUMMY__ 0.46765839155330496 neg 0.03290727962449574	false	1.0
provozieren	neg 1.0		__DUMMY__ 0.9334066863211464 neg 0.03739390485615223 off 0.029199408822701396	false	1.0
tot	neg 1.0		__DUMMY__ 0.9343854943631243 neg 0.03781217807716996 off 0.0278023275597057	false	1.0
instabil	neg 1.0		__DUMMY__ 0.9314522301502004 off 0.0347920673730617 neg 0.03375570247673792	false	0.5
schwuchtel	off 1.0		__DUMMY__ 0.925967760272393 off 0.04192061670986478 neg 0.03211162301774215	false	1.0
zerren	neg 1.0		__DUMMY__ 0.9369261758085314 neg 0.035384336727124925 off 0.027689487464343656	false	1.0
kinderficker	off 1.0		__DUMMY__ 0.9298889457782156 off 0.03558052472521335 neg 0.0345305294965711	false	1.0
gefahr	neg 1.0		__DUMMY__ 0.934485216439505 neg 0.038441450651478956 off 0.027073332909016097	false	1.0
rabiat	neg 1.0		__DUMMY__ 0.9352199137880703 neg 0.03590179280382063 off 0.028878293408109056	false	1.0
verlangsamung	neg 1.0		__DUMMY__ 0.9304568347236052 off 0.03757447415854784 neg 0.03196869111784702	false	0.5
ausgestorben	neg 1.0		__DUMMY__ 0.9363990233844529 neg 0.035865418843984836 off 0.027735557771562228	false	1.0
anklagen	neg 1.0		__DUMMY__ 0.9336281628059795 neg 0.03751467488818887 off 0.028857162305831723	false	1.0
trott	neg 1.0		__DUMMY__ 0.9368721473652694 neg 0.034522737135517526 off 0.028605115499213074	false	1.0
verminderung	neg 1.0		__DUMMY__ 0.9338792340377823 off 0.03355915838412495 neg 0.03256160757809281	false	0.5
nach			__DUMMY__ 0.9424809234388807 neg 0.03417354508336444 off 0.023345531477754807	false	0.0
rost	neg 1.0		__DUMMY__ 0.9306636578646942 off 0.037468883191712696 neg 0.031867458943593205	false	0.5
destruktiv	neg 1.0		__DUMMY__ 0.9327790600935421 neg 0.03870648932901323 off 0.028514450577444676	false	1.0
unzumutbarkeit	neg 1.0		__DUMMY__ 0.9362208702544288 off 0.03303125981150527 neg 0.030747869934065978	false	0.5
labil	off 1.0	off 1.0	off 0.5000243781100141 __DUMMY__ 0.4685046914062432 neg 0.031470930483742665	false	1.0
ziemlich	neg 1.0		__DUMMY__ 0.9348964877150179 neg 0.032837565976643744 off 0.032265946308338435	false	1.0
lachnummer	off 1.0		__DUMMY__ 0.9329795709314158 neg 0.038384967135255334 off 0.02863546193332891	false	0.5
oder			__DUMMY__ 0.9380774993064266 neg 0.03356493556372609 off 0.02835756512984739	false	0.0
verfall	neg 1.0		__DUMMY__ 0.9372605820283035 neg 0.03926137240637224 off 0.023478045565324283	false	1.0
ausgrenzung	neg 1.0		__DUMMY__ 0.9307753338249471 neg 0.0383863425603831 off 0.030838323614669722	false	1.0
unordnung	neg 1.0		__DUMMY__ 0.93088248932203 off 0.034939130209663674 neg 0.0341783804683063	false	0.5
fehlverhalten	neg 1.0		__DUMMY__ 0.9340269765240209 neg 0.039268192093947385 off 0.026704831382031745	false	1.0
eine			__DUMMY__ 0.9382515483375513 neg 0.03665536549357576 off 0.025093086168872864	false	0.0
nille	neg 1.0		__DUMMY__ 0.9326900980844548 neg 0.03804891715511546 off 0.029260984760429716	false	1.0
qual	neg 1.0		__DUMMY__ 0.9365451963152694 neg 0.034840488696768326 off 0.02861431498796222	false	1.0
verschwenden	neg 1.0		__DUMMY__ 0.936568529084117 neg 0.037019231920178135 off 0.026412238995704843	false	1.0
riesig	neg 1.0		__DUMMY__ 0.9380477532456022 neg 0.03399252654201826 off 0.027959720212379535	false	1.0
verurteilen	neg 1.0		__DUMMY__ 0.933038272581591 neg 0.039093086852705544 off 0.02786864056570349	false	1.0
klischee	neg 1.0	neg 1.0	neg 0.5033237831075016 __DUMMY__ 0.4682945291867988 off 0.028381687705699595	false	1.0
diktatorisch	neg 1.0		__DUMMY__ 0.9291401470147761 neg 0.040350540382592205 off 0.030509312602631764	false	1.0
vorhersehbar	neg 1.0		__DUMMY__ 0.9329655895050072 neg 0.03662973533734495 off 0.030404675157647776	false	1.0
sowie			__DUMMY__ 0.9295606094630797 off 0.03655563865036003 neg 0.03388375188656021	false	0.0
stornieren	neg 1.0		__DUMMY__ 0.9380008292772511 neg 0.03179796645693776 off 0.03020120426581104	false	1.0
besteuerung	neg 1.0		__DUMMY__ 0.9350413328545756 neg 0.03535267545609369 off 0.029605991689330757	false	1.0
ungeschminkt	neg 1.0		__DUMMY__ 0.9351587134184766 neg 0.03256533724460411 off 0.03227594933691931	false	1.0
kritisch	neg 1.0		__DUMMY__ 0.9342844722267233 neg 0.038861739544260185 off 0.026853788229016504	false	1.0
schlamperei	off 1.0		__DUMMY__ 0.934288502307835 neg 0.03844791214577396 off 0.02726358554639099	false	0.5
sucht	neg 1.0	neg 1.0	neg 0.4968367081553047 __DUMMY__ 0.4759938954958634 off 0.02716939634883191	false	1.0
egoistisch	off 1.0		__DUMMY__ 0.9322166132481081 off 0.035837485264693096 neg 0.03194590148719885	false	1.0
ausbeuter	off 1.0		__DUMMY__ 0.9335893588157709 neg 0.039908854556528636 off 0.026501786627700488	false	0.5
arschgeburt	off 1.0		__DUMMY__ 0.9260797423193772 off 0.0419177554743191 neg 0.03200250220630379	false	1.0
schubs	neg 1.0	neg 1.0	neg 0.500351666198604 __DUMMY__ 0.4756973731791145 off 0.023950960622281577	false	1.0
unsolide	neg 1.0		__DUMMY__ 0.9274134353966919 neg 0.03976121751138608 off 0.03282534709192201	false	1.0
beschwerde	neg 1.0		__DUMMY__ 0.9347081656442545 neg 0.03757928755640625 off 0.02771254679933922	false	1.0
stocken	neg 1.0		__DUMMY__ 0.9368160590162878 neg 0.03603125926762524 off 0.027152681716086847	false	1.0
isolieren	neg 1.0		__DUMMY__ 0.9390926167382081 neg 0.03255393934711052 off 0.02835344391468135	false	1.0
unheilbar	neg 1.0		__DUMMY__ 0.9345368586679152 neg 0.03603294779983507 off 0.029430193532249703	false	1.0
pisser	off 1.0		__DUMMY__ 0.9315568707969036 off 0.03464796613268619 neg 0.033795163070410125	false	1.0
löschen	neg 1.0		__DUMMY__ 0.9349121495621787 neg 0.03544847885820657 off 0.029639371579614705	false	1.0
durchfallen	neg 1.0		__DUMMY__ 0.935915268702802 neg 0.03728848945769064 off 0.026796241839507465	false	1.0
wichser	off 1.0		__DUMMY__ 0.93010127609798 off 0.03892895361574708 neg 0.03096977028627291	false	1.0
terror	neg 1.0		__DUMMY__ 0.937159876814044 neg 0.03187269892774125 off 0.030967424258214714	false	1.0
krass	neg 1.0		__DUMMY__ 0.9341321139109523 off 0.03408794209830627 neg 0.03177994399074141	false	0.5
revolte	neg 1.0	neg 1.0	neg 0.5069232109616187 __DUMMY__ 0.46414037250547324 off 0.028936416532908113	false	1.0
besorgt	neg 1.0		__DUMMY__ 0.9394662389277807 neg 0.033092020466612276 off 0.027441740605606963	false	1.0
nachlassen	neg 1.0		__DUMMY__ 0.9392105661203076 neg 0.03352124991756024 off 0.027268183962132136	false	1.0
alt	neg 1.0		__DUMMY__ 0.9405917826733917 neg 0.03411283306733683 off 0.025295384259271525	false	1.0
hundesohn	off 1.0		__DUMMY__ 0.9277865200646745 off 0.0388269726140655 neg 0.03338650732125996	false	1.0
als			__DUMMY__ 0.9375391846357819 neg 0.035313201641528645 off 0.02714761372268944	false	0.0
abschreckung	neg 1.0		__DUMMY__ 0.9350428835135645 neg 0.03916281574852653 off 0.025794300737909004	false	1.0
unqualifiziert	neg 1.0		__DUMMY__ 0.933313534775521 neg 0.03606434666948392 off 0.030622118554995113	false	1.0
abgewichst	off 1.0		__DUMMY__ 0.9348425081443602 neg 0.036841524424466233 off 0.028315967431173573	false	0.5
schwer	neg 1.0		__DUMMY__ 0.9367016010725313 neg 0.03492251182480589 off 0.02837588710266273	false	1.0
bedeutungslosigkeit	neg 1.0		__DUMMY__ 0.9342306966472711 neg 0.039519037758371685 off 0.026250265594357235	false	1.0
kapitulation	neg 1.0		__DUMMY__ 0.9305988034540121 neg 0.041517636789548854 off 0.027883559756439056	false	1.0
unscharf	neg 1.0		__DUMMY__ 0.9367328720018523 neg 0.0331499266691605 off 0.03011720132898718	false	1.0
schwinden	neg 1.0		__DUMMY__ 0.9370583175871993 neg 0.03672569487816065 off 0.02621598753464006	false	1.0
versklavung	neg 1.0	neg 1.0	neg 0.5056965368274864 __DUMMY__ 0.46681141004085847 off 0.027492053131655113	false	1.0
schlecht	neg 1.0		__DUMMY__ 0.9352449048539581 off 0.032534788174838986 neg 0.032220306971202914	false	0.5
verhasst	neg 1.0		__DUMMY__ 0.9329443159410141 neg 0.0377884386678667 off 0.029267245391119145	false	1.0
beschweren	neg 1.0		__DUMMY__ 0.9360560727074475 neg 0.03417943106624361 off 0.029764496226308786	false	1.0
scheiden	neg 1.0		__DUMMY__ 0.9359251439166337 neg 0.03615288109690458 off 0.02792197498646176	false	1.0
frustriert	neg 1.0		__DUMMY__ 0.9362077016452212 neg 0.035923611310101584 off 0.027868687044677303	false	1.0
schimmelig	neg 1.0		__DUMMY__ 0.9380860125480682 neg 0.035885122074369 off 0.026028865377562722	false	1.0
fisch	neg 1.0		__DUMMY__ 0.9377458975893636 neg 0.03596921586821946 off 0.02628488654241697	false	1.0
schmuggel	neg 1.0		__DUMMY__ 0.9387164221579186 neg 0.03563642870774479 off 0.025647149134336678	false	1.0
auffallen	neg 1.0		__DUMMY__ 0.9356133258261011 neg 0.03432298213880706 off 0.030063692035091807	false	1.0
konkurrenz	neg 1.0		__DUMMY__ 0.9379979696081837 neg 0.036598283257247725 off 0.02540374713456861	false	1.0
teufelskreis	neg 1.0		__DUMMY__ 0.9349574022552419 neg 0.036883712990938164 off 0.028158884753819946	false	1.0
aufschreien	neg 1.0		__DUMMY__ 0.9333705866602826 neg 0.03641284560716836 off 0.030216567732549042	false	1.0
schuldner	neg 1.0		__DUMMY__ 0.9344744123858014 neg 0.03871847939747366 off 0.026807108216724905	false	1.0
missgeburt	off 1.0	off 1.0	off 0.503220423428253 __DUMMY__ 0.4663742640908013 neg 0.030405312480945718	false	1.0
arbeitslos	neg 1.0		__DUMMY__ 0.934510729291621 neg 0.037887657466112945 off 0.027601613242266045	false	1.0
befallen	neg 1.0		__DUMMY__ 0.9307388172919188 neg 0.0414558090212923 off 0.02780537368678899	false	1.0
miesepetrig	off 1.0		__DUMMY__ 0.9366255434849766 off 0.03189401254058835 neg 0.03148044397443497	false	1.0
alarmieren	neg 1.0		__DUMMY__ 0.9324695476994658 neg 0.035097304281896835 off 0.03243314801863736	false	1.0
ungeduscht	off 1.0		__DUMMY__ 0.9368859613572803 neg 0.033017663237996465 off 0.030096375404723187	false	0.5
knappheit	neg 1.0		__DUMMY__ 0.9363678155148283 neg 0.03594909043868089 off 0.02768309404649076	false	1.0
schlange	neg 1.0		__DUMMY__ 0.937728706153429 neg 0.032920776348028986 off 0.029350517498542113	false	1.0
harsch	neg 1.0		__DUMMY__ 0.9347421274700546 off 0.03633443390746935 neg 0.028923438622475997	false	0.5
lang	neg 1.0		__DUMMY__ 0.9359040000002566 neg 0.034479854154842 off 0.029616145844901437	false	1.0
ziellos	neg 1.0		__DUMMY__ 0.936798066658218 neg 0.03625150673507994 off 0.026950426606702046	false	1.0
selbstverliebt	neg 1.0		__DUMMY__ 0.9268133357619907 off 0.03998506566628284 neg 0.033201598571726484	false	0.5
beseitigen	neg 1.0		__DUMMY__ 0.9383412823033096 neg 0.03235076311243099 off 0.029307954584259336	false	1.0
dumm	off 1.0		__DUMMY__ 0.9311021917640541 off 0.036340462054473575 neg 0.03255734618147233	false	1.0
arbeitsloser	neg 1.0		__DUMMY__ 0.9349568139238299 neg 0.037969510797253 off 0.02707367527891713	false	1.0
blitzen	neg 1.0		__DUMMY__ 0.9344569218155679 neg 0.03420193732132735 off 0.03134114086310473	false	1.0
hilflos	neg 1.0		__DUMMY__ 0.9363178959431546 neg 0.03616726225225591 off 0.027514841804589425	false	1.0
eklig	off 1.0		__DUMMY__ 0.930913272610735 off 0.03687105617740256 neg 0.03221567121186245	false	1.0
begriff			__DUMMY__ 0.935364055530739 neg 0.03670377497790367 off 0.027932169491357288	false	0.0
hungersnot	neg 1.0		__DUMMY__ 0.9298066489149754 neg 0.040930239266218235 off 0.029263111818806344	false	1.0
ungesetzlich	neg 1.0		__DUMMY__ 0.9300257904676247 neg 0.03851775017821275 off 0.031456459354162504	false	1.0
verschwendung	neg 1.0		__DUMMY__ 0.9364361996941828 neg 0.03765069421434213 off 0.02591310609147502	false	1.0
schmerzvoll	neg 1.0		__DUMMY__ 0.9361721957492259 neg 0.03413243767465055 off 0.029695366576123552	false	1.0
vorzeitig	neg 1.0		__DUMMY__ 0.9348391857467632 neg 0.032805306410408075 off 0.03235550784282874	false	1.0
unvollkommenheit	neg 1.0		__DUMMY__ 0.9358735870663851 neg 0.0352539410652322 off 0.028872471868382616	false	1.0
intervenieren	neg 1.0		__DUMMY__ 0.933007434632581 neg 0.04019998672894354 off 0.026792578638475516	false	1.0
banause	off 1.0		__DUMMY__ 0.9300665306501495 off 0.037838081498224325 neg 0.03209538785162616	false	1.0
rebell	neg 1.0		__DUMMY__ 0.9390586562952176 neg 0.03609397673562413 off 0.02484736696915832	false	1.0
unlogisch	neg 1.0		__DUMMY__ 0.9323261045811991 off 0.03405207911623192 neg 0.03362181630256897	false	0.5
leiden	neg 1.0	neg 1.0	neg 0.49793251414015316 __DUMMY__ 0.4796884464154648 off 0.02237903944438201	false	1.0
abschaffung	neg 1.0		__DUMMY__ 0.933197671071964 neg 0.03704999402958638 off 0.02975233489844962	false	1.0
sturz	neg 1.0		__DUMMY__ 0.9324830668872159 neg 0.03741851024822474 off 0.030098422864559323	false	1.0
verkleinerung	neg 1.0		__DUMMY__ 0.9314174962890326 neg 0.03673027371712294 off 0.03185222999384448	false	1.0
schmarotzer	off 1.0		__DUMMY__ 0.9333598600094293 neg 0.03926758192035961 off 0.027372558070211123	false	0.5
bestrafung	neg 1.0		__DUMMY__ 0.9339220441589499 neg 0.0363281922514312 off 0.029749763589618897	false	1.0
achtlos	neg 1.0		__DUMMY__ 0.9371650982909449 neg 0.034565190480456635 off 0.02826971122859843	false	1.0
