unsolidarisch	neg 1.0		__DUMMY__ 0.8863327768820007 neg 0.06513464805573804 off 0.0485325750622612	false	1.0
nachteilig	neg 1.0		__DUMMY__ 0.8955210011409412 neg 0.05915666969922003 off 0.045322329159838796	false	1.0
skeptisch	neg 1.0		__DUMMY__ 0.8965321764613499 neg 0.060486629785004825 off 0.042981193753645335	false	1.0
schrecklich	neg 1.0		__DUMMY__ 0.8918440643842664 off 0.0540797754995828 neg 0.05407616011615078	false	0.5
schlapp	neg 1.0		__DUMMY__ 0.8969640834116812 neg 0.05287945860191813 off 0.05015645798640068	false	1.0
abfall	neg 1.0		__DUMMY__ 0.8976935232709347 neg 0.060684589989701186 off 0.04162188673936425	false	1.0
widerspenstig	neg 1.0		__DUMMY__ 0.8979472352200673 neg 0.05553584249620971 off 0.046516922283723006	false	1.0
abrupt	neg 1.0		__DUMMY__ 0.900252666121537 neg 0.054272510346786484 off 0.04547482353167655	false	1.0
unwirksam	neg 1.0		__DUMMY__ 0.8900711947782971 neg 0.061758317761966545 off 0.048170487459736414	false	1.0
angreifen	neg 1.0		__DUMMY__ 0.8941850666544037 neg 0.06149275047701535 off 0.04432218286858095	false	1.0
inkonsistent	neg 1.0		__DUMMY__ 0.8942362843909952 neg 0.05679091349617664 off 0.04897280211282803	false	1.0
abrutschen	neg 1.0		__DUMMY__ 0.8982052135697772 neg 0.060126907248330246 off 0.04166787918189258	false	1.0
unsicher	neg 1.0		__DUMMY__ 0.8962198264972621 neg 0.05671694630081915 off 0.04706322720191884	false	1.0
bauernkind	off 1.0		__DUMMY__ 0.8876824111441358 off 0.05686025491319917 neg 0.05545733394266507	false	1.0
angreifer	neg 1.0		__DUMMY__ 0.8913952829976882 neg 0.05846336262113759 off 0.05014135438117424	false	1.0
trennen	neg 1.0		__DUMMY__ 0.9000168310989495 neg 0.05679574651011212 off 0.043187422390938326	false	1.0
schmutz	neg 1.0		__DUMMY__ 0.9006949561791802 off 0.05096690766836796 neg 0.04833813615245187	false	0.5
inkonsistenz	neg 1.0	neg 1.0	neg 0.5146925082942316 __DUMMY__ 0.44740073250331897 off 0.0379067592024494	false	1.0
erschreckend	neg 1.0		__DUMMY__ 0.8939813932490468 neg 0.059712482412027215 off 0.046306124338926086	false	1.0
ertrinken	neg 1.0		__DUMMY__ 0.897452129971616 neg 0.05820655829481569 off 0.044341311733568166	false	1.0
pickelface	off 1.0		__DUMMY__ 0.8924671025870368 neg 0.059388140201128675 off 0.048144757211834435	false	0.5
seiner			__DUMMY__ 0.8956656855383637 neg 0.0603765159800115 off 0.043957798481624906	false	0.0
lauch	neg 1.0		__DUMMY__ 0.8976742385953093 neg 0.05979945867549736 off 0.042526302729193444	false	1.0
unwichtig	neg 1.0		__DUMMY__ 0.8934392703241114 neg 0.05574568985712467 off 0.050815039818763945	false	1.0
steuerhinterziehung	neg 1.0		__DUMMY__ 0.8902956384838229 neg 0.062496423801375905 off 0.047207937714801196	false	1.0
schock	neg 1.0		__DUMMY__ 0.8992699849434355 neg 0.05527353275017059 off 0.04545648230639401	false	1.0
beule	neg 1.0		__DUMMY__ 0.8963886292840232 neg 0.05244553522374958 off 0.051165835492227224	false	1.0
vergelten	neg 1.0		__DUMMY__ 0.8893191770928646 off 0.05567235850605352 neg 0.05500846440108187	false	0.5
verdorbenheit	neg 1.0		__DUMMY__ 0.8979355371857721 neg 0.05430711394688111 off 0.04775734886734684	false	1.0
trauma	neg 1.0		__DUMMY__ 0.8941063726992207 neg 0.057220725233227784 off 0.04867290206755158	false	1.0
sinnlos	neg 1.0		__DUMMY__ 0.8942710695344874 neg 0.05683468015785208 off 0.048894250307660515	false	1.0
fettsack	off 1.0	off 1.0	off 0.5124061284194122 __DUMMY__ 0.44639282631292176 neg 0.04120104526766596	false	1.0
feige	off 1.0		__DUMMY__ 0.8905329715275642 neg 0.05882986928267055 off 0.05063715918976531	false	0.5
abdanken	neg 1.0		__DUMMY__ 0.8870624531065627 neg 0.06533743873745926 off 0.047600108155977955	false	1.0
wichtigtuer	off 1.0	off 1.0	off 0.5070538719003767 __DUMMY__ 0.44725883650033177 neg 0.045687291599291496	false	1.0
misslingen	neg 1.0		__DUMMY__ 0.8974179526643783 neg 0.0541347534751457 off 0.048447293860476	false	1.0
untreu	off 1.0		__DUMMY__ 0.8929894912673314 neg 0.05565142234024728 off 0.05135908639242133	false	0.5
missmutig	neg 1.0		__DUMMY__ 0.8955537416206314 neg 0.05451015169641345 off 0.04993610668295523	false	1.0
hurenbock	off 1.0		__DUMMY__ 0.899365865510085 neg 0.052893540490803234 off 0.04774059399911182	false	0.5
betrunken	neg 1.0		__DUMMY__ 0.8946962800178664 neg 0.0531308669573727 off 0.052172853024760976	false	1.0
korrupt	off 1.0		__DUMMY__ 0.8890048198676461 neg 0.06476382451656837 off 0.04623135561578542	false	0.5
unmut	neg 1.0		__DUMMY__ 0.8957791141328497 neg 0.06177956982069464 off 0.04244131604645569	false	1.0
hackfresse	off 1.0		__DUMMY__ 0.8902892438165758 off 0.05681857770530846 neg 0.052892178478115705	false	1.0
aufblasen	neg 1.0		__DUMMY__ 0.8973261715499377 neg 0.05477189192937438 off 0.047901936520687936	false	1.0
gewaltsam	neg 1.0		__DUMMY__ 0.8909293315569145 neg 0.06058893526421163 off 0.04848173317887399	false	1.0
unbeliebtheit	neg 1.0		__DUMMY__ 0.8847636264398742 neg 0.06190183049819368 off 0.05333454306193223	false	1.0
sturheit	neg 1.0		__DUMMY__ 0.8916360175323333 neg 0.06168606888071965 off 0.04667791358694704	false	1.0
kuh	neg 1.0		__DUMMY__ 0.8944069753540183 neg 0.05740839148565907 off 0.04818463316032266	false	1.0
erschrecken	neg 1.0		__DUMMY__ 0.8949102903296775 neg 0.05529976715407193 off 0.04978994251625054	false	1.0
opfer	neg 1.0	neg 1.0	neg 0.5163725775154564 __DUMMY__ 0.44986546500802094 off 0.03376195747652269	false	1.0
sinken	neg 1.0		__DUMMY__ 0.8965422423402163 neg 0.06066805081270385 off 0.04278970684707987	false	1.0
stinktier	neg 1.0		__DUMMY__ 0.8906217633307683 neg 0.05497028682713074 off 0.054407949842100935	false	1.0
tucke	off 1.0		__DUMMY__ 0.8923864350733935 off 0.05691540268644157 neg 0.05069816224016491	false	1.0
ein			__DUMMY__ 0.8997255323134131 neg 0.053192556826147507 off 0.04708191086043944	false	0.0
abstieg	neg 1.0		__DUMMY__ 0.8923448773459454 neg 0.061459375289542595 off 0.046195747364512145	false	1.0
missverstehen	neg 1.0		__DUMMY__ 0.8915028027542214 neg 0.05951622226310589 off 0.048980974982672634	false	1.0
ergebnislos	neg 1.0		__DUMMY__ 0.8937343331420151 neg 0.06051303092525679 off 0.045752635932728075	false	1.0
unter			__DUMMY__ 0.9043595317973626 neg 0.05727227219483164 off 0.03836819600780577	false	0.0
manipulieren	neg 1.0		__DUMMY__ 0.8951884806137382 neg 0.06066355315347097 off 0.044147966232790783	false	1.0
unbewiesen	neg 1.0		__DUMMY__ 0.8869489386261832 neg 0.06464425801433372 off 0.04840680335948315	false	1.0
verschleppen	neg 1.0		__DUMMY__ 0.8929932052733641 neg 0.061392100802463295 off 0.0456146939241726	false	1.0
weib	off 1.0		__DUMMY__ 0.889458946346934 off 0.057875735171058644 neg 0.0526653184820073	false	1.0
opposition	neg 1.0		__DUMMY__ 0.8892762372095745 neg 0.06178046161226537 off 0.048943301178160085	false	1.0
verkehrswidrig	neg 1.0		__DUMMY__ 0.8943373071554677 off 0.05498685290284195 neg 0.05067583994169042	false	0.5
inkorrekt	neg 1.0		__DUMMY__ 0.8873960721089423 neg 0.06047483502668295 off 0.052129092864374664	false	1.0
vermeiden	neg 1.0		__DUMMY__ 0.9020452085785668 neg 0.0575507712651248 off 0.040404020156308285	false	1.0
abweichung	neg 1.0		__DUMMY__ 0.8912839456050375 neg 0.06275294444259463 off 0.04596310995236771	false	1.0
alkoholisiert	neg 1.0		__DUMMY__ 0.8990185204544598 neg 0.056072957107429364 off 0.04490852243811067	false	1.0
scheiss	off 1.0	off 1.0	off 0.5092492716281634 __DUMMY__ 0.44995012803232376 neg 0.040800600339512993	false	1.0
herausforderung	neg 1.0		__DUMMY__ 0.9021157596886469 neg 0.05288256341573046 off 0.04500167689562267	false	1.0
pervers	off 1.0		__DUMMY__ 0.8884718715450667 off 0.06012888431689033 neg 0.05139924413804288	false	1.0
wackelig	neg 1.0		__DUMMY__ 0.9014231079695111 neg 0.05387268563978674 off 0.04470420639070224	false	1.0
verwickeln	neg 1.0		__DUMMY__ 0.8928679695111926 neg 0.05840366867545382 off 0.04872836181335348	false	1.0
vorwand	neg 1.0		__DUMMY__ 0.8942947617359495 neg 0.06260507426308777 off 0.043100164000962726	false	1.0
muschi	off 1.0		__DUMMY__ 0.8918487569763417 neg 0.060332591930554284 off 0.047818651093104084	false	0.5
entmutigung	neg 1.0		__DUMMY__ 0.8837985529995751 neg 0.06590207173147689 off 0.050299375268948066	false	1.0
unangemessen	neg 1.0		__DUMMY__ 0.8914767650683505 neg 0.06279077566773952 off 0.04573245926390992	false	1.0
unstetig	neg 1.0		__DUMMY__ 0.8933430560928823 neg 0.056451726196302086 off 0.050205217710815465	false	1.0
entmutigen	neg 1.0		__DUMMY__ 0.8955835975862135 neg 0.05644570629701551 off 0.04797069611677092	false	1.0
schwanz	neg 1.0		__DUMMY__ 0.8952287923305007 neg 0.059072265424236076 off 0.04569894224526327	false	1.0
verbot	neg 1.0		__DUMMY__ 0.8903934261173168 neg 0.06298898309358804 off 0.04661759078909522	false	1.0
leid	neg 1.0		__DUMMY__ 0.8914339815189103 off 0.05530911681878535 neg 0.05325690166230433	false	0.5
archaisch	neg 1.0		__DUMMY__ 0.8921414703424669 neg 0.061847011836129534 off 0.04601151782140348	false	1.0
gegen			__DUMMY__ 0.8931224322849501 neg 0.06324373976953919 off 0.043633827945510704	false	0.0
scheidung	neg 1.0	neg 1.0	neg 0.5026469408485896 __DUMMY__ 0.4468659101914786 off 0.050487148959931706	false	1.0
einschlag	neg 1.0		__DUMMY__ 0.890027029911571 neg 0.054999760065736904 off 0.054973210022692	false	1.0
m			__DUMMY__ 0.8972739439818856 neg 0.05669511653362214 off 0.0460309394844922	false	0.0
abgestanden	neg 1.0		__DUMMY__ 0.8991260518141999 neg 0.05440236712350128 off 0.04647158106229872	false	1.0
schmierig	off 1.0		__DUMMY__ 0.8927682999549188 off 0.05434740590083335 neg 0.05288429414424784	false	1.0
unpraktisch	neg 1.0		__DUMMY__ 0.898311979243253 neg 0.05398894007188679 off 0.04769908068486011	false	1.0
wixxer	off 1.0		__DUMMY__ 0.8868110042389672 off 0.06035634919820471 neg 0.05283264656282809	false	1.0
bezeichnet			__DUMMY__ 0.8919538316327851 neg 0.06114973428785375 off 0.04689643407936119	false	0.0
jammerlappen	off 1.0		__DUMMY__ 0.893074560816961 neg 0.0561894822070265 off 0.05073595697601239	false	0.5
farce	neg 1.0		__DUMMY__ 0.8867587519401992 neg 0.06614524824304134 off 0.047095999816759423	false	1.0
zwecklos	neg 1.0		__DUMMY__ 0.8927303943870093 neg 0.06189464196304778 off 0.04537496364994295	false	1.0
turbulent	neg 1.0		__DUMMY__ 0.8912714994767724 neg 0.054937144885680356 off 0.05379135563754724	false	1.0
invasion	neg 1.0		__DUMMY__ 0.8959382574645913 neg 0.054365213374348534 off 0.04969652916106013	false	1.0
schuld	neg 1.0		__DUMMY__ 0.8935785560740634 neg 0.05846858016431167 off 0.04795286376162484	false	1.0
risiko	neg 1.0		__DUMMY__ 0.8987409591685668 neg 0.05149459420047157 off 0.04976444663096161	false	1.0
finster	neg 1.0		__DUMMY__ 0.8990751804084726 neg 0.054140055292850764 off 0.04678476429867663	false	1.0
geisteskrank	off 1.0		__DUMMY__ 0.88879642260327 neg 0.05883337534092345 off 0.05237020205580658	false	0.5
zusammenbrechen	neg 1.0		__DUMMY__ 0.8969906592085246 neg 0.05701219776857519 off 0.045997143022900214	false	1.0
ausbeute	neg 1.0		__DUMMY__ 0.899305220460923 neg 0.05617677675504808 off 0.044518002784028884	false	1.0
hinterhalt	neg 1.0		__DUMMY__ 0.8937344164514315 neg 0.05828724359179611 off 0.047978339956772496	false	1.0
kritik	neg 1.0		__DUMMY__ 0.8883351313318106 neg 0.06463149839231784 off 0.047033370275871594	false	1.0
einschrumpfen	neg 1.0		__DUMMY__ 0.888931738897354 neg 0.060335884924867675 off 0.05073237617777827	false	1.0
riskant	neg 1.0		__DUMMY__ 0.8959401673760533 neg 0.05978237368254284 off 0.04427745894140389	false	1.0
frustrieren	neg 1.0		__DUMMY__ 0.8949826338031841 neg 0.06074626926350091 off 0.04427109693331498	false	1.0
groll	neg 1.0		__DUMMY__ 0.8931301010316011 neg 0.06134142920253907 off 0.04552846976585993	false	1.0
gibt			__DUMMY__ 0.8952884563994751 neg 0.058901874733522486 off 0.045809668867002495	false	0.0
qualvoll	neg 1.0		__DUMMY__ 0.8955089095166113 neg 0.055725726795077125 off 0.04876536368831157	false	1.0
wackeln	neg 1.0		__DUMMY__ 0.8988128262559492 neg 0.05379703413601737 off 0.0473901396080334	false	1.0
klagen	neg 1.0		__DUMMY__ 0.8940893505464873 neg 0.06281973424873183 off 0.04309091520478083	false	1.0
bankrott	neg 1.0		__DUMMY__ 0.8951461184428511 neg 0.05407042544527576 off 0.05078345611187309	false	1.0
trauern	neg 1.0		__DUMMY__ 0.8949853091460115 neg 0.06064178010564755 off 0.04437291074834106	false	1.0
ablehnung	neg 1.0	neg 1.0	neg 0.5185304333700438 __DUMMY__ 0.4459371208661903 off 0.03553244576376594	false	1.0
stur	neg 1.0		__DUMMY__ 0.8939624566385954 neg 0.05780796480344014 off 0.04822957855796456	false	1.0
aufruhr	neg 1.0		__DUMMY__ 0.8896329101190316 neg 0.06221238919975119 off 0.04815470068121718	false	1.0
melancholie	neg 1.0		__DUMMY__ 0.8994692994355297 neg 0.05574334467993867 off 0.04478735588453165	false	1.0
ist			__DUMMY__ 0.8937263972503742 neg 0.05795090837943089 off 0.048322694370194874	false	0.0
torheit	neg 1.0		__DUMMY__ 0.8869979274309266 neg 0.06419697187784884 off 0.04880510069122455	false	1.0
dreckskind	off 1.0		__DUMMY__ 0.8864766432381147 neg 0.05726404543072381 off 0.05625931133116154	false	0.5
umtauschen	neg 1.0		__DUMMY__ 0.8982355417244043 neg 0.0554500294078006 off 0.04631442886779511	false	1.0
zum			__DUMMY__ 0.9043663745710134 neg 0.05503976713180614 off 0.04059385829718037	false	0.0
zersetzen	neg 1.0		__DUMMY__ 0.894568532170393 neg 0.06177859302779873 off 0.043652874801808204	false	1.0
zur			__DUMMY__ 0.8973768662188711 neg 0.06163312757495438 off 0.04099000620617458	false	0.0
frust	neg 1.0		__DUMMY__ 0.8957375071638698 neg 0.05839916572275398 off 0.04586332711337629	false	1.0
unerbittlichkeit	neg 1.0		__DUMMY__ 0.8937864751174404 neg 0.06179963491263765 off 0.04441388996992199	false	1.0
zwei			__DUMMY__ 0.9016412303048239 neg 0.056325198447609706 off 0.042033571247566355	false	0.0
unkorrekt	neg 1.0		__DUMMY__ 0.888028674437 neg 0.05946147472144085 off 0.052509850841559236	false	1.0
hexe	off 1.0		__DUMMY__ 0.8943265283171832 neg 0.05480097661159326 off 0.05087249507122356	false	0.5
lasch	neg 1.0		__DUMMY__ 0.8908446104969849 neg 0.05920862316586514 off 0.04994676633714988	false	1.0
rivale	neg 1.0		__DUMMY__ 0.8909798757470493 neg 0.054532563627084994 off 0.054487560625865725	false	1.0
mutlos	off 1.0	off 1.0	off 0.5042726094761062 __DUMMY__ 0.44802160581913464 neg 0.047705784704759176	false	1.0
wirr	off 1.0		__DUMMY__ 0.8888844130977992 neg 0.0574762864340328 off 0.05363930046816796	false	0.5
jahr			__DUMMY__ 0.900917669005231 neg 0.05523491790901405 off 0.043847413085754905	false	0.0
wird			__DUMMY__ 0.8956222573168767 neg 0.05972473083753154 off 0.044653011845591666	false	0.0
strafbar	neg 1.0		__DUMMY__ 0.8914149251132921 neg 0.06380158232290742 off 0.04478349256380048	false	1.0
erosion	neg 1.0		__DUMMY__ 0.8966193343778437 neg 0.05507003625793737 off 0.048310629364218864	false	1.0
eingehen	neg 1.0		__DUMMY__ 0.8934711309797836 neg 0.06140307965210096 off 0.045125789368115364	false	1.0
faul	off 1.0		__DUMMY__ 0.8976259440515745 neg 0.05230758105679101 off 0.05006647489163451	false	0.5
provisorium	neg 1.0		__DUMMY__ 0.9023707965888448 neg 0.05969962049499961 off 0.037929582916155655	false	1.0
schmerzen	neg 1.0		__DUMMY__ 0.8973610394522105 neg 0.0569336927786184 off 0.045705267769171075	false	1.0
schrumpfen	neg 1.0		__DUMMY__ 0.898521543001125 neg 0.060825893337931244 off 0.040652563660943816	false	1.0
geistlos	off 1.0		__DUMMY__ 0.886642542505139 neg 0.0632541164296752 off 0.050103341065185866	false	0.5
fehlkauf	neg 1.0		__DUMMY__ 0.8919055612445268 neg 0.058418078146221165 off 0.04967636060925195	false	1.0
frustrierend	neg 1.0		__DUMMY__ 0.8949772740630935 neg 0.055172453917629795 off 0.04985027201927676	false	1.0
unzufrieden	neg 1.0		__DUMMY__ 0.8945669427611816 neg 0.06005963936997853 off 0.045373417868839715	false	1.0
verzweifeln	neg 1.0		__DUMMY__ 0.8959512366193363 neg 0.057420701641366104 off 0.046628061739297504	false	1.0
verzweifelt	neg 1.0		__DUMMY__ 0.8940225454167167 neg 0.05787738073429436 off 0.048100073848988886	false	1.0
misstrauensantrag	neg 1.0		__DUMMY__ 0.8916442204739945 neg 0.05879622364058164 off 0.04955955588542379	false	1.0
abfallen	neg 1.0		__DUMMY__ 0.8998892892666076 neg 0.052827538548153606 off 0.047283172185238774	false	1.0
fucker	off 1.0		__DUMMY__ 0.8901845451566841 neg 0.05609344561701181 off 0.05372200922630407	false	0.5
ungezogen	neg 1.0		__DUMMY__ 0.8905875787829975 off 0.05797404132625182 neg 0.051438379890750625	false	0.5
irrsinnig	neg 1.0	neg 1.0	neg 0.5151828692176287 __DUMMY__ 0.4485590938726488 off 0.036258036909722575	false	1.0
unfassbar	neg 1.0		__DUMMY__ 0.893032401561879 neg 0.05587633665286753 off 0.051091261785253445	false	1.0
hart	neg 1.0		__DUMMY__ 0.8925712568077189 neg 0.05632725596880091 off 0.051101487223480326	false	1.0
widerlich	off 1.0		__DUMMY__ 0.8909775354222822 neg 0.05712020998430605 off 0.05190225459341172	false	0.5
fatal	neg 1.0		__DUMMY__ 0.8927563412591107 neg 0.05761352188530807 off 0.049630136855581305	false	1.0
bruch	neg 1.0		__DUMMY__ 0.8924963556237652 neg 0.06470630702422196 off 0.0427973373520129	false	1.0
aushungern	neg 1.0		__DUMMY__ 0.8893095567082475 neg 0.06251966379139783 off 0.04817077950035456	false	1.0
anspannung	neg 1.0		__DUMMY__ 0.9000825347506138 neg 0.05829967513797513 off 0.04161779011141111	false	1.0
von			__DUMMY__ 0.9001993208390634 neg 0.056695713548336836 off 0.04310496561259976	false	0.0
kraftlos	neg 1.0		__DUMMY__ 0.9001591928278964 neg 0.05518996075413904 off 0.04465084641796465	false	1.0
vom			__DUMMY__ 0.9033099375034274 neg 0.05796605301753992 off 0.03872400947903284	false	0.0
grenzdebil	off 1.0		__DUMMY__ 0.8939650932644059 neg 0.05413312581320577 off 0.05190178092238841	false	0.5
vor			__DUMMY__ 0.8984738623342449 neg 0.059000876975481155 off 0.042525260690273924	false	0.0
unterwerfen	neg 1.0		__DUMMY__ 0.8932376902492233 neg 0.061936904032753363 off 0.04482540571802337	false	1.0
versenkung	neg 1.0		__DUMMY__ 0.8950706138383716 neg 0.06049382677309759 off 0.04443555938853082	false	1.0
entziehen	neg 1.0		__DUMMY__ 0.894868019475716 neg 0.062462773994043416 off 0.042669206530240436	false	1.0
finanzkrise	neg 1.0		__DUMMY__ 0.8896222611069154 neg 0.06283313771641083 off 0.047544601176673765	false	1.0
schimpfend	neg 1.0		__DUMMY__ 0.9009105085227229 neg 0.051379621281960525 off 0.04770987019531656	false	1.0
profan	neg 1.0		__DUMMY__ 0.8943635258030942 neg 0.05687564871183519 off 0.04876082548507064	false	1.0
korruption	neg 1.0		__DUMMY__ 0.889898044956044 neg 0.06388325295248554 off 0.04621870209147059	false	1.0
â			__DUMMY__ 0.8968027954856008 neg 0.05789106673313882 off 0.04530613778126031	false	0.0
schmutzig	neg 1.0		__DUMMY__ 0.8962437243546261 neg 0.05244000241202791 off 0.051316273233345984	false	1.0
sexy	neg 1.0		__DUMMY__ 0.8938968746570078 neg 0.05552291629616501 off 0.05058020904682708	false	1.0
abraten	neg 1.0		__DUMMY__ 0.8961615301733898 neg 0.05589843311905256 off 0.047940036707557594	false	1.0
schwarz	neg 1.0		__DUMMY__ 0.8935474668065931 neg 0.05757740182234541 off 0.04887513137106138	false	1.0
fotze	off 1.0		__DUMMY__ 0.8926972926966643 neg 0.06102506917091523 off 0.04627763813242056	false	0.5
verwirren	neg 1.0		__DUMMY__ 0.8940383367809269 neg 0.056470641215246656 off 0.04949102200382638	false	1.0
zahnlos	off 1.0		__DUMMY__ 0.892436037480161 neg 0.061859348844695024 off 0.045704613675143974	false	0.5
verheeren	neg 1.0		__DUMMY__ 0.88710602332759 off 0.06011579909766982 neg 0.05277817757474006	false	0.5
hippie	neg 1.0		__DUMMY__ 0.8933441890882141 neg 0.056176665680654554 off 0.0504791452311313	false	1.0
rammen	neg 1.0		__DUMMY__ 0.8963034579452273 neg 0.054584833864643495 off 0.04911170819012928	false	1.0
unlauter	neg 1.0	neg 1.0	neg 0.5139731133789127 __DUMMY__ 0.4484970053382659 off 0.037529881282821344	false	1.0
unheilvoll	neg 1.0		__DUMMY__ 0.8959952958087583 neg 0.05565760284799166 off 0.04834710134325018	false	1.0
niedrig	neg 1.0		__DUMMY__ 0.8962549800560283 neg 0.05867270753300384 off 0.04507231241096786	false	1.0
explosion	neg 1.0		__DUMMY__ 0.8952049813496975 neg 0.05488871994025012 off 0.04990629871005243	false	1.0
weichei	off 1.0		__DUMMY__ 0.890617982426974 off 0.05584439695291492 neg 0.05353762062011102	false	1.0
minusmensch	off 1.0		__DUMMY__ 0.8832877740109928 off 0.06010807255696046 neg 0.056604153432046674	false	1.0
farblos	neg 1.0		__DUMMY__ 0.8948207560951397 neg 0.05751206606910459 off 0.04766717783575576	false	1.0
unwissend	neg 1.0	neg 1.0	neg 0.5135091335762366 __DUMMY__ 0.4477003487946234 off 0.038790517629139945	false	1.0
traurig	neg 1.0		__DUMMY__ 0.8935430035583409 neg 0.0532404497126306 off 0.05321654672902839	false	1.0
senkung	neg 1.0		__DUMMY__ 0.8939329190275506 neg 0.05627418240061809 off 0.04979289857183134	false	1.0
ungleich	neg 1.0	neg 1.0	neg 0.5170986664296615 __DUMMY__ 0.44907197931172954 off 0.03382935425860892	false	1.0
heikel	neg 1.0		__DUMMY__ 0.8951679286015912 neg 0.06129273040337903 off 0.04353934099502976	false	1.0
drosselung	neg 1.0		__DUMMY__ 0.8944744283591809 off 0.053342953578118746 neg 0.05218261806270034	false	0.5
falsch	neg 1.0		__DUMMY__ 0.8937647883867346 neg 0.05598506247004894 off 0.05025014914321642	false	1.0
unzufriedenheit	neg 1.0		__DUMMY__ 0.8947081463817405 neg 0.061756709562425634 off 0.04353514405583385	false	1.0
kurz	neg 1.0		__DUMMY__ 0.8991805267770593 neg 0.05532600800125 off 0.0454934652216908	false	1.0
unsinnig	neg 1.0		__DUMMY__ 0.8939460543518288 neg 0.060339883997577115 off 0.04571406165059404	false	1.0
penner	off 1.0	off 1.0	off 0.5134820948348465 __DUMMY__ 0.4468487355153578 neg 0.03966916964979561	false	1.0
seicht	neg 1.0		__DUMMY__ 0.8868550542054808 off 0.058204138366439125 neg 0.054940807428079975	false	0.5
dummheit	off 1.0	off 1.0	off 0.5074938571000748 __DUMMY__ 0.44737839638097554 neg 0.045127746518949685	false	1.0
unerfreulich	neg 1.0		__DUMMY__ 0.8970750185696416 neg 0.059969336017685025 off 0.04295564541267347	false	1.0
motherfucker	off 1.0	off 1.0	off 0.5108117718428618 __DUMMY__ 0.44692383213635606 neg 0.04226439602078229	false	1.0
pikiert	neg 1.0		__DUMMY__ 0.891227309594146 neg 0.057913689177557764 off 0.050859001228296265	false	1.0
wrack	neg 1.0		__DUMMY__ 0.89667432927878 neg 0.05812548396810046 off 0.04520018675311959	false	1.0
gangster	neg 1.0		__DUMMY__ 0.8936464793822632 neg 0.05658701796055976 off 0.04976650265717711	false	1.0
krank	neg 1.0		__DUMMY__ 0.8963433313911544 neg 0.05210077455896925 off 0.05155589404987637	false	1.0
reich	neg 1.0		__DUMMY__ 0.8852680192194735 neg 0.06275335254652815 off 0.05197862823399834	false	1.0
gnadenlos	neg 1.0		__DUMMY__ 0.8940096670693846 neg 0.057935454725172815 off 0.04805487820544265	false	1.0
niedergeschlagen	neg 1.0		__DUMMY__ 0.8966031309287499 neg 0.05752178684387662 off 0.04587508222737356	false	1.0
terrorisieren	off 1.0	off 1.0	off 0.5038680379421877 __DUMMY__ 0.4500026947038687 neg 0.04612926735394357	false	1.0
sinnlosigkeit	neg 1.0		__DUMMY__ 0.8929755720275531 neg 0.06135731302840378 off 0.04566711494404319	false	1.0
behindern	neg 1.0		__DUMMY__ 0.8967902704855053 neg 0.056292808558574284 off 0.04691692095592043	false	1.0
undemokratisch	neg 1.0		__DUMMY__ 0.8886197864076619 neg 0.06231301186411294 off 0.04906720172822521	false	1.0
wirtschaftskrise	neg 1.0		__DUMMY__ 0.8916740365499142 neg 0.062310193601026784 off 0.04601576984905908	false	1.0
neid	neg 1.0		__DUMMY__ 0.8963743174008344 neg 0.05406296231094827 off 0.04956272028821733	false	1.0
rutschen	neg 1.0		__DUMMY__ 0.9048361120301102 neg 0.054541351687395614 off 0.04062253628249428	false	1.0
rezession	neg 1.0		__DUMMY__ 0.8877313756387047 neg 0.05698237178952164 off 0.05528625257177355	false	1.0
fehlgeburt	neg 1.0		__DUMMY__ 0.8932111657298885 neg 0.05943037106757427 off 0.047358463202537344	false	1.0
charakterschwach	off 1.0		__DUMMY__ 0.8914105184234702 neg 0.05674714530734252 off 0.05184233626918724	false	0.5
isolation	neg 1.0		__DUMMY__ 0.8936733566128032 neg 0.05504633649531589 off 0.05128030689188082	false	1.0
ablenkung	neg 1.0		__DUMMY__ 0.8963351020197474 neg 0.0563921490051933 off 0.04727274897505926	false	1.0
pech	neg 1.0		__DUMMY__ 0.8958783579415482 neg 0.054995830366654605 off 0.049125811691797076	false	1.0
vermeidung	neg 1.0		__DUMMY__ 0.8954598929309778 off 0.05236656796180499 neg 0.052173539107217226	false	0.5
dominieren	neg 1.0		__DUMMY__ 0.8951803242166214 neg 0.05849153296476365 off 0.04632814281861499	false	1.0
schwindlig	neg 1.0		__DUMMY__ 0.8982176504853545 neg 0.05301254808342096 off 0.048769801431224565	false	1.0
lutscher	neg 1.0		__DUMMY__ 0.8879432588162881 off 0.05856092314055448 neg 0.0534958180431574	false	0.5
pflicht	neg 1.0		__DUMMY__ 0.8944342176416574 neg 0.062003404867246696 off 0.04356237749109585	false	1.0
faschist	off 1.0		__DUMMY__ 0.8871091104297509 neg 0.0630998635200551 off 0.049791026050193955	false	0.5
verschleudern	neg 1.0		__DUMMY__ 0.8923035293349277 neg 0.06220251486479087 off 0.04549395580028144	false	1.0
wenn			__DUMMY__ 0.893604398758564 neg 0.05617773408686307 off 0.05021786715457293	false	0.0
ehebruch	neg 1.0		__DUMMY__ 0.8918313807295757 neg 0.06294750005863452 off 0.04522111921178979	false	1.0
spott	off 1.0		__DUMMY__ 0.8926865228332342 neg 0.06258127406577593 off 0.044732203100989805	false	0.5
trostlosigkeit	neg 1.0		__DUMMY__ 0.8903753973269514 neg 0.06581646686915817 off 0.04380813580389047	false	1.0
lutschen	neg 1.0		__DUMMY__ 0.891517354034066 neg 0.057408955700499746 off 0.051073690265434346	false	1.0
undiszipliniert	neg 1.0		__DUMMY__ 0.8932632831020682 neg 0.054006219520810694 off 0.052730497377121176	false	1.0
kopfschmerz	neg 1.0		__DUMMY__ 0.8967252998826366 neg 0.056911626110435765 off 0.046363074006927615	false	1.0
unvorhergesehen	neg 1.0		__DUMMY__ 0.9016862972513267 neg 0.053138118528802236 off 0.04517558421987118	false	1.0
desinteressiert	neg 1.0		__DUMMY__ 0.891571651010468 neg 0.05574158990064055 off 0.05268675908889147	false	1.0
armselig	off 1.0		__DUMMY__ 0.8903026752352123 neg 0.05606500513502106 off 0.05363231962976665	false	0.5
desaster	neg 1.0		__DUMMY__ 0.8924173754108883 neg 0.06502585205676567 off 0.042556772532346035	false	1.0
tod	neg 1.0		__DUMMY__ 0.8901951965276513 neg 0.06519400666717393 off 0.04461079680517476	false	1.0
herzlos	neg 1.0		__DUMMY__ 0.8927865379346343 off 0.053856389630116505 neg 0.05335707243524931	false	0.5
unwissenheit	neg 1.0		__DUMMY__ 0.8922747099322407 neg 0.061999191447234904 off 0.045726098620524465	false	1.0
widersinnig	neg 1.0		__DUMMY__ 0.888687284405859 neg 0.06433964672541334 off 0.04697306886872769	false	1.0
bedenklich	neg 1.0		__DUMMY__ 0.894469485970267 neg 0.06116056958490099 off 0.04436994444483206	false	1.0
beanstanden	neg 1.0		__DUMMY__ 0.895269120081045 neg 0.06153405972199842 off 0.04319682019695666	false	1.0
panisch	neg 1.0	neg 1.0	neg 0.5094138429637898 __DUMMY__ 0.45409078349061816 off 0.036495373545592034	false	1.0
debil	off 1.0		__DUMMY__ 0.8972162449930471 neg 0.06215260814289703 off 0.040631146864055924	false	0.5
abstrich	neg 1.0		__DUMMY__ 0.9019831720823203 neg 0.051593569440976865 off 0.046423258476702846	false	1.0
primitiv	neg 1.0		__DUMMY__ 0.8909129410434881 neg 0.05668748981968848 off 0.05239956913682357	false	1.0
abschaum	off 1.0	off 1.0	off 0.5090279913746416 __DUMMY__ 0.44632690439452527 neg 0.04464510423083313	false	1.0
provozieren	neg 1.0		__DUMMY__ 0.8919128030257865 neg 0.06041247400020105 off 0.047674722974012436	false	1.0
tot	neg 1.0		__DUMMY__ 0.8930131054253577 neg 0.06082431050784585 off 0.046162584066796394	false	1.0
instabil	neg 1.0		__DUMMY__ 0.889657270264944 neg 0.05581050298386269 off 0.05453222675119319	false	1.0
schwuchtel	off 1.0		__DUMMY__ 0.8832055776979236 off 0.06316543099337985 neg 0.053628991308696534	false	1.0
zerren	neg 1.0		__DUMMY__ 0.8960740857081522 neg 0.05802903452682388 off 0.04589687976502391	false	1.0
kinderficker	off 1.0		__DUMMY__ 0.8876727102008654 neg 0.05686292321814455 off 0.055464366580990195	false	0.5
gefahr	neg 1.0		__DUMMY__ 0.8931274664277302 neg 0.06185308238227924 off 0.04501945118999049	false	1.0
rabiat	neg 1.0		__DUMMY__ 0.8940898573457403 neg 0.058607719388772773 off 0.047302423265486934	false	1.0
verlangsamung	neg 1.0		__DUMMY__ 0.8884555138968535 off 0.057913928926473214 neg 0.05363055717667319	false	0.5
ausgestorben	neg 1.0		__DUMMY__ 0.8954542364879763 neg 0.058587642729740506 off 0.045958120782283236	false	1.0
anklagen	neg 1.0		__DUMMY__ 0.8920394222827862 neg 0.06072555683391899 off 0.04723502088329485	false	1.0
trott	neg 1.0		__DUMMY__ 0.8959166425614442 neg 0.05696451784397051 off 0.047118839594585286	false	1.0
verminderung	neg 1.0		__DUMMY__ 0.8924795600104226 neg 0.0543652859559186 off 0.053155154033658815	false	1.0
nach			__DUMMY__ 0.9025485261279405 neg 0.05672468986478831 off 0.0407267840072712	false	0.0
rost	neg 1.0		__DUMMY__ 0.8885826475366222 off 0.05785370563512972 neg 0.05356364682824805	false	0.5
destruktiv	neg 1.0		__DUMMY__ 0.8911352699914166 neg 0.062050554926624375 off 0.046814175081959036	false	1.0
unzumutbarkeit	neg 1.0		__DUMMY__ 0.8951114243600908 off 0.05253551235794636 neg 0.05235306328196283	false	0.5
labil	off 1.0	off 1.0	off 0.5096401865139293 __DUMMY__ 0.44720561699709016 neg 0.04315419648898045	false	1.0
ziemlich	neg 1.0		__DUMMY__ 0.8937121470205717 neg 0.05476243735233501 off 0.051525415627093334	false	1.0
lachnummer	off 1.0		__DUMMY__ 0.8914050776556873 neg 0.061674900501258685 off 0.04692002184305396	false	0.5
oder			__DUMMY__ 0.8974361640292102 neg 0.0557414259761916 off 0.04682240999459811	false	0.0
verfall	neg 1.0		__DUMMY__ 0.8963138733167118 neg 0.06294211599992171 off 0.04074401068336655	false	1.0
ausgrenzung	neg 1.0		__DUMMY__ 0.8887208933496981 neg 0.06170065451865157 off 0.04957845213165046	false	1.0
unordnung	neg 1.0		__DUMMY__ 0.8888836517839231 neg 0.05633354496662425 off 0.054782803249452616	false	1.0
fehlverhalten	neg 1.0		__DUMMY__ 0.8925765410940105 neg 0.06286082380722491 off 0.044562635098764486	false	1.0
eine			__DUMMY__ 0.8976486697943046 neg 0.059600914143355686 off 0.04275041606233979	false	0.0
nille	neg 1.0		__DUMMY__ 0.8910435946803399 neg 0.06121490657205355 off 0.04774149874760649	false	1.0
qual	neg 1.0		__DUMMY__ 0.8955309663448066 neg 0.05735881402805391 off 0.04711021962713944	false	1.0
verschwenden	neg 1.0		__DUMMY__ 0.8956686645411222 neg 0.05999524144745432 off 0.04433609401142354	false	1.0
riesig	neg 1.0		__DUMMY__ 0.8971673426077763 neg 0.05646263471348834 off 0.046370022678735315	false	1.0
verurteilen	neg 1.0		__DUMMY__ 0.89137834348615 neg 0.06264172482207912 off 0.04597993169177101	false	1.0
klischee	neg 1.0	neg 1.0	neg 0.5149918045535344 __DUMMY__ 0.44703798929355887 off 0.03797020615290675	false	1.0
diktatorisch	neg 1.0		__DUMMY__ 0.8868344769761385 neg 0.06405654727089431 off 0.049108975752967104	false	1.0
vorhersehbar	neg 1.0		__DUMMY__ 0.8914281302058639 neg 0.05943637722146589 off 0.04913549257267022	false	1.0
sowie			__DUMMY__ 0.8873999927911487 off 0.05667739461640659 neg 0.05592261259244478	false	0.0
stornieren	neg 1.0		__DUMMY__ 0.8972580227412487 neg 0.05366351599358827 off 0.04907846126516306	false	1.0
besteuerung	neg 1.0		__DUMMY__ 0.8937338695105624 neg 0.05792418485030673 off 0.048341945639130815	false	1.0
ungeschminkt	neg 1.0		__DUMMY__ 0.893819903447125 neg 0.054449626974578696 off 0.05173046957829635	false	1.0
kritisch	neg 1.0		__DUMMY__ 0.8929041672423642 neg 0.06232198134353597 off 0.0447738514140999	false	1.0
schlamperei	off 1.0		__DUMMY__ 0.8928307389769848 neg 0.061890830841761696 off 0.04527843018125346	false	0.5
sucht	neg 1.0	neg 1.0	neg 0.508683207214906 __DUMMY__ 0.45430426100006893 off 0.03701253178502497	false	1.0
egoistisch	off 1.0		__DUMMY__ 0.8904741655983086 off 0.055865189323540045 neg 0.053660645078151284	false	1.0
ausbeuter	off 1.0		__DUMMY__ 0.8920433530551062 neg 0.06364207555903695 off 0.04431457138585682	false	0.5
arschgeburt	off 1.0		__DUMMY__ 0.8833323111302309 off 0.0631271687463776 neg 0.05354052012339158	false	1.0
schubs	neg 1.0	neg 1.0	neg 0.5121286617988209 __DUMMY__ 0.45411606903923274 off 0.03375526916194643	false	1.0
unsolide	neg 1.0		__DUMMY__ 0.8849269085688022 neg 0.06318299690079826 off 0.05189009453039951	false	1.0
beschwerde	neg 1.0		__DUMMY__ 0.893338107920171 neg 0.06081168624571835 off 0.0458502058341106	false	1.0
stocken	neg 1.0		__DUMMY__ 0.8958545638555614 neg 0.05891057221056341 off 0.04523486393387514	false	1.0
isolieren	neg 1.0		__DUMMY__ 0.8984313723225035 neg 0.054830256644520785 off 0.04673837103297582	false	1.0
unheilbar	neg 1.0		__DUMMY__ 0.893243078676145 neg 0.05883124266826106 off 0.04792567865559377	false	1.0
pisser	off 1.0		__DUMMY__ 0.8896296555438521 neg 0.05595227229152471 off 0.054418072164623056	false	0.5
löschen	neg 1.0		__DUMMY__ 0.8936377173024914 neg 0.05806197603106771 off 0.04830030666644089	false	1.0
durchfallen	neg 1.0		__DUMMY__ 0.8948575633534145 neg 0.06037100610254306 off 0.04477143054404243	false	1.0
wichser	off 1.0		__DUMMY__ 0.8880712981455693 off 0.05961749463372786 neg 0.05231120722070284	false	1.0
terror	neg 1.0		__DUMMY__ 0.8962961150747347 neg 0.05366077859594146 off 0.05004310632932387	false	1.0
krass	neg 1.0		__DUMMY__ 0.8926689801594988 off 0.05390422341836304 neg 0.0534267964221381	false	0.5
revolte	neg 1.0	neg 1.0	neg 0.5186591232031464 __DUMMY__ 0.4429178203341914 off 0.038423056462662135	false	1.0
besorgt	neg 1.0		__DUMMY__ 0.8990214658074206 neg 0.05532484371514823 off 0.04565369047743121	false	1.0
nachlassen	neg 1.0		__DUMMY__ 0.8986730394906487 neg 0.05585607196628736 off 0.04547088854306397	false	1.0
alt	neg 1.0		__DUMMY__ 0.9000689835346646 neg 0.056589162522728984 off 0.04334185394260636	false	1.0
hundesohn	off 1.0		__DUMMY__ 0.8852932213529752 off 0.0593664369198814 neg 0.05534034172714339	false	1.0
als			__DUMMY__ 0.8967973247874663 neg 0.05795868310583208 off 0.04524399210670164	false	0.0
abschreckung	neg 1.0		__DUMMY__ 0.8937077183490292 neg 0.06280991312217338 off 0.04348236852879739	false	1.0
unqualifiziert	neg 1.0		__DUMMY__ 0.8917393275288208 neg 0.05885335255655025 off 0.0494073199146289	false	1.0
abgewichst	off 1.0		__DUMMY__ 0.8935170590301287 neg 0.05979358160313723 off 0.04668935936673409	false	0.5
schwer	neg 1.0		__DUMMY__ 0.8958429058114206 neg 0.05742160404736721 off 0.046735490141212255	false	1.0
bedeutungslosigkeit	neg 1.0		__DUMMY__ 0.8928242289180403 neg 0.06315514233280109 off 0.04402062874915868	false	1.0
kapitulation	neg 1.0		__DUMMY__ 0.8885418038618615 neg 0.06552362599034588 off 0.04593457014779254	false	1.0
unscharf	neg 1.0		__DUMMY__ 0.895694467412416 neg 0.05517862451475739 off 0.04912690807282664	false	1.0
schwinden	neg 1.0		__DUMMY__ 0.8961444910371904 neg 0.059786427112588025 off 0.044069081850221535	false	1.0
versklavung	neg 1.0	neg 1.0	neg 0.5175173216579663 __DUMMY__ 0.4454789103873019 off 0.03700376795473181	false	1.0
schlecht	neg 1.0		__DUMMY__ 0.8941215728513562 neg 0.054045883392411447 off 0.051832543756232446	false	1.0
verhasst	neg 1.0		__DUMMY__ 0.891344150287464 neg 0.06090696231841594 off 0.04774888739411996	false	1.0
beschweren	neg 1.0		__DUMMY__ 0.8950632885161347 neg 0.0565042019423193 off 0.048432509541545946	false	1.0
scheiden	neg 1.0		__DUMMY__ 0.8948683930678122 neg 0.058825878566033656 off 0.046305728366154195	false	1.0
frustriert	neg 1.0		__DUMMY__ 0.8952420843992901 neg 0.05866834600448374 off 0.04608956959622608	false	1.0
schimmelig	neg 1.0		__DUMMY__ 0.8971852569906533 neg 0.05861088518815327 off 0.044203857821193494	false	1.0
fisch	neg 1.0		__DUMMY__ 0.8968128752133534 neg 0.05873031474003725 off 0.04445681004660934	false	1.0
schmuggel	neg 1.0		__DUMMY__ 0.8980591173800121 neg 0.05851597929049225 off 0.043424903329495744	false	1.0
auffallen	neg 1.0		__DUMMY__ 0.8945551457371348 neg 0.05663675989596654 off 0.048808094366898605	false	1.0
konkurrenz	neg 1.0		__DUMMY__ 0.8973189896860944 neg 0.059643614833966026 off 0.04303739547993974	false	1.0
teufelskreis	neg 1.0		__DUMMY__ 0.8937797346377074 neg 0.059815823814039444 off 0.04640444154825315	false	1.0
aufschreien	neg 1.0		__DUMMY__ 0.8918807877475455 neg 0.05916701764478523 off 0.048952194607669273	false	1.0
schuldner	neg 1.0		__DUMMY__ 0.8930625476696531 neg 0.062188052486458784 off 0.04474939984388813	false	1.0
missgeburt	off 1.0	off 1.0	off 0.5129932419664173 __DUMMY__ 0.4450147009462422 neg 0.04199205708734051	false	1.0
arbeitslos	neg 1.0		__DUMMY__ 0.8932507177607425 neg 0.061061043250551075 off 0.045688238988706394	false	1.0
befallen	neg 1.0		__DUMMY__ 0.8888369310209467 neg 0.06525477489161298 off 0.04590829408744027	false	1.0
miesepetrig	off 1.0		__DUMMY__ 0.8956485737647907 neg 0.05313782011857297 off 0.051213606116636355	false	0.5
alarmieren	neg 1.0		__DUMMY__ 0.890759103539306 neg 0.05764031034914351 off 0.05160058611155051	false	1.0
ungeduscht	off 1.0		__DUMMY__ 0.8958748868677422 neg 0.054988066936718115 off 0.049137046195539755	false	0.5
knappheit	neg 1.0		__DUMMY__ 0.8952846336298289 neg 0.058822342623191255 off 0.045893023746979913	false	1.0
schlange	neg 1.0		__DUMMY__ 0.8970544091221125 neg 0.05493249352204724 off 0.048013097355840244	false	1.0
harsch	neg 1.0		__DUMMY__ 0.8935388778693684 off 0.05651783011440689 neg 0.04994329201622485	false	0.5
lang	neg 1.0		__DUMMY__ 0.8947933767000976 neg 0.05690298322222535 off 0.04830364007767698	false	1.0
ziellos	neg 1.0		__DUMMY__ 0.8960027792466002 neg 0.05902253439875271 off 0.044974686354647075	false	1.0
selbstverliebt	neg 1.0		__DUMMY__ 0.8842240324813073 off 0.06081898356316492 neg 0.054956983955527706	false	0.5
beseitigen	neg 1.0		__DUMMY__ 0.8976131884525312 neg 0.05444275212965497 off 0.04794405941781385	false	1.0
dumm	off 1.0		__DUMMY__ 0.8892139413414284 off 0.05647418251420362 neg 0.05431187614436795	false	1.0
arbeitsloser	neg 1.0		__DUMMY__ 0.8937059970084448 neg 0.06126555304792736 off 0.04502844994362785	false	1.0
blitzen	neg 1.0		__DUMMY__ 0.8930469288858545 neg 0.05656730201266938 off 0.050385769101476095	false	1.0
hilflos	neg 1.0		__DUMMY__ 0.8953173220694179 neg 0.058986100613078046 off 0.045696577317504025	false	1.0
eklig	off 1.0		__DUMMY__ 0.8889951108101112 off 0.057164794980043114 neg 0.0538400942098457	false	1.0
begriff			__DUMMY__ 0.8941296977239045 neg 0.05970122461690885 off 0.0461690776591866	false	0.0
hungersnot	neg 1.0		__DUMMY__ 0.8876840999913563 neg 0.06467705520770115 off 0.04763884480094258	false	1.0
ungesetzlich	neg 1.0		__DUMMY__ 0.8879198687355788 neg 0.061859860754068866 off 0.050220270510352376	false	1.0
verschwendung	neg 1.0		__DUMMY__ 0.8954389735909395 neg 0.060848668111524264 off 0.04371235829753628	false	1.0
schmerzvoll	neg 1.0		__DUMMY__ 0.8951930658542607 neg 0.056435939779609354 off 0.04837099436612988	false	1.0
vorzeitig	neg 1.0		__DUMMY__ 0.8935302067561562 neg 0.054842917516550814 off 0.05162687572729292	false	1.0
unvollkommenheit	neg 1.0		__DUMMY__ 0.894710830943071 neg 0.057914241777470434 off 0.04737492727945846	false	1.0
intervenieren	neg 1.0		__DUMMY__ 0.8913517451322935 neg 0.06398798531874168 off 0.04466026954896478	false	1.0
banause	off 1.0		__DUMMY__ 0.8879938933745148 off 0.05834111408899349 neg 0.05366499253649157	false	1.0
rebell	neg 1.0		__DUMMY__ 0.8983409667953414 neg 0.059032389367560396 off 0.042626643837098174	false	1.0
unlogisch	neg 1.0		__DUMMY__ 0.8906611833774117 neg 0.055667988463897304 off 0.053670828158691015	false	1.0
leiden	neg 1.0	neg 1.0	neg 0.5098755274506173 __DUMMY__ 0.4579822458820172 off 0.03214222666736547	false	1.0
abschaffung	neg 1.0		__DUMMY__ 0.8915582271890041 neg 0.060060978437196114 off 0.04838079437379969	false	1.0
sturz	neg 1.0		__DUMMY__ 0.8908314656750027 neg 0.06038948986753409 off 0.04877904445746324	false	1.0
verkleinerung	neg 1.0		__DUMMY__ 0.8895572035425534 neg 0.05953011907295028 off 0.05091267738449633	false	1.0
schmarotzer	off 1.0		__DUMMY__ 0.8918253978459649 neg 0.06277556386942404 off 0.04539903828461104	false	0.5
bestrafung	neg 1.0		__DUMMY__ 0.8924969478877327 neg 0.05916442884636944 off 0.048338623265897725	false	1.0
achtlos	neg 1.0		__DUMMY__ 0.8963804716861793 neg 0.056989876406721394 off 0.04662965190709933	false	1.0
ungeheuer	neg 1.0		__DUMMY__ 0.8929144703498115 neg 0.058186589267657345 off 0.0488989403825312	false	1.0
