unsolidarisch	neg 1.0		neg 0.5171533018198651 off 0.41265396711906865 __DUMMY__ 0.07019273106106623	false	1.0
nachteilig	neg 1.0		neg 0.515096982896496 off 0.4136370161290448 __DUMMY__ 0.0712660009744591	false	1.0
skeptisch	neg 1.0		neg 0.517794370697854 off 0.41079846292913896 __DUMMY__ 0.07140716637300716	false	1.0
schrecklich	neg 1.0		neg 0.5039253896454757 off 0.42520703550456707 __DUMMY__ 0.07086757484995733	false	1.0
schlapp	neg 1.0		neg 0.5058156048647972 off 0.42273318056545384 __DUMMY__ 0.07145121456974904	false	1.0
abfall	neg 1.0		neg 0.518959660906035 off 0.40949502599817306 __DUMMY__ 0.07154531309579201	false	1.0
widerspenstig	neg 1.0		neg 0.510899191701411 off 0.41753855026627124 __DUMMY__ 0.07156225803231785	false	1.0
abrupt	neg 1.0		neg 0.5110820802208982 off 0.41711229925897103 __DUMMY__ 0.07180562052013074	false	1.0
unwirksam	neg 1.0		neg 0.514236845318619 off 0.4151399956853935 __DUMMY__ 0.07062315899598749	false	1.0
angreifen	neg 1.0		neg 0.5176123046059551 off 0.41123903251819605 __DUMMY__ 0.07114866287584881	false	1.0
inkonsistent	neg 1.0		neg 0.5099895571938586 off 0.41892652559101584 __DUMMY__ 0.07108391721512552	false	1.0
abrutschen	neg 1.0		neg 0.518461169495523 off 0.40991732958333427 __DUMMY__ 0.07162150092114271	false	1.0
unsicher	neg 1.0		neg 0.511626277963893 off 0.4169740656346134 __DUMMY__ 0.07139965640149365	false	1.0
bauernkind	off 1.0		neg 0.5025367540565259 off 0.4271530462852929 __DUMMY__ 0.07031019965818117	false	0.5
angreifer	neg 1.0		neg 0.5107290341450492 off 0.41850825492777033 __DUMMY__ 0.07076271092718046	false	1.0
trennen	neg 1.0		neg 0.514627595658273 off 0.4135348648359865 __DUMMY__ 0.07183753950574052	false	1.0
schmutz	neg 1.0		neg 0.5026399313294511 off 0.42554994216796094 __DUMMY__ 0.07181012650258796	false	1.0
inkonsistenz	neg 1.0	neg 1.0	neg 0.742886501524723 off 0.22316025808047626 __DUMMY__ 0.033953240394800716	false	1.0
erschreckend	neg 1.0		neg 0.5145929277832211 off 0.4142827996261213 __DUMMY__ 0.07112427259065766	false	1.0
ertrinken	neg 1.0		neg 0.5149118227257313 off 0.41356144065520967 __DUMMY__ 0.07152673661905896	false	1.0
pickelface	off 1.0		neg 0.5129190523718011 off 0.41619311715452934 __DUMMY__ 0.07088783047366962	false	0.5
seiner			neg 0.5169141799244097 off 0.4117686479982932 __DUMMY__ 0.07131717207729697	false	0.0
lauch	neg 1.0		neg 0.5174348416366585 off 0.4110710950128407 __DUMMY__ 0.07149406335050072	false	1.0
unwichtig	neg 1.0		neg 0.5080407456027024 off 0.42091182615035494 __DUMMY__ 0.07104742824694271	false	1.0
steuerhinterziehung	neg 1.0		neg 0.5161663368018352 off 0.4132052085912001 __DUMMY__ 0.07062845460696471	false	1.0
schock	neg 1.0		neg 0.5117060659191497 off 0.41656234758026395 __DUMMY__ 0.07173158650058627	false	1.0
beule	neg 1.0		neg 0.5046827977852537 off 0.42396166637260463 __DUMMY__ 0.07135553584214169	false	1.0
vergelten	neg 1.0		neg 0.5039553821658863 off 0.42554451494404355 __DUMMY__ 0.0705001028900702	false	1.0
verdorbenheit	neg 1.0		neg 0.5088556162831562 off 0.41960272604657073 __DUMMY__ 0.0715416576702731	false	1.0
trauma	neg 1.0		neg 0.5106860741492897 off 0.41818108315261626 __DUMMY__ 0.071132842698094	false	1.0
sinnlos	neg 1.0		neg 0.5102825768843143 off 0.41855368929397585 __DUMMY__ 0.07116373382170979	false	1.0
fettsack	off 1.0	off 1.0	off 0.6978964850977026 neg 0.2682376031128526 __DUMMY__ 0.03386591178944469	false	1.0
feige	off 1.0		neg 0.5104770741367224 off 0.41882464900195504 __DUMMY__ 0.07069827686132259	false	0.5
abdanken	neg 1.0		neg 0.5181396763187146 off 0.41160107940507673 __DUMMY__ 0.07025924427620876	false	1.0
wichtigtuer	off 1.0	off 1.0	off 0.6922434081538693 neg 0.27379854273966503 __DUMMY__ 0.03395804910646574	false	1.0
misslingen	neg 1.0		neg 0.5086809276535417 off 0.41986930960631574 __DUMMY__ 0.07144976274014253	false	1.0
untreu	off 1.0		neg 0.5073717155029677 off 0.4216214999630794 __DUMMY__ 0.07100678453395295	false	0.5
missmutig	neg 1.0		neg 0.5075550951207991 off 0.42115194899994257 __DUMMY__ 0.07129295587925849	false	1.0
hurenbock	off 1.0		neg 0.5079215200526187 off 0.42042196933952997 __DUMMY__ 0.07165651060785135	false	0.5
betrunken	neg 1.0		neg 0.5045004249660344 off 0.4243063811006941 __DUMMY__ 0.07119319393327159	false	1.0
korrupt	off 1.0		neg 0.5187233684927951 off 0.4107822472286953 __DUMMY__ 0.07049438427850964	false	0.5
unmut	neg 1.0		neg 0.5194123537596698 off 0.4092850993640297 __DUMMY__ 0.07130254687630047	false	1.0
hackfresse	off 1.0		neg 0.5008846455598464 off 0.42844977724182 __DUMMY__ 0.07066557719833363	false	0.5
aufblasen	neg 1.0		neg 0.5092714562433119 off 0.4192099295363763 __DUMMY__ 0.0715186142203118	false	1.0
gewaltsam	neg 1.0		neg 0.5135672388138073 off 0.4157301553434887 __DUMMY__ 0.0707026058427039	false	1.0
unbeliebtheit	neg 1.0		neg 0.5107720123187466 off 0.4192446193763819 __DUMMY__ 0.0699833683048714	false	1.0
sturheit	neg 1.0		neg 0.5160400945887029 off 0.413136474873002 __DUMMY__ 0.07082343053829503	false	1.0
kuh	neg 1.0		neg 0.5106653291919991 off 0.4182639367973294 __DUMMY__ 0.0710707340106713	false	1.0
erschrecken	neg 1.0		neg 0.5082198152819309 off 0.42054089902001224 __DUMMY__ 0.07123928569805682	false	1.0
opfer	neg 1.0	neg 1.0	neg 0.7460886369542894 off 0.21974799424161984 __DUMMY__ 0.03416336880409089	false	1.0
sinken	neg 1.0		neg 0.5179513181566152 off 0.41066462002120746 __DUMMY__ 0.07138406182217737	false	1.0
stinktier	neg 1.0		neg 0.504213635713136 off 0.4251187413156028 __DUMMY__ 0.07066762297126111	false	1.0
tucke	off 1.0		neg 0.4990497013546172 off 0.4301051057562315 __DUMMY__ 0.07084519288915142	false	0.5
ein			neg 0.5087234403116585 off 0.41950402255780517 __DUMMY__ 0.07177253713053645	false	0.0
abstieg	neg 1.0		neg 0.5161164030455667 off 0.41299903754918027 __DUMMY__ 0.07088455940525293	false	1.0
missverstehen	neg 1.0		neg 0.5122865317037679 off 0.4168924508268963 __DUMMY__ 0.07082101746933571	false	1.0
ergebnislos	neg 1.0		neg 0.5158294896836433 off 0.41312721975625066 __DUMMY__ 0.07104329056010601	false	1.0
unter			neg 0.5188762659483136 off 0.4087980260559847 __DUMMY__ 0.07232570799570164	false	0.0
manipulieren	neg 1.0		neg 0.5172945100380568 off 0.41147142105106566 __DUMMY__ 0.0712340689108776	false	1.0
unbewiesen	neg 1.0		neg 0.5169346354563998 off 0.41280701883012444 __DUMMY__ 0.07025834571347579	false	1.0
verschleppen	neg 1.0		neg 0.5166570704907 off 0.41240406373447175 __DUMMY__ 0.07093886577482825	false	1.0
weib	off 1.0		neg 0.49993861840688786 off 0.42952332934801724 __DUMMY__ 0.07053805224509496	false	0.5
opposition	neg 1.0		neg 0.5134808007540109 off 0.4159756878121162 __DUMMY__ 0.07054351143387283	false	1.0
verkehrswidrig	neg 1.0		neg 0.5006328746884193 off 0.4282856450808227 __DUMMY__ 0.071081480230758	false	1.0
inkorrekt	neg 1.0		neg 0.5106616416803593 off 0.4190391902656189 __DUMMY__ 0.07029916805402187	false	1.0
vermeiden	neg 1.0		neg 0.5175113149936389 off 0.4104614892398796 __DUMMY__ 0.07202719576648164	false	1.0
abweichung	neg 1.0		neg 0.5171726017083977 off 0.4120657690122691 __DUMMY__ 0.07076162927933323	false	1.0
alkoholisiert	neg 1.0		neg 0.512398772312363 off 0.41597897793027433 __DUMMY__ 0.07162224975736275	false	1.0
scheiss	off 1.0	off 1.0	off 0.6962354465319549 neg 0.2696043149213597 __DUMMY__ 0.03416023854668539	false	1.0
herausforderung	neg 1.0		neg 0.5108227543327699 off 0.4171585446806783 __DUMMY__ 0.07201870098655165	false	1.0
pervers	off 1.0		neg 0.49729202469477135 off 0.4322793923114026 __DUMMY__ 0.07042858299382594	false	0.5
wackelig	neg 1.0		neg 0.5110230128249557 off 0.4169868612774663 __DUMMY__ 0.07199012589757797	false	1.0
verwickeln	neg 1.0		neg 0.5117280291368993 off 0.41728604552424936 __DUMMY__ 0.07098592533885123	false	1.0
vorwand	neg 1.0		neg 0.5193513671585417 off 0.409509764000137 __DUMMY__ 0.0711388688413215	false	1.0
muschi	off 1.0		neg 0.5138263936131804 off 0.4153396885124897 __DUMMY__ 0.07083391787432988	false	0.5
entmutigung	neg 1.0		neg 0.5163062195235056 off 0.4138172064583946 __DUMMY__ 0.06987657401809971	false	1.0
unangemessen	neg 1.0		neg 0.5174271060217208 off 0.41176426783800624 __DUMMY__ 0.07080862614027282	false	1.0
unstetig	neg 1.0		neg 0.5088167125343731 off 0.420214714630533 __DUMMY__ 0.07096857283509396	false	1.0
entmutigen	neg 1.0		neg 0.5108280701249833 off 0.41788124571397994 __DUMMY__ 0.07129068416103682	false	1.0
schwanz	neg 1.0		neg 0.5143966256244945 off 0.41440320344544385 __DUMMY__ 0.07120017093006177	false	1.0
verbot	neg 1.0		neg 0.5171486183167725 off 0.41220523489567407 __DUMMY__ 0.07064614678755331	false	1.0
leid	neg 1.0		neg 0.502338392139794 off 0.4268627401222974 __DUMMY__ 0.07079886773790853	false	1.0
archaisch	neg 1.0		neg 0.5163651477615027 off 0.41274696887235507 __DUMMY__ 0.07088788336614225	false	1.0
gegen			neg 0.5196062385492091 off 0.40939736283542955 __DUMMY__ 0.07099639861536124	false	0.0
scheidung	neg 1.0	neg 1.0	neg 0.7299157388384946 off 0.23618709375891447 __DUMMY__ 0.03389716740259084	false	1.0
einschlag	neg 1.0		neg 0.5041124131012718 off 0.4252795229161112 __DUMMY__ 0.07060806398261701	false	1.0
m			neg 0.5122427262592886 off 0.4162512432815161 __DUMMY__ 0.07150603045919537	false	0.0
abgestanden	neg 1.0		neg 0.5095855313534237 off 0.4187676412766466 __DUMMY__ 0.07164682736992985	false	1.0
schmierig	off 1.0		neg 0.5028150490512947 off 0.42622446302605144 __DUMMY__ 0.07096048792265386	false	0.5
unpraktisch	neg 1.0		neg 0.5087315246584362 off 0.41965405169305453 __DUMMY__ 0.07161442364850924	false	1.0
wixxer	off 1.0		neg 0.49811692442970895 off 0.4316481780542428 __DUMMY__ 0.07023489751604808	false	0.5
bezeichnet			neg 0.5152464494354074 off 0.413887786025458 __DUMMY__ 0.07086576453913447	false	0.0
jammerlappen	off 1.0		neg 0.5083349403876714 off 0.420649953825446 __DUMMY__ 0.07101510578688253	false	0.5
farce	neg 1.0		neg 0.5189472711512777 off 0.41082722976638764 __DUMMY__ 0.07022549908233473	false	1.0
zwecklos	neg 1.0		neg 0.5169264194514052 off 0.4120985236653023 __DUMMY__ 0.07097505688329254	false	1.0
turbulent	neg 1.0		neg 0.505021306341021 off 0.4242744701580941 __DUMMY__ 0.0707042235008849	false	1.0
invasion	neg 1.0		neg 0.5078039225392399 off 0.42085408662418394 __DUMMY__ 0.07134199083657608	false	1.0
schuld	neg 1.0		neg 0.5123546444362843 off 0.41657109411081 __DUMMY__ 0.07107426145290559	false	1.0
risiko	neg 1.0		neg 0.5060407723623606 off 0.422359828980512 __DUMMY__ 0.07159939865712742	false	1.0
finster	neg 1.0		neg 0.5091947425866308 off 0.4191183245371468 __DUMMY__ 0.0716869328762225	false	1.0
geisteskrank	off 1.0		neg 0.5091473810550365 off 0.42035623833500946 __DUMMY__ 0.07049638060995407	false	0.5
zusammenbrechen	neg 1.0		neg 0.5127602337358117 off 0.415749606901751 __DUMMY__ 0.07149015936243724	false	1.0
ausbeute	neg 1.0		neg 0.5128492675209655 off 0.4154649072388193 __DUMMY__ 0.07168582524021531	false	1.0
hinterhalt	neg 1.0		neg 0.5120184642663034 off 0.41697044632515473 __DUMMY__ 0.07101108940854181	false	1.0
kritik	neg 1.0		neg 0.5179703392448797 off 0.41162086107539536 __DUMMY__ 0.07040879967972506	false	1.0
einschrumpfen	neg 1.0		neg 0.5113914496082919 off 0.4181251395101433 __DUMMY__ 0.07048341088156478	false	1.0
riskant	neg 1.0		neg 0.516218916748455 off 0.41242501279863353 __DUMMY__ 0.07135607045291156	false	1.0
frustrieren	neg 1.0		neg 0.5169169529447868 off 0.41184207996535427 __DUMMY__ 0.07124096708985897	false	1.0
groll	neg 1.0		neg 0.5165990318811646 off 0.4124069121963152 __DUMMY__ 0.07099405592252006	false	1.0
gibt			neg 0.514324016303755 off 0.41438044528575374 __DUMMY__ 0.07129553841049137	false	0.0
qualvoll	neg 1.0		neg 0.5092501719686315 off 0.419453493035083 __DUMMY__ 0.07129633499628545	false	1.0
wackeln	neg 1.0		neg 0.5090159377195136 off 0.41928721605172864 __DUMMY__ 0.07169684622875787	false	1.0
klagen	neg 1.0		neg 0.5196391853441051 off 0.40926822807731683 __DUMMY__ 0.07109258657857817	false	1.0
bankrott	neg 1.0		neg 0.5064018466260766 off 0.4223506786802177 __DUMMY__ 0.07124747469370572	false	1.0
trauern	neg 1.0		neg 0.516908591597834 off 0.41189656289544896 __DUMMY__ 0.07119484550671709	false	1.0
ablehnung	neg 1.0	neg 1.0	neg 0.7463466587128599 off 0.21982128632130654 __DUMMY__ 0.03383205496583369	false	1.0
stur	neg 1.0		neg 0.5116386927759419 off 0.4172423379433562 __DUMMY__ 0.07111896928070208	false	1.0
aufruhr	neg 1.0		neg 0.5150447993340478 off 0.4143935684490205 __DUMMY__ 0.07056163221693168	false	1.0
melancholie	neg 1.0		neg 0.5123227361204905 off 0.41594410315273644 __DUMMY__ 0.07173316072677302	false	1.0
ist			neg 0.5114064693936483 off 0.4174821316562626 __DUMMY__ 0.07111139895008904	false	0.0
torheit	neg 1.0		neg 0.516160824199423 off 0.41357915826338126 __DUMMY__ 0.0702600175371958	false	1.0
dreckskind	off 1.0		neg 0.5044978796626994 off 0.425306431437673 __DUMMY__ 0.07019568889962766	false	0.5
umtauschen	neg 1.0		neg 0.5106379629953469 off 0.4177603655686042 __DUMMY__ 0.07160167143604901	false	1.0
zum			neg 0.5153470435127238 off 0.4123285708676819 __DUMMY__ 0.07232438561959448	false	0.0
zersetzen	neg 1.0		neg 0.5183066845893297 off 0.4105222030644566 __DUMMY__ 0.07117111234621372	false	1.0
zur			neg 0.5201989654224861 off 0.4083014248618574 __DUMMY__ 0.07149960971565653	false	0.0
frust	neg 1.0		neg 0.5139038848583819 off 0.4147467475452958 __DUMMY__ 0.07134936759632242	false	1.0
unerbittlichkeit	neg 1.0		neg 0.5178631816208141 off 0.41106878613587206 __DUMMY__ 0.07106803224331389	false	1.0
zwei			neg 0.5150545702828948 off 0.4129220241945191 __DUMMY__ 0.0720234055225862	false	0.0
unkorrekt	neg 1.0		neg 0.5094350426800589 off 0.420204457697134 __DUMMY__ 0.07036049962280706	false	1.0
hexe	off 1.0		neg 0.5066950242866901 off 0.42220054074532687 __DUMMY__ 0.07110443496798295	false	0.5
lasch	neg 1.0		neg 0.5113958180233791 off 0.4178726215966999 __DUMMY__ 0.07073156037992094	false	1.0
rivale	neg 1.0		neg 0.5040490212927558 off 0.42523355667616597 __DUMMY__ 0.07071742203107834	false	1.0
mutlos	off 1.0	off 1.0	off 0.6894019696454924 neg 0.2765860009523428 __DUMMY__ 0.034012029402164815	false	1.0
wirr	off 1.0		neg 0.5068510180722757 off 0.4226847415399476 __DUMMY__ 0.07046424038777668	false	0.5
jahr			neg 0.5128708377308043 off 0.4152150922432949 __DUMMY__ 0.07191407002590079	false	0.0
wird			neg 0.5156407574991715 off 0.413029305822019 __DUMMY__ 0.07132993667880955	false	0.0
strafbar	neg 1.0		neg 0.5190448575535499 off 0.4101662273508077 __DUMMY__ 0.0707889150956425	false	1.0
erosion	neg 1.0		neg 0.509298705667646 off 0.41927774943088075 __DUMMY__ 0.0714235449014733	false	1.0
eingehen	neg 1.0		neg 0.5167821062049427 off 0.4121446674987882 __DUMMY__ 0.0710732262962691	false	1.0
faul	off 1.0		neg 0.5056072839145705 off 0.42286707599088785 __DUMMY__ 0.07152564009454167	false	0.5
provisorium	neg 1.0		neg 0.5207456124821912 off 0.4071597915952578 __DUMMY__ 0.07209459592255103	false	1.0
schmerzen	neg 1.0		neg 0.5121507042211113 off 0.416350059737808 __DUMMY__ 0.07149923604108083	false	1.0
schrumpfen	neg 1.0		neg 0.5199290918795311 off 0.4084492599831019 __DUMMY__ 0.07162164813736686	false	1.0
geistlos	off 1.0		neg 0.5144978313103241 off 0.4152768531986843 __DUMMY__ 0.0702253154909916	false	0.5
fehlkauf	neg 1.0		neg 0.5108582373686841 off 0.4182931797148427 __DUMMY__ 0.07084858291647325	false	1.0
frustrierend	neg 1.0		neg 0.508217678681873 off 0.42053434989256083 __DUMMY__ 0.07124797142556615	false	1.0
unzufrieden	neg 1.0		neg 0.515586547047389 off 0.41321497346128944 __DUMMY__ 0.07119847949132145	false	1.0
verzweifeln	neg 1.0		neg 0.5125522652882463 off 0.41607992883050493 __DUMMY__ 0.0713678058812489	false	1.0
verzweifelt	neg 1.0		neg 0.511609366482308 off 0.4172462607487348 __DUMMY__ 0.07114437276895703	false	1.0
misstrauensantrag	neg 1.0		neg 0.5108298679198349 off 0.4183419579651598 __DUMMY__ 0.07082817411500522	false	1.0
abfallen	neg 1.0		neg 0.5081790118320868 off 0.420012856656688 __DUMMY__ 0.07180813151122525	false	1.0
fucker	off 1.0		neg 0.5059431895498688 off 0.42337551918539973 __DUMMY__ 0.07068129126473142	false	0.5
ungezogen	neg 1.0		neg 0.49889558448586513 off 0.4304255062828565 __DUMMY__ 0.07067890923127852	false	1.0
irrsinnig	neg 1.0	neg 1.0	neg 0.7438787615787769 off 0.22204084227769297 __DUMMY__ 0.03408039614353019	false	1.0
unfassbar	neg 1.0		neg 0.5076991650669564 off 0.4212883473792047 __DUMMY__ 0.07101248755383892	false	1.0
hart	neg 1.0		neg 0.5079167002790267 off 0.4212242448683774 __DUMMY__ 0.0708590548525959	false	1.0
widerlich	off 1.0		neg 0.5080971535901854 off 0.42114662416953774 __DUMMY__ 0.07075622224027692	false	0.5
fatal	neg 1.0		neg 0.5102718395476032 off 0.4187539173533811 __DUMMY__ 0.07097424309901551	false	1.0
bruch	neg 1.0		neg 0.5212180501228256 off 0.4078708335341824 __DUMMY__ 0.070911116342992	false	1.0
aushungern	neg 1.0		neg 0.5157993234117257 off 0.4136797388943335 __DUMMY__ 0.07052093769394065	false	1.0
anspannung	neg 1.0		neg 0.5171556074058588 off 0.41101995796113466 __DUMMY__ 0.07182443463300649	false	1.0
von			neg 0.5146729552825933 off 0.4135221628124838 __DUMMY__ 0.07180488190492294	false	0.0
kraftlos	neg 1.0		neg 0.5123084585344149 off 0.41585057567259714 __DUMMY__ 0.07184096579298796	false	1.0
vom			neg 0.5187721147500258 off 0.4090272202032207 __DUMMY__ 0.07220066504675367	false	0.0
grenzdebil	off 1.0		neg 0.5057891088024444 off 0.42309648480284756 __DUMMY__ 0.07111440639470801	false	0.5
vor			neg 0.5169215821231189 off 0.41142240242098516 __DUMMY__ 0.07165601545589592	false	0.0
unterwerfen	neg 1.0		neg 0.5176123175654228 off 0.4113886115883569 __DUMMY__ 0.07099907084622019	false	1.0
versenkung	neg 1.0		neg 0.5167784010707667 off 0.41197063254018895 __DUMMY__ 0.07125096638904453	false	1.0
entziehen	neg 1.0		neg 0.5195902789710102 off 0.409198357868682 __DUMMY__ 0.07121136316030804	false	1.0
finanzkrise	neg 1.0		neg 0.5158246891707892 off 0.4136169301099161 __DUMMY__ 0.07055838071929456	false	1.0
schimpfend	neg 1.0		neg 0.5067328470761199 off 0.42137795500506475 __DUMMY__ 0.07188919791881548	false	1.0
profan	neg 1.0		neg 0.5102558694863752 off 0.41857494118550614 __DUMMY__ 0.07116918932811875	false	1.0
korruption	neg 1.0		neg 0.5179904435979714 off 0.41142194907558693 __DUMMY__ 0.07058760732644176	false	1.0
â			neg 0.5136585457910338 off 0.41489680711650234 __DUMMY__ 0.07144464709246397	false	0.0
schmutzig	neg 1.0		neg 0.5049418207402994 off 0.4236769755443264 __DUMMY__ 0.07138120371537439	false	1.0
sexy	neg 1.0		neg 0.5078874979361183 off 0.421000057351565 __DUMMY__ 0.07111244471231667	false	1.0
abraten	neg 1.0		neg 0.5101203310474095 off 0.41850622049311986 __DUMMY__ 0.07137344845947056	false	1.0
schwarz	neg 1.0		neg 0.5107796905350391 off 0.41815842179243295 __DUMMY__ 0.07106188767252797	false	1.0
fotze	off 1.0		neg 0.5154551967461738 off 0.4136151389628352 __DUMMY__ 0.07092966429099108	false	0.5
verwirren	neg 1.0		neg 0.5094933003250158 off 0.4193695047173199 __DUMMY__ 0.07113719495766428	false	1.0
zahnlos	off 1.0		neg 0.5167309416988638 off 0.41233178908921214 __DUMMY__ 0.07093726921192404	false	0.5
verheeren	neg 1.0		neg 0.49852870315569475 off 0.4312051813878093 __DUMMY__ 0.07026611545649591	false	1.0
hippie	neg 1.0		neg 0.5085325407865904 off 0.420420532721064 __DUMMY__ 0.07104692649234562	false	1.0
rammen	neg 1.0		neg 0.5079866948418679 off 0.4206805047789313 __DUMMY__ 0.07133280037920071	false	1.0
unlauter	neg 1.0	neg 1.0	neg 0.742744312287055 off 0.2232179471666035 __DUMMY__ 0.03403774054634151	false	1.0
unheilvoll	neg 1.0		neg 0.509489174936448 off 0.41919397190771723 __DUMMY__ 0.07131685315583482	false	1.0
niedrig	neg 1.0		neg 0.5145121144951562 off 0.4141624120322704 __DUMMY__ 0.07132547347257333	false	1.0
explosion	neg 1.0		neg 0.5079814506057276 off 0.42077011003600034 __DUMMY__ 0.0712484393582721	false	1.0
weichei	off 1.0		neg 0.5019902833686898 off 0.42729997894180155 __DUMMY__ 0.07070973768950861	false	0.5
minusmensch	off 1.0		neg 0.5015359782371743 off 0.4286486013300744 __DUMMY__ 0.06981542043275124	false	0.5
farblos	neg 1.0		neg 0.5113978779042825 off 0.41749764334971595 __DUMMY__ 0.07110447874600166	false	1.0
unwissend	neg 1.0	neg 1.0	neg 0.7415877592595094 off 0.2244121109425697 __DUMMY__ 0.03400012979792095	false	1.0
traurig	neg 1.0		neg 0.5040769878742921 off 0.4248628112906066 __DUMMY__ 0.0710602008351014	false	1.0
senkung	neg 1.0		neg 0.5089368220041447 off 0.41999482065549276 __DUMMY__ 0.07106835734036256	false	1.0
ungleich	neg 1.0	neg 1.0	neg 0.7464358623767245 off 0.2194619618653218 __DUMMY__ 0.03410217575795361	false	1.0
heikel	neg 1.0		neg 0.517935419267999 off 0.41081579076410973 __DUMMY__ 0.07124878996789125	false	1.0
drosselung	neg 1.0		neg 0.5031740730457563 off 0.4257079118696731 __DUMMY__ 0.07111801508457051	false	1.0
falsch	neg 1.0		neg 0.5085307678145823 off 0.4203798491118721 __DUMMY__ 0.07108938307354562	false	1.0
unzufriedenheit	neg 1.0		neg 0.5184675555563985 off 0.41034590590872283 __DUMMY__ 0.0711865385348788	false	1.0
kurz	neg 1.0		neg 0.5115151984563736 off 0.4167428105873442 __DUMMY__ 0.0717419909562821	false	1.0
unsinnig	neg 1.0		neg 0.5155101326242402 off 0.41338097068967056 __DUMMY__ 0.07110889668608933	false	1.0
penner	off 1.0	off 1.0	off 0.6991363341933243 neg 0.26693523380636486 __DUMMY__ 0.033928432000310725	false	1.0
seicht	neg 1.0		neg 0.5016802996306039 off 0.42806637703017525 __DUMMY__ 0.07025332333922081	false	1.0
dummheit	off 1.0	off 1.0	off 0.6927651283512204 neg 0.27326615075991045 __DUMMY__ 0.03396872088886923	false	1.0
unerfreulich	neg 1.0		neg 0.5172774069034793 off 0.4112445611540274 __DUMMY__ 0.07147803194249316	false	1.0
motherfucker	off 1.0	off 1.0	off 0.6961185906317161 neg 0.26994770057977396 __DUMMY__ 0.03393370878850997	false	1.0
pikiert	neg 1.0		neg 0.5095114406678577 off 0.41971249287905266 __DUMMY__ 0.07077606645308976	false	1.0
wrack	neg 1.0		neg 0.5138865270046178 off 0.41476455400454865 __DUMMY__ 0.07134891899083341	false	1.0
gangster	neg 1.0		neg 0.5092847526639348 off 0.41963693173039207 __DUMMY__ 0.07107831560567322	false	1.0
krank	neg 1.0		neg 0.5043387840477015 off 0.42427870117743494 __DUMMY__ 0.07138251477486368	false	1.0
reich	neg 1.0		neg 0.5119000555250203 off 0.4180671302531168 __DUMMY__ 0.07003281422186286	false	1.0
gnadenlos	neg 1.0		neg 0.5118424757166334 off 0.41701981879480576 __DUMMY__ 0.07113770548856085	false	1.0
niedergeschlagen	neg 1.0		neg 0.5130768469506898 off 0.4155078616457482 __DUMMY__ 0.07141529140356186	false	1.0
terrorisieren	off 1.0	off 1.0	off 0.6898600538934805 neg 0.2759601249054034 __DUMMY__ 0.03417982120111611	false	1.0
sinnlosigkeit	neg 1.0		neg 0.516281070652243 off 0.4127140459281253 __DUMMY__ 0.07100488341963172	false	1.0
behindern	neg 1.0		neg 0.5112693173112189 off 0.4172936551536985 __DUMMY__ 0.07143702753508242	false	1.0
undemokratisch	neg 1.0		neg 0.5147340504139886 off 0.4148271402026109 __DUMMY__ 0.07043880938340055	false	1.0
wirtschaftskrise	neg 1.0		neg 0.5168702417959102 off 0.41233545233945973 __DUMMY__ 0.07079430586463009	false	1.0
neid	neg 1.0		neg 0.5074572516681713 off 0.4211663137345266 __DUMMY__ 0.07137643459730197	false	1.0
rutschen	neg 1.0		neg 0.5147563834074591 off 0.4128502768870587 __DUMMY__ 0.07239333970548217	false	1.0
rezession	neg 1.0		neg 0.5052935785163012 off 0.42434952662496156 __DUMMY__ 0.07035689485873727	false	1.0
fehlgeburt	neg 1.0		neg 0.5130786059737098 off 0.41598380693312464 __DUMMY__ 0.07093758709316572	false	1.0
charakterschwach	off 1.0		neg 0.5081029728251166 off 0.421108050123961 __DUMMY__ 0.07078897705092237	false	0.5
isolation	neg 1.0		neg 0.5068925346344555 off 0.4220283152738481 __DUMMY__ 0.07107915009169646	false	1.0
ablenkung	neg 1.0		neg 0.511141632140122 off 0.41744651933327287 __DUMMY__ 0.07141184852660518	false	1.0
pech	neg 1.0		neg 0.5080883491683548 off 0.4206032632396897 __DUMMY__ 0.07130838759195542	false	1.0
vermeidung	neg 1.0		neg 0.5038208883935764 off 0.42491934205341475 __DUMMY__ 0.07125976955300883	false	1.0
dominieren	neg 1.0		neg 0.5136247833643958 off 0.4151579768868585 __DUMMY__ 0.07121723974874561	false	1.0
schwindlig	neg 1.0		neg 0.5069802417408318 off 0.42142361694105307 __DUMMY__ 0.07159614131811512	false	1.0
lutscher	neg 1.0		neg 0.4999417082164271 off 0.4296949218906138 __DUMMY__ 0.07036336989295902	false	1.0
pflicht	neg 1.0		neg 0.5185903766850408 off 0.41023553078500524 __DUMMY__ 0.07117409252995399	false	1.0
faschist	off 1.0		neg 0.514737958564088 off 0.4150106694219119 __DUMMY__ 0.0702513720140001	false	0.5
verschleudern	neg 1.0		neg 0.5170888437313281 off 0.41203064278079293 __DUMMY__ 0.07088051348787895	false	1.0
wenn			neg 0.5085968238521139 off 0.4203138041105721 __DUMMY__ 0.07108937203731389	false	0.0
ehebruch	neg 1.0		neg 0.5181519239226064 off 0.411027324950002 __DUMMY__ 0.07082075112739145	false	1.0
spott	off 1.0		neg 0.5182627097997293 off 0.4108106821047051 __DUMMY__ 0.07092660809556553	false	0.5
trostlosigkeit	neg 1.0		neg 0.5210272428941248 off 0.40829589828443863 __DUMMY__ 0.07067685882143664	false	1.0
lutschen	neg 1.0		neg 0.5090471320022973 off 0.42018555516192435 __DUMMY__ 0.07076731283577836	false	1.0
undiszipliniert	neg 1.0		neg 0.5049718637336592 off 0.4240147453033832 __DUMMY__ 0.07101339096295768	false	1.0
kopfschmerz	neg 1.0		neg 0.5117141458150328 off 0.41686258629862033 __DUMMY__ 0.07142326788634693	false	1.0
unvorhergesehen	neg 1.0		neg 0.5101332239883595 off 0.41786679095792995 __DUMMY__ 0.07199998505371047	false	1.0
desinteressiert	neg 1.0		neg 0.5063955961213958 off 0.4227770346342499 __DUMMY__ 0.0708273692443541	false	1.0
armselig	off 1.0		neg 0.5060923800302807 off 0.4232335121530319 __DUMMY__ 0.07067410781668723	false	0.5
desaster	neg 1.0		neg 0.5216270594395569 off 0.40745965868201584 __DUMMY__ 0.07091328187842737	false	1.0
tod	neg 1.0		neg 0.5194333844061357 off 0.409957481629451 __DUMMY__ 0.07060913396441325	false	1.0
herzlos	neg 1.0		neg 0.5037800246324181 off 0.42525245458421873 __DUMMY__ 0.07096752078336299	false	1.0
unwissenheit	neg 1.0		neg 0.5169162436755906 off 0.4121911132415401 __DUMMY__ 0.07089264308286927	false	1.0
widersinnig	neg 1.0		neg 0.51779214063344 off 0.4117455507829866 __DUMMY__ 0.07046230858357343	false	1.0
bedenklich	neg 1.0		neg 0.5171819223801289 off 0.41164787039293155 __DUMMY__ 0.07117020722693956	false	1.0
beanstanden	neg 1.0		neg 0.5185531485502677 off 0.41019856140644567 __DUMMY__ 0.07124829004328678	false	1.0
panisch	neg 1.0	neg 1.0	neg 0.7406084857823084 off 0.22486426856745403 __DUMMY__ 0.03452724565023748	false	1.0
debil	off 1.0		neg 0.5204986591789101 off 0.40805206786069537 __DUMMY__ 0.07144927296039437	false	0.5
abstrich	neg 1.0		neg 0.5076698330642876 off 0.4204192770448345 __DUMMY__ 0.07191088989087784	false	1.0
primitiv	neg 1.0		neg 0.5074960689383964 off 0.42176196007560696 __DUMMY__ 0.07074197098599666	false	1.0
abschaum	off 1.0	off 1.0	off 0.6938572139160551 neg 0.2722684541682815 __DUMMY__ 0.033874331915663344	false	1.0
provozieren	neg 1.0		neg 0.5139793763062784 off 0.4151436808088552 __DUMMY__ 0.07087694288486637	false	1.0
tot	neg 1.0		neg 0.5148472230152956 off 0.4142290844074469 __DUMMY__ 0.07092369257725738	false	1.0
instabil	neg 1.0		neg 0.5050741550455987 off 0.42436995095145474 __DUMMY__ 0.07055589400294658	false	1.0
schwuchtel	off 1.0		neg 0.49679361454897664 off 0.43338681241171145 __DUMMY__ 0.06981957303931181	false	0.5
zerren	neg 1.0		neg 0.5135274388775621 off 0.4150962859275425 __DUMMY__ 0.0713762751948953	false	1.0
kinderficker	off 1.0		neg 0.5054517189494392 off 0.42423177394869244 __DUMMY__ 0.07031650710186843	false	0.5
gefahr	neg 1.0		neg 0.5174963988673128 off 0.41152358998411653 __DUMMY__ 0.07098001114857061	false	1.0
rabiat	neg 1.0		neg 0.5129050666489455 off 0.41595918656315545 __DUMMY__ 0.07113574678789905	false	1.0
verlangsamung	neg 1.0		neg 0.5009505193934211 off 0.4286347749602537 __DUMMY__ 0.07041470564632513	false	1.0
ausgestorben	neg 1.0		neg 0.5138255717869312 off 0.4148753780537912 __DUMMY__ 0.07129905015927746	false	1.0
anklagen	neg 1.0		neg 0.5149272623068825 off 0.4142469277153154 __DUMMY__ 0.07082580997780213	false	1.0
trott	neg 1.0		neg 0.5115790950400144 off 0.41707399166298575 __DUMMY__ 0.07134691329699985	false	1.0
verminderung	neg 1.0		neg 0.5047564860548295 off 0.4243196568573673 __DUMMY__ 0.07092385708780329	false	1.0
nach			neg 0.5165074594592353 off 0.41137386280672905 __DUMMY__ 0.07211867773403578	false	0.0
rost	neg 1.0		neg 0.5009361622891707 off 0.4286683523012466 __DUMMY__ 0.07039548540958272	false	1.0
destruktiv	neg 1.0		neg 0.51597351621012 off 0.4132615951875166 __DUMMY__ 0.0707648886023633	false	1.0
unzumutbarkeit	neg 1.0		neg 0.5040952698961755 off 0.4247145899215914 __DUMMY__ 0.07119014018223324	false	1.0
labil	off 1.0	off 1.0	off 0.6949463304215483 neg 0.2710957893083812 __DUMMY__ 0.0339578802700706	false	1.0
ziemlich	neg 1.0		neg 0.5064832236565237 off 0.42242053579856814 __DUMMY__ 0.07109624054490805	false	1.0
lachnummer	off 1.0		neg 0.515728850975508 off 0.41346283171626574 __DUMMY__ 0.07080831730822616	false	0.5
oder			neg 0.5107651365073679 off 0.41769781375539305 __DUMMY__ 0.07153704973723915	false	0.0
verfall	neg 1.0		neg 0.5214351259669116 off 0.4072069178265598 __DUMMY__ 0.07135795620652871	false	1.0
ausgrenzung	neg 1.0		neg 0.5138764962899742 off 0.41567869464937734 __DUMMY__ 0.07044480906064834	false	1.0
unordnung	neg 1.0		neg 0.5051512488047456 off 0.42442065008731455 __DUMMY__ 0.07042810110793986	false	1.0
fehlverhalten	neg 1.0		neg 0.5185937883134364 off 0.41047587658375667 __DUMMY__ 0.07093033510280701	false	1.0
eine			neg 0.5170429670902932 off 0.411392361859451 __DUMMY__ 0.07156467105025596	false	0.0
nille	neg 1.0		neg 0.5145570918082178 off 0.41468971477665545 __DUMMY__ 0.07075319341512684	false	1.0
qual	neg 1.0		neg 0.5119349359043759 off 0.41676455887444286 __DUMMY__ 0.07130050522118135	false	1.0
verschwenden	neg 1.0		neg 0.5161020782572802 off 0.4125704884883184 __DUMMY__ 0.07132743325440133	false	1.0
riesig	neg 1.0		neg 0.5120153370960557 off 0.41656681667115697 __DUMMY__ 0.07141784623278714	false	1.0
verurteilen	neg 1.0		neg 0.5173719701160606 off 0.41185480754981535 __DUMMY__ 0.07077322233412411	false	1.0
klischee	neg 1.0	neg 1.0	neg 0.7428654813533626 off 0.2231838962658264 __DUMMY__ 0.03395062238081102	false	1.0
diktatorisch	neg 1.0		neg 0.5160393276538456 off 0.4137352641415897 __DUMMY__ 0.07022540820456478	false	1.0
vorhersehbar	neg 1.0		neg 0.51209338607269 off 0.4170882994733717 __DUMMY__ 0.07081831445393841	false	1.0
sowie			neg 0.5034530918031426 off 0.42622721014274706 __DUMMY__ 0.07031969805411042	false	0.0
stornieren	neg 1.0		neg 0.5077173641394792 off 0.42083365664212097 __DUMMY__ 0.07144897921840003	false	1.0
besteuerung	neg 1.0		neg 0.5112830241959867 off 0.41767531328692287 __DUMMY__ 0.07104166251709033	false	1.0
ungeschminkt	neg 1.0		neg 0.5057720785725062 off 0.42318523579049955 __DUMMY__ 0.07104268563699438	false	1.0
kritisch	neg 1.0		neg 0.5178853382109077 off 0.41113574032390765 __DUMMY__ 0.07097892146518453	false	1.0
schlamperei	off 1.0		neg 0.5173382642608947 off 0.411734520525359 __DUMMY__ 0.07092721521374641	false	0.5
sucht	neg 1.0	neg 1.0	neg 0.7400906014824765 off 0.22541260005021127 __DUMMY__ 0.03449679846731217	false	1.0
egoistisch	off 1.0		neg 0.5024665917838923 off 0.4268527728848179 __DUMMY__ 0.07068063533128972	false	0.5
ausbeuter	off 1.0		neg 0.5193566809733161 off 0.409784186211574 __DUMMY__ 0.07085913281510985	false	0.5
arschgeburt	off 1.0		neg 0.4969260160397931 off 0.4332480332701774 __DUMMY__ 0.06982595069002942	false	0.5
schubs	neg 1.0	neg 1.0	neg 0.743389727029199 off 0.22210323591315523 __DUMMY__ 0.034507037057645816	false	1.0
unsolide	neg 1.0		neg 0.5131013383761208 off 0.4168880282142846 __DUMMY__ 0.07001063340959454	false	1.0
beschwerde	neg 1.0		neg 0.5160158715370975 off 0.41299582508198174 __DUMMY__ 0.07098830338092069	false	1.0
stocken	neg 1.0		neg 0.5149019885480199 off 0.4137982893962778 __DUMMY__ 0.07129972205570234	false	1.0
isolieren	neg 1.0		neg 0.5110155013807821 off 0.4174095726221453 __DUMMY__ 0.07157492599707274	false	1.0
unheilbar	neg 1.0		neg 0.5128475573837482 off 0.41614223319712246 __DUMMY__ 0.07101020941912922	false	1.0
pisser	off 1.0		neg 0.505332765619637 off 0.42412454526393045 __DUMMY__ 0.07054268911643238	false	0.5
löschen	neg 1.0		neg 0.5116216245187293 off 0.417305697779466 __DUMMY__ 0.07107267770180466	false	1.0
durchfallen	neg 1.0		neg 0.5162309053921366 off 0.4125501311869716 __DUMMY__ 0.0712189634208919	false	1.0
wichser	off 1.0		neg 0.49838353613189734 off 0.43120350418564574 __DUMMY__ 0.07041295968245685	false	0.5
terror	neg 1.0		neg 0.5067253920111222 off 0.4218917213900532 __DUMMY__ 0.0713828865988246	false	1.0
krass	neg 1.0		neg 0.5033353991374878 off 0.4257436554133216 __DUMMY__ 0.07092094544919052	false	1.0
revolte	neg 1.0	neg 1.0	neg 0.7447207775401229 off 0.22169508540458577 __DUMMY__ 0.033584137055291334	false	1.0
besorgt	neg 1.0		neg 0.5117843167754311 off 0.4165182678727704 __DUMMY__ 0.07169741535179852	false	1.0
nachlassen	neg 1.0		neg 0.5122817755496305 off 0.4160863387977747 __DUMMY__ 0.0716318856525949	false	1.0
alt	neg 1.0		neg 0.5138738955074486 off 0.41439467545963965 __DUMMY__ 0.0717314290329118	false	1.0
hundesohn	off 1.0		neg 0.501270411644285 off 0.4286802955935192 __DUMMY__ 0.07004929276219579	false	0.5
als			neg 0.513987452900096 off 0.4145585936845937 __DUMMY__ 0.07145395341531044	false	0.0
abschreckung	neg 1.0		neg 0.519457131384317 off 0.4095003586944099 __DUMMY__ 0.071042509921273	false	1.0
unqualifiziert	neg 1.0		neg 0.5116791701221752 off 0.41749549097004035 __DUMMY__ 0.07082533890778428	false	1.0
abgewichst	off 1.0		neg 0.5141775083337309 off 0.4147824279594871 __DUMMY__ 0.07104006370678195	false	0.5
schwer	neg 1.0		neg 0.5123590486056564 off 0.41628406485671837 __DUMMY__ 0.0713568865376252	false	1.0
bedeutungslosigkeit	neg 1.0		neg 0.5191618695285669 off 0.4098741882891469 __DUMMY__ 0.07096394218228634	false	1.0
kapitulation	neg 1.0		neg 0.5195122099542674 off 0.4100534250264986 __DUMMY__ 0.07043436501923389	false	1.0
unscharf	neg 1.0		neg 0.5082210297651097 off 0.4205188440996853 __DUMMY__ 0.07126012613520488	false	1.0
schwinden	neg 1.0		neg 0.516528293169782 off 0.41213550050426206 __DUMMY__ 0.07133620632595598	false	1.0
versklavung	neg 1.0	neg 1.0	neg 0.7449521220828658 off 0.22125653095203798 __DUMMY__ 0.033791346965096246	false	1.0
schlecht	neg 1.0		neg 0.505842270448705 off 0.4230105464793814 __DUMMY__ 0.0711471830719137	false	1.0
verhasst	neg 1.0		neg 0.5143349355834413 off 0.4148665135874941 __DUMMY__ 0.07079855082906457	false	1.0
beschweren	neg 1.0		neg 0.5103876639979535 off 0.4183523705849276 __DUMMY__ 0.07125996541711883	false	1.0
scheiden	neg 1.0		neg 0.5133005942760513 off 0.4155286311693407 __DUMMY__ 0.07117077455460792	false	1.0
frustriert	neg 1.0		neg 0.5138759152198487 off 0.4148403887448736 __DUMMY__ 0.07128369603527766	false	1.0
schimmelig	neg 1.0		neg 0.5145068191447597 off 0.4140882109921156 __DUMMY__ 0.07140496986312457	false	1.0
fisch	neg 1.0		neg 0.514566196709635 off 0.4140855419823048 __DUMMY__ 0.07134826130806027	false	1.0
schmuggel	neg 1.0		neg 0.5160945813844827 off 0.41238138331432816 __DUMMY__ 0.0715240353011892	false	1.0
auffallen	neg 1.0		neg 0.5100931704401968 off 0.41870633871301055 __DUMMY__ 0.07120049084679266	false	1.0
konkurrenz	neg 1.0		neg 0.5172974450814251 off 0.4112110373911797 __DUMMY__ 0.07149151752739535	false	1.0
teufelskreis	neg 1.0		neg 0.5145270720204816 off 0.4143671358072091 __DUMMY__ 0.07110579217230936	false	1.0
aufschreien	neg 1.0		neg 0.5119232981954365 off 0.417201703948809 __DUMMY__ 0.07087499785575446	false	1.0
schuldner	neg 1.0		neg 0.5178294273981584 off 0.4112116889252186 __DUMMY__ 0.07095888367662295	false	1.0
missgeburt	off 1.0	off 1.0	off 0.697773866262835 neg 0.2684838787869984 __DUMMY__ 0.03374225495016657	false	1.0
arbeitslos	neg 1.0		neg 0.5161102840530903 off 0.4128468489719777 __DUMMY__ 0.07104286697493191	false	1.0
befallen	neg 1.0		neg 0.5188094128748489 off 0.41072129455400685 __DUMMY__ 0.07046929257114425	false	1.0
miesepetrig	off 1.0		neg 0.5052946698413145 off 0.42341322480956267 __DUMMY__ 0.07129210534912281	false	0.5
alarmieren	neg 1.0		neg 0.5091090769150838 off 0.42020471461063097 __DUMMY__ 0.07068620847428533	false	1.0
ungeduscht	off 1.0		neg 0.5079261142790904 off 0.4207777834031309 __DUMMY__ 0.07129610231777865	false	0.5
knappheit	neg 1.0		neg 0.5143493451976844 off 0.41443453036121314 __DUMMY__ 0.07121612444110244	false	1.0
schlange	neg 1.0		neg 0.5092754648567187 off 0.41923327397207627 __DUMMY__ 0.07149126117120509	false	1.0
harsch	neg 1.0		neg 0.49905780660957516 off 0.42989732664497615 __DUMMY__ 0.07104486674544856	false	1.0
lang	neg 1.0		neg 0.5107390081953308 off 0.418048403480676 __DUMMY__ 0.07121258832399321	false	1.0
ziellos	neg 1.0		neg 0.5148572157482174 off 0.413762454580734 __DUMMY__ 0.07138032967104863	false	1.0
selbstverliebt	neg 1.0		neg 0.49948115831423223 off 0.43056310738908526 __DUMMY__ 0.06995573429668255	false	1.0
beseitigen	neg 1.0		neg 0.5094562488278497 off 0.41905967837059926 __DUMMY__ 0.07148407280155111	false	1.0
dumm	off 1.0		neg 0.5023040904680254 off 0.42714839363085394 __DUMMY__ 0.07054751590112071	false	0.5
arbeitsloser	neg 1.0		neg 0.5170106812860269 off 0.41192800210701774 __DUMMY__ 0.07106131660695533	false	1.0
blitzen	neg 1.0		neg 0.5090075195088826 off 0.42000881274056473 __DUMMY__ 0.07098366775055273	false	1.0
hilflos	neg 1.0		neg 0.5143675998407694 off 0.4143532106065964 __DUMMY__ 0.07127918955263414	false	1.0
eklig	off 1.0		neg 0.5012354207003477 off 0.4282499666925376 __DUMMY__ 0.07051461260711467	false	0.5
begriff			neg 0.5147651597729159 off 0.4141213917258142 __DUMMY__ 0.07111344850126995	false	0.0
hungersnot	neg 1.0		neg 0.5173086148100603 off 0.4123612545224201 __DUMMY__ 0.07033013066751953	false	1.0
ungesetzlich	neg 1.0		neg 0.5137604826597341 off 0.4158768186543645 __DUMMY__ 0.07036269868590146	false	1.0
verschwendung	neg 1.0		neg 0.5174054893933505 off 0.4113054288106412 __DUMMY__ 0.0712890817960084	false	1.0
schmerzvoll	neg 1.0		neg 0.5103067935129555 off 0.41841968648786165 __DUMMY__ 0.0712735199991828	false	1.0
vorzeitig	neg 1.0		neg 0.5067613359709692 off 0.42223182219643346 __DUMMY__ 0.07100684183259745	false	1.0
unvollkommenheit	neg 1.0		neg 0.5123899181204514 off 0.41647125520802103 __DUMMY__ 0.07113882667152739	false	1.0
intervenieren	neg 1.0		neg 0.5193563689346143 off 0.40987345686476256 __DUMMY__ 0.07077017420062312	false	1.0
banause	off 1.0		neg 0.5001892431051304 off 0.4294269309575643 __DUMMY__ 0.07038382593730542	false	0.5
rebell	neg 1.0		neg 0.5166230878352324 off 0.41182754298797286 __DUMMY__ 0.07154936917679469	false	1.0
unlogisch	neg 1.0		neg 0.5055339372641844 off 0.42374292985945955 __DUMMY__ 0.07072313287635618	false	1.0
leiden	neg 1.0	neg 1.0	neg 0.7433806241704122 off 0.22179132664634618 __DUMMY__ 0.034828049183241595	false	1.0
abschaffung	neg 1.0		neg 0.5132636261246705 off 0.4159544336872773 __DUMMY__ 0.07078194018805227	false	1.0
sturz	neg 1.0		neg 0.513025314628329 off 0.4162758136286193 __DUMMY__ 0.07069887174305178	false	1.0
verkleinerung	neg 1.0		neg 0.5107705187786601 off 0.4186819048474618 __DUMMY__ 0.07054757637387801	false	1.0
schmarotzer	off 1.0		neg 0.5176887182093777 off 0.4114604915423627 __DUMMY__ 0.07085079024825965	false	0.5
bestrafung	neg 1.0		neg 0.5126874628657422 off 0.41638374665934846 __DUMMY__ 0.07092879047490931	false	1.0
achtlos	neg 1.0		neg 0.5120751613445843 off 0.41651098605560843 __DUMMY__ 0.0714138525998072	false	1.0
ungeheuer	neg 1.0		neg 0.5109736661488067 off 0.4180485860217484 __DUMMY__ 0.07097774782944492	false	1.0
unaufrichtig	neg 1.0		neg 0.5122539122549846 off 0.41721465184313217 __DUMMY__ 0.07053143590188328	false	1.0
groggy	neg 1.0		neg 0.5095736335560669 off 0.41949583180046124 __DUMMY__ 0.07093053464347186	false	1.0
verletzlich	neg 1.0		neg 0.5069155509115997 off 0.42218210271899315 __DUMMY__ 0.07090234636940708	false	1.0
ablehnen	neg 1.0		neg 0.5168836050269967 off 0.4122120340149347 __DUMMY__ 0.07090436095806855	false	1.0
