unsolidarisch	neg 1.0		neg 0.5171533018198647 off 0.4126539671190689 __DUMMY__ 0.07019273106106629	false	1.0
nachteilig	neg 1.0		neg 0.5150969828964966 off 0.41363701612904435 __DUMMY__ 0.07126600097445902	false	1.0
skeptisch	neg 1.0		neg 0.5177943706978545 off 0.41079846292913846 __DUMMY__ 0.07140716637300712	false	1.0
schrecklich	neg 1.0		neg 0.5039253896454754 off 0.42520703550456723 __DUMMY__ 0.07086757484995734	false	1.0
schlapp	neg 1.0		neg 0.5058156048647977 off 0.4227331805654533 __DUMMY__ 0.07145121456974907	false	1.0
abfall	neg 1.0		neg 0.5189596609060351 off 0.409495025998173 __DUMMY__ 0.071545313095792	false	1.0
widerspenstig	neg 1.0		neg 0.5108991917014114 off 0.4175385502662707 __DUMMY__ 0.07156225803231785	false	1.0
abrupt	neg 1.0		neg 0.5110820802208982 off 0.4171122992589711 __DUMMY__ 0.07180562052013072	false	1.0
unwirksam	neg 1.0		neg 0.5142368453186187 off 0.41513999568539395 __DUMMY__ 0.07062315899598748	false	1.0
angreifen	neg 1.0		neg 0.5176123046059545 off 0.41123903251819655 __DUMMY__ 0.07114866287584883	false	1.0
inkonsistent	neg 1.0		neg 0.5099895571938587 off 0.4189265255910157 __DUMMY__ 0.0710839172151255	false	1.0
abrutschen	neg 1.0		neg 0.5184611694955227 off 0.40991732958333443 __DUMMY__ 0.07162150092114275	false	1.0
unsicher	neg 1.0		neg 0.5116262779638929 off 0.41697406563461337 __DUMMY__ 0.07139965640149362	false	1.0
bauernkind	off 1.0		neg 0.5025367540565256 off 0.42715304628529294 __DUMMY__ 0.07031019965818133	false	0.5
angreifer	neg 1.0		neg 0.510729034145049 off 0.41850825492777066 __DUMMY__ 0.0707627109271804	false	1.0
trennen	neg 1.0		neg 0.5146275956582728 off 0.41353486483598667 __DUMMY__ 0.07183753950574062	false	1.0
schmutz	neg 1.0		neg 0.5026399313294512 off 0.4255499421679608 __DUMMY__ 0.07181012650258795	false	1.0
inkonsistenz	neg 1.0	neg 1.0	neg 0.7428865015247229 off 0.22316025808047635 __DUMMY__ 0.03395324039480068	false	1.0
erschreckend	neg 1.0		neg 0.5145929277832209 off 0.41428279962612163 __DUMMY__ 0.07112427259065758	false	1.0
ertrinken	neg 1.0		neg 0.5149118227257317 off 0.4135614406552093 __DUMMY__ 0.07152673661905902	false	1.0
pickelface	off 1.0		neg 0.5129190523718015 off 0.4161931171545288 __DUMMY__ 0.07088783047366973	false	0.5
seiner			neg 0.516914179924409 off 0.41176864799829394 __DUMMY__ 0.07131717207729694	false	0.0
lauch	neg 1.0		neg 0.5174348416366582 off 0.41107109501284095 __DUMMY__ 0.07149406335050078	false	1.0
unwichtig	neg 1.0		neg 0.5080407456027022 off 0.42091182615035516 __DUMMY__ 0.0710474282469428	false	1.0
steuerhinterziehung	neg 1.0		neg 0.5161663368018355 off 0.41320520859119997 __DUMMY__ 0.07062845460696457	false	1.0
schock	neg 1.0		neg 0.5117060659191496 off 0.416562347580264 __DUMMY__ 0.07173158650058628	false	1.0
beule	neg 1.0		neg 0.5046827977852536 off 0.4239616663726047 __DUMMY__ 0.07135553584214163	false	1.0
vergelten	neg 1.0		neg 0.5039553821658863 off 0.4255445149440435 __DUMMY__ 0.07050010289007014	false	1.0
verdorbenheit	neg 1.0		neg 0.5088556162831566 off 0.4196027260465705 __DUMMY__ 0.07154165767027303	false	1.0
trauma	neg 1.0		neg 0.5106860741492902 off 0.4181810831526158 __DUMMY__ 0.0711328426980939	false	1.0
sinnlos	neg 1.0		neg 0.510282576884315 off 0.41855368929397524 __DUMMY__ 0.07116373382170973	false	1.0
fettsack	off 1.0	off 1.0	off 0.6978964850977025 neg 0.26823760311285266 __DUMMY__ 0.03386591178944476	false	1.0
feige	off 1.0		neg 0.510477074136722 off 0.41882464900195526 __DUMMY__ 0.07069827686132257	false	0.5
abdanken	neg 1.0		neg 0.5181396763187144 off 0.41160107940507684 __DUMMY__ 0.07025924427620885	false	1.0
wichtigtuer	off 1.0	off 1.0	off 0.6922434081538693 neg 0.27379854273966503 __DUMMY__ 0.033958049106465736	false	1.0
misslingen	neg 1.0		neg 0.5086809276535422 off 0.4198693096063153 __DUMMY__ 0.07144976274014248	false	1.0
untreu	off 1.0		neg 0.507371715502968 off 0.42162149996307907 __DUMMY__ 0.07100678453395293	false	0.5
missmutig	neg 1.0		neg 0.5075550951207992 off 0.42115194899994246 __DUMMY__ 0.07129295587925849	false	1.0
hurenbock	off 1.0		neg 0.5079215200526183 off 0.42042196933953047 __DUMMY__ 0.07165651060785132	false	0.5
betrunken	neg 1.0		neg 0.504500424966034 off 0.42430638110069474 __DUMMY__ 0.07119319393327139	false	1.0
korrupt	off 1.0		neg 0.518723368492795 off 0.41078224722869533 __DUMMY__ 0.07049438427850978	false	0.5
unmut	neg 1.0		neg 0.5194123537596698 off 0.4092850993640298 __DUMMY__ 0.07130254687630042	false	1.0
hackfresse	off 1.0		neg 0.5008846455598461 off 0.42844977724182015 __DUMMY__ 0.07066557719833363	false	0.5
aufblasen	neg 1.0		neg 0.5092714562433116 off 0.41920992953637665 __DUMMY__ 0.07151861422031185	false	1.0
gewaltsam	neg 1.0		neg 0.5135672388138073 off 0.4157301553434888 __DUMMY__ 0.07070260584270399	false	1.0
unbeliebtheit	neg 1.0		neg 0.5107720123187464 off 0.41924461937638224 __DUMMY__ 0.06998336830487145	false	1.0
sturheit	neg 1.0		neg 0.5160400945887021 off 0.4131364748730028 __DUMMY__ 0.07082343053829497	false	1.0
kuh	neg 1.0		neg 0.510665329191999 off 0.4182639367973296 __DUMMY__ 0.0710707340106713	false	1.0
erschrecken	neg 1.0		neg 0.5082198152819314 off 0.4205408990200118 __DUMMY__ 0.07123928569805689	false	1.0
opfer	neg 1.0	neg 1.0	neg 0.7460886369542891 off 0.21974799424161992 __DUMMY__ 0.03416336880409091	false	1.0
sinken	neg 1.0		neg 0.5179513181566159 off 0.4106646200212068 __DUMMY__ 0.07138406182217741	false	1.0
stinktier	neg 1.0		neg 0.5042136357131354 off 0.42511874131560345 __DUMMY__ 0.0706676229712611	false	1.0
tucke	off 1.0		neg 0.4990497013546166 off 0.43010510575623206 __DUMMY__ 0.07084519288915142	false	0.5
ein			neg 0.5087234403116583 off 0.4195040225578052 __DUMMY__ 0.0717725371305365	false	0.0
abstieg	neg 1.0		neg 0.5161164030455664 off 0.4129990375491809 __DUMMY__ 0.07088455940525297	false	1.0
missverstehen	neg 1.0		neg 0.5122865317037685 off 0.41689245082689574 __DUMMY__ 0.07082101746933575	false	1.0
ergebnislos	neg 1.0		neg 0.5158294896836432 off 0.4131272197562508 __DUMMY__ 0.07104329056010605	false	1.0
unter			neg 0.5188762659483139 off 0.40879802605598436 __DUMMY__ 0.07232570799570161	false	0.0
manipulieren	neg 1.0		neg 0.5172945100380569 off 0.41147142105106566 __DUMMY__ 0.07123406891087754	false	1.0
unbewiesen	neg 1.0		neg 0.5169346354563998 off 0.41280701883012444 __DUMMY__ 0.07025834571347575	false	1.0
verschleppen	neg 1.0		neg 0.5166570704906998 off 0.4124040637344721 __DUMMY__ 0.07093886577482826	false	1.0
weib	off 1.0		neg 0.4999386184068875 off 0.42952332934801757 __DUMMY__ 0.07053805224509499	false	0.5
opposition	neg 1.0		neg 0.5134808007540101 off 0.41597568781211686 __DUMMY__ 0.07054351143387293	false	1.0
verkehrswidrig	neg 1.0		neg 0.5006328746884189 off 0.4282856450808231 __DUMMY__ 0.07108148023075801	false	1.0
inkorrekt	neg 1.0		neg 0.5106616416803595 off 0.41903919026561864 __DUMMY__ 0.0702991680540217	false	1.0
vermeiden	neg 1.0		neg 0.5175113149936382 off 0.41046148923988 __DUMMY__ 0.07202719576648163	false	1.0
abweichung	neg 1.0		neg 0.5171726017083978 off 0.41206576901226877 __DUMMY__ 0.07076162927933334	false	1.0
alkoholisiert	neg 1.0		neg 0.512398772312363 off 0.41597897793027433 __DUMMY__ 0.0716222497573627	false	1.0
scheiss	off 1.0	off 1.0	off 0.696235446531955 neg 0.26960431492135956 __DUMMY__ 0.03416023854668544	false	1.0
herausforderung	neg 1.0		neg 0.5108227543327696 off 0.4171585446806788 __DUMMY__ 0.07201870098655165	false	1.0
pervers	off 1.0		neg 0.49729202469477146 off 0.43227939231140267 __DUMMY__ 0.0704285829938259	false	0.5
wackelig	neg 1.0		neg 0.5110230128249554 off 0.4169868612774665 __DUMMY__ 0.07199012589757804	false	1.0
verwickeln	neg 1.0		neg 0.5117280291368991 off 0.4172860455242498 __DUMMY__ 0.0709859253388511	false	1.0
vorwand	neg 1.0		neg 0.5193513671585415 off 0.4095097640001371 __DUMMY__ 0.07113886884132142	false	1.0
muschi	off 1.0		neg 0.5138263936131804 off 0.41533968851248987 __DUMMY__ 0.07083391787432974	false	0.5
entmutigung	neg 1.0		neg 0.5163062195235053 off 0.4138172064583949 __DUMMY__ 0.06987657401809974	false	1.0
unangemessen	neg 1.0		neg 0.5174271060217215 off 0.41176426783800574 __DUMMY__ 0.07080862614027283	false	1.0
unstetig	neg 1.0		neg 0.508816712534373 off 0.42021471463053317 __DUMMY__ 0.07096857283509392	false	1.0
entmutigen	neg 1.0		neg 0.5108280701249831 off 0.41788124571397983 __DUMMY__ 0.07129068416103701	false	1.0
schwanz	neg 1.0		neg 0.5143966256244945 off 0.414403203445444 __DUMMY__ 0.07120017093006163	false	1.0
verbot	neg 1.0		neg 0.517148618316772 off 0.4122052348956747 __DUMMY__ 0.0706461467875533	false	1.0
leid	neg 1.0		neg 0.5023383921397944 off 0.4268627401222972 __DUMMY__ 0.0707988677379085	false	1.0
archaisch	neg 1.0		neg 0.5163651477615027 off 0.41274696887235496 __DUMMY__ 0.07088788336614227	false	1.0
gegen			neg 0.5196062385492085 off 0.4093973628354302 __DUMMY__ 0.0709963986153613	false	0.0
scheidung	neg 1.0	neg 1.0	neg 0.7299157388384946 off 0.23618709375891456 __DUMMY__ 0.03389716740259084	false	1.0
einschlag	neg 1.0		neg 0.5041124131012718 off 0.42527952291611104 __DUMMY__ 0.07060806398261706	false	1.0
m			neg 0.5122427262592889 off 0.41625124328151586 __DUMMY__ 0.07150603045919532	false	0.0
abgestanden	neg 1.0		neg 0.509585531353424 off 0.4187676412766463 __DUMMY__ 0.07164682736992974	false	1.0
schmierig	off 1.0		neg 0.5028150490512945 off 0.42622446302605155 __DUMMY__ 0.07096048792265396	false	0.5
unpraktisch	neg 1.0		neg 0.5087315246584361 off 0.41965405169305464 __DUMMY__ 0.0716144236485093	false	1.0
wixxer	off 1.0		neg 0.4981169244297086 off 0.43164817805424344 __DUMMY__ 0.07023489751604801	false	0.5
bezeichnet			neg 0.5152464494354071 off 0.41388778602545834 __DUMMY__ 0.0708657645391346	false	0.0
jammerlappen	off 1.0		neg 0.5083349403876721 off 0.4206499538254454 __DUMMY__ 0.07101510578688248	false	0.5
farce	neg 1.0		neg 0.5189472711512769 off 0.4108272297663883 __DUMMY__ 0.0702254990823347	false	1.0
zwecklos	neg 1.0		neg 0.5169264194514053 off 0.41209852366530214 __DUMMY__ 0.0709750568832925	false	1.0
turbulent	neg 1.0		neg 0.5050213063410214 off 0.4242744701580938 __DUMMY__ 0.07070422350088489	false	1.0
invasion	neg 1.0		neg 0.5078039225392393 off 0.42085408662418444 __DUMMY__ 0.07134199083657608	false	1.0
schuld	neg 1.0		neg 0.5123546444362838 off 0.4165710941108106 __DUMMY__ 0.07107426145290557	false	1.0
risiko	neg 1.0		neg 0.506040772362361 off 0.42235982898051155 __DUMMY__ 0.07159939865712756	false	1.0
finster	neg 1.0		neg 0.5091947425866303 off 0.41911832453714726 __DUMMY__ 0.07168693287622246	false	1.0
geisteskrank	off 1.0		neg 0.5091473810550365 off 0.4203562383350094 __DUMMY__ 0.07049638060995403	false	0.5
zusammenbrechen	neg 1.0		neg 0.5127602337358123 off 0.41574960690175067 __DUMMY__ 0.0714901593624372	false	1.0
ausbeute	neg 1.0		neg 0.5128492675209645 off 0.41546490723882007 __DUMMY__ 0.07168582524021543	false	1.0
hinterhalt	neg 1.0		neg 0.5120184642663035 off 0.41697044632515456 __DUMMY__ 0.07101108940854174	false	1.0
kritik	neg 1.0		neg 0.5179703392448802 off 0.4116208610753948 __DUMMY__ 0.07040879967972503	false	1.0
einschrumpfen	neg 1.0		neg 0.511391449608292 off 0.41812513951014324 __DUMMY__ 0.0704834108815648	false	1.0
riskant	neg 1.0		neg 0.5162189167484553 off 0.41242501279863314 __DUMMY__ 0.07135607045291147	false	1.0
frustrieren	neg 1.0		neg 0.516916952944787 off 0.41184207996535394 __DUMMY__ 0.0712409670898591	false	1.0
groll	neg 1.0		neg 0.5165990318811647 off 0.4124069121963151 __DUMMY__ 0.07099405592252002	false	1.0
gibt			neg 0.514324016303755 off 0.41438044528575346 __DUMMY__ 0.07129553841049142	false	0.0
qualvoll	neg 1.0		neg 0.5092501719686319 off 0.41945349303508256 __DUMMY__ 0.07129633499628542	false	1.0
wackeln	neg 1.0		neg 0.5090159377195137 off 0.4192872160517285 __DUMMY__ 0.07169684622875777	false	1.0
klagen	neg 1.0		neg 0.5196391853441049 off 0.4092682280773168 __DUMMY__ 0.07109258657857821	false	1.0
bankrott	neg 1.0		neg 0.5064018466260766 off 0.42235067868021786 __DUMMY__ 0.07124747469370567	false	1.0
trauern	neg 1.0		neg 0.5169085915978339 off 0.41189656289544907 __DUMMY__ 0.07119484550671715	false	1.0
ablehnung	neg 1.0	neg 1.0	neg 0.7463466587128597 off 0.21982128632130657 __DUMMY__ 0.03383205496583378	false	1.0
stur	neg 1.0		neg 0.5116386927759412 off 0.41724233794335674 __DUMMY__ 0.07111896928070204	false	1.0
aufruhr	neg 1.0		neg 0.515044799334048 off 0.41439356844902037 __DUMMY__ 0.07056163221693164	false	1.0
melancholie	neg 1.0		neg 0.5123227361204905 off 0.4159441031527365 __DUMMY__ 0.07173316072677303	false	1.0
ist			neg 0.5114064693936483 off 0.4174821316562626 __DUMMY__ 0.07111139895008899	false	0.0
torheit	neg 1.0		neg 0.5161608241994233 off 0.4135791582633809 __DUMMY__ 0.07026001753719578	false	1.0
dreckskind	off 1.0		neg 0.504497879662699 off 0.4253064314376732 __DUMMY__ 0.07019568889962777	false	0.5
umtauschen	neg 1.0		neg 0.5106379629953474 off 0.4177603655686037 __DUMMY__ 0.07160167143604884	false	1.0
zum			neg 0.515347043512724 off 0.41232857086768154 __DUMMY__ 0.07232438561959453	false	0.0
zersetzen	neg 1.0		neg 0.5183066845893304 off 0.41052220306445586 __DUMMY__ 0.0711711123462137	false	1.0
zur			neg 0.520198965422486 off 0.40830142486185755 __DUMMY__ 0.07149960971565651	false	0.0
frust	neg 1.0		neg 0.5139038848583822 off 0.41474674754529545 __DUMMY__ 0.07134936759632242	false	1.0
unerbittlichkeit	neg 1.0		neg 0.5178631816208142 off 0.41106878613587194 __DUMMY__ 0.0710680322433139	false	1.0
zwei			neg 0.5150545702828945 off 0.41292202419451934 __DUMMY__ 0.0720234055225861	false	0.0
unkorrekt	neg 1.0		neg 0.5094350426800589 off 0.42020445769713405 __DUMMY__ 0.070360499622807	false	1.0
hexe	off 1.0		neg 0.5066950242866907 off 0.42220054074532637 __DUMMY__ 0.07110443496798288	false	0.5
lasch	neg 1.0		neg 0.5113958180233787 off 0.4178726215967001 __DUMMY__ 0.07073156037992101	false	1.0
rivale	neg 1.0		neg 0.5040490212927553 off 0.4252335566761663 __DUMMY__ 0.07071742203107836	false	1.0
mutlos	off 1.0	off 1.0	off 0.6894019696454922 neg 0.276586000952343 __DUMMY__ 0.0340120294021648	false	1.0
wirr	off 1.0		neg 0.5068510180722761 off 0.42268474153994734 __DUMMY__ 0.07046424038777671	false	0.5
jahr			neg 0.5128708377308043 off 0.41521509224329484 __DUMMY__ 0.07191407002590082	false	0.0
wird			neg 0.5156407574991715 off 0.4130293058220189 __DUMMY__ 0.07132993667880962	false	0.0
strafbar	neg 1.0		neg 0.5190448575535493 off 0.41016622735080827 __DUMMY__ 0.07078891509564253	false	1.0
erosion	neg 1.0		neg 0.5092987056676463 off 0.4192777494308801 __DUMMY__ 0.07142354490147348	false	1.0
eingehen	neg 1.0		neg 0.5167821062049427 off 0.41214466749878814 __DUMMY__ 0.07107322629626912	false	1.0
faul	off 1.0		neg 0.5056072839145703 off 0.422867075990888 __DUMMY__ 0.07152564009454151	false	0.5
provisorium	neg 1.0		neg 0.520745612482191 off 0.40715979159525806 __DUMMY__ 0.07209459592255087	false	1.0
schmerzen	neg 1.0		neg 0.5121507042211106 off 0.41635005973780825 __DUMMY__ 0.07149923604108097	false	1.0
schrumpfen	neg 1.0		neg 0.5199290918795302 off 0.4084492599831028 __DUMMY__ 0.07162164813736696	false	1.0
geistlos	off 1.0		neg 0.514497831310324 off 0.41527685319868435 __DUMMY__ 0.07022531549099156	false	0.5
fehlkauf	neg 1.0		neg 0.5108582373686839 off 0.4182931797148428 __DUMMY__ 0.07084858291647331	false	1.0
frustrierend	neg 1.0		neg 0.508217678681873 off 0.42053434989256094 __DUMMY__ 0.07124797142556613	false	1.0
unzufrieden	neg 1.0		neg 0.5155865470473889 off 0.4132149734612896 __DUMMY__ 0.07119847949132159	false	1.0
verzweifeln	neg 1.0		neg 0.5125522652882462 off 0.416079928830505 __DUMMY__ 0.07136780588124879	false	1.0
verzweifelt	neg 1.0		neg 0.511609366482308 off 0.4172462607487349 __DUMMY__ 0.07114437276895703	false	1.0
misstrauensantrag	neg 1.0		neg 0.5108298679198338 off 0.4183419579651609 __DUMMY__ 0.07082817411500535	false	1.0
abfallen	neg 1.0		neg 0.5081790118320866 off 0.42001285665668814 __DUMMY__ 0.07180813151122521	false	1.0
fucker	off 1.0		neg 0.5059431895498683 off 0.4233755191854002 __DUMMY__ 0.0706812912647314	false	0.5
ungezogen	neg 1.0		neg 0.498895584485866 off 0.4304255062828554 __DUMMY__ 0.07067890923127852	false	1.0
irrsinnig	neg 1.0	neg 1.0	neg 0.743878761578777 off 0.22204084227769286 __DUMMY__ 0.034080396143530214	false	1.0
unfassbar	neg 1.0		neg 0.5076991650669561 off 0.4212883473792049 __DUMMY__ 0.07101248755383899	false	1.0
hart	neg 1.0		neg 0.5079167002790262 off 0.42122424486837784 __DUMMY__ 0.07085905485259586	false	1.0
widerlich	off 1.0		neg 0.5080971535901855 off 0.42114662416953763 __DUMMY__ 0.07075622224027693	false	0.5
fatal	neg 1.0		neg 0.5102718395476037 off 0.41875391735338074 __DUMMY__ 0.07097424309901555	false	1.0
bruch	neg 1.0		neg 0.5212180501228258 off 0.4078708335341822 __DUMMY__ 0.07091111634299191	false	1.0
aushungern	neg 1.0		neg 0.5157993234117249 off 0.41367973889433446 __DUMMY__ 0.07052093769394062	false	1.0
anspannung	neg 1.0		neg 0.5171556074058588 off 0.4110199579611349 __DUMMY__ 0.0718244346330064	false	1.0
von			neg 0.514672955282594 off 0.4135221628124832 __DUMMY__ 0.07180488190492279	false	0.0
kraftlos	neg 1.0		neg 0.5123084585344152 off 0.4158505756725968 __DUMMY__ 0.07184096579298796	false	1.0
vom			neg 0.518772114750026 off 0.4090272202032204 __DUMMY__ 0.07220066504675361	false	0.0
grenzdebil	off 1.0		neg 0.5057891088024442 off 0.4230964848028477 __DUMMY__ 0.07111440639470816	false	0.5
vor			neg 0.5169215821231191 off 0.4114224024209851 __DUMMY__ 0.07165601545589588	false	0.0
unterwerfen	neg 1.0		neg 0.5176123175654224 off 0.41138861158835743 __DUMMY__ 0.07099907084622023	false	1.0
versenkung	neg 1.0		neg 0.5167784010707671 off 0.41197063254018845 __DUMMY__ 0.07125096638904445	false	1.0
entziehen	neg 1.0		neg 0.5195902789710098 off 0.4091983578686819 __DUMMY__ 0.07121136316030818	false	1.0
finanzkrise	neg 1.0		neg 0.5158246891707896 off 0.4136169301099157 __DUMMY__ 0.0705583807192946	false	1.0
schimpfend	neg 1.0		neg 0.5067328470761195 off 0.421377955005065 __DUMMY__ 0.07188919791881544	false	1.0
profan	neg 1.0		neg 0.5102558694863746 off 0.41857494118550664 __DUMMY__ 0.07116918932811869	false	1.0
korruption	neg 1.0		neg 0.5179904435979713 off 0.41142194907558705 __DUMMY__ 0.0705876073264418	false	1.0
â			neg 0.5136585457910344 off 0.4148968071165016 __DUMMY__ 0.07144464709246393	false	0.0
schmutzig	neg 1.0		neg 0.5049418207402996 off 0.4236769755443262 __DUMMY__ 0.07138120371537425	false	1.0
sexy	neg 1.0		neg 0.5078874979361184 off 0.42100005735156487 __DUMMY__ 0.07111244471231674	false	1.0
abraten	neg 1.0		neg 0.510120331047409 off 0.41850622049312036 __DUMMY__ 0.07137344845947062	false	1.0
schwarz	neg 1.0		neg 0.5107796905350392 off 0.41815842179243307 __DUMMY__ 0.07106188767252782	false	1.0
fotze	off 1.0		neg 0.5154551967461731 off 0.41361513896283586 __DUMMY__ 0.07092966429099107	false	0.5
verwirren	neg 1.0		neg 0.5094933003250163 off 0.4193695047173195 __DUMMY__ 0.07113719495766427	false	1.0
zahnlos	off 1.0		neg 0.5167309416988638 off 0.4123317890892121 __DUMMY__ 0.07093726921192411	false	0.5
verheeren	neg 1.0		neg 0.49852870315569486 off 0.4312051813878091 __DUMMY__ 0.07026611545649594	false	1.0
hippie	neg 1.0		neg 0.5085325407865907 off 0.4204205327210636 __DUMMY__ 0.07104692649234567	false	1.0
rammen	neg 1.0		neg 0.5079866948418681 off 0.42068050477893126 __DUMMY__ 0.07133280037920074	false	1.0
unlauter	neg 1.0	neg 1.0	neg 0.7427443122870553 off 0.2232179471666032 __DUMMY__ 0.034037740546341524	false	1.0
unheilvoll	neg 1.0		neg 0.5094891749364484 off 0.41919397190771673 __DUMMY__ 0.07131685315583475	false	1.0
niedrig	neg 1.0		neg 0.5145121144951561 off 0.4141624120322706 __DUMMY__ 0.07132547347257341	false	1.0
explosion	neg 1.0		neg 0.5079814506057275 off 0.42077011003600034 __DUMMY__ 0.07124843935827217	false	1.0
weichei	off 1.0		neg 0.5019902833686903 off 0.427299978941801 __DUMMY__ 0.0707097376895087	false	0.5
minusmensch	off 1.0		neg 0.5015359782371743 off 0.4286486013300745 __DUMMY__ 0.0698154204327511	false	0.5
farblos	neg 1.0		neg 0.5113978779042825 off 0.417497643349716 __DUMMY__ 0.07110447874600168	false	1.0
unwissend	neg 1.0	neg 1.0	neg 0.7415877592595089 off 0.22441211094257013 __DUMMY__ 0.03400012979792089	false	1.0
traurig	neg 1.0		neg 0.5040769878742924 off 0.4248628112906065 __DUMMY__ 0.07106020083510123	false	1.0
senkung	neg 1.0		neg 0.5089368220041443 off 0.41999482065549326 __DUMMY__ 0.07106835734036246	false	1.0
ungleich	neg 1.0	neg 1.0	neg 0.7464358623767249 off 0.2194619618653217 __DUMMY__ 0.03410217575795351	false	1.0
heikel	neg 1.0		neg 0.5179354192679989 off 0.4108157907641099 __DUMMY__ 0.07124878996789115	false	1.0
drosselung	neg 1.0		neg 0.5031740730457561 off 0.4257079118696734 __DUMMY__ 0.0711180150845705	false	1.0
falsch	neg 1.0		neg 0.5085307678145817 off 0.42037984911187254 __DUMMY__ 0.07108938307354572	false	1.0
unzufriedenheit	neg 1.0		neg 0.518467555556398 off 0.4103459059087231 __DUMMY__ 0.07118653853487883	false	1.0
kurz	neg 1.0		neg 0.5115151984563739 off 0.41674281058734414 __DUMMY__ 0.07174199095628195	false	1.0
unsinnig	neg 1.0		neg 0.5155101326242403 off 0.41338097068967017 __DUMMY__ 0.07110889668608956	false	1.0
penner	off 1.0	off 1.0	off 0.6991363341933242 neg 0.26693523380636497 __DUMMY__ 0.033928432000310794	false	1.0
seicht	neg 1.0		neg 0.5016802996306038 off 0.4280663770301752 __DUMMY__ 0.07025332333922094	false	1.0
dummheit	off 1.0	off 1.0	off 0.6927651283512207 neg 0.27326615075991 __DUMMY__ 0.03396872088886922	false	1.0
unerfreulich	neg 1.0		neg 0.5172774069034796 off 0.41124456115402735 __DUMMY__ 0.07147803194249307	false	1.0
motherfucker	off 1.0	off 1.0	off 0.6961185906317158 neg 0.26994770057977424 __DUMMY__ 0.033933708788509945	false	1.0
pikiert	neg 1.0		neg 0.5095114406678568 off 0.41971249287905343 __DUMMY__ 0.07077606645308981	false	1.0
wrack	neg 1.0		neg 0.5138865270046177 off 0.4147645540045489 __DUMMY__ 0.07134891899083345	false	1.0
gangster	neg 1.0		neg 0.5092847526639349 off 0.4196369317303919 __DUMMY__ 0.0710783156056733	false	1.0
krank	neg 1.0		neg 0.5043387840477023 off 0.4242787011774344 __DUMMY__ 0.07138251477486342	false	1.0
reich	neg 1.0		neg 0.5119000555250205 off 0.4180671302531168 __DUMMY__ 0.07003281422186282	false	1.0
gnadenlos	neg 1.0		neg 0.5118424757166333 off 0.4170198187948058 __DUMMY__ 0.07113770548856083	false	1.0
niedergeschlagen	neg 1.0		neg 0.5130768469506902 off 0.41550786164574804 __DUMMY__ 0.0714152914035618	false	1.0
terrorisieren	off 1.0	off 1.0	off 0.6898600538934806 neg 0.2759601249054032 __DUMMY__ 0.03417982120111609	false	1.0
sinnlosigkeit	neg 1.0		neg 0.5162810706522433 off 0.4127140459281253 __DUMMY__ 0.07100488341963158	false	1.0
behindern	neg 1.0		neg 0.5112693173112189 off 0.41729365515369876 __DUMMY__ 0.07143702753508235	false	1.0
undemokratisch	neg 1.0		neg 0.5147340504139891 off 0.4148271402026103 __DUMMY__ 0.0704388093834005	false	1.0
wirtschaftskrise	neg 1.0		neg 0.5168702417959102 off 0.4123354523394597 __DUMMY__ 0.07079430586463015	false	1.0
neid	neg 1.0		neg 0.5074572516681718 off 0.4211663137345262 __DUMMY__ 0.07137643459730204	false	1.0
rutschen	neg 1.0		neg 0.5147563834074588 off 0.412850276887059 __DUMMY__ 0.0723933397054824	false	1.0
rezession	neg 1.0		neg 0.5052935785163012 off 0.42434952662496145 __DUMMY__ 0.07035689485873735	false	1.0
fehlgeburt	neg 1.0		neg 0.5130786059737097 off 0.4159838069331246 __DUMMY__ 0.07093758709316576	false	1.0
charakterschwach	off 1.0		neg 0.5081029728251165 off 0.4211080501239609 __DUMMY__ 0.07078897705092241	false	0.5
isolation	neg 1.0		neg 0.5068925346344547 off 0.42202831527384893 __DUMMY__ 0.07107915009169645	false	1.0
ablenkung	neg 1.0		neg 0.5111416321401218 off 0.4174465193332732 __DUMMY__ 0.07141184852660508	false	1.0
pech	neg 1.0		neg 0.508088349168354 off 0.42060326323969044 __DUMMY__ 0.07130838759195547	false	1.0
vermeidung	neg 1.0		neg 0.5038208883935762 off 0.424919342053415 __DUMMY__ 0.07125976955300894	false	1.0
dominieren	neg 1.0		neg 0.5136247833643951 off 0.4151579768868591 __DUMMY__ 0.0712172397487457	false	1.0
schwindlig	neg 1.0		neg 0.5069802417408314 off 0.4214236169410534 __DUMMY__ 0.07159614131811523	false	1.0
lutscher	neg 1.0		neg 0.4999417082164275 off 0.42969492189061353 __DUMMY__ 0.07036336989295904	false	1.0
pflicht	neg 1.0		neg 0.5185903766850409 off 0.4102355307850053 __DUMMY__ 0.07117409252995378	false	1.0
faschist	off 1.0		neg 0.5147379585640881 off 0.4150106694219118 __DUMMY__ 0.07025137201400018	false	0.5
verschleudern	neg 1.0		neg 0.5170888437313281 off 0.41203064278079293 __DUMMY__ 0.070880513487879	false	1.0
wenn			neg 0.5085968238521134 off 0.4203138041105727 __DUMMY__ 0.07108937203731396	false	0.0
ehebruch	neg 1.0		neg 0.5181519239226062 off 0.4110273249500022 __DUMMY__ 0.07082075112739147	false	1.0
spott	off 1.0		neg 0.5182627097997295 off 0.410810682104705 __DUMMY__ 0.07092660809556542	false	0.5
trostlosigkeit	neg 1.0		neg 0.5210272428941245 off 0.4082958982844389 __DUMMY__ 0.07067685882143664	false	1.0
lutschen	neg 1.0		neg 0.509047132002297 off 0.4201855551619246 __DUMMY__ 0.07076731283577832	false	1.0
undiszipliniert	neg 1.0		neg 0.5049718637336599 off 0.42401474530338257 __DUMMY__ 0.0710133909629575	false	1.0
kopfschmerz	neg 1.0		neg 0.511714145815033 off 0.4168625862986201 __DUMMY__ 0.07142326788634694	false	1.0
unvorhergesehen	neg 1.0		neg 0.5101332239883601 off 0.41786679095792945 __DUMMY__ 0.07199998505371046	false	1.0
desinteressiert	neg 1.0		neg 0.5063955961213962 off 0.4227770346342497 __DUMMY__ 0.07082736924435405	false	1.0
armselig	off 1.0		neg 0.5060923800302811 off 0.4232335121530316 __DUMMY__ 0.07067410781668725	false	0.5
desaster	neg 1.0		neg 0.521627059439557 off 0.40745965868201567 __DUMMY__ 0.07091328187842733	false	1.0
tod	neg 1.0		neg 0.519433384406136 off 0.4099574816294509 __DUMMY__ 0.07060913396441316	false	1.0
herzlos	neg 1.0		neg 0.5037800246324174 off 0.4252524545842194 __DUMMY__ 0.070967520783363	false	1.0
unwissenheit	neg 1.0		neg 0.5169162436755905 off 0.41219111324154006 __DUMMY__ 0.07089264308286945	false	1.0
widersinnig	neg 1.0		neg 0.5177921406334398 off 0.4117455507829868 __DUMMY__ 0.0704623085835735	false	1.0
bedenklich	neg 1.0		neg 0.517181922380129 off 0.41164787039293144 __DUMMY__ 0.07117020722693952	false	1.0
beanstanden	neg 1.0		neg 0.518553148550267 off 0.4101985614064462 __DUMMY__ 0.07124829004328667	false	1.0
panisch	neg 1.0	neg 1.0	neg 0.7406084857823084 off 0.22486426856745412 __DUMMY__ 0.03452724565023746	false	1.0
debil	off 1.0		neg 0.52049865917891 off 0.4080520678606955 __DUMMY__ 0.07144927296039442	false	0.5
abstrich	neg 1.0		neg 0.5076698330642878 off 0.4204192770448342 __DUMMY__ 0.0719108898908778	false	1.0
primitiv	neg 1.0		neg 0.5074960689383962 off 0.4217619600756072 __DUMMY__ 0.07074197098599658	false	1.0
abschaum	off 1.0	off 1.0	off 0.6938572139160551 neg 0.2722684541682815 __DUMMY__ 0.03387433191566337	false	1.0
provozieren	neg 1.0		neg 0.5139793763062781 off 0.41514368080885555 __DUMMY__ 0.07087694288486636	false	1.0
tot	neg 1.0		neg 0.5148472230152956 off 0.414229084407447 __DUMMY__ 0.07092369257725735	false	1.0
instabil	neg 1.0		neg 0.5050741550455988 off 0.42436995095145463 __DUMMY__ 0.07055589400294655	false	1.0
schwuchtel	off 1.0		neg 0.49679361454897625 off 0.43338681241171195 __DUMMY__ 0.06981957303931192	false	0.5
zerren	neg 1.0		neg 0.5135274388775616 off 0.41509628592754305 __DUMMY__ 0.0713762751948953	false	1.0
kinderficker	off 1.0		neg 0.5054517189494394 off 0.4242317739486921 __DUMMY__ 0.0703165071018686	false	0.5
gefahr	neg 1.0		neg 0.5174963988673124 off 0.4115235899841171 __DUMMY__ 0.07098001114857053	false	1.0
rabiat	neg 1.0		neg 0.5129050666489454 off 0.4159591865631555 __DUMMY__ 0.07113574678789895	false	1.0
verlangsamung	neg 1.0		neg 0.5009505193934212 off 0.4286347749602537 __DUMMY__ 0.07041470564632511	false	1.0
ausgestorben	neg 1.0		neg 0.5138255717869314 off 0.4148753780537912 __DUMMY__ 0.07129905015927734	false	1.0
anklagen	neg 1.0		neg 0.514927262306882 off 0.4142469277153159 __DUMMY__ 0.07082580997780204	false	1.0
trott	neg 1.0		neg 0.5115790950400139 off 0.4170739916629863 __DUMMY__ 0.0713469132969999	false	1.0
verminderung	neg 1.0		neg 0.5047564860548305 off 0.4243196568573663 __DUMMY__ 0.07092385708780324	false	1.0
nach			neg 0.516507459459235 off 0.41137386280672916 __DUMMY__ 0.07211867773403594	false	0.0
rost	neg 1.0		neg 0.5009361622891704 off 0.4286683523012468 __DUMMY__ 0.07039548540958274	false	1.0
destruktiv	neg 1.0		neg 0.5159735162101198 off 0.4132615951875169 __DUMMY__ 0.07076488860236325	false	1.0
unzumutbarkeit	neg 1.0		neg 0.5040952698961749 off 0.4247145899215918 __DUMMY__ 0.07119014018223335	false	1.0
labil	off 1.0	off 1.0	off 0.6949463304215483 neg 0.2710957893083812 __DUMMY__ 0.03395788027007059	false	1.0
ziemlich	neg 1.0		neg 0.5064832236565234 off 0.42242053579856836 __DUMMY__ 0.07109624054490815	false	1.0
lachnummer	off 1.0		neg 0.5157288509755082 off 0.4134628317162656 __DUMMY__ 0.07080831730822625	false	0.5
oder			neg 0.5107651365073675 off 0.4176978137553933 __DUMMY__ 0.07153704973723914	false	0.0
verfall	neg 1.0		neg 0.5214351259669116 off 0.40720691782655977 __DUMMY__ 0.07135795620652866	false	1.0
ausgrenzung	neg 1.0		neg 0.5138764962899749 off 0.4156786946493767 __DUMMY__ 0.07044480906064832	false	1.0
unordnung	neg 1.0		neg 0.5051512488047457 off 0.42442065008731433 __DUMMY__ 0.07042810110793997	false	1.0
fehlverhalten	neg 1.0		neg 0.5185937883134366 off 0.4104758765837565 __DUMMY__ 0.07093033510280704	false	1.0
eine			neg 0.5170429670902933 off 0.4113923618594509 __DUMMY__ 0.07156467105025596	false	0.0
nille	neg 1.0		neg 0.5145570918082184 off 0.4146897147766546 __DUMMY__ 0.07075319341512686	false	1.0
qual	neg 1.0		neg 0.5119349359043757 off 0.4167645588744428 __DUMMY__ 0.07130050522118145	false	1.0
verschwenden	neg 1.0		neg 0.5161020782572806 off 0.41257048848831807 __DUMMY__ 0.0713274332544014	false	1.0
riesig	neg 1.0		neg 0.512015337096056 off 0.4165668166711568 __DUMMY__ 0.07141784623278713	false	1.0
verurteilen	neg 1.0		neg 0.5173719701160604 off 0.41185480754981546 __DUMMY__ 0.07077322233412406	false	1.0
klischee	neg 1.0	neg 1.0	neg 0.7428654813533625 off 0.22318389626582635 __DUMMY__ 0.03395062238081104	false	1.0
diktatorisch	neg 1.0		neg 0.5160393276538452 off 0.41373526414158984 __DUMMY__ 0.07022540820456488	false	1.0
vorhersehbar	neg 1.0		neg 0.5120933860726906 off 0.41708829947337106 __DUMMY__ 0.07081831445393832	false	1.0
sowie			neg 0.5034530918031423 off 0.4262272101427474 __DUMMY__ 0.07031969805411033	false	0.0
stornieren	neg 1.0		neg 0.5077173641394792 off 0.42083365664212075 __DUMMY__ 0.07144897921840004	false	1.0
besteuerung	neg 1.0		neg 0.5112830241959864 off 0.41767531328692326 __DUMMY__ 0.0710416625170905	false	1.0
ungeschminkt	neg 1.0		neg 0.5057720785725065 off 0.42318523579049927 __DUMMY__ 0.07104268563699434	false	1.0
kritisch	neg 1.0		neg 0.5178853382109082 off 0.41113574032390726 __DUMMY__ 0.07097892146518445	false	1.0
schlamperei	off 1.0		neg 0.5173382642608942 off 0.41173452052535914 __DUMMY__ 0.07092721521374655	false	0.5
sucht	neg 1.0	neg 1.0	neg 0.7400906014824765 off 0.2254126000502113 __DUMMY__ 0.034496798467312184	false	1.0
egoistisch	off 1.0		neg 0.5024665917838931 off 0.4268527728848174 __DUMMY__ 0.07068063533128954	false	0.5
ausbeuter	off 1.0		neg 0.5193566809733166 off 0.40978418621157364 __DUMMY__ 0.07085913281510979	false	0.5
arschgeburt	off 1.0		neg 0.4969260160397931 off 0.43324803327017747 __DUMMY__ 0.06982595069002936	false	0.5
schubs	neg 1.0	neg 1.0	neg 0.743389727029199 off 0.222103235913155 __DUMMY__ 0.034507037057645885	false	1.0
unsolide	neg 1.0		neg 0.5131013383761203 off 0.4168880282142853 __DUMMY__ 0.07001063340959449	false	1.0
beschwerde	neg 1.0		neg 0.5160158715370978 off 0.4129958250819815 __DUMMY__ 0.07098830338092063	false	1.0
stocken	neg 1.0		neg 0.5149019885480203 off 0.4137982893962774 __DUMMY__ 0.07129972205570236	false	1.0
isolieren	neg 1.0		neg 0.5110155013807826 off 0.41740957262214484 __DUMMY__ 0.07157492599707276	false	1.0
unheilbar	neg 1.0		neg 0.5128475573837477 off 0.4161422331971231 __DUMMY__ 0.07101020941912922	false	1.0
pisser	off 1.0		neg 0.5053327656196372 off 0.4241245452639304 __DUMMY__ 0.0705426891164323	false	0.5
löschen	neg 1.0		neg 0.5116216245187295 off 0.41730569777946586 __DUMMY__ 0.07107267770180468	false	1.0
durchfallen	neg 1.0		neg 0.5162309053921366 off 0.4125501311869713 __DUMMY__ 0.07121896342089194	false	1.0
wichser	off 1.0		neg 0.498383536131897 off 0.4312035041856462 __DUMMY__ 0.07041295968245678	false	0.5
terror	neg 1.0		neg 0.5067253920111222 off 0.4218917213900532 __DUMMY__ 0.07138288659882464	false	1.0
krass	neg 1.0		neg 0.5033353991374881 off 0.4257436554133215 __DUMMY__ 0.07092094544919049	false	1.0
revolte	neg 1.0	neg 1.0	neg 0.7447207775401226 off 0.22169508540458613 __DUMMY__ 0.03358413705529133	false	1.0
besorgt	neg 1.0		neg 0.511784316775431 off 0.41651826787277046 __DUMMY__ 0.0716974153517985	false	1.0
nachlassen	neg 1.0		neg 0.51228177554963 off 0.416086338797775 __DUMMY__ 0.07163188565259498	false	1.0
alt	neg 1.0		neg 0.5138738955074491 off 0.41439467545963915 __DUMMY__ 0.07173142903291171	false	1.0
hundesohn	off 1.0		neg 0.5012704116442849 off 0.4286802955935194 __DUMMY__ 0.07004929276219574	false	0.5
als			neg 0.5139874529000958 off 0.4145585936845937 __DUMMY__ 0.07145395341531047	false	0.0
abschreckung	neg 1.0		neg 0.5194571313843173 off 0.40950035869440965 __DUMMY__ 0.07104250992127309	false	1.0
unqualifiziert	neg 1.0		neg 0.511679170122175 off 0.4174954909700406 __DUMMY__ 0.07082533890778427	false	1.0
abgewichst	off 1.0		neg 0.5141775083337308 off 0.4147824279594871 __DUMMY__ 0.07104006370678201	false	0.5
schwer	neg 1.0		neg 0.5123590486056568 off 0.41628406485671804 __DUMMY__ 0.07135688653762504	false	1.0
bedeutungslosigkeit	neg 1.0		neg 0.5191618695285675 off 0.40987418828914624 __DUMMY__ 0.07096394218228629	false	1.0
kapitulation	neg 1.0		neg 0.5195122099542672 off 0.410053425026499 __DUMMY__ 0.07043436501923389	false	1.0
unscharf	neg 1.0		neg 0.5082210297651097 off 0.4205188440996854 __DUMMY__ 0.0712601261352049	false	1.0
schwinden	neg 1.0		neg 0.5165282931697828 off 0.41213550050426123 __DUMMY__ 0.07133620632595589	false	1.0
versklavung	neg 1.0	neg 1.0	neg 0.7449521220828657 off 0.22125653095203815 __DUMMY__ 0.03379134696509621	false	1.0
schlecht	neg 1.0		neg 0.5058422704487054 off 0.4230105464793809 __DUMMY__ 0.0711471830719137	false	1.0
verhasst	neg 1.0		neg 0.5143349355834411 off 0.41486651358749443 __DUMMY__ 0.07079855082906453	false	1.0
beschweren	neg 1.0		neg 0.5103876639979535 off 0.4183523705849276 __DUMMY__ 0.07125996541711896	false	1.0
scheiden	neg 1.0		neg 0.5133005942760515 off 0.4155286311693406 __DUMMY__ 0.07117077455460787	false	1.0
frustriert	neg 1.0		neg 0.513875915219848 off 0.4148403887448745 __DUMMY__ 0.07128369603527764	false	1.0
schimmelig	neg 1.0		neg 0.51450681914476 off 0.4140882109921153 __DUMMY__ 0.07140496986312468	false	1.0
fisch	neg 1.0		neg 0.5145661967096349 off 0.4140855419823047 __DUMMY__ 0.07134826130806039	false	1.0
schmuggel	neg 1.0		neg 0.5160945813844825 off 0.4123813833143283 __DUMMY__ 0.07152403530118923	false	1.0
auffallen	neg 1.0		neg 0.5100931704401963 off 0.418706338713011 __DUMMY__ 0.07120049084679275	false	1.0
konkurrenz	neg 1.0		neg 0.5172974450814247 off 0.4112110373911797 __DUMMY__ 0.0714915175273954	false	1.0
teufelskreis	neg 1.0		neg 0.514527072020482 off 0.41436713580720863 __DUMMY__ 0.07110579217230921	false	1.0
aufschreien	neg 1.0		neg 0.5119232981954367 off 0.4172017039488089 __DUMMY__ 0.07087499785575435	false	1.0
schuldner	neg 1.0		neg 0.5178294273981583 off 0.4112116889252189 __DUMMY__ 0.07095888367662281	false	1.0
missgeburt	off 1.0	off 1.0	off 0.697773866262835 neg 0.2684838787869985 __DUMMY__ 0.03374225495016659	false	1.0
arbeitslos	neg 1.0		neg 0.5161102840530906 off 0.4128468489719773 __DUMMY__ 0.071042866974932	false	1.0
befallen	neg 1.0		neg 0.518809412874849 off 0.4107212945540068 __DUMMY__ 0.07046929257114412	false	1.0
miesepetrig	off 1.0		neg 0.5052946698413141 off 0.4234132248095629 __DUMMY__ 0.07129210534912295	false	0.5
alarmieren	neg 1.0		neg 0.5091090769150839 off 0.4202047146106307 __DUMMY__ 0.07068620847428542	false	1.0
ungeduscht	off 1.0		neg 0.507926114279091 off 0.4207777834031304 __DUMMY__ 0.07129610231777864	false	0.5
knappheit	neg 1.0		neg 0.5143493451976839 off 0.4144345303612137 __DUMMY__ 0.07121612444110251	false	1.0
schlange	neg 1.0		neg 0.5092754648567185 off 0.4192332739720765 __DUMMY__ 0.07149126117120509	false	1.0
harsch	neg 1.0		neg 0.4990578066095745 off 0.429897326644977 __DUMMY__ 0.07104486674544856	false	1.0
lang	neg 1.0		neg 0.5107390081953311 off 0.4180484034806758 __DUMMY__ 0.07121258832399315	false	1.0
ziellos	neg 1.0		neg 0.5148572157482173 off 0.41376245458073424 __DUMMY__ 0.07138032967104854	false	1.0
selbstverliebt	neg 1.0		neg 0.49948115831423234 off 0.4305631073890853 __DUMMY__ 0.06995573429668253	false	1.0
beseitigen	neg 1.0		neg 0.5094562488278499 off 0.41905967837059915 __DUMMY__ 0.07148407280155107	false	1.0
dumm	off 1.0		neg 0.502304090468025 off 0.4271483936308544 __DUMMY__ 0.07054751590112066	false	0.5
arbeitsloser	neg 1.0		neg 0.517010681286027 off 0.4119280021070176 __DUMMY__ 0.0710613166069553	false	1.0
blitzen	neg 1.0		neg 0.5090075195088823 off 0.4200088127405648 __DUMMY__ 0.07098366775055279	false	1.0
hilflos	neg 1.0		neg 0.51436759984077 off 0.4143532106065957 __DUMMY__ 0.0712791895526342	false	1.0
eklig	off 1.0		neg 0.5012354207003481 off 0.42824996669253723 __DUMMY__ 0.0705146126071146	false	0.5
begriff			neg 0.5147651597729163 off 0.4141213917258138 __DUMMY__ 0.07111344850126997	false	0.0
hungersnot	neg 1.0		neg 0.5173086148100601 off 0.4123612545224203 __DUMMY__ 0.07033013066751966	false	1.0
ungesetzlich	neg 1.0		neg 0.5137604826597344 off 0.4158768186543641 __DUMMY__ 0.07036269868590145	false	1.0
verschwendung	neg 1.0		neg 0.51740548939335 off 0.41130542881064164 __DUMMY__ 0.07128908179600837	false	1.0
schmerzvoll	neg 1.0		neg 0.5103067935129552 off 0.41841968648786193 __DUMMY__ 0.07127351999918292	false	1.0
vorzeitig	neg 1.0		neg 0.506761335970969 off 0.4222318221964335 __DUMMY__ 0.07100684183259744	false	1.0
unvollkommenheit	neg 1.0		neg 0.5123899181204512 off 0.4164712552080213 __DUMMY__ 0.07113882667152736	false	1.0
intervenieren	neg 1.0		neg 0.5193563689346138 off 0.40987345686476323 __DUMMY__ 0.07077017420062301	false	1.0
banause	off 1.0		neg 0.5001892431051305 off 0.42942693095756423 __DUMMY__ 0.07038382593730533	false	0.5
rebell	neg 1.0		neg 0.5166230878352323 off 0.41182754298797314 __DUMMY__ 0.07154936917679468	false	1.0
unlogisch	neg 1.0		neg 0.505533937264184 off 0.4237429298594599 __DUMMY__ 0.07072313287635618	false	1.0
leiden	neg 1.0	neg 1.0	neg 0.7433806241704123 off 0.22179132664634615 __DUMMY__ 0.034828049183241554	false	1.0
abschaffung	neg 1.0		neg 0.51326362612467 off 0.41595443368727764 __DUMMY__ 0.07078194018805228	false	1.0
sturz	neg 1.0		neg 0.5130253146283299 off 0.4162758136286184 __DUMMY__ 0.07069887174305171	false	1.0
verkleinerung	neg 1.0		neg 0.51077051877866 off 0.4186819048474619 __DUMMY__ 0.07054757637387811	false	1.0
schmarotzer	off 1.0		neg 0.5176887182093777 off 0.4114604915423627 __DUMMY__ 0.07085079024825965	false	0.5
bestrafung	neg 1.0		neg 0.5126874628657427 off 0.41638374665934813 __DUMMY__ 0.07092879047490917	false	1.0
achtlos	neg 1.0		neg 0.5120751613445843 off 0.4165109860556084 __DUMMY__ 0.07141385259980725	false	1.0
ungeheuer	neg 1.0		neg 0.510973666148807 off 0.4180485860217479 __DUMMY__ 0.07097774782944495	false	1.0
unaufrichtig	neg 1.0		neg 0.5122539122549844 off 0.4172146518431324 __DUMMY__ 0.07053143590188322	false	1.0
groggy	neg 1.0		neg 0.509573633556066 off 0.4194958318004622 __DUMMY__ 0.0709305346434718	false	1.0
verletzlich	neg 1.0		neg 0.5069155509115996 off 0.4221821027189935 __DUMMY__ 0.07090234636940704	false	1.0
ablehnen	neg 1.0		neg 0.5168836050269962 off 0.41221203401493517 __DUMMY__ 0.07090436095806857	false	1.0
kollaps	neg 1.0		neg 0.5143546702148554 off 0.4149344808805092 __DUMMY__ 0.07071084890463536	false	1.0
