unsolidarisch	neg 1.0		neg 0.5322298911961408 off 0.42484339537664173 __DUMMY__ 0.04292671342721741	false	1.0
nachteilig	neg 1.0		neg 0.5303964938192053 off 0.42601843400962847 __DUMMY__ 0.04358507217116611	false	1.0
skeptisch	neg 1.0		neg 0.5331327911462471 off 0.4231952627218067 __DUMMY__ 0.043671946131946214	false	1.0
schrecklich	neg 1.0		neg 0.5190929219529048 off 0.43756617867733133 __DUMMY__ 0.04334089936976382	false	1.0
schlapp	neg 1.0		neg 0.52111294992351 off 0.43518826602376554 __DUMMY__ 0.04369878405272446	false	1.0
abfall	neg 1.0		neg 0.5343316325813063 off 0.4219118742901936 __DUMMY__ 0.04375649312850015	false	1.0
widerspenstig	neg 1.0		neg 0.5262416186215811 off 0.429991543027539 __DUMMY__ 0.04376683835087996	false	1.0
abrupt	neg 1.0		neg 0.526480796400454 off 0.42960360063511227 __DUMMY__ 0.04391560296443375	false	1.0
unwirksam	neg 1.0		neg 0.5293887160377894 off 0.4274206780759021 __DUMMY__ 0.04319060588630853	false	1.0
angreifen	neg 1.0		neg 0.5328954702946971 off 0.4235911270232923 __DUMMY__ 0.043513402682010566	false	1.0
inkonsistent	neg 1.0		neg 0.525226333131819 off 0.43130064509429156 __DUMMY__ 0.04347302177388955	false	1.0
abrutschen	neg 1.0		neg 0.5338472707072955 off 0.4223492718357523 __DUMMY__ 0.043803457456952063	false	1.0
unsicher	neg 1.0		neg 0.5269389851608534 off 0.4293935977253922 __DUMMY__ 0.043667417113754416	false	1.0
bauernkind	off 1.0		neg 0.5175768135375811 off 0.4394248255335987 __DUMMY__ 0.042998360928820305	false	0.5
angreifer	neg 1.0		neg 0.5259032852371845 off 0.4308207356733975 __DUMMY__ 0.043275979089418014	false	1.0
trennen	neg 1.0		neg 0.5300447563986013 off 0.42601935050732787 __DUMMY__ 0.0439358930940708	false	1.0
schmutz	neg 1.0		neg 0.5180119115437394 off 0.4380700089989723 __DUMMY__ 0.04391807945728818	false	1.0
inkonsistenz	neg 1.0	neg 1.0	neg 0.7501831571572158 off 0.22907391359696586 __DUMMY__ 0.020742929245818324	false	1.0
erschreckend	neg 1.0		neg 0.5298584602031724 off 0.42664303832953165 __DUMMY__ 0.04349850146729609	false	1.0
ertrinken	neg 1.0		neg 0.5302643021516344 off 0.425990525053171 __DUMMY__ 0.04374517279519457	false	1.0
pickelface	off 1.0		neg 0.5281277119501624 off 0.42851928839169684 __DUMMY__ 0.0433529996581407	false	0.5
seiner			neg 0.5322296433555805 off 0.4241536123432655 __DUMMY__ 0.043616744301154	false	0.0
lauch	neg 1.0		neg 0.5327887132863777 off 0.42348641719634883 __DUMMY__ 0.04372486951727369	false	1.0
unwichtig	neg 1.0		neg 0.5232652801080371 off 0.4332834585041195 __DUMMY__ 0.04345126138784335	false	1.0
steuerhinterziehung	neg 1.0		neg 0.5313326719664866 off 0.42547356039053397 __DUMMY__ 0.04319376764297945	false	1.0
schock	neg 1.0		neg 0.5270896651931464 off 0.4290395787249375 __DUMMY__ 0.043870756081916255	false	1.0
beule	neg 1.0		neg 0.5199552456752602 off 0.4364048638694809 __DUMMY__ 0.043639890455258894	false	1.0
vergelten	neg 1.0		neg 0.5190497657522806 off 0.4378355884128678 __DUMMY__ 0.04311464583485171	false	1.0
verdorbenheit	neg 1.0		neg 0.5241845700169576 off 0.4320613114078495 __DUMMY__ 0.04375411857519281	false	1.0
trauma	neg 1.0		neg 0.5259372249367156 off 0.4305589496610945 __DUMMY__ 0.043503825402189986	false	1.0
sinnlos	neg 1.0		neg 0.5255395061563227 off 0.4309377781433753 __DUMMY__ 0.04352271570030192	false	1.0
fettsack	off 1.0	off 1.0	off 0.7038020353940697 neg 0.27550850476717664 __DUMMY__ 0.02068945983875367	false	1.0
feige	off 1.0		neg 0.5256351355975537 off 0.43112782424507456 __DUMMY__ 0.04323704015737178	false	0.5
abdanken	neg 1.0		neg 0.5332352257017839 off 0.42379748065260153 __DUMMY__ 0.042967293645614635	false	1.0
wichtigtuer	off 1.0	off 1.0	off 0.6981579044217786 neg 0.2810961154912295 __DUMMY__ 0.02074598008699186	false	1.0
misslingen	neg 1.0		neg 0.5239945607210407 off 0.4323080859699207 __DUMMY__ 0.04369735330903851	false	1.0
untreu	off 1.0		neg 0.522583257446061 off 0.43399039218408036 __DUMMY__ 0.04342635036985853	false	0.5
missmutig	neg 1.0		neg 0.5228282422551856 off 0.4335700747762914 __DUMMY__ 0.043601682968523015	false	1.0
hurenbock	off 1.0		neg 0.5232730501769702 off 0.43290300751425403 __DUMMY__ 0.043823942308775767	false	0.5
betrunken	neg 1.0		neg 0.5197381249775946 off 0.4367213149092256 __DUMMY__ 0.04354056011317965	false	1.0
korrupt	off 1.0		neg 0.5338711663521728 off 0.42301709686753003 __DUMMY__ 0.04311173678029726	false	0.5
unmut	neg 1.0		neg 0.5347364263227962 off 0.42165593646938204 __DUMMY__ 0.04360763720782168	false	1.0
hackfresse	off 1.0		neg 0.5159975139876453 off 0.4407856258320882 __DUMMY__ 0.043216860180266735	false	0.5
aufblasen	neg 1.0		neg 0.5245987091348159 off 0.43166102354923164 __DUMMY__ 0.04374026731595251	false	1.0
gewaltsam	neg 1.0		neg 0.5287383761335566 off 0.42802251124375035 __DUMMY__ 0.04323911262269326	false	1.0
unbeliebtheit	neg 1.0		neg 0.5257781047695198 off 0.4314240608173247 __DUMMY__ 0.042797834413155496	false	1.0
sturheit	neg 1.0		neg 0.5312487806719263 off 0.4254374795563105 __DUMMY__ 0.04331373977176317	false	1.0
kuh	neg 1.0		neg 0.5258977557715359 off 0.43063754056926784 __DUMMY__ 0.04346470365919645	false	1.0
erschrecken	neg 1.0		neg 0.5234833128388013 off 0.43294767383300137 __DUMMY__ 0.04356901332819733	false	1.0
opfer	neg 1.0	neg 1.0	neg 0.7534332872658569 off 0.22569520717650965 __DUMMY__ 0.02087150555763341	false	1.0
sinken	neg 1.0		neg 0.5332840912784255 off 0.4230586153825077 __DUMMY__ 0.04365729333906684	false	1.0
stinktier	neg 1.0		neg 0.5193379914973003 off 0.43744421393933036 __DUMMY__ 0.04321779456336939	false	1.0
tucke	off 1.0		neg 0.5141936054937102 off 0.4424799353767068 __DUMMY__ 0.04332645912958301	false	0.5
ein			neg 0.5241034660774019 off 0.4320008629287853 __DUMMY__ 0.043895670993812766	false	0.0
abstieg	neg 1.0		neg 0.5313372156119094 off 0.4253120354326282 __DUMMY__ 0.04335074895546259	false	1.0
missverstehen	neg 1.0		neg 0.5274776484025799 off 0.42920998822500434 __DUMMY__ 0.04331236337241586	false	1.0
ergebnislos	neg 1.0		neg 0.5310841551856134 off 0.42546755989129165 __DUMMY__ 0.043448284923094875	false	1.0
unter			neg 0.5344154285208323 off 0.4213493257706027 __DUMMY__ 0.04423524570856494	false	0.0
manipulieren	neg 1.0		neg 0.532596665769416 off 0.42383779517139814 __DUMMY__ 0.04356553905918594	false	1.0
unbewiesen	neg 1.0		neg 0.5320250873889236 off 0.4250080502990443 __DUMMY__ 0.04296686231203202	false	1.0
verschleppen	neg 1.0		neg 0.5318928608794165 off 0.42472303038436476 __DUMMY__ 0.04338410873621872	false	1.0
weib	off 1.0		neg 0.5150211236517441 off 0.44184050449695567 __DUMMY__ 0.04313837185130025	false	0.5
opposition	neg 1.0		neg 0.5286109670929536 off 0.4282471542329119 __DUMMY__ 0.043141878674134486	false	1.0
verkehrswidrig	neg 1.0		neg 0.5158342664090897 off 0.4406943590981713 __DUMMY__ 0.043471374492739	false	1.0
inkorrekt	neg 1.0		neg 0.5257356359454569 off 0.43127251509790204 __DUMMY__ 0.04299184895664089	false	1.0
vermeiden	neg 1.0		neg 0.5329813883698838 off 0.42296663496708214 __DUMMY__ 0.044051976663033975	false	1.0
abweichung	neg 1.0		neg 0.5323697729364113 off 0.4243547399986372 __DUMMY__ 0.043275487064951594	false	1.0
alkoholisiert	neg 1.0		neg 0.5277581202887781 off 0.42843903059433436 __DUMMY__ 0.04380284911688758	false	1.0
scheiss	off 1.0	off 1.0	off 0.7021925532173859 neg 0.27693792937686634 __DUMMY__ 0.0208695174057477	false	1.0
herausforderung	neg 1.0		neg 0.5262706743011083 off 0.42968284214764796 __DUMMY__ 0.04404648355124359	false	1.0
pervers	off 1.0		neg 0.512341935027377 off 0.44458679166166876 __DUMMY__ 0.043071273310954214	false	0.5
wackelig	neg 1.0		neg 0.5264574957179123 off 0.4295130660921226 __DUMMY__ 0.044029438189965034	false	1.0
verwickeln	neg 1.0		neg 0.5269534525991729 off 0.42963302150753246 __DUMMY__ 0.043413525893294676	false	1.0
vorwand	neg 1.0		neg 0.5346382731186695 off 0.4218544258873803 __DUMMY__ 0.0435073009939501	false	1.0
muschi	off 1.0		neg 0.529026144818578 off 0.4276538045479629 __DUMMY__ 0.04332005063345909	false	0.5
entmutigung	neg 1.0		neg 0.531311123742742 off 0.42595636482145793 __DUMMY__ 0.04273251143580007	false	1.0
unangemessen	neg 1.0		neg 0.5326357969210174 off 0.42405948324852716 __DUMMY__ 0.04330471983045561	false	1.0
unstetig	neg 1.0		neg 0.5240248334351865 off 0.4325731840347284 __DUMMY__ 0.04340198253008502	false	1.0
entmutigen	neg 1.0		neg 0.5261156352979646 off 0.4302840415975519 __DUMMY__ 0.04360032310448351	false	1.0
schwanz	neg 1.0		neg 0.5296759831044904 off 0.42677950360469447 __DUMMY__ 0.043544513290815004	false	1.0
verbot	neg 1.0		neg 0.5323239054090465 off 0.4244713792219195 __DUMMY__ 0.043204715369034016	false	1.0
leid	neg 1.0		neg 0.5174853081952948 off 0.4392160843070015 __DUMMY__ 0.043298607497703714	false	1.0
archaisch	neg 1.0		neg 0.5315856257085859 off 0.42506112945301555 __DUMMY__ 0.043353244838398634	false	1.0
gegen			neg 0.5348653319319865 off 0.4217149780460082 __DUMMY__ 0.0434196900220054	false	0.0
scheidung	neg 1.0	neg 1.0	neg 0.7371931697214142 off 0.24209839542242026 __DUMMY__ 0.020708434856165404	false	1.0
einschlag	neg 1.0		neg 0.5192268012210679 off 0.4375919105992231 __DUMMY__ 0.04318128817970896	false	1.0
m			neg 0.5275788105728411 off 0.42868842105681226 __DUMMY__ 0.043732768370346786	false	0.0
abgestanden	neg 1.0		neg 0.5249363472833147 off 0.4312453847722425 __DUMMY__ 0.0438182679444427	false	1.0
schmierig	off 1.0		neg 0.5179984767297182 off 0.43860373271143865 __DUMMY__ 0.04339779055884322	false	0.5
unpraktisch	neg 1.0		neg 0.5240762935074739 off 0.43212475321902927 __DUMMY__ 0.04379895327349665	false	1.0
wixxer	off 1.0		neg 0.5131273950272206 off 0.4439201571456714 __DUMMY__ 0.042952447827108046	false	0.5
bezeichnet			neg 0.5304591020596379 off 0.4262011043254341 __DUMMY__ 0.04333979361492785	false	0.0
jammerlappen	off 1.0		neg 0.5235525161987133 off 0.4330160008063973 __DUMMY__ 0.043431482994889394	false	0.5
farce	neg 1.0		neg 0.5340365035475196 off 0.42301680819709947 __DUMMY__ 0.04294668825538085	false	1.0
zwecklos	neg 1.0		neg 0.5321680446723689 off 0.42442503679926413 __DUMMY__ 0.04340691852836711	false	1.0
turbulent	neg 1.0		neg 0.5201601939637438 off 0.43660017319107475 __DUMMY__ 0.043239632845181564	false	1.0
invasion	neg 1.0		neg 0.5230902697127187 off 0.4332776957582062 __DUMMY__ 0.0436320345290752	false	1.0
schuld	neg 1.0		neg 0.5276010337031457 off 0.42893114534450844 __DUMMY__ 0.043467820952345915	false	1.0
risiko	neg 1.0		neg 0.5213806738859589 off 0.43483020195235295 __DUMMY__ 0.04378912416168809	false	1.0
finster	neg 1.0		neg 0.5245531871723014 off 0.4316036263275626 __DUMMY__ 0.04384318650013621	false	1.0
geisteskrank	off 1.0		neg 0.524257337639399 off 0.4326294811612402 __DUMMY__ 0.04311318119936077	false	0.5
zusammenbrechen	neg 1.0		neg 0.5280973670971132 off 0.42817966257123613 __DUMMY__ 0.04372297033165077	false	1.0
ausbeute	neg 1.0		neg 0.528224542068905 off 0.42793326306663826 __DUMMY__ 0.04384219486445679	false	1.0
hinterhalt	neg 1.0		neg 0.5272481869583799 off 0.4293237648802501 __DUMMY__ 0.04342804816136983	false	1.0
kritik	neg 1.0		neg 0.5330966130092765 off 0.4238442416005622 __DUMMY__ 0.04305914539016125	false	1.0
einschrumpfen	neg 1.0		neg 0.526505129910845 off 0.43038988701672587 __DUMMY__ 0.04310498307242926	false	1.0
riskant	neg 1.0		neg 0.531540217754029 off 0.4248190906967554 __DUMMY__ 0.04364069154921549	false	1.0
frustrieren	neg 1.0		neg 0.5322156972782867 off 0.4242142544243246 __DUMMY__ 0.04357004829738875	false	1.0
groll	neg 1.0		neg 0.5318456755168786 off 0.42473593455272907 __DUMMY__ 0.043418389930392355	false	1.0
gibt			neg 0.5296249375092995 off 0.42677146930600557 __DUMMY__ 0.04360359318469492	false	0.0
qualvoll	neg 1.0		neg 0.5245288587763821 off 0.4318673640261887 __DUMMY__ 0.04360377719742927	false	1.0
wackeln	neg 1.0		neg 0.5243814486197171 off 0.4317689608497016 __DUMMY__ 0.043849590530581205	false	1.0
klagen	neg 1.0		neg 0.534918386036333 off 0.4216029047822678 __DUMMY__ 0.043478709181399275	false	1.0
bankrott	neg 1.0		neg 0.5216593342321033 off 0.4347667516983835 __DUMMY__ 0.04357391406951318	false	1.0
trauern	neg 1.0		neg 0.5321988859529083 off 0.4242598118563315 __DUMMY__ 0.04354130219076016	false	1.0
ablehnung	neg 1.0	neg 1.0	neg 0.753621250306827 off 0.22570995861294124 __DUMMY__ 0.020668791080231726	false	1.0
stur	neg 1.0		neg 0.5268920761602996 off 0.4296127113183975 __DUMMY__ 0.043495212521302826	false	1.0
aufruhr	neg 1.0		neg 0.5301909398077426 off 0.42665629731796073 __DUMMY__ 0.04315276287429668	false	1.0
melancholie	neg 1.0		neg 0.5277062355218901 off 0.4284222006323783 __DUMMY__ 0.04387156384573162	false	1.0
ist			neg 0.5266545854204477 off 0.429854779966303 __DUMMY__ 0.04349063461324925	false	0.0
torheit	neg 1.0		neg 0.5312475577936236 off 0.42578461578971766 __DUMMY__ 0.04296782641665873	false	1.0
dreckskind	off 1.0		neg 0.5195217713434062 off 0.43754982392131636 __DUMMY__ 0.04292840473527737	false	0.5
umtauschen	neg 1.0		neg 0.5259842506409538 off 0.4302247466808356 __DUMMY__ 0.043791002678210685	false	1.0
zum			neg 0.5308718504151972 off 0.4248938663294279 __DUMMY__ 0.044234283255374963	false	0.0
zersetzen	neg 1.0		neg 0.5335968350223508 off 0.42287610409891785 __DUMMY__ 0.043527060878731455	false	1.0
zur			neg 0.5355659881635721 off 0.4207055946160648 __DUMMY__ 0.04372841722036301	false	0.0
frust	neg 1.0		neg 0.5292148438554279 off 0.42714855598245416 __DUMMY__ 0.04363660016211782	false	1.0
unerbittlichkeit	neg 1.0		neg 0.5331308973753157 off 0.42340535337846763 __DUMMY__ 0.04346374924621662	false	1.0
zwei			neg 0.530512084658647 off 0.4254381294227415 __DUMMY__ 0.04404978591861149	false	0.0
unkorrekt	neg 1.0		neg 0.5245161193723594 off 0.43245455471608774 __DUMMY__ 0.043029325911552944	false	1.0
hexe	off 1.0		neg 0.5219209473634594 off 0.4345934153832748 __DUMMY__ 0.04348563725326578	false	0.5
lasch	neg 1.0		neg 0.5265653780065077 off 0.4301772794375278 __DUMMY__ 0.0432573425559645	false	1.0
rivale	neg 1.0		neg 0.5191857426801514 off 0.43756593371468244 __DUMMY__ 0.04324832360516616	false	1.0
mutlos	off 1.0	off 1.0	off 0.6953217439161243 neg 0.28389931559957493 __DUMMY__ 0.020778940484300675	false	1.0
wirr	off 1.0		neg 0.521942881346044 off 0.43496425873679806 __DUMMY__ 0.043092859917158034	false	0.5
jahr			neg 0.5282974052949766 off 0.4277201657547453 __DUMMY__ 0.04398242895027799	false	0.0
wird			neg 0.5309518052442019 off 0.4254234888726014 __DUMMY__ 0.04362470588319669	false	0.0
strafbar	neg 1.0		neg 0.5342564064616078 off 0.42245109560453553 __DUMMY__ 0.04329249793385675	false	1.0
erosion	neg 1.0		neg 0.5246068793454133 off 0.4317110909145092 __DUMMY__ 0.043682029740077365	false	1.0
eingehen	neg 1.0		neg 0.5320446363228771 off 0.4244881843162963 __DUMMY__ 0.043467179360826384	false	1.0
faul	off 1.0		neg 0.5209214042068727 off 0.4353341354874746 __DUMMY__ 0.04374446030565263	false	0.5
provisorium	neg 1.0		neg 0.5362387609677942 off 0.4196677689728087 __DUMMY__ 0.044093470059396914	false	1.0
schmerzen	neg 1.0		neg 0.5274796957144938 off 0.4287921294719527 __DUMMY__ 0.04372817481355353	false	1.0
schrumpfen	neg 1.0		neg 0.5353221633865334 off 0.42087462576884954 __DUMMY__ 0.043803210844617	false	1.0
geistlos	off 1.0		neg 0.5295716250021669 off 0.427481740585298 __DUMMY__ 0.04294663441253508	false	0.5
fehlkauf	neg 1.0		neg 0.5260494276744178 off 0.43062137669167594 __DUMMY__ 0.04332919563390619	false	1.0
frustrierend	neg 1.0		neg 0.5234844843483252 off 0.43294119127952535 __DUMMY__ 0.04357432437214941	false	1.0
unzufrieden	neg 1.0		neg 0.5308717639936469 off 0.42558422043551497 __DUMMY__ 0.04354401557083824	false	1.0
verzweifeln	neg 1.0		neg 0.5278620683595228 off 0.4284900050896928 __DUMMY__ 0.04364792655078439	false	1.0
verzweifelt	neg 1.0		neg 0.5268662041269768 off 0.42962292071604236 __DUMMY__ 0.043510875156980856	false	1.0
misstrauensantrag	neg 1.0		neg 0.5260124160673058 off 0.430671015808956 __DUMMY__ 0.04331656812373829	false	1.0
abfallen	neg 1.0		neg 0.523563451308341 off 0.4325187035265906 __DUMMY__ 0.04391784516506854	false	1.0
fucker	off 1.0		neg 0.521080220539654 off 0.4356929905000678 __DUMMY__ 0.04322678896027832	false	0.5
ungezogen	neg 1.0		neg 0.5140041325542288 off 0.4427710227839034 __DUMMY__ 0.04322484466186778	false	1.0
irrsinnig	neg 1.0	neg 1.0	neg 0.7512016985491218 off 0.22797742281791977 __DUMMY__ 0.020820878632958506	false	1.0
unfassbar	neg 1.0		neg 0.5229126588991833 off 0.43365751519965207 __DUMMY__ 0.04342982590116472	false	1.0
hart	neg 1.0		neg 0.5230969698256305 off 0.4335681624382328 __DUMMY__ 0.04333486773613674	false	1.0
widerlich	off 1.0		neg 0.5232578997693696 off 0.4334695031998513 __DUMMY__ 0.04327259703077909	false	0.5
fatal	neg 1.0		neg 0.5254877062827122 off 0.4311057640781692 __DUMMY__ 0.04340652963911867	false	1.0
bruch	neg 1.0		neg 0.5364632713625588 off 0.4201695254021423 __DUMMY__ 0.04336720323529896	false	1.0
aushungern	neg 1.0		neg 0.5309449399649497 off 0.42592719898223674 __DUMMY__ 0.0431278610528136	false	1.0
anspannung	neg 1.0		neg 0.5325809219960588 off 0.4234914822358785 __DUMMY__ 0.043927595768062815	false	1.0
von			neg 0.5300838576316219 off 0.42600093770279257 __DUMMY__ 0.04391520466558545	false	0.0
kraftlos	neg 1.0		neg 0.52771813397354 off 0.4283438868557718 __DUMMY__ 0.043937979170688236	false	1.0
vom			neg 0.5342804299919471 off 0.4215611996346777 __DUMMY__ 0.044158370373375146	false	0.0
grenzdebil	off 1.0		neg 0.5210178299635824 off 0.43548981551270016 __DUMMY__ 0.04349235452371755	false	0.5
vor			neg 0.5323092218192983 off 0.4238661165951519 __DUMMY__ 0.04382466158554982	false	0.0
unterwerfen	neg 1.0		neg 0.532863926914199 off 0.42371466353296827 __DUMMY__ 0.04342140955283269	false	1.0
versenkung	neg 1.0		neg 0.532080586546464 off 0.4243433131679574 __DUMMY__ 0.04357610028557847	false	1.0
entziehen	neg 1.0		neg 0.5348937929039413 off 0.42155439141496254 __DUMMY__ 0.04355181568109615	false	1.0
finanzkrise	neg 1.0		neg 0.5309713305543396 off 0.4258778411956219 __DUMMY__ 0.04315082825003851	false	1.0
schimpfend	neg 1.0		neg 0.5221293201728716 off 0.4339035751658431 __DUMMY__ 0.04396710466128532	false	1.0
profan	neg 1.0		neg 0.5255122363839316 off 0.4309618144744259 __DUMMY__ 0.04352594914164246	false	1.0
korruption	neg 1.0		neg 0.5331547490413033 off 0.4236764168408819 __DUMMY__ 0.0431688341178149	false	1.0
â			neg 0.5289860755406617 off 0.4273188495557616 __DUMMY__ 0.04369507490357677	false	0.0
schmutzig	neg 1.0		neg 0.5202245284046412 off 0.43611949746733336 __DUMMY__ 0.04365597412802542	false	1.0
sexy	neg 1.0		neg 0.5231236817131525 off 0.43338500825496323 __DUMMY__ 0.04349131003188437	false	1.0
abraten	neg 1.0		neg 0.5254198018293685 off 0.4309290069641045 __DUMMY__ 0.04365119120652703	false	1.0
schwarz	neg 1.0		neg 0.5260157713949208 off 0.43052399703298627 __DUMMY__ 0.043460231572092965	false	1.0
fotze	off 1.0		neg 0.5306805647694774 off 0.42594068437398186 __DUMMY__ 0.043378750856540575	false	0.5
verwirren	neg 1.0		neg 0.5247411225344208 off 0.43175244838876997 __DUMMY__ 0.04350642907680929	false	1.0
zahnlos	off 1.0		neg 0.5319645806005535 off 0.424651685486482 __DUMMY__ 0.0433837339129645	false	0.5
verheeren	neg 1.0		neg 0.5135499947952645 off 0.44347863665463194 __DUMMY__ 0.04297136855010358	false	1.0
hippie	neg 1.0		neg 0.5237577131152158 off 0.43279115744490954 __DUMMY__ 0.043451129439874565	false	1.0
rammen	neg 1.0		neg 0.5232673062243062 off 0.4331070868648532 __DUMMY__ 0.04362560691084046	false	1.0
unlauter	neg 1.0	neg 1.0	neg 0.7500592507847433 off 0.22914620620261936 __DUMMY__ 0.020794543012637348	false	1.0
unheilvoll	neg 1.0		neg 0.5247728495955114 off 0.4316110099951181 __DUMMY__ 0.04361614040937046	false	1.0
niedrig	neg 1.0		neg 0.5298181079678916 off 0.4265607884535861 __DUMMY__ 0.043621103578522356	false	1.0
explosion	neg 1.0		neg 0.5232477642184986 off 0.43317766111746214 __DUMMY__ 0.043574574664039314	false	1.0
weichei	off 1.0		neg 0.5171152317981617 off 0.4396408080227473 __DUMMY__ 0.04324396017909124	false	0.5
minusmensch	off 1.0		neg 0.5164726308994058 off 0.4408324330616596 __DUMMY__ 0.04269493603893455	false	0.5
farblos	neg 1.0		neg 0.5266427113692971 off 0.42987207342991557 __DUMMY__ 0.04348521520078727	false	1.0
unwissend	neg 1.0	neg 1.0	neg 0.7488915293585844 off 0.23033672981833847 __DUMMY__ 0.02077174082307717	false	1.0
traurig	neg 1.0		neg 0.519287654000747 off 0.4372532942237221 __DUMMY__ 0.043459051775530874	false	1.0
senkung	neg 1.0		neg 0.5241660414948719 off 0.4323702427962851 __DUMMY__ 0.043463715708843	false	1.0
ungleich	neg 1.0	neg 1.0	neg 0.7537676590922868 off 0.22539824295923527 __DUMMY__ 0.020834097948477837	false	1.0
heikel	neg 1.0		neg 0.5332399473406367 off 0.4231852653093637 __DUMMY__ 0.04357478734999945	false	1.0
drosselung	neg 1.0		neg 0.5183938132815481 off 0.438112168631059 __DUMMY__ 0.04349401808739296	false	1.0
falsch	neg 1.0		neg 0.5237647757676581 off 0.4327582036937048 __DUMMY__ 0.0434770205386372	false	1.0
unzufriedenheit	neg 1.0		neg 0.5337624940299074 off 0.4227009863919152 __DUMMY__ 0.043536519578177335	false	1.0
kurz	neg 1.0		neg 0.5268982379372388 off 0.42922440406571466 __DUMMY__ 0.04387735799704661	false	1.0
unsinnig	neg 1.0		neg 0.5307755788692955 off 0.4257354449965931 __DUMMY__ 0.04348897613411149	false	1.0
penner	off 1.0	off 1.0	off 0.7050526718154887 neg 0.27421948127132595 __DUMMY__ 0.02072784691318525	false	1.0
seicht	neg 1.0		neg 0.5167107597234771 off 0.4403253988343484 __DUMMY__ 0.042963841442174494	false	1.0
dummheit	off 1.0	off 1.0	off 0.6986818493239776 neg 0.2805656424949107 __DUMMY__ 0.020752508181111674	false	1.0
unerfreulich	neg 1.0		neg 0.5326276671831298 off 0.4236569733246474 __DUMMY__ 0.04371535949222265	false	1.0
motherfucker	off 1.0	off 1.0	off 0.7020317018316684 neg 0.2772372047439679 __DUMMY__ 0.020731093424363738	false	1.0
pikiert	neg 1.0		neg 0.52468167357879 off 0.43203363026190456 __DUMMY__ 0.04328469615930532	false	1.0
wrack	neg 1.0		neg 0.5291941265498625 off 0.42717060019057884 __DUMMY__ 0.04363527325955864	false	1.0
gangster	neg 1.0		neg 0.5245183075660163 off 0.43201132841040507 __DUMMY__ 0.043470364023578546	false	1.0
krank	neg 1.0		neg 0.5196179808035203 off 0.43672533647313433 __DUMMY__ 0.04365668272334555	false	1.0
reich	neg 1.0		neg 0.5269152633912617 off 0.43025694774313505 __DUMMY__ 0.04282778886560326	false	1.0
gnadenlos	neg 1.0		neg 0.527100299036632 off 0.42939291771572297 __DUMMY__ 0.043506783247644905	false	1.0
niedergeschlagen	neg 1.0		neg 0.528397445483189 off 0.4279258241670801 __DUMMY__ 0.043676730349731026	false	1.0
terrorisieren	off 1.0	off 1.0	off 0.6958095966062856 neg 0.2833088016178464 __DUMMY__ 0.02088160177586801	false	1.0
sinnlosigkeit	neg 1.0		neg 0.5315265853190753 off 0.42504820922664055 __DUMMY__ 0.04342520545428419	false	1.0
behindern	neg 1.0		neg 0.5265872141847467 off 0.4297224593128202 __DUMMY__ 0.04369032650243312	false	1.0
undemokratisch	neg 1.0		neg 0.5298559474990304 off 0.4270665354442315 __DUMMY__ 0.04307751705673813	false	1.0
wirtschaftskrise	neg 1.0		neg 0.532074026349546 off 0.42463042717792077 __DUMMY__ 0.04329554647253318	false	1.0
neid	neg 1.0		neg 0.5227474908513087 off 0.43359962640167676 __DUMMY__ 0.043652882747014586	false	1.0
rutschen	neg 1.0		neg 0.5302918353244467 off 0.42543140434234683 __DUMMY__ 0.044276760333206426	false	1.0
rezession	neg 1.0		neg 0.5203574416651401 off 0.4366153081951611 __DUMMY__ 0.04302725013969882	false	1.0
fehlgeburt	neg 1.0		neg 0.5282936779013132 off 0.42832354577322934 __DUMMY__ 0.0433827763254575	false	1.0
charakterschwach	off 1.0		neg 0.5232732762281683 off 0.4334342192970084 __DUMMY__ 0.043292504474823156	false	0.5
isolation	neg 1.0		neg 0.5221170540535938 off 0.43441222936234153 __DUMMY__ 0.04347071658406474	false	1.0
ablenkung	neg 1.0		neg 0.5264543793846146 off 0.4298707126700327 __DUMMY__ 0.04367490794535277	false	1.0
pech	neg 1.0		neg 0.5233621229722404 off 0.4330269444994889 __DUMMY__ 0.043610932528270675	false	1.0
vermeidung	neg 1.0		neg 0.5190724065709206 off 0.4373463996800362 __DUMMY__ 0.043581193749043214	false	1.0
dominieren	neg 1.0		neg 0.5289065239902497 off 0.4275386273537816 __DUMMY__ 0.04355484865596877	false	1.0
schwindlig	neg 1.0		neg 0.5223128646352139 off 0.43389943947268017 __DUMMY__ 0.04378769589210606	false	1.0
lutscher	neg 1.0		neg 0.5149857464236899 off 0.4419830181822303 __DUMMY__ 0.04303123539407985	false	1.0
pflicht	neg 1.0		neg 0.5338826364928653 off 0.4225883883570774 __DUMMY__ 0.04352897515005735	false	1.0
faschist	off 1.0		neg 0.5298193614542255 off 0.42721819434015046 __DUMMY__ 0.04296244420562415	false	0.5
verschleudern	neg 1.0		neg 0.532310987053949 off 0.42434062307084974 __DUMMY__ 0.04334838987520127	false	1.0
wenn			neg 0.5238299773231025 off 0.4326929311342622 __DUMMY__ 0.04347709154263525	false	0.0
ehebruch	neg 1.0		neg 0.5333679871114408 off 0.4233201366571 __DUMMY__ 0.04331187623145909	false	1.0
spott	off 1.0		neg 0.533502019639387 off 0.4231210631933878 __DUMMY__ 0.04337691716722523	false	0.5
trostlosigkeit	neg 1.0		neg 0.5362188708157599 off 0.4205574725546556 __DUMMY__ 0.043223656629584516	false	1.0
lutschen	neg 1.0		neg 0.5242147035132678 off 0.4325063557846832 __DUMMY__ 0.04327894070204911	false	1.0
undiszipliniert	neg 1.0		neg 0.5201751227096443 off 0.4363946862884801 __DUMMY__ 0.043430191001875694	false	1.0
kopfschmerz	neg 1.0		neg 0.5270260598645354 off 0.42929253519988414 __DUMMY__ 0.0436814049355804	false	1.0
unvorhergesehen	neg 1.0		neg 0.5255669166928221 off 0.4303978989596439 __DUMMY__ 0.04403518434753393	false	1.0
desinteressiert	neg 1.0		neg 0.5215648804025277 off 0.435118878042232 __DUMMY__ 0.04331624155524032	false	1.0
armselig	off 1.0		neg 0.5212295620350299 off 0.4355482295341448 __DUMMY__ 0.04322220843082534	false	0.5
desaster	neg 1.0		neg 0.5368739911717363 off 0.4197572227709297 __DUMMY__ 0.043368786057334144	false	1.0
tod	neg 1.0		neg 0.5345996012085558 off 0.42221887976174166 __DUMMY__ 0.043181519029702554	false	1.0
herzlos	neg 1.0		neg 0.5189708321440146 off 0.4376269699334764 __DUMMY__ 0.043402197922509	false	1.0
unwissenheit	neg 1.0		neg 0.5321419903546758 off 0.4245018277573431 __DUMMY__ 0.043356181887981154	false	1.0
widersinnig	neg 1.0		neg 0.5329293101145215 off 0.4239786424252269 __DUMMY__ 0.04309204746025169	false	1.0
bedenklich	neg 1.0		neg 0.5324667282551978 off 0.42400665188707853 __DUMMY__ 0.04352661985772373	false	1.0
beanstanden	neg 1.0		neg 0.533861557850637 off 0.4225640983585089 __DUMMY__ 0.04357434379085392	false	1.0
panisch	neg 1.0	neg 1.0	neg 0.748023873054447 off 0.23088197388040338 __DUMMY__ 0.02109415306514963	false	1.0
debil	off 1.0		neg 0.5358522267841345 off 0.42045043943767796 __DUMMY__ 0.04369733377818758	false	0.5
abstrich	neg 1.0		neg 0.5230721846387107 off 0.43294825275259796 __DUMMY__ 0.043979562608691306	false	1.0
primitiv	neg 1.0		neg 0.52265270498487 off 0.43408346302281187 __DUMMY__ 0.04326383199231815	false	1.0
abschaum	off 1.0	off 1.0	off 0.6997573504853924 neg 0.2795479159522571 __DUMMY__ 0.020694733562350486	false	1.0
provozieren	neg 1.0		neg 0.5291887166691163 off 0.42746453286086866 __DUMMY__ 0.04334675047001499	false	1.0
tot	neg 1.0		neg 0.5300636526508731 off 0.4265619749761542 __DUMMY__ 0.043374372372972606	false	1.0
instabil	neg 1.0		neg 0.520180950867211 off 0.4366701100130799 __DUMMY__ 0.04314893911970929	false	1.0
schwuchtel	off 1.0		neg 0.5117125783074642 off 0.44558973653390277 __DUMMY__ 0.04269768515863305	false	0.5
zerren	neg 1.0		neg 0.5288420884423741 off 0.42750483892513735 __DUMMY__ 0.04365307263248848	false	1.0
kinderficker	off 1.0		neg 0.5205115880841991 off 0.43648599999962445 __DUMMY__ 0.04300241191617632	false	0.5
gefahr	neg 1.0		neg 0.5327444535490747 off 0.4238460063747495 __DUMMY__ 0.04340954007617567	false	1.0
rabiat	neg 1.0		neg 0.5281661021300634 off 0.4283285037980571 __DUMMY__ 0.043505394071879415	false	1.0
verlangsamung	neg 1.0		neg 0.5160133083788909 off 0.4409242479046779 __DUMMY__ 0.04306244371643124	false	1.0
ausgestorben	neg 1.0		neg 0.5291239102459878 off 0.42727044635314854 __DUMMY__ 0.04360564340086369	false	1.0
anklagen	neg 1.0		neg 0.530132711750446 off 0.4265524841257112 __DUMMY__ 0.04331480412384297	false	1.0
trott	neg 1.0		neg 0.5268783030875914 off 0.42948653467307074 __DUMMY__ 0.04363516223933773	false	1.0
verminderung	neg 1.0		neg 0.5199381054972009 off 0.4366866843547601 __DUMMY__ 0.04337521014803892	false	1.0
nach			neg 0.5319921761238933 off 0.4238995714583292 __DUMMY__ 0.04410825241777767	false	0.0
rost	neg 1.0		neg 0.5159947205550122 off 0.44095482348417736 __DUMMY__ 0.043050455960810544	false	1.0
destruktiv	neg 1.0		neg 0.5311669838404509 off 0.4255551797837181 __DUMMY__ 0.04327783637583099	false	1.0
unzumutbarkeit	neg 1.0		neg 0.5193355509788772 off 0.4371262323174465 __DUMMY__ 0.043538216703676205	false	1.0
labil	off 1.0	off 1.0	off 0.7008623707820986 neg 0.27839173949765206 __DUMMY__ 0.020745889720249426	false	1.0
ziemlich	neg 1.0		neg 0.5217097961569902 off 0.43480898000129 __DUMMY__ 0.043481223841720006	false	1.0
lachnummer	off 1.0		neg 0.5309319503715889 off 0.42576349883491493 __DUMMY__ 0.04330455079349625	false	0.5
oder			neg 0.526101030513559 off 0.43014731358563607 __DUMMY__ 0.043751655900804834	false	0.0
verfall	neg 1.0		neg 0.5367767396157483 off 0.41958168926678246 __DUMMY__ 0.04364157111746932	false	1.0
ausgrenzung	neg 1.0		neg 0.5289965262598185 off 0.4279222966218801 __DUMMY__ 0.0430811771183014	false	1.0
unordnung	neg 1.0		neg 0.520229593508027 off 0.43670009771475005 __DUMMY__ 0.043070308777222836	false	1.0
fehlverhalten	neg 1.0		neg 0.5338349834283393 off 0.42278569682184947 __DUMMY__ 0.04337931974981119	false	1.0
eine			neg 0.5324098486843061 off 0.42382153307166354 __DUMMY__ 0.04376861824403029	false	0.0
nille	neg 1.0		neg 0.5297421877999695 off 0.42698718566731025 __DUMMY__ 0.04327062653272027	false	1.0
qual	neg 1.0		neg 0.5272259962034708 off 0.4291673151246634 __DUMMY__ 0.043606688671865894	false	1.0
verschwenden	neg 1.0		neg 0.5314144316322731 off 0.42496250726487267 __DUMMY__ 0.04362306110285423	false	1.0
riesig	neg 1.0		neg 0.5273338620962807 off 0.4289882316805054 __DUMMY__ 0.04367790622321384	false	1.0
verurteilen	neg 1.0		neg 0.5325753566933887 off 0.4241418241890915 __DUMMY__ 0.04328281911751971	false	1.0
klischee	neg 1.0	neg 1.0	neg 0.7501600542847064 off 0.22909846788272087 __DUMMY__ 0.020741477832572623	false	1.0
diktatorisch	neg 1.0		neg 0.531120319610903 off 0.42593312080214824 __DUMMY__ 0.0429465595869487	false	1.0
vorhersehbar	neg 1.0		neg 0.5272830565415164 off 0.42940626554264993 __DUMMY__ 0.04331067791583368	false	1.0
sowie			neg 0.5185026227832217 off 0.4384927857861463 __DUMMY__ 0.043004591430631914	false	0.0
stornieren	neg 1.0		neg 0.5230260499376195 off 0.43327704483549184 __DUMMY__ 0.04369690522688868	false	1.0
besteuerung	neg 1.0		neg 0.5265148170828481 off 0.43003784966514047 __DUMMY__ 0.043447333252011465	false	1.0
ungeschminkt	neg 1.0		neg 0.5209814773771517 off 0.43557057184764275 __DUMMY__ 0.043447950775205614	false	1.0
kritisch	neg 1.0		neg 0.533133006584475 off 0.4234577982331854 __DUMMY__ 0.043409195182339655	false	1.0
schlamperei	off 1.0		neg 0.5325745157970334 off 0.42404840773513913 __DUMMY__ 0.04337707646782736	false	0.5
sucht	neg 1.0	neg 1.0	neg 0.747500632552625 off 0.23142415769614014 __DUMMY__ 0.021075209751234905	false	1.0
egoistisch	off 1.0		neg 0.5175911321356547 off 0.4391828100776193 __DUMMY__ 0.04322605778672602	false	0.5
ausbeuter	off 1.0		neg 0.5345851255722658 off 0.42207929714850306 __DUMMY__ 0.043335577279231256	false	0.5
arschgeburt	off 1.0		neg 0.5118485751432894 off 0.44544993432418034 __DUMMY__ 0.04270149053253029	false	0.5
schubs	neg 1.0	neg 1.0	neg 0.7508013838762709 off 0.22811697011830345 __DUMMY__ 0.021081646005425617	false	1.0
unsolide	neg 1.0		neg 0.5281242762266289 off 0.4290610661689067 __DUMMY__ 0.04281465760446447	false	1.0
beschwerde	neg 1.0		neg 0.5312597486609008 off 0.42532572657142476 __DUMMY__ 0.043414524767674434	false	1.0
stocken	neg 1.0		neg 0.5302072450271323 off 0.4261871189717869 __DUMMY__ 0.0436056360010808	false	1.0
isolieren	neg 1.0		neg 0.5263694390300122 off 0.42985628680871985 __DUMMY__ 0.04377427416126803	false	1.0
unheilbar	neg 1.0		neg 0.5280840021793473 off 0.4284878553960009 __DUMMY__ 0.04342814242465188	false	1.0
pisser	off 1.0		neg 0.5204383215230871 off 0.4364205860959994 __DUMMY__ 0.043141092380913494	false	0.5
löschen	neg 1.0		neg 0.5268633821700193 off 0.4296697981466853 __DUMMY__ 0.043466819683295486	false	1.0
durchfallen	neg 1.0		neg 0.5315222963765265 off 0.42492123999184134 __DUMMY__ 0.04355646363163225	false	1.0
wichser	off 1.0		neg 0.5134340982002156 off 0.4435040131154011 __DUMMY__ 0.04306188868438329	false	0.5
terror	neg 1.0		neg 0.5220137685445952 off 0.43432924651422433 __DUMMY__ 0.043656984941180435	false	1.0
krass	neg 1.0		neg 0.5185099670614991 off 0.4381167024838415 __DUMMY__ 0.043373330454659416	false	1.0
revolte	neg 1.0	neg 1.0	neg 0.7519397306278437 off 0.22754316654322843 __DUMMY__ 0.020517102828927856	false	1.0
besorgt	neg 1.0		neg 0.5271628399370876 off 0.4289874056323773 __DUMMY__ 0.04384975443053521	false	1.0
nachlassen	neg 1.0		neg 0.5276476079475672 off 0.4285430542331122 __DUMMY__ 0.04380933781932073	false	1.0
alt	neg 1.0		neg 0.5292607239787214 off 0.42686922754348267 __DUMMY__ 0.043870048477796	false	1.0
hundesohn	off 1.0		neg 0.5162575053432921 off 0.44090401228363973 __DUMMY__ 0.04283848237306814	false	0.5
als			neg 0.5293206032486365 off 0.42697880265040006 __DUMMY__ 0.04370059410096356	false	0.0
abschreckung	neg 1.0		neg 0.5347262075384598 off 0.4218258119420417 __DUMMY__ 0.04344798051949842	false	1.0
unqualifiziert	neg 1.0		neg 0.5268713019490059 off 0.429813879639993 __DUMMY__ 0.04331481841100117	false	1.0
abgewichst	off 1.0		neg 0.5294216173963314 off 0.4271317302010764 __DUMMY__ 0.04344665240259213	false	0.5
schwer	neg 1.0		neg 0.5276646830120123 off 0.42869411079582126 __DUMMY__ 0.04364120619216628	false	1.0
bedeutungslosigkeit	neg 1.0		neg 0.5344115848780917 off 0.42218844394169064 __DUMMY__ 0.04339997118021765	false	1.0
kapitulation	neg 1.0		neg 0.5346497529929798 off 0.4222753990998919 __DUMMY__ 0.0430748479071283	false	1.0
unscharf	neg 1.0		neg 0.5234848604862407 off 0.43293394428611126 __DUMMY__ 0.04358119522764815	false	1.0
schwinden	neg 1.0		neg 0.5318479540879472 off 0.42452401536316264 __DUMMY__ 0.043628030548890286	false	1.0
versklavung	neg 1.0	neg 1.0	neg 0.7522163378446577 off 0.22713981084261317 __DUMMY__ 0.020643851312729174	false	1.0
schlecht	neg 1.0		neg 0.5210788754571244 off 0.43540861561122784 __DUMMY__ 0.04351250893164788	false	1.0
verhasst	neg 1.0		neg 0.5295290933223756 off 0.4271723376226721 __DUMMY__ 0.04329856905495244	false	1.0
beschweren	neg 1.0		neg 0.525665661781604 off 0.4307525956141787 __DUMMY__ 0.043581742604217134	false	1.0
scheiden	neg 1.0		neg 0.5285651900387734 off 0.4279086242908636 __DUMMY__ 0.04352618567036295	false	1.0
frustriert	neg 1.0		neg 0.5291721084638188 off 0.42723155405781293 __DUMMY__ 0.04359633747836828	false	1.0
schimmelig	neg 1.0		neg 0.529823466925573 off 0.42650667425766986 __DUMMY__ 0.043669858816757064	false	1.0
fisch	neg 1.0		neg 0.5298725270937339 off 0.4264926519139061 __DUMMY__ 0.043634820992360004	false	1.0
schmuggel	neg 1.0		neg 0.531453324169298 off 0.4248039063388298 __DUMMY__ 0.043742769491872245	false	1.0
auffallen	neg 1.0		neg 0.5253562348986208 off 0.4310985283117314 __DUMMY__ 0.04354523678964781	false	1.0
konkurrenz	neg 1.0		neg 0.532654077313291 off 0.42362257879341914 __DUMMY__ 0.04372334389329001	false	1.0
teufelskreis	neg 1.0		neg 0.5297876825144878 off 0.4267251952447117 __DUMMY__ 0.04348712224080044	false	1.0
aufschreien	neg 1.0		neg 0.5271234332020814 off 0.4295310124457552 __DUMMY__ 0.043345554352163355	false	1.0
schuldner	neg 1.0		neg 0.5330728461629675 off 0.42353062539911035 __DUMMY__ 0.04339652843792222	false	1.0
missgeburt	off 1.0	off 1.0	off 0.7036562667295463 neg 0.2757299970051767 __DUMMY__ 0.020613736265277162	false	1.0
arbeitslos	neg 1.0		neg 0.5313640802395362 off 0.42518738436662556 __DUMMY__ 0.043448535393838354	false	1.0
befallen	neg 1.0		neg 0.5339467535580757 off 0.42295731842055984 __DUMMY__ 0.043095928021364464	false	1.0
miesepetrig	off 1.0		neg 0.5205570154474785 off 0.4358418520021845 __DUMMY__ 0.04360113255033708	false	0.5
alarmieren	neg 1.0		neg 0.5242623423710663 off 0.43250852845563376 __DUMMY__ 0.04322912917329996	false	1.0
ungeduscht	off 1.0		neg 0.5231950982855146 off 0.43320143016837853 __DUMMY__ 0.0436034715461068	false	0.5
knappheit	neg 1.0		neg 0.5296348488145136 off 0.4268109116325801 __DUMMY__ 0.0435542395529063	false	1.0
schlange	neg 1.0		neg 0.5245965437804798 off 0.4316799700403521 __DUMMY__ 0.04372348617916813	false	1.0
harsch	neg 1.0		neg 0.5142472146334163 off 0.4423035267563405 __DUMMY__ 0.04344925861024321	false	1.0
lang	neg 1.0		neg 0.5260075816814217 off 0.43043970874607806 __DUMMY__ 0.04355270957250028	false	1.0
ziellos	neg 1.0		neg 0.5301761929394502 off 0.42616827914237293 __DUMMY__ 0.04365552791817695	false	1.0
selbstverliebt	neg 1.0		neg 0.5144377739422128 off 0.4427808642661854 __DUMMY__ 0.042781361791601684	false	1.0
beseitigen	neg 1.0		neg 0.5247816087540607 off 0.4314999348800226 __DUMMY__ 0.04371845636591667	false	1.0
dumm	off 1.0		neg 0.5173975480753811 off 0.4394579499710345 __DUMMY__ 0.04314450195358439	false	0.5
arbeitsloser	neg 1.0		neg 0.5322741073438962 off 0.42426636954487823 __DUMMY__ 0.04345952311122555	false	1.0
blitzen	neg 1.0		neg 0.5242220187730758 off 0.43236588972865697 __DUMMY__ 0.043412091498267094	false	1.0
hilflos	neg 1.0		neg 0.5296640672267293 off 0.42674240986604833 __DUMMY__ 0.0435935229072225	false	1.0
eklig	off 1.0		neg 0.5163160884347842 off 0.4405596962958454 __DUMMY__ 0.043124215269370256	false	0.5
begriff			neg 0.5300298000239956 off 0.42647852975949463 __DUMMY__ 0.043491670216509834	false	0.0
hungersnot	neg 1.0		neg 0.53241328126047 off 0.4245760340736714 __DUMMY__ 0.04301068466585853	false	1.0
ungesetzlich	neg 1.0		neg 0.5288651970875757 off 0.4281040162361631 __DUMMY__ 0.04303078667626108	false	1.0
verschwendung	neg 1.0		neg 0.532716133333752 off 0.4236842925706491 __DUMMY__ 0.043599574095598836	false	1.0
schmerzvoll	neg 1.0		neg 0.5255865832580132 off 0.43082336945274247 __DUMMY__ 0.0435900472892443	false	1.0
vorzeitig	neg 1.0		neg 0.5219728074628663 off 0.4346014672872134 __DUMMY__ 0.043425725249920284	false	1.0
unvollkommenheit	neg 1.0		neg 0.5276504218404047 off 0.4288429139237439 __DUMMY__ 0.043506664235851415	false	1.0
intervenieren	neg 1.0		neg 0.5345657453353481 off 0.4221533232748086 __DUMMY__ 0.043280931389843354	false	1.0
banause	off 1.0		neg 0.5152380160138323 off 0.44171815550913046 __DUMMY__ 0.04304382847703732	false	0.5
rebell	neg 1.0		neg 0.5319843683163692 off 0.4242571127297193 __DUMMY__ 0.043758518953911564	false	1.0
unlogisch	neg 1.0		neg 0.5206772074926057 off 0.43607052678588865 __DUMMY__ 0.04325226572150558	false	1.0
leiden	neg 1.0	neg 1.0	neg 0.7508642331380959 off 0.22785771475090008 __DUMMY__ 0.021278052111004017	false	1.0
abschaffung	neg 1.0		neg 0.5284508012347338 off 0.4282611831451915 __DUMMY__ 0.043288015620074734	false	1.0
sturz	neg 1.0		neg 0.5281920538654095 off 0.42857114414783687 __DUMMY__ 0.04323680198675369	false	1.0
verkleinerung	neg 1.0		neg 0.5258970109466299 off 0.4309589314090001 __DUMMY__ 0.04314405764437009	false	1.0
schmarotzer	off 1.0		neg 0.532907582151708 off 0.4237618477156026 __DUMMY__ 0.04333057013268943	false	0.5
bestrafung	neg 1.0		neg 0.5279049314415821 off 0.428716711028206 __DUMMY__ 0.04337835753021182	false	1.0
achtlos	neg 1.0		neg 0.5273915795625589 off 0.42893234966368465 __DUMMY__ 0.043676070773756466	false	1.0
ungeheuer	neg 1.0		neg 0.5261898425317062 off 0.4304020268568687 __DUMMY__ 0.043408130611424886	false	1.0
unaufrichtig	neg 1.0		neg 0.5273850289868306 off 0.4294807362998568 __DUMMY__ 0.04313423471331259	false	1.0
groggy	neg 1.0		neg 0.5247806616847682 off 0.43183978862244415 __DUMMY__ 0.04337954969278767	false	1.0
verletzlich	neg 1.0		neg 0.5221015176504081 off 0.43453643379088697 __DUMMY__ 0.04336204855870489	false	1.0
