unsolidarisch	neg 1.0		neg 0.5322298911961403 off 0.4248433953766423 __DUMMY__ 0.04292671342721743	false	1.0
nachteilig	neg 1.0		neg 0.530396493819205 off 0.4260184340096289 __DUMMY__ 0.04358507217116616	false	1.0
skeptisch	neg 1.0		neg 0.533132791146247 off 0.4231952627218068 __DUMMY__ 0.043671946131946124	false	1.0
schrecklich	neg 1.0		neg 0.5190929219529048 off 0.4375661786773314 __DUMMY__ 0.043340899369763874	false	1.0
schlapp	neg 1.0		neg 0.5211129499235096 off 0.43518826602376576 __DUMMY__ 0.04369878405272449	false	1.0
abfall	neg 1.0		neg 0.5343316325813063 off 0.42191187429019367 __DUMMY__ 0.04375649312850012	false	1.0
widerspenstig	neg 1.0		neg 0.5262416186215803 off 0.4299915430275398 __DUMMY__ 0.043766838350880015	false	1.0
abrupt	neg 1.0		neg 0.5264807964004541 off 0.4296036006351121 __DUMMY__ 0.0439156029644338	false	1.0
unwirksam	neg 1.0		neg 0.5293887160377895 off 0.42742067807590195 __DUMMY__ 0.0431906058863085	false	1.0
angreifen	neg 1.0		neg 0.5328954702946965 off 0.4235911270232929 __DUMMY__ 0.04351340268201062	false	1.0
inkonsistent	neg 1.0		neg 0.525226333131819 off 0.43130064509429145 __DUMMY__ 0.04347302177388955	false	1.0
abrutschen	neg 1.0		neg 0.5338472707072952 off 0.4223492718357527 __DUMMY__ 0.043803457456951966	false	1.0
unsicher	neg 1.0		neg 0.5269389851608536 off 0.42939359772539193 __DUMMY__ 0.04366741711375433	false	1.0
bauernkind	off 1.0		neg 0.5175768135375819 off 0.4394248255335978 __DUMMY__ 0.0429983609288203	false	0.5
angreifer	neg 1.0		neg 0.5259032852371848 off 0.4308207356733973 __DUMMY__ 0.04327597908941796	false	1.0
trennen	neg 1.0		neg 0.5300447563986018 off 0.4260193505073275 __DUMMY__ 0.04393589309407077	false	1.0
schmutz	neg 1.0		neg 0.5180119115437395 off 0.4380700089989723 __DUMMY__ 0.04391807945728821	false	1.0
inkonsistenz	neg 1.0	neg 1.0	neg 0.7501831571572158 off 0.22907391359696588 __DUMMY__ 0.02074292924581835	false	1.0
erschreckend	neg 1.0		neg 0.5298584602031724 off 0.42664303832953154 __DUMMY__ 0.04349850146729615	false	1.0
ertrinken	neg 1.0		neg 0.5302643021516352 off 0.42599052505317025 __DUMMY__ 0.04374517279519462	false	1.0
pickelface	off 1.0		neg 0.5281277119501625 off 0.42851928839169673 __DUMMY__ 0.043352999658140684	false	0.5
seiner			neg 0.5322296433555807 off 0.42415361234326543 __DUMMY__ 0.04361674430115401	false	0.0
lauch	neg 1.0		neg 0.5327887132863782 off 0.4234864171963481 __DUMMY__ 0.04372486951727368	false	1.0
unwichtig	neg 1.0		neg 0.5232652801080361 off 0.4332834585041206 __DUMMY__ 0.043451261387843304	false	1.0
steuerhinterziehung	neg 1.0		neg 0.5313326719664861 off 0.4254735603905344 __DUMMY__ 0.04319376764297944	false	1.0
schock	neg 1.0		neg 0.5270896651931464 off 0.4290395787249374 __DUMMY__ 0.04387075608191619	false	1.0
beule	neg 1.0		neg 0.5199552456752611 off 0.4364048638694801 __DUMMY__ 0.04363989045525886	false	1.0
vergelten	neg 1.0		neg 0.5190497657522808 off 0.43783558841286746 __DUMMY__ 0.043114645834851646	false	1.0
verdorbenheit	neg 1.0		neg 0.5241845700169575 off 0.4320613114078496 __DUMMY__ 0.043754118575192784	false	1.0
trauma	neg 1.0		neg 0.5259372249367157 off 0.4305589496610943 __DUMMY__ 0.043503825402189965	false	1.0
sinnlos	neg 1.0		neg 0.5255395061563235 off 0.43093777814337464 __DUMMY__ 0.04352271570030189	false	1.0
fettsack	off 1.0	off 1.0	off 0.7038020353940695 neg 0.27550850476717675 __DUMMY__ 0.02068945983875364	false	1.0
feige	off 1.0		neg 0.5256351355975535 off 0.43112782424507473 __DUMMY__ 0.04323704015737179	false	0.5
abdanken	neg 1.0		neg 0.5332352257017838 off 0.4237974806526016 __DUMMY__ 0.04296729364561458	false	1.0
wichtigtuer	off 1.0	off 1.0	off 0.6981579044217785 neg 0.28109611549122965 __DUMMY__ 0.02074598008699186	false	1.0
misslingen	neg 1.0		neg 0.523994560721041 off 0.43230808596992054 __DUMMY__ 0.043697353309038525	false	1.0
untreu	off 1.0		neg 0.5225832574460612 off 0.4339903921840804 __DUMMY__ 0.043426350369858466	false	0.5
missmutig	neg 1.0		neg 0.5228282422551858 off 0.4335700747762913 __DUMMY__ 0.04360168296852299	false	1.0
hurenbock	off 1.0		neg 0.5232730501769703 off 0.4329030075142539 __DUMMY__ 0.043823942308775767	false	0.5
betrunken	neg 1.0		neg 0.5197381249775951 off 0.4367213149092253 __DUMMY__ 0.04354056011317965	false	1.0
korrupt	off 1.0		neg 0.5338711663521731 off 0.42301709686752975 __DUMMY__ 0.0431117367802972	false	0.5
unmut	neg 1.0		neg 0.5347364263227964 off 0.4216559364693818 __DUMMY__ 0.04360763720782163	false	1.0
hackfresse	off 1.0		neg 0.5159975139876453 off 0.440785625832088 __DUMMY__ 0.04321686018026682	false	0.5
aufblasen	neg 1.0		neg 0.5245987091348159 off 0.4316610235492316 __DUMMY__ 0.043740267315952486	false	1.0
gewaltsam	neg 1.0		neg 0.528738376133557 off 0.42802251124374974 __DUMMY__ 0.043239112622693275	false	1.0
unbeliebtheit	neg 1.0		neg 0.5257781047695197 off 0.4314240608173248 __DUMMY__ 0.042797834413155475	false	1.0
sturheit	neg 1.0		neg 0.5312487806719259 off 0.4254374795563108 __DUMMY__ 0.04331373977176312	false	1.0
kuh	neg 1.0		neg 0.525897755771536 off 0.4306375405692677 __DUMMY__ 0.04346470365919645	false	1.0
erschrecken	neg 1.0		neg 0.5234833128388009 off 0.4329476738330017 __DUMMY__ 0.043569013328197376	false	1.0
opfer	neg 1.0	neg 1.0	neg 0.7534332872658569 off 0.2256952071765096 __DUMMY__ 0.020871505557633407	false	1.0
sinken	neg 1.0		neg 0.5332840912784258 off 0.42305861538250744 __DUMMY__ 0.043657293339066774	false	1.0
stinktier	neg 1.0		neg 0.5193379914973006 off 0.4374442139393301 __DUMMY__ 0.043217794563369265	false	1.0
tucke	off 1.0		neg 0.5141936054937103 off 0.44247993537670677 __DUMMY__ 0.043326459129583016	false	0.5
ein			neg 0.5241034660774021 off 0.4320008629287851 __DUMMY__ 0.04389567099381277	false	0.0
abstieg	neg 1.0		neg 0.5313372156119098 off 0.42531203543262763 __DUMMY__ 0.04335074895546258	false	1.0
missverstehen	neg 1.0		neg 0.5274776484025804 off 0.4292099882250037 __DUMMY__ 0.0433123633724159	false	1.0
ergebnislos	neg 1.0		neg 0.5310841551856125 off 0.42546755989129253 __DUMMY__ 0.04344828492309492	false	1.0
unter			neg 0.5344154285208322 off 0.42134932577060275 __DUMMY__ 0.044235245708565005	false	0.0
manipulieren	neg 1.0		neg 0.532596665769416 off 0.4238377951713982 __DUMMY__ 0.04356553905918598	false	1.0
unbewiesen	neg 1.0		neg 0.5320250873889233 off 0.4250080502990447 __DUMMY__ 0.042966862312032006	false	1.0
verschleppen	neg 1.0		neg 0.5318928608794167 off 0.42472303038436454 __DUMMY__ 0.04338410873621867	false	1.0
weib	off 1.0		neg 0.5150211236517444 off 0.44184050449695544 __DUMMY__ 0.04313837185130023	false	0.5
opposition	neg 1.0		neg 0.5286109670929542 off 0.4282471542329113 __DUMMY__ 0.043141878674134486	false	1.0
verkehrswidrig	neg 1.0		neg 0.51583426640909 off 0.44069435909817095 __DUMMY__ 0.04347137449273904	false	1.0
inkorrekt	neg 1.0		neg 0.5257356359454565 off 0.4312725150979028 __DUMMY__ 0.04299184895664083	false	1.0
vermeiden	neg 1.0		neg 0.532981388369884 off 0.42296663496708203 __DUMMY__ 0.044051976663034016	false	1.0
abweichung	neg 1.0		neg 0.532369772936411 off 0.4243547399986373 __DUMMY__ 0.04327548706495162	false	1.0
alkoholisiert	neg 1.0		neg 0.527758120288778 off 0.4284390305943345 __DUMMY__ 0.04380284911688753	false	1.0
scheiss	off 1.0	off 1.0	off 0.7021925532173856 neg 0.2769379293768667 __DUMMY__ 0.02086951740574768	false	1.0
herausforderung	neg 1.0		neg 0.5262706743011084 off 0.42968284214764785 __DUMMY__ 0.04404648355124359	false	1.0
pervers	off 1.0		neg 0.5123419350273773 off 0.4445867916616683 __DUMMY__ 0.04307127331095419	false	0.5
wackelig	neg 1.0		neg 0.5264574957179118 off 0.42951306609212314 __DUMMY__ 0.044029438189965034	false	1.0
verwickeln	neg 1.0		neg 0.5269534525991727 off 0.4296330215075325 __DUMMY__ 0.04341352589329466	false	1.0
vorwand	neg 1.0		neg 0.5346382731186696 off 0.42185442588738015 __DUMMY__ 0.0435073009939501	false	1.0
muschi	off 1.0		neg 0.5290261448185777 off 0.42765380454796315 __DUMMY__ 0.04332005063345911	false	0.5
entmutigung	neg 1.0		neg 0.5313111237427421 off 0.4259563648214579 __DUMMY__ 0.04273251143579999	false	1.0
unangemessen	neg 1.0		neg 0.5326357969210178 off 0.42405948324852644 __DUMMY__ 0.04330471983045564	false	1.0
unstetig	neg 1.0		neg 0.5240248334351862 off 0.43257318403472866 __DUMMY__ 0.043401982530085065	false	1.0
entmutigen	neg 1.0		neg 0.5261156352979639 off 0.43028404159755274 __DUMMY__ 0.04360032310448345	false	1.0
schwanz	neg 1.0		neg 0.5296759831044906 off 0.42677950360469424 __DUMMY__ 0.04354451329081507	false	1.0
verbot	neg 1.0		neg 0.5323239054090463 off 0.42447137922191963 __DUMMY__ 0.04320471536903399	false	1.0
leid	neg 1.0		neg 0.5174853081952946 off 0.4392160843070017 __DUMMY__ 0.0432986074977037	false	1.0
archaisch	neg 1.0		neg 0.5315856257085859 off 0.4250611294530156 __DUMMY__ 0.04335324483839861	false	1.0
gegen			neg 0.5348653319319872 off 0.42171497804600744 __DUMMY__ 0.04341969002200542	false	0.0
scheidung	neg 1.0	neg 1.0	neg 0.7371931697214146 off 0.24209839542242004 __DUMMY__ 0.0207084348561654	false	1.0
einschlag	neg 1.0		neg 0.5192268012210683 off 0.4375919105992227 __DUMMY__ 0.04318128817970894	false	1.0
m			neg 0.5275788105728408 off 0.42868842105681215 __DUMMY__ 0.04373276837034688	false	0.0
abgestanden	neg 1.0		neg 0.5249363472833144 off 0.4312453847722429 __DUMMY__ 0.04381826794444278	false	1.0
schmierig	off 1.0		neg 0.5179984767297187 off 0.43860373271143815 __DUMMY__ 0.04339779055884324	false	0.5
unpraktisch	neg 1.0		neg 0.5240762935074739 off 0.43212475321902954 __DUMMY__ 0.04379895327349666	false	1.0
wixxer	off 1.0		neg 0.5131273950272215 off 0.4439201571456705 __DUMMY__ 0.042952447827108074	false	0.5
bezeichnet			neg 0.530459102059638 off 0.4262011043254341 __DUMMY__ 0.043339793614927895	false	0.0
jammerlappen	off 1.0		neg 0.523552516198713 off 0.4330160008063976 __DUMMY__ 0.043431482994889414	false	0.5
farce	neg 1.0		neg 0.5340365035475201 off 0.423016808197099 __DUMMY__ 0.04294668825538078	false	1.0
zwecklos	neg 1.0		neg 0.532168044672369 off 0.42442503679926397 __DUMMY__ 0.04340691852836707	false	1.0
turbulent	neg 1.0		neg 0.5201601939637441 off 0.4366001731910744 __DUMMY__ 0.043239632845181564	false	1.0
invasion	neg 1.0		neg 0.5230902697127187 off 0.4332776957582062 __DUMMY__ 0.043632034529075256	false	1.0
schuld	neg 1.0		neg 0.5276010337031455 off 0.42893114534450866 __DUMMY__ 0.04346782095234596	false	1.0
risiko	neg 1.0		neg 0.5213806738859592 off 0.4348302019523527 __DUMMY__ 0.04378912416168808	false	1.0
finster	neg 1.0		neg 0.5245531871723015 off 0.4316036263275624 __DUMMY__ 0.043843186500136175	false	1.0
geisteskrank	off 1.0		neg 0.5242573376393979 off 0.4326294811612411 __DUMMY__ 0.043113181199360966	false	0.5
zusammenbrechen	neg 1.0		neg 0.5280973670971131 off 0.4281796625712363 __DUMMY__ 0.043722970331650804	false	1.0
ausbeute	neg 1.0		neg 0.528224542068905 off 0.42793326306663826 __DUMMY__ 0.043842194864456736	false	1.0
hinterhalt	neg 1.0		neg 0.5272481869583798 off 0.42932376488025037 __DUMMY__ 0.04342804816136978	false	1.0
kritik	neg 1.0		neg 0.5330966130092766 off 0.4238442416005621 __DUMMY__ 0.04305914539016124	false	1.0
einschrumpfen	neg 1.0		neg 0.5265051299108451 off 0.4303898870167257 __DUMMY__ 0.04310498307242928	false	1.0
riskant	neg 1.0		neg 0.5315402177540284 off 0.4248190906967561 __DUMMY__ 0.043640691549215446	false	1.0
frustrieren	neg 1.0		neg 0.532215697278286 off 0.4242142544243252 __DUMMY__ 0.04357004829738882	false	1.0
groll	neg 1.0		neg 0.5318456755168784 off 0.42473593455272923 __DUMMY__ 0.04341838993039238	false	1.0
gibt			neg 0.5296249375092995 off 0.42677146930600557 __DUMMY__ 0.04360359318469483	false	0.0
qualvoll	neg 1.0		neg 0.524528858776382 off 0.43186736402618886 __DUMMY__ 0.04360377719742927	false	1.0
wackeln	neg 1.0		neg 0.5243814486197167 off 0.4317689608497019 __DUMMY__ 0.04384959053058134	false	1.0
klagen	neg 1.0		neg 0.5349183860363328 off 0.421602904782268 __DUMMY__ 0.043478709181399275	false	1.0
bankrott	neg 1.0		neg 0.5216593342321039 off 0.4347667516983832 __DUMMY__ 0.043573914069513046	false	1.0
trauern	neg 1.0		neg 0.5321988859529081 off 0.42425981185633177 __DUMMY__ 0.04354130219076018	false	1.0
ablehnung	neg 1.0	neg 1.0	neg 0.7536212503068274 off 0.22570995861294088 __DUMMY__ 0.02066879108023173	false	1.0
stur	neg 1.0		neg 0.5268920761602993 off 0.429612711318398 __DUMMY__ 0.043495212521302784	false	1.0
aufruhr	neg 1.0		neg 0.5301909398077433 off 0.42665629731796 __DUMMY__ 0.04315276287429669	false	1.0
melancholie	neg 1.0		neg 0.5277062355218906 off 0.4284222006323779 __DUMMY__ 0.04387156384573161	false	1.0
ist			neg 0.5266545854204476 off 0.4298547799663031 __DUMMY__ 0.04349063461324927	false	0.0
torheit	neg 1.0		neg 0.5312475577936236 off 0.42578461578971766 __DUMMY__ 0.04296782641665868	false	1.0
dreckskind	off 1.0		neg 0.519521771343406 off 0.4375498239213166 __DUMMY__ 0.04292840473527745	false	0.5
umtauschen	neg 1.0		neg 0.5259842506409538 off 0.43022474668083566 __DUMMY__ 0.04379100267821062	false	1.0
zum			neg 0.5308718504151976 off 0.4248938663294274 __DUMMY__ 0.04423428325537493	false	0.0
zersetzen	neg 1.0		neg 0.5335968350223511 off 0.42287610409891746 __DUMMY__ 0.04352706087873148	false	1.0
zur			neg 0.5355659881635724 off 0.42070559461606444 __DUMMY__ 0.04372841722036307	false	0.0
frust	neg 1.0		neg 0.5292148438554283 off 0.42714855598245394 __DUMMY__ 0.04363660016211778	false	1.0
unerbittlichkeit	neg 1.0		neg 0.533130897375316 off 0.42340535337846735 __DUMMY__ 0.04346374924621663	false	1.0
zwei			neg 0.5305120846586471 off 0.4254381294227415 __DUMMY__ 0.044049785918611535	false	0.0
unkorrekt	neg 1.0		neg 0.5245161193723592 off 0.43245455471608785 __DUMMY__ 0.04302932591155293	false	1.0
hexe	off 1.0		neg 0.5219209473634591 off 0.4345934153832751 __DUMMY__ 0.0434856372532658	false	0.5
lasch	neg 1.0		neg 0.5265653780065076 off 0.4301772794375279 __DUMMY__ 0.04325734255596449	false	1.0
rivale	neg 1.0		neg 0.5191857426801514 off 0.4375659337146825 __DUMMY__ 0.043248323605166186	false	1.0
mutlos	off 1.0	off 1.0	off 0.6953217439161246 neg 0.2838993155995747 __DUMMY__ 0.020778940484300675	false	1.0
wirr	off 1.0		neg 0.5219428813460439 off 0.43496425873679817 __DUMMY__ 0.04309285991715798	false	0.5
jahr			neg 0.5282974052949772 off 0.427720165754745 __DUMMY__ 0.04398242895027796	false	0.0
wird			neg 0.5309518052442025 off 0.4254234888726009 __DUMMY__ 0.04362470588319663	false	0.0
strafbar	neg 1.0		neg 0.5342564064616078 off 0.4224510956045356 __DUMMY__ 0.04329249793385674	false	1.0
erosion	neg 1.0		neg 0.5246068793454134 off 0.4317110909145092 __DUMMY__ 0.04368202974007737	false	1.0
eingehen	neg 1.0		neg 0.5320446363228777 off 0.4244881843162958 __DUMMY__ 0.04346717936082644	false	1.0
faul	off 1.0		neg 0.5209214042068724 off 0.43533413548747485 __DUMMY__ 0.043744460305652655	false	0.5
provisorium	neg 1.0		neg 0.5362387609677947 off 0.41966776897280833 __DUMMY__ 0.04409347005939689	false	1.0
schmerzen	neg 1.0		neg 0.5274796957144935 off 0.4287921294719529 __DUMMY__ 0.04372817481355357	false	1.0
schrumpfen	neg 1.0		neg 0.5353221633865338 off 0.4208746257688493 __DUMMY__ 0.04380321084461704	false	1.0
geistlos	off 1.0		neg 0.5295716250021671 off 0.42748174058529786 __DUMMY__ 0.04294663441253505	false	0.5
fehlkauf	neg 1.0		neg 0.5260494276744178 off 0.4306213766916761 __DUMMY__ 0.04332919563390611	false	1.0
frustrierend	neg 1.0		neg 0.5234844843483253 off 0.4329411912795254 __DUMMY__ 0.04357432437214948	false	1.0
unzufrieden	neg 1.0		neg 0.5308717639936469 off 0.4255842204355148 __DUMMY__ 0.043544015570838306	false	1.0
verzweifeln	neg 1.0		neg 0.527862068359523 off 0.4284900050896927 __DUMMY__ 0.0436479265507843	false	1.0
verzweifelt	neg 1.0		neg 0.5268662041269767 off 0.4296229207160423 __DUMMY__ 0.043510875156980766	false	1.0
misstrauensantrag	neg 1.0		neg 0.5260124160673052 off 0.43067101580895656 __DUMMY__ 0.04331656812373827	false	1.0
abfallen	neg 1.0		neg 0.5235634513083408 off 0.4325187035265905 __DUMMY__ 0.0439178451650686	false	1.0
fucker	off 1.0		neg 0.5210802205396527 off 0.43569299050006893 __DUMMY__ 0.043226788960278345	false	0.5
ungezogen	neg 1.0		neg 0.5140041325542283 off 0.44277102278390396 __DUMMY__ 0.04322484466186782	false	1.0
irrsinnig	neg 1.0	neg 1.0	neg 0.7512016985491218 off 0.22797742281791966 __DUMMY__ 0.02082087863295853	false	1.0
unfassbar	neg 1.0		neg 0.5229126588991835 off 0.43365751519965173 __DUMMY__ 0.04342982590116468	false	1.0
hart	neg 1.0		neg 0.5230969698256304 off 0.43356816243823293 __DUMMY__ 0.04333486773613673	false	1.0
widerlich	off 1.0		neg 0.5232578997693699 off 0.433469503199851 __DUMMY__ 0.04327259703077918	false	0.5
fatal	neg 1.0		neg 0.5254877062827114 off 0.43110576407816986 __DUMMY__ 0.043406529639118764	false	1.0
bruch	neg 1.0		neg 0.5364632713625584 off 0.4201695254021425 __DUMMY__ 0.043367203235299016	false	1.0
aushungern	neg 1.0		neg 0.5309449399649493 off 0.4259271989822371 __DUMMY__ 0.04312786105281355	false	1.0
anspannung	neg 1.0		neg 0.5325809219960588 off 0.42349148223587857 __DUMMY__ 0.0439275957680628	false	1.0
von			neg 0.5300838576316219 off 0.4260009377027926 __DUMMY__ 0.04391520466558542	false	0.0
kraftlos	neg 1.0		neg 0.5277181339735404 off 0.42834388685577157 __DUMMY__ 0.04393797917068815	false	1.0
vom			neg 0.5342804299919477 off 0.4215611996346772 __DUMMY__ 0.04415837037337512	false	0.0
grenzdebil	off 1.0		neg 0.5210178299635819 off 0.4354898155127006 __DUMMY__ 0.043492354523717504	false	0.5
vor			neg 0.5323092218192984 off 0.4238661165951516 __DUMMY__ 0.043824661585549825	false	0.0
unterwerfen	neg 1.0		neg 0.5328639269141994 off 0.423714663532968 __DUMMY__ 0.043421409552832635	false	1.0
versenkung	neg 1.0		neg 0.5320805865464643 off 0.42434331316795726 __DUMMY__ 0.0435761002855784	false	1.0
entziehen	neg 1.0		neg 0.5348937929039418 off 0.4215543914149619 __DUMMY__ 0.043551815681096166	false	1.0
finanzkrise	neg 1.0		neg 0.5309713305543393 off 0.42587784119562216 __DUMMY__ 0.043150828250038464	false	1.0
schimpfend	neg 1.0		neg 0.522129320172872 off 0.43390357516584277 __DUMMY__ 0.04396710466128538	false	1.0
profan	neg 1.0		neg 0.5255122363839321 off 0.43096181447442544 __DUMMY__ 0.043525949141642435	false	1.0
korruption	neg 1.0		neg 0.5331547490413033 off 0.42367641684088175 __DUMMY__ 0.04316883411781488	false	1.0
â			neg 0.5289860755406627 off 0.42731884955576055 __DUMMY__ 0.043695074903576804	false	0.0
schmutzig	neg 1.0		neg 0.5202245284046416 off 0.43611949746733286 __DUMMY__ 0.043655974128025465	false	1.0
sexy	neg 1.0		neg 0.5231236817131522 off 0.43338500825496346 __DUMMY__ 0.04349131003188431	false	1.0
abraten	neg 1.0		neg 0.5254198018293689 off 0.4309290069641042 __DUMMY__ 0.04365119120652698	false	1.0
schwarz	neg 1.0		neg 0.5260157713949213 off 0.4305239970329858 __DUMMY__ 0.043460231572093076	false	1.0
fotze	off 1.0		neg 0.5306805647694776 off 0.4259406843739818 __DUMMY__ 0.04337875085654055	false	0.5
verwirren	neg 1.0		neg 0.5247411225344213 off 0.4317524483887695 __DUMMY__ 0.04350642907680925	false	1.0
zahnlos	off 1.0		neg 0.531964580600554 off 0.42465168548648163 __DUMMY__ 0.043383733912964406	false	0.5
verheeren	neg 1.0		neg 0.5135499947952645 off 0.44347863665463194 __DUMMY__ 0.042971368550103535	false	1.0
hippie	neg 1.0		neg 0.5237577131152156 off 0.4327911574449098 __DUMMY__ 0.04345112943987455	false	1.0
rammen	neg 1.0		neg 0.5232673062243062 off 0.43310708686485344 __DUMMY__ 0.043625606910840456	false	1.0
unlauter	neg 1.0	neg 1.0	neg 0.7500592507847434 off 0.2291462062026193 __DUMMY__ 0.02079454301263733	false	1.0
unheilvoll	neg 1.0		neg 0.5247728495955115 off 0.4316110099951179 __DUMMY__ 0.0436161404093705	false	1.0
niedrig	neg 1.0		neg 0.5298181079678913 off 0.42656078845358614 __DUMMY__ 0.0436211035785224	false	1.0
explosion	neg 1.0		neg 0.5232477642184985 off 0.43317766111746225 __DUMMY__ 0.04357457466403932	false	1.0
weichei	off 1.0		neg 0.5171152317981615 off 0.4396408080227474 __DUMMY__ 0.043243960179091205	false	0.5
minusmensch	off 1.0		neg 0.5164726308994058 off 0.4408324330616596 __DUMMY__ 0.04269493603893454	false	0.5
farblos	neg 1.0		neg 0.526642711369297 off 0.4298720734299158 __DUMMY__ 0.04348521520078728	false	1.0
unwissend	neg 1.0	neg 1.0	neg 0.7488915293585849 off 0.23033672981833792 __DUMMY__ 0.020771740823077138	false	1.0
traurig	neg 1.0		neg 0.5192876540007468 off 0.4372532942237222 __DUMMY__ 0.04345905177553089	false	1.0
senkung	neg 1.0		neg 0.5241660414948716 off 0.4323702427962854 __DUMMY__ 0.04346371570884299	false	1.0
ungleich	neg 1.0	neg 1.0	neg 0.7537676590922865 off 0.2253982429592356 __DUMMY__ 0.020834097948477837	false	1.0
heikel	neg 1.0		neg 0.5332399473406377 off 0.42318526530936285 __DUMMY__ 0.0435747873499995	false	1.0
drosselung	neg 1.0		neg 0.5183938132815479 off 0.4381121686310591 __DUMMY__ 0.04349401808739296	false	1.0
falsch	neg 1.0		neg 0.5237647757676578 off 0.432758203693705 __DUMMY__ 0.04347702053863715	false	1.0
unzufriedenheit	neg 1.0		neg 0.533762494029908 off 0.42270098639191483 __DUMMY__ 0.043536519578177287	false	1.0
kurz	neg 1.0		neg 0.5268982379372389 off 0.4292244040657145 __DUMMY__ 0.04387735799704664	false	1.0
unsinnig	neg 1.0		neg 0.5307755788692958 off 0.4257354449965927 __DUMMY__ 0.043488976134111526	false	1.0
penner	off 1.0	off 1.0	off 0.7050526718154885 neg 0.2742194812713262 __DUMMY__ 0.020727846913185213	false	1.0
seicht	neg 1.0		neg 0.5167107597234774 off 0.4403253988343482 __DUMMY__ 0.0429638414421744	false	1.0
dummheit	off 1.0	off 1.0	off 0.6986818493239774 neg 0.280565642494911 __DUMMY__ 0.02075250818111161	false	1.0
unerfreulich	neg 1.0		neg 0.5326276671831298 off 0.42365697332464747 __DUMMY__ 0.04371535949222263	false	1.0
motherfucker	off 1.0	off 1.0	off 0.7020317018316685 neg 0.2772372047439678 __DUMMY__ 0.020731093424363717	false	1.0
pikiert	neg 1.0		neg 0.5246816735787901 off 0.43203363026190456 __DUMMY__ 0.043284696159305386	false	1.0
wrack	neg 1.0		neg 0.5291941265498628 off 0.4271706001905787 __DUMMY__ 0.04363527325955865	false	1.0
gangster	neg 1.0		neg 0.5245183075660167 off 0.4320113284104049 __DUMMY__ 0.04347036402357849	false	1.0
krank	neg 1.0		neg 0.5196179808035203 off 0.4367253364731341 __DUMMY__ 0.04365668272334565	false	1.0
reich	neg 1.0		neg 0.5269152633912617 off 0.43025694774313505 __DUMMY__ 0.0428277888656033	false	1.0
gnadenlos	neg 1.0		neg 0.5271002990366326 off 0.4293929177157224 __DUMMY__ 0.04350678324764492	false	1.0
niedergeschlagen	neg 1.0		neg 0.5283974454831883 off 0.4279258241670806 __DUMMY__ 0.04367673034973104	false	1.0
terrorisieren	off 1.0	off 1.0	off 0.6958095966062858 neg 0.2833088016178461 __DUMMY__ 0.020881601775868015	false	1.0
sinnlosigkeit	neg 1.0		neg 0.5315265853190749 off 0.425048209226641 __DUMMY__ 0.04342520545428413	false	1.0
behindern	neg 1.0		neg 0.5265872141847472 off 0.4297224593128197 __DUMMY__ 0.04369032650243314	false	1.0
undemokratisch	neg 1.0		neg 0.5298559474990309 off 0.427066535444231 __DUMMY__ 0.04307751705673811	false	1.0
wirtschaftskrise	neg 1.0		neg 0.5320740263495461 off 0.4246304271779208 __DUMMY__ 0.04329554647253313	false	1.0
neid	neg 1.0		neg 0.522747490851309 off 0.4335996264016766 __DUMMY__ 0.04365288274701448	false	1.0
rutschen	neg 1.0		neg 0.5302918353244467 off 0.42543140434234694 __DUMMY__ 0.04427676033320636	false	1.0
rezession	neg 1.0		neg 0.5203574416651401 off 0.4366153081951611 __DUMMY__ 0.04302725013969876	false	1.0
fehlgeburt	neg 1.0		neg 0.5282936779013133 off 0.4283235457732291 __DUMMY__ 0.04338277632545756	false	1.0
charakterschwach	off 1.0		neg 0.5232732762281685 off 0.4334342192970082 __DUMMY__ 0.04329250447482316	false	0.5
isolation	neg 1.0		neg 0.5221170540535943 off 0.4344122293623408 __DUMMY__ 0.04347071658406483	false	1.0
ablenkung	neg 1.0		neg 0.5264543793846157 off 0.4298707126700318 __DUMMY__ 0.043674907945352684	false	1.0
pech	neg 1.0		neg 0.5233621229722407 off 0.4330269444994886 __DUMMY__ 0.043610932528270634	false	1.0
vermeidung	neg 1.0		neg 0.5190724065709205 off 0.4373463996800362 __DUMMY__ 0.04358119374904329	false	1.0
dominieren	neg 1.0		neg 0.52890652399025 off 0.4275386273537814 __DUMMY__ 0.04355484865596878	false	1.0
schwindlig	neg 1.0		neg 0.5223128646352138 off 0.4338994394726802 __DUMMY__ 0.04378769589210611	false	1.0
lutscher	neg 1.0		neg 0.5149857464236901 off 0.4419830181822302 __DUMMY__ 0.043031235394079846	false	1.0
pflicht	neg 1.0		neg 0.5338826364928646 off 0.42258838835707796 __DUMMY__ 0.043528975150057325	false	1.0
faschist	off 1.0		neg 0.5298193614542255 off 0.42721819434015046 __DUMMY__ 0.042962444205624166	false	0.5
verschleudern	neg 1.0		neg 0.5323109870539493 off 0.4243406230708494 __DUMMY__ 0.04334838987520124	false	1.0
wenn			neg 0.5238299773231023 off 0.43269293113426255 __DUMMY__ 0.043477091542635224	false	0.0
ehebruch	neg 1.0		neg 0.5333679871114411 off 0.4233201366570998 __DUMMY__ 0.04331187623145905	false	1.0
spott	off 1.0		neg 0.5335020196393873 off 0.42312106319338766 __DUMMY__ 0.04337691716722522	false	0.5
trostlosigkeit	neg 1.0		neg 0.5362188708157599 off 0.42055747255465553 __DUMMY__ 0.043223656629584634	false	1.0
lutschen	neg 1.0		neg 0.5242147035132677 off 0.4325063557846833 __DUMMY__ 0.04327894070204906	false	1.0
undiszipliniert	neg 1.0		neg 0.5201751227096443 off 0.4363946862884801 __DUMMY__ 0.0434301910018757	false	1.0
kopfschmerz	neg 1.0		neg 0.5270260598645351 off 0.4292925351998845 __DUMMY__ 0.043681404935580384	false	1.0
unvorhergesehen	neg 1.0		neg 0.5255669166928217 off 0.43039789895964436 __DUMMY__ 0.04403518434753395	false	1.0
desinteressiert	neg 1.0		neg 0.5215648804025287 off 0.43511887804223104 __DUMMY__ 0.04331624155524025	false	1.0
armselig	off 1.0		neg 0.5212295620350306 off 0.43554822953414407 __DUMMY__ 0.043222208430825325	false	0.5
desaster	neg 1.0		neg 0.5368739911717364 off 0.41975722277092953 __DUMMY__ 0.043368786057334074	false	1.0
tod	neg 1.0		neg 0.5345996012085559 off 0.42221887976174166 __DUMMY__ 0.04318151902970259	false	1.0
herzlos	neg 1.0		neg 0.5189708321440143 off 0.4376269699334766 __DUMMY__ 0.043402197922509	false	1.0
unwissenheit	neg 1.0		neg 0.5321419903546765 off 0.42450182775734246 __DUMMY__ 0.04335618188798112	false	1.0
widersinnig	neg 1.0		neg 0.5329293101145224 off 0.4239786424252259 __DUMMY__ 0.04309204746025171	false	1.0
bedenklich	neg 1.0		neg 0.5324667282551979 off 0.4240066518870783 __DUMMY__ 0.04352661985772381	false	1.0
beanstanden	neg 1.0		neg 0.5338615578506378 off 0.4225640983585084 __DUMMY__ 0.043574343790853884	false	1.0
panisch	neg 1.0	neg 1.0	neg 0.7480238730544468 off 0.23088197388040363 __DUMMY__ 0.021094153065149585	false	1.0
debil	off 1.0		neg 0.5358522267841347 off 0.4204504394376777 __DUMMY__ 0.04369733377818759	false	0.5
abstrich	neg 1.0		neg 0.5230721846387107 off 0.4329482527525979 __DUMMY__ 0.04397956260869127	false	1.0
primitiv	neg 1.0		neg 0.5226527049848699 off 0.43408346302281187 __DUMMY__ 0.04326383199231806	false	1.0
abschaum	off 1.0	off 1.0	off 0.6997573504853927 neg 0.2795479159522568 __DUMMY__ 0.020694733562350544	false	1.0
provozieren	neg 1.0		neg 0.5291887166691163 off 0.4274645328608686 __DUMMY__ 0.04334675047001509	false	1.0
tot	neg 1.0		neg 0.5300636526508732 off 0.42656197497615417 __DUMMY__ 0.043374372372972626	false	1.0
instabil	neg 1.0		neg 0.5201809508672106 off 0.4366701100130802 __DUMMY__ 0.04314893911970927	false	1.0
schwuchtel	off 1.0		neg 0.5117125783074643 off 0.4455897365339027 __DUMMY__ 0.0426976851586331	false	0.5
zerren	neg 1.0		neg 0.5288420884423733 off 0.42750483892513813 __DUMMY__ 0.04365307263248853	false	1.0
kinderficker	off 1.0		neg 0.5205115880841997 off 0.43648599999962395 __DUMMY__ 0.04300241191617635	false	0.5
gefahr	neg 1.0		neg 0.5327444535490753 off 0.4238460063747492 __DUMMY__ 0.04340954007617563	false	1.0
rabiat	neg 1.0		neg 0.5281661021300631 off 0.42832850379805737 __DUMMY__ 0.043505394071879415	false	1.0
verlangsamung	neg 1.0		neg 0.5160133083788904 off 0.4409242479046783 __DUMMY__ 0.04306244371643122	false	1.0
ausgestorben	neg 1.0		neg 0.5291239102459877 off 0.4272704463531486 __DUMMY__ 0.043605643400863696	false	1.0
anklagen	neg 1.0		neg 0.5301327117504465 off 0.42655248412571056 __DUMMY__ 0.04331480412384294	false	1.0
trott	neg 1.0		neg 0.5268783030875916 off 0.4294865346730705 __DUMMY__ 0.04363516223933774	false	1.0
verminderung	neg 1.0		neg 0.5199381054972008 off 0.4366866843547604 __DUMMY__ 0.04337521014803904	false	1.0
nach			neg 0.531992176123893 off 0.4238995714583293 __DUMMY__ 0.04410825241777766	false	0.0
rost	neg 1.0		neg 0.5159947205550123 off 0.44095482348417725 __DUMMY__ 0.043050455960810585	false	1.0
destruktiv	neg 1.0		neg 0.5311669838404508 off 0.42555517978371804 __DUMMY__ 0.043277836375831026	false	1.0
unzumutbarkeit	neg 1.0		neg 0.5193355509788777 off 0.43712623231744596 __DUMMY__ 0.043538216703676184	false	1.0
labil	off 1.0	off 1.0	off 0.7008623707820983 neg 0.2783917394976523 __DUMMY__ 0.02074588972024943	false	1.0
ziemlich	neg 1.0		neg 0.5217097961569904 off 0.4348089800012897 __DUMMY__ 0.04348122384172	false	1.0
lachnummer	off 1.0		neg 0.5309319503715894 off 0.4257634988349145 __DUMMY__ 0.04330455079349623	false	0.5
oder			neg 0.52610103051356 off 0.4301473135856351 __DUMMY__ 0.043751655900804765	false	0.0
verfall	neg 1.0		neg 0.5367767396157485 off 0.41958168926678224 __DUMMY__ 0.04364157111746943	false	1.0
ausgrenzung	neg 1.0		neg 0.5289965262598189 off 0.42792229662187975 __DUMMY__ 0.043081177118301416	false	1.0
unordnung	neg 1.0		neg 0.5202295935080269 off 0.4367000977147504 __DUMMY__ 0.04307030877722278	false	1.0
fehlverhalten	neg 1.0		neg 0.5338349834283388 off 0.42278569682184985 __DUMMY__ 0.04337931974981126	false	1.0
eine			neg 0.5324098486843061 off 0.42382153307166376 __DUMMY__ 0.04376861824403019	false	0.0
nille	neg 1.0		neg 0.5297421877999695 off 0.42698718566731025 __DUMMY__ 0.043270626532720305	false	1.0
qual	neg 1.0		neg 0.5272259962034709 off 0.4291673151246632 __DUMMY__ 0.04360668867186588	false	1.0
verschwenden	neg 1.0		neg 0.5314144316322735 off 0.4249625072648723 __DUMMY__ 0.04362306110285434	false	1.0
riesig	neg 1.0		neg 0.5273338620962802 off 0.42898823168050615 __DUMMY__ 0.043677906223213804	false	1.0
verurteilen	neg 1.0		neg 0.5325753566933885 off 0.42414182418909174 __DUMMY__ 0.043282819117519744	false	1.0
klischee	neg 1.0	neg 1.0	neg 0.7501600542847064 off 0.22909846788272104 __DUMMY__ 0.020741477832572592	false	1.0
diktatorisch	neg 1.0		neg 0.5311203196109028 off 0.42593312080214846 __DUMMY__ 0.04294655958694872	false	1.0
vorhersehbar	neg 1.0		neg 0.5272830565415165 off 0.42940626554264966 __DUMMY__ 0.04331067791583374	false	1.0
sowie			neg 0.518502622783222 off 0.43849278578614603 __DUMMY__ 0.043004591430631844	false	0.0
stornieren	neg 1.0		neg 0.5230260499376197 off 0.43327704483549156 __DUMMY__ 0.04369690522688868	false	1.0
besteuerung	neg 1.0		neg 0.5265148170828483 off 0.4300378496651403 __DUMMY__ 0.04344733325201146	false	1.0
ungeschminkt	neg 1.0		neg 0.5209814773771518 off 0.43557057184764264 __DUMMY__ 0.04344795077520565	false	1.0
kritisch	neg 1.0		neg 0.5331330065844754 off 0.4234577982331851 __DUMMY__ 0.043409195182339516	false	1.0
schlamperei	off 1.0		neg 0.5325745157970337 off 0.4240484077351388 __DUMMY__ 0.04337707646782738	false	0.5
sucht	neg 1.0	neg 1.0	neg 0.7475006325526249 off 0.23142415769614016 __DUMMY__ 0.021075209751234922	false	1.0
egoistisch	off 1.0		neg 0.5175911321356551 off 0.43918281007761883 __DUMMY__ 0.04322605778672604	false	0.5
ausbeuter	off 1.0		neg 0.5345851255722659 off 0.4220792971485028 __DUMMY__ 0.04333557727923129	false	0.5
arschgeburt	off 1.0		neg 0.5118485751432894 off 0.4454499343241804 __DUMMY__ 0.042701490532530265	false	0.5
schubs	neg 1.0	neg 1.0	neg 0.7508013838762707 off 0.2281169701183037 __DUMMY__ 0.021081646005425603	false	1.0
unsolide	neg 1.0		neg 0.5281242762266286 off 0.4290610661689068 __DUMMY__ 0.04281465760446453	false	1.0
beschwerde	neg 1.0		neg 0.5312597486609009 off 0.42532572657142464 __DUMMY__ 0.04341452476767442	false	1.0
stocken	neg 1.0		neg 0.5302072450271327 off 0.4261871189717865 __DUMMY__ 0.04360563600108074	false	1.0
isolieren	neg 1.0		neg 0.5263694390300123 off 0.4298562868087197 __DUMMY__ 0.04377427416126803	false	1.0
unheilbar	neg 1.0		neg 0.528084002179347 off 0.4284878553960011 __DUMMY__ 0.04342814242465186	false	1.0
pisser	off 1.0		neg 0.5204383215230874 off 0.43642058609599904 __DUMMY__ 0.04314109238091349	false	0.5
löschen	neg 1.0		neg 0.5268633821700192 off 0.42966979814668527 __DUMMY__ 0.04346681968329555	false	1.0
durchfallen	neg 1.0		neg 0.5315222963765266 off 0.42492123999184117 __DUMMY__ 0.043556463631632285	false	1.0
wichser	off 1.0		neg 0.5134340982002151 off 0.4435040131154015 __DUMMY__ 0.04306188868438328	false	0.5
terror	neg 1.0		neg 0.5220137685445956 off 0.43432924651422405 __DUMMY__ 0.043656984941180435	false	1.0
krass	neg 1.0		neg 0.5185099670614991 off 0.43811670248384144 __DUMMY__ 0.04337333045465942	false	1.0
revolte	neg 1.0	neg 1.0	neg 0.7519397306278435 off 0.2275431665432287 __DUMMY__ 0.020517102828927825	false	1.0
besorgt	neg 1.0		neg 0.5271628399370877 off 0.4289874056323771 __DUMMY__ 0.04384975443053524	false	1.0
nachlassen	neg 1.0		neg 0.5276476079475673 off 0.42854305423311195 __DUMMY__ 0.0438093378193207	false	1.0
alt	neg 1.0		neg 0.5292607239787211 off 0.4268692275434829 __DUMMY__ 0.04387004847779599	false	1.0
hundesohn	off 1.0		neg 0.516257505343292 off 0.4409040122836398 __DUMMY__ 0.04283848237306819	false	0.5
als			neg 0.5293206032486362 off 0.42697880265040006 __DUMMY__ 0.043700594100963656	false	0.0
abschreckung	neg 1.0		neg 0.5347262075384597 off 0.4218258119420418 __DUMMY__ 0.04344798051949843	false	1.0
unqualifiziert	neg 1.0		neg 0.5268713019490061 off 0.4298138796399927 __DUMMY__ 0.04331481841100116	false	1.0
abgewichst	off 1.0		neg 0.5294216173963311 off 0.42713173020107686 __DUMMY__ 0.0434466524025921	false	0.5
schwer	neg 1.0		neg 0.5276646830120124 off 0.4286941107958214 __DUMMY__ 0.04364120619216627	false	1.0
bedeutungslosigkeit	neg 1.0		neg 0.5344115848780919 off 0.4221884439416905 __DUMMY__ 0.04339997118021761	false	1.0
kapitulation	neg 1.0		neg 0.5346497529929795 off 0.4222753990998923 __DUMMY__ 0.043074847907128344	false	1.0
unscharf	neg 1.0		neg 0.5234848604862404 off 0.43293394428611137 __DUMMY__ 0.043581195227648195	false	1.0
schwinden	neg 1.0		neg 0.531847954087947 off 0.42452401536316264 __DUMMY__ 0.043628030548890244	false	1.0
versklavung	neg 1.0	neg 1.0	neg 0.7522163378446578 off 0.22713981084261303 __DUMMY__ 0.02064385131272918	false	1.0
schlecht	neg 1.0		neg 0.5210788754571248 off 0.4354086156112272 __DUMMY__ 0.04351250893164795	false	1.0
verhasst	neg 1.0		neg 0.5295290933223751 off 0.42717233762267254 __DUMMY__ 0.04329856905495242	false	1.0
beschweren	neg 1.0		neg 0.5256656617816043 off 0.43075259561417856 __DUMMY__ 0.04358174260421709	false	1.0
scheiden	neg 1.0		neg 0.5285651900387733 off 0.42790862429086374 __DUMMY__ 0.04352618567036288	false	1.0
frustriert	neg 1.0		neg 0.5291721084638192 off 0.42723155405781243 __DUMMY__ 0.04359633747836837	false	1.0
schimmelig	neg 1.0		neg 0.5298234669255729 off 0.4265066742576701 __DUMMY__ 0.04366985881675706	false	1.0
fisch	neg 1.0		neg 0.5298725270937343 off 0.42649265191390573 __DUMMY__ 0.043634820992360004	false	1.0
schmuggel	neg 1.0		neg 0.531453324169298 off 0.4248039063388298 __DUMMY__ 0.043742769491872176	false	1.0
auffallen	neg 1.0		neg 0.5253562348986206 off 0.4310985283117316 __DUMMY__ 0.0435452367896478	false	1.0
konkurrenz	neg 1.0		neg 0.5326540773132912 off 0.4236225787934189 __DUMMY__ 0.04372334389329005	false	1.0
teufelskreis	neg 1.0		neg 0.5297876825144882 off 0.4267251952447114 __DUMMY__ 0.04348712224080046	false	1.0
aufschreien	neg 1.0		neg 0.5271234332020817 off 0.42953101244575503 __DUMMY__ 0.04334555435216337	false	1.0
schuldner	neg 1.0		neg 0.5330728461629675 off 0.4235306253991104 __DUMMY__ 0.043396528437922154	false	1.0
missgeburt	off 1.0	off 1.0	off 0.7036562667295462 neg 0.27572999700517675 __DUMMY__ 0.020613736265277148	false	1.0
arbeitslos	neg 1.0		neg 0.5313640802395357 off 0.42518738436662584 __DUMMY__ 0.04344853539383841	false	1.0
befallen	neg 1.0		neg 0.5339467535580756 off 0.42295731842056 __DUMMY__ 0.04309592802136449	false	1.0
miesepetrig	off 1.0		neg 0.5205570154474782 off 0.4358418520021847 __DUMMY__ 0.04360113255033707	false	0.5
alarmieren	neg 1.0		neg 0.5242623423710662 off 0.43250852845563376 __DUMMY__ 0.04322912917329994	false	1.0
ungeduscht	off 1.0		neg 0.5231950982855152 off 0.43320143016837803 __DUMMY__ 0.0436034715461068	false	0.5
knappheit	neg 1.0		neg 0.5296348488145133 off 0.42681091163258034 __DUMMY__ 0.0435542395529063	false	1.0
schlange	neg 1.0		neg 0.5245965437804798 off 0.4316799700403518 __DUMMY__ 0.04372348617916824	false	1.0
harsch	neg 1.0		neg 0.5142472146334165 off 0.44230352675634027 __DUMMY__ 0.04344925861024325	false	1.0
lang	neg 1.0		neg 0.5260075816814216 off 0.4304397087460781 __DUMMY__ 0.04355270957250028	false	1.0
ziellos	neg 1.0		neg 0.5301761929394505 off 0.42616827914237265 __DUMMY__ 0.043655527918176944	false	1.0
selbstverliebt	neg 1.0		neg 0.5144377739422132 off 0.4427808642661852 __DUMMY__ 0.04278136179160161	false	1.0
beseitigen	neg 1.0		neg 0.524781608754061 off 0.4314999348800223 __DUMMY__ 0.04371845636591668	false	1.0
dumm	off 1.0		neg 0.5173975480753811 off 0.43945794997103466 __DUMMY__ 0.043144501953584345	false	0.5
arbeitsloser	neg 1.0		neg 0.532274107343896 off 0.4242663695448782 __DUMMY__ 0.04345952311122564	false	1.0
blitzen	neg 1.0		neg 0.5242220187730755 off 0.43236588972865747 __DUMMY__ 0.043412091498266976	false	1.0
hilflos	neg 1.0		neg 0.5296640672267297 off 0.42674240986604767 __DUMMY__ 0.04359352290722258	false	1.0
eklig	off 1.0		neg 0.516316088434785 off 0.44055969629584485 __DUMMY__ 0.04312421526937028	false	0.5
begriff			neg 0.530029800023995 off 0.4264785297594953 __DUMMY__ 0.04349167021650981	false	0.0
hungersnot	neg 1.0		neg 0.53241328126047 off 0.42457603407367134 __DUMMY__ 0.04301068466585853	false	1.0
ungesetzlich	neg 1.0		neg 0.5288651970875758 off 0.4281040162361632 __DUMMY__ 0.04303078667626116	false	1.0
verschwendung	neg 1.0		neg 0.5327161333337532 off 0.42368429257064805 __DUMMY__ 0.0435995740955989	false	1.0
schmerzvoll	neg 1.0		neg 0.5255865832580131 off 0.4308233694527426 __DUMMY__ 0.04359004728924433	false	1.0
vorzeitig	neg 1.0		neg 0.5219728074628665 off 0.43460146728721316 __DUMMY__ 0.04342572524992032	false	1.0
unvollkommenheit	neg 1.0		neg 0.5276504218404044 off 0.4288429139237442 __DUMMY__ 0.04350666423585142	false	1.0
intervenieren	neg 1.0		neg 0.5345657453353476 off 0.4221533232748088 __DUMMY__ 0.043280931389843465	false	1.0
banause	off 1.0		neg 0.5152380160138323 off 0.44171815550913035 __DUMMY__ 0.043043828477037326	false	0.5
rebell	neg 1.0		neg 0.531984368316369 off 0.42425711272971933 __DUMMY__ 0.04375851895391159	false	1.0
unlogisch	neg 1.0		neg 0.5206772074926053 off 0.43607052678588903 __DUMMY__ 0.04325226572150565	false	1.0
leiden	neg 1.0	neg 1.0	neg 0.7508642331380958 off 0.22785771475090014 __DUMMY__ 0.02127805211100402	false	1.0
abschaffung	neg 1.0		neg 0.528450801234734 off 0.42826118314519135 __DUMMY__ 0.04328801562007467	false	1.0
sturz	neg 1.0		neg 0.5281920538654093 off 0.42857114414783704 __DUMMY__ 0.04323680198675373	false	1.0
verkleinerung	neg 1.0		neg 0.5258970109466299 off 0.43095893140900005 __DUMMY__ 0.04314405764437002	false	1.0
schmarotzer	off 1.0		neg 0.5329075821517077 off 0.42376184771560277 __DUMMY__ 0.0433305701326895	false	0.5
bestrafung	neg 1.0		neg 0.5279049314415826 off 0.42871671102820563 __DUMMY__ 0.0433783575302118	false	1.0
achtlos	neg 1.0		neg 0.5273915795625589 off 0.42893234966368465 __DUMMY__ 0.04367607077375645	false	1.0
ungeheuer	neg 1.0		neg 0.5261898425317063 off 0.43040202685686896 __DUMMY__ 0.04340813061142488	false	1.0
unaufrichtig	neg 1.0		neg 0.527385028986831 off 0.42948073629985645 __DUMMY__ 0.04313423471331256	false	1.0
groggy	neg 1.0		neg 0.5247806616847687 off 0.4318397886224437 __DUMMY__ 0.04337954969278766	false	1.0
verletzlich	neg 1.0		neg 0.5221015176504084 off 0.4345364337908868 __DUMMY__ 0.043362048558704874	false	1.0
