unsolidarisch	neg 1.0		neg 0.5519131236254019 off 0.4407578215665202 __DUMMY__ 0.007329054808077877	false	1.0
nachteilig	neg 1.0		neg 0.5503731577785423 off 0.44218495551499726 __DUMMY__ 0.007441886706460339	false	1.0
skeptisch	neg 1.0		neg 0.5531604174248056 off 0.43938274569809893 __DUMMY__ 0.007456836877095478	false	1.0
schrecklich	neg 1.0		neg 0.5388987852796983 off 0.45370112605444834 __DUMMY__ 0.007400088665853344	false	1.0
schlapp	neg 1.0		neg 0.5410890520045422 off 0.4514495515893846 __DUMMY__ 0.007461396406073171	false	1.0
abfall	neg 1.0		neg 0.5544029435201177 off 0.4381257726853686 __DUMMY__ 0.0074712837945137694	false	1.0
widerspenstig	neg 1.0		neg 0.5462757983086559 off 0.4462511553211783 __DUMMY__ 0.007473046370165813	false	1.0
abrupt	neg 1.0		neg 0.5465882391233758 off 0.4459133322498817 __DUMMY__ 0.00749842862674237	false	1.0
unwirksam	neg 1.0		neg 0.5491716231395813 off 0.44345412552156993 __DUMMY__ 0.007374251338848707	false	1.0
angreifen	neg 1.0		neg 0.5528504848806342 off 0.43971984475310705 __DUMMY__ 0.007429670366258868	false	1.0
inkonsistent	neg 1.0		neg 0.545121390132677 off 0.44745600479279735 __DUMMY__ 0.00742260507452553	false	1.0
abrutschen	neg 1.0		neg 0.553937509885284 off 0.4385831071600232 __DUMMY__ 0.007479382954692797	false	1.0
unsicher	neg 1.0		neg 0.546934172619256 off 0.44560975054670215 __DUMMY__ 0.007456076834041875	false	1.0
bauernkind	off 1.0		neg 0.5372148585054664 off 0.45544389667282326 __DUMMY__ 0.007341244821710455	false	0.5
angreifer	neg 1.0		neg 0.5457158276749973 off 0.4468953397621502 __DUMMY__ 0.007388832562852621	false	1.0
trennen	neg 1.0		neg 0.5501765461102618 off 0.44232139272022214 __DUMMY__ 0.007502061169516091	false	1.0
schmutz	neg 1.0		neg 0.5380854379536109 off 0.4544157709337217 __DUMMY__ 0.007498791112667412	false	1.0
inkonsistenz	neg 1.0	neg 1.0	neg 0.7596870658277783 off 0.23677606075880925 __DUMMY__ 0.0035368734134124933	false	1.0
erschreckend	neg 1.0		neg 0.5497910152031349 off 0.44278185492957584 __DUMMY__ 0.007427129867289366	false	1.0
ertrinken	neg 1.0		neg 0.5503108952935681 off 0.4422197448426372 __DUMMY__ 0.007469359863794548	false	1.0
pickelface	off 1.0		neg 0.5479853604739925 off 0.4446125470415126 __DUMMY__ 0.0074020924844949805	false	0.5
seiner			neg 0.5522272853419493 off 0.4403253384501825 __DUMMY__ 0.0074473762078680695	false	0.0
lauch	neg 1.0		neg 0.5528364136335047 off 0.43969776181324277 __DUMMY__ 0.007465824553252472	false	1.0
unwichtig	neg 1.0		neg 0.5431451536412172 off 0.44943583492787686 __DUMMY__ 0.007419011430905899	false	1.0
steuerhinterziehung	neg 1.0		neg 0.5511338418276746 off 0.44149138338727306 __DUMMY__ 0.007374774785052318	false	1.0
schock	neg 1.0		neg 0.5471777714747715 off 0.445331361972905 __DUMMY__ 0.007490866552323461	false	1.0
beule	neg 1.0		neg 0.539898645245277 off 0.4526500956353578 __DUMMY__ 0.007451259119365171	false	1.0
vergelten	neg 1.0		neg 0.5387583458312966 off 0.45388052516721117 __DUMMY__ 0.00736112900149228	false	1.0
verdorbenheit	neg 1.0		neg 0.5442014272713198 off 0.4483277240301377 __DUMMY__ 0.007470848698542493	false	1.0
trauma	neg 1.0		neg 0.5458518018015739 off 0.44672014085903244 __DUMMY__ 0.007428057339393674	false	1.0
sinnlos	neg 1.0		neg 0.5454616667709795 off 0.44710705183972055 __DUMMY__ 0.007431281389300058	false	1.0
fettsack	off 1.0	off 1.0	off 0.7114932360180518 neg 0.28497903326128227 __DUMMY__ 0.003527730720665845	false	1.0
feige	off 1.0		neg 0.5454271227623314 off 0.44719058985245264 __DUMMY__ 0.007382287385215881	false	0.5
abdanken	neg 1.0		neg 0.552942908315208 off 0.4397211300951633 __DUMMY__ 0.0073359615896287575	false	1.0
wichtigtuer	off 1.0	off 1.0	off 0.7058612425083254 neg 0.29060133955422107 __DUMMY__ 0.003537417937453494	false	1.0
misslingen	neg 1.0		neg 0.5439906788346133 off 0.4485482875501203 __DUMMY__ 0.007461033615266441	false	1.0
untreu	off 1.0		neg 0.542446284530918 off 0.450138969287232 __DUMMY__ 0.007414746181849909	false	0.5
missmutig	neg 1.0		neg 0.542772017202897 off 0.44978323324489156 __DUMMY__ 0.0074447495522114784	false	1.0
hurenbock	off 1.0		neg 0.5433190566047572 off 0.44919826531771373 __DUMMY__ 0.007482678077529162	false	0.5
betrunken	neg 1.0		neg 0.5396361103342562 off 0.4529295995345169 __DUMMY__ 0.007434290131226839	false	1.0
korrupt	off 1.0		neg 0.5536476453979965 off 0.43899159275728483 __DUMMY__ 0.007360761844718793	false	0.5
unmut	neg 1.0		neg 0.5547446366367081 off 0.4378095770104681 __DUMMY__ 0.007445786352823855	false	1.0
hackfresse	off 1.0		neg 0.5357319969720823 off 0.456889200919624 __DUMMY__ 0.007378802108293706	false	0.5
aufblasen	neg 1.0		neg 0.5446134609780594 off 0.4479180030998061 __DUMMY__ 0.007468535922134531	false	1.0
gewaltsam	neg 1.0		neg 0.5485462967387585 off 0.44407118818046226 __DUMMY__ 0.007382515080779247	false	1.0
unbeliebtheit	neg 1.0		neg 0.5453695531272428 off 0.44732357911020615 __DUMMY__ 0.00730686776255102	false	1.0
sturheit	neg 1.0		neg 0.5511059906455484 off 0.4414985925629382 __DUMMY__ 0.0073954167915132665	false	1.0
kuh	neg 1.0		neg 0.5457869055016898 off 0.4467919650313464 __DUMMY__ 0.007421129466963875	false	1.0
erschrecken	neg 1.0		neg 0.5434145577571362 off 0.449146236626729 __DUMMY__ 0.007439205616134886	false	1.0
opfer	neg 1.0	neg 1.0	neg 0.7629998013199915 off 0.23344135782886516 __DUMMY__ 0.003558840851143303	false	1.0
sinken	neg 1.0		neg 0.5533038198871194 off 0.43924195986627607 __DUMMY__ 0.007454220246604513	false	1.0
stinktier	neg 1.0		neg 0.5390866380789279 off 0.45353446928302527 __DUMMY__ 0.00737889263804686	false	1.0
tucke	off 1.0		neg 0.5339686869229816 off 0.4586338534951825 __DUMMY__ 0.007397459581836085	false	0.5
ein			neg 0.5441873150414659 off 0.44831759329906967 __DUMMY__ 0.007495091659464488	false	0.0
abstieg	neg 1.0		neg 0.5512098973113753 off 0.4413884503647174 __DUMMY__ 0.007401652323907432	false	1.0
missverstehen	neg 1.0		neg 0.5473127585426315 off 0.44529203806296946 __DUMMY__ 0.00739520339439889	false	1.0
ergebnislos	neg 1.0		neg 0.5510015309246602 off 0.4415800633633467 __DUMMY__ 0.007418405711993208	false	1.0
unter			neg 0.554706578392196 off 0.43774007702746953 __DUMMY__ 0.007553344580334581	false	0.0
manipulieren	neg 1.0		neg 0.5525763635962945 off 0.4399850855434243 __DUMMY__ 0.007438550860281271	false	1.0
unbewiesen	neg 1.0		neg 0.5517264551243285 off 0.4409376311195094 __DUMMY__ 0.007335913756162026	false	1.0
verschleppen	neg 1.0		neg 0.5517851147717792 off 0.44080750430503657 __DUMMY__ 0.007407380923184188	false	1.0
weib	off 1.0		neg 0.5347155893135819 off 0.4579191172378779 __DUMMY__ 0.00736529344854035	false	0.5
opposition	neg 1.0		neg 0.5483657079530415 off 0.44426836352954063 __DUMMY__ 0.007365928517417717	false	1.0
verkehrswidrig	neg 1.0		neg 0.5356845261569593 off 0.4568931842948646 __DUMMY__ 0.007422289548176244	false	1.0
inkorrekt	neg 1.0		neg 0.5454166542515982 off 0.4472431613483978 __DUMMY__ 0.007340184400003835	false	1.0
vermeiden	neg 1.0		neg 0.5531818304522514 off 0.4392962681223443 __DUMMY__ 0.007521901425404306	false	1.0
abweichung	neg 1.0		neg 0.5522113717544255 off 0.44039984249260217 __DUMMY__ 0.007388785752972383	false	1.0
alkoholisiert	neg 1.0		neg 0.5478134945933849 off 0.44470745965655584 __DUMMY__ 0.007479045750059233	false	1.0
scheiss	off 1.0	off 1.0	off 0.7099510978753616 neg 0.28649041663391617 __DUMMY__ 0.003558485490722382	false	1.0
herausforderung	neg 1.0		neg 0.5464428338481797 off 0.4460362680442694 __DUMMY__ 0.007520898107550803	false	1.0
pervers	off 1.0		neg 0.5319941039051044 off 0.4606520910694218 __DUMMY__ 0.00735380502547384	false	0.5
wackelig	neg 1.0		neg 0.5466128091559502 off 0.4458691090120761 __DUMMY__ 0.0075180818319735415	false	1.0
verwickeln	neg 1.0		neg 0.5468337319307872 off 0.4457537260020771 __DUMMY__ 0.007412542067135749	false	1.0
vorwand	neg 1.0		neg 0.5545977894248686 off 0.4379736059127571 __DUMMY__ 0.007428604662374268	false	1.0
muschi	off 1.0		neg 0.5488720582748979 off 0.4437314698727292 __DUMMY__ 0.007396471852372909	false	0.5
entmutigung	neg 1.0		neg 0.5509000466169668 off 0.4418042399407657 __DUMMY__ 0.007295713442267494	false	1.0
unangemessen	neg 1.0		neg 0.5524928873584083 off 0.4401132282926415 __DUMMY__ 0.007393884348950122	false	1.0
unstetig	neg 1.0		neg 0.5438821390895943 off 0.44870749356036677 __DUMMY__ 0.007410367350038851	false	1.0
entmutigen	neg 1.0		neg 0.5460776242833737 off 0.44647785155688446 __DUMMY__ 0.007444524159741921	false	1.0
schwanz	neg 1.0		neg 0.5496262677364103 off 0.442938834893581 __DUMMY__ 0.007434897370008481	false	1.0
verbot	neg 1.0		neg 0.5521366785962208 off 0.4404866495411042 __DUMMY__ 0.007376671862674967	false	1.0
leid	neg 1.0		neg 0.5372642393698923 off 0.455342951671973 __DUMMY__ 0.007392808958134547	false	1.0
archaisch	neg 1.0		neg 0.5514583810053998 off 0.4411394387896201 __DUMMY__ 0.007402180204980073	false	1.0
gegen			neg 0.554787927927747 off 0.4377985304745659 __DUMMY__ 0.007413541597687084	false	0.0
scheidung	neg 1.0	neg 1.0	neg 0.7466720829434101 off 0.24979697711472626 __DUMMY__ 0.0035309399418635475	false	1.0
einschlag	neg 1.0		neg 0.5389622509539338 off 0.45366510715259023 __DUMMY__ 0.007372641893476018	false	1.0
m			neg 0.547604789080001 off 0.44492791121451714 __DUMMY__ 0.0074672997054819395	false	0.0
abgestanden	neg 1.0		neg 0.5449815736701088 off 0.4475366626719276 __DUMMY__ 0.007481763657963552	false	1.0
schmierig	off 1.0		neg 0.5378253465678876 off 0.45476483680786 __DUMMY__ 0.0074098166242523135	false	0.5
unpraktisch	neg 1.0		neg 0.5441141371642447 off 0.4484072872015976 __DUMMY__ 0.00747857563415779	false	1.0
wixxer	off 1.0		neg 0.5327275809330961 off 0.459938982361482 __DUMMY__ 0.007333436705421816	false	0.5
bezeichnet			neg 0.5503218704856471 off 0.4422782287750339 __DUMMY__ 0.0073999007393189915	false	0.0
jammerlappen	off 1.0		neg 0.5434232820536856 off 0.44916108580427155 __DUMMY__ 0.007415632142042794	false	0.5
farce	neg 1.0		neg 0.5537359120771674 off 0.4389316369241386 __DUMMY__ 0.007332450998693993	false	1.0
zwecklos	neg 1.0		neg 0.5520686791536562 off 0.4405198981797502 __DUMMY__ 0.007411422666593588	false	1.0
turbulent	neg 1.0		neg 0.5399269812601797 off 0.45269051760761614 __DUMMY__ 0.00738250113220428	false	1.0
invasion	neg 1.0		neg 0.5430515547132507 off 0.4494984337016429 __DUMMY__ 0.007450011585106486	false	1.0
schuld	neg 1.0		neg 0.5475088732762149 off 0.445069255552859 __DUMMY__ 0.007421871170925967	false	1.0
risiko	neg 1.0		neg 0.541411651493356 off 0.45111159063771783 __DUMMY__ 0.007476757868926108	false	1.0
finster	neg 1.0		neg 0.544608822831448 off 0.4479050743042218 __DUMMY__ 0.007486102864330102	false	1.0
geisteskrank	off 1.0		neg 0.5439863360090751 off 0.448652606911451 __DUMMY__ 0.007361057079474077	false	0.5
zusammenbrechen	neg 1.0		neg 0.5481244397313577 off 0.44440995425055135 __DUMMY__ 0.007465606018091114	false	1.0
ausbeute	neg 1.0		neg 0.5483010933981354 off 0.444213041776027 __DUMMY__ 0.007485864825837658	false	1.0
hinterhalt	neg 1.0		neg 0.5471332047775884 off 0.44545196375873464 __DUMMY__ 0.007414831463676959	false	1.0
kritik	neg 1.0		neg 0.5528448670496402 off 0.43980340463036477 __DUMMY__ 0.0073517283199950045	false	1.0
einschrumpfen	neg 1.0		neg 0.5462384055587118 off 0.44640199495865784 __DUMMY__ 0.007359599482630365	false	1.0
riskant	neg 1.0		neg 0.5515457586991027 off 0.44100274203085066 __DUMMY__ 0.007451499270046596	false	1.0
frustrieren	neg 1.0		neg 0.552191429318628 off 0.44036918663986235 __DUMMY__ 0.007439384041509737	false	1.0
groll	neg 1.0		neg 0.5517526873859309 off 0.4408339634275361 __DUMMY__ 0.007413349186533014	false	1.0
gibt			neg 0.5496041143833165 off 0.4429507376930442 __DUMMY__ 0.007445147923639286	false	0.0
qualvoll	neg 1.0		neg 0.5444796636814088 off 0.44807522340610517 __DUMMY__ 0.007445112912486092	false	1.0
wackeln	neg 1.0		neg 0.5444464916308424 off 0.44806623789939787 __DUMMY__ 0.007487270469759645	false	1.0
klagen	neg 1.0		neg 0.554867455625871 off 0.4377088836911224 __DUMMY__ 0.007423660683006584	false	1.0
bankrott	neg 1.0		neg 0.5415829635310638 off 0.4509770173574083 __DUMMY__ 0.007440019111527899	false	1.0
trauern	neg 1.0		neg 0.5521629742281603 off 0.44040266727425853 __DUMMY__ 0.007434358497581313	false	1.0
ablehnung	neg 1.0	neg 1.0	neg 0.763096150416995 off 0.23337963972523243 __DUMMY__ 0.0035242098577725907	false	1.0
stur	neg 1.0		neg 0.546809215794209 off 0.4457642258349823 __DUMMY__ 0.007426558370808663	false	1.0
aufruhr	neg 1.0		neg 0.5499658461432886 off 0.442666410315853 __DUMMY__ 0.007367743540858307	false	1.0
melancholie	neg 1.0		neg 0.5477940446834934 off 0.44471498450127667 __DUMMY__ 0.007490970815230101	false	1.0
ist			neg 0.5465650361390874 off 0.4460091762100843 __DUMMY__ 0.007425787650828338	false	0.0
torheit	neg 1.0		neg 0.5509441830107625 off 0.4417197514601613 __DUMMY__ 0.007336065529076296	false	1.0
dreckskind	off 1.0		neg 0.5391384182610448 off 0.45353226383512596 __DUMMY__ 0.007329317903829154	false	0.5
umtauschen	neg 1.0		neg 0.546023703870148 off 0.4464991113388987 __DUMMY__ 0.00747718479095347	false	1.0
zum			neg 0.5511447182090938 off 0.44130213557985 __DUMMY__ 0.007553146211056149	false	0.0
zersetzen	neg 1.0		neg 0.5535607970005413 off 0.4390072159673408 __DUMMY__ 0.007431987032117987	false	1.0
zur			neg 0.5556304938814411 off 0.4369030427922043 __DUMMY__ 0.007466463326354567	false	0.0
frust	neg 1.0		neg 0.5492072833761051 off 0.44334191468354195 __DUMMY__ 0.007450801940352874	false	1.0
unerbittlichkeit	neg 1.0		neg 0.5530653148429121 off 0.4395135661833069 __DUMMY__ 0.007421118973780985	false	1.0
zwei			neg 0.5506967580183484 off 0.4417816878642877 __DUMMY__ 0.007521554117363949	false	0.0
unkorrekt	neg 1.0		neg 0.5442066119708154 off 0.44844681226166394 __DUMMY__ 0.007346575767520601	false	1.0
hexe	off 1.0		neg 0.5418025602635288 off 0.45077266638538027 __DUMMY__ 0.007424773351090909	false	0.5
lasch	neg 1.0		neg 0.5463721348130534 off 0.4462421234612462 __DUMMY__ 0.007385741725700374	false	1.0
rivale	neg 1.0		neg 0.5389505523648613 off 0.4536653271561552 __DUMMY__ 0.007384120478983481	false	1.0
mutlos	off 1.0	off 1.0	off 0.703032109439825 neg 0.2934248562756224 __DUMMY__ 0.003543034284552613	false	1.0
wirr	off 1.0		neg 0.5416480457777213 off 0.45099451247352107 __DUMMY__ 0.0073574417487576324	false	0.5
jahr			neg 0.5484415080192184 off 0.4440485448321736 __DUMMY__ 0.007509947148607917	false	0.0
wird			neg 0.5509441397934901 off 0.44160709102064977 __DUMMY__ 0.007448769185860267	false	0.0
strafbar	neg 1.0		neg 0.5541167465369838 off 0.4384914922578866 __DUMMY__ 0.007391761205129566	false	1.0
erosion	neg 1.0		neg 0.5445965782276713 off 0.4479448488076432 __DUMMY__ 0.007458572964685419	false	1.0
eingehen	neg 1.0		neg 0.5519728048281887 off 0.44060543582294465 __DUMMY__ 0.0074217593488666335	false	1.0
faul	off 1.0		neg 0.5409195518740743 off 0.4516112184521871 __DUMMY__ 0.007469229673738757	false	0.5
provisorium	neg 1.0		neg 0.5564691918116916 off 0.43600176350952907 __DUMMY__ 0.007529044678779272	false	1.0
schmerzen	neg 1.0		neg 0.5474961613118934 off 0.44503741990699636 __DUMMY__ 0.007466418781110099	false	1.0
schrumpfen	neg 1.0		neg 0.5554208576674905 off 0.4370998748906285 __DUMMY__ 0.007479267441880922	false	1.0
geistlos	off 1.0		neg 0.5492516411332142 off 0.4434159045869314 __DUMMY__ 0.007332454279854428	false	0.5
fehlkauf	neg 1.0		neg 0.5458848650939183 off 0.44671706301355685 __DUMMY__ 0.007398071892524664	false	1.0
frustrierend	neg 1.0		neg 0.5434199957859972 off 0.4491398921439448 __DUMMY__ 0.0074401120700578706	false	1.0
unzufrieden	neg 1.0		neg 0.5508299870046973 off 0.441735084163993 __DUMMY__ 0.007434928831309786	false	1.0
verzweifeln	neg 1.0		neg 0.5478532806217857 off 0.44469397248867687 __DUMMY__ 0.007452746889537316	false	1.0
verzweifelt	neg 1.0		neg 0.5467880545462019 off 0.4457826857577173 __DUMMY__ 0.0074292596960807466	false	1.0
misstrauensantrag	neg 1.0		neg 0.545836568175578 off 0.4467675484453574 __DUMMY__ 0.007395883379064648	false	1.0
abfallen	neg 1.0		neg 0.5436536171406815 off 0.44884741621725244 __DUMMY__ 0.007498966642066084	false	1.0
fucker	off 1.0		neg 0.5408456636003725 off 0.45177376954041565 __DUMMY__ 0.007380566859212003	false	0.5
ungezogen	neg 1.0		neg 0.5337331244050371 off 0.4588867471475533 __DUMMY__ 0.007380128447409643	false	1.0
irrsinnig	neg 1.0	neg 1.0	neg 0.7607401529609845 off 0.23570962521762273 __DUMMY__ 0.0035502218213926385	false	1.0
unfassbar	neg 1.0		neg 0.5427781852270692 off 0.4498064780137929 __DUMMY__ 0.0074153367591376865	false	1.0
hart	neg 1.0		neg 0.542917963766192 off 0.44968315616325616 __DUMMY__ 0.007398880070551826	false	1.0
widerlich	off 1.0		neg 0.5430539440510616 off 0.44955767217691356 __DUMMY__ 0.007388383772024766	false	0.5
fatal	neg 1.0		neg 0.545355963034701 off 0.44723265638710635 __DUMMY__ 0.007411380578192719	false	1.0
bruch	neg 1.0		neg 0.5563672002113973 off 0.4362282915244605 __DUMMY__ 0.00740450826414229	false	1.0
aushungern	neg 1.0		neg 0.5507188304262611 off 0.44191768024445827 __DUMMY__ 0.00736348932928053	false	1.0
anspannung	neg 1.0		neg 0.552722585104436 off 0.4397768322369203 __DUMMY__ 0.007500582658643671	false	1.0
von			neg 0.5502067043536297 off 0.4422949233584116 __DUMMY__ 0.007498372287958765	false	0.0
kraftlos	neg 1.0		neg 0.5478405137643725 off 0.4446570705423025 __DUMMY__ 0.007502415693325037	false	1.0
vom			neg 0.5545310328435745 off 0.4379288357946923 __DUMMY__ 0.0075401313617333154	false	0.0
grenzdebil	off 1.0		neg 0.540903743708217 off 0.4516702006450394 __DUMMY__ 0.007426055646743687	false	0.5
vor			neg 0.5524018304767764 off 0.4401151454642712 __DUMMY__ 0.007483024058952361	false	0.0
unterwerfen	neg 1.0		neg 0.5527772001281108 off 0.43980894542352617 __DUMMY__ 0.007413854448362939	false	1.0
versenkung	neg 1.0		neg 0.5520607018137529 off 0.44049889501305856 __DUMMY__ 0.007440403173188419	false	1.0
entziehen	neg 1.0		neg 0.5548751334731354 off 0.4376886228602611 __DUMMY__ 0.007436243666603323	false	1.0
finanzkrise	neg 1.0		neg 0.5507468790999759 off 0.44188569559199226 __DUMMY__ 0.007367425308031734	false	1.0
schimpfend	neg 1.0		neg 0.5422351089570706 off 0.4502575843052429 __DUMMY__ 0.007507306737686643	false	1.0
profan	neg 1.0		neg 0.5454336180284864 off 0.447134571260231 __DUMMY__ 0.007431810711282529	false	1.0
korruption	neg 1.0		neg 0.5529530167268032 off 0.43967645472353617 __DUMMY__ 0.0073705285496606585	false	1.0
â			neg 0.5490005133275234 off 0.44353865564999373 __DUMMY__ 0.007460831022482858	false	0.0
schmutzig	neg 1.0		neg 0.5401815412249144 off 0.4523643697466854 __DUMMY__ 0.007454089028400192	false	1.0
sexy	neg 1.0		neg 0.5430191481924055 off 0.44955494019904413 __DUMMY__ 0.00742591160855047	false	1.0
abraten	neg 1.0		neg 0.545397826598101 off 0.44714890985273426 __DUMMY__ 0.00745326354916479	false	1.0
schwarz	neg 1.0		neg 0.545910457833677 off 0.4466689711726511 __DUMMY__ 0.007420570993671946	false	1.0
fotze	off 1.0		neg 0.5505598372259362 off 0.4420336376172996 __DUMMY__ 0.007406525156764218	false	0.5
verwirren	neg 1.0		neg 0.5446514831522972 off 0.4479200283642749 __DUMMY__ 0.007428488483427746	false	1.0
zahnlos	off 1.0		neg 0.551854712279935 off 0.44073783953139206 __DUMMY__ 0.007407448188673088	false	0.5
verheeren	neg 1.0		neg 0.5331639640322651 off 0.4594994070432264 __DUMMY__ 0.007336628924508543	false	1.0
hippie	neg 1.0		neg 0.5436385562452477 off 0.44894241637044985 __DUMMY__ 0.007419027384302552	false	1.0
rammen	neg 1.0		neg 0.5432203905558538 off 0.449330872475126 __DUMMY__ 0.007448736969020071	false	1.0
unlauter	neg 1.0	neg 1.0	neg 0.759586955737394 off 0.23686737236873348 __DUMMY__ 0.003545671893872554	false	1.0
unheilvoll	neg 1.0		neg 0.5447299493708073 off 0.44782286690949874 __DUMMY__ 0.007447183719693873	false	1.0
niedrig	neg 1.0		neg 0.5498031255097192 off 0.4427489112037386 __DUMMY__ 0.0074479632865421825	false	1.0
explosion	neg 1.0		neg 0.5431826301967433 off 0.44937722201662605 __DUMMY__ 0.0074401477866307	false	1.0
weichei	off 1.0		neg 0.536865450149186 off 0.4557511009421457 __DUMMY__ 0.007383448908668246	false	0.5
minusmensch	off 1.0		neg 0.5359747370011018 off 0.4567360032585067 __DUMMY__ 0.007289259740391579	false	0.5
farblos	neg 1.0		neg 0.5465477163266924 off 0.44602767993113357 __DUMMY__ 0.007424603742173964	false	1.0
unwissend	neg 1.0	neg 1.0	neg 0.7584049947351028 off 0.23805318361115183 __DUMMY__ 0.0035418216537453574	false	1.0
traurig	neg 1.0		neg 0.5391501254622295 off 0.45342953784095674 __DUMMY__ 0.007420336696813627	false	1.0
senkung	neg 1.0		neg 0.5440516346410744 off 0.44852730307984184 __DUMMY__ 0.0074210622790837	false	1.0
ungleich	neg 1.0	neg 1.0	neg 0.7633173954991457 off 0.23313014705689822 __DUMMY__ 0.0035524574439561125	false	1.0
heikel	neg 1.0		neg 0.5532230037772415 off 0.43933681268264846 __DUMMY__ 0.007440183540110033	false	1.0
drosselung	neg 1.0		neg 0.5382678763562265 off 0.4543059026066745 __DUMMY__ 0.0074262210370988615	false	1.0
falsch	neg 1.0		neg 0.5436570882268704 off 0.44891948058956144 __DUMMY__ 0.007423431183568137	false	1.0
unzufriedenheit	neg 1.0		neg 0.5537326746740943 off 0.438833718066525 __DUMMY__ 0.00743360725938072	false	1.0
kurz	neg 1.0		neg 0.5469859664022111 off 0.44552198770457924 __DUMMY__ 0.0074920458932097814	false	1.0
unsinnig	neg 1.0		neg 0.550707750442691 off 0.44186677247453365 __DUMMY__ 0.007425477082775188	false	1.0
penner	off 1.0	off 1.0	off 0.7127580909844127 neg 0.2837075916755422 __DUMMY__ 0.0035343173400451044	false	1.0
seicht	neg 1.0		neg 0.5363364777409036 off 0.4563281132266906 __DUMMY__ 0.00733540903240596	false	1.0
dummheit	off 1.0	off 1.0	off 0.7063880773781284 neg 0.2900733897865304 __DUMMY__ 0.0035385328353412337	false	1.0
unerfreulich	neg 1.0		neg 0.552670963638745 off 0.43986477193657814 __DUMMY__ 0.007464264424677006	false	1.0
motherfucker	off 1.0	off 1.0	off 0.7097331069058903 neg 0.28673201717908925 __DUMMY__ 0.0035348759150205427	false	1.0
pikiert	neg 1.0		neg 0.5444898310114779 off 0.4481197275772494 __DUMMY__ 0.007390441411272738	false	1.0
wrack	neg 1.0		neg 0.5491812099243224 off 0.44336844438657697 __DUMMY__ 0.007450345689100629	false	1.0
gangster	neg 1.0		neg 0.544410050785367 off 0.4481676296132153 __DUMMY__ 0.007422319601417706	false	1.0
krank	neg 1.0		neg 0.5395704704840033 off 0.4529753398521283 __DUMMY__ 0.007454189663868434	false	1.0
reich	neg 1.0		neg 0.5465183320738671 off 0.4461697494136232 __DUMMY__ 0.007311918512509593	false	1.0
gnadenlos	neg 1.0		neg 0.547023327826684 off 0.44554811404321937 __DUMMY__ 0.007428558130096683	false	1.0
niedergeschlagen	neg 1.0		neg 0.5484024681658977 off 0.44413991924800433 __DUMMY__ 0.007457612586098052	false	1.0
terrorisieren	off 1.0	off 1.0	off 0.7035588416032834 neg 0.29288058633565345 __DUMMY__ 0.0035605720610631417	false	1.0
sinnlosigkeit	neg 1.0		neg 0.5514324556617168 off 0.44115298964799965 __DUMMY__ 0.007414554690283514	false	1.0
behindern	neg 1.0		neg 0.5465893509185707 off 0.44595064812628443 __DUMMY__ 0.00746000095514478	false	1.0
undemokratisch	neg 1.0		neg 0.5495990036582596 off 0.4430461274276114 __DUMMY__ 0.0073548689141289154	false	1.0
wirtschaftskrise	neg 1.0		neg 0.551924362862282 off 0.44068340971425635 __DUMMY__ 0.007392227423461619	false	1.0
neid	neg 1.0		neg 0.5427137680131078 off 0.44983270879383574 __DUMMY__ 0.007453523193056575	false	1.0
rutschen	neg 1.0		neg 0.5505790864973478 off 0.4418604481451929 __DUMMY__ 0.007560465357459264	false	1.0
rezession	neg 1.0		neg 0.5400263146823839 off 0.4526274364016704 __DUMMY__ 0.007346248915945564	false	1.0
fehlgeburt	neg 1.0		neg 0.5481591640045401 off 0.4444338037720608 __DUMMY__ 0.007407032223399131	false	1.0
charakterschwach	off 1.0		neg 0.5430815796803974 off 0.44952666500810545 __DUMMY__ 0.007391755311497261	false	0.5
isolation	neg 1.0		neg 0.541997246927857 off 0.4505804082327172 __DUMMY__ 0.00742234483942587	false	1.0
ablenkung	neg 1.0		neg 0.5464497629386867 off 0.4460928737206713 __DUMMY__ 0.007457363340641972	false	1.0
pech	neg 1.0		neg 0.5433066013400676 off 0.44924711099413445 __DUMMY__ 0.007446287665797934	false	1.0
vermeidung	neg 1.0		neg 0.5389883882908997 off 0.4535704021294944 __DUMMY__ 0.007441209579605704	false	1.0
dominieren	neg 1.0		neg 0.5488598776283881 off 0.4437034843628582 __DUMMY__ 0.007436638008753627	false	1.0
schwindlig	neg 1.0		neg 0.5423351260231347 off 0.45018823687817144 __DUMMY__ 0.007476637098693706	false	1.0
lutscher	neg 1.0		neg 0.5346297078327233 off 0.45802335667089467 __DUMMY__ 0.007346935496381862	false	1.0
pflicht	neg 1.0		neg 0.5538493834598689 off 0.4387182830233316 __DUMMY__ 0.007432333516799396	false	1.0
faschist	off 1.0		neg 0.5495091024067966 off 0.4431557711872588 __DUMMY__ 0.007335126405944604	false	0.5
verschleudern	neg 1.0		neg 0.5521854164706781 off 0.44041330837164583 __DUMMY__ 0.0074012751576761305	false	1.0
wenn			neg 0.5437212805538124 off 0.44885525954496774 __DUMMY__ 0.007423459901219628	false	0.0
ehebruch	neg 1.0		neg 0.553234239059813 off 0.43937071129794675 __DUMMY__ 0.007395049642240381	false	1.0
spott	off 1.0		neg 0.5533989135069742 off 0.43919486647801975 __DUMMY__ 0.007406220015006013	false	0.5
trostlosigkeit	neg 1.0		neg 0.5560526608550728 off 0.43656739965647123 __DUMMY__ 0.007379939488455842	false	1.0
lutschen	neg 1.0		neg 0.544019015648652 off 0.4485916131765862 __DUMMY__ 0.007389371174761769	false	1.0
undiszipliniert	neg 1.0		neg 0.5400275571755931 off 0.4525570844076719 __DUMMY__ 0.007415358416734951	false	1.0
kopfschmerz	neg 1.0		neg 0.54701994579905 off 0.4455216885522395 __DUMMY__ 0.007458365648710587	false	1.0
unvorhergesehen	neg 1.0		neg 0.5457210376710644 off 0.4467599617058263 __DUMMY__ 0.007519000623109303	false	1.0
desinteressiert	neg 1.0		neg 0.54137250726151 off 0.45123162864209 __DUMMY__ 0.0073958640964001555	false	1.0
armselig	off 1.0		neg 0.5409949462179531 off 0.4516253097644892 __DUMMY__ 0.007379744017557706	false	0.5
desaster	neg 1.0		neg 0.5567803635481158 off 0.43581480100872577 __DUMMY__ 0.007404835443158505	false	1.0
tod	neg 1.0		neg 0.5543999118484232 off 0.4382275001839809 __DUMMY__ 0.007372587967595924	false	1.0
herzlos	neg 1.0		neg 0.5388072063880139 off 0.453782201158451 __DUMMY__ 0.007410592453535053	false	1.0
unwissenheit	neg 1.0		neg 0.5520214844128458 off 0.4405758277808933 __DUMMY__ 0.007402687806260713	false	1.0
widersinnig	neg 1.0		neg 0.5526920025330143 off 0.4399506132355289 __DUMMY__ 0.007357384231456845	false	1.0
bedenklich	neg 1.0		neg 0.5524240510276864 off 0.4401440126322907 __DUMMY__ 0.007431936340022752	false	1.0
beanstanden	neg 1.0		neg 0.5538493752038509 off 0.4387105471272745 __DUMMY__ 0.007440077668874736	false	1.0
panisch	neg 1.0	neg 1.0	neg 0.7576831808469184 off 0.2387199401997948 __DUMMY__ 0.003596878953286712	false	1.0
debil	off 1.0		neg 0.5558989435729254 off 0.43663996478390016 __DUMMY__ 0.00746109164317456	false	0.5
abstrich	neg 1.0		neg 0.5431847399248089 off 0.4493060022713639 __DUMMY__ 0.0075092578038271456	false	1.0
primitiv	neg 1.0		neg 0.5424433907181682 off 0.45016973257430365 __DUMMY__ 0.007386876707528064	false	1.0
abschaum	off 1.0	off 1.0	off 0.7074418906263022 neg 0.28902945134932706 __DUMMY__ 0.0035286580243707373	false	1.0
provozieren	neg 1.0		neg 0.5490475314234534 off 0.443551354005254 __DUMMY__ 0.007401114571292635	false	1.0
tot	neg 1.0		neg 0.5499307954144901 off 0.4426635866132858 __DUMMY__ 0.007405617972224128	false	1.0
instabil	neg 1.0		neg 0.5399058639976027 off 0.452727114746491 __DUMMY__ 0.007367021255906223	false	1.0
schwuchtel	off 1.0		neg 0.531192631920472 off 0.4615175930233368 __DUMMY__ 0.007289775056191132	false	0.5
zerren	neg 1.0		neg 0.5488394522422921 off 0.44370692957272756 __DUMMY__ 0.007453618184980431	false	1.0
kinderficker	off 1.0		neg 0.5401749394704504 off 0.4524830814484876 __DUMMY__ 0.007341979081062189	false	0.5
gefahr	neg 1.0		neg 0.5526528469739718 off 0.4399353719622117 __DUMMY__ 0.007411781063816539	false	1.0
rabiat	neg 1.0		neg 0.5480929607734196 off 0.44447876031751776 __DUMMY__ 0.007428278909062674	false	1.0
verlangsamung	neg 1.0		neg 0.5356812407741461 off 0.45696653714481134 __DUMMY__ 0.007352222081042471	false	1.0
ausgestorben	neg 1.0		neg 0.5490997501101096 off 0.4434547730437261 __DUMMY__ 0.007445476846164299	false	1.0
anklagen	neg 1.0		neg 0.5499854592689277 off 0.44261902737746706 __DUMMY__ 0.007395513353605091	false	1.0
trott	neg 1.0		neg 0.546855950166917 off 0.4456934785244208 __DUMMY__ 0.007450571308662214	false	1.0
verminderung	neg 1.0		neg 0.5397621474454452 off 0.4528319301800299 __DUMMY__ 0.007405922374525014	false	1.0
nach			neg 0.5522122848853341 off 0.44025613483475506 __DUMMY__ 0.0075315802799107235	false	0.0
rost	neg 1.0		neg 0.5356568955601422 off 0.45699297944454054 __DUMMY__ 0.007350124995317125	false	1.0
destruktiv	neg 1.0		neg 0.5510043178753901 off 0.44160641702996534 __DUMMY__ 0.007389265094644499	false	1.0
unzumutbarkeit	neg 1.0		neg 0.5392363114737088 off 0.45332990220979735 __DUMMY__ 0.007433786316493936	false	1.0
labil	off 1.0	off 1.0	off 0.7085676677581852 neg 0.2878949270612818 __DUMMY__ 0.0035374051805329835	false	1.0
ziemlich	neg 1.0		neg 0.5415927944420985 off 0.4509830551642906 __DUMMY__ 0.00742415039361079	false	1.0
lachnummer	off 1.0		neg 0.5507820150507343 off 0.44182412534478693 __DUMMY__ 0.007393859604478881	false	0.5
oder			neg 0.5461269648956096 off 0.44640252985915746 __DUMMY__ 0.007470505245233078	false	0.0
verfall	neg 1.0		neg 0.5568076304239267 off 0.4357407794178181 __DUMMY__ 0.00745159015825533	false	1.0
ausgrenzung	neg 1.0		neg 0.5487372763331222 off 0.44390723174631636 __DUMMY__ 0.00735549192056148	false	1.0
unordnung	neg 1.0		neg 0.5399169037030148 off 0.45272960285425334 __DUMMY__ 0.0073534934427317775	false	1.0
fehlverhalten	neg 1.0		neg 0.55373441562638 off 0.4388589274179193 __DUMMY__ 0.007406656955700639	false	1.0
eine			neg 0.5524752065471726 off 0.4400513770140088 __DUMMY__ 0.007473416438818611	false	0.0
nille	neg 1.0		neg 0.5495687889383513 off 0.443043189495418 __DUMMY__ 0.007388021566230762	false	1.0
qual	neg 1.0		neg 0.547192834001669 off 0.4453614759178893 __DUMMY__ 0.007445690080441747	false	1.0
verschwenden	neg 1.0		neg 0.551408272244696 off 0.44114326433509915 __DUMMY__ 0.0074484634202047866	false	1.0
riesig	neg 1.0		neg 0.5473359103725298 off 0.44520635983537765 __DUMMY__ 0.007457729792092599	false	1.0
verurteilen	neg 1.0		neg 0.5524251836634699 off 0.4401847251741247 __DUMMY__ 0.007390091162405255	false	1.0
klischee	neg 1.0	neg 1.0	neg 0.7596614625655121 off 0.23680187982158793 __DUMMY__ 0.003536657612899995	false	1.0
diktatorisch	neg 1.0		neg 0.5508092869685393 off 0.4418582999071473 __DUMMY__ 0.007332413124313514	false	1.0
vorhersehbar	neg 1.0		neg 0.5471162802552811 off 0.44548881148919856 __DUMMY__ 0.007394908255520299	false	1.0
sowie			neg 0.538153167580369 off 0.4545044318724885 __DUMMY__ 0.007342400547142475	false	0.0
stornieren	neg 1.0		neg 0.5430159406007395 off 0.44952309601162455 __DUMMY__ 0.0074609633876357925	false	1.0
besteuerung	neg 1.0		neg 0.5464033359945993 off 0.44617841094128924 __DUMMY__ 0.007418253064111415	false	1.0
ungeschminkt	neg 1.0		neg 0.54084174923961 off 0.4517398938000375 __DUMMY__ 0.007418356960352449	false	1.0
kritisch	neg 1.0		neg 0.5530412228428109 off 0.43954698450590307 __DUMMY__ 0.007411792651285955	false	1.0
schlamperei	off 1.0		neg 0.5524673407785891 off 0.44012645846545323 __DUMMY__ 0.007406200755957646	false	0.5
sucht	neg 1.0	neg 1.0	neg 0.7571525651254674 off 0.23925385966525262 __DUMMY__ 0.0035935752092800134	false	1.0
egoistisch	off 1.0		neg 0.5373404870220005 off 0.45527914300647193 __DUMMY__ 0.007380369971527588	false	0.5
ausbeuter	off 1.0		neg 0.5544675896469583 off 0.43813326442943884 __DUMMY__ 0.007399145923602873	false	0.5
arschgeburt	off 1.0		neg 0.5313331402848649 off 0.4613764557995277 __DUMMY__ 0.007290403915607503	false	0.5
schubs	neg 1.0	neg 1.0	neg 0.7604556429164141 off 0.23594964539043792 __DUMMY__ 0.0035947116931478768	false	1.0
unsolide	neg 1.0		neg 0.5477374011710926 off 0.4449528263768268 __DUMMY__ 0.007309772452080728	false	1.0
beschwerde	neg 1.0		neg 0.5511628606244956 off 0.4414245259796397 __DUMMY__ 0.007412613395864558	false	1.0
stocken	neg 1.0		neg 0.5501914078209164 off 0.4423632077792471 __DUMMY__ 0.007445384399836501	false	1.0
isolieren	neg 1.0		neg 0.5464180075249664 off 0.4461077442441528 __DUMMY__ 0.00747424823088099	false	1.0
unheilbar	neg 1.0		neg 0.5479781790105898 off 0.44460683507996224 __DUMMY__ 0.007414985909448154	false	1.0
pisser	off 1.0		neg 0.5401617933112862 off 0.4524724738237255 __DUMMY__ 0.007365732864988331	false	0.5
löschen	neg 1.0		neg 0.5467653193927914 off 0.4458129873046237 __DUMMY__ 0.007421693302584824	false	1.0
durchfallen	neg 1.0		neg 0.5514884131864 off 0.44107455001870294 __DUMMY__ 0.007437036794896961	false	1.0
wichser	off 1.0		neg 0.5330871116220617 off 0.4595606488166382 __DUMMY__ 0.007352239561300235	false	0.5
terror	neg 1.0		neg 0.5419779163505044 off 0.4505678259645734 __DUMMY__ 0.007454257684922239	false	1.0
krass	neg 1.0		neg 0.5383249825613207 off 0.4542694370731485 __DUMMY__ 0.007405580365530789	false	1.0
revolte	neg 1.0	neg 1.0	neg 0.7613420204180975 off 0.2351596837255904 __DUMMY__ 0.0034982958563120254	false	1.0
besorgt	neg 1.0		neg 0.5472441290064229 off 0.445268612574539 __DUMMY__ 0.00748725841903801	false	1.0
nachlassen	neg 1.0		neg 0.5477119109013923 off 0.4448078051749013 __DUMMY__ 0.007480283923706487	false	1.0
alt	neg 1.0		neg 0.5493522307163995 off 0.44315715589298643 __DUMMY__ 0.007490613390614098	false	1.0
hundesohn	off 1.0		neg 0.5358260036856839 off 0.4568601160911165 __DUMMY__ 0.007313880223199678	false	0.5
als			neg 0.5493420575623655 off 0.44319620782186553 __DUMMY__ 0.007461734615768895	false	0.0
abschreckung	neg 1.0		neg 0.5546619357642676 off 0.4379196721751452 __DUMMY__ 0.0074183920605873	false	1.0
unqualifiziert	neg 1.0		neg 0.5467075611909971 off 0.44589685715998445 __DUMMY__ 0.007395581649018504	false	1.0
abgewichst	off 1.0		neg 0.5493259762108619 off 0.44325582189014007 __DUMMY__ 0.0074182018989980125	false	0.5
schwer	neg 1.0		neg 0.5476504801570891 off 0.4448979297084012 __DUMMY__ 0.007451590134509819	false	1.0
bedeutungslosigkeit	neg 1.0		neg 0.5543221764120575 off 0.4382676194360648 __DUMMY__ 0.0074102041518778194	false	1.0
kapitulation	neg 1.0		neg 0.5544125310401622 off 0.4382330450297773 __DUMMY__ 0.0073544239300605265	false	1.0
unscharf	neg 1.0		neg 0.5434161096869583 off 0.4491427276157898 __DUMMY__ 0.007441162697251826	false	1.0
schwinden	neg 1.0		neg 0.5518507182837608 off 0.44070005612641877 __DUMMY__ 0.007449225589820497	false	1.0
versklavung	neg 1.0	neg 1.0	neg 0.7616777168297089 off 0.23480234102392847 __DUMMY__ 0.003519942146362781	false	1.0
schlecht	neg 1.0		neg 0.5409751611990564 off 0.4515953187445528 __DUMMY__ 0.007429520056390778	false	1.0
verhasst	neg 1.0		neg 0.5493677666044995 off 0.4432393968535327 __DUMMY__ 0.007392836541967609	false	1.0
beschweren	neg 1.0		neg 0.545615492118648 off 0.4469431110205684 __DUMMY__ 0.007441396860783581	false	1.0
scheiden	neg 1.0		neg 0.5484961726868123 off 0.44407213687405706 __DUMMY__ 0.007431690439130733	false	1.0
frustriert	neg 1.0		neg 0.5491451935009386 off 0.44341089996010663 __DUMMY__ 0.00744390653895468	false	1.0
schimmelig	neg 1.0		neg 0.549822771501071 off 0.4427209103224017 __DUMMY__ 0.007456318176527418	false	1.0
fisch	neg 1.0		neg 0.5498579207579893 off 0.4426918212721562 __DUMMY__ 0.007450257969854462	false	1.0
schmuggel	neg 1.0		neg 0.5515070339205476 off 0.4410241806297506 __DUMMY__ 0.007468785449701915	false	1.0
auffallen	neg 1.0		neg 0.5452865171384212 off 0.44727834765212854 __DUMMY__ 0.007435135209450266	false	1.0
konkurrenz	neg 1.0		neg 0.5527052943121532 off 0.4398291360235862 __DUMMY__ 0.0074655696642606136	false	1.0
teufelskreis	neg 1.0		neg 0.5497137658591157 off 0.442861064205935 __DUMMY__ 0.007425169934949256	false	1.0
aufschreien	neg 1.0		neg 0.5469706054961379 off 0.4456284856623457 __DUMMY__ 0.007400908841516393	false	1.0
schuldner	neg 1.0		neg 0.5529750870117524 off 0.43961537287017116 __DUMMY__ 0.007409540118076347	false	1.0
missgeburt	off 1.0	off 1.0	off 0.7113172300052629 neg 0.28516798947178557 __DUMMY__ 0.0035147805229515648	false	1.0
arbeitslos	neg 1.0		neg 0.5512808684975267 off 0.4413005719383072 __DUMMY__ 0.00741855956416621	false	1.0
befallen	neg 1.0		neg 0.5537092743701252 off 0.4389327652646598 __DUMMY__ 0.007357960365215144	false	1.0
miesepetrig	off 1.0		neg 0.5404871140783448 off 0.4520682366318449 __DUMMY__ 0.007444649289810356	false	0.5
alarmieren	neg 1.0		neg 0.5440476402418447 off 0.44857153921574994 __DUMMY__ 0.00738082054240535	false	1.0
ungeduscht	off 1.0		neg 0.5431334614959376 off 0.4494215125039681 __DUMMY__ 0.0074450260000944075	false	0.5
knappheit	neg 1.0		neg 0.5495930257782934 off 0.4429704235086812 __DUMMY__ 0.007436550713025518	false	1.0
schlange	neg 1.0		neg 0.5446031903779127 off 0.4479311503951137 __DUMMY__ 0.0074656592269734924	false	1.0
harsch	neg 1.0		neg 0.5340823100022336 off 0.4584991167822116 __DUMMY__ 0.007418573215554922	false	1.0
lang	neg 1.0		neg 0.5459450111517841 off 0.4466185608280735 __DUMMY__ 0.007436428020142502	false	1.0
ziellos	neg 1.0		neg 0.5501790104176395 off 0.44236695808279286 __DUMMY__ 0.007454031499567694	false	1.0
selbstverliebt	neg 1.0		neg 0.533967011315504 off 0.4587288394901122 __DUMMY__ 0.007304149194384031	false	1.0
beseitigen	neg 1.0		neg 0.5447929780120417 off 0.4477423594820539 __DUMMY__ 0.0074646625059043665	false	1.0
dumm	off 1.0		neg 0.5371062665354968 off 0.4555273188722035 __DUMMY__ 0.007366414592299717	false	0.5
arbeitsloser	neg 1.0		neg 0.5522029288241734 off 0.440376700194586 __DUMMY__ 0.0074203709812405115	false	1.0
blitzen	neg 1.0		neg 0.5440884472125257 off 0.44849926667359963 __DUMMY__ 0.007412286113874742	false	1.0
hilflos	neg 1.0		neg 0.5496373895421648 off 0.4429191969344282 __DUMMY__ 0.007443413523406831	false	1.0
eklig	off 1.0		neg 0.5360081783979387 off 0.4566289064152267 __DUMMY__ 0.007362915186834667	false	0.5
begriff			neg 0.5499609166328543 off 0.44261316567053943 __DUMMY__ 0.0074259176966063965	false	0.0
hungersnot	neg 1.0		neg 0.5521331522082998 off 0.44052346990490227 __DUMMY__ 0.0073433778867978946	false	1.0
ungesetzlich	neg 1.0		neg 0.5485856926231523 off 0.44406745699722433 __DUMMY__ 0.007346850379623365	false	1.0
verschwendung	neg 1.0		neg 0.5527074336114174 off 0.43984811936080215 __DUMMY__ 0.007444447027780323	false	1.0
schmerzvoll	neg 1.0		neg 0.5455388104320448 off 0.44701837155315943 __DUMMY__ 0.007442818014795699	false	1.0
vorzeitig	neg 1.0		neg 0.5418350820447885 off 0.4507504227632639 __DUMMY__ 0.007414495191947551	false	1.0
unvollkommenheit	neg 1.0		neg 0.5475760123876788 off 0.4449956255408799 __DUMMY__ 0.007428362071441265	false	1.0
intervenieren	neg 1.0		neg 0.5544230627719265 off 0.43818717355609504 __DUMMY__ 0.0073897636719784145	false	1.0
banause	off 1.0		neg 0.5348882211653002 off 0.45776267564312534 __DUMMY__ 0.007349103191574481	false	0.5
rebell	neg 1.0		neg 0.552041748926745 off 0.4404867198170878 __DUMMY__ 0.007471531256167336	false	1.0
unlogisch	neg 1.0		neg 0.5404507919445716 off 0.4521643163672966 __DUMMY__ 0.0073848916881317245	false	1.0
leiden	neg 1.0	neg 1.0	neg 0.7606123900692174 off 0.23575934590001027 __DUMMY__ 0.003628264030772325	false	1.0
abschaffung	neg 1.0		neg 0.5482801055030108 off 0.44432894573371157 __DUMMY__ 0.00739094876327771	false	1.0
sturz	neg 1.0		neg 0.5479943503046686 off 0.44462353534362103 __DUMMY__ 0.007382114351710457	false	1.0
verkleinerung	neg 1.0		neg 0.5456468922365368 off 0.44698687437249834 __DUMMY__ 0.007366233390964723	false	1.0
schmarotzer	off 1.0		neg 0.5527779715156504 off 0.4398237169116634 __DUMMY__ 0.0073983115726860196	false	0.5
bestrafung	neg 1.0		neg 0.5477744036883188 off 0.44481910782570255 __DUMMY__ 0.007406488485978668	false	1.0
achtlos	neg 1.0		neg 0.5473915430066313 off 0.4451509089628008 __DUMMY__ 0.007457548030567933	false	1.0
ungeheuer	neg 1.0		neg 0.5460579278732004 off 0.4465305381406311 __DUMMY__ 0.007411533986168411	false	1.0
