unsolidarisch	neg 1.0		__DUMMY__ 0.9286542133338423 neg 0.04129493052280199 off 0.0300508561433557	false	1.0
nachteilig	neg 1.0		__DUMMY__ 0.9365468767948145 neg 0.03621537613750601 off 0.027237747067679514	false	1.0
skeptisch	neg 1.0		__DUMMY__ 0.9373994821938649 neg 0.03729837163534235 off 0.025302146170792603	false	1.0
schrecklich	neg 1.0		__DUMMY__ 0.9333226873163802 off 0.03435041218072631 neg 0.03232690050289353	false	0.5
schlapp	neg 1.0		__DUMMY__ 0.9377462161649383 neg 0.031260407903399685 off 0.030993375931662043	false	1.0
abfall	neg 1.0		__DUMMY__ 0.9383226649342987 neg 0.03747373649917289 off 0.02420359856652833	false	1.0
widerspenstig	neg 1.0		__DUMMY__ 0.9385874706397073 neg 0.033343178414932444 off 0.028069350945360193	false	1.0
abrupt	neg 1.0		__DUMMY__ 0.9405202207497291 neg 0.032218520758493074 off 0.027261258491777875	false	1.0
unwirksam	neg 1.0		__DUMMY__ 0.9318470924738059 neg 0.03859649057729292 off 0.02955641694890112	false	1.0
angreifen	neg 1.0		__DUMMY__ 0.9353196868187298 neg 0.03818662137033159 off 0.02649369181093867	false	1.0
inkonsistent	neg 1.0		__DUMMY__ 0.9354783394376193 neg 0.03441093470517443 off 0.03011072585720633	false	1.0
abrutschen	neg 1.0		__DUMMY__ 0.9387597195785892 neg 0.037016642247497185 off 0.024223638173913657	false	1.0
unsicher	neg 1.0		__DUMMY__ 0.9370230310115432 neg 0.03433208513832518 off 0.028644883850131704	false	1.0
bauernkind	off 1.0		__DUMMY__ 0.9298719134352643 off 0.03657192775977053 neg 0.033556158804965174	false	1.0
angreifer	neg 1.0		__DUMMY__ 0.9329810410578517 neg 0.03579187200222707 off 0.0312270869399212	false	1.0
trennen	neg 1.0		__DUMMY__ 0.9402700982904034 neg 0.034318820094558805 off 0.025411081615037787	false	1.0
schmutz	neg 1.0		__DUMMY__ 0.9410239079917868 off 0.03170003689480699 neg 0.02727605511340624	false	0.5
inkonsistenz	neg 1.0	neg 1.0	neg 0.5029111300539943 __DUMMY__ 0.46879738106475044 off 0.028291488881255256	false	1.0
erschreckend	neg 1.0		__DUMMY__ 0.9351673658914063 neg 0.036763612184348725 off 0.028069021924245006	false	1.0
ertrinken	neg 1.0		__DUMMY__ 0.9380961618354166 neg 0.035491278753449665 off 0.026412559411133824	false	1.0
pickelface	off 1.0		__DUMMY__ 0.9339905035227419 neg 0.036483405745457005 off 0.029526090731801017	false	0.5
seiner			__DUMMY__ 0.9366048629430139 neg 0.03726421035992348 off 0.02613092669706255	false	0.0
lauch	neg 1.0		__DUMMY__ 0.9384709000740187 neg 0.0367077892574443 off 0.024821310668536958	false	1.0
unwichtig	neg 1.0		__DUMMY__ 0.9347338009214095 neg 0.033557125954962574 off 0.031709073123627904	false	1.0
steuerhinterziehung	neg 1.0		__DUMMY__ 0.9321084599448272 neg 0.039030403684217396 off 0.028861136370955418	false	1.0
schock	neg 1.0		__DUMMY__ 0.939669977522564 neg 0.03308593616913775 off 0.027244086308298256	false	1.0
beule	neg 1.0		__DUMMY__ 0.9373170408663598 off 0.03178572661857954 neg 0.030897232515060637	false	0.5
vergelten	neg 1.0		__DUMMY__ 0.9312116294267344 off 0.035775281149201296 neg 0.033013089424064265	false	0.5
verdorbenheit	neg 1.0		__DUMMY__ 0.938636048825481 neg 0.032347888014608105 off 0.02901606315991085	false	1.0
trauma	neg 1.0		__DUMMY__ 0.9353222868935689 neg 0.03475179612882761 off 0.029925916977603453	false	1.0
sinnlos	neg 1.0		__DUMMY__ 0.9353937786313561 neg 0.03445735215569777 off 0.030148869212946034	false	1.0
fettsack	off 1.0	off 1.0	off 0.5025816278564988 __DUMMY__ 0.4677644441706064 neg 0.029653927972894716	false	1.0
feige	off 1.0		__DUMMY__ 0.9322676164675495 neg 0.036125443491223014 off 0.03160694004122754	false	0.5
abdanken	neg 1.0		__DUMMY__ 0.9292968923067083 neg 0.04141038408899306 off 0.029292723604298618	false	1.0
wichtigtuer	off 1.0	off 1.0	off 0.49747100584412723 __DUMMY__ 0.46858487633384144 neg 0.03394411782203137	false	1.0
misslingen	neg 1.0		__DUMMY__ 0.9382109830408545 neg 0.032118575804818576 off 0.029670441154326977	false	1.0
untreu	off 1.0		__DUMMY__ 0.9342989283507513 neg 0.033550170129203916 off 0.03215090152004468	false	0.5
missmutig	neg 1.0		__DUMMY__ 0.9364972777472523 neg 0.032572999545050385 off 0.030929722707697282	false	1.0
hurenbock	off 1.0		__DUMMY__ 0.9399028143326866 neg 0.031126029538914836 off 0.028971156128398526	false	0.5
betrunken	neg 1.0		__DUMMY__ 0.9357821551494946 off 0.032698153336516 neg 0.03151969151398943	false	0.5
korrupt	off 1.0		__DUMMY__ 0.9309932303119046 neg 0.040889840502930506 off 0.028116929185164917	false	0.5
unmut	neg 1.0		__DUMMY__ 0.9367860055629135 neg 0.03830586655960992 off 0.024908127877476614	false	1.0
hackfresse	off 1.0		__DUMMY__ 0.93204010289774 off 0.03657212495796082 neg 0.03138777214429932	false	1.0
aufblasen	neg 1.0		__DUMMY__ 0.9379837303387328 neg 0.03276643637629594 off 0.02924983328497118	false	1.0
gewaltsam	neg 1.0		__DUMMY__ 0.9326085149193831 neg 0.037525123174334984 off 0.029866361906281873	false	1.0
unbeliebtheit	neg 1.0		__DUMMY__ 0.9272770653237093 neg 0.038771571494076805 off 0.033951363182213846	false	1.0
sturheit	neg 1.0		__DUMMY__ 0.9332060882542847 neg 0.038352636495369935 off 0.028441275250345194	false	1.0
kuh	neg 1.0		__DUMMY__ 0.9357034173428033 neg 0.034951820206726665 off 0.02934476245047007	false	1.0
erschrecken	neg 1.0		__DUMMY__ 0.9359245354906182 neg 0.033245642142279146 off 0.030829822367102636	false	1.0
opfer	neg 1.0	neg 1.0	neg 0.5044688932403402 __DUMMY__ 0.4713081212022275 off 0.024222985557432256	false	1.0
sinken	neg 1.0		__DUMMY__ 0.9373634281381295 neg 0.037495914134806886 off 0.02514065772706365	false	1.0
stinktier	neg 1.0		__DUMMY__ 0.9323901286833167 off 0.03455329428687488 neg 0.03305657702980844	false	0.5
tucke	off 1.0		__DUMMY__ 0.9339568331562895 off 0.03651901929315706 neg 0.029524147550553482	false	1.0
ein			__DUMMY__ 0.9400549372583956 neg 0.03142074182410822 off 0.02852432091749609	false	0.0
abstieg	neg 1.0		__DUMMY__ 0.9337551397822147 neg 0.03820658457207235 off 0.028038275645712974	false	1.0
missverstehen	neg 1.0		__DUMMY__ 0.9330659445848013 neg 0.03667281230326295 off 0.03026124311193576	false	1.0
ergebnislos	neg 1.0		__DUMMY__ 0.9350191407139373 neg 0.03734896726278465 off 0.027631892023277926	false	1.0
unter			__DUMMY__ 0.944056017782978 neg 0.034536797331572916 off 0.021407184885449126	false	0.0
manipulieren	neg 1.0		__DUMMY__ 0.9362463105886674 neg 0.03742351909838336 off 0.026330170312949274	false	1.0
unbewiesen	neg 1.0		__DUMMY__ 0.929179866718045 neg 0.040872847424962944 off 0.029947285856992148	false	1.0
verschleppen	neg 1.0		__DUMMY__ 0.9344254634948524 neg 0.038048514698667706 off 0.027526021806479808	false	1.0
weib	off 1.0		__DUMMY__ 0.9313814646839447 off 0.03742687797797257 neg 0.031191657338082796	false	1.0
opposition	neg 1.0		__DUMMY__ 0.9311468216590219 neg 0.03867573237499458 off 0.030177445965983523	false	1.0
verkehrswidrig	neg 1.0		__DUMMY__ 0.9355797212719684 off 0.03496313005947121 neg 0.029457148668560376	false	0.5
inkorrekt	neg 1.0		__DUMMY__ 0.9296050907292257 neg 0.03750791226642792 off 0.032886997004346295	false	1.0
vermeiden	neg 1.0		__DUMMY__ 0.9421472106544283 neg 0.03478381195908292 off 0.023068977386488727	false	1.0
abweichung	neg 1.0		__DUMMY__ 0.9328870554215284 neg 0.03928000558514497 off 0.02783293899332668	false	1.0
alkoholisiert	neg 1.0		__DUMMY__ 0.939552635068041 neg 0.03376548032833315 off 0.02668188460362589	false	1.0
scheiss	off 1.0	off 1.0	off 0.49936325214421584 __DUMMY__ 0.4714359496410329 neg 0.02920079821475122	false	1.0
herausforderung	neg 1.0		__DUMMY__ 0.9421957125936365 neg 0.030922555998491984 off 0.026881731407871493	false	1.0
pervers	off 1.0		__DUMMY__ 0.9305241570607159 off 0.03929203754360844 neg 0.030183805395675677	false	1.0
wackelig	neg 1.0		__DUMMY__ 0.9415153069240846 neg 0.03193454140796956 off 0.02655015166794583	false	1.0
verwickeln	neg 1.0		__DUMMY__ 0.9342152484307037 neg 0.03573033801583028 off 0.030054413553466035	false	1.0
vorwand	neg 1.0		__DUMMY__ 0.9354885453647256 neg 0.03905899017564696 off 0.025452464459627438	false	1.0
muschi	off 1.0		__DUMMY__ 0.9334127794441645 neg 0.037298736743523006 off 0.029288483812312513	false	0.5
entmutigung	neg 1.0		__DUMMY__ 0.9264827486022383 neg 0.041990883023048174 off 0.03152636837471354	false	1.0
unangemessen	neg 1.0		__DUMMY__ 0.9330714979491236 neg 0.039286068043849695 off 0.02764243400702671	false	1.0
unstetig	neg 1.0		__DUMMY__ 0.9346697090851815 neg 0.03417327973799417 off 0.03115701117682424	false	1.0
entmutigen	neg 1.0		__DUMMY__ 0.9365579247521889 neg 0.03406939823246446 off 0.02937267701534665	false	1.0
schwanz	neg 1.0		__DUMMY__ 0.9363830389701674 neg 0.0361818124700601 off 0.027435148559772582	false	1.0
verbot	neg 1.0		__DUMMY__ 0.932195100738102 neg 0.03939604182374837 off 0.028408857438149655	false	1.0
leid	neg 1.0		__DUMMY__ 0.9330214480184197 off 0.035324668050151574 neg 0.0316538839314288	false	0.5
archaisch	neg 1.0		__DUMMY__ 0.933606696337087 neg 0.03854685336764702 off 0.027846450295266015	false	1.0
gegen			__DUMMY__ 0.9344347317425242 neg 0.03959417791343312 off 0.02597109034404274	false	0.0
scheidung	neg 1.0	neg 1.0	neg 0.49110622834845313 __DUMMY__ 0.4682212965143912 off 0.04067247513715562	false	1.0
einschlag	neg 1.0		__DUMMY__ 0.9318385011796221 off 0.03510779119664829 neg 0.03305370762372961	false	0.5
m			__DUMMY__ 0.9380348277792383 neg 0.03426648195350394 off 0.02769869026725783	false	0.0
abgestanden	neg 1.0		__DUMMY__ 0.9397016350161211 neg 0.03244265475873265 off 0.027855710225146203	false	1.0
schmierig	off 1.0		__DUMMY__ 0.9341534546711313 off 0.034527569652134646 neg 0.03131897567673412	false	1.0
unpraktisch	neg 1.0		__DUMMY__ 0.9388932996739993 neg 0.03209522447069746 off 0.029011475855303323	false	1.0
wixxer	off 1.0		__DUMMY__ 0.9290914608929844 off 0.039499719978323675 neg 0.03140881912869187	false	1.0
bezeichnet			__DUMMY__ 0.9334838092117832 neg 0.03794970566822431 off 0.02856648511999248	false	0.0
jammerlappen	off 1.0		__DUMMY__ 0.9343882922399148 neg 0.03396125446980014 off 0.03165045329028499	false	0.5
farce	neg 1.0		__DUMMY__ 0.929056908059185 neg 0.04209975154772895 off 0.028843340393086114	false	1.0
zwecklos	neg 1.0		__DUMMY__ 0.9340904181799651 neg 0.03857531711825432 off 0.027334264701780575	false	1.0
turbulent	neg 1.0		__DUMMY__ 0.9329280036520516 off 0.03411360997069804 neg 0.03295838637725029	false	0.5
invasion	neg 1.0		__DUMMY__ 0.9368906597564226 neg 0.03237926676388865 off 0.03073007347968866	false	1.0
schuld	neg 1.0		__DUMMY__ 0.9348346696015669 neg 0.035762636855418424 off 0.02940269354301458	false	1.0
risiko	neg 1.0		__DUMMY__ 0.9393606009340192 off 0.03077923591757306 neg 0.02986016314840773	false	0.5
finster	neg 1.0		__DUMMY__ 0.9395472693912706 neg 0.03227254924515115 off 0.02818018136357824	false	1.0
geisteskrank	off 1.0		__DUMMY__ 0.930767965307379 neg 0.03617562469219655 off 0.03305641000042444	false	0.5
zusammenbrechen	neg 1.0		__DUMMY__ 0.9376945504638001 neg 0.03452966947263623 off 0.02777578006356361	false	1.0
ausbeute	neg 1.0		__DUMMY__ 0.9397728570382587 neg 0.03383770837256633 off 0.026389434589174966	false	1.0
hinterhalt	neg 1.0		__DUMMY__ 0.935012986625356 neg 0.03562790110524239 off 0.029359112269401536	false	1.0
kritik	neg 1.0		__DUMMY__ 0.9304205734113342 neg 0.0408033048306101 off 0.028776121758055672	false	1.0
einschrumpfen	neg 1.0		__DUMMY__ 0.9309344194122804 neg 0.03739764433675118 off 0.03166793625096843	false	1.0
riskant	neg 1.0		__DUMMY__ 0.9368353963793735 neg 0.03677718186090269 off 0.026387421759723702	false	1.0
frustrieren	neg 1.0		__DUMMY__ 0.9360169071908064 neg 0.03758854609993191 off 0.026394546709261633	false	1.0
groll	neg 1.0		__DUMMY__ 0.9345038200176367 neg 0.03804097213340827 off 0.027455207848955124	false	1.0
gibt			__DUMMY__ 0.9362147317461295 neg 0.03611707351969751 off 0.027668194734173025	false	0.0
qualvoll	neg 1.0		__DUMMY__ 0.9364244928288721 neg 0.03360175617889006 off 0.029973750992237876	false	1.0
wackeln	neg 1.0		__DUMMY__ 0.9392365416715479 neg 0.03193346497040296 off 0.028829993358049196	false	1.0
klagen	neg 1.0		__DUMMY__ 0.9353475118353383 neg 0.03919795634776128 off 0.02545453181690043	false	1.0
bankrott	neg 1.0		__DUMMY__ 0.9361756284379217 neg 0.03224445174960398 off 0.0315799198124744	false	1.0
trauern	neg 1.0		__DUMMY__ 0.9360882821848279 neg 0.03744113656395003 off 0.026470581251222175	false	1.0
ablehnung	neg 1.0	neg 1.0	neg 0.5066517227015442 __DUMMY__ 0.4672841170977652 off 0.02606416020069058	false	1.0
stur	neg 1.0		__DUMMY__ 0.9351550150479171 neg 0.035222682307997404 off 0.029622302644085413	false	1.0
aufruhr	neg 1.0		__DUMMY__ 0.9314863259293574 neg 0.03887794435112312 off 0.0296357297195194	false	1.0
melancholie	neg 1.0		__DUMMY__ 0.9398915942312676 neg 0.03348616748150806 off 0.026622238287224344	false	1.0
ist			__DUMMY__ 0.9348806407459608 neg 0.03543079388187683 off 0.029688565372162388	false	0.0
torheit	neg 1.0		__DUMMY__ 0.9292227071586667 neg 0.04053476902371224 off 0.030242523817621016	false	1.0
dreckskind	off 1.0		__DUMMY__ 0.9288059148867346 off 0.03615413530056693 neg 0.035039949812698486	false	1.0
umtauschen	neg 1.0		__DUMMY__ 0.9388045272227338 neg 0.033349336753775036 off 0.027846136023491185	false	1.0
zum			__DUMMY__ 0.9440250210078408 neg 0.0327675110323516 off 0.02320746795980765	false	0.0
zersetzen	neg 1.0		__DUMMY__ 0.9357156436080398 neg 0.03838511425625886 off 0.025899242135701328	false	1.0
zur			__DUMMY__ 0.9380771711910347 neg 0.03823241890206803 off 0.023690409906897237	false	0.0
frust	neg 1.0		__DUMMY__ 0.9365901995201051 neg 0.0357022645944213 off 0.027707535885473537	false	1.0
unerbittlichkeit	neg 1.0		__DUMMY__ 0.9350729447900534 neg 0.0383828312546586 off 0.026544223955287986	false	1.0
zwei			__DUMMY__ 0.9416445728215406 neg 0.03392779470439478 off 0.024427632474064605	false	0.0
unkorrekt	neg 1.0		__DUMMY__ 0.9301592615007493 neg 0.036699281369516286 off 0.03314145712973444	false	1.0
hexe	off 1.0		__DUMMY__ 0.9355199898776295 neg 0.032874887358929995 off 0.031605122763440456	false	0.5
lasch	neg 1.0		__DUMMY__ 0.9325128970458687 neg 0.03641696699352864 off 0.03107013596060267	false	1.0
rivale	neg 1.0		__DUMMY__ 0.9326518243590419 off 0.034679690719776037 neg 0.032668484921181996	false	0.5
mutlos	off 1.0	off 1.0	off 0.49479134418067916 __DUMMY__ 0.4694044468828581 neg 0.03580420893646262	false	1.0
wirr	off 1.0		__DUMMY__ 0.9308426206186282 neg 0.03513523680512632 off 0.03402214257624539	false	0.5
jahr			__DUMMY__ 0.9410451691412488 neg 0.033044489828280774 off 0.02591034103047038	false	0.0
wird			__DUMMY__ 0.9365265127561195 neg 0.03680267818445135 off 0.026670809059429115	false	0.0
strafbar	neg 1.0		__DUMMY__ 0.9330328994799361 neg 0.040077195429182935 off 0.02688990509088109	false	1.0
erosion	neg 1.0		__DUMMY__ 0.9374572992060742 neg 0.032964277598840006 off 0.029578423195085794	false	1.0
eingehen	neg 1.0		__DUMMY__ 0.9346852870681618 neg 0.0381706972777456 off 0.02714401565409259	false	1.0
faul	off 1.0		__DUMMY__ 0.938335039924061 off 0.030926722706606555 neg 0.030738237369332372	false	1.0
provisorium	neg 1.0		__DUMMY__ 0.9423402258792467 neg 0.03661904788910654 off 0.021040726231646715	false	1.0
schmerzen	neg 1.0		__DUMMY__ 0.9380569489528782 neg 0.03458991122004913 off 0.027353139827072714	false	1.0
schrumpfen	neg 1.0		__DUMMY__ 0.9390924020217943 neg 0.037517277820024265 off 0.02339032015818147	false	1.0
geistlos	off 1.0		__DUMMY__ 0.9289174740781652 neg 0.03976828130746428 off 0.03131424461437061	false	0.5
fehlkauf	neg 1.0		__DUMMY__ 0.9334742059057201 neg 0.035752113452609084 off 0.030773680641670756	false	1.0
frustrierend	neg 1.0		__DUMMY__ 0.9359726933875541 neg 0.033118039810804176 off 0.030909266801641716	false	1.0
unzufrieden	neg 1.0		__DUMMY__ 0.9356409177352049 neg 0.03704372292551181 off 0.027315359339283262	false	1.0
verzweifeln	neg 1.0		__DUMMY__ 0.936809440506138 neg 0.03488954743378911 off 0.028301012060072846	false	1.0
verzweifelt	neg 1.0		__DUMMY__ 0.9351463939178721 neg 0.03534151869243283 off 0.0295120873896951	false	1.0
misstrauensantrag	neg 1.0		__DUMMY__ 0.9331674820484508 neg 0.036185433886727604 off 0.030647084064821528	false	1.0
abfallen	neg 1.0		__DUMMY__ 0.9402264129345246 neg 0.03112318511611755 off 0.028650401949357834	false	1.0
fucker	off 1.0		__DUMMY__ 0.9319086955179312 off 0.03413485358771422 neg 0.03395645089435449	false	1.0
ungezogen	neg 1.0		__DUMMY__ 0.932333008560947 off 0.03748386993351924 neg 0.030183121505533813	false	0.5
irrsinnig	neg 1.0	neg 1.0	neg 0.5034820873653895 __DUMMY__ 0.46983783039430427 off 0.026680082240306175	false	1.0
unfassbar	neg 1.0		__DUMMY__ 0.9343261434284723 neg 0.033747376649558465 off 0.031926479921969196	false	1.0
hart	neg 1.0		__DUMMY__ 0.9341157209659364 neg 0.034063161779469234 off 0.03182111725459439	false	1.0
widerlich	off 1.0		__DUMMY__ 0.9326257097978259 neg 0.03476026646891046 off 0.0326140237332637	false	0.5
fatal	neg 1.0		__DUMMY__ 0.934164154706835 neg 0.03509838793854508 off 0.03073745735461995	false	1.0
bruch	neg 1.0		__DUMMY__ 0.9338981482196295 neg 0.040825100592311946 off 0.02527675118805857	false	1.0
aushungern	neg 1.0		__DUMMY__ 0.9312417527730912 neg 0.03901421197603903 off 0.029744035250869792	false	1.0
anspannung	neg 1.0		__DUMMY__ 0.9403378559266624 neg 0.03549703700512363 off 0.024165107068213953	false	1.0
von			__DUMMY__ 0.9404673366010392 neg 0.03420456496570726 off 0.02532809843325352	false	0.0
kraftlos	neg 1.0		__DUMMY__ 0.9404485795373515 neg 0.03297790890857971 off 0.026573511554068806	false	1.0
vom			__DUMMY__ 0.9431121411585928 neg 0.035217504643790906 off 0.021670354197616377	false	0.0
grenzdebil	off 1.0		__DUMMY__ 0.9351627521260585 off 0.032554320541369274 neg 0.03228292733257232	false	1.0
vor			__DUMMY__ 0.9389866970747374 neg 0.03610245153606393 off 0.02491085138919872	false	0.0
unterwerfen	neg 1.0		__DUMMY__ 0.9346119807312945 neg 0.03851012477650088 off 0.02687789449220462	false	1.0
versenkung	neg 1.0		__DUMMY__ 0.9360680274287555 neg 0.03735768021806319 off 0.026574292353181247	false	1.0
entziehen	neg 1.0		__DUMMY__ 0.935968740706971 neg 0.038933026943713936 off 0.02509823234931502	false	1.0
finanzkrise	neg 1.0		__DUMMY__ 0.9315050292994598 neg 0.03939977118624769 off 0.029095199514292562	false	1.0
schimpfend	neg 1.0		__DUMMY__ 0.9411320312303594 neg 0.0299173698426917 off 0.02895059892694886	false	1.0
profan	neg 1.0		__DUMMY__ 0.9354629364310068 neg 0.034525467491372114 off 0.030011596077621112	false	1.0
korruption	neg 1.0		__DUMMY__ 0.9317820373174786 neg 0.040155691761212434 off 0.028062270921309	false	1.0
â			__DUMMY__ 0.9376470177149604 neg 0.035249702265401944 off 0.027103280019637566	false	0.0
schmutzig	neg 1.0		__DUMMY__ 0.9371039711145135 off 0.032033949193599726 neg 0.030862079691886795	false	0.5
sexy	neg 1.0		__DUMMY__ 0.935122556359978 neg 0.03339731993619378 off 0.0314801237038282	false	1.0
abraten	neg 1.0		__DUMMY__ 0.9370170616508563 neg 0.03368949925604132 off 0.029293439093102287	false	1.0
schwarz	neg 1.0		__DUMMY__ 0.9348466146004905 neg 0.03505826270649136 off 0.030095122693018138	false	1.0
fotze	off 1.0		__DUMMY__ 0.9341465745704822 neg 0.03785378973088187 off 0.027999635698635922	false	0.5
verwirren	neg 1.0		__DUMMY__ 0.9351891200125337 neg 0.03418064941964209 off 0.030630230567824244	false	1.0
zahnlos	off 1.0		__DUMMY__ 0.933851853768038 neg 0.03852924461403307 off 0.027618901617928886	false	0.5
verheeren	neg 1.0		__DUMMY__ 0.9292798998172954 off 0.039385512465358846 neg 0.031334587717345735	false	0.5
hippie	neg 1.0		__DUMMY__ 0.9346551343557641 neg 0.0339232530970337 off 0.03142161254720215	false	1.0
rammen	neg 1.0		__DUMMY__ 0.9371934979152053 neg 0.03264288938011381 off 0.030163612704680945	false	1.0
unlauter	neg 1.0	neg 1.0	neg 0.5021632062739215 __DUMMY__ 0.46992605572096713 off 0.027910738005111416	false	1.0
unheilvoll	neg 1.0		__DUMMY__ 0.9369392506431233 neg 0.03349494136497158 off 0.029565807991905065	false	1.0
niedrig	neg 1.0		__DUMMY__ 0.9371525659393332 neg 0.03590021882147166 off 0.026947215239195167	false	1.0
explosion	neg 1.0		__DUMMY__ 0.9362742056022872 neg 0.03282707419562538 off 0.030898720202087428	false	1.0
weichei	off 1.0		__DUMMY__ 0.9322993409009447 off 0.03576072714804933 neg 0.031939931951005876	false	1.0
minusmensch	off 1.0		__DUMMY__ 0.9260338463140532 off 0.03946447377165963 neg 0.034501679914287195	false	1.0
farblos	neg 1.0		__DUMMY__ 0.9360647265359525 neg 0.03497065542200007 off 0.028964618042047367	false	1.0
unwissend	neg 1.0	neg 1.0	neg 0.5018596242899395 __DUMMY__ 0.46900673853061825 off 0.029133637179442343	false	1.0
traurig	neg 1.0		__DUMMY__ 0.9348067374342524 off 0.033622081825775 neg 0.03157118073997265	false	0.5
senkung	neg 1.0		__DUMMY__ 0.9351990983859081 neg 0.034010490031248626 off 0.030790411582843284	false	1.0
ungleich	neg 1.0	neg 1.0	neg 0.5052126066896044 __DUMMY__ 0.4704674706936038 off 0.02431992261679186	false	1.0
heikel	neg 1.0		__DUMMY__ 0.9362205080086214 neg 0.03799767877958806 off 0.025781813211790613	false	1.0
drosselung	neg 1.0		__DUMMY__ 0.9356772742616596 off 0.03366529420169505 neg 0.03065743153664536	false	0.5
falsch	neg 1.0		__DUMMY__ 0.9350025613862624 neg 0.03377292353046657 off 0.03122451508327101	false	1.0
unzufriedenheit	neg 1.0		__DUMMY__ 0.9358381945579961 neg 0.0383457657003694 off 0.02581603974163455	false	1.0
kurz	neg 1.0		__DUMMY__ 0.9395662415123254 neg 0.033181663894940774 off 0.027252094592733898	false	1.0
unsinnig	neg 1.0		__DUMMY__ 0.9351586082389854 neg 0.037267114526982024 off 0.027574277234032548	false	1.0
penner	off 1.0	off 1.0	off 0.5037120138392781 __DUMMY__ 0.46811985368642794 neg 0.028168132474294044	false	1.0
seicht	neg 1.0		__DUMMY__ 0.9290984523064508 off 0.037829960900168554 neg 0.033071586793380583	false	0.5
dummheit	off 1.0	off 1.0	off 0.4979013498846161 __DUMMY__ 0.46870217371657863 neg 0.03339647639880527	false	1.0
unerfreulich	neg 1.0		__DUMMY__ 0.9378136821477443 neg 0.036918792358176605 off 0.025267525494079013	false	1.0
motherfucker	off 1.0	off 1.0	off 0.5011601554340867 __DUMMY__ 0.46821567273851383 neg 0.03062417182739949	false	1.0
pikiert	neg 1.0		__DUMMY__ 0.9328597141032378 neg 0.035386954303693575 off 0.031753331593068625	false	1.0
wrack	neg 1.0		__DUMMY__ 0.9375645849689758 neg 0.03544324945778614 off 0.02699216557323815	false	1.0
gangster	neg 1.0		__DUMMY__ 0.9349270362431004 neg 0.03426442333036866 off 0.030808540426530917	false	1.0
krank	neg 1.0		__DUMMY__ 0.9372082672316958 off 0.03218326353791498 neg 0.030608469230389252	false	0.5
reich	neg 1.0		__DUMMY__ 0.9276334948685327 neg 0.03960420531503724 off 0.03276229981643003	false	1.0
gnadenlos	neg 1.0		__DUMMY__ 0.9351582253703384 neg 0.03534727575765214 off 0.029494498872009414	false	1.0
niedergeschlagen	neg 1.0		__DUMMY__ 0.9373993043363629 neg 0.03496948003160518 off 0.027631215632032025	false	1.0
terrorisieren	off 1.0	off 1.0	off 0.49435427784066166 __DUMMY__ 0.4714261707996575 neg 0.03421955135968094	false	1.0
sinnlosigkeit	neg 1.0		__DUMMY__ 0.934292897551462 neg 0.03813875775179575 off 0.027568344696742148	false	1.0
behindern	neg 1.0		__DUMMY__ 0.9376421777808815 neg 0.03393884674326022 off 0.028418975475858324	false	1.0
undemokratisch	neg 1.0		__DUMMY__ 0.930668208422405 neg 0.03889700216969919 off 0.03043478940789571	false	1.0
wirtschaftskrise	neg 1.0		__DUMMY__ 0.9332853192942074 neg 0.03886406371658676 off 0.027850616989205768	false	1.0
neid	neg 1.0		__DUMMY__ 0.9372574674958633 neg 0.03217178294313813 off 0.03057074956099863	false	1.0
rutschen	neg 1.0		__DUMMY__ 0.9444199104811496 neg 0.032390668000199026 off 0.023189421518651346	false	1.0
rezession	neg 1.0		__DUMMY__ 0.9297972879799936 off 0.03543554324395668 neg 0.03476716877604967	false	0.5
fehlgeburt	neg 1.0		__DUMMY__ 0.9345621141260633 neg 0.03663068879694188 off 0.028807197076994855	false	1.0
charakterschwach	off 1.0		__DUMMY__ 0.9330212202954742 neg 0.034389134063822865 off 0.03258964564070296	false	0.5
isolation	neg 1.0		__DUMMY__ 0.934910085302842 neg 0.0330470689301036 off 0.032042845767054344	false	1.0
ablenkung	neg 1.0		__DUMMY__ 0.9371322847041927 neg 0.03407482453933736 off 0.02879289075646997	false	1.0
pech	neg 1.0		__DUMMY__ 0.936811128668713 neg 0.033034942758556486 off 0.030153928572730578	false	1.0
vermeidung	neg 1.0		__DUMMY__ 0.9364729619411967 off 0.032857777937625426 neg 0.03066926012117786	false	0.5
dominieren	neg 1.0		__DUMMY__ 0.9361947166085701 neg 0.035753064309328564 off 0.0280522190821013	false	1.0
schwindlig	neg 1.0		__DUMMY__ 0.9388326416396398 neg 0.031333143595530855 off 0.029834214764829402	false	1.0
lutscher	neg 1.0		__DUMMY__ 0.9300747773759381 off 0.03799977596447458 neg 0.03192544665958735	false	0.5
pflicht	neg 1.0		__DUMMY__ 0.9355414774275352 neg 0.03859074467221025 off 0.025867777900254484	false	1.0
faschist	off 1.0		__DUMMY__ 0.9293936101310833 neg 0.03957118313891105 off 0.03103520673000559	false	0.5
verschleudern	neg 1.0		__DUMMY__ 0.9337545223148421 neg 0.0388190567347212 off 0.027426420950436712	false	1.0
wenn			__DUMMY__ 0.934802534940822 neg 0.033983588410754724 off 0.03121387664842327	false	0.0
ehebruch	neg 1.0		__DUMMY__ 0.9334209216257886 neg 0.039341167737245525 off 0.027237910636965908	false	1.0
spott	off 1.0		__DUMMY__ 0.9341623567555607 neg 0.039016700538820434 off 0.026820942705618803	false	0.5
trostlosigkeit	neg 1.0		__DUMMY__ 0.9320631282465662 neg 0.041833402139577515 off 0.026103469613856282	false	1.0
lutschen	neg 1.0		__DUMMY__ 0.9331765981771524 neg 0.034923630045811616 off 0.031899771777036054	false	1.0
undiszipliniert	neg 1.0		__DUMMY__ 0.9345845111012175 off 0.033212216778754786 neg 0.032203272120027694	false	0.5
kopfschmerz	neg 1.0		__DUMMY__ 0.9374622991349024 neg 0.03459335471885568 off 0.0279443461462419	false	1.0
unvorhergesehen	neg 1.0		__DUMMY__ 0.941741776075675 neg 0.0313276689675098 off 0.02693055495681517	false	1.0
desinteressiert	neg 1.0		__DUMMY__ 0.9331291055252275 neg 0.03363980878813626 off 0.033231085686636117	false	1.0
armselig	off 1.0		__DUMMY__ 0.9320560735524795 off 0.03405230235963659 neg 0.0338916240878839	false	1.0
desaster	neg 1.0		__DUMMY__ 0.9338593076142255 neg 0.04107327144899941 off 0.025067420936775043	false	1.0
tod	neg 1.0		__DUMMY__ 0.9319300156911982 neg 0.04142535610484013 off 0.026644628203961768	false	1.0
herzlos	neg 1.0		__DUMMY__ 0.9341760448156617 off 0.03416951646439605 neg 0.031654438719942224	false	0.5
unwissenheit	neg 1.0		__DUMMY__ 0.9337754186890187 neg 0.038598997738600385 off 0.02762558357238097	false	1.0
widersinnig	neg 1.0		__DUMMY__ 0.9306908982646719 neg 0.040576375630092906 off 0.028732726105235203	false	1.0
bedenklich	neg 1.0		__DUMMY__ 0.9356181592833446 neg 0.03791192951805177 off 0.026469911198603636	false	1.0
beanstanden	neg 1.0		__DUMMY__ 0.9363193608275782 neg 0.03815213770025878 off 0.025528501472163127	false	1.0
panisch	neg 1.0	neg 1.0	neg 0.49769889294794056 __DUMMY__ 0.47557889847319146 off 0.026722208578868076	false	1.0
debil	off 1.0		__DUMMY__ 0.9380166442199006 neg 0.03869500878036336 off 0.023288346999736007	false	0.5
abstrich	neg 1.0		__DUMMY__ 0.9422594034627022 neg 0.03001006653744513 off 0.027730529999852552	false	1.0
primitiv	neg 1.0		__DUMMY__ 0.9325943492480369 neg 0.03437751983590032 off 0.033028130916062784	false	1.0
abschaum	off 1.0	off 1.0	off 0.49943432882219935 __DUMMY__ 0.46765839155330485 neg 0.032907279624495835	false	1.0
provozieren	neg 1.0		__DUMMY__ 0.9334066863211464 neg 0.03739390485615227 off 0.02919940882270139	false	1.0
tot	neg 1.0		__DUMMY__ 0.9343854943631243 neg 0.037812178077169974 off 0.02780232755970571	false	1.0
instabil	neg 1.0		__DUMMY__ 0.9314522301502004 off 0.034792067373061716 neg 0.03375570247673788	false	0.5
schwuchtel	off 1.0		__DUMMY__ 0.9259677602723931 off 0.041920616709864675 neg 0.032111623017742126	false	1.0
zerren	neg 1.0		__DUMMY__ 0.9369261758085314 neg 0.03538433672712495 off 0.027689487464343628	false	1.0
kinderficker	off 1.0		__DUMMY__ 0.9298889457782157 off 0.0355805247252133 neg 0.03453052949657099	false	1.0
gefahr	neg 1.0		__DUMMY__ 0.9344852164395049 neg 0.03844145065147896 off 0.027073332909016135	false	1.0
rabiat	neg 1.0		__DUMMY__ 0.9352199137880705 neg 0.03590179280382053 off 0.028878293408109	false	1.0
verlangsamung	neg 1.0		__DUMMY__ 0.9304568347236053 off 0.03757447415854778 neg 0.03196869111784698	false	0.5
ausgestorben	neg 1.0		__DUMMY__ 0.936399023384453 neg 0.035865418843984774 off 0.02773555777156218	false	1.0
anklagen	neg 1.0		__DUMMY__ 0.9336281628059795 neg 0.037514674888188895 off 0.028857162305831706	false	1.0
trott	neg 1.0		__DUMMY__ 0.9368721473652695 neg 0.03452273713551747 off 0.02860511549921306	false	1.0
verminderung	neg 1.0		__DUMMY__ 0.9338792340377822 off 0.03355915838412498 neg 0.03256160757809291	false	0.5
nach			__DUMMY__ 0.9424809234388808 neg 0.03417354508336436 off 0.02334553147775476	false	0.0
rost	neg 1.0		__DUMMY__ 0.930663657864694 off 0.0374688831917127 neg 0.03186745894359325	false	0.5
destruktiv	neg 1.0		__DUMMY__ 0.9327790600935421 neg 0.03870648932901333 off 0.028514450577444665	false	1.0
unzumutbarkeit	neg 1.0		__DUMMY__ 0.9362208702544289 off 0.03303125981150523 neg 0.030747869934065943	false	0.5
labil	off 1.0	off 1.0	off 0.5000243781100141 __DUMMY__ 0.46850469140624335 neg 0.03147093048374258	false	1.0
ziemlich	neg 1.0		__DUMMY__ 0.9348964877150179 neg 0.03283756597664377 off 0.03226594630833844	false	1.0
lachnummer	off 1.0		__DUMMY__ 0.9329795709314158 neg 0.03838496713525527 off 0.02863546193332895	false	0.5
oder			__DUMMY__ 0.9380774993064266 neg 0.03356493556372605 off 0.028357565129847332	false	0.0
verfall	neg 1.0		__DUMMY__ 0.9372605820283034 neg 0.03926137240637221 off 0.02347804556532433	false	1.0
ausgrenzung	neg 1.0		__DUMMY__ 0.9307753338249471 neg 0.0383863425603831 off 0.03083832361466978	false	1.0
unordnung	neg 1.0		__DUMMY__ 0.93088248932203 off 0.03493913020966366 neg 0.034178380468306305	false	0.5
fehlverhalten	neg 1.0		__DUMMY__ 0.9340269765240209 neg 0.03926819209394737 off 0.0267048313820317	false	1.0
eine			__DUMMY__ 0.9382515483375515 neg 0.036655365493575634 off 0.02509308616887283	false	0.0
nille	neg 1.0		__DUMMY__ 0.9326900980844548 neg 0.03804891715511549 off 0.029260984760429716	false	1.0
qual	neg 1.0		__DUMMY__ 0.9365451963152697 neg 0.034840488696768236 off 0.02861431498796214	false	1.0
verschwenden	neg 1.0		__DUMMY__ 0.9365685290841171 neg 0.037019231920178114 off 0.02641223899570482	false	1.0
riesig	neg 1.0		__DUMMY__ 0.9380477532456022 neg 0.0339925265420183 off 0.02795972021237947	false	1.0
verurteilen	neg 1.0		__DUMMY__ 0.9330382725815909 neg 0.03909308685270555 off 0.027868640565703557	false	1.0
klischee	neg 1.0	neg 1.0	neg 0.5033237831075017 __DUMMY__ 0.46829452918679865 off 0.02838168770569966	false	1.0
diktatorisch	neg 1.0		__DUMMY__ 0.9291401470147762 neg 0.04035054038259212 off 0.03050931260263173	false	1.0
vorhersehbar	neg 1.0		__DUMMY__ 0.9329655895050074 neg 0.03662973533734497 off 0.030404675157647706	false	1.0
sowie			__DUMMY__ 0.9295606094630797 off 0.036555638650360045 neg 0.033883751886560155	false	0.0
stornieren	neg 1.0		__DUMMY__ 0.9380008292772511 neg 0.0317979664569378 off 0.030201204265811042	false	1.0
besteuerung	neg 1.0		__DUMMY__ 0.9350413328545756 neg 0.03535267545609368 off 0.029605991689330792	false	1.0
ungeschminkt	neg 1.0		__DUMMY__ 0.9351587134184766 neg 0.03256533724460413 off 0.032275949336919345	false	1.0
kritisch	neg 1.0		__DUMMY__ 0.9342844722267233 neg 0.03886173954426015 off 0.02685378822901653	false	1.0
schlamperei	off 1.0		__DUMMY__ 0.934288502307835 neg 0.03844791214577395 off 0.02726358554639103	false	0.5
sucht	neg 1.0	neg 1.0	neg 0.49683670815530456 __DUMMY__ 0.47599389549586346 off 0.0271693963488319	false	1.0
egoistisch	off 1.0		__DUMMY__ 0.9322166132481081 off 0.03583748526469309 neg 0.03194590148719885	false	1.0
ausbeuter	off 1.0		__DUMMY__ 0.9335893588157709 neg 0.03990885455652865 off 0.026501786627700512	false	0.5
arschgeburt	off 1.0		__DUMMY__ 0.9260797423193773 off 0.041917755474319016 neg 0.032002502206303705	false	1.0
schubs	neg 1.0	neg 1.0	neg 0.500351666198604 __DUMMY__ 0.47569737317911426 off 0.02395096062228164	false	1.0
unsolide	neg 1.0		__DUMMY__ 0.9274134353966917 neg 0.03976121751138617 off 0.03282534709192206	false	1.0
beschwerde	neg 1.0		__DUMMY__ 0.9347081656442545 neg 0.03757928755640628 off 0.027712546799339263	false	1.0
stocken	neg 1.0		__DUMMY__ 0.936816059016288 neg 0.03603125926762522 off 0.0271526817160868	false	1.0
isolieren	neg 1.0		__DUMMY__ 0.9390926167382082 neg 0.0325539393471105 off 0.028353443914681312	false	1.0
unheilbar	neg 1.0		__DUMMY__ 0.9345368586679151 neg 0.03603294779983512 off 0.029430193532249717	false	1.0
pisser	off 1.0		__DUMMY__ 0.9315568707969035 off 0.034647966132686295 neg 0.03379516307041015	false	1.0
löschen	neg 1.0		__DUMMY__ 0.9349121495621786 neg 0.03544847885820671 off 0.029639371579614736	false	1.0
durchfallen	neg 1.0		__DUMMY__ 0.9359152687028018 neg 0.03728848945769068 off 0.02679624183950749	false	1.0
wichser	off 1.0		__DUMMY__ 0.93010127609798 off 0.03892895361574706 neg 0.030969770286272926	false	1.0
terror	neg 1.0		__DUMMY__ 0.937159876814044 neg 0.0318726989277412 off 0.030967424258214755	false	1.0
krass	neg 1.0		__DUMMY__ 0.9341321139109523 off 0.034087942098306366 neg 0.03177994399074139	false	0.5
revolte	neg 1.0	neg 1.0	neg 0.5069232109616186 __DUMMY__ 0.46414037250547324 off 0.02893641653290814	false	1.0
besorgt	neg 1.0		__DUMMY__ 0.9394662389277808 neg 0.03309202046661223 off 0.02744174060560691	false	1.0
nachlassen	neg 1.0		__DUMMY__ 0.9392105661203077 neg 0.03352124991756023 off 0.027268183962132053	false	1.0
alt	neg 1.0		__DUMMY__ 0.9405917826733917 neg 0.034112833067336853 off 0.025295384259271535	false	1.0
hundesohn	off 1.0		__DUMMY__ 0.9277865200646744 off 0.0388269726140656 neg 0.03338650732125993	false	1.0
als			__DUMMY__ 0.9375391846357818 neg 0.03531320164152867 off 0.027147613722689517	false	0.0
abschreckung	neg 1.0		__DUMMY__ 0.9350428835135643 neg 0.0391628157485266 off 0.025794300737909028	false	1.0
unqualifiziert	neg 1.0		__DUMMY__ 0.933313534775521 neg 0.03606434666948389 off 0.030622118554995074	false	1.0
abgewichst	off 1.0		__DUMMY__ 0.9348425081443603 neg 0.03684152442446621 off 0.02831596743117353	false	0.5
schwer	neg 1.0		__DUMMY__ 0.9367016010725314 neg 0.03492251182480586 off 0.028375887102662735	false	1.0
bedeutungslosigkeit	neg 1.0		__DUMMY__ 0.9342306966472711 neg 0.03951903775837164 off 0.026250265594357187	false	1.0
kapitulation	neg 1.0		__DUMMY__ 0.9305988034540121 neg 0.04151763678954884 off 0.027883559756438976	false	1.0
unscharf	neg 1.0		__DUMMY__ 0.9367328720018524 neg 0.03314992666916049 off 0.030117201328987146	false	1.0
schwinden	neg 1.0		__DUMMY__ 0.9370583175871994 neg 0.036725694878160624 off 0.026215987534639985	false	1.0
versklavung	neg 1.0	neg 1.0	neg 0.5056965368274864 __DUMMY__ 0.46681141004085847 off 0.02749205313165514	false	1.0
schlecht	neg 1.0		__DUMMY__ 0.9352449048539581 off 0.032534788174838986 neg 0.032220306971202935	false	0.5
verhasst	neg 1.0		__DUMMY__ 0.9329443159410142 neg 0.037788438667866665 off 0.029267245391119107	false	1.0
beschweren	neg 1.0		__DUMMY__ 0.9360560727074475 neg 0.0341794310662436 off 0.02976449622630886	false	1.0
scheiden	neg 1.0		__DUMMY__ 0.9359251439166337 neg 0.03615288109690455 off 0.027921974986461776	false	1.0
frustriert	neg 1.0		__DUMMY__ 0.9362077016452209 neg 0.03592361131010165 off 0.027868687044677373	false	1.0
schimmelig	neg 1.0		__DUMMY__ 0.9380860125480682 neg 0.03588512207436897 off 0.02602886537756273	false	1.0
fisch	neg 1.0		__DUMMY__ 0.9377458975893636 neg 0.03596921586821949 off 0.026284886542416928	false	1.0
schmuggel	neg 1.0		__DUMMY__ 0.9387164221579186 neg 0.03563642870774477 off 0.02564714913433666	false	1.0
auffallen	neg 1.0		__DUMMY__ 0.9356133258261011 neg 0.03432298213880703 off 0.03006369203509182	false	1.0
konkurrenz	neg 1.0		__DUMMY__ 0.9379979696081836 neg 0.03659828325724779 off 0.025403747134568676	false	1.0
teufelskreis	neg 1.0		__DUMMY__ 0.9349574022552419 neg 0.03688371299093814 off 0.028158884753819953	false	1.0
aufschreien	neg 1.0		__DUMMY__ 0.9333705866602826 neg 0.03641284560716838 off 0.030216567732549	false	1.0
schuldner	neg 1.0		__DUMMY__ 0.9344744123858014 neg 0.0387184793974737 off 0.02680710821672491	false	1.0
missgeburt	off 1.0	off 1.0	off 0.5032204234282531 __DUMMY__ 0.46637426409080124 neg 0.030405312480945745	false	1.0
arbeitslos	neg 1.0		__DUMMY__ 0.9345107292916212 neg 0.03788765746611278 off 0.027601613242266003	false	1.0
befallen	neg 1.0		__DUMMY__ 0.9307388172919188 neg 0.04145580902129228 off 0.027805373686789005	false	1.0
miesepetrig	off 1.0		__DUMMY__ 0.9366255434849767 off 0.03189401254058835 neg 0.03148044397443492	false	1.0
alarmieren	neg 1.0		__DUMMY__ 0.9324695476994659 neg 0.03509730428189682 off 0.032433148018637344	false	1.0
ungeduscht	off 1.0		__DUMMY__ 0.9368859613572803 neg 0.03301766323799646 off 0.030096375404723225	false	0.5
knappheit	neg 1.0		__DUMMY__ 0.9363678155148283 neg 0.035949090438680886 off 0.027683094046490827	false	1.0
schlange	neg 1.0		__DUMMY__ 0.937728706153429 neg 0.032920776348029 off 0.029350517498542134	false	1.0
harsch	neg 1.0		__DUMMY__ 0.9347421274700547 off 0.036334433907469314 neg 0.02892343862247596	false	0.5
lang	neg 1.0		__DUMMY__ 0.9359040000002565 neg 0.034479854154842005 off 0.029616145844901434	false	1.0
ziellos	neg 1.0		__DUMMY__ 0.936798066658218 neg 0.036251506735079896 off 0.02695042660670204	false	1.0
selbstverliebt	neg 1.0		__DUMMY__ 0.9268133357619908 off 0.03998506566628284 neg 0.03320159857172644	false	0.5
beseitigen	neg 1.0		__DUMMY__ 0.9383412823033096 neg 0.03235076311243106 off 0.029307954584259374	false	1.0
dumm	off 1.0		__DUMMY__ 0.9311021917640541 off 0.03634046205447358 neg 0.0325573461814724	false	1.0
arbeitsloser	neg 1.0		__DUMMY__ 0.9349568139238299 neg 0.03796951079725301 off 0.027073675278917114	false	1.0
blitzen	neg 1.0		__DUMMY__ 0.934456921815568 neg 0.03420193732132726 off 0.031341140863104765	false	1.0
hilflos	neg 1.0		__DUMMY__ 0.9363178959431547 neg 0.036167262252255895 off 0.027514841804589366	false	1.0
eklig	off 1.0		__DUMMY__ 0.930913272610735 off 0.03687105617740257 neg 0.03221567121186252	false	1.0
begriff			__DUMMY__ 0.9353640555307392 neg 0.03670377497790359 off 0.027932169491357225	false	0.0
hungersnot	neg 1.0		__DUMMY__ 0.9298066489149756 neg 0.040930239266218235 off 0.029263111818806305	false	1.0
ungesetzlich	neg 1.0		__DUMMY__ 0.9300257904676247 neg 0.03851775017821273 off 0.03145645935416251	false	1.0
verschwendung	neg 1.0		__DUMMY__ 0.9364361996941828 neg 0.037650694214342126 off 0.02591310609147503	false	1.0
schmerzvoll	neg 1.0		__DUMMY__ 0.9361721957492259 neg 0.03413243767465051 off 0.029695366576123455	false	1.0
vorzeitig	neg 1.0		__DUMMY__ 0.9348391857467632 neg 0.032805306410408075 off 0.03235550784282868	false	1.0
unvollkommenheit	neg 1.0		__DUMMY__ 0.9358735870663851 neg 0.03525394106523224 off 0.028872471868382564	false	1.0
intervenieren	neg 1.0		__DUMMY__ 0.9330074346325808 neg 0.04019998672894355 off 0.026792578638475523	false	1.0
banause	off 1.0		__DUMMY__ 0.9300665306501497 off 0.03783808149822428 neg 0.03209538785162611	false	1.0
rebell	neg 1.0		__DUMMY__ 0.9390586562952176 neg 0.03609397673562408 off 0.024847366969158294	false	1.0
unlogisch	neg 1.0		__DUMMY__ 0.932326104581199 off 0.034052079116231926 neg 0.03362181630256901	false	0.5
leiden	neg 1.0	neg 1.0	neg 0.49793251414015316 __DUMMY__ 0.47968844641546476 off 0.022379039444382035	false	1.0
abschaffung	neg 1.0		__DUMMY__ 0.9331976710719639 neg 0.037049994029586426 off 0.02975233489844962	false	1.0
sturz	neg 1.0		__DUMMY__ 0.9324830668872158 neg 0.037418510248224804 off 0.030098422864559337	false	1.0
verkleinerung	neg 1.0		__DUMMY__ 0.9314174962890327 neg 0.036730273717122904 off 0.03185222999384448	false	1.0
schmarotzer	off 1.0		__DUMMY__ 0.9333598600094292 neg 0.03926758192035958 off 0.027372558070211196	false	0.5
bestrafung	neg 1.0		__DUMMY__ 0.9339220441589499 neg 0.03632819225143127 off 0.029749763589618946	false	1.0
achtlos	neg 1.0		__DUMMY__ 0.9371650982909449 neg 0.03456519048045664 off 0.028269711228598497	false	1.0
