unsolidarisch	neg 1.0		__DUMMY__ 0.9286542133338423 neg 0.04129493052280197 off 0.030050856143355675	false	1.0
nachteilig	neg 1.0		__DUMMY__ 0.9365468767948145 neg 0.03621537613750605 off 0.02723774706767952	false	1.0
skeptisch	neg 1.0		__DUMMY__ 0.9373994821938648 neg 0.037298371635342435 off 0.02530214617079264	false	1.0
schrecklich	neg 1.0		__DUMMY__ 0.9333226873163802 off 0.03435041218072629 neg 0.03232690050289355	false	0.5
schlapp	neg 1.0		__DUMMY__ 0.9377462161649384 neg 0.03126040790339969 off 0.030993375931661984	false	1.0
abfall	neg 1.0		__DUMMY__ 0.9383226649342987 neg 0.03747373649917291 off 0.024203598566528338	false	1.0
widerspenstig	neg 1.0		__DUMMY__ 0.9385874706397073 neg 0.03334317841493247 off 0.028069350945360217	false	1.0
abrupt	neg 1.0		__DUMMY__ 0.9405202207497291 neg 0.03221852075849308 off 0.027261258491777903	false	1.0
unwirksam	neg 1.0		__DUMMY__ 0.9318470924738059 neg 0.03859649057729295 off 0.02955641694890108	false	1.0
angreifen	neg 1.0		__DUMMY__ 0.9353196868187297 neg 0.03818662137033163 off 0.026493691810938646	false	1.0
inkonsistent	neg 1.0		__DUMMY__ 0.9354783394376193 neg 0.034410934705174395 off 0.03011072585720629	false	1.0
abrutschen	neg 1.0		__DUMMY__ 0.9387597195785891 neg 0.037016642247497254 off 0.0242236381739137	false	1.0
unsicher	neg 1.0		__DUMMY__ 0.9370230310115433 neg 0.03433208513832511 off 0.02864488385013168	false	1.0
bauernkind	off 1.0		__DUMMY__ 0.9298719134352641 off 0.03657192775977063 neg 0.03355615880496523	false	1.0
angreifer	neg 1.0		__DUMMY__ 0.9329810410578517 neg 0.035791872002227075 off 0.031227086939921236	false	1.0
trennen	neg 1.0		__DUMMY__ 0.9402700982904033 neg 0.03431882009455888 off 0.025411081615037835	false	1.0
schmutz	neg 1.0		__DUMMY__ 0.9410239079917868 off 0.03170003689480703 neg 0.027276055113406222	false	0.5
inkonsistenz	neg 1.0	neg 1.0	neg 0.5029111300539943 __DUMMY__ 0.4687973810647505 off 0.0282914888812552	false	1.0
erschreckend	neg 1.0		__DUMMY__ 0.9351673658914063 neg 0.036763612184348815 off 0.02806902192424502	false	1.0
ertrinken	neg 1.0		__DUMMY__ 0.9380961618354164 neg 0.03549127875344969 off 0.026412559411133803	false	1.0
pickelface	off 1.0		__DUMMY__ 0.9339905035227419 neg 0.036483405745457005 off 0.02952609073180102	false	0.5
seiner			__DUMMY__ 0.9366048629430139 neg 0.03726421035992349 off 0.026130926697062566	false	0.0
lauch	neg 1.0		__DUMMY__ 0.9384709000740188 neg 0.036707789257444244 off 0.02482131066853693	false	1.0
unwichtig	neg 1.0		__DUMMY__ 0.9347338009214095 neg 0.03355712595496264 off 0.03170907312362793	false	1.0
steuerhinterziehung	neg 1.0		__DUMMY__ 0.932108459944827 neg 0.0390304036842174 off 0.028861136370955463	false	1.0
schock	neg 1.0		__DUMMY__ 0.9396699775225639 neg 0.03308593616913781 off 0.0272440863082983	false	1.0
beule	neg 1.0		__DUMMY__ 0.9373170408663598 off 0.03178572661857958 neg 0.030897232515060626	false	0.5
vergelten	neg 1.0		__DUMMY__ 0.9312116294267344 off 0.03577528114920127 neg 0.03301308942406433	false	0.5
verdorbenheit	neg 1.0		__DUMMY__ 0.9386360488254809 neg 0.03234788801460818 off 0.029016063159910885	false	1.0
trauma	neg 1.0		__DUMMY__ 0.935322286893569 neg 0.03475179612882761 off 0.029925916977603415	false	1.0
sinnlos	neg 1.0		__DUMMY__ 0.9353937786313561 neg 0.034457352155697826 off 0.030148869212945986	false	1.0
fettsack	off 1.0	off 1.0	off 0.5025816278564988 __DUMMY__ 0.4677644441706065 neg 0.02965392797289469	false	1.0
feige	off 1.0		__DUMMY__ 0.9322676164675494 neg 0.03612544349122303 off 0.03160694004122757	false	0.5
abdanken	neg 1.0		__DUMMY__ 0.9292968923067084 neg 0.041410384088992974 off 0.029292723604298628	false	1.0
wichtigtuer	off 1.0	off 1.0	off 0.49747100584412723 __DUMMY__ 0.46858487633384144 neg 0.03394411782203137	false	1.0
misslingen	neg 1.0		__DUMMY__ 0.9382109830408545 neg 0.03211857580481853 off 0.029670441154326998	false	1.0
untreu	off 1.0		__DUMMY__ 0.9342989283507513 neg 0.0335501701292039 off 0.032150901520044683	false	0.5
missmutig	neg 1.0		__DUMMY__ 0.9364972777472523 neg 0.03257299954505039 off 0.030929722707697293	false	1.0
hurenbock	off 1.0		__DUMMY__ 0.9399028143326865 neg 0.03112602953891485 off 0.028971156128398564	false	0.5
betrunken	neg 1.0		__DUMMY__ 0.9357821551494945 off 0.03269815333651601 neg 0.031519691513989465	false	0.5
korrupt	off 1.0		__DUMMY__ 0.9309932303119045 neg 0.04088984050293058 off 0.028116929185164934	false	0.5
unmut	neg 1.0		__DUMMY__ 0.9367860055629134 neg 0.03830586655961006 off 0.0249081278774766	false	1.0
hackfresse	off 1.0		__DUMMY__ 0.9320401028977396 off 0.03657212495796092 neg 0.031387772144299386	false	1.0
aufblasen	neg 1.0		__DUMMY__ 0.937983730338733 neg 0.03276643637629591 off 0.02924983328497119	false	1.0
gewaltsam	neg 1.0		__DUMMY__ 0.9326085149193831 neg 0.037525123174334964 off 0.02986636190628193	false	1.0
unbeliebtheit	neg 1.0		__DUMMY__ 0.9272770653237093 neg 0.038771571494076854 off 0.03395136318221385	false	1.0
sturheit	neg 1.0		__DUMMY__ 0.9332060882542847 neg 0.038352636495369956 off 0.028441275250345264	false	1.0
kuh	neg 1.0		__DUMMY__ 0.9357034173428033 neg 0.0349518202067267 off 0.02934476245047005	false	1.0
erschrecken	neg 1.0		__DUMMY__ 0.9359245354906182 neg 0.03324564214227918 off 0.030829822367102622	false	1.0
opfer	neg 1.0	neg 1.0	neg 0.5044688932403402 __DUMMY__ 0.47130812120222754 off 0.024222985557432228	false	1.0
sinken	neg 1.0		__DUMMY__ 0.9373634281381295 neg 0.03749591413480685 off 0.02514065772706367	false	1.0
stinktier	neg 1.0		__DUMMY__ 0.9323901286833168 off 0.03455329428687485 neg 0.033056577029808396	false	0.5
tucke	off 1.0		__DUMMY__ 0.9339568331562895 off 0.036519019293157 neg 0.029524147550553485	false	1.0
ein			__DUMMY__ 0.9400549372583957 neg 0.03142074182410822 off 0.028524320917496043	false	0.0
abstieg	neg 1.0		__DUMMY__ 0.9337551397822147 neg 0.03820658457207238 off 0.028038275645712943	false	1.0
missverstehen	neg 1.0		__DUMMY__ 0.9330659445848013 neg 0.03667281230326297 off 0.030261243111935756	false	1.0
ergebnislos	neg 1.0		__DUMMY__ 0.9350191407139377 neg 0.03734896726278451 off 0.027631892023277864	false	1.0
unter			__DUMMY__ 0.944056017782978 neg 0.03453679733157292 off 0.02140718488544912	false	0.0
manipulieren	neg 1.0		__DUMMY__ 0.9362463105886674 neg 0.03742351909838333 off 0.02633017031294924	false	1.0
unbewiesen	neg 1.0		__DUMMY__ 0.929179866718045 neg 0.04087284742496291 off 0.02994728585699211	false	1.0
verschleppen	neg 1.0		__DUMMY__ 0.9344254634948524 neg 0.03804851469866775 off 0.02752602180647983	false	1.0
weib	off 1.0		__DUMMY__ 0.9313814646839446 off 0.0374268779779727 neg 0.031191657338082792	false	1.0
opposition	neg 1.0		__DUMMY__ 0.9311468216590221 neg 0.03867573237499449 off 0.030177445965983454	false	1.0
verkehrswidrig	neg 1.0		__DUMMY__ 0.9355797212719684 off 0.0349631300594712 neg 0.029457148668560362	false	0.5
inkorrekt	neg 1.0		__DUMMY__ 0.9296050907292257 neg 0.03750791226642793 off 0.03288699700434634	false	1.0
vermeiden	neg 1.0		__DUMMY__ 0.9421472106544284 neg 0.03478381195908285 off 0.023068977386488755	false	1.0
abweichung	neg 1.0		__DUMMY__ 0.9328870554215284 neg 0.03928000558514499 off 0.027832938993326714	false	1.0
alkoholisiert	neg 1.0		__DUMMY__ 0.9395526350680409 neg 0.03376548032833317 off 0.02668188460362594	false	1.0
scheiss	off 1.0	off 1.0	off 0.4993632521442159 __DUMMY__ 0.4714359496410329 neg 0.029200798214751206	false	1.0
herausforderung	neg 1.0		__DUMMY__ 0.9421957125936365 neg 0.030922555998491984 off 0.026881731407871534	false	1.0
pervers	off 1.0		__DUMMY__ 0.9305241570607157 off 0.03929203754360857 neg 0.030183805395675768	false	1.0
wackelig	neg 1.0		__DUMMY__ 0.9415153069240846 neg 0.03193454140796957 off 0.026550151667945797	false	1.0
verwickeln	neg 1.0		__DUMMY__ 0.9342152484307037 neg 0.0357303380158303 off 0.03005441355346602	false	1.0
vorwand	neg 1.0		__DUMMY__ 0.9354885453647256 neg 0.03905899017564701 off 0.025452464459627455	false	1.0
muschi	off 1.0		__DUMMY__ 0.9334127794441645 neg 0.03729873674352299 off 0.029288483812312527	false	0.5
entmutigung	neg 1.0		__DUMMY__ 0.9264827486022382 neg 0.041990883023048244 off 0.03152636837471362	false	1.0
unangemessen	neg 1.0		__DUMMY__ 0.9330714979491236 neg 0.039286068043849785 off 0.027642434007026692	false	1.0
unstetig	neg 1.0		__DUMMY__ 0.9346697090851815 neg 0.0341732797379942 off 0.031157011176824213	false	1.0
entmutigen	neg 1.0		__DUMMY__ 0.936557924752189 neg 0.03406939823246441 off 0.02937267701534662	false	1.0
schwanz	neg 1.0		__DUMMY__ 0.9363830389701674 neg 0.0361818124700601 off 0.02743514855977254	false	1.0
verbot	neg 1.0		__DUMMY__ 0.9321951007381021 neg 0.03939604182374843 off 0.02840885743814957	false	1.0
leid	neg 1.0		__DUMMY__ 0.9330214480184198 off 0.03532466805015149 neg 0.03165388393142866	false	0.5
archaisch	neg 1.0		__DUMMY__ 0.9336066963370869 neg 0.03854685336764706 off 0.027846450295266077	false	1.0
gegen			__DUMMY__ 0.9344347317425242 neg 0.03959417791343306 off 0.025971090344042706	false	0.0
scheidung	neg 1.0	neg 1.0	neg 0.49110622834845313 __DUMMY__ 0.4682212965143913 off 0.04067247513715561	false	1.0
einschlag	neg 1.0		__DUMMY__ 0.9318385011796221 off 0.03510779119664824 neg 0.03305370762372962	false	0.5
m			__DUMMY__ 0.9380348277792383 neg 0.03426648195350391 off 0.027698690267257804	false	0.0
abgestanden	neg 1.0		__DUMMY__ 0.9397016350161213 neg 0.03244265475873261 off 0.0278557102251462	false	1.0
schmierig	off 1.0		__DUMMY__ 0.9341534546711313 off 0.034527569652134625 neg 0.031318975676734064	false	1.0
unpraktisch	neg 1.0		__DUMMY__ 0.938893299673999 neg 0.03209522447069754 off 0.029011475855303396	false	1.0
wixxer	off 1.0		__DUMMY__ 0.9290914608929844 off 0.03949971997832371 neg 0.03140881912869181	false	1.0
bezeichnet			__DUMMY__ 0.9334838092117832 neg 0.037949705668224316 off 0.028566485119992456	false	0.0
jammerlappen	off 1.0		__DUMMY__ 0.9343882922399149 neg 0.033961254469800126 off 0.03165045329028492	false	0.5
farce	neg 1.0		__DUMMY__ 0.929056908059185 neg 0.04209975154772895 off 0.028843340393086125	false	1.0
zwecklos	neg 1.0		__DUMMY__ 0.9340904181799652 neg 0.03857531711825428 off 0.02733426470178055	false	1.0
turbulent	neg 1.0		__DUMMY__ 0.9329280036520516 off 0.03411360997069806 neg 0.03295838637725031	false	0.5
invasion	neg 1.0		__DUMMY__ 0.9368906597564225 neg 0.032379266763888755 off 0.030730073479688723	false	1.0
schuld	neg 1.0		__DUMMY__ 0.9348346696015669 neg 0.03576263685541848 off 0.029402693543014554	false	1.0
risiko	neg 1.0		__DUMMY__ 0.9393606009340192 off 0.030779235917573058 neg 0.029860163148407757	false	0.5
finster	neg 1.0		__DUMMY__ 0.9395472693912705 neg 0.03227254924515117 off 0.028180181363578225	false	1.0
geisteskrank	off 1.0		__DUMMY__ 0.9307679653073789 neg 0.0361756246921966 off 0.03305641000042447	false	0.5
zusammenbrechen	neg 1.0		__DUMMY__ 0.9376945504638001 neg 0.03452966947263624 off 0.027775780063563613	false	1.0
ausbeute	neg 1.0		__DUMMY__ 0.9397728570382586 neg 0.03383770837256637 off 0.026389434589174976	false	1.0
hinterhalt	neg 1.0		__DUMMY__ 0.935012986625356 neg 0.03562790110524239 off 0.029359112269401508	false	1.0
kritik	neg 1.0		__DUMMY__ 0.9304205734113341 neg 0.040803304830610204 off 0.028776121758055714	false	1.0
einschrumpfen	neg 1.0		__DUMMY__ 0.9309344194122803 neg 0.03739764433675122 off 0.03166793625096848	false	1.0
riskant	neg 1.0		__DUMMY__ 0.9368353963793734 neg 0.036777181860902744 off 0.02638742175972379	false	1.0
frustrieren	neg 1.0		__DUMMY__ 0.9360169071908067 neg 0.03758854609993186 off 0.02639454670926157	false	1.0
groll	neg 1.0		__DUMMY__ 0.9345038200176367 neg 0.03804097213340823 off 0.027455207848955072	false	1.0
gibt			__DUMMY__ 0.9362147317461293 neg 0.03611707351969756 off 0.027668194734173087	false	0.0
qualvoll	neg 1.0		__DUMMY__ 0.9364244928288722 neg 0.033601756178890045 off 0.02997375099223783	false	1.0
wackeln	neg 1.0		__DUMMY__ 0.9392365416715479 neg 0.03193346497040298 off 0.028829993358049148	false	1.0
klagen	neg 1.0		__DUMMY__ 0.9353475118353383 neg 0.039197956347761326 off 0.02545453181690046	false	1.0
bankrott	neg 1.0		__DUMMY__ 0.9361756284379216 neg 0.03224445174960399 off 0.031579919812474454	false	1.0
trauern	neg 1.0		__DUMMY__ 0.9360882821848276 neg 0.03744113656395005 off 0.026470581251222248	false	1.0
ablehnung	neg 1.0	neg 1.0	neg 0.5066517227015441 __DUMMY__ 0.4672841170977653 off 0.02606416020069052	false	1.0
stur	neg 1.0		__DUMMY__ 0.9351550150479171 neg 0.03522268230799746 off 0.029622302644085476	false	1.0
aufruhr	neg 1.0		__DUMMY__ 0.9314863259293575 neg 0.03887794435112309 off 0.029635729719519402	false	1.0
melancholie	neg 1.0		__DUMMY__ 0.9398915942312676 neg 0.033486167481508074 off 0.02662223828722435	false	1.0
ist			__DUMMY__ 0.9348806407459609 neg 0.03543079388187682 off 0.029688565372162353	false	0.0
torheit	neg 1.0		__DUMMY__ 0.9292227071586666 neg 0.04053476902371232 off 0.030242523817621013	false	1.0
dreckskind	off 1.0		__DUMMY__ 0.9288059148867347 off 0.03615413530056691 neg 0.035039949812698486	false	1.0
umtauschen	neg 1.0		__DUMMY__ 0.9388045272227339 neg 0.033349336753774994 off 0.02784613602349114	false	1.0
zum			__DUMMY__ 0.9440250210078408 neg 0.032767511032351614 off 0.023207467959807646	false	0.0
zersetzen	neg 1.0		__DUMMY__ 0.9357156436080399 neg 0.03838511425625884 off 0.025899242135701207	false	1.0
zur			__DUMMY__ 0.9380771711910347 neg 0.038232418902068084 off 0.023690409906897286	false	0.0
frust	neg 1.0		__DUMMY__ 0.9365901995201051 neg 0.035702264594421246 off 0.02770753588547357	false	1.0
unerbittlichkeit	neg 1.0		__DUMMY__ 0.9350729447900535 neg 0.03838283125465857 off 0.02654422395528794	false	1.0
zwei			__DUMMY__ 0.9416445728215407 neg 0.03392779470439473 off 0.02442763247406463	false	0.0
unkorrekt	neg 1.0		__DUMMY__ 0.9301592615007492 neg 0.03669928136951632 off 0.03314145712973448	false	1.0
hexe	off 1.0		__DUMMY__ 0.9355199898776295 neg 0.03287488735892999 off 0.03160512276344047	false	0.5
lasch	neg 1.0		__DUMMY__ 0.9325128970458687 neg 0.03641696699352873 off 0.031070135960602638	false	1.0
rivale	neg 1.0		__DUMMY__ 0.932651824359042 off 0.03467969071977604 neg 0.032668484921182	false	0.5
mutlos	off 1.0	off 1.0	off 0.49479134418067916 __DUMMY__ 0.46940444688285815 neg 0.03580420893646261	false	1.0
wirr	off 1.0		__DUMMY__ 0.9308426206186282 neg 0.03513523680512629 off 0.03402214257624541	false	0.5
jahr			__DUMMY__ 0.9410451691412488 neg 0.0330444898282808 off 0.025910341030470387	false	0.0
wird			__DUMMY__ 0.9365265127561196 neg 0.03680267818445132 off 0.02667080905942907	false	0.0
strafbar	neg 1.0		__DUMMY__ 0.9330328994799358 neg 0.040077195429183005 off 0.026889905090881117	false	1.0
erosion	neg 1.0		__DUMMY__ 0.9374572992060743 neg 0.03296427759883997 off 0.029578423195085714	false	1.0
eingehen	neg 1.0		__DUMMY__ 0.9346852870681616 neg 0.03817069727774574 off 0.027144015654092687	false	1.0
faul	off 1.0		__DUMMY__ 0.9383350399240612 off 0.030926722706606558 neg 0.030738237369332323	false	1.0
provisorium	neg 1.0		__DUMMY__ 0.9423402258792467 neg 0.03661904788910652 off 0.021040726231646725	false	1.0
schmerzen	neg 1.0		__DUMMY__ 0.9380569489528782 neg 0.03458991122004919 off 0.027353139827072683	false	1.0
schrumpfen	neg 1.0		__DUMMY__ 0.9390924020217942 neg 0.03751727782002429 off 0.023390320158181457	false	1.0
geistlos	off 1.0		__DUMMY__ 0.9289174740781653 neg 0.03976828130746424 off 0.031314244614370546	false	0.5
fehlkauf	neg 1.0		__DUMMY__ 0.9334742059057203 neg 0.035752113452609105 off 0.0307736806416707	false	1.0
frustrierend	neg 1.0		__DUMMY__ 0.935972693387554 neg 0.03311803981080424 off 0.030909266801641792	false	1.0
unzufrieden	neg 1.0		__DUMMY__ 0.9356409177352049 neg 0.037043722925511814 off 0.027315359339283245	false	1.0
verzweifeln	neg 1.0		__DUMMY__ 0.936809440506138 neg 0.03488954743378905 off 0.028301012060072888	false	1.0
verzweifelt	neg 1.0		__DUMMY__ 0.9351463939178721 neg 0.0353415186924328 off 0.029512087389695144	false	1.0
misstrauensantrag	neg 1.0		__DUMMY__ 0.933167482048451 neg 0.03618543388672762 off 0.030647084064821473	false	1.0
abfallen	neg 1.0		__DUMMY__ 0.9402264129345246 neg 0.03112318511611758 off 0.028650401949357775	false	1.0
fucker	off 1.0		__DUMMY__ 0.9319086955179312 off 0.03413485358771419 neg 0.033956450894354534	false	1.0
ungezogen	neg 1.0		__DUMMY__ 0.9323330085609469 off 0.037483869933519286 neg 0.030183121505533806	false	0.5
irrsinnig	neg 1.0	neg 1.0	neg 0.5034820873653895 __DUMMY__ 0.4698378303943043 off 0.026680082240306203	false	1.0
unfassbar	neg 1.0		__DUMMY__ 0.9343261434284723 neg 0.03374737664955846 off 0.031926479921969196	false	1.0
hart	neg 1.0		__DUMMY__ 0.9341157209659363 neg 0.034063161779469255 off 0.03182111725459438	false	1.0
widerlich	off 1.0		__DUMMY__ 0.932625709797826 neg 0.03476026646891038 off 0.032614023733263636	false	0.5
fatal	neg 1.0		__DUMMY__ 0.9341641547068348 neg 0.0350983879385452 off 0.03073745735462004	false	1.0
bruch	neg 1.0		__DUMMY__ 0.9338981482196296 neg 0.040825100592311876 off 0.025276751188058555	false	1.0
aushungern	neg 1.0		__DUMMY__ 0.9312417527730911 neg 0.039014211976039104 off 0.029744035250869796	false	1.0
anspannung	neg 1.0		__DUMMY__ 0.9403378559266624 neg 0.03549703700512365 off 0.02416510706821396	false	1.0
von			__DUMMY__ 0.9404673366010393 neg 0.03420456496570723 off 0.02532809843325349	false	0.0
kraftlos	neg 1.0		__DUMMY__ 0.9404485795373514 neg 0.03297790890857973 off 0.026573511554068827	false	1.0
vom			__DUMMY__ 0.9431121411585927 neg 0.03521750464379093 off 0.021670354197616416	false	0.0
grenzdebil	off 1.0		__DUMMY__ 0.9351627521260585 off 0.03255432054136931 neg 0.032282927332572306	false	1.0
vor			__DUMMY__ 0.9389866970747373 neg 0.03610245153606396 off 0.024910851389198775	false	0.0
unterwerfen	neg 1.0		__DUMMY__ 0.9346119807312945 neg 0.03851012477650082 off 0.026877894492204665	false	1.0
versenkung	neg 1.0		__DUMMY__ 0.9360680274287555 neg 0.03735768021806317 off 0.026574292353181272	false	1.0
entziehen	neg 1.0		__DUMMY__ 0.935968740706971 neg 0.038933026943713915 off 0.02509823234931502	false	1.0
finanzkrise	neg 1.0		__DUMMY__ 0.9315050292994597 neg 0.039399771186247746 off 0.02909519951429254	false	1.0
schimpfend	neg 1.0		__DUMMY__ 0.9411320312303594 neg 0.029917369842691704 off 0.028950598926948876	false	1.0
profan	neg 1.0		__DUMMY__ 0.9354629364310068 neg 0.03452546749137211 off 0.030011596077621088	false	1.0
korruption	neg 1.0		__DUMMY__ 0.9317820373174786 neg 0.04015569176121241 off 0.02806227092130899	false	1.0
â			__DUMMY__ 0.9376470177149605 neg 0.03524970226540199 off 0.02710328001963751	false	0.0
schmutzig	neg 1.0		__DUMMY__ 0.9371039711145135 off 0.03203394919359972 neg 0.030862079691886757	false	0.5
sexy	neg 1.0		__DUMMY__ 0.9351225563599781 neg 0.0333973199361938 off 0.03148012370382817	false	1.0
abraten	neg 1.0		__DUMMY__ 0.9370170616508563 neg 0.03368949925604135 off 0.02929343909310233	false	1.0
schwarz	neg 1.0		__DUMMY__ 0.9348466146004906 neg 0.035058262706491365 off 0.030095122693018096	false	1.0
fotze	off 1.0		__DUMMY__ 0.9341465745704822 neg 0.03785378973088191 off 0.02799963569863588	false	0.5
verwirren	neg 1.0		__DUMMY__ 0.9351891200125336 neg 0.03418064941964214 off 0.030630230567824338	false	1.0
zahnlos	off 1.0		__DUMMY__ 0.9338518537680379 neg 0.0385292446140331 off 0.027618901617928935	false	0.5
verheeren	neg 1.0		__DUMMY__ 0.9292798998172954 off 0.03938551246535883 neg 0.03133458771734574	false	0.5
hippie	neg 1.0		__DUMMY__ 0.9346551343557641 neg 0.033923253097033756 off 0.03142161254720217	false	1.0
rammen	neg 1.0		__DUMMY__ 0.9371934979152053 neg 0.03264288938011379 off 0.030163612704680903	false	1.0
unlauter	neg 1.0	neg 1.0	neg 0.5021632062739214 __DUMMY__ 0.4699260557209672 off 0.027910738005111367	false	1.0
unheilvoll	neg 1.0		__DUMMY__ 0.9369392506431233 neg 0.03349494136497155 off 0.0295658079919051	false	1.0
niedrig	neg 1.0		__DUMMY__ 0.9371525659393334 neg 0.03590021882147153 off 0.026947215239195098	false	1.0
explosion	neg 1.0		__DUMMY__ 0.9362742056022871 neg 0.03282707419562546 off 0.030898720202087424	false	1.0
weichei	off 1.0		__DUMMY__ 0.9322993409009449 off 0.03576072714804926 neg 0.0319399319510059	false	1.0
minusmensch	off 1.0		__DUMMY__ 0.926033846314053 off 0.039464473771659694 neg 0.03450167991428725	false	1.0
farblos	neg 1.0		__DUMMY__ 0.9360647265359526 neg 0.03497065542200008 off 0.028964618042047335	false	1.0
unwissend	neg 1.0	neg 1.0	neg 0.5018596242899396 __DUMMY__ 0.46900673853061803 off 0.02913363717944242	false	1.0
traurig	neg 1.0		__DUMMY__ 0.9348067374342524 off 0.03362208182577495 neg 0.031571180739972615	false	0.5
senkung	neg 1.0		__DUMMY__ 0.9351990983859082 neg 0.03401049003124854 off 0.03079041158284327	false	1.0
ungleich	neg 1.0	neg 1.0	neg 0.5052126066896044 __DUMMY__ 0.47046747069360373 off 0.02431992261679187	false	1.0
heikel	neg 1.0		__DUMMY__ 0.9362205080086216 neg 0.03799767877958796 off 0.025781813211790575	false	1.0
drosselung	neg 1.0		__DUMMY__ 0.9356772742616595 off 0.03366529420169508 neg 0.030657431536645453	false	0.5
falsch	neg 1.0		__DUMMY__ 0.9350025613862624 neg 0.033772923530466556 off 0.031224515083271006	false	1.0
unzufriedenheit	neg 1.0		__DUMMY__ 0.935838194557996 neg 0.038345765700369426 off 0.025816039741634562	false	1.0
kurz	neg 1.0		__DUMMY__ 0.9395662415123254 neg 0.033181663894940844 off 0.027252094592733877	false	1.0
unsinnig	neg 1.0		__DUMMY__ 0.9351586082389856 neg 0.037267114526981955 off 0.027574277234032545	false	1.0
penner	off 1.0	off 1.0	off 0.5037120138392781 __DUMMY__ 0.46811985368642794 neg 0.028168132474294033	false	1.0
seicht	neg 1.0		__DUMMY__ 0.9290984523064508 off 0.03782996090016855 neg 0.0330715867933806	false	0.5
dummheit	off 1.0	off 1.0	off 0.4979013498846161 __DUMMY__ 0.46870217371657863 neg 0.03339647639880528	false	1.0
unerfreulich	neg 1.0		__DUMMY__ 0.9378136821477444 neg 0.036918792358176626 off 0.025267525494078964	false	1.0
motherfucker	off 1.0	off 1.0	off 0.5011601554340867 __DUMMY__ 0.46821567273851383 neg 0.030624171827399474	false	1.0
pikiert	neg 1.0		__DUMMY__ 0.9328597141032378 neg 0.03538695430369358 off 0.03175333159306861	false	1.0
wrack	neg 1.0		__DUMMY__ 0.9375645849689757 neg 0.035443249457786166 off 0.026992165573238143	false	1.0
gangster	neg 1.0		__DUMMY__ 0.9349270362431004 neg 0.03426442333036871 off 0.03080854042653088	false	1.0
krank	neg 1.0		__DUMMY__ 0.9372082672316957 off 0.03218326353791502 neg 0.03060846923038931	false	0.5
reich	neg 1.0		__DUMMY__ 0.9276334948685327 neg 0.03960420531503727 off 0.03276229981643	false	1.0
gnadenlos	neg 1.0		__DUMMY__ 0.9351582253703383 neg 0.03534727575765218 off 0.029494498872009466	false	1.0
niedergeschlagen	neg 1.0		__DUMMY__ 0.9373993043363628 neg 0.03496948003160523 off 0.027631215632032028	false	1.0
terrorisieren	off 1.0	off 1.0	off 0.49435427784066166 __DUMMY__ 0.4714261707996574 neg 0.03421955135968102	false	1.0
sinnlosigkeit	neg 1.0		__DUMMY__ 0.934292897551462 neg 0.038138757751795795 off 0.027568344696742176	false	1.0
behindern	neg 1.0		__DUMMY__ 0.9376421777808815 neg 0.03393884674326017 off 0.028418975475858324	false	1.0
undemokratisch	neg 1.0		__DUMMY__ 0.930668208422405 neg 0.03889700216969922 off 0.03043478940789574	false	1.0
wirtschaftskrise	neg 1.0		__DUMMY__ 0.9332853192942074 neg 0.03886406371658677 off 0.027850616989205774	false	1.0
neid	neg 1.0		__DUMMY__ 0.9372574674958633 neg 0.03217178294313809 off 0.030570749560998662	false	1.0
rutschen	neg 1.0		__DUMMY__ 0.9444199104811496 neg 0.03239066800019904 off 0.02318942151865133	false	1.0
rezession	neg 1.0		__DUMMY__ 0.9297972879799937 off 0.03543554324395667 neg 0.03476716877604966	false	0.5
fehlgeburt	neg 1.0		__DUMMY__ 0.9345621141260634 neg 0.03663068879694182 off 0.02880719707699481	false	1.0
charakterschwach	off 1.0		__DUMMY__ 0.9330212202954742 neg 0.034389134063822865 off 0.03258964564070298	false	0.5
isolation	neg 1.0		__DUMMY__ 0.934910085302842 neg 0.0330470689301036 off 0.03204284576705434	false	1.0
ablenkung	neg 1.0		__DUMMY__ 0.9371322847041927 neg 0.03407482453933742 off 0.028792890756469944	false	1.0
pech	neg 1.0		__DUMMY__ 0.936811128668713 neg 0.03303494275855646 off 0.030153928572730544	false	1.0
vermeidung	neg 1.0		__DUMMY__ 0.9364729619411967 off 0.03285777793762541 neg 0.030669260121177926	false	0.5
dominieren	neg 1.0		__DUMMY__ 0.93619471660857 neg 0.03575306430932865 off 0.028052219082101357	false	1.0
schwindlig	neg 1.0		__DUMMY__ 0.9388326416396398 neg 0.03133314359553081 off 0.029834214764829396	false	1.0
lutscher	neg 1.0		__DUMMY__ 0.9300747773759381 off 0.03799977596447456 neg 0.031925446659587256	false	0.5
pflicht	neg 1.0		__DUMMY__ 0.9355414774275352 neg 0.03859074467221029 off 0.025867777900254522	false	1.0
faschist	off 1.0		__DUMMY__ 0.9293936101310835 neg 0.03957118313891101 off 0.03103520673000551	false	0.5
verschleudern	neg 1.0		__DUMMY__ 0.9337545223148421 neg 0.03881905673472119 off 0.027426420950436656	false	1.0
wenn			__DUMMY__ 0.934802534940822 neg 0.03398358841075476 off 0.03121387664842327	false	0.0
ehebruch	neg 1.0		__DUMMY__ 0.9334209216257886 neg 0.03934116773724555 off 0.02723791063696586	false	1.0
spott	off 1.0		__DUMMY__ 0.9341623567555607 neg 0.03901670053882041 off 0.02682094270561881	false	0.5
trostlosigkeit	neg 1.0		__DUMMY__ 0.9320631282465661 neg 0.04183340213957754 off 0.026103469613856324	false	1.0
lutschen	neg 1.0		__DUMMY__ 0.9331765981771524 neg 0.034923630045811636 off 0.03189977177703605	false	1.0
undiszipliniert	neg 1.0		__DUMMY__ 0.9345845111012177 off 0.0332122167787547 neg 0.03220327212002763	false	0.5
kopfschmerz	neg 1.0		__DUMMY__ 0.9374622991349024 neg 0.03459335471885564 off 0.0279443461462419	false	1.0
unvorhergesehen	neg 1.0		__DUMMY__ 0.941741776075675 neg 0.03132766896750974 off 0.02693055495681521	false	1.0
desinteressiert	neg 1.0		__DUMMY__ 0.9331291055252278 neg 0.03363980878813615 off 0.033231085686636096	false	1.0
armselig	off 1.0		__DUMMY__ 0.9320560735524794 off 0.0340523023596366 neg 0.0338916240878839	false	1.0
desaster	neg 1.0		__DUMMY__ 0.9338593076142254 neg 0.041073271448999464 off 0.025067420936775078	false	1.0
tod	neg 1.0		__DUMMY__ 0.931930015691198 neg 0.04142535610484016 off 0.026644628203961764	false	1.0
herzlos	neg 1.0		__DUMMY__ 0.9341760448156616 off 0.03416951646439611 neg 0.03165443871994224	false	0.5
unwissenheit	neg 1.0		__DUMMY__ 0.9337754186890187 neg 0.0385989977386004 off 0.027625583572380902	false	1.0
widersinnig	neg 1.0		__DUMMY__ 0.9306908982646719 neg 0.04057637563009291 off 0.028732726105235213	false	1.0
bedenklich	neg 1.0		__DUMMY__ 0.9356181592833448 neg 0.03791192951805169 off 0.02646991119860353	false	1.0
beanstanden	neg 1.0		__DUMMY__ 0.9363193608275782 neg 0.03815213770025868 off 0.025528501472163134	false	1.0
panisch	neg 1.0	neg 1.0	neg 0.49769889294794056 __DUMMY__ 0.4755788984731913 off 0.02672220857886808	false	1.0
debil	off 1.0		__DUMMY__ 0.9380166442199006 neg 0.03869500878036336 off 0.023288346999736	false	0.5
abstrich	neg 1.0		__DUMMY__ 0.9422594034627024 neg 0.030010066537445146 off 0.027730529999852527	false	1.0
primitiv	neg 1.0		__DUMMY__ 0.9325943492480369 neg 0.03437751983590036 off 0.03302813091606283	false	1.0
abschaum	off 1.0	off 1.0	off 0.4994343288221993 __DUMMY__ 0.4676583915533049 neg 0.03290727962449577	false	1.0
provozieren	neg 1.0		__DUMMY__ 0.9334066863211464 neg 0.03739390485615219 off 0.029199408822701365	false	1.0
tot	neg 1.0		__DUMMY__ 0.9343854943631243 neg 0.037812178077169946 off 0.027802327559705717	false	1.0
instabil	neg 1.0		__DUMMY__ 0.9314522301502004 off 0.03479206737306169 neg 0.033755702476737925	false	0.5
schwuchtel	off 1.0		__DUMMY__ 0.925967760272393 off 0.04192061670986483 neg 0.032111623017742126	false	1.0
zerren	neg 1.0		__DUMMY__ 0.9369261758085314 neg 0.0353843367271249 off 0.027689487464343666	false	1.0
kinderficker	off 1.0		__DUMMY__ 0.9298889457782157 off 0.035580524725213315 neg 0.03453052949657103	false	1.0
gefahr	neg 1.0		__DUMMY__ 0.934485216439505 neg 0.038441450651478914 off 0.02707333290901609	false	1.0
rabiat	neg 1.0		__DUMMY__ 0.9352199137880703 neg 0.03590179280382062 off 0.02887829340810903	false	1.0
verlangsamung	neg 1.0		__DUMMY__ 0.9304568347236052 off 0.03757447415854783 neg 0.03196869111784697	false	0.5
ausgestorben	neg 1.0		__DUMMY__ 0.9363990233844529 neg 0.03586541884398482 off 0.027735557771562218	false	1.0
anklagen	neg 1.0		__DUMMY__ 0.9336281628059795 neg 0.03751467488818883 off 0.02885716230583173	false	1.0
trott	neg 1.0		__DUMMY__ 0.9368721473652694 neg 0.03452273713551748 off 0.028605115499213088	false	1.0
verminderung	neg 1.0		__DUMMY__ 0.9338792340377823 off 0.03355915838412496 neg 0.03256160757809282	false	0.5
nach			__DUMMY__ 0.9424809234388807 neg 0.034173545083364454 off 0.023345531477754776	false	0.0
rost	neg 1.0		__DUMMY__ 0.9306636578646941 off 0.03746888319171272 neg 0.03186745894359324	false	0.5
destruktiv	neg 1.0		__DUMMY__ 0.9327790600935421 neg 0.03870648932901325 off 0.028514450577444683	false	1.0
unzumutbarkeit	neg 1.0		__DUMMY__ 0.9362208702544288 off 0.03303125981150525 neg 0.03074786993406601	false	0.5
labil	off 1.0	off 1.0	off 0.5000243781100141 __DUMMY__ 0.46850469140624335 neg 0.03147093048374261	false	1.0
ziemlich	neg 1.0		__DUMMY__ 0.9348964877150179 neg 0.03283756597664376 off 0.032265946308338386	false	1.0
lachnummer	off 1.0		__DUMMY__ 0.9329795709314158 neg 0.03838496713525527 off 0.028635461933328922	false	0.5
oder			__DUMMY__ 0.9380774993064266 neg 0.033564935563726105 off 0.028357565129847356	false	0.0
verfall	neg 1.0		__DUMMY__ 0.9372605820283035 neg 0.0392613724063722 off 0.023478045565324276	false	1.0
ausgrenzung	neg 1.0		__DUMMY__ 0.9307753338249473 neg 0.03838634256038306 off 0.030838323614669715	false	1.0
unordnung	neg 1.0		__DUMMY__ 0.93088248932203 off 0.034939130209663626 neg 0.0341783804683063	false	0.5
fehlverhalten	neg 1.0		__DUMMY__ 0.9340269765240209 neg 0.03926819209394741 off 0.02670483138203174	false	1.0
eine			__DUMMY__ 0.9382515483375514 neg 0.03665536549357565 off 0.02509308616887284	false	0.0
nille	neg 1.0		__DUMMY__ 0.9326900980844548 neg 0.03804891715511542 off 0.02926098476042968	false	1.0
qual	neg 1.0		__DUMMY__ 0.9365451963152696 neg 0.034840488696768306 off 0.028614314987962124	false	1.0
verschwenden	neg 1.0		__DUMMY__ 0.936568529084117 neg 0.037019231920178176 off 0.026412238995704884	false	1.0
riesig	neg 1.0		__DUMMY__ 0.9380477532456022 neg 0.03399252654201823 off 0.027959720212379524	false	1.0
verurteilen	neg 1.0		__DUMMY__ 0.933038272581591 neg 0.03909308685270553 off 0.027868640565703543	false	1.0
klischee	neg 1.0	neg 1.0	neg 0.5033237831075016 __DUMMY__ 0.46829452918679876 off 0.02838168770569966	false	1.0
diktatorisch	neg 1.0		__DUMMY__ 0.9291401470147761 neg 0.04035054038259212 off 0.030509312602631754	false	1.0
vorhersehbar	neg 1.0		__DUMMY__ 0.9329655895050074 neg 0.03662973533734493 off 0.030404675157647706	false	1.0
sowie			__DUMMY__ 0.9295606094630797 off 0.03655563865036007 neg 0.033883751886560225	false	0.0
stornieren	neg 1.0		__DUMMY__ 0.9380008292772513 neg 0.03179796645693775 off 0.030201204265811042	false	1.0
besteuerung	neg 1.0		__DUMMY__ 0.9350413328545756 neg 0.0353526754560937 off 0.029605991689330778	false	1.0
ungeschminkt	neg 1.0		__DUMMY__ 0.9351587134184766 neg 0.03256533724460416 off 0.03227594933691935	false	1.0
kritisch	neg 1.0		__DUMMY__ 0.9342844722267233 neg 0.03886173954426026 off 0.026853788229016504	false	1.0
schlamperei	off 1.0		__DUMMY__ 0.934288502307835 neg 0.03844791214577398 off 0.027263585546391023	false	0.5
sucht	neg 1.0	neg 1.0	neg 0.4968367081553047 __DUMMY__ 0.4759938954958634 off 0.02716939634883191	false	1.0
egoistisch	off 1.0		__DUMMY__ 0.9322166132481081 off 0.03583748526469305 neg 0.031945901487198856	false	1.0
ausbeuter	off 1.0		__DUMMY__ 0.9335893588157709 neg 0.03990885455652859 off 0.026501786627700512	false	0.5
arschgeburt	off 1.0		__DUMMY__ 0.9260797423193773 off 0.04191775547431909 neg 0.0320025022063037	false	1.0
schubs	neg 1.0	neg 1.0	neg 0.500351666198604 __DUMMY__ 0.4756973731791144 off 0.02395096062228157	false	1.0
unsolide	neg 1.0		__DUMMY__ 0.9274134353966919 neg 0.03976121751138609 off 0.03282534709192199	false	1.0
beschwerde	neg 1.0		__DUMMY__ 0.9347081656442545 neg 0.03757928755640627 off 0.027712546799339287	false	1.0
stocken	neg 1.0		__DUMMY__ 0.936816059016288 neg 0.03603125926762524 off 0.02715268171608682	false	1.0
isolieren	neg 1.0		__DUMMY__ 0.9390926167382081 neg 0.03255393934711055 off 0.028353443914681357	false	1.0
unheilbar	neg 1.0		__DUMMY__ 0.9345368586679151 neg 0.03603294779983507 off 0.02943019353224969	false	1.0
pisser	off 1.0		__DUMMY__ 0.9315568707969036 off 0.03464796613268631 neg 0.03379516307041013	false	1.0
löschen	neg 1.0		__DUMMY__ 0.9349121495621786 neg 0.03544847885820663 off 0.029639371579614757	false	1.0
durchfallen	neg 1.0		__DUMMY__ 0.935915268702802 neg 0.03728848945769063 off 0.02679624183950749	false	1.0
wichser	off 1.0		__DUMMY__ 0.9301012760979799 off 0.03892895361574711 neg 0.03096977028627295	false	1.0
terror	neg 1.0		__DUMMY__ 0.937159876814044 neg 0.03187269892774125 off 0.030967424258214714	false	1.0
krass	neg 1.0		__DUMMY__ 0.9341321139109523 off 0.03408794209830633 neg 0.03177994399074142	false	0.5
revolte	neg 1.0	neg 1.0	neg 0.5069232109616186 __DUMMY__ 0.46414037250547313 off 0.028936416532908172	false	1.0
besorgt	neg 1.0		__DUMMY__ 0.9394662389277808 neg 0.03309202046661232 off 0.027441740605606904	false	1.0
nachlassen	neg 1.0		__DUMMY__ 0.9392105661203077 neg 0.033521249917560204 off 0.027268183962132025	false	1.0
alt	neg 1.0		__DUMMY__ 0.9405917826733915 neg 0.03411283306733683 off 0.025295384259271553	false	1.0
hundesohn	off 1.0		__DUMMY__ 0.9277865200646745 off 0.038826972614065564 neg 0.03338650732125993	false	1.0
als			__DUMMY__ 0.9375391846357818 neg 0.03531320164152868 off 0.02714761372268953	false	0.0
abschreckung	neg 1.0		__DUMMY__ 0.9350428835135643 neg 0.03916281574852664 off 0.02579430073790901	false	1.0
unqualifiziert	neg 1.0		__DUMMY__ 0.933313534775521 neg 0.03606434666948391 off 0.030622118554995133	false	1.0
abgewichst	off 1.0		__DUMMY__ 0.9348425081443603 neg 0.03684152442446618 off 0.028315967431173497	false	0.5
schwer	neg 1.0		__DUMMY__ 0.9367016010725314 neg 0.03492251182480584 off 0.028375887102662735	false	1.0
bedeutungslosigkeit	neg 1.0		__DUMMY__ 0.9342306966472712 neg 0.039519037758371595 off 0.02625026559435714	false	1.0
kapitulation	neg 1.0		__DUMMY__ 0.9305988034540122 neg 0.0415176367895488 off 0.027883559756439004	false	1.0
unscharf	neg 1.0		__DUMMY__ 0.9367328720018523 neg 0.03314992666916045 off 0.03011720132898718	false	1.0
schwinden	neg 1.0		__DUMMY__ 0.9370583175871993 neg 0.03672569487816065 off 0.026215987534640023	false	1.0
versklavung	neg 1.0	neg 1.0	neg 0.5056965368274864 __DUMMY__ 0.4668114100408584 off 0.02749205313165517	false	1.0
schlecht	neg 1.0		__DUMMY__ 0.935244904853958 off 0.032534788174839076 neg 0.032220306971202935	false	0.5
verhasst	neg 1.0		__DUMMY__ 0.9329443159410141 neg 0.03778843866786674 off 0.029267245391119173	false	1.0
beschweren	neg 1.0		__DUMMY__ 0.9360560727074476 neg 0.03417943106624359 off 0.029764496226308786	false	1.0
scheiden	neg 1.0		__DUMMY__ 0.9359251439166335 neg 0.036152881096904635 off 0.02792197498646181	false	1.0
frustriert	neg 1.0		__DUMMY__ 0.936207701645221 neg 0.035923611310101626 off 0.027868687044677334	false	1.0
schimmelig	neg 1.0		__DUMMY__ 0.9380860125480682 neg 0.03588512207436906 off 0.026028865377562688	false	1.0
fisch	neg 1.0		__DUMMY__ 0.9377458975893636 neg 0.03596921586821948 off 0.026284886542416952	false	1.0
schmuggel	neg 1.0		__DUMMY__ 0.9387164221579184 neg 0.03563642870774484 off 0.02564714913433668	false	1.0
auffallen	neg 1.0		__DUMMY__ 0.9356133258261011 neg 0.034322982138807016 off 0.03006369203509184	false	1.0
konkurrenz	neg 1.0		__DUMMY__ 0.9379979696081836 neg 0.03659828325724776 off 0.025403747134568624	false	1.0
teufelskreis	neg 1.0		__DUMMY__ 0.934957402255242 neg 0.036883712990938095 off 0.028158884753819856	false	1.0
aufschreien	neg 1.0		__DUMMY__ 0.9333705866602826 neg 0.03641284560716837 off 0.030216567732549004	false	1.0
schuldner	neg 1.0		__DUMMY__ 0.9344744123858014 neg 0.03871847939747366 off 0.02680710821672495	false	1.0
missgeburt	off 1.0	off 1.0	off 0.5032204234282531 __DUMMY__ 0.4663742640908011 neg 0.030405312480945763	false	1.0
arbeitslos	neg 1.0		__DUMMY__ 0.9345107292916213 neg 0.03788765746611282 off 0.02760161324226595	false	1.0
befallen	neg 1.0		__DUMMY__ 0.9307388172919188 neg 0.041455809021292284 off 0.02780537368678901	false	1.0
miesepetrig	off 1.0		__DUMMY__ 0.9366255434849767 off 0.03189401254058834 neg 0.031480443974434946	false	1.0
alarmieren	neg 1.0		__DUMMY__ 0.9324695476994658 neg 0.03509730428189689 off 0.03243314801863736	false	1.0
ungeduscht	off 1.0		__DUMMY__ 0.9368859613572804 neg 0.03301766323799643 off 0.03009637540472318	false	0.5
knappheit	neg 1.0		__DUMMY__ 0.9363678155148282 neg 0.03594909043868089 off 0.02768309404649085	false	1.0
schlange	neg 1.0		__DUMMY__ 0.9377287061534288 neg 0.03292077634802895 off 0.029350517498542197	false	1.0
harsch	neg 1.0		__DUMMY__ 0.9347421274700547 off 0.03633443390746935 neg 0.028923438622475938	false	0.5
lang	neg 1.0		__DUMMY__ 0.9359040000002566 neg 0.034479854154842 off 0.029616145844901437	false	1.0
ziellos	neg 1.0		__DUMMY__ 0.936798066658218 neg 0.03625150673507998 off 0.026950426606702074	false	1.0
selbstverliebt	neg 1.0		__DUMMY__ 0.9268133357619907 off 0.03998506566628286 neg 0.033201598571726484	false	0.5
beseitigen	neg 1.0		__DUMMY__ 0.9383412823033096 neg 0.032350763112431076 off 0.029307954584259364	false	1.0
dumm	off 1.0		__DUMMY__ 0.931102191764054 off 0.03634046205447365 neg 0.03255734618147244	false	1.0
arbeitsloser	neg 1.0		__DUMMY__ 0.9349568139238298 neg 0.03796951079725306 off 0.02707367527891714	false	1.0
blitzen	neg 1.0		__DUMMY__ 0.934456921815568 neg 0.034201937321327286 off 0.03134114086310469	false	1.0
hilflos	neg 1.0		__DUMMY__ 0.9363178959431546 neg 0.036167262252255944 off 0.027514841804589376	false	1.0
eklig	off 1.0		__DUMMY__ 0.930913272610735 off 0.03687105617740254 neg 0.032215671211862466	false	1.0
begriff			__DUMMY__ 0.9353640555307392 neg 0.03670377497790361 off 0.02793216949135727	false	0.0
hungersnot	neg 1.0		__DUMMY__ 0.9298066489149753 neg 0.04093023926621827 off 0.02926311181880635	false	1.0
ungesetzlich	neg 1.0		__DUMMY__ 0.9300257904676248 neg 0.03851775017821269 off 0.031456459354162504	false	1.0
verschwendung	neg 1.0		__DUMMY__ 0.9364361996941827 neg 0.03765069421434224 off 0.02591310609147505	false	1.0
schmerzvoll	neg 1.0		__DUMMY__ 0.9361721957492258 neg 0.03413243767465058 off 0.02969536657612356	false	1.0
vorzeitig	neg 1.0		__DUMMY__ 0.9348391857467632 neg 0.03280530641040808 off 0.032355507842828736	false	1.0
unvollkommenheit	neg 1.0		__DUMMY__ 0.9358735870663851 neg 0.035253941065232254 off 0.028872471868382595	false	1.0
intervenieren	neg 1.0		__DUMMY__ 0.9330074346325808 neg 0.04019998672894352 off 0.026792578638475534	false	1.0
banause	off 1.0		__DUMMY__ 0.9300665306501495 off 0.03783808149822431 neg 0.03209538785162619	false	1.0
rebell	neg 1.0		__DUMMY__ 0.9390586562952176 neg 0.036093976735624055 off 0.024847366969158288	false	1.0
unlogisch	neg 1.0		__DUMMY__ 0.932326104581199 off 0.03405207911623199 neg 0.03362181630256906	false	0.5
leiden	neg 1.0	neg 1.0	neg 0.4979325141401532 __DUMMY__ 0.4796884464154647 off 0.02237903944438203	false	1.0
abschaffung	neg 1.0		__DUMMY__ 0.9331976710719639 neg 0.037049994029586406 off 0.029752334898449636	false	1.0
sturz	neg 1.0		__DUMMY__ 0.9324830668872158 neg 0.037418510248224825 off 0.030098422864559368	false	1.0
verkleinerung	neg 1.0		__DUMMY__ 0.9314174962890326 neg 0.036730273717122924 off 0.0318522299938445	false	1.0
schmarotzer	off 1.0		__DUMMY__ 0.9333598600094292 neg 0.03926758192035961 off 0.02737255807021115	false	0.5
bestrafung	neg 1.0		__DUMMY__ 0.93392204415895 neg 0.03632819225143115 off 0.02974976358961885	false	1.0
achtlos	neg 1.0		__DUMMY__ 0.9371650982909449 neg 0.03456519048045667 off 0.028269711228598515	false	1.0
ungeheuer	neg 1.0		__DUMMY__ 0.9341971187607888 neg 0.0356714553366667 off 0.030131425902544418	false	1.0
