unsolidarisch	neg 1.0		__DUMMY__ 0.8863327768820012 neg 0.06513464805573782 off 0.04853257506226107	false	1.0
nachteilig	neg 1.0		__DUMMY__ 0.8955210011409412 neg 0.059156669699219996 off 0.04532232915983885	false	1.0
skeptisch	neg 1.0		__DUMMY__ 0.8965321764613499 neg 0.06048662978500473 off 0.04298119375364536	false	1.0
schrecklich	neg 1.0		__DUMMY__ 0.8918440643842663 off 0.0540797754995828 neg 0.05407616011615088	false	0.5
schlapp	neg 1.0		__DUMMY__ 0.8969640834116811 neg 0.05287945860191821 off 0.050156457986400775	false	1.0
abfall	neg 1.0		__DUMMY__ 0.8976935232709347 neg 0.06068458998970117 off 0.0416218867393642	false	1.0
widerspenstig	neg 1.0		__DUMMY__ 0.8979472352200673 neg 0.05553584249620965 off 0.04651692228372315	false	1.0
abrupt	neg 1.0		__DUMMY__ 0.9002526661215372 neg 0.05427251034678644 off 0.04547482353167648	false	1.0
unwirksam	neg 1.0		__DUMMY__ 0.890071194778297 neg 0.06175831776196659 off 0.0481704874597364	false	1.0
angreifen	neg 1.0		__DUMMY__ 0.8941850666544037 neg 0.061492750477015364 off 0.04432218286858099	false	1.0
inkonsistent	neg 1.0		__DUMMY__ 0.8942362843909952 neg 0.05679091349617676 off 0.04897280211282801	false	1.0
abrutschen	neg 1.0		__DUMMY__ 0.8982052135697773 neg 0.060126907248330155 off 0.041667879181892534	false	1.0
unsicher	neg 1.0		__DUMMY__ 0.8962198264972621 neg 0.056716946300819165 off 0.04706322720191879	false	1.0
bauernkind	off 1.0		__DUMMY__ 0.8876824111441358 off 0.05686025491319907 neg 0.05545733394266513	false	1.0
angreifer	neg 1.0		__DUMMY__ 0.891395282997688 neg 0.058463362621137674 off 0.05014135438117427	false	1.0
trennen	neg 1.0		__DUMMY__ 0.9000168310989494 neg 0.05679574651011228 off 0.04318742239093831	false	1.0
schmutz	neg 1.0		__DUMMY__ 0.9006949561791803 off 0.05096690766836792 neg 0.04833813615245186	false	0.5
inkonsistenz	neg 1.0	neg 1.0	neg 0.5146925082942317 __DUMMY__ 0.44740073250331885 off 0.03790675920244944	false	1.0
erschreckend	neg 1.0		__DUMMY__ 0.8939813932490465 neg 0.05971248241202737 off 0.04630612433892618	false	1.0
ertrinken	neg 1.0		__DUMMY__ 0.8974521299716163 neg 0.05820655829481559 off 0.04434131173356809	false	1.0
pickelface	off 1.0		__DUMMY__ 0.8924671025870368 neg 0.05938814020112877 off 0.048144757211834435	false	0.5
seiner			__DUMMY__ 0.8956656855383635 neg 0.06037651598001155 off 0.04395779848162487	false	0.0
lauch	neg 1.0		__DUMMY__ 0.897674238595309 neg 0.05979945867549731 off 0.042526302729193534	false	1.0
unwichtig	neg 1.0		__DUMMY__ 0.8934392703241112 neg 0.055745689857124685 off 0.05081503981876407	false	1.0
steuerhinterziehung	neg 1.0		__DUMMY__ 0.8902956384838231 neg 0.06249642380137585 off 0.04720793771480115	false	1.0
schock	neg 1.0		__DUMMY__ 0.8992699849434356 neg 0.05527353275017044 off 0.045456482306394035	false	1.0
beule	neg 1.0		__DUMMY__ 0.8963886292840232 neg 0.0524455352237496 off 0.05116583549222722	false	1.0
vergelten	neg 1.0		__DUMMY__ 0.8893191770928646 off 0.05567235850605357 neg 0.0550084644010818	false	0.5
verdorbenheit	neg 1.0		__DUMMY__ 0.8979355371857722 neg 0.05430711394688103 off 0.047757348867346776	false	1.0
trauma	neg 1.0		__DUMMY__ 0.8941063726992207 neg 0.05722072523322766 off 0.04867290206755163	false	1.0
sinnlos	neg 1.0		__DUMMY__ 0.8942710695344872 neg 0.05683468015785217 off 0.04889425030766062	false	1.0
fettsack	off 1.0	off 1.0	off 0.5124061284194122 __DUMMY__ 0.44639282631292193 neg 0.041201045267665895	false	1.0
feige	off 1.0		__DUMMY__ 0.8905329715275642 neg 0.058829869282670484 off 0.050637159189765274	false	0.5
abdanken	neg 1.0		__DUMMY__ 0.8870624531065628 neg 0.06533743873745922 off 0.04760010815597792	false	1.0
wichtigtuer	off 1.0	off 1.0	off 0.5070538719003768 __DUMMY__ 0.44725883650033166 neg 0.04568729159929155	false	1.0
misslingen	neg 1.0		__DUMMY__ 0.8974179526643781 neg 0.054134753475145805 off 0.048447293860476005	false	1.0
untreu	off 1.0		__DUMMY__ 0.8929894912673315 neg 0.05565142234024719 off 0.05135908639242125	false	0.5
missmutig	neg 1.0		__DUMMY__ 0.8955537416206315 neg 0.05451015169641331 off 0.04993610668295514	false	1.0
hurenbock	off 1.0		__DUMMY__ 0.899365865510085 neg 0.05289354049080322 off 0.04774059399911177	false	0.5
betrunken	neg 1.0		__DUMMY__ 0.8946962800178663 neg 0.05313086695737276 off 0.052172853024760935	false	1.0
korrupt	off 1.0		__DUMMY__ 0.889004819867646 neg 0.06476382451656847 off 0.04623135561578553	false	0.5
unmut	neg 1.0		__DUMMY__ 0.8957791141328494 neg 0.06177956982069486 off 0.04244131604645588	false	1.0
hackfresse	off 1.0		__DUMMY__ 0.8902892438165758 off 0.05681857770530851 neg 0.05289217847811573	false	1.0
aufblasen	neg 1.0		__DUMMY__ 0.8973261715499379 neg 0.05477189192937433 off 0.047901936520687846	false	1.0
gewaltsam	neg 1.0		__DUMMY__ 0.8909293315569145 neg 0.06058893526421158 off 0.04848173317887397	false	1.0
unbeliebtheit	neg 1.0		__DUMMY__ 0.8847636264398739 neg 0.06190183049819374 off 0.053334543061932256	false	1.0
sturheit	neg 1.0		__DUMMY__ 0.8916360175323332 neg 0.06168606888071972 off 0.04667791358694704	false	1.0
kuh	neg 1.0		__DUMMY__ 0.8944069753540183 neg 0.05740839148565907 off 0.048184633160322635	false	1.0
erschrecken	neg 1.0		__DUMMY__ 0.8949102903296775 neg 0.05529976715407192 off 0.04978994251625049	false	1.0
opfer	neg 1.0	neg 1.0	neg 0.5163725775154564 __DUMMY__ 0.44986546500802077 off 0.03376195747652275	false	1.0
sinken	neg 1.0		__DUMMY__ 0.8965422423402163 neg 0.060668050812703864 off 0.042789706847079785	false	1.0
stinktier	neg 1.0		__DUMMY__ 0.8906217633307683 neg 0.054970286827130815 off 0.054407949842100914	false	1.0
tucke	off 1.0		__DUMMY__ 0.8923864350733934 off 0.056915402686441505 neg 0.05069816224016503	false	1.0
ein			__DUMMY__ 0.8997255323134131 neg 0.053192556826147486 off 0.04708191086043943	false	0.0
abstieg	neg 1.0		__DUMMY__ 0.8923448773459454 neg 0.06145937528954257 off 0.04619574736451215	false	1.0
missverstehen	neg 1.0		__DUMMY__ 0.8915028027542214 neg 0.05951622226310581 off 0.04898097498267275	false	1.0
ergebnislos	neg 1.0		__DUMMY__ 0.8937343331420151 neg 0.06051303092525684 off 0.04575263593272814	false	1.0
unter			__DUMMY__ 0.9043595317973624 neg 0.057272272194831775 off 0.038368196007805694	false	0.0
manipulieren	neg 1.0		__DUMMY__ 0.8951884806137383 neg 0.06066355315347088 off 0.044147966232790756	false	1.0
unbewiesen	neg 1.0		__DUMMY__ 0.8869489386261833 neg 0.06464425801433364 off 0.04840680335948308	false	1.0
verschleppen	neg 1.0		__DUMMY__ 0.8929932052733642 neg 0.06139210080246315 off 0.04561469392417257	false	1.0
weib	off 1.0		__DUMMY__ 0.889458946346934 off 0.057875735171058644 neg 0.05266531848200733	false	1.0
opposition	neg 1.0		__DUMMY__ 0.8892762372095745 neg 0.061780461612265386 off 0.04894330117816012	false	1.0
verkehrswidrig	neg 1.0		__DUMMY__ 0.8943373071554677 off 0.054986852902841984 neg 0.050675839941690365	false	0.5
inkorrekt	neg 1.0		__DUMMY__ 0.8873960721089424 neg 0.06047483502668291 off 0.0521290928643746	false	1.0
vermeiden	neg 1.0		__DUMMY__ 0.9020452085785668 neg 0.057550771265124846 off 0.04040402015630837	false	1.0
abweichung	neg 1.0		__DUMMY__ 0.8912839456050375 neg 0.0627529444425947 off 0.045963109952367756	false	1.0
alkoholisiert	neg 1.0		__DUMMY__ 0.8990185204544601 neg 0.05607295710742931 off 0.04490852243811065	false	1.0
scheiss	off 1.0	off 1.0	off 0.5092492716281634 __DUMMY__ 0.44995012803232376 neg 0.040800600339513	false	1.0
herausforderung	neg 1.0		__DUMMY__ 0.902115759688647 neg 0.052882563415730416 off 0.04500167689562267	false	1.0
pervers	off 1.0		__DUMMY__ 0.8884718715450667 off 0.06012888431689031 neg 0.05139924413804297	false	1.0
wackelig	neg 1.0		__DUMMY__ 0.9014231079695111 neg 0.05387268563978678 off 0.04470420639070221	false	1.0
verwickeln	neg 1.0		__DUMMY__ 0.892867969511193 neg 0.05840366867545381 off 0.04872836181335333	false	1.0
vorwand	neg 1.0		__DUMMY__ 0.8942947617359495 neg 0.06260507426308778 off 0.04310016400096273	false	1.0
muschi	off 1.0		__DUMMY__ 0.8918487569763417 neg 0.06033259193055431 off 0.04781865109310406	false	0.5
entmutigung	neg 1.0		__DUMMY__ 0.8837985529995751 neg 0.06590207173147686 off 0.050299375268948086	false	1.0
unangemessen	neg 1.0		__DUMMY__ 0.8914767650683505 neg 0.06279077566773947 off 0.0457324592639099	false	1.0
unstetig	neg 1.0		__DUMMY__ 0.8933430560928823 neg 0.056451726196302156 off 0.0502052177108155	false	1.0
entmutigen	neg 1.0		__DUMMY__ 0.8955835975862136 neg 0.05644570629701551 off 0.047970696116770885	false	1.0
schwanz	neg 1.0		__DUMMY__ 0.8952287923305007 neg 0.05907226542423622 off 0.04569894224526322	false	1.0
verbot	neg 1.0		__DUMMY__ 0.8903934261173166 neg 0.06298898309358808 off 0.04661759078909521	false	1.0
leid	neg 1.0		__DUMMY__ 0.8914339815189101 off 0.05530911681878539 neg 0.05325690166230445	false	0.5
archaisch	neg 1.0		__DUMMY__ 0.8921414703424669 neg 0.06184701183612954 off 0.04601151782140347	false	1.0
gegen			__DUMMY__ 0.89312243228495 neg 0.06324373976953927 off 0.04363382794551072	false	0.0
scheidung	neg 1.0	neg 1.0	neg 0.5026469408485896 __DUMMY__ 0.44686591019147864 off 0.05048714895993172	false	1.0
einschlag	neg 1.0		__DUMMY__ 0.8900270299115712 neg 0.05499976006573683 off 0.05497321002269198	false	1.0
m			__DUMMY__ 0.8972739439818854 neg 0.0566951165336222 off 0.04603093948449231	false	0.0
abgestanden	neg 1.0		__DUMMY__ 0.8991260518141999 neg 0.05440236712350133 off 0.046471581062298706	false	1.0
schmierig	off 1.0		__DUMMY__ 0.8927682999549189 off 0.054347405900833375 neg 0.05288429414424776	false	1.0
unpraktisch	neg 1.0		__DUMMY__ 0.8983119792432532 neg 0.05398894007188667 off 0.0476990806848601	false	1.0
wixxer	off 1.0		__DUMMY__ 0.8868110042389671 off 0.06035634919820481 neg 0.05283264656282814	false	1.0
bezeichnet			__DUMMY__ 0.8919538316327852 neg 0.06114973428785375 off 0.0468964340793611	false	0.0
jammerlappen	off 1.0		__DUMMY__ 0.8930745608169612 neg 0.05618948220702649 off 0.05073595697601235	false	0.5
farce	neg 1.0		__DUMMY__ 0.8867587519401993 neg 0.06614524824304122 off 0.047095999816759396	false	1.0
zwecklos	neg 1.0		__DUMMY__ 0.8927303943870094 neg 0.06189464196304769 off 0.045374963649942944	false	1.0
turbulent	neg 1.0		__DUMMY__ 0.8912714994767723 neg 0.05493714488568042 off 0.05379135563754728	false	1.0
invasion	neg 1.0		__DUMMY__ 0.8959382574645913 neg 0.054365213374348485 off 0.04969652916106013	false	1.0
schuld	neg 1.0		__DUMMY__ 0.8935785560740636 neg 0.05846858016431162 off 0.04795286376162484	false	1.0
risiko	neg 1.0		__DUMMY__ 0.8987409591685668 neg 0.051494594200471595 off 0.049764446630961676	false	1.0
finster	neg 1.0		__DUMMY__ 0.8990751804084726 neg 0.05414005529285081 off 0.04678476429867661	false	1.0
geisteskrank	off 1.0		__DUMMY__ 0.8887964226032697 neg 0.0588333753409236 off 0.05237020205580663	false	0.5
zusammenbrechen	neg 1.0		__DUMMY__ 0.8969906592085245 neg 0.05701219776857523 off 0.04599714302290024	false	1.0
ausbeute	neg 1.0		__DUMMY__ 0.8993052204609231 neg 0.056176776755048036 off 0.044518002784028815	false	1.0
hinterhalt	neg 1.0		__DUMMY__ 0.8937344164514313 neg 0.05828724359179622 off 0.04797833995677252	false	1.0
kritik	neg 1.0		__DUMMY__ 0.8883351313318104 neg 0.06463149839231777 off 0.04703337027587167	false	1.0
einschrumpfen	neg 1.0		__DUMMY__ 0.8889317388973543 neg 0.06033588492486763 off 0.050732376177778135	false	1.0
riskant	neg 1.0		__DUMMY__ 0.8959401673760532 neg 0.05978237368254294 off 0.04427745894140397	false	1.0
frustrieren	neg 1.0		__DUMMY__ 0.8949826338031843 neg 0.06074626926350082 off 0.044271096933314935	false	1.0
groll	neg 1.0		__DUMMY__ 0.8931301010316011 neg 0.0613414292025391 off 0.04552846976585988	false	1.0
gibt			__DUMMY__ 0.8952884563994751 neg 0.058901874733522507 off 0.04580966886700249	false	0.0
qualvoll	neg 1.0		__DUMMY__ 0.8955089095166114 neg 0.055725726795077105 off 0.048765363688311504	false	1.0
wackeln	neg 1.0		__DUMMY__ 0.8988128262559493 neg 0.05379703413601737 off 0.04739013960803341	false	1.0
klagen	neg 1.0		__DUMMY__ 0.8940893505464873 neg 0.06281973424873179 off 0.043090915204780825	false	1.0
bankrott	neg 1.0		__DUMMY__ 0.8951461184428513 neg 0.05407042544527571 off 0.05078345611187304	false	1.0
trauern	neg 1.0		__DUMMY__ 0.8949853091460115 neg 0.06064178010564752 off 0.04437291074834104	false	1.0
ablehnung	neg 1.0	neg 1.0	neg 0.5185304333700437 __DUMMY__ 0.4459371208661904 off 0.03553244576376588	false	1.0
stur	neg 1.0		__DUMMY__ 0.8939624566385954 neg 0.057807964803440096 off 0.04822957855796448	false	1.0
aufruhr	neg 1.0		__DUMMY__ 0.8896329101190316 neg 0.062212389199751264 off 0.04815470068121716	false	1.0
melancholie	neg 1.0		__DUMMY__ 0.89946929943553 neg 0.05574334467993857 off 0.044787355884531525	false	1.0
ist			__DUMMY__ 0.8937263972503741 neg 0.05795090837943101 off 0.04832269437019489	false	0.0
torheit	neg 1.0		__DUMMY__ 0.8869979274309268 neg 0.06419697187784883 off 0.04880510069122445	false	1.0
dreckskind	off 1.0		__DUMMY__ 0.8864766432381146 neg 0.05726404543072379 off 0.056259311331161584	false	0.5
umtauschen	neg 1.0		__DUMMY__ 0.8982355417244043 neg 0.0554500294078006 off 0.04631442886779506	false	1.0
zum			__DUMMY__ 0.9043663745710135 neg 0.055039767131806076 off 0.04059385829718046	false	0.0
zersetzen	neg 1.0		__DUMMY__ 0.894568532170393 neg 0.06177859302779866 off 0.043652874801808315	false	1.0
zur			__DUMMY__ 0.8973768662188711 neg 0.06163312757495431 off 0.040990006206174635	false	0.0
frust	neg 1.0		__DUMMY__ 0.8957375071638698 neg 0.05839916572275397 off 0.04586332711337622	false	1.0
unerbittlichkeit	neg 1.0		__DUMMY__ 0.8937864751174402 neg 0.06179963491263776 off 0.044413889969921995	false	1.0
zwei			__DUMMY__ 0.9016412303048239 neg 0.056325198447609796 off 0.04203357124756632	false	0.0
unkorrekt	neg 1.0		__DUMMY__ 0.8880286744370001 neg 0.05946147472144084 off 0.05250985084155916	false	1.0
hexe	off 1.0		__DUMMY__ 0.8943265283171833 neg 0.05480097661159315 off 0.05087249507122349	false	0.5
lasch	neg 1.0		__DUMMY__ 0.890844610496985 neg 0.05920862316586522 off 0.0499467663371498	false	1.0
rivale	neg 1.0		__DUMMY__ 0.8909798757470494 neg 0.05453256362708492 off 0.0544875606258657	false	1.0
mutlos	off 1.0	off 1.0	off 0.5042726094761062 __DUMMY__ 0.44802160581913475 neg 0.04770578470475907	false	1.0
wirr	off 1.0		__DUMMY__ 0.888884413097799 neg 0.05747628643403287 off 0.053639300468168095	false	0.5
jahr			__DUMMY__ 0.900917669005231 neg 0.055234917909014025 off 0.043847413085754926	false	0.0
wird			__DUMMY__ 0.8956222573168767 neg 0.05972473083753155 off 0.044653011845591714	false	0.0
strafbar	neg 1.0		__DUMMY__ 0.8914149251132922 neg 0.06380158232290731 off 0.04478349256380044	false	1.0
erosion	neg 1.0		__DUMMY__ 0.8966193343778437 neg 0.05507003625793738 off 0.04831062936421882	false	1.0
eingehen	neg 1.0		__DUMMY__ 0.8934711309797835 neg 0.06140307965210096 off 0.04512578936811552	false	1.0
faul	off 1.0		__DUMMY__ 0.8976259440515746 neg 0.052307581056791015 off 0.05006647489163439	false	0.5
provisorium	neg 1.0		__DUMMY__ 0.9023707965888448 neg 0.05969962049499959 off 0.03792958291615564	false	1.0
schmerzen	neg 1.0		__DUMMY__ 0.8973610394522105 neg 0.0569336927786184 off 0.0457052677691711	false	1.0
schrumpfen	neg 1.0		__DUMMY__ 0.8985215430011247 neg 0.06082589333793129 off 0.040652563660943906	false	1.0
geistlos	off 1.0		__DUMMY__ 0.886642542505139 neg 0.06325411642967514 off 0.05010334106518585	false	0.5
fehlkauf	neg 1.0		__DUMMY__ 0.8919055612445268 neg 0.058418078146221276 off 0.04967636060925187	false	1.0
frustrierend	neg 1.0		__DUMMY__ 0.8949772740630932 neg 0.05517245391762988 off 0.04985027201927684	false	1.0
unzufrieden	neg 1.0		__DUMMY__ 0.8945669427611819 neg 0.0600596393699785 off 0.04537341786883962	false	1.0
verzweifeln	neg 1.0		__DUMMY__ 0.8959512366193365 neg 0.05742070164136608 off 0.04662806173929748	false	1.0
verzweifelt	neg 1.0		__DUMMY__ 0.8940225454167167 neg 0.057877380734294284 off 0.04810007384898893	false	1.0
misstrauensantrag	neg 1.0		__DUMMY__ 0.8916442204739947 neg 0.05879622364058157 off 0.049559555885423684	false	1.0
abfallen	neg 1.0		__DUMMY__ 0.8998892892666077 neg 0.052827538548153564 off 0.04728317218523876	false	1.0
fucker	off 1.0		__DUMMY__ 0.8901845451566842 neg 0.05609344561701174 off 0.053722009226304046	false	0.5
ungezogen	neg 1.0		__DUMMY__ 0.8905875787829975 off 0.05797404132625182 neg 0.05143837989075069	false	0.5
irrsinnig	neg 1.0	neg 1.0	neg 0.5151828692176286 __DUMMY__ 0.4485590938726488 off 0.03625803690972262	false	1.0
unfassbar	neg 1.0		__DUMMY__ 0.893032401561879 neg 0.05587633665286751 off 0.05109126178525349	false	1.0
hart	neg 1.0		__DUMMY__ 0.8925712568077186 neg 0.05632725596880098 off 0.05110148722348045	false	1.0
widerlich	off 1.0		__DUMMY__ 0.890977535422282 neg 0.05712020998430618 off 0.051902254593411815	false	0.5
fatal	neg 1.0		__DUMMY__ 0.8927563412591105 neg 0.05761352188530816 off 0.04963013685558128	false	1.0
bruch	neg 1.0		__DUMMY__ 0.8924963556237652 neg 0.06470630702422187 off 0.04279733735201292	false	1.0
aushungern	neg 1.0		__DUMMY__ 0.8893095567082474 neg 0.06251966379139799 off 0.04817077950035463	false	1.0
anspannung	neg 1.0		__DUMMY__ 0.9000825347506138 neg 0.05829967513797498 off 0.04161779011141116	false	1.0
von			__DUMMY__ 0.9001993208390635 neg 0.056695713548336774 off 0.043104965612599695	false	0.0
kraftlos	neg 1.0		__DUMMY__ 0.9001591928278964 neg 0.055189960754139 off 0.0446508464179646	false	1.0
vom			__DUMMY__ 0.9033099375034273 neg 0.05796605301753997 off 0.03872400947903277	false	0.0
grenzdebil	off 1.0		__DUMMY__ 0.8939650932644055 neg 0.05413312581320601 off 0.05190178092238833	false	0.5
vor			__DUMMY__ 0.8984738623342449 neg 0.05900087697548106 off 0.04252526069027405	false	0.0
unterwerfen	neg 1.0		__DUMMY__ 0.8932376902492233 neg 0.061936904032753294 off 0.04482540571802345	false	1.0
versenkung	neg 1.0		__DUMMY__ 0.8950706138383715 neg 0.0604938267730977 off 0.044435559388530846	false	1.0
entziehen	neg 1.0		__DUMMY__ 0.8948680194757163 neg 0.062462773994043354 off 0.04266920653024034	false	1.0
finanzkrise	neg 1.0		__DUMMY__ 0.8896222611069153 neg 0.06283313771641091 off 0.04754460117667374	false	1.0
schimpfend	neg 1.0		__DUMMY__ 0.9009105085227229 neg 0.05137962128196053 off 0.0477098701953165	false	1.0
profan	neg 1.0		__DUMMY__ 0.8943635258030941 neg 0.056875648711835286 off 0.04876082548507068	false	1.0
korruption	neg 1.0		__DUMMY__ 0.889898044956044 neg 0.06388325295248562 off 0.04621870209147051	false	1.0
â			__DUMMY__ 0.8968027954856012 neg 0.05789106673313877 off 0.0453061377812602	false	0.0
schmutzig	neg 1.0		__DUMMY__ 0.8962437243546261 neg 0.052440002412027946 off 0.05131627323334602	false	1.0
sexy	neg 1.0		__DUMMY__ 0.8938968746570077 neg 0.055522916296165174 off 0.05058020904682711	false	1.0
abraten	neg 1.0		__DUMMY__ 0.8961615301733898 neg 0.05589843311905258 off 0.04794003670755757	false	1.0
schwarz	neg 1.0		__DUMMY__ 0.8935474668065931 neg 0.05757740182234542 off 0.0488751313710614	false	1.0
fotze	off 1.0		__DUMMY__ 0.8926972926966643 neg 0.0610250691709151 off 0.046277638132420564	false	0.5
verwirren	neg 1.0		__DUMMY__ 0.8940383367809269 neg 0.056470641215246656 off 0.049491022003826435	false	1.0
zahnlos	off 1.0		__DUMMY__ 0.8924360374801611 neg 0.06185934884469495 off 0.04570461367514395	false	0.5
verheeren	neg 1.0		__DUMMY__ 0.8871060233275901 off 0.06011579909766983 neg 0.05277817757473999	false	0.5
hippie	neg 1.0		__DUMMY__ 0.893344189088214 neg 0.05617666568065463 off 0.05047914523113136	false	1.0
rammen	neg 1.0		__DUMMY__ 0.8963034579452273 neg 0.05458483386464345 off 0.04911170819012932	false	1.0
unlauter	neg 1.0	neg 1.0	neg 0.5139731133789127 __DUMMY__ 0.44849700533826586 off 0.0375298812828214	false	1.0
unheilvoll	neg 1.0		__DUMMY__ 0.8959952958087583 neg 0.05565760284799165 off 0.048347101343250154	false	1.0
niedrig	neg 1.0		__DUMMY__ 0.8962549800560283 neg 0.05867270753300386 off 0.045072312410967895	false	1.0
explosion	neg 1.0		__DUMMY__ 0.8952049813496975 neg 0.05488871994025005 off 0.049906298710052505	false	1.0
weichei	off 1.0		__DUMMY__ 0.890617982426974 off 0.055844396952915 neg 0.05353762062011094	false	1.0
minusmensch	off 1.0		__DUMMY__ 0.883287774010993 off 0.06010807255696039 neg 0.05660415343204658	false	1.0
farblos	neg 1.0		__DUMMY__ 0.8948207560951397 neg 0.057512066069104605 off 0.047667177835755734	false	1.0
unwissend	neg 1.0	neg 1.0	neg 0.5135091335762365 __DUMMY__ 0.4477003487946235 off 0.03879051762913993	false	1.0
traurig	neg 1.0		__DUMMY__ 0.8935430035583409 neg 0.0532404497126307 off 0.05321654672902828	false	1.0
senkung	neg 1.0		__DUMMY__ 0.8939329190275506 neg 0.056274182400618114 off 0.04979289857183144	false	1.0
ungleich	neg 1.0	neg 1.0	neg 0.5170986664296616 __DUMMY__ 0.44907197931172954 off 0.033829354258608925	false	1.0
heikel	neg 1.0		__DUMMY__ 0.8951679286015914 neg 0.06129273040337895 off 0.04353934099502968	false	1.0
drosselung	neg 1.0		__DUMMY__ 0.8944744283591809 off 0.05334295357811878 neg 0.05218261806270027	false	0.5
falsch	neg 1.0		__DUMMY__ 0.8937647883867345 neg 0.05598506247004907 off 0.050250149143216453	false	1.0
unzufriedenheit	neg 1.0		__DUMMY__ 0.8947081463817403 neg 0.061756709562425766 off 0.04353514405583397	false	1.0
kurz	neg 1.0		__DUMMY__ 0.8991805267770593 neg 0.05532600800125 off 0.045493465221690725	false	1.0
unsinnig	neg 1.0		__DUMMY__ 0.8939460543518287 neg 0.06033988399757726 off 0.04571406165059404	false	1.0
penner	off 1.0	off 1.0	off 0.5134820948348465 __DUMMY__ 0.4468487355153578 neg 0.039669169649795694	false	1.0
seicht	neg 1.0		__DUMMY__ 0.8868550542054808 off 0.05820413836643924 neg 0.054940807428079906	false	0.5
dummheit	off 1.0	off 1.0	off 0.5074938571000748 __DUMMY__ 0.4473783963809755 neg 0.04512774651894972	false	1.0
unerfreulich	neg 1.0		__DUMMY__ 0.8970750185696414 neg 0.05996933601768504 off 0.04295564541267346	false	1.0
motherfucker	off 1.0	off 1.0	off 0.5108117718428616 __DUMMY__ 0.4469238321363561 neg 0.042264396020782254	false	1.0
pikiert	neg 1.0		__DUMMY__ 0.8912273095941462 neg 0.05791368917755769 off 0.050859001228296216	false	1.0
wrack	neg 1.0		__DUMMY__ 0.89667432927878 neg 0.05812548396810046 off 0.04520018675311963	false	1.0
gangster	neg 1.0		__DUMMY__ 0.893646479382263 neg 0.0565870179605598 off 0.049766502657177074	false	1.0
krank	neg 1.0		__DUMMY__ 0.8963433313911544 neg 0.052100774558969325 off 0.0515558940498763	false	1.0
reich	neg 1.0		__DUMMY__ 0.8852680192194735 neg 0.06275335254652818 off 0.05197862823399833	false	1.0
gnadenlos	neg 1.0		__DUMMY__ 0.8940096670693846 neg 0.05793545472517272 off 0.048054878205442686	false	1.0
niedergeschlagen	neg 1.0		__DUMMY__ 0.8966031309287497 neg 0.05752178684387665 off 0.04587508222737358	false	1.0
terrorisieren	off 1.0	off 1.0	off 0.5038680379421876 __DUMMY__ 0.4500026947038688 neg 0.04612926735394361	false	1.0
sinnlosigkeit	neg 1.0		__DUMMY__ 0.8929755720275527 neg 0.06135731302840389 off 0.04566711494404333	false	1.0
behindern	neg 1.0		__DUMMY__ 0.8967902704855053 neg 0.056292808558574235 off 0.04691692095592047	false	1.0
undemokratisch	neg 1.0		__DUMMY__ 0.8886197864076617 neg 0.06231301186411304 off 0.0490672017282252	false	1.0
wirtschaftskrise	neg 1.0		__DUMMY__ 0.8916740365499141 neg 0.06231019360102684 off 0.04601576984905904	false	1.0
neid	neg 1.0		__DUMMY__ 0.8963743174008341 neg 0.054062962310948426 off 0.049562720288217434	false	1.0
rutschen	neg 1.0		__DUMMY__ 0.9048361120301099 neg 0.054541351687395705 off 0.040622536282494265	false	1.0
rezession	neg 1.0		__DUMMY__ 0.8877313756387047 neg 0.05698237178952168 off 0.05528625257177361	false	1.0
fehlgeburt	neg 1.0		__DUMMY__ 0.8932111657298883 neg 0.05943037106757421 off 0.04735846320253742	false	1.0
charakterschwach	off 1.0		__DUMMY__ 0.8914105184234702 neg 0.05674714530734247 off 0.051842336269187224	false	0.5
isolation	neg 1.0		__DUMMY__ 0.8936733566128034 neg 0.055046336495315866 off 0.05128030689188073	false	1.0
ablenkung	neg 1.0		__DUMMY__ 0.8963351020197478 neg 0.056392149005193064 off 0.04727274897505916	false	1.0
pech	neg 1.0		__DUMMY__ 0.8958783579415484 neg 0.05499583036665465 off 0.04912581169179702	false	1.0
vermeidung	neg 1.0		__DUMMY__ 0.8954598929309779 off 0.052366567961804916 neg 0.05217353910721716	false	0.5
dominieren	neg 1.0		__DUMMY__ 0.8951803242166214 neg 0.05849153296476364 off 0.04632814281861492	false	1.0
schwindlig	neg 1.0		__DUMMY__ 0.8982176504853545 neg 0.053012548083420936 off 0.04876980143122452	false	1.0
lutscher	neg 1.0		__DUMMY__ 0.887943258816288 off 0.05856092314055457 neg 0.0534958180431575	false	0.5
pflicht	neg 1.0		__DUMMY__ 0.8944342176416576 neg 0.0620034048672466 off 0.04356237749109578	false	1.0
faschist	off 1.0		__DUMMY__ 0.8871091104297512 neg 0.06309986352005495 off 0.04979102605019386	false	0.5
verschleudern	neg 1.0		__DUMMY__ 0.8923035293349277 neg 0.06220251486479081 off 0.04549395580028142	false	1.0
wenn			__DUMMY__ 0.893604398758564 neg 0.05617773408686302 off 0.05021786715457292	false	0.0
ehebruch	neg 1.0		__DUMMY__ 0.8918313807295757 neg 0.06294750005863449 off 0.04522111921178978	false	1.0
spott	off 1.0		__DUMMY__ 0.8926865228332342 neg 0.06258127406577593 off 0.04473220310098984	false	0.5
trostlosigkeit	neg 1.0		__DUMMY__ 0.8903753973269511 neg 0.06581646686915829 off 0.043808135803890494	false	1.0
lutschen	neg 1.0		__DUMMY__ 0.891517354034066 neg 0.0574089557004997 off 0.0510736902654343	false	1.0
undiszipliniert	neg 1.0		__DUMMY__ 0.8932632831020682 neg 0.05400621952081071 off 0.05273049737712116	false	1.0
kopfschmerz	neg 1.0		__DUMMY__ 0.8967252998826367 neg 0.05691162611043574 off 0.04636307400692758	false	1.0
unvorhergesehen	neg 1.0		__DUMMY__ 0.9016862972513267 neg 0.05313811852880222 off 0.04517558421987118	false	1.0
desinteressiert	neg 1.0		__DUMMY__ 0.8915716510104678 neg 0.05574158990064063 off 0.05268675908889158	false	1.0
armselig	off 1.0		__DUMMY__ 0.8903026752352122 neg 0.05606500513502103 off 0.05363231962976677	false	0.5
desaster	neg 1.0		__DUMMY__ 0.8924173754108885 neg 0.06502585205676553 off 0.04255677253234602	false	1.0
tod	neg 1.0		__DUMMY__ 0.8901951965276513 neg 0.06519400666717397 off 0.04461079680517472	false	1.0
herzlos	neg 1.0		__DUMMY__ 0.8927865379346339 off 0.0538563896301166 neg 0.05335707243524941	false	0.5
unwissenheit	neg 1.0		__DUMMY__ 0.8922747099322406 neg 0.061999191447234925 off 0.0457260986205245	false	1.0
widersinnig	neg 1.0		__DUMMY__ 0.8886872844058589 neg 0.06433964672541344 off 0.046973068868727784	false	1.0
bedenklich	neg 1.0		__DUMMY__ 0.894469485970267 neg 0.06116056958490101 off 0.044369944444832	false	1.0
beanstanden	neg 1.0		__DUMMY__ 0.8952691200810449 neg 0.06153405972199842 off 0.04319682019695674	false	1.0
panisch	neg 1.0	neg 1.0	neg 0.5094138429637899 __DUMMY__ 0.45409078349061816 off 0.036495373545592014	false	1.0
debil	off 1.0		__DUMMY__ 0.8972162449930469 neg 0.06215260814289715 off 0.04063114686405595	false	0.5
abstrich	neg 1.0		__DUMMY__ 0.9019831720823202 neg 0.05159356944097693 off 0.046423258476702874	false	1.0
primitiv	neg 1.0		__DUMMY__ 0.890912941043488 neg 0.05668748981968854 off 0.05239956913682351	false	1.0
abschaum	off 1.0	off 1.0	off 0.5090279913746416 __DUMMY__ 0.4463269043945254 neg 0.044645104230832997	false	1.0
provozieren	neg 1.0		__DUMMY__ 0.8919128030257863 neg 0.060412474000201166 off 0.04767472297401243	false	1.0
tot	neg 1.0		__DUMMY__ 0.8930131054253577 neg 0.0608243105078458 off 0.046162584066796415	false	1.0
instabil	neg 1.0		__DUMMY__ 0.889657270264944 neg 0.05581050298386267 off 0.054532226751193215	false	1.0
schwuchtel	off 1.0		__DUMMY__ 0.8832055776979237 off 0.06316543099337976 neg 0.053628991308696534	false	1.0
zerren	neg 1.0		__DUMMY__ 0.8960740857081522 neg 0.05802903452682398 off 0.04589687976502382	false	1.0
kinderficker	off 1.0		__DUMMY__ 0.8876727102008654 neg 0.05686292321814456 off 0.05546436658099008	false	0.5
gefahr	neg 1.0		__DUMMY__ 0.8931274664277302 neg 0.061853082382279205 off 0.045019451189990525	false	1.0
rabiat	neg 1.0		__DUMMY__ 0.8940898573457402 neg 0.0586077193887729 off 0.047302423265486934	false	1.0
verlangsamung	neg 1.0		__DUMMY__ 0.8884555138968534 off 0.057913928926473325 neg 0.053630557176673234	false	0.5
ausgestorben	neg 1.0		__DUMMY__ 0.8954542364879758 neg 0.05858764272974073 off 0.04595812078228339	false	1.0
anklagen	neg 1.0		__DUMMY__ 0.8920394222827862 neg 0.06072555683391897 off 0.04723502088329482	false	1.0
trott	neg 1.0		__DUMMY__ 0.8959166425614443 neg 0.05696451784397048 off 0.047118839594585245	false	1.0
verminderung	neg 1.0		__DUMMY__ 0.8924795600104227 neg 0.054365285955918524 off 0.05315515403365879	false	1.0
nach			__DUMMY__ 0.9025485261279405 neg 0.05672468986478829 off 0.04072678400727121	false	0.0
rost	neg 1.0		__DUMMY__ 0.8885826475366223 off 0.05785370563512967 neg 0.05356364682824798	false	0.5
destruktiv	neg 1.0		__DUMMY__ 0.8911352699914168 neg 0.062050554926624195 off 0.04681417508195902	false	1.0
unzumutbarkeit	neg 1.0		__DUMMY__ 0.8951114243600911 off 0.052535512357946144 neg 0.05235306328196281	false	0.5
labil	off 1.0	off 1.0	off 0.5096401865139294 __DUMMY__ 0.4472056169970902 neg 0.043154196488980355	false	1.0
ziemlich	neg 1.0		__DUMMY__ 0.8937121470205716 neg 0.05476243735233509 off 0.05152541562709341	false	1.0
lachnummer	off 1.0		__DUMMY__ 0.8914050776556872 neg 0.06167490050125874 off 0.04692002184305404	false	0.5
oder			__DUMMY__ 0.8974361640292102 neg 0.05574142597619165 off 0.04682240999459802	false	0.0
verfall	neg 1.0		__DUMMY__ 0.8963138733167118 neg 0.06294211599992165 off 0.04074401068336653	false	1.0
ausgrenzung	neg 1.0		__DUMMY__ 0.8887208933496982 neg 0.061700654518651456 off 0.04957845213165041	false	1.0
unordnung	neg 1.0		__DUMMY__ 0.888883651783923 neg 0.056333544966624245 off 0.05478280324945271	false	1.0
fehlverhalten	neg 1.0		__DUMMY__ 0.8925765410940105 neg 0.06286082380722487 off 0.04456263509876461	false	1.0
eine			__DUMMY__ 0.8976486697943046 neg 0.059600914143355666 off 0.0427504160623398	false	0.0
nille	neg 1.0		__DUMMY__ 0.8910435946803401 neg 0.06121490657205341 off 0.047741498747606456	false	1.0
qual	neg 1.0		__DUMMY__ 0.8955309663448066 neg 0.05735881402805394 off 0.047110219627139405	false	1.0
verschwenden	neg 1.0		__DUMMY__ 0.8956686645411222 neg 0.05999524144745444 off 0.0443360940114235	false	1.0
riesig	neg 1.0		__DUMMY__ 0.8971673426077763 neg 0.056462634713488266 off 0.04637002267873533	false	1.0
verurteilen	neg 1.0		__DUMMY__ 0.89137834348615 neg 0.0626417248220791 off 0.04597993169177093	false	1.0
klischee	neg 1.0	neg 1.0	neg 0.5149918045535345 __DUMMY__ 0.44703798929355876 off 0.03797020615290683	false	1.0
diktatorisch	neg 1.0		__DUMMY__ 0.8868344769761387 neg 0.0640565472708943 off 0.04910897575296703	false	1.0
vorhersehbar	neg 1.0		__DUMMY__ 0.8914281302058639 neg 0.059436377221465816 off 0.04913549257267025	false	1.0
sowie			__DUMMY__ 0.8873999927911487 off 0.05667739461640659 neg 0.05592261259244472	false	0.0
stornieren	neg 1.0		__DUMMY__ 0.8972580227412487 neg 0.053663515993588276 off 0.04907846126516305	false	1.0
besteuerung	neg 1.0		__DUMMY__ 0.8937338695105624 neg 0.05792418485030675 off 0.04834194563913079	false	1.0
ungeschminkt	neg 1.0		__DUMMY__ 0.8938199034471248 neg 0.05444962697457877 off 0.051730469578296384	false	1.0
kritisch	neg 1.0		__DUMMY__ 0.8929041672423643 neg 0.06232198134353587 off 0.044773851414099834	false	1.0
schlamperei	off 1.0		__DUMMY__ 0.8928307389769848 neg 0.061890830841761744 off 0.045278430181253465	false	0.5
sucht	neg 1.0	neg 1.0	neg 0.508683207214906 __DUMMY__ 0.454304261000069 off 0.037012531785024984	false	1.0
egoistisch	off 1.0		__DUMMY__ 0.8904741655983087 off 0.055865189323540065 neg 0.05366064507815128	false	1.0
ausbeuter	off 1.0		__DUMMY__ 0.8920433530551062 neg 0.06364207555903689 off 0.044314571385856864	false	0.5
arschgeburt	off 1.0		__DUMMY__ 0.8833323111302306 off 0.06312716874637778 neg 0.053540520123391624	false	1.0
schubs	neg 1.0	neg 1.0	neg 0.5121286617988208 __DUMMY__ 0.45411606903923285 off 0.03375526916194632	false	1.0
unsolide	neg 1.0		__DUMMY__ 0.8849269085688022 neg 0.06318299690079833 off 0.05189009453039942	false	1.0
beschwerde	neg 1.0		__DUMMY__ 0.893338107920171 neg 0.06081168624571833 off 0.04585020583411064	false	1.0
stocken	neg 1.0		__DUMMY__ 0.8958545638555614 neg 0.05891057221056341 off 0.04523486393387522	false	1.0
isolieren	neg 1.0		__DUMMY__ 0.8984313723225033 neg 0.05483025664452078 off 0.04673837103297588	false	1.0
unheilbar	neg 1.0		__DUMMY__ 0.8932430786761453 neg 0.05883124266826102 off 0.04792567865559375	false	1.0
pisser	off 1.0		__DUMMY__ 0.8896296555438523 neg 0.055952272291524593 off 0.05441807216462309	false	0.5
löschen	neg 1.0		__DUMMY__ 0.8936377173024915 neg 0.058061976031067705 off 0.04830030666644082	false	1.0
durchfallen	neg 1.0		__DUMMY__ 0.8948575633534146 neg 0.060371006102543014 off 0.044771430544042354	false	1.0
wichser	off 1.0		__DUMMY__ 0.8880712981455691 off 0.059617494633728 neg 0.05231120722070291	false	1.0
terror	neg 1.0		__DUMMY__ 0.896296115074735 neg 0.05366077859594134 off 0.05004310632932372	false	1.0
krass	neg 1.0		__DUMMY__ 0.892668980159499 off 0.053904223418362915 neg 0.05342679642213804	false	0.5
revolte	neg 1.0	neg 1.0	neg 0.5186591232031464 __DUMMY__ 0.44291782033419147 off 0.03842305646266204	false	1.0
besorgt	neg 1.0		__DUMMY__ 0.8990214658074206 neg 0.0553248437151482 off 0.045653690477431154	false	1.0
nachlassen	neg 1.0		__DUMMY__ 0.8986730394906485 neg 0.055856071966287404 off 0.04547088854306401	false	1.0
alt	neg 1.0		__DUMMY__ 0.9000689835346646 neg 0.0565891625227291 off 0.04334185394260635	false	1.0
hundesohn	off 1.0		__DUMMY__ 0.8852932213529754 off 0.05936643691988139 neg 0.05534034172714333	false	1.0
als			__DUMMY__ 0.8967973247874664 neg 0.057958683105831944 off 0.04524399210670158	false	0.0
abschreckung	neg 1.0		__DUMMY__ 0.8937077183490292 neg 0.06280991312217338 off 0.043482368528797395	false	1.0
unqualifiziert	neg 1.0		__DUMMY__ 0.891739327528821 neg 0.05885335255655009 off 0.04940731991462889	false	1.0
abgewichst	off 1.0		__DUMMY__ 0.8935170590301286 neg 0.05979358160313735 off 0.04668935936673409	false	0.5
schwer	neg 1.0		__DUMMY__ 0.8958429058114206 neg 0.057421604047367146 off 0.04673549014121233	false	1.0
bedeutungslosigkeit	neg 1.0		__DUMMY__ 0.8928242289180401 neg 0.06315514233280119 off 0.04402062874915873	false	1.0
kapitulation	neg 1.0		__DUMMY__ 0.8885418038618615 neg 0.06552362599034595 off 0.04593457014779252	false	1.0
unscharf	neg 1.0		__DUMMY__ 0.8956944674124157 neg 0.05517862451475758 off 0.049126908072826735	false	1.0
schwinden	neg 1.0		__DUMMY__ 0.8961444910371904 neg 0.059786427112588 off 0.044069081850221556	false	1.0
versklavung	neg 1.0	neg 1.0	neg 0.5175173216579664 __DUMMY__ 0.4454789103873018 off 0.03700376795473182	false	1.0
schlecht	neg 1.0		__DUMMY__ 0.8941215728513563 neg 0.05404588339241132 off 0.05183254375623243	false	1.0
verhasst	neg 1.0		__DUMMY__ 0.8913441502874639 neg 0.06090696231841594 off 0.047748887394120025	false	1.0
beschweren	neg 1.0		__DUMMY__ 0.8950632885161348 neg 0.0565042019423193 off 0.048432509541545876	false	1.0
scheiden	neg 1.0		__DUMMY__ 0.8948683930678119 neg 0.058825878566033774 off 0.0463057283661543	false	1.0
frustriert	neg 1.0		__DUMMY__ 0.8952420843992903 neg 0.05866834600448361 off 0.04608956959622608	false	1.0
schimmelig	neg 1.0		__DUMMY__ 0.8971852569906534 neg 0.058610885188153154 off 0.04420385782119348	false	1.0
fisch	neg 1.0		__DUMMY__ 0.8968128752133534 neg 0.058730314740037246 off 0.044456810046609355	false	1.0
schmuggel	neg 1.0		__DUMMY__ 0.8980591173800119 neg 0.05851597929049231 off 0.04342490332949569	false	1.0
auffallen	neg 1.0		__DUMMY__ 0.8945551457371349 neg 0.056636759895966546 off 0.048808094366898605	false	1.0
konkurrenz	neg 1.0		__DUMMY__ 0.8973189896860944 neg 0.059643614833965984 off 0.04303739547993972	false	1.0
teufelskreis	neg 1.0		__DUMMY__ 0.8937797346377075 neg 0.0598158238140394 off 0.04640444154825315	false	1.0
aufschreien	neg 1.0		__DUMMY__ 0.8918807877475455 neg 0.05916701764478526 off 0.048952194607669246	false	1.0
schuldner	neg 1.0		__DUMMY__ 0.8930625476696531 neg 0.06218805248645883 off 0.04474939984388819	false	1.0
missgeburt	off 1.0	off 1.0	off 0.5129932419664174 __DUMMY__ 0.445014700946242 neg 0.0419920570873406	false	1.0
arbeitslos	neg 1.0		__DUMMY__ 0.8932507177607426 neg 0.061061043250551034 off 0.045688238988706366	false	1.0
befallen	neg 1.0		__DUMMY__ 0.8888369310209469 neg 0.06525477489161285 off 0.045908294087440266	false	1.0
miesepetrig	off 1.0		__DUMMY__ 0.8956485737647908 neg 0.05313782011857291 off 0.051213606116636355	false	0.5
alarmieren	neg 1.0		__DUMMY__ 0.8907591035393059 neg 0.05764031034914356 off 0.05160058611155055	false	1.0
ungeduscht	off 1.0		__DUMMY__ 0.8958748868677419 neg 0.054988066936718254 off 0.04913704619553986	false	0.5
knappheit	neg 1.0		__DUMMY__ 0.8952846336298286 neg 0.05882234262319137 off 0.04589302374698001	false	1.0
schlange	neg 1.0		__DUMMY__ 0.8970544091221125 neg 0.05493249352204725 off 0.048013097355840244	false	1.0
harsch	neg 1.0		__DUMMY__ 0.8935388778693681 off 0.056517830114406975 neg 0.04994329201622491	false	0.5
lang	neg 1.0		__DUMMY__ 0.8947933767000975 neg 0.05690298322222536 off 0.04830364007767708	false	1.0
ziellos	neg 1.0		__DUMMY__ 0.8960027792466002 neg 0.05902253439875274 off 0.044974686354647034	false	1.0
selbstverliebt	neg 1.0		__DUMMY__ 0.8842240324813072 off 0.06081898356316495 neg 0.05495698395552783	false	0.5
beseitigen	neg 1.0		__DUMMY__ 0.8976131884525309 neg 0.05444275212965503 off 0.047944059417814	false	1.0
dumm	off 1.0		__DUMMY__ 0.8892139413414284 off 0.05647418251420366 neg 0.054311876144367915	false	1.0
arbeitsloser	neg 1.0		__DUMMY__ 0.8937059970084449 neg 0.06126555304792727 off 0.04502844994362783	false	1.0
blitzen	neg 1.0		__DUMMY__ 0.8930469288858545 neg 0.056567302012669435 off 0.05038576910147617	false	1.0
hilflos	neg 1.0		__DUMMY__ 0.8953173220694179 neg 0.05898610061307807 off 0.04569657731750396	false	1.0
eklig	off 1.0		__DUMMY__ 0.8889951108101112 off 0.057164794980043065 neg 0.05384009420984569	false	1.0
begriff			__DUMMY__ 0.8941296977239045 neg 0.059701224616908896 off 0.04616907765918653	false	0.0
hungersnot	neg 1.0		__DUMMY__ 0.8876840999913563 neg 0.06467705520770113 off 0.047638844800942506	false	1.0
ungesetzlich	neg 1.0		__DUMMY__ 0.8879198687355789 neg 0.06185986075406876 off 0.05022027051035226	false	1.0
verschwendung	neg 1.0		__DUMMY__ 0.8954389735909395 neg 0.060848668111524264 off 0.04371235829753629	false	1.0
schmerzvoll	neg 1.0		__DUMMY__ 0.8951930658542606 neg 0.05643593977960938 off 0.04837099436612994	false	1.0
vorzeitig	neg 1.0		__DUMMY__ 0.8935302067561566 neg 0.054842917516550585 off 0.0516268757272929	false	1.0
unvollkommenheit	neg 1.0		__DUMMY__ 0.894710830943071 neg 0.05791424177747045 off 0.04737492727945849	false	1.0
intervenieren	neg 1.0		__DUMMY__ 0.8913517451322934 neg 0.06398798531874185 off 0.04466026954896472	false	1.0
banause	off 1.0		__DUMMY__ 0.8879938933745152 off 0.058341114088993395 neg 0.053664992536491464	false	1.0
rebell	neg 1.0		__DUMMY__ 0.8983409667953414 neg 0.059032389367560396 off 0.04262664383709815	false	1.0
unlogisch	neg 1.0		__DUMMY__ 0.8906611833774116 neg 0.055667988463897373 off 0.05367082815869098	false	1.0
leiden	neg 1.0	neg 1.0	neg 0.5098755274506173 __DUMMY__ 0.4579822458820173 off 0.03214222666736543	false	1.0
abschaffung	neg 1.0		__DUMMY__ 0.8915582271890041 neg 0.06006097843719605 off 0.048380794373799794	false	1.0
sturz	neg 1.0		__DUMMY__ 0.8908314656750026 neg 0.060389489867534084 off 0.04877904445746328	false	1.0
verkleinerung	neg 1.0		__DUMMY__ 0.8895572035425534 neg 0.05953011907295031 off 0.05091267738449627	false	1.0
schmarotzer	off 1.0		__DUMMY__ 0.891825397845965 neg 0.0627755638694239 off 0.04539903828461107	false	0.5
bestrafung	neg 1.0		__DUMMY__ 0.8924969478877329 neg 0.05916442884636933 off 0.04833862326589772	false	1.0
achtlos	neg 1.0		__DUMMY__ 0.8963804716861791 neg 0.05698987640672142 off 0.04662965190709938	false	1.0
ungeheuer	neg 1.0		__DUMMY__ 0.8929144703498115 neg 0.05818658926765731 off 0.04889894038253122	false	1.0
unaufrichtig	neg 1.0		__DUMMY__ 0.8894404115135008 neg 0.06038788657615848 off 0.05017170191034075	false	1.0
