unsolidarisch	neg 1.0		neg 0.5322298911961402 off 0.42484339537664234 __DUMMY__ 0.04292671342721742	false	1.0
nachteilig	neg 1.0		neg 0.530396493819205 off 0.4260184340096289 __DUMMY__ 0.04358507217116612	false	1.0
skeptisch	neg 1.0		neg 0.5331327911462473 off 0.42319526272180663 __DUMMY__ 0.04367194613194612	false	1.0
schrecklich	neg 1.0		neg 0.5190929219529049 off 0.4375661786773313 __DUMMY__ 0.04334089936976382	false	1.0
schlapp	neg 1.0		neg 0.5211129499235098 off 0.43518826602376554 __DUMMY__ 0.04369878405272453	false	1.0
abfall	neg 1.0		neg 0.5343316325813068 off 0.42191187429019317 __DUMMY__ 0.043756493128500135	false	1.0
widerspenstig	neg 1.0		neg 0.5262416186215814 off 0.4299915430275387 __DUMMY__ 0.0437668383508799	false	1.0
abrupt	neg 1.0		neg 0.5264807964004541 off 0.42960360063511216 __DUMMY__ 0.04391560296443383	false	1.0
unwirksam	neg 1.0		neg 0.5293887160377896 off 0.4274206780759018 __DUMMY__ 0.04319060588630846	false	1.0
angreifen	neg 1.0		neg 0.5328954702946965 off 0.42359112702329293 __DUMMY__ 0.04351340268201058	false	1.0
inkonsistent	neg 1.0		neg 0.525226333131819 off 0.43130064509429156 __DUMMY__ 0.04347302177388959	false	1.0
abrutschen	neg 1.0		neg 0.5338472707072952 off 0.42234927183575277 __DUMMY__ 0.04380345745695198	false	1.0
unsicher	neg 1.0		neg 0.5269389851608534 off 0.4293935977253922 __DUMMY__ 0.043667417113754305	false	1.0
bauernkind	off 1.0		neg 0.5175768135375812 off 0.43942482553359835 __DUMMY__ 0.04299836092882037	false	0.5
angreifer	neg 1.0		neg 0.5259032852371847 off 0.43082073567339735 __DUMMY__ 0.04327597908941801	false	1.0
trennen	neg 1.0		neg 0.5300447563986017 off 0.42601935050732764 __DUMMY__ 0.043935893094070755	false	1.0
schmutz	neg 1.0		neg 0.5180119115437397 off 0.43807000899897214 __DUMMY__ 0.04391807945728822	false	1.0
inkonsistenz	neg 1.0	neg 1.0	neg 0.7501831571572155 off 0.22907391359696608 __DUMMY__ 0.02074292924581835	false	1.0
erschreckend	neg 1.0		neg 0.5298584602031724 off 0.42664303832953165 __DUMMY__ 0.043498501467296155	false	1.0
ertrinken	neg 1.0		neg 0.5302643021516351 off 0.4259905250531703 __DUMMY__ 0.04374517279519461	false	1.0
pickelface	off 1.0		neg 0.5281277119501624 off 0.42851928839169684 __DUMMY__ 0.0433529996581407	false	0.5
seiner			neg 0.5322296433555813 off 0.4241536123432648 __DUMMY__ 0.04361674430115396	false	0.0
lauch	neg 1.0		neg 0.5327887132863779 off 0.4234864171963483 __DUMMY__ 0.04372486951727371	false	1.0
unwichtig	neg 1.0		neg 0.5232652801080371 off 0.43328345850411965 __DUMMY__ 0.0434512613878433	false	1.0
steuerhinterziehung	neg 1.0		neg 0.5313326719664864 off 0.4254735603905342 __DUMMY__ 0.04319376764297946	false	1.0
schock	neg 1.0		neg 0.527089665193146 off 0.4290395787249378 __DUMMY__ 0.04387075608191629	false	1.0
beule	neg 1.0		neg 0.5199552456752609 off 0.4364048638694803 __DUMMY__ 0.04363989045525889	false	1.0
vergelten	neg 1.0		neg 0.5190497657522809 off 0.43783558841286735 __DUMMY__ 0.043114645834851674	false	1.0
verdorbenheit	neg 1.0		neg 0.5241845700169578 off 0.43206131140784926 __DUMMY__ 0.04375411857519284	false	1.0
trauma	neg 1.0		neg 0.5259372249367152 off 0.4305589496610949 __DUMMY__ 0.043503825402190006	false	1.0
sinnlos	neg 1.0		neg 0.5255395061563233 off 0.43093777814337475 __DUMMY__ 0.04352271570030192	false	1.0
fettsack	off 1.0	off 1.0	off 0.7038020353940696 neg 0.27550850476717664 __DUMMY__ 0.02068945983875365	false	1.0
feige	off 1.0		neg 0.5256351355975533 off 0.4311278242450752 __DUMMY__ 0.04323704015737174	false	0.5
abdanken	neg 1.0		neg 0.5332352257017836 off 0.42379748065260187 __DUMMY__ 0.04296729364561462	false	1.0
wichtigtuer	off 1.0	off 1.0	off 0.6981579044217786 neg 0.2810961154912295 __DUMMY__ 0.020745980086991946	false	1.0
misslingen	neg 1.0		neg 0.5239945607210414 off 0.4323080859699201 __DUMMY__ 0.043697353309038504	false	1.0
untreu	off 1.0		neg 0.5225832574460607 off 0.4339903921840807 __DUMMY__ 0.043426350369858514	false	0.5
missmutig	neg 1.0		neg 0.5228282422551855 off 0.4335700747762912 __DUMMY__ 0.04360168296852304	false	1.0
hurenbock	off 1.0		neg 0.52327305017697 off 0.4329030075142543 __DUMMY__ 0.043823942308775767	false	0.5
betrunken	neg 1.0		neg 0.5197381249775949 off 0.43672131490922567 __DUMMY__ 0.04354056011317963	false	1.0
korrupt	off 1.0		neg 0.5338711663521735 off 0.4230170968675292 __DUMMY__ 0.043111736780297324	false	0.5
unmut	neg 1.0		neg 0.5347364263227964 off 0.4216559364693819 __DUMMY__ 0.04360763720782166	false	1.0
hackfresse	off 1.0		neg 0.515997513987645 off 0.4407856258320882 __DUMMY__ 0.043216860180266804	false	0.5
aufblasen	neg 1.0		neg 0.5245987091348155 off 0.431661023549232 __DUMMY__ 0.04374026731595244	false	1.0
gewaltsam	neg 1.0		neg 0.528738376133557 off 0.4280225112437498 __DUMMY__ 0.04323911262269329	false	1.0
unbeliebtheit	neg 1.0		neg 0.5257781047695198 off 0.4314240608173247 __DUMMY__ 0.0427978344131555	false	1.0
sturheit	neg 1.0		neg 0.5312487806719265 off 0.4254374795563102 __DUMMY__ 0.043313739771763296	false	1.0
kuh	neg 1.0		neg 0.5258977557715361 off 0.43063754056926756 __DUMMY__ 0.04346470365919649	false	1.0
erschrecken	neg 1.0		neg 0.5234833128388013 off 0.43294767383300137 __DUMMY__ 0.043569013328197424	false	1.0
opfer	neg 1.0	neg 1.0	neg 0.7534332872658571 off 0.22569520717650948 __DUMMY__ 0.020871505557633376	false	1.0
sinken	neg 1.0		neg 0.5332840912784254 off 0.42305861538250783 __DUMMY__ 0.04365729333906683	false	1.0
stinktier	neg 1.0		neg 0.5193379914973001 off 0.4374442139393306 __DUMMY__ 0.04321779456336941	false	1.0
tucke	off 1.0		neg 0.5141936054937097 off 0.44247993537670705 __DUMMY__ 0.04332645912958309	false	0.5
ein			neg 0.5241034660774017 off 0.4320008629287855 __DUMMY__ 0.04389567099381275	false	0.0
abstieg	neg 1.0		neg 0.5313372156119096 off 0.4253120354326278 __DUMMY__ 0.04335074895546259	false	1.0
missverstehen	neg 1.0		neg 0.5274776484025797 off 0.42920998822500445 __DUMMY__ 0.04331236337241596	false	1.0
ergebnislos	neg 1.0		neg 0.531084155185613 off 0.4254675598912919 __DUMMY__ 0.04344828492309491	false	1.0
unter			neg 0.5344154285208327 off 0.42134932577060236 __DUMMY__ 0.04423524570856498	false	0.0
manipulieren	neg 1.0		neg 0.532596665769416 off 0.4238377951713982 __DUMMY__ 0.04356553905918591	false	1.0
unbewiesen	neg 1.0		neg 0.5320250873889234 off 0.4250080502990445 __DUMMY__ 0.042966862312032054	false	1.0
verschleppen	neg 1.0		neg 0.5318928608794165 off 0.4247230303843649 __DUMMY__ 0.04338410873621869	false	1.0
weib	off 1.0		neg 0.5150211236517442 off 0.44184050449695544 __DUMMY__ 0.043138371851300275	false	0.5
opposition	neg 1.0		neg 0.5286109670929536 off 0.4282471542329119 __DUMMY__ 0.04314187867413451	false	1.0
verkehrswidrig	neg 1.0		neg 0.51583426640909 off 0.4406943590981708 __DUMMY__ 0.04347137449273905	false	1.0
inkorrekt	neg 1.0		neg 0.5257356359454567 off 0.43127251509790226 __DUMMY__ 0.042991848956640925	false	1.0
vermeiden	neg 1.0		neg 0.5329813883698842 off 0.4229666349670819 __DUMMY__ 0.04405197666303389	false	1.0
abweichung	neg 1.0		neg 0.5323697729364113 off 0.42435473999863715 __DUMMY__ 0.04327548706495159	false	1.0
alkoholisiert	neg 1.0		neg 0.5277581202887781 off 0.4284390305943344 __DUMMY__ 0.04380284911688756	false	1.0
scheiss	off 1.0	off 1.0	off 0.7021925532173857 neg 0.27693792937686657 __DUMMY__ 0.02086951740574771	false	1.0
herausforderung	neg 1.0		neg 0.5262706743011086 off 0.42968284214764774 __DUMMY__ 0.04404648355124359	false	1.0
pervers	off 1.0		neg 0.5123419350273769 off 0.44458679166166887 __DUMMY__ 0.043071273310954256	false	0.5
wackelig	neg 1.0		neg 0.5264574957179123 off 0.42951306609212264 __DUMMY__ 0.04402943818996496	false	1.0
verwickeln	neg 1.0		neg 0.5269534525991727 off 0.4296330215075325 __DUMMY__ 0.04341352589329465	false	1.0
vorwand	neg 1.0		neg 0.5346382731186697 off 0.42185442588738015 __DUMMY__ 0.04350730099395013	false	1.0
muschi	off 1.0		neg 0.5290261448185782 off 0.4276538045479626 __DUMMY__ 0.04332005063345905	false	0.5
entmutigung	neg 1.0		neg 0.5313111237427419 off 0.42595636482145816 __DUMMY__ 0.04273251143580003	false	1.0
unangemessen	neg 1.0		neg 0.5326357969210175 off 0.4240594832485268 __DUMMY__ 0.04330471983045574	false	1.0
unstetig	neg 1.0		neg 0.524024833435186 off 0.43257318403472883 __DUMMY__ 0.04340198253008505	false	1.0
entmutigen	neg 1.0		neg 0.5261156352979643 off 0.4302840415975523 __DUMMY__ 0.04360032310448344	false	1.0
schwanz	neg 1.0		neg 0.5296759831044902 off 0.42677950360469474 __DUMMY__ 0.043544513290815046	false	1.0
verbot	neg 1.0		neg 0.5323239054090463 off 0.42447137922191963 __DUMMY__ 0.043204715369033975	false	1.0
leid	neg 1.0		neg 0.5174853081952949 off 0.4392160843070015 __DUMMY__ 0.04329860749770367	false	1.0
archaisch	neg 1.0		neg 0.531585625708586 off 0.42506112945301544 __DUMMY__ 0.04335324483839862	false	1.0
gegen			neg 0.5348653319319867 off 0.42171497804600794 __DUMMY__ 0.04341969002200538	false	0.0
scheidung	neg 1.0	neg 1.0	neg 0.7371931697214144 off 0.24209839542242023 __DUMMY__ 0.02070843485616541	false	1.0
einschlag	neg 1.0		neg 0.5192268012210687 off 0.4375919105992222 __DUMMY__ 0.04318128817970903	false	1.0
m			neg 0.5275788105728412 off 0.4286884210568118 __DUMMY__ 0.043732768370346856	false	0.0
abgestanden	neg 1.0		neg 0.5249363472833147 off 0.43124538477224245 __DUMMY__ 0.04381826794444276	false	1.0
schmierig	off 1.0		neg 0.5179984767297182 off 0.4386037327114384 __DUMMY__ 0.043397790558843255	false	0.5
unpraktisch	neg 1.0		neg 0.5240762935074736 off 0.4321247532190295 __DUMMY__ 0.04379895327349665	false	1.0
wixxer	off 1.0		neg 0.5131273950272209 off 0.4439201571456709 __DUMMY__ 0.0429524478271081	false	0.5
bezeichnet			neg 0.5304591020596378 off 0.42620110432543423 __DUMMY__ 0.04333979361492785	false	0.0
jammerlappen	off 1.0		neg 0.5235525161987125 off 0.43301600080639807 __DUMMY__ 0.043431482994889394	false	0.5
farce	neg 1.0		neg 0.5340365035475206 off 0.4230168081970985 __DUMMY__ 0.04294668825538071	false	1.0
zwecklos	neg 1.0		neg 0.5321680446723694 off 0.4244250367992633 __DUMMY__ 0.04340691852836713	false	1.0
turbulent	neg 1.0		neg 0.5201601939637434 off 0.4366001731910751 __DUMMY__ 0.04323963284518154	false	1.0
invasion	neg 1.0		neg 0.5230902697127182 off 0.4332776957582067 __DUMMY__ 0.04363203452907518	false	1.0
schuld	neg 1.0		neg 0.5276010337031454 off 0.4289311453445086 __DUMMY__ 0.04346782095234602	false	1.0
risiko	neg 1.0		neg 0.5213806738859588 off 0.4348302019523532 __DUMMY__ 0.04378912416168808	false	1.0
finster	neg 1.0		neg 0.5245531871723013 off 0.43160362632756255 __DUMMY__ 0.04384318650013614	false	1.0
geisteskrank	off 1.0		neg 0.5242573376393991 off 0.43262948116124006 __DUMMY__ 0.043113181199360855	false	0.5
zusammenbrechen	neg 1.0		neg 0.5280973670971125 off 0.4281796625712366 __DUMMY__ 0.0437229703316509	false	1.0
ausbeute	neg 1.0		neg 0.5282245420689048 off 0.4279332630666384 __DUMMY__ 0.043842194864456764	false	1.0
hinterhalt	neg 1.0		neg 0.52724818695838 off 0.4293237648802502 __DUMMY__ 0.04342804816136978	false	1.0
kritik	neg 1.0		neg 0.5330966130092761 off 0.42384424160056267 __DUMMY__ 0.04305914539016124	false	1.0
einschrumpfen	neg 1.0		neg 0.526505129910845 off 0.4303898870167257 __DUMMY__ 0.043104983072429305	false	1.0
riskant	neg 1.0		neg 0.5315402177540286 off 0.424819090696756 __DUMMY__ 0.04364069154921552	false	1.0
frustrieren	neg 1.0		neg 0.5322156972782863 off 0.4242142544243248 __DUMMY__ 0.04357004829738879	false	1.0
groll	neg 1.0		neg 0.5318456755168784 off 0.42473593455272923 __DUMMY__ 0.0434183899303923	false	1.0
gibt			neg 0.5296249375093001 off 0.42677146930600496 __DUMMY__ 0.043603593184694846	false	0.0
qualvoll	neg 1.0		neg 0.524528858776382 off 0.4318673640261887 __DUMMY__ 0.043603777197429326	false	1.0
wackeln	neg 1.0		neg 0.5243814486197168 off 0.43176896084970195 __DUMMY__ 0.043849590530581295	false	1.0
klagen	neg 1.0		neg 0.5349183860363331 off 0.42160290478226764 __DUMMY__ 0.043478709181399317	false	1.0
bankrott	neg 1.0		neg 0.5216593342321044 off 0.4347667516983823 __DUMMY__ 0.043573914069513144	false	1.0
trauern	neg 1.0		neg 0.5321988859529084 off 0.4242598118563314 __DUMMY__ 0.04354130219076015	false	1.0
ablehnung	neg 1.0	neg 1.0	neg 0.753621250306827 off 0.22570995861294113 __DUMMY__ 0.020668791080231733	false	1.0
stur	neg 1.0		neg 0.5268920761602995 off 0.4296127113183978 __DUMMY__ 0.043495212521302846	false	1.0
aufruhr	neg 1.0		neg 0.5301909398077432 off 0.42665629731796006 __DUMMY__ 0.043152762874296646	false	1.0
melancholie	neg 1.0		neg 0.5277062355218902 off 0.42842220063237824 __DUMMY__ 0.04387156384573159	false	1.0
ist			neg 0.5266545854204481 off 0.42985477996630284 __DUMMY__ 0.043490634613249195	false	0.0
torheit	neg 1.0		neg 0.5312475577936235 off 0.42578461578971794 __DUMMY__ 0.04296782641665868	false	1.0
dreckskind	off 1.0		neg 0.5195217713434062 off 0.4375498239213165 __DUMMY__ 0.042928404735277315	false	0.5
umtauschen	neg 1.0		neg 0.5259842506409538 off 0.4302247466808356 __DUMMY__ 0.043791002678210594	false	1.0
zum			neg 0.530871850415197 off 0.42489386632942794 __DUMMY__ 0.04423428325537494	false	0.0
zersetzen	neg 1.0		neg 0.5335968350223509 off 0.42287610409891757 __DUMMY__ 0.043527060878731476	false	1.0
zur			neg 0.5355659881635719 off 0.42070559461606505 __DUMMY__ 0.04372841722036294	false	0.0
frust	neg 1.0		neg 0.5292148438554278 off 0.4271485559824543 __DUMMY__ 0.04363660016211778	false	1.0
unerbittlichkeit	neg 1.0		neg 0.5331308973753162 off 0.4234053533784671 __DUMMY__ 0.04346374924621667	false	1.0
zwei			neg 0.5305120846586465 off 0.4254381294227421 __DUMMY__ 0.044049785918611487	false	0.0
unkorrekt	neg 1.0		neg 0.5245161193723594 off 0.4324545547160876 __DUMMY__ 0.04302932591155295	false	1.0
hexe	off 1.0		neg 0.5219209473634593 off 0.43459341538327495 __DUMMY__ 0.043485637253265846	false	0.5
lasch	neg 1.0		neg 0.5265653780065077 off 0.43017727943752776 __DUMMY__ 0.043257342555964584	false	1.0
rivale	neg 1.0		neg 0.5191857426801518 off 0.4375659337146821 __DUMMY__ 0.04324832360516616	false	1.0
mutlos	off 1.0	off 1.0	off 0.6953217439161244 neg 0.28389931559957493 __DUMMY__ 0.02077894048430069	false	1.0
wirr	off 1.0		neg 0.5219428813460443 off 0.4349642587367979 __DUMMY__ 0.043092859917158007	false	0.5
jahr			neg 0.5282974052949767 off 0.42772016575474536 __DUMMY__ 0.043982428950278	false	0.0
wird			neg 0.5309518052442022 off 0.42542348887260106 __DUMMY__ 0.04362470588319668	false	0.0
strafbar	neg 1.0		neg 0.5342564064616075 off 0.42245109560453575 __DUMMY__ 0.04329249793385682	false	1.0
erosion	neg 1.0		neg 0.5246068793454136 off 0.431711090914509 __DUMMY__ 0.043682029740077385	false	1.0
eingehen	neg 1.0		neg 0.5320446363228776 off 0.42448818431629587 __DUMMY__ 0.043467179360826405	false	1.0
faul	off 1.0		neg 0.5209214042068727 off 0.43533413548747457 __DUMMY__ 0.043744460305652676	false	0.5
provisorium	neg 1.0		neg 0.536238760967795 off 0.41966776897280816 __DUMMY__ 0.04409347005939688	false	1.0
schmerzen	neg 1.0		neg 0.5274796957144945 off 0.42879212947195205 __DUMMY__ 0.043728174813553546	false	1.0
schrumpfen	neg 1.0		neg 0.5353221633865336 off 0.42087462576884954 __DUMMY__ 0.043803210844617024	false	1.0
geistlos	off 1.0		neg 0.529571625002167 off 0.427481740585298 __DUMMY__ 0.04294663441253506	false	0.5
fehlkauf	neg 1.0		neg 0.5260494276744183 off 0.4306213766916755 __DUMMY__ 0.04332919563390617	false	1.0
frustrierend	neg 1.0		neg 0.5234844843483245 off 0.43294119127952607 __DUMMY__ 0.04357432437214942	false	1.0
unzufrieden	neg 1.0		neg 0.5308717639936473 off 0.42558422043551425 __DUMMY__ 0.04354401557083832	false	1.0
verzweifeln	neg 1.0		neg 0.5278620683595228 off 0.4284900050896929 __DUMMY__ 0.04364792655078434	false	1.0
verzweifelt	neg 1.0		neg 0.5268662041269773 off 0.42962292071604197 __DUMMY__ 0.04351087515698082	false	1.0
misstrauensantrag	neg 1.0		neg 0.5260124160673058 off 0.430671015808956 __DUMMY__ 0.043316568123738235	false	1.0
abfallen	neg 1.0		neg 0.5235634513083415 off 0.43251870352659 __DUMMY__ 0.04391784516506863	false	1.0
fucker	off 1.0		neg 0.5210802205396532 off 0.4356929905000686 __DUMMY__ 0.04322678896027823	false	0.5
ungezogen	neg 1.0		neg 0.5140041325542286 off 0.4427710227839036 __DUMMY__ 0.04322484466186781	false	1.0
irrsinnig	neg 1.0	neg 1.0	neg 0.7512016985491222 off 0.2279774228179193 __DUMMY__ 0.020820878632958454	false	1.0
unfassbar	neg 1.0		neg 0.5229126588991833 off 0.4336575151996521 __DUMMY__ 0.04342982590116461	false	1.0
hart	neg 1.0		neg 0.5230969698256305 off 0.43356816243823265 __DUMMY__ 0.043334867736136796	false	1.0
widerlich	off 1.0		neg 0.5232578997693695 off 0.4334695031998514 __DUMMY__ 0.043272597030779174	false	0.5
fatal	neg 1.0		neg 0.525487706282711 off 0.43110576407817025 __DUMMY__ 0.043406529639118716	false	1.0
bruch	neg 1.0		neg 0.536463271362559 off 0.420169525402142 __DUMMY__ 0.04336720323529901	false	1.0
aushungern	neg 1.0		neg 0.5309449399649498 off 0.4259271989822366 __DUMMY__ 0.043127861052813556	false	1.0
anspannung	neg 1.0		neg 0.5325809219960587 off 0.4234914822358787 __DUMMY__ 0.04392759576806272	false	1.0
von			neg 0.5300838576316219 off 0.4260009377027927 __DUMMY__ 0.04391520466558539	false	0.0
kraftlos	neg 1.0		neg 0.5277181339735402 off 0.4283438868557718 __DUMMY__ 0.04393797917068811	false	1.0
vom			neg 0.534280429991947 off 0.4215611996346779 __DUMMY__ 0.044158370373375125	false	0.0
grenzdebil	off 1.0		neg 0.5210178299635829 off 0.4354898155126996 __DUMMY__ 0.04349235452371754	false	0.5
vor			neg 0.5323092218192984 off 0.42386611659515167 __DUMMY__ 0.043824661585549755	false	0.0
unterwerfen	neg 1.0		neg 0.5328639269141987 off 0.42371466353296844 __DUMMY__ 0.04342140955283275	false	1.0
versenkung	neg 1.0		neg 0.5320805865464646 off 0.4243433131679571 __DUMMY__ 0.04357610028557845	false	1.0
entziehen	neg 1.0		neg 0.5348937929039412 off 0.4215543914149625 __DUMMY__ 0.04355181568109614	false	1.0
finanzkrise	neg 1.0		neg 0.5309713305543399 off 0.42587784119562166 __DUMMY__ 0.043150828250038464	false	1.0
schimpfend	neg 1.0		neg 0.5221293201728721 off 0.4339035751658426 __DUMMY__ 0.0439671046612853	false	1.0
profan	neg 1.0		neg 0.5255122363839316 off 0.43096181447442594 __DUMMY__ 0.043525949141642484	false	1.0
korruption	neg 1.0		neg 0.5331547490413033 off 0.42367641684088175 __DUMMY__ 0.04316883411781487	false	1.0
â			neg 0.5289860755406623 off 0.4273188495557609 __DUMMY__ 0.0436950749035768	false	0.0
schmutzig	neg 1.0		neg 0.5202245284046413 off 0.4361194974673332 __DUMMY__ 0.043655974128025535	false	1.0
sexy	neg 1.0		neg 0.5231236817131532 off 0.43338500825496246 __DUMMY__ 0.04349131003188433	false	1.0
abraten	neg 1.0		neg 0.5254198018293689 off 0.430929006964104 __DUMMY__ 0.04365119120652705	false	1.0
schwarz	neg 1.0		neg 0.5260157713949211 off 0.43052399703298583 __DUMMY__ 0.043460231572093125	false	1.0
fotze	off 1.0		neg 0.5306805647694776 off 0.425940684373982 __DUMMY__ 0.04337875085654052	false	0.5
verwirren	neg 1.0		neg 0.524741122534421 off 0.4317524483887697 __DUMMY__ 0.04350642907680932	false	1.0
zahnlos	off 1.0		neg 0.5319645806005535 off 0.424651685486482 __DUMMY__ 0.043383733912964385	false	0.5
verheeren	neg 1.0		neg 0.5135499947952651 off 0.44347863665463144 __DUMMY__ 0.04297136855010348	false	1.0
hippie	neg 1.0		neg 0.5237577131152156 off 0.4327911574449099 __DUMMY__ 0.04345112943987458	false	1.0
rammen	neg 1.0		neg 0.5232673062243064 off 0.4331070868648531 __DUMMY__ 0.043625606910840456	false	1.0
unlauter	neg 1.0	neg 1.0	neg 0.7500592507847434 off 0.22914620620261927 __DUMMY__ 0.020794543012637327	false	1.0
unheilvoll	neg 1.0		neg 0.5247728495955117 off 0.43161100999511787 __DUMMY__ 0.04361614040937047	false	1.0
niedrig	neg 1.0		neg 0.5298181079678912 off 0.42656078845358636 __DUMMY__ 0.043621103578522384	false	1.0
explosion	neg 1.0		neg 0.523247764218499 off 0.43317766111746187 __DUMMY__ 0.04357457466403927	false	1.0
weichei	off 1.0		neg 0.5171152317981614 off 0.43964080802274735 __DUMMY__ 0.04324396017909124	false	0.5
minusmensch	off 1.0		neg 0.5164726308994059 off 0.44083243306165965 __DUMMY__ 0.04269493603893456	false	0.5
farblos	neg 1.0		neg 0.5266427113692967 off 0.42987207342991596 __DUMMY__ 0.04348521520078727	false	1.0
unwissend	neg 1.0	neg 1.0	neg 0.7488915293585847 off 0.2303367298183381 __DUMMY__ 0.020771740823077162	false	1.0
traurig	neg 1.0		neg 0.5192876540007464 off 0.4372532942237227 __DUMMY__ 0.04345905177553088	false	1.0
senkung	neg 1.0		neg 0.5241660414948714 off 0.4323702427962854 __DUMMY__ 0.04346371570884305	false	1.0
ungleich	neg 1.0	neg 1.0	neg 0.7537676590922866 off 0.22539824295923558 __DUMMY__ 0.020834097948477834	false	1.0
heikel	neg 1.0		neg 0.5332399473406375 off 0.423185265309363 __DUMMY__ 0.043574787349999436	false	1.0
drosselung	neg 1.0		neg 0.5183938132815482 off 0.43811216863105884 __DUMMY__ 0.043494018087392936	false	1.0
falsch	neg 1.0		neg 0.5237647757676575 off 0.4327582036937053 __DUMMY__ 0.043477020538637196	false	1.0
unzufriedenheit	neg 1.0		neg 0.5337624940299085 off 0.42270098639191434 __DUMMY__ 0.04353651957817728	false	1.0
kurz	neg 1.0		neg 0.5268982379372387 off 0.42922440406571477 __DUMMY__ 0.04387735799704663	false	1.0
unsinnig	neg 1.0		neg 0.5307755788692952 off 0.4257354449965931 __DUMMY__ 0.04348897613411162	false	1.0
penner	off 1.0	off 1.0	off 0.7050526718154884 neg 0.27421948127132645 __DUMMY__ 0.020727846913185216	false	1.0
seicht	neg 1.0		neg 0.5167107597234771 off 0.4403253988343485 __DUMMY__ 0.04296384144217444	false	1.0
dummheit	off 1.0	off 1.0	off 0.6986818493239774 neg 0.28056564249491106 __DUMMY__ 0.020752508181111653	false	1.0
unerfreulich	neg 1.0		neg 0.53262766718313 off 0.42365697332464725 __DUMMY__ 0.04371535949222273	false	1.0
motherfucker	off 1.0	off 1.0	off 0.7020317018316682 neg 0.2772372047439682 __DUMMY__ 0.02073109342436365	false	1.0
pikiert	neg 1.0		neg 0.5246816735787899 off 0.43203363026190467 __DUMMY__ 0.04328469615930528	false	1.0
wrack	neg 1.0		neg 0.5291941265498623 off 0.42717060019057906 __DUMMY__ 0.04363527325955859	false	1.0
gangster	neg 1.0		neg 0.524518307566016 off 0.43201132841040557 __DUMMY__ 0.04347036402357848	false	1.0
krank	neg 1.0		neg 0.5196179808035205 off 0.43672533647313383 __DUMMY__ 0.043656682723345656	false	1.0
reich	neg 1.0		neg 0.5269152633912616 off 0.4302569477431351 __DUMMY__ 0.04282778886560333	false	1.0
gnadenlos	neg 1.0		neg 0.5271002990366321 off 0.42939291771572313 __DUMMY__ 0.04350678324764483	false	1.0
niedergeschlagen	neg 1.0		neg 0.5283974454831885 off 0.42792582416708047 __DUMMY__ 0.0436767303497311	false	1.0
terrorisieren	off 1.0	off 1.0	off 0.6958095966062857 neg 0.2833088016178463 __DUMMY__ 0.020881601775867998	false	1.0
sinnlosigkeit	neg 1.0		neg 0.5315265853190754 off 0.4250482092266404 __DUMMY__ 0.043425205454284216	false	1.0
behindern	neg 1.0		neg 0.5265872141847475 off 0.4297224593128194 __DUMMY__ 0.043690326502433124	false	1.0
undemokratisch	neg 1.0		neg 0.5298559474990301 off 0.4270665354442318 __DUMMY__ 0.04307751705673816	false	1.0
wirtschaftskrise	neg 1.0		neg 0.5320740263495463 off 0.42463042717792066 __DUMMY__ 0.04329554647253312	false	1.0
neid	neg 1.0		neg 0.522747490851309 off 0.43359962640167643 __DUMMY__ 0.04365288274701452	false	1.0
rutschen	neg 1.0		neg 0.5302918353244467 off 0.425431404342347 __DUMMY__ 0.044276760333206384	false	1.0
rezession	neg 1.0		neg 0.5203574416651402 off 0.4366153081951609 __DUMMY__ 0.043027250139698825	false	1.0
fehlgeburt	neg 1.0		neg 0.5282936779013133 off 0.42832354577322923 __DUMMY__ 0.04338277632545747	false	1.0
charakterschwach	off 1.0		neg 0.5232732762281683 off 0.43343421929700854 __DUMMY__ 0.043292504474823086	false	0.5
isolation	neg 1.0		neg 0.5221170540535941 off 0.4344122293623412 __DUMMY__ 0.04347071658406473	false	1.0
ablenkung	neg 1.0		neg 0.526454379384615 off 0.4298707126700322 __DUMMY__ 0.043674907945352684	false	1.0
pech	neg 1.0		neg 0.5233621229722402 off 0.43302694449948925 __DUMMY__ 0.04361093252827066	false	1.0
vermeidung	neg 1.0		neg 0.5190724065709209 off 0.43734639968003597 __DUMMY__ 0.043581193749043255	false	1.0
dominieren	neg 1.0		neg 0.5289065239902501 off 0.4275386273537812 __DUMMY__ 0.04355484865596883	false	1.0
schwindlig	neg 1.0		neg 0.5223128646352136 off 0.43389943947268017 __DUMMY__ 0.04378769589210609	false	1.0
lutscher	neg 1.0		neg 0.5149857464236904 off 0.4419830181822297 __DUMMY__ 0.043031235394079805	false	1.0
pflicht	neg 1.0		neg 0.5338826364928648 off 0.4225883883570778 __DUMMY__ 0.04352897515005737	false	1.0
faschist	off 1.0		neg 0.5298193614542255 off 0.4272181943401503 __DUMMY__ 0.04296244420562414	false	0.5
verschleudern	neg 1.0		neg 0.5323109870539489 off 0.4243406230708498 __DUMMY__ 0.043348389875201294	false	1.0
wenn			neg 0.5238299773231023 off 0.43269293113426255 __DUMMY__ 0.04347709154263533	false	0.0
ehebruch	neg 1.0		neg 0.5333679871114411 off 0.4233201366571001 __DUMMY__ 0.04331187623145898	false	1.0
spott	off 1.0		neg 0.5335020196393873 off 0.4231210631933875 __DUMMY__ 0.04337691716722528	false	0.5
trostlosigkeit	neg 1.0		neg 0.5362188708157603 off 0.4205574725546551 __DUMMY__ 0.043223656629584585	false	1.0
lutschen	neg 1.0		neg 0.5242147035132677 off 0.4325063557846831 __DUMMY__ 0.043278940702049136	false	1.0
undiszipliniert	neg 1.0		neg 0.5201751227096438 off 0.43639468628848055 __DUMMY__ 0.04343019100187572	false	1.0
kopfschmerz	neg 1.0		neg 0.5270260598645353 off 0.4292925351998842 __DUMMY__ 0.04368140493558042	false	1.0
unvorhergesehen	neg 1.0		neg 0.5255669166928215 off 0.4303978989596444 __DUMMY__ 0.04403518434753396	false	1.0
desinteressiert	neg 1.0		neg 0.5215648804025288 off 0.43511887804223104 __DUMMY__ 0.043316241555240304	false	1.0
armselig	off 1.0		neg 0.5212295620350309 off 0.43554822953414396 __DUMMY__ 0.04322220843082519	false	0.5
desaster	neg 1.0		neg 0.5368739911717361 off 0.4197572227709298 __DUMMY__ 0.04336878605733409	false	1.0
tod	neg 1.0		neg 0.5345996012085562 off 0.4222188797617412 __DUMMY__ 0.04318151902970256	false	1.0
herzlos	neg 1.0		neg 0.518970832144015 off 0.4376269699334759 __DUMMY__ 0.04340219792250899	false	1.0
unwissenheit	neg 1.0		neg 0.5321419903546765 off 0.42450182775734246 __DUMMY__ 0.043356181887981106	false	1.0
widersinnig	neg 1.0		neg 0.5329293101145216 off 0.42397864242522654 __DUMMY__ 0.04309204746025174	false	1.0
bedenklich	neg 1.0		neg 0.5324667282551981 off 0.42400665188707826 __DUMMY__ 0.043526619857723756	false	1.0
beanstanden	neg 1.0		neg 0.5338615578506378 off 0.42256409835850833 __DUMMY__ 0.04357434379085392	false	1.0
panisch	neg 1.0	neg 1.0	neg 0.7480238730544473 off 0.23088197388040313 __DUMMY__ 0.021094153065149585	false	1.0
debil	off 1.0		neg 0.5358522267841347 off 0.42045043943767774 __DUMMY__ 0.04369733377818751	false	0.5
abstrich	neg 1.0		neg 0.5230721846387106 off 0.43294825275259796 __DUMMY__ 0.04397956260869132	false	1.0
primitiv	neg 1.0		neg 0.5226527049848697 off 0.4340834630228122 __DUMMY__ 0.043263831992318154	false	1.0
abschaum	off 1.0	off 1.0	off 0.699757350485393 neg 0.27954791595225653 __DUMMY__ 0.020694733562350496	false	1.0
provozieren	neg 1.0		neg 0.5291887166691164 off 0.4274645328608686 __DUMMY__ 0.043346750470014954	false	1.0
tot	neg 1.0		neg 0.5300636526508734 off 0.426561974976154 __DUMMY__ 0.04337437237297263	false	1.0
instabil	neg 1.0		neg 0.5201809508672111 off 0.4366701100130798 __DUMMY__ 0.04314893911970928	false	1.0
schwuchtel	off 1.0		neg 0.5117125783074641 off 0.44558973653390294 __DUMMY__ 0.042697685158633064	false	0.5
zerren	neg 1.0		neg 0.5288420884423746 off 0.4275048389251369 __DUMMY__ 0.0436530726324885	false	1.0
kinderficker	off 1.0		neg 0.5205115880841998 off 0.43648599999962373 __DUMMY__ 0.04300241191617635	false	0.5
gefahr	neg 1.0		neg 0.532744453549075 off 0.4238460063747495 __DUMMY__ 0.04340954007617561	false	1.0
rabiat	neg 1.0		neg 0.5281661021300638 off 0.4283285037980567 __DUMMY__ 0.0435053940718794	false	1.0
verlangsamung	neg 1.0		neg 0.5160133083788901 off 0.44092424790467866 __DUMMY__ 0.04306244371643124	false	1.0
ausgestorben	neg 1.0		neg 0.529123910245988 off 0.4272704463531482 __DUMMY__ 0.04360564340086371	false	1.0
anklagen	neg 1.0		neg 0.530132711750446 off 0.42655248412571106 __DUMMY__ 0.04331480412384293	false	1.0
trott	neg 1.0		neg 0.5268783030875924 off 0.4294865346730698 __DUMMY__ 0.04363516223933774	false	1.0
verminderung	neg 1.0		neg 0.5199381054972008 off 0.4366866843547603 __DUMMY__ 0.04337521014803897	false	1.0
nach			neg 0.5319921761238926 off 0.4238995714583297 __DUMMY__ 0.0441082524177776	false	0.0
rost	neg 1.0		neg 0.5159947205550125 off 0.44095482348417686 __DUMMY__ 0.04305045596081057	false	1.0
destruktiv	neg 1.0		neg 0.5311669838404509 off 0.42555517978371826 __DUMMY__ 0.043277836375830915	false	1.0
unzumutbarkeit	neg 1.0		neg 0.5193355509788772 off 0.4371262323174466 __DUMMY__ 0.043538216703676205	false	1.0
labil	off 1.0	off 1.0	off 0.7008623707820982 neg 0.27839173949765245 __DUMMY__ 0.0207458897202494	false	1.0
ziemlich	neg 1.0		neg 0.52170979615699 off 0.4348089800012901 __DUMMY__ 0.04348122384171998	false	1.0
lachnummer	off 1.0		neg 0.530931950371589 off 0.42576349883491477 __DUMMY__ 0.04330455079349632	false	0.5
oder			neg 0.5261010305135599 off 0.4301473135856352 __DUMMY__ 0.0437516559008048	false	0.0
verfall	neg 1.0		neg 0.5367767396157476 off 0.419581689266783 __DUMMY__ 0.04364157111746939	false	1.0
ausgrenzung	neg 1.0		neg 0.5289965262598191 off 0.42792229662187964 __DUMMY__ 0.04308117711830135	false	1.0
unordnung	neg 1.0		neg 0.520229593508027 off 0.43670009771475005 __DUMMY__ 0.043070308777222836	false	1.0
fehlverhalten	neg 1.0		neg 0.5338349834283395 off 0.42278569682184947 __DUMMY__ 0.043379319749811227	false	1.0
eine			neg 0.5324098486843064 off 0.42382153307166337 __DUMMY__ 0.0437686182440303	false	0.0
nille	neg 1.0		neg 0.529742187799969 off 0.4269871856673108 __DUMMY__ 0.0432706265327203	false	1.0
qual	neg 1.0		neg 0.5272259962034709 off 0.4291673151246632 __DUMMY__ 0.04360668867186588	false	1.0
verschwenden	neg 1.0		neg 0.5314144316322732 off 0.4249625072648725 __DUMMY__ 0.04362306110285427	false	1.0
riesig	neg 1.0		neg 0.5273338620962805 off 0.42898823168050554 __DUMMY__ 0.04367790622321381	false	1.0
verurteilen	neg 1.0		neg 0.5325753566933886 off 0.4241418241890917 __DUMMY__ 0.04328281911751972	false	1.0
klischee	neg 1.0	neg 1.0	neg 0.7501600542847064 off 0.2290984678827209 __DUMMY__ 0.02074147783257263	false	1.0
diktatorisch	neg 1.0		neg 0.5311203196109024 off 0.4259331208021489 __DUMMY__ 0.042946559586948777	false	1.0
vorhersehbar	neg 1.0		neg 0.5272830565415165 off 0.42940626554264977 __DUMMY__ 0.043310677915833734	false	1.0
sowie			neg 0.5185026227832212 off 0.43849278578614675 __DUMMY__ 0.043004591430631976	false	0.0
stornieren	neg 1.0		neg 0.5230260499376195 off 0.4332770448354919 __DUMMY__ 0.043696905226888634	false	1.0
besteuerung	neg 1.0		neg 0.5265148170828481 off 0.43003784966514047 __DUMMY__ 0.04344733325201142	false	1.0
ungeschminkt	neg 1.0		neg 0.5209814773771515 off 0.43557057184764275 __DUMMY__ 0.04344795077520568	false	1.0
kritisch	neg 1.0		neg 0.5331330065844757 off 0.4234577982331848 __DUMMY__ 0.04340919518233967	false	1.0
schlamperei	off 1.0		neg 0.5325745157970335 off 0.4240484077351391 __DUMMY__ 0.04337707646782735	false	0.5
sucht	neg 1.0	neg 1.0	neg 0.7475006325526251 off 0.23142415769613991 __DUMMY__ 0.0210752097512349	false	1.0
egoistisch	off 1.0		neg 0.5175911321356549 off 0.43918281007761906 __DUMMY__ 0.04322605778672603	false	0.5
ausbeuter	off 1.0		neg 0.5345851255722655 off 0.4220792971485033 __DUMMY__ 0.04333557727923126	false	0.5
arschgeburt	off 1.0		neg 0.5118485751432899 off 0.4454499343241798 __DUMMY__ 0.04270149053253029	false	0.5
schubs	neg 1.0	neg 1.0	neg 0.7508013838762707 off 0.22811697011830367 __DUMMY__ 0.021081646005425593	false	1.0
unsolide	neg 1.0		neg 0.5281242762266289 off 0.42906106616890655 __DUMMY__ 0.04281465760446449	false	1.0
beschwerde	neg 1.0		neg 0.5312597486609005 off 0.425325726571425 __DUMMY__ 0.04341452476767446	false	1.0
stocken	neg 1.0		neg 0.5302072450271322 off 0.4261871189717869 __DUMMY__ 0.043605636001080736	false	1.0
isolieren	neg 1.0		neg 0.5263694390300121 off 0.42985628680871985 __DUMMY__ 0.04377427416126808	false	1.0
unheilbar	neg 1.0		neg 0.5280840021793468 off 0.42848785539600126 __DUMMY__ 0.0434281424246519	false	1.0
pisser	off 1.0		neg 0.5204383215230869 off 0.4364205860959996 __DUMMY__ 0.043141092380913446	false	0.5
löschen	neg 1.0		neg 0.5268633821700189 off 0.4296697981466855 __DUMMY__ 0.04346681968329556	false	1.0
durchfallen	neg 1.0		neg 0.5315222963765263 off 0.42492123999184156 __DUMMY__ 0.043556463631632264	false	1.0
wichser	off 1.0		neg 0.5134340982002155 off 0.4435040131154013 __DUMMY__ 0.04306188868438329	false	0.5
terror	neg 1.0		neg 0.5220137685445951 off 0.43432924651422444 __DUMMY__ 0.043656984941180345	false	1.0
krass	neg 1.0		neg 0.5185099670614991 off 0.4381167024838415 __DUMMY__ 0.0433733304546594	false	1.0
revolte	neg 1.0	neg 1.0	neg 0.7519397306278437 off 0.22754316654322845 __DUMMY__ 0.02051710282892785	false	1.0
besorgt	neg 1.0		neg 0.5271628399370876 off 0.42898740563237714 __DUMMY__ 0.04384975443053521	false	1.0
nachlassen	neg 1.0		neg 0.5276476079475672 off 0.42854305423311206 __DUMMY__ 0.04380933781932071	false	1.0
alt	neg 1.0		neg 0.5292607239787211 off 0.42686922754348294 __DUMMY__ 0.04387004847779592	false	1.0
hundesohn	off 1.0		neg 0.5162575053432918 off 0.44090401228364 __DUMMY__ 0.0428384823730682	false	0.5
als			neg 0.5293206032486365 off 0.42697880265040006 __DUMMY__ 0.04370059410096359	false	0.0
abschreckung	neg 1.0		neg 0.53472620753846 off 0.42182581194204155 __DUMMY__ 0.043447980519498434	false	1.0
unqualifiziert	neg 1.0		neg 0.5268713019490062 off 0.4298138796399927 __DUMMY__ 0.043314818411001176	false	1.0
abgewichst	off 1.0		neg 0.5294216173963308 off 0.4271317302010772 __DUMMY__ 0.04344665240259222	false	0.5
schwer	neg 1.0		neg 0.5276646830120123 off 0.42869411079582126 __DUMMY__ 0.043641206192166285	false	1.0
bedeutungslosigkeit	neg 1.0		neg 0.5344115848780912 off 0.42218844394169125 __DUMMY__ 0.04339997118021769	false	1.0
kapitulation	neg 1.0		neg 0.5346497529929796 off 0.4222753990998921 __DUMMY__ 0.04307484790712833	false	1.0
unscharf	neg 1.0		neg 0.5234848604862404 off 0.43293394428611137 __DUMMY__ 0.043581195227648126	false	1.0
schwinden	neg 1.0		neg 0.531847954087947 off 0.4245240153631627 __DUMMY__ 0.04362803054889024	false	1.0
versklavung	neg 1.0	neg 1.0	neg 0.7522163378446576 off 0.22713981084261325 __DUMMY__ 0.020643851312729153	false	1.0
schlecht	neg 1.0		neg 0.5210788754571251 off 0.4354086156112272 __DUMMY__ 0.043512508931647924	false	1.0
verhasst	neg 1.0		neg 0.5295290933223754 off 0.4271723376226722 __DUMMY__ 0.04329856905495237	false	1.0
beschweren	neg 1.0		neg 0.5256656617816041 off 0.43075259561417867 __DUMMY__ 0.04358174260421711	false	1.0
scheiden	neg 1.0		neg 0.5285651900387734 off 0.4279086242908636 __DUMMY__ 0.043526185670362885	false	1.0
frustriert	neg 1.0		neg 0.5291721084638186 off 0.42723155405781316 __DUMMY__ 0.04359633747836829	false	1.0
schimmelig	neg 1.0		neg 0.5298234669255728 off 0.4265066742576701 __DUMMY__ 0.043669858816757036	false	1.0
fisch	neg 1.0		neg 0.5298725270937341 off 0.42649265191390584 __DUMMY__ 0.04363482099236	false	1.0
schmuggel	neg 1.0		neg 0.5314533241692981 off 0.4248039063388297 __DUMMY__ 0.043742769491872245	false	1.0
auffallen	neg 1.0		neg 0.5253562348986205 off 0.43109852831173173 __DUMMY__ 0.043545236789647765	false	1.0
konkurrenz	neg 1.0		neg 0.5326540773132905 off 0.4236225787934195 __DUMMY__ 0.043723343893290016	false	1.0
teufelskreis	neg 1.0		neg 0.5297876825144883 off 0.42672519524471114 __DUMMY__ 0.043487122240800515	false	1.0
aufschreien	neg 1.0		neg 0.5271234332020815 off 0.429531012445755 __DUMMY__ 0.043345554352163335	false	1.0
schuldner	neg 1.0		neg 0.5330728461629672 off 0.4235306253991105 __DUMMY__ 0.0433965284379222	false	1.0
missgeburt	off 1.0	off 1.0	off 0.7036562667295462 neg 0.2757299970051766 __DUMMY__ 0.020613736265277176	false	1.0
arbeitslos	neg 1.0		neg 0.531364080239536 off 0.4251873843666258 __DUMMY__ 0.0434485353938384	false	1.0
befallen	neg 1.0		neg 0.5339467535580754 off 0.42295731842056006 __DUMMY__ 0.043095928021364485	false	1.0
miesepetrig	off 1.0		neg 0.5205570154474787 off 0.4358418520021843 __DUMMY__ 0.04360113255033705	false	0.5
alarmieren	neg 1.0		neg 0.5242623423710652 off 0.4325085284556347 __DUMMY__ 0.0432291291733	false	1.0
ungeduscht	off 1.0		neg 0.5231950982855146 off 0.43320143016837864 __DUMMY__ 0.04360347154610685	false	0.5
knappheit	neg 1.0		neg 0.5296348488145141 off 0.42681091163257967 __DUMMY__ 0.043554239552906285	false	1.0
schlange	neg 1.0		neg 0.5245965437804795 off 0.43167997004035247 __DUMMY__ 0.04372348617916813	false	1.0
harsch	neg 1.0		neg 0.5142472146334166 off 0.44230352675634016 __DUMMY__ 0.043449258610243235	false	1.0
lang	neg 1.0		neg 0.5260075816814215 off 0.4304397087460782 __DUMMY__ 0.04355270957250033	false	1.0
ziellos	neg 1.0		neg 0.53017619293945 off 0.4261682791423731 __DUMMY__ 0.04365552791817695	false	1.0
selbstverliebt	neg 1.0		neg 0.5144377739422132 off 0.4427808642661853 __DUMMY__ 0.042781361791601615	false	1.0
beseitigen	neg 1.0		neg 0.5247816087540607 off 0.4314999348800226 __DUMMY__ 0.04371845636591667	false	1.0
dumm	off 1.0		neg 0.5173975480753814 off 0.4394579499710342 __DUMMY__ 0.04314450195358431	false	0.5
arbeitsloser	neg 1.0		neg 0.5322741073438965 off 0.42426636954487773 __DUMMY__ 0.04345952311122564	false	1.0
blitzen	neg 1.0		neg 0.5242220187730755 off 0.4323658897286575 __DUMMY__ 0.043412091498267004	false	1.0
hilflos	neg 1.0		neg 0.5296640672267294 off 0.4267424098660482 __DUMMY__ 0.043593522907222466	false	1.0
eklig	off 1.0		neg 0.5163160884347847 off 0.44055969629584485 __DUMMY__ 0.04312421526937026	false	0.5
begriff			neg 0.5300298000239956 off 0.42647852975949463 __DUMMY__ 0.04349167021650983	false	0.0
hungersnot	neg 1.0		neg 0.53241328126047 off 0.4245760340736713 __DUMMY__ 0.04301068466585857	false	1.0
ungesetzlich	neg 1.0		neg 0.5288651970875752 off 0.4281040162361638 __DUMMY__ 0.043030786676261104	false	1.0
verschwendung	neg 1.0		neg 0.5327161333337526 off 0.4236842925706486 __DUMMY__ 0.04359957409559884	false	1.0
schmerzvoll	neg 1.0		neg 0.5255865832580132 off 0.43082336945274236 __DUMMY__ 0.04359004728924439	false	1.0
vorzeitig	neg 1.0		neg 0.521972807462866 off 0.4346014672872136 __DUMMY__ 0.043425725249920305	false	1.0
unvollkommenheit	neg 1.0		neg 0.5276504218404044 off 0.4288429139237441 __DUMMY__ 0.043506664235851415	false	1.0
intervenieren	neg 1.0		neg 0.5345657453353477 off 0.422153323274809 __DUMMY__ 0.04328093138984325	false	1.0
banause	off 1.0		neg 0.515238016013832 off 0.4417181555091308 __DUMMY__ 0.043043828477037346	false	0.5
rebell	neg 1.0		neg 0.531984368316369 off 0.4242571127297194 __DUMMY__ 0.04375851895391156	false	1.0
unlogisch	neg 1.0		neg 0.5206772074926055 off 0.43607052678588887 __DUMMY__ 0.043252265721505624	false	1.0
leiden	neg 1.0	neg 1.0	neg 0.7508642331380959 off 0.22785771475090008 __DUMMY__ 0.02127805211100401	false	1.0
abschaffung	neg 1.0		neg 0.528450801234734 off 0.42826118314519135 __DUMMY__ 0.043288015620074734	false	1.0
sturz	neg 1.0		neg 0.5281920538654095 off 0.42857114414783687 __DUMMY__ 0.04323680198675375	false	1.0
verkleinerung	neg 1.0		neg 0.5258970109466298 off 0.43095893140900005 __DUMMY__ 0.04314405764437009	false	1.0
schmarotzer	off 1.0		neg 0.5329075821517081 off 0.4237618477156026 __DUMMY__ 0.043330570132689386	false	0.5
bestrafung	neg 1.0		neg 0.5279049314415826 off 0.42871671102820563 __DUMMY__ 0.04337835753021183	false	1.0
achtlos	neg 1.0		neg 0.5273915795625591 off 0.42893234966368454 __DUMMY__ 0.04367607077375642	false	1.0
ungeheuer	neg 1.0		neg 0.5261898425317062 off 0.4304020268568691 __DUMMY__ 0.04340813061142483	false	1.0
unaufrichtig	neg 1.0		neg 0.5273850289868308 off 0.42948073629985667 __DUMMY__ 0.0431342347133126	false	1.0
groggy	neg 1.0		neg 0.5247806616847691 off 0.43183978862244315 __DUMMY__ 0.04337954969278766	false	1.0
verletzlich	neg 1.0		neg 0.5221015176504076 off 0.4345364337908874 __DUMMY__ 0.04336204855870492	false	1.0
