unsolidarisch	neg 1.0		__DUMMY__ 0.47856599424118607 neg 0.2913000480847394 off 0.2301339576740746	false	1.0
nachteilig	neg 1.0		__DUMMY__ 0.48540621066820205 neg 0.2861864554135656 off 0.2284073339182323	false	1.0
skeptisch	neg 1.0		__DUMMY__ 0.48625219279829784 neg 0.2883081777846415 off 0.22543962941706067	false	1.0
schrecklich	neg 1.0		__DUMMY__ 0.48281890885000617 neg 0.27718314571544705 off 0.23999794543454664	false	1.0
schlapp	neg 1.0		__DUMMY__ 0.486564428127509 neg 0.27721675569979165 off 0.23621881617269933	false	1.0
abfall	neg 1.0		__DUMMY__ 0.4871632738877547 neg 0.28896355922458977 off 0.22387316688765552	false	1.0
widerspenstig	neg 1.0		__DUMMY__ 0.4872834687983234 neg 0.28152726034369857 off 0.2311892708579781	false	1.0
abrupt	neg 1.0		__DUMMY__ 0.4889275821435979 neg 0.2808564706418967 off 0.2302159472145054	false	1.0
unwirksam	neg 1.0		__DUMMY__ 0.48133394610910274 neg 0.28742756448023066 off 0.23123848941066658	false	1.0
angreifen	neg 1.0		__DUMMY__ 0.4845949228115633 neg 0.28890083452219084 off 0.22650424266624586	false	1.0
inkonsistent	neg 1.0		__DUMMY__ 0.4843149068002433 neg 0.2820713697571322 off 0.2336137234426244	false	1.0
abrutschen	neg 1.0		__DUMMY__ 0.48760584651257327 neg 0.2883038701909992 off 0.22409028329642755	false	1.0
unsicher	neg 1.0		__DUMMY__ 0.48618150755142336 neg 0.28266980513029766 off 0.2311486873182791	false	1.0
bauernkind	off 1.0		__DUMMY__ 0.4793949553872205 neg 0.27755745889274064 off 0.24304758572003893	false	0.5
angreifer	neg 1.0		__DUMMY__ 0.48226592541481517 neg 0.2836452183198528 off 0.2340888562653321	false	1.0
trennen	neg 1.0		__DUMMY__ 0.4889949118234851 neg 0.2841325207093822 off 0.22687256746713272	false	1.0
schmutz	neg 1.0		__DUMMY__ 0.4890195784194656 neg 0.27294719367902676 off 0.23803322790150763	false	1.0
inkonsistenz	neg 1.0	neg 1.0	neg 0.6314421773800586 __DUMMY__ 0.23576326115023638 off 0.13279456146970509	false	1.0
erschreckend	neg 1.0		__DUMMY__ 0.48442990395446756 neg 0.28621367609698073 off 0.2293564199485517	false	1.0
ertrinken	neg 1.0		__DUMMY__ 0.48702931377386466 neg 0.28529841117909593 off 0.2276722750470393	false	1.0
pickelface	off 1.0		__DUMMY__ 0.4830194126538326 neg 0.285326433171926 off 0.2316541541742415	false	0.5
seiner			__DUMMY__ 0.48567434001783955 neg 0.2877740054003011 off 0.22655165458185936	false	0.0
lauch	neg 1.0		__DUMMY__ 0.4868841484024853 neg 0.28771349394474166 off 0.22540235765277308	false	1.0
unwichtig	neg 1.0		__DUMMY__ 0.4839614212414045 neg 0.28038690062617405 off 0.23565167813242144	false	1.0
steuerhinterziehung	neg 1.0		__DUMMY__ 0.4813891114700466 neg 0.28906388014066325 off 0.22954700838929018	false	1.0
schock	neg 1.0		__DUMMY__ 0.4883495059781343 neg 0.2817367181048272 off 0.22991377591703863	false	1.0
beule	neg 1.0		__DUMMY__ 0.48599760955011473 neg 0.27643890794529885 off 0.2375634825045865	false	1.0
vergelten	neg 1.0		__DUMMY__ 0.4806391977207148 neg 0.27812189771049456 off 0.24123890456879055	false	1.0
verdorbenheit	neg 1.0		__DUMMY__ 0.48717260881610486 neg 0.2797199969035608 off 0.23310739428033436	false	1.0
trauma	neg 1.0		__DUMMY__ 0.4844758848744228 neg 0.2826179733981264 off 0.23290614172745094	false	1.0
sinnlos	neg 1.0		__DUMMY__ 0.4846780504237666 neg 0.28213784066427083 off 0.2331841089119625	false	1.0
fettsack	off 1.0	off 1.0	off 0.6076071824124698 __DUMMY__ 0.235181828075823 neg 0.15721098951170728	false	1.0
feige	off 1.0		__DUMMY__ 0.4817471630469575 neg 0.2836868112844194 off 0.23456602566862303	false	0.5
abdanken	neg 1.0		__DUMMY__ 0.479032148797774 neg 0.29197086492802576 off 0.22899698627420037	false	1.0
wichtigtuer	off 1.0	off 1.0	off 0.6018756996113606 __DUMMY__ 0.23577046767214174 neg 0.1623538327164977	false	1.0
misslingen	neg 1.0		__DUMMY__ 0.4866620879113571 neg 0.27969950957339174 off 0.23363840251525125	false	1.0
untreu	off 1.0		__DUMMY__ 0.4836949078149495 neg 0.27992864756223373 off 0.23637644462281668	false	0.5
missmutig	neg 1.0		__DUMMY__ 0.48555727027346424 neg 0.27923212834336264 off 0.23521060138317312	false	1.0
hurenbock	off 1.0		__DUMMY__ 0.4880249584558837 neg 0.27842751006766425 off 0.23354753147645202	false	0.5
betrunken	neg 1.0		__DUMMY__ 0.48490955887138393 neg 0.27676784263811993 off 0.2383225984904961	false	1.0
korrupt	off 1.0		__DUMMY__ 0.4804945960520594 neg 0.29183184709590876 off 0.22767355685203186	false	0.5
unmut	neg 1.0		__DUMMY__ 0.48561301706254884 neg 0.2900609447779366 off 0.2243260381595146	false	1.0
hackfresse	off 1.0		__DUMMY__ 0.4815598862329312 neg 0.27496663411117983 off 0.24347347965588903	false	0.5
aufblasen	neg 1.0		__DUMMY__ 0.48696267648023656 neg 0.2801711496981206 off 0.23286617382164285	false	1.0
gewaltsam	neg 1.0		__DUMMY__ 0.48188436771418497 neg 0.2864593291023721 off 0.2316563031834429	false	1.0
unbeliebtheit	neg 1.0		__DUMMY__ 0.4773145242410666 neg 0.2860291173606584 off 0.236656358398275	false	1.0
sturheit	neg 1.0		__DUMMY__ 0.48255783433553023 neg 0.2883825531756167 off 0.22905961248885323	false	1.0
kuh	neg 1.0		__DUMMY__ 0.4842800538848863 neg 0.2827882538344384 off 0.2329316922806753	false	1.0
erschrecken	neg 1.0		__DUMMY__ 0.48516682143892875 neg 0.2800417105876144 off 0.23479146797345687	false	1.0
opfer	neg 1.0	neg 1.0	neg 0.6339186961078137 __DUMMY__ 0.2371771030720674 off 0.12890420082011897	false	1.0
sinken	neg 1.0		__DUMMY__ 0.48619148051367456 neg 0.2885037254405533 off 0.22530479404577228	false	1.0
stinktier	neg 1.0		__DUMMY__ 0.48163796496519445 neg 0.278027201017376 off 0.24033483401742967	false	1.0
tucke	off 1.0		__DUMMY__ 0.4828216409949495 neg 0.27269106678628374 off 0.24448729221876667	false	0.5
ein			__DUMMY__ 0.4886478785410538 neg 0.27886658818907456 off 0.2324855332698717	false	0.0
abstieg	neg 1.0		__DUMMY__ 0.4830343822368293 neg 0.2882512411841633 off 0.22871437657900737	false	1.0
missverstehen	neg 1.0		__DUMMY__ 0.4825209132955854 neg 0.2849945859088415 off 0.23248450079557306	false	1.0
ergebnislos	neg 1.0		__DUMMY__ 0.4840199980109426 neg 0.287507812758053 off 0.22847218923100446	false	1.0
unter			__DUMMY__ 0.49212860921192514 neg 0.286555838970137 off 0.22131555181793788	false	0.0
manipulieren	neg 1.0		__DUMMY__ 0.4851914599480708 neg 0.2882907383996191 off 0.22651780165231014	false	1.0
unbewiesen	neg 1.0		__DUMMY__ 0.47900267852571493 neg 0.290881262524022 off 0.23011605895026302	false	1.0
verschleppen	neg 1.0		__DUMMY__ 0.48338033055142604 neg 0.288562525183363 off 0.22805714426521098	false	1.0
weib	off 1.0		__DUMMY__ 0.4808005859127892 neg 0.2744383536451291 off 0.24476106044208176	false	0.5
opposition	neg 1.0		__DUMMY__ 0.4808005530373373 neg 0.2870150036208349 off 0.23218444334182775	false	1.0
verkehrswidrig	neg 1.0		__DUMMY__ 0.48432919196858015 neg 0.2734271979050977 off 0.24224361012632226	false	1.0
inkorrekt	neg 1.0		__DUMMY__ 0.47927537538740406 neg 0.2849983602269618 off 0.23572626438563418	false	1.0
vermeiden	neg 1.0		__DUMMY__ 0.49026157294092426 neg 0.28617036173256793 off 0.22356806532650791	false	1.0
abweichung	neg 1.0		__DUMMY__ 0.4822269504689683 neg 0.28962874314612436 off 0.22814430638490737	false	1.0
alkoholisiert	neg 1.0		__DUMMY__ 0.48781681833134366 neg 0.28268693498112424 off 0.2294962466875321	false	1.0
scheiss	off 1.0	off 1.0	off 0.6051785058405619 __DUMMY__ 0.23717239279739327 neg 0.15764910136204482	false	1.0
herausforderung	neg 1.0		__DUMMY__ 0.4902590348147808 neg 0.27990780506737417 off 0.2298331601178451	false	1.0
pervers	off 1.0		__DUMMY__ 0.48009247045407777 neg 0.27231353013920956 off 0.2475939994067125	false	0.5
wackelig	neg 1.0		__DUMMY__ 0.48998013197897816 neg 0.2803804938003452 off 0.22963937422067654	false	1.0
verwickeln	neg 1.0		__DUMMY__ 0.48356907533927934 neg 0.2839680200488804 off 0.23246290461184024	false	1.0
vorwand	neg 1.0		__DUMMY__ 0.4845556523807207 neg 0.29053620907712185 off 0.22490813854215738	false	1.0
muschi	off 1.0		__DUMMY__ 0.48264969284319775 neg 0.2863518840708822 off 0.23099842308592008	false	0.5
entmutigung	neg 1.0		__DUMMY__ 0.4766015032263013 neg 0.2914516461441735 off 0.23194685062952522	false	1.0
unangemessen	neg 1.0		__DUMMY__ 0.4824522069019093 neg 0.2897507722438769 off 0.22779702085421377	false	1.0
unstetig	neg 1.0		__DUMMY__ 0.4836300010557909 neg 0.2812998369987331 off 0.2350701619454759	false	1.0
entmutigen	neg 1.0		__DUMMY__ 0.4855394781303179 neg 0.2822098777423518 off 0.23225064412733035	false	1.0
schwanz	neg 1.0		__DUMMY__ 0.4850267316959374 neg 0.28578298748013514 off 0.22919028082392742	false	1.0
verbot	neg 1.0		__DUMMY__ 0.48148419263122466 neg 0.2898977808468513 off 0.22861802652192392	false	1.0
leid	neg 1.0		__DUMMY__ 0.482411916432276 neg 0.2759080637908959 off 0.241680019776828	false	1.0
archaisch	neg 1.0		__DUMMY__ 0.4829716934384185 neg 0.2885504269857037 off 0.2284778795758779	false	1.0
gegen			__DUMMY__ 0.4836850363177092 neg 0.2911441029031464 off 0.22517086077914453	false	0.0
scheidung	neg 1.0	neg 1.0	neg 0.6187783720401777 __DUMMY__ 0.2354221122786702 off 0.14579951568115204	false	1.0
einschlag	neg 1.0		__DUMMY__ 0.48125056143389944 neg 0.2780544698178799 off 0.2406949687482208	false	1.0
m			__DUMMY__ 0.4868493091419179 neg 0.2829592822300093 off 0.23019140862807275	false	0.0
abgestanden	neg 1.0		__DUMMY__ 0.4879135380857818 neg 0.2801100314716389 off 0.2319764304425793	false	1.0
schmierig	off 1.0		__DUMMY__ 0.48343302903449464 neg 0.27586761769271745 off 0.24069935327278796	false	0.5
unpraktisch	neg 1.0		__DUMMY__ 0.48759382195061296 neg 0.27939574299144654 off 0.2330104350579405	false	1.0
wixxer	off 1.0		__DUMMY__ 0.4788605400612905 neg 0.2736713916201775 off 0.24746806831853202	false	0.5
bezeichnet			__DUMMY__ 0.4828118661425984 neg 0.2875726923877869 off 0.22961544146961477	false	0.0
jammerlappen	off 1.0		__DUMMY__ 0.4837439394923298 neg 0.2807821402664127 off 0.2354739202412575	false	0.5
farce	neg 1.0		__DUMMY__ 0.4788012313805498 neg 0.29286509372442965 off 0.22833367489502068	false	1.0
zwecklos	neg 1.0		__DUMMY__ 0.4834884208740774 neg 0.28882051836312195 off 0.22769106076280077	false	1.0
turbulent	neg 1.0		__DUMMY__ 0.4819847385571099 neg 0.27853664612704715 off 0.23947861531584302	false	1.0
invasion	neg 1.0		__DUMMY__ 0.48582436663157624 neg 0.27930420926576116 off 0.23487142410266254	false	1.0
schuld	neg 1.0		__DUMMY__ 0.4841126608440622 neg 0.28429783704509753 off 0.2315895021108401	false	1.0
risiko	neg 1.0		__DUMMY__ 0.4876205591811462 neg 0.2767354118949228 off 0.235644028923931	false	1.0
finster	neg 1.0		__DUMMY__ 0.4881014980938307 neg 0.27965336078009884 off 0.23224514112607045	false	1.0
geisteskrank	off 1.0		__DUMMY__ 0.4804621700203912 neg 0.2830592301489067 off 0.23647859983070224	false	0.5
zusammenbrechen	neg 1.0		__DUMMY__ 0.4867520980653598 neg 0.28343381625686986 off 0.22981408567777037	false	1.0
ausbeute	neg 1.0		__DUMMY__ 0.4881549656616998 neg 0.28293395077725453 off 0.22891108356104567	false	1.0
hinterhalt	neg 1.0		__DUMMY__ 0.4839045920252924 neg 0.2841152366988614 off 0.23198017127584622	false	1.0
kritik	neg 1.0		__DUMMY__ 0.47996682816491987 neg 0.2913904863607386 off 0.22864268547434147	false	1.0
einschrumpfen	neg 1.0		__DUMMY__ 0.4804291580473292 neg 0.28518027653621364 off 0.23439056541645711	false	1.0
riskant	neg 1.0		__DUMMY__ 0.4859059002790867 neg 0.28702246148935107 off 0.2270716382315622	false	1.0
frustrieren	neg 1.0		__DUMMY__ 0.48517944854105577 neg 0.28801631873118655 off 0.2268042327277576	false	1.0
groll	neg 1.0		__DUMMY__ 0.4836488474730857 neg 0.28840045002544995 off 0.2279507025014642	false	1.0
gibt			__DUMMY__ 0.48550927607089106 neg 0.28546595101216476 off 0.22902477291694415	false	0.0
qualvoll	neg 1.0		__DUMMY__ 0.4855723726616557 neg 0.2808185214277162 off 0.233609105910628	false	1.0
wackeln	neg 1.0		__DUMMY__ 0.48809813564584525 neg 0.27938393223427377 off 0.23251793211988098	false	1.0
klagen	neg 1.0		__DUMMY__ 0.4843013521640289 neg 0.29089790429314655 off 0.22480074354282456	false	1.0
bankrott	neg 1.0		__DUMMY__ 0.48524575789861596 neg 0.27834527834366324 off 0.23640896375772083	false	1.0
trauern	neg 1.0		__DUMMY__ 0.48497549806873674 neg 0.2880733169584101 off 0.22695118497285313	false	1.0
ablehnung	neg 1.0	neg 1.0	neg 0.6352071990618943 __DUMMY__ 0.23494397314321155 off 0.1298488277948942	false	1.0
stur	neg 1.0		__DUMMY__ 0.48440294163229525 neg 0.2834993418449631 off 0.23209771652274166	false	1.0
aufruhr	neg 1.0		__DUMMY__ 0.48096190907751 neg 0.28826139534222645 off 0.23077669558026362	false	1.0
melancholie	neg 1.0		__DUMMY__ 0.4883927243047753 neg 0.2823370551212891 off 0.22927022057393553	false	1.0
ist			__DUMMY__ 0.48433700513937555 neg 0.2833694511750619 off 0.23229354368556263	false	0.0
torheit	neg 1.0		__DUMMY__ 0.4790246292167318 neg 0.29017946223299185 off 0.23079590855027637	false	1.0
dreckskind	off 1.0		__DUMMY__ 0.47860948486665633 neg 0.2797166490783156 off 0.24167386605502789	false	0.5
umtauschen	neg 1.0		__DUMMY__ 0.48753466985016075 neg 0.2812375680733968 off 0.23122776207644252	false	1.0
zum			__DUMMY__ 0.4921453659956327 neg 0.28330722453770874 off 0.22454740946665852	false	0.0
zersetzen	neg 1.0		__DUMMY__ 0.48476413044617334 neg 0.2894699536049081 off 0.22576591594891862	false	1.0
zur			__DUMMY__ 0.4868817124243318 neg 0.29023486888196637 off 0.22288341869370185	false	0.0
frust	neg 1.0		__DUMMY__ 0.4858538939843298 neg 0.28491529051428627 off 0.22923081550138377	false	1.0
unerbittlichkeit	neg 1.0		__DUMMY__ 0.4841243656684064 neg 0.2893347274471528 off 0.226540906884441	false	1.0
zwei			__DUMMY__ 0.49020031621194804 neg 0.2839817704361651 off 0.22581791335188697	false	0.0
unkorrekt	neg 1.0		__DUMMY__ 0.47969417650943325 neg 0.2836980424508556 off 0.23660778103971103	false	1.0
hexe	off 1.0		__DUMMY__ 0.48443732562081826 neg 0.2790303125769515 off 0.23653236180223042	false	0.5
lasch	neg 1.0		__DUMMY__ 0.481978907299424 neg 0.2844075782453925 off 0.2336135144551836	false	1.0
rivale	neg 1.0		__DUMMY__ 0.48195569270052846 neg 0.27768178209710304 off 0.2403625252023686	false	1.0
mutlos	off 1.0	off 1.0	off 0.5989732168883553 __DUMMY__ 0.23614999298234565 neg 0.16487679012929907	false	1.0
wirr	off 1.0		__DUMMY__ 0.48037064441855387 neg 0.28103048139447356 off 0.23859887418697256	false	0.5
jahr			__DUMMY__ 0.48955907651341163 neg 0.28225314813863595 off 0.2281877753479524	false	0.0
wird			__DUMMY__ 0.4857281250728955 neg 0.28662016942763363 off 0.2276517054994708	false	0.0
strafbar	neg 1.0		__DUMMY__ 0.48235224937811155 neg 0.29126983072783624 off 0.22637791989405223	false	1.0
erosion	neg 1.0		__DUMMY__ 0.4863484444455895 neg 0.2804616925299359 off 0.23318986302447473	false	1.0
eingehen	neg 1.0		__DUMMY__ 0.48410318299243754 neg 0.28839173888623937 off 0.227505078121323	false	1.0
faul	off 1.0		__DUMMY__ 0.48703612497857873 neg 0.27677269029601853 off 0.23619118472540268	false	0.5
provisorium	neg 1.0		__DUMMY__ 0.49065656440443844 neg 0.2890370190212142 off 0.2203064165743473	false	1.0
schmerzen	neg 1.0		__DUMMY__ 0.4868807207484443 neg 0.2829592421473566 off 0.230160037104199	false	1.0
schrumpfen	neg 1.0		__DUMMY__ 0.4876743973264846 neg 0.2895967163466024 off 0.22272888632691304	false	1.0
geistlos	off 1.0		__DUMMY__ 0.47878565781604104 neg 0.28874365475873753 off 0.23247068742522142	false	0.5
fehlkauf	neg 1.0		__DUMMY__ 0.48271604014279884 neg 0.28359399980646377 off 0.2336899600507373	false	1.0
frustrierend	neg 1.0		__DUMMY__ 0.48522461510065773 neg 0.2799846845041076 off 0.23479070039523484	false	1.0
unzufrieden	neg 1.0		__DUMMY__ 0.48490172970554324 neg 0.28690837010707165 off 0.22818990018738514	false	1.0
verzweifeln	neg 1.0		__DUMMY__ 0.4859710720018238 neg 0.28361425140715274 off 0.2304146765910235	false	1.0
verzweifelt	neg 1.0		__DUMMY__ 0.4845454942736766 neg 0.28344193077322677 off 0.23201257495309663	false	1.0
misstrauensantrag	neg 1.0		__DUMMY__ 0.48260003395914747 neg 0.283701481262952 off 0.23369848477790053	false	1.0
abfallen	neg 1.0		__DUMMY__ 0.4888138964930271 neg 0.27831049222834053 off 0.23287561127863235	false	1.0
fucker	off 1.0		__DUMMY__ 0.4816035349608145 neg 0.2795792770239236 off 0.23881718801526194	false	0.5
ungezogen	neg 1.0		__DUMMY__ 0.48168383495763983 neg 0.2730670384332238 off 0.2452491266091363	false	1.0
irrsinnig	neg 1.0	neg 1.0	neg 0.6320693352011981 __DUMMY__ 0.23658356620732282 off 0.13134709859147906	false	1.0
unfassbar	neg 1.0		__DUMMY__ 0.4837346649940947 neg 0.28022175039130887 off 0.2360435846145966	false	1.0
hart	neg 1.0		__DUMMY__ 0.48292830088398714 neg 0.28081824672071776 off 0.23625345239529522	false	1.0
widerlich	off 1.0		__DUMMY__ 0.4821123366181035 neg 0.2813356860885622 off 0.23655197729333435	false	0.5
fatal	neg 1.0		__DUMMY__ 0.4834667887928399 neg 0.2827035405526778 off 0.23382967065448235	false	1.0
bruch	neg 1.0		__DUMMY__ 0.48317387700864134 neg 0.2929012687406679 off 0.2239248542506907	false	1.0
aushungern	neg 1.0		__DUMMY__ 0.4806937138806802 neg 0.28898042674685653 off 0.23032585937246328	false	1.0
anspannung	neg 1.0		__DUMMY__ 0.488960714504247 neg 0.2864508175733923 off 0.22458846792236067	false	1.0
von			__DUMMY__ 0.48891202679390816 neg 0.28419866650176645 off 0.2268893067043255	false	0.0
kraftlos	neg 1.0		__DUMMY__ 0.48902390573574417 neg 0.2819698047709086 off 0.22900628949334736	false	1.0
vom			__DUMMY__ 0.491360383704601 neg 0.28688904678972404 off 0.22175056950567482	false	0.0
grenzdebil	off 1.0		__DUMMY__ 0.48438504830676704 neg 0.27814405426910166 off 0.23747089742413113	false	0.5
vor			__DUMMY__ 0.48781944179394154 neg 0.28678512387776683 off 0.22539543432829148	false	0.0
unterwerfen	neg 1.0		__DUMMY__ 0.48369268642498486 neg 0.28931270845442675 off 0.22699460512058836	false	1.0
versenkung	neg 1.0		__DUMMY__ 0.4852565061028432 neg 0.2878168911271043 off 0.22692660277005264	false	1.0
entziehen	neg 1.0		__DUMMY__ 0.4850083961194031 neg 0.2905415189176881 off 0.22445008496290866	false	1.0
finanzkrise	neg 1.0		__DUMMY__ 0.4809322049591117 neg 0.2890283497495967 off 0.23003944529129158	false	1.0
schimpfend	neg 1.0		__DUMMY__ 0.48941974890308726 neg 0.27668864167928386 off 0.23389160941762874	false	1.0
profan	neg 1.0		__DUMMY__ 0.48473296112880965 neg 0.2821182225084311 off 0.23314881636275908	false	1.0
korruption	neg 1.0		__DUMMY__ 0.4811068301286673 neg 0.2908819357365025 off 0.22801123413483032	false	1.0
â			__DUMMY__ 0.4864668012642155 neg 0.284458017501855 off 0.2290751812339294	false	0.0
schmutzig	neg 1.0		__DUMMY__ 0.48609134392203157 neg 0.2765628374935889 off 0.23734581858437953	false	1.0
sexy	neg 1.0		__DUMMY__ 0.4843449296957057 neg 0.2800993393193647 off 0.23555573098492952	false	1.0
abraten	neg 1.0		__DUMMY__ 0.4860454256511202 neg 0.2813812617014443 off 0.23257331264743544	false	1.0
schwarz	neg 1.0		__DUMMY__ 0.48403683465599523 neg 0.28291392015677463 off 0.23304924518723005	false	1.0
fotze	off 1.0		__DUMMY__ 0.4832662966262533 neg 0.2875849783850503 off 0.2291487249886962	false	0.5
verwirren	neg 1.0		__DUMMY__ 0.48450984116509027 neg 0.28149727097533994 off 0.23399288785956987	false	1.0
zahnlos	off 1.0		__DUMMY__ 0.4832496097267779 neg 0.288735634501128 off 0.2280147557720943	false	0.5
verheeren	neg 1.0		__DUMMY__ 0.4790980696885042 neg 0.27388867520794336 off 0.24701325510355235	false	1.0
hippie	neg 1.0		__DUMMY__ 0.4839262147546799 neg 0.2808788284167066 off 0.23519495682861355	false	1.0
rammen	neg 1.0		__DUMMY__ 0.48591198159017795 neg 0.2795130502358252 off 0.23457496817399698	false	1.0
unlauter	neg 1.0	neg 1.0	neg 0.6310192212194113 __DUMMY__ 0.23635114163227466 off 0.1326296371483138	false	1.0
unheilvoll	neg 1.0		__DUMMY__ 0.48575199589737617 neg 0.2809596511736934 off 0.23328835292893055	false	1.0
niedrig	neg 1.0		__DUMMY__ 0.4858675260412015 neg 0.2855066442443727 off 0.22862582971442594	false	1.0
explosion	neg 1.0		__DUMMY__ 0.48524288730908915 neg 0.2797524593087003 off 0.23500465338221052	false	1.0
weichei	off 1.0		__DUMMY__ 0.4818374811652914 neg 0.27588592058349204 off 0.24227659825121645	false	0.5
minusmensch	off 1.0		__DUMMY__ 0.47622233279204534 neg 0.27799821467668473 off 0.24577945253127004	false	0.5
farblos	neg 1.0		__DUMMY__ 0.4845307995374591 neg 0.28329852940117467 off 0.23217067106136635	false	1.0
unwissend	neg 1.0	neg 1.0	neg 0.6300694715931218 __DUMMY__ 0.23605001016352165 off 0.13388051824335653	false	1.0
traurig	neg 1.0		__DUMMY__ 0.4840497522637537 neg 0.2767217155943475 off 0.23922853214189874	false	1.0
senkung	neg 1.0		__DUMMY__ 0.4841702177638082 neg 0.2811740827929201 off 0.2346556994432718	false	1.0
ungleich	neg 1.0	neg 1.0	neg 0.6344584065151047 __DUMMY__ 0.23675686885440633 off 0.12878472463048912	false	1.0
heikel	neg 1.0		__DUMMY__ 0.4852438424974724 neg 0.2889198715225894 off 0.2258362859799383	false	1.0
drosselung	neg 1.0		__DUMMY__ 0.48451710659367997 neg 0.27566559740101587 off 0.239817296005304	false	1.0
falsch	neg 1.0		__DUMMY__ 0.484223633091154 neg 0.28074224615559096 off 0.2350341207532551	false	1.0
unzufriedenheit	neg 1.0		__DUMMY__ 0.484863407174485 neg 0.2895549839889299 off 0.22558160883658507	false	1.0
kurz	neg 1.0		__DUMMY__ 0.48837291330858007 neg 0.2815905657429517 off 0.23003652094846821	false	1.0
unsinnig	neg 1.0		__DUMMY__ 0.48435104655888334 neg 0.28710086720651506 off 0.2285480862346017	false	1.0
penner	off 1.0	off 1.0	off 0.6087015625245942 __DUMMY__ 0.2355711723632335 neg 0.15572726511217239	false	1.0
seicht	neg 1.0		__DUMMY__ 0.4789584873698609 neg 0.2768619310796123 off 0.24417958155052677	false	1.0
dummheit	off 1.0	off 1.0	off 0.6023624335894592 __DUMMY__ 0.23584243199189792 neg 0.16179513441864304	false	1.0
unerfreulich	neg 1.0		__DUMMY__ 0.48671036107351906 neg 0.2876433043293515 off 0.22564633459712957	false	1.0
motherfucker	off 1.0	off 1.0	off 0.6057563986016169 __DUMMY__ 0.23560380289957478 neg 0.1586397984988083	false	1.0
pikiert	neg 1.0		__DUMMY__ 0.4822540242301186 neg 0.2825750377346412 off 0.23517093803524025	false	1.0
wrack	neg 1.0		__DUMMY__ 0.48606022492061784 neg 0.28485858527019936 off 0.2290811898091828	false	1.0
gangster	neg 1.0		__DUMMY__ 0.48413085142007967 neg 0.28149927730101104 off 0.23436987127890918	false	1.0
krank	neg 1.0		__DUMMY__ 0.4861187497232122 neg 0.2760226982242071 off 0.2378585520525807	false	1.0
reich	neg 1.0		__DUMMY__ 0.4776940711161002 neg 0.28700032049726404 off 0.2353056083866357	false	1.0
gnadenlos	neg 1.0		__DUMMY__ 0.4845051718875042 neg 0.28364624856137854 off 0.23184857955111718	false	1.0
niedergeschlagen	neg 1.0		__DUMMY__ 0.48633631797376026 neg 0.28395143171530846 off 0.22971225031093126	false	1.0
terrorisieren	off 1.0	off 1.0	off 0.5989876862615015 __DUMMY__ 0.23728109968664976 neg 0.16373121405184887	false	1.0
sinnlosigkeit	neg 1.0		__DUMMY__ 0.4836795547477873 neg 0.2881369740284799 off 0.22818347122373278	false	1.0
behindern	neg 1.0		__DUMMY__ 0.48643240160517165 neg 0.2822511500210234 off 0.2313164483738049	false	1.0
undemokratisch	neg 1.0		__DUMMY__ 0.4801651751639012 neg 0.2882862298199228 off 0.23154859501617597	false	1.0
wirtschaftskrise	neg 1.0		__DUMMY__ 0.48243733363276803 neg 0.2892367339684233 off 0.22832593239880855	false	1.0
neid	neg 1.0		__DUMMY__ 0.486094790819386 neg 0.27889828279272827 off 0.23500692638788576	false	1.0
rutschen	neg 1.0		__DUMMY__ 0.49255079842346444 neg 0.28260990381135437 off 0.22483929776518102	false	1.0
rezession	neg 1.0		__DUMMY__ 0.4796386121640686 neg 0.2799208871031125 off 0.24044050073281883	false	1.0
fehlgeburt	neg 1.0		__DUMMY__ 0.4834704070894555 neg 0.28535165267441076 off 0.23117794023613372	false	1.0
charakterschwach	off 1.0		__DUMMY__ 0.4823572988167818 neg 0.28117707434764244 off 0.23646562683557576	false	0.5
isolation	neg 1.0		__DUMMY__ 0.484162784957496 neg 0.2792813858027584 off 0.2365558292397456	false	1.0
ablenkung	neg 1.0		__DUMMY__ 0.48625768394185814 neg 0.28220143905533634 off 0.2315408770028056	false	1.0
pech	neg 1.0		__DUMMY__ 0.48569859933219617 neg 0.27974688521323116 off 0.23455451545457273	false	1.0
vermeidung	neg 1.0		__DUMMY__ 0.48537520834179604 neg 0.2758813218746918 off 0.23874346978351227	false	1.0
dominieren	neg 1.0		__DUMMY__ 0.48514934743933913 neg 0.2849815154729261 off 0.22986913708773482	false	1.0
schwindlig	neg 1.0		__DUMMY__ 0.48748675700374083 neg 0.2778620036523157 off 0.23465123934394336	false	1.0
lutscher	neg 1.0		__DUMMY__ 0.4796837954897261 neg 0.274984613162724 off 0.24533159134754992	false	1.0
pflicht	neg 1.0		__DUMMY__ 0.48476260665505555 neg 0.2897250527759651 off 0.22551234056897917	false	1.0
faschist	off 1.0		__DUMMY__ 0.4789898860221062 neg 0.2888467468033396 off 0.23216336717455416	false	0.5
verschleudern	neg 1.0		__DUMMY__ 0.4829884459600943 neg 0.2891984633867203 off 0.22781309065318534	false	1.0
wenn			__DUMMY__ 0.4842044107353417 neg 0.2808336851104441 off 0.2349619041542141	false	0.0
ehebruch	neg 1.0		__DUMMY__ 0.48258539229002556 neg 0.2903159361135872 off 0.22709867159638725	false	1.0
spott	off 1.0		__DUMMY__ 0.4832406233385734 neg 0.29010898256199824 off 0.2266503940994283	false	0.5
trostlosigkeit	neg 1.0		__DUMMY__ 0.4816517368465578 neg 0.29349040992533587 off 0.22485785322810642	false	1.0
lutschen	neg 1.0		__DUMMY__ 0.48227605626899755 neg 0.28211605818542995 off 0.2356078855455725	false	1.0
undiszipliniert	neg 1.0		__DUMMY__ 0.4837802249121309 neg 0.2776868417323433 off 0.23853293335552594	false	1.0
kopfschmerz	neg 1.0		__DUMMY__ 0.4864248151682501 neg 0.28275271021628023 off 0.23082247461546976	false	1.0
unvorhergesehen	neg 1.0		__DUMMY__ 0.4900991833797105 neg 0.2794939026860057 off 0.23040691393428375	false	1.0
desinteressiert	neg 1.0		__DUMMY__ 0.4825648185255178 neg 0.27956010326721825 off 0.23787507820726386	false	1.0
armselig	off 1.0		__DUMMY__ 0.4815931118294465 neg 0.27969957805080303 off 0.23870731011975066	false	0.5
desaster	neg 1.0		__DUMMY__ 0.4831424075555222 neg 0.2933000410480392 off 0.22355755139643865	false	1.0
tod	neg 1.0		__DUMMY__ 0.4813330532931899 neg 0.2922607409639617 off 0.22640620574284837	false	1.0
herzlos	neg 1.0		__DUMMY__ 0.48346101914361445 neg 0.2767021258524393 off 0.2398368550039462	false	1.0
unwissenheit	neg 1.0		__DUMMY__ 0.4830030679661025 neg 0.2890024854230835 off 0.22799444661081403	false	1.0
widersinnig	neg 1.0		__DUMMY__ 0.48029071756332464 neg 0.29107331872061587 off 0.22863596371605957	false	1.0
bedenklich	neg 1.0		__DUMMY__ 0.48473608939911983 neg 0.2884639147784615 off 0.2267999958224188	false	1.0
beanstanden	neg 1.0		__DUMMY__ 0.4852672376630151 neg 0.28944595792964345 off 0.2252868044073413	false	1.0
panisch	neg 1.0	neg 1.0	neg 0.6274359012244617 __DUMMY__ 0.23962554892965532 off 0.1329385498458829	false	1.0
debil	off 1.0		__DUMMY__ 0.4866055333866625 neg 0.2907126068839171 off 0.22268185972942045	false	0.5
abstrich	neg 1.0		__DUMMY__ 0.48973199015370145 neg 0.2774461308368436 off 0.23282187900945503	false	1.0
primitiv	neg 1.0		__DUMMY__ 0.48202758857882133 neg 0.2807977118533466 off 0.23717469956783208	false	1.0
abschaum	off 1.0	off 1.0	off 0.6036982027591494 __DUMMY__ 0.23521221225562897 neg 0.16108958498522163	false	1.0
provozieren	neg 1.0		__DUMMY__ 0.48286130525296944 neg 0.28639947004225774 off 0.23073922470477298	false	1.0
tot	neg 1.0		__DUMMY__ 0.48335937646949834 neg 0.2870803795598131 off 0.22956024397068864	false	1.0
instabil	neg 1.0		__DUMMY__ 0.4809775249317994 neg 0.27906832019742367 off 0.2399541548707769	false	1.0
schwuchtel	off 1.0		__DUMMY__ 0.47621105583684864 neg 0.27364455386985126 off 0.2501443902933001	false	0.5
zerren	neg 1.0		__DUMMY__ 0.48603509008524504 neg 0.28449564739981004 off 0.22946926251494487	false	1.0
kinderficker	off 1.0		__DUMMY__ 0.4794029613507196 neg 0.2800992718813409 off 0.2404977667679394	false	0.5
gefahr	neg 1.0		__DUMMY__ 0.48360243464098684 neg 0.2892284164985975 off 0.22716914886041567	false	1.0
rabiat	neg 1.0		__DUMMY__ 0.4845270653787861 neg 0.28462227640756704 off 0.2308506582136468	false	1.0
verlangsamung	neg 1.0		__DUMMY__ 0.48005999837776064 neg 0.27566100125640225 off 0.24427900036583702	false	1.0
ausgestorben	neg 1.0		__DUMMY__ 0.485553977500852 neg 0.28501258487705694 off 0.22943343762209112	false	1.0
anklagen	neg 1.0		__DUMMY__ 0.4826530155629288 neg 0.2873002424616973 off 0.23004674197537392	false	1.0
trott	neg 1.0		__DUMMY__ 0.4858355962472972 neg 0.2828274029186044 off 0.23133700083409844	false	1.0
verminderung	neg 1.0		__DUMMY__ 0.4832187256486063 neg 0.2777824607466267 off 0.238998813604767	false	1.0
nach			__DUMMY__ 0.49080721428134266 neg 0.2850123653467017 off 0.22418042037195576	false	0.0
rost	neg 1.0		__DUMMY__ 0.47998137051667294 neg 0.27568478078931946 off 0.2443338486940077	false	1.0
destruktiv	neg 1.0		__DUMMY__ 0.48218357347863433 neg 0.28854312156356715 off 0.22927330495779846	false	1.0
unzumutbarkeit	neg 1.0		__DUMMY__ 0.4849847110487855 neg 0.2762648012878977 off 0.23875048766331677	false	1.0
labil	off 1.0	off 1.0	off 0.604548629229262 __DUMMY__ 0.2357653648299235 neg 0.15968600594081458	false	1.0
ziemlich	neg 1.0		__DUMMY__ 0.4842632701366086 neg 0.2788579637872486 off 0.23687876607614294	false	1.0
lachnummer	off 1.0		__DUMMY__ 0.4824440795326386 neg 0.28817172517539513 off 0.22938419529196616	false	0.5
oder			__DUMMY__ 0.4870652683095168 neg 0.2815191000072145 off 0.2314156316832688	false	0.0
verfall	neg 1.0		__DUMMY__ 0.4859775311964709 neg 0.2917929216234181 off 0.22222954718011106	false	1.0
ausgrenzung	neg 1.0		__DUMMY__ 0.48020873594249364 neg 0.28747313292208027 off 0.23231813113542601	false	1.0
unordnung	neg 1.0		__DUMMY__ 0.4802152584304989 neg 0.279521151329135 off 0.24026359024036614	false	1.0
fehlverhalten	neg 1.0		__DUMMY__ 0.4832397680502613 neg 0.2904184594797389 off 0.22634177246999976	false	1.0
eine			__DUMMY__ 0.4872373225109105 neg 0.28720140558469814 off 0.2255612719043914	false	0.0
nille	neg 1.0		__DUMMY__ 0.48211536257245957 neg 0.2872786674041762 off 0.23060597002336422	false	1.0
qual	neg 1.0		__DUMMY__ 0.48554130623295505 neg 0.28328465761748123 off 0.23117403614956378	false	1.0
verschwenden	neg 1.0		__DUMMY__ 0.48573262361632946 neg 0.28704111022375717 off 0.22722626615991326	false	1.0
riesig	neg 1.0		__DUMMY__ 0.4864384713266859 neg 0.2828958396120195 off 0.23066568906129462	false	1.0
verurteilen	neg 1.0		__DUMMY__ 0.48226473809401244 neg 0.2897387064141656 off 0.22799655549182193	false	1.0
klischee	neg 1.0	neg 1.0	neg 0.6314786309939271 __DUMMY__ 0.23570908514844938 off 0.13281228385762356	false	1.0
diktatorisch	neg 1.0		__DUMMY__ 0.47881559830765025 neg 0.2901236857414485 off 0.23106071595090139	false	1.0
vorhersehbar	neg 1.0		__DUMMY__ 0.48250599696834856 neg 0.2848258828728251 off 0.2326681201588262	false	1.0
sowie			__DUMMY__ 0.4793751291416204 neg 0.2783366750279731 off 0.2422881958304065	false	0.0
stornieren	neg 1.0		__DUMMY__ 0.48664556259478103 neg 0.2788406635502329 off 0.23451377385498612	false	1.0
besteuerung	neg 1.0		__DUMMY__ 0.4840025232505828 neg 0.28342690965940487 off 0.23257056709001223	false	1.0
ungeschminkt	neg 1.0		__DUMMY__ 0.4840136010616787 neg 0.27837519964673074 off 0.23761119929159064	false	1.0
kritisch	neg 1.0		__DUMMY__ 0.48353410749076997 neg 0.2896520755731234 off 0.2268138169361066	false	1.0
schlamperei	off 1.0		__DUMMY__ 0.483284975381591 neg 0.2892286807487298 off 0.22748634386967923	false	0.5
sucht	neg 1.0	neg 1.0	neg 0.626954730119785 __DUMMY__ 0.23949278833458948 off 0.1335524815456256	false	1.0
egoistisch	off 1.0		__DUMMY__ 0.48166452148315875 neg 0.2763285729920614 off 0.24200690552477983	false	0.5
ausbeuter	off 1.0		__DUMMY__ 0.482799795473149 neg 0.29133469459433986 off 0.22586550993251106	false	0.5
arschgeburt	off 1.0		__DUMMY__ 0.47627205497159697 neg 0.2737043138015255 off 0.25002363122687765	false	0.5
schubs	neg 1.0	neg 1.0	neg 0.6302525678086295 __DUMMY__ 0.2395223327299093 off 0.13022509946146119	false	1.0
unsolide	neg 1.0		__DUMMY__ 0.4774693404636687 neg 0.28806270113370525 off 0.2344679584026261	false	1.0
beschwerde	neg 1.0		__DUMMY__ 0.48367756163595527 neg 0.28783422581351004 off 0.22848821255053467	false	1.0
stocken	neg 1.0		__DUMMY__ 0.4856427485754526 neg 0.28590944797667256 off 0.22844780344787488	false	1.0
isolieren	neg 1.0		__DUMMY__ 0.48743423236094735 neg 0.2814013995596661 off 0.23116436807938667	false	1.0
unheilbar	neg 1.0		__DUMMY__ 0.48377611502461404 neg 0.2848710160207566 off 0.2313528689546294	false	1.0
pisser	off 1.0		__DUMMY__ 0.48085570013614604 neg 0.279353418049812 off 0.23979088181404198	false	0.5
löschen	neg 1.0		__DUMMY__ 0.48411053188700687 neg 0.28365192888624025 off 0.23223753922675294	false	1.0
durchfallen	neg 1.0		__DUMMY__ 0.48505598507946884 neg 0.28744210135715903 off 0.22750191356337215	false	1.0
wichser	off 1.0		__DUMMY__ 0.4799496284506856 neg 0.27339028530829973 off 0.24666008624101476	false	0.5
terror	neg 1.0		__DUMMY__ 0.4861072547216401 neg 0.2782276194673747 off 0.23566512581098534	false	1.0
krass	neg 1.0		__DUMMY__ 0.48322392939624037 neg 0.2764898451991037 off 0.24028622540465586	false	1.0
revolte	neg 1.0	neg 1.0	neg 0.6344194536716933 __DUMMY__ 0.23327045189552711 off 0.13231009443277963	false	1.0
besorgt	neg 1.0		__DUMMY__ 0.4881401608200511 neg 0.2818693239542434 off 0.2299905152257054	false	1.0
nachlassen	neg 1.0		__DUMMY__ 0.4877669246451898 neg 0.2825119351958619 off 0.2297211401589484	false	1.0
alt	neg 1.0		__DUMMY__ 0.48848044056931017 neg 0.28376576499301576 off 0.2277537944376741	false	1.0
hundesohn	off 1.0		__DUMMY__ 0.4776990358022307 neg 0.27703645043236746 off 0.24526451376540176	false	0.5
als			__DUMMY__ 0.4865531441881405 neg 0.28467441468752996 off 0.22877244112432954	false	0.0
abschreckung	neg 1.0		__DUMMY__ 0.48398583985534177 neg 0.2908528541831344 off 0.2251613059615238	false	1.0
unqualifiziert	neg 1.0		__DUMMY__ 0.4825884120964567 neg 0.2843561148504566 off 0.23305547305308674	false	1.0
abgewichst	off 1.0		__DUMMY__ 0.4839353406601884 neg 0.28609602661463773 off 0.22996863272517387	false	0.5
schwer	neg 1.0		__DUMMY__ 0.48590446568341894 neg 0.283488336877832 off 0.230607197438749	false	1.0
bedeutungslosigkeit	neg 1.0		__DUMMY__ 0.4834463713204943 neg 0.2908615206575859 off 0.22569210802191986	false	1.0
kapitulation	neg 1.0		__DUMMY__ 0.480125924379748 neg 0.2927383647680527 off 0.22713571085219933	false	1.0
unscharf	neg 1.0		__DUMMY__ 0.48542206227222884 neg 0.2799999015517586 off 0.23457803617601247	false	1.0
schwinden	neg 1.0		__DUMMY__ 0.48587195785702547 neg 0.2872932622140152 off 0.2268347799289593	false	1.0
versklavung	neg 1.0	neg 1.0	neg 0.6339722282000892 __DUMMY__ 0.23467608873941578 off 0.1313516830604949	false	1.0
schlecht	neg 1.0		__DUMMY__ 0.484580994382339 neg 0.27808883454397 off 0.2373301710736911	false	1.0
verhasst	neg 1.0		__DUMMY__ 0.48238118544028386 neg 0.28694631191624714 off 0.23067250264346886	false	1.0
beschweren	neg 1.0		__DUMMY__ 0.4852905430567037 neg 0.28194699532478024 off 0.23276246161851602	false	1.0
scheiden	neg 1.0		__DUMMY__ 0.48488261328548343 neg 0.28492154487546767 off 0.23019584183904884	false	1.0
frustriert	neg 1.0		__DUMMY__ 0.48543464860199537 neg 0.28509735326438346 off 0.22946799813362126	false	1.0
schimmelig	neg 1.0		__DUMMY__ 0.48638572608301484 neg 0.2853811588421416 off 0.22823311507484356	false	1.0
fisch	neg 1.0		__DUMMY__ 0.48606985692695803 neg 0.28555143985133313 off 0.22837870322170883	false	1.0
schmuggel	neg 1.0		__DUMMY__ 0.4871590762814627 neg 0.2862787968682354 off 0.2265621268503019	false	1.0
auffallen	neg 1.0		__DUMMY__ 0.48491528130587586 neg 0.2818717063072071 off 0.23321301238691713	false	1.0
konkurrenz	neg 1.0		__DUMMY__ 0.48684838477181236 neg 0.28753027812647974 off 0.22562133710170784	false	1.0
teufelskreis	neg 1.0		__DUMMY__ 0.48431730183296273 neg 0.286219108624314 off 0.2294635895427232	false	1.0
aufschreien	neg 1.0		__DUMMY__ 0.4828487312163258 neg 0.2845290836099093 off 0.23262218517376496	false	1.0
schuldner	neg 1.0		__DUMMY__ 0.4834809808683203 neg 0.2896183620829348 off 0.22690065704874499	false	1.0
missgeburt	off 1.0	off 1.0	off 0.6078305369127196 __DUMMY__ 0.2343622457731364 neg 0.157807217314144	false	1.0
arbeitslos	neg 1.0		__DUMMY__ 0.4839147322231968 neg 0.2878545213268922 off 0.22823074644991095	false	1.0
befallen	neg 1.0		__DUMMY__ 0.48040436767887135 neg 0.2920553999721341 off 0.22754023234899454	false	1.0
miesepetrig	off 1.0		__DUMMY__ 0.485560643873647 neg 0.2771860838071406 off 0.2372532723192124	false	0.5
alarmieren	neg 1.0		__DUMMY__ 0.4817665128276669 neg 0.2823565515535389 off 0.23587693561879425	false	1.0
ungeduscht	off 1.0		__DUMMY__ 0.48561236096173543 neg 0.2796675019474732 off 0.23472013709079126	false	0.5
knappheit	neg 1.0		__DUMMY__ 0.4851348262576885 neg 0.28563229871920787 off 0.22923287502310377	false	1.0
schlange	neg 1.0		__DUMMY__ 0.486787223741607 neg 0.28026336192569024 off 0.23294941433270283	false	1.0
harsch	neg 1.0		__DUMMY__ 0.4840202814190228 neg 0.27208654959039746 off 0.24389316899057986	false	1.0
lang	neg 1.0		__DUMMY__ 0.4849896456227807 neg 0.2824234516529503 off 0.23258690272426907	false	1.0
ziellos	neg 1.0		__DUMMY__ 0.48606171001885445 neg 0.2857392056135166 off 0.22819908436762884	false	1.0
selbstverliebt	neg 1.0		__DUMMY__ 0.47704787701796597 neg 0.27576358073599694 off 0.24718854224603715	false	1.0
beseitigen	neg 1.0		__DUMMY__ 0.4868676298033145 neg 0.28029056577628214 off 0.23284180442040323	false	1.0
dumm	off 1.0		__DUMMY__ 0.48079468384292234 neg 0.27662403675441044 off 0.2425812794026672	false	0.5
arbeitsloser	neg 1.0		__DUMMY__ 0.48409794282803037 neg 0.2885533185726449 off 0.22734873859932472	false	1.0
blitzen	neg 1.0		__DUMMY__ 0.48357101527358043 neg 0.28146132917112193 off 0.23496765555529747	false	1.0
hilflos	neg 1.0		__DUMMY__ 0.4854187291127577 neg 0.2855696857032865 off 0.22901158518395576	false	1.0
eklig	off 1.0		__DUMMY__ 0.4806044045785071 neg 0.27575983827170897 off 0.24363575714978386	false	0.5
begriff			__DUMMY__ 0.4844018360115435 neg 0.28636979693400905 off 0.2292283670544474	false	0.0
hungersnot	neg 1.0		__DUMMY__ 0.4794995406406485 neg 0.2910414685584666 off 0.22945899080088505	false	1.0
ungesetzlich	neg 1.0		__DUMMY__ 0.4796851692326827 neg 0.28755950307564704 off 0.23275532769167045	false	1.0
verschwendung	neg 1.0		__DUMMY__ 0.4854860660492098 neg 0.2883281118844336 off 0.22618582206635668	false	1.0
schmerzvoll	neg 1.0		__DUMMY__ 0.4853790762863697 neg 0.28184623371692946 off 0.23277468999670067	false	1.0
vorzeitig	neg 1.0		__DUMMY__ 0.4838247148505718 neg 0.2792587154589595 off 0.2369165696904686	false	1.0
unvollkommenheit	neg 1.0		__DUMMY__ 0.4846715927510775 neg 0.28406168700713175 off 0.23126672024179082	false	1.0
intervenieren	neg 1.0		__DUMMY__ 0.4822483028284176 neg 0.29159234631656056 off 0.22615935085502184	false	1.0
banause	off 1.0		__DUMMY__ 0.47980170357465995 neg 0.2751689267965154 off 0.24502936962882463	false	0.5
rebell	neg 1.0		__DUMMY__ 0.4872893403963617 neg 0.2868003355675204 off 0.22591032403611788	false	1.0
unlogisch	neg 1.0		__DUMMY__ 0.4819055407899225 neg 0.2790822532514634 off 0.23901220595861405	false	1.0
leiden	neg 1.0	neg 1.0	neg 0.6291600466958549 __DUMMY__ 0.24168901594438985 off 0.12915093735975522	false	1.0
abschaffung	neg 1.0		__DUMMY__ 0.48234929165777185 neg 0.2859590075363148 off 0.2316917008059134	false	1.0
sturz	neg 1.0		__DUMMY__ 0.4818610982364544 neg 0.2860003376394754 off 0.23213856412407016	false	1.0
verkleinerung	neg 1.0		__DUMMY__ 0.480887707295256 neg 0.28436429653498635 off 0.23474799616975767	false	1.0
schmarotzer	off 1.0		__DUMMY__ 0.4827226561839298 neg 0.2898623963937241 off 0.22741494742234622	false	0.5
bestrafung	neg 1.0		__DUMMY__ 0.48322938539849786 neg 0.28499829122839004 off 0.2317723233731122	false	1.0
achtlos	neg 1.0		__DUMMY__ 0.4862824004254106 neg 0.28305576072127786 off 0.23066183885331154	false	1.0
ungeheuer	neg 1.0		__DUMMY__ 0.48358318958073404 neg 0.28335274488413953 off 0.23306406553512649	false	1.0
unaufrichtig	neg 1.0		__DUMMY__ 0.48077292911365527 neg 0.28573870615766594 off 0.2334883647286788	false	1.0
groggy	neg 1.0		__DUMMY__ 0.4832189455728486 neg 0.28211442079166477 off 0.2346666336354867	false	1.0
verletzlich	neg 1.0		__DUMMY__ 0.4830765356699451 neg 0.2798248622433179 off 0.23709860208673705	false	1.0
