unsolidarisch	neg 1.0		neg 0.36965592978023737 __DUMMY__ 0.33691335641335673 off 0.2934307138064059	false	1.0
nachteilig	neg 1.0		neg 0.36552631076358594 __DUMMY__ 0.34187425512328684 off 0.2925994341131273	false	1.0
skeptisch	neg 1.0		neg 0.3678475044976265 __DUMMY__ 0.34250317999921875 off 0.2896493155031548	false	1.0
schrecklich	neg 1.0		neg 0.3557167971670973 __DUMMY__ 0.3400124347843722 off 0.30427076804853054	false	1.0
schlapp	neg 1.0		neg 0.3563708497417877 __DUMMY__ 0.34272122841295855 off 0.3009079218452537	false	1.0
abfall	neg 1.0		neg 0.3686808683594117 __DUMMY__ 0.34315641703866506 off 0.28816271460192305	false	1.0
widerspenstig	neg 1.0		neg 0.360976980090556 __DUMMY__ 0.34323954579265464 off 0.2957834741167893	false	1.0
abrupt	neg 1.0		neg 0.36060293960439493 __DUMMY__ 0.3444063974615503 off 0.2949906629340547	false	1.0
unwirksam	neg 1.0		neg 0.3660673658878595 __DUMMY__ 0.33891406667073737 off 0.29501856744140315	false	1.0
angreifen	neg 1.0		neg 0.36818540669210037 __DUMMY__ 0.3413049482253334 off 0.29050964508256627	false	1.0
inkonsistent	neg 1.0		neg 0.36105019726847765 __DUMMY__ 0.34106281965831603 off 0.2978869830732062	false	1.0
abrutschen	neg 1.0		neg 0.3680642571719025 __DUMMY__ 0.34348953380239966 off 0.28844620902569784	false	1.0
unsicher	neg 1.0		neg 0.36198448130760996 __DUMMY__ 0.34245998461696214 off 0.29555553407542795	false	1.0
bauernkind	off 1.0		neg 0.3555168373771941 __DUMMY__ 0.33749116545496255 off 0.30699199716784326	false	0.5
angreifer	neg 1.0		neg 0.3623620863173123 __DUMMY__ 0.3395780566252684 off 0.2980598570574193	false	1.0
trennen	neg 1.0		neg 0.3639740827718864 __DUMMY__ 0.34449426007439315 off 0.29153165715372054	false	1.0
schmutz	neg 1.0		neg 0.3524705149155439 __DUMMY__ 0.3444533958792672 off 0.3030760892051889	false	1.0
inkonsistenz	neg 1.0	neg 1.0	neg 0.6706176974233918 __DUMMY__ 0.16481048175970264 off 0.1645718208169055	false	1.0
erschreckend	neg 1.0		neg 0.3653642072514647 __DUMMY__ 0.34118763919451406 off 0.29344815355402126	false	1.0
ertrinken	neg 1.0		neg 0.36485763464904203 __DUMMY__ 0.34306396568654485 off 0.29207839966441307	false	1.0
pickelface	off 1.0		neg 0.3642201182111323 __DUMMY__ 0.34013561008615373 off 0.29564427170271396	false	0.5
seiner			neg 0.3671922116222971 __DUMMY__ 0.342086075459973 off 0.2907217129177299	false	0.0
lauch	neg 1.0		neg 0.3673342970619191 __DUMMY__ 0.3429380879201341 off 0.2897276150179469	false	1.0
unwichtig	neg 1.0		neg 0.3592538266595405 __DUMMY__ 0.34084146124959885 off 0.2999047120908607	false	1.0
steuerhinterziehung	neg 1.0		neg 0.3678266213226241 __DUMMY__ 0.3389470084049296 off 0.2932263702724463	false	1.0
schock	neg 1.0		neg 0.36138860122771554 __DUMMY__ 0.34401717265201 off 0.2945942261202743	false	1.0
beule	neg 1.0		neg 0.3554739913929154 __DUMMY__ 0.3422970324310056 off 0.30222897617607886	false	1.0
vergelten	neg 1.0		neg 0.35638784110668625 __DUMMY__ 0.33838483163758176 off 0.30522732725573193	false	1.0
verdorbenheit	neg 1.0		neg 0.35907792987935094 __DUMMY__ 0.3431524257261758 off 0.29776964439447323	false	1.0
trauma	neg 1.0		neg 0.3616342774135499 __DUMMY__ 0.3412226643356348 off 0.29714305825081516	false	1.0
sinnlos	neg 1.0		neg 0.3611773061832943 __DUMMY__ 0.34136891126057084 off 0.2974537825561349	false	1.0
fettsack	off 1.0	off 1.0	off 0.6393704674976313 neg 0.19623244798375963 __DUMMY__ 0.16439708451860913	false	1.0
feige	off 1.0		neg 0.36229040694570125 __DUMMY__ 0.3392320314560639 off 0.2984775615982348	false	0.5
abdanken	neg 1.0		neg 0.37044421073468964 __DUMMY__ 0.3372392962697137 off 0.2923164929955966	false	1.0
wichtigtuer	off 1.0	off 1.0	off 0.6336508433891929 neg 0.20152594331366763 __DUMMY__ 0.16482321329713948	false	1.0
misslingen	neg 1.0		neg 0.35902277668169097 __DUMMY__ 0.34276073609467395 off 0.29821648722363514	false	1.0
untreu	off 1.0		neg 0.35871772482868053 __DUMMY__ 0.34065100311836544 off 0.300631272052954	false	0.5
missmutig	neg 1.0		neg 0.3583140466825379 __DUMMY__ 0.341990927760047 off 0.2996950255574152	false	1.0
hurenbock	off 1.0		neg 0.3579127145446185 __DUMMY__ 0.34373608748535955 off 0.298351197970022	false	0.5
betrunken	neg 1.0		neg 0.3556285336973631 __DUMMY__ 0.34152420435317815 off 0.3028472619494587	false	1.0
korrupt	off 1.0		neg 0.3705408400328627 __DUMMY__ 0.3383097165657084 off 0.2911494434014289	false	0.5
unmut	neg 1.0		neg 0.36957523148112625 __DUMMY__ 0.3420313280542833 off 0.2883934404645904	false	1.0
hackfresse	off 1.0		neg 0.3532118781932879 __DUMMY__ 0.339090561348554 off 0.3076975604581581	false	0.5
aufblasen	neg 1.0		neg 0.3595146946705434 __DUMMY__ 0.3430199265807754 off 0.29746537874868123	false	1.0
gewaltsam	neg 1.0		neg 0.36520452146339355 __DUMMY__ 0.3393005037065893 off 0.29549497483001713	false	1.0
unbeliebtheit	neg 1.0		neg 0.36398157818478855 __DUMMY__ 0.33598271760135634 off 0.3000357042138551	false	1.0
sturheit	neg 1.0		neg 0.36731754749858353 __DUMMY__ 0.33981636227065104 off 0.2928660902307656	false	1.0
kuh	neg 1.0		neg 0.36175895387871987 __DUMMY__ 0.34102250932603434 off 0.29721853679524585	false	1.0
erschrecken	neg 1.0		neg 0.3590743718991805 __DUMMY__ 0.3417216442926199 off 0.29920398380819946	false	1.0
opfer	neg 1.0	neg 1.0	neg 0.6733478131264904 __DUMMY__ 0.16581181124956304 off 0.16084037562394657	false	1.0
sinken	neg 1.0		neg 0.3680399636890842 __DUMMY__ 0.34243537466723 off 0.28952466164368573	false	1.0
stinktier	neg 1.0		neg 0.3563915075894923 __DUMMY__ 0.3391278370175488 off 0.3044806553929589	false	1.0
tucke	off 1.0		neg 0.3510804641387222 __DUMMY__ 0.3399709497944506 off 0.3089485860668273	false	0.5
ein			neg 0.3584618860668473 __DUMMY__ 0.3442231975683751 off 0.2973149163647776	false	0.0
abstieg	neg 1.0		neg 0.36726303676851535 __DUMMY__ 0.34013830126666955 off 0.2925986619648151	false	1.0
missverstehen	neg 1.0		neg 0.3637743907588482 __DUMMY__ 0.33979607987616905 off 0.2964295293649828	false	1.0
ergebnislos	neg 1.0		neg 0.3666653300557159 __DUMMY__ 0.34085939879806343 off 0.2924752711462207	false	1.0
unter			neg 0.36703107316957684 __DUMMY__ 0.3467597855203961 off 0.28620914131002706	false	0.0
manipulieren	neg 1.0		neg 0.36767812217716017 __DUMMY__ 0.3417218852552917 off 0.2905999925675481	false	1.0
unbewiesen	neg 1.0		neg 0.3693040720724617 __DUMMY__ 0.33722488400418726 off 0.2934710439233509	false	1.0
verschleppen	neg 1.0		neg 0.36765623950359977 __DUMMY__ 0.3403875306676259 off 0.29195622982877434	false	1.0
weib	off 1.0		neg 0.35254772069507634 __DUMMY__ 0.33852394918729 off 0.30892833011763365	false	0.5
opposition	neg 1.0		neg 0.3655308948813929 __DUMMY__ 0.3385347913998391 off 0.295934313718768	false	1.0
verkehrswidrig	neg 1.0		neg 0.3521067153163435 __DUMMY__ 0.341064510394028 off 0.30682877428962857	false	1.0
inkorrekt	neg 1.0		neg 0.3632454424503573 __DUMMY__ 0.33741865345370947 off 0.2993359040959332	false	1.0
vermeiden	neg 1.0		neg 0.36632024052292345 __DUMMY__ 0.3453945236013573 off 0.28828523587571936	false	1.0
abweichung	neg 1.0		neg 0.36853900755434094 __DUMMY__ 0.33955884242520334 off 0.29190215002045566	false	1.0
alkoholisiert	neg 1.0		neg 0.3622753924908804 __DUMMY__ 0.34358307834571816 off 0.29414152916340136	false	1.0
scheiss	off 1.0	off 1.0	off 0.6372067550331086 neg 0.19698964686653533 __DUMMY__ 0.16580359810035608	false	1.0
herausforderung	neg 1.0		neg 0.3598816250498975 __DUMMY__ 0.34537835684954815 off 0.2947400181005544	false	1.0
pervers	off 1.0		neg 0.3502323193284332 __DUMMY__ 0.33801349178935464 off 0.3117541888822122	false	0.5
wackelig	neg 1.0		neg 0.360242040389671 __DUMMY__ 0.34520465858165345 off 0.29455330102867544	false	1.0
verwickeln	neg 1.0		neg 0.36289758653924703 __DUMMY__ 0.34055741203743917 off 0.29654500142331397	false	1.0
vorwand	neg 1.0		neg 0.3698700915590154 __DUMMY__ 0.3412688352768623 off 0.2888610731641223	false	1.0
muschi	off 1.0		neg 0.3652091965718107 __DUMMY__ 0.3398755011495283 off 0.29491530227866086	false	0.5
entmutigung	neg 1.0		neg 0.3694801253562475 __DUMMY__ 0.3354742578947046 off 0.295045616749048	false	1.0
unangemessen	neg 1.0		neg 0.3686979358235597 __DUMMY__ 0.3397429002906169 off 0.2915591638858235	false	1.0
unstetig	neg 1.0		neg 0.3601453264607608 __DUMMY__ 0.34055254502434934 off 0.2993021285148898	false	1.0
entmutigen	neg 1.0		neg 0.36141679673909594 __DUMMY__ 0.3419783757480892 off 0.2966048275128148	false	1.0
schwanz	neg 1.0		neg 0.3650207845153958 __DUMMY__ 0.34158639031591737 off 0.29339282516868687	false	1.0
verbot	neg 1.0		neg 0.36871649457182754 __DUMMY__ 0.3390209311368725 off 0.2922625742912999	false	1.0
leid	neg 1.0		neg 0.3543319465013385 __DUMMY__ 0.3397078352078659 off 0.3059602182907956	false	1.0
archaisch	neg 1.0		neg 0.36753443991746493 __DUMMY__ 0.34011618428499074 off 0.29234937579754433	false	1.0
gegen			neg 0.37037165707315955 __DUMMY__ 0.340627529344487 off 0.28900081358235347	false	0.0
scheidung	neg 1.0	neg 1.0	neg 0.657841263450752 off 0.17759976067169633 __DUMMY__ 0.16455897587755167	false	1.0
einschlag	neg 1.0		neg 0.35637973652714244 __DUMMY__ 0.33884959177712654 off 0.3047706716957309	false	1.0
m			neg 0.3623822914705896 __DUMMY__ 0.34294549757561554 off 0.29467221095379487	false	0.0
abgestanden	neg 1.0		neg 0.3595881409761293 __DUMMY__ 0.3436693112247957 off 0.2967425477990751	false	1.0
schmierig	off 1.0		neg 0.3544630776250203 __DUMMY__ 0.3404510994666287 off 0.305085822908351	false	0.5
unpraktisch	neg 1.0		neg 0.35881358138047215 __DUMMY__ 0.3434709595141915 off 0.2977154591053364	false	1.0
wixxer	off 1.0		neg 0.3514209951922725 __DUMMY__ 0.3371194353811061 off 0.3114595694266214	false	0.5
bezeichnet			neg 0.36650179123484405 __DUMMY__ 0.34000500371254805 off 0.2934932050526079	false	0.0
jammerlappen	off 1.0		neg 0.35961496369388124 __DUMMY__ 0.3406874407687541 off 0.2996975955373647	false	0.5
farce	neg 1.0		neg 0.371311241005642 __DUMMY__ 0.33707594171065525 off 0.29161281728370286	false	1.0
zwecklos	neg 1.0		neg 0.3678994631896096 __DUMMY__ 0.34050218304711977 off 0.2915983537632706	false	1.0
turbulent	neg 1.0		neg 0.3570238618425931 __DUMMY__ 0.3393475394104456 off 0.30362859874696146	false	1.0
invasion	neg 1.0		neg 0.3584433412545827 __DUMMY__ 0.34219635745733223 off 0.299360301288085	false	1.0
schuld	neg 1.0		neg 0.3633263654206979 __DUMMY__ 0.3409569526046688 off 0.2957166819746332	false	1.0
risiko	neg 1.0		neg 0.35615169371744004 __DUMMY__ 0.34345423351304477 off 0.30039407276951513	false	1.0
finster	neg 1.0		neg 0.3591418227922292 __DUMMY__ 0.3438263492816022 off 0.2970318279261686	false	1.0
geisteskrank	off 1.0		neg 0.3614238008130823 __DUMMY__ 0.33829972696349386 off 0.30027647222342385	false	0.5
zusammenbrechen	neg 1.0		neg 0.3628784262909537 __DUMMY__ 0.3428754038302886 off 0.2942461698787577	false	1.0
ausbeute	neg 1.0		neg 0.3625848816847507 __DUMMY__ 0.34384762973290156 off 0.2935674885823476	false	1.0
hinterhalt	neg 1.0		neg 0.36311253554178796 __DUMMY__ 0.3407504990881191 off 0.2961369653700928	false	1.0
kritik	neg 1.0		neg 0.3699937353812988 __DUMMY__ 0.3379218906048699 off 0.29208437401383125	false	1.0
einschrumpfen	neg 1.0		neg 0.3636055936570871 __DUMMY__ 0.3382609298610145 off 0.2981334764818984	false	1.0
riskant	neg 1.0		neg 0.36645193274000926 __DUMMY__ 0.34225866599545113 off 0.2912894012645396	false	1.0
frustrieren	neg 1.0		neg 0.36735456016273 __DUMMY__ 0.3417297577619036 off 0.29091568207536644	false	1.0
groll	neg 1.0		neg 0.3675158609115839 __DUMMY__ 0.3406064207170287 off 0.2918777183713875	false	1.0
gibt			neg 0.36476840111807723 __DUMMY__ 0.34197499390690755 off 0.2932566049750152	false	0.0
qualvoll	neg 1.0		neg 0.3599454106153755 __DUMMY__ 0.3420041747522072 off 0.2980504146324172	false	1.0
wackeln	neg 1.0		neg 0.35890054452423864 __DUMMY__ 0.34384389369538076 off 0.29725556178038054	false	1.0
klagen	neg 1.0		neg 0.37021687409071186 __DUMMY__ 0.3410723487704929 off 0.28871077713879517	false	1.0
bankrott	neg 1.0		neg 0.3573265916151324 __DUMMY__ 0.3417705939241093 off 0.30090281446075823	false	1.0
trauern	neg 1.0		neg 0.3674039922403508 __DUMMY__ 0.34155546599986636 off 0.2910405417597827	false	1.0
ablehnung	neg 1.0	neg 1.0	neg 0.6742841752975066 __DUMMY__ 0.16423150065496167 off 0.16148432404753182	false	1.0
stur	neg 1.0		neg 0.36255013571141126 __DUMMY__ 0.34116612717998057 off 0.2962837371086083	false	1.0
aufruhr	neg 1.0		neg 0.36690832680773866 __DUMMY__ 0.33863836382652457 off 0.2944533093657368	false	1.0
melancholie	neg 1.0		neg 0.36199920791224677 __DUMMY__ 0.344038433003367 off 0.29396235908438634	false	1.0
ist			neg 0.3623782160228055 __DUMMY__ 0.3411243553360844 off 0.2964974286411102	false	0.0
torheit	neg 1.0		neg 0.3685724219358326 __DUMMY__ 0.33723765226058244 off 0.29418992580358494	false	1.0
dreckskind	off 1.0		neg 0.3576207094134625 __DUMMY__ 0.33693762275566636 off 0.3054416678308711	false	0.5
umtauschen	neg 1.0		neg 0.3606889326254392 __DUMMY__ 0.3434221827022118 off 0.295888884672349	false	1.0
zum			neg 0.36366569087849604 __DUMMY__ 0.346765442080149 off 0.28956886704135504	false	0.0
zersetzen	neg 1.0		neg 0.3688036439504564 __DUMMY__ 0.3414192967254461 off 0.28977705932409753	false	1.0
zur			neg 0.3699527500363713 __DUMMY__ 0.3429490622940917 off 0.287098187669537	false	0.0
frust	neg 1.0		neg 0.3642574568793487 __DUMMY__ 0.34222465006597225 off 0.29351789305467907	false	1.0
unerbittlichkeit	neg 1.0		neg 0.36856870063205344 __DUMMY__ 0.34095004619797364 off 0.29048125316997303	false	1.0
zwei			neg 0.36401604202707405 __DUMMY__ 0.3453629228371303 off 0.29062103513579557	false	0.0
unkorrekt	neg 1.0		neg 0.36196112252035884 __DUMMY__ 0.33771434485229 off 0.3003245326273513	false	1.0
hexe	off 1.0		neg 0.3578957255677497 __DUMMY__ 0.3411545110485741 off 0.3009497633836762	false	0.5
lasch	neg 1.0		neg 0.3630864621529272 __DUMMY__ 0.3393949102358472 off 0.29751862761122544	false	1.0
rivale	neg 1.0		neg 0.35610729902434657 __DUMMY__ 0.3393587853118914 off 0.3045339156637619	false	1.0
mutlos	off 1.0	off 1.0	off 0.6307643665141771 neg 0.2041485974503472 __DUMMY__ 0.16508703603547564	false	1.0
wirr	off 1.0		neg 0.3593001234879581 __DUMMY__ 0.33820138424043494 off 0.3024984922716069	false	0.5
jahr			neg 0.36213023496402424 __DUMMY__ 0.3448818777177765 off 0.2929878873181993	false	0.0
wird			neg 0.36598243434924604 __DUMMY__ 0.3421334437917842 off 0.2918841218589698	false	0.0
strafbar	neg 1.0		neg 0.3702663045718269 __DUMMY__ 0.3396629306614594 off 0.2900707647667138	false	1.0
erosion	neg 1.0		neg 0.3597207689251511 __DUMMY__ 0.34257552827699994 off 0.2977037027978488	false	1.0
eingehen	neg 1.0		neg 0.3675615443852967 __DUMMY__ 0.3409517034429814 off 0.29148675217172193	false	1.0
faul	off 1.0		neg 0.35600454069165605 __DUMMY__ 0.3430637598139745 off 0.3009316994943695	false	0.5
provisorium	neg 1.0		neg 0.3693212773225026 __DUMMY__ 0.34569205582339696 off 0.2849866668541004	false	1.0
schmerzen	neg 1.0		neg 0.36235208655209256 __DUMMY__ 0.3429481576779907 off 0.2946997557699168	false	1.0
schrumpfen	neg 1.0		neg 0.36943629827369767 __DUMMY__ 0.34351926883335887 off 0.2870444328929435	false	1.0
geistlos	off 1.0		neg 0.36704874794482134 __DUMMY__ 0.3370693785203197 off 0.29588187353485895	false	0.5
fehlkauf	neg 1.0		neg 0.3623561236123339 __DUMMY__ 0.3399311121439467 off 0.2977127642437193	false	1.0
frustrierend	neg 1.0		neg 0.359037715973475 __DUMMY__ 0.34176301404660586 off 0.2991992699799191	false	1.0
unzufrieden	neg 1.0		neg 0.36616376877638357 __DUMMY__ 0.34153056745742155 off 0.2923056637661949	false	1.0
verzweifeln	neg 1.0		neg 0.36292980745328374 __DUMMY__ 0.34230920153360533 off 0.2947609910131109	false	1.0
verzweifelt	neg 1.0		neg 0.3624960567409942 __DUMMY__ 0.34127584630293284 off 0.2962280969560729	false	1.0
misstrauensantrag	neg 1.0		neg 0.36241383342637584 __DUMMY__ 0.33984423418133364 off 0.2977419323922906	false	1.0
abfallen	neg 1.0		neg 0.3578965534959588 __DUMMY__ 0.34436022489212825 off 0.297743221611913	false	1.0
fucker	off 1.0		neg 0.3580041487210732 __DUMMY__ 0.3391386279879309 off 0.3028572232909959	false	0.5
ungezogen	neg 1.0		neg 0.3512735005392666 __DUMMY__ 0.33916891126234056 off 0.30955758819839285	false	1.0
irrsinnig	neg 1.0	neg 1.0	neg 0.6713636157534393 __DUMMY__ 0.16540247398653907 off 0.16323391026002157	false	1.0
unfassbar	neg 1.0		neg 0.35902404374347435 __DUMMY__ 0.340679041270002 off 0.30029691498652367	false	1.0
hart	neg 1.0		neg 0.3595188780167193 __DUMMY__ 0.3400430185337251 off 0.3004381034495556	false	1.0
widerlich	off 1.0		neg 0.35990997141481684 __DUMMY__ 0.3394983961603776 off 0.3005916324248056	false	0.5
fatal	neg 1.0		neg 0.3615540840739894 __DUMMY__ 0.34049031387464007 off 0.2979556020513706	false	1.0
bruch	neg 1.0		neg 0.37209495622070754 __DUMMY__ 0.34024769038233266 off 0.2876573533969599	false	1.0
aushungern	neg 1.0		neg 0.3676520210253109 __DUMMY__ 0.3384458507560101 off 0.293902128218679	false	1.0
anspannung	neg 1.0		neg 0.3663884741441513 __DUMMY__ 0.34445535490318063 off 0.28915617095266816	false	1.0
von			neg 0.3640503267508423 __DUMMY__ 0.3443982945999287 off 0.291551378649229	false	0.0
kraftlos	neg 1.0		neg 0.3617448175891968 __DUMMY__ 0.34451243595472153 off 0.2937427464560818	false	1.0
vom			neg 0.36721823912059454 __DUMMY__ 0.34619521573618567 off 0.2865865451432198	false	0.0
grenzdebil	off 1.0		neg 0.35698795511192005 __DUMMY__ 0.34114996325833447 off 0.30186208162974537	false	0.5
vor			neg 0.3665261521397462 __DUMMY__ 0.34364630387701744 off 0.2898275439832364	false	0.0
unterwerfen	neg 1.0		neg 0.36847048608174315 __DUMMY__ 0.3406346105298313 off 0.2908949033884255	false	1.0
versenkung	neg 1.0		neg 0.36717828579969203 __DUMMY__ 0.34178226708574166 off 0.29103944711456636	false	1.0
entziehen	neg 1.0		neg 0.36995252740233975 __DUMMY__ 0.3415999556676577 off 0.28844751693000265	false	1.0
finanzkrise	neg 1.0		neg 0.36768181832113195 __DUMMY__ 0.3386189188029848 off 0.29369926287588327	false	1.0
schimpfend	neg 1.0		neg 0.35633231643789604 __DUMMY__ 0.34477411607246233 off 0.2988935674896417	false	1.0
profan	neg 1.0		neg 0.3611550512262569 __DUMMY__ 0.3414032476533087 off 0.29744170112043433	false	1.0
korruption	neg 1.0		neg 0.36965763672156327 __DUMMY__ 0.3387482762465072 off 0.2915940870319295	false	1.0
â			neg 0.3638647572568655 __DUMMY__ 0.34266538706771704 off 0.2934698556754174	false	0.0
schmutzig	neg 1.0		neg 0.35564072888629755 __DUMMY__ 0.34238600673854364 off 0.30197326437515876	false	1.0
sexy	neg 1.0		neg 0.3590026491977236 __DUMMY__ 0.3411282540321982 off 0.2998690967700781	false	1.0
abraten	neg 1.0		neg 0.3606145865839705 __DUMMY__ 0.34235197117328764 off 0.29703344224274175	false	1.0
schwarz	neg 1.0		neg 0.3618661160455812 __DUMMY__ 0.34090047627502573 off 0.2972334076793931	false	1.0
fotze	off 1.0		neg 0.36658310994418863 __DUMMY__ 0.34032081328667657 off 0.29309607676913485	false	0.5
verwirren	neg 1.0		neg 0.3604815673954984 __DUMMY__ 0.3412467400343428 off 0.29827169257015873	false	1.0
zahnlos	off 1.0		neg 0.36777867086587746 __DUMMY__ 0.3403282058336192 off 0.2918931233005034	false	0.5
verheeren	neg 1.0		neg 0.3517134186732542 __DUMMY__ 0.33728165946274596 off 0.31100492186399975	false	1.0
hippie	neg 1.0		neg 0.35974397859480745 __DUMMY__ 0.34082479193742804 off 0.29943122946776446	false	1.0
rammen	neg 1.0		neg 0.35865607256289106 __DUMMY__ 0.3422189585225468 off 0.29912496891456214	false	1.0
unlauter	neg 1.0	neg 1.0	neg 0.6702937775989863 __DUMMY__ 0.16522128410962458 off 0.164484938291389	false	1.0
unheilvoll	neg 1.0		neg 0.36012644168612373 __DUMMY__ 0.34211925145841265 off 0.29775430685546356	false	1.0
niedrig	neg 1.0		neg 0.36487675752634346 __DUMMY__ 0.3421859762965571 off 0.2929372661770995	false	1.0
explosion	neg 1.0		neg 0.35880541724301224 __DUMMY__ 0.34177029915923823 off 0.29942428359774953	false	1.0
weichei	off 1.0		neg 0.3541974627859256 __DUMMY__ 0.3392933156822531 off 0.3065092215318213	false	0.5
minusmensch	off 1.0		neg 0.3554862996020918 __DUMMY__ 0.33519651003076834 off 0.30931719036713984	false	0.5
farblos	neg 1.0		neg 0.3623556820130178 __DUMMY__ 0.3411941934043395 off 0.2964501245826425	false	1.0
unwissend	neg 1.0	neg 1.0	neg 0.6692616548714279 off 0.16571591508097056 __DUMMY__ 0.16502243004760156	false	1.0
traurig	neg 1.0		neg 0.35545925524421235 __DUMMY__ 0.3409038417920432 off 0.30363690296374446	false	1.0
senkung	neg 1.0		neg 0.36008819717746915 __DUMMY__ 0.3409709079595443 off 0.2989408948629867	false	1.0
ungleich	neg 1.0	neg 1.0	neg 0.6738208238504763 __DUMMY__ 0.1655167928822984 off 0.16066238326722532	false	1.0
heikel	neg 1.0		neg 0.36830588343520054 __DUMMY__ 0.3417716918004984 off 0.2899224247643012	false	1.0
drosselung	neg 1.0		neg 0.3544591783861871 __DUMMY__ 0.34121375481108074 off 0.3043270668027321	false	1.0
falsch	neg 1.0		neg 0.3596540935774646 __DUMMY__ 0.3410332472161895 off 0.2993126592063458	false	1.0
unzufriedenheit	neg 1.0		neg 0.36891614262854616 __DUMMY__ 0.3414909823587649 off 0.28959287501268893	false	1.0
kurz	neg 1.0		neg 0.36121780693220723 __DUMMY__ 0.3440466130418991 off 0.29473558002589384	false	1.0
unsinnig	neg 1.0		neg 0.3662702374422162 __DUMMY__ 0.34112472487676604 off 0.2926050376810177	false	1.0
penner	off 1.0	off 1.0	off 0.6405109043096426 neg 0.19480661176051733 __DUMMY__ 0.16468248392984	false	1.0
seicht	neg 1.0		neg 0.3547617953380861 __DUMMY__ 0.3371964551617477 off 0.30804174950016616	false	1.0
dummheit	off 1.0	off 1.0	off 0.6341501594987402 neg 0.20097566132076222 __DUMMY__ 0.1648741791804977	false	1.0
unerfreulich	neg 1.0		neg 0.3672253364141032 __DUMMY__ 0.342834424793675 off 0.28994023879222186	false	1.0
motherfucker	off 1.0	off 1.0	off 0.637533846004765 neg 0.19775989865117077 __DUMMY__ 0.1647062553440642	false	1.0
pikiert	neg 1.0		neg 0.3612190450030861 __DUMMY__ 0.3395965768659203 off 0.29918437813099363	false	1.0
wrack	neg 1.0		neg 0.3642353270418001 __DUMMY__ 0.34231281094063326 off 0.29345186201756657	false	1.0
gangster	neg 1.0		neg 0.3604119746869031 __DUMMY__ 0.3409717424651238 off 0.29861628284797304	false	1.0
krank	neg 1.0		neg 0.35507552668458014 __DUMMY__ 0.3424002766632223 off 0.3025241966521976	false	1.0
reich	neg 1.0		neg 0.36501097029853147 __DUMMY__ 0.3362409882123838 off 0.29874804148908485	false	1.0
gnadenlos	neg 1.0		neg 0.36271434066270974 __DUMMY__ 0.34124564102095784 off 0.29604001831633237	false	1.0
niedergeschlagen	neg 1.0		neg 0.36333791048791153 __DUMMY__ 0.34255605205381917 off 0.2941060374582692	false	1.0
terrorisieren	off 1.0	off 1.0	off 0.630932038113603 neg 0.20318046712907292 __DUMMY__ 0.16588749475732414	false	1.0
sinnlosigkeit	neg 1.0		neg 0.3672235098401179 __DUMMY__ 0.34064063882217843 off 0.29213585133770353	false	1.0
behindern	neg 1.0		neg 0.3615834726335218 __DUMMY__ 0.34263639440062693 off 0.2957801329658514	false	1.0
undemokratisch	neg 1.0		neg 0.3668247889429562 __DUMMY__ 0.3380636987315166 off 0.2951115123255274	false	1.0
wirtschaftskrise	neg 1.0		neg 0.36817591555289064 __DUMMY__ 0.33970984918470126 off 0.2921142352624081	false	1.0
neid	neg 1.0		neg 0.35805691288296165 __DUMMY__ 0.34237840334163855 off 0.29956468377539985	false	1.0
rutschen	neg 1.0		neg 0.3629916445655791 __DUMMY__ 0.3470691702529637 off 0.2899391851814573	false	1.0
rezession	neg 1.0		neg 0.3580278132324302 __DUMMY__ 0.33768467679928077 off 0.3042875099682891	false	1.0
fehlgeburt	neg 1.0		neg 0.3642989352591947 __DUMMY__ 0.34042598464181945 off 0.2952750800989859	false	1.0
charakterschwach	off 1.0		neg 0.35981354880057415 __DUMMY__ 0.33966551612025725 off 0.30052093507916855	false	0.5
isolation	neg 1.0		neg 0.3581216073568286 __DUMMY__ 0.34098801771226206 off 0.3008903749309094	false	1.0
ablenkung	neg 1.0		neg 0.3615058876707132 __DUMMY__ 0.34251552066529733 off 0.29597859166398954	false	1.0
pech	neg 1.0		neg 0.35883710030189003 __DUMMY__ 0.3420808093074031 off 0.2990820903907068	false	1.0
vermeidung	neg 1.0		neg 0.35481307150558145 __DUMMY__ 0.3418496568599106 off 0.3033372716345079	false	1.0
dominieren	neg 1.0		neg 0.3642264083022735 __DUMMY__ 0.3416736561676532 off 0.2940999355300734	false	1.0
schwindlig	neg 1.0		neg 0.35719424091008595 __DUMMY__ 0.34339035522752104 off 0.2994154038623931	false	1.0
lutscher	neg 1.0		neg 0.3529144882839137 __DUMMY__ 0.3377150713837764 off 0.30937044033230987	false	1.0
pflicht	neg 1.0		neg 0.3690679453236367 __DUMMY__ 0.34142484658119765 off 0.2895072080951657	false	1.0
faschist	off 1.0		neg 0.36720540631962956 __DUMMY__ 0.337205608890537 off 0.29558898478983353	false	0.5
verschleudern	neg 1.0		neg 0.36822135892124236 __DUMMY__ 0.3401101199271038 off 0.29166852115165387	false	1.0
wenn			neg 0.3597333122561607 __DUMMY__ 0.34102561711159846 off 0.2992410706322408	false	0.0
ehebruch	neg 1.0		neg 0.36933110423688875 __DUMMY__ 0.339823066632292 off 0.2908458291308191	false	1.0
spott	off 1.0		neg 0.3692266408141342 __DUMMY__ 0.34030364748579683 off 0.290469711700069	false	0.5
trostlosigkeit	neg 1.0		neg 0.37242014613524665 __DUMMY__ 0.33915218616103693 off 0.2884276677037165	false	1.0
lutschen	neg 1.0		neg 0.3607663085646158 __DUMMY__ 0.3395894909606121 off 0.299644200474772	false	1.0
undiszipliniert	neg 1.0		neg 0.3564107351689133 __DUMMY__ 0.3406999788747035 off 0.3028892859563832	false	1.0
kopfschmerz	neg 1.0		neg 0.36207169059241634 __DUMMY__ 0.34261023261250895 off 0.29531807679507466	false	1.0
unvorhergesehen	neg 1.0		neg 0.3593552420014326 __DUMMY__ 0.34527517548738945 off 0.295369582511178	false	1.0
desinteressiert	neg 1.0		neg 0.35814506196945667 __DUMMY__ 0.33982694585693785 off 0.30202799217360543	false	1.0
armselig	off 1.0		neg 0.3581412086685779 __DUMMY__ 0.339120536007758 off 0.3027382553236642	false	0.5
desaster	neg 1.0		neg 0.37249441043043063 __DUMMY__ 0.340237184367462 off 0.2872684052021075	false	1.0
tod	neg 1.0		neg 0.37106591434376107 __DUMMY__ 0.3388888399417418 off 0.29004524571449714	false	1.0
herzlos	neg 1.0		neg 0.3553488929863199 __DUMMY__ 0.3404760275695155 off 0.30417507944416466	false	1.0
unwissenheit	neg 1.0		neg 0.36802681615482014 __DUMMY__ 0.34013780308587077 off 0.2918353807593092	false	1.0
widersinnig	neg 1.0		neg 0.3697183156364274 __DUMMY__ 0.3381620942911758 off 0.29211959007239674	false	1.0
bedenklich	neg 1.0		neg 0.36774607548436533 __DUMMY__ 0.3414054243431824 off 0.2908485001724522	false	1.0
beanstanden	neg 1.0		neg 0.3688725038127581 __DUMMY__ 0.34178096776485545 off 0.2893465284223863	false	1.0
panisch	neg 1.0	neg 1.0	neg 0.6671966988922504 __DUMMY__ 0.16754609152122402 off 0.16525720958652562	false	1.0
debil	off 1.0		neg 0.3703747396962511 __DUMMY__ 0.3427349772710483 off 0.2868902830327006	false	0.5
abstrich	neg 1.0		neg 0.3571747458492558 __DUMMY__ 0.3449484572193339 off 0.2978767969314103	false	1.0
primitiv	neg 1.0		neg 0.3593495792867938 __DUMMY__ 0.3394348713469965 off 0.30121554936620976	false	1.0
abschaum	off 1.0	off 1.0	off 0.6354027478685557 neg 0.20017099044764805 __DUMMY__ 0.16442626168379623	false	1.0
provozieren	neg 1.0		neg 0.36528390981592496 __DUMMY__ 0.3400476255054805 off 0.29466846467859464	false	1.0
tot	neg 1.0		neg 0.3660476588577953 __DUMMY__ 0.3403518414041683 off 0.2936004997380366	false	1.0
instabil	neg 1.0		neg 0.3573906068704143 __DUMMY__ 0.3386358761094303 off 0.30397351702015535	false	1.0
schwuchtel	off 1.0		neg 0.3509639895043559 __DUMMY__ 0.33519897499946993 off 0.3138370354961742	false	0.5
zerren	neg 1.0		neg 0.36384956528808776 __DUMMY__ 0.34235262966492963 off 0.29379780504698244	false	1.0
kinderficker	off 1.0		neg 0.35821037594896343 __DUMMY__ 0.33750569359662064 off 0.3042839304544161	false	0.5
gefahr	neg 1.0		neg 0.36838018412907303 __DUMMY__ 0.3405607567891839 off 0.2910590590817431	false	1.0
rabiat	neg 1.0		neg 0.3637302423281072 __DUMMY__ 0.34125196113736755 off 0.2950177965345252	false	1.0
verlangsamung	neg 1.0		neg 0.35371902343400713 __DUMMY__ 0.3379748098375236 off 0.3083061667284693	false	1.0
ausgestorben	neg 1.0		neg 0.3642973413026344 __DUMMY__ 0.34200054685433984 off 0.2937021118430258	false	1.0
anklagen	neg 1.0		neg 0.3662281221412254 __DUMMY__ 0.33986161977666696 off 0.29391025808210774	false	1.0
trott	neg 1.0		neg 0.36207134547199665 __DUMMY__ 0.34221016731315385 off 0.29571848721484945	false	1.0
verminderung	neg 1.0		neg 0.35640156666811534 __DUMMY__ 0.34029057403602053 off 0.3033078592958642	false	1.0
nach			neg 0.3651979333581273 __DUMMY__ 0.3458022936093581 off 0.2889997730325146	false	0.0
rost	neg 1.0		neg 0.3537360973292017 __DUMMY__ 0.3379040507358407 off 0.3083598519349576	false	1.0
destruktiv	neg 1.0		neg 0.3673995404551472 __DUMMY__ 0.33954522269218085 off 0.2930552368526719	false	1.0
unzumutbarkeit	neg 1.0		neg 0.3551739988555246 __DUMMY__ 0.3415507044828797 off 0.30327529666159564	false	1.0
labil	off 1.0	off 1.0	off 0.636336066279859 neg 0.198842977181289 __DUMMY__ 0.1648209565388521	false	1.0
ziemlich	neg 1.0		neg 0.3576982968434888 __DUMMY__ 0.34106405813630186 off 0.3012376450202094	false	1.0
lachnummer	off 1.0		neg 0.36706744977949934 __DUMMY__ 0.33973920427323206 off 0.2931933459472686	false	0.5
oder			neg 0.3609182888666441 __DUMMY__ 0.343098526330928 off 0.2959831848024279	false	0.0
verfall	neg 1.0		neg 0.3714160197566081 __DUMMY__ 0.3422922668723973 off 0.2862917133709947	false	1.0
ausgrenzung	neg 1.0		neg 0.36599164065227613 __DUMMY__ 0.3380934862437242 off 0.2959148731039996	false	1.0
unordnung	neg 1.0		neg 0.35772629713527165 __DUMMY__ 0.3380668921278737 off 0.3042068107368545	false	1.0
fehlverhalten	neg 1.0		neg 0.3695421535696523 __DUMMY__ 0.3403105317100621 off 0.2901473147202857	false	1.0
eine			neg 0.3668442788987278 __DUMMY__ 0.34322451826798966 off 0.2899312028332825	false	0.0
nille	neg 1.0		neg 0.3660746637253735 __DUMMY__ 0.3394940458373528 off 0.2944312904372737	false	1.0
qual	neg 1.0		neg 0.3624990798292297 __DUMMY__ 0.34199625152496066 off 0.2955046686458097	false	1.0
verschwenden	neg 1.0		neg 0.3664226877080734 __DUMMY__ 0.3421309265120359 off 0.2914463857798906	false	1.0
riesig	neg 1.0		neg 0.3622861761897273 __DUMMY__ 0.3426034169611019 off 0.29511040684917067	false	1.0
verurteilen	neg 1.0		neg 0.3686803151890526 __DUMMY__ 0.33959541170826224 off 0.29172427310268517	false	1.0
klischee	neg 1.0	neg 1.0	neg 0.6706270049473125 __DUMMY__ 0.16478347631042878 off 0.1645895187422586	false	1.0
diktatorisch	neg 1.0		neg 0.368499512477031 __DUMMY__ 0.33708188645069204 off 0.294418601072277	false	1.0
vorhersehbar	neg 1.0		neg 0.3635960980073455 __DUMMY__ 0.3397851626008539 off 0.29661873939180056	false	1.0
sowie			neg 0.35634387228631903 __DUMMY__ 0.3375004059415988 off 0.3061557217720821	false	0.0
stornieren	neg 1.0		neg 0.35811882541317924 __DUMMY__ 0.34275307688305007 off 0.2991280977037706	false	1.0
besteuerung	neg 1.0		neg 0.3623888519591686 __DUMMY__ 0.3408483946432103 off 0.29676275339762115	false	1.0
ungeschminkt	neg 1.0		neg 0.35714314723721835 __DUMMY__ 0.34085461185066945 off 0.3020022409121122	false	1.0
kritisch	neg 1.0		neg 0.3687852882181819 __DUMMY__ 0.34052869089120535 off 0.2906860208906127	false	1.0
schlamperei	off 1.0		neg 0.36833044930826964 __DUMMY__ 0.3403242730975227 off 0.29134527759420775	false	0.5
sucht	neg 1.0	neg 1.0	neg 0.6667143904232836 __DUMMY__ 0.1674302573235393 off 0.16585535225317705	false	1.0
egoistisch	off 1.0		neg 0.3546626933965951 __DUMMY__ 0.33916374317251674 off 0.30617356343088803	false	0.5
ausbeuter	off 1.0		neg 0.3704153982107871 __DUMMY__ 0.3399872502748379 off 0.2895973515143751	false	0.5
arschgeburt	off 1.0		neg 0.35105367017945216 __DUMMY__ 0.33523739813781783 off 0.31370893168273	false	0.5
schubs	neg 1.0	neg 1.0	neg 0.6700065477909949 __DUMMY__ 0.16746306060567748 off 0.16253039160332758	false	1.0
unsolide	neg 1.0		neg 0.3661304267603738 __DUMMY__ 0.3361004514021625 off 0.2977691218374638	false	1.0
beschwerde	neg 1.0		neg 0.36694909229149214 __DUMMY__ 0.3406083229678412 off 0.2924425847406666	false	1.0
stocken	neg 1.0		neg 0.36527605199073826 __DUMMY__ 0.34203990980857363 off 0.2926840382006882	false	1.0
isolieren	neg 1.0		neg 0.36095326302540887 __DUMMY__ 0.3433276807987586 off 0.2957190561758325	false	1.0
unheilbar	neg 1.0		neg 0.3638887801891526 __DUMMY__ 0.34069282735429013 off 0.2954183924565574	false	1.0
pisser	off 1.0		neg 0.35766616109179916 __DUMMY__ 0.33855623657643397 off 0.303777602331767	false	0.5
löschen	neg 1.0		neg 0.36264531399839967 __DUMMY__ 0.3409526931387689 off 0.29640199286283136	false	1.0
durchfallen	neg 1.0		neg 0.36674060361361116 __DUMMY__ 0.34163539626420103 off 0.291624000122188	false	1.0
wichser	off 1.0		neg 0.35131616313742214 __DUMMY__ 0.3379232963731948 off 0.31076054048938306	false	0.5
terror	neg 1.0		neg 0.35735629356781234 __DUMMY__ 0.3423958567804605 off 0.30024784965172713	false	1.0
krass	neg 1.0		neg 0.3550579260547463 __DUMMY__ 0.3402864106066772 off 0.3046556633385764	false	1.0
revolte	neg 1.0	neg 1.0	neg 0.673204191471275 off 0.16374744659567836 __DUMMY__ 0.1630483619330467	false	1.0
besorgt	neg 1.0		neg 0.3615081350865904 __DUMMY__ 0.3438627986451743 off 0.2946290662682352	false	1.0
nachlassen	neg 1.0		neg 0.3621120138325979 __DUMMY__ 0.34357893164781067 off 0.2943090545195914	false	1.0
alt	neg 1.0		neg 0.363489581069668 __DUMMY__ 0.3440714309440883 off 0.29243898798624374	false	1.0
hundesohn	off 1.0		neg 0.3547504729758409 __DUMMY__ 0.3362709581998534 off 0.30897856882430585	false	0.5
als			neg 0.3641265569686649 __DUMMY__ 0.34272202771449756 off 0.29315141531683764	false	0.0
abschreckung	neg 1.0		neg 0.37012829019756294 __DUMMY__ 0.3408421805443035 off 0.2890295292581337	false	1.0
unqualifiziert	neg 1.0		neg 0.3631503365329442 __DUMMY__ 0.33983310271836126 off 0.2970165607486944	false	1.0
abgewichst	off 1.0		neg 0.36514904130779674 __DUMMY__ 0.3408159296063132 off 0.2940350290858901	false	0.5
schwer	neg 1.0		neg 0.3627790013026463 __DUMMY__ 0.34226028470308395 off 0.29496071399426976	false	1.0
bedeutungslosigkeit	neg 1.0		neg 0.37002810875239983 __DUMMY__ 0.3404626638086791 off 0.2895092274389211	false	1.0
kapitulation	neg 1.0		neg 0.3714161809876411 __DUMMY__ 0.3380383633889522 off 0.2905454556234067	false	1.0
unscharf	neg 1.0		neg 0.35905605188561335 __DUMMY__ 0.3418702787836309 off 0.29907366933075563	false	1.0
schwinden	neg 1.0		neg 0.3667516299960405 __DUMMY__ 0.342207194750695 off 0.29104117525326445	false	1.0
versklavung	neg 1.0	neg 1.0	neg 0.6729925498851058 __DUMMY__ 0.16404013641640167 off 0.1629673136984925	false	1.0
schlecht	neg 1.0		neg 0.35696764411922066 __DUMMY__ 0.3412964825545281 off 0.30173587332625124	false	1.0
verhasst	neg 1.0		neg 0.36577400455027964 __DUMMY__ 0.33969356235775466 off 0.2945324330919657	false	1.0
beschweren	neg 1.0		neg 0.3610837273472619 __DUMMY__ 0.34181362175153435 off 0.29710265090120364	false	1.0
scheiden	neg 1.0		neg 0.3640719662279993 __DUMMY__ 0.34147203200439163 off 0.294456001767609	false	1.0
frustriert	neg 1.0		neg 0.36436997477233085 __DUMMY__ 0.34192014856822295 off 0.29370987665944626	false	1.0
schimmelig	neg 1.0		neg 0.36478297098249984 __DUMMY__ 0.34255659793096455 off 0.2926604310865356	false	1.0
fisch	neg 1.0		neg 0.36492547803858294 __DUMMY__ 0.3423149730916437 off 0.29275954886977323	false	1.0
schmuggel	neg 1.0		neg 0.3659354250129077 __DUMMY__ 0.343115150586395 off 0.2909494244006972	false	1.0
auffallen	neg 1.0		neg 0.36093339252416146 __DUMMY__ 0.3415405050179416 off 0.29752610245789685	false	1.0
konkurrenz	neg 1.0		neg 0.36716738234218793 __DUMMY__ 0.34292018168973415 off 0.289912435968078	false	1.0
teufelskreis	neg 1.0		neg 0.3653451676240439 __DUMMY__ 0.3411050786948993 off 0.29354975368105674	false	1.0
aufschreien	neg 1.0		neg 0.36333561031754963 __DUMMY__ 0.34003870124843366 off 0.2966256884340167	false	1.0
schuldner	neg 1.0		neg 0.3687538923828809 __DUMMY__ 0.34046825711637985 off 0.2907778505007392	false	1.0
missgeburt	off 1.0	off 1.0	off 0.6394738896392473 neg 0.1967130640914835 __DUMMY__ 0.1638130462692692	false	1.0
arbeitslos	neg 1.0		neg 0.36697643838478394 __DUMMY__ 0.3408133940184226 off 0.2922101675967933	false	1.0
befallen	neg 1.0		neg 0.3707195689815285 __DUMMY__ 0.33822625722523053 off 0.2910541737932409	false	1.0
miesepetrig	off 1.0		neg 0.3561789888356893 __DUMMY__ 0.34199021753605496 off 0.30183079362825577	false	0.5
alarmieren	neg 1.0		neg 0.3609540230346101 __DUMMY__ 0.33921866584615357 off 0.29982731111923633	false	1.0
ungeduscht	off 1.0		neg 0.35872667426124705 __DUMMY__ 0.34201930957866766 off 0.2992540161600853	false	0.5
knappheit	neg 1.0		neg 0.36490846460420356 __DUMMY__ 0.34166391508194793 off 0.2934276203138484	false	1.0
schlange	neg 1.0		neg 0.3595773357004394 __DUMMY__ 0.34289330618036373 off 0.29752935811919695	false	1.0
harsch	neg 1.0		neg 0.3506700666497285 __DUMMY__ 0.34086402598082277 off 0.30846590736944873	false	1.0
lang	neg 1.0		neg 0.36152178502589466 __DUMMY__ 0.34159383825615514 off 0.29688437671795015	false	1.0
ziellos	neg 1.0		neg 0.36512863203717943 __DUMMY__ 0.34237273148155584 off 0.29249863648126484	false	1.0
selbstverliebt	neg 1.0		neg 0.35328257398620505 __DUMMY__ 0.33581506814466844 off 0.31090235786912657	false	1.0
beseitigen	neg 1.0		neg 0.3596803290470723 __DUMMY__ 0.3429140049052956 off 0.2974056660476321	false	1.0
dumm	off 1.0		neg 0.3548015139769621 __DUMMY__ 0.338539419600996 off 0.30665906642204194	false	0.5
arbeitsloser	neg 1.0		neg 0.3677598902180884 __DUMMY__ 0.34092696510134346 off 0.2913131446805681	false	1.0
blitzen	neg 1.0		neg 0.36030280751350363 __DUMMY__ 0.34055282634840484 off 0.29914436613809153	false	1.0
hilflos	neg 1.0		neg 0.3648533089456173 __DUMMY__ 0.3419043202564604 off 0.29324237079792226	false	1.0
eklig	off 1.0		neg 0.35386222142544865 __DUMMY__ 0.3383959219746857 off 0.30774185659986575	false	0.5
begriff			neg 0.36553353259914556 __DUMMY__ 0.34115473683460706 off 0.2933117305662474	false	0.0
hungersnot	neg 1.0		neg 0.36953790218128285 __DUMMY__ 0.3375741726996366 off 0.29288792511908046	false	1.0
ungesetzlich	neg 1.0		neg 0.366014654154072 __DUMMY__ 0.3377147304461732 off 0.2962706153997548	false	1.0
verschwendung	neg 1.0		neg 0.36772758478852063 __DUMMY__ 0.3419517226776154 off 0.2903206925338639	false	1.0
schmerzvoll	neg 1.0		neg 0.3609879522085953 __DUMMY__ 0.34187716621618464 off 0.2971348815752201	false	1.0
vorzeitig	neg 1.0		neg 0.3580824974833014 __DUMMY__ 0.3407074556933474 off 0.3012100468233512	false	1.0
unvollkommenheit	neg 1.0		neg 0.3631979270471413 __DUMMY__ 0.34131974817033994 off 0.2954823247825187	false	1.0
intervenieren	neg 1.0		neg 0.37059079468802364 __DUMMY__ 0.3395827224529727 off 0.28982648285900364	false	1.0
banause	off 1.0		neg 0.35311860277782436 __DUMMY__ 0.33780489445459766 off 0.30907650276757803	false	0.5
rebell	neg 1.0		neg 0.36645250100426013 __DUMMY__ 0.3432168641880929 off 0.29033063480764687	false	1.0
unlogisch	neg 1.0		neg 0.35753516833221677 __DUMMY__ 0.3393477014337978 off 0.30311713023398545	false	1.0
leiden	neg 1.0	neg 1.0	neg 0.669291554325899 __DUMMY__ 0.16899515821225924 off 0.1617132874618418	false	1.0
abschaffung	neg 1.0		neg 0.3647618494138329 __DUMMY__ 0.3396484149860784 off 0.2955897356000887	false	1.0
sturz	neg 1.0		neg 0.3647116904320777 __DUMMY__ 0.33928411283115206 off 0.2960041967367702	false	1.0
verkleinerung	neg 1.0		neg 0.3628565736210181 __DUMMY__ 0.3385802453060582 off 0.29856318107292373	false	1.0
schmarotzer	off 1.0		neg 0.3688608953257011 __DUMMY__ 0.33993872387000584 off 0.291200380804293	false	0.5
bestrafung	neg 1.0		neg 0.36391623147089047 __DUMMY__ 0.34030379672807914 off 0.29577997180103033	false	1.0
achtlos	neg 1.0		neg 0.36239415982206 __DUMMY__ 0.34253017323045215 off 0.29507566694748777	false	1.0
ungeheuer	neg 1.0		neg 0.3622318528254477 __DUMMY__ 0.34054987817854027 off 0.2972182689960121	false	1.0
unaufrichtig	neg 1.0		neg 0.3642804032111241 __DUMMY__ 0.3384998373726651 off 0.29721975941621087	false	1.0
groggy	neg 1.0		neg 0.36093252446748236 __DUMMY__ 0.3403020540861634 off 0.2987654214463544	false	1.0
verletzlich	neg 1.0		neg 0.3584991156434847 __DUMMY__ 0.34018865903826795 off 0.3013122253182474	false	1.0
ablehnen	neg 1.0		neg 0.3679592193851546 __DUMMY__ 0.3401914221489834 off 0.2918493584658621	false	1.0
kollaps	neg 1.0		neg 0.36595567074848623 __DUMMY__ 0.33932975548431404 off 0.2947145737671997	false	1.0
