unsolidarisch	neg 1.0		neg 0.5519131236254019 off 0.4407578215665202 __DUMMY__ 0.00732905480807788	false	1.0
nachteilig	neg 1.0		neg 0.5503731577785426 off 0.44218495551499704 __DUMMY__ 0.007441886706460341	false	1.0
skeptisch	neg 1.0		neg 0.5531604174248052 off 0.43938274569809943 __DUMMY__ 0.007456836877095477	false	1.0
schrecklich	neg 1.0		neg 0.5388987852796981 off 0.45370112605444846 __DUMMY__ 0.007400088665853365	false	1.0
schlapp	neg 1.0		neg 0.541089052004542 off 0.45144955158938466 __DUMMY__ 0.007461396406073176	false	1.0
abfall	neg 1.0		neg 0.5544029435201175 off 0.43812577268536873 __DUMMY__ 0.0074712837945137625	false	1.0
widerspenstig	neg 1.0		neg 0.546275798308656 off 0.44625115532117826 __DUMMY__ 0.0074730463701658196	false	1.0
abrupt	neg 1.0		neg 0.546588239123376 off 0.44591333224988167 __DUMMY__ 0.007498428626742375	false	1.0
unwirksam	neg 1.0		neg 0.5491716231395808 off 0.44345412552157054 __DUMMY__ 0.007374251338848708	false	1.0
angreifen	neg 1.0		neg 0.5528504848806345 off 0.4397198447531067 __DUMMY__ 0.007429670366258859	false	1.0
inkonsistent	neg 1.0		neg 0.5451213901326772 off 0.44745600479279724 __DUMMY__ 0.007422605074525528	false	1.0
abrutschen	neg 1.0		neg 0.553937509885284 off 0.43858310716002324 __DUMMY__ 0.0074793829546927785	false	1.0
unsicher	neg 1.0		neg 0.5469341726192565 off 0.4456097505467017 __DUMMY__ 0.007456076834041867	false	1.0
bauernkind	off 1.0		neg 0.5372148585054664 off 0.4554438966728233 __DUMMY__ 0.007341244821710459	false	0.5
angreifer	neg 1.0		neg 0.5457158276749972 off 0.4468953397621504 __DUMMY__ 0.007388832562852625	false	1.0
trennen	neg 1.0		neg 0.5501765461102618 off 0.4423213927202221 __DUMMY__ 0.007502061169516107	false	1.0
schmutz	neg 1.0		neg 0.5380854379536111 off 0.4544157709337215 __DUMMY__ 0.007498791112667402	false	1.0
inkonsistenz	neg 1.0	neg 1.0	neg 0.7596870658277786 off 0.236776060758809 __DUMMY__ 0.0035368734134124903	false	1.0
erschreckend	neg 1.0		neg 0.5497910152031349 off 0.44278185492957567 __DUMMY__ 0.007427129867289385	false	1.0
ertrinken	neg 1.0		neg 0.5503108952935677 off 0.44221974484263776 __DUMMY__ 0.007469359863794538	false	1.0
pickelface	off 1.0		neg 0.547985360473993 off 0.44461254704151193 __DUMMY__ 0.007402092484494991	false	0.5
seiner			neg 0.5522272853419488 off 0.44032533845018323 __DUMMY__ 0.007447376207868092	false	0.0
lauch	neg 1.0		neg 0.5528364136335041 off 0.43969776181324344 __DUMMY__ 0.0074658245532524745	false	1.0
unwichtig	neg 1.0		neg 0.5431451536412177 off 0.44943583492787625 __DUMMY__ 0.007419011430905919	false	1.0
steuerhinterziehung	neg 1.0		neg 0.5511338418276749 off 0.4414913833872727 __DUMMY__ 0.007374774785052311	false	1.0
schock	neg 1.0		neg 0.5471777714747708 off 0.4453313619729059 __DUMMY__ 0.007490866552323467	false	1.0
beule	neg 1.0		neg 0.5398986452452774 off 0.4526500956353574 __DUMMY__ 0.0074512591193651705	false	1.0
vergelten	neg 1.0		neg 0.5387583458312968 off 0.453880525167211 __DUMMY__ 0.007361129001492275	false	1.0
verdorbenheit	neg 1.0		neg 0.5442014272713196 off 0.4483277240301379 __DUMMY__ 0.007470848698542489	false	1.0
trauma	neg 1.0		neg 0.5458518018015734 off 0.4467201408590327 __DUMMY__ 0.0074280573393936756	false	1.0
sinnlos	neg 1.0		neg 0.5454616667709794 off 0.44710705183972066 __DUMMY__ 0.007431281389300053	false	1.0
fettsack	off 1.0	off 1.0	off 0.711493236018052 neg 0.28497903326128216 __DUMMY__ 0.003527730720665852	false	1.0
feige	off 1.0		neg 0.5454271227623326 off 0.44719058985245136 __DUMMY__ 0.007382287385215878	false	0.5
abdanken	neg 1.0		neg 0.5529429083152081 off 0.43972113009516317 __DUMMY__ 0.0073359615896287506	false	1.0
wichtigtuer	off 1.0	off 1.0	off 0.7058612425083252 neg 0.2906013395542214 __DUMMY__ 0.003537417937453487	false	1.0
misslingen	neg 1.0		neg 0.5439906788346136 off 0.44854828755011994 __DUMMY__ 0.0074610336152664426	false	1.0
untreu	off 1.0		neg 0.5424462845309188 off 0.45013896928723135 __DUMMY__ 0.0074147461818498996	false	0.5
missmutig	neg 1.0		neg 0.5427720172028973 off 0.44978323324489144 __DUMMY__ 0.007444749552211472	false	1.0
hurenbock	off 1.0		neg 0.543319056604757 off 0.449198265317714 __DUMMY__ 0.007482678077529163	false	0.5
betrunken	neg 1.0		neg 0.5396361103342564 off 0.4529295995345167 __DUMMY__ 0.007434290131226841	false	1.0
korrupt	off 1.0		neg 0.5536476453979962 off 0.43899159275728517 __DUMMY__ 0.007360761844718787	false	0.5
unmut	neg 1.0		neg 0.5547446366367088 off 0.43780957701046735 __DUMMY__ 0.00744578635282386	false	1.0
hackfresse	off 1.0		neg 0.5357319969720815 off 0.4568892009196248 __DUMMY__ 0.007378802108293704	false	0.5
aufblasen	neg 1.0		neg 0.5446134609780601 off 0.4479180030998054 __DUMMY__ 0.00746853592213454	false	1.0
gewaltsam	neg 1.0		neg 0.5485462967387588 off 0.444071188180462 __DUMMY__ 0.007382515080779248	false	1.0
unbeliebtheit	neg 1.0		neg 0.5453695531272429 off 0.44732357911020615 __DUMMY__ 0.00730686776255102	false	1.0
sturheit	neg 1.0		neg 0.5511059906455488 off 0.441498592562938 __DUMMY__ 0.007395416791513256	false	1.0
kuh	neg 1.0		neg 0.5457869055016898 off 0.4467919650313463 __DUMMY__ 0.007421129466963865	false	1.0
erschrecken	neg 1.0		neg 0.5434145577571355 off 0.4491462366267296 __DUMMY__ 0.007439205616134883	false	1.0
opfer	neg 1.0	neg 1.0	neg 0.7629998013199917 off 0.23344135782886496 __DUMMY__ 0.003558840851143305	false	1.0
sinken	neg 1.0		neg 0.5533038198871191 off 0.4392419598662764 __DUMMY__ 0.007454220246604517	false	1.0
stinktier	neg 1.0		neg 0.5390866380789279 off 0.4535344692830254 __DUMMY__ 0.007378892638046855	false	1.0
tucke	off 1.0		neg 0.533968686922981 off 0.45863385349518293 __DUMMY__ 0.007397459581836069	false	0.5
ein			neg 0.5441873150414659 off 0.4483175932990696 __DUMMY__ 0.0074950916594644845	false	0.0
abstieg	neg 1.0		neg 0.551209897311375 off 0.44138845036471763 __DUMMY__ 0.007401652323907437	false	1.0
missverstehen	neg 1.0		neg 0.5473127585426313 off 0.44529203806296974 __DUMMY__ 0.007395203394398892	false	1.0
ergebnislos	neg 1.0		neg 0.5510015309246599 off 0.44158006336334693 __DUMMY__ 0.007418405711993207	false	1.0
unter			neg 0.5547065783921965 off 0.43774007702746887 __DUMMY__ 0.007553344580334562	false	0.0
manipulieren	neg 1.0		neg 0.5525763635962947 off 0.4399850855434241 __DUMMY__ 0.007438550860281276	false	1.0
unbewiesen	neg 1.0		neg 0.5517264551243284 off 0.44093763111950957 __DUMMY__ 0.007335913756162035	false	1.0
verschleppen	neg 1.0		neg 0.5517851147717794 off 0.44080750430503624 __DUMMY__ 0.007407380923184188	false	1.0
weib	off 1.0		neg 0.5347155893135821 off 0.45791911723787754 __DUMMY__ 0.007365293448540362	false	0.5
opposition	neg 1.0		neg 0.5483657079530421 off 0.4442683635295401 __DUMMY__ 0.007365928517417714	false	1.0
verkehrswidrig	neg 1.0		neg 0.5356845261569598 off 0.45689318429486386 __DUMMY__ 0.007422289548176246	false	1.0
inkorrekt	neg 1.0		neg 0.5454166542515985 off 0.4472431613483976 __DUMMY__ 0.007340184400003838	false	1.0
vermeiden	neg 1.0		neg 0.5531818304522514 off 0.4392962681223441 __DUMMY__ 0.007521901425404317	false	1.0
abweichung	neg 1.0		neg 0.5522113717544258 off 0.4403998424926018 __DUMMY__ 0.007388785752972387	false	1.0
alkoholisiert	neg 1.0		neg 0.5478134945933848 off 0.44470745965655584 __DUMMY__ 0.007479045750059234	false	1.0
scheiss	off 1.0	off 1.0	off 0.7099510978753611 neg 0.28649041663391656 __DUMMY__ 0.003558485490722381	false	1.0
herausforderung	neg 1.0		neg 0.5464428338481803 off 0.44603626804426894 __DUMMY__ 0.007520898107550805	false	1.0
pervers	off 1.0		neg 0.5319941039051042 off 0.4606520910694219 __DUMMY__ 0.007353805025473844	false	0.5
wackelig	neg 1.0		neg 0.5466128091559506 off 0.445869109012076 __DUMMY__ 0.007518081831973556	false	1.0
verwickeln	neg 1.0		neg 0.5468337319307874 off 0.44575372600207686 __DUMMY__ 0.007412542067135754	false	1.0
vorwand	neg 1.0		neg 0.5545977894248695 off 0.43797360591275647 __DUMMY__ 0.007428604662374251	false	1.0
muschi	off 1.0		neg 0.5488720582748977 off 0.44373146987272943 __DUMMY__ 0.007396471852372903	false	0.5
entmutigung	neg 1.0		neg 0.550900046616967 off 0.44180423994076556 __DUMMY__ 0.007295713442267498	false	1.0
unangemessen	neg 1.0		neg 0.5524928873584084 off 0.4401132282926415 __DUMMY__ 0.007393884348950115	false	1.0
unstetig	neg 1.0		neg 0.5438821390895946 off 0.44870749356036643 __DUMMY__ 0.007410367350038846	false	1.0
entmutigen	neg 1.0		neg 0.5460776242833739 off 0.4464778515568842 __DUMMY__ 0.007444524159741938	false	1.0
schwanz	neg 1.0		neg 0.54962626773641 off 0.4429388348935813 __DUMMY__ 0.00743489737000847	false	1.0
verbot	neg 1.0		neg 0.5521366785962214 off 0.44048664954110367 __DUMMY__ 0.007376671862674974	false	1.0
leid	neg 1.0		neg 0.5372642393698923 off 0.4553429516719732 __DUMMY__ 0.0073928089581345455	false	1.0
archaisch	neg 1.0		neg 0.5514583810053996 off 0.44113943878962025 __DUMMY__ 0.007402180204980063	false	1.0
gegen			neg 0.5547879279277473 off 0.4377985304745656 __DUMMY__ 0.0074135415976870865	false	0.0
scheidung	neg 1.0	neg 1.0	neg 0.7466720829434103 off 0.24979697711472618 __DUMMY__ 0.003530939941863553	false	1.0
einschlag	neg 1.0		neg 0.5389622509539334 off 0.45366510715259084 __DUMMY__ 0.007372641893476028	false	1.0
m			neg 0.5476047890800014 off 0.44492791121451664 __DUMMY__ 0.007467299705481949	false	0.0
abgestanden	neg 1.0		neg 0.5449815736701087 off 0.4475366626719277 __DUMMY__ 0.007481763657963562	false	1.0
schmierig	off 1.0		neg 0.5378253465678883 off 0.4547648368078593 __DUMMY__ 0.0074098166242523205	false	0.5
unpraktisch	neg 1.0		neg 0.544114137164245 off 0.4484072872015974 __DUMMY__ 0.007478575634157784	false	1.0
wixxer	off 1.0		neg 0.5327275809330962 off 0.45993898236148195 __DUMMY__ 0.007333436705421825	false	0.5
bezeichnet			neg 0.5503218704856465 off 0.4422782287750346 __DUMMY__ 0.007399900739318982	false	0.0
jammerlappen	off 1.0		neg 0.5434232820536858 off 0.4491610858042712 __DUMMY__ 0.007415632142042788	false	0.5
farce	neg 1.0		neg 0.5537359120771673 off 0.43893163692413883 __DUMMY__ 0.007332450998694002	false	1.0
zwecklos	neg 1.0		neg 0.5520686791536568 off 0.44051989817974974 __DUMMY__ 0.007411422666593591	false	1.0
turbulent	neg 1.0		neg 0.5399269812601794 off 0.4526905176076164 __DUMMY__ 0.0073825011322042776	false	1.0
invasion	neg 1.0		neg 0.5430515547132508 off 0.4494984337016428 __DUMMY__ 0.0074500115851064905	false	1.0
schuld	neg 1.0		neg 0.5475088732762159 off 0.4450692555528581 __DUMMY__ 0.00742187117092597	false	1.0
risiko	neg 1.0		neg 0.5414116514933558 off 0.45111159063771805 __DUMMY__ 0.00747675786892611	false	1.0
finster	neg 1.0		neg 0.5446088228314481 off 0.44790507430422183 __DUMMY__ 0.007486102864330097	false	1.0
geisteskrank	off 1.0		neg 0.5439863360090752 off 0.4486526069114508 __DUMMY__ 0.0073610570794740765	false	0.5
zusammenbrechen	neg 1.0		neg 0.5481244397313579 off 0.444409954250551 __DUMMY__ 0.007465606018091131	false	1.0
ausbeute	neg 1.0		neg 0.5483010933981352 off 0.4442130417760273 __DUMMY__ 0.0074858648258376535	false	1.0
hinterhalt	neg 1.0		neg 0.5471332047775885 off 0.4454519637587347 __DUMMY__ 0.007414831463676963	false	1.0
kritik	neg 1.0		neg 0.5528448670496406 off 0.4398034046303645 __DUMMY__ 0.007351728319995006	false	1.0
einschrumpfen	neg 1.0		neg 0.5462384055587121 off 0.4464019949586576 __DUMMY__ 0.007359599482630357	false	1.0
riskant	neg 1.0		neg 0.5515457586991026 off 0.44100274203085077 __DUMMY__ 0.007451499270046586	false	1.0
frustrieren	neg 1.0		neg 0.5521914293186286 off 0.44036918663986163 __DUMMY__ 0.007439384041509736	false	1.0
groll	neg 1.0		neg 0.5517526873859306 off 0.4408339634275364 __DUMMY__ 0.007413349186533009	false	1.0
gibt			neg 0.5496041143833162 off 0.44295073769304455 __DUMMY__ 0.007445147923639283	false	0.0
qualvoll	neg 1.0		neg 0.5444796636814089 off 0.448075223406105 __DUMMY__ 0.007445112912486094	false	1.0
wackeln	neg 1.0		neg 0.5444464916308432 off 0.448066237899397 __DUMMY__ 0.007487270469759656	false	1.0
klagen	neg 1.0		neg 0.5548674556258714 off 0.43770888369112204 __DUMMY__ 0.007423660683006575	false	1.0
bankrott	neg 1.0		neg 0.5415829635310637 off 0.45097701735740836 __DUMMY__ 0.0074400191115279075	false	1.0
trauern	neg 1.0		neg 0.5521629742281607 off 0.44040266727425814 __DUMMY__ 0.007434358497581301	false	1.0
ablehnung	neg 1.0	neg 1.0	neg 0.7630961504169947 off 0.23337963972523265 __DUMMY__ 0.0035242098577725842	false	1.0
stur	neg 1.0		neg 0.546809215794209 off 0.44576422583498226 __DUMMY__ 0.007426558370808673	false	1.0
aufruhr	neg 1.0		neg 0.549965846143289 off 0.44266641031585263 __DUMMY__ 0.007367743540858306	false	1.0
melancholie	neg 1.0		neg 0.5477940446834931 off 0.44471498450127683 __DUMMY__ 0.007490970815230103	false	1.0
ist			neg 0.5465650361390881 off 0.4460091762100836 __DUMMY__ 0.007425787650828341	false	0.0
torheit	neg 1.0		neg 0.5509441830107628 off 0.44171975146016107 __DUMMY__ 0.0073360655290763	false	1.0
dreckskind	off 1.0		neg 0.5391384182610454 off 0.45353226383512546 __DUMMY__ 0.007329317903829158	false	0.5
umtauschen	neg 1.0		neg 0.5460237038701475 off 0.44649911133889897 __DUMMY__ 0.007477184790953463	false	1.0
zum			neg 0.5511447182090946 off 0.4413021355798493 __DUMMY__ 0.007553146211056154	false	0.0
zersetzen	neg 1.0		neg 0.5535607970005415 off 0.43900721596734066 __DUMMY__ 0.0074319870321179924	false	1.0
zur			neg 0.5556304938814411 off 0.4369030427922044 __DUMMY__ 0.007466463326354569	false	0.0
frust	neg 1.0		neg 0.5492072833761047 off 0.44334191468354234 __DUMMY__ 0.007450801940352868	false	1.0
unerbittlichkeit	neg 1.0		neg 0.5530653148429122 off 0.4395135661833068 __DUMMY__ 0.007421118973780995	false	1.0
zwei			neg 0.5506967580183482 off 0.44178168786428784 __DUMMY__ 0.007521554117363935	false	0.0
unkorrekt	neg 1.0		neg 0.5442066119708159 off 0.44844681226166355 __DUMMY__ 0.007346575767520618	false	1.0
hexe	off 1.0		neg 0.5418025602635282 off 0.45077266638538094 __DUMMY__ 0.007424773351090906	false	0.5
lasch	neg 1.0		neg 0.5463721348130529 off 0.44624212346124664 __DUMMY__ 0.007385741725700378	false	1.0
rivale	neg 1.0		neg 0.5389505523648613 off 0.4536653271561551 __DUMMY__ 0.0073841204789834745	false	1.0
mutlos	off 1.0	off 1.0	off 0.703032109439825 neg 0.2934248562756224 __DUMMY__ 0.0035430342845526102	false	1.0
wirr	off 1.0		neg 0.5416480457777214 off 0.45099451247352096 __DUMMY__ 0.007357441748757637	false	0.5
jahr			neg 0.5484415080192189 off 0.44404854483217315 __DUMMY__ 0.007509947148607917	false	0.0
wird			neg 0.55094413979349 off 0.4416070910206496 __DUMMY__ 0.007448769185860274	false	0.0
strafbar	neg 1.0		neg 0.5541167465369842 off 0.4384914922578864 __DUMMY__ 0.007391761205129582	false	1.0
erosion	neg 1.0		neg 0.5445965782276713 off 0.4479448488076432 __DUMMY__ 0.007458572964685422	false	1.0
eingehen	neg 1.0		neg 0.5519728048281891 off 0.44060543582294415 __DUMMY__ 0.007421759348866644	false	1.0
faul	off 1.0		neg 0.5409195518740744 off 0.4516112184521869 __DUMMY__ 0.007469229673738763	false	0.5
provisorium	neg 1.0		neg 0.5564691918116922 off 0.4360017635095285 __DUMMY__ 0.007529044678779276	false	1.0
schmerzen	neg 1.0		neg 0.5474961613118929 off 0.44503741990699697 __DUMMY__ 0.007466418781110095	false	1.0
schrumpfen	neg 1.0		neg 0.5554208576674914 off 0.4370998748906278 __DUMMY__ 0.007479267441880929	false	1.0
geistlos	off 1.0		neg 0.5492516411332137 off 0.4434159045869318 __DUMMY__ 0.007332454279854437	false	0.5
fehlkauf	neg 1.0		neg 0.5458848650939181 off 0.4467170630135572 __DUMMY__ 0.007398071892524659	false	1.0
frustrierend	neg 1.0		neg 0.5434199957859971 off 0.4491398921439449 __DUMMY__ 0.007440112070057881	false	1.0
unzufrieden	neg 1.0		neg 0.5508299870046972 off 0.441735084163993 __DUMMY__ 0.007434928831309789	false	1.0
verzweifeln	neg 1.0		neg 0.5478532806217858 off 0.44469397248867687 __DUMMY__ 0.007452746889537311	false	1.0
verzweifelt	neg 1.0		neg 0.5467880545462015 off 0.4457826857577177 __DUMMY__ 0.007429259696080751	false	1.0
misstrauensantrag	neg 1.0		neg 0.5458365681755781 off 0.44676754844535715 __DUMMY__ 0.007395883379064647	false	1.0
abfallen	neg 1.0		neg 0.5436536171406816 off 0.4488474162172522 __DUMMY__ 0.007498966642066094	false	1.0
fucker	off 1.0		neg 0.5408456636003728 off 0.45177376954041515 __DUMMY__ 0.007380566859211999	false	0.5
ungezogen	neg 1.0		neg 0.5337331244050373 off 0.4588867471475531 __DUMMY__ 0.007380128447409661	false	1.0
irrsinnig	neg 1.0	neg 1.0	neg 0.7607401529609847 off 0.23570962521762262 __DUMMY__ 0.0035502218213926376	false	1.0
unfassbar	neg 1.0		neg 0.5427781852270694 off 0.44980647801379287 __DUMMY__ 0.007415336759137676	false	1.0
hart	neg 1.0		neg 0.5429179637661924 off 0.4496831561632558 __DUMMY__ 0.007398880070551819	false	1.0
widerlich	off 1.0		neg 0.5430539440510621 off 0.4495576721769131 __DUMMY__ 0.007388383772024765	false	0.5
fatal	neg 1.0		neg 0.5453559630347015 off 0.44723265638710585 __DUMMY__ 0.007411380578192725	false	1.0
bruch	neg 1.0		neg 0.5563672002113973 off 0.4362282915244604 __DUMMY__ 0.007404508264142292	false	1.0
aushungern	neg 1.0		neg 0.5507188304262616 off 0.441917680244458 __DUMMY__ 0.0073634893292805325	false	1.0
anspannung	neg 1.0		neg 0.5527225851044357 off 0.43977683223692055 __DUMMY__ 0.00750058265864367	false	1.0
von			neg 0.5502067043536295 off 0.44229492335841175 __DUMMY__ 0.007498372287958769	false	0.0
kraftlos	neg 1.0		neg 0.5478405137643727 off 0.4446570705423023 __DUMMY__ 0.007502415693325032	false	1.0
vom			neg 0.5545310328435743 off 0.4379288357946925 __DUMMY__ 0.0075401313617333	false	0.0
grenzdebil	off 1.0		neg 0.5409037437082177 off 0.45167020064503866 __DUMMY__ 0.00742605564674369	false	0.5
vor			neg 0.5524018304767769 off 0.4401151454642708 __DUMMY__ 0.00748302405895234	false	0.0
unterwerfen	neg 1.0		neg 0.5527772001281106 off 0.43980894542352644 __DUMMY__ 0.007413854448362933	false	1.0
versenkung	neg 1.0		neg 0.5520607018137526 off 0.44049889501305894 __DUMMY__ 0.00744040317318843	false	1.0
entziehen	neg 1.0		neg 0.5548751334731359 off 0.4376886228602607 __DUMMY__ 0.007436243666603331	false	1.0
finanzkrise	neg 1.0		neg 0.5507468790999761 off 0.44188569559199214 __DUMMY__ 0.007367425308031742	false	1.0
schimpfend	neg 1.0		neg 0.5422351089570705 off 0.4502575843052429 __DUMMY__ 0.007507306737686638	false	1.0
profan	neg 1.0		neg 0.5454336180284873 off 0.44713457126023015 __DUMMY__ 0.007431810711282516	false	1.0
korruption	neg 1.0		neg 0.5529530167268034 off 0.4396764547235359 __DUMMY__ 0.007370528549660672	false	1.0
â			neg 0.5490005133275239 off 0.44353865564999323 __DUMMY__ 0.007460831022482864	false	0.0
schmutzig	neg 1.0		neg 0.5401815412249144 off 0.45236436974668554 __DUMMY__ 0.00745408902840018	false	1.0
sexy	neg 1.0		neg 0.5430191481924057 off 0.44955494019904385 __DUMMY__ 0.007425911608550463	false	1.0
abraten	neg 1.0		neg 0.5453978265981011 off 0.4471489098527341 __DUMMY__ 0.0074532635491647995	false	1.0
schwarz	neg 1.0		neg 0.5459104578336778 off 0.4466689711726503 __DUMMY__ 0.007420570993671955	false	1.0
fotze	off 1.0		neg 0.5505598372259359 off 0.4420336376172998 __DUMMY__ 0.007406525156764211	false	0.5
verwirren	neg 1.0		neg 0.5446514831522976 off 0.44792002836427447 __DUMMY__ 0.007428488483427774	false	1.0
zahnlos	off 1.0		neg 0.5518547122799348 off 0.4407378395313923 __DUMMY__ 0.007407448188673094	false	0.5
verheeren	neg 1.0		neg 0.5331639640322653 off 0.45949940704322606 __DUMMY__ 0.007336628924508538	false	1.0
hippie	neg 1.0		neg 0.5436385562452476 off 0.4489424163704498 __DUMMY__ 0.00741902738430256	false	1.0
rammen	neg 1.0		neg 0.5432203905558547 off 0.4493308724751252 __DUMMY__ 0.007448736969020076	false	1.0
unlauter	neg 1.0	neg 1.0	neg 0.7595869557373939 off 0.23686737236873365 __DUMMY__ 0.003545671893872556	false	1.0
unheilvoll	neg 1.0		neg 0.5447299493708077 off 0.4478228669094984 __DUMMY__ 0.007447183719693873	false	1.0
niedrig	neg 1.0		neg 0.5498031255097193 off 0.4427489112037383 __DUMMY__ 0.00744796328654219	false	1.0
explosion	neg 1.0		neg 0.5431826301967431 off 0.44937722201662617 __DUMMY__ 0.007440147786630705	false	1.0
weichei	off 1.0		neg 0.5368654501491865 off 0.45575110094214527 __DUMMY__ 0.007383448908668251	false	0.5
minusmensch	off 1.0		neg 0.535974737001102 off 0.45673600325850633 __DUMMY__ 0.007289259740391569	false	0.5
farblos	neg 1.0		neg 0.5465477163266924 off 0.4460276799311337 __DUMMY__ 0.007424603742173952	false	1.0
unwissend	neg 1.0	neg 1.0	neg 0.7584049947351028 off 0.2380531836111519 __DUMMY__ 0.003541821653745351	false	1.0
traurig	neg 1.0		neg 0.5391501254622297 off 0.4534295378409565 __DUMMY__ 0.007420336696813628	false	1.0
senkung	neg 1.0		neg 0.5440516346410743 off 0.4485273030798421 __DUMMY__ 0.007421062279083695	false	1.0
ungleich	neg 1.0	neg 1.0	neg 0.7633173954991458 off 0.23313014705689813 __DUMMY__ 0.0035524574439561103	false	1.0
heikel	neg 1.0		neg 0.553223003777242 off 0.43933681268264796 __DUMMY__ 0.007440183540110058	false	1.0
drosselung	neg 1.0		neg 0.5382678763562264 off 0.4543059026066748 __DUMMY__ 0.0074262210370988554	false	1.0
falsch	neg 1.0		neg 0.543657088226871 off 0.4489194805895608 __DUMMY__ 0.007423431183568133	false	1.0
unzufriedenheit	neg 1.0		neg 0.5537326746740945 off 0.4388337180665248 __DUMMY__ 0.007433607259380723	false	1.0
kurz	neg 1.0		neg 0.5469859664022108 off 0.44552198770457946 __DUMMY__ 0.007492045893209771	false	1.0
unsinnig	neg 1.0		neg 0.5507077504426903 off 0.4418667724745345 __DUMMY__ 0.007425477082775181	false	1.0
penner	off 1.0	off 1.0	off 0.7127580909844127 neg 0.28370759167554216 __DUMMY__ 0.0035343173400451114	false	1.0
seicht	neg 1.0		neg 0.5363364777409042 off 0.4563281132266899 __DUMMY__ 0.007335409032405975	false	1.0
dummheit	off 1.0	off 1.0	off 0.7063880773781286 neg 0.2900733897865302 __DUMMY__ 0.0035385328353412207	false	1.0
unerfreulich	neg 1.0		neg 0.5526709636387449 off 0.4398647719365783 __DUMMY__ 0.007464264424676999	false	1.0
motherfucker	off 1.0	off 1.0	off 0.7097331069058904 neg 0.2867320171790891 __DUMMY__ 0.003534875915020541	false	1.0
pikiert	neg 1.0		neg 0.544489831011478 off 0.4481197275772492 __DUMMY__ 0.007390441411272761	false	1.0
wrack	neg 1.0		neg 0.549181209924323 off 0.44336844438657647 __DUMMY__ 0.007450345689100621	false	1.0
gangster	neg 1.0		neg 0.5444100507853662 off 0.4481676296132161 __DUMMY__ 0.007422319601417702	false	1.0
krank	neg 1.0		neg 0.5395704704840031 off 0.45297533985212846 __DUMMY__ 0.007454189663868433	false	1.0
reich	neg 1.0		neg 0.5465183320738672 off 0.44616974941362325 __DUMMY__ 0.007311918512509586	false	1.0
gnadenlos	neg 1.0		neg 0.5470233278266836 off 0.4455481140432197 __DUMMY__ 0.007428558130096681	false	1.0
niedergeschlagen	neg 1.0		neg 0.5484024681658981 off 0.4441399192480038 __DUMMY__ 0.007457612586098036	false	1.0
terrorisieren	off 1.0	off 1.0	off 0.7035588416032832 neg 0.2928805863356536 __DUMMY__ 0.0035605720610631412	false	1.0
sinnlosigkeit	neg 1.0		neg 0.5514324556617162 off 0.44115298964800026 __DUMMY__ 0.007414554690283525	false	1.0
behindern	neg 1.0		neg 0.5465893509185703 off 0.4459506481262849 __DUMMY__ 0.007460000955144796	false	1.0
undemokratisch	neg 1.0		neg 0.5495990036582598 off 0.4430461274276114 __DUMMY__ 0.007354868914128926	false	1.0
wirtschaftskrise	neg 1.0		neg 0.551924362862282 off 0.44068340971425624 __DUMMY__ 0.0073922274234616255	false	1.0
neid	neg 1.0		neg 0.5427137680131076 off 0.4498327087938361 __DUMMY__ 0.007453523193056567	false	1.0
rutschen	neg 1.0		neg 0.5505790864973475 off 0.44186044814519326 __DUMMY__ 0.007560465357459268	false	1.0
rezession	neg 1.0		neg 0.5400263146823844 off 0.45262743640167 __DUMMY__ 0.007346248915945554	false	1.0
fehlgeburt	neg 1.0		neg 0.5481591640045398 off 0.44443380377206104 __DUMMY__ 0.007407032223399136	false	1.0
charakterschwach	off 1.0		neg 0.5430815796803978 off 0.449526665008105 __DUMMY__ 0.007391755311497248	false	0.5
isolation	neg 1.0		neg 0.5419972469278566 off 0.4505804082327177 __DUMMY__ 0.007422344839425849	false	1.0
ablenkung	neg 1.0		neg 0.5464497629386867 off 0.4460928737206713 __DUMMY__ 0.007457363340641977	false	1.0
pech	neg 1.0		neg 0.5433066013400676 off 0.44924711099413445 __DUMMY__ 0.0074462876657979205	false	1.0
vermeidung	neg 1.0		neg 0.5389883882909005 off 0.453570402129494 __DUMMY__ 0.007441209579605702	false	1.0
dominieren	neg 1.0		neg 0.5488598776283886 off 0.4437034843628578 __DUMMY__ 0.007436638008753622	false	1.0
schwindlig	neg 1.0		neg 0.5423351260231345 off 0.45018823687817167 __DUMMY__ 0.007476637098693718	false	1.0
lutscher	neg 1.0		neg 0.5346297078327237 off 0.45802335667089433 __DUMMY__ 0.007346935496381864	false	1.0
pflicht	neg 1.0		neg 0.5538493834598692 off 0.4387182830233314 __DUMMY__ 0.007432333516799398	false	1.0
faschist	off 1.0		neg 0.5495091024067971 off 0.44315577118725835 __DUMMY__ 0.007335126405944598	false	0.5
verschleudern	neg 1.0		neg 0.552185416470678 off 0.44041330837164605 __DUMMY__ 0.007401275157676132	false	1.0
wenn			neg 0.5437212805538125 off 0.4488552595449681 __DUMMY__ 0.007423459901219619	false	0.0
ehebruch	neg 1.0		neg 0.5532342390598136 off 0.4393707112979461 __DUMMY__ 0.007395049642240379	false	1.0
spott	off 1.0		neg 0.5533989135069746 off 0.4391948664780195 __DUMMY__ 0.00740622001500602	false	0.5
trostlosigkeit	neg 1.0		neg 0.5560526608550732 off 0.43656739965647084 __DUMMY__ 0.007379939488455853	false	1.0
lutschen	neg 1.0		neg 0.5440190156486516 off 0.4485916131765865 __DUMMY__ 0.0073893711747617654	false	1.0
undiszipliniert	neg 1.0		neg 0.5400275571755928 off 0.4525570844076723 __DUMMY__ 0.007415358416734954	false	1.0
kopfschmerz	neg 1.0		neg 0.5470199457990502 off 0.44552168855223917 __DUMMY__ 0.007458365648710587	false	1.0
unvorhergesehen	neg 1.0		neg 0.5457210376710642 off 0.4467599617058266 __DUMMY__ 0.00751900062310931	false	1.0
desinteressiert	neg 1.0		neg 0.5413725072615097 off 0.45123162864209027 __DUMMY__ 0.007395864096400177	false	1.0
armselig	off 1.0		neg 0.5409949462179532 off 0.4516253097644891 __DUMMY__ 0.007379744017557711	false	0.5
desaster	neg 1.0		neg 0.5567803635481157 off 0.4358148010087259 __DUMMY__ 0.007404835443158511	false	1.0
tod	neg 1.0		neg 0.5543999118484236 off 0.43822750018398043 __DUMMY__ 0.007372587967595929	false	1.0
herzlos	neg 1.0		neg 0.5388072063880135 off 0.45378220115845147 __DUMMY__ 0.007410592453535053	false	1.0
unwissenheit	neg 1.0		neg 0.5520214844128457 off 0.4405758277808936 __DUMMY__ 0.007402687806260719	false	1.0
widersinnig	neg 1.0		neg 0.5526920025330141 off 0.43995061323552903 __DUMMY__ 0.007357384231456847	false	1.0
bedenklich	neg 1.0		neg 0.5524240510276863 off 0.44014401263229097 __DUMMY__ 0.007431936340022753	false	1.0
beanstanden	neg 1.0		neg 0.5538493752038514 off 0.438710547127274 __DUMMY__ 0.007440077668874737	false	1.0
panisch	neg 1.0	neg 1.0	neg 0.7576831808469182 off 0.23871994019979503 __DUMMY__ 0.003596878953286713	false	1.0
debil	off 1.0		neg 0.555898943572925 off 0.4366399647839004 __DUMMY__ 0.007461091643174558	false	0.5
abstrich	neg 1.0		neg 0.5431847399248091 off 0.44930600227136375 __DUMMY__ 0.007509257803827151	false	1.0
primitiv	neg 1.0		neg 0.5424433907181688 off 0.45016973257430315 __DUMMY__ 0.007386876707528069	false	1.0
abschaum	off 1.0	off 1.0	off 0.707441890626302 neg 0.2890294513493273 __DUMMY__ 0.003528658024370737	false	1.0
provozieren	neg 1.0		neg 0.5490475314234543 off 0.443551354005253 __DUMMY__ 0.007401114571292617	false	1.0
tot	neg 1.0		neg 0.5499307954144897 off 0.44266358661328603 __DUMMY__ 0.007405617972224128	false	1.0
instabil	neg 1.0		neg 0.5399058639976028 off 0.452727114746491 __DUMMY__ 0.007367021255906224	false	1.0
schwuchtel	off 1.0		neg 0.5311926319204718 off 0.461517593023337 __DUMMY__ 0.007289775056191123	false	0.5
zerren	neg 1.0		neg 0.5488394522422918 off 0.4437069295727277 __DUMMY__ 0.007453618184980433	false	1.0
kinderficker	off 1.0		neg 0.5401749394704504 off 0.4524830814484875 __DUMMY__ 0.007341979081062193	false	0.5
gefahr	neg 1.0		neg 0.5526528469739717 off 0.43993537196221183 __DUMMY__ 0.007411781063816531	false	1.0
rabiat	neg 1.0		neg 0.5480929607734207 off 0.4444787603175166 __DUMMY__ 0.00742827890906267	false	1.0
verlangsamung	neg 1.0		neg 0.5356812407741463 off 0.4569665371448113 __DUMMY__ 0.007352222081042465	false	1.0
ausgestorben	neg 1.0		neg 0.54909975011011 off 0.44345477304372555 __DUMMY__ 0.007445476846164302	false	1.0
anklagen	neg 1.0		neg 0.5499854592689275 off 0.4426190273774672 __DUMMY__ 0.007395513353605089	false	1.0
trott	neg 1.0		neg 0.5468559501669171 off 0.44569347852442054 __DUMMY__ 0.007450571308662214	false	1.0
verminderung	neg 1.0		neg 0.5397621474454448 off 0.4528319301800301 __DUMMY__ 0.007405922374525035	false	1.0
nach			neg 0.5522122848853347 off 0.4402561348347548 __DUMMY__ 0.00753158027991072	false	0.0
rost	neg 1.0		neg 0.5356568955601424 off 0.4569929794445404 __DUMMY__ 0.007350124995317122	false	1.0
destruktiv	neg 1.0		neg 0.5510043178753903 off 0.44160641702996517 __DUMMY__ 0.007389265094644503	false	1.0
unzumutbarkeit	neg 1.0		neg 0.5392363114737088 off 0.45332990220979724 __DUMMY__ 0.007433786316493931	false	1.0
labil	off 1.0	off 1.0	off 0.7085676677581852 neg 0.2878949270612817 __DUMMY__ 0.00353740518053298	false	1.0
ziemlich	neg 1.0		neg 0.5415927944420993 off 0.4509830551642899 __DUMMY__ 0.007424150393610769	false	1.0
lachnummer	off 1.0		neg 0.5507820150507339 off 0.44182412534478743 __DUMMY__ 0.007393859604478889	false	0.5
oder			neg 0.5461269648956095 off 0.44640252985915724 __DUMMY__ 0.007470505245233101	false	0.0
verfall	neg 1.0		neg 0.5568076304239262 off 0.43574077941781847 __DUMMY__ 0.007451590158255322	false	1.0
ausgrenzung	neg 1.0		neg 0.5487372763331216 off 0.44390723174631685 __DUMMY__ 0.007355491920561499	false	1.0
unordnung	neg 1.0		neg 0.5399169037030146 off 0.4527296028542537 __DUMMY__ 0.007353493442731777	false	1.0
fehlverhalten	neg 1.0		neg 0.5537344156263799 off 0.4388589274179193 __DUMMY__ 0.007406656955700648	false	1.0
eine			neg 0.5524752065471732 off 0.4400513770140082 __DUMMY__ 0.007473416438818621	false	0.0
nille	neg 1.0		neg 0.5495687889383511 off 0.4430431894954181 __DUMMY__ 0.007388021566230764	false	1.0
qual	neg 1.0		neg 0.5471928340016687 off 0.44536147591788966 __DUMMY__ 0.007445690080441747	false	1.0
verschwenden	neg 1.0		neg 0.5514082722446959 off 0.4411432643350992 __DUMMY__ 0.007448463420204773	false	1.0
riesig	neg 1.0		neg 0.5473359103725297 off 0.4452063598353776 __DUMMY__ 0.007457729792092584	false	1.0
verurteilen	neg 1.0		neg 0.5524251836634703 off 0.44018472517412444 __DUMMY__ 0.007390091162405268	false	1.0
klischee	neg 1.0	neg 1.0	neg 0.759661462565512 off 0.23680187982158796 __DUMMY__ 0.0035366576128999963	false	1.0
diktatorisch	neg 1.0		neg 0.5508092869685391 off 0.4418582999071475 __DUMMY__ 0.007332413124313524	false	1.0
vorhersehbar	neg 1.0		neg 0.5471162802552809 off 0.4454888114891988 __DUMMY__ 0.007394908255520305	false	1.0
sowie			neg 0.5381531675803687 off 0.45450443187248885 __DUMMY__ 0.007342400547142459	false	0.0
stornieren	neg 1.0		neg 0.5430159406007393 off 0.4495230960116248 __DUMMY__ 0.007460963387635801	false	1.0
besteuerung	neg 1.0		neg 0.546403335994599 off 0.4461784109412896 __DUMMY__ 0.007418253064111396	false	1.0
ungeschminkt	neg 1.0		neg 0.5408417492396104 off 0.45173989380003704 __DUMMY__ 0.007418356960352447	false	1.0
kritisch	neg 1.0		neg 0.5530412228428109 off 0.43954698450590324 __DUMMY__ 0.007411792651285955	false	1.0
schlamperei	off 1.0		neg 0.5524673407785887 off 0.4401264584654537 __DUMMY__ 0.007406200755957643	false	0.5
sucht	neg 1.0	neg 1.0	neg 0.7571525651254675 off 0.23925385966525253 __DUMMY__ 0.0035935752092800147	false	1.0
egoistisch	off 1.0		neg 0.5373404870220004 off 0.455279143006472 __DUMMY__ 0.007380369971527588	false	0.5
ausbeuter	off 1.0		neg 0.554467589646958 off 0.43813326442943923 __DUMMY__ 0.007399145923602875	false	0.5
arschgeburt	off 1.0		neg 0.5313331402848653 off 0.4613764557995272 __DUMMY__ 0.007290403915607503	false	0.5
schubs	neg 1.0	neg 1.0	neg 0.7604556429164142 off 0.23594964539043783 __DUMMY__ 0.003594711693147879	false	1.0
unsolide	neg 1.0		neg 0.5477374011710927 off 0.44495282637682665 __DUMMY__ 0.007309772452080721	false	1.0
beschwerde	neg 1.0		neg 0.5511628606244953 off 0.44142452597964 __DUMMY__ 0.007412613395864571	false	1.0
stocken	neg 1.0		neg 0.5501914078209166 off 0.4423632077792469 __DUMMY__ 0.0074453843998365	false	1.0
isolieren	neg 1.0		neg 0.546418007524966 off 0.4461077442441529 __DUMMY__ 0.007474248230880986	false	1.0
unheilbar	neg 1.0		neg 0.54797817901059 off 0.44460683507996196 __DUMMY__ 0.007414985909448143	false	1.0
pisser	off 1.0		neg 0.540161793311287 off 0.45247247382372474 __DUMMY__ 0.007365732864988327	false	0.5
löschen	neg 1.0		neg 0.5467653193927908 off 0.4458129873046243 __DUMMY__ 0.007421693302584835	false	1.0
durchfallen	neg 1.0		neg 0.5514884131864 off 0.441074550018703 __DUMMY__ 0.007437036794896951	false	1.0
wichser	off 1.0		neg 0.533087111622062 off 0.45956064881663783 __DUMMY__ 0.007352239561300231	false	0.5
terror	neg 1.0		neg 0.541977916350504 off 0.45056782596457384 __DUMMY__ 0.007454257684922231	false	1.0
krass	neg 1.0		neg 0.5383249825613204 off 0.45426943707314865 __DUMMY__ 0.007405580365530795	false	1.0
revolte	neg 1.0	neg 1.0	neg 0.7613420204180972 off 0.2351596837255908 __DUMMY__ 0.003498295856312024	false	1.0
besorgt	neg 1.0		neg 0.5472441290064233 off 0.44526861257453876 __DUMMY__ 0.007487258419038023	false	1.0
nachlassen	neg 1.0		neg 0.5477119109013916 off 0.4448078051749019 __DUMMY__ 0.00748028392370649	false	1.0
alt	neg 1.0		neg 0.5493522307163998 off 0.44315715589298593 __DUMMY__ 0.007490613390614106	false	1.0
hundesohn	off 1.0		neg 0.5358260036856844 off 0.45686011609111604 __DUMMY__ 0.007313880223199691	false	0.5
als			neg 0.5493420575623656 off 0.4431962078218655 __DUMMY__ 0.00746173461576888	false	0.0
abschreckung	neg 1.0		neg 0.554661935764268 off 0.4379196721751447 __DUMMY__ 0.007418392060587304	false	1.0
unqualifiziert	neg 1.0		neg 0.5467075611909976 off 0.44589685715998384 __DUMMY__ 0.007395581649018495	false	1.0
abgewichst	off 1.0		neg 0.5493259762108613 off 0.4432558218901406 __DUMMY__ 0.0074182018989980315	false	0.5
schwer	neg 1.0		neg 0.5476504801570897 off 0.4448979297084005 __DUMMY__ 0.007451590134509816	false	1.0
bedeutungslosigkeit	neg 1.0		neg 0.5543221764120572 off 0.43826761943606507 __DUMMY__ 0.00741020415187783	false	1.0
kapitulation	neg 1.0		neg 0.5544125310401615 off 0.4382330450297779 __DUMMY__ 0.007354423930060533	false	1.0
unscharf	neg 1.0		neg 0.5434161096869582 off 0.44914272761578994 __DUMMY__ 0.007441162697251823	false	1.0
schwinden	neg 1.0		neg 0.5518507182837605 off 0.440700056126419 __DUMMY__ 0.0074492255898204966	false	1.0
versklavung	neg 1.0	neg 1.0	neg 0.761677716829709 off 0.23480234102392838 __DUMMY__ 0.003519942146362783	false	1.0
schlecht	neg 1.0		neg 0.5409751611990562 off 0.45159531874455294 __DUMMY__ 0.007429520056390788	false	1.0
verhasst	neg 1.0		neg 0.5493677666045002 off 0.44323939685353225 __DUMMY__ 0.00739283654196761	false	1.0
beschweren	neg 1.0		neg 0.545615492118647 off 0.44694311102056944 __DUMMY__ 0.007441396860783577	false	1.0
scheiden	neg 1.0		neg 0.5484961726868124 off 0.4440721368740569 __DUMMY__ 0.00743169043913073	false	1.0
frustriert	neg 1.0		neg 0.5491451935009387 off 0.44341089996010663 __DUMMY__ 0.007443906538954683	false	1.0
schimmelig	neg 1.0		neg 0.5498227715010712 off 0.44272091032240135 __DUMMY__ 0.00745631817652741	false	1.0
fisch	neg 1.0		neg 0.5498579207579898 off 0.4426918212721559 __DUMMY__ 0.007450257969854459	false	1.0
schmuggel	neg 1.0		neg 0.5515070339205476 off 0.4410241806297505 __DUMMY__ 0.00746878544970191	false	1.0
auffallen	neg 1.0		neg 0.5452865171384218 off 0.44727834765212793 __DUMMY__ 0.0074351352094502825	false	1.0
konkurrenz	neg 1.0		neg 0.5527052943121531 off 0.43982913602358636 __DUMMY__ 0.007465569664260599	false	1.0
teufelskreis	neg 1.0		neg 0.5497137658591158 off 0.44286106420593474 __DUMMY__ 0.007425169934949254	false	1.0
aufschreien	neg 1.0		neg 0.546970605496138 off 0.44562848566234564 __DUMMY__ 0.007400908841516395	false	1.0
schuldner	neg 1.0		neg 0.5529750870117522 off 0.43961537287017133 __DUMMY__ 0.007409540118076356	false	1.0
missgeburt	off 1.0	off 1.0	off 0.711317230005263 neg 0.28516798947178545 __DUMMY__ 0.0035147805229515726	false	1.0
arbeitslos	neg 1.0		neg 0.5512808684975273 off 0.4413005719383064 __DUMMY__ 0.0074185595641662406	false	1.0
befallen	neg 1.0		neg 0.5537092743701255 off 0.4389327652646594 __DUMMY__ 0.007357960365215147	false	1.0
miesepetrig	off 1.0		neg 0.5404871140783447 off 0.452068236631845 __DUMMY__ 0.007444649289810361	false	0.5
alarmieren	neg 1.0		neg 0.5440476402418442 off 0.44857153921575055 __DUMMY__ 0.0073808205424053495	false	1.0
ungeduscht	off 1.0		neg 0.5431334614959373 off 0.44942151250396806 __DUMMY__ 0.00744502600009441	false	0.5
knappheit	neg 1.0		neg 0.5495930257782935 off 0.44297042350868093 __DUMMY__ 0.007436550713025518	false	1.0
schlange	neg 1.0		neg 0.5446031903779128 off 0.44793115039511366 __DUMMY__ 0.0074656592269734855	false	1.0
harsch	neg 1.0		neg 0.5340823100022338 off 0.45849911678221145 __DUMMY__ 0.007418573215554911	false	1.0
lang	neg 1.0		neg 0.5459450111517848 off 0.4466185608280726 __DUMMY__ 0.007436428020142501	false	1.0
ziellos	neg 1.0		neg 0.5501790104176394 off 0.44236695808279275 __DUMMY__ 0.007454031499567699	false	1.0
selbstverliebt	neg 1.0		neg 0.533967011315504 off 0.458728839490112 __DUMMY__ 0.00730414919438405	false	1.0
beseitigen	neg 1.0		neg 0.5447929780120415 off 0.4477423594820541 __DUMMY__ 0.007464662505904373	false	1.0
dumm	off 1.0		neg 0.5371062665354971 off 0.45552731887220327 __DUMMY__ 0.007366414592299719	false	0.5
arbeitsloser	neg 1.0		neg 0.552202928824173 off 0.44037670019458647 __DUMMY__ 0.007420370981240522	false	1.0
blitzen	neg 1.0		neg 0.5440884472125256 off 0.44849926667359963 __DUMMY__ 0.007412286113874746	false	1.0
hilflos	neg 1.0		neg 0.5496373895421652 off 0.44291919693442783 __DUMMY__ 0.007443413523406819	false	1.0
eklig	off 1.0		neg 0.5360081783979392 off 0.45662890641522624 __DUMMY__ 0.007362915186834683	false	0.5
begriff			neg 0.5499609166328546 off 0.44261316567053904 __DUMMY__ 0.007425917696606388	false	0.0
hungersnot	neg 1.0		neg 0.5521331522082991 off 0.44052346990490304 __DUMMY__ 0.007343377886797894	false	1.0
ungesetzlich	neg 1.0		neg 0.5485856926231519 off 0.4440674569972246 __DUMMY__ 0.007346850379623361	false	1.0
verschwendung	neg 1.0		neg 0.5527074336114174 off 0.4398481193608023 __DUMMY__ 0.007444447027780303	false	1.0
schmerzvoll	neg 1.0		neg 0.5455388104320444 off 0.44701837155315993 __DUMMY__ 0.007442818014795705	false	1.0
vorzeitig	neg 1.0		neg 0.5418350820447879 off 0.45075042276326444 __DUMMY__ 0.00741449519194756	false	1.0
unvollkommenheit	neg 1.0		neg 0.5475760123876786 off 0.44499562554088007 __DUMMY__ 0.007428362071441264	false	1.0
intervenieren	neg 1.0		neg 0.5544230627719267 off 0.43818717355609493 __DUMMY__ 0.007389763671978393	false	1.0
banause	off 1.0		neg 0.5348882211652993 off 0.4577626756431262 __DUMMY__ 0.0073491031915744855	false	0.5
rebell	neg 1.0		neg 0.5520417489267452 off 0.44048671981708765 __DUMMY__ 0.0074715312561673426	false	1.0
unlogisch	neg 1.0		neg 0.540450791944572 off 0.45216431636729626 __DUMMY__ 0.007384891688131734	false	1.0
leiden	neg 1.0	neg 1.0	neg 0.7606123900692175 off 0.23575934590001021 __DUMMY__ 0.003628264030772325	false	1.0
abschaffung	neg 1.0		neg 0.548280105503011 off 0.44432894573371123 __DUMMY__ 0.00739094876327771	false	1.0
sturz	neg 1.0		neg 0.5479943503046685 off 0.444623535343621 __DUMMY__ 0.0073821143517104485	false	1.0
verkleinerung	neg 1.0		neg 0.5456468922365368 off 0.44698687437249845 __DUMMY__ 0.007366233390964725	false	1.0
schmarotzer	off 1.0		neg 0.5527779715156507 off 0.4398237169116632 __DUMMY__ 0.007398311572686006	false	0.5
bestrafung	neg 1.0		neg 0.5477744036883181 off 0.4448191078257032 __DUMMY__ 0.007406488485978671	false	1.0
achtlos	neg 1.0		neg 0.5473915430066311 off 0.445150908962801 __DUMMY__ 0.0074575480305679315	false	1.0
ungeheuer	neg 1.0		neg 0.5460579278732003 off 0.4465305381406312 __DUMMY__ 0.007411533986168414	false	1.0
