unsolidarisch	neg 1.0		neg 0.5519131236254019 off 0.4407578215665203 __DUMMY__ 0.007329054808077879	false	1.0
nachteilig	neg 1.0		neg 0.5503731577785428 off 0.44218495551499687 __DUMMY__ 0.007441886706460336	false	1.0
skeptisch	neg 1.0		neg 0.553160417424806 off 0.4393827456980983 __DUMMY__ 0.00745683687709549	false	1.0
schrecklich	neg 1.0		neg 0.5388987852796979 off 0.4537011260544486 __DUMMY__ 0.007400088665853358	false	1.0
schlapp	neg 1.0		neg 0.5410890520045419 off 0.4514495515893849 __DUMMY__ 0.0074613964060731815	false	1.0
abfall	neg 1.0		neg 0.5544029435201175 off 0.4381257726853687 __DUMMY__ 0.0074712837945137495	false	1.0
widerspenstig	neg 1.0		neg 0.5462757983086556 off 0.4462511553211786 __DUMMY__ 0.007473046370165811	false	1.0
abrupt	neg 1.0		neg 0.5465882391233762 off 0.44591333224988144 __DUMMY__ 0.007498428626742364	false	1.0
unwirksam	neg 1.0		neg 0.5491716231395811 off 0.44345412552157015 __DUMMY__ 0.007374251338848707	false	1.0
angreifen	neg 1.0		neg 0.5528504848806347 off 0.4397198447531065 __DUMMY__ 0.0074296703662588585	false	1.0
inkonsistent	neg 1.0		neg 0.5451213901326762 off 0.44745600479279823 __DUMMY__ 0.00742260507452552	false	1.0
abrutschen	neg 1.0		neg 0.5539375098852841 off 0.4385831071600232 __DUMMY__ 0.007479382954692802	false	1.0
unsicher	neg 1.0		neg 0.5469341726192559 off 0.4456097505467024 __DUMMY__ 0.007456076834041879	false	1.0
bauernkind	off 1.0		neg 0.5372148585054665 off 0.455443896672823 __DUMMY__ 0.007341244821710457	false	0.5
angreifer	neg 1.0		neg 0.5457158276749968 off 0.44689533976215057 __DUMMY__ 0.007388832562852623	false	1.0
trennen	neg 1.0		neg 0.5501765461102617 off 0.4423213927202223 __DUMMY__ 0.007502061169516102	false	1.0
schmutz	neg 1.0		neg 0.5380854379536103 off 0.4544157709337222 __DUMMY__ 0.0074987911126674035	false	1.0
inkonsistenz	neg 1.0	neg 1.0	neg 0.7596870658277781 off 0.23677606075880936 __DUMMY__ 0.0035368734134124916	false	1.0
erschreckend	neg 1.0		neg 0.5497910152031347 off 0.44278185492957606 __DUMMY__ 0.007427129867289372	false	1.0
ertrinken	neg 1.0		neg 0.5503108952935679 off 0.4422197448426376 __DUMMY__ 0.007469359863794538	false	1.0
pickelface	off 1.0		neg 0.5479853604739929 off 0.44461254704151204 __DUMMY__ 0.0074020924844949935	false	0.5
seiner			neg 0.5522272853419488 off 0.44032533845018307 __DUMMY__ 0.007447376207868088	false	0.0
lauch	neg 1.0		neg 0.5528364136335043 off 0.4396977618132432 __DUMMY__ 0.007465824553252468	false	1.0
unwichtig	neg 1.0		neg 0.5431451536412174 off 0.44943583492787664 __DUMMY__ 0.007419011430905893	false	1.0
steuerhinterziehung	neg 1.0		neg 0.5511338418276744 off 0.44149138338727306 __DUMMY__ 0.007374774785052309	false	1.0
schock	neg 1.0		neg 0.5471777714747706 off 0.44533136197290585 __DUMMY__ 0.007490866552323465	false	1.0
beule	neg 1.0		neg 0.5398986452452769 off 0.45265009563535785 __DUMMY__ 0.0074512591193651645	false	1.0
vergelten	neg 1.0		neg 0.5387583458312966 off 0.4538805251672111 __DUMMY__ 0.007361129001492273	false	1.0
verdorbenheit	neg 1.0		neg 0.5442014272713203 off 0.44832772403013715 __DUMMY__ 0.00747084869854248	false	1.0
trauma	neg 1.0		neg 0.5458518018015738 off 0.44672014085903244 __DUMMY__ 0.007428057339393669	false	1.0
sinnlos	neg 1.0		neg 0.5454616667709805 off 0.4471070518397195 __DUMMY__ 0.007431281389300062	false	1.0
fettsack	off 1.0	off 1.0	off 0.7114932360180517 neg 0.2849790332612825 __DUMMY__ 0.003527730720665854	false	1.0
feige	off 1.0		neg 0.5454271227623322 off 0.4471905898524519 __DUMMY__ 0.007382287385215885	false	0.5
abdanken	neg 1.0		neg 0.552942908315208 off 0.43972113009516334 __DUMMY__ 0.007335961589628751	false	1.0
wichtigtuer	off 1.0	off 1.0	off 0.7058612425083255 neg 0.29060133955422107 __DUMMY__ 0.0035374179374534887	false	1.0
misslingen	neg 1.0		neg 0.543990678834613 off 0.4485482875501206 __DUMMY__ 0.007461033615266448	false	1.0
untreu	off 1.0		neg 0.5424462845309186 off 0.4501389692872316 __DUMMY__ 0.0074147461818499	false	0.5
missmutig	neg 1.0		neg 0.5427720172028969 off 0.4497832332448918 __DUMMY__ 0.007444749552211481	false	1.0
hurenbock	off 1.0		neg 0.5433190566047575 off 0.4491982653177134 __DUMMY__ 0.007482678077529174	false	0.5
betrunken	neg 1.0		neg 0.5396361103342561 off 0.45292959953451717 __DUMMY__ 0.007434290131226853	false	1.0
korrupt	off 1.0		neg 0.5536476453979962 off 0.43899159275728517 __DUMMY__ 0.007360761844718778	false	0.5
unmut	neg 1.0		neg 0.554744636636708 off 0.43780957701046813 __DUMMY__ 0.007445786352823849	false	1.0
hackfresse	off 1.0		neg 0.5357319969720822 off 0.45688920091962415 __DUMMY__ 0.007378802108293708	false	0.5
aufblasen	neg 1.0		neg 0.5446134609780596 off 0.4479180030998059 __DUMMY__ 0.007468535922134539	false	1.0
gewaltsam	neg 1.0		neg 0.548546296738758 off 0.44407118818046265 __DUMMY__ 0.007382515080779239	false	1.0
unbeliebtheit	neg 1.0		neg 0.545369553127243 off 0.447323579110206 __DUMMY__ 0.007306867762551024	false	1.0
sturheit	neg 1.0		neg 0.5511059906455482 off 0.4414985925629384 __DUMMY__ 0.007395416791513258	false	1.0
kuh	neg 1.0		neg 0.5457869055016895 off 0.4467919650313467 __DUMMY__ 0.00742112946696388	false	1.0
erschrecken	neg 1.0		neg 0.543414557757136 off 0.4491462366267292 __DUMMY__ 0.0074392056161348705	false	1.0
opfer	neg 1.0	neg 1.0	neg 0.7629998013199916 off 0.23344135782886516 __DUMMY__ 0.0035588408511433045	false	1.0
sinken	neg 1.0		neg 0.5533038198871192 off 0.4392419598662763 __DUMMY__ 0.007454220246604507	false	1.0
stinktier	neg 1.0		neg 0.5390866380789281 off 0.45353446928302515 __DUMMY__ 0.007378892638046863	false	1.0
tucke	off 1.0		neg 0.5339686869229816 off 0.4586338534951823 __DUMMY__ 0.0073974595818360744	false	0.5
ein			neg 0.5441873150414658 off 0.4483175932990697 __DUMMY__ 0.007495091659464482	false	0.0
abstieg	neg 1.0		neg 0.5512098973113753 off 0.44138845036471724 __DUMMY__ 0.007401652323907433	false	1.0
missverstehen	neg 1.0		neg 0.547312758542631 off 0.44529203806297 __DUMMY__ 0.007395203394398898	false	1.0
ergebnislos	neg 1.0		neg 0.5510015309246602 off 0.4415800633633466 __DUMMY__ 0.007418405711993214	false	1.0
unter			neg 0.554706578392196 off 0.4377400770274696 __DUMMY__ 0.007553344580334581	false	0.0
manipulieren	neg 1.0		neg 0.5525763635962943 off 0.43998508554342447 __DUMMY__ 0.007438550860281281	false	1.0
unbewiesen	neg 1.0		neg 0.5517264551243286 off 0.4409376311195094 __DUMMY__ 0.007335913756162045	false	1.0
verschleppen	neg 1.0		neg 0.5517851147717789 off 0.4408075043050368 __DUMMY__ 0.007407380923184187	false	1.0
weib	off 1.0		neg 0.5347155893135821 off 0.4579191172378777 __DUMMY__ 0.007365293448540361	false	0.5
opposition	neg 1.0		neg 0.5483657079530417 off 0.4442683635295405 __DUMMY__ 0.007365928517417707	false	1.0
verkehrswidrig	neg 1.0		neg 0.5356845261569594 off 0.4568931842948644 __DUMMY__ 0.007422289548176245	false	1.0
inkorrekt	neg 1.0		neg 0.5454166542515984 off 0.44724316134839787 __DUMMY__ 0.007340184400003836	false	1.0
vermeiden	neg 1.0		neg 0.5531818304522511 off 0.43929626812234457 __DUMMY__ 0.007521901425404315	false	1.0
abweichung	neg 1.0		neg 0.5522113717544264 off 0.4403998424926011 __DUMMY__ 0.0073887857529723894	false	1.0
alkoholisiert	neg 1.0		neg 0.5478134945933851 off 0.4447074596565556 __DUMMY__ 0.007479045750059244	false	1.0
scheiss	off 1.0	off 1.0	off 0.7099510978753618 neg 0.2864904166339159 __DUMMY__ 0.0035584854907223795	false	1.0
herausforderung	neg 1.0		neg 0.5464428338481799 off 0.44603626804426916 __DUMMY__ 0.007520898107550812	false	1.0
pervers	off 1.0		neg 0.5319941039051038 off 0.46065209106942234 __DUMMY__ 0.007353805025473836	false	0.5
wackelig	neg 1.0		neg 0.5466128091559503 off 0.44586910901207605 __DUMMY__ 0.007518081831973547	false	1.0
verwickeln	neg 1.0		neg 0.546833731930788 off 0.4457537260020763 __DUMMY__ 0.007412542067135739	false	1.0
vorwand	neg 1.0		neg 0.5545977894248688 off 0.43797360591275675 __DUMMY__ 0.007428604662374259	false	1.0
muschi	off 1.0		neg 0.5488720582748978 off 0.4437314698727293 __DUMMY__ 0.007396471852372908	false	0.5
entmutigung	neg 1.0		neg 0.5509000466169667 off 0.4418042399407658 __DUMMY__ 0.007295713442267495	false	1.0
unangemessen	neg 1.0		neg 0.5524928873584084 off 0.44011322829264143 __DUMMY__ 0.007393884348950122	false	1.0
unstetig	neg 1.0		neg 0.5438821390895945 off 0.44870749356036665 __DUMMY__ 0.007410367350038854	false	1.0
entmutigen	neg 1.0		neg 0.5460776242833734 off 0.44647785155688463 __DUMMY__ 0.007444524159741922	false	1.0
schwanz	neg 1.0		neg 0.5496262677364099 off 0.4429388348935816 __DUMMY__ 0.007434897370008478	false	1.0
verbot	neg 1.0		neg 0.5521366785962214 off 0.4404866495411037 __DUMMY__ 0.007376671862674968	false	1.0
leid	neg 1.0		neg 0.5372642393698925 off 0.45534295167197275 __DUMMY__ 0.007392808958134546	false	1.0
archaisch	neg 1.0		neg 0.5514583810054002 off 0.44113943878961964 __DUMMY__ 0.007402180204980077	false	1.0
gegen			neg 0.5547879279277473 off 0.4377985304745655 __DUMMY__ 0.007413541597687081	false	0.0
scheidung	neg 1.0	neg 1.0	neg 0.7466720829434104 off 0.24979697711472615 __DUMMY__ 0.0035309399418635523	false	1.0
einschlag	neg 1.0		neg 0.538962250953934 off 0.45366510715259006 __DUMMY__ 0.007372641893476026	false	1.0
m			neg 0.5476047890800023 off 0.44492791121451586 __DUMMY__ 0.007467299705481938	false	0.0
abgestanden	neg 1.0		neg 0.5449815736701088 off 0.4475366626719276 __DUMMY__ 0.007481763657963562	false	1.0
schmierig	off 1.0		neg 0.5378253465678874 off 0.4547648368078602 __DUMMY__ 0.007409816624252321	false	0.5
unpraktisch	neg 1.0		neg 0.5441141371642443 off 0.4484072872015979 __DUMMY__ 0.007478575634157786	false	1.0
wixxer	off 1.0		neg 0.5327275809330961 off 0.4599389823614822 __DUMMY__ 0.007333436705421829	false	0.5
bezeichnet			neg 0.5503218704856476 off 0.4422782287750335 __DUMMY__ 0.007399900739318987	false	0.0
jammerlappen	off 1.0		neg 0.5434232820536854 off 0.44916108580427183 __DUMMY__ 0.007415632142042782	false	0.5
farce	neg 1.0		neg 0.5537359120771668 off 0.43893163692413933 __DUMMY__ 0.0073324509986939885	false	1.0
zwecklos	neg 1.0		neg 0.5520686791536563 off 0.44051989817975 __DUMMY__ 0.007411422666593586	false	1.0
turbulent	neg 1.0		neg 0.5399269812601791 off 0.4526905176076166 __DUMMY__ 0.007382501132204271	false	1.0
invasion	neg 1.0		neg 0.5430515547132507 off 0.44949843370164283 __DUMMY__ 0.007450011585106511	false	1.0
schuld	neg 1.0		neg 0.5475088732762149 off 0.44506925555285903 __DUMMY__ 0.007421871170925959	false	1.0
risiko	neg 1.0		neg 0.5414116514933558 off 0.4511115906377181 __DUMMY__ 0.007476757868926112	false	1.0
finster	neg 1.0		neg 0.5446088228314481 off 0.4479050743042218 __DUMMY__ 0.007486102864330096	false	1.0
geisteskrank	off 1.0		neg 0.5439863360090756 off 0.4486526069114503 __DUMMY__ 0.007361057079474077	false	0.5
zusammenbrechen	neg 1.0		neg 0.548124439731357 off 0.4444099542505519 __DUMMY__ 0.007465606018091117	false	1.0
ausbeute	neg 1.0		neg 0.5483010933981354 off 0.44421304177602705 __DUMMY__ 0.007485864825837659	false	1.0
hinterhalt	neg 1.0		neg 0.5471332047775885 off 0.4454519637587347 __DUMMY__ 0.007414831463676965	false	1.0
kritik	neg 1.0		neg 0.5528448670496406 off 0.4398034046303645 __DUMMY__ 0.007351728319995018	false	1.0
einschrumpfen	neg 1.0		neg 0.5462384055587116 off 0.44640199495865795 __DUMMY__ 0.007359599482630352	false	1.0
riskant	neg 1.0		neg 0.551545758699103 off 0.4410027420308504 __DUMMY__ 0.007451499270046584	false	1.0
frustrieren	neg 1.0		neg 0.5521914293186282 off 0.44036918663986196 __DUMMY__ 0.007439384041509747	false	1.0
groll	neg 1.0		neg 0.5517526873859304 off 0.4408339634275366 __DUMMY__ 0.007413349186533007	false	1.0
gibt			neg 0.5496041143833167 off 0.4429507376930441 __DUMMY__ 0.0074451479236392875	false	0.0
qualvoll	neg 1.0		neg 0.5444796636814087 off 0.4480752234061052 __DUMMY__ 0.007445112912486099	false	1.0
wackeln	neg 1.0		neg 0.5444464916308432 off 0.4480662378993969 __DUMMY__ 0.007487270469759658	false	1.0
klagen	neg 1.0		neg 0.5548674556258716 off 0.43770888369112193 __DUMMY__ 0.007423660683006567	false	1.0
bankrott	neg 1.0		neg 0.5415829635310638 off 0.45097701735740814 __DUMMY__ 0.007440019111527892	false	1.0
trauern	neg 1.0		neg 0.5521629742281604 off 0.4404026672742584 __DUMMY__ 0.007434358497581303	false	1.0
ablehnung	neg 1.0	neg 1.0	neg 0.7630961504169946 off 0.23337963972523268 __DUMMY__ 0.003524209857772588	false	1.0
stur	neg 1.0		neg 0.5468092157942086 off 0.4457642258349827 __DUMMY__ 0.007426558370808651	false	1.0
aufruhr	neg 1.0		neg 0.549965846143289 off 0.44266641031585247 __DUMMY__ 0.007367743540858304	false	1.0
melancholie	neg 1.0		neg 0.5477940446834928 off 0.4447149845012772 __DUMMY__ 0.007490970815230103	false	1.0
ist			neg 0.5465650361390876 off 0.44600917621008407 __DUMMY__ 0.007425787650828334	false	0.0
torheit	neg 1.0		neg 0.5509441830107623 off 0.44171975146016146 __DUMMY__ 0.007336065529076299	false	1.0
dreckskind	off 1.0		neg 0.5391384182610448 off 0.4535322638351259 __DUMMY__ 0.007329317903829158	false	0.5
umtauschen	neg 1.0		neg 0.5460237038701473 off 0.44649911133889936 __DUMMY__ 0.007477184790953459	false	1.0
zum			neg 0.5511447182090944 off 0.44130213557984943 __DUMMY__ 0.00755314621105615	false	0.0
zersetzen	neg 1.0		neg 0.5535607970005412 off 0.439007215967341 __DUMMY__ 0.007431987032117991	false	1.0
zur			neg 0.5556304938814409 off 0.43690304279220454 __DUMMY__ 0.007466463326354562	false	0.0
frust	neg 1.0		neg 0.5492072833761044 off 0.44334191468354284 __DUMMY__ 0.007450801940352866	false	1.0
unerbittlichkeit	neg 1.0		neg 0.5530653148429117 off 0.43951356618330745 __DUMMY__ 0.007421118973780981	false	1.0
zwei			neg 0.550696758018348 off 0.44178168786428806 __DUMMY__ 0.007521554117363933	false	0.0
unkorrekt	neg 1.0		neg 0.544206611970816 off 0.4484468122616635 __DUMMY__ 0.007346575767520608	false	1.0
hexe	off 1.0		neg 0.541802560263529 off 0.45077266638538 __DUMMY__ 0.0074247733510909	false	0.5
lasch	neg 1.0		neg 0.5463721348130526 off 0.44624212346124703 __DUMMY__ 0.007385741725700384	false	1.0
rivale	neg 1.0		neg 0.5389505523648617 off 0.4536653271561548 __DUMMY__ 0.007384120478983471	false	1.0
mutlos	off 1.0	off 1.0	off 0.7030321094398251 neg 0.2934248562756223 __DUMMY__ 0.0035430342845526115	false	1.0
wirr	off 1.0		neg 0.541648045777721 off 0.4509945124735213 __DUMMY__ 0.007357441748757628	false	0.5
jahr			neg 0.5484415080192193 off 0.44404854483217276 __DUMMY__ 0.007509947148607922	false	0.0
wird			neg 0.5509441397934904 off 0.4416070910206494 __DUMMY__ 0.007448769185860267	false	0.0
strafbar	neg 1.0		neg 0.5541167465369841 off 0.43849149225788636 __DUMMY__ 0.0073917612051295906	false	1.0
erosion	neg 1.0		neg 0.5445965782276706 off 0.44794484880764385 __DUMMY__ 0.00745857296468541	false	1.0
eingehen	neg 1.0		neg 0.5519728048281891 off 0.44060543582294415 __DUMMY__ 0.0074217593488666335	false	1.0
faul	off 1.0		neg 0.5409195518740749 off 0.4516112184521864 __DUMMY__ 0.00746922967373875	false	0.5
provisorium	neg 1.0		neg 0.5564691918116921 off 0.4360017635095287 __DUMMY__ 0.00752904467877927	false	1.0
schmerzen	neg 1.0		neg 0.5474961613118933 off 0.44503741990699647 __DUMMY__ 0.007466418781110104	false	1.0
schrumpfen	neg 1.0		neg 0.5554208576674909 off 0.43709987489062807 __DUMMY__ 0.007479267441880931	false	1.0
geistlos	off 1.0		neg 0.5492516411332139 off 0.44341590458693175 __DUMMY__ 0.007332454279854427	false	0.5
fehlkauf	neg 1.0		neg 0.5458848650939173 off 0.446717063013558 __DUMMY__ 0.007398071892524673	false	1.0
frustrierend	neg 1.0		neg 0.5434199957859966 off 0.44913989214394534 __DUMMY__ 0.007440112070057884	false	1.0
unzufrieden	neg 1.0		neg 0.5508299870046965 off 0.4417350841639936 __DUMMY__ 0.007434928831309778	false	1.0
verzweifeln	neg 1.0		neg 0.5478532806217857 off 0.4446939724886769 __DUMMY__ 0.007452746889537313	false	1.0
verzweifelt	neg 1.0		neg 0.5467880545462017 off 0.4457826857577175 __DUMMY__ 0.007429259696080744	false	1.0
misstrauensantrag	neg 1.0		neg 0.5458365681755781 off 0.44676754844535715 __DUMMY__ 0.007395883379064652	false	1.0
abfallen	neg 1.0		neg 0.5436536171406818 off 0.4488474162172521 __DUMMY__ 0.007498966642066088	false	1.0
fucker	off 1.0		neg 0.5408456636003723 off 0.4517737695404157 __DUMMY__ 0.0073805668592119775	false	0.5
ungezogen	neg 1.0		neg 0.5337331244050376 off 0.45888674714755273 __DUMMY__ 0.007380128447409653	false	1.0
irrsinnig	neg 1.0	neg 1.0	neg 0.7607401529609847 off 0.23570962521762254 __DUMMY__ 0.0035502218213926255	false	1.0
unfassbar	neg 1.0		neg 0.5427781852270696 off 0.44980647801379287 __DUMMY__ 0.00741533675913767	false	1.0
hart	neg 1.0		neg 0.5429179637661921 off 0.44968315616325616 __DUMMY__ 0.007398880070551824	false	1.0
widerlich	off 1.0		neg 0.5430539440510619 off 0.4495576721769134 __DUMMY__ 0.007388383772024759	false	0.5
fatal	neg 1.0		neg 0.545355963034701 off 0.4472326563871064 __DUMMY__ 0.007411380578192721	false	1.0
bruch	neg 1.0		neg 0.5563672002113971 off 0.4362282915244607 __DUMMY__ 0.007404508264142287	false	1.0
aushungern	neg 1.0		neg 0.5507188304262617 off 0.44191768024445777 __DUMMY__ 0.007363489329280526	false	1.0
anspannung	neg 1.0		neg 0.5527225851044356 off 0.4397768322369206 __DUMMY__ 0.00750058265864368	false	1.0
von			neg 0.55020670435363 off 0.44229492335841136 __DUMMY__ 0.007498372287958759	false	0.0
kraftlos	neg 1.0		neg 0.5478405137643725 off 0.44465707054230247 __DUMMY__ 0.007502415693325027	false	1.0
vom			neg 0.5545310328435744 off 0.43792883579469233 __DUMMY__ 0.0075401313617333	false	0.0
grenzdebil	off 1.0		neg 0.5409037437082173 off 0.45167020064503904 __DUMMY__ 0.0074260556467436924	false	0.5
vor			neg 0.5524018304767775 off 0.44011514546427016 __DUMMY__ 0.007483024058952356	false	0.0
unterwerfen	neg 1.0		neg 0.5527772001281115 off 0.43980894542352555 __DUMMY__ 0.007413854448362937	false	1.0
versenkung	neg 1.0		neg 0.5520607018137529 off 0.44049889501305856 __DUMMY__ 0.007440403173188422	false	1.0
entziehen	neg 1.0		neg 0.5548751334731351 off 0.43768862286026156 __DUMMY__ 0.007436243666603341	false	1.0
finanzkrise	neg 1.0		neg 0.5507468790999759 off 0.44188569559199237 __DUMMY__ 0.007367425308031724	false	1.0
schimpfend	neg 1.0		neg 0.5422351089570706 off 0.4502575843052428 __DUMMY__ 0.007507306737686639	false	1.0
profan	neg 1.0		neg 0.5454336180284868 off 0.4471345712602307 __DUMMY__ 0.007431810711282516	false	1.0
korruption	neg 1.0		neg 0.5529530167268029 off 0.4396764547235365 __DUMMY__ 0.007370528549660655	false	1.0
â			neg 0.549000513327524 off 0.4435386556499931 __DUMMY__ 0.007460831022482852	false	0.0
schmutzig	neg 1.0		neg 0.5401815412249145 off 0.4523643697466853 __DUMMY__ 0.007454089028400187	false	1.0
sexy	neg 1.0		neg 0.5430191481924057 off 0.44955494019904396 __DUMMY__ 0.007425911608550468	false	1.0
abraten	neg 1.0		neg 0.5453978265981008 off 0.44714890985273453 __DUMMY__ 0.007453263549164791	false	1.0
schwarz	neg 1.0		neg 0.5459104578336775 off 0.44666897117265064 __DUMMY__ 0.007420570993671944	false	1.0
fotze	off 1.0		neg 0.5505598372259359 off 0.44203363761729975 __DUMMY__ 0.007406525156764213	false	0.5
verwirren	neg 1.0		neg 0.5446514831522974 off 0.4479200283642747 __DUMMY__ 0.007428488483427774	false	1.0
zahnlos	off 1.0		neg 0.551854712279935 off 0.44073783953139206 __DUMMY__ 0.007407448188673095	false	0.5
verheeren	neg 1.0		neg 0.5331639640322653 off 0.459499407043226 __DUMMY__ 0.007336628924508538	false	1.0
hippie	neg 1.0		neg 0.5436385562452468 off 0.44894241637045074 __DUMMY__ 0.007419027384302567	false	1.0
rammen	neg 1.0		neg 0.5432203905558542 off 0.44933087247512565 __DUMMY__ 0.007448736969020063	false	1.0
unlauter	neg 1.0	neg 1.0	neg 0.759586955737394 off 0.2368673723687334 __DUMMY__ 0.0035456718938725548	false	1.0
unheilvoll	neg 1.0		neg 0.5447299493708069 off 0.4478228669094993 __DUMMY__ 0.007447183719693885	false	1.0
niedrig	neg 1.0		neg 0.5498031255097195 off 0.44274891120373827 __DUMMY__ 0.0074479632865421756	false	1.0
explosion	neg 1.0		neg 0.543182630196743 off 0.4493772220166264 __DUMMY__ 0.007440147786630698	false	1.0
weichei	off 1.0		neg 0.5368654501491866 off 0.45575110094214505 __DUMMY__ 0.007383448908668251	false	0.5
minusmensch	off 1.0		neg 0.5359747370011018 off 0.4567360032585066 __DUMMY__ 0.007289259740391571	false	0.5
farblos	neg 1.0		neg 0.5465477163266921 off 0.44602767993113385 __DUMMY__ 0.007424603742173971	false	1.0
unwissend	neg 1.0	neg 1.0	neg 0.7584049947351025 off 0.23805318361115207 __DUMMY__ 0.003541821653745366	false	1.0
traurig	neg 1.0		neg 0.5391501254622295 off 0.45342953784095685 __DUMMY__ 0.007420336696813629	false	1.0
senkung	neg 1.0		neg 0.5440516346410739 off 0.44852730307984234 __DUMMY__ 0.007421062279083698	false	1.0
ungleich	neg 1.0	neg 1.0	neg 0.7633173954991457 off 0.23313014705689816 __DUMMY__ 0.0035524574439561043	false	1.0
heikel	neg 1.0		neg 0.5532230037772417 off 0.43933681268264824 __DUMMY__ 0.007440183540110057	false	1.0
drosselung	neg 1.0		neg 0.5382678763562261 off 0.4543059026066751 __DUMMY__ 0.007426221037098855	false	1.0
falsch	neg 1.0		neg 0.5436570882268715 off 0.4489194805895603 __DUMMY__ 0.007423431183568135	false	1.0
unzufriedenheit	neg 1.0		neg 0.553732674674094 off 0.4388337180665254 __DUMMY__ 0.007433607259380717	false	1.0
kurz	neg 1.0		neg 0.5469859664022108 off 0.44552198770457946 __DUMMY__ 0.007492045893209787	false	1.0
unsinnig	neg 1.0		neg 0.5507077504426906 off 0.4418667724745341 __DUMMY__ 0.007425477082775177	false	1.0
penner	off 1.0	off 1.0	off 0.7127580909844127 neg 0.28370759167554216 __DUMMY__ 0.0035343173400451083	false	1.0
seicht	neg 1.0		neg 0.5363364777409042 off 0.4563281132266899 __DUMMY__ 0.007335409032405979	false	1.0
dummheit	off 1.0	off 1.0	off 0.706388077378128 neg 0.29007338978653074 __DUMMY__ 0.0035385328353412264	false	1.0
unerfreulich	neg 1.0		neg 0.5526709636387452 off 0.43986477193657786 __DUMMY__ 0.007464264424676998	false	1.0
motherfucker	off 1.0	off 1.0	off 0.7097331069058903 neg 0.28673201717908925 __DUMMY__ 0.0035348759150205396	false	1.0
pikiert	neg 1.0		neg 0.5444898310114773 off 0.4481197275772498 __DUMMY__ 0.00739044141127275	false	1.0
wrack	neg 1.0		neg 0.5491812099243223 off 0.4433684443865771 __DUMMY__ 0.007450345689100621	false	1.0
gangster	neg 1.0		neg 0.5444100507853663 off 0.448167629613216 __DUMMY__ 0.007422319601417704	false	1.0
krank	neg 1.0		neg 0.5395704704840033 off 0.4529753398521282 __DUMMY__ 0.0074541896638684315	false	1.0
reich	neg 1.0		neg 0.5465183320738675 off 0.4461697494136231 __DUMMY__ 0.007311918512509587	false	1.0
gnadenlos	neg 1.0		neg 0.5470233278266847 off 0.44554811404321865 __DUMMY__ 0.007428558130096674	false	1.0
niedergeschlagen	neg 1.0		neg 0.5484024681658977 off 0.44413991924800417 __DUMMY__ 0.007457612586098043	false	1.0
terrorisieren	off 1.0	off 1.0	off 0.7035588416032834 neg 0.29288058633565356 __DUMMY__ 0.0035605720610631343	false	1.0
sinnlosigkeit	neg 1.0		neg 0.5514324556617167 off 0.4411529896479997 __DUMMY__ 0.0074145546902835095	false	1.0
behindern	neg 1.0		neg 0.5465893509185709 off 0.4459506481262843 __DUMMY__ 0.0074600009551447815	false	1.0
undemokratisch	neg 1.0		neg 0.5495990036582591 off 0.44304612742761196 __DUMMY__ 0.007354868914128928	false	1.0
wirtschaftskrise	neg 1.0		neg 0.5519243628622819 off 0.4406834097142564 __DUMMY__ 0.007392227423461634	false	1.0
neid	neg 1.0		neg 0.5427137680131077 off 0.4498327087938357 __DUMMY__ 0.0074535231930565795	false	1.0
rutschen	neg 1.0		neg 0.5505790864973482 off 0.44186044814519254 __DUMMY__ 0.00756046535745926	false	1.0
rezession	neg 1.0		neg 0.5400263146823842 off 0.4526274364016703 __DUMMY__ 0.007346248915945558	false	1.0
fehlgeburt	neg 1.0		neg 0.5481591640045401 off 0.44443380377206076 __DUMMY__ 0.007407032223399134	false	1.0
charakterschwach	off 1.0		neg 0.5430815796803978 off 0.44952666500810495 __DUMMY__ 0.007391755311497248	false	0.5
isolation	neg 1.0		neg 0.5419972469278567 off 0.45058040823271756 __DUMMY__ 0.007422344839425869	false	1.0
ablenkung	neg 1.0		neg 0.5464497629386869 off 0.4460928737206712 __DUMMY__ 0.007457363340641968	false	1.0
pech	neg 1.0		neg 0.5433066013400674 off 0.44924711099413456 __DUMMY__ 0.0074462876657979266	false	1.0
vermeidung	neg 1.0		neg 0.5389883882908999 off 0.45357040212949445 __DUMMY__ 0.007441209579605701	false	1.0
dominieren	neg 1.0		neg 0.5488598776283885 off 0.4437034843628579 __DUMMY__ 0.0074366380087536165	false	1.0
schwindlig	neg 1.0		neg 0.5423351260231345 off 0.45018823687817183 __DUMMY__ 0.0074766370986937255	false	1.0
lutscher	neg 1.0		neg 0.5346297078327236 off 0.4580233566708946 __DUMMY__ 0.007346935496381859	false	1.0
pflicht	neg 1.0		neg 0.5538493834598687 off 0.43871828302333193 __DUMMY__ 0.007432333516799391	false	1.0
faschist	off 1.0		neg 0.5495091024067971 off 0.4431557711872583 __DUMMY__ 0.00733512640594461	false	0.5
verschleudern	neg 1.0		neg 0.5521854164706782 off 0.44041330837164566 __DUMMY__ 0.007401275157676141	false	1.0
wenn			neg 0.5437212805538127 off 0.4488552595449676 __DUMMY__ 0.00742345990121963	false	0.0
ehebruch	neg 1.0		neg 0.5532342390598135 off 0.4393707112979462 __DUMMY__ 0.007395049642240368	false	1.0
spott	off 1.0		neg 0.553398913506974 off 0.43919486647802 __DUMMY__ 0.007406220015006008	false	0.5
trostlosigkeit	neg 1.0		neg 0.5560526608550732 off 0.4365673996564709 __DUMMY__ 0.0073799394884558455	false	1.0
lutschen	neg 1.0		neg 0.5440190156486513 off 0.4485916131765868 __DUMMY__ 0.007389371174761759	false	1.0
undiszipliniert	neg 1.0		neg 0.5400275571755924 off 0.45255708440767267 __DUMMY__ 0.007415358416734961	false	1.0
kopfschmerz	neg 1.0		neg 0.5470199457990502 off 0.4455216885522392 __DUMMY__ 0.007458365648710579	false	1.0
unvorhergesehen	neg 1.0		neg 0.5457210376710638 off 0.44675996170582694 __DUMMY__ 0.007519000623109312	false	1.0
desinteressiert	neg 1.0		neg 0.5413725072615094 off 0.4512316286420904 __DUMMY__ 0.007395864096400166	false	1.0
armselig	off 1.0		neg 0.5409949462179527 off 0.4516253097644895 __DUMMY__ 0.007379744017557705	false	0.5
desaster	neg 1.0		neg 0.5567803635481164 off 0.4358148010087251 __DUMMY__ 0.0074048354431585205	false	1.0
tod	neg 1.0		neg 0.5543999118484235 off 0.4382275001839805 __DUMMY__ 0.00737258796759592	false	1.0
herzlos	neg 1.0		neg 0.5388072063880133 off 0.4537822011584517 __DUMMY__ 0.007410592453535037	false	1.0
unwissenheit	neg 1.0		neg 0.5520214844128457 off 0.44057582778089355 __DUMMY__ 0.007402687806260703	false	1.0
widersinnig	neg 1.0		neg 0.552692002533014 off 0.4399506132355293 __DUMMY__ 0.007357384231456837	false	1.0
bedenklich	neg 1.0		neg 0.5524240510276863 off 0.44014401263229097 __DUMMY__ 0.007431936340022749	false	1.0
beanstanden	neg 1.0		neg 0.5538493752038511 off 0.43871054712727425 __DUMMY__ 0.007440077668874728	false	1.0
panisch	neg 1.0	neg 1.0	neg 0.7576831808469181 off 0.23871994019979506 __DUMMY__ 0.003596878953286714	false	1.0
debil	off 1.0		neg 0.5558989435729259 off 0.43663996478389944 __DUMMY__ 0.007461091643174551	false	0.5
abstrich	neg 1.0		neg 0.5431847399248094 off 0.44930600227136336 __DUMMY__ 0.007509257803827143	false	1.0
primitiv	neg 1.0		neg 0.5424433907181679 off 0.45016973257430404 __DUMMY__ 0.007386876707528069	false	1.0
abschaum	off 1.0	off 1.0	off 0.7074418906263022 neg 0.289029451349327 __DUMMY__ 0.0035286580243707407	false	1.0
provozieren	neg 1.0		neg 0.5490475314234542 off 0.44355135400525325 __DUMMY__ 0.007401114571292621	false	1.0
tot	neg 1.0		neg 0.5499307954144897 off 0.442663586613286 __DUMMY__ 0.007405617972224127	false	1.0
instabil	neg 1.0		neg 0.5399058639976024 off 0.45272711474649135 __DUMMY__ 0.007367021255906221	false	1.0
schwuchtel	off 1.0		neg 0.5311926319204717 off 0.461517593023337 __DUMMY__ 0.007289775056191118	false	0.5
zerren	neg 1.0		neg 0.5488394522422912 off 0.4437069295727283 __DUMMY__ 0.007453618184980435	false	1.0
kinderficker	off 1.0		neg 0.5401749394704506 off 0.45248308144848737 __DUMMY__ 0.007341979081062191	false	0.5
gefahr	neg 1.0		neg 0.5526528469739719 off 0.43993537196221155 __DUMMY__ 0.00741178106381654	false	1.0
rabiat	neg 1.0		neg 0.5480929607734202 off 0.44447876031751715 __DUMMY__ 0.007428278909062656	false	1.0
verlangsamung	neg 1.0		neg 0.5356812407741458 off 0.45696653714481184 __DUMMY__ 0.00735222208104247	false	1.0
ausgestorben	neg 1.0		neg 0.5490997501101098 off 0.4434547730437258 __DUMMY__ 0.007445476846164303	false	1.0
anklagen	neg 1.0		neg 0.5499854592689277 off 0.44261902737746717 __DUMMY__ 0.0073955133536050925	false	1.0
trott	neg 1.0		neg 0.5468559501669162 off 0.44569347852442154 __DUMMY__ 0.007450571308662229	false	1.0
verminderung	neg 1.0		neg 0.5397621474454448 off 0.4528319301800302 __DUMMY__ 0.0074059223745250174	false	1.0
nach			neg 0.5522122848853346 off 0.4402561348347546 __DUMMY__ 0.007531580279910724	false	0.0
rost	neg 1.0		neg 0.5356568955601421 off 0.45699297944454065 __DUMMY__ 0.007350124995317123	false	1.0
destruktiv	neg 1.0		neg 0.5510043178753902 off 0.44160641702996534 __DUMMY__ 0.00738926509464451	false	1.0
unzumutbarkeit	neg 1.0		neg 0.5392363114737093 off 0.45332990220979674 __DUMMY__ 0.007433786316493939	false	1.0
labil	off 1.0	off 1.0	off 0.7085676677581849 neg 0.287894927061282 __DUMMY__ 0.003537405180532985	false	1.0
ziemlich	neg 1.0		neg 0.5415927944420988 off 0.45098305516429044 __DUMMY__ 0.007424150393610789	false	1.0
lachnummer	off 1.0		neg 0.5507820150507347 off 0.4418241253447866 __DUMMY__ 0.00739385960447889	false	0.5
oder			neg 0.5461269648956094 off 0.44640252985915757 __DUMMY__ 0.00747050524523309	false	0.0
verfall	neg 1.0		neg 0.5568076304239256 off 0.435740779417819 __DUMMY__ 0.0074515901582553196	false	1.0
ausgrenzung	neg 1.0		neg 0.5487372763331216 off 0.44390723174631685 __DUMMY__ 0.007355491920561496	false	1.0
unordnung	neg 1.0		neg 0.5399169037030146 off 0.4527296028542536 __DUMMY__ 0.007353493442731775	false	1.0
fehlverhalten	neg 1.0		neg 0.5537344156263805 off 0.4388589274179189 __DUMMY__ 0.007406656955700647	false	1.0
eine			neg 0.5524752065471732 off 0.44005137701400815 __DUMMY__ 0.007473416438818606	false	0.0
nille	neg 1.0		neg 0.5495687889383508 off 0.44304318949541827 __DUMMY__ 0.007388021566230744	false	1.0
qual	neg 1.0		neg 0.547192834001669 off 0.4453614759178893 __DUMMY__ 0.0074456900804417475	false	1.0
verschwenden	neg 1.0		neg 0.5514082722446961 off 0.441143264335099 __DUMMY__ 0.007448463420204793	false	1.0
riesig	neg 1.0		neg 0.5473359103725299 off 0.4452063598353775 __DUMMY__ 0.007457729792092587	false	1.0
verurteilen	neg 1.0		neg 0.55242518366347 off 0.4401847251741246 __DUMMY__ 0.007390091162405263	false	1.0
klischee	neg 1.0	neg 1.0	neg 0.759661462565512 off 0.23680187982158804 __DUMMY__ 0.0035366576128999915	false	1.0
diktatorisch	neg 1.0		neg 0.5508092869685393 off 0.4418582999071472 __DUMMY__ 0.007332413124313508	false	1.0
vorhersehbar	neg 1.0		neg 0.5471162802552807 off 0.44548881148919894 __DUMMY__ 0.007394908255520304	false	1.0
sowie			neg 0.5381531675803685 off 0.454504431872489 __DUMMY__ 0.007342400547142471	false	0.0
stornieren	neg 1.0		neg 0.5430159406007399 off 0.4495230960116244 __DUMMY__ 0.007460963387635805	false	1.0
besteuerung	neg 1.0		neg 0.5464033359945997 off 0.44617841094128885 __DUMMY__ 0.007418253064111411	false	1.0
ungeschminkt	neg 1.0		neg 0.5408417492396097 off 0.4517398938000377 __DUMMY__ 0.007418356960352454	false	1.0
kritisch	neg 1.0		neg 0.5530412228428107 off 0.43954698450590335 __DUMMY__ 0.007411792651285955	false	1.0
schlamperei	off 1.0		neg 0.5524673407785888 off 0.44012645846545345 __DUMMY__ 0.0074062007559576445	false	0.5
sucht	neg 1.0	neg 1.0	neg 0.7571525651254674 off 0.23925385966525253 __DUMMY__ 0.003593575209280014	false	1.0
egoistisch	off 1.0		neg 0.5373404870219997 off 0.45527914300647276 __DUMMY__ 0.007380369971527601	false	0.5
ausbeuter	off 1.0		neg 0.5544675896469582 off 0.438133264429439 __DUMMY__ 0.007399145923602872	false	0.5
arschgeburt	off 1.0		neg 0.5313331402848658 off 0.4613764557995268 __DUMMY__ 0.007290403915607501	false	0.5
schubs	neg 1.0	neg 1.0	neg 0.7604556429164143 off 0.23594964539043775 __DUMMY__ 0.003594711693147872	false	1.0
unsolide	neg 1.0		neg 0.5477374011710923 off 0.44495282637682715 __DUMMY__ 0.007309772452080729	false	1.0
beschwerde	neg 1.0		neg 0.5511628606244958 off 0.4414245259796396 __DUMMY__ 0.007412613395864545	false	1.0
stocken	neg 1.0		neg 0.5501914078209166 off 0.44236320777924676 __DUMMY__ 0.007445384399836507	false	1.0
isolieren	neg 1.0		neg 0.5464180075249665 off 0.4461077442441526 __DUMMY__ 0.007474248230880985	false	1.0
unheilbar	neg 1.0		neg 0.5479781790105902 off 0.44460683507996174 __DUMMY__ 0.007414985909448137	false	1.0
pisser	off 1.0		neg 0.5401617933112861 off 0.4524724738237257 __DUMMY__ 0.007365732864988321	false	0.5
löschen	neg 1.0		neg 0.546765319392791 off 0.44581298730462404 __DUMMY__ 0.007421693302584822	false	1.0
durchfallen	neg 1.0		neg 0.5514884131863999 off 0.44107455001870316 __DUMMY__ 0.007437036794896959	false	1.0
wichser	off 1.0		neg 0.5330871116220619 off 0.45956064881663794 __DUMMY__ 0.007352239561300236	false	0.5
terror	neg 1.0		neg 0.5419779163505045 off 0.45056782596457334 __DUMMY__ 0.0074542576849222445	false	1.0
krass	neg 1.0		neg 0.5383249825613201 off 0.45426943707314915 __DUMMY__ 0.007405580365530791	false	1.0
revolte	neg 1.0	neg 1.0	neg 0.7613420204180973 off 0.23515968372559073 __DUMMY__ 0.003498295856312027	false	1.0
besorgt	neg 1.0		neg 0.5472441290064234 off 0.44526861257453854 __DUMMY__ 0.007487258419038014	false	1.0
nachlassen	neg 1.0		neg 0.5477119109013919 off 0.4448078051749016 __DUMMY__ 0.007480283923706479	false	1.0
alt	neg 1.0		neg 0.5493522307163994 off 0.4431571558929864 __DUMMY__ 0.007490613390614103	false	1.0
hundesohn	off 1.0		neg 0.5358260036856838 off 0.45686011609111643 __DUMMY__ 0.007313880223199694	false	0.5
als			neg 0.5493420575623655 off 0.4431962078218655 __DUMMY__ 0.007461734615768888	false	0.0
abschreckung	neg 1.0		neg 0.5546619357642685 off 0.4379196721751443 __DUMMY__ 0.007418392060587293	false	1.0
unqualifiziert	neg 1.0		neg 0.5467075611909974 off 0.4458968571599841 __DUMMY__ 0.007395581649018509	false	1.0
abgewichst	off 1.0		neg 0.549325976210862 off 0.44325582189013996 __DUMMY__ 0.007418201898998027	false	0.5
schwer	neg 1.0		neg 0.5476504801570894 off 0.4448979297084007 __DUMMY__ 0.007451590134509811	false	1.0
bedeutungslosigkeit	neg 1.0		neg 0.5543221764120566 off 0.4382676194360656 __DUMMY__ 0.007410204151877832	false	1.0
kapitulation	neg 1.0		neg 0.5544125310401616 off 0.4382330450297778 __DUMMY__ 0.0073544239300605205	false	1.0
unscharf	neg 1.0		neg 0.5434161096869579 off 0.44914272761579044 __DUMMY__ 0.007441162697251828	false	1.0
schwinden	neg 1.0		neg 0.551850718283761 off 0.4407000561264185 __DUMMY__ 0.007449225589820487	false	1.0
versklavung	neg 1.0	neg 1.0	neg 0.761677716829709 off 0.23480234102392827 __DUMMY__ 0.0035199421463627833	false	1.0
schlecht	neg 1.0		neg 0.5409751611990572 off 0.45159531874455194 __DUMMY__ 0.00742952005639079	false	1.0
verhasst	neg 1.0		neg 0.5493677666045007 off 0.44323939685353186 __DUMMY__ 0.0073928365419676	false	1.0
beschweren	neg 1.0		neg 0.5456154921186476 off 0.44694311102056883 __DUMMY__ 0.007441396860783578	false	1.0
scheiden	neg 1.0		neg 0.5484961726868123 off 0.444072136874057 __DUMMY__ 0.00743169043913073	false	1.0
frustriert	neg 1.0		neg 0.5491451935009392 off 0.4434108999601061 __DUMMY__ 0.007443906538954692	false	1.0
schimmelig	neg 1.0		neg 0.5498227715010711 off 0.4427209103224015 __DUMMY__ 0.0074563181765274	false	1.0
fisch	neg 1.0		neg 0.5498579207579888 off 0.4426918212721568 __DUMMY__ 0.007450257969854459	false	1.0
schmuggel	neg 1.0		neg 0.5515070339205471 off 0.44102418062975096 __DUMMY__ 0.0074687854497019115	false	1.0
auffallen	neg 1.0		neg 0.5452865171384215 off 0.44727834765212826 __DUMMY__ 0.007435135209450263	false	1.0
konkurrenz	neg 1.0		neg 0.5527052943121531 off 0.4398291360235863 __DUMMY__ 0.0074655696642606075	false	1.0
teufelskreis	neg 1.0		neg 0.5497137658591159 off 0.4428610642059349 __DUMMY__ 0.007425169934949239	false	1.0
aufschreien	neg 1.0		neg 0.5469706054961383 off 0.4456284856623454 __DUMMY__ 0.0074009088415164055	false	1.0
schuldner	neg 1.0		neg 0.5529750870117519 off 0.43961537287017166 __DUMMY__ 0.00740954011807635	false	1.0
missgeburt	off 1.0	off 1.0	off 0.7113172300052631 neg 0.28516798947178534 __DUMMY__ 0.0035147805229515626	false	1.0
arbeitslos	neg 1.0		neg 0.5512808684975268 off 0.44130057193830696 __DUMMY__ 0.007418559564166234	false	1.0
befallen	neg 1.0		neg 0.5537092743701252 off 0.43893276526465963 __DUMMY__ 0.007357960365215137	false	1.0
miesepetrig	off 1.0		neg 0.5404871140783449 off 0.4520682366318447 __DUMMY__ 0.007444649289810346	false	0.5
alarmieren	neg 1.0		neg 0.5440476402418439 off 0.4485715392157508 __DUMMY__ 0.007380820542405346	false	1.0
ungeduscht	off 1.0		neg 0.5431334614959376 off 0.44942151250396795 __DUMMY__ 0.007445026000094413	false	0.5
knappheit	neg 1.0		neg 0.5495930257782937 off 0.4429704235086808 __DUMMY__ 0.007436550713025511	false	1.0
schlange	neg 1.0		neg 0.5446031903779125 off 0.4479311503951139 __DUMMY__ 0.007465659226973495	false	1.0
harsch	neg 1.0		neg 0.5340823100022338 off 0.4584991167822114 __DUMMY__ 0.007418573215554919	false	1.0
lang	neg 1.0		neg 0.5459450111517847 off 0.44661856082807283 __DUMMY__ 0.007436428020142501	false	1.0
ziellos	neg 1.0		neg 0.5501790104176387 off 0.4423669580827936 __DUMMY__ 0.0074540314995676996	false	1.0
selbstverliebt	neg 1.0		neg 0.5339670113155042 off 0.4587288394901119 __DUMMY__ 0.007304149194384044	false	1.0
beseitigen	neg 1.0		neg 0.5447929780120415 off 0.44774235948205393 __DUMMY__ 0.007464662505904362	false	1.0
dumm	off 1.0		neg 0.5371062665354962 off 0.4555273188722042 __DUMMY__ 0.007366414592299725	false	0.5
arbeitsloser	neg 1.0		neg 0.552202928824173 off 0.4403767001945865 __DUMMY__ 0.007420370981240524	false	1.0
blitzen	neg 1.0		neg 0.5440884472125258 off 0.4484992666735994 __DUMMY__ 0.0074122861138747375	false	1.0
hilflos	neg 1.0		neg 0.549637389542165 off 0.44291919693442805 __DUMMY__ 0.007443413523406835	false	1.0
eklig	off 1.0		neg 0.536008178397939 off 0.4566289064152263 __DUMMY__ 0.0073629151868346695	false	0.5
begriff			neg 0.5499609166328545 off 0.4426131656705392 __DUMMY__ 0.007425917696606388	false	0.0
hungersnot	neg 1.0		neg 0.5521331522082994 off 0.44052346990490293 __DUMMY__ 0.007343377886797892	false	1.0
ungesetzlich	neg 1.0		neg 0.5485856926231523 off 0.4440674569972243 __DUMMY__ 0.007346850379623368	false	1.0
verschwendung	neg 1.0		neg 0.552707433611417 off 0.4398481193608028 __DUMMY__ 0.00744444702778031	false	1.0
schmerzvoll	neg 1.0		neg 0.5455388104320447 off 0.44701837155315954 __DUMMY__ 0.007442818014795702	false	1.0
vorzeitig	neg 1.0		neg 0.5418350820447886 off 0.45075042276326394 __DUMMY__ 0.0074144951919475535	false	1.0
unvollkommenheit	neg 1.0		neg 0.5475760123876792 off 0.4449956255408796 __DUMMY__ 0.007428362071441252	false	1.0
intervenieren	neg 1.0		neg 0.5544230627719258 off 0.4381871735560959 __DUMMY__ 0.007389763671978409	false	1.0
banause	off 1.0		neg 0.5348882211652992 off 0.4577626756431262 __DUMMY__ 0.00734910319157448	false	0.5
rebell	neg 1.0		neg 0.5520417489267451 off 0.44048671981708776 __DUMMY__ 0.007471531256167341	false	1.0
unlogisch	neg 1.0		neg 0.5404507919445717 off 0.4521643163672966 __DUMMY__ 0.00738489168813172	false	1.0
leiden	neg 1.0	neg 1.0	neg 0.7606123900692174 off 0.23575934590001024 __DUMMY__ 0.003628264030772327	false	1.0
abschaffung	neg 1.0		neg 0.5482801055030108 off 0.4443289457337115 __DUMMY__ 0.0073909487632777176	false	1.0
sturz	neg 1.0		neg 0.5479943503046685 off 0.4446235353436211 __DUMMY__ 0.007382114351710454	false	1.0
verkleinerung	neg 1.0		neg 0.545646892236537 off 0.4469868743724983 __DUMMY__ 0.007366233390964736	false	1.0
schmarotzer	off 1.0		neg 0.5527779715156508 off 0.43982371691166317 __DUMMY__ 0.00739831157268601	false	0.5
bestrafung	neg 1.0		neg 0.5477744036883181 off 0.4448191078257033 __DUMMY__ 0.007406488485978661	false	1.0
achtlos	neg 1.0		neg 0.5473915430066315 off 0.4451509089628006 __DUMMY__ 0.007457548030567923	false	1.0
ungeheuer	neg 1.0		neg 0.5460579278732006 off 0.446530538140631 __DUMMY__ 0.007411533986168406	false	1.0
