unsolidarisch	neg 1.0		__DUMMY__ 0.4785659942411863 neg 0.29130004808473964 off 0.23013395767407402	false	1.0
nachteilig	neg 1.0		__DUMMY__ 0.48540621066820216 neg 0.2861864554135658 off 0.22840733391823217	false	1.0
skeptisch	neg 1.0		__DUMMY__ 0.48625219279829757 neg 0.2883081777846414 off 0.22543962941706103	false	1.0
schrecklich	neg 1.0		__DUMMY__ 0.4828189088500063 neg 0.27718314571544667 off 0.23999794543454694	false	1.0
schlapp	neg 1.0		__DUMMY__ 0.4865644281275087 neg 0.27721675569979215 off 0.23621881617269921	false	1.0
abfall	neg 1.0		__DUMMY__ 0.4871632738877546 neg 0.28896355922458977 off 0.2238731668876556	false	1.0
widerspenstig	neg 1.0		__DUMMY__ 0.48728346879832335 neg 0.2815272603436981 off 0.23118927085797852	false	1.0
abrupt	neg 1.0		__DUMMY__ 0.488927582143598 neg 0.28085647064189656 off 0.23021594721450545	false	1.0
unwirksam	neg 1.0		__DUMMY__ 0.48133394610910285 neg 0.2874275644802305 off 0.2312384894106667	false	1.0
angreifen	neg 1.0		__DUMMY__ 0.4845949228115628 neg 0.28890083452219106 off 0.2265042426662461	false	1.0
inkonsistent	neg 1.0		__DUMMY__ 0.4843149068002435 neg 0.2820713697571322 off 0.23361372344262438	false	1.0
abrutschen	neg 1.0		__DUMMY__ 0.4876058465125735 neg 0.2883038701909994 off 0.2240902832964272	false	1.0
unsicher	neg 1.0		__DUMMY__ 0.48618150755142275 neg 0.282669805130298 off 0.23114868731827926	false	1.0
bauernkind	off 1.0		__DUMMY__ 0.47939495538722027 neg 0.27755745889274064 off 0.24304758572003898	false	0.5
angreifer	neg 1.0		__DUMMY__ 0.48226592541481567 neg 0.2836452183198526 off 0.23408885626533182	false	1.0
trennen	neg 1.0		__DUMMY__ 0.4889949118234851 neg 0.2841325207093821 off 0.22687256746713297	false	1.0
schmutz	neg 1.0		__DUMMY__ 0.4890195784194655 neg 0.2729471936790272 off 0.2380332279015074	false	1.0
inkonsistenz	neg 1.0	neg 1.0	neg 0.6314421773800586 __DUMMY__ 0.2357632611502363 off 0.13279456146970514	false	1.0
erschreckend	neg 1.0		__DUMMY__ 0.48442990395446817 neg 0.2862136760969802 off 0.22935641994855166	false	1.0
ertrinken	neg 1.0		__DUMMY__ 0.4870293137738645 neg 0.2852984111790958 off 0.22767227504703963	false	1.0
pickelface	off 1.0		__DUMMY__ 0.48301941265383236 neg 0.2853264331719259 off 0.2316541541742417	false	0.5
seiner			__DUMMY__ 0.48567434001783943 neg 0.2877740054003014 off 0.2265516545818591	false	0.0
lauch	neg 1.0		__DUMMY__ 0.4868841484024854 neg 0.2877134939447412 off 0.22540235765277325	false	1.0
unwichtig	neg 1.0		__DUMMY__ 0.4839614212414045 neg 0.280386900626174 off 0.23565167813242163	false	1.0
steuerhinterziehung	neg 1.0		__DUMMY__ 0.4813891114700467 neg 0.2890638801406633 off 0.22954700838928996	false	1.0
schock	neg 1.0		__DUMMY__ 0.48834950597813465 neg 0.2817367181048269 off 0.22991377591703852	false	1.0
beule	neg 1.0		__DUMMY__ 0.4859976095501144 neg 0.2764389079452991 off 0.23756348250458656	false	1.0
vergelten	neg 1.0		__DUMMY__ 0.4806391977207151 neg 0.27812189771049456 off 0.24123890456879035	false	1.0
verdorbenheit	neg 1.0		__DUMMY__ 0.48717260881610464 neg 0.27971999690356103 off 0.2331073942803344	false	1.0
trauma	neg 1.0		__DUMMY__ 0.48447588487442267 neg 0.28261797339812633 off 0.23290614172745105	false	1.0
sinnlos	neg 1.0		__DUMMY__ 0.4846780504237665 neg 0.28213784066427056 off 0.23318410891196298	false	1.0
fettsack	off 1.0	off 1.0	off 0.6076071824124698 __DUMMY__ 0.2351818280758229 neg 0.15721098951170723	false	1.0
feige	off 1.0		__DUMMY__ 0.4817471630469575 neg 0.28368681128441914 off 0.23456602566862347	false	0.5
abdanken	neg 1.0		__DUMMY__ 0.4790321487977741 neg 0.2919708649280256 off 0.22899698627420034	false	1.0
wichtigtuer	off 1.0	off 1.0	off 0.6018756996113606 __DUMMY__ 0.23577046767214166 neg 0.16235383271649784	false	1.0
misslingen	neg 1.0		__DUMMY__ 0.4866620879113569 neg 0.27969950957339196 off 0.23363840251525103	false	1.0
untreu	off 1.0		__DUMMY__ 0.48369490781494895 neg 0.2799286475622342 off 0.23637644462281682	false	0.5
missmutig	neg 1.0		__DUMMY__ 0.4855572702734645 neg 0.27923212834336214 off 0.23521060138317332	false	1.0
hurenbock	off 1.0		__DUMMY__ 0.4880249584558837 neg 0.2784275100676641 off 0.23354753147645219	false	0.5
betrunken	neg 1.0		__DUMMY__ 0.48490955887138393 neg 0.27676784263812004 off 0.2383225984904961	false	1.0
korrupt	off 1.0		__DUMMY__ 0.4804945960520588 neg 0.29183184709590926 off 0.2276735568520319	false	0.5
unmut	neg 1.0		__DUMMY__ 0.48561301706254845 neg 0.29006094477793704 off 0.22432603815951452	false	1.0
hackfresse	off 1.0		__DUMMY__ 0.4815598862329311 neg 0.2749666341111797 off 0.24347347965588922	false	0.5
aufblasen	neg 1.0		__DUMMY__ 0.4869626764802363 neg 0.280171149698121 off 0.23286617382164282	false	1.0
gewaltsam	neg 1.0		__DUMMY__ 0.48188436771418497 neg 0.2864593291023719 off 0.23165630318344302	false	1.0
unbeliebtheit	neg 1.0		__DUMMY__ 0.47731452424106674 neg 0.28602911736065834 off 0.23665635839827495	false	1.0
sturheit	neg 1.0		__DUMMY__ 0.48255783433552984 neg 0.2883825531756167 off 0.22905961248885345	false	1.0
kuh	neg 1.0		__DUMMY__ 0.48428005388488643 neg 0.28278825383443873 off 0.23293169228067503	false	1.0
erschrecken	neg 1.0		__DUMMY__ 0.4851668214389285 neg 0.280041710587614 off 0.23479146797345748	false	1.0
opfer	neg 1.0	neg 1.0	neg 0.6339186961078134 __DUMMY__ 0.23717710307206752 off 0.1289042008201191	false	1.0
sinken	neg 1.0		__DUMMY__ 0.4861914805136742 neg 0.28850372544055336 off 0.22530479404577247	false	1.0
stinktier	neg 1.0		__DUMMY__ 0.48163796496519445 neg 0.2780272010173764 off 0.24033483401742914	false	1.0
tucke	off 1.0		__DUMMY__ 0.48282164099495006 neg 0.27269106678628346 off 0.2444872922187665	false	0.5
ein			__DUMMY__ 0.4886478785410539 neg 0.2788665881890746 off 0.23248553326987165	false	0.0
abstieg	neg 1.0		__DUMMY__ 0.4830343822368294 neg 0.2882512411841634 off 0.2287143765790072	false	1.0
missverstehen	neg 1.0		__DUMMY__ 0.4825209132955854 neg 0.2849945859088416 off 0.23248450079557295	false	1.0
ergebnislos	neg 1.0		__DUMMY__ 0.4840199980109432 neg 0.2875078127580528 off 0.22847218923100407	false	1.0
unter			__DUMMY__ 0.49212860921192575 neg 0.28655583897013676 off 0.2213155518179375	false	0.0
manipulieren	neg 1.0		__DUMMY__ 0.4851914599480711 neg 0.28829073839961916 off 0.22651780165230984	false	1.0
unbewiesen	neg 1.0		__DUMMY__ 0.47900267852571526 neg 0.290881262524022 off 0.23011605895026274	false	1.0
verschleppen	neg 1.0		__DUMMY__ 0.4833803305514258 neg 0.28856252518336306 off 0.22805714426521118	false	1.0
weib	off 1.0		__DUMMY__ 0.4808005859127895 neg 0.27443835364512886 off 0.2447610604420817	false	0.5
opposition	neg 1.0		__DUMMY__ 0.4808005530373376 neg 0.2870150036208347 off 0.23218444334182767	false	1.0
verkehrswidrig	neg 1.0		__DUMMY__ 0.48432919196858004 neg 0.2734271979050976 off 0.24224361012632245	false	1.0
inkorrekt	neg 1.0		__DUMMY__ 0.4792753753874037 neg 0.28499836022696173 off 0.2357262643856345	false	1.0
vermeiden	neg 1.0		__DUMMY__ 0.49026157294092426 neg 0.28617036173256805 off 0.22356806532650778	false	1.0
abweichung	neg 1.0		__DUMMY__ 0.48222695046896796 neg 0.2896287431461246 off 0.22814430638490737	false	1.0
alkoholisiert	neg 1.0		__DUMMY__ 0.48781681833134416 neg 0.28268693498112385 off 0.229496246687532	false	1.0
scheiss	off 1.0	off 1.0	off 0.6051785058405619 __DUMMY__ 0.23717239279739305 neg 0.15764910136204516	false	1.0
herausforderung	neg 1.0		__DUMMY__ 0.49025903481478084 neg 0.279907805067374 off 0.22983316011784502	false	1.0
pervers	off 1.0		__DUMMY__ 0.48009247045407777 neg 0.27231353013920934 off 0.24759399940671287	false	0.5
wackelig	neg 1.0		__DUMMY__ 0.48998013197897805 neg 0.2803804938003449 off 0.22963937422067693	false	1.0
verwickeln	neg 1.0		__DUMMY__ 0.4835690753392798 neg 0.28396802004888017 off 0.23246290461184	false	1.0
vorwand	neg 1.0		__DUMMY__ 0.48455565238072057 neg 0.2905362090771215 off 0.22490813854215777	false	1.0
muschi	off 1.0		__DUMMY__ 0.4826496928431981 neg 0.28635188407088186 off 0.23099842308592003	false	0.5
entmutigung	neg 1.0		__DUMMY__ 0.4766015032263016 neg 0.2914516461441733 off 0.231946850629525	false	1.0
unangemessen	neg 1.0		__DUMMY__ 0.4824522069019093 neg 0.289750772243877 off 0.22779702085421374	false	1.0
unstetig	neg 1.0		__DUMMY__ 0.4836300010557909 neg 0.28129983699873307 off 0.23507016194547595	false	1.0
entmutigen	neg 1.0		__DUMMY__ 0.4855394781303176 neg 0.2822098777423521 off 0.23225064412733037	false	1.0
schwanz	neg 1.0		__DUMMY__ 0.4850267316959375 neg 0.285782987480135 off 0.2291902808239276	false	1.0
verbot	neg 1.0		__DUMMY__ 0.4814841926312249 neg 0.28989778084685097 off 0.22861802652192403	false	1.0
leid	neg 1.0		__DUMMY__ 0.48241191643227577 neg 0.2759080637908962 off 0.24168001977682788	false	1.0
archaisch	neg 1.0		__DUMMY__ 0.4829716934384185 neg 0.28855042698570355 off 0.228477879575878	false	1.0
gegen			__DUMMY__ 0.483685036317709 neg 0.2911441029031464 off 0.2251708607791445	false	0.0
scheidung	neg 1.0	neg 1.0	neg 0.6187783720401776 __DUMMY__ 0.23542211227867024 off 0.14579951568115201	false	1.0
einschlag	neg 1.0		__DUMMY__ 0.48125056143389944 neg 0.27805446981787935 off 0.24069496874822122	false	1.0
m			__DUMMY__ 0.4868493091419184 neg 0.2829592822300092 off 0.23019140862807227	false	0.0
abgestanden	neg 1.0		__DUMMY__ 0.4879135380857818 neg 0.28011003147163904 off 0.23197643044257904	false	1.0
schmierig	off 1.0		__DUMMY__ 0.48343302903449453 neg 0.27586761769271756 off 0.2406993532727879	false	0.5
unpraktisch	neg 1.0		__DUMMY__ 0.48759382195061285 neg 0.2793957429914463 off 0.23301043505794075	false	1.0
wixxer	off 1.0		__DUMMY__ 0.47886054006129036 neg 0.27367139162017756 off 0.2474680683185319	false	0.5
bezeichnet			__DUMMY__ 0.48281186614259886 neg 0.28757269238778665 off 0.22961544146961452	false	0.0
jammerlappen	off 1.0		__DUMMY__ 0.48374393949233 neg 0.2807821402664128 off 0.23547392024125735	false	0.5
farce	neg 1.0		__DUMMY__ 0.4788012313805497 neg 0.2928650937244295 off 0.22833367489502093	false	1.0
zwecklos	neg 1.0		__DUMMY__ 0.4834884208740768 neg 0.28882051836312234 off 0.22769106076280088	false	1.0
turbulent	neg 1.0		__DUMMY__ 0.48198473855710977 neg 0.2785366461270469 off 0.2394786153158432	false	1.0
invasion	neg 1.0		__DUMMY__ 0.48582436663157624 neg 0.2793042092657614 off 0.2348714241026624	false	1.0
schuld	neg 1.0		__DUMMY__ 0.4841126608440625 neg 0.28429783704509776 off 0.23158950211083962	false	1.0
risiko	neg 1.0		__DUMMY__ 0.4876205591811461 neg 0.27673541189492273 off 0.2356440289239313	false	1.0
finster	neg 1.0		__DUMMY__ 0.48810149809383024 neg 0.279653360780099 off 0.2322451411260707	false	1.0
geisteskrank	off 1.0		__DUMMY__ 0.48046217002039193 neg 0.2830592301489064 off 0.23647859983070177	false	0.5
zusammenbrechen	neg 1.0		__DUMMY__ 0.4867520980653599 neg 0.2834338162568699 off 0.22981408567777017	false	1.0
ausbeute	neg 1.0		__DUMMY__ 0.48815496566170025 neg 0.2829339507772544 off 0.22891108356104545	false	1.0
hinterhalt	neg 1.0		__DUMMY__ 0.48390459202529174 neg 0.28411523669886174 off 0.23198017127584647	false	1.0
kritik	neg 1.0		__DUMMY__ 0.47996682816491976 neg 0.29139048636073883 off 0.22864268547434138	false	1.0
einschrumpfen	neg 1.0		__DUMMY__ 0.4804291580473289 neg 0.2851802765362139 off 0.23439056541645722	false	1.0
riskant	neg 1.0		__DUMMY__ 0.48590590027908726 neg 0.2870224614893507 off 0.22707163823156196	false	1.0
frustrieren	neg 1.0		__DUMMY__ 0.4851794485410561 neg 0.28801631873118666 off 0.22680423272775735	false	1.0
groll	neg 1.0		__DUMMY__ 0.4836488474730863 neg 0.28840045002544995 off 0.22795070250146388	false	1.0
gibt			__DUMMY__ 0.4855092760708907 neg 0.285465951012165 off 0.22902477291694417	false	0.0
qualvoll	neg 1.0		__DUMMY__ 0.48557237266165604 neg 0.280818521427716 off 0.23360910591062792	false	1.0
wackeln	neg 1.0		__DUMMY__ 0.48809813564584503 neg 0.2793839322342737 off 0.23251793211988123	false	1.0
klagen	neg 1.0		__DUMMY__ 0.4843013521640289 neg 0.29089790429314627 off 0.2248007435428248	false	1.0
bankrott	neg 1.0		__DUMMY__ 0.48524575789861596 neg 0.27834527834366324 off 0.23640896375772083	false	1.0
trauern	neg 1.0		__DUMMY__ 0.48497549806873685 neg 0.2880733169584101 off 0.22695118497285302	false	1.0
ablehnung	neg 1.0	neg 1.0	neg 0.6352071990618942 __DUMMY__ 0.2349439731432116 off 0.12984882779489423	false	1.0
stur	neg 1.0		__DUMMY__ 0.48440294163229525 neg 0.28349934184496317 off 0.23209771652274147	false	1.0
aufruhr	neg 1.0		__DUMMY__ 0.48096190907750974 neg 0.28826139534222656 off 0.23077669558026379	false	1.0
melancholie	neg 1.0		__DUMMY__ 0.4883927243047753 neg 0.28233705512128904 off 0.22927022057393562	false	1.0
ist			__DUMMY__ 0.48433700513937533 neg 0.2833694511750621 off 0.2322935436855624	false	0.0
torheit	neg 1.0		__DUMMY__ 0.4790246292167323 neg 0.2901794622329916 off 0.23079590855027612	false	1.0
dreckskind	off 1.0		__DUMMY__ 0.47860948486665655 neg 0.2797166490783158 off 0.24167386605502783	false	0.5
umtauschen	neg 1.0		__DUMMY__ 0.48753466985016075 neg 0.2812375680733967 off 0.23122776207644255	false	1.0
zum			__DUMMY__ 0.4921453659956331 neg 0.28330722453770846 off 0.22454740946665835	false	0.0
zersetzen	neg 1.0		__DUMMY__ 0.48476413044617367 neg 0.2894699536049077 off 0.2257659159489187	false	1.0
zur			__DUMMY__ 0.4868817124243317 neg 0.2902348688819666 off 0.22288341869370176	false	0.0
frust	neg 1.0		__DUMMY__ 0.48585389398433015 neg 0.28491529051428605 off 0.22923081550138377	false	1.0
unerbittlichkeit	neg 1.0		__DUMMY__ 0.4841243656684071 neg 0.2893347274471526 off 0.22654090688444042	false	1.0
zwei			__DUMMY__ 0.49020031621194804 neg 0.28398177043616485 off 0.22581791335188697	false	0.0
unkorrekt	neg 1.0		__DUMMY__ 0.47969417650943313 neg 0.2836980424508558 off 0.23660778103971108	false	1.0
hexe	off 1.0		__DUMMY__ 0.48443732562081804 neg 0.2790303125769517 off 0.2365323618022302	false	0.5
lasch	neg 1.0		__DUMMY__ 0.481978907299424 neg 0.2844075782453922 off 0.23361351445518397	false	1.0
rivale	neg 1.0		__DUMMY__ 0.48195569270052885 neg 0.2776817820971028 off 0.2403625252023684	false	1.0
mutlos	off 1.0	off 1.0	off 0.5989732168883553 __DUMMY__ 0.23614999298234582 neg 0.16487679012929887	false	1.0
wirr	off 1.0		__DUMMY__ 0.48037064441855415 neg 0.2810304813944737 off 0.23859887418697226	false	0.5
jahr			__DUMMY__ 0.4895590765134114 neg 0.2822531481386363 off 0.22818777534795232	false	0.0
wird			__DUMMY__ 0.4857281250728953 neg 0.28662016942763385 off 0.22765170549947078	false	0.0
strafbar	neg 1.0		__DUMMY__ 0.48235224937811133 neg 0.29126983072783674 off 0.22637791989405207	false	1.0
erosion	neg 1.0		__DUMMY__ 0.4863484444455896 neg 0.2804616925299359 off 0.23318986302447456	false	1.0
eingehen	neg 1.0		__DUMMY__ 0.48410318299243726 neg 0.2883917388862393 off 0.22750507812132334	false	1.0
faul	off 1.0		__DUMMY__ 0.4870361249785786 neg 0.27677269029601875 off 0.23619118472540254	false	0.5
provisorium	neg 1.0		__DUMMY__ 0.49065656440443844 neg 0.2890370190212145 off 0.22030641657434696	false	1.0
schmerzen	neg 1.0		__DUMMY__ 0.48688072074844485 neg 0.28295924214735646 off 0.23016003710419874	false	1.0
schrumpfen	neg 1.0		__DUMMY__ 0.48767439732648504 neg 0.2895967163466023 off 0.2227288863269127	false	1.0
geistlos	off 1.0		__DUMMY__ 0.4787856578160411 neg 0.2887436547587373 off 0.23247068742522162	false	0.5
fehlkauf	neg 1.0		__DUMMY__ 0.48271604014279884 neg 0.28359399980646377 off 0.23368996005073725	false	1.0
frustrierend	neg 1.0		__DUMMY__ 0.4852246151006579 neg 0.2799846845041078 off 0.23479070039523436	false	1.0
unzufrieden	neg 1.0		__DUMMY__ 0.484901729705543 neg 0.28690837010707154 off 0.2281899001873854	false	1.0
verzweifeln	neg 1.0		__DUMMY__ 0.48597107200182416 neg 0.28361425140715235 off 0.23041467659102352	false	1.0
verzweifelt	neg 1.0		__DUMMY__ 0.4845454942736771 neg 0.2834419307732267 off 0.23201257495309613	false	1.0
misstrauensantrag	neg 1.0		__DUMMY__ 0.48260003395914747 neg 0.283701481262952 off 0.23369848477790048	false	1.0
abfallen	neg 1.0		__DUMMY__ 0.4888138964930268 neg 0.2783104922283407 off 0.2328756112786324	false	1.0
fucker	off 1.0		__DUMMY__ 0.4816035349608149 neg 0.2795792770239235 off 0.23881718801526164	false	0.5
ungezogen	neg 1.0		__DUMMY__ 0.4816838349576396 neg 0.2730670384332241 off 0.24524912660913625	false	1.0
irrsinnig	neg 1.0	neg 1.0	neg 0.6320693352011985 __DUMMY__ 0.23658356620732288 off 0.1313470985914787	false	1.0
unfassbar	neg 1.0		__DUMMY__ 0.4837346649940949 neg 0.28022175039130864 off 0.2360435846145965	false	1.0
hart	neg 1.0		__DUMMY__ 0.48292830088398714 neg 0.28081824672071776 off 0.23625345239529522	false	1.0
widerlich	off 1.0		__DUMMY__ 0.48211233661810304 neg 0.2813356860885626 off 0.23655197729333424	false	0.5
fatal	neg 1.0		__DUMMY__ 0.48346678879284033 neg 0.28270354055267793 off 0.23382967065448187	false	1.0
bruch	neg 1.0		__DUMMY__ 0.48317387700864156 neg 0.29290126874066774 off 0.22392485425069067	false	1.0
aushungern	neg 1.0		__DUMMY__ 0.4806937138806802 neg 0.28898042674685653 off 0.2303258593724632	false	1.0
anspannung	neg 1.0		__DUMMY__ 0.4889607145042472 neg 0.28645081757339214 off 0.22458846792236078	false	1.0
von			__DUMMY__ 0.48891202679390816 neg 0.2841986665017665 off 0.2268893067043253	false	0.0
kraftlos	neg 1.0		__DUMMY__ 0.48902390573574384 neg 0.2819698047709088 off 0.22900628949334734	false	1.0
vom			__DUMMY__ 0.49136038370460144 neg 0.2868890467897239 off 0.2217505695056747	false	0.0
grenzdebil	off 1.0		__DUMMY__ 0.4843850483067675 neg 0.2781440542691015 off 0.23747089742413102	false	0.5
vor			__DUMMY__ 0.4878194417939418 neg 0.28678512387776683 off 0.22539543432829118	false	0.0
unterwerfen	neg 1.0		__DUMMY__ 0.48369268642498464 neg 0.28931270845442697 off 0.22699460512058842	false	1.0
versenkung	neg 1.0		__DUMMY__ 0.485256506102843 neg 0.28781689112710385 off 0.2269266027700531	false	1.0
entziehen	neg 1.0		__DUMMY__ 0.485008396119403 neg 0.2905415189176881 off 0.2244500849629089	false	1.0
finanzkrise	neg 1.0		__DUMMY__ 0.4809322049591118 neg 0.2890283497495969 off 0.23003944529129125	false	1.0
schimpfend	neg 1.0		__DUMMY__ 0.48941974890308754 neg 0.2766886416792839 off 0.23389160941762863	false	1.0
profan	neg 1.0		__DUMMY__ 0.48473296112880965 neg 0.28211822250843094 off 0.23314881636275922	false	1.0
korruption	neg 1.0		__DUMMY__ 0.481106830128667 neg 0.2908819357365027 off 0.22801123413483043	false	1.0
â			__DUMMY__ 0.48646680126421465 neg 0.284458017501855 off 0.22907518123393025	false	0.0
schmutzig	neg 1.0		__DUMMY__ 0.4860913439220318 neg 0.27656283749358884 off 0.2373458185843795	false	1.0
sexy	neg 1.0		__DUMMY__ 0.48434492969570564 neg 0.280099339319365 off 0.23555573098492943	false	1.0
abraten	neg 1.0		__DUMMY__ 0.48604542565111997 neg 0.28138126170144423 off 0.23257331264743564	false	1.0
schwarz	neg 1.0		__DUMMY__ 0.48403683465599545 neg 0.28291392015677425 off 0.23304924518723036	false	1.0
fotze	off 1.0		__DUMMY__ 0.48326629662625403 neg 0.2875849783850502 off 0.22914872498869573	false	0.5
verwirren	neg 1.0		__DUMMY__ 0.48450984116509016 neg 0.28149727097533983 off 0.23399288785956993	false	1.0
zahnlos	off 1.0		__DUMMY__ 0.48324960972677744 neg 0.28873563450112805 off 0.22801475577209449	false	0.5
verheeren	neg 1.0		__DUMMY__ 0.47909806968850477 neg 0.2738886752079429 off 0.2470132551035524	false	1.0
hippie	neg 1.0		__DUMMY__ 0.4839262147546805 neg 0.28087882841670625 off 0.23519495682861336	false	1.0
rammen	neg 1.0		__DUMMY__ 0.4859119815901782 neg 0.27951305023582496 off 0.23457496817399692	false	1.0
unlauter	neg 1.0	neg 1.0	neg 0.6310192212194113 __DUMMY__ 0.236351141632275 off 0.13262963714831363	false	1.0
unheilvoll	neg 1.0		__DUMMY__ 0.48575199589737583 neg 0.28095965117369387 off 0.2332883529289304	false	1.0
niedrig	neg 1.0		__DUMMY__ 0.4858675260412016 neg 0.28550664424437283 off 0.2286258297144256	false	1.0
explosion	neg 1.0		__DUMMY__ 0.4852428873090888 neg 0.27975245930870046 off 0.23500465338221058	false	1.0
weichei	off 1.0		__DUMMY__ 0.48183748116529157 neg 0.2758859205834921 off 0.24227659825121625	false	0.5
minusmensch	off 1.0		__DUMMY__ 0.4762223327920451 neg 0.27799821467668506 off 0.24577945253126987	false	0.5
farblos	neg 1.0		__DUMMY__ 0.4845307995374588 neg 0.28329852940117467 off 0.2321706710613665	false	1.0
unwissend	neg 1.0	neg 1.0	neg 0.6300694715931217 __DUMMY__ 0.23605001016352167 off 0.13388051824335673	false	1.0
traurig	neg 1.0		__DUMMY__ 0.48404975226375396 neg 0.27672171559434755 off 0.23922853214189843	false	1.0
senkung	neg 1.0		__DUMMY__ 0.4841702177638077 neg 0.28117408279292 off 0.23465569944327228	false	1.0
ungleich	neg 1.0	neg 1.0	neg 0.6344584065151044 __DUMMY__ 0.23675686885440636 off 0.12878472463048915	false	1.0
heikel	neg 1.0		__DUMMY__ 0.4852438424974726 neg 0.2889198715225893 off 0.22583628597993824	false	1.0
drosselung	neg 1.0		__DUMMY__ 0.4845171065936797 neg 0.2756655974010161 off 0.23981729600530435	false	1.0
falsch	neg 1.0		__DUMMY__ 0.4842236330911538 neg 0.2807422461555909 off 0.23503412075325536	false	1.0
unzufriedenheit	neg 1.0		__DUMMY__ 0.484863407174485 neg 0.2895549839889302 off 0.2255816088365848	false	1.0
kurz	neg 1.0		__DUMMY__ 0.48837291330857996 neg 0.2815905657429518 off 0.23003652094846824	false	1.0
unsinnig	neg 1.0		__DUMMY__ 0.48435104655888306 neg 0.2871008672065149 off 0.22854808623460207	false	1.0
penner	off 1.0	off 1.0	off 0.6087015625245943 __DUMMY__ 0.23557117236323305 neg 0.1557272651121726	false	1.0
seicht	neg 1.0		__DUMMY__ 0.4789584873698609 neg 0.27686193107961243 off 0.24417958155052671	false	1.0
dummheit	off 1.0	off 1.0	off 0.602362433589459 __DUMMY__ 0.23584243199189803 neg 0.16179513441864293	false	1.0
unerfreulich	neg 1.0		__DUMMY__ 0.48671036107351884 neg 0.2876433043293517 off 0.22564633459712946	false	1.0
motherfucker	off 1.0	off 1.0	off 0.6057563986016168 __DUMMY__ 0.23560380289957467 neg 0.15863979849880855	false	1.0
pikiert	neg 1.0		__DUMMY__ 0.48225402423011887 neg 0.2825750377346409 off 0.2351709380352402	false	1.0
wrack	neg 1.0		__DUMMY__ 0.4860602249206176 neg 0.28485858527019925 off 0.22908118980918316	false	1.0
gangster	neg 1.0		__DUMMY__ 0.48413085142008017 neg 0.2814992773010102 off 0.23436987127890946	false	1.0
krank	neg 1.0		__DUMMY__ 0.48611874972321195 neg 0.2760226982242072 off 0.23785855205258086	false	1.0
reich	neg 1.0		__DUMMY__ 0.47769407111609996 neg 0.2870003204972645 off 0.2353056083866355	false	1.0
gnadenlos	neg 1.0		__DUMMY__ 0.4845051718875043 neg 0.2836462485613787 off 0.23184857955111696	false	1.0
niedergeschlagen	neg 1.0		__DUMMY__ 0.4863363179737611 neg 0.2839514317153079 off 0.2297122503109311	false	1.0
terrorisieren	off 1.0	off 1.0	off 0.5989876862615015 __DUMMY__ 0.2372810996866498 neg 0.1637312140518488	false	1.0
sinnlosigkeit	neg 1.0		__DUMMY__ 0.4836795547477872 neg 0.2881369740284797 off 0.22818347122373314	false	1.0
behindern	neg 1.0		__DUMMY__ 0.48643240160517187 neg 0.28225115002102275 off 0.23131644837380547	false	1.0
undemokratisch	neg 1.0		__DUMMY__ 0.48016517516390167 neg 0.28828622981992263 off 0.23154859501617567	false	1.0
wirtschaftskrise	neg 1.0		__DUMMY__ 0.4824373336327682 neg 0.2892367339684234 off 0.22832593239880833	false	1.0
neid	neg 1.0		__DUMMY__ 0.4860947908193854 neg 0.2788982827927283 off 0.23500692638788628	false	1.0
rutschen	neg 1.0		__DUMMY__ 0.4925507984234643 neg 0.2826099038113544 off 0.2248392977651813	false	1.0
rezession	neg 1.0		__DUMMY__ 0.4796386121640687 neg 0.2799208871031121 off 0.2404405007328192	false	1.0
fehlgeburt	neg 1.0		__DUMMY__ 0.4834704070894556 neg 0.2853516526744107 off 0.2311779402361337	false	1.0
charakterschwach	off 1.0		__DUMMY__ 0.48235729881678224 neg 0.2811770743476421 off 0.23646562683557582	false	0.5
isolation	neg 1.0		__DUMMY__ 0.48416278495749515 neg 0.27928138580275835 off 0.23655582923974633	false	1.0
ablenkung	neg 1.0		__DUMMY__ 0.48625768394185864 neg 0.282201439055336 off 0.23154087700280535	false	1.0
pech	neg 1.0		__DUMMY__ 0.4856985993321966 neg 0.2797468852132311 off 0.23455451545457237	false	1.0
vermeidung	neg 1.0		__DUMMY__ 0.48537520834179615 neg 0.2758813218746918 off 0.23874346978351216	false	1.0
dominieren	neg 1.0		__DUMMY__ 0.48514934743933935 neg 0.28498151547292583 off 0.22986913708773485	false	1.0
schwindlig	neg 1.0		__DUMMY__ 0.48748675700374167 neg 0.2778620036523154 off 0.23465123934394294	false	1.0
lutscher	neg 1.0		__DUMMY__ 0.47968379548972623 neg 0.27498461316272377 off 0.24533159134755003	false	1.0
pflicht	neg 1.0		__DUMMY__ 0.48476260665505594 neg 0.2897250527759648 off 0.22551234056897934	false	1.0
faschist	off 1.0		__DUMMY__ 0.4789898860221066 neg 0.28884674680333944 off 0.23216336717455396	false	0.5
verschleudern	neg 1.0		__DUMMY__ 0.4829884459600941 neg 0.2891984633867201 off 0.2278130906531856	false	1.0
wenn			__DUMMY__ 0.4842044107353415 neg 0.2808336851104443 off 0.2349619041542143	false	0.0
ehebruch	neg 1.0		__DUMMY__ 0.48258539229002556 neg 0.29031593611358714 off 0.22709867159638725	false	1.0
spott	off 1.0		__DUMMY__ 0.48324062333857387 neg 0.2901089825619984 off 0.22665039409942772	false	0.5
trostlosigkeit	neg 1.0		__DUMMY__ 0.4816517368465575 neg 0.29349040992533637 off 0.2248578532281061	false	1.0
lutschen	neg 1.0		__DUMMY__ 0.48227605626899817 neg 0.28211605818543006 off 0.23560788554557166	false	1.0
undiszipliniert	neg 1.0		__DUMMY__ 0.4837802249121309 neg 0.27768684173234304 off 0.238532933355526	false	1.0
kopfschmerz	neg 1.0		__DUMMY__ 0.4864248151682502 neg 0.2827527102162802 off 0.23082247461546962	false	1.0
unvorhergesehen	neg 1.0		__DUMMY__ 0.49009918337971026 neg 0.27949390268600616 off 0.23040691393428367	false	1.0
desinteressiert	neg 1.0		__DUMMY__ 0.4825648185255178 neg 0.27956010326721825 off 0.23787507820726386	false	1.0
armselig	off 1.0		__DUMMY__ 0.4815931118294465 neg 0.27969957805080314 off 0.23870731011975035	false	0.5
desaster	neg 1.0		__DUMMY__ 0.48314240755552257 neg 0.29330004104803936 off 0.22355755139643815	false	1.0
tod	neg 1.0		__DUMMY__ 0.4813330532931895 neg 0.29226074096396176 off 0.2264062057428486	false	1.0
herzlos	neg 1.0		__DUMMY__ 0.4834610191436142 neg 0.2767021258524394 off 0.2398368550039463	false	1.0
unwissenheit	neg 1.0		__DUMMY__ 0.48300306796610254 neg 0.28900248542308304 off 0.22799444661081422	false	1.0
widersinnig	neg 1.0		__DUMMY__ 0.48029071756332464 neg 0.2910733187206154 off 0.22863596371606	false	1.0
bedenklich	neg 1.0		__DUMMY__ 0.484736089399121 neg 0.2884639147784612 off 0.226799995822418	false	1.0
beanstanden	neg 1.0		__DUMMY__ 0.48526723766301544 neg 0.2894459579296433 off 0.22528680440734142	false	1.0
panisch	neg 1.0	neg 1.0	neg 0.6274359012244619 __DUMMY__ 0.23962554892965518 off 0.13293854984588294	false	1.0
debil	off 1.0		__DUMMY__ 0.4866055333866625 neg 0.2907126068839173 off 0.22268185972942015	false	0.5
abstrich	neg 1.0		__DUMMY__ 0.48973199015370145 neg 0.2774461308368435 off 0.23282187900945514	false	1.0
primitiv	neg 1.0		__DUMMY__ 0.482027588578821 neg 0.2807977118533469 off 0.23717469956783208	false	1.0
abschaum	off 1.0	off 1.0	off 0.6036982027591496 __DUMMY__ 0.23521221225562886 neg 0.16108958498522152	false	1.0
provozieren	neg 1.0		__DUMMY__ 0.4828613052529692 neg 0.28639947004225774 off 0.23073922470477307	false	1.0
tot	neg 1.0		__DUMMY__ 0.4833593764694979 neg 0.28708037955981325 off 0.22956024397068886	false	1.0
instabil	neg 1.0		__DUMMY__ 0.4809775249317992 neg 0.27906832019742367 off 0.23995415487077718	false	1.0
schwuchtel	off 1.0		__DUMMY__ 0.47621105583684886 neg 0.2736445538698512 off 0.25014439029330005	false	0.5
zerren	neg 1.0		__DUMMY__ 0.4860350900852442 neg 0.2844956473998108 off 0.2294692625149449	false	1.0
kinderficker	off 1.0		__DUMMY__ 0.47940296135071925 neg 0.2800992718813408 off 0.24049776676793974	false	0.5
gefahr	neg 1.0		__DUMMY__ 0.48360243464098646 neg 0.28922841649859776 off 0.2271691488604157	false	1.0
rabiat	neg 1.0		__DUMMY__ 0.48452706537878637 neg 0.2846222764075671 off 0.2308506582136467	false	1.0
verlangsamung	neg 1.0		__DUMMY__ 0.4800599983777606 neg 0.27566100125640225 off 0.24427900036583708	false	1.0
ausgestorben	neg 1.0		__DUMMY__ 0.4855539775008518 neg 0.2850125848770572 off 0.22943343762209115	false	1.0
anklagen	neg 1.0		__DUMMY__ 0.4826530155629289 neg 0.2873002424616972 off 0.2300467419753738	false	1.0
trott	neg 1.0		__DUMMY__ 0.485835596247297 neg 0.2828274029186044 off 0.23133700083409867	false	1.0
verminderung	neg 1.0		__DUMMY__ 0.4832187256486064 neg 0.2777824607466265 off 0.23899881360476716	false	1.0
nach			__DUMMY__ 0.4908072142813431 neg 0.2850123653467013 off 0.22418042037195554	false	0.0
rost	neg 1.0		__DUMMY__ 0.47998137051667306 neg 0.2756847807893193 off 0.2443338486940077	false	1.0
destruktiv	neg 1.0		__DUMMY__ 0.48218357347863433 neg 0.28854312156356726 off 0.22927330495779824	false	1.0
unzumutbarkeit	neg 1.0		__DUMMY__ 0.4849847110487858 neg 0.2762648012878977 off 0.2387504876633164	false	1.0
labil	off 1.0	off 1.0	off 0.6045486292292616 __DUMMY__ 0.23576536482992402 neg 0.1596860059408144	false	1.0
ziemlich	neg 1.0		__DUMMY__ 0.48426327013660847 neg 0.27885796378724886 off 0.23687876607614278	false	1.0
lachnummer	off 1.0		__DUMMY__ 0.48244407953263896 neg 0.2881717251753948 off 0.22938419529196608	false	0.5
oder			__DUMMY__ 0.4870652683095167 neg 0.28151910000721464 off 0.2314156316832688	false	0.0
verfall	neg 1.0		__DUMMY__ 0.48597753119647136 neg 0.29179292162341786 off 0.22222954718011065	false	1.0
ausgrenzung	neg 1.0		__DUMMY__ 0.48020873594249386 neg 0.28747313292207993 off 0.23231813113542624	false	1.0
unordnung	neg 1.0		__DUMMY__ 0.4802152584304989 neg 0.279521151329135 off 0.2402635902403661	false	1.0
fehlverhalten	neg 1.0		__DUMMY__ 0.4832397680502612 neg 0.29041845947973893 off 0.22634177246999973	false	1.0
eine			__DUMMY__ 0.4872373225109104 neg 0.2872014055846978 off 0.22556127190439182	false	0.0
nille	neg 1.0		__DUMMY__ 0.48211536257245935 neg 0.28727866740417646 off 0.23060597002336417	false	1.0
qual	neg 1.0		__DUMMY__ 0.48554130623295494 neg 0.2832846576174813 off 0.2311740361495637	false	1.0
verschwenden	neg 1.0		__DUMMY__ 0.48573262361632946 neg 0.28704111022375745 off 0.22722626615991304	false	1.0
riesig	neg 1.0		__DUMMY__ 0.4864384713266855 neg 0.28289583961201964 off 0.23066568906129495	false	1.0
verurteilen	neg 1.0		__DUMMY__ 0.48226473809401244 neg 0.2897387064141657 off 0.22799655549182174	false	1.0
klischee	neg 1.0	neg 1.0	neg 0.6314786309939271 __DUMMY__ 0.23570908514844913 off 0.13281228385762361	false	1.0
diktatorisch	neg 1.0		__DUMMY__ 0.4788155983076501 neg 0.2901236857414485 off 0.2310607159509014	false	1.0
vorhersehbar	neg 1.0		__DUMMY__ 0.48250599696834867 neg 0.2848258828728249 off 0.23266812015882643	false	1.0
sowie			__DUMMY__ 0.4793751291416206 neg 0.27833667502797294 off 0.24228819583040656	false	0.0
stornieren	neg 1.0		__DUMMY__ 0.48664556259478103 neg 0.2788406635502327 off 0.23451377385498617	false	1.0
besteuerung	neg 1.0		__DUMMY__ 0.4840025232505826 neg 0.2834269096594051 off 0.23257056709001236	false	1.0
ungeschminkt	neg 1.0		__DUMMY__ 0.4840136010616788 neg 0.27837519964673063 off 0.2376111992915907	false	1.0
kritisch	neg 1.0		__DUMMY__ 0.48353410749077014 neg 0.28965207557312334 off 0.22681381693610647	false	1.0
schlamperei	off 1.0		__DUMMY__ 0.48328497538159076 neg 0.2892286807487302 off 0.22748634386967898	false	0.5
sucht	neg 1.0	neg 1.0	neg 0.626954730119785 __DUMMY__ 0.2394927883345893 off 0.13355248154562577	false	1.0
egoistisch	off 1.0		__DUMMY__ 0.48166452148315875 neg 0.2763285729920617 off 0.24200690552477958	false	0.5
ausbeuter	off 1.0		__DUMMY__ 0.482799795473149 neg 0.29133469459433975 off 0.2258655099325114	false	0.5
arschgeburt	off 1.0		__DUMMY__ 0.4762720549715969 neg 0.27370431380152566 off 0.25002363122687743	false	0.5
schubs	neg 1.0	neg 1.0	neg 0.6302525678086295 __DUMMY__ 0.23952233272990944 off 0.13022509946146105	false	1.0
unsolide	neg 1.0		__DUMMY__ 0.47746934046366896 neg 0.2880627011337049 off 0.2344679584026261	false	1.0
beschwerde	neg 1.0		__DUMMY__ 0.4836775616359549 neg 0.28783422581351026 off 0.22848821255053478	false	1.0
stocken	neg 1.0		__DUMMY__ 0.4856427485754526 neg 0.28590944797667234 off 0.22844780344787516	false	1.0
isolieren	neg 1.0		__DUMMY__ 0.48743423236094735 neg 0.2814013995596663 off 0.23116436807938637	false	1.0
unheilbar	neg 1.0		__DUMMY__ 0.48377611502461415 neg 0.2848710160207565 off 0.23135286895462953	false	1.0
pisser	off 1.0		__DUMMY__ 0.4808557001361465 neg 0.279353418049812 off 0.23979088181404168	false	0.5
löschen	neg 1.0		__DUMMY__ 0.48411053188700665 neg 0.28365192888624086 off 0.23223753922675258	false	1.0
durchfallen	neg 1.0		__DUMMY__ 0.4850559850794685 neg 0.28744210135715925 off 0.2275019135633722	false	1.0
wichser	off 1.0		__DUMMY__ 0.479949628450686 neg 0.27339028530829906 off 0.24666008624101488	false	0.5
terror	neg 1.0		__DUMMY__ 0.4861072547216408 neg 0.2782276194673745 off 0.23566512581098478	false	1.0
krass	neg 1.0		__DUMMY__ 0.48322392939624076 neg 0.27648984519910386 off 0.24028622540465547	false	1.0
revolte	neg 1.0	neg 1.0	neg 0.6344194536716933 __DUMMY__ 0.23327045189552711 off 0.13231009443277975	false	1.0
besorgt	neg 1.0		__DUMMY__ 0.48814016082005157 neg 0.28186932395424297 off 0.22999051522570535	false	1.0
nachlassen	neg 1.0		__DUMMY__ 0.48776692464518945 neg 0.2825119351958621 off 0.22972114015894843	false	1.0
alt	neg 1.0		__DUMMY__ 0.4884804405693105 neg 0.28376576499301553 off 0.22775379443767393	false	1.0
hundesohn	off 1.0		__DUMMY__ 0.4776990358022305 neg 0.27703645043236785 off 0.2452645137654015	false	0.5
als			__DUMMY__ 0.4865531441881406 neg 0.28467441468753013 off 0.22877244112432926	false	0.0
abschreckung	neg 1.0		__DUMMY__ 0.4839858398553419 neg 0.2908528541831344 off 0.2251613059615239	false	1.0
unqualifiziert	neg 1.0		__DUMMY__ 0.4825884120964571 neg 0.2843561148504562 off 0.23305547305308671	false	1.0
abgewichst	off 1.0		__DUMMY__ 0.4839353406601885 neg 0.286096026614638 off 0.2299686327251735	false	0.5
schwer	neg 1.0		__DUMMY__ 0.48590446568341883 neg 0.28348833687783226 off 0.23060719743874886	false	1.0
bedeutungslosigkeit	neg 1.0		__DUMMY__ 0.48344637132049445 neg 0.2908615206575857 off 0.22569210802191975	false	1.0
kapitulation	neg 1.0		__DUMMY__ 0.480125924379748 neg 0.2927383647680531 off 0.22713571085219897	false	1.0
unscharf	neg 1.0		__DUMMY__ 0.48542206227222906 neg 0.2799999015517585 off 0.23457803617601233	false	1.0
schwinden	neg 1.0		__DUMMY__ 0.48587195785702547 neg 0.28729326221401513 off 0.22683477992895937	false	1.0
versklavung	neg 1.0	neg 1.0	neg 0.6339722282000895 __DUMMY__ 0.23467608873941576 off 0.13135168306049483	false	1.0
schlecht	neg 1.0		__DUMMY__ 0.48458099438233926 neg 0.27808883454397004 off 0.23733017107369073	false	1.0
verhasst	neg 1.0		__DUMMY__ 0.48238118544028386 neg 0.2869463119162469 off 0.2306725026434694	false	1.0
beschweren	neg 1.0		__DUMMY__ 0.4852905430567035 neg 0.2819469953247804 off 0.23276246161851605	false	1.0
scheiden	neg 1.0		__DUMMY__ 0.48488261328548377 neg 0.28492154487546756 off 0.23019584183904865	false	1.0
frustriert	neg 1.0		__DUMMY__ 0.48543464860199537 neg 0.2850973532643838 off 0.2294679981336209	false	1.0
schimmelig	neg 1.0		__DUMMY__ 0.48638572608301506 neg 0.2853811588421409 off 0.22823311507484395	false	1.0
fisch	neg 1.0		__DUMMY__ 0.48606985692695814 neg 0.28555143985133324 off 0.22837870322170847	false	1.0
schmuggel	neg 1.0		__DUMMY__ 0.4871590762814627 neg 0.2862787968682351 off 0.2265621268503022	false	1.0
auffallen	neg 1.0		__DUMMY__ 0.48491528130587563 neg 0.28187170630720715 off 0.2332130123869173	false	1.0
konkurrenz	neg 1.0		__DUMMY__ 0.48684838477181275 neg 0.28753027812647936 off 0.22562133710170784	false	1.0
teufelskreis	neg 1.0		__DUMMY__ 0.48431730183296245 neg 0.28621910862431443 off 0.2294635895427231	false	1.0
aufschreien	neg 1.0		__DUMMY__ 0.48284873121632477 neg 0.28452908360991 off 0.2326221851737651	false	1.0
schuldner	neg 1.0		__DUMMY__ 0.4834809808683204 neg 0.28961836208293507 off 0.22690065704874457	false	1.0
missgeburt	off 1.0	off 1.0	off 0.6078305369127198 __DUMMY__ 0.23436224577313636 neg 0.1578072173141438	false	1.0
arbeitslos	neg 1.0		__DUMMY__ 0.4839147322231964 neg 0.2878545213268926 off 0.22823074644991112	false	1.0
befallen	neg 1.0		__DUMMY__ 0.48040436767887135 neg 0.29205539997213387 off 0.22754023234899481	false	1.0
miesepetrig	off 1.0		__DUMMY__ 0.485560643873647 neg 0.2771860838071405 off 0.2372532723192125	false	0.5
alarmieren	neg 1.0		__DUMMY__ 0.48176651282766686 neg 0.282356551553539 off 0.23587693561879414	false	1.0
ungeduscht	off 1.0		__DUMMY__ 0.485612360961735 neg 0.27966750194747375 off 0.23472013709079126	false	0.5
knappheit	neg 1.0		__DUMMY__ 0.485134826257688 neg 0.2856322987192082 off 0.2292328750231038	false	1.0
schlange	neg 1.0		__DUMMY__ 0.48678722374160716 neg 0.28026336192568996 off 0.23294941433270278	false	1.0
harsch	neg 1.0		__DUMMY__ 0.48402028141902226 neg 0.27208654959039796 off 0.24389316899057978	false	1.0
lang	neg 1.0		__DUMMY__ 0.4849896456227804 neg 0.28242345165295046 off 0.2325869027242691	false	1.0
ziellos	neg 1.0		__DUMMY__ 0.48606171001885434 neg 0.2857392056135168 off 0.22819908436762884	false	1.0
selbstverliebt	neg 1.0		__DUMMY__ 0.4770478770179657 neg 0.27576358073599694 off 0.2471885422460373	false	1.0
beseitigen	neg 1.0		__DUMMY__ 0.4868676298033147 neg 0.28029056577628203 off 0.23284180442040323	false	1.0
dumm	off 1.0		__DUMMY__ 0.4807946838429221 neg 0.27662403675441066 off 0.24258127940266713	false	0.5
arbeitsloser	neg 1.0		__DUMMY__ 0.48409794282802987 neg 0.2885533185726452 off 0.22734873859932492	false	1.0
blitzen	neg 1.0		__DUMMY__ 0.48357101527358054 neg 0.2814613291711219 off 0.23496765555529747	false	1.0
hilflos	neg 1.0		__DUMMY__ 0.48541872911275735 neg 0.2855696857032867 off 0.22901158518395592	false	1.0
eklig	off 1.0		__DUMMY__ 0.4806044045785071 neg 0.27575983827170913 off 0.24363575714978364	false	0.5
begriff			__DUMMY__ 0.48440183601154324 neg 0.2863697969340091 off 0.22922836705444755	false	0.0
hungersnot	neg 1.0		__DUMMY__ 0.4794995406406482 neg 0.2910414685584669 off 0.22945899080088492	false	1.0
ungesetzlich	neg 1.0		__DUMMY__ 0.47968516923268256 neg 0.2875595030756474 off 0.23275532769167012	false	1.0
verschwendung	neg 1.0		__DUMMY__ 0.48548606604920935 neg 0.28832811188443425 off 0.2261858220663564	false	1.0
schmerzvoll	neg 1.0		__DUMMY__ 0.48537907628636934 neg 0.28184623371693 off 0.2327746899967007	false	1.0
vorzeitig	neg 1.0		__DUMMY__ 0.4838247148505718 neg 0.27925871545895986 off 0.23691656969046837	false	1.0
unvollkommenheit	neg 1.0		__DUMMY__ 0.48467159275107746 neg 0.28406168700713147 off 0.23126672024179093	false	1.0
intervenieren	neg 1.0		__DUMMY__ 0.4822483028284176 neg 0.2915923463165604 off 0.2261593508550221	false	1.0
banause	off 1.0		__DUMMY__ 0.47980170357465957 neg 0.27516892679651594 off 0.24502936962882446	false	0.5
rebell	neg 1.0		__DUMMY__ 0.4872893403963618 neg 0.2868003355675201 off 0.225910324036118	false	1.0
unlogisch	neg 1.0		__DUMMY__ 0.48190554078992226 neg 0.2790822532514636 off 0.23901220595861405	false	1.0
leiden	neg 1.0	neg 1.0	neg 0.6291600466958548 __DUMMY__ 0.2416890159443899 off 0.12915093735975539	false	1.0
abschaffung	neg 1.0		__DUMMY__ 0.48234929165777246 neg 0.2859590075363143 off 0.23169170080591328	false	1.0
sturz	neg 1.0		__DUMMY__ 0.4818610982364545 neg 0.28600033763947524 off 0.23213856412407022	false	1.0
verkleinerung	neg 1.0		__DUMMY__ 0.48088770729525604 neg 0.28436429653498657 off 0.23474799616975725	false	1.0
schmarotzer	off 1.0		__DUMMY__ 0.4827226561839299 neg 0.28986239639372435 off 0.22741494742234586	false	0.5
bestrafung	neg 1.0		__DUMMY__ 0.48322938539849786 neg 0.2849982912283899 off 0.2317723233731123	false	1.0
achtlos	neg 1.0		__DUMMY__ 0.4862824004254111 neg 0.2830557607212776 off 0.23066183885331126	false	1.0
ungeheuer	neg 1.0		__DUMMY__ 0.48358318958073454 neg 0.2833527448841393 off 0.23306406553512607	false	1.0
unaufrichtig	neg 1.0		__DUMMY__ 0.4807729291136552 neg 0.2857387061576652 off 0.23348836472867945	false	1.0
groggy	neg 1.0		__DUMMY__ 0.48321894557284883 neg 0.28211442079166454 off 0.23466663363548676	false	1.0
verletzlich	neg 1.0		__DUMMY__ 0.4830765356699448 neg 0.279824862243318 off 0.23709860208673716	false	1.0
