unsolidarisch	neg 1.0		neg 0.36965592978023737 __DUMMY__ 0.3369133564133567 off 0.293430713806406	false	1.0
nachteilig	neg 1.0		neg 0.3655263107635858 __DUMMY__ 0.3418742551232873 off 0.2925994341131269	false	1.0
skeptisch	neg 1.0		neg 0.36784750449762604 __DUMMY__ 0.3425031799992189 off 0.28964931550315487	false	1.0
schrecklich	neg 1.0		neg 0.3557167971670979 __DUMMY__ 0.34001243478437204 off 0.30427076804853004	false	1.0
schlapp	neg 1.0		neg 0.3563708497417877 __DUMMY__ 0.3427212284129585 off 0.3009079218452539	false	1.0
abfall	neg 1.0		neg 0.368680868359412 __DUMMY__ 0.34315641703866484 off 0.2881627146019231	false	1.0
widerspenstig	neg 1.0		neg 0.36097698009055584 __DUMMY__ 0.3432395457926547 off 0.29578347411678957	false	1.0
abrupt	neg 1.0		neg 0.36060293960439505 __DUMMY__ 0.3444063974615504 off 0.2949906629340546	false	1.0
unwirksam	neg 1.0		neg 0.36606736588785915 __DUMMY__ 0.33891406667073753 off 0.29501856744140315	false	1.0
angreifen	neg 1.0		neg 0.3681854066920995 __DUMMY__ 0.3413049482253338 off 0.29050964508256666	false	1.0
inkonsistent	neg 1.0		neg 0.36105019726847737 __DUMMY__ 0.34106281965831614 off 0.29788698307320655	false	1.0
abrutschen	neg 1.0		neg 0.3680642571719024 __DUMMY__ 0.3434895338023996 off 0.28844620902569806	false	1.0
unsicher	neg 1.0		neg 0.36198448130760974 __DUMMY__ 0.34245998461696237 off 0.29555553407542795	false	1.0
bauernkind	off 1.0		neg 0.35551683737719425 __DUMMY__ 0.3374911654549626 off 0.30699199716784314	false	0.5
angreifer	neg 1.0		neg 0.36236208631731187 __DUMMY__ 0.3395780566252689 off 0.29805985705741933	false	1.0
trennen	neg 1.0		neg 0.36397408277188587 __DUMMY__ 0.3444942600743931 off 0.29153165715372104	false	1.0
schmutz	neg 1.0		neg 0.3524705149155439 __DUMMY__ 0.3444533958792672 off 0.30307608920518886	false	1.0
inkonsistenz	neg 1.0	neg 1.0	neg 0.670617697423392 __DUMMY__ 0.1648104817597026 off 0.16457182081690547	false	1.0
erschreckend	neg 1.0		neg 0.36536420725146557 __DUMMY__ 0.3411876391945131 off 0.29344815355402143	false	1.0
ertrinken	neg 1.0		neg 0.3648576346490417 __DUMMY__ 0.3430639656865449 off 0.2920783996644133	false	1.0
pickelface	off 1.0		neg 0.36422011821113226 __DUMMY__ 0.3401356100861539 off 0.29564427170271385	false	0.5
seiner			neg 0.3671922116222972 __DUMMY__ 0.34208607545997344 off 0.29072171291772936	false	0.0
lauch	neg 1.0		neg 0.3673342970619191 __DUMMY__ 0.3429380879201342 off 0.2897276150179467	false	1.0
unwichtig	neg 1.0		neg 0.35925382665954053 __DUMMY__ 0.34084146124959847 off 0.29990471209086095	false	1.0
steuerhinterziehung	neg 1.0		neg 0.3678266213226243 __DUMMY__ 0.33894700840492936 off 0.29322637027244614	false	1.0
schock	neg 1.0		neg 0.3613886012277154 __DUMMY__ 0.3440171726520102 off 0.2945942261202743	false	1.0
beule	neg 1.0		neg 0.35547399139291536 __DUMMY__ 0.3422970324310056 off 0.30222897617607886	false	1.0
vergelten	neg 1.0		neg 0.3563878411066866 __DUMMY__ 0.33838483163758154 off 0.30522732725573193	false	1.0
verdorbenheit	neg 1.0		neg 0.35907792987935067 __DUMMY__ 0.343152425726176 off 0.29776964439447334	false	1.0
trauma	neg 1.0		neg 0.3616342774135494 __DUMMY__ 0.34122266433563525 off 0.2971430582508154	false	1.0
sinnlos	neg 1.0		neg 0.3611773061832944 __DUMMY__ 0.3413689112605706 off 0.297453782556135	false	1.0
fettsack	off 1.0	off 1.0	off 0.6393704674976312 neg 0.1962324479837598 __DUMMY__ 0.16439708451860907	false	1.0
feige	off 1.0		neg 0.36229040694570086 __DUMMY__ 0.33923203145606395 off 0.2984775615982352	false	0.5
abdanken	neg 1.0		neg 0.37044421073468986 __DUMMY__ 0.3372392962697136 off 0.29231649299559653	false	1.0
wichtigtuer	off 1.0	off 1.0	off 0.6336508433891929 neg 0.20152594331366738 __DUMMY__ 0.16482321329713973	false	1.0
misslingen	neg 1.0		neg 0.3590227766816906 __DUMMY__ 0.34276073609467433 off 0.29821648722363503	false	1.0
untreu	off 1.0		neg 0.35871772482868075 __DUMMY__ 0.34065100311836544 off 0.30063127205295376	false	0.5
missmutig	neg 1.0		neg 0.35831404668253797 __DUMMY__ 0.341990927760047 off 0.2996950255574151	false	1.0
hurenbock	off 1.0		neg 0.3579127145446183 __DUMMY__ 0.3437360874853593 off 0.29835119797002235	false	0.5
betrunken	neg 1.0		neg 0.3556285336973634 __DUMMY__ 0.3415242043531782 off 0.30284726194945844	false	1.0
korrupt	off 1.0		neg 0.37054084003286253 __DUMMY__ 0.33830971656570863 off 0.29114944340142884	false	0.5
unmut	neg 1.0		neg 0.36957523148112625 __DUMMY__ 0.34203132805428366 off 0.28839344046459015	false	1.0
hackfresse	off 1.0		neg 0.35321187819328814 __DUMMY__ 0.33909056134855386 off 0.3076975604581581	false	0.5
aufblasen	neg 1.0		neg 0.359514694670543 __DUMMY__ 0.34301992658077546 off 0.2974653787486815	false	1.0
gewaltsam	neg 1.0		neg 0.3652045214633936 __DUMMY__ 0.33930050370658954 off 0.2954949748300168	false	1.0
unbeliebtheit	neg 1.0		neg 0.3639815781847884 __DUMMY__ 0.3359827176013566 off 0.3000357042138549	false	1.0
sturheit	neg 1.0		neg 0.36731754749858325 __DUMMY__ 0.3398163622706509 off 0.2928660902307659	false	1.0
kuh	neg 1.0		neg 0.3617589538787201 __DUMMY__ 0.34102250932603434 off 0.29721853679524557	false	1.0
erschrecken	neg 1.0		neg 0.3590743718991813 __DUMMY__ 0.3417216442926197 off 0.29920398380819896	false	1.0
opfer	neg 1.0	neg 1.0	neg 0.6733478131264905 __DUMMY__ 0.1658118112495629 off 0.1608403756239467	false	1.0
sinken	neg 1.0		neg 0.3680399636890843 __DUMMY__ 0.3424353746672302 off 0.2895246616436855	false	1.0
stinktier	neg 1.0		neg 0.3563915075894918 __DUMMY__ 0.33912783701754917 off 0.3044806553929591	false	1.0
tucke	off 1.0		neg 0.35108046413872185 __DUMMY__ 0.3399709497944511 off 0.3089485860668271	false	0.5
ein			neg 0.35846188606684715 __DUMMY__ 0.3442231975683753 off 0.29731491636477747	false	0.0
abstieg	neg 1.0		neg 0.3672630367685153 __DUMMY__ 0.3401383012666697 off 0.2925986619648151	false	1.0
missverstehen	neg 1.0		neg 0.3637743907588483 __DUMMY__ 0.33979607987616905 off 0.29642952936498257	false	1.0
ergebnislos	neg 1.0		neg 0.36666533005571544 __DUMMY__ 0.3408593987980638 off 0.29247527114622063	false	1.0
unter			neg 0.36703107316957656 __DUMMY__ 0.34675978552039594 off 0.28620914131002756	false	0.0
manipulieren	neg 1.0		neg 0.3676781221771602 __DUMMY__ 0.34172188525529196 off 0.29059999256754776	false	1.0
unbewiesen	neg 1.0		neg 0.3693040720724613 __DUMMY__ 0.33722488400418743 off 0.2934710439233513	false	1.0
verschleppen	neg 1.0		neg 0.36765623950359977 __DUMMY__ 0.340387530667626 off 0.2919562298287743	false	1.0
weib	off 1.0		neg 0.35254772069507645 __DUMMY__ 0.33852394918729006 off 0.30892833011763343	false	0.5
opposition	neg 1.0		neg 0.3655308948813932 __DUMMY__ 0.33853479139983933 off 0.2959343137187676	false	1.0
verkehrswidrig	neg 1.0		neg 0.3521067153163436 __DUMMY__ 0.34106451039402774 off 0.30682877428962874	false	1.0
inkorrekt	neg 1.0		neg 0.3632454424503573 __DUMMY__ 0.33741865345370964 off 0.299335904095933	false	1.0
vermeiden	neg 1.0		neg 0.36632024052292345 __DUMMY__ 0.3453945236013575 off 0.2882852358757191	false	1.0
abweichung	neg 1.0		neg 0.3685390075543405 __DUMMY__ 0.3395588424252035 off 0.29190215002045605	false	1.0
alkoholisiert	neg 1.0		neg 0.3622753924908804 __DUMMY__ 0.34358307834571816 off 0.29414152916340136	false	1.0
scheiss	off 1.0	off 1.0	off 0.6372067550331085 neg 0.19698964686653544 __DUMMY__ 0.16580359810035616	false	1.0
herausforderung	neg 1.0		neg 0.35988162504989774 __DUMMY__ 0.34537835684954815 off 0.294740018100554	false	1.0
pervers	off 1.0		neg 0.3502323193284332 __DUMMY__ 0.33801349178935525 off 0.31175418888221174	false	0.5
wackelig	neg 1.0		neg 0.3602420403896713 __DUMMY__ 0.34520465858165333 off 0.2945533010286753	false	1.0
verwickeln	neg 1.0		neg 0.3628975865392475 __DUMMY__ 0.340557412037439 off 0.29654500142331364	false	1.0
vorwand	neg 1.0		neg 0.36987009155901573 __DUMMY__ 0.3412688352768619 off 0.2888610731641224	false	1.0
muschi	off 1.0		neg 0.365209196571811 __DUMMY__ 0.33987550114952825 off 0.2949153022786609	false	0.5
entmutigung	neg 1.0		neg 0.36948012535624725 __DUMMY__ 0.3354742578947048 off 0.2950456167490479	false	1.0
unangemessen	neg 1.0		neg 0.36869793582355986 __DUMMY__ 0.33974290029061655 off 0.2915591638858236	false	1.0
unstetig	neg 1.0		neg 0.36014532646076103 __DUMMY__ 0.3405525450243493 off 0.29930212851488963	false	1.0
entmutigen	neg 1.0		neg 0.3614167967390958 __DUMMY__ 0.34197837574808937 off 0.2966048275128148	false	1.0
schwanz	neg 1.0		neg 0.365020784515396 __DUMMY__ 0.3415863903159175 off 0.2933928251686866	false	1.0
verbot	neg 1.0		neg 0.3687164945718275 __DUMMY__ 0.3390209311368729 off 0.29226257429129965	false	1.0
leid	neg 1.0		neg 0.35433194650133826 __DUMMY__ 0.3397078352078658 off 0.305960218290796	false	1.0
archaisch	neg 1.0		neg 0.3675344399174649 __DUMMY__ 0.34011618428499085 off 0.29234937579754433	false	1.0
gegen			neg 0.3703716570731598 __DUMMY__ 0.3406275293444866 off 0.28900081358235363	false	0.0
scheidung	neg 1.0	neg 1.0	neg 0.6578412634507521 off 0.1775997606716964 __DUMMY__ 0.16455897587755156	false	1.0
einschlag	neg 1.0		neg 0.356379736527142 __DUMMY__ 0.33884959177712676 off 0.30477067169573135	false	1.0
m			neg 0.36238229147058887 __DUMMY__ 0.34294549757561577 off 0.29467221095379525	false	0.0
abgestanden	neg 1.0		neg 0.35958814097612884 __DUMMY__ 0.34366931122479605 off 0.2967425477990751	false	1.0
schmierig	off 1.0		neg 0.35446307762502016 __DUMMY__ 0.34045109946662905 off 0.3050858229083508	false	0.5
unpraktisch	neg 1.0		neg 0.3588135813804725 __DUMMY__ 0.34347095951419104 off 0.29771545910533637	false	1.0
wixxer	off 1.0		neg 0.35142099519227255 __DUMMY__ 0.33711943538110595 off 0.31145956942662134	false	0.5
bezeichnet			neg 0.3665017912348441 __DUMMY__ 0.3400050037125476 off 0.29349320505260823	false	0.0
jammerlappen	off 1.0		neg 0.35961496369388135 __DUMMY__ 0.34068744076875374 off 0.299697595537365	false	0.5
farce	neg 1.0		neg 0.3713112410056419 __DUMMY__ 0.3370759417106557 off 0.2916128172837025	false	1.0
zwecklos	neg 1.0		neg 0.3678994631896097 __DUMMY__ 0.34050218304711943 off 0.29159835376327076	false	1.0
turbulent	neg 1.0		neg 0.357023861842593 __DUMMY__ 0.33934753941044604 off 0.303628598746961	false	1.0
invasion	neg 1.0		neg 0.35844334125458294 __DUMMY__ 0.3421963574573319 off 0.29936030128808516	false	1.0
schuld	neg 1.0		neg 0.3633263654206984 __DUMMY__ 0.34095695260466863 off 0.2957166819746329	false	1.0
risiko	neg 1.0		neg 0.35615169371744027 __DUMMY__ 0.3434542335130446 off 0.30039407276951513	false	1.0
finster	neg 1.0		neg 0.3591418227922295 __DUMMY__ 0.34382634928160194 off 0.29703182792616845	false	1.0
geisteskrank	off 1.0		neg 0.36142380081308306 __DUMMY__ 0.33829972696349325 off 0.30027647222342374	false	0.5
zusammenbrechen	neg 1.0		neg 0.362878426290954 __DUMMY__ 0.34287540383028897 off 0.29424616987875696	false	1.0
ausbeute	neg 1.0		neg 0.3625848816847509 __DUMMY__ 0.3438476297329015 off 0.2935674885823475	false	1.0
hinterhalt	neg 1.0		neg 0.3631125355417874 __DUMMY__ 0.3407504990881193 off 0.2961369653700932	false	1.0
kritik	neg 1.0		neg 0.3699937353812986 __DUMMY__ 0.33792189060487027 off 0.2920843740138311	false	1.0
einschrumpfen	neg 1.0		neg 0.3636055936570871 __DUMMY__ 0.3382609298610147 off 0.29813347648189814	false	1.0
riskant	neg 1.0		neg 0.3664519327400092 __DUMMY__ 0.34225866599545124 off 0.2912894012645394	false	1.0
frustrieren	neg 1.0		neg 0.3673545601627299 __DUMMY__ 0.34172975776190356 off 0.2909156820753665	false	1.0
groll	neg 1.0		neg 0.3675158609115844 __DUMMY__ 0.34060642071702835 off 0.29187771837138715	false	1.0
gibt			neg 0.3647684011180772 __DUMMY__ 0.34197499390690766 off 0.29325660497501516	false	0.0
qualvoll	neg 1.0		neg 0.35994541061537555 __DUMMY__ 0.3420041747522072 off 0.29805041463241727	false	1.0
wackeln	neg 1.0		neg 0.3589005445242386 __DUMMY__ 0.34384389369538054 off 0.2972555617803808	false	1.0
klagen	neg 1.0		neg 0.37021687409071186 __DUMMY__ 0.34107234877049286 off 0.2887107771387953	false	1.0
bankrott	neg 1.0		neg 0.35732659161513314 __DUMMY__ 0.3417705939241083 off 0.30090281446075856	false	1.0
trauern	neg 1.0		neg 0.3674039922403509 __DUMMY__ 0.34155546599986636 off 0.2910405417597828	false	1.0
ablehnung	neg 1.0	neg 1.0	neg 0.6742841752975068 __DUMMY__ 0.16423150065496162 off 0.16148432404753166	false	1.0
stur	neg 1.0		neg 0.3625501357114108 __DUMMY__ 0.3411661271799802 off 0.29628373710860884	false	1.0
aufruhr	neg 1.0		neg 0.36690832680773844 __DUMMY__ 0.3386383638265248 off 0.2944533093657368	false	1.0
melancholie	neg 1.0		neg 0.3619992079122465 __DUMMY__ 0.3440384330033671 off 0.2939623590843865	false	1.0
ist			neg 0.36237821602280507 __DUMMY__ 0.34112435533608465 off 0.29649742864111034	false	0.0
torheit	neg 1.0		neg 0.3685724219358328 __DUMMY__ 0.3372376522605824 off 0.2941899258035849	false	1.0
dreckskind	off 1.0		neg 0.35762070941346225 __DUMMY__ 0.33693762275566647 off 0.30544166783087123	false	0.5
umtauschen	neg 1.0		neg 0.36068893262543955 __DUMMY__ 0.3434221827022119 off 0.29588888467234853	false	1.0
zum			neg 0.363665690878496 __DUMMY__ 0.3467654420801488 off 0.2895688670413552	false	0.0
zersetzen	neg 1.0		neg 0.3688036439504562 __DUMMY__ 0.3414192967254463 off 0.28977705932409753	false	1.0
zur			neg 0.3699527500363713 __DUMMY__ 0.3429490622940917 off 0.2870981876695369	false	0.0
frust	neg 1.0		neg 0.3642574568793483 __DUMMY__ 0.3422246500659724 off 0.2935178930546793	false	1.0
unerbittlichkeit	neg 1.0		neg 0.3685687006320534 __DUMMY__ 0.3409500461979732 off 0.2904812531699734	false	1.0
zwei			neg 0.36401604202707416 __DUMMY__ 0.34536292283713016 off 0.29062103513579557	false	0.0
unkorrekt	neg 1.0		neg 0.3619611225203585 __DUMMY__ 0.33771434485229007 off 0.3003245326273512	false	1.0
hexe	off 1.0		neg 0.3578957255677497 __DUMMY__ 0.34115451104857397 off 0.30094976338367624	false	0.5
lasch	neg 1.0		neg 0.3630864621529273 __DUMMY__ 0.33939491023584767 off 0.29751862761122505	false	1.0
rivale	neg 1.0		neg 0.3561072990243466 __DUMMY__ 0.3393587853118914 off 0.30453391566376203	false	1.0
mutlos	off 1.0	off 1.0	off 0.6307643665141771 neg 0.20414859745034714 __DUMMY__ 0.1650870360354757	false	1.0
wirr	off 1.0		neg 0.3593001234879581 __DUMMY__ 0.33820138424043494 off 0.30249849227160697	false	0.5
jahr			neg 0.3621302349640241 __DUMMY__ 0.3448818777177763 off 0.2929878873181997	false	0.0
wird			neg 0.36598243434924643 __DUMMY__ 0.3421334437917833 off 0.29188412185897034	false	0.0
strafbar	neg 1.0		neg 0.37026630457182735 __DUMMY__ 0.3396629306614592 off 0.29007076476671356	false	1.0
erosion	neg 1.0		neg 0.35972076892515037 __DUMMY__ 0.3425755282770004 off 0.29770370279784925	false	1.0
eingehen	neg 1.0		neg 0.36756154438529703 __DUMMY__ 0.3409517034429813 off 0.2914867521717217	false	1.0
faul	off 1.0		neg 0.3560045406916561 __DUMMY__ 0.34306375981397436 off 0.3009316994943695	false	0.5
provisorium	neg 1.0		neg 0.3693212773225023 __DUMMY__ 0.3456920558233969 off 0.28498666685410085	false	1.0
schmerzen	neg 1.0		neg 0.3623520865520923 __DUMMY__ 0.3429481576779912 off 0.29469975576991664	false	1.0
schrumpfen	neg 1.0		neg 0.36943629827369845 __DUMMY__ 0.34351926883335826 off 0.2870444328929432	false	1.0
geistlos	off 1.0		neg 0.36704874794482134 __DUMMY__ 0.3370693785203199 off 0.29588187353485884	false	0.5
fehlkauf	neg 1.0		neg 0.3623561236123339 __DUMMY__ 0.3399311121439466 off 0.29771276424371956	false	1.0
frustrierend	neg 1.0		neg 0.35903771597347517 __DUMMY__ 0.34176301404660525 off 0.2991992699799197	false	1.0
unzufrieden	neg 1.0		neg 0.3661637687763841 __DUMMY__ 0.34153056745742144 off 0.2923056637661943	false	1.0
verzweifeln	neg 1.0		neg 0.3629298074532836 __DUMMY__ 0.3423092015336053 off 0.2947609910131111	false	1.0
verzweifelt	neg 1.0		neg 0.36249605674099405 __DUMMY__ 0.3412758463029327 off 0.2962280969560732	false	1.0
misstrauensantrag	neg 1.0		neg 0.3624138334263758 __DUMMY__ 0.33984423418133397 off 0.29774193239229035	false	1.0
abfallen	neg 1.0		neg 0.35789655349595856 __DUMMY__ 0.34436022489212836 off 0.29774322161191313	false	1.0
fucker	off 1.0		neg 0.35800414872107333 __DUMMY__ 0.3391386279879305 off 0.30285722329099607	false	0.5
ungezogen	neg 1.0		neg 0.3512735005392664 __DUMMY__ 0.33916891126234033 off 0.30955758819839324	false	1.0
irrsinnig	neg 1.0	neg 1.0	neg 0.6713636157534392 __DUMMY__ 0.1654024739865392 off 0.1632339102600216	false	1.0
unfassbar	neg 1.0		neg 0.35902404374347435 __DUMMY__ 0.3406790412700015 off 0.3002969149865242	false	1.0
hart	neg 1.0		neg 0.35951887801671945 __DUMMY__ 0.3400430185337251 off 0.3004381034495556	false	1.0
widerlich	off 1.0		neg 0.35990997141481695 __DUMMY__ 0.33949839616037697 off 0.30059163242480613	false	0.5
fatal	neg 1.0		neg 0.3615540840739881 __DUMMY__ 0.3404903138746406 off 0.29795560205137134	false	1.0
bruch	neg 1.0		neg 0.37209495622070743 __DUMMY__ 0.3402476903823326 off 0.2876573533969601	false	1.0
aushungern	neg 1.0		neg 0.36765202102531125 __DUMMY__ 0.33844585075601036 off 0.29390212821867856	false	1.0
anspannung	neg 1.0		neg 0.3663884741441513 __DUMMY__ 0.3444553549031806 off 0.28915617095266805	false	1.0
von			neg 0.36405032675084265 __DUMMY__ 0.3443982945999286 off 0.2915513786492289	false	0.0
kraftlos	neg 1.0		neg 0.3617448175891964 __DUMMY__ 0.34451243595472175 off 0.29374274645608184	false	1.0
vom			neg 0.3672182391205945 __DUMMY__ 0.34619521573618595 off 0.28658654514321974	false	0.0
grenzdebil	off 1.0		neg 0.35698795511192033 __DUMMY__ 0.34114996325833474 off 0.30186208162974487	false	0.5
vor			neg 0.3665261521397466 __DUMMY__ 0.3436463038770172 off 0.2898275439832362	false	0.0
unterwerfen	neg 1.0		neg 0.3684704860817436 __DUMMY__ 0.3406346105298314 off 0.2908949033884251	false	1.0
versenkung	neg 1.0		neg 0.3671782857996924 __DUMMY__ 0.3417822670857414 off 0.2910394471145663	false	1.0
entziehen	neg 1.0		neg 0.3699525274023396 __DUMMY__ 0.34159995566765783 off 0.28844751693000265	false	1.0
finanzkrise	neg 1.0		neg 0.367681818321132 __DUMMY__ 0.3386189188029852 off 0.29369926287588277	false	1.0
schimpfend	neg 1.0		neg 0.3563323164378963 __DUMMY__ 0.3447741160724622 off 0.2988935674896416	false	1.0
profan	neg 1.0		neg 0.36115505122625646 __DUMMY__ 0.34140324765330904 off 0.29744170112043455	false	1.0
korruption	neg 1.0		neg 0.3696576367215629 __DUMMY__ 0.3387482762465076 off 0.29159408703192957	false	1.0
â			neg 0.3638647572568665 __DUMMY__ 0.3426653870677159 off 0.2934698556754175	false	0.0
schmutzig	neg 1.0		neg 0.35564072888629755 __DUMMY__ 0.3423860067385437 off 0.30197326437515887	false	1.0
sexy	neg 1.0		neg 0.3590026491977237 __DUMMY__ 0.34112825403219843 off 0.2998690967700779	false	1.0
abraten	neg 1.0		neg 0.3606145865839711 __DUMMY__ 0.34235197117328736 off 0.2970334422427415	false	1.0
schwarz	neg 1.0		neg 0.3618661160455811 __DUMMY__ 0.3409004762750258 off 0.29723340767939316	false	1.0
fotze	off 1.0		neg 0.3665831099441885 __DUMMY__ 0.3403208132866767 off 0.29309607676913474	false	0.5
verwirren	neg 1.0		neg 0.36048156739549825 __DUMMY__ 0.3412467400343428 off 0.29827169257015895	false	1.0
zahnlos	off 1.0		neg 0.36777867086587757 __DUMMY__ 0.34032820583361884 off 0.2918931233005036	false	0.5
verheeren	neg 1.0		neg 0.3517134186732544 __DUMMY__ 0.3372816594627456 off 0.311004921864	false	1.0
hippie	neg 1.0		neg 0.359743978594808 __DUMMY__ 0.3408247919374281 off 0.29943122946776407	false	1.0
rammen	neg 1.0		neg 0.35865607256289145 __DUMMY__ 0.3422189585225467 off 0.29912496891456186	false	1.0
unlauter	neg 1.0	neg 1.0	neg 0.6702937775989863 __DUMMY__ 0.16522128410962444 off 0.16448493829138916	false	1.0
unheilvoll	neg 1.0		neg 0.3601264416861234 __DUMMY__ 0.3421192514584129 off 0.29775430685546367	false	1.0
niedrig	neg 1.0		neg 0.36487675752634396 __DUMMY__ 0.3421859762965569 off 0.2929372661770991	false	1.0
explosion	neg 1.0		neg 0.35880541724301207 __DUMMY__ 0.341770299159238 off 0.2994242835977498	false	1.0
weichei	off 1.0		neg 0.3541974627859249 __DUMMY__ 0.3392933156822535 off 0.30650922153182164	false	0.5
minusmensch	off 1.0		neg 0.3554862996020918 __DUMMY__ 0.3351965100307684 off 0.3093171903671397	false	0.5
farblos	neg 1.0		neg 0.36235568201301743 __DUMMY__ 0.34119419340433954 off 0.29645012458264297	false	1.0
unwissend	neg 1.0	neg 1.0	neg 0.669261654871428 off 0.16571591508097067 __DUMMY__ 0.16502243004760145	false	1.0
traurig	neg 1.0		neg 0.35545925524421257 __DUMMY__ 0.3409038417920431 off 0.30363690296374446	false	1.0
senkung	neg 1.0		neg 0.3600881971774693 __DUMMY__ 0.3409709079595446 off 0.29894089486298603	false	1.0
ungleich	neg 1.0	neg 1.0	neg 0.6738208238504761 __DUMMY__ 0.16551679288229834 off 0.1606623832672255	false	1.0
heikel	neg 1.0		neg 0.3683058834352 __DUMMY__ 0.34177169180049866 off 0.2899224247643014	false	1.0
drosselung	neg 1.0		neg 0.3544591783861869 __DUMMY__ 0.34121375481108057 off 0.30432706680273247	false	1.0
falsch	neg 1.0		neg 0.3596540935774648 __DUMMY__ 0.34103324721618933 off 0.299312659206346	false	1.0
unzufriedenheit	neg 1.0		neg 0.36891614262854616 __DUMMY__ 0.34149098235876524 off 0.28959287501268843	false	1.0
kurz	neg 1.0		neg 0.36121780693220684 __DUMMY__ 0.34404661304189893 off 0.2947355800258942	false	1.0
unsinnig	neg 1.0		neg 0.3662702374422164 __DUMMY__ 0.3411247248767655 off 0.2926050376810181	false	1.0
penner	off 1.0	off 1.0	off 0.6405109043096425 neg 0.19480661176051753 __DUMMY__ 0.16468248392983986	false	1.0
seicht	neg 1.0		neg 0.35476179533808627 __DUMMY__ 0.3371964551617475 off 0.30804174950016633	false	1.0
dummheit	off 1.0	off 1.0	off 0.63415015949874 neg 0.20097566132076206 __DUMMY__ 0.16487417918049782	false	1.0
unerfreulich	neg 1.0		neg 0.36722533641410354 __DUMMY__ 0.3428344247936749 off 0.28994023879222164	false	1.0
motherfucker	off 1.0	off 1.0	off 0.6375338460047651 neg 0.19775989865117083 __DUMMY__ 0.164706255344064	false	1.0
pikiert	neg 1.0		neg 0.3612190450030856 __DUMMY__ 0.3395965768659208 off 0.2991843781309937	false	1.0
wrack	neg 1.0		neg 0.36423532704179995 __DUMMY__ 0.3423128109406333 off 0.2934518620175668	false	1.0
gangster	neg 1.0		neg 0.3604119746869033 __DUMMY__ 0.34097174246512413 off 0.2986162828479727	false	1.0
krank	neg 1.0		neg 0.3550755266845805 __DUMMY__ 0.3424002766632222 off 0.30252419665219743	false	1.0
reich	neg 1.0		neg 0.36501097029853147 __DUMMY__ 0.3362409882123838 off 0.29874804148908474	false	1.0
gnadenlos	neg 1.0		neg 0.36271434066271 __DUMMY__ 0.3412456410209575 off 0.2960400183163323	false	1.0
niedergeschlagen	neg 1.0		neg 0.36333791048791136 __DUMMY__ 0.34255605205381895 off 0.29410603745826963	false	1.0
terrorisieren	off 1.0	off 1.0	off 0.6309320381136031 neg 0.20318046712907273 __DUMMY__ 0.16588749475732417	false	1.0
sinnlosigkeit	neg 1.0		neg 0.36722350984011776 __DUMMY__ 0.3406406388221786 off 0.29213585133770353	false	1.0
behindern	neg 1.0		neg 0.36158347263352175 __DUMMY__ 0.34263639440062654 off 0.2957801329658517	false	1.0
undemokratisch	neg 1.0		neg 0.3668247889429559 __DUMMY__ 0.33806369873151626 off 0.2951115123255278	false	1.0
wirtschaftskrise	neg 1.0		neg 0.36817591555289064 __DUMMY__ 0.33970984918470154 off 0.29211423526240793	false	1.0
neid	neg 1.0		neg 0.3580569128829618 __DUMMY__ 0.34237840334163827 off 0.2995646837753999	false	1.0
rutschen	neg 1.0		neg 0.362991644565579 __DUMMY__ 0.3470691702529638 off 0.2899391851814573	false	1.0
rezession	neg 1.0		neg 0.3580278132324303 __DUMMY__ 0.33768467679928055 off 0.3042875099682893	false	1.0
fehlgeburt	neg 1.0		neg 0.36429893525919477 __DUMMY__ 0.3404259846418195 off 0.2952750800989858	false	1.0
charakterschwach	off 1.0		neg 0.359813548800574 __DUMMY__ 0.3396655161202576 off 0.30052093507916844	false	0.5
isolation	neg 1.0		neg 0.358121607356829 __DUMMY__ 0.340988017712262 off 0.30089037493090903	false	1.0
ablenkung	neg 1.0		neg 0.36150588767071257 __DUMMY__ 0.34251552066529756 off 0.2959785916639898	false	1.0
pech	neg 1.0		neg 0.3588371003018903 __DUMMY__ 0.34208080930740314 off 0.29908209039070666	false	1.0
vermeidung	neg 1.0		neg 0.3548130715055812 __DUMMY__ 0.3418496568599108 off 0.30333727163450797	false	1.0
dominieren	neg 1.0		neg 0.36422640830227354 __DUMMY__ 0.3416736561676531 off 0.29409993553007346	false	1.0
schwindlig	neg 1.0		neg 0.3571942409100863 __DUMMY__ 0.3433903552275208 off 0.299415403862393	false	1.0
lutscher	neg 1.0		neg 0.35291448828391353 __DUMMY__ 0.337715071383776 off 0.30937044033231054	false	1.0
pflicht	neg 1.0		neg 0.3690679453236365 __DUMMY__ 0.34142484658119776 off 0.2895072080951657	false	1.0
faschist	off 1.0		neg 0.3672054063196295 __DUMMY__ 0.3372056088905371 off 0.2955889847898334	false	0.5
verschleudern	neg 1.0		neg 0.3682213589212421 __DUMMY__ 0.34011011992710416 off 0.2916685211516538	false	1.0
wenn			neg 0.35973331225616106 __DUMMY__ 0.3410256171115987 off 0.2992410706322403	false	0.0
ehebruch	neg 1.0		neg 0.36933110423688864 __DUMMY__ 0.33982306663229206 off 0.2908458291308192	false	1.0
spott	off 1.0		neg 0.36922664081413376 __DUMMY__ 0.3403036474857971 off 0.2904697117000691	false	0.5
trostlosigkeit	neg 1.0		neg 0.372420146135247 __DUMMY__ 0.3391521861610364 off 0.28842766770371664	false	1.0
lutschen	neg 1.0		neg 0.3607663085646158 __DUMMY__ 0.3395894909606126 off 0.2996442004747715	false	1.0
undiszipliniert	neg 1.0		neg 0.3564107351689132 __DUMMY__ 0.34069997887470377 off 0.30288928595638326	false	1.0
kopfschmerz	neg 1.0		neg 0.3620716905924164 __DUMMY__ 0.3426102326125089 off 0.29531807679507466	false	1.0
unvorhergesehen	neg 1.0		neg 0.35935524200143254 __DUMMY__ 0.3452751754873896 off 0.2953695825111778	false	1.0
desinteressiert	neg 1.0		neg 0.35814506196945706 __DUMMY__ 0.33982694585693796 off 0.30202799217360504	false	1.0
armselig	off 1.0		neg 0.3581412086685775 __DUMMY__ 0.3391205360077579 off 0.3027382553236645	false	0.5
desaster	neg 1.0		neg 0.3724944104304312 __DUMMY__ 0.34023718436746175 off 0.287268405202107	false	1.0
tod	neg 1.0		neg 0.37106591434376085 __DUMMY__ 0.3388888399417418 off 0.2900452457144972	false	1.0
herzlos	neg 1.0		neg 0.3553488929863198 __DUMMY__ 0.34047602756951545 off 0.3041750794441649	false	1.0
unwissenheit	neg 1.0		neg 0.36802681615482 __DUMMY__ 0.3401378030858711 off 0.29183538075930887	false	1.0
widersinnig	neg 1.0		neg 0.3697183156364272 __DUMMY__ 0.3381620942911762 off 0.29211959007239646	false	1.0
bedenklich	neg 1.0		neg 0.3677460754843656 __DUMMY__ 0.34140542434318255 off 0.29084850017245195	false	1.0
beanstanden	neg 1.0		neg 0.36887250381275843 __DUMMY__ 0.34178096776485567 off 0.2893465284223858	false	1.0
panisch	neg 1.0	neg 1.0	neg 0.6671966988922502 __DUMMY__ 0.16754609152122388 off 0.1652572095865258	false	1.0
debil	off 1.0		neg 0.37037473969625107 __DUMMY__ 0.34273497727104846 off 0.28689028303270053	false	0.5
abstrich	neg 1.0		neg 0.35717474584925546 __DUMMY__ 0.34494845721933404 off 0.2978767969314105	false	1.0
primitiv	neg 1.0		neg 0.35934957928679295 __DUMMY__ 0.33943487134699707 off 0.30121554936621	false	1.0
abschaum	off 1.0	off 1.0	off 0.6354027478685558 neg 0.20017099044764794 __DUMMY__ 0.16442626168379626	false	1.0
provozieren	neg 1.0		neg 0.3652839098159249 __DUMMY__ 0.3400476255054802 off 0.29466846467859475	false	1.0
tot	neg 1.0		neg 0.3660476588577952 __DUMMY__ 0.3403518414041682 off 0.2936004997380365	false	1.0
instabil	neg 1.0		neg 0.3573906068704139 __DUMMY__ 0.33863587610943036 off 0.30397351702015574	false	1.0
schwuchtel	off 1.0		neg 0.350963989504356 __DUMMY__ 0.33519897499947 off 0.313837035496174	false	0.5
zerren	neg 1.0		neg 0.36384956528808793 __DUMMY__ 0.3423526296649297 off 0.2937978050469826	false	1.0
kinderficker	off 1.0		neg 0.3582103759489632 __DUMMY__ 0.33750569359662047 off 0.3042839304544162	false	0.5
gefahr	neg 1.0		neg 0.3683801841290728 __DUMMY__ 0.34056075678918385 off 0.29105905908174334	false	1.0
rabiat	neg 1.0		neg 0.3637302423281069 __DUMMY__ 0.341251961137368 off 0.29501779653452515	false	1.0
verlangsamung	neg 1.0		neg 0.35371902343400735 __DUMMY__ 0.3379748098375233 off 0.3083061667284693	false	1.0
ausgestorben	neg 1.0		neg 0.36429734130263447 __DUMMY__ 0.3420005468543397 off 0.29370211184302575	false	1.0
anklagen	neg 1.0		neg 0.3662281221412258 __DUMMY__ 0.3398616197766668 off 0.2939102580821073	false	1.0
trott	neg 1.0		neg 0.3620713454719967 __DUMMY__ 0.3422101673131543 off 0.29571848721484895	false	1.0
verminderung	neg 1.0		neg 0.3564015666681151 __DUMMY__ 0.3402905740360207 off 0.303307859295864	false	1.0
nach			neg 0.36519793335812745 __DUMMY__ 0.34580229360935777 off 0.28899977303251484	false	0.0
rost	neg 1.0		neg 0.3537360973292012 __DUMMY__ 0.33790405073584107 off 0.3083598519349576	false	1.0
destruktiv	neg 1.0		neg 0.36739954045514694 __DUMMY__ 0.3395452226921809 off 0.2930552368526722	false	1.0
unzumutbarkeit	neg 1.0		neg 0.3551739988555245 __DUMMY__ 0.34155070448287966 off 0.3032752966615959	false	1.0
labil	off 1.0	off 1.0	off 0.6363360662798588 neg 0.1988429771812883 __DUMMY__ 0.16482095653885273	false	1.0
ziemlich	neg 1.0		neg 0.357698296843489 __DUMMY__ 0.3410640581363017 off 0.3012376450202093	false	1.0
lachnummer	off 1.0		neg 0.36706744977949934 __DUMMY__ 0.33973920427323206 off 0.2931933459472687	false	0.5
oder			neg 0.36091828886664434 __DUMMY__ 0.3430985263309277 off 0.29598318480242797	false	0.0
verfall	neg 1.0		neg 0.3714160197566077 __DUMMY__ 0.34229226687239767 off 0.2862917133709946	false	1.0
ausgrenzung	neg 1.0		neg 0.36599164065227635 __DUMMY__ 0.33809348624372465 off 0.29591487310399894	false	1.0
unordnung	neg 1.0		neg 0.3577262971352718 __DUMMY__ 0.3380668921278739 off 0.30420681073685435	false	1.0
fehlverhalten	neg 1.0		neg 0.3695421535696526 __DUMMY__ 0.34031053171006154 off 0.2901473147202859	false	1.0
eine			neg 0.366844278898728 __DUMMY__ 0.34322451826798983 off 0.2899312028332823	false	0.0
nille	neg 1.0		neg 0.36607466372537323 __DUMMY__ 0.33949404583735276 off 0.29443129043727406	false	1.0
qual	neg 1.0		neg 0.36249907982923013 __DUMMY__ 0.3419962515249608 off 0.2955046686458091	false	1.0
verschwenden	neg 1.0		neg 0.3664226877080736 __DUMMY__ 0.3421309265120359 off 0.2914463857798904	false	1.0
riesig	neg 1.0		neg 0.3622861761897272 __DUMMY__ 0.34260341696110186 off 0.29511040684917084	false	1.0
verurteilen	neg 1.0		neg 0.3686803151890527 __DUMMY__ 0.3395954117082619 off 0.2917242731026854	false	1.0
klischee	neg 1.0	neg 1.0	neg 0.6706270049473125 __DUMMY__ 0.16478347631042883 off 0.1645895187422587	false	1.0
diktatorisch	neg 1.0		neg 0.3684995124770313 __DUMMY__ 0.3370818864506918 off 0.294418601072277	false	1.0
vorhersehbar	neg 1.0		neg 0.36359609800734527 __DUMMY__ 0.33978516260085406 off 0.29661873939180056	false	1.0
sowie			neg 0.3563438722863196 __DUMMY__ 0.3375004059415987 off 0.30615572177208167	false	0.0
stornieren	neg 1.0		neg 0.35811882541317897 __DUMMY__ 0.34275307688304996 off 0.2991280977037709	false	1.0
besteuerung	neg 1.0		neg 0.3623888519591683 __DUMMY__ 0.3408483946432103 off 0.2967627533976213	false	1.0
ungeschminkt	neg 1.0		neg 0.3571431472372185 __DUMMY__ 0.3408546118506693 off 0.3020022409121123	false	1.0
kritisch	neg 1.0		neg 0.36878528821818213 __DUMMY__ 0.34052869089120524 off 0.2906860208906126	false	1.0
schlamperei	off 1.0		neg 0.3683304493082689 __DUMMY__ 0.34032427309752306 off 0.29134527759420803	false	0.5
sucht	neg 1.0	neg 1.0	neg 0.6667143904232837 __DUMMY__ 0.1674302573235393 off 0.16585535225317696	false	1.0
egoistisch	off 1.0		neg 0.35466269339659523 __DUMMY__ 0.33916374317251713 off 0.30617356343088753	false	0.5
ausbeuter	off 1.0		neg 0.3704153982107876 __DUMMY__ 0.3399872502748373 off 0.28959735151437505	false	0.5
arschgeburt	off 1.0		neg 0.3510536701794523 __DUMMY__ 0.33523739813781783 off 0.31370893168272984	false	0.5
schubs	neg 1.0	neg 1.0	neg 0.6700065477909948 __DUMMY__ 0.16746306060567748 off 0.16253039160332775	false	1.0
unsolide	neg 1.0		neg 0.3661304267603741 __DUMMY__ 0.3361004514021622 off 0.29776912183746385	false	1.0
beschwerde	neg 1.0		neg 0.36694909229149214 __DUMMY__ 0.34060832296784127 off 0.29244258474066653	false	1.0
stocken	neg 1.0		neg 0.3652760519907385 __DUMMY__ 0.34203990980857363 off 0.292684038200688	false	1.0
isolieren	neg 1.0		neg 0.3609532630254092 __DUMMY__ 0.34332768079875814 off 0.2957190561758326	false	1.0
unheilbar	neg 1.0		neg 0.36388878018915227 __DUMMY__ 0.34069282735429024 off 0.29541839245655754	false	1.0
pisser	off 1.0		neg 0.3576661610917991 __DUMMY__ 0.3385562365764338 off 0.30377760233176726	false	0.5
löschen	neg 1.0		neg 0.3626453139983993 __DUMMY__ 0.34095269313876914 off 0.29640199286283153	false	1.0
durchfallen	neg 1.0		neg 0.36674060361361105 __DUMMY__ 0.3416353962642012 off 0.29162400012218787	false	1.0
wichser	off 1.0		neg 0.35131616313742225 __DUMMY__ 0.3379232963731945 off 0.3107605404893833	false	0.5
terror	neg 1.0		neg 0.3573562935678123 __DUMMY__ 0.34239585678046053 off 0.3002478496517272	false	1.0
krass	neg 1.0		neg 0.3550579260547466 __DUMMY__ 0.3402864106066769 off 0.3046556633385764	false	1.0
revolte	neg 1.0	neg 1.0	neg 0.6732041914712752 off 0.16374744659567814 __DUMMY__ 0.16304836193304664	false	1.0
besorgt	neg 1.0		neg 0.36150813508659035 __DUMMY__ 0.3438627986451744 off 0.2946290662682354	false	1.0
nachlassen	neg 1.0		neg 0.3621120138325979 __DUMMY__ 0.3435789316478107 off 0.29430905451959133	false	1.0
alt	neg 1.0		neg 0.3634895810696681 __DUMMY__ 0.3440714309440884 off 0.29243898798624357	false	1.0
hundesohn	off 1.0		neg 0.35475047297584095 __DUMMY__ 0.3362709581998528 off 0.3089785688243062	false	0.5
als			neg 0.36412655696866475 __DUMMY__ 0.34272202771449695 off 0.29315141531683825	false	0.0
abschreckung	neg 1.0		neg 0.37012829019756294 __DUMMY__ 0.3408421805443029 off 0.28902952925813413	false	1.0
unqualifiziert	neg 1.0		neg 0.36315033653294354 __DUMMY__ 0.33983310271836153 off 0.2970165607486949	false	1.0
abgewichst	off 1.0		neg 0.3651490413077967 __DUMMY__ 0.340815929606313 off 0.2940350290858903	false	0.5
schwer	neg 1.0		neg 0.36277900130264573 __DUMMY__ 0.3422602847030841 off 0.2949607139942701	false	1.0
bedeutungslosigkeit	neg 1.0		neg 0.3700281087523998 __DUMMY__ 0.3404626638086792 off 0.28950922743892116	false	1.0
kapitulation	neg 1.0		neg 0.3714161809876414 __DUMMY__ 0.33803836338895205 off 0.2905454556234065	false	1.0
unscharf	neg 1.0		neg 0.35905605188561335 __DUMMY__ 0.3418702787836312 off 0.2990736693307554	false	1.0
schwinden	neg 1.0		neg 0.36675162999604105 __DUMMY__ 0.342207194750695 off 0.29104117525326406	false	1.0
versklavung	neg 1.0	neg 1.0	neg 0.6729925498851056 __DUMMY__ 0.16404013641640172 off 0.1629673136984926	false	1.0
schlecht	neg 1.0		neg 0.35696764411922083 __DUMMY__ 0.34129648255452794 off 0.3017358733262512	false	1.0
verhasst	neg 1.0		neg 0.3657740045502791 __DUMMY__ 0.33969356235775483 off 0.29453243309196603	false	1.0
beschweren	neg 1.0		neg 0.3610837273472616 __DUMMY__ 0.34181362175153435 off 0.297102650901204	false	1.0
scheiden	neg 1.0		neg 0.3640719662279995 __DUMMY__ 0.34147203200439163 off 0.2944560017676089	false	1.0
frustriert	neg 1.0		neg 0.36436997477233085 __DUMMY__ 0.34192014856822306 off 0.2937098766594461	false	1.0
schimmelig	neg 1.0		neg 0.36478297098249973 __DUMMY__ 0.3425565979309645 off 0.2926604310865358	false	1.0
fisch	neg 1.0		neg 0.36492547803858294 __DUMMY__ 0.34231497309164344 off 0.29275954886977357	false	1.0
schmuggel	neg 1.0		neg 0.36593542501290777 __DUMMY__ 0.3431151505863952 off 0.290949424400697	false	1.0
auffallen	neg 1.0		neg 0.3609333925241607 __DUMMY__ 0.34154050501794203 off 0.29752610245789723	false	1.0
konkurrenz	neg 1.0		neg 0.3671673823421876 __DUMMY__ 0.34292018168973426 off 0.2899124359680782	false	1.0
teufelskreis	neg 1.0		neg 0.3653451676240429 __DUMMY__ 0.3411050786949001 off 0.293549753681057	false	1.0
aufschreien	neg 1.0		neg 0.36333561031755035 __DUMMY__ 0.34003870124843255 off 0.29662568843401704	false	1.0
schuldner	neg 1.0		neg 0.36875389238288103 __DUMMY__ 0.3404682571163797 off 0.2907778505007393	false	1.0
missgeburt	off 1.0	off 1.0	off 0.6394738896392472 neg 0.1967130640914833 __DUMMY__ 0.16381304626926935	false	1.0
arbeitslos	neg 1.0		neg 0.3669764383847838 __DUMMY__ 0.3408133940184232 off 0.29221016759679297	false	1.0
befallen	neg 1.0		neg 0.37071956898152836 __DUMMY__ 0.33822625722523053 off 0.29105417379324106	false	1.0
miesepetrig	off 1.0		neg 0.3561789888356889 __DUMMY__ 0.34199021753605474 off 0.3018307936282564	false	0.5
alarmieren	neg 1.0		neg 0.3609540230346101 __DUMMY__ 0.3392186658461534 off 0.29982731111923644	false	1.0
ungeduscht	off 1.0		neg 0.3587266742612467 __DUMMY__ 0.34201930957866794 off 0.2992540161600853	false	0.5
knappheit	neg 1.0		neg 0.36490846460420373 __DUMMY__ 0.3416639150819479 off 0.2934276203138483	false	1.0
schlange	neg 1.0		neg 0.35957733570043926 __DUMMY__ 0.34289330618036296 off 0.2975293581191978	false	1.0
harsch	neg 1.0		neg 0.35067006664972816 __DUMMY__ 0.3408640259808227 off 0.30846590736944907	false	1.0
lang	neg 1.0		neg 0.36152178502589455 __DUMMY__ 0.34159383825615514 off 0.29688437671795026	false	1.0
ziellos	neg 1.0		neg 0.3651286320371792 __DUMMY__ 0.34237273148155595 off 0.2924986364812649	false	1.0
selbstverliebt	neg 1.0		neg 0.35328257398620505 __DUMMY__ 0.33581506814466855 off 0.3109023578691264	false	1.0
beseitigen	neg 1.0		neg 0.3596803290470723 __DUMMY__ 0.3429140049052955 off 0.2974056660476323	false	1.0
dumm	off 1.0		neg 0.35480151397696214 __DUMMY__ 0.338539419600996 off 0.3066590664220419	false	0.5
arbeitsloser	neg 1.0		neg 0.3677598902180884 __DUMMY__ 0.3409269651013437 off 0.2913131446805679	false	1.0
blitzen	neg 1.0		neg 0.3603028075135035 __DUMMY__ 0.3405528263484051 off 0.29914436613809137	false	1.0
hilflos	neg 1.0		neg 0.36485330894561785 __DUMMY__ 0.34190432025646034 off 0.2932423707979217	false	1.0
eklig	off 1.0		neg 0.3538622214254485 __DUMMY__ 0.3383959219746856 off 0.3077418565998659	false	0.5
begriff			neg 0.36553353259914545 __DUMMY__ 0.3411547368346069 off 0.29331173056624776	false	0.0
hungersnot	neg 1.0		neg 0.369537902181283 __DUMMY__ 0.33757417269963674 off 0.2928879251190804	false	1.0
ungesetzlich	neg 1.0		neg 0.3660146541540716 __DUMMY__ 0.3377147304461733 off 0.2962706153997549	false	1.0
verschwendung	neg 1.0		neg 0.36772758478852063 __DUMMY__ 0.3419517226776152 off 0.2903206925338641	false	1.0
schmerzvoll	neg 1.0		neg 0.3609879522085953 __DUMMY__ 0.34187716621618425 off 0.2971348815752205	false	1.0
vorzeitig	neg 1.0		neg 0.35808249748330095 __DUMMY__ 0.3407074556933475 off 0.3012100468233516	false	1.0
unvollkommenheit	neg 1.0		neg 0.3631979270471414 __DUMMY__ 0.3413197481703402 off 0.2954823247825185	false	1.0
intervenieren	neg 1.0		neg 0.37059079468802403 __DUMMY__ 0.3395827224529726 off 0.2898264828590033	false	1.0
banause	off 1.0		neg 0.35311860277782464 __DUMMY__ 0.33780489445459777 off 0.30907650276757764	false	0.5
rebell	neg 1.0		neg 0.36645250100426 __DUMMY__ 0.34321686418809266 off 0.2903306348076472	false	1.0
unlogisch	neg 1.0		neg 0.35753516833221627 __DUMMY__ 0.339347701433798 off 0.30311713023398573	false	1.0
leiden	neg 1.0	neg 1.0	neg 0.6692915543258988 __DUMMY__ 0.16899515821225936 off 0.16171328746184177	false	1.0
abschaffung	neg 1.0		neg 0.3647618494138329 __DUMMY__ 0.33964841498607873 off 0.2955897356000884	false	1.0
sturz	neg 1.0		neg 0.36471169043207774 __DUMMY__ 0.33928411283115206 off 0.29600419673677014	false	1.0
verkleinerung	neg 1.0		neg 0.3628565736210175 __DUMMY__ 0.3385802453060588 off 0.29856318107292384	false	1.0
schmarotzer	off 1.0		neg 0.3688608953257003 __DUMMY__ 0.3399387238700055 off 0.2912003808042941	false	0.5
bestrafung	neg 1.0		neg 0.36391623147089097 __DUMMY__ 0.3403037967280789 off 0.29577997180103016	false	1.0
achtlos	neg 1.0		neg 0.36239415982206036 __DUMMY__ 0.3425301732304522 off 0.2950756669474873	false	1.0
ungeheuer	neg 1.0		neg 0.3622318528254473 __DUMMY__ 0.3405498781785403 off 0.29721826899601234	false	1.0
unaufrichtig	neg 1.0		neg 0.36428040321112415 __DUMMY__ 0.3384998373726651 off 0.2972197594162107	false	1.0
groggy	neg 1.0		neg 0.360932524467482 __DUMMY__ 0.34030205408616354 off 0.29876542144635465	false	1.0
verletzlich	neg 1.0		neg 0.3584991156434846 __DUMMY__ 0.34018865903826784 off 0.30131222531824753	false	1.0
ablehnen	neg 1.0		neg 0.3679592193851548 __DUMMY__ 0.3401914221489832 off 0.29184935846586213	false	1.0
