unsolidarisch	neg 1.0		__DUMMY__ 0.9286542133338425 neg 0.041294930522801886 off 0.030050856143355675	false	1.0
nachteilig	neg 1.0		__DUMMY__ 0.9365468767948145 neg 0.03621537613750599 off 0.02723774706767955	false	1.0
skeptisch	neg 1.0		__DUMMY__ 0.9373994821938649 neg 0.03729837163534245 off 0.025302146170792614	false	1.0
schrecklich	neg 1.0		__DUMMY__ 0.9333226873163801 off 0.03435041218072638 neg 0.032326900502893524	false	0.5
schlapp	neg 1.0		__DUMMY__ 0.9377462161649384 neg 0.0312604079033997 off 0.03099337593166199	false	1.0
abfall	neg 1.0		__DUMMY__ 0.9383226649342987 neg 0.03747373649917292 off 0.024203598566528376	false	1.0
widerspenstig	neg 1.0		__DUMMY__ 0.9385874706397073 neg 0.03334317841493247 off 0.02806935094536022	false	1.0
abrupt	neg 1.0		__DUMMY__ 0.940520220749729 neg 0.03221852075849309 off 0.0272612584917779	false	1.0
unwirksam	neg 1.0		__DUMMY__ 0.9318470924738059 neg 0.03859649057729299 off 0.029556416948901112	false	1.0
angreifen	neg 1.0		__DUMMY__ 0.9353196868187298 neg 0.0381866213703316 off 0.02649369181093864	false	1.0
inkonsistent	neg 1.0		__DUMMY__ 0.9354783394376193 neg 0.03441093470517436 off 0.03011072585720629	false	1.0
abrutschen	neg 1.0		__DUMMY__ 0.9387597195785892 neg 0.0370166422474972 off 0.024223638173913663	false	1.0
unsicher	neg 1.0		__DUMMY__ 0.9370230310115433 neg 0.03433208513832513 off 0.028644883850131666	false	1.0
bauernkind	off 1.0		__DUMMY__ 0.9298719134352641 off 0.036571927759770625 neg 0.03355615880496526	false	1.0
angreifer	neg 1.0		__DUMMY__ 0.9329810410578516 neg 0.03579187200222711 off 0.031227086939921225	false	1.0
trennen	neg 1.0		__DUMMY__ 0.9402700982904034 neg 0.034318820094558826 off 0.025411081615037794	false	1.0
schmutz	neg 1.0		__DUMMY__ 0.9410239079917867 off 0.03170003689480704 neg 0.02727605511340627	false	0.5
inkonsistenz	neg 1.0	neg 1.0	neg 0.5029111300539943 __DUMMY__ 0.4687973810647505 off 0.02829148888125527	false	1.0
erschreckend	neg 1.0		__DUMMY__ 0.9351673658914063 neg 0.03676361218434868 off 0.02806902192424504	false	1.0
ertrinken	neg 1.0		__DUMMY__ 0.9380961618354164 neg 0.03549127875344974 off 0.02641255941113378	false	1.0
pickelface	off 1.0		__DUMMY__ 0.9339905035227419 neg 0.03648340574545695 off 0.029526090731801055	false	0.5
seiner			__DUMMY__ 0.9366048629430139 neg 0.037264210359923486 off 0.02613092669706257	false	0.0
lauch	neg 1.0		__DUMMY__ 0.9384709000740188 neg 0.036707789257444216 off 0.024821310668536954	false	1.0
unwichtig	neg 1.0		__DUMMY__ 0.9347338009214096 neg 0.03355712595496259 off 0.03170907312362785	false	1.0
steuerhinterziehung	neg 1.0		__DUMMY__ 0.932108459944827 neg 0.039030403684217445 off 0.028861136370955484	false	1.0
schock	neg 1.0		__DUMMY__ 0.9396699775225641 neg 0.03308593616913775 off 0.027244086308298256	false	1.0
beule	neg 1.0		__DUMMY__ 0.9373170408663599 off 0.031785726618579466 neg 0.030897232515060605	false	0.5
vergelten	neg 1.0		__DUMMY__ 0.9312116294267344 off 0.03577528114920129 neg 0.03301308942406432	false	0.5
verdorbenheit	neg 1.0		__DUMMY__ 0.9386360488254809 neg 0.0323478880146082 off 0.02901606315991092	false	1.0
trauma	neg 1.0		__DUMMY__ 0.9353222868935689 neg 0.034751796128827665 off 0.02992591697760349	false	1.0
sinnlos	neg 1.0		__DUMMY__ 0.9353937786313561 neg 0.03445735215569782 off 0.03014886921294603	false	1.0
fettsack	off 1.0	off 1.0	off 0.5025816278564987 __DUMMY__ 0.46776444417060653 neg 0.029653927972894723	false	1.0
feige	off 1.0		__DUMMY__ 0.9322676164675495 neg 0.03612544349122299 off 0.031606940041227584	false	0.5
abdanken	neg 1.0		__DUMMY__ 0.9292968923067084 neg 0.04141038408899306 off 0.02929272360429858	false	1.0
wichtigtuer	off 1.0	off 1.0	off 0.4974710058441272 __DUMMY__ 0.4685848763338413 neg 0.033944117822031425	false	1.0
misslingen	neg 1.0		__DUMMY__ 0.9382109830408545 neg 0.03211857580481855 off 0.029670441154326967	false	1.0
untreu	off 1.0		__DUMMY__ 0.9342989283507513 neg 0.033550170129203964 off 0.032150901520044725	false	0.5
missmutig	neg 1.0		__DUMMY__ 0.9364972777472523 neg 0.03257299954505038 off 0.030929722707697282	false	1.0
hurenbock	off 1.0		__DUMMY__ 0.9399028143326866 neg 0.03112602953891485 off 0.028971156128398526	false	0.5
betrunken	neg 1.0		__DUMMY__ 0.9357821551494946 off 0.03269815333651598 neg 0.031519691513989465	false	0.5
korrupt	off 1.0		__DUMMY__ 0.9309932303119046 neg 0.04088984050293044 off 0.02811692918516492	false	0.5
unmut	neg 1.0		__DUMMY__ 0.9367860055629134 neg 0.03830586655961002 off 0.024908127877476625	false	1.0
hackfresse	off 1.0		__DUMMY__ 0.9320401028977396 off 0.036572124957960916 neg 0.03138777214429941	false	1.0
aufblasen	neg 1.0		__DUMMY__ 0.9379837303387328 neg 0.032766436376295914 off 0.029249833284971223	false	1.0
gewaltsam	neg 1.0		__DUMMY__ 0.932608514919383 neg 0.037525123174334984 off 0.029866361906281936	false	1.0
unbeliebtheit	neg 1.0		__DUMMY__ 0.9272770653237093 neg 0.038771571494076805 off 0.03395136318221386	false	1.0
sturheit	neg 1.0		__DUMMY__ 0.9332060882542847 neg 0.038352636495369984 off 0.02844127525034521	false	1.0
kuh	neg 1.0		__DUMMY__ 0.9357034173428033 neg 0.03495182020672672 off 0.029344762450470047	false	1.0
erschrecken	neg 1.0		__DUMMY__ 0.9359245354906182 neg 0.03324564214227918 off 0.030829822367102678	false	1.0
opfer	neg 1.0	neg 1.0	neg 0.5044688932403402 __DUMMY__ 0.47130812120222754 off 0.024222985557432276	false	1.0
sinken	neg 1.0		__DUMMY__ 0.9373634281381295 neg 0.037495914134806844 off 0.02514065772706371	false	1.0
stinktier	neg 1.0		__DUMMY__ 0.9323901286833167 off 0.0345532942868749 neg 0.03305657702980841	false	0.5
tucke	off 1.0		__DUMMY__ 0.9339568331562894 off 0.03651901929315704 neg 0.02952414755055356	false	1.0
ein			__DUMMY__ 0.9400549372583957 neg 0.03142074182410825 off 0.028524320917496016	false	0.0
abstieg	neg 1.0		__DUMMY__ 0.9337551397822147 neg 0.03820658457207233 off 0.028038275645713012	false	1.0
missverstehen	neg 1.0		__DUMMY__ 0.9330659445848013 neg 0.03667281230326298 off 0.030261243111935763	false	1.0
ergebnislos	neg 1.0		__DUMMY__ 0.9350191407139377 neg 0.037348967262784534 off 0.027631892023277833	false	1.0
unter			__DUMMY__ 0.944056017782978 neg 0.03453679733157285 off 0.021407184885449116	false	0.0
manipulieren	neg 1.0		__DUMMY__ 0.9362463105886674 neg 0.03742351909838333 off 0.02633017031294926	false	1.0
unbewiesen	neg 1.0		__DUMMY__ 0.929179866718045 neg 0.04087284742496299 off 0.029947285856992138	false	1.0
verschleppen	neg 1.0		__DUMMY__ 0.9344254634948523 neg 0.0380485146986678 off 0.027526021806479853	false	1.0
weib	off 1.0		__DUMMY__ 0.9313814646839447 off 0.03742687797797256 neg 0.03119165733808274	false	1.0
opposition	neg 1.0		__DUMMY__ 0.9311468216590217 neg 0.03867573237499467 off 0.030177445965983523	false	1.0
verkehrswidrig	neg 1.0		__DUMMY__ 0.9355797212719684 off 0.03496313005947123 neg 0.02945714866856042	false	0.5
inkorrekt	neg 1.0		__DUMMY__ 0.9296050907292258 neg 0.037507912266427884 off 0.03288699700434631	false	1.0
vermeiden	neg 1.0		__DUMMY__ 0.9421472106544284 neg 0.03478381195908287 off 0.023068977386488766	false	1.0
abweichung	neg 1.0		__DUMMY__ 0.9328870554215285 neg 0.03928000558514493 off 0.027832938993326648	false	1.0
alkoholisiert	neg 1.0		__DUMMY__ 0.939552635068041 neg 0.033765480328333125 off 0.02668188460362591	false	1.0
scheiss	off 1.0	off 1.0	off 0.4993632521442159 __DUMMY__ 0.47143594964103286 neg 0.02920079821475128	false	1.0
herausforderung	neg 1.0		__DUMMY__ 0.9421957125936365 neg 0.03092255599849202 off 0.02688173140787151	false	1.0
pervers	off 1.0		__DUMMY__ 0.9305241570607158 off 0.03929203754360855 neg 0.030183805395675754	false	1.0
wackelig	neg 1.0		__DUMMY__ 0.9415153069240847 neg 0.03193454140796953 off 0.026550151667945734	false	1.0
verwickeln	neg 1.0		__DUMMY__ 0.9342152484307037 neg 0.03573033801583035 off 0.030054413553466042	false	1.0
vorwand	neg 1.0		__DUMMY__ 0.9354885453647254 neg 0.03905899017564705 off 0.02545246445962749	false	1.0
muschi	off 1.0		__DUMMY__ 0.9334127794441646 neg 0.03729873674352296 off 0.029288483812312516	false	0.5
entmutigung	neg 1.0		__DUMMY__ 0.9264827486022382 neg 0.04199088302304821 off 0.03152636837471362	false	1.0
unangemessen	neg 1.0		__DUMMY__ 0.9330714979491236 neg 0.039286068043849744 off 0.027642434007026664	false	1.0
unstetig	neg 1.0		__DUMMY__ 0.9346697090851815 neg 0.034173279737994215 off 0.031157011176824224	false	1.0
entmutigen	neg 1.0		__DUMMY__ 0.9365579247521889 neg 0.03406939823246445 off 0.02937267701534667	false	1.0
schwanz	neg 1.0		__DUMMY__ 0.9363830389701674 neg 0.036181812470060144 off 0.027435148559772558	false	1.0
verbot	neg 1.0		__DUMMY__ 0.9321951007381021 neg 0.039396041823748396 off 0.028408857438149592	false	1.0
leid	neg 1.0		__DUMMY__ 0.9330214480184197 off 0.035324668050151505 neg 0.031653883931428727	false	0.5
archaisch	neg 1.0		__DUMMY__ 0.9336066963370869 neg 0.03854685336764698 off 0.02784645029526606	false	1.0
gegen			__DUMMY__ 0.934434731742524 neg 0.03959417791343317 off 0.02597109034404274	false	0.0
scheidung	neg 1.0	neg 1.0	neg 0.49110622834845313 __DUMMY__ 0.4682212965143913 off 0.040672475137155564	false	1.0
einschlag	neg 1.0		__DUMMY__ 0.9318385011796221 off 0.035107791196648315 neg 0.03305370762372962	false	0.5
m			__DUMMY__ 0.9380348277792382 neg 0.034266481953503944 off 0.027698690267257825	false	0.0
abgestanden	neg 1.0		__DUMMY__ 0.9397016350161211 neg 0.03244265475873268 off 0.027855710225146196	false	1.0
schmierig	off 1.0		__DUMMY__ 0.9341534546711313 off 0.03452756965213462 neg 0.03131897567673407	false	1.0
unpraktisch	neg 1.0		__DUMMY__ 0.9388932996739993 neg 0.03209522447069746 off 0.029011475855303337	false	1.0
wixxer	off 1.0		__DUMMY__ 0.9290914608929846 off 0.039499719978323626 neg 0.031408819128691805	false	1.0
bezeichnet			__DUMMY__ 0.9334838092117833 neg 0.03794970566822426 off 0.028566485119992456	false	0.0
jammerlappen	off 1.0		__DUMMY__ 0.934388292239915 neg 0.03396125446980009 off 0.03165045329028492	false	0.5
farce	neg 1.0		__DUMMY__ 0.9290569080591852 neg 0.04209975154772885 off 0.028843340393086024	false	1.0
zwecklos	neg 1.0		__DUMMY__ 0.9340904181799652 neg 0.03857531711825427 off 0.027334264701780544	false	1.0
turbulent	neg 1.0		__DUMMY__ 0.9329280036520516 off 0.034113609970698094 neg 0.03295838637725027	false	0.5
invasion	neg 1.0		__DUMMY__ 0.9368906597564226 neg 0.0323792667638887 off 0.03073007347968864	false	1.0
schuld	neg 1.0		__DUMMY__ 0.9348346696015671 neg 0.03576263685541837 off 0.029402693543014516	false	1.0
risiko	neg 1.0		__DUMMY__ 0.9393606009340193 off 0.03077923591757302 neg 0.029860163148407726	false	0.5
finster	neg 1.0		__DUMMY__ 0.9395472693912706 neg 0.03227254924515113 off 0.02818018136357819	false	1.0
geisteskrank	off 1.0		__DUMMY__ 0.930767965307379 neg 0.0361756246921965 off 0.03305641000042441	false	0.5
zusammenbrechen	neg 1.0		__DUMMY__ 0.9376945504638001 neg 0.03452966947263628 off 0.027775780063563644	false	1.0
ausbeute	neg 1.0		__DUMMY__ 0.9397728570382586 neg 0.033837708372566395 off 0.026389434589174983	false	1.0
hinterhalt	neg 1.0		__DUMMY__ 0.9350129866253561 neg 0.03562790110524238 off 0.029359112269401536	false	1.0
kritik	neg 1.0		__DUMMY__ 0.930420573411334 neg 0.040803304830610225 off 0.02877612175805573	false	1.0
einschrumpfen	neg 1.0		__DUMMY__ 0.9309344194122804 neg 0.0373976443367512 off 0.03166793625096836	false	1.0
riskant	neg 1.0		__DUMMY__ 0.9368353963793735 neg 0.036777181860902786 off 0.026387421759723733	false	1.0
frustrieren	neg 1.0		__DUMMY__ 0.9360169071908067 neg 0.03758854609993184 off 0.026394546709261578	false	1.0
groll	neg 1.0		__DUMMY__ 0.9345038200176367 neg 0.038040972133408256 off 0.0274552078489551	false	1.0
gibt			__DUMMY__ 0.9362147317461295 neg 0.03611707351969751 off 0.02766819473417305	false	0.0
qualvoll	neg 1.0		__DUMMY__ 0.9364244928288722 neg 0.03360175617889008 off 0.02997375099223783	false	1.0
wackeln	neg 1.0		__DUMMY__ 0.9392365416715479 neg 0.031933464970402975 off 0.02882999335804918	false	1.0
klagen	neg 1.0		__DUMMY__ 0.9353475118353384 neg 0.03919795634776126 off 0.02545453181690038	false	1.0
bankrott	neg 1.0		__DUMMY__ 0.9361756284379216 neg 0.03224445174960404 off 0.03157991981247438	false	1.0
trauern	neg 1.0		__DUMMY__ 0.9360882821848279 neg 0.037441136563949984 off 0.026470581251222224	false	1.0
ablehnung	neg 1.0	neg 1.0	neg 0.5066517227015442 __DUMMY__ 0.46728411709776513 off 0.026064160200690526	false	1.0
stur	neg 1.0		__DUMMY__ 0.9351550150479171 neg 0.03522268230799742 off 0.0296223026440854	false	1.0
aufruhr	neg 1.0		__DUMMY__ 0.9314863259293574 neg 0.03887794435112314 off 0.02963572971951941	false	1.0
melancholie	neg 1.0		__DUMMY__ 0.9398915942312674 neg 0.0334861674815081 off 0.0266222382872244	false	1.0
ist			__DUMMY__ 0.9348806407459608 neg 0.035430793881876844 off 0.029688565372162416	false	0.0
torheit	neg 1.0		__DUMMY__ 0.9292227071586667 neg 0.04053476902371228 off 0.030242523817620975	false	1.0
dreckskind	off 1.0		__DUMMY__ 0.9288059148867346 off 0.036154135300566936 neg 0.03503994981269848	false	1.0
umtauschen	neg 1.0		__DUMMY__ 0.9388045272227338 neg 0.033349336753775036 off 0.02784613602349116	false	1.0
zum			__DUMMY__ 0.9440250210078407 neg 0.03276751103235164 off 0.023207467959807677	false	0.0
zersetzen	neg 1.0		__DUMMY__ 0.9357156436080399 neg 0.0383851142562588 off 0.025899242135701307	false	1.0
zur			__DUMMY__ 0.9380771711910348 neg 0.038232418902067966 off 0.023690409906897244	false	0.0
frust	neg 1.0		__DUMMY__ 0.9365901995201052 neg 0.035702264594421225 off 0.02770753588547355	false	1.0
unerbittlichkeit	neg 1.0		__DUMMY__ 0.9350729447900534 neg 0.038382831254658634 off 0.02654422395528798	false	1.0
zwei			__DUMMY__ 0.9416445728215406 neg 0.03392779470439482 off 0.02442763247406463	false	0.0
unkorrekt	neg 1.0		__DUMMY__ 0.9301592615007493 neg 0.036699281369516314 off 0.0331414571297344	false	1.0
hexe	off 1.0		__DUMMY__ 0.9355199898776295 neg 0.032874887358930016 off 0.03160512276344052	false	0.5
lasch	neg 1.0		__DUMMY__ 0.9325128970458687 neg 0.03641696699352869 off 0.031070135960602683	false	1.0
rivale	neg 1.0		__DUMMY__ 0.9326518243590419 off 0.034679690719776016 neg 0.032668484921182024	false	0.5
mutlos	off 1.0	off 1.0	off 0.49479134418067916 __DUMMY__ 0.4694044468828581 neg 0.03580420893646262	false	1.0
wirr	off 1.0		__DUMMY__ 0.9308426206186283 neg 0.035135236805126244 off 0.03402214257624537	false	0.5
jahr			__DUMMY__ 0.9410451691412488 neg 0.033044489828280815 off 0.02591034103047041	false	0.0
wird			__DUMMY__ 0.9365265127561196 neg 0.03680267818445133 off 0.02667080905942906	false	0.0
strafbar	neg 1.0		__DUMMY__ 0.9330328994799358 neg 0.04007719542918302 off 0.02688990509088114	false	1.0
erosion	neg 1.0		__DUMMY__ 0.9374572992060742 neg 0.03296427759883995 off 0.02957842319508577	false	1.0
eingehen	neg 1.0		__DUMMY__ 0.9346852870681617 neg 0.0381706972777457 off 0.027144015654092697	false	1.0
faul	off 1.0		__DUMMY__ 0.9383350399240612 off 0.030926722706606503 neg 0.030738237369332348	false	1.0
provisorium	neg 1.0		__DUMMY__ 0.9423402258792467 neg 0.03661904788910651 off 0.02104072623164672	false	1.0
schmerzen	neg 1.0		__DUMMY__ 0.9380569489528781 neg 0.034589911220049174 off 0.02735313982707274	false	1.0
schrumpfen	neg 1.0		__DUMMY__ 0.9390924020217943 neg 0.037517277820024286 off 0.023390320158181446	false	1.0
geistlos	off 1.0		__DUMMY__ 0.9289174740781653 neg 0.03976828130746426 off 0.03131424461437055	false	0.5
fehlkauf	neg 1.0		__DUMMY__ 0.9334742059057203 neg 0.03575211345260911 off 0.03077368064167061	false	1.0
frustrierend	neg 1.0		__DUMMY__ 0.9359726933875541 neg 0.03311803981080415 off 0.030909266801641754	false	1.0
unzufrieden	neg 1.0		__DUMMY__ 0.9356409177352049 neg 0.03704372292551187 off 0.027315359339283248	false	1.0
verzweifeln	neg 1.0		__DUMMY__ 0.936809440506138 neg 0.03488954743378903 off 0.028301012060072895	false	1.0
verzweifelt	neg 1.0		__DUMMY__ 0.9351463939178719 neg 0.03534151869243287 off 0.029512087389695175	false	1.0
misstrauensantrag	neg 1.0		__DUMMY__ 0.9331674820484508 neg 0.036185433886727625 off 0.030647084064821528	false	1.0
abfallen	neg 1.0		__DUMMY__ 0.9402264129345245 neg 0.031123185116117637 off 0.02865040194935785	false	1.0
fucker	off 1.0		__DUMMY__ 0.9319086955179313 off 0.03413485358771419 neg 0.03395645089435452	false	1.0
ungezogen	neg 1.0		__DUMMY__ 0.9323330085609471 off 0.03748386993351918 neg 0.03018312150553375	false	0.5
irrsinnig	neg 1.0	neg 1.0	neg 0.5034820873653896 __DUMMY__ 0.46983783039430427 off 0.026680082240306147	false	1.0
unfassbar	neg 1.0		__DUMMY__ 0.9343261434284724 neg 0.03374737664955848 off 0.03192647992196915	false	1.0
hart	neg 1.0		__DUMMY__ 0.9341157209659363 neg 0.03406316177946924 off 0.031821117254594425	false	1.0
widerlich	off 1.0		__DUMMY__ 0.932625709797826 neg 0.03476026646891038 off 0.03261402373326366	false	0.5
fatal	neg 1.0		__DUMMY__ 0.9341641547068349 neg 0.035098387938545014 off 0.030737457354620017	false	1.0
bruch	neg 1.0		__DUMMY__ 0.9338981482196296 neg 0.0408251005923119 off 0.025276751188058593	false	1.0
aushungern	neg 1.0		__DUMMY__ 0.9312417527730912 neg 0.03901421197603904 off 0.029744035250869803	false	1.0
anspannung	neg 1.0		__DUMMY__ 0.9403378559266624 neg 0.035497037005123654 off 0.024165107068213936	false	1.0
von			__DUMMY__ 0.9404673366010393 neg 0.03420456496570723 off 0.025328098433253496	false	0.0
kraftlos	neg 1.0		__DUMMY__ 0.9404485795373515 neg 0.032977908908579656 off 0.02657351155406879	false	1.0
vom			__DUMMY__ 0.9431121411585927 neg 0.03521750464379098 off 0.02167035419761642	false	0.0
grenzdebil	off 1.0		__DUMMY__ 0.9351627521260585 off 0.03255432054136926 neg 0.032282927332572306	false	1.0
vor			__DUMMY__ 0.9389866970747374 neg 0.036102451536063895 off 0.024910851389198675	false	0.0
unterwerfen	neg 1.0		__DUMMY__ 0.9346119807312945 neg 0.038510124776500926 off 0.026877894492204617	false	1.0
versenkung	neg 1.0		__DUMMY__ 0.9360680274287555 neg 0.037357680218063204 off 0.026574292353181265	false	1.0
entziehen	neg 1.0		__DUMMY__ 0.935968740706971 neg 0.038933026943713936 off 0.0250982323493151	false	1.0
finanzkrise	neg 1.0		__DUMMY__ 0.9315050292994598 neg 0.03939977118624769 off 0.029095199514292517	false	1.0
schimpfend	neg 1.0		__DUMMY__ 0.9411320312303594 neg 0.029917369842691728 off 0.028950598926948887	false	1.0
profan	neg 1.0		__DUMMY__ 0.9354629364310069 neg 0.0345254674913721 off 0.030011596077621064	false	1.0
korruption	neg 1.0		__DUMMY__ 0.9317820373174787 neg 0.04015569176121237 off 0.028062270921308956	false	1.0
â			__DUMMY__ 0.9376470177149607 neg 0.0352497022654019 off 0.02710328001963747	false	0.0
schmutzig	neg 1.0		__DUMMY__ 0.9371039711145135 off 0.03203394919359964 neg 0.030862079691886785	false	0.5
sexy	neg 1.0		__DUMMY__ 0.9351225563599781 neg 0.03339731993619375 off 0.03148012370382821	false	1.0
abraten	neg 1.0		__DUMMY__ 0.9370170616508563 neg 0.03368949925604135 off 0.029293439093102308	false	1.0
schwarz	neg 1.0		__DUMMY__ 0.9348466146004905 neg 0.035058262706491386 off 0.030095122693018096	false	1.0
fotze	off 1.0		__DUMMY__ 0.9341465745704821 neg 0.03785378973088194 off 0.027999635698635922	false	0.5
verwirren	neg 1.0		__DUMMY__ 0.9351891200125336 neg 0.034180649419642085 off 0.03063023056782428	false	1.0
zahnlos	off 1.0		__DUMMY__ 0.9338518537680379 neg 0.03852924461403309 off 0.027618901617928952	false	0.5
verheeren	neg 1.0		__DUMMY__ 0.9292798998172954 off 0.03938551246535888 neg 0.03133458771734572	false	0.5
hippie	neg 1.0		__DUMMY__ 0.934655134355764 neg 0.03392325309703381 off 0.03142161254720227	false	1.0
rammen	neg 1.0		__DUMMY__ 0.9371934979152053 neg 0.03264288938011381 off 0.030163612704680945	false	1.0
unlauter	neg 1.0	neg 1.0	neg 0.5021632062739215 __DUMMY__ 0.46992605572096713 off 0.027910738005111405	false	1.0
unheilvoll	neg 1.0		__DUMMY__ 0.9369392506431233 neg 0.03349494136497154 off 0.02956580799190511	false	1.0
niedrig	neg 1.0		__DUMMY__ 0.9371525659393334 neg 0.03590021882147158 off 0.02694721523919509	false	1.0
explosion	neg 1.0		__DUMMY__ 0.9362742056022872 neg 0.032827074195625375 off 0.03089872020208739	false	1.0
weichei	off 1.0		__DUMMY__ 0.9322993409009449 off 0.03576072714804932 neg 0.03193993195100587	false	1.0
minusmensch	off 1.0		__DUMMY__ 0.9260338463140532 off 0.03946447377165966 neg 0.0345016799142872	false	1.0
farblos	neg 1.0		__DUMMY__ 0.9360647265359524 neg 0.03497065542200012 off 0.028964618042047384	false	1.0
unwissend	neg 1.0	neg 1.0	neg 0.5018596242899395 __DUMMY__ 0.46900673853061814 off 0.02913363717944234	false	1.0
traurig	neg 1.0		__DUMMY__ 0.9348067374342524 off 0.033622081825775 neg 0.031571180739972574	false	0.5
senkung	neg 1.0		__DUMMY__ 0.935199098385908 neg 0.034010490031248626 off 0.03079041158284335	false	1.0
ungleich	neg 1.0	neg 1.0	neg 0.5052126066896044 __DUMMY__ 0.4704674706936039 off 0.02431992261679182	false	1.0
heikel	neg 1.0		__DUMMY__ 0.9362205080086213 neg 0.03799767877958801 off 0.02578181321179063	false	1.0
drosselung	neg 1.0		__DUMMY__ 0.9356772742616596 off 0.033665294201695034 neg 0.0306574315366454	false	0.5
falsch	neg 1.0		__DUMMY__ 0.9350025613862626 neg 0.03377292353046648 off 0.031224515083270926	false	1.0
unzufriedenheit	neg 1.0		__DUMMY__ 0.9358381945579961 neg 0.038345765700369384 off 0.025816039741634537	false	1.0
kurz	neg 1.0		__DUMMY__ 0.9395662415123254 neg 0.033181663894940816 off 0.027252094592733894	false	1.0
unsinnig	neg 1.0		__DUMMY__ 0.9351586082389856 neg 0.03726711452698191 off 0.02757427723403255	false	1.0
penner	off 1.0	off 1.0	off 0.503712013839278 __DUMMY__ 0.4681198536864279 neg 0.028168132474294085	false	1.0
seicht	neg 1.0		__DUMMY__ 0.9290984523064508 off 0.03782996090016857 neg 0.033071586793380535	false	0.5
dummheit	off 1.0	off 1.0	off 0.49790134988461615 __DUMMY__ 0.46870217371657846 neg 0.03339647639880536	false	1.0
unerfreulich	neg 1.0		__DUMMY__ 0.9378136821477443 neg 0.0369187923581766 off 0.025267525494079016	false	1.0
motherfucker	off 1.0	off 1.0	off 0.5011601554340867 __DUMMY__ 0.46821567273851383 neg 0.030624171827399523	false	1.0
pikiert	neg 1.0		__DUMMY__ 0.9328597141032378 neg 0.035386954303693596 off 0.031753331593068625	false	1.0
wrack	neg 1.0		__DUMMY__ 0.9375645849689758 neg 0.03544324945778608 off 0.026992165573238153	false	1.0
gangster	neg 1.0		__DUMMY__ 0.9349270362431004 neg 0.034264423330368714 off 0.03080854042653088	false	1.0
krank	neg 1.0		__DUMMY__ 0.9372082672316958 off 0.03218326353791503 neg 0.030608469230389228	false	0.5
reich	neg 1.0		__DUMMY__ 0.9276334948685329 neg 0.03960420531503722 off 0.032762299816429995	false	1.0
gnadenlos	neg 1.0		__DUMMY__ 0.9351582253703383 neg 0.035347275757652195 off 0.029494498872009483	false	1.0
niedergeschlagen	neg 1.0		__DUMMY__ 0.9373993043363629 neg 0.034969480031605125 off 0.02763121563203199	false	1.0
terrorisieren	off 1.0	off 1.0	off 0.49435427784066166 __DUMMY__ 0.4714261707996574 neg 0.034219551359681	false	1.0
sinnlosigkeit	neg 1.0		__DUMMY__ 0.934292897551462 neg 0.038138757751795746 off 0.027568344696742197	false	1.0
behindern	neg 1.0		__DUMMY__ 0.9376421777808813 neg 0.03393884674326028 off 0.028418975475858352	false	1.0
undemokratisch	neg 1.0		__DUMMY__ 0.930668208422405 neg 0.038897002169699185 off 0.03043478940789579	false	1.0
wirtschaftskrise	neg 1.0		__DUMMY__ 0.9332853192942073 neg 0.03886406371658685 off 0.027850616989205816	false	1.0
neid	neg 1.0		__DUMMY__ 0.9372574674958633 neg 0.03217178294313809 off 0.030570749560998662	false	1.0
rutschen	neg 1.0		__DUMMY__ 0.9444199104811496 neg 0.0323906680001991 off 0.023189421518651374	false	1.0
rezession	neg 1.0		__DUMMY__ 0.9297972879799936 off 0.03543554324395666 neg 0.034767168776049684	false	0.5
fehlgeburt	neg 1.0		__DUMMY__ 0.9345621141260633 neg 0.03663068879694185 off 0.02880719707699484	false	1.0
charakterschwach	off 1.0		__DUMMY__ 0.9330212202954742 neg 0.03438913406382282 off 0.03258964564070295	false	0.5
isolation	neg 1.0		__DUMMY__ 0.934910085302842 neg 0.03304706893010357 off 0.03204284576705437	false	1.0
ablenkung	neg 1.0		__DUMMY__ 0.9371322847041927 neg 0.034074824539337425 off 0.02879289075646995	false	1.0
pech	neg 1.0		__DUMMY__ 0.9368111286687129 neg 0.0330349427585565 off 0.0301539285727306	false	1.0
vermeidung	neg 1.0		__DUMMY__ 0.9364729619411967 off 0.03285777793762544 neg 0.030669260121177905	false	0.5
dominieren	neg 1.0		__DUMMY__ 0.93619471660857 neg 0.03575306430932862 off 0.02805221908210135	false	1.0
schwindlig	neg 1.0		__DUMMY__ 0.9388326416396398 neg 0.03133314359553078 off 0.029834214764829416	false	1.0
lutscher	neg 1.0		__DUMMY__ 0.9300747773759381 off 0.03799977596447454 neg 0.03192544665958738	false	0.5
pflicht	neg 1.0		__DUMMY__ 0.9355414774275352 neg 0.03859074467221024 off 0.02586777790025454	false	1.0
faschist	off 1.0		__DUMMY__ 0.9293936101310835 neg 0.03957118313891101 off 0.031035206730005566	false	0.5
verschleudern	neg 1.0		__DUMMY__ 0.9337545223148422 neg 0.03881905673472114 off 0.02742642095043663	false	1.0
wenn			__DUMMY__ 0.934802534940822 neg 0.033983588410754745 off 0.03121387664842327	false	0.0
ehebruch	neg 1.0		__DUMMY__ 0.9334209216257887 neg 0.03934116773724545 off 0.027237910636965852	false	1.0
spott	off 1.0		__DUMMY__ 0.9341623567555607 neg 0.03901670053882045 off 0.026820942705618852	false	0.5
trostlosigkeit	neg 1.0		__DUMMY__ 0.9320631282465662 neg 0.041833402139577494 off 0.02610346961385628	false	1.0
lutschen	neg 1.0		__DUMMY__ 0.9331765981771525 neg 0.034923630045811616 off 0.03189977177703592	false	1.0
undiszipliniert	neg 1.0		__DUMMY__ 0.9345845111012175 off 0.03321221677875474 neg 0.03220327212002764	false	0.5
kopfschmerz	neg 1.0		__DUMMY__ 0.9374622991349024 neg 0.03459335471885567 off 0.027944346146241885	false	1.0
unvorhergesehen	neg 1.0		__DUMMY__ 0.9417417760756752 neg 0.031327668967509714 off 0.02693055495681512	false	1.0
desinteressiert	neg 1.0		__DUMMY__ 0.933129105525228 neg 0.03363980878813612 off 0.03323108568663595	false	1.0
armselig	off 1.0		__DUMMY__ 0.9320560735524793 off 0.0340523023596367 neg 0.033891624087884036	false	1.0
desaster	neg 1.0		__DUMMY__ 0.9338593076142254 neg 0.041073271448999533 off 0.0250674209367751	false	1.0
tod	neg 1.0		__DUMMY__ 0.931930015691198 neg 0.041425356104840216 off 0.02664462820396178	false	1.0
herzlos	neg 1.0		__DUMMY__ 0.9341760448156617 off 0.03416951646439609 neg 0.0316544387199422	false	0.5
unwissenheit	neg 1.0		__DUMMY__ 0.9337754186890187 neg 0.03859899773860038 off 0.027625583572380895	false	1.0
widersinnig	neg 1.0		__DUMMY__ 0.930690898264672 neg 0.04057637563009287 off 0.02873272610523517	false	1.0
bedenklich	neg 1.0		__DUMMY__ 0.9356181592833448 neg 0.037911929518051724 off 0.026469911198603525	false	1.0
beanstanden	neg 1.0		__DUMMY__ 0.9363193608275782 neg 0.03815213770025876 off 0.025528501472163134	false	1.0
panisch	neg 1.0	neg 1.0	neg 0.4976988929479405 __DUMMY__ 0.47557889847319135 off 0.026722208578868104	false	1.0
debil	off 1.0		__DUMMY__ 0.9380166442199005 neg 0.038695008780363395 off 0.02328834699973607	false	0.5
abstrich	neg 1.0		__DUMMY__ 0.9422594034627022 neg 0.03001006653744516 off 0.02773052999985253	false	1.0
primitiv	neg 1.0		__DUMMY__ 0.9325943492480371 neg 0.03437751983590026 off 0.03302813091606272	false	1.0
abschaum	off 1.0	off 1.0	off 0.49943432882219935 __DUMMY__ 0.46765839155330496 neg 0.03290727962449578	false	1.0
provozieren	neg 1.0		__DUMMY__ 0.9334066863211465 neg 0.03739390485615214 off 0.029199408822701337	false	1.0
tot	neg 1.0		__DUMMY__ 0.9343854943631243 neg 0.03781217807716994 off 0.027802327559705745	false	1.0
instabil	neg 1.0		__DUMMY__ 0.9314522301502003 off 0.034792067373061716 neg 0.03375570247673793	false	0.5
schwuchtel	off 1.0		__DUMMY__ 0.9259677602723931 off 0.04192061670986469 neg 0.03211162301774215	false	1.0
zerren	neg 1.0		__DUMMY__ 0.9369261758085313 neg 0.035384336727125 off 0.027689487464343677	false	1.0
kinderficker	off 1.0		__DUMMY__ 0.9298889457782156 off 0.0355805247252134 neg 0.03453052949657106	false	1.0
gefahr	neg 1.0		__DUMMY__ 0.934485216439505 neg 0.03844145065147895 off 0.027073332909016097	false	1.0
rabiat	neg 1.0		__DUMMY__ 0.9352199137880705 neg 0.03590179280382059 off 0.02887829340810901	false	1.0
verlangsamung	neg 1.0		__DUMMY__ 0.9304568347236052 off 0.03757447415854781 neg 0.031968691117846997	false	0.5
ausgestorben	neg 1.0		__DUMMY__ 0.936399023384453 neg 0.03586541884398479 off 0.027735557771562135	false	1.0
anklagen	neg 1.0		__DUMMY__ 0.9336281628059793 neg 0.03751467488818887 off 0.0288571623058318	false	1.0
trott	neg 1.0		__DUMMY__ 0.9368721473652694 neg 0.03452273713551749 off 0.028605115499213105	false	1.0
verminderung	neg 1.0		__DUMMY__ 0.9338792340377822 off 0.03355915838412495 neg 0.032561607578092844	false	0.5
nach			__DUMMY__ 0.9424809234388808 neg 0.034173545083364364 off 0.023345531477754766	false	0.0
rost	neg 1.0		__DUMMY__ 0.9306636578646941 off 0.037468883191712724 neg 0.03186745894359324	false	0.5
destruktiv	neg 1.0		__DUMMY__ 0.9327790600935421 neg 0.03870648932901328 off 0.028514450577444627	false	1.0
unzumutbarkeit	neg 1.0		__DUMMY__ 0.9362208702544288 off 0.03303125981150523 neg 0.030747869934065957	false	0.5
labil	off 1.0	off 1.0	off 0.5000243781100141 __DUMMY__ 0.46850469140624323 neg 0.03147093048374265	false	1.0
ziemlich	neg 1.0		__DUMMY__ 0.9348964877150179 neg 0.03283756597664373 off 0.032265946308338414	false	1.0
lachnummer	off 1.0		__DUMMY__ 0.9329795709314159 neg 0.03838496713525524 off 0.02863546193332891	false	0.5
oder			__DUMMY__ 0.9380774993064265 neg 0.03356493556372616 off 0.028357565129847377	false	0.0
verfall	neg 1.0		__DUMMY__ 0.9372605820283035 neg 0.03926137240637221 off 0.02347804556532431	false	1.0
ausgrenzung	neg 1.0		__DUMMY__ 0.9307753338249471 neg 0.038386342560383126 off 0.030838323614669715	false	1.0
unordnung	neg 1.0		__DUMMY__ 0.9308824893220301 off 0.03493913020966364 neg 0.03417838046830628	false	0.5
fehlverhalten	neg 1.0		__DUMMY__ 0.9340269765240209 neg 0.03926819209394733 off 0.026704831382031724	false	1.0
eine			__DUMMY__ 0.9382515483375514 neg 0.036655365493575676 off 0.025093086168872836	false	0.0
nille	neg 1.0		__DUMMY__ 0.9326900980844547 neg 0.03804891715511551 off 0.02926098476042972	false	1.0
qual	neg 1.0		__DUMMY__ 0.9365451963152693 neg 0.03484048869676834 off 0.028614314987962224	false	1.0
verschwenden	neg 1.0		__DUMMY__ 0.936568529084117 neg 0.037019231920178176 off 0.026412238995704856	false	1.0
riesig	neg 1.0		__DUMMY__ 0.9380477532456021 neg 0.03399252654201835 off 0.027959720212379545	false	1.0
verurteilen	neg 1.0		__DUMMY__ 0.9330382725815909 neg 0.03909308685270559 off 0.027868640565703495	false	1.0
klischee	neg 1.0	neg 1.0	neg 0.5033237831075017 __DUMMY__ 0.4682945291867987 off 0.02838168770569964	false	1.0
diktatorisch	neg 1.0		__DUMMY__ 0.9291401470147762 neg 0.040350540382592094 off 0.030509312602631726	false	1.0
vorhersehbar	neg 1.0		__DUMMY__ 0.9329655895050072 neg 0.03662973533734496 off 0.03040467515764775	false	1.0
sowie			__DUMMY__ 0.9295606094630796 off 0.03655563865036006 neg 0.033883751886560246	false	0.0
stornieren	neg 1.0		__DUMMY__ 0.9380008292772511 neg 0.03179796645693777 off 0.030201204265811042	false	1.0
besteuerung	neg 1.0		__DUMMY__ 0.9350413328545757 neg 0.0353526754560936 off 0.029605991689330664	false	1.0
ungeschminkt	neg 1.0		__DUMMY__ 0.9351587134184767 neg 0.03256533724460411 off 0.03227594933691929	false	1.0
kritisch	neg 1.0		__DUMMY__ 0.9342844722267233 neg 0.038861739544260226 off 0.026853788229016518	false	1.0
schlamperei	off 1.0		__DUMMY__ 0.934288502307835 neg 0.03844791214577396 off 0.027263585546391054	false	0.5
sucht	neg 1.0	neg 1.0	neg 0.4968367081553047 __DUMMY__ 0.4759938954958635 off 0.02716939634883184	false	1.0
egoistisch	off 1.0		__DUMMY__ 0.9322166132481081 off 0.03583748526469301 neg 0.03194590148719886	false	1.0
ausbeuter	off 1.0		__DUMMY__ 0.9335893588157709 neg 0.03990885455652867 off 0.026501786627700474	false	0.5
arschgeburt	off 1.0		__DUMMY__ 0.9260797423193773 off 0.04191775547431898 neg 0.032002502206303726	false	1.0
schubs	neg 1.0	neg 1.0	neg 0.500351666198604 __DUMMY__ 0.47569737317911437 off 0.02395096062228164	false	1.0
unsolide	neg 1.0		__DUMMY__ 0.9274134353966917 neg 0.03976121751138612 off 0.03282534709192212	false	1.0
beschwerde	neg 1.0		__DUMMY__ 0.9347081656442545 neg 0.03757928755640628 off 0.027712546799339228	false	1.0
stocken	neg 1.0		__DUMMY__ 0.936816059016288 neg 0.03603125926762524 off 0.027152681716086834	false	1.0
isolieren	neg 1.0		__DUMMY__ 0.9390926167382081 neg 0.03255393934711055 off 0.02835344391468133	false	1.0
unheilbar	neg 1.0		__DUMMY__ 0.9345368586679151 neg 0.03603294779983507 off 0.029430193532249713	false	1.0
pisser	off 1.0		__DUMMY__ 0.9315568707969035 off 0.03464796613268628 neg 0.03379516307041018	false	1.0
löschen	neg 1.0		__DUMMY__ 0.9349121495621786 neg 0.03544847885820668 off 0.02963937157961475	false	1.0
durchfallen	neg 1.0		__DUMMY__ 0.935915268702802 neg 0.03728848945769065 off 0.02679624183950748	false	1.0
wichser	off 1.0		__DUMMY__ 0.9301012760979799 off 0.03892895361574713 neg 0.03096977028627294	false	1.0
terror	neg 1.0		__DUMMY__ 0.937159876814044 neg 0.03187269892774117 off 0.030967424258214703	false	1.0
krass	neg 1.0		__DUMMY__ 0.9341321139109522 off 0.03408794209830635 neg 0.03177994399074146	false	0.5
revolte	neg 1.0	neg 1.0	neg 0.5069232109616187 __DUMMY__ 0.46414037250547313 off 0.02893641653290816	false	1.0
besorgt	neg 1.0		__DUMMY__ 0.9394662389277808 neg 0.0330920204666123 off 0.027441740605606918	false	1.0
nachlassen	neg 1.0		__DUMMY__ 0.9392105661203077 neg 0.0335212499175602 off 0.027268183962132056	false	1.0
alt	neg 1.0		__DUMMY__ 0.9405917826733917 neg 0.03411283306733683 off 0.02529538425927152	false	1.0
hundesohn	off 1.0		__DUMMY__ 0.9277865200646745 off 0.03882697261406554 neg 0.033386507321259924	false	1.0
als			__DUMMY__ 0.9375391846357817 neg 0.035313201641528735 off 0.027147613722689545	false	0.0
abschreckung	neg 1.0		__DUMMY__ 0.9350428835135645 neg 0.03916281574852662 off 0.025794300737908993	false	1.0
unqualifiziert	neg 1.0		__DUMMY__ 0.933313534775521 neg 0.03606434666948386 off 0.03062211855499511	false	1.0
abgewichst	off 1.0		__DUMMY__ 0.9348425081443603 neg 0.036841524424466185 off 0.028315967431173535	false	0.5
schwer	neg 1.0		__DUMMY__ 0.9367016010725314 neg 0.03492251182480587 off 0.028375887102662666	false	1.0
bedeutungslosigkeit	neg 1.0		__DUMMY__ 0.9342306966472712 neg 0.039519037758371546 off 0.02625026559435716	false	1.0
kapitulation	neg 1.0		__DUMMY__ 0.9305988034540121 neg 0.04151763678954878 off 0.02788355975643902	false	1.0
unscharf	neg 1.0		__DUMMY__ 0.9367328720018523 neg 0.03314992666916045 off 0.030117201328987212	false	1.0
schwinden	neg 1.0		__DUMMY__ 0.9370583175871993 neg 0.036725694878160686 off 0.026215987534640023	false	1.0
versklavung	neg 1.0	neg 1.0	neg 0.5056965368274864 __DUMMY__ 0.46681141004085847 off 0.027492053131655092	false	1.0
schlecht	neg 1.0		__DUMMY__ 0.9352449048539581 off 0.03253478817483901 neg 0.03222030697120292	false	0.5
verhasst	neg 1.0		__DUMMY__ 0.932944315941014 neg 0.03778843866786676 off 0.029267245391119228	false	1.0
beschweren	neg 1.0		__DUMMY__ 0.9360560727074476 neg 0.03417943106624354 off 0.029764496226308768	false	1.0
scheiden	neg 1.0		__DUMMY__ 0.9359251439166337 neg 0.03615288109690461 off 0.02792197498646179	false	1.0
frustriert	neg 1.0		__DUMMY__ 0.9362077016452209 neg 0.03592361131010164 off 0.027868687044677366	false	1.0
schimmelig	neg 1.0		__DUMMY__ 0.9380860125480682 neg 0.035885122074369 off 0.026028865377562722	false	1.0
fisch	neg 1.0		__DUMMY__ 0.9377458975893636 neg 0.03596921586821952 off 0.026284886542416935	false	1.0
schmuggel	neg 1.0		__DUMMY__ 0.9387164221579186 neg 0.03563642870774477 off 0.02564714913433665	false	1.0
auffallen	neg 1.0		__DUMMY__ 0.9356133258261011 neg 0.03432298213880701 off 0.030063692035091835	false	1.0
konkurrenz	neg 1.0		__DUMMY__ 0.9379979696081836 neg 0.03659828325724774 off 0.025403747134568663	false	1.0
teufelskreis	neg 1.0		__DUMMY__ 0.9349574022552419 neg 0.03688371299093815 off 0.028158884753819897	false	1.0
aufschreien	neg 1.0		__DUMMY__ 0.9333705866602826 neg 0.036412845607168384 off 0.030216567732549004	false	1.0
schuldner	neg 1.0		__DUMMY__ 0.9344744123858013 neg 0.03871847939747378 off 0.02680710821672495	false	1.0
missgeburt	off 1.0	off 1.0	off 0.503220423428253 __DUMMY__ 0.4663742640908013 neg 0.030405312480945662	false	1.0
arbeitslos	neg 1.0		__DUMMY__ 0.9345107292916212 neg 0.03788765746611288 off 0.027601613242265947	false	1.0
befallen	neg 1.0		__DUMMY__ 0.9307388172919187 neg 0.04145580902129231 off 0.027805373686789012	false	1.0
miesepetrig	off 1.0		__DUMMY__ 0.9366255434849766 off 0.031894012540588365 neg 0.03148044397443495	false	1.0
alarmieren	neg 1.0		__DUMMY__ 0.9324695476994658 neg 0.0350973042818969 off 0.032433148018637295	false	1.0
ungeduscht	off 1.0		__DUMMY__ 0.9368859613572804 neg 0.03301766323799644 off 0.0300963754047232	false	0.5
knappheit	neg 1.0		__DUMMY__ 0.9363678155148282 neg 0.03594909043868092 off 0.02768309404649085	false	1.0
schlange	neg 1.0		__DUMMY__ 0.9377287061534288 neg 0.032920776348028986 off 0.029350517498542186	false	1.0
harsch	neg 1.0		__DUMMY__ 0.9347421274700548 off 0.03633443390746929 neg 0.028923438622475914	false	0.5
lang	neg 1.0		__DUMMY__ 0.9359040000002566 neg 0.03447985415484198 off 0.02961614584490145	false	1.0
ziellos	neg 1.0		__DUMMY__ 0.936798066658218 neg 0.03625150673507996 off 0.02695042660670207	false	1.0
selbstverliebt	neg 1.0		__DUMMY__ 0.9268133357619908 off 0.039985065666282855 neg 0.033201598571726464	false	0.5
beseitigen	neg 1.0		__DUMMY__ 0.9383412823033096 neg 0.03235076311243106 off 0.02930795458425937	false	1.0
dumm	off 1.0		__DUMMY__ 0.931102191764054 off 0.03634046205447358 neg 0.032557346181472456	false	1.0
arbeitsloser	neg 1.0		__DUMMY__ 0.9349568139238299 neg 0.03796951079725299 off 0.027073675278917124	false	1.0
blitzen	neg 1.0		__DUMMY__ 0.9344569218155679 neg 0.034201937321327265 off 0.031341140863104786	false	1.0
hilflos	neg 1.0		__DUMMY__ 0.9363178959431548 neg 0.036167262252255805 off 0.02751484180458937	false	1.0
eklig	off 1.0		__DUMMY__ 0.9309132726107351 off 0.03687105617740253 neg 0.03221567121186239	false	1.0
begriff			__DUMMY__ 0.9353640555307392 neg 0.03670377497790362 off 0.027932169491357284	false	0.0
hungersnot	neg 1.0		__DUMMY__ 0.9298066489149756 neg 0.040930239266218214 off 0.029263111818806305	false	1.0
ungesetzlich	neg 1.0		__DUMMY__ 0.930025790467625 neg 0.03851775017821263 off 0.03145645935416242	false	1.0
verschwendung	neg 1.0		__DUMMY__ 0.9364361996941828 neg 0.03765069421434212 off 0.025913106091475062	false	1.0
schmerzvoll	neg 1.0		__DUMMY__ 0.9361721957492259 neg 0.034132437674650525 off 0.029695366576123493	false	1.0
vorzeitig	neg 1.0		__DUMMY__ 0.9348391857467632 neg 0.032805306410408026 off 0.0323555078428287	false	1.0
unvollkommenheit	neg 1.0		__DUMMY__ 0.9358735870663853 neg 0.035253941065232185 off 0.028872471868382557	false	1.0
intervenieren	neg 1.0		__DUMMY__ 0.9330074346325808 neg 0.04019998672894355 off 0.026792578638475513	false	1.0
banause	off 1.0		__DUMMY__ 0.9300665306501495 off 0.03783808149822426 neg 0.03209538785162619	false	1.0
rebell	neg 1.0		__DUMMY__ 0.9390586562952176 neg 0.03609397673562406 off 0.024847366969158294	false	1.0
unlogisch	neg 1.0		__DUMMY__ 0.932326104581199 off 0.03405207911623197 neg 0.03362181630256899	false	0.5
leiden	neg 1.0	neg 1.0	neg 0.4979325141401532 __DUMMY__ 0.4796884464154647 off 0.02237903944438204	false	1.0
abschaffung	neg 1.0		__DUMMY__ 0.9331976710719639 neg 0.037049994029586364 off 0.029752334898449643	false	1.0
sturz	neg 1.0		__DUMMY__ 0.9324830668872158 neg 0.03741851024822474 off 0.030098422864559347	false	1.0
verkleinerung	neg 1.0		__DUMMY__ 0.9314174962890327 neg 0.036730273717122904 off 0.03185222999384445	false	1.0
schmarotzer	off 1.0		__DUMMY__ 0.9333598600094292 neg 0.039267581920359645 off 0.027372558070211155	false	0.5
bestrafung	neg 1.0		__DUMMY__ 0.9339220441589499 neg 0.03632819225143122 off 0.029749763589618908	false	1.0
achtlos	neg 1.0		__DUMMY__ 0.9371650982909449 neg 0.03456519048045666 off 0.028269711228598497	false	1.0
