unsolidarisch	neg 1.0		neg 0.3696559297802374 __DUMMY__ 0.33691335641335673 off 0.29343071380640584	false	1.0
nachteilig	neg 1.0		neg 0.3655263107635858 __DUMMY__ 0.3418742551232868 off 0.29259943411312733	false	1.0
skeptisch	neg 1.0		neg 0.3678475044976256 __DUMMY__ 0.3425031799992193 off 0.2896493155031551	false	1.0
schrecklich	neg 1.0		neg 0.35571679716709753 __DUMMY__ 0.34001243478437215 off 0.3042707680485305	false	1.0
schlapp	neg 1.0		neg 0.3563708497417877 __DUMMY__ 0.34272122841295866 off 0.30090792184525367	false	1.0
abfall	neg 1.0		neg 0.3686808683594119 __DUMMY__ 0.3431564170386647 off 0.28816271460192355	false	1.0
widerspenstig	neg 1.0		neg 0.3609769800905561 __DUMMY__ 0.34323954579265464 off 0.2957834741167892	false	1.0
abrupt	neg 1.0		neg 0.36060293960439516 __DUMMY__ 0.3444063974615502 off 0.29499066293405457	false	1.0
unwirksam	neg 1.0		neg 0.36606736588785893 __DUMMY__ 0.33891406667073776 off 0.2950185674414032	false	1.0
angreifen	neg 1.0		neg 0.3681854066920997 __DUMMY__ 0.34130494822533375 off 0.2905096450825665	false	1.0
inkonsistent	neg 1.0		neg 0.36105019726847776 __DUMMY__ 0.3410628196583161 off 0.29788698307320616	false	1.0
abrutschen	neg 1.0		neg 0.3680642571719027 __DUMMY__ 0.3434895338023991 off 0.2884462090256981	false	1.0
unsicher	neg 1.0		neg 0.3619844813076101 __DUMMY__ 0.3424599846169623 off 0.29555553407542773	false	1.0
bauernkind	off 1.0		neg 0.3555168373771941 __DUMMY__ 0.3374911654549627 off 0.3069919971678431	false	0.5
angreifer	neg 1.0		neg 0.36236208631731187 __DUMMY__ 0.3395780566252687 off 0.2980598570574195	false	1.0
trennen	neg 1.0		neg 0.36397408277188653 __DUMMY__ 0.3444942600743928 off 0.29153165715372065	false	1.0
schmutz	neg 1.0		neg 0.35247051491554415 __DUMMY__ 0.344453395879267 off 0.30307608920518875	false	1.0
inkonsistenz	neg 1.0	neg 1.0	neg 0.670617697423392 __DUMMY__ 0.16481048175970267 off 0.16457182081690544	false	1.0
erschreckend	neg 1.0		neg 0.3653642072514651 __DUMMY__ 0.3411876391945135 off 0.29344815355402126	false	1.0
ertrinken	neg 1.0		neg 0.3648576346490418 __DUMMY__ 0.34306396568654496 off 0.29207839966441335	false	1.0
pickelface	off 1.0		neg 0.3642201182111324 __DUMMY__ 0.34013561008615395 off 0.2956442717027137	false	0.5
seiner			neg 0.3671922116222971 __DUMMY__ 0.3420860754599732 off 0.29072171291772975	false	0.0
lauch	neg 1.0		neg 0.36733429706191945 __DUMMY__ 0.34293808792013375 off 0.28972761501794675	false	1.0
unwichtig	neg 1.0		neg 0.35925382665954064 __DUMMY__ 0.34084146124959913 off 0.29990471209086034	false	1.0
steuerhinterziehung	neg 1.0		neg 0.36782662132262417 __DUMMY__ 0.33894700840492964 off 0.29322637027244614	false	1.0
schock	neg 1.0		neg 0.36138860122771566 __DUMMY__ 0.34401717265201 off 0.2945942261202744	false	1.0
beule	neg 1.0		neg 0.35547399139291574 __DUMMY__ 0.3422970324310056 off 0.30222897617607875	false	1.0
vergelten	neg 1.0		neg 0.3563878411066861 __DUMMY__ 0.3383848316375818 off 0.3052273272557321	false	1.0
verdorbenheit	neg 1.0		neg 0.3590779298793506 __DUMMY__ 0.3431524257261759 off 0.29776964439447334	false	1.0
trauma	neg 1.0		neg 0.36163427741355003 __DUMMY__ 0.3412226643356348 off 0.297143058250815	false	1.0
sinnlos	neg 1.0		neg 0.3611773061832941 __DUMMY__ 0.34136891126057095 off 0.297453782556135	false	1.0
fettsack	off 1.0	off 1.0	off 0.6393704674976312 neg 0.1962324479837599 __DUMMY__ 0.16439708451860893	false	1.0
feige	off 1.0		neg 0.36229040694570097 __DUMMY__ 0.33923203145606384 off 0.2984775615982352	false	0.5
abdanken	neg 1.0		neg 0.3704442107346898 __DUMMY__ 0.33723929626971383 off 0.29231649299559637	false	1.0
wichtigtuer	off 1.0	off 1.0	off 0.6336508433891928 neg 0.2015259433136675 __DUMMY__ 0.16482321329713984	false	1.0
misslingen	neg 1.0		neg 0.35902277668169075 __DUMMY__ 0.34276073609467417 off 0.29821648722363514	false	1.0
untreu	off 1.0		neg 0.3587177248286808 __DUMMY__ 0.3406510031183654 off 0.30063127205295387	false	0.5
missmutig	neg 1.0		neg 0.358314046682538 __DUMMY__ 0.3419909277600469 off 0.299695025557415	false	1.0
hurenbock	off 1.0		neg 0.3579127145446185 __DUMMY__ 0.3437360874853593 off 0.2983511979700222	false	0.5
betrunken	neg 1.0		neg 0.3556285336973632 __DUMMY__ 0.3415242043531783 off 0.30284726194945855	false	1.0
korrupt	off 1.0		neg 0.37054084003286225 __DUMMY__ 0.3383097165657084 off 0.29114944340142934	false	0.5
unmut	neg 1.0		neg 0.3695752314811263 __DUMMY__ 0.34203132805428366 off 0.28839344046459003	false	1.0
hackfresse	off 1.0		neg 0.353211878193288 __DUMMY__ 0.3390905613485541 off 0.30769756045815794	false	0.5
aufblasen	neg 1.0		neg 0.35951469467054287 __DUMMY__ 0.3430199265807754 off 0.2974653787486816	false	1.0
gewaltsam	neg 1.0		neg 0.3652045214633937 __DUMMY__ 0.3393005037065893 off 0.29549497483001685	false	1.0
unbeliebtheit	neg 1.0		neg 0.3639815781847883 __DUMMY__ 0.3359827176013566 off 0.300035704213855	false	1.0
sturheit	neg 1.0		neg 0.3673175474985835 __DUMMY__ 0.33981636227065126 off 0.29286609023076543	false	1.0
kuh	neg 1.0		neg 0.36175895387872026 __DUMMY__ 0.34102250932603406 off 0.2972185367952457	false	1.0
erschrecken	neg 1.0		neg 0.35907437189918073 __DUMMY__ 0.3417216442926199 off 0.29920398380819935	false	1.0
opfer	neg 1.0	neg 1.0	neg 0.6733478131264905 __DUMMY__ 0.16581181124956298 off 0.1608403756239465	false	1.0
sinken	neg 1.0		neg 0.36803996368908415 __DUMMY__ 0.34243537466722984 off 0.2895246616436861	false	1.0
stinktier	neg 1.0		neg 0.35639150758949206 __DUMMY__ 0.33912783701754895 off 0.30448065539295915	false	1.0
tucke	off 1.0		neg 0.3510804641387223 __DUMMY__ 0.33997094979445097 off 0.30894858606682674	false	0.5
ein			neg 0.3584618860668475 __DUMMY__ 0.34422319756837516 off 0.29731491636477747	false	0.0
abstieg	neg 1.0		neg 0.3672630367685155 __DUMMY__ 0.34013830126666944 off 0.292598661964815	false	1.0
missverstehen	neg 1.0		neg 0.36377439075884843 __DUMMY__ 0.33979607987616883 off 0.29642952936498257	false	1.0
ergebnislos	neg 1.0		neg 0.3666653300557158 __DUMMY__ 0.3408593987980636 off 0.2924752711462205	false	1.0
unter			neg 0.3670310731695767 __DUMMY__ 0.34675978552039594 off 0.2862091413100273	false	0.0
manipulieren	neg 1.0		neg 0.36767812217716017 __DUMMY__ 0.341721885255292 off 0.29059999256754787	false	1.0
unbewiesen	neg 1.0		neg 0.36930407207246163 __DUMMY__ 0.3372248840041878 off 0.2934710439233505	false	1.0
verschleppen	neg 1.0		neg 0.3676562395035997 __DUMMY__ 0.3403875306676261 off 0.29195622982877417	false	1.0
weib	off 1.0		neg 0.3525477206950766 __DUMMY__ 0.3385239491872902 off 0.3089283301176332	false	0.5
opposition	neg 1.0		neg 0.3655308948813935 __DUMMY__ 0.3385347913998389 off 0.2959343137187676	false	1.0
verkehrswidrig	neg 1.0		neg 0.3521067153163436 __DUMMY__ 0.34106451039402763 off 0.3068287742896288	false	1.0
inkorrekt	neg 1.0		neg 0.3632454424503569 __DUMMY__ 0.33741865345370964 off 0.2993359040959334	false	1.0
vermeiden	neg 1.0		neg 0.3663202405229235 __DUMMY__ 0.3453945236013573 off 0.2882852358757192	false	1.0
abweichung	neg 1.0		neg 0.36853900755434 __DUMMY__ 0.33955884242520395 off 0.29190215002045594	false	1.0
alkoholisiert	neg 1.0		neg 0.3622753924908807 __DUMMY__ 0.3435830783457181 off 0.2941415291634013	false	1.0
scheiss	off 1.0	off 1.0	off 0.6372067550331086 neg 0.19698964686653533 __DUMMY__ 0.16580359810035614	false	1.0
herausforderung	neg 1.0		neg 0.3598816250498978 __DUMMY__ 0.34537835684954815 off 0.29474001810055406	false	1.0
pervers	off 1.0		neg 0.3502323193284332 __DUMMY__ 0.3380134917893551 off 0.3117541888822116	false	0.5
wackelig	neg 1.0		neg 0.3602420403896706 __DUMMY__ 0.34520465858165356 off 0.29455330102867566	false	1.0
verwickeln	neg 1.0		neg 0.3628975865392469 __DUMMY__ 0.3405574120374392 off 0.29654500142331375	false	1.0
vorwand	neg 1.0		neg 0.3698700915590163 __DUMMY__ 0.3412688352768618 off 0.2888610731641219	false	1.0
muschi	off 1.0		neg 0.36520919657181083 __DUMMY__ 0.3398755011495285 off 0.29491530227866075	false	0.5
entmutigung	neg 1.0		neg 0.369480125356247 __DUMMY__ 0.33547425789470525 off 0.2950456167490477	false	1.0
unangemessen	neg 1.0		neg 0.3686979358235593 __DUMMY__ 0.33974290029061677 off 0.29155916388582387	false	1.0
unstetig	neg 1.0		neg 0.36014532646076075 __DUMMY__ 0.34055254502434934 off 0.29930212851488985	false	1.0
entmutigen	neg 1.0		neg 0.3614167967390956 __DUMMY__ 0.3419783757480896 off 0.2966048275128147	false	1.0
schwanz	neg 1.0		neg 0.3650207845153958 __DUMMY__ 0.34158639031591764 off 0.2933928251686865	false	1.0
verbot	neg 1.0		neg 0.36871649457182737 __DUMMY__ 0.33902093113687287 off 0.2922625742912998	false	1.0
leid	neg 1.0		neg 0.3543319465013379 __DUMMY__ 0.3397078352078659 off 0.30596021829079606	false	1.0
archaisch	neg 1.0		neg 0.36753443991746515 __DUMMY__ 0.3401161842849904 off 0.29234937579754444	false	1.0
gegen			neg 0.3703716570731598 __DUMMY__ 0.3406275293444868 off 0.2890008135823533	false	0.0
scheidung	neg 1.0	neg 1.0	neg 0.6578412634507521 off 0.17759976067169628 __DUMMY__ 0.16455897587755164	false	1.0
einschlag	neg 1.0		neg 0.35637973652714205 __DUMMY__ 0.3388495917771267 off 0.30477067169573113	false	1.0
m			neg 0.3623822914705894 __DUMMY__ 0.3429454975756153 off 0.2946722109537952	false	0.0
abgestanden	neg 1.0		neg 0.35958814097612884 __DUMMY__ 0.3436693112247962 off 0.29674254779907494	false	1.0
schmierig	off 1.0		neg 0.35446307762501983 __DUMMY__ 0.3404510994666291 off 0.30508582290835107	false	0.5
unpraktisch	neg 1.0		neg 0.35881358138047226 __DUMMY__ 0.3434709595141912 off 0.2977154591053364	false	1.0
wixxer	off 1.0		neg 0.35142099519227293 __DUMMY__ 0.3371194353811058 off 0.3114595694266212	false	0.5
bezeichnet			neg 0.36650179123484405 __DUMMY__ 0.3400050037125476 off 0.2934932050526084	false	0.0
jammerlappen	off 1.0		neg 0.35961496369388113 __DUMMY__ 0.3406874407687541 off 0.2996975955373646	false	0.5
farce	neg 1.0		neg 0.37131124100564206 __DUMMY__ 0.33707594171065564 off 0.2916128172837024	false	1.0
zwecklos	neg 1.0		neg 0.36789946318961 __DUMMY__ 0.3405021830471192 off 0.29159835376327076	false	1.0
turbulent	neg 1.0		neg 0.3570238618425935 __DUMMY__ 0.3393475394104459 off 0.3036285987469607	false	1.0
invasion	neg 1.0		neg 0.35844334125458266 __DUMMY__ 0.3421963574573325 off 0.29936030128808483	false	1.0
schuld	neg 1.0		neg 0.3633263654206986 __DUMMY__ 0.3409569526046684 off 0.29571668197463286	false	1.0
risiko	neg 1.0		neg 0.35615169371744054 __DUMMY__ 0.3434542335130444 off 0.3003940727695152	false	1.0
finster	neg 1.0		neg 0.3591418227922293 __DUMMY__ 0.34382634928160183 off 0.2970318279261688	false	1.0
geisteskrank	off 1.0		neg 0.361423800813083 __DUMMY__ 0.3382997269634931 off 0.300276472223424	false	0.5
zusammenbrechen	neg 1.0		neg 0.3628784262909539 __DUMMY__ 0.3428754038302891 off 0.29424616987875696	false	1.0
ausbeute	neg 1.0		neg 0.36258488168475106 __DUMMY__ 0.3438476297329015 off 0.2935674885823474	false	1.0
hinterhalt	neg 1.0		neg 0.3631125355417876 __DUMMY__ 0.3407504990881193 off 0.29613696537009304	false	1.0
kritik	neg 1.0		neg 0.3699937353812987 __DUMMY__ 0.3379218906048703 off 0.2920843740138311	false	1.0
einschrumpfen	neg 1.0		neg 0.363605593657087 __DUMMY__ 0.3382609298610149 off 0.29813347648189814	false	1.0
riskant	neg 1.0		neg 0.3664519327400097 __DUMMY__ 0.3422586659954508 off 0.2912894012645395	false	1.0
frustrieren	neg 1.0		neg 0.36735456016273016 __DUMMY__ 0.3417297577619034 off 0.2909156820753666	false	1.0
groll	neg 1.0		neg 0.3675158609115838 __DUMMY__ 0.3406064207170288 off 0.2918777183713874	false	1.0
gibt			neg 0.36476840111807746 __DUMMY__ 0.34197499390690733 off 0.2932566049750152	false	0.0
qualvoll	neg 1.0		neg 0.3599454106153752 __DUMMY__ 0.3420041747522073 off 0.2980504146324173	false	1.0
wackeln	neg 1.0		neg 0.3589005445242392 __DUMMY__ 0.34384389369538026 off 0.29725556178038065	false	1.0
klagen	neg 1.0		neg 0.3702168740907117 __DUMMY__ 0.3410723487704929 off 0.2887107771387954	false	1.0
bankrott	neg 1.0		neg 0.3573265916151329 __DUMMY__ 0.34177059392410863 off 0.3009028144607584	false	1.0
trauern	neg 1.0		neg 0.36740399224035103 __DUMMY__ 0.3415554659998663 off 0.29104054175978283	false	1.0
ablehnung	neg 1.0	neg 1.0	neg 0.6742841752975066 __DUMMY__ 0.1642315006549616 off 0.16148432404753177	false	1.0
stur	neg 1.0		neg 0.36255013571141115 __DUMMY__ 0.34116612717998024 off 0.29628373710860856	false	1.0
aufruhr	neg 1.0		neg 0.36690832680773855 __DUMMY__ 0.3386383638265248 off 0.29445330936573677	false	1.0
melancholie	neg 1.0		neg 0.3619992079122469 __DUMMY__ 0.34403843300336684 off 0.29396235908438634	false	1.0
ist			neg 0.3623782160228059 __DUMMY__ 0.34112435533608404 off 0.29649742864111	false	0.0
torheit	neg 1.0		neg 0.3685724219358326 __DUMMY__ 0.33723765226058244 off 0.29418992580358505	false	1.0
dreckskind	off 1.0		neg 0.3576207094134624 __DUMMY__ 0.33693762275566613 off 0.3054416678308714	false	0.5
umtauschen	neg 1.0		neg 0.36068893262543933 __DUMMY__ 0.3434221827022118 off 0.29588888467234886	false	1.0
zum			neg 0.3636656908784958 __DUMMY__ 0.346765442080149 off 0.2895688670413552	false	0.0
zersetzen	neg 1.0		neg 0.368803643950456 __DUMMY__ 0.3414192967254467 off 0.2897770593240973	false	1.0
zur			neg 0.36995275003637174 __DUMMY__ 0.3429490622940914 off 0.2870981876695368	false	0.0
frust	neg 1.0		neg 0.36425745687934874 __DUMMY__ 0.34222465006597247 off 0.29351789305467885	false	1.0
unerbittlichkeit	neg 1.0		neg 0.36856870063205327 __DUMMY__ 0.3409500461979736 off 0.2904812531699731	false	1.0
zwei			neg 0.36401604202707394 __DUMMY__ 0.3453629228371303 off 0.2906210351357958	false	0.0
unkorrekt	neg 1.0		neg 0.36196112252035834 __DUMMY__ 0.33771434485229007 off 0.3003245326273516	false	1.0
hexe	off 1.0		neg 0.3578957255677498 __DUMMY__ 0.3411545110485739 off 0.3009497633836763	false	0.5
lasch	neg 1.0		neg 0.3630864621529272 __DUMMY__ 0.33939491023584734 off 0.29751862761122533	false	1.0
rivale	neg 1.0		neg 0.35610729902434624 __DUMMY__ 0.33935878531189145 off 0.30453391566376226	false	1.0
mutlos	off 1.0	off 1.0	off 0.6307643665141771 neg 0.20414859745034716 __DUMMY__ 0.16508703603547567	false	1.0
wirr	off 1.0		neg 0.3593001234879581 __DUMMY__ 0.33820138424043483 off 0.30249849227160697	false	0.5
jahr			neg 0.36213023496402375 __DUMMY__ 0.34488187771777645 off 0.29298788731819986	false	0.0
wird			neg 0.36598243434924627 __DUMMY__ 0.34213344379178356 off 0.29188412185897017	false	0.0
strafbar	neg 1.0		neg 0.3702663045718274 __DUMMY__ 0.33966293066145886 off 0.2900707647667138	false	1.0
erosion	neg 1.0		neg 0.3597207689251511 __DUMMY__ 0.34257552827699994 off 0.29770370279784897	false	1.0
eingehen	neg 1.0		neg 0.3675615443852974 __DUMMY__ 0.34095170344298087 off 0.29148675217172165	false	1.0
faul	off 1.0		neg 0.3560045406916564 __DUMMY__ 0.343063759813974 off 0.3009316994943697	false	0.5
provisorium	neg 1.0		neg 0.36932127732250264 __DUMMY__ 0.34569205582339685 off 0.28498666685410046	false	1.0
schmerzen	neg 1.0		neg 0.3623520865520925 __DUMMY__ 0.34294815767799114 off 0.29469975576991614	false	1.0
schrumpfen	neg 1.0		neg 0.36943629827369806 __DUMMY__ 0.34351926883335876 off 0.2870444328929432	false	1.0
geistlos	off 1.0		neg 0.3670487479448212 __DUMMY__ 0.33706937852032015 off 0.29588187353485873	false	0.5
fehlkauf	neg 1.0		neg 0.36235612361233394 __DUMMY__ 0.3399311121439467 off 0.29771276424371945	false	1.0
frustrierend	neg 1.0		neg 0.3590377159734748 __DUMMY__ 0.34176301404660553 off 0.2991992699799197	false	1.0
unzufrieden	neg 1.0		neg 0.3661637687763841 __DUMMY__ 0.3415305674574213 off 0.2923056637661946	false	1.0
verzweifeln	neg 1.0		neg 0.36292980745328374 __DUMMY__ 0.3423092015336053 off 0.29476099101311104	false	1.0
verzweifelt	neg 1.0		neg 0.36249605674099405 __DUMMY__ 0.3412758463029328 off 0.2962280969560733	false	1.0
misstrauensantrag	neg 1.0		neg 0.3624138334263761 __DUMMY__ 0.33984423418133386 off 0.29774193239228997	false	1.0
abfallen	neg 1.0		neg 0.3578965534959584 __DUMMY__ 0.34436022489212875 off 0.2977432216119128	false	1.0
fucker	off 1.0		neg 0.3580041487210738 __DUMMY__ 0.3391386279879305 off 0.30285722329099574	false	0.5
ungezogen	neg 1.0		neg 0.35127350053926665 __DUMMY__ 0.33916891126234017 off 0.30955758819839324	false	1.0
irrsinnig	neg 1.0	neg 1.0	neg 0.6713636157534395 __DUMMY__ 0.16540247398653882 off 0.16323391026002174	false	1.0
unfassbar	neg 1.0		neg 0.3590240437434741 __DUMMY__ 0.34067904127000176 off 0.3002969149865241	false	1.0
hart	neg 1.0		neg 0.35951887801671956 __DUMMY__ 0.3400430185337248 off 0.3004381034495555	false	1.0
widerlich	off 1.0		neg 0.3599099714148168 __DUMMY__ 0.3394983961603774 off 0.3005916324248057	false	0.5
fatal	neg 1.0		neg 0.3615540840739888 __DUMMY__ 0.3404903138746405 off 0.29795560205137084	false	1.0
bruch	neg 1.0		neg 0.37209495622070715 __DUMMY__ 0.3402476903823329 off 0.2876573533969599	false	1.0
aushungern	neg 1.0		neg 0.3676520210253104 __DUMMY__ 0.3384458507560104 off 0.2939021282186791	false	1.0
anspannung	neg 1.0		neg 0.3663884741441515 __DUMMY__ 0.34445535490318074 off 0.28915617095266777	false	1.0
von			neg 0.3640503267508425 __DUMMY__ 0.34439829459992893 off 0.2915513786492286	false	0.0
kraftlos	neg 1.0		neg 0.3617448175891963 __DUMMY__ 0.34451243595472186 off 0.2937427464560818	false	1.0
vom			neg 0.36721823912059465 __DUMMY__ 0.3461952157361858 off 0.2865865451432195	false	0.0
grenzdebil	off 1.0		neg 0.3569879551119204 __DUMMY__ 0.34114996325833435 off 0.3018620816297452	false	0.5
vor			neg 0.3665261521397462 __DUMMY__ 0.3436463038770174 off 0.28982754398323646	false	0.0
unterwerfen	neg 1.0		neg 0.36847048608174343 __DUMMY__ 0.34063461052983157 off 0.29089490338842516	false	1.0
versenkung	neg 1.0		neg 0.36717828579969247 __DUMMY__ 0.34178226708574155 off 0.29103944711456586	false	1.0
entziehen	neg 1.0		neg 0.3699525274023395 __DUMMY__ 0.3415999556676579 off 0.28844751693000265	false	1.0
finanzkrise	neg 1.0		neg 0.3676818183211316 __DUMMY__ 0.33861891880298517 off 0.2936992628758832	false	1.0
schimpfend	neg 1.0		neg 0.35633231643789604 __DUMMY__ 0.3447741160724625 off 0.29889356748964135	false	1.0
profan	neg 1.0		neg 0.36115505122625674 __DUMMY__ 0.34140324765330865 off 0.29744170112043455	false	1.0
korruption	neg 1.0		neg 0.36965763672156354 __DUMMY__ 0.3387482762465072 off 0.29159408703192935	false	1.0
â			neg 0.3638647572568658 __DUMMY__ 0.34266538706771665 off 0.29346985567541767	false	0.0
schmutzig	neg 1.0		neg 0.35564072888629733 __DUMMY__ 0.34238600673854364 off 0.301973264375159	false	1.0
sexy	neg 1.0		neg 0.359002649197724 __DUMMY__ 0.34112825403219793 off 0.299869096770078	false	1.0
abraten	neg 1.0		neg 0.3606145865839711 __DUMMY__ 0.3423519711732873 off 0.2970334422427415	false	1.0
schwarz	neg 1.0		neg 0.36186611604558105 __DUMMY__ 0.3409004762750259 off 0.2972334076793932	false	1.0
fotze	off 1.0		neg 0.3665831099441884 __DUMMY__ 0.3403208132866767 off 0.29309607676913496	false	0.5
verwirren	neg 1.0		neg 0.36048156739549875 __DUMMY__ 0.34124674003434247 off 0.29827169257015895	false	1.0
zahnlos	off 1.0		neg 0.36777867086587773 __DUMMY__ 0.3403282058336187 off 0.29189312330050343	false	0.5
verheeren	neg 1.0		neg 0.35171341867325495 __DUMMY__ 0.33728165946274513 off 0.311004921864	false	1.0
hippie	neg 1.0		neg 0.35974397859480833 __DUMMY__ 0.3408247919374275 off 0.2994312294677642	false	1.0
rammen	neg 1.0		neg 0.3586560725628909 __DUMMY__ 0.3422189585225471 off 0.29912496891456203	false	1.0
unlauter	neg 1.0	neg 1.0	neg 0.6702937775989863 __DUMMY__ 0.16522128410962472 off 0.16448493829138894	false	1.0
unheilvoll	neg 1.0		neg 0.3601264416861235 __DUMMY__ 0.3421192514584128 off 0.2977543068554636	false	1.0
niedrig	neg 1.0		neg 0.3648767575263433 __DUMMY__ 0.3421859762965573 off 0.29293726617709936	false	1.0
explosion	neg 1.0		neg 0.35880541724301257 __DUMMY__ 0.3417702991592381 off 0.2994242835977494	false	1.0
weichei	off 1.0		neg 0.3541974627859255 __DUMMY__ 0.339293315682253 off 0.3065092215318215	false	0.5
minusmensch	off 1.0		neg 0.3554862996020918 __DUMMY__ 0.33519651003076834 off 0.3093171903671397	false	0.5
farblos	neg 1.0		neg 0.3623556820130177 __DUMMY__ 0.3411941934043396 off 0.29645012458264275	false	1.0
unwissend	neg 1.0	neg 1.0	neg 0.669261654871428 off 0.16571591508097058 __DUMMY__ 0.1650224300476015	false	1.0
traurig	neg 1.0		neg 0.35545925524421196 __DUMMY__ 0.34090384179204347 off 0.3036369029637447	false	1.0
senkung	neg 1.0		neg 0.3600881971774692 __DUMMY__ 0.3409709079595443 off 0.2989408948629864	false	1.0
ungleich	neg 1.0	neg 1.0	neg 0.6738208238504763 __DUMMY__ 0.16551679288229829 off 0.1606623832672254	false	1.0
heikel	neg 1.0		neg 0.3683058834352002 __DUMMY__ 0.34177169180049854 off 0.2899224247643013	false	1.0
drosselung	neg 1.0		neg 0.35445917838618723 __DUMMY__ 0.3412137548110806 off 0.30432706680273214	false	1.0
falsch	neg 1.0		neg 0.3596540935774647 __DUMMY__ 0.3410332472161893 off 0.2993126592063459	false	1.0
unzufriedenheit	neg 1.0		neg 0.3689161426285458 __DUMMY__ 0.34149098235876535 off 0.28959287501268877	false	1.0
kurz	neg 1.0		neg 0.3612178069322072 __DUMMY__ 0.34404661304189876 off 0.29473558002589406	false	1.0
unsinnig	neg 1.0		neg 0.3662702374422161 __DUMMY__ 0.3411247248767656 off 0.29260503768101837	false	1.0
penner	off 1.0	off 1.0	off 0.6405109043096426 neg 0.19480661176051756 __DUMMY__ 0.16468248392983986	false	1.0
seicht	neg 1.0		neg 0.35476179533808644 __DUMMY__ 0.3371964551617473 off 0.3080417495001664	false	1.0
dummheit	off 1.0	off 1.0	off 0.6341501594987401 neg 0.20097566132076197 __DUMMY__ 0.16487417918049785	false	1.0
unerfreulich	neg 1.0		neg 0.36722533641410354 __DUMMY__ 0.342834424793675 off 0.2899402387922215	false	1.0
motherfucker	off 1.0	off 1.0	off 0.6375338460047651 neg 0.1977598986511708 __DUMMY__ 0.1647062553440641	false	1.0
pikiert	neg 1.0		neg 0.3612190450030862 __DUMMY__ 0.3395965768659203 off 0.29918437813099347	false	1.0
wrack	neg 1.0		neg 0.3642353270418 __DUMMY__ 0.3423128109406333 off 0.29345186201756657	false	1.0
gangster	neg 1.0		neg 0.3604119746869037 __DUMMY__ 0.34097174246512374 off 0.2986162828479726	false	1.0
krank	neg 1.0		neg 0.3550755266845803 __DUMMY__ 0.34240027666322254 off 0.3025241966521972	false	1.0
reich	neg 1.0		neg 0.3650109702985315 __DUMMY__ 0.3362409882123838 off 0.2987480414890848	false	1.0
gnadenlos	neg 1.0		neg 0.3627143406627097 __DUMMY__ 0.3412456410209583 off 0.296040018316332	false	1.0
niedergeschlagen	neg 1.0		neg 0.3633379104879117 __DUMMY__ 0.34255605205381895 off 0.2941060374582692	false	1.0
terrorisieren	off 1.0	off 1.0	off 0.6309320381136029 neg 0.20318046712907287 __DUMMY__ 0.16588749475732417	false	1.0
sinnlosigkeit	neg 1.0		neg 0.367223509840118 __DUMMY__ 0.3406406388221784 off 0.2921358513377036	false	1.0
behindern	neg 1.0		neg 0.361583472633522 __DUMMY__ 0.3426363944006267 off 0.2957801329658514	false	1.0
undemokratisch	neg 1.0		neg 0.3668247889429556 __DUMMY__ 0.33806369873151676 off 0.2951115123255277	false	1.0
wirtschaftskrise	neg 1.0		neg 0.3681759155528903 __DUMMY__ 0.33970984918470143 off 0.2921142352624084	false	1.0
neid	neg 1.0		neg 0.3580569128829617 __DUMMY__ 0.34237840334163866 off 0.2995646837753997	false	1.0
rutschen	neg 1.0		neg 0.3629916445655786 __DUMMY__ 0.34706917025296397 off 0.28993918518145734	false	1.0
rezession	neg 1.0		neg 0.3580278132324301 __DUMMY__ 0.33768467679928094 off 0.30428750996828907	false	1.0
fehlgeburt	neg 1.0		neg 0.36429893525919455 __DUMMY__ 0.3404259846418197 off 0.29527508009898584	false	1.0
charakterschwach	off 1.0		neg 0.359813548800574 __DUMMY__ 0.3396655161202577 off 0.30052093507916827	false	0.5
isolation	neg 1.0		neg 0.35812160735682874 __DUMMY__ 0.34098801771226206 off 0.30089037493090914	false	1.0
ablenkung	neg 1.0		neg 0.36150588767071284 __DUMMY__ 0.34251552066529745 off 0.29597859166398965	false	1.0
pech	neg 1.0		neg 0.3588371003018903 __DUMMY__ 0.3420808093074028 off 0.29908209039070677	false	1.0
vermeidung	neg 1.0		neg 0.35481307150558167 __DUMMY__ 0.34184965685991037 off 0.30333727163450797	false	1.0
dominieren	neg 1.0		neg 0.36422640830227365 __DUMMY__ 0.341673656167653 off 0.2940999355300733	false	1.0
schwindlig	neg 1.0		neg 0.35719424091008634 __DUMMY__ 0.34339035522752065 off 0.2994154038623929	false	1.0
lutscher	neg 1.0		neg 0.35291448828391375 __DUMMY__ 0.3377150713837758 off 0.30937044033231026	false	1.0
pflicht	neg 1.0		neg 0.3690679453236363 __DUMMY__ 0.34142484658119804 off 0.2895072080951657	false	1.0
faschist	off 1.0		neg 0.3672054063196299 __DUMMY__ 0.33720560889053675 off 0.2955889847898334	false	0.5
verschleudern	neg 1.0		neg 0.3682213589212422 __DUMMY__ 0.34011011992710394 off 0.2916685211516539	false	1.0
wenn			neg 0.35973331225616045 __DUMMY__ 0.34102561711159857 off 0.29924107063224087	false	0.0
ehebruch	neg 1.0		neg 0.3693311042368889 __DUMMY__ 0.3398230666322923 off 0.2908458291308188	false	1.0
spott	off 1.0		neg 0.3692266408141337 __DUMMY__ 0.34030364748579706 off 0.2904697117000692	false	0.5
trostlosigkeit	neg 1.0		neg 0.3724201461352465 __DUMMY__ 0.3391521861610366 off 0.28842766770371686	false	1.0
lutschen	neg 1.0		neg 0.3607663085646161 __DUMMY__ 0.3395894909606121 off 0.2996442004747717	false	1.0
undiszipliniert	neg 1.0		neg 0.35641073516891286 __DUMMY__ 0.3406999788747042 off 0.30288928595638287	false	1.0
kopfschmerz	neg 1.0		neg 0.3620716905924164 __DUMMY__ 0.34261023261250934 off 0.29531807679507427	false	1.0
unvorhergesehen	neg 1.0		neg 0.3593552420014329 __DUMMY__ 0.3452751754873893 off 0.29536958251117784	false	1.0
desinteressiert	neg 1.0		neg 0.35814506196945706 __DUMMY__ 0.339826945856938 off 0.3020279921736049	false	1.0
armselig	off 1.0		neg 0.35814120866857824 __DUMMY__ 0.3391205360077575 off 0.30273825532366433	false	0.5
desaster	neg 1.0		neg 0.37249441043043124 __DUMMY__ 0.34023718436746125 off 0.28726840520210756	false	1.0
tod	neg 1.0		neg 0.37106591434376107 __DUMMY__ 0.33888883994174185 off 0.2900452457144971	false	1.0
herzlos	neg 1.0		neg 0.35534889298631966 __DUMMY__ 0.34047602756951556 off 0.3041750794441648	false	1.0
unwissenheit	neg 1.0		neg 0.36802681615482014 __DUMMY__ 0.34013780308587077 off 0.29183538075930904	false	1.0
widersinnig	neg 1.0		neg 0.3697183156364276 __DUMMY__ 0.338162094291176 off 0.2921195900723963	false	1.0
bedenklich	neg 1.0		neg 0.3677460754843652 __DUMMY__ 0.3414054243431821 off 0.2908485001724527	false	1.0
beanstanden	neg 1.0		neg 0.36887250381275793 __DUMMY__ 0.3417809677648558 off 0.28934652842238623	false	1.0
panisch	neg 1.0	neg 1.0	neg 0.6671966988922504 __DUMMY__ 0.16754609152122404 off 0.16525720958652557	false	1.0
debil	off 1.0		neg 0.3703747396962509 __DUMMY__ 0.34273497727104835 off 0.28689028303270064	false	0.5
abstrich	neg 1.0		neg 0.35717474584925574 __DUMMY__ 0.34494845721933387 off 0.29787679693141045	false	1.0
primitiv	neg 1.0		neg 0.35934957928679334 __DUMMY__ 0.33943487134699674 off 0.30121554936621	false	1.0
abschaum	off 1.0	off 1.0	off 0.6354027478685557 neg 0.20017099044764786 __DUMMY__ 0.16442626168379648	false	1.0
provozieren	neg 1.0		neg 0.3652839098159252 __DUMMY__ 0.3400476255054806 off 0.2946684646785942	false	1.0
tot	neg 1.0		neg 0.3660476588577954 __DUMMY__ 0.3403518414041681 off 0.29360049973803654	false	1.0
instabil	neg 1.0		neg 0.35739060687041413 __DUMMY__ 0.3386358761094304 off 0.30397351702015546	false	1.0
schwuchtel	off 1.0		neg 0.35096398950435564 __DUMMY__ 0.33519897499947054 off 0.3138370354961737	false	0.5
zerren	neg 1.0		neg 0.36384956528808776 __DUMMY__ 0.3423526296649301 off 0.29379780504698233	false	1.0
kinderficker	off 1.0		neg 0.3582103759489633 __DUMMY__ 0.33750569359662064 off 0.3042839304544161	false	0.5
gefahr	neg 1.0		neg 0.36838018412907225 __DUMMY__ 0.3405607567891845 off 0.2910590590817431	false	1.0
rabiat	neg 1.0		neg 0.36373024232810697 __DUMMY__ 0.34125196113736794 off 0.2950177965345251	false	1.0
verlangsamung	neg 1.0		neg 0.3537190234340069 __DUMMY__ 0.3379748098375237 off 0.30830616672846944	false	1.0
ausgestorben	neg 1.0		neg 0.3642973413026348 __DUMMY__ 0.34200054685433956 off 0.2937021118430258	false	1.0
anklagen	neg 1.0		neg 0.3662281221412257 __DUMMY__ 0.3398616197766672 off 0.29391025808210713	false	1.0
trott	neg 1.0		neg 0.3620713454719966 __DUMMY__ 0.34221016731315396 off 0.2957184872148494	false	1.0
verminderung	neg 1.0		neg 0.3564015666681151 __DUMMY__ 0.34029057403602037 off 0.30330785929586457	false	1.0
nach			neg 0.3651979333581275 __DUMMY__ 0.3458022936093574 off 0.28899977303251495	false	0.0
rost	neg 1.0		neg 0.3537360973292012 __DUMMY__ 0.337904050735841 off 0.30835985193495774	false	1.0
destruktiv	neg 1.0		neg 0.36739954045514667 __DUMMY__ 0.33954522269218096 off 0.29305523685267226	false	1.0
unzumutbarkeit	neg 1.0		neg 0.3551739988555247 __DUMMY__ 0.34155070448287944 off 0.30327529666159586	false	1.0
labil	off 1.0	off 1.0	off 0.6363360662798591 neg 0.1988429771812886 __DUMMY__ 0.1648209565388524	false	1.0
ziemlich	neg 1.0		neg 0.35769829684348925 __DUMMY__ 0.34106405813630153 off 0.3012376450202093	false	1.0
lachnummer	off 1.0		neg 0.36706744977949973 __DUMMY__ 0.33973920427323173 off 0.29319334594726854	false	0.5
oder			neg 0.3609182888666442 __DUMMY__ 0.34309852633092786 off 0.29598318480242797	false	0.0
verfall	neg 1.0		neg 0.3714160197566082 __DUMMY__ 0.3422922668723969 off 0.286291713370995	false	1.0
ausgrenzung	neg 1.0		neg 0.3659916406522764 __DUMMY__ 0.3380934862437244 off 0.29591487310399917	false	1.0
unordnung	neg 1.0		neg 0.35772629713527165 __DUMMY__ 0.3380668921278739 off 0.3042068107368544	false	1.0
fehlverhalten	neg 1.0		neg 0.3695421535696526 __DUMMY__ 0.3403105317100615 off 0.29014731472028593	false	1.0
eine			neg 0.36684427889872767 __DUMMY__ 0.3432245182679898 off 0.2899312028332826	false	0.0
nille	neg 1.0		neg 0.3660746637253737 __DUMMY__ 0.33949404583735254 off 0.29443129043727384	false	1.0
qual	neg 1.0		neg 0.3624990798292299 __DUMMY__ 0.3419962515249611 off 0.29550466864580904	false	1.0
verschwenden	neg 1.0		neg 0.3664226877080736 __DUMMY__ 0.34213092651203614 off 0.2914463857798902	false	1.0
riesig	neg 1.0		neg 0.36228617618972747 __DUMMY__ 0.34260341696110186 off 0.2951104068491707	false	1.0
verurteilen	neg 1.0		neg 0.3686803151890523 __DUMMY__ 0.3395954117082624 off 0.2917242731026852	false	1.0
klischee	neg 1.0	neg 1.0	neg 0.6706270049473125 __DUMMY__ 0.16478347631042886 off 0.1645895187422586	false	1.0
diktatorisch	neg 1.0		neg 0.3684995124770314 __DUMMY__ 0.3370818864506917 off 0.29441860107227685	false	1.0
vorhersehbar	neg 1.0		neg 0.36359609800734555 __DUMMY__ 0.33978516260085384 off 0.29661873939180045	false	1.0
sowie			neg 0.35634387228631936 __DUMMY__ 0.33750040594159847 off 0.3061557217720822	false	0.0
stornieren	neg 1.0		neg 0.3581188254131789 __DUMMY__ 0.34275307688304996 off 0.29912809770377097	false	1.0
besteuerung	neg 1.0		neg 0.3623888519591685 __DUMMY__ 0.3408483946432104 off 0.29676275339762115	false	1.0
ungeschminkt	neg 1.0		neg 0.3571431472372184 __DUMMY__ 0.3408546118506694 off 0.3020022409121122	false	1.0
kritisch	neg 1.0		neg 0.36878528821818246 __DUMMY__ 0.3405286908912049 off 0.29068602089061246	false	1.0
schlamperei	off 1.0		neg 0.36833044930826986 __DUMMY__ 0.34032427309752317 off 0.29134527759420703	false	0.5
sucht	neg 1.0	neg 1.0	neg 0.6667143904232837 __DUMMY__ 0.1674302573235392 off 0.16585535225317705	false	1.0
egoistisch	off 1.0		neg 0.3546626933965956 __DUMMY__ 0.33916374317251674 off 0.3061735634308877	false	0.5
ausbeuter	off 1.0		neg 0.37041539821078723 __DUMMY__ 0.33998725027483756 off 0.2895973515143751	false	0.5
arschgeburt	off 1.0		neg 0.3510536701794524 __DUMMY__ 0.33523739813781783 off 0.31370893168272984	false	0.5
schubs	neg 1.0	neg 1.0	neg 0.6700065477909952 __DUMMY__ 0.16746306060567723 off 0.16253039160332758	false	1.0
unsolide	neg 1.0		neg 0.3661304267603738 __DUMMY__ 0.3361004514021623 off 0.29776912183746385	false	1.0
beschwerde	neg 1.0		neg 0.3669490922914921 __DUMMY__ 0.3406083229678415 off 0.29244258474066637	false	1.0
stocken	neg 1.0		neg 0.36527605199073815 __DUMMY__ 0.3420399098085737 off 0.2926840382006881	false	1.0
isolieren	neg 1.0		neg 0.3609532630254095 __DUMMY__ 0.34332768079875836 off 0.2957190561758323	false	1.0
unheilbar	neg 1.0		neg 0.3638887801891528 __DUMMY__ 0.34069282735429013 off 0.29541839245655704	false	1.0
pisser	off 1.0		neg 0.35766616109179905 __DUMMY__ 0.33855623657643347 off 0.3037776023317675	false	0.5
löschen	neg 1.0		neg 0.3626453139983996 __DUMMY__ 0.3409526931387692 off 0.2964019928628312	false	1.0
durchfallen	neg 1.0		neg 0.3667406036136107 __DUMMY__ 0.341635396264201 off 0.2916240001221882	false	1.0
wichser	off 1.0		neg 0.35131616313742225 __DUMMY__ 0.3379232963731945 off 0.3107605404893833	false	0.5
terror	neg 1.0		neg 0.35735629356781196 __DUMMY__ 0.34239585678046053 off 0.3002478496517275	false	1.0
krass	neg 1.0		neg 0.3550579260547466 __DUMMY__ 0.3402864106066771 off 0.30465566333857624	false	1.0
revolte	neg 1.0	neg 1.0	neg 0.6732041914712752 off 0.1637474465956781 __DUMMY__ 0.1630483619330467	false	1.0
besorgt	neg 1.0		neg 0.3615081350865903 __DUMMY__ 0.3438627986451743 off 0.2946290662682353	false	1.0
nachlassen	neg 1.0		neg 0.3621120138325978 __DUMMY__ 0.34357893164781095 off 0.29430905451959133	false	1.0
alt	neg 1.0		neg 0.36348958106966767 __DUMMY__ 0.3440714309440883 off 0.2924389879862439	false	1.0
hundesohn	off 1.0		neg 0.3547504729758404 __DUMMY__ 0.3362709581998536 off 0.3089785688243059	false	0.5
als			neg 0.36412655696866447 __DUMMY__ 0.34272202771449745 off 0.29315141531683797	false	0.0
abschreckung	neg 1.0		neg 0.370128290197563 __DUMMY__ 0.3408421805443029 off 0.2890295292581341	false	1.0
unqualifiziert	neg 1.0		neg 0.36315033653294376 __DUMMY__ 0.33983310271836153 off 0.2970165607486948	false	1.0
abgewichst	off 1.0		neg 0.3651490413077968 __DUMMY__ 0.3408159296063131 off 0.29403502908589024	false	0.5
schwer	neg 1.0		neg 0.3627790013026463 __DUMMY__ 0.34226028470308395 off 0.2949607139942698	false	1.0
bedeutungslosigkeit	neg 1.0		neg 0.3700281087523997 __DUMMY__ 0.34046266380867873 off 0.28950922743892155	false	1.0
kapitulation	neg 1.0		neg 0.37141618098764123 __DUMMY__ 0.33803836338895205 off 0.29054545562340667	false	1.0
unscharf	neg 1.0		neg 0.35905605188561335 __DUMMY__ 0.341870278783631 off 0.2990736693307556	false	1.0
schwinden	neg 1.0		neg 0.3667516299960409 __DUMMY__ 0.3422071947506953 off 0.2910411752532639	false	1.0
versklavung	neg 1.0	neg 1.0	neg 0.6729925498851059 __DUMMY__ 0.16404013641640172 off 0.1629673136984925	false	1.0
schlecht	neg 1.0		neg 0.3569676441192207 __DUMMY__ 0.34129648255452766 off 0.3017358733262516	false	1.0
verhasst	neg 1.0		neg 0.36577400455027964 __DUMMY__ 0.33969356235775444 off 0.29453243309196586	false	1.0
beschweren	neg 1.0		neg 0.3610837273472614 __DUMMY__ 0.34181362175153457 off 0.297102650901204	false	1.0
scheiden	neg 1.0		neg 0.36407196622799975 __DUMMY__ 0.3414720320043916 off 0.2944560017676088	false	1.0
frustriert	neg 1.0		neg 0.36436997477233096 __DUMMY__ 0.34192014856822295 off 0.29370987665944615	false	1.0
schimmelig	neg 1.0		neg 0.36478297098249995 __DUMMY__ 0.34255659793096427 off 0.2926604310865359	false	1.0
fisch	neg 1.0		neg 0.3649254780385832 __DUMMY__ 0.34231497309164344 off 0.2927595488697734	false	1.0
schmuggel	neg 1.0		neg 0.3659354250129078 __DUMMY__ 0.3431151505863952 off 0.29094942440069693	false	1.0
auffallen	neg 1.0		neg 0.3609333925241609 __DUMMY__ 0.3415405050179418 off 0.29752610245789735	false	1.0
konkurrenz	neg 1.0		neg 0.36716738234218754 __DUMMY__ 0.3429201816897342 off 0.28991243596807825	false	1.0
teufelskreis	neg 1.0		neg 0.3653451676240433 __DUMMY__ 0.34110507869490003 off 0.29354975368105674	false	1.0
aufschreien	neg 1.0		neg 0.36333561031754996 __DUMMY__ 0.34003870124843305 off 0.2966256884340171	false	1.0
schuldner	neg 1.0		neg 0.36875389238288075 __DUMMY__ 0.34046825711638 off 0.29077785050073923	false	1.0
missgeburt	off 1.0	off 1.0	off 0.6394738896392475 neg 0.19671306409148337 __DUMMY__ 0.16381304626926924	false	1.0
arbeitslos	neg 1.0		neg 0.3669764383847841 __DUMMY__ 0.3408133940184232 off 0.29221016759679264	false	1.0
befallen	neg 1.0		neg 0.37071956898152847 __DUMMY__ 0.3382262572252305 off 0.29105417379324117	false	1.0
miesepetrig	off 1.0		neg 0.3561789888356893 __DUMMY__ 0.3419902175360548 off 0.301830793628256	false	0.5
alarmieren	neg 1.0		neg 0.3609540230346099 __DUMMY__ 0.33921866584615334 off 0.29982731111923666	false	1.0
ungeduscht	off 1.0		neg 0.35872667426124677 __DUMMY__ 0.3420193095786676 off 0.2992540161600857	false	0.5
knappheit	neg 1.0		neg 0.3649084646042034 __DUMMY__ 0.3416639150819481 off 0.29342762031384845	false	1.0
schlange	neg 1.0		neg 0.3595773357004392 __DUMMY__ 0.3428933061803634 off 0.29752935811919723	false	1.0
harsch	neg 1.0		neg 0.35067006664972844 __DUMMY__ 0.3408640259808228 off 0.3084659073694486	false	1.0
lang	neg 1.0		neg 0.36152178502589527 __DUMMY__ 0.3415938382561549 off 0.2968843767179498	false	1.0
ziellos	neg 1.0		neg 0.3651286320371791 __DUMMY__ 0.3423727314815554 off 0.2924986364812655	false	1.0
selbstverliebt	neg 1.0		neg 0.3532825739862047 __DUMMY__ 0.3358150681446686 off 0.31090235786912684	false	1.0
beseitigen	neg 1.0		neg 0.35968032904707237 __DUMMY__ 0.34291400490529533 off 0.2974056660476323	false	1.0
dumm	off 1.0		neg 0.3548015139769621 __DUMMY__ 0.33853941960099593 off 0.3066590664220419	false	0.5
arbeitsloser	neg 1.0		neg 0.3677598902180889 __DUMMY__ 0.34092696510134346 off 0.29131314468056774	false	1.0
blitzen	neg 1.0		neg 0.3603028075135035 __DUMMY__ 0.3405528263484048 off 0.2991443661380917	false	1.0
hilflos	neg 1.0		neg 0.3648533089456178 __DUMMY__ 0.3419043202564601 off 0.293242370797922	false	1.0
eklig	off 1.0		neg 0.35386222142544854 __DUMMY__ 0.3383959219746855 off 0.3077418565998661	false	0.5
begriff			neg 0.36553353259914567 __DUMMY__ 0.3411547368346066 off 0.29331173056624765	false	0.0
hungersnot	neg 1.0		neg 0.3695379021812832 __DUMMY__ 0.3375741726996365 off 0.2928879251190803	false	1.0
ungesetzlich	neg 1.0		neg 0.3660146541540719 __DUMMY__ 0.3377147304461733 off 0.29627061539975463	false	1.0
verschwendung	neg 1.0		neg 0.3677275847885209 __DUMMY__ 0.3419517226776152 off 0.2903206925338639	false	1.0
schmerzvoll	neg 1.0		neg 0.3609879522085953 __DUMMY__ 0.3418771662161845 off 0.2971348815752203	false	1.0
vorzeitig	neg 1.0		neg 0.3580824974833012 __DUMMY__ 0.3407074556933475 off 0.30121004682335145	false	1.0
unvollkommenheit	neg 1.0		neg 0.3631979270471415 __DUMMY__ 0.3413197481703402 off 0.29548232478251824	false	1.0
intervenieren	neg 1.0		neg 0.3705907946880237 __DUMMY__ 0.33958272245297294 off 0.2898264828590033	false	1.0
banause	off 1.0		neg 0.3531186027778248 __DUMMY__ 0.33780489445459755 off 0.30907650276757775	false	0.5
rebell	neg 1.0		neg 0.3664525010042605 __DUMMY__ 0.3432168641880928 off 0.2903306348076466	false	1.0
unlogisch	neg 1.0		neg 0.35753516833221605 __DUMMY__ 0.339347701433798 off 0.30311713023398584	false	1.0
leiden	neg 1.0	neg 1.0	neg 0.6692915543258988 __DUMMY__ 0.16899515821225924 off 0.16171328746184188	false	1.0
abschaffung	neg 1.0		neg 0.3647618494138329 __DUMMY__ 0.3396484149860785 off 0.2955897356000886	false	1.0
sturz	neg 1.0		neg 0.36471169043207774 __DUMMY__ 0.33928411283115223 off 0.2960041967367702	false	1.0
verkleinerung	neg 1.0		neg 0.36285657362101786 __DUMMY__ 0.33858024530605824 off 0.29856318107292384	false	1.0
schmarotzer	off 1.0		neg 0.368860895325701 __DUMMY__ 0.3399387238700054 off 0.2912003808042936	false	0.5
bestrafung	neg 1.0		neg 0.36391623147089114 __DUMMY__ 0.340303796728079 off 0.29577997180102983	false	1.0
achtlos	neg 1.0		neg 0.36239415982205975 __DUMMY__ 0.3425301732304523 off 0.2950756669474879	false	1.0
ungeheuer	neg 1.0		neg 0.3622318528254477 __DUMMY__ 0.34054987817854016 off 0.2972182689960121	false	1.0
unaufrichtig	neg 1.0		neg 0.36428040321112387 __DUMMY__ 0.33849983737266504 off 0.29721975941621115	false	1.0
groggy	neg 1.0		neg 0.36093252446748214 __DUMMY__ 0.3403020540861638 off 0.2987654214463541	false	1.0
verletzlich	neg 1.0		neg 0.3584991156434847 __DUMMY__ 0.3401886590382678 off 0.3013122253182476	false	1.0
ablehnen	neg 1.0		neg 0.36795921938515513 __DUMMY__ 0.3401914221489833 off 0.29184935846586163	false	1.0
