unsolidarisch	neg 1.0		__DUMMY__ 0.47856599424118607 neg 0.2913000480847397 off 0.23013395767407427	false	1.0
nachteilig	neg 1.0		__DUMMY__ 0.48540621066820233 neg 0.2861864554135656 off 0.22840733391823215	false	1.0
skeptisch	neg 1.0		__DUMMY__ 0.48625219279829734 neg 0.28830817778464185 off 0.2254396294170607	false	1.0
schrecklich	neg 1.0		__DUMMY__ 0.48281890885000656 neg 0.2771831457154464 off 0.239997945434547	false	1.0
schlapp	neg 1.0		__DUMMY__ 0.4865644281275086 neg 0.2772167556997922 off 0.23621881617269927	false	1.0
abfall	neg 1.0		__DUMMY__ 0.4871632738877552 neg 0.2889635592245894 off 0.22387316688765546	false	1.0
widerspenstig	neg 1.0		__DUMMY__ 0.48728346879832335 neg 0.28152726034369807 off 0.2311892708579785	false	1.0
abrupt	neg 1.0		__DUMMY__ 0.488927582143598 neg 0.28085647064189645 off 0.23021594721450545	false	1.0
unwirksam	neg 1.0		__DUMMY__ 0.48133394610910263 neg 0.2874275644802308 off 0.2312384894106666	false	1.0
angreifen	neg 1.0		__DUMMY__ 0.4845949228115631 neg 0.288900834522191 off 0.22650424266624603	false	1.0
inkonsistent	neg 1.0		__DUMMY__ 0.48431490680024375 neg 0.28207136975713193 off 0.2336137234426244	false	1.0
abrutschen	neg 1.0		__DUMMY__ 0.48760584651257294 neg 0.28830387019099973 off 0.22409028329642725	false	1.0
unsicher	neg 1.0		__DUMMY__ 0.4861815075514231 neg 0.2826698051302979 off 0.231148687318279	false	1.0
bauernkind	off 1.0		__DUMMY__ 0.4793949553872205 neg 0.2775574588927405 off 0.24304758572003893	false	0.5
angreifer	neg 1.0		__DUMMY__ 0.48226592541481555 neg 0.2836452183198526 off 0.2340888562653318	false	1.0
trennen	neg 1.0		__DUMMY__ 0.4889949118234853 neg 0.28413252070938205 off 0.2268725674671326	false	1.0
schmutz	neg 1.0		__DUMMY__ 0.4890195784194655 neg 0.27294719367902714 off 0.23803322790150747	false	1.0
inkonsistenz	neg 1.0	neg 1.0	neg 0.6314421773800586 __DUMMY__ 0.23576326115023635 off 0.13279456146970509	false	1.0
erschreckend	neg 1.0		__DUMMY__ 0.4844299039544677 neg 0.28621367609698056 off 0.22935641994855177	false	1.0
ertrinken	neg 1.0		__DUMMY__ 0.48702931377386477 neg 0.2852984111790961 off 0.22767227504703905	false	1.0
pickelface	off 1.0		__DUMMY__ 0.48301941265383236 neg 0.2853264331719259 off 0.2316541541742418	false	0.5
seiner			__DUMMY__ 0.48567434001783927 neg 0.2877740054003014 off 0.22655165458185936	false	0.0
lauch	neg 1.0		__DUMMY__ 0.48688414840248573 neg 0.287713493944741 off 0.22540235765277322	false	1.0
unwichtig	neg 1.0		__DUMMY__ 0.4839614212414045 neg 0.2803869006261742 off 0.23565167813242144	false	1.0
steuerhinterziehung	neg 1.0		__DUMMY__ 0.4813891114700466 neg 0.2890638801406629 off 0.22954700838929046	false	1.0
schock	neg 1.0		__DUMMY__ 0.4883495059781343 neg 0.281736718104827 off 0.22991377591703868	false	1.0
beule	neg 1.0		__DUMMY__ 0.4859976095501145 neg 0.2764389079452992 off 0.23756348250458628	false	1.0
vergelten	neg 1.0		__DUMMY__ 0.4806391977207152 neg 0.27812189771049417 off 0.24123890456879066	false	1.0
verdorbenheit	neg 1.0		__DUMMY__ 0.48717260881610464 neg 0.279719996903561 off 0.2331073942803344	false	1.0
trauma	neg 1.0		__DUMMY__ 0.4844758848744233 neg 0.28261797339812605 off 0.23290614172745072	false	1.0
sinnlos	neg 1.0		__DUMMY__ 0.4846780504237659 neg 0.28213784066427144 off 0.23318410891196278	false	1.0
fettsack	off 1.0	off 1.0	off 0.6076071824124696 __DUMMY__ 0.23518182807582302 neg 0.15721098951170737	false	1.0
feige	off 1.0		__DUMMY__ 0.4817471630469574 neg 0.2836868112844194 off 0.23456602566862322	false	0.5
abdanken	neg 1.0		__DUMMY__ 0.4790321487977742 neg 0.2919708649280254 off 0.22899698627420048	false	1.0
wichtigtuer	off 1.0	off 1.0	off 0.6018756996113604 __DUMMY__ 0.23577046767214158 neg 0.16235383271649798	false	1.0
misslingen	neg 1.0		__DUMMY__ 0.4866620879113573 neg 0.27969950957339157 off 0.23363840251525103	false	1.0
untreu	off 1.0		__DUMMY__ 0.48369490781494956 neg 0.2799286475622335 off 0.23637644462281693	false	0.5
missmutig	neg 1.0		__DUMMY__ 0.485557270273464 neg 0.27923212834336236 off 0.2352106013831738	false	1.0
hurenbock	off 1.0		__DUMMY__ 0.4880249584558838 neg 0.27842751006766414 off 0.23354753147645202	false	0.5
betrunken	neg 1.0		__DUMMY__ 0.48490955887138454 neg 0.2767678426381196 off 0.23832259849049583	false	1.0
korrupt	off 1.0		__DUMMY__ 0.4804945960520596 neg 0.29183184709590865 off 0.22767355685203186	false	0.5
unmut	neg 1.0		__DUMMY__ 0.485613017062548 neg 0.2900609447779374 off 0.22432603815951457	false	1.0
hackfresse	off 1.0		__DUMMY__ 0.481559886232931 neg 0.2749666341111797 off 0.24347347965588922	false	0.5
aufblasen	neg 1.0		__DUMMY__ 0.48696267648023644 neg 0.28017114969812085 off 0.2328661738216427	false	1.0
gewaltsam	neg 1.0		__DUMMY__ 0.4818843677141852 neg 0.2864593291023722 off 0.23165630318344269	false	1.0
unbeliebtheit	neg 1.0		__DUMMY__ 0.47731452424106646 neg 0.2860291173606586 off 0.23665635839827484	false	1.0
sturheit	neg 1.0		__DUMMY__ 0.48255783433553 neg 0.28838255317561645 off 0.2290596124888536	false	1.0
kuh	neg 1.0		__DUMMY__ 0.4842800538848863 neg 0.28278825383443845 off 0.23293169228067512	false	1.0
erschrecken	neg 1.0		__DUMMY__ 0.4851668214389287 neg 0.28004171058761435 off 0.23479146797345693	false	1.0
opfer	neg 1.0	neg 1.0	neg 0.6339186961078137 __DUMMY__ 0.2371771030720674 off 0.12890420082011894	false	1.0
sinken	neg 1.0		__DUMMY__ 0.48619148051367406 neg 0.2885037254405537 off 0.2253047940457724	false	1.0
stinktier	neg 1.0		__DUMMY__ 0.48163796496519423 neg 0.27802720101737627 off 0.24033483401742947	false	1.0
tucke	off 1.0		__DUMMY__ 0.48282164099494973 neg 0.27269106678628385 off 0.2444872922187664	false	0.5
ein			__DUMMY__ 0.4886478785410537 neg 0.27886658818907456 off 0.23248553326987173	false	0.0
abstieg	neg 1.0		__DUMMY__ 0.4830343822368296 neg 0.28825124118416345 off 0.22871437657900698	false	1.0
missverstehen	neg 1.0		__DUMMY__ 0.4825209132955852 neg 0.28499458590884147 off 0.23248450079557317	false	1.0
ergebnislos	neg 1.0		__DUMMY__ 0.4840199980109426 neg 0.28750781275805315 off 0.2284721892310042	false	1.0
unter			__DUMMY__ 0.4921286092119254 neg 0.286555838970137 off 0.2213155518179377	false	0.0
manipulieren	neg 1.0		__DUMMY__ 0.48519145994807134 neg 0.28829073839961894 off 0.2265178016523099	false	1.0
unbewiesen	neg 1.0		__DUMMY__ 0.47900267852571504 neg 0.2908812625240224 off 0.2301160589502626	false	1.0
verschleppen	neg 1.0		__DUMMY__ 0.48338033055142604 neg 0.2885625251833628 off 0.22805714426521126	false	1.0
weib	off 1.0		__DUMMY__ 0.480800585912789 neg 0.27443835364512903 off 0.244761060442082	false	0.5
opposition	neg 1.0		__DUMMY__ 0.4808005530373372 neg 0.28701500362083493 off 0.2321844433418278	false	1.0
verkehrswidrig	neg 1.0		__DUMMY__ 0.4843291919685796 neg 0.27342719790509795 off 0.24224361012632245	false	1.0
inkorrekt	neg 1.0		__DUMMY__ 0.4792753753874042 neg 0.2849983602269615 off 0.2357262643856343	false	1.0
vermeiden	neg 1.0		__DUMMY__ 0.4902615729409245 neg 0.2861703617325678 off 0.2235680653265078	false	1.0
abweichung	neg 1.0		__DUMMY__ 0.4822269504689682 neg 0.2896287431461243 off 0.22814430638490735	false	1.0
alkoholisiert	neg 1.0		__DUMMY__ 0.4878168183313438 neg 0.2826869349811241 off 0.22949624668753196	false	1.0
scheiss	off 1.0	off 1.0	off 0.605178505840562 __DUMMY__ 0.23717239279739308 neg 0.15764910136204488	false	1.0
herausforderung	neg 1.0		__DUMMY__ 0.49025903481478084 neg 0.2799078050673743 off 0.22983316011784483	false	1.0
pervers	off 1.0		__DUMMY__ 0.48009247045407766 neg 0.2723135301392094 off 0.24759399940671287	false	0.5
wackelig	neg 1.0		__DUMMY__ 0.48998013197897794 neg 0.28038049380034497 off 0.229639374220677	false	1.0
verwickeln	neg 1.0		__DUMMY__ 0.48356907533927945 neg 0.28396802004888044 off 0.23246290461184013	false	1.0
vorwand	neg 1.0		__DUMMY__ 0.484555652380721 neg 0.29053620907712174 off 0.2249081385421572	false	1.0
muschi	off 1.0		__DUMMY__ 0.48264969284319814 neg 0.2863518840708819 off 0.2309984230859198	false	0.5
entmutigung	neg 1.0		__DUMMY__ 0.4766015032263012 neg 0.29145164614417357 off 0.2319468506295254	false	1.0
unangemessen	neg 1.0		__DUMMY__ 0.48245220690190943 neg 0.28975077224387696 off 0.2277970208542136	false	1.0
unstetig	neg 1.0		__DUMMY__ 0.48363000105579057 neg 0.28129983699873323 off 0.2350701619454762	false	1.0
entmutigen	neg 1.0		__DUMMY__ 0.485539478130318 neg 0.28220987774235173 off 0.23225064412733026	false	1.0
schwanz	neg 1.0		__DUMMY__ 0.4850267316959373 neg 0.2857829874801351 off 0.2291902808239277	false	1.0
verbot	neg 1.0		__DUMMY__ 0.48148419263122477 neg 0.28989778084685097 off 0.22861802652192417	false	1.0
leid	neg 1.0		__DUMMY__ 0.4824119164322759 neg 0.2759080637908961 off 0.24168001977682788	false	1.0
archaisch	neg 1.0		__DUMMY__ 0.48297169343841884 neg 0.2885504269857032 off 0.22847787957587792	false	1.0
gegen			__DUMMY__ 0.4836850363177092 neg 0.29114410290314674 off 0.2251708607791442	false	0.0
scheidung	neg 1.0	neg 1.0	neg 0.6187783720401777 __DUMMY__ 0.2354221122786702 off 0.14579951568115207	false	1.0
einschlag	neg 1.0		__DUMMY__ 0.48125056143389944 neg 0.2780544698178795 off 0.24069496874822097	false	1.0
m			__DUMMY__ 0.4868493091419179 neg 0.2829592822300095 off 0.23019140862807258	false	0.0
abgestanden	neg 1.0		__DUMMY__ 0.4879135380857817 neg 0.280110031471639 off 0.23197643044257937	false	1.0
schmierig	off 1.0		__DUMMY__ 0.4834330290344945 neg 0.2758676176927176 off 0.24069935327278807	false	0.5
unpraktisch	neg 1.0		__DUMMY__ 0.48759382195061274 neg 0.2793957429914466 off 0.2330104350579406	false	1.0
wixxer	off 1.0		__DUMMY__ 0.47886054006129064 neg 0.2736713916201776 off 0.24746806831853171	false	0.5
bezeichnet			__DUMMY__ 0.48281186614259863 neg 0.2875726923877868 off 0.22961544146961466	false	0.0
jammerlappen	off 1.0		__DUMMY__ 0.4837439394923299 neg 0.28078214026641235 off 0.23547392024125777	false	0.5
farce	neg 1.0		__DUMMY__ 0.4788012313805493 neg 0.2928650937244298 off 0.2283336748950209	false	1.0
zwecklos	neg 1.0		__DUMMY__ 0.48348842087407706 neg 0.2888205183631219 off 0.22769106076280102	false	1.0
turbulent	neg 1.0		__DUMMY__ 0.4819847385571095 neg 0.27853664612704737 off 0.23947861531584322	false	1.0
invasion	neg 1.0		__DUMMY__ 0.4858243666315759 neg 0.2793042092657613 off 0.23487142410266285	false	1.0
schuld	neg 1.0		__DUMMY__ 0.4841126608440625 neg 0.2842978370450978 off 0.2315895021108396	false	1.0
risiko	neg 1.0		__DUMMY__ 0.48762055918114655 neg 0.2767354118949226 off 0.235644028923931	false	1.0
finster	neg 1.0		__DUMMY__ 0.48810149809383047 neg 0.2796533607800993 off 0.23224514112607017	false	1.0
geisteskrank	off 1.0		__DUMMY__ 0.48046217002039143 neg 0.2830592301489067 off 0.236478599830702	false	0.5
zusammenbrechen	neg 1.0		__DUMMY__ 0.4867520980653599 neg 0.2834338162568699 off 0.22981408567777	false	1.0
ausbeute	neg 1.0		__DUMMY__ 0.4881549656616998 neg 0.2829339507772544 off 0.22891108356104584	false	1.0
hinterhalt	neg 1.0		__DUMMY__ 0.48390459202529196 neg 0.28411523669886146 off 0.23198017127584658	false	1.0
kritik	neg 1.0		__DUMMY__ 0.47996682816491903 neg 0.2913904863607394 off 0.2286426854743416	false	1.0
einschrumpfen	neg 1.0		__DUMMY__ 0.480429158047329 neg 0.28518027653621364 off 0.23439056541645734	false	1.0
riskant	neg 1.0		__DUMMY__ 0.48590590027908753 neg 0.2870224614893504 off 0.2270716382315621	false	1.0
frustrieren	neg 1.0		__DUMMY__ 0.48517944854105555 neg 0.28801631873118677 off 0.22680423272775777	false	1.0
groll	neg 1.0		__DUMMY__ 0.4836488474730859 neg 0.2884004500254499 off 0.22795070250146418	false	1.0
gibt			__DUMMY__ 0.48550927607089084 neg 0.28546595101216465 off 0.22902477291694437	false	0.0
qualvoll	neg 1.0		__DUMMY__ 0.4855723726616557 neg 0.2808185214277162 off 0.23360910591062822	false	1.0
wackeln	neg 1.0		__DUMMY__ 0.48809813564584464 neg 0.27938393223427427 off 0.2325179321198811	false	1.0
klagen	neg 1.0		__DUMMY__ 0.48430135216402925 neg 0.29089790429314577 off 0.22480074354282498	false	1.0
bankrott	neg 1.0		__DUMMY__ 0.4852457578986163 neg 0.27834527834366324 off 0.2364089637577206	false	1.0
trauern	neg 1.0		__DUMMY__ 0.4849754980687373 neg 0.2880733169584098 off 0.22695118497285297	false	1.0
ablehnung	neg 1.0	neg 1.0	neg 0.6352071990618942 __DUMMY__ 0.2349439731432116 off 0.12984882779489432	false	1.0
stur	neg 1.0		__DUMMY__ 0.484402941632295 neg 0.2834993418449633 off 0.23209771652274158	false	1.0
aufruhr	neg 1.0		__DUMMY__ 0.48096190907750996 neg 0.28826139534222645 off 0.2307766955802636	false	1.0
melancholie	neg 1.0		__DUMMY__ 0.48839272430477554 neg 0.28233705512128904 off 0.2292702205739354	false	1.0
ist			__DUMMY__ 0.484337005139376 neg 0.2833694511750616 off 0.23229354368556232	false	0.0
torheit	neg 1.0		__DUMMY__ 0.479024629216732 neg 0.290179462232992 off 0.230795908550276	false	1.0
dreckskind	off 1.0		__DUMMY__ 0.478609484866656 neg 0.27971664907831595 off 0.24167386605502805	false	0.5
umtauschen	neg 1.0		__DUMMY__ 0.48753466985016064 neg 0.2812375680733967 off 0.23122776207644258	false	1.0
zum			__DUMMY__ 0.4921453659956327 neg 0.28330722453770885 off 0.22454740946665847	false	0.0
zersetzen	neg 1.0		__DUMMY__ 0.48476413044617367 neg 0.2894699536049079 off 0.22576591594891854	false	1.0
zur			__DUMMY__ 0.4868817124243318 neg 0.2902348688819664 off 0.22288341869370165	false	0.0
frust	neg 1.0		__DUMMY__ 0.48585389398432993 neg 0.2849152905142864 off 0.22923081550138374	false	1.0
unerbittlichkeit	neg 1.0		__DUMMY__ 0.4841243656684074 neg 0.2893347274471525 off 0.22654090688444023	false	1.0
zwei			__DUMMY__ 0.49020031621194815 neg 0.28398177043616496 off 0.2258179133518869	false	0.0
unkorrekt	neg 1.0		__DUMMY__ 0.47969417650943325 neg 0.2836980424508557 off 0.23660778103971103	false	1.0
hexe	off 1.0		__DUMMY__ 0.48443732562081804 neg 0.27903031257695177 off 0.2365323618022303	false	0.5
lasch	neg 1.0		__DUMMY__ 0.48197890729942355 neg 0.2844075782453926 off 0.23361351445518397	false	1.0
rivale	neg 1.0		__DUMMY__ 0.48195569270052846 neg 0.2776817820971033 off 0.2403625252023684	false	1.0
mutlos	off 1.0	off 1.0	off 0.5989732168883551 __DUMMY__ 0.23614999298234568 neg 0.16487679012929915	false	1.0
wirr	off 1.0		__DUMMY__ 0.48037064441855404 neg 0.28103048139447345 off 0.2385988741869724	false	0.5
jahr			__DUMMY__ 0.4895590765134113 neg 0.2822531481386361 off 0.22818777534795248	false	0.0
wird			__DUMMY__ 0.4857281250728951 neg 0.2866201694276339 off 0.2276517054994709	false	0.0
strafbar	neg 1.0		__DUMMY__ 0.48235224937811166 neg 0.2912698307278362 off 0.22637791989405215	false	1.0
erosion	neg 1.0		__DUMMY__ 0.4863484444455893 neg 0.2804616925299364 off 0.23318986302447436	false	1.0
eingehen	neg 1.0		__DUMMY__ 0.48410318299243726 neg 0.28839173888623915 off 0.22750507812132348	false	1.0
faul	off 1.0		__DUMMY__ 0.4870361249785784 neg 0.27677269029601864 off 0.23619118472540296	false	0.5
provisorium	neg 1.0		__DUMMY__ 0.49065656440443844 neg 0.2890370190212145 off 0.22030641657434707	false	1.0
schmerzen	neg 1.0		__DUMMY__ 0.4868807207484445 neg 0.28295924214735657 off 0.2301600371041988	false	1.0
schrumpfen	neg 1.0		__DUMMY__ 0.48767439732648443 neg 0.28959671634660206 off 0.22272888632691337	false	1.0
geistlos	off 1.0		__DUMMY__ 0.47878565781604093 neg 0.2887436547587373 off 0.23247068742522178	false	0.5
fehlkauf	neg 1.0		__DUMMY__ 0.48271604014279884 neg 0.28359399980646366 off 0.23368996005073756	false	1.0
frustrierend	neg 1.0		__DUMMY__ 0.4852246151006581 neg 0.2799846845041077 off 0.23479070039523417	false	1.0
unzufrieden	neg 1.0		__DUMMY__ 0.4849017297055426 neg 0.2869083701070719 off 0.2281899001873855	false	1.0
verzweifeln	neg 1.0		__DUMMY__ 0.4859710720018242 neg 0.2836142514071528 off 0.23041467659102297	false	1.0
verzweifelt	neg 1.0		__DUMMY__ 0.4845454942736764 neg 0.2834419307732271 off 0.23201257495309652	false	1.0
misstrauensantrag	neg 1.0		__DUMMY__ 0.48260003395914786 neg 0.2837014812629517 off 0.23369848477790045	false	1.0
abfallen	neg 1.0		__DUMMY__ 0.4888138964930272 neg 0.27831049222834064 off 0.2328756112786321	false	1.0
fucker	off 1.0		__DUMMY__ 0.4816035349608146 neg 0.27957927702392343 off 0.23881718801526194	false	0.5
ungezogen	neg 1.0		__DUMMY__ 0.4816838349576397 neg 0.2730670384332239 off 0.2452491266091363	false	1.0
irrsinnig	neg 1.0	neg 1.0	neg 0.6320693352011983 __DUMMY__ 0.23658356620732277 off 0.13134709859147894	false	1.0
unfassbar	neg 1.0		__DUMMY__ 0.4837346649940949 neg 0.28022175039130853 off 0.23604358461459657	false	1.0
hart	neg 1.0		__DUMMY__ 0.48292830088398714 neg 0.28081824672071737 off 0.23625345239529563	false	1.0
widerlich	off 1.0		__DUMMY__ 0.48211233661810293 neg 0.28133568608856224 off 0.23655197729333471	false	0.5
fatal	neg 1.0		__DUMMY__ 0.4834667887928399 neg 0.28270354055267755 off 0.23382967065448265	false	1.0
bruch	neg 1.0		__DUMMY__ 0.4831738770086412 neg 0.29290126874066774 off 0.22392485425069109	false	1.0
aushungern	neg 1.0		__DUMMY__ 0.4806937138806805 neg 0.2889804267468563 off 0.23032585937246325	false	1.0
anspannung	neg 1.0		__DUMMY__ 0.488960714504247 neg 0.2864508175733922 off 0.2245884679223607	false	1.0
von			__DUMMY__ 0.48891202679390805 neg 0.2841986665017665 off 0.22688930670432553	false	0.0
kraftlos	neg 1.0		__DUMMY__ 0.4890239057357436 neg 0.2819698047709089 off 0.22900628949334742	false	1.0
vom			__DUMMY__ 0.49136038370460167 neg 0.2868890467897238 off 0.22175056950567457	false	0.0
grenzdebil	off 1.0		__DUMMY__ 0.48438504830676676 neg 0.27814405426910166 off 0.2374708974241315	false	0.5
vor			__DUMMY__ 0.4878194417939413 neg 0.28678512387776695 off 0.22539543432829168	false	0.0
unterwerfen	neg 1.0		__DUMMY__ 0.48369268642498453 neg 0.2893127084544272 off 0.22699460512058825	false	1.0
versenkung	neg 1.0		__DUMMY__ 0.4852565061028429 neg 0.28781689112710385 off 0.22692660277005333	false	1.0
entziehen	neg 1.0		__DUMMY__ 0.48500839611940216 neg 0.2905415189176887 off 0.22445008496290905	false	1.0
finanzkrise	neg 1.0		__DUMMY__ 0.4809322049591117 neg 0.28902834974959685 off 0.23003944529129142	false	1.0
schimpfend	neg 1.0		__DUMMY__ 0.4894197489030875 neg 0.27668864167928403 off 0.23389160941762843	false	1.0
profan	neg 1.0		__DUMMY__ 0.4847329611288095 neg 0.28211822250843166 off 0.2331488163627589	false	1.0
korruption	neg 1.0		__DUMMY__ 0.4811068301286676 neg 0.29088193573650234 off 0.2280112341348302	false	1.0
â			__DUMMY__ 0.48646680126421465 neg 0.2844580175018553 off 0.22907518123392992	false	0.0
schmutzig	neg 1.0		__DUMMY__ 0.48609134392203135 neg 0.27656283749358906 off 0.2373458185843797	false	1.0
sexy	neg 1.0		__DUMMY__ 0.48434492969570636 neg 0.28009933931936476 off 0.23555573098492885	false	1.0
abraten	neg 1.0		__DUMMY__ 0.48604542565111997 neg 0.281381261701444 off 0.23257331264743597	false	1.0
schwarz	neg 1.0		__DUMMY__ 0.48403683465599584 neg 0.2829139201567737 off 0.23304924518723039	false	1.0
fotze	off 1.0		__DUMMY__ 0.48326629662625364 neg 0.28758497838505026 off 0.22914872498869598	false	0.5
verwirren	neg 1.0		__DUMMY__ 0.4845098411650908 neg 0.28149727097533983 off 0.2339928878595695	false	1.0
zahnlos	off 1.0		__DUMMY__ 0.4832496097267783 neg 0.288735634501128 off 0.22801475577209387	false	0.5
verheeren	neg 1.0		__DUMMY__ 0.4790980696885049 neg 0.27388867520794297 off 0.24701325510355218	false	1.0
hippie	neg 1.0		__DUMMY__ 0.4839262147546806 neg 0.2808788284167063 off 0.23519495682861302	false	1.0
rammen	neg 1.0		__DUMMY__ 0.4859119815901777 neg 0.27951305023582534 off 0.23457496817399712	false	1.0
unlauter	neg 1.0	neg 1.0	neg 0.6310192212194116 __DUMMY__ 0.23635114163227483 off 0.1326296371483136	false	1.0
unheilvoll	neg 1.0		__DUMMY__ 0.4857519958973755 neg 0.28095965117369387 off 0.2332883529289307	false	1.0
niedrig	neg 1.0		__DUMMY__ 0.48586752604120126 neg 0.28550664424437283 off 0.22862582971442597	false	1.0
explosion	neg 1.0		__DUMMY__ 0.4852428873090895 neg 0.27975245930870024 off 0.2350046533822104	false	1.0
weichei	off 1.0		__DUMMY__ 0.4818374811652917 neg 0.2758859205834918 off 0.2422765982512164	false	0.5
minusmensch	off 1.0		__DUMMY__ 0.476222332792045 neg 0.2779982146766852 off 0.24577945253126987	false	0.5
farblos	neg 1.0		__DUMMY__ 0.4845307995374591 neg 0.2832985294011746 off 0.23217067106136638	false	1.0
unwissend	neg 1.0	neg 1.0	neg 0.6300694715931217 __DUMMY__ 0.2360500101635219 off 0.13388051824335648	false	1.0
traurig	neg 1.0		__DUMMY__ 0.4840497522637541 neg 0.2767217155943474 off 0.23922853214189843	false	1.0
senkung	neg 1.0		__DUMMY__ 0.48417021776380803 neg 0.2811740827929201 off 0.234655699443272	false	1.0
ungleich	neg 1.0	neg 1.0	neg 0.6344584065151045 __DUMMY__ 0.23675686885440647 off 0.128784724630489	false	1.0
heikel	neg 1.0		__DUMMY__ 0.4852438424974726 neg 0.2889198715225891 off 0.22583628597993846	false	1.0
drosselung	neg 1.0		__DUMMY__ 0.4845171065936801 neg 0.2756655974010154 off 0.23981729600530435	false	1.0
falsch	neg 1.0		__DUMMY__ 0.48422363309115357 neg 0.28074224615559096 off 0.23503412075325555	false	1.0
unzufriedenheit	neg 1.0		__DUMMY__ 0.4848634071744847 neg 0.2895549839889304 off 0.22558160883658485	false	1.0
kurz	neg 1.0		__DUMMY__ 0.48837291330857985 neg 0.2815905657429516 off 0.23003652094846858	false	1.0
unsinnig	neg 1.0		__DUMMY__ 0.4843510465588838 neg 0.28710086720651484 off 0.22854808623460127	false	1.0
penner	off 1.0	off 1.0	off 0.6087015625245944 __DUMMY__ 0.2355711723632331 neg 0.15572726511217258	false	1.0
seicht	neg 1.0		__DUMMY__ 0.4789584873698609 neg 0.2768619310796124 off 0.24417958155052677	false	1.0
dummheit	off 1.0	off 1.0	off 0.602362433589459 __DUMMY__ 0.23584243199189833 neg 0.16179513441864282	false	1.0
unerfreulich	neg 1.0		__DUMMY__ 0.4867103610735186 neg 0.28764330432935187 off 0.22564633459712954	false	1.0
motherfucker	off 1.0	off 1.0	off 0.6057563986016168 __DUMMY__ 0.23560380289957467 neg 0.15863979849880852	false	1.0
pikiert	neg 1.0		__DUMMY__ 0.48225402423011865 neg 0.2825750377346414 off 0.23517093803524003	false	1.0
wrack	neg 1.0		__DUMMY__ 0.48606022492061773 neg 0.2848585852701994 off 0.22908118980918304	false	1.0
gangster	neg 1.0		__DUMMY__ 0.48413085142007944 neg 0.28149927730101054 off 0.23436987127890993	false	1.0
krank	neg 1.0		__DUMMY__ 0.48611874972321173 neg 0.27602269822420733 off 0.237858552052581	false	1.0
reich	neg 1.0		__DUMMY__ 0.47769407111610046 neg 0.28700032049726404 off 0.23530560838663545	false	1.0
gnadenlos	neg 1.0		__DUMMY__ 0.4845051718875044 neg 0.28364624856137854 off 0.23184857955111718	false	1.0
niedergeschlagen	neg 1.0		__DUMMY__ 0.48633631797376065 neg 0.28395143171530796 off 0.22971225031093123	false	1.0
terrorisieren	off 1.0	off 1.0	off 0.5989876862615013 __DUMMY__ 0.23728109968664982 neg 0.16373121405184884	false	1.0
sinnlosigkeit	neg 1.0		__DUMMY__ 0.4836795547477872 neg 0.28813697402848004 off 0.2281834712237328	false	1.0
behindern	neg 1.0		__DUMMY__ 0.48643240160517165 neg 0.282251150021023 off 0.2313164483738054	false	1.0
undemokratisch	neg 1.0		__DUMMY__ 0.48016517516390145 neg 0.28828622981992297 off 0.23154859501617547	false	1.0
wirtschaftskrise	neg 1.0		__DUMMY__ 0.4824373336327676 neg 0.2892367339684238 off 0.22832593239880855	false	1.0
neid	neg 1.0		__DUMMY__ 0.4860947908193854 neg 0.27889828279272866 off 0.235006926387886	false	1.0
rutschen	neg 1.0		__DUMMY__ 0.49255079842346455 neg 0.2826099038113543 off 0.22483929776518108	false	1.0
rezession	neg 1.0		__DUMMY__ 0.4796386121640689 neg 0.2799208871031123 off 0.2404405007328189	false	1.0
fehlgeburt	neg 1.0		__DUMMY__ 0.4834704070894554 neg 0.28535165267441087 off 0.23117794023613367	false	1.0
charakterschwach	off 1.0		__DUMMY__ 0.48235729881678213 neg 0.281177074347642 off 0.23646562683557587	false	0.5
isolation	neg 1.0		__DUMMY__ 0.48416278495749493 neg 0.2792813858027589 off 0.2365558292397461	false	1.0
ablenkung	neg 1.0		__DUMMY__ 0.4862576839418578 neg 0.28220143905533634 off 0.2315408770028059	false	1.0
pech	neg 1.0		__DUMMY__ 0.4856985993321966 neg 0.27974688521323116 off 0.23455451545457212	false	1.0
vermeidung	neg 1.0		__DUMMY__ 0.4853752083417964 neg 0.2758813218746915 off 0.238743469783512	false	1.0
dominieren	neg 1.0		__DUMMY__ 0.48514934743933924 neg 0.28498151547292594 off 0.22986913708773485	false	1.0
schwindlig	neg 1.0		__DUMMY__ 0.48748675700374156 neg 0.27786200365231584 off 0.23465123934394264	false	1.0
lutscher	neg 1.0		__DUMMY__ 0.47968379548972667 neg 0.27498461316272366 off 0.24533159134754964	false	1.0
pflicht	neg 1.0		__DUMMY__ 0.48476260665505566 neg 0.2897250527759653 off 0.22551234056897906	false	1.0
faschist	off 1.0		__DUMMY__ 0.4789898860221064 neg 0.2888467468033394 off 0.2321633671745542	false	0.5
verschleudern	neg 1.0		__DUMMY__ 0.48298844596009444 neg 0.2891984633867203 off 0.22781309065318528	false	1.0
wenn			__DUMMY__ 0.4842044107353416 neg 0.28083368511044376 off 0.23496190415421467	false	0.0
ehebruch	neg 1.0		__DUMMY__ 0.48258539229002595 neg 0.29031593611358686 off 0.22709867159638716	false	1.0
spott	off 1.0		__DUMMY__ 0.48324062333857376 neg 0.2901089825619978 off 0.22665039409942828	false	0.5
trostlosigkeit	neg 1.0		__DUMMY__ 0.481651736846558 neg 0.29349040992533576 off 0.2248578532281063	false	1.0
lutschen	neg 1.0		__DUMMY__ 0.4822760562689987 neg 0.28211605818542945 off 0.23560788554557185	false	1.0
undiszipliniert	neg 1.0		__DUMMY__ 0.4837802249121309 neg 0.2776868417323434 off 0.23853293335552578	false	1.0
kopfschmerz	neg 1.0		__DUMMY__ 0.4864248151682502 neg 0.28275271021628 off 0.2308224746154698	false	1.0
unvorhergesehen	neg 1.0		__DUMMY__ 0.490099183379711 neg 0.27949390268600566 off 0.23040691393428345	false	1.0
desinteressiert	neg 1.0		__DUMMY__ 0.48256481852551747 neg 0.2795601032672185 off 0.237875078207264	false	1.0
armselig	off 1.0		__DUMMY__ 0.4815931118294467 neg 0.2796995780508029 off 0.23870731011975035	false	0.5
desaster	neg 1.0		__DUMMY__ 0.48314240755552246 neg 0.29330004104803886 off 0.2235575513964386	false	1.0
tod	neg 1.0		__DUMMY__ 0.4813330532931899 neg 0.2922607409639617 off 0.22640620574284842	false	1.0
herzlos	neg 1.0		__DUMMY__ 0.483461019143614 neg 0.27670212585243953 off 0.23983685500394636	false	1.0
unwissenheit	neg 1.0		__DUMMY__ 0.48300306796610254 neg 0.2890024854230833 off 0.22799444661081414	false	1.0
widersinnig	neg 1.0		__DUMMY__ 0.4802907175633242 neg 0.2910733187206158 off 0.22863596371605982	false	1.0
bedenklich	neg 1.0		__DUMMY__ 0.48473608939912044 neg 0.28846391477846106 off 0.22679999582241853	false	1.0
beanstanden	neg 1.0		__DUMMY__ 0.485267237663015 neg 0.2894459579296433 off 0.22528680440734178	false	1.0
panisch	neg 1.0	neg 1.0	neg 0.6274359012244622 __DUMMY__ 0.23962554892965485 off 0.13293854984588296	false	1.0
debil	off 1.0		__DUMMY__ 0.4866055333866624 neg 0.2907126068839172 off 0.22268185972942045	false	0.5
abstrich	neg 1.0		__DUMMY__ 0.4897319901537013 neg 0.27744613083684344 off 0.23282187900945536	false	1.0
primitiv	neg 1.0		__DUMMY__ 0.48202758857882144 neg 0.2807977118533468 off 0.23717469956783185	false	1.0
abschaum	off 1.0	off 1.0	off 0.6036982027591493 __DUMMY__ 0.23521221225562905 neg 0.16108958498522163	false	1.0
provozieren	neg 1.0		__DUMMY__ 0.48286130525296944 neg 0.28639947004225746 off 0.23073922470477312	false	1.0
tot	neg 1.0		__DUMMY__ 0.4833593764694979 neg 0.2870803795598134 off 0.22956024397068872	false	1.0
instabil	neg 1.0		__DUMMY__ 0.4809775249317989 neg 0.27906832019742384 off 0.23995415487077723	false	1.0
schwuchtel	off 1.0		__DUMMY__ 0.4762110558368485 neg 0.27364455386985137 off 0.2501443902933003	false	0.5
zerren	neg 1.0		__DUMMY__ 0.4860350900852444 neg 0.28449564739981037 off 0.2294692625149451	false	1.0
kinderficker	off 1.0		__DUMMY__ 0.47940296135071947 neg 0.2800992718813407 off 0.24049776676793969	false	0.5
gefahr	neg 1.0		__DUMMY__ 0.48360243464098635 neg 0.28922841649859776 off 0.2271691488604159	false	1.0
rabiat	neg 1.0		__DUMMY__ 0.4845270653787866 neg 0.2846222764075668 off 0.23085065821364661	false	1.0
verlangsamung	neg 1.0		__DUMMY__ 0.48005999837776064 neg 0.27566100125640214 off 0.24427900036583708	false	1.0
ausgestorben	neg 1.0		__DUMMY__ 0.485553977500852 neg 0.2850125848770574 off 0.22943343762209076	false	1.0
anklagen	neg 1.0		__DUMMY__ 0.48265301556292917 neg 0.2873002424616972 off 0.23004674197537361	false	1.0
trott	neg 1.0		__DUMMY__ 0.4858355962472969 neg 0.2828274029186042 off 0.23133700083409892	false	1.0
verminderung	neg 1.0		__DUMMY__ 0.4832187256486062 neg 0.2777824607466268 off 0.238998813604767	false	1.0
nach			__DUMMY__ 0.4908072142813425 neg 0.2850123653467018 off 0.22418042037195587	false	0.0
rost	neg 1.0		__DUMMY__ 0.4799813705166726 neg 0.2756847807893196 off 0.24433384869400773	false	1.0
destruktiv	neg 1.0		__DUMMY__ 0.48218357347863433 neg 0.2885431215635674 off 0.22927330495779827	false	1.0
unzumutbarkeit	neg 1.0		__DUMMY__ 0.4849847110487858 neg 0.27626480128789754 off 0.23875048766331672	false	1.0
labil	off 1.0	off 1.0	off 0.6045486292292614 __DUMMY__ 0.23576536482992383 neg 0.15968600594081467	false	1.0
ziemlich	neg 1.0		__DUMMY__ 0.4842632701366086 neg 0.2788579637872482 off 0.23687876607614305	false	1.0
lachnummer	off 1.0		__DUMMY__ 0.48244407953263896 neg 0.28817172517539497 off 0.22938419529196608	false	0.5
oder			__DUMMY__ 0.48706526830951635 neg 0.2815191000072148 off 0.23141563168326884	false	0.0
verfall	neg 1.0		__DUMMY__ 0.4859775311964709 neg 0.291792921623418 off 0.22222954718011093	false	1.0
ausgrenzung	neg 1.0		__DUMMY__ 0.48020873594249414 neg 0.28747313292207977 off 0.2323181311354261	false	1.0
unordnung	neg 1.0		__DUMMY__ 0.4802152584304989 neg 0.2795211513291349 off 0.2402635902403662	false	1.0
fehlverhalten	neg 1.0		__DUMMY__ 0.4832397680502613 neg 0.29041845947973893 off 0.22634177246999979	false	1.0
eine			__DUMMY__ 0.4872373225109102 neg 0.28720140558469814 off 0.22556127190439165	false	0.0
nille	neg 1.0		__DUMMY__ 0.48211536257245896 neg 0.28727866740417657 off 0.23060597002336458	false	1.0
qual	neg 1.0		__DUMMY__ 0.4855413062329547 neg 0.28328465761748134 off 0.23117403614956375	false	1.0
verschwenden	neg 1.0		__DUMMY__ 0.4857326236163298 neg 0.2870411102237572 off 0.22722626615991293	false	1.0
riesig	neg 1.0		__DUMMY__ 0.4864384713266853 neg 0.2828958396120196 off 0.2306656890612951	false	1.0
verurteilen	neg 1.0		__DUMMY__ 0.48226473809401244 neg 0.2897387064141657 off 0.22799655549182188	false	1.0
klischee	neg 1.0	neg 1.0	neg 0.6314786309939271 __DUMMY__ 0.23570908514844932 off 0.1328122838576235	false	1.0
diktatorisch	neg 1.0		__DUMMY__ 0.47881559830764986 neg 0.29012368574144864 off 0.23106071595090139	false	1.0
vorhersehbar	neg 1.0		__DUMMY__ 0.4825059969683488 neg 0.28482588287282473 off 0.2326681201588264	false	1.0
sowie			__DUMMY__ 0.47937512914162017 neg 0.2783366750279732 off 0.24228819583040676	false	0.0
stornieren	neg 1.0		__DUMMY__ 0.48664556259478126 neg 0.2788406635502326 off 0.23451377385498612	false	1.0
besteuerung	neg 1.0		__DUMMY__ 0.4840025232505831 neg 0.28342690965940476 off 0.2325705670900121	false	1.0
ungeschminkt	neg 1.0		__DUMMY__ 0.4840136010616794 neg 0.2783751996467301 off 0.23761119929159039	false	1.0
kritisch	neg 1.0		__DUMMY__ 0.4835341074907706 neg 0.289652075573123 off 0.2268138169361065	false	1.0
schlamperei	off 1.0		__DUMMY__ 0.4832849753815911 neg 0.28922868074872987 off 0.22748634386967917	false	0.5
sucht	neg 1.0	neg 1.0	neg 0.626954730119785 __DUMMY__ 0.2394927883345893 off 0.13355248154562577	false	1.0
egoistisch	off 1.0		__DUMMY__ 0.4816645214831585 neg 0.2763285729920618 off 0.24200690552477966	false	0.5
ausbeuter	off 1.0		__DUMMY__ 0.4827997954731491 neg 0.2913346945943399 off 0.22586550993251095	false	0.5
arschgeburt	off 1.0		__DUMMY__ 0.47627205497159697 neg 0.27370431380152566 off 0.25002363122687743	false	0.5
schubs	neg 1.0	neg 1.0	neg 0.6302525678086296 __DUMMY__ 0.2395223327299095 off 0.13022509946146102	false	1.0
unsolide	neg 1.0		__DUMMY__ 0.47746934046366835 neg 0.28806270113370536 off 0.23446795840262635	false	1.0
beschwerde	neg 1.0		__DUMMY__ 0.48367756163595504 neg 0.28783422581351 off 0.2284882125505349	false	1.0
stocken	neg 1.0		__DUMMY__ 0.48564274857545314 neg 0.28590944797667195 off 0.228447803447875	false	1.0
isolieren	neg 1.0		__DUMMY__ 0.48743423236094713 neg 0.2814013995596663 off 0.2311643680793866	false	1.0
unheilbar	neg 1.0		__DUMMY__ 0.48377611502461393 neg 0.28487101602075665 off 0.23135286895462945	false	1.0
pisser	off 1.0		__DUMMY__ 0.48085570013614637 neg 0.2793534180498119 off 0.2397908818140418	false	0.5
löschen	neg 1.0		__DUMMY__ 0.48411053188700687 neg 0.2836519288862406 off 0.23223753922675255	false	1.0
durchfallen	neg 1.0		__DUMMY__ 0.48505598507946907 neg 0.2874421013571588 off 0.22750191356337215	false	1.0
wichser	off 1.0		__DUMMY__ 0.479949628450686 neg 0.27339028530829923 off 0.24666008624101476	false	0.5
terror	neg 1.0		__DUMMY__ 0.48610725472164046 neg 0.2782276194673743 off 0.23566512581098528	false	1.0
krass	neg 1.0		__DUMMY__ 0.48322392939624037 neg 0.27648984519910386 off 0.24028622540465577	false	1.0
revolte	neg 1.0	neg 1.0	neg 0.6344194536716933 __DUMMY__ 0.23327045189552698 off 0.13231009443277977	false	1.0
besorgt	neg 1.0		__DUMMY__ 0.4881401608200517 neg 0.2818693239542428 off 0.2299905152257055	false	1.0
nachlassen	neg 1.0		__DUMMY__ 0.48776692464518956 neg 0.2825119351958622 off 0.22972114015894823	false	1.0
alt	neg 1.0		__DUMMY__ 0.48848044056931017 neg 0.28376576499301565 off 0.22775379443767432	false	1.0
hundesohn	off 1.0		__DUMMY__ 0.4776990358022306 neg 0.2770364504323674 off 0.24526451376540187	false	0.5
als			__DUMMY__ 0.486553144188141 neg 0.28467441468752946 off 0.2287724411243295	false	0.0
abschreckung	neg 1.0		__DUMMY__ 0.48398583985534194 neg 0.29085285418313434 off 0.22516130596152376	false	1.0
unqualifiziert	neg 1.0		__DUMMY__ 0.4825884120964567 neg 0.28435611485045637 off 0.23305547305308696	false	1.0
abgewichst	off 1.0		__DUMMY__ 0.4839353406601882 neg 0.28609602661463823 off 0.22996863272517362	false	0.5
schwer	neg 1.0		__DUMMY__ 0.4859044656834187 neg 0.28348833687783237 off 0.23060719743874897	false	1.0
bedeutungslosigkeit	neg 1.0		__DUMMY__ 0.48344637132049406 neg 0.29086152065758614 off 0.22569210802191986	false	1.0
kapitulation	neg 1.0		__DUMMY__ 0.4801259243797475 neg 0.29273836476805354 off 0.22713571085219889	false	1.0
unscharf	neg 1.0		__DUMMY__ 0.48542206227222917 neg 0.2799999015517585 off 0.23457803617601233	false	1.0
schwinden	neg 1.0		__DUMMY__ 0.48587195785702497 neg 0.2872932622140156 off 0.22683477992895962	false	1.0
versklavung	neg 1.0	neg 1.0	neg 0.6339722282000894 __DUMMY__ 0.23467608873941578 off 0.1313516830604948	false	1.0
schlecht	neg 1.0		__DUMMY__ 0.48458099438233865 neg 0.27808883454397043 off 0.23733017107369092	false	1.0
verhasst	neg 1.0		__DUMMY__ 0.48238118544028386 neg 0.286946311916247 off 0.23067250264346928	false	1.0
beschweren	neg 1.0		__DUMMY__ 0.4852905430567037 neg 0.28194699532478024 off 0.2327624616185159	false	1.0
scheiden	neg 1.0		__DUMMY__ 0.48488261328548377 neg 0.28492154487546756 off 0.2301958418390487	false	1.0
frustriert	neg 1.0		__DUMMY__ 0.4854346486019957 neg 0.2850973532643833 off 0.2294679981336212	false	1.0
schimmelig	neg 1.0		__DUMMY__ 0.4863857260830153 neg 0.28538115884214094 off 0.22823311507484378	false	1.0
fisch	neg 1.0		__DUMMY__ 0.48606985692695825 neg 0.28555143985133324 off 0.22837870322170853	false	1.0
schmuggel	neg 1.0		__DUMMY__ 0.4871590762814627 neg 0.28627879686823543 off 0.22656212685030194	false	1.0
auffallen	neg 1.0		__DUMMY__ 0.48491528130587624 neg 0.2818717063072071 off 0.2332130123869167	false	1.0
konkurrenz	neg 1.0		__DUMMY__ 0.48684838477181247 neg 0.2875302781264795 off 0.225621337101708	false	1.0
teufelskreis	neg 1.0		__DUMMY__ 0.48431730183296273 neg 0.28621910862431427 off 0.22946358954272295	false	1.0
aufschreien	neg 1.0		__DUMMY__ 0.4828487312163251 neg 0.2845290836099102 off 0.23262218517376476	false	1.0
schuldner	neg 1.0		__DUMMY__ 0.4834809808683204 neg 0.2896183620829347 off 0.22690065704874485	false	1.0
missgeburt	off 1.0	off 1.0	off 0.6078305369127198 __DUMMY__ 0.23436224577313633 neg 0.15780721731414388	false	1.0
arbeitslos	neg 1.0		__DUMMY__ 0.4839147322231967 neg 0.2878545213268923 off 0.22823074644991112	false	1.0
befallen	neg 1.0		__DUMMY__ 0.48040436767887124 neg 0.2920553999721341 off 0.2275402323489946	false	1.0
miesepetrig	off 1.0		__DUMMY__ 0.4855606438736471 neg 0.27718608380714055 off 0.23725327231921234	false	0.5
alarmieren	neg 1.0		__DUMMY__ 0.4817665128276669 neg 0.2823565515535387 off 0.23587693561879436	false	1.0
ungeduscht	off 1.0		__DUMMY__ 0.48561236096173543 neg 0.2796675019474734 off 0.23472013709079115	false	0.5
knappheit	neg 1.0		__DUMMY__ 0.48513482625768817 neg 0.2856322987192081 off 0.22923287502310385	false	1.0
schlange	neg 1.0		__DUMMY__ 0.48678722374160716 neg 0.2802633619256899 off 0.23294941433270278	false	1.0
harsch	neg 1.0		__DUMMY__ 0.484020281419022 neg 0.2720865495903981 off 0.24389316899057992	false	1.0
lang	neg 1.0		__DUMMY__ 0.4849896456227808 neg 0.28242345165295024 off 0.23258690272426905	false	1.0
ziellos	neg 1.0		__DUMMY__ 0.4860617100188546 neg 0.2857392056135168 off 0.22819908436762848	false	1.0
selbstverliebt	neg 1.0		__DUMMY__ 0.4770478770179661 neg 0.2757635807359968 off 0.247188542246037	false	1.0
beseitigen	neg 1.0		__DUMMY__ 0.4868676298033148 neg 0.2802905657762822 off 0.23284180442040295	false	1.0
dumm	off 1.0		__DUMMY__ 0.48079468384292195 neg 0.2766240367544109 off 0.24258127940266727	false	0.5
arbeitsloser	neg 1.0		__DUMMY__ 0.4840979428280306 neg 0.28855331857264466 off 0.2273487385993247	false	1.0
blitzen	neg 1.0		__DUMMY__ 0.48357101527358065 neg 0.2814613291711217 off 0.23496765555529767	false	1.0
hilflos	neg 1.0		__DUMMY__ 0.48541872911275796 neg 0.28556968570328617 off 0.22901158518395578	false	1.0
eklig	off 1.0		__DUMMY__ 0.48060440457850734 neg 0.2757598382717091 off 0.24363575714978364	false	0.5
begriff			__DUMMY__ 0.48440183601154346 neg 0.28636979693400927 off 0.22922836705444732	false	0.0
hungersnot	neg 1.0		__DUMMY__ 0.479499540640648 neg 0.29104146855846674 off 0.22945899080088528	false	1.0
ungesetzlich	neg 1.0		__DUMMY__ 0.47968516923268284 neg 0.2875595030756467 off 0.23275532769167043	false	1.0
verschwendung	neg 1.0		__DUMMY__ 0.4854860660492093 neg 0.28832811188443397 off 0.22618582206635685	false	1.0
schmerzvoll	neg 1.0		__DUMMY__ 0.48537907628636956 neg 0.2818462337169298 off 0.23277468999670056	false	1.0
vorzeitig	neg 1.0		__DUMMY__ 0.4838247148505717 neg 0.2792587154589599 off 0.2369165696904685	false	1.0
unvollkommenheit	neg 1.0		__DUMMY__ 0.48467159275107724 neg 0.28406168700713147 off 0.23126672024179112	false	1.0
intervenieren	neg 1.0		__DUMMY__ 0.48224830282841774 neg 0.2915923463165602 off 0.22615935085502212	false	1.0
banause	off 1.0		__DUMMY__ 0.47980170357465984 neg 0.2751689267965155 off 0.24502936962882452	false	0.5
rebell	neg 1.0		__DUMMY__ 0.48728934039636157 neg 0.2868003355675201 off 0.22591032403611824	false	1.0
unlogisch	neg 1.0		__DUMMY__ 0.48190554078992215 neg 0.2790822532514635 off 0.23901220595861414	false	1.0
leiden	neg 1.0	neg 1.0	neg 0.6291600466958548 __DUMMY__ 0.24168901594439016 off 0.12915093735975514	false	1.0
abschaffung	neg 1.0		__DUMMY__ 0.48234929165777196 neg 0.2859590075363145 off 0.23169170080591353	false	1.0
sturz	neg 1.0		__DUMMY__ 0.4818610982364544 neg 0.28600033763947547 off 0.23213856412407002	false	1.0
verkleinerung	neg 1.0		__DUMMY__ 0.48088770729525626 neg 0.28436429653498657 off 0.23474799616975708	false	1.0
schmarotzer	off 1.0		__DUMMY__ 0.48272265618392945 neg 0.2898623963937244 off 0.22741494742234625	false	0.5
bestrafung	neg 1.0		__DUMMY__ 0.483229385398498 neg 0.28499829122838943 off 0.23177232337311246	false	1.0
achtlos	neg 1.0		__DUMMY__ 0.4862824004254113 neg 0.28305576072127725 off 0.23066183885331143	false	1.0
ungeheuer	neg 1.0		__DUMMY__ 0.4835831895807338 neg 0.28335274488413986 off 0.23306406553512635	false	1.0
unaufrichtig	neg 1.0		__DUMMY__ 0.4807729291136552 neg 0.28573870615766567 off 0.23348836472867904	false	1.0
groggy	neg 1.0		__DUMMY__ 0.4832189455728485 neg 0.28211442079166493 off 0.23466663363548665	false	1.0
verletzlich	neg 1.0		__DUMMY__ 0.4830765356699451 neg 0.2798248622433179 off 0.23709860208673716	false	1.0
