unsolidarisch	neg 1.0		neg 0.53222989119614 off 0.42484339537664256 __DUMMY__ 0.042926713427217454	false	1.0
nachteilig	neg 1.0		neg 0.5303964938192047 off 0.4260184340096292 __DUMMY__ 0.043585072171166105	false	1.0
skeptisch	neg 1.0		neg 0.5331327911462479 off 0.4231952627218058 __DUMMY__ 0.04367194613194614	false	1.0
schrecklich	neg 1.0		neg 0.5190929219529046 off 0.43756617867733155 __DUMMY__ 0.043340899369763826	false	1.0
schlapp	neg 1.0		neg 0.5211129499235096 off 0.4351882660237658 __DUMMY__ 0.0436987840527245	false	1.0
abfall	neg 1.0		neg 0.534331632581306 off 0.42191187429019394 __DUMMY__ 0.04375649312850007	false	1.0
widerspenstig	neg 1.0		neg 0.5262416186215806 off 0.4299915430275396 __DUMMY__ 0.04376683835087995	false	1.0
abrupt	neg 1.0		neg 0.526480796400454 off 0.42960360063511227 __DUMMY__ 0.04391560296443381	false	1.0
unwirksam	neg 1.0		neg 0.5293887160377894 off 0.4274206780759023 __DUMMY__ 0.04319060588630839	false	1.0
angreifen	neg 1.0		neg 0.5328954702946963 off 0.4235911270232931 __DUMMY__ 0.04351340268201061	false	1.0
inkonsistent	neg 1.0		neg 0.5252263331318191 off 0.4313006450942914 __DUMMY__ 0.04347302177388958	false	1.0
abrutschen	neg 1.0		neg 0.5338472707072953 off 0.42234927183575277 __DUMMY__ 0.043803457456951966	false	1.0
unsicher	neg 1.0		neg 0.5269389851608536 off 0.429393597725392 __DUMMY__ 0.043667417113754346	false	1.0
bauernkind	off 1.0		neg 0.5175768135375812 off 0.43942482553359835 __DUMMY__ 0.04299836092882034	false	0.5
angreifer	neg 1.0		neg 0.5259032852371845 off 0.4308207356733974 __DUMMY__ 0.04327597908941804	false	1.0
trennen	neg 1.0		neg 0.5300447563986015 off 0.4260193505073278 __DUMMY__ 0.04393589309407076	false	1.0
schmutz	neg 1.0		neg 0.5180119115437397 off 0.43807000899897214 __DUMMY__ 0.043918079457288185	false	1.0
inkonsistenz	neg 1.0	neg 1.0	neg 0.7501831571572156 off 0.22907391359696613 __DUMMY__ 0.020742929245818303	false	1.0
erschreckend	neg 1.0		neg 0.5298584602031726 off 0.4266430383295314 __DUMMY__ 0.04349850146729606	false	1.0
ertrinken	neg 1.0		neg 0.5302643021516343 off 0.42599052505317103 __DUMMY__ 0.04374517279519463	false	1.0
pickelface	off 1.0		neg 0.5281277119501623 off 0.42851928839169695 __DUMMY__ 0.043352999658140726	false	0.5
seiner			neg 0.5322296433555805 off 0.4241536123432655 __DUMMY__ 0.04361674430115399	false	0.0
lauch	neg 1.0		neg 0.5327887132863776 off 0.42348641719634866 __DUMMY__ 0.0437248695172737	false	1.0
unwichtig	neg 1.0		neg 0.5232652801080369 off 0.4332834585041199 __DUMMY__ 0.04345126138784327	false	1.0
steuerhinterziehung	neg 1.0		neg 0.5313326719664863 off 0.4254735603905343 __DUMMY__ 0.04319376764297947	false	1.0
schock	neg 1.0		neg 0.5270896651931468 off 0.429039578724937 __DUMMY__ 0.043870756081916165	false	1.0
beule	neg 1.0		neg 0.5199552456752606 off 0.43640486386948035 __DUMMY__ 0.04363989045525896	false	1.0
vergelten	neg 1.0		neg 0.5190497657522807 off 0.4378355884128677 __DUMMY__ 0.0431146458348517	false	1.0
verdorbenheit	neg 1.0		neg 0.5241845700169578 off 0.4320613114078493 __DUMMY__ 0.04375411857519286	false	1.0
trauma	neg 1.0		neg 0.5259372249367155 off 0.4305589496610944 __DUMMY__ 0.04350382540219007	false	1.0
sinnlos	neg 1.0		neg 0.5255395061563234 off 0.43093777814337475 __DUMMY__ 0.04352271570030186	false	1.0
fettsack	off 1.0	off 1.0	off 0.7038020353940696 neg 0.27550850476717686 __DUMMY__ 0.02068945983875363	false	1.0
feige	off 1.0		neg 0.5256351355975537 off 0.43112782424507456 __DUMMY__ 0.043237040157371794	false	0.5
abdanken	neg 1.0		neg 0.5332352257017836 off 0.4237974806526019 __DUMMY__ 0.04296729364561465	false	1.0
wichtigtuer	off 1.0	off 1.0	off 0.6981579044217785 neg 0.2810961154912296 __DUMMY__ 0.020745980086991887	false	1.0
misslingen	neg 1.0		neg 0.523994560721041 off 0.4323080859699205 __DUMMY__ 0.043697353309038525	false	1.0
untreu	off 1.0		neg 0.5225832574460607 off 0.43399039218408086 __DUMMY__ 0.0434263503698584	false	0.5
missmutig	neg 1.0		neg 0.5228282422551853 off 0.43357007477629145 __DUMMY__ 0.04360168296852308	false	1.0
hurenbock	off 1.0		neg 0.5232730501769706 off 0.4329030075142538 __DUMMY__ 0.043823942308775676	false	0.5
betrunken	neg 1.0		neg 0.5197381249775949 off 0.4367213149092256 __DUMMY__ 0.043540560113179604	false	1.0
korrupt	off 1.0		neg 0.5338711663521729 off 0.4230170968675298 __DUMMY__ 0.043111736780297324	false	0.5
unmut	neg 1.0		neg 0.5347364263227966 off 0.42165593646938165 __DUMMY__ 0.04360763720782163	false	1.0
hackfresse	off 1.0		neg 0.5159975139876447 off 0.44078562583208847 __DUMMY__ 0.043216860180266777	false	0.5
aufblasen	neg 1.0		neg 0.524598709134816 off 0.43166102354923175 __DUMMY__ 0.043740267315952396	false	1.0
gewaltsam	neg 1.0		neg 0.5287383761335569 off 0.42802251124375 __DUMMY__ 0.04323911262269323	false	1.0
unbeliebtheit	neg 1.0		neg 0.5257781047695197 off 0.4314240608173248 __DUMMY__ 0.042797834413155544	false	1.0
sturheit	neg 1.0		neg 0.5312487806719265 off 0.42543747955631034 __DUMMY__ 0.04331373977176325	false	1.0
kuh	neg 1.0		neg 0.5258977557715362 off 0.4306375405692675 __DUMMY__ 0.04346470365919645	false	1.0
erschrecken	neg 1.0		neg 0.523483312838801 off 0.4329476738330016 __DUMMY__ 0.043569013328197376	false	1.0
opfer	neg 1.0	neg 1.0	neg 0.7534332872658572 off 0.2256952071765094 __DUMMY__ 0.020871505557633407	false	1.0
sinken	neg 1.0		neg 0.5332840912784255 off 0.4230586153825077 __DUMMY__ 0.04365729333906683	false	1.0
stinktier	neg 1.0		neg 0.5193379914973008 off 0.4374442139393298 __DUMMY__ 0.0432177945633694	false	1.0
tucke	off 1.0		neg 0.51419360549371 off 0.44247993537670705 __DUMMY__ 0.04332645912958307	false	0.5
ein			neg 0.5241034660774023 off 0.4320008629287849 __DUMMY__ 0.04389567099381274	false	0.0
abstieg	neg 1.0		neg 0.5313372156119092 off 0.42531203543262824 __DUMMY__ 0.0433507489554626	false	1.0
missverstehen	neg 1.0		neg 0.5274776484025794 off 0.4292099882250048 __DUMMY__ 0.043312363372415945	false	1.0
ergebnislos	neg 1.0		neg 0.5310841551856129 off 0.42546755989129215 __DUMMY__ 0.04344828492309489	false	1.0
unter			neg 0.5344154285208321 off 0.4213493257706029 __DUMMY__ 0.044235245708565005	false	0.0
manipulieren	neg 1.0		neg 0.5325966657694157 off 0.4238377951713984 __DUMMY__ 0.04356553905918594	false	1.0
unbewiesen	neg 1.0		neg 0.5320250873889232 off 0.4250080502990446 __DUMMY__ 0.04296686231203209	false	1.0
verschleppen	neg 1.0		neg 0.5318928608794169 off 0.4247230303843643 __DUMMY__ 0.04338410873621866	false	1.0
weib	off 1.0		neg 0.5150211236517442 off 0.44184050449695556 __DUMMY__ 0.043138371851300206	false	0.5
opposition	neg 1.0		neg 0.5286109670929534 off 0.42824715423291215 __DUMMY__ 0.04314187867413446	false	1.0
verkehrswidrig	neg 1.0		neg 0.5158342664090905 off 0.4406943590981707 __DUMMY__ 0.04347137449273903	false	1.0
inkorrekt	neg 1.0		neg 0.5257356359454567 off 0.43127251509790243 __DUMMY__ 0.04299184895664094	false	1.0
vermeiden	neg 1.0		neg 0.5329813883698836 off 0.4229666349670824 __DUMMY__ 0.04405197666303403	false	1.0
abweichung	neg 1.0		neg 0.5323697729364113 off 0.424354739998637 __DUMMY__ 0.04327548706495157	false	1.0
alkoholisiert	neg 1.0		neg 0.5277581202887781 off 0.42843903059433436 __DUMMY__ 0.043802849116887525	false	1.0
scheiss	off 1.0	off 1.0	off 0.702192553217386 neg 0.2769379293768662 __DUMMY__ 0.020869517405747728	false	1.0
herausforderung	neg 1.0		neg 0.526270674301109 off 0.4296828421476475 __DUMMY__ 0.04404648355124358	false	1.0
pervers	off 1.0		neg 0.5123419350273772 off 0.4445867916616684 __DUMMY__ 0.04307127331095429	false	0.5
wackelig	neg 1.0		neg 0.5264574957179118 off 0.4295130660921232 __DUMMY__ 0.04402943818996505	false	1.0
verwickeln	neg 1.0		neg 0.5269534525991734 off 0.4296330215075321 __DUMMY__ 0.04341352589329464	false	1.0
vorwand	neg 1.0		neg 0.5346382731186701 off 0.42185442588737976 __DUMMY__ 0.04350730099395014	false	1.0
muschi	off 1.0		neg 0.5290261448185783 off 0.42765380454796265 __DUMMY__ 0.04332005063345907	false	0.5
entmutigung	neg 1.0		neg 0.5313111237427418 off 0.42595636482145816 __DUMMY__ 0.04273251143580002	false	1.0
unangemessen	neg 1.0		neg 0.5326357969210174 off 0.4240594832485269 __DUMMY__ 0.04330471983045568	false	1.0
unstetig	neg 1.0		neg 0.5240248334351862 off 0.4325731840347286 __DUMMY__ 0.04340198253008503	false	1.0
entmutigen	neg 1.0		neg 0.5261156352979646 off 0.430284041597552 __DUMMY__ 0.04360032310448338	false	1.0
schwanz	neg 1.0		neg 0.5296759831044907 off 0.42677950360469413 __DUMMY__ 0.04354451329081505	false	1.0
verbot	neg 1.0		neg 0.5323239054090462 off 0.42447137922191974 __DUMMY__ 0.04320471536903402	false	1.0
leid	neg 1.0		neg 0.5174853081952949 off 0.4392160843070015 __DUMMY__ 0.04329860749770365	false	1.0
archaisch	neg 1.0		neg 0.5315856257085856 off 0.4250611294530159 __DUMMY__ 0.04335324483839867	false	1.0
gegen			neg 0.5348653319319865 off 0.42171497804600816 __DUMMY__ 0.04341969002200539	false	0.0
scheidung	neg 1.0	neg 1.0	neg 0.7371931697214144 off 0.24209839542242031 __DUMMY__ 0.02070843485616538	false	1.0
einschlag	neg 1.0		neg 0.519226801221069 off 0.43759191059922214 __DUMMY__ 0.04318128817970896	false	1.0
m			neg 0.5275788105728408 off 0.42868842105681243 __DUMMY__ 0.043732768370346856	false	0.0
abgestanden	neg 1.0		neg 0.5249363472833145 off 0.4312453847722426 __DUMMY__ 0.043818267944442796	false	1.0
schmierig	off 1.0		neg 0.5179984767297185 off 0.43860373271143827 __DUMMY__ 0.04339779055884324	false	0.5
unpraktisch	neg 1.0		neg 0.5240762935074743 off 0.43212475321902927 __DUMMY__ 0.04379895327349664	false	1.0
wixxer	off 1.0		neg 0.5131273950272207 off 0.4439201571456713 __DUMMY__ 0.0429524478271081	false	0.5
bezeichnet			neg 0.5304591020596373 off 0.42620110432543473 __DUMMY__ 0.04333979361492793	false	0.0
jammerlappen	off 1.0		neg 0.523552516198713 off 0.4330160008063976 __DUMMY__ 0.04343148299488941	false	0.5
farce	neg 1.0		neg 0.5340365035475203 off 0.4230168081970988 __DUMMY__ 0.04294668825538077	false	1.0
zwecklos	neg 1.0		neg 0.5321680446723692 off 0.4244250367992637 __DUMMY__ 0.043406918528367054	false	1.0
turbulent	neg 1.0		neg 0.5201601939637438 off 0.4366001731910747 __DUMMY__ 0.04323963284518157	false	1.0
invasion	neg 1.0		neg 0.5230902697127185 off 0.4332776957582063 __DUMMY__ 0.043632034529075256	false	1.0
schuld	neg 1.0		neg 0.5276010337031456 off 0.4289311453445085 __DUMMY__ 0.04346782095234595	false	1.0
risiko	neg 1.0		neg 0.5213806738859589 off 0.43483020195235295 __DUMMY__ 0.04378912416168808	false	1.0
finster	neg 1.0		neg 0.5245531871723015 off 0.4316036263275625 __DUMMY__ 0.043843186500136105	false	1.0
geisteskrank	off 1.0		neg 0.5242573376393991 off 0.43262948116124006 __DUMMY__ 0.043113181199360875	false	0.5
zusammenbrechen	neg 1.0		neg 0.5280973670971129 off 0.4281796625712365 __DUMMY__ 0.04372297033165076	false	1.0
ausbeute	neg 1.0		neg 0.5282245420689049 off 0.42793326306663837 __DUMMY__ 0.04384219486445674	false	1.0
hinterhalt	neg 1.0		neg 0.5272481869583798 off 0.4293237648802504 __DUMMY__ 0.04342804816136978	false	1.0
kritik	neg 1.0		neg 0.5330966130092762 off 0.42384424160056244 __DUMMY__ 0.043059145390161306	false	1.0
einschrumpfen	neg 1.0		neg 0.526505129910845 off 0.43038988701672576 __DUMMY__ 0.04310498307242926	false	1.0
riskant	neg 1.0		neg 0.5315402177540284 off 0.42481909069675594 __DUMMY__ 0.04364069154921552	false	1.0
frustrieren	neg 1.0		neg 0.5322156972782859 off 0.4242142544243252 __DUMMY__ 0.04357004829738887	false	1.0
groll	neg 1.0		neg 0.5318456755168786 off 0.42473593455272907 __DUMMY__ 0.043418389930392313	false	1.0
gibt			neg 0.5296249375092996 off 0.4267714693060055 __DUMMY__ 0.0436035931846949	false	0.0
qualvoll	neg 1.0		neg 0.5245288587763821 off 0.4318673640261885 __DUMMY__ 0.043603777197429326	false	1.0
wackeln	neg 1.0		neg 0.5243814486197167 off 0.43176896084970195 __DUMMY__ 0.04384959053058126	false	1.0
klagen	neg 1.0		neg 0.5349183860363333 off 0.4216029047822675 __DUMMY__ 0.04347870918139928	false	1.0
bankrott	neg 1.0		neg 0.5216593342321043 off 0.4347667516983826 __DUMMY__ 0.04357391406951316	false	1.0
trauern	neg 1.0		neg 0.5321988859529085 off 0.42425981185633127 __DUMMY__ 0.04354130219076025	false	1.0
ablehnung	neg 1.0	neg 1.0	neg 0.7536212503068276 off 0.2257099586129407 __DUMMY__ 0.020668791080231737	false	1.0
stur	neg 1.0		neg 0.5268920761602994 off 0.4296127113183979 __DUMMY__ 0.04349521252130282	false	1.0
aufruhr	neg 1.0		neg 0.5301909398077427 off 0.42665629731796073 __DUMMY__ 0.043152762874296695	false	1.0
melancholie	neg 1.0		neg 0.5277062355218907 off 0.4284222006323776 __DUMMY__ 0.043871563845731654	false	1.0
ist			neg 0.5266545854204479 off 0.4298547799663029 __DUMMY__ 0.04349063461324926	false	0.0
torheit	neg 1.0		neg 0.5312475577936233 off 0.4257846157897181 __DUMMY__ 0.04296782641665869	false	1.0
dreckskind	off 1.0		neg 0.519521771343406 off 0.43754982392131647 __DUMMY__ 0.042928404735277426	false	0.5
umtauschen	neg 1.0		neg 0.5259842506409538 off 0.43022474668083555 __DUMMY__ 0.0437910026782106	false	1.0
zum			neg 0.5308718504151972 off 0.4248938663294278 __DUMMY__ 0.04423428325537495	false	0.0
zersetzen	neg 1.0		neg 0.5335968350223511 off 0.42287610409891735 __DUMMY__ 0.043527060878731476	false	1.0
zur			neg 0.535565988163572 off 0.42070559461606494 __DUMMY__ 0.04372841722036299	false	0.0
frust	neg 1.0		neg 0.5292148438554276 off 0.42714855598245455 __DUMMY__ 0.04363660016211783	false	1.0
unerbittlichkeit	neg 1.0		neg 0.5331308973753164 off 0.423405353378467 __DUMMY__ 0.043463749246216675	false	1.0
zwei			neg 0.5305120846586464 off 0.4254381294227422 __DUMMY__ 0.044049785918611556	false	0.0
unkorrekt	neg 1.0		neg 0.5245161193723592 off 0.43245455471608785 __DUMMY__ 0.04302932591155288	false	1.0
hexe	off 1.0		neg 0.5219209473634594 off 0.43459341538327484 __DUMMY__ 0.043485637253265756	false	0.5
lasch	neg 1.0		neg 0.5265653780065072 off 0.43017727943752837 __DUMMY__ 0.04325734255596455	false	1.0
rivale	neg 1.0		neg 0.5191857426801512 off 0.43756593371468255 __DUMMY__ 0.0432483236051662	false	1.0
mutlos	off 1.0	off 1.0	off 0.6953217439161246 neg 0.2838993155995747 __DUMMY__ 0.020778940484300668	false	1.0
wirr	off 1.0		neg 0.5219428813460436 off 0.43496425873679845 __DUMMY__ 0.043092859917158	false	0.5
jahr			neg 0.5282974052949766 off 0.4277201657547455 __DUMMY__ 0.043982428950277985	false	0.0
wird			neg 0.5309518052442023 off 0.42542348887260106 __DUMMY__ 0.04362470588319666	false	0.0
strafbar	neg 1.0		neg 0.5342564064616081 off 0.4224510956045353 __DUMMY__ 0.04329249793385671	false	1.0
erosion	neg 1.0		neg 0.5246068793454138 off 0.4317110909145087 __DUMMY__ 0.04368202974007737	false	1.0
eingehen	neg 1.0		neg 0.5320446363228776 off 0.424488184316296 __DUMMY__ 0.043467179360826474	false	1.0
faul	off 1.0		neg 0.520921404206872 off 0.43533413548747524 __DUMMY__ 0.043744460305652606	false	0.5
provisorium	neg 1.0		neg 0.5362387609677951 off 0.41966776897280794 __DUMMY__ 0.044093470059396914	false	1.0
schmerzen	neg 1.0		neg 0.5274796957144939 off 0.42879212947195244 __DUMMY__ 0.04372817481355353	false	1.0
schrumpfen	neg 1.0		neg 0.5353221633865336 off 0.4208746257688495 __DUMMY__ 0.04380321084461707	false	1.0
geistlos	off 1.0		neg 0.5295716250021667 off 0.42748174058529814 __DUMMY__ 0.04294663441253508	false	0.5
fehlkauf	neg 1.0		neg 0.5260494276744178 off 0.43062137669167616 __DUMMY__ 0.0433291956339062	false	1.0
frustrierend	neg 1.0		neg 0.523484484348325 off 0.43294119127952574 __DUMMY__ 0.04357432437214944	false	1.0
unzufrieden	neg 1.0		neg 0.5308717639936474 off 0.42558422043551436 __DUMMY__ 0.043544015570838285	false	1.0
verzweifeln	neg 1.0		neg 0.5278620683595228 off 0.42849000508969287 __DUMMY__ 0.04364792655078431	false	1.0
verzweifelt	neg 1.0		neg 0.5268662041269767 off 0.4296229207160424 __DUMMY__ 0.04351087515698083	false	1.0
misstrauensantrag	neg 1.0		neg 0.5260124160673054 off 0.4306710158089564 __DUMMY__ 0.043316568123738276	false	1.0
abfallen	neg 1.0		neg 0.5235634513083413 off 0.43251870352658994 __DUMMY__ 0.043917845165068616	false	1.0
fucker	off 1.0		neg 0.5210802205396533 off 0.43569299050006843 __DUMMY__ 0.043226788960278296	false	0.5
ungezogen	neg 1.0		neg 0.5140041325542287 off 0.4427710227839034 __DUMMY__ 0.04322484466186784	false	1.0
irrsinnig	neg 1.0	neg 1.0	neg 0.751201698549122 off 0.2279774228179195 __DUMMY__ 0.02082087863295852	false	1.0
unfassbar	neg 1.0		neg 0.5229126588991833 off 0.43365751519965207 __DUMMY__ 0.04342982590116461	false	1.0
hart	neg 1.0		neg 0.5230969698256301 off 0.433568162438233 __DUMMY__ 0.04333486773613674	false	1.0
widerlich	off 1.0		neg 0.5232578997693694 off 0.4334695031998515 __DUMMY__ 0.04327259703077921	false	0.5
fatal	neg 1.0		neg 0.5254877062827117 off 0.4311057640781698 __DUMMY__ 0.0434065296391187	false	1.0
bruch	neg 1.0		neg 0.5364632713625589 off 0.42016952540214203 __DUMMY__ 0.04336720323529904	false	1.0
aushungern	neg 1.0		neg 0.5309449399649496 off 0.4259271989822367 __DUMMY__ 0.04312786105281355	false	1.0
anspannung	neg 1.0		neg 0.5325809219960581 off 0.4234914822358791 __DUMMY__ 0.0439275957680628	false	1.0
von			neg 0.5300838576316217 off 0.42600093770279274 __DUMMY__ 0.04391520466558537	false	0.0
kraftlos	neg 1.0		neg 0.5277181339735396 off 0.42834388685577224 __DUMMY__ 0.04393797917068815	false	1.0
vom			neg 0.5342804299919471 off 0.4215611996346778 __DUMMY__ 0.04415837037337513	false	0.0
grenzdebil	off 1.0		neg 0.5210178299635825 off 0.4354898155126999 __DUMMY__ 0.043492354523717504	false	0.5
vor			neg 0.5323092218192981 off 0.42386611659515205 __DUMMY__ 0.043824661585549915	false	0.0
unterwerfen	neg 1.0		neg 0.5328639269141991 off 0.42371466353296816 __DUMMY__ 0.043421409552832656	false	1.0
versenkung	neg 1.0		neg 0.5320805865464645 off 0.42434331316795704 __DUMMY__ 0.043576100285578394	false	1.0
entziehen	neg 1.0		neg 0.5348937929039417 off 0.42155439141496237 __DUMMY__ 0.04355181568109607	false	1.0
finanzkrise	neg 1.0		neg 0.5309713305543391 off 0.42587784119562233 __DUMMY__ 0.0431508282500385	false	1.0
schimpfend	neg 1.0		neg 0.522129320172872 off 0.43390357516584266 __DUMMY__ 0.04396710466128531	false	1.0
profan	neg 1.0		neg 0.5255122363839325 off 0.43096181447442505 __DUMMY__ 0.04352594914164242	false	1.0
korruption	neg 1.0		neg 0.5331547490413037 off 0.42367641684088153 __DUMMY__ 0.04316883411781485	false	1.0
â			neg 0.5289860755406629 off 0.4273188495557602 __DUMMY__ 0.043695074903576804	false	0.0
schmutzig	neg 1.0		neg 0.5202245284046412 off 0.43611949746733336 __DUMMY__ 0.04365597412802551	false	1.0
sexy	neg 1.0		neg 0.5231236817131525 off 0.4333850082549632 __DUMMY__ 0.04349131003188431	false	1.0
abraten	neg 1.0		neg 0.5254198018293685 off 0.43092900696410436 __DUMMY__ 0.04365119120652704	false	1.0
schwarz	neg 1.0		neg 0.5260157713949213 off 0.43052399703298566 __DUMMY__ 0.04346023157209297	false	1.0
fotze	off 1.0		neg 0.5306805647694774 off 0.42594068437398197 __DUMMY__ 0.043378750856540596	false	0.5
verwirren	neg 1.0		neg 0.5247411225344214 off 0.4317524483887692 __DUMMY__ 0.043506429076809336	false	1.0
zahnlos	off 1.0		neg 0.5319645806005546 off 0.42465168548648113 __DUMMY__ 0.04338373391296436	false	0.5
verheeren	neg 1.0		neg 0.513549994795265 off 0.44347863665463155 __DUMMY__ 0.042971368550103514	false	1.0
hippie	neg 1.0		neg 0.5237577131152154 off 0.43279115744491015 __DUMMY__ 0.04345112943987459	false	1.0
rammen	neg 1.0		neg 0.5232673062243062 off 0.4331070868648533 __DUMMY__ 0.043625606910840484	false	1.0
unlauter	neg 1.0	neg 1.0	neg 0.7500592507847431 off 0.22914620620261952 __DUMMY__ 0.020794543012637372	false	1.0
unheilvoll	neg 1.0		neg 0.5247728495955114 off 0.4316110099951182 __DUMMY__ 0.0436161404093705	false	1.0
niedrig	neg 1.0		neg 0.5298181079678912 off 0.4265607884535864 __DUMMY__ 0.043621103578522426	false	1.0
explosion	neg 1.0		neg 0.5232477642184988 off 0.433177661117462 __DUMMY__ 0.04357457466403924	false	1.0
weichei	off 1.0		neg 0.5171152317981614 off 0.4396408080227474 __DUMMY__ 0.04324396017909115	false	0.5
minusmensch	off 1.0		neg 0.5164726308994056 off 0.44083243306165987 __DUMMY__ 0.042694936038934574	false	0.5
farblos	neg 1.0		neg 0.5266427113692966 off 0.42987207342991596 __DUMMY__ 0.043485215200787304	false	1.0
unwissend	neg 1.0	neg 1.0	neg 0.7488915293585844 off 0.23033672981833841 __DUMMY__ 0.020771740823077155	false	1.0
traurig	neg 1.0		neg 0.5192876540007466 off 0.43725329422372256 __DUMMY__ 0.04345905177553085	false	1.0
senkung	neg 1.0		neg 0.5241660414948726 off 0.4323702427962845 __DUMMY__ 0.043463715708843026	false	1.0
ungleich	neg 1.0	neg 1.0	neg 0.7537676590922868 off 0.22539824295923533 __DUMMY__ 0.02083409794847782	false	1.0
heikel	neg 1.0		neg 0.5332399473406375 off 0.42318526530936296 __DUMMY__ 0.043574787349999505	false	1.0
drosselung	neg 1.0		neg 0.5183938132815481 off 0.43811216863105895 __DUMMY__ 0.043494018087392915	false	1.0
falsch	neg 1.0		neg 0.5237647757676579 off 0.43275820369370493 __DUMMY__ 0.04347702053863717	false	1.0
unzufriedenheit	neg 1.0		neg 0.5337624940299083 off 0.4227009863919143 __DUMMY__ 0.04353651957817735	false	1.0
kurz	neg 1.0		neg 0.5268982379372391 off 0.4292244040657144 __DUMMY__ 0.043877357997046576	false	1.0
unsinnig	neg 1.0		neg 0.5307755788692952 off 0.4257354449965934 __DUMMY__ 0.04348897613411151	false	1.0
penner	off 1.0	off 1.0	off 0.7050526718154886 neg 0.27421948127132606 __DUMMY__ 0.020727846913185254	false	1.0
seicht	neg 1.0		neg 0.5167107597234769 off 0.4403253988343486 __DUMMY__ 0.042963841442174425	false	1.0
dummheit	off 1.0	off 1.0	off 0.6986818493239776 neg 0.28056564249491084 __DUMMY__ 0.020752508181111646	false	1.0
unerfreulich	neg 1.0		neg 0.5326276671831304 off 0.42365697332464686 __DUMMY__ 0.04371535949222267	false	1.0
motherfucker	off 1.0	off 1.0	off 0.7020317018316679 neg 0.27723720474396846 __DUMMY__ 0.020731093424363724	false	1.0
pikiert	neg 1.0		neg 0.5246816735787899 off 0.4320336302619047 __DUMMY__ 0.043284696159305344	false	1.0
wrack	neg 1.0		neg 0.5291941265498625 off 0.42717060019057884 __DUMMY__ 0.0436352732595586	false	1.0
gangster	neg 1.0		neg 0.5245183075660168 off 0.43201132841040474 __DUMMY__ 0.043470364023578484	false	1.0
krank	neg 1.0		neg 0.5196179808035198 off 0.43672533647313455 __DUMMY__ 0.043656682723345594	false	1.0
reich	neg 1.0		neg 0.5269152633912616 off 0.43025694774313517 __DUMMY__ 0.04282778886560334	false	1.0
gnadenlos	neg 1.0		neg 0.5271002990366328 off 0.4293929177157223 __DUMMY__ 0.04350678324764485	false	1.0
niedergeschlagen	neg 1.0		neg 0.5283974454831882 off 0.4279258241670806 __DUMMY__ 0.04367673034973107	false	1.0
terrorisieren	off 1.0	off 1.0	off 0.6958095966062859 neg 0.28330880161784594 __DUMMY__ 0.020881601775868005	false	1.0
sinnlosigkeit	neg 1.0		neg 0.5315265853190753 off 0.4250482092266405 __DUMMY__ 0.043425205454284146	false	1.0
behindern	neg 1.0		neg 0.5265872141847467 off 0.4297224593128201 __DUMMY__ 0.043690326502433166	false	1.0
undemokratisch	neg 1.0		neg 0.5298559474990303 off 0.42706653544423157 __DUMMY__ 0.04307751705673814	false	1.0
wirtschaftskrise	neg 1.0		neg 0.5320740263495463 off 0.4246304271779206 __DUMMY__ 0.04329554647253315	false	1.0
neid	neg 1.0		neg 0.5227474908513087 off 0.43359962640167676 __DUMMY__ 0.043652882747014565	false	1.0
rutschen	neg 1.0		neg 0.5302918353244463 off 0.4254314043423472 __DUMMY__ 0.04427676033320638	false	1.0
rezession	neg 1.0		neg 0.5203574416651404 off 0.4366153081951608 __DUMMY__ 0.043027250139698776	false	1.0
fehlgeburt	neg 1.0		neg 0.5282936779013129 off 0.4283235457732298 __DUMMY__ 0.0433827763254575	false	1.0
charakterschwach	off 1.0		neg 0.5232732762281684 off 0.43343421929700837 __DUMMY__ 0.04329250447482318	false	0.5
isolation	neg 1.0		neg 0.5221170540535941 off 0.43441222936234114 __DUMMY__ 0.04347071658406477	false	1.0
ablenkung	neg 1.0		neg 0.5264543793846154 off 0.4298707126700319 __DUMMY__ 0.04367490794535275	false	1.0
pech	neg 1.0		neg 0.5233621229722407 off 0.4330269444994887 __DUMMY__ 0.04361093252827065	false	1.0
vermeidung	neg 1.0		neg 0.5190724065709207 off 0.4373463996800362 __DUMMY__ 0.04358119374904317	false	1.0
dominieren	neg 1.0		neg 0.52890652399025 off 0.42753862735378123 __DUMMY__ 0.0435548486559688	false	1.0
schwindlig	neg 1.0		neg 0.522312864635214 off 0.43389943947268 __DUMMY__ 0.04378769589210605	false	1.0
lutscher	neg 1.0		neg 0.5149857464236903 off 0.44198301818222996 __DUMMY__ 0.043031235394079874	false	1.0
pflicht	neg 1.0		neg 0.5338826364928646 off 0.4225883883570782 __DUMMY__ 0.04352897515005735	false	1.0
faschist	off 1.0		neg 0.529819361454225 off 0.4272181943401507 __DUMMY__ 0.04296244420562421	false	0.5
verschleudern	neg 1.0		neg 0.5323109870539493 off 0.4243406230708495 __DUMMY__ 0.04334838987520128	false	1.0
wenn			neg 0.5238299773231022 off 0.4326929311342625 __DUMMY__ 0.0434770915426353	false	0.0
ehebruch	neg 1.0		neg 0.5333679871114412 off 0.42332013665709983 __DUMMY__ 0.043311876231459066	false	1.0
spott	off 1.0		neg 0.5335020196393873 off 0.4231210631933875 __DUMMY__ 0.04337691716722528	false	0.5
trostlosigkeit	neg 1.0		neg 0.5362188708157596 off 0.4205574725546558 __DUMMY__ 0.04322365662958465	false	1.0
lutschen	neg 1.0		neg 0.5242147035132679 off 0.4325063557846831 __DUMMY__ 0.04327894070204909	false	1.0
undiszipliniert	neg 1.0		neg 0.5201751227096443 off 0.43639468628848 __DUMMY__ 0.04343019100187568	false	1.0
kopfschmerz	neg 1.0		neg 0.5270260598645349 off 0.42929253519988464 __DUMMY__ 0.04368140493558044	false	1.0
unvorhergesehen	neg 1.0		neg 0.5255669166928216 off 0.4303978989596443 __DUMMY__ 0.04403518434753397	false	1.0
desinteressiert	neg 1.0		neg 0.5215648804025285 off 0.4351188780422313 __DUMMY__ 0.04331624155524025	false	1.0
armselig	off 1.0		neg 0.5212295620350299 off 0.43554822953414474 __DUMMY__ 0.04322220843082538	false	0.5
desaster	neg 1.0		neg 0.5368739911717356 off 0.4197572227709303 __DUMMY__ 0.04336878605733409	false	1.0
tod	neg 1.0		neg 0.5345996012085559 off 0.42221887976174166 __DUMMY__ 0.04318151902970258	false	1.0
herzlos	neg 1.0		neg 0.5189708321440146 off 0.43762696993347644 __DUMMY__ 0.043402197922508975	false	1.0
unwissenheit	neg 1.0		neg 0.5321419903546762 off 0.42450182775734263 __DUMMY__ 0.043356181887981106	false	1.0
widersinnig	neg 1.0		neg 0.5329293101145223 off 0.4239786424252259 __DUMMY__ 0.04309204746025172	false	1.0
bedenklich	neg 1.0		neg 0.5324667282551977 off 0.4240066518870785 __DUMMY__ 0.04352661985772388	false	1.0
beanstanden	neg 1.0		neg 0.5338615578506373 off 0.4225640983585087 __DUMMY__ 0.04357434379085394	false	1.0
panisch	neg 1.0	neg 1.0	neg 0.7480238730544468 off 0.23088197388040357 __DUMMY__ 0.021094153065149626	false	1.0
debil	off 1.0		neg 0.5358522267841345 off 0.42045043943767796 __DUMMY__ 0.04369733377818753	false	0.5
abstrich	neg 1.0		neg 0.5230721846387106 off 0.4329482527525979 __DUMMY__ 0.043979562608691354	false	1.0
primitiv	neg 1.0		neg 0.5226527049848695 off 0.4340834630228124 __DUMMY__ 0.043263831992318195	false	1.0
abschaum	off 1.0	off 1.0	off 0.6997573504853929 neg 0.2795479159522567 __DUMMY__ 0.02069473356235046	false	1.0
provozieren	neg 1.0		neg 0.5291887166691162 off 0.4274645328608689 __DUMMY__ 0.04334675047001506	false	1.0
tot	neg 1.0		neg 0.5300636526508732 off 0.42656197497615406 __DUMMY__ 0.04337437237297261	false	1.0
instabil	neg 1.0		neg 0.520180950867211 off 0.43667011001307987 __DUMMY__ 0.043148939119709226	false	1.0
schwuchtel	off 1.0		neg 0.5117125783074639 off 0.4455897365339031 __DUMMY__ 0.04269768515863305	false	0.5
zerren	neg 1.0		neg 0.5288420884423745 off 0.42750483892513697 __DUMMY__ 0.04365307263248864	false	1.0
kinderficker	off 1.0		neg 0.5205115880841996 off 0.436485999999624 __DUMMY__ 0.043002411916176334	false	0.5
gefahr	neg 1.0		neg 0.5327444535490756 off 0.42384600637474873 __DUMMY__ 0.04340954007617564	false	1.0
rabiat	neg 1.0		neg 0.528166102130064 off 0.4283285037980567 __DUMMY__ 0.04350539407187938	false	1.0
verlangsamung	neg 1.0		neg 0.5160133083788909 off 0.4409242479046779 __DUMMY__ 0.043062443716431226	false	1.0
ausgestorben	neg 1.0		neg 0.5291239102459875 off 0.4272704463531487 __DUMMY__ 0.043605643400863744	false	1.0
anklagen	neg 1.0		neg 0.530132711750446 off 0.42655248412571106 __DUMMY__ 0.04331480412384299	false	1.0
trott	neg 1.0		neg 0.5268783030875918 off 0.42948653467307046 __DUMMY__ 0.04363516223933775	false	1.0
verminderung	neg 1.0		neg 0.5199381054972012 off 0.43668668435475977 __DUMMY__ 0.043375210148038953	false	1.0
nach			neg 0.5319921761238929 off 0.42389957145832957 __DUMMY__ 0.04410825241777756	false	0.0
rost	neg 1.0		neg 0.5159947205550123 off 0.44095482348417714 __DUMMY__ 0.04305045596081056	false	1.0
destruktiv	neg 1.0		neg 0.5311669838404511 off 0.42555517978371776 __DUMMY__ 0.04327783637583109	false	1.0
unzumutbarkeit	neg 1.0		neg 0.5193355509788774 off 0.4371262323174463 __DUMMY__ 0.04353821670367626	false	1.0
labil	off 1.0	off 1.0	off 0.700862370782098 neg 0.2783917394976525 __DUMMY__ 0.02074588972024938	false	1.0
ziemlich	neg 1.0		neg 0.5217097961569899 off 0.43480898000129015 __DUMMY__ 0.04348122384171997	false	1.0
lachnummer	off 1.0		neg 0.5309319503715892 off 0.42576349883491443 __DUMMY__ 0.04330455079349626	false	0.5
oder			neg 0.5261010305135597 off 0.4301473135856354 __DUMMY__ 0.043751655900804834	false	0.0
verfall	neg 1.0		neg 0.5367767396157479 off 0.4195816892667828 __DUMMY__ 0.043641571117469365	false	1.0
ausgrenzung	neg 1.0		neg 0.5289965262598192 off 0.42792229662187947 __DUMMY__ 0.04308117711830138	false	1.0
unordnung	neg 1.0		neg 0.5202295935080269 off 0.43670009771475027 __DUMMY__ 0.04307030877722283	false	1.0
fehlverhalten	neg 1.0		neg 0.5338349834283395 off 0.42278569682184935 __DUMMY__ 0.043379319749811206	false	1.0
eine			neg 0.532409848684306 off 0.4238215330716637 __DUMMY__ 0.043768618244030236	false	0.0
nille	neg 1.0		neg 0.529742187799969 off 0.4269871856673107 __DUMMY__ 0.04327062653272032	false	1.0
qual	neg 1.0		neg 0.52722599620347 off 0.4291673151246641 __DUMMY__ 0.043606688671866	false	1.0
verschwenden	neg 1.0		neg 0.5314144316322735 off 0.42496250726487217 __DUMMY__ 0.04362306110285431	false	1.0
riesig	neg 1.0		neg 0.5273338620962807 off 0.4289882316805053 __DUMMY__ 0.043677906223213867	false	1.0
verurteilen	neg 1.0		neg 0.5325753566933886 off 0.4241418241890917 __DUMMY__ 0.04328281911751972	false	1.0
klischee	neg 1.0	neg 1.0	neg 0.7501600542847063 off 0.22909846788272106 __DUMMY__ 0.02074147783257265	false	1.0
diktatorisch	neg 1.0		neg 0.531120319610903 off 0.42593312080214835 __DUMMY__ 0.04294655958694877	false	1.0
vorhersehbar	neg 1.0		neg 0.5272830565415164 off 0.42940626554264993 __DUMMY__ 0.043310677915833665	false	1.0
sowie			neg 0.5185026227832209 off 0.43849278578614725 __DUMMY__ 0.04300459143063196	false	0.0
stornieren	neg 1.0		neg 0.5230260499376198 off 0.43327704483549145 __DUMMY__ 0.043696905226888655	false	1.0
besteuerung	neg 1.0		neg 0.5265148170828483 off 0.4300378496651403 __DUMMY__ 0.043447333252011444	false	1.0
ungeschminkt	neg 1.0		neg 0.5209814773771521 off 0.4355705718476423 __DUMMY__ 0.043447950775205545	false	1.0
kritisch	neg 1.0		neg 0.5331330065844752 off 0.42345779823318525 __DUMMY__ 0.0434091951823396	false	1.0
schlamperei	off 1.0		neg 0.5325745157970337 off 0.42404840773513885 __DUMMY__ 0.043377076467827375	false	0.5
sucht	neg 1.0	neg 1.0	neg 0.7475006325526248 off 0.23142415769614025 __DUMMY__ 0.02107520975123491	false	1.0
egoistisch	off 1.0		neg 0.5175911321356549 off 0.4391828100776191 __DUMMY__ 0.04322605778672604	false	0.5
ausbeuter	off 1.0		neg 0.5345851255722655 off 0.42207929714850323 __DUMMY__ 0.04333557727923133	false	0.5
arschgeburt	off 1.0		neg 0.5118485751432893 off 0.4454499343241804 __DUMMY__ 0.042701490532530265	false	0.5
schubs	neg 1.0	neg 1.0	neg 0.7508013838762707 off 0.22811697011830379 __DUMMY__ 0.02108164600542559	false	1.0
unsolide	neg 1.0		neg 0.5281242762266285 off 0.42906106616890693 __DUMMY__ 0.042814657604464526	false	1.0
beschwerde	neg 1.0		neg 0.5312597486609009 off 0.4253257265714247 __DUMMY__ 0.04341452476767447	false	1.0
stocken	neg 1.0		neg 0.5302072450271328 off 0.42618711897178657 __DUMMY__ 0.04360563600108067	false	1.0
isolieren	neg 1.0		neg 0.5263694390300123 off 0.42985628680871957 __DUMMY__ 0.04377427416126803	false	1.0
unheilbar	neg 1.0		neg 0.5280840021793473 off 0.4284878553960009 __DUMMY__ 0.04342814242465186	false	1.0
pisser	off 1.0		neg 0.5204383215230868 off 0.43642058609599976 __DUMMY__ 0.04314109238091345	false	0.5
löschen	neg 1.0		neg 0.5268633821700194 off 0.42966979814668493 __DUMMY__ 0.04346681968329555	false	1.0
durchfallen	neg 1.0		neg 0.5315222963765264 off 0.4249212399918414 __DUMMY__ 0.04355646363163229	false	1.0
wichser	off 1.0		neg 0.5134340982002152 off 0.44350401311540144 __DUMMY__ 0.0430618886843833	false	0.5
terror	neg 1.0		neg 0.5220137685445954 off 0.43432924651422433 __DUMMY__ 0.04365698494118042	false	1.0
krass	neg 1.0		neg 0.5185099670614991 off 0.43811670248384155 __DUMMY__ 0.04337333045465939	false	1.0
revolte	neg 1.0	neg 1.0	neg 0.7519397306278433 off 0.22754316654322887 __DUMMY__ 0.020517102828927845	false	1.0
besorgt	neg 1.0		neg 0.5271628399370882 off 0.4289874056323765 __DUMMY__ 0.043849754430535216	false	1.0
nachlassen	neg 1.0		neg 0.527647607947567 off 0.42854305423311223 __DUMMY__ 0.04380933781932075	false	1.0
alt	neg 1.0		neg 0.5292607239787213 off 0.42686922754348283 __DUMMY__ 0.04387004847779601	false	1.0
hundesohn	off 1.0		neg 0.5162575053432924 off 0.4409040122836395 __DUMMY__ 0.042838482373068164	false	0.5
als			neg 0.5293206032486365 off 0.42697880265039995 __DUMMY__ 0.043700594100963594	false	0.0
abschreckung	neg 1.0		neg 0.5347262075384599 off 0.42182581194204166 __DUMMY__ 0.043447980519498476	false	1.0
unqualifiziert	neg 1.0		neg 0.526871301949006 off 0.4298138796399928 __DUMMY__ 0.04331481841100119	false	1.0
abgewichst	off 1.0		neg 0.5294216173963309 off 0.4271317302010769 __DUMMY__ 0.04344665240259213	false	0.5
schwer	neg 1.0		neg 0.5276646830120122 off 0.42869411079582165 __DUMMY__ 0.04364120619216626	false	1.0
bedeutungslosigkeit	neg 1.0		neg 0.5344115848780915 off 0.42218844394169097 __DUMMY__ 0.043399971180217614	false	1.0
kapitulation	neg 1.0		neg 0.5346497529929791 off 0.42227539909989253 __DUMMY__ 0.04307484790712832	false	1.0
unscharf	neg 1.0		neg 0.5234848604862402 off 0.43293394428611165 __DUMMY__ 0.04358119522764817	false	1.0
schwinden	neg 1.0		neg 0.5318479540879475 off 0.4245240153631623 __DUMMY__ 0.043628030548890265	false	1.0
versklavung	neg 1.0	neg 1.0	neg 0.7522163378446575 off 0.2271398108426133 __DUMMY__ 0.020643851312729184	false	1.0
schlecht	neg 1.0		neg 0.5210788754571246 off 0.4354086156112275 __DUMMY__ 0.04351250893164794	false	1.0
verhasst	neg 1.0		neg 0.529529093322375 off 0.4271723376226726 __DUMMY__ 0.04329856905495243	false	1.0
beschweren	neg 1.0		neg 0.5256656617816041 off 0.4307525956141789 __DUMMY__ 0.043581742604217065	false	1.0
scheiden	neg 1.0		neg 0.5285651900387733 off 0.42790862429086374 __DUMMY__ 0.043526185670362864	false	1.0
frustriert	neg 1.0		neg 0.5291721084638192 off 0.4272315540578126 __DUMMY__ 0.04359633747836826	false	1.0
schimmelig	neg 1.0		neg 0.5298234669255734 off 0.4265066742576696 __DUMMY__ 0.04366985881675701	false	1.0
fisch	neg 1.0		neg 0.5298725270937343 off 0.4264926519139057 __DUMMY__ 0.04363482099235998	false	1.0
schmuggel	neg 1.0		neg 0.5314533241692978 off 0.42480390633883003 __DUMMY__ 0.043742769491872176	false	1.0
auffallen	neg 1.0		neg 0.5253562348986205 off 0.43109852831173173 __DUMMY__ 0.04354523678964772	false	1.0
konkurrenz	neg 1.0		neg 0.532654077313291 off 0.42362257879341914 __DUMMY__ 0.04372334389329001	false	1.0
teufelskreis	neg 1.0		neg 0.529787682514488 off 0.4267251952447114 __DUMMY__ 0.04348712224080043	false	1.0
aufschreien	neg 1.0		neg 0.5271234332020821 off 0.42953101244575453 __DUMMY__ 0.04334555435216337	false	1.0
schuldner	neg 1.0		neg 0.5330728461629675 off 0.4235306253991104 __DUMMY__ 0.04339652843792214	false	1.0
missgeburt	off 1.0	off 1.0	off 0.7036562667295463 neg 0.2757299970051767 __DUMMY__ 0.020613736265277138	false	1.0
arbeitslos	neg 1.0		neg 0.5313640802395356 off 0.4251873843666261 __DUMMY__ 0.043448535393838444	false	1.0
befallen	neg 1.0		neg 0.5339467535580754 off 0.42295731842056006 __DUMMY__ 0.04309592802136453	false	1.0
miesepetrig	off 1.0		neg 0.5205570154474786 off 0.43584185200218445 __DUMMY__ 0.043601132550337034	false	0.5
alarmieren	neg 1.0		neg 0.5242623423710654 off 0.43250852845563464 __DUMMY__ 0.04322912917329996	false	1.0
ungeduscht	off 1.0		neg 0.523195098285515 off 0.43320143016837814 __DUMMY__ 0.043603471546106824	false	0.5
knappheit	neg 1.0		neg 0.5296348488145132 off 0.42681091163258045 __DUMMY__ 0.04355423955290634	false	1.0
schlange	neg 1.0		neg 0.5245965437804799 off 0.43167997004035186 __DUMMY__ 0.04372348617916813	false	1.0
harsch	neg 1.0		neg 0.5142472146334167 off 0.4423035267563402 __DUMMY__ 0.043449258610243215	false	1.0
lang	neg 1.0		neg 0.5260075816814221 off 0.4304397087460777 __DUMMY__ 0.04355270957250023	false	1.0
ziellos	neg 1.0		neg 0.5301761929394501 off 0.426168279142373 __DUMMY__ 0.043655527918176895	false	1.0
selbstverliebt	neg 1.0		neg 0.514437773942213 off 0.4427808642661854 __DUMMY__ 0.04278136179160165	false	1.0
beseitigen	neg 1.0		neg 0.5247816087540609 off 0.4314999348800224 __DUMMY__ 0.043718456365916716	false	1.0
dumm	off 1.0		neg 0.5173975480753813 off 0.4394579499710343 __DUMMY__ 0.043144501953584304	false	0.5
arbeitsloser	neg 1.0		neg 0.5322741073438964 off 0.42426636954487795 __DUMMY__ 0.04345952311122561	false	1.0
blitzen	neg 1.0		neg 0.5242220187730763 off 0.4323658897286567 __DUMMY__ 0.04341209149826694	false	1.0
hilflos	neg 1.0		neg 0.5296640672267293 off 0.42674240986604833 __DUMMY__ 0.043593522907222494	false	1.0
eklig	off 1.0		neg 0.5163160884347846 off 0.44055969629584535 __DUMMY__ 0.04312421526937021	false	0.5
begriff			neg 0.5300298000239947 off 0.4264785297594955 __DUMMY__ 0.04349167021650989	false	0.0
hungersnot	neg 1.0		neg 0.53241328126047 off 0.42457603407367145 __DUMMY__ 0.04301068466585855	false	1.0
ungesetzlich	neg 1.0		neg 0.5288651970875754 off 0.42810401623616345 __DUMMY__ 0.04303078667626111	false	1.0
verschwendung	neg 1.0		neg 0.532716133333753 off 0.4236842925706481 __DUMMY__ 0.04359957409559886	false	1.0
schmerzvoll	neg 1.0		neg 0.5255865832580132 off 0.43082336945274247 __DUMMY__ 0.04359004728924436	false	1.0
vorzeitig	neg 1.0		neg 0.5219728074628661 off 0.43460146728721355 __DUMMY__ 0.04342572524992028	false	1.0
unvollkommenheit	neg 1.0		neg 0.5276504218404046 off 0.42884291392374396 __DUMMY__ 0.04350666423585148	false	1.0
intervenieren	neg 1.0		neg 0.5345657453353474 off 0.4221533232748092 __DUMMY__ 0.04328093138984341	false	1.0
banause	off 1.0		neg 0.5152380160138327 off 0.4417181555091299 __DUMMY__ 0.04304382847703738	false	0.5
rebell	neg 1.0		neg 0.5319843683163696 off 0.42425711272971883 __DUMMY__ 0.04375851895391155	false	1.0
unlogisch	neg 1.0		neg 0.520677207492606 off 0.4360705267858883 __DUMMY__ 0.04325226572150561	false	1.0
leiden	neg 1.0	neg 1.0	neg 0.7508642331380959 off 0.22785771475090008 __DUMMY__ 0.021278052111004007	false	1.0
abschaffung	neg 1.0		neg 0.5284508012347339 off 0.42826118314519146 __DUMMY__ 0.043288015620074664	false	1.0
sturz	neg 1.0		neg 0.528192053865409 off 0.4285711441478373 __DUMMY__ 0.04323680198675369	false	1.0
verkleinerung	neg 1.0		neg 0.52589701094663 off 0.4309589314089999 __DUMMY__ 0.04314405764437006	false	1.0
schmarotzer	off 1.0		neg 0.532907582151708 off 0.42376184771560255 __DUMMY__ 0.04333057013268941	false	0.5
bestrafung	neg 1.0		neg 0.5279049314415821 off 0.42871671102820597 __DUMMY__ 0.04337835753021184	false	1.0
achtlos	neg 1.0		neg 0.5273915795625584 off 0.4289323496636851 __DUMMY__ 0.043676070773756494	false	1.0
ungeheuer	neg 1.0		neg 0.5261898425317066 off 0.4304020268568685 __DUMMY__ 0.043408130611424886	false	1.0
unaufrichtig	neg 1.0		neg 0.5273850289868313 off 0.4294807362998563 __DUMMY__ 0.04313423471331256	false	1.0
groggy	neg 1.0		neg 0.5247806616847691 off 0.4318397886224433 __DUMMY__ 0.04337954969278767	false	1.0
verletzlich	neg 1.0		neg 0.5221015176504079 off 0.43453643379088724 __DUMMY__ 0.0433620485587049	false	1.0
