unsolidarisch	neg 1.0		__DUMMY__ 0.9286542133338425 neg 0.0412949305228019 off 0.030050856143355686	false	1.0
nachteilig	neg 1.0		__DUMMY__ 0.9365468767948145 neg 0.036215376137505945 off 0.02723774706767953	false	1.0
skeptisch	neg 1.0		__DUMMY__ 0.9373994821938649 neg 0.037298371635342366 off 0.025302146170792607	false	1.0
schrecklich	neg 1.0		__DUMMY__ 0.9333226873163802 off 0.03435041218072635 neg 0.032326900502893524	false	0.5
schlapp	neg 1.0		__DUMMY__ 0.9377462161649383 neg 0.031260407903399706 off 0.03099337593166201	false	1.0
abfall	neg 1.0		__DUMMY__ 0.9383226649342987 neg 0.03747373649917289 off 0.024203598566528334	false	1.0
widerspenstig	neg 1.0		__DUMMY__ 0.9385874706397073 neg 0.03334317841493248 off 0.028069350945360193	false	1.0
abrupt	neg 1.0		__DUMMY__ 0.9405202207497291 neg 0.032218520758493095 off 0.027261258491777886	false	1.0
unwirksam	neg 1.0		__DUMMY__ 0.9318470924738059 neg 0.038596490577292995 off 0.029556416948901078	false	1.0
angreifen	neg 1.0		__DUMMY__ 0.9353196868187298 neg 0.03818662137033157 off 0.026493691810938642	false	1.0
inkonsistent	neg 1.0		__DUMMY__ 0.9354783394376193 neg 0.03441093470517443 off 0.030110725857206276	false	1.0
abrutschen	neg 1.0		__DUMMY__ 0.9387597195785891 neg 0.03701664224749722 off 0.024223638173913636	false	1.0
unsicher	neg 1.0		__DUMMY__ 0.937023031011543 neg 0.03433208513832518 off 0.028644883850131742	false	1.0
bauernkind	off 1.0		__DUMMY__ 0.9298719134352642 off 0.03657192775977056 neg 0.033556158804965236	false	1.0
angreifer	neg 1.0		__DUMMY__ 0.9329810410578517 neg 0.0357918720022271 off 0.031227086939921208	false	1.0
trennen	neg 1.0		__DUMMY__ 0.9402700982904035 neg 0.03431882009455875 off 0.025411081615037794	false	1.0
schmutz	neg 1.0		__DUMMY__ 0.9410239079917868 off 0.03170003689480698 neg 0.02727605511340621	false	0.5
inkonsistenz	neg 1.0	neg 1.0	neg 0.5029111300539942 __DUMMY__ 0.4687973810647505 off 0.02829148888125523	false	1.0
erschreckend	neg 1.0		__DUMMY__ 0.9351673658914063 neg 0.03676361218434873 off 0.028069021924245093	false	1.0
ertrinken	neg 1.0		__DUMMY__ 0.9380961618354164 neg 0.03549127875344972 off 0.026412559411133817	false	1.0
pickelface	off 1.0		__DUMMY__ 0.9339905035227419 neg 0.036483405745456984 off 0.029526090731801062	false	0.5
seiner			__DUMMY__ 0.9366048629430139 neg 0.03726421035992355 off 0.02613092669706254	false	0.0
lauch	neg 1.0		__DUMMY__ 0.9384709000740188 neg 0.03670778925744428 off 0.024821310668536933	false	1.0
unwichtig	neg 1.0		__DUMMY__ 0.9347338009214095 neg 0.033557125954962644 off 0.031709073123627876	false	1.0
steuerhinterziehung	neg 1.0		__DUMMY__ 0.932108459944827 neg 0.039030403684217424 off 0.02886113637095548	false	1.0
schock	neg 1.0		__DUMMY__ 0.9396699775225641 neg 0.033085936169137756 off 0.027244086308298252	false	1.0
beule	neg 1.0		__DUMMY__ 0.9373170408663598 off 0.031785726618579487 neg 0.03089723251506066	false	0.5
vergelten	neg 1.0		__DUMMY__ 0.9312116294267345 off 0.03577528114920125 neg 0.03301308942406432	false	0.5
verdorbenheit	neg 1.0		__DUMMY__ 0.9386360488254809 neg 0.032347888014608105 off 0.029016063159910895	false	1.0
trauma	neg 1.0		__DUMMY__ 0.9353222868935689 neg 0.034751796128827575 off 0.029925916977603474	false	1.0
sinnlos	neg 1.0		__DUMMY__ 0.9353937786313563 neg 0.03445735215569778 off 0.030148869212945958	false	1.0
fettsack	off 1.0	off 1.0	off 0.5025816278564988 __DUMMY__ 0.4677644441706065 neg 0.029653927972894702	false	1.0
feige	off 1.0		__DUMMY__ 0.9322676164675494 neg 0.036125443491223055 off 0.03160694004122755	false	0.5
abdanken	neg 1.0		__DUMMY__ 0.9292968923067083 neg 0.04141038408899305 off 0.02929272360429864	false	1.0
wichtigtuer	off 1.0	off 1.0	off 0.49747100584412723 __DUMMY__ 0.46858487633384144 neg 0.03394411782203137	false	1.0
misslingen	neg 1.0		__DUMMY__ 0.9382109830408545 neg 0.03211857580481855 off 0.029670441154326967	false	1.0
untreu	off 1.0		__DUMMY__ 0.9342989283507515 neg 0.03355017012920384 off 0.03215090152004471	false	0.5
missmutig	neg 1.0		__DUMMY__ 0.9364972777472522 neg 0.03257299954505043 off 0.030929722707697314	false	1.0
hurenbock	off 1.0		__DUMMY__ 0.9399028143326866 neg 0.031126029538914864 off 0.02897115612839853	false	0.5
betrunken	neg 1.0		__DUMMY__ 0.9357821551494946 off 0.03269815333651598 neg 0.03151969151398947	false	0.5
korrupt	off 1.0		__DUMMY__ 0.9309932303119046 neg 0.040889840502930506 off 0.028116929185164913	false	0.5
unmut	neg 1.0		__DUMMY__ 0.9367860055629135 neg 0.03830586655960994 off 0.024908127877476583	false	1.0
hackfresse	off 1.0		__DUMMY__ 0.9320401028977396 off 0.03657212495796092 neg 0.03138777214429938	false	1.0
aufblasen	neg 1.0		__DUMMY__ 0.9379837303387328 neg 0.032766436376295914 off 0.029249833284971195	false	1.0
gewaltsam	neg 1.0		__DUMMY__ 0.932608514919383 neg 0.03752512317433501 off 0.029866361906281967	false	1.0
unbeliebtheit	neg 1.0		__DUMMY__ 0.9272770653237093 neg 0.03877157149407683 off 0.033951363182213874	false	1.0
sturheit	neg 1.0		__DUMMY__ 0.9332060882542847 neg 0.03835263649536995 off 0.028441275250345247	false	1.0
kuh	neg 1.0		__DUMMY__ 0.9357034173428033 neg 0.03495182020672668 off 0.0293447624504701	false	1.0
erschrecken	neg 1.0		__DUMMY__ 0.935924535490618 neg 0.03324564214227921 off 0.03082982236710269	false	1.0
opfer	neg 1.0	neg 1.0	neg 0.5044688932403402 __DUMMY__ 0.47130812120222765 off 0.024222985557432252	false	1.0
sinken	neg 1.0		__DUMMY__ 0.9373634281381293 neg 0.037495914134806886 off 0.02514065772706372	false	1.0
stinktier	neg 1.0		__DUMMY__ 0.9323901286833167 off 0.034553294286874855 neg 0.03305657702980844	false	0.5
tucke	off 1.0		__DUMMY__ 0.9339568331562895 off 0.03651901929315706 neg 0.029524147550553496	false	1.0
ein			__DUMMY__ 0.9400549372583957 neg 0.03142074182410822 off 0.02852432091749603	false	0.0
abstieg	neg 1.0		__DUMMY__ 0.9337551397822147 neg 0.03820658457207237 off 0.02803827564571296	false	1.0
missverstehen	neg 1.0		__DUMMY__ 0.9330659445848012 neg 0.03667281230326298 off 0.030261243111935763	false	1.0
ergebnislos	neg 1.0		__DUMMY__ 0.9350191407139377 neg 0.03734896726278451 off 0.027631892023277857	false	1.0
unter			__DUMMY__ 0.9440560177829779 neg 0.03453679733157289 off 0.021407184885449165	false	0.0
manipulieren	neg 1.0		__DUMMY__ 0.9362463105886674 neg 0.03742351909838332 off 0.026330170312949215	false	1.0
unbewiesen	neg 1.0		__DUMMY__ 0.929179866718045 neg 0.04087284742496295 off 0.029947285856992134	false	1.0
verschleppen	neg 1.0		__DUMMY__ 0.9344254634948526 neg 0.038048514698667726 off 0.027526021806479777	false	1.0
weib	off 1.0		__DUMMY__ 0.9313814646839446 off 0.03742687797797261 neg 0.03119165733808285	false	1.0
opposition	neg 1.0		__DUMMY__ 0.9311468216590219 neg 0.038675732374994616 off 0.030177445965983502	false	1.0
verkehrswidrig	neg 1.0		__DUMMY__ 0.9355797212719684 off 0.0349631300594712 neg 0.02945714866856033	false	0.5
inkorrekt	neg 1.0		__DUMMY__ 0.9296050907292257 neg 0.03750791226642793 off 0.03288699700434636	false	1.0
vermeiden	neg 1.0		__DUMMY__ 0.9421472106544284 neg 0.03478381195908284 off 0.023068977386488703	false	1.0
abweichung	neg 1.0		__DUMMY__ 0.9328870554215284 neg 0.03928000558514499 off 0.02783293899332668	false	1.0
alkoholisiert	neg 1.0		__DUMMY__ 0.939552635068041 neg 0.033765480328333104 off 0.026681884603625902	false	1.0
scheiss	off 1.0	off 1.0	off 0.4993632521442159 __DUMMY__ 0.47143594964103286 neg 0.02920079821475128	false	1.0
herausforderung	neg 1.0		__DUMMY__ 0.9421957125936365 neg 0.030922555998492 off 0.02688173140787151	false	1.0
pervers	off 1.0		__DUMMY__ 0.9305241570607157 off 0.03929203754360858 neg 0.03018380539567578	false	1.0
wackelig	neg 1.0		__DUMMY__ 0.9415153069240847 neg 0.03193454140796956 off 0.026550151667945766	false	1.0
verwickeln	neg 1.0		__DUMMY__ 0.9342152484307037 neg 0.03573033801583028 off 0.030054413553466025	false	1.0
vorwand	neg 1.0		__DUMMY__ 0.9354885453647256 neg 0.03905899017564705 off 0.025452464459627414	false	1.0
muschi	off 1.0		__DUMMY__ 0.9334127794441645 neg 0.03729873674352299 off 0.02928848381231256	false	0.5
entmutigung	neg 1.0		__DUMMY__ 0.9264827486022382 neg 0.04199088302304821 off 0.0315263683747136	false	1.0
unangemessen	neg 1.0		__DUMMY__ 0.9330714979491236 neg 0.03928606804384971 off 0.027642434007026682	false	1.0
unstetig	neg 1.0		__DUMMY__ 0.9346697090851817 neg 0.0341732797379942 off 0.031157011176824165	false	1.0
entmutigen	neg 1.0		__DUMMY__ 0.9365579247521889 neg 0.03406939823246444 off 0.02937267701534667	false	1.0
schwanz	neg 1.0		__DUMMY__ 0.9363830389701674 neg 0.036181812470060144 off 0.02743514855977256	false	1.0
verbot	neg 1.0		__DUMMY__ 0.932195100738102 neg 0.03939604182374845 off 0.0284088574381496	false	1.0
leid	neg 1.0		__DUMMY__ 0.9330214480184198 off 0.035324668050151505 neg 0.03165388393142868	false	0.5
archaisch	neg 1.0		__DUMMY__ 0.9336066963370869 neg 0.03854685336764707 off 0.027846450295266046	false	1.0
gegen			__DUMMY__ 0.9344347317425242 neg 0.03959417791343316 off 0.025971090344042668	false	0.0
scheidung	neg 1.0	neg 1.0	neg 0.49110622834845313 __DUMMY__ 0.46822129651439126 off 0.040672475137155606	false	1.0
einschlag	neg 1.0		__DUMMY__ 0.9318385011796221 off 0.03510779119664832 neg 0.03305370762372963	false	0.5
m			__DUMMY__ 0.9380348277792382 neg 0.034266481953504006 off 0.027698690267257832	false	0.0
abgestanden	neg 1.0		__DUMMY__ 0.9397016350161213 neg 0.032442654758732654 off 0.02785571022514618	false	1.0
schmierig	off 1.0		__DUMMY__ 0.9341534546711313 off 0.03452756965213466 neg 0.03131897567673412	false	1.0
unpraktisch	neg 1.0		__DUMMY__ 0.9388932996739991 neg 0.032095224470697535 off 0.02901147585530337	false	1.0
wixxer	off 1.0		__DUMMY__ 0.9290914608929846 off 0.03949971997832365 neg 0.03140881912869179	false	1.0
bezeichnet			__DUMMY__ 0.9334838092117833 neg 0.03794970566822421 off 0.02856648511999242	false	0.0
jammerlappen	off 1.0		__DUMMY__ 0.9343882922399149 neg 0.033961254469800126 off 0.03165045329028492	false	0.5
farce	neg 1.0		__DUMMY__ 0.929056908059185 neg 0.042099751547728895 off 0.028843340393086062	false	1.0
zwecklos	neg 1.0		__DUMMY__ 0.9340904181799652 neg 0.038575317118254245 off 0.027334264701780533	false	1.0
turbulent	neg 1.0		__DUMMY__ 0.9329280036520516 off 0.03411360997069803 neg 0.03295838637725029	false	0.5
invasion	neg 1.0		__DUMMY__ 0.9368906597564226 neg 0.03237926676388871 off 0.03073007347968868	false	1.0
schuld	neg 1.0		__DUMMY__ 0.9348346696015669 neg 0.035762636855418486 off 0.029402693543014568	false	1.0
risiko	neg 1.0		__DUMMY__ 0.9393606009340193 off 0.030779235917573044 neg 0.02986016314840773	false	0.5
finster	neg 1.0		__DUMMY__ 0.9395472693912706 neg 0.032272549245151154 off 0.02818018136357822	false	1.0
geisteskrank	off 1.0		__DUMMY__ 0.930767965307379 neg 0.036175624692196554 off 0.033056410000424426	false	0.5
zusammenbrechen	neg 1.0		__DUMMY__ 0.9376945504638001 neg 0.03452966947263622 off 0.027775780063563626	false	1.0
ausbeute	neg 1.0		__DUMMY__ 0.9397728570382586 neg 0.0338377083725664 off 0.026389434589174976	false	1.0
hinterhalt	neg 1.0		__DUMMY__ 0.9350129866253561 neg 0.03562790110524239 off 0.029359112269401518	false	1.0
kritik	neg 1.0		__DUMMY__ 0.930420573411334 neg 0.040803304830610225 off 0.028776121758055752	false	1.0
einschrumpfen	neg 1.0		__DUMMY__ 0.9309344194122804 neg 0.03739764433675122 off 0.031667936250968406	false	1.0
riskant	neg 1.0		__DUMMY__ 0.9368353963793735 neg 0.036777181860902675 off 0.026387421759723733	false	1.0
frustrieren	neg 1.0		__DUMMY__ 0.9360169071908064 neg 0.0375885460999319 off 0.026394546709261633	false	1.0
groll	neg 1.0		__DUMMY__ 0.9345038200176367 neg 0.038040972133408284 off 0.027455207848955086	false	1.0
gibt			__DUMMY__ 0.9362147317461295 neg 0.0361170735196975 off 0.027668194734173052	false	0.0
qualvoll	neg 1.0		__DUMMY__ 0.9364244928288721 neg 0.03360175617889008 off 0.029973750992237844	false	1.0
wackeln	neg 1.0		__DUMMY__ 0.9392365416715479 neg 0.031933464970402996 off 0.028829993358049172	false	1.0
klagen	neg 1.0		__DUMMY__ 0.9353475118353383 neg 0.03919795634776129 off 0.02545453181690043	false	1.0
bankrott	neg 1.0		__DUMMY__ 0.9361756284379213 neg 0.03224445174960404 off 0.03157991981247454	false	1.0
trauern	neg 1.0		__DUMMY__ 0.9360882821848279 neg 0.037441136563949984 off 0.026470581251222144	false	1.0
ablehnung	neg 1.0	neg 1.0	neg 0.5066517227015442 __DUMMY__ 0.46728411709776513 off 0.02606416020069055	false	1.0
stur	neg 1.0		__DUMMY__ 0.9351550150479171 neg 0.03522268230799739 off 0.02962230264408545	false	1.0
aufruhr	neg 1.0		__DUMMY__ 0.9314863259293574 neg 0.03887794435112317 off 0.029635729719519412	false	1.0
melancholie	neg 1.0		__DUMMY__ 0.9398915942312676 neg 0.03348616748150806 off 0.026622238287224383	false	1.0
ist			__DUMMY__ 0.9348806407459609 neg 0.03543079388187682 off 0.029688565372162346	false	0.0
torheit	neg 1.0		__DUMMY__ 0.9292227071586666 neg 0.04053476902371229 off 0.03024252381762105	false	1.0
dreckskind	off 1.0		__DUMMY__ 0.9288059148867346 off 0.03615413530056693 neg 0.03503994981269847	false	1.0
umtauschen	neg 1.0		__DUMMY__ 0.9388045272227338 neg 0.03334933675377503 off 0.02784613602349113	false	1.0
zum			__DUMMY__ 0.9440250210078407 neg 0.032767511032351614 off 0.023207467959807673	false	0.0
zersetzen	neg 1.0		__DUMMY__ 0.9357156436080398 neg 0.03838511425625891 off 0.025899242135701325	false	1.0
zur			__DUMMY__ 0.9380771711910348 neg 0.03823241890206799 off 0.023690409906897237	false	0.0
frust	neg 1.0		__DUMMY__ 0.9365901995201052 neg 0.03570226459442123 off 0.02770753588547354	false	1.0
unerbittlichkeit	neg 1.0		__DUMMY__ 0.9350729447900534 neg 0.03838283125465858 off 0.026544223955288	false	1.0
zwei			__DUMMY__ 0.9416445728215406 neg 0.033927794704394845 off 0.024427632474064615	false	0.0
unkorrekt	neg 1.0		__DUMMY__ 0.9301592615007492 neg 0.03669928136951627 off 0.033141457129734445	false	1.0
hexe	off 1.0		__DUMMY__ 0.9355199898776295 neg 0.03287488735893002 off 0.03160512276344051	false	0.5
lasch	neg 1.0		__DUMMY__ 0.9325128970458686 neg 0.03641696699352871 off 0.031070135960602707	false	1.0
rivale	neg 1.0		__DUMMY__ 0.9326518243590418 off 0.034679690719776064 neg 0.03266848492118206	false	0.5
mutlos	off 1.0	off 1.0	off 0.49479134418067916 __DUMMY__ 0.4694044468828581 neg 0.03580420893646264	false	1.0
wirr	off 1.0		__DUMMY__ 0.9308426206186283 neg 0.035135236805126285 off 0.03402214257624534	false	0.5
jahr			__DUMMY__ 0.9410451691412487 neg 0.03304448982828085 off 0.025910341030470446	false	0.0
wird			__DUMMY__ 0.9365265127561195 neg 0.036802678184451376 off 0.02667080905942909	false	0.0
strafbar	neg 1.0		__DUMMY__ 0.9330328994799358 neg 0.040077195429183 off 0.026889905090881124	false	1.0
erosion	neg 1.0		__DUMMY__ 0.9374572992060743 neg 0.032964277598839895 off 0.029578423195085718	false	1.0
eingehen	neg 1.0		__DUMMY__ 0.9346852870681617 neg 0.03817069727774569 off 0.02714401565409266	false	1.0
faul	off 1.0		__DUMMY__ 0.9383350399240612 off 0.03092672270660654 neg 0.030738237369332334	false	1.0
provisorium	neg 1.0		__DUMMY__ 0.9423402258792467 neg 0.036619047889106575 off 0.02104072623164673	false	1.0
schmerzen	neg 1.0		__DUMMY__ 0.9380569489528782 neg 0.03458991122004908 off 0.027353139827072694	false	1.0
schrumpfen	neg 1.0		__DUMMY__ 0.9390924020217943 neg 0.03751727782002423 off 0.023390320158181398	false	1.0
geistlos	off 1.0		__DUMMY__ 0.9289174740781653 neg 0.03976828130746423 off 0.03131424461437051	false	0.5
fehlkauf	neg 1.0		__DUMMY__ 0.9334742059057203 neg 0.03575211345260909 off 0.030773680641670638	false	1.0
frustrierend	neg 1.0		__DUMMY__ 0.9359726933875541 neg 0.033118039810804197 off 0.030909266801641754	false	1.0
unzufrieden	neg 1.0		__DUMMY__ 0.9356409177352049 neg 0.03704372292551188 off 0.027315359339283293	false	1.0
verzweifeln	neg 1.0		__DUMMY__ 0.9368094405061379 neg 0.034889547433789095 off 0.028301012060072975	false	1.0
verzweifelt	neg 1.0		__DUMMY__ 0.9351463939178721 neg 0.03534151869243276 off 0.02951208738969519	false	1.0
misstrauensantrag	neg 1.0		__DUMMY__ 0.9331674820484508 neg 0.036185433886727625 off 0.03064708406482154	false	1.0
abfallen	neg 1.0		__DUMMY__ 0.9402264129345247 neg 0.03112318511611754 off 0.028650401949357772	false	1.0
fucker	off 1.0		__DUMMY__ 0.9319086955179315 off 0.03413485358771411 neg 0.03395645089435446	false	1.0
ungezogen	neg 1.0		__DUMMY__ 0.9323330085609471 off 0.037483869933519195 neg 0.03018312150553373	false	0.5
irrsinnig	neg 1.0	neg 1.0	neg 0.5034820873653895 __DUMMY__ 0.46983783039430427 off 0.026680082240306165	false	1.0
unfassbar	neg 1.0		__DUMMY__ 0.9343261434284723 neg 0.03374737664955849 off 0.03192647992196918	false	1.0
hart	neg 1.0		__DUMMY__ 0.9341157209659363 neg 0.03406316177946922 off 0.03182111725459443	false	1.0
widerlich	off 1.0		__DUMMY__ 0.932625709797826 neg 0.0347602664689104 off 0.032614023733263636	false	0.5
fatal	neg 1.0		__DUMMY__ 0.9341641547068349 neg 0.03509838793854508 off 0.030737457354620017	false	1.0
bruch	neg 1.0		__DUMMY__ 0.9338981482196296 neg 0.04082510059231192 off 0.025276751188058555	false	1.0
aushungern	neg 1.0		__DUMMY__ 0.9312417527730912 neg 0.039014211976039055 off 0.029744035250869785	false	1.0
anspannung	neg 1.0		__DUMMY__ 0.9403378559266624 neg 0.03549703700512369 off 0.02416510706821397	false	1.0
von			__DUMMY__ 0.9404673366010393 neg 0.034204564965707264 off 0.025328098433253506	false	0.0
kraftlos	neg 1.0		__DUMMY__ 0.9404485795373515 neg 0.03297790890857969 off 0.026573511554068847	false	1.0
vom			__DUMMY__ 0.9431121411585928 neg 0.035217504643790865 off 0.0216703541976164	false	0.0
grenzdebil	off 1.0		__DUMMY__ 0.9351627521260585 off 0.03255432054136928 neg 0.03228292733257234	false	1.0
vor			__DUMMY__ 0.9389866970747374 neg 0.036102451536063895 off 0.02491085138919873	false	0.0
unterwerfen	neg 1.0		__DUMMY__ 0.9346119807312944 neg 0.03851012477650096 off 0.026877894492204686	false	1.0
versenkung	neg 1.0		__DUMMY__ 0.9360680274287555 neg 0.037357680218063224 off 0.026574292353181265	false	1.0
entziehen	neg 1.0		__DUMMY__ 0.935968740706971 neg 0.03893302694371399 off 0.025098232349315033	false	1.0
finanzkrise	neg 1.0		__DUMMY__ 0.9315050292994597 neg 0.039399771186247705 off 0.02909519951429258	false	1.0
schimpfend	neg 1.0		__DUMMY__ 0.9411320312303594 neg 0.0299173698426917 off 0.02895059892694886	false	1.0
profan	neg 1.0		__DUMMY__ 0.9354629364310069 neg 0.034525467491372086 off 0.03001159607762108	false	1.0
korruption	neg 1.0		__DUMMY__ 0.9317820373174786 neg 0.040155691761212434 off 0.028062270921308998	false	1.0
â			__DUMMY__ 0.9376470177149605 neg 0.035249702265401986 off 0.0271032800196375	false	0.0
schmutzig	neg 1.0		__DUMMY__ 0.9371039711145135 off 0.03203394919359974 neg 0.030862079691886774	false	0.5
sexy	neg 1.0		__DUMMY__ 0.9351225563599781 neg 0.03339731993619371 off 0.03148012370382818	false	1.0
abraten	neg 1.0		__DUMMY__ 0.9370170616508563 neg 0.033689499256041346 off 0.02929343909310229	false	1.0
schwarz	neg 1.0		__DUMMY__ 0.9348466146004905 neg 0.03505826270649143 off 0.03009512269301811	false	1.0
fotze	off 1.0		__DUMMY__ 0.9341465745704821 neg 0.037853789730882 off 0.027999635698635953	false	0.5
verwirren	neg 1.0		__DUMMY__ 0.9351891200125337 neg 0.034180649419642106 off 0.030630230567824254	false	1.0
zahnlos	off 1.0		__DUMMY__ 0.933851853768038 neg 0.03852924461403313 off 0.02761890161792888	false	0.5
verheeren	neg 1.0		__DUMMY__ 0.9292798998172954 off 0.03938551246535888 neg 0.03133458771734573	false	0.5
hippie	neg 1.0		__DUMMY__ 0.9346551343557641 neg 0.03392325309703375 off 0.03142161254720214	false	1.0
rammen	neg 1.0		__DUMMY__ 0.9371934979152053 neg 0.0326428893801138 off 0.030163612704680907	false	1.0
unlauter	neg 1.0	neg 1.0	neg 0.5021632062739215 __DUMMY__ 0.4699260557209671 off 0.02791073800511141	false	1.0
unheilvoll	neg 1.0		__DUMMY__ 0.9369392506431234 neg 0.03349494136497152 off 0.02956580799190508	false	1.0
niedrig	neg 1.0		__DUMMY__ 0.9371525659393334 neg 0.03590021882147158 off 0.026947215239195084	false	1.0
explosion	neg 1.0		__DUMMY__ 0.9362742056022872 neg 0.03282707419562541 off 0.03089872020208732	false	1.0
weichei	off 1.0		__DUMMY__ 0.9322993409009449 off 0.03576072714804928 neg 0.031939931951005904	false	1.0
minusmensch	off 1.0		__DUMMY__ 0.9260338463140532 off 0.039464473771659625 neg 0.03450167991428723	false	1.0
farblos	neg 1.0		__DUMMY__ 0.9360647265359526 neg 0.034970655422000035 off 0.02896461804204734	false	1.0
unwissend	neg 1.0	neg 1.0	neg 0.5018596242899396 __DUMMY__ 0.46900673853061814 off 0.029133637179442347	false	1.0
traurig	neg 1.0		__DUMMY__ 0.9348067374342524 off 0.033622081825775044 neg 0.03157118073997262	false	0.5
senkung	neg 1.0		__DUMMY__ 0.9351990983859081 neg 0.034010490031248626 off 0.03079041158284329	false	1.0
ungleich	neg 1.0	neg 1.0	neg 0.5052126066896043 __DUMMY__ 0.47046747069360384 off 0.02431992261679184	false	1.0
heikel	neg 1.0		__DUMMY__ 0.9362205080086216 neg 0.037997678779587964 off 0.02578181321179054	false	1.0
drosselung	neg 1.0		__DUMMY__ 0.9356772742616596 off 0.03366529420169502 neg 0.03065743153664543	false	0.5
falsch	neg 1.0		__DUMMY__ 0.9350025613862625 neg 0.033772923530466514 off 0.03122451508327098	false	1.0
unzufriedenheit	neg 1.0		__DUMMY__ 0.9358381945579961 neg 0.038345765700369384 off 0.02581603974163457	false	1.0
kurz	neg 1.0		__DUMMY__ 0.9395662415123253 neg 0.033181663894940816 off 0.027252094592733908	false	1.0
unsinnig	neg 1.0		__DUMMY__ 0.9351586082389856 neg 0.03726711452698193 off 0.027574277234032576	false	1.0
penner	off 1.0	off 1.0	off 0.5037120138392781 __DUMMY__ 0.4681198536864277 neg 0.02816813247429408	false	1.0
seicht	neg 1.0		__DUMMY__ 0.9290984523064508 off 0.03782996090016857 neg 0.0330715867933806	false	0.5
dummheit	off 1.0	off 1.0	off 0.4979013498846161 __DUMMY__ 0.46870217371657863 neg 0.03339647639880528	false	1.0
unerfreulich	neg 1.0		__DUMMY__ 0.9378136821477443 neg 0.03691879235817664 off 0.025267525494078985	false	1.0
motherfucker	off 1.0	off 1.0	off 0.5011601554340867 __DUMMY__ 0.4682156727385138 neg 0.030624171827399526	false	1.0
pikiert	neg 1.0		__DUMMY__ 0.9328597141032378 neg 0.035386954303693555 off 0.03175333159306861	false	1.0
wrack	neg 1.0		__DUMMY__ 0.9375645849689758 neg 0.035443249457786125 off 0.02699216557323809	false	1.0
gangster	neg 1.0		__DUMMY__ 0.9349270362431003 neg 0.03426442333036874 off 0.030808540426530927	false	1.0
krank	neg 1.0		__DUMMY__ 0.9372082672316958 off 0.03218326353791501 neg 0.030608469230389266	false	0.5
reich	neg 1.0		__DUMMY__ 0.9276334948685326 neg 0.039604205315037326 off 0.032762299816430036	false	1.0
gnadenlos	neg 1.0		__DUMMY__ 0.9351582253703383 neg 0.03534727575765226 off 0.029494498872009434	false	1.0
niedergeschlagen	neg 1.0		__DUMMY__ 0.9373993043363628 neg 0.0349694800316052 off 0.027631215632032	false	1.0
terrorisieren	off 1.0	off 1.0	off 0.49435427784066166 __DUMMY__ 0.4714261707996573 neg 0.03421955135968098	false	1.0
sinnlosigkeit	neg 1.0		__DUMMY__ 0.934292897551462 neg 0.038138757751795746 off 0.027568344696742155	false	1.0
behindern	neg 1.0		__DUMMY__ 0.9376421777808813 neg 0.03393884674326027 off 0.02841897547585831	false	1.0
undemokratisch	neg 1.0		__DUMMY__ 0.9306682084224047 neg 0.03889700216969935 off 0.030434789407895842	false	1.0
wirtschaftskrise	neg 1.0		__DUMMY__ 0.9332853192942074 neg 0.03886406371658678 off 0.0278506169892058	false	1.0
neid	neg 1.0		__DUMMY__ 0.9372574674958633 neg 0.03217178294313817 off 0.03057074956099867	false	1.0
rutschen	neg 1.0		__DUMMY__ 0.9444199104811497 neg 0.03239066800019902 off 0.023189421518651335	false	1.0
rezession	neg 1.0		__DUMMY__ 0.9297972879799937 off 0.03543554324395663 neg 0.034767168776049635	false	0.5
fehlgeburt	neg 1.0		__DUMMY__ 0.9345621141260633 neg 0.036630688796941896 off 0.028807197076994827	false	1.0
charakterschwach	off 1.0		__DUMMY__ 0.9330212202954741 neg 0.034389134063822914 off 0.032589645640703	false	0.5
isolation	neg 1.0		__DUMMY__ 0.9349100853028421 neg 0.03304706893010357 off 0.03204284576705429	false	1.0
ablenkung	neg 1.0		__DUMMY__ 0.9371322847041927 neg 0.03407482453933738 off 0.028792890756469895	false	1.0
pech	neg 1.0		__DUMMY__ 0.936811128668713 neg 0.03303494275855648 off 0.030153928572730616	false	1.0
vermeidung	neg 1.0		__DUMMY__ 0.9364729619411967 off 0.03285777793762542 neg 0.03066926012117793	false	0.5
dominieren	neg 1.0		__DUMMY__ 0.93619471660857 neg 0.03575306430932861 off 0.028052219082101364	false	1.0
schwindlig	neg 1.0		__DUMMY__ 0.9388326416396396 neg 0.03133314359553082 off 0.029834214764829472	false	1.0
lutscher	neg 1.0		__DUMMY__ 0.9300747773759381 off 0.03799977596447453 neg 0.0319254466595873	false	0.5
pflicht	neg 1.0		__DUMMY__ 0.9355414774275354 neg 0.03859074467221019 off 0.02586777790025447	false	1.0
faschist	off 1.0		__DUMMY__ 0.9293936101310835 neg 0.03957118313891103 off 0.03103520673000556	false	0.5
verschleudern	neg 1.0		__DUMMY__ 0.9337545223148421 neg 0.03881905673472118 off 0.02742642095043669	false	1.0
wenn			__DUMMY__ 0.934802534940822 neg 0.03398358841075472 off 0.031213876648423244	false	0.0
ehebruch	neg 1.0		__DUMMY__ 0.9334209216257886 neg 0.0393411677372455 off 0.027237910636965925	false	1.0
spott	off 1.0		__DUMMY__ 0.9341623567555606 neg 0.0390167005388205 off 0.02682094270561887	false	0.5
trostlosigkeit	neg 1.0		__DUMMY__ 0.9320631282465662 neg 0.041833402139577536 off 0.026103469613856265	false	1.0
lutschen	neg 1.0		__DUMMY__ 0.9331765981771524 neg 0.03492363004581163 off 0.031899771777035985	false	1.0
undiszipliniert	neg 1.0		__DUMMY__ 0.9345845111012177 off 0.03321221677875476 neg 0.03220327212002758	false	0.5
kopfschmerz	neg 1.0		__DUMMY__ 0.9374622991349024 neg 0.03459335471885561 off 0.027944346146241906	false	1.0
unvorhergesehen	neg 1.0		__DUMMY__ 0.941741776075675 neg 0.03132766896750977 off 0.02693055495681523	false	1.0
desinteressiert	neg 1.0		__DUMMY__ 0.9331291055252278 neg 0.03363980878813624 off 0.033231085686636075	false	1.0
armselig	off 1.0		__DUMMY__ 0.9320560735524793 off 0.034052302359636674 neg 0.03389162408788397	false	1.0
desaster	neg 1.0		__DUMMY__ 0.9338593076142255 neg 0.04107327144899951 off 0.025067420936775026	false	1.0
tod	neg 1.0		__DUMMY__ 0.931930015691198 neg 0.04142535610484024 off 0.02664462820396179	false	1.0
herzlos	neg 1.0		__DUMMY__ 0.9341760448156617 off 0.03416951646439605 neg 0.031654438719942224	false	0.5
unwissenheit	neg 1.0		__DUMMY__ 0.9337754186890188 neg 0.038598997738600364 off 0.027625583572380878	false	1.0
widersinnig	neg 1.0		__DUMMY__ 0.9306908982646718 neg 0.04057637563009296 off 0.02873272610523525	false	1.0
bedenklich	neg 1.0		__DUMMY__ 0.9356181592833447 neg 0.03791192951805172 off 0.026469911198603566	false	1.0
beanstanden	neg 1.0		__DUMMY__ 0.9363193608275783 neg 0.038152137700258715 off 0.025528501472163064	false	1.0
panisch	neg 1.0	neg 1.0	neg 0.49769889294794056 __DUMMY__ 0.47557889847319135 off 0.026722208578868086	false	1.0
debil	off 1.0		__DUMMY__ 0.9380166442199005 neg 0.038695008780363416 off 0.023288346999736052	false	0.5
abstrich	neg 1.0		__DUMMY__ 0.9422594034627024 neg 0.030010066537445132 off 0.027730529999852538	false	1.0
primitiv	neg 1.0		__DUMMY__ 0.932594349248037 neg 0.03437751983590031 off 0.03302813091606277	false	1.0
abschaum	off 1.0	off 1.0	off 0.49943432882219935 __DUMMY__ 0.4676583915533049 neg 0.03290727962449579	false	1.0
provozieren	neg 1.0		__DUMMY__ 0.9334066863211464 neg 0.0373939048561522 off 0.029199408822701382	false	1.0
tot	neg 1.0		__DUMMY__ 0.9343854943631243 neg 0.03781217807716993 off 0.027802327559705717	false	1.0
instabil	neg 1.0		__DUMMY__ 0.9314522301502003 off 0.03479206737306176 neg 0.03375570247673793	false	0.5
schwuchtel	off 1.0		__DUMMY__ 0.9259677602723931 off 0.04192061670986474 neg 0.032111623017742175	false	1.0
zerren	neg 1.0		__DUMMY__ 0.9369261758085315 neg 0.035384336727124856 off 0.02768948746434363	false	1.0
kinderficker	off 1.0		__DUMMY__ 0.9298889457782156 off 0.035580524725213294 neg 0.03453052949657107	false	1.0
gefahr	neg 1.0		__DUMMY__ 0.934485216439505 neg 0.03844145065147895 off 0.02707333290901609	false	1.0
rabiat	neg 1.0		__DUMMY__ 0.9352199137880705 neg 0.035901792803820574 off 0.028878293408108983	false	1.0
verlangsamung	neg 1.0		__DUMMY__ 0.9304568347236053 off 0.03757447415854776 neg 0.03196869111784701	false	0.5
ausgestorben	neg 1.0		__DUMMY__ 0.936399023384453 neg 0.03586541884398477 off 0.027735557771562204	false	1.0
anklagen	neg 1.0		__DUMMY__ 0.9336281628059795 neg 0.03751467488818884 off 0.0288571623058317	false	1.0
trott	neg 1.0		__DUMMY__ 0.9368721473652696 neg 0.034522737135517415 off 0.028605115499213057	false	1.0
verminderung	neg 1.0		__DUMMY__ 0.9338792340377822 off 0.033559158384124994 neg 0.032561607578092865	false	0.5
nach			__DUMMY__ 0.9424809234388808 neg 0.034173545083364405 off 0.02334553147775482	false	0.0
rost	neg 1.0		__DUMMY__ 0.9306636578646941 off 0.037468883191712724 neg 0.03186745894359322	false	0.5
destruktiv	neg 1.0		__DUMMY__ 0.9327790600935421 neg 0.03870648932901332 off 0.02851445057744466	false	1.0
unzumutbarkeit	neg 1.0		__DUMMY__ 0.9362208702544288 off 0.033031259811505224 neg 0.030747869934065974	false	0.5
labil	off 1.0	off 1.0	off 0.5000243781100141 __DUMMY__ 0.4685046914062431 neg 0.031470930483742734	false	1.0
ziemlich	neg 1.0		__DUMMY__ 0.9348964877150179 neg 0.03283756597664375 off 0.03226594630833844	false	1.0
lachnummer	off 1.0		__DUMMY__ 0.9329795709314158 neg 0.038384967135255285 off 0.028635461933328905	false	0.5
oder			__DUMMY__ 0.9380774993064265 neg 0.03356493556372613 off 0.028357565129847384	false	0.0
verfall	neg 1.0		__DUMMY__ 0.9372605820283034 neg 0.039261372406372265 off 0.02347804556532433	false	1.0
ausgrenzung	neg 1.0		__DUMMY__ 0.9307753338249473 neg 0.03838634256038302 off 0.03083832361466967	false	1.0
unordnung	neg 1.0		__DUMMY__ 0.93088248932203 off 0.03493913020966362 neg 0.03417838046830632	false	0.5
fehlverhalten	neg 1.0		__DUMMY__ 0.9340269765240208 neg 0.039268192093947454 off 0.02670483138203176	false	1.0
eine			__DUMMY__ 0.9382515483375514 neg 0.03665536549357571 off 0.02509308616887283	false	0.0
nille	neg 1.0		__DUMMY__ 0.9326900980844548 neg 0.038048917155115485 off 0.02926098476042964	false	1.0
qual	neg 1.0		__DUMMY__ 0.9365451963152697 neg 0.034840488696768215 off 0.028614314987962207	false	1.0
verschwenden	neg 1.0		__DUMMY__ 0.9365685290841168 neg 0.037019231920178204 off 0.026412238995704912	false	1.0
riesig	neg 1.0		__DUMMY__ 0.9380477532456022 neg 0.033992526542018245 off 0.027959720212379535	false	1.0
verurteilen	neg 1.0		__DUMMY__ 0.933038272581591 neg 0.039093086852705516 off 0.027868640565703498	false	1.0
klischee	neg 1.0	neg 1.0	neg 0.5033237831075016 __DUMMY__ 0.4682945291867988 off 0.028381687705699637	false	1.0
diktatorisch	neg 1.0		__DUMMY__ 0.9291401470147761 neg 0.04035054038259214 off 0.03050931260263176	false	1.0
vorhersehbar	neg 1.0		__DUMMY__ 0.9329655895050074 neg 0.03662973533734494 off 0.030404675157647745	false	1.0
sowie			__DUMMY__ 0.9295606094630797 off 0.036555638650360045 neg 0.03388375188656021	false	0.0
stornieren	neg 1.0		__DUMMY__ 0.9380008292772513 neg 0.03179796645693773 off 0.030201204265811	false	1.0
besteuerung	neg 1.0		__DUMMY__ 0.9350413328545756 neg 0.03535267545609369 off 0.029605991689330754	false	1.0
ungeschminkt	neg 1.0		__DUMMY__ 0.9351587134184766 neg 0.03256533724460406 off 0.032275949336919345	false	1.0
kritisch	neg 1.0		__DUMMY__ 0.9342844722267233 neg 0.038861739544260164 off 0.026853788229016504	false	1.0
schlamperei	off 1.0		__DUMMY__ 0.934288502307835 neg 0.03844791214577396 off 0.027263585546391012	false	0.5
sucht	neg 1.0	neg 1.0	neg 0.4968367081553047 __DUMMY__ 0.47599389549586346 off 0.027169396348831944	false	1.0
egoistisch	off 1.0		__DUMMY__ 0.9322166132481081 off 0.035837485264693034 neg 0.03194590148719887	false	1.0
ausbeuter	off 1.0		__DUMMY__ 0.9335893588157709 neg 0.039908854556528636 off 0.026501786627700533	false	0.5
arschgeburt	off 1.0		__DUMMY__ 0.9260797423193773 off 0.04191775547431909 neg 0.03200250220630369	false	1.0
schubs	neg 1.0	neg 1.0	neg 0.500351666198604 __DUMMY__ 0.4756973731791143 off 0.023950960622281595	false	1.0
unsolide	neg 1.0		__DUMMY__ 0.9274134353966919 neg 0.03976121751138612 off 0.032825347091922016	false	1.0
beschwerde	neg 1.0		__DUMMY__ 0.9347081656442545 neg 0.037579287556406236 off 0.02771254679933923	false	1.0
stocken	neg 1.0		__DUMMY__ 0.9368160590162878 neg 0.03603125926762529 off 0.027152681716086858	false	1.0
isolieren	neg 1.0		__DUMMY__ 0.9390926167382081 neg 0.032553939347110546 off 0.028353443914681337	false	1.0
unheilbar	neg 1.0		__DUMMY__ 0.9345368586679154 neg 0.03603294779983501 off 0.029430193532249706	false	1.0
pisser	off 1.0		__DUMMY__ 0.9315568707969036 off 0.03464796613268626 neg 0.03379516307041018	false	1.0
löschen	neg 1.0		__DUMMY__ 0.9349121495621787 neg 0.035448478858206615 off 0.029639371579614722	false	1.0
durchfallen	neg 1.0		__DUMMY__ 0.935915268702802 neg 0.037288489457690595 off 0.026796241839507465	false	1.0
wichser	off 1.0		__DUMMY__ 0.9301012760979799 off 0.03892895361574712 neg 0.03096977028627295	false	1.0
terror	neg 1.0		__DUMMY__ 0.937159876814044 neg 0.03187269892774116 off 0.030967424258214745	false	1.0
krass	neg 1.0		__DUMMY__ 0.9341321139109523 off 0.03408794209830632 neg 0.03177994399074139	false	0.5
revolte	neg 1.0	neg 1.0	neg 0.5069232109616187 __DUMMY__ 0.46414037250547313 off 0.028936416532908207	false	1.0
besorgt	neg 1.0		__DUMMY__ 0.9394662389277808 neg 0.03309202046661223 off 0.027441740605606897	false	1.0
nachlassen	neg 1.0		__DUMMY__ 0.9392105661203077 neg 0.03352124991756025 off 0.02726818396213206	false	1.0
alt	neg 1.0		__DUMMY__ 0.9405917826733917 neg 0.03411283306733686 off 0.02529538425927153	false	1.0
hundesohn	off 1.0		__DUMMY__ 0.9277865200646744 off 0.038826972614065605 neg 0.0333865073212599	false	1.0
als			__DUMMY__ 0.9375391846357817 neg 0.035313201641528694 off 0.02714761372268954	false	0.0
abschreckung	neg 1.0		__DUMMY__ 0.9350428835135645 neg 0.03916281574852662 off 0.025794300737908997	false	1.0
unqualifiziert	neg 1.0		__DUMMY__ 0.933313534775521 neg 0.03606434666948387 off 0.030622118554995113	false	1.0
abgewichst	off 1.0		__DUMMY__ 0.9348425081443602 neg 0.036841524424466233 off 0.02831596743117356	false	0.5
schwer	neg 1.0		__DUMMY__ 0.9367016010725313 neg 0.034922511824805866 off 0.02837588710266275	false	1.0
bedeutungslosigkeit	neg 1.0		__DUMMY__ 0.9342306966472713 neg 0.03951903775837152 off 0.02625026559435718	false	1.0
kapitulation	neg 1.0		__DUMMY__ 0.9305988034540121 neg 0.041517636789548805 off 0.027883559756439025	false	1.0
unscharf	neg 1.0		__DUMMY__ 0.9367328720018524 neg 0.033149926669160446 off 0.030117201328987143	false	1.0
schwinden	neg 1.0		__DUMMY__ 0.9370583175871995 neg 0.036725694878160554 off 0.026215987534639957	false	1.0
versklavung	neg 1.0	neg 1.0	neg 0.5056965368274864 __DUMMY__ 0.4668114100408584 off 0.027492053131655134	false	1.0
schlecht	neg 1.0		__DUMMY__ 0.935244904853958 off 0.03253478817483905 neg 0.03222030697120297	false	0.5
verhasst	neg 1.0		__DUMMY__ 0.9329443159410141 neg 0.03778843866786666 off 0.029267245391119148	false	1.0
beschweren	neg 1.0		__DUMMY__ 0.9360560727074476 neg 0.03417943106624354 off 0.02976449622630881	false	1.0
scheiden	neg 1.0		__DUMMY__ 0.9359251439166337 neg 0.03615288109690455 off 0.027921974986461703	false	1.0
frustriert	neg 1.0		__DUMMY__ 0.9362077016452209 neg 0.03592361131010164 off 0.027868687044677383	false	1.0
schimmelig	neg 1.0		__DUMMY__ 0.9380860125480683 neg 0.03588512207436895 off 0.026028865377562684	false	1.0
fisch	neg 1.0		__DUMMY__ 0.9377458975893636 neg 0.03596921586821949 off 0.026284886542416938	false	1.0
schmuggel	neg 1.0		__DUMMY__ 0.9387164221579186 neg 0.035636428707744784 off 0.02564714913433666	false	1.0
auffallen	neg 1.0		__DUMMY__ 0.9356133258261012 neg 0.034322982138806926 off 0.030063692035091797	false	1.0
konkurrenz	neg 1.0		__DUMMY__ 0.9379979696081836 neg 0.03659828325724778 off 0.025403747134568635	false	1.0
teufelskreis	neg 1.0		__DUMMY__ 0.934957402255242 neg 0.03688371299093805 off 0.028158884753819866	false	1.0
aufschreien	neg 1.0		__DUMMY__ 0.9333705866602826 neg 0.03641284560716838 off 0.03021656773254905	false	1.0
schuldner	neg 1.0		__DUMMY__ 0.9344744123858014 neg 0.03871847939747363 off 0.0268071082167249	false	1.0
missgeburt	off 1.0	off 1.0	off 0.503220423428253 __DUMMY__ 0.46637426409080124 neg 0.030405312480945704	false	1.0
arbeitslos	neg 1.0		__DUMMY__ 0.9345107292916212 neg 0.03788765746611283 off 0.027601613242265975	false	1.0
befallen	neg 1.0		__DUMMY__ 0.9307388172919187 neg 0.04145580902129231 off 0.027805373686788995	false	1.0
miesepetrig	off 1.0		__DUMMY__ 0.9366255434849766 off 0.03189401254058836 neg 0.031480443974434974	false	1.0
alarmieren	neg 1.0		__DUMMY__ 0.9324695476994658 neg 0.03509730428189689 off 0.03243314801863739	false	1.0
ungeduscht	off 1.0		__DUMMY__ 0.9368859613572804 neg 0.033017663237996465 off 0.03009637540472316	false	0.5
knappheit	neg 1.0		__DUMMY__ 0.9363678155148282 neg 0.03594909043868096 off 0.027683094046490806	false	1.0
schlange	neg 1.0		__DUMMY__ 0.9377287061534288 neg 0.03292077634802902 off 0.029350517498542155	false	1.0
harsch	neg 1.0		__DUMMY__ 0.9347421274700548 off 0.03633443390746925 neg 0.028923438622475907	false	0.5
lang	neg 1.0		__DUMMY__ 0.9359040000002566 neg 0.034479854154842025 off 0.029616145844901402	false	1.0
ziellos	neg 1.0		__DUMMY__ 0.936798066658218 neg 0.03625150673507997 off 0.026950426606702084	false	1.0
selbstverliebt	neg 1.0		__DUMMY__ 0.9268133357619907 off 0.0399850656662829 neg 0.03320159857172644	false	0.5
beseitigen	neg 1.0		__DUMMY__ 0.9383412823033096 neg 0.03235076311243107 off 0.029307954584259374	false	1.0
dumm	off 1.0		__DUMMY__ 0.9311021917640541 off 0.03634046205447354 neg 0.03255734618147242	false	1.0
arbeitsloser	neg 1.0		__DUMMY__ 0.9349568139238299 neg 0.03796951079725303 off 0.027073675278917134	false	1.0
blitzen	neg 1.0		__DUMMY__ 0.934456921815568 neg 0.03420193732132727 off 0.03134114086310469	false	1.0
hilflos	neg 1.0		__DUMMY__ 0.9363178959431547 neg 0.03616726225225587 off 0.02751484180458938	false	1.0
eklig	off 1.0		__DUMMY__ 0.930913272610735 off 0.03687105617740255 neg 0.03221567121186244	false	1.0
begriff			__DUMMY__ 0.9353640555307391 neg 0.036703774977903635 off 0.02793216949135727	false	0.0
hungersnot	neg 1.0		__DUMMY__ 0.9298066489149756 neg 0.04093023926621822 off 0.029263111818806285	false	1.0
ungesetzlich	neg 1.0		__DUMMY__ 0.9300257904676247 neg 0.038517750178212795 off 0.03145645935416252	false	1.0
verschwendung	neg 1.0		__DUMMY__ 0.9364361996941829 neg 0.03765069421434217 off 0.02591310609147498	false	1.0
schmerzvoll	neg 1.0		__DUMMY__ 0.9361721957492259 neg 0.0341324376746505 off 0.029695366576123518	false	1.0
vorzeitig	neg 1.0		__DUMMY__ 0.9348391857467632 neg 0.03280530641040809 off 0.032355507842828715	false	1.0
unvollkommenheit	neg 1.0		__DUMMY__ 0.9358735870663851 neg 0.03525394106523227 off 0.028872471868382644	false	1.0
intervenieren	neg 1.0		__DUMMY__ 0.933007434632581 neg 0.040199986728943524 off 0.02679257863847552	false	1.0
banause	off 1.0		__DUMMY__ 0.9300665306501495 off 0.03783808149822431 neg 0.03209538785162623	false	1.0
rebell	neg 1.0		__DUMMY__ 0.9390586562952176 neg 0.03609397673562408 off 0.024847366969158312	false	1.0
unlogisch	neg 1.0		__DUMMY__ 0.9323261045811989 off 0.03405207911623198 neg 0.03362181630256906	false	0.5
leiden	neg 1.0	neg 1.0	neg 0.49793251414015316 __DUMMY__ 0.47968844641546476 off 0.022379039444381996	false	1.0
abschaffung	neg 1.0		__DUMMY__ 0.9331976710719639 neg 0.03704999402958645 off 0.029752334898449622	false	1.0
sturz	neg 1.0		__DUMMY__ 0.9324830668872159 neg 0.03741851024822473 off 0.030098422864559323	false	1.0
verkleinerung	neg 1.0		__DUMMY__ 0.9314174962890327 neg 0.03673027371712294 off 0.03185222999384445	false	1.0
schmarotzer	off 1.0		__DUMMY__ 0.9333598600094292 neg 0.03926758192035968 off 0.027372558070211113	false	0.5
bestrafung	neg 1.0		__DUMMY__ 0.9339220441589499 neg 0.036328192251431204 off 0.029749763589618894	false	1.0
achtlos	neg 1.0		__DUMMY__ 0.9371650982909449 neg 0.034565190480456635 off 0.0282697112285985	false	1.0
