unsolidarisch	neg 1.0		__DUMMY__ 0.47856599424118595 neg 0.2913000480847399 off 0.23013395767407416	false	1.0
nachteilig	neg 1.0		__DUMMY__ 0.48540621066820183 neg 0.2861864554135658 off 0.22840733391823242	false	1.0
skeptisch	neg 1.0		__DUMMY__ 0.48625219279829734 neg 0.28830817778464185 off 0.2254396294170609	false	1.0
schrecklich	neg 1.0		__DUMMY__ 0.4828189088500069 neg 0.2771831457154463 off 0.23999794543454672	false	1.0
schlapp	neg 1.0		__DUMMY__ 0.48656442812750933 neg 0.2772167556997914 off 0.23621881617269944	false	1.0
abfall	neg 1.0		__DUMMY__ 0.48716327388775493 neg 0.28896355922458966 off 0.2238731668876555	false	1.0
widerspenstig	neg 1.0		__DUMMY__ 0.4872834687983234 neg 0.2815272603436982 off 0.2311892708579785	false	1.0
abrupt	neg 1.0		__DUMMY__ 0.488927582143598 neg 0.28085647064189656 off 0.23021594721450545	false	1.0
unwirksam	neg 1.0		__DUMMY__ 0.48133394610910285 neg 0.2874275644802307 off 0.23123848941066646	false	1.0
angreifen	neg 1.0		__DUMMY__ 0.4845949228115633 neg 0.28890083452219106 off 0.22650424266624564	false	1.0
inkonsistent	neg 1.0		__DUMMY__ 0.4843149068002433 neg 0.2820713697571323 off 0.2336137234426243	false	1.0
abrutschen	neg 1.0		__DUMMY__ 0.48760584651257355 neg 0.28830387019099923 off 0.2240902832964272	false	1.0
unsicher	neg 1.0		__DUMMY__ 0.48618150755142325 neg 0.2826698051302979 off 0.23114868731827898	false	1.0
bauernkind	off 1.0		__DUMMY__ 0.47939495538722077 neg 0.27755745889274047 off 0.24304758572003882	false	0.5
angreifer	neg 1.0		__DUMMY__ 0.4822659254148154 neg 0.28364521831985273 off 0.23408885626533174	false	1.0
trennen	neg 1.0		__DUMMY__ 0.4889949118234851 neg 0.28413252070938216 off 0.22687256746713289	false	1.0
schmutz	neg 1.0		__DUMMY__ 0.4890195784194655 neg 0.27294719367902714 off 0.23803322790150752	false	1.0
inkonsistenz	neg 1.0	neg 1.0	neg 0.6314421773800584 __DUMMY__ 0.23576326115023669 off 0.13279456146970509	false	1.0
erschreckend	neg 1.0		__DUMMY__ 0.48442990395446767 neg 0.28621367609698056 off 0.22935641994855194	false	1.0
ertrinken	neg 1.0		__DUMMY__ 0.487029313773865 neg 0.28529841117909543 off 0.22767227504703946	false	1.0
pickelface	off 1.0		__DUMMY__ 0.4830194126538321 neg 0.2853264331719256 off 0.2316541541742423	false	0.5
seiner			__DUMMY__ 0.48567434001783943 neg 0.28777400540030135 off 0.22655165458185914	false	0.0
lauch	neg 1.0		__DUMMY__ 0.48688414840248573 neg 0.2877134939447414 off 0.2254023576527729	false	1.0
unwichtig	neg 1.0		__DUMMY__ 0.48396142124140423 neg 0.28038690062617416 off 0.23565167813242163	false	1.0
steuerhinterziehung	neg 1.0		__DUMMY__ 0.4813891114700467 neg 0.28906388014066314 off 0.22954700838929007	false	1.0
schock	neg 1.0		__DUMMY__ 0.4883495059781343 neg 0.2817367181048271 off 0.2299137759170386	false	1.0
beule	neg 1.0		__DUMMY__ 0.4859976095501145 neg 0.2764389079452991 off 0.2375634825045865	false	1.0
vergelten	neg 1.0		__DUMMY__ 0.4806391977207153 neg 0.2781218977104943 off 0.24123890456879035	false	1.0
verdorbenheit	neg 1.0		__DUMMY__ 0.48717260881610497 neg 0.279719996903561 off 0.2331073942803342	false	1.0
trauma	neg 1.0		__DUMMY__ 0.4844758848744233 neg 0.2826179733981262 off 0.23290614172745047	false	1.0
sinnlos	neg 1.0		__DUMMY__ 0.4846780504237659 neg 0.2821378406642713 off 0.23318410891196298	false	1.0
fettsack	off 1.0	off 1.0	off 0.6076071824124698 __DUMMY__ 0.23518182807582289 neg 0.15721098951170742	false	1.0
feige	off 1.0		__DUMMY__ 0.481747163046958 neg 0.28368681128441914 off 0.23456602566862292	false	0.5
abdanken	neg 1.0		__DUMMY__ 0.4790321487977745 neg 0.2919708649280253 off 0.2289969862742003	false	1.0
wichtigtuer	off 1.0	off 1.0	off 0.6018756996113604 __DUMMY__ 0.2357704676721418 neg 0.16235383271649784	false	1.0
misslingen	neg 1.0		__DUMMY__ 0.4866620879113572 neg 0.27969950957339174 off 0.23363840251525098	false	1.0
untreu	off 1.0		__DUMMY__ 0.48369490781494956 neg 0.27992864756223407 off 0.2363764446228165	false	0.5
missmutig	neg 1.0		__DUMMY__ 0.4855572702734644 neg 0.2792321283433625 off 0.23521060138317315	false	1.0
hurenbock	off 1.0		__DUMMY__ 0.4880249584558839 neg 0.2784275100676643 off 0.23354753147645177	false	0.5
betrunken	neg 1.0		__DUMMY__ 0.4849095588713841 neg 0.27676784263812 off 0.238322598490496	false	1.0
korrupt	off 1.0		__DUMMY__ 0.4804945960520594 neg 0.2918318470959088 off 0.22767355685203183	false	0.5
unmut	neg 1.0		__DUMMY__ 0.48561301706254834 neg 0.29006094477793726 off 0.22432603815951455	false	1.0
hackfresse	off 1.0		__DUMMY__ 0.4815598862329307 neg 0.2749666341111797 off 0.24347347965588964	false	0.5
aufblasen	neg 1.0		__DUMMY__ 0.48696267648023606 neg 0.28017114969812085 off 0.23286617382164307	false	1.0
gewaltsam	neg 1.0		__DUMMY__ 0.48188436771418497 neg 0.28645932910237204 off 0.231656303183443	false	1.0
unbeliebtheit	neg 1.0		__DUMMY__ 0.47731452424106646 neg 0.2860291173606585 off 0.23665635839827504	false	1.0
sturheit	neg 1.0		__DUMMY__ 0.48255783433552984 neg 0.28838255317561723 off 0.2290596124888531	false	1.0
kuh	neg 1.0		__DUMMY__ 0.4842800538848866 neg 0.2827882538344383 off 0.23293169228067515	false	1.0
erschrecken	neg 1.0		__DUMMY__ 0.485166821438929 neg 0.28004171058761423 off 0.2347914679734569	false	1.0
opfer	neg 1.0	neg 1.0	neg 0.6339186961078135 __DUMMY__ 0.23717710307206716 off 0.12890420082011939	false	1.0
sinken	neg 1.0		__DUMMY__ 0.48619148051367417 neg 0.28850372544055347 off 0.22530479404577242	false	1.0
stinktier	neg 1.0		__DUMMY__ 0.48163796496519445 neg 0.2780272010173762 off 0.24033483401742936	false	1.0
tucke	off 1.0		__DUMMY__ 0.48282164099495023 neg 0.2726910667862835 off 0.24448729221876636	false	0.5
ein			__DUMMY__ 0.48864787854105324 neg 0.2788665881890748 off 0.232485533269872	false	0.0
abstieg	neg 1.0		__DUMMY__ 0.4830343822368294 neg 0.2882512411841634 off 0.22871437657900728	false	1.0
missverstehen	neg 1.0		__DUMMY__ 0.4825209132955848 neg 0.2849945859088421 off 0.2324845007955732	false	1.0
ergebnislos	neg 1.0		__DUMMY__ 0.4840199980109427 neg 0.2875078127580534 off 0.228472189231004	false	1.0
unter			__DUMMY__ 0.4921286092119249 neg 0.2865558389701373 off 0.22131555181793794	false	0.0
manipulieren	neg 1.0		__DUMMY__ 0.4851914599480707 neg 0.2882907383996194 off 0.2265178016523099	false	1.0
unbewiesen	neg 1.0		__DUMMY__ 0.4790026785257149 neg 0.2908812625240223 off 0.2301160589502628	false	1.0
verschleppen	neg 1.0		__DUMMY__ 0.48338033055142593 neg 0.2885625251833627 off 0.22805714426521143	false	1.0
weib	off 1.0		__DUMMY__ 0.4808005859127893 neg 0.2744383536451287 off 0.244761060442082	false	0.5
opposition	neg 1.0		__DUMMY__ 0.4808005530373377 neg 0.28701500362083443 off 0.23218444334182786	false	1.0
verkehrswidrig	neg 1.0		__DUMMY__ 0.4843291919685798 neg 0.2734271979050979 off 0.2422436101263223	false	1.0
inkorrekt	neg 1.0		__DUMMY__ 0.4792753753874042 neg 0.28499836022696146 off 0.2357262643856343	false	1.0
vermeiden	neg 1.0		__DUMMY__ 0.4902615729409246 neg 0.2861703617325678 off 0.22356806532650747	false	1.0
abweichung	neg 1.0		__DUMMY__ 0.48222695046896796 neg 0.28962874314612436 off 0.22814430638490754	false	1.0
alkoholisiert	neg 1.0		__DUMMY__ 0.48781681833134377 neg 0.28268693498112424 off 0.22949624668753194	false	1.0
scheiss	off 1.0	off 1.0	off 0.605178505840562 __DUMMY__ 0.237172392797393 neg 0.15764910136204505	false	1.0
herausforderung	neg 1.0		__DUMMY__ 0.49025903481478084 neg 0.27990780506737395 off 0.22983316011784513	false	1.0
pervers	off 1.0		__DUMMY__ 0.4800924704540776 neg 0.2723135301392093 off 0.24759399940671298	false	0.5
wackelig	neg 1.0		__DUMMY__ 0.48998013197897805 neg 0.28038049380034497 off 0.22963937422067685	false	1.0
verwickeln	neg 1.0		__DUMMY__ 0.48356907533927934 neg 0.2839680200488805 off 0.2324629046118401	false	1.0
vorwand	neg 1.0		__DUMMY__ 0.4845556523807207 neg 0.29053620907712135 off 0.22490813854215788	false	1.0
muschi	off 1.0		__DUMMY__ 0.48264969284319786 neg 0.2863518840708824 off 0.2309984230859196	false	0.5
entmutigung	neg 1.0		__DUMMY__ 0.4766015032263013 neg 0.2914516461441732 off 0.23194685062952544	false	1.0
unangemessen	neg 1.0		__DUMMY__ 0.482452206901909 neg 0.2897507722438772 off 0.22779702085421377	false	1.0
unstetig	neg 1.0		__DUMMY__ 0.4836300010557908 neg 0.2812998369987332 off 0.23507016194547595	false	1.0
entmutigen	neg 1.0		__DUMMY__ 0.485539478130318 neg 0.2822098777423518 off 0.2322506441273302	false	1.0
schwanz	neg 1.0		__DUMMY__ 0.4850267316959374 neg 0.2857829874801353 off 0.22919028082392728	false	1.0
verbot	neg 1.0		__DUMMY__ 0.48148419263122516 neg 0.28989778084685086 off 0.22861802652192395	false	1.0
leid	neg 1.0		__DUMMY__ 0.48241191643227577 neg 0.27590806379089605 off 0.241680019776828	false	1.0
archaisch	neg 1.0		__DUMMY__ 0.48297169343841884 neg 0.2885504269857033 off 0.22847787957587795	false	1.0
gegen			__DUMMY__ 0.48368503631770876 neg 0.291144102903147 off 0.22517086077914433	false	0.0
scheidung	neg 1.0	neg 1.0	neg 0.6187783720401776 __DUMMY__ 0.23542211227867033 off 0.14579951568115201	false	1.0
einschlag	neg 1.0		__DUMMY__ 0.48125056143389966 neg 0.2780544698178794 off 0.24069496874822105	false	1.0
m			__DUMMY__ 0.48684930914191815 neg 0.28295928223000943 off 0.23019140862807233	false	0.0
abgestanden	neg 1.0		__DUMMY__ 0.4879135380857818 neg 0.280110031471639 off 0.2319764304425792	false	1.0
schmierig	off 1.0		__DUMMY__ 0.48343302903449464 neg 0.2758676176927174 off 0.24069935327278796	false	0.5
unpraktisch	neg 1.0		__DUMMY__ 0.48759382195061274 neg 0.27939574299144665 off 0.23301043505794064	false	1.0
wixxer	off 1.0		__DUMMY__ 0.47886054006129075 neg 0.27367139162017734 off 0.24746806831853188	false	0.5
bezeichnet			__DUMMY__ 0.48281186614259863 neg 0.28757269238778677 off 0.22961544146961468	false	0.0
jammerlappen	off 1.0		__DUMMY__ 0.4837439394923298 neg 0.28078214026641285 off 0.2354739202412574	false	0.5
farce	neg 1.0		__DUMMY__ 0.47880123138054953 neg 0.29286509372442965 off 0.22833367489502093	false	1.0
zwecklos	neg 1.0		__DUMMY__ 0.4834884208740769 neg 0.2888205183631224 off 0.2276910607628008	false	1.0
turbulent	neg 1.0		__DUMMY__ 0.48198473855710966 neg 0.27853664612704726 off 0.23947861531584314	false	1.0
invasion	neg 1.0		__DUMMY__ 0.4858243666315759 neg 0.2793042092657616 off 0.23487142410266248	false	1.0
schuld	neg 1.0		__DUMMY__ 0.4841126608440625 neg 0.28429783704509815 off 0.23158950211083934	false	1.0
risiko	neg 1.0		__DUMMY__ 0.48762055918114594 neg 0.2767354118949228 off 0.23564402892393124	false	1.0
finster	neg 1.0		__DUMMY__ 0.4881014980938306 neg 0.279653360780099 off 0.23224514112607036	false	1.0
geisteskrank	off 1.0		__DUMMY__ 0.4804621700203913 neg 0.28305923014890677 off 0.23647859983070194	false	0.5
zusammenbrechen	neg 1.0		__DUMMY__ 0.4867520980653598 neg 0.2834338162568703 off 0.22981408567776987	false	1.0
ausbeute	neg 1.0		__DUMMY__ 0.48815496566170025 neg 0.2829339507772544 off 0.2289110835610454	false	1.0
hinterhalt	neg 1.0		__DUMMY__ 0.4839045920252917 neg 0.284115236698862 off 0.23198017127584622	false	1.0
kritik	neg 1.0		__DUMMY__ 0.4799668281649194 neg 0.29139048636073905 off 0.22864268547434147	false	1.0
einschrumpfen	neg 1.0		__DUMMY__ 0.4804291580473288 neg 0.28518027653621375 off 0.23439056541645745	false	1.0
riskant	neg 1.0		__DUMMY__ 0.48590590027908737 neg 0.2870224614893505 off 0.227071638231562	false	1.0
frustrieren	neg 1.0		__DUMMY__ 0.4851794485410559 neg 0.28801631873118655 off 0.22680423272775768	false	1.0
groll	neg 1.0		__DUMMY__ 0.4836488474730862 neg 0.28840045002545006 off 0.2279507025014638	false	1.0
gibt			__DUMMY__ 0.48550927607089084 neg 0.2854659510121646 off 0.2290247729169445	false	0.0
qualvoll	neg 1.0		__DUMMY__ 0.4855723726616558 neg 0.28081852142771613 off 0.2336091059106281	false	1.0
wackeln	neg 1.0		__DUMMY__ 0.4880981356458449 neg 0.27938393223427394 off 0.23251793211988112	false	1.0
klagen	neg 1.0		__DUMMY__ 0.48430135216402903 neg 0.29089790429314594 off 0.224800743542825	false	1.0
bankrott	neg 1.0		__DUMMY__ 0.4852457578986157 neg 0.27834527834366324 off 0.2364089637577212	false	1.0
trauern	neg 1.0		__DUMMY__ 0.48497549806873697 neg 0.28807331695841004 off 0.22695118497285302	false	1.0
ablehnung	neg 1.0	neg 1.0	neg 0.6352071990618943 __DUMMY__ 0.2349439731432115 off 0.12984882779489426	false	1.0
stur	neg 1.0		__DUMMY__ 0.4844029416322948 neg 0.2834993418449636 off 0.23209771652274147	false	1.0
aufruhr	neg 1.0		__DUMMY__ 0.48096190907750985 neg 0.28826139534222656 off 0.23077669558026365	false	1.0
melancholie	neg 1.0		__DUMMY__ 0.4883927243047752 neg 0.28233705512128926 off 0.22927022057393553	false	1.0
ist			__DUMMY__ 0.48433700513937555 neg 0.28336945117506196 off 0.2322935436855624	false	0.0
torheit	neg 1.0		__DUMMY__ 0.4790246292167322 neg 0.2901794622329917 off 0.2307959085502761	false	1.0
dreckskind	off 1.0		__DUMMY__ 0.47860948486665633 neg 0.27971664907831567 off 0.24167386605502789	false	0.5
umtauschen	neg 1.0		__DUMMY__ 0.4875346698501605 neg 0.2812375680733968 off 0.23122776207644272	false	1.0
zum			__DUMMY__ 0.4921453659956331 neg 0.2833072245377085 off 0.22454740946665827	false	0.0
zersetzen	neg 1.0		__DUMMY__ 0.48476413044617306 neg 0.28946995360490807 off 0.22576591594891895	false	1.0
zur			__DUMMY__ 0.4868817124243317 neg 0.2902348688819664 off 0.22288341869370176	false	0.0
frust	neg 1.0		__DUMMY__ 0.48585389398433027 neg 0.28491529051428605 off 0.22923081550138366	false	1.0
unerbittlichkeit	neg 1.0		__DUMMY__ 0.4841243656684069 neg 0.2893347274471526 off 0.22654090688444062	false	1.0
zwei			__DUMMY__ 0.49020031621194843 neg 0.2839817704361647 off 0.22581791335188683	false	0.0
unkorrekt	neg 1.0		__DUMMY__ 0.479694176509433 neg 0.2836980424508556 off 0.2366077810397112	false	1.0
hexe	off 1.0		__DUMMY__ 0.48443732562081804 neg 0.2790303125769517 off 0.23653236180223036	false	0.5
lasch	neg 1.0		__DUMMY__ 0.4819789072994244 neg 0.2844075782453921 off 0.23361351445518366	false	1.0
rivale	neg 1.0		__DUMMY__ 0.48195569270052824 neg 0.27768178209710326 off 0.24036252520236848	false	1.0
mutlos	off 1.0	off 1.0	off 0.5989732168883553 __DUMMY__ 0.2361499929823457 neg 0.1648767901292991	false	1.0
wirr	off 1.0		__DUMMY__ 0.48037064441855415 neg 0.2810304813944737 off 0.2385988741869722	false	0.5
jahr			__DUMMY__ 0.4895590765134117 neg 0.2822531481386359 off 0.2281877753479523	false	0.0
wird			__DUMMY__ 0.4857281250728954 neg 0.2866201694276335 off 0.227651705499471	false	0.0
strafbar	neg 1.0		__DUMMY__ 0.4823522493781112 neg 0.29126983072783663 off 0.22637791989405223	false	1.0
erosion	neg 1.0		__DUMMY__ 0.4863484444455894 neg 0.28046169252993597 off 0.23318986302447461	false	1.0
eingehen	neg 1.0		__DUMMY__ 0.48410318299243754 neg 0.2883917388862391 off 0.22750507812132328	false	1.0
faul	off 1.0		__DUMMY__ 0.4870361249785784 neg 0.27677269029601864 off 0.2361911847254029	false	0.5
provisorium	neg 1.0		__DUMMY__ 0.49065656440443833 neg 0.28903701902121454 off 0.22030641657434716	false	1.0
schmerzen	neg 1.0		__DUMMY__ 0.48688072074844463 neg 0.2829592421473565 off 0.23016003710419894	false	1.0
schrumpfen	neg 1.0		__DUMMY__ 0.48767439732648465 neg 0.2895967163466024 off 0.22272888632691287	false	1.0
geistlos	off 1.0		__DUMMY__ 0.4787856578160411 neg 0.288743654758737 off 0.23247068742522206	false	0.5
fehlkauf	neg 1.0		__DUMMY__ 0.48271604014279923 neg 0.2835939998064632 off 0.2336899600507376	false	1.0
frustrierend	neg 1.0		__DUMMY__ 0.4852246151006573 neg 0.2799846845041078 off 0.23479070039523484	false	1.0
unzufrieden	neg 1.0		__DUMMY__ 0.48490172970554385 neg 0.2869083701070713 off 0.2281899001873849	false	1.0
verzweifeln	neg 1.0		__DUMMY__ 0.4859710720018237 neg 0.28361425140715246 off 0.23041467659102366	false	1.0
verzweifelt	neg 1.0		__DUMMY__ 0.4845454942736765 neg 0.28344193077322716 off 0.23201257495309635	false	1.0
misstrauensantrag	neg 1.0		__DUMMY__ 0.48260003395914763 neg 0.2837014812629521 off 0.23369848477790042	false	1.0
abfallen	neg 1.0		__DUMMY__ 0.4888138964930272 neg 0.27831049222834053 off 0.23287561127863224	false	1.0
fucker	off 1.0		__DUMMY__ 0.4816035349608141 neg 0.2795792770239238 off 0.2388171880152621	false	0.5
ungezogen	neg 1.0		__DUMMY__ 0.4816838349576395 neg 0.273067038433224 off 0.24524912660913656	false	1.0
irrsinnig	neg 1.0	neg 1.0	neg 0.6320693352011982 __DUMMY__ 0.23658356620732288 off 0.13134709859147894	false	1.0
unfassbar	neg 1.0		__DUMMY__ 0.48373466499409457 neg 0.2802217503913087 off 0.23604358461459682	false	1.0
hart	neg 1.0		__DUMMY__ 0.48292830088398697 neg 0.28081824672071765 off 0.23625345239529533	false	1.0
widerlich	off 1.0		__DUMMY__ 0.48211233661810327 neg 0.28133568608856235 off 0.23655197729333446	false	0.5
fatal	neg 1.0		__DUMMY__ 0.4834667887928401 neg 0.28270354055267766 off 0.23382967065448235	false	1.0
bruch	neg 1.0		__DUMMY__ 0.48317387700864145 neg 0.2929012687406676 off 0.22392485425069097	false	1.0
aushungern	neg 1.0		__DUMMY__ 0.4806937138806802 neg 0.28898042674685676 off 0.23032585937246317	false	1.0
anspannung	neg 1.0		__DUMMY__ 0.48896071450424744 neg 0.2864508175733918 off 0.22458846792236067	false	1.0
von			__DUMMY__ 0.48891202679390827 neg 0.28419866650176645 off 0.22688930670432542	false	0.0
kraftlos	neg 1.0		__DUMMY__ 0.48902390573574384 neg 0.28196980477090844 off 0.2290062894933476	false	1.0
vom			__DUMMY__ 0.49136038370460144 neg 0.28688904678972404 off 0.2217505695056745	false	0.0
grenzdebil	off 1.0		__DUMMY__ 0.4843850483067674 neg 0.2781440542691015 off 0.23747089742413113	false	0.5
vor			__DUMMY__ 0.48781944179394143 neg 0.28678512387776695 off 0.2253954343282916	false	0.0
unterwerfen	neg 1.0		__DUMMY__ 0.48369268642498464 neg 0.28931270845442697 off 0.2269946051205885	false	1.0
versenkung	neg 1.0		__DUMMY__ 0.485256506102843 neg 0.2878168911271039 off 0.22692660277005305	false	1.0
entziehen	neg 1.0		__DUMMY__ 0.4850083961194026 neg 0.29054151891768853 off 0.2244500849629089	false	1.0
finanzkrise	neg 1.0		__DUMMY__ 0.4809322049591117 neg 0.2890283497495969 off 0.2300394452912915	false	1.0
schimpfend	neg 1.0		__DUMMY__ 0.48941974890308754 neg 0.2766886416792838 off 0.23389160941762863	false	1.0
profan	neg 1.0		__DUMMY__ 0.48473296112880987 neg 0.282118222508431 off 0.23314881636275914	false	1.0
korruption	neg 1.0		__DUMMY__ 0.4811068301286671 neg 0.2908819357365024 off 0.22801123413483063	false	1.0
â			__DUMMY__ 0.486466801264215 neg 0.2844580175018548 off 0.2290751812339302	false	0.0
schmutzig	neg 1.0		__DUMMY__ 0.4860913439220319 neg 0.2765628374935889 off 0.23734581858437923	false	1.0
sexy	neg 1.0		__DUMMY__ 0.48434492969570564 neg 0.2800993393193649 off 0.23555573098492938	false	1.0
abraten	neg 1.0		__DUMMY__ 0.48604542565111997 neg 0.28138126170144434 off 0.23257331264743566	false	1.0
schwarz	neg 1.0		__DUMMY__ 0.48403683465599534 neg 0.28291392015677447 off 0.23304924518723008	false	1.0
fotze	off 1.0		__DUMMY__ 0.4832662966262539 neg 0.28758497838505026 off 0.2291487249886958	false	0.5
verwirren	neg 1.0		__DUMMY__ 0.48450984116509027 neg 0.28149727097533944 off 0.23399288785957023	false	1.0
zahnlos	off 1.0		__DUMMY__ 0.4832496097267783 neg 0.2887356345011276 off 0.2280147557720943	false	0.5
verheeren	neg 1.0		__DUMMY__ 0.47909806968850477 neg 0.27388867520794274 off 0.24701325510355246	false	1.0
hippie	neg 1.0		__DUMMY__ 0.4839262147546801 neg 0.28087882841670664 off 0.23519495682861324	false	1.0
rammen	neg 1.0		__DUMMY__ 0.48591198159017795 neg 0.279513050235825 off 0.23457496817399687	false	1.0
unlauter	neg 1.0	neg 1.0	neg 0.6310192212194113 __DUMMY__ 0.23635114163227466 off 0.13262963714831386	false	1.0
unheilvoll	neg 1.0		__DUMMY__ 0.48575199589737583 neg 0.28095965117369354 off 0.23328835292893071	false	1.0
niedrig	neg 1.0		__DUMMY__ 0.48586752604120137 neg 0.2855066442443727 off 0.22862582971442594	false	1.0
explosion	neg 1.0		__DUMMY__ 0.48524288730908893 neg 0.27975245930870074 off 0.23500465338221016	false	1.0
weichei	off 1.0		__DUMMY__ 0.48183748116529157 neg 0.2758859205834921 off 0.24227659825121625	false	0.5
minusmensch	off 1.0		__DUMMY__ 0.4762223327920451 neg 0.277998214676685 off 0.24577945253126982	false	0.5
farblos	neg 1.0		__DUMMY__ 0.484530799537459 neg 0.28329852940117445 off 0.23217067106136655	false	1.0
unwissend	neg 1.0	neg 1.0	neg 0.6300694715931215 __DUMMY__ 0.23605001016352176 off 0.13388051824335662	false	1.0
traurig	neg 1.0		__DUMMY__ 0.48404975226375396 neg 0.2767217155943471 off 0.2392285321418988	false	1.0
senkung	neg 1.0		__DUMMY__ 0.48417021776380814 neg 0.28117408279292017 off 0.2346556994432718	false	1.0
ungleich	neg 1.0	neg 1.0	neg 0.6344584065151047 __DUMMY__ 0.23675686885440633 off 0.1287847246304891	false	1.0
heikel	neg 1.0		__DUMMY__ 0.4852438424974727 neg 0.28891987152258913 off 0.22583628597993813	false	1.0
drosselung	neg 1.0		__DUMMY__ 0.48451710659367997 neg 0.2756655974010157 off 0.23981729600530446	false	1.0
falsch	neg 1.0		__DUMMY__ 0.48422363309115335 neg 0.28074224615559135 off 0.2350341207532552	false	1.0
unzufriedenheit	neg 1.0		__DUMMY__ 0.4848634071744846 neg 0.28955498398893037 off 0.225581608836585	false	1.0
kurz	neg 1.0		__DUMMY__ 0.48837291330857996 neg 0.28159056574295166 off 0.23003652094846835	false	1.0
unsinnig	neg 1.0		__DUMMY__ 0.48435104655888306 neg 0.2871008672065148 off 0.22854808623460204	false	1.0
penner	off 1.0	off 1.0	off 0.6087015625245942 __DUMMY__ 0.2355711723632334 neg 0.1557272651121724	false	1.0
seicht	neg 1.0		__DUMMY__ 0.478958487369861 neg 0.2768619310796121 off 0.24417958155052688	false	1.0
dummheit	off 1.0	off 1.0	off 0.6023624335894591 __DUMMY__ 0.23584243199189783 neg 0.16179513441864316	false	1.0
unerfreulich	neg 1.0		__DUMMY__ 0.4867103610735186 neg 0.28764330432935176 off 0.22564633459712966	false	1.0
motherfucker	off 1.0	off 1.0	off 0.6057563986016169 __DUMMY__ 0.235603802899575 neg 0.1586397984988081	false	1.0
pikiert	neg 1.0		__DUMMY__ 0.48225402423011826 neg 0.28257503773464143 off 0.2351709380352404	false	1.0
wrack	neg 1.0		__DUMMY__ 0.48606022492061773 neg 0.28485858527019947 off 0.22908118980918277	false	1.0
gangster	neg 1.0		__DUMMY__ 0.4841308514200798 neg 0.2814992773010109 off 0.23436987127890918	false	1.0
krank	neg 1.0		__DUMMY__ 0.48611874972321195 neg 0.2760226982242073 off 0.23785855205258086	false	1.0
reich	neg 1.0		__DUMMY__ 0.4776940711161002 neg 0.2870003204972642 off 0.23530560838663558	false	1.0
gnadenlos	neg 1.0		__DUMMY__ 0.48450517188750386 neg 0.2836462485613786 off 0.23184857955111748	false	1.0
niedergeschlagen	neg 1.0		__DUMMY__ 0.486336317973761 neg 0.2839514317153077 off 0.22971225031093126	false	1.0
terrorisieren	off 1.0	off 1.0	off 0.5989876862615012 __DUMMY__ 0.23728109968664993 neg 0.16373121405184884	false	1.0
sinnlosigkeit	neg 1.0		__DUMMY__ 0.4836795547477874 neg 0.2881369740284798 off 0.2281834712237328	false	1.0
behindern	neg 1.0		__DUMMY__ 0.48643240160517215 neg 0.2822511500210228 off 0.23131644837380505	false	1.0
undemokratisch	neg 1.0		__DUMMY__ 0.4801651751639011 neg 0.28828622981992286 off 0.23154859501617586	false	1.0
wirtschaftskrise	neg 1.0		__DUMMY__ 0.48243733363276803 neg 0.28923673396842353 off 0.22832593239880833	false	1.0
neid	neg 1.0		__DUMMY__ 0.48609479081938567 neg 0.27889828279272844 off 0.235006926387886	false	1.0
rutschen	neg 1.0		__DUMMY__ 0.4925507984234643 neg 0.2826099038113543 off 0.2248392977651813	false	1.0
rezession	neg 1.0		__DUMMY__ 0.4796386121640686 neg 0.2799208871031124 off 0.240440500732819	false	1.0
fehlgeburt	neg 1.0		__DUMMY__ 0.4834704070894558 neg 0.28535165267441054 off 0.2311779402361337	false	1.0
charakterschwach	off 1.0		__DUMMY__ 0.4823572988167816 neg 0.2811770743476422 off 0.23646562683557612	false	0.5
isolation	neg 1.0		__DUMMY__ 0.48416278495749526 neg 0.2792813858027588 off 0.23655582923974597	false	1.0
ablenkung	neg 1.0		__DUMMY__ 0.48625768394185837 neg 0.2822014390553362 off 0.23154087700280554	false	1.0
pech	neg 1.0		__DUMMY__ 0.4856985993321965 neg 0.27974688521323093 off 0.23455451545457243	false	1.0
vermeidung	neg 1.0		__DUMMY__ 0.48537520834179604 neg 0.2758813218746919 off 0.2387434697835121	false	1.0
dominieren	neg 1.0		__DUMMY__ 0.48514934743933913 neg 0.28498151547292594 off 0.22986913708773493	false	1.0
schwindlig	neg 1.0		__DUMMY__ 0.4874867570037419 neg 0.27786200365231567 off 0.23465123934394258	false	1.0
lutscher	neg 1.0		__DUMMY__ 0.47968379548972606 neg 0.2749846131627239 off 0.24533159134755006	false	1.0
pflicht	neg 1.0		__DUMMY__ 0.48476260665505616 neg 0.28972505277596483 off 0.22551234056897898	false	1.0
faschist	off 1.0		__DUMMY__ 0.4789898860221063 neg 0.2888467468033394 off 0.23216336717455435	false	0.5
verschleudern	neg 1.0		__DUMMY__ 0.4829884459600943 neg 0.2891984633867205 off 0.22781309065318517	false	1.0
wenn			__DUMMY__ 0.4842044107353417 neg 0.28083368511044404 off 0.23496190415421417	false	0.0
ehebruch	neg 1.0		__DUMMY__ 0.48258539229002567 neg 0.29031593611358736 off 0.22709867159638697	false	1.0
spott	off 1.0		__DUMMY__ 0.48324062333857387 neg 0.2901089825619979 off 0.22665039409942814	false	0.5
trostlosigkeit	neg 1.0		__DUMMY__ 0.4816517368465575 neg 0.29349040992533626 off 0.2248578532281062	false	1.0
lutschen	neg 1.0		__DUMMY__ 0.4822760562689981 neg 0.28211605818542984 off 0.2356078855455719	false	1.0
undiszipliniert	neg 1.0		__DUMMY__ 0.4837802249121307 neg 0.2776868417323434 off 0.238532933355526	false	1.0
kopfschmerz	neg 1.0		__DUMMY__ 0.48642481516825 neg 0.2827527102162804 off 0.23082247461546973	false	1.0
unvorhergesehen	neg 1.0		__DUMMY__ 0.49009918337971037 neg 0.27949390268600605 off 0.23040691393428359	false	1.0
desinteressiert	neg 1.0		__DUMMY__ 0.4825648185255179 neg 0.27956010326721814 off 0.2378750782072639	false	1.0
armselig	off 1.0		__DUMMY__ 0.4815931118294462 neg 0.2796995780508033 off 0.23870731011975052	false	0.5
desaster	neg 1.0		__DUMMY__ 0.48314240755552246 neg 0.2933000410480393 off 0.22355755139643818	false	1.0
tod	neg 1.0		__DUMMY__ 0.4813330532931898 neg 0.2922607409639616 off 0.2264062057428485	false	1.0
herzlos	neg 1.0		__DUMMY__ 0.483461019143614 neg 0.2767021258524396 off 0.23983685500394625	false	1.0
unwissenheit	neg 1.0		__DUMMY__ 0.4830030679661024 neg 0.28900248542308354 off 0.22799444661081414	false	1.0
widersinnig	neg 1.0		__DUMMY__ 0.48029071756332414 neg 0.29107331872061587 off 0.22863596371605993	false	1.0
bedenklich	neg 1.0		__DUMMY__ 0.4847360893991208 neg 0.28846391477846123 off 0.22679999582241805	false	1.0
beanstanden	neg 1.0		__DUMMY__ 0.48526723766301494 neg 0.28944595792964356 off 0.2252868044073415	false	1.0
panisch	neg 1.0	neg 1.0	neg 0.6274359012244618 __DUMMY__ 0.23962554892965524 off 0.13293854984588288	false	1.0
debil	off 1.0		__DUMMY__ 0.4866055333866631 neg 0.29071260688391654 off 0.22268185972942045	false	0.5
abstrich	neg 1.0		__DUMMY__ 0.48973199015370117 neg 0.2774461308368434 off 0.23282187900945542	false	1.0
primitiv	neg 1.0		__DUMMY__ 0.4820275885788212 neg 0.2807977118533468 off 0.23717469956783208	false	1.0
abschaum	off 1.0	off 1.0	off 0.6036982027591494 __DUMMY__ 0.23521221225562883 neg 0.16108958498522177	false	1.0
provozieren	neg 1.0		__DUMMY__ 0.48286130525296983 neg 0.2863994700422575 off 0.2307392247047727	false	1.0
tot	neg 1.0		__DUMMY__ 0.48335937646949834 neg 0.2870803795598132 off 0.22956024397068864	false	1.0
instabil	neg 1.0		__DUMMY__ 0.480977524931799 neg 0.27906832019742367 off 0.23995415487077737	false	1.0
schwuchtel	off 1.0		__DUMMY__ 0.47621105583684886 neg 0.2736445538698513 off 0.25014439029329993	false	0.5
zerren	neg 1.0		__DUMMY__ 0.4860350900852447 neg 0.28449564739981026 off 0.22946926251494507	false	1.0
kinderficker	off 1.0		__DUMMY__ 0.47940296135071936 neg 0.28009927188134076 off 0.24049776676793982	false	0.5
gefahr	neg 1.0		__DUMMY__ 0.48360243464098635 neg 0.28922841649859804 off 0.22716914886041556	false	1.0
rabiat	neg 1.0		__DUMMY__ 0.48452706537878626 neg 0.2846222764075667 off 0.2308506582136471	false	1.0
verlangsamung	neg 1.0		__DUMMY__ 0.48005999837776037 neg 0.27566100125640247 off 0.24427900036583716	false	1.0
ausgestorben	neg 1.0		__DUMMY__ 0.485553977500852 neg 0.2850125848770572 off 0.22943343762209092	false	1.0
anklagen	neg 1.0		__DUMMY__ 0.48265301556292917 neg 0.28730024246169705 off 0.23004674197537378	false	1.0
trott	neg 1.0		__DUMMY__ 0.48583559624729744 neg 0.28282740291860414 off 0.23133700083409844	false	1.0
verminderung	neg 1.0		__DUMMY__ 0.4832187256486059 neg 0.27778246074662705 off 0.2389988136047671	false	1.0
nach			__DUMMY__ 0.4908072142813425 neg 0.28501236534670177 off 0.22418042037195565	false	0.0
rost	neg 1.0		__DUMMY__ 0.47998137051667294 neg 0.2756847807893192 off 0.24433384869400784	false	1.0
destruktiv	neg 1.0		__DUMMY__ 0.48218357347863483 neg 0.28854312156356693 off 0.22927330495779824	false	1.0
unzumutbarkeit	neg 1.0		__DUMMY__ 0.48498471104878604 neg 0.27626480128789754 off 0.2387504876633164	false	1.0
labil	off 1.0	off 1.0	off 0.6045486292292613 __DUMMY__ 0.23576536482992377 neg 0.15968600594081483	false	1.0
ziemlich	neg 1.0		__DUMMY__ 0.4842632701366082 neg 0.27885796378724875 off 0.23687876607614303	false	1.0
lachnummer	off 1.0		__DUMMY__ 0.48244407953263885 neg 0.2881717251753948 off 0.22938419529196616	false	0.5
oder			__DUMMY__ 0.48706526830951624 neg 0.28151910000721486 off 0.23141563168326904	false	0.0
verfall	neg 1.0		__DUMMY__ 0.48597753119647114 neg 0.29179292162341813 off 0.22222954718011062	false	1.0
ausgrenzung	neg 1.0		__DUMMY__ 0.4802087359424934 neg 0.28747313292208043 off 0.23231813113542607	false	1.0
unordnung	neg 1.0		__DUMMY__ 0.48021525843049867 neg 0.279521151329135 off 0.24026359024036625	false	1.0
fehlverhalten	neg 1.0		__DUMMY__ 0.4832397680502611 neg 0.29041845947973927 off 0.22634177246999962	false	1.0
eine			__DUMMY__ 0.4872373225109106 neg 0.2872014055846978 off 0.22556127190439157	false	0.0
nille	neg 1.0		__DUMMY__ 0.4821153625724592 neg 0.2872786674041768 off 0.23060597002336417	false	1.0
qual	neg 1.0		__DUMMY__ 0.48554130623295527 neg 0.283284657617481 off 0.23117403614956375	false	1.0
verschwenden	neg 1.0		__DUMMY__ 0.48573262361632935 neg 0.2870411102237572 off 0.22722626615991337	false	1.0
riesig	neg 1.0		__DUMMY__ 0.4864384713266854 neg 0.28289583961201936 off 0.23066568906129536	false	1.0
verurteilen	neg 1.0		__DUMMY__ 0.48226473809401227 neg 0.28973870641416566 off 0.22799655549182196	false	1.0
klischee	neg 1.0	neg 1.0	neg 0.6314786309939272 __DUMMY__ 0.23570908514844924 off 0.13281228385762356	false	1.0
diktatorisch	neg 1.0		__DUMMY__ 0.47881559830764997 neg 0.2901236857414487 off 0.23106071595090127	false	1.0
vorhersehbar	neg 1.0		__DUMMY__ 0.48250599696834917 neg 0.2848258828728248 off 0.23266812015882607	false	1.0
sowie			__DUMMY__ 0.47937512914162 neg 0.2783366750279731 off 0.24228819583040698	false	0.0
stornieren	neg 1.0		__DUMMY__ 0.48664556259478103 neg 0.27884066355023296 off 0.23451377385498612	false	1.0
besteuerung	neg 1.0		__DUMMY__ 0.4840025232505828 neg 0.28342690965940515 off 0.23257056709001206	false	1.0
ungeschminkt	neg 1.0		__DUMMY__ 0.4840136010616789 neg 0.2783751996467305 off 0.23761119929159064	false	1.0
kritisch	neg 1.0		__DUMMY__ 0.48353410749077025 neg 0.28965207557312317 off 0.22681381693610655	false	1.0
schlamperei	off 1.0		__DUMMY__ 0.4832849753815913 neg 0.28922868074872965 off 0.22748634386967906	false	0.5
sucht	neg 1.0	neg 1.0	neg 0.626954730119785 __DUMMY__ 0.23949278833458928 off 0.13355248154562574	false	1.0
egoistisch	off 1.0		__DUMMY__ 0.4816645214831582 neg 0.2763285729920617 off 0.24200690552478	false	0.5
ausbeuter	off 1.0		__DUMMY__ 0.48279979547314933 neg 0.29133469459433936 off 0.2258655099325113	false	0.5
arschgeburt	off 1.0		__DUMMY__ 0.4762720549715973 neg 0.27370431380152555 off 0.25002363122687715	false	0.5
schubs	neg 1.0	neg 1.0	neg 0.6302525678086294 __DUMMY__ 0.23952233272990928 off 0.1302250994614613	false	1.0
unsolide	neg 1.0		__DUMMY__ 0.47746934046366885 neg 0.28806270113370513 off 0.234467958402626	false	1.0
beschwerde	neg 1.0		__DUMMY__ 0.48367756163595516 neg 0.2878342258135102 off 0.2284882125505346	false	1.0
stocken	neg 1.0		__DUMMY__ 0.4856427485754529 neg 0.2859094479766722 off 0.22844780344787488	false	1.0
isolieren	neg 1.0		__DUMMY__ 0.48743423236094724 neg 0.2814013995596662 off 0.23116436807938662	false	1.0
unheilbar	neg 1.0		__DUMMY__ 0.48377611502461415 neg 0.28487101602075654 off 0.23135286895462928	false	1.0
pisser	off 1.0		__DUMMY__ 0.48085570013614576 neg 0.2793534180498121 off 0.23979088181404204	false	0.5
löschen	neg 1.0		__DUMMY__ 0.48411053188700715 neg 0.2836519288862406 off 0.2322375392267523	false	1.0
durchfallen	neg 1.0		__DUMMY__ 0.48505598507946884 neg 0.2874421013571592 off 0.22750191356337196	false	1.0
wichser	off 1.0		__DUMMY__ 0.479949628450686 neg 0.2733902853082991 off 0.2466600862410147	false	0.5
terror	neg 1.0		__DUMMY__ 0.4861072547216407 neg 0.2782276194673744 off 0.23566512581098503	false	1.0
krass	neg 1.0		__DUMMY__ 0.48322392939624037 neg 0.2764898451991041 off 0.24028622540465555	false	1.0
revolte	neg 1.0	neg 1.0	neg 0.6344194536716932 __DUMMY__ 0.2332704518955271 off 0.13231009443277977	false	1.0
besorgt	neg 1.0		__DUMMY__ 0.48814016082005124 neg 0.2818693239542433 off 0.2299905152257054	false	1.0
nachlassen	neg 1.0		__DUMMY__ 0.48776692464518945 neg 0.2825119351958624 off 0.22972114015894807	false	1.0
alt	neg 1.0		__DUMMY__ 0.4884804405693105 neg 0.2837657649930158 off 0.22775379443767382	false	1.0
hundesohn	off 1.0		__DUMMY__ 0.4776990358022304 neg 0.2770364504323676 off 0.24526451376540204	false	0.5
als			__DUMMY__ 0.4865531441881406 neg 0.2846744146875297 off 0.2287724411243296	false	0.0
abschreckung	neg 1.0		__DUMMY__ 0.48398583985534194 neg 0.2908528541831345 off 0.22516130596152364	false	1.0
unqualifiziert	neg 1.0		__DUMMY__ 0.4825884120964566 neg 0.28435611485045653 off 0.23305547305308688	false	1.0
abgewichst	off 1.0		__DUMMY__ 0.4839353406601881 neg 0.2860960266146381 off 0.2299686327251738	false	0.5
schwer	neg 1.0		__DUMMY__ 0.4859044656834183 neg 0.28348833687783254 off 0.23060719743874925	false	1.0
bedeutungslosigkeit	neg 1.0		__DUMMY__ 0.48344637132049384 neg 0.2908615206575863 off 0.22569210802191983	false	1.0
kapitulation	neg 1.0		__DUMMY__ 0.48012592437974716 neg 0.29273836476805354 off 0.22713571085219933	false	1.0
unscharf	neg 1.0		__DUMMY__ 0.4854220622722294 neg 0.27999990155175836 off 0.23457803617601222	false	1.0
schwinden	neg 1.0		__DUMMY__ 0.48587195785702486 neg 0.2872932622140153 off 0.2268347799289598	false	1.0
versklavung	neg 1.0	neg 1.0	neg 0.6339722282000894 __DUMMY__ 0.23467608873941576 off 0.1313516830604949	false	1.0
schlecht	neg 1.0		__DUMMY__ 0.48458099438233926 neg 0.27808883454397 off 0.23733017107369078	false	1.0
verhasst	neg 1.0		__DUMMY__ 0.48238118544028363 neg 0.28694631191624714 off 0.23067250264346933	false	1.0
beschweren	neg 1.0		__DUMMY__ 0.4852905430567037 neg 0.28194699532478057 off 0.2327624616185158	false	1.0
scheiden	neg 1.0		__DUMMY__ 0.48488261328548354 neg 0.2849215448754678 off 0.23019584183904881	false	1.0
frustriert	neg 1.0		__DUMMY__ 0.4854346486019955 neg 0.2850973532643836 off 0.22946799813362084	false	1.0
schimmelig	neg 1.0		__DUMMY__ 0.4863857260830146 neg 0.2853811588421414 off 0.22823311507484412	false	1.0
fisch	neg 1.0		__DUMMY__ 0.48606985692695825 neg 0.2855514398513333 off 0.22837870322170833	false	1.0
schmuggel	neg 1.0		__DUMMY__ 0.4871590762814631 neg 0.2862787968682351 off 0.22656212685030186	false	1.0
auffallen	neg 1.0		__DUMMY__ 0.48491528130587574 neg 0.2818717063072072 off 0.2332130123869172	false	1.0
konkurrenz	neg 1.0		__DUMMY__ 0.48684838477181264 neg 0.28753027812647974 off 0.22562133710170773	false	1.0
teufelskreis	neg 1.0		__DUMMY__ 0.48431730183296223 neg 0.28621910862431427 off 0.2294635895427234	false	1.0
aufschreien	neg 1.0		__DUMMY__ 0.482848731216325 neg 0.28452908360990975 off 0.23262218517376518	false	1.0
schuldner	neg 1.0		__DUMMY__ 0.4834809808683207 neg 0.2896183620829345 off 0.22690065704874474	false	1.0
missgeburt	off 1.0	off 1.0	off 0.6078305369127197 __DUMMY__ 0.23436224577313636 neg 0.15780721731414396	false	1.0
arbeitslos	neg 1.0		__DUMMY__ 0.4839147322231968 neg 0.2878545213268925 off 0.22823074644991076	false	1.0
befallen	neg 1.0		__DUMMY__ 0.48040436767887135 neg 0.29205539997213364 off 0.2275402323489949	false	1.0
miesepetrig	off 1.0		__DUMMY__ 0.48556064387364667 neg 0.2771860838071406 off 0.23725327231921262	false	0.5
alarmieren	neg 1.0		__DUMMY__ 0.4817665128276665 neg 0.28235655155353934 off 0.23587693561879425	false	1.0
ungeduscht	off 1.0		__DUMMY__ 0.4856123609617352 neg 0.2796675019474736 off 0.23472013709079115	false	0.5
knappheit	neg 1.0		__DUMMY__ 0.4851348262576884 neg 0.285632298719208 off 0.22923287502310374	false	1.0
schlange	neg 1.0		__DUMMY__ 0.486787223741607 neg 0.28026336192569035 off 0.23294941433270266	false	1.0
harsch	neg 1.0		__DUMMY__ 0.48402028141902226 neg 0.27208654959039785 off 0.24389316899057978	false	1.0
lang	neg 1.0		__DUMMY__ 0.4849896456227807 neg 0.28242345165295024 off 0.2325869027242691	false	1.0
ziellos	neg 1.0		__DUMMY__ 0.4860617100188545 neg 0.2857392056135169 off 0.2281990843676286	false	1.0
selbstverliebt	neg 1.0		__DUMMY__ 0.4770478770179659 neg 0.2757635807359971 off 0.24718854224603715	false	1.0
beseitigen	neg 1.0		__DUMMY__ 0.48686762980331433 neg 0.28029056577628225 off 0.2328418044204034	false	1.0
dumm	off 1.0		__DUMMY__ 0.4807946838429221 neg 0.2766240367544106 off 0.24258127940266722	false	0.5
arbeitsloser	neg 1.0		__DUMMY__ 0.48409794282803076 neg 0.2885533185726448 off 0.22734873859932442	false	1.0
blitzen	neg 1.0		__DUMMY__ 0.4835710152735802 neg 0.28146132917112204 off 0.23496765555529764	false	1.0
hilflos	neg 1.0		__DUMMY__ 0.48541872911275796 neg 0.28556968570328634 off 0.2290115851839557	false	1.0
eklig	off 1.0		__DUMMY__ 0.4806044045785077 neg 0.27575983827170886 off 0.24363575714978347	false	0.5
begriff			__DUMMY__ 0.48440183601154363 neg 0.2863697969340091 off 0.2292283670544472	false	0.0
hungersnot	neg 1.0		__DUMMY__ 0.47949954064064837 neg 0.29104146855846663 off 0.22945899080088494	false	1.0
ungesetzlich	neg 1.0		__DUMMY__ 0.47968516923268256 neg 0.2875595030756472 off 0.2327553276916702	false	1.0
verschwendung	neg 1.0		__DUMMY__ 0.4854860660492096 neg 0.28832811188443397 off 0.22618582206635648	false	1.0
schmerzvoll	neg 1.0		__DUMMY__ 0.48537907628636956 neg 0.2818462337169302 off 0.23277468999670023	false	1.0
vorzeitig	neg 1.0		__DUMMY__ 0.4838247148505715 neg 0.2792587154589598 off 0.23691656969046854	false	1.0
unvollkommenheit	neg 1.0		__DUMMY__ 0.48467159275107763 neg 0.2840616870071316 off 0.2312667202417909	false	1.0
intervenieren	neg 1.0		__DUMMY__ 0.48224830282841785 neg 0.29159234631656067 off 0.2261593508550216	false	1.0
banause	off 1.0		__DUMMY__ 0.47980170357465973 neg 0.27516892679651567 off 0.24502936962882452	false	0.5
rebell	neg 1.0		__DUMMY__ 0.48728934039636157 neg 0.2868003355675205 off 0.22591032403611794	false	1.0
unlogisch	neg 1.0		__DUMMY__ 0.48190554078992265 neg 0.27908225325146296 off 0.2390122059586143	false	1.0
leiden	neg 1.0	neg 1.0	neg 0.6291600466958549 __DUMMY__ 0.24168901594439002 off 0.12915093735975514	false	1.0
abschaffung	neg 1.0		__DUMMY__ 0.4823492916577722 neg 0.28595900753631454 off 0.23169170080591328	false	1.0
sturz	neg 1.0		__DUMMY__ 0.481861098236454 neg 0.2860003376394755 off 0.2321385641240703	false	1.0
verkleinerung	neg 1.0		__DUMMY__ 0.4808877072952565 neg 0.2843642965349864 off 0.23474799616975703	false	1.0
schmarotzer	off 1.0		__DUMMY__ 0.48272265618392923 neg 0.28986239639372446 off 0.22741494742234641	false	0.5
bestrafung	neg 1.0		__DUMMY__ 0.48322938539849764 neg 0.2849982912283897 off 0.23177232337311252	false	1.0
achtlos	neg 1.0		__DUMMY__ 0.4862824004254109 neg 0.2830557607212773 off 0.23066183885331182	false	1.0
ungeheuer	neg 1.0		__DUMMY__ 0.4835831895807338 neg 0.2833527448841396 off 0.23306406553512646	false	1.0
unaufrichtig	neg 1.0		__DUMMY__ 0.48077292911365527 neg 0.28573870615766567 off 0.2334883647286789	false	1.0
groggy	neg 1.0		__DUMMY__ 0.4832189455728485 neg 0.28211442079166515 off 0.2346666336354864	false	1.0
verletzlich	neg 1.0		__DUMMY__ 0.4830765356699448 neg 0.27982486224331793 off 0.23709860208673736	false	1.0
