unsolidarisch	neg 1.0		neg 0.5194824811430174 off 0.43923672840109523 __DUMMY__ 0.04128079045588732	false	1.0
nachteilig	neg 1.0		neg 0.519288102139555 off 0.43888832869666683 __DUMMY__ 0.04182356916377807	false	1.0
skeptisch	neg 1.0		neg 0.5193528127522093 off 0.43872865511979575 __DUMMY__ 0.04191853212799479	false	1.0
schrecklich	neg 1.0		neg 0.5031618504960629 off 0.45529931260542794 __DUMMY__ 0.04153883689850906	false	1.0
schlapp	neg 1.0		neg 0.5068069855370552 off 0.45141321583967303 __DUMMY__ 0.0417797986232719	false	1.0
abfall	neg 1.0		neg 0.5224499188471886 off 0.43557832765901977 __DUMMY__ 0.04197175349379148	false	1.0
widerspenstig	neg 1.0		neg 0.5136315615107496 off 0.4445688915939814 __DUMMY__ 0.041799546895269	false	1.0
abrupt	neg 1.0		neg 0.5161516527902661 off 0.4416963275039741 __DUMMY__ 0.04215201970575985	false	1.0
unwirksam	neg 1.0		neg 0.5167596152566779 off 0.4417188900368398 __DUMMY__ 0.04152149470648227	false	1.0
angreifen	neg 1.0	neg 1.0	neg 0.7466573690997842 off 0.23334978372511433 __DUMMY__ 0.019992847175101518	false	1.0
inkonsistent	neg 1.0		neg 0.5123264336535781 off 0.4458564578922192 __DUMMY__ 0.04181710845420275	false	1.0
abrutschen	neg 1.0		neg 0.5216121337064614 off 0.4363815410747422 __DUMMY__ 0.042006325218796346	false	1.0
unsicher	neg 1.0		neg 0.5127244824748792 off 0.4453856750312053 __DUMMY__ 0.04188984249391548	false	1.0
bauernkind	off 1.0	off 1.0	off 0.7109076446239032 neg 0.2694120818015506 __DUMMY__ 0.019680273574546235	false	1.0
angreifer	neg 1.0		neg 0.510828058673682 off 0.4472533205555623 __DUMMY__ 0.041918620770755796	false	1.0
trennen	neg 1.0		neg 0.5143937211496316 off 0.44331708865916236 __DUMMY__ 0.042289190191206076	false	1.0
schmutz	neg 1.0		neg 0.5076103894465153 off 0.4502099770615318 __DUMMY__ 0.04217963349195279	false	1.0
inkonsistenz	neg 1.0		neg 0.5117209613666798 off 0.4468386616607226 __DUMMY__ 0.041440376972597705	false	1.0
erschreckend	neg 1.0		neg 0.5158072405680039 off 0.44244720218777817 __DUMMY__ 0.04174555724421797	false	1.0
ertrinken	neg 1.0		neg 0.5162592294743601 off 0.44171903325226974 __DUMMY__ 0.04202173727337015	false	1.0
pickelface	off 1.0		neg 0.5162649473214653 off 0.441913473574058 __DUMMY__ 0.0418215791044767	false	0.5
seiner			neg 0.5176315429070582 off 0.44033888272565735 __DUMMY__ 0.04202957436728445	false	0.0
lauch	neg 1.0		neg 0.5226895320523336 off 0.435422881709532 __DUMMY__ 0.04188758623813445	false	1.0
unwichtig	neg 1.0		neg 0.5093627652951104 off 0.4490549894424018 __DUMMY__ 0.04158224526248787	false	1.0
steuerhinterziehung	neg 1.0		neg 0.5181849096123595 off 0.4401993654836698 __DUMMY__ 0.041615724903970766	false	1.0
schock	neg 1.0		neg 0.5117806776762368 off 0.44611499355567075 __DUMMY__ 0.042104328768092406	false	1.0
beule	neg 1.0		neg 0.5060750861562963 off 0.45211650955157023 __DUMMY__ 0.041808404292133526	false	1.0
vergelten	neg 1.0		neg 0.5028298503652388 off 0.4553904387522738 __DUMMY__ 0.04177971088248738	false	1.0
verdorbenheit	neg 1.0		neg 0.5124080010251283 off 0.4456057898951578 __DUMMY__ 0.04198620907971385	false	1.0
trauma	neg 1.0		neg 0.5127180222814289 off 0.4455091739871173 __DUMMY__ 0.041772803731453804	false	1.0
sinnlos	neg 1.0		neg 0.5101921226815066 off 0.44797553376381916 __DUMMY__ 0.04183234355467431	false	1.0
fettsack	off 1.0	off 1.0	off 0.7128569901488726 neg 0.26738187921604084 __DUMMY__ 0.01976113063508645	false	1.0
feige	off 1.0	off 1.0	off 0.7088127340198921 neg 0.27141596229408915 __DUMMY__ 0.019771303686018815	false	1.0
abdanken	neg 1.0		neg 0.516737324655462 off 0.4416183663198262 __DUMMY__ 0.04164430902471183	false	1.0
wichtigtuer	off 1.0	off 1.0	off 0.7073455736091316 neg 0.27280280757406533 __DUMMY__ 0.019851618816803092	false	1.0
misslingen	neg 1.0		neg 0.5090294105675903 off 0.4488273787462684 __DUMMY__ 0.04214321068614134	false	1.0
untreu	off 1.0		neg 0.5084225070662532 off 0.4500681564327985 __DUMMY__ 0.0415093365009481	false	0.5
missmutig	neg 1.0		neg 0.5085803561979823 off 0.44977100136104015 __DUMMY__ 0.041648642440977574	false	1.0
hurenbock	off 1.0		neg 0.5108064271691045 off 0.44729045249876637 __DUMMY__ 0.041903120332129194	false	0.5
betrunken	neg 1.0		neg 0.5033534559112501 off 0.454851161951795 __DUMMY__ 0.04179538213695493	false	1.0
korrupt	off 1.0		neg 0.5210134559076004 off 0.43755569716713855 __DUMMY__ 0.04143084692526097	false	0.5
unmut	neg 1.0		neg 0.5224564678898413 off 0.4355902468170604 __DUMMY__ 0.04195328529309839	false	1.0
hackfresse	off 1.0		neg 0.5008801545264041 off 0.4578183904060488 __DUMMY__ 0.041301455067547156	false	0.5
aufblasen	neg 1.0		neg 0.510178932550383 off 0.44786786225125624 __DUMMY__ 0.0419532051983607	false	1.0
gewaltsam	neg 1.0		neg 0.514508205652709 off 0.4436408565072083 __DUMMY__ 0.041850937840082855	false	1.0
unbeliebtheit	neg 1.0		neg 0.514620389888797 off 0.4442467394551519 __DUMMY__ 0.04113287065605098	false	1.0
sturheit	neg 1.0		neg 0.5166655079088294 off 0.4416628145623407 __DUMMY__ 0.041671677528830005	false	1.0
kuh	neg 1.0		neg 0.5143182311468253 off 0.44403732517082667 __DUMMY__ 0.04164444368234794	false	1.0
erschrecken	neg 1.0		neg 0.5084137876196091 off 0.4498281344439913 __DUMMY__ 0.041758077936399636	false	1.0
opfer	neg 1.0		neg 0.5172048481178175 off 0.44086920776153476 __DUMMY__ 0.04192594412064757	false	1.0
sinken	neg 1.0		neg 0.5207154637047138 off 0.43724506309324035 __DUMMY__ 0.042039473202045825	false	1.0
stinktier	neg 1.0		neg 0.504168744789591 off 0.45446363388407346 __DUMMY__ 0.04136762132633546	false	1.0
tucke	off 1.0		neg 0.5032306193747335 off 0.4557694224421188 __DUMMY__ 0.040999958183147674	false	0.5
ein			neg 0.5107000584863887 off 0.44731741737588526 __DUMMY__ 0.04198252413772616	false	0.0
abstieg	neg 1.0		neg 0.5162059895192634 off 0.4416603060958127 __DUMMY__ 0.042133704384923816	false	1.0
missverstehen	neg 1.0		neg 0.5124115536132737 off 0.44600377300620025 __DUMMY__ 0.04158467338052593	false	1.0
ergebnislos	neg 1.0		neg 0.5184278459502318 off 0.439640337546656 __DUMMY__ 0.0419318165031121	false	1.0
unter			neg 0.5219159318377096 off 0.43552354927164144 __DUMMY__ 0.04256051889064892	false	0.0
manipulieren	neg 1.0		neg 0.5202111516425385 off 0.4379566804857663 __DUMMY__ 0.04183216787169519	false	1.0
unbewiesen	neg 1.0		neg 0.519877875587945 off 0.4389146027814215 __DUMMY__ 0.04120752163063345	false	1.0
verschleppen	neg 1.0		neg 0.5173723336993812 off 0.4407989873966593 __DUMMY__ 0.041828678903959624	false	1.0
weib	off 1.0		neg 0.5010590333815473 off 0.45765160266732713 __DUMMY__ 0.04128936395112557	false	0.5
opposition	neg 1.0		neg 0.5134792760943955 off 0.44492685638197277 __DUMMY__ 0.041593867523631915	false	1.0
verkehrswidrig	neg 1.0	neg 1.0	neg 0.7353795698571408 off 0.2444688220728521 __DUMMY__ 0.02015160807000709	false	1.0
inkorrekt	neg 1.0		neg 0.5098969472329401 off 0.4488892179534795 __DUMMY__ 0.04121383481358046	false	1.0
vermeiden	neg 1.0		neg 0.5225791584309492 off 0.43522108122926634 __DUMMY__ 0.04219976033978455	false	1.0
abweichung	neg 1.0		neg 0.5183379158660403 off 0.43978814291807583 __DUMMY__ 0.041873941215883746	false	1.0
alkoholisiert	neg 1.0		neg 0.5134434028221199 off 0.4441025249596379 __DUMMY__ 0.04245407221824229	false	1.0
scheiss	off 1.0	off 1.0	off 0.7105413375173851 neg 0.26953406914996525 __DUMMY__ 0.019924593332649624	false	1.0
herausforderung	neg 1.0	neg 1.0	neg 0.7431201354278475 off 0.23653487282422242 __DUMMY__ 0.020344991747930165	false	1.0
pervers	off 1.0		neg 0.49767928284167884 off 0.46111927998954966 __DUMMY__ 0.041201437168771525	false	0.5
wackelig	neg 1.0		neg 0.5124797414634049 off 0.44528251540511327 __DUMMY__ 0.042237743131481896	false	1.0
verwickeln	neg 1.0		neg 0.5127776230594718 off 0.4456567816184207 __DUMMY__ 0.041565595322107476	false	1.0
vorwand	neg 1.0		neg 0.5203964468669531 off 0.43768925098266587 __DUMMY__ 0.04191430215038107	false	1.0
muschi	off 1.0		neg 0.515480311672304 off 0.4426754482419518 __DUMMY__ 0.041844240085744146	false	0.5
entmutigung	neg 1.0		neg 0.5152000227713296 off 0.44331542132397056 __DUMMY__ 0.04148455590469985	false	1.0
unangemessen	neg 1.0		neg 0.517386968082772 off 0.4409071905206511 __DUMMY__ 0.04170584139657699	false	1.0
unstetig	neg 1.0		neg 0.5107830220560342 off 0.4472674511129537 __DUMMY__ 0.041949526831012246	false	1.0
entmutigen	neg 1.0		neg 0.5123007672822887 off 0.445938274012121 __DUMMY__ 0.04176095870559029	false	1.0
schwanz	neg 1.0		neg 0.517994032786776 off 0.4400083993152707 __DUMMY__ 0.04199756789795326	false	1.0
verbot	neg 1.0		neg 0.5191161659804172 off 0.43923141635376955 __DUMMY__ 0.04165241766581328	false	1.0
leid	neg 1.0		neg 0.5021019003060545 off 0.4564083912420741 __DUMMY__ 0.04148970845187136	false	1.0
archaisch	neg 1.0		neg 0.5164447456114588 off 0.44174282265162157 __DUMMY__ 0.041812431736919495	false	1.0
gegen			neg 0.5191410909060084 off 0.43873066209031225 __DUMMY__ 0.042128247003679425	false	0.0
scheidung	neg 1.0		neg 0.49302926173243994 off 0.46574858943827346 __DUMMY__ 0.04122214882928652	false	1.0
einschlag	neg 1.0	neg 1.0	neg 0.738176508093842 off 0.2419131416550831 __DUMMY__ 0.01991035025107488	false	1.0
m			neg 0.5144990408919534 off 0.4434744891946435 __DUMMY__ 0.042026469913403204	false	0.0
abgestanden	neg 1.0		neg 0.5108173690262507 off 0.4472139723315142 __DUMMY__ 0.041968658642235084	false	1.0
schmierig	off 1.0		neg 0.5024522701139896 off 0.4560238119663865 __DUMMY__ 0.041523917919623926	false	0.5
unpraktisch	neg 1.0		neg 0.5096180064553593 off 0.44833128875295847 __DUMMY__ 0.042050704791682325	false	1.0
wixxer	off 1.0		neg 0.49846109803027794 off 0.46038560593424627 __DUMMY__ 0.041153296035475684	false	0.5
bezeichnet			neg 0.5153341474578569 off 0.44295462483741216 __DUMMY__ 0.04171122770473098	false	0.0
jammerlappen	off 1.0		neg 0.5089550258959624 off 0.44944249514179396 __DUMMY__ 0.04160247896224352	false	0.5
farce	neg 1.0		neg 0.5188113334193548 off 0.4396145070307395 __DUMMY__ 0.041574159549905565	false	1.0
zwecklos	neg 1.0		neg 0.5172711945245559 off 0.4410043417462345 __DUMMY__ 0.04172446372920948	false	1.0
turbulent	neg 1.0		neg 0.5092230177612782 off 0.4492713307396635 __DUMMY__ 0.041505651499058126	false	1.0
invasion	neg 1.0		neg 0.5100052516977039 off 0.4481558553604404 __DUMMY__ 0.04183889294185564	false	1.0
schuld	neg 1.0		neg 0.51322840133001 off 0.4450385902188279 __DUMMY__ 0.04173300845116205	false	1.0
risiko	neg 1.0		neg 0.5122466619933002 off 0.4458411283053925 __DUMMY__ 0.041912209701307324	false	1.0
finster	neg 1.0		neg 0.5111920233300941 off 0.4469095022027918 __DUMMY__ 0.04189847446711408	false	1.0
geisteskrank	off 1.0		neg 0.508799161666626 off 0.44980699922941736 __DUMMY__ 0.04139383910395667	false	0.5
zusammenbrechen	neg 1.0		neg 0.514338692943926 off 0.4437246455624087 __DUMMY__ 0.041936661493665234	false	1.0
ausbeute	neg 1.0		neg 0.5148251896404175 off 0.44288353805786973 __DUMMY__ 0.04229127230171284	false	1.0
hinterhalt	neg 1.0		neg 0.5135514419284756 off 0.44438223407374267 __DUMMY__ 0.042066323997781596	false	1.0
kritik	neg 1.0		neg 0.5187305303881596 off 0.4396637741183972 __DUMMY__ 0.0416056954934431	false	1.0
einschrumpfen	neg 1.0		neg 0.5130420696042881 off 0.4454945801131933 __DUMMY__ 0.04146335028251854	false	1.0
riskant	neg 1.0		neg 0.5184890785608671 off 0.43968115585081524 __DUMMY__ 0.0418297655883177	false	1.0
frustrieren	neg 1.0		neg 0.5176552455523609 off 0.4404610350532798 __DUMMY__ 0.04188371939435949	false	1.0
groll	neg 1.0		neg 0.5166495280348838 off 0.441525595969693 __DUMMY__ 0.041824875995423165	false	1.0
gibt			neg 0.5154056556066622 off 0.4427146499823359 __DUMMY__ 0.04187969441100177	false	0.0
qualvoll	neg 1.0		neg 0.5088160926863649 off 0.44936160408174347 __DUMMY__ 0.041822303231891754	false	1.0
wackeln	neg 1.0	neg 1.0	neg 0.741448732176771 off 0.23843756932706794 __DUMMY__ 0.020113698496161108	false	1.0
klagen	neg 1.0		neg 0.5212440399717725 off 0.43675291415448114 __DUMMY__ 0.04200304587374644	false	1.0
bankrott	neg 1.0		neg 0.5088194070477818 off 0.44943128393547144 __DUMMY__ 0.04174930901674679	false	1.0
trauern	neg 1.0		neg 0.5162313885715328 off 0.44172442480774327 __DUMMY__ 0.042044186620723824	false	1.0
ablehnung	neg 1.0		neg 0.5184815036346373 off 0.4398942940843508 __DUMMY__ 0.04162420228101205	false	1.0
stur	neg 1.0		neg 0.5129278714651598 off 0.4453911837169739 __DUMMY__ 0.04168094481786632	false	1.0
aufruhr	neg 1.0		neg 0.514674276788038 off 0.44347751786509965 __DUMMY__ 0.04184820534686232	false	1.0
melancholie	neg 1.0		neg 0.5144518302759967 off 0.4434989120830051 __DUMMY__ 0.04204925764099824	false	1.0
ist			neg 0.5111801688061551 off 0.4470130107993354 __DUMMY__ 0.041806820394509246	false	0.0
torheit	neg 1.0		neg 0.515664391291176 off 0.44281179047351077 __DUMMY__ 0.04152381823531324	false	1.0
dreckskind	off 1.0		neg 0.5029954158435003 off 0.45570083223153346 __DUMMY__ 0.041303751924966235	false	0.5
umtauschen	neg 1.0		neg 0.512482275830521 off 0.44555593981014424 __DUMMY__ 0.041961784359334786	false	1.0
zum			neg 0.5177528397702313 off 0.4396056113572342 __DUMMY__ 0.0426415488725345	false	0.0
zersetzen	neg 1.0		neg 0.5212246651553145 off 0.43703083290212186 __DUMMY__ 0.0417445019425636	false	1.0
zur			neg 0.521838517400557 off 0.4358181900975889 __DUMMY__ 0.04234329250185421	false	0.0
frust	neg 1.0		neg 0.5144582656226319 off 0.4435941779629812 __DUMMY__ 0.041947556414386945	false	1.0
unerbittlichkeit	neg 1.0		neg 0.5203877930404881 off 0.43780337837693195 __DUMMY__ 0.041808828582579914	false	1.0
zwei			neg 0.5165700937945241 off 0.4409533799039103 __DUMMY__ 0.042476526301565766	false	0.0
unkorrekt	neg 1.0		neg 0.5089747882001008 off 0.44980192097229393 __DUMMY__ 0.0412232908276054	false	1.0
hexe	off 1.0		neg 0.5075665749117192 off 0.45079999484161626 __DUMMY__ 0.04163343024666441	false	0.5
lasch	neg 1.0		neg 0.5118835111866689 off 0.44663288289952546 __DUMMY__ 0.04148360591380562	false	1.0
rivale	neg 1.0		neg 0.5052190685159476 off 0.4531761003204685 __DUMMY__ 0.04160483116358395	false	1.0
mutlos	off 1.0	off 1.0	off 0.703142622837547 neg 0.2769662637848017 __DUMMY__ 0.01989111337765132	false	1.0
wirr	off 1.0		neg 0.5080656105350961 off 0.4506664486964096 __DUMMY__ 0.04126794076849422	false	0.5
jahr			neg 0.5149314951427292 off 0.44266955718907997 __DUMMY__ 0.0423989476681908	false	0.0
wird			neg 0.5160382336896601 off 0.44197227033610015 __DUMMY__ 0.04198949597423982	false	0.0
strafbar	neg 1.0		neg 0.5190966230966894 off 0.4391422553308351 __DUMMY__ 0.04176112157247552	false	1.0
erosion	neg 1.0		neg 0.5116984400447707 off 0.4463786945708295 __DUMMY__ 0.0419228653843997	false	1.0
eingehen	neg 1.0		neg 0.518376309662712 off 0.4399133136776269 __DUMMY__ 0.04171037665966104	false	1.0
faul	off 1.0		neg 0.5075119985818437 off 0.4506610051895205 __DUMMY__ 0.041826996228635824	false	0.5
provisorium	neg 1.0		neg 0.5237044694862223 off 0.43387704768241925 __DUMMY__ 0.04241848283135861	false	1.0
schmerzen	neg 1.0		neg 0.512794862031816 off 0.44531916173872954 __DUMMY__ 0.041885976229454405	false	1.0
schrumpfen	neg 1.0		neg 0.5246204501504474 off 0.4333574567804037 __DUMMY__ 0.04202209306914875	false	1.0
geistlos	off 1.0		neg 0.5160981467859118 off 0.44266761424427775 __DUMMY__ 0.04123423896981043	false	0.5
fehlkauf	neg 1.0		neg 0.5126099721878429 off 0.44570906846464026 __DUMMY__ 0.041680959347516894	false	1.0
frustrierend	neg 1.0		neg 0.5078394657523579 off 0.4503239038490162 __DUMMY__ 0.04183663039862583	false	1.0
unzufrieden	neg 1.0		neg 0.5170395213971147 off 0.44119631533058157 __DUMMY__ 0.041764163272303624	false	1.0
verzweifeln	neg 1.0		neg 0.513743474501877 off 0.44439232050552724 __DUMMY__ 0.04186420499259573	false	1.0
verzweifelt	neg 1.0		neg 0.5123873075850462 off 0.4458914516063844 __DUMMY__ 0.04172124080856948	false	1.0
misstrauensantrag	neg 1.0		neg 0.5118873050336918 off 0.4464483684935245 __DUMMY__ 0.041664326472783675	false	1.0
abfallen	neg 1.0		neg 0.5096495233938089 off 0.44833557333644913 __DUMMY__ 0.0420149032697418	false	1.0
fucker	off 1.0		neg 0.5072460583024454 off 0.4512622361783152 __DUMMY__ 0.04149170551923937	false	0.5
ungezogen	neg 1.0		neg 0.4983246247621601 off 0.4603176649641768 __DUMMY__ 0.04135771027366316	false	1.0
irrsinnig	neg 1.0	neg 1.0	neg 0.7431451003811008 off 0.23694467545529643 __DUMMY__ 0.01991022416360282	false	1.0
unfassbar	neg 1.0		neg 0.5079925299931093 off 0.45041329961294957 __DUMMY__ 0.04159417039394112	false	1.0
hart	neg 1.0		neg 0.5097044973805128 off 0.4485875107057925 __DUMMY__ 0.04170799191369473	false	1.0
widerlich	off 1.0		neg 0.5087468011888174 off 0.44984959051684653 __DUMMY__ 0.041403608294336015	false	0.5
fatal	neg 1.0		neg 0.5119117673104777 off 0.4463761339822 __DUMMY__ 0.04171209870732242	false	1.0
bruch	neg 1.0		neg 0.5216170906690265 off 0.4364433779316585 __DUMMY__ 0.041939531399315	false	1.0
aushungern	neg 1.0		neg 0.5179089799346754 off 0.4405231034737483 __DUMMY__ 0.041567916591576166	false	1.0
anspannung	neg 1.0	neg 1.0	neg 0.745918794691072 off 0.23370630254264682 __DUMMY__ 0.020374902766281164	false	1.0
von			neg 0.5161017560567586 off 0.44152241224056554 __DUMMY__ 0.042375831702675906	false	0.0
kraftlos	neg 1.0		neg 0.5135036246449676 off 0.44440021548789954 __DUMMY__ 0.04209615986713296	false	1.0
vom			neg 0.5204091880713788 off 0.43694142214783643 __DUMMY__ 0.04264938978078479	false	0.0
grenzdebil	off 1.0		neg 0.5065303108280893 off 0.45186650926860683 __DUMMY__ 0.04160317990330392	false	0.5
vor			neg 0.518242967972344 off 0.43963952994428424 __DUMMY__ 0.04211750208337156	false	0.0
unterwerfen	neg 1.0		neg 0.5184715439755117 off 0.4396868046975961 __DUMMY__ 0.04184165132689245	false	1.0
versenkung	neg 1.0		neg 0.5182277384139711 off 0.439870329376821 __DUMMY__ 0.04190193220920789	false	1.0
entziehen	neg 1.0		neg 0.5207623362940901 off 0.437268639344629 __DUMMY__ 0.041969024361280874	false	1.0
finanzkrise	neg 1.0		neg 0.5176366798123084 off 0.44080123340766164 __DUMMY__ 0.0415620867800301	false	1.0
schimpfend	neg 1.0		neg 0.5096188263471577 off 0.44833753252009634 __DUMMY__ 0.04204364113274579	false	1.0
profan	neg 1.0		neg 0.510314564782546 off 0.44794861778216843 __DUMMY__ 0.041736817435285595	false	1.0
korruption	neg 1.0	neg 1.0	neg 0.7465257960818792 off 0.2336023177069338 __DUMMY__ 0.019871886211187084	false	1.0
â			neg 0.5163317630710607 off 0.4416809788832613 __DUMMY__ 0.04198725804567803	false	0.0
schmutzig	neg 1.0		neg 0.5066228622919468 off 0.451707802181958 __DUMMY__ 0.041669335526095225	false	1.0
sexy	neg 1.0		neg 0.5098233340267765 off 0.4484624763882841 __DUMMY__ 0.041714189584939464	false	1.0
abraten	neg 1.0		neg 0.5110835838169223 off 0.44712415453262566 __DUMMY__ 0.041792261650452016	false	1.0
schwarz	neg 1.0		neg 0.5128503739098043 off 0.4454527488570711 __DUMMY__ 0.04169687723312454	false	1.0
fotze	off 1.0		neg 0.5179666089129429 off 0.4401548725438831 __DUMMY__ 0.04187851854317401	false	0.5
verwirren	neg 1.0		neg 0.5099917392493895 off 0.4482646840507572 __DUMMY__ 0.041743576699853444	false	1.0
zahnlos	off 1.0		neg 0.5172400441270331 off 0.4410182795361671 __DUMMY__ 0.0417416763367999	false	0.5
verheeren	neg 1.0		neg 0.49711101049385453 off 0.4615162160493177 __DUMMY__ 0.04137277345682784	false	1.0
hippie	neg 1.0		neg 0.5108185648293874 off 0.4474964303055652 __DUMMY__ 0.04168500486504733	false	1.0
rammen	neg 1.0		neg 0.5126453536794722 off 0.4455770589587485 __DUMMY__ 0.0417775873617794	false	1.0
unlauter	neg 1.0		neg 0.5169615303988782 off 0.441624505494668 __DUMMY__ 0.041413964106453954	false	1.0
unheilvoll	neg 1.0		neg 0.5087619654570976 off 0.4492763847466625 __DUMMY__ 0.04196164979623983	false	1.0
niedrig	neg 1.0		neg 0.5179017659275545 off 0.44010487111296853 __DUMMY__ 0.041993362959476886	false	1.0
explosion	neg 1.0		neg 0.5116881571160958 off 0.44664607542491996 __DUMMY__ 0.04166576745898418	false	1.0
weichei	off 1.0		neg 0.5022660921244423 off 0.45637477116632846 __DUMMY__ 0.04135913670922915	false	0.5
minusmensch	off 1.0		neg 0.5019406140452408 off 0.4571237404565898 __DUMMY__ 0.040935645498169394	false	0.5
farblos	neg 1.0		neg 0.510930390030485 off 0.44686465524705077 __DUMMY__ 0.04220495472246407	false	1.0
unwissend	neg 1.0	neg 1.0	neg 0.7408705705700114 off 0.239302097676784 __DUMMY__ 0.019827331753204468	false	1.0
traurig	neg 1.0		neg 0.5040107868642361 off 0.45439574056729853 __DUMMY__ 0.041593472568465316	false	1.0
senkung	neg 1.0		neg 0.5126930248709076 off 0.44578375046907365 __DUMMY__ 0.04152322466001863	false	1.0
ungleich	neg 1.0	neg 1.0	neg 0.7470937881618716 off 0.23300184859863932 __DUMMY__ 0.01990436323948907	false	1.0
heikel	neg 1.0		neg 0.519995700755096 off 0.43817003280542044 __DUMMY__ 0.04183426643948355	false	1.0
drosselung	neg 1.0		neg 0.5066002142603826 off 0.45173927767441907 __DUMMY__ 0.04166050806519845	false	1.0
falsch	neg 1.0		neg 0.5088515246319398 off 0.44944490620548755 __DUMMY__ 0.04170356916257258	false	1.0
unzufriedenheit	neg 1.0		neg 0.520746722233468 off 0.43740659078759364 __DUMMY__ 0.041846686978938334	false	1.0
kurz	neg 1.0		neg 0.5125081145882001 off 0.4453694134642248 __DUMMY__ 0.042122471947575006	false	1.0
unsinnig	neg 1.0		neg 0.5175130286728843 off 0.4408411176599156 __DUMMY__ 0.04164585366720005	false	1.0
penner	off 1.0	off 1.0	off 0.7141521262886942 neg 0.2661393407442717 __DUMMY__ 0.01970853296703422	false	1.0
seicht	neg 1.0		neg 0.5013986708202621 off 0.45751716171463 __DUMMY__ 0.04108416746510802	false	1.0
dummheit	off 1.0	off 1.0	off 0.7073801712385535 neg 0.27279308548625 __DUMMY__ 0.01982674327519662	false	1.0
unerfreulich	neg 1.0		neg 0.5194317597940925 off 0.43855849042524236 __DUMMY__ 0.0420097497806651	false	1.0
motherfucker	off 1.0	off 1.0	off 0.7099223175759756 neg 0.2703103724868699 __DUMMY__ 0.019767309937154427	false	1.0
pikiert	neg 1.0		neg 0.5102308278885422 off 0.44836595841658894 __DUMMY__ 0.041403213694868754	false	1.0
wrack	neg 1.0		neg 0.5147978619897027 off 0.4429865357494433 __DUMMY__ 0.04221560226085382	false	1.0
gangster	neg 1.0		neg 0.5106416590834851 off 0.44760966577629935 __DUMMY__ 0.04174867514021565	false	1.0
krank	neg 1.0		neg 0.5049958264893191 off 0.45328540198431544 __DUMMY__ 0.041718771526365474	false	1.0
reich	neg 1.0		neg 0.5107842344126409 off 0.4477120077744259 __DUMMY__ 0.04150375781293326	false	1.0
gnadenlos	neg 1.0		neg 0.5126980411611054 off 0.4455185417356236 __DUMMY__ 0.04178341710327093	false	1.0
niedergeschlagen	neg 1.0		neg 0.5134631707598366 off 0.4445381001460933 __DUMMY__ 0.04199872909407016	false	1.0
terrorisieren	off 1.0	off 1.0	off 0.7044251865093744 neg 0.2755733505971062 __DUMMY__ 0.020001462893519496	false	1.0
sinnlosigkeit	neg 1.0		neg 0.5167559611677985 off 0.4414727965878558 __DUMMY__ 0.04177124224434562	false	1.0
behindern	neg 1.0		neg 0.515221878685438 off 0.4430204456176578 __DUMMY__ 0.04175767569690404	false	1.0
undemokratisch	neg 1.0		neg 0.5157235922909895 off 0.44276361567924094 __DUMMY__ 0.041512792029769645	false	1.0
wirtschaftskrise	neg 1.0		neg 0.5191428613029335 off 0.43913879888905377 __DUMMY__ 0.04171833980801252	false	1.0
neid	neg 1.0		neg 0.5062805000647442 off 0.45184239039839813 __DUMMY__ 0.04187710953685749	false	1.0
rutschen	neg 1.0	neg 1.0	neg 0.7445913925286519 off 0.23504017883653272 __DUMMY__ 0.020368428634815288	false	1.0
rezession	neg 1.0		neg 0.5063624591872091 off 0.4523700613869235 __DUMMY__ 0.041267479425867316	false	1.0
fehlgeburt	neg 1.0		neg 0.5095304080102171 off 0.448543467075484 __DUMMY__ 0.041926124914298944	false	1.0
charakterschwach	off 1.0		neg 0.5079063239389525 off 0.45056011077231695 __DUMMY__ 0.04153356528873042	false	0.5
isolation	neg 1.0		neg 0.5079258197573403 off 0.45024505620766925 __DUMMY__ 0.04182912403499054	false	1.0
ablenkung	neg 1.0		neg 0.5125783956552702 off 0.44555649737463326 __DUMMY__ 0.04186510697009645	false	1.0
pech	neg 1.0		neg 0.5080221652940493 off 0.4501643990144965 __DUMMY__ 0.0418134356914541	false	1.0
vermeidung	neg 1.0		neg 0.5080076668448612 off 0.4505058796538313 __DUMMY__ 0.0414864535013074	false	1.0
dominieren	neg 1.0		neg 0.5150786783510379 off 0.44280174265028344 __DUMMY__ 0.04211957899867853	false	1.0
schwindlig	neg 1.0		neg 0.5075203197344409 off 0.45043039251402456 __DUMMY__ 0.042049287751534575	false	1.0
lutscher	neg 1.0		neg 0.4996766648760883 off 0.4591685050178189 __DUMMY__ 0.04115483010609288	false	1.0
pflicht	neg 1.0		neg 0.5199211525765434 off 0.4382114472396951 __DUMMY__ 0.041867400183761616	false	1.0
faschist	off 1.0		neg 0.5138514029943787 off 0.44473959437471833 __DUMMY__ 0.041409002630903045	false	0.5
verschleudern	neg 1.0		neg 0.5222114164194611 off 0.43627128880289845 __DUMMY__ 0.04151729477764036	false	1.0
wenn			neg 0.5086539242724928 off 0.44965153969393556 __DUMMY__ 0.041694536033571726	false	0.0
ehebruch	neg 1.0		neg 0.5188416005586189 off 0.43942286414091697 __DUMMY__ 0.04173553530046411	false	1.0
spott	off 1.0		neg 0.5198534483636504 off 0.43843921586306206 __DUMMY__ 0.04170733577328747	false	0.5
trostlosigkeit	neg 1.0		neg 0.5205178308759338 off 0.4375239513804739 __DUMMY__ 0.04195821774359221	false	1.0
lutschen	neg 1.0		neg 0.5120937753539007 off 0.4462884747965154 __DUMMY__ 0.041617749849583975	false	1.0
undiszipliniert	neg 1.0		neg 0.5050470214986353 off 0.45334757703323364 __DUMMY__ 0.04160540146813107	false	1.0
kopfschmerz	neg 1.0		neg 0.5131069520713643 off 0.4448586158329764 __DUMMY__ 0.04203443209565936	false	1.0
unvorhergesehen	neg 1.0		neg 0.513292782086464 off 0.4443875394065901 __DUMMY__ 0.042319678506946026	false	1.0
desinteressiert	neg 1.0		neg 0.5065113917414004 off 0.45200322041442503 __DUMMY__ 0.041485387844174534	false	1.0
armselig	off 1.0		neg 0.5074795637597537 off 0.4512503392486554 __DUMMY__ 0.04127009699159085	false	0.5
desaster	neg 1.0		neg 0.5225384490665966 off 0.43553761055911466 __DUMMY__ 0.04192394037428868	false	1.0
tod	neg 1.0		neg 0.5152007599208024 off 0.4427194431258242 __DUMMY__ 0.042079796953373425	false	1.0
herzlos	neg 1.0		neg 0.5051533955446952 off 0.45342249359496295 __DUMMY__ 0.04142411086034196	false	1.0
unwissenheit	neg 1.0		neg 0.5190166447720354 off 0.4393956265615753 __DUMMY__ 0.041587728666389275	false	1.0
widersinnig	neg 1.0	neg 1.0	neg 0.746477293679259 off 0.2337189719966858 __DUMMY__ 0.019803734324055272	false	1.0
bedenklich	neg 1.0		neg 0.5188077808914974 off 0.4394288614995314 __DUMMY__ 0.04176335760897115	false	1.0
beanstanden	neg 1.0		neg 0.51970267092142 off 0.43833112803313407 __DUMMY__ 0.04196620104544604	false	1.0
panisch	neg 1.0	neg 1.0	neg 0.7395775827940054 off 0.24027892598541484 __DUMMY__ 0.02014349122057972	false	1.0
debil	off 1.0		neg 0.5239706829870043 off 0.433841795619213 __DUMMY__ 0.04218752139378274	false	0.5
abstrich	neg 1.0		neg 0.5170924640401677 off 0.4410690392873968 __DUMMY__ 0.04183849667243556	false	1.0
primitiv	neg 1.0		neg 0.5080832433702668 off 0.45050311320002745 __DUMMY__ 0.041413643429705785	false	1.0
abschaum	off 1.0	off 1.0	off 0.708655149581819 neg 0.2715469729279008 __DUMMY__ 0.01979787749028021	false	1.0
provozieren	neg 1.0		neg 0.5140033267811397 off 0.4443173685529304 __DUMMY__ 0.041679304665929784	false	1.0
tot	neg 1.0		neg 0.517163748151831 off 0.44088864042105125 __DUMMY__ 0.04194761142711788	false	1.0
instabil	neg 1.0		neg 0.5090402260334671 off 0.44962486814916985 __DUMMY__ 0.04133490581736305	false	1.0
schwuchtel	off 1.0		neg 0.4955666319049825 off 0.4634652993531693 __DUMMY__ 0.04096806874184816	false	0.5
zerren	neg 1.0		neg 0.5131449470219835 off 0.4448334966008106 __DUMMY__ 0.042021556377206025	false	1.0
kinderficker	off 1.0		neg 0.5054448466512471 off 0.45340615935089884 __DUMMY__ 0.04114899399785411	false	0.5
gefahr	neg 1.0		neg 0.519165683597087 off 0.43885191256173334 __DUMMY__ 0.04198240384117967	false	1.0
rabiat	neg 1.0		neg 0.5148353974849718 off 0.4434809894936068 __DUMMY__ 0.04168361302142136	false	1.0
verlangsamung	neg 1.0		neg 0.5025764807565921 off 0.4562241932264058 __DUMMY__ 0.041199326017002096	false	1.0
ausgestorben	neg 1.0		neg 0.513192476246824 off 0.4448808938464493 __DUMMY__ 0.04192662990672675	false	1.0
anklagen	neg 1.0		neg 0.5167708437254215 off 0.4414880770482168 __DUMMY__ 0.04174107922636169	false	1.0
trott	neg 1.0		neg 0.5133299191850967 off 0.444752747180625 __DUMMY__ 0.04191733363427822	false	1.0
verminderung	neg 1.0		neg 0.5071476604516075 off 0.45138623992296595 __DUMMY__ 0.04146609962542653	false	1.0
nach			neg 0.5172218504393339 off 0.44013524357810146 __DUMMY__ 0.04264290598256472	false	0.0
rost	neg 1.0		neg 0.503848949218 off 0.45491204089642345 __DUMMY__ 0.041239009885576425	false	1.0
destruktiv	neg 1.0		neg 0.5170293444081355 off 0.4414351009837832 __DUMMY__ 0.041535554608081365	false	1.0
unzumutbarkeit	neg 1.0		neg 0.5069338157237792 off 0.4512503545451833 __DUMMY__ 0.04181582973103749	false	1.0
labil	off 1.0	off 1.0	off 0.7089264470446901 neg 0.27123935712971664 __DUMMY__ 0.019834195825593214	false	1.0
ziemlich	neg 1.0		neg 0.5059229463507064 off 0.4523388788299545 __DUMMY__ 0.041738174819339	false	1.0
lachnummer	off 1.0		neg 0.5149695260874426 off 0.4433201378621029 __DUMMY__ 0.04171033605045457	false	0.5
oder			neg 0.5110790994281177 off 0.44691559309172657 __DUMMY__ 0.0420053074801557	false	0.0
verfall	neg 1.0		neg 0.5246741639265193 off 0.43330937353499205 __DUMMY__ 0.04201646253848864	false	1.0
ausgrenzung	neg 1.0		neg 0.5153226087785973 off 0.4432192476730886 __DUMMY__ 0.04145814354831419	false	1.0
unordnung	neg 1.0		neg 0.5058966344933171 off 0.45229436476782225 __DUMMY__ 0.04180900073886052	false	1.0
fehlverhalten	neg 1.0		neg 0.5200541866847088 off 0.438129903535892 __DUMMY__ 0.04181590977939923	false	1.0
eine			neg 0.518833701295398 off 0.4391570934706756 __DUMMY__ 0.04200920523392648	false	0.0
nille	neg 1.0		neg 0.5147316700052358 off 0.44340613680841695 __DUMMY__ 0.04186219318634723	false	1.0
qual	neg 1.0		neg 0.5140168550229357 off 0.44410506714251197 __DUMMY__ 0.04187807783455248	false	1.0
verschwenden	neg 1.0		neg 0.5176434786838706 off 0.4405481943815852 __DUMMY__ 0.04180832693454405	false	1.0
riesig	neg 1.0	neg 1.0	neg 0.7441979768508759 off 0.23567285613022074 __DUMMY__ 0.02012916701890338	false	1.0
verurteilen	neg 1.0		neg 0.5180829794093761 off 0.4402351713693014 __DUMMY__ 0.041681849221322446	false	1.0
klischee	neg 1.0	neg 1.0	neg 0.7423492914277272 off 0.23784738632375124 __DUMMY__ 0.019803322248521663	false	1.0
diktatorisch	neg 1.0		neg 0.5166111480654852 off 0.4420303024908456 __DUMMY__ 0.04135854944366924	false	1.0
vorhersehbar	neg 1.0	neg 1.0	neg 0.7423370398282667 off 0.2378085517218707 __DUMMY__ 0.01985440844986255	false	1.0
sowie			neg 0.5036520268407947 off 0.45502545450247595 __DUMMY__ 0.04132251865672926	false	0.0
stornieren	neg 1.0		neg 0.5081782162311161 off 0.44958773351689246 __DUMMY__ 0.04223405025199147	false	1.0
besteuerung	neg 1.0		neg 0.5155610599787919 off 0.44291088365108433 __DUMMY__ 0.041528056370123786	false	1.0
ungeschminkt	neg 1.0		neg 0.5075812428619199 off 0.45088142240037715 __DUMMY__ 0.04153733473770313	false	1.0
kritisch	neg 1.0		neg 0.5187754081572236 off 0.4394290966850063 __DUMMY__ 0.04179549515777013	false	1.0
schlamperei	off 1.0		neg 0.5201820216180105 off 0.4380211920922118 __DUMMY__ 0.041796786289777656	false	0.5
sucht	neg 1.0	neg 1.0	neg 0.7425779700300398 off 0.23736629705962672 __DUMMY__ 0.02005573291033351	false	1.0
egoistisch	off 1.0		neg 0.5022006466349189 off 0.4564109123723382 __DUMMY__ 0.04138844099274285	false	0.5
ausbeuter	off 1.0		neg 0.5214620647120819 off 0.4368419805381232 __DUMMY__ 0.04169595474979504	false	0.5
arschgeburt	off 1.0		neg 0.4962211555794506 off 0.4628861304026627 __DUMMY__ 0.04089271401788674	false	0.5
schubs	neg 1.0	neg 1.0	neg 0.7430820805386209 off 0.23676743685457846 __DUMMY__ 0.0201504826068006	false	1.0
unsolide	neg 1.0		neg 0.5178622871557174 off 0.44097969318401314 __DUMMY__ 0.041158019660269676	false	1.0
beschwerde	neg 1.0		neg 0.5197990175775176 off 0.43839698302937213 __DUMMY__ 0.04180399939311035	false	1.0
stocken	neg 1.0		neg 0.518297040218852 off 0.43982842274967265 __DUMMY__ 0.04187453703147542	false	1.0
isolieren	neg 1.0		neg 0.51815958728706 off 0.44010251735514544 __DUMMY__ 0.04173789535779451	false	1.0
unheilbar	neg 1.0		neg 0.5128911538173313 off 0.44528647744311867 __DUMMY__ 0.04182236873955007	false	1.0
pisser	off 1.0		neg 0.5059538855420742 off 0.4524689439344547 __DUMMY__ 0.04157717052347087	false	0.5
löschen	neg 1.0		neg 0.5138149474872454 off 0.444372168173732 __DUMMY__ 0.04181288433902266	false	1.0
durchfallen	neg 1.0		neg 0.5178627456149956 off 0.4404355088380599 __DUMMY__ 0.04170174554694473	false	1.0
wichser	off 1.0		neg 0.4973763563468908 off 0.46140037174979964 __DUMMY__ 0.04122327190330953	false	0.5
terror	neg 1.0		neg 0.5088671137868548 off 0.44923126627599613 __DUMMY__ 0.041901619937149144	false	1.0
krass	neg 1.0		neg 0.5037297172030295 off 0.4547863028532276 __DUMMY__ 0.04148397994374294	false	1.0
revolte	neg 1.0		neg 0.5140176819807546 off 0.444482561775064 __DUMMY__ 0.04149975624418142	false	1.0
besorgt	neg 1.0		neg 0.513557114842741 off 0.44435062183471374 __DUMMY__ 0.042092263322545245	false	1.0
nachlassen	neg 1.0		neg 0.5186648012292687 off 0.4394571805066411 __DUMMY__ 0.04187801826409018	false	1.0
alt	neg 1.0		neg 0.5165351348611186 off 0.44153505167114704 __DUMMY__ 0.04192981346773447	false	1.0
hundesohn	off 1.0		neg 0.500809260097817 off 0.4580740209723571 __DUMMY__ 0.041116718929825734	false	0.5
als			neg 0.5136856497211723 off 0.4442674249869053 __DUMMY__ 0.04204692529192233	false	0.0
abschreckung	neg 1.0		neg 0.521129945439628 off 0.4369652555243106 __DUMMY__ 0.041904799036061334	false	1.0
unqualifiziert	neg 1.0		neg 0.5133932824140417 off 0.44522377695790405 __DUMMY__ 0.041382940628054296	false	1.0
abgewichst	off 1.0		neg 0.5151765120202335 off 0.4429253193781766 __DUMMY__ 0.04189816860159	false	0.5
schwer	neg 1.0		neg 0.513147704436949 off 0.4449865242244748 __DUMMY__ 0.0418657713385762	false	1.0
bedeutungslosigkeit	neg 1.0		neg 0.520223417932588 off 0.43790816844886 __DUMMY__ 0.041868413618552064	false	1.0
kapitulation	neg 1.0		neg 0.521172443546519 off 0.43723563541706656 __DUMMY__ 0.04159192103641437	false	1.0
unscharf	neg 1.0		neg 0.5103511706239529 off 0.44787287158404115 __DUMMY__ 0.04177595779200597	false	1.0
schwinden	neg 1.0		neg 0.5204345367755939 off 0.4377047820103431 __DUMMY__ 0.04186068121406314	false	1.0
versklavung	neg 1.0		neg 0.5173248240231568 off 0.44133724878785974 __DUMMY__ 0.04133792718898345	false	1.0
schlecht	neg 1.0		neg 0.5057506852892117 off 0.45250310307467456 __DUMMY__ 0.04174621163611378	false	1.0
verhasst	neg 1.0		neg 0.5135945903138727 off 0.4447365400606395 __DUMMY__ 0.04166886962548784	false	1.0
beschweren	neg 1.0		neg 0.5114483306131419 off 0.44678967332351643 __DUMMY__ 0.04176199606334175	false	1.0
scheiden	neg 1.0		neg 0.5084028245005681 off 0.4493361280677802 __DUMMY__ 0.042261047431651835	false	1.0
frustriert	neg 1.0		neg 0.5143380701057148 off 0.4437697841394861 __DUMMY__ 0.04189214575479914	false	1.0
schimmelig	neg 1.0		neg 0.5161622631572288 off 0.4417909469257372 __DUMMY__ 0.04204678991703388	false	1.0
fisch	neg 1.0		neg 0.5143083382401833 off 0.44329530295103864 __DUMMY__ 0.042396358808777984	false	1.0
schmuggel	neg 1.0		neg 0.5172421861206792 off 0.4405961905685339 __DUMMY__ 0.042161623310786926	false	1.0
auffallen	neg 1.0		neg 0.5100027421759645 off 0.44818987642044966 __DUMMY__ 0.04180738140358574	false	1.0
konkurrenz	neg 1.0	neg 1.0	neg 0.7464440627807977 off 0.23342602375288968 __DUMMY__ 0.020129913466312613	false	1.0
teufelskreis	neg 1.0	neg 1.0	neg 0.7444997969582199 off 0.2355873283713587 __DUMMY__ 0.01991287467042134	false	1.0
aufschreien	neg 1.0		neg 0.5120809956929456 off 0.4462937245354679 __DUMMY__ 0.04162527977158658	false	1.0
schuldner	neg 1.0		neg 0.5195618161760781 off 0.4385249137244802 __DUMMY__ 0.04191327009944173	false	1.0
missgeburt	off 1.0	off 1.0	off 0.7125113443009458 neg 0.2677565762920625 __DUMMY__ 0.019732079406991832	false	1.0
arbeitslos	neg 1.0		neg 0.5173096148115349 off 0.4409652437487315 __DUMMY__ 0.041725141439733736	false	1.0
befallen	neg 1.0		neg 0.5185839351337627 off 0.4398547625503465 __DUMMY__ 0.04156130231589079	false	1.0
miesepetrig	off 1.0	off 1.0	off 0.7107760624187349 neg 0.26929641011443317 __DUMMY__ 0.019927527466831935	false	1.0
alarmieren	neg 1.0		neg 0.5109239414094376 off 0.44759670551690617 __DUMMY__ 0.04147935307365624	false	1.0
ungeduscht	off 1.0		neg 0.5078685622641802 off 0.4502861088873746 __DUMMY__ 0.041845328848445267	false	0.5
knappheit	neg 1.0		neg 0.520365921054361 off 0.43798550909126494 __DUMMY__ 0.041648569854374214	false	1.0
schlange	neg 1.0		neg 0.5083238384685909 off 0.4496034236472881 __DUMMY__ 0.0420727378841211	false	1.0
harsch	neg 1.0		neg 0.5008934962513318 off 0.4574069170300531 __DUMMY__ 0.04169958671861506	false	1.0
lang	neg 1.0		neg 0.5130034880553623 off 0.44516347073142304 __DUMMY__ 0.0418330412132146	false	1.0
ziellos	neg 1.0		neg 0.5144519984301236 off 0.4434891496747744 __DUMMY__ 0.042058851895101855	false	1.0
selbstverliebt	neg 1.0		neg 0.4988433557956289 off 0.4601921479964512 __DUMMY__ 0.04096449620791977	false	1.0
beseitigen	neg 1.0	neg 1.0	neg 0.7428233644592289 off 0.23707418179550976 __DUMMY__ 0.020102453745261286	false	1.0
dumm	off 1.0		neg 0.5017190460091823 off 0.4569807587639641 __DUMMY__ 0.041300195226853624	false	0.5
arbeitsloser	neg 1.0		neg 0.5164303022289505 off 0.4416381209378524 __DUMMY__ 0.041931576833197155	false	1.0
blitzen	neg 1.0		neg 0.5103884235747189 off 0.44790733440549374 __DUMMY__ 0.04170424201978745	false	1.0
hilflos	neg 1.0		neg 0.5151855554036368 off 0.4429425654009201 __DUMMY__ 0.04187187919544338	false	1.0
eklig	off 1.0		neg 0.5006938111058169 off 0.4579959131869948 __DUMMY__ 0.04131027570718819	false	0.5
begriff			neg 0.5164842989360081 off 0.44182161103262657 __DUMMY__ 0.041694090031365205	false	0.0
hungersnot	neg 1.0		neg 0.5160413102158355 off 0.4421327733176537 __DUMMY__ 0.04182591646651081	false	1.0
ungesetzlich	neg 1.0		neg 0.517318115273484 off 0.44148324105923237 __DUMMY__ 0.04119864366728357	false	1.0
verschwendung	neg 1.0		neg 0.5187513632958748 off 0.4393761465439138 __DUMMY__ 0.04187249016021142	false	1.0
schmerzvoll	neg 1.0		neg 0.5111273090015365 off 0.447074389061443 __DUMMY__ 0.04179830193702056	false	1.0
vorzeitig	neg 1.0		neg 0.5087384381244034 off 0.4493979944793805 __DUMMY__ 0.04186356739621605	false	1.0
unvollkommenheit	neg 1.0		neg 0.5136555437799966 off 0.4442121060466543 __DUMMY__ 0.04213235017334925	false	1.0
intervenieren	neg 1.0		neg 0.5209870875812228 off 0.43731161488536596 __DUMMY__ 0.04170129753341126	false	1.0
banause	off 1.0		neg 0.49957320023390694 off 0.45928205287112517 __DUMMY__ 0.041144746894967936	false	0.5
rebell	neg 1.0		neg 0.5212640640733319 off 0.43667634515881565 __DUMMY__ 0.04205959076785238	false	1.0
unlogisch	neg 1.0		neg 0.5047063638177239 off 0.4537890429416124 __DUMMY__ 0.04150459324066384	false	1.0
leiden	neg 1.0		neg 0.5139713383917728 off 0.44363595089560376 __DUMMY__ 0.04239271071262347	false	1.0
abschaffung	neg 1.0		neg 0.5153143147524978 off 0.44310175428816495 __DUMMY__ 0.04158393095933728	false	1.0
sturz	neg 1.0		neg 0.51242015117252 off 0.4456424049827363 __DUMMY__ 0.04193744384474372	false	1.0
verkleinerung	neg 1.0		neg 0.5134053624541737 off 0.4451688096083658 __DUMMY__ 0.04142582793746066	false	1.0
schmarotzer	off 1.0		neg 0.5183986319814605 off 0.4399624480171962 __DUMMY__ 0.04163892000134323	false	0.5
bestrafung	neg 1.0		neg 0.5130833323400474 off 0.44523725703428885 __DUMMY__ 0.04167941062566385	false	1.0
achtlos	neg 1.0		neg 0.5122388753851079 off 0.4457988222618183 __DUMMY__ 0.04196230235307389	false	1.0
ungeheuer	neg 1.0		neg 0.5086233123378392 off 0.44951089963532015 __DUMMY__ 0.04186578802684059	false	1.0
unaufrichtig	neg 1.0		neg 0.5145610264920434 off 0.4440106157255092 __DUMMY__ 0.04142835778244733	false	1.0
groggy	neg 1.0		neg 0.5117485432709447 off 0.4466113070511368 __DUMMY__ 0.04164014967791859	false	1.0
verletzlich	neg 1.0		neg 0.5058039309063662 off 0.4526150558051554 __DUMMY__ 0.04158101328847853	false	1.0
