unsolidarisch	neg 1.0		neg 0.3665462823076261 __DUMMY__ 0.3255607764245594 off 0.3078929412678145	false	1.0
nachteilig	neg 1.0		neg 0.3644549681398822 __DUMMY__ 0.32967319471674095 off 0.30587183714337685	false	1.0
skeptisch	neg 1.0		neg 0.3641892175656099 __DUMMY__ 0.3303650524877686 off 0.30544572994662145	false	1.0
schrecklich	neg 1.0		neg 0.350147607843199 __DUMMY__ 0.3275080590352062 off 0.3223443331215948	false	1.0
schlapp	neg 1.0		neg 0.3528067678702493 __DUMMY__ 0.3293434500824398 off 0.3178497820473109	false	1.0
abfall	neg 1.0		neg 0.3669663779969467 __DUMMY__ 0.3307823639395079 off 0.3022512580635453	false	1.0
widerspenstig	neg 1.0		neg 0.3592245843210938 __DUMMY__ 0.32949330616418016 off 0.311282109514726	false	1.0
abrupt	neg 1.0		neg 0.3603250395712311 __DUMMY__ 0.3321992752016352 off 0.30747568522713375	false	1.0
unwirksam	neg 1.0		neg 0.36316300006120233 __DUMMY__ 0.32739708200901424 off 0.30943991792978337	false	1.0
angreifen	neg 1.0	neg 1.0	neg 0.6716808332812492 off 0.16880127111862586 __DUMMY__ 0.15951789560012486	false	1.0
inkonsistent	neg 1.0		neg 0.35787929421020903 __DUMMY__ 0.329655157458358 off 0.3124655483314329	false	1.0
abrutschen	neg 1.0		neg 0.3660566832196591 __DUMMY__ 0.33102561320784785 off 0.30291770357249304	false	1.0
unsicher	neg 1.0		neg 0.35800147473704713 __DUMMY__ 0.33014639161188497 off 0.31185213365106795	false	1.0
bauernkind	off 1.0	off 1.0	off 0.6472040737412535 neg 0.19570644597970538 __DUMMY__ 0.1570894802790411	false	1.0
angreifer	neg 1.0		neg 0.3560197229641203 __DUMMY__ 0.3304151119372898 off 0.31356516509858984	false	1.0
trennen	neg 1.0		neg 0.35816237926093286 __DUMMY__ 0.33317959167430206 off 0.30865802906476497	false	1.0
schmutz	neg 1.0		neg 0.35202071730804474 __DUMMY__ 0.33243783488759254 off 0.31554144780436283	false	1.0
inkonsistenz	neg 1.0		neg 0.3585876739781995 __DUMMY__ 0.32678581375080784 off 0.31462651227099275	false	1.0
erschreckend	neg 1.0		neg 0.3614364725983152 __DUMMY__ 0.3290509185948588 off 0.3095126088068261	false	1.0
ertrinken	neg 1.0		neg 0.3608926462223507 __DUMMY__ 0.33115607419636744 off 0.30795127958128177	false	1.0
pickelface	off 1.0		neg 0.3615882229872235 __DUMMY__ 0.3296609962571745 off 0.30875078075560203	false	0.5
seiner			neg 0.36216279906024695 __DUMMY__ 0.3312051132775032 off 0.30663208766224986	false	0.0
lauch	neg 1.0		neg 0.36751530673461485 __DUMMY__ 0.33015451865943524 off 0.30233017460594996	false	1.0
unwichtig	neg 1.0		neg 0.3558854023945643 __DUMMY__ 0.3278281828431822 off 0.3162864147622536	false	1.0
steuerhinterziehung	neg 1.0		neg 0.36410761985684426 __DUMMY__ 0.32810995548349686 off 0.3077824246596589	false	1.0
schock	neg 1.0		neg 0.3563332239125012 __DUMMY__ 0.33178720234783554 off 0.3118795737396633	false	1.0
beule	neg 1.0		neg 0.35199637531172995 __DUMMY__ 0.3295770814320676 off 0.31842654325620245	false	1.0
vergelten	neg 1.0		neg 0.34883396923683124 __DUMMY__ 0.3293970801122126 off 0.3217689506509562	false	1.0
verdorbenheit	neg 1.0		neg 0.3574041468450401 __DUMMY__ 0.3309069910349949 off 0.31168886211996516	false	1.0
trauma	neg 1.0		neg 0.358421798013111 __DUMMY__ 0.3292506055040586 off 0.3123275964828303	false	1.0
sinnlos	neg 1.0		neg 0.355782208674295 __DUMMY__ 0.3297138507045374 off 0.31450394062116754	false	1.0
fettsack	off 1.0	off 1.0	off 0.6489034771096478 neg 0.19337688346979973 __DUMMY__ 0.1577196394205525	false	1.0
feige	off 1.0	off 1.0	off 0.644902355561045 neg 0.19731316056131643 __DUMMY__ 0.15778448387763852	false	1.0
abdanken	neg 1.0		neg 0.36258846921591215 __DUMMY__ 0.3283269442499567 off 0.3090845865341313	false	1.0
wichtigtuer	off 1.0	off 1.0	off 0.6431972231023318 neg 0.19838877925422785 __DUMMY__ 0.15841399764344027	false	1.0
misslingen	neg 1.0		neg 0.35351319089161837 __DUMMY__ 0.3321357830218991 off 0.3143510260864825	false	1.0
untreu	off 1.0		neg 0.35527245172827854 __DUMMY__ 0.32727378891201114 off 0.3174537593597104	false	0.5
missmutig	neg 1.0		neg 0.3549223702106291 __DUMMY__ 0.3283467695144548 off 0.3167308602749161	false	1.0
hurenbock	off 1.0		neg 0.3561021444660165 __DUMMY__ 0.33032442763750636 off 0.313573427896477	false	0.5
betrunken	neg 1.0		neg 0.34943139281911056 __DUMMY__ 0.32945915719943136 off 0.32110944998145796	false	1.0
korrupt	off 1.0		neg 0.36746674990037576 __DUMMY__ 0.3266946788279416 off 0.30583857127168257	false	0.5
unmut	neg 1.0		neg 0.3670018903224043 __DUMMY__ 0.33063511469268464 off 0.302362994984911	false	1.0
hackfresse	off 1.0		neg 0.3488180304987709 __DUMMY__ 0.32572069611367305 off 0.3254612733875561	false	0.5
aufblasen	neg 1.0		neg 0.3553741151283227 __DUMMY__ 0.33064246309258266 off 0.31398342177909466	false	1.0
gewaltsam	neg 1.0		neg 0.359785948231778 __DUMMY__ 0.32990019234686063 off 0.31031385942136125	false	1.0
unbeliebtheit	neg 1.0		neg 0.36245586373620214 __DUMMY__ 0.3244778769761794 off 0.31306625928761833	false	1.0
sturheit	neg 1.0		neg 0.36246756317551765 __DUMMY__ 0.3285082982201299 off 0.3090241386043525	false	1.0
kuh	neg 1.0		neg 0.3604271040338075 __DUMMY__ 0.3283656458265056 off 0.31120725013968686	false	1.0
erschrecken	neg 1.0		neg 0.35438162850433386 __DUMMY__ 0.3291554114404898 off 0.31646296005517643	false	1.0
opfer	neg 1.0		neg 0.3620901287173436 __DUMMY__ 0.3304324364890689 off 0.3074774347935876	false	1.0
sinken	neg 1.0		neg 0.36504438739347334 __DUMMY__ 0.3313199694445937 off 0.303635643161933	false	1.0
stinktier	neg 1.0		neg 0.35169953915308977 __DUMMY__ 0.3262425072275582 off 0.3220579536193522	false	1.0
tucke	off 1.0		neg 0.3521445337571407 off 0.32438098113601194 __DUMMY__ 0.3234744851068473	false	0.5
ein			neg 0.35576409687829336 __DUMMY__ 0.330889198553162 off 0.31334670456854463	false	0.0
abstieg	neg 1.0		neg 0.360367017943902 __DUMMY__ 0.33204515348368613 off 0.30758782857241196	false	1.0
missverstehen	neg 1.0		neg 0.3587680515616465 __DUMMY__ 0.327846451491179 off 0.31338549694717444	false	1.0
ergebnislos	neg 1.0		neg 0.36322791725451226 __DUMMY__ 0.33049563382704145 off 0.30627644891844624	false	1.0
unter			neg 0.3643711044164947 __DUMMY__ 0.3352371064152366 off 0.30039178916826875	false	0.0
manipulieren	neg 1.0		neg 0.3652827626550105 __DUMMY__ 0.32973137495320887 off 0.3049858623917807	false	1.0
unbewiesen	neg 1.0		neg 0.36717765309561495 __DUMMY__ 0.32501139931211087 off 0.307810947592274	false	1.0
verschleppen	neg 1.0		neg 0.3625545376535789 __DUMMY__ 0.3297271006391656 off 0.3077183617072554	false	1.0
weib	off 1.0		neg 0.3490112236648288 __DUMMY__ 0.3256455739499813 off 0.32534320238518993	false	0.5
opposition	neg 1.0		neg 0.35979820884746333 __DUMMY__ 0.32793452495023884 off 0.31226726620229783	false	1.0
verkehrswidrig	neg 1.0	neg 1.0	neg 0.6599266270619767 off 0.17927446388840604 __DUMMY__ 0.16079890904961722	false	1.0
inkorrekt	neg 1.0		neg 0.35765269532891525 __DUMMY__ 0.3250705933066346 off 0.3172767113644501	false	1.0
vermeiden	neg 1.0		neg 0.3662847330385883 __DUMMY__ 0.3325227266878606 off 0.301192540273551	false	1.0
abweichung	neg 1.0		neg 0.36334528161228086 __DUMMY__ 0.3300735174138529 off 0.30658120097386626	false	1.0
alkoholisiert	neg 1.0		neg 0.35666458045797683 __DUMMY__ 0.33451373294455894 off 0.3088216865974642	false	1.0
scheiss	off 1.0	off 1.0	off 0.6460583723294838 neg 0.19493709751048618 __DUMMY__ 0.15900453016003002	false	1.0
herausforderung	neg 1.0	neg 1.0	neg 0.6668526359006166 off 0.1708452663297531 __DUMMY__ 0.1623020977696303	false	1.0
pervers	off 1.0		neg 0.3460966089749578 off 0.3289244717135949 __DUMMY__ 0.3249789193114474	false	0.5
wackelig	neg 1.0		neg 0.35656429585453614 __DUMMY__ 0.33280007156000374 off 0.31063563258546006	false	1.0
verwickeln	neg 1.0		neg 0.35918502309744954 __DUMMY__ 0.327700317460305 off 0.3131146594422454	false	1.0
vorwand	neg 1.0		neg 0.3651865951190092 __DUMMY__ 0.33033862674350684 off 0.30447477813748386	false	1.0
muschi	off 1.0		neg 0.3607535709273683 __DUMMY__ 0.32982325885812425 off 0.30942317021450744	false	0.5
entmutigung	neg 1.0		neg 0.3616996630894664 __DUMMY__ 0.32712688078665314 off 0.3111734561238805	false	1.0
unangemessen	neg 1.0		neg 0.3630501846478922 __DUMMY__ 0.32876297739399396 off 0.3081868379581141	false	1.0
unstetig	neg 1.0		neg 0.35590938832773306 __DUMMY__ 0.33068628352615553 off 0.3134043281461114	false	1.0
entmutigen	neg 1.0		neg 0.3580334208512414 __DUMMY__ 0.32919209177818276 off 0.3127744873705759	false	1.0
schwanz	neg 1.0		neg 0.36262771094229185 __DUMMY__ 0.33100126887052744 off 0.30637102018718076	false	1.0
verbot	neg 1.0		neg 0.3648496789877831 __DUMMY__ 0.32837985485254634 off 0.30677046615967046	false	1.0
leid	neg 1.0		neg 0.34931260395092667 __DUMMY__ 0.3271487982121157 off 0.32353859783695776	false	1.0
archaisch	neg 1.0		neg 0.36179493160406695 __DUMMY__ 0.3295815240373061 off 0.3086235443586268	false	1.0
gegen			neg 0.3631800754426476 __DUMMY__ 0.3319714189838192 off 0.3048485055735331	false	0.0
scheidung	neg 1.0		neg 0.3414766539906233 off 0.33334136259437014 __DUMMY__ 0.32518198341500665	false	1.0
einschlag	neg 1.0	neg 1.0	neg 0.6635805322506836 off 0.17752673384765952 __DUMMY__ 0.15889273390165687	false	1.0
m			neg 0.35923083034882314 __DUMMY__ 0.3311693757337658 off 0.309599793917411	false	0.0
abgestanden	neg 1.0		neg 0.355960392128199 __DUMMY__ 0.33081172108022383 off 0.3132278867915773	false	1.0
schmierig	off 1.0		neg 0.3495242826256629 __DUMMY__ 0.3274037514619134 off 0.32307196591242365	false	0.5
unpraktisch	neg 1.0		neg 0.35450440415134954 __DUMMY__ 0.3313884323851114 off 0.3141071634635389	false	1.0
wixxer	off 1.0		neg 0.34701617413959185 off 0.3283676505981964 __DUMMY__ 0.3246161752622117	false	0.5
bezeichnet			neg 0.3610892145874105 __DUMMY__ 0.3288019203944604 off 0.31010886501812907	false	0.0
jammerlappen	off 1.0		neg 0.35543287990162586 __DUMMY__ 0.32797714714110254 off 0.3165899729572717	false	0.5
farce	neg 1.0		neg 0.3648465657344909 __DUMMY__ 0.3277909463452925 off 0.3073624879202167	false	1.0
zwecklos	neg 1.0		neg 0.36289732584771106 __DUMMY__ 0.3288959033168475 off 0.3082067708354415	false	1.0
turbulent	neg 1.0		neg 0.35597843915362104 __DUMMY__ 0.3273340859204716 off 0.3166874749259074	false	1.0
invasion	neg 1.0		neg 0.3555891501622705 __DUMMY__ 0.32976091156963455 off 0.3146499382680949	false	1.0
schuld	neg 1.0		neg 0.3590241503280656 __DUMMY__ 0.3289576584331669 off 0.3120181912387676	false	1.0
risiko	neg 1.0		neg 0.3573928795396248 __DUMMY__ 0.33038098975237445 off 0.31222613070800076	false	1.0
finster	neg 1.0		neg 0.3565888625598495 __DUMMY__ 0.3302546837408845 off 0.313156453699266	false	1.0
geisteskrank	off 1.0		neg 0.35600082686468043 __DUMMY__ 0.32640671385969905 off 0.3175924592756205	false	0.5
zusammenbrechen	neg 1.0		neg 0.3593682108060889 __DUMMY__ 0.3304966670621281 off 0.31013512213178296	false	1.0
ausbeute	neg 1.0		neg 0.3585854696494362 __DUMMY__ 0.3332509189883229 off 0.30816361136224085	false	1.0
hinterhalt	neg 1.0		neg 0.35811821361284096 __DUMMY__ 0.331562018287049 off 0.31031976810011	false	1.0
kritik	neg 1.0		neg 0.36465271453488307 __DUMMY__ 0.32802712986652127 off 0.3073201555985955	false	1.0
einschrumpfen	neg 1.0		neg 0.35980747857674594 __DUMMY__ 0.32694574364515433 off 0.3132467777780998	false	1.0
riskant	neg 1.0		neg 0.3636981106915869 __DUMMY__ 0.3296843606125887 off 0.30661752869582437	false	1.0
frustrieren	neg 1.0		neg 0.3627031495393834 __DUMMY__ 0.33010043136904244 off 0.3071964190915742	false	1.0
groll	neg 1.0		neg 0.36191437265030424 __DUMMY__ 0.32966901792745 off 0.3084166094222458	false	1.0
gibt			neg 0.3605825061005714 __DUMMY__ 0.33006350241750637 off 0.30935399148192216	false	0.0
qualvoll	neg 1.0		neg 0.35453148698568904 __DUMMY__ 0.3296599903940376 off 0.31580852262027337	false	1.0
wackeln	neg 1.0	neg 1.0	neg 0.6661007220792722 off 0.17342643806487132 __DUMMY__ 0.16047283985585645	false	1.0
klagen	neg 1.0		neg 0.3656483723935332 __DUMMY__ 0.33102596915558774 off 0.3033256584508791	false	1.0
bankrott	neg 1.0		neg 0.35482111629746044 __DUMMY__ 0.32909468678613635 off 0.31608419691640316	false	1.0
trauern	neg 1.0		neg 0.36073151539697185 __DUMMY__ 0.33134697423229087 off 0.30792151037073734	false	1.0
ablehnung	neg 1.0		neg 0.36434003298204654 __DUMMY__ 0.328163616238417 off 0.3074963507795365	false	1.0
stur	neg 1.0		neg 0.3589272803595677 __DUMMY__ 0.3285670987985854 off 0.3125056208418469	false	1.0
aufruhr	neg 1.0		neg 0.3599409824715904 __DUMMY__ 0.329872720475993 off 0.3101862970524167	false	1.0
melancholie	neg 1.0		neg 0.35911628262487455 __DUMMY__ 0.33139038018504846 off 0.309493337190077	false	1.0
ist			neg 0.3568373341087044 __DUMMY__ 0.3295175982109873 off 0.3136450676803083	false	0.0
torheit	neg 1.0		neg 0.36202643690608977 __DUMMY__ 0.32741691011106316 off 0.31055665298284696	false	1.0
dreckskind	off 1.0		neg 0.3508000503853237 __DUMMY__ 0.3257519391313885 off 0.32344801048328775	false	0.5
umtauschen	neg 1.0		neg 0.35758433129652867 __DUMMY__ 0.3307243840288289 off 0.3116912846746425	false	1.0
zum			neg 0.3601192267856214 __DUMMY__ 0.33586676747758404 off 0.30401400573679455	false	0.0
zersetzen	neg 1.0		neg 0.3665915974464263 __DUMMY__ 0.32905472091599014 off 0.3043536816375836	false	1.0
zur			neg 0.36503525768292644 __DUMMY__ 0.33360049464422864 off 0.3013642476728448	false	0.0
frust	neg 1.0		neg 0.35943360889952514 __DUMMY__ 0.33057930804610897 off 0.30998708305436595	false	1.0
unerbittlichkeit	neg 1.0		neg 0.36554703578713704 __DUMMY__ 0.32954848042223567 off 0.3049044837906272	false	1.0
zwei			neg 0.35959924065655535 __DUMMY__ 0.3346053968532822 off 0.3057953624901625	false	0.0
unkorrekt	neg 1.0		neg 0.3567508078566087 __DUMMY__ 0.3251543153896403 off 0.31809487675375103	false	1.0
hexe	off 1.0		neg 0.35401430522990396 __DUMMY__ 0.3282646906322937 off 0.3177210041378024	false	0.5
lasch	neg 1.0		neg 0.3586136855458617 __DUMMY__ 0.32709162849099854 off 0.3142946859631398	false	1.0
rivale	neg 1.0		neg 0.3518398151551944 __DUMMY__ 0.32804070231949967 off 0.3201194825253058	false	1.0
mutlos	off 1.0	off 1.0	off 0.6389292157446199 neg 0.20234494161789007 __DUMMY__ 0.15872584263749	false	1.0
wirr	off 1.0		neg 0.35575878404608724 __DUMMY__ 0.3254962799033978 off 0.31874493605051474	false	0.5
jahr			neg 0.3582896156349413 __DUMMY__ 0.33404574246917074 off 0.30766464189588777	false	0.0
wird			neg 0.3608161368648237 __DUMMY__ 0.33089498779047305 off 0.3082888753447032	false	0.0
strafbar	neg 1.0		neg 0.3644583084614076 __DUMMY__ 0.32919180982726065 off 0.30634988171133165	false	1.0
erosion	neg 1.0		neg 0.35692623393912337 __DUMMY__ 0.33039732917578196 off 0.31267643688509444	false	1.0
eingehen	neg 1.0		neg 0.36400739649059344 __DUMMY__ 0.3287842316492389 off 0.30720837186016764	false	1.0
faul	off 1.0		neg 0.35330545439112565 __DUMMY__ 0.32969769680774197 off 0.3169968488011323	false	0.5
provisorium	neg 1.0		neg 0.3666201584280374 __DUMMY__ 0.3341621481230189 off 0.2992176934489437	false	1.0
schmerzen	neg 1.0		neg 0.3581496976446535 __DUMMY__ 0.3301504564880898 off 0.3116998458672567	false	1.0
schrumpfen	neg 1.0		neg 0.36883834511269936 __DUMMY__ 0.3311710575041104 off 0.2999905973831903	false	1.0
geistlos	off 1.0		neg 0.36348998400595545 __DUMMY__ 0.32521441459590233 off 0.31129560139814216	false	0.5
fehlkauf	neg 1.0		neg 0.3586208136499325 __DUMMY__ 0.3285775291903982 off 0.3128016571596694	false	1.0
frustrierend	neg 1.0		neg 0.3535284896117269 __DUMMY__ 0.32975336479529843 off 0.3167181455929747	false	1.0
unzufrieden	neg 1.0		neg 0.362541414611088 __DUMMY__ 0.32919046734581503 off 0.308268118043097	false	1.0
verzweifeln	neg 1.0		neg 0.3590589244724658 __DUMMY__ 0.3299476398911305 off 0.3109934356364037	false	1.0
verzweifelt	neg 1.0		neg 0.3582917876627762 __DUMMY__ 0.32886438014920377 off 0.31284383218802	false	1.0
misstrauensantrag	neg 1.0		neg 0.3580335103704232 __DUMMY__ 0.3284634796399369 off 0.31350300998963987	false	1.0
abfallen	neg 1.0		neg 0.3546699270314347 __DUMMY__ 0.3311115934743878 off 0.3142184794941775	false	1.0
fucker	off 1.0		neg 0.35419332074675736 __DUMMY__ 0.32712713852253844 off 0.31867954073070437	false	0.5
ungezogen	neg 1.0		neg 0.3461654101411315 off 0.32767256592681243 __DUMMY__ 0.326162023932056	false	1.0
irrsinnig	neg 1.0	neg 1.0	neg 0.6685280514528616 off 0.17260234393061866 __DUMMY__ 0.15886960461651964	false	1.0
unfassbar	neg 1.0		neg 0.3545540892568664 __DUMMY__ 0.32791977175322656 off 0.31752613898990706	false	1.0
hart	neg 1.0		neg 0.3557420138012569 __DUMMY__ 0.32884553433334557 off 0.3154124518653975	false	1.0
widerlich	off 1.0		neg 0.3559399516982311 __DUMMY__ 0.32647982294940925 off 0.3175802253523597	false	0.5
fatal	neg 1.0		neg 0.3578593938607023 __DUMMY__ 0.3287914193274556 off 0.31334918681184226	false	1.0
bruch	neg 1.0		neg 0.3662275272718829 __DUMMY__ 0.3305599866624672 off 0.30321248606564993	false	1.0
aushungern	neg 1.0		neg 0.36397531018647705 __DUMMY__ 0.3277442372887692 off 0.30828045252475383	false	1.0
anspannung	neg 1.0	neg 1.0	neg 0.6695389714727734 off 0.16793244182822029 __DUMMY__ 0.1625285866990063	false	1.0
von			neg 0.35946344443711536 __DUMMY__ 0.33388727896645254 off 0.306649276596432	false	0.0
kraftlos	neg 1.0		neg 0.35801008666991374 __DUMMY__ 0.3317219209794192 off 0.31026799235066704	false	1.0
vom			neg 0.3626473059077107 __DUMMY__ 0.33592522746128717 off 0.30142746663100195	false	0.0
grenzdebil	off 1.0		neg 0.3531307156789625 __DUMMY__ 0.3279890004736617 off 0.3188802838473758	false	0.5
vor			neg 0.36244712239756954 __DUMMY__ 0.3318635958698157 off 0.3056892817326147	false	0.0
unterwerfen	neg 1.0		neg 0.3635893723449824 __DUMMY__ 0.3298032330983386 off 0.30660739455667896	false	1.0
versenkung	neg 1.0		neg 0.3631695662048635 __DUMMY__ 0.33023918181578144 off 0.3065912519793551	false	1.0
entziehen	neg 1.0		neg 0.3653375064135656 __DUMMY__ 0.3307496125325267 off 0.3039128810539078	false	1.0
finanzkrise	neg 1.0		neg 0.36381310994384797 __DUMMY__ 0.3277039391911294 off 0.30848295086502264	false	1.0
schimpfend	neg 1.0		neg 0.3545283657517457 __DUMMY__ 0.3313658177608178 off 0.3141058164874367	false	1.0
profan	neg 1.0		neg 0.3562610344564901 __DUMMY__ 0.329000274882005 off 0.31473869066150495	false	1.0
korruption	neg 1.0	neg 1.0	neg 0.671974603163018 off 0.16944380197835798 __DUMMY__ 0.15858159485862408	false	1.0
â			neg 0.3611250876864612 __DUMMY__ 0.3308742809879249 off 0.308000631325614	false	0.0
schmutzig	neg 1.0		neg 0.3529934694189921 __DUMMY__ 0.32849106099668784 off 0.3185154695843201	false	1.0
sexy	neg 1.0		neg 0.3558758074800623 __DUMMY__ 0.3288086131197823 off 0.3153155794001552	false	1.0
abraten	neg 1.0		neg 0.35680567998713375 __DUMMY__ 0.32942352804899755 off 0.3137707919638687	false	1.0
schwarz	neg 1.0		neg 0.358815808375972 __DUMMY__ 0.3286809905703345 off 0.3125032010536935	false	1.0
fotze	off 1.0		neg 0.3630195367206785 __DUMMY__ 0.33008453532994314 off 0.3068959279493784	false	0.5
verwirren	neg 1.0		neg 0.35592094178021755 __DUMMY__ 0.32904176789576695 off 0.31503729032401556	false	1.0
zahnlos	off 1.0		neg 0.3627980803639987 __DUMMY__ 0.32902531477074765 off 0.30817660486525356	false	0.5
verheeren	neg 1.0		neg 0.3448828507250267 off 0.32882367248870326 __DUMMY__ 0.32629347678627	false	1.0
hippie	neg 1.0		neg 0.35692166932699015 __DUMMY__ 0.3285847249888734 off 0.31449360568413637	false	1.0
rammen	neg 1.0		neg 0.35836738234501925 __DUMMY__ 0.32936589145058487 off 0.3122667262043959	false	1.0
unlauter	neg 1.0		neg 0.36370239676833604 __DUMMY__ 0.3265902317380883 off 0.3097073714935757	false	1.0
unheilvoll	neg 1.0		neg 0.3539697816459165 __DUMMY__ 0.33073630474451143 off 0.315293913609572	false	1.0
niedrig	neg 1.0		neg 0.36254117391296337 __DUMMY__ 0.3309966500580694 off 0.30646217602896725	false	1.0
explosion	neg 1.0		neg 0.35782545129191606 __DUMMY__ 0.3284560600171388 off 0.313718488690945	false	1.0
weichei	off 1.0		neg 0.3499542579794296 __DUMMY__ 0.326157390757087 off 0.32388835126348325	false	0.5
minusmensch	off 1.0		neg 0.3510324661493971 off 0.32599719734708743 __DUMMY__ 0.32297033650351564	false	0.5
farblos	neg 1.0		neg 0.35513110432782025 __DUMMY__ 0.3326259733165331 off 0.3122429223556466	false	1.0
unwissend	neg 1.0	neg 1.0	neg 0.6665859505513008 off 0.17519030715377407 __DUMMY__ 0.15822374229492514	false	1.0
traurig	neg 1.0		neg 0.35075693424663507 __DUMMY__ 0.3279206504840417 off 0.3213224152693234	false	1.0
senkung	neg 1.0		neg 0.3592906337433592 __DUMMY__ 0.32740695860667945 off 0.31330240764996126	false	1.0
ungleich	neg 1.0	neg 1.0	neg 0.6724342043504601 off 0.16873568223724053 __DUMMY__ 0.15883011341229927	false	1.0
heikel	neg 1.0		neg 0.36511147489466295 __DUMMY__ 0.32972880122906933 off 0.30515972387626783	false	1.0
drosselung	neg 1.0		neg 0.3529814182293216 __DUMMY__ 0.3284605145504249 off 0.31855806722025337	false	1.0
falsch	neg 1.0		neg 0.3549733273710263 __DUMMY__ 0.32874715916953723 off 0.31627951345943633	false	1.0
unzufriedenheit	neg 1.0		neg 0.36575488638171755 __DUMMY__ 0.32982668726842296 off 0.30441842634985955	false	1.0
kurz	neg 1.0		neg 0.35700229648830123 __DUMMY__ 0.33191483916912917 off 0.3110828643425696	false	1.0
unsinnig	neg 1.0		neg 0.36341391921491273 __DUMMY__ 0.32830352980291055 off 0.3082825509821766	false	1.0
penner	off 1.0	off 1.0	off 0.6503622649659597 neg 0.19234358426608375 __DUMMY__ 0.15729415076795647	false	1.0
seicht	neg 1.0		neg 0.3500387513557855 off 0.3258777812889405 __DUMMY__ 0.324083467355274	false	1.0
dummheit	off 1.0	off 1.0	off 0.6433047003504091 neg 0.1984772223785581 __DUMMY__ 0.1582180772710328	false	1.0
unerfreulich	neg 1.0		neg 0.36396458323184805 __DUMMY__ 0.3310643484229827 off 0.3049710683451692	false	1.0
motherfucker	off 1.0	off 1.0	off 0.646012390642793 neg 0.19623952184871093 __DUMMY__ 0.15774808750849598	false	1.0
pikiert	neg 1.0		neg 0.3573542640611019 __DUMMY__ 0.3264801473971941 off 0.3161655885417041	false	1.0
wrack	neg 1.0		neg 0.3587842414021469 __DUMMY__ 0.3326968724231507 off 0.3085188861747024	false	1.0
gangster	neg 1.0		neg 0.3565321087223179 __DUMMY__ 0.3290697381063439 off 0.3143981531713383	false	1.0
krank	neg 1.0		neg 0.3512741229120871 __DUMMY__ 0.32887776683914854 off 0.3198481102487643	false	1.0
reich	neg 1.0		neg 0.35748190868452784 __DUMMY__ 0.32732363814557247 off 0.31519445316989975	false	1.0
gnadenlos	neg 1.0		neg 0.3583456563223616 __DUMMY__ 0.3293350953873476 off 0.31231924829029073	false	1.0
niedergeschlagen	neg 1.0		neg 0.3583153890322113 __DUMMY__ 0.33099026419584343 off 0.3106943467719454	false	1.0
terrorisieren	off 1.0	off 1.0	off 0.6398517000751268 neg 0.20055783562181528 __DUMMY__ 0.15959046430305793	false	1.0
sinnlosigkeit	neg 1.0		neg 0.3622456773840496 __DUMMY__ 0.3292506585507455 off 0.3085036640652049	false	1.0
behindern	neg 1.0		neg 0.36088763687110975 __DUMMY__ 0.3291437625123729 off 0.30996860061651726	false	1.0
undemokratisch	neg 1.0		neg 0.36210150228352644 __DUMMY__ 0.3273292653756089 off 0.3105692323408647	false	1.0
wirtschaftskrise	neg 1.0		neg 0.36466988767771774 __DUMMY__ 0.3288844691329823 off 0.30644564318929995	false	1.0
neid	neg 1.0		neg 0.35190199065077854 __DUMMY__ 0.3300805178209393 off 0.31801749152828224	false	1.0
rutschen	neg 1.0	neg 1.0	neg 0.668275701290794 off 0.16924893575721914 __DUMMY__ 0.1624753629519868	false	1.0
rezession	neg 1.0		neg 0.35412153977616523 __DUMMY__ 0.3254757604102245 off 0.32040269981361025	false	1.0
fehlgeburt	neg 1.0		neg 0.35476273381675416 __DUMMY__ 0.3305196625254929 off 0.314717603657753	false	1.0
charakterschwach	off 1.0		neg 0.3546315390675035 __DUMMY__ 0.3274777506540854 off 0.31789071027841104	false	0.5
isolation	neg 1.0		neg 0.35365319015068325 __DUMMY__ 0.3296966557168742 off 0.3166501541324426	false	1.0
ablenkung	neg 1.0		neg 0.357966368753606 __DUMMY__ 0.32995992491713694 off 0.31207370632925713	false	1.0
pech	neg 1.0		neg 0.3538365376079612 __DUMMY__ 0.3296169413584764 off 0.3165465210335624	false	1.0
vermeidung	neg 1.0		neg 0.35497402069583306 __DUMMY__ 0.327121960695837 off 0.3179040186083299	false	1.0
dominieren	neg 1.0		neg 0.35937621482066834 __DUMMY__ 0.3319374858317438 off 0.3086862993475879	false	1.0
schwindlig	neg 1.0		neg 0.35252519712345093 __DUMMY__ 0.3313856610504615 off 0.31608914182608755	false	1.0
lutscher	neg 1.0		neg 0.3481691206568655 off 0.32720378357960694 __DUMMY__ 0.3246270957635274	false	1.0
pflicht	neg 1.0		neg 0.3648991666573766 __DUMMY__ 0.32997546674925166 off 0.30512536659337175	false	1.0
faschist	off 1.0		neg 0.3606794783735851 __DUMMY__ 0.32655116338266915 off 0.3127693582437457	false	0.5
verschleudern	neg 1.0		neg 0.3683378992843906 __DUMMY__ 0.3273658731597828 off 0.3042962275558265	false	1.0
wenn			neg 0.35482965656671295 __DUMMY__ 0.3286716995179098 off 0.3164986439153772	false	0.0
ehebruch	neg 1.0		neg 0.3643064371487927 __DUMMY__ 0.32900675662485557 off 0.30668680622635175	false	1.0
spott	off 1.0		neg 0.36537695090157224 __DUMMY__ 0.328783589815092 off 0.30583945928333583	false	0.5
trostlosigkeit	neg 1.0		neg 0.36514147954055304 __DUMMY__ 0.3306941607184332 off 0.30416435974101386	false	1.0
lutschen	neg 1.0		neg 0.35833583473211633 __DUMMY__ 0.32812846981467914 off 0.31353569545320453	false	1.0
undiszipliniert	neg 1.0		neg 0.35170220921313905 __DUMMY__ 0.3280217461058576 off 0.32027604468100335	false	1.0
kopfschmerz	neg 1.0		neg 0.35790447779868934 __DUMMY__ 0.33129061208943617 off 0.31080491011187444	false	1.0
unvorhergesehen	neg 1.0		neg 0.35704504999230874 __DUMMY__ 0.33344562711792397 off 0.3095093228897673	false	1.0
desinteressiert	neg 1.0		neg 0.35352208577116817 __DUMMY__ 0.32710038143668557 off 0.31937753279214626	false	1.0
armselig	off 1.0		neg 0.3551985921467376 __DUMMY__ 0.3254685251841563 off 0.31933288266910603	false	0.5
desaster	neg 1.0		neg 0.36717684921085453 __DUMMY__ 0.3304187733559827 off 0.30240437743316273	false	1.0
tod	neg 1.0		neg 0.3596366175403495 __DUMMY__ 0.3316671958774782 off 0.30869618658217224	false	1.0
herzlos	neg 1.0		neg 0.35244856686928355 __DUMMY__ 0.32663629611846234 off 0.32091513701225405	false	1.0
unwissenheit	neg 1.0		neg 0.36503213762198605 __DUMMY__ 0.32787262375373594 off 0.30709523862427784	false	1.0
widersinnig	neg 1.0	neg 1.0	neg 0.6721748943189114 off 0.16978197159465516 __DUMMY__ 0.15804313408643347	false	1.0
bedenklich	neg 1.0		neg 0.3642276236983562 __DUMMY__ 0.3291891944273493 off 0.3065831818742946	false	1.0
beanstanden	neg 1.0		neg 0.36432409074410405 __DUMMY__ 0.330735874192561 off 0.30494003506333495	false	1.0
panisch	neg 1.0	neg 1.0	neg 0.6641427416315112 off 0.1751455380132108 __DUMMY__ 0.16071172035527798	false	1.0
debil	off 1.0		neg 0.3676656126812233 __DUMMY__ 0.3324334005692838 off 0.29990098674949295	false	0.5
abstrich	neg 1.0		neg 0.3624320224168093 __DUMMY__ 0.3298698962517588 off 0.30769808133143195	false	1.0
primitiv	neg 1.0		neg 0.35525897493296094 __DUMMY__ 0.326556554376223 off 0.31818447069081607	false	1.0
abschaum	off 1.0	off 1.0	off 0.6446711290405501 neg 0.1973342892484027 __DUMMY__ 0.15799458171104722	false	1.0
provozieren	neg 1.0		neg 0.3599497390311225 __DUMMY__ 0.32855439885656773 off 0.31149586211230984	false	1.0
tot	neg 1.0		neg 0.36202200830943315 __DUMMY__ 0.3306767497970659 off 0.30730124189350083	false	1.0
instabil	neg 1.0		neg 0.35643882193623444 __DUMMY__ 0.32601615987115423 off 0.3175450181926113	false	1.0
schwuchtel	off 1.0		neg 0.3448636410022539 off 0.3319270405492719 __DUMMY__ 0.3232093184484743	false	0.5
zerren	neg 1.0		neg 0.3579184512960934 __DUMMY__ 0.33114295972789043 off 0.3109385889760163	false	1.0
kinderficker	off 1.0		neg 0.3536271684267034 __DUMMY__ 0.3245852690114125 off 0.3217875625618842	false	0.5
gefahr	neg 1.0		neg 0.3637292358410855 __DUMMY__ 0.33087543584715473 off 0.3053953283117596	false	1.0
rabiat	neg 1.0		neg 0.3607465529165761 __DUMMY__ 0.3285907893903085 off 0.31066265769311546	false	1.0
verlangsamung	neg 1.0		neg 0.350714989024593 __DUMMY__ 0.32498225101612604 off 0.3243027599592808	false	1.0
ausgestorben	neg 1.0		neg 0.3583105562385644 __DUMMY__ 0.33043062456342037 off 0.31125881919801524	false	1.0
anklagen	neg 1.0		neg 0.3623059887294909 __DUMMY__ 0.32905845703992237 off 0.3086355542305868	false	1.0
trott	neg 1.0		neg 0.358506273314485 __DUMMY__ 0.33034370104741684 off 0.31115002563809824	false	1.0
verminderung	neg 1.0		neg 0.3542287136710467 __DUMMY__ 0.3269682826987304 off 0.31880300363022307	false	1.0
nach			neg 0.3596032063555265 __DUMMY__ 0.33586246350027976 off 0.3045343301441936	false	0.0
rost	neg 1.0		neg 0.3518062836690489 __DUMMY__ 0.3252988938798751 off 0.3228948224510759	false	1.0
destruktiv	neg 1.0		neg 0.3633285311553714 __DUMMY__ 0.32747919105573614 off 0.30919227778889236	false	1.0
unzumutbarkeit	neg 1.0		neg 0.3527137834152087 __DUMMY__ 0.32964342956043025 off 0.317642787024361	false	1.0
labil	off 1.0	off 1.0	off 0.6448210295883949 neg 0.19690545418625324 __DUMMY__ 0.15827351622535182	false	1.0
ziemlich	neg 1.0		neg 0.3520683289988866 __DUMMY__ 0.3290116048825172 off 0.31892006611859613	false	1.0
lachnummer	off 1.0		neg 0.3607180530732872 __DUMMY__ 0.3287939852479992 off 0.31048796167871356	false	0.5
oder			neg 0.35605706709075297 __DUMMY__ 0.33102955610313695 off 0.31291337680611	false	0.0
verfall	neg 1.0		neg 0.3689132697536338 __DUMMY__ 0.3311177500415099 off 0.2999689802048562	false	1.0
ausgrenzung	neg 1.0		neg 0.3619203353184916 __DUMMY__ 0.3269150622648429 off 0.31116460241666544	false	1.0
unordnung	neg 1.0		neg 0.35171614822839004 __DUMMY__ 0.3296287040967221 off 0.31865514767488784	false	1.0
fehlverhalten	neg 1.0		neg 0.36518236503157075 __DUMMY__ 0.32959706947945805 off 0.3052205654889712	false	1.0
eine			neg 0.3634172126585045 __DUMMY__ 0.33104839241518264 off 0.30553439492631285	false	0.0
nille	neg 1.0		neg 0.35996736066582985 __DUMMY__ 0.32995122664444837 off 0.3100814126897218	false	1.0
qual	neg 1.0		neg 0.3592953978190725 __DUMMY__ 0.33004656577624 off 0.31065803640468753	false	1.0
verschwenden	neg 1.0		neg 0.36298980243950907 __DUMMY__ 0.3295338675191669 off 0.30747633004132396	false	1.0
riesig	neg 1.0	neg 1.0	neg 0.6687423409274281 off 0.1706450849808231 __DUMMY__ 0.16061257409174884	false	1.0
verurteilen	neg 1.0		neg 0.36376939741438385 __DUMMY__ 0.3285929346734303 off 0.30763766791218594	false	1.0
klischee	neg 1.0	neg 1.0	neg 0.6681343226819734 off 0.17383472249760862 __DUMMY__ 0.15803095482041798	false	1.0
diktatorisch	neg 1.0		neg 0.36348963276900803 __DUMMY__ 0.32616435949371003 off 0.31034600773728177	false	1.0
vorhersehbar	neg 1.0	neg 1.0	neg 0.6679180452493116 off 0.17364717643778557 __DUMMY__ 0.1584347783129027	false	1.0
sowie			neg 0.3513528549362777 __DUMMY__ 0.3258819155906742 off 0.3227652294730481	false	0.0
stornieren	neg 1.0		neg 0.3523896082393891 __DUMMY__ 0.33281760724457915 off 0.3147927845160317	false	1.0
besteuerung	neg 1.0		neg 0.36200979848527887 __DUMMY__ 0.3274447699760844 off 0.3105454315386369	false	1.0
ungeschminkt	neg 1.0		neg 0.35439205948557484 __DUMMY__ 0.32752005960330155 off 0.3180878809111236	false	1.0
kritisch	neg 1.0		neg 0.36405099914991723 __DUMMY__ 0.3294394581436563 off 0.30650954270642633	false	1.0
schlamperei	off 1.0		neg 0.3653607786466828 __DUMMY__ 0.3294757709350398 off 0.3051634504182774	false	0.5
sucht	neg 1.0	neg 1.0	neg 0.667425382447974 off 0.17253078957949886 __DUMMY__ 0.16004382797252714	false	1.0
egoistisch	off 1.0		neg 0.3497347231845815 __DUMMY__ 0.32638055198318633 off 0.32388472483223213	false	0.5
ausbeuter	off 1.0		neg 0.36695462165665393 __DUMMY__ 0.3286943189620222 off 0.3043510593813239	false	0.5
arschgeburt	off 1.0		neg 0.3457264628334732 off 0.331631642213056 __DUMMY__ 0.3226418949534709	false	0.5
schubs	neg 1.0	neg 1.0	neg 0.667599804909085 off 0.1716227112203009 __DUMMY__ 0.1607774838706142	false	1.0
unsolide	neg 1.0		neg 0.36543945458458316 __DUMMY__ 0.3246578100015665 off 0.3099027354138505	false	1.0
beschwerde	neg 1.0		neg 0.3649889795835003 __DUMMY__ 0.3295331331741365 off 0.30547788724236324	false	1.0
stocken	neg 1.0		neg 0.36331924601506205 __DUMMY__ 0.3300592443778362 off 0.3066215096071017	false	1.0
isolieren	neg 1.0		neg 0.36365579840048307 __DUMMY__ 0.32904203082207745 off 0.3073021707774396	false	1.0
unheilbar	neg 1.0		neg 0.3583389812735212 __DUMMY__ 0.329666714076471 off 0.31199430465000794	false	1.0
pisser	off 1.0		neg 0.35260665660089785 __DUMMY__ 0.32782989509093224 off 0.3195634483081699	false	0.5
löschen	neg 1.0		neg 0.35931871962893597 __DUMMY__ 0.32956215336108047 off 0.3111191270099836	false	1.0
durchfallen	neg 1.0		neg 0.3635496734945446 __DUMMY__ 0.32872834126050904 off 0.3077219852449463	false	1.0
wichser	off 1.0		neg 0.34573010174855096 off 0.3291390987903918 __DUMMY__ 0.3251307994610571	false	0.5
terror	neg 1.0		neg 0.35431162192762256 __DUMMY__ 0.33024983258889146 off 0.315438545483486	false	1.0
krass	neg 1.0		neg 0.35090374762591886 __DUMMY__ 0.32711585952037425 off 0.3219803928537069	false	1.0
revolte	neg 1.0		neg 0.360547493690158 __DUMMY__ 0.3272325747260931 off 0.31221993158374894	false	1.0
besorgt	neg 1.0		neg 0.3580524208824734 __DUMMY__ 0.3317028046207234 off 0.3102447744968031	false	1.0
nachlassen	neg 1.0		neg 0.36371492294803365 __DUMMY__ 0.33009567895513126 off 0.3061893980968351	false	1.0
alt	neg 1.0		neg 0.3615223940241108 __DUMMY__ 0.3305164696627961 off 0.30796113631309324	false	1.0
hundesohn	off 1.0		neg 0.349294129963591 off 0.3263688265406418 __DUMMY__ 0.32433704349576714	false	0.5
als			neg 0.35833991964693357 __DUMMY__ 0.3313488181812431 off 0.31031126217182337	false	0.0
abschreckung	neg 1.0		neg 0.3658777897968569 __DUMMY__ 0.33028161174262444 off 0.3038405984605186	false	1.0
unqualifiziert	neg 1.0		neg 0.36039421053683257 __DUMMY__ 0.32633085810022205 off 0.31327493136294543	false	1.0
abgewichst	off 1.0		neg 0.36029319635541956 __DUMMY__ 0.33021957128885654 off 0.30948723235572384	false	0.5
schwer	neg 1.0		neg 0.35849896375251145 __DUMMY__ 0.32996051320546066 off 0.3115405230420279	false	1.0
bedeutungslosigkeit	neg 1.0		neg 0.3651665554869698 __DUMMY__ 0.3299932163345267 off 0.3048402281785036	false	1.0
kapitulation	neg 1.0		neg 0.3670407781330212 __DUMMY__ 0.32791812132322407 off 0.30504110054375483	false	1.0
unscharf	neg 1.0		neg 0.3562015845769852 __DUMMY__ 0.3293412190500018 off 0.31445719637301295	false	1.0
schwinden	neg 1.0		neg 0.36540530321279147 __DUMMY__ 0.3299570587528359 off 0.30463763803437255	false	1.0
versklavung	neg 1.0		neg 0.36428235620474514 __DUMMY__ 0.3260045296853958 off 0.3097131141098591	false	1.0
schlecht	neg 1.0		neg 0.3518631625521638 __DUMMY__ 0.32906891103887187 off 0.3190679264089642	false	1.0
verhasst	neg 1.0		neg 0.35958736950608156 __DUMMY__ 0.3284818688699116 off 0.3119307616240069	false	1.0
beschweren	neg 1.0		neg 0.35724290558120037 __DUMMY__ 0.32917902873383087 off 0.3135780656849687	false	1.0
scheiden	neg 1.0		neg 0.35251988602823564 __DUMMY__ 0.3330379018386656 off 0.3144422121330988	false	1.0
frustriert	neg 1.0		neg 0.3595234742910441 __DUMMY__ 0.3301591279187503 off 0.3103173977902057	false	1.0
schimmelig	neg 1.0		neg 0.36077067192202295 __DUMMY__ 0.331404066399887 off 0.3078252616780902	false	1.0
fisch	neg 1.0		neg 0.3577035063360833 __DUMMY__ 0.33408120327680385 off 0.3082152903871128	false	1.0
schmuggel	neg 1.0		neg 0.3612603187732583 __DUMMY__ 0.33226853514549454 off 0.3064711460812471	false	1.0
auffallen	neg 1.0		neg 0.35570397982286184 __DUMMY__ 0.32952794596628215 off 0.31476807421085606	false	1.0
konkurrenz	neg 1.0	neg 1.0	neg 0.6709458376632134 off 0.1684541174576536 __DUMMY__ 0.16060004487913304	false	1.0
teufelskreis	neg 1.0	neg 1.0	neg 0.6698499430333228 off 0.17125962897883146 __DUMMY__ 0.15889042798784564	false	1.0
aufschreien	neg 1.0		neg 0.3583275009083125 __DUMMY__ 0.32814912903666277 off 0.3135233700550247	false	1.0
schuldner	neg 1.0		neg 0.36435568389634104 __DUMMY__ 0.3303622403240959 off 0.3052820757795632	false	1.0
missgeburt	off 1.0	off 1.0	off 0.6486773921131516 neg 0.1938279402156222 __DUMMY__ 0.15749466767122625	false	1.0
arbeitslos	neg 1.0		neg 0.36293291927903093 __DUMMY__ 0.32889733617478994 off 0.30816974454617907	false	1.0
befallen	neg 1.0		neg 0.3647036358664841 __DUMMY__ 0.32771952090227596 off 0.30757684323124007	false	1.0
miesepetrig	off 1.0	off 1.0	off 0.6463054573707151 neg 0.1946763177449667 __DUMMY__ 0.1590182248843182	false	1.0
alarmieren	neg 1.0		neg 0.35766859569537784 __DUMMY__ 0.3270788658820325 off 0.3152525384225897	false	1.0
ungeduscht	off 1.0		neg 0.35359793824125435 __DUMMY__ 0.32985386434164565 off 0.31654819741709994	false	0.5
knappheit	neg 1.0		neg 0.3661062908304942 __DUMMY__ 0.3283629350586535 off 0.30553077411085233	false	1.0
schlange	neg 1.0		neg 0.353165285721657 __DUMMY__ 0.3315450764342694 off 0.3152896378440736	false	1.0
harsch	neg 1.0		neg 0.3473855774198949 __DUMMY__ 0.3287479885829929 off 0.3238664339971121	false	1.0
lang	neg 1.0		neg 0.3584785735499331 __DUMMY__ 0.3297093481761071 off 0.3118120782739598	false	1.0
ziellos	neg 1.0		neg 0.3590452773809406 __DUMMY__ 0.3314296049235212 off 0.30952511769553825	false	1.0
selbstverliebt	neg 1.0		neg 0.3480412287029842 off 0.32878794329233274 __DUMMY__ 0.3231708280046832	false	1.0
beseitigen	neg 1.0	neg 1.0	neg 0.667465133160492 off 0.17213434792077642 __DUMMY__ 0.1604005189187315	false	1.0
dumm	off 1.0		neg 0.3496128614941816 __DUMMY__ 0.3257065169495472 off 0.3246806215562713	false	0.5
arbeitsloser	neg 1.0		neg 0.3613006765200741 __DUMMY__ 0.33048411425851554 off 0.3082152092214105	false	1.0
blitzen	neg 1.0		neg 0.3564087349251032 __DUMMY__ 0.32875109040323347 off 0.31484017467166325	false	1.0
hilflos	neg 1.0		neg 0.3604118335058837 __DUMMY__ 0.3300091451726624 off 0.3095790213214538	false	1.0
eklig	off 1.0		neg 0.34861191716347856 __DUMMY__ 0.3257905956855461 off 0.3255974871509754	false	0.5
begriff			neg 0.3622493858834296 __DUMMY__ 0.3286771849052227 off 0.3090734292113478	false	0.0
hungersnot	neg 1.0		neg 0.3613046983238775 __DUMMY__ 0.32971501012616705 off 0.30898029154995527	false	1.0
ungesetzlich	neg 1.0		neg 0.3647262132670578 __DUMMY__ 0.32494853050285655 off 0.3103252562300855	false	1.0
verschwendung	neg 1.0		neg 0.36379460336234376 __DUMMY__ 0.3300125678838371 off 0.30619282875381915	false	1.0
schmerzvoll	neg 1.0		neg 0.3568163563474558 __DUMMY__ 0.32945558206480036 off 0.31372806158774386	false	1.0
vorzeitig	neg 1.0		neg 0.35424883873242485 __DUMMY__ 0.3300026890630642 off 0.3157484722045111	false	1.0
unvollkommenheit	neg 1.0		neg 0.3579712436983905 __DUMMY__ 0.3320465074380537 off 0.3099822488635559	false	1.0
intervenieren	neg 1.0		neg 0.36647128985035077 __DUMMY__ 0.3287412542863033 off 0.30478745586334594	false	1.0
banause	off 1.0		neg 0.34812292414771323 off 0.32732881118992385 __DUMMY__ 0.32454826466236303	false	0.5
rebell	neg 1.0		neg 0.36553461303541357 __DUMMY__ 0.3314840913138403 off 0.3029812956507461	false	1.0
unlogisch	neg 1.0		neg 0.3517297373644542 __DUMMY__ 0.3272511521812485 off 0.32101911045429726	false	1.0
leiden	neg 1.0		neg 0.35739124430802255 __DUMMY__ 0.33400261925956787 off 0.30860613643240953	false	1.0
abschaffung	neg 1.0		neg 0.3615084663851631 __DUMMY__ 0.3278660890918595 off 0.31062544452297747	false	1.0
sturz	neg 1.0		neg 0.35749073496034073 __DUMMY__ 0.3305597575495765 off 0.31194950749008266	false	1.0
verkleinerung	neg 1.0		neg 0.3602575374966768 __DUMMY__ 0.3266831240728849 off 0.3130593384304382	false	1.0
schmarotzer	off 1.0		neg 0.3642570293938426 __DUMMY__ 0.3282566499497215 off 0.30748632065643594	false	0.5
bestrafung	neg 1.0		neg 0.3590495047408393 __DUMMY__ 0.32857039309818037 off 0.3123801021609805	false	1.0
achtlos	neg 1.0		neg 0.35728223125398456 __DUMMY__ 0.330701463034091 off 0.3120163057119245	false	1.0
ungeheuer	neg 1.0		neg 0.3541588842961695 __DUMMY__ 0.33000827753524536 off 0.3158328381685851	false	1.0
unaufrichtig	neg 1.0		neg 0.36133265834026634 __DUMMY__ 0.32669610192702986 off 0.31197123973270385	false	1.0
groggy	neg 1.0		neg 0.35791519980416137 __DUMMY__ 0.32825607614717095 off 0.31382872404866763	false	1.0
verletzlich	neg 1.0		neg 0.3525037327943043 __DUMMY__ 0.3278387689548595 off 0.3196574982508363	false	1.0
ablehnen	neg 1.0		neg 0.3642555076972109 __DUMMY__ 0.3289161255265985 off 0.30682836677619074	false	1.0
