unsolidarisch	neg 1.0		__DUMMY__ 0.4639031802111627 neg 0.2921008929152724 off 0.2439959268735649	false	1.0
nachteilig	neg 1.0		__DUMMY__ 0.46959426312875613 neg 0.28917430586120674 off 0.2412314310100371	false	1.0
skeptisch	neg 1.0		__DUMMY__ 0.47052802233564955 neg 0.2887722067127178 off 0.24069977095163278	false	1.0
schrecklich	neg 1.0		__DUMMY__ 0.46659219047232686 neg 0.27586485547124534 off 0.25754295405642763	false	1.0
schlapp	neg 1.0		__DUMMY__ 0.4691402828942235 neg 0.27805054259913936 off 0.2528091745066372	false	1.0
abfall	neg 1.0		__DUMMY__ 0.4711142266967502 neg 0.29137256156795477 off 0.237513211735295	false	1.0
widerspenstig	neg 1.0		__DUMMY__ 0.46934656368398836 neg 0.28420953046665004 off 0.24644390584936157	false	1.0
abrupt	neg 1.0		__DUMMY__ 0.47311690974830783 neg 0.2846336925604684 off 0.24224939769122386	false	1.0
unwirksam	neg 1.0		__DUMMY__ 0.46645446192556683 neg 0.2884636104959748 off 0.24508192757845823	false	1.0
angreifen	neg 1.0	neg 1.0	neg 0.6344462697765811 __DUMMY__ 0.2288236067427078 off 0.1367301234807111	false	1.0
inkonsistent	neg 1.0		__DUMMY__ 0.46959537101437493 neg 0.28284452498074414 off 0.24756010400488102	false	1.0
abrutschen	neg 1.0		__DUMMY__ 0.47143589912263917 neg 0.2904480313165364 off 0.23811606956082434	false	1.0
unsicher	neg 1.0		__DUMMY__ 0.47022252118117436 neg 0.2828599711067916 off 0.24691750771203405	false	1.0
bauernkind	off 1.0	off 1.0	off 0.6155021440104382 __DUMMY__ 0.22540080075621222 neg 0.15909705523334963	false	1.0
angreifer	neg 1.0		__DUMMY__ 0.4706362292662177 neg 0.2808327525543525 off 0.24853101817942974	false	1.0
trennen	neg 1.0		__DUMMY__ 0.4744252227912663 neg 0.28232930106953774 off 0.24324547613919603	false	1.0
schmutz	neg 1.0		__DUMMY__ 0.473475536814627 neg 0.2765062034670821 off 0.25001825971829084	false	1.0
inkonsistenz	neg 1.0		__DUMMY__ 0.4656129618757463 neg 0.2841368612055669 off 0.2502501769186869	false	1.0
erschreckend	neg 1.0		__DUMMY__ 0.46870621310010024 neg 0.28641405039998213 off 0.24487973649991762	false	1.0
ertrinken	neg 1.0		__DUMMY__ 0.4716271431652196 neg 0.28542200243959664 off 0.2429508543951837	false	1.0
pickelface	off 1.0		__DUMMY__ 0.46958064425864565 neg 0.28641116439981296 off 0.24400819134154159	false	0.5
seiner			__DUMMY__ 0.4716880719961362 neg 0.28663241299148035 off 0.24167951501238333	false	0.0
lauch	neg 1.0		__DUMMY__ 0.4702564681454926 neg 0.29205596804801887 off 0.23768756380648853	false	1.0
unwichtig	neg 1.0		__DUMMY__ 0.4670278746492094 neg 0.28132771499965814 off 0.25164441035113244	false	1.0
steuerhinterziehung	neg 1.0		__DUMMY__ 0.4674401381729138 neg 0.28916483416486 off 0.2433950276622262	false	1.0
schock	neg 1.0		__DUMMY__ 0.4725048875323306 neg 0.2808755717120959 off 0.24661954075557346	false	1.0
beule	neg 1.0		__DUMMY__ 0.46947912393971036 neg 0.2772055056577932 off 0.2533153704024965	false	1.0
vergelten	neg 1.0		__DUMMY__ 0.4692588177473629 neg 0.2740734653372463 off 0.25666771691539086	false	1.0
verdorbenheit	neg 1.0		__DUMMY__ 0.47130273746090273 neg 0.28213987882169783 off 0.2465573837173995	false	1.0
trauma	neg 1.0		__DUMMY__ 0.46897834683458833 neg 0.28347324010155345 off 0.24754841306385825	false	1.0
sinnlos	neg 1.0		__DUMMY__ 0.4696288778846162 neg 0.2808037827997692 off 0.2495673393156145	false	1.0
fettsack	off 1.0	off 1.0	off 0.6170838937466148 __DUMMY__ 0.22629147348708398 neg 0.1566246327663012	false	1.0
feige	off 1.0	off 1.0	off 0.6131230907714948 __DUMMY__ 0.22636928030021075 neg 0.16050762892829437	false	1.0
abdanken	neg 1.0		__DUMMY__ 0.46774016494782084 neg 0.28762333251128175 off 0.24463650254089733	false	1.0
wichtigtuer	off 1.0	off 1.0	off 0.6113070842889604 __DUMMY__ 0.22726207488188976 neg 0.16143084082914982	false	1.0
misslingen	neg 1.0		__DUMMY__ 0.4730371339659627 neg 0.27802515172591996 off 0.24893771430811737	false	1.0
untreu	off 1.0		__DUMMY__ 0.46625752787559677 neg 0.2808762532857785 off 0.2528662188386249	false	0.5
missmutig	neg 1.0		__DUMMY__ 0.46775630360258513 neg 0.2802927595719204 off 0.25195093682549446	false	1.0
hurenbock	off 1.0		__DUMMY__ 0.4705338910572163 neg 0.2809613578836556 off 0.24850475105912798	false	0.5
betrunken	neg 1.0		__DUMMY__ 0.46929876749824123 neg 0.2747436236323961 off 0.25595760886936264	false	1.0
korrupt	off 1.0		__DUMMY__ 0.46547010757392504 neg 0.29273333704322124 off 0.2417965553828538	false	0.5
unmut	neg 1.0		__DUMMY__ 0.4709072305041461 neg 0.2914151906645694 off 0.23767757883128451	false	1.0
hackfresse	off 1.0		__DUMMY__ 0.4641289842907883 neg 0.2749795827684571 off 0.2608914329407547	false	0.5
aufblasen	neg 1.0		__DUMMY__ 0.4709235441312343 neg 0.2802233202536859 off 0.2488531356150798	false	1.0
gewaltsam	neg 1.0		__DUMMY__ 0.46992215501076345 neg 0.28460023784716826 off 0.24547760714206826	false	1.0
unbeliebtheit	neg 1.0		__DUMMY__ 0.46243412443911364 neg 0.2883993957862712 off 0.2491664797746152	false	1.0
sturheit	neg 1.0		__DUMMY__ 0.4679703647749812 neg 0.2874974305191769 off 0.24453220470584192	false	1.0
kuh	neg 1.0		__DUMMY__ 0.46782766101633555 neg 0.28561722034946546 off 0.246555118634199	false	1.0
erschrecken	neg 1.0		__DUMMY__ 0.46885880807079605 neg 0.279595246463592 off 0.2515459454656119	false	1.0
opfer	neg 1.0		__DUMMY__ 0.4706304632662462 neg 0.28671073659348695 off 0.24265880014026683	false	1.0
sinken	neg 1.0		__DUMMY__ 0.471879323125586 neg 0.28937343019851486 off 0.23874724667589917	false	1.0
stinktier	neg 1.0		__DUMMY__ 0.46486805758908817 neg 0.2776343224627003 off 0.2574976199482116	false	1.0
tucke	off 1.0		__DUMMY__ 0.46105128450344895 neg 0.27870451702014415 off 0.2602441984764069	false	0.5
ein			__DUMMY__ 0.4712835025186529 neg 0.28054228430633155 off 0.2481742131750157	false	0.0
abstieg	neg 1.0		__DUMMY__ 0.47289204696013276 neg 0.2846602651691843 off 0.24244768787068305	false	1.0
missverstehen	neg 1.0		__DUMMY__ 0.4670528596029524 neg 0.28410020036890976 off 0.24884694002813781	false	1.0
ergebnislos	neg 1.0		__DUMMY__ 0.47073192036718353 neg 0.28779068728840485 off 0.24147739234441162	false	1.0
unter			__DUMMY__ 0.47727411877206266 neg 0.28787177268473585 off 0.23485410854320146	false	0.0
manipulieren	neg 1.0		__DUMMY__ 0.4696681643760689 neg 0.28994818694542907 off 0.2403836486785021	false	1.0
unbewiesen	neg 1.0		__DUMMY__ 0.4631466968137114 neg 0.29283012849070644 off 0.24402317469558213	false	1.0
verschleppen	neg 1.0		__DUMMY__ 0.46968057401111907 neg 0.28728738241123875 off 0.24303204357764224	false	1.0
weib	off 1.0		__DUMMY__ 0.4640386293180912 neg 0.2751683718213245 off 0.2607929988605843	false	0.5
opposition	neg 1.0		__DUMMY__ 0.46718893900354846 neg 0.28510497106801075 off 0.2477060899284408	false	1.0
verkehrswidrig	neg 1.0	neg 1.0	neg 0.6224709436979723 __DUMMY__ 0.230675782758571 off 0.1468532735434568	false	1.0
inkorrekt	neg 1.0		__DUMMY__ 0.4632401855364796 neg 0.2836160339599964 off 0.25314378050352404	false	1.0
vermeiden	neg 1.0		__DUMMY__ 0.4735363592197566 neg 0.29032524874742466 off 0.23613839203281867	false	1.0
abweichung	neg 1.0		__DUMMY__ 0.4701638103667016 neg 0.2879939001367504 off 0.2418422894965479	false	1.0
alkoholisiert	neg 1.0		__DUMMY__ 0.47634464685423716 neg 0.28057059543053897 off 0.24308475771522373	false	1.0
scheiss	off 1.0	off 1.0	off 0.613981189052789 __DUMMY__ 0.2281176641480152 neg 0.15790114679919584	false	1.0
herausforderung	neg 1.0	neg 1.0	neg 0.6289906759148759 __DUMMY__ 0.2327953743987871 off 0.13821394968633702	false	1.0
pervers	off 1.0		__DUMMY__ 0.46311625651594146 neg 0.27249648107381064 off 0.26438726241024785	false	0.5
wackelig	neg 1.0		__DUMMY__ 0.4739104591865076 neg 0.28089636817830776 off 0.24519317263518467	false	1.0
verwickeln	neg 1.0		__DUMMY__ 0.4668482457831422 neg 0.2845367171665604 off 0.24861503705029728	false	1.0
vorwand	neg 1.0		__DUMMY__ 0.47049653144532677 neg 0.2897332259713856 off 0.2397702425832875	false	1.0
muschi	off 1.0		__DUMMY__ 0.4697966129960737 neg 0.28556506320547415 off 0.24463832379845205	false	0.5
entmutigung	neg 1.0		__DUMMY__ 0.46608912119372303 neg 0.28703705921283046 off 0.24687381959344648	false	1.0
unangemessen	neg 1.0		__DUMMY__ 0.46831986656665925 neg 0.28801449301513193 off 0.24366564041820887	false	1.0
unstetig	neg 1.0		__DUMMY__ 0.4710447062222794 neg 0.2806888359758822 off 0.24826645780183837	false	1.0
entmutigen	neg 1.0		__DUMMY__ 0.4689221764619411 neg 0.2830869213376646 off 0.2479909022003943	false	1.0
schwanz	neg 1.0		__DUMMY__ 0.4714415758338069 neg 0.2871261765894062 off 0.2414322475767869	false	1.0
verbot	neg 1.0		__DUMMY__ 0.46780720713235474 neg 0.2898122063110165 off 0.2423805865566288	false	1.0
leid	neg 1.0		__DUMMY__ 0.4661069749267514 neg 0.2751371535240854 off 0.25875587154916313	false	1.0
archaisch	neg 1.0		__DUMMY__ 0.46946118742436127 neg 0.286631595736727 off 0.24390721683891178	false	1.0
gegen			__DUMMY__ 0.47276326445609634 neg 0.28739589216407724 off 0.23984084337982625	false	0.0
scheidung	neg 1.0		__DUMMY__ 0.4634311480533109 off 0.2686611535367178 neg 0.2679076984099713	false	0.5
einschlag	neg 1.0	neg 1.0	neg 0.6265353578123715 __DUMMY__ 0.2279581521067866 off 0.14550649008084185	false	1.0
m			__DUMMY__ 0.47163081340728025 neg 0.28383472408079696 off 0.24453446251192282	false	0.0
abgestanden	neg 1.0		__DUMMY__ 0.4712038693077661 neg 0.28076819234191014 off 0.24802793835032383	false	1.0
schmierig	off 1.0		__DUMMY__ 0.4664557704542298 neg 0.27528463670154785 off 0.25825959284422245	false	0.5
unpraktisch	neg 1.0		__DUMMY__ 0.47196354728202056 neg 0.2792219859568865 off 0.24881446676109292	false	1.0
wixxer	off 1.0		__DUMMY__ 0.4626158926698871 neg 0.2734685194195412 off 0.26391558791057174	false	0.5
bezeichnet			__DUMMY__ 0.4683722646647552 neg 0.2861205472201537 off 0.2455071881150912	false	0.0
jammerlappen	off 1.0		__DUMMY__ 0.4672296463071262 neg 0.2808630204206316 off 0.25190733327224224	false	0.5
farce	neg 1.0		__DUMMY__ 0.46699620117183627 neg 0.2899465175316524 off 0.24305728129651138	false	1.0
zwecklos	neg 1.0		__DUMMY__ 0.4684956977797028 neg 0.2878540002121517 off 0.24365030200814558	false	1.0
turbulent	neg 1.0		__DUMMY__ 0.4664139875724087 neg 0.2814910885541491 off 0.2520949238734421	false	1.0
invasion	neg 1.0		__DUMMY__ 0.46969259395096635 neg 0.28061224393508016 off 0.24969516211395365	false	1.0
schuld	neg 1.0		__DUMMY__ 0.4685793816574024 neg 0.2841035968429424 off 0.24731702149965512	false	1.0
risiko	neg 1.0		__DUMMY__ 0.4706037630324705 neg 0.28216329268001705 off 0.24723294428751236	false	1.0
finster	neg 1.0		__DUMMY__ 0.47040979887762996 neg 0.28151787677378265 off 0.24807232434858748	false	1.0
geisteskrank	off 1.0		__DUMMY__ 0.4650665871300385 neg 0.2817454135976074 off 0.2531879992723541	false	0.5
zusammenbrechen	neg 1.0		__DUMMY__ 0.4707036594925363 neg 0.2840992543256484 off 0.2451970861818152	false	1.0
ausbeute	neg 1.0		__DUMMY__ 0.4745724385057988 neg 0.2827291501969559 off 0.24269841129724543	false	1.0
hinterhalt	neg 1.0		__DUMMY__ 0.4722471860113348 neg 0.2826196524510672 off 0.24513316153759795	false	1.0
kritik	neg 1.0		__DUMMY__ 0.46732071407787684 neg 0.2897033963922455 off 0.2429758895298775	false	1.0
einschrumpfen	neg 1.0		__DUMMY__ 0.46582228057606373 neg 0.28530956902281385 off 0.24886815040112223	false	1.0
riskant	neg 1.0		__DUMMY__ 0.46957768192530713 neg 0.2884624004511529 off 0.24195991762353997	false	1.0
frustrieren	neg 1.0		__DUMMY__ 0.47016059059307996 neg 0.28740081153109687 off 0.24243859787582311	false	1.0
groll	neg 1.0		__DUMMY__ 0.46957687049556945 neg 0.2867072282278961 off 0.24371590127653434	false	1.0
gibt			__DUMMY__ 0.4701022778171089 neg 0.28536695164571835 off 0.2445307705371728	false	0.0
qualvoll	neg 1.0		__DUMMY__ 0.46957077774832706 neg 0.27962264298088846 off 0.25080657927078454	false	1.0
wackeln	neg 1.0	neg 1.0	neg 0.6286992262183108 __DUMMY__ 0.23018523919620765 off 0.14111553458548157	false	1.0
klagen	neg 1.0		__DUMMY__ 0.47146062936276084 neg 0.2900037934358115 off 0.23853557720142768	false	1.0
bankrott	neg 1.0		__DUMMY__ 0.46877965369960517 neg 0.2800476799304334 off 0.25117266636996155	false	1.0
trauern	neg 1.0		__DUMMY__ 0.4719107604809968 neg 0.2851845879146269 off 0.24290465160437633	false	1.0
ablehnung	neg 1.0		__DUMMY__ 0.4675068925456331 neg 0.28936439193156077 off 0.24312871552280624	false	1.0
stur	neg 1.0		__DUMMY__ 0.46804186847127033 neg 0.2841001417770353 off 0.24785798975169457	false	1.0
aufruhr	neg 1.0		__DUMMY__ 0.46987953196206134 neg 0.2847475697541025 off 0.24537289828383615	false	1.0
melancholie	neg 1.0		__DUMMY__ 0.47197519776030594 neg 0.2836783803702784 off 0.24434642186941552	false	1.0
ist			__DUMMY__ 0.4693534490016663 neg 0.2818835030099287 off 0.24876304798840496	false	0.0
torheit	neg 1.0		__DUMMY__ 0.46648420352231007 neg 0.2873044737266971 off 0.24621132275099286	false	1.0
dreckskind	off 1.0		__DUMMY__ 0.46418386099467224 neg 0.27687000899625813 off 0.2589461300090696	false	0.5
umtauschen	neg 1.0		__DUMMY__ 0.4710512736350318 neg 0.2823697457109264 off 0.24657898065404177	false	1.0
zum			__DUMMY__ 0.47815788015670097 neg 0.28362290232997456 off 0.2382192175133245	false	0.0
zersetzen	neg 1.0		__DUMMY__ 0.46872157079258164 neg 0.2913864859122798 off 0.2398919432951386	false	1.0
zur			__DUMMY__ 0.4750180582965254 neg 0.28885612749306383 off 0.23612581421041076	false	0.0
frust	neg 1.0		__DUMMY__ 0.4708173299403389 neg 0.2841378091403572 off 0.24504486091930397	false	1.0
unerbittlichkeit	neg 1.0		__DUMMY__ 0.4694108514242505 neg 0.2902534765733995 off 0.24033567200234998	false	1.0
zwei			__DUMMY__ 0.47640220050516296 neg 0.283417937717102 off 0.24017986177773512	false	0.0
unkorrekt	neg 1.0		__DUMMY__ 0.46336599507766546 neg 0.2827317240534578 off 0.2539022808688768	false	1.0
hexe	off 1.0		__DUMMY__ 0.4676717124995941 neg 0.27943263386956124 off 0.25289565363084465	false	0.5
lasch	neg 1.0		__DUMMY__ 0.46601690733808465 neg 0.2841124530644191 off 0.24987063959749628	false	1.0
rivale	neg 1.0		__DUMMY__ 0.46735632210180306 neg 0.2773558885157877 off 0.25528778938240926	false	1.0
mutlos	off 1.0	off 1.0	off 0.6070190883059842 __DUMMY__ 0.2277061333593455 neg 0.16527477833467025	false	1.0
wirr	off 1.0		__DUMMY__ 0.463839668680361 neg 0.28171945384693126 off 0.2544408774727077	false	0.5
jahr			__DUMMY__ 0.47565189668537033 neg 0.28225880568830525 off 0.24208929762632436	false	0.0
wird			__DUMMY__ 0.4712536284400533 neg 0.285420138629774 off 0.24332623293017266	false	0.0
strafbar	neg 1.0		__DUMMY__ 0.4689216883362157 neg 0.28926198888188354 off 0.2418163227819008	false	1.0
erosion	neg 1.0		__DUMMY__ 0.47057241383598364 neg 0.28177703653077013 off 0.24765054963324626	false	1.0
eingehen	neg 1.0		__DUMMY__ 0.4683356227266894 neg 0.2889573556638074 off 0.24270702160950317	false	1.0
faul	off 1.0		__DUMMY__ 0.4696280214754069 neg 0.2784497444650733 off 0.25192223405951963	false	0.5
provisorium	neg 1.0		__DUMMY__ 0.47578729525586094 neg 0.2903123257792519 off 0.23390037896488705	false	1.0
schmerzen	neg 1.0		__DUMMY__ 0.47025770691358665 neg 0.2830431201786972 off 0.24669917290771612	false	1.0
schrumpfen	neg 1.0		__DUMMY__ 0.4716593626136257 neg 0.2930818017150203 off 0.23525883567135403	false	1.0
geistlos	off 1.0		__DUMMY__ 0.46342881056441904 neg 0.2892268141046797 off 0.2473443753309013	false	0.5
fehlkauf	neg 1.0		__DUMMY__ 0.46806672017332884 neg 0.2837976855836104 off 0.24813559424306078	false	1.0
frustrierend	neg 1.0		__DUMMY__ 0.4696887279216311 neg 0.27861887050191664 off 0.25169240157645245	false	1.0
unzufrieden	neg 1.0		__DUMMY__ 0.4688969140931733 neg 0.28744917768186906 off 0.24365390822495764	false	1.0
verzweifeln	neg 1.0		__DUMMY__ 0.46994419091759926 neg 0.28392342133463716 off 0.2461323877477636	false	1.0
verzweifelt	neg 1.0		__DUMMY__ 0.46844489697950237 neg 0.2834360917590867 off 0.24811901126141092	false	1.0
misstrauensantrag	neg 1.0		__DUMMY__ 0.46791677786249286 neg 0.2832834797275972 off 0.24879974240990993	false	1.0
abfallen	neg 1.0		__DUMMY__ 0.47157515304210945 neg 0.27945013588484435 off 0.24897471107304614	false	1.0
fucker	off 1.0		__DUMMY__ 0.4660439356606027 neg 0.27985358275811534 off 0.2541024815812819	false	0.5
ungezogen	neg 1.0		__DUMMY__ 0.464752724698503 neg 0.27230425063918506 off 0.26294302466231206	false	1.0
irrsinnig	neg 1.0	neg 1.0	neg 0.6314768101649356 __DUMMY__ 0.2279037761088281 off 0.14061941372623626	false	1.0
unfassbar	neg 1.0		__DUMMY__ 0.46715427716608326 neg 0.28003235154870476 off 0.25281337128521214	false	1.0
hart	neg 1.0		__DUMMY__ 0.4684903360029736 neg 0.28094090272634903 off 0.25056876127067723	false	1.0
widerlich	off 1.0		__DUMMY__ 0.46516667327587746 neg 0.28168604588499796 off 0.2531472808391247	false	0.5
fatal	neg 1.0		__DUMMY__ 0.46834357736664345 neg 0.2830259472129472 off 0.24863047542040942	false	1.0
bruch	neg 1.0		__DUMMY__ 0.4708254114474367 neg 0.29066653717432545 off 0.23850805137823788	false	1.0
aushungern	neg 1.0		__DUMMY__ 0.46693072038143346 neg 0.28909335823876087 off 0.2439759213798057	false	1.0
anspannung	neg 1.0	neg 1.0	neg 0.6316259611886984 __DUMMY__ 0.23310819005263736 off 0.13526584875866426	false	1.0
von			__DUMMY__ 0.47544607766930574 neg 0.28341185945465097 off 0.24114206287604342	false	0.0
kraftlos	neg 1.0		__DUMMY__ 0.4724139660725223 neg 0.28251350695867933 off 0.24507252696879855	false	1.0
vom			__DUMMY__ 0.4782372984196163 neg 0.28606980340946436 off 0.23569289817091935	false	0.0
grenzdebil	off 1.0		__DUMMY__ 0.4672522116638584 neg 0.27864184531128483 off 0.2541059430248567	false	0.5
vor			__DUMMY__ 0.47259165854511764 neg 0.2867703146792063 off 0.24063802677567603	false	0.0
unterwerfen	neg 1.0		__DUMMY__ 0.46976938445625893 neg 0.28829363918468853 off 0.24193697635905262	false	1.0
versenkung	neg 1.0		__DUMMY__ 0.4703510164731563 neg 0.287812002627082 off 0.24183698089976177	false	1.0
entziehen	neg 1.0		__DUMMY__ 0.47106217256834865 neg 0.28978524444637155 off 0.23915258298527986	false	1.0
finanzkrise	neg 1.0		__DUMMY__ 0.46687884679103464 neg 0.28899566718300673 off 0.24412548602595857	false	1.0
schimpfend	neg 1.0		__DUMMY__ 0.4719563119331298 neg 0.2792470475019324 off 0.24879664056493778	false	1.0
profan	neg 1.0		__DUMMY__ 0.4686491799421516 neg 0.28144068283310153 off 0.24991013722474684	false	1.0
korruption	neg 1.0	neg 1.0	neg 0.6349356005163224 __DUMMY__ 0.2275075945616776 off 0.137556804922	false	1.0
â			__DUMMY__ 0.47122416414458607 neg 0.2857367595271701 off 0.24303907632824379	false	0.0
schmutzig	neg 1.0		__DUMMY__ 0.4679465574622987 neg 0.2784035552197546 off 0.25364988731794674	false	1.0
sexy	neg 1.0		__DUMMY__ 0.46836815619902467 neg 0.28111445757683784 off 0.2505173862241374	false	1.0
abraten	neg 1.0		__DUMMY__ 0.46923734557674 neg 0.2818780017937029 off 0.24888465262955703	false	1.0
schwarz	neg 1.0		__DUMMY__ 0.46819459408603276 neg 0.28397986943747106 off 0.24782553647649616	false	1.0
fotze	off 1.0		__DUMMY__ 0.47015928459059575 neg 0.2877086142370153 off 0.2421321011723889	false	0.5
verwirren	neg 1.0		__DUMMY__ 0.46869885709455333 neg 0.2810978718922584 off 0.2502032710131884	false	1.0
zahnlos	off 1.0		__DUMMY__ 0.46867409977519875 neg 0.2877235976888483 off 0.24360230253595305	false	0.5
verheeren	neg 1.0		__DUMMY__ 0.4649463906126546 neg 0.27098683236125265 off 0.2640667770260928	false	1.0
hippie	neg 1.0		__DUMMY__ 0.4680558276162069 neg 0.28217148320730273 off 0.2497726891764904	false	1.0
rammen	neg 1.0		__DUMMY__ 0.4692019511448247 neg 0.2834095397444846 off 0.24738850911069082	false	1.0
unlauter	neg 1.0		__DUMMY__ 0.46534425610754565 neg 0.2891415656743277 off 0.2455141782181267	false	1.0
unheilvoll	neg 1.0		__DUMMY__ 0.4710801686332397 neg 0.27882587604432635 off 0.25009395532243406	false	1.0
niedrig	neg 1.0		__DUMMY__ 0.4714550299006077 neg 0.28703310783138186 off 0.24151186226801033	false	1.0
explosion	neg 1.0		__DUMMY__ 0.46789260573880725 neg 0.28307628932511814 off 0.24903110493607453	false	1.0
weichei	off 1.0		__DUMMY__ 0.46473258633515274 neg 0.27599358389433126 off 0.259273829770516	false	0.5
minusmensch	off 1.0		__DUMMY__ 0.4603369241386007 neg 0.27767160268045593 off 0.2619914731809433	false	0.5
farblos	neg 1.0		__DUMMY__ 0.47373472147538953 neg 0.2794941481725785 off 0.24677113035203202	false	1.0
unwissend	neg 1.0	neg 1.0	neg 0.629697823312941 __DUMMY__ 0.22699225884709934 off 0.14330991783995978	false	1.0
traurig	neg 1.0		__DUMMY__ 0.46716222163886945 neg 0.2763577728740436 off 0.25648000548708705	false	1.0
senkung	neg 1.0		__DUMMY__ 0.46646559100984386 neg 0.28472534546864114 off 0.24880906352151505	false	1.0
ungleich	neg 1.0	neg 1.0	neg 0.6353474702994462 __DUMMY__ 0.2278544075191601 off 0.13679812218139378	false	1.0
heikel	neg 1.0		__DUMMY__ 0.46964946378872335 neg 0.2898123566143115 off 0.24053817959696522	false	1.0
drosselung	neg 1.0		__DUMMY__ 0.4679349298773546 neg 0.27838114701472816 off 0.2536839231079173	false	1.0
falsch	neg 1.0		__DUMMY__ 0.468299736900349 neg 0.28024455420500255 off 0.25145570889464847	false	1.0
unzufriedenheit	neg 1.0		__DUMMY__ 0.4697876990954227 neg 0.29039348553987016 off 0.2398188153647073	false	1.0
kurz	neg 1.0		__DUMMY__ 0.472675038661433 neg 0.28152012895084766 off 0.24580483238771936	false	1.0
unsinnig	neg 1.0		__DUMMY__ 0.46767888564747473 neg 0.2884898476538504 off 0.2438312666986749	false	1.0
penner	off 1.0	off 1.0	off 0.6186253490547773 __DUMMY__ 0.22567490902232723 neg 0.15569974192289535	false	1.0
seicht	neg 1.0		__DUMMY__ 0.4618701325499618 neg 0.27649513416052485 off 0.26163473328951337	false	1.0
dummheit	off 1.0	off 1.0	off 0.6114487809480353 __DUMMY__ 0.2269831246662888 neg 0.1615680943856758	false	1.0
unerfreulich	neg 1.0		__DUMMY__ 0.4715017628641282 neg 0.28841420113793464 off 0.2400840359979373	false	1.0
motherfucker	off 1.0	off 1.0	off 0.6142331624075534 __DUMMY__ 0.22631191282215 neg 0.15945492477029657	false	1.0
pikiert	neg 1.0		__DUMMY__ 0.46516959196950053 neg 0.2830518263542919 off 0.2517785816762076	false	1.0
wrack	neg 1.0		__DUMMY__ 0.4738223596575149 neg 0.2830139759042425 off 0.24316366443824272	false	1.0
gangster	neg 1.0		__DUMMY__ 0.4687297820396572 neg 0.281689482280242 off 0.2495807356801008	false	1.0
krank	neg 1.0		__DUMMY__ 0.4684930128209868 neg 0.27665836282938316 off 0.2548486243496301	false	1.0
reich	neg 1.0		__DUMMY__ 0.46640025832480636 neg 0.2829530880169342 off 0.25064665365825944	false	1.0
gnadenlos	neg 1.0		__DUMMY__ 0.46909665015557545 neg 0.2833683798811009 off 0.24753496996332372	false	1.0
niedergeschlagen	neg 1.0		__DUMMY__ 0.4714058570720043 neg 0.2829710661512923 off 0.2456230767767034	false	1.0
terrorisieren	off 1.0	off 1.0	off 0.6077670490320094 __DUMMY__ 0.2289318562749864 neg 0.16330109469300422	false	1.0
sinnlosigkeit	neg 1.0		__DUMMY__ 0.46898659348256594 neg 0.28714863449175915 off 0.2438647720256748	false	1.0
behindern	neg 1.0		__DUMMY__ 0.4688367835033225 neg 0.28589672322276893 off 0.24526649327390865	false	1.0
undemokratisch	neg 1.0		__DUMMY__ 0.4663604332489248 neg 0.2873827603287279 off 0.24625680642234712	false	1.0
wirtschaftskrise	neg 1.0		__DUMMY__ 0.46850952427998227 neg 0.2895444649283391 off 0.24194601079167866	false	1.0
neid	neg 1.0		__DUMMY__ 0.4701602243891338 neg 0.27697330204200177 off 0.25286647356886455	false	1.0
rutschen	neg 1.0	neg 1.0	neg 0.6304020037876663 __DUMMY__ 0.2330306151093344 off 0.13656738110299926	false	1.0
rezession	neg 1.0		__DUMMY__ 0.4637971146322712 neg 0.2801323577589901 off 0.25607052760873883	false	1.0
fehlgeburt	neg 1.0		__DUMMY__ 0.47082148034824334 neg 0.27959395280360916 off 0.24958456684814748	false	1.0
charakterschwach	off 1.0		__DUMMY__ 0.46655866758051295 neg 0.2801668447080005 off 0.2532744877114865	false	0.5
isolation	neg 1.0		__DUMMY__ 0.46961131243535226 neg 0.27876236507392826 off 0.2516263224907195	false	1.0
ablenkung	neg 1.0		__DUMMY__ 0.46996592906799217 neg 0.2828780644022705 off 0.24715600652973735	false	1.0
pech	neg 1.0		__DUMMY__ 0.46953347734011286 neg 0.27897761511891733 off 0.2514889075409698	false	1.0
vermeidung	neg 1.0		__DUMMY__ 0.4660643562395432 neg 0.28063068430121707 off 0.2533049594592398	false	1.0
dominieren	neg 1.0		__DUMMY__ 0.4727427934978157 neg 0.28374878128785186 off 0.24350842521433233	false	1.0
schwindlig	neg 1.0		__DUMMY__ 0.4719677316145276 neg 0.2773183395288923 off 0.2507139288565801	false	1.0
lutscher	neg 1.0		__DUMMY__ 0.4626301154198275 neg 0.2745804873195609 off 0.2627893972606116	false	1.0
pflicht	neg 1.0		__DUMMY__ 0.46998517308948323 neg 0.2895377783093119 off 0.24047704860120478	false	1.0
faschist	off 1.0		__DUMMY__ 0.46529077411276837 neg 0.2861776279256167 off 0.24853159796161506	false	0.5
verschleudern	neg 1.0		__DUMMY__ 0.46640973840737343 neg 0.2934490931716757 off 0.24014116842095082	false	1.0
wenn			__DUMMY__ 0.46818781660417785 neg 0.28013224496678935 off 0.2516799384290327	false	0.0
ehebruch	neg 1.0		__DUMMY__ 0.468672430061807 neg 0.2891564317472171 off 0.24217113819097605	false	1.0
spott	off 1.0		__DUMMY__ 0.4683558633092023 neg 0.2902456354989602 off 0.24139850119183734	false	0.5
trostlosigkeit	neg 1.0		__DUMMY__ 0.47100627602288986 neg 0.28960539825574294 off 0.23938832572136715	false	1.0
lutschen	neg 1.0		__DUMMY__ 0.46746926100545194 neg 0.2836090138804873 off 0.24892172511406066	false	1.0
undiszipliniert	neg 1.0		__DUMMY__ 0.46731089337591025 neg 0.27724791906957763 off 0.2554411875545121	false	1.0
kopfschmerz	neg 1.0		__DUMMY__ 0.4718471366382607 neg 0.28253991808664247 off 0.24561294527509683	false	1.0
unvorhergesehen	neg 1.0		__DUMMY__ 0.47482367889352456 neg 0.28121274159191667 off 0.2439635795145588	false	1.0
desinteressiert	neg 1.0		__DUMMY__ 0.4660263425228953 neg 0.2792123333799658 off 0.2547613240971389	false	1.0
armselig	off 1.0		__DUMMY__ 0.46376714857172757 neg 0.28119074246740305 off 0.25504210896086943	false	0.5
desaster	neg 1.0		__DUMMY__ 0.4706119263141352 neg 0.29162763856251867 off 0.23776043512334613	false	1.0
tod	neg 1.0		__DUMMY__ 0.4723958616530827 neg 0.28405929675962577 off 0.24354484158729153	false	1.0
herzlos	neg 1.0		__DUMMY__ 0.4653838390265845 neg 0.2782808636644408 off 0.25633529730897464	false	1.0
unwissenheit	neg 1.0		__DUMMY__ 0.46709114518134487 neg 0.2901350471116065 off 0.24277380770704884	false	1.0
widersinnig	neg 1.0	neg 1.0	neg 0.635256351938114 __DUMMY__ 0.22673993316978597 off 0.13800371489209995	false	1.0
bedenklich	neg 1.0		__DUMMY__ 0.4689008868445509 neg 0.2890766328884327 off 0.24202248026701642	false	1.0
beanstanden	neg 1.0		__DUMMY__ 0.47104878325383365 neg 0.2887996122495631 off 0.24015160449660317	false	1.0
panisch	neg 1.0	neg 1.0	neg 0.6267017419968846 __DUMMY__ 0.2305299021835521 off 0.1427683558195634	false	1.0
debil	off 1.0		__DUMMY__ 0.4734145312808756 neg 0.2916878051842314 off 0.23489766353489305	false	0.5
abstrich	neg 1.0		__DUMMY__ 0.46993556119583124 neg 0.2872497347135221 off 0.24281470409064657	false	1.0
primitiv	neg 1.0		__DUMMY__ 0.4652738075558808 neg 0.28100202310346684 off 0.25372416934065245	false	1.0
abschaum	off 1.0	off 1.0	off 0.6128579033917488 __DUMMY__ 0.22666912810734585 neg 0.16047296850090526	false	1.0
provozieren	neg 1.0		__DUMMY__ 0.4680246090399526 neg 0.28508550441423774 off 0.24688988654580968	false	1.0
tot	neg 1.0		__DUMMY__ 0.4710354782911037 neg 0.28661455508801836 off 0.24234996662087793	false	1.0
instabil	neg 1.0		__DUMMY__ 0.46456801059070146 neg 0.28225244095513624 off 0.25317954845416235	false	1.0
schwuchtel	off 1.0		__DUMMY__ 0.46066479313174913 neg 0.27166943368478813 off 0.26766577318346274	false	0.5
zerren	neg 1.0		__DUMMY__ 0.47160125547917986 neg 0.2825461088359448 off 0.2458526356848754	false	1.0
kinderficker	off 1.0		__DUMMY__ 0.46257455233009614 neg 0.27982479697526513 off 0.25760065069463856	false	0.5
gefahr	neg 1.0		__DUMMY__ 0.4712551745876939 neg 0.28817552309640615 off 0.24056930231590012	false	1.0
rabiat	neg 1.0		__DUMMY__ 0.4680747938110864 neg 0.2858613519031084 off 0.24606385428580518	false	1.0
verlangsamung	neg 1.0		__DUMMY__ 0.46313356120960425 neg 0.27692137258939387 off 0.2599450662010017	false	1.0
ausgestorben	neg 1.0		__DUMMY__ 0.4706214472904955 neg 0.2830899932858757 off 0.24628855942362884	false	1.0
anklagen	neg 1.0		__DUMMY__ 0.4687515432321042 neg 0.2872060346449027 off 0.2440424221229931	false	1.0
trott	neg 1.0		__DUMMY__ 0.4704893964808389 neg 0.2833202971124081 off 0.24619030640675305	false	1.0
verminderung	neg 1.0		__DUMMY__ 0.46585295128373105 neg 0.2799456381293949 off 0.25420141058687407	false	1.0
nach			__DUMMY__ 0.4781405004478421 neg 0.28312287819771936 off 0.23873662135443838	false	0.0
rost	neg 1.0		__DUMMY__ 0.46358700695349964 neg 0.2779161639307 off 0.2584968291158004	false	1.0
destruktiv	neg 1.0		__DUMMY__ 0.46654859539987664 neg 0.28857956035611515 off 0.2448718442440081	false	1.0
unzumutbarkeit	neg 1.0		__DUMMY__ 0.46957752309173895 neg 0.27783448363894125 off 0.2525879932693199	false	1.0
labil	off 1.0	off 1.0	off 0.6129507603955872 __DUMMY__ 0.22705841837405172 neg 0.1599908212303612	false	1.0
ziemlich	neg 1.0		__DUMMY__ 0.4686662984773175 neg 0.277384039049578 off 0.2539496624731044	false	1.0
lachnummer	off 1.0		__DUMMY__ 0.46835913675894325 neg 0.2857463774994687 off 0.245894485741588	false	0.5
oder			__DUMMY__ 0.47145291026290037 neg 0.28080423692684386 off 0.2477428528102557	false	0.0
verfall	neg 1.0		__DUMMY__ 0.4715786610812879 neg 0.293168818008016 off 0.235252520910696	false	1.0
ausgrenzung	neg 1.0		__DUMMY__ 0.46578712728012645 neg 0.28730491043740136 off 0.2469079622824722	false	1.0
unordnung	neg 1.0		__DUMMY__ 0.46958731259552267 neg 0.27684880298783887 off 0.2535638844166383	false	1.0
fehlverhalten	neg 1.0		__DUMMY__ 0.46947359681600387 neg 0.2898764170501091 off 0.2406499861338871	false	1.0
eine			__DUMMY__ 0.471468004490422 neg 0.28790448314175576 off 0.24062751236782226	false	0.0
nille	neg 1.0		__DUMMY__ 0.4699664542327017 neg 0.28477164366112034 off 0.24526190210617793	false	1.0
qual	neg 1.0		__DUMMY__ 0.4700784706922264 neg 0.28414606580820495 off 0.24577546349956872	false	1.0
verschwenden	neg 1.0		__DUMMY__ 0.46937956070619175 neg 0.28782438308079544 off 0.24279605621301284	false	1.0
riesig	neg 1.0	neg 1.0	neg 0.6312726025982083 __DUMMY__ 0.23040141201724124 off 0.13832598538455057	false	1.0
verurteilen	neg 1.0		__DUMMY__ 0.46809450944665654 neg 0.2887270732584711 off 0.24317841729487227	false	1.0
klischee	neg 1.0	neg 1.0	neg 0.6312779193047117 __DUMMY__ 0.22671386971762714 off 0.1420082109776613	false	1.0
diktatorisch	neg 1.0		__DUMMY__ 0.4647511550384945 neg 0.28898101207554133 off 0.24626783288596413	false	1.0
vorhersehbar	neg 1.0	neg 1.0	neg 0.6309592334239834 __DUMMY__ 0.22729008780604257 off 0.1417506787699739	false	1.0
sowie			__DUMMY__ 0.46435221368080226 neg 0.27737248474404574 off 0.25827530157515216	false	0.0
stornieren	neg 1.0		__DUMMY__ 0.47397280379942597 neg 0.2767953195326999 off 0.249231876667874	false	1.0
besteuerung	neg 1.0		__DUMMY__ 0.46651944705982124 neg 0.28734644054239794 off 0.24613411239778082	false	1.0
ungeschminkt	neg 1.0		__DUMMY__ 0.46662964140814456 neg 0.27997986397275265 off 0.2533904946191029	false	1.0
kritisch	neg 1.0		__DUMMY__ 0.4692530724316872 neg 0.28882828622455164 off 0.24191864134376118	false	1.0
schlamperei	off 1.0		__DUMMY__ 0.46932503329949526 neg 0.29006654461583103 off 0.24060842208467378	false	0.5
sucht	neg 1.0	neg 1.0	neg 0.6301048930150921 __DUMMY__ 0.2296011677737013 off 0.14029393921120653	false	1.0
egoistisch	off 1.0		__DUMMY__ 0.46504276259069804 neg 0.27569613938384907 off 0.2592610980254529	false	0.5
ausbeuter	off 1.0		__DUMMY__ 0.4682297414637674 neg 0.2917932799031914 off 0.23997697863304115	false	0.5
arschgeburt	off 1.0		__DUMMY__ 0.4598811084756819 neg 0.272611586710277 off 0.2675073048140411	false	0.5
schubs	neg 1.0	neg 1.0	neg 0.6301278897254199 __DUMMY__ 0.23063353843520537 off 0.1392385718393747	false	1.0
unsolide	neg 1.0		__DUMMY__ 0.46267396227837443 neg 0.29123263980622816 off 0.24609339791539742	false	1.0
beschwerde	neg 1.0		__DUMMY__ 0.46940621121636483 neg 0.2897068096404593 off 0.24088697914317578	false	1.0
stocken	neg 1.0		__DUMMY__ 0.47012565560401226 neg 0.28798509915297926 off 0.24188924524300862	false	1.0
isolieren	neg 1.0		__DUMMY__ 0.46873460515844495 neg 0.28852351461312736 off 0.24274188022842763	false	1.0
unheilbar	neg 1.0		__DUMMY__ 0.46958614128020393 neg 0.28324967096435094 off 0.24716418775544527	false	1.0
pisser	off 1.0		__DUMMY__ 0.4670642114661122 neg 0.278123293760579 off 0.2548124947733088	false	0.5
löschen	neg 1.0		__DUMMY__ 0.4694156499687224 neg 0.28426583245649556 off 0.24631851757478218	false	1.0
durchfallen	neg 1.0		__DUMMY__ 0.46826687370455045 neg 0.288527029965666 off 0.24320609632978363	false	1.0
wichser	off 1.0		__DUMMY__ 0.463314092900639 neg 0.2721097328751107 off 0.2645761742242504	false	0.5
terror	neg 1.0		__DUMMY__ 0.47037967035294054 neg 0.27928724130215393 off 0.25033308834490553	false	1.0
krass	neg 1.0		__DUMMY__ 0.4660703439591545 neg 0.2766941750928834 off 0.25723548094796206	false	1.0
revolte	neg 1.0		__DUMMY__ 0.46622623764072924 neg 0.28592050778599076 off 0.24785325457328006	false	1.0
besorgt	neg 1.0		__DUMMY__ 0.4723949533814089 neg 0.2825436611105375 off 0.24506138550805356	false	1.0
nachlassen	neg 1.0		__DUMMY__ 0.4701842500085568 neg 0.2883966931748109 off 0.24141905681663223	false	1.0
alt	neg 1.0		__DUMMY__ 0.47079419105117815 neg 0.2861933258144806 off 0.24301248313434126	false	1.0
hundesohn	off 1.0		__DUMMY__ 0.46222551888295343 neg 0.27567428098548863 off 0.2621002001315578	false	0.5
als			__DUMMY__ 0.47189749720908053 neg 0.28290366116108906 off 0.24519884162983027	false	0.0
abschreckung	neg 1.0		__DUMMY__ 0.4704307886582764 neg 0.29038472677818694 off 0.2391844845635367	false	1.0
unqualifiziert	neg 1.0		__DUMMY__ 0.4649658499572313 neg 0.2859925421643497 off 0.24904160787841903	false	1.0
abgewichst	off 1.0		__DUMMY__ 0.4703350420609007 neg 0.28504618096213513 off 0.24461877697696421	false	0.5
schwer	neg 1.0		__DUMMY__ 0.4699621648935214 neg 0.28338855312893096 off 0.24664928197754757	false	1.0
bedeutungslosigkeit	neg 1.0		__DUMMY__ 0.47002054900147605 neg 0.2897788273715858 off 0.24020062362693825	false	1.0
kapitulation	neg 1.0		__DUMMY__ 0.4671653494897965 neg 0.2920444141897659 off 0.24079023632043756	false	1.0
unscharf	neg 1.0		__DUMMY__ 0.4691600713629391 neg 0.2813319292995531 off 0.24950799933750786	false	1.0
schwinden	neg 1.0		__DUMMY__ 0.4699871296428341 neg 0.2900232130637935 off 0.23998965729337254	false	1.0
versklavung	neg 1.0		__DUMMY__ 0.4645254348611348 neg 0.2898101138078567 off 0.24566445133100845	false	1.0
schlecht	neg 1.0		__DUMMY__ 0.46874247239140543 neg 0.27716505847564665 off 0.254092469132948	false	1.0
verhasst	neg 1.0		__DUMMY__ 0.46792988604647334 neg 0.2847443076694697 off 0.24732580628405698	false	1.0
beschweren	neg 1.0		__DUMMY__ 0.46888605608486744 neg 0.28234489886624703 off 0.2487690450488857	false	1.0
scheiden	neg 1.0		__DUMMY__ 0.4742922437184932 neg 0.2768778675464988 off 0.2488298887350081	false	1.0
frustriert	neg 1.0		__DUMMY__ 0.4702370968504239 neg 0.2843230502095118 off 0.24543985294006418	false	1.0
schimmelig	neg 1.0		__DUMMY__ 0.47202484686379154 neg 0.2852803201236959 off 0.24269483301251263	false	1.0
fisch	neg 1.0		__DUMMY__ 0.4757544611532401 neg 0.28167506971805434 off 0.24257046912870558	false	1.0
schmuggel	neg 1.0		__DUMMY__ 0.4732096187616255 neg 0.2854766031585948 off 0.24131377807977966	false	1.0
auffallen	neg 1.0		__DUMMY__ 0.46937364743802457 neg 0.2807787545110455 off 0.24984759805093004	false	1.0
konkurrenz	neg 1.0	neg 1.0	neg 0.6334551394617903 __DUMMY__ 0.23036486736323875 off 0.13617999317497087	false	1.0
teufelskreis	neg 1.0	neg 1.0	neg 0.632778519864485 __DUMMY__ 0.22793323620242328 off 0.13928824393309158	false	1.0
aufschreien	neg 1.0		__DUMMY__ 0.46746757721380855 neg 0.2836195483336993 off 0.248912874452492	false	1.0
schuldner	neg 1.0		__DUMMY__ 0.4705562600224648 neg 0.2888956708042549 off 0.2405480691732804	false	1.0
missgeburt	off 1.0	off 1.0	off 0.6169198609959332 __DUMMY__ 0.22597430520245307 neg 0.15710583380161364	false	1.0
arbeitslos	neg 1.0		__DUMMY__ 0.46849348851066197 neg 0.2878898618303408 off 0.2436166496589973	false	1.0
befallen	neg 1.0		__DUMMY__ 0.4669152083615215 neg 0.2898424039306816 off 0.24324238770779677	false	1.0
miesepetrig	off 1.0	off 1.0	off 0.6142418936211844 __DUMMY__ 0.2281278125776437 neg 0.1576302938011719	false	1.0
alarmieren	neg 1.0		__DUMMY__ 0.4660128720821082 neg 0.2831711838030623 off 0.25081594411482944	false	1.0
ungeduscht	off 1.0		__DUMMY__ 0.46986019541964896 neg 0.27870715544592645 off 0.2514326491344245	false	0.5
knappheit	neg 1.0		__DUMMY__ 0.46779320198191987 neg 0.29106391872591325 off 0.24114287929216696	false	1.0
schlange	neg 1.0		__DUMMY__ 0.4721691049296078 neg 0.2778767776871621 off 0.24995411738323	false	1.0
harsch	neg 1.0		__DUMMY__ 0.46832234124541705 neg 0.2728988325980376 off 0.25877882615654535	false	1.0
lang	neg 1.0		__DUMMY__ 0.46961477246962874 neg 0.28342460762129806 off 0.2469606199090731	false	1.0
ziellos	neg 1.0		__DUMMY__ 0.4719996924673959 neg 0.283580305298805 off 0.24442000223379887	false	1.0
selbstverliebt	neg 1.0		__DUMMY__ 0.46060170644554044 neg 0.27477804710932374 off 0.2646202464451358	false	1.0
beseitigen	neg 1.0	neg 1.0	neg 0.6300428841653838 __DUMMY__ 0.23009780835685056 off 0.13985930747776562	false	1.0
dumm	off 1.0		__DUMMY__ 0.46410540243024995 neg 0.2757453027982799 off 0.2601492947714702	false	0.5
arbeitsloser	neg 1.0		__DUMMY__ 0.47070830562911936 neg 0.28591510747491705 off 0.24337658689596356	false	1.0
blitzen	neg 1.0		__DUMMY__ 0.46830457343701165 neg 0.28161322993267185 off 0.2500821966303166	false	1.0
hilflos	neg 1.0		__DUMMY__ 0.47003349926495336 neg 0.2852201849737417 off 0.24474631576130484	false	1.0
eklig	off 1.0		__DUMMY__ 0.46422776919295317 neg 0.27476652934842744 off 0.2610057014586193	false	0.5
begriff			__DUMMY__ 0.4682039067265466 neg 0.28727117576076855 off 0.2445249175126847	false	0.0
hungersnot	neg 1.0		__DUMMY__ 0.46967151488880404 neg 0.2860871121595646 off 0.24424137295163145	false	1.0
ungesetzlich	neg 1.0		__DUMMY__ 0.46306279940260325 neg 0.29044604672509894 off 0.2464911538722979	false	1.0
verschwendung	neg 1.0		__DUMMY__ 0.470037054569187 neg 0.2884800345770572 off 0.2414829108537558	false	1.0
schmerzvoll	neg 1.0		__DUMMY__ 0.4692702750661882 neg 0.2818760230981073 off 0.24885370183570457	false	1.0
vorzeitig	neg 1.0		__DUMMY__ 0.47007059539964724 neg 0.2792290515227418 off 0.25070035307761096	false	1.0
unvollkommenheit	neg 1.0		__DUMMY__ 0.4729070776427655 neg 0.2823617030012195 off 0.24473121935601483	false	1.0
intervenieren	neg 1.0		__DUMMY__ 0.46830036045627915 neg 0.2913071897196207 off 0.24039244982410024	false	1.0
banause	off 1.0		__DUMMY__ 0.4625178675302232 neg 0.27456513082650313 off 0.2629170016432737	false	0.5
rebell	neg 1.0		__DUMMY__ 0.47211918334773667 neg 0.28983405315716365 off 0.2380467634950996	false	1.0
unlogisch	neg 1.0		__DUMMY__ 0.46623925870327976 neg 0.27744335832281236 off 0.2563173829739079	false	1.0
leiden	neg 1.0		__DUMMY__ 0.47560075942666913 neg 0.2813938037218346 off 0.24300543685149617	false	1.0
abschaffung	neg 1.0		__DUMMY__ 0.4671013942297548 neg 0.2867227399069968 off 0.2461758658632484	false	1.0
sturz	neg 1.0		__DUMMY__ 0.4708377936955278 neg 0.28223570665716435 off 0.24692649964730787	false	1.0
verkleinerung	neg 1.0		__DUMMY__ 0.4654742989718333 neg 0.2857828092597926 off 0.24874289176837414	false	1.0
schmarotzer	off 1.0		__DUMMY__ 0.46761915880772964 neg 0.28929760313670433 off 0.24308323805556598	false	0.5
bestrafung	neg 1.0		__DUMMY__ 0.4680589094177616 neg 0.28419546002960683 off 0.24774563055263146	false	1.0
achtlos	neg 1.0		__DUMMY__ 0.4709961499280433 neg 0.28204050330367947 off 0.2469633467682771	false	1.0
ungeheuer	neg 1.0		__DUMMY__ 0.47006840883045503 neg 0.2791600975548971 off 0.25077149361464773	false	1.0
unaufrichtig	neg 1.0		__DUMMY__ 0.4654882180419684 neg 0.2868076565620731 off 0.2477041253959585	false	1.0
groggy	neg 1.0		__DUMMY__ 0.4676092148688304 neg 0.2831703171719301 off 0.2492204679592395	false	1.0
verletzlich	neg 1.0		__DUMMY__ 0.46705877685939634 neg 0.27805926731899294 off 0.25488195582161083	false	1.0
