unsolidarisch	neg 1.0		__DUMMY__ 0.875903769835267 neg 0.06970600388639762 off 0.05439022627833545	false	1.0
nachteilig	neg 1.0		__DUMMY__ 0.8837381670423635 neg 0.06568592170530826 off 0.05057591125232828	false	1.0
skeptisch	neg 1.0		__DUMMY__ 0.8848423359363461 neg 0.0651462115314651 off 0.05001145253218887	false	1.0
schrecklich	neg 1.0		__DUMMY__ 0.8795998477807794 off 0.06284657693448024 neg 0.05755357528474036	false	0.5
schlapp	neg 1.0		__DUMMY__ 0.8831615691869613 off 0.05849709514833492 neg 0.058341335664703765	false	0.5
abfall	neg 1.0		__DUMMY__ 0.8855775238875391 neg 0.0668925450455253 off 0.047529931066935614	false	1.0
widerspenstig	neg 1.0		__DUMMY__ 0.8833836455986065 neg 0.06258562401683149 off 0.05403073038456206	false	1.0
abrupt	neg 1.0		__DUMMY__ 0.8885750648944931 neg 0.061401250640815246 off 0.05002368446469162	false	1.0
unwirksam	neg 1.0		__DUMMY__ 0.8794593351141441 neg 0.06649644277555566 off 0.05404422211030015	false	1.0
angreifen	neg 1.0	neg 1.0	neg 0.5200096639584995 __DUMMY__ 0.44185298959976704 off 0.03813734644173344	false	1.0
inkonsistent	neg 1.0		__DUMMY__ 0.8839201666265704 neg 0.06134233931118134 off 0.05473749406224834	false	1.0
abrutschen	neg 1.0		__DUMMY__ 0.8859492342076448 neg 0.06616938426207034 off 0.047881381530284824	false	1.0
unsicher	neg 1.0		__DUMMY__ 0.884325211626436 neg 0.06123294248443596 off 0.054441845889127954	false	1.0
bauernkind	off 1.0	off 1.0	off 0.5172650853448352 __DUMMY__ 0.43601858777032804 neg 0.04671632688483672	false	1.0
angreifer	neg 1.0		__DUMMY__ 0.8851458669775445 neg 0.05934739665578187 off 0.055506736366673574	false	1.0
trennen	neg 1.0		__DUMMY__ 0.8900965885448711 neg 0.05932806843184641 off 0.05057534302328249	false	1.0
schmutz	neg 1.0		__DUMMY__ 0.8894226697362423 off 0.05543152807914044 neg 0.055145802184617246	false	0.5
inkonsistenz	neg 1.0		__DUMMY__ 0.8784045516977308 neg 0.06345284349591143 off 0.05814260480635792	false	1.0
erschreckend	neg 1.0		__DUMMY__ 0.8823034290775276 neg 0.06418945416082905 off 0.053507116761643464	false	1.0
ertrinken	neg 1.0		__DUMMY__ 0.8862516353855897 neg 0.06252762981317575 off 0.05122073480123452	false	1.0
pickelface	off 1.0		__DUMMY__ 0.8837750077999386 neg 0.06376241434612498 off 0.052462577853936404	false	0.5
seiner			__DUMMY__ 0.8863620007448583 neg 0.06329425898862143 off 0.05034374026652032	false	0.0
lauch	neg 1.0		__DUMMY__ 0.8845881344257027 neg 0.06770719386254291 off 0.04770467171175432	false	1.0
unwichtig	neg 1.0		__DUMMY__ 0.8801509843234158 neg 0.061193387694023535 off 0.05865562798256067	false	1.0
steuerhinterziehung	neg 1.0		__DUMMY__ 0.8808131766203771 neg 0.0663179250320109 off 0.05286889834761209	false	1.0
schock	neg 1.0		__DUMMY__ 0.887483316442578 neg 0.059015865253380206 off 0.053500818304041804	false	1.0
beule	neg 1.0		__DUMMY__ 0.8837881390153595 off 0.05867725450203069 neg 0.057534606482609954	false	0.5
vergelten	neg 1.0		__DUMMY__ 0.8835675609059529 off 0.061696845295458824 neg 0.054735593798588285	false	0.5
verdorbenheit	neg 1.0		__DUMMY__ 0.8860844889480013 neg 0.06046044946942977 off 0.05345506158256906	false	1.0
trauma	neg 1.0		__DUMMY__ 0.8827086075292221 neg 0.06209452597496682 off 0.055196866495811056	false	1.0
sinnlos	neg 1.0		__DUMMY__ 0.883639477410194 neg 0.059891749560675986 off 0.05646877302913003	false	1.0
fettsack	off 1.0	off 1.0	off 0.518551743659427 __DUMMY__ 0.4376031123046586 neg 0.043845144035914475	false	1.0
feige	off 1.0	off 1.0	off 0.515033599675442 __DUMMY__ 0.43755067963964905 neg 0.047415720684908895	false	1.0
abdanken	neg 1.0		__DUMMY__ 0.8812012164602828 neg 0.06498577063039644 off 0.053813012909320834	false	1.0
wichtigtuer	off 1.0	off 1.0	off 0.5129791681705539 __DUMMY__ 0.4391583221160185 neg 0.047862509713427655	false	1.0
misslingen	neg 1.0		__DUMMY__ 0.8887441284559573 neg 0.056409051656101335 off 0.054846819887941455	false	1.0
untreu	off 1.0		__DUMMY__ 0.8790078524252039 neg 0.06128648916784298 off 0.05970565840695309	false	0.5
missmutig	neg 1.0		__DUMMY__ 0.8811323342594805 neg 0.06031510892872669 off 0.058552556811792875	false	1.0
hurenbock	off 1.0		__DUMMY__ 0.8851914112193284 neg 0.05962163898662093 off 0.05518694979405061	false	0.5
betrunken	neg 1.0		__DUMMY__ 0.8833829456525861 off 0.06078937497822199 neg 0.05582767936919191	false	0.5
korrupt	off 1.0		__DUMMY__ 0.8780577976901678 neg 0.06956528512662896 off 0.052376917183203295	false	0.5
unmut	neg 1.0		__DUMMY__ 0.8853940234461208 neg 0.06678865437318417 off 0.047817322180695065	false	1.0
hackfresse	off 1.0		__DUMMY__ 0.8763168454393911 off 0.06588994726476373 neg 0.057793207295845216	false	1.0
aufblasen	neg 1.0		__DUMMY__ 0.8854348442397234 neg 0.059170599582884044 off 0.05539455617739251	false	1.0
gewaltsam	neg 1.0		__DUMMY__ 0.8841654178124164 neg 0.062337399352013684 off 0.053497182835569895	false	1.0
unbeliebtheit	neg 1.0		__DUMMY__ 0.8739835732126502 neg 0.06771830519866304 off 0.058298121588686684	false	1.0
sturheit	neg 1.0		__DUMMY__ 0.8814224300537037 neg 0.06498983245559432 off 0.0535877374907021	false	1.0
kuh	neg 1.0		__DUMMY__ 0.8816474922698622 neg 0.0640445203039193 off 0.054307987426218535	false	1.0
erschrecken	neg 1.0		__DUMMY__ 0.8825639169344642 neg 0.05945332379245142 off 0.05798275927308428	false	1.0
opfer	neg 1.0		__DUMMY__ 0.8850366367880369 neg 0.06355198922067103 off 0.05141137399129201	false	1.0
sinken	neg 1.0		__DUMMY__ 0.8867961993913743 neg 0.0650582759941839 off 0.04814552461444178	false	1.0
stinktier	neg 1.0		__DUMMY__ 0.8774364284334707 off 0.0632390921963878 neg 0.059324479370141514	false	0.5
tucke	off 1.0		__DUMMY__ 0.8722363297924703 off 0.06616545671021516 neg 0.061598213497314404	false	1.0
ein			__DUMMY__ 0.8859683348913 neg 0.05929376919831916 off 0.05473789591038087	false	0.0
abstieg	neg 1.0		__DUMMY__ 0.888240354062138 neg 0.06118792608338474 off 0.05057171985447735	false	1.0
missverstehen	neg 1.0		__DUMMY__ 0.8801750156150132 neg 0.06309005813491494 off 0.056734926250071885	false	1.0
ergebnislos	neg 1.0		__DUMMY__ 0.8851977475386661 neg 0.06427643653826373 off 0.050525815923070226	false	1.0
unter			__DUMMY__ 0.894031755117168 neg 0.06223601435966091 off 0.043732230523170997	false	0.0
manipulieren	neg 1.0		__DUMMY__ 0.8837631777158931 neg 0.06614382708788806 off 0.050092995196218904	false	1.0
unbewiesen	neg 1.0		__DUMMY__ 0.8748436939980284 neg 0.07048939252210551 off 0.05466691347986606	false	1.0
verschleppen	neg 1.0		__DUMMY__ 0.8838907004884711 neg 0.06411118015747345 off 0.0519981193540554	false	1.0
weib	off 1.0		__DUMMY__ 0.8762725285936945 off 0.06585425658711502 neg 0.05787321481919047	false	1.0
opposition	neg 1.0		__DUMMY__ 0.8804016741782797 neg 0.06395216378580948 off 0.055646162035910766	false	1.0
verkehrswidrig	neg 1.0	neg 1.0	neg 0.5076699374843501 __DUMMY__ 0.4457012225611961 off 0.046628839954453896	false	1.0
inkorrekt	neg 1.0		__DUMMY__ 0.8751385765188551 neg 0.0639336059047763 off 0.060927817576368566	false	1.0
vermeiden	neg 1.0		__DUMMY__ 0.8891265706984841 neg 0.06522312736899985 off 0.04565030193251599	false	1.0
abweichung	neg 1.0		__DUMMY__ 0.8846211075333481 neg 0.06453326578699675 off 0.05084562667965519	false	1.0
alkoholisiert	neg 1.0		__DUMMY__ 0.8933139416060474 neg 0.05726654715561307 off 0.049419511238339486	false	1.0
scheiss	off 1.0	off 1.0	off 0.5146801958405721 __DUMMY__ 0.44096925032514334 neg 0.04435055383428455	false	1.0
herausforderung	neg 1.0	neg 1.0	neg 0.5127541505560669 __DUMMY__ 0.4493282956381423 off 0.03791755380579092	false	1.0
pervers	off 1.0		__DUMMY__ 0.8750296603948491 off 0.06869260070784693 neg 0.05627773889730397	false	1.0
wackelig	neg 1.0		__DUMMY__ 0.8895345442995087 neg 0.05861758640653116 off 0.05184786929396018	false	1.0
verwickeln	neg 1.0		__DUMMY__ 0.8798340728632186 neg 0.06349883365547786 off 0.05666709348130364	false	1.0
vorwand	neg 1.0		__DUMMY__ 0.8848492325167494 neg 0.06577315139170205 off 0.049377616091548567	false	1.0
muschi	off 1.0		__DUMMY__ 0.8839855285156505 neg 0.0630817647049231 off 0.052932706779426526	false	0.5
entmutigung	neg 1.0		__DUMMY__ 0.8790356191717935 neg 0.0651627033397516 off 0.05580167748845488	false	1.0
unangemessen	neg 1.0		__DUMMY__ 0.8819069835643234 neg 0.06528510924570685 off 0.05280790718996978	false	1.0
unstetig	neg 1.0		__DUMMY__ 0.8860257931106219 neg 0.059180972952106475 off 0.054793233937271625	false	1.0
entmutigen	neg 1.0		__DUMMY__ 0.8827430061992889 neg 0.061713324954621916 off 0.05554366884608927	false	1.0
schwanz	neg 1.0		__DUMMY__ 0.886393738657875 neg 0.06365163625059349 off 0.04995462509153157	false	1.0
verbot	neg 1.0		__DUMMY__ 0.8812917928921477 neg 0.06657991404968355 off 0.05212829305816869	false	1.0
leid	neg 1.0		__DUMMY__ 0.8790590411780788 off 0.06375533506135321 neg 0.05718562376056809	false	0.5
archaisch	neg 1.0		__DUMMY__ 0.8835090779557759 neg 0.06399013684608572 off 0.052500785198138424	false	1.0
gegen			__DUMMY__ 0.8879006753503352 neg 0.06316805387346754 off 0.04893127077619717	false	0.0
scheidung	neg 1.0		__DUMMY__ 0.8754835043171996 off 0.07198784788558057 neg 0.052528647797219864	false	0.5
einschlag	neg 1.0	neg 1.0	neg 0.5127942635177446 __DUMMY__ 0.44062398743945275 off 0.04658174904280277	false	1.0
m			__DUMMY__ 0.8863297557911678 neg 0.06145862583709408 off 0.05221161837173805	false	0.0
abgestanden	neg 1.0		__DUMMY__ 0.8862285933665133 neg 0.05950214249769132 off 0.054269264135795414	false	1.0
schmierig	off 1.0		__DUMMY__ 0.8794908552012662 off 0.06333827606414669 neg 0.05717086873458717	false	1.0
unpraktisch	neg 1.0		__DUMMY__ 0.8869842390317259 neg 0.05809424453988612 off 0.05492151642838817	false	1.0
wixxer	off 1.0		__DUMMY__ 0.8743501917118429 off 0.06849116438782253 neg 0.057158643900334524	false	1.0
bezeichnet			__DUMMY__ 0.8819723799679051 neg 0.06399223252642465 off 0.05403538750567012	false	0.0
jammerlappen	off 1.0		__DUMMY__ 0.8803678961075968 neg 0.060845157967353056 off 0.05878694592505023	false	0.5
farce	neg 1.0		__DUMMY__ 0.8802269924643962 neg 0.06698619670762888 off 0.052786810827974935	false	1.0
zwecklos	neg 1.0		__DUMMY__ 0.8820403072080867 neg 0.06524104279811173 off 0.05271864999380154	false	1.0
turbulent	neg 1.0		__DUMMY__ 0.8796717129088344 neg 0.061338729762644956 off 0.05898955732852069	false	1.0
invasion	neg 1.0		__DUMMY__ 0.8837467455673177 neg 0.05975794312544045 off 0.05649531130724174	false	1.0
schuld	neg 1.0		__DUMMY__ 0.8821737857610181 neg 0.06258873716760617 off 0.05523747707137572	false	1.0
risiko	neg 1.0		__DUMMY__ 0.8853131536519804 neg 0.060199572851634076 off 0.0544872734963856	false	1.0
finster	neg 1.0		__DUMMY__ 0.884895769957247 neg 0.06046674019303299 off 0.054637489849720056	false	1.0
geisteskrank	off 1.0		__DUMMY__ 0.8775261104588878 neg 0.062103956471881695 off 0.06036993306923047	false	0.5
zusammenbrechen	neg 1.0		__DUMMY__ 0.8849686374045901 neg 0.061912986531371374 off 0.053118376064038596	false	1.0
ausbeute	neg 1.0		__DUMMY__ 0.8907075559281602 neg 0.059550562595464145 off 0.04974188147637571	false	1.0
hinterhalt	neg 1.0		__DUMMY__ 0.8875436217966745 neg 0.0601051545280787 off 0.052351223675246784	false	1.0
kritik	neg 1.0		__DUMMY__ 0.8806568878768078 neg 0.06668098256037337 off 0.052662129562818696	false	1.0
einschrumpfen	neg 1.0		__DUMMY__ 0.8786018756619925 neg 0.06439922405051335 off 0.056998900287494055	false	1.0
riskant	neg 1.0		__DUMMY__ 0.88341346974047 neg 0.06537928740220997 off 0.0512072428573201	false	1.0
frustrieren	neg 1.0		__DUMMY__ 0.8843064575729972 neg 0.06435328456613093 off 0.05134025786087189	false	1.0
groll	neg 1.0		__DUMMY__ 0.8836445720901901 neg 0.06387741361900627 off 0.05247801429080368	false	1.0
gibt			__DUMMY__ 0.8841007561836822 neg 0.06302245834334272 off 0.05287678547297506	false	0.0
qualvoll	neg 1.0		__DUMMY__ 0.8835790312233064 neg 0.05921543489289036 off 0.05720553388380326	false	1.0
wackeln	neg 1.0	neg 1.0	neg 0.5140385612821972 __DUMMY__ 0.4444015607758714 off 0.041559877941931535	false	1.0
klagen	neg 1.0		__DUMMY__ 0.8862770401226533 neg 0.06547292968805743 off 0.04825003018928924	false	1.0
bankrott	neg 1.0		__DUMMY__ 0.8824895769005865 neg 0.05989163572268179 off 0.05761878737673177	false	1.0
trauern	neg 1.0		__DUMMY__ 0.886857515025469 neg 0.06197716859739172 off 0.05116531637713935	false	1.0
ablehnung	neg 1.0		__DUMMY__ 0.8809134874655078 neg 0.06632647977426913 off 0.05276003276022311	false	1.0
stur	neg 1.0		__DUMMY__ 0.8814416145616102 neg 0.06280067853422155 off 0.05575770690416832	false	1.0
aufruhr	neg 1.0		__DUMMY__ 0.8841208798947535 neg 0.06237762662440287 off 0.05350149348084357	false	1.0
melancholie	neg 1.0		__DUMMY__ 0.8869824952871084 neg 0.06127290093181152 off 0.05174460378108008	false	1.0
ist			__DUMMY__ 0.8831740481698467 neg 0.06088362832412347 off 0.05594232350602993	false	0.0
torheit	neg 1.0		__DUMMY__ 0.8795371364171983 neg 0.06531501313600266 off 0.05514785044679891	false	1.0
dreckskind	off 1.0		__DUMMY__ 0.8764704885840008 off 0.06452885368578228 neg 0.05900065773021689	false	1.0
umtauschen	neg 1.0		__DUMMY__ 0.8857147924272337 neg 0.06081320053468215 off 0.053472007038084156	false	1.0
zum			__DUMMY__ 0.8952988846916959 neg 0.058937755162246974 off 0.04576336014605701	false	0.0
zersetzen	neg 1.0		__DUMMY__ 0.8824018542889996 neg 0.06763386145470503 off 0.04996428425629532	false	1.0
zur			__DUMMY__ 0.8910301960548492 neg 0.06357210113205827 off 0.045397702813092515	false	0.0
frust	neg 1.0		__DUMMY__ 0.8850879625794315 neg 0.06187846428045561 off 0.053033573140112956	false	1.0
unerbittlichkeit	neg 1.0		__DUMMY__ 0.8834173045103773 neg 0.06649434671869671 off 0.05008834877092599	false	1.0
zwei			__DUMMY__ 0.8927782670629878 neg 0.05953921494894237 off 0.04768251798806988	false	0.0
unkorrekt	neg 1.0		__DUMMY__ 0.8753705617339935 neg 0.06330458475234949 off 0.06132485351365691	false	1.0
hexe	off 1.0		__DUMMY__ 0.881258742994333 neg 0.05970174803701788 off 0.0590395089686491	false	0.5
lasch	neg 1.0		__DUMMY__ 0.8787861108303014 neg 0.06343444614350278 off 0.05777944302619579	false	1.0
rivale	neg 1.0		__DUMMY__ 0.8808150297106339 off 0.061002469087431364 neg 0.058182501201934717	false	0.5
mutlos	off 1.0	off 1.0	off 0.5088643731603845 __DUMMY__ 0.4399599702983585 neg 0.05117565654125698	false	1.0
wirr	off 1.0		__DUMMY__ 0.8759126124695134 neg 0.06262080409956407 off 0.06146658343092268	false	0.5
jahr			__DUMMY__ 0.8919347631183865 neg 0.05885209338557295 off 0.04921314349604058	false	0.0
wird			__DUMMY__ 0.8857335602690256 neg 0.06270904510932733 off 0.05155739462164705	false	0.0
strafbar	neg 1.0		__DUMMY__ 0.8827916993483088 neg 0.06583966052788186 off 0.051368640123809456	false	1.0
erosion	neg 1.0		__DUMMY__ 0.8849072993227596 neg 0.06038080173952314 off 0.0547118989377173	false	1.0
eingehen	neg 1.0		__DUMMY__ 0.8817234673114422 neg 0.06614058353008681 off 0.05213594915847085	false	1.0
faul	off 1.0		__DUMMY__ 0.8838289018929858 neg 0.058421531429051085 off 0.05774956667796323	false	0.5
provisorium	neg 1.0		__DUMMY__ 0.8919811093401513 neg 0.06465958857765902 off 0.04335930208218974	false	1.0
schmerzen	neg 1.0		__DUMMY__ 0.8846397040642727 neg 0.061557719016838555 off 0.0538025769188887	false	1.0
schrumpfen	neg 1.0		__DUMMY__ 0.88642413323842 neg 0.06779972902213599 off 0.0457761377394441	false	1.0
geistlos	off 1.0		__DUMMY__ 0.8752691878163191 neg 0.0678696471422845 off 0.056861165041396364	false	0.5
fehlkauf	neg 1.0		__DUMMY__ 0.8816182515026904 neg 0.06251804050475399 off 0.055863707992555564	false	1.0
frustrierend	neg 1.0		__DUMMY__ 0.8837263452430404 neg 0.05835113801514643 off 0.05792251674181306	false	1.0
unzufrieden	neg 1.0		__DUMMY__ 0.8824982055693738 neg 0.0648691019076527 off 0.0526326925229736	false	1.0
verzweifeln	neg 1.0		__DUMMY__ 0.8839404514276666 neg 0.062055797043337045 off 0.05400375152899637	false	1.0
verzweifelt	neg 1.0		__DUMMY__ 0.8818698745789872 neg 0.06232583875316574 off 0.055804286667846995	false	1.0
misstrauensantrag	neg 1.0		__DUMMY__ 0.8813725334520917 neg 0.06242161286976023 off 0.05620585367814807	false	1.0
abfallen	neg 1.0		__DUMMY__ 0.886389685159682 neg 0.058445118346687495 off 0.0551651964936306	false	1.0
fucker	off 1.0		__DUMMY__ 0.8786528756597297 off 0.060785690218435155 neg 0.0605614341218352	false	1.0
ungezogen	neg 1.0		__DUMMY__ 0.8772753640785466 off 0.06713320741372834 neg 0.05559142850772511	false	0.5
irrsinnig	neg 1.0	neg 1.0	neg 0.5177362922347372 __DUMMY__ 0.44020447742837765 off 0.04205923033688516	false	1.0
unfassbar	neg 1.0		__DUMMY__ 0.880265336661991 neg 0.0603345631433685 off 0.05940010019464044	false	1.0
hart	neg 1.0		__DUMMY__ 0.8825446186041644 neg 0.06025652163580671 off 0.05719885976002886	false	1.0
widerlich	off 1.0		__DUMMY__ 0.8776422071440431 neg 0.0621269890228499 off 0.0602308038331069	false	0.5
fatal	neg 1.0		__DUMMY__ 0.8818421303035048 neg 0.06196535290101192 off 0.05619251679548336	false	1.0
bruch	neg 1.0		__DUMMY__ 0.8853366581382879 neg 0.06622487035218137 off 0.0484384715095308	false	1.0
aushungern	neg 1.0		__DUMMY__ 0.8800757550299482 neg 0.06630314593707373 off 0.05362109903297805	false	1.0
anspannung	neg 1.0	neg 1.0	neg 0.5152958793137332 __DUMMY__ 0.44973498628056235 off 0.03496913440570432	false	1.0
von			__DUMMY__ 0.8917213761409933 neg 0.05964595602129652 off 0.04863266783771019	false	0.0
kraftlos	neg 1.0		__DUMMY__ 0.8874486290189001 neg 0.06016564008600703 off 0.052385730895092804	false	1.0
vom			__DUMMY__ 0.8953690345117916 neg 0.06075911175630512 off 0.04387185373190332	false	0.0
grenzdebil	off 1.0		__DUMMY__ 0.8804691114274773 off 0.06024096895294767 neg 0.05928991961957502	false	1.0
vor			__DUMMY__ 0.8875023258673187 neg 0.06315679683855664 off 0.04934087729412462	false	0.0
unterwerfen	neg 1.0		__DUMMY__ 0.8839890837287625 neg 0.06489300333389751 off 0.05111791293733994	false	1.0
versenkung	neg 1.0		__DUMMY__ 0.8844653071034532 neg 0.06457187336815298 off 0.05096281952839379	false	1.0
entziehen	neg 1.0		__DUMMY__ 0.8856031531753678 neg 0.06559809973166812 off 0.04879874709296423	false	1.0
finanzkrise	neg 1.0		__DUMMY__ 0.8800558697589649 neg 0.0665446012154394 off 0.053399529025595784	false	1.0
schimpfend	neg 1.0		__DUMMY__ 0.8870614229367821 neg 0.058128711417559265 off 0.05480986564565866	false	1.0
profan	neg 1.0		__DUMMY__ 0.8823125080530778 neg 0.060795012708086016 off 0.056892479238836204	false	1.0
korruption	neg 1.0	neg 1.0	neg 0.5208958712555221 __DUMMY__ 0.4396804623051778 off 0.039423666439300134	false	1.0
â			__DUMMY__ 0.8857841350198585 neg 0.06297884833079302 off 0.051237016649348426	false	0.0
schmutzig	neg 1.0		__DUMMY__ 0.8813729157000735 off 0.059692151617950814 neg 0.05893493268197574	false	0.5
sexy	neg 1.0		__DUMMY__ 0.881865957326233 neg 0.06067031694792516 off 0.057463725725841956	false	1.0
abraten	neg 1.0		__DUMMY__ 0.8831298002163196 neg 0.06093255277399055 off 0.05593764700968983	false	1.0
schwarz	neg 1.0		__DUMMY__ 0.8816518448197294 neg 0.06272786044000633 off 0.055620294740264364	false	1.0
fotze	off 1.0		__DUMMY__ 0.884482988701862 neg 0.06454468185739115 off 0.050972329440746755	false	0.5
verwirren	neg 1.0		__DUMMY__ 0.882345928870809 neg 0.0604994177994464 off 0.05715465332974471	false	1.0
zahnlos	off 1.0		__DUMMY__ 0.8822881566377347 neg 0.06504816853114778 off 0.05266367483111744	false	0.5
verheeren	neg 1.0		__DUMMY__ 0.8775006430602187 off 0.0681531219662595 neg 0.05434623497352186	false	0.5
hippie	neg 1.0		__DUMMY__ 0.8814118889790391 neg 0.061509755038253004 off 0.0570783559827079	false	1.0
rammen	neg 1.0		__DUMMY__ 0.8833566241793026 neg 0.06208428086657556 off 0.05455909495412175	false	1.0
unlauter	neg 1.0		__DUMMY__ 0.8779648459275526 neg 0.06722963217545422 off 0.05480552189699314	false	1.0
unheilvoll	neg 1.0		__DUMMY__ 0.8859030728374356 neg 0.0579710741569856 off 0.056125853005578756	false	1.0
niedrig	neg 1.0		__DUMMY__ 0.8864221550645411 neg 0.06356385018433001 off 0.05001399475112881	false	1.0
explosion	neg 1.0		__DUMMY__ 0.8813091237716372 neg 0.0622068016414635 off 0.05648407458689943	false	1.0
weichei	off 1.0		__DUMMY__ 0.8771234836808782 off 0.064492907296622 neg 0.05838360902249973	false	1.0
minusmensch	off 1.0		__DUMMY__ 0.8710336352508495 off 0.06822014341405387 neg 0.06074622133509657	false	1.0
farblos	neg 1.0		__DUMMY__ 0.8898507358809943 neg 0.057284339210087125 off 0.05286492490891861	false	1.0
unwissend	neg 1.0	neg 1.0	neg 0.5164671466125494 __DUMMY__ 0.438666569223673 off 0.04486628416377753	false	1.0
traurig	neg 1.0		__DUMMY__ 0.8803865183263004 off 0.06194131032831027 neg 0.0576721713453893	false	0.5
senkung	neg 1.0		__DUMMY__ 0.8794647243130839 neg 0.06388763943243604 off 0.056647636254480195	false	1.0
ungleich	neg 1.0	neg 1.0	neg 0.5212362791254614 __DUMMY__ 0.44023096740807577 off 0.03853275346646275	false	1.0
heikel	neg 1.0		__DUMMY__ 0.8836498241832652 neg 0.06623249334840567 off 0.05011768246832903	false	1.0
drosselung	neg 1.0		__DUMMY__ 0.8815668513076695 off 0.05962017953813007 neg 0.05881296915420043	false	0.5
falsch	neg 1.0		__DUMMY__ 0.8819156772130228 neg 0.05998858714920554 off 0.05809573563777171	false	1.0
unzufriedenheit	neg 1.0		__DUMMY__ 0.8838420110743117 neg 0.06648733518535009 off 0.04967065374033818	false	1.0
kurz	neg 1.0		__DUMMY__ 0.887746566518668 neg 0.059531108751349524 off 0.05272232472998242	false	1.0
unsinnig	neg 1.0		__DUMMY__ 0.8809464209856758 neg 0.0660001578000162 off 0.053053421214307936	false	1.0
penner	off 1.0	off 1.0	off 0.5203790155812902 __DUMMY__ 0.4362830562598483 neg 0.04333792815886144	false	1.0
seicht	neg 1.0		__DUMMY__ 0.8732230068364264 off 0.06727556294024016 neg 0.05950143022333348	false	0.5
dummheit	off 1.0	off 1.0	off 0.5132022857452738 __DUMMY__ 0.4386304209797384 neg 0.04816729327498768	false	1.0
unerfreulich	neg 1.0		__DUMMY__ 0.8861866945168015 neg 0.06465286692667607 off 0.049160438556522454	false	1.0
motherfucker	off 1.0	off 1.0	off 0.5161483308452032 __DUMMY__ 0.43732355855691357 neg 0.04652811059788321	false	1.0
pikiert	neg 1.0		__DUMMY__ 0.8776499637692938 neg 0.06309235549336069 off 0.05925768073734557	false	1.0
wrack	neg 1.0		__DUMMY__ 0.8898074161167564 neg 0.05981298085860602 off 0.050379603024637634	false	1.0
gangster	neg 1.0		__DUMMY__ 0.8823822107521807 neg 0.06093443637045317 off 0.056683352877366124	false	1.0
krank	neg 1.0		__DUMMY__ 0.8822494094373216 off 0.060251217809606614 neg 0.05749937275307177	false	0.5
reich	neg 1.0		__DUMMY__ 0.8795483074859411 neg 0.06246956572551169 off 0.05798212678854712	false	1.0
gnadenlos	neg 1.0		__DUMMY__ 0.8827967159964634 neg 0.06194146714328069 off 0.055261816860255816	false	1.0
niedergeschlagen	neg 1.0		__DUMMY__ 0.8860467701356207 neg 0.06087402389653959 off 0.05307920596783968	false	1.0
terrorisieren	off 1.0	off 1.0	off 0.5091084242414128 __DUMMY__ 0.4421492744902167 neg 0.04874230126837057	false	1.0
sinnlosigkeit	neg 1.0		__DUMMY__ 0.8827017600114295 neg 0.06459650296553057 off 0.05270173702303991	false	1.0
behindern	neg 1.0		__DUMMY__ 0.8825470252114826 neg 0.06395979462810492 off 0.05349318016041253	false	1.0
undemokratisch	neg 1.0		__DUMMY__ 0.8793893704537844 neg 0.06530566151139337 off 0.05530496803482224	false	1.0
wirtschaftskrise	neg 1.0		__DUMMY__ 0.8822720186669095 neg 0.06626170575122882 off 0.05146627558186175	false	1.0
neid	neg 1.0		__DUMMY__ 0.8845700187922632 off 0.058447438743741385 neg 0.05698254246399547	false	0.5
rutschen	neg 1.0	neg 1.0	neg 0.5143231623428409 __DUMMY__ 0.44958279062349515 off 0.036094047033663916	false	1.0
rezession	neg 1.0		__DUMMY__ 0.8757606237558544 off 0.06279092578211061 neg 0.06144845046203499	false	0.5
fehlgeburt	neg 1.0		__DUMMY__ 0.8856993684042453 neg 0.05837581000325165 off 0.05592482159250306	false	1.0
charakterschwach	off 1.0		__DUMMY__ 0.8796252257790939 neg 0.06036384002387428 off 0.060010934197031754	false	0.5
isolation	neg 1.0		__DUMMY__ 0.8836637058934406 neg 0.05853229145655444 off 0.05780400265000494	false	1.0
ablenkung	neg 1.0		__DUMMY__ 0.8840093528584909 neg 0.06138518234518752 off 0.05460546479632162	false	1.0
pech	neg 1.0		__DUMMY__ 0.8837637249442292 neg 0.05883247886661604 off 0.05740379618915489	false	1.0
vermeidung	neg 1.0		__DUMMY__ 0.8788053223855381 neg 0.061256859187683824 off 0.05993781842677813	false	1.0
dominieren	neg 1.0		__DUMMY__ 0.8880458553713257 neg 0.06072492494130344 off 0.0512292196873707	false	1.0
schwindlig	neg 1.0		__DUMMY__ 0.8871010332907343 neg 0.056770379009237815 off 0.056128587700027904	false	1.0
lutscher	neg 1.0		__DUMMY__ 0.8743507702210922 off 0.06770295594602911 neg 0.057946273832878675	false	0.5
pflicht	neg 1.0		__DUMMY__ 0.883990737240426 neg 0.06587578804808687 off 0.0501334747114871	false	1.0
faschist	off 1.0		__DUMMY__ 0.8779759419459482 neg 0.0648072415603555 off 0.05721681649369638	false	0.5
verschleudern	neg 1.0		__DUMMY__ 0.8793037886834286 neg 0.06993653800254908 off 0.05075967331402234	false	1.0
wenn			__DUMMY__ 0.8816430930878044 neg 0.06004284696163606 off 0.058314059950559584	false	0.0
ehebruch	neg 1.0		__DUMMY__ 0.8824714605131061 neg 0.06586778442671926 off 0.05166075506017459	false	1.0
spott	off 1.0		__DUMMY__ 0.8819942556619293 neg 0.06677426004100753 off 0.05123148429706317	false	0.5
trostlosigkeit	neg 1.0		__DUMMY__ 0.8856108069317994 neg 0.06549467757255717 off 0.04889451549564347	false	1.0
lutschen	neg 1.0		__DUMMY__ 0.8809122138404077 neg 0.06253594198911201 off 0.05655184417048025	false	1.0
undiszipliniert	neg 1.0		__DUMMY__ 0.8806405072389498 off 0.06111350444329202 neg 0.05824598831775813	false	0.5
kopfschmerz	neg 1.0		__DUMMY__ 0.8868501755785073 neg 0.06058368451188476 off 0.052566139909608	false	1.0
unvorhergesehen	neg 1.0		__DUMMY__ 0.8908881757633109 neg 0.0585043979531027 off 0.05060742628358631	false	1.0
desinteressiert	neg 1.0		__DUMMY__ 0.8788352246451168 off 0.0610846532734555 neg 0.06008012208142773	false	0.5
armselig	off 1.0		__DUMMY__ 0.8757065897674222 neg 0.062255210253157674 off 0.06203819997942009	false	0.5
desaster	neg 1.0		__DUMMY__ 0.884975231422954 neg 0.0670320329736365 off 0.04799273560340958	false	1.0
tod	neg 1.0		__DUMMY__ 0.8877905904322348 neg 0.061029650305968436 off 0.05117975926179673	false	1.0
herzlos	neg 1.0		__DUMMY__ 0.8779313180576691 off 0.062392892042007125 neg 0.05967578990032381	false	0.5
unwissenheit	neg 1.0		__DUMMY__ 0.880222162920536 neg 0.06726763160675119 off 0.052510205472712713	false	1.0
widersinnig	neg 1.0	neg 1.0	neg 0.5215529242502799 __DUMMY__ 0.43824492180864133 off 0.04020215394107882	false	1.0
bedenklich	neg 1.0		__DUMMY__ 0.8826133330595823 neg 0.06596511824394687 off 0.051421548696470726	false	1.0
beanstanden	neg 1.0		__DUMMY__ 0.885588826571133 neg 0.06486565325799457 off 0.04954552017087237	false	1.0
panisch	neg 1.0	neg 1.0	neg 0.5119714013054076 __DUMMY__ 0.44514551135663377 off 0.04288308733795858	false	1.0
debil	off 1.0		__DUMMY__ 0.88892326326089 neg 0.0663111156684204 off 0.04476562107068964	false	0.5
abstrich	neg 1.0		__DUMMY__ 0.8846282847872774 neg 0.06467789560155135 off 0.050693819611171295	false	1.0
primitiv	neg 1.0		__DUMMY__ 0.8778114068676292 neg 0.061546092340628286 off 0.060642500791742555	false	1.0
abschaum	off 1.0	off 1.0	off 0.5147023655365006 __DUMMY__ 0.4381246976196938 neg 0.04717293684380558	false	1.0
provozieren	neg 1.0		__DUMMY__ 0.8814434486040428 neg 0.06345907797580079 off 0.055097473420156466	false	1.0
tot	neg 1.0		__DUMMY__ 0.886028765855522 neg 0.06347181987151836 off 0.05049941427295958	false	1.0
instabil	neg 1.0		__DUMMY__ 0.876906608508782 neg 0.06271198607132832 off 0.060381405419889685	false	1.0
schwuchtel	off 1.0		__DUMMY__ 0.8715822498862121 off 0.07200651910896422 neg 0.056411231004823675	false	1.0
zerren	neg 1.0		__DUMMY__ 0.886252135714529 neg 0.06043696460295246 off 0.05331089968251857	false	1.0
kinderficker	off 1.0		__DUMMY__ 0.8743060264167493 off 0.06427452603753604 neg 0.06141944754571467	false	1.0
gefahr	neg 1.0		__DUMMY__ 0.8859266226000747 neg 0.06425744041579366 off 0.04981593698413165	false	1.0
rabiat	neg 1.0		__DUMMY__ 0.8813716090058676 neg 0.06414444933549182 off 0.05448394165864062	false	1.0
verlangsamung	neg 1.0		__DUMMY__ 0.874987652208377 off 0.06578422919672047 neg 0.05922811859490251	false	0.5
ausgestorben	neg 1.0		__DUMMY__ 0.884953269865472 neg 0.06119898335148831 off 0.05384774678303979	false	1.0
anklagen	neg 1.0		__DUMMY__ 0.8826035770640609 neg 0.06443819165928012 off 0.05295823127665895	false	1.0
trott	neg 1.0		__DUMMY__ 0.8847757762944543 neg 0.061506858137580896 off 0.0537173655679649	false	1.0
verminderung	neg 1.0		__DUMMY__ 0.8785575776619856 neg 0.06083616056823929 off 0.060606261769775086	false	1.0
nach			__DUMMY__ 0.8952305070976355 neg 0.05856776886866663 off 0.04620172403369785	false	0.0
rost	neg 1.0		__DUMMY__ 0.8757944118945383 off 0.06440581545221749 neg 0.059799772653244175	false	0.5
destruktiv	neg 1.0		__DUMMY__ 0.8795027358131556 neg 0.06637289911340913 off 0.0541243650734352	false	1.0
unzumutbarkeit	neg 1.0		__DUMMY__ 0.8838864738817712 off 0.058435505532251616 neg 0.05767802058597713	false	0.5
labil	off 1.0	off 1.0	off 0.5146681477908829 __DUMMY__ 0.43869790988226653 neg 0.046633942326850454	false	1.0
ziemlich	neg 1.0		__DUMMY__ 0.8823698517697931 off 0.059732350815842515 neg 0.05789779741436437	false	0.5
lachnummer	off 1.0		__DUMMY__ 0.8818912416933193 neg 0.06364910363032156 off 0.054459654676359055	false	0.5
oder			__DUMMY__ 0.886124449704187 neg 0.05943905875209235 off 0.054436491543720746	false	0.0
verfall	neg 1.0		__DUMMY__ 0.8863498423575953 neg 0.067870747918755 off 0.04577940972364972	false	1.0
ausgrenzung	neg 1.0		__DUMMY__ 0.8786002315586703 neg 0.06548476134676452 off 0.05591500709456512	false	1.0
unordnung	neg 1.0		__DUMMY__ 0.8840678630615035 off 0.059087596789000205 neg 0.05684454014949627	false	0.5
fehlverhalten	neg 1.0		__DUMMY__ 0.8834627520194644 neg 0.0661266031326953 off 0.050410644847840226	false	1.0
eine			__DUMMY__ 0.8859872169331997 neg 0.06444422138536007 off 0.04956856168144019	false	0.0
nille	neg 1.0		__DUMMY__ 0.8841500896358044 neg 0.06244222583722856 off 0.05340768452696697	false	1.0
qual	neg 1.0		__DUMMY__ 0.884213495170972 neg 0.0622160347022572 off 0.053570470126770756	false	1.0
verschwenden	neg 1.0		__DUMMY__ 0.8832146843707659 neg 0.06506886237004206 off 0.05171645325919206	false	1.0
riesig	neg 1.0	neg 1.0	neg 0.5161634782514833 __DUMMY__ 0.4450625616288909 off 0.038773960119625764	false	1.0
verurteilen	neg 1.0		__DUMMY__ 0.8816691858420201 neg 0.06573879478489186 off 0.05259201937308795	false	1.0
klischee	neg 1.0	neg 1.0	neg 0.5181017558176668 __DUMMY__ 0.43806585968537276 off 0.043832384496960496	false	1.0
diktatorisch	neg 1.0		__DUMMY__ 0.8771799262553797 neg 0.06699424478499547 off 0.05582582895962479	false	1.0
vorhersehbar	neg 1.0	neg 1.0	neg 0.5174228684585102 __DUMMY__ 0.4391626710908115 off 0.04341446045067838	false	1.0
sowie			__DUMMY__ 0.8765695841361743 off 0.06412795372606132 neg 0.05930246213776444	false	0.0
stornieren	neg 1.0		__DUMMY__ 0.8898729744479209 neg 0.05531197558529313 off 0.05481504996678603	false	1.0
besteuerung	neg 1.0		__DUMMY__ 0.8795714055107724 neg 0.06571761367618752 off 0.054710980813040135	false	1.0
ungeschminkt	neg 1.0		__DUMMY__ 0.8798417162848532 neg 0.06051926329787658 off 0.05963902041727026	false	1.0
kritisch	neg 1.0		__DUMMY__ 0.8831450970283412 neg 0.06552510590229288 off 0.051329797069365975	false	1.0
schlamperei	off 1.0		__DUMMY__ 0.8833662635511136 neg 0.06626283516962857 off 0.05037090127925795	false	0.5
sucht	neg 1.0	neg 1.0	neg 0.5155010146533028 __DUMMY__ 0.44369846652034883 off 0.04080051882634833	false	1.0
egoistisch	off 1.0		__DUMMY__ 0.8775766020843963 off 0.06458400286060362 neg 0.05783939505500013	false	1.0
ausbeuter	off 1.0		__DUMMY__ 0.8818012300541831 neg 0.06792897616364416 off 0.05026979378217273	false	0.5
arschgeburt	off 1.0		__DUMMY__ 0.8704555835976739 off 0.07227257531414584 neg 0.05727184108818013	false	1.0
schubs	neg 1.0	neg 1.0	neg 0.5151967854602443 __DUMMY__ 0.44547007823098766 off 0.03933313630876805	false	1.0
unsolide	neg 1.0		__DUMMY__ 0.8742441341287255 neg 0.06957781874675029 off 0.05617804712452424	false	1.0
beschwerde	neg 1.0		__DUMMY__ 0.8834690592934008 neg 0.0660649167034848 off 0.050466024003114465	false	1.0
stocken	neg 1.0		__DUMMY__ 0.8843334943868084 neg 0.06468717593308979 off 0.05097932968010186	false	1.0
isolieren	neg 1.0		__DUMMY__ 0.8825937260922456 neg 0.06543702549645626 off 0.05196924841129816	false	1.0
unheilbar	neg 1.0		__DUMMY__ 0.8836760400044339 neg 0.06144024449373866 off 0.054883715501827385	false	1.0
pisser	off 1.0		__DUMMY__ 0.8804398788789861 off 0.06086458870565581 neg 0.05869553241535807	false	1.0
löschen	neg 1.0		__DUMMY__ 0.8833334464171071 neg 0.06247786105164711 off 0.054188692531245856	false	1.0
durchfallen	neg 1.0		__DUMMY__ 0.8817136126623655 neg 0.06584294848453792 off 0.05244343885309656	false	1.0
wichser	off 1.0		__DUMMY__ 0.8751791214925052 off 0.0688579538816162 neg 0.05596292462587861	false	1.0
terror	neg 1.0		__DUMMY__ 0.8847218094664864 neg 0.058709595161734074 off 0.056568595371779516	false	1.0
krass	neg 1.0		__DUMMY__ 0.87907556552064 off 0.06255723224230977 neg 0.0583672022370502	false	0.5
revolte	neg 1.0		__DUMMY__ 0.8791111832999364 neg 0.06448403503949561 off 0.05640478166056806	false	1.0
besorgt	neg 1.0		__DUMMY__ 0.8874199822483838 neg 0.060131299218341365 off 0.05244871853327478	false	1.0
nachlassen	neg 1.0		__DUMMY__ 0.8844598772958363 neg 0.06518868687428556 off 0.05035143582987806	false	1.0
alt	neg 1.0		__DUMMY__ 0.8856448859553349 neg 0.0633911104320776 off 0.05096400361258753	false	1.0
hundesohn	off 1.0		__DUMMY__ 0.8736833253813333 off 0.06776490127245655 neg 0.058551773346210166	false	1.0
als			__DUMMY__ 0.8867337840315882 neg 0.06055795539100401 off 0.05270826057740783	false	0.0
abschreckung	neg 1.0		__DUMMY__ 0.8848722276138544 neg 0.06606086749334064 off 0.049066904892804936	false	1.0
unqualifiziert	neg 1.0		__DUMMY__ 0.8773563067596621 neg 0.0650670028510622 off 0.0575766903892756	false	1.0
abgewichst	off 1.0		__DUMMY__ 0.8846709518490941 neg 0.0626084063024638 off 0.05272064184844212	false	0.5
schwer	neg 1.0		__DUMMY__ 0.8839376149012566 neg 0.061744176352862896 off 0.05431820874588067	false	1.0
bedeutungslosigkeit	neg 1.0		__DUMMY__ 0.8842125342443966 neg 0.06589730288257338 off 0.04989016287303	false	1.0
kapitulation	neg 1.0		__DUMMY__ 0.8803873782560105 neg 0.06845909323199498 off 0.05115352851199445	false	1.0
unscharf	neg 1.0		__DUMMY__ 0.883356022239778 neg 0.06064719863077587 off 0.055996779129446075	false	1.0
schwinden	neg 1.0		__DUMMY__ 0.8841855755261946 neg 0.06615588826455564 off 0.049658536209249794	false	1.0
versklavung	neg 1.0		__DUMMY__ 0.8767727567669811 neg 0.06786457703098986 off 0.05536266620202904	false	1.0
schlecht	neg 1.0		__DUMMY__ 0.8824484437830424 off 0.05988108439440644 neg 0.057670471822551056	false	0.5
verhasst	neg 1.0		__DUMMY__ 0.8813586397036653 neg 0.06320344236617839 off 0.05543791793015622	false	1.0
beschweren	neg 1.0		__DUMMY__ 0.8825502743829263 neg 0.06133288726566932 off 0.05611683835140432	false	1.0
scheiden	neg 1.0		__DUMMY__ 0.8904720523983503 neg 0.055257576147527444 off 0.05427037145412228	false	1.0
frustriert	neg 1.0		__DUMMY__ 0.8843622494506497 neg 0.06221323721302114 off 0.05342451333632911	false	1.0
schimmelig	neg 1.0		__DUMMY__ 0.8874050007491195 neg 0.062354462535331806 off 0.05024053671554867	false	1.0
fisch	neg 1.0		__DUMMY__ 0.8927420566531019 neg 0.0581814001882638 off 0.049076543158634287	false	1.0
schmuggel	neg 1.0		__DUMMY__ 0.8886718068444313 neg 0.06170031212887414 off 0.04962788102669457	false	1.0
auffallen	neg 1.0		__DUMMY__ 0.8832742312312158 neg 0.06003325063417185 off 0.056692518134612346	false	1.0
konkurrenz	neg 1.0	neg 1.0	neg 0.5182540494627171 __DUMMY__ 0.4446643494298086 off 0.03708160110747422	false	1.0
teufelskreis	neg 1.0	neg 1.0	neg 0.5189032746833431 __DUMMY__ 0.4402491125984787 off 0.04084761271817815	false	1.0
aufschreien	neg 1.0		__DUMMY__ 0.8807194126562781 neg 0.06268014718526206 off 0.056600440158459824	false	1.0
schuldner	neg 1.0		__DUMMY__ 0.8851408487559033 neg 0.06495824218008346 off 0.049900909064013364	false	1.0
missgeburt	off 1.0	off 1.0	off 0.518665004831501 __DUMMY__ 0.43701990141858826 neg 0.044315093749910765	false	1.0
arbeitslos	neg 1.0		__DUMMY__ 0.8819630006438917 neg 0.06530243024678553 off 0.0527345691093228	false	1.0
befallen	neg 1.0		__DUMMY__ 0.880070784184391 neg 0.06712893052706567 off 0.0528002852885433	false	1.0
miesepetrig	off 1.0	off 1.0	off 0.515114640004041 __DUMMY__ 0.4408348028029287 neg 0.04405055719303035	false	1.0
alarmieren	neg 1.0		__DUMMY__ 0.878754948392671 neg 0.06263881669943203 off 0.05860623490789702	false	1.0
ungeduscht	off 1.0		__DUMMY__ 0.884321856375124 neg 0.05854819234534554 off 0.057129951279530564	false	0.5
knappheit	neg 1.0		__DUMMY__ 0.8813001769261304 neg 0.06768516806894556 off 0.051014655004924095	false	1.0
schlange	neg 1.0		__DUMMY__ 0.8870832788119178 neg 0.057030976418688116 off 0.05588574476939405	false	1.0
harsch	neg 1.0		__DUMMY__ 0.88189580979641 off 0.06329441505518169 neg 0.05480977514840831	false	0.5
lang	neg 1.0		__DUMMY__ 0.8835792095631131 neg 0.06183468100114229 off 0.05458610943574455	false	1.0
ziellos	neg 1.0		__DUMMY__ 0.8867431692683673 neg 0.06111201419264559 off 0.05214481653898718	false	1.0
selbstverliebt	neg 1.0		__DUMMY__ 0.8714197445737362 off 0.06976616488447175 neg 0.05881409054179213	false	0.5
beseitigen	neg 1.0	neg 1.0	neg 0.5150766602867899 __DUMMY__ 0.44445381983876314 off 0.04046951987444707	false	1.0
dumm	off 1.0		__DUMMY__ 0.8762552057447363 off 0.0654350376483957 neg 0.058309756606868046	false	1.0
arbeitsloser	neg 1.0		__DUMMY__ 0.8851350432430736 neg 0.06285374354666148 off 0.052011213210264966	false	1.0
blitzen	neg 1.0		__DUMMY__ 0.8819314951840127 neg 0.060843655382284596 off 0.05722484943370268	false	1.0
hilflos	neg 1.0		__DUMMY__ 0.8841496454617515 neg 0.06293052629375478 off 0.05291982824449373	false	1.0
eklig	off 1.0		__DUMMY__ 0.8764431605613178 off 0.0659285214603489 neg 0.057628317978333406	false	1.0
begriff			__DUMMY__ 0.8817676402926433 neg 0.06487010766116548 off 0.05336225204619118	false	0.0
hungersnot	neg 1.0		__DUMMY__ 0.8839409564385879 neg 0.06328946241987873 off 0.05276958114153331	false	1.0
ungesetzlich	neg 1.0		__DUMMY__ 0.8747237989044214 neg 0.06866913130085656 off 0.05660706979472196	false	1.0
verschwendung	neg 1.0		__DUMMY__ 0.884139634962509 neg 0.06518287580257494 off 0.05067748923491609	false	1.0
schmerzvoll	neg 1.0		__DUMMY__ 0.8830999759042488 neg 0.0608889568210617 off 0.05601106727468945	false	1.0
vorzeitig	neg 1.0		__DUMMY__ 0.8844520080554983 neg 0.058484019822175916 off 0.05706397212232577	false	1.0
unvollkommenheit	neg 1.0		__DUMMY__ 0.8884919564268229 neg 0.05958707836102827 off 0.051920965212148826	false	1.0
intervenieren	neg 1.0		__DUMMY__ 0.8819469624984196 neg 0.06750121462888174 off 0.0505518228726985	false	1.0
banause	off 1.0		__DUMMY__ 0.8741284344036705 off 0.06780242103389723 neg 0.058069144562432284	false	1.0
rebell	neg 1.0		__DUMMY__ 0.8873320083903069 neg 0.06538550081710974 off 0.04728249079258344	false	1.0
unlogisch	neg 1.0		__DUMMY__ 0.8791512584238772 off 0.0621123029071014 neg 0.05873643866902141	false	0.5
leiden	neg 1.0		__DUMMY__ 0.8921352858854694 neg 0.058110803454733094 off 0.049753910659797486	false	1.0
abschaffung	neg 1.0		__DUMMY__ 0.8803897339643547 neg 0.06478121828585488 off 0.05482904774979039	false	1.0
sturz	neg 1.0		__DUMMY__ 0.8854208266159755 neg 0.060357047651614815 off 0.054222125732409636	false	1.0
verkleinerung	neg 1.0		__DUMMY__ 0.8781103135877099 neg 0.06478116173364659 off 0.05710852467864355	false	1.0
schmarotzer	off 1.0		__DUMMY__ 0.8809171293311877 neg 0.0664758499202296 off 0.05260702074858277	false	0.5
bestrafung	neg 1.0		__DUMMY__ 0.8815499830126046 neg 0.06272520949708767 off 0.05572480749030783	false	1.0
achtlos	neg 1.0		__DUMMY__ 0.8854433083899281 neg 0.060364334420492986 off 0.05419235718957887	false	1.0
ungeheuer	neg 1.0		__DUMMY__ 0.8843644448989343 neg 0.05855688926794402 off 0.05707866583312167	false	1.0
