unsolidarisch	neg 1.0		neg 0.5194824811430168 off 0.43923672840109595 __DUMMY__ 0.04128079045588736	false	1.0
nachteilig	neg 1.0		neg 0.5192881021395548 off 0.43888832869666705 __DUMMY__ 0.04182356916377808	false	1.0
skeptisch	neg 1.0		neg 0.5193528127522089 off 0.43872865511979625 __DUMMY__ 0.041918532127994824	false	1.0
schrecklich	neg 1.0		neg 0.5031618504960625 off 0.45529931260542844 __DUMMY__ 0.04153883689850906	false	1.0
schlapp	neg 1.0		neg 0.5068069855370552 off 0.4514132158396731 __DUMMY__ 0.04177979862327186	false	1.0
abfall	neg 1.0		neg 0.5224499188471888 off 0.43557832765901966 __DUMMY__ 0.04197175349379148	false	1.0
widerspenstig	neg 1.0		neg 0.5136315615107497 off 0.44456889159398144 __DUMMY__ 0.04179954689526897	false	1.0
abrupt	neg 1.0		neg 0.5161516527902662 off 0.4416963275039739 __DUMMY__ 0.04215201970575991	false	1.0
unwirksam	neg 1.0		neg 0.5167596152566778 off 0.44171889003683995 __DUMMY__ 0.04152149470648226	false	1.0
angreifen	neg 1.0	neg 1.0	neg 0.7466573690997845 off 0.23334978372511397 __DUMMY__ 0.0199928471751015	false	1.0
inkonsistent	neg 1.0		neg 0.5123264336535783 off 0.44585645789221884 __DUMMY__ 0.041817108454202744	false	1.0
abrutschen	neg 1.0		neg 0.5216121337064619 off 0.4363815410747417 __DUMMY__ 0.042006325218796395	false	1.0
unsicher	neg 1.0		neg 0.5127244824748786 off 0.4453856750312061 __DUMMY__ 0.041889842493915454	false	1.0
bauernkind	off 1.0	off 1.0	off 0.7109076446239032 neg 0.26941208180155046 __DUMMY__ 0.019680273574546252	false	1.0
angreifer	neg 1.0		neg 0.5108280586736815 off 0.4472533205555627 __DUMMY__ 0.04191862077075579	false	1.0
trennen	neg 1.0		neg 0.5143937211496321 off 0.443317088659162 __DUMMY__ 0.04228919019120605	false	1.0
schmutz	neg 1.0		neg 0.5076103894465152 off 0.45020997706153204 __DUMMY__ 0.04217963349195282	false	1.0
inkonsistenz	neg 1.0		neg 0.51172096136668 off 0.44683866166072234 __DUMMY__ 0.04144037697259773	false	1.0
erschreckend	neg 1.0		neg 0.5158072405680038 off 0.4424472021877782 __DUMMY__ 0.041745557244217926	false	1.0
ertrinken	neg 1.0		neg 0.51625922947436 off 0.4417190332522699 __DUMMY__ 0.0420217372733701	false	1.0
pickelface	off 1.0		neg 0.5162649473214659 off 0.44191347357405764 __DUMMY__ 0.04182157910447666	false	0.5
seiner			neg 0.5176315429070579 off 0.44033888272565763 __DUMMY__ 0.042029574367284446	false	0.0
lauch	neg 1.0		neg 0.5226895320523341 off 0.43542288170953136 __DUMMY__ 0.04188758623813436	false	1.0
unwichtig	neg 1.0		neg 0.5093627652951105 off 0.44905498944240163 __DUMMY__ 0.041582245262487924	false	1.0
steuerhinterziehung	neg 1.0		neg 0.5181849096123596 off 0.44019936548366956 __DUMMY__ 0.041615724903970815	false	1.0
schock	neg 1.0		neg 0.5117806776762369 off 0.4461149935556707 __DUMMY__ 0.04210432876809236	false	1.0
beule	neg 1.0		neg 0.5060750861562956 off 0.452116509551571 __DUMMY__ 0.041808404292133575	false	1.0
vergelten	neg 1.0		neg 0.5028298503652386 off 0.45539043875227386 __DUMMY__ 0.041779710882487414	false	1.0
verdorbenheit	neg 1.0		neg 0.5124080010251277 off 0.44560578989515837 __DUMMY__ 0.0419862090797138	false	1.0
trauma	neg 1.0		neg 0.5127180222814294 off 0.445509173987117 __DUMMY__ 0.04177280373145376	false	1.0
sinnlos	neg 1.0		neg 0.5101921226815066 off 0.44797553376381904 __DUMMY__ 0.04183234355467423	false	1.0
fettsack	off 1.0	off 1.0	off 0.7128569901488728 neg 0.26738187921604073 __DUMMY__ 0.019761130635086475	false	1.0
feige	off 1.0	off 1.0	off 0.7088127340198922 neg 0.27141596229408904 __DUMMY__ 0.019771303686018815	false	1.0
abdanken	neg 1.0		neg 0.5167373246554615 off 0.4416183663198267 __DUMMY__ 0.04164430902471189	false	1.0
wichtigtuer	off 1.0	off 1.0	off 0.7073455736091316 neg 0.2728028075740652 __DUMMY__ 0.019851618816803158	false	1.0
misslingen	neg 1.0		neg 0.50902941056759 off 0.4488273787462686 __DUMMY__ 0.04214321068614132	false	1.0
untreu	off 1.0		neg 0.508422507066254 off 0.45006815643279796 __DUMMY__ 0.04150933650094801	false	0.5
missmutig	neg 1.0		neg 0.5085803561979833 off 0.4497710013610393 __DUMMY__ 0.04164864244097757	false	1.0
hurenbock	off 1.0		neg 0.5108064271691042 off 0.4472904524987668 __DUMMY__ 0.04190312033212919	false	0.5
betrunken	neg 1.0		neg 0.5033534559112508 off 0.4548511619517944 __DUMMY__ 0.04179538213695488	false	1.0
korrupt	off 1.0		neg 0.5210134559076004 off 0.43755569716713855 __DUMMY__ 0.04143084692526096	false	0.5
unmut	neg 1.0		neg 0.522456467889842 off 0.43559024681705966 __DUMMY__ 0.04195328529309833	false	1.0
hackfresse	off 1.0		neg 0.5008801545264044 off 0.45781839040604844 __DUMMY__ 0.0413014550675471	false	0.5
aufblasen	neg 1.0		neg 0.5101789325503825 off 0.44786786225125674 __DUMMY__ 0.0419532051983608	false	1.0
gewaltsam	neg 1.0		neg 0.5145082056527089 off 0.44364085650720836 __DUMMY__ 0.04185093784008281	false	1.0
unbeliebtheit	neg 1.0		neg 0.5146203898887969 off 0.44424673945515203 __DUMMY__ 0.04113287065605104	false	1.0
sturheit	neg 1.0		neg 0.5166655079088295 off 0.44166281456234047 __DUMMY__ 0.041671677528830005	false	1.0
kuh	neg 1.0		neg 0.5143182311468255 off 0.4440373251708265 __DUMMY__ 0.04164444368234798	false	1.0
erschrecken	neg 1.0		neg 0.5084137876196083 off 0.44982813444399206 __DUMMY__ 0.041758077936399705	false	1.0
opfer	neg 1.0		neg 0.5172048481178173 off 0.44086920776153504 __DUMMY__ 0.04192594412064763	false	1.0
sinken	neg 1.0		neg 0.520715463704714 off 0.4372450630932403 __DUMMY__ 0.04203947320204572	false	1.0
stinktier	neg 1.0		neg 0.5041687447895906 off 0.45446363388407396 __DUMMY__ 0.0413676213263354	false	1.0
tucke	off 1.0		neg 0.5032306193747339 off 0.4557694224421185 __DUMMY__ 0.040999958183147625	false	0.5
ein			neg 0.5107000584863884 off 0.4473174173758855 __DUMMY__ 0.04198252413772619	false	0.0
abstieg	neg 1.0		neg 0.5162059895192637 off 0.44166030609581247 __DUMMY__ 0.042133704384923885	false	1.0
missverstehen	neg 1.0		neg 0.5124115536132741 off 0.4460037730062 __DUMMY__ 0.04158467338052593	false	1.0
ergebnislos	neg 1.0		neg 0.5184278459502321 off 0.4396403375466559 __DUMMY__ 0.041931816503112104	false	1.0
unter			neg 0.5219159318377092 off 0.43552354927164183 __DUMMY__ 0.04256051889064893	false	0.0
manipulieren	neg 1.0		neg 0.520211151642538 off 0.43795668048576686 __DUMMY__ 0.04183216787169522	false	1.0
unbewiesen	neg 1.0		neg 0.5198778755879448 off 0.4389146027814217 __DUMMY__ 0.041207521630633466	false	1.0
verschleppen	neg 1.0		neg 0.5173723336993812 off 0.4407989873966593 __DUMMY__ 0.04182867890395963	false	1.0
weib	off 1.0		neg 0.5010590333815476 off 0.4576516026673271 __DUMMY__ 0.041289363951125466	false	0.5
opposition	neg 1.0		neg 0.5134792760943958 off 0.44492685638197244 __DUMMY__ 0.04159386752363189	false	1.0
verkehrswidrig	neg 1.0	neg 1.0	neg 0.7353795698571408 off 0.24446882207285212 __DUMMY__ 0.02015160807000707	false	1.0
inkorrekt	neg 1.0		neg 0.5098969472329394 off 0.44888921795348 __DUMMY__ 0.04121383481358042	false	1.0
vermeiden	neg 1.0		neg 0.5225791584309492 off 0.43522108122926617 __DUMMY__ 0.04219976033978454	false	1.0
abweichung	neg 1.0		neg 0.5183379158660405 off 0.4397881429180758 __DUMMY__ 0.04187394121588373	false	1.0
alkoholisiert	neg 1.0		neg 0.5134434028221194 off 0.44410252495963826 __DUMMY__ 0.042454072218242316	false	1.0
scheiss	off 1.0	off 1.0	off 0.7105413375173851 neg 0.2695340691499651 __DUMMY__ 0.019924593332649652	false	1.0
herausforderung	neg 1.0	neg 1.0	neg 0.7431201354278475 off 0.2365348728242224 __DUMMY__ 0.02034499174793014	false	1.0
pervers	off 1.0		neg 0.49767928284167867 off 0.4611192799895497 __DUMMY__ 0.041201437168771574	false	0.5
wackelig	neg 1.0		neg 0.5124797414634047 off 0.44528251540511327 __DUMMY__ 0.04223774313148194	false	1.0
verwickeln	neg 1.0		neg 0.5127776230594726 off 0.44565678161842004 __DUMMY__ 0.04156559532210745	false	1.0
vorwand	neg 1.0		neg 0.520396446866953 off 0.4376892509826658 __DUMMY__ 0.04191430215038113	false	1.0
muschi	off 1.0		neg 0.5154803116723033 off 0.4426754482419525 __DUMMY__ 0.041844240085744056	false	0.5
entmutigung	neg 1.0		neg 0.5152000227713297 off 0.44331542132397056 __DUMMY__ 0.04148455590469983	false	1.0
unangemessen	neg 1.0		neg 0.5173869680827713 off 0.44090719052065164 __DUMMY__ 0.041705841396577036	false	1.0
unstetig	neg 1.0		neg 0.5107830220560343 off 0.44726745111295346 __DUMMY__ 0.04194952683101223	false	1.0
entmutigen	neg 1.0		neg 0.5123007672822888 off 0.445938274012121 __DUMMY__ 0.04176095870559022	false	1.0
schwanz	neg 1.0		neg 0.517994032786776 off 0.44000839931527064 __DUMMY__ 0.0419975678979533	false	1.0
verbot	neg 1.0		neg 0.5191161659804174 off 0.4392314163537692 __DUMMY__ 0.041652417665813325	false	1.0
leid	neg 1.0		neg 0.5021019003060544 off 0.45640839124207416 __DUMMY__ 0.041489708451871284	false	1.0
archaisch	neg 1.0		neg 0.5164447456114585 off 0.4417428226516218 __DUMMY__ 0.041812431736919634	false	1.0
gegen			neg 0.5191410909060084 off 0.4387306620903122 __DUMMY__ 0.042128247003679474	false	0.0
scheidung	neg 1.0		neg 0.4930292617324399 off 0.46574858943827363 __DUMMY__ 0.04122214882928657	false	1.0
einschlag	neg 1.0	neg 1.0	neg 0.738176508093842 off 0.2419131416550831 __DUMMY__ 0.01991035025107488	false	1.0
m			neg 0.5144990408919522 off 0.4434744891946444 __DUMMY__ 0.04202646991340332	false	0.0
abgestanden	neg 1.0		neg 0.5108173690262504 off 0.44721397233151444 __DUMMY__ 0.041968658642235084	false	1.0
schmierig	off 1.0		neg 0.5024522701139897 off 0.45602381196638636 __DUMMY__ 0.041523917919623926	false	0.5
unpraktisch	neg 1.0		neg 0.5096180064553579 off 0.4483312887529596 __DUMMY__ 0.042050704791682374	false	1.0
wixxer	off 1.0		neg 0.49846109803027794 off 0.4603856059342462 __DUMMY__ 0.04115329603547576	false	0.5
bezeichnet			neg 0.5153341474578566 off 0.4429546248374125 __DUMMY__ 0.041711227704730985	false	0.0
jammerlappen	off 1.0		neg 0.5089550258959623 off 0.4494424951417942 __DUMMY__ 0.04160247896224346	false	0.5
farce	neg 1.0		neg 0.5188113334193553 off 0.4396145070307392 __DUMMY__ 0.04157415954990555	false	1.0
zwecklos	neg 1.0		neg 0.5172711945245551 off 0.4410043417462353 __DUMMY__ 0.041724463729209446	false	1.0
turbulent	neg 1.0		neg 0.5092230177612781 off 0.44927133073966363 __DUMMY__ 0.04150565149905815	false	1.0
invasion	neg 1.0		neg 0.5100052516977045 off 0.44815585536043995 __DUMMY__ 0.041838892941855596	false	1.0
schuld	neg 1.0		neg 0.5132284013300102 off 0.4450385902188276 __DUMMY__ 0.04173300845116202	false	1.0
risiko	neg 1.0		neg 0.5122466619933 off 0.44584112830539263 __DUMMY__ 0.04191220970130735	false	1.0
finster	neg 1.0		neg 0.5111920233300941 off 0.44690950220279196 __DUMMY__ 0.04189847446711406	false	1.0
geisteskrank	off 1.0		neg 0.5087991616666253 off 0.4498069992294179 __DUMMY__ 0.04139383910395672	false	0.5
zusammenbrechen	neg 1.0		neg 0.5143386929439251 off 0.4437246455624097 __DUMMY__ 0.04193666149366524	false	1.0
ausbeute	neg 1.0		neg 0.5148251896404172 off 0.44288353805787 __DUMMY__ 0.042291272301712826	false	1.0
hinterhalt	neg 1.0		neg 0.5135514419284756 off 0.4443822340737428 __DUMMY__ 0.042066323997781666	false	1.0
kritik	neg 1.0		neg 0.5187305303881594 off 0.4396637741183974 __DUMMY__ 0.04160569549344307	false	1.0
einschrumpfen	neg 1.0		neg 0.5130420696042879 off 0.44549458011319365 __DUMMY__ 0.04146335028251844	false	1.0
riskant	neg 1.0		neg 0.5184890785608672 off 0.4396811558508152 __DUMMY__ 0.041829765588317656	false	1.0
frustrieren	neg 1.0		neg 0.5176552455523606 off 0.4404610350532797 __DUMMY__ 0.04188371939435953	false	1.0
groll	neg 1.0		neg 0.516649528034884 off 0.44152559596969315 __DUMMY__ 0.041824875995423054	false	1.0
gibt			neg 0.5154056556066624 off 0.44271464998233584 __DUMMY__ 0.0418796944110018	false	0.0
qualvoll	neg 1.0		neg 0.5088160926863651 off 0.4493616040817432 __DUMMY__ 0.041822303231891754	false	1.0
wackeln	neg 1.0	neg 1.0	neg 0.7414487321767708 off 0.23843756932706825 __DUMMY__ 0.020113698496161122	false	1.0
klagen	neg 1.0		neg 0.5212440399717723 off 0.4367529141544812 __DUMMY__ 0.04200304587374646	false	1.0
bankrott	neg 1.0		neg 0.5088194070477817 off 0.4494312839354715 __DUMMY__ 0.04174930901674678	false	1.0
trauern	neg 1.0		neg 0.5162313885715333 off 0.4417244248077429 __DUMMY__ 0.04204418662072382	false	1.0
ablehnung	neg 1.0		neg 0.518481503634637 off 0.43989429408435116 __DUMMY__ 0.041624202281012074	false	1.0
stur	neg 1.0		neg 0.5129278714651594 off 0.44539118371697434 __DUMMY__ 0.0416809448178663	false	1.0
aufruhr	neg 1.0		neg 0.5146742767880386 off 0.44347751786509904 __DUMMY__ 0.0418482053468624	false	1.0
melancholie	neg 1.0		neg 0.514451830275997 off 0.44349891208300485 __DUMMY__ 0.04204925764099821	false	1.0
ist			neg 0.5111801688061545 off 0.4470130107993362 __DUMMY__ 0.04180682039450926	false	0.0
torheit	neg 1.0		neg 0.5156643912911762 off 0.4428117904735105 __DUMMY__ 0.041523818235313224	false	1.0
dreckskind	off 1.0		neg 0.5029954158435013 off 0.4557008322315324 __DUMMY__ 0.04130375192496624	false	0.5
umtauschen	neg 1.0		neg 0.5124822758305204 off 0.44555593981014474 __DUMMY__ 0.04196178435933484	false	1.0
zum			neg 0.5177528397702319 off 0.43960561135723353 __DUMMY__ 0.0426415488725345	false	0.0
zersetzen	neg 1.0		neg 0.5212246651553144 off 0.43703083290212197 __DUMMY__ 0.041744501942563635	false	1.0
zur			neg 0.5218385174005572 off 0.43581819009758865 __DUMMY__ 0.04234329250185417	false	0.0
frust	neg 1.0		neg 0.5144582656226313 off 0.4435941779629816 __DUMMY__ 0.04194755641438705	false	1.0
unerbittlichkeit	neg 1.0		neg 0.5203877930404885 off 0.4378033783769316 __DUMMY__ 0.04180882858257984	false	1.0
zwei			neg 0.5165700937945245 off 0.44095337990390987 __DUMMY__ 0.04247652630156567	false	0.0
unkorrekt	neg 1.0		neg 0.5089747882001011 off 0.4498019209722936 __DUMMY__ 0.04122329082760541	false	1.0
hexe	off 1.0		neg 0.5075665749117197 off 0.45079999484161576 __DUMMY__ 0.04163343024666445	false	0.5
lasch	neg 1.0		neg 0.5118835111866691 off 0.44663288289952535 __DUMMY__ 0.04148360591380566	false	1.0
rivale	neg 1.0		neg 0.5052190685159476 off 0.4531761003204685 __DUMMY__ 0.0416048311635839	false	1.0
mutlos	off 1.0	off 1.0	off 0.7031426228375468 neg 0.2769662637848019 __DUMMY__ 0.019891113377651322	false	1.0
wirr	off 1.0		neg 0.5080656105350968 off 0.45066644869640904 __DUMMY__ 0.041267940768494216	false	0.5
jahr			neg 0.5149314951427288 off 0.4426695571890803 __DUMMY__ 0.042398947668190745	false	0.0
wird			neg 0.5160382336896595 off 0.4419722703361004 __DUMMY__ 0.04198949597423986	false	0.0
strafbar	neg 1.0		neg 0.5190966230966889 off 0.43914225533083556 __DUMMY__ 0.041761121572475565	false	1.0
erosion	neg 1.0		neg 0.5116984400447704 off 0.44637869457082996 __DUMMY__ 0.041922865384399675	false	1.0
eingehen	neg 1.0		neg 0.5183763096627111 off 0.43991331367762776 __DUMMY__ 0.041710376659661076	false	1.0
faul	off 1.0		neg 0.5075119985818437 off 0.4506610051895204 __DUMMY__ 0.0418269962286359	false	0.5
provisorium	neg 1.0		neg 0.5237044694862222 off 0.43387704768241925 __DUMMY__ 0.04241848283135859	false	1.0
schmerzen	neg 1.0		neg 0.5127948620318165 off 0.4453191617387291 __DUMMY__ 0.04188597622945446	false	1.0
schrumpfen	neg 1.0		neg 0.5246204501504481 off 0.43335745678040294 __DUMMY__ 0.04202209306914879	false	1.0
geistlos	off 1.0		neg 0.516098146785912 off 0.4426676142442776 __DUMMY__ 0.041234238969810454	false	0.5
fehlkauf	neg 1.0		neg 0.5126099721878425 off 0.44570906846464065 __DUMMY__ 0.041680959347516866	false	1.0
frustrierend	neg 1.0		neg 0.507839465752358 off 0.4503239038490161 __DUMMY__ 0.04183663039862582	false	1.0
unzufrieden	neg 1.0		neg 0.5170395213971152 off 0.4411963153305813 __DUMMY__ 0.04176416327230358	false	1.0
verzweifeln	neg 1.0		neg 0.5137434745018776 off 0.44439232050552663 __DUMMY__ 0.041864204992595674	false	1.0
verzweifelt	neg 1.0		neg 0.5123873075850462 off 0.4458914516063844 __DUMMY__ 0.041721240808569454	false	1.0
misstrauensantrag	neg 1.0		neg 0.5118873050336923 off 0.446448368493524 __DUMMY__ 0.04166432647278362	false	1.0
abfallen	neg 1.0		neg 0.5096495233938096 off 0.4483355733364485 __DUMMY__ 0.042014903269741846	false	1.0
fucker	off 1.0		neg 0.5072460583024446 off 0.45126223617831585 __DUMMY__ 0.04149170551923942	false	0.5
ungezogen	neg 1.0		neg 0.49832462476216033 off 0.46031766496417637 __DUMMY__ 0.04135771027366323	false	1.0
irrsinnig	neg 1.0	neg 1.0	neg 0.7431451003811007 off 0.23694467545529643 __DUMMY__ 0.01991022416360287	false	1.0
unfassbar	neg 1.0		neg 0.5079925299931094 off 0.4504132996129494 __DUMMY__ 0.04159417039394124	false	1.0
hart	neg 1.0		neg 0.5097044973805127 off 0.44858751070579245 __DUMMY__ 0.041707991913694765	false	1.0
widerlich	off 1.0		neg 0.5087468011888167 off 0.4498495905168473 __DUMMY__ 0.04140360829433599	false	0.5
fatal	neg 1.0		neg 0.5119117673104788 off 0.4463761339821987 __DUMMY__ 0.04171209870732246	false	1.0
bruch	neg 1.0		neg 0.521617090669027 off 0.4364433779316582 __DUMMY__ 0.04193953139931498	false	1.0
aushungern	neg 1.0		neg 0.5179089799346756 off 0.44052310347374823 __DUMMY__ 0.041567916591576146	false	1.0
anspannung	neg 1.0	neg 1.0	neg 0.745918794691072 off 0.2337063025426468 __DUMMY__ 0.02037490276628114	false	1.0
von			neg 0.5161017560567585 off 0.4415224122405657 __DUMMY__ 0.04237583170267593	false	0.0
kraftlos	neg 1.0		neg 0.5135036246449678 off 0.4444002154878993 __DUMMY__ 0.04209615986713294	false	1.0
vom			neg 0.5204091880713791 off 0.4369414221478361 __DUMMY__ 0.04264938978078476	false	0.0
grenzdebil	off 1.0		neg 0.5065303108280897 off 0.4518665092686062 __DUMMY__ 0.041603179903303915	false	0.5
vor			neg 0.5182429679723436 off 0.43963952994428496 __DUMMY__ 0.04211750208337155	false	0.0
unterwerfen	neg 1.0		neg 0.518471543975512 off 0.43968680469759563 __DUMMY__ 0.041841651326892444	false	1.0
versenkung	neg 1.0		neg 0.5182277384139714 off 0.4398703293768205 __DUMMY__ 0.04190193220920789	false	1.0
entziehen	neg 1.0		neg 0.5207623362940905 off 0.43726863934462873 __DUMMY__ 0.041969024361280895	false	1.0
finanzkrise	neg 1.0		neg 0.5176366798123078 off 0.44080123340766203 __DUMMY__ 0.04156208678003012	false	1.0
schimpfend	neg 1.0		neg 0.5096188263471582 off 0.448337532520096 __DUMMY__ 0.04204364113274584	false	1.0
profan	neg 1.0		neg 0.5103145647825457 off 0.44794861778216866 __DUMMY__ 0.04173681743528566	false	1.0
korruption	neg 1.0	neg 1.0	neg 0.7465257960818792 off 0.2336023177069336 __DUMMY__ 0.01987188621118707	false	1.0
â			neg 0.5163317630710603 off 0.44168097888326163 __DUMMY__ 0.04198725804567806	false	0.0
schmutzig	neg 1.0		neg 0.506622862291946 off 0.4517078021819589 __DUMMY__ 0.04166933552609528	false	1.0
sexy	neg 1.0		neg 0.5098233340267764 off 0.4484624763882841 __DUMMY__ 0.04171418958493952	false	1.0
abraten	neg 1.0		neg 0.5110835838169214 off 0.4471241545326265 __DUMMY__ 0.04179226165045194	false	1.0
schwarz	neg 1.0		neg 0.5128503739098039 off 0.4454527488570714 __DUMMY__ 0.04169687723312454	false	1.0
fotze	off 1.0		neg 0.517966608912943 off 0.44015487254388314 __DUMMY__ 0.041878518543173975	false	0.5
verwirren	neg 1.0		neg 0.5099917392493893 off 0.4482646840507572 __DUMMY__ 0.04174357669985345	false	1.0
zahnlos	off 1.0		neg 0.5172400441270338 off 0.44101827953616635 __DUMMY__ 0.041741676336799906	false	0.5
verheeren	neg 1.0		neg 0.4971110104938553 off 0.461516216049317 __DUMMY__ 0.041372773456827786	false	1.0
hippie	neg 1.0		neg 0.5108185648293878 off 0.4474964303055649 __DUMMY__ 0.041685004865047254	false	1.0
rammen	neg 1.0		neg 0.5126453536794723 off 0.44557705895874833 __DUMMY__ 0.04177758736177943	false	1.0
unlauter	neg 1.0		neg 0.5169615303988782 off 0.4416245054946677 __DUMMY__ 0.041413964106453996	false	1.0
unheilvoll	neg 1.0		neg 0.5087619654570978 off 0.4492763847466622 __DUMMY__ 0.04196164979623984	false	1.0
niedrig	neg 1.0		neg 0.5179017659275545 off 0.4401048711129687 __DUMMY__ 0.04199336295947687	false	1.0
explosion	neg 1.0		neg 0.5116881571160962 off 0.4466460754249197 __DUMMY__ 0.041665767458984176	false	1.0
weichei	off 1.0		neg 0.5022660921244428 off 0.45637477116632824 __DUMMY__ 0.04135913670922907	false	0.5
minusmensch	off 1.0		neg 0.5019406140452408 off 0.4571237404565897 __DUMMY__ 0.040935645498169325	false	0.5
farblos	neg 1.0		neg 0.5109303900304855 off 0.44686465524705066 __DUMMY__ 0.04220495472246399	false	1.0
unwissend	neg 1.0	neg 1.0	neg 0.7408705705700114 off 0.2393020976767842 __DUMMY__ 0.019827331753204447	false	1.0
traurig	neg 1.0		neg 0.5040107868642362 off 0.45439574056729853 __DUMMY__ 0.04159347256846537	false	1.0
senkung	neg 1.0		neg 0.5126930248709071 off 0.44578375046907437 __DUMMY__ 0.041523224660018614	false	1.0
ungleich	neg 1.0	neg 1.0	neg 0.7470937881618717 off 0.23300184859863932 __DUMMY__ 0.019904363239489076	false	1.0
heikel	neg 1.0		neg 0.5199957007550965 off 0.4381700328054199 __DUMMY__ 0.04183426643948355	false	1.0
drosselung	neg 1.0		neg 0.5066002142603832 off 0.45173927767441824 __DUMMY__ 0.041660508065198394	false	1.0
falsch	neg 1.0		neg 0.5088515246319407 off 0.44944490620548666 __DUMMY__ 0.041703569162572625	false	1.0
unzufriedenheit	neg 1.0		neg 0.5207467222334675 off 0.43740659078759425 __DUMMY__ 0.04184668697893828	false	1.0
kurz	neg 1.0		neg 0.5125081145882 off 0.44536941346422504 __DUMMY__ 0.042122471947575096	false	1.0
unsinnig	neg 1.0		neg 0.5175130286728844 off 0.4408411176599154 __DUMMY__ 0.041645853667200056	false	1.0
penner	off 1.0	off 1.0	off 0.7141521262886943 neg 0.26613934074427154 __DUMMY__ 0.019708532967034197	false	1.0
seicht	neg 1.0		neg 0.5013986708202619 off 0.4575171617146301 __DUMMY__ 0.041084167465108054	false	1.0
dummheit	off 1.0	off 1.0	off 0.7073801712385532 neg 0.2727930854862501 __DUMMY__ 0.019826743275196648	false	1.0
unerfreulich	neg 1.0		neg 0.5194317597940927 off 0.4385584904252421 __DUMMY__ 0.0420097497806651	false	1.0
motherfucker	off 1.0	off 1.0	off 0.7099223175759756 neg 0.2703103724868701 __DUMMY__ 0.019767309937154396	false	1.0
pikiert	neg 1.0		neg 0.5102308278885422 off 0.4483659584165891 __DUMMY__ 0.04140321369486877	false	1.0
wrack	neg 1.0		neg 0.5147978619897031 off 0.4429865357494432 __DUMMY__ 0.042215602260853836	false	1.0
gangster	neg 1.0		neg 0.5106416590834849 off 0.4476096657762994 __DUMMY__ 0.04174867514021569	false	1.0
krank	neg 1.0		neg 0.5049958264893188 off 0.4532854019843157 __DUMMY__ 0.041718771526365495	false	1.0
reich	neg 1.0		neg 0.5107842344126408 off 0.44771200777442605 __DUMMY__ 0.04150375781293323	false	1.0
gnadenlos	neg 1.0		neg 0.5126980411611052 off 0.4455185417356237 __DUMMY__ 0.041783417103271055	false	1.0
niedergeschlagen	neg 1.0		neg 0.5134631707598366 off 0.4445381001460933 __DUMMY__ 0.04199872909407012	false	1.0
terrorisieren	off 1.0	off 1.0	off 0.7044251865093741 neg 0.27557335059710636 __DUMMY__ 0.020001462893519506	false	1.0
sinnlosigkeit	neg 1.0		neg 0.5167559611677983 off 0.4414727965878561 __DUMMY__ 0.04177124224434562	false	1.0
behindern	neg 1.0		neg 0.5152218786854392 off 0.44302044561765686 __DUMMY__ 0.041757675696904	false	1.0
undemokratisch	neg 1.0		neg 0.5157235922909901 off 0.4427636156792401 __DUMMY__ 0.04151279202976966	false	1.0
wirtschaftskrise	neg 1.0		neg 0.5191428613029334 off 0.43913879888905405 __DUMMY__ 0.041718339808012546	false	1.0
neid	neg 1.0		neg 0.5062805000647439 off 0.4518423903983987 __DUMMY__ 0.041877109536857436	false	1.0
rutschen	neg 1.0	neg 1.0	neg 0.7445913925286521 off 0.23504017883653253 __DUMMY__ 0.020368428634815333	false	1.0
rezession	neg 1.0		neg 0.5063624591872088 off 0.4523700613869239 __DUMMY__ 0.04126747942586735	false	1.0
fehlgeburt	neg 1.0		neg 0.5095304080102172 off 0.4485434670754839 __DUMMY__ 0.04192612491429892	false	1.0
charakterschwach	off 1.0		neg 0.5079063239389532 off 0.45056011077231645 __DUMMY__ 0.0415335652887304	false	0.5
isolation	neg 1.0		neg 0.5079258197573395 off 0.4502450562076699 __DUMMY__ 0.04182912403499056	false	1.0
ablenkung	neg 1.0		neg 0.5125783956552704 off 0.44555649737463326 __DUMMY__ 0.041865106970096405	false	1.0
pech	neg 1.0		neg 0.5080221652940496 off 0.4501643990144963 __DUMMY__ 0.04181343569145399	false	1.0
vermeidung	neg 1.0		neg 0.5080076668448612 off 0.45050587965383143 __DUMMY__ 0.041486453501307405	false	1.0
dominieren	neg 1.0		neg 0.5150786783510379 off 0.4428017426502836 __DUMMY__ 0.04211957899867855	false	1.0
schwindlig	neg 1.0		neg 0.507520319734441 off 0.45043039251402445 __DUMMY__ 0.04204928775153464	false	1.0
lutscher	neg 1.0		neg 0.49967666487608786 off 0.4591685050178192 __DUMMY__ 0.04115483010609286	false	1.0
pflicht	neg 1.0		neg 0.519921152576543 off 0.4382114472396953 __DUMMY__ 0.041867400183761665	false	1.0
faschist	off 1.0		neg 0.5138514029943791 off 0.4447395943747179 __DUMMY__ 0.041409002630903045	false	0.5
verschleudern	neg 1.0		neg 0.5222114164194614 off 0.4362712888028982 __DUMMY__ 0.041517294777640386	false	1.0
wenn			neg 0.508653924272492 off 0.44965153969393634 __DUMMY__ 0.041694536033571705	false	0.0
ehebruch	neg 1.0		neg 0.518841600558619 off 0.4394228641409169 __DUMMY__ 0.04173553530046406	false	1.0
spott	off 1.0		neg 0.519853448363651 off 0.4384392158630617 __DUMMY__ 0.04170733577328735	false	0.5
trostlosigkeit	neg 1.0		neg 0.5205178308759336 off 0.43752395138047423 __DUMMY__ 0.04195821774359222	false	1.0
lutschen	neg 1.0		neg 0.5120937753539003 off 0.4462884747965156 __DUMMY__ 0.04161774984958397	false	1.0
undiszipliniert	neg 1.0		neg 0.5050470214986353 off 0.4533475770332337 __DUMMY__ 0.041605401468131034	false	1.0
kopfschmerz	neg 1.0		neg 0.513106952071364 off 0.4448586158329767 __DUMMY__ 0.04203443209565938	false	1.0
unvorhergesehen	neg 1.0		neg 0.5132927820864643 off 0.44438753940658965 __DUMMY__ 0.04231967850694594	false	1.0
desinteressiert	neg 1.0		neg 0.5065113917414003 off 0.4520032204144253 __DUMMY__ 0.04148538784417448	false	1.0
armselig	off 1.0		neg 0.5074795637597536 off 0.45125033924865554 __DUMMY__ 0.041270096991590934	false	0.5
desaster	neg 1.0		neg 0.5225384490665972 off 0.4355376105591143 __DUMMY__ 0.04192394037428869	false	1.0
tod	neg 1.0		neg 0.5152007599208025 off 0.44271944312582406 __DUMMY__ 0.04207979695337341	false	1.0
herzlos	neg 1.0		neg 0.5051533955446951 off 0.45342249359496295 __DUMMY__ 0.04142411086034196	false	1.0
unwissenheit	neg 1.0		neg 0.5190166447720358 off 0.43939562656157494 __DUMMY__ 0.04158772866638929	false	1.0
widersinnig	neg 1.0	neg 1.0	neg 0.7464772936792594 off 0.23371897199668545 __DUMMY__ 0.019803734324055258	false	1.0
bedenklich	neg 1.0		neg 0.5188077808914965 off 0.4394288614995323 __DUMMY__ 0.04176335760897111	false	1.0
beanstanden	neg 1.0		neg 0.5197026709214202 off 0.43833112803313384 __DUMMY__ 0.04196620104544599	false	1.0
panisch	neg 1.0	neg 1.0	neg 0.7395775827940054 off 0.24027892598541484 __DUMMY__ 0.020143491220579714	false	1.0
debil	off 1.0		neg 0.523970682987004 off 0.4338417956192134 __DUMMY__ 0.04218752139378274	false	0.5
abstrich	neg 1.0		neg 0.5170924640401676 off 0.44106903928739677 __DUMMY__ 0.04183849667243552	false	1.0
primitiv	neg 1.0		neg 0.5080832433702664 off 0.4505031132000277 __DUMMY__ 0.041413643429705785	false	1.0
abschaum	off 1.0	off 1.0	off 0.7086551495818191 neg 0.2715469729279007 __DUMMY__ 0.019797877490280186	false	1.0
provozieren	neg 1.0		neg 0.5140033267811396 off 0.4443173685529306 __DUMMY__ 0.041679304665929784	false	1.0
tot	neg 1.0		neg 0.5171637481518306 off 0.4408886404210515 __DUMMY__ 0.04194761142711784	false	1.0
instabil	neg 1.0		neg 0.5090402260334675 off 0.44962486814916947 __DUMMY__ 0.04133490581736308	false	1.0
schwuchtel	off 1.0		neg 0.49556663190498307 off 0.46346529935316866 __DUMMY__ 0.04096806874184818	false	0.5
zerren	neg 1.0		neg 0.5131449470219834 off 0.4448334966008107 __DUMMY__ 0.042021556377205976	false	1.0
kinderficker	off 1.0		neg 0.5054448466512468 off 0.453406159350899 __DUMMY__ 0.04114899399785411	false	0.5
gefahr	neg 1.0		neg 0.5191656835970864 off 0.438851912561734 __DUMMY__ 0.041982403841179655	false	1.0
rabiat	neg 1.0		neg 0.5148353974849719 off 0.44348098949360654 __DUMMY__ 0.041683613021421415	false	1.0
verlangsamung	neg 1.0		neg 0.5025764807565923 off 0.45622419322640556 __DUMMY__ 0.041199326017002116	false	1.0
ausgestorben	neg 1.0		neg 0.5131924762468241 off 0.44488089384644924 __DUMMY__ 0.04192662990672675	false	1.0
anklagen	neg 1.0		neg 0.5167708437254216 off 0.44148807704821663 __DUMMY__ 0.04174107922636171	false	1.0
trott	neg 1.0		neg 0.513329919185097 off 0.44475274718062485 __DUMMY__ 0.04191733363427814	false	1.0
verminderung	neg 1.0		neg 0.5071476604516083 off 0.45138623992296517 __DUMMY__ 0.041466099625426536	false	1.0
nach			neg 0.5172218504393342 off 0.44013524357810113 __DUMMY__ 0.04264290598256468	false	0.0
rost	neg 1.0		neg 0.5038489492179997 off 0.4549120408964238 __DUMMY__ 0.04123900988557645	false	1.0
destruktiv	neg 1.0		neg 0.5170293444081355 off 0.4414351009837831 __DUMMY__ 0.04153555460808135	false	1.0
unzumutbarkeit	neg 1.0		neg 0.5069338157237787 off 0.4512503545451837 __DUMMY__ 0.04181582973103748	false	1.0
labil	off 1.0	off 1.0	off 0.7089264470446905 neg 0.27123935712971625 __DUMMY__ 0.0198341958255932	false	1.0
ziemlich	neg 1.0		neg 0.505922946350707 off 0.45233887882995394 __DUMMY__ 0.04173817481933905	false	1.0
lachnummer	off 1.0		neg 0.514969526087442 off 0.4433201378621034 __DUMMY__ 0.041710336050454655	false	0.5
oder			neg 0.511079099428117 off 0.44691559309172724 __DUMMY__ 0.042005307480155796	false	0.0
verfall	neg 1.0		neg 0.5246741639265196 off 0.43330937353499166 __DUMMY__ 0.04201646253848868	false	1.0
ausgrenzung	neg 1.0		neg 0.5153226087785973 off 0.44321924767308857 __DUMMY__ 0.04145814354831417	false	1.0
unordnung	neg 1.0		neg 0.505896634493317 off 0.4522943647678225 __DUMMY__ 0.041809000738860576	false	1.0
fehlverhalten	neg 1.0		neg 0.5200541866847088 off 0.438129903535892 __DUMMY__ 0.04181590977939926	false	1.0
eine			neg 0.5188337012953981 off 0.4391570934706755 __DUMMY__ 0.04200920523392652	false	0.0
nille	neg 1.0		neg 0.5147316700052356 off 0.4434061368084173 __DUMMY__ 0.041862193186347194	false	1.0
qual	neg 1.0		neg 0.514016855022935 off 0.4441050671425125 __DUMMY__ 0.04187807783455251	false	1.0
verschwenden	neg 1.0		neg 0.5176434786838712 off 0.4405481943815846 __DUMMY__ 0.04180832693454412	false	1.0
riesig	neg 1.0	neg 1.0	neg 0.7441979768508757 off 0.23567285613022082 __DUMMY__ 0.02012916701890336	false	1.0
verurteilen	neg 1.0		neg 0.5180829794093753 off 0.44023517136930224 __DUMMY__ 0.04168184922132253	false	1.0
klischee	neg 1.0	neg 1.0	neg 0.742349291427727 off 0.2378473863237513 __DUMMY__ 0.0198033222485217	false	1.0
diktatorisch	neg 1.0		neg 0.516611148065485 off 0.44203030249084563 __DUMMY__ 0.04135854944366922	false	1.0
vorhersehbar	neg 1.0	neg 1.0	neg 0.7423370398282667 off 0.23780855172187074 __DUMMY__ 0.01985440844986257	false	1.0
sowie			neg 0.5036520268407941 off 0.45502545450247645 __DUMMY__ 0.04132251865672924	false	0.0
stornieren	neg 1.0		neg 0.5081782162311155 off 0.44958773351689296 __DUMMY__ 0.042234050251991506	false	1.0
besteuerung	neg 1.0		neg 0.5155610599787913 off 0.4429108836510849 __DUMMY__ 0.04152805637012376	false	1.0
ungeschminkt	neg 1.0		neg 0.5075812428619195 off 0.4508814224003772 __DUMMY__ 0.0415373347377032	false	1.0
kritisch	neg 1.0		neg 0.5187754081572236 off 0.43942909668500635 __DUMMY__ 0.04179549515777009	false	1.0
schlamperei	off 1.0		neg 0.5201820216180105 off 0.43802119209221174 __DUMMY__ 0.04179678628977765	false	0.5
sucht	neg 1.0	neg 1.0	neg 0.7425779700300397 off 0.2373662970596268 __DUMMY__ 0.02005573291033352	false	1.0
egoistisch	off 1.0		neg 0.5022006466349187 off 0.4564109123723385 __DUMMY__ 0.04138844099274282	false	0.5
ausbeuter	off 1.0		neg 0.5214620647120826 off 0.43684198053812245 __DUMMY__ 0.04169595474979493	false	0.5
arschgeburt	off 1.0		neg 0.4962211555794503 off 0.4628861304026629 __DUMMY__ 0.04089271401788672	false	0.5
schubs	neg 1.0	neg 1.0	neg 0.7430820805386208 off 0.23676743685457866 __DUMMY__ 0.02015048260680061	false	1.0
unsolide	neg 1.0		neg 0.5178622871557175 off 0.44097969318401287 __DUMMY__ 0.04115801966026967	false	1.0
beschwerde	neg 1.0		neg 0.5197990175775168 off 0.4383969830293731 __DUMMY__ 0.0418039993931103	false	1.0
stocken	neg 1.0		neg 0.518297040218852 off 0.4398284227496725 __DUMMY__ 0.04187453703147542	false	1.0
isolieren	neg 1.0		neg 0.5181595872870595 off 0.44010251735514616 __DUMMY__ 0.0417378953577945	false	1.0
unheilbar	neg 1.0		neg 0.512891153817331 off 0.44528647744311906 __DUMMY__ 0.04182236873955005	false	1.0
pisser	off 1.0		neg 0.5059538855420741 off 0.4524689439344552 __DUMMY__ 0.04157717052347086	false	0.5
löschen	neg 1.0		neg 0.5138149474872457 off 0.44437216817373165 __DUMMY__ 0.04181288433902267	false	1.0
durchfallen	neg 1.0		neg 0.5178627456149959 off 0.4404355088380595 __DUMMY__ 0.04170174554694472	false	1.0
wichser	off 1.0		neg 0.4973763563468916 off 0.461400371749799 __DUMMY__ 0.04122327190330942	false	0.5
terror	neg 1.0		neg 0.508867113786855 off 0.44923126627599586 __DUMMY__ 0.04190161993714915	false	1.0
krass	neg 1.0		neg 0.5037297172030301 off 0.4547863028532269 __DUMMY__ 0.04148397994374298	false	1.0
revolte	neg 1.0		neg 0.5140176819807541 off 0.4444825617750644 __DUMMY__ 0.04149975624418139	false	1.0
besorgt	neg 1.0		neg 0.5135571148427408 off 0.444350621834714 __DUMMY__ 0.042092263322545294	false	1.0
nachlassen	neg 1.0		neg 0.5186648012292686 off 0.43945718050664123 __DUMMY__ 0.041878018264090225	false	1.0
alt	neg 1.0		neg 0.5165351348611184 off 0.4415350516711472 __DUMMY__ 0.04192981346773446	false	1.0
hundesohn	off 1.0		neg 0.5008092600978173 off 0.458074020972357 __DUMMY__ 0.04111671892982569	false	0.5
als			neg 0.5136856497211721 off 0.4442674249869056 __DUMMY__ 0.0420469252919223	false	0.0
abschreckung	neg 1.0		neg 0.5211299454396281 off 0.4369652555243106 __DUMMY__ 0.04190479903606129	false	1.0
unqualifiziert	neg 1.0		neg 0.5133932824140415 off 0.4452237769579041 __DUMMY__ 0.04138294062805437	false	1.0
abgewichst	off 1.0		neg 0.515176512020233 off 0.44292531937817686 __DUMMY__ 0.04189816860159008	false	0.5
schwer	neg 1.0		neg 0.5131477044369487 off 0.44498652422447527 __DUMMY__ 0.04186577133857616	false	1.0
bedeutungslosigkeit	neg 1.0		neg 0.5202234179325881 off 0.4379081684488598 __DUMMY__ 0.0418684136185521	false	1.0
kapitulation	neg 1.0		neg 0.5211724435465177 off 0.4372356354170678 __DUMMY__ 0.04159192103641434	false	1.0
unscharf	neg 1.0		neg 0.5103511706239524 off 0.4478728715840417 __DUMMY__ 0.04177595779200603	false	1.0
schwinden	neg 1.0		neg 0.520434536775594 off 0.43770478201034274 __DUMMY__ 0.04186068121406322	false	1.0
versklavung	neg 1.0		neg 0.5173248240231567 off 0.44133724878785985 __DUMMY__ 0.04133792718898346	false	1.0
schlecht	neg 1.0		neg 0.5057506852892113 off 0.452503103074675 __DUMMY__ 0.04174621163611375	false	1.0
verhasst	neg 1.0		neg 0.5135945903138727 off 0.4447365400606396 __DUMMY__ 0.04166886962548777	false	1.0
beschweren	neg 1.0		neg 0.5114483306131417 off 0.44678967332351666 __DUMMY__ 0.0417619960633417	false	1.0
scheiden	neg 1.0		neg 0.5084028245005684 off 0.44933612806777995 __DUMMY__ 0.04226104743165176	false	1.0
frustriert	neg 1.0		neg 0.5143380701057143 off 0.4437697841394864 __DUMMY__ 0.04189214575479917	false	1.0
schimmelig	neg 1.0		neg 0.5161622631572289 off 0.4417909469257371 __DUMMY__ 0.04204678991703393	false	1.0
fisch	neg 1.0		neg 0.5143083382401833 off 0.44329530295103875 __DUMMY__ 0.04239635880877795	false	1.0
schmuggel	neg 1.0		neg 0.5172421861206792 off 0.4405961905685339 __DUMMY__ 0.0421616233107869	false	1.0
auffallen	neg 1.0		neg 0.5100027421759642 off 0.44818987642044994 __DUMMY__ 0.04180738140358579	false	1.0
konkurrenz	neg 1.0	neg 1.0	neg 0.7464440627807979 off 0.23342602375288946 __DUMMY__ 0.02012991346631264	false	1.0
teufelskreis	neg 1.0	neg 1.0	neg 0.7444997969582196 off 0.23558732837135912 __DUMMY__ 0.019912874670421375	false	1.0
aufschreien	neg 1.0		neg 0.5120809956929454 off 0.4462937245354682 __DUMMY__ 0.04162527977158642	false	1.0
schuldner	neg 1.0		neg 0.5195618161760774 off 0.4385249137244808 __DUMMY__ 0.04191327009944175	false	1.0
missgeburt	off 1.0	off 1.0	off 0.7125113443009458 neg 0.26775657629206245 __DUMMY__ 0.019732079406991808	false	1.0
arbeitslos	neg 1.0		neg 0.5173096148115341 off 0.440965243748732 __DUMMY__ 0.04172514143973376	false	1.0
befallen	neg 1.0		neg 0.5185839351337623 off 0.43985476255034683 __DUMMY__ 0.041561302315890745	false	1.0
miesepetrig	off 1.0	off 1.0	off 0.710776062418735 neg 0.2692964101144331 __DUMMY__ 0.019927527466831952	false	1.0
alarmieren	neg 1.0		neg 0.5109239414094374 off 0.44759670551690645 __DUMMY__ 0.041479353073656126	false	1.0
ungeduscht	off 1.0		neg 0.5078685622641802 off 0.45028610888737464 __DUMMY__ 0.04184532884844523	false	0.5
knappheit	neg 1.0		neg 0.5203659210543613 off 0.4379855090912645 __DUMMY__ 0.04164856985437419	false	1.0
schlange	neg 1.0		neg 0.5083238384685912 off 0.44960342364728767 __DUMMY__ 0.042072737884121136	false	1.0
harsch	neg 1.0		neg 0.5008934962513318 off 0.45740691703005326 __DUMMY__ 0.04169958671861503	false	1.0
lang	neg 1.0		neg 0.5130034880553619 off 0.4451634707314235 __DUMMY__ 0.04183304121321457	false	1.0
ziellos	neg 1.0		neg 0.5144519984301238 off 0.44348914967477443 __DUMMY__ 0.042058851895101834	false	1.0
selbstverliebt	neg 1.0		neg 0.4988433557956288 off 0.4601921479964514 __DUMMY__ 0.04096449620791981	false	1.0
beseitigen	neg 1.0	neg 1.0	neg 0.742823364459229 off 0.2370741817955096 __DUMMY__ 0.020102453745261272	false	1.0
dumm	off 1.0		neg 0.5017190460091816 off 0.4569807587639648 __DUMMY__ 0.04130019522685362	false	0.5
arbeitsloser	neg 1.0		neg 0.5164303022289508 off 0.44163812093785193 __DUMMY__ 0.04193157683319707	false	1.0
blitzen	neg 1.0		neg 0.5103884235747189 off 0.4479073344054937 __DUMMY__ 0.041704242019787334	false	1.0
hilflos	neg 1.0		neg 0.5151855554036362 off 0.4429425654009205 __DUMMY__ 0.04187187919544331	false	1.0
eklig	off 1.0		neg 0.5006938111058165 off 0.4579959131869954 __DUMMY__ 0.04131027570718819	false	0.5
begriff			neg 0.5164842989360081 off 0.4418216110326267 __DUMMY__ 0.04169409003136518	false	0.0
hungersnot	neg 1.0		neg 0.5160413102158355 off 0.4421327733176539 __DUMMY__ 0.041825916466510696	false	1.0
ungesetzlich	neg 1.0		neg 0.5173181152734848 off 0.4414832410592315 __DUMMY__ 0.04119864366728361	false	1.0
verschwendung	neg 1.0		neg 0.5187513632958748 off 0.43937614654391394 __DUMMY__ 0.0418724901602114	false	1.0
schmerzvoll	neg 1.0		neg 0.5111273090015365 off 0.4470743890614429 __DUMMY__ 0.04179830193702055	false	1.0
vorzeitig	neg 1.0		neg 0.5087384381244029 off 0.449397994479381 __DUMMY__ 0.04186356739621605	false	1.0
unvollkommenheit	neg 1.0		neg 0.5136555437799961 off 0.44421210604665473 __DUMMY__ 0.04213235017334924	false	1.0
intervenieren	neg 1.0		neg 0.5209870875812234 off 0.4373116148853653 __DUMMY__ 0.041701297533411306	false	1.0
banause	off 1.0		neg 0.49957320023390717 off 0.45928205287112495 __DUMMY__ 0.04114474689496791	false	0.5
rebell	neg 1.0		neg 0.5212640640733317 off 0.43667634515881587 __DUMMY__ 0.04205959076785246	false	1.0
unlogisch	neg 1.0		neg 0.5047063638177242 off 0.45378904294161215 __DUMMY__ 0.04150459324066385	false	1.0
leiden	neg 1.0		neg 0.513971338391773 off 0.4436359508956034 __DUMMY__ 0.0423927107126234	false	1.0
abschaffung	neg 1.0		neg 0.5153143147524974 off 0.44310175428816534 __DUMMY__ 0.041583930959337295	false	1.0
sturz	neg 1.0		neg 0.5124201511725198 off 0.44564240498273644 __DUMMY__ 0.041937443844743676	false	1.0
verkleinerung	neg 1.0		neg 0.5134053624541737 off 0.4451688096083658 __DUMMY__ 0.04142582793746058	false	1.0
schmarotzer	off 1.0		neg 0.5183986319814613 off 0.43996244801719553 __DUMMY__ 0.04163892000134322	false	0.5
bestrafung	neg 1.0		neg 0.5130833323400477 off 0.44523725703428857 __DUMMY__ 0.04167941062566389	false	1.0
achtlos	neg 1.0		neg 0.5122388753851075 off 0.4457988222618186 __DUMMY__ 0.04196230235307401	false	1.0
ungeheuer	neg 1.0		neg 0.5086233123378391 off 0.44951089963532037 __DUMMY__ 0.0418657880268406	false	1.0
unaufrichtig	neg 1.0		neg 0.5145610264920438 off 0.44401061572550876 __DUMMY__ 0.04142835778244741	false	1.0
groggy	neg 1.0		neg 0.5117485432709433 off 0.4466113070511381 __DUMMY__ 0.04164014967791857	false	1.0
