unsolidarisch	neg 1.0		neg 0.36654628230762615 __DUMMY__ 0.32556077642455944 off 0.3078929412678144	false	1.0
nachteilig	neg 1.0		neg 0.36445496813988265 __DUMMY__ 0.3296731947167404 off 0.30587183714337696	false	1.0
skeptisch	neg 1.0		neg 0.36418921756560985 __DUMMY__ 0.3303650524877683 off 0.30544572994662184	false	1.0
schrecklich	neg 1.0		neg 0.35014760784319904 __DUMMY__ 0.32750805903520636 off 0.3223443331215946	false	1.0
schlapp	neg 1.0		neg 0.3528067678702494 __DUMMY__ 0.32934345008243976 off 0.3178497820473109	false	1.0
abfall	neg 1.0		neg 0.36696637799694704 __DUMMY__ 0.3307823639395077 off 0.30225125806354525	false	1.0
widerspenstig	neg 1.0		neg 0.359224584321094 __DUMMY__ 0.32949330616418 off 0.31128210951472596	false	1.0
abrupt	neg 1.0		neg 0.3603250395712312 __DUMMY__ 0.3321992752016351 off 0.3074756852271338	false	1.0
unwirksam	neg 1.0		neg 0.36316300006120245 __DUMMY__ 0.32739708200901424 off 0.3094399179297831	false	1.0
angreifen	neg 1.0	neg 1.0	neg 0.6716808332812496 off 0.16880127111862564 __DUMMY__ 0.1595178956001248	false	1.0
inkonsistent	neg 1.0		neg 0.3578792942102088 __DUMMY__ 0.32965515745835816 off 0.312465548331433	false	1.0
abrutschen	neg 1.0		neg 0.36605668321965884 __DUMMY__ 0.33102561320784774 off 0.3029177035724933	false	1.0
unsicher	neg 1.0		neg 0.35800147473704713 __DUMMY__ 0.3301463916118853 off 0.3118521336510676	false	1.0
bauernkind	off 1.0	off 1.0	off 0.6472040737412534 neg 0.19570644597970543 __DUMMY__ 0.15708948027904107	false	1.0
angreifer	neg 1.0		neg 0.35601972296412054 __DUMMY__ 0.3304151119372897 off 0.3135651650985897	false	1.0
trennen	neg 1.0		neg 0.3581623792609328 __DUMMY__ 0.3331795916743021 off 0.30865802906476497	false	1.0
schmutz	neg 1.0		neg 0.3520207173080448 __DUMMY__ 0.33243783488759215 off 0.31554144780436294	false	1.0
inkonsistenz	neg 1.0		neg 0.3585876739782003 __DUMMY__ 0.3267858137508076 off 0.31462651227099214	false	1.0
erschreckend	neg 1.0		neg 0.36143647259831563 __DUMMY__ 0.3290509185948588 off 0.3095126088068257	false	1.0
ertrinken	neg 1.0		neg 0.36089264622235034 __DUMMY__ 0.3311560741963673 off 0.3079512795812823	false	1.0
pickelface	off 1.0		neg 0.36158822298722354 __DUMMY__ 0.3296609962571748 off 0.3087507807556017	false	0.5
seiner			neg 0.3621627990602473 __DUMMY__ 0.3312051132775031 off 0.30663208766224964	false	0.0
lauch	neg 1.0		neg 0.36751530673461474 __DUMMY__ 0.33015451865943524 off 0.30233017460594996	false	1.0
unwichtig	neg 1.0		neg 0.35588540239456384 __DUMMY__ 0.3278281828431828 off 0.3162864147622533	false	1.0
steuerhinterziehung	neg 1.0		neg 0.36410761985684426 __DUMMY__ 0.32810995548349664 off 0.307782424659659	false	1.0
schock	neg 1.0		neg 0.3563332239125008 __DUMMY__ 0.3317872023478355 off 0.31187957373966374	false	1.0
beule	neg 1.0		neg 0.3519963753117289 __DUMMY__ 0.32957708143206843 off 0.3184265432562026	false	1.0
vergelten	neg 1.0		neg 0.3488339692368316 __DUMMY__ 0.32939708011221214 off 0.32176895065095623	false	1.0
verdorbenheit	neg 1.0		neg 0.3574041468450399 __DUMMY__ 0.3309069910349954 off 0.3116888621199646	false	1.0
trauma	neg 1.0		neg 0.3584217980131116 __DUMMY__ 0.3292506055040586 off 0.31232759648282976	false	1.0
sinnlos	neg 1.0		neg 0.3557822086742951 __DUMMY__ 0.3297138507045374 off 0.3145039406211675	false	1.0
fettsack	off 1.0	off 1.0	off 0.6489034771096475 neg 0.19337688346979987 __DUMMY__ 0.15771963942055262	false	1.0
feige	off 1.0	off 1.0	off 0.644902355561045 neg 0.19731316056131612 __DUMMY__ 0.1577844838776388	false	1.0
abdanken	neg 1.0		neg 0.3625884692159123 __DUMMY__ 0.3283269442499561 off 0.3090845865341316	false	1.0
wichtigtuer	off 1.0	off 1.0	off 0.643197223102332 neg 0.1983887792542278 __DUMMY__ 0.1584139976434402	false	1.0
misslingen	neg 1.0		neg 0.3535131908916184 __DUMMY__ 0.332135783021899 off 0.3143510260864825	false	1.0
untreu	off 1.0		neg 0.35527245172827854 __DUMMY__ 0.3272737889120116 off 0.31745375935971	false	0.5
missmutig	neg 1.0		neg 0.3549223702106291 __DUMMY__ 0.328346769514455 off 0.3167308602749159	false	1.0
hurenbock	off 1.0		neg 0.35610214446601673 __DUMMY__ 0.3303244276375067 off 0.3135734278964765	false	0.5
betrunken	neg 1.0		neg 0.34943139281911084 __DUMMY__ 0.32945915719943136 off 0.32110944998145785	false	1.0
korrupt	off 1.0		neg 0.36746674990037625 __DUMMY__ 0.32669467882794156 off 0.305838571271682	false	0.5
unmut	neg 1.0		neg 0.3670018903224043 __DUMMY__ 0.33063511469268475 off 0.30236299498491087	false	1.0
hackfresse	off 1.0		neg 0.34881803049877125 __DUMMY__ 0.3257206961136723 off 0.32546127338755654	false	0.5
aufblasen	neg 1.0		neg 0.35537411512832273 __DUMMY__ 0.3306424630925829 off 0.3139834217790945	false	1.0
gewaltsam	neg 1.0		neg 0.35978594823177823 __DUMMY__ 0.3299001923468608 off 0.3103138594213609	false	1.0
unbeliebtheit	neg 1.0		neg 0.3624558637362024 __DUMMY__ 0.3244778769761792 off 0.31306625928761833	false	1.0
sturheit	neg 1.0		neg 0.3624675631755179 __DUMMY__ 0.32850829822012934 off 0.30902413860435257	false	1.0
kuh	neg 1.0		neg 0.36042710403380723 __DUMMY__ 0.32836564582650596 off 0.3112072501396868	false	1.0
erschrecken	neg 1.0		neg 0.354381628504334 __DUMMY__ 0.32915541144048943 off 0.3164629600551765	false	1.0
opfer	neg 1.0		neg 0.3620901287173433 __DUMMY__ 0.330432436489069 off 0.3074774347935877	false	1.0
sinken	neg 1.0		neg 0.3650443873934732 __DUMMY__ 0.3313199694445933 off 0.3036356431619333	false	1.0
stinktier	neg 1.0		neg 0.35169953915309016 __DUMMY__ 0.32624250722755815 off 0.3220579536193518	false	1.0
tucke	off 1.0		neg 0.35214453375714067 off 0.32438098113601194 __DUMMY__ 0.32347448510684734	false	0.5
ein			neg 0.35576409687829347 __DUMMY__ 0.33088919855316207 off 0.3133467045685445	false	0.0
abstieg	neg 1.0		neg 0.36036701794390175 __DUMMY__ 0.3320451534836864 off 0.3075878285724118	false	1.0
missverstehen	neg 1.0		neg 0.35876805156164704 __DUMMY__ 0.32784645149117864 off 0.3133854969471743	false	1.0
ergebnislos	neg 1.0		neg 0.3632279172545119 __DUMMY__ 0.33049563382704134 off 0.30627644891844674	false	1.0
unter			neg 0.36437110441649506 __DUMMY__ 0.3352371064152365 off 0.3003917891682686	false	0.0
manipulieren	neg 1.0		neg 0.3652827626550111 __DUMMY__ 0.3297313749532087 off 0.3049858623917802	false	1.0
unbewiesen	neg 1.0		neg 0.36717765309561495 __DUMMY__ 0.3250113993121114 off 0.3078109475922738	false	1.0
verschleppen	neg 1.0		neg 0.36255453765357937 __DUMMY__ 0.3297271006391653 off 0.30771836170725525	false	1.0
weib	off 1.0		neg 0.3490112236648293 __DUMMY__ 0.3256455739499813 off 0.3253432023851894	false	0.5
opposition	neg 1.0		neg 0.35979820884746333 __DUMMY__ 0.32793452495023856 off 0.31226726620229817	false	1.0
verkehrswidrig	neg 1.0	neg 1.0	neg 0.6599266270619768 off 0.17927446388840595 __DUMMY__ 0.16079890904961724	false	1.0
inkorrekt	neg 1.0		neg 0.3576526953289156 __DUMMY__ 0.32507059330663424 off 0.3172767113644502	false	1.0
vermeiden	neg 1.0		neg 0.36628473303858805 __DUMMY__ 0.33252272668786076 off 0.30119254027355125	false	1.0
abweichung	neg 1.0		neg 0.36334528161228125 __DUMMY__ 0.33007351741385255 off 0.30658120097386615	false	1.0
alkoholisiert	neg 1.0		neg 0.3566645804579771 __DUMMY__ 0.3345137329445587 off 0.3088216865974641	false	1.0
scheiss	off 1.0	off 1.0	off 0.6460583723294835 neg 0.19493709751048618 __DUMMY__ 0.15900453016003038	false	1.0
herausforderung	neg 1.0	neg 1.0	neg 0.6668526359006166 off 0.17084526632975308 __DUMMY__ 0.16230209776963034	false	1.0
pervers	off 1.0		neg 0.3460966089749577 off 0.3289244717135953 __DUMMY__ 0.3249789193114469	false	0.5
wackelig	neg 1.0		neg 0.35656429585453564 __DUMMY__ 0.3328000715600039 off 0.3106356325854605	false	1.0
verwickeln	neg 1.0		neg 0.35918502309745004 __DUMMY__ 0.32770031746030487 off 0.3131146594422452	false	1.0
vorwand	neg 1.0		neg 0.3651865951190092 __DUMMY__ 0.33033862674350667 off 0.30447477813748414	false	1.0
muschi	off 1.0		neg 0.3607535709273684 __DUMMY__ 0.32982325885812436 off 0.30942317021450727	false	0.5
entmutigung	neg 1.0		neg 0.3616996630894662 __DUMMY__ 0.327126880786653 off 0.31117345612388064	false	1.0
unangemessen	neg 1.0		neg 0.36305018464789235 __DUMMY__ 0.3287629773939935 off 0.3081868379581143	false	1.0
unstetig	neg 1.0		neg 0.3559093883277329 __DUMMY__ 0.3306862835261556 off 0.31340432814611136	false	1.0
entmutigen	neg 1.0		neg 0.35803342085124185 __DUMMY__ 0.3291920917781824 off 0.3127744873705757	false	1.0
schwanz	neg 1.0		neg 0.362627710942292 __DUMMY__ 0.3310012688705275 off 0.30637102018718054	false	1.0
verbot	neg 1.0		neg 0.36484967898778303 __DUMMY__ 0.3283798548525465 off 0.3067704661596705	false	1.0
leid	neg 1.0		neg 0.3493126039509262 __DUMMY__ 0.3271487982121158 off 0.32353859783695793	false	1.0
archaisch	neg 1.0		neg 0.36179493160406717 __DUMMY__ 0.32958152403730645 off 0.3086235443586265	false	1.0
gegen			neg 0.36318007544264724 __DUMMY__ 0.3319714189838192 off 0.3048485055735333	false	0.0
scheidung	neg 1.0		neg 0.3414766539906231 off 0.3333413625943699 __DUMMY__ 0.32518198341500687	false	1.0
einschlag	neg 1.0	neg 1.0	neg 0.6635805322506836 off 0.17752673384765968 __DUMMY__ 0.15889273390165665	false	1.0
m			neg 0.3592308303488231 __DUMMY__ 0.33116937573376626 off 0.3095997939174106	false	0.0
abgestanden	neg 1.0		neg 0.35596039212819863 __DUMMY__ 0.33081172108022433 off 0.31322788679157715	false	1.0
schmierig	off 1.0		neg 0.3495242826256636 __DUMMY__ 0.32740375146191314 off 0.32307196591242315	false	0.5
unpraktisch	neg 1.0		neg 0.3545044041513499 __DUMMY__ 0.3313884323851116 off 0.3141071634635384	false	1.0
wixxer	off 1.0		neg 0.3470161741395918 off 0.3283676505981964 __DUMMY__ 0.3246161752622118	false	0.5
bezeichnet			neg 0.36108921458741 __DUMMY__ 0.3288019203944607 off 0.3101088650181292	false	0.0
jammerlappen	off 1.0		neg 0.3554328799016265 __DUMMY__ 0.327977147141102 off 0.31658997295727154	false	0.5
farce	neg 1.0		neg 0.3648465657344915 __DUMMY__ 0.3277909463452924 off 0.3073624879202163	false	1.0
zwecklos	neg 1.0		neg 0.362897325847711 __DUMMY__ 0.3288959033168473 off 0.3082067708354415	false	1.0
turbulent	neg 1.0		neg 0.3559784391536212 __DUMMY__ 0.32733408592047136 off 0.3166874749259074	false	1.0
invasion	neg 1.0		neg 0.3555891501622708 __DUMMY__ 0.3297609115696344 off 0.31464993826809484	false	1.0
schuld	neg 1.0		neg 0.3590241503280658 __DUMMY__ 0.3289576584331666 off 0.3120181912387676	false	1.0
risiko	neg 1.0		neg 0.3573928795396244 __DUMMY__ 0.3303809897523747 off 0.3122261307080008	false	1.0
finster	neg 1.0		neg 0.3565888625598499 __DUMMY__ 0.33025468374088457 off 0.3131564536992655	false	1.0
geisteskrank	off 1.0		neg 0.3560008268646799 __DUMMY__ 0.32640671385969916 off 0.31759245927562096	false	0.5
zusammenbrechen	neg 1.0		neg 0.35936821080608866 __DUMMY__ 0.33049666706212816 off 0.31013512213178307	false	1.0
ausbeute	neg 1.0		neg 0.35858546964943633 __DUMMY__ 0.33325091898832276 off 0.3081636113622409	false	1.0
hinterhalt	neg 1.0		neg 0.35811821361284113 __DUMMY__ 0.331562018287049 off 0.3103197681001098	false	1.0
kritik	neg 1.0		neg 0.36465271453488346 __DUMMY__ 0.32802712986652094 off 0.3073201555985956	false	1.0
einschrumpfen	neg 1.0		neg 0.359807478576746 __DUMMY__ 0.32694574364515494 off 0.31324677777809906	false	1.0
riskant	neg 1.0		neg 0.3636981106915875 __DUMMY__ 0.32968436061258855 off 0.3066175286958239	false	1.0
frustrieren	neg 1.0		neg 0.3627031495393836 __DUMMY__ 0.33010043136904177 off 0.3071964190915746	false	1.0
groll	neg 1.0		neg 0.36191437265030424 __DUMMY__ 0.3296690179274502 off 0.30841660942224564	false	1.0
gibt			neg 0.3605825061005714 __DUMMY__ 0.33006350241750626 off 0.30935399148192244	false	0.0
qualvoll	neg 1.0		neg 0.3545314869856891 __DUMMY__ 0.32965999039403776 off 0.3158085226202732	false	1.0
wackeln	neg 1.0	neg 1.0	neg 0.6661007220792722 off 0.17342643806487132 __DUMMY__ 0.1604728398558565	false	1.0
klagen	neg 1.0		neg 0.3656483723935336 __DUMMY__ 0.33102596915558763 off 0.3033256584508789	false	1.0
bankrott	neg 1.0		neg 0.35482111629746005 __DUMMY__ 0.32909468678613635 off 0.3160841969164036	false	1.0
trauern	neg 1.0		neg 0.36073151539697146 __DUMMY__ 0.33134697423229154 off 0.307921510370737	false	1.0
ablehnung	neg 1.0		neg 0.3643400329820468 __DUMMY__ 0.32816361623841644 off 0.30749635077953674	false	1.0
stur	neg 1.0		neg 0.3589272803595675 __DUMMY__ 0.32856709879858553 off 0.312505620841847	false	1.0
aufruhr	neg 1.0		neg 0.359940982471591 __DUMMY__ 0.3298727204759927 off 0.31018629705241635	false	1.0
melancholie	neg 1.0		neg 0.3591162826248745 __DUMMY__ 0.33139038018504874 off 0.30949333719007693	false	1.0
ist			neg 0.35683733410870444 __DUMMY__ 0.32951759821098686 off 0.3136450676803087	false	0.0
torheit	neg 1.0		neg 0.36202643690608977 __DUMMY__ 0.32741691011106305 off 0.3105566529828471	false	1.0
dreckskind	off 1.0		neg 0.35080005038532347 __DUMMY__ 0.32575193913138883 off 0.32344801048328764	false	0.5
umtauschen	neg 1.0		neg 0.35758433129652883 __DUMMY__ 0.33072438402882876 off 0.31169128467464247	false	1.0
zum			neg 0.36011922678562147 __DUMMY__ 0.33586676747758415 off 0.3040140057367944	false	0.0
zersetzen	neg 1.0		neg 0.36659159744642605 __DUMMY__ 0.32905472091598986 off 0.30435368163758403	false	1.0
zur			neg 0.365035257682927 __DUMMY__ 0.33360049464422836 off 0.3013642476728447	false	0.0
frust	neg 1.0		neg 0.3594336088995253 __DUMMY__ 0.3305793080461085 off 0.30998708305436623	false	1.0
unerbittlichkeit	neg 1.0		neg 0.36554703578713715 __DUMMY__ 0.3295484804222355 off 0.30490448379062746	false	1.0
zwei			neg 0.35959924065655535 __DUMMY__ 0.33460539685328233 off 0.30579536249016237	false	0.0
unkorrekt	neg 1.0		neg 0.3567508078566093 __DUMMY__ 0.32515431538963985 off 0.3180948767537508	false	1.0
hexe	off 1.0		neg 0.3540143052299039 __DUMMY__ 0.3282646906322938 off 0.31772100413780235	false	0.5
lasch	neg 1.0		neg 0.3586136855458616 __DUMMY__ 0.32709162849099865 off 0.3142946859631397	false	1.0
rivale	neg 1.0		neg 0.35183981515519475 __DUMMY__ 0.3280407023194997 off 0.3201194825253055	false	1.0
mutlos	off 1.0	off 1.0	off 0.6389292157446196 neg 0.20234494161789018 __DUMMY__ 0.15872584263749015	false	1.0
wirr	off 1.0		neg 0.35575878404608774 __DUMMY__ 0.3254962799033973 off 0.3187449360505149	false	0.5
jahr			neg 0.3582896156349416 __DUMMY__ 0.33404574246917074 off 0.30766464189588766	false	0.0
wird			neg 0.3608161368648238 __DUMMY__ 0.33089498779047244 off 0.3082888753447038	false	0.0
strafbar	neg 1.0		neg 0.3644583084614075 __DUMMY__ 0.32919180982726076 off 0.30634988171133193	false	1.0
erosion	neg 1.0		neg 0.35692623393912326 __DUMMY__ 0.3303973291757817 off 0.31267643688509505	false	1.0
eingehen	neg 1.0		neg 0.36400739649059394 __DUMMY__ 0.3287842316492385 off 0.30720837186016764	false	1.0
faul	off 1.0		neg 0.35330545439112543 __DUMMY__ 0.329697696807742 off 0.31699684880113266	false	0.5
provisorium	neg 1.0		neg 0.36662015842803736 __DUMMY__ 0.33416214812301887 off 0.2992176934489438	false	1.0
schmerzen	neg 1.0		neg 0.35814969764465343 __DUMMY__ 0.33015045648808994 off 0.3116998458672565	false	1.0
schrumpfen	neg 1.0		neg 0.368838345112699 __DUMMY__ 0.3311710575041107 off 0.2999905973831902	false	1.0
geistlos	off 1.0		neg 0.3634899840059556 __DUMMY__ 0.32521441459590206 off 0.31129560139814233	false	0.5
fehlkauf	neg 1.0		neg 0.3586208136499331 __DUMMY__ 0.3285775291903984 off 0.31280165715966846	false	1.0
frustrierend	neg 1.0		neg 0.35352848961172667 __DUMMY__ 0.32975336479529876 off 0.31671814559297456	false	1.0
unzufrieden	neg 1.0		neg 0.36254141461108885 __DUMMY__ 0.32919046734581464 off 0.30826811804309645	false	1.0
verzweifeln	neg 1.0		neg 0.3590589244724653 __DUMMY__ 0.3299476398911309 off 0.31099343563640386	false	1.0
verzweifelt	neg 1.0		neg 0.3582917876627765 __DUMMY__ 0.32886438014920344 off 0.31284383218802	false	1.0
misstrauensantrag	neg 1.0		neg 0.35803351037042314 __DUMMY__ 0.3284634796399372 off 0.31350300998963954	false	1.0
abfallen	neg 1.0		neg 0.3546699270314347 __DUMMY__ 0.3311115934743878 off 0.3142184794941777	false	1.0
fucker	off 1.0		neg 0.354193320746757 __DUMMY__ 0.3271271385225382 off 0.31867954073070476	false	0.5
ungezogen	neg 1.0		neg 0.3461654101411313 off 0.32767256592681254 __DUMMY__ 0.32616202393205607	false	1.0
irrsinnig	neg 1.0	neg 1.0	neg 0.6685280514528616 off 0.1726023439306187 __DUMMY__ 0.15886960461651958	false	1.0
unfassbar	neg 1.0		neg 0.3545540892568665 __DUMMY__ 0.3279197717532262 off 0.3175261389899072	false	1.0
hart	neg 1.0		neg 0.3557420138012574 __DUMMY__ 0.3288455343333455 off 0.31541245186539707	false	1.0
widerlich	off 1.0		neg 0.35593995169823134 __DUMMY__ 0.3264798229494093 off 0.31758022535235936	false	0.5
fatal	neg 1.0		neg 0.3578593938607035 __DUMMY__ 0.32879141932745415 off 0.3133491868118422	false	1.0
bruch	neg 1.0		neg 0.36622752727188246 __DUMMY__ 0.3305599866624673 off 0.30321248606565027	false	1.0
aushungern	neg 1.0		neg 0.36397531018647683 __DUMMY__ 0.32774423728876956 off 0.3082804525247535	false	1.0
anspannung	neg 1.0	neg 1.0	neg 0.6695389714727731 off 0.16793244182822054 __DUMMY__ 0.16252858669900636	false	1.0
von			neg 0.3594634444371155 __DUMMY__ 0.3338872789664524 off 0.30664927659643204	false	0.0
kraftlos	neg 1.0		neg 0.3580100866699135 __DUMMY__ 0.3317219209794195 off 0.31026799235066715	false	1.0
vom			neg 0.36264730590771127 __DUMMY__ 0.3359252274612871 off 0.3014274666310018	false	0.0
grenzdebil	off 1.0		neg 0.3531307156789626 __DUMMY__ 0.32798900047366203 off 0.3188802838473753	false	0.5
vor			neg 0.3624471223975696 __DUMMY__ 0.3318635958698157 off 0.3056892817326147	false	0.0
unterwerfen	neg 1.0		neg 0.3635893723449828 __DUMMY__ 0.32980323309833853 off 0.3066073945566788	false	1.0
versenkung	neg 1.0		neg 0.36316956620486357 __DUMMY__ 0.3302391818157814 off 0.30659125197935516	false	1.0
entziehen	neg 1.0		neg 0.3653375064135656 __DUMMY__ 0.33074961253252677 off 0.30391288105390757	false	1.0
finanzkrise	neg 1.0		neg 0.3638131099438486 __DUMMY__ 0.3277039391911292 off 0.3084829508650221	false	1.0
schimpfend	neg 1.0		neg 0.35452836575174557 __DUMMY__ 0.3313658177608175 off 0.3141058164874369	false	1.0
profan	neg 1.0		neg 0.35626103445648966 __DUMMY__ 0.32900027488200556 off 0.3147386906615049	false	1.0
korruption	neg 1.0	neg 1.0	neg 0.6719746031630182 off 0.1694438019783579 __DUMMY__ 0.15858159485862391	false	1.0
â			neg 0.3611250876864612 __DUMMY__ 0.33087428098792493 off 0.30800063132561384	false	0.0
schmutzig	neg 1.0		neg 0.3529934694189924 __DUMMY__ 0.3284910609966876 off 0.31851546958432003	false	1.0
sexy	neg 1.0		neg 0.35587580748006253 __DUMMY__ 0.3288086131197827 off 0.3153155794001548	false	1.0
abraten	neg 1.0		neg 0.3568056799871338 __DUMMY__ 0.3294235280489975 off 0.31377079196386864	false	1.0
schwarz	neg 1.0		neg 0.3588158083759723 __DUMMY__ 0.32868099057033406 off 0.31250320105369356	false	1.0
fotze	off 1.0		neg 0.3630195367206789 __DUMMY__ 0.3300845353299431 off 0.30689592794937803	false	0.5
verwirren	neg 1.0		neg 0.3559209417802173 __DUMMY__ 0.32904176789576717 off 0.3150372903240154	false	1.0
zahnlos	off 1.0		neg 0.3627980803639983 __DUMMY__ 0.32902531477074776 off 0.30817660486525394	false	0.5
verheeren	neg 1.0		neg 0.3448828507250267 off 0.32882367248870337 __DUMMY__ 0.3262934767862699	false	1.0
hippie	neg 1.0		neg 0.3569216693269904 __DUMMY__ 0.32858472498887337 off 0.3144936056841363	false	1.0
rammen	neg 1.0		neg 0.3583673823450192 __DUMMY__ 0.32936589145058515 off 0.3122667262043956	false	1.0
unlauter	neg 1.0		neg 0.36370239676833654 __DUMMY__ 0.3265902317380881 off 0.3097073714935753	false	1.0
unheilvoll	neg 1.0		neg 0.35396978164591647 __DUMMY__ 0.3307363047445116 off 0.315293913609572	false	1.0
niedrig	neg 1.0		neg 0.36254117391296353 __DUMMY__ 0.33099665005806944 off 0.30646217602896697	false	1.0
explosion	neg 1.0		neg 0.3578254512919162 __DUMMY__ 0.32845606001713895 off 0.31371848869094504	false	1.0
weichei	off 1.0		neg 0.34995425797943 __DUMMY__ 0.32615739075708705 off 0.323888351263483	false	0.5
minusmensch	off 1.0		neg 0.35103246614939687 off 0.32599719734708704 __DUMMY__ 0.32297033650351614	false	0.5
farblos	neg 1.0		neg 0.3551311043278206 __DUMMY__ 0.3326259733165327 off 0.3122429223556469	false	1.0
unwissend	neg 1.0	neg 1.0	neg 0.6665859505513007 off 0.17519030715377407 __DUMMY__ 0.15822374229492522	false	1.0
traurig	neg 1.0		neg 0.3507569342466347 __DUMMY__ 0.32792065048404173 off 0.3213224152693236	false	1.0
senkung	neg 1.0		neg 0.3592906337433593 __DUMMY__ 0.32740695860667945 off 0.3133024076499614	false	1.0
ungleich	neg 1.0	neg 1.0	neg 0.67243420435046 off 0.16873568223724053 __DUMMY__ 0.15883011341229947	false	1.0
heikel	neg 1.0		neg 0.3651114748946627 __DUMMY__ 0.3297288012290692 off 0.305159723876268	false	1.0
drosselung	neg 1.0		neg 0.35298141822932144 __DUMMY__ 0.3284605145504251 off 0.3185580672202534	false	1.0
falsch	neg 1.0		neg 0.3549733273710267 __DUMMY__ 0.32874715916953723 off 0.31627951345943606	false	1.0
unzufriedenheit	neg 1.0		neg 0.3657548863817179 __DUMMY__ 0.32982668726842296 off 0.3044184263498592	false	1.0
kurz	neg 1.0		neg 0.3570022964883014 __DUMMY__ 0.3319148391691291 off 0.31108286434256943	false	1.0
unsinnig	neg 1.0		neg 0.36341391921491245 __DUMMY__ 0.32830352980291083 off 0.3082825509821767	false	1.0
penner	off 1.0	off 1.0	off 0.6503622649659597 neg 0.19234358426608378 __DUMMY__ 0.15729415076795647	false	1.0
seicht	neg 1.0		neg 0.3500387513557857 off 0.3258777812889402 __DUMMY__ 0.32408346735527416	false	1.0
dummheit	off 1.0	off 1.0	off 0.6433047003504092 neg 0.1984772223785582 __DUMMY__ 0.15821807727103254	false	1.0
unerfreulich	neg 1.0		neg 0.36396458323184816 __DUMMY__ 0.3310643484229822 off 0.3049710683451696	false	1.0
motherfucker	off 1.0	off 1.0	off 0.6460123906427933 neg 0.19623952184871102 __DUMMY__ 0.15774808750849584	false	1.0
pikiert	neg 1.0		neg 0.357354264061102 __DUMMY__ 0.3264801473971941 off 0.316165588541704	false	1.0
wrack	neg 1.0		neg 0.3587842414021464 __DUMMY__ 0.332696872423151 off 0.3085188861747027	false	1.0
gangster	neg 1.0		neg 0.35653210872231783 __DUMMY__ 0.3290697381063432 off 0.31439815317133896	false	1.0
krank	neg 1.0		neg 0.3512741229120873 __DUMMY__ 0.32887776683914854 off 0.31984811024876414	false	1.0
reich	neg 1.0		neg 0.35748190868452756 __DUMMY__ 0.3273236381455725 off 0.3151944531698999	false	1.0
gnadenlos	neg 1.0		neg 0.3583456563223615 __DUMMY__ 0.32933509538734757 off 0.3123192482902909	false	1.0
niedergeschlagen	neg 1.0		neg 0.3583153890322118 __DUMMY__ 0.3309902641958431 off 0.3106943467719452	false	1.0
terrorisieren	off 1.0	off 1.0	off 0.6398517000751268 neg 0.20055783562181517 __DUMMY__ 0.159590464303058	false	1.0
sinnlosigkeit	neg 1.0		neg 0.36224567738405045 __DUMMY__ 0.3292506585507446 off 0.30850366406520496	false	1.0
behindern	neg 1.0		neg 0.3608876368711096 __DUMMY__ 0.32914376251237265 off 0.30996860061651776	false	1.0
undemokratisch	neg 1.0		neg 0.36210150228352717 __DUMMY__ 0.3273292653756087 off 0.3105692323408643	false	1.0
wirtschaftskrise	neg 1.0		neg 0.36466988767771763 __DUMMY__ 0.328884469132982 off 0.30644564318930023	false	1.0
neid	neg 1.0		neg 0.35190199065077876 __DUMMY__ 0.330080517820939 off 0.3180174915282821	false	1.0
rutschen	neg 1.0	neg 1.0	neg 0.668275701290794 off 0.16924893575721905 __DUMMY__ 0.16247536295198686	false	1.0
rezession	neg 1.0		neg 0.35412153977616556 __DUMMY__ 0.32547576041022447 off 0.32040269981361	false	1.0
fehlgeburt	neg 1.0		neg 0.3547627338167539 __DUMMY__ 0.330519662525493 off 0.31471760365775303	false	1.0
charakterschwach	off 1.0		neg 0.3546315390675035 __DUMMY__ 0.3274777506540855 off 0.317890710278411	false	0.5
isolation	neg 1.0		neg 0.3536531901506832 __DUMMY__ 0.32969665571687395 off 0.3166501541324428	false	1.0
ablenkung	neg 1.0		neg 0.35796636875360643 __DUMMY__ 0.329959924917137 off 0.3120737063292566	false	1.0
pech	neg 1.0		neg 0.3538365376079608 __DUMMY__ 0.3296169413584764 off 0.31654652103356273	false	1.0
vermeidung	neg 1.0		neg 0.3549740206958326 __DUMMY__ 0.3271219606958373 off 0.31790401860833	false	1.0
dominieren	neg 1.0		neg 0.35937621482066856 __DUMMY__ 0.3319374858317436 off 0.3086862993475879	false	1.0
schwindlig	neg 1.0		neg 0.3525251971234513 __DUMMY__ 0.3313856610504615 off 0.3160891418260872	false	1.0
lutscher	neg 1.0		neg 0.34816912065686617 off 0.3272037835796068 __DUMMY__ 0.32462709576352705	false	1.0
pflicht	neg 1.0		neg 0.36489916665737676 __DUMMY__ 0.3299754667492516 off 0.3051253665933717	false	1.0
faschist	off 1.0		neg 0.36067947837358544 __DUMMY__ 0.32655116338266904 off 0.31276935824374563	false	0.5
verschleudern	neg 1.0		neg 0.3683378992843908 __DUMMY__ 0.3273658731597825 off 0.3042962275558266	false	1.0
wenn			neg 0.3548296565667127 __DUMMY__ 0.32867169951790975 off 0.31649864391537746	false	0.0
ehebruch	neg 1.0		neg 0.3643064371487925 __DUMMY__ 0.3290067566248561 off 0.3066868062263514	false	1.0
spott	off 1.0		neg 0.36537695090157246 __DUMMY__ 0.32878358981509165 off 0.3058394592833359	false	0.5
trostlosigkeit	neg 1.0		neg 0.36514147954055276 __DUMMY__ 0.3306941607184329 off 0.3041643597410145	false	1.0
lutschen	neg 1.0		neg 0.3583358347321162 __DUMMY__ 0.32812846981467925 off 0.31353569545320437	false	1.0
undiszipliniert	neg 1.0		neg 0.3517022092131391 __DUMMY__ 0.32802174610585766 off 0.3202760446810033	false	1.0
kopfschmerz	neg 1.0		neg 0.3579044777986896 __DUMMY__ 0.33129061208943617 off 0.3108049101118744	false	1.0
unvorhergesehen	neg 1.0		neg 0.3570450499923086 __DUMMY__ 0.3334456271179243 off 0.3095093228897671	false	1.0
desinteressiert	neg 1.0		neg 0.3535220857711682 __DUMMY__ 0.3271003814366854 off 0.3193775327921463	false	1.0
armselig	off 1.0		neg 0.3551985921467377 __DUMMY__ 0.3254685251841562 off 0.31933288266910614	false	0.5
desaster	neg 1.0		neg 0.36717684921085486 __DUMMY__ 0.33041877335598246 off 0.3024043774331626	false	1.0
tod	neg 1.0		neg 0.35963661754034926 __DUMMY__ 0.33166719587747817 off 0.3086961865821726	false	1.0
herzlos	neg 1.0		neg 0.35244856686928333 __DUMMY__ 0.3266362961184624 off 0.3209151370122543	false	1.0
unwissenheit	neg 1.0		neg 0.3650321376219859 __DUMMY__ 0.32787262375373594 off 0.3070952386242781	false	1.0
widersinnig	neg 1.0	neg 1.0	neg 0.6721748943189114 off 0.16978197159465494 __DUMMY__ 0.15804313408643367	false	1.0
bedenklich	neg 1.0		neg 0.36422762369835626 __DUMMY__ 0.32918919442734895 off 0.30658318187429473	false	1.0
beanstanden	neg 1.0		neg 0.36432409074410393 __DUMMY__ 0.330735874192561 off 0.30494003506333506	false	1.0
panisch	neg 1.0	neg 1.0	neg 0.6641427416315111 off 0.1751455380132108 __DUMMY__ 0.16071172035527811	false	1.0
debil	off 1.0		neg 0.36766561268122344 __DUMMY__ 0.33243340056928355 off 0.29990098674949295	false	0.5
abstrich	neg 1.0		neg 0.36243202241680933 __DUMMY__ 0.3298698962517586 off 0.30769808133143206	false	1.0
primitiv	neg 1.0		neg 0.35525897493296077 __DUMMY__ 0.3265565543762229 off 0.3181844706908163	false	1.0
abschaum	off 1.0	off 1.0	off 0.6446711290405501 neg 0.19733428924840238 __DUMMY__ 0.1579945817110474	false	1.0
provozieren	neg 1.0		neg 0.35994973903112204 __DUMMY__ 0.3285543988565678 off 0.3114958621123101	false	1.0
tot	neg 1.0		neg 0.362022008309433 __DUMMY__ 0.33067674979706596 off 0.30730124189350094	false	1.0
instabil	neg 1.0		neg 0.35643882193623444 __DUMMY__ 0.3260161598711542 off 0.3175450181926114	false	1.0
schwuchtel	off 1.0		neg 0.3448636410022542 off 0.33192704054927136 __DUMMY__ 0.3232093184484744	false	0.5
zerren	neg 1.0		neg 0.35791845129609323 __DUMMY__ 0.3311429597278909 off 0.31093858897601595	false	1.0
kinderficker	off 1.0		neg 0.3536271684267031 __DUMMY__ 0.3245852690114124 off 0.32178756256188434	false	0.5
gefahr	neg 1.0		neg 0.36372923584108513 __DUMMY__ 0.33087543584715495 off 0.3053953283117598	false	1.0
rabiat	neg 1.0		neg 0.3607465529165759 __DUMMY__ 0.32859078939030856 off 0.3106626576931155	false	1.0
verlangsamung	neg 1.0		neg 0.35071498902459375 __DUMMY__ 0.32498225101612604 off 0.3243027599592802	false	1.0
ausgestorben	neg 1.0		neg 0.35831055623856517 __DUMMY__ 0.3304306245634203 off 0.3112588191980144	false	1.0
anklagen	neg 1.0		neg 0.36230598872949066 __DUMMY__ 0.3290584570399224 off 0.308635554230587	false	1.0
trott	neg 1.0		neg 0.35850627331448554 __DUMMY__ 0.3303437010474168 off 0.31115002563809774	false	1.0
verminderung	neg 1.0		neg 0.35422871367104725 __DUMMY__ 0.3269682826987302 off 0.3188030036302228	false	1.0
nach			neg 0.35960320635552634 __DUMMY__ 0.33586246350027976 off 0.30453433014419395	false	0.0
rost	neg 1.0		neg 0.3518062836690492 __DUMMY__ 0.32529889387987526 off 0.32289482245107565	false	1.0
destruktiv	neg 1.0		neg 0.3633285311553713 __DUMMY__ 0.32747919105573603 off 0.30919227778889274	false	1.0
unzumutbarkeit	neg 1.0		neg 0.3527137834152088 __DUMMY__ 0.3296434295604303 off 0.31764278702436094	false	1.0
labil	off 1.0	off 1.0	off 0.6448210295883947 neg 0.19690545418625344 __DUMMY__ 0.15827351622535193	false	1.0
ziemlich	neg 1.0		neg 0.3520683289988865 __DUMMY__ 0.32901160488251724 off 0.31892006611859625	false	1.0
lachnummer	off 1.0		neg 0.3607180530732872 __DUMMY__ 0.3287939852479989 off 0.3104879616787139	false	0.5
oder			neg 0.356057067090753 __DUMMY__ 0.3310295561031369 off 0.31291337680611	false	0.0
verfall	neg 1.0		neg 0.368913269753634 __DUMMY__ 0.3311177500415099 off 0.299968980204856	false	1.0
ausgrenzung	neg 1.0		neg 0.36192033531849094 __DUMMY__ 0.32691506226484346 off 0.31116460241666566	false	1.0
unordnung	neg 1.0		neg 0.3517161482283902 __DUMMY__ 0.3296287040967221 off 0.31865514767488756	false	1.0
fehlverhalten	neg 1.0		neg 0.36518236503157075 __DUMMY__ 0.32959706947945827 off 0.305220565488971	false	1.0
eine			neg 0.36341721265850413 __DUMMY__ 0.3310483924151828 off 0.30553439492631296	false	0.0
nille	neg 1.0		neg 0.3599673606658301 __DUMMY__ 0.32995122664444765 off 0.3100814126897222	false	1.0
qual	neg 1.0		neg 0.35929539781907194 __DUMMY__ 0.3300465657762405 off 0.31065803640468753	false	1.0
verschwenden	neg 1.0		neg 0.362989802439509 __DUMMY__ 0.3295338675191671 off 0.30747633004132396	false	1.0
riesig	neg 1.0	neg 1.0	neg 0.6687423409274282 off 0.17064508498082298 __DUMMY__ 0.16061257409174884	false	1.0
verurteilen	neg 1.0		neg 0.3637693974143839 __DUMMY__ 0.32859293467343065 off 0.3076376679121854	false	1.0
klischee	neg 1.0	neg 1.0	neg 0.6681343226819737 off 0.17383472249760848 __DUMMY__ 0.15803095482041785	false	1.0
diktatorisch	neg 1.0		neg 0.3634896327690085 __DUMMY__ 0.3261643594937101 off 0.31034600773728155	false	1.0
vorhersehbar	neg 1.0	neg 1.0	neg 0.6679180452493115 off 0.17364717643778568 __DUMMY__ 0.1584347783129027	false	1.0
sowie			neg 0.35135285493627705 __DUMMY__ 0.3258819155906743 off 0.3227652294730486	false	0.0
stornieren	neg 1.0		neg 0.3523896082393893 __DUMMY__ 0.33281760724457893 off 0.31479278451603193	false	1.0
besteuerung	neg 1.0		neg 0.3620097984852789 __DUMMY__ 0.3274447699760842 off 0.3105454315386368	false	1.0
ungeschminkt	neg 1.0		neg 0.3543920594855748 __DUMMY__ 0.32752005960330194 off 0.3180878809111232	false	1.0
kritisch	neg 1.0		neg 0.36405099914991684 __DUMMY__ 0.3294394581436566 off 0.3065095427064264	false	1.0
schlamperei	off 1.0		neg 0.36536077864668315 __DUMMY__ 0.32947577093503955 off 0.30516345041827736	false	0.5
sucht	neg 1.0	neg 1.0	neg 0.6674253824479737 off 0.17253078957949883 __DUMMY__ 0.16004382797252734	false	1.0
egoistisch	off 1.0		neg 0.3497347231845814 __DUMMY__ 0.3263805519831865 off 0.3238847248322321	false	0.5
ausbeuter	off 1.0		neg 0.3669546216566541 __DUMMY__ 0.32869431896202195 off 0.30435105938132384	false	0.5
arschgeburt	off 1.0		neg 0.34572646283347336 off 0.3316316422130558 __DUMMY__ 0.3226418949534708	false	0.5
schubs	neg 1.0	neg 1.0	neg 0.6675998049090853 off 0.17162271122030084 __DUMMY__ 0.16077748387061383	false	1.0
unsolide	neg 1.0		neg 0.3654394545845833 __DUMMY__ 0.324657810001566 off 0.30990273541385077	false	1.0
beschwerde	neg 1.0		neg 0.3649889795835003 __DUMMY__ 0.3295331331741367 off 0.305477887242363	false	1.0
stocken	neg 1.0		neg 0.363319246015062 __DUMMY__ 0.3300592443778365 off 0.3066215096071016	false	1.0
isolieren	neg 1.0		neg 0.3636557984004837 __DUMMY__ 0.3290420308220773 off 0.30730217077743915	false	1.0
unheilbar	neg 1.0		neg 0.3583389812735209 __DUMMY__ 0.3296667140764714 off 0.31199430465000777	false	1.0
pisser	off 1.0		neg 0.35260665660089757 __DUMMY__ 0.3278298950909325 off 0.31956344830816996	false	0.5
löschen	neg 1.0		neg 0.35931871962893597 __DUMMY__ 0.32956215336108086 off 0.3111191270099831	false	1.0
durchfallen	neg 1.0		neg 0.3635496734945451 __DUMMY__ 0.3287283412605086 off 0.30772198524494626	false	1.0
wichser	off 1.0		neg 0.34573010174855096 off 0.3291390987903917 __DUMMY__ 0.32513079946105744	false	0.5
terror	neg 1.0		neg 0.3543116219276227 __DUMMY__ 0.3302498325888913 off 0.3154385454834861	false	1.0
krass	neg 1.0		neg 0.3509037476259188 __DUMMY__ 0.3271158595203743 off 0.32198039285370683	false	1.0
revolte	neg 1.0		neg 0.36054749369015787 __DUMMY__ 0.32723257472609335 off 0.31221993158374867	false	1.0
besorgt	neg 1.0		neg 0.3580524208824738 __DUMMY__ 0.3317028046207232 off 0.3102447744968031	false	1.0
nachlassen	neg 1.0		neg 0.3637149229480336 __DUMMY__ 0.33009567895513114 off 0.30618939809683526	false	1.0
alt	neg 1.0		neg 0.361522394024111 __DUMMY__ 0.3305164696627955 off 0.3079611363130936	false	1.0
hundesohn	off 1.0		neg 0.34929412996359166 off 0.32636882654064164 __DUMMY__ 0.32433704349576675	false	0.5
als			neg 0.35833991964693346 __DUMMY__ 0.3313488181812428 off 0.3103112621718237	false	0.0
abschreckung	neg 1.0		neg 0.3658777897968566 __DUMMY__ 0.3302816117426248 off 0.3038405984605185	false	1.0
unqualifiziert	neg 1.0		neg 0.36039421053683285 __DUMMY__ 0.32633085810022194 off 0.3132749313629454	false	1.0
abgewichst	off 1.0		neg 0.3602931963554198 __DUMMY__ 0.3302195712888568 off 0.30948723235572345	false	0.5
schwer	neg 1.0		neg 0.35849896375251183 __DUMMY__ 0.3299605132054606 off 0.3115405230420276	false	1.0
bedeutungslosigkeit	neg 1.0		neg 0.3651665554869706 __DUMMY__ 0.3299932163345265 off 0.304840228178503	false	1.0
kapitulation	neg 1.0		neg 0.3670407781330212 __DUMMY__ 0.3279181213232241 off 0.30504110054375455	false	1.0
unscharf	neg 1.0		neg 0.3562015845769853 __DUMMY__ 0.3293412190500021 off 0.31445719637301256	false	1.0
schwinden	neg 1.0		neg 0.3654053032127918 __DUMMY__ 0.3299570587528356 off 0.30463763803437255	false	1.0
versklavung	neg 1.0		neg 0.3642823562047455 __DUMMY__ 0.3260045296853954 off 0.30971311410985913	false	1.0
schlecht	neg 1.0		neg 0.35186316255216354 __DUMMY__ 0.32906891103887165 off 0.3190679264089647	false	1.0
verhasst	neg 1.0		neg 0.3595873695060817 __DUMMY__ 0.3284818688699114 off 0.3119307616240069	false	1.0
beschweren	neg 1.0		neg 0.3572429055812013 __DUMMY__ 0.3291790287338308 off 0.3135780656849679	false	1.0
scheiden	neg 1.0		neg 0.3525198860282359 __DUMMY__ 0.33303790183866555 off 0.31444221213309864	false	1.0
frustriert	neg 1.0		neg 0.35952347429104403 __DUMMY__ 0.33015912791875013 off 0.3103173977902058	false	1.0
schimmelig	neg 1.0		neg 0.36077067192202283 __DUMMY__ 0.331404066399887 off 0.3078252616780903	false	1.0
fisch	neg 1.0		neg 0.3577035063360834 __DUMMY__ 0.33408120327680396 off 0.3082152903871127	false	1.0
schmuggel	neg 1.0		neg 0.36126031877325837 __DUMMY__ 0.3322685351454947 off 0.3064711460812468	false	1.0
auffallen	neg 1.0		neg 0.3557039798228618 __DUMMY__ 0.32952794596628227 off 0.3147680742108559	false	1.0
konkurrenz	neg 1.0	neg 1.0	neg 0.6709458376632134 off 0.1684541174576534 __DUMMY__ 0.16060004487913318	false	1.0
teufelskreis	neg 1.0	neg 1.0	neg 0.6698499430333232 off 0.17125962897883112 __DUMMY__ 0.15889042798784564	false	1.0
aufschreien	neg 1.0		neg 0.3583275009083133 __DUMMY__ 0.3281491290366625 off 0.3135233700550244	false	1.0
schuldner	neg 1.0		neg 0.3643556838963414 __DUMMY__ 0.33036224032409545 off 0.30528207577956307	false	1.0
missgeburt	off 1.0	off 1.0	off 0.6486773921131517 neg 0.19382794021562233 __DUMMY__ 0.15749466767122589	false	1.0
arbeitslos	neg 1.0		neg 0.36293291927903104 __DUMMY__ 0.32889733617478945 off 0.30816974454617946	false	1.0
befallen	neg 1.0		neg 0.364703635866484 __DUMMY__ 0.32771952090227585 off 0.3075768432312401	false	1.0
miesepetrig	off 1.0	off 1.0	off 0.6463054573707151 neg 0.1946763177449667 __DUMMY__ 0.15901822488431822	false	1.0
alarmieren	neg 1.0		neg 0.35766859569537796 __DUMMY__ 0.3270788658820328 off 0.3152525384225893	false	1.0
ungeduscht	off 1.0		neg 0.35359793824125435 __DUMMY__ 0.3298538643416461 off 0.3165481974170995	false	0.5
knappheit	neg 1.0		neg 0.3661062908304943 __DUMMY__ 0.3283629350586535 off 0.305530774110852	false	1.0
schlange	neg 1.0		neg 0.3531652857216574 __DUMMY__ 0.3315450764342688 off 0.31528963784407377	false	1.0
harsch	neg 1.0		neg 0.3473855774198946 __DUMMY__ 0.32874798858299303 off 0.32386643399711224	false	1.0
lang	neg 1.0		neg 0.35847857354993307 __DUMMY__ 0.32970934817610664 off 0.3118120782739603	false	1.0
ziellos	neg 1.0		neg 0.3590452773809403 __DUMMY__ 0.33142960492352164 off 0.3095251176955381	false	1.0
selbstverliebt	neg 1.0		neg 0.3480412287029843 off 0.3287879432923328 __DUMMY__ 0.3231708280046828	false	1.0
beseitigen	neg 1.0	neg 1.0	neg 0.6674651331604919 off 0.17213434792077648 __DUMMY__ 0.16040051891873158	false	1.0
dumm	off 1.0		neg 0.34961286149418197 __DUMMY__ 0.3257065169495471 off 0.3246806215562709	false	0.5
arbeitsloser	neg 1.0		neg 0.36130067652007414 __DUMMY__ 0.33048411425851537 off 0.3082152092214105	false	1.0
blitzen	neg 1.0		neg 0.35640873492510344 __DUMMY__ 0.32875109040323297 off 0.31484017467166353	false	1.0
hilflos	neg 1.0		neg 0.36041183350588407 __DUMMY__ 0.33000914517266206 off 0.30957902132145376	false	1.0
eklig	off 1.0		neg 0.3486119171634782 __DUMMY__ 0.3257905956855455 off 0.3255974871509764	false	0.5
begriff			neg 0.36224938588343003 __DUMMY__ 0.32867718490522263 off 0.30907342921134745	false	0.0
hungersnot	neg 1.0		neg 0.3613046983238777 __DUMMY__ 0.329715010126167 off 0.3089802915499552	false	1.0
ungesetzlich	neg 1.0		neg 0.36472621326705806 __DUMMY__ 0.32494853050285677 off 0.310325256230085	false	1.0
verschwendung	neg 1.0		neg 0.3637946033623441 __DUMMY__ 0.3300125678838369 off 0.3061928287538189	false	1.0
schmerzvoll	neg 1.0		neg 0.3568163563474558 __DUMMY__ 0.32945558206480025 off 0.31372806158774386	false	1.0
vorzeitig	neg 1.0		neg 0.35424883873242485 __DUMMY__ 0.3300026890630642 off 0.3157484722045109	false	1.0
unvollkommenheit	neg 1.0		neg 0.3579712436983909 __DUMMY__ 0.3320465074380538 off 0.30998224886355535	false	1.0
intervenieren	neg 1.0		neg 0.36647128985035166 __DUMMY__ 0.32874125428630285 off 0.3047874558633455	false	1.0
banause	off 1.0		neg 0.34812292414771295 off 0.32732881118992435 __DUMMY__ 0.3245482646623628	false	0.5
rebell	neg 1.0		neg 0.36553461303541374 __DUMMY__ 0.3314840913138397 off 0.3029812956507464	false	1.0
unlogisch	neg 1.0		neg 0.35172973736445406 __DUMMY__ 0.3272511521812483 off 0.3210191104542976	false	1.0
leiden	neg 1.0		neg 0.35739124430802255 __DUMMY__ 0.3340026192595681 off 0.3086061364324095	false	1.0
abschaffung	neg 1.0		neg 0.36150846638516293 __DUMMY__ 0.3278660890918599 off 0.31062544452297725	false	1.0
sturz	neg 1.0		neg 0.3574907349603411 __DUMMY__ 0.3305597575495762 off 0.3119495074900828	false	1.0
verkleinerung	neg 1.0		neg 0.3602575374966767 __DUMMY__ 0.32668312407288513 off 0.31305933843043804	false	1.0
schmarotzer	off 1.0		neg 0.36425702939384264 __DUMMY__ 0.3282566499497219 off 0.3074863206564355	false	0.5
bestrafung	neg 1.0		neg 0.35904950474083974 __DUMMY__ 0.32857039309818004 off 0.31238010216098033	false	1.0
achtlos	neg 1.0		neg 0.3572822312539842 __DUMMY__ 0.33070146303409154 off 0.31201630571192424	false	1.0
ungeheuer	neg 1.0		neg 0.35415888429616943 __DUMMY__ 0.3300082775352456 off 0.31583283816858493	false	1.0
unaufrichtig	neg 1.0		neg 0.36133265834026634 __DUMMY__ 0.3266961019270296 off 0.31197123973270396	false	1.0
groggy	neg 1.0		neg 0.3579151998041617 __DUMMY__ 0.328256076147171 off 0.3138287240486673	false	1.0
verletzlich	neg 1.0		neg 0.35250373279430425 __DUMMY__ 0.32783876895485986 off 0.3196574982508358	false	1.0
ablehnen	neg 1.0		neg 0.3642555076972114 __DUMMY__ 0.328916125526598 off 0.30682836677619063	false	1.0
