unsolidarisch	neg 1.0		__DUMMY__ 0.8759037698352669 neg 0.06970600388639772 off 0.05439022627833553	false	1.0
nachteilig	neg 1.0		__DUMMY__ 0.8837381670423633 neg 0.06568592170530836 off 0.05057591125232835	false	1.0
skeptisch	neg 1.0		__DUMMY__ 0.8848423359363459 neg 0.0651462115314652 off 0.0500114525321889	false	1.0
schrecklich	neg 1.0		__DUMMY__ 0.8795998477807795 off 0.06284657693448015 neg 0.05755357528474036	false	0.5
schlapp	neg 1.0		__DUMMY__ 0.8831615691869613 off 0.05849709514833504 neg 0.05834133566470363	false	0.5
abfall	neg 1.0		__DUMMY__ 0.8855775238875391 neg 0.06689254504552533 off 0.04752993106693559	false	1.0
widerspenstig	neg 1.0		__DUMMY__ 0.8833836455986064 neg 0.06258562401683154 off 0.05403073038456208	false	1.0
abrupt	neg 1.0		__DUMMY__ 0.8885750648944932 neg 0.0614012506408152 off 0.050023684464691555	false	1.0
unwirksam	neg 1.0		__DUMMY__ 0.8794593351141441 neg 0.0664964427755556 off 0.05404422211030024	false	1.0
angreifen	neg 1.0	neg 1.0	neg 0.5200096639584996 __DUMMY__ 0.44185298959976704 off 0.03813734644173347	false	1.0
inkonsistent	neg 1.0		__DUMMY__ 0.8839201666265704 neg 0.06134233931118136 off 0.05473749406224837	false	1.0
abrutschen	neg 1.0		__DUMMY__ 0.8859492342076448 neg 0.06616938426207034 off 0.04788138153028477	false	1.0
unsicher	neg 1.0		__DUMMY__ 0.8843252116264358 neg 0.0612329424844361 off 0.054441845889128086	false	1.0
bauernkind	off 1.0	off 1.0	off 0.5172650853448353 __DUMMY__ 0.436018587770328 neg 0.04671632688483677	false	1.0
angreifer	neg 1.0		__DUMMY__ 0.8851458669775446 neg 0.05934739665578184 off 0.05550673636667358	false	1.0
trennen	neg 1.0		__DUMMY__ 0.8900965885448712 neg 0.059328068431846424 off 0.05057534302328249	false	1.0
schmutz	neg 1.0		__DUMMY__ 0.8894226697362424 off 0.055431528079140376 neg 0.05514580218461726	false	0.5
inkonsistenz	neg 1.0		__DUMMY__ 0.8784045516977306 neg 0.06345284349591143 off 0.05814260480635793	false	1.0
erschreckend	neg 1.0		__DUMMY__ 0.8823034290775276 neg 0.06418945416082904 off 0.05350711676164344	false	1.0
ertrinken	neg 1.0		__DUMMY__ 0.88625163538559 neg 0.06252762981317563 off 0.0512207348012344	false	1.0
pickelface	off 1.0		__DUMMY__ 0.8837750077999385 neg 0.063762414346125 off 0.05246257785393646	false	0.5
seiner			__DUMMY__ 0.8863620007448584 neg 0.06329425898862132 off 0.0503437402665202	false	0.0
lauch	neg 1.0		__DUMMY__ 0.8845881344257025 neg 0.06770719386254297 off 0.04770467171175452	false	1.0
unwichtig	neg 1.0		__DUMMY__ 0.880150984323416 neg 0.06119338769402345 off 0.058655627982560694	false	1.0
steuerhinterziehung	neg 1.0		__DUMMY__ 0.8808131766203771 neg 0.06631792503201087 off 0.05286889834761209	false	1.0
schock	neg 1.0		__DUMMY__ 0.8874833164425779 neg 0.05901586525338023 off 0.05350081830404183	false	1.0
beule	neg 1.0		__DUMMY__ 0.8837881390153595 off 0.05867725450203063 neg 0.05753460648260986	false	0.5
vergelten	neg 1.0		__DUMMY__ 0.8835675609059529 off 0.06169684529545887 neg 0.054735593798588326	false	0.5
verdorbenheit	neg 1.0		__DUMMY__ 0.8860844889480011 neg 0.06046044946942978 off 0.05345506158256908	false	1.0
trauma	neg 1.0		__DUMMY__ 0.8827086075292222 neg 0.06209452597496672 off 0.05519686649581099	false	1.0
sinnlos	neg 1.0		__DUMMY__ 0.8836394774101946 neg 0.059891749560675646 off 0.05646877302912979	false	1.0
fettsack	off 1.0	off 1.0	off 0.518551743659427 __DUMMY__ 0.4376031123046584 neg 0.043845144035914545	false	1.0
feige	off 1.0	off 1.0	off 0.5150335996754422 __DUMMY__ 0.43755067963964883 neg 0.04741572068490899	false	1.0
abdanken	neg 1.0		__DUMMY__ 0.8812012164602825 neg 0.06498577063039654 off 0.05381301290932085	false	1.0
wichtigtuer	off 1.0	off 1.0	off 0.5129791681705539 __DUMMY__ 0.43915832211601846 neg 0.04786250971342767	false	1.0
misslingen	neg 1.0		__DUMMY__ 0.8887441284559573 neg 0.05640905165610131 off 0.05484681988794144	false	1.0
untreu	off 1.0		__DUMMY__ 0.8790078524252037 neg 0.06128648916784318 off 0.059705658406953126	false	0.5
missmutig	neg 1.0		__DUMMY__ 0.8811323342594805 neg 0.060315108928726574 off 0.058552556811792875	false	1.0
hurenbock	off 1.0		__DUMMY__ 0.8851914112193284 neg 0.05962163898662087 off 0.05518694979405063	false	0.5
betrunken	neg 1.0		__DUMMY__ 0.8833829456525861 off 0.06078937497822189 neg 0.05582767936919198	false	0.5
korrupt	off 1.0		__DUMMY__ 0.8780577976901676 neg 0.06956528512662895 off 0.05237691718320345	false	0.5
unmut	neg 1.0		__DUMMY__ 0.885394023446121 neg 0.06678865437318404 off 0.04781732218069498	false	1.0
hackfresse	off 1.0		__DUMMY__ 0.8763168454393911 off 0.06588994726476376 neg 0.057793207295845125	false	1.0
aufblasen	neg 1.0		__DUMMY__ 0.8854348442397234 neg 0.05917059958288407 off 0.05539455617739247	false	1.0
gewaltsam	neg 1.0		__DUMMY__ 0.8841654178124165 neg 0.062337399352013635 off 0.053497182835569854	false	1.0
unbeliebtheit	neg 1.0		__DUMMY__ 0.8739835732126504 neg 0.067718305198663 off 0.05829812158868669	false	1.0
sturheit	neg 1.0		__DUMMY__ 0.8814224300537038 neg 0.06498983245559423 off 0.053587737490702024	false	1.0
kuh	neg 1.0		__DUMMY__ 0.881647492269862 neg 0.06404452030391941 off 0.05430798742621852	false	1.0
erschrecken	neg 1.0		__DUMMY__ 0.8825639169344643 neg 0.059453323792451405 off 0.05798275927308425	false	1.0
opfer	neg 1.0		__DUMMY__ 0.8850366367880368 neg 0.06355198922067119 off 0.05141137399129207	false	1.0
sinken	neg 1.0		__DUMMY__ 0.8867961993913741 neg 0.06505827599418401 off 0.048145524614441854	false	1.0
stinktier	neg 1.0		__DUMMY__ 0.8774364284334707 off 0.06323909219638782 neg 0.059324479370141514	false	0.5
tucke	off 1.0		__DUMMY__ 0.8722363297924703 off 0.0661654567102152 neg 0.061598213497314355	false	1.0
ein			__DUMMY__ 0.8859683348913001 neg 0.059293769198319045 off 0.054737895910380766	false	0.0
abstieg	neg 1.0		__DUMMY__ 0.8882403540621379 neg 0.061187926083384796 off 0.050571719854477434	false	1.0
missverstehen	neg 1.0		__DUMMY__ 0.8801750156150133 neg 0.06309005813491478 off 0.05673492625007185	false	1.0
ergebnislos	neg 1.0		__DUMMY__ 0.8851977475386661 neg 0.06427643653826373 off 0.05052581592307017	false	1.0
unter			__DUMMY__ 0.894031755117168 neg 0.06223601435966097 off 0.04373223052317098	false	0.0
manipulieren	neg 1.0		__DUMMY__ 0.8837631777158931 neg 0.06614382708788805 off 0.05009299519621887	false	1.0
unbewiesen	neg 1.0		__DUMMY__ 0.8748436939980281 neg 0.07048939252210568 off 0.05466691347986623	false	1.0
verschleppen	neg 1.0		__DUMMY__ 0.8838907004884711 neg 0.06411118015747348 off 0.05199811935405545	false	1.0
weib	off 1.0		__DUMMY__ 0.8762725285936945 off 0.06585425658711504 neg 0.057873214819190465	false	1.0
opposition	neg 1.0		__DUMMY__ 0.8804016741782796 neg 0.06395216378580948 off 0.055646162035910766	false	1.0
verkehrswidrig	neg 1.0	neg 1.0	neg 0.5076699374843501 __DUMMY__ 0.4457012225611961 off 0.046628839954453896	false	1.0
inkorrekt	neg 1.0		__DUMMY__ 0.8751385765188551 neg 0.06393360590477641 off 0.06092781757636847	false	1.0
vermeiden	neg 1.0		__DUMMY__ 0.8891265706984841 neg 0.06522312736899989 off 0.045650301932516	false	1.0
abweichung	neg 1.0		__DUMMY__ 0.8846211075333483 neg 0.06453326578699665 off 0.050845626679655045	false	1.0
alkoholisiert	neg 1.0		__DUMMY__ 0.8933139416060476 neg 0.05726654715561306 off 0.049419511238339424	false	1.0
scheiss	off 1.0	off 1.0	off 0.514680195840572 __DUMMY__ 0.4409692503251435 neg 0.04435055383428448	false	1.0
herausforderung	neg 1.0	neg 1.0	neg 0.512754150556067 __DUMMY__ 0.4493282956381422 off 0.03791755380579097	false	1.0
pervers	off 1.0		__DUMMY__ 0.8750296603948492 off 0.06869260070784688 neg 0.05627773889730392	false	1.0
wackelig	neg 1.0		__DUMMY__ 0.8895345442995087 neg 0.058617586406531114 off 0.05184786929396022	false	1.0
verwickeln	neg 1.0		__DUMMY__ 0.8798340728632186 neg 0.06349883365547786 off 0.05666709348130353	false	1.0
vorwand	neg 1.0		__DUMMY__ 0.8848492325167494 neg 0.06577315139170216 off 0.04937761609154854	false	1.0
muschi	off 1.0		__DUMMY__ 0.8839855285156505 neg 0.06308176470492305 off 0.052932706779426526	false	0.5
entmutigung	neg 1.0		__DUMMY__ 0.8790356191717937 neg 0.06516270333975141 off 0.05580167748845479	false	1.0
unangemessen	neg 1.0		__DUMMY__ 0.8819069835643233 neg 0.06528510924570688 off 0.05280790718996986	false	1.0
unstetig	neg 1.0		__DUMMY__ 0.8860257931106218 neg 0.059180972952106524 off 0.05479323393727169	false	1.0
entmutigen	neg 1.0		__DUMMY__ 0.8827430061992887 neg 0.061713324954622006 off 0.05554366884608932	false	1.0
schwanz	neg 1.0		__DUMMY__ 0.8863937386578753 neg 0.06365163625059334 off 0.04995462509153145	false	1.0
verbot	neg 1.0		__DUMMY__ 0.8812917928921479 neg 0.06657991404968348 off 0.05212829305816874	false	1.0
leid	neg 1.0		__DUMMY__ 0.8790590411780786 off 0.0637553350613533 neg 0.057185623760568106	false	0.5
archaisch	neg 1.0		__DUMMY__ 0.8835090779557757 neg 0.06399013684608577 off 0.05250078519813852	false	1.0
gegen			__DUMMY__ 0.8879006753503351 neg 0.06316805387346762 off 0.048931270776197154	false	0.0
scheidung	neg 1.0		__DUMMY__ 0.8754835043171995 off 0.07198784788558064 neg 0.052528647797219934	false	0.5
einschlag	neg 1.0	neg 1.0	neg 0.5127942635177446 __DUMMY__ 0.44062398743945264 off 0.046581749042802795	false	1.0
m			__DUMMY__ 0.8863297557911678 neg 0.0614586258370941 off 0.05221161837173823	false	0.0
abgestanden	neg 1.0		__DUMMY__ 0.8862285933665134 neg 0.05950214249769134 off 0.05426926413579531	false	1.0
schmierig	off 1.0		__DUMMY__ 0.8794908552012662 off 0.06333827606414683 neg 0.05717086873458703	false	1.0
unpraktisch	neg 1.0		__DUMMY__ 0.8869842390317255 neg 0.05809424453988617 off 0.05492151642838827	false	1.0
wixxer	off 1.0		__DUMMY__ 0.8743501917118429 off 0.06849116438782263 neg 0.05715864390033451	false	1.0
bezeichnet			__DUMMY__ 0.8819723799679055 neg 0.06399223252642461 off 0.054035387505669975	false	0.0
jammerlappen	off 1.0		__DUMMY__ 0.8803678961075965 neg 0.06084515796735303 off 0.05878694592505041	false	0.5
farce	neg 1.0		__DUMMY__ 0.8802269924643962 neg 0.0669861967076289 off 0.052786810827974914	false	1.0
zwecklos	neg 1.0		__DUMMY__ 0.882040307208087 neg 0.06524104279811159 off 0.052718649993801346	false	1.0
turbulent	neg 1.0		__DUMMY__ 0.8796717129088343 neg 0.061338729762645025 off 0.05898955732852072	false	1.0
invasion	neg 1.0		__DUMMY__ 0.883746745567318 neg 0.05975794312544036 off 0.056495311307241586	false	1.0
schuld	neg 1.0		__DUMMY__ 0.8821737857610181 neg 0.06258873716760617 off 0.05523747707137577	false	1.0
risiko	neg 1.0		__DUMMY__ 0.8853131536519803 neg 0.06019957285163415 off 0.05448727349638567	false	1.0
finster	neg 1.0		__DUMMY__ 0.8848957699572471 neg 0.06046674019303289 off 0.054637489849720056	false	1.0
geisteskrank	off 1.0		__DUMMY__ 0.8775261104588876 neg 0.06210395647188183 off 0.060369933069230615	false	0.5
zusammenbrechen	neg 1.0		__DUMMY__ 0.8849686374045901 neg 0.061912986531371374 off 0.05311837606403856	false	1.0
ausbeute	neg 1.0		__DUMMY__ 0.89070755592816 neg 0.05955056259546412 off 0.049741881476375815	false	1.0
hinterhalt	neg 1.0		__DUMMY__ 0.8875436217966745 neg 0.060105154528078755 off 0.05235122367524679	false	1.0
kritik	neg 1.0		__DUMMY__ 0.8806568878768078 neg 0.06668098256037348 off 0.05266212956281864	false	1.0
einschrumpfen	neg 1.0		__DUMMY__ 0.8786018756619928 neg 0.06439922405051324 off 0.056998900287494075	false	1.0
riskant	neg 1.0		__DUMMY__ 0.88341346974047 neg 0.06537928740220995 off 0.05120724285732	false	1.0
frustrieren	neg 1.0		__DUMMY__ 0.8843064575729975 neg 0.06435328456613078 off 0.051340257860871805	false	1.0
groll	neg 1.0		__DUMMY__ 0.88364457209019 neg 0.06387741361900633 off 0.05247801429080375	false	1.0
gibt			__DUMMY__ 0.8841007561836821 neg 0.06302245834334282 off 0.05287678547297515	false	0.0
qualvoll	neg 1.0		__DUMMY__ 0.8835790312233064 neg 0.059215434892890335 off 0.05720553388380323	false	1.0
wackeln	neg 1.0	neg 1.0	neg 0.514038561282197 __DUMMY__ 0.4444015607758713 off 0.041559877941931604	false	1.0
klagen	neg 1.0		__DUMMY__ 0.8862770401226533 neg 0.0654729296880574 off 0.0482500301892893	false	1.0
bankrott	neg 1.0		__DUMMY__ 0.8824895769005862 neg 0.05989163572268195 off 0.05761878737673185	false	1.0
trauern	neg 1.0		__DUMMY__ 0.886857515025469 neg 0.06197716859739179 off 0.051165316377139315	false	1.0
ablehnung	neg 1.0		__DUMMY__ 0.8809134874655078 neg 0.0663264797742691 off 0.0527600327602232	false	1.0
stur	neg 1.0		__DUMMY__ 0.8814416145616101 neg 0.06280067853422162 off 0.05575770690416825	false	1.0
aufruhr	neg 1.0		__DUMMY__ 0.8841208798947536 neg 0.06237762662440288 off 0.053501493480843466	false	1.0
melancholie	neg 1.0		__DUMMY__ 0.8869824952871084 neg 0.06127290093181152 off 0.05174460378108008	false	1.0
ist			__DUMMY__ 0.8831740481698467 neg 0.060883628324123445 off 0.055942323506029956	false	0.0
torheit	neg 1.0		__DUMMY__ 0.8795371364171986 neg 0.06531501313600259 off 0.05514785044679888	false	1.0
dreckskind	off 1.0		__DUMMY__ 0.8764704885840008 off 0.06452885368578239 neg 0.0590006577302168	false	1.0
umtauschen	neg 1.0		__DUMMY__ 0.8857147924272337 neg 0.06081320053468216 off 0.05347200703808412	false	1.0
zum			__DUMMY__ 0.8952988846916959 neg 0.05893775516224702 off 0.04576336014605699	false	0.0
zersetzen	neg 1.0		__DUMMY__ 0.8824018542889996 neg 0.06763386145470507 off 0.04996428425629536	false	1.0
zur			__DUMMY__ 0.8910301960548491 neg 0.06357210113205836 off 0.04539770281309256	false	0.0
frust	neg 1.0		__DUMMY__ 0.8850879625794312 neg 0.06187846428045577 off 0.05303357314011288	false	1.0
unerbittlichkeit	neg 1.0		__DUMMY__ 0.8834173045103775 neg 0.0664943467186967 off 0.05008834877092591	false	1.0
zwei			__DUMMY__ 0.8927782670629878 neg 0.0595392149489423 off 0.047682517988069856	false	0.0
unkorrekt	neg 1.0		__DUMMY__ 0.8753705617339937 neg 0.06330458475234951 off 0.06132485351365685	false	1.0
hexe	off 1.0		__DUMMY__ 0.8812587429943332 neg 0.059701748037017804 off 0.05903950896864906	false	0.5
lasch	neg 1.0		__DUMMY__ 0.8787861108303016 neg 0.06343444614350273 off 0.05777944302619578	false	1.0
rivale	neg 1.0		__DUMMY__ 0.8808150297106339 off 0.061002469087431385 neg 0.05818250120193469	false	0.5
mutlos	off 1.0	off 1.0	off 0.5088643731603847 __DUMMY__ 0.4399599702983583 neg 0.05117565654125709	false	1.0
wirr	off 1.0		__DUMMY__ 0.8759126124695135 neg 0.06262080409956393 off 0.06146658343092259	false	0.5
jahr			__DUMMY__ 0.8919347631183864 neg 0.05885209338557306 off 0.04921314349604053	false	0.0
wird			__DUMMY__ 0.8857335602690257 neg 0.06270904510932727 off 0.051557394621647	false	0.0
strafbar	neg 1.0		__DUMMY__ 0.8827916993483088 neg 0.06583966052788168 off 0.0513686401238095	false	1.0
erosion	neg 1.0		__DUMMY__ 0.8849072993227594 neg 0.060380801739523274 off 0.054711898937717364	false	1.0
eingehen	neg 1.0		__DUMMY__ 0.8817234673114422 neg 0.06614058353008684 off 0.05213594915847085	false	1.0
faul	off 1.0		__DUMMY__ 0.8838289018929858 neg 0.058421531429051037 off 0.05774956667796318	false	0.5
provisorium	neg 1.0		__DUMMY__ 0.8919811093401515 neg 0.06465958857765892 off 0.043359302082189626	false	1.0
schmerzen	neg 1.0		__DUMMY__ 0.8846397040642727 neg 0.061557719016838576 off 0.05380257691888877	false	1.0
schrumpfen	neg 1.0		__DUMMY__ 0.88642413323842 neg 0.06779972902213588 off 0.045776137739444146	false	1.0
geistlos	off 1.0		__DUMMY__ 0.8752691878163192 neg 0.06786964714228452 off 0.056861165041396294	false	0.5
fehlkauf	neg 1.0		__DUMMY__ 0.8816182515026907 neg 0.06251804050475394 off 0.055863707992555446	false	1.0
frustrierend	neg 1.0		__DUMMY__ 0.8837263452430405 neg 0.05835113801514646 off 0.057922516741812986	false	1.0
unzufrieden	neg 1.0		__DUMMY__ 0.8824982055693739 neg 0.06486910190765253 off 0.05263269252297351	false	1.0
verzweifeln	neg 1.0		__DUMMY__ 0.8839404514276665 neg 0.06205579704333705 off 0.0540037515289964	false	1.0
verzweifelt	neg 1.0		__DUMMY__ 0.8818698745789874 neg 0.062325838753165774 off 0.055804286667846884	false	1.0
misstrauensantrag	neg 1.0		__DUMMY__ 0.8813725334520917 neg 0.062421612869760286 off 0.05620585367814807	false	1.0
abfallen	neg 1.0		__DUMMY__ 0.8863896851596819 neg 0.05844511834668751 off 0.055165196493630615	false	1.0
fucker	off 1.0		__DUMMY__ 0.8786528756597296 off 0.06078569021843517 neg 0.06056143412183529	false	1.0
ungezogen	neg 1.0		__DUMMY__ 0.8772753640785466 off 0.0671332074137284 neg 0.05559142850772512	false	0.5
irrsinnig	neg 1.0	neg 1.0	neg 0.5177362922347372 __DUMMY__ 0.44020447742837765 off 0.042059230336885196	false	1.0
unfassbar	neg 1.0		__DUMMY__ 0.880265336661991 neg 0.06033456314336838 off 0.05940010019464053	false	1.0
hart	neg 1.0		__DUMMY__ 0.8825446186041647 neg 0.060256521635806644 off 0.057198859760028746	false	1.0
widerlich	off 1.0		__DUMMY__ 0.8776422071440434 neg 0.06212698902284985 off 0.06023080383310682	false	0.5
fatal	neg 1.0		__DUMMY__ 0.8818421303035049 neg 0.06196535290101191 off 0.05619251679548321	false	1.0
bruch	neg 1.0		__DUMMY__ 0.8853366581382879 neg 0.06622487035218136 off 0.04843847150953072	false	1.0
aushungern	neg 1.0		__DUMMY__ 0.8800757550299481 neg 0.06630314593707386 off 0.05362109903297812	false	1.0
anspannung	neg 1.0	neg 1.0	neg 0.5152958793137331 __DUMMY__ 0.4497349862805625 off 0.03496913440570434	false	1.0
von			__DUMMY__ 0.8917213761409933 neg 0.059645956021296506 off 0.048632667837710246	false	0.0
kraftlos	neg 1.0		__DUMMY__ 0.8874486290189001 neg 0.06016564008600696 off 0.052385730895092915	false	1.0
vom			__DUMMY__ 0.8953690345117914 neg 0.0607591117563052 off 0.04387185373190341	false	0.0
grenzdebil	off 1.0		__DUMMY__ 0.8804691114274772 off 0.060240968952947775 neg 0.05928991961957514	false	1.0
vor			__DUMMY__ 0.8875023258673189 neg 0.06315679683855652 off 0.04934087729412459	false	0.0
unterwerfen	neg 1.0		__DUMMY__ 0.8839890837287628 neg 0.06489300333389741 off 0.051117912937339825	false	1.0
versenkung	neg 1.0		__DUMMY__ 0.8844653071034528 neg 0.06457187336815327 off 0.05096281952839385	false	1.0
entziehen	neg 1.0		__DUMMY__ 0.8856031531753678 neg 0.0655980997316681 off 0.048798747092964126	false	1.0
finanzkrise	neg 1.0		__DUMMY__ 0.8800558697589649 neg 0.06654460121543945 off 0.05339952902559577	false	1.0
schimpfend	neg 1.0		__DUMMY__ 0.8870614229367821 neg 0.05812871141755933 off 0.05480986564565864	false	1.0
profan	neg 1.0		__DUMMY__ 0.8823125080530778 neg 0.06079501270808609 off 0.05689247923883611	false	1.0
korruption	neg 1.0	neg 1.0	neg 0.5208958712555221 __DUMMY__ 0.43968046230517793 off 0.039423666439300085	false	1.0
â			__DUMMY__ 0.8857841350198584 neg 0.06297884833079306 off 0.051237016649348516	false	0.0
schmutzig	neg 1.0		__DUMMY__ 0.8813729157000735 off 0.05969215161795082 neg 0.058934932681975645	false	0.5
sexy	neg 1.0		__DUMMY__ 0.881865957326233 neg 0.060670316947925046 off 0.05746372572584205	false	1.0
abraten	neg 1.0		__DUMMY__ 0.8831298002163195 neg 0.06093255277399061 off 0.055937647009689805	false	1.0
schwarz	neg 1.0		__DUMMY__ 0.8816518448197296 neg 0.06272786044000608 off 0.05562029474026436	false	1.0
fotze	off 1.0		__DUMMY__ 0.8844829887018623 neg 0.0645446818573911 off 0.050972329440746665	false	0.5
verwirren	neg 1.0		__DUMMY__ 0.8823459288708088 neg 0.06049941779944623 off 0.057154653329744926	false	1.0
zahnlos	off 1.0		__DUMMY__ 0.8822881566377347 neg 0.06504816853114782 off 0.05266367483111747	false	0.5
verheeren	neg 1.0		__DUMMY__ 0.8775006430602188 off 0.0681531219662594 neg 0.054346234973521854	false	0.5
hippie	neg 1.0		__DUMMY__ 0.8814118889790391 neg 0.061509755038253025 off 0.05707835598270784	false	1.0
rammen	neg 1.0		__DUMMY__ 0.8833566241793026 neg 0.06208428086657556 off 0.0545590949541218	false	1.0
unlauter	neg 1.0		__DUMMY__ 0.8779648459275528 neg 0.06722963217545415 off 0.054805521896993115	false	1.0
unheilvoll	neg 1.0		__DUMMY__ 0.8859030728374355 neg 0.0579710741569856 off 0.05612585300557885	false	1.0
niedrig	neg 1.0		__DUMMY__ 0.8864221550645411 neg 0.06356385018433 off 0.05001399475112885	false	1.0
explosion	neg 1.0		__DUMMY__ 0.8813091237716375 neg 0.06220680164146326 off 0.05648407458689927	false	1.0
weichei	off 1.0		__DUMMY__ 0.8771234836808782 off 0.0644929072966221 neg 0.0583836090224997	false	1.0
minusmensch	off 1.0		__DUMMY__ 0.8710336352508496 off 0.0682201434140538 neg 0.060746221335096495	false	1.0
farblos	neg 1.0		__DUMMY__ 0.8898507358809943 neg 0.05728433921008716 off 0.05286492490891864	false	1.0
unwissend	neg 1.0	neg 1.0	neg 0.5164671466125494 __DUMMY__ 0.43866656922367286 off 0.04486628416377764	false	1.0
traurig	neg 1.0		__DUMMY__ 0.8803865183263003 off 0.06194131032831022 neg 0.05767217134538937	false	0.5
senkung	neg 1.0		__DUMMY__ 0.8794647243130838 neg 0.06388763943243608 off 0.05664763625448025	false	1.0
ungleich	neg 1.0	neg 1.0	neg 0.5212362791254616 __DUMMY__ 0.44023096740807577 off 0.038532753466462795	false	1.0
heikel	neg 1.0		__DUMMY__ 0.8836498241832652 neg 0.06623249334840572 off 0.050117682468328976	false	1.0
drosselung	neg 1.0		__DUMMY__ 0.8815668513076694 off 0.05962017953813005 neg 0.0588129691542005	false	0.5
falsch	neg 1.0		__DUMMY__ 0.8819156772130228 neg 0.05998858714920547 off 0.05809573563777167	false	1.0
unzufriedenheit	neg 1.0		__DUMMY__ 0.8838420110743118 neg 0.06648733518535 off 0.04967065374033827	false	1.0
kurz	neg 1.0		__DUMMY__ 0.8877465665186679 neg 0.059531108751349496 off 0.05272232472998253	false	1.0
unsinnig	neg 1.0		__DUMMY__ 0.8809464209856757 neg 0.06600015780001625 off 0.05305342121430807	false	1.0
penner	off 1.0	off 1.0	off 0.5203790155812902 __DUMMY__ 0.4362830562598482 neg 0.043337928158861526	false	1.0
seicht	neg 1.0		__DUMMY__ 0.8732230068364262 off 0.06727556294024027 neg 0.059501430223333526	false	0.5
dummheit	off 1.0	off 1.0	off 0.5132022857452738 __DUMMY__ 0.4386304209797384 neg 0.048167293274987706	false	1.0
unerfreulich	neg 1.0		__DUMMY__ 0.8861866945168014 neg 0.06465286692667606 off 0.049160438556522475	false	1.0
motherfucker	off 1.0	off 1.0	off 0.5161483308452031 __DUMMY__ 0.43732355855691357 neg 0.046528110597883324	false	1.0
pikiert	neg 1.0		__DUMMY__ 0.8776499637692938 neg 0.06309235549336058 off 0.05925768073734563	false	1.0
wrack	neg 1.0		__DUMMY__ 0.8898074161167563 neg 0.05981298085860609 off 0.050379603024637634	false	1.0
gangster	neg 1.0		__DUMMY__ 0.8823822107521807 neg 0.06093443637045326 off 0.05668335287736609	false	1.0
krank	neg 1.0		__DUMMY__ 0.8822494094373219 off 0.060251217809606496 neg 0.05749937275307165	false	0.5
reich	neg 1.0		__DUMMY__ 0.879548307485941 neg 0.06246956572551179 off 0.05798212678854714	false	1.0
gnadenlos	neg 1.0		__DUMMY__ 0.8827967159964634 neg 0.06194146714328068 off 0.05526181686025585	false	1.0
niedergeschlagen	neg 1.0		__DUMMY__ 0.8860467701356207 neg 0.060874023896539564 off 0.053079205967839764	false	1.0
terrorisieren	off 1.0	off 1.0	off 0.5091084242414128 __DUMMY__ 0.44214927449021674 neg 0.04874230126837051	false	1.0
sinnlosigkeit	neg 1.0		__DUMMY__ 0.8827017600114294 neg 0.06459650296553068 off 0.052701737023039937	false	1.0
behindern	neg 1.0		__DUMMY__ 0.8825470252114826 neg 0.06395979462810493 off 0.053493180160412386	false	1.0
undemokratisch	neg 1.0		__DUMMY__ 0.8793893704537844 neg 0.06530566151139336 off 0.05530496803482218	false	1.0
wirtschaftskrise	neg 1.0		__DUMMY__ 0.8822720186669093 neg 0.06626170575122885 off 0.05146627558186179	false	1.0
neid	neg 1.0		__DUMMY__ 0.8845700187922633 off 0.0584474387437413 neg 0.056982542463995325	false	0.5
rutschen	neg 1.0	neg 1.0	neg 0.514323162342841 __DUMMY__ 0.4495827906234951 off 0.03609404703366393	false	1.0
rezession	neg 1.0		__DUMMY__ 0.8757606237558543 off 0.06279092578211065 neg 0.06144845046203506	false	0.5
fehlgeburt	neg 1.0		__DUMMY__ 0.8856993684042453 neg 0.05837581000325161 off 0.05592482159250303	false	1.0
charakterschwach	off 1.0		__DUMMY__ 0.8796252257790939 neg 0.060363840023874266 off 0.06001093419703179	false	0.5
isolation	neg 1.0		__DUMMY__ 0.8836637058934409 neg 0.05853229145655427 off 0.05780400265000479	false	1.0
ablenkung	neg 1.0		__DUMMY__ 0.884009352858491 neg 0.06138518234518746 off 0.05460546479632153	false	1.0
pech	neg 1.0		__DUMMY__ 0.8837637249442291 neg 0.05883247886661603 off 0.05740379618915487	false	1.0
vermeidung	neg 1.0		__DUMMY__ 0.8788053223855381 neg 0.06125685918768381 off 0.05993781842677816	false	1.0
dominieren	neg 1.0		__DUMMY__ 0.8880458553713257 neg 0.06072492494130348 off 0.0512292196873707	false	1.0
schwindlig	neg 1.0		__DUMMY__ 0.8871010332907343 neg 0.056770379009237835 off 0.0561285877000279	false	1.0
lutscher	neg 1.0		__DUMMY__ 0.8743507702210923 off 0.06770295594602904 neg 0.05794627383287868	false	0.5
pflicht	neg 1.0		__DUMMY__ 0.8839907372404259 neg 0.06587578804808698 off 0.0501334747114871	false	1.0
faschist	off 1.0		__DUMMY__ 0.8779759419459483 neg 0.06480724156035547 off 0.05721681649369626	false	0.5
verschleudern	neg 1.0		__DUMMY__ 0.8793037886834286 neg 0.06993653800254908 off 0.050759673314022424	false	1.0
wenn			__DUMMY__ 0.8816430930878043 neg 0.06004284696163615 off 0.05831405995055959	false	0.0
ehebruch	neg 1.0		__DUMMY__ 0.8824714605131062 neg 0.06586778442671917 off 0.05166075506017454	false	1.0
spott	off 1.0		__DUMMY__ 0.8819942556619295 neg 0.06677426004100744 off 0.051231484297063104	false	0.5
trostlosigkeit	neg 1.0		__DUMMY__ 0.8856108069317994 neg 0.06549467757255714 off 0.04889451549564342	false	1.0
lutschen	neg 1.0		__DUMMY__ 0.8809122138404075 neg 0.06253594198911207 off 0.05655184417048042	false	1.0
undiszipliniert	neg 1.0		__DUMMY__ 0.8806405072389499 off 0.06111350444329197 neg 0.05824598831775808	false	0.5
kopfschmerz	neg 1.0		__DUMMY__ 0.8868501755785072 neg 0.0605836845118848 off 0.05256613990960797	false	1.0
unvorhergesehen	neg 1.0		__DUMMY__ 0.8908881757633109 neg 0.05850439795310273 off 0.05060742628358631	false	1.0
desinteressiert	neg 1.0		__DUMMY__ 0.8788352246451169 off 0.06108465327345542 neg 0.060080122081427725	false	0.5
armselig	off 1.0		__DUMMY__ 0.8757065897674222 neg 0.062255210253157625 off 0.062038199979420096	false	0.5
desaster	neg 1.0		__DUMMY__ 0.8849752314229541 neg 0.06703203297363644 off 0.04799273560340953	false	1.0
tod	neg 1.0		__DUMMY__ 0.887790590432235 neg 0.061029650305968415 off 0.051179759261796645	false	1.0
herzlos	neg 1.0		__DUMMY__ 0.8779313180576691 off 0.062392892042007146 neg 0.059675789900323795	false	0.5
unwissenheit	neg 1.0		__DUMMY__ 0.8802221629205359 neg 0.06726763160675123 off 0.052510205472712825	false	1.0
widersinnig	neg 1.0	neg 1.0	neg 0.5215529242502799 __DUMMY__ 0.4382449218086413 off 0.04020215394107886	false	1.0
bedenklich	neg 1.0		__DUMMY__ 0.8826133330595823 neg 0.06596511824394685 off 0.051421548696470705	false	1.0
beanstanden	neg 1.0		__DUMMY__ 0.885588826571133 neg 0.06486565325799466 off 0.04954552017087238	false	1.0
panisch	neg 1.0	neg 1.0	neg 0.5119714013054076 __DUMMY__ 0.44514551135663366 off 0.04288308733795866	false	1.0
debil	off 1.0		__DUMMY__ 0.8889232632608899 neg 0.06631111566842034 off 0.0447656210706897	false	0.5
abstrich	neg 1.0		__DUMMY__ 0.8846282847872774 neg 0.06467789560155132 off 0.05069381961117126	false	1.0
primitiv	neg 1.0		__DUMMY__ 0.8778114068676292 neg 0.06154609234062824 off 0.060642500791742486	false	1.0
abschaum	off 1.0	off 1.0	off 0.5147023655365007 __DUMMY__ 0.4381246976196936 neg 0.04717293684380562	false	1.0
provozieren	neg 1.0		__DUMMY__ 0.8814434486040429 neg 0.06345907797580072 off 0.05509747342015647	false	1.0
tot	neg 1.0		__DUMMY__ 0.886028765855522 neg 0.06347181987151838 off 0.05049941427295956	false	1.0
instabil	neg 1.0		__DUMMY__ 0.8769066085087819 neg 0.06271198607132833 off 0.06038140541988978	false	1.0
schwuchtel	off 1.0		__DUMMY__ 0.8715822498862124 off 0.07200651910896406 neg 0.056411231004823675	false	1.0
zerren	neg 1.0		__DUMMY__ 0.886252135714529 neg 0.06043696460295245 off 0.05331089968251857	false	1.0
kinderficker	off 1.0		__DUMMY__ 0.8743060264167489 off 0.06427452603753624 neg 0.06141944754571476	false	1.0
gefahr	neg 1.0		__DUMMY__ 0.8859266226000749 neg 0.06425744041579354 off 0.049815936984131635	false	1.0
rabiat	neg 1.0		__DUMMY__ 0.8813716090058673 neg 0.06414444933549199 off 0.05448394165864074	false	1.0
verlangsamung	neg 1.0		__DUMMY__ 0.8749876522083767 off 0.0657842291967206 neg 0.05922811859490269	false	0.5
ausgestorben	neg 1.0		__DUMMY__ 0.8849532698654721 neg 0.061198983351488226 off 0.053847746783039614	false	1.0
anklagen	neg 1.0		__DUMMY__ 0.8826035770640611 neg 0.06443819165928008 off 0.052958231276658864	false	1.0
trott	neg 1.0		__DUMMY__ 0.8847757762944543 neg 0.06150685813758082 off 0.05371736556796498	false	1.0
verminderung	neg 1.0		__DUMMY__ 0.878557577661986 neg 0.06083616056823907 off 0.06060626176977505	false	1.0
nach			__DUMMY__ 0.8952305070976354 neg 0.05856776886866662 off 0.04620172403369787	false	0.0
rost	neg 1.0		__DUMMY__ 0.8757944118945383 off 0.06440581545221752 neg 0.05979977265324415	false	0.5
destruktiv	neg 1.0		__DUMMY__ 0.879502735813156 neg 0.06637289911340896 off 0.05412436507343515	false	1.0
unzumutbarkeit	neg 1.0		__DUMMY__ 0.8838864738817711 off 0.0584355055322517 neg 0.05767802058597716	false	0.5
labil	off 1.0	off 1.0	off 0.514668147790883 __DUMMY__ 0.43869790988226653 neg 0.04663394232685049	false	1.0
ziemlich	neg 1.0		__DUMMY__ 0.8823698517697934 off 0.059732350815842425 neg 0.05789779741436423	false	0.5
lachnummer	off 1.0		__DUMMY__ 0.8818912416933194 neg 0.06364910363032146 off 0.05445965467635898	false	0.5
oder			__DUMMY__ 0.886124449704187 neg 0.05943905875209236 off 0.05443649154372065	false	0.0
verfall	neg 1.0		__DUMMY__ 0.8863498423575955 neg 0.06787074791875493 off 0.04577940972364964	false	1.0
ausgrenzung	neg 1.0		__DUMMY__ 0.8786002315586703 neg 0.06548476134676452 off 0.05591500709456519	false	1.0
unordnung	neg 1.0		__DUMMY__ 0.8840678630615035 off 0.059087596789000225 neg 0.05684454014949627	false	0.5
fehlverhalten	neg 1.0		__DUMMY__ 0.8834627520194643 neg 0.06612660313269544 off 0.05041064484784017	false	1.0
eine			__DUMMY__ 0.8859872169331998 neg 0.06444422138535993 off 0.04956856168144019	false	0.0
nille	neg 1.0		__DUMMY__ 0.8841500896358044 neg 0.062442225837228665 off 0.05340768452696692	false	1.0
qual	neg 1.0		__DUMMY__ 0.884213495170972 neg 0.062216034702257166 off 0.053570470126770776	false	1.0
verschwenden	neg 1.0		__DUMMY__ 0.8832146843707657 neg 0.06506886237004202 off 0.051716453259192226	false	1.0
riesig	neg 1.0	neg 1.0	neg 0.5161634782514833 __DUMMY__ 0.44506256162889085 off 0.03877396011962575	false	1.0
verurteilen	neg 1.0		__DUMMY__ 0.88166918584202 neg 0.06573879478489197 off 0.052592019373088036	false	1.0
klischee	neg 1.0	neg 1.0	neg 0.5181017558176666 __DUMMY__ 0.4380658596853729 off 0.04383238449696041	false	1.0
diktatorisch	neg 1.0		__DUMMY__ 0.8771799262553797 neg 0.06699424478499544 off 0.0558258289596249	false	1.0
vorhersehbar	neg 1.0	neg 1.0	neg 0.5174228684585102 __DUMMY__ 0.43916267109081153 off 0.04341446045067836	false	1.0
sowie			__DUMMY__ 0.8765695841361744 off 0.06412795372606132 neg 0.059302462137764286	false	0.0
stornieren	neg 1.0		__DUMMY__ 0.8898729744479207 neg 0.055311975585293105 off 0.0548150499667861	false	1.0
besteuerung	neg 1.0		__DUMMY__ 0.8795714055107724 neg 0.06571761367618753 off 0.05471098081304009	false	1.0
ungeschminkt	neg 1.0		__DUMMY__ 0.8798417162848532 neg 0.060519263297876505 off 0.05963902041727033	false	1.0
kritisch	neg 1.0		__DUMMY__ 0.8831450970283412 neg 0.06552510590229278 off 0.05132979706936603	false	1.0
schlamperei	off 1.0		__DUMMY__ 0.8833662635511133 neg 0.06626283516962872 off 0.050370901279258	false	0.5
sucht	neg 1.0	neg 1.0	neg 0.5155010146533028 __DUMMY__ 0.4436984665203488 off 0.040800518826348366	false	1.0
egoistisch	off 1.0		__DUMMY__ 0.8775766020843965 off 0.06458400286060356 neg 0.057839395054999986	false	1.0
ausbeuter	off 1.0		__DUMMY__ 0.8818012300541831 neg 0.06792897616364411 off 0.050269793782172736	false	0.5
arschgeburt	off 1.0		__DUMMY__ 0.8704555835976739 off 0.07227257531414578 neg 0.05727184108818014	false	1.0
schubs	neg 1.0	neg 1.0	neg 0.5151967854602443 __DUMMY__ 0.44547007823098766 off 0.039333136308768044	false	1.0
unsolide	neg 1.0		__DUMMY__ 0.8742441341287255 neg 0.06957781874675024 off 0.05617804712452424	false	1.0
beschwerde	neg 1.0		__DUMMY__ 0.8834690592934009 neg 0.06606491670348481 off 0.05046602400311435	false	1.0
stocken	neg 1.0		__DUMMY__ 0.8843334943868084 neg 0.06468717593308974 off 0.05097932968010193	false	1.0
isolieren	neg 1.0		__DUMMY__ 0.8825937260922453 neg 0.06543702549645636 off 0.051969248411298276	false	1.0
unheilbar	neg 1.0		__DUMMY__ 0.8836760400044339 neg 0.0614402444937387 off 0.05488371550182743	false	1.0
pisser	off 1.0		__DUMMY__ 0.8804398788789863 off 0.06086458870565565 neg 0.05869553241535792	false	1.0
löschen	neg 1.0		__DUMMY__ 0.8833334464171072 neg 0.06247786105164712 off 0.054188692531245745	false	1.0
durchfallen	neg 1.0		__DUMMY__ 0.8817136126623657 neg 0.06584294848453782 off 0.05244343885309653	false	1.0
wichser	off 1.0		__DUMMY__ 0.8751791214925054 off 0.06885795388161611 neg 0.05596292462587851	false	1.0
terror	neg 1.0		__DUMMY__ 0.8847218094664864 neg 0.058709595161734 off 0.05656859537177953	false	1.0
krass	neg 1.0		__DUMMY__ 0.8790755655206398 off 0.06255723224230991 neg 0.05836720223705025	false	0.5
revolte	neg 1.0		__DUMMY__ 0.8791111832999362 neg 0.06448403503949568 off 0.0564047816605681	false	1.0
besorgt	neg 1.0		__DUMMY__ 0.887419982248384 neg 0.06013129921834138 off 0.05244871853327471	false	1.0
nachlassen	neg 1.0		__DUMMY__ 0.8844598772958363 neg 0.06518868687428557 off 0.05035143582987808	false	1.0
alt	neg 1.0		__DUMMY__ 0.8856448859553349 neg 0.06339111043207761 off 0.05096400361258754	false	1.0
hundesohn	off 1.0		__DUMMY__ 0.8736833253813335 off 0.06776490127245638 neg 0.05855177334621005	false	1.0
als			__DUMMY__ 0.8867337840315882 neg 0.06055795539100396 off 0.0527082605774078	false	0.0
abschreckung	neg 1.0		__DUMMY__ 0.8848722276138546 neg 0.06606086749334053 off 0.04906690489280478	false	1.0
unqualifiziert	neg 1.0		__DUMMY__ 0.8773563067596621 neg 0.06506700285106229 off 0.0575766903892756	false	1.0
abgewichst	off 1.0		__DUMMY__ 0.884670951849094 neg 0.06260840630246392 off 0.05272064184844219	false	0.5
schwer	neg 1.0		__DUMMY__ 0.8839376149012563 neg 0.06174417635286291 off 0.05431820874588067	false	1.0
bedeutungslosigkeit	neg 1.0		__DUMMY__ 0.8842125342443965 neg 0.06589730288257346 off 0.049890162873030094	false	1.0
kapitulation	neg 1.0		__DUMMY__ 0.8803873782560105 neg 0.06845909323199495 off 0.051153528511994464	false	1.0
unscharf	neg 1.0		__DUMMY__ 0.8833560222397783 neg 0.06064719863077582 off 0.05599677912944598	false	1.0
schwinden	neg 1.0		__DUMMY__ 0.8841855755261944 neg 0.06615588826455567 off 0.04965853620924985	false	1.0
versklavung	neg 1.0		__DUMMY__ 0.876772756766981 neg 0.06786457703098982 off 0.055362666202029176	false	1.0
schlecht	neg 1.0		__DUMMY__ 0.8824484437830427 off 0.05988108439440638 neg 0.057670471822550896	false	0.5
verhasst	neg 1.0		__DUMMY__ 0.8813586397036652 neg 0.0632034423661785 off 0.05543791793015622	false	1.0
beschweren	neg 1.0		__DUMMY__ 0.8825502743829262 neg 0.06133288726566933 off 0.056116838351404415	false	1.0
scheiden	neg 1.0		__DUMMY__ 0.8904720523983501 neg 0.05525757614752749 off 0.05427037145412231	false	1.0
frustriert	neg 1.0		__DUMMY__ 0.8843622494506499 neg 0.06221323721302107 off 0.05342451333632909	false	1.0
schimmelig	neg 1.0		__DUMMY__ 0.8874050007491193 neg 0.06235446253533186 off 0.0502405367155487	false	1.0
fisch	neg 1.0		__DUMMY__ 0.8927420566531018 neg 0.05818140018826384 off 0.04907654315863428	false	1.0
schmuggel	neg 1.0		__DUMMY__ 0.8886718068444311 neg 0.06170031212887423 off 0.049627881026694576	false	1.0
auffallen	neg 1.0		__DUMMY__ 0.8832742312312158 neg 0.0600332506341719 off 0.056692518134612305	false	1.0
konkurrenz	neg 1.0	neg 1.0	neg 0.5182540494627171 __DUMMY__ 0.44466434942980876 off 0.0370816011074742	false	1.0
teufelskreis	neg 1.0	neg 1.0	neg 0.5189032746833431 __DUMMY__ 0.4402491125984787 off 0.0408476127181782	false	1.0
aufschreien	neg 1.0		__DUMMY__ 0.8807194126562784 neg 0.06268014718526194 off 0.056600440158459775	false	1.0
schuldner	neg 1.0		__DUMMY__ 0.885140848755903 neg 0.06495824218008349 off 0.049900909064013475	false	1.0
missgeburt	off 1.0	off 1.0	off 0.518665004831501 __DUMMY__ 0.43701990141858826 neg 0.04431509374991078	false	1.0
arbeitslos	neg 1.0		__DUMMY__ 0.8819630006438914 neg 0.06530243024678564 off 0.05273456910932294	false	1.0
befallen	neg 1.0		__DUMMY__ 0.880070784184391 neg 0.06712893052706569 off 0.05280028528854334	false	1.0
miesepetrig	off 1.0	off 1.0	off 0.515114640004041 __DUMMY__ 0.4408348028029287 neg 0.044050557193030394	false	1.0
alarmieren	neg 1.0		__DUMMY__ 0.8787549483926709 neg 0.062638816699432 off 0.0586062349078971	false	1.0
ungeduscht	off 1.0		__DUMMY__ 0.8843218563751236 neg 0.05854819234534558 off 0.05712995127953076	false	0.5
knappheit	neg 1.0		__DUMMY__ 0.8813001769261304 neg 0.06768516806894546 off 0.05101465500492402	false	1.0
schlange	neg 1.0		__DUMMY__ 0.887083278811918 neg 0.05703097641868798 off 0.05588574476939407	false	1.0
harsch	neg 1.0		__DUMMY__ 0.88189580979641 off 0.06329441505518173 neg 0.054809775148408325	false	0.5
lang	neg 1.0		__DUMMY__ 0.8835792095631132 neg 0.061834681001142186 off 0.05458610943574457	false	1.0
ziellos	neg 1.0		__DUMMY__ 0.8867431692683672 neg 0.06111201419264573 off 0.05214481653898715	false	1.0
selbstverliebt	neg 1.0		__DUMMY__ 0.871419744573736 off 0.06976616488447174 neg 0.0588140905417922	false	0.5
beseitigen	neg 1.0	neg 1.0	neg 0.5150766602867897 __DUMMY__ 0.44445381983876325 off 0.040469519874446955	false	1.0
dumm	off 1.0		__DUMMY__ 0.8762552057447366 off 0.06543503764839555 neg 0.058309756606867894	false	1.0
arbeitsloser	neg 1.0		__DUMMY__ 0.8851350432430735 neg 0.06285374354666155 off 0.052011213210264994	false	1.0
blitzen	neg 1.0		__DUMMY__ 0.8819314951840128 neg 0.06084365538228468 off 0.05722484943370255	false	1.0
hilflos	neg 1.0		__DUMMY__ 0.8841496454617516 neg 0.06293052629375476 off 0.05291982824449371	false	1.0
eklig	off 1.0		__DUMMY__ 0.8764431605613178 off 0.06592852146034878 neg 0.0576283179783334	false	1.0
begriff			__DUMMY__ 0.8817676402926433 neg 0.06487010766116551 off 0.05336225204619113	false	0.0
hungersnot	neg 1.0		__DUMMY__ 0.8839409564385878 neg 0.06328946241987872 off 0.052769581141533434	false	1.0
ungesetzlich	neg 1.0		__DUMMY__ 0.8747237989044214 neg 0.06866913130085654 off 0.056607069794721986	false	1.0
verschwendung	neg 1.0		__DUMMY__ 0.8841396349625088 neg 0.06518287580257497 off 0.05067748923491629	false	1.0
schmerzvoll	neg 1.0		__DUMMY__ 0.8830999759042488 neg 0.060888956821061636 off 0.05601106727468952	false	1.0
vorzeitig	neg 1.0		__DUMMY__ 0.8844520080554983 neg 0.05848401982217596 off 0.057063972122325744	false	1.0
unvollkommenheit	neg 1.0		__DUMMY__ 0.888491956426823 neg 0.05958707836102819 off 0.051920965212148736	false	1.0
intervenieren	neg 1.0		__DUMMY__ 0.88194696249842 neg 0.06750121462888171 off 0.050551822872698396	false	1.0
banause	off 1.0		__DUMMY__ 0.8741284344036704 off 0.06780242103389733 neg 0.05806914456243226	false	1.0
rebell	neg 1.0		__DUMMY__ 0.8873320083903069 neg 0.0653855008171097 off 0.04728249079258347	false	1.0
unlogisch	neg 1.0		__DUMMY__ 0.8791512584238772 off 0.06211230290710146 neg 0.058736438669021354	false	0.5
leiden	neg 1.0		__DUMMY__ 0.8921352858854694 neg 0.05811080345473309 off 0.04975391065979749	false	1.0
abschaffung	neg 1.0		__DUMMY__ 0.880389733964355 neg 0.06478121828585462 off 0.054829047749790354	false	1.0
sturz	neg 1.0		__DUMMY__ 0.8854208266159753 neg 0.060357047651614884 off 0.054222125732409705	false	1.0
verkleinerung	neg 1.0		__DUMMY__ 0.8781103135877096 neg 0.06478116173364667 off 0.057108524678643656	false	1.0
schmarotzer	off 1.0		__DUMMY__ 0.8809171293311877 neg 0.06647584992022959 off 0.05260702074858266	false	0.5
bestrafung	neg 1.0		__DUMMY__ 0.8815499830126043 neg 0.0627252094970877 off 0.05572480749030787	false	1.0
achtlos	neg 1.0		__DUMMY__ 0.8854433083899284 neg 0.06036433442049294 off 0.05419235718957877	false	1.0
ungeheuer	neg 1.0		__DUMMY__ 0.8843644448989344 neg 0.05855688926794395 off 0.05707866583312158	false	1.0
unaufrichtig	neg 1.0		__DUMMY__ 0.8781521747213784 neg 0.0654100621694799 off 0.05643776310914169	false	1.0
