unsolidarisch	neg 1.0		__DUMMY__ 0.9217834778498991 neg 0.044491945909363895 off 0.033724576240737	false	1.0
nachteilig	neg 1.0		__DUMMY__ 0.9285596180507121 neg 0.04103743621987262 off 0.030402945729415345	false	1.0
skeptisch	neg 1.0		__DUMMY__ 0.9294694172142645 neg 0.040586187318255695 off 0.029944395467479772	false	1.0
schrecklich	neg 1.0		__DUMMY__ 0.9249955693598363 off 0.0403778051094618 neg 0.03462662553070195	false	0.5
schlapp	neg 1.0		__DUMMY__ 0.928085929539855 off 0.036686980755356695 neg 0.03522708970478826	false	0.5
abfall	neg 1.0		__DUMMY__ 0.9300293944521981 neg 0.042049119419383996 off 0.027921486128417865	false	1.0
widerspenstig	neg 1.0		__DUMMY__ 0.9282401327599412 neg 0.03865831966166145 off 0.03310154757839727	false	1.0
abrupt	neg 1.0		__DUMMY__ 0.932649190163737 neg 0.037537185380585834 off 0.02981362445567713	false	1.0
unwirksam	neg 1.0		__DUMMY__ 0.9248525668199872 neg 0.04190166245872784 off 0.03324577072128491	false	1.0
angreifen	neg 1.0	neg 1.0	neg 0.5075968631848999 __DUMMY__ 0.46487626397990595 off 0.027526872835194036	false	1.0
inkonsistent	neg 1.0		__DUMMY__ 0.9287527822764602 neg 0.0375796233399447 off 0.033667594383595185	false	1.0
abrutschen	neg 1.0		__DUMMY__ 0.9303511265320863 neg 0.04145492127197892 off 0.02819395219593473	false	1.0
unsicher	neg 1.0		__DUMMY__ 0.9289662707335173 neg 0.037492968992249 off 0.03354076027423358	false	1.0
bauernkind	off 1.0	off 1.0	off 0.5063237481096083 __DUMMY__ 0.4590231225735516 neg 0.03465312931684009	false	1.0
angreifer	neg 1.0		__DUMMY__ 0.9297073557688428 neg 0.03586264544562834 off 0.034429998785528805	false	1.0
trennen	neg 1.0		__DUMMY__ 0.9339324112228768 neg 0.03578278280157515 off 0.030284805975547953	false	1.0
schmutz	neg 1.0		__DUMMY__ 0.9335263454900183 off 0.03418297089035098 neg 0.03229068361963064	false	0.5
inkonsistenz	neg 1.0		__DUMMY__ 0.923999630854469 neg 0.03934734497963169 off 0.03665302416589927	false	1.0
erschreckend	neg 1.0		__DUMMY__ 0.927262723374873 neg 0.03990376555206626 off 0.03283351107306069	false	1.0
ertrinken	neg 1.0		__DUMMY__ 0.9306040435414694 neg 0.038496216079271554 off 0.03089974037925898	false	1.0
pickelface	off 1.0		__DUMMY__ 0.9286164749985362 neg 0.03949004021504445 off 0.03189348478641942	false	0.5
seiner			__DUMMY__ 0.9307398870258142 neg 0.039077685684926235 off 0.030182427289259527	false	0.0
lauch	neg 1.0		__DUMMY__ 0.9292638123293466 neg 0.04274545642763083 off 0.02799073124302253	false	1.0
unwichtig	neg 1.0		__DUMMY__ 0.9254631885887271 neg 0.03753488373490906 off 0.03700192767636373	false	1.0
steuerhinterziehung	neg 1.0		__DUMMY__ 0.9260248578966463 neg 0.04159521297129607 off 0.032379929132057554	false	1.0
schock	neg 1.0		__DUMMY__ 0.9316716260210578 neg 0.03562403131585136 off 0.032704342663090864	false	1.0
beule	neg 1.0		__DUMMY__ 0.9286839117843898 off 0.036789929544889015 neg 0.034526158670721174	false	0.5
vergelten	neg 1.0		__DUMMY__ 0.9284533108563896 off 0.03950192271599754 neg 0.03204476642761291	false	0.5
verdorbenheit	neg 1.0		__DUMMY__ 0.930579612484579 neg 0.03687390287806147 off 0.03254648463735955	false	1.0
trauma	neg 1.0		__DUMMY__ 0.927645748101742 neg 0.03821368777355688 off 0.03414056412470109	false	1.0
sinnlos	neg 1.0		__DUMMY__ 0.9284452477641668 neg 0.036375822281100964 off 0.0351789299547323	false	1.0
fettsack	off 1.0	off 1.0	off 0.5076009817597541 __DUMMY__ 0.46065546214180053 neg 0.031743556098445334	false	1.0
feige	off 1.0	off 1.0	off 0.5042879571200631 __DUMMY__ 0.4605218770823224 neg 0.035190165797614456	false	1.0
abdanken	neg 1.0		__DUMMY__ 0.9263465364663261 neg 0.04045646049542825 off 0.03319700303824561	false	1.0
wichtigtuer	off 1.0	off 1.0	off 0.5022534649222378 __DUMMY__ 0.46217680286767515 neg 0.03556973221008696	false	1.0
misslingen	neg 1.0		__DUMMY__ 0.932954804650672 off 0.033718521095860876 neg 0.03332667425346701	false	0.5
untreu	off 1.0		__DUMMY__ 0.9244291929900375 off 0.03786935429050094 neg 0.03770145271946158	false	1.0
missmutig	neg 1.0		__DUMMY__ 0.9262634555023548 off 0.036880170024755875 neg 0.03685637447288938	false	0.5
hurenbock	off 1.0		__DUMMY__ 0.9297969695101863 neg 0.03614777445549535 off 0.034055256034318304	false	0.5
betrunken	neg 1.0		__DUMMY__ 0.9282847054547066 off 0.038581422475262916 neg 0.03313387207003038	false	0.5
korrupt	off 1.0		__DUMMY__ 0.923652312583501 neg 0.04430287469077074 off 0.032044812725728254	false	0.5
unmut	neg 1.0		__DUMMY__ 0.9299493471200136 neg 0.04187362530550647 off 0.02817702757447992	false	1.0
hackfresse	off 1.0		__DUMMY__ 0.9221955662778557 off 0.04289125450794412 neg 0.0349131792142002	false	1.0
aufblasen	neg 1.0		__DUMMY__ 0.9299761926127563 neg 0.035809199037478694 off 0.03421460834976494	false	1.0
gewaltsam	neg 1.0		__DUMMY__ 0.9288663667819512 neg 0.038342048573446016 off 0.032791584644602766	false	1.0
unbeliebtheit	neg 1.0		__DUMMY__ 0.9200920306327174 neg 0.04300992678687464 off 0.03689804258040793	false	1.0
sturheit	neg 1.0		__DUMMY__ 0.9265412423860837 neg 0.04049872597537479 off 0.03296003163854147	false	1.0
kuh	neg 1.0		__DUMMY__ 0.9268404672425498 neg 0.03988609229047405 off 0.033273440466976154	false	1.0
erschrecken	neg 1.0		__DUMMY__ 0.9274960614942499 off 0.036393685839011314 neg 0.03611025266673882	false	0.5
opfer	neg 1.0		__DUMMY__ 0.9296440928098051 neg 0.03925922290266576 off 0.03109668428752915	false	1.0
sinken	neg 1.0		__DUMMY__ 0.9311261062728319 neg 0.04048178582229427 off 0.028392107904873936	false	1.0
stinktier	neg 1.0		__DUMMY__ 0.9231759893915766 off 0.040716049088360254 neg 0.036107961520063056	false	0.5
tucke	off 1.0		__DUMMY__ 0.9186707436923162 off 0.0431527052438468 neg 0.038176551063837036	false	1.0
ein			__DUMMY__ 0.9304055423244371 neg 0.03593053410677903 off 0.03366392356878398	false	0.0
abstieg	neg 1.0		__DUMMY__ 0.9323785503309288 neg 0.03724439412888825 off 0.030377055540183023	false	1.0
missverstehen	neg 1.0		__DUMMY__ 0.9254776637503948 neg 0.03905381622665559 off 0.035468520022949694	false	1.0
ergebnislos	neg 1.0		__DUMMY__ 0.9297511838149708 neg 0.039861300306840104 off 0.030387515878189057	false	1.0
unter			__DUMMY__ 0.9373400156340747 neg 0.03803469230414386 off 0.024625292061781507	false	0.0
manipulieren	neg 1.0		__DUMMY__ 0.9285512370622361 neg 0.0413843674061752 off 0.03006439553158876	false	1.0
unbewiesen	neg 1.0		__DUMMY__ 0.9208414370335571 neg 0.045165551041319835 off 0.03399301192512308	false	1.0
verschleppen	neg 1.0		__DUMMY__ 0.9286747403823176 neg 0.039692657536253007 off 0.03163260208142941	false	1.0
weib	off 1.0		__DUMMY__ 0.9221651649965312 off 0.04287477012077282 neg 0.03496006488269604	false	1.0
opposition	neg 1.0		__DUMMY__ 0.9256510628738436 neg 0.03984179577426027 off 0.034507141351896184	false	1.0
verkehrswidrig	neg 1.0	neg 1.0	neg 0.49538447640906547 __DUMMY__ 0.4690639343471175 off 0.035551589243817086	false	1.0
inkorrekt	neg 1.0		__DUMMY__ 0.9211721610243011 neg 0.03983284686624096 off 0.038994992109457956	false	1.0
vermeiden	neg 1.0		__DUMMY__ 0.9331987421234033 neg 0.04056150290364463 off 0.026239754972952174	false	1.0
abweichung	neg 1.0		__DUMMY__ 0.9293383391602213 neg 0.04004534225683712 off 0.030616318582941542	false	1.0
alkoholisiert	neg 1.0		__DUMMY__ 0.9368651147889273 neg 0.03401155220681747 off 0.029123333004255316	false	1.0
scheiss	off 1.0	off 1.0	off 0.5036401996078029 __DUMMY__ 0.46416462572167294 neg 0.032195174670524136	false	1.0
herausforderung	neg 1.0	neg 1.0	neg 0.5001807816903806 __DUMMY__ 0.47270998765491556 off 0.027109230654703907	false	1.0
pervers	off 1.0		__DUMMY__ 0.9211082105863515 off 0.04520842136204755 neg 0.033683368051600895	false	1.0
wackelig	neg 1.0		__DUMMY__ 0.9335100299012131 neg 0.03526173069810073 off 0.031228239400686197	false	1.0
verwickeln	neg 1.0		__DUMMY__ 0.9251515886863345 neg 0.03940915651934428 off 0.035439254794321175	false	1.0
vorwand	neg 1.0		__DUMMY__ 0.929493221721543 neg 0.041071669366264586 off 0.0294351089121924	false	1.0
muschi	off 1.0		__DUMMY__ 0.9287676231788317 neg 0.03892636635029261 off 0.0323060104708758	false	0.5
entmutigung	neg 1.0		__DUMMY__ 0.9245125928467763 neg 0.040662191068662416 off 0.03482521608456123	false	1.0
unangemessen	neg 1.0		__DUMMY__ 0.9269721965493753 neg 0.040739381234830514 off 0.03228842221579404	false	1.0
unstetig	neg 1.0		__DUMMY__ 0.9305763542726803 neg 0.03573982757169513 off 0.03368381815562455	false	1.0
entmutigen	neg 1.0		__DUMMY__ 0.9276723092446415 neg 0.03787784731549312 off 0.03444984343986532	false	1.0
schwanz	neg 1.0		__DUMMY__ 0.9308988326905565 neg 0.0393456069106476 off 0.029755560398795868	false	1.0
verbot	neg 1.0		__DUMMY__ 0.9264429656170613 neg 0.041762652037628065 off 0.03179438234531066	false	1.0
leid	neg 1.0		__DUMMY__ 0.9245752219518972 off 0.04108713039849696 neg 0.0343376476496058	false	0.5
archaisch	neg 1.0		__DUMMY__ 0.9283508745727816 neg 0.03968611201782832 off 0.03196301340939	false	1.0
gegen			__DUMMY__ 0.9320624197071962 neg 0.038839972123413335 off 0.029097608169390568	false	0.0
scheidung	neg 1.0		__DUMMY__ 0.921401827625144 off 0.04806976831843835 neg 0.030528404056417626	false	0.5
einschlag	neg 1.0	neg 1.0	neg 0.5005392297780603 __DUMMY__ 0.46376410128450657 off 0.035696668937433104	false	1.0
m			__DUMMY__ 0.9307658154087927 neg 0.03761554129150717 off 0.03161864329970016	false	0.0
abgestanden	neg 1.0		__DUMMY__ 0.9307863839406538 neg 0.036097451376503706 off 0.03311616468284244	false	1.0
schmierig	off 1.0		__DUMMY__ 0.9249282487428019 off 0.04075840213442855 neg 0.0343133491227696	false	1.0
unpraktisch	neg 1.0		__DUMMY__ 0.9313697068175858 neg 0.03489043677620858 off 0.03373985640620558	false	1.0
wixxer	off 1.0		__DUMMY__ 0.9205219181677523 off 0.04505310823981289 neg 0.03442497359243474	false	1.0
bezeichnet			__DUMMY__ 0.9270293237912812 neg 0.03971355933183099 off 0.03325711687688781	false	0.0
jammerlappen	off 1.0		__DUMMY__ 0.9256239267968579 neg 0.03726677121748995 off 0.03710930198565208	false	0.5
farce	neg 1.0		__DUMMY__ 0.9255435151087652 neg 0.04213026434346728 off 0.03232622054776747	false	1.0
zwecklos	neg 1.0		__DUMMY__ 0.9270404973516063 neg 0.04075148221497498 off 0.03220802043341864	false	1.0
turbulent	neg 1.0		__DUMMY__ 0.9250667883072403 neg 0.03766018271125822 off 0.0372730289815014	false	1.0
invasion	neg 1.0		__DUMMY__ 0.9285543458352187 neg 0.036271314540334464 off 0.035174339624446944	false	1.0
schuld	neg 1.0		__DUMMY__ 0.9271736982151179 neg 0.038601703240726454 off 0.03422459854415569	false	1.0
risiko	neg 1.0		__DUMMY__ 0.9299478959812946 neg 0.036498675140092286 off 0.03355342887861308	false	1.0
finster	neg 1.0		__DUMMY__ 0.9295484509075416 neg 0.0369670757154108 off 0.033484473377047734	false	1.0
geisteskrank	off 1.0		__DUMMY__ 0.9232254981340071 off 0.038457577522593774 neg 0.038316924343399145	false	1.0
zusammenbrechen	neg 1.0		__DUMMY__ 0.9295215163921797 neg 0.038013463976689664 off 0.03246501963113066	false	1.0
ausbeute	neg 1.0		__DUMMY__ 0.9345785119532545 neg 0.03596760472692363 off 0.02945388331982187	false	1.0
hinterhalt	neg 1.0		__DUMMY__ 0.931825949654708 neg 0.03644676635850259 off 0.031727283986789416	false	1.0
kritik	neg 1.0		__DUMMY__ 0.9259116901459497 neg 0.04186210108028291 off 0.032226208773767424	false	1.0
einschrumpfen	neg 1.0		__DUMMY__ 0.9241454246231786 neg 0.040178360284752905 off 0.03567621509206855	false	1.0
riskant	neg 1.0		__DUMMY__ 0.9281792741591067 neg 0.04086181601388681 off 0.03095890982700649	false	1.0
frustrieren	neg 1.0		__DUMMY__ 0.928989347099237 neg 0.039976758367385165 off 0.031033894533377876	false	1.0
groll	neg 1.0		__DUMMY__ 0.9284697137985727 neg 0.03954002980396926 off 0.03199025639745813	false	1.0
gibt			__DUMMY__ 0.9287501939471131 neg 0.038940888124111915 off 0.03230891792877507	false	0.0
qualvoll	neg 1.0		__DUMMY__ 0.9283537767796098 neg 0.03590501844360165 off 0.03574120477678846	false	1.0
wackeln	neg 1.0	neg 1.0	neg 0.5017384979627353 __DUMMY__ 0.4675387762614864 off 0.030722725775778347	false	1.0
klagen	neg 1.0		__DUMMY__ 0.9307531850801154 neg 0.04073862524574112 off 0.028508189674143442	false	1.0
bankrott	neg 1.0		__DUMMY__ 0.9274376576920927 neg 0.03650925499318186 off 0.03605308731472543	false	1.0
trauern	neg 1.0		__DUMMY__ 0.9312105308750405 neg 0.03792987545952802 off 0.030859593665431572	false	1.0
ablehnung	neg 1.0		__DUMMY__ 0.9261429852379073 neg 0.041543591286981395 off 0.03231342347511134	false	1.0
stur	neg 1.0		__DUMMY__ 0.9265363534714935 neg 0.03880621930601262 off 0.03465742722249385	false	1.0
aufruhr	neg 1.0		__DUMMY__ 0.9288522461064143 neg 0.038333982619704304 off 0.032813771273881444	false	1.0
melancholie	neg 1.0		__DUMMY__ 0.9313280254733142 neg 0.037498713048764475 off 0.031173261477921276	false	1.0
ist			__DUMMY__ 0.9279970952934873 neg 0.03724919411114928 off 0.03475371059536347	false	0.0
torheit	neg 1.0		__DUMMY__ 0.9249393916415937 neg 0.040807498359906165 off 0.03425310999850021	false	1.0
dreckskind	off 1.0		__DUMMY__ 0.9223417705812262 off 0.04179930319968541 neg 0.03585892621908833	false	1.0
umtauschen	neg 1.0		__DUMMY__ 0.9302419773667367 neg 0.03720977413004124 off 0.03254824850322204	false	1.0
zum			__DUMMY__ 0.938430444606517 neg 0.03534302387466363 off 0.026226531518819356	false	0.0
zersetzen	neg 1.0		__DUMMY__ 0.9273676710210165 neg 0.042676042392390076 off 0.029956286586593432	false	1.0
zur			__DUMMY__ 0.9347850961035271 neg 0.03914220971422533 off 0.026072694182247617	false	0.0
frust	neg 1.0		__DUMMY__ 0.9296021082030594 neg 0.037978176864522616 off 0.032419714932417916	false	1.0
unerbittlichkeit	neg 1.0		__DUMMY__ 0.9282712419621778 neg 0.0416894700668436 off 0.03003928797097862	false	1.0
zwei			__DUMMY__ 0.936212584596428 neg 0.0359471581559002 off 0.027840257247671828	false	0.0
unkorrekt	neg 1.0		__DUMMY__ 0.9213796248360047 neg 0.03934087326528045 off 0.03927950189871496	false	1.0
hexe	off 1.0		__DUMMY__ 0.9264406164002212 off 0.037203028834559164 neg 0.03635635476521963	false	1.0
lasch	neg 1.0		__DUMMY__ 0.9242745885763275 neg 0.03936894052675809 off 0.03635647089691434	false	1.0
rivale	neg 1.0		__DUMMY__ 0.9260654671858811 off 0.03886573787796491 neg 0.03506879493615402	false	0.5
mutlos	off 1.0	off 1.0	off 0.4982798475697135 __DUMMY__ 0.4629931837726719 neg 0.038726968657614574	false	1.0
wirr	off 1.0		__DUMMY__ 0.9217720733392484 off 0.039362564996610054 neg 0.03886536166414154	false	1.0
jahr			__DUMMY__ 0.9355328313816055 neg 0.035373183136853684 off 0.029093985481540848	false	0.0
wird			__DUMMY__ 0.9301917995967365 neg 0.03865846988494501 off 0.031149730518318507	false	0.0
strafbar	neg 1.0		__DUMMY__ 0.9277483657095673 neg 0.04112631280206025 off 0.0311253214883724	false	1.0
erosion	neg 1.0		__DUMMY__ 0.9295273209152746 neg 0.03679290554663645 off 0.03367977353808896	false	1.0
eingehen	neg 1.0		__DUMMY__ 0.9267192342057918 neg 0.04151726591465036 off 0.03176349987955781	false	1.0
faul	off 1.0		__DUMMY__ 0.9286680112865884 off 0.03607249469945233 neg 0.035259494013959364	false	1.0
provisorium	neg 1.0		__DUMMY__ 0.9355610552697986 neg 0.040124662134070406 off 0.024314282596131	false	1.0
schmerzen	neg 1.0		__DUMMY__ 0.9293213205453412 neg 0.037837394130611844 off 0.03284128532404688	false	1.0
schrumpfen	neg 1.0		__DUMMY__ 0.9308031252006923 neg 0.042719293064417366 off 0.02647758173489029	false	1.0
geistlos	off 1.0		__DUMMY__ 0.9212313106671468 neg 0.043037456985017424 off 0.03573123234783565	false	0.5
fehlkauf	neg 1.0		__DUMMY__ 0.9267495056610321 neg 0.03854858668756433 off 0.034701907651403546	false	1.0
frustrierend	neg 1.0		__DUMMY__ 0.9285070404498582 off 0.03635345922539009 neg 0.035139500324751716	false	0.5
unzufrieden	neg 1.0		__DUMMY__ 0.9273936654165856 neg 0.04046100058128061 off 0.03214533400213371	false	1.0
verzweifeln	neg 1.0		__DUMMY__ 0.9286427271586412 neg 0.03815561298999192 off 0.03320165985136683	false	1.0
verzweifelt	neg 1.0		__DUMMY__ 0.9268481809492719 neg 0.038465140786474734 off 0.0346866782642534	false	1.0
misstrauensantrag	neg 1.0		__DUMMY__ 0.9264834853715265 neg 0.03857638610958002 off 0.03494012851889353	false	1.0
abfallen	neg 1.0		__DUMMY__ 0.9308331613488767 neg 0.03520983086682731 off 0.03395700778429593	false	1.0
fucker	off 1.0		__DUMMY__ 0.9241139722921762 off 0.0388005877441412 neg 0.0370854399636826	false	1.0
ungezogen	neg 1.0		__DUMMY__ 0.9230482796278677 off 0.04387707631724201 neg 0.033074644054890204	false	0.5
irrsinnig	neg 1.0	neg 1.0	neg 0.5054764877869966 __DUMMY__ 0.46318685784917046 off 0.03133665436383296	false	1.0
unfassbar	neg 1.0		__DUMMY__ 0.9255239634226581 off 0.037594971847757085 neg 0.03688106472958479	false	0.5
hart	neg 1.0		__DUMMY__ 0.927609775434314 neg 0.036695009096172716 off 0.0356952154695133	false	1.0
widerlich	off 1.0		__DUMMY__ 0.9233143568757914 neg 0.03837009548646196 off 0.03831554763774658	false	0.5
fatal	neg 1.0		__DUMMY__ 0.9268992390940323 neg 0.03811871009021081 off 0.034982050815757	false	1.0
bruch	neg 1.0		__DUMMY__ 0.9298654172627937 neg 0.0414215386406761 off 0.02871304409653015	false	1.0
aushungern	neg 1.0		__DUMMY__ 0.9253752139933482 neg 0.041548128058844815 off 0.03307665794780707	false	1.0
anspannung	neg 1.0	neg 1.0	neg 0.5027384893509632 __DUMMY__ 0.47304681317623615 off 0.02421469747280055	false	1.0
von			__DUMMY__ 0.9353523231675122 neg 0.036000386836277654 off 0.02864728999621026	false	0.0
kraftlos	neg 1.0		__DUMMY__ 0.9317034740336798 neg 0.03652453194870969 off 0.0317719940176105	false	1.0
vom			__DUMMY__ 0.9384694567761906 neg 0.03686939356362344 off 0.024661149660185892	false	0.0
grenzdebil	off 1.0		__DUMMY__ 0.9257387512597461 off 0.0382509628160086 neg 0.03601028592424519	false	1.0
vor			__DUMMY__ 0.9316806648683551 neg 0.03896773238722786 off 0.029351602744417064	false	0.0
unterwerfen	neg 1.0		__DUMMY__ 0.9287988584135193 neg 0.040338928719812345 off 0.030862212866668414	false	1.0
versenkung	neg 1.0		__DUMMY__ 0.9290634887752908 neg 0.04016025694742887 off 0.030776254277280302	false	1.0
entziehen	neg 1.0		__DUMMY__ 0.9301383183677571 neg 0.04090297190749402 off 0.028958709724748878	false	1.0
finanzkrise	neg 1.0		__DUMMY__ 0.925378393671413 neg 0.04185464516053302 off 0.032766961168053936	false	1.0
schimpfend	neg 1.0		__DUMMY__ 0.9314198485345965 neg 0.034948734244939154 off 0.03363141722046441	false	1.0
profan	neg 1.0		__DUMMY__ 0.92728703061291 neg 0.03719511953443743 off 0.035517849852652696	false	1.0
korruption	neg 1.0	neg 1.0	neg 0.508441490663506 __DUMMY__ 0.46273597953440343 off 0.028822529802090675	false	1.0
â			__DUMMY__ 0.9302981890722746 neg 0.038876719432306465 off 0.03082509149541893	false	0.0
schmutzig	neg 1.0		__DUMMY__ 0.9264860800551131 off 0.03778890071745335 neg 0.035725019227433555	false	0.5
sexy	neg 1.0		__DUMMY__ 0.9269100703525185 neg 0.0370942830217236 off 0.03599564662575794	false	1.0
abraten	neg 1.0		__DUMMY__ 0.9279918140386862 neg 0.03730128205728301 off 0.034706903904030785	false	1.0
schwarz	neg 1.0		__DUMMY__ 0.926732426805898 neg 0.03876055686692282 off 0.03450701632717921	false	1.0
fotze	off 1.0		__DUMMY__ 0.929193000843341 neg 0.040130814059227055 off 0.030676185097431967	false	0.5
verwirren	neg 1.0		__DUMMY__ 0.9273176606612035 neg 0.036933281365128426 off 0.03574905797366817	false	1.0
zahnlos	off 1.0		__DUMMY__ 0.9272590188481181 neg 0.040572452207413866 off 0.03216852894446801	false	0.5
verheeren	neg 1.0		__DUMMY__ 0.9231747527483276 off 0.04483690730194099 neg 0.031988339949731444	false	0.5
hippie	neg 1.0		__DUMMY__ 0.926509277666273 neg 0.03778019453332998 off 0.035710527800397004	false	1.0
rammen	neg 1.0		__DUMMY__ 0.9282290742066037 neg 0.03828518721149248 off 0.033485738581903825	false	1.0
unlauter	neg 1.0		__DUMMY__ 0.9235622238144674 neg 0.04249035989804003 off 0.033947416287492635	false	1.0
unheilvoll	neg 1.0		__DUMMY__ 0.9304641118078752 neg 0.03477501171433989 off 0.03476087647778496	false	1.0
niedrig	neg 1.0		__DUMMY__ 0.930868149425843 neg 0.039291839373676 off 0.029840011200481006	false	1.0
explosion	neg 1.0		__DUMMY__ 0.9264547189025031 neg 0.03835482206483433 off 0.03519045903266265	false	1.0
weichei	off 1.0		__DUMMY__ 0.9228789223015691 off 0.04171700358795303 neg 0.03540407411047789	false	1.0
minusmensch	off 1.0		__DUMMY__ 0.917536939390531 off 0.04508411614472032 neg 0.0373789444647487	false	1.0
farblos	neg 1.0		__DUMMY__ 0.9339460447290026 neg 0.03405490419890238 off 0.03199905107209516	false	1.0
unwissend	neg 1.0	neg 1.0	neg 0.5042779024812173 __DUMMY__ 0.46166508915360516 off 0.03405700836517754	false	1.0
traurig	neg 1.0		__DUMMY__ 0.9256803740613654 off 0.03963030246754639 neg 0.034689323471088274	false	0.5
senkung	neg 1.0		__DUMMY__ 0.9248586540153053 neg 0.03979622776500023 off 0.035345118219694445	false	1.0
ungleich	neg 1.0	neg 1.0	neg 0.5088038755653669 __DUMMY__ 0.46327268362385243 off 0.027923440810780555	false	1.0
heikel	neg 1.0		__DUMMY__ 0.9284430213893524 neg 0.04151599530524802 off 0.03004098330539951	false	1.0
drosselung	neg 1.0		__DUMMY__ 0.9266925020997682 off 0.03770245055580781 neg 0.0356050473444241	false	0.5
falsch	neg 1.0		__DUMMY__ 0.9269981320988178 neg 0.036510780595180044 off 0.036491087306002166	false	1.0
unzufriedenheit	neg 1.0		__DUMMY__ 0.9286015256237389 neg 0.04168194486474925 off 0.02971652951151186	false	1.0
kurz	neg 1.0		__DUMMY__ 0.9319386428407926 neg 0.03606265685946278 off 0.031998700299744574	false	1.0
unsinnig	neg 1.0		__DUMMY__ 0.9261051334475883 neg 0.04140508332754436 off 0.03248978322486738	false	1.0
penner	off 1.0	off 1.0	off 0.5094798402374325 __DUMMY__ 0.45919577735092265 neg 0.031324382411644904	false	1.0
seicht	neg 1.0		__DUMMY__ 0.9195083331765326 off 0.04415939816198125 neg 0.03633226866148617	false	0.5
dummheit	off 1.0	off 1.0	off 0.5024766449758498 __DUMMY__ 0.46161778673514986 neg 0.03590556828900046	false	1.0
unerfreulich	neg 1.0		__DUMMY__ 0.9306148923215288 neg 0.04019621771116787 off 0.029188889967303306	false	1.0
motherfucker	off 1.0	off 1.0	off 0.5054099673875547 __DUMMY__ 0.4602170293641295 neg 0.03437300324831589	false	1.0
pikiert	neg 1.0		__DUMMY__ 0.9233157448782111 neg 0.03915797445008586 off 0.037526280671702994	false	1.0
wrack	neg 1.0		__DUMMY__ 0.9338346511819587 neg 0.03613565918752207 off 0.03002968963051919	false	1.0
gangster	neg 1.0		__DUMMY__ 0.9273682392021073 neg 0.03728732163486597 off 0.03534443916302672	false	1.0
krank	neg 1.0		__DUMMY__ 0.9272919579731893 off 0.038173399872103095 neg 0.03453464215470756	false	0.5
reich	neg 1.0		__DUMMY__ 0.9248859687366581 neg 0.03863155669273108 off 0.036482474570610914	false	1.0
gnadenlos	neg 1.0		__DUMMY__ 0.9276685396269765 neg 0.03808387301223689 off 0.03424758736078657	false	1.0
niedergeschlagen	neg 1.0		__DUMMY__ 0.9304682164252607 neg 0.037162541757919144 off 0.03236924181682025	false	1.0
terrorisieren	off 1.0	off 1.0	off 0.4984758177299403 __DUMMY__ 0.4652358743050715 neg 0.03628830796498819	false	1.0
sinnlosigkeit	neg 1.0		__DUMMY__ 0.9276027017778743 neg 0.04022273107142203 off 0.032174567150703604	false	1.0
behindern	neg 1.0		__DUMMY__ 0.9275082396802885 neg 0.039775130435781195 off 0.03271662988393027	false	1.0
undemokratisch	neg 1.0		__DUMMY__ 0.924833859372277 neg 0.040753411456523475 off 0.03441272917119958	false	1.0
wirtschaftskrise	neg 1.0		__DUMMY__ 0.9272870307800212 neg 0.041527974122357154 off 0.031184995097621696	false	1.0
neid	neg 1.0		__DUMMY__ 0.929307323730529 off 0.03669568758917692 neg 0.033996988680294014	false	0.5
rutschen	neg 1.0	neg 1.0	neg 0.5018569112579403 __DUMMY__ 0.4728916153652472 off 0.025251473376812588	false	1.0
rezession	neg 1.0		__DUMMY__ 0.9216210762257339 off 0.04050054122176537 neg 0.03787838255250073	false	0.5
fehlgeburt	neg 1.0		__DUMMY__ 0.9302566207193369 neg 0.0350700740025212 off 0.0346733052781419	false	1.0
charakterschwach	off 1.0		__DUMMY__ 0.925038541451257 off 0.03814169617398219 neg 0.0368197623747608	false	1.0
isolation	neg 1.0		__DUMMY__ 0.928477225926209 off 0.036214373383657954 neg 0.03530840069013312	false	0.5
ablenkung	neg 1.0		__DUMMY__ 0.9287131799117606 neg 0.037640135489833575 off 0.033646684598405814	false	1.0
pech	neg 1.0		__DUMMY__ 0.928600226920361 off 0.03578228934111927 neg 0.03561748373851963	false	0.5
vermeidung	neg 1.0		__DUMMY__ 0.9242392560731828 off 0.03802954040770565 neg 0.03773120351911155	false	0.5
dominieren	neg 1.0		__DUMMY__ 0.9322190652279305 neg 0.03692001559010169 off 0.030860919181967813	false	1.0
schwindlig	neg 1.0		__DUMMY__ 0.9315197137042144 off 0.034660598094635627 neg 0.033819688201149965	false	0.5
lutscher	neg 1.0		__DUMMY__ 0.9205122920468801 off 0.04442008836622114 neg 0.03506761958689866	false	0.5
pflicht	neg 1.0		__DUMMY__ 0.9286748717380281 neg 0.041209029138052106 off 0.03011609912391985	false	1.0
faschist	off 1.0		__DUMMY__ 0.9236298573395241 neg 0.04038445794037196 off 0.035985684720104	false	0.5
verschleudern	neg 1.0		__DUMMY__ 0.9246622397149339 neg 0.04466854131645498 off 0.030669218968611137	false	1.0
wenn			__DUMMY__ 0.9267068686489827 off 0.03669175508730312 neg 0.03660137626371424	false	0.0
ehebruch	neg 1.0		__DUMMY__ 0.9274646392025294 neg 0.04117383027597703 off 0.03136153052149358	false	1.0
spott	off 1.0		__DUMMY__ 0.9270494924029969 neg 0.04192374311943788 off 0.031026764477565156	false	0.5
trostlosigkeit	neg 1.0		__DUMMY__ 0.9301339757533068 neg 0.04084173348644183 off 0.02902429076025141	false	1.0
lutschen	neg 1.0		__DUMMY__ 0.9261386509714014 neg 0.03858558456941978 off 0.035275764459178856	false	1.0
undiszipliniert	neg 1.0		__DUMMY__ 0.9259043849464806 off 0.038940764961441436 neg 0.03515485009207803	false	0.5
kopfschmerz	neg 1.0		__DUMMY__ 0.9312096808112192 neg 0.036978661193428325 off 0.031811657995352405	false	1.0
unvorhergesehen	neg 1.0		__DUMMY__ 0.9346825731149625 neg 0.03514631945893908 off 0.03017110742609836	false	1.0
desinteressiert	neg 1.0		__DUMMY__ 0.9243493232096099 off 0.03897188552401648 neg 0.036678791266373544	false	0.5
armselig	off 1.0		__DUMMY__ 0.9216349949738911 off 0.03984165209036555 neg 0.038523352935743306	false	1.0
desaster	neg 1.0		__DUMMY__ 0.9295655095726173 neg 0.04208646588980184 off 0.028348024537580823	false	1.0
tod	neg 1.0		__DUMMY__ 0.9320571436164993 neg 0.037173532164165586 off 0.030769324219335183	false	1.0
herzlos	neg 1.0		__DUMMY__ 0.9235554920828662 off 0.04005613440677678 neg 0.03638837351035688	false	0.5
unwissenheit	neg 1.0		__DUMMY__ 0.9255083555174559 neg 0.042417741401205446 off 0.03207390308133862	false	1.0
widersinnig	neg 1.0	neg 1.0	neg 0.5091235590916707 __DUMMY__ 0.4612354384897552 off 0.029641002418574112	false	1.0
bedenklich	neg 1.0		__DUMMY__ 0.9275484357389496 neg 0.04132102451442792 off 0.031130539746622433	false	1.0
beanstanden	neg 1.0		__DUMMY__ 0.9301101904873894 neg 0.040302716711690396 off 0.02958709280092023	false	1.0
panisch	neg 1.0	neg 1.0	neg 0.499686415543929 __DUMMY__ 0.4683748123321465 off 0.03193877212392448	false	1.0
debil	off 1.0		__DUMMY__ 0.9329909486575672 neg 0.04149457772691469 off 0.02551447361551815	false	0.5
abstrich	neg 1.0		__DUMMY__ 0.929387184319052 neg 0.040435840830750275 off 0.030176974850197786	false	1.0
primitiv	neg 1.0		__DUMMY__ 0.923472334306656 off 0.03865649916916916 neg 0.03787116652417495	false	0.5
abschaum	off 1.0	off 1.0	off 0.5039662712936469 __DUMMY__ 0.4611308728381693 neg 0.03490285586818378	false	1.0
provozieren	neg 1.0		__DUMMY__ 0.9265545576287952 neg 0.039321619118181994 off 0.03412382325302278	false	1.0
tot	neg 1.0		__DUMMY__ 0.9305748488278369 neg 0.03926315310410108 off 0.030161998068061947	false	1.0
instabil	neg 1.0		__DUMMY__ 0.9225968720666021 neg 0.03891338646193298 off 0.03848974147146482	false	1.0
schwuchtel	off 1.0		__DUMMY__ 0.9180863341896927 off 0.048076706466116226 neg 0.033836959344191155	false	1.0
zerren	neg 1.0		__DUMMY__ 0.9306533267618345 neg 0.03675748896948691 off 0.03258918426867859	false	1.0
kinderficker	off 1.0		__DUMMY__ 0.9204896590057888 off 0.04172010264043909 neg 0.03779023835377206	false	1.0
gefahr	neg 1.0		__DUMMY__ 0.930395103651477 neg 0.03977979247952519 off 0.029825103868997727	false	1.0
rabiat	neg 1.0		__DUMMY__ 0.9263984288359994 neg 0.03995763245492029 off 0.033643938709080334	false	1.0
verlangsamung	neg 1.0		__DUMMY__ 0.9209842892882418 off 0.04297664117371907 neg 0.036039069538039016	false	0.5
ausgestorben	neg 1.0		__DUMMY__ 0.9295449900299482 neg 0.03742494904032468 off 0.03303006092972718	false	1.0
anklagen	neg 1.0		__DUMMY__ 0.9275668529534258 neg 0.04001122605089182 off 0.03242192099568242	false	1.0
trott	neg 1.0		__DUMMY__ 0.9294298334926384 neg 0.03770009750196813 off 0.03287006900539337	false	1.0
verminderung	neg 1.0		__DUMMY__ 0.9240501573976609 off 0.03856159174864716 neg 0.037388250853691955	false	0.5
nach			__DUMMY__ 0.9383772228877952 neg 0.035026447081513354 off 0.026596330030691402	false	0.0
rost	neg 1.0		__DUMMY__ 0.9217567433747916 off 0.041748400522712795 neg 0.03649485610249568	false	0.5
destruktiv	neg 1.0		__DUMMY__ 0.9248983033658801 neg 0.041715401905742765 off 0.033386294728377154	false	1.0
unzumutbarkeit	neg 1.0		__DUMMY__ 0.9287209070963641 off 0.0367241609855113 neg 0.03455493191812453	false	0.5
labil	off 1.0	off 1.0	off 0.5039433507810105 __DUMMY__ 0.46164988173855775 neg 0.03440676748043168	false	1.0
ziemlich	neg 1.0		__DUMMY__ 0.9273549593836313 off 0.0378138969853028 neg 0.034831143631065944	false	0.5
lachnummer	off 1.0		__DUMMY__ 0.9269238997917947 neg 0.03940953757665361 off 0.03366656263155171	false	0.5
oder			__DUMMY__ 0.9305661037319612 neg 0.036021744175051405 off 0.03341215209298735	false	0.0
verfall	neg 1.0		__DUMMY__ 0.9307854386863483 neg 0.04275773464823099 off 0.02645682666542078	false	1.0
ausgrenzung	neg 1.0		__DUMMY__ 0.9241513508676711 neg 0.04093269668267388 off 0.03491595244965499	false	1.0
unordnung	neg 1.0		__DUMMY__ 0.9288946518899746 off 0.03725270436947954 neg 0.033852643740545856	false	0.5
fehlverhalten	neg 1.0		__DUMMY__ 0.9282976099043463 neg 0.04135760479638797 off 0.030344785299265778	false	1.0
eine			__DUMMY__ 0.9303772448645108 neg 0.04008914689587998 off 0.0295336082396092	false	0.0
nille	neg 1.0		__DUMMY__ 0.9288873500161268 neg 0.038393567638070177 off 0.032719082345803126	false	1.0
qual	neg 1.0		__DUMMY__ 0.9289451726591056 neg 0.03828323571413435 off 0.03277159162676006	false	1.0
verschwenden	neg 1.0		__DUMMY__ 0.9280241581063925 neg 0.0406462641893902 off 0.031329577704217286	false	1.0
riesig	neg 1.0	neg 1.0	neg 0.5037020514756327 __DUMMY__ 0.46834503490783114 off 0.02795291361653601	false	1.0
verurteilen	neg 1.0		__DUMMY__ 0.9267831338051994 neg 0.041071216254815586 off 0.03214564993998502	false	1.0
klischee	neg 1.0	neg 1.0	neg 0.5058990132045321 __DUMMY__ 0.4609916546960301 off 0.033109332099437776	false	1.0
diktatorisch	neg 1.0		__DUMMY__ 0.9229181433763509 neg 0.04218423330817825 off 0.03489762331547087	false	1.0
vorhersehbar	neg 1.0	neg 1.0	neg 0.5051518300182277 __DUMMY__ 0.46214997517347484 off 0.032698194808297325	false	1.0
sowie			__DUMMY__ 0.9223747084607388 off 0.04152539931001173 neg 0.03609989222924955	false	0.0
stornieren	neg 1.0		__DUMMY__ 0.9338492206244636 off 0.03369683249219146 neg 0.03245394688334489	false	0.5
besteuerung	neg 1.0		__DUMMY__ 0.9249681132913975 neg 0.04127413269708566 off 0.03375775401151693	false	1.0
ungeschminkt	neg 1.0		__DUMMY__ 0.9252633490552198 off 0.03767187992484581 neg 0.03706477101993442	false	0.5
kritisch	neg 1.0		__DUMMY__ 0.9280210831345441 neg 0.04089915838134924 off 0.031079758484106608	false	1.0
schlamperei	off 1.0		__DUMMY__ 0.9282230129616175 neg 0.041468808275418094 off 0.030308178762964398	false	0.5
sucht	neg 1.0	neg 1.0	neg 0.503133315302502 __DUMMY__ 0.46696808609568197 off 0.029898598601816026	false	1.0
egoistisch	off 1.0		__DUMMY__ 0.9232841547126297 off 0.04185089099789793 neg 0.03486495428947229	false	1.0
ausbeuter	off 1.0		__DUMMY__ 0.926877367593157 neg 0.042869028765267395 off 0.030253603641575658	false	0.5
arschgeburt	off 1.0		__DUMMY__ 0.9170746879895303 off 0.048381405138997365 neg 0.03454390687147231	false	1.0
schubs	neg 1.0	neg 1.0	neg 0.5028432248768927 __DUMMY__ 0.46876573275023675 off 0.028391042372870514	false	1.0
unsolide	neg 1.0		__DUMMY__ 0.9203030583186205 neg 0.04448230822855791 off 0.035214633452821706	false	1.0
beschwerde	neg 1.0		__DUMMY__ 0.9282993416092663 neg 0.04134173643013906 off 0.030358921960594625	false	1.0
stocken	neg 1.0		__DUMMY__ 0.9289917776383698 neg 0.04023883578373474 off 0.030769386577895512	false	1.0
isolieren	neg 1.0		__DUMMY__ 0.9275506686370212 neg 0.04084878354741255 off 0.03160054781556626	false	1.0
unheilbar	neg 1.0		__DUMMY__ 0.9284688677167519 neg 0.03758102320508136 off 0.03395010907816671	false	1.0
pisser	off 1.0		__DUMMY__ 0.9257618090940523 off 0.03879356604298669 neg 0.03544462486296102	false	1.0
löschen	neg 1.0		__DUMMY__ 0.9281815227152865 neg 0.03850616371705029 off 0.03331231356766317	false	1.0
durchfallen	neg 1.0		__DUMMY__ 0.9267401362732743 neg 0.041271492178289376 off 0.03198837154843627	false	1.0
wichser	off 1.0		__DUMMY__ 0.9211963101182465 off 0.04537407750449769 neg 0.0334296123772558	false	1.0
terror	neg 1.0		__DUMMY__ 0.9293836012119935 neg 0.035456302826044846 off 0.03516009596196159	false	1.0
krass	neg 1.0		__DUMMY__ 0.92460486999388 off 0.040067169309460485 neg 0.035327960696659534	false	0.5
revolte	neg 1.0		__DUMMY__ 0.9245309685614338 neg 0.04017332887006453 off 0.03529570256850164	false	1.0
besorgt	neg 1.0		__DUMMY__ 0.9316542240536336 neg 0.03648838047033545 off 0.03185739547603092	false	1.0
nachlassen	neg 1.0		__DUMMY__ 0.9291067905122191 neg 0.040736479317163836 off 0.030156730170617086	false	1.0
alt	neg 1.0		__DUMMY__ 0.9302720553597449 neg 0.03923694353319545 off 0.030491001107059695	false	1.0
hundesohn	off 1.0		__DUMMY__ 0.9198712502807515 off 0.044659150260593077 neg 0.03546959945865544	false	1.0
als			__DUMMY__ 0.9310833657295902 neg 0.03683972896932372 off 0.03207690530108609	false	0.0
abschreckung	neg 1.0		__DUMMY__ 0.9295466700701075 neg 0.04123529785800606 off 0.02921803207188641	false	1.0
unqualifiziert	neg 1.0		__DUMMY__ 0.9230433572941322 neg 0.04070630996264682 off 0.036250332743220884	false	1.0
abgewichst	off 1.0		__DUMMY__ 0.9293554051182576 neg 0.03854633067311634 off 0.03209826420862608	false	0.5
schwer	neg 1.0		__DUMMY__ 0.928621373177076 neg 0.037935547500009104 off 0.03344307932291483	false	1.0
bedeutungslosigkeit	neg 1.0		__DUMMY__ 0.9289483448083335 neg 0.041161479700942596 off 0.029890175490723852	false	1.0
kapitulation	neg 1.0		__DUMMY__ 0.9256564127704807 neg 0.043339080009422166 off 0.031004507220097153	false	1.0
unscharf	neg 1.0		__DUMMY__ 0.9282913295022306 neg 0.03710884629580105 off 0.03459982420196839	false	1.0
schwinden	neg 1.0		__DUMMY__ 0.928883610098842 neg 0.041423535983395585 off 0.029692853917762364	false	1.0
versklavung	neg 1.0		__DUMMY__ 0.9225148089215816 neg 0.04298705280892643 off 0.03449813826949193	false	1.0
schlecht	neg 1.0		__DUMMY__ 0.9274154748142059 off 0.03795899104339905 neg 0.03462553414239504	false	0.5
verhasst	neg 1.0		__DUMMY__ 0.9264937121731396 neg 0.039101588123380354 off 0.03440469970348002	false	1.0
beschweren	neg 1.0		__DUMMY__ 0.927467560978517 neg 0.03761413891801915 off 0.03491830010346383	false	1.0
scheiden	neg 1.0		__DUMMY__ 0.9344298199350529 off 0.03317644817443584 neg 0.032393731890511236	false	0.5
frustriert	neg 1.0		__DUMMY__ 0.9290191678164171 neg 0.038262072889438635 off 0.03271875929414426	false	1.0
schimmelig	neg 1.0		__DUMMY__ 0.9318297958259927 neg 0.03836015069014184 off 0.029810053483865444	false	1.0
fisch	neg 1.0		__DUMMY__ 0.9365033536066489 neg 0.03471973311887731 off 0.02877691327447374	false	1.0
schmuggel	neg 1.0		__DUMMY__ 0.9327210857210233 neg 0.037681936571575037 off 0.029596977707401703	false	1.0
auffallen	neg 1.0		__DUMMY__ 0.9281137137793518 neg 0.03653156168016798 off 0.03535472454048022	false	1.0
konkurrenz	neg 1.0	neg 1.0	neg 0.5057620918932897 __DUMMY__ 0.4677627156880581 off 0.02647519241865219	false	1.0
teufelskreis	neg 1.0	neg 1.0	neg 0.5065918088849461 __DUMMY__ 0.46322636456979704 off 0.030181826545256755	false	1.0
aufschreien	neg 1.0		__DUMMY__ 0.9259444874861487 neg 0.03873164835679453 off 0.03532386415705675	false	1.0
schuldner	neg 1.0		__DUMMY__ 0.9297969426348643 neg 0.04034060746857057 off 0.029862449896565092	false	1.0
missgeburt	off 1.0	off 1.0	off 0.5077957597305875 __DUMMY__ 0.46003464383407217 neg 0.032169596435340266	false	1.0
arbeitslos	neg 1.0		__DUMMY__ 0.9269372087266735 neg 0.04082043334042614 off 0.032242357932900305	false	1.0
befallen	neg 1.0		__DUMMY__ 0.9253220563406176 neg 0.04235554945940777 off 0.032322394199974666	false	1.0
miesepetrig	off 1.0	off 1.0	off 0.5041632133809714 __DUMMY__ 0.4639503102874738 neg 0.0318864763315547	false	1.0
alarmieren	neg 1.0		__DUMMY__ 0.9241833446986938 neg 0.03870189962481161 off 0.03711475567649459	false	1.0
ungeduscht	off 1.0		__DUMMY__ 0.9291577581981244 off 0.035477807476116126 neg 0.035364434325759427	false	1.0
knappheit	neg 1.0		__DUMMY__ 0.9264385023138888 neg 0.04274998003866225 off 0.030811517647448983	false	1.0
schlange	neg 1.0		__DUMMY__ 0.9313687289521604 off 0.034613584686367334 neg 0.03401768636147232	false	0.5
harsch	neg 1.0		__DUMMY__ 0.9268741001806796 off 0.04076369508773637 neg 0.03236220473158401	false	0.5
lang	neg 1.0		__DUMMY__ 0.9283899872569122 neg 0.03798230792790627 off 0.03362770481518152	false	1.0
ziellos	neg 1.0		__DUMMY__ 0.9310342505035761 neg 0.03733255484475695 off 0.03163319465166695	false	1.0
selbstverliebt	neg 1.0		__DUMMY__ 0.9179273232796449 off 0.04621842961924447 neg 0.035854247101110744	false	0.5
beseitigen	neg 1.0	neg 1.0	neg 0.5026312091528375 __DUMMY__ 0.4676813320267547 off 0.029687458820407634	false	1.0
dumm	off 1.0		__DUMMY__ 0.9221359331614816 off 0.04254557691252418 neg 0.03531848992599418	false	1.0
arbeitsloser	neg 1.0		__DUMMY__ 0.9297029081289904 neg 0.03865885924927471 off 0.03163823262173489	false	1.0
blitzen	neg 1.0		__DUMMY__ 0.9270180389781161 neg 0.037163287508959156 off 0.035818673512924754	false	1.0
hilflos	neg 1.0		__DUMMY__ 0.9288680911253571 neg 0.03885170120148018 off 0.03228020767316275	false	1.0
eklig	off 1.0		__DUMMY__ 0.9222904620784184 off 0.042921050868421975 neg 0.03478848705315963	false	1.0
begriff			__DUMMY__ 0.9268560265568341 neg 0.04043472914197779 off 0.032709244301188066	false	0.0
hungersnot	neg 1.0		__DUMMY__ 0.9287355213921066 neg 0.039037383562441325 off 0.03222709504545215	false	1.0
ungesetzlich	neg 1.0		__DUMMY__ 0.920724157197396 neg 0.0436351079314252 off 0.03564073487117876	false	1.0
verschwendung	neg 1.0		__DUMMY__ 0.9288535079996048 neg 0.040660416351031466 off 0.030486075649363814	false	1.0
schmerzvoll	neg 1.0		__DUMMY__ 0.9279517748009015 neg 0.037246735045475925 off 0.03480149015362253	false	1.0
vorzeitig	neg 1.0		__DUMMY__ 0.9291484123159783 off 0.03564848013707277 neg 0.03520310754694888	false	0.5
unvollkommenheit	neg 1.0		__DUMMY__ 0.932707067747354 neg 0.035938828660388604 off 0.03135410359225732	false	1.0
intervenieren	neg 1.0		__DUMMY__ 0.9270173779195536 neg 0.042497846733803295 off 0.03048477534664312	false	1.0
banause	off 1.0		__DUMMY__ 0.9202849692400542 off 0.04450283677802042 neg 0.03521219398192535	false	1.0
rebell	neg 1.0		__DUMMY__ 0.9316834230173834 neg 0.04076254091660077 off 0.027554036066015877	false	1.0
unlogisch	neg 1.0		__DUMMY__ 0.9246244024527457 off 0.03979932963191603 neg 0.035576267915338335	false	0.5
leiden	neg 1.0		__DUMMY__ 0.9358598453506454 neg 0.03468662777514345 off 0.029453526874211107	false	1.0
abschaffung	neg 1.0		__DUMMY__ 0.9256909357388687 neg 0.04037803219558778 off 0.03393103206554355	false	1.0
sturz	neg 1.0		__DUMMY__ 0.9299399739096269 neg 0.036711110895049755 off 0.03334891519532338	false	1.0
verkleinerung	neg 1.0		__DUMMY__ 0.9236605776058621 neg 0.0404975029795895 off 0.035841919414548444	false	1.0
schmarotzer	off 1.0		__DUMMY__ 0.9260994959838537 neg 0.041749237751012976 off 0.032151266265133274	false	0.5
bestrafung	neg 1.0		__DUMMY__ 0.9266482847446916 neg 0.038699048774801036 off 0.03465266648050739	false	1.0
achtlos	neg 1.0		__DUMMY__ 0.929951208554367 neg 0.03675220429256875 off 0.033296587153064265	false	1.0
