unsolidarisch	neg 1.0		neg 0.3665462823076261 __DUMMY__ 0.32556077642455905 off 0.30789294126781497	false	1.0
nachteilig	neg 1.0		neg 0.364454968139882 __DUMMY__ 0.3296731947167407 off 0.30587183714337723	false	1.0
skeptisch	neg 1.0		neg 0.36418921756560946 __DUMMY__ 0.33036505248776865 off 0.305445729946622	false	1.0
schrecklich	neg 1.0		neg 0.350147607843199 __DUMMY__ 0.32750805903520663 off 0.3223443331215945	false	1.0
schlapp	neg 1.0		neg 0.35280676787024956 __DUMMY__ 0.3293434500824395 off 0.317849782047311	false	1.0
abfall	neg 1.0		neg 0.3669663779969465 __DUMMY__ 0.33078236393950805 off 0.30225125806354536	false	1.0
widerspenstig	neg 1.0		neg 0.3592245843210943 __DUMMY__ 0.3294933061641798 off 0.3112821095147259	false	1.0
abrupt	neg 1.0		neg 0.3603250395712312 __DUMMY__ 0.3321992752016352 off 0.30747568522713364	false	1.0
unwirksam	neg 1.0		neg 0.3631630000612026 __DUMMY__ 0.32739708200901413 off 0.3094399179297833	false	1.0
angreifen	neg 1.0	neg 1.0	neg 0.6716808332812494 off 0.16880127111862575 __DUMMY__ 0.15951789560012497	false	1.0
inkonsistent	neg 1.0		neg 0.35787929421020875 __DUMMY__ 0.3296551574583586 off 0.31246554833143264	false	1.0
abrutschen	neg 1.0		neg 0.36605668321965906 __DUMMY__ 0.33102561320784785 off 0.30291770357249304	false	1.0
unsicher	neg 1.0		neg 0.358001474737047 __DUMMY__ 0.3301463916118852 off 0.3118521336510679	false	1.0
bauernkind	off 1.0	off 1.0	off 0.6472040737412534 neg 0.19570644597970538 __DUMMY__ 0.1570894802790411	false	1.0
angreifer	neg 1.0		neg 0.3560197229641207 __DUMMY__ 0.3304151119372897 off 0.31356516509858956	false	1.0
trennen	neg 1.0		neg 0.3581623792609325 __DUMMY__ 0.3331795916743024 off 0.308658029064765	false	1.0
schmutz	neg 1.0		neg 0.35202071730804496 __DUMMY__ 0.3324378348875924 off 0.3155414478043628	false	1.0
inkonsistenz	neg 1.0		neg 0.3585876739781998 __DUMMY__ 0.32678581375080806 off 0.3146265122709922	false	1.0
erschreckend	neg 1.0		neg 0.3614364725983156 __DUMMY__ 0.3290509185948588 off 0.30951260880682574	false	1.0
ertrinken	neg 1.0		neg 0.3608926462223512 __DUMMY__ 0.33115607419636733 off 0.3079512795812816	false	1.0
pickelface	off 1.0		neg 0.36158822298722365 __DUMMY__ 0.32966099625717415 off 0.3087507807556021	false	0.5
seiner			neg 0.3621627990602472 __DUMMY__ 0.3312051132775031 off 0.3066320876622496	false	0.0
lauch	neg 1.0		neg 0.36751530673461497 __DUMMY__ 0.330154518659435 off 0.30233017460594996	false	1.0
unwichtig	neg 1.0		neg 0.3558854023945639 __DUMMY__ 0.3278281828431827 off 0.3162864147622534	false	1.0
steuerhinterziehung	neg 1.0		neg 0.36410761985684426 __DUMMY__ 0.32810995548349703 off 0.3077824246596586	false	1.0
schock	neg 1.0		neg 0.35633322391250055 __DUMMY__ 0.33178720234783576 off 0.3118795737396637	false	1.0
beule	neg 1.0		neg 0.3519963753117295 __DUMMY__ 0.3295770814320682 off 0.31842654325620223	false	1.0
vergelten	neg 1.0		neg 0.34883396923683124 __DUMMY__ 0.3293970801122125 off 0.3217689506509563	false	1.0
verdorbenheit	neg 1.0		neg 0.35740414684503974 __DUMMY__ 0.33090699103499505 off 0.3116888621199651	false	1.0
trauma	neg 1.0		neg 0.3584217980131122 __DUMMY__ 0.32925060550405805 off 0.31232759648282976	false	1.0
sinnlos	neg 1.0		neg 0.3557822086742955 __DUMMY__ 0.32971385070453757 off 0.314503940621167	false	1.0
fettsack	off 1.0	off 1.0	off 0.6489034771096478 neg 0.1933768834697998 __DUMMY__ 0.15771963942055242	false	1.0
feige	off 1.0	off 1.0	off 0.6449023555610451 neg 0.19731316056131615 __DUMMY__ 0.15778448387763871	false	1.0
abdanken	neg 1.0		neg 0.3625884692159124 __DUMMY__ 0.3283269442499563 off 0.3090845865341312	false	1.0
wichtigtuer	off 1.0	off 1.0	off 0.6431972231023321 neg 0.1983887792542274 __DUMMY__ 0.1584139976434404	false	1.0
misslingen	neg 1.0		neg 0.35351319089161853 __DUMMY__ 0.332135783021899 off 0.3143510260864824	false	1.0
untreu	off 1.0		neg 0.3552724517282786 __DUMMY__ 0.32727378891201103 off 0.3174537593597104	false	0.5
missmutig	neg 1.0		neg 0.3549223702106293 __DUMMY__ 0.328346769514455 off 0.31673086027491576	false	1.0
hurenbock	off 1.0		neg 0.3561021444660167 __DUMMY__ 0.33032442763750647 off 0.31357342789647685	false	0.5
betrunken	neg 1.0		neg 0.34943139281911073 __DUMMY__ 0.3294591571994317 off 0.3211094499814576	false	1.0
korrupt	off 1.0		neg 0.36746674990037625 __DUMMY__ 0.3266946788279416 off 0.30583857127168196	false	0.5
unmut	neg 1.0		neg 0.36700189032240416 __DUMMY__ 0.3306351146926853 off 0.30236299498491054	false	1.0
hackfresse	off 1.0		neg 0.3488180304987711 __DUMMY__ 0.32572069611367266 off 0.3254612733875563	false	0.5
aufblasen	neg 1.0		neg 0.3553741151283224 __DUMMY__ 0.33064246309258255 off 0.313983421779095	false	1.0
gewaltsam	neg 1.0		neg 0.3597859482317781 __DUMMY__ 0.3299001923468605 off 0.31031385942136147	false	1.0
unbeliebtheit	neg 1.0		neg 0.3624558637362027 __DUMMY__ 0.3244778769761794 off 0.313066259287618	false	1.0
sturheit	neg 1.0		neg 0.3624675631755173 __DUMMY__ 0.32850829822012995 off 0.3090241386043526	false	1.0
kuh	neg 1.0		neg 0.3604271040338075 __DUMMY__ 0.32836564582650596 off 0.3112072501396866	false	1.0
erschrecken	neg 1.0		neg 0.3543816285043342 __DUMMY__ 0.3291554114404892 off 0.3164629600551767	false	1.0
opfer	neg 1.0		neg 0.3620901287173439 __DUMMY__ 0.33043243648906867 off 0.30747743479358747	false	1.0
sinken	neg 1.0		neg 0.3650443873934734 __DUMMY__ 0.33131996944459347 off 0.30363564316193314	false	1.0
stinktier	neg 1.0		neg 0.3516995391530901 __DUMMY__ 0.326242507227558 off 0.32205795361935186	false	1.0
tucke	off 1.0		neg 0.3521445337571406 off 0.32438098113601216 __DUMMY__ 0.3234744851068472	false	0.5
ein			neg 0.35576409687829375 __DUMMY__ 0.3308891985531619 off 0.31334670456854447	false	0.0
abstieg	neg 1.0		neg 0.36036701794390147 __DUMMY__ 0.3320451534836868 off 0.30758782857241174	false	1.0
missverstehen	neg 1.0		neg 0.35876805156164676 __DUMMY__ 0.32784645149117875 off 0.3133854969471745	false	1.0
ergebnislos	neg 1.0		neg 0.3632279172545121 __DUMMY__ 0.33049563382704134 off 0.30627644891844663	false	1.0
unter			neg 0.36437110441649473 __DUMMY__ 0.3352371064152365 off 0.30039178916826875	false	0.0
manipulieren	neg 1.0		neg 0.3652827626550111 __DUMMY__ 0.32973137495320876 off 0.3049858623917802	false	1.0
unbewiesen	neg 1.0		neg 0.36717765309561506 __DUMMY__ 0.3250113993121111 off 0.30781094759227373	false	1.0
verschleppen	neg 1.0		neg 0.3625545376535792 __DUMMY__ 0.3297271006391654 off 0.3077183617072554	false	1.0
weib	off 1.0		neg 0.34901122366482906 __DUMMY__ 0.3256455739499812 off 0.32534320238518977	false	0.5
opposition	neg 1.0		neg 0.3597982088474634 __DUMMY__ 0.32793452495023806 off 0.3122672662022985	false	1.0
verkehrswidrig	neg 1.0	neg 1.0	neg 0.659926627061977 off 0.17927446388840607 __DUMMY__ 0.1607989090496169	false	1.0
inkorrekt	neg 1.0		neg 0.35765269532891525 __DUMMY__ 0.3250705933066344 off 0.3172767113644503	false	1.0
vermeiden	neg 1.0		neg 0.366284733038588 __DUMMY__ 0.33252272668786104 off 0.301192540273551	false	1.0
abweichung	neg 1.0		neg 0.36334528161228125 __DUMMY__ 0.3300735174138526 off 0.3065812009738662	false	1.0
alkoholisiert	neg 1.0		neg 0.35666458045797705 __DUMMY__ 0.3345137329445585 off 0.30882168659746445	false	1.0
scheiss	off 1.0	off 1.0	off 0.6460583723294835 neg 0.19493709751048635 __DUMMY__ 0.15900453016003013	false	1.0
herausforderung	neg 1.0	neg 1.0	neg 0.6668526359006164 off 0.17084526632975325 __DUMMY__ 0.16230209776963037	false	1.0
pervers	off 1.0		neg 0.3460966089749577 off 0.3289244717135951 __DUMMY__ 0.3249789193114471	false	0.5
wackelig	neg 1.0		neg 0.3565642958545358 __DUMMY__ 0.33280007156000396 off 0.3106356325854602	false	1.0
verwickeln	neg 1.0		neg 0.3591850230974494 __DUMMY__ 0.3277003174603052 off 0.3131146594422455	false	1.0
vorwand	neg 1.0		neg 0.3651865951190092 __DUMMY__ 0.33033862674350695 off 0.30447477813748397	false	1.0
muschi	off 1.0		neg 0.36075357092736826 __DUMMY__ 0.3298232588581241 off 0.30942317021450766	false	0.5
entmutigung	neg 1.0		neg 0.36169966308946677 __DUMMY__ 0.327126880786653 off 0.31117345612388025	false	1.0
unangemessen	neg 1.0		neg 0.36305018464789224 __DUMMY__ 0.32876297739399396 off 0.308186837958114	false	1.0
unstetig	neg 1.0		neg 0.35590938832773295 __DUMMY__ 0.3306862835261558 off 0.3134043281461113	false	1.0
entmutigen	neg 1.0		neg 0.35803342085124135 __DUMMY__ 0.3291920917781829 off 0.3127744873705757	false	1.0
schwanz	neg 1.0		neg 0.3626277109422918 __DUMMY__ 0.33100126887052794 off 0.3063710201871803	false	1.0
verbot	neg 1.0		neg 0.3648496789877828 __DUMMY__ 0.3283798548525464 off 0.3067704661596708	false	1.0
leid	neg 1.0		neg 0.34931260395092656 __DUMMY__ 0.3271487982121157 off 0.3235385978369579	false	1.0
archaisch	neg 1.0		neg 0.36179493160406695 __DUMMY__ 0.3295815240373063 off 0.30862354435862666	false	1.0
gegen			neg 0.363180075442647 __DUMMY__ 0.3319714189838196 off 0.3048485055735334	false	0.0
scheidung	neg 1.0		neg 0.3414766539906233 off 0.3333413625943704 __DUMMY__ 0.32518198341500637	false	1.0
einschlag	neg 1.0	neg 1.0	neg 0.6635805322506836 off 0.17752673384765968 __DUMMY__ 0.15889273390165667	false	1.0
m			neg 0.35923083034882336 __DUMMY__ 0.33116937573376637 off 0.30959979391741027	false	0.0
abgestanden	neg 1.0		neg 0.35596039212819885 __DUMMY__ 0.3308117210802241 off 0.31322788679157704	false	1.0
schmierig	off 1.0		neg 0.34952428262566415 __DUMMY__ 0.3274037514619129 off 0.323071965912423	false	0.5
unpraktisch	neg 1.0		neg 0.3545044041513499 __DUMMY__ 0.33138843238511145 off 0.3141071634635387	false	1.0
wixxer	off 1.0		neg 0.3470161741395916 off 0.3283676505981967 __DUMMY__ 0.3246161752622117	false	0.5
bezeichnet			neg 0.36108921458741045 __DUMMY__ 0.3288019203944605 off 0.31010886501812907	false	0.0
jammerlappen	off 1.0		neg 0.3554328799016262 __DUMMY__ 0.3279771471411023 off 0.31658997295727137	false	0.5
farce	neg 1.0		neg 0.3648465657344909 __DUMMY__ 0.32779094634529266 off 0.30736248792021637	false	1.0
zwecklos	neg 1.0		neg 0.3628973258477118 __DUMMY__ 0.3288959033168471 off 0.3082067708354412	false	1.0
turbulent	neg 1.0		neg 0.3559784391536211 __DUMMY__ 0.3273340859204714 off 0.3166874749259075	false	1.0
invasion	neg 1.0		neg 0.35558915016227083 __DUMMY__ 0.32976091156963405 off 0.31464993826809506	false	1.0
schuld	neg 1.0		neg 0.3590241503280659 __DUMMY__ 0.3289576584331669 off 0.31201819123876723	false	1.0
risiko	neg 1.0		neg 0.35739287953962484 __DUMMY__ 0.33038098975237445 off 0.3122261307080008	false	1.0
finster	neg 1.0		neg 0.3565888625598498 __DUMMY__ 0.3302546837408845 off 0.3131564536992656	false	1.0
geisteskrank	off 1.0		neg 0.35600082686468004 __DUMMY__ 0.3264067138596991 off 0.3175924592756209	false	0.5
zusammenbrechen	neg 1.0		neg 0.3593682108060895 __DUMMY__ 0.3304966670621281 off 0.31013512213178235	false	1.0
ausbeute	neg 1.0		neg 0.35858546964943644 __DUMMY__ 0.3332509189883227 off 0.30816361136224085	false	1.0
hinterhalt	neg 1.0		neg 0.35811821361284124 __DUMMY__ 0.33156201828704895 off 0.3103197681001097	false	1.0
kritik	neg 1.0		neg 0.3646527145348832 __DUMMY__ 0.32802712986652166 off 0.30732015559859516	false	1.0
einschrumpfen	neg 1.0		neg 0.3598074785767463 __DUMMY__ 0.3269457436451546 off 0.31324677777809923	false	1.0
riskant	neg 1.0		neg 0.3636981106915875 __DUMMY__ 0.32968436061258877 off 0.30661752869582376	false	1.0
frustrieren	neg 1.0		neg 0.36270314953938365 __DUMMY__ 0.3301004313690423 off 0.30719641909157397	false	1.0
groll	neg 1.0		neg 0.361914372650304 __DUMMY__ 0.32966901792745035 off 0.3084166094222456	false	1.0
gibt			neg 0.3605825061005717 __DUMMY__ 0.33006350241750637 off 0.30935399148192194	false	0.0
qualvoll	neg 1.0		neg 0.35453148698568865 __DUMMY__ 0.3296599903940382 off 0.3158085226202732	false	1.0
wackeln	neg 1.0	neg 1.0	neg 0.6661007220792721 off 0.17342643806487135 __DUMMY__ 0.16047283985585656	false	1.0
klagen	neg 1.0		neg 0.36564837239353326 __DUMMY__ 0.3310259691555874 off 0.30332565845087917	false	1.0
bankrott	neg 1.0		neg 0.35482111629746044 __DUMMY__ 0.3290946867861364 off 0.31608419691640305	false	1.0
trauern	neg 1.0		neg 0.36073151539697157 __DUMMY__ 0.3313469742322912 off 0.30792151037073734	false	1.0
ablehnung	neg 1.0		neg 0.3643400329820468 __DUMMY__ 0.32816361623841667 off 0.3074963507795365	false	1.0
stur	neg 1.0		neg 0.35892728035956756 __DUMMY__ 0.3285670987985855 off 0.3125056208418469	false	1.0
aufruhr	neg 1.0		neg 0.3599409824715909 __DUMMY__ 0.3298727204759927 off 0.3101862970524164	false	1.0
melancholie	neg 1.0		neg 0.3591162826248744 __DUMMY__ 0.33139038018504874 off 0.3094933371900768	false	1.0
ist			neg 0.35683733410870383 __DUMMY__ 0.32951759821098703 off 0.3136450676803091	false	0.0
torheit	neg 1.0		neg 0.36202643690609 __DUMMY__ 0.327416910111063 off 0.3105566529828469	false	1.0
dreckskind	off 1.0		neg 0.3508000503853237 __DUMMY__ 0.32575193913138895 off 0.32344801048328736	false	0.5
umtauschen	neg 1.0		neg 0.35758433129652867 __DUMMY__ 0.3307243840288291 off 0.3116912846746423	false	1.0
zum			neg 0.3601192267856216 __DUMMY__ 0.33586676747758415 off 0.3040140057367944	false	0.0
zersetzen	neg 1.0		neg 0.3665915974464263 __DUMMY__ 0.32905472091598986 off 0.30435368163758386	false	1.0
zur			neg 0.3650352576829265 __DUMMY__ 0.3336004946442289 off 0.30136424767284453	false	0.0
frust	neg 1.0		neg 0.35943360889952486 __DUMMY__ 0.33057930804610847 off 0.3099870830543667	false	1.0
unerbittlichkeit	neg 1.0		neg 0.36554703578713776 __DUMMY__ 0.32954848042223517 off 0.3049044837906271	false	1.0
zwei			neg 0.3595992406565551 __DUMMY__ 0.33460539685328256 off 0.30579536249016237	false	0.0
unkorrekt	neg 1.0		neg 0.35675080785660945 __DUMMY__ 0.3251543153896397 off 0.31809487675375087	false	1.0
hexe	off 1.0		neg 0.354014305229904 __DUMMY__ 0.32826469063229363 off 0.3177210041378025	false	0.5
lasch	neg 1.0		neg 0.35861368554586154 __DUMMY__ 0.32709162849099876 off 0.3142946859631397	false	1.0
rivale	neg 1.0		neg 0.35183981515519464 __DUMMY__ 0.32804070231949956 off 0.3201194825253058	false	1.0
mutlos	off 1.0	off 1.0	off 0.6389292157446197 neg 0.20234494161789038 __DUMMY__ 0.1587258426374899	false	1.0
wirr	off 1.0		neg 0.3557587840460877 __DUMMY__ 0.3254962799033975 off 0.31874493605051485	false	0.5
jahr			neg 0.3582896156349419 __DUMMY__ 0.3340457424691706 off 0.30766464189588744	false	0.0
wird			neg 0.360816136864824 __DUMMY__ 0.330894987790473 off 0.30828887534470295	false	0.0
strafbar	neg 1.0		neg 0.3644583084614071 __DUMMY__ 0.3291918098272607 off 0.30634988171133226	false	1.0
erosion	neg 1.0		neg 0.35692623393912354 __DUMMY__ 0.33039732917578135 off 0.312676436885095	false	1.0
eingehen	neg 1.0		neg 0.3640073964905935 __DUMMY__ 0.3287842316492384 off 0.3072083718601681	false	1.0
faul	off 1.0		neg 0.3533054543911259 __DUMMY__ 0.3296976968077415 off 0.3169968488011327	false	0.5
provisorium	neg 1.0		neg 0.366620158428037 __DUMMY__ 0.3341621481230192 off 0.29921769344894383	false	1.0
schmerzen	neg 1.0		neg 0.35814969764465404 __DUMMY__ 0.33015045648808994 off 0.311699845867256	false	1.0
schrumpfen	neg 1.0		neg 0.3688383451126996 __DUMMY__ 0.3311710575041104 off 0.2999905973831899	false	1.0
geistlos	off 1.0		neg 0.36348998400595584 __DUMMY__ 0.3252144145959021 off 0.31129560139814205	false	0.5
fehlkauf	neg 1.0		neg 0.35862081364993315 __DUMMY__ 0.3285775291903982 off 0.31280165715966873	false	1.0
frustrierend	neg 1.0		neg 0.35352848961172717 __DUMMY__ 0.3297533647952982 off 0.31671814559297456	false	1.0
unzufrieden	neg 1.0		neg 0.36254141461108813 __DUMMY__ 0.32919046734581503 off 0.3082681180430968	false	1.0
verzweifeln	neg 1.0		neg 0.3590589244724655 __DUMMY__ 0.32994763989113035 off 0.3109934356364042	false	1.0
verzweifelt	neg 1.0		neg 0.3582917876627761 __DUMMY__ 0.32886438014920355 off 0.3128438321880204	false	1.0
misstrauensantrag	neg 1.0		neg 0.35803351037042336 __DUMMY__ 0.32846347963993683 off 0.3135030099896398	false	1.0
abfallen	neg 1.0		neg 0.3546699270314348 __DUMMY__ 0.3311115934743877 off 0.3142184794941777	false	1.0
fucker	off 1.0		neg 0.35419332074675675 __DUMMY__ 0.32712713852253844 off 0.31867954073070487	false	0.5
ungezogen	neg 1.0		neg 0.34616541014113134 off 0.3276725659268121 __DUMMY__ 0.3261620239320565	false	1.0
irrsinnig	neg 1.0	neg 1.0	neg 0.6685280514528618 off 0.17260234393061855 __DUMMY__ 0.15886960461651972	false	1.0
unfassbar	neg 1.0		neg 0.3545540892568669 __DUMMY__ 0.3279197717532263 off 0.317526138989907	false	1.0
hart	neg 1.0		neg 0.355742013801257 __DUMMY__ 0.32884553433334585 off 0.31541245186539724	false	1.0
widerlich	off 1.0		neg 0.355939951698232 __DUMMY__ 0.3264798229494088 off 0.3175802253523592	false	0.5
fatal	neg 1.0		neg 0.35785939386070265 __DUMMY__ 0.3287914193274556 off 0.3133491868118419	false	1.0
bruch	neg 1.0		neg 0.3662275272718829 __DUMMY__ 0.3305599866624676 off 0.30321248606564954	false	1.0
aushungern	neg 1.0		neg 0.363975310186477 __DUMMY__ 0.32774423728876934 off 0.30828045252475356	false	1.0
anspannung	neg 1.0	neg 1.0	neg 0.6695389714727734 off 0.16793244182822017 __DUMMY__ 0.1625285866990064	false	1.0
von			neg 0.3594634444371154 __DUMMY__ 0.3338872789664523 off 0.3066492765964322	false	0.0
kraftlos	neg 1.0		neg 0.3580100866699135 __DUMMY__ 0.3317219209794195 off 0.31026799235066693	false	1.0
vom			neg 0.36264730590771105 __DUMMY__ 0.33592522746128706 off 0.3014274666310018	false	0.0
grenzdebil	off 1.0		neg 0.3531307156789625 __DUMMY__ 0.3279890004736615 off 0.31888028384737604	false	0.5
vor			neg 0.36244712239756927 __DUMMY__ 0.33186359586981584 off 0.3056892817326148	false	0.0
unterwerfen	neg 1.0		neg 0.3635893723449825 __DUMMY__ 0.32980323309833853 off 0.30660739455667896	false	1.0
versenkung	neg 1.0		neg 0.36316956620486324 __DUMMY__ 0.33023918181578177 off 0.30659125197935505	false	1.0
entziehen	neg 1.0		neg 0.36533750641356566 __DUMMY__ 0.3307496125325267 off 0.3039128810539076	false	1.0
finanzkrise	neg 1.0		neg 0.36381310994384825 __DUMMY__ 0.32770393919112945 off 0.3084829508650222	false	1.0
schimpfend	neg 1.0		neg 0.3545283657517457 __DUMMY__ 0.33136581776081775 off 0.3141058164874367	false	1.0
profan	neg 1.0		neg 0.3562610344564902 __DUMMY__ 0.32900027488200523 off 0.3147386906615045	false	1.0
korruption	neg 1.0	neg 1.0	neg 0.671974603163018 off 0.169443801978358 __DUMMY__ 0.158581594858624	false	1.0
â			neg 0.361125087686461 __DUMMY__ 0.33087428098792526 off 0.3080006313256138	false	0.0
schmutzig	neg 1.0		neg 0.35299346941899257 __DUMMY__ 0.3284910609966873 off 0.31851546958432025	false	1.0
sexy	neg 1.0		neg 0.3558758074800621 __DUMMY__ 0.3288086131197828 off 0.31531557940015514	false	1.0
abraten	neg 1.0		neg 0.35680567998713403 __DUMMY__ 0.32942352804899766 off 0.31377079196386826	false	1.0
schwarz	neg 1.0		neg 0.3588158083759723 __DUMMY__ 0.328680990570334 off 0.3125032010536938	false	1.0
fotze	off 1.0		neg 0.36301953672067877 __DUMMY__ 0.33008453532994314 off 0.30689592794937814	false	0.5
verwirren	neg 1.0		neg 0.35592094178021777 __DUMMY__ 0.32904176789576717 off 0.3150372903240151	false	1.0
zahnlos	off 1.0		neg 0.362798080363999 __DUMMY__ 0.3290253147707477 off 0.3081766048652534	false	0.5
verheeren	neg 1.0		neg 0.34488285072502683 off 0.328823672488703 __DUMMY__ 0.3262934767862703	false	1.0
hippie	neg 1.0		neg 0.3569216693269903 __DUMMY__ 0.32858472498887364 off 0.31449360568413615	false	1.0
rammen	neg 1.0		neg 0.3583673823450192 __DUMMY__ 0.3293658914505848 off 0.312266726204396	false	1.0
unlauter	neg 1.0		neg 0.36370239676833627 __DUMMY__ 0.3265902317380883 off 0.3097073714935754	false	1.0
unheilvoll	neg 1.0		neg 0.35396978164591664 __DUMMY__ 0.3307363047445114 off 0.31529391360957193	false	1.0
niedrig	neg 1.0		neg 0.3625411739129632 __DUMMY__ 0.33099665005806966 off 0.30646217602896725	false	1.0
explosion	neg 1.0		neg 0.35782545129191656 __DUMMY__ 0.32845606001713845 off 0.3137184886909451	false	1.0
weichei	off 1.0		neg 0.3499542579794294 __DUMMY__ 0.3261573907570872 off 0.32388835126348325	false	0.5
minusmensch	off 1.0		neg 0.3510324661493966 off 0.32599719734708726 __DUMMY__ 0.32297033650351603	false	0.5
farblos	neg 1.0		neg 0.3551311043278204 __DUMMY__ 0.33262597331653293 off 0.31224292235564677	false	1.0
unwissend	neg 1.0	neg 1.0	neg 0.6665859505513002 off 0.17519030715377434 __DUMMY__ 0.15822374229492533	false	1.0
traurig	neg 1.0		neg 0.3507569342466347 __DUMMY__ 0.32792065048404173 off 0.3213224152693234	false	1.0
senkung	neg 1.0		neg 0.3592906337433589 __DUMMY__ 0.3274069586066798 off 0.31330240764996137	false	1.0
ungleich	neg 1.0	neg 1.0	neg 0.6724342043504603 off 0.16873568223724023 __DUMMY__ 0.1588301134122994	false	1.0
heikel	neg 1.0		neg 0.36511147489466295 __DUMMY__ 0.3297288012290695 off 0.30515972387626755	false	1.0
drosselung	neg 1.0		neg 0.3529814182293214 __DUMMY__ 0.3284605145504253 off 0.3185580672202533	false	1.0
falsch	neg 1.0		neg 0.35497332737102655 __DUMMY__ 0.3287471591695375 off 0.31627951345943606	false	1.0
unzufriedenheit	neg 1.0		neg 0.36575488638171766 __DUMMY__ 0.329826687268423 off 0.3044184263498592	false	1.0
kurz	neg 1.0		neg 0.3570022964883008 __DUMMY__ 0.3319148391691296 off 0.3110828643425697	false	1.0
unsinnig	neg 1.0		neg 0.3634139192149125 __DUMMY__ 0.3283035298029107 off 0.30828255098217683	false	1.0
penner	off 1.0	off 1.0	off 0.6503622649659595 neg 0.19234358426608383 __DUMMY__ 0.15729415076795658	false	1.0
seicht	neg 1.0		neg 0.35003875135578555 off 0.3258777812889403 __DUMMY__ 0.32408346735527427	false	1.0
dummheit	off 1.0	off 1.0	off 0.6433047003504094 neg 0.19847722237855783 __DUMMY__ 0.15821807727103276	false	1.0
unerfreulich	neg 1.0		neg 0.36396458323184777 __DUMMY__ 0.33106434842298293 off 0.30497106834516924	false	1.0
motherfucker	off 1.0	off 1.0	off 0.6460123906427931 neg 0.19623952184871093 __DUMMY__ 0.15774808750849595	false	1.0
pikiert	neg 1.0		neg 0.3573542640611018 __DUMMY__ 0.3264801473971937 off 0.3161655885417045	false	1.0
wrack	neg 1.0		neg 0.3587842414021468 __DUMMY__ 0.3326968724231505 off 0.30851888617470274	false	1.0
gangster	neg 1.0		neg 0.35653210872231744 __DUMMY__ 0.3290697381063435 off 0.3143981531713392	false	1.0
krank	neg 1.0		neg 0.3512741229120871 __DUMMY__ 0.32887776683914843 off 0.3198481102487645	false	1.0
reich	neg 1.0		neg 0.35748190868452767 __DUMMY__ 0.32732363814557264 off 0.3151944531698997	false	1.0
gnadenlos	neg 1.0		neg 0.3583456563223616 __DUMMY__ 0.3293350953873476 off 0.3123192482902907	false	1.0
niedergeschlagen	neg 1.0		neg 0.3583153890322119 __DUMMY__ 0.330990264195843 off 0.31069434677194513	false	1.0
terrorisieren	off 1.0	off 1.0	off 0.6398517000751268 neg 0.20055783562181498 __DUMMY__ 0.15959046430305823	false	1.0
sinnlosigkeit	neg 1.0		neg 0.36224567738405056 __DUMMY__ 0.3292506585507449 off 0.30850366406520463	false	1.0
behindern	neg 1.0		neg 0.36088763687110964 __DUMMY__ 0.3291437625123726 off 0.3099686006165177	false	1.0
undemokratisch	neg 1.0		neg 0.3621015022835264 __DUMMY__ 0.3273292653756091 off 0.31056923234086453	false	1.0
wirtschaftskrise	neg 1.0		neg 0.36466988767771835 __DUMMY__ 0.3288844691329821 off 0.3064456431892996	false	1.0
neid	neg 1.0		neg 0.3519019906507786 __DUMMY__ 0.33008051782093945 off 0.3180174915282821	false	1.0
rutschen	neg 1.0	neg 1.0	neg 0.6682757012907942 off 0.16924893575721914 __DUMMY__ 0.1624753629519867	false	1.0
rezession	neg 1.0		neg 0.3541215397761653 __DUMMY__ 0.32547576041022475 off 0.32040269981361	false	1.0
fehlgeburt	neg 1.0		neg 0.3547627338167539 __DUMMY__ 0.330519662525493 off 0.31471760365775325	false	1.0
charakterschwach	off 1.0		neg 0.3546315390675041 __DUMMY__ 0.327477750654085 off 0.3178907102784109	false	0.5
isolation	neg 1.0		neg 0.35365319015068314 __DUMMY__ 0.3296966557168744 off 0.31665015413244246	false	1.0
ablenkung	neg 1.0		neg 0.3579663687536061 __DUMMY__ 0.32995992491713727 off 0.3120737063292565	false	1.0
pech	neg 1.0		neg 0.35383653760796085 __DUMMY__ 0.3296169413584762 off 0.3165465210335629	false	1.0
vermeidung	neg 1.0		neg 0.3549740206958329 __DUMMY__ 0.32712196069583693 off 0.3179040186083302	false	1.0
dominieren	neg 1.0		neg 0.35937621482066845 __DUMMY__ 0.331937485831744 off 0.3086862993475876	false	1.0
schwindlig	neg 1.0		neg 0.3525251971234515 __DUMMY__ 0.3313856610504612 off 0.3160891418260874	false	1.0
lutscher	neg 1.0		neg 0.3481691206568661 off 0.3272037835796066 __DUMMY__ 0.3246270957635273	false	1.0
pflicht	neg 1.0		neg 0.36489916665737676 __DUMMY__ 0.3299754667492517 off 0.30512536659337164	false	1.0
faschist	off 1.0		neg 0.3606794783735859 __DUMMY__ 0.32655116338266843 off 0.3127693582437456	false	0.5
verschleudern	neg 1.0		neg 0.3683378992843908 __DUMMY__ 0.32736587315978233 off 0.3042962275558269	false	1.0
wenn			neg 0.35482965656671295 __DUMMY__ 0.32867169951791 off 0.31649864391537713	false	0.0
ehebruch	neg 1.0		neg 0.36430643714879246 __DUMMY__ 0.3290067566248557 off 0.30668680622635164	false	1.0
spott	off 1.0		neg 0.36537695090157224 __DUMMY__ 0.3287835898150912 off 0.30583945928333667	false	0.5
trostlosigkeit	neg 1.0		neg 0.36514147954055287 __DUMMY__ 0.3306941607184331 off 0.30416435974101397	false	1.0
lutschen	neg 1.0		neg 0.35833583473211666 __DUMMY__ 0.32812846981467936 off 0.31353569545320414	false	1.0
undiszipliniert	neg 1.0		neg 0.3517022092131387 __DUMMY__ 0.3280217461058575 off 0.32027604468100385	false	1.0
kopfschmerz	neg 1.0		neg 0.35790447779868967 __DUMMY__ 0.33129061208943594 off 0.3108049101118744	false	1.0
unvorhergesehen	neg 1.0		neg 0.3570450499923088 __DUMMY__ 0.33344562711792436 off 0.3095093228897668	false	1.0
desinteressiert	neg 1.0		neg 0.35352208577116795 __DUMMY__ 0.3271003814366859 off 0.3193775327921462	false	1.0
armselig	off 1.0		neg 0.3551985921467382 __DUMMY__ 0.32546852518415614 off 0.3193328826691057	false	0.5
desaster	neg 1.0		neg 0.36717684921085436 __DUMMY__ 0.3304187733559827 off 0.30240437743316284	false	1.0
tod	neg 1.0		neg 0.35963661754034953 __DUMMY__ 0.3316671958774777 off 0.30869618658217274	false	1.0
herzlos	neg 1.0		neg 0.35244856686928366 __DUMMY__ 0.32663629611846196 off 0.32091513701225427	false	1.0
unwissenheit	neg 1.0		neg 0.36503213762198605 __DUMMY__ 0.327872623753736 off 0.30709523862427796	false	1.0
widersinnig	neg 1.0	neg 1.0	neg 0.6721748943189113 off 0.1697819715946551 __DUMMY__ 0.15804313408643367	false	1.0
bedenklich	neg 1.0		neg 0.36422762369835665 __DUMMY__ 0.32918919442734895 off 0.3065831818742945	false	1.0
beanstanden	neg 1.0		neg 0.36432409074410416 __DUMMY__ 0.33073587419256084 off 0.30494003506333495	false	1.0
panisch	neg 1.0	neg 1.0	neg 0.6641427416315111 off 0.17514553801321062 __DUMMY__ 0.1607117203552782	false	1.0
debil	off 1.0		neg 0.3676656126812232 __DUMMY__ 0.3324334005692841 off 0.2999009867494927	false	0.5
abstrich	neg 1.0		neg 0.36243202241680966 __DUMMY__ 0.3298698962517586 off 0.3076980813314317	false	1.0
primitiv	neg 1.0		neg 0.3552589749329612 __DUMMY__ 0.3265565543762231 off 0.3181844706908157	false	1.0
abschaum	off 1.0	off 1.0	off 0.64467112904055 neg 0.19733428924840252 __DUMMY__ 0.15799458171104747	false	1.0
provozieren	neg 1.0		neg 0.3599497390311229 __DUMMY__ 0.32855439885656756 off 0.3114958621123096	false	1.0
tot	neg 1.0		neg 0.3620220083094328 __DUMMY__ 0.3306767497970662 off 0.30730124189350094	false	1.0
instabil	neg 1.0		neg 0.35643882193623433 __DUMMY__ 0.3260161598711543 off 0.3175450181926113	false	1.0
schwuchtel	off 1.0		neg 0.344863641002254 off 0.3319270405492714 __DUMMY__ 0.3232093184484746	false	0.5
zerren	neg 1.0		neg 0.35791845129609373 __DUMMY__ 0.33114295972789026 off 0.3109385889760161	false	1.0
kinderficker	off 1.0		neg 0.35362716842670333 __DUMMY__ 0.32458526901141244 off 0.32178756256188434	false	0.5
gefahr	neg 1.0		neg 0.36372923584108585 __DUMMY__ 0.3308754358471545 off 0.3053953283117596	false	1.0
rabiat	neg 1.0		neg 0.36074655291657653 __DUMMY__ 0.3285907893903082 off 0.3106626576931152	false	1.0
verlangsamung	neg 1.0		neg 0.35071498902459347 __DUMMY__ 0.3249822510161259 off 0.3243027599592807	false	1.0
ausgestorben	neg 1.0		neg 0.35831055623856506 __DUMMY__ 0.33043062456342026 off 0.31125881919801474	false	1.0
anklagen	neg 1.0		neg 0.3623059887294909 __DUMMY__ 0.3290584570399222 off 0.30863555423058686	false	1.0
trott	neg 1.0		neg 0.35850627331448515 __DUMMY__ 0.3303437010474173 off 0.3111500256380976	false	1.0
verminderung	neg 1.0		neg 0.35422871367104675 __DUMMY__ 0.3269682826987306 off 0.31880300363022257	false	1.0
nach			neg 0.35960320635552656 __DUMMY__ 0.3358624635002796 off 0.304534330144194	false	0.0
rost	neg 1.0		neg 0.35180628366904904 __DUMMY__ 0.32529889387987543 off 0.32289482245107537	false	1.0
destruktiv	neg 1.0		neg 0.36332853115537084 __DUMMY__ 0.327479191055736 off 0.309192277788893	false	1.0
unzumutbarkeit	neg 1.0		neg 0.35271378341520854 __DUMMY__ 0.3296434295604304 off 0.31764278702436105	false	1.0
labil	off 1.0	off 1.0	off 0.6448210295883949 neg 0.19690545418625335 __DUMMY__ 0.15827351622535174	false	1.0
ziemlich	neg 1.0		neg 0.3520683289988872 __DUMMY__ 0.32901160488251674 off 0.31892006611859597	false	1.0
lachnummer	off 1.0		neg 0.360718053073287 __DUMMY__ 0.32879398524799947 off 0.3104879616787136	false	0.5
oder			neg 0.35605706709075297 __DUMMY__ 0.33102955610313706 off 0.31291337680610987	false	0.0
verfall	neg 1.0		neg 0.3689132697536335 __DUMMY__ 0.3311177500415101 off 0.29996898020485624	false	1.0
ausgrenzung	neg 1.0		neg 0.361920335318491 __DUMMY__ 0.3269150622648434 off 0.31116460241666555	false	1.0
unordnung	neg 1.0		neg 0.35171614822839 __DUMMY__ 0.32962870409672224 off 0.31865514767488773	false	1.0
fehlverhalten	neg 1.0		neg 0.36518236503157075 __DUMMY__ 0.3295970694794584 off 0.3052205654889709	false	1.0
eine			neg 0.36341721265850474 __DUMMY__ 0.33104839241518236 off 0.305534394926313	false	0.0
nille	neg 1.0		neg 0.35996736066583 __DUMMY__ 0.3299512266444483 off 0.3100814126897217	false	1.0
qual	neg 1.0		neg 0.3592953978190723 __DUMMY__ 0.3300465657762407 off 0.3106580364046869	false	1.0
verschwenden	neg 1.0		neg 0.3629898024395093 __DUMMY__ 0.3295338675191667 off 0.3074763300413239	false	1.0
riesig	neg 1.0	neg 1.0	neg 0.6687423409274283 off 0.17064508498082281 __DUMMY__ 0.16061257409174878	false	1.0
verurteilen	neg 1.0		neg 0.36376939741438435 __DUMMY__ 0.32859293467343015 off 0.3076376679121855	false	1.0
klischee	neg 1.0	neg 1.0	neg 0.6681343226819739 off 0.17383472249760856 __DUMMY__ 0.15803095482041762	false	1.0
diktatorisch	neg 1.0		neg 0.3634896327690081 __DUMMY__ 0.32616435949370987 off 0.310346007737282	false	1.0
vorhersehbar	neg 1.0	neg 1.0	neg 0.6679180452493113 off 0.17364717643778568 __DUMMY__ 0.15843477831290292	false	1.0
sowie			neg 0.351352854936277 __DUMMY__ 0.32588191559067453 off 0.3227652294730483	false	0.0
stornieren	neg 1.0		neg 0.3523896082393894 __DUMMY__ 0.3328176072445791 off 0.3147927845160315	false	1.0
besteuerung	neg 1.0		neg 0.36200979848527914 __DUMMY__ 0.3274447699760843 off 0.31054543153863656	false	1.0
ungeschminkt	neg 1.0		neg 0.35439205948557456 __DUMMY__ 0.3275200596033019 off 0.3180878809111235	false	1.0
kritisch	neg 1.0		neg 0.36405099914991695 __DUMMY__ 0.3294394581436566 off 0.30650954270642644	false	1.0
schlamperei	off 1.0		neg 0.36536077864668337 __DUMMY__ 0.3294757709350397 off 0.3051634504182769	false	0.5
sucht	neg 1.0	neg 1.0	neg 0.6674253824479738 off 0.17253078957949894 __DUMMY__ 0.16004382797252725	false	1.0
egoistisch	off 1.0		neg 0.3497347231845815 __DUMMY__ 0.32638055198318633 off 0.32388472483223213	false	0.5
ausbeuter	off 1.0		neg 0.366954621656654 __DUMMY__ 0.32869431896202206 off 0.3043510593813238	false	0.5
arschgeburt	off 1.0		neg 0.34572646283347364 off 0.3316316422130555 __DUMMY__ 0.3226418949534708	false	0.5
schubs	neg 1.0	neg 1.0	neg 0.6675998049090853 off 0.17162271122030093 __DUMMY__ 0.16077748387061377	false	1.0
unsolide	neg 1.0		neg 0.36543945458458316 __DUMMY__ 0.3246578100015663 off 0.30990273541385066	false	1.0
beschwerde	neg 1.0		neg 0.3649889795835 __DUMMY__ 0.32953313317413657 off 0.30547788724236336	false	1.0
stocken	neg 1.0		neg 0.3633192460150621 __DUMMY__ 0.3300592443778363 off 0.30662150960710166	false	1.0
isolieren	neg 1.0		neg 0.3636557984004836 __DUMMY__ 0.3290420308220775 off 0.3073021707774388	false	1.0
unheilbar	neg 1.0		neg 0.35833898127352126 __DUMMY__ 0.3296667140764712 off 0.3119943046500075	false	1.0
pisser	off 1.0		neg 0.35260665660089824 __DUMMY__ 0.32782989509093213 off 0.31956344830816974	false	0.5
löschen	neg 1.0		neg 0.3593187196289355 __DUMMY__ 0.3295621533610811 off 0.3111191270099834	false	1.0
durchfallen	neg 1.0		neg 0.36354967349454514 __DUMMY__ 0.3287283412605086 off 0.3077219852449464	false	1.0
wichser	off 1.0		neg 0.34573010174855096 off 0.32913909879039194 __DUMMY__ 0.3251307994610571	false	0.5
terror	neg 1.0		neg 0.3543116219276222 __DUMMY__ 0.33024983258889135 off 0.31543854548348643	false	1.0
krass	neg 1.0		neg 0.350903747625919 __DUMMY__ 0.32711585952037425 off 0.3219803928537068	false	1.0
revolte	neg 1.0		neg 0.36054749369015837 __DUMMY__ 0.32723257472609335 off 0.31221993158374833	false	1.0
besorgt	neg 1.0		neg 0.3580524208824736 __DUMMY__ 0.33170280462072343 off 0.3102447744968029	false	1.0
nachlassen	neg 1.0		neg 0.3637149229480334 __DUMMY__ 0.330095678955131 off 0.3061893980968355	false	1.0
alt	neg 1.0		neg 0.3615223940241109 __DUMMY__ 0.33051646966279563 off 0.30796113631309346	false	1.0
hundesohn	off 1.0		neg 0.34929412996359177 off 0.3263688265406418 __DUMMY__ 0.3243370434957665	false	0.5
als			neg 0.3583399196469333 __DUMMY__ 0.3313488181812427 off 0.310311262171824	false	0.0
abschreckung	neg 1.0		neg 0.3658777897968571 __DUMMY__ 0.3302816117426245 off 0.3038405984605185	false	1.0
unqualifiziert	neg 1.0		neg 0.3603942105368326 __DUMMY__ 0.3263308581002218 off 0.31327493136294543	false	1.0
abgewichst	off 1.0		neg 0.36029319635541973 __DUMMY__ 0.3302195712888568 off 0.30948723235572345	false	0.5
schwer	neg 1.0		neg 0.35849896375251183 __DUMMY__ 0.32996051320546044 off 0.3115405230420276	false	1.0
bedeutungslosigkeit	neg 1.0		neg 0.3651665554869704 __DUMMY__ 0.3299932163345266 off 0.3048402281785029	false	1.0
kapitulation	neg 1.0		neg 0.36704077813302144 __DUMMY__ 0.32791812132322384 off 0.3050411005437546	false	1.0
unscharf	neg 1.0		neg 0.3562015845769853 __DUMMY__ 0.3293412190500021 off 0.31445719637301267	false	1.0
schwinden	neg 1.0		neg 0.3654053032127916 __DUMMY__ 0.3299570587528362 off 0.3046376380343721	false	1.0
versklavung	neg 1.0		neg 0.3642823562047452 __DUMMY__ 0.3260045296853954 off 0.30971311410985947	false	1.0
schlecht	neg 1.0		neg 0.351863162552164 __DUMMY__ 0.32906891103887154 off 0.31906792640896436	false	1.0
verhasst	neg 1.0		neg 0.359587369506082 __DUMMY__ 0.32848186886991176 off 0.3119307616240063	false	1.0
beschweren	neg 1.0		neg 0.35724290558120037 __DUMMY__ 0.32917902873383076 off 0.31357806568496877	false	1.0
scheiden	neg 1.0		neg 0.35251988602823575 __DUMMY__ 0.33303790183866583 off 0.31444221213309836	false	1.0
frustriert	neg 1.0		neg 0.3595234742910441 __DUMMY__ 0.3301591279187499 off 0.31031739779020606	false	1.0
schimmelig	neg 1.0		neg 0.36077067192202267 __DUMMY__ 0.3314040663998872 off 0.3078252616780901	false	1.0
fisch	neg 1.0		neg 0.35770350633608344 __DUMMY__ 0.33408120327680385 off 0.3082152903871126	false	1.0
schmuggel	neg 1.0		neg 0.3612603187732582 __DUMMY__ 0.33226853514549476 off 0.306471146081247	false	1.0
auffallen	neg 1.0		neg 0.35570397982286145 __DUMMY__ 0.3295279459662826 off 0.31476807421085606	false	1.0
konkurrenz	neg 1.0	neg 1.0	neg 0.6709458376632134 off 0.16845411745765335 __DUMMY__ 0.1606000448791333	false	1.0
teufelskreis	neg 1.0	neg 1.0	neg 0.6698499430333227 off 0.1712596289788316 __DUMMY__ 0.15889042798784567	false	1.0
aufschreien	neg 1.0		neg 0.35832750090831295 __DUMMY__ 0.3281491290366628 off 0.3135233700550243	false	1.0
schuldner	neg 1.0		neg 0.36435568389634104 __DUMMY__ 0.3303622403240959 off 0.305282075779563	false	1.0
missgeburt	off 1.0	off 1.0	off 0.6486773921131517 neg 0.19382794021562214 __DUMMY__ 0.1574946676712261	false	1.0
arbeitslos	neg 1.0		neg 0.36293291927903104 __DUMMY__ 0.32889733617478917 off 0.30816974454617974	false	1.0
befallen	neg 1.0		neg 0.3647036358664842 __DUMMY__ 0.3277195209022757 off 0.3075768432312401	false	1.0
miesepetrig	off 1.0	off 1.0	off 0.6463054573707151 neg 0.19467631774496655 __DUMMY__ 0.15901822488431827	false	1.0
alarmieren	neg 1.0		neg 0.3576685956953779 __DUMMY__ 0.3270788658820329 off 0.3152525384225892	false	1.0
ungeduscht	off 1.0		neg 0.35359793824125446 __DUMMY__ 0.3298538643416456 off 0.3165481974170998	false	0.5
knappheit	neg 1.0		neg 0.3661062908304942 __DUMMY__ 0.3283629350586535 off 0.3055307741108522	false	1.0
schlange	neg 1.0		neg 0.35316528572165723 __DUMMY__ 0.3315450764342693 off 0.3152896378440736	false	1.0
harsch	neg 1.0		neg 0.34738557741989495 __DUMMY__ 0.3287479885829931 off 0.3238664339971119	false	1.0
lang	neg 1.0		neg 0.35847857354993307 __DUMMY__ 0.32970934817610675 off 0.3118120782739601	false	1.0
ziellos	neg 1.0		neg 0.3590452773809404 __DUMMY__ 0.331429604923522 off 0.3095251176955375	false	1.0
selbstverliebt	neg 1.0		neg 0.3480412287029842 off 0.32878794329233274 __DUMMY__ 0.32317082800468305	false	1.0
beseitigen	neg 1.0	neg 1.0	neg 0.6674651331604918 off 0.1721343479207766 __DUMMY__ 0.16040051891873167	false	1.0
dumm	off 1.0		neg 0.34961286149418136 __DUMMY__ 0.32570651694954716 off 0.32468062155627136	false	0.5
arbeitsloser	neg 1.0		neg 0.3613006765200739 __DUMMY__ 0.33048411425851565 off 0.30821520922141044	false	1.0
blitzen	neg 1.0		neg 0.35640873492510344 __DUMMY__ 0.3287510904032329 off 0.3148401746716637	false	1.0
hilflos	neg 1.0		neg 0.3604118335058838 __DUMMY__ 0.3300091451726619 off 0.3095790213214543	false	1.0
eklig	off 1.0		neg 0.3486119171634787 __DUMMY__ 0.3257905956855459 off 0.3255974871509755	false	0.5
begriff			neg 0.3622493858834299 __DUMMY__ 0.3286771849052226 off 0.3090734292113474	false	0.0
hungersnot	neg 1.0		neg 0.3613046983238775 __DUMMY__ 0.3297150101261672 off 0.30898029154995543	false	1.0
ungesetzlich	neg 1.0		neg 0.3647262132670579 __DUMMY__ 0.3249485305028569 off 0.31032525623008533	false	1.0
verschwendung	neg 1.0		neg 0.363794603362344 __DUMMY__ 0.33001256788383765 off 0.3061928287538182	false	1.0
schmerzvoll	neg 1.0		neg 0.35681635634745545 __DUMMY__ 0.32945558206480047 off 0.313728061587744	false	1.0
vorzeitig	neg 1.0		neg 0.35424883873242474 __DUMMY__ 0.3300026890630642 off 0.3157484722045109	false	1.0
unvollkommenheit	neg 1.0		neg 0.35797124369839056 __DUMMY__ 0.332046507438054 off 0.3099822488635554	false	1.0
intervenieren	neg 1.0		neg 0.36647128985035105 __DUMMY__ 0.32874125428630324 off 0.30478745586334566	false	1.0
banause	off 1.0		neg 0.34812292414771273 off 0.3273288111899241 __DUMMY__ 0.3245482646623632	false	0.5
rebell	neg 1.0		neg 0.3655346130354136 __DUMMY__ 0.3314840913138404 off 0.302981295650746	false	1.0
unlogisch	neg 1.0		neg 0.3517297373644544 __DUMMY__ 0.3272511521812483 off 0.3210191104542973	false	1.0
leiden	neg 1.0		neg 0.35739124430802255 __DUMMY__ 0.33400261925956776 off 0.3086061364324097	false	1.0
abschaffung	neg 1.0		neg 0.3615084663851632 __DUMMY__ 0.32786608909185944 off 0.31062544452297736	false	1.0
sturz	neg 1.0		neg 0.35749073496034095 __DUMMY__ 0.33055975754957634 off 0.3119495074900826	false	1.0
verkleinerung	neg 1.0		neg 0.3602575374966763 __DUMMY__ 0.326683124072885 off 0.3130593384304387	false	1.0
schmarotzer	off 1.0		neg 0.36425702939384247 __DUMMY__ 0.3282566499497216 off 0.30748632065643594	false	0.5
bestrafung	neg 1.0		neg 0.35904950474083935 __DUMMY__ 0.3285703930981802 off 0.3123801021609805	false	1.0
achtlos	neg 1.0		neg 0.3572822312539845 __DUMMY__ 0.3307014630340915 off 0.3120163057119241	false	1.0
ungeheuer	neg 1.0		neg 0.3541588842961698 __DUMMY__ 0.33000827753524536 off 0.31583283816858465	false	1.0
unaufrichtig	neg 1.0		neg 0.3613326583402664 __DUMMY__ 0.3266961019270299 off 0.3119712397327036	false	1.0
groggy	neg 1.0		neg 0.3579151998041611 __DUMMY__ 0.32825607614717134 off 0.3138287240486677	false	1.0
verletzlich	neg 1.0		neg 0.3525037327943039 __DUMMY__ 0.3278387689548597 off 0.31965749825083645	false	1.0
ablehnen	neg 1.0		neg 0.36425550769721105 __DUMMY__ 0.3289161255265985 off 0.3068283667761905	false	1.0
