unsolidarisch	neg 1.0		__DUMMY__ 0.4639031802111627 neg 0.29210089291527214 off 0.2439959268735651	false	1.0
nachteilig	neg 1.0		__DUMMY__ 0.4695942631287559 neg 0.2891743058612068 off 0.2412314310100374	false	1.0
skeptisch	neg 1.0		__DUMMY__ 0.47052802233564917 neg 0.2887722067127178 off 0.24069977095163306	false	1.0
schrecklich	neg 1.0		__DUMMY__ 0.4665921904723271 neg 0.2758648554712453 off 0.2575429540564277	false	1.0
schlapp	neg 1.0		__DUMMY__ 0.4691402828942238 neg 0.27805054259913914 off 0.2528091745066372	false	1.0
abfall	neg 1.0		__DUMMY__ 0.4711142266967497 neg 0.29137256156795466 off 0.2375132117352956	false	1.0
widerspenstig	neg 1.0		__DUMMY__ 0.46934656368398836 neg 0.2842095304666501 off 0.2464439058493614	false	1.0
abrupt	neg 1.0		__DUMMY__ 0.47311690974830783 neg 0.2846336925604683 off 0.24224939769122394	false	1.0
unwirksam	neg 1.0		__DUMMY__ 0.46645446192556644 neg 0.288463610495975 off 0.24508192757845854	false	1.0
angreifen	neg 1.0	neg 1.0	neg 0.6344462697765811 __DUMMY__ 0.22882360674270785 off 0.13673012348071112	false	1.0
inkonsistent	neg 1.0		__DUMMY__ 0.4695953710143751 neg 0.28284452498074386 off 0.24756010400488107	false	1.0
abrutschen	neg 1.0		__DUMMY__ 0.4714358991226395 neg 0.2904480313165361 off 0.23811606956082434	false	1.0
unsicher	neg 1.0		__DUMMY__ 0.47022252118117425 neg 0.2828599711067917 off 0.2469175077120341	false	1.0
bauernkind	off 1.0	off 1.0	off 0.6155021440104381 __DUMMY__ 0.22540080075621216 neg 0.15909705523334972	false	1.0
angreifer	neg 1.0		__DUMMY__ 0.4706362292662183 neg 0.280832752554352 off 0.24853101817942982	false	1.0
trennen	neg 1.0		__DUMMY__ 0.4744252227912663 neg 0.28232930106953774 off 0.24324547613919603	false	1.0
schmutz	neg 1.0		__DUMMY__ 0.4734755368146271 neg 0.276506203467082 off 0.25001825971829084	false	1.0
inkonsistenz	neg 1.0		__DUMMY__ 0.4656129618757464 neg 0.2841368612055668 off 0.25025017691868684	false	1.0
erschreckend	neg 1.0		__DUMMY__ 0.46870621310010024 neg 0.2864140503999824 off 0.24487973649991746	false	1.0
ertrinken	neg 1.0		__DUMMY__ 0.4716271431652198 neg 0.2854220024395963 off 0.24295085439518377	false	1.0
pickelface	off 1.0		__DUMMY__ 0.46958064425864576 neg 0.28641116439981296 off 0.24400819134154142	false	0.5
seiner			__DUMMY__ 0.4716880719961358 neg 0.2866324129914806 off 0.24167951501238363	false	0.0
lauch	neg 1.0		__DUMMY__ 0.47025646814549227 neg 0.29205596804801937 off 0.23768756380648826	false	1.0
unwichtig	neg 1.0		__DUMMY__ 0.46702787464920925 neg 0.2813277149996584 off 0.2516444103511323	false	1.0
steuerhinterziehung	neg 1.0		__DUMMY__ 0.4674401381729135 neg 0.28916483416486016 off 0.24339502766222632	false	1.0
schock	neg 1.0		__DUMMY__ 0.47250488753233016 neg 0.28087557171209626 off 0.24661954075557363	false	1.0
beule	neg 1.0		__DUMMY__ 0.4694791239397105 neg 0.27720550565779345 off 0.2533153704024961	false	1.0
vergelten	neg 1.0		__DUMMY__ 0.4692588177473629 neg 0.2740734653372462 off 0.2566677169153908	false	1.0
verdorbenheit	neg 1.0		__DUMMY__ 0.4713027374609026 neg 0.2821398788216981 off 0.24655738371739938	false	1.0
trauma	neg 1.0		__DUMMY__ 0.4689783468345888 neg 0.28347324010155284 off 0.24754841306385858	false	1.0
sinnlos	neg 1.0		__DUMMY__ 0.4696288778846159 neg 0.2808037827997693 off 0.24956733931561473	false	1.0
fettsack	off 1.0	off 1.0	off 0.6170838937466147 __DUMMY__ 0.22629147348708384 neg 0.15662463276630148	false	1.0
feige	off 1.0	off 1.0	off 0.6131230907714948 __DUMMY__ 0.22636928030021103 neg 0.1605076289282941	false	1.0
abdanken	neg 1.0		__DUMMY__ 0.4677401649478206 neg 0.28762333251128175 off 0.2446365025408975	false	1.0
wichtigtuer	off 1.0	off 1.0	off 0.6113070842889604 __DUMMY__ 0.22726207488188988 neg 0.16143084082914988	false	1.0
misslingen	neg 1.0		__DUMMY__ 0.4730371339659623 neg 0.2780251517259203 off 0.24893771430811737	false	1.0
untreu	off 1.0		__DUMMY__ 0.46625752787559677 neg 0.28087625328577825 off 0.2528662188386248	false	0.5
missmutig	neg 1.0		__DUMMY__ 0.46775630360258524 neg 0.2802927595719202 off 0.25195093682549446	false	1.0
hurenbock	off 1.0		__DUMMY__ 0.4705338910572163 neg 0.2809613578836559 off 0.24850475105912775	false	0.5
betrunken	neg 1.0		__DUMMY__ 0.46929876749824134 neg 0.2747436236323961 off 0.2559576088693626	false	1.0
korrupt	off 1.0		__DUMMY__ 0.46547010757392504 neg 0.29273333704322096 off 0.24179655538285383	false	0.5
unmut	neg 1.0		__DUMMY__ 0.4709072305041458 neg 0.29141519066456956 off 0.23767757883128468	false	1.0
hackfresse	off 1.0		__DUMMY__ 0.4641289842907893 neg 0.2749795827684565 off 0.26089143294075423	false	0.5
aufblasen	neg 1.0		__DUMMY__ 0.4709235441312337 neg 0.2802233202536861 off 0.2488531356150801	false	1.0
gewaltsam	neg 1.0		__DUMMY__ 0.46992215501076345 neg 0.28460023784716787 off 0.24547760714206854	false	1.0
unbeliebtheit	neg 1.0		__DUMMY__ 0.4624341244391136 neg 0.28839939578627116 off 0.2491664797746153	false	1.0
sturheit	neg 1.0		__DUMMY__ 0.467970364774981 neg 0.28749743051917714 off 0.24453220470584186	false	1.0
kuh	neg 1.0		__DUMMY__ 0.4678276610163358 neg 0.28561722034946524 off 0.24655511863419885	false	1.0
erschrecken	neg 1.0		__DUMMY__ 0.46885880807079655 neg 0.2795952464635918 off 0.25154594546561176	false	1.0
opfer	neg 1.0		__DUMMY__ 0.47063046326624686 neg 0.28671073659348645 off 0.24265880014026672	false	1.0
sinken	neg 1.0		__DUMMY__ 0.471879323125586 neg 0.289373430198515 off 0.23874724667589906	false	1.0
stinktier	neg 1.0		__DUMMY__ 0.4648680575890874 neg 0.27763432246270087 off 0.25749761994821185	false	1.0
tucke	off 1.0		__DUMMY__ 0.46105128450344907 neg 0.2787045170201442 off 0.26024419847640684	false	0.5
ein			__DUMMY__ 0.4712835025186527 neg 0.2805422843063317 off 0.2481742131750156	false	0.0
abstieg	neg 1.0		__DUMMY__ 0.47289204696013254 neg 0.28466026516918425 off 0.24244768787068324	false	1.0
missverstehen	neg 1.0		__DUMMY__ 0.4670528596029523 neg 0.2841002003689096 off 0.24884694002813823	false	1.0
ergebnislos	neg 1.0		__DUMMY__ 0.470731920367183 neg 0.2877906872884054 off 0.24147739234441168	false	1.0
unter			__DUMMY__ 0.47727411877206266 neg 0.2878717726847357 off 0.23485410854320182	false	0.0
manipulieren	neg 1.0		__DUMMY__ 0.4696681643760689 neg 0.28994818694542884 off 0.24038364867850215	false	1.0
unbewiesen	neg 1.0		__DUMMY__ 0.4631466968137114 neg 0.29283012849070644 off 0.24402317469558205	false	1.0
verschleppen	neg 1.0		__DUMMY__ 0.46968057401111907 neg 0.287287382411239 off 0.24303204357764205	false	1.0
weib	off 1.0		__DUMMY__ 0.46403862931809114 neg 0.2751683718213247 off 0.2607929988605841	false	0.5
opposition	neg 1.0		__DUMMY__ 0.4671889390035486 neg 0.28510497106801075 off 0.24770608992844068	false	1.0
verkehrswidrig	neg 1.0	neg 1.0	neg 0.6224709436979724 __DUMMY__ 0.23067578275857076 off 0.14685327354345684	false	1.0
inkorrekt	neg 1.0		__DUMMY__ 0.4632401855364794 neg 0.28361603395999646 off 0.2531437805035242	false	1.0
vermeiden	neg 1.0		__DUMMY__ 0.4735363592197569 neg 0.2903252487474246 off 0.23613839203281844	false	1.0
abweichung	neg 1.0		__DUMMY__ 0.4701638103667016 neg 0.2879939001367501 off 0.24184228949654837	false	1.0
alkoholisiert	neg 1.0		__DUMMY__ 0.47634464685423705 neg 0.28057059543053914 off 0.24308475771522373	false	1.0
scheiss	off 1.0	off 1.0	off 0.613981189052789 __DUMMY__ 0.22811766414801532 neg 0.1579011467991957	false	1.0
herausforderung	neg 1.0	neg 1.0	neg 0.6289906759148759 __DUMMY__ 0.23279537439878717 off 0.13821394968633696	false	1.0
pervers	off 1.0		__DUMMY__ 0.46311625651594157 neg 0.2724964810738107 off 0.2643872624102478	false	0.5
wackelig	neg 1.0		__DUMMY__ 0.4739104591865079 neg 0.28089636817830754 off 0.2451931726351845	false	1.0
verwickeln	neg 1.0		__DUMMY__ 0.4668482457831427 neg 0.2845367171665602 off 0.24861503705029717	false	1.0
vorwand	neg 1.0		__DUMMY__ 0.4704965314453269 neg 0.28973322597138573 off 0.2397702425832875	false	1.0
muschi	off 1.0		__DUMMY__ 0.46979661299607384 neg 0.2855650632054742 off 0.24463832379845182	false	0.5
entmutigung	neg 1.0		__DUMMY__ 0.4660891211937234 neg 0.28703705921283007 off 0.24687381959344643	false	1.0
unangemessen	neg 1.0		__DUMMY__ 0.46831986656665947 neg 0.28801449301513177 off 0.24366564041820876	false	1.0
unstetig	neg 1.0		__DUMMY__ 0.4710447062222793 neg 0.2806888359758821 off 0.24826645780183854	false	1.0
entmutigen	neg 1.0		__DUMMY__ 0.4689221764619408 neg 0.2830869213376648 off 0.2479909022003944	false	1.0
schwanz	neg 1.0		__DUMMY__ 0.4714415758338071 neg 0.2871261765894058 off 0.24143224757678702	false	1.0
verbot	neg 1.0		__DUMMY__ 0.4678072071323545 neg 0.28981220631101656 off 0.24238058655662886	false	1.0
leid	neg 1.0		__DUMMY__ 0.4661069749267514 neg 0.2751371535240855 off 0.2587558715491629	false	1.0
archaisch	neg 1.0		__DUMMY__ 0.46946118742436177 neg 0.28663159573672675 off 0.24390721683891153	false	1.0
gegen			__DUMMY__ 0.47276326445609684 neg 0.2873958921640774 off 0.2398408433798257	false	0.0
scheidung	neg 1.0		__DUMMY__ 0.4634311480533109 off 0.2686611535367179 neg 0.26790769840997136	false	0.5
einschlag	neg 1.0	neg 1.0	neg 0.6265353578123715 __DUMMY__ 0.2279581521067867 off 0.14550649008084188	false	1.0
m			__DUMMY__ 0.47163081340728025 neg 0.28383472408079685 off 0.24453446251192285	false	0.0
abgestanden	neg 1.0		__DUMMY__ 0.47120386930776564 neg 0.28076819234191036 off 0.24802793835032388	false	1.0
schmierig	off 1.0		__DUMMY__ 0.4664557704542294 neg 0.2752846367015478 off 0.2582595928442229	false	0.5
unpraktisch	neg 1.0		__DUMMY__ 0.47196354728202033 neg 0.2792219859568867 off 0.24881446676109287	false	1.0
wixxer	off 1.0		__DUMMY__ 0.46261589266988723 neg 0.273468519419541 off 0.2639155879105717	false	0.5
bezeichnet			__DUMMY__ 0.4683722646647552 neg 0.2861205472201535 off 0.24550718811509134	false	0.0
jammerlappen	off 1.0		__DUMMY__ 0.46722964630712593 neg 0.2808630204206316 off 0.2519073332722424	false	0.5
farce	neg 1.0		__DUMMY__ 0.46699620117183643 neg 0.289946517531652 off 0.24305728129651163	false	1.0
zwecklos	neg 1.0		__DUMMY__ 0.468495697779703 neg 0.2878540002121517 off 0.2436503020081454	false	1.0
turbulent	neg 1.0		__DUMMY__ 0.4664139875724084 neg 0.2814910885541491 off 0.25209492387344257	false	1.0
invasion	neg 1.0		__DUMMY__ 0.469692593950966 neg 0.2806122439350801 off 0.24969516211395393	false	1.0
schuld	neg 1.0		__DUMMY__ 0.4685793816574023 neg 0.2841035968429426 off 0.247317021499655	false	1.0
risiko	neg 1.0		__DUMMY__ 0.47060376303247087 neg 0.2821632926800169 off 0.24723294428751225	false	1.0
finster	neg 1.0		__DUMMY__ 0.47040979887763007 neg 0.2815178767737827 off 0.24807232434858717	false	1.0
geisteskrank	off 1.0		__DUMMY__ 0.4650665871300385 neg 0.2817454135976072 off 0.25318799927235425	false	0.5
zusammenbrechen	neg 1.0		__DUMMY__ 0.47070365949253645 neg 0.28409925432564853 off 0.24519708618181502	false	1.0
ausbeute	neg 1.0		__DUMMY__ 0.4745724385057989 neg 0.28272915019695577 off 0.24269841129724537	false	1.0
hinterhalt	neg 1.0		__DUMMY__ 0.47224718601133436 neg 0.28261965245106735 off 0.24513316153759818	false	1.0
kritik	neg 1.0		__DUMMY__ 0.4673207140778767 neg 0.2897033963922455 off 0.2429758895298777	false	1.0
einschrumpfen	neg 1.0		__DUMMY__ 0.4658222805760636 neg 0.28530956902281385 off 0.24886815040112253	false	1.0
riskant	neg 1.0		__DUMMY__ 0.46957768192530713 neg 0.28846240045115307 off 0.24195991762353972	false	1.0
frustrieren	neg 1.0		__DUMMY__ 0.47016059059307974 neg 0.28740081153109687 off 0.2424385978758233	false	1.0
groll	neg 1.0		__DUMMY__ 0.46957687049556934 neg 0.28670722822789624 off 0.24371590127653434	false	1.0
gibt			__DUMMY__ 0.4701022778171089 neg 0.2853669516457183 off 0.24453077053717281	false	0.0
qualvoll	neg 1.0		__DUMMY__ 0.4695707777483267 neg 0.2796226429808884 off 0.2508065792707848	false	1.0
wackeln	neg 1.0	neg 1.0	neg 0.628699226218311 __DUMMY__ 0.23018523919620734 off 0.14111553458548165	false	1.0
klagen	neg 1.0		__DUMMY__ 0.47146062936276084 neg 0.29000379343581145 off 0.23853557720142768	false	1.0
bankrott	neg 1.0		__DUMMY__ 0.4687796536996055 neg 0.28004767993043306 off 0.2511726663699616	false	1.0
trauern	neg 1.0		__DUMMY__ 0.4719107604809973 neg 0.28518458791462686 off 0.24290465160437602	false	1.0
ablehnung	neg 1.0		__DUMMY__ 0.4675068925456332 neg 0.28936439193156077 off 0.24312871552280596	false	1.0
stur	neg 1.0		__DUMMY__ 0.46804186847127066 neg 0.28410014177703463 off 0.24785798975169462	false	1.0
aufruhr	neg 1.0		__DUMMY__ 0.46987953196206117 neg 0.28474756975410254 off 0.24537289828383624	false	1.0
melancholie	neg 1.0		__DUMMY__ 0.4719751977603059 neg 0.2836783803702786 off 0.24434642186941552	false	1.0
ist			__DUMMY__ 0.46935344900166676 neg 0.2818835030099287 off 0.24876304798840443	false	0.0
torheit	neg 1.0		__DUMMY__ 0.4664842035223096 neg 0.2873044737266974 off 0.24621132275099297	false	1.0
dreckskind	off 1.0		__DUMMY__ 0.46418386099467246 neg 0.27687000899625797 off 0.2589461300090696	false	0.5
umtauschen	neg 1.0		__DUMMY__ 0.4710512736350314 neg 0.28236974571092693 off 0.24657898065404182	false	1.0
zum			__DUMMY__ 0.47815788015670063 neg 0.28362290232997456 off 0.23821921751332487	false	0.0
zersetzen	neg 1.0		__DUMMY__ 0.4687215707925819 neg 0.29138648591227967 off 0.23989194329513855	false	1.0
zur			__DUMMY__ 0.47501805829652555 neg 0.2888561274930638 off 0.23612581421041068	false	0.0
frust	neg 1.0		__DUMMY__ 0.4708173299403388 neg 0.2841378091403571 off 0.2450448609193041	false	1.0
unerbittlichkeit	neg 1.0		__DUMMY__ 0.4694108514242508 neg 0.2902534765733987 off 0.24033567200235045	false	1.0
zwei			__DUMMY__ 0.4764022005051626 neg 0.2834179377171022 off 0.2401798617777353	false	0.0
unkorrekt	neg 1.0		__DUMMY__ 0.4633659950776655 neg 0.28273172405345803 off 0.25390228086887634	false	1.0
hexe	off 1.0		__DUMMY__ 0.4676717124995939 neg 0.2794326338695611 off 0.252895653630845	false	0.5
lasch	neg 1.0		__DUMMY__ 0.4660169073380849 neg 0.2841124530644188 off 0.2498706395974964	false	1.0
rivale	neg 1.0		__DUMMY__ 0.46735632210180295 neg 0.27735588851578774 off 0.2552877893824093	false	1.0
mutlos	off 1.0	off 1.0	off 0.6070190883059844 __DUMMY__ 0.22770613335934578 neg 0.16527477833466991	false	1.0
wirr	off 1.0		__DUMMY__ 0.4638396686803612 neg 0.2817194538469311 off 0.2544408774727077	false	0.5
jahr			__DUMMY__ 0.47565189668537067 neg 0.28225880568830514 off 0.2420892976263241	false	0.0
wird			__DUMMY__ 0.4712536284400526 neg 0.28542013862977433 off 0.24332623293017314	false	0.0
strafbar	neg 1.0		__DUMMY__ 0.46892168833621545 neg 0.2892619888818841 off 0.2418163227819005	false	1.0
erosion	neg 1.0		__DUMMY__ 0.47057241383598375 neg 0.28177703653077013 off 0.2476505496332462	false	1.0
eingehen	neg 1.0		__DUMMY__ 0.46833562272669 neg 0.28895735566380726 off 0.2427070216095027	false	1.0
faul	off 1.0		__DUMMY__ 0.469628021475407 neg 0.2784497444650731 off 0.2519222340595198	false	0.5
provisorium	neg 1.0		__DUMMY__ 0.47578729525586133 neg 0.2903123257792522 off 0.23390037896488644	false	1.0
schmerzen	neg 1.0		__DUMMY__ 0.4702577069135867 neg 0.2830431201786971 off 0.24669917290771623	false	1.0
schrumpfen	neg 1.0		__DUMMY__ 0.47165936261362534 neg 0.2930818017150207 off 0.23525883567135386	false	1.0
geistlos	off 1.0		__DUMMY__ 0.46342881056441937 neg 0.28922681410467926 off 0.2473443753309013	false	0.5
fehlkauf	neg 1.0		__DUMMY__ 0.46806672017332884 neg 0.2837976855836103 off 0.24813559424306084	false	1.0
frustrierend	neg 1.0		__DUMMY__ 0.4696887279216317 neg 0.27861887050191647 off 0.25169240157645173	false	1.0
unzufrieden	neg 1.0		__DUMMY__ 0.4688969140931728 neg 0.28744917768186895 off 0.2436539082249584	false	1.0
verzweifeln	neg 1.0		__DUMMY__ 0.46994419091759904 neg 0.2839234213346372 off 0.2461323877477636	false	1.0
verzweifelt	neg 1.0		__DUMMY__ 0.46844489697950226 neg 0.28343609175908685 off 0.24811901126141092	false	1.0
misstrauensantrag	neg 1.0		__DUMMY__ 0.4679167778624928 neg 0.28328347972759715 off 0.24879974240991015	false	1.0
abfallen	neg 1.0		__DUMMY__ 0.4715751530421092 neg 0.2794501358848444 off 0.24897471107304642	false	1.0
fucker	off 1.0		__DUMMY__ 0.4660439356606038 neg 0.2798535827581148 off 0.2541024815812814	false	0.5
ungezogen	neg 1.0		__DUMMY__ 0.4647527246985031 neg 0.27230425063918445 off 0.2629430246623125	false	1.0
irrsinnig	neg 1.0	neg 1.0	neg 0.6314768101649358 __DUMMY__ 0.2279037761088281 off 0.14061941372623618	false	1.0
unfassbar	neg 1.0		__DUMMY__ 0.4671542771660834 neg 0.2800323515487047 off 0.25281337128521203	false	1.0
hart	neg 1.0		__DUMMY__ 0.4684903360029738 neg 0.280940902726349 off 0.25056876127067707	false	1.0
widerlich	off 1.0		__DUMMY__ 0.46516667327587785 neg 0.2816860458849973 off 0.25314728083912474	false	0.5
fatal	neg 1.0		__DUMMY__ 0.4683435773666431 neg 0.2830259472129474 off 0.24863047542040942	false	1.0
bruch	neg 1.0		__DUMMY__ 0.47082541144743734 neg 0.29066653717432545 off 0.23850805137823727	false	1.0
aushungern	neg 1.0		__DUMMY__ 0.46693072038143324 neg 0.28909335823876126 off 0.24397592137980548	false	1.0
anspannung	neg 1.0	neg 1.0	neg 0.6316259611886983 __DUMMY__ 0.23310819005263733 off 0.13526584875866435	false	1.0
von			__DUMMY__ 0.4754460776693055 neg 0.28341185945465097 off 0.24114206287604342	false	0.0
kraftlos	neg 1.0		__DUMMY__ 0.47241396607252206 neg 0.2825135069586792 off 0.2450725269687987	false	1.0
vom			__DUMMY__ 0.4782372984196157 neg 0.28606980340946486 off 0.23569289817091932	false	0.0
grenzdebil	off 1.0		__DUMMY__ 0.46725221166385794 neg 0.27864184531128466 off 0.2541059430248573	false	0.5
vor			__DUMMY__ 0.4725916585451179 neg 0.2867703146792059 off 0.24063802677567625	false	0.0
unterwerfen	neg 1.0		__DUMMY__ 0.46976938445625926 neg 0.2882936391846883 off 0.2419369763590525	false	1.0
versenkung	neg 1.0		__DUMMY__ 0.47035101647315614 neg 0.28781200262708195 off 0.24183698089976205	false	1.0
entziehen	neg 1.0		__DUMMY__ 0.47106217256834854 neg 0.2897852444463715 off 0.23915258298528003	false	1.0
finanzkrise	neg 1.0		__DUMMY__ 0.4668788467910349 neg 0.2889956671830065 off 0.24412548602595874	false	1.0
schimpfend	neg 1.0		__DUMMY__ 0.4719563119331298 neg 0.2792470475019326 off 0.24879664056493758	false	1.0
profan	neg 1.0		__DUMMY__ 0.46864917994215133 neg 0.2814406828331014 off 0.24991013722474714	false	1.0
korruption	neg 1.0	neg 1.0	neg 0.6349356005163224 __DUMMY__ 0.22750759456167766 off 0.13755680492199993	false	1.0
â			__DUMMY__ 0.47122416414458534 neg 0.28573675952717076 off 0.24303907632824384	false	0.0
schmutzig	neg 1.0		__DUMMY__ 0.4679465574622987 neg 0.27840355521975474 off 0.25364988731794663	false	1.0
sexy	neg 1.0		__DUMMY__ 0.46836815619902405 neg 0.2811144575768383 off 0.25051738622413766	false	1.0
abraten	neg 1.0		__DUMMY__ 0.46923734557674 neg 0.2818780017937028 off 0.24888465262955708	false	1.0
schwarz	neg 1.0		__DUMMY__ 0.4681945940860332 neg 0.28397986943747094 off 0.2478255364764958	false	1.0
fotze	off 1.0		__DUMMY__ 0.47015928459059625 neg 0.28770861423701505 off 0.24213210117238854	false	0.5
verwirren	neg 1.0		__DUMMY__ 0.46869885709455317 neg 0.2810978718922586 off 0.2502032710131884	false	1.0
zahnlos	off 1.0		__DUMMY__ 0.46867409977519914 neg 0.28772359768884787 off 0.24360230253595294	false	0.5
verheeren	neg 1.0		__DUMMY__ 0.46494639061265447 neg 0.27098683236125265 off 0.26406677702609294	false	1.0
hippie	neg 1.0		__DUMMY__ 0.4680558276162063 neg 0.2821714832073025 off 0.24977268917649117	false	1.0
rammen	neg 1.0		__DUMMY__ 0.46920195114482516 neg 0.28340953974448446 off 0.24738850911069057	false	1.0
unlauter	neg 1.0		__DUMMY__ 0.4653442561075457 neg 0.2891415656743275 off 0.2455141782181267	false	1.0
unheilvoll	neg 1.0		__DUMMY__ 0.4710801686332398 neg 0.27882587604432607 off 0.250093955322434	false	1.0
niedrig	neg 1.0		__DUMMY__ 0.4714550299006075 neg 0.2870331078313819 off 0.24151186226801058	false	1.0
explosion	neg 1.0		__DUMMY__ 0.4678926057388076 neg 0.28307628932511797 off 0.24903110493607436	false	1.0
weichei	off 1.0		__DUMMY__ 0.46473258633515274 neg 0.27599358389433143 off 0.25927382977051583	false	0.5
minusmensch	off 1.0		__DUMMY__ 0.46033692413860133 neg 0.27767160268045554 off 0.2619914731809432	false	0.5
farblos	neg 1.0		__DUMMY__ 0.4737347214753893 neg 0.27949414817257834 off 0.24677113035203227	false	1.0
unwissend	neg 1.0	neg 1.0	neg 0.6296978233129409 __DUMMY__ 0.22699225884709953 off 0.14330991783995956	false	1.0
traurig	neg 1.0		__DUMMY__ 0.4671622216388691 neg 0.2763577728740436 off 0.25648000548708716	false	1.0
senkung	neg 1.0		__DUMMY__ 0.4664655910098442 neg 0.284725345468641 off 0.248809063521515	false	1.0
ungleich	neg 1.0	neg 1.0	neg 0.6353474702994463 __DUMMY__ 0.22785440751916022 off 0.1367981221813936	false	1.0
heikel	neg 1.0		__DUMMY__ 0.469649463788723 neg 0.28981235661431193 off 0.24053817959696516	false	1.0
drosselung	neg 1.0		__DUMMY__ 0.46793492987735485 neg 0.278381147014728 off 0.2536839231079172	false	1.0
falsch	neg 1.0		__DUMMY__ 0.4682997369003492 neg 0.28024455420500244 off 0.2514557088946484	false	1.0
unzufriedenheit	neg 1.0		__DUMMY__ 0.4697876990954224 neg 0.2903934855398702 off 0.23981881536470753	false	1.0
kurz	neg 1.0		__DUMMY__ 0.4726750386614334 neg 0.28152012895084755 off 0.2458048323877191	false	1.0
unsinnig	neg 1.0		__DUMMY__ 0.46767888564747534 neg 0.28848984765385016 off 0.24383126669867447	false	1.0
penner	off 1.0	off 1.0	off 0.6186253490547776 __DUMMY__ 0.22567490902232723 neg 0.1556997419228952	false	1.0
seicht	neg 1.0		__DUMMY__ 0.46187013254996223 neg 0.27649513416052496 off 0.26163473328951287	false	1.0
dummheit	off 1.0	off 1.0	off 0.6114487809480355 __DUMMY__ 0.2269831246662891 neg 0.16156809438567546	false	1.0
unerfreulich	neg 1.0		__DUMMY__ 0.4715017628641282 neg 0.28841420113793476 off 0.2400840359979372	false	1.0
motherfucker	off 1.0	off 1.0	off 0.6142331624075538 __DUMMY__ 0.22631191282214952 neg 0.15945492477029674	false	1.0
pikiert	neg 1.0		__DUMMY__ 0.46516959196950125 neg 0.2830518263542915 off 0.25177858167620737	false	1.0
wrack	neg 1.0		__DUMMY__ 0.473822359657515 neg 0.2830139759042426 off 0.24316366443824236	false	1.0
gangster	neg 1.0		__DUMMY__ 0.4687297820396576 neg 0.2816894822802418 off 0.24958073568010047	false	1.0
krank	neg 1.0		__DUMMY__ 0.46849301282098704 neg 0.27665836282938266 off 0.2548486243496301	false	1.0
reich	neg 1.0		__DUMMY__ 0.46640025832480614 neg 0.2829530880169342 off 0.25064665365825956	false	1.0
gnadenlos	neg 1.0		__DUMMY__ 0.46909665015557606 neg 0.28336837988110103 off 0.24753496996332294	false	1.0
niedergeschlagen	neg 1.0		__DUMMY__ 0.47140585707200416 neg 0.28297106615129247 off 0.24562307677670325	false	1.0
terrorisieren	off 1.0	off 1.0	off 0.6077670490320093 __DUMMY__ 0.2289318562749865 neg 0.1633010946930042	false	1.0
sinnlosigkeit	neg 1.0		__DUMMY__ 0.46898659348256594 neg 0.2871486344917586 off 0.24386477202567536	false	1.0
behindern	neg 1.0		__DUMMY__ 0.4688367835033221 neg 0.28589672322276893 off 0.24526649327390895	false	1.0
undemokratisch	neg 1.0		__DUMMY__ 0.46636043324892473 neg 0.28738276032872856 off 0.24625680642234682	false	1.0
wirtschaftskrise	neg 1.0		__DUMMY__ 0.4685095242799819 neg 0.2895444649283394 off 0.24194601079167866	false	1.0
neid	neg 1.0		__DUMMY__ 0.47016022438913413 neg 0.2769733020420017 off 0.2528664735688641	false	1.0
rutschen	neg 1.0	neg 1.0	neg 0.6304020037876662 __DUMMY__ 0.23303061510933443 off 0.13656738110299932	false	1.0
rezession	neg 1.0		__DUMMY__ 0.4637971146322717 neg 0.28013235775899 off 0.2560705276087384	false	1.0
fehlgeburt	neg 1.0		__DUMMY__ 0.4708214803482431 neg 0.2795939528036091 off 0.24958456684814762	false	1.0
charakterschwach	off 1.0		__DUMMY__ 0.46655866758051306 neg 0.28016684470800074 off 0.2532744877114862	false	0.5
isolation	neg 1.0		__DUMMY__ 0.469611312435353 neg 0.2787623650739278 off 0.25162632249071926	false	1.0
ablenkung	neg 1.0		__DUMMY__ 0.4699659290679922 neg 0.2828780644022702 off 0.24715600652973746	false	1.0
pech	neg 1.0		__DUMMY__ 0.4695334773401126 neg 0.27897761511891744 off 0.2514889075409701	false	1.0
vermeidung	neg 1.0		__DUMMY__ 0.46606435623954334 neg 0.280630684301217 off 0.25330495945923964	false	1.0
dominieren	neg 1.0		__DUMMY__ 0.4727427934978157 neg 0.2837487812878521 off 0.2435084252143321	false	1.0
schwindlig	neg 1.0		__DUMMY__ 0.47196773161452843 neg 0.27731833952889184 off 0.25071392885657984	false	1.0
lutscher	neg 1.0		__DUMMY__ 0.4626301154198275 neg 0.27458048731956086 off 0.26278939726061157	false	1.0
pflicht	neg 1.0		__DUMMY__ 0.46998517308948373 neg 0.28953777830931177 off 0.24047704860120456	false	1.0
faschist	off 1.0		__DUMMY__ 0.46529077411276826 neg 0.2861776279256165 off 0.2485315979616153	false	0.5
verschleudern	neg 1.0		__DUMMY__ 0.4664097384073734 neg 0.2934490931716754 off 0.24014116842095118	false	1.0
wenn			__DUMMY__ 0.4681878166041783 neg 0.280132244966789 off 0.25167993842903263	false	0.0
ehebruch	neg 1.0		__DUMMY__ 0.46867243006180676 neg 0.2891564317472169 off 0.24217113819097624	false	1.0
spott	off 1.0		__DUMMY__ 0.46835586330920254 neg 0.29024563549896015 off 0.24139850119183723	false	0.5
trostlosigkeit	neg 1.0		__DUMMY__ 0.47100627602288936 neg 0.2896053982557432 off 0.2393883257213674	false	1.0
lutschen	neg 1.0		__DUMMY__ 0.46746926100545194 neg 0.2836090138804875 off 0.2489217251140606	false	1.0
undiszipliniert	neg 1.0		__DUMMY__ 0.4673108933759106 neg 0.2772479190695778 off 0.2554411875545115	false	1.0
kopfschmerz	neg 1.0		__DUMMY__ 0.4718471366382605 neg 0.2825399180866425 off 0.24561294527509694	false	1.0
unvorhergesehen	neg 1.0		__DUMMY__ 0.4748236788935241 neg 0.2812127415919167 off 0.24396357951455916	false	1.0
desinteressiert	neg 1.0		__DUMMY__ 0.46602634252289526 neg 0.2792123333799658 off 0.25476132409713903	false	1.0
armselig	off 1.0		__DUMMY__ 0.4637671485717277 neg 0.2811907424674032 off 0.25504210896086904	false	0.5
desaster	neg 1.0		__DUMMY__ 0.47061192631413495 neg 0.2916276385625187 off 0.23776043512334633	false	1.0
tod	neg 1.0		__DUMMY__ 0.47239586165308284 neg 0.2840592967596256 off 0.24354484158729148	false	1.0
herzlos	neg 1.0		__DUMMY__ 0.4653838390265845 neg 0.2782808636644408 off 0.2563352973089746	false	1.0
unwissenheit	neg 1.0		__DUMMY__ 0.46709114518134526 neg 0.2901350471116064 off 0.24277380770704826	false	1.0
widersinnig	neg 1.0	neg 1.0	neg 0.6352563519381142 __DUMMY__ 0.22673993316978588 off 0.13800371489209998	false	1.0
bedenklich	neg 1.0		__DUMMY__ 0.4689008868445503 neg 0.28907663288843316 off 0.24202248026701662	false	1.0
beanstanden	neg 1.0		__DUMMY__ 0.471048783253834 neg 0.28879961224956247 off 0.24015160449660353	false	1.0
panisch	neg 1.0	neg 1.0	neg 0.6267017419968846 __DUMMY__ 0.23052990218355204 off 0.14276835581956338	false	1.0
debil	off 1.0		__DUMMY__ 0.47341453128087546 neg 0.2916878051842312 off 0.23489766353489336	false	0.5
abstrich	neg 1.0		__DUMMY__ 0.46993556119583113 neg 0.2872497347135221 off 0.2428147040906467	false	1.0
primitiv	neg 1.0		__DUMMY__ 0.4652738075558815 neg 0.2810020231034666 off 0.25372416934065195	false	1.0
abschaum	off 1.0	off 1.0	off 0.6128579033917491 __DUMMY__ 0.22666912810734596 neg 0.1604729685009051	false	1.0
provozieren	neg 1.0		__DUMMY__ 0.46802460903995274 neg 0.2850855044142376 off 0.2468898865458095	false	1.0
tot	neg 1.0		__DUMMY__ 0.4710354782911036 neg 0.2866145550880185 off 0.2423499666208778	false	1.0
instabil	neg 1.0		__DUMMY__ 0.46456801059070163 neg 0.28225244095513613 off 0.2531795484541622	false	1.0
schwuchtel	off 1.0		__DUMMY__ 0.4606647931317492 neg 0.27166943368478796 off 0.2676657731834629	false	0.5
zerren	neg 1.0		__DUMMY__ 0.47160125547917975 neg 0.2825461088359451 off 0.2458526356848751	false	1.0
kinderficker	off 1.0		__DUMMY__ 0.4625745523300968 neg 0.27982479697526513 off 0.25760065069463817	false	0.5
gefahr	neg 1.0		__DUMMY__ 0.4712551745876937 neg 0.288175523096406 off 0.24056930231590024	false	1.0
rabiat	neg 1.0		__DUMMY__ 0.46807479381108585 neg 0.2858613519031086 off 0.2460638542858056	false	1.0
verlangsamung	neg 1.0		__DUMMY__ 0.4631335612096037 neg 0.2769213725893944 off 0.25994506620100183	false	1.0
ausgestorben	neg 1.0		__DUMMY__ 0.47062144729049527 neg 0.2830899932858759 off 0.24628855942362884	false	1.0
anklagen	neg 1.0		__DUMMY__ 0.4687515432321041 neg 0.28720603464490274 off 0.24404242212299315	false	1.0
trott	neg 1.0		__DUMMY__ 0.4704893964808389 neg 0.28332029711240836 off 0.24619030640675274	false	1.0
verminderung	neg 1.0		__DUMMY__ 0.4658529512837305 neg 0.2799456381293953 off 0.2542014105868742	false	1.0
nach			__DUMMY__ 0.4781405004478423 neg 0.28312287819771964 off 0.23873662135443813	false	0.0
rost	neg 1.0		__DUMMY__ 0.46358700695349964 neg 0.27791616393069996 off 0.2584968291158005	false	1.0
destruktiv	neg 1.0		__DUMMY__ 0.46654859539987664 neg 0.28857956035611515 off 0.24487184424400815	false	1.0
unzumutbarkeit	neg 1.0		__DUMMY__ 0.46957752309173956 neg 0.27783448363894103 off 0.2525879932693194	false	1.0
labil	off 1.0	off 1.0	off 0.6129507603955874 __DUMMY__ 0.22705841837405172 neg 0.15999082123036082	false	1.0
ziemlich	neg 1.0		__DUMMY__ 0.46866629847731767 neg 0.27738403904957826 off 0.2539496624731042	false	1.0
lachnummer	off 1.0		__DUMMY__ 0.46835913675894364 neg 0.28574637749946863 off 0.24589448574158765	false	0.5
oder			__DUMMY__ 0.47145291026290015 neg 0.2808042369268442 off 0.24774285281025576	false	0.0
verfall	neg 1.0		__DUMMY__ 0.4715786610812879 neg 0.2931688180080158 off 0.23525252091069623	false	1.0
ausgrenzung	neg 1.0		__DUMMY__ 0.4657871272801263 neg 0.2873049104374013 off 0.2469079622824723	false	1.0
unordnung	neg 1.0		__DUMMY__ 0.46958731259552267 neg 0.276848802987839 off 0.2535638844166383	false	1.0
fehlverhalten	neg 1.0		__DUMMY__ 0.4694735968160034 neg 0.28987641705010947 off 0.24064998613388722	false	1.0
eine			__DUMMY__ 0.47146800449042126 neg 0.2879044831417557 off 0.24062751236782293	false	0.0
nille	neg 1.0		__DUMMY__ 0.4699664542327022 neg 0.28477164366112023 off 0.24526190210617757	false	1.0
qual	neg 1.0		__DUMMY__ 0.47007847069222664 neg 0.2841460658082047 off 0.24577546349956872	false	1.0
verschwenden	neg 1.0		__DUMMY__ 0.46937956070619197 neg 0.28782438308079555 off 0.24279605621301237	false	1.0
riesig	neg 1.0	neg 1.0	neg 0.6312726025982083 __DUMMY__ 0.23040141201724115 off 0.13832598538455046	false	1.0
verurteilen	neg 1.0		__DUMMY__ 0.46809450944665654 neg 0.288727073258471 off 0.24317841729487233	false	1.0
klischee	neg 1.0	neg 1.0	neg 0.6312779193047118 __DUMMY__ 0.22671386971762697 off 0.1420082109776613	false	1.0
diktatorisch	neg 1.0		__DUMMY__ 0.46475115503849407 neg 0.2889810120755419 off 0.24626783288596404	false	1.0
vorhersehbar	neg 1.0	neg 1.0	neg 0.6309592334239832 __DUMMY__ 0.22729008780604273 off 0.1417506787699741	false	1.0
sowie			__DUMMY__ 0.46435221368080204 neg 0.27737248474404563 off 0.25827530157515244	false	0.0
stornieren	neg 1.0		__DUMMY__ 0.47397280379942586 neg 0.2767953195327001 off 0.24923187666787408	false	1.0
besteuerung	neg 1.0		__DUMMY__ 0.4665194470598217 neg 0.28734644054239783 off 0.24613411239778052	false	1.0
ungeschminkt	neg 1.0		__DUMMY__ 0.46662964140814467 neg 0.2799798639727525 off 0.2533904946191029	false	1.0
kritisch	neg 1.0		__DUMMY__ 0.46925307243168707 neg 0.2888282862245514 off 0.24191864134376143	false	1.0
schlamperei	off 1.0		__DUMMY__ 0.46932503329949515 neg 0.29006654461583103 off 0.2406084220846738	false	0.5
sucht	neg 1.0	neg 1.0	neg 0.6301048930150921 __DUMMY__ 0.22960116777370135 off 0.14029393921120653	false	1.0
egoistisch	off 1.0		__DUMMY__ 0.4650427625906983 neg 0.2756961393838491 off 0.25926109802545255	false	0.5
ausbeuter	off 1.0		__DUMMY__ 0.4682297414637672 neg 0.2917932799031917 off 0.2399769786330411	false	0.5
arschgeburt	off 1.0		__DUMMY__ 0.4598811084756821 neg 0.2726115867102768 off 0.2675073048140411	false	0.5
schubs	neg 1.0	neg 1.0	neg 0.6301278897254198 __DUMMY__ 0.23063353843520543 off 0.13923857183937474	false	1.0
unsolide	neg 1.0		__DUMMY__ 0.4626739622783746 neg 0.2912326398062279 off 0.24609339791539755	false	1.0
beschwerde	neg 1.0		__DUMMY__ 0.4694062112163648 neg 0.2897068096404595 off 0.24088697914317578	false	1.0
stocken	neg 1.0		__DUMMY__ 0.4701256556040125 neg 0.28798509915297904 off 0.24188924524300856	false	1.0
isolieren	neg 1.0		__DUMMY__ 0.46873460515844506 neg 0.28852351461312725 off 0.24274188022842763	false	1.0
unheilbar	neg 1.0		__DUMMY__ 0.46958614128020404 neg 0.2832496709643509 off 0.24716418775544508	false	1.0
pisser	off 1.0		__DUMMY__ 0.4670642114661121 neg 0.27812329376057926 off 0.2548124947733086	false	0.5
löschen	neg 1.0		__DUMMY__ 0.46941564996872265 neg 0.28426583245649534 off 0.24631851757478196	false	1.0
durchfallen	neg 1.0		__DUMMY__ 0.468266873704551 neg 0.28852702996566576 off 0.2432060963297832	false	1.0
wichser	off 1.0		__DUMMY__ 0.46331409290063846 neg 0.27210973287511125 off 0.26457617422425017	false	0.5
terror	neg 1.0		__DUMMY__ 0.47037967035294087 neg 0.279287241302154 off 0.25033308834490514	false	1.0
krass	neg 1.0		__DUMMY__ 0.4660703439591545 neg 0.27669417509288374 off 0.2572354809479618	false	1.0
revolte	neg 1.0		__DUMMY__ 0.4662262376407291 neg 0.28592050778599065 off 0.2478532545732803	false	1.0
besorgt	neg 1.0		__DUMMY__ 0.472394953381409 neg 0.28254366111053736 off 0.24506138550805368	false	1.0
nachlassen	neg 1.0		__DUMMY__ 0.47018425000855596 neg 0.28839669317481137 off 0.2414190568166326	false	1.0
alt	neg 1.0		__DUMMY__ 0.47079419105117815 neg 0.28619332581448065 off 0.24301248313434118	false	1.0
hundesohn	off 1.0		__DUMMY__ 0.4622255188829538 neg 0.2756742809854888 off 0.26210020013155744	false	0.5
als			__DUMMY__ 0.47189749720908053 neg 0.28290366116108906 off 0.24519884162983027	false	0.0
abschreckung	neg 1.0		__DUMMY__ 0.47043078865827537 neg 0.29038472677818733 off 0.2391844845635372	false	1.0
unqualifiziert	neg 1.0		__DUMMY__ 0.46496584995723134 neg 0.2859925421643496 off 0.249041607878419	false	1.0
abgewichst	off 1.0		__DUMMY__ 0.4703350420609001 neg 0.2850461809621355 off 0.24461877697696427	false	0.5
schwer	neg 1.0		__DUMMY__ 0.4699621648935216 neg 0.28338855312893085 off 0.24664928197754757	false	1.0
bedeutungslosigkeit	neg 1.0		__DUMMY__ 0.47002054900147555 neg 0.2897788273715865 off 0.24020062362693803	false	1.0
kapitulation	neg 1.0		__DUMMY__ 0.46716534948979616 neg 0.29204441418976584 off 0.24079023632043786	false	1.0
unscharf	neg 1.0		__DUMMY__ 0.4691600713629388 neg 0.2813319292995532 off 0.24950799933750792	false	1.0
schwinden	neg 1.0		__DUMMY__ 0.4699871296428344 neg 0.2900232130637932 off 0.23998965729337252	false	1.0
versklavung	neg 1.0		__DUMMY__ 0.46452543486113523 neg 0.28981011380785654 off 0.24566445133100828	false	1.0
schlecht	neg 1.0		__DUMMY__ 0.46874247239140504 neg 0.27716505847564693 off 0.25409246913294814	false	1.0
verhasst	neg 1.0		__DUMMY__ 0.46792988604647284 neg 0.2847443076694699 off 0.2473258062840574	false	1.0
beschweren	neg 1.0		__DUMMY__ 0.4688860560848671 neg 0.28234489886624686 off 0.248769045048886	false	1.0
scheiden	neg 1.0		__DUMMY__ 0.4742922437184932 neg 0.27687786754649896 off 0.2488298887350079	false	1.0
frustriert	neg 1.0		__DUMMY__ 0.47023709685042353 neg 0.28432305020951193 off 0.24543985294006454	false	1.0
schimmelig	neg 1.0		__DUMMY__ 0.4720248468637919 neg 0.28528032012369575 off 0.24269483301251227	false	1.0
fisch	neg 1.0		__DUMMY__ 0.4757544611532399 neg 0.28167506971805495 off 0.24257046912870514	false	1.0
schmuggel	neg 1.0		__DUMMY__ 0.4732096187616257 neg 0.28547660315859463 off 0.24131377807977972	false	1.0
auffallen	neg 1.0		__DUMMY__ 0.469373647438024 neg 0.28077875451104584 off 0.2498475980509302	false	1.0
konkurrenz	neg 1.0	neg 1.0	neg 0.6334551394617907 __DUMMY__ 0.23036486736323833 off 0.13617999317497106	false	1.0
teufelskreis	neg 1.0	neg 1.0	neg 0.6327785198644851 __DUMMY__ 0.22793323620242342 off 0.13928824393309153	false	1.0
aufschreien	neg 1.0		__DUMMY__ 0.46746757721380916 neg 0.28361954833369873 off 0.24891287445249216	false	1.0
schuldner	neg 1.0		__DUMMY__ 0.47055626002246514 neg 0.2888956708042547 off 0.24054806917328014	false	1.0
missgeburt	off 1.0	off 1.0	off 0.6169198609959332 __DUMMY__ 0.22597430520245282 neg 0.15710583380161391	false	1.0
arbeitslos	neg 1.0		__DUMMY__ 0.46849348851066175 neg 0.287889861830341 off 0.24361664965899735	false	1.0
befallen	neg 1.0		__DUMMY__ 0.4669152083615214 neg 0.2898424039306817 off 0.24324238770779677	false	1.0
miesepetrig	off 1.0	off 1.0	off 0.6142418936211843 __DUMMY__ 0.22812781257764378 neg 0.1576302938011719	false	1.0
alarmieren	neg 1.0		__DUMMY__ 0.4660128720821087 neg 0.2831711838030618 off 0.25081594411482955	false	1.0
ungeduscht	off 1.0		__DUMMY__ 0.4698601954196491 neg 0.2787071554459264 off 0.2514326491344245	false	0.5
knappheit	neg 1.0		__DUMMY__ 0.46779320198191904 neg 0.29106391872591386 off 0.24114287929216713	false	1.0
schlange	neg 1.0		__DUMMY__ 0.4721691049296078 neg 0.27787677768716224 off 0.24995411738323	false	1.0
harsch	neg 1.0		__DUMMY__ 0.46832234124541694 neg 0.2728988325980378 off 0.25877882615654535	false	1.0
lang	neg 1.0		__DUMMY__ 0.4696147724696284 neg 0.2834246076212986 off 0.2469606199090729	false	1.0
ziellos	neg 1.0		__DUMMY__ 0.4719996924673956 neg 0.28358030529880524 off 0.24442000223379914	false	1.0
selbstverliebt	neg 1.0		__DUMMY__ 0.46060170644554066 neg 0.27477804710932363 off 0.2646202464451358	false	1.0
beseitigen	neg 1.0	neg 1.0	neg 0.6300428841653837 __DUMMY__ 0.23009780835685056 off 0.13985930747776576	false	1.0
dumm	off 1.0		__DUMMY__ 0.4641054024302493 neg 0.2757453027982801 off 0.26014929477147053	false	0.5
arbeitsloser	neg 1.0		__DUMMY__ 0.4707083056291196 neg 0.2859151074749171 off 0.24337658689596336	false	1.0
blitzen	neg 1.0		__DUMMY__ 0.4683045734370113 neg 0.2816132299326723 off 0.25008219663031644	false	1.0
hilflos	neg 1.0		__DUMMY__ 0.47003349926495314 neg 0.28522018497374196 off 0.24474631576130473	false	1.0
eklig	off 1.0		__DUMMY__ 0.4642277691929533 neg 0.27476652934842755 off 0.2610057014586191	false	0.5
begriff			__DUMMY__ 0.46820390672654677 neg 0.28727117576076855 off 0.24452491751268451	false	0.0
hungersnot	neg 1.0		__DUMMY__ 0.4696715148888043 neg 0.2860871121595644 off 0.24424137295163134	false	1.0
ungesetzlich	neg 1.0		__DUMMY__ 0.4630627994026034 neg 0.29044604672509894 off 0.24649115387229778	false	1.0
verschwendung	neg 1.0		__DUMMY__ 0.47003705456918665 neg 0.2884800345770574 off 0.24148291085375595	false	1.0
schmerzvoll	neg 1.0		__DUMMY__ 0.4692702750661882 neg 0.2818760230981071 off 0.24885370183570465	false	1.0
vorzeitig	neg 1.0		__DUMMY__ 0.47007059539964713 neg 0.27922905152274174 off 0.250700353077611	false	1.0
unvollkommenheit	neg 1.0		__DUMMY__ 0.4729070776427655 neg 0.28236170300121943 off 0.24473121935601488	false	1.0
intervenieren	neg 1.0		__DUMMY__ 0.46830036045627893 neg 0.29130718971962094 off 0.24039244982410013	false	1.0
banause	off 1.0		__DUMMY__ 0.46251786753022345 neg 0.274565130826503 off 0.26291700164327364	false	0.5
rebell	neg 1.0		__DUMMY__ 0.47211918334773645 neg 0.2898340531571636 off 0.2380467634950999	false	1.0
unlogisch	neg 1.0		__DUMMY__ 0.4662392587032795 neg 0.2774433583228125 off 0.25631738297390794	false	1.0
leiden	neg 1.0		__DUMMY__ 0.475600759426669 neg 0.28139380372183487 off 0.24300543685149606	false	1.0
abschaffung	neg 1.0		__DUMMY__ 0.4671013942297548 neg 0.2867227399069971 off 0.24617586586324816	false	1.0
sturz	neg 1.0		__DUMMY__ 0.4708377936955276 neg 0.2822357066571643 off 0.24692649964730815	false	1.0
verkleinerung	neg 1.0		__DUMMY__ 0.4654742989718335 neg 0.2857828092597924 off 0.24874289176837408	false	1.0
schmarotzer	off 1.0		__DUMMY__ 0.46761915880772925 neg 0.2892976031367046 off 0.2430832380555662	false	0.5
bestrafung	neg 1.0		__DUMMY__ 0.4680589094177622 neg 0.2841954600296065 off 0.24774563055263135	false	1.0
achtlos	neg 1.0		__DUMMY__ 0.4709961499280432 neg 0.28204050330367947 off 0.2469633467682773	false	1.0
ungeheuer	neg 1.0		__DUMMY__ 0.47006840883045514 neg 0.27916009755489724 off 0.2507714936146477	false	1.0
unaufrichtig	neg 1.0		__DUMMY__ 0.4654882180419685 neg 0.28680765656207335 off 0.24770412539595815	false	1.0
groggy	neg 1.0		__DUMMY__ 0.46760921486883017 neg 0.28317031717193036 off 0.2492204679592396	false	1.0
verletzlich	neg 1.0		__DUMMY__ 0.46705877685939645 neg 0.2780592673189927 off 0.25488195582161083	false	1.0
