unsolidarisch	neg 1.0		neg 0.5194824811430175 off 0.4392367284010951 __DUMMY__ 0.04128079045588729	false	1.0
nachteilig	neg 1.0		neg 0.5192881021395548 off 0.43888832869666716 __DUMMY__ 0.041823569163778114	false	1.0
skeptisch	neg 1.0		neg 0.5193528127522093 off 0.43872865511979575 __DUMMY__ 0.04191853212799487	false	1.0
schrecklich	neg 1.0		neg 0.5031618504960625 off 0.45529931260542816 __DUMMY__ 0.0415388368985092	false	1.0
schlapp	neg 1.0		neg 0.5068069855370547 off 0.45141321583967353 __DUMMY__ 0.04177979862327182	false	1.0
abfall	neg 1.0		neg 0.5224499188471893 off 0.43557832765901927 __DUMMY__ 0.0419717534937915	false	1.0
widerspenstig	neg 1.0		neg 0.5136315615107493 off 0.4445688915939816 __DUMMY__ 0.041799546895268984	false	1.0
abrupt	neg 1.0		neg 0.5161516527902665 off 0.44169632750397353 __DUMMY__ 0.0421520197057599	false	1.0
unwirksam	neg 1.0		neg 0.5167596152566782 off 0.44171889003683956 __DUMMY__ 0.04152149470648223	false	1.0
angreifen	neg 1.0	neg 1.0	neg 0.7466573690997843 off 0.23334978372511425 __DUMMY__ 0.01999284717510152	false	1.0
inkonsistent	neg 1.0		neg 0.5123264336535781 off 0.4458564578922191 __DUMMY__ 0.04181710845420277	false	1.0
abrutschen	neg 1.0		neg 0.5216121337064614 off 0.43638154107474214 __DUMMY__ 0.04200632521879639	false	1.0
unsicher	neg 1.0		neg 0.512724482474879 off 0.4453856750312055 __DUMMY__ 0.04188984249391548	false	1.0
bauernkind	off 1.0	off 1.0	off 0.7109076446239033 neg 0.26941208180155046 __DUMMY__ 0.019680273574546207	false	1.0
angreifer	neg 1.0		neg 0.5108280586736815 off 0.44725332055556266 __DUMMY__ 0.04191862077075576	false	1.0
trennen	neg 1.0		neg 0.5143937211496316 off 0.4433170886591622 __DUMMY__ 0.04228919019120611	false	1.0
schmutz	neg 1.0		neg 0.5076103894465152 off 0.45020997706153215 __DUMMY__ 0.04217963349195277	false	1.0
inkonsistenz	neg 1.0		neg 0.5117209613666794 off 0.4468386616607228 __DUMMY__ 0.041440376972597774	false	1.0
erschreckend	neg 1.0		neg 0.5158072405680044 off 0.4424472021877777 __DUMMY__ 0.04174555724421797	false	1.0
ertrinken	neg 1.0		neg 0.51625922947436 off 0.4417190332522699 __DUMMY__ 0.042021737273370136	false	1.0
pickelface	off 1.0		neg 0.5162649473214654 off 0.4419134735740579 __DUMMY__ 0.04182157910447671	false	0.5
seiner			neg 0.5176315429070584 off 0.44033888272565713 __DUMMY__ 0.042029574367284446	false	0.0
lauch	neg 1.0		neg 0.5226895320523341 off 0.4354228817095313 __DUMMY__ 0.041887586238134406	false	1.0
unwichtig	neg 1.0		neg 0.5093627652951106 off 0.4490549894424016 __DUMMY__ 0.04158224526248793	false	1.0
steuerhinterziehung	neg 1.0		neg 0.5181849096123599 off 0.4401993654836694 __DUMMY__ 0.041615724903970815	false	1.0
schock	neg 1.0		neg 0.511780677676237 off 0.44611499355567047 __DUMMY__ 0.04210432876809235	false	1.0
beule	neg 1.0		neg 0.506075086156296 off 0.45211650955157046 __DUMMY__ 0.041808404292133484	false	1.0
vergelten	neg 1.0		neg 0.502829850365239 off 0.4553904387522737 __DUMMY__ 0.04177971088248741	false	1.0
verdorbenheit	neg 1.0		neg 0.5124080010251284 off 0.44560578989515776 __DUMMY__ 0.041986209079713746	false	1.0
trauma	neg 1.0		neg 0.5127180222814295 off 0.4455091739871167 __DUMMY__ 0.041772803731453825	false	1.0
sinnlos	neg 1.0		neg 0.510192122681507 off 0.44797553376381866 __DUMMY__ 0.04183234355467428	false	1.0
fettsack	off 1.0	off 1.0	off 0.7128569901488726 neg 0.26738187921604084 __DUMMY__ 0.019761130635086464	false	1.0
feige	off 1.0	off 1.0	off 0.7088127340198922 neg 0.27141596229408904 __DUMMY__ 0.01977130368601882	false	1.0
abdanken	neg 1.0		neg 0.5167373246554621 off 0.4416183663198261 __DUMMY__ 0.04164430902471184	false	1.0
wichtigtuer	off 1.0	off 1.0	off 0.7073455736091316 neg 0.27280280757406533 __DUMMY__ 0.019851618816803095	false	1.0
misslingen	neg 1.0		neg 0.5090294105675902 off 0.4488273787462685 __DUMMY__ 0.042143210686141346	false	1.0
untreu	off 1.0		neg 0.5084225070662531 off 0.45006815643279885 __DUMMY__ 0.04150933650094807	false	0.5
missmutig	neg 1.0		neg 0.5085803561979827 off 0.44977100136103987 __DUMMY__ 0.041648642440977574	false	1.0
hurenbock	off 1.0		neg 0.5108064271691044 off 0.44729045249876653 __DUMMY__ 0.04190312033212918	false	0.5
betrunken	neg 1.0		neg 0.5033534559112502 off 0.4548511619517948 __DUMMY__ 0.041795382136954974	false	1.0
korrupt	off 1.0		neg 0.5210134559076006 off 0.4375556971671383 __DUMMY__ 0.041430846925260945	false	0.5
unmut	neg 1.0		neg 0.5224564678898417 off 0.43559024681706005 __DUMMY__ 0.04195328529309833	false	1.0
hackfresse	off 1.0		neg 0.5008801545264037 off 0.45781839040604927 __DUMMY__ 0.04130145506754717	false	0.5
aufblasen	neg 1.0		neg 0.5101789325503829 off 0.44786786225125635 __DUMMY__ 0.04195320519836073	false	1.0
gewaltsam	neg 1.0		neg 0.5145082056527088 off 0.4436408565072084 __DUMMY__ 0.04185093784008285	false	1.0
unbeliebtheit	neg 1.0		neg 0.5146203898887971 off 0.4442467394551519 __DUMMY__ 0.04113287065605102	false	1.0
sturheit	neg 1.0		neg 0.5166655079088291 off 0.44166281456234086 __DUMMY__ 0.04167167752883005	false	1.0
kuh	neg 1.0		neg 0.5143182311468253 off 0.4440373251708268 __DUMMY__ 0.04164444368234795	false	1.0
erschrecken	neg 1.0		neg 0.5084137876196089 off 0.4498281344439915 __DUMMY__ 0.041758077936399664	false	1.0
opfer	neg 1.0		neg 0.5172048481178179 off 0.4408692077615346 __DUMMY__ 0.04192594412064763	false	1.0
sinken	neg 1.0		neg 0.5207154637047137 off 0.4372450630932405 __DUMMY__ 0.042039473202045735	false	1.0
stinktier	neg 1.0		neg 0.5041687447895908 off 0.4544636338840737 __DUMMY__ 0.04136762132633549	false	1.0
tucke	off 1.0		neg 0.5032306193747336 off 0.45576942244211865 __DUMMY__ 0.04099995818314764	false	0.5
ein			neg 0.5107000584863881 off 0.4473174173758857 __DUMMY__ 0.04198252413772619	false	0.0
abstieg	neg 1.0		neg 0.5162059895192633 off 0.4416603060958129 __DUMMY__ 0.04213370438492379	false	1.0
missverstehen	neg 1.0		neg 0.512411553613274 off 0.44600377300620003 __DUMMY__ 0.041584673380525974	false	1.0
ergebnislos	neg 1.0		neg 0.5184278459502317 off 0.43964033754665616 __DUMMY__ 0.0419318165031121	false	1.0
unter			neg 0.5219159318377091 off 0.43552354927164194 __DUMMY__ 0.042560518890648893	false	0.0
manipulieren	neg 1.0		neg 0.5202111516425387 off 0.4379566804857661 __DUMMY__ 0.041832167871695275	false	1.0
unbewiesen	neg 1.0		neg 0.519877875587945 off 0.4389146027814215 __DUMMY__ 0.041207521630633445	false	1.0
verschleppen	neg 1.0		neg 0.5173723336993805 off 0.4407989873966599 __DUMMY__ 0.04182867890395957	false	1.0
weib	off 1.0		neg 0.5010590333815478 off 0.45765160266732685 __DUMMY__ 0.04128936395112551	false	0.5
opposition	neg 1.0		neg 0.5134792760943954 off 0.4449268563819729 __DUMMY__ 0.04159386752363192	false	1.0
verkehrswidrig	neg 1.0	neg 1.0	neg 0.7353795698571408 off 0.24446882207285212 __DUMMY__ 0.020151608070007106	false	1.0
inkorrekt	neg 1.0		neg 0.50989694723294 off 0.4488892179534797 __DUMMY__ 0.041213834813580395	false	1.0
vermeiden	neg 1.0		neg 0.5225791584309485 off 0.435221081229267 __DUMMY__ 0.04219976033978455	false	1.0
abweichung	neg 1.0		neg 0.51833791586604 off 0.43978814291807616 __DUMMY__ 0.041873941215883705	false	1.0
alkoholisiert	neg 1.0		neg 0.5134434028221196 off 0.4441025249596381 __DUMMY__ 0.04245407221824229	false	1.0
scheiss	off 1.0	off 1.0	off 0.7105413375173852 neg 0.26953406914996514 __DUMMY__ 0.019924593332649617	false	1.0
herausforderung	neg 1.0	neg 1.0	neg 0.7431201354278476 off 0.23653487282422228 __DUMMY__ 0.02034499174793015	false	1.0
pervers	off 1.0		neg 0.4976792828416788 off 0.46111927998954955 __DUMMY__ 0.04120143716877154	false	0.5
wackelig	neg 1.0		neg 0.5124797414634048 off 0.44528251540511327 __DUMMY__ 0.042237743131481875	false	1.0
verwickeln	neg 1.0		neg 0.5127776230594722 off 0.4456567816184204 __DUMMY__ 0.04156559532210747	false	1.0
vorwand	neg 1.0		neg 0.520396446866953 off 0.437689250982666 __DUMMY__ 0.04191430215038113	false	1.0
muschi	off 1.0		neg 0.5154803116723036 off 0.44267544824195226 __DUMMY__ 0.041844240085744173	false	0.5
entmutigung	neg 1.0		neg 0.5152000227713298 off 0.44331542132397034 __DUMMY__ 0.04148455590469984	false	1.0
unangemessen	neg 1.0		neg 0.5173869680827714 off 0.4409071905206517 __DUMMY__ 0.041705841396576945	false	1.0
unstetig	neg 1.0		neg 0.5107830220560345 off 0.4472674511129533 __DUMMY__ 0.04194952683101221	false	1.0
entmutigen	neg 1.0		neg 0.5123007672822885 off 0.44593827401212116 __DUMMY__ 0.04176095870559031	false	1.0
schwanz	neg 1.0		neg 0.5179940327867762 off 0.4400083993152704 __DUMMY__ 0.04199756789795331	false	1.0
verbot	neg 1.0		neg 0.5191161659804175 off 0.4392314163537693 __DUMMY__ 0.041652417665813346	false	1.0
leid	neg 1.0		neg 0.5021019003060545 off 0.4564083912420741 __DUMMY__ 0.0414897084518713	false	1.0
archaisch	neg 1.0		neg 0.5164447456114591 off 0.44174282265162124 __DUMMY__ 0.041812431736919536	false	1.0
gegen			neg 0.5191410909060084 off 0.43873066209031214 __DUMMY__ 0.042128247003679446	false	0.0
scheidung	neg 1.0		neg 0.49302926173243994 off 0.4657485894382735 __DUMMY__ 0.04122214882928653	false	1.0
einschlag	neg 1.0	neg 1.0	neg 0.7381765080938419 off 0.24191314165508315 __DUMMY__ 0.019910350251074904	false	1.0
m			neg 0.514499040891952 off 0.4434744891946447 __DUMMY__ 0.04202646991340326	false	0.0
abgestanden	neg 1.0		neg 0.5108173690262507 off 0.44721397233151416 __DUMMY__ 0.04196865864223503	false	1.0
schmierig	off 1.0		neg 0.5024522701139899 off 0.4560238119663862 __DUMMY__ 0.04152391791962396	false	0.5
unpraktisch	neg 1.0		neg 0.5096180064553583 off 0.4483312887529593 __DUMMY__ 0.042050704791682346	false	1.0
wixxer	off 1.0		neg 0.49846109803027816 off 0.4603856059342461 __DUMMY__ 0.041153296035475746	false	0.5
bezeichnet			neg 0.515334147457857 off 0.442954624837412 __DUMMY__ 0.041711227704730985	false	0.0
jammerlappen	off 1.0		neg 0.5089550258959625 off 0.449442495141794 __DUMMY__ 0.04160247896224346	false	0.5
farce	neg 1.0		neg 0.5188113334193551 off 0.4396145070307392 __DUMMY__ 0.04157415954990555	false	1.0
zwecklos	neg 1.0		neg 0.5172711945245553 off 0.44100434174623515 __DUMMY__ 0.04172446372920948	false	1.0
turbulent	neg 1.0		neg 0.5092230177612784 off 0.44927133073966335 __DUMMY__ 0.04150565149905808	false	1.0
invasion	neg 1.0		neg 0.510005251697704 off 0.44815585536044034 __DUMMY__ 0.041838892941855554	false	1.0
schuld	neg 1.0		neg 0.5132284013300104 off 0.44503859021882763 __DUMMY__ 0.04173300845116201	false	1.0
risiko	neg 1.0		neg 0.5122466619933002 off 0.4458411283053926 __DUMMY__ 0.04191220970130727	false	1.0
finster	neg 1.0		neg 0.5111920233300942 off 0.44690950220279174 __DUMMY__ 0.04189847446711405	false	1.0
geisteskrank	off 1.0		neg 0.5087991616666256 off 0.44980699922941775 __DUMMY__ 0.04139383910395665	false	0.5
zusammenbrechen	neg 1.0		neg 0.5143386929439251 off 0.44372464556240954 __DUMMY__ 0.04193666149366525	false	1.0
ausbeute	neg 1.0		neg 0.5148251896404177 off 0.44288353805786945 __DUMMY__ 0.042291272301712854	false	1.0
hinterhalt	neg 1.0		neg 0.5135514419284755 off 0.4443822340737428 __DUMMY__ 0.042066323997781624	false	1.0
kritik	neg 1.0		neg 0.51873053038816 off 0.43966377411839686 __DUMMY__ 0.041605695493443125	false	1.0
einschrumpfen	neg 1.0		neg 0.513042069604288 off 0.4454945801131936 __DUMMY__ 0.041463350282518456	false	1.0
riskant	neg 1.0		neg 0.5184890785608667 off 0.43968115585081563 __DUMMY__ 0.04182976558831769	false	1.0
frustrieren	neg 1.0		neg 0.5176552455523611 off 0.44046103505327944 __DUMMY__ 0.041883719394359566	false	1.0
groll	neg 1.0		neg 0.516649528034884 off 0.4415255959696931 __DUMMY__ 0.04182487599542316	false	1.0
gibt			neg 0.515405655606662 off 0.44271464998233623 __DUMMY__ 0.0418796944110018	false	0.0
qualvoll	neg 1.0		neg 0.5088160926863647 off 0.4493616040817434 __DUMMY__ 0.04182230323189176	false	1.0
wackeln	neg 1.0	neg 1.0	neg 0.741448732176771 off 0.2384375693270679 __DUMMY__ 0.020113698496161084	false	1.0
klagen	neg 1.0		neg 0.5212440399717722 off 0.4367529141544813 __DUMMY__ 0.04200304587374649	false	1.0
bankrott	neg 1.0		neg 0.5088194070477818 off 0.44943128393547127 __DUMMY__ 0.04174930901674687	false	1.0
trauern	neg 1.0		neg 0.516231388571533 off 0.4417244248077433 __DUMMY__ 0.04204418662072386	false	1.0
ablehnung	neg 1.0		neg 0.5184815036346371 off 0.4398942940843509 __DUMMY__ 0.04162420228101199	false	1.0
stur	neg 1.0		neg 0.5129278714651598 off 0.44539118371697384 __DUMMY__ 0.04168094481786643	false	1.0
aufruhr	neg 1.0		neg 0.5146742767880378 off 0.4434775178650998 __DUMMY__ 0.041848205346862316	false	1.0
melancholie	neg 1.0		neg 0.5144518302759966 off 0.4434989120830052 __DUMMY__ 0.04204925764099821	false	1.0
ist			neg 0.511180168806155 off 0.44701301079933575 __DUMMY__ 0.04180682039450923	false	0.0
torheit	neg 1.0		neg 0.515664391291176 off 0.44281179047351066 __DUMMY__ 0.04152381823531324	false	1.0
dreckskind	off 1.0		neg 0.5029954158435004 off 0.45570083223153335 __DUMMY__ 0.04130375192496625	false	0.5
umtauschen	neg 1.0		neg 0.5124822758305212 off 0.4455559398101439 __DUMMY__ 0.041961784359334856	false	1.0
zum			neg 0.5177528397702315 off 0.43960561135723414 __DUMMY__ 0.042641548872534484	false	0.0
zersetzen	neg 1.0		neg 0.5212246651553148 off 0.4370308329021216 __DUMMY__ 0.041744501942563614	false	1.0
zur			neg 0.5218385174005572 off 0.43581819009758865 __DUMMY__ 0.04234329250185421	false	0.0
frust	neg 1.0		neg 0.514458265622631 off 0.44359417796298206 __DUMMY__ 0.04194755641438697	false	1.0
unerbittlichkeit	neg 1.0		neg 0.5203877930404881 off 0.43780337837693206 __DUMMY__ 0.04180882858257988	false	1.0
zwei			neg 0.5165700937945241 off 0.4409533799039102 __DUMMY__ 0.04247652630156574	false	0.0
unkorrekt	neg 1.0		neg 0.508974788200101 off 0.44980192097229377 __DUMMY__ 0.0412232908276054	false	1.0
hexe	off 1.0		neg 0.5075665749117194 off 0.4507999948416161 __DUMMY__ 0.041633430246664396	false	0.5
lasch	neg 1.0		neg 0.511883511186669 off 0.44663288289952535 __DUMMY__ 0.04148360591380566	false	1.0
rivale	neg 1.0		neg 0.5052190685159473 off 0.4531761003204689 __DUMMY__ 0.04160483116358392	false	1.0
mutlos	off 1.0	off 1.0	off 0.7031426228375469 neg 0.2769662637848017 __DUMMY__ 0.019891113377651332	false	1.0
wirr	off 1.0		neg 0.5080656105350965 off 0.4506664486964093 __DUMMY__ 0.04126794076849419	false	0.5
jahr			neg 0.5149314951427286 off 0.4426695571890806 __DUMMY__ 0.042398947668190745	false	0.0
wird			neg 0.5160382336896595 off 0.4419722703361004 __DUMMY__ 0.041989495974239836	false	0.0
strafbar	neg 1.0		neg 0.5190966230966888 off 0.43914225533083573 __DUMMY__ 0.04176112157247549	false	1.0
erosion	neg 1.0		neg 0.5116984400447706 off 0.4463786945708295 __DUMMY__ 0.04192286538439976	false	1.0
eingehen	neg 1.0		neg 0.5183763096627118 off 0.43991331367762715 __DUMMY__ 0.04171037665966109	false	1.0
faul	off 1.0		neg 0.5075119985818435 off 0.4506610051895206 __DUMMY__ 0.04182699622863589	false	0.5
provisorium	neg 1.0		neg 0.5237044694862226 off 0.4338770476824189 __DUMMY__ 0.042418482831358545	false	1.0
schmerzen	neg 1.0		neg 0.5127948620318167 off 0.44531916173872893 __DUMMY__ 0.0418859762294544	false	1.0
schrumpfen	neg 1.0		neg 0.5246204501504474 off 0.43335745678040366 __DUMMY__ 0.04202209306914879	false	1.0
geistlos	off 1.0		neg 0.5160981467859118 off 0.44266761424427786 __DUMMY__ 0.04123423896981049	false	0.5
fehlkauf	neg 1.0		neg 0.5126099721878419 off 0.44570906846464114 __DUMMY__ 0.041680959347516866	false	1.0
frustrierend	neg 1.0		neg 0.507839465752358 off 0.45032390384901616 __DUMMY__ 0.04183663039862576	false	1.0
unzufrieden	neg 1.0		neg 0.5170395213971146 off 0.4411963153305816 __DUMMY__ 0.04176416327230362	false	1.0
verzweifeln	neg 1.0		neg 0.5137434745018774 off 0.4443923205055269 __DUMMY__ 0.04186420499259571	false	1.0
verzweifelt	neg 1.0		neg 0.512387307585046 off 0.44589145160638444 __DUMMY__ 0.04172124080856944	false	1.0
misstrauensantrag	neg 1.0		neg 0.5118873050336922 off 0.4464483684935242 __DUMMY__ 0.04166432647278371	false	1.0
abfallen	neg 1.0		neg 0.5096495233938091 off 0.4483355733364489 __DUMMY__ 0.04201490326974187	false	1.0
fucker	off 1.0		neg 0.5072460583024443 off 0.45126223617831634 __DUMMY__ 0.04149170551923937	false	0.5
ungezogen	neg 1.0		neg 0.4983246247621609 off 0.460317664964176 __DUMMY__ 0.04135771027366327	false	1.0
irrsinnig	neg 1.0	neg 1.0	neg 0.7431451003811 off 0.23694467545529704 __DUMMY__ 0.01991022416360286	false	1.0
unfassbar	neg 1.0		neg 0.5079925299931095 off 0.4504132996129495 __DUMMY__ 0.04159417039394117	false	1.0
hart	neg 1.0		neg 0.5097044973805129 off 0.4485875107057923 __DUMMY__ 0.04170799191369474	false	1.0
widerlich	off 1.0		neg 0.5087468011888172 off 0.44984959051684675 __DUMMY__ 0.04140360829433602	false	0.5
fatal	neg 1.0		neg 0.5119117673104784 off 0.4463761339821994 __DUMMY__ 0.04171209870732234	false	1.0
bruch	neg 1.0		neg 0.5216170906690273 off 0.4364433779316578 __DUMMY__ 0.04193953139931498	false	1.0
aushungern	neg 1.0		neg 0.5179089799346757 off 0.44052310347374807 __DUMMY__ 0.04156791659157612	false	1.0
anspannung	neg 1.0	neg 1.0	neg 0.7459187946910719 off 0.23370630254264685 __DUMMY__ 0.02037490276628114	false	1.0
von			neg 0.5161017560567588 off 0.4415224122405653 __DUMMY__ 0.042375831702675934	false	0.0
kraftlos	neg 1.0		neg 0.5135036246449678 off 0.44440021548789926 __DUMMY__ 0.04209615986713294	false	1.0
vom			neg 0.5204091880713789 off 0.4369414221478363 __DUMMY__ 0.04264938978078478	false	0.0
grenzdebil	off 1.0		neg 0.5065303108280893 off 0.4518665092686068 __DUMMY__ 0.04160317990330397	false	0.5
vor			neg 0.518242967972344 off 0.4396395299442844 __DUMMY__ 0.042117502083371484	false	0.0
unterwerfen	neg 1.0		neg 0.5184715439755117 off 0.4396868046975959 __DUMMY__ 0.0418416513268924	false	1.0
versenkung	neg 1.0		neg 0.5182277384139715 off 0.4398703293768205 __DUMMY__ 0.04190193220920787	false	1.0
entziehen	neg 1.0		neg 0.52076233629409 off 0.4372686393446291 __DUMMY__ 0.041969024361280936	false	1.0
finanzkrise	neg 1.0		neg 0.517636679812308 off 0.4408012334076619 __DUMMY__ 0.041562086780030136	false	1.0
schimpfend	neg 1.0		neg 0.5096188263471577 off 0.4483375325200964 __DUMMY__ 0.042043641132745835	false	1.0
profan	neg 1.0		neg 0.5103145647825468 off 0.44794861778216766 __DUMMY__ 0.041736817435285664	false	1.0
korruption	neg 1.0	neg 1.0	neg 0.7465257960818791 off 0.2336023177069338 __DUMMY__ 0.01987188621118709	false	1.0
â			neg 0.5163317630710597 off 0.4416809788832621 __DUMMY__ 0.04198725804567816	false	0.0
schmutzig	neg 1.0		neg 0.5066228622919462 off 0.45170780218195866 __DUMMY__ 0.041669335526095204	false	1.0
sexy	neg 1.0		neg 0.5098233340267762 off 0.44846247638828446 __DUMMY__ 0.04171418958493948	false	1.0
abraten	neg 1.0		neg 0.5110835838169216 off 0.44712415453262644 __DUMMY__ 0.04179226165045203	false	1.0
schwarz	neg 1.0		neg 0.512850373909804 off 0.4454527488570713 __DUMMY__ 0.04169687723312455	false	1.0
fotze	off 1.0		neg 0.5179666089129439 off 0.4401548725438822 __DUMMY__ 0.04187851854317395	false	0.5
verwirren	neg 1.0		neg 0.5099917392493893 off 0.44826468405075737 __DUMMY__ 0.04174357669985343	false	1.0
zahnlos	off 1.0		neg 0.5172400441270333 off 0.44101827953616657 __DUMMY__ 0.04174167633679995	false	0.5
verheeren	neg 1.0		neg 0.49711101049385487 off 0.46151621604931736 __DUMMY__ 0.04137277345682779	false	1.0
hippie	neg 1.0		neg 0.5108185648293875 off 0.44749643030556535 __DUMMY__ 0.041685004865047254	false	1.0
rammen	neg 1.0		neg 0.5126453536794723 off 0.44557705895874844 __DUMMY__ 0.0417775873617794	false	1.0
unlauter	neg 1.0		neg 0.5169615303988784 off 0.44162450549466753 __DUMMY__ 0.041413964106454045	false	1.0
unheilvoll	neg 1.0		neg 0.5087619654570974 off 0.4492763847466627 __DUMMY__ 0.04196164979623983	false	1.0
niedrig	neg 1.0		neg 0.5179017659275548 off 0.4401048711129684 __DUMMY__ 0.04199336295947687	false	1.0
explosion	neg 1.0		neg 0.5116881571160956 off 0.44664607542492013 __DUMMY__ 0.04166576745898421	false	1.0
weichei	off 1.0		neg 0.5022660921244421 off 0.4563747711663287 __DUMMY__ 0.04135913670922915	false	0.5
minusmensch	off 1.0		neg 0.5019406140452413 off 0.4571237404565893 __DUMMY__ 0.040935645498169394	false	0.5
farblos	neg 1.0		neg 0.5109303900304852 off 0.44686465524705055 __DUMMY__ 0.04220495472246409	false	1.0
unwissend	neg 1.0	neg 1.0	neg 0.7408705705700117 off 0.23930209767678384 __DUMMY__ 0.019827331753204447	false	1.0
traurig	neg 1.0		neg 0.5040107868642361 off 0.45439574056729853 __DUMMY__ 0.041593472568465344	false	1.0
senkung	neg 1.0		neg 0.5126930248709074 off 0.44578375046907387 __DUMMY__ 0.041523224660018614	false	1.0
ungleich	neg 1.0	neg 1.0	neg 0.7470937881618716 off 0.23300184859863934 __DUMMY__ 0.01990436323948905	false	1.0
heikel	neg 1.0		neg 0.5199957007550958 off 0.4381700328054207 __DUMMY__ 0.04183426643948353	false	1.0
drosselung	neg 1.0		neg 0.5066002142603825 off 0.45173927767441907 __DUMMY__ 0.04166050806519845	false	1.0
falsch	neg 1.0		neg 0.5088515246319405 off 0.44944490620548705 __DUMMY__ 0.04170356916257258	false	1.0
unzufriedenheit	neg 1.0		neg 0.5207467222334669 off 0.4374065907875948 __DUMMY__ 0.041846686978938334	false	1.0
kurz	neg 1.0		neg 0.5125081145882001 off 0.4453694134642249 __DUMMY__ 0.042122471947575096	false	1.0
unsinnig	neg 1.0		neg 0.5175130286728846 off 0.4408411176599153 __DUMMY__ 0.04164585366720005	false	1.0
penner	off 1.0	off 1.0	off 0.714152126288694 neg 0.26613934074427176 __DUMMY__ 0.019708532967034197	false	1.0
seicht	neg 1.0		neg 0.5013986708202615 off 0.4575171617146304 __DUMMY__ 0.04108416746510806	false	1.0
dummheit	off 1.0	off 1.0	off 0.7073801712385529 neg 0.2727930854862504 __DUMMY__ 0.01982674327519662	false	1.0
unerfreulich	neg 1.0		neg 0.5194317597940923 off 0.4385584904252426 __DUMMY__ 0.042009749780665025	false	1.0
motherfucker	off 1.0	off 1.0	off 0.7099223175759756 neg 0.2703103724868701 __DUMMY__ 0.019767309937154382	false	1.0
pikiert	neg 1.0		neg 0.5102308278885421 off 0.4483659584165891 __DUMMY__ 0.04140321369486874	false	1.0
wrack	neg 1.0		neg 0.5147978619897029 off 0.44298653574944324 __DUMMY__ 0.04221560226085384	false	1.0
gangster	neg 1.0		neg 0.5106416590834849 off 0.4476096657762995 __DUMMY__ 0.04174867514021557	false	1.0
krank	neg 1.0		neg 0.5049958264893191 off 0.45328540198431555 __DUMMY__ 0.04171877152636546	false	1.0
reich	neg 1.0		neg 0.5107842344126408 off 0.4477120077744261 __DUMMY__ 0.041503757812933244	false	1.0
gnadenlos	neg 1.0		neg 0.512698041161105 off 0.445518541735624 __DUMMY__ 0.04178341710327105	false	1.0
niedergeschlagen	neg 1.0		neg 0.5134631707598374 off 0.44453810014609246 __DUMMY__ 0.04199872909407007	false	1.0
terrorisieren	off 1.0	off 1.0	off 0.7044251865093745 neg 0.2755733505971059 __DUMMY__ 0.020001462893519516	false	1.0
sinnlosigkeit	neg 1.0		neg 0.5167559611677995 off 0.4414727965878549 __DUMMY__ 0.041771242244345655	false	1.0
behindern	neg 1.0		neg 0.5152218786854378 off 0.44302044561765813 __DUMMY__ 0.04175767569690404	false	1.0
undemokratisch	neg 1.0		neg 0.5157235922909901 off 0.4427636156792403 __DUMMY__ 0.041512792029769756	false	1.0
wirtschaftskrise	neg 1.0		neg 0.5191428613029336 off 0.4391387988890537 __DUMMY__ 0.041718339808012504	false	1.0
neid	neg 1.0		neg 0.5062805000647446 off 0.451842390398398 __DUMMY__ 0.04187710953685745	false	1.0
rutschen	neg 1.0	neg 1.0	neg 0.7445913925286517 off 0.23504017883653294 __DUMMY__ 0.020368428634815312	false	1.0
rezession	neg 1.0		neg 0.5063624591872085 off 0.4523700613869242 __DUMMY__ 0.04126747942586735	false	1.0
fehlgeburt	neg 1.0		neg 0.5095304080102175 off 0.4485434670754835 __DUMMY__ 0.041926124914298916	false	1.0
charakterschwach	off 1.0		neg 0.507906323938953 off 0.4505601107723165 __DUMMY__ 0.041533565288730465	false	0.5
isolation	neg 1.0		neg 0.5079258197573397 off 0.45024505620766964 __DUMMY__ 0.04182912403499054	false	1.0
ablenkung	neg 1.0		neg 0.5125783956552706 off 0.4455564973746331 __DUMMY__ 0.04186510697009644	false	1.0
pech	neg 1.0		neg 0.5080221652940492 off 0.45016439901449673 __DUMMY__ 0.041813435691454015	false	1.0
vermeidung	neg 1.0		neg 0.5080076668448612 off 0.4505058796538313 __DUMMY__ 0.04148645350130737	false	1.0
dominieren	neg 1.0		neg 0.5150786783510379 off 0.4428017426502836 __DUMMY__ 0.04211957899867856	false	1.0
schwindlig	neg 1.0		neg 0.5075203197344407 off 0.4504303925140246 __DUMMY__ 0.04204928775153464	false	1.0
lutscher	neg 1.0		neg 0.49967666487608775 off 0.45916850501781936 __DUMMY__ 0.041154830106092846	false	1.0
pflicht	neg 1.0		neg 0.5199211525765436 off 0.43821144723969496 __DUMMY__ 0.04186740018376163	false	1.0
faschist	off 1.0		neg 0.513851402994379 off 0.44473959437471783 __DUMMY__ 0.041409002630903045	false	0.5
verschleudern	neg 1.0		neg 0.5222114164194617 off 0.436271288802898 __DUMMY__ 0.041517294777640434	false	1.0
wenn			neg 0.5086539242724918 off 0.4496515396939365 __DUMMY__ 0.04169453603357169	false	0.0
ehebruch	neg 1.0		neg 0.5188416005586192 off 0.4394228641409168 __DUMMY__ 0.04173553530046408	false	1.0
spott	off 1.0		neg 0.5198534483636509 off 0.43843921586306156 __DUMMY__ 0.04170733577328743	false	0.5
trostlosigkeit	neg 1.0		neg 0.5205178308759336 off 0.4375239513804741 __DUMMY__ 0.04195821774359218	false	1.0
lutschen	neg 1.0		neg 0.5120937753539005 off 0.44628847479651546 __DUMMY__ 0.04161774984958399	false	1.0
undiszipliniert	neg 1.0		neg 0.5050470214986349 off 0.4533475770332342 __DUMMY__ 0.04160540146813096	false	1.0
kopfschmerz	neg 1.0		neg 0.5131069520713639 off 0.4448586158329767 __DUMMY__ 0.042034432095659394	false	1.0
unvorhergesehen	neg 1.0		neg 0.5132927820864636 off 0.44438753940659037 __DUMMY__ 0.042319678506946	false	1.0
desinteressiert	neg 1.0		neg 0.5065113917413996 off 0.45200322041442587 __DUMMY__ 0.04148538784417449	false	1.0
armselig	off 1.0		neg 0.507479563759753 off 0.45125033924865604 __DUMMY__ 0.041270096991590975	false	0.5
desaster	neg 1.0		neg 0.5225384490665967 off 0.4355376105591147 __DUMMY__ 0.041923940374288635	false	1.0
tod	neg 1.0		neg 0.5152007599208025 off 0.4427194431258242 __DUMMY__ 0.04207979695337344	false	1.0
herzlos	neg 1.0		neg 0.5051533955446951 off 0.45342249359496306 __DUMMY__ 0.04142411086034193	false	1.0
unwissenheit	neg 1.0		neg 0.5190166447720359 off 0.4393956265615747 __DUMMY__ 0.04158772866638933	false	1.0
widersinnig	neg 1.0	neg 1.0	neg 0.7464772936792591 off 0.23371897199668562 __DUMMY__ 0.019803734324055276	false	1.0
bedenklich	neg 1.0		neg 0.518807780891497 off 0.4394288614995317 __DUMMY__ 0.041763357608971166	false	1.0
beanstanden	neg 1.0		neg 0.5197026709214201 off 0.43833112803313395 __DUMMY__ 0.04196620104544599	false	1.0
panisch	neg 1.0	neg 1.0	neg 0.7395775827940052 off 0.24027892598541503 __DUMMY__ 0.020143491220579703	false	1.0
debil	off 1.0		neg 0.5239706829870042 off 0.43384179561921316 __DUMMY__ 0.04218752139378273	false	0.5
abstrich	neg 1.0		neg 0.5170924640401675 off 0.4410690392873969 __DUMMY__ 0.04183849667243552	false	1.0
primitiv	neg 1.0		neg 0.5080832433702668 off 0.4505031132000275 __DUMMY__ 0.04141364342970576	false	1.0
abschaum	off 1.0	off 1.0	off 0.708655149581819 neg 0.2715469729279008 __DUMMY__ 0.019797877490280242	false	1.0
provozieren	neg 1.0		neg 0.5140033267811397 off 0.4443173685529305 __DUMMY__ 0.041679304665929784	false	1.0
tot	neg 1.0		neg 0.5171637481518303 off 0.44088864042105175 __DUMMY__ 0.04194761142711788	false	1.0
instabil	neg 1.0		neg 0.5090402260334675 off 0.4496248681491694 __DUMMY__ 0.04133490581736308	false	1.0
schwuchtel	off 1.0		neg 0.49556663190498296 off 0.4634652993531689 __DUMMY__ 0.040968068741848176	false	0.5
zerren	neg 1.0		neg 0.5131449470219837 off 0.44483349660081034 __DUMMY__ 0.04202155637720598	false	1.0
kinderficker	off 1.0		neg 0.5054448466512471 off 0.45340615935089873 __DUMMY__ 0.041148993997854134	false	0.5
gefahr	neg 1.0		neg 0.5191656835970863 off 0.43885191256173395 __DUMMY__ 0.04198240384117972	false	1.0
rabiat	neg 1.0		neg 0.5148353974849713 off 0.4434809894936074 __DUMMY__ 0.04168361302142139	false	1.0
verlangsamung	neg 1.0		neg 0.5025764807565922 off 0.4562241932264058 __DUMMY__ 0.04119932601700206	false	1.0
ausgestorben	neg 1.0		neg 0.5131924762468242 off 0.44488089384644913 __DUMMY__ 0.04192662990672677	false	1.0
anklagen	neg 1.0		neg 0.5167708437254213 off 0.441488077048217 __DUMMY__ 0.04174107922636168	false	1.0
trott	neg 1.0		neg 0.513329919185097 off 0.4447527471806249 __DUMMY__ 0.04191733363427819	false	1.0
verminderung	neg 1.0		neg 0.507147660451608 off 0.45138623992296545 __DUMMY__ 0.041466099625426515	false	1.0
nach			neg 0.5172218504393343 off 0.44013524357810097 __DUMMY__ 0.04264290598256472	false	0.0
rost	neg 1.0		neg 0.5038489492180002 off 0.4549120408964234 __DUMMY__ 0.04123900988557643	false	1.0
destruktiv	neg 1.0		neg 0.517029344408136 off 0.44143510098378275 __DUMMY__ 0.041535554608081365	false	1.0
unzumutbarkeit	neg 1.0		neg 0.5069338157237787 off 0.45125035454518375 __DUMMY__ 0.041815829731037514	false	1.0
labil	off 1.0	off 1.0	off 0.7089264470446901 neg 0.27123935712971675 __DUMMY__ 0.019834195825593252	false	1.0
ziemlich	neg 1.0		neg 0.5059229463507068 off 0.4523388788299542 __DUMMY__ 0.041738174819339016	false	1.0
lachnummer	off 1.0		neg 0.5149695260874422 off 0.4433201378621032 __DUMMY__ 0.04171033605045457	false	0.5
oder			neg 0.5110790994281167 off 0.44691559309172774 __DUMMY__ 0.0420053074801557	false	0.0
verfall	neg 1.0		neg 0.5246741639265199 off 0.4333093735349913 __DUMMY__ 0.04201646253848877	false	1.0
ausgrenzung	neg 1.0		neg 0.5153226087785978 off 0.443219247673088 __DUMMY__ 0.041458143548314175	false	1.0
unordnung	neg 1.0		neg 0.5058966344933172 off 0.4522943647678222 __DUMMY__ 0.04180900073886056	false	1.0
fehlverhalten	neg 1.0		neg 0.5200541866847083 off 0.43812990353589265 __DUMMY__ 0.04181590977939918	false	1.0
eine			neg 0.5188337012953984 off 0.43915709347067533 __DUMMY__ 0.0420092052339264	false	0.0
nille	neg 1.0		neg 0.5147316700052355 off 0.4434061368084173 __DUMMY__ 0.04186219318634723	false	1.0
qual	neg 1.0		neg 0.5140168550229353 off 0.4441050671425123 __DUMMY__ 0.04187807783455248	false	1.0
verschwenden	neg 1.0		neg 0.517643478683871 off 0.44054819438158493 __DUMMY__ 0.041808326934544116	false	1.0
riesig	neg 1.0	neg 1.0	neg 0.7441979768508759 off 0.23567285613022076 __DUMMY__ 0.02012916701890338	false	1.0
verurteilen	neg 1.0		neg 0.5180829794093763 off 0.4402351713693013 __DUMMY__ 0.04168184922132253	false	1.0
klischee	neg 1.0	neg 1.0	neg 0.7423492914277271 off 0.2378473863237512 __DUMMY__ 0.01980332224852162	false	1.0
diktatorisch	neg 1.0		neg 0.5166111480654847 off 0.442030302490846 __DUMMY__ 0.04135854944366921	false	1.0
vorhersehbar	neg 1.0	neg 1.0	neg 0.7423370398282669 off 0.23780855172187054 __DUMMY__ 0.019854408449862537	false	1.0
sowie			neg 0.503652026840795 off 0.45502545450247556 __DUMMY__ 0.041322518656729236	false	0.0
stornieren	neg 1.0		neg 0.5081782162311158 off 0.4495877335168927 __DUMMY__ 0.04223405025199147	false	1.0
besteuerung	neg 1.0		neg 0.5155610599787919 off 0.4429108836510842 __DUMMY__ 0.041528056370123786	false	1.0
ungeschminkt	neg 1.0		neg 0.5075812428619192 off 0.45088142240037754 __DUMMY__ 0.04153733473770318	false	1.0
kritisch	neg 1.0		neg 0.5187754081572234 off 0.43942909668500657 __DUMMY__ 0.04179549515777006	false	1.0
schlamperei	off 1.0		neg 0.5201820216180103 off 0.4380211920922118 __DUMMY__ 0.04179678628977772	false	0.5
sucht	neg 1.0	neg 1.0	neg 0.7425779700300396 off 0.23736629705962692 __DUMMY__ 0.020055732910333485	false	1.0
egoistisch	off 1.0		neg 0.5022006466349188 off 0.4564109123723383 __DUMMY__ 0.041388440992742845	false	0.5
ausbeuter	off 1.0		neg 0.5214620647120817 off 0.43684198053812323 __DUMMY__ 0.04169595474979503	false	0.5
arschgeburt	off 1.0		neg 0.49622115557945046 off 0.4628861304026628 __DUMMY__ 0.040892714017886723	false	0.5
schubs	neg 1.0	neg 1.0	neg 0.7430820805386209 off 0.23676743685457846 __DUMMY__ 0.02015048260680059	false	1.0
unsolide	neg 1.0		neg 0.5178622871557169 off 0.4409796931840135 __DUMMY__ 0.041158019660269676	false	1.0
beschwerde	neg 1.0		neg 0.5197990175775167 off 0.438396983029373 __DUMMY__ 0.04180399939311035	false	1.0
stocken	neg 1.0		neg 0.5182970402188517 off 0.439828422749673 __DUMMY__ 0.04187453703147535	false	1.0
isolieren	neg 1.0		neg 0.5181595872870596 off 0.4401025173551458 __DUMMY__ 0.04173789535779456	false	1.0
unheilbar	neg 1.0		neg 0.5128911538173315 off 0.44528647744311833 __DUMMY__ 0.04182236873955007	false	1.0
pisser	off 1.0		neg 0.5059538855420742 off 0.45246894393445486 __DUMMY__ 0.04157717052347092	false	0.5
löschen	neg 1.0		neg 0.5138149474872457 off 0.44437216817373165 __DUMMY__ 0.041812884339022784	false	1.0
durchfallen	neg 1.0		neg 0.5178627456149959 off 0.4404355088380595 __DUMMY__ 0.04170174554694469	false	1.0
wichser	off 1.0		neg 0.4973763563468915 off 0.4614003717497991 __DUMMY__ 0.041223271903309475	false	0.5
terror	neg 1.0		neg 0.5088671137868543 off 0.44923126627599635 __DUMMY__ 0.041901619937149186	false	1.0
krass	neg 1.0		neg 0.5037297172030298 off 0.4547863028532273 __DUMMY__ 0.04148397994374296	false	1.0
revolte	neg 1.0		neg 0.5140176819807545 off 0.4444825617750641 __DUMMY__ 0.04149975624418141	false	1.0
besorgt	neg 1.0		neg 0.5135571148427406 off 0.44435062183471413 __DUMMY__ 0.042092263322545315	false	1.0
nachlassen	neg 1.0		neg 0.5186648012292685 off 0.4394571805066413 __DUMMY__ 0.04187801826409019	false	1.0
alt	neg 1.0		neg 0.5165351348611182 off 0.44153505167114737 __DUMMY__ 0.04192981346773445	false	1.0
hundesohn	off 1.0		neg 0.5008092600978172 off 0.45807402097235694 __DUMMY__ 0.04111671892982571	false	0.5
als			neg 0.5136856497211725 off 0.4442674249869052 __DUMMY__ 0.04204692529192229	false	0.0
abschreckung	neg 1.0		neg 0.5211299454396278 off 0.436965255524311 __DUMMY__ 0.041904799036061306	false	1.0
unqualifiziert	neg 1.0		neg 0.5133932824140419 off 0.44522377695790366 __DUMMY__ 0.04138294062805435	false	1.0
abgewichst	off 1.0		neg 0.515176512020233 off 0.44292531937817703 __DUMMY__ 0.041898168601590034	false	0.5
schwer	neg 1.0		neg 0.5131477044369492 off 0.44498652422447454 __DUMMY__ 0.0418657713385762	false	1.0
bedeutungslosigkeit	neg 1.0		neg 0.5202234179325882 off 0.43790816844885966 __DUMMY__ 0.041868413618552106	false	1.0
kapitulation	neg 1.0		neg 0.5211724435465186 off 0.437235635417067 __DUMMY__ 0.04159192103641435	false	1.0
unscharf	neg 1.0		neg 0.5103511706239526 off 0.4478728715840412 __DUMMY__ 0.04177595779200603	false	1.0
schwinden	neg 1.0		neg 0.5204345367755941 off 0.43770478201034274 __DUMMY__ 0.041860681214063146	false	1.0
versklavung	neg 1.0		neg 0.5173248240231566 off 0.4413372487878599 __DUMMY__ 0.041337927188983464	false	1.0
schlecht	neg 1.0		neg 0.5057506852892114 off 0.4525031030746748 __DUMMY__ 0.041746211636113736	false	1.0
verhasst	neg 1.0		neg 0.513594590313872 off 0.4447365400606401 __DUMMY__ 0.04166886962548781	false	1.0
beschweren	neg 1.0		neg 0.5114483306131422 off 0.44678967332351627 __DUMMY__ 0.04176199606334164	false	1.0
scheiden	neg 1.0		neg 0.5084028245005684 off 0.44933612806777995 __DUMMY__ 0.042261047431651794	false	1.0
frustriert	neg 1.0		neg 0.5143380701057146 off 0.44376978413948615 __DUMMY__ 0.041892145754799166	false	1.0
schimmelig	neg 1.0		neg 0.5161622631572285 off 0.44179094692573756 __DUMMY__ 0.042046789917033915	false	1.0
fisch	neg 1.0		neg 0.5143083382401834 off 0.4432953029510386 __DUMMY__ 0.042396358808777984	false	1.0
schmuggel	neg 1.0		neg 0.5172421861206792 off 0.44059619056853394 __DUMMY__ 0.042161623310786905	false	1.0
auffallen	neg 1.0		neg 0.5100027421759648 off 0.44818987642044955 __DUMMY__ 0.041807381403585815	false	1.0
konkurrenz	neg 1.0	neg 1.0	neg 0.7464440627807979 off 0.23342602375288946 __DUMMY__ 0.020129913466312616	false	1.0
teufelskreis	neg 1.0	neg 1.0	neg 0.7444997969582199 off 0.23558732837135873 __DUMMY__ 0.019912874670421372	false	1.0
aufschreien	neg 1.0		neg 0.5120809956929454 off 0.4462937245354681 __DUMMY__ 0.04162527977158654	false	1.0
schuldner	neg 1.0		neg 0.5195618161760779 off 0.43852491372448044 __DUMMY__ 0.04191327009944175	false	1.0
missgeburt	off 1.0	off 1.0	off 0.7125113443009456 neg 0.26775657629206256 __DUMMY__ 0.019732079406991825	false	1.0
arbeitslos	neg 1.0		neg 0.5173096148115345 off 0.44096524374873164 __DUMMY__ 0.04172514143973374	false	1.0
befallen	neg 1.0		neg 0.5185839351337624 off 0.43985476255034683 __DUMMY__ 0.04156130231589072	false	1.0
miesepetrig	off 1.0	off 1.0	off 0.7107760624187351 neg 0.26929641011443295 __DUMMY__ 0.019927527466831976	false	1.0
alarmieren	neg 1.0		neg 0.5109239414094373 off 0.4475967055169063 __DUMMY__ 0.04147935307365625	false	1.0
ungeduscht	off 1.0		neg 0.50786856226418 off 0.45028610888737475 __DUMMY__ 0.04184532884844528	false	0.5
knappheit	neg 1.0		neg 0.5203659210543615 off 0.4379855090912643 __DUMMY__ 0.0416485698543742	false	1.0
schlange	neg 1.0		neg 0.5083238384685905 off 0.4496034236472883 __DUMMY__ 0.04207273788412111	false	1.0
harsch	neg 1.0		neg 0.5008934962513317 off 0.4574069170300534 __DUMMY__ 0.041699586718614935	false	1.0
lang	neg 1.0		neg 0.5130034880553622 off 0.4451634707314232 __DUMMY__ 0.04183304121321464	false	1.0
ziellos	neg 1.0		neg 0.5144519984301241 off 0.44348914967477393 __DUMMY__ 0.04205885189510188	false	1.0
selbstverliebt	neg 1.0		neg 0.4988433557956291 off 0.46019214799645103 __DUMMY__ 0.04096449620791976	false	1.0
beseitigen	neg 1.0	neg 1.0	neg 0.7428233644592289 off 0.23707418179550974 __DUMMY__ 0.020102453745261307	false	1.0
dumm	off 1.0		neg 0.5017190460091825 off 0.4569807587639639 __DUMMY__ 0.041300195226853645	false	0.5
arbeitsloser	neg 1.0		neg 0.5164303022289507 off 0.4416381209378521 __DUMMY__ 0.04193157683319712	false	1.0
blitzen	neg 1.0		neg 0.5103884235747186 off 0.447907334405494 __DUMMY__ 0.04170424201978729	false	1.0
hilflos	neg 1.0		neg 0.5151855554036368 off 0.44294256540092003 __DUMMY__ 0.04187187919544337	false	1.0
eklig	off 1.0		neg 0.5006938111058165 off 0.4579959131869955 __DUMMY__ 0.0413102757071881	false	0.5
begriff			neg 0.5164842989360084 off 0.44182161103262624 __DUMMY__ 0.04169409003136523	false	0.0
hungersnot	neg 1.0		neg 0.5160413102158351 off 0.442132773317654 __DUMMY__ 0.04182591646651074	false	1.0
ungesetzlich	neg 1.0		neg 0.5173181152734841 off 0.4414832410592321 __DUMMY__ 0.04119864366728368	false	1.0
verschwendung	neg 1.0		neg 0.5187513632958741 off 0.4393761465439145 __DUMMY__ 0.04187249016021148	false	1.0
schmerzvoll	neg 1.0		neg 0.5111273090015369 off 0.44707438906144265 __DUMMY__ 0.04179830193702051	false	1.0
vorzeitig	neg 1.0		neg 0.5087384381244034 off 0.4493979944793806 __DUMMY__ 0.04186356739621604	false	1.0
unvollkommenheit	neg 1.0		neg 0.5136555437799963 off 0.44421210604665445 __DUMMY__ 0.042132350173349264	false	1.0
intervenieren	neg 1.0		neg 0.5209870875812228 off 0.4373116148853658 __DUMMY__ 0.04170129753341127	false	1.0
banause	off 1.0		neg 0.49957320023390694 off 0.4592820528711252 __DUMMY__ 0.041144746894967936	false	0.5
rebell	neg 1.0		neg 0.5212640640733321 off 0.4366763451588154 __DUMMY__ 0.042059590767852414	false	1.0
unlogisch	neg 1.0		neg 0.5047063638177249 off 0.4537890429416113 __DUMMY__ 0.041504593240663815	false	1.0
leiden	neg 1.0		neg 0.513971338391773 off 0.4436359508956037 __DUMMY__ 0.04239271071262342	false	1.0
abschaffung	neg 1.0		neg 0.5153143147524974 off 0.44310175428816523 __DUMMY__ 0.04158393095933735	false	1.0
sturz	neg 1.0		neg 0.51242015117252 off 0.44564240498273633 __DUMMY__ 0.04193744384474371	false	1.0
verkleinerung	neg 1.0		neg 0.5134053624541731 off 0.44516880960836636 __DUMMY__ 0.04142582793746065	false	1.0
schmarotzer	off 1.0		neg 0.5183986319814601 off 0.4399624480171966 __DUMMY__ 0.04163892000134327	false	0.5
bestrafung	neg 1.0		neg 0.5130833323400483 off 0.44523725703428785 __DUMMY__ 0.041679410625663854	false	1.0
achtlos	neg 1.0		neg 0.5122388753851078 off 0.4457988222618183 __DUMMY__ 0.041962302353073924	false	1.0
ungeheuer	neg 1.0		neg 0.50862331233784 off 0.4495108996353195 __DUMMY__ 0.04186578802684062	false	1.0
unaufrichtig	neg 1.0		neg 0.5145610264920436 off 0.44401061572550893 __DUMMY__ 0.04142835778244739	false	1.0
groggy	neg 1.0		neg 0.5117485432709445 off 0.4466113070511369 __DUMMY__ 0.04164014967791859	false	1.0
