unsolidarisch	neg 1.0		neg 0.5378990187629333 off 0.4550563163810221 __DUMMY__ 0.00704466485604471	false	1.0
nachteilig	neg 1.0		neg 0.5379441502533615 off 0.45491821149483463 __DUMMY__ 0.0071376382518038945	false	1.0
skeptisch	neg 1.0		neg 0.5380520899112832 off 0.45479394099683607 __DUMMY__ 0.007153969091880809	false	1.0
schrecklich	neg 1.0		neg 0.5216118602105367 off 0.47129925410875273 __DUMMY__ 0.007088885680710545	false	1.0
schlapp	neg 1.0		neg 0.5253767086968264 off 0.46749315388885726 __DUMMY__ 0.0071301374143163876	false	1.0
abfall	neg 1.0		neg 0.5411849329555571 off 0.4516520194773812 __DUMMY__ 0.007163047567061702	false	1.0
widerspenstig	neg 1.0		neg 0.5322430810318947 off 0.4606234013331399 __DUMMY__ 0.007133517634965406	false	1.0
abrupt	neg 1.0		neg 0.5349354427900181 off 0.45787075373583297 __DUMMY__ 0.007193803474148851	false	1.0
unwirksam	neg 1.0		neg 0.5352637453745998 off 0.45765038960211957 __DUMMY__ 0.00708586502328071	false	1.0
angreifen	neg 1.0	neg 1.0	neg 0.7555710310608938 off 0.24102140642041603 __DUMMY__ 0.003407562518690103	false	1.0
inkonsistent	neg 1.0		neg 0.5309423055572761 off 0.4619212356109689 __DUMMY__ 0.007136458831754896	false	1.0
abrutschen	neg 1.0		neg 0.5403585805021168 off 0.45247240489121293 __DUMMY__ 0.007169014606670226	false	1.0
unsicher	neg 1.0		neg 0.5313777444628195 off 0.46147320041808837 __DUMMY__ 0.007149055119092084	false	1.0
bauernkind	off 1.0	off 1.0	off 0.7184725015908653 neg 0.2781733516441889 __DUMMY__ 0.00335414676494584	false	1.0
angreifer	neg 1.0		neg 0.5294901992977741 off 0.4633559367388211 __DUMMY__ 0.0071538639634049	false	1.0
trennen	neg 1.0		neg 0.5332339466777221 off 0.45954861278916237 __DUMMY__ 0.007217440533115568	false	1.0
schmutz	neg 1.0		neg 0.5263725407768699 off 0.46642898916997233 __DUMMY__ 0.007198470053157745	false	1.0
inkonsistenz	neg 1.0		neg 0.5301718419662766 off 0.4627561932372772 __DUMMY__ 0.007071964796446225	false	1.0
erschreckend	neg 1.0		neg 0.5344118781082322 off 0.45846377381754827 __DUMMY__ 0.00712434807421953	false	1.0
ertrinken	neg 1.0		neg 0.5349880542882766 off 0.45784032464015345 __DUMMY__ 0.007171621071570052	false	1.0
pickelface	off 1.0		neg 0.5349053728601157 off 0.45795733528200405 __DUMMY__ 0.007137291857880196	false	0.5
seiner			neg 0.5363717716780312 off 0.4564552378066046 __DUMMY__ 0.007172990515364293	false	0.0
lauch	neg 1.0		neg 0.5413853303919098 off 0.45146605817343133 __DUMMY__ 0.007148611434658747	false	1.0
unwichtig	neg 1.0		neg 0.5278629426551432 off 0.46504071545402464 __DUMMY__ 0.007096341890832134	false	1.0
steuerhinterziehung	neg 1.0		neg 0.5367458754062279 off 0.4561521161443545 __DUMMY__ 0.007102008449417474	false	1.0
schock	neg 1.0		neg 0.5305253755989535 off 0.46228886901692373 __DUMMY__ 0.007185755384122877	false	1.0
beule	neg 1.0		neg 0.5246545042682993 off 0.46821049626017935 __DUMMY__ 0.007134999471521303	false	1.0
vergelten	neg 1.0		neg 0.5213971027919524 off 0.4714729047957376 __DUMMY__ 0.007129992412310103	false	1.0
verdorbenheit	neg 1.0		neg 0.5310965213499395 off 0.4617379855341842 __DUMMY__ 0.007165493115876267	false	1.0
trauma	neg 1.0		neg 0.5313183452798141 off 0.46155262142543685 __DUMMY__ 0.007129033294749023	false	1.0
sinnlos	neg 1.0		neg 0.5288089282148081 off 0.46405186957144723 __DUMMY__ 0.007139202213744769	false	1.0
fettsack	off 1.0	off 1.0	off 0.7204524544853163 neg 0.27617958450355323 __DUMMY__ 0.0033679610111304837	false	1.0
feige	off 1.0	off 1.0	off 0.7164053728879145 neg 0.28022489719110416 __DUMMY__ 0.0033697299209813664	false	1.0
abdanken	neg 1.0		neg 0.5353083130869063 off 0.45758478416386533 __DUMMY__ 0.0071069027492282385	false	1.0
wichtigtuer	off 1.0	off 1.0	off 0.7149674451319412 neg 0.2816491114744455 __DUMMY__ 0.0033834433936133098	false	1.0
misslingen	neg 1.0		neg 0.5277821155579645 off 0.4650255894935685 __DUMMY__ 0.007192294948467044	false	1.0
untreu	off 1.0		neg 0.5268833950596322 off 0.4660327491918398 __DUMMY__ 0.007083855748528097	false	0.5
missmutig	neg 1.0		neg 0.5271038762945496 off 0.4657884485635597 __DUMMY__ 0.0071076751418907205	false	1.0
hurenbock	off 1.0		neg 0.5294551580255824 off 0.46339369519358214 __DUMMY__ 0.007151146780835525	false	0.5
betrunken	neg 1.0		neg 0.5219173673436052 off 0.47094981982600886 __DUMMY__ 0.007132812830385944	false	1.0
korrupt	off 1.0		neg 0.539504848959298 off 0.4534247752542546 __DUMMY__ 0.007070375786447335	false	0.5
unmut	neg 1.0		neg 0.5411874047025951 off 0.4516526895052707 __DUMMY__ 0.007159905792134308	false	1.0
hackfresse	off 1.0		neg 0.5192128082480743 off 0.4737389926169559 __DUMMY__ 0.007048199134969754	false	0.5
aufblasen	neg 1.0		neg 0.5288455365463577 off 0.4639945909506273 __DUMMY__ 0.007159872503015062	false	1.0
gewaltsam	neg 1.0		neg 0.533155210076431 off 0.4597025140636375 __DUMMY__ 0.007142275859931553	false	1.0
unbeliebtheit	neg 1.0		neg 0.532944610143011 off 0.4600361549568067 __DUMMY__ 0.007019234900182295	false	1.0
sturheit	neg 1.0		neg 0.5352452058590408 off 0.4576431404484765 __DUMMY__ 0.007111653692482707	false	1.0
kuh	neg 1.0		neg 0.5328613592083226 off 0.46003180041836034 __DUMMY__ 0.007106840373317144	false	1.0
erschrecken	neg 1.0		neg 0.5269858723685148 off 0.465887657730394 __DUMMY__ 0.007126469901091128	false	1.0
opfer	neg 1.0		neg 0.5358996303919683 off 0.45694515775200745 __DUMMY__ 0.007155211856024237	false	1.0
sinken	neg 1.0		neg 0.5394743996305791 off 0.45335101004678974 __DUMMY__ 0.0071745903226313025	false	1.0
stinktier	neg 1.0		neg 0.5225467898134442 off 0.47039372606301727 __DUMMY__ 0.007059484123538635	false	1.0
tucke	off 1.0		neg 0.5214356664783113 off 0.47156786998177647 __DUMMY__ 0.006996463539912169	false	0.5
ein			neg 0.529381111910006 off 0.46345405477099694 __DUMMY__ 0.007164833318997054	false	0.0
abstieg	neg 1.0		neg 0.5349903811324139 off 0.45781891444622497 __DUMMY__ 0.007190704421361139	false	1.0
missverstehen	neg 1.0		neg 0.530928289972443 off 0.4619749521991055 __DUMMY__ 0.007096757828451404	false	1.0
ergebnislos	neg 1.0		neg 0.5371305639848377 off 0.4557132649477285 __DUMMY__ 0.007156171067433855	false	1.0
unter			neg 0.5409115411179012 off 0.45182454610733824 __DUMMY__ 0.007263912774760643	false	0.0
manipulieren	neg 1.0		neg 0.5388778426290672 off 0.4539830309377725 __DUMMY__ 0.0071391264331602386	false	1.0
unbewiesen	neg 1.0		neg 0.538263742307551 off 0.45470415829556554 __DUMMY__ 0.007032099396883404	false	1.0
verschleppen	neg 1.0		neg 0.5360268607697576 off 0.45683466312024723 __DUMMY__ 0.007138476109995139	false	1.0
weib	off 1.0		neg 0.5193883035554949 off 0.4735656076584855 __DUMMY__ 0.00704608878601948	false	0.5
opposition	neg 1.0		neg 0.5319993937242965 off 0.4609023188843868 __DUMMY__ 0.0070982873913167125	false	1.0
verkehrswidrig	neg 1.0	neg 1.0	neg 0.7443516050098952 off 0.25221380240546437 __DUMMY__ 0.003434592584640538	false	1.0
inkorrekt	neg 1.0		neg 0.5282382498133535 off 0.4647285931647011 __DUMMY__ 0.007033157021945341	false	1.0
vermeiden	neg 1.0		neg 0.5414155030654746 off 0.4513824196814576 __DUMMY__ 0.007202077253067821	false	1.0
abweichung	neg 1.0		neg 0.5370137025353596 off 0.4558400751511158 __DUMMY__ 0.007146222313524548	false	1.0
alkoholisiert	neg 1.0		neg 0.532349134363828 off 0.4604053797208361 __DUMMY__ 0.007245485915335781	false	1.0
scheiss	off 1.0	off 1.0	off 0.7182005589629643 neg 0.278403576688713 __DUMMY__ 0.003395864348322711	false	1.0
herausforderung	neg 1.0	neg 1.0	neg 0.7521891868521425 off 0.24434317460741853 __DUMMY__ 0.0034676385404389504	false	1.0
pervers	off 1.0		neg 0.5159543613402525 off 0.47701460900265535 __DUMMY__ 0.007031029657092218	false	0.5
wackelig	neg 1.0		neg 0.531283183187279 off 0.4615082102287313 __DUMMY__ 0.007208606583989626	false	1.0
verwickeln	neg 1.0		neg 0.5312875545820286 off 0.4616189533368503 __DUMMY__ 0.007093492081121228	false	1.0
vorwand	neg 1.0		neg 0.5390995839847549 off 0.453747184217273 __DUMMY__ 0.007153231797972102	false	1.0
muschi	off 1.0		neg 0.5341284089255502 off 0.4587303963266416 __DUMMY__ 0.007141194747808205	false	0.5
entmutigung	neg 1.0		neg 0.5336910665982222 off 0.45922941780383547 __DUMMY__ 0.0070795155979423135	false	1.0
unangemessen	neg 1.0		neg 0.5359837929349446 off 0.4568986907262813 __DUMMY__ 0.007117516338774117	false	1.0
unstetig	neg 1.0		neg 0.529452432723234 off 0.46338849348757905 __DUMMY__ 0.007159073789186983	false	1.0
entmutigen	neg 1.0		neg 0.5308955513762444 off 0.46197752011617504 __DUMMY__ 0.007126928507580449	false	1.0
schwanz	neg 1.0		neg 0.5367189858634551 off 0.4561135925255133 __DUMMY__ 0.007167421611031587	false	1.0
verbot	neg 1.0		neg 0.5376998005692947 off 0.4551918861513446 __DUMMY__ 0.007108313279360793	false	1.0
leid	neg 1.0		neg 0.5205243447813002 off 0.4723952138134434 __DUMMY__ 0.0070804414052563205	false	1.0
archaisch	neg 1.0		neg 0.5350821116138994 off 0.45778214083800267 __DUMMY__ 0.007135747548098074	false	1.0
gegen			neg 0.537938623448541 off 0.45487152985184 __DUMMY__ 0.0071898466996190204	false	0.0
scheidung	neg 1.0		neg 0.5113014858408222 off 0.48166405289129344 __DUMMY__ 0.007034461267884303	false	1.0
einschlag	neg 1.0	neg 1.0	neg 0.747044709260584 off 0.24956185911698398 __DUMMY__ 0.0033934316224320505	false	1.0
m			neg 0.5332198092769457 off 0.45960769943941193 __DUMMY__ 0.0071724912836424425	false	0.0
abgestanden	neg 1.0		neg 0.5294877140184122 off 0.4633498860876298 __DUMMY__ 0.007162399893957994	false	1.0
schmierig	off 1.0		neg 0.5208918951587636 off 0.4720217943427951 __DUMMY__ 0.007086310498441267	false	0.5
unpraktisch	neg 1.0		neg 0.528324103123285 off 0.4644993382510597 __DUMMY__ 0.007176558625655196	false	1.0
wixxer	off 1.0		neg 0.5167177847827705 off 0.4762594365322033 __DUMMY__ 0.007022778685026126	false	0.5
bezeichnet			neg 0.5339225777571911 off 0.4589589787625268 __DUMMY__ 0.007118443480282121	false	0.0
jammerlappen	off 1.0		neg 0.5274617870790773 off 0.4654383960332788 __DUMMY__ 0.007099816887643803	false	0.5
farce	neg 1.0		neg 0.5373574034601369 off 0.45554769680854873 __DUMMY__ 0.007094899731314192	false	1.0
zwecklos	neg 1.0		neg 0.5358738167630315 off 0.457005459673474 __DUMMY__ 0.007120723563494559	false	1.0
turbulent	neg 1.0		neg 0.5276883949630397 off 0.4652285901835789 __DUMMY__ 0.007083014853381409	false	1.0
invasion	neg 1.0		neg 0.5286234360405246 off 0.4642362327224444 __DUMMY__ 0.007140331237031014	false	1.0
schuld	neg 1.0		neg 0.5318154150752349 off 0.46106238958511664 __DUMMY__ 0.007122195339648434	false	1.0
risiko	neg 1.0		neg 0.5309117985702251 off 0.4619354658001441 __DUMMY__ 0.007152735629630896	false	1.0
finster	neg 1.0		neg 0.529831762384543 off 0.46301780300058903 __DUMMY__ 0.007150434614868032	false	1.0
geisteskrank	off 1.0		neg 0.5272139312445843 off 0.4657220122216947 __DUMMY__ 0.007064056533720961	false	0.5
zusammenbrechen	neg 1.0		neg 0.5330210806038694 off 0.45982183385976666 __DUMMY__ 0.007157085536363806	false	1.0
ausbeute	neg 1.0		neg 0.5336634026015059 off 0.45911892848665475 __DUMMY__ 0.0072176689118393245	false	1.0
hinterhalt	neg 1.0		neg 0.5322877747582981 off 0.4605331259681944 __DUMMY__ 0.007179099273507324	false	1.0
kritik	neg 1.0		neg 0.5372909688896741 off 0.45560872308579586 __DUMMY__ 0.007100308024530015	false	1.0
einschrumpfen	neg 1.0		neg 0.531505715727953 off 0.46141835119647334 __DUMMY__ 0.007075933075573645	false	1.0
riskant	neg 1.0		neg 0.5371434141181677 off 0.45571780479635604 __DUMMY__ 0.007138781085476256	false	1.0
frustrieren	neg 1.0		neg 0.5363303697839705 off 0.4565216229840577 __DUMMY__ 0.007148007231971814	false	1.0
groll	neg 1.0		neg 0.5352970123482784 off 0.4575650920275127 __DUMMY__ 0.007137895624208832	false	1.0
gibt			neg 0.5340680614128906 off 0.45878460833049306 __DUMMY__ 0.007147330256616223	false	0.0
qualvoll	neg 1.0		neg 0.5274183262327415 off 0.46544424710926496 __DUMMY__ 0.007137426657993546	false	1.0
wackeln	neg 1.0	neg 1.0	neg 0.7504086988172641 off 0.24616312033131874 __DUMMY__ 0.003428180851417123	false	1.0
klagen	neg 1.0		neg 0.539993097916343 off 0.4528385040408382 __DUMMY__ 0.007168398042818849	false	1.0
bankrott	neg 1.0		neg 0.5273869208725059 off 0.4654881246106871 __DUMMY__ 0.007124954516806937	false	1.0
trauern	neg 1.0		neg 0.5349746664883989 off 0.4578499132159843 __DUMMY__ 0.0071754202956169025	false	1.0
ablehnung	neg 1.0		neg 0.5370502551337201 off 0.4558462573350233 __DUMMY__ 0.007103487531256744	false	1.0
stur	neg 1.0		neg 0.5314895422193794 off 0.46139719017813335 __DUMMY__ 0.007113267602487091	false	1.0
aufruhr	neg 1.0		neg 0.5333224990462235 off 0.4595356755589673 __DUMMY__ 0.007141825394809107	false	1.0
melancholie	neg 1.0		neg 0.5331787772887848 off 0.4596449452708146 __DUMMY__ 0.0071762774404006266	false	1.0
ist			neg 0.5297879078860591 off 0.4630772571618783 __DUMMY__ 0.007134834952062522	false	0.0
torheit	neg 1.0		neg 0.5341730982474058 off 0.45874064334110554 __DUMMY__ 0.007086258411488695	false	1.0
dreckskind	off 1.0		neg 0.5213407294899647 off 0.4716107105585891 __DUMMY__ 0.007048559951446118	false	0.5
umtauschen	neg 1.0		neg 0.5311577318743613 off 0.4616809657729231 __DUMMY__ 0.007161302352715477	false	1.0
zum			neg 0.5367643508039711 off 0.4559578950182615 __DUMMY__ 0.007277754177767264	false	0.0
zersetzen	neg 1.0		neg 0.5398542605414637 off 0.45302159970371736 __DUMMY__ 0.007124139754819074	false	1.0
zur			neg 0.5407396284064803 off 0.452033688027756 __DUMMY__ 0.007226683565763843	false	0.0
frust	neg 1.0		neg 0.5331470757869221 off 0.459693973854926 __DUMMY__ 0.0071589503581519515	false	1.0
unerbittlichkeit	neg 1.0		neg 0.5390438739490513 off 0.453820981814901 __DUMMY__ 0.007135144236047832	false	1.0
zwei			neg 0.5355008365546664 off 0.4572496513510337 __DUMMY__ 0.007249512094299975	false	0.0
unkorrekt	neg 1.0		neg 0.5273143640043777 off 0.4656508880174481 __DUMMY__ 0.007034747978174357	false	1.0
hexe	off 1.0		neg 0.5260764569712337 off 0.46681855016122903 __DUMMY__ 0.007104992867537207	false	0.5
lasch	neg 1.0		neg 0.530353095601572 off 0.4625674851703716 __DUMMY__ 0.007079419228056514	false	1.0
rivale	neg 1.0		neg 0.5237097721280439 off 0.469190115462566 __DUMMY__ 0.0071001124093900995	false	1.0
mutlos	off 1.0	off 1.0	off 0.7107736619032391 neg 0.2858361565776861 __DUMMY__ 0.003390181519074941	false	1.0
wirr	off 1.0		neg 0.5264173884114787 off 0.4665402280689304 __DUMMY__ 0.007042383519590821	false	0.5
jahr			neg 0.5338209303385978 off 0.45894291164005585 __DUMMY__ 0.007236158021346361	false	0.0
wird			neg 0.5347505367133533 off 0.45808332234883437 __DUMMY__ 0.007166140937812414	false	0.0
strafbar	neg 1.0		neg 0.5377280200932067 off 0.4551450181647784 __DUMMY__ 0.007126961742014857	false	1.0
erosion	neg 1.0		neg 0.530359704127052 off 0.4624855829220104 __DUMMY__ 0.0071547129509376885	false	1.0
eingehen	neg 1.0		neg 0.53697725600176 off 0.45590442385630875 __DUMMY__ 0.007118320141931221	false	1.0
faul	off 1.0		neg 0.5261068120743001 off 0.4667549575751226 __DUMMY__ 0.007138230350577478	false	0.5
provisorium	neg 1.0		neg 0.5426406242637832 off 0.45011979566919996 __DUMMY__ 0.007239580067016867	false	1.0
schmerzen	neg 1.0		neg 0.5314380245931148 off 0.4614136589189882 __DUMMY__ 0.007148316487896919	false	1.0
schrumpfen	neg 1.0		neg 0.5433893792064013 off 0.44943896602001815 __DUMMY__ 0.0071716547735805325	false	1.0
geistlos	off 1.0		neg 0.5344776261378867 off 0.4584856983992297 __DUMMY__ 0.007036675462883549	false	0.5
fehlkauf	neg 1.0		neg 0.5311700144266753 off 0.461716737187431 __DUMMY__ 0.007113248385893807	false	1.0
frustrierend	neg 1.0		neg 0.5264466207372741 off 0.4664134604581838 __DUMMY__ 0.007139918804542063	false	1.0
unzufrieden	neg 1.0		neg 0.5356585488438615 off 0.45721391451078736 __DUMMY__ 0.0071275366453510585	false	1.0
verzweifeln	neg 1.0		neg 0.5323906826352054 off 0.46046464234356754 __DUMMY__ 0.007144675021227045	false	1.0
verzweifelt	neg 1.0		neg 0.5309625907616602 off 0.4619172227865433 __DUMMY__ 0.007120186451796599	false	1.0
misstrauensantrag	neg 1.0		neg 0.5304315897472336 off 0.46245804241827704 __DUMMY__ 0.0071103678344893815	false	1.0
abfallen	neg 1.0		neg 0.5283391963759451 off 0.46449036521591763 __DUMMY__ 0.007170438408137311	false	1.0
fucker	off 1.0		neg 0.5256964756656595 off 0.46722265728752876 __DUMMY__ 0.007080867046811734	false	0.5
ungezogen	neg 1.0		neg 0.5166716650627583 off 0.47627053491647725 __DUMMY__ 0.007057800020764558	false	1.0
irrsinnig	neg 1.0	neg 1.0	neg 0.7520164789375239 off 0.24459006426709334 __DUMMY__ 0.0033934567953827783	false	1.0
unfassbar	neg 1.0		neg 0.5264899400247413 off 0.4664116804117566 __DUMMY__ 0.007098379563502208	false	1.0
hart	neg 1.0		neg 0.5282613341298602 off 0.46462093660471737 __DUMMY__ 0.007117729265422376	false	1.0
widerlich	off 1.0		neg 0.527163297363833 off 0.4657709710651065 __DUMMY__ 0.00706573157106036	false	0.5
fatal	neg 1.0		neg 0.5304822005547909 off 0.46239916609709103 __DUMMY__ 0.007118633348118154	false	1.0
bruch	neg 1.0		neg 0.540338837692726 off 0.4525036844546887 __DUMMY__ 0.00715747785258539	false	1.0
aushungern	neg 1.0		neg 0.5364515091954691 off 0.45645466384748995 __DUMMY__ 0.00709382695704084	false	1.0
anspannung	neg 1.0	neg 1.0	neg 0.7550018108135279 off 0.2415254276000622 __DUMMY__ 0.003472761586409923	false	1.0
von			neg 0.5349877596325388 off 0.45778008205527165 __DUMMY__ 0.007232158312189579	false	0.0
kraftlos	neg 1.0		neg 0.5322521404786176 off 0.4605634919987021 __DUMMY__ 0.007184367522680078	false	1.0
vom			neg 0.539433967224857 off 0.45328693431235445 __DUMMY__ 0.007279098462788649	false	0.0
grenzdebil	off 1.0		neg 0.5250247561691914 off 0.4678753213121663 __DUMMY__ 0.007099922518642196	false	0.5
vor			neg 0.5370242789520305 off 0.4557876528599533 __DUMMY__ 0.0071880681880161935	false	0.0
unterwerfen	neg 1.0		neg 0.5371346962296044 off 0.4557245502547342 __DUMMY__ 0.007140753515661398	false	1.0
versenkung	neg 1.0		neg 0.5369150746416921 off 0.4559338035639464 __DUMMY__ 0.007151121794361404	false	1.0
entziehen	neg 1.0		neg 0.5394921611725334 off 0.45334522513368136 __DUMMY__ 0.007162613693785164	false	1.0
finanzkrise	neg 1.0		neg 0.5361672893863355 off 0.45673989041249 __DUMMY__ 0.007092820201174416	false	1.0
schimpfend	neg 1.0		neg 0.5283203079095843 off 0.4645044191740013 __DUMMY__ 0.007175272916414465	false	1.0
profan	neg 1.0		neg 0.5288863352293498 off 0.4639908505365742 __DUMMY__ 0.007122814234076069	false	1.0
korruption	neg 1.0	neg 1.0	neg 0.7553868383655278 off 0.2412262770540035 __DUMMY__ 0.003386884580468799	false	1.0
â			neg 0.5350424551297105 off 0.4577917748917587 __DUMMY__ 0.0071657699785308985	false	0.0
schmutzig	neg 1.0		neg 0.5251462672139028 off 0.4677424820183406 __DUMMY__ 0.007111250767756503	false	1.0
sexy	neg 1.0		neg 0.5283835804979151 off 0.4644974317172324 __DUMMY__ 0.007118987784852378	false	1.0
abraten	neg 1.0		neg 0.5296826150743099 off 0.4631850814067901 __DUMMY__ 0.007132303518900037	false	1.0
schwarz	neg 1.0		neg 0.5314172483479207 off 0.46146673758789514 __DUMMY__ 0.007116014064184119	false	1.0
fotze	off 1.0		neg 0.5366394972177534 off 0.4562134404313802 __DUMMY__ 0.007147062350866603	false	0.5
verwirren	neg 1.0		neg 0.5285664384736115 off 0.4643095659311192 __DUMMY__ 0.00712399559526925	false	1.0
zahnlos	off 1.0		neg 0.5358511381506698 off 0.45702518732120884 __DUMMY__ 0.007123674528121488	false	0.5
verheeren	neg 1.0		neg 0.5154656794827963 off 0.4774739853494514 __DUMMY__ 0.007060335167752281	false	1.0
hippie	neg 1.0		neg 0.5293711254953266 off 0.4635148795440941 __DUMMY__ 0.007113994960579386	false	1.0
rammen	neg 1.0		neg 0.5312399551457047 off 0.4616303821235418 __DUMMY__ 0.007129662730753541	false	1.0
unlauter	neg 1.0		neg 0.53542167818028 off 0.45751089478019946 __DUMMY__ 0.007067427039520506	false	1.0
unheilvoll	neg 1.0		neg 0.5274267219919611 off 0.4654120269336312 __DUMMY__ 0.007161251074407675	false	1.0
niedrig	neg 1.0		neg 0.5366242883332037 off 0.4562090791496969 __DUMMY__ 0.007166632517099286	false	1.0
explosion	neg 1.0		neg 0.5302345043898625 off 0.46265483544991787 __DUMMY__ 0.007110660160219642	false	1.0
weichei	off 1.0		neg 0.5206288226851279 off 0.47231309767853563 __DUMMY__ 0.007058079636336564	false	0.5
minusmensch	off 1.0		neg 0.5201232621750266 off 0.47289125445100305 __DUMMY__ 0.006985483373970302	false	0.5
farblos	neg 1.0		neg 0.5297156488240266 off 0.46308153213398756 __DUMMY__ 0.007202819041985897	false	1.0
unwissend	neg 1.0	neg 1.0	neg 0.7497020896091853 off 0.24691861426395376 __DUMMY__ 0.0033792961268609826	false	1.0
traurig	neg 1.0		neg 0.522489779786657 off 0.4704119723961925 __DUMMY__ 0.00709824781715042	false	1.0
senkung	neg 1.0		neg 0.5311784683149793 off 0.4617353624543466 __DUMMY__ 0.007086169230674133	false	1.0
ungleich	neg 1.0	neg 1.0	neg 0.7559685287401137 off 0.2406390282721123 __DUMMY__ 0.0033924429877740243	false	1.0
heikel	neg 1.0		neg 0.5386590862216369 off 0.4542013837302212 __DUMMY__ 0.007139530048141947	false	1.0
drosselung	neg 1.0		neg 0.5251198926218785 off 0.4677704541789736 __DUMMY__ 0.007109653199147757	false	1.0
falsch	neg 1.0		neg 0.5274029797138663 off 0.46547989557680236 __DUMMY__ 0.007117124709331226	false	1.0
unzufriedenheit	neg 1.0		neg 0.5394218032795496 off 0.45343654866063554 __DUMMY__ 0.007141648059814966	false	1.0
kurz	neg 1.0		neg 0.5312606460167859 off 0.46155046497787944 __DUMMY__ 0.0071888890053346775	false	1.0
unsinnig	neg 1.0		neg 0.5360807330182271 off 0.45681201587968007 __DUMMY__ 0.007107251102092758	false	1.0
penner	off 1.0	off 1.0	off 0.7217282948211976 neg 0.27491269741774443 __DUMMY__ 0.0033590077610580714	false	1.0
seicht	neg 1.0		neg 0.5196407186481519 off 0.47334832427067636 __DUMMY__ 0.0070109570811717915	false	1.0
dummheit	off 1.0	off 1.0	off 0.7149931162041973 neg 0.2816276860375884 __DUMMY__ 0.003379197758214331	false	1.0
unerfreulich	neg 1.0		neg 0.5381692488945754 off 0.4546611777877899 __DUMMY__ 0.007169573317634642	false	1.0
motherfucker	off 1.0	off 1.0	off 0.7175148624987282 neg 0.2791160798778276 __DUMMY__ 0.0033690576234442025	false	1.0
pikiert	neg 1.0		neg 0.5286539354429004 off 0.46428040886712024 __DUMMY__ 0.0070656556899793615	false	1.0
wrack	neg 1.0		neg 0.5336055935023982 off 0.45918974399186735 __DUMMY__ 0.007204662505734483	false	1.0
gangster	neg 1.0		neg 0.5292212075611654 off 0.46365389660578504 __DUMMY__ 0.007124895833049429	false	1.0
krank	neg 1.0		neg 0.5235325204943425 off 0.4693477877871267 __DUMMY__ 0.007119691718530846	false	1.0
reich	neg 1.0		neg 0.5292547941820644 off 0.46366252834010574 __DUMMY__ 0.00708267747782986	false	1.0
gnadenlos	neg 1.0		neg 0.5313047659350187 off 0.4615643954892009 __DUMMY__ 0.007130838575780195	false	1.0
niedergeschlagen	neg 1.0		neg 0.532167855940747 off 0.46066448264727033 __DUMMY__ 0.0071676614119826135	false	1.0
terrorisieren	off 1.0	off 1.0	off 0.7120996552940012 neg 0.28449132112839726 __DUMMY__ 0.0034090235776014924	false	1.0
sinnlosigkeit	neg 1.0		neg 0.535376540480234 off 0.4574947244586851 __DUMMY__ 0.007128735061080933	false	1.0
behindern	neg 1.0		neg 0.5338238610031389 off 0.45904971570897457 __DUMMY__ 0.007126423287886414	false	1.0
undemokratisch	neg 1.0		neg 0.5342299522066958 off 0.45868566694068935 __DUMMY__ 0.007084380852614784	false	1.0
wirtschaftskrise	neg 1.0		neg 0.537752850789795 off 0.4551275566695194 __DUMMY__ 0.007119592540685821	false	1.0
neid	neg 1.0		neg 0.524897215257008 off 0.4679559781090019 __DUMMY__ 0.00714680663398995	false	1.0
rutschen	neg 1.0	neg 1.0	neg 0.7536676765683646 off 0.24286066161473055 __DUMMY__ 0.0034716618169048133	false	1.0
rezession	neg 1.0		neg 0.5247086902191426 off 0.46824896489894263 __DUMMY__ 0.007042344881914917	false	1.0
fehlgeburt	neg 1.0		neg 0.5281867274463548 off 0.4646582349420294 __DUMMY__ 0.007155037611615884	false	1.0
charakterschwach	off 1.0		neg 0.526381047296212 off 0.46653099223482647 __DUMMY__ 0.007087960468961568	false	0.5
isolation	neg 1.0		neg 0.5265284297130884 off 0.4663329362408983 __DUMMY__ 0.007138634046013224	false	1.0
ablenkung	neg 1.0		neg 0.5312182085271194 off 0.46163697457179026 __DUMMY__ 0.0071448169010902745	false	1.0
pech	neg 1.0		neg 0.5266124285262443 off 0.466251717683377 __DUMMY__ 0.0071358537903787175	false	1.0
vermeidung	neg 1.0		neg 0.5264536538798765 off 0.4664664625818307 __DUMMY__ 0.00707988353829278	false	1.0
dominieren	neg 1.0		neg 0.5338481865430432 off 0.45896352664459183 __DUMMY__ 0.007188286812364979	false	1.0
schwindlig	neg 1.0		neg 0.5262142051286343 off 0.4666094957691451 __DUMMY__ 0.0071762991022205624	false	1.0
lutscher	neg 1.0		neg 0.517939661212114 off 0.4750372961202009 __DUMMY__ 0.007023042667685155	false	1.0
pflicht	neg 1.0		neg 0.5386016548910751 off 0.4542531321672748 __DUMMY__ 0.007145212941650173	false	1.0
faschist	off 1.0		neg 0.5323030104353941 off 0.4606304061867173 __DUMMY__ 0.007066583377888693	false	0.5
verschleudern	neg 1.0		neg 0.5407423212759027 off 0.45217253764699855 __DUMMY__ 0.007085141077098626	false	1.0
wenn			neg 0.5271995053070669 off 0.465684903120601 __DUMMY__ 0.007115591572332097	false	0.0
ehebruch	neg 1.0		neg 0.5374599024126042 off 0.455417540168291 __DUMMY__ 0.007122557419104829	false	1.0
spott	off 1.0		neg 0.5384636746894707 off 0.45441857541458625 __DUMMY__ 0.00711774989594313	false	0.5
trostlosigkeit	neg 1.0		neg 0.5392404161365696 off 0.45359888561828 __DUMMY__ 0.007160698245150415	false	1.0
lutschen	neg 1.0		neg 0.5306234029031384 off 0.46227424801801253 __DUMMY__ 0.007102349078849109	false	1.0
undiszipliniert	neg 1.0		neg 0.5235355244479062 off 0.46936421003567513 __DUMMY__ 0.00710026551641888	false	1.0
kopfschmerz	neg 1.0		neg 0.5318186380312355 off 0.46100765445186026 __DUMMY__ 0.007173707516904199	false	1.0
unvorhergesehen	neg 1.0		neg 0.5321355725161546 off 0.46064184591262675 __DUMMY__ 0.007222581571218543	false	1.0
desinteressiert	neg 1.0		neg 0.5249538209080798 off 0.46796644146312655 __DUMMY__ 0.007079737628793671	false	1.0
armselig	off 1.0		neg 0.5258313571369665 off 0.46712578162805973 __DUMMY__ 0.007042861234973666	false	0.5
desaster	neg 1.0		neg 0.541257074856114 off 0.45158806144856906 __DUMMY__ 0.007154863695317004	false	1.0
tod	neg 1.0		neg 0.5339510935383912 off 0.4588675059070672 __DUMMY__ 0.0071814005545416445	false	1.0
herzlos	neg 1.0		neg 0.5235618746210856 off 0.46936888505222596 __DUMMY__ 0.007069240326688507	false	1.0
unwissenheit	neg 1.0		neg 0.5375669534440198 off 0.4553357732264878 __DUMMY__ 0.0070972733294923495	false	1.0
widersinnig	neg 1.0	neg 1.0	neg 0.7553083420143637 off 0.24131640076200866 __DUMMY__ 0.0033752572236277014	false	1.0
bedenklich	neg 1.0		neg 0.5374345087619626 off 0.45543810147606617 __DUMMY__ 0.0071273897619712895	false	1.0
beanstanden	neg 1.0		neg 0.5384273458246916 off 0.4544105433510676 __DUMMY__ 0.007162110824240824	false	1.0
panisch	neg 1.0	neg 1.0	neg 0.7485483333572114 off 0.24801840923423124 __DUMMY__ 0.0034332574085574096	false	1.0
debil	off 1.0		neg 0.5428066428728293 off 0.4499933859210486 __DUMMY__ 0.007199971206122169	false	0.5
abstrich	neg 1.0		neg 0.5357281023524317 off 0.45713190132264625 __DUMMY__ 0.007139996324922064	false	1.0
primitiv	neg 1.0		neg 0.5265024790289401 off 0.4664300715755668 __DUMMY__ 0.007067449395493105	false	1.0
abschaum	off 1.0	off 1.0	off 0.7162568735223344 neg 0.28036886284696677 __DUMMY__ 0.003374263630698774	false	1.0
provozieren	neg 1.0		neg 0.5325700822678542 off 0.4603169296137662 __DUMMY__ 0.007112988118379716	false	1.0
tot	neg 1.0		neg 0.5358587864219501 off 0.45698247993544155 __DUMMY__ 0.007158733642608332	false	1.0
instabil	neg 1.0		neg 0.5274268288140112 off 0.46551934905242914 __DUMMY__ 0.0070538221335596256	false	1.0
schwuchtel	off 1.0		neg 0.5137327310785678 off 0.4792762118445826 __DUMMY__ 0.00699105707684977	false	0.5
zerren	neg 1.0		neg 0.5318607361462904 off 0.4609676428708093 __DUMMY__ 0.007171620982900406	false	1.0
kinderficker	off 1.0		neg 0.5237377478443648 off 0.4692402143538365 __DUMMY__ 0.007022037801798798	false	0.5
gefahr	neg 1.0		neg 0.537896861909256 off 0.4549382927734074 __DUMMY__ 0.007164845317336702	false	1.0
rabiat	neg 1.0		neg 0.53340571919791 off 0.45948056852931507 __DUMMY__ 0.007113712272775085	false	1.0
verlangsamung	neg 1.0		neg 0.5208777818820599 off 0.4720916009621415 __DUMMY__ 0.007030617155798549	false	1.0
ausgestorben	neg 1.0		neg 0.5318646857283293 off 0.46097996934684454 __DUMMY__ 0.007155344924826134	false	1.0
anklagen	neg 1.0		neg 0.5353823335020464 off 0.4574941831668531 __DUMMY__ 0.007123483331100476	false	1.0
trott	neg 1.0		neg 0.5319962624596332 off 0.46084994292680326 __DUMMY__ 0.007153794613563645	false	1.0
verminderung	neg 1.0		neg 0.5255803681381012 off 0.4673432348078719 __DUMMY__ 0.007076397054026996	false	1.0
nach			neg 0.5362328612015597 off 0.4564891164989503 __DUMMY__ 0.007278022299490077	false	0.0
rost	neg 1.0		neg 0.5221710170713334 off 0.47079160319849866 __DUMMY__ 0.0070373797301678705	false	1.0
destruktiv	neg 1.0		neg 0.5355465864049141 off 0.45736508113580104 __DUMMY__ 0.0070883324592848655	false	1.0
unzumutbarkeit	neg 1.0		neg 0.525527593279555 off 0.46733616195762256 __DUMMY__ 0.007136244762822475	false	1.0
labil	off 1.0	off 1.0	off 0.7165430154887724 neg 0.2800765086283691 __DUMMY__ 0.003380475882858431	false	1.0
ziemlich	neg 1.0		neg 0.5244753654539435 off 0.4684015894308189 __DUMMY__ 0.00712304511523765	false	1.0
lachnummer	off 1.0		neg 0.5335586809513297 off 0.45932302725558316 __DUMMY__ 0.00711829179308711	false	0.5
oder			neg 0.5297725102072949 off 0.4630586743496687 __DUMMY__ 0.007168815443036425	false	0.0
verfall	neg 1.0		neg 0.5434410378736765 off 0.4493882436741017 __DUMMY__ 0.007170718452221711	false	1.0
ausgrenzung	neg 1.0		neg 0.5338020040129019 off 0.459122975547885 __DUMMY__ 0.007075020439213145	false	1.0
unordnung	neg 1.0		neg 0.5244840724140925 off 0.46838094127374136 __DUMMY__ 0.00713498631216619	false	1.0
fehlverhalten	neg 1.0		neg 0.5387143805259321 off 0.4541492507130021 __DUMMY__ 0.007136368761065801	false	1.0
eine			neg 0.5375667160518173 off 0.45526377861101824 __DUMMY__ 0.00716950533716436	false	0.0
nille	neg 1.0		neg 0.5333857035345428 off 0.4594700082305807 __DUMMY__ 0.007144288234876629	false	1.0
qual	neg 1.0		neg 0.5326692979692308 off 0.4601836322460631 __DUMMY__ 0.007147069784706074	false	1.0
verschwenden	neg 1.0		neg 0.536281495130724 off 0.45658342403555086 __DUMMY__ 0.007135080833725128	false	1.0
riesig	neg 1.0	neg 1.0	neg 0.7531689109355642 off 0.24340030609312702 __DUMMY__ 0.0034307829713086753	false	1.0
verurteilen	neg 1.0		neg 0.5366746572290126 off 0.45621196362059463 __DUMMY__ 0.007113379150392759	false	1.0
klischee	neg 1.0	neg 1.0	neg 0.7511721678444584 off 0.2454526265352228 __DUMMY__ 0.003375205620318748	false	1.0
diktatorisch	neg 1.0		neg 0.5350530044290635 off 0.45788904444940925 __DUMMY__ 0.007057951121527306	false	1.0
vorhersehbar	neg 1.0	neg 1.0	neg 0.7511841088703812 off 0.24543196966085398 __DUMMY__ 0.003383921468764813	false	1.0
sowie			neg 0.5220100124143146 off 0.4709381861333518 __DUMMY__ 0.007051801452333647	false	0.0
stornieren	neg 1.0		neg 0.5269668953793175 off 0.4658252381872482 __DUMMY__ 0.007207866433434352	false	1.0
besteuerung	neg 1.0		neg 0.5340614604706416 off 0.4588515447285812 __DUMMY__ 0.007086994800777163	false	1.0
ungeschminkt	neg 1.0		neg 0.5260468568349859 off 0.46686456812480676 __DUMMY__ 0.007088575040207395	false	1.0
kritisch	neg 1.0		neg 0.5374192349201672 off 0.455447886152696 __DUMMY__ 0.007132878927136645	false	1.0
schlamperei	off 1.0		neg 0.5388341538337486 off 0.45403280951598285 __DUMMY__ 0.007133036650268629	false	0.5
sucht	neg 1.0	neg 1.0	neg 0.751512557614833 off 0.24506921277348614 __DUMMY__ 0.003418229611680848	false	1.0
egoistisch	off 1.0		neg 0.5205815719390287 off 0.4723553309335311 __DUMMY__ 0.007063097127440209	false	0.5
ausbeuter	off 1.0		neg 0.5400743089544442 off 0.45280988348473644 __DUMMY__ 0.007115807560819278	false	0.5
arschgeburt	off 1.0		neg 0.5143593101526025 off 0.47866255075679087 __DUMMY__ 0.006978139090606642	false	0.5
schubs	neg 1.0	neg 1.0	neg 0.7520575301214023 off 0.2445080422785901 __DUMMY__ 0.0034344276000075656	false	1.0
unsolide	neg 1.0		neg 0.5362149110032919 off 0.45676152166100975 __DUMMY__ 0.007023567335698345	false	1.0
beschwerde	neg 1.0		neg 0.5384505328666614 off 0.45441520205347347 __DUMMY__ 0.00713426507986516	false	1.0
stocken	neg 1.0		neg 0.5369723766515513 off 0.45588125859940587 __DUMMY__ 0.007146364749042777	false	1.0
isolieren	neg 1.0		neg 0.5367740518609353 off 0.4561030293518842 __DUMMY__ 0.007122918787180519	false	1.0
unheilbar	neg 1.0		neg 0.5315195906470732 off 0.46134298491830505 __DUMMY__ 0.007137424434621839	false	1.0
pisser	off 1.0		neg 0.524438953286121 off 0.4684656684549514 __DUMMY__ 0.007095378258927635	false	0.5
löschen	neg 1.0		neg 0.5324384301717147 off 0.46042569031886754 __DUMMY__ 0.007135879509417867	false	1.0
durchfallen	neg 1.0		neg 0.536456862132327 off 0.45642631766390146 __DUMMY__ 0.007116820203771603	false	1.0
wichser	off 1.0		neg 0.5156605399307063 off 0.4773046597938508 __DUMMY__ 0.007034800275442861	false	0.5
terror	neg 1.0		neg 0.5275043028240891 off 0.4653446550816664 __DUMMY__ 0.0071510420942444055	false	1.0
krass	neg 1.0		neg 0.5221545283834403 off 0.4707660358891308 __DUMMY__ 0.007079435727428842	false	1.0
revolte	neg 1.0		neg 0.5325076763158706 off 0.4604101838407799 __DUMMY__ 0.007082139843349392	false	1.0
besorgt	neg 1.0		neg 0.5323058971708767 off 0.4605104292568744 __DUMMY__ 0.007183673572248801	false	1.0
nachlassen	neg 1.0		neg 0.5373369408173385 off 0.4555161222769491 __DUMMY__ 0.007146936905712395	false	1.0
alt	neg 1.0		neg 0.5352170116828974 off 0.45762724051300196 __DUMMY__ 0.007155747804100631	false	1.0
hundesohn	off 1.0		neg 0.5190696818511619 off 0.47391380370389113 __DUMMY__ 0.007016514444947063	false	0.5
als			neg 0.5324149095196368 off 0.4604091563764905 __DUMMY__ 0.007175934103872695	false	0.0
abschreckung	neg 1.0		neg 0.5398356672116351 off 0.4530127632858624 __DUMMY__ 0.007151569502502534	false	1.0
unqualifiziert	neg 1.0		neg 0.531826313615467 off 0.46111151461602246 __DUMMY__ 0.0070621717685106005	false	1.0
abgewichst	off 1.0		neg 0.5338458561794034 off 0.4590036821531344 __DUMMY__ 0.00715046166746216	false	0.5
schwer	neg 1.0		neg 0.5317914548315401 off 0.46106360524912293 __DUMMY__ 0.007144939919336929	false	1.0
bedeutungslosigkeit	neg 1.0		neg 0.5389069835776195 off 0.4539476501146148 __DUMMY__ 0.007145366307765782	false	1.0
kapitulation	neg 1.0		neg 0.5397369657840019 off 0.4531650755997723 __DUMMY__ 0.0070979586162258105	false	1.0
unscharf	neg 1.0		neg 0.5289336895306644 off 0.4639368938674124 __DUMMY__ 0.007129416601923256	false	1.0
schwinden	neg 1.0		neg 0.5391133597169949 off 0.45374265470201663 __DUMMY__ 0.007143985580988543	false	1.0
versklavung	neg 1.0		neg 0.5357569005181655 off 0.457188674606907 __DUMMY__ 0.007054424874927534	false	1.0
schlecht	neg 1.0		neg 0.5243073724908772 off 0.4685681974760917 __DUMMY__ 0.007124430033030983	false	1.0
verhasst	neg 1.0		neg 0.5321554735298488 off 0.4607333409519939 __DUMMY__ 0.007111185518157143	false	1.0
beschweren	neg 1.0		neg 0.5300381543967911 off 0.46283469075211287 __DUMMY__ 0.007127154851096072	false	1.0
scheiden	neg 1.0		neg 0.5272025256363996 off 0.4655850186778698 __DUMMY__ 0.007212455685730741	false	1.0
frustriert	neg 1.0		neg 0.5330008120620885 off 0.45984972579805955 __DUMMY__ 0.007149462139851803	false	1.0
schimmelig	neg 1.0		neg 0.534892703481993 off 0.4579315128833095 __DUMMY__ 0.007175783634697405	false	1.0
fisch	neg 1.0		neg 0.5331910046984505 off 0.4595733997790455 __DUMMY__ 0.007235595522503973	false	1.0
schmuggel	neg 1.0		neg 0.5360426749709558 off 0.45676186856483686 __DUMMY__ 0.007195456464207455	false	1.0
auffallen	neg 1.0		neg 0.5286059455307798 off 0.4642591366705938 __DUMMY__ 0.0071349177986263015	false	1.0
konkurrenz	neg 1.0	neg 1.0	neg 0.7554201678709233 off 0.24114888407772644 __DUMMY__ 0.00343094805135036	false	1.0
teufelskreis	neg 1.0	neg 1.0	neg 0.7533746221555703 off 0.24323146874225354 __DUMMY__ 0.0033939091021762033	false	1.0
aufschreien	neg 1.0		neg 0.5306127127553223 off 0.4622835620888992 __DUMMY__ 0.007103725155778563	false	1.0
schuldner	neg 1.0		neg 0.5382629887069984 off 0.4545840294372347 __DUMMY__ 0.007152981855766949	false	1.0
missgeburt	off 1.0	off 1.0	off 0.7200928132219935 neg 0.2765441929723372 __DUMMY__ 0.0033629938056692747	false	1.0
arbeitslos	neg 1.0		neg 0.5359127674103468 off 0.45696638583221305 __DUMMY__ 0.007120846757440134	false	1.0
befallen	neg 1.0		neg 0.5371189102935844 off 0.4557884595868737 __DUMMY__ 0.007092630119542017	false	1.0
miesepetrig	off 1.0	off 1.0	off 0.7184347222334706 neg 0.27816889306637066 __DUMMY__ 0.0033963847001587835	false	1.0
alarmieren	neg 1.0		neg 0.5293908547301958 off 0.46353050447389765 __DUMMY__ 0.007078640795906657	false	1.0
ungeduscht	off 1.0		neg 0.5264704916442057 off 0.4663881761787308 __DUMMY__ 0.007141332177063531	false	0.5
knappheit	neg 1.0		neg 0.53894757416794 off 0.45394480180591956 __DUMMY__ 0.0071076240261402895	false	1.0
schlange	neg 1.0		neg 0.5270372027177651 off 0.4657824441656247 __DUMMY__ 0.0071803531166103095	false	1.0
harsch	neg 1.0		neg 0.5194067638301825 off 0.4734768736056305 __DUMMY__ 0.007116362564187052	false	1.0
lang	neg 1.0		neg 0.5316320604117251 off 0.4612285942459209 __DUMMY__ 0.007139345342354169	false	1.0
ziellos	neg 1.0		neg 0.5331888201598483 off 0.45963318256010544 __DUMMY__ 0.007177997280046408	false	1.0
selbstverliebt	neg 1.0		neg 0.5170191942386545 off 0.47599033402806634 __DUMMY__ 0.006990471733279043	false	1.0
beseitigen	neg 1.0	neg 1.0	neg 0.7517825855102008 off 0.24479118735550867 __DUMMY__ 0.0034262271342904824	false	1.0
dumm	off 1.0		neg 0.5200561696467054 off 0.47289583619303904 __DUMMY__ 0.007047994160255644	false	0.5
arbeitsloser	neg 1.0		neg 0.535126752857095 off 0.4577170935356116 __DUMMY__ 0.007156153607293361	false	1.0
blitzen	neg 1.0		neg 0.5289500816205592 off 0.46393267508085806 __DUMMY__ 0.007117243298582615	false	1.0
hilflos	neg 1.0		neg 0.5338420568486864 off 0.45901195947651025 __DUMMY__ 0.007145983674803295	false	1.0
eklig	off 1.0		neg 0.5190290930058498 off 0.4739212049769648 __DUMMY__ 0.007049702017185342	false	0.5
begriff			neg 0.5350697336834415 off 0.45781477047120533 __DUMMY__ 0.007115495845353231	false	0.0
hungersnot	neg 1.0		neg 0.5346871117791333 off 0.4581749057722161 __DUMMY__ 0.007137982448650672	false	1.0
ungesetzlich	neg 1.0		neg 0.5356924739454458 off 0.457276958622056 __DUMMY__ 0.007030567432498298	false	1.0
verschwendung	neg 1.0		neg 0.537425946932612 off 0.4554279621465729 __DUMMY__ 0.00714609092081517	false	1.0
schmerzvoll	neg 1.0		neg 0.5297309504768936 off 0.46313567887435775 __DUMMY__ 0.007133370648748772	false	1.0
vorzeitig	neg 1.0		neg 0.5273635515426872 off 0.4654920240013225 __DUMMY__ 0.007144424455990392	false	1.0
unvollkommenheit	neg 1.0		neg 0.532423924082944 off 0.46038562574128716 __DUMMY__ 0.007190450175768759	false	1.0
intervenieren	neg 1.0		neg 0.5396003923222087 off 0.45328289980181125 __DUMMY__ 0.007116707875980079	false	1.0
banause	off 1.0		neg 0.5178296271595604 off 0.4751490532676047 __DUMMY__ 0.0070213195728348835	false	0.5
rebell	neg 1.0		neg 0.5400299462200274 off 0.452792040698734 __DUMMY__ 0.007178013081238639	false	1.0
unlogisch	neg 1.0		neg 0.5231492031333107 off 0.46976778214691317 __DUMMY__ 0.00708301471977619	false	1.0
leiden	neg 1.0		neg 0.5328539435619093 off 0.45991096889006705 __DUMMY__ 0.007235087548023551	false	1.0
abschaffung	neg 1.0		neg 0.5338456177941657 off 0.4590578109089501 __DUMMY__ 0.007096571296884051	false	1.0
sturz	neg 1.0		neg 0.5310958043680413 off 0.4617471127021191 __DUMMY__ 0.007157082929839579	false	1.0
verkleinerung	neg 1.0		neg 0.5318557227020869 off 0.4610748267205129 __DUMMY__ 0.0070694505774002644	false	1.0
schmarotzer	off 1.0		neg 0.5369696271685424 off 0.4559243221500748 __DUMMY__ 0.007106050681382802	false	0.5
bestrafung	neg 1.0		neg 0.5316474594779889 off 0.46123957098966756 __DUMMY__ 0.007112969532343623	false	1.0
achtlos	neg 1.0		neg 0.5309218760325427 off 0.4619166708434557 __DUMMY__ 0.007161453124001552	false	1.0
