unsolidarisch	neg 1.0		__DUMMY__ 0.463903180211163 neg 0.29210089291527197 off 0.2439959268735649	false	1.0
nachteilig	neg 1.0		__DUMMY__ 0.46959426312875596 neg 0.28917430586120685 off 0.24123143101003727	false	1.0
skeptisch	neg 1.0		__DUMMY__ 0.47052802233564894 neg 0.288772206712718 off 0.240699770951633	false	1.0
schrecklich	neg 1.0		__DUMMY__ 0.4665921904723272 neg 0.27586485547124506 off 0.25754295405642774	false	1.0
schlapp	neg 1.0		__DUMMY__ 0.4691402828942237 neg 0.27805054259913936 off 0.25280917450663704	false	1.0
abfall	neg 1.0		__DUMMY__ 0.47111422669675007 neg 0.29137256156795466 off 0.2375132117352953	false	1.0
widerspenstig	neg 1.0		__DUMMY__ 0.46934656368398836 neg 0.2842095304666501 off 0.24644390584936157	false	1.0
abrupt	neg 1.0		__DUMMY__ 0.47311690974830783 neg 0.2846336925604681 off 0.24224939769122394	false	1.0
unwirksam	neg 1.0		__DUMMY__ 0.46645446192556644 neg 0.2884636104959752 off 0.24508192757845843	false	1.0
angreifen	neg 1.0	neg 1.0	neg 0.6344462697765811 __DUMMY__ 0.22882360674270796 off 0.13673012348071098	false	1.0
inkonsistent	neg 1.0		__DUMMY__ 0.4695953710143747 neg 0.2828445249807442 off 0.2475601040048811	false	1.0
abrutschen	neg 1.0		__DUMMY__ 0.47143589912263906 neg 0.2904480313165367 off 0.23811606956082423	false	1.0
unsicher	neg 1.0		__DUMMY__ 0.47022252118117436 neg 0.2828599711067913 off 0.24691750771203433	false	1.0
bauernkind	off 1.0	off 1.0	off 0.615502144010438 __DUMMY__ 0.22540080075621222 neg 0.15909705523334977	false	1.0
angreifer	neg 1.0		__DUMMY__ 0.4706362292662179 neg 0.2808327525543524 off 0.24853101817942952	false	1.0
trennen	neg 1.0		__DUMMY__ 0.4744252227912664 neg 0.28232930106953785 off 0.24324547613919562	false	1.0
schmutz	neg 1.0		__DUMMY__ 0.47347553681462723 neg 0.2765062034670819 off 0.2500182597182909	false	1.0
inkonsistenz	neg 1.0		__DUMMY__ 0.4656129618757465 neg 0.2841368612055666 off 0.250250176918687	false	1.0
erschreckend	neg 1.0		__DUMMY__ 0.46870621310010024 neg 0.28641405039998247 off 0.2448797364999174	false	1.0
ertrinken	neg 1.0		__DUMMY__ 0.4716271431652197 neg 0.28542200243959626 off 0.242950854395184	false	1.0
pickelface	off 1.0		__DUMMY__ 0.46958064425864576 neg 0.28641116439981285 off 0.24400819134154153	false	0.5
seiner			__DUMMY__ 0.47168807199613644 neg 0.2866324129914801 off 0.24167951501238333	false	0.0
lauch	neg 1.0		__DUMMY__ 0.4702564681454922 neg 0.29205596804801937 off 0.23768756380648842	false	1.0
unwichtig	neg 1.0		__DUMMY__ 0.4670278746492089 neg 0.2813277149996585 off 0.2516444103511326	false	1.0
steuerhinterziehung	neg 1.0		__DUMMY__ 0.467440138172914 neg 0.2891648341648599 off 0.24339502766222604	false	1.0
schock	neg 1.0		__DUMMY__ 0.4725048875323305 neg 0.2808755717120956 off 0.24661954075557393	false	1.0
beule	neg 1.0		__DUMMY__ 0.46947912393971036 neg 0.27720550565779356 off 0.2533153704024961	false	1.0
vergelten	neg 1.0		__DUMMY__ 0.46925881774736267 neg 0.2740734653372464 off 0.25666771691539086	false	1.0
verdorbenheit	neg 1.0		__DUMMY__ 0.4713027374609026 neg 0.28213987882169816 off 0.24655738371739935	false	1.0
trauma	neg 1.0		__DUMMY__ 0.4689783468345883 neg 0.2834732401015532 off 0.24754841306385852	false	1.0
sinnlos	neg 1.0		__DUMMY__ 0.4696288778846163 neg 0.28080378279976903 off 0.24956733931561473	false	1.0
fettsack	off 1.0	off 1.0	off 0.6170838937466149 __DUMMY__ 0.22629147348708376 neg 0.15662463276630137	false	1.0
feige	off 1.0	off 1.0	off 0.6131230907714948 __DUMMY__ 0.22636928030021092 neg 0.16050762892829432	false	1.0
abdanken	neg 1.0		__DUMMY__ 0.4677401649478206 neg 0.2876233325112819 off 0.24463650254089744	false	1.0
wichtigtuer	off 1.0	off 1.0	off 0.6113070842889602 __DUMMY__ 0.22726207488188974 neg 0.16143084082914996	false	1.0
misslingen	neg 1.0		__DUMMY__ 0.4730371339659623 neg 0.27802515172592024 off 0.2489377143081176	false	1.0
untreu	off 1.0		__DUMMY__ 0.4662575278755966 neg 0.2808762532857784 off 0.2528662188386251	false	0.5
missmutig	neg 1.0		__DUMMY__ 0.467756303602585 neg 0.2802927595719205 off 0.2519509368254943	false	1.0
hurenbock	off 1.0		__DUMMY__ 0.4705338910572162 neg 0.2809613578836557 off 0.24850475105912792	false	0.5
betrunken	neg 1.0		__DUMMY__ 0.46929876749824134 neg 0.27474362363239574 off 0.25595760886936286	false	1.0
korrupt	off 1.0		__DUMMY__ 0.46547010757392504 neg 0.2927333370432213 off 0.2417965553828536	false	0.5
unmut	neg 1.0		__DUMMY__ 0.47090723050414557 neg 0.2914151906645696 off 0.23767757883128485	false	1.0
hackfresse	off 1.0		__DUMMY__ 0.46412898429078914 neg 0.2749795827684568 off 0.260891432940754	false	0.5
aufblasen	neg 1.0		__DUMMY__ 0.47092354413123383 neg 0.280223320253686 off 0.24885313561508016	false	1.0
gewaltsam	neg 1.0		__DUMMY__ 0.46992215501076323 neg 0.28460023784716837 off 0.2454776071420686	false	1.0
unbeliebtheit	neg 1.0		__DUMMY__ 0.4624341244391135 neg 0.2883993957862713 off 0.24916647977461526	false	1.0
sturheit	neg 1.0		__DUMMY__ 0.4679703647749811 neg 0.287497430519177 off 0.24453220470584203	false	1.0
kuh	neg 1.0		__DUMMY__ 0.46782766101633577 neg 0.28561722034946513 off 0.246555118634199	false	1.0
erschrecken	neg 1.0		__DUMMY__ 0.46885880807079594 neg 0.27959524646359213 off 0.2515459454656118	false	1.0
opfer	neg 1.0		__DUMMY__ 0.4706304632662464 neg 0.28671073659348695 off 0.2426588001402666	false	1.0
sinken	neg 1.0		__DUMMY__ 0.4718793231255862 neg 0.28937343019851464 off 0.23874724667589922	false	1.0
stinktier	neg 1.0		__DUMMY__ 0.4648680575890878 neg 0.2776343224627005 off 0.25749761994821163	false	1.0
tucke	off 1.0		__DUMMY__ 0.46105128450344923 neg 0.27870451702014426 off 0.2602441984764065	false	0.5
ein			__DUMMY__ 0.4712835025186529 neg 0.28054228430633127 off 0.2481742131750157	false	0.0
abstieg	neg 1.0		__DUMMY__ 0.4728920469601329 neg 0.28466026516918436 off 0.24244768787068288	false	1.0
missverstehen	neg 1.0		__DUMMY__ 0.4670528596029521 neg 0.2841002003689096 off 0.24884694002813817	false	1.0
ergebnislos	neg 1.0		__DUMMY__ 0.4707319203671832 neg 0.28779068728840534 off 0.24147739234441137	false	1.0
unter			__DUMMY__ 0.47727411877206255 neg 0.2878717726847358 off 0.2348541085432017	false	0.0
manipulieren	neg 1.0		__DUMMY__ 0.4696681643760693 neg 0.28994818694542884 off 0.24038364867850204	false	1.0
unbewiesen	neg 1.0		__DUMMY__ 0.4631466968137114 neg 0.2928301284907062 off 0.2440231746955824	false	1.0
verschleppen	neg 1.0		__DUMMY__ 0.46968057401111885 neg 0.287287382411239 off 0.24303204357764213	false	1.0
weib	off 1.0		__DUMMY__ 0.4640386293180917 neg 0.2751683718213244 off 0.2607929988605839	false	0.5
opposition	neg 1.0		__DUMMY__ 0.46718893900354846 neg 0.2851049710680107 off 0.2477060899284408	false	1.0
verkehrswidrig	neg 1.0	neg 1.0	neg 0.6224709436979725 __DUMMY__ 0.2306757827585707 off 0.14685327354345684	false	1.0
inkorrekt	neg 1.0		__DUMMY__ 0.4632401855364797 neg 0.2836160339599962 off 0.25314378050352404	false	1.0
vermeiden	neg 1.0		__DUMMY__ 0.4735363592197564 neg 0.29032524874742516 off 0.23613839203281842	false	1.0
abweichung	neg 1.0		__DUMMY__ 0.47016381036670163 neg 0.2879939001367503 off 0.24184228949654812	false	1.0
alkoholisiert	neg 1.0		__DUMMY__ 0.47634464685423694 neg 0.2805705954305391 off 0.24308475771522384	false	1.0
scheiss	off 1.0	off 1.0	off 0.613981189052789 __DUMMY__ 0.22811766414801538 neg 0.15790114679919565	false	1.0
herausforderung	neg 1.0	neg 1.0	neg 0.628990675914876 __DUMMY__ 0.23279537439878706 off 0.138213949686337	false	1.0
pervers	off 1.0		__DUMMY__ 0.4631162565159418 neg 0.2724964810738107 off 0.2643872624102475	false	0.5
wackelig	neg 1.0		__DUMMY__ 0.4739104591865078 neg 0.2808963681783076 off 0.2451931726351845	false	1.0
verwickeln	neg 1.0		__DUMMY__ 0.46684824578314266 neg 0.2845367171665604 off 0.24861503705029686	false	1.0
vorwand	neg 1.0		__DUMMY__ 0.4704965314453269 neg 0.28973322597138557 off 0.23977024258328763	false	1.0
muschi	off 1.0		__DUMMY__ 0.46979661299607384 neg 0.2855650632054743 off 0.24463832379845174	false	0.5
entmutigung	neg 1.0		__DUMMY__ 0.46608912119372303 neg 0.2870370592128305 off 0.24687381959344648	false	1.0
unangemessen	neg 1.0		__DUMMY__ 0.46831986656665936 neg 0.2880144930151323 off 0.2436656404182084	false	1.0
unstetig	neg 1.0		__DUMMY__ 0.4710447062222793 neg 0.2806888359758822 off 0.24826645780183856	false	1.0
entmutigen	neg 1.0		__DUMMY__ 0.46892217646194123 neg 0.28308692133766455 off 0.2479909022003942	false	1.0
schwanz	neg 1.0		__DUMMY__ 0.4714415758338073 neg 0.287126176589406 off 0.24143224757678675	false	1.0
verbot	neg 1.0		__DUMMY__ 0.46780720713235474 neg 0.28981220631101656 off 0.24238058655662859	false	1.0
leid	neg 1.0		__DUMMY__ 0.4661069749267518 neg 0.2751371535240854 off 0.2587558715491628	false	1.0
archaisch	neg 1.0		__DUMMY__ 0.4694611874243609 neg 0.28663159573672725 off 0.2439072168389119	false	1.0
gegen			__DUMMY__ 0.47276326445609673 neg 0.28739589216407724 off 0.2398408433798259	false	0.0
scheidung	neg 1.0		__DUMMY__ 0.46343114805331087 off 0.26866115353671793 neg 0.26790769840997125	false	0.5
einschlag	neg 1.0	neg 1.0	neg 0.6265353578123714 __DUMMY__ 0.2279581521067869 off 0.14550649008084177	false	1.0
m			__DUMMY__ 0.47163081340728 neg 0.28383472408079685 off 0.24453446251192296	false	0.0
abgestanden	neg 1.0		__DUMMY__ 0.47120386930776587 neg 0.2807681923419101 off 0.24802793835032394	false	1.0
schmierig	off 1.0		__DUMMY__ 0.4664557704542298 neg 0.2752846367015475 off 0.2582595928442226	false	0.5
unpraktisch	neg 1.0		__DUMMY__ 0.47196354728202095 neg 0.27922198595688635 off 0.2488144667610926	false	1.0
wixxer	off 1.0		__DUMMY__ 0.4626158926698869 neg 0.2734685194195413 off 0.26391558791057185	false	0.5
bezeichnet			__DUMMY__ 0.46837226466475507 neg 0.28612054722015373 off 0.24550718811509126	false	0.0
jammerlappen	off 1.0		__DUMMY__ 0.46722964630712605 neg 0.2808630204206317 off 0.25190733327224224	false	0.5
farce	neg 1.0		__DUMMY__ 0.4669962011718358 neg 0.28994651753165235 off 0.2430572812965118	false	1.0
zwecklos	neg 1.0		__DUMMY__ 0.46849569777970324 neg 0.2878540002121515 off 0.24365030200814528	false	1.0
turbulent	neg 1.0		__DUMMY__ 0.4664139875724087 neg 0.2814910885541491 off 0.25209492387344223	false	1.0
invasion	neg 1.0		__DUMMY__ 0.4696925939509655 neg 0.2806122439350808 off 0.2496951621139537	false	1.0
schuld	neg 1.0		__DUMMY__ 0.46857938165740326 neg 0.2841035968429422 off 0.2473170214996546	false	1.0
risiko	neg 1.0		__DUMMY__ 0.4706037630324706 neg 0.2821632926800169 off 0.24723294428751255	false	1.0
finster	neg 1.0		__DUMMY__ 0.47040979887762996 neg 0.2815178767737828 off 0.24807232434858717	false	1.0
geisteskrank	off 1.0		__DUMMY__ 0.465066587130039 neg 0.28174541359760663 off 0.25318799927235447	false	0.5
zusammenbrechen	neg 1.0		__DUMMY__ 0.47070365949253584 neg 0.2840992543256486 off 0.2451970861818155	false	1.0
ausbeute	neg 1.0		__DUMMY__ 0.4745724385057988 neg 0.28272915019695605 off 0.24269841129724523	false	1.0
hinterhalt	neg 1.0		__DUMMY__ 0.4722471860113346 neg 0.2826196524510672 off 0.24513316153759812	false	1.0
kritik	neg 1.0		__DUMMY__ 0.4673207140778767 neg 0.2897033963922458 off 0.24297588952987745	false	1.0
einschrumpfen	neg 1.0		__DUMMY__ 0.4658222805760636 neg 0.28530956902281435 off 0.24886815040112203	false	1.0
riskant	neg 1.0		__DUMMY__ 0.46957768192530713 neg 0.2884624004511529 off 0.24195991762353997	false	1.0
frustrieren	neg 1.0		__DUMMY__ 0.47016059059307946 neg 0.28740081153109687 off 0.24243859787582367	false	1.0
groll	neg 1.0		__DUMMY__ 0.4695768704955697 neg 0.2867072282278961 off 0.24371590127653414	false	1.0
gibt			__DUMMY__ 0.47010227781710867 neg 0.28536695164571807 off 0.24453077053717323	false	0.0
qualvoll	neg 1.0		__DUMMY__ 0.4695707777483267 neg 0.2796226429808886 off 0.2508065792707847	false	1.0
wackeln	neg 1.0	neg 1.0	neg 0.6286992262183112 __DUMMY__ 0.2301852391962073 off 0.14111553458548148	false	1.0
klagen	neg 1.0		__DUMMY__ 0.47146062936276034 neg 0.2900037934358117 off 0.23853557720142796	false	1.0
bankrott	neg 1.0		__DUMMY__ 0.4687796536996056 neg 0.2800476799304331 off 0.2511726663699613	false	1.0
trauern	neg 1.0		__DUMMY__ 0.47191076048099706 neg 0.28518458791462675 off 0.24290465160437602	false	1.0
ablehnung	neg 1.0		__DUMMY__ 0.4675068925456325 neg 0.28936439193156127 off 0.2431287155228063	false	1.0
stur	neg 1.0		__DUMMY__ 0.46804186847127066 neg 0.28410014177703474 off 0.2478579897516945	false	1.0
aufruhr	neg 1.0		__DUMMY__ 0.46987953196206106 neg 0.2847475697541025 off 0.2453728982838366	false	1.0
melancholie	neg 1.0		__DUMMY__ 0.4719751977603061 neg 0.2836783803702786 off 0.24434642186941521	false	1.0
ist			__DUMMY__ 0.4693534490016669 neg 0.2818835030099283 off 0.24876304798840476	false	0.0
torheit	neg 1.0		__DUMMY__ 0.46648420352230974 neg 0.28730447372669715 off 0.24621132275099308	false	1.0
dreckskind	off 1.0		__DUMMY__ 0.46418386099467235 neg 0.27687000899625824 off 0.2589461300090695	false	0.5
umtauschen	neg 1.0		__DUMMY__ 0.4710512736350311 neg 0.28236974571092693 off 0.24657898065404196	false	1.0
zum			__DUMMY__ 0.47815788015670085 neg 0.2836229023299746 off 0.23821921751332462	false	0.0
zersetzen	neg 1.0		__DUMMY__ 0.46872157079258203 neg 0.2913864859122796 off 0.2398919432951384	false	1.0
zur			__DUMMY__ 0.47501805829652544 neg 0.28885612749306394 off 0.23612581421041057	false	0.0
frust	neg 1.0		__DUMMY__ 0.47081732994033904 neg 0.28413780914035713 off 0.24504486091930391	false	1.0
unerbittlichkeit	neg 1.0		__DUMMY__ 0.4694108514242507 neg 0.2902534765733993 off 0.2403356720023501	false	1.0
zwei			__DUMMY__ 0.4764022005051631 neg 0.28341793771710166 off 0.24017986177773534	false	0.0
unkorrekt	neg 1.0		__DUMMY__ 0.4633659950776658 neg 0.2827317240534577 off 0.25390228086887645	false	1.0
hexe	off 1.0		__DUMMY__ 0.4676717124995941 neg 0.27943263386956113 off 0.2528956536308449	false	0.5
lasch	neg 1.0		__DUMMY__ 0.46601690733808443 neg 0.2841124530644188 off 0.24987063959749686	false	1.0
rivale	neg 1.0		__DUMMY__ 0.46735632210180333 neg 0.27735588851578763 off 0.25528778938240887	false	1.0
mutlos	off 1.0	off 1.0	off 0.6070190883059842 __DUMMY__ 0.22770613335934567 neg 0.16527477833467014	false	1.0
wirr	off 1.0		__DUMMY__ 0.46383966868036114 neg 0.28171945384693103 off 0.2544408774727078	false	0.5
jahr			__DUMMY__ 0.47565189668537033 neg 0.28225880568830536 off 0.2420892976263241	false	0.0
wird			__DUMMY__ 0.47125362844005303 neg 0.28542013862977433 off 0.24332623293017258	false	0.0
strafbar	neg 1.0		__DUMMY__ 0.4689216883362157 neg 0.289261988881884 off 0.24181632278190043	false	1.0
erosion	neg 1.0		__DUMMY__ 0.4705724138359835 neg 0.28177703653077013 off 0.24765054963324637	false	1.0
eingehen	neg 1.0		__DUMMY__ 0.4683356227266901 neg 0.288957355663807 off 0.24270702160950297	false	1.0
faul	off 1.0		__DUMMY__ 0.4696280214754071 neg 0.2784497444650735 off 0.25192223405951936	false	0.5
provisorium	neg 1.0		__DUMMY__ 0.4757872952558612 neg 0.2903123257792519 off 0.23390037896488675	false	1.0
schmerzen	neg 1.0		__DUMMY__ 0.4702577069135868 neg 0.283043120178697 off 0.24669917290771623	false	1.0
schrumpfen	neg 1.0		__DUMMY__ 0.47165936261362534 neg 0.2930818017150204 off 0.23525883567135408	false	1.0
geistlos	off 1.0		__DUMMY__ 0.46342881056441926 neg 0.2892268141046796 off 0.24734437533090115	false	0.5
fehlkauf	neg 1.0		__DUMMY__ 0.46806672017332895 neg 0.2837976855836104 off 0.24813559424306053	false	1.0
frustrierend	neg 1.0		__DUMMY__ 0.4696887279216314 neg 0.2786188705019163 off 0.2516924015764524	false	1.0
unzufrieden	neg 1.0		__DUMMY__ 0.4688969140931733 neg 0.2874491776818686 off 0.24365390822495805	false	1.0
verzweifeln	neg 1.0		__DUMMY__ 0.46994419091759876 neg 0.28392342133463727 off 0.24613238774776391	false	1.0
verzweifelt	neg 1.0		__DUMMY__ 0.468444896979502 neg 0.28343609175908707 off 0.24811901126141098	false	1.0
misstrauensantrag	neg 1.0		__DUMMY__ 0.4679167778624924 neg 0.28328347972759726 off 0.24879974240991024	false	1.0
abfallen	neg 1.0		__DUMMY__ 0.47157515304210945 neg 0.27945013588484446 off 0.2489747110730461	false	1.0
fucker	off 1.0		__DUMMY__ 0.46604393566060326 neg 0.27985358275811495 off 0.2541024815812818	false	0.5
ungezogen	neg 1.0		__DUMMY__ 0.46475272469850293 neg 0.2723042506391849 off 0.2629430246623121	false	1.0
irrsinnig	neg 1.0	neg 1.0	neg 0.631476810164936 __DUMMY__ 0.2279037761088279 off 0.1406194137262361	false	1.0
unfassbar	neg 1.0		__DUMMY__ 0.46715427716608326 neg 0.28003235154870476 off 0.25281337128521203	false	1.0
hart	neg 1.0		__DUMMY__ 0.46849033600297396 neg 0.2809409027263492 off 0.2505687612706769	false	1.0
widerlich	off 1.0		__DUMMY__ 0.4651666732758775 neg 0.2816860458849977 off 0.2531472808391248	false	0.5
fatal	neg 1.0		__DUMMY__ 0.4683435773666432 neg 0.28302594721294755 off 0.2486304754204093	false	1.0
bruch	neg 1.0		__DUMMY__ 0.47082541144743684 neg 0.29066653717432567 off 0.23850805137823758	false	1.0
aushungern	neg 1.0		__DUMMY__ 0.46693072038143335 neg 0.28909335823876103 off 0.24397592137980553	false	1.0
anspannung	neg 1.0	neg 1.0	neg 0.6316259611886983 __DUMMY__ 0.23310819005263728 off 0.13526584875866438	false	1.0
von			__DUMMY__ 0.47544607766930563 neg 0.28341185945465097 off 0.24114206287604342	false	0.0
kraftlos	neg 1.0		__DUMMY__ 0.47241396607252184 neg 0.28251350695867933 off 0.24507252696879891	false	1.0
vom			__DUMMY__ 0.47823729841961565 neg 0.286069803409465 off 0.2356928981709195	false	0.0
grenzdebil	off 1.0		__DUMMY__ 0.46725221166385816 neg 0.27864184531128455 off 0.25410594302485723	false	0.5
vor			__DUMMY__ 0.47259165854511753 neg 0.28677031467920594 off 0.24063802677567644	false	0.0
unterwerfen	neg 1.0		__DUMMY__ 0.4697693844562595 neg 0.2882936391846884 off 0.24193697635905215	false	1.0
versenkung	neg 1.0		__DUMMY__ 0.47035101647315625 neg 0.28781200262708184 off 0.24183698089976177	false	1.0
entziehen	neg 1.0		__DUMMY__ 0.47106217256834887 neg 0.2897852444463712 off 0.23915258298527975	false	1.0
finanzkrise	neg 1.0		__DUMMY__ 0.4668788467910344 neg 0.28899566718300695 off 0.24412548602595868	false	1.0
schimpfend	neg 1.0		__DUMMY__ 0.4719563119331292 neg 0.2792470475019329 off 0.248796640564938	false	1.0
profan	neg 1.0		__DUMMY__ 0.4686491799421512 neg 0.2814406828331017 off 0.249910137224747	false	1.0
korruption	neg 1.0	neg 1.0	neg 0.6349356005163223 __DUMMY__ 0.22750759456167788 off 0.13755680492199987	false	1.0
â			__DUMMY__ 0.4712241641445854 neg 0.2857367595271707 off 0.24303907632824404	false	0.0
schmutzig	neg 1.0		__DUMMY__ 0.46794655746229835 neg 0.27840355521975535 off 0.2536498873179463	false	1.0
sexy	neg 1.0		__DUMMY__ 0.4683681561990243 neg 0.2811144575768382 off 0.25051738622413766	false	1.0
abraten	neg 1.0		__DUMMY__ 0.4692373455767398 neg 0.28187800179370304 off 0.24888465262955717	false	1.0
schwarz	neg 1.0		__DUMMY__ 0.4681945940860333 neg 0.28397986943747106 off 0.24782553647649563	false	1.0
fotze	off 1.0		__DUMMY__ 0.47015928459059625 neg 0.28770861423701466 off 0.24213210117238895	false	0.5
verwirren	neg 1.0		__DUMMY__ 0.46869885709455283 neg 0.28109787189225877 off 0.2502032710131885	false	1.0
zahnlos	off 1.0		__DUMMY__ 0.46867409977519936 neg 0.2877235976888479 off 0.24360230253595272	false	0.5
verheeren	neg 1.0		__DUMMY__ 0.46494639061265447 neg 0.27098683236125265 off 0.26406677702609294	false	1.0
hippie	neg 1.0		__DUMMY__ 0.4680558276162072 neg 0.28217148320730195 off 0.24977268917649095	false	1.0
rammen	neg 1.0		__DUMMY__ 0.4692019511448246 neg 0.283409539744485 off 0.24738850911069038	false	1.0
unlauter	neg 1.0		__DUMMY__ 0.4653442561075456 neg 0.2891415656743278 off 0.24551417821812666	false	1.0
unheilvoll	neg 1.0		__DUMMY__ 0.4710801686332399 neg 0.2788258760443259 off 0.2500939553224342	false	1.0
niedrig	neg 1.0		__DUMMY__ 0.47145502990060756 neg 0.287033107831382 off 0.24151186226801044	false	1.0
explosion	neg 1.0		__DUMMY__ 0.46789260573880725 neg 0.283076289325118 off 0.24903110493607458	false	1.0
weichei	off 1.0		__DUMMY__ 0.46473258633515285 neg 0.27599358389433143 off 0.25927382977051566	false	0.5
minusmensch	off 1.0		__DUMMY__ 0.46033692413860083 neg 0.27767160268045604 off 0.26199147318094307	false	0.5
farblos	neg 1.0		__DUMMY__ 0.47373472147538975 neg 0.2794941481725781 off 0.24677113035203216	false	1.0
unwissend	neg 1.0	neg 1.0	neg 0.629697823312941 __DUMMY__ 0.22699225884709953 off 0.14330991783995947	false	1.0
traurig	neg 1.0		__DUMMY__ 0.4671622216388692 neg 0.2763577728740433 off 0.25648000548708744	false	1.0
senkung	neg 1.0		__DUMMY__ 0.46646559100984447 neg 0.28472534546864087 off 0.24880906352151475	false	1.0
ungleich	neg 1.0	neg 1.0	neg 0.6353474702994462 __DUMMY__ 0.2278544075191603 off 0.13679812218139353	false	1.0
heikel	neg 1.0		__DUMMY__ 0.46964946378872324 neg 0.28981235661431143 off 0.2405381795969654	false	1.0
drosselung	neg 1.0		__DUMMY__ 0.46793492987735485 neg 0.2783811470147281 off 0.2536839231079171	false	1.0
falsch	neg 1.0		__DUMMY__ 0.46829973690034943 neg 0.2802445542050022 off 0.2514557088946484	false	1.0
unzufriedenheit	neg 1.0		__DUMMY__ 0.4697876990954224 neg 0.2903934855398703 off 0.23981881536470742	false	1.0
kurz	neg 1.0		__DUMMY__ 0.4726750386614329 neg 0.2815201289508478 off 0.2458048323877193	false	1.0
unsinnig	neg 1.0		__DUMMY__ 0.467678885647475 neg 0.28848984765384994 off 0.243831266698675	false	1.0
penner	off 1.0	off 1.0	off 0.6186253490547772 __DUMMY__ 0.22567490902232754 neg 0.1556997419228953	false	1.0
seicht	neg 1.0		__DUMMY__ 0.4618701325499623 neg 0.2764951341605248 off 0.26163473328951287	false	1.0
dummheit	off 1.0	off 1.0	off 0.6114487809480353 __DUMMY__ 0.22698312466628928 neg 0.16156809438567532	false	1.0
unerfreulich	neg 1.0		__DUMMY__ 0.4715017628641282 neg 0.28841420113793487 off 0.24008403599793704	false	1.0
motherfucker	off 1.0	off 1.0	off 0.6142331624075539 __DUMMY__ 0.2263119128221496 neg 0.1594549247702966	false	1.0
pikiert	neg 1.0		__DUMMY__ 0.4651695919695015 neg 0.2830518263542913 off 0.2517785816762073	false	1.0
wrack	neg 1.0		__DUMMY__ 0.47382235965751474 neg 0.2830139759042425 off 0.24316366443824264	false	1.0
gangster	neg 1.0		__DUMMY__ 0.46872978203965726 neg 0.28168948228024165 off 0.24958073568010106	false	1.0
krank	neg 1.0		__DUMMY__ 0.4684930128209868 neg 0.27665836282938305 off 0.2548486243496301	false	1.0
reich	neg 1.0		__DUMMY__ 0.46640025832480625 neg 0.2829530880169342 off 0.25064665365825944	false	1.0
gnadenlos	neg 1.0		__DUMMY__ 0.46909665015557583 neg 0.28336837988110136 off 0.24753496996332278	false	1.0
niedergeschlagen	neg 1.0		__DUMMY__ 0.47140585707200405 neg 0.28297106615129225 off 0.2456230767767037	false	1.0
terrorisieren	off 1.0	off 1.0	off 0.6077670490320094 __DUMMY__ 0.22893185627498627 neg 0.16330109469300444	false	1.0
sinnlosigkeit	neg 1.0		__DUMMY__ 0.4689865934825656 neg 0.2871486344917589 off 0.2438647720256754	false	1.0
behindern	neg 1.0		__DUMMY__ 0.4688367835033224 neg 0.28589672322276843 off 0.2452664932739093	false	1.0
undemokratisch	neg 1.0		__DUMMY__ 0.46636043324892473 neg 0.2873827603287284 off 0.24625680642234687	false	1.0
wirtschaftskrise	neg 1.0		__DUMMY__ 0.46850952427998205 neg 0.28954446492833924 off 0.24194601079167874	false	1.0
neid	neg 1.0		__DUMMY__ 0.470160224389134 neg 0.27697330204200193 off 0.25286647356886405	false	1.0
rutschen	neg 1.0	neg 1.0	neg 0.6304020037876662 __DUMMY__ 0.23303061510933462 off 0.13656738110299924	false	1.0
rezession	neg 1.0		__DUMMY__ 0.4637971146322718 neg 0.28013235775898987 off 0.2560705276087384	false	1.0
fehlgeburt	neg 1.0		__DUMMY__ 0.4708214803482432 neg 0.279593952803609 off 0.24958456684814778	false	1.0
charakterschwach	off 1.0		__DUMMY__ 0.46655866758051273 neg 0.2801668447080008 off 0.2532744877114865	false	0.5
isolation	neg 1.0		__DUMMY__ 0.4696113124353526 neg 0.2787623650739275 off 0.25162632249071987	false	1.0
ablenkung	neg 1.0		__DUMMY__ 0.4699659290679922 neg 0.28287806440227015 off 0.24715600652973754	false	1.0
pech	neg 1.0		__DUMMY__ 0.46953347734011275 neg 0.27897761511891744 off 0.2514889075409697	false	1.0
vermeidung	neg 1.0		__DUMMY__ 0.46606435623954356 neg 0.2806306843012169 off 0.25330495945923964	false	1.0
dominieren	neg 1.0		__DUMMY__ 0.4727427934978156 neg 0.2837487812878523 off 0.24350842521433191	false	1.0
schwindlig	neg 1.0		__DUMMY__ 0.4719677316145281 neg 0.277318339528892 off 0.2507139288565799	false	1.0
lutscher	neg 1.0		__DUMMY__ 0.4626301154198276 neg 0.2745804873195608 off 0.2627893972606115	false	1.0
pflicht	neg 1.0		__DUMMY__ 0.46998517308948407 neg 0.2895377783093114 off 0.2404770486012045	false	1.0
faschist	off 1.0		__DUMMY__ 0.4652907741127686 neg 0.28617762792561646 off 0.24853159796161495	false	0.5
verschleudern	neg 1.0		__DUMMY__ 0.4664097384073729 neg 0.29344909317167583 off 0.2401411684209513	false	1.0
wenn			__DUMMY__ 0.46818781660417774 neg 0.2801322449667893 off 0.25167993842903297	false	0.0
ehebruch	neg 1.0		__DUMMY__ 0.4686724300618067 neg 0.289156431747217 off 0.2421711381909762	false	1.0
spott	off 1.0		__DUMMY__ 0.4683558633092024 neg 0.2902456354989598 off 0.2413985011918376	false	0.5
trostlosigkeit	neg 1.0		__DUMMY__ 0.4710062760228897 neg 0.289605398255743 off 0.2393883257213674	false	1.0
lutschen	neg 1.0		__DUMMY__ 0.46746926100545205 neg 0.2836090138804869 off 0.24892172511406108	false	1.0
undiszipliniert	neg 1.0		__DUMMY__ 0.46731089337591036 neg 0.2772479190695778 off 0.25544118755451195	false	1.0
kopfschmerz	neg 1.0		__DUMMY__ 0.471847136638261 neg 0.28253991808664236 off 0.24561294527509672	false	1.0
unvorhergesehen	neg 1.0		__DUMMY__ 0.47482367889352456 neg 0.2812127415919167 off 0.2439635795145588	false	1.0
desinteressiert	neg 1.0		__DUMMY__ 0.46602634252289543 neg 0.2792123333799657 off 0.2547613240971389	false	1.0
armselig	off 1.0		__DUMMY__ 0.4637671485717275 neg 0.28119074246740317 off 0.25504210896086926	false	0.5
desaster	neg 1.0		__DUMMY__ 0.4706119263141346 neg 0.29162763856251894 off 0.23776043512334644	false	1.0
tod	neg 1.0		__DUMMY__ 0.47239586165308306 neg 0.28405929675962566 off 0.24354484158729137	false	1.0
herzlos	neg 1.0		__DUMMY__ 0.4653838390265845 neg 0.2782808636644406 off 0.2563352973089748	false	1.0
unwissenheit	neg 1.0		__DUMMY__ 0.46709114518134454 neg 0.2901350471116062 off 0.24277380770704915	false	1.0
widersinnig	neg 1.0	neg 1.0	neg 0.6352563519381142 __DUMMY__ 0.2267399331697858 off 0.1380037148921	false	1.0
bedenklich	neg 1.0		__DUMMY__ 0.4689008868445503 neg 0.289076632888433 off 0.24202248026701678	false	1.0
beanstanden	neg 1.0		__DUMMY__ 0.471048783253834 neg 0.28879961224956263 off 0.24015160449660347	false	1.0
panisch	neg 1.0	neg 1.0	neg 0.6267017419968842 __DUMMY__ 0.23052990218355238 off 0.1427683558195634	false	1.0
debil	off 1.0		__DUMMY__ 0.47341453128087535 neg 0.29168780518423143 off 0.2348976635348933	false	0.5
abstrich	neg 1.0		__DUMMY__ 0.46993556119583146 neg 0.28724973471352205 off 0.2428147040906464	false	1.0
primitiv	neg 1.0		__DUMMY__ 0.46527380755588116 neg 0.2810020231034666 off 0.2537241693406523	false	1.0
abschaum	off 1.0	off 1.0	off 0.612857903391749 __DUMMY__ 0.22666912810734618 neg 0.1604729685009048	false	1.0
provozieren	neg 1.0		__DUMMY__ 0.46802460903995285 neg 0.2850855044142373 off 0.2468898865458098	false	1.0
tot	neg 1.0		__DUMMY__ 0.4710354782911037 neg 0.28661455508801836 off 0.24234996662087788	false	1.0
instabil	neg 1.0		__DUMMY__ 0.46456801059070163 neg 0.2822524409551362 off 0.2531795484541623	false	1.0
schwuchtel	off 1.0		__DUMMY__ 0.46066479313174896 neg 0.2716694336847877 off 0.2676657731834634	false	0.5
zerren	neg 1.0		__DUMMY__ 0.47160125547917997 neg 0.28254610883594494 off 0.2458526356848751	false	1.0
kinderficker	off 1.0		__DUMMY__ 0.4625745523300966 neg 0.279824796975265 off 0.25760065069463844	false	0.5
gefahr	neg 1.0		__DUMMY__ 0.4712551745876939 neg 0.2881755230964057 off 0.24056930231590043	false	1.0
rabiat	neg 1.0		__DUMMY__ 0.46807479381108585 neg 0.2858613519031085 off 0.24606385428580566	false	1.0
verlangsamung	neg 1.0		__DUMMY__ 0.4631335612096041 neg 0.2769213725893942 off 0.2599450662010017	false	1.0
ausgestorben	neg 1.0		__DUMMY__ 0.47062144729049515 neg 0.28308999328587586 off 0.24628855942362912	false	1.0
anklagen	neg 1.0		__DUMMY__ 0.4687515432321042 neg 0.28720603464490274 off 0.2440424221229931	false	1.0
trott	neg 1.0		__DUMMY__ 0.47048939648083854 neg 0.2833202971124081 off 0.24619030640675346	false	1.0
verminderung	neg 1.0		__DUMMY__ 0.4658529512837311 neg 0.27994563812939494 off 0.254201410586874	false	1.0
nach			__DUMMY__ 0.47814050044784157 neg 0.28312287819771986 off 0.23873662135443854	false	0.0
rost	neg 1.0		__DUMMY__ 0.46358700695349986 neg 0.2779161639306999 off 0.25849682911580024	false	1.0
destruktiv	neg 1.0		__DUMMY__ 0.4665485953998765 neg 0.2885795603561155 off 0.2448718442440081	false	1.0
unzumutbarkeit	neg 1.0		__DUMMY__ 0.46957752309173917 neg 0.27783448363894114 off 0.2525879932693196	false	1.0
labil	off 1.0	off 1.0	off 0.6129507603955872 __DUMMY__ 0.22705841837405155 neg 0.15999082123036137	false	1.0
ziemlich	neg 1.0		__DUMMY__ 0.4686662984773176 neg 0.277384039049578 off 0.25394966247310446	false	1.0
lachnummer	off 1.0		__DUMMY__ 0.46835913675894325 neg 0.2857463774994684 off 0.24589448574158826	false	0.5
oder			__DUMMY__ 0.4714529102629005 neg 0.28080423692684414 off 0.2477428528102553	false	0.0
verfall	neg 1.0		__DUMMY__ 0.47157866108128776 neg 0.2931688180080161 off 0.23525252091069607	false	1.0
ausgrenzung	neg 1.0		__DUMMY__ 0.465787127280126 neg 0.2873049104374018 off 0.24690796228247225	false	1.0
unordnung	neg 1.0		__DUMMY__ 0.46958731259552267 neg 0.27684880298783876 off 0.25356388441663863	false	1.0
fehlverhalten	neg 1.0		__DUMMY__ 0.4694735968160034 neg 0.2898764170501094 off 0.2406499861338871	false	1.0
eine			__DUMMY__ 0.471468004490421 neg 0.2879044831417561 off 0.2406275123678228	false	0.0
nille	neg 1.0		__DUMMY__ 0.46996645423270245 neg 0.28477164366112007 off 0.24526190210617752	false	1.0
qual	neg 1.0		__DUMMY__ 0.4700784706922264 neg 0.2841460658082049 off 0.24577546349956877	false	1.0
verschwenden	neg 1.0		__DUMMY__ 0.46937956070619175 neg 0.28782438308079566 off 0.24279605621301248	false	1.0
riesig	neg 1.0	neg 1.0	neg 0.6312726025982083 __DUMMY__ 0.2304014120172412 off 0.13832598538455043	false	1.0
verurteilen	neg 1.0		__DUMMY__ 0.46809450944665676 neg 0.28872707325847113 off 0.24317841729487202	false	1.0
klischee	neg 1.0	neg 1.0	neg 0.6312779193047119 __DUMMY__ 0.22671386971762686 off 0.14200821097766123	false	1.0
diktatorisch	neg 1.0		__DUMMY__ 0.4647511550384944 neg 0.2889810120755412 off 0.2462678328859644	false	1.0
vorhersehbar	neg 1.0	neg 1.0	neg 0.6309592334239834 __DUMMY__ 0.22729008780604282 off 0.1417506787699737	false	1.0
sowie			__DUMMY__ 0.4643522136808024 neg 0.27737248474404536 off 0.25827530157515227	false	0.0
stornieren	neg 1.0		__DUMMY__ 0.47397280379942586 neg 0.2767953195327002 off 0.24923187666787394	false	1.0
besteuerung	neg 1.0		__DUMMY__ 0.4665194470598216 neg 0.28734644054239794 off 0.2461341123977803	false	1.0
ungeschminkt	neg 1.0		__DUMMY__ 0.46662964140814445 neg 0.27997986397275254 off 0.253390494619103	false	1.0
kritisch	neg 1.0		__DUMMY__ 0.46925307243168685 neg 0.2888282862245516 off 0.2419186413437617	false	1.0
schlamperei	off 1.0		__DUMMY__ 0.46932503329949526 neg 0.29006654461583103 off 0.2406084220846738	false	0.5
sucht	neg 1.0	neg 1.0	neg 0.6301048930150923 __DUMMY__ 0.22960116777370107 off 0.14029393921120661	false	1.0
egoistisch	off 1.0		__DUMMY__ 0.46504276259069816 neg 0.27569613938384907 off 0.2592610980254527	false	0.5
ausbeuter	off 1.0		__DUMMY__ 0.46822974146376795 neg 0.29179327990319104 off 0.23997697863304104	false	0.5
arschgeburt	off 1.0		__DUMMY__ 0.4598811084756821 neg 0.27261158671027713 off 0.2675073048140408	false	0.5
schubs	neg 1.0	neg 1.0	neg 0.6301278897254199 __DUMMY__ 0.23063353843520545 off 0.13923857183937466	false	1.0
unsolide	neg 1.0		__DUMMY__ 0.4626739622783747 neg 0.29123263980622793 off 0.24609339791539742	false	1.0
beschwerde	neg 1.0		__DUMMY__ 0.46940621121636505 neg 0.28970680964045914 off 0.24088697914317583	false	1.0
stocken	neg 1.0		__DUMMY__ 0.47012565560401215 neg 0.28798509915297926 off 0.24188924524300864	false	1.0
isolieren	neg 1.0		__DUMMY__ 0.46873460515844495 neg 0.2885235146131275 off 0.24274188022842758	false	1.0
unheilbar	neg 1.0		__DUMMY__ 0.46958614128020437 neg 0.2832496709643505 off 0.2471641877554452	false	1.0
pisser	off 1.0		__DUMMY__ 0.4670642114661125 neg 0.278123293760579 off 0.2548124947733086	false	0.5
löschen	neg 1.0		__DUMMY__ 0.4694156499687224 neg 0.28426583245649545 off 0.24631851757478213	false	1.0
durchfallen	neg 1.0		__DUMMY__ 0.4682668737045508 neg 0.28852702996566604 off 0.24320609632978327	false	1.0
wichser	off 1.0		__DUMMY__ 0.46331409290063924 neg 0.2721097328751106 off 0.26457617422425006	false	0.5
terror	neg 1.0		__DUMMY__ 0.4703796703529412 neg 0.27928724130215365 off 0.25033308834490514	false	1.0
krass	neg 1.0		__DUMMY__ 0.4660703439591548 neg 0.2766941750928832 off 0.257235480947962	false	1.0
revolte	neg 1.0		__DUMMY__ 0.46622623764072896 neg 0.2859205077859909 off 0.24785325457328014	false	1.0
besorgt	neg 1.0		__DUMMY__ 0.47239495338140913 neg 0.28254366111053736 off 0.24506138550805337	false	1.0
nachlassen	neg 1.0		__DUMMY__ 0.47018425000855657 neg 0.288396693174811 off 0.24141905681663242	false	1.0
alt	neg 1.0		__DUMMY__ 0.4707941910511785 neg 0.28619332581448026 off 0.24301248313434137	false	1.0
hundesohn	off 1.0		__DUMMY__ 0.4622255188829536 neg 0.27567428098548846 off 0.2621002001315578	false	0.5
als			__DUMMY__ 0.47189749720908053 neg 0.28290366116108906 off 0.24519884162983044	false	0.0
abschreckung	neg 1.0		__DUMMY__ 0.47043078865827614 neg 0.29038472677818683 off 0.239184484563537	false	1.0
unqualifiziert	neg 1.0		__DUMMY__ 0.4649658499572309 neg 0.2859925421643499 off 0.24904160787841925	false	1.0
abgewichst	off 1.0		__DUMMY__ 0.4703350420609005 neg 0.2850461809621353 off 0.2446187769769641	false	0.5
schwer	neg 1.0		__DUMMY__ 0.4699621648935214 neg 0.283388553128931 off 0.24664928197754757	false	1.0
bedeutungslosigkeit	neg 1.0		__DUMMY__ 0.47002054900147594 neg 0.28977882737158606 off 0.24020062362693803	false	1.0
kapitulation	neg 1.0		__DUMMY__ 0.4671653494897966 neg 0.292044414189766 off 0.2407902363204375	false	1.0
unscharf	neg 1.0		__DUMMY__ 0.46916007136293847 neg 0.28133192929955353 off 0.24950799933750786	false	1.0
schwinden	neg 1.0		__DUMMY__ 0.4699871296428343 neg 0.2900232130637936 off 0.23998965729337218	false	1.0
versklavung	neg 1.0		__DUMMY__ 0.4645254348611347 neg 0.2898101138078571 off 0.24566445133100828	false	1.0
schlecht	neg 1.0		__DUMMY__ 0.4687424723914046 neg 0.2771650584756473 off 0.25409246913294814	false	1.0
verhasst	neg 1.0		__DUMMY__ 0.46792988604647295 neg 0.2847443076694697 off 0.2473258062840573	false	1.0
beschweren	neg 1.0		__DUMMY__ 0.4688860560848671 neg 0.2823448988662472 off 0.2487690450488857	false	1.0
scheiden	neg 1.0		__DUMMY__ 0.47429224371849343 neg 0.2768778675464989 off 0.2488298887350078	false	1.0
frustriert	neg 1.0		__DUMMY__ 0.47023709685042353 neg 0.28432305020951226 off 0.24543985294006437	false	1.0
schimmelig	neg 1.0		__DUMMY__ 0.4720248468637914 neg 0.28528032012369614 off 0.24269483301251257	false	1.0
fisch	neg 1.0		__DUMMY__ 0.4757544611532399 neg 0.2816750697180548 off 0.2425704691287055	false	1.0
schmuggel	neg 1.0		__DUMMY__ 0.4732096187616258 neg 0.2854766031585946 off 0.24131377807977966	false	1.0
auffallen	neg 1.0		__DUMMY__ 0.46937364743802373 neg 0.2807787545110456 off 0.24984759805093076	false	1.0
konkurrenz	neg 1.0	neg 1.0	neg 0.6334551394617904 __DUMMY__ 0.2303648673632387 off 0.13617999317497076	false	1.0
teufelskreis	neg 1.0	neg 1.0	neg 0.6327785198644851 __DUMMY__ 0.22793323620242334 off 0.13928824393309172	false	1.0
aufschreien	neg 1.0		__DUMMY__ 0.46746757721380894 neg 0.2836195483336989 off 0.24891287445249222	false	1.0
schuldner	neg 1.0		__DUMMY__ 0.47055626002246465 neg 0.2888956708042549 off 0.2405480691732804	false	1.0
missgeburt	off 1.0	off 1.0	off 0.6169198609959337 __DUMMY__ 0.2259743052024528 neg 0.15710583380161364	false	1.0
arbeitslos	neg 1.0		__DUMMY__ 0.46849348851066236 neg 0.28788986183034054 off 0.24361664965899715	false	1.0
befallen	neg 1.0		__DUMMY__ 0.4669152083615217 neg 0.28984240393068134 off 0.24324238770779683	false	1.0
miesepetrig	off 1.0	off 1.0	off 0.6142418936211843 __DUMMY__ 0.22812781257764383 neg 0.15763029380117177	false	1.0
alarmieren	neg 1.0		__DUMMY__ 0.4660128720821087 neg 0.283171183803062 off 0.25081594411482944	false	1.0
ungeduscht	off 1.0		__DUMMY__ 0.4698601954196492 neg 0.27870715544592645 off 0.25143264913442426	false	0.5
knappheit	neg 1.0		__DUMMY__ 0.46779320198191965 neg 0.29106391872591325 off 0.24114287929216713	false	1.0
schlange	neg 1.0		__DUMMY__ 0.4721691049296073 neg 0.27787677768716246 off 0.24995411738323012	false	1.0
harsch	neg 1.0		__DUMMY__ 0.468322341245417 neg 0.27289883259803766 off 0.25877882615654524	false	1.0
lang	neg 1.0		__DUMMY__ 0.4696147724696285 neg 0.28342460762129856 off 0.246960619909073	false	1.0
ziellos	neg 1.0		__DUMMY__ 0.47199969246739554 neg 0.2835803052988054 off 0.24442000223379898	false	1.0
selbstverliebt	neg 1.0		__DUMMY__ 0.46060170644554077 neg 0.27477804710932346 off 0.2646202464451359	false	1.0
beseitigen	neg 1.0	neg 1.0	neg 0.6300428841653838 __DUMMY__ 0.23009780835685062 off 0.13985930747776557	false	1.0
dumm	off 1.0		__DUMMY__ 0.46410540243024984 neg 0.27574530279828013 off 0.26014929477147003	false	0.5
arbeitsloser	neg 1.0		__DUMMY__ 0.4707083056291193 neg 0.28591510747491694 off 0.24337658689596375	false	1.0
blitzen	neg 1.0		__DUMMY__ 0.46830457343701154 neg 0.28161322993267196 off 0.25008219663031644	false	1.0
hilflos	neg 1.0		__DUMMY__ 0.47003349926495336 neg 0.2852201849737417 off 0.24474631576130515	false	1.0
eklig	off 1.0		__DUMMY__ 0.4642277691929529 neg 0.2747665293484273 off 0.26100570145861973	false	0.5
begriff			__DUMMY__ 0.4682039067265466 neg 0.2872711757607686 off 0.24452491751268468	false	0.0
hungersnot	neg 1.0		__DUMMY__ 0.46967151488880415 neg 0.28608711215956406 off 0.2442413729516319	false	1.0
ungesetzlich	neg 1.0		__DUMMY__ 0.4630627994026035 neg 0.29044604672509877 off 0.24649115387229795	false	1.0
verschwendung	neg 1.0		__DUMMY__ 0.47003705456918654 neg 0.2884800345770575 off 0.24148291085375606	false	1.0
schmerzvoll	neg 1.0		__DUMMY__ 0.46927027506618807 neg 0.2818760230981076 off 0.2488537018357043	false	1.0
vorzeitig	neg 1.0		__DUMMY__ 0.4700705953996475 neg 0.27922905152274163 off 0.25070035307761085	false	1.0
unvollkommenheit	neg 1.0		__DUMMY__ 0.4729070776427656 neg 0.28236170300121977 off 0.2447312193560146	false	1.0
intervenieren	neg 1.0		__DUMMY__ 0.46830036045627954 neg 0.2913071897196208 off 0.24039244982409977	false	1.0
banause	off 1.0		__DUMMY__ 0.4625178675302236 neg 0.27456513082650286 off 0.2629170016432735	false	0.5
rebell	neg 1.0		__DUMMY__ 0.47211918334773645 neg 0.2898340531571634 off 0.2380467634951001	false	1.0
unlogisch	neg 1.0		__DUMMY__ 0.4662392587032793 neg 0.27744335832281247 off 0.25631738297390816	false	1.0
leiden	neg 1.0		__DUMMY__ 0.47560075942666924 neg 0.2813938037218349 off 0.24300543685149592	false	1.0
abschaffung	neg 1.0		__DUMMY__ 0.4671013942297543 neg 0.28672273990699704 off 0.24617586586324872	false	1.0
sturz	neg 1.0		__DUMMY__ 0.4708377936955276 neg 0.2822357066571643 off 0.24692649964730815	false	1.0
verkleinerung	neg 1.0		__DUMMY__ 0.4654742989718334 neg 0.28578280925979244 off 0.24874289176837422	false	1.0
schmarotzer	off 1.0		__DUMMY__ 0.46761915880772925 neg 0.28929760313670455 off 0.2430832380555662	false	0.5
bestrafung	neg 1.0		__DUMMY__ 0.46805890941776185 neg 0.2841954600296066 off 0.24774563055263157	false	1.0
achtlos	neg 1.0		__DUMMY__ 0.4709961499280428 neg 0.2820405033036798 off 0.24696334676827736	false	1.0
ungeheuer	neg 1.0		__DUMMY__ 0.47006840883045486 neg 0.27916009755489735 off 0.25077149361464773	false	1.0
unaufrichtig	neg 1.0		__DUMMY__ 0.4654882180419684 neg 0.28680765656207313 off 0.24770412539595846	false	1.0
groggy	neg 1.0		__DUMMY__ 0.4676092148688307 neg 0.2831703171719301 off 0.24922046795923933	false	1.0
verletzlich	neg 1.0		__DUMMY__ 0.4670587768593961 neg 0.27805926731899305 off 0.2548819558216107	false	1.0
