unsolidarisch	neg 1.0		neg 0.519482481143017 off 0.4392367284010958 __DUMMY__ 0.04128079045588732	false	1.0
nachteilig	neg 1.0		neg 0.5192881021395546 off 0.4388883286966674 __DUMMY__ 0.0418235691637781	false	1.0
skeptisch	neg 1.0		neg 0.5193528127522096 off 0.43872865511979564 __DUMMY__ 0.04191853212799475	false	1.0
schrecklich	neg 1.0		neg 0.5031618504960632 off 0.45529931260542766 __DUMMY__ 0.041538836898509	false	1.0
schlapp	neg 1.0		neg 0.5068069855370547 off 0.45141321583967337 __DUMMY__ 0.04177979862327191	false	1.0
abfall	neg 1.0		neg 0.5224499188471888 off 0.4355783276590197 __DUMMY__ 0.041971753493791494	false	1.0
widerspenstig	neg 1.0		neg 0.5136315615107495 off 0.44456889159398155 __DUMMY__ 0.04179954689526892	false	1.0
abrupt	neg 1.0		neg 0.5161516527902661 off 0.44169632750397403 __DUMMY__ 0.04215201970575989	false	1.0
unwirksam	neg 1.0		neg 0.5167596152566772 off 0.44171889003684045 __DUMMY__ 0.0415214947064823	false	1.0
angreifen	neg 1.0	neg 1.0	neg 0.7466573690997842 off 0.23334978372511428 __DUMMY__ 0.019992847175101504	false	1.0
inkonsistent	neg 1.0		neg 0.5123264336535781 off 0.44585645789221906 __DUMMY__ 0.041817108454202744	false	1.0
abrutschen	neg 1.0		neg 0.5216121337064612 off 0.4363815410747424 __DUMMY__ 0.042006325218796374	false	1.0
unsicher	neg 1.0		neg 0.5127244824748787 off 0.44538567503120596 __DUMMY__ 0.04188984249391541	false	1.0
bauernkind	off 1.0	off 1.0	off 0.7109076446239032 neg 0.26941208180155046 __DUMMY__ 0.019680273574546256	false	1.0
angreifer	neg 1.0		neg 0.5108280586736823 off 0.44725332055556205 __DUMMY__ 0.04191862077075576	false	1.0
trennen	neg 1.0		neg 0.514393721149632 off 0.443317088659162 __DUMMY__ 0.042289190191206014	false	1.0
schmutz	neg 1.0		neg 0.5076103894465156 off 0.45020997706153154 __DUMMY__ 0.042179633491952764	false	1.0
inkonsistenz	neg 1.0		neg 0.5117209613666795 off 0.4468386616607226 __DUMMY__ 0.04144037697259776	false	1.0
erschreckend	neg 1.0		neg 0.5158072405680035 off 0.4424472021877786 __DUMMY__ 0.04174555724421795	false	1.0
ertrinken	neg 1.0		neg 0.5162592294743599 off 0.4417190332522702 __DUMMY__ 0.04202173727337009	false	1.0
pickelface	off 1.0		neg 0.5162649473214649 off 0.44191347357405836 __DUMMY__ 0.04182157910447669	false	0.5
seiner			neg 0.5176315429070584 off 0.4403388827256573 __DUMMY__ 0.04202957436728447	false	0.0
lauch	neg 1.0		neg 0.5226895320523343 off 0.43542288170953125 __DUMMY__ 0.04188758623813442	false	1.0
unwichtig	neg 1.0		neg 0.5093627652951108 off 0.44905498944240135 __DUMMY__ 0.041582245262487876	false	1.0
steuerhinterziehung	neg 1.0		neg 0.5181849096123596 off 0.4401993654836697 __DUMMY__ 0.041615724903970815	false	1.0
schock	neg 1.0		neg 0.5117806776762369 off 0.44611499355567086 __DUMMY__ 0.04210432876809234	false	1.0
beule	neg 1.0		neg 0.5060750861562963 off 0.45211650955157023 __DUMMY__ 0.0418084042921335	false	1.0
vergelten	neg 1.0		neg 0.5028298503652388 off 0.45539043875227375 __DUMMY__ 0.04177971088248739	false	1.0
verdorbenheit	neg 1.0		neg 0.5124080010251277 off 0.44560578989515837 __DUMMY__ 0.04198620907971384	false	1.0
trauma	neg 1.0		neg 0.5127180222814294 off 0.4455091739871168 __DUMMY__ 0.04177280373145386	false	1.0
sinnlos	neg 1.0		neg 0.5101921226815069 off 0.4479755337638188 __DUMMY__ 0.0418323435546742	false	1.0
fettsack	off 1.0	off 1.0	off 0.7128569901488727 neg 0.2673818792160408 __DUMMY__ 0.019761130635086523	false	1.0
feige	off 1.0	off 1.0	off 0.7088127340198923 neg 0.2714159622940889 __DUMMY__ 0.019771303686018798	false	1.0
abdanken	neg 1.0		neg 0.5167373246554621 off 0.44161836631982593 __DUMMY__ 0.04164430902471187	false	1.0
wichtigtuer	off 1.0	off 1.0	off 0.7073455736091316 neg 0.2728028075740653 __DUMMY__ 0.019851618816803106	false	1.0
misslingen	neg 1.0		neg 0.5090294105675905 off 0.44882737874626805 __DUMMY__ 0.04214321068614133	false	1.0
untreu	off 1.0		neg 0.5084225070662535 off 0.45006815643279846 __DUMMY__ 0.04150933650094801	false	0.5
missmutig	neg 1.0		neg 0.5085803561979819 off 0.4497710013610406 __DUMMY__ 0.041648642440977574	false	1.0
hurenbock	off 1.0		neg 0.5108064271691043 off 0.4472904524987667 __DUMMY__ 0.04190312033212921	false	0.5
betrunken	neg 1.0		neg 0.5033534559112502 off 0.45485116195179487 __DUMMY__ 0.04179538213695503	false	1.0
korrupt	off 1.0		neg 0.5210134559076007 off 0.4375556971671383 __DUMMY__ 0.041430846925260945	false	0.5
unmut	neg 1.0		neg 0.5224564678898417 off 0.4355902468170601 __DUMMY__ 0.04195328529309828	false	1.0
hackfresse	off 1.0		neg 0.5008801545264037 off 0.45781839040604916 __DUMMY__ 0.041301455067547156	false	0.5
aufblasen	neg 1.0		neg 0.5101789325503827 off 0.44786786225125635 __DUMMY__ 0.04195320519836082	false	1.0
gewaltsam	neg 1.0		neg 0.5145082056527086 off 0.4436408565072087 __DUMMY__ 0.041850937840082834	false	1.0
unbeliebtheit	neg 1.0		neg 0.5146203898887971 off 0.44424673945515186 __DUMMY__ 0.04113287065605102	false	1.0
sturheit	neg 1.0		neg 0.5166655079088295 off 0.44166281456234047 __DUMMY__ 0.04167167752883005	false	1.0
kuh	neg 1.0		neg 0.5143182311468252 off 0.4440373251708269 __DUMMY__ 0.04164444368234794	false	1.0
erschrecken	neg 1.0		neg 0.5084137876196085 off 0.4498281344439918 __DUMMY__ 0.041758077936399705	false	1.0
opfer	neg 1.0		neg 0.5172048481178173 off 0.4408692077615351 __DUMMY__ 0.0419259441206476	false	1.0
sinken	neg 1.0		neg 0.5207154637047133 off 0.43724506309324074 __DUMMY__ 0.042039473202045805	false	1.0
stinktier	neg 1.0		neg 0.5041687447895908 off 0.45446363388407357 __DUMMY__ 0.041367621326335466	false	1.0
tucke	off 1.0		neg 0.5032306193747337 off 0.45576942244211865 __DUMMY__ 0.040999958183147646	false	0.5
ein			neg 0.5107000584863882 off 0.4473174173758856 __DUMMY__ 0.04198252413772617	false	0.0
abstieg	neg 1.0		neg 0.5162059895192634 off 0.44166030609581264 __DUMMY__ 0.04213370438492385	false	1.0
missverstehen	neg 1.0		neg 0.5124115536132742 off 0.4460037730061999 __DUMMY__ 0.04158467338052596	false	1.0
ergebnislos	neg 1.0		neg 0.5184278459502315 off 0.43964033754665643 __DUMMY__ 0.0419318165031121	false	1.0
unter			neg 0.5219159318377095 off 0.43552354927164155 __DUMMY__ 0.0425605188906489	false	0.0
manipulieren	neg 1.0		neg 0.5202111516425383 off 0.4379566804857665 __DUMMY__ 0.04183216787169518	false	1.0
unbewiesen	neg 1.0		neg 0.519877875587945 off 0.4389146027814215 __DUMMY__ 0.041207521630633404	false	1.0
verschleppen	neg 1.0		neg 0.5173723336993814 off 0.440798987396659 __DUMMY__ 0.04182867890395963	false	1.0
weib	off 1.0		neg 0.5010590333815479 off 0.45765160266732663 __DUMMY__ 0.0412893639511255	false	0.5
opposition	neg 1.0		neg 0.5134792760943956 off 0.44492685638197266 __DUMMY__ 0.04159386752363187	false	1.0
verkehrswidrig	neg 1.0	neg 1.0	neg 0.7353795698571407 off 0.24446882207285212 __DUMMY__ 0.020151608070007092	false	1.0
inkorrekt	neg 1.0		neg 0.50989694723294 off 0.44888921795347964 __DUMMY__ 0.04121383481358047	false	1.0
vermeiden	neg 1.0		neg 0.522579158430949 off 0.43522108122926645 __DUMMY__ 0.04219976033978454	false	1.0
abweichung	neg 1.0		neg 0.5183379158660405 off 0.4397881429180759 __DUMMY__ 0.04187394121588379	false	1.0
alkoholisiert	neg 1.0		neg 0.5134434028221195 off 0.44410252495963826 __DUMMY__ 0.04245407221824232	false	1.0
scheiss	off 1.0	off 1.0	off 0.7105413375173854 neg 0.26953406914996514 __DUMMY__ 0.019924593332649596	false	1.0
herausforderung	neg 1.0	neg 1.0	neg 0.7431201354278475 off 0.23653487282422245 __DUMMY__ 0.020344991747930155	false	1.0
pervers	off 1.0		neg 0.4976792828416789 off 0.4611192799895495 __DUMMY__ 0.041201437168771574	false	0.5
wackelig	neg 1.0		neg 0.5124797414634049 off 0.44528251540511327 __DUMMY__ 0.04223774313148185	false	1.0
verwickeln	neg 1.0		neg 0.5127776230594724 off 0.4456567816184202 __DUMMY__ 0.04156559532210749	false	1.0
vorwand	neg 1.0		neg 0.5203964468669537 off 0.43768925098266515 __DUMMY__ 0.04191430215038118	false	1.0
muschi	off 1.0		neg 0.5154803116723042 off 0.4426754482419516 __DUMMY__ 0.04184424008574411	false	0.5
entmutigung	neg 1.0		neg 0.51520002277133 off 0.4433154213239701 __DUMMY__ 0.04148455590469984	false	1.0
unangemessen	neg 1.0		neg 0.5173869680827714 off 0.4409071905206516 __DUMMY__ 0.04170584139657694	false	1.0
unstetig	neg 1.0		neg 0.5107830220560341 off 0.4472674511129537 __DUMMY__ 0.0419495268310122	false	1.0
entmutigen	neg 1.0		neg 0.5123007672822888 off 0.44593827401212094 __DUMMY__ 0.04176095870559022	false	1.0
schwanz	neg 1.0		neg 0.5179940327867766 off 0.4400083993152702 __DUMMY__ 0.041997567897953336	false	1.0
verbot	neg 1.0		neg 0.5191161659804173 off 0.43923141635376944 __DUMMY__ 0.041652417665813256	false	1.0
leid	neg 1.0		neg 0.502101900306055 off 0.4564083912420738 __DUMMY__ 0.04148970845187134	false	1.0
archaisch	neg 1.0		neg 0.516444745611459 off 0.44174282265162146 __DUMMY__ 0.04181243173691951	false	1.0
gegen			neg 0.5191410909060089 off 0.4387306620903117 __DUMMY__ 0.04212824700367942	false	0.0
scheidung	neg 1.0		neg 0.4930292617324398 off 0.46574858943827363 __DUMMY__ 0.04122214882928653	false	1.0
einschlag	neg 1.0	neg 1.0	neg 0.7381765080938422 off 0.24191314165508299 __DUMMY__ 0.019910350251074887	false	1.0
m			neg 0.5144990408919521 off 0.44347448919464466 __DUMMY__ 0.04202646991340321	false	0.0
abgestanden	neg 1.0		neg 0.5108173690262505 off 0.44721397233151433 __DUMMY__ 0.04196865864223505	false	1.0
schmierig	off 1.0		neg 0.5024522701139897 off 0.4560238119663864 __DUMMY__ 0.041523917919623905	false	0.5
unpraktisch	neg 1.0		neg 0.5096180064553587 off 0.4483312887529588 __DUMMY__ 0.04205070479168234	false	1.0
wixxer	off 1.0		neg 0.49846109803027816 off 0.4603856059342461 __DUMMY__ 0.04115329603547577	false	0.5
bezeichnet			neg 0.5153341474578563 off 0.44295462483741266 __DUMMY__ 0.04171122770473102	false	0.0
jammerlappen	off 1.0		neg 0.5089550258959628 off 0.4494424951417938 __DUMMY__ 0.04160247896224349	false	0.5
farce	neg 1.0		neg 0.5188113334193554 off 0.4396145070307391 __DUMMY__ 0.041574159549905475	false	1.0
zwecklos	neg 1.0		neg 0.5172711945245553 off 0.4410043417462352 __DUMMY__ 0.04172446372920951	false	1.0
turbulent	neg 1.0		neg 0.5092230177612784 off 0.44927133073966335 __DUMMY__ 0.041505651499058105	false	1.0
invasion	neg 1.0		neg 0.5100052516977044 off 0.4481558553604401 __DUMMY__ 0.041838892941855624	false	1.0
schuld	neg 1.0		neg 0.5132284013300105 off 0.44503859021882747 __DUMMY__ 0.04173300845116203	false	1.0
risiko	neg 1.0		neg 0.5122466619933004 off 0.4458411283053923 __DUMMY__ 0.041912209701307324	false	1.0
finster	neg 1.0		neg 0.5111920233300942 off 0.44690950220279174 __DUMMY__ 0.041898474467114075	false	1.0
geisteskrank	off 1.0		neg 0.5087991616666252 off 0.4498069992294181 __DUMMY__ 0.041393839103956706	false	0.5
zusammenbrechen	neg 1.0		neg 0.5143386929439254 off 0.44372464556240937 __DUMMY__ 0.04193666149366522	false	1.0
ausbeute	neg 1.0		neg 0.5148251896404175 off 0.4428835380578697 __DUMMY__ 0.042291272301712875	false	1.0
hinterhalt	neg 1.0		neg 0.5135514419284756 off 0.4443822340737428 __DUMMY__ 0.042066323997781666	false	1.0
kritik	neg 1.0		neg 0.5187305303881595 off 0.4396637741183972 __DUMMY__ 0.04160569549344308	false	1.0
einschrumpfen	neg 1.0		neg 0.5130420696042871 off 0.44549458011319437 __DUMMY__ 0.041463350282518505	false	1.0
riskant	neg 1.0		neg 0.5184890785608666 off 0.43968115585081585 __DUMMY__ 0.041829765588317726	false	1.0
frustrieren	neg 1.0		neg 0.5176552455523608 off 0.4404610350532796 __DUMMY__ 0.04188371939435955	false	1.0
groll	neg 1.0		neg 0.5166495280348841 off 0.4415255959696928 __DUMMY__ 0.04182487599542318	false	1.0
gibt			neg 0.5154056556066622 off 0.44271464998233606 __DUMMY__ 0.041879694411001825	false	0.0
qualvoll	neg 1.0		neg 0.5088160926863654 off 0.4493616040817428 __DUMMY__ 0.041822303231891796	false	1.0
wackeln	neg 1.0	neg 1.0	neg 0.7414487321767711 off 0.23843756932706783 __DUMMY__ 0.020113698496161056	false	1.0
klagen	neg 1.0		neg 0.5212440399717727 off 0.4367529141544808 __DUMMY__ 0.042003045873746515	false	1.0
bankrott	neg 1.0		neg 0.5088194070477816 off 0.44943128393547155 __DUMMY__ 0.04174930901674685	false	1.0
trauern	neg 1.0		neg 0.5162313885715328 off 0.44172442480774327 __DUMMY__ 0.04204418662072382	false	1.0
ablehnung	neg 1.0		neg 0.5184815036346367 off 0.4398942940843513 __DUMMY__ 0.041624202281012025	false	1.0
stur	neg 1.0		neg 0.51292787146516 off 0.4453911837169736 __DUMMY__ 0.04168094481786638	false	1.0
aufruhr	neg 1.0		neg 0.5146742767880383 off 0.44347751786509926 __DUMMY__ 0.04184820534686234	false	1.0
melancholie	neg 1.0		neg 0.514451830275997 off 0.44349891208300474 __DUMMY__ 0.04204925764099828	false	1.0
ist			neg 0.5111801688061548 off 0.44701301079933603 __DUMMY__ 0.041806820394509246	false	0.0
torheit	neg 1.0		neg 0.5156643912911764 off 0.4428117904735104 __DUMMY__ 0.04152381823531329	false	1.0
dreckskind	off 1.0		neg 0.5029954158435007 off 0.45570083223153296 __DUMMY__ 0.04130375192496625	false	0.5
umtauschen	neg 1.0		neg 0.512482275830521 off 0.4455559398101443 __DUMMY__ 0.04196178435933485	false	1.0
zum			neg 0.5177528397702315 off 0.439605611357234 __DUMMY__ 0.04264154887253451	false	0.0
zersetzen	neg 1.0		neg 0.5212246651553143 off 0.437030832902122 __DUMMY__ 0.04174450194256358	false	1.0
zur			neg 0.5218385174005569 off 0.4358181900975889 __DUMMY__ 0.04234329250185425	false	0.0
frust	neg 1.0		neg 0.5144582656226313 off 0.44359417796298173 __DUMMY__ 0.04194755641438689	false	1.0
unerbittlichkeit	neg 1.0		neg 0.5203877930404883 off 0.43780337837693173 __DUMMY__ 0.041808828582579914	false	1.0
zwei			neg 0.5165700937945247 off 0.44095337990390954 __DUMMY__ 0.042476526301565704	false	0.0
unkorrekt	neg 1.0		neg 0.5089747882001011 off 0.4498019209722936 __DUMMY__ 0.04122329082760534	false	1.0
hexe	off 1.0		neg 0.5075665749117197 off 0.4507999948416158 __DUMMY__ 0.041633430246664424	false	0.5
lasch	neg 1.0		neg 0.5118835111866691 off 0.44663288289952524 __DUMMY__ 0.04148360591380566	false	1.0
rivale	neg 1.0		neg 0.5052190685159471 off 0.45317610032046884 __DUMMY__ 0.041604831163583975	false	1.0
mutlos	off 1.0	off 1.0	off 0.7031426228375468 neg 0.2769662637848019 __DUMMY__ 0.019891113377651308	false	1.0
wirr	off 1.0		neg 0.5080656105350967 off 0.45066644869640915 __DUMMY__ 0.04126794076849421	false	0.5
jahr			neg 0.5149314951427291 off 0.4426695571890802 __DUMMY__ 0.04239894766819079	false	0.0
wird			neg 0.5160382336896593 off 0.44197227033610087 __DUMMY__ 0.04198949597423984	false	0.0
strafbar	neg 1.0		neg 0.5190966230966895 off 0.439142255330835 __DUMMY__ 0.04176112157247547	false	1.0
erosion	neg 1.0		neg 0.511698440044771 off 0.4463786945708293 __DUMMY__ 0.041922865384399675	false	1.0
eingehen	neg 1.0		neg 0.5183763096627115 off 0.43991331367762737 __DUMMY__ 0.041710376659661014	false	1.0
faul	off 1.0		neg 0.5075119985818437 off 0.45066100518952035 __DUMMY__ 0.041826996228635914	false	0.5
provisorium	neg 1.0		neg 0.5237044694862225 off 0.4338770476824189 __DUMMY__ 0.04241848283135858	false	1.0
schmerzen	neg 1.0		neg 0.5127948620318163 off 0.4453191617387294 __DUMMY__ 0.04188597622945439	false	1.0
schrumpfen	neg 1.0		neg 0.5246204501504479 off 0.4333574567804032 __DUMMY__ 0.04202209306914877	false	1.0
geistlos	off 1.0		neg 0.5160981467859117 off 0.4426676142442779 __DUMMY__ 0.041234238969810495	false	0.5
fehlkauf	neg 1.0		neg 0.5126099721878428 off 0.4457090684646404 __DUMMY__ 0.04168095934751681	false	1.0
frustrierend	neg 1.0		neg 0.5078394657523584 off 0.4503239038490159 __DUMMY__ 0.04183663039862577	false	1.0
unzufrieden	neg 1.0		neg 0.5170395213971151 off 0.4411963153305812 __DUMMY__ 0.04176416327230362	false	1.0
verzweifeln	neg 1.0		neg 0.5137434745018773 off 0.44439232050552724 __DUMMY__ 0.041864204992595605	false	1.0
verzweifelt	neg 1.0		neg 0.5123873075850459 off 0.4458914516063845 __DUMMY__ 0.04172124080856953	false	1.0
misstrauensantrag	neg 1.0		neg 0.5118873050336923 off 0.446448368493524 __DUMMY__ 0.041664326472783696	false	1.0
abfallen	neg 1.0		neg 0.509649523393809 off 0.4483355733364492 __DUMMY__ 0.04201490326974182	false	1.0
fucker	off 1.0		neg 0.5072460583024443 off 0.45126223617831646 __DUMMY__ 0.04149170551923936	false	0.5
ungezogen	neg 1.0		neg 0.49832462476216066 off 0.4603176649641761 __DUMMY__ 0.04135771027366322	false	1.0
irrsinnig	neg 1.0	neg 1.0	neg 0.7431451003811006 off 0.23694467545529654 __DUMMY__ 0.01991022416360285	false	1.0
unfassbar	neg 1.0		neg 0.5079925299931096 off 0.45041329961294924 __DUMMY__ 0.041594170393941185	false	1.0
hart	neg 1.0		neg 0.5097044973805128 off 0.4485875107057924 __DUMMY__ 0.041707991913694765	false	1.0
widerlich	off 1.0		neg 0.5087468011888168 off 0.4498495905168472 __DUMMY__ 0.04140360829433592	false	0.5
fatal	neg 1.0		neg 0.5119117673104784 off 0.4463761339821992 __DUMMY__ 0.041712098707322495	false	1.0
bruch	neg 1.0		neg 0.5216170906690264 off 0.4364433779316585 __DUMMY__ 0.04193953139931503	false	1.0
aushungern	neg 1.0		neg 0.5179089799346751 off 0.4405231034737487 __DUMMY__ 0.041567916591576146	false	1.0
anspannung	neg 1.0	neg 1.0	neg 0.7459187946910719 off 0.23370630254264702 __DUMMY__ 0.020374902766281157	false	1.0
von			neg 0.5161017560567585 off 0.44152241224056576 __DUMMY__ 0.04237583170267592	false	0.0
kraftlos	neg 1.0		neg 0.513503624644967 off 0.4444002154879001 __DUMMY__ 0.04209615986713295	false	1.0
vom			neg 0.5204091880713788 off 0.4369414221478363 __DUMMY__ 0.04264938978078484	false	0.0
grenzdebil	off 1.0		neg 0.5065303108280891 off 0.451866509268607 __DUMMY__ 0.04160317990330395	false	0.5
vor			neg 0.5182429679723441 off 0.43963952994428424 __DUMMY__ 0.0421175020833716	false	0.0
unterwerfen	neg 1.0		neg 0.5184715439755113 off 0.4396868046975963 __DUMMY__ 0.04184165132689242	false	1.0
versenkung	neg 1.0		neg 0.5182277384139715 off 0.43987032937682075 __DUMMY__ 0.041901932209207855	false	1.0
entziehen	neg 1.0		neg 0.5207623362940907 off 0.43726863934462823 __DUMMY__ 0.04196902436128092	false	1.0
finanzkrise	neg 1.0		neg 0.5176366798123082 off 0.44080123340766153 __DUMMY__ 0.041562086780030205	false	1.0
schimpfend	neg 1.0		neg 0.509618826347158 off 0.44833753252009617 __DUMMY__ 0.04204364113274585	false	1.0
profan	neg 1.0		neg 0.5103145647825462 off 0.44794861778216805 __DUMMY__ 0.0417368174352857	false	1.0
korruption	neg 1.0	neg 1.0	neg 0.7465257960818792 off 0.23360231770693368 __DUMMY__ 0.019871886211187056	false	1.0
â			neg 0.5163317630710608 off 0.44168097888326124 __DUMMY__ 0.041987258045678065	false	0.0
schmutzig	neg 1.0		neg 0.5066228622919462 off 0.45170780218195866 __DUMMY__ 0.041669335526095294	false	1.0
sexy	neg 1.0		neg 0.5098233340267762 off 0.4484624763882845 __DUMMY__ 0.0417141895849395	false	1.0
abraten	neg 1.0		neg 0.511083583816922 off 0.44712415453262594 __DUMMY__ 0.041792261650452016	false	1.0
schwarz	neg 1.0		neg 0.5128503739098037 off 0.44545274885707165 __DUMMY__ 0.04169687723312453	false	1.0
fotze	off 1.0		neg 0.5179666089129429 off 0.44015487254388314 __DUMMY__ 0.041878518543173995	false	0.5
verwirren	neg 1.0		neg 0.5099917392493897 off 0.4482646840507568 __DUMMY__ 0.04174357669985348	false	1.0
zahnlos	off 1.0		neg 0.517240044127034 off 0.4410182795361661 __DUMMY__ 0.04174167633679982	false	0.5
verheeren	neg 1.0		neg 0.49711101049385525 off 0.46151621604931703 __DUMMY__ 0.041372773456827806	false	1.0
hippie	neg 1.0		neg 0.5108185648293875 off 0.4474964303055652 __DUMMY__ 0.04168500486504735	false	1.0
rammen	neg 1.0		neg 0.5126453536794721 off 0.44557705895874866 __DUMMY__ 0.04177758736177939	false	1.0
unlauter	neg 1.0		neg 0.516961530398878 off 0.441624505494668 __DUMMY__ 0.041413964106453996	false	1.0
unheilvoll	neg 1.0		neg 0.5087619654570972 off 0.449276384746663 __DUMMY__ 0.04196164979623983	false	1.0
niedrig	neg 1.0		neg 0.5179017659275547 off 0.4401048711129686 __DUMMY__ 0.04199336295947688	false	1.0
explosion	neg 1.0		neg 0.5116881571160957 off 0.4466460754249202 __DUMMY__ 0.04166576745898419	false	1.0
weichei	off 1.0		neg 0.502266092124442 off 0.45637477116632896 __DUMMY__ 0.0413591367092291	false	0.5
minusmensch	off 1.0		neg 0.5019406140452406 off 0.4571237404565899 __DUMMY__ 0.040935645498169415	false	0.5
farblos	neg 1.0		neg 0.5109303900304857 off 0.4468646552470503 __DUMMY__ 0.04220495472246403	false	1.0
unwissend	neg 1.0	neg 1.0	neg 0.7408705705700115 off 0.23930209767678412 __DUMMY__ 0.019827331753204423	false	1.0
traurig	neg 1.0		neg 0.5040107868642367 off 0.4543957405672979 __DUMMY__ 0.041593472568465406	false	1.0
senkung	neg 1.0		neg 0.5126930248709074 off 0.445783750469074 __DUMMY__ 0.04152322466001856	false	1.0
ungleich	neg 1.0	neg 1.0	neg 0.7470937881618716 off 0.23300184859863934 __DUMMY__ 0.0199043632394891	false	1.0
heikel	neg 1.0		neg 0.5199957007550958 off 0.4381700328054206 __DUMMY__ 0.04183426643948358	false	1.0
drosselung	neg 1.0		neg 0.5066002142603824 off 0.4517392776744191 __DUMMY__ 0.04166050806519841	false	1.0
falsch	neg 1.0		neg 0.5088515246319398 off 0.44944490620548766 __DUMMY__ 0.04170356916257264	false	1.0
unzufriedenheit	neg 1.0		neg 0.5207467222334674 off 0.4374065907875942 __DUMMY__ 0.04184668697893833	false	1.0
kurz	neg 1.0		neg 0.5125081145882 off 0.445369413464225 __DUMMY__ 0.04212247194757507	false	1.0
unsinnig	neg 1.0		neg 0.5175130286728843 off 0.4408411176599158 __DUMMY__ 0.04164585366720004	false	1.0
penner	off 1.0	off 1.0	off 0.7141521262886944 neg 0.2661393407442714 __DUMMY__ 0.01970853296703421	false	1.0
seicht	neg 1.0		neg 0.5013986708202619 off 0.45751716171463 __DUMMY__ 0.04108416746510805	false	1.0
dummheit	off 1.0	off 1.0	off 0.7073801712385532 neg 0.2727930854862501 __DUMMY__ 0.019826743275196627	false	1.0
unerfreulich	neg 1.0		neg 0.5194317597940927 off 0.43855849042524225 __DUMMY__ 0.042009749780665094	false	1.0
motherfucker	off 1.0	off 1.0	off 0.7099223175759755 neg 0.27031037248687023 __DUMMY__ 0.019767309937154413	false	1.0
pikiert	neg 1.0		neg 0.5102308278885422 off 0.4483659584165891 __DUMMY__ 0.04140321369486875	false	1.0
wrack	neg 1.0		neg 0.5147978619897028 off 0.4429865357494434 __DUMMY__ 0.042215602260853816	false	1.0
gangster	neg 1.0		neg 0.5106416590834849 off 0.44760966577629957 __DUMMY__ 0.0417486751402156	false	1.0
krank	neg 1.0		neg 0.5049958264893193 off 0.45328540198431533 __DUMMY__ 0.04171877152636538	false	1.0
reich	neg 1.0		neg 0.5107842344126404 off 0.4477120077744263 __DUMMY__ 0.04150375781293322	false	1.0
gnadenlos	neg 1.0		neg 0.512698041161106 off 0.44551854173562316 __DUMMY__ 0.04178341710327093	false	1.0
niedergeschlagen	neg 1.0		neg 0.5134631707598367 off 0.44453810014609324 __DUMMY__ 0.0419987290940701	false	1.0
terrorisieren	off 1.0	off 1.0	off 0.7044251865093745 neg 0.2755733505971062 __DUMMY__ 0.020001462893519485	false	1.0
sinnlosigkeit	neg 1.0		neg 0.5167559611677984 off 0.4414727965878559 __DUMMY__ 0.041771242244345565	false	1.0
behindern	neg 1.0		neg 0.5152218786854385 off 0.4430204456176575 __DUMMY__ 0.04175767569690401	false	1.0
undemokratisch	neg 1.0		neg 0.5157235922909901 off 0.4427636156792402 __DUMMY__ 0.0415127920297697	false	1.0
wirtschaftskrise	neg 1.0		neg 0.5191428613029331 off 0.43913879888905427 __DUMMY__ 0.04171833980801257	false	1.0
neid	neg 1.0		neg 0.5062805000647441 off 0.4518423903983986 __DUMMY__ 0.04187710953685746	false	1.0
rutschen	neg 1.0	neg 1.0	neg 0.7445913925286519 off 0.2350401788365328 __DUMMY__ 0.02036842863481531	false	1.0
rezession	neg 1.0		neg 0.506362459187209 off 0.4523700613869236 __DUMMY__ 0.041267479425867365	false	1.0
fehlgeburt	neg 1.0		neg 0.5095304080102172 off 0.4485434670754839 __DUMMY__ 0.041926124914298965	false	1.0
charakterschwach	off 1.0		neg 0.507906323938953 off 0.45056011077231667 __DUMMY__ 0.041533565288730416	false	0.5
isolation	neg 1.0		neg 0.5079258197573407 off 0.45024505620766875 __DUMMY__ 0.041829124034990575	false	1.0
ablenkung	neg 1.0		neg 0.5125783956552709 off 0.4455564973746327 __DUMMY__ 0.041865106970096426	false	1.0
pech	neg 1.0		neg 0.5080221652940494 off 0.45016439901449656 __DUMMY__ 0.04181343569145405	false	1.0
vermeidung	neg 1.0		neg 0.5080076668448613 off 0.45050587965383126 __DUMMY__ 0.04148645350130739	false	1.0
dominieren	neg 1.0		neg 0.5150786783510377 off 0.44280174265028366 __DUMMY__ 0.04211957899867854	false	1.0
schwindlig	neg 1.0		neg 0.507520319734441 off 0.45043039251402434 __DUMMY__ 0.0420492877515345	false	1.0
lutscher	neg 1.0		neg 0.4996766648760881 off 0.4591685050178191 __DUMMY__ 0.04115483010609286	false	1.0
pflicht	neg 1.0		neg 0.5199211525765436 off 0.4382114472396949 __DUMMY__ 0.041867400183761574	false	1.0
faschist	off 1.0		neg 0.5138514029943791 off 0.4447395943747177 __DUMMY__ 0.04140900263090307	false	0.5
verschleudern	neg 1.0		neg 0.5222114164194613 off 0.4362712888028982 __DUMMY__ 0.04151729477764039	false	1.0
wenn			neg 0.5086539242724916 off 0.4496515396939368 __DUMMY__ 0.04169453603357171	false	0.0
ehebruch	neg 1.0		neg 0.518841600558619 off 0.4394228641409169 __DUMMY__ 0.041735535300464054	false	1.0
spott	off 1.0		neg 0.5198534483636505 off 0.4384392158630619 __DUMMY__ 0.04170733577328746	false	0.5
trostlosigkeit	neg 1.0		neg 0.5205178308759336 off 0.43752395138047406 __DUMMY__ 0.0419582177435922	false	1.0
lutschen	neg 1.0		neg 0.5120937753539004 off 0.4462884747965155 __DUMMY__ 0.041617749849583975	false	1.0
undiszipliniert	neg 1.0		neg 0.5050470214986352 off 0.45334757703323386 __DUMMY__ 0.041605401468131	false	1.0
kopfschmerz	neg 1.0		neg 0.5131069520713643 off 0.44485861583297637 __DUMMY__ 0.04203443209565939	false	1.0
unvorhergesehen	neg 1.0		neg 0.5132927820864636 off 0.4443875394065904 __DUMMY__ 0.042319678506946	false	1.0
desinteressiert	neg 1.0		neg 0.5065113917414004 off 0.45200322041442503 __DUMMY__ 0.041485387844174555	false	1.0
armselig	off 1.0		neg 0.5074795637597525 off 0.4512503392486566 __DUMMY__ 0.041270096991590906	false	0.5
desaster	neg 1.0		neg 0.5225384490665969 off 0.4355376105591145 __DUMMY__ 0.04192394037428863	false	1.0
tod	neg 1.0		neg 0.5152007599208026 off 0.4427194431258241 __DUMMY__ 0.0420797969533734	false	1.0
herzlos	neg 1.0		neg 0.5051533955446952 off 0.453422493594963 __DUMMY__ 0.041424110860341874	false	1.0
unwissenheit	neg 1.0		neg 0.5190166447720352 off 0.4393956265615754 __DUMMY__ 0.04158772866638937	false	1.0
widersinnig	neg 1.0	neg 1.0	neg 0.7464772936792589 off 0.23371897199668573 __DUMMY__ 0.019803734324055283	false	1.0
bedenklich	neg 1.0		neg 0.5188077808914966 off 0.43942886149953214 __DUMMY__ 0.04176335760897118	false	1.0
beanstanden	neg 1.0		neg 0.5197026709214202 off 0.4383311280331338 __DUMMY__ 0.041966201045446	false	1.0
panisch	neg 1.0	neg 1.0	neg 0.7395775827940051 off 0.24027892598541514 __DUMMY__ 0.020143491220579724	false	1.0
debil	off 1.0		neg 0.523970682987004 off 0.43384179561921304 __DUMMY__ 0.04218752139378279	false	0.5
abstrich	neg 1.0		neg 0.5170924640401674 off 0.441069039287397 __DUMMY__ 0.04183849667243553	false	1.0
primitiv	neg 1.0		neg 0.5080832433702666 off 0.4505031132000278 __DUMMY__ 0.04141364342970575	false	1.0
abschaum	off 1.0	off 1.0	off 0.708655149581819 neg 0.27154697292790086 __DUMMY__ 0.019797877490280197	false	1.0
provozieren	neg 1.0		neg 0.5140033267811392 off 0.444317368552931 __DUMMY__ 0.041679304665929805	false	1.0
tot	neg 1.0		neg 0.5171637481518307 off 0.4408886404210513 __DUMMY__ 0.04194761142711781	false	1.0
instabil	neg 1.0		neg 0.5090402260334671 off 0.4496248681491697 __DUMMY__ 0.04133490581736312	false	1.0
schwuchtel	off 1.0		neg 0.49556663190498296 off 0.4634652993531688 __DUMMY__ 0.04096806874184817	false	0.5
zerren	neg 1.0		neg 0.5131449470219832 off 0.4448334966008109 __DUMMY__ 0.04202155637720602	false	1.0
kinderficker	off 1.0		neg 0.5054448466512473 off 0.4534061593508986 __DUMMY__ 0.04114899399785409	false	0.5
gefahr	neg 1.0		neg 0.5191656835970864 off 0.43885191256173395 __DUMMY__ 0.04198240384117972	false	1.0
rabiat	neg 1.0		neg 0.5148353974849714 off 0.44348098949360726 __DUMMY__ 0.04168361302142138	false	1.0
verlangsamung	neg 1.0		neg 0.5025764807565921 off 0.4562241932264058 __DUMMY__ 0.04119932601700206	false	1.0
ausgestorben	neg 1.0		neg 0.5131924762468238 off 0.44488089384644947 __DUMMY__ 0.04192662990672672	false	1.0
anklagen	neg 1.0		neg 0.5167708437254213 off 0.4414880770482171 __DUMMY__ 0.0417410792263617	false	1.0
trott	neg 1.0		neg 0.5133299191850974 off 0.44475274718062446 __DUMMY__ 0.041917333634278166	false	1.0
verminderung	neg 1.0		neg 0.507147660451608 off 0.45138623992296545 __DUMMY__ 0.04146609962542658	false	1.0
nach			neg 0.517221850439334 off 0.4401352435781014 __DUMMY__ 0.04264290598256466	false	0.0
rost	neg 1.0		neg 0.5038489492180005 off 0.45491204089642306 __DUMMY__ 0.041239009885576425	false	1.0
destruktiv	neg 1.0		neg 0.5170293444081359 off 0.4414351009837828 __DUMMY__ 0.04153555460808138	false	1.0
unzumutbarkeit	neg 1.0		neg 0.5069338157237787 off 0.4512503545451838 __DUMMY__ 0.0418158297310375	false	1.0
labil	off 1.0	off 1.0	off 0.7089264470446902 neg 0.27123935712971653 __DUMMY__ 0.019834195825593207	false	1.0
ziemlich	neg 1.0		neg 0.5059229463507067 off 0.4523388788299543 __DUMMY__ 0.041738174819338995	false	1.0
lachnummer	off 1.0		neg 0.5149695260874424 off 0.443320137862103 __DUMMY__ 0.041710336050454516	false	0.5
oder			neg 0.5110790994281179 off 0.4469155930917264 __DUMMY__ 0.04200530748015574	false	0.0
verfall	neg 1.0		neg 0.5246741639265192 off 0.43330937353499205 __DUMMY__ 0.042016462538488675	false	1.0
ausgrenzung	neg 1.0		neg 0.5153226087785976 off 0.44321924767308823 __DUMMY__ 0.04145814354831424	false	1.0
unordnung	neg 1.0		neg 0.5058966344933171 off 0.4522943647678223 __DUMMY__ 0.04180900073886056	false	1.0
fehlverhalten	neg 1.0		neg 0.5200541866847082 off 0.4381299035358925 __DUMMY__ 0.041815909779399286	false	1.0
eine			neg 0.5188337012953979 off 0.4391570934706756 __DUMMY__ 0.04200920523392654	false	0.0
nille	neg 1.0		neg 0.5147316700052351 off 0.44340613680841784 __DUMMY__ 0.04186219318634713	false	1.0
qual	neg 1.0		neg 0.5140168550229353 off 0.4441050671425123 __DUMMY__ 0.041878077834552475	false	1.0
verschwenden	neg 1.0		neg 0.5176434786838711 off 0.4405481943815848 __DUMMY__ 0.0418083269345441	false	1.0
riesig	neg 1.0	neg 1.0	neg 0.7441979768508757 off 0.23567285613022085 __DUMMY__ 0.020129167018903386	false	1.0
verurteilen	neg 1.0		neg 0.5180829794093758 off 0.44023517136930174 __DUMMY__ 0.04168184922132252	false	1.0
klischee	neg 1.0	neg 1.0	neg 0.7423492914277271 off 0.2378473863237512 __DUMMY__ 0.019803322248521674	false	1.0
diktatorisch	neg 1.0		neg 0.516611148065485 off 0.4420303024908457 __DUMMY__ 0.041358549443669256	false	1.0
vorhersehbar	neg 1.0	neg 1.0	neg 0.7423370398282667 off 0.23780855172187076 __DUMMY__ 0.019854408449862585	false	1.0
sowie			neg 0.5036520268407948 off 0.45502545450247595 __DUMMY__ 0.0413225186567293	false	0.0
stornieren	neg 1.0		neg 0.5081782162311159 off 0.4495877335168926 __DUMMY__ 0.04223405025199151	false	1.0
besteuerung	neg 1.0		neg 0.5155610599787919 off 0.44291088365108433 __DUMMY__ 0.04152805637012378	false	1.0
ungeschminkt	neg 1.0		neg 0.5075812428619193 off 0.45088142240037754 __DUMMY__ 0.04153733473770324	false	1.0
kritisch	neg 1.0		neg 0.5187754081572234 off 0.43942909668500635 __DUMMY__ 0.04179549515777022	false	1.0
schlamperei	off 1.0		neg 0.5201820216180105 off 0.43802119209221163 __DUMMY__ 0.0417967862897777	false	0.5
sucht	neg 1.0	neg 1.0	neg 0.7425779700300396 off 0.23736629705962695 __DUMMY__ 0.02005573291033355	false	1.0
egoistisch	off 1.0		neg 0.502200646634919 off 0.45641091237233816 __DUMMY__ 0.04138844099274287	false	0.5
ausbeuter	off 1.0		neg 0.5214620647120818 off 0.4368419805381231 __DUMMY__ 0.041695954749795046	false	0.5
arschgeburt	off 1.0		neg 0.49622115557945057 off 0.46288613040266274 __DUMMY__ 0.04089271401788677	false	0.5
schubs	neg 1.0	neg 1.0	neg 0.7430820805386207 off 0.23676743685457854 __DUMMY__ 0.02015048260680061	false	1.0
unsolide	neg 1.0		neg 0.5178622871557171 off 0.4409796931840132 __DUMMY__ 0.041158019660269614	false	1.0
beschwerde	neg 1.0		neg 0.5197990175775167 off 0.438396983029373 __DUMMY__ 0.04180399939311037	false	1.0
stocken	neg 1.0		neg 0.518297040218852 off 0.4398284227496726 __DUMMY__ 0.04187453703147538	false	1.0
isolieren	neg 1.0		neg 0.5181595872870596 off 0.440102517355146 __DUMMY__ 0.04173789535779452	false	1.0
unheilbar	neg 1.0		neg 0.5128911538173314 off 0.4452864774431185 __DUMMY__ 0.041822368739550066	false	1.0
pisser	off 1.0		neg 0.5059538855420747 off 0.4524689439344544 __DUMMY__ 0.04157717052347086	false	0.5
löschen	neg 1.0		neg 0.5138149474872458 off 0.44437216817373143 __DUMMY__ 0.04181288433902272	false	1.0
durchfallen	neg 1.0		neg 0.5178627456149957 off 0.44043550883805954 __DUMMY__ 0.041701745546944766	false	1.0
wichser	off 1.0		neg 0.4973763563468906 off 0.46140037174980003 __DUMMY__ 0.04122327190330946	false	0.5
terror	neg 1.0		neg 0.5088671137868548 off 0.4492312662759962 __DUMMY__ 0.04190161993714917	false	1.0
krass	neg 1.0		neg 0.5037297172030296 off 0.45478630285322735 __DUMMY__ 0.04148397994374298	false	1.0
revolte	neg 1.0		neg 0.5140176819807545 off 0.4444825617750639 __DUMMY__ 0.041499756244181486	false	1.0
besorgt	neg 1.0		neg 0.5135571148427405 off 0.4443506218347143 __DUMMY__ 0.04209226332254525	false	1.0
nachlassen	neg 1.0		neg 0.5186648012292688 off 0.43945718050664095 __DUMMY__ 0.0418780182640902	false	1.0
alt	neg 1.0		neg 0.5165351348611187 off 0.44153505167114676 __DUMMY__ 0.04192981346773446	false	1.0
hundesohn	off 1.0		neg 0.500809260097817 off 0.4580740209723571 __DUMMY__ 0.041116718929825706	false	0.5
als			neg 0.5136856497211724 off 0.44426742498690536 __DUMMY__ 0.04204692529192226	false	0.0
abschreckung	neg 1.0		neg 0.521129945439628 off 0.4369652555243107 __DUMMY__ 0.04190479903606129	false	1.0
unqualifiziert	neg 1.0		neg 0.513393282414042 off 0.44522377695790366 __DUMMY__ 0.04138294062805443	false	1.0
abgewichst	off 1.0		neg 0.5151765120202327 off 0.4429253193781772 __DUMMY__ 0.041898168601590076	false	0.5
schwer	neg 1.0		neg 0.5131477044369496 off 0.4449865242244743 __DUMMY__ 0.0418657713385762	false	1.0
bedeutungslosigkeit	neg 1.0		neg 0.5202234179325881 off 0.4379081684488598 __DUMMY__ 0.04186841361855206	false	1.0
kapitulation	neg 1.0		neg 0.5211724435465183 off 0.4372356354170672 __DUMMY__ 0.04159192103641434	false	1.0
unscharf	neg 1.0		neg 0.5103511706239526 off 0.4478728715840412 __DUMMY__ 0.041775957792006095	false	1.0
schwinden	neg 1.0		neg 0.5204345367755939 off 0.437704782010343 __DUMMY__ 0.04186068121406321	false	1.0
versklavung	neg 1.0		neg 0.5173248240231568 off 0.44133724878785974 __DUMMY__ 0.04133792718898347	false	1.0
schlecht	neg 1.0		neg 0.5057506852892116 off 0.4525031030746746 __DUMMY__ 0.04174621163611376	false	1.0
verhasst	neg 1.0		neg 0.5135945903138718 off 0.4447365400606405 __DUMMY__ 0.04166886962548779	false	1.0
beschweren	neg 1.0		neg 0.5114483306131419 off 0.4467896733235163 __DUMMY__ 0.04176199606334172	false	1.0
scheiden	neg 1.0		neg 0.5084028245005681 off 0.4493361280677801 __DUMMY__ 0.04226104743165182	false	1.0
frustriert	neg 1.0		neg 0.5143380701057152 off 0.44376978413948553 __DUMMY__ 0.041892145754799215	false	1.0
schimmelig	neg 1.0		neg 0.5161622631572285 off 0.44179094692573767 __DUMMY__ 0.04204678991703392	false	1.0
fisch	neg 1.0		neg 0.5143083382401828 off 0.44329530295103914 __DUMMY__ 0.04239635880877796	false	1.0
schmuggel	neg 1.0		neg 0.5172421861206792 off 0.44059619056853405 __DUMMY__ 0.04216162331078689	false	1.0
auffallen	neg 1.0		neg 0.5100027421759641 off 0.4481898764204501 __DUMMY__ 0.04180738140358579	false	1.0
konkurrenz	neg 1.0	neg 1.0	neg 0.746444062780798 off 0.23342602375288932 __DUMMY__ 0.020129913466312623	false	1.0
teufelskreis	neg 1.0	neg 1.0	neg 0.7444997969582193 off 0.23558732837135937 __DUMMY__ 0.01991287467042134	false	1.0
aufschreien	neg 1.0		neg 0.5120809956929456 off 0.44629372453546806 __DUMMY__ 0.0416252797715865	false	1.0
schuldner	neg 1.0		neg 0.519561816176078 off 0.43852491372448027 __DUMMY__ 0.041913270099441804	false	1.0
missgeburt	off 1.0	off 1.0	off 0.7125113443009453 neg 0.2677565762920629 __DUMMY__ 0.019732079406991815	false	1.0
arbeitslos	neg 1.0		neg 0.5173096148115346 off 0.4409652437487317 __DUMMY__ 0.04172514143973371	false	1.0
befallen	neg 1.0		neg 0.5185839351337623 off 0.4398547625503468 __DUMMY__ 0.041561302315890745	false	1.0
miesepetrig	off 1.0	off 1.0	off 0.7107760624187348 neg 0.2692964101144333 __DUMMY__ 0.019927527466831955	false	1.0
alarmieren	neg 1.0		neg 0.5109239414094372 off 0.4475967055169067 __DUMMY__ 0.04147935307365618	false	1.0
ungeduscht	off 1.0		neg 0.5078685622641802 off 0.45028610888737475 __DUMMY__ 0.041845328848445225	false	0.5
knappheit	neg 1.0		neg 0.5203659210543617 off 0.43798550909126416 __DUMMY__ 0.04164856985437424	false	1.0
schlange	neg 1.0		neg 0.5083238384685913 off 0.44960342364728756 __DUMMY__ 0.042072737884121164	false	1.0
harsch	neg 1.0		neg 0.5008934962513316 off 0.4574069170300534 __DUMMY__ 0.04169958671861508	false	1.0
lang	neg 1.0		neg 0.5130034880553622 off 0.44516347073142326 __DUMMY__ 0.04183304121321463	false	1.0
ziellos	neg 1.0		neg 0.5144519984301236 off 0.4434891496747747 __DUMMY__ 0.04205885189510183	false	1.0
selbstverliebt	neg 1.0		neg 0.4988433557956292 off 0.46019214799645103 __DUMMY__ 0.04096449620791978	false	1.0
beseitigen	neg 1.0	neg 1.0	neg 0.742823364459229 off 0.2370741817955097 __DUMMY__ 0.020102453745261307	false	1.0
dumm	off 1.0		neg 0.5017190460091826 off 0.45698075876396377 __DUMMY__ 0.041300195226853666	false	0.5
arbeitsloser	neg 1.0		neg 0.5164303022289506 off 0.4416381209378523 __DUMMY__ 0.04193157683319712	false	1.0
blitzen	neg 1.0		neg 0.5103884235747189 off 0.4479073344054937 __DUMMY__ 0.04170424201978731	false	1.0
hilflos	neg 1.0		neg 0.5151855554036366 off 0.44294256540092003 __DUMMY__ 0.041871879195443384	false	1.0
eklig	off 1.0		neg 0.5006938111058162 off 0.45799591318699573 __DUMMY__ 0.0413102757071881	false	0.5
begriff			neg 0.5164842989360086 off 0.44182161103262624 __DUMMY__ 0.04169409003136513	false	0.0
hungersnot	neg 1.0		neg 0.5160413102158358 off 0.4421327733176534 __DUMMY__ 0.04182591646651077	false	1.0
ungesetzlich	neg 1.0		neg 0.5173181152734847 off 0.4414832410592316 __DUMMY__ 0.041198643667283624	false	1.0
verschwendung	neg 1.0		neg 0.5187513632958747 off 0.43937614654391394 __DUMMY__ 0.04187249016021146	false	1.0
schmerzvoll	neg 1.0		neg 0.5111273090015359 off 0.44707438906144337 __DUMMY__ 0.041798301937020645	false	1.0
vorzeitig	neg 1.0		neg 0.508738438124403 off 0.44939799447938084 __DUMMY__ 0.04186356739621612	false	1.0
unvollkommenheit	neg 1.0		neg 0.5136555437799961 off 0.44421210604665456 __DUMMY__ 0.042132350173349264	false	1.0
intervenieren	neg 1.0		neg 0.520987087581223 off 0.4373116148853657 __DUMMY__ 0.04170129753341129	false	1.0
banause	off 1.0		neg 0.4995732002339067 off 0.45928205287112533 __DUMMY__ 0.04114474689496795	false	0.5
rebell	neg 1.0		neg 0.521264064073332 off 0.43667634515881565 __DUMMY__ 0.042059590767852394	false	1.0
unlogisch	neg 1.0		neg 0.5047063638177242 off 0.453789042941612 __DUMMY__ 0.04150459324066381	false	1.0
leiden	neg 1.0		neg 0.513971338391773 off 0.4436359508956034 __DUMMY__ 0.042392710712623426	false	1.0
abschaffung	neg 1.0		neg 0.515314314752498 off 0.4431017542881648 __DUMMY__ 0.04158393095933728	false	1.0
sturz	neg 1.0		neg 0.51242015117252 off 0.44564240498273616 __DUMMY__ 0.041937443844743745	false	1.0
verkleinerung	neg 1.0		neg 0.5134053624541733 off 0.4451688096083661 __DUMMY__ 0.04142582793746065	false	1.0
schmarotzer	off 1.0		neg 0.5183986319814606 off 0.4399624480171962 __DUMMY__ 0.04163892000134329	false	0.5
bestrafung	neg 1.0		neg 0.5130833323400475 off 0.4452372570342885 __DUMMY__ 0.04167941062566391	false	1.0
achtlos	neg 1.0		neg 0.5122388753851076 off 0.4457988222618185 __DUMMY__ 0.04196230235307391	false	1.0
ungeheuer	neg 1.0		neg 0.5086233123378401 off 0.4495108996353193 __DUMMY__ 0.04186578802684059	false	1.0
unaufrichtig	neg 1.0		neg 0.5145610264920439 off 0.4440106157255088 __DUMMY__ 0.04142835778244736	false	1.0
groggy	neg 1.0		neg 0.5117485432709441 off 0.44661130705113733 __DUMMY__ 0.04164014967791861	false	1.0
