unsolidarisch	neg 1.0		neg 0.5194824811430171 off 0.4392367284010955 __DUMMY__ 0.04128079045588731	false	1.0
nachteilig	neg 1.0		neg 0.5192881021395545 off 0.4388883286966674 __DUMMY__ 0.04182356916377808	false	1.0
skeptisch	neg 1.0		neg 0.5193528127522098 off 0.43872865511979525 __DUMMY__ 0.04191853212799489	false	1.0
schrecklich	neg 1.0		neg 0.5031618504960625 off 0.4552993126054284 __DUMMY__ 0.041538836898509124	false	1.0
schlapp	neg 1.0		neg 0.5068069855370555 off 0.4514132158396726 __DUMMY__ 0.041779798623271865	false	1.0
abfall	neg 1.0		neg 0.5224499188471889 off 0.4355783276590196 __DUMMY__ 0.04197175349379149	false	1.0
widerspenstig	neg 1.0		neg 0.5136315615107502 off 0.44456889159398094 __DUMMY__ 0.04179954689526894	false	1.0
abrupt	neg 1.0		neg 0.5161516527902664 off 0.44169632750397364 __DUMMY__ 0.04215201970575988	false	1.0
unwirksam	neg 1.0		neg 0.5167596152566776 off 0.4417188900368403 __DUMMY__ 0.04152149470648228	false	1.0
angreifen	neg 1.0	neg 1.0	neg 0.7466573690997845 off 0.233349783725114 __DUMMY__ 0.019992847175101493	false	1.0
inkonsistent	neg 1.0		neg 0.5123264336535783 off 0.4458564578922187 __DUMMY__ 0.04181710845420283	false	1.0
abrutschen	neg 1.0		neg 0.5216121337064615 off 0.4363815410747422 __DUMMY__ 0.042006325218796374	false	1.0
unsicher	neg 1.0		neg 0.5127244824748785 off 0.44538567503120613 __DUMMY__ 0.041889842493915454	false	1.0
bauernkind	off 1.0	off 1.0	off 0.7109076446239032 neg 0.26941208180155046 __DUMMY__ 0.019680273574546266	false	1.0
angreifer	neg 1.0		neg 0.510828058673682 off 0.4472533205555624 __DUMMY__ 0.041918620770755755	false	1.0
trennen	neg 1.0		neg 0.5143937211496321 off 0.443317088659162 __DUMMY__ 0.04228919019120601	false	1.0
schmutz	neg 1.0		neg 0.5076103894465152 off 0.4502099770615321 __DUMMY__ 0.04217963349195279	false	1.0
inkonsistenz	neg 1.0		neg 0.5117209613666797 off 0.44683866166072256 __DUMMY__ 0.041440376972597774	false	1.0
erschreckend	neg 1.0		neg 0.5158072405680039 off 0.4424472021877781 __DUMMY__ 0.04174555724421794	false	1.0
ertrinken	neg 1.0		neg 0.5162592294743603 off 0.44171903325226963 __DUMMY__ 0.04202173727337014	false	1.0
pickelface	off 1.0		neg 0.5162649473214654 off 0.4419134735740579 __DUMMY__ 0.041821579104476744	false	0.5
seiner			neg 0.517631542907058 off 0.44033888272565735 __DUMMY__ 0.0420295743672844	false	0.0
lauch	neg 1.0		neg 0.5226895320523345 off 0.435422881709531 __DUMMY__ 0.04188758623813443	false	1.0
unwichtig	neg 1.0		neg 0.5093627652951108 off 0.4490549894424013 __DUMMY__ 0.041582245262487896	false	1.0
steuerhinterziehung	neg 1.0		neg 0.51818490961236 off 0.4401993654836692 __DUMMY__ 0.04161572490397085	false	1.0
schock	neg 1.0		neg 0.511780677676237 off 0.4461149935556707 __DUMMY__ 0.042104328768092336	false	1.0
beule	neg 1.0		neg 0.5060750861562963 off 0.45211650955157034 __DUMMY__ 0.04180840429213356	false	1.0
vergelten	neg 1.0		neg 0.5028298503652388 off 0.4553904387522739 __DUMMY__ 0.04177971088248741	false	1.0
verdorbenheit	neg 1.0		neg 0.5124080010251287 off 0.44560578989515753 __DUMMY__ 0.041986209079713836	false	1.0
trauma	neg 1.0		neg 0.5127180222814296 off 0.44550917398711665 __DUMMY__ 0.041772803731453825	false	1.0
sinnlos	neg 1.0		neg 0.5101921226815066 off 0.44797553376381904 __DUMMY__ 0.04183234355467428	false	1.0
fettsack	off 1.0	off 1.0	off 0.7128569901488725 neg 0.26738187921604095 __DUMMY__ 0.01976113063508646	false	1.0
feige	off 1.0	off 1.0	off 0.7088127340198922 neg 0.27141596229408904 __DUMMY__ 0.01977130368601879	false	1.0
abdanken	neg 1.0		neg 0.5167373246554618 off 0.4416183663198264 __DUMMY__ 0.041644309024711855	false	1.0
wichtigtuer	off 1.0	off 1.0	off 0.7073455736091315 neg 0.27280280757406533 __DUMMY__ 0.019851618816803134	false	1.0
misslingen	neg 1.0		neg 0.5090294105675905 off 0.44882737874626816 __DUMMY__ 0.04214321068614138	false	1.0
untreu	off 1.0		neg 0.5084225070662541 off 0.45006815643279785 __DUMMY__ 0.04150933650094808	false	0.5
missmutig	neg 1.0		neg 0.5085803561979828 off 0.4497710013610397 __DUMMY__ 0.04164864244097758	false	1.0
hurenbock	off 1.0		neg 0.5108064271691048 off 0.44729045249876614 __DUMMY__ 0.04190312033212915	false	0.5
betrunken	neg 1.0		neg 0.5033534559112505 off 0.4548511619517945 __DUMMY__ 0.041795382136955016	false	1.0
korrupt	off 1.0		neg 0.5210134559076012 off 0.4375556971671378 __DUMMY__ 0.04143084692526101	false	0.5
unmut	neg 1.0		neg 0.5224564678898421 off 0.43559024681705955 __DUMMY__ 0.04195328529309836	false	1.0
hackfresse	off 1.0		neg 0.5008801545264039 off 0.45781839040604905 __DUMMY__ 0.04130145506754711	false	0.5
aufblasen	neg 1.0		neg 0.5101789325503828 off 0.4478678622512564 __DUMMY__ 0.04195320519836073	false	1.0
gewaltsam	neg 1.0		neg 0.5145082056527088 off 0.4436408565072084 __DUMMY__ 0.04185093784008284	false	1.0
unbeliebtheit	neg 1.0		neg 0.5146203898887971 off 0.44424673945515186 __DUMMY__ 0.04113287065605104	false	1.0
sturheit	neg 1.0		neg 0.516665507908829 off 0.44166281456234086 __DUMMY__ 0.0416716775288301	false	1.0
kuh	neg 1.0		neg 0.5143182311468253 off 0.4440373251708267 __DUMMY__ 0.04164444368234802	false	1.0
erschrecken	neg 1.0		neg 0.5084137876196088 off 0.4498281344439916 __DUMMY__ 0.041758077936399636	false	1.0
opfer	neg 1.0		neg 0.5172048481178175 off 0.440869207761535 __DUMMY__ 0.041925944120647554	false	1.0
sinken	neg 1.0		neg 0.5207154637047138 off 0.43724506309324057 __DUMMY__ 0.04203947320204575	false	1.0
stinktier	neg 1.0		neg 0.5041687447895907 off 0.45446363388407385 __DUMMY__ 0.041367621326335466	false	1.0
tucke	off 1.0		neg 0.5032306193747338 off 0.45576942244211843 __DUMMY__ 0.040999958183147674	false	0.5
ein			neg 0.510700058486388 off 0.4473174173758857 __DUMMY__ 0.04198252413772621	false	0.0
abstieg	neg 1.0		neg 0.5162059895192634 off 0.4416603060958127 __DUMMY__ 0.04213370438492381	false	1.0
missverstehen	neg 1.0		neg 0.512411553613274 off 0.44600377300620003 __DUMMY__ 0.041584673380526	false	1.0
ergebnislos	neg 1.0		neg 0.5184278459502321 off 0.4396403375466558 __DUMMY__ 0.04193181650311207	false	1.0
unter			neg 0.5219159318377092 off 0.4355235492716418 __DUMMY__ 0.04256051889064895	false	0.0
manipulieren	neg 1.0		neg 0.520211151642539 off 0.4379566804857659 __DUMMY__ 0.041832167871695226	false	1.0
unbewiesen	neg 1.0		neg 0.519877875587945 off 0.4389146027814216 __DUMMY__ 0.04120752163063341	false	1.0
verschleppen	neg 1.0		neg 0.5173723336993807 off 0.4407989873966597 __DUMMY__ 0.041828678903959575	false	1.0
weib	off 1.0		neg 0.5010590333815472 off 0.4576516026673273 __DUMMY__ 0.041289363951125486	false	0.5
opposition	neg 1.0		neg 0.5134792760943959 off 0.4449268563819722 __DUMMY__ 0.04159386752363188	false	1.0
verkehrswidrig	neg 1.0	neg 1.0	neg 0.735379569857141 off 0.24446882207285184 __DUMMY__ 0.020151608070007102	false	1.0
inkorrekt	neg 1.0		neg 0.50989694723294 off 0.4488892179534797 __DUMMY__ 0.04121383481358041	false	1.0
vermeiden	neg 1.0		neg 0.5225791584309493 off 0.43522108122926606 __DUMMY__ 0.042199760339784564	false	1.0
abweichung	neg 1.0		neg 0.51833791586604 off 0.4397881429180762 __DUMMY__ 0.04187394121588368	false	1.0
alkoholisiert	neg 1.0		neg 0.5134434028221195 off 0.44410252495963815 __DUMMY__ 0.042454072218242295	false	1.0
scheiss	off 1.0	off 1.0	off 0.7105413375173851 neg 0.26953406914996514 __DUMMY__ 0.019924593332649645	false	1.0
herausforderung	neg 1.0	neg 1.0	neg 0.7431201354278475 off 0.2365348728242223 __DUMMY__ 0.020344991747930172	false	1.0
pervers	off 1.0		neg 0.49767928284167845 off 0.46111927998955005 __DUMMY__ 0.04120143716877154	false	0.5
wackelig	neg 1.0		neg 0.5124797414634047 off 0.44528251540511343 __DUMMY__ 0.04223774313148189	false	1.0
verwickeln	neg 1.0		neg 0.5127776230594718 off 0.44565678161842065 __DUMMY__ 0.041565595322107476	false	1.0
vorwand	neg 1.0		neg 0.5203964468669535 off 0.4376892509826654 __DUMMY__ 0.04191430215038114	false	1.0
muschi	off 1.0		neg 0.5154803116723039 off 0.44267544824195193 __DUMMY__ 0.04184424008574405	false	0.5
entmutigung	neg 1.0		neg 0.5152000227713299 off 0.4433154213239702 __DUMMY__ 0.04148455590469986	false	1.0
unangemessen	neg 1.0		neg 0.5173869680827714 off 0.44090719052065164 __DUMMY__ 0.04170584139657698	false	1.0
unstetig	neg 1.0		neg 0.5107830220560349 off 0.44726745111295285 __DUMMY__ 0.04194952683101219	false	1.0
entmutigen	neg 1.0		neg 0.5123007672822886 off 0.44593827401212127 __DUMMY__ 0.04176095870559023	false	1.0
schwanz	neg 1.0		neg 0.5179940327867759 off 0.4400083993152708 __DUMMY__ 0.041997567897953246	false	1.0
verbot	neg 1.0		neg 0.5191161659804178 off 0.43923141635376906 __DUMMY__ 0.04165241766581325	false	1.0
leid	neg 1.0		neg 0.5021019003060546 off 0.45640839124207394 __DUMMY__ 0.041489708451871304	false	1.0
archaisch	neg 1.0		neg 0.516444745611459 off 0.44174282265162135 __DUMMY__ 0.04181243173691954	false	1.0
gegen			neg 0.5191410909060079 off 0.4387306620903126 __DUMMY__ 0.04212824700367942	false	0.0
scheidung	neg 1.0		neg 0.49302926173243966 off 0.46574858943827385 __DUMMY__ 0.041222148829286584	false	1.0
einschlag	neg 1.0	neg 1.0	neg 0.738176508093842 off 0.24191314165508307 __DUMMY__ 0.0199103502510749	false	1.0
m			neg 0.5144990408919521 off 0.4434744891946446 __DUMMY__ 0.042026469913403315	false	0.0
abgestanden	neg 1.0		neg 0.5108173690262502 off 0.4472139723315147 __DUMMY__ 0.041968658642235035	false	1.0
schmierig	off 1.0		neg 0.5024522701139895 off 0.45602381196638664 __DUMMY__ 0.041523917919623864	false	0.5
unpraktisch	neg 1.0		neg 0.5096180064553582 off 0.44833128875295947 __DUMMY__ 0.04205070479168241	false	1.0
wixxer	off 1.0		neg 0.4984610980302776 off 0.46038560593424666 __DUMMY__ 0.04115329603547576	false	0.5
bezeichnet			neg 0.5153341474578567 off 0.44295462483741244 __DUMMY__ 0.04171122770473099	false	0.0
jammerlappen	off 1.0		neg 0.5089550258959626 off 0.4494424951417938 __DUMMY__ 0.04160247896224346	false	0.5
farce	neg 1.0		neg 0.5188113334193553 off 0.4396145070307391 __DUMMY__ 0.04157415954990551	false	1.0
zwecklos	neg 1.0		neg 0.517271194524555 off 0.4410043417462355 __DUMMY__ 0.041724463729209446	false	1.0
turbulent	neg 1.0		neg 0.5092230177612788 off 0.44927133073966324 __DUMMY__ 0.04150565149905808	false	1.0
invasion	neg 1.0		neg 0.5100052516977047 off 0.4481558553604398 __DUMMY__ 0.0418388929418556	false	1.0
schuld	neg 1.0		neg 0.5132284013300102 off 0.4450385902188278 __DUMMY__ 0.04173300845116197	false	1.0
risiko	neg 1.0		neg 0.5122466619933003 off 0.4458411283053924 __DUMMY__ 0.04191220970130731	false	1.0
finster	neg 1.0		neg 0.5111920233300945 off 0.4469095022027915 __DUMMY__ 0.04189847446711402	false	1.0
geisteskrank	off 1.0		neg 0.5087991616666252 off 0.44980699922941814 __DUMMY__ 0.041393839103956664	false	0.5
zusammenbrechen	neg 1.0		neg 0.5143386929439251 off 0.4437246455624096 __DUMMY__ 0.041936661493665275	false	1.0
ausbeute	neg 1.0		neg 0.5148251896404173 off 0.44288353805786984 __DUMMY__ 0.04229127230171288	false	1.0
hinterhalt	neg 1.0		neg 0.5135514419284758 off 0.4443822340737425 __DUMMY__ 0.04206632399778161	false	1.0
kritik	neg 1.0		neg 0.51873053038816 off 0.43966377411839697 __DUMMY__ 0.04160569549344305	false	1.0
einschrumpfen	neg 1.0		neg 0.5130420696042878 off 0.44549458011319376 __DUMMY__ 0.04146335028251846	false	1.0
riskant	neg 1.0		neg 0.5184890785608667 off 0.43968115585081563 __DUMMY__ 0.041829765588317705	false	1.0
frustrieren	neg 1.0		neg 0.5176552455523611 off 0.4404610350532793 __DUMMY__ 0.0418837193943595	false	1.0
groll	neg 1.0		neg 0.5166495280348841 off 0.441525595969693 __DUMMY__ 0.0418248759954231	false	1.0
gibt			neg 0.5154056556066615 off 0.44271464998233656 __DUMMY__ 0.04187969441100176	false	0.0
qualvoll	neg 1.0		neg 0.508816092686365 off 0.4493616040817433 __DUMMY__ 0.04182230323189175	false	1.0
wackeln	neg 1.0	neg 1.0	neg 0.7414487321767712 off 0.23843756932706772 __DUMMY__ 0.02011369849616106	false	1.0
klagen	neg 1.0		neg 0.5212440399717723 off 0.43675291415448136 __DUMMY__ 0.042003045873746515	false	1.0
bankrott	neg 1.0		neg 0.5088194070477818 off 0.4494312839354712 __DUMMY__ 0.04174930901674683	false	1.0
trauern	neg 1.0		neg 0.516231388571533 off 0.4417244248077433 __DUMMY__ 0.04204418662072388	false	1.0
ablehnung	neg 1.0		neg 0.5184815036346369 off 0.4398942940843511 __DUMMY__ 0.04162420228101201	false	1.0
stur	neg 1.0		neg 0.5129278714651601 off 0.4453911837169737 __DUMMY__ 0.041680944817866314	false	1.0
aufruhr	neg 1.0		neg 0.5146742767880386 off 0.44347751786509926 __DUMMY__ 0.04184820534686224	false	1.0
melancholie	neg 1.0		neg 0.5144518302759964 off 0.4434989120830053 __DUMMY__ 0.042049257640998254	false	1.0
ist			neg 0.5111801688061548 off 0.44701301079933586 __DUMMY__ 0.04180682039450929	false	0.0
torheit	neg 1.0		neg 0.5156643912911764 off 0.44281179047351044 __DUMMY__ 0.041523818235313245	false	1.0
dreckskind	off 1.0		neg 0.5029954158435005 off 0.4557008322315333 __DUMMY__ 0.041303751924966235	false	0.5
umtauschen	neg 1.0		neg 0.512482275830521 off 0.44555593981014424 __DUMMY__ 0.041961784359334835	false	1.0
zum			neg 0.5177528397702313 off 0.43960561135723414 __DUMMY__ 0.04264154887253443	false	0.0
zersetzen	neg 1.0		neg 0.5212246651553146 off 0.4370308329021218 __DUMMY__ 0.0417445019425636	false	1.0
zur			neg 0.5218385174005574 off 0.43581819009758843 __DUMMY__ 0.04234329250185411	false	0.0
frust	neg 1.0		neg 0.5144582656226313 off 0.4435941779629818 __DUMMY__ 0.041947556414386945	false	1.0
unerbittlichkeit	neg 1.0		neg 0.520387793040488 off 0.4378033783769321 __DUMMY__ 0.041808828582579914	false	1.0
zwei			neg 0.5165700937945246 off 0.44095337990390976 __DUMMY__ 0.04247652630156567	false	0.0
unkorrekt	neg 1.0		neg 0.5089747882001006 off 0.4498019209722941 __DUMMY__ 0.041223290827605355	false	1.0
hexe	off 1.0		neg 0.5075665749117194 off 0.45079999484161604 __DUMMY__ 0.041633430246664486	false	0.5
lasch	neg 1.0		neg 0.5118835111866691 off 0.44663288289952535 __DUMMY__ 0.04148360591380566	false	1.0
rivale	neg 1.0		neg 0.505219068515947 off 0.45317610032046907 __DUMMY__ 0.04160483116358395	false	1.0
mutlos	off 1.0	off 1.0	off 0.7031426228375468 neg 0.2769662637848019 __DUMMY__ 0.019891113377651305	false	1.0
wirr	off 1.0		neg 0.5080656105350966 off 0.45066644869640915 __DUMMY__ 0.041267940768494306	false	0.5
jahr			neg 0.5149314951427291 off 0.44266955718908013 __DUMMY__ 0.04239894766819074	false	0.0
wird			neg 0.5160382336896597 off 0.44197227033610026 __DUMMY__ 0.04198949597423983	false	0.0
strafbar	neg 1.0		neg 0.519096623096689 off 0.4391422553308354 __DUMMY__ 0.041761121572475496	false	1.0
erosion	neg 1.0		neg 0.5116984400447708 off 0.44637869457082946 __DUMMY__ 0.041922865384399724	false	1.0
eingehen	neg 1.0		neg 0.5183763096627114 off 0.43991331367762754 __DUMMY__ 0.04171037665966107	false	1.0
faul	off 1.0		neg 0.5075119985818433 off 0.45066100518952074 __DUMMY__ 0.04182699622863589	false	0.5
provisorium	neg 1.0		neg 0.5237044694862223 off 0.4338770476824193 __DUMMY__ 0.042418482831358614	false	1.0
schmerzen	neg 1.0		neg 0.5127948620318167 off 0.44531916173872904 __DUMMY__ 0.04188597622945434	false	1.0
schrumpfen	neg 1.0		neg 0.5246204501504483 off 0.43335745678040277 __DUMMY__ 0.04202209306914882	false	1.0
geistlos	off 1.0		neg 0.5160981467859124 off 0.4426676142442772 __DUMMY__ 0.04123423896981047	false	0.5
fehlkauf	neg 1.0		neg 0.512609972187842 off 0.445709068464641 __DUMMY__ 0.04168095934751689	false	1.0
frustrierend	neg 1.0		neg 0.507839465752358 off 0.4503239038490163 __DUMMY__ 0.04183663039862573	false	1.0
unzufrieden	neg 1.0		neg 0.5170395213971148 off 0.4411963153305814 __DUMMY__ 0.04176416327230363	false	1.0
verzweifeln	neg 1.0		neg 0.5137434745018773 off 0.4443923205055272 __DUMMY__ 0.04186420499259571	false	1.0
verzweifelt	neg 1.0		neg 0.512387307585046 off 0.4458914516063845 __DUMMY__ 0.04172124080856951	false	1.0
misstrauensantrag	neg 1.0		neg 0.5118873050336922 off 0.4464483684935242 __DUMMY__ 0.04166432647278365	false	1.0
abfallen	neg 1.0		neg 0.5096495233938092 off 0.4483355733364488 __DUMMY__ 0.042014903269741825	false	1.0
fucker	off 1.0		neg 0.5072460583024452 off 0.4512622361783155 __DUMMY__ 0.04149170551923934	false	0.5
ungezogen	neg 1.0		neg 0.49832462476216 off 0.4603176649641769 __DUMMY__ 0.041357710273663195	false	1.0
irrsinnig	neg 1.0	neg 1.0	neg 0.7431451003811004 off 0.2369446754552967 __DUMMY__ 0.019910224163602906	false	1.0
unfassbar	neg 1.0		neg 0.5079925299931096 off 0.45041329961294935 __DUMMY__ 0.04159417039394116	false	1.0
hart	neg 1.0		neg 0.5097044973805127 off 0.4485875107057923 __DUMMY__ 0.041707991913694814	false	1.0
widerlich	off 1.0		neg 0.5087468011888168 off 0.4498495905168471 __DUMMY__ 0.04140360829433601	false	0.5
fatal	neg 1.0		neg 0.5119117673104775 off 0.44637613398220016 __DUMMY__ 0.04171209870732241	false	1.0
bruch	neg 1.0		neg 0.5216170906690272 off 0.43644337793165794 __DUMMY__ 0.04193953139931493	false	1.0
aushungern	neg 1.0		neg 0.5179089799346757 off 0.44052310347374823 __DUMMY__ 0.0415679165915761	false	1.0
anspannung	neg 1.0	neg 1.0	neg 0.7459187946910719 off 0.23370630254264702 __DUMMY__ 0.020374902766281143	false	1.0
von			neg 0.5161017560567588 off 0.4415224122405654 __DUMMY__ 0.04237583170267588	false	0.0
kraftlos	neg 1.0		neg 0.5135036246449678 off 0.44440021548789926 __DUMMY__ 0.04209615986713297	false	1.0
vom			neg 0.5204091880713787 off 0.4369414221478365 __DUMMY__ 0.042649389780784766	false	0.0
grenzdebil	off 1.0		neg 0.5065303108280893 off 0.4518665092686068 __DUMMY__ 0.04160317990330393	false	0.5
vor			neg 0.5182429679723441 off 0.43963952994428435 __DUMMY__ 0.04211750208337156	false	0.0
unterwerfen	neg 1.0		neg 0.5184715439755113 off 0.43968680469759625 __DUMMY__ 0.041841651326892444	false	1.0
versenkung	neg 1.0		neg 0.5182277384139712 off 0.4398703293768209 __DUMMY__ 0.04190193220920787	false	1.0
entziehen	neg 1.0		neg 0.5207623362940906 off 0.43726863934462845 __DUMMY__ 0.04196902436128092	false	1.0
finanzkrise	neg 1.0		neg 0.5176366798123085 off 0.4408012334076613 __DUMMY__ 0.04156208678003014	false	1.0
schimpfend	neg 1.0		neg 0.5096188263471577 off 0.4483375325200965 __DUMMY__ 0.042043641132745786	false	1.0
profan	neg 1.0		neg 0.5103145647825456 off 0.4479486177821688 __DUMMY__ 0.04173681743528567	false	1.0
korruption	neg 1.0	neg 1.0	neg 0.7465257960818792 off 0.23360231770693368 __DUMMY__ 0.019871886211187084	false	1.0
â			neg 0.5163317630710604 off 0.44168097888326147 __DUMMY__ 0.04198725804567809	false	0.0
schmutzig	neg 1.0		neg 0.5066228622919468 off 0.45170780218195816 __DUMMY__ 0.04166933552609518	false	1.0
sexy	neg 1.0		neg 0.509823334026776 off 0.4484624763882845 __DUMMY__ 0.0417141895849395	false	1.0
abraten	neg 1.0		neg 0.5110835838169221 off 0.44712415453262583 __DUMMY__ 0.041792261650452044	false	1.0
schwarz	neg 1.0		neg 0.5128503739098038 off 0.44545274885707153 __DUMMY__ 0.04169687723312462	false	1.0
fotze	off 1.0		neg 0.5179666089129438 off 0.440154872543882 __DUMMY__ 0.04187851854317402	false	0.5
verwirren	neg 1.0		neg 0.50999173924939 off 0.44826468405075653 __DUMMY__ 0.041743576699853506	false	1.0
zahnlos	off 1.0		neg 0.5172400441270341 off 0.441018279536166 __DUMMY__ 0.04174167633679985	false	0.5
verheeren	neg 1.0		neg 0.4971110104938553 off 0.46151621604931703 __DUMMY__ 0.04137277345682785	false	1.0
hippie	neg 1.0		neg 0.5108185648293876 off 0.44749643030556496 __DUMMY__ 0.04168500486504739	false	1.0
rammen	neg 1.0		neg 0.5126453536794728 off 0.44557705895874794 __DUMMY__ 0.04177758736177942	false	1.0
unlauter	neg 1.0		neg 0.516961530398878 off 0.4416245054946678 __DUMMY__ 0.04141396410645401	false	1.0
unheilvoll	neg 1.0		neg 0.5087619654570974 off 0.44927638474666265 __DUMMY__ 0.04196164979623986	false	1.0
niedrig	neg 1.0		neg 0.5179017659275547 off 0.4401048711129686 __DUMMY__ 0.041993362959476796	false	1.0
explosion	neg 1.0		neg 0.5116881571160949 off 0.4466460754249209 __DUMMY__ 0.04166576745898422	false	1.0
weichei	off 1.0		neg 0.502266092124442 off 0.4563747711663291 __DUMMY__ 0.041359136709229125	false	0.5
minusmensch	off 1.0		neg 0.5019406140452405 off 0.45712374045659 __DUMMY__ 0.0409356454981694	false	0.5
farblos	neg 1.0		neg 0.5109303900304855 off 0.44686465524705066 __DUMMY__ 0.04220495472246402	false	1.0
unwissend	neg 1.0	neg 1.0	neg 0.7408705705700114 off 0.239302097676784 __DUMMY__ 0.01982733175320448	false	1.0
traurig	neg 1.0		neg 0.5040107868642368 off 0.4543957405672978 __DUMMY__ 0.041593472568465316	false	1.0
senkung	neg 1.0		neg 0.5126930248709075 off 0.44578375046907387 __DUMMY__ 0.041523224660018655	false	1.0
ungleich	neg 1.0	neg 1.0	neg 0.7470937881618717 off 0.23300184859863926 __DUMMY__ 0.0199043632394891	false	1.0
heikel	neg 1.0		neg 0.5199957007550965 off 0.43817003280542 __DUMMY__ 0.04183426643948354	false	1.0
drosselung	neg 1.0		neg 0.5066002142603827 off 0.4517392776744187 __DUMMY__ 0.04166050806519844	false	1.0
falsch	neg 1.0		neg 0.5088515246319406 off 0.4494449062054868 __DUMMY__ 0.0417035691625726	false	1.0
unzufriedenheit	neg 1.0		neg 0.5207467222334676 off 0.437406590787594 __DUMMY__ 0.041846686978938306	false	1.0
kurz	neg 1.0		neg 0.5125081145882 off 0.445369413464225 __DUMMY__ 0.042122471947575034	false	1.0
unsinnig	neg 1.0		neg 0.5175130286728842 off 0.44084111765991574 __DUMMY__ 0.041645853667200056	false	1.0
penner	off 1.0	off 1.0	off 0.7141521262886942 neg 0.2661393407442717 __DUMMY__ 0.019708532967034197	false	1.0
seicht	neg 1.0		neg 0.5013986708202616 off 0.45751716171463025 __DUMMY__ 0.04108416746510808	false	1.0
dummheit	off 1.0	off 1.0	off 0.7073801712385532 neg 0.2727930854862503 __DUMMY__ 0.01982674327519661	false	1.0
unerfreulich	neg 1.0		neg 0.5194317597940925 off 0.4385584904252424 __DUMMY__ 0.042009749780665115	false	1.0
motherfucker	off 1.0	off 1.0	off 0.7099223175759757 neg 0.27031037248686995 __DUMMY__ 0.019767309937154406	false	1.0
pikiert	neg 1.0		neg 0.5102308278885423 off 0.44836595841658894 __DUMMY__ 0.041403213694868796	false	1.0
wrack	neg 1.0		neg 0.5147978619897032 off 0.44298653574944313 __DUMMY__ 0.04221560226085382	false	1.0
gangster	neg 1.0		neg 0.5106416590834848 off 0.44760966577629974 __DUMMY__ 0.04174867514021564	false	1.0
krank	neg 1.0		neg 0.504995826489319 off 0.45328540198431566 __DUMMY__ 0.0417187715263655	false	1.0
reich	neg 1.0		neg 0.5107842344126405 off 0.44771200777442605 __DUMMY__ 0.041503757812933244	false	1.0
gnadenlos	neg 1.0		neg 0.512698041161106 off 0.4455185417356231 __DUMMY__ 0.041783417103270916	false	1.0
niedergeschlagen	neg 1.0		neg 0.5134631707598366 off 0.4445381001460933 __DUMMY__ 0.0419987290940701	false	1.0
terrorisieren	off 1.0	off 1.0	off 0.7044251865093742 neg 0.2755733505971063 __DUMMY__ 0.020001462893519485	false	1.0
sinnlosigkeit	neg 1.0		neg 0.516755961167798 off 0.4414727965878564 __DUMMY__ 0.04177124224434565	false	1.0
behindern	neg 1.0		neg 0.5152218786854381 off 0.443020445617658 __DUMMY__ 0.04175767569690399	false	1.0
undemokratisch	neg 1.0		neg 0.5157235922909901 off 0.4427636156792401 __DUMMY__ 0.04151279202976965	false	1.0
wirtschaftskrise	neg 1.0		neg 0.5191428613029335 off 0.43913879888905405 __DUMMY__ 0.04171833980801248	false	1.0
neid	neg 1.0		neg 0.5062805000647442 off 0.45184239039839846 __DUMMY__ 0.04187710953685747	false	1.0
rutschen	neg 1.0	neg 1.0	neg 0.7445913925286518 off 0.2350401788365329 __DUMMY__ 0.020368428634815316	false	1.0
rezession	neg 1.0		neg 0.5063624591872086 off 0.4523700613869241 __DUMMY__ 0.04126747942586737	false	1.0
fehlgeburt	neg 1.0		neg 0.5095304080102171 off 0.4485434670754839 __DUMMY__ 0.04192612491429894	false	1.0
charakterschwach	off 1.0		neg 0.5079063239389533 off 0.45056011077231634 __DUMMY__ 0.04153356528873045	false	0.5
isolation	neg 1.0		neg 0.5079258197573399 off 0.45024505620766964 __DUMMY__ 0.04182912403499059	false	1.0
ablenkung	neg 1.0		neg 0.5125783956552704 off 0.44555649737463315 __DUMMY__ 0.04186510697009648	false	1.0
pech	neg 1.0		neg 0.5080221652940498 off 0.4501643990144962 __DUMMY__ 0.0418134356914541	false	1.0
vermeidung	neg 1.0		neg 0.5080076668448612 off 0.4505058796538313 __DUMMY__ 0.041486453501307405	false	1.0
dominieren	neg 1.0		neg 0.5150786783510379 off 0.4428017426502835 __DUMMY__ 0.042119578998678554	false	1.0
schwindlig	neg 1.0		neg 0.507520319734441 off 0.4504303925140243 __DUMMY__ 0.04204928775153459	false	1.0
lutscher	neg 1.0		neg 0.4996766648760882 off 0.4591685050178188 __DUMMY__ 0.041154830106092874	false	1.0
pflicht	neg 1.0		neg 0.5199211525765437 off 0.43821144723969485 __DUMMY__ 0.04186740018376156	false	1.0
faschist	off 1.0		neg 0.5138514029943795 off 0.4447395943747175 __DUMMY__ 0.04140900263090304	false	0.5
verschleudern	neg 1.0		neg 0.5222114164194617 off 0.4362712888028979 __DUMMY__ 0.041517294777640386	false	1.0
wenn			neg 0.5086539242724923 off 0.44965153969393606 __DUMMY__ 0.04169453603357172	false	0.0
ehebruch	neg 1.0		neg 0.5188416005586193 off 0.43942286414091675 __DUMMY__ 0.04173553530046408	false	1.0
spott	off 1.0		neg 0.5198534483636507 off 0.438439215863062 __DUMMY__ 0.04170733577328738	false	0.5
trostlosigkeit	neg 1.0		neg 0.5205178308759333 off 0.4375239513804745 __DUMMY__ 0.04195821774359226	false	1.0
lutschen	neg 1.0		neg 0.5120937753539002 off 0.44628847479651573 __DUMMY__ 0.04161774984958398	false	1.0
undiszipliniert	neg 1.0		neg 0.5050470214986355 off 0.4533475770332336 __DUMMY__ 0.04160540146813106	false	1.0
kopfschmerz	neg 1.0		neg 0.5131069520713639 off 0.44485861583297664 __DUMMY__ 0.04203443209565943	false	1.0
unvorhergesehen	neg 1.0		neg 0.5132927820864642 off 0.44438753940658976 __DUMMY__ 0.042319678506946	false	1.0
desinteressiert	neg 1.0		neg 0.5065113917414006 off 0.4520032204144249 __DUMMY__ 0.04148538784417456	false	1.0
armselig	off 1.0		neg 0.5074795637597522 off 0.4512503392486568 __DUMMY__ 0.041270096991591	false	0.5
desaster	neg 1.0		neg 0.5225384490665965 off 0.4355376105591149 __DUMMY__ 0.04192394037428866	false	1.0
tod	neg 1.0		neg 0.5152007599208027 off 0.4427194431258239 __DUMMY__ 0.04207979695337338	false	1.0
herzlos	neg 1.0		neg 0.5051533955446952 off 0.4534224935949629 __DUMMY__ 0.041424110860341874	false	1.0
unwissenheit	neg 1.0		neg 0.5190166447720355 off 0.4393956265615751 __DUMMY__ 0.04158772866638936	false	1.0
widersinnig	neg 1.0	neg 1.0	neg 0.7464772936792589 off 0.23371897199668587 __DUMMY__ 0.01980373432405525	false	1.0
bedenklich	neg 1.0		neg 0.5188077808914965 off 0.43942886149953225 __DUMMY__ 0.04176335760897111	false	1.0
beanstanden	neg 1.0		neg 0.5197026709214199 off 0.4383311280331342 __DUMMY__ 0.04196620104544607	false	1.0
panisch	neg 1.0	neg 1.0	neg 0.7395775827940052 off 0.240278925985415 __DUMMY__ 0.020143491220579707	false	1.0
debil	off 1.0		neg 0.523970682987004 off 0.43384179561921343 __DUMMY__ 0.04218752139378275	false	0.5
abstrich	neg 1.0		neg 0.5170924640401675 off 0.4410690392873969 __DUMMY__ 0.041838496672435575	false	1.0
primitiv	neg 1.0		neg 0.5080832433702666 off 0.45050311320002767 __DUMMY__ 0.04141364342970579	false	1.0
abschaum	off 1.0	off 1.0	off 0.7086551495818191 neg 0.2715469729279007 __DUMMY__ 0.01979787749028017	false	1.0
provozieren	neg 1.0		neg 0.5140033267811395 off 0.44431736855293075 __DUMMY__ 0.041679304665929826	false	1.0
tot	neg 1.0		neg 0.5171637481518301 off 0.44088864042105197 __DUMMY__ 0.04194761142711787	false	1.0
instabil	neg 1.0		neg 0.5090402260334673 off 0.4496248681491694 __DUMMY__ 0.041334905817363085	false	1.0
schwuchtel	off 1.0		neg 0.4955666319049831 off 0.46346529935316866 __DUMMY__ 0.0409680687418482	false	0.5
zerren	neg 1.0		neg 0.5131449470219837 off 0.4448334966008104 __DUMMY__ 0.042021556377206004	false	1.0
kinderficker	off 1.0		neg 0.5054448466512477 off 0.4534061593508983 __DUMMY__ 0.04114899399785411	false	0.5
gefahr	neg 1.0		neg 0.5191656835970865 off 0.4388519125617338 __DUMMY__ 0.041982403841179655	false	1.0
rabiat	neg 1.0		neg 0.5148353974849715 off 0.44348098949360704 __DUMMY__ 0.041683613021421415	false	1.0
verlangsamung	neg 1.0		neg 0.5025764807565921 off 0.4562241932264058 __DUMMY__ 0.041199326017002026	false	1.0
ausgestorben	neg 1.0		neg 0.513192476246824 off 0.44488089384644913 __DUMMY__ 0.04192662990672677	false	1.0
anklagen	neg 1.0		neg 0.5167708437254216 off 0.4414880770482167 __DUMMY__ 0.041741079226361694	false	1.0
trott	neg 1.0		neg 0.5133299191850974 off 0.44475274718062446 __DUMMY__ 0.04191733363427817	false	1.0
verminderung	neg 1.0		neg 0.5071476604516075 off 0.451386239922966 __DUMMY__ 0.04146609962542653	false	1.0
nach			neg 0.5172218504393344 off 0.44013524357810085 __DUMMY__ 0.04264290598256475	false	0.0
rost	neg 1.0		neg 0.5038489492180002 off 0.45491204089642345 __DUMMY__ 0.041239009885576446	false	1.0
destruktiv	neg 1.0		neg 0.5170293444081356 off 0.441435100983783 __DUMMY__ 0.0415355546080813	false	1.0
unzumutbarkeit	neg 1.0		neg 0.5069338157237783 off 0.4512503545451842 __DUMMY__ 0.041815829731037535	false	1.0
labil	off 1.0	off 1.0	off 0.7089264470446899 neg 0.271239357129717 __DUMMY__ 0.019834195825593245	false	1.0
ziemlich	neg 1.0		neg 0.5059229463507073 off 0.4523388788299537 __DUMMY__ 0.04173817481933906	false	1.0
lachnummer	off 1.0		neg 0.514969526087442 off 0.44332013786210356 __DUMMY__ 0.041710336050454516	false	0.5
oder			neg 0.5110790994281176 off 0.4469155930917266 __DUMMY__ 0.042005307480155823	false	0.0
verfall	neg 1.0		neg 0.5246741639265192 off 0.4333093735349921 __DUMMY__ 0.042016462538488716	false	1.0
ausgrenzung	neg 1.0		neg 0.5153226087785975 off 0.4432192476730883 __DUMMY__ 0.041458143548314196	false	1.0
unordnung	neg 1.0		neg 0.5058966344933171 off 0.45229436476782237 __DUMMY__ 0.04180900073886056	false	1.0
fehlverhalten	neg 1.0		neg 0.5200541866847084 off 0.4381299035358925 __DUMMY__ 0.04181590977939923	false	1.0
eine			neg 0.5188337012953981 off 0.4391570934706754 __DUMMY__ 0.04200920523392652	false	0.0
nille	neg 1.0		neg 0.5147316700052355 off 0.4434061368084173 __DUMMY__ 0.04186219318634722	false	1.0
qual	neg 1.0		neg 0.514016855022935 off 0.4441050671425126 __DUMMY__ 0.04187807783455247	false	1.0
verschwenden	neg 1.0		neg 0.5176434786838707 off 0.44054819438158516 __DUMMY__ 0.04180832693454405	false	1.0
riesig	neg 1.0	neg 1.0	neg 0.744197976850876 off 0.23567285613022076 __DUMMY__ 0.02012916701890333	false	1.0
verurteilen	neg 1.0		neg 0.5180829794093756 off 0.44023517136930185 __DUMMY__ 0.04168184922132252	false	1.0
klischee	neg 1.0	neg 1.0	neg 0.7423492914277268 off 0.23784738632375158 __DUMMY__ 0.019803322248521618	false	1.0
diktatorisch	neg 1.0		neg 0.5166111480654849 off 0.4420303024908458 __DUMMY__ 0.041358549443669235	false	1.0
vorhersehbar	neg 1.0	neg 1.0	neg 0.7423370398282666 off 0.23780855172187088 __DUMMY__ 0.019854408449862537	false	1.0
sowie			neg 0.5036520268407949 off 0.45502545450247567 __DUMMY__ 0.041322518656729285	false	0.0
stornieren	neg 1.0		neg 0.5081782162311161 off 0.44958773351689246 __DUMMY__ 0.04223405025199151	false	1.0
besteuerung	neg 1.0		neg 0.515561059978792 off 0.44291088365108416 __DUMMY__ 0.041528056370123696	false	1.0
ungeschminkt	neg 1.0		neg 0.5075812428619199 off 0.45088142240037715 __DUMMY__ 0.041537334737703165	false	1.0
kritisch	neg 1.0		neg 0.5187754081572239 off 0.439429096685006 __DUMMY__ 0.04179549515777014	false	1.0
schlamperei	off 1.0		neg 0.5201820216180107 off 0.4380211920922117 __DUMMY__ 0.041796786289777635	false	0.5
sucht	neg 1.0	neg 1.0	neg 0.74257797003004 off 0.23736629705962653 __DUMMY__ 0.0200557329103335	false	1.0
egoistisch	off 1.0		neg 0.5022006466349188 off 0.4564109123723383 __DUMMY__ 0.04138844099274281	false	0.5
ausbeuter	off 1.0		neg 0.5214620647120827 off 0.43684198053812223 __DUMMY__ 0.04169595474979504	false	0.5
arschgeburt	off 1.0		neg 0.49622115557944996 off 0.4628861304026632 __DUMMY__ 0.04089271401788674	false	0.5
schubs	neg 1.0	neg 1.0	neg 0.743082080538621 off 0.23676743685457852 __DUMMY__ 0.02015048260680057	false	1.0
unsolide	neg 1.0		neg 0.5178622871557172 off 0.4409796931840132 __DUMMY__ 0.04115801966026963	false	1.0
beschwerde	neg 1.0		neg 0.5197990175775168 off 0.43839698302937297 __DUMMY__ 0.04180399939311031	false	1.0
stocken	neg 1.0		neg 0.518297040218852 off 0.43982842274967254 __DUMMY__ 0.041874537031475395	false	1.0
isolieren	neg 1.0		neg 0.5181595872870596 off 0.440102517355146 __DUMMY__ 0.041737895357794486	false	1.0
unheilbar	neg 1.0		neg 0.5128911538173306 off 0.4452864774431193 __DUMMY__ 0.04182236873955005	false	1.0
pisser	off 1.0		neg 0.5059538855420743 off 0.45246894393445475 __DUMMY__ 0.041577170523470854	false	0.5
löschen	neg 1.0		neg 0.513814947487245 off 0.44437216817373226 __DUMMY__ 0.04181288433902265	false	1.0
durchfallen	neg 1.0		neg 0.5178627456149958 off 0.44043550883805954 __DUMMY__ 0.041701745546944724	false	1.0
wichser	off 1.0		neg 0.4973763563468914 off 0.46140037174979914 __DUMMY__ 0.04122327190330946	false	0.5
terror	neg 1.0		neg 0.5088671137868553 off 0.4492312662759955 __DUMMY__ 0.04190161993714919	false	1.0
krass	neg 1.0		neg 0.5037297172030298 off 0.45478630285322713 __DUMMY__ 0.04148397994374293	false	1.0
revolte	neg 1.0		neg 0.5140176819807544 off 0.4444825617750642 __DUMMY__ 0.04149975624418144	false	1.0
besorgt	neg 1.0		neg 0.5135571148427406 off 0.44435062183471413 __DUMMY__ 0.04209226332254522	false	1.0
nachlassen	neg 1.0		neg 0.5186648012292686 off 0.43945718050664123 __DUMMY__ 0.041878018264090155	false	1.0
alt	neg 1.0		neg 0.5165351348611187 off 0.4415350516711469 __DUMMY__ 0.041929813467734466	false	1.0
hundesohn	off 1.0		neg 0.5008092600978169 off 0.4580740209723573 __DUMMY__ 0.0411167189298257	false	0.5
als			neg 0.5136856497211724 off 0.4442674249869053 __DUMMY__ 0.042046925291922284	false	0.0
abschreckung	neg 1.0		neg 0.5211299454396277 off 0.4369652555243111 __DUMMY__ 0.04190479903606131	false	1.0
unqualifiziert	neg 1.0		neg 0.5133932824140419 off 0.4452237769579036 __DUMMY__ 0.04138294062805442	false	1.0
abgewichst	off 1.0		neg 0.5151765120202332 off 0.44292531937817686 __DUMMY__ 0.04189816860158998	false	0.5
schwer	neg 1.0		neg 0.5131477044369489 off 0.4449865242244747 __DUMMY__ 0.041865771338576274	false	1.0
bedeutungslosigkeit	neg 1.0		neg 0.5202234179325884 off 0.43790816844885955 __DUMMY__ 0.04186841361855209	false	1.0
kapitulation	neg 1.0		neg 0.5211724435465187 off 0.43723563541706684 __DUMMY__ 0.041591921036414375	false	1.0
unscharf	neg 1.0		neg 0.5103511706239531 off 0.44787287158404093 __DUMMY__ 0.041775957792006053	false	1.0
schwinden	neg 1.0		neg 0.5204345367755938 off 0.437704782010343 __DUMMY__ 0.04186068121406316	false	1.0
versklavung	neg 1.0		neg 0.5173248240231563 off 0.4413372487878601 __DUMMY__ 0.041337927188983506	false	1.0
schlecht	neg 1.0		neg 0.5057506852892112 off 0.45250310307467506 __DUMMY__ 0.041746211636113716	false	1.0
verhasst	neg 1.0		neg 0.5135945903138717 off 0.44473654006064056 __DUMMY__ 0.04166886962548775	false	1.0
beschweren	neg 1.0		neg 0.5114483306131414 off 0.4467896733235168 __DUMMY__ 0.04176199606334167	false	1.0
scheiden	neg 1.0		neg 0.5084028245005682 off 0.44933612806778017 __DUMMY__ 0.042261047431651766	false	1.0
frustriert	neg 1.0		neg 0.5143380701057146 off 0.4437697841394861 __DUMMY__ 0.04189214575479911	false	1.0
schimmelig	neg 1.0		neg 0.5161622631572289 off 0.4417909469257373 __DUMMY__ 0.04204678991703391	false	1.0
fisch	neg 1.0		neg 0.5143083382401833 off 0.4432953029510387 __DUMMY__ 0.04239635880877798	false	1.0
schmuggel	neg 1.0		neg 0.5172421861206793 off 0.4405961905685338 __DUMMY__ 0.04216162331078689	false	1.0
auffallen	neg 1.0		neg 0.5100027421759644 off 0.44818987642044983 __DUMMY__ 0.04180738140358581	false	1.0
konkurrenz	neg 1.0	neg 1.0	neg 0.746444062780798 off 0.23342602375288934 __DUMMY__ 0.020129913466312623	false	1.0
teufelskreis	neg 1.0	neg 1.0	neg 0.7444997969582197 off 0.235587328371359 __DUMMY__ 0.0199128746704214	false	1.0
aufschreien	neg 1.0		neg 0.5120809956929455 off 0.4462937245354681 __DUMMY__ 0.04162527977158651	false	1.0
schuldner	neg 1.0		neg 0.5195618161760774 off 0.4385249137244809 __DUMMY__ 0.041913270099441784	false	1.0
missgeburt	off 1.0	off 1.0	off 0.7125113443009458 neg 0.26775657629206245 __DUMMY__ 0.019732079406991843	false	1.0
arbeitslos	neg 1.0		neg 0.5173096148115347 off 0.44096524374873153 __DUMMY__ 0.04172514143973378	false	1.0
befallen	neg 1.0		neg 0.5185839351337628 off 0.4398547625503464 __DUMMY__ 0.041561302315890725	false	1.0
miesepetrig	off 1.0	off 1.0	off 0.7107760624187347 neg 0.26929641011443317 __DUMMY__ 0.019927527466831973	false	1.0
alarmieren	neg 1.0		neg 0.5109239414094372 off 0.44759670551690656 __DUMMY__ 0.04147935307365623	false	1.0
ungeduscht	off 1.0		neg 0.5078685622641802 off 0.4502861088873745 __DUMMY__ 0.041845328848445267	false	0.5
knappheit	neg 1.0		neg 0.5203659210543614 off 0.4379855090912645 __DUMMY__ 0.04164856985437413	false	1.0
schlange	neg 1.0		neg 0.5083238384685907 off 0.44960342364728817 __DUMMY__ 0.04207273788412111	false	1.0
harsch	neg 1.0		neg 0.5008934962513324 off 0.45740691703005265 __DUMMY__ 0.04169958671861505	false	1.0
lang	neg 1.0		neg 0.5130034880553628 off 0.44516347073142243 __DUMMY__ 0.04183304121321466	false	1.0
ziellos	neg 1.0		neg 0.5144519984301236 off 0.44348914967477454 __DUMMY__ 0.04205885189510181	false	1.0
selbstverliebt	neg 1.0		neg 0.4988433557956292 off 0.4601921479964509 __DUMMY__ 0.04096449620791986	false	1.0
beseitigen	neg 1.0	neg 1.0	neg 0.742823364459229 off 0.23707418179550965 __DUMMY__ 0.020102453745261303	false	1.0
dumm	off 1.0		neg 0.5017190460091818 off 0.45698075876396443 __DUMMY__ 0.04130019522685362	false	0.5
arbeitsloser	neg 1.0		neg 0.5164303022289508 off 0.441638120937852 __DUMMY__ 0.04193157683319712	false	1.0
blitzen	neg 1.0		neg 0.5103884235747188 off 0.4479073344054936 __DUMMY__ 0.04170424201978743	false	1.0
hilflos	neg 1.0		neg 0.515185555403637 off 0.44294256540091975 __DUMMY__ 0.04187187919544331	false	1.0
eklig	off 1.0		neg 0.5006938111058162 off 0.4579959131869958 __DUMMY__ 0.04131027570718803	false	0.5
begriff			neg 0.5164842989360084 off 0.44182161103262635 __DUMMY__ 0.04169409003136515	false	0.0
hungersnot	neg 1.0		neg 0.5160413102158353 off 0.4421327733176539 __DUMMY__ 0.041825916466510744	false	1.0
ungesetzlich	neg 1.0		neg 0.5173181152734848 off 0.44148324105923153 __DUMMY__ 0.041198643667283597	false	1.0
verschwendung	neg 1.0		neg 0.5187513632958741 off 0.43937614654391444 __DUMMY__ 0.04187249016021139	false	1.0
schmerzvoll	neg 1.0		neg 0.5111273090015365 off 0.44707438906144287 __DUMMY__ 0.041798301937020624	false	1.0
vorzeitig	neg 1.0		neg 0.508738438124403 off 0.44939799447938084 __DUMMY__ 0.041863567396216085	false	1.0
unvollkommenheit	neg 1.0		neg 0.5136555437799963 off 0.44421210604665434 __DUMMY__ 0.04213235017334925	false	1.0
intervenieren	neg 1.0		neg 0.5209870875812227 off 0.43731161488536613 __DUMMY__ 0.04170129753341122	false	1.0
banause	off 1.0		neg 0.4995732002339067 off 0.4592820528711252 __DUMMY__ 0.041144746894968005	false	0.5
rebell	neg 1.0		neg 0.521264064073332 off 0.43667634515881565 __DUMMY__ 0.04205959076785241	false	1.0
unlogisch	neg 1.0		neg 0.5047063638177247 off 0.45378904294161154 __DUMMY__ 0.041504593240663794	false	1.0
leiden	neg 1.0		neg 0.5139713383917727 off 0.44363595089560376 __DUMMY__ 0.04239271071262347	false	1.0
abschaffung	neg 1.0		neg 0.5153143147524983 off 0.4431017542881644 __DUMMY__ 0.04158393095933728	false	1.0
sturz	neg 1.0		neg 0.5124201511725196 off 0.44564240498273655 __DUMMY__ 0.0419374438447438	false	1.0
verkleinerung	neg 1.0		neg 0.5134053624541738 off 0.44516880960836563 __DUMMY__ 0.04142582793746064	false	1.0
schmarotzer	off 1.0		neg 0.5183986319814603 off 0.43996244801719636 __DUMMY__ 0.04163892000134331	false	0.5
bestrafung	neg 1.0		neg 0.5130833323400479 off 0.44523725703428835 __DUMMY__ 0.04167941062566388	false	1.0
achtlos	neg 1.0		neg 0.5122388753851083 off 0.44579882226181794 __DUMMY__ 0.04196230235307393	false	1.0
ungeheuer	neg 1.0		neg 0.5086233123378395 off 0.44951089963532 __DUMMY__ 0.041865788026840635	false	1.0
unaufrichtig	neg 1.0		neg 0.5145610264920435 off 0.4440106157255092 __DUMMY__ 0.04142835778244738	false	1.0
groggy	neg 1.0		neg 0.5117485432709443 off 0.44661130705113705 __DUMMY__ 0.04164014967791856	false	1.0
