unsolidarisch	neg 1.0		__DUMMY__ 0.8759037698352666 neg 0.06970600388639778 off 0.05439022627833552	false	1.0
nachteilig	neg 1.0		__DUMMY__ 0.8837381670423633 neg 0.06568592170530832 off 0.05057591125232828	false	1.0
skeptisch	neg 1.0		__DUMMY__ 0.8848423359363461 neg 0.06514621153146498 off 0.05001145253218892	false	1.0
schrecklich	neg 1.0		__DUMMY__ 0.8795998477807794 off 0.06284657693448015 neg 0.057553575284740484	false	0.5
schlapp	neg 1.0		__DUMMY__ 0.8831615691869614 off 0.05849709514833491 neg 0.058341335664703654	false	0.5
abfall	neg 1.0		__DUMMY__ 0.885577523887539 neg 0.06689254504552543 off 0.04752993106693567	false	1.0
widerspenstig	neg 1.0		__DUMMY__ 0.8833836455986065 neg 0.06258562401683147 off 0.05403073038456207	false	1.0
abrupt	neg 1.0		__DUMMY__ 0.8885750648944931 neg 0.06140125064081523 off 0.05002368446469161	false	1.0
unwirksam	neg 1.0		__DUMMY__ 0.879459335114144 neg 0.06649644277555575 off 0.05404422211030035	false	1.0
angreifen	neg 1.0	neg 1.0	neg 0.5200096639584995 __DUMMY__ 0.44185298959976704 off 0.03813734644173345	false	1.0
inkonsistent	neg 1.0		__DUMMY__ 0.8839201666265704 neg 0.06134233931118132 off 0.05473749406224838	false	1.0
abrutschen	neg 1.0		__DUMMY__ 0.8859492342076448 neg 0.06616938426207039 off 0.04788138153028479	false	1.0
unsicher	neg 1.0		__DUMMY__ 0.884325211626436 neg 0.06123294248443596 off 0.05444184588912808	false	1.0
bauernkind	off 1.0	off 1.0	off 0.5172650853448352 __DUMMY__ 0.4360185877703281 neg 0.04671632688483675	false	1.0
angreifer	neg 1.0		__DUMMY__ 0.8851458669775446 neg 0.05934739665578182 off 0.055506736366673526	false	1.0
trennen	neg 1.0		__DUMMY__ 0.8900965885448712 neg 0.05932806843184638 off 0.050575343023282475	false	1.0
schmutz	neg 1.0		__DUMMY__ 0.8894226697362424 off 0.05543152807914039 neg 0.055145802184617225	false	0.5
inkonsistenz	neg 1.0		__DUMMY__ 0.8784045516977306 neg 0.0634528434959115 off 0.05814260480635798	false	1.0
erschreckend	neg 1.0		__DUMMY__ 0.8823034290775277 neg 0.06418945416082891 off 0.05350711676164334	false	1.0
ertrinken	neg 1.0		__DUMMY__ 0.88625163538559 neg 0.06252762981317546 off 0.05122073480123443	false	1.0
pickelface	off 1.0		__DUMMY__ 0.8837750077999385 neg 0.06376241434612505 off 0.05246257785393651	false	0.5
seiner			__DUMMY__ 0.8863620007448583 neg 0.0632942589886214 off 0.05034374026652033	false	0.0
lauch	neg 1.0		__DUMMY__ 0.8845881344257025 neg 0.067707193862543 off 0.047704671711754486	false	1.0
unwichtig	neg 1.0		__DUMMY__ 0.880150984323416 neg 0.061193387694023445 off 0.05865562798256066	false	1.0
steuerhinterziehung	neg 1.0		__DUMMY__ 0.8808131766203773 neg 0.06631792503201077 off 0.052868898347612034	false	1.0
schock	neg 1.0		__DUMMY__ 0.8874833164425779 neg 0.059015865253380255 off 0.05350081830404178	false	1.0
beule	neg 1.0		__DUMMY__ 0.8837881390153596 off 0.05867725450203064 neg 0.05753460648260978	false	0.5
vergelten	neg 1.0		__DUMMY__ 0.8835675609059529 off 0.06169684529545888 neg 0.05473559379858827	false	0.5
verdorbenheit	neg 1.0		__DUMMY__ 0.8860844889480013 neg 0.06046044946942979 off 0.053455061582569054	false	1.0
trauma	neg 1.0		__DUMMY__ 0.8827086075292223 neg 0.06209452597496667 off 0.055196866495810994	false	1.0
sinnlos	neg 1.0		__DUMMY__ 0.8836394774101941 neg 0.059891749560675896 off 0.056468773029130004	false	1.0
fettsack	off 1.0	off 1.0	off 0.518551743659427 __DUMMY__ 0.4376031123046586 neg 0.04384514403591445	false	1.0
feige	off 1.0	off 1.0	off 0.515033599675442 __DUMMY__ 0.43755067963964905 neg 0.04741572068490885	false	1.0
abdanken	neg 1.0		__DUMMY__ 0.8812012164602827 neg 0.06498577063039644 off 0.05381301290932085	false	1.0
wichtigtuer	off 1.0	off 1.0	off 0.5129791681705538 __DUMMY__ 0.43915832211601863 neg 0.0478625097134276	false	1.0
misslingen	neg 1.0		__DUMMY__ 0.8887441284559571 neg 0.05640905165610131 off 0.054846819887941524	false	1.0
untreu	off 1.0		__DUMMY__ 0.8790078524252037 neg 0.06128648916784303 off 0.05970565840695332	false	0.5
missmutig	neg 1.0		__DUMMY__ 0.8811323342594807 neg 0.06031510892872655 off 0.058552556811792764	false	1.0
hurenbock	off 1.0		__DUMMY__ 0.8851914112193283 neg 0.059621638986621 off 0.05518694979405066	false	0.5
betrunken	neg 1.0		__DUMMY__ 0.8833829456525861 off 0.06078937497822188 neg 0.05582767936919196	false	0.5
korrupt	off 1.0		__DUMMY__ 0.8780577976901677 neg 0.06956528512662899 off 0.052376917183203364	false	0.5
unmut	neg 1.0		__DUMMY__ 0.8853940234461208 neg 0.06678865437318403 off 0.0478173221806951	false	1.0
hackfresse	off 1.0		__DUMMY__ 0.8763168454393913 off 0.06588994726476367 neg 0.05779320729584509	false	1.0
aufblasen	neg 1.0		__DUMMY__ 0.8854348442397234 neg 0.05917059958288412 off 0.0553945561773925	false	1.0
gewaltsam	neg 1.0		__DUMMY__ 0.8841654178124164 neg 0.062337399352013635 off 0.05349718283556996	false	1.0
unbeliebtheit	neg 1.0		__DUMMY__ 0.8739835732126504 neg 0.06771830519866301 off 0.058298121588686594	false	1.0
sturheit	neg 1.0		__DUMMY__ 0.8814224300537038 neg 0.06498983245559423 off 0.05358773749070193	false	1.0
kuh	neg 1.0		__DUMMY__ 0.8816474922698622 neg 0.06404452030391924 off 0.05430798742621858	false	1.0
erschrecken	neg 1.0		__DUMMY__ 0.882563916934464 neg 0.05945332379245153 off 0.057982759273084376	false	1.0
opfer	neg 1.0		__DUMMY__ 0.8850366367880369 neg 0.06355198922067108 off 0.05141137399129196	false	1.0
sinken	neg 1.0		__DUMMY__ 0.8867961993913743 neg 0.06505827599418386 off 0.048145524614441826	false	1.0
stinktier	neg 1.0		__DUMMY__ 0.8774364284334705 off 0.06323909219638782 neg 0.05932447937014161	false	0.5
tucke	off 1.0		__DUMMY__ 0.8722363297924702 off 0.06616545671021525 neg 0.06159821349731442	false	1.0
ein			__DUMMY__ 0.8859683348913001 neg 0.05929376919831904 off 0.054737895910380786	false	0.0
abstieg	neg 1.0		__DUMMY__ 0.8882403540621379 neg 0.06118792608338475 off 0.050571719854477386	false	1.0
missverstehen	neg 1.0		__DUMMY__ 0.8801750156150133 neg 0.06309005813491478 off 0.05673492625007185	false	1.0
ergebnislos	neg 1.0		__DUMMY__ 0.8851977475386661 neg 0.06427643653826368 off 0.0505258159230702	false	1.0
unter			__DUMMY__ 0.894031755117168 neg 0.06223601435966096 off 0.04373223052317096	false	0.0
manipulieren	neg 1.0		__DUMMY__ 0.8837631777158932 neg 0.06614382708788798 off 0.05009299519621887	false	1.0
unbewiesen	neg 1.0		__DUMMY__ 0.8748436939980284 neg 0.07048939252210551 off 0.054666913479866054	false	1.0
verschleppen	neg 1.0		__DUMMY__ 0.8838907004884711 neg 0.06411118015747348 off 0.05199811935405542	false	1.0
weib	off 1.0		__DUMMY__ 0.8762725285936943 off 0.06585425658711505 neg 0.05787321481919056	false	1.0
opposition	neg 1.0		__DUMMY__ 0.8804016741782796 neg 0.06395216378580956 off 0.055646162035910746	false	1.0
verkehrswidrig	neg 1.0	neg 1.0	neg 0.5076699374843501 __DUMMY__ 0.4457012225611961 off 0.04662883995445387	false	1.0
inkorrekt	neg 1.0		__DUMMY__ 0.8751385765188553 neg 0.06393360590477629 off 0.06092781757636846	false	1.0
vermeiden	neg 1.0		__DUMMY__ 0.8891265706984839 neg 0.06522312736899995 off 0.045650301932516034	false	1.0
abweichung	neg 1.0		__DUMMY__ 0.884621107533348 neg 0.0645332657869968 off 0.05084562667965517	false	1.0
alkoholisiert	neg 1.0		__DUMMY__ 0.8933139416060476 neg 0.05726654715561298 off 0.04941951123833943	false	1.0
scheiss	off 1.0	off 1.0	off 0.5146801958405721 __DUMMY__ 0.4409692503251434 neg 0.04435055383428453	false	1.0
herausforderung	neg 1.0	neg 1.0	neg 0.5127541505560669 __DUMMY__ 0.4493282956381423 off 0.03791755380579091	false	1.0
pervers	off 1.0		__DUMMY__ 0.8750296603948492 off 0.06869260070784687 neg 0.05627773889730392	false	1.0
wackelig	neg 1.0		__DUMMY__ 0.8895345442995086 neg 0.05861758640653119 off 0.051847869293960194	false	1.0
verwickeln	neg 1.0		__DUMMY__ 0.8798340728632187 neg 0.06349883365547776 off 0.056667093481303506	false	1.0
vorwand	neg 1.0		__DUMMY__ 0.8848492325167492 neg 0.0657731513917022 off 0.04937761609154858	false	1.0
muschi	off 1.0		__DUMMY__ 0.8839855285156505 neg 0.06308176470492306 off 0.052932706779426464	false	0.5
entmutigung	neg 1.0		__DUMMY__ 0.8790356191717935 neg 0.06516270333975152 off 0.055801677488454875	false	1.0
unangemessen	neg 1.0		__DUMMY__ 0.8819069835643233 neg 0.06528510924570682 off 0.052807907189969944	false	1.0
unstetig	neg 1.0		__DUMMY__ 0.8860257931106219 neg 0.059180972952106496 off 0.05479323393727169	false	1.0
entmutigen	neg 1.0		__DUMMY__ 0.8827430061992887 neg 0.06171332495462186 off 0.055543668846089335	false	1.0
schwanz	neg 1.0		__DUMMY__ 0.886393738657875 neg 0.06365163625059346 off 0.049954625091531556	false	1.0
verbot	neg 1.0		__DUMMY__ 0.8812917928921477 neg 0.06657991404968351 off 0.052128293058168816	false	1.0
leid	neg 1.0		__DUMMY__ 0.8790590411780786 off 0.06375533506135327 neg 0.05718562376056806	false	0.5
archaisch	neg 1.0		__DUMMY__ 0.8835090779557759 neg 0.06399013684608569 off 0.05250078519813844	false	1.0
gegen			__DUMMY__ 0.8879006753503351 neg 0.06316805387346763 off 0.04893127077619724	false	0.0
scheidung	neg 1.0		__DUMMY__ 0.8754835043171996 off 0.07198784788558052 neg 0.052528647797219885	false	0.5
einschlag	neg 1.0	neg 1.0	neg 0.5127942635177445 __DUMMY__ 0.44062398743945275 off 0.04658174904280273	false	1.0
m			__DUMMY__ 0.8863297557911678 neg 0.0614586258370941 off 0.05221161837173815	false	0.0
abgestanden	neg 1.0		__DUMMY__ 0.8862285933665134 neg 0.059502142497691264 off 0.05426926413579534	false	1.0
schmierig	off 1.0		__DUMMY__ 0.8794908552012659 off 0.06333827606414688 neg 0.05717086873458713	false	1.0
unpraktisch	neg 1.0		__DUMMY__ 0.8869842390317259 neg 0.058094244539886035 off 0.054921516428388176	false	1.0
wixxer	off 1.0		__DUMMY__ 0.8743501917118428 off 0.06849116438782252 neg 0.05715864390033469	false	1.0
bezeichnet			__DUMMY__ 0.8819723799679053 neg 0.0639922325264246 off 0.05403538750567004	false	0.0
jammerlappen	off 1.0		__DUMMY__ 0.8803678961075968 neg 0.06084515796735293 off 0.05878694592505034	false	0.5
farce	neg 1.0		__DUMMY__ 0.8802269924643958 neg 0.06698619670762906 off 0.052786810827975005	false	1.0
zwecklos	neg 1.0		__DUMMY__ 0.882040307208087 neg 0.06524104279811162 off 0.052718649993801395	false	1.0
turbulent	neg 1.0		__DUMMY__ 0.8796717129088343 neg 0.061338729762645 off 0.058989557328520674	false	1.0
invasion	neg 1.0		__DUMMY__ 0.8837467455673178 neg 0.059757943125440485 off 0.0564953113072417	false	1.0
schuld	neg 1.0		__DUMMY__ 0.882173785761018 neg 0.06258873716760643 off 0.05523747707137565	false	1.0
risiko	neg 1.0		__DUMMY__ 0.8853131536519804 neg 0.06019957285163411 off 0.05448727349638554	false	1.0
finster	neg 1.0		__DUMMY__ 0.8848957699572472 neg 0.06046674019303283 off 0.054637489849720035	false	1.0
geisteskrank	off 1.0		__DUMMY__ 0.8775261104588876 neg 0.06210395647188184 off 0.060369933069230525	false	0.5
zusammenbrechen	neg 1.0		__DUMMY__ 0.8849686374045902 neg 0.06191298653137126 off 0.05311837606403855	false	1.0
ausbeute	neg 1.0		__DUMMY__ 0.8907075559281603 neg 0.05955056259546402 off 0.04974188147637569	false	1.0
hinterhalt	neg 1.0		__DUMMY__ 0.8875436217966745 neg 0.06010515452807871 off 0.05235122367524684	false	1.0
kritik	neg 1.0		__DUMMY__ 0.8806568878768077 neg 0.06668098256037357 off 0.052662129562818724	false	1.0
einschrumpfen	neg 1.0		__DUMMY__ 0.8786018756619925 neg 0.06439922405051333 off 0.056998900287494096	false	1.0
riskant	neg 1.0		__DUMMY__ 0.8834134697404702 neg 0.0653792874022099 off 0.051207242857319965	false	1.0
frustrieren	neg 1.0		__DUMMY__ 0.8843064575729973 neg 0.06435328456613076 off 0.05134025786087185	false	1.0
groll	neg 1.0		__DUMMY__ 0.8836445720901901 neg 0.06387741361900617 off 0.05247801429080378	false	1.0
gibt			__DUMMY__ 0.8841007561836822 neg 0.06302245834334275 off 0.05287678547297511	false	0.0
qualvoll	neg 1.0		__DUMMY__ 0.8835790312233064 neg 0.05921543489289032 off 0.0572055338838033	false	1.0
wackeln	neg 1.0	neg 1.0	neg 0.5140385612821972 __DUMMY__ 0.4444015607758714 off 0.04155987794193148	false	1.0
klagen	neg 1.0		__DUMMY__ 0.8862770401226532 neg 0.06547292968805749 off 0.04825003018928927	false	1.0
bankrott	neg 1.0		__DUMMY__ 0.8824895769005865 neg 0.05989163572268182 off 0.05761878737673177	false	1.0
trauern	neg 1.0		__DUMMY__ 0.8868575150254688 neg 0.06197716859739177 off 0.05116531637713934	false	1.0
ablehnung	neg 1.0		__DUMMY__ 0.8809134874655078 neg 0.06632647977426903 off 0.05276003276022315	false	1.0
stur	neg 1.0		__DUMMY__ 0.8814416145616102 neg 0.06280067853422155 off 0.0557577069041683	false	1.0
aufruhr	neg 1.0		__DUMMY__ 0.8841208798947535 neg 0.06237762662440292 off 0.0535014934808435	false	1.0
melancholie	neg 1.0		__DUMMY__ 0.8869824952871083 neg 0.06127290093181157 off 0.051744603781080124	false	1.0
ist			__DUMMY__ 0.8831740481698465 neg 0.060883628324123494 off 0.05594232350603002	false	0.0
torheit	neg 1.0		__DUMMY__ 0.8795371364171984 neg 0.06531501313600269 off 0.055147850446798895	false	1.0
dreckskind	off 1.0		__DUMMY__ 0.8764704885840009 off 0.06452885368578233 neg 0.05900065773021678	false	1.0
umtauschen	neg 1.0		__DUMMY__ 0.8857147924272337 neg 0.060813200534682206 off 0.05347200703808408	false	1.0
zum			__DUMMY__ 0.8952988846916959 neg 0.058937755162247 off 0.045763360146057024	false	0.0
zersetzen	neg 1.0		__DUMMY__ 0.8824018542889995 neg 0.0676338614547051 off 0.04996428425629537	false	1.0
zur			__DUMMY__ 0.8910301960548492 neg 0.06357210113205827 off 0.045397702813092466	false	0.0
frust	neg 1.0		__DUMMY__ 0.8850879625794311 neg 0.06187846428045582 off 0.053033573140113026	false	1.0
unerbittlichkeit	neg 1.0		__DUMMY__ 0.8834173045103773 neg 0.06649434671869679 off 0.05008834877092591	false	1.0
zwei			__DUMMY__ 0.8927782670629878 neg 0.05953921494894237 off 0.04768251798806991	false	0.0
unkorrekt	neg 1.0		__DUMMY__ 0.8753705617339939 neg 0.06330458475234944 off 0.06132485351365678	false	1.0
hexe	off 1.0		__DUMMY__ 0.881258742994333 neg 0.05970174803701783 off 0.05903950896864918	false	0.5
lasch	neg 1.0		__DUMMY__ 0.8787861108303016 neg 0.06343444614350269 off 0.05777944302619578	false	1.0
rivale	neg 1.0		__DUMMY__ 0.8808150297106341 off 0.06100246908743132 neg 0.05818250120193465	false	0.5
mutlos	off 1.0	off 1.0	off 0.5088643731603845 __DUMMY__ 0.4399599702983584 neg 0.05117565654125709	false	1.0
wirr	off 1.0		__DUMMY__ 0.8759126124695135 neg 0.06262080409956397 off 0.061466583430922636	false	0.5
jahr			__DUMMY__ 0.8919347631183864 neg 0.05885209338557302 off 0.04921314349604057	false	0.0
wird			__DUMMY__ 0.8857335602690259 neg 0.06270904510932719 off 0.051557394621646935	false	0.0
strafbar	neg 1.0		__DUMMY__ 0.8827916993483086 neg 0.06583966052788194 off 0.0513686401238095	false	1.0
erosion	neg 1.0		__DUMMY__ 0.8849072993227597 neg 0.060380801739523086 off 0.054711898937717184	false	1.0
eingehen	neg 1.0		__DUMMY__ 0.8817234673114422 neg 0.0661405835300869 off 0.05213594915847082	false	1.0
faul	off 1.0		__DUMMY__ 0.8838289018929859 neg 0.058421531429050995 off 0.057749566677963125	false	0.5
provisorium	neg 1.0		__DUMMY__ 0.8919811093401513 neg 0.06465958857765902 off 0.04335930208218968	false	1.0
schmerzen	neg 1.0		__DUMMY__ 0.8846397040642727 neg 0.061557719016838555 off 0.0538025769188887	false	1.0
schrumpfen	neg 1.0		__DUMMY__ 0.88642413323842 neg 0.06779972902213592 off 0.04577613773944413	false	1.0
geistlos	off 1.0		__DUMMY__ 0.8752691878163192 neg 0.06786964714228455 off 0.05686116504139631	false	0.5
fehlkauf	neg 1.0		__DUMMY__ 0.8816182515026907 neg 0.06251804050475386 off 0.055863707992555516	false	1.0
frustrierend	neg 1.0		__DUMMY__ 0.8837263452430404 neg 0.05835113801514646 off 0.05792251674181311	false	1.0
unzufrieden	neg 1.0		__DUMMY__ 0.8824982055693739 neg 0.06486910190765263 off 0.05263269252297347	false	1.0
verzweifeln	neg 1.0		__DUMMY__ 0.8839404514276665 neg 0.06205579704333717 off 0.054003751528996384	false	1.0
verzweifelt	neg 1.0		__DUMMY__ 0.8818698745789872 neg 0.062325838753165747 off 0.055804286667846995	false	1.0
misstrauensantrag	neg 1.0		__DUMMY__ 0.8813725334520918 neg 0.06242161286976013 off 0.05620585367814805	false	1.0
abfallen	neg 1.0		__DUMMY__ 0.8863896851596819 neg 0.058445118346687586 off 0.05516519649363062	false	1.0
fucker	off 1.0		__DUMMY__ 0.8786528756597297 off 0.060785690218435044 neg 0.06056143412183524	false	1.0
ungezogen	neg 1.0		__DUMMY__ 0.8772753640785466 off 0.06713320741372837 neg 0.055591428507725096	false	0.5
irrsinnig	neg 1.0	neg 1.0	neg 0.517736292234737 __DUMMY__ 0.44020447742837776 off 0.0420592303368852	false	1.0
unfassbar	neg 1.0		__DUMMY__ 0.880265336661991 neg 0.06033456314336845 off 0.05940010019464046	false	1.0
hart	neg 1.0		__DUMMY__ 0.8825446186041644 neg 0.06025652163580675 off 0.05719885976002874	false	1.0
widerlich	off 1.0		__DUMMY__ 0.8776422071440431 neg 0.062126989022849896 off 0.060230803833106916	false	0.5
fatal	neg 1.0		__DUMMY__ 0.8818421303035047 neg 0.06196535290101194 off 0.05619251679548338	false	1.0
bruch	neg 1.0		__DUMMY__ 0.8853366581382881 neg 0.06622487035218129 off 0.0484384715095307	false	1.0
aushungern	neg 1.0		__DUMMY__ 0.8800757550299482 neg 0.06630314593707383 off 0.053621099032978056	false	1.0
anspannung	neg 1.0	neg 1.0	neg 0.5152958793137331 __DUMMY__ 0.4497349862805625 off 0.034969134405704295	false	1.0
von			__DUMMY__ 0.8917213761409933 neg 0.059645956021296576 off 0.04863266783771017	false	0.0
kraftlos	neg 1.0		__DUMMY__ 0.8874486290189001 neg 0.0601656400860071 off 0.052385730895092866	false	1.0
vom			__DUMMY__ 0.8953690345117916 neg 0.060759111756305086 off 0.04387185373190339	false	0.0
grenzdebil	off 1.0		__DUMMY__ 0.8804691114274772 off 0.0602409689529477 neg 0.059289919619575075	false	1.0
vor			__DUMMY__ 0.8875023258673186 neg 0.06315679683855678 off 0.04934087729412471	false	0.0
unterwerfen	neg 1.0		__DUMMY__ 0.8839890837287627 neg 0.06489300333389748 off 0.05111791293733984	false	1.0
versenkung	neg 1.0		__DUMMY__ 0.8844653071034532 neg 0.06457187336815305 off 0.05096281952839371	false	1.0
entziehen	neg 1.0		__DUMMY__ 0.8856031531753679 neg 0.06559809973166794 off 0.04879874709296416	false	1.0
finanzkrise	neg 1.0		__DUMMY__ 0.8800558697589647 neg 0.06654460121543954 off 0.05339952902559572	false	1.0
schimpfend	neg 1.0		__DUMMY__ 0.8870614229367821 neg 0.0581287114175593 off 0.0548098656456586	false	1.0
profan	neg 1.0		__DUMMY__ 0.8823125080530778 neg 0.06079501270808606 off 0.05689247923883614	false	1.0
korruption	neg 1.0	neg 1.0	neg 0.520895871255522 __DUMMY__ 0.43968046230517793 off 0.039423666439300106	false	1.0
â			__DUMMY__ 0.8857841350198588 neg 0.06297884833079287 off 0.05123701664934836	false	0.0
schmutzig	neg 1.0		__DUMMY__ 0.8813729157000733 off 0.05969215161795098 neg 0.05893493268197573	false	0.5
sexy	neg 1.0		__DUMMY__ 0.881865957326233 neg 0.06067031694792518 off 0.057463725725841894	false	1.0
abraten	neg 1.0		__DUMMY__ 0.8831298002163195 neg 0.06093255277399063 off 0.055937647009689784	false	1.0
schwarz	neg 1.0		__DUMMY__ 0.8816518448197295 neg 0.06272786044000633 off 0.055620294740264184	false	1.0
fotze	off 1.0		__DUMMY__ 0.8844829887018621 neg 0.06454468185739108 off 0.050972329440746776	false	0.5
verwirren	neg 1.0		__DUMMY__ 0.8823459288708088 neg 0.06049941779944642 off 0.05715465332974485	false	1.0
zahnlos	off 1.0		__DUMMY__ 0.8822881566377349 neg 0.0650481685311477 off 0.05266367483111739	false	0.5
verheeren	neg 1.0		__DUMMY__ 0.8775006430602187 off 0.06815312196625939 neg 0.05434623497352188	false	0.5
hippie	neg 1.0		__DUMMY__ 0.8814118889790395 neg 0.06150975503825283 off 0.05707835598270761	false	1.0
rammen	neg 1.0		__DUMMY__ 0.8833566241793026 neg 0.062084280866575615 off 0.05455909495412178	false	1.0
unlauter	neg 1.0		__DUMMY__ 0.8779648459275525 neg 0.06722963217545427 off 0.05480552189699314	false	1.0
unheilvoll	neg 1.0		__DUMMY__ 0.8859030728374355 neg 0.05797107415698562 off 0.05612585300557881	false	1.0
niedrig	neg 1.0		__DUMMY__ 0.8864221550645411 neg 0.06356385018433 off 0.05001399475112889	false	1.0
explosion	neg 1.0		__DUMMY__ 0.8813091237716373 neg 0.0622068016414634 off 0.056484074586899344	false	1.0
weichei	off 1.0		__DUMMY__ 0.8771234836808783 off 0.06449290729662198 neg 0.05838360902249975	false	1.0
minusmensch	off 1.0		__DUMMY__ 0.8710336352508496 off 0.06822014341405372 neg 0.06074622133509656	false	1.0
farblos	neg 1.0		__DUMMY__ 0.8898507358809943 neg 0.05728433921008718 off 0.052864924908918615	false	1.0
unwissend	neg 1.0	neg 1.0	neg 0.5164671466125496 __DUMMY__ 0.43866656922367286 off 0.04486628416377761	false	1.0
traurig	neg 1.0		__DUMMY__ 0.8803865183263005 off 0.06194131032831018 neg 0.05767217134538929	false	0.5
senkung	neg 1.0		__DUMMY__ 0.8794647243130836 neg 0.06388763943243604 off 0.05664763625448033	false	1.0
ungleich	neg 1.0	neg 1.0	neg 0.5212362791254616 __DUMMY__ 0.44023096740807566 off 0.03853275346646281	false	1.0
heikel	neg 1.0		__DUMMY__ 0.8836498241832653 neg 0.06623249334840568 off 0.05011768246832896	false	1.0
drosselung	neg 1.0		__DUMMY__ 0.8815668513076694 off 0.059620179538130064 neg 0.05881296915420052	false	0.5
falsch	neg 1.0		__DUMMY__ 0.8819156772130229 neg 0.05998858714920549 off 0.058095735637771664	false	1.0
unzufriedenheit	neg 1.0		__DUMMY__ 0.883842011074312 neg 0.06648733518534986 off 0.04967065374033813	false	1.0
kurz	neg 1.0		__DUMMY__ 0.8877465665186679 neg 0.05953110875134948 off 0.052722324729982534	false	1.0
unsinnig	neg 1.0		__DUMMY__ 0.8809464209856761 neg 0.06600015780001597 off 0.05305342121430791	false	1.0
penner	off 1.0	off 1.0	off 0.5203790155812902 __DUMMY__ 0.4362830562598483 neg 0.04333792815886147	false	1.0
seicht	neg 1.0		__DUMMY__ 0.8732230068364262 off 0.0672755629402403 neg 0.05950143022333348	false	0.5
dummheit	off 1.0	off 1.0	off 0.5132022857452739 __DUMMY__ 0.43863042097973837 neg 0.0481672932749877	false	1.0
unerfreulich	neg 1.0		__DUMMY__ 0.8861866945168015 neg 0.06465286692667604 off 0.04916043855652238	false	1.0
motherfucker	off 1.0	off 1.0	off 0.5161483308452031 __DUMMY__ 0.4373235585569137 neg 0.046528110597883296	false	1.0
pikiert	neg 1.0		__DUMMY__ 0.8776499637692938 neg 0.06309235549336069 off 0.05925768073734559	false	1.0
wrack	neg 1.0		__DUMMY__ 0.8898074161167564 neg 0.05981298085860603 off 0.05037960302463763	false	1.0
gangster	neg 1.0		__DUMMY__ 0.8823822107521806 neg 0.060934436370453295 off 0.05668335287736611	false	1.0
krank	neg 1.0		__DUMMY__ 0.8822494094373218 off 0.06025121780960649 neg 0.057499372753071785	false	0.5
reich	neg 1.0		__DUMMY__ 0.8795483074859411 neg 0.06246956572551169 off 0.057982126788547105	false	1.0
gnadenlos	neg 1.0		__DUMMY__ 0.8827967159964634 neg 0.06194146714328069 off 0.055261816860255844	false	1.0
niedergeschlagen	neg 1.0		__DUMMY__ 0.8860467701356206 neg 0.06087402389653964 off 0.05307920596783968	false	1.0
terrorisieren	off 1.0	off 1.0	off 0.5091084242414128 __DUMMY__ 0.4421492744902167 neg 0.048742301268370584	false	1.0
sinnlosigkeit	neg 1.0		__DUMMY__ 0.8827017600114295 neg 0.06459650296553059 off 0.05270173702303991	false	1.0
behindern	neg 1.0		__DUMMY__ 0.8825470252114824 neg 0.06395979462810507 off 0.0534931801604125	false	1.0
undemokratisch	neg 1.0		__DUMMY__ 0.8793893704537844 neg 0.06530566151139348 off 0.05530496803482216	false	1.0
wirtschaftskrise	neg 1.0		__DUMMY__ 0.8822720186669095 neg 0.06626170575122887 off 0.05146627558186171	false	1.0
neid	neg 1.0		__DUMMY__ 0.8845700187922633 off 0.0584474387437414 neg 0.05698254246399542	false	0.5
rutschen	neg 1.0	neg 1.0	neg 0.5143231623428409 __DUMMY__ 0.44958279062349515 off 0.036094047033663854	false	1.0
rezession	neg 1.0		__DUMMY__ 0.8757606237558543 off 0.06279092578211068 neg 0.06144845046203506	false	0.5
fehlgeburt	neg 1.0		__DUMMY__ 0.8856993684042453 neg 0.05837581000325165 off 0.0559248215925031	false	1.0
charakterschwach	off 1.0		__DUMMY__ 0.8796252257790939 neg 0.06036384002387423 off 0.06001093419703182	false	0.5
isolation	neg 1.0		__DUMMY__ 0.8836637058934407 neg 0.05853229145655436 off 0.05780400265000493	false	1.0
ablenkung	neg 1.0		__DUMMY__ 0.8840093528584911 neg 0.06138518234518738 off 0.0546054647963215	false	1.0
pech	neg 1.0		__DUMMY__ 0.8837637249442293 neg 0.05883247886661603 off 0.057403796189154775	false	1.0
vermeidung	neg 1.0		__DUMMY__ 0.8788053223855382 neg 0.06125685918768371 off 0.05993781842677807	false	1.0
dominieren	neg 1.0		__DUMMY__ 0.8880458553713261 neg 0.0607249249413034 off 0.05122921968737063	false	1.0
schwindlig	neg 1.0		__DUMMY__ 0.8871010332907341 neg 0.05677037900923794 off 0.05612858770002801	false	1.0
lutscher	neg 1.0		__DUMMY__ 0.8743507702210922 off 0.06770295594602918 neg 0.057946273832878724	false	0.5
pflicht	neg 1.0		__DUMMY__ 0.883990737240426 neg 0.06587578804808686 off 0.05013347471148703	false	1.0
faschist	off 1.0		__DUMMY__ 0.8779759419459483 neg 0.0648072415603554 off 0.05721681649369622	false	0.5
verschleudern	neg 1.0		__DUMMY__ 0.8793037886834284 neg 0.06993653800254915 off 0.0507596733140224	false	1.0
wenn			__DUMMY__ 0.8816430930878043 neg 0.06004284696163616 off 0.0583140599505596	false	0.0
ehebruch	neg 1.0		__DUMMY__ 0.8824714605131062 neg 0.06586778442671917 off 0.05166075506017463	false	1.0
spott	off 1.0		__DUMMY__ 0.8819942556619291 neg 0.06677426004100762 off 0.0512314842970632	false	0.5
trostlosigkeit	neg 1.0		__DUMMY__ 0.8856108069317994 neg 0.06549467757255711 off 0.048894515495643505	false	1.0
lutschen	neg 1.0		__DUMMY__ 0.8809122138404077 neg 0.06253594198911196 off 0.0565518441704803	false	1.0
undiszipliniert	neg 1.0		__DUMMY__ 0.8806405072389498 off 0.061113504443292 neg 0.05824598831775821	false	0.5
kopfschmerz	neg 1.0		__DUMMY__ 0.8868501755785073 neg 0.060583684511884756 off 0.052566139909608	false	1.0
unvorhergesehen	neg 1.0		__DUMMY__ 0.8908881757633109 neg 0.0585043979531027 off 0.05060742628358634	false	1.0
desinteressiert	neg 1.0		__DUMMY__ 0.8788352246451168 off 0.06108465327345545 neg 0.0600801220814278	false	0.5
armselig	off 1.0		__DUMMY__ 0.8757065897674223 neg 0.06225521025315773 off 0.06203819997941998	false	0.5
desaster	neg 1.0		__DUMMY__ 0.8849752314229536 neg 0.06703203297363661 off 0.04799273560340967	false	1.0
tod	neg 1.0		__DUMMY__ 0.8877905904322347 neg 0.06102965030596855 off 0.05117975926179673	false	1.0
herzlos	neg 1.0		__DUMMY__ 0.8779313180576694 off 0.062392892042006924 neg 0.05967578990032369	false	0.5
unwissenheit	neg 1.0		__DUMMY__ 0.8802221629205362 neg 0.06726763160675116 off 0.05251020547271271	false	1.0
widersinnig	neg 1.0	neg 1.0	neg 0.5215529242502797 __DUMMY__ 0.43824492180864144 off 0.04020215394107881	false	1.0
bedenklich	neg 1.0		__DUMMY__ 0.8826133330595826 neg 0.06596511824394678 off 0.051421548696470636	false	1.0
beanstanden	neg 1.0		__DUMMY__ 0.8855888265711331 neg 0.06486565325799461 off 0.049545520170872326	false	1.0
panisch	neg 1.0	neg 1.0	neg 0.5119714013054076 __DUMMY__ 0.44514551135663366 off 0.04288308733795864	false	1.0
debil	off 1.0		__DUMMY__ 0.8889232632608899 neg 0.06631111566842042 off 0.04476562107068976	false	0.5
abstrich	neg 1.0		__DUMMY__ 0.8846282847872774 neg 0.06467789560155135 off 0.05069381961117125	false	1.0
primitiv	neg 1.0		__DUMMY__ 0.8778114068676292 neg 0.06154609234062834 off 0.060642500791742535	false	1.0
abschaum	off 1.0	off 1.0	off 0.5147023655365007 __DUMMY__ 0.43812469761969364 neg 0.047172936843805614	false	1.0
provozieren	neg 1.0		__DUMMY__ 0.8814434486040428 neg 0.06345907797580076 off 0.05509747342015642	false	1.0
tot	neg 1.0		__DUMMY__ 0.8860287658555221 neg 0.06347181987151834 off 0.05049941427295958	false	1.0
instabil	neg 1.0		__DUMMY__ 0.8769066085087819 neg 0.0627119860713283 off 0.060381405419889705	false	1.0
schwuchtel	off 1.0		__DUMMY__ 0.8715822498862121 off 0.07200651910896408 neg 0.0564112310048237	false	1.0
zerren	neg 1.0		__DUMMY__ 0.8862521357145289 neg 0.06043696460295248 off 0.053310899682518606	false	1.0
kinderficker	off 1.0		__DUMMY__ 0.8743060264167493 off 0.06427452603753608 neg 0.06141944754571467	false	1.0
gefahr	neg 1.0		__DUMMY__ 0.8859266226000747 neg 0.06425744041579359 off 0.049815936984131726	false	1.0
rabiat	neg 1.0		__DUMMY__ 0.8813716090058674 neg 0.06414444933549192 off 0.05448394165864055	false	1.0
verlangsamung	neg 1.0		__DUMMY__ 0.8749876522083767 off 0.0657842291967207 neg 0.05922811859490263	false	0.5
ausgestorben	neg 1.0		__DUMMY__ 0.884953269865472 neg 0.06119898335148833 off 0.05384774678303967	false	1.0
anklagen	neg 1.0		__DUMMY__ 0.8826035770640609 neg 0.06443819165928014 off 0.05295823127665895	false	1.0
trott	neg 1.0		__DUMMY__ 0.8847757762944544 neg 0.061506858137580826 off 0.05371736556796488	false	1.0
verminderung	neg 1.0		__DUMMY__ 0.8785575776619858 neg 0.06083616056823923 off 0.06060626176977499	false	1.0
nach			__DUMMY__ 0.8952305070976354 neg 0.058567768868666666 off 0.046201724033697954	false	0.0
rost	neg 1.0		__DUMMY__ 0.8757944118945382 off 0.06440581545221755 neg 0.05979977265324412	false	0.5
destruktiv	neg 1.0		__DUMMY__ 0.8795027358131556 neg 0.06637289911340911 off 0.05412436507343529	false	1.0
unzumutbarkeit	neg 1.0		__DUMMY__ 0.8838864738817712 off 0.058435505532251596 neg 0.05767802058597717	false	0.5
labil	off 1.0	off 1.0	off 0.5146681477908829 __DUMMY__ 0.43869790988226676 neg 0.04663394232685025	false	1.0
ziemlich	neg 1.0		__DUMMY__ 0.8823698517697932 off 0.05973235081584243 neg 0.057897797414364245	false	0.5
lachnummer	off 1.0		__DUMMY__ 0.8818912416933193 neg 0.06364910363032159 off 0.0544596546763591	false	0.5
oder			__DUMMY__ 0.8861244497041871 neg 0.05943905875209221 off 0.05443649154372058	false	0.0
verfall	neg 1.0		__DUMMY__ 0.8863498423575954 neg 0.06787074791875501 off 0.04577940972364972	false	1.0
ausgrenzung	neg 1.0		__DUMMY__ 0.8786002315586704 neg 0.06548476134676451 off 0.055915007094565164	false	1.0
unordnung	neg 1.0		__DUMMY__ 0.8840678630615036 off 0.05908759678900013 neg 0.05684454014949621	false	0.5
fehlverhalten	neg 1.0		__DUMMY__ 0.8834627520194643 neg 0.06612660313269544 off 0.05041064484784031	false	1.0
eine			__DUMMY__ 0.8859872169331998 neg 0.06444422138535999 off 0.049568561681440075	false	0.0
nille	neg 1.0		__DUMMY__ 0.8841500896358044 neg 0.06244222583722857 off 0.05340768452696697	false	1.0
qual	neg 1.0		__DUMMY__ 0.8842134951709718 neg 0.06221603470225733 off 0.05357047012677081	false	1.0
verschwenden	neg 1.0		__DUMMY__ 0.8832146843707657 neg 0.06506886237004209 off 0.051716453259192226	false	1.0
riesig	neg 1.0	neg 1.0	neg 0.5161634782514833 __DUMMY__ 0.445062561628891 off 0.038773960119625736	false	1.0
verurteilen	neg 1.0		__DUMMY__ 0.88166918584202 neg 0.06573879478489196 off 0.05259201937308805	false	1.0
klischee	neg 1.0	neg 1.0	neg 0.5181017558176667 __DUMMY__ 0.4380658596853729 off 0.043832384496960426	false	1.0
diktatorisch	neg 1.0		__DUMMY__ 0.8771799262553797 neg 0.06699424478499554 off 0.0558258289596248	false	1.0
vorhersehbar	neg 1.0	neg 1.0	neg 0.5174228684585102 __DUMMY__ 0.43916267109081136 off 0.04341446045067836	false	1.0
sowie			__DUMMY__ 0.8765695841361744 off 0.06412795372606135 neg 0.05930246213776426	false	0.0
stornieren	neg 1.0		__DUMMY__ 0.8898729744479207 neg 0.05531197558529309 off 0.05481504996678611	false	1.0
besteuerung	neg 1.0		__DUMMY__ 0.8795714055107724 neg 0.06571761367618756 off 0.05471098081304001	false	1.0
ungeschminkt	neg 1.0		__DUMMY__ 0.8798417162848533 neg 0.060519263297876456 off 0.05963902041727016	false	1.0
kritisch	neg 1.0		__DUMMY__ 0.8831450970283413 neg 0.06552510590229282 off 0.051329797069365905	false	1.0
schlamperei	off 1.0		__DUMMY__ 0.8833662635511131 neg 0.06626283516962884 off 0.050370901279258036	false	0.5
sucht	neg 1.0	neg 1.0	neg 0.5155010146533029 __DUMMY__ 0.4436984665203488 off 0.04080051882634834	false	1.0
egoistisch	off 1.0		__DUMMY__ 0.8775766020843964 off 0.06458400286060359 neg 0.05783939505500004	false	1.0
ausbeuter	off 1.0		__DUMMY__ 0.8818012300541831 neg 0.0679289761636442 off 0.05026979378217271	false	0.5
arschgeburt	off 1.0		__DUMMY__ 0.8704555835976739 off 0.07227257531414581 neg 0.05727184108818013	false	1.0
schubs	neg 1.0	neg 1.0	neg 0.5151967854602443 __DUMMY__ 0.44547007823098766 off 0.03933313630876809	false	1.0
unsolide	neg 1.0		__DUMMY__ 0.8742441341287255 neg 0.06957781874675033 off 0.05617804712452417	false	1.0
beschwerde	neg 1.0		__DUMMY__ 0.8834690592934006 neg 0.06606491670348488 off 0.05046602400311454	false	1.0
stocken	neg 1.0		__DUMMY__ 0.8843334943868084 neg 0.06468717593308977 off 0.05097932968010187	false	1.0
isolieren	neg 1.0		__DUMMY__ 0.8825937260922453 neg 0.06543702549645639 off 0.051969248411298255	false	1.0
unheilbar	neg 1.0		__DUMMY__ 0.8836760400044339 neg 0.061440244493738604 off 0.054883715501827475	false	1.0
pisser	off 1.0		__DUMMY__ 0.8804398788789862 off 0.060864588705655746 neg 0.058695532415358014	false	1.0
löschen	neg 1.0		__DUMMY__ 0.8833334464171071 neg 0.06247786105164716 off 0.05418869253124587	false	1.0
durchfallen	neg 1.0		__DUMMY__ 0.8817136126623655 neg 0.06584294848453785 off 0.05244343885309662	false	1.0
wichser	off 1.0		__DUMMY__ 0.8751791214925055 off 0.068857953881616 neg 0.05596292462587854	false	1.0
terror	neg 1.0		__DUMMY__ 0.8847218094664864 neg 0.05870959516173412 off 0.05656859537177953	false	1.0
krass	neg 1.0		__DUMMY__ 0.8790755655206399 off 0.06255723224230988 neg 0.05836720223705025	false	0.5
revolte	neg 1.0		__DUMMY__ 0.8791111832999362 neg 0.06448403503949568 off 0.0564047816605681	false	1.0
besorgt	neg 1.0		__DUMMY__ 0.8874199822483837 neg 0.06013129921834143 off 0.052448718533274846	false	1.0
nachlassen	neg 1.0		__DUMMY__ 0.8844598772958363 neg 0.06518868687428561 off 0.050351435829878124	false	1.0
alt	neg 1.0		__DUMMY__ 0.885644885955335 neg 0.06339111043207758 off 0.05096400361258751	false	1.0
hundesohn	off 1.0		__DUMMY__ 0.8736833253813333 off 0.0677649012724565 neg 0.0585517733462102	false	1.0
als			__DUMMY__ 0.8867337840315882 neg 0.06055795539100401 off 0.05270826057740782	false	0.0
abschreckung	neg 1.0		__DUMMY__ 0.8848722276138546 neg 0.0660608674933405 off 0.04906690489280493	false	1.0
unqualifiziert	neg 1.0		__DUMMY__ 0.8773563067596621 neg 0.0650670028510623 off 0.05757669038927561	false	1.0
abgewichst	off 1.0		__DUMMY__ 0.884670951849094 neg 0.06260840630246389 off 0.05272064184844214	false	0.5
schwer	neg 1.0		__DUMMY__ 0.8839376149012563 neg 0.06174417635286298 off 0.05431820874588063	false	1.0
bedeutungslosigkeit	neg 1.0		__DUMMY__ 0.8842125342443964 neg 0.06589730288257356 off 0.049890162873030074	false	1.0
kapitulation	neg 1.0		__DUMMY__ 0.8803873782560105 neg 0.06845909323199499 off 0.0511535285119944	false	1.0
unscharf	neg 1.0		__DUMMY__ 0.8833560222397783 neg 0.06064719863077574 off 0.055996779129446055	false	1.0
schwinden	neg 1.0		__DUMMY__ 0.8841855755261946 neg 0.06615588826455568 off 0.04965853620924983	false	1.0
versklavung	neg 1.0		__DUMMY__ 0.876772756766981 neg 0.06786457703098993 off 0.055362666202029086	false	1.0
schlecht	neg 1.0		__DUMMY__ 0.8824484437830427 off 0.059881084394406425 neg 0.057670471822551014	false	0.5
verhasst	neg 1.0		__DUMMY__ 0.8813586397036653 neg 0.06320344236617839 off 0.055437917930156316	false	1.0
beschweren	neg 1.0		__DUMMY__ 0.8825502743829265 neg 0.061332887265669274 off 0.05611683835140428	false	1.0
scheiden	neg 1.0		__DUMMY__ 0.8904720523983501 neg 0.05525757614752748 off 0.05427037145412237	false	1.0
frustriert	neg 1.0		__DUMMY__ 0.8843622494506497 neg 0.06221323721302117 off 0.05342451333632907	false	1.0
schimmelig	neg 1.0		__DUMMY__ 0.8874050007491197 neg 0.062354462535331695 off 0.050240536715548595	false	1.0
fisch	neg 1.0		__DUMMY__ 0.8927420566531018 neg 0.05818140018826383 off 0.0490765431586343	false	1.0
schmuggel	neg 1.0		__DUMMY__ 0.8886718068444313 neg 0.06170031212887416 off 0.04962788102669461	false	1.0
auffallen	neg 1.0		__DUMMY__ 0.8832742312312161 neg 0.060033250634171795 off 0.05669251813461222	false	1.0
konkurrenz	neg 1.0	neg 1.0	neg 0.5182540494627171 __DUMMY__ 0.4446643494298086 off 0.03708160110747421	false	1.0
teufelskreis	neg 1.0	neg 1.0	neg 0.5189032746833431 __DUMMY__ 0.4402491125984787 off 0.04084761271817815	false	1.0
aufschreien	neg 1.0		__DUMMY__ 0.8807194126562782 neg 0.06268014718526203 off 0.05660044015845975	false	1.0
schuldner	neg 1.0		__DUMMY__ 0.885140848755903 neg 0.06495824218008346 off 0.049900909064013434	false	1.0
missgeburt	off 1.0	off 1.0	off 0.5186650048315011 __DUMMY__ 0.43701990141858826 neg 0.0443150937499107	false	1.0
arbeitslos	neg 1.0		__DUMMY__ 0.8819630006438917 neg 0.06530243024678546 off 0.05273456910932292	false	1.0
befallen	neg 1.0		__DUMMY__ 0.8800707841843909 neg 0.0671289305270658 off 0.05280028528854338	false	1.0
miesepetrig	off 1.0	off 1.0	off 0.515114640004041 __DUMMY__ 0.4408348028029286 neg 0.04405055719303039	false	1.0
alarmieren	neg 1.0		__DUMMY__ 0.8787549483926708 neg 0.06263881669943205 off 0.058606234907897146	false	1.0
ungeduscht	off 1.0		__DUMMY__ 0.8843218563751237 neg 0.05854819234534553 off 0.05712995127953067	false	0.5
knappheit	neg 1.0		__DUMMY__ 0.8813001769261305 neg 0.06768516806894545 off 0.05101465500492407	false	1.0
schlange	neg 1.0		__DUMMY__ 0.887083278811918 neg 0.057030976418688054 off 0.05588574476939402	false	1.0
harsch	neg 1.0		__DUMMY__ 0.8818958097964098 off 0.06329441505518175 neg 0.054809775148408395	false	0.5
lang	neg 1.0		__DUMMY__ 0.8835792095631132 neg 0.061834681001142235 off 0.0545861094357446	false	1.0
ziellos	neg 1.0		__DUMMY__ 0.8867431692683673 neg 0.06111201419264564 off 0.05214481653898712	false	1.0
selbstverliebt	neg 1.0		__DUMMY__ 0.8714197445737362 off 0.06976616488447171 neg 0.05881409054179218	false	0.5
beseitigen	neg 1.0	neg 1.0	neg 0.5150766602867898 __DUMMY__ 0.4444538198387632 off 0.04046951987444699	false	1.0
dumm	off 1.0		__DUMMY__ 0.8762552057447366 off 0.06543503764839553 neg 0.05830975660686797	false	1.0
arbeitsloser	neg 1.0		__DUMMY__ 0.8851350432430735 neg 0.0628537435466616 off 0.05201121321026494	false	1.0
blitzen	neg 1.0		__DUMMY__ 0.8819314951840126 neg 0.06084365538228467 off 0.05722484943370272	false	1.0
hilflos	neg 1.0		__DUMMY__ 0.884149645461751 neg 0.06293052629375495 off 0.05291982824449392	false	1.0
eklig	off 1.0		__DUMMY__ 0.8764431605613178 off 0.06592852146034886 neg 0.05762831797833345	false	1.0
begriff			__DUMMY__ 0.8817676402926433 neg 0.06487010766116547 off 0.05336225204619113	false	0.0
hungersnot	neg 1.0		__DUMMY__ 0.8839409564385876 neg 0.06328946241987884 off 0.05276958114153342	false	1.0
ungesetzlich	neg 1.0		__DUMMY__ 0.8747237989044215 neg 0.06866913130085636 off 0.05660706979472208	false	1.0
verschwendung	neg 1.0		__DUMMY__ 0.8841396349625088 neg 0.06518287580257502 off 0.050677489234916155	false	1.0
schmerzvoll	neg 1.0		__DUMMY__ 0.8830999759042487 neg 0.060888956821061754 off 0.05601106727468947	false	1.0
vorzeitig	neg 1.0		__DUMMY__ 0.8844520080554982 neg 0.058484019822175985 off 0.05706397212232588	false	1.0
unvollkommenheit	neg 1.0		__DUMMY__ 0.888491956426823 neg 0.059587078361028244 off 0.05192096521214878	false	1.0
intervenieren	neg 1.0		__DUMMY__ 0.88194696249842 neg 0.06750121462888156 off 0.0505518228726985	false	1.0
banause	off 1.0		__DUMMY__ 0.8741284344036705 off 0.0678024210338973 neg 0.05806914456243211	false	1.0
rebell	neg 1.0		__DUMMY__ 0.8873320083903069 neg 0.06538550081710964 off 0.047282490792583454	false	1.0
unlogisch	neg 1.0		__DUMMY__ 0.879151258423877 off 0.06211230290710148 neg 0.05873643866902144	false	0.5
leiden	neg 1.0		__DUMMY__ 0.8921352858854693 neg 0.058110803454733136 off 0.049753910659797486	false	1.0
abschaffung	neg 1.0		__DUMMY__ 0.8803897339643548 neg 0.06478121828585473 off 0.05482904774979034	false	1.0
sturz	neg 1.0		__DUMMY__ 0.8854208266159755 neg 0.06035704765161494 off 0.054222125732409615	false	1.0
verkleinerung	neg 1.0		__DUMMY__ 0.8781103135877097 neg 0.06478116173364669 off 0.05710852467864357	false	1.0
schmarotzer	off 1.0		__DUMMY__ 0.8809171293311878 neg 0.06647584992022963 off 0.052607020748582534	false	0.5
bestrafung	neg 1.0		__DUMMY__ 0.8815499830126043 neg 0.06272520949708776 off 0.05572480749030793	false	1.0
achtlos	neg 1.0		__DUMMY__ 0.8854433083899281 neg 0.06036433442049297 off 0.0541923571895789	false	1.0
ungeheuer	neg 1.0		__DUMMY__ 0.8843644448989344 neg 0.05855688926794403 off 0.057078665833121635	false	1.0
unaufrichtig	neg 1.0		__DUMMY__ 0.8781521747213785 neg 0.0654100621694798 off 0.05643776310914166	false	1.0
