unsolidarisch	neg 1.0		neg 0.5194824811430174 off 0.4392367284010952 __DUMMY__ 0.04128079045588729	false	1.0
nachteilig	neg 1.0		neg 0.5192881021395546 off 0.43888832869666744 __DUMMY__ 0.04182356916377807	false	1.0
skeptisch	neg 1.0		neg 0.5193528127522096 off 0.43872865511979553 __DUMMY__ 0.04191853212799483	false	1.0
schrecklich	neg 1.0		neg 0.5031618504960632 off 0.4552993126054278 __DUMMY__ 0.04153883689850912	false	1.0
schlapp	neg 1.0		neg 0.5068069855370552 off 0.45141321583967287 __DUMMY__ 0.04177979862327194	false	1.0
abfall	neg 1.0		neg 0.5224499188471888 off 0.43557832765901977 __DUMMY__ 0.041971753493791446	false	1.0
widerspenstig	neg 1.0		neg 0.5136315615107495 off 0.4445688915939816 __DUMMY__ 0.04179954689526897	false	1.0
abrupt	neg 1.0		neg 0.5161516527902662 off 0.4416963275039738 __DUMMY__ 0.04215201970575986	false	1.0
unwirksam	neg 1.0		neg 0.5167596152566782 off 0.44171889003683956 __DUMMY__ 0.04152149470648228	false	1.0
angreifen	neg 1.0	neg 1.0	neg 0.7466573690997844 off 0.2333497837251141 __DUMMY__ 0.019992847175101525	false	1.0
inkonsistent	neg 1.0		neg 0.512326433653578 off 0.44585645789221917 __DUMMY__ 0.04181710845420273	false	1.0
abrutschen	neg 1.0		neg 0.5216121337064613 off 0.4363815410747423 __DUMMY__ 0.0420063252187964	false	1.0
unsicher	neg 1.0		neg 0.5127244824748789 off 0.4453856750312057 __DUMMY__ 0.04188984249391554	false	1.0
bauernkind	off 1.0	off 1.0	off 0.7109076446239033 neg 0.2694120818015505 __DUMMY__ 0.019680273574546242	false	1.0
angreifer	neg 1.0		neg 0.5108280586736816 off 0.44725332055556255 __DUMMY__ 0.04191862077075584	false	1.0
trennen	neg 1.0		neg 0.5143937211496317 off 0.44331708865916236 __DUMMY__ 0.042289190191206014	false	1.0
schmutz	neg 1.0		neg 0.5076103894465153 off 0.450209977061532 __DUMMY__ 0.04217963349195282	false	1.0
inkonsistenz	neg 1.0		neg 0.5117209613666794 off 0.44683866166072284 __DUMMY__ 0.041440376972597795	false	1.0
erschreckend	neg 1.0		neg 0.5158072405680039 off 0.44244720218777805 __DUMMY__ 0.04174555724421801	false	1.0
ertrinken	neg 1.0		neg 0.51625922947436 off 0.44171903325226974 __DUMMY__ 0.04202173727337018	false	1.0
pickelface	off 1.0		neg 0.5162649473214659 off 0.4419134735740576 __DUMMY__ 0.041821579104476675	false	0.5
seiner			neg 0.5176315429070587 off 0.44033888272565713 __DUMMY__ 0.04202957436728439	false	0.0
lauch	neg 1.0		neg 0.5226895320523344 off 0.43542288170953125 __DUMMY__ 0.04188758623813435	false	1.0
unwichtig	neg 1.0		neg 0.5093627652951105 off 0.4490549894424016 __DUMMY__ 0.041582245262487966	false	1.0
steuerhinterziehung	neg 1.0		neg 0.51818490961236 off 0.4401993654836692 __DUMMY__ 0.04161572490397076	false	1.0
schock	neg 1.0		neg 0.5117806776762366 off 0.4461149935556711 __DUMMY__ 0.04210432876809232	false	1.0
beule	neg 1.0		neg 0.5060750861562958 off 0.45211650955157084 __DUMMY__ 0.041808404292133464	false	1.0
vergelten	neg 1.0		neg 0.5028298503652385 off 0.4553904387522741 __DUMMY__ 0.04177971088248739	false	1.0
verdorbenheit	neg 1.0		neg 0.5124080010251278 off 0.44560578989515826 __DUMMY__ 0.0419862090797138	false	1.0
trauma	neg 1.0		neg 0.5127180222814296 off 0.4455091739871167 __DUMMY__ 0.04177280373145385	false	1.0
sinnlos	neg 1.0		neg 0.5101921226815066 off 0.44797553376381904 __DUMMY__ 0.0418323435546742	false	1.0
fettsack	off 1.0	off 1.0	off 0.7128569901488727 neg 0.2673818792160408 __DUMMY__ 0.019761130635086468	false	1.0
feige	off 1.0	off 1.0	off 0.7088127340198923 neg 0.2714159622940889 __DUMMY__ 0.019771303686018822	false	1.0
abdanken	neg 1.0		neg 0.5167373246554617 off 0.44161836631982637 __DUMMY__ 0.04164430902471188	false	1.0
wichtigtuer	off 1.0	off 1.0	off 0.7073455736091314 neg 0.2728028075740654 __DUMMY__ 0.01985161881680312	false	1.0
misslingen	neg 1.0		neg 0.5090294105675903 off 0.4488273787462684 __DUMMY__ 0.042143210686141304	false	1.0
untreu	off 1.0		neg 0.5084225070662537 off 0.4500681564327982 __DUMMY__ 0.04150933650094808	false	0.5
missmutig	neg 1.0		neg 0.5085803561979824 off 0.4497710013610401 __DUMMY__ 0.041648642440977574	false	1.0
hurenbock	off 1.0		neg 0.5108064271691044 off 0.44729045249876653 __DUMMY__ 0.041903120332129194	false	0.5
betrunken	neg 1.0		neg 0.5033534559112502 off 0.45485116195179487 __DUMMY__ 0.041795382136954995	false	1.0
korrupt	off 1.0		neg 0.521013455907601 off 0.43755569716713805 __DUMMY__ 0.041430846925260965	false	0.5
unmut	neg 1.0		neg 0.5224564678898417 off 0.43559024681706005 __DUMMY__ 0.04195328529309833	false	1.0
hackfresse	off 1.0		neg 0.5008801545264036 off 0.4578183904060494 __DUMMY__ 0.041301455067547094	false	0.5
aufblasen	neg 1.0		neg 0.5101789325503833 off 0.4478678622512559 __DUMMY__ 0.04195320519836074	false	1.0
gewaltsam	neg 1.0		neg 0.5145082056527087 off 0.44364085650720847 __DUMMY__ 0.041850937840082814	false	1.0
unbeliebtheit	neg 1.0		neg 0.5146203898887973 off 0.44424673945515153 __DUMMY__ 0.04113287065605098	false	1.0
sturheit	neg 1.0		neg 0.516665507908829 off 0.4416628145623407 __DUMMY__ 0.04167167752883013	false	1.0
kuh	neg 1.0		neg 0.5143182311468253 off 0.4440373251708267 __DUMMY__ 0.04164444368234797	false	1.0
erschrecken	neg 1.0		neg 0.5084137876196086 off 0.4498281344439916 __DUMMY__ 0.041758077936399664	false	1.0
opfer	neg 1.0		neg 0.5172048481178172 off 0.4408692077615351 __DUMMY__ 0.041925944120647624	false	1.0
sinken	neg 1.0		neg 0.5207154637047137 off 0.4372450630932406 __DUMMY__ 0.04203947320204577	false	1.0
stinktier	neg 1.0		neg 0.5041687447895908 off 0.45446363388407357 __DUMMY__ 0.04136762132633549	false	1.0
tucke	off 1.0		neg 0.5032306193747338 off 0.45576942244211854 __DUMMY__ 0.04099995818314767	false	0.5
ein			neg 0.5107000584863886 off 0.44731741737588543 __DUMMY__ 0.04198252413772617	false	0.0
abstieg	neg 1.0		neg 0.5162059895192633 off 0.4416603060958127 __DUMMY__ 0.042133704384923844	false	1.0
missverstehen	neg 1.0		neg 0.5124115536132742 off 0.4460037730061998 __DUMMY__ 0.041584673380525884	false	1.0
ergebnislos	neg 1.0		neg 0.5184278459502322 off 0.43964033754665566 __DUMMY__ 0.04193181650311206	false	1.0
unter			neg 0.5219159318377095 off 0.43552354927164166 __DUMMY__ 0.04256051889064889	false	0.0
manipulieren	neg 1.0		neg 0.5202111516425384 off 0.4379566804857664 __DUMMY__ 0.04183216787169524	false	1.0
unbewiesen	neg 1.0		neg 0.5198778755879445 off 0.438914602781422 __DUMMY__ 0.04120752163063345	false	1.0
verschleppen	neg 1.0		neg 0.5173723336993815 off 0.4407989873966589 __DUMMY__ 0.04182867890395965	false	1.0
weib	off 1.0		neg 0.5010590333815473 off 0.45765160266732713 __DUMMY__ 0.0412893639511255	false	0.5
opposition	neg 1.0		neg 0.5134792760943958 off 0.4449268563819724 __DUMMY__ 0.04159386752363187	false	1.0
verkehrswidrig	neg 1.0	neg 1.0	neg 0.7353795698571406 off 0.24446882207285223 __DUMMY__ 0.020151608070007116	false	1.0
inkorrekt	neg 1.0		neg 0.5098969472329399 off 0.44888921795347975 __DUMMY__ 0.041213834813580416	false	1.0
vermeiden	neg 1.0		neg 0.5225791584309487 off 0.43522108122926667 __DUMMY__ 0.04219976033978451	false	1.0
abweichung	neg 1.0		neg 0.5183379158660402 off 0.43978814291807594 __DUMMY__ 0.04187394121588379	false	1.0
alkoholisiert	neg 1.0		neg 0.5134434028221196 off 0.44410252495963815 __DUMMY__ 0.042454072218242316	false	1.0
scheiss	off 1.0	off 1.0	off 0.7105413375173851 neg 0.26953406914996525 __DUMMY__ 0.019924593332649614	false	1.0
herausforderung	neg 1.0	neg 1.0	neg 0.7431201354278473 off 0.23653487282422248 __DUMMY__ 0.020344991747930176	false	1.0
pervers	off 1.0		neg 0.4976792828416786 off 0.4611192799895497 __DUMMY__ 0.04120143716877156	false	0.5
wackelig	neg 1.0		neg 0.5124797414634047 off 0.44528251540511327 __DUMMY__ 0.04223774313148193	false	1.0
verwickeln	neg 1.0		neg 0.5127776230594726 off 0.44565678161841993 __DUMMY__ 0.041565595322107414	false	1.0
vorwand	neg 1.0		neg 0.520396446866953 off 0.43768925098266603 __DUMMY__ 0.0419143021503811	false	1.0
muschi	off 1.0		neg 0.5154803116723041 off 0.44267544824195176 __DUMMY__ 0.04184424008574412	false	0.5
entmutigung	neg 1.0		neg 0.5152000227713298 off 0.4433154213239704 __DUMMY__ 0.041484555904699835	false	1.0
unangemessen	neg 1.0		neg 0.5173869680827718 off 0.4409071905206512 __DUMMY__ 0.04170584139657699	false	1.0
unstetig	neg 1.0		neg 0.5107830220560339 off 0.4472674511129537 __DUMMY__ 0.04194952683101224	false	1.0
entmutigen	neg 1.0		neg 0.5123007672822889 off 0.4459382740121209 __DUMMY__ 0.04176095870559021	false	1.0
schwanz	neg 1.0		neg 0.517994032786776 off 0.44000839931527075 __DUMMY__ 0.04199756789795333	false	1.0
verbot	neg 1.0		neg 0.519116165980417 off 0.4392314163537698 __DUMMY__ 0.041652417665813284	false	1.0
leid	neg 1.0		neg 0.5021019003060548 off 0.45640839124207383 __DUMMY__ 0.04148970845187134	false	1.0
archaisch	neg 1.0		neg 0.5164447456114593 off 0.4417428226516212 __DUMMY__ 0.041812431736919536	false	1.0
gegen			neg 0.5191410909060081 off 0.43873066209031236 __DUMMY__ 0.04212824700367945	false	0.0
scheidung	neg 1.0		neg 0.4930292617324399 off 0.4657485894382735 __DUMMY__ 0.041222148829286556	false	1.0
einschlag	neg 1.0	neg 1.0	neg 0.7381765080938419 off 0.24191314165508318 __DUMMY__ 0.01991035025107489	false	1.0
m			neg 0.5144990408919524 off 0.4434744891946443 __DUMMY__ 0.04202646991340333	false	0.0
abgestanden	neg 1.0		neg 0.510817369026251 off 0.44721397233151394 __DUMMY__ 0.04196865864223501	false	1.0
schmierig	off 1.0		neg 0.5024522701139899 off 0.45602381196638625 __DUMMY__ 0.04152391791962397	false	0.5
unpraktisch	neg 1.0		neg 0.5096180064553586 off 0.4483312887529591 __DUMMY__ 0.04205070479168231	false	1.0
wixxer	off 1.0		neg 0.4984610980302777 off 0.46038560593424654 __DUMMY__ 0.04115329603547572	false	0.5
bezeichnet			neg 0.5153341474578571 off 0.44295462483741166 __DUMMY__ 0.04171122770473106	false	0.0
jammerlappen	off 1.0		neg 0.5089550258959626 off 0.44944249514179385 __DUMMY__ 0.04160247896224343	false	0.5
farce	neg 1.0		neg 0.5188113334193551 off 0.4396145070307393 __DUMMY__ 0.04157415954990556	false	1.0
zwecklos	neg 1.0		neg 0.5172711945245558 off 0.44100434174623465 __DUMMY__ 0.041724463729209585	false	1.0
turbulent	neg 1.0		neg 0.5092230177612787 off 0.4492713307396631 __DUMMY__ 0.0415056514990581	false	1.0
invasion	neg 1.0		neg 0.510005251697704 off 0.44815585536044034 __DUMMY__ 0.041838892941855686	false	1.0
schuld	neg 1.0		neg 0.5132284013300104 off 0.44503859021882775 __DUMMY__ 0.041733008451162026	false	1.0
risiko	neg 1.0		neg 0.5122466619933003 off 0.44584112830539246 __DUMMY__ 0.04191220970130728	false	1.0
finster	neg 1.0		neg 0.5111920233300944 off 0.4469095022027916 __DUMMY__ 0.04189847446711405	false	1.0
geisteskrank	off 1.0		neg 0.5087991616666256 off 0.4498069992294178 __DUMMY__ 0.04139383910395658	false	0.5
zusammenbrechen	neg 1.0		neg 0.5143386929439251 off 0.44372464556240954 __DUMMY__ 0.04193666149366524	false	1.0
ausbeute	neg 1.0		neg 0.5148251896404172 off 0.4428835380578699 __DUMMY__ 0.04229127230171282	false	1.0
hinterhalt	neg 1.0		neg 0.5135514419284758 off 0.44438223407374255 __DUMMY__ 0.04206632399778162	false	1.0
kritik	neg 1.0		neg 0.5187305303881606 off 0.43966377411839636 __DUMMY__ 0.041605695493443035	false	1.0
einschrumpfen	neg 1.0		neg 0.5130420696042877 off 0.44549458011319387 __DUMMY__ 0.041463350282518484	false	1.0
riskant	neg 1.0		neg 0.5184890785608662 off 0.43968115585081613 __DUMMY__ 0.04182976558831766	false	1.0
frustrieren	neg 1.0		neg 0.5176552455523613 off 0.4404610350532792 __DUMMY__ 0.04188371939435953	false	1.0
groll	neg 1.0		neg 0.5166495280348836 off 0.4415255959696933 __DUMMY__ 0.04182487599542315	false	1.0
gibt			neg 0.5154056556066622 off 0.442714649982336 __DUMMY__ 0.041879694411001825	false	0.0
qualvoll	neg 1.0		neg 0.5088160926863653 off 0.449361604081743 __DUMMY__ 0.041822303231891775	false	1.0
wackeln	neg 1.0	neg 1.0	neg 0.7414487321767707 off 0.23843756932706822 __DUMMY__ 0.02011369849616109	false	1.0
klagen	neg 1.0		neg 0.5212440399717726 off 0.43675291415448103 __DUMMY__ 0.04200304587374649	false	1.0
bankrott	neg 1.0		neg 0.5088194070477818 off 0.4494312839354714 __DUMMY__ 0.04174930901674684	false	1.0
trauern	neg 1.0		neg 0.5162313885715331 off 0.4417244248077432 __DUMMY__ 0.04204418662072384	false	1.0
ablehnung	neg 1.0		neg 0.518481503634637 off 0.4398942940843511 __DUMMY__ 0.04162420228101205	false	1.0
stur	neg 1.0		neg 0.5129278714651603 off 0.44539118371697334 __DUMMY__ 0.041680944817866286	false	1.0
aufruhr	neg 1.0		neg 0.5146742767880383 off 0.4434775178650995 __DUMMY__ 0.04184820534686229	false	1.0
melancholie	neg 1.0		neg 0.5144518302759966 off 0.4434989120830051 __DUMMY__ 0.042049257640998206	false	1.0
ist			neg 0.5111801688061547 off 0.44701301079933614 __DUMMY__ 0.041806820394509246	false	0.0
torheit	neg 1.0		neg 0.515664391291176 off 0.44281179047351077 __DUMMY__ 0.04152381823531327	false	1.0
dreckskind	off 1.0		neg 0.5029954158435005 off 0.4557008322315332 __DUMMY__ 0.04130375192496627	false	0.5
umtauschen	neg 1.0		neg 0.5124822758305208 off 0.4455559398101446 __DUMMY__ 0.04196178435933482	false	1.0
zum			neg 0.5177528397702309 off 0.4396056113572345 __DUMMY__ 0.04264154887253447	false	0.0
zersetzen	neg 1.0		neg 0.5212246651553146 off 0.43703083290212175 __DUMMY__ 0.04174450194256363	false	1.0
zur			neg 0.5218385174005571 off 0.43581819009758865 __DUMMY__ 0.042343292501854174	false	0.0
frust	neg 1.0		neg 0.5144582656226312 off 0.44359417796298184 __DUMMY__ 0.04194755641438695	false	1.0
unerbittlichkeit	neg 1.0		neg 0.5203877930404874 off 0.4378033783769327 __DUMMY__ 0.041808828582579886	false	1.0
zwei			neg 0.5165700937945241 off 0.4409533799039103 __DUMMY__ 0.0424765263015657	false	0.0
unkorrekt	neg 1.0		neg 0.5089747882001007 off 0.44980192097229404 __DUMMY__ 0.04122329082760537	false	1.0
hexe	off 1.0		neg 0.5075665749117195 off 0.4507999948416159 __DUMMY__ 0.041633430246664396	false	0.5
lasch	neg 1.0		neg 0.511883511186669 off 0.4466328828995254 __DUMMY__ 0.04148360591380565	false	1.0
rivale	neg 1.0		neg 0.5052190685159473 off 0.45317610032046857 __DUMMY__ 0.041604831163583954	false	1.0
mutlos	off 1.0	off 1.0	off 0.7031426228375468 neg 0.2769662637848019 __DUMMY__ 0.019891113377651322	false	1.0
wirr	off 1.0		neg 0.5080656105350966 off 0.4506664486964092 __DUMMY__ 0.04126794076849428	false	0.5
jahr			neg 0.5149314951427292 off 0.44266955718908 __DUMMY__ 0.04239894766819077	false	0.0
wird			neg 0.5160382336896593 off 0.44197227033610087 __DUMMY__ 0.04198949597423977	false	0.0
strafbar	neg 1.0		neg 0.5190966230966894 off 0.4391422553308352 __DUMMY__ 0.04176112157247548	false	1.0
erosion	neg 1.0		neg 0.5116984400447706 off 0.44637869457082957 __DUMMY__ 0.041922865384399655	false	1.0
eingehen	neg 1.0		neg 0.5183763096627113 off 0.4399133136776276 __DUMMY__ 0.0417103766596611	false	1.0
faul	off 1.0		neg 0.5075119985818444 off 0.4506610051895198 __DUMMY__ 0.04182699622863584	false	0.5
provisorium	neg 1.0		neg 0.5237044694862222 off 0.43387704768241936 __DUMMY__ 0.04241848283135861	false	1.0
schmerzen	neg 1.0		neg 0.5127948620318163 off 0.44531916173872926 __DUMMY__ 0.041885976229454364	false	1.0
schrumpfen	neg 1.0		neg 0.5246204501504481 off 0.4333574567804031 __DUMMY__ 0.04202209306914877	false	1.0
geistlos	off 1.0		neg 0.5160981467859118 off 0.4426676142442777 __DUMMY__ 0.04123423896981048	false	0.5
fehlkauf	neg 1.0		neg 0.5126099721878429 off 0.44570906846464026 __DUMMY__ 0.04168095934751685	false	1.0
frustrierend	neg 1.0		neg 0.5078394657523577 off 0.4503239038490165 __DUMMY__ 0.04183663039862576	false	1.0
unzufrieden	neg 1.0		neg 0.5170395213971152 off 0.44119631533058123 __DUMMY__ 0.04176416327230352	false	1.0
verzweifeln	neg 1.0		neg 0.513743474501877 off 0.44439232050552735 __DUMMY__ 0.041864204992595695	false	1.0
verzweifelt	neg 1.0		neg 0.5123873075850466 off 0.44589145160638394 __DUMMY__ 0.04172124080856954	false	1.0
misstrauensantrag	neg 1.0		neg 0.5118873050336924 off 0.446448368493524 __DUMMY__ 0.041664326472783605	false	1.0
abfallen	neg 1.0		neg 0.5096495233938093 off 0.4483355733364488 __DUMMY__ 0.04201490326974189	false	1.0
fucker	off 1.0		neg 0.507246058302445 off 0.45126223617831557 __DUMMY__ 0.041491705519239364	false	0.5
ungezogen	neg 1.0		neg 0.4983246247621599 off 0.460317664964177 __DUMMY__ 0.04135771027366319	false	1.0
irrsinnig	neg 1.0	neg 1.0	neg 0.7431451003811008 off 0.2369446754552963 __DUMMY__ 0.019910224163602858	false	1.0
unfassbar	neg 1.0		neg 0.5079925299931104 off 0.45041329961294857 __DUMMY__ 0.04159417039394114	false	1.0
hart	neg 1.0		neg 0.5097044973805128 off 0.4485875107057924 __DUMMY__ 0.04170799191369474	false	1.0
widerlich	off 1.0		neg 0.5087468011888171 off 0.449849590516847 __DUMMY__ 0.041403608294335974	false	0.5
fatal	neg 1.0		neg 0.5119117673104785 off 0.44637613398219905 __DUMMY__ 0.04171209870732246	false	1.0
bruch	neg 1.0		neg 0.521617090669027 off 0.43644337793165805 __DUMMY__ 0.041939531399315014	false	1.0
aushungern	neg 1.0		neg 0.5179089799346751 off 0.44052310347374873 __DUMMY__ 0.04156791659157618	false	1.0
anspannung	neg 1.0	neg 1.0	neg 0.7459187946910721 off 0.23370630254264674 __DUMMY__ 0.020374902766281133	false	1.0
von			neg 0.516101756056759 off 0.4415224122405651 __DUMMY__ 0.042375831702675906	false	0.0
kraftlos	neg 1.0		neg 0.5135036246449677 off 0.4444002154878994 __DUMMY__ 0.04209615986713294	false	1.0
vom			neg 0.5204091880713794 off 0.4369414221478358 __DUMMY__ 0.042649389780784815	false	0.0
grenzdebil	off 1.0		neg 0.5065303108280894 off 0.4518665092686066 __DUMMY__ 0.04160317990330392	false	0.5
vor			neg 0.5182429679723437 off 0.43963952994428473 __DUMMY__ 0.04211750208337155	false	0.0
unterwerfen	neg 1.0		neg 0.5184715439755114 off 0.43968680469759625 __DUMMY__ 0.04184165132689245	false	1.0
versenkung	neg 1.0		neg 0.5182277384139713 off 0.4398703293768209 __DUMMY__ 0.04190193220920782	false	1.0
entziehen	neg 1.0		neg 0.5207623362940902 off 0.4372686393446289 __DUMMY__ 0.041969024361280895	false	1.0
finanzkrise	neg 1.0		neg 0.5176366798123081 off 0.44080123340766164 __DUMMY__ 0.04156208678003011	false	1.0
schimpfend	neg 1.0		neg 0.5096188263471577 off 0.4483375325200965 __DUMMY__ 0.0420436411327458	false	1.0
profan	neg 1.0		neg 0.5103145647825458 off 0.44794861778216866 __DUMMY__ 0.0417368174352856	false	1.0
korruption	neg 1.0	neg 1.0	neg 0.7465257960818792 off 0.2336023177069336 __DUMMY__ 0.01987188621118706	false	1.0
â			neg 0.5163317630710604 off 0.4416809788832616 __DUMMY__ 0.04198725804567803	false	0.0
schmutzig	neg 1.0		neg 0.5066228622919464 off 0.45170780218195844 __DUMMY__ 0.041669335526095246	false	1.0
sexy	neg 1.0		neg 0.5098233340267763 off 0.4484624763882841 __DUMMY__ 0.04171418958493955	false	1.0
abraten	neg 1.0		neg 0.5110835838169213 off 0.4471241545326266 __DUMMY__ 0.041792261650452016	false	1.0
schwarz	neg 1.0		neg 0.5128503739098039 off 0.44545274885707137 __DUMMY__ 0.04169687723312461	false	1.0
fotze	off 1.0		neg 0.5179666089129431 off 0.44015487254388286 __DUMMY__ 0.041878518543173995	false	0.5
verwirren	neg 1.0		neg 0.5099917392493896 off 0.448264684050757 __DUMMY__ 0.041743576699853464	false	1.0
zahnlos	off 1.0		neg 0.5172400441270338 off 0.44101827953616607 __DUMMY__ 0.04174167633679992	false	0.5
verheeren	neg 1.0		neg 0.4971110104938549 off 0.46151621604931725 __DUMMY__ 0.041372773456827786	false	1.0
hippie	neg 1.0		neg 0.5108185648293869 off 0.4474964303055656 __DUMMY__ 0.041685004865047455	false	1.0
rammen	neg 1.0		neg 0.5126453536794727 off 0.445577058958748 __DUMMY__ 0.04177758736177937	false	1.0
unlauter	neg 1.0		neg 0.5169615303988783 off 0.4416245054946676 __DUMMY__ 0.041413964106454045	false	1.0
unheilvoll	neg 1.0		neg 0.5087619654570967 off 0.4492763847466633 __DUMMY__ 0.04196164979623985	false	1.0
niedrig	neg 1.0		neg 0.5179017659275549 off 0.4401048711129683 __DUMMY__ 0.04199336295947688	false	1.0
explosion	neg 1.0		neg 0.5116881571160962 off 0.44664607542491963 __DUMMY__ 0.04166576745898421	false	1.0
weichei	off 1.0		neg 0.5022660921244424 off 0.4563747711663285 __DUMMY__ 0.04135913670922903	false	0.5
minusmensch	off 1.0		neg 0.5019406140452412 off 0.4571237404565894 __DUMMY__ 0.040935645498169394	false	0.5
farblos	neg 1.0		neg 0.5109303900304855 off 0.4468646552470505 __DUMMY__ 0.042204954722464015	false	1.0
unwissend	neg 1.0	neg 1.0	neg 0.7408705705700116 off 0.239302097676784 __DUMMY__ 0.019827331753204443	false	1.0
traurig	neg 1.0		neg 0.5040107868642363 off 0.4543957405672984 __DUMMY__ 0.04159347256846535	false	1.0
senkung	neg 1.0		neg 0.5126930248709073 off 0.44578375046907404 __DUMMY__ 0.04152322466001864	false	1.0
ungleich	neg 1.0	neg 1.0	neg 0.7470937881618717 off 0.2330018485986393 __DUMMY__ 0.019904363239489107	false	1.0
heikel	neg 1.0		neg 0.519995700755096 off 0.4381700328054204 __DUMMY__ 0.041834266439483486	false	1.0
drosselung	neg 1.0		neg 0.5066002142603824 off 0.45173927767441924 __DUMMY__ 0.04166050806519838	false	1.0
falsch	neg 1.0		neg 0.5088515246319402 off 0.4494449062054873 __DUMMY__ 0.04170356916257263	false	1.0
unzufriedenheit	neg 1.0		neg 0.5207467222334671 off 0.43740659078759464 __DUMMY__ 0.041846686978938334	false	1.0
kurz	neg 1.0		neg 0.5125081145882002 off 0.44536941346422465 __DUMMY__ 0.04212247194757517	false	1.0
unsinnig	neg 1.0		neg 0.517513028672884 off 0.44084111765991596 __DUMMY__ 0.04164585366720002	false	1.0
penner	off 1.0	off 1.0	off 0.7141521262886943 neg 0.2661393407442714 __DUMMY__ 0.0197085329670342	false	1.0
seicht	neg 1.0		neg 0.501398670820262 off 0.45751716171463 __DUMMY__ 0.041084167465108026	false	1.0
dummheit	off 1.0	off 1.0	off 0.7073801712385531 neg 0.2727930854862504 __DUMMY__ 0.01982674327519662	false	1.0
unerfreulich	neg 1.0		neg 0.5194317597940931 off 0.4385584904252419 __DUMMY__ 0.042009749780665094	false	1.0
motherfucker	off 1.0	off 1.0	off 0.7099223175759757 neg 0.27031037248687 __DUMMY__ 0.019767309937154386	false	1.0
pikiert	neg 1.0		neg 0.5102308278885422 off 0.44836595841658905 __DUMMY__ 0.04140321369486875	false	1.0
wrack	neg 1.0		neg 0.5147978619897031 off 0.4429865357494432 __DUMMY__ 0.04221560226085383	false	1.0
gangster	neg 1.0		neg 0.5106416590834841 off 0.44760966577630024 __DUMMY__ 0.041748675140215595	false	1.0
krank	neg 1.0		neg 0.5049958264893196 off 0.453285401984315 __DUMMY__ 0.04171877152636549	false	1.0
reich	neg 1.0		neg 0.5107842344126408 off 0.447712007774426 __DUMMY__ 0.041503757812933244	false	1.0
gnadenlos	neg 1.0		neg 0.5126980411611057 off 0.4455185417356234 __DUMMY__ 0.041783417103270944	false	1.0
niedergeschlagen	neg 1.0		neg 0.5134631707598369 off 0.4445381001460928 __DUMMY__ 0.04199872909407017	false	1.0
terrorisieren	off 1.0	off 1.0	off 0.7044251865093741 neg 0.2755733505971063 __DUMMY__ 0.02000146289351951	false	1.0
sinnlosigkeit	neg 1.0		neg 0.5167559611677985 off 0.4414727965878559 __DUMMY__ 0.0417712422443457	false	1.0
behindern	neg 1.0		neg 0.5152218786854389 off 0.44302044561765713 __DUMMY__ 0.041757675696903945	false	1.0
undemokratisch	neg 1.0		neg 0.5157235922909896 off 0.4427636156792405 __DUMMY__ 0.04151279202976966	false	1.0
wirtschaftskrise	neg 1.0		neg 0.5191428613029331 off 0.43913879888905427 __DUMMY__ 0.04171833980801254	false	1.0
neid	neg 1.0		neg 0.5062805000647438 off 0.4518423903983988 __DUMMY__ 0.04187710953685744	false	1.0
rutschen	neg 1.0	neg 1.0	neg 0.7445913925286517 off 0.23504017883653291 __DUMMY__ 0.020368428634815302	false	1.0
rezession	neg 1.0		neg 0.5063624591872088 off 0.4523700613869238 __DUMMY__ 0.041267479425867365	false	1.0
fehlgeburt	neg 1.0		neg 0.5095304080102173 off 0.4485434670754838 __DUMMY__ 0.04192612491429893	false	1.0
charakterschwach	off 1.0		neg 0.5079063239389529 off 0.4505601107723168 __DUMMY__ 0.04153356528873042	false	0.5
isolation	neg 1.0		neg 0.5079258197573399 off 0.45024505620766964 __DUMMY__ 0.041829124034990575	false	1.0
ablenkung	neg 1.0		neg 0.5125783956552701 off 0.4455564973746336 __DUMMY__ 0.04186510697009642	false	1.0
pech	neg 1.0		neg 0.5080221652940495 off 0.4501643990144964 __DUMMY__ 0.04181343569145407	false	1.0
vermeidung	neg 1.0		neg 0.5080076668448611 off 0.45050587965383154 __DUMMY__ 0.04148645350130737	false	1.0
dominieren	neg 1.0		neg 0.5150786783510377 off 0.44280174265028377 __DUMMY__ 0.04211957899867857	false	1.0
schwindlig	neg 1.0		neg 0.5075203197344414 off 0.45043039251402406 __DUMMY__ 0.04204928775153454	false	1.0
lutscher	neg 1.0		neg 0.4996766648760882 off 0.459168505017819 __DUMMY__ 0.041154830106092846	false	1.0
pflicht	neg 1.0		neg 0.5199211525765436 off 0.4382114472396948 __DUMMY__ 0.041867400183761616	false	1.0
faschist	off 1.0		neg 0.5138514029943791 off 0.4447395943747177 __DUMMY__ 0.04140900263090304	false	0.5
verschleudern	neg 1.0		neg 0.5222114164194616 off 0.436271288802898 __DUMMY__ 0.041517294777640414	false	1.0
wenn			neg 0.5086539242724917 off 0.4496515396939366 __DUMMY__ 0.041694536033571726	false	0.0
ehebruch	neg 1.0		neg 0.5188416005586192 off 0.43942286414091675 __DUMMY__ 0.04173553530046405	false	1.0
spott	off 1.0		neg 0.5198534483636508 off 0.4384392158630618 __DUMMY__ 0.04170733577328743	false	0.5
trostlosigkeit	neg 1.0		neg 0.5205178308759335 off 0.4375239513804743 __DUMMY__ 0.04195821774359225	false	1.0
lutschen	neg 1.0		neg 0.5120937753539001 off 0.4462884747965158 __DUMMY__ 0.04161774984958402	false	1.0
undiszipliniert	neg 1.0		neg 0.5050470214986346 off 0.4533475770332345 __DUMMY__ 0.04160540146813103	false	1.0
kopfschmerz	neg 1.0		neg 0.5131069520713643 off 0.44485861583297626 __DUMMY__ 0.0420344320956594	false	1.0
unvorhergesehen	neg 1.0		neg 0.5132927820864638 off 0.44438753940659015 __DUMMY__ 0.042319678506946	false	1.0
desinteressiert	neg 1.0		neg 0.5065113917414005 off 0.4520032204144251 __DUMMY__ 0.04148538784417445	false	1.0
armselig	off 1.0		neg 0.507479563759753 off 0.4512503392486561 __DUMMY__ 0.04127009699159089	false	0.5
desaster	neg 1.0		neg 0.5225384490665969 off 0.4355376105591146 __DUMMY__ 0.04192394037428861	false	1.0
tod	neg 1.0		neg 0.5152007599208023 off 0.44271944312582423 __DUMMY__ 0.042079796953373404	false	1.0
herzlos	neg 1.0		neg 0.5051533955446948 off 0.4534224935949632 __DUMMY__ 0.041424110860341895	false	1.0
unwissenheit	neg 1.0		neg 0.519016644772036 off 0.4393956265615746 __DUMMY__ 0.041587728666389365	false	1.0
widersinnig	neg 1.0	neg 1.0	neg 0.746477293679259 off 0.23371897199668581 __DUMMY__ 0.01980373432405525	false	1.0
bedenklich	neg 1.0		neg 0.518807780891497 off 0.4394288614995318 __DUMMY__ 0.04176335760897108	false	1.0
beanstanden	neg 1.0		neg 0.5197026709214205 off 0.43833112803313345 __DUMMY__ 0.04196620104544606	false	1.0
panisch	neg 1.0	neg 1.0	neg 0.7395775827940054 off 0.24027892598541475 __DUMMY__ 0.020143491220579707	false	1.0
debil	off 1.0		neg 0.5239706829870041 off 0.43384179561921327 __DUMMY__ 0.042187521393782706	false	0.5
abstrich	neg 1.0		neg 0.5170924640401677 off 0.44106903928739666 __DUMMY__ 0.04183849667243553	false	1.0
primitiv	neg 1.0		neg 0.5080832433702662 off 0.45050311320002806 __DUMMY__ 0.04141364342970572	false	1.0
abschaum	off 1.0	off 1.0	off 0.7086551495818191 neg 0.2715469729279008 __DUMMY__ 0.019797877490280204	false	1.0
provozieren	neg 1.0		neg 0.5140033267811398 off 0.44431736855293036 __DUMMY__ 0.041679304665929715	false	1.0
tot	neg 1.0		neg 0.5171637481518303 off 0.44088864042105186 __DUMMY__ 0.04194761142711785	false	1.0
instabil	neg 1.0		neg 0.5090402260334672 off 0.4496248681491697 __DUMMY__ 0.0413349058173631	false	1.0
schwuchtel	off 1.0		neg 0.49556663190498296 off 0.46346529935316894 __DUMMY__ 0.04096806874184814	false	0.5
zerren	neg 1.0		neg 0.5131449470219835 off 0.44483349660081056 __DUMMY__ 0.04202155637720596	false	1.0
kinderficker	off 1.0		neg 0.5054448466512471 off 0.45340615935089873 __DUMMY__ 0.0411489939978541	false	0.5
gefahr	neg 1.0		neg 0.5191656835970865 off 0.4388519125617338 __DUMMY__ 0.041982403841179725	false	1.0
rabiat	neg 1.0		neg 0.5148353974849712 off 0.44348098949360726 __DUMMY__ 0.04168361302142142	false	1.0
verlangsamung	neg 1.0		neg 0.5025764807565918 off 0.45622419322640617 __DUMMY__ 0.04119932601700211	false	1.0
ausgestorben	neg 1.0		neg 0.513192476246824 off 0.44488089384644935 __DUMMY__ 0.04192662990672674	false	1.0
anklagen	neg 1.0		neg 0.5167708437254218 off 0.44148807704821663 __DUMMY__ 0.04174107922636162	false	1.0
trott	neg 1.0		neg 0.5133299191850974 off 0.4447527471806244 __DUMMY__ 0.041917333634278194	false	1.0
verminderung	neg 1.0		neg 0.5071476604516079 off 0.45138623992296556 __DUMMY__ 0.04146609962542653	false	1.0
nach			neg 0.517221850439334 off 0.44013524357810124 __DUMMY__ 0.04264290598256466	false	0.0
rost	neg 1.0		neg 0.5038489492180003 off 0.4549120408964233 __DUMMY__ 0.0412390098855764	false	1.0
destruktiv	neg 1.0		neg 0.5170293444081357 off 0.4414351009837829 __DUMMY__ 0.0415355546080813	false	1.0
unzumutbarkeit	neg 1.0		neg 0.5069338157237793 off 0.4512503545451832 __DUMMY__ 0.0418158297310375	false	1.0
labil	off 1.0	off 1.0	off 0.7089264470446903 neg 0.2712393571297165 __DUMMY__ 0.019834195825593214	false	1.0
ziemlich	neg 1.0		neg 0.5059229463507066 off 0.4523388788299544 __DUMMY__ 0.041738174819339	false	1.0
lachnummer	off 1.0		neg 0.5149695260874425 off 0.44332013786210306 __DUMMY__ 0.0417103360504546	false	0.5
oder			neg 0.5110790994281175 off 0.44691559309172674 __DUMMY__ 0.042005307480155775	false	0.0
verfall	neg 1.0		neg 0.5246741639265192 off 0.43330937353499205 __DUMMY__ 0.042016462538488675	false	1.0
ausgrenzung	neg 1.0		neg 0.5153226087785976 off 0.4432192476730882 __DUMMY__ 0.04145814354831418	false	1.0
unordnung	neg 1.0		neg 0.5058966344933168 off 0.45229436476782253 __DUMMY__ 0.04180900073886053	false	1.0
fehlverhalten	neg 1.0		neg 0.5200541866847085 off 0.4381299035358923 __DUMMY__ 0.04181590977939927	false	1.0
eine			neg 0.5188337012953974 off 0.43915709347067605 __DUMMY__ 0.042009205233926476	false	0.0
nille	neg 1.0		neg 0.5147316700052353 off 0.4434061368084174 __DUMMY__ 0.041862193186347166	false	1.0
qual	neg 1.0		neg 0.5140168550229353 off 0.44410506714251224 __DUMMY__ 0.04187807783455255	false	1.0
verschwenden	neg 1.0		neg 0.5176434786838714 off 0.4405481943815844 __DUMMY__ 0.0418083269345441	false	1.0
riesig	neg 1.0	neg 1.0	neg 0.7441979768508757 off 0.23567285613022085 __DUMMY__ 0.02012916701890337	false	1.0
verurteilen	neg 1.0		neg 0.5180829794093761 off 0.44023517136930135 __DUMMY__ 0.041681849221322585	false	1.0
klischee	neg 1.0	neg 1.0	neg 0.7423492914277272 off 0.23784738632375113 __DUMMY__ 0.019803322248521674	false	1.0
diktatorisch	neg 1.0		neg 0.5166111480654848 off 0.44203030249084596 __DUMMY__ 0.04135854944366929	false	1.0
vorhersehbar	neg 1.0	neg 1.0	neg 0.7423370398282667 off 0.23780855172187076 __DUMMY__ 0.01985440844986256	false	1.0
sowie			neg 0.5036520268407949 off 0.4550254545024758 __DUMMY__ 0.04132251865672929	false	0.0
stornieren	neg 1.0		neg 0.5081782162311158 off 0.4495877335168928 __DUMMY__ 0.042234050251991506	false	1.0
besteuerung	neg 1.0		neg 0.5155610599787913 off 0.4429108836510849 __DUMMY__ 0.04152805637012378	false	1.0
ungeschminkt	neg 1.0		neg 0.5075812428619196 off 0.45088142240037715 __DUMMY__ 0.04153733473770317	false	1.0
kritisch	neg 1.0		neg 0.5187754081572232 off 0.43942909668500657 __DUMMY__ 0.04179549515777014	false	1.0
schlamperei	off 1.0		neg 0.5201820216180107 off 0.4380211920922115 __DUMMY__ 0.0417967862897777	false	0.5
sucht	neg 1.0	neg 1.0	neg 0.7425779700300398 off 0.2373662970596267 __DUMMY__ 0.020055732910333513	false	1.0
egoistisch	off 1.0		neg 0.5022006466349188 off 0.4564109123723384 __DUMMY__ 0.04138844099274283	false	0.5
ausbeuter	off 1.0		neg 0.5214620647120823 off 0.4368419805381227 __DUMMY__ 0.041695954749795	false	0.5
arschgeburt	off 1.0		neg 0.4962211555794505 off 0.46288613040266263 __DUMMY__ 0.04089271401788672	false	0.5
schubs	neg 1.0	neg 1.0	neg 0.7430820805386208 off 0.23676743685457868 __DUMMY__ 0.020150482606800583	false	1.0
unsolide	neg 1.0		neg 0.517862287155717 off 0.44097969318401337 __DUMMY__ 0.04115801966026969	false	1.0
beschwerde	neg 1.0		neg 0.519799017577517 off 0.43839698302937274 __DUMMY__ 0.0418039993931103	false	1.0
stocken	neg 1.0		neg 0.5182970402188518 off 0.43982842274967276 __DUMMY__ 0.0418745370314754	false	1.0
isolieren	neg 1.0		neg 0.5181595872870598 off 0.4401025173551458 __DUMMY__ 0.04173789535779451	false	1.0
unheilbar	neg 1.0		neg 0.5128911538173312 off 0.4452864774431188 __DUMMY__ 0.04182236873955013	false	1.0
pisser	off 1.0		neg 0.5059538855420744 off 0.45246894393445464 __DUMMY__ 0.041577170523470916	false	0.5
löschen	neg 1.0		neg 0.5138149474872459 off 0.4443721681737315 __DUMMY__ 0.04181288433902265	false	1.0
durchfallen	neg 1.0		neg 0.5178627456149961 off 0.4404355088380592 __DUMMY__ 0.04170174554694469	false	1.0
wichser	off 1.0		neg 0.4973763563468917 off 0.46140037174979887 __DUMMY__ 0.04122327190330946	false	0.5
terror	neg 1.0		neg 0.5088671137868542 off 0.44923126627599647 __DUMMY__ 0.04190161993714924	false	1.0
krass	neg 1.0		neg 0.5037297172030298 off 0.4547863028532273 __DUMMY__ 0.041483979943742984	false	1.0
revolte	neg 1.0		neg 0.5140176819807546 off 0.4444825617750639 __DUMMY__ 0.041499756244181424	false	1.0
besorgt	neg 1.0		neg 0.513557114842741 off 0.4443506218347138 __DUMMY__ 0.04209226332254527	false	1.0
nachlassen	neg 1.0		neg 0.5186648012292686 off 0.4394571805066413 __DUMMY__ 0.04187801826409018	false	1.0
alt	neg 1.0		neg 0.5165351348611191 off 0.44153505167114643 __DUMMY__ 0.04192981346773448	false	1.0
hundesohn	off 1.0		neg 0.5008092600978172 off 0.4580740209723571 __DUMMY__ 0.0411167189298257	false	0.5
als			neg 0.5136856497211723 off 0.4442674249869053 __DUMMY__ 0.04204692529192226	false	0.0
abschreckung	neg 1.0		neg 0.5211299454396279 off 0.43696525552431076 __DUMMY__ 0.04190479903606139	false	1.0
unqualifiziert	neg 1.0		neg 0.5133932824140419 off 0.44522377695790377 __DUMMY__ 0.041382940628054324	false	1.0
abgewichst	off 1.0		neg 0.5151765120202335 off 0.44292531937817664 __DUMMY__ 0.04189816860158997	false	0.5
schwer	neg 1.0		neg 0.5131477044369497 off 0.44498652422447416 __DUMMY__ 0.041865771338576184	false	1.0
bedeutungslosigkeit	neg 1.0		neg 0.5202234179325885 off 0.43790816844885944 __DUMMY__ 0.04186841361855208	false	1.0
kapitulation	neg 1.0		neg 0.5211724435465178 off 0.43723563541706767 __DUMMY__ 0.04159192103641434	false	1.0
unscharf	neg 1.0		neg 0.5103511706239525 off 0.44787287158404154 __DUMMY__ 0.041775957792005984	false	1.0
schwinden	neg 1.0		neg 0.5204345367755939 off 0.437704782010343 __DUMMY__ 0.04186068121406318	false	1.0
versklavung	neg 1.0		neg 0.5173248240231565 off 0.44133724878785985 __DUMMY__ 0.04133792718898352	false	1.0
schlecht	neg 1.0		neg 0.5057506852892122 off 0.4525031030746741 __DUMMY__ 0.04174621163611371	false	1.0
verhasst	neg 1.0		neg 0.513594590313872 off 0.4447365400606403 __DUMMY__ 0.04166886962548786	false	1.0
beschweren	neg 1.0		neg 0.5114483306131415 off 0.44678967332351655 __DUMMY__ 0.04176199606334181	false	1.0
scheiden	neg 1.0		neg 0.5084028245005684 off 0.4493361280677797 __DUMMY__ 0.04226104743165181	false	1.0
frustriert	neg 1.0		neg 0.5143380701057144 off 0.4437697841394865 __DUMMY__ 0.04189214575479918	false	1.0
schimmelig	neg 1.0		neg 0.5161622631572284 off 0.4417909469257377 __DUMMY__ 0.042046789917033936	false	1.0
fisch	neg 1.0		neg 0.5143083382401833 off 0.4432953029510387 __DUMMY__ 0.042396358808777984	false	1.0
schmuggel	neg 1.0		neg 0.5172421861206793 off 0.44059619056853383 __DUMMY__ 0.042161623310786885	false	1.0
auffallen	neg 1.0		neg 0.5100027421759639 off 0.4481898764204504 __DUMMY__ 0.041807381403585704	false	1.0
konkurrenz	neg 1.0	neg 1.0	neg 0.7464440627807979 off 0.23342602375288943 __DUMMY__ 0.020129913466312634	false	1.0
teufelskreis	neg 1.0	neg 1.0	neg 0.7444997969582194 off 0.23558732837135912 __DUMMY__ 0.019912874670421337	false	1.0
aufschreien	neg 1.0		neg 0.5120809956929451 off 0.4462937245354685 __DUMMY__ 0.041625279771586476	false	1.0
schuldner	neg 1.0		neg 0.5195618161760783 off 0.43852491372447994 __DUMMY__ 0.04191327009944178	false	1.0
missgeburt	off 1.0	off 1.0	off 0.7125113443009459 neg 0.26775657629206234 __DUMMY__ 0.0197320794069918	false	1.0
arbeitslos	neg 1.0		neg 0.5173096148115344 off 0.4409652437487318 __DUMMY__ 0.04172514143973376	false	1.0
befallen	neg 1.0		neg 0.5185839351337628 off 0.43985476255034645 __DUMMY__ 0.04156130231589075	false	1.0
miesepetrig	off 1.0	off 1.0	off 0.7107760624187348 neg 0.2692964101144332 __DUMMY__ 0.01992752746683196	false	1.0
alarmieren	neg 1.0		neg 0.5109239414094371 off 0.4475967055169068 __DUMMY__ 0.04147935307365616	false	1.0
ungeduscht	off 1.0		neg 0.5078685622641804 off 0.4502861088873745 __DUMMY__ 0.041845328848445225	false	0.5
knappheit	neg 1.0		neg 0.5203659210543613 off 0.4379855090912645 __DUMMY__ 0.04164856985437418	false	1.0
schlange	neg 1.0		neg 0.5083238384685912 off 0.4496034236472878 __DUMMY__ 0.04207273788412117	false	1.0
harsch	neg 1.0		neg 0.5008934962513315 off 0.4574069170300536 __DUMMY__ 0.04169958671861503	false	1.0
lang	neg 1.0		neg 0.5130034880553628 off 0.44516347073142276 __DUMMY__ 0.041833041213214614	false	1.0
ziellos	neg 1.0		neg 0.5144519984301238 off 0.4434891496747744 __DUMMY__ 0.042058851895101765	false	1.0
selbstverliebt	neg 1.0		neg 0.4988433557956292 off 0.4601921479964509 __DUMMY__ 0.040964496207919754	false	1.0
beseitigen	neg 1.0	neg 1.0	neg 0.7428233644592289 off 0.23707418179550974 __DUMMY__ 0.020102453745261293	false	1.0
dumm	off 1.0		neg 0.5017190460091822 off 0.45698075876396416 __DUMMY__ 0.041300195226853645	false	0.5
arbeitsloser	neg 1.0		neg 0.516430302228951 off 0.4416381209378517 __DUMMY__ 0.04193157683319713	false	1.0
blitzen	neg 1.0		neg 0.5103884235747189 off 0.44790733440549363 __DUMMY__ 0.04170424201978742	false	1.0
hilflos	neg 1.0		neg 0.5151855554036364 off 0.44294256540092025 __DUMMY__ 0.04187187919544331	false	1.0
eklig	off 1.0		neg 0.500693811105816 off 0.45799591318699595 __DUMMY__ 0.04131027570718814	false	0.5
begriff			neg 0.5164842989360084 off 0.44182161103262635 __DUMMY__ 0.041694090031365226	false	0.0
hungersnot	neg 1.0		neg 0.5160413102158357 off 0.44213277331765355 __DUMMY__ 0.041825916466510855	false	1.0
ungesetzlich	neg 1.0		neg 0.5173181152734846 off 0.4414832410592317 __DUMMY__ 0.041198643667283645	false	1.0
verschwendung	neg 1.0		neg 0.5187513632958739 off 0.43937614654391466 __DUMMY__ 0.04187249016021138	false	1.0
schmerzvoll	neg 1.0		neg 0.5111273090015362 off 0.4470743890614432 __DUMMY__ 0.04179830193702058	false	1.0
vorzeitig	neg 1.0		neg 0.5087384381244028 off 0.4493979944793813 __DUMMY__ 0.04186356739621606	false	1.0
unvollkommenheit	neg 1.0		neg 0.5136555437799963 off 0.44421210604665434 __DUMMY__ 0.04213235017334925	false	1.0
intervenieren	neg 1.0		neg 0.5209870875812226 off 0.4373116148853661 __DUMMY__ 0.041701297533411244	false	1.0
banause	off 1.0		neg 0.49957320023390706 off 0.45928205287112517 __DUMMY__ 0.04114474689496793	false	0.5
rebell	neg 1.0		neg 0.521264064073332 off 0.4366763451588156 __DUMMY__ 0.04205959076785245	false	1.0
unlogisch	neg 1.0		neg 0.5047063638177244 off 0.45378904294161176 __DUMMY__ 0.041504593240663815	false	1.0
leiden	neg 1.0		neg 0.5139713383917728 off 0.44363595089560365 __DUMMY__ 0.04239271071262344	false	1.0
abschaffung	neg 1.0		neg 0.5153143147524979 off 0.4431017542881649 __DUMMY__ 0.04158393095933728	false	1.0
sturz	neg 1.0		neg 0.5124201511725195 off 0.4456424049827367 __DUMMY__ 0.0419374438447437	false	1.0
verkleinerung	neg 1.0		neg 0.5134053624541735 off 0.4451688096083659 __DUMMY__ 0.04142582793746062	false	1.0
schmarotzer	off 1.0		neg 0.5183986319814606 off 0.43996244801719603 __DUMMY__ 0.04163892000134324	false	0.5
bestrafung	neg 1.0		neg 0.513083332340048 off 0.44523725703428824 __DUMMY__ 0.041679410625663854	false	1.0
achtlos	neg 1.0		neg 0.512238875385107 off 0.445798822261819 __DUMMY__ 0.04196230235307398	false	1.0
ungeheuer	neg 1.0		neg 0.5086233123378394 off 0.4495108996353199 __DUMMY__ 0.04186578802684058	false	1.0
unaufrichtig	neg 1.0		neg 0.5145610264920437 off 0.44401061572550893 __DUMMY__ 0.04142835778244737	false	1.0
groggy	neg 1.0		neg 0.511748543270944 off 0.4466113070511374 __DUMMY__ 0.04164014967791859	false	1.0
