unsolidarisch	neg 1.0		neg 0.5378990187629327 off 0.45505631638102245 __DUMMY__ 0.007044664856044738	false	1.0
nachteilig	neg 1.0		neg 0.5379441502533615 off 0.4549182114948345 __DUMMY__ 0.0071376382518038945	false	1.0
skeptisch	neg 1.0		neg 0.5380520899112835 off 0.45479394099683573 __DUMMY__ 0.00715396909188081	false	1.0
schrecklich	neg 1.0		neg 0.5216118602105364 off 0.47129925410875306 __DUMMY__ 0.007088885680710562	false	1.0
schlapp	neg 1.0		neg 0.5253767086968274 off 0.4674931538888562 __DUMMY__ 0.007130137414316391	false	1.0
abfall	neg 1.0		neg 0.5411849329555568 off 0.4516520194773815 __DUMMY__ 0.007163047567061699	false	1.0
widerspenstig	neg 1.0		neg 0.5322430810318948 off 0.46062340133313984 __DUMMY__ 0.0071335176349654125	false	1.0
abrupt	neg 1.0		neg 0.534935442790018 off 0.45787075373583314 __DUMMY__ 0.007193803474148848	false	1.0
unwirksam	neg 1.0		neg 0.5352637453745995 off 0.4576503896021197 __DUMMY__ 0.007085865023280711	false	1.0
angreifen	neg 1.0	neg 1.0	neg 0.7555710310608943 off 0.24102140642041556 __DUMMY__ 0.003407562518690098	false	1.0
inkonsistent	neg 1.0		neg 0.5309423055572761 off 0.4619212356109691 __DUMMY__ 0.007136458831754902	false	1.0
abrutschen	neg 1.0		neg 0.540358580502117 off 0.45247240489121265 __DUMMY__ 0.007169014606670227	false	1.0
unsicher	neg 1.0		neg 0.5313777444628194 off 0.4614732004180886 __DUMMY__ 0.00714905511909208	false	1.0
bauernkind	off 1.0	off 1.0	off 0.7184725015908655 neg 0.2781733516441886 __DUMMY__ 0.00335414676494584	false	1.0
angreifer	neg 1.0		neg 0.5294901992977741 off 0.463355936738821 __DUMMY__ 0.007153863963404906	false	1.0
trennen	neg 1.0		neg 0.5332339466777224 off 0.4595486127891621 __DUMMY__ 0.007217440533115569	false	1.0
schmutz	neg 1.0		neg 0.5263725407768702 off 0.4664289891699721 __DUMMY__ 0.007198470053157738	false	1.0
inkonsistenz	neg 1.0		neg 0.5301718419662764 off 0.4627561932372775 __DUMMY__ 0.007071964796446208	false	1.0
erschreckend	neg 1.0		neg 0.5344118781082324 off 0.45846377381754805 __DUMMY__ 0.007124348074219531	false	1.0
ertrinken	neg 1.0		neg 0.5349880542882762 off 0.4578403246401537 __DUMMY__ 0.007171621071570052	false	1.0
pickelface	off 1.0		neg 0.5349053728601155 off 0.4579573352820043 __DUMMY__ 0.007137291857880201	false	0.5
seiner			neg 0.536371771678031 off 0.45645523780660474 __DUMMY__ 0.007172990515364272	false	0.0
lauch	neg 1.0		neg 0.5413853303919102 off 0.45146605817343105 __DUMMY__ 0.0071486114346587465	false	1.0
unwichtig	neg 1.0		neg 0.5278629426551432 off 0.46504071545402453 __DUMMY__ 0.007096341890832134	false	1.0
steuerhinterziehung	neg 1.0		neg 0.5367458754062286 off 0.456152116144354 __DUMMY__ 0.007102008449417462	false	1.0
schock	neg 1.0		neg 0.5305253755989534 off 0.46228886901692373 __DUMMY__ 0.007185755384122859	false	1.0
beule	neg 1.0		neg 0.5246545042682991 off 0.4682104962601796 __DUMMY__ 0.007134999471521313	false	1.0
vergelten	neg 1.0		neg 0.5213971027919526 off 0.47147290479573734 __DUMMY__ 0.007129992412310104	false	1.0
verdorbenheit	neg 1.0		neg 0.5310965213499388 off 0.46173798553418505 __DUMMY__ 0.007165493115876269	false	1.0
trauma	neg 1.0		neg 0.5313183452798141 off 0.4615526214254368 __DUMMY__ 0.007129033294749017	false	1.0
sinnlos	neg 1.0		neg 0.5288089282148078 off 0.46405186957144734 __DUMMY__ 0.0071392022137447666	false	1.0
fettsack	off 1.0	off 1.0	off 0.7204524544853164 neg 0.27617958450355307 __DUMMY__ 0.003367961011130476	false	1.0
feige	off 1.0	off 1.0	off 0.7164053728879144 neg 0.2802248971911043 __DUMMY__ 0.003369729920981377	false	1.0
abdanken	neg 1.0		neg 0.5353083130869063 off 0.45758478416386544 __DUMMY__ 0.0071069027492282385	false	1.0
wichtigtuer	off 1.0	off 1.0	off 0.7149674451319415 neg 0.2816491114744452 __DUMMY__ 0.0033834433936133106	false	1.0
misslingen	neg 1.0		neg 0.5277821155579646 off 0.4650255894935683 __DUMMY__ 0.007192294948467051	false	1.0
untreu	off 1.0		neg 0.5268833950596331 off 0.46603274919183885 __DUMMY__ 0.007083855748528082	false	0.5
missmutig	neg 1.0		neg 0.5271038762945492 off 0.46578844856356005 __DUMMY__ 0.0071076751418907205	false	1.0
hurenbock	off 1.0		neg 0.5294551580255823 off 0.4633936951935822 __DUMMY__ 0.007151146780835524	false	0.5
betrunken	neg 1.0		neg 0.5219173673436047 off 0.47094981982600936 __DUMMY__ 0.007132812830385958	false	1.0
korrupt	off 1.0		neg 0.5395048489592977 off 0.453424775254255 __DUMMY__ 0.007070375786447343	false	0.5
unmut	neg 1.0		neg 0.5411874047025946 off 0.45165268950527115 __DUMMY__ 0.007159905792134309	false	1.0
hackfresse	off 1.0		neg 0.5192128082480749 off 0.4737389926169554 __DUMMY__ 0.007048199134969746	false	0.5
aufblasen	neg 1.0		neg 0.5288455365463578 off 0.4639945909506271 __DUMMY__ 0.007159872503015055	false	1.0
gewaltsam	neg 1.0		neg 0.5331552100764314 off 0.45970251406363705 __DUMMY__ 0.0071422758599315505	false	1.0
unbeliebtheit	neg 1.0		neg 0.532944610143011 off 0.4600361549568067 __DUMMY__ 0.00701923490018231	false	1.0
sturheit	neg 1.0		neg 0.5352452058590399 off 0.4576431404484773 __DUMMY__ 0.007111653692482714	false	1.0
kuh	neg 1.0		neg 0.5328613592083222 off 0.46003180041836067 __DUMMY__ 0.0071068403733171364	false	1.0
erschrecken	neg 1.0		neg 0.5269858723685135 off 0.46588765773039525 __DUMMY__ 0.007126469901091131	false	1.0
opfer	neg 1.0		neg 0.5358996303919683 off 0.45694515775200745 __DUMMY__ 0.007155211856024234	false	1.0
sinken	neg 1.0		neg 0.5394743996305792 off 0.4533510100467895 __DUMMY__ 0.007174590322631297	false	1.0
stinktier	neg 1.0		neg 0.5225467898134436 off 0.4703937260630178 __DUMMY__ 0.007059484123538642	false	1.0
tucke	off 1.0		neg 0.5214356664783112 off 0.4715678699817766 __DUMMY__ 0.0069964635399121615	false	0.5
ein			neg 0.5293811119100059 off 0.46345405477099705 __DUMMY__ 0.007164833318997056	false	0.0
abstieg	neg 1.0		neg 0.5349903811324145 off 0.45781891444622447 __DUMMY__ 0.007190704421361145	false	1.0
missverstehen	neg 1.0		neg 0.5309282899724431 off 0.46197495219910545 __DUMMY__ 0.007096757828451403	false	1.0
ergebnislos	neg 1.0		neg 0.5371305639848375 off 0.4557132649477286 __DUMMY__ 0.0071561710674338565	false	1.0
unter			neg 0.5409115411179016 off 0.4518245461073377 __DUMMY__ 0.007263912774760643	false	0.0
manipulieren	neg 1.0		neg 0.5388778426290672 off 0.45398303093777237 __DUMMY__ 0.007139126433160229	false	1.0
unbewiesen	neg 1.0		neg 0.5382637423075513 off 0.4547041582955654 __DUMMY__ 0.007032099396883407	false	1.0
verschleppen	neg 1.0		neg 0.5360268607697576 off 0.45683466312024734 __DUMMY__ 0.007138476109995145	false	1.0
weib	off 1.0		neg 0.5193883035554958 off 0.47356560765848466 __DUMMY__ 0.00704608878601948	false	0.5
opposition	neg 1.0		neg 0.5319993937242967 off 0.4609023188843865 __DUMMY__ 0.007098287391316712	false	1.0
verkehrswidrig	neg 1.0	neg 1.0	neg 0.7443516050098951 off 0.2522138024054645 __DUMMY__ 0.0034345925846405276	false	1.0
inkorrekt	neg 1.0		neg 0.5282382498133543 off 0.46472859316470033 __DUMMY__ 0.0070331570219453335	false	1.0
vermeiden	neg 1.0		neg 0.5414155030654747 off 0.4513824196814576 __DUMMY__ 0.007202077253067823	false	1.0
abweichung	neg 1.0		neg 0.5370137025353601 off 0.4558400751511154 __DUMMY__ 0.007146222313524554	false	1.0
alkoholisiert	neg 1.0		neg 0.5323491343638279 off 0.4604053797208362 __DUMMY__ 0.007245485915335779	false	1.0
scheiss	off 1.0	off 1.0	off 0.7182005589629645 neg 0.2784035766887128 __DUMMY__ 0.003395864348322705	false	1.0
herausforderung	neg 1.0	neg 1.0	neg 0.7521891868521422 off 0.24434317460741892 __DUMMY__ 0.003467638540438946	false	1.0
pervers	off 1.0		neg 0.5159543613402522 off 0.47701460900265563 __DUMMY__ 0.007031029657092216	false	0.5
wackelig	neg 1.0		neg 0.5312831831872792 off 0.46150821022873123 __DUMMY__ 0.00720860658398962	false	1.0
verwickeln	neg 1.0		neg 0.5312875545820288 off 0.4616189533368501 __DUMMY__ 0.007093492081121226	false	1.0
vorwand	neg 1.0		neg 0.5390995839847549 off 0.453747184217273 __DUMMY__ 0.007153231797972094	false	1.0
muschi	off 1.0		neg 0.5341284089255502 off 0.4587303963266414 __DUMMY__ 0.007141194747808208	false	0.5
entmutigung	neg 1.0		neg 0.5336910665982224 off 0.45922941780383536 __DUMMY__ 0.0070795155979423135	false	1.0
unangemessen	neg 1.0		neg 0.5359837929349446 off 0.45689869072628125 __DUMMY__ 0.007117516338774128	false	1.0
unstetig	neg 1.0		neg 0.5294524327232336 off 0.46338849348757943 __DUMMY__ 0.0071590737891869816	false	1.0
entmutigen	neg 1.0		neg 0.5308955513762444 off 0.46197752011617516 __DUMMY__ 0.007126928507580453	false	1.0
schwanz	neg 1.0		neg 0.5367189858634559 off 0.4561135925255124 __DUMMY__ 0.007167421611031579	false	1.0
verbot	neg 1.0		neg 0.5376998005692945 off 0.45519188615134465 __DUMMY__ 0.007108313279360775	false	1.0
leid	neg 1.0		neg 0.5205243447813002 off 0.47239521381344346 __DUMMY__ 0.007080441405256316	false	1.0
archaisch	neg 1.0		neg 0.535082111613899 off 0.45778214083800295 __DUMMY__ 0.0071357475480980865	false	1.0
gegen			neg 0.5379386234485415 off 0.45487152985183943 __DUMMY__ 0.007189846699619029	false	0.0
scheidung	neg 1.0		neg 0.5113014858408225 off 0.48166405289129327 __DUMMY__ 0.007034461267884293	false	1.0
einschlag	neg 1.0	neg 1.0	neg 0.7470447092605838 off 0.24956185911698414 __DUMMY__ 0.0033934316224320553	false	1.0
m			neg 0.5332198092769456 off 0.45960769943941204 __DUMMY__ 0.007172491283642421	false	0.0
abgestanden	neg 1.0		neg 0.5294877140184123 off 0.46334988608762967 __DUMMY__ 0.0071623998939579925	false	1.0
schmierig	off 1.0		neg 0.5208918951587639 off 0.47202179434279473 __DUMMY__ 0.007086310498441273	false	0.5
unpraktisch	neg 1.0		neg 0.5283241031232848 off 0.46449933825106 __DUMMY__ 0.007176558625655189	false	1.0
wixxer	off 1.0		neg 0.516717784782771 off 0.476259436532203 __DUMMY__ 0.007022778685026124	false	0.5
bezeichnet			neg 0.5339225777571913 off 0.45895897876252656 __DUMMY__ 0.007118443480282105	false	0.0
jammerlappen	off 1.0		neg 0.5274617870790781 off 0.4654383960332781 __DUMMY__ 0.007099816887643791	false	0.5
farce	neg 1.0		neg 0.5373574034601365 off 0.4555476968085493 __DUMMY__ 0.007094899731314195	false	1.0
zwecklos	neg 1.0		neg 0.5358738167630323 off 0.4570054596734733 __DUMMY__ 0.007120723563494571	false	1.0
turbulent	neg 1.0		neg 0.5276883949630398 off 0.46522859018357876 __DUMMY__ 0.007083014853381407	false	1.0
invasion	neg 1.0		neg 0.5286234360405251 off 0.4642362327224439 __DUMMY__ 0.007140331237031018	false	1.0
schuld	neg 1.0		neg 0.531815415075235 off 0.46106238958511647 __DUMMY__ 0.007122195339648432	false	1.0
risiko	neg 1.0		neg 0.5309117985702251 off 0.46193546580014405 __DUMMY__ 0.0071527356296308955	false	1.0
finster	neg 1.0		neg 0.5298317623845432 off 0.46301780300058876 __DUMMY__ 0.007150434614868027	false	1.0
geisteskrank	off 1.0		neg 0.5272139312445846 off 0.46572201222169446 __DUMMY__ 0.00706405653372097	false	0.5
zusammenbrechen	neg 1.0		neg 0.5330210806038692 off 0.4598218338597669 __DUMMY__ 0.0071570855363638	false	1.0
ausbeute	neg 1.0		neg 0.5336634026015062 off 0.4591189284866545 __DUMMY__ 0.007217668911839315	false	1.0
hinterhalt	neg 1.0		neg 0.5322877747582982 off 0.4605331259681944 __DUMMY__ 0.007179099273507322	false	1.0
kritik	neg 1.0		neg 0.5372909688896743 off 0.4556087230857956 __DUMMY__ 0.00710030802453002	false	1.0
einschrumpfen	neg 1.0		neg 0.5315057157279535 off 0.46141835119647284 __DUMMY__ 0.00707593307557365	false	1.0
riskant	neg 1.0		neg 0.5371434141181675 off 0.4557178047963562 __DUMMY__ 0.007138781085476249	false	1.0
frustrieren	neg 1.0		neg 0.5363303697839703 off 0.45652162298405796 __DUMMY__ 0.007148007231971813	false	1.0
groll	neg 1.0		neg 0.5352970123482782 off 0.45756509202751305 __DUMMY__ 0.007137895624208846	false	1.0
gibt			neg 0.5340680614128902 off 0.45878460833049356 __DUMMY__ 0.007147330256616222	false	0.0
qualvoll	neg 1.0		neg 0.527418326232742 off 0.4654442471092645 __DUMMY__ 0.007137426657993537	false	1.0
wackeln	neg 1.0	neg 1.0	neg 0.7504086988172645 off 0.2461631203313184 __DUMMY__ 0.0034281808514171116	false	1.0
klagen	neg 1.0		neg 0.5399930979163431 off 0.45283850404083803 __DUMMY__ 0.007168398042818847	false	1.0
bankrott	neg 1.0		neg 0.5273869208725064 off 0.46548812461068667 __DUMMY__ 0.007124954516806929	false	1.0
trauern	neg 1.0		neg 0.5349746664883986 off 0.4578499132159844 __DUMMY__ 0.007175420295616901	false	1.0
ablehnung	neg 1.0		neg 0.5370502551337202 off 0.455846257335023 __DUMMY__ 0.007103487531256742	false	1.0
stur	neg 1.0		neg 0.531489542219379 off 0.4613971901781337 __DUMMY__ 0.007113267602487076	false	1.0
aufruhr	neg 1.0		neg 0.5333224990462235 off 0.4595356755589673 __DUMMY__ 0.0071418253948091195	false	1.0
melancholie	neg 1.0		neg 0.5331787772887847 off 0.4596449452708147 __DUMMY__ 0.007176277440400632	false	1.0
ist			neg 0.5297879078860582 off 0.4630772571618792 __DUMMY__ 0.007134834952062548	false	0.0
torheit	neg 1.0		neg 0.5341730982474057 off 0.4587406433411056 __DUMMY__ 0.007086258411488688	false	1.0
dreckskind	off 1.0		neg 0.5213407294899651 off 0.4716107105585886 __DUMMY__ 0.007048559951446111	false	0.5
umtauschen	neg 1.0		neg 0.5311577318743609 off 0.4616809657729235 __DUMMY__ 0.007161302352715486	false	1.0
zum			neg 0.536764350803971 off 0.45595789501826167 __DUMMY__ 0.007277754177767271	false	0.0
zersetzen	neg 1.0		neg 0.5398542605414637 off 0.45302159970371725 __DUMMY__ 0.0071241397548190795	false	1.0
zur			neg 0.54073962840648 off 0.4520336880277561 __DUMMY__ 0.007226683565763853	false	0.0
frust	neg 1.0		neg 0.5331470757869224 off 0.4596939738549256 __DUMMY__ 0.00715895035815195	false	1.0
unerbittlichkeit	neg 1.0		neg 0.5390438739490522 off 0.4538209818149001 __DUMMY__ 0.0071351442360478405	false	1.0
zwei			neg 0.5355008365546668 off 0.4572496513510333 __DUMMY__ 0.007249512094299961	false	0.0
unkorrekt	neg 1.0		neg 0.5273143640043776 off 0.46565088801744814 __DUMMY__ 0.007034747978174358	false	1.0
hexe	off 1.0		neg 0.5260764569712336 off 0.46681855016122925 __DUMMY__ 0.0071049928675371975	false	0.5
lasch	neg 1.0		neg 0.5303530956015723 off 0.4625674851703713 __DUMMY__ 0.007079419228056505	false	1.0
rivale	neg 1.0		neg 0.5237097721280444 off 0.4691901154625655 __DUMMY__ 0.0071001124093900865	false	1.0
mutlos	off 1.0	off 1.0	off 0.7107736619032395 neg 0.2858361565776855 __DUMMY__ 0.0033901815190749453	false	1.0
wirr	off 1.0		neg 0.5264173884114782 off 0.4665402280689309 __DUMMY__ 0.007042383519590819	false	0.5
jahr			neg 0.5338209303385983 off 0.45894291164005535 __DUMMY__ 0.007236158021346373	false	0.0
wird			neg 0.5347505367133532 off 0.4580833223488345 __DUMMY__ 0.007166140937812414	false	0.0
strafbar	neg 1.0		neg 0.5377280200932069 off 0.4551450181647782 __DUMMY__ 0.007126961742014844	false	1.0
erosion	neg 1.0		neg 0.5303597041270524 off 0.46248558292201014 __DUMMY__ 0.0071547129509376885	false	1.0
eingehen	neg 1.0		neg 0.5369772560017597 off 0.4559044238563091 __DUMMY__ 0.007118320141931219	false	1.0
faul	off 1.0		neg 0.5261068120742995 off 0.466754957575123 __DUMMY__ 0.007138230350577455	false	0.5
provisorium	neg 1.0		neg 0.542640624263783 off 0.4501197956692002 __DUMMY__ 0.007239580067016869	false	1.0
schmerzen	neg 1.0		neg 0.531438024593115 off 0.461413658918988 __DUMMY__ 0.007148316487896912	false	1.0
schrumpfen	neg 1.0		neg 0.5433893792064008 off 0.4494389660200187 __DUMMY__ 0.007171654773580522	false	1.0
geistlos	off 1.0		neg 0.5344776261378869 off 0.4584856983992296 __DUMMY__ 0.00703667546288355	false	0.5
fehlkauf	neg 1.0		neg 0.5311700144266753 off 0.4617167371874308 __DUMMY__ 0.007113248385893812	false	1.0
frustrierend	neg 1.0		neg 0.5264466207372743 off 0.46641346045818355 __DUMMY__ 0.007139918804542064	false	1.0
unzufrieden	neg 1.0		neg 0.5356585488438617 off 0.45721391451078724 __DUMMY__ 0.007127536645351056	false	1.0
verzweifeln	neg 1.0		neg 0.5323906826352051 off 0.4604646423435679 __DUMMY__ 0.007144675021227066	false	1.0
verzweifelt	neg 1.0		neg 0.5309625907616599 off 0.4619172227865435 __DUMMY__ 0.007120186451796605	false	1.0
misstrauensantrag	neg 1.0		neg 0.530431589747234 off 0.46245804241827665 __DUMMY__ 0.00711036783448938	false	1.0
abfallen	neg 1.0		neg 0.528339196375945 off 0.4644903652159177 __DUMMY__ 0.007170438408137319	false	1.0
fucker	off 1.0		neg 0.5256964756656595 off 0.46722265728752876 __DUMMY__ 0.007080867046811718	false	0.5
ungezogen	neg 1.0		neg 0.5166716650627587 off 0.4762705349164767 __DUMMY__ 0.00705780002076455	false	1.0
irrsinnig	neg 1.0	neg 1.0	neg 0.7520164789375234 off 0.24459006426709376 __DUMMY__ 0.0033934567953827696	false	1.0
unfassbar	neg 1.0		neg 0.5264899400247413 off 0.4664116804117566 __DUMMY__ 0.0070983795635022	false	1.0
hart	neg 1.0		neg 0.5282613341298605 off 0.4646209366047171 __DUMMY__ 0.007117729265422372	false	1.0
widerlich	off 1.0		neg 0.527163297363833 off 0.4657709710651065 __DUMMY__ 0.007065731571060369	false	0.5
fatal	neg 1.0		neg 0.5304822005547908 off 0.46239916609709114 __DUMMY__ 0.007118633348118144	false	1.0
bruch	neg 1.0		neg 0.5403388376927258 off 0.4525036844546888 __DUMMY__ 0.007157477852585392	false	1.0
aushungern	neg 1.0		neg 0.5364515091954698 off 0.4564546638474894 __DUMMY__ 0.00709382695704084	false	1.0
anspannung	neg 1.0	neg 1.0	neg 0.755001810813528 off 0.2415254276000621 __DUMMY__ 0.003472761586409922	false	1.0
von			neg 0.5349877596325383 off 0.45778008205527215 __DUMMY__ 0.007232158312189575	false	0.0
kraftlos	neg 1.0		neg 0.5322521404786178 off 0.46056349199870217 __DUMMY__ 0.00718436752268009	false	1.0
vom			neg 0.5394339672248571 off 0.4532869343123543 __DUMMY__ 0.007279098462788643	false	0.0
grenzdebil	off 1.0		neg 0.5250247561691913 off 0.4678753213121664 __DUMMY__ 0.007099922518642185	false	0.5
vor			neg 0.5370242789520304 off 0.4557876528599535 __DUMMY__ 0.007188068188016181	false	0.0
unterwerfen	neg 1.0		neg 0.5371346962296049 off 0.4557245502547336 __DUMMY__ 0.0071407535156614	false	1.0
versenkung	neg 1.0		neg 0.5369150746416924 off 0.4559338035639462 __DUMMY__ 0.007151121794361389	false	1.0
entziehen	neg 1.0		neg 0.5394921611725333 off 0.4533452251336816 __DUMMY__ 0.007162613693785156	false	1.0
finanzkrise	neg 1.0		neg 0.5361672893863352 off 0.4567398904124903 __DUMMY__ 0.0070928202011744206	false	1.0
schimpfend	neg 1.0		neg 0.5283203079095841 off 0.4645044191740015 __DUMMY__ 0.007175272916414464	false	1.0
profan	neg 1.0		neg 0.5288863352293502 off 0.46399085053657363 __DUMMY__ 0.007122814234076062	false	1.0
korruption	neg 1.0	neg 1.0	neg 0.7553868383655276 off 0.2412262770540037 __DUMMY__ 0.0033868845804687943	false	1.0
â			neg 0.5350424551297106 off 0.4577917748917586 __DUMMY__ 0.00716576997853089	false	0.0
schmutzig	neg 1.0		neg 0.5251462672139023 off 0.467742482018341 __DUMMY__ 0.007111250767756515	false	1.0
sexy	neg 1.0		neg 0.5283835804979149 off 0.4644974317172326 __DUMMY__ 0.007118987784852377	false	1.0
abraten	neg 1.0		neg 0.5296826150743096 off 0.4631850814067904 __DUMMY__ 0.007132303518900022	false	1.0
schwarz	neg 1.0		neg 0.5314172483479206 off 0.46146673758789536 __DUMMY__ 0.007116014064184139	false	1.0
fotze	off 1.0		neg 0.5366394972177535 off 0.45621344043138007 __DUMMY__ 0.00714706235086661	false	0.5
verwirren	neg 1.0		neg 0.5285664384736108 off 0.46430956593112005 __DUMMY__ 0.007123995595269238	false	1.0
zahnlos	off 1.0		neg 0.5358511381506695 off 0.457025187321209 __DUMMY__ 0.0071236745281215074	false	0.5
verheeren	neg 1.0		neg 0.515465679482796 off 0.4774739853494518 __DUMMY__ 0.007060335167752286	false	1.0
hippie	neg 1.0		neg 0.5293711254953268 off 0.46351487954409387 __DUMMY__ 0.007113994960579374	false	1.0
rammen	neg 1.0		neg 0.5312399551457047 off 0.46163038212354174 __DUMMY__ 0.007129662730753538	false	1.0
unlauter	neg 1.0		neg 0.53542167818028 off 0.45751089478019935 __DUMMY__ 0.007067427039520516	false	1.0
unheilvoll	neg 1.0		neg 0.5274267219919613 off 0.465412026933631 __DUMMY__ 0.007161251074407675	false	1.0
niedrig	neg 1.0		neg 0.5366242883332036 off 0.45620907914969694 __DUMMY__ 0.007166632517099283	false	1.0
explosion	neg 1.0		neg 0.5302345043898624 off 0.462654835449918 __DUMMY__ 0.007110660160219663	false	1.0
weichei	off 1.0		neg 0.520628822685128 off 0.4723130976785354 __DUMMY__ 0.007058079636336569	false	0.5
minusmensch	off 1.0		neg 0.5201232621750259 off 0.4728912544510037 __DUMMY__ 0.00698548337397029	false	0.5
farblos	neg 1.0		neg 0.5297156488240262 off 0.46308153213398784 __DUMMY__ 0.0072028190419858975	false	1.0
unwissend	neg 1.0	neg 1.0	neg 0.7497020896091855 off 0.2469186142639536 __DUMMY__ 0.003379296126860977	false	1.0
traurig	neg 1.0		neg 0.5224897797866569 off 0.47041197239619265 __DUMMY__ 0.007098247817150418	false	1.0
senkung	neg 1.0		neg 0.5311784683149796 off 0.4617353624543464 __DUMMY__ 0.007086169230674137	false	1.0
ungleich	neg 1.0	neg 1.0	neg 0.7559685287401136 off 0.24063902827211248 __DUMMY__ 0.0033924429877740226	false	1.0
heikel	neg 1.0		neg 0.5386590862216372 off 0.45420138373022095 __DUMMY__ 0.007139530048141963	false	1.0
drosselung	neg 1.0		neg 0.525119892621878 off 0.4677704541789741 __DUMMY__ 0.007109653199147758	false	1.0
falsch	neg 1.0		neg 0.5274029797138657 off 0.46547989557680297 __DUMMY__ 0.0071171247093312195	false	1.0
unzufriedenheit	neg 1.0		neg 0.53942180327955 off 0.4534365486606352 __DUMMY__ 0.007141648059814956	false	1.0
kurz	neg 1.0		neg 0.5312606460167856 off 0.46155046497787966 __DUMMY__ 0.007188889005334686	false	1.0
unsinnig	neg 1.0		neg 0.5360807330182275 off 0.4568120158796798 __DUMMY__ 0.00710725110209276	false	1.0
penner	off 1.0	off 1.0	off 0.7217282948211976 neg 0.2749126974177443 __DUMMY__ 0.003359007761058079	false	1.0
seicht	neg 1.0		neg 0.5196407186481521 off 0.47334832427067614 __DUMMY__ 0.00701095708117178	false	1.0
dummheit	off 1.0	off 1.0	off 0.7149931162041974 neg 0.2816276860375884 __DUMMY__ 0.0033791977582143377	false	1.0
unerfreulich	neg 1.0		neg 0.5381692488945753 off 0.45466117778779 __DUMMY__ 0.007169573317634641	false	1.0
motherfucker	off 1.0	off 1.0	off 0.7175148624987282 neg 0.27911607987782766 __DUMMY__ 0.003369057623444207	false	1.0
pikiert	neg 1.0		neg 0.5286539354429007 off 0.4642804088671198 __DUMMY__ 0.007065655689979381	false	1.0
wrack	neg 1.0		neg 0.533605593502398 off 0.4591897439918676 __DUMMY__ 0.007204662505734493	false	1.0
gangster	neg 1.0		neg 0.5292212075611644 off 0.46365389660578615 __DUMMY__ 0.007124895833049415	false	1.0
krank	neg 1.0		neg 0.5235325204943425 off 0.4693477877871266 __DUMMY__ 0.007119691718530831	false	1.0
reich	neg 1.0		neg 0.5292547941820642 off 0.4636625283401059 __DUMMY__ 0.007082677477829854	false	1.0
gnadenlos	neg 1.0		neg 0.5313047659350192 off 0.46156439548920064 __DUMMY__ 0.007130838575780207	false	1.0
niedergeschlagen	neg 1.0		neg 0.5321678559407467 off 0.4606644826472709 __DUMMY__ 0.007167661411982607	false	1.0
terrorisieren	off 1.0	off 1.0	off 0.7120996552940012 neg 0.28449132112839726 __DUMMY__ 0.003409023577601489	false	1.0
sinnlosigkeit	neg 1.0		neg 0.5353765404802326 off 0.45749472445868644 __DUMMY__ 0.0071287350610809335	false	1.0
behindern	neg 1.0		neg 0.533823861003139 off 0.45904971570897446 __DUMMY__ 0.007126423287886425	false	1.0
undemokratisch	neg 1.0		neg 0.5342299522066957 off 0.4586856669406895 __DUMMY__ 0.00708438085261477	false	1.0
wirtschaftskrise	neg 1.0		neg 0.5377528507897945 off 0.45512755666951976 __DUMMY__ 0.007119592540685822	false	1.0
neid	neg 1.0		neg 0.5248972152570083 off 0.4679559781090017 __DUMMY__ 0.0071468066339899616	false	1.0
rutschen	neg 1.0	neg 1.0	neg 0.7536676765683643 off 0.24286066161473094 __DUMMY__ 0.0034716618169048155	false	1.0
rezession	neg 1.0		neg 0.5247086902191423 off 0.4682489648989427 __DUMMY__ 0.007042344881914913	false	1.0
fehlgeburt	neg 1.0		neg 0.5281867274463548 off 0.4646582349420294 __DUMMY__ 0.007155037611615877	false	1.0
charakterschwach	off 1.0		neg 0.5263810472962118 off 0.4665309922348266 __DUMMY__ 0.007087960468961562	false	0.5
isolation	neg 1.0		neg 0.5265284297130881 off 0.4663329362408987 __DUMMY__ 0.007138634046013217	false	1.0
ablenkung	neg 1.0		neg 0.5312182085271195 off 0.4616369745717902 __DUMMY__ 0.007144816901090281	false	1.0
pech	neg 1.0		neg 0.5266124285262443 off 0.46625171768337687 __DUMMY__ 0.007135853790378724	false	1.0
vermeidung	neg 1.0		neg 0.5264536538798761 off 0.4664664625818311 __DUMMY__ 0.00707988353829278	false	1.0
dominieren	neg 1.0		neg 0.533848186543043 off 0.45896352664459206 __DUMMY__ 0.007188286812364992	false	1.0
schwindlig	neg 1.0		neg 0.5262142051286345 off 0.46660949576914496 __DUMMY__ 0.007176299102220554	false	1.0
lutscher	neg 1.0		neg 0.5179396612121142 off 0.4750372961202006 __DUMMY__ 0.007023042667685153	false	1.0
pflicht	neg 1.0		neg 0.538601654891075 off 0.45425313216727486 __DUMMY__ 0.00714521294165018	false	1.0
faschist	off 1.0		neg 0.5323030104353943 off 0.4606304061867171 __DUMMY__ 0.0070665833778886826	false	0.5
verschleudern	neg 1.0		neg 0.5407423212759032 off 0.45217253764699816 __DUMMY__ 0.007085141077098629	false	1.0
wenn			neg 0.5271995053070669 off 0.4656849031206009 __DUMMY__ 0.007115591572332102	false	0.0
ehebruch	neg 1.0		neg 0.5374599024126042 off 0.45541754016829095 __DUMMY__ 0.0071225574191048245	false	1.0
spott	off 1.0		neg 0.5384636746894701 off 0.4544185754145868 __DUMMY__ 0.007117749895943139	false	0.5
trostlosigkeit	neg 1.0		neg 0.5392404161365693 off 0.45359888561828027 __DUMMY__ 0.007160698245150419	false	1.0
lutschen	neg 1.0		neg 0.5306234029031384 off 0.46227424801801237 __DUMMY__ 0.007102349078849128	false	1.0
undiszipliniert	neg 1.0		neg 0.5235355244479063 off 0.46936421003567486 __DUMMY__ 0.007100265516418883	false	1.0
kopfschmerz	neg 1.0		neg 0.5318186380312353 off 0.46100765445186037 __DUMMY__ 0.0071737075169041875	false	1.0
unvorhergesehen	neg 1.0		neg 0.5321355725161541 off 0.46064184591262736 __DUMMY__ 0.007222581571218538	false	1.0
desinteressiert	neg 1.0		neg 0.5249538209080802 off 0.46796644146312627 __DUMMY__ 0.007079737628793661	false	1.0
armselig	off 1.0		neg 0.5258313571369662 off 0.4671257816280602 __DUMMY__ 0.007042861234973675	false	0.5
desaster	neg 1.0		neg 0.5412570748561132 off 0.4515880614485698 __DUMMY__ 0.007154863695317	false	1.0
tod	neg 1.0		neg 0.5339510935383914 off 0.45886750590706693 __DUMMY__ 0.007181400554541648	false	1.0
herzlos	neg 1.0		neg 0.5235618746210849 off 0.46936888505222657 __DUMMY__ 0.007069240326688522	false	1.0
unwissenheit	neg 1.0		neg 0.5375669534440194 off 0.45533577322648816 __DUMMY__ 0.007097273329492343	false	1.0
widersinnig	neg 1.0	neg 1.0	neg 0.7553083420143639 off 0.24131640076200844 __DUMMY__ 0.0033752572236276975	false	1.0
bedenklich	neg 1.0		neg 0.5374345087619633 off 0.45543810147606545 __DUMMY__ 0.0071273897619712895	false	1.0
beanstanden	neg 1.0		neg 0.5384273458246913 off 0.4544105433510679 __DUMMY__ 0.0071621108242408155	false	1.0
panisch	neg 1.0	neg 1.0	neg 0.7485483333572116 off 0.248018409234231 __DUMMY__ 0.003433257408557404	false	1.0
debil	off 1.0		neg 0.5428066428728292 off 0.44999338592104854 __DUMMY__ 0.007199971206122168	false	0.5
abstrich	neg 1.0		neg 0.5357281023524317 off 0.45713190132264614 __DUMMY__ 0.007139996324922063	false	1.0
primitiv	neg 1.0		neg 0.5265024790289409 off 0.46643007157556593 __DUMMY__ 0.007067449395493109	false	1.0
abschaum	off 1.0	off 1.0	off 0.7162568735223346 neg 0.2803688628469667 __DUMMY__ 0.003374263630698777	false	1.0
provozieren	neg 1.0		neg 0.5325700822678541 off 0.4603169296137663 __DUMMY__ 0.007112988118379716	false	1.0
tot	neg 1.0		neg 0.5358587864219504 off 0.4569824799354413 __DUMMY__ 0.007158733642608331	false	1.0
instabil	neg 1.0		neg 0.5274268288140109 off 0.46551934905242953 __DUMMY__ 0.007053822133559623	false	1.0
schwuchtel	off 1.0		neg 0.5137327310785675 off 0.4792762118445827 __DUMMY__ 0.006991057076849769	false	0.5
zerren	neg 1.0		neg 0.5318607361462903 off 0.46096764287080927 __DUMMY__ 0.007171620982900409	false	1.0
kinderficker	off 1.0		neg 0.5237377478443648 off 0.46924021435383634 __DUMMY__ 0.0070220378017987915	false	0.5
gefahr	neg 1.0		neg 0.5378968619092559 off 0.4549382927734076 __DUMMY__ 0.00716484531733669	false	1.0
rabiat	neg 1.0		neg 0.53340571919791 off 0.4594805685293149 __DUMMY__ 0.007113712272775071	false	1.0
verlangsamung	neg 1.0		neg 0.5208777818820599 off 0.4720916009621416 __DUMMY__ 0.007030617155798552	false	1.0
ausgestorben	neg 1.0		neg 0.5318646857283303 off 0.4609799693468435 __DUMMY__ 0.007155344924826139	false	1.0
anklagen	neg 1.0		neg 0.5353823335020464 off 0.4574941831668531 __DUMMY__ 0.007123483331100467	false	1.0
trott	neg 1.0		neg 0.5319962624596337 off 0.4608499429268026 __DUMMY__ 0.007153794613563646	false	1.0
verminderung	neg 1.0		neg 0.5255803681381013 off 0.46734323480787177 __DUMMY__ 0.007076397054026999	false	1.0
nach			neg 0.5362328612015596 off 0.4564891164989504 __DUMMY__ 0.007278022299490066	false	0.0
rost	neg 1.0		neg 0.5221710170713334 off 0.47079160319849883 __DUMMY__ 0.007037379730167863	false	1.0
destruktiv	neg 1.0		neg 0.5355465864049139 off 0.45736508113580115 __DUMMY__ 0.00708833245928486	false	1.0
unzumutbarkeit	neg 1.0		neg 0.5255275932795553 off 0.4673361619576224 __DUMMY__ 0.007136244762822475	false	1.0
labil	off 1.0	off 1.0	off 0.7165430154887724 neg 0.2800765086283692 __DUMMY__ 0.003380475882858424	false	1.0
ziemlich	neg 1.0		neg 0.5244753654539432 off 0.46840158943081917 __DUMMY__ 0.007123045115237655	false	1.0
lachnummer	off 1.0		neg 0.5335586809513297 off 0.45932302725558316 __DUMMY__ 0.007118291793087107	false	0.5
oder			neg 0.5297725102072942 off 0.4630586743496693 __DUMMY__ 0.007168815443036414	false	0.0
verfall	neg 1.0		neg 0.5434410378736763 off 0.449388243674102 __DUMMY__ 0.00717071845222169	false	1.0
ausgrenzung	neg 1.0		neg 0.5338020040129017 off 0.4591229755478853 __DUMMY__ 0.007075020439213131	false	1.0
unordnung	neg 1.0		neg 0.524484072414092 off 0.46838094127374175 __DUMMY__ 0.007134986312166174	false	1.0
fehlverhalten	neg 1.0		neg 0.5387143805259325 off 0.4541492507130017 __DUMMY__ 0.007136368761065808	false	1.0
eine			neg 0.5375667160518172 off 0.4552637786110185 __DUMMY__ 0.00716950533716437	false	0.0
nille	neg 1.0		neg 0.533385703534543 off 0.4594700082305805 __DUMMY__ 0.007144288234876623	false	1.0
qual	neg 1.0		neg 0.5326692979692312 off 0.4601836322460626 __DUMMY__ 0.007147069784706073	false	1.0
verschwenden	neg 1.0		neg 0.5362814951307243 off 0.4565834240355505 __DUMMY__ 0.007135080833725105	false	1.0
riesig	neg 1.0	neg 1.0	neg 0.7531689109355645 off 0.2434003060931268 __DUMMY__ 0.0034307829713086796	false	1.0
verurteilen	neg 1.0		neg 0.5366746572290132 off 0.45621196362059396 __DUMMY__ 0.007113379150392773	false	1.0
klischee	neg 1.0	neg 1.0	neg 0.7511721678444582 off 0.24545262653522307 __DUMMY__ 0.0033752056203187426	false	1.0
diktatorisch	neg 1.0		neg 0.535053004429063 off 0.4578890444494096 __DUMMY__ 0.0070579511215273045	false	1.0
vorhersehbar	neg 1.0	neg 1.0	neg 0.7511841088703813 off 0.24543196966085384 __DUMMY__ 0.0033839214687648098	false	1.0
sowie			neg 0.5220100124143147 off 0.47093818613335175 __DUMMY__ 0.007051801452333644	false	0.0
stornieren	neg 1.0		neg 0.5269668953793175 off 0.4658252381872481 __DUMMY__ 0.007207866433434343	false	1.0
besteuerung	neg 1.0		neg 0.5340614604706421 off 0.4588515447285808 __DUMMY__ 0.007086994800777159	false	1.0
ungeschminkt	neg 1.0		neg 0.5260468568349851 off 0.4668645681248076 __DUMMY__ 0.007088575040207393	false	1.0
kritisch	neg 1.0		neg 0.5374192349201666 off 0.4554478861526967 __DUMMY__ 0.007132878927136636	false	1.0
schlamperei	off 1.0		neg 0.5388341538337489 off 0.45403280951598235 __DUMMY__ 0.007133036650268632	false	0.5
sucht	neg 1.0	neg 1.0	neg 0.7515125576148329 off 0.2450692127734862 __DUMMY__ 0.003418229611680848	false	1.0
egoistisch	off 1.0		neg 0.5205815719390283 off 0.4723553309335314 __DUMMY__ 0.007063097127440206	false	0.5
ausbeuter	off 1.0		neg 0.5400743089544436 off 0.452809883484737 __DUMMY__ 0.007115807560819278	false	0.5
arschgeburt	off 1.0		neg 0.5143593101526026 off 0.4786625507567906 __DUMMY__ 0.00697813909060665	false	0.5
schubs	neg 1.0	neg 1.0	neg 0.752057530121402 off 0.24450804227859044 __DUMMY__ 0.00343442760000757	false	1.0
unsolide	neg 1.0		neg 0.5362149110032913 off 0.4567615216610102 __DUMMY__ 0.007023567335698342	false	1.0
beschwerde	neg 1.0		neg 0.5384505328666621 off 0.45441520205347263 __DUMMY__ 0.007134265079865149	false	1.0
stocken	neg 1.0		neg 0.5369723766515511 off 0.45588125859940604 __DUMMY__ 0.00714636474904278	false	1.0
isolieren	neg 1.0		neg 0.5367740518609352 off 0.45610302935188424 __DUMMY__ 0.007122918787180514	false	1.0
unheilbar	neg 1.0		neg 0.5315195906470722 off 0.46134298491830605 __DUMMY__ 0.007137424434621829	false	1.0
pisser	off 1.0		neg 0.5244389532861207 off 0.46846566845495174 __DUMMY__ 0.0070953782589276496	false	0.5
löschen	neg 1.0		neg 0.5324384301717143 off 0.4604256903188679 __DUMMY__ 0.007135879509417853	false	1.0
durchfallen	neg 1.0		neg 0.5364568621323266 off 0.45642631766390185 __DUMMY__ 0.007116820203771602	false	1.0
wichser	off 1.0		neg 0.5156605399307066 off 0.4773046597938505 __DUMMY__ 0.007034800275442875	false	0.5
terror	neg 1.0		neg 0.5275043028240891 off 0.46534465508166645 __DUMMY__ 0.007151042094244418	false	1.0
krass	neg 1.0		neg 0.5221545283834403 off 0.47076603588913085 __DUMMY__ 0.0070794357274288474	false	1.0
revolte	neg 1.0		neg 0.5325076763158705 off 0.46041018384078014 __DUMMY__ 0.007082139843349404	false	1.0
besorgt	neg 1.0		neg 0.5323058971708772 off 0.46051042925687413 __DUMMY__ 0.0071836735722487855	false	1.0
nachlassen	neg 1.0		neg 0.5373369408173384 off 0.4555161222769492 __DUMMY__ 0.007146936905712393	false	1.0
alt	neg 1.0		neg 0.5352170116828978 off 0.45762724051300163 __DUMMY__ 0.0071557478041006295	false	1.0
hundesohn	off 1.0		neg 0.519069681851162 off 0.4739138037038909 __DUMMY__ 0.0070165144449470624	false	0.5
als			neg 0.5324149095196372 off 0.46040915637648994 __DUMMY__ 0.007175934103872688	false	0.0
abschreckung	neg 1.0		neg 0.5398356672116355 off 0.453012763285862 __DUMMY__ 0.007151569502502532	false	1.0
unqualifiziert	neg 1.0		neg 0.5318263136154672 off 0.4611115146160223 __DUMMY__ 0.007062171768510599	false	1.0
abgewichst	off 1.0		neg 0.5338458561794036 off 0.45900368215313425 __DUMMY__ 0.007150461667462164	false	0.5
schwer	neg 1.0		neg 0.5317914548315398 off 0.46106360524912343 __DUMMY__ 0.007144939919336917	false	1.0
bedeutungslosigkeit	neg 1.0		neg 0.538906983577619 off 0.45394765011461513 __DUMMY__ 0.007145366307765782	false	1.0
kapitulation	neg 1.0		neg 0.5397369657840028 off 0.4531650755997715 __DUMMY__ 0.007097958616225807	false	1.0
unscharf	neg 1.0		neg 0.528933689530664 off 0.4639368938674127 __DUMMY__ 0.007129416601923251	false	1.0
schwinden	neg 1.0		neg 0.5391133597169957 off 0.4537426547020158 __DUMMY__ 0.007143985580988561	false	1.0
versklavung	neg 1.0		neg 0.5357569005181649 off 0.4571886746069075 __DUMMY__ 0.007054424874927532	false	1.0
schlecht	neg 1.0		neg 0.5243073724908769 off 0.4685681974760921 __DUMMY__ 0.007124430033030976	false	1.0
verhasst	neg 1.0		neg 0.5321554735298492 off 0.46073334095199375 __DUMMY__ 0.0071111855181571456	false	1.0
beschweren	neg 1.0		neg 0.530038154396791 off 0.46283469075211287 __DUMMY__ 0.00712715485109607	false	1.0
scheiden	neg 1.0		neg 0.5272025256363996 off 0.4655850186778698 __DUMMY__ 0.007212455685730738	false	1.0
frustriert	neg 1.0		neg 0.5330008120620885 off 0.45984972579805977 __DUMMY__ 0.007149462139851792	false	1.0
schimmelig	neg 1.0		neg 0.534892703481993 off 0.4579315128833095 __DUMMY__ 0.007175783634697414	false	1.0
fisch	neg 1.0		neg 0.5331910046984507 off 0.4595733997790454 __DUMMY__ 0.007235595522503975	false	1.0
schmuggel	neg 1.0		neg 0.5360426749709559 off 0.45676186856483675 __DUMMY__ 0.007195456464207458	false	1.0
auffallen	neg 1.0		neg 0.5286059455307804 off 0.4642591366705932 __DUMMY__ 0.007134917798626298	false	1.0
konkurrenz	neg 1.0	neg 1.0	neg 0.7554201678709233 off 0.24114888407772642 __DUMMY__ 0.0034309480513503533	false	1.0
teufelskreis	neg 1.0	neg 1.0	neg 0.7533746221555707 off 0.2432314687422531 __DUMMY__ 0.003393909102176206	false	1.0
aufschreien	neg 1.0		neg 0.5306127127553223 off 0.46228356208889926 __DUMMY__ 0.0071037251557785775	false	1.0
schuldner	neg 1.0		neg 0.5382629887069984 off 0.4545840294372347 __DUMMY__ 0.007152981855766953	false	1.0
missgeburt	off 1.0	off 1.0	off 0.7200928132219935 neg 0.27654419297233734 __DUMMY__ 0.003362993805669278	false	1.0
arbeitslos	neg 1.0		neg 0.5359127674103473 off 0.4569663858322125 __DUMMY__ 0.007120846757440139	false	1.0
befallen	neg 1.0		neg 0.5371189102935845 off 0.45578845958687364 __DUMMY__ 0.007092630119542008	false	1.0
miesepetrig	off 1.0	off 1.0	off 0.7184347222334704 neg 0.2781688930663709 __DUMMY__ 0.0033963847001587796	false	1.0
alarmieren	neg 1.0		neg 0.529390854730196 off 0.4635305044738974 __DUMMY__ 0.0070786407959066485	false	1.0
ungeduscht	off 1.0		neg 0.5264704916442052 off 0.46638817617873124 __DUMMY__ 0.0071413321770635455	false	0.5
knappheit	neg 1.0		neg 0.5389475741679401 off 0.4539448018059195 __DUMMY__ 0.007107624026140284	false	1.0
schlange	neg 1.0		neg 0.5270372027177651 off 0.46578244416562464 __DUMMY__ 0.007180353116610316	false	1.0
harsch	neg 1.0		neg 0.5194067638301827 off 0.4734768736056303 __DUMMY__ 0.007116362564187044	false	1.0
lang	neg 1.0		neg 0.5316320604117255 off 0.46122859424592033 __DUMMY__ 0.007139345342354173	false	1.0
ziellos	neg 1.0		neg 0.5331888201598485 off 0.45963318256010516 __DUMMY__ 0.007177997280046393	false	1.0
selbstverliebt	neg 1.0		neg 0.5170191942386553 off 0.47599033402806573 __DUMMY__ 0.0069904717332790346	false	1.0
beseitigen	neg 1.0	neg 1.0	neg 0.7517825855102008 off 0.24479118735550864 __DUMMY__ 0.0034262271342904793	false	1.0
dumm	off 1.0		neg 0.520056169646705 off 0.47289583619303954 __DUMMY__ 0.007047994160255639	false	0.5
arbeitsloser	neg 1.0		neg 0.5351267528570954 off 0.4577170935356112 __DUMMY__ 0.007156153607293347	false	1.0
blitzen	neg 1.0		neg 0.5289500816205589 off 0.46393267508085845 __DUMMY__ 0.007117243298582617	false	1.0
hilflos	neg 1.0		neg 0.5338420568486874 off 0.45901195947650925 __DUMMY__ 0.007145983674803281	false	1.0
eklig	off 1.0		neg 0.51902909300585 off 0.47392120497696477 __DUMMY__ 0.007049702017185347	false	0.5
begriff			neg 0.5350697336834415 off 0.4578147704712055 __DUMMY__ 0.007115495845353231	false	0.0
hungersnot	neg 1.0		neg 0.534687111779134 off 0.4581749057722154 __DUMMY__ 0.00713798244865067	false	1.0
ungesetzlich	neg 1.0		neg 0.5356924739454453 off 0.4572769586220564 __DUMMY__ 0.007030567432498295	false	1.0
verschwendung	neg 1.0		neg 0.5374259469326114 off 0.45542796214657355 __DUMMY__ 0.007146090920815156	false	1.0
schmerzvoll	neg 1.0		neg 0.529730950476894 off 0.46313567887435725 __DUMMY__ 0.007133370648748783	false	1.0
vorzeitig	neg 1.0		neg 0.5273635515426877 off 0.46549202400132206 __DUMMY__ 0.007144424455990399	false	1.0
unvollkommenheit	neg 1.0		neg 0.5324239240829437 off 0.46038562574128755 __DUMMY__ 0.007190450175768754	false	1.0
intervenieren	neg 1.0		neg 0.5396003923222087 off 0.4532828998018112 __DUMMY__ 0.007116707875980075	false	1.0
banause	off 1.0		neg 0.5178296271595602 off 0.47514905326760487 __DUMMY__ 0.007021319572834894	false	0.5
rebell	neg 1.0		neg 0.5400299462200279 off 0.45279204069873363 __DUMMY__ 0.007178013081238644	false	1.0
unlogisch	neg 1.0		neg 0.5231492031333113 off 0.4697677821469126 __DUMMY__ 0.007083014719776174	false	1.0
leiden	neg 1.0		neg 0.5328539435619092 off 0.4599109688900672 __DUMMY__ 0.0072350875480235435	false	1.0
abschaffung	neg 1.0		neg 0.5338456177941661 off 0.4590578109089498 __DUMMY__ 0.00709657129688405	false	1.0
sturz	neg 1.0		neg 0.5310958043680413 off 0.46174711270211916 __DUMMY__ 0.007157082929839585	false	1.0
verkleinerung	neg 1.0		neg 0.5318557227020869 off 0.461074826720513 __DUMMY__ 0.0070694505774002575	false	1.0
schmarotzer	off 1.0		neg 0.5369696271685418 off 0.45592432215007545 __DUMMY__ 0.007106050681382803	false	0.5
bestrafung	neg 1.0		neg 0.5316474594779889 off 0.46123957098966756 __DUMMY__ 0.007112969532343617	false	1.0
achtlos	neg 1.0		neg 0.5309218760325429 off 0.4619166708434555 __DUMMY__ 0.00716145312400154	false	1.0
ungeheuer	neg 1.0		neg 0.5272466162599276 off 0.4656085531481672 __DUMMY__ 0.007144830591905244	false	1.0
