unsolidarisch	neg 1.0		neg 0.5378990187629336 off 0.45505631638102173 __DUMMY__ 0.00704466485604473	false	1.0
nachteilig	neg 1.0		neg 0.5379441502533616 off 0.4549182114948345 __DUMMY__ 0.007137638251803899	false	1.0
skeptisch	neg 1.0		neg 0.5380520899112832 off 0.454793940996836 __DUMMY__ 0.00715396909188082	false	1.0
schrecklich	neg 1.0		neg 0.5216118602105364 off 0.471299254108753 __DUMMY__ 0.00708888568071055	false	1.0
schlapp	neg 1.0		neg 0.5253767086968273 off 0.46749315388885637 __DUMMY__ 0.007130137414316393	false	1.0
abfall	neg 1.0		neg 0.5411849329555573 off 0.45165201947738115 __DUMMY__ 0.007163047567061708	false	1.0
widerspenstig	neg 1.0		neg 0.5322430810318945 off 0.4606234013331401 __DUMMY__ 0.0071335176349654065	false	1.0
abrupt	neg 1.0		neg 0.5349354427900179 off 0.45787075373583325 __DUMMY__ 0.007193803474148851	false	1.0
unwirksam	neg 1.0		neg 0.5352637453745994 off 0.45765038960211996 __DUMMY__ 0.007085865023280701	false	1.0
angreifen	neg 1.0	neg 1.0	neg 0.755571031060894 off 0.2410214064204159 __DUMMY__ 0.003407562518690104	false	1.0
inkonsistent	neg 1.0		neg 0.5309423055572758 off 0.4619212356109693 __DUMMY__ 0.007136458831754891	false	1.0
abrutschen	neg 1.0		neg 0.5403585805021167 off 0.45247240489121304 __DUMMY__ 0.0071690146066702275	false	1.0
unsicher	neg 1.0		neg 0.5313777444628199 off 0.46147320041808787 __DUMMY__ 0.007149055119092074	false	1.0
bauernkind	off 1.0	off 1.0	off 0.7184725015908656 neg 0.2781733516441885 __DUMMY__ 0.003354146764945837	false	1.0
angreifer	neg 1.0		neg 0.5294901992977739 off 0.4633559367388212 __DUMMY__ 0.007153863963404899	false	1.0
trennen	neg 1.0		neg 0.5332339466777223 off 0.45954861278916215 __DUMMY__ 0.007217440533115565	false	1.0
schmutz	neg 1.0		neg 0.5263725407768698 off 0.46642898916997255 __DUMMY__ 0.007198470053157746	false	1.0
inkonsistenz	neg 1.0		neg 0.5301718419662763 off 0.4627561932372774 __DUMMY__ 0.007071964796446225	false	1.0
erschreckend	neg 1.0		neg 0.5344118781082327 off 0.4584637738175477 __DUMMY__ 0.007124348074219522	false	1.0
ertrinken	neg 1.0		neg 0.5349880542882764 off 0.4578403246401534 __DUMMY__ 0.007171621071570049	false	1.0
pickelface	off 1.0		neg 0.5349053728601157 off 0.4579573352820041 __DUMMY__ 0.007137291857880193	false	0.5
seiner			neg 0.536371771678031 off 0.45645523780660463 __DUMMY__ 0.007172990515364291	false	0.0
lauch	neg 1.0		neg 0.5413853303919102 off 0.4514660581734311 __DUMMY__ 0.0071486114346587595	false	1.0
unwichtig	neg 1.0		neg 0.5278629426551433 off 0.4650407154540245 __DUMMY__ 0.007096341890832141	false	1.0
steuerhinterziehung	neg 1.0		neg 0.536745875406229 off 0.4561521161443535 __DUMMY__ 0.007102008449417468	false	1.0
schock	neg 1.0		neg 0.5305253755989532 off 0.46228886901692395 __DUMMY__ 0.0071857553841228605	false	1.0
beule	neg 1.0		neg 0.5246545042682994 off 0.4682104962601794 __DUMMY__ 0.007134999471521307	false	1.0
vergelten	neg 1.0		neg 0.5213971027919525 off 0.4714729047957375 __DUMMY__ 0.007129992412310104	false	1.0
verdorbenheit	neg 1.0		neg 0.5310965213499398 off 0.4617379855341839 __DUMMY__ 0.007165493115876275	false	1.0
trauma	neg 1.0		neg 0.5313183452798145 off 0.4615526214254365 __DUMMY__ 0.007129033294749024	false	1.0
sinnlos	neg 1.0		neg 0.528808928214808 off 0.4640518695714474 __DUMMY__ 0.0071392022137447605	false	1.0
fettsack	off 1.0	off 1.0	off 0.720452454485316 neg 0.2761795845035535 __DUMMY__ 0.003367961011130478	false	1.0
feige	off 1.0	off 1.0	off 0.7164053728879144 neg 0.2802248971911042 __DUMMY__ 0.0033697299209813677	false	1.0
abdanken	neg 1.0		neg 0.5353083130869067 off 0.45758478416386494 __DUMMY__ 0.00710690274922823	false	1.0
wichtigtuer	off 1.0	off 1.0	off 0.7149674451319412 neg 0.28164911147444543 __DUMMY__ 0.0033834433936133124	false	1.0
misslingen	neg 1.0		neg 0.5277821155579646 off 0.46502558949356826 __DUMMY__ 0.007192294948467053	false	1.0
untreu	off 1.0		neg 0.5268833950596321 off 0.46603274919183985 __DUMMY__ 0.007083855748528082	false	0.5
missmutig	neg 1.0		neg 0.5271038762945497 off 0.46578844856355955 __DUMMY__ 0.007107675141890726	false	1.0
hurenbock	off 1.0		neg 0.5294551580255823 off 0.46339369519358226 __DUMMY__ 0.007151146780835523	false	0.5
betrunken	neg 1.0		neg 0.5219173673436053 off 0.4709498198260088 __DUMMY__ 0.007132812830385938	false	1.0
korrupt	off 1.0		neg 0.539504848959298 off 0.4534247752542547 __DUMMY__ 0.007070375786447319	false	0.5
unmut	neg 1.0		neg 0.541187404702595 off 0.4516526895052709 __DUMMY__ 0.007159905792134309	false	1.0
hackfresse	off 1.0		neg 0.5192128082480738 off 0.4737389926169564 __DUMMY__ 0.00704819913496976	false	0.5
aufblasen	neg 1.0		neg 0.5288455365463581 off 0.4639945909506268 __DUMMY__ 0.007159872503015061	false	1.0
gewaltsam	neg 1.0		neg 0.5331552100764312 off 0.4597025140636372 __DUMMY__ 0.007142275859931566	false	1.0
unbeliebtheit	neg 1.0		neg 0.5329446101430112 off 0.4600361549568065 __DUMMY__ 0.0070192349001822925	false	1.0
sturheit	neg 1.0		neg 0.5352452058590405 off 0.45764314044847676 __DUMMY__ 0.007111653692482711	false	1.0
kuh	neg 1.0		neg 0.5328613592083227 off 0.4600318004183602 __DUMMY__ 0.0071068403733171494	false	1.0
erschrecken	neg 1.0		neg 0.5269858723685139 off 0.4658876577303948 __DUMMY__ 0.0071264699010911295	false	1.0
opfer	neg 1.0		neg 0.5358996303919686 off 0.45694515775200717 __DUMMY__ 0.007155211856024238	false	1.0
sinken	neg 1.0		neg 0.5394743996305794 off 0.4533510100467894 __DUMMY__ 0.0071745903226312965	false	1.0
stinktier	neg 1.0		neg 0.5225467898134437 off 0.4703937260630176 __DUMMY__ 0.007059484123538636	false	1.0
tucke	off 1.0		neg 0.5214356664783114 off 0.47156786998177647 __DUMMY__ 0.0069964635399121676	false	0.5
ein			neg 0.5293811119100059 off 0.46345405477099705 __DUMMY__ 0.007164833318997052	false	0.0
abstieg	neg 1.0		neg 0.5349903811324148 off 0.4578189144462242 __DUMMY__ 0.007190704421361145	false	1.0
missverstehen	neg 1.0		neg 0.530928289972443 off 0.4619749521991056 __DUMMY__ 0.007096757828451403	false	1.0
ergebnislos	neg 1.0		neg 0.5371305639848377 off 0.4557132649477285 __DUMMY__ 0.007156171067433862	false	1.0
unter			neg 0.5409115411179014 off 0.451824546107338 __DUMMY__ 0.007263912774760648	false	0.0
manipulieren	neg 1.0		neg 0.5388778426290668 off 0.4539830309377728 __DUMMY__ 0.007139126433160231	false	1.0
unbewiesen	neg 1.0		neg 0.5382637423075509 off 0.45470415829556565 __DUMMY__ 0.007032099396883411	false	1.0
verschleppen	neg 1.0		neg 0.5360268607697575 off 0.45683466312024745 __DUMMY__ 0.007138476109995146	false	1.0
weib	off 1.0		neg 0.5193883035554948 off 0.4735656076584857 __DUMMY__ 0.007046088786019476	false	0.5
opposition	neg 1.0		neg 0.5319993937242967 off 0.46090231888438665 __DUMMY__ 0.0070982873913167065	false	1.0
verkehrswidrig	neg 1.0	neg 1.0	neg 0.7443516050098955 off 0.25221380240546404 __DUMMY__ 0.0034345925846405363	false	1.0
inkorrekt	neg 1.0		neg 0.528238249813354 off 0.4647285931647006 __DUMMY__ 0.007033157021945333	false	1.0
vermeiden	neg 1.0		neg 0.5414155030654747 off 0.4513824196814573 __DUMMY__ 0.007202077253067833	false	1.0
abweichung	neg 1.0		neg 0.53701370253536 off 0.4558400751511154 __DUMMY__ 0.007146222313524549	false	1.0
alkoholisiert	neg 1.0		neg 0.5323491343638282 off 0.4604053797208359 __DUMMY__ 0.007245485915335771	false	1.0
scheiss	off 1.0	off 1.0	off 0.7182005589629645 neg 0.2784035766887128 __DUMMY__ 0.0033958643483227107	false	1.0
herausforderung	neg 1.0	neg 1.0	neg 0.7521891868521424 off 0.24434317460741872 __DUMMY__ 0.003467638540438946	false	1.0
pervers	off 1.0		neg 0.5159543613402522 off 0.4770146090026556 __DUMMY__ 0.007031029657092212	false	0.5
wackelig	neg 1.0		neg 0.5312831831872799 off 0.46150821022873056 __DUMMY__ 0.007208606583989619	false	1.0
verwickeln	neg 1.0		neg 0.5312875545820287 off 0.4616189533368502 __DUMMY__ 0.007093492081121223	false	1.0
vorwand	neg 1.0		neg 0.5390995839847544 off 0.45374718421727345 __DUMMY__ 0.007153231797972106	false	1.0
muschi	off 1.0		neg 0.5341284089255501 off 0.4587303963266417 __DUMMY__ 0.007141194747808202	false	0.5
entmutigung	neg 1.0		neg 0.5336910665982223 off 0.45922941780383547 __DUMMY__ 0.00707951559794231	false	1.0
unangemessen	neg 1.0		neg 0.5359837929349444 off 0.45689869072628153 __DUMMY__ 0.007117516338774114	false	1.0
unstetig	neg 1.0		neg 0.5294524327232337 off 0.46338849348757916 __DUMMY__ 0.007159073789186979	false	1.0
entmutigen	neg 1.0		neg 0.5308955513762442 off 0.4619775201161754 __DUMMY__ 0.007126928507580447	false	1.0
schwanz	neg 1.0		neg 0.5367189858634556 off 0.45611359252551287 __DUMMY__ 0.007167421611031591	false	1.0
verbot	neg 1.0		neg 0.5376998005692951 off 0.45519188615134415 __DUMMY__ 0.007108313279360775	false	1.0
leid	neg 1.0		neg 0.5205243447813005 off 0.4723952138134431 __DUMMY__ 0.007080441405256307	false	1.0
archaisch	neg 1.0		neg 0.5350821116138993 off 0.4577821408380028 __DUMMY__ 0.007135747548098071	false	1.0
gegen			neg 0.5379386234485415 off 0.45487152985183954 __DUMMY__ 0.007189846699619025	false	0.0
scheidung	neg 1.0		neg 0.5113014858408224 off 0.48166405289129344 __DUMMY__ 0.007034461267884296	false	1.0
einschlag	neg 1.0	neg 1.0	neg 0.7470447092605839 off 0.2495618591169841 __DUMMY__ 0.003393431622432053	false	1.0
m			neg 0.5332198092769457 off 0.45960769943941193 __DUMMY__ 0.007172491283642421	false	0.0
abgestanden	neg 1.0		neg 0.5294877140184118 off 0.4633498860876302 __DUMMY__ 0.007162399893957997	false	1.0
schmierig	off 1.0		neg 0.520891895158764 off 0.4720217943427948 __DUMMY__ 0.0070863104984412745	false	0.5
unpraktisch	neg 1.0		neg 0.5283241031232849 off 0.46449933825105993 __DUMMY__ 0.0071765586256551835	false	1.0
wixxer	off 1.0		neg 0.5167177847827705 off 0.4762594365322034 __DUMMY__ 0.007022778685026122	false	0.5
bezeichnet			neg 0.5339225777571902 off 0.4589589787625277 __DUMMY__ 0.007118443480282131	false	0.0
jammerlappen	off 1.0		neg 0.5274617870790779 off 0.46543839603327813 __DUMMY__ 0.007099816887643811	false	0.5
farce	neg 1.0		neg 0.5373574034601369 off 0.4555476968085489 __DUMMY__ 0.007094899731314197	false	1.0
zwecklos	neg 1.0		neg 0.5358738167630325 off 0.45700545967347306 __DUMMY__ 0.0071207235634945625	false	1.0
turbulent	neg 1.0		neg 0.5276883949630398 off 0.46522859018357876 __DUMMY__ 0.0070830148533814145	false	1.0
invasion	neg 1.0		neg 0.5286234360405253 off 0.46423623272244363 __DUMMY__ 0.007140331237031012	false	1.0
schuld	neg 1.0		neg 0.5318154150752352 off 0.4610623895851163 __DUMMY__ 0.007122195339648439	false	1.0
risiko	neg 1.0		neg 0.5309117985702251 off 0.461935465800144 __DUMMY__ 0.007152735629630889	false	1.0
finster	neg 1.0		neg 0.5298317623845435 off 0.46301780300058837 __DUMMY__ 0.007150434614868033	false	1.0
geisteskrank	off 1.0		neg 0.5272139312445844 off 0.4657220122216946 __DUMMY__ 0.007064056533720965	false	0.5
zusammenbrechen	neg 1.0		neg 0.5330210806038693 off 0.4598218338597669 __DUMMY__ 0.007157085536363806	false	1.0
ausbeute	neg 1.0		neg 0.5336634026015058 off 0.4591189284866548 __DUMMY__ 0.0072176689118393115	false	1.0
hinterhalt	neg 1.0		neg 0.5322877747582985 off 0.46053312596819423 __DUMMY__ 0.007179099273507318	false	1.0
kritik	neg 1.0		neg 0.5372909688896745 off 0.45560872308579536 __DUMMY__ 0.0071003080245300235	false	1.0
einschrumpfen	neg 1.0		neg 0.531505715727954 off 0.46141835119647245 __DUMMY__ 0.007075933075573663	false	1.0
riskant	neg 1.0		neg 0.5371434141181678 off 0.455717804796356 __DUMMY__ 0.007138781085476248	false	1.0
frustrieren	neg 1.0		neg 0.5363303697839705 off 0.4565216229840577 __DUMMY__ 0.007148007231971809	false	1.0
groll	neg 1.0		neg 0.5352970123482785 off 0.45756509202751255 __DUMMY__ 0.007137895624208836	false	1.0
gibt			neg 0.5340680614128905 off 0.4587846083304931 __DUMMY__ 0.0071473302566162165	false	0.0
qualvoll	neg 1.0		neg 0.5274183262327417 off 0.4654442471092649 __DUMMY__ 0.007137426657993549	false	1.0
wackeln	neg 1.0	neg 1.0	neg 0.7504086988172644 off 0.24616312033131849 __DUMMY__ 0.003428180851417118	false	1.0
klagen	neg 1.0		neg 0.5399930979163429 off 0.45283850404083825 __DUMMY__ 0.007168398042818853	false	1.0
bankrott	neg 1.0		neg 0.527386920872506 off 0.46548812461068684 __DUMMY__ 0.00712495451680693	false	1.0
trauern	neg 1.0		neg 0.5349746664883989 off 0.4578499132159843 __DUMMY__ 0.007175420295616904	false	1.0
ablehnung	neg 1.0		neg 0.5370502551337201 off 0.45584625733502315 __DUMMY__ 0.007103487531256744	false	1.0
stur	neg 1.0		neg 0.5314895422193792 off 0.46139719017813374 __DUMMY__ 0.007113267602487076	false	1.0
aufruhr	neg 1.0		neg 0.5333224990462234 off 0.4595356755589674 __DUMMY__ 0.007141825394809116	false	1.0
melancholie	neg 1.0		neg 0.5331787772887845 off 0.45964494527081484 __DUMMY__ 0.007176277440400624	false	1.0
ist			neg 0.5297879078860588 off 0.46307725716187875 __DUMMY__ 0.007134834952062535	false	0.0
torheit	neg 1.0		neg 0.5341730982474063 off 0.4587406433411049 __DUMMY__ 0.007086258411488696	false	1.0
dreckskind	off 1.0		neg 0.5213407294899657 off 0.4716107105585881 __DUMMY__ 0.007048559951446106	false	0.5
umtauschen	neg 1.0		neg 0.5311577318743611 off 0.4616809657729233 __DUMMY__ 0.007161302352715486	false	1.0
zum			neg 0.5367643508039713 off 0.4559578950182614 __DUMMY__ 0.007277754177767266	false	0.0
zersetzen	neg 1.0		neg 0.5398542605414635 off 0.45302159970371747 __DUMMY__ 0.007124139754819089	false	1.0
zur			neg 0.5407396284064799 off 0.4520336880277562 __DUMMY__ 0.007226683565763851	false	0.0
frust	neg 1.0		neg 0.5331470757869223 off 0.45969397385492566 __DUMMY__ 0.007158950358151941	false	1.0
unerbittlichkeit	neg 1.0		neg 0.5390438739490513 off 0.45382098181490094 __DUMMY__ 0.007135144236047835	false	1.0
zwei			neg 0.5355008365546666 off 0.4572496513510335 __DUMMY__ 0.007249512094299967	false	0.0
unkorrekt	neg 1.0		neg 0.5273143640043774 off 0.4656508880174483 __DUMMY__ 0.0070347479781743705	false	1.0
hexe	off 1.0		neg 0.5260764569712335 off 0.46681855016122925 __DUMMY__ 0.007104992867537198	false	0.5
lasch	neg 1.0		neg 0.5303530956015727 off 0.4625674851703707 __DUMMY__ 0.007079419228056517	false	1.0
rivale	neg 1.0		neg 0.5237097721280441 off 0.46919011546256584 __DUMMY__ 0.0071001124093900865	false	1.0
mutlos	off 1.0	off 1.0	off 0.7107736619032392 neg 0.28583615657768596 __DUMMY__ 0.003390181519074937	false	1.0
wirr	off 1.0		neg 0.5264173884114786 off 0.46654022806893053 __DUMMY__ 0.007042383519590808	false	0.5
jahr			neg 0.5338209303385979 off 0.45894291164005574 __DUMMY__ 0.00723615802134636	false	0.0
wird			neg 0.5347505367133535 off 0.4580833223488341 __DUMMY__ 0.007166140937812417	false	0.0
strafbar	neg 1.0		neg 0.5377280200932072 off 0.4551450181647778 __DUMMY__ 0.00712696174201485	false	1.0
erosion	neg 1.0		neg 0.5303597041270527 off 0.46248558292200953 __DUMMY__ 0.0071547129509377	false	1.0
eingehen	neg 1.0		neg 0.5369772560017599 off 0.4559044238563088 __DUMMY__ 0.007118320141931214	false	1.0
faul	off 1.0		neg 0.5261068120742994 off 0.46675495757512325 __DUMMY__ 0.007138230350577459	false	0.5
provisorium	neg 1.0		neg 0.5426406242637831 off 0.4501197956691998 __DUMMY__ 0.007239580067016873	false	1.0
schmerzen	neg 1.0		neg 0.5314380245931148 off 0.46141365891898806 __DUMMY__ 0.007148316487896914	false	1.0
schrumpfen	neg 1.0		neg 0.5433893792064006 off 0.44943896602001887 __DUMMY__ 0.007171654773580528	false	1.0
geistlos	off 1.0		neg 0.5344776261378869 off 0.4584856983992295 __DUMMY__ 0.007036675462883555	false	0.5
fehlkauf	neg 1.0		neg 0.531170014426676 off 0.46171673718743034 __DUMMY__ 0.0071132483858938065	false	1.0
frustrierend	neg 1.0		neg 0.5264466207372744 off 0.46641346045818355 __DUMMY__ 0.007139918804542072	false	1.0
unzufrieden	neg 1.0		neg 0.5356585488438613 off 0.45721391451078763 __DUMMY__ 0.0071275366453510645	false	1.0
verzweifeln	neg 1.0		neg 0.5323906826352054 off 0.4604646423435675 __DUMMY__ 0.0071446750212270345	false	1.0
verzweifelt	neg 1.0		neg 0.5309625907616609 off 0.4619172227865426 __DUMMY__ 0.007120186451796607	false	1.0
misstrauensantrag	neg 1.0		neg 0.5304315897472341 off 0.4624580424182766 __DUMMY__ 0.007110367834489387	false	1.0
abfallen	neg 1.0		neg 0.5283391963759451 off 0.4644903652159175 __DUMMY__ 0.007170438408137309	false	1.0
fucker	off 1.0		neg 0.5256964756656587 off 0.4672226572875297 __DUMMY__ 0.007080867046811726	false	0.5
ungezogen	neg 1.0		neg 0.516671665062758 off 0.47627053491647753 __DUMMY__ 0.00705780002076456	false	1.0
irrsinnig	neg 1.0	neg 1.0	neg 0.7520164789375235 off 0.24459006426709362 __DUMMY__ 0.0033934567953827735	false	1.0
unfassbar	neg 1.0		neg 0.5264899400247418 off 0.466411680411756 __DUMMY__ 0.0070983795635022	false	1.0
hart	neg 1.0		neg 0.5282613341298603 off 0.4646209366047172 __DUMMY__ 0.007117729265422372	false	1.0
widerlich	off 1.0		neg 0.5271632973638333 off 0.4657709710651064 __DUMMY__ 0.007065731571060354	false	0.5
fatal	neg 1.0		neg 0.5304822005547913 off 0.4623991660970906 __DUMMY__ 0.007118633348118145	false	1.0
bruch	neg 1.0		neg 0.540338837692726 off 0.45250368445468875 __DUMMY__ 0.007157477852585396	false	1.0
aushungern	neg 1.0		neg 0.5364515091954699 off 0.4564546638474892 __DUMMY__ 0.0070938269570408365	false	1.0
anspannung	neg 1.0	neg 1.0	neg 0.7550018108135277 off 0.24152542760006235 __DUMMY__ 0.003472761586409925	false	1.0
von			neg 0.5349877596325383 off 0.45778008205527215 __DUMMY__ 0.0072321583121895796	false	0.0
kraftlos	neg 1.0		neg 0.5322521404786175 off 0.4605634919987022 __DUMMY__ 0.007184367522680085	false	1.0
vom			neg 0.5394339672248571 off 0.45328693431235434 __DUMMY__ 0.007279098462788644	false	0.0
grenzdebil	off 1.0		neg 0.5250247561691918 off 0.4678753213121661 __DUMMY__ 0.007099922518642192	false	0.5
vor			neg 0.5370242789520303 off 0.45578765285995343 __DUMMY__ 0.00718806818801619	false	0.0
unterwerfen	neg 1.0		neg 0.5371346962296045 off 0.4557245502547342 __DUMMY__ 0.007140753515661395	false	1.0
versenkung	neg 1.0		neg 0.5369150746416917 off 0.45593380356394675 __DUMMY__ 0.007151121794361381	false	1.0
entziehen	neg 1.0		neg 0.5394921611725338 off 0.4533452251336811 __DUMMY__ 0.007162613693785161	false	1.0
finanzkrise	neg 1.0		neg 0.5361672893863351 off 0.45673989041249047 __DUMMY__ 0.00709282020117442	false	1.0
schimpfend	neg 1.0		neg 0.5283203079095836 off 0.46450441917400187 __DUMMY__ 0.00717527291641445	false	1.0
profan	neg 1.0		neg 0.5288863352293502 off 0.4639908505365736 __DUMMY__ 0.007122814234076055	false	1.0
korruption	neg 1.0	neg 1.0	neg 0.7553868383655279 off 0.2412262770540033 __DUMMY__ 0.0033868845804687926	false	1.0
â			neg 0.535042455129711 off 0.4577917748917581 __DUMMY__ 0.0071657699785309	false	0.0
schmutzig	neg 1.0		neg 0.5251462672139027 off 0.4677424820183408 __DUMMY__ 0.007111250767756499	false	1.0
sexy	neg 1.0		neg 0.5283835804979147 off 0.46449743171723284 __DUMMY__ 0.007118987784852376	false	1.0
abraten	neg 1.0		neg 0.5296826150743101 off 0.4631850814067899 __DUMMY__ 0.00713230351890003	false	1.0
schwarz	neg 1.0		neg 0.531417248347921 off 0.46146673758789486 __DUMMY__ 0.007116014064184127	false	1.0
fotze	off 1.0		neg 0.5366394972177531 off 0.4562134404313805 __DUMMY__ 0.007147062350866596	false	0.5
verwirren	neg 1.0		neg 0.5285664384736115 off 0.4643095659311191 __DUMMY__ 0.0071239955952692394	false	1.0
zahnlos	off 1.0		neg 0.5358511381506699 off 0.45702518732120867 __DUMMY__ 0.0071236745281214936	false	0.5
verheeren	neg 1.0		neg 0.515465679482796 off 0.4774739853494517 __DUMMY__ 0.007060335167752284	false	1.0
hippie	neg 1.0		neg 0.5293711254953267 off 0.4635148795440939 __DUMMY__ 0.007113994960579398	false	1.0
rammen	neg 1.0		neg 0.5312399551457048 off 0.4616303821235417 __DUMMY__ 0.007129662730753539	false	1.0
unlauter	neg 1.0		neg 0.5354216781802801 off 0.45751089478019924 __DUMMY__ 0.007067427039520513	false	1.0
unheilvoll	neg 1.0		neg 0.5274267219919615 off 0.46541202693363093 __DUMMY__ 0.007161251074407662	false	1.0
niedrig	neg 1.0		neg 0.5366242883332034 off 0.4562090791496973 __DUMMY__ 0.007166632517099274	false	1.0
explosion	neg 1.0		neg 0.5302345043898632 off 0.46265483544991715 __DUMMY__ 0.007110660160219646	false	1.0
weichei	off 1.0		neg 0.5206288226851281 off 0.47231309767853535 __DUMMY__ 0.007058079636336566	false	0.5
minusmensch	off 1.0		neg 0.5201232621750268 off 0.47289125445100283 __DUMMY__ 0.006985483373970295	false	0.5
farblos	neg 1.0		neg 0.5297156488240266 off 0.46308153213398745 __DUMMY__ 0.007202819041985899	false	1.0
unwissend	neg 1.0	neg 1.0	neg 0.7497020896091857 off 0.24691861426395342 __DUMMY__ 0.0033792961268609752	false	1.0
traurig	neg 1.0		neg 0.5224897797866571 off 0.4704119723961925 __DUMMY__ 0.007098247817150397	false	1.0
senkung	neg 1.0		neg 0.5311784683149796 off 0.4617353624543463 __DUMMY__ 0.007086169230674138	false	1.0
ungleich	neg 1.0	neg 1.0	neg 0.7559685287401138 off 0.2406390282721122 __DUMMY__ 0.0033924429877740265	false	1.0
heikel	neg 1.0		neg 0.5386590862216375 off 0.45420138373022056 __DUMMY__ 0.007139530048141952	false	1.0
drosselung	neg 1.0		neg 0.5251198926218786 off 0.46777045417897345 __DUMMY__ 0.007109653199147756	false	1.0
falsch	neg 1.0		neg 0.5274029797138663 off 0.46547989557680247 __DUMMY__ 0.007117124709331226	false	1.0
unzufriedenheit	neg 1.0		neg 0.539421803279549 off 0.4534365486606361 __DUMMY__ 0.0071416480598149625	false	1.0
kurz	neg 1.0		neg 0.5312606460167856 off 0.4615504649778797 __DUMMY__ 0.007188889005334681	false	1.0
unsinnig	neg 1.0		neg 0.5360807330182281 off 0.45681201587967907 __DUMMY__ 0.00710725110209275	false	1.0
penner	off 1.0	off 1.0	off 0.7217282948211976 neg 0.2749126974177444 __DUMMY__ 0.003359007761058078	false	1.0
seicht	neg 1.0		neg 0.519640718648152 off 0.4733483242706763 __DUMMY__ 0.007010957081171789	false	1.0
dummheit	off 1.0	off 1.0	off 0.7149931162041975 neg 0.2816276860375882 __DUMMY__ 0.003379197758214335	false	1.0
unerfreulich	neg 1.0		neg 0.538169248894576 off 0.4546611777877894 __DUMMY__ 0.007169573317634646	false	1.0
motherfucker	off 1.0	off 1.0	off 0.7175148624987283 neg 0.2791160798778275 __DUMMY__ 0.0033690576234441994	false	1.0
pikiert	neg 1.0		neg 0.5286539354429005 off 0.46428040886712 __DUMMY__ 0.0070656556899793685	false	1.0
wrack	neg 1.0		neg 0.5336055935023979 off 0.45918974399186757 __DUMMY__ 0.007204662505734479	false	1.0
gangster	neg 1.0		neg 0.529221207561165 off 0.4636538966057856 __DUMMY__ 0.007124895833049436	false	1.0
krank	neg 1.0		neg 0.5235325204943421 off 0.46934778778712716 __DUMMY__ 0.007119691718530839	false	1.0
reich	neg 1.0		neg 0.5292547941820646 off 0.4636625283401055 __DUMMY__ 0.007082677477829853	false	1.0
gnadenlos	neg 1.0		neg 0.5313047659350192 off 0.4615643954892006 __DUMMY__ 0.007130838575780188	false	1.0
niedergeschlagen	neg 1.0		neg 0.5321678559407467 off 0.4606644826472708 __DUMMY__ 0.007167661411982601	false	1.0
terrorisieren	off 1.0	off 1.0	off 0.7120996552940011 neg 0.28449132112839737 __DUMMY__ 0.00340902357760149	false	1.0
sinnlosigkeit	neg 1.0		neg 0.5353765404802329 off 0.4574947244586862 __DUMMY__ 0.007128735061080933	false	1.0
behindern	neg 1.0		neg 0.5338238610031389 off 0.45904971570897457 __DUMMY__ 0.007126423287886442	false	1.0
undemokratisch	neg 1.0		neg 0.5342299522066953 off 0.4586856669406898 __DUMMY__ 0.007084380852614784	false	1.0
wirtschaftskrise	neg 1.0		neg 0.537752850789795 off 0.4551275566695192 __DUMMY__ 0.007119592540685818	false	1.0
neid	neg 1.0		neg 0.524897215257008 off 0.4679559781090019 __DUMMY__ 0.007146806633989959	false	1.0
rutschen	neg 1.0	neg 1.0	neg 0.7536676765683645 off 0.24286066161473063 __DUMMY__ 0.0034716618169048138	false	1.0
rezession	neg 1.0		neg 0.5247086902191423 off 0.46824896489894274 __DUMMY__ 0.007042344881914917	false	1.0
fehlgeburt	neg 1.0		neg 0.5281867274463548 off 0.46465823494202946 __DUMMY__ 0.00715503761161587	false	1.0
charakterschwach	off 1.0		neg 0.5263810472962114 off 0.4665309922348271 __DUMMY__ 0.007087960468961566	false	0.5
isolation	neg 1.0		neg 0.5265284297130882 off 0.46633293624089855 __DUMMY__ 0.007138634046013213	false	1.0
ablenkung	neg 1.0		neg 0.5312182085271191 off 0.46163697457179065 __DUMMY__ 0.00714481690109028	false	1.0
pech	neg 1.0		neg 0.5266124285262443 off 0.46625171768337687 __DUMMY__ 0.00713585379037872	false	1.0
vermeidung	neg 1.0		neg 0.5264536538798762 off 0.466466462581831 __DUMMY__ 0.007079883538292782	false	1.0
dominieren	neg 1.0		neg 0.5338481865430431 off 0.45896352664459183 __DUMMY__ 0.007188286812364983	false	1.0
schwindlig	neg 1.0		neg 0.5262142051286347 off 0.46660949576914484 __DUMMY__ 0.007176299102220555	false	1.0
lutscher	neg 1.0		neg 0.5179396612121143 off 0.47503729612020046 __DUMMY__ 0.007023042667685169	false	1.0
pflicht	neg 1.0		neg 0.5386016548910751 off 0.4542531321672748 __DUMMY__ 0.007145212941650179	false	1.0
faschist	off 1.0		neg 0.5323030104353943 off 0.460630406186717 __DUMMY__ 0.007066583377888692	false	0.5
verschleudern	neg 1.0		neg 0.5407423212759029 off 0.45217253764699844 __DUMMY__ 0.007085141077098631	false	1.0
wenn			neg 0.5271995053070666 off 0.4656849031206014 __DUMMY__ 0.007115591572332104	false	0.0
ehebruch	neg 1.0		neg 0.5374599024126041 off 0.455417540168291 __DUMMY__ 0.007122557419104829	false	1.0
spott	off 1.0		neg 0.5384636746894711 off 0.4544185754145857 __DUMMY__ 0.007117749895943133	false	0.5
trostlosigkeit	neg 1.0		neg 0.5392404161365694 off 0.4535988856182802 __DUMMY__ 0.007160698245150424	false	1.0
lutschen	neg 1.0		neg 0.530623402903138 off 0.46227424801801287 __DUMMY__ 0.007102349078849116	false	1.0
undiszipliniert	neg 1.0		neg 0.5235355244479064 off 0.46936421003567474 __DUMMY__ 0.007100265516418876	false	1.0
kopfschmerz	neg 1.0		neg 0.5318186380312361 off 0.4610076544518596 __DUMMY__ 0.007173707516904181	false	1.0
unvorhergesehen	neg 1.0		neg 0.5321355725161541 off 0.46064184591262736 __DUMMY__ 0.007222581571218549	false	1.0
desinteressiert	neg 1.0		neg 0.5249538209080802 off 0.4679664414631261 __DUMMY__ 0.007079737628793676	false	1.0
armselig	off 1.0		neg 0.5258313571369663 off 0.46712578162806 __DUMMY__ 0.007042861234973681	false	0.5
desaster	neg 1.0		neg 0.5412570748561134 off 0.45158806144856956 __DUMMY__ 0.007154863695316998	false	1.0
tod	neg 1.0		neg 0.533951093538391 off 0.4588675059070675 __DUMMY__ 0.007181400554541644	false	1.0
herzlos	neg 1.0		neg 0.5235618746210847 off 0.46936888505222674 __DUMMY__ 0.007069240326688506	false	1.0
unwissenheit	neg 1.0		neg 0.5375669534440196 off 0.4553357732264879 __DUMMY__ 0.0070972733294923365	false	1.0
widersinnig	neg 1.0	neg 1.0	neg 0.7553083420143637 off 0.24131640076200855 __DUMMY__ 0.0033752572236277014	false	1.0
bedenklich	neg 1.0		neg 0.5374345087619635 off 0.4554381014760653 __DUMMY__ 0.007127389761971296	false	1.0
beanstanden	neg 1.0		neg 0.5384273458246914 off 0.4544105433510678 __DUMMY__ 0.007162110824240834	false	1.0
panisch	neg 1.0	neg 1.0	neg 0.7485483333572116 off 0.24801840923423105 __DUMMY__ 0.0034332574085574065	false	1.0
debil	off 1.0		neg 0.5428066428728292 off 0.44999338592104865 __DUMMY__ 0.007199971206122167	false	0.5
abstrich	neg 1.0		neg 0.5357281023524315 off 0.45713190132264636 __DUMMY__ 0.007139996324922064	false	1.0
primitiv	neg 1.0		neg 0.5265024790289401 off 0.4664300715755668 __DUMMY__ 0.007067449395493094	false	1.0
abschaum	off 1.0	off 1.0	off 0.7162568735223348 neg 0.2803688628469664 __DUMMY__ 0.0033742636306987772	false	1.0
provozieren	neg 1.0		neg 0.5325700822678546 off 0.46031692961376575 __DUMMY__ 0.007112988118379708	false	1.0
tot	neg 1.0		neg 0.5358587864219502 off 0.4569824799354414 __DUMMY__ 0.007158733642608326	false	1.0
instabil	neg 1.0		neg 0.5274268288140109 off 0.4655193490524294 __DUMMY__ 0.007053822133559619	false	1.0
schwuchtel	off 1.0		neg 0.5137327310785681 off 0.47927621184458225 __DUMMY__ 0.0069910570768497785	false	0.5
zerren	neg 1.0		neg 0.5318607361462905 off 0.4609676428708092 __DUMMY__ 0.007171620982900402	false	1.0
kinderficker	off 1.0		neg 0.5237377478443647 off 0.46924021435383656 __DUMMY__ 0.0070220378017988	false	0.5
gefahr	neg 1.0		neg 0.5378968619092566 off 0.4549382927734069 __DUMMY__ 0.007164845317336697	false	1.0
rabiat	neg 1.0		neg 0.5334057191979098 off 0.4594805685293152 __DUMMY__ 0.007113712272775074	false	1.0
verlangsamung	neg 1.0		neg 0.52087778188206 off 0.4720916009621414 __DUMMY__ 0.007030617155798554	false	1.0
ausgestorben	neg 1.0		neg 0.5318646857283306 off 0.4609799693468434 __DUMMY__ 0.007155344924826144	false	1.0
anklagen	neg 1.0		neg 0.5353823335020461 off 0.4574941831668534 __DUMMY__ 0.0071234833311004725	false	1.0
trott	neg 1.0		neg 0.5319962624596333 off 0.460849942926803 __DUMMY__ 0.00715379461356363	false	1.0
verminderung	neg 1.0		neg 0.5255803681381014 off 0.46734323480787165 __DUMMY__ 0.0070763970540269954	false	1.0
nach			neg 0.5362328612015594 off 0.45648911649895046 __DUMMY__ 0.00727802229949007	false	0.0
rost	neg 1.0		neg 0.5221710170713341 off 0.4707916031984981 __DUMMY__ 0.007037379730167865	false	1.0
destruktiv	neg 1.0		neg 0.5355465864049145 off 0.45736508113580043 __DUMMY__ 0.007088332459284879	false	1.0
unzumutbarkeit	neg 1.0		neg 0.5255275932795549 off 0.46733616195762256 __DUMMY__ 0.007136244762822477	false	1.0
labil	off 1.0	off 1.0	off 0.7165430154887726 neg 0.28007650862836897 __DUMMY__ 0.0033804758828584283	false	1.0
ziemlich	neg 1.0		neg 0.5244753654539445 off 0.4684015894308179 __DUMMY__ 0.00712304511523765	false	1.0
lachnummer	off 1.0		neg 0.5335586809513295 off 0.4593230272555833 __DUMMY__ 0.007118291793087114	false	0.5
oder			neg 0.5297725102072948 off 0.46305867434966885 __DUMMY__ 0.007168815443036421	false	0.0
verfall	neg 1.0		neg 0.5434410378736769 off 0.4493882436741014 __DUMMY__ 0.007170718452221722	false	1.0
ausgrenzung	neg 1.0		neg 0.5338020040129018 off 0.45912297554788506 __DUMMY__ 0.00707502043921314	false	1.0
unordnung	neg 1.0		neg 0.5244840724140922 off 0.4683809412737416 __DUMMY__ 0.007134986312166184	false	1.0
fehlverhalten	neg 1.0		neg 0.538714380525932 off 0.45414925071300216 __DUMMY__ 0.007136368761065809	false	1.0
eine			neg 0.5375667160518174 off 0.4552637786110183 __DUMMY__ 0.007169505337164376	false	0.0
nille	neg 1.0		neg 0.5333857035345421 off 0.4594700082305814 __DUMMY__ 0.0071442882348766185	false	1.0
qual	neg 1.0		neg 0.5326692979692309 off 0.46018363224606296 __DUMMY__ 0.007147069784706067	false	1.0
verschwenden	neg 1.0		neg 0.5362814951307242 off 0.4565834240355507 __DUMMY__ 0.007135080833725124	false	1.0
riesig	neg 1.0	neg 1.0	neg 0.7531689109355645 off 0.24340030609312682 __DUMMY__ 0.0034307829713086735	false	1.0
verurteilen	neg 1.0		neg 0.5366746572290136 off 0.4562119636205936 __DUMMY__ 0.007113379150392772	false	1.0
klischee	neg 1.0	neg 1.0	neg 0.7511721678444581 off 0.24545262653522315 __DUMMY__ 0.003375205620318748	false	1.0
diktatorisch	neg 1.0		neg 0.5350530044290635 off 0.4578890444494092 __DUMMY__ 0.007057951121527301	false	1.0
vorhersehbar	neg 1.0	neg 1.0	neg 0.7511841088703811 off 0.245431969660854 __DUMMY__ 0.0033839214687648076	false	1.0
sowie			neg 0.5220100124143149 off 0.47093818613335153 __DUMMY__ 0.007051801452333656	false	0.0
stornieren	neg 1.0		neg 0.5269668953793176 off 0.4658252381872478 __DUMMY__ 0.007207866433434352	false	1.0
besteuerung	neg 1.0		neg 0.5340614604706423 off 0.45885154472858064 __DUMMY__ 0.00708699480077717	false	1.0
ungeschminkt	neg 1.0		neg 0.5260468568349858 off 0.4668645681248069 __DUMMY__ 0.007088575040207389	false	1.0
kritisch	neg 1.0		neg 0.537419234920167 off 0.4554478861526964 __DUMMY__ 0.00713287892713664	false	1.0
schlamperei	off 1.0		neg 0.5388341538337497 off 0.45403280951598163 __DUMMY__ 0.007133036650268621	false	0.5
sucht	neg 1.0	neg 1.0	neg 0.751512557614833 off 0.24506921277348617 __DUMMY__ 0.003418229611680849	false	1.0
egoistisch	off 1.0		neg 0.5205815719390284 off 0.4723553309335314 __DUMMY__ 0.007063097127440206	false	0.5
ausbeuter	off 1.0		neg 0.5400743089544446 off 0.4528098834847361 __DUMMY__ 0.007115807560819288	false	0.5
arschgeburt	off 1.0		neg 0.5143593101526028 off 0.47866255075679054 __DUMMY__ 0.006978139090606643	false	0.5
schubs	neg 1.0	neg 1.0	neg 0.7520575301214022 off 0.2445080422785901 __DUMMY__ 0.0034344276000075682	false	1.0
unsolide	neg 1.0		neg 0.5362149110032919 off 0.45676152166100964 __DUMMY__ 0.007023567335698341	false	1.0
beschwerde	neg 1.0		neg 0.538450532866662 off 0.4544152020534728 __DUMMY__ 0.007134265079865147	false	1.0
stocken	neg 1.0		neg 0.5369723766515513 off 0.4558812585994059 __DUMMY__ 0.00714636474904278	false	1.0
isolieren	neg 1.0		neg 0.5367740518609353 off 0.4561030293518842 __DUMMY__ 0.007122918787180526	false	1.0
unheilbar	neg 1.0		neg 0.5315195906470727 off 0.46134298491830555 __DUMMY__ 0.007137424434621831	false	1.0
pisser	off 1.0		neg 0.524438953286121 off 0.4684656684549514 __DUMMY__ 0.007095378258927638	false	0.5
löschen	neg 1.0		neg 0.5324384301717149 off 0.4604256903188673 __DUMMY__ 0.007135879509417852	false	1.0
durchfallen	neg 1.0		neg 0.5364568621323275 off 0.45642631766390107 __DUMMY__ 0.007116820203771596	false	1.0
wichser	off 1.0		neg 0.5156605399307065 off 0.4773046597938508 __DUMMY__ 0.007034800275442857	false	0.5
terror	neg 1.0		neg 0.5275043028240896 off 0.465344655081666 __DUMMY__ 0.0071510420942444055	false	1.0
krass	neg 1.0		neg 0.5221545283834405 off 0.4707660358891308 __DUMMY__ 0.00707943572742886	false	1.0
revolte	neg 1.0		neg 0.5325076763158699 off 0.46041018384078064 __DUMMY__ 0.007082139843349397	false	1.0
besorgt	neg 1.0		neg 0.5323058971708771 off 0.460510429256874 __DUMMY__ 0.007183673572248796	false	1.0
nachlassen	neg 1.0		neg 0.5373369408173385 off 0.4555161222769491 __DUMMY__ 0.007146936905712394	false	1.0
alt	neg 1.0		neg 0.5352170116828977 off 0.4576272405130017 __DUMMY__ 0.007155747804100626	false	1.0
hundesohn	off 1.0		neg 0.5190696818511616 off 0.47391380370389125 __DUMMY__ 0.007016514444947067	false	0.5
als			neg 0.5324149095196371 off 0.46040915637649016 __DUMMY__ 0.007175934103872699	false	0.0
abschreckung	neg 1.0		neg 0.5398356672116357 off 0.45301276328586165 __DUMMY__ 0.007151569502502517	false	1.0
unqualifiziert	neg 1.0		neg 0.5318263136154674 off 0.46111151461602196 __DUMMY__ 0.007062171768510611	false	1.0
abgewichst	off 1.0		neg 0.5338458561794034 off 0.45900368215313436 __DUMMY__ 0.007150461667462157	false	0.5
schwer	neg 1.0		neg 0.5317914548315401 off 0.461063605249123 __DUMMY__ 0.0071449399193369125	false	1.0
bedeutungslosigkeit	neg 1.0		neg 0.5389069835776196 off 0.45394765011461463 __DUMMY__ 0.007145366307765785	false	1.0
kapitulation	neg 1.0		neg 0.5397369657840027 off 0.4531650755997716 __DUMMY__ 0.007097958616225812	false	1.0
unscharf	neg 1.0		neg 0.5289336895306642 off 0.46393689386741255 __DUMMY__ 0.007129416601923258	false	1.0
schwinden	neg 1.0		neg 0.5391133597169948 off 0.4537426547020166 __DUMMY__ 0.007143985580988548	false	1.0
versklavung	neg 1.0		neg 0.535756900518165 off 0.45718867460690743 __DUMMY__ 0.007054424874927539	false	1.0
schlecht	neg 1.0		neg 0.5243073724908776 off 0.46856819747609135 __DUMMY__ 0.007124430033030983	false	1.0
verhasst	neg 1.0		neg 0.5321554735298492 off 0.4607333409519937 __DUMMY__ 0.007111185518157139	false	1.0
beschweren	neg 1.0		neg 0.530038154396791 off 0.46283469075211287 __DUMMY__ 0.00712715485109607	false	1.0
scheiden	neg 1.0		neg 0.5272025256363994 off 0.46558501867786983 __DUMMY__ 0.007212455685730744	false	1.0
frustriert	neg 1.0		neg 0.5330008120620884 off 0.45984972579805966 __DUMMY__ 0.007149462139851805	false	1.0
schimmelig	neg 1.0		neg 0.5348927034819926 off 0.4579315128833101 __DUMMY__ 0.0071757836346974125	false	1.0
fisch	neg 1.0		neg 0.5331910046984507 off 0.4595733997790453 __DUMMY__ 0.007235595522503975	false	1.0
schmuggel	neg 1.0		neg 0.5360426749709559 off 0.45676186856483675 __DUMMY__ 0.007195456464207457	false	1.0
auffallen	neg 1.0		neg 0.5286059455307807 off 0.46425913667059304 __DUMMY__ 0.00713491779862631	false	1.0
konkurrenz	neg 1.0	neg 1.0	neg 0.7554201678709233 off 0.24114888407772644 __DUMMY__ 0.0034309480513503537	false	1.0
teufelskreis	neg 1.0	neg 1.0	neg 0.7533746221555707 off 0.24323146874225318 __DUMMY__ 0.0033939091021762072	false	1.0
aufschreien	neg 1.0		neg 0.530612712755322 off 0.4622835620888994 __DUMMY__ 0.00710372515577855	false	1.0
schuldner	neg 1.0		neg 0.5382629887069984 off 0.4545840294372347 __DUMMY__ 0.007152981855766939	false	1.0
missgeburt	off 1.0	off 1.0	off 0.7200928132219933 neg 0.2765441929723375 __DUMMY__ 0.003362993805669274	false	1.0
arbeitslos	neg 1.0		neg 0.535912767410347 off 0.45696638583221283 __DUMMY__ 0.0071208467574401255	false	1.0
befallen	neg 1.0		neg 0.5371189102935846 off 0.45578845958687336 __DUMMY__ 0.007092630119542017	false	1.0
miesepetrig	off 1.0	off 1.0	off 0.7184347222334705 neg 0.27816889306637077 __DUMMY__ 0.0033963847001587787	false	1.0
alarmieren	neg 1.0		neg 0.529390854730196 off 0.4635305044738975 __DUMMY__ 0.007078640795906646	false	1.0
ungeduscht	off 1.0		neg 0.5264704916442049 off 0.4663881761787317 __DUMMY__ 0.007141332177063539	false	0.5
knappheit	neg 1.0		neg 0.5389475741679403 off 0.4539448018059194 __DUMMY__ 0.007107624026140284	false	1.0
schlange	neg 1.0		neg 0.5270372027177654 off 0.46578244416562437 __DUMMY__ 0.007180353116610314	false	1.0
harsch	neg 1.0		neg 0.5194067638301826 off 0.4734768736056303 __DUMMY__ 0.007116362564187053	false	1.0
lang	neg 1.0		neg 0.5316320604117257 off 0.4612285942459201 __DUMMY__ 0.0071393453423541624	false	1.0
ziellos	neg 1.0		neg 0.5331888201598484 off 0.4596331825601051 __DUMMY__ 0.0071779972800464125	false	1.0
selbstverliebt	neg 1.0		neg 0.5170191942386544 off 0.4759903340280666 __DUMMY__ 0.006990471733279035	false	1.0
beseitigen	neg 1.0	neg 1.0	neg 0.7517825855102006 off 0.24479118735550895 __DUMMY__ 0.003426227134290484	false	1.0
dumm	off 1.0		neg 0.5200561696467058 off 0.47289583619303877 __DUMMY__ 0.007047994160255638	false	0.5
arbeitsloser	neg 1.0		neg 0.5351267528570955 off 0.457717093535611 __DUMMY__ 0.007156153607293357	false	1.0
blitzen	neg 1.0		neg 0.5289500816205597 off 0.4639326750808576 __DUMMY__ 0.00711724329858262	false	1.0
hilflos	neg 1.0		neg 0.5338420568486867 off 0.45901195947650997 __DUMMY__ 0.007145983674803302	false	1.0
eklig	off 1.0		neg 0.5190290930058499 off 0.4739212049769649 __DUMMY__ 0.007049702017185334	false	0.5
begriff			neg 0.5350697336834408 off 0.457814770471206 __DUMMY__ 0.007115495845353235	false	0.0
hungersnot	neg 1.0		neg 0.5346871117791338 off 0.4581749057722156 __DUMMY__ 0.007137982448650676	false	1.0
ungesetzlich	neg 1.0		neg 0.5356924739454456 off 0.4572769586220561 __DUMMY__ 0.007030567432498301	false	1.0
verschwendung	neg 1.0		neg 0.5374259469326115 off 0.45542796214657344 __DUMMY__ 0.007146090920815154	false	1.0
schmerzvoll	neg 1.0		neg 0.529730950476894 off 0.4631356788743573 __DUMMY__ 0.007133370648748778	false	1.0
vorzeitig	neg 1.0		neg 0.5273635515426872 off 0.46549202400132234 __DUMMY__ 0.0071444244559904025	false	1.0
unvollkommenheit	neg 1.0		neg 0.5324239240829441 off 0.46038562574128716 __DUMMY__ 0.0071904501757687435	false	1.0
intervenieren	neg 1.0		neg 0.5396003923222089 off 0.4532828998018109 __DUMMY__ 0.0071167078759800766	false	1.0
banause	off 1.0		neg 0.5178296271595604 off 0.47514905326760476 __DUMMY__ 0.0070213195728348835	false	0.5
rebell	neg 1.0		neg 0.5400299462200276 off 0.45279204069873386 __DUMMY__ 0.007178013081238637	false	1.0
unlogisch	neg 1.0		neg 0.5231492031333108 off 0.4697677821469129 __DUMMY__ 0.007083014719776185	false	1.0
leiden	neg 1.0		neg 0.532853943561909 off 0.4599109688900674 __DUMMY__ 0.007235087548023545	false	1.0
abschaffung	neg 1.0		neg 0.5338456177941662 off 0.4590578109089498 __DUMMY__ 0.00709657129688405	false	1.0
sturz	neg 1.0		neg 0.5310958043680408 off 0.4617471127021195 __DUMMY__ 0.00715708292983958	false	1.0
verkleinerung	neg 1.0		neg 0.5318557227020873 off 0.46107482672051264 __DUMMY__ 0.007069450577400268	false	1.0
schmarotzer	off 1.0		neg 0.536969627168542 off 0.45592432215007517 __DUMMY__ 0.0071060506813828105	false	0.5
bestrafung	neg 1.0		neg 0.5316474594779886 off 0.4612395709896678 __DUMMY__ 0.00711296953234362	false	1.0
achtlos	neg 1.0		neg 0.530921876032543 off 0.46191667084345533 __DUMMY__ 0.00716145312400155	false	1.0
ungeheuer	neg 1.0		neg 0.5272466162599275 off 0.46560855314816746 __DUMMY__ 0.007144830591905225	false	1.0
