unsolidarisch	neg 1.0		neg 0.5378990187629334 off 0.45505631638102173 __DUMMY__ 0.007044664856044729	false	1.0
nachteilig	neg 1.0		neg 0.5379441502533613 off 0.45491821149483475 __DUMMY__ 0.007137638251803895	false	1.0
skeptisch	neg 1.0		neg 0.5380520899112831 off 0.4547939409968361 __DUMMY__ 0.007153969091880818	false	1.0
schrecklich	neg 1.0		neg 0.5216118602105364 off 0.471299254108753 __DUMMY__ 0.007088885680710541	false	1.0
schlapp	neg 1.0		neg 0.5253767086968268 off 0.4674931538888568 __DUMMY__ 0.007130137414316377	false	1.0
abfall	neg 1.0		neg 0.5411849329555569 off 0.4516520194773814 __DUMMY__ 0.007163047567061701	false	1.0
widerspenstig	neg 1.0		neg 0.5322430810318948 off 0.46062340133313984 __DUMMY__ 0.007133517634965404	false	1.0
abrupt	neg 1.0		neg 0.5349354427900179 off 0.4578707537358331 __DUMMY__ 0.007193803474148853	false	1.0
unwirksam	neg 1.0		neg 0.5352637453745993 off 0.45765038960212007 __DUMMY__ 0.007085865023280711	false	1.0
angreifen	neg 1.0	neg 1.0	neg 0.7555710310608942 off 0.2410214064204157 __DUMMY__ 0.0034075625186901068	false	1.0
inkonsistent	neg 1.0		neg 0.530942305557276 off 0.4619212356109692 __DUMMY__ 0.0071364588317548985	false	1.0
abrutschen	neg 1.0		neg 0.5403585805021166 off 0.452472404891213 __DUMMY__ 0.007169014606670227	false	1.0
unsicher	neg 1.0		neg 0.5313777444628193 off 0.46147320041808865 __DUMMY__ 0.007149055119092071	false	1.0
bauernkind	off 1.0	off 1.0	off 0.7184725015908656 neg 0.27817335164418855 __DUMMY__ 0.0033541467649458364	false	1.0
angreifer	neg 1.0		neg 0.5294901992977741 off 0.463355936738821 __DUMMY__ 0.0071538639634049035	false	1.0
trennen	neg 1.0		neg 0.5332339466777215 off 0.45954861278916287 __DUMMY__ 0.0072174405331155685	false	1.0
schmutz	neg 1.0		neg 0.5263725407768696 off 0.4664289891699727 __DUMMY__ 0.007198470053157747	false	1.0
inkonsistenz	neg 1.0		neg 0.5301718419662765 off 0.4627561932372773 __DUMMY__ 0.0070719647964462284	false	1.0
erschreckend	neg 1.0		neg 0.5344118781082323 off 0.4584637738175482 __DUMMY__ 0.007124348074219527	false	1.0
ertrinken	neg 1.0		neg 0.534988054288276 off 0.4578403246401539 __DUMMY__ 0.007171621071570054	false	1.0
pickelface	off 1.0		neg 0.5349053728601154 off 0.45795733528200444 __DUMMY__ 0.007137291857880194	false	0.5
seiner			neg 0.5363717716780313 off 0.45645523780660446 __DUMMY__ 0.007172990515364285	false	0.0
lauch	neg 1.0		neg 0.5413853303919096 off 0.4514660581734316 __DUMMY__ 0.007148611434658758	false	1.0
unwichtig	neg 1.0		neg 0.5278629426551429 off 0.46504071545402487 __DUMMY__ 0.007096341890832143	false	1.0
steuerhinterziehung	neg 1.0		neg 0.5367458754062282 off 0.45615211614435436 __DUMMY__ 0.0071020084494174745	false	1.0
schock	neg 1.0		neg 0.5305253755989531 off 0.4622888690169242 __DUMMY__ 0.007185755384122866	false	1.0
beule	neg 1.0		neg 0.5246545042682987 off 0.46821049626017996 __DUMMY__ 0.007134999471521308	false	1.0
vergelten	neg 1.0		neg 0.5213971027919517 off 0.4714729047957381 __DUMMY__ 0.007129992412310102	false	1.0
verdorbenheit	neg 1.0		neg 0.5310965213499392 off 0.46173798553418444 __DUMMY__ 0.007165493115876268	false	1.0
trauma	neg 1.0		neg 0.5313183452798143 off 0.4615526214254366 __DUMMY__ 0.007129033294749027	false	1.0
sinnlos	neg 1.0		neg 0.5288089282148077 off 0.46405186957144745 __DUMMY__ 0.007139202213744762	false	1.0
fettsack	off 1.0	off 1.0	off 0.7204524544853165 neg 0.276179584503553 __DUMMY__ 0.0033679610111304777	false	1.0
feige	off 1.0	off 1.0	off 0.7164053728879144 neg 0.28022489719110427 __DUMMY__ 0.003369729920981375	false	1.0
abdanken	neg 1.0		neg 0.5353083130869064 off 0.45758478416386517 __DUMMY__ 0.007106902749228253	false	1.0
wichtigtuer	off 1.0	off 1.0	off 0.7149674451319411 neg 0.28164911147444566 __DUMMY__ 0.003383443393613314	false	1.0
misslingen	neg 1.0		neg 0.5277821155579647 off 0.46502558949356815 __DUMMY__ 0.007192294948467048	false	1.0
untreu	off 1.0		neg 0.5268833950596326 off 0.46603274919183935 __DUMMY__ 0.007083855748528086	false	0.5
missmutig	neg 1.0		neg 0.5271038762945498 off 0.46578844856355944 __DUMMY__ 0.007107675141890732	false	1.0
hurenbock	off 1.0		neg 0.529455158025582 off 0.46339369519358253 __DUMMY__ 0.007151146780835513	false	0.5
betrunken	neg 1.0		neg 0.5219173673436047 off 0.4709498198260092 __DUMMY__ 0.007132812830385939	false	1.0
korrupt	off 1.0		neg 0.5395048489592976 off 0.4534247752542551 __DUMMY__ 0.007070375786447337	false	0.5
unmut	neg 1.0		neg 0.5411874047025955 off 0.4516526895052703 __DUMMY__ 0.00715990579213431	false	1.0
hackfresse	off 1.0		neg 0.5192128082480746 off 0.4737389926169556 __DUMMY__ 0.00704819913496974	false	0.5
aufblasen	neg 1.0		neg 0.5288455365463578 off 0.4639945909506271 __DUMMY__ 0.007159872503015066	false	1.0
gewaltsam	neg 1.0		neg 0.533155210076431 off 0.4597025140636375 __DUMMY__ 0.007142275859931559	false	1.0
unbeliebtheit	neg 1.0		neg 0.5329446101430109 off 0.4600361549568069 __DUMMY__ 0.007019234900182292	false	1.0
sturheit	neg 1.0		neg 0.53524520585904 off 0.45764314044847726 __DUMMY__ 0.007111653692482708	false	1.0
kuh	neg 1.0		neg 0.5328613592083227 off 0.46003180041836017 __DUMMY__ 0.007106840373317154	false	1.0
erschrecken	neg 1.0		neg 0.5269858723685138 off 0.4658876577303951 __DUMMY__ 0.0071264699010911365	false	1.0
opfer	neg 1.0		neg 0.5358996303919685 off 0.4569451577520073 __DUMMY__ 0.007155211856024233	false	1.0
sinken	neg 1.0		neg 0.5394743996305794 off 0.45335101004678924 __DUMMY__ 0.007174590322631295	false	1.0
stinktier	neg 1.0		neg 0.5225467898134443 off 0.47039372606301705 __DUMMY__ 0.007059484123538633	false	1.0
tucke	off 1.0		neg 0.5214356664783115 off 0.4715678699817763 __DUMMY__ 0.0069964635399121546	false	0.5
ein			neg 0.5293811119100061 off 0.4634540547709969 __DUMMY__ 0.007164833318997056	false	0.0
abstieg	neg 1.0		neg 0.5349903811324143 off 0.4578189144462247 __DUMMY__ 0.007190704421361149	false	1.0
missverstehen	neg 1.0		neg 0.5309282899724435 off 0.4619749521991051 __DUMMY__ 0.007096757828451407	false	1.0
ergebnislos	neg 1.0		neg 0.5371305639848379 off 0.4557132649477283 __DUMMY__ 0.007156171067433859	false	1.0
unter			neg 0.540911541117902 off 0.45182454610733735 __DUMMY__ 0.0072639127747606445	false	0.0
manipulieren	neg 1.0		neg 0.5388778426290671 off 0.4539830309377725 __DUMMY__ 0.007139126433160232	false	1.0
unbewiesen	neg 1.0		neg 0.5382637423075507 off 0.4547041582955658 __DUMMY__ 0.007032099396883403	false	1.0
verschleppen	neg 1.0		neg 0.5360268607697571 off 0.4568346631202477 __DUMMY__ 0.00713847610999514	false	1.0
weib	off 1.0		neg 0.5193883035554956 off 0.473565607658485 __DUMMY__ 0.007046088786019469	false	0.5
opposition	neg 1.0		neg 0.531999393724296 off 0.4609023188843873 __DUMMY__ 0.007098287391316716	false	1.0
verkehrswidrig	neg 1.0	neg 1.0	neg 0.7443516050098952 off 0.2522138024054643 __DUMMY__ 0.003434592584640534	false	1.0
inkorrekt	neg 1.0		neg 0.5282382498133542 off 0.46472859316470055 __DUMMY__ 0.007033157021945339	false	1.0
vermeiden	neg 1.0		neg 0.541415503065475 off 0.45138241968145726 __DUMMY__ 0.007202077253067822	false	1.0
abweichung	neg 1.0		neg 0.5370137025353601 off 0.45584007515111546 __DUMMY__ 0.007146222313524544	false	1.0
alkoholisiert	neg 1.0		neg 0.532349134363828 off 0.4604053797208362 __DUMMY__ 0.007245485915335777	false	1.0
scheiss	off 1.0	off 1.0	off 0.7182005589629645 neg 0.2784035766887128 __DUMMY__ 0.0033958643483227116	false	1.0
herausforderung	neg 1.0	neg 1.0	neg 0.7521891868521424 off 0.24434317460741867 __DUMMY__ 0.0034676385404389417	false	1.0
pervers	off 1.0		neg 0.5159543613402522 off 0.4770146090026557 __DUMMY__ 0.007031029657092218	false	0.5
wackelig	neg 1.0		neg 0.5312831831872796 off 0.4615082102287307 __DUMMY__ 0.007208606583989628	false	1.0
verwickeln	neg 1.0		neg 0.531287554582028 off 0.46161895333685077 __DUMMY__ 0.007093492081121228	false	1.0
vorwand	neg 1.0		neg 0.5390995839847548 off 0.4537471842172731 __DUMMY__ 0.007153231797972091	false	1.0
muschi	off 1.0		neg 0.5341284089255504 off 0.45873039632664137 __DUMMY__ 0.00714119474780821	false	0.5
entmutigung	neg 1.0		neg 0.5336910665982226 off 0.4592294178038351 __DUMMY__ 0.00707951559794231	false	1.0
unangemessen	neg 1.0		neg 0.5359837929349444 off 0.4568986907262816 __DUMMY__ 0.0071175163387741155	false	1.0
unstetig	neg 1.0		neg 0.5294524327232341 off 0.463388493487579 __DUMMY__ 0.007159073789186978	false	1.0
entmutigen	neg 1.0		neg 0.5308955513762448 off 0.4619775201161748 __DUMMY__ 0.007126928507580457	false	1.0
schwanz	neg 1.0		neg 0.5367189858634561 off 0.45611359252551215 __DUMMY__ 0.007167421611031589	false	1.0
verbot	neg 1.0		neg 0.537699800569295 off 0.4551918861513441 __DUMMY__ 0.007108313279360786	false	1.0
leid	neg 1.0		neg 0.5205243447813002 off 0.47239521381344335 __DUMMY__ 0.007080441405256301	false	1.0
archaisch	neg 1.0		neg 0.5350821116138993 off 0.4577821408380027 __DUMMY__ 0.0071357475480980795	false	1.0
gegen			neg 0.5379386234485417 off 0.4548715298518394 __DUMMY__ 0.007189846699619026	false	0.0
scheidung	neg 1.0		neg 0.5113014858408225 off 0.4816640528912932 __DUMMY__ 0.007034461267884297	false	1.0
einschlag	neg 1.0	neg 1.0	neg 0.7470447092605836 off 0.24956185911698425 __DUMMY__ 0.0033934316224320483	false	1.0
m			neg 0.5332198092769461 off 0.45960769943941154 __DUMMY__ 0.007172491283642429	false	0.0
abgestanden	neg 1.0		neg 0.5294877140184121 off 0.46334988608763 __DUMMY__ 0.0071623998939579925	false	1.0
schmierig	off 1.0		neg 0.5208918951587642 off 0.47202179434279457 __DUMMY__ 0.007086310498441266	false	0.5
unpraktisch	neg 1.0		neg 0.5283241031232846 off 0.4644993382510603 __DUMMY__ 0.007176558625655192	false	1.0
wixxer	off 1.0		neg 0.5167177847827705 off 0.4762594365322034 __DUMMY__ 0.00702277868502613	false	0.5
bezeichnet			neg 0.5339225777571909 off 0.45895897876252695 __DUMMY__ 0.007118443480282118	false	0.0
jammerlappen	off 1.0		neg 0.5274617870790776 off 0.4654383960332784 __DUMMY__ 0.007099816887643784	false	0.5
farce	neg 1.0		neg 0.5373574034601368 off 0.4555476968085491 __DUMMY__ 0.007094899731314191	false	1.0
zwecklos	neg 1.0		neg 0.535873816763032 off 0.45700545967347356 __DUMMY__ 0.007120723563494566	false	1.0
turbulent	neg 1.0		neg 0.5276883949630395 off 0.4652285901835791 __DUMMY__ 0.0070830148533814015	false	1.0
invasion	neg 1.0		neg 0.528623436040525 off 0.464236232722444 __DUMMY__ 0.007140331237031016	false	1.0
schuld	neg 1.0		neg 0.5318154150752348 off 0.46106238958511686 __DUMMY__ 0.007122195339648434	false	1.0
risiko	neg 1.0		neg 0.530911798570225 off 0.46193546580014416 __DUMMY__ 0.007152735629630888	false	1.0
finster	neg 1.0		neg 0.5298317623845434 off 0.4630178030005885 __DUMMY__ 0.00715043461486803	false	1.0
geisteskrank	off 1.0		neg 0.5272139312445844 off 0.4657220122216947 __DUMMY__ 0.007064056533720973	false	0.5
zusammenbrechen	neg 1.0		neg 0.5330210806038691 off 0.459821833859767 __DUMMY__ 0.0071570855363638245	false	1.0
ausbeute	neg 1.0		neg 0.5336634026015059 off 0.4591189284866547 __DUMMY__ 0.0072176689118393185	false	1.0
hinterhalt	neg 1.0		neg 0.5322877747582981 off 0.46053312596819457 __DUMMY__ 0.0071790992735073205	false	1.0
kritik	neg 1.0		neg 0.5372909688896744 off 0.4556087230857954 __DUMMY__ 0.007100308024530017	false	1.0
einschrumpfen	neg 1.0		neg 0.5315057157279532 off 0.4614183511964731 __DUMMY__ 0.007075933075573658	false	1.0
riskant	neg 1.0		neg 0.5371434141181675 off 0.4557178047963562 __DUMMY__ 0.007138781085476252	false	1.0
frustrieren	neg 1.0		neg 0.5363303697839709 off 0.4565216229840574 __DUMMY__ 0.00714800723197182	false	1.0
groll	neg 1.0		neg 0.5352970123482786 off 0.4575650920275125 __DUMMY__ 0.0071378956242088305	false	1.0
gibt			neg 0.5340680614128909 off 0.45878460833049284 __DUMMY__ 0.007147330256616213	false	0.0
qualvoll	neg 1.0		neg 0.5274183262327415 off 0.46544424710926485 __DUMMY__ 0.007137426657993549	false	1.0
wackeln	neg 1.0	neg 1.0	neg 0.7504086988172645 off 0.24616312033131835 __DUMMY__ 0.003428180851417123	false	1.0
klagen	neg 1.0		neg 0.5399930979163431 off 0.45283850404083803 __DUMMY__ 0.007168398042818857	false	1.0
bankrott	neg 1.0		neg 0.5273869208725058 off 0.46548812461068717 __DUMMY__ 0.0071249545168069325	false	1.0
trauern	neg 1.0		neg 0.5349746664883988 off 0.4578499132159842 __DUMMY__ 0.007175420295616904	false	1.0
ablehnung	neg 1.0		neg 0.5370502551337203 off 0.45584625733502293 __DUMMY__ 0.007103487531256744	false	1.0
stur	neg 1.0		neg 0.5314895422193794 off 0.46139719017813347 __DUMMY__ 0.007113267602487086	false	1.0
aufruhr	neg 1.0		neg 0.5333224990462234 off 0.45953567555896746 __DUMMY__ 0.007141825394809121	false	1.0
melancholie	neg 1.0		neg 0.5331787772887852 off 0.45964494527081423 __DUMMY__ 0.007176277440400625	false	1.0
ist			neg 0.5297879078860592 off 0.46307725716187825 __DUMMY__ 0.007134834952062528	false	0.0
torheit	neg 1.0		neg 0.5341730982474056 off 0.45874064334110565 __DUMMY__ 0.0070862584114886875	false	1.0
dreckskind	off 1.0		neg 0.5213407294899648 off 0.4716107105585891 __DUMMY__ 0.007048559951446117	false	0.5
umtauschen	neg 1.0		neg 0.5311577318743612 off 0.4616809657729232 __DUMMY__ 0.007161302352715474	false	1.0
zum			neg 0.5367643508039713 off 0.45595789501826145 __DUMMY__ 0.007277754177767266	false	0.0
zersetzen	neg 1.0		neg 0.5398542605414635 off 0.4530215997037176 __DUMMY__ 0.007124139754819084	false	1.0
zur			neg 0.5407396284064796 off 0.45203368802775656 __DUMMY__ 0.007226683565763844	false	0.0
frust	neg 1.0		neg 0.5331470757869229 off 0.45969397385492516 __DUMMY__ 0.007158950358151952	false	1.0
unerbittlichkeit	neg 1.0		neg 0.5390438739490515 off 0.4538209818149007 __DUMMY__ 0.007135144236047846	false	1.0
zwei			neg 0.5355008365546665 off 0.45724965135103346 __DUMMY__ 0.007249512094299984	false	0.0
unkorrekt	neg 1.0		neg 0.5273143640043776 off 0.46565088801744814 __DUMMY__ 0.007034747978174349	false	1.0
hexe	off 1.0		neg 0.526076456971234 off 0.466818550161229 __DUMMY__ 0.0071049928675372175	false	0.5
lasch	neg 1.0		neg 0.5303530956015726 off 0.46256748517037094 __DUMMY__ 0.007079419228056514	false	1.0
rivale	neg 1.0		neg 0.5237097721280439 off 0.46919011546256606 __DUMMY__ 0.007100112409390088	false	1.0
mutlos	off 1.0	off 1.0	off 0.7107736619032392 neg 0.28583615657768585 __DUMMY__ 0.0033901815190749422	false	1.0
wirr	off 1.0		neg 0.5264173884114787 off 0.46654022806893053 __DUMMY__ 0.007042383519590813	false	0.5
jahr			neg 0.533820930338598 off 0.4589429116400556 __DUMMY__ 0.007236158021346348	false	0.0
wird			neg 0.5347505367133527 off 0.4580833223488349 __DUMMY__ 0.007166140937812408	false	0.0
strafbar	neg 1.0		neg 0.5377280200932062 off 0.4551450181647788 __DUMMY__ 0.00712696174201485	false	1.0
erosion	neg 1.0		neg 0.5303597041270512 off 0.4624855829220111 __DUMMY__ 0.00715471295093768	false	1.0
eingehen	neg 1.0		neg 0.5369772560017603 off 0.45590442385630847 __DUMMY__ 0.007118320141931224	false	1.0
faul	off 1.0		neg 0.5261068120743001 off 0.46675495757512253 __DUMMY__ 0.007138230350577476	false	0.5
provisorium	neg 1.0		neg 0.5426406242637833 off 0.4501197956691997 __DUMMY__ 0.007239580067016872	false	1.0
schmerzen	neg 1.0		neg 0.531438024593115 off 0.461413658918988 __DUMMY__ 0.00714831648789691	false	1.0
schrumpfen	neg 1.0		neg 0.5433893792064011 off 0.44943896602001837 __DUMMY__ 0.00717165477358053	false	1.0
geistlos	off 1.0		neg 0.5344776261378867 off 0.45848569839922976 __DUMMY__ 0.007036675462883556	false	0.5
fehlkauf	neg 1.0		neg 0.531170014426675 off 0.46171673718743106 __DUMMY__ 0.007113248385893824	false	1.0
frustrierend	neg 1.0		neg 0.5264466207372742 off 0.46641346045818366 __DUMMY__ 0.007139918804542066	false	1.0
unzufrieden	neg 1.0		neg 0.5356585488438609 off 0.457213914510788 __DUMMY__ 0.007127536645351042	false	1.0
verzweifeln	neg 1.0		neg 0.532390682635205 off 0.46046464234356793 __DUMMY__ 0.007144675021227038	false	1.0
verzweifelt	neg 1.0		neg 0.5309625907616606 off 0.4619172227865428 __DUMMY__ 0.0071201864517965955	false	1.0
misstrauensantrag	neg 1.0		neg 0.5304315897472336 off 0.46245804241827687 __DUMMY__ 0.0071103678344893945	false	1.0
abfallen	neg 1.0		neg 0.5283391963759452 off 0.4644903652159175 __DUMMY__ 0.0071704384081373125	false	1.0
fucker	off 1.0		neg 0.5256964756656589 off 0.4672226572875295 __DUMMY__ 0.0070808670468117145	false	0.5
ungezogen	neg 1.0		neg 0.516671665062758 off 0.47627053491647753 __DUMMY__ 0.0070578000207645545	false	1.0
irrsinnig	neg 1.0	neg 1.0	neg 0.7520164789375237 off 0.24459006426709362 __DUMMY__ 0.0033934567953827818	false	1.0
unfassbar	neg 1.0		neg 0.5264899400247411 off 0.4664116804117567 __DUMMY__ 0.007098379563502195	false	1.0
hart	neg 1.0		neg 0.5282613341298601 off 0.46462093660471754 __DUMMY__ 0.007117729265422376	false	1.0
widerlich	off 1.0		neg 0.527163297363833 off 0.46577097106510656 __DUMMY__ 0.007065731571060365	false	0.5
fatal	neg 1.0		neg 0.5304822005547917 off 0.46239916609709014 __DUMMY__ 0.007118633348118147	false	1.0
bruch	neg 1.0		neg 0.5403388376927258 off 0.4525036844546887 __DUMMY__ 0.007157477852585392	false	1.0
aushungern	neg 1.0		neg 0.5364515091954698 off 0.4564546638474894 __DUMMY__ 0.007093826957040839	false	1.0
anspannung	neg 1.0	neg 1.0	neg 0.755001810813528 off 0.241525427600062 __DUMMY__ 0.0034727615864099293	false	1.0
von			neg 0.5349877596325388 off 0.45778008205527165 __DUMMY__ 0.0072321583121895735	false	0.0
kraftlos	neg 1.0		neg 0.5322521404786182 off 0.46056349199870156 __DUMMY__ 0.007184367522680088	false	1.0
vom			neg 0.5394339672248571 off 0.45328693431235423 __DUMMY__ 0.007279098462788634	false	0.0
grenzdebil	off 1.0		neg 0.5250247561691921 off 0.4678753213121658 __DUMMY__ 0.007099922518642198	false	0.5
vor			neg 0.5370242789520309 off 0.45578765285995304 __DUMMY__ 0.007188068188016197	false	0.0
unterwerfen	neg 1.0		neg 0.5371346962296043 off 0.4557245502547344 __DUMMY__ 0.0071407535156613995	false	1.0
versenkung	neg 1.0		neg 0.5369150746416919 off 0.45593380356394675 __DUMMY__ 0.007151121794361377	false	1.0
entziehen	neg 1.0		neg 0.5394921611725333 off 0.4533452251336817 __DUMMY__ 0.007162613693785158	false	1.0
finanzkrise	neg 1.0		neg 0.5361672893863351 off 0.4567398904124905 __DUMMY__ 0.007092820201174423	false	1.0
schimpfend	neg 1.0		neg 0.5283203079095834 off 0.46450441917400215 __DUMMY__ 0.007175272916414459	false	1.0
profan	neg 1.0		neg 0.52888633522935 off 0.4639908505365739 __DUMMY__ 0.007122814234076055	false	1.0
korruption	neg 1.0	neg 1.0	neg 0.7553868383655274 off 0.24122627705400376 __DUMMY__ 0.0033868845804687956	false	1.0
â			neg 0.5350424551297108 off 0.4577917748917584 __DUMMY__ 0.007165769978530897	false	0.0
schmutzig	neg 1.0		neg 0.5251462672139027 off 0.46774248201834084 __DUMMY__ 0.0071112507677565055	false	1.0
sexy	neg 1.0		neg 0.5283835804979151 off 0.4644974317172324 __DUMMY__ 0.0071189877848523925	false	1.0
abraten	neg 1.0		neg 0.5296826150743095 off 0.46318508140679043 __DUMMY__ 0.0071323035189000345	false	1.0
schwarz	neg 1.0		neg 0.5314172483479206 off 0.46146673758789525 __DUMMY__ 0.007116014064184144	false	1.0
fotze	off 1.0		neg 0.5366394972177528 off 0.45621344043138046 __DUMMY__ 0.007147062350866604	false	0.5
verwirren	neg 1.0		neg 0.5285664384736108 off 0.4643095659311199 __DUMMY__ 0.007123995595269244	false	1.0
zahnlos	off 1.0		neg 0.5358511381506694 off 0.45702518732120917 __DUMMY__ 0.007123674528121485	false	0.5
verheeren	neg 1.0		neg 0.5154656794827959 off 0.47747398534945173 __DUMMY__ 0.007060335167752276	false	1.0
hippie	neg 1.0		neg 0.5293711254953264 off 0.4635148795440943 __DUMMY__ 0.007113994960579391	false	1.0
rammen	neg 1.0		neg 0.5312399551457047 off 0.46163038212354185 __DUMMY__ 0.007129662730753544	false	1.0
unlauter	neg 1.0		neg 0.5354216781802801 off 0.45751089478019935 __DUMMY__ 0.007067427039520511	false	1.0
unheilvoll	neg 1.0		neg 0.5274267219919612 off 0.46541202693363115 __DUMMY__ 0.007161251074407665	false	1.0
niedrig	neg 1.0		neg 0.5366242883332036 off 0.456209079149697 __DUMMY__ 0.0071666325170992844	false	1.0
explosion	neg 1.0		neg 0.5302345043898639 off 0.4626548354499165 __DUMMY__ 0.007110660160219642	false	1.0
weichei	off 1.0		neg 0.5206288226851278 off 0.47231309767853563 __DUMMY__ 0.007058079636336582	false	0.5
minusmensch	off 1.0		neg 0.5201232621750259 off 0.4728912544510039 __DUMMY__ 0.0069854833739703024	false	0.5
farblos	neg 1.0		neg 0.5297156488240264 off 0.46308153213398767 __DUMMY__ 0.007202819041985902	false	1.0
unwissend	neg 1.0	neg 1.0	neg 0.7497020896091854 off 0.2469186142639537 __DUMMY__ 0.0033792961268609817	false	1.0
traurig	neg 1.0		neg 0.5224897797866572 off 0.47041197239619226 __DUMMY__ 0.007098247817150414	false	1.0
senkung	neg 1.0		neg 0.5311784683149796 off 0.4617353624543462 __DUMMY__ 0.007086169230674135	false	1.0
ungleich	neg 1.0	neg 1.0	neg 0.7559685287401137 off 0.24063902827211228 __DUMMY__ 0.003392442987774025	false	1.0
heikel	neg 1.0		neg 0.5386590862216373 off 0.45420138373022073 __DUMMY__ 0.007139530048141941	false	1.0
drosselung	neg 1.0		neg 0.5251198926218783 off 0.46777045417897395 __DUMMY__ 0.007109653199147751	false	1.0
falsch	neg 1.0		neg 0.5274029797138662 off 0.46547989557680264 __DUMMY__ 0.007117124709331229	false	1.0
unzufriedenheit	neg 1.0		neg 0.5394218032795498 off 0.4534365486606354 __DUMMY__ 0.007141648059814957	false	1.0
kurz	neg 1.0		neg 0.5312606460167856 off 0.46155046497787966 __DUMMY__ 0.0071888890053346845	false	1.0
unsinnig	neg 1.0		neg 0.5360807330182277 off 0.4568120158796795 __DUMMY__ 0.007107251102092765	false	1.0
penner	off 1.0	off 1.0	off 0.7217282948211978 neg 0.2749126974177441 __DUMMY__ 0.003359007761058078	false	1.0
seicht	neg 1.0		neg 0.5196407186481519 off 0.47334832427067625 __DUMMY__ 0.007010957081171779	false	1.0
dummheit	off 1.0	off 1.0	off 0.7149931162041971 neg 0.2816276860375885 __DUMMY__ 0.0033791977582143364	false	1.0
unerfreulich	neg 1.0		neg 0.5381692488945758 off 0.4546611777877894 __DUMMY__ 0.007169573317634637	false	1.0
motherfucker	off 1.0	off 1.0	off 0.7175148624987285 neg 0.27911607987782733 __DUMMY__ 0.0033690576234442055	false	1.0
pikiert	neg 1.0		neg 0.5286539354429004 off 0.4642804088671202 __DUMMY__ 0.007065655689979375	false	1.0
wrack	neg 1.0		neg 0.533605593502398 off 0.45918974399186746 __DUMMY__ 0.007204662505734475	false	1.0
gangster	neg 1.0		neg 0.5292212075611638 off 0.4636538966057868 __DUMMY__ 0.007124895833049422	false	1.0
krank	neg 1.0		neg 0.5235325204943426 off 0.4693477877871266 __DUMMY__ 0.007119691718530842	false	1.0
reich	neg 1.0		neg 0.5292547941820646 off 0.4636625283401056 __DUMMY__ 0.007082677477829857	false	1.0
gnadenlos	neg 1.0		neg 0.5313047659350199 off 0.46156439548919986 __DUMMY__ 0.007130838575780193	false	1.0
niedergeschlagen	neg 1.0		neg 0.5321678559407469 off 0.46066448264727056 __DUMMY__ 0.007167661411982613	false	1.0
terrorisieren	off 1.0	off 1.0	off 0.7120996552940013 neg 0.2844913211283972 __DUMMY__ 0.003409023577601494	false	1.0
sinnlosigkeit	neg 1.0		neg 0.5353765404802328 off 0.45749472445868633 __DUMMY__ 0.0071287350610809465	false	1.0
behindern	neg 1.0		neg 0.5338238610031396 off 0.45904971570897385 __DUMMY__ 0.007126423287886451	false	1.0
undemokratisch	neg 1.0		neg 0.534229952206696 off 0.458685666940689 __DUMMY__ 0.00708438085261477	false	1.0
wirtschaftskrise	neg 1.0		neg 0.5377528507897945 off 0.4551275566695197 __DUMMY__ 0.007119592540685822	false	1.0
neid	neg 1.0		neg 0.5248972152570083 off 0.46795597810900164 __DUMMY__ 0.0071468066339899616	false	1.0
rutschen	neg 1.0	neg 1.0	neg 0.7536676765683645 off 0.24286066161473072 __DUMMY__ 0.0034716618169048077	false	1.0
rezession	neg 1.0		neg 0.5247086902191422 off 0.4682489648989429 __DUMMY__ 0.0070423448819149255	false	1.0
fehlgeburt	neg 1.0		neg 0.5281867274463545 off 0.46465823494202974 __DUMMY__ 0.007155037611615881	false	1.0
charakterschwach	off 1.0		neg 0.5263810472962116 off 0.4665309922348268 __DUMMY__ 0.007087960468961559	false	0.5
isolation	neg 1.0		neg 0.5265284297130882 off 0.4663329362408986 __DUMMY__ 0.007138634046013204	false	1.0
ablenkung	neg 1.0		neg 0.5312182085271195 off 0.46163697457179026 __DUMMY__ 0.0071448169010902875	false	1.0
pech	neg 1.0		neg 0.5266124285262443 off 0.46625171768337703 __DUMMY__ 0.007135853790378721	false	1.0
vermeidung	neg 1.0		neg 0.5264536538798765 off 0.4664664625818307 __DUMMY__ 0.0070798835382927874	false	1.0
dominieren	neg 1.0		neg 0.5338481865430437 off 0.45896352664459145 __DUMMY__ 0.00718828681236499	false	1.0
schwindlig	neg 1.0		neg 0.5262142051286347 off 0.4666094957691448 __DUMMY__ 0.00717629910222056	false	1.0
lutscher	neg 1.0		neg 0.5179396612121144 off 0.4750372961202005 __DUMMY__ 0.007023042667685155	false	1.0
pflicht	neg 1.0		neg 0.538601654891075 off 0.4542531321672749 __DUMMY__ 0.007145212941650188	false	1.0
faschist	off 1.0		neg 0.5323030104353945 off 0.4606304061867167 __DUMMY__ 0.00706658337788869	false	0.5
verschleudern	neg 1.0		neg 0.540742321275903 off 0.4521725376469983 __DUMMY__ 0.007085141077098626	false	1.0
wenn			neg 0.5271995053070664 off 0.4656849031206015 __DUMMY__ 0.0071155915723321	false	0.0
ehebruch	neg 1.0		neg 0.5374599024126041 off 0.45541754016829106 __DUMMY__ 0.007122557419104829	false	1.0
spott	off 1.0		neg 0.538463674689471 off 0.4544185754145858 __DUMMY__ 0.007117749895943139	false	0.5
trostlosigkeit	neg 1.0		neg 0.539240416136569 off 0.4535988856182806 __DUMMY__ 0.0071606982451504165	false	1.0
lutschen	neg 1.0		neg 0.5306234029031381 off 0.4622742480180126 __DUMMY__ 0.0071023490788491225	false	1.0
undiszipliniert	neg 1.0		neg 0.5235355244479062 off 0.46936421003567497 __DUMMY__ 0.007100265516418873	false	1.0
kopfschmerz	neg 1.0		neg 0.5318186380312357 off 0.46100765445186 __DUMMY__ 0.007173707516904197	false	1.0
unvorhergesehen	neg 1.0		neg 0.5321355725161537 off 0.4606418459126278 __DUMMY__ 0.007222581571218536	false	1.0
desinteressiert	neg 1.0		neg 0.52495382090808 off 0.4679664414631263 __DUMMY__ 0.007079737628793664	false	1.0
armselig	off 1.0		neg 0.5258313571369654 off 0.46712578162806095 __DUMMY__ 0.007042861234973666	false	0.5
desaster	neg 1.0		neg 0.5412570748561136 off 0.4515880614485694 __DUMMY__ 0.007154863695317008	false	1.0
tod	neg 1.0		neg 0.5339510935383911 off 0.4588675059070673 __DUMMY__ 0.0071814005545416445	false	1.0
herzlos	neg 1.0		neg 0.5235618746210853 off 0.46936888505222624 __DUMMY__ 0.007069240326688528	false	1.0
unwissenheit	neg 1.0		neg 0.5375669534440198 off 0.45533577322648777 __DUMMY__ 0.0070972733294923495	false	1.0
widersinnig	neg 1.0	neg 1.0	neg 0.7553083420143636 off 0.24131640076200866 __DUMMY__ 0.0033752572236276945	false	1.0
bedenklich	neg 1.0		neg 0.5374345087619635 off 0.4554381014760653 __DUMMY__ 0.007127389761971306	false	1.0
beanstanden	neg 1.0		neg 0.5384273458246919 off 0.4544105433510674 __DUMMY__ 0.007162110824240822	false	1.0
panisch	neg 1.0	neg 1.0	neg 0.7485483333572117 off 0.24801840923423094 __DUMMY__ 0.003433257408557405	false	1.0
debil	off 1.0		neg 0.5428066428728291 off 0.44999338592104865 __DUMMY__ 0.007199971206122168	false	0.5
abstrich	neg 1.0		neg 0.5357281023524316 off 0.45713190132264625 __DUMMY__ 0.007139996324922055	false	1.0
primitiv	neg 1.0		neg 0.5265024790289405 off 0.4664300715755664 __DUMMY__ 0.007067449395493117	false	1.0
abschaum	off 1.0	off 1.0	off 0.7162568735223344 neg 0.28036886284696677 __DUMMY__ 0.0033742636306987785	false	1.0
provozieren	neg 1.0		neg 0.5325700822678544 off 0.46031692961376597 __DUMMY__ 0.0071129881183797095	false	1.0
tot	neg 1.0		neg 0.5358587864219501 off 0.4569824799354416 __DUMMY__ 0.007158733642608337	false	1.0
instabil	neg 1.0		neg 0.5274268288140112 off 0.4655193490524292 __DUMMY__ 0.00705382213355963	false	1.0
schwuchtel	off 1.0		neg 0.5137327310785678 off 0.4792762118445824 __DUMMY__ 0.0069910570768497845	false	0.5
zerren	neg 1.0		neg 0.5318607361462901 off 0.4609676428708094 __DUMMY__ 0.0071716209829004035	false	1.0
kinderficker	off 1.0		neg 0.523737747844365 off 0.46924021435383617 __DUMMY__ 0.0070220378017988	false	0.5
gefahr	neg 1.0		neg 0.5378968619092557 off 0.45493829277340775 __DUMMY__ 0.007164845317336695	false	1.0
rabiat	neg 1.0		neg 0.5334057191979094 off 0.4594805685293157 __DUMMY__ 0.007113712272775084	false	1.0
verlangsamung	neg 1.0		neg 0.5208777818820601 off 0.4720916009621413 __DUMMY__ 0.007030617155798562	false	1.0
ausgestorben	neg 1.0		neg 0.5318646857283299 off 0.4609799693468441 __DUMMY__ 0.007155344924826145	false	1.0
anklagen	neg 1.0		neg 0.5353823335020464 off 0.45749418316685303 __DUMMY__ 0.007123483331100468	false	1.0
trott	neg 1.0		neg 0.5319962624596334 off 0.46084994292680287 __DUMMY__ 0.007153794613563633	false	1.0
verminderung	neg 1.0		neg 0.5255803681381014 off 0.46734323480787154 __DUMMY__ 0.007076397054026989	false	1.0
nach			neg 0.5362328612015598 off 0.4564891164989502 __DUMMY__ 0.007278022299490079	false	0.0
rost	neg 1.0		neg 0.522171017071334 off 0.4707916031984983 __DUMMY__ 0.0070373797301678765	false	1.0
destruktiv	neg 1.0		neg 0.5355465864049138 off 0.45736508113580127 __DUMMY__ 0.007088332459284856	false	1.0
unzumutbarkeit	neg 1.0		neg 0.5255275932795554 off 0.46733616195762206 __DUMMY__ 0.007136244762822474	false	1.0
labil	off 1.0	off 1.0	off 0.7165430154887727 neg 0.2800765086283689 __DUMMY__ 0.003380475882858428	false	1.0
ziemlich	neg 1.0		neg 0.5244753654539435 off 0.46840158943081894 __DUMMY__ 0.0071230451152376525	false	1.0
lachnummer	off 1.0		neg 0.5335586809513299 off 0.45932302725558294 __DUMMY__ 0.007118291793087121	false	0.5
oder			neg 0.5297725102072944 off 0.4630586743496691 __DUMMY__ 0.0071688154430364194	false	0.0
verfall	neg 1.0		neg 0.5434410378736767 off 0.44938824367410163 __DUMMY__ 0.007170718452221713	false	1.0
ausgrenzung	neg 1.0		neg 0.533802004012902 off 0.45912297554788495 __DUMMY__ 0.0070750204392131515	false	1.0
unordnung	neg 1.0		neg 0.5244840724140923 off 0.4683809412737414 __DUMMY__ 0.007134986312166191	false	1.0
fehlverhalten	neg 1.0		neg 0.5387143805259319 off 0.4541492507130023 __DUMMY__ 0.007136368761065805	false	1.0
eine			neg 0.5375667160518177 off 0.4552637786110179 __DUMMY__ 0.007169505337164377	false	0.0
nille	neg 1.0		neg 0.5333857035345422 off 0.4594700082305814 __DUMMY__ 0.007144288234876629	false	1.0
qual	neg 1.0		neg 0.5326692979692312 off 0.46018363224606273 __DUMMY__ 0.007147069784706065	false	1.0
verschwenden	neg 1.0		neg 0.5362814951307242 off 0.4565834240355506 __DUMMY__ 0.0071350808337251196	false	1.0
riesig	neg 1.0	neg 1.0	neg 0.753168910935564 off 0.2434003060931272 __DUMMY__ 0.0034307829713086783	false	1.0
verurteilen	neg 1.0		neg 0.5366746572290126 off 0.45621196362059446 __DUMMY__ 0.00711337915039276	false	1.0
klischee	neg 1.0	neg 1.0	neg 0.7511721678444582 off 0.2454526265352231 __DUMMY__ 0.003375205620318747	false	1.0
diktatorisch	neg 1.0		neg 0.5350530044290635 off 0.45788904444940914 __DUMMY__ 0.007057951121527303	false	1.0
vorhersehbar	neg 1.0	neg 1.0	neg 0.7511841088703812 off 0.245431969660854 __DUMMY__ 0.003383921468764816	false	1.0
sowie			neg 0.5220100124143142 off 0.47093818613335214 __DUMMY__ 0.007051801452333649	false	0.0
stornieren	neg 1.0		neg 0.5269668953793172 off 0.46582523818724825 __DUMMY__ 0.007207866433434359	false	1.0
besteuerung	neg 1.0		neg 0.5340614604706421 off 0.4588515447285808 __DUMMY__ 0.007086994800777151	false	1.0
ungeschminkt	neg 1.0		neg 0.5260468568349859 off 0.4668645681248068 __DUMMY__ 0.007088575040207384	false	1.0
kritisch	neg 1.0		neg 0.5374192349201665 off 0.45544788615269677 __DUMMY__ 0.00713287892713664	false	1.0
schlamperei	off 1.0		neg 0.5388341538337489 off 0.45403280951598246 __DUMMY__ 0.007133036650268629	false	0.5
sucht	neg 1.0	neg 1.0	neg 0.751512557614833 off 0.24506921277348612 __DUMMY__ 0.003418229611680846	false	1.0
egoistisch	off 1.0		neg 0.5205815719390285 off 0.4723553309335312 __DUMMY__ 0.007063097127440197	false	0.5
ausbeuter	off 1.0		neg 0.5400743089544442 off 0.4528098834847365 __DUMMY__ 0.007115807560819288	false	0.5
arschgeburt	off 1.0		neg 0.5143593101526025 off 0.4786625507567908 __DUMMY__ 0.00697813909060664	false	0.5
schubs	neg 1.0	neg 1.0	neg 0.7520575301214022 off 0.24450804227859022 __DUMMY__ 0.00343442760000757	false	1.0
unsolide	neg 1.0		neg 0.5362149110032914 off 0.45676152166101036 __DUMMY__ 0.0070235673356983455	false	1.0
beschwerde	neg 1.0		neg 0.5384505328666627 off 0.45441520205347224 __DUMMY__ 0.007134265079865157	false	1.0
stocken	neg 1.0		neg 0.5369723766515515 off 0.4558812585994056 __DUMMY__ 0.007146364749042778	false	1.0
isolieren	neg 1.0		neg 0.5367740518609353 off 0.4561030293518842 __DUMMY__ 0.007122918787180515	false	1.0
unheilbar	neg 1.0		neg 0.5315195906470725 off 0.46134298491830567 __DUMMY__ 0.007137424434621835	false	1.0
pisser	off 1.0		neg 0.5244389532861204 off 0.46846566845495197 __DUMMY__ 0.0070953782589276496	false	0.5
löschen	neg 1.0		neg 0.5324384301717149 off 0.4604256903188674 __DUMMY__ 0.007135879509417863	false	1.0
durchfallen	neg 1.0		neg 0.5364568621323264 off 0.456426317663902 __DUMMY__ 0.0071168202037715945	false	1.0
wichser	off 1.0		neg 0.5156605399307062 off 0.4773046597938509 __DUMMY__ 0.007034800275442868	false	0.5
terror	neg 1.0		neg 0.5275043028240892 off 0.4653446550816662 __DUMMY__ 0.0071510420942444055	false	1.0
krass	neg 1.0		neg 0.5221545283834405 off 0.4707660358891308 __DUMMY__ 0.007079435727428843	false	1.0
revolte	neg 1.0		neg 0.5325076763158704 off 0.46041018384078014 __DUMMY__ 0.007082139843349391	false	1.0
besorgt	neg 1.0		neg 0.5323058971708776 off 0.46051042925687363 __DUMMY__ 0.007183673572248784	false	1.0
nachlassen	neg 1.0		neg 0.5373369408173382 off 0.4555161222769494 __DUMMY__ 0.007146936905712394	false	1.0
alt	neg 1.0		neg 0.5352170116828974 off 0.45762724051300213 __DUMMY__ 0.007155747804100642	false	1.0
hundesohn	off 1.0		neg 0.5190696818511618 off 0.47391380370389113 __DUMMY__ 0.007016514444947064	false	0.5
als			neg 0.5324149095196372 off 0.4604091563764902 __DUMMY__ 0.007175934103872679	false	0.0
abschreckung	neg 1.0		neg 0.5398356672116353 off 0.45301276328586215 __DUMMY__ 0.007151569502502541	false	1.0
unqualifiziert	neg 1.0		neg 0.5318263136154673 off 0.461111514616022 __DUMMY__ 0.007062171768510606	false	1.0
abgewichst	off 1.0		neg 0.5338458561794032 off 0.4590036821531347 __DUMMY__ 0.00715046166746217	false	0.5
schwer	neg 1.0		neg 0.5317914548315393 off 0.4610636052491239 __DUMMY__ 0.007144939919336911	false	1.0
bedeutungslosigkeit	neg 1.0		neg 0.5389069835776202 off 0.453947650114614 __DUMMY__ 0.007145366307765789	false	1.0
kapitulation	neg 1.0		neg 0.5397369657840028 off 0.4531650755997714 __DUMMY__ 0.007097958616225804	false	1.0
unscharf	neg 1.0		neg 0.5289336895306644 off 0.4639368938674122 __DUMMY__ 0.0071294166019232625	false	1.0
schwinden	neg 1.0		neg 0.539113359716995 off 0.45374265470201636 __DUMMY__ 0.007143985580988554	false	1.0
versklavung	neg 1.0		neg 0.5357569005181652 off 0.4571886746069073 __DUMMY__ 0.00705442487492755	false	1.0
schlecht	neg 1.0		neg 0.5243073724908776 off 0.46856819747609163 __DUMMY__ 0.007124430033030974	false	1.0
verhasst	neg 1.0		neg 0.5321554735298493 off 0.46073334095199364 __DUMMY__ 0.007111185518157142	false	1.0
beschweren	neg 1.0		neg 0.530038154396791 off 0.4628346907521129 __DUMMY__ 0.00712715485109606	false	1.0
scheiden	neg 1.0		neg 0.5272025256363995 off 0.4655850186778697 __DUMMY__ 0.007212455685730746	false	1.0
frustriert	neg 1.0		neg 0.5330008120620879 off 0.4598497257980603 __DUMMY__ 0.007149462139851795	false	1.0
schimmelig	neg 1.0		neg 0.5348927034819924 off 0.45793151288331013 __DUMMY__ 0.007175783634697413	false	1.0
fisch	neg 1.0		neg 0.5331910046984508 off 0.4595733997790453 __DUMMY__ 0.007235595522503975	false	1.0
schmuggel	neg 1.0		neg 0.5360426749709559 off 0.4567618685648367 __DUMMY__ 0.007195456464207467	false	1.0
auffallen	neg 1.0		neg 0.5286059455307799 off 0.46425913667059376 __DUMMY__ 0.007134917798626292	false	1.0
konkurrenz	neg 1.0	neg 1.0	neg 0.7554201678709231 off 0.24114888407772656 __DUMMY__ 0.0034309480513503524	false	1.0
teufelskreis	neg 1.0	neg 1.0	neg 0.7533746221555706 off 0.24323146874225315 __DUMMY__ 0.003393909102176205	false	1.0
aufschreien	neg 1.0		neg 0.5306127127553218 off 0.46228356208889965 __DUMMY__ 0.007103725155778573	false	1.0
schuldner	neg 1.0		neg 0.5382629887069983 off 0.45458402943723486 __DUMMY__ 0.007152981855766943	false	1.0
missgeburt	off 1.0	off 1.0	off 0.7200928132219935 neg 0.2765441929723373 __DUMMY__ 0.0033629938056692773	false	1.0
arbeitslos	neg 1.0		neg 0.5359127674103471 off 0.4569663858322127 __DUMMY__ 0.007120846757440126	false	1.0
befallen	neg 1.0		neg 0.5371189102935844 off 0.4557884595868736 __DUMMY__ 0.007092630119542013	false	1.0
miesepetrig	off 1.0	off 1.0	off 0.7184347222334704 neg 0.2781688930663709 __DUMMY__ 0.003396384700158785	false	1.0
alarmieren	neg 1.0		neg 0.5293908547301954 off 0.463530504473898 __DUMMY__ 0.007078640795906649	false	1.0
ungeduscht	off 1.0		neg 0.5264704916442052 off 0.46638817617873124 __DUMMY__ 0.00714133217706354	false	0.5
knappheit	neg 1.0		neg 0.5389475741679404 off 0.45394480180591923 __DUMMY__ 0.00710762402614029	false	1.0
schlange	neg 1.0		neg 0.5270372027177656 off 0.46578244416562414 __DUMMY__ 0.0071803531166103034	false	1.0
harsch	neg 1.0		neg 0.5194067638301824 off 0.4734768736056306 __DUMMY__ 0.007116362564187041	false	1.0
lang	neg 1.0		neg 0.531632060411725 off 0.4612285942459209 __DUMMY__ 0.007139345342354173	false	1.0
ziellos	neg 1.0		neg 0.5331888201598481 off 0.45963318256010544 __DUMMY__ 0.007177997280046401	false	1.0
selbstverliebt	neg 1.0		neg 0.5170191942386546 off 0.4759903340280664 __DUMMY__ 0.006990471733279043	false	1.0
beseitigen	neg 1.0	neg 1.0	neg 0.7517825855102009 off 0.24479118735550856 __DUMMY__ 0.0034262271342904854	false	1.0
dumm	off 1.0		neg 0.5200561696467051 off 0.47289583619303943 __DUMMY__ 0.007047994160255638	false	0.5
arbeitsloser	neg 1.0		neg 0.5351267528570948 off 0.45771709353561185 __DUMMY__ 0.00715615360729335	false	1.0
blitzen	neg 1.0		neg 0.5289500816205597 off 0.46393267508085767 __DUMMY__ 0.0071172432985826175	false	1.0
hilflos	neg 1.0		neg 0.5338420568486868 off 0.45901195947650986 __DUMMY__ 0.007145983674803288	false	1.0
eklig	off 1.0		neg 0.5190290930058502 off 0.47392120497696455 __DUMMY__ 0.007049702017185338	false	0.5
begriff			neg 0.5350697336834411 off 0.4578147704712058 __DUMMY__ 0.0071154958453532235	false	0.0
hungersnot	neg 1.0		neg 0.5346871117791338 off 0.4581749057722157 __DUMMY__ 0.007137982448650681	false	1.0
ungesetzlich	neg 1.0		neg 0.5356924739454454 off 0.45727695862205636 __DUMMY__ 0.0070305674324982895	false	1.0
verschwendung	neg 1.0		neg 0.5374259469326108 off 0.45542796214657416 __DUMMY__ 0.007146090920815169	false	1.0
schmerzvoll	neg 1.0		neg 0.5297309504768934 off 0.46313567887435775 __DUMMY__ 0.007133370648748767	false	1.0
vorzeitig	neg 1.0		neg 0.5273635515426874 off 0.4654920240013223 __DUMMY__ 0.007144424455990402	false	1.0
unvollkommenheit	neg 1.0		neg 0.5324239240829437 off 0.46038562574128755 __DUMMY__ 0.007190450175768748	false	1.0
intervenieren	neg 1.0		neg 0.5396003923222091 off 0.4532828998018108 __DUMMY__ 0.007116707875980082	false	1.0
banause	off 1.0		neg 0.5178296271595597 off 0.47514905326760537 __DUMMY__ 0.007021319572834887	false	0.5
rebell	neg 1.0		neg 0.5400299462200275 off 0.45279204069873386 __DUMMY__ 0.00717801308123864	false	1.0
unlogisch	neg 1.0		neg 0.5231492031333107 off 0.4697677821469131 __DUMMY__ 0.007083014719776182	false	1.0
leiden	neg 1.0		neg 0.5328539435619096 off 0.4599109688900669 __DUMMY__ 0.007235087548023545	false	1.0
abschaffung	neg 1.0		neg 0.5338456177941654 off 0.4590578109089504 __DUMMY__ 0.007096571296884056	false	1.0
sturz	neg 1.0		neg 0.5310958043680415 off 0.4617471127021189 __DUMMY__ 0.007157082929839582	false	1.0
verkleinerung	neg 1.0		neg 0.531855722702087 off 0.46107482672051264 __DUMMY__ 0.007069450577400275	false	1.0
schmarotzer	off 1.0		neg 0.5369696271685419 off 0.45592432215007533 __DUMMY__ 0.007106050681382805	false	0.5
bestrafung	neg 1.0		neg 0.5316474594779886 off 0.46123957098966767 __DUMMY__ 0.0071129695323436225	false	1.0
achtlos	neg 1.0		neg 0.530921876032543 off 0.46191667084345533 __DUMMY__ 0.007161453124001545	false	1.0
