unsolidarisch	neg 1.0		__DUMMY__ 0.8759037698352666 neg 0.06970600388639779 off 0.054390226278335556	false	1.0
nachteilig	neg 1.0		__DUMMY__ 0.8837381670423636 neg 0.06568592170530824 off 0.05057591125232819	false	1.0
skeptisch	neg 1.0		__DUMMY__ 0.8848423359363459 neg 0.0651462115314652 off 0.05001145253218894	false	1.0
schrecklich	neg 1.0		__DUMMY__ 0.8795998477807794 off 0.06284657693448006 neg 0.057553575284740525	false	0.5
schlapp	neg 1.0		__DUMMY__ 0.8831615691869613 off 0.05849709514833506 neg 0.058341335664703696	false	0.5
abfall	neg 1.0		__DUMMY__ 0.8855775238875391 neg 0.06689254504552528 off 0.047529931066935545	false	1.0
widerspenstig	neg 1.0		__DUMMY__ 0.8833836455986065 neg 0.06258562401683142 off 0.05403073038456204	false	1.0
abrupt	neg 1.0		__DUMMY__ 0.8885750648944932 neg 0.061401250640815176 off 0.050023684464691624	false	1.0
unwirksam	neg 1.0		__DUMMY__ 0.8794593351141442 neg 0.06649644277555564 off 0.054044222110300105	false	1.0
angreifen	neg 1.0	neg 1.0	neg 0.5200096639584995 __DUMMY__ 0.44185298959976715 off 0.03813734644173337	false	1.0
inkonsistent	neg 1.0		__DUMMY__ 0.8839201666265701 neg 0.06134233931118144 off 0.0547374940622484	false	1.0
abrutschen	neg 1.0		__DUMMY__ 0.8859492342076448 neg 0.06616938426207027 off 0.04788138153028486	false	1.0
unsicher	neg 1.0		__DUMMY__ 0.884325211626436 neg 0.06123294248443597 off 0.05444184588912805	false	1.0
bauernkind	off 1.0	off 1.0	off 0.5172650853448352 __DUMMY__ 0.436018587770328 neg 0.046716326884836804	false	1.0
angreifer	neg 1.0		__DUMMY__ 0.8851458669775445 neg 0.05934739665578191 off 0.05550673636667361	false	1.0
trennen	neg 1.0		__DUMMY__ 0.8900965885448711 neg 0.059328068431846404 off 0.05057534302328253	false	1.0
schmutz	neg 1.0		__DUMMY__ 0.8894226697362424 off 0.05543152807914035 neg 0.055145802184617225	false	0.5
inkonsistenz	neg 1.0		__DUMMY__ 0.8784045516977306 neg 0.06345284349591146 off 0.058142604806357946	false	1.0
erschreckend	neg 1.0		__DUMMY__ 0.8823034290775278 neg 0.06418945416082894 off 0.05350711676164329	false	1.0
ertrinken	neg 1.0		__DUMMY__ 0.8862516353855897 neg 0.06252762981317567 off 0.05122073480123453	false	1.0
pickelface	off 1.0		__DUMMY__ 0.8837750077999382 neg 0.06376241434612522 off 0.05246257785393656	false	0.5
seiner			__DUMMY__ 0.8863620007448582 neg 0.06329425898862137 off 0.05034374026652044	false	0.0
lauch	neg 1.0		__DUMMY__ 0.8845881344257027 neg 0.06770719386254294 off 0.047704671711754375	false	1.0
unwichtig	neg 1.0		__DUMMY__ 0.8801509843234158 neg 0.06119338769402345 off 0.058655627982560764	false	1.0
steuerhinterziehung	neg 1.0		__DUMMY__ 0.880813176620377 neg 0.06631792503201091 off 0.05286889834761209	false	1.0
schock	neg 1.0		__DUMMY__ 0.887483316442578 neg 0.059015865253380165 off 0.053500818304041776	false	1.0
beule	neg 1.0		__DUMMY__ 0.8837881390153595 off 0.05867725450203066 neg 0.05753460648260986	false	0.5
vergelten	neg 1.0		__DUMMY__ 0.8835675609059529 off 0.06169684529545885 neg 0.0547355937985883	false	0.5
verdorbenheit	neg 1.0		__DUMMY__ 0.8860844889480013 neg 0.06046044946942973 off 0.0534550615825691	false	1.0
trauma	neg 1.0		__DUMMY__ 0.8827086075292224 neg 0.06209452597496665 off 0.05519686649581092	false	1.0
sinnlos	neg 1.0		__DUMMY__ 0.8836394774101942 neg 0.05989174956067577 off 0.05646877302912989	false	1.0
fettsack	off 1.0	off 1.0	off 0.5185517436594269 __DUMMY__ 0.4376031123046586 neg 0.04384514403591448	false	1.0
feige	off 1.0	off 1.0	off 0.515033599675442 __DUMMY__ 0.437550679639649 neg 0.047415720684908895	false	1.0
abdanken	neg 1.0		__DUMMY__ 0.8812012164602825 neg 0.06498577063039651 off 0.053813012909320876	false	1.0
wichtigtuer	off 1.0	off 1.0	off 0.5129791681705538 __DUMMY__ 0.43915832211601863 neg 0.04786250971342754	false	1.0
misslingen	neg 1.0		__DUMMY__ 0.8887441284559573 neg 0.05640905165610132 off 0.054846819887941364	false	1.0
untreu	off 1.0		__DUMMY__ 0.8790078524252037 neg 0.06128648916784306 off 0.059705658406953174	false	0.5
missmutig	neg 1.0		__DUMMY__ 0.8811323342594805 neg 0.06031510892872661 off 0.05855255681179297	false	1.0
hurenbock	off 1.0		__DUMMY__ 0.8851914112193283 neg 0.05962163898662102 off 0.055186949794050665	false	0.5
betrunken	neg 1.0		__DUMMY__ 0.8833829456525861 off 0.06078937497822194 neg 0.05582767936919195	false	0.5
korrupt	off 1.0		__DUMMY__ 0.8780577976901676 neg 0.06956528512662909 off 0.05237691718320339	false	0.5
unmut	neg 1.0		__DUMMY__ 0.8853940234461208 neg 0.06678865437318413 off 0.047817322180695114	false	1.0
hackfresse	off 1.0		__DUMMY__ 0.8763168454393911 off 0.06588994726476366 neg 0.05779320729584517	false	1.0
aufblasen	neg 1.0		__DUMMY__ 0.8854348442397234 neg 0.05917059958288402 off 0.05539455617739263	false	1.0
gewaltsam	neg 1.0		__DUMMY__ 0.8841654178124164 neg 0.06233739935201371 off 0.05349718283556995	false	1.0
unbeliebtheit	neg 1.0		__DUMMY__ 0.8739835732126503 neg 0.06771830519866301 off 0.05829812158868668	false	1.0
sturheit	neg 1.0		__DUMMY__ 0.8814224300537037 neg 0.06498983245559428 off 0.053587737490702024	false	1.0
kuh	neg 1.0		__DUMMY__ 0.8816474922698622 neg 0.06404452030391929 off 0.05430798742621847	false	1.0
erschrecken	neg 1.0		__DUMMY__ 0.8825639169344645 neg 0.05945332379245134 off 0.05798275927308416	false	1.0
opfer	neg 1.0		__DUMMY__ 0.8850366367880369 neg 0.06355198922067107 off 0.05141137399129204	false	1.0
sinken	neg 1.0		__DUMMY__ 0.8867961993913741 neg 0.06505827599418398 off 0.04814552461444186	false	1.0
stinktier	neg 1.0		__DUMMY__ 0.8774364284334707 off 0.06323909219638778 neg 0.059324479370141514	false	0.5
tucke	off 1.0		__DUMMY__ 0.8722363297924703 off 0.06616545671021525 neg 0.06159821349731437	false	1.0
ein			__DUMMY__ 0.8859683348913 neg 0.05929376919831914 off 0.054737895910380856	false	0.0
abstieg	neg 1.0		__DUMMY__ 0.8882403540621379 neg 0.061187926083384754 off 0.05057171985447744	false	1.0
missverstehen	neg 1.0		__DUMMY__ 0.8801750156150133 neg 0.06309005813491485 off 0.05673492625007185	false	1.0
ergebnislos	neg 1.0		__DUMMY__ 0.8851977475386659 neg 0.06427643653826386 off 0.05052581592307031	false	1.0
unter			__DUMMY__ 0.894031755117168 neg 0.06223601435966097 off 0.043732230523171	false	0.0
manipulieren	neg 1.0		__DUMMY__ 0.8837631777158931 neg 0.066143827087888 off 0.05009299519621888	false	1.0
unbewiesen	neg 1.0		__DUMMY__ 0.8748436939980281 neg 0.07048939252210569 off 0.05466691347986622	false	1.0
verschleppen	neg 1.0		__DUMMY__ 0.8838907004884712 neg 0.06411118015747339 off 0.0519981193540554	false	1.0
weib	off 1.0		__DUMMY__ 0.8762725285936944 off 0.06585425658711509 neg 0.05787321481919045	false	1.0
opposition	neg 1.0		__DUMMY__ 0.8804016741782797 neg 0.06395216378580951 off 0.05564616203591072	false	1.0
verkehrswidrig	neg 1.0	neg 1.0	neg 0.50766993748435 __DUMMY__ 0.4457012225611961 off 0.04662883995445387	false	1.0
inkorrekt	neg 1.0		__DUMMY__ 0.8751385765188553 neg 0.0639336059047763 off 0.06092781757636849	false	1.0
vermeiden	neg 1.0		__DUMMY__ 0.8891265706984841 neg 0.06522312736899996 off 0.045650301932515965	false	1.0
abweichung	neg 1.0		__DUMMY__ 0.884621107533348 neg 0.06453326578699682 off 0.0508456266796552	false	1.0
alkoholisiert	neg 1.0		__DUMMY__ 0.8933139416060476 neg 0.057266547155612954 off 0.04941951123833941	false	1.0
scheiss	off 1.0	off 1.0	off 0.5146801958405721 __DUMMY__ 0.44096925032514345 neg 0.04435055383428448	false	1.0
herausforderung	neg 1.0	neg 1.0	neg 0.5127541505560669 __DUMMY__ 0.4493282956381422 off 0.03791755380579094	false	1.0
pervers	off 1.0		__DUMMY__ 0.8750296603948491 off 0.06869260070784697 neg 0.05627773889730399	false	1.0
wackelig	neg 1.0		__DUMMY__ 0.8895345442995088 neg 0.05861758640653099 off 0.051847869293960125	false	1.0
verwickeln	neg 1.0		__DUMMY__ 0.8798340728632187 neg 0.06349883365547783 off 0.056667093481303506	false	1.0
vorwand	neg 1.0		__DUMMY__ 0.8848492325167494 neg 0.06577315139170205 off 0.0493776160915486	false	1.0
muschi	off 1.0		__DUMMY__ 0.8839855285156503 neg 0.0630817647049232 off 0.0529327067794265	false	0.5
entmutigung	neg 1.0		__DUMMY__ 0.8790356191717935 neg 0.06516270333975158 off 0.055801677488454875	false	1.0
unangemessen	neg 1.0		__DUMMY__ 0.8819069835643233 neg 0.06528510924570685 off 0.05280790718996984	false	1.0
unstetig	neg 1.0		__DUMMY__ 0.8860257931106219 neg 0.05918097295210655 off 0.054793233937271604	false	1.0
entmutigen	neg 1.0		__DUMMY__ 0.8827430061992889 neg 0.06171332495462184 off 0.05554366884608931	false	1.0
schwanz	neg 1.0		__DUMMY__ 0.8863937386578751 neg 0.06365163625059338 off 0.04995462509153146	false	1.0
verbot	neg 1.0		__DUMMY__ 0.8812917928921479 neg 0.06657991404968348 off 0.0521282930581687	false	1.0
leid	neg 1.0		__DUMMY__ 0.8790590411780788 off 0.06375533506135325 neg 0.05718562376056798	false	0.5
archaisch	neg 1.0		__DUMMY__ 0.8835090779557759 neg 0.06399013684608568 off 0.05250078519813839	false	1.0
gegen			__DUMMY__ 0.8879006753503351 neg 0.06316805387346758 off 0.04893127077619722	false	0.0
scheidung	neg 1.0		__DUMMY__ 0.8754835043171996 off 0.07198784788558059 neg 0.05252864779721991	false	0.5
einschlag	neg 1.0	neg 1.0	neg 0.5127942635177445 __DUMMY__ 0.44062398743945275 off 0.046581749042802816	false	1.0
m			__DUMMY__ 0.8863297557911677 neg 0.061458625837094105 off 0.05221161837173819	false	0.0
abgestanden	neg 1.0		__DUMMY__ 0.8862285933665134 neg 0.05950214249769136 off 0.05426926413579531	false	1.0
schmierig	off 1.0		__DUMMY__ 0.879490855201266 off 0.06333827606414676 neg 0.05717086873458713	false	1.0
unpraktisch	neg 1.0		__DUMMY__ 0.8869842390317256 neg 0.05809424453988611 off 0.054921516428388197	false	1.0
wixxer	off 1.0		__DUMMY__ 0.8743501917118428 off 0.06849116438782253 neg 0.057158643900334614	false	1.0
bezeichnet			__DUMMY__ 0.8819723799679052 neg 0.06399223252642473 off 0.054035387505670024	false	0.0
jammerlappen	off 1.0		__DUMMY__ 0.8803678961075965 neg 0.06084515796735307 off 0.05878694592505037	false	0.5
farce	neg 1.0		__DUMMY__ 0.8802269924643961 neg 0.06698619670762904 off 0.05278681082797491	false	1.0
zwecklos	neg 1.0		__DUMMY__ 0.8820403072080868 neg 0.06524104279811171 off 0.0527186499938014	false	1.0
turbulent	neg 1.0		__DUMMY__ 0.8796717129088344 neg 0.061338729762645004 off 0.058989557328520646	false	1.0
invasion	neg 1.0		__DUMMY__ 0.8837467455673179 neg 0.05975794312544044 off 0.05649531130724172	false	1.0
schuld	neg 1.0		__DUMMY__ 0.8821737857610181 neg 0.06258873716760623 off 0.05523747707137572	false	1.0
risiko	neg 1.0		__DUMMY__ 0.8853131536519804 neg 0.06019957285163415 off 0.05448727349638556	false	1.0
finster	neg 1.0		__DUMMY__ 0.884895769957247 neg 0.060466740193033046 off 0.054637489849720104	false	1.0
geisteskrank	off 1.0		__DUMMY__ 0.8775261104588877 neg 0.06210395647188177 off 0.06036993306923053	false	0.5
zusammenbrechen	neg 1.0		__DUMMY__ 0.8849686374045899 neg 0.061912986531371395 off 0.05311837606403868	false	1.0
ausbeute	neg 1.0		__DUMMY__ 0.8907075559281601 neg 0.059550562595464124 off 0.04974188147637577	false	1.0
hinterhalt	neg 1.0		__DUMMY__ 0.8875436217966746 neg 0.06010515452807871 off 0.05235122367524674	false	1.0
kritik	neg 1.0		__DUMMY__ 0.8806568878768077 neg 0.0666809825603735 off 0.052662129562818745	false	1.0
einschrumpfen	neg 1.0		__DUMMY__ 0.8786018756619924 neg 0.06439922405051345 off 0.0569989002874941	false	1.0
riskant	neg 1.0		__DUMMY__ 0.88341346974047 neg 0.06537928740221004 off 0.05120724285732	false	1.0
frustrieren	neg 1.0		__DUMMY__ 0.8843064575729972 neg 0.0643532845661309 off 0.05134025786087193	false	1.0
groll	neg 1.0		__DUMMY__ 0.88364457209019 neg 0.06387741361900634 off 0.052478014290803704	false	1.0
gibt			__DUMMY__ 0.8841007561836819 neg 0.06302245834334283 off 0.05287678547297521	false	0.0
qualvoll	neg 1.0		__DUMMY__ 0.8835790312233065 neg 0.05921543489289024 off 0.05720553388380319	false	1.0
wackeln	neg 1.0	neg 1.0	neg 0.514038561282197 __DUMMY__ 0.4444015607758714 off 0.04155987794193151	false	1.0
klagen	neg 1.0		__DUMMY__ 0.8862770401226533 neg 0.06547292968805743 off 0.04825003018928933	false	1.0
bankrott	neg 1.0		__DUMMY__ 0.8824895769005862 neg 0.05989163572268197 off 0.05761878737673189	false	1.0
trauern	neg 1.0		__DUMMY__ 0.886857515025469 neg 0.06197716859739179 off 0.0511653163771393	false	1.0
ablehnung	neg 1.0		__DUMMY__ 0.8809134874655079 neg 0.06632647977426896 off 0.05276003276022309	false	1.0
stur	neg 1.0		__DUMMY__ 0.8814416145616102 neg 0.0628006785342215 off 0.05575770690416828	false	1.0
aufruhr	neg 1.0		__DUMMY__ 0.8841208798947536 neg 0.06237762662440288 off 0.053501493480843515	false	1.0
melancholie	neg 1.0		__DUMMY__ 0.8869824952871082 neg 0.06127290093181159 off 0.051744603781080194	false	1.0
ist			__DUMMY__ 0.8831740481698465 neg 0.0608836283241236 off 0.055942323506029935	false	0.0
torheit	neg 1.0		__DUMMY__ 0.8795371364171986 neg 0.06531501313600262 off 0.05514785044679883	false	1.0
dreckskind	off 1.0		__DUMMY__ 0.8764704885840008 off 0.06452885368578234 neg 0.05900065773021683	false	1.0
umtauschen	neg 1.0		__DUMMY__ 0.8857147924272336 neg 0.060813200534682234 off 0.05347200703808411	false	1.0
zum			__DUMMY__ 0.8952988846916958 neg 0.05893775516224707 off 0.04576336014605698	false	0.0
zersetzen	neg 1.0		__DUMMY__ 0.8824018542889996 neg 0.06763386145470503 off 0.049964284256295344	false	1.0
zur			__DUMMY__ 0.8910301960548491 neg 0.0635721011320583 off 0.04539770281309251	false	0.0
frust	neg 1.0		__DUMMY__ 0.8850879625794312 neg 0.06187846428045572 off 0.053033573140113054	false	1.0
unerbittlichkeit	neg 1.0		__DUMMY__ 0.8834173045103773 neg 0.06649434671869672 off 0.050088348770925974	false	1.0
zwei			__DUMMY__ 0.8927782670629878 neg 0.05953921494894232 off 0.047682517988069856	false	0.0
unkorrekt	neg 1.0		__DUMMY__ 0.8753705617339935 neg 0.06330458475234951 off 0.061324853513656886	false	1.0
hexe	off 1.0		__DUMMY__ 0.881258742994333 neg 0.05970174803701783 off 0.05903950896864921	false	0.5
lasch	neg 1.0		__DUMMY__ 0.8787861108303014 neg 0.06343444614350277 off 0.057779443026195865	false	1.0
rivale	neg 1.0		__DUMMY__ 0.8808150297106339 off 0.061002469087431455 neg 0.058182501201934675	false	0.5
mutlos	off 1.0	off 1.0	off 0.5088643731603845 __DUMMY__ 0.4399599702983583 neg 0.0511756565412571	false	1.0
wirr	off 1.0		__DUMMY__ 0.8759126124695134 neg 0.06262080409956397 off 0.061466583430922636	false	0.5
jahr			__DUMMY__ 0.8919347631183865 neg 0.058852093385573 off 0.04921314349604057	false	0.0
wird			__DUMMY__ 0.8857335602690257 neg 0.06270904510932727 off 0.05155739462164703	false	0.0
strafbar	neg 1.0		__DUMMY__ 0.8827916993483088 neg 0.06583966052788169 off 0.05136864012380952	false	1.0
erosion	neg 1.0		__DUMMY__ 0.8849072993227599 neg 0.06038080173952299 off 0.05471189893771718	false	1.0
eingehen	neg 1.0		__DUMMY__ 0.8817234673114422 neg 0.06614058353008681 off 0.05213594915847087	false	1.0
faul	off 1.0		__DUMMY__ 0.8838289018929859 neg 0.05842153142905094 off 0.05774956667796313	false	0.5
provisorium	neg 1.0		__DUMMY__ 0.8919811093401515 neg 0.06465958857765892 off 0.04335930208218966	false	1.0
schmerzen	neg 1.0		__DUMMY__ 0.8846397040642727 neg 0.06155771901683858 off 0.053802576918888755	false	1.0
schrumpfen	neg 1.0		__DUMMY__ 0.8864241332384202 neg 0.06779972902213587 off 0.04577613773944404	false	1.0
geistlos	off 1.0		__DUMMY__ 0.8752691878163191 neg 0.06786964714228452 off 0.05686116504139643	false	0.5
fehlkauf	neg 1.0		__DUMMY__ 0.8816182515026905 neg 0.06251804050475399 off 0.055863707992555516	false	1.0
frustrierend	neg 1.0		__DUMMY__ 0.8837263452430404 neg 0.05835113801514648 off 0.05792251674181306	false	1.0
unzufrieden	neg 1.0		__DUMMY__ 0.8824982055693741 neg 0.0648691019076526 off 0.05263269252297344	false	1.0
verzweifeln	neg 1.0		__DUMMY__ 0.8839404514276666 neg 0.062055797043337094 off 0.0540037515289963	false	1.0
verzweifelt	neg 1.0		__DUMMY__ 0.8818698745789874 neg 0.0623258387531657 off 0.055804286667846995	false	1.0
misstrauensantrag	neg 1.0		__DUMMY__ 0.8813725334520918 neg 0.06242161286976016 off 0.05620585367814804	false	1.0
abfallen	neg 1.0		__DUMMY__ 0.886389685159682 neg 0.05844511834668742 off 0.05516519649363064	false	1.0
fucker	off 1.0		__DUMMY__ 0.8786528756597296 off 0.06078569021843522 neg 0.06056143412183523	false	1.0
ungezogen	neg 1.0		__DUMMY__ 0.8772753640785466 off 0.0671332074137284 neg 0.05559142850772512	false	0.5
irrsinnig	neg 1.0	neg 1.0	neg 0.517736292234737 __DUMMY__ 0.44020447742837776 off 0.04205923033688517	false	1.0
unfassbar	neg 1.0		__DUMMY__ 0.880265336661991 neg 0.06033456314336848 off 0.05940010019464051	false	1.0
hart	neg 1.0		__DUMMY__ 0.8825446186041644 neg 0.06025652163580675 off 0.057198859760028795	false	1.0
widerlich	off 1.0		__DUMMY__ 0.8776422071440431 neg 0.06212698902285007 off 0.06023080383310687	false	0.5
fatal	neg 1.0		__DUMMY__ 0.8818421303035044 neg 0.061965352901012086 off 0.05619251679548343	false	1.0
bruch	neg 1.0		__DUMMY__ 0.8853366581382879 neg 0.06622487035218139 off 0.04843847150953081	false	1.0
aushungern	neg 1.0		__DUMMY__ 0.8800757550299482 neg 0.06630314593707386 off 0.05362109903297807	false	1.0
anspannung	neg 1.0	neg 1.0	neg 0.5152958793137332 __DUMMY__ 0.44973498628056247 off 0.03496913440570437	false	1.0
von			__DUMMY__ 0.8917213761409933 neg 0.05964595602129652 off 0.04863266783771024	false	0.0
kraftlos	neg 1.0		__DUMMY__ 0.8874486290189001 neg 0.060165640086006944 off 0.05238573089509289	false	1.0
vom			__DUMMY__ 0.8953690345117916 neg 0.06075911175630508 off 0.04387185373190332	false	0.0
grenzdebil	off 1.0		__DUMMY__ 0.8804691114274772 off 0.060240968952947845 neg 0.059289919619575075	false	1.0
vor			__DUMMY__ 0.8875023258673187 neg 0.06315679683855657 off 0.04934087729412464	false	0.0
unterwerfen	neg 1.0		__DUMMY__ 0.8839890837287627 neg 0.06489300333389748 off 0.05111791293733984	false	1.0
versenkung	neg 1.0		__DUMMY__ 0.8844653071034534 neg 0.06457187336815295 off 0.05096281952839368	false	1.0
entziehen	neg 1.0		__DUMMY__ 0.8856031531753675 neg 0.06559809973166818 off 0.04879874709296425	false	1.0
finanzkrise	neg 1.0		__DUMMY__ 0.8800558697589647 neg 0.06654460121543958 off 0.05339952902559582	false	1.0
schimpfend	neg 1.0		__DUMMY__ 0.8870614229367821 neg 0.05812871141755929 off 0.05480986564565861	false	1.0
profan	neg 1.0		__DUMMY__ 0.8823125080530778 neg 0.06079501270808603 off 0.05689247923883618	false	1.0
korruption	neg 1.0	neg 1.0	neg 0.5208958712555221 __DUMMY__ 0.43968046230517793 off 0.039423666439300106	false	1.0
â			__DUMMY__ 0.8857841350198585 neg 0.06297884833079297 off 0.051237016649348446	false	0.0
schmutzig	neg 1.0		__DUMMY__ 0.8813729157000734 off 0.05969215161795089 neg 0.058934932681975735	false	0.5
sexy	neg 1.0		__DUMMY__ 0.8818659573262331 neg 0.060670316947925004 off 0.05746372572584186	false	1.0
abraten	neg 1.0		__DUMMY__ 0.8831298002163198 neg 0.060932552773990505 off 0.055937647009689645	false	1.0
schwarz	neg 1.0		__DUMMY__ 0.8816518448197294 neg 0.06272786044000639 off 0.055620294740264274	false	1.0
fotze	off 1.0		__DUMMY__ 0.8844829887018624 neg 0.064544681857391 off 0.05097232944074665	false	0.5
verwirren	neg 1.0		__DUMMY__ 0.8823459288708088 neg 0.06049941779944642 off 0.05715465332974482	false	1.0
zahnlos	off 1.0		__DUMMY__ 0.8822881566377349 neg 0.06504816853114771 off 0.05266367483111742	false	0.5
verheeren	neg 1.0		__DUMMY__ 0.8775006430602187 off 0.0681531219662594 neg 0.054346234973521874	false	0.5
hippie	neg 1.0		__DUMMY__ 0.8814118889790394 neg 0.06150975503825285 off 0.057078355982707746	false	1.0
rammen	neg 1.0		__DUMMY__ 0.8833566241793027 neg 0.06208428086657551 off 0.0545590949541217	false	1.0
unlauter	neg 1.0		__DUMMY__ 0.8779648459275528 neg 0.06722963217545418 off 0.05480552189699314	false	1.0
unheilvoll	neg 1.0		__DUMMY__ 0.8859030728374355 neg 0.05797107415698565 off 0.056125853005578825	false	1.0
niedrig	neg 1.0		__DUMMY__ 0.8864221550645411 neg 0.06356385018432997 off 0.05001399475112885	false	1.0
explosion	neg 1.0		__DUMMY__ 0.8813091237716373 neg 0.0622068016414635 off 0.05648407458689926	false	1.0
weichei	off 1.0		__DUMMY__ 0.8771234836808783 off 0.06449290729662195 neg 0.058383609022499706	false	1.0
minusmensch	off 1.0		__DUMMY__ 0.8710336352508496 off 0.06822014341405375 neg 0.060746221335096495	false	1.0
farblos	neg 1.0		__DUMMY__ 0.8898507358809943 neg 0.05728433921008715 off 0.052864924908918635	false	1.0
unwissend	neg 1.0	neg 1.0	neg 0.5164671466125494 __DUMMY__ 0.438666569223673 off 0.04486628416377752	false	1.0
traurig	neg 1.0		__DUMMY__ 0.8803865183263004 off 0.06194131032831025 neg 0.05767217134538927	false	0.5
senkung	neg 1.0		__DUMMY__ 0.8794647243130836 neg 0.06388763943243611 off 0.05664763625448023	false	1.0
ungleich	neg 1.0	neg 1.0	neg 0.5212362791254616 __DUMMY__ 0.44023096740807566 off 0.03853275346646277	false	1.0
heikel	neg 1.0		__DUMMY__ 0.8836498241832652 neg 0.06623249334840572 off 0.050117682468329004	false	1.0
drosselung	neg 1.0		__DUMMY__ 0.8815668513076692 off 0.05962017953813022 neg 0.05881296915420055	false	0.5
falsch	neg 1.0		__DUMMY__ 0.8819156772130228 neg 0.05998858714920554 off 0.058095735637771664	false	1.0
unzufriedenheit	neg 1.0		__DUMMY__ 0.8838420110743117 neg 0.06648733518535002 off 0.049670653740338196	false	1.0
kurz	neg 1.0		__DUMMY__ 0.887746566518668 neg 0.05953110875134948 off 0.05272232472998249	false	1.0
unsinnig	neg 1.0		__DUMMY__ 0.8809464209856758 neg 0.06600015780001621 off 0.05305342121430801	false	1.0
penner	off 1.0	off 1.0	off 0.5203790155812902 __DUMMY__ 0.4362830562598486 neg 0.043337928158861345	false	1.0
seicht	neg 1.0		__DUMMY__ 0.8732230068364261 off 0.06727556294024033 neg 0.059501430223333526	false	0.5
dummheit	off 1.0	off 1.0	off 0.5132022857452739 __DUMMY__ 0.43863042097973837 neg 0.048167293274987755	false	1.0
unerfreulich	neg 1.0		__DUMMY__ 0.8861866945168014 neg 0.06465286692667606 off 0.04916043855652248	false	1.0
motherfucker	off 1.0	off 1.0	off 0.5161483308452031 __DUMMY__ 0.43732355855691357 neg 0.04652811059788334	false	1.0
pikiert	neg 1.0		__DUMMY__ 0.8776499637692936 neg 0.06309235549336063 off 0.05925768073734567	false	1.0
wrack	neg 1.0		__DUMMY__ 0.8898074161167565 neg 0.059812980858605945 off 0.050379603024637606	false	1.0
gangster	neg 1.0		__DUMMY__ 0.8823822107521808 neg 0.060934436370453086 off 0.05668335287736604	false	1.0
krank	neg 1.0		__DUMMY__ 0.8822494094373218 off 0.06025121780960655 neg 0.057499372753071765	false	0.5
reich	neg 1.0		__DUMMY__ 0.8795483074859411 neg 0.062469565725511725 off 0.057982126788547146	false	1.0
gnadenlos	neg 1.0		__DUMMY__ 0.8827967159964636 neg 0.06194146714328058 off 0.055261816860255844	false	1.0
niedergeschlagen	neg 1.0		__DUMMY__ 0.8860467701356208 neg 0.0608740238965396 off 0.05307920596783964	false	1.0
terrorisieren	off 1.0	off 1.0	off 0.5091084242414128 __DUMMY__ 0.4421492744902167 neg 0.048742301268370564	false	1.0
sinnlosigkeit	neg 1.0		__DUMMY__ 0.8827017600114296 neg 0.06459650296553054 off 0.052701737023039784	false	1.0
behindern	neg 1.0		__DUMMY__ 0.8825470252114824 neg 0.06395979462810505 off 0.053493180160412476	false	1.0
undemokratisch	neg 1.0		__DUMMY__ 0.8793893704537844 neg 0.06530566151139339 off 0.055304968034822266	false	1.0
wirtschaftskrise	neg 1.0		__DUMMY__ 0.8822720186669093 neg 0.06626170575122892 off 0.05146627558186181	false	1.0
neid	neg 1.0		__DUMMY__ 0.8845700187922632 off 0.0584474387437414 neg 0.056982542463995464	false	0.5
rutschen	neg 1.0	neg 1.0	neg 0.5143231623428409 __DUMMY__ 0.4495827906234952 off 0.03609404703366384	false	1.0
rezession	neg 1.0		__DUMMY__ 0.8757606237558543 off 0.06279092578211061 neg 0.06144845046203503	false	0.5
fehlgeburt	neg 1.0		__DUMMY__ 0.8856993684042453 neg 0.05837581000325163 off 0.05592482159250311	false	1.0
charakterschwach	off 1.0		__DUMMY__ 0.879625225779094 neg 0.060363840023874196 off 0.06001093419703175	false	0.5
isolation	neg 1.0		__DUMMY__ 0.8836637058934409 neg 0.05853229145655424 off 0.05780400265000486	false	1.0
ablenkung	neg 1.0		__DUMMY__ 0.884009352858491 neg 0.06138518234518755 off 0.05460546479632144	false	1.0
pech	neg 1.0		__DUMMY__ 0.8837637249442293 neg 0.05883247886661598 off 0.057403796189154796	false	1.0
vermeidung	neg 1.0		__DUMMY__ 0.8788053223855381 neg 0.06125685918768381 off 0.05993781842677812	false	1.0
dominieren	neg 1.0		__DUMMY__ 0.888045855371326 neg 0.060724924941303424 off 0.05122921968737067	false	1.0
schwindlig	neg 1.0		__DUMMY__ 0.8871010332907341 neg 0.056770379009237926 off 0.05612858770002798	false	1.0
lutscher	neg 1.0		__DUMMY__ 0.8743507702210923 off 0.06770295594602907 neg 0.05794627383287865	false	0.5
pflicht	neg 1.0		__DUMMY__ 0.883990737240426 neg 0.06587578804808687 off 0.05013347471148705	false	1.0
faschist	off 1.0		__DUMMY__ 0.8779759419459482 neg 0.06480724156035549 off 0.057216816493696365	false	0.5
verschleudern	neg 1.0		__DUMMY__ 0.8793037886834284 neg 0.06993653800254915 off 0.05075967331402235	false	1.0
wenn			__DUMMY__ 0.8816430930878043 neg 0.0600428469616361 off 0.05831405995055964	false	0.0
ehebruch	neg 1.0		__DUMMY__ 0.8824714605131062 neg 0.06586778442671919 off 0.05166075506017451	false	1.0
spott	off 1.0		__DUMMY__ 0.8819942556619295 neg 0.06677426004100753 off 0.05123148429706304	false	0.5
trostlosigkeit	neg 1.0		__DUMMY__ 0.8856108069317994 neg 0.06549467757255713 off 0.048894515495643415	false	1.0
lutschen	neg 1.0		__DUMMY__ 0.8809122138404075 neg 0.06253594198911207 off 0.0565518441704803	false	1.0
undiszipliniert	neg 1.0		__DUMMY__ 0.8806405072389499 off 0.06111350444329191 neg 0.05824598831775808	false	0.5
kopfschmerz	neg 1.0		__DUMMY__ 0.8868501755785073 neg 0.060583684511884756 off 0.052566139909607984	false	1.0
unvorhergesehen	neg 1.0		__DUMMY__ 0.8908881757633109 neg 0.058504397953102756 off 0.0506074262835863	false	1.0
desinteressiert	neg 1.0		__DUMMY__ 0.8788352246451169 off 0.06108465327345542 neg 0.06008012208142763	false	0.5
armselig	off 1.0		__DUMMY__ 0.8757065897674223 neg 0.06225521025315768 off 0.06203819997941993	false	0.5
desaster	neg 1.0		__DUMMY__ 0.8849752314229538 neg 0.06703203297363655 off 0.04799273560340963	false	1.0
tod	neg 1.0		__DUMMY__ 0.887790590432235 neg 0.06102965030596843 off 0.05117975926179666	false	1.0
herzlos	neg 1.0		__DUMMY__ 0.8779313180576694 off 0.0623928920420069 neg 0.059675789900323684	false	0.5
unwissenheit	neg 1.0		__DUMMY__ 0.8802221629205358 neg 0.06726763160675138 off 0.052510205472712866	false	1.0
widersinnig	neg 1.0	neg 1.0	neg 0.52155292425028 __DUMMY__ 0.4382449218086412 off 0.04020215394107886	false	1.0
bedenklich	neg 1.0		__DUMMY__ 0.8826133330595823 neg 0.06596511824394687 off 0.05142154869647074	false	1.0
beanstanden	neg 1.0		__DUMMY__ 0.885588826571133 neg 0.06486565325799468 off 0.04954552017087234	false	1.0
panisch	neg 1.0	neg 1.0	neg 0.5119714013054076 __DUMMY__ 0.44514551135663377 off 0.04288308733795861	false	1.0
debil	off 1.0		__DUMMY__ 0.88892326326089 neg 0.06631111566842031 off 0.04476562107068961	false	0.5
abstrich	neg 1.0		__DUMMY__ 0.8846282847872774 neg 0.06467789560155136 off 0.05069381961117124	false	1.0
primitiv	neg 1.0		__DUMMY__ 0.8778114068676292 neg 0.061546092340628265 off 0.06064250079174246	false	1.0
abschaum	off 1.0	off 1.0	off 0.5147023655365006 __DUMMY__ 0.43812469761969375 neg 0.04717293684380556	false	1.0
provozieren	neg 1.0		__DUMMY__ 0.8814434486040426 neg 0.0634590779758009 off 0.0550974734201566	false	1.0
tot	neg 1.0		__DUMMY__ 0.8860287658555221 neg 0.06347181987151825 off 0.05049941427295956	false	1.0
instabil	neg 1.0		__DUMMY__ 0.8769066085087819 neg 0.06271198607132826 off 0.060381405419889754	false	1.0
schwuchtel	off 1.0		__DUMMY__ 0.8715822498862121 off 0.0720065191089641 neg 0.05641123100482374	false	1.0
zerren	neg 1.0		__DUMMY__ 0.886252135714529 neg 0.0604369646029524 off 0.05331089968251857	false	1.0
kinderficker	off 1.0		__DUMMY__ 0.8743060264167494 off 0.06427452603753604 neg 0.061419447545714635	false	1.0
gefahr	neg 1.0		__DUMMY__ 0.8859266226000749 neg 0.06425744041579348 off 0.04981593698413158	false	1.0
rabiat	neg 1.0		__DUMMY__ 0.8813716090058676 neg 0.06414444933549183 off 0.05448394165864048	false	1.0
verlangsamung	neg 1.0		__DUMMY__ 0.8749876522083767 off 0.06578422919672065 neg 0.05922811859490268	false	0.5
ausgestorben	neg 1.0		__DUMMY__ 0.8849532698654721 neg 0.06119898335148826 off 0.05384774678303959	false	1.0
anklagen	neg 1.0		__DUMMY__ 0.8826035770640611 neg 0.06443819165928005 off 0.05295823127665888	false	1.0
trott	neg 1.0		__DUMMY__ 0.8847757762944545 neg 0.06150685813758068 off 0.053717365567964886	false	1.0
verminderung	neg 1.0		__DUMMY__ 0.878557577661986 neg 0.06083616056823905 off 0.060606261769774974	false	1.0
nach			__DUMMY__ 0.8952305070976354 neg 0.05856776886866671 off 0.046201724033697905	false	0.0
rost	neg 1.0		__DUMMY__ 0.8757944118945382 off 0.06440581545221755 neg 0.059799772653244175	false	0.5
destruktiv	neg 1.0		__DUMMY__ 0.8795027358131556 neg 0.06637289911340906 off 0.054124365073435314	false	1.0
unzumutbarkeit	neg 1.0		__DUMMY__ 0.8838864738817711 off 0.05843550553225175 neg 0.057678020585977256	false	0.5
labil	off 1.0	off 1.0	off 0.514668147790883 __DUMMY__ 0.4386979098822666 neg 0.046633942326850426	false	1.0
ziemlich	neg 1.0		__DUMMY__ 0.8823698517697932 off 0.059732350815842494 neg 0.05789779741436429	false	0.5
lachnummer	off 1.0		__DUMMY__ 0.8818912416933193 neg 0.06364910363032159 off 0.054459654676359055	false	0.5
oder			__DUMMY__ 0.8861244497041871 neg 0.05943905875209224 off 0.05443649154372058	false	0.0
verfall	neg 1.0		__DUMMY__ 0.8863498423575953 neg 0.06787074791875493 off 0.04577940972364976	false	1.0
ausgrenzung	neg 1.0		__DUMMY__ 0.8786002315586704 neg 0.06548476134676441 off 0.055915007094565115	false	1.0
unordnung	neg 1.0		__DUMMY__ 0.8840678630615035 off 0.059087596789000225 neg 0.05684454014949624	false	0.5
fehlverhalten	neg 1.0		__DUMMY__ 0.8834627520194646 neg 0.0661266031326953 off 0.05041064484784007	false	1.0
eine			__DUMMY__ 0.8859872169331997 neg 0.06444422138536005 off 0.04956856168144018	false	0.0
nille	neg 1.0		__DUMMY__ 0.8841500896358047 neg 0.06244222583722856 off 0.05340768452696684	false	1.0
qual	neg 1.0		__DUMMY__ 0.8842134951709718 neg 0.06221603470225726 off 0.0535704701267709	false	1.0
verschwenden	neg 1.0		__DUMMY__ 0.8832146843707657 neg 0.06506886237004206 off 0.051716453259192184	false	1.0
riesig	neg 1.0	neg 1.0	neg 0.5161634782514833 __DUMMY__ 0.4450625616288909 off 0.03877396011962572	false	1.0
verurteilen	neg 1.0		__DUMMY__ 0.88166918584202 neg 0.06573879478489199 off 0.05259201937308804	false	1.0
klischee	neg 1.0	neg 1.0	neg 0.5181017558176666 __DUMMY__ 0.4380658596853729 off 0.043832384496960426	false	1.0
diktatorisch	neg 1.0		__DUMMY__ 0.87717992625538 neg 0.06699424478499534 off 0.055825828959624735	false	1.0
vorhersehbar	neg 1.0	neg 1.0	neg 0.51742286845851 __DUMMY__ 0.4391626710908116 off 0.043414460450678365	false	1.0
sowie			__DUMMY__ 0.8765695841361744 off 0.06412795372606135 neg 0.05930246213776437	false	0.0
stornieren	neg 1.0		__DUMMY__ 0.8898729744479209 neg 0.05531197558529304 off 0.05481504996678609	false	1.0
besteuerung	neg 1.0		__DUMMY__ 0.8795714055107724 neg 0.06571761367618754 off 0.054710980813040086	false	1.0
ungeschminkt	neg 1.0		__DUMMY__ 0.879841716284853 neg 0.060519263297876665 off 0.05963902041727035	false	1.0
kritisch	neg 1.0		__DUMMY__ 0.8831450970283412 neg 0.06552510590229282 off 0.051329797069365926	false	1.0
schlamperei	off 1.0		__DUMMY__ 0.8833662635511133 neg 0.06626283516962872 off 0.05037090127925805	false	0.5
sucht	neg 1.0	neg 1.0	neg 0.5155010146533028 __DUMMY__ 0.4436984665203488 off 0.04080051882634838	false	1.0
egoistisch	off 1.0		__DUMMY__ 0.8775766020843963 off 0.06458400286060366 neg 0.057839395055000124	false	1.0
ausbeuter	off 1.0		__DUMMY__ 0.8818012300541834 neg 0.06792897616364402 off 0.05026979378217265	false	0.5
arschgeburt	off 1.0		__DUMMY__ 0.8704555835976738 off 0.07227257531414592 neg 0.057271841088180224	false	1.0
schubs	neg 1.0	neg 1.0	neg 0.5151967854602442 __DUMMY__ 0.44547007823098766 off 0.03933313630876806	false	1.0
unsolide	neg 1.0		__DUMMY__ 0.8742441341287254 neg 0.06957781874675031 off 0.056178047124524254	false	1.0
beschwerde	neg 1.0		__DUMMY__ 0.8834690592934006 neg 0.0660649167034849 off 0.050466024003114486	false	1.0
stocken	neg 1.0		__DUMMY__ 0.8843334943868084 neg 0.06468717593308976 off 0.05097932968010188	false	1.0
isolieren	neg 1.0		__DUMMY__ 0.8825937260922453 neg 0.06543702549645641 off 0.051969248411298206	false	1.0
unheilbar	neg 1.0		__DUMMY__ 0.8836760400044339 neg 0.06144024449373867 off 0.05488371550182743	false	1.0
pisser	off 1.0		__DUMMY__ 0.8804398788789862 off 0.06086458870565571 neg 0.05869553241535797	false	1.0
löschen	neg 1.0		__DUMMY__ 0.8833334464171072 neg 0.062477861051646925 off 0.054188692531245794	false	1.0
durchfallen	neg 1.0		__DUMMY__ 0.8817136126623655 neg 0.0658429484845379 off 0.052443438853096526	false	1.0
wichser	off 1.0		__DUMMY__ 0.8751791214925052 off 0.06885795388161615 neg 0.055962924625878624	false	1.0
terror	neg 1.0		__DUMMY__ 0.8847218094664864 neg 0.05870959516173406 off 0.05656859537177951	false	1.0
krass	neg 1.0		__DUMMY__ 0.8790755655206399 off 0.06255723224230994 neg 0.058367202237050206	false	0.5
revolte	neg 1.0		__DUMMY__ 0.8791111832999361 neg 0.06448403503949568 off 0.05640478166056817	false	1.0
besorgt	neg 1.0		__DUMMY__ 0.8874199822483838 neg 0.06013129921834143 off 0.0524487185332748	false	1.0
nachlassen	neg 1.0		__DUMMY__ 0.8844598772958365 neg 0.06518868687428549 off 0.050351435829877965	false	1.0
alt	neg 1.0		__DUMMY__ 0.8856448859553351 neg 0.06339111043207753 off 0.05096400361258739	false	1.0
hundesohn	off 1.0		__DUMMY__ 0.8736833253813335 off 0.06776490127245638 neg 0.05855177334621009	false	1.0
als			__DUMMY__ 0.8867337840315881 neg 0.06055795539100404 off 0.052708260577407906	false	0.0
abschreckung	neg 1.0		__DUMMY__ 0.8848722276138545 neg 0.06606086749334064 off 0.0490669048928049	false	1.0
unqualifiziert	neg 1.0		__DUMMY__ 0.8773563067596624 neg 0.06506700285106223 off 0.05757669038927553	false	1.0
abgewichst	off 1.0		__DUMMY__ 0.8846709518490938 neg 0.062608406302464 off 0.05272064184844224	false	0.5
schwer	neg 1.0		__DUMMY__ 0.8839376149012563 neg 0.06174417635286295 off 0.05431820874588062	false	1.0
bedeutungslosigkeit	neg 1.0		__DUMMY__ 0.8842125342443966 neg 0.06589730288257334 off 0.049890162873030025	false	1.0
kapitulation	neg 1.0		__DUMMY__ 0.8803873782560105 neg 0.06845909323199509 off 0.05115352851199435	false	1.0
unscharf	neg 1.0		__DUMMY__ 0.883356022239778 neg 0.06064719863077586 off 0.055996779129446006	false	1.0
schwinden	neg 1.0		__DUMMY__ 0.8841855755261946 neg 0.06615588826455564 off 0.04965853620924977	false	1.0
versklavung	neg 1.0		__DUMMY__ 0.8767727567669811 neg 0.06786457703098976 off 0.055362666202029134	false	1.0
schlecht	neg 1.0		__DUMMY__ 0.8824484437830427 off 0.05988108439440639 neg 0.057670471822550945	false	0.5
verhasst	neg 1.0		__DUMMY__ 0.8813586397036651 neg 0.06320344236617843 off 0.055437917930156344	false	1.0
beschweren	neg 1.0		__DUMMY__ 0.8825502743829263 neg 0.06133288726566921 off 0.05611683835140435	false	1.0
scheiden	neg 1.0		__DUMMY__ 0.8904720523983503 neg 0.055257576147527444 off 0.05427037145412228	false	1.0
frustriert	neg 1.0		__DUMMY__ 0.8843622494506497 neg 0.06221323721302112 off 0.053424513336329076	false	1.0
schimmelig	neg 1.0		__DUMMY__ 0.8874050007491193 neg 0.06235446253533192 off 0.05024053671554872	false	1.0
fisch	neg 1.0		__DUMMY__ 0.8927420566531018 neg 0.05818140018826384 off 0.04907654315863435	false	1.0
schmuggel	neg 1.0		__DUMMY__ 0.8886718068444313 neg 0.06170031212887416 off 0.04962788102669462	false	1.0
auffallen	neg 1.0		__DUMMY__ 0.8832742312312158 neg 0.06003325063417187 off 0.05669251813461233	false	1.0
konkurrenz	neg 1.0	neg 1.0	neg 0.5182540494627171 __DUMMY__ 0.4446643494298086 off 0.03708160110747425	false	1.0
teufelskreis	neg 1.0	neg 1.0	neg 0.5189032746833431 __DUMMY__ 0.4402491125984788 off 0.04084761271817811	false	1.0
aufschreien	neg 1.0		__DUMMY__ 0.8807194126562782 neg 0.06268014718526199 off 0.05660044015845987	false	1.0
schuldner	neg 1.0		__DUMMY__ 0.8851408487559033 neg 0.06495824218008336 off 0.049900909064013475	false	1.0
missgeburt	off 1.0	off 1.0	off 0.5186650048315011 __DUMMY__ 0.4370199014185881 neg 0.044315093749910786	false	1.0
arbeitslos	neg 1.0		__DUMMY__ 0.8819630006438917 neg 0.06530243024678546 off 0.05273456910932288	false	1.0
befallen	neg 1.0		__DUMMY__ 0.880070784184391 neg 0.06712893052706566 off 0.05280028528854339	false	1.0
miesepetrig	off 1.0	off 1.0	off 0.5151146400040408 __DUMMY__ 0.44083480280292875 neg 0.04405055719303033	false	1.0
alarmieren	neg 1.0		__DUMMY__ 0.8787549483926707 neg 0.06263881669943219 off 0.05860623490789717	false	1.0
ungeduscht	off 1.0		__DUMMY__ 0.884321856375124 neg 0.058548192345345466 off 0.05712995127953059	false	0.5
knappheit	neg 1.0		__DUMMY__ 0.8813001769261303 neg 0.06768516806894553 off 0.05101465500492417	false	1.0
schlange	neg 1.0		__DUMMY__ 0.8870832788119177 neg 0.05703097641868821 off 0.05588574476939409	false	1.0
harsch	neg 1.0		__DUMMY__ 0.88189580979641 off 0.06329441505518175 neg 0.0548097751484083	false	0.5
lang	neg 1.0		__DUMMY__ 0.8835792095631135 neg 0.061834681001142054 off 0.054586109435744455	false	1.0
ziellos	neg 1.0		__DUMMY__ 0.8867431692683672 neg 0.061112014192645746 off 0.052144816538987185	false	1.0
selbstverliebt	neg 1.0		__DUMMY__ 0.8714197445737362 off 0.06976616488447174 neg 0.058814090541792104	false	0.5
beseitigen	neg 1.0	neg 1.0	neg 0.5150766602867898 __DUMMY__ 0.44445381983876325 off 0.04046951987444696	false	1.0
dumm	off 1.0		__DUMMY__ 0.8762552057447363 off 0.06543503764839569 neg 0.0583097566068681	false	1.0
arbeitsloser	neg 1.0		__DUMMY__ 0.8851350432430736 neg 0.06285374354666148 off 0.05201121321026502	false	1.0
blitzen	neg 1.0		__DUMMY__ 0.8819314951840126 neg 0.060843655382284666 off 0.057224849433702686	false	1.0
hilflos	neg 1.0		__DUMMY__ 0.8841496454617513 neg 0.06293052629375483 off 0.052919828244493816	false	1.0
eklig	off 1.0		__DUMMY__ 0.8764431605613178 off 0.06592852146034892 neg 0.057628317978333406	false	1.0
begriff			__DUMMY__ 0.8817676402926432 neg 0.06487010766116558 off 0.05336225204619128	false	0.0
hungersnot	neg 1.0		__DUMMY__ 0.8839409564385879 neg 0.06328946241987868 off 0.05276958114153336	false	1.0
ungesetzlich	neg 1.0		__DUMMY__ 0.8747237989044214 neg 0.06866913130085647 off 0.05660706979472205	false	1.0
verschwendung	neg 1.0		__DUMMY__ 0.8841396349625088 neg 0.06518287580257497 off 0.050677489234916266	false	1.0
schmerzvoll	neg 1.0		__DUMMY__ 0.8830999759042488 neg 0.060888956821061636 off 0.05601106727468955	false	1.0
vorzeitig	neg 1.0		__DUMMY__ 0.8844520080554983 neg 0.05848401982217591 off 0.05706397212232576	false	1.0
unvollkommenheit	neg 1.0		__DUMMY__ 0.888491956426823 neg 0.05958707836102815 off 0.051920965212148784	false	1.0
intervenieren	neg 1.0		__DUMMY__ 0.8819469624984199 neg 0.0675012146288817 off 0.05055182287269848	false	1.0
banause	off 1.0		__DUMMY__ 0.8741284344036705 off 0.06780242103389725 neg 0.0580691445624322	false	1.0
rebell	neg 1.0		__DUMMY__ 0.8873320083903069 neg 0.06538550081710964 off 0.04728249079258344	false	1.0
unlogisch	neg 1.0		__DUMMY__ 0.879151258423877 off 0.06211230290710148 neg 0.05873643866902142	false	0.5
leiden	neg 1.0		__DUMMY__ 0.8921352858854693 neg 0.05811080345473315 off 0.04975391065979756	false	1.0
abschaffung	neg 1.0		__DUMMY__ 0.8803897339643548 neg 0.06478121828585477 off 0.05482904774979034	false	1.0
sturz	neg 1.0		__DUMMY__ 0.8854208266159755 neg 0.06035704765161489 off 0.054222125732409615	false	1.0
verkleinerung	neg 1.0		__DUMMY__ 0.8781103135877099 neg 0.06478116173364658 off 0.05710852467864355	false	1.0
schmarotzer	off 1.0		__DUMMY__ 0.8809171293311877 neg 0.06647584992022972 off 0.05260702074858266	false	0.5
bestrafung	neg 1.0		__DUMMY__ 0.8815499830126043 neg 0.06272520949708771 off 0.05572480749030787	false	1.0
achtlos	neg 1.0		__DUMMY__ 0.8854433083899281 neg 0.06036433442049298 off 0.05419235718957886	false	1.0
ungeheuer	neg 1.0		__DUMMY__ 0.8843644448989344 neg 0.058556889267943946 off 0.057078665833121656	false	1.0
