unsolidarisch	neg 1.0		neg 0.5053638038828274 off 0.4271092381315281 __DUMMY__ 0.0675269579856444	false	1.0
nachteilig	neg 1.0		neg 0.5049871358845491 off 0.4266006799110996 __DUMMY__ 0.06841218420435119	false	1.0
skeptisch	neg 1.0		neg 0.5050191407301039 off 0.4264142816044605 __DUMMY__ 0.06856657766543561	false	1.0
schrecklich	neg 1.0		neg 0.48902031952139563 off 0.4430320162396339 __DUMMY__ 0.06794766423897035	false	1.0
schlapp	neg 1.0		neg 0.49257380645110765 off 0.4390853693469632 __DUMMY__ 0.06834082420192912	false	1.0
abfall	neg 1.0		neg 0.5080885048837408 off 0.42325783969841474 __DUMMY__ 0.06865365541784439	false	1.0
widerspenstig	neg 1.0		neg 0.4993655097336955 off 0.4322614418310967 __DUMMY__ 0.06837304843520783	false	1.0
abrupt	neg 1.0		neg 0.5017536546439617 off 0.4292977790464938 __DUMMY__ 0.06894856630954449	false	1.0
unwirksam	neg 1.0		neg 0.5025747240800679 off 0.4295055228413956 __DUMMY__ 0.06791975307853657	false	1.0
angreifen	neg 1.0	neg 1.0	neg 0.73980867971832 off 0.22745509824493385 __DUMMY__ 0.03273622203674619	false	1.0
inkonsistent	neg 1.0		neg 0.49805695694015373 off 0.43354085138624887 __DUMMY__ 0.06840219167359746	false	1.0
abrutschen	neg 1.0		neg 0.5072423032857137 off 0.4240479945228584 __DUMMY__ 0.06870970219142787	false	1.0
unsicher	neg 1.0		neg 0.4984268878490697 off 0.4330533302664906 __DUMMY__ 0.06851978188443969	false	1.0
bauernkind	off 1.0	off 1.0	off 0.7050942268518089 neg 0.2626802883315281 __DUMMY__ 0.032225484816662923	false	1.0
angreifer	neg 1.0		neg 0.49652343067179444 off 0.4349089514759966 __DUMMY__ 0.06856761785220884	false	1.0
trennen	neg 1.0		neg 0.4999534304726147 off 0.430875341674819 __DUMMY__ 0.06917122785256638	false	1.0
schmutz	neg 1.0		neg 0.4932297519692969 off 0.43777616513906553 __DUMMY__ 0.06899408289163765	false	1.0
inkonsistenz	neg 1.0		neg 0.4975771755925518 off 0.4346353241143084 __DUMMY__ 0.06778750029313967	false	1.0
erschreckend	neg 1.0		neg 0.5015462049575486 off 0.4301693858375286 __DUMMY__ 0.06828440920492283	false	1.0
ertrinken	neg 1.0		neg 0.5019034775055604 off 0.429361435398062 __DUMMY__ 0.06873508709637773	false	1.0
pickelface	off 1.0		neg 0.5019763268177324 off 0.42961469193167945 __DUMMY__ 0.0684089812505883	false	0.5
seiner			neg 0.5032669652403694 off 0.4279853651653757 __DUMMY__ 0.06874766959425482	false	0.0
lauch	neg 1.0		neg 0.5083579502653761 off 0.4231255171988809 __DUMMY__ 0.06851653253574289	false	1.0
unwichtig	neg 1.0		neg 0.49518214474445205 off 0.43679955059090253 __DUMMY__ 0.06801830466464538	false	1.0
steuerhinterziehung	neg 1.0		neg 0.5039563311280901 off 0.42797025361472 __DUMMY__ 0.06807341525718981	false	1.0
schock	neg 1.0		neg 0.4974134620007926 off 0.4337166548744545 __DUMMY__ 0.068869883124753	false	1.0
beule	neg 1.0		neg 0.4918344903535048 off 0.4397777466781069 __DUMMY__ 0.0683877629683883	false	1.0
vergelten	neg 1.0		neg 0.48859825793350026 off 0.44306009095460386 __DUMMY__ 0.06834165111189587	false	1.0
verdorbenheit	neg 1.0		neg 0.4980835271775166 off 0.4332390072949425 __DUMMY__ 0.06867746552754088	false	1.0
trauma	neg 1.0		neg 0.4984608487478113 off 0.43321043844897344 __DUMMY__ 0.06832871280321529	false	1.0
sinnlos	neg 1.0		neg 0.4959226203183707 off 0.4356513412171947 __DUMMY__ 0.06842603846443458	false	1.0
fettsack	off 1.0	off 1.0	off 0.7070201689062425 neg 0.26062220095373034 __DUMMY__ 0.032357630140027065	false	1.0
feige	off 1.0	off 1.0	off 0.702978358298081 neg 0.2646476200704073 __DUMMY__ 0.03237402163151163	false	1.0
abdanken	neg 1.0		neg 0.5025012202492202 off 0.42937873290568596 __DUMMY__ 0.06812004684509394	false	1.0
wichtigtuer	off 1.0	off 1.0	off 0.7014888529177778 neg 0.26600580426571174 __DUMMY__ 0.032505342816510505	false	1.0
misslingen	neg 1.0		neg 0.49465598088417556 off 0.43640981350241337 __DUMMY__ 0.06893420561341107	false	1.0
untreu	off 1.0		neg 0.4942720116328518 off 0.43782861294819386 __DUMMY__ 0.06789937541895442	false	0.5
missmutig	neg 1.0		neg 0.49438200235304425 off 0.4374911092402352 __DUMMY__ 0.06812688840672064	false	1.0
hurenbock	off 1.0		neg 0.49651195213823857 off 0.43494524439979226 __DUMMY__ 0.06854280346196909	false	0.5
betrunken	neg 1.0		neg 0.48912514920731165 off 0.44250865618511787 __DUMMY__ 0.0683661946075706	false	1.0
korrupt	off 1.0		neg 0.5068375649152901 off 0.42539080352022124 __DUMMY__ 0.06777163156448857	false	0.5
unmut	neg 1.0		neg 0.5080981294098094 off 0.4232784924479767 __DUMMY__ 0.06862337814221386	false	1.0
hackfresse	off 1.0		neg 0.48682824942932595 off 0.4456110472180984 __DUMMY__ 0.06756070335257564	false	0.5
aufblasen	neg 1.0		neg 0.495871504254088 off 0.435505102758226 __DUMMY__ 0.06862339298768602	false	1.0
gewaltsam	neg 1.0		neg 0.5002146323022522 off 0.4313281749754728 __DUMMY__ 0.06845719272227516	false	1.0
unbeliebtheit	neg 1.0		neg 0.5005724873613686 off 0.43214111082601625 __DUMMY__ 0.06728640181261528	false	1.0
sturheit	neg 1.0		neg 0.5024230895570778 off 0.4294126969193307 __DUMMY__ 0.06816421352359144	false	1.0
kuh	neg 1.0		neg 0.5001038259169247 off 0.43177526475301337 __DUMMY__ 0.06812090933006176	false	1.0
erschrecken	neg 1.0		neg 0.4941786439743782 off 0.4375163558091549 __DUMMY__ 0.06830500021646695	false	1.0
opfer	neg 1.0		neg 0.5028747657910783 off 0.4285463678219136 __DUMMY__ 0.06857886638700804	false	1.0
sinken	neg 1.0		neg 0.5063358419689467 off 0.42489962987694313 __DUMMY__ 0.06876452815411027	false	1.0
stinktier	neg 1.0		neg 0.4900816042958151 off 0.4422494167212275 __DUMMY__ 0.06766897898295751	false	1.0
tucke	off 1.0		neg 0.4892753055637333 off 0.44365502297409465 __DUMMY__ 0.06706967146217213	false	0.5
ein			neg 0.49638136202687316 off 0.43494697363551904 __DUMMY__ 0.06867166433760773	false	0.0
abstieg	neg 1.0		neg 0.5018074450236099 off 0.4292741429495322 __DUMMY__ 0.06891841202685804	false	1.0
missverstehen	neg 1.0		neg 0.4982178411544255 off 0.4337598945973925 __DUMMY__ 0.06802226424818185	false	1.0
ergebnislos	neg 1.0		neg 0.5040913830389674 off 0.4273198269315467 __DUMMY__ 0.06858879002948594	false	1.0
unter			neg 0.5073562244248829 off 0.4230300030127191 __DUMMY__ 0.06961377256239801	false	0.0
manipulieren	neg 1.0		neg 0.5059019353050926 off 0.42567197239437143 __DUMMY__ 0.06842609230053592	false	1.0
unbewiesen	neg 1.0		neg 0.5057824335927952 off 0.4268099922590143 __DUMMY__ 0.06740757414819051	false	1.0
verschleppen	neg 1.0		neg 0.5030725443189367 off 0.4285066599504786 __DUMMY__ 0.06842079573058484	false	1.0
weib	off 1.0		neg 0.4870095082250616 off 0.4454492148856844 __DUMMY__ 0.06754127688925401	false	0.5
opposition	neg 1.0		neg 0.49928281697579147 off 0.4326795870538397 __DUMMY__ 0.0680375959703689	false	1.0
verkehrswidrig	neg 1.0	neg 1.0	neg 0.7284862269960777 off 0.23851737440662568 __DUMMY__ 0.032996398597296604	false	1.0
inkorrekt	neg 1.0		neg 0.4958368535941754 off 0.4367450948516085 __DUMMY__ 0.06741805155421612	false	1.0
vermeiden	neg 1.0		neg 0.5081405049494878 off 0.42283378077189865 __DUMMY__ 0.06902571427861359	false	1.0
abweichung	neg 1.0		neg 0.5040218587589694 off 0.4274834737751425 __DUMMY__ 0.06849466746588805	false	1.0
alkoholisiert	neg 1.0		neg 0.49895276754350654 off 0.4316056156525403 __DUMMY__ 0.06944161680395301	false	1.0
scheiss	off 1.0	off 1.0	off 0.7046556369346163 neg 0.2627194036703985 __DUMMY__ 0.032624959394985276	false	1.0
herausforderung	neg 1.0	neg 1.0	neg 0.7361522983193156 off 0.23053530808753 __DUMMY__ 0.03331239359315446	false	1.0
pervers	off 1.0		neg 0.4836715057543712 off 0.448930632376538 __DUMMY__ 0.06739786186909079	false	0.5
wackelig	neg 1.0		neg 0.4980677890076756 off 0.4328447250815356 __DUMMY__ 0.06908748591078877	false	1.0
verwickeln	neg 1.0		neg 0.4985890451548568 off 0.43341982323315104 __DUMMY__ 0.06799113161199216	false	1.0
vorwand	neg 1.0		neg 0.5060596129441964 off 0.4253806122960566 __DUMMY__ 0.0685597747597469	false	1.0
muschi	off 1.0		neg 0.501186009170101 off 0.4303682115079857 __DUMMY__ 0.06844577932191312	false	0.5
entmutigung	neg 1.0		neg 0.5010249711933282 off 0.43111535358232317 __DUMMY__ 0.06785967522434849	false	1.0
unangemessen	neg 1.0		neg 0.503131478649909 off 0.42864866828224624 __DUMMY__ 0.06821985306784469	false	1.0
unstetig	neg 1.0		neg 0.49647272451966545 off 0.4349086197709468 __DUMMY__ 0.0686186557093877	false	1.0
entmutigen	neg 1.0		neg 0.4980475562013242 off 0.4336424844645591 __DUMMY__ 0.06830995933411681	false	1.0
schwanz	neg 1.0		neg 0.503640793681007 off 0.4276630846133635 __DUMMY__ 0.06869612170562943	false	1.0
verbot	neg 1.0		neg 0.504870209541018 off 0.4269966789257884 __DUMMY__ 0.06813311153319346	false	1.0
leid	neg 1.0		neg 0.4879814313070317 off 0.4441508102169354 __DUMMY__ 0.06786775847603302	false	1.0
archaisch	neg 1.0		neg 0.5021584989345546 off 0.4294476086976829 __DUMMY__ 0.06839389236776244	false	1.0
gegen			neg 0.5047323333875403 off 0.42635873086240755 __DUMMY__ 0.06890893575005223	false	0.0
scheidung	neg 1.0		neg 0.47902367789239775 off 0.4535438208374582 __DUMMY__ 0.06743250127014408	false	1.0
einschlag	neg 1.0	neg 1.0	neg 0.7313627044111195 off 0.23603562008405635 __DUMMY__ 0.03260167550482414	false	1.0
m			neg 0.5001499490439008 off 0.4311076836532139 __DUMMY__ 0.06874236730288527	false	0.0
abgestanden	neg 1.0		neg 0.49650673299301407 off 0.4348437720420597 __DUMMY__ 0.06864949496492638	false	1.0
schmierig	off 1.0		neg 0.48831869146235357 off 0.4437578276445784 __DUMMY__ 0.06792348089306793	false	0.5
unpraktisch	neg 1.0		neg 0.4952805758014981 off 0.4359369047810755 __DUMMY__ 0.06878251941742655	false	1.0
wixxer	off 1.0		neg 0.48446720639517354 off 0.4482134100206483 __DUMMY__ 0.06731938358417812	false	0.5
bezeichnet			neg 0.5010854035697639 off 0.4306859923795987 __DUMMY__ 0.06822860405063745	false	0.0
jammerlappen	off 1.0		neg 0.4947694991657646 off 0.4371792662598385 __DUMMY__ 0.06805123457439693	false	0.5
farce	neg 1.0		neg 0.504594024667106 off 0.4274004308949761 __DUMMY__ 0.06800554443791802	false	1.0
zwecklos	neg 1.0		neg 0.5030114210974422 off 0.428738486447879 __DUMMY__ 0.0682500924546788	false	1.0
turbulent	neg 1.0		neg 0.4950681740562109 off 0.4370368939161974 __DUMMY__ 0.06789493202759173	false	1.0
invasion	neg 1.0		neg 0.49573477257153437 off 0.4358285598223305 __DUMMY__ 0.0684366676061353	false	1.0
schuld	neg 1.0		neg 0.4989811552077873 off 0.4327548762617375 __DUMMY__ 0.06826396853047523	false	1.0
risiko	neg 1.0		neg 0.49793944738719054 off 0.43350316066196515 __DUMMY__ 0.06855739195084438	false	1.0
finster	neg 1.0		neg 0.4969048621147499 off 0.4345605345591426 __DUMMY__ 0.06853460332610739	false	1.0
geisteskrank	off 1.0		neg 0.49468357613101305 off 0.43760529534236864 __DUMMY__ 0.06771112852661819	false	0.5
zusammenbrechen	neg 1.0		neg 0.5000187023858095 off 0.4313852378279518 __DUMMY__ 0.06859605978623873	false	1.0
ausbeute	neg 1.0		neg 0.500386038760318 off 0.43043837520784334 __DUMMY__ 0.06917558603183865	false	1.0
hinterhalt	neg 1.0		neg 0.4991898000667917 off 0.43200120374903017 __DUMMY__ 0.06880899618417811	false	1.0
kritik	neg 1.0		neg 0.5045022989392374 off 0.42744077247037093 __DUMMY__ 0.06805692859039186	false	1.0
einschrumpfen	neg 1.0		neg 0.4988885839166006 off 0.43328669636054573 __DUMMY__ 0.0678247197228537	false	1.0
riskant	neg 1.0		neg 0.5041898475060811 off 0.42738847483673587 __DUMMY__ 0.06842167765718314	false	1.0
frustrieren	neg 1.0		neg 0.5033402369166413 off 0.42814997236101077 __DUMMY__ 0.06850979072234796	false	1.0
groll	neg 1.0		neg 0.5023555143477589 off 0.42923042049671606 __DUMMY__ 0.06841406515552509	false	1.0
gibt			neg 0.501100719554601 off 0.43039615040198453 __DUMMY__ 0.0685031300434145	false	0.0
qualvoll	neg 1.0		neg 0.4945577853777789 off 0.43703213794730045 __DUMMY__ 0.06841007667492074	false	1.0
wackeln	neg 1.0	neg 1.0	neg 0.7345647206785478 off 0.23250133098791803 __DUMMY__ 0.0329339483335342	false	1.0
klagen	neg 1.0		neg 0.506871930048201 off 0.42442330081360147 __DUMMY__ 0.06870476913819762	false	1.0
bankrott	neg 1.0		neg 0.49458770517798956 off 0.437121496021568 __DUMMY__ 0.06829079880044246	false	1.0
trauern	neg 1.0		neg 0.5018643550511274 off 0.4293635963777645 __DUMMY__ 0.06877204857110818	false	1.0
ablehnung	neg 1.0		neg 0.5042469810975377 off 0.42766597727217653 __DUMMY__ 0.06808704163028582	false	1.0
stur	neg 1.0		neg 0.49869994933126427 off 0.4331209216619214 __DUMMY__ 0.06817912900681421	false	1.0
aufruhr	neg 1.0		neg 0.500379768982383 off 0.4311676245037613 __DUMMY__ 0.06845260651385554	false	1.0
melancholie	neg 1.0		neg 0.5000977164355066 off 0.43112187842448985 __DUMMY__ 0.0687804051400034	false	1.0
ist			neg 0.4969174996580507 off 0.43469812507132466 __DUMMY__ 0.06838437527062456	false	0.0
torheit	neg 1.0		neg 0.5014759383888641 off 0.43060048386268684 __DUMMY__ 0.06792357774844905	false	1.0
dreckskind	off 1.0		neg 0.48893339840614464 off 0.44350190827812047 __DUMMY__ 0.06756469331573489	false	0.5
umtauschen	neg 1.0		neg 0.4981677746896211 off 0.4331945433510402 __DUMMY__ 0.06863768195933866	false	1.0
zum			neg 0.5031815254479175 off 0.42707226351695143 __DUMMY__ 0.06974621103513112	false	0.0
zersetzen	neg 1.0		neg 0.5069437210884649 off 0.42477338442063 __DUMMY__ 0.0682828944909052	false	1.0
zur			neg 0.5073506284498203 off 0.4233897242588799 __DUMMY__ 0.06925964729129985	false	0.0
frust	neg 1.0		neg 0.5001333364561021 off 0.4312528259899591 __DUMMY__ 0.0686138375539387	false	1.0
unerbittlichkeit	neg 1.0		neg 0.5060867137984453 off 0.4255253737023338 __DUMMY__ 0.06838791249922094	false	1.0
zwei			neg 0.502060583622074 off 0.4284625306719364 __DUMMY__ 0.06947688570598952	false	0.0
unkorrekt	neg 1.0		neg 0.49491608672757176 off 0.43765022483253924 __DUMMY__ 0.06743368843988909	false	1.0
hexe	off 1.0		neg 0.49337853667939185 off 0.4385188102442448 __DUMMY__ 0.06810265307636332	false	0.5
lasch	neg 1.0		neg 0.4977256733566765 off 0.43441669687852735 __DUMMY__ 0.06785762976479603	false	1.0
rivale	neg 1.0		neg 0.49104592943125713 off 0.44089819599748187 __DUMMY__ 0.06805587457126096	false	1.0
mutlos	off 1.0	off 1.0	off 0.6972790248129976 neg 0.2701510153916378 __DUMMY__ 0.03256995979536457	false	1.0
wirr	off 1.0		neg 0.49399780038757274 off 0.43849560092920387 __DUMMY__ 0.06750659868322341	false	0.5
jahr			neg 0.500453418186919 off 0.43019572940808337 __DUMMY__ 0.0693508524049976	false	0.0
wird			neg 0.5016952754894158 off 0.4296225351160721 __DUMMY__ 0.06868218939451208	false	0.0
strafbar	neg 1.0		neg 0.5048144217157198 off 0.42687539128825525 __DUMMY__ 0.06831018699602512	false	1.0
erosion	neg 1.0		neg 0.49739496206932565 off 0.4340314047813656 __DUMMY__ 0.06857363314930882	false	1.0
eingehen	neg 1.0		neg 0.5041176959612278 off 0.42765526031809137 __DUMMY__ 0.06822704372068089	false	1.0
faul	off 1.0		neg 0.49325962220600694 off 0.4383226404695331 __DUMMY__ 0.0684177373244599	false	0.5
provisorium	neg 1.0		neg 0.5091898692590711 off 0.42142798391025355 __DUMMY__ 0.06938214683067545	false	1.0
schmerzen	neg 1.0		neg 0.4985048985919245 off 0.4329810512923724 __DUMMY__ 0.06851405011570313	false	1.0
schrumpfen	neg 1.0		neg 0.5102328019560081 off 0.42103132498639195 __DUMMY__ 0.0687358730576	false	1.0
geistlos	off 1.0		neg 0.5020081463369077 off 0.43054070178266657 __DUMMY__ 0.06745115188042583	false	0.5
fehlkauf	neg 1.0		neg 0.4983832649511807 off 0.43343741706586925 __DUMMY__ 0.06817931798295004	false	1.0
frustrierend	neg 1.0		neg 0.4935776106651949 off 0.4379892281804055 __DUMMY__ 0.06843316115439955	false	1.0
unzufrieden	neg 1.0		neg 0.502767343372005 off 0.4289179159447526 __DUMMY__ 0.06831474068324249	false	1.0
verzweifeln	neg 1.0		neg 0.4994503624308715 off 0.432071752619498 __DUMMY__ 0.06847788494963047	false	1.0
verzweifelt	neg 1.0		neg 0.4981492079414339 off 0.4336060697193067 __DUMMY__ 0.06824472233925942	false	1.0
misstrauensantrag	neg 1.0		neg 0.49767271784866357 off 0.43417485912633413 __DUMMY__ 0.06815242302500245	false	1.0
abfallen	neg 1.0		neg 0.49532465182409546 off 0.43595131085794575 __DUMMY__ 0.06872403731795879	false	1.0
fucker	off 1.0		neg 0.49310374712074734 off 0.4390258658940849 __DUMMY__ 0.06787038698516773	false	0.5
ungezogen	neg 1.0		neg 0.48426198751456256 off 0.4480852981814616 __DUMMY__ 0.06765271430397576	false	1.0
irrsinnig	neg 1.0	neg 1.0	neg 0.7363289445350518 off 0.23106994152217442 __DUMMY__ 0.03260111394277384	false	1.0
unfassbar	neg 1.0		neg 0.49381424594159934 off 0.43814796542360673 __DUMMY__ 0.06803778863479389	false	1.0
hart	neg 1.0		neg 0.4954801729938526 off 0.43629530308668185 __DUMMY__ 0.06822452391946546	false	1.0
widerlich	off 1.0		neg 0.49462997496879496 off 0.43764297671557345 __DUMMY__ 0.06772704831563146	false	0.5
fatal	neg 1.0		neg 0.4976774405457415 off 0.43409283868536724 __DUMMY__ 0.06822972076889121	false	1.0
bruch	neg 1.0		neg 0.5072655931746692 off 0.42413292531106034 __DUMMY__ 0.0686014815142704	false	1.0
aushungern	neg 1.0		neg 0.5036943991748722 off 0.4283102148725541 __DUMMY__ 0.0679953859525737	false	1.0
anspannung	neg 1.0	neg 1.0	neg 0.7389403030288131 off 0.22769851848242254 __DUMMY__ 0.03336117848876431	false	1.0
von			neg 0.5016259389194929 off 0.4290606095363515 __DUMMY__ 0.06931345154415558	false	0.0
kraftlos	neg 1.0		neg 0.49913329765591036 off 0.4320102234955861 __DUMMY__ 0.06885647884850346	false	1.0
vom			neg 0.5058274523826263 off 0.4244135588722767 __DUMMY__ 0.06975898874509716	false	0.0
grenzdebil	off 1.0		neg 0.4923545022832423 off 0.43959301090063874 __DUMMY__ 0.06805248681611913	false	0.5
vor			neg 0.5038471032739784 off 0.427261949095102 __DUMMY__ 0.06889094763091971	false	0.0
unterwerfen	neg 1.0		neg 0.5041652818828818 off 0.42739317594354614 __DUMMY__ 0.06844154217357214	false	1.0
versenkung	neg 1.0		neg 0.5039032928095345 off 0.42755717819672745 __DUMMY__ 0.06853952899373798	false	1.0
entziehen	neg 1.0		neg 0.5064051436970843 off 0.42494589750819645 __DUMMY__ 0.06864895879471941	false	1.0
finanzkrise	neg 1.0		neg 0.5034313941807445 off 0.4285826656871772 __DUMMY__ 0.06798594013207834	false	1.0
schimpfend	neg 1.0		neg 0.4952846775077688 off 0.4359437598411807 __DUMMY__ 0.06877156265105037	false	1.0
profan	neg 1.0		neg 0.4960793211628235 off 0.4356502484531017 __DUMMY__ 0.06827043038407483	false	1.0
korruption	neg 1.0	neg 1.0	neg 0.7397172822392221 off 0.22774408985878722 __DUMMY__ 0.03253862790199072	false	1.0
â			neg 0.5019900845696494 off 0.42933146456074517 __DUMMY__ 0.06867845086960539	false	0.0
schmutzig	neg 1.0		neg 0.492425001435546 off 0.43941459211210954 __DUMMY__ 0.06816040645234446	false	1.0
sexy	neg 1.0		neg 0.4955970948212306 off 0.43616974717551493 __DUMMY__ 0.06823315800325447	false	1.0
abraten	neg 1.0		neg 0.4968274701697562 off 0.43481161637371246 __DUMMY__ 0.06836091345653131	false	1.0
schwarz	neg 1.0		neg 0.49861860502458183 off 0.4331764100545968 __DUMMY__ 0.0682049849208215	false	1.0
fotze	off 1.0		neg 0.5036531028032026 off 0.42784518299775853 __DUMMY__ 0.06850171419903878	false	0.5
verwirren	neg 1.0		neg 0.49575436133854534 off 0.43596435997170746 __DUMMY__ 0.06828127868974737	false	1.0
zahnlos	off 1.0		neg 0.5029738101031543 off 0.4287480442581232 __DUMMY__ 0.06827814563872249	false	0.5
verheeren	neg 1.0		neg 0.48304241062517295 off 0.44927997599329755 __DUMMY__ 0.06767761338152949	false	1.0
hippie	neg 1.0		neg 0.49659803460119945 off 0.4352164523956643 __DUMMY__ 0.06818551300313627	false	1.0
rammen	neg 1.0		neg 0.49839206029092514 off 0.4332700083644873 __DUMMY__ 0.06833793134458759	false	1.0
unlauter	neg 1.0		neg 0.5028099501653235 off 0.42944552908858785 __DUMMY__ 0.06774452074608871	false	1.0
unheilvoll	neg 1.0		neg 0.4944558869965743 off 0.436906436825003 __DUMMY__ 0.06863767617842263	false	1.0
niedrig	neg 1.0		neg 0.5035501432029308 off 0.42776008332370036 __DUMMY__ 0.0686897734733688	false	1.0
explosion	neg 1.0		neg 0.4974721301247462 off 0.4343734345198884 __DUMMY__ 0.06815443535536535	false	1.0
weichei	off 1.0		neg 0.4881911356287207 off 0.444154088807166 __DUMMY__ 0.06765477556411334	false	0.5
minusmensch	off 1.0		neg 0.48800235469579145 off 0.44503313621659407 __DUMMY__ 0.06696450908761449	false	0.5
farblos	neg 1.0		neg 0.4965318105435606 off 0.4344328938541584 __DUMMY__ 0.06903529560228104	false	1.0
unwissend	neg 1.0	neg 1.0	neg 0.7340849935612737 off 0.2334493722330899 __DUMMY__ 0.0324656342056365	false	1.0
traurig	neg 1.0		neg 0.48984705874610573 off 0.4421161967659904 __DUMMY__ 0.06803674448790378	false	1.0
senkung	neg 1.0		neg 0.49852300471161287 off 0.4335544794573787 __DUMMY__ 0.06792251583100858	false	1.0
ungleich	neg 1.0	neg 1.0	neg 0.7402748508675193 off 0.22713351806540746 __DUMMY__ 0.03259163106707317	false	1.0
heikel	neg 1.0		neg 0.5056892764274847 off 0.4258815382427869 __DUMMY__ 0.06842918532972836	false	1.0
drosselung	neg 1.0		neg 0.4924048836216119 off 0.43944846705022145 __DUMMY__ 0.06814664932816662	false	1.0
falsch	neg 1.0		neg 0.494631952607303 off 0.43715188110433506 __DUMMY__ 0.06821616628836177	false	1.0
unzufriedenheit	neg 1.0		neg 0.5064311795067271 off 0.4251193077696223 __DUMMY__ 0.06844951272365055	false	1.0
kurz	neg 1.0		neg 0.49813501075420996 off 0.4329657064836312 __DUMMY__ 0.06889928276215891	false	1.0
unsinnig	neg 1.0		neg 0.5032798043194304 off 0.42859825514570987 __DUMMY__ 0.06812194053485972	false	1.0
penner	off 1.0	off 1.0	off 0.7083301492807907 neg 0.2593984319234374 __DUMMY__ 0.03227141879577183	false	1.0
seicht	neg 1.0		neg 0.4874154939561665 off 0.4453780131760402 __DUMMY__ 0.06720649286779341	false	1.0
dummheit	off 1.0	off 1.0	off 0.7015302764723489 neg 0.26600506772879406 __DUMMY__ 0.03246465579885707	false	1.0
unerfreulich	neg 1.0		neg 0.5050689804908104 off 0.42621552103635874 __DUMMY__ 0.06871549847283097	false	1.0
motherfucker	off 1.0	off 1.0	off 0.704088008040114 neg 0.2635445749644023 __DUMMY__ 0.0323674169954837	false	1.0
pikiert	neg 1.0		neg 0.49610872283497537 off 0.43616481093282705 __DUMMY__ 0.06772646623219766	false	1.0
wrack	neg 1.0		neg 0.5003816741088938 off 0.4305658156875969 __DUMMY__ 0.06905251020350923	false	1.0
gangster	neg 1.0		neg 0.496400603623237 off 0.43531000190421554 __DUMMY__ 0.06828939447254737	false	1.0
krank	neg 1.0		neg 0.49078802305007874 off 0.44097074066957237 __DUMMY__ 0.06824123628034881	false	1.0
reich	neg 1.0		neg 0.4966251986568808 off 0.43548286471838843 __DUMMY__ 0.06789193662473086	false	1.0
gnadenlos	neg 1.0		neg 0.4984359039116211 off 0.43321798222313723 __DUMMY__ 0.06834611386524168	false	1.0
niedergeschlagen	neg 1.0		neg 0.49912617089098554 off 0.4321761259489796 __DUMMY__ 0.06869770316003489	false	1.0
terrorisieren	off 1.0	off 1.0	off 0.6985283003347027 neg 0.26872131318975756 __DUMMY__ 0.03275038647553974	false	1.0
sinnlosigkeit	neg 1.0		neg 0.5024826001027453 off 0.4291910067004888 __DUMMY__ 0.06832639319676598	false	1.0
behindern	neg 1.0		neg 0.500963088148504 off 0.4307327321150698 __DUMMY__ 0.06830417973642625	false	1.0
undemokratisch	neg 1.0		neg 0.5015368954933879 off 0.4305575912397542 __DUMMY__ 0.06790551326685804	false	1.0
wirtschaftskrise	neg 1.0		neg 0.5048768723314931 off 0.42688240868289007 __DUMMY__ 0.06824071898561673	false	1.0
neid	neg 1.0		neg 0.4920114665175669 off 0.4394890083320162 __DUMMY__ 0.06849952515041702	false	1.0
rutschen	neg 1.0	neg 1.0	neg 0.7376181785795977 off 0.2290312711946289 __DUMMY__ 0.033350550225773545	false	1.0
rezession	neg 1.0		neg 0.49229919599697897 off 0.4401952595271508 __DUMMY__ 0.0675055444758703	false	1.0
fehlgeburt	neg 1.0		neg 0.495230083438854 off 0.4361892234525674 __DUMMY__ 0.06858069310857859	false	1.0
charakterschwach	off 1.0		neg 0.4937450673035325 off 0.4383156992014652 __DUMMY__ 0.0679392334950024	false	0.5
isolation	neg 1.0		neg 0.49366746152262664 off 0.43791162561327207 __DUMMY__ 0.0684209128641013	false	1.0
ablenkung	neg 1.0		neg 0.4982911025234363 off 0.4332294468175913 __DUMMY__ 0.06847945065897236	false	1.0
pech	neg 1.0		neg 0.4937730104396807 off 0.43783096838122537 __DUMMY__ 0.06839602117909398	false	1.0
vermeidung	neg 1.0		neg 0.49386846169018794 off 0.4382690920236454 __DUMMY__ 0.06786244628616674	false	1.0
dominieren	neg 1.0		neg 0.5006917256162975 off 0.4304129137795172 __DUMMY__ 0.06889536060418543	false	1.0
schwindlig	neg 1.0		neg 0.49319248412086136 off 0.43802717969876476 __DUMMY__ 0.06878033618037388	false	1.0
lutscher	neg 1.0		neg 0.4856777944362461 off 0.4470003295813621 __DUMMY__ 0.06732187598239171	false	1.0
pflicht	neg 1.0		neg 0.5056016642363379 off 0.4259151704577111 __DUMMY__ 0.068483165305951	false	1.0
faschist	off 1.0		neg 0.4997065987569403 off 0.4325570155957858 __DUMMY__ 0.06773638564727388	false	0.5
verschleudern	neg 1.0		neg 0.5080052316254152 off 0.4240818345550399 __DUMMY__ 0.0679129338195448	false	1.0
wenn			neg 0.49443892787647503 off 0.43735974668318345 __DUMMY__ 0.06820132544034137	false	0.0
ehebruch	neg 1.0		neg 0.5045693452594864 off 0.4271620360955505 __DUMMY__ 0.0682686186449632	false	1.0
spott	off 1.0		neg 0.5055872781885615 off 0.4261902644415437 __DUMMY__ 0.06822245736989464	false	0.5
trostlosigkeit	neg 1.0		neg 0.5061659887895338 off 0.42520219794095676 __DUMMY__ 0.06863181326950946	false	1.0
lutschen	neg 1.0		neg 0.49789004159572736 off 0.43403319266642293 __DUMMY__ 0.06807676573784976	false	1.0
undiszipliniert	neg 1.0		neg 0.49087582437659205 off 0.44106778486889514 __DUMMY__ 0.06805639075451284	false	1.0
kopfschmerz	neg 1.0		neg 0.49876460806475126 off 0.43247893928350234 __DUMMY__ 0.06875645265174642	false	1.0
unvorhergesehen	neg 1.0		neg 0.4988505613262058 off 0.43192787706265545 __DUMMY__ 0.06922156161113883	false	1.0
desinteressiert	neg 1.0		neg 0.49237514686161643 off 0.4397644135135042 __DUMMY__ 0.06786043962487934	false	1.0
armselig	off 1.0		neg 0.49341216744817273 off 0.4390785229573418 __DUMMY__ 0.06750930959448548	false	0.5
desaster	neg 1.0		neg 0.5081894057977274 off 0.4232349603417127 __DUMMY__ 0.06857563386055981	false	1.0
tod	neg 1.0		neg 0.5008281818104675 off 0.43034079909526557 __DUMMY__ 0.06883101909426695	false	1.0
herzlos	neg 1.0		neg 0.49104320507136406 off 0.44119628556279217 __DUMMY__ 0.06776050936584373	false	1.0
unwissenheit	neg 1.0		neg 0.5047963278530923 off 0.4271763671124996 __DUMMY__ 0.06802730503440815	false	1.0
widersinnig	neg 1.0	neg 1.0	neg 0.7396917732408561 off 0.22788110263522127 __DUMMY__ 0.03242712412392264	false	1.0
bedenklich	neg 1.0		neg 0.5045294508800158 off 0.4271570531937523 __DUMMY__ 0.06831349592623195	false	1.0
beanstanden	neg 1.0		neg 0.5053494605406782 off 0.4260060425493458 __DUMMY__ 0.068644496909976	false	1.0
panisch	neg 1.0	neg 1.0	neg 0.7326853418633286 off 0.23433191610055004 __DUMMY__ 0.032982742036121476	false	1.0
debil	off 1.0		neg 0.5095321235207563 off 0.4214620527021673 __DUMMY__ 0.06900582377707651	false	0.5
abstrich	neg 1.0		neg 0.5028070942593053 off 0.4287548903878166 __DUMMY__ 0.06843801535287808	false	1.0
primitiv	neg 1.0		neg 0.49396439140536563 off 0.4382921849247572 __DUMMY__ 0.06774342366987728	false	1.0
abschaum	off 1.0	off 1.0	off 0.702813833592498 neg 0.26476866661738696 __DUMMY__ 0.03241749979011509	false	1.0
provozieren	neg 1.0		neg 0.49977135954677504 off 0.4320521964108049 __DUMMY__ 0.0681764440424201	false	1.0
tot	neg 1.0		neg 0.5028330342818289 off 0.42855134405207246 __DUMMY__ 0.0686156216660986	false	1.0
instabil	neg 1.0		neg 0.49494562754089483 off 0.4374383232902057 __DUMMY__ 0.06761604916889959	false	1.0
schwuchtel	off 1.0		neg 0.48164202093833364 off 0.4513407344772814 __DUMMY__ 0.0670172445843849	false	0.5
zerren	neg 1.0		neg 0.4987996517751197 off 0.4324657836906558 __DUMMY__ 0.06873456453422437	false	1.0
kinderficker	off 1.0		neg 0.4914221894212885 off 0.4412654134882716 __DUMMY__ 0.06731239709043985	false	0.5
gefahr	neg 1.0		neg 0.5048074098663738 off 0.4265213632884907 __DUMMY__ 0.06867122684513541	false	1.0
rabiat	neg 1.0		neg 0.5006006005519074 off 0.4312158309454004 __DUMMY__ 0.06818356850269235	false	1.0
verlangsamung	neg 1.0		neg 0.4885477136408002 off 0.4440574929265707 __DUMMY__ 0.06739479343262922	false	1.0
ausgestorben	neg 1.0		neg 0.49888033515114555 off 0.43253979770749795 __DUMMY__ 0.06857986714135643	false	1.0
anklagen	neg 1.0		neg 0.5025039866928408 off 0.42921817653595873 __DUMMY__ 0.0682778367712004	false	1.0
trott	neg 1.0		neg 0.4990224379271587 off 0.43241316742173475 __DUMMY__ 0.06856439465110638	false	1.0
verminderung	neg 1.0		neg 0.49301869803518006 off 0.4391520494887944 __DUMMY__ 0.06782925247602549	false	1.0
nach			neg 0.5026510898537647 off 0.42760075109271495 __DUMMY__ 0.06974815905352034	false	0.0
rost	neg 1.0		neg 0.4898041354108105 off 0.44273608577848206 __DUMMY__ 0.06745977881070733	false	1.0
destruktiv	neg 1.0		neg 0.5028344978061452 off 0.4292232589322996 __DUMMY__ 0.06794224326155511	false	1.0
unzumutbarkeit	neg 1.0		neg 0.4926818810800918 off 0.4389180496958414 __DUMMY__ 0.06840006922406665	false	1.0
labil	off 1.0	off 1.0	off 0.7030737756613283 neg 0.26444942672619426 __DUMMY__ 0.03247679761247728	false	1.0
ziemlich	neg 1.0		neg 0.49170306757132165 off 0.4400242751645837 __DUMMY__ 0.06827265726409465	false	1.0
lachnummer	off 1.0		neg 0.5007202136959384 off 0.4310526462167749 __DUMMY__ 0.0682271400872868	false	0.5
oder			neg 0.4967512102541567 off 0.4345405587095549 __DUMMY__ 0.06870823103628838	false	0.0
verfall	neg 1.0		neg 0.5102881699038478 off 0.4209853470663784 __DUMMY__ 0.06872648302977387	false	1.0
ausgrenzung	neg 1.0		neg 0.5011565226085299 off 0.43102709418338964 __DUMMY__ 0.0678163832080803	false	1.0
unordnung	neg 1.0		neg 0.49164932717152154 off 0.4399610792329142 __DUMMY__ 0.06838959359556415	false	1.0
fehlverhalten	neg 1.0		neg 0.5057500011352288 off 0.42585062451692945 __DUMMY__ 0.06839937434784178	false	1.0
eine			neg 0.5044745467450615 off 0.4268110349831564 __DUMMY__ 0.06871441827178201	false	0.0
nille	neg 1.0		neg 0.5004329871647512 off 0.43109209100270496 __DUMMY__ 0.0684749218325438	false	1.0
qual	neg 1.0		neg 0.49971984267461916 off 0.43177978071383494 __DUMMY__ 0.06850037661154591	false	1.0
verschwenden	neg 1.0		neg 0.503356768833026 off 0.42825630859591146 __DUMMY__ 0.06838692257106253	false	1.0
riesig	neg 1.0	neg 1.0	neg 0.7373053189938957 off 0.22973514330129935 __DUMMY__ 0.032959537704804844	false	1.0
verurteilen	neg 1.0		neg 0.5038311476771572 off 0.42798792237953687 __DUMMY__ 0.06818092994330584	false	1.0
klischee	neg 1.0	neg 1.0	neg 0.7355703108301282 off 0.23200338171698826 __DUMMY__ 0.0324263074528836	false	1.0
diktatorisch	neg 1.0		neg 0.5024733952314878 off 0.4298725792452018 __DUMMY__ 0.06765402552331046	false	1.0
vorhersehbar	neg 1.0	neg 1.0	neg 0.7355394682177114 off 0.231950641696013 __DUMMY__ 0.03250989008627558	false	1.0
sowie			neg 0.48958032490160863 off 0.4428245782519932 __DUMMY__ 0.06759509684639815	false	0.0
stornieren	neg 1.0		neg 0.49377757797703237 off 0.4371401544349742 __DUMMY__ 0.06908226758799337	false	1.0
besteuerung	neg 1.0		neg 0.5013792340080495 off 0.43069035377227116 __DUMMY__ 0.06793041221967942	false	1.0
ungeschminkt	neg 1.0		neg 0.4934271014414434 off 0.4386272832943982 __DUMMY__ 0.06794561526415847	false	1.0
kritisch	neg 1.0		neg 0.50448393192187 off 0.42715004064382084 __DUMMY__ 0.06836602743430917	false	1.0
schlamperei	off 1.0		neg 0.5058837569782315 off 0.42574763634601626 __DUMMY__ 0.06836860667575227	false	0.5
sucht	neg 1.0	neg 1.0	neg 0.7357131896765597 off 0.23144723068538844 __DUMMY__ 0.03283957963805185	false	1.0
egoistisch	off 1.0		neg 0.4881116993762806 off 0.44418571600328327 __DUMMY__ 0.06770258462043618	false	0.5
ausbeuter	off 1.0		neg 0.5071941542584589 off 0.42460200328256065 __DUMMY__ 0.0682038424589803	false	0.5
arschgeburt	off 1.0		neg 0.4823176193629019 off 0.45078795806805155 __DUMMY__ 0.06689442256904653	false	0.5
schubs	neg 1.0	neg 1.0	neg 0.7361861141896039 off 0.23081953357051357 __DUMMY__ 0.032994352239882604	false	1.0
unsolide	neg 1.0		neg 0.5037923121080596 off 0.4288804548117925 __DUMMY__ 0.06732723308014797	false	1.0
beschwerde	neg 1.0		neg 0.505501306701725 off 0.4261182702484701 __DUMMY__ 0.06838042304980481	false	1.0
stocken	neg 1.0		neg 0.503981493105556 off 0.42752317407387813 __DUMMY__ 0.06849533282056586	false	1.0
isolieren	neg 1.0		neg 0.5038902417800286 off 0.4278369717990281 __DUMMY__ 0.0682727864209432	false	1.0
unheilbar	neg 1.0		neg 0.49861205825901334 off 0.43297765629087626 __DUMMY__ 0.06841028545011037	false	1.0
pisser	off 1.0		neg 0.49178486179193653 off 0.4402044037717743 __DUMMY__ 0.06801073443628929	false	0.5
löschen	neg 1.0		neg 0.4995399049136176 off 0.4320658709524754 __DUMMY__ 0.06839422413390689	false	1.0
durchfallen	neg 1.0		neg 0.5036093464482839 off 0.4281775246138295 __DUMMY__ 0.06821312893788659	false	1.0
wichser	off 1.0		neg 0.4833617792764503 off 0.44920497808660614 __DUMMY__ 0.06743324263694368	false	0.5
terror	neg 1.0		neg 0.4945823073972282 off 0.4368784718594274 __DUMMY__ 0.06853922074334444	false	1.0
krass	neg 1.0		neg 0.48960718767045014 off 0.4425342135458602 __DUMMY__ 0.06785859878368969	false	1.0
revolte	neg 1.0		neg 0.49984374082894206 off 0.43227194920680206 __DUMMY__ 0.06788430996425579	false	1.0
besorgt	neg 1.0		neg 0.49918643934984513 off 0.4319632406779726 __DUMMY__ 0.06885031997218236	false	1.0
nachlassen	neg 1.0		neg 0.5043517151510573 off 0.4271470942894407 __DUMMY__ 0.06850119055950198	false	1.0
alt	neg 1.0		neg 0.5022148227036448 off 0.42919904919080526 __DUMMY__ 0.06858612810554998	false	1.0
hundesohn	off 1.0		neg 0.4868119446049025 off 0.4459283382827723 __DUMMY__ 0.06725971711232524	false	0.5
als			neg 0.4993299110780535 off 0.4318939079957939 __DUMMY__ 0.06877618092615255	false	0.0
abschreckung	neg 1.0		neg 0.506790822763951 off 0.424664642321671 __DUMMY__ 0.06854453491437794	false	1.0
unqualifiziert	neg 1.0		neg 0.49926300144702085 off 0.4330435126106331 __DUMMY__ 0.06769348594234595	false	1.0
abgewichst	off 1.0		neg 0.5008662184173035 off 0.4306002689586597 __DUMMY__ 0.0685335126240368	false	0.5
schwer	neg 1.0		neg 0.49885733799071585 off 0.4326621981715295 __DUMMY__ 0.06848046383775461	false	1.0
bedeutungslosigkeit	neg 1.0		neg 0.5059014482699814 off 0.42561357839715985 __DUMMY__ 0.0684849733328587	false	1.0
kapitulation	neg 1.0		neg 0.5069408079867932 off 0.42502480450778507 __DUMMY__ 0.06803438750542179	false	1.0
unscharf	neg 1.0		neg 0.4961075550139694 off 0.43555741380375007 __DUMMY__ 0.06833503118228047	false	1.0
schwinden	neg 1.0		neg 0.5061160038360153 off 0.42541121685554945 __DUMMY__ 0.06847277930843523	false	1.0
versklavung	neg 1.0		neg 0.50319453689343 off 0.42918511942213483 __DUMMY__ 0.06762034368443519	false	1.0
schlecht	neg 1.0		neg 0.49152757315555345 off 0.4401867243315106 __DUMMY__ 0.06828570251293606	false	1.0
verhasst	neg 1.0		neg 0.499367082962958 off 0.43247337796480834 __DUMMY__ 0.06815953907223371	false	1.0
beschweren	neg 1.0		neg 0.49719923363482815 off 0.43448947985206626 __DUMMY__ 0.06831128651310557	false	1.0
scheiden	neg 1.0		neg 0.4939936886277759 off 0.43687974865125834 __DUMMY__ 0.06912656272096594	false	1.0
frustriert	neg 1.0		neg 0.500033039417007 off 0.43144351417748067 __DUMMY__ 0.06852344640551232	false	1.0
schimmelig	neg 1.0		neg 0.5018050753789518 off 0.42941800643871353 __DUMMY__ 0.06877691818233474	false	1.0
fisch	neg 1.0		neg 0.49983515240775456 off 0.4308173149210334 __DUMMY__ 0.06934753267121212	false	1.0
schmuggel	neg 1.0		neg 0.5028311555539738 off 0.4282046754241026 __DUMMY__ 0.06896416902192341	false	1.0
auffallen	neg 1.0		neg 0.49574363441438335 off 0.4358709750034322 __DUMMY__ 0.06838539058218457	false	1.0
konkurrenz	neg 1.0	neg 1.0	neg 0.7395474504248988 off 0.2274920790389122 __DUMMY__ 0.03296047053618898	false	1.0
teufelskreis	neg 1.0	neg 1.0	neg 0.7376809402662406 off 0.22971361024212553 __DUMMY__ 0.032605449491633784	false	1.0
aufschreien	neg 1.0		neg 0.4978760092452057 off 0.4340355890903173 __DUMMY__ 0.06808840166447702	false	1.0
schuldner	neg 1.0		neg 0.5052262769444477 off 0.42621508319577545 __DUMMY__ 0.068558639859777	false	1.0
missgeburt	off 1.0	off 1.0	off 0.7066852951991539 neg 0.2610045248642082 __DUMMY__ 0.03231017993663782	false	1.0
arbeitslos	neg 1.0		neg 0.5030494562480036 off 0.4286994009743352 __DUMMY__ 0.06825114277766135	false	1.0
befallen	neg 1.0		neg 0.5043749779404031 off 0.4276399501429618 __DUMMY__ 0.06798507191663511	false	1.0
miesepetrig	off 1.0	off 1.0	off 0.7048909014896668 neg 0.26247948921837827 __DUMMY__ 0.032629609291954964	false	1.0
alarmieren	neg 1.0		neg 0.4967680056119263 off 0.43538093149808926 __DUMMY__ 0.0678510628899844	false	1.0
ungeduscht	off 1.0		neg 0.4936106510887395 off 0.43794142285751986 __DUMMY__ 0.06844792605374059	false	0.5
knappheit	neg 1.0		neg 0.5061213361561683 off 0.42575160366600767 __DUMMY__ 0.06812706017782401	false	1.0
schlange	neg 1.0		neg 0.4939810497798116 off 0.43720065363347815 __DUMMY__ 0.06881829658671042	false	1.0
harsch	neg 1.0		neg 0.4867038753758398 off 0.44508586273002093 __DUMMY__ 0.06821026189413934	false	1.0
lang	neg 1.0		neg 0.49872474049389287 off 0.4328482593165878 __DUMMY__ 0.06842700018951929	false	1.0
ziellos	neg 1.0		neg 0.5000904944300433 off 0.4311140274141359 __DUMMY__ 0.06879547815582075	false	1.0
selbstverliebt	neg 1.0		neg 0.4849110413501048 off 0.4480777399075179 __DUMMY__ 0.06701121874237713	false	1.0
beseitigen	neg 1.0	neg 1.0	neg 0.73593968873879 off 0.23114449271869764 __DUMMY__ 0.03291581854251235	false	1.0
dumm	off 1.0		neg 0.4876636226142395 off 0.4447778098114614 __DUMMY__ 0.06755856757429896	false	0.5
arbeitsloser	neg 1.0		neg 0.5020989084110213 off 0.4293128681266338 __DUMMY__ 0.06858822346234492	false	1.0
blitzen	neg 1.0		neg 0.49616079894799475 off 0.43562196167265893 __DUMMY__ 0.06821723937934616	false	1.0
hilflos	neg 1.0		neg 0.5008851562477025 off 0.4306243966216915 __DUMMY__ 0.0684904471306059	false	1.0
eklig	off 1.0		neg 0.4866399146906606 off 0.44578493712532663 __DUMMY__ 0.06757514818401275	false	0.5
begriff			neg 0.5022376386839157 off 0.4295616169352576 __DUMMY__ 0.06820074438082668	false	0.0
hungersnot	neg 1.0		neg 0.5017483216684278 off 0.42983523432170867 __DUMMY__ 0.06841644400986367	false	1.0
ungesetzlich	neg 1.0		neg 0.5032316600856624 off 0.4293751618426536 __DUMMY__ 0.06739317807168395	false	1.0
verschwendung	neg 1.0		neg 0.5044366470204484 off 0.427071929090852 __DUMMY__ 0.06849142388869948	false	1.0
schmerzvoll	neg 1.0		neg 0.4968677500618296 off 0.4347617280520183 __DUMMY__ 0.06837052188615204	false	1.0
vorzeitig	neg 1.0		neg 0.4944623480642622 off 0.4370597497672997 __DUMMY__ 0.06847790216843812	false	1.0
unvollkommenheit	neg 1.0		neg 0.4992695779796388 off 0.43181404626693753 __DUMMY__ 0.0689163757534237	false	1.0
intervenieren	neg 1.0		neg 0.5067183634838549 off 0.425068968888374 __DUMMY__ 0.06821266762777116	false	1.0
banause	off 1.0		neg 0.48557940178776576 off 0.44711519942018974 __DUMMY__ 0.0673053987920445	false	0.5
rebell	neg 1.0		neg 0.5068791115039571 off 0.4243233718138451 __DUMMY__ 0.06879751668219791	false	1.0
unlogisch	neg 1.0		neg 0.4905700215635766 off 0.4415381222145702 __DUMMY__ 0.06789185622185333	false	1.0
leiden	neg 1.0		neg 0.4994985846967175 off 0.4311607104175212 __DUMMY__ 0.06934070488576144	false	1.0
abschaffung	neg 1.0		neg 0.5011088316578318 off 0.4308696706769126 __DUMMY__ 0.06802149766525557	false	1.0
sturz	neg 1.0		neg 0.49810504086341506 off 0.43329660358311395 __DUMMY__ 0.06859835555347099	false	1.0
verkleinerung	neg 1.0		neg 0.49926169255599934 off 0.43297437492042684 __DUMMY__ 0.06776393252357382	false	1.0
schmarotzer	off 1.0		neg 0.504162667566931 off 0.4277266041614826 __DUMMY__ 0.06811072827158662	false	0.5
bestrafung	neg 1.0		neg 0.49885332902987123 off 0.4329697803664228 __DUMMY__ 0.06817689060370591	false	1.0
achtlos	neg 1.0		neg 0.49791866809324226 off 0.4334432706036967 __DUMMY__ 0.06863806130306113	false	1.0
ungeheuer	neg 1.0		neg 0.49434876346462475 off 0.4371699062149112 __DUMMY__ 0.068481330320464	false	1.0
unaufrichtig	neg 1.0		neg 0.5004106760404827 off 0.4318213856808089 __DUMMY__ 0.06776793827870822	false	1.0
groggy	neg 1.0		neg 0.497536058417071 off 0.4343513743324333 __DUMMY__ 0.06811256725049578	false	1.0
verletzlich	neg 1.0		neg 0.49163781517062716 off 0.440345533394963 __DUMMY__ 0.06801665143440987	false	1.0
