unsolidarisch	neg 1.0		__DUMMY__ 0.4639031802111626 neg 0.2921008929152723 off 0.2439959268735651	false	1.0
nachteilig	neg 1.0		__DUMMY__ 0.46959426312875574 neg 0.2891743058612068 off 0.24123143101003752	false	1.0
skeptisch	neg 1.0		__DUMMY__ 0.4705280223356493 neg 0.2887722067127177 off 0.2406997709516329	false	1.0
schrecklich	neg 1.0		__DUMMY__ 0.4665921904723271 neg 0.27586485547124556 off 0.2575429540564275	false	1.0
schlapp	neg 1.0		__DUMMY__ 0.46914028289422327 neg 0.27805054259913975 off 0.252809174506637	false	1.0
abfall	neg 1.0		__DUMMY__ 0.4711142266967499 neg 0.29137256156795466 off 0.23751321173529547	false	1.0
widerspenstig	neg 1.0		__DUMMY__ 0.46934656368398814 neg 0.2842095304666503 off 0.24644390584936163	false	1.0
abrupt	neg 1.0		__DUMMY__ 0.4731169097483077 neg 0.2846336925604682 off 0.24224939769122406	false	1.0
unwirksam	neg 1.0		__DUMMY__ 0.46645446192556655 neg 0.2884636104959752 off 0.24508192757845818	false	1.0
angreifen	neg 1.0	neg 1.0	neg 0.6344462697765811 __DUMMY__ 0.22882360674270769 off 0.13673012348071117	false	1.0
inkonsistent	neg 1.0		__DUMMY__ 0.4695953710143744 neg 0.2828445249807445 off 0.2475601040048812	false	1.0
abrutschen	neg 1.0		__DUMMY__ 0.4714358991226389 neg 0.29044803131653646 off 0.23811606956082454	false	1.0
unsicher	neg 1.0		__DUMMY__ 0.47022252118117425 neg 0.2828599711067914 off 0.2469175077120344	false	1.0
bauernkind	off 1.0	off 1.0	off 0.6155021440104382 __DUMMY__ 0.22540080075621213 neg 0.15909705523334974	false	1.0
angreifer	neg 1.0		__DUMMY__ 0.4706362292662179 neg 0.28083275255435214 off 0.24853101817943	false	1.0
trennen	neg 1.0		__DUMMY__ 0.4744252227912669 neg 0.28232930106953763 off 0.24324547613919562	false	1.0
schmutz	neg 1.0		__DUMMY__ 0.4734755368146271 neg 0.27650620346708216 off 0.25001825971829067	false	1.0
inkonsistenz	neg 1.0		__DUMMY__ 0.4656129618757463 neg 0.2841368612055666 off 0.2502501769186873	false	1.0
erschreckend	neg 1.0		__DUMMY__ 0.46870621310010036 neg 0.2864140503999823 off 0.2448797364999174	false	1.0
ertrinken	neg 1.0		__DUMMY__ 0.4716271431652195 neg 0.2854220024395965 off 0.24295085439518393	false	1.0
pickelface	off 1.0		__DUMMY__ 0.46958064425864565 neg 0.28641116439981296 off 0.24400819134154123	false	0.5
seiner			__DUMMY__ 0.4716880719961363 neg 0.28663241299148007 off 0.24167951501238347	false	0.0
lauch	neg 1.0		__DUMMY__ 0.4702564681454924 neg 0.2920559680480194 off 0.23768756380648826	false	1.0
unwichtig	neg 1.0		__DUMMY__ 0.4670278746492088 neg 0.28132771499965875 off 0.25164441035113233	false	1.0
steuerhinterziehung	neg 1.0		__DUMMY__ 0.4674401381729139 neg 0.28916483416486016 off 0.24339502766222593	false	1.0
schock	neg 1.0		__DUMMY__ 0.4725048875323304 neg 0.2808755717120959 off 0.24661954075557374	false	1.0
beule	neg 1.0		__DUMMY__ 0.4694791239397099 neg 0.27720550565779367 off 0.2533153704024964	false	1.0
vergelten	neg 1.0		__DUMMY__ 0.46925881774736267 neg 0.2740734653372463 off 0.2566677169153911	false	1.0
verdorbenheit	neg 1.0		__DUMMY__ 0.4713027374609026 neg 0.28213987882169805 off 0.2465573837173995	false	1.0
trauma	neg 1.0		__DUMMY__ 0.46897834683458833 neg 0.2834732401015533 off 0.2475484130638584	false	1.0
sinnlos	neg 1.0		__DUMMY__ 0.4696288778846162 neg 0.2808037827997692 off 0.24956733931561456	false	1.0
fettsack	off 1.0	off 1.0	off 0.6170838937466149 __DUMMY__ 0.2262914734870838 neg 0.1566246327663013	false	1.0
feige	off 1.0	off 1.0	off 0.6131230907714948 __DUMMY__ 0.22636928030021092 neg 0.16050762892829426	false	1.0
abdanken	neg 1.0		__DUMMY__ 0.4677401649478205 neg 0.2876233325112821 off 0.24463650254089744	false	1.0
wichtigtuer	off 1.0	off 1.0	off 0.6113070842889605 __DUMMY__ 0.22726207488188965 neg 0.16143084082915	false	1.0
misslingen	neg 1.0		__DUMMY__ 0.473037133965962 neg 0.2780251517259201 off 0.2489377143081177	false	1.0
untreu	off 1.0		__DUMMY__ 0.4662575278755968 neg 0.28087625328577837 off 0.2528662188386248	false	0.5
missmutig	neg 1.0		__DUMMY__ 0.46775630360258486 neg 0.2802927595719205 off 0.2519509368254945	false	1.0
hurenbock	off 1.0		__DUMMY__ 0.4705338910572166 neg 0.28096135788365545 off 0.24850475105912803	false	0.5
betrunken	neg 1.0		__DUMMY__ 0.46929876749824123 neg 0.27474362363239574 off 0.25595760886936314	false	1.0
korrupt	off 1.0		__DUMMY__ 0.46547010757392515 neg 0.292733337043221 off 0.24179655538285372	false	0.5
unmut	neg 1.0		__DUMMY__ 0.470907230504146 neg 0.2914151906645694 off 0.23767757883128468	false	1.0
hackfresse	off 1.0		__DUMMY__ 0.46412898429078847 neg 0.2749795827684571 off 0.26089143294075445	false	0.5
aufblasen	neg 1.0		__DUMMY__ 0.4709235441312337 neg 0.2802233202536864 off 0.24885313561507985	false	1.0
gewaltsam	neg 1.0		__DUMMY__ 0.469922155010763 neg 0.28460023784716865 off 0.24547760714206818	false	1.0
unbeliebtheit	neg 1.0		__DUMMY__ 0.46243412443911314 neg 0.2883993957862713 off 0.24916647977461545	false	1.0
sturheit	neg 1.0		__DUMMY__ 0.467970364774981 neg 0.28749743051917703 off 0.24453220470584203	false	1.0
kuh	neg 1.0		__DUMMY__ 0.46782766101633566 neg 0.28561722034946546 off 0.24655511863419885	false	1.0
erschrecken	neg 1.0		__DUMMY__ 0.46885880807079605 neg 0.2795952464635921 off 0.2515459454656119	false	1.0
opfer	neg 1.0		__DUMMY__ 0.47063046326624675 neg 0.2867107365934868 off 0.24265880014026658	false	1.0
sinken	neg 1.0		__DUMMY__ 0.4718793231255859 neg 0.28937343019851486 off 0.2387472466758993	false	1.0
stinktier	neg 1.0		__DUMMY__ 0.46486805758908745 neg 0.2776343224627004 off 0.25749761994821213	false	1.0
tucke	off 1.0		__DUMMY__ 0.4610512845034487 neg 0.2787045170201441 off 0.2602441984764072	false	0.5
ein			__DUMMY__ 0.4712835025186529 neg 0.2805422843063313 off 0.2481742131750157	false	0.0
abstieg	neg 1.0		__DUMMY__ 0.47289204696013254 neg 0.28466026516918436 off 0.24244768787068305	false	1.0
missverstehen	neg 1.0		__DUMMY__ 0.4670528596029523 neg 0.28410020036890954 off 0.24884694002813817	false	1.0
ergebnislos	neg 1.0		__DUMMY__ 0.47073192036718353 neg 0.2877906872884054 off 0.2414773923444111	false	1.0
unter			__DUMMY__ 0.47727411877206266 neg 0.2878717726847357 off 0.23485410854320146	false	0.0
manipulieren	neg 1.0		__DUMMY__ 0.46966816437606884 neg 0.2899481869454291 off 0.24038364867850218	false	1.0
unbewiesen	neg 1.0		__DUMMY__ 0.4631466968137116 neg 0.2928301284907063 off 0.24402317469558207	false	1.0
verschleppen	neg 1.0		__DUMMY__ 0.4696805740111193 neg 0.28728738241123875 off 0.24303204357764213	false	1.0
weib	off 1.0		__DUMMY__ 0.4640386293180915 neg 0.27516837182132475 off 0.2607929988605838	false	0.5
opposition	neg 1.0		__DUMMY__ 0.46718893900354835 neg 0.2851049710680108 off 0.24770608992844087	false	1.0
verkehrswidrig	neg 1.0	neg 1.0	neg 0.6224709436979725 __DUMMY__ 0.230675782758571 off 0.14685327354345648	false	1.0
inkorrekt	neg 1.0		__DUMMY__ 0.4632401855364797 neg 0.2836160339599963 off 0.25314378050352404	false	1.0
vermeiden	neg 1.0		__DUMMY__ 0.4735363592197566 neg 0.2903252487474247 off 0.23613839203281878	false	1.0
abweichung	neg 1.0		__DUMMY__ 0.4701638103667016 neg 0.2879939001367503 off 0.24184228949654812	false	1.0
alkoholisiert	neg 1.0		__DUMMY__ 0.4763446468542376 neg 0.28057059543053886 off 0.24308475771522353	false	1.0
scheiss	off 1.0	off 1.0	off 0.613981189052789 __DUMMY__ 0.22811766414801513 neg 0.15790114679919595	false	1.0
herausforderung	neg 1.0	neg 1.0	neg 0.628990675914876 __DUMMY__ 0.23279537439878717 off 0.13821394968633685	false	1.0
pervers	off 1.0		__DUMMY__ 0.46311625651594157 neg 0.27249648107381086 off 0.2643872624102475	false	0.5
wackelig	neg 1.0		__DUMMY__ 0.47391045918650737 neg 0.2808963681783077 off 0.24519317263518475	false	1.0
verwickeln	neg 1.0		__DUMMY__ 0.46684824578314243 neg 0.28453671716656026 off 0.2486150370502974	false	1.0
vorwand	neg 1.0		__DUMMY__ 0.47049653144532677 neg 0.2897332259713855 off 0.2397702425832877	false	1.0
muschi	off 1.0		__DUMMY__ 0.4697966129960734 neg 0.28556506320547453 off 0.24463832379845188	false	0.5
entmutigung	neg 1.0		__DUMMY__ 0.46608912119372314 neg 0.2870370592128302 off 0.24687381959344665	false	1.0
unangemessen	neg 1.0		__DUMMY__ 0.4683198665666599 neg 0.28801449301513177 off 0.24366564041820835	false	1.0
unstetig	neg 1.0		__DUMMY__ 0.4710447062222794 neg 0.2806888359758821 off 0.24826645780183854	false	1.0
entmutigen	neg 1.0		__DUMMY__ 0.46892217646194184 neg 0.2830869213376644 off 0.24799090220039388	false	1.0
schwanz	neg 1.0		__DUMMY__ 0.4714415758338071 neg 0.287126176589406 off 0.2414322475767869	false	1.0
verbot	neg 1.0		__DUMMY__ 0.4678072071323543 neg 0.28981220631101673 off 0.242380586556629	false	1.0
leid	neg 1.0		__DUMMY__ 0.4661069749267519 neg 0.2751371535240851 off 0.2587558715491629	false	1.0
archaisch	neg 1.0		__DUMMY__ 0.469461187424361 neg 0.2866315957367273 off 0.24390721683891176	false	1.0
gegen			__DUMMY__ 0.47276326445609695 neg 0.2873958921640773 off 0.23984084337982575	false	0.0
scheidung	neg 1.0		__DUMMY__ 0.4634311480533109 off 0.268661153536718 neg 0.26790769840997114	false	0.5
einschlag	neg 1.0	neg 1.0	neg 0.6265353578123714 __DUMMY__ 0.22795815210678674 off 0.14550649008084185	false	1.0
m			__DUMMY__ 0.4716308134072803 neg 0.28383472408079663 off 0.24453446251192307	false	0.0
abgestanden	neg 1.0		__DUMMY__ 0.47120386930776575 neg 0.28076819234191036 off 0.24802793835032383	false	1.0
schmierig	off 1.0		__DUMMY__ 0.4664557704542297 neg 0.27528463670154746 off 0.2582595928442229	false	0.5
unpraktisch	neg 1.0		__DUMMY__ 0.47196354728202056 neg 0.2792219859568865 off 0.24881446676109287	false	1.0
wixxer	off 1.0		__DUMMY__ 0.462615892669887 neg 0.2734685194195412 off 0.2639155879105717	false	0.5
bezeichnet			__DUMMY__ 0.4683722646647555 neg 0.28612054722015334 off 0.24550718811509126	false	0.0
jammerlappen	off 1.0		__DUMMY__ 0.4672296463071257 neg 0.280863020420632 off 0.2519073332722424	false	0.5
farce	neg 1.0		__DUMMY__ 0.46699620117183616 neg 0.28994651753165207 off 0.2430572812965119	false	1.0
zwecklos	neg 1.0		__DUMMY__ 0.46849569777970324 neg 0.2878540002121514 off 0.2436503020081455	false	1.0
turbulent	neg 1.0		__DUMMY__ 0.4664139875724083 neg 0.28149108855414934 off 0.2520949238734423	false	1.0
invasion	neg 1.0		__DUMMY__ 0.469692593950966 neg 0.2806122439350802 off 0.24969516211395387	false	1.0
schuld	neg 1.0		__DUMMY__ 0.46857938165740226 neg 0.284103596842943 off 0.24731702149965476	false	1.0
risiko	neg 1.0		__DUMMY__ 0.47060376303247037 neg 0.2821632926800167 off 0.24723294428751288	false	1.0
finster	neg 1.0		__DUMMY__ 0.47040979887762996 neg 0.2815178767737828 off 0.24807232434858725	false	1.0
geisteskrank	off 1.0		__DUMMY__ 0.46506658713003846 neg 0.2817454135976074 off 0.253187999272354	false	0.5
zusammenbrechen	neg 1.0		__DUMMY__ 0.47070365949253584 neg 0.28409925432564853 off 0.2451970861818155	false	1.0
ausbeute	neg 1.0		__DUMMY__ 0.4745724385057986 neg 0.282729150196956 off 0.24269841129724543	false	1.0
hinterhalt	neg 1.0		__DUMMY__ 0.4722471860113347 neg 0.2826196524510673 off 0.24513316153759807	false	1.0
kritik	neg 1.0		__DUMMY__ 0.4673207140778767 neg 0.2897033963922454 off 0.24297588952987786	false	1.0
einschrumpfen	neg 1.0		__DUMMY__ 0.4658222805760635 neg 0.28530956902281407 off 0.2488681504011224	false	1.0
riskant	neg 1.0		__DUMMY__ 0.46957768192530713 neg 0.28846240045115285 off 0.24195991762354002	false	1.0
frustrieren	neg 1.0		__DUMMY__ 0.47016059059307974 neg 0.2874008115310969 off 0.24243859787582336	false	1.0
groll	neg 1.0		__DUMMY__ 0.46957687049556956 neg 0.28670722822789624 off 0.24371590127653417	false	1.0
gibt			__DUMMY__ 0.4701022778171091 neg 0.2853669516457179 off 0.24453077053717293	false	0.0
qualvoll	neg 1.0		__DUMMY__ 0.469570777748327 neg 0.2796226429808887 off 0.2508065792707844	false	1.0
wackeln	neg 1.0	neg 1.0	neg 0.6286992262183111 __DUMMY__ 0.23018523919620743 off 0.14111553458548154	false	1.0
klagen	neg 1.0		__DUMMY__ 0.4714606293627601 neg 0.29000379343581195 off 0.23853557720142785	false	1.0
bankrott	neg 1.0		__DUMMY__ 0.46877965369960567 neg 0.2800476799304331 off 0.2511726663699613	false	1.0
trauern	neg 1.0		__DUMMY__ 0.47191076048099695 neg 0.2851845879146267 off 0.24290465160437644	false	1.0
ablehnung	neg 1.0		__DUMMY__ 0.4675068925456329 neg 0.2893643919315608 off 0.24312871552280632	false	1.0
stur	neg 1.0		__DUMMY__ 0.46804186847127044 neg 0.28410014177703485 off 0.24785798975169465	false	1.0
aufruhr	neg 1.0		__DUMMY__ 0.46987953196206106 neg 0.28474756975410254 off 0.24537289828383654	false	1.0
melancholie	neg 1.0		__DUMMY__ 0.4719751977603059 neg 0.28367838037027826 off 0.24434642186941594	false	1.0
ist			__DUMMY__ 0.4693534490016663 neg 0.28188350300992915 off 0.24876304798840448	false	0.0
torheit	neg 1.0		__DUMMY__ 0.46648420352230985 neg 0.28730447372669754 off 0.2462113227509926	false	1.0
dreckskind	off 1.0		__DUMMY__ 0.46418386099467196 neg 0.27687000899625824 off 0.2589461300090699	false	0.5
umtauschen	neg 1.0		__DUMMY__ 0.4710512736350317 neg 0.2823697457109265 off 0.2465789806540417	false	1.0
zum			__DUMMY__ 0.47815788015670085 neg 0.28362290232997456 off 0.23821921751332467	false	0.0
zersetzen	neg 1.0		__DUMMY__ 0.4687215707925814 neg 0.2913864859122801 off 0.23989194329513852	false	1.0
zur			__DUMMY__ 0.47501805829652516 neg 0.28885612749306394 off 0.23612581421041082	false	0.0
frust	neg 1.0		__DUMMY__ 0.47081732994033954 neg 0.28413780914035697 off 0.24504486091930355	false	1.0
unerbittlichkeit	neg 1.0		__DUMMY__ 0.46941085142425026 neg 0.29025347657339984 off 0.24033567200234987	false	1.0
zwei			__DUMMY__ 0.4764022005051628 neg 0.2834179377171021 off 0.24017986177773518	false	0.0
unkorrekt	neg 1.0		__DUMMY__ 0.46336599507766557 neg 0.2827317240534576 off 0.25390228086887673	false	1.0
hexe	off 1.0		__DUMMY__ 0.4676717124995937 neg 0.2794326338695614 off 0.2528956536308449	false	0.5
lasch	neg 1.0		__DUMMY__ 0.4660169073380849 neg 0.28411245306441885 off 0.24987063959749628	false	1.0
rivale	neg 1.0		__DUMMY__ 0.4673563221018026 neg 0.277355888515788 off 0.2552877893824095	false	1.0
mutlos	off 1.0	off 1.0	off 0.6070190883059842 __DUMMY__ 0.2277061333593457 neg 0.1652747783346701	false	1.0
wirr	off 1.0		__DUMMY__ 0.4638396686803612 neg 0.28171945384693103 off 0.2544408774727078	false	0.5
jahr			__DUMMY__ 0.4756518966853708 neg 0.28225880568830525 off 0.242089297626324	false	0.0
wird			__DUMMY__ 0.47125362844005303 neg 0.2854201386297739 off 0.2433262329301732	false	0.0
strafbar	neg 1.0		__DUMMY__ 0.46892168833621595 neg 0.2892619888818838 off 0.2418163227819004	false	1.0
erosion	neg 1.0		__DUMMY__ 0.47057241383598397 neg 0.28177703653077013 off 0.2476505496332459	false	1.0
eingehen	neg 1.0		__DUMMY__ 0.4683356227266901 neg 0.28895735566380704 off 0.24270702160950286	false	1.0
faul	off 1.0		__DUMMY__ 0.4696280214754071 neg 0.27844974446507303 off 0.25192223405951975	false	0.5
provisorium	neg 1.0		__DUMMY__ 0.47578729525586094 neg 0.2903123257792522 off 0.23390037896488686	false	1.0
schmerzen	neg 1.0		__DUMMY__ 0.4702577069135864 neg 0.28304312017869715 off 0.24669917290771642	false	1.0
schrumpfen	neg 1.0		__DUMMY__ 0.4716593626136257 neg 0.2930818017150206 off 0.23525883567135367	false	1.0
geistlos	off 1.0		__DUMMY__ 0.4634288105644196 neg 0.2892268141046799 off 0.24734437533090073	false	0.5
fehlkauf	neg 1.0		__DUMMY__ 0.46806672017332884 neg 0.2837976855836103 off 0.2481355942430609	false	1.0
frustrierend	neg 1.0		__DUMMY__ 0.4696887279216308 neg 0.278618870501917 off 0.25169240157645234	false	1.0
unzufrieden	neg 1.0		__DUMMY__ 0.4688969140931732 neg 0.2874491776818686 off 0.2436539082249581	false	1.0
verzweifeln	neg 1.0		__DUMMY__ 0.4699441909175995 neg 0.28392342133463644 off 0.2461323877477641	false	1.0
verzweifelt	neg 1.0		__DUMMY__ 0.4684448969795022 neg 0.2834360917590872 off 0.24811901126141062	false	1.0
misstrauensantrag	neg 1.0		__DUMMY__ 0.46791677786249264 neg 0.28328347972759743 off 0.24879974240990999	false	1.0
abfallen	neg 1.0		__DUMMY__ 0.47157515304210956 neg 0.27945013588484424 off 0.2489747110730462	false	1.0
fucker	off 1.0		__DUMMY__ 0.46604393566060326 neg 0.27985358275811484 off 0.2541024815812819	false	0.5
ungezogen	neg 1.0		__DUMMY__ 0.464752724698503 neg 0.2723042506391845 off 0.2629430246623124	false	1.0
irrsinnig	neg 1.0	neg 1.0	neg 0.6314768101649358 __DUMMY__ 0.2279037761088279 off 0.1406194137262362	false	1.0
unfassbar	neg 1.0		__DUMMY__ 0.46715427716608304 neg 0.28003235154870487 off 0.2528133712852121	false	1.0
hart	neg 1.0		__DUMMY__ 0.46849033600297396 neg 0.28094090272634875 off 0.25056876127067723	false	1.0
widerlich	off 1.0		__DUMMY__ 0.46516667327587774 neg 0.28168604588499746 off 0.2531472808391248	false	0.5
fatal	neg 1.0		__DUMMY__ 0.46834357736664367 neg 0.2830259472129474 off 0.24863047542040895	false	1.0
bruch	neg 1.0		__DUMMY__ 0.47082541144743717 neg 0.29066653717432533 off 0.23850805137823752	false	1.0
aushungern	neg 1.0		__DUMMY__ 0.46693072038143346 neg 0.2890933582387606 off 0.243975921379806	false	1.0
anspannung	neg 1.0	neg 1.0	neg 0.6316259611886983 __DUMMY__ 0.23310819005263747 off 0.13526584875866432	false	1.0
von			__DUMMY__ 0.4754460776693054 neg 0.28341185945465097 off 0.24114206287604356	false	0.0
kraftlos	neg 1.0		__DUMMY__ 0.47241396607252206 neg 0.28251350695867933 off 0.24507252696879875	false	1.0
vom			__DUMMY__ 0.47823729841961576 neg 0.28606980340946486 off 0.23569289817091946	false	0.0
grenzdebil	off 1.0		__DUMMY__ 0.46725221166385805 neg 0.27864184531128466 off 0.2541059430248572	false	0.5
vor			__DUMMY__ 0.4725916585451171 neg 0.2867703146792062 off 0.24063802677567656	false	0.0
unterwerfen	neg 1.0		__DUMMY__ 0.4697693844562594 neg 0.2882936391846885 off 0.2419369763590523	false	1.0
versenkung	neg 1.0		__DUMMY__ 0.4703510164731564 neg 0.2878120026270817 off 0.24183698089976188	false	1.0
entziehen	neg 1.0		__DUMMY__ 0.47106217256834865 neg 0.28978524444637127 off 0.23915258298527997	false	1.0
finanzkrise	neg 1.0		__DUMMY__ 0.4668788467910344 neg 0.2889956671830066 off 0.24412548602595893	false	1.0
schimpfend	neg 1.0		__DUMMY__ 0.4719563119331299 neg 0.27924704750193263 off 0.24879664056493747	false	1.0
profan	neg 1.0		__DUMMY__ 0.4686491799421512 neg 0.28144068283310164 off 0.24991013722474706	false	1.0
korruption	neg 1.0	neg 1.0	neg 0.6349356005163225 __DUMMY__ 0.22750759456167755 off 0.137556804922	false	1.0
â			__DUMMY__ 0.47122416414458557 neg 0.2857367595271705 off 0.24303907632824387	false	0.0
schmutzig	neg 1.0		__DUMMY__ 0.46794655746229846 neg 0.2784035552197551 off 0.25364988731794647	false	1.0
sexy	neg 1.0		__DUMMY__ 0.4683681561990237 neg 0.2811144575768384 off 0.25051738622413783	false	1.0
abraten	neg 1.0		__DUMMY__ 0.46923734557674013 neg 0.2818780017937031 off 0.24888465262955672	false	1.0
schwarz	neg 1.0		__DUMMY__ 0.468194594086033 neg 0.2839798694374709 off 0.2478255364764962	false	1.0
fotze	off 1.0		__DUMMY__ 0.4701592845905961 neg 0.28770861423701466 off 0.24213210117238923	false	0.5
verwirren	neg 1.0		__DUMMY__ 0.46869885709455295 neg 0.2810978718922584 off 0.2502032710131886	false	1.0
zahnlos	off 1.0		__DUMMY__ 0.46867409977519936 neg 0.2877235976888483 off 0.24360230253595241	false	0.5
verheeren	neg 1.0		__DUMMY__ 0.4649463906126547 neg 0.27098683236125254 off 0.26406677702609277	false	1.0
hippie	neg 1.0		__DUMMY__ 0.4680558276162067 neg 0.2821714832073025 off 0.24977268917649081	false	1.0
rammen	neg 1.0		__DUMMY__ 0.4692019511448247 neg 0.2834095397444847 off 0.24738850911069069	false	1.0
unlauter	neg 1.0		__DUMMY__ 0.4653442561075457 neg 0.2891415656743278 off 0.24551417821812654	false	1.0
unheilvoll	neg 1.0		__DUMMY__ 0.4710801686332399 neg 0.278825876044326 off 0.25009395532243395	false	1.0
niedrig	neg 1.0		__DUMMY__ 0.47145502990060756 neg 0.2870331078313817 off 0.2415118622680107	false	1.0
explosion	neg 1.0		__DUMMY__ 0.4678926057388075 neg 0.28307628932511836 off 0.24903110493607433	false	1.0
weichei	off 1.0		__DUMMY__ 0.4647325863351529 neg 0.2759935838943314 off 0.2592738297705156	false	0.5
minusmensch	off 1.0		__DUMMY__ 0.460336924138601 neg 0.27767160268045576 off 0.2619914731809431	false	0.5
farblos	neg 1.0		__DUMMY__ 0.47373472147538986 neg 0.27949414817257806 off 0.24677113035203213	false	1.0
unwissend	neg 1.0	neg 1.0	neg 0.6296978233129408 __DUMMY__ 0.22699225884709956 off 0.14330991783995967	false	1.0
traurig	neg 1.0		__DUMMY__ 0.46716222163886945 neg 0.2763577728740434 off 0.2564800054870872	false	1.0
senkung	neg 1.0		__DUMMY__ 0.4664655910098442 neg 0.2847253454686409 off 0.24880906352151494	false	1.0
ungleich	neg 1.0	neg 1.0	neg 0.6353474702994464 __DUMMY__ 0.22785440751916006 off 0.13679812218139373	false	1.0
heikel	neg 1.0		__DUMMY__ 0.4696494637887229 neg 0.2898123566143115 off 0.24053817959696566	false	1.0
drosselung	neg 1.0		__DUMMY__ 0.46793492987735485 neg 0.2783811470147279 off 0.2536839231079173	false	1.0
falsch	neg 1.0		__DUMMY__ 0.4682997369003491 neg 0.28024455420500255 off 0.2514557088946484	false	1.0
unzufriedenheit	neg 1.0		__DUMMY__ 0.4697876990954223 neg 0.2903934855398702 off 0.23981881536470762	false	1.0
kurz	neg 1.0		__DUMMY__ 0.47267503866143296 neg 0.2815201289508479 off 0.2458048323877193	false	1.0
unsinnig	neg 1.0		__DUMMY__ 0.4676788856474749 neg 0.2884898476538504 off 0.24383126669867464	false	1.0
penner	off 1.0	off 1.0	off 0.6186253490547775 __DUMMY__ 0.2256749090223273 neg 0.15569974192289524	false	1.0
seicht	neg 1.0		__DUMMY__ 0.46187013254996195 neg 0.2764951341605248 off 0.26163473328951325	false	1.0
dummheit	off 1.0	off 1.0	off 0.6114487809480353 __DUMMY__ 0.22698312466628892 neg 0.16156809438567557	false	1.0
unerfreulich	neg 1.0		__DUMMY__ 0.4715017628641281 neg 0.28841420113793476 off 0.24008403599793715	false	1.0
motherfucker	off 1.0	off 1.0	off 0.6142331624075535 __DUMMY__ 0.22631191282214974 neg 0.1594549247702967	false	1.0
pikiert	neg 1.0		__DUMMY__ 0.465169591969501 neg 0.28305182635429166 off 0.25177858167620737	false	1.0
wrack	neg 1.0		__DUMMY__ 0.473822359657515 neg 0.2830139759042425 off 0.24316366443824247	false	1.0
gangster	neg 1.0		__DUMMY__ 0.4687297820396576 neg 0.28168948228024165 off 0.2495807356801007	false	1.0
krank	neg 1.0		__DUMMY__ 0.46849301282098693 neg 0.276658362829383 off 0.2548486243496301	false	1.0
reich	neg 1.0		__DUMMY__ 0.46640025832480625 neg 0.2829530880169342 off 0.25064665365825956	false	1.0
gnadenlos	neg 1.0		__DUMMY__ 0.4690966501555758 neg 0.28336837988110103 off 0.24753496996332308	false	1.0
niedergeschlagen	neg 1.0		__DUMMY__ 0.4714058570720045 neg 0.28297106615129203 off 0.24562307677670356	false	1.0
terrorisieren	off 1.0	off 1.0	off 0.6077670490320094 __DUMMY__ 0.22893185627498644 neg 0.16330109469300422	false	1.0
sinnlosigkeit	neg 1.0		__DUMMY__ 0.4689865934825656 neg 0.2871486344917591 off 0.2438647720256753	false	1.0
behindern	neg 1.0		__DUMMY__ 0.46883678350332314 neg 0.28589672322276816 off 0.24526649327390887	false	1.0
undemokratisch	neg 1.0		__DUMMY__ 0.466360433248925 neg 0.2873827603287279 off 0.24625680642234707	false	1.0
wirtschaftskrise	neg 1.0		__DUMMY__ 0.4685095242799829 neg 0.289544464928339 off 0.24194601079167813	false	1.0
neid	neg 1.0		__DUMMY__ 0.470160224389134 neg 0.27697330204200166 off 0.2528664735688644	false	1.0
rutschen	neg 1.0	neg 1.0	neg 0.6304020037876662 __DUMMY__ 0.23303061510933445 off 0.13656738110299932	false	1.0
rezession	neg 1.0		__DUMMY__ 0.46379711463227113 neg 0.28013235775898987 off 0.25607052760873894	false	1.0
fehlgeburt	neg 1.0		__DUMMY__ 0.47082148034824295 neg 0.2795939528036093 off 0.24958456684814778	false	1.0
charakterschwach	off 1.0		__DUMMY__ 0.46655866758051256 neg 0.28016684470800096 off 0.2532744877114864	false	0.5
isolation	neg 1.0		__DUMMY__ 0.46961131243535204 neg 0.278762365073928 off 0.2516263224907199	false	1.0
ablenkung	neg 1.0		__DUMMY__ 0.46996592906799245 neg 0.2828780644022701 off 0.2471560065297374	false	1.0
pech	neg 1.0		__DUMMY__ 0.46953347734011286 neg 0.2789776151189174 off 0.2514889075409697	false	1.0
vermeidung	neg 1.0		__DUMMY__ 0.4660643562395428 neg 0.2806306843012174 off 0.25330495945923975	false	1.0
dominieren	neg 1.0		__DUMMY__ 0.47274279349781584 neg 0.2837487812878523 off 0.24350842521433186	false	1.0
schwindlig	neg 1.0		__DUMMY__ 0.4719677316145278 neg 0.27731833952889234 off 0.2507139288565799	false	1.0
lutscher	neg 1.0		__DUMMY__ 0.4626301154198274 neg 0.27458048731956075 off 0.26278939726061173	false	1.0
pflicht	neg 1.0		__DUMMY__ 0.46998517308948357 neg 0.2895377783093116 off 0.2404770486012048	false	1.0
faschist	off 1.0		__DUMMY__ 0.46529077411276826 neg 0.28617762792561663 off 0.24853159796161514	false	0.5
verschleudern	neg 1.0		__DUMMY__ 0.4664097384073735 neg 0.2934490931716753 off 0.24014116842095123	false	1.0
wenn			__DUMMY__ 0.46818781660417735 neg 0.28013224496678935 off 0.25167993842903336	false	0.0
ehebruch	neg 1.0		__DUMMY__ 0.4686724300618066 neg 0.289156431747217 off 0.2421711381909764	false	1.0
spott	off 1.0		__DUMMY__ 0.46835586330920287 neg 0.2902456354989599 off 0.24139850119183717	false	0.5
trostlosigkeit	neg 1.0		__DUMMY__ 0.47100627602288925 neg 0.28960539825574333 off 0.23938832572136753	false	1.0
lutschen	neg 1.0		__DUMMY__ 0.46746926100545233 neg 0.283609013880487 off 0.24892172511406066	false	1.0
undiszipliniert	neg 1.0		__DUMMY__ 0.46731089337591 neg 0.27724791906957785 off 0.25544118755451206	false	1.0
kopfschmerz	neg 1.0		__DUMMY__ 0.4718471366382607 neg 0.2825399180866427 off 0.24561294527509664	false	1.0
unvorhergesehen	neg 1.0		__DUMMY__ 0.4748236788935241 neg 0.28121274159191717 off 0.2439635795145587	false	1.0
desinteressiert	neg 1.0		__DUMMY__ 0.46602634252289554 neg 0.2792123333799653 off 0.254761324097139	false	1.0
armselig	off 1.0		__DUMMY__ 0.46376714857172735 neg 0.2811907424674034 off 0.2550421089608692	false	0.5
desaster	neg 1.0		__DUMMY__ 0.47061192631413434 neg 0.2916276385625189 off 0.23776043512334685	false	1.0
tod	neg 1.0		__DUMMY__ 0.47239586165308306 neg 0.2840592967596256 off 0.24354484158729142	false	1.0
herzlos	neg 1.0		__DUMMY__ 0.4653838390265843 neg 0.27828086366444066 off 0.2563352973089751	false	1.0
unwissenheit	neg 1.0		__DUMMY__ 0.4670911451813444 neg 0.29013504711160687 off 0.24277380770704873	false	1.0
widersinnig	neg 1.0	neg 1.0	neg 0.6352563519381141 __DUMMY__ 0.22673993316978594 off 0.1380037148920999	false	1.0
bedenklich	neg 1.0		__DUMMY__ 0.46890088684455017 neg 0.28907663288843327 off 0.24202248026701662	false	1.0
beanstanden	neg 1.0		__DUMMY__ 0.471048783253834 neg 0.2887996122495626 off 0.24015160449660347	false	1.0
panisch	neg 1.0	neg 1.0	neg 0.6267017419968841 __DUMMY__ 0.23052990218355213 off 0.14276835581956368	false	1.0
debil	off 1.0		__DUMMY__ 0.47341453128087546 neg 0.29168780518423165 off 0.234897663534893	false	0.5
abstrich	neg 1.0		__DUMMY__ 0.469935561195831 neg 0.2872497347135223 off 0.24281470409064662	false	1.0
primitiv	neg 1.0		__DUMMY__ 0.4652738075558816 neg 0.2810020231034662 off 0.2537241693406523	false	1.0
abschaum	off 1.0	off 1.0	off 0.6128579033917491 __DUMMY__ 0.2266691281073458 neg 0.16047296850090517	false	1.0
provozieren	neg 1.0		__DUMMY__ 0.46802460903995263 neg 0.2850855044142378 off 0.24688988654580968	false	1.0
tot	neg 1.0		__DUMMY__ 0.4710354782911036 neg 0.2866145550880186 off 0.24234996662087774	false	1.0
instabil	neg 1.0		__DUMMY__ 0.46456801059070135 neg 0.28225244095513613 off 0.25317954845416246	false	1.0
schwuchtel	off 1.0		__DUMMY__ 0.46066479313174913 neg 0.271669433684788 off 0.2676657731834631	false	0.5
zerren	neg 1.0		__DUMMY__ 0.47160125547918014 neg 0.2825461088359446 off 0.2458526356848752	false	1.0
kinderficker	off 1.0		__DUMMY__ 0.4625745523300964 neg 0.279824796975265 off 0.2576006506946386	false	0.5
gefahr	neg 1.0		__DUMMY__ 0.4712551745876937 neg 0.2881755230964059 off 0.24056930231590035	false	1.0
rabiat	neg 1.0		__DUMMY__ 0.4680747938110858 neg 0.28586135190310874 off 0.24606385428580546	false	1.0
verlangsamung	neg 1.0		__DUMMY__ 0.46313356120960414 neg 0.27692137258939425 off 0.25994506620100166	false	1.0
ausgestorben	neg 1.0		__DUMMY__ 0.47062144729049515 neg 0.283089993285876 off 0.24628855942362882	false	1.0
anklagen	neg 1.0		__DUMMY__ 0.4687515432321035 neg 0.28720603464490296 off 0.24404242212299346	false	1.0
trott	neg 1.0		__DUMMY__ 0.47048939648083876 neg 0.2833202971124081 off 0.24619030640675305	false	1.0
verminderung	neg 1.0		__DUMMY__ 0.46585295128373116 neg 0.2799456381293947 off 0.2542014105868741	false	1.0
nach			__DUMMY__ 0.4781405004478417 neg 0.28312287819771986 off 0.2387366213544386	false	0.0
rost	neg 1.0		__DUMMY__ 0.46358700695349964 neg 0.2779161639307001 off 0.2584968291158002	false	1.0
destruktiv	neg 1.0		__DUMMY__ 0.46654859539987675 neg 0.28857956035611515 off 0.2448718442440081	false	1.0
unzumutbarkeit	neg 1.0		__DUMMY__ 0.4695775230917389 neg 0.27783448363894137 off 0.25258799326931974	false	1.0
labil	off 1.0	off 1.0	off 0.6129507603955872 __DUMMY__ 0.2270584183740519 neg 0.15999082123036093	false	1.0
ziemlich	neg 1.0		__DUMMY__ 0.46866629847731694 neg 0.2773840390495785 off 0.25394966247310463	false	1.0
lachnummer	off 1.0		__DUMMY__ 0.46835913675894314 neg 0.28574637749946874 off 0.24589448574158795	false	0.5
oder			__DUMMY__ 0.4714529102629006 neg 0.2808042369268439 off 0.2477428528102555	false	0.0
verfall	neg 1.0		__DUMMY__ 0.4715786610812883 neg 0.2931688180080156 off 0.23525252091069607	false	1.0
ausgrenzung	neg 1.0		__DUMMY__ 0.4657871272801259 neg 0.2873049104374016 off 0.24690796228247244	false	1.0
unordnung	neg 1.0		__DUMMY__ 0.46958731259552267 neg 0.276848802987839 off 0.25356388441663846	false	1.0
fehlverhalten	neg 1.0		__DUMMY__ 0.46947359681600326 neg 0.28987641705010947 off 0.24064998613388716	false	1.0
eine			__DUMMY__ 0.47146800449042175 neg 0.2879044831417556 off 0.2406275123678225	false	0.0
nille	neg 1.0		__DUMMY__ 0.46996645423270206 neg 0.2847716436611208 off 0.24526190210617715	false	1.0
qual	neg 1.0		__DUMMY__ 0.4700784706922265 neg 0.2841460658082049 off 0.2457754634995686	false	1.0
verschwenden	neg 1.0		__DUMMY__ 0.46937956070619175 neg 0.28782438308079555 off 0.24279605621301256	false	1.0
riesig	neg 1.0	neg 1.0	neg 0.6312726025982083 __DUMMY__ 0.2304014120172413 off 0.13832598538455057	false	1.0
verurteilen	neg 1.0		__DUMMY__ 0.468094509446657 neg 0.28872707325847063 off 0.24317841729487238	false	1.0
klischee	neg 1.0	neg 1.0	neg 0.6312779193047118 __DUMMY__ 0.22671386971762683 off 0.14200821097766142	false	1.0
diktatorisch	neg 1.0		__DUMMY__ 0.4647511550384946 neg 0.28898101207554133 off 0.2462678328859641	false	1.0
vorhersehbar	neg 1.0	neg 1.0	neg 0.6309592334239833 __DUMMY__ 0.22729008780604285 off 0.14175067876997377	false	1.0
sowie			__DUMMY__ 0.4643522136808022 neg 0.27737248474404563 off 0.2582753015751522	false	0.0
stornieren	neg 1.0		__DUMMY__ 0.473972803799426 neg 0.2767953195326999 off 0.24923187666787414	false	1.0
besteuerung	neg 1.0		__DUMMY__ 0.4665194470598214 neg 0.28734644054239794 off 0.2461341123977807	false	1.0
ungeschminkt	neg 1.0		__DUMMY__ 0.4666296414081441 neg 0.2799798639727527 off 0.2533904946191033	false	1.0
kritisch	neg 1.0		__DUMMY__ 0.4692530724316873 neg 0.28882828622455176 off 0.24191864134376112	false	1.0
schlamperei	off 1.0		__DUMMY__ 0.46932503329949515 neg 0.29006654461583076 off 0.2406084220846741	false	0.5
sucht	neg 1.0	neg 1.0	neg 0.6301048930150921 __DUMMY__ 0.22960116777370124 off 0.14029393921120667	false	1.0
egoistisch	off 1.0		__DUMMY__ 0.46504276259069816 neg 0.2756961393838491 off 0.25926109802545266	false	0.5
ausbeuter	off 1.0		__DUMMY__ 0.4682297414637674 neg 0.29179327990319126 off 0.2399769786330412	false	0.5
arschgeburt	off 1.0		__DUMMY__ 0.4598811084756817 neg 0.2726115867102772 off 0.26750730481404106	false	0.5
schubs	neg 1.0	neg 1.0	neg 0.6301278897254199 __DUMMY__ 0.23063353843520526 off 0.13923857183937483	false	1.0
unsolide	neg 1.0		__DUMMY__ 0.46267396227837443 neg 0.29123263980622816 off 0.2460933979153975	false	1.0
beschwerde	neg 1.0		__DUMMY__ 0.4694062112163653 neg 0.28970680964045914 off 0.24088697914317553	false	1.0
stocken	neg 1.0		__DUMMY__ 0.4701256556040126 neg 0.28798509915297926 off 0.24188924524300814	false	1.0
isolieren	neg 1.0		__DUMMY__ 0.46873460515844534 neg 0.28852351461312725 off 0.24274188022842738	false	1.0
unheilbar	neg 1.0		__DUMMY__ 0.4695861412802045 neg 0.2832496709643507 off 0.2471641877554449	false	1.0
pisser	off 1.0		__DUMMY__ 0.4670642114661121 neg 0.27812329376057904 off 0.2548124947733088	false	0.5
löschen	neg 1.0		__DUMMY__ 0.46941564996872215 neg 0.2842658324564952 off 0.2463185175747826	false	1.0
durchfallen	neg 1.0		__DUMMY__ 0.46826687370455056 neg 0.288527029965666 off 0.2432060963297834	false	1.0
wichser	off 1.0		__DUMMY__ 0.4633140929006386 neg 0.2721097328751109 off 0.26457617422425045	false	0.5
terror	neg 1.0		__DUMMY__ 0.4703796703529404 neg 0.2792872413021543 off 0.25033308834490536	false	1.0
krass	neg 1.0		__DUMMY__ 0.46607034395915437 neg 0.2766941750928836 off 0.25723548094796217	false	1.0
revolte	neg 1.0		__DUMMY__ 0.46622623764072896 neg 0.2859205077859909 off 0.24785325457328014	false	1.0
besorgt	neg 1.0		__DUMMY__ 0.472394953381409 neg 0.28254366111053736 off 0.2450613855080535	false	1.0
nachlassen	neg 1.0		__DUMMY__ 0.47018425000855624 neg 0.2883966931748112 off 0.24141905681663237	false	1.0
alt	neg 1.0		__DUMMY__ 0.47079419105117815 neg 0.28619332581448054 off 0.24301248313434143	false	1.0
hundesohn	off 1.0		__DUMMY__ 0.4622255188829535 neg 0.27567428098548874 off 0.26210020013155777	false	0.5
als			__DUMMY__ 0.4718974972090804 neg 0.2829036611610889 off 0.24519884162983052	false	0.0
abschreckung	neg 1.0		__DUMMY__ 0.47043078865827603 neg 0.29038472677818694 off 0.2391844845635371	false	1.0
unqualifiziert	neg 1.0		__DUMMY__ 0.46496584995723067 neg 0.2859925421643502 off 0.24904160787841903	false	1.0
abgewichst	off 1.0		__DUMMY__ 0.4703350420608999 neg 0.2850461809621354 off 0.24461877697696463	false	0.5
schwer	neg 1.0		__DUMMY__ 0.4699621648935214 neg 0.2833885531289312 off 0.2466492819775474	false	1.0
bedeutungslosigkeit	neg 1.0		__DUMMY__ 0.47002054900147555 neg 0.2897788273715859 off 0.2402006236269385	false	1.0
kapitulation	neg 1.0		__DUMMY__ 0.4671653494897966 neg 0.29204441418976573 off 0.24079023632043775	false	1.0
unscharf	neg 1.0		__DUMMY__ 0.46916007136293847 neg 0.2813319292995537 off 0.24950799933750786	false	1.0
schwinden	neg 1.0		__DUMMY__ 0.469987129642834 neg 0.29002321306379364 off 0.2399896572933724	false	1.0
versklavung	neg 1.0		__DUMMY__ 0.4645254348611346 neg 0.28981011380785676 off 0.2456644513310086	false	1.0
schlecht	neg 1.0		__DUMMY__ 0.46874247239140504 neg 0.2771650584756472 off 0.25409246913294786	false	1.0
verhasst	neg 1.0		__DUMMY__ 0.467929886046473 neg 0.2847443076694699 off 0.24732580628405723	false	1.0
beschweren	neg 1.0		__DUMMY__ 0.46888605608486705 neg 0.28234489886624725 off 0.24876904504888558	false	1.0
scheiden	neg 1.0		__DUMMY__ 0.4742922437184932 neg 0.2768778675464988 off 0.2488298887350079	false	1.0
frustriert	neg 1.0		__DUMMY__ 0.4702370968504232 neg 0.2843230502095126 off 0.24543985294006426	false	1.0
schimmelig	neg 1.0		__DUMMY__ 0.4720248468637913 neg 0.2852803201236965 off 0.24269483301251235	false	1.0
fisch	neg 1.0		__DUMMY__ 0.4757544611532399 neg 0.2816750697180547 off 0.24257046912870545	false	1.0
schmuggel	neg 1.0		__DUMMY__ 0.4732096187616261 neg 0.28547660315859424 off 0.24131377807977966	false	1.0
auffallen	neg 1.0		__DUMMY__ 0.4693736474380241 neg 0.28077875451104584 off 0.2498475980509301	false	1.0
konkurrenz	neg 1.0	neg 1.0	neg 0.6334551394617903 __DUMMY__ 0.23036486736323875 off 0.13617999317497084	false	1.0
teufelskreis	neg 1.0	neg 1.0	neg 0.6327785198644851 __DUMMY__ 0.22793323620242317 off 0.1392882439330918	false	1.0
aufschreien	neg 1.0		__DUMMY__ 0.4674675772138087 neg 0.28361954833369885 off 0.24891287445249233	false	1.0
schuldner	neg 1.0		__DUMMY__ 0.4705562600224647 neg 0.28889567080425455 off 0.2405480691732808	false	1.0
missgeburt	off 1.0	off 1.0	off 0.6169198609959332 __DUMMY__ 0.22597430520245299 neg 0.1571058338016138	false	1.0
arbeitslos	neg 1.0		__DUMMY__ 0.46849348851066197 neg 0.28788986183034054 off 0.24361664965899735	false	1.0
befallen	neg 1.0		__DUMMY__ 0.4669152083615216 neg 0.2898424039306815 off 0.24324238770779674	false	1.0
miesepetrig	off 1.0	off 1.0	off 0.6142418936211843 __DUMMY__ 0.22812781257764386 neg 0.1576302938011718	false	1.0
alarmieren	neg 1.0		__DUMMY__ 0.4660128720821087 neg 0.2831711838030621 off 0.2508159441148292	false	1.0
ungeduscht	off 1.0		__DUMMY__ 0.46986019541964896 neg 0.2787071554459263 off 0.25143264913442465	false	0.5
knappheit	neg 1.0		__DUMMY__ 0.46779320198191954 neg 0.2910639187259133 off 0.24114287929216724	false	1.0
schlange	neg 1.0		__DUMMY__ 0.4721691049296075 neg 0.2778767776871624 off 0.24995411738323	false	1.0
harsch	neg 1.0		__DUMMY__ 0.4683223412454169 neg 0.2728988325980377 off 0.25877882615654535	false	1.0
lang	neg 1.0		__DUMMY__ 0.46961477246962813 neg 0.2834246076212985 off 0.24696061990907336	false	1.0
ziellos	neg 1.0		__DUMMY__ 0.4719996924673952 neg 0.28358030529880573 off 0.24442000223379898	false	1.0
selbstverliebt	neg 1.0		__DUMMY__ 0.4606017064455405 neg 0.27477804710932346 off 0.2646202464451359	false	1.0
beseitigen	neg 1.0	neg 1.0	neg 0.630042884165384 __DUMMY__ 0.23009780835685034 off 0.13985930747776573	false	1.0
dumm	off 1.0		__DUMMY__ 0.46410540243024984 neg 0.2757453027982802 off 0.26014929477147003	false	0.5
arbeitsloser	neg 1.0		__DUMMY__ 0.47070830562911936 neg 0.28591510747491683 off 0.24337658689596367	false	1.0
blitzen	neg 1.0		__DUMMY__ 0.46830457343701165 neg 0.2816132299326719 off 0.25008219663031644	false	1.0
hilflos	neg 1.0		__DUMMY__ 0.47003349926495336 neg 0.28522018497374163 off 0.24474631576130504	false	1.0
eklig	off 1.0		__DUMMY__ 0.4642277691929531 neg 0.27476652934842766 off 0.26100570145861934	false	0.5
begriff			__DUMMY__ 0.468203906726547 neg 0.28727117576076866 off 0.24452491751268435	false	0.0
hungersnot	neg 1.0		__DUMMY__ 0.46967151488880404 neg 0.2860871121595644 off 0.2442413729516317	false	1.0
ungesetzlich	neg 1.0		__DUMMY__ 0.46306279940260303 neg 0.2904460467250993 off 0.24649115387229778	false	1.0
verschwendung	neg 1.0		__DUMMY__ 0.47003705456918693 neg 0.28848003457705707 off 0.241482910853756	false	1.0
schmerzvoll	neg 1.0		__DUMMY__ 0.4692702750661884 neg 0.281876023098107 off 0.24885370183570463	false	1.0
vorzeitig	neg 1.0		__DUMMY__ 0.4700705953996473 neg 0.2792290515227418 off 0.25070035307761096	false	1.0
unvollkommenheit	neg 1.0		__DUMMY__ 0.4729070776427653 neg 0.2823617030012197 off 0.24473121935601502	false	1.0
intervenieren	neg 1.0		__DUMMY__ 0.4683003604562793 neg 0.2913071897196207 off 0.24039244982409994	false	1.0
banause	off 1.0		__DUMMY__ 0.4625178675302235 neg 0.2745651308265029 off 0.2629170016432737	false	0.5
rebell	neg 1.0		__DUMMY__ 0.47211918334773706 neg 0.2898340531571634 off 0.23804676349509954	false	1.0
unlogisch	neg 1.0		__DUMMY__ 0.46623925870327937 neg 0.27744335832281247 off 0.2563173829739081	false	1.0
leiden	neg 1.0		__DUMMY__ 0.4756007594266688 neg 0.28139380372183515 off 0.24300543685149611	false	1.0
abschaffung	neg 1.0		__DUMMY__ 0.4671013942297548 neg 0.28672273990699704 off 0.24617586586324816	false	1.0
sturz	neg 1.0		__DUMMY__ 0.4708377936955272 neg 0.28223570665716474 off 0.24692649964730803	false	1.0
verkleinerung	neg 1.0		__DUMMY__ 0.465474298971833 neg 0.28578280925979266 off 0.24874289176837422	false	1.0
schmarotzer	off 1.0		__DUMMY__ 0.46761915880772925 neg 0.28929760313670455 off 0.2430832380555662	false	0.5
bestrafung	neg 1.0		__DUMMY__ 0.46805890941776185 neg 0.28419546002960666 off 0.2477456305526314	false	1.0
achtlos	neg 1.0		__DUMMY__ 0.4709961499280428 neg 0.2820405033036798 off 0.24696334676827741	false	1.0
ungeheuer	neg 1.0		__DUMMY__ 0.4700684088304549 neg 0.27916009755489724 off 0.25077149361464784	false	1.0
unaufrichtig	neg 1.0		__DUMMY__ 0.46548821804196844 neg 0.286807656562073 off 0.2477041253959585	false	1.0
groggy	neg 1.0		__DUMMY__ 0.4676092148688307 neg 0.28317031717192953 off 0.2492204679592398	false	1.0
verletzlich	neg 1.0		__DUMMY__ 0.46705877685939623 neg 0.2780592673189927 off 0.25488195582161105	false	1.0
