unsolidarisch	neg 1.0		neg 0.5053638038828273 off 0.4271092381315282 __DUMMY__ 0.0675269579856444	false	1.0
nachteilig	neg 1.0		neg 0.5049871358845494 off 0.42660067991109957 __DUMMY__ 0.06841218420435123	false	1.0
skeptisch	neg 1.0		neg 0.5050191407301036 off 0.4264142816044609 __DUMMY__ 0.06856657766543563	false	1.0
schrecklich	neg 1.0		neg 0.4890203195213959 off 0.44303201623963373 __DUMMY__ 0.06794766423897027	false	1.0
schlapp	neg 1.0		neg 0.49257380645110743 off 0.4390853693469634 __DUMMY__ 0.06834082420192912	false	1.0
abfall	neg 1.0		neg 0.5080885048837411 off 0.42325783969841446 __DUMMY__ 0.06865365541784434	false	1.0
widerspenstig	neg 1.0		neg 0.4993655097336956 off 0.4322614418310967 __DUMMY__ 0.0683730484352077	false	1.0
abrupt	neg 1.0		neg 0.5017536546439623 off 0.42929777904649324 __DUMMY__ 0.06894856630954449	false	1.0
unwirksam	neg 1.0		neg 0.5025747240800676 off 0.42950552284139565 __DUMMY__ 0.06791975307853663	false	1.0
angreifen	neg 1.0	neg 1.0	neg 0.73980867971832 off 0.22745509824493373 __DUMMY__ 0.03273622203674619	false	1.0
inkonsistent	neg 1.0		neg 0.49805695694015384 off 0.43354085138624876 __DUMMY__ 0.06840219167359742	false	1.0
abrutschen	neg 1.0		neg 0.5072423032857141 off 0.42404799452285824 __DUMMY__ 0.06870970219142772	false	1.0
unsicher	neg 1.0		neg 0.49842688784906947 off 0.4330533302664908 __DUMMY__ 0.06851978188443969	false	1.0
bauernkind	off 1.0	off 1.0	off 0.7050942268518091 neg 0.262680288331528 __DUMMY__ 0.03222548481666292	false	1.0
angreifer	neg 1.0		neg 0.4965234306717948 off 0.43490895147599645 __DUMMY__ 0.0685676178522088	false	1.0
trennen	neg 1.0		neg 0.49995343047261404 off 0.4308753416748196 __DUMMY__ 0.06917122785256644	false	1.0
schmutz	neg 1.0		neg 0.4932297519692971 off 0.43777616513906525 __DUMMY__ 0.06899408289163761	false	1.0
inkonsistenz	neg 1.0		neg 0.49757717559255227 off 0.4346353241143082 __DUMMY__ 0.0677875002931396	false	1.0
erschreckend	neg 1.0		neg 0.5015462049575486 off 0.43016938583752845 __DUMMY__ 0.06828440920492278	false	1.0
ertrinken	neg 1.0		neg 0.5019034775055611 off 0.42936143539806126 __DUMMY__ 0.06873508709637764	false	1.0
pickelface	off 1.0		neg 0.5019763268177327 off 0.429614691931679 __DUMMY__ 0.06840898125058831	false	0.5
seiner			neg 0.5032669652403696 off 0.42798536516537555 __DUMMY__ 0.06874766959425478	false	0.0
lauch	neg 1.0		neg 0.5083579502653768 off 0.4231255171988803 __DUMMY__ 0.06851653253574298	false	1.0
unwichtig	neg 1.0		neg 0.49518214474445205 off 0.4367995505909026 __DUMMY__ 0.06801830466464533	false	1.0
steuerhinterziehung	neg 1.0		neg 0.5039563311280896 off 0.4279702536147206 __DUMMY__ 0.06807341525718984	false	1.0
schock	neg 1.0		neg 0.49741346200079195 off 0.4337166548744551 __DUMMY__ 0.06886988312475295	false	1.0
beule	neg 1.0		neg 0.4918344903535043 off 0.43977774667810754 __DUMMY__ 0.06838776296838825	false	1.0
vergelten	neg 1.0		neg 0.48859825793350015 off 0.443060090954604 __DUMMY__ 0.06834165111189591	false	1.0
verdorbenheit	neg 1.0		neg 0.4980835271775168 off 0.43323900729494236 __DUMMY__ 0.06867746552754095	false	1.0
trauma	neg 1.0		neg 0.49846084874781077 off 0.43321043844897394 __DUMMY__ 0.06832871280321517	false	1.0
sinnlos	neg 1.0		neg 0.495922620318371 off 0.43565134121719445 __DUMMY__ 0.06842603846443444	false	1.0
fettsack	off 1.0	off 1.0	off 0.7070201689062425 neg 0.2606222009537304 __DUMMY__ 0.032357630140027085	false	1.0
feige	off 1.0	off 1.0	off 0.7029783582980813 neg 0.2646476200704071 __DUMMY__ 0.03237402163151171	false	1.0
abdanken	neg 1.0		neg 0.5025012202492202 off 0.4293787329056857 __DUMMY__ 0.06812004684509404	false	1.0
wichtigtuer	off 1.0	off 1.0	off 0.7014888529177772 neg 0.26600580426571224 __DUMMY__ 0.032505342816510505	false	1.0
misslingen	neg 1.0		neg 0.4946559808841754 off 0.4364098135024134 __DUMMY__ 0.06893420561341117	false	1.0
untreu	off 1.0		neg 0.4942720116328527 off 0.4378286129481929 __DUMMY__ 0.06789937541895451	false	0.5
missmutig	neg 1.0		neg 0.4943820023530436 off 0.4374911092402358 __DUMMY__ 0.06812688840672078	false	1.0
hurenbock	off 1.0		neg 0.4965119521382391 off 0.4349452443997919 __DUMMY__ 0.06854280346196913	false	0.5
betrunken	neg 1.0		neg 0.4891251492073123 off 0.44250865618511714 __DUMMY__ 0.06836619460757058	false	1.0
korrupt	off 1.0		neg 0.50683756491529 off 0.4253908035202215 __DUMMY__ 0.06777163156448858	false	0.5
unmut	neg 1.0		neg 0.5080981294098094 off 0.4232784924479767 __DUMMY__ 0.06862337814221389	false	1.0
hackfresse	off 1.0		neg 0.48682824942932607 off 0.44561104721809836 __DUMMY__ 0.06756070335257568	false	0.5
aufblasen	neg 1.0		neg 0.4958715042540876 off 0.43550510275822646 __DUMMY__ 0.06862339298768602	false	1.0
gewaltsam	neg 1.0		neg 0.5002146323022519 off 0.43132817497547293 __DUMMY__ 0.06845719272227509	false	1.0
unbeliebtheit	neg 1.0		neg 0.5005724873613685 off 0.4321411108260163 __DUMMY__ 0.06728640181261522	false	1.0
sturheit	neg 1.0		neg 0.5024230895570776 off 0.4294126969193309 __DUMMY__ 0.06816421352359144	false	1.0
kuh	neg 1.0		neg 0.5001038259169247 off 0.43177526475301337 __DUMMY__ 0.06812090933006179	false	1.0
erschrecken	neg 1.0		neg 0.4941786439743786 off 0.4375163558091544 __DUMMY__ 0.06830500021646699	false	1.0
opfer	neg 1.0		neg 0.5028747657910783 off 0.42854636782191363 __DUMMY__ 0.0685788663870081	false	1.0
sinken	neg 1.0		neg 0.506335841968947 off 0.42489962987694263 __DUMMY__ 0.06876452815411026	false	1.0
stinktier	neg 1.0		neg 0.4900816042958152 off 0.44224941672122725 __DUMMY__ 0.06766897898295757	false	1.0
tucke	off 1.0		neg 0.4892753055637332 off 0.4436550229740947 __DUMMY__ 0.06706967146217208	false	0.5
ein			neg 0.4963813620268737 off 0.43494697363551854 __DUMMY__ 0.0686716643376077	false	0.0
abstieg	neg 1.0		neg 0.5018074450236096 off 0.4292741429495325 __DUMMY__ 0.06891841202685803	false	1.0
missverstehen	neg 1.0		neg 0.49821784115442597 off 0.43375989459739217 __DUMMY__ 0.06802226424818188	false	1.0
ergebnislos	neg 1.0		neg 0.5040913830389672 off 0.42731982693154663 __DUMMY__ 0.06858879002948606	false	1.0
unter			neg 0.5073562244248835 off 0.4230300030127186 __DUMMY__ 0.06961377256239804	false	0.0
manipulieren	neg 1.0		neg 0.5059019353050928 off 0.4256719723943713 __DUMMY__ 0.06842609230053602	false	1.0
unbewiesen	neg 1.0		neg 0.505782433592795 off 0.4268099922590145 __DUMMY__ 0.06740757414819049	false	1.0
verschleppen	neg 1.0		neg 0.5030725443189362 off 0.4285066599504787 __DUMMY__ 0.06842079573058492	false	1.0
weib	off 1.0		neg 0.48700950822506184 off 0.44544921488568434 __DUMMY__ 0.06754127688925392	false	0.5
opposition	neg 1.0		neg 0.49928281697579213 off 0.4326795870538389 __DUMMY__ 0.06803759597036896	false	1.0
verkehrswidrig	neg 1.0	neg 1.0	neg 0.7284862269960775 off 0.2385173744066259 __DUMMY__ 0.03299639859729661	false	1.0
inkorrekt	neg 1.0		neg 0.49583685359417545 off 0.43674509485160845 __DUMMY__ 0.06741805155421607	false	1.0
vermeiden	neg 1.0		neg 0.5081405049494883 off 0.42283378077189826 __DUMMY__ 0.06902571427861366	false	1.0
abweichung	neg 1.0		neg 0.5040218587589695 off 0.42748347377514234 __DUMMY__ 0.06849466746588807	false	1.0
alkoholisiert	neg 1.0		neg 0.4989527675435061 off 0.4316056156525408 __DUMMY__ 0.06944161680395304	false	1.0
scheiss	off 1.0	off 1.0	off 0.7046556369346165 neg 0.26271940367039814 __DUMMY__ 0.03262495939498532	false	1.0
herausforderung	neg 1.0	neg 1.0	neg 0.7361522983193155 off 0.2305353080875302 __DUMMY__ 0.03331239359315446	false	1.0
pervers	off 1.0		neg 0.4836715057543708 off 0.4489306323765382 __DUMMY__ 0.06739786186909096	false	0.5
wackelig	neg 1.0		neg 0.4980677890076753 off 0.43284472508153604 __DUMMY__ 0.06908748591078867	false	1.0
verwickeln	neg 1.0		neg 0.4985890451548569 off 0.4334198232331509 __DUMMY__ 0.06799113161199215	false	1.0
vorwand	neg 1.0		neg 0.5060596129441967 off 0.4253806122960564 __DUMMY__ 0.06855977475974678	false	1.0
muschi	off 1.0		neg 0.5011860091701009 off 0.43036821150798565 __DUMMY__ 0.06844577932191322	false	0.5
entmutigung	neg 1.0		neg 0.5010249711933282 off 0.4311153535823233 __DUMMY__ 0.06785967522434853	false	1.0
unangemessen	neg 1.0		neg 0.5031314786499095 off 0.4286486682822459 __DUMMY__ 0.06821985306784467	false	1.0
unstetig	neg 1.0		neg 0.49647272451966523 off 0.4349086197709471 __DUMMY__ 0.06861865570938769	false	1.0
entmutigen	neg 1.0		neg 0.49804755620132407 off 0.4336424844645591 __DUMMY__ 0.06830995933411686	false	1.0
schwanz	neg 1.0		neg 0.5036407936810067 off 0.42766308461336383 __DUMMY__ 0.06869612170562947	false	1.0
verbot	neg 1.0		neg 0.5048702095410189 off 0.42699667892578774 __DUMMY__ 0.06813311153319337	false	1.0
leid	neg 1.0		neg 0.48798143130703153 off 0.4441508102169353 __DUMMY__ 0.06786775847603312	false	1.0
archaisch	neg 1.0		neg 0.5021584989345553 off 0.42944760869768234 __DUMMY__ 0.06839389236776236	false	1.0
gegen			neg 0.5047323333875393 off 0.42635873086240855 __DUMMY__ 0.06890893575005214	false	0.0
scheidung	neg 1.0		neg 0.4790236778923976 off 0.45354382083745826 __DUMMY__ 0.06743250127014408	false	1.0
einschlag	neg 1.0	neg 1.0	neg 0.7313627044111195 off 0.2360356200840564 __DUMMY__ 0.03260167550482418	false	1.0
m			neg 0.5001499490439012 off 0.43110768365321334 __DUMMY__ 0.06874236730288538	false	0.0
abgestanden	neg 1.0		neg 0.49650673299301407 off 0.43484377204205965 __DUMMY__ 0.06864949496492624	false	1.0
schmierig	off 1.0		neg 0.4883186914623538 off 0.4437578276445781 __DUMMY__ 0.067923480893068	false	0.5
unpraktisch	neg 1.0		neg 0.4952805758014978 off 0.43593690478107555 __DUMMY__ 0.06878251941742662	false	1.0
wixxer	off 1.0		neg 0.48446720639517366 off 0.4482134100206482 __DUMMY__ 0.06731938358417815	false	0.5
bezeichnet			neg 0.5010854035697645 off 0.4306859923795981 __DUMMY__ 0.06822860405063744	false	0.0
jammerlappen	off 1.0		neg 0.49476949916576446 off 0.4371792662598387 __DUMMY__ 0.06805123457439688	false	0.5
farce	neg 1.0		neg 0.504594024667106 off 0.42740043089497587 __DUMMY__ 0.06800554443791806	false	1.0
zwecklos	neg 1.0		neg 0.5030114210974419 off 0.4287384864478793 __DUMMY__ 0.06825009245467878	false	1.0
turbulent	neg 1.0		neg 0.4950681740562108 off 0.43703689391619743 __DUMMY__ 0.06789493202759173	false	1.0
invasion	neg 1.0		neg 0.4957347725715343 off 0.43582855982233026 __DUMMY__ 0.06843666760613543	false	1.0
schuld	neg 1.0		neg 0.4989811552077874 off 0.4327548762617374 __DUMMY__ 0.06826396853047514	false	1.0
risiko	neg 1.0		neg 0.49793944738719087 off 0.4335031606619648 __DUMMY__ 0.06855739195084433	false	1.0
finster	neg 1.0		neg 0.4969048621147493 off 0.4345605345591433 __DUMMY__ 0.06853460332610742	false	1.0
geisteskrank	off 1.0		neg 0.49468357613101277 off 0.437605295342369 __DUMMY__ 0.06771112852661826	false	0.5
zusammenbrechen	neg 1.0		neg 0.5000187023858093 off 0.4313852378279522 __DUMMY__ 0.0685960597862387	false	1.0
ausbeute	neg 1.0		neg 0.5003860387603184 off 0.43043837520784295 __DUMMY__ 0.0691755860318386	false	1.0
hinterhalt	neg 1.0		neg 0.4991898000667918 off 0.4320012037490301 __DUMMY__ 0.06880899618417816	false	1.0
kritik	neg 1.0		neg 0.5045022989392379 off 0.4274407724703705 __DUMMY__ 0.06805692859039172	false	1.0
einschrumpfen	neg 1.0		neg 0.4988885839166003 off 0.4332866963605459 __DUMMY__ 0.06782471972285387	false	1.0
riskant	neg 1.0		neg 0.5041898475060821 off 0.4273884748367347 __DUMMY__ 0.06842167765718316	false	1.0
frustrieren	neg 1.0		neg 0.5033402369166409 off 0.428149972361011 __DUMMY__ 0.06850979072234803	false	1.0
groll	neg 1.0		neg 0.5023555143477587 off 0.42923042049671617 __DUMMY__ 0.06841406515552512	false	1.0
gibt			neg 0.5011007195546011 off 0.4303961504019846 __DUMMY__ 0.06850313004341443	false	0.0
qualvoll	neg 1.0		neg 0.4945577853777791 off 0.4370321379473002 __DUMMY__ 0.06841007667492068	false	1.0
wackeln	neg 1.0	neg 1.0	neg 0.7345647206785482 off 0.2325013309879176 __DUMMY__ 0.0329339483335342	false	1.0
klagen	neg 1.0		neg 0.5068719300482015 off 0.4244233008136009 __DUMMY__ 0.06870476913819763	false	1.0
bankrott	neg 1.0		neg 0.49458770517798906 off 0.43712149602156836 __DUMMY__ 0.06829079880044253	false	1.0
trauern	neg 1.0		neg 0.5018643550511279 off 0.42936359637776406 __DUMMY__ 0.06877204857110808	false	1.0
ablehnung	neg 1.0		neg 0.5042469810975383 off 0.42766597727217576 __DUMMY__ 0.068087041630286	false	1.0
stur	neg 1.0		neg 0.49869994933126427 off 0.43312092166192145 __DUMMY__ 0.06817912900681439	false	1.0
aufruhr	neg 1.0		neg 0.5003797689823835 off 0.43116762450376095 __DUMMY__ 0.06845260651385551	false	1.0
melancholie	neg 1.0		neg 0.5000977164355064 off 0.43112187842448996 __DUMMY__ 0.0687804051400035	false	1.0
ist			neg 0.4969174996580507 off 0.43469812507132477 __DUMMY__ 0.0683843752706245	false	0.0
torheit	neg 1.0		neg 0.5014759383888642 off 0.4306004838626866 __DUMMY__ 0.06792357774844912	false	1.0
dreckskind	off 1.0		neg 0.48893339840614525 off 0.44350190827811997 __DUMMY__ 0.06756469331573474	false	0.5
umtauschen	neg 1.0		neg 0.4981677746896213 off 0.43319454335103996 __DUMMY__ 0.0686376819593387	false	1.0
zum			neg 0.5031815254479172 off 0.4270722635169516 __DUMMY__ 0.06974621103513108	false	0.0
zersetzen	neg 1.0		neg 0.5069437210884649 off 0.42477338442062995 __DUMMY__ 0.06828289449090531	false	1.0
zur			neg 0.50735062844982 off 0.42338972425888016 __DUMMY__ 0.06925964729129985	false	0.0
frust	neg 1.0		neg 0.5001333364561025 off 0.4312528259899589 __DUMMY__ 0.06861383755393867	false	1.0
unerbittlichkeit	neg 1.0		neg 0.5060867137984456 off 0.42552537370233345 __DUMMY__ 0.06838791249922098	false	1.0
zwei			neg 0.5020605836220735 off 0.4284625306719368 __DUMMY__ 0.0694768857059895	false	0.0
unkorrekt	neg 1.0		neg 0.49491608672757126 off 0.4376502248325397 __DUMMY__ 0.06743368843988898	false	1.0
hexe	off 1.0		neg 0.4933785366793919 off 0.4385188102442447 __DUMMY__ 0.0681026530763633	false	0.5
lasch	neg 1.0		neg 0.4977256733566763 off 0.43441669687852763 __DUMMY__ 0.06785762976479602	false	1.0
rivale	neg 1.0		neg 0.49104592943125813 off 0.4408981959974809 __DUMMY__ 0.06805587457126094	false	1.0
mutlos	off 1.0	off 1.0	off 0.6972790248129977 neg 0.2701510153916377 __DUMMY__ 0.03256995979536461	false	1.0
wirr	off 1.0		neg 0.493997800387573 off 0.4384956009292035 __DUMMY__ 0.06750659868322355	false	0.5
jahr			neg 0.5004534181869191 off 0.4301957294080834 __DUMMY__ 0.06935085240499751	false	0.0
wird			neg 0.5016952754894154 off 0.42962253511607257 __DUMMY__ 0.06868218939451205	false	0.0
strafbar	neg 1.0		neg 0.50481442171572 off 0.42687539128825497 __DUMMY__ 0.06831018699602512	false	1.0
erosion	neg 1.0		neg 0.49739496206932465 off 0.4340314047813666 __DUMMY__ 0.06857363314930884	false	1.0
eingehen	neg 1.0		neg 0.5041176959612272 off 0.4276552603180918 __DUMMY__ 0.06822704372068089	false	1.0
faul	off 1.0		neg 0.4932596222060073 off 0.4383226404695326 __DUMMY__ 0.06841773732446005	false	0.5
provisorium	neg 1.0		neg 0.5091898692590708 off 0.4214279839102536 __DUMMY__ 0.06938214683067542	false	1.0
schmerzen	neg 1.0		neg 0.4985048985919248 off 0.43298105129237213 __DUMMY__ 0.06851405011570297	false	1.0
schrumpfen	neg 1.0		neg 0.5102328019560077 off 0.42103132498639234 __DUMMY__ 0.0687358730575999	false	1.0
geistlos	off 1.0		neg 0.5020081463369079 off 0.4305407017826663 __DUMMY__ 0.06745115188042573	false	0.5
fehlkauf	neg 1.0		neg 0.4983832649511808 off 0.4334374170658692 __DUMMY__ 0.0681793179829501	false	1.0
frustrierend	neg 1.0		neg 0.4935776106651945 off 0.437989228180406 __DUMMY__ 0.0684331611543996	false	1.0
unzufrieden	neg 1.0		neg 0.5027673433720051 off 0.42891791594475237 __DUMMY__ 0.06831474068324256	false	1.0
verzweifeln	neg 1.0		neg 0.49945036243087215 off 0.43207175261949743 __DUMMY__ 0.06847788494963047	false	1.0
verzweifelt	neg 1.0		neg 0.49814920794143347 off 0.4336060697193072 __DUMMY__ 0.06824472233925934	false	1.0
misstrauensantrag	neg 1.0		neg 0.49767271784866346 off 0.4341748591263341 __DUMMY__ 0.06815242302500246	false	1.0
abfallen	neg 1.0		neg 0.49532465182409535 off 0.43595131085794586 __DUMMY__ 0.06872403731795888	false	1.0
fucker	off 1.0		neg 0.4931037471207471 off 0.4390258658940852 __DUMMY__ 0.06787038698516762	false	0.5
ungezogen	neg 1.0		neg 0.48426198751456223 off 0.4480852981814619 __DUMMY__ 0.06765271430397594	false	1.0
irrsinnig	neg 1.0	neg 1.0	neg 0.7363289445350518 off 0.2310699415221744 __DUMMY__ 0.0326011139427738	false	1.0
unfassbar	neg 1.0		neg 0.493814245941599 off 0.438147965423607 __DUMMY__ 0.06803778863479394	false	1.0
hart	neg 1.0		neg 0.49548017299385244 off 0.4362953030866822 __DUMMY__ 0.06822452391946542	false	1.0
widerlich	off 1.0		neg 0.4946299749687949 off 0.4376429767155737 __DUMMY__ 0.0677270483156314	false	0.5
fatal	neg 1.0		neg 0.49767744054574214 off 0.43409283868536663 __DUMMY__ 0.06822972076889111	false	1.0
bruch	neg 1.0		neg 0.507265593174669 off 0.4241329253110607 __DUMMY__ 0.06860148151427028	false	1.0
aushungern	neg 1.0		neg 0.5036943991748718 off 0.42831021487255444 __DUMMY__ 0.06799538595257372	false	1.0
anspannung	neg 1.0	neg 1.0	neg 0.7389403030288132 off 0.22769851848242242 __DUMMY__ 0.033361178488764257	false	1.0
von			neg 0.5016259389194929 off 0.4290606095363515 __DUMMY__ 0.06931345154415562	false	0.0
kraftlos	neg 1.0		neg 0.4991332976559097 off 0.4320102234955868 __DUMMY__ 0.06885647884850343	false	1.0
vom			neg 0.5058274523826265 off 0.42441355887227644 __DUMMY__ 0.06975898874509716	false	0.0
grenzdebil	off 1.0		neg 0.4923545022832426 off 0.4395930109006383 __DUMMY__ 0.068052486816119	false	0.5
vor			neg 0.5038471032739789 off 0.42726194909510123 __DUMMY__ 0.06889094763091975	false	0.0
unterwerfen	neg 1.0		neg 0.5041652818828819 off 0.42739317594354576 __DUMMY__ 0.06844154217357226	false	1.0
versenkung	neg 1.0		neg 0.5039032928095342 off 0.42755717819672784 __DUMMY__ 0.06853952899373797	false	1.0
entziehen	neg 1.0		neg 0.506405143697084 off 0.4249458975081965 __DUMMY__ 0.06864895879471948	false	1.0
finanzkrise	neg 1.0		neg 0.5034313941807452 off 0.4285826656871763 __DUMMY__ 0.06798594013207843	false	1.0
schimpfend	neg 1.0		neg 0.4952846775077688 off 0.4359437598411807 __DUMMY__ 0.06877156265105046	false	1.0
profan	neg 1.0		neg 0.49607932116282344 off 0.4356502484531016 __DUMMY__ 0.06827043038407492	false	1.0
korruption	neg 1.0	neg 1.0	neg 0.7397172822392223 off 0.2277440898587871 __DUMMY__ 0.0325386279019907	false	1.0
â			neg 0.5019900845696502 off 0.42933146456074417 __DUMMY__ 0.06867845086960545	false	0.0
schmutzig	neg 1.0		neg 0.4924250014355455 off 0.43941459211211004 __DUMMY__ 0.06816040645234446	false	1.0
sexy	neg 1.0		neg 0.4955970948212302 off 0.4361697471755153 __DUMMY__ 0.0682331580032544	false	1.0
abraten	neg 1.0		neg 0.49682747016975665 off 0.43481161637371224 __DUMMY__ 0.06836091345653128	false	1.0
schwarz	neg 1.0		neg 0.4986186050245814 off 0.4331764100545971 __DUMMY__ 0.06820498492082157	false	1.0
fotze	off 1.0		neg 0.5036531028032026 off 0.4278451829977587 __DUMMY__ 0.06850171419903874	false	0.5
verwirren	neg 1.0		neg 0.49575436133854556 off 0.4359643599717072 __DUMMY__ 0.06828127868974726	false	1.0
zahnlos	off 1.0		neg 0.5029738101031546 off 0.4287480442581231 __DUMMY__ 0.06827814563872249	false	0.5
verheeren	neg 1.0		neg 0.4830424106251731 off 0.4492799759932975 __DUMMY__ 0.06767761338152943	false	1.0
hippie	neg 1.0		neg 0.49659803460119983 off 0.43521645239566414 __DUMMY__ 0.06818551300313608	false	1.0
rammen	neg 1.0		neg 0.49839206029092503 off 0.4332700083644873 __DUMMY__ 0.06833793134458756	false	1.0
unlauter	neg 1.0		neg 0.5028099501653236 off 0.4294455290885876 __DUMMY__ 0.06774452074608875	false	1.0
unheilvoll	neg 1.0		neg 0.49445588699657417 off 0.4369064368250033 __DUMMY__ 0.06863767617842256	false	1.0
niedrig	neg 1.0		neg 0.5035501432029306 off 0.4277600833237007 __DUMMY__ 0.06868977347336873	false	1.0
explosion	neg 1.0		neg 0.49747213012474667 off 0.434373434519888 __DUMMY__ 0.06815443535536528	false	1.0
weichei	off 1.0		neg 0.4881911356287209 off 0.4441540888071657 __DUMMY__ 0.06765477556411327	false	0.5
minusmensch	off 1.0		neg 0.4880023546957913 off 0.4450331362165942 __DUMMY__ 0.06696450908761446	false	0.5
farblos	neg 1.0		neg 0.4965318105435607 off 0.4344328938541581 __DUMMY__ 0.06903529560228099	false	1.0
unwissend	neg 1.0	neg 1.0	neg 0.7340849935612735 off 0.23344937223308998 __DUMMY__ 0.03246563420563647	false	1.0
traurig	neg 1.0		neg 0.48984705874610585 off 0.4421161967659905 __DUMMY__ 0.06803674448790359	false	1.0
senkung	neg 1.0		neg 0.49852300471161276 off 0.43355447945737874 __DUMMY__ 0.06792251583100843	false	1.0
ungleich	neg 1.0	neg 1.0	neg 0.7402748508675195 off 0.22713351806540727 __DUMMY__ 0.03259163106707315	false	1.0
heikel	neg 1.0		neg 0.505689276427485 off 0.4258815382427867 __DUMMY__ 0.0684291853297284	false	1.0
drosselung	neg 1.0		neg 0.49240488362161167 off 0.43944846705022167 __DUMMY__ 0.06814664932816664	false	1.0
falsch	neg 1.0		neg 0.4946319526073035 off 0.43715188110433467 __DUMMY__ 0.06821616628836173	false	1.0
unzufriedenheit	neg 1.0		neg 0.5064311795067278 off 0.42511930776962165 __DUMMY__ 0.06844951272365057	false	1.0
kurz	neg 1.0		neg 0.49813501075420985 off 0.4329657064836312 __DUMMY__ 0.06889928276215895	false	1.0
unsinnig	neg 1.0		neg 0.5032798043194308 off 0.4285982551457094 __DUMMY__ 0.06812194053485976	false	1.0
penner	off 1.0	off 1.0	off 0.7083301492807911 neg 0.259398431923437 __DUMMY__ 0.03227141879577184	false	1.0
seicht	neg 1.0		neg 0.487415493956166 off 0.44537801317604037 __DUMMY__ 0.06720649286779361	false	1.0
dummheit	off 1.0	off 1.0	off 0.7015302764723489 neg 0.26600506772879395 __DUMMY__ 0.03246465579885712	false	1.0
unerfreulich	neg 1.0		neg 0.5050689804908112 off 0.42621552103635785 __DUMMY__ 0.06871549847283101	false	1.0
motherfucker	off 1.0	off 1.0	off 0.7040880080401141 neg 0.26354457496440226 __DUMMY__ 0.03236741699548372	false	1.0
pikiert	neg 1.0		neg 0.49610872283497537 off 0.43616481093282694 __DUMMY__ 0.0677264662321976	false	1.0
wrack	neg 1.0		neg 0.5003816741088939 off 0.4305658156875967 __DUMMY__ 0.06905251020350925	false	1.0
gangster	neg 1.0		neg 0.4964006036232369 off 0.4353100019042157 __DUMMY__ 0.06828939447254735	false	1.0
krank	neg 1.0		neg 0.4907880230500787 off 0.44097074066957226 __DUMMY__ 0.06824123628034888	false	1.0
reich	neg 1.0		neg 0.49662519865688115 off 0.43548286471838804 __DUMMY__ 0.06789193662473092	false	1.0
gnadenlos	neg 1.0		neg 0.49843590391162135 off 0.43321798222313695 __DUMMY__ 0.06834611386524164	false	1.0
niedergeschlagen	neg 1.0		neg 0.4991261708909862 off 0.43217612594897886 __DUMMY__ 0.06869770316003491	false	1.0
terrorisieren	off 1.0	off 1.0	off 0.6985283003347025 neg 0.2687213131897578 __DUMMY__ 0.03275038647553979	false	1.0
sinnlosigkeit	neg 1.0		neg 0.5024826001027457 off 0.42919100670048843 __DUMMY__ 0.06832639319676591	false	1.0
behindern	neg 1.0		neg 0.500963088148504 off 0.43073273211506957 __DUMMY__ 0.06830417973642648	false	1.0
undemokratisch	neg 1.0		neg 0.5015368954933884 off 0.4305575912397537 __DUMMY__ 0.06790551326685805	false	1.0
wirtschaftskrise	neg 1.0		neg 0.504876872331493 off 0.42688240868289035 __DUMMY__ 0.06824071898561664	false	1.0
neid	neg 1.0		neg 0.4920114665175672 off 0.4394890083320159 __DUMMY__ 0.06849952515041702	false	1.0
rutschen	neg 1.0	neg 1.0	neg 0.7376181785795974 off 0.22903127119462913 __DUMMY__ 0.033350550225773504	false	1.0
rezession	neg 1.0		neg 0.4922991959969785 off 0.44019525952715133 __DUMMY__ 0.06750554447587022	false	1.0
fehlgeburt	neg 1.0		neg 0.49523008343885394 off 0.43618922345256744 __DUMMY__ 0.06858069310857869	false	1.0
charakterschwach	off 1.0		neg 0.49374506730353257 off 0.4383156992014651 __DUMMY__ 0.0679392334950024	false	0.5
isolation	neg 1.0		neg 0.49366746152262786 off 0.4379116256132708 __DUMMY__ 0.06842091286410139	false	1.0
ablenkung	neg 1.0		neg 0.4982911025234363 off 0.4332294468175913 __DUMMY__ 0.06847945065897239	false	1.0
pech	neg 1.0		neg 0.4937730104396808 off 0.4378309683812252 __DUMMY__ 0.06839602117909398	false	1.0
vermeidung	neg 1.0		neg 0.49386846169018794 off 0.4382690920236452 __DUMMY__ 0.06786244628616686	false	1.0
dominieren	neg 1.0		neg 0.500691725616297 off 0.43041291377951746 __DUMMY__ 0.06889536060418554	false	1.0
schwindlig	neg 1.0		neg 0.4931924841208613 off 0.43802717969876476 __DUMMY__ 0.06878033618037402	false	1.0
lutscher	neg 1.0		neg 0.4856777944362454 off 0.447000329581363 __DUMMY__ 0.06732187598239166	false	1.0
pflicht	neg 1.0		neg 0.5056016642363383 off 0.4259151704577105 __DUMMY__ 0.0684831653059511	false	1.0
faschist	off 1.0		neg 0.4997065987569405 off 0.4325570155957857 __DUMMY__ 0.06773638564727387	false	0.5
verschleudern	neg 1.0		neg 0.5080052316254152 off 0.4240818345550398 __DUMMY__ 0.06791293381954494	false	1.0
wenn			neg 0.4944389278764754 off 0.4373597466831831 __DUMMY__ 0.0682013254403414	false	0.0
ehebruch	neg 1.0		neg 0.5045693452594864 off 0.4271620360955503 __DUMMY__ 0.06826861864496317	false	1.0
spott	off 1.0		neg 0.5055872781885616 off 0.4261902644415437 __DUMMY__ 0.06822245736989467	false	0.5
trostlosigkeit	neg 1.0		neg 0.5061659887895337 off 0.42520219794095704 __DUMMY__ 0.06863181326950943	false	1.0
lutschen	neg 1.0		neg 0.4978900415957269 off 0.4340331926664232 __DUMMY__ 0.0680767657378498	false	1.0
undiszipliniert	neg 1.0		neg 0.4908758243765917 off 0.4410677848688955 __DUMMY__ 0.06805639075451286	false	1.0
kopfschmerz	neg 1.0		neg 0.49876460806475115 off 0.4324789392835024 __DUMMY__ 0.06875645265174643	false	1.0
unvorhergesehen	neg 1.0		neg 0.49885056132620537 off 0.43192787706265573 __DUMMY__ 0.06922156161113883	false	1.0
desinteressiert	neg 1.0		neg 0.49237514686161626 off 0.4397644135135045 __DUMMY__ 0.06786043962487925	false	1.0
armselig	off 1.0		neg 0.4934121674481726 off 0.439078522957342 __DUMMY__ 0.06750930959448524	false	0.5
desaster	neg 1.0		neg 0.5081894057977275 off 0.4232349603417127 __DUMMY__ 0.0685756338605598	false	1.0
tod	neg 1.0		neg 0.5008281818104675 off 0.43034079909526546 __DUMMY__ 0.06883101909426692	false	1.0
herzlos	neg 1.0		neg 0.49104320507136445 off 0.44119628556279183 __DUMMY__ 0.06776050936584375	false	1.0
unwissenheit	neg 1.0		neg 0.5047963278530931 off 0.42717636711249873 __DUMMY__ 0.06802730503440817	false	1.0
widersinnig	neg 1.0	neg 1.0	neg 0.7396917732408561 off 0.2278811026352213 __DUMMY__ 0.03242712412392267	false	1.0
bedenklich	neg 1.0		neg 0.5045294508800156 off 0.4271570531937524 __DUMMY__ 0.06831349592623201	false	1.0
beanstanden	neg 1.0		neg 0.5053494605406789 off 0.4260060425493449 __DUMMY__ 0.06864449690997619	false	1.0
panisch	neg 1.0	neg 1.0	neg 0.7326853418633288 off 0.2343319161005498 __DUMMY__ 0.03298274203612146	false	1.0
debil	off 1.0		neg 0.5095321235207565 off 0.42146205270216697 __DUMMY__ 0.06900582377707658	false	0.5
abstrich	neg 1.0		neg 0.5028070942593056 off 0.4287548903878163 __DUMMY__ 0.0684380153528781	false	1.0
primitiv	neg 1.0		neg 0.49396439140536497 off 0.43829218492475747 __DUMMY__ 0.06774342366987739	false	1.0
abschaum	off 1.0	off 1.0	off 0.7028138335924983 neg 0.2647686666173866 __DUMMY__ 0.03241749979011507	false	1.0
provozieren	neg 1.0		neg 0.49977135954677504 off 0.43205219641080495 __DUMMY__ 0.06817644404242	false	1.0
tot	neg 1.0		neg 0.5028330342818292 off 0.42855134405207224 __DUMMY__ 0.06861562166609854	false	1.0
instabil	neg 1.0		neg 0.4949456275408947 off 0.43743832329020577 __DUMMY__ 0.06761604916889959	false	1.0
schwuchtel	off 1.0		neg 0.481642020938334 off 0.4513407344772812 __DUMMY__ 0.06701724458438496	false	0.5
zerren	neg 1.0		neg 0.4987996517751199 off 0.4324657836906557 __DUMMY__ 0.06873456453422437	false	1.0
kinderficker	off 1.0		neg 0.4914221894212887 off 0.44126541348827136 __DUMMY__ 0.06731239709043983	false	0.5
gefahr	neg 1.0		neg 0.504807409866374 off 0.4265213632884905 __DUMMY__ 0.06867122684513546	false	1.0
rabiat	neg 1.0		neg 0.5006006005519081 off 0.4312158309453996 __DUMMY__ 0.06818356850269222	false	1.0
verlangsamung	neg 1.0		neg 0.48854771364080035 off 0.44405749292657054 __DUMMY__ 0.06739479343262918	false	1.0
ausgestorben	neg 1.0		neg 0.49888033515114544 off 0.4325397977074983 __DUMMY__ 0.06857986714135636	false	1.0
anklagen	neg 1.0		neg 0.5025039866928404 off 0.42921817653595934 __DUMMY__ 0.06827783677120032	false	1.0
trott	neg 1.0		neg 0.49902243792715917 off 0.4324131674217344 __DUMMY__ 0.0685643946511065	false	1.0
verminderung	neg 1.0		neg 0.49301869803517984 off 0.43915204948879466 __DUMMY__ 0.06782925247602549	false	1.0
nach			neg 0.5026510898537637 off 0.427600751092716 __DUMMY__ 0.06974815905352032	false	0.0
rost	neg 1.0		neg 0.48980413541081075 off 0.442736085778482 __DUMMY__ 0.06745977881070725	false	1.0
destruktiv	neg 1.0		neg 0.5028344978061456 off 0.4292232589322992 __DUMMY__ 0.06794224326155511	false	1.0
unzumutbarkeit	neg 1.0		neg 0.4926818810800919 off 0.43891804969584153 __DUMMY__ 0.06840006922406663	false	1.0
labil	off 1.0	off 1.0	off 0.7030737756613282 neg 0.26444942672619465 __DUMMY__ 0.03247679761247723	false	1.0
ziemlich	neg 1.0		neg 0.49170306757132193 off 0.44002427516458353 __DUMMY__ 0.06827265726409454	false	1.0
lachnummer	off 1.0		neg 0.5007202136959379 off 0.43105264621677536 __DUMMY__ 0.06822714008728681	false	0.5
oder			neg 0.4967512102541566 off 0.43454055870955516 __DUMMY__ 0.06870823103628836	false	0.0
verfall	neg 1.0		neg 0.5102881699038476 off 0.4209853470663785 __DUMMY__ 0.06872648302977392	false	1.0
ausgrenzung	neg 1.0		neg 0.5011565226085305 off 0.43102709418338914 __DUMMY__ 0.06781638320808038	false	1.0
unordnung	neg 1.0		neg 0.4916493271715215 off 0.4399610792329144 __DUMMY__ 0.06838959359556415	false	1.0
fehlverhalten	neg 1.0		neg 0.5057500011352288 off 0.4258506245169293 __DUMMY__ 0.06839937434784188	false	1.0
eine			neg 0.5044745467450619 off 0.42681103498315615 __DUMMY__ 0.06871441827178194	false	0.0
nille	neg 1.0		neg 0.5004329871647507 off 0.43109209100270546 __DUMMY__ 0.0684749218325438	false	1.0
qual	neg 1.0		neg 0.49971984267461894 off 0.4317797807138351 __DUMMY__ 0.06850037661154591	false	1.0
verschwenden	neg 1.0		neg 0.5033567688330258 off 0.42825630859591196 __DUMMY__ 0.06838692257106235	false	1.0
riesig	neg 1.0	neg 1.0	neg 0.737305318993896 off 0.22973514330129916 __DUMMY__ 0.032959537704804844	false	1.0
verurteilen	neg 1.0		neg 0.5038311476771574 off 0.4279879223795369 __DUMMY__ 0.06818092994330584	false	1.0
klischee	neg 1.0	neg 1.0	neg 0.735570310830128 off 0.23200338171698826 __DUMMY__ 0.03242630745288362	false	1.0
diktatorisch	neg 1.0		neg 0.502473395231488 off 0.42987257924520145 __DUMMY__ 0.06765402552331046	false	1.0
vorhersehbar	neg 1.0	neg 1.0	neg 0.7355394682177117 off 0.23195064169601276 __DUMMY__ 0.03250989008627553	false	1.0
sowie			neg 0.4895803249016083 off 0.4428245782519935 __DUMMY__ 0.06759509684639825	false	0.0
stornieren	neg 1.0		neg 0.49377757797703214 off 0.4371401544349744 __DUMMY__ 0.06908226758799338	false	1.0
besteuerung	neg 1.0		neg 0.5013792340080495 off 0.4306903537722712 __DUMMY__ 0.06793041221967941	false	1.0
ungeschminkt	neg 1.0		neg 0.49342710144144397 off 0.43862728329439765 __DUMMY__ 0.06794561526415845	false	1.0
kritisch	neg 1.0		neg 0.5044839319218701 off 0.4271500406438206 __DUMMY__ 0.06836602743430911	false	1.0
schlamperei	off 1.0		neg 0.5058837569782322 off 0.42574763634601553 __DUMMY__ 0.06836860667575227	false	0.5
sucht	neg 1.0	neg 1.0	neg 0.7357131896765599 off 0.23144723068538828 __DUMMY__ 0.03283957963805183	false	1.0
egoistisch	off 1.0		neg 0.48811169937628074 off 0.444185716003283 __DUMMY__ 0.06770258462043618	false	0.5
ausbeuter	off 1.0		neg 0.5071941542584592 off 0.42460200328256054 __DUMMY__ 0.06820384245898037	false	0.5
arschgeburt	off 1.0		neg 0.4823176193629022 off 0.4507879580680511 __DUMMY__ 0.06689442256904653	false	0.5
schubs	neg 1.0	neg 1.0	neg 0.7361861141896039 off 0.23081953357051357 __DUMMY__ 0.0329943522398826	false	1.0
unsolide	neg 1.0		neg 0.5037923121080596 off 0.4288804548117925 __DUMMY__ 0.06732723308014793	false	1.0
beschwerde	neg 1.0		neg 0.5055013067017247 off 0.42611827024847043 __DUMMY__ 0.06838042304980486	false	1.0
stocken	neg 1.0		neg 0.5039814931055564 off 0.4275231740738778 __DUMMY__ 0.0684953328205657	false	1.0
isolieren	neg 1.0		neg 0.5038902417800286 off 0.4278369717990282 __DUMMY__ 0.06827278642094317	false	1.0
unheilbar	neg 1.0		neg 0.49861205825901334 off 0.43297765629087637 __DUMMY__ 0.06841028545011028	false	1.0
pisser	off 1.0		neg 0.49178486179193687 off 0.4402044037717738 __DUMMY__ 0.06801073443628931	false	0.5
löschen	neg 1.0		neg 0.49953990491361727 off 0.43206587095247573 __DUMMY__ 0.06839422413390689	false	1.0
durchfallen	neg 1.0		neg 0.5036093464482837 off 0.42817752461382974 __DUMMY__ 0.0682131289378866	false	1.0
wichser	off 1.0		neg 0.4833617792764503 off 0.4492049780866061 __DUMMY__ 0.06743324263694367	false	0.5
terror	neg 1.0		neg 0.4945823073972283 off 0.4368784718594273 __DUMMY__ 0.06853922074334441	false	1.0
krass	neg 1.0		neg 0.4896071876704502 off 0.44253421354586 __DUMMY__ 0.0678585987836898	false	1.0
revolte	neg 1.0		neg 0.4998437408289423 off 0.43227194920680195 __DUMMY__ 0.06788430996425575	false	1.0
besorgt	neg 1.0		neg 0.49918643934984513 off 0.43196324067797254 __DUMMY__ 0.0688503199721824	false	1.0
nachlassen	neg 1.0		neg 0.5043517151510571 off 0.42714709428944075 __DUMMY__ 0.06850119055950202	false	1.0
alt	neg 1.0		neg 0.5022148227036453 off 0.4291990491908048 __DUMMY__ 0.06858612810554995	false	1.0
hundesohn	off 1.0		neg 0.48681194460490285 off 0.445928338282772 __DUMMY__ 0.06725971711232519	false	0.5
als			neg 0.4993299110780533 off 0.4318939079957941 __DUMMY__ 0.06877618092615256	false	0.0
abschreckung	neg 1.0		neg 0.506790822763951 off 0.424664642321671 __DUMMY__ 0.06854453491437787	false	1.0
unqualifiziert	neg 1.0		neg 0.4992630014470204 off 0.4330435126106336 __DUMMY__ 0.06769348594234602	false	1.0
abgewichst	off 1.0		neg 0.5008662184173034 off 0.4306002689586597 __DUMMY__ 0.06853351262403676	false	0.5
schwer	neg 1.0		neg 0.4988573379907161 off 0.4326621981715293 __DUMMY__ 0.06848046383775463	false	1.0
bedeutungslosigkeit	neg 1.0		neg 0.5059014482699814 off 0.42561357839715996 __DUMMY__ 0.06848497333285872	false	1.0
kapitulation	neg 1.0		neg 0.5069408079867932 off 0.4250248045077852 __DUMMY__ 0.06803438750542176	false	1.0
unscharf	neg 1.0		neg 0.4961075550139694 off 0.43555741380375007 __DUMMY__ 0.0683350311822805	false	1.0
schwinden	neg 1.0		neg 0.5061160038360146 off 0.42541121685555 __DUMMY__ 0.0684727793084352	false	1.0
versklavung	neg 1.0		neg 0.5031945368934303 off 0.4291851194221346 __DUMMY__ 0.06762034368443523	false	1.0
schlecht	neg 1.0		neg 0.49152757315555334 off 0.4401867243315107 __DUMMY__ 0.06828570251293598	false	1.0
verhasst	neg 1.0		neg 0.4993670829629577 off 0.4324733779648086 __DUMMY__ 0.06815953907223365	false	1.0
beschweren	neg 1.0		neg 0.4971992336348285 off 0.4344894798520662 __DUMMY__ 0.0683112865131054	false	1.0
scheiden	neg 1.0		neg 0.4939936886277762 off 0.436879748651258 __DUMMY__ 0.06912656272096594	false	1.0
frustriert	neg 1.0		neg 0.5000330394170067 off 0.43144351417748095 __DUMMY__ 0.06852344640551235	false	1.0
schimmelig	neg 1.0		neg 0.5018050753789522 off 0.42941800643871303 __DUMMY__ 0.06877691818233486	false	1.0
fisch	neg 1.0		neg 0.49983515240775467 off 0.43081731492103315 __DUMMY__ 0.06934753267121216	false	1.0
schmuggel	neg 1.0		neg 0.5028311555539743 off 0.42820467542410223 __DUMMY__ 0.06896416902192341	false	1.0
auffallen	neg 1.0		neg 0.4957436344143836 off 0.4358709750034317 __DUMMY__ 0.06838539058218468	false	1.0
konkurrenz	neg 1.0	neg 1.0	neg 0.7395474504248989 off 0.22749207903891208 __DUMMY__ 0.032960470536189	false	1.0
teufelskreis	neg 1.0	neg 1.0	neg 0.7376809402662404 off 0.22971361024212572 __DUMMY__ 0.032605449491633826	false	1.0
aufschreien	neg 1.0		neg 0.49787600924520525 off 0.4340355890903176 __DUMMY__ 0.06808840166447726	false	1.0
schuldner	neg 1.0		neg 0.5052262769444475 off 0.42621508319577517 __DUMMY__ 0.06855863985977712	false	1.0
missgeburt	off 1.0	off 1.0	off 0.706685295199154 neg 0.2610045248642081 __DUMMY__ 0.032310179936637845	false	1.0
arbeitslos	neg 1.0		neg 0.5030494562480035 off 0.428699400974335 __DUMMY__ 0.06825114277766146	false	1.0
befallen	neg 1.0		neg 0.5043749779404036 off 0.42763995014296124 __DUMMY__ 0.0679850719166351	false	1.0
miesepetrig	off 1.0	off 1.0	off 0.704890901489667 neg 0.262479489218378 __DUMMY__ 0.03262960929195494	false	1.0
alarmieren	neg 1.0		neg 0.4967680056119264 off 0.43538093149808915 __DUMMY__ 0.06785106288998448	false	1.0
ungeduscht	off 1.0		neg 0.4936106510887397 off 0.4379414228575197 __DUMMY__ 0.06844792605374052	false	0.5
knappheit	neg 1.0		neg 0.5061213361561683 off 0.42575160366600767 __DUMMY__ 0.06812706017782415	false	1.0
schlange	neg 1.0		neg 0.4939810497798116 off 0.43720065363347815 __DUMMY__ 0.06881829658671036	false	1.0
harsch	neg 1.0		neg 0.4867038753758397 off 0.44508586273002104 __DUMMY__ 0.06821026189413935	false	1.0
lang	neg 1.0		neg 0.498724740493893 off 0.4328482593165879 __DUMMY__ 0.06842700018951918	false	1.0
ziellos	neg 1.0		neg 0.5000904944300438 off 0.4311140274141353 __DUMMY__ 0.06879547815582088	false	1.0
selbstverliebt	neg 1.0		neg 0.48491104135010477 off 0.4480777399075182 __DUMMY__ 0.06701121874237699	false	1.0
beseitigen	neg 1.0	neg 1.0	neg 0.7359396887387901 off 0.23114449271869764 __DUMMY__ 0.03291581854251236	false	1.0
dumm	off 1.0		neg 0.4876636226142397 off 0.4447778098114615 __DUMMY__ 0.06755856757429889	false	0.5
arbeitsloser	neg 1.0		neg 0.502098908411021 off 0.42931286812663394 __DUMMY__ 0.068588223462345	false	1.0
blitzen	neg 1.0		neg 0.4961607989479952 off 0.43562196167265876 __DUMMY__ 0.06821723937934615	false	1.0
hilflos	neg 1.0		neg 0.5008851562477031 off 0.43062439662169094 __DUMMY__ 0.06849044713060584	false	1.0
eklig	off 1.0		neg 0.48663991469066054 off 0.4457849371253266 __DUMMY__ 0.06757514818401276	false	0.5
begriff			neg 0.5022376386839155 off 0.42956161693525796 __DUMMY__ 0.06820074438082661	false	0.0
hungersnot	neg 1.0		neg 0.5017483216684273 off 0.42983523432170895 __DUMMY__ 0.06841644400986369	false	1.0
ungesetzlich	neg 1.0		neg 0.5032316600856626 off 0.42937516184265345 __DUMMY__ 0.06739317807168393	false	1.0
verschwendung	neg 1.0		neg 0.5044366470204485 off 0.42707192909085195 __DUMMY__ 0.06849142388869933	false	1.0
schmerzvoll	neg 1.0		neg 0.49686775006182926 off 0.4347617280520186 __DUMMY__ 0.06837052188615214	false	1.0
vorzeitig	neg 1.0		neg 0.49446234806426254 off 0.43705974976729933 __DUMMY__ 0.0684779021684381	false	1.0
unvollkommenheit	neg 1.0		neg 0.49926957797963867 off 0.4318140462669376 __DUMMY__ 0.06891637575342376	false	1.0
intervenieren	neg 1.0		neg 0.506718363483855 off 0.4250689688883737 __DUMMY__ 0.06821266762777117	false	1.0
banause	off 1.0		neg 0.4855794017877658 off 0.4471151994201897 __DUMMY__ 0.06730539879204459	false	0.5
rebell	neg 1.0		neg 0.5068791115039571 off 0.42432337181384505 __DUMMY__ 0.06879751668219791	false	1.0
unlogisch	neg 1.0		neg 0.49057002156357654 off 0.44153812221457006 __DUMMY__ 0.06789185622185345	false	1.0
leiden	neg 1.0		neg 0.4994985846967175 off 0.4311607104175212 __DUMMY__ 0.06934070488576136	false	1.0
abschaffung	neg 1.0		neg 0.5011088316578317 off 0.43086967067691284 __DUMMY__ 0.06802149766525561	false	1.0
sturz	neg 1.0		neg 0.4981050408634153 off 0.43329660358311356 __DUMMY__ 0.06859835555347113	false	1.0
verkleinerung	neg 1.0		neg 0.49926169255599945 off 0.4329743749204268 __DUMMY__ 0.06776393252357378	false	1.0
schmarotzer	off 1.0		neg 0.5041626675669307 off 0.4277266041614826 __DUMMY__ 0.06811072827158665	false	0.5
bestrafung	neg 1.0		neg 0.49885332902987123 off 0.4329697803664229 __DUMMY__ 0.06817689060370584	false	1.0
achtlos	neg 1.0		neg 0.4979186680932417 off 0.4334432706036972 __DUMMY__ 0.06863806130306119	false	1.0
ungeheuer	neg 1.0		neg 0.4943487634646248 off 0.4371699062149111 __DUMMY__ 0.068481330320464	false	1.0
unaufrichtig	neg 1.0		neg 0.5004106760404828 off 0.431821385680809 __DUMMY__ 0.06776793827870818	false	1.0
groggy	neg 1.0		neg 0.49753605841707044 off 0.4343513743324337 __DUMMY__ 0.06811256725049578	false	1.0
verletzlich	neg 1.0		neg 0.49163781517062666 off 0.44034553339496346 __DUMMY__ 0.06801665143440987	false	1.0
