unsolidarisch	neg 1.0		__DUMMY__ 0.9217834778498991 neg 0.044491945909363916 off 0.03372457624073697	false	1.0
nachteilig	neg 1.0		__DUMMY__ 0.9285596180507122 neg 0.041037436219872575 off 0.030402945729415296	false	1.0
skeptisch	neg 1.0		__DUMMY__ 0.9294694172142643 neg 0.040586187318255716 off 0.029944395467479876	false	1.0
schrecklich	neg 1.0		__DUMMY__ 0.9249955693598363 off 0.040377805109461845 neg 0.034626625530701914	false	0.5
schlapp	neg 1.0		__DUMMY__ 0.9280859295398551 off 0.036686980755356646 neg 0.035227089704788196	false	0.5
abfall	neg 1.0		__DUMMY__ 0.9300293944521982 neg 0.04204911941938391 off 0.027921486128417872	false	1.0
widerspenstig	neg 1.0		__DUMMY__ 0.9282401327599412 neg 0.03865831966166147 off 0.03310154757839725	false	1.0
abrupt	neg 1.0		__DUMMY__ 0.932649190163737 neg 0.03753718538058581 off 0.029813624455677135	false	1.0
unwirksam	neg 1.0		__DUMMY__ 0.9248525668199875 neg 0.04190166245872772 off 0.03324577072128488	false	1.0
angreifen	neg 1.0	neg 1.0	neg 0.5075968631848999 __DUMMY__ 0.46487626397990595 off 0.027526872835194064	false	1.0
inkonsistent	neg 1.0		__DUMMY__ 0.9287527822764602 neg 0.03757962333994471 off 0.0336675943835952	false	1.0
abrutschen	neg 1.0		__DUMMY__ 0.9303511265320862 neg 0.041454921271979035 off 0.02819395219593478	false	1.0
unsicher	neg 1.0		__DUMMY__ 0.9289662707335176 neg 0.03749296899224895 off 0.03354076027423345	false	1.0
bauernkind	off 1.0	off 1.0	off 0.5063237481096083 __DUMMY__ 0.4590231225735516 neg 0.03465312931684006	false	1.0
angreifer	neg 1.0		__DUMMY__ 0.9297073557688428 neg 0.03586264544562836 off 0.034429998785528854	false	1.0
trennen	neg 1.0		__DUMMY__ 0.9339324112228768 neg 0.0357827828015752 off 0.030284805975547977	false	1.0
schmutz	neg 1.0		__DUMMY__ 0.9335263454900183 off 0.03418297089035096 neg 0.03229068361963065	false	0.5
inkonsistenz	neg 1.0		__DUMMY__ 0.923999630854469 neg 0.03934734497963168 off 0.03665302416589926	false	1.0
erschreckend	neg 1.0		__DUMMY__ 0.9272627233748729 neg 0.03990376555206628 off 0.03283351107306075	false	1.0
ertrinken	neg 1.0		__DUMMY__ 0.9306040435414694 neg 0.03849621607927154 off 0.030899740379258973	false	1.0
pickelface	off 1.0		__DUMMY__ 0.9286164749985362 neg 0.03949004021504442 off 0.031893484786419374	false	0.5
seiner			__DUMMY__ 0.9307398870258143 neg 0.03907768568492624 off 0.030182427289259472	false	0.0
lauch	neg 1.0		__DUMMY__ 0.9292638123293466 neg 0.04274545642763086 off 0.02799073124302255	false	1.0
unwichtig	neg 1.0		__DUMMY__ 0.9254631885887271 neg 0.03753488373490917 off 0.03700192767636375	false	1.0
steuerhinterziehung	neg 1.0		__DUMMY__ 0.9260248578966463 neg 0.041595212971296064 off 0.032379929132057575	false	1.0
schock	neg 1.0		__DUMMY__ 0.9316716260210578 neg 0.03562403131585131 off 0.03270434266309087	false	1.0
beule	neg 1.0		__DUMMY__ 0.9286839117843898 off 0.03678992954488897 neg 0.03452615867072121	false	0.5
vergelten	neg 1.0		__DUMMY__ 0.9284533108563896 off 0.03950192271599758 neg 0.032044766427612885	false	0.5
verdorbenheit	neg 1.0		__DUMMY__ 0.930579612484579 neg 0.036873902878061526 off 0.03254648463735953	false	1.0
trauma	neg 1.0		__DUMMY__ 0.927645748101742 neg 0.03821368777355692 off 0.03414056412470108	false	1.0
sinnlos	neg 1.0		__DUMMY__ 0.9284452477641667 neg 0.036375822281101006 off 0.03517892995473226	false	1.0
fettsack	off 1.0	off 1.0	off 0.5076009817597542 __DUMMY__ 0.4606554621418005 neg 0.031743556098445334	false	1.0
feige	off 1.0	off 1.0	off 0.5042879571200632 __DUMMY__ 0.46052187708232234 neg 0.03519016579761445	false	1.0
abdanken	neg 1.0		__DUMMY__ 0.9263465364663263 neg 0.04045646049542821 off 0.033197003038245555	false	1.0
wichtigtuer	off 1.0	off 1.0	off 0.5022534649222379 __DUMMY__ 0.4621768028676752 neg 0.03556973221008696	false	1.0
misslingen	neg 1.0		__DUMMY__ 0.9329548046506722 off 0.03371852109586083 neg 0.033326674253467026	false	0.5
untreu	off 1.0		__DUMMY__ 0.9244291929900375 off 0.037869354290500874 neg 0.03770145271946165	false	1.0
missmutig	neg 1.0		__DUMMY__ 0.9262634555023548 off 0.03688017002475592 neg 0.03685637447288938	false	0.5
hurenbock	off 1.0		__DUMMY__ 0.9297969695101863 neg 0.03614777445549539 off 0.034055256034318276	false	0.5
betrunken	neg 1.0		__DUMMY__ 0.9282847054547068 off 0.03858142247526288 neg 0.03313387207003039	false	0.5
korrupt	off 1.0		__DUMMY__ 0.923652312583501 neg 0.044302874690770745 off 0.03204481272572828	false	0.5
unmut	neg 1.0		__DUMMY__ 0.9299493471200135 neg 0.041873625305506486 off 0.02817702757447996	false	1.0
hackfresse	off 1.0		__DUMMY__ 0.9221955662778555 off 0.04289125450794427 neg 0.03491317921420024	false	1.0
aufblasen	neg 1.0		__DUMMY__ 0.9299761926127563 neg 0.03580919903747877 off 0.03421460834976495	false	1.0
gewaltsam	neg 1.0		__DUMMY__ 0.9288663667819513 neg 0.038342048573445926 off 0.032791584644602766	false	1.0
unbeliebtheit	neg 1.0		__DUMMY__ 0.9200920306327175 neg 0.043009926786874604 off 0.036898042580407846	false	1.0
sturheit	neg 1.0		__DUMMY__ 0.9265412423860837 neg 0.040498725975374766 off 0.03296003163854152	false	1.0
kuh	neg 1.0		__DUMMY__ 0.9268404672425498 neg 0.039886092290474 off 0.033273440466976154	false	1.0
erschrecken	neg 1.0		__DUMMY__ 0.9274960614942499 off 0.03639368583901134 neg 0.036110252666738826	false	0.5
opfer	neg 1.0		__DUMMY__ 0.9296440928098051 neg 0.039259222902665744 off 0.031096684287529146	false	1.0
sinken	neg 1.0		__DUMMY__ 0.9311261062728317 neg 0.04048178582229432 off 0.028392107904873915	false	1.0
stinktier	neg 1.0		__DUMMY__ 0.9231759893915766 off 0.04071604908836029 neg 0.03610796152006308	false	0.5
tucke	off 1.0		__DUMMY__ 0.918670743692316 off 0.04315270524384682 neg 0.038176551063837126	false	1.0
ein			__DUMMY__ 0.9304055423244371 neg 0.03593053410677898 off 0.033663923568783956	false	0.0
abstieg	neg 1.0		__DUMMY__ 0.9323785503309288 neg 0.037244394128888206 off 0.030377055540182947	false	1.0
missverstehen	neg 1.0		__DUMMY__ 0.9254776637503948 neg 0.0390538162266556 off 0.03546852002294967	false	1.0
ergebnislos	neg 1.0		__DUMMY__ 0.9297511838149708 neg 0.039861300306840104 off 0.030387515878189122	false	1.0
unter			__DUMMY__ 0.9373400156340745 neg 0.0380346923041439 off 0.024625292061781556	false	0.0
manipulieren	neg 1.0		__DUMMY__ 0.9285512370622362 neg 0.04138436740617516 off 0.030064395531588718	false	1.0
unbewiesen	neg 1.0		__DUMMY__ 0.920841437033557 neg 0.04516555104131983 off 0.03399301192512314	false	1.0
verschleppen	neg 1.0		__DUMMY__ 0.9286747403823178 neg 0.039692657536252965 off 0.03163260208142935	false	1.0
weib	off 1.0		__DUMMY__ 0.9221651649965311 off 0.04287477012077282 neg 0.034960064882696054	false	1.0
opposition	neg 1.0		__DUMMY__ 0.9256510628738436 neg 0.039841795774260245 off 0.03450714135189623	false	1.0
verkehrswidrig	neg 1.0	neg 1.0	neg 0.4953844764090654 __DUMMY__ 0.46906393434711746 off 0.035551589243817114	false	1.0
inkorrekt	neg 1.0		__DUMMY__ 0.9211721610243011 neg 0.03983284686624092 off 0.038994992109457886	false	1.0
vermeiden	neg 1.0		__DUMMY__ 0.9331987421234031 neg 0.04056150290364471 off 0.02623975497295213	false	1.0
abweichung	neg 1.0		__DUMMY__ 0.9293383391602212 neg 0.04004534225683726 off 0.03061631858294156	false	1.0
alkoholisiert	neg 1.0		__DUMMY__ 0.9368651147889273 neg 0.034011552206817466 off 0.029123333004255292	false	1.0
scheiss	off 1.0	off 1.0	off 0.5036401996078029 __DUMMY__ 0.464164625721673 neg 0.032195174670524115	false	1.0
herausforderung	neg 1.0	neg 1.0	neg 0.5001807816903805 __DUMMY__ 0.47270998765491556 off 0.027109230654703907	false	1.0
pervers	off 1.0		__DUMMY__ 0.9211082105863516 off 0.045208421362047446 neg 0.0336833680516009	false	1.0
wackelig	neg 1.0		__DUMMY__ 0.9335100299012131 neg 0.03526173069810075 off 0.031228239400686187	false	1.0
verwickeln	neg 1.0		__DUMMY__ 0.9251515886863345 neg 0.039409156519344374 off 0.03543925479432116	false	1.0
vorwand	neg 1.0		__DUMMY__ 0.929493221721543 neg 0.04107166936626467 off 0.02943510891219242	false	1.0
muschi	off 1.0		__DUMMY__ 0.9287676231788317 neg 0.03892636635029263 off 0.03230601047087576	false	0.5
entmutigung	neg 1.0		__DUMMY__ 0.9245125928467763 neg 0.04066219106866243 off 0.03482521608456121	false	1.0
unangemessen	neg 1.0		__DUMMY__ 0.9269721965493757 neg 0.040739381234830466 off 0.03228842221579391	false	1.0
unstetig	neg 1.0		__DUMMY__ 0.9305763542726803 neg 0.035739827571695214 off 0.03368381815562459	false	1.0
entmutigen	neg 1.0		__DUMMY__ 0.9276723092446415 neg 0.037877847315493124 off 0.034449843439865326	false	1.0
schwanz	neg 1.0		__DUMMY__ 0.9308988326905564 neg 0.0393456069106476 off 0.02975556039879593	false	1.0
verbot	neg 1.0		__DUMMY__ 0.9264429656170611 neg 0.04176265203762811 off 0.03179438234531074	false	1.0
leid	neg 1.0		__DUMMY__ 0.9245752219518971 off 0.041087130398497006 neg 0.03433764764960586	false	0.5
archaisch	neg 1.0		__DUMMY__ 0.9283508745727816 neg 0.0396861120178284 off 0.03196301340939	false	1.0
gegen			__DUMMY__ 0.9320624197071962 neg 0.038839972123413356 off 0.029097608169390558	false	0.0
scheidung	neg 1.0		__DUMMY__ 0.921401827625144 off 0.048069768318438344 neg 0.030528404056417616	false	0.5
einschlag	neg 1.0	neg 1.0	neg 0.5005392297780603 __DUMMY__ 0.46376410128450657 off 0.03569666893743301	false	1.0
m			__DUMMY__ 0.9307658154087927 neg 0.037615541291507223 off 0.03161864329970019	false	0.0
abgestanden	neg 1.0		__DUMMY__ 0.930786383940654 neg 0.03609745137650369 off 0.033116164682842335	false	1.0
schmierig	off 1.0		__DUMMY__ 0.9249282487428019 off 0.040758402134428516 neg 0.03431334912276962	false	1.0
unpraktisch	neg 1.0		__DUMMY__ 0.9313697068175859 neg 0.03489043677620853 off 0.033739856406205616	false	1.0
wixxer	off 1.0		__DUMMY__ 0.9205219181677525 off 0.04505310823981277 neg 0.03442497359243472	false	1.0
bezeichnet			__DUMMY__ 0.9270293237912812 neg 0.03971355933183095 off 0.033257116876887795	false	0.0
jammerlappen	off 1.0		__DUMMY__ 0.9256239267968581 neg 0.03726677121748994 off 0.037109301985651995	false	0.5
farce	neg 1.0		__DUMMY__ 0.9255435151087652 neg 0.04213026434346728 off 0.03232622054776749	false	1.0
zwecklos	neg 1.0		__DUMMY__ 0.9270404973516063 neg 0.040751482214975 off 0.03220802043341868	false	1.0
turbulent	neg 1.0		__DUMMY__ 0.9250667883072402 neg 0.0376601827112583 off 0.03727302898150146	false	1.0
invasion	neg 1.0		__DUMMY__ 0.9285543458352187 neg 0.03627131454033444 off 0.035174339624446924	false	1.0
schuld	neg 1.0		__DUMMY__ 0.927173698215118 neg 0.03860170324072645 off 0.034224598544155625	false	1.0
risiko	neg 1.0		__DUMMY__ 0.9299478959812946 neg 0.036498675140092314 off 0.033553428878613054	false	1.0
finster	neg 1.0		__DUMMY__ 0.9295484509075417 neg 0.036967075715410684 off 0.033484473377047706	false	1.0
geisteskrank	off 1.0		__DUMMY__ 0.9232254981340069 off 0.03845757752259385 neg 0.03831692434339925	false	1.0
zusammenbrechen	neg 1.0		__DUMMY__ 0.9295215163921795 neg 0.03801346397668972 off 0.03246501963113074	false	1.0
ausbeute	neg 1.0		__DUMMY__ 0.9345785119532544 neg 0.035967604726923716 off 0.029453883319821916	false	1.0
hinterhalt	neg 1.0		__DUMMY__ 0.931825949654708 neg 0.03644676635850254 off 0.031727283986789374	false	1.0
kritik	neg 1.0		__DUMMY__ 0.9259116901459495 neg 0.041862101080282946 off 0.032226208773767424	false	1.0
einschrumpfen	neg 1.0		__DUMMY__ 0.9241454246231784 neg 0.04017836028475302 off 0.03567621509206859	false	1.0
riskant	neg 1.0		__DUMMY__ 0.9281792741591066 neg 0.04086181601388687 off 0.03095890982700648	false	1.0
frustrieren	neg 1.0		__DUMMY__ 0.9289893470992366 neg 0.03997675836738532 off 0.031033894533377987	false	1.0
groll	neg 1.0		__DUMMY__ 0.9284697137985726 neg 0.03954002980396933 off 0.031990256397458144	false	1.0
gibt			__DUMMY__ 0.928750193947113 neg 0.038940888124112005 off 0.03230891792877507	false	0.0
qualvoll	neg 1.0		__DUMMY__ 0.9283537767796098 neg 0.035905018443601666 off 0.03574120477678845	false	1.0
wackeln	neg 1.0	neg 1.0	neg 0.5017384979627352 __DUMMY__ 0.4675387762614864 off 0.03072272577577838	false	1.0
klagen	neg 1.0		__DUMMY__ 0.9307531850801155 neg 0.04073862524574115 off 0.028508189674143397	false	1.0
bankrott	neg 1.0		__DUMMY__ 0.9274376576920929 neg 0.03650925499318175 off 0.036053087314725396	false	1.0
trauern	neg 1.0		__DUMMY__ 0.9312105308750405 neg 0.037929875459527994 off 0.030859593665431582	false	1.0
ablehnung	neg 1.0		__DUMMY__ 0.9261429852379072 neg 0.04154359128698147 off 0.03231342347511138	false	1.0
stur	neg 1.0		__DUMMY__ 0.9265363534714935 neg 0.03880621930601264 off 0.03465742722249379	false	1.0
aufruhr	neg 1.0		__DUMMY__ 0.9288522461064144 neg 0.03833398261970429 off 0.0328137712738814	false	1.0
melancholie	neg 1.0		__DUMMY__ 0.9313280254733142 neg 0.03749871304876444 off 0.031173261477921353	false	1.0
ist			__DUMMY__ 0.9279970952934872 neg 0.03724919411114924 off 0.03475371059536357	false	0.0
torheit	neg 1.0		__DUMMY__ 0.9249393916415937 neg 0.04080749835990613 off 0.03425310999850018	false	1.0
dreckskind	off 1.0		__DUMMY__ 0.9223417705812262 off 0.041799303199685396 neg 0.03585892621908829	false	1.0
umtauschen	neg 1.0		__DUMMY__ 0.9302419773667366 neg 0.03720977413004132 off 0.03254824850322205	false	1.0
zum			__DUMMY__ 0.9384304446065169 neg 0.03534302387466366 off 0.026226531518819367	false	0.0
zersetzen	neg 1.0		__DUMMY__ 0.9273676710210166 neg 0.04267604239239004 off 0.02995628658659346	false	1.0
zur			__DUMMY__ 0.9347850961035271 neg 0.03914220971422529 off 0.026072694182247648	false	0.0
frust	neg 1.0		__DUMMY__ 0.9296021082030593 neg 0.037978176864522706 off 0.03241971493241794	false	1.0
unerbittlichkeit	neg 1.0		__DUMMY__ 0.9282712419621778 neg 0.04168947006684365 off 0.030039287970978622	false	1.0
zwei			__DUMMY__ 0.936212584596428 neg 0.03594715815590022 off 0.027840257247671835	false	0.0
unkorrekt	neg 1.0		__DUMMY__ 0.9213796248360048 neg 0.03934087326528034 off 0.03927950189871494	false	1.0
hexe	off 1.0		__DUMMY__ 0.9264406164002212 off 0.037203028834559226 neg 0.03635635476521963	false	1.0
lasch	neg 1.0		__DUMMY__ 0.9242745885763275 neg 0.03936894052675809 off 0.03635647089691433	false	1.0
rivale	neg 1.0		__DUMMY__ 0.9260654671858809 off 0.038865737877964976 neg 0.0350687949361541	false	0.5
mutlos	off 1.0	off 1.0	off 0.4982798475697135 __DUMMY__ 0.4629931837726718 neg 0.0387269686576146	false	1.0
wirr	off 1.0		__DUMMY__ 0.9217720733392484 off 0.039362564996610096 neg 0.03886536166414157	false	1.0
jahr			__DUMMY__ 0.9355328313816055 neg 0.03537318313685367 off 0.02909398548154082	false	0.0
wird			__DUMMY__ 0.9301917995967365 neg 0.038658469884945014 off 0.031149730518318514	false	0.0
strafbar	neg 1.0		__DUMMY__ 0.9277483657095674 neg 0.04112631280206013 off 0.031125321488372364	false	1.0
erosion	neg 1.0		__DUMMY__ 0.9295273209152746 neg 0.03679290554663641 off 0.033679773538088965	false	1.0
eingehen	neg 1.0		__DUMMY__ 0.926719234205792 neg 0.04151726591465024 off 0.03176349987955765	false	1.0
faul	off 1.0		__DUMMY__ 0.9286680112865884 off 0.03607249469945224 neg 0.03525949401395933	false	1.0
provisorium	neg 1.0		__DUMMY__ 0.9355610552697986 neg 0.04012466213407042 off 0.024314282596131005	false	1.0
schmerzen	neg 1.0		__DUMMY__ 0.9293213205453412 neg 0.03783739413061186 off 0.03284128532404695	false	1.0
schrumpfen	neg 1.0		__DUMMY__ 0.9308031252006923 neg 0.04271929306441739 off 0.02647758173489032	false	1.0
geistlos	off 1.0		__DUMMY__ 0.9212313106671471 neg 0.04303745698501736 off 0.0357312323478356	false	0.5
fehlkauf	neg 1.0		__DUMMY__ 0.9267495056610322 neg 0.03854858668756428 off 0.03470190765140351	false	1.0
frustrierend	neg 1.0		__DUMMY__ 0.9285070404498582 off 0.03635345922539009 neg 0.03513950032475174	false	0.5
unzufrieden	neg 1.0		__DUMMY__ 0.9273936654165857 neg 0.040461000581280555 off 0.032145334002133694	false	1.0
verzweifeln	neg 1.0		__DUMMY__ 0.9286427271586413 neg 0.0381556129899919 off 0.033201659851366826	false	1.0
verzweifelt	neg 1.0		__DUMMY__ 0.9268481809492719 neg 0.03846514078647471 off 0.034686678264253416	false	1.0
misstrauensantrag	neg 1.0		__DUMMY__ 0.9264834853715265 neg 0.03857638610958002 off 0.03494012851889357	false	1.0
abfallen	neg 1.0		__DUMMY__ 0.9308331613488767 neg 0.03520983086682733 off 0.03395700778429597	false	1.0
fucker	off 1.0		__DUMMY__ 0.9241139722921762 off 0.03880058774414129 neg 0.0370854399636826	false	1.0
ungezogen	neg 1.0		__DUMMY__ 0.9230482796278678 off 0.04387707631724194 neg 0.033074644054890176	false	0.5
irrsinnig	neg 1.0	neg 1.0	neg 0.5054764877869967 __DUMMY__ 0.4631868578491703 off 0.03133665436383299	false	1.0
unfassbar	neg 1.0		__DUMMY__ 0.9255239634226581 off 0.0375949718477571 neg 0.036881064729584835	false	0.5
hart	neg 1.0		__DUMMY__ 0.9276097754343141 neg 0.03669500909617263 off 0.03569521546951327	false	1.0
widerlich	off 1.0		__DUMMY__ 0.9233143568757916 neg 0.03837009548646193 off 0.03831554763774655	false	0.5
fatal	neg 1.0		__DUMMY__ 0.9268992390940323 neg 0.03811871009021078 off 0.03498205081575694	false	1.0
bruch	neg 1.0		__DUMMY__ 0.9298654172627937 neg 0.04142153864067605 off 0.028713044096530128	false	1.0
aushungern	neg 1.0		__DUMMY__ 0.9253752139933482 neg 0.04154812805884478 off 0.03307665794780705	false	1.0
anspannung	neg 1.0	neg 1.0	neg 0.5027384893509632 __DUMMY__ 0.47304681317623615 off 0.024214697472800556	false	1.0
von			__DUMMY__ 0.9353523231675122 neg 0.0360003868362776 off 0.028647289996210218	false	0.0
kraftlos	neg 1.0		__DUMMY__ 0.9317034740336798 neg 0.036524531948709645 off 0.03177199401761046	false	1.0
vom			__DUMMY__ 0.9384694567761906 neg 0.03686939356362347 off 0.024661149660185903	false	0.0
grenzdebil	off 1.0		__DUMMY__ 0.9257387512597461 off 0.03825096281600861 neg 0.03601028592424529	false	1.0
vor			__DUMMY__ 0.9316806648683552 neg 0.03896773238722774 off 0.029351602744416984	false	0.0
unterwerfen	neg 1.0		__DUMMY__ 0.9287988584135193 neg 0.0403389287198123 off 0.030862212866668338	false	1.0
versenkung	neg 1.0		__DUMMY__ 0.9290634887752911 neg 0.04016025694742873 off 0.03077625427728022	false	1.0
entziehen	neg 1.0		__DUMMY__ 0.9301383183677572 neg 0.040902971907493924 off 0.028958709724748895	false	1.0
finanzkrise	neg 1.0		__DUMMY__ 0.925378393671413 neg 0.04185464516053308 off 0.03276696116805398	false	1.0
schimpfend	neg 1.0		__DUMMY__ 0.9314198485345963 neg 0.0349487342449392 off 0.03363141722046447	false	1.0
profan	neg 1.0		__DUMMY__ 0.9272870306129098 neg 0.03719511953443747 off 0.03551784985265269	false	1.0
korruption	neg 1.0	neg 1.0	neg 0.508441490663506 __DUMMY__ 0.4627359795344034 off 0.028822529802090727	false	1.0
â			__DUMMY__ 0.9302981890722746 neg 0.03887671943230645 off 0.030825091495418927	false	0.0
schmutzig	neg 1.0		__DUMMY__ 0.9264860800551131 off 0.03778890071745334 neg 0.035725019227433506	false	0.5
sexy	neg 1.0		__DUMMY__ 0.9269100703525183 neg 0.03709428302172371 off 0.03599564662575798	false	1.0
abraten	neg 1.0		__DUMMY__ 0.9279918140386862 neg 0.03730128205728296 off 0.034706903904030785	false	1.0
schwarz	neg 1.0		__DUMMY__ 0.9267324268058981 neg 0.03876055686692278 off 0.034507016327179195	false	1.0
fotze	off 1.0		__DUMMY__ 0.9291930008433411 neg 0.04013081405922705 off 0.0306761850974319	false	0.5
verwirren	neg 1.0		__DUMMY__ 0.9273176606612035 neg 0.03693328136512842 off 0.03574905797366815	false	1.0
zahnlos	off 1.0		__DUMMY__ 0.9272590188481182 neg 0.04057245220741386 off 0.032168528944467915	false	0.5
verheeren	neg 1.0		__DUMMY__ 0.9231747527483276 off 0.044836907301940905 neg 0.03198833994973145	false	0.5
hippie	neg 1.0		__DUMMY__ 0.9265092776662731 neg 0.03778019453332989 off 0.03571052780039704	false	1.0
rammen	neg 1.0		__DUMMY__ 0.9282290742066036 neg 0.03828518721149252 off 0.03348573858190386	false	1.0
unlauter	neg 1.0		__DUMMY__ 0.9235622238144674 neg 0.04249035989803998 off 0.033947416287492635	false	1.0
unheilvoll	neg 1.0		__DUMMY__ 0.930464111807875 neg 0.03477501171433996 off 0.034760876477784974	false	1.0
niedrig	neg 1.0		__DUMMY__ 0.930868149425843 neg 0.039291839373675995 off 0.02984001120048103	false	1.0
explosion	neg 1.0		__DUMMY__ 0.9264547189025031 neg 0.03835482206483432 off 0.03519045903266267	false	1.0
weichei	off 1.0		__DUMMY__ 0.9228789223015691 off 0.04171700358795307 neg 0.03540407411047793	false	1.0
minusmensch	off 1.0		__DUMMY__ 0.9175369393905312 off 0.045084116144720264 neg 0.03737894446474867	false	1.0
farblos	neg 1.0		__DUMMY__ 0.9339460447290026 neg 0.03405490419890236 off 0.03199905107209513	false	1.0
unwissend	neg 1.0	neg 1.0	neg 0.5042779024812173 __DUMMY__ 0.46166508915360516 off 0.03405700836517757	false	1.0
traurig	neg 1.0		__DUMMY__ 0.9256803740613654 off 0.039630302467546334 neg 0.03468932347108827	false	0.5
senkung	neg 1.0		__DUMMY__ 0.9248586540153053 neg 0.03979622776500021 off 0.035345118219694424	false	1.0
ungleich	neg 1.0	neg 1.0	neg 0.5088038755653669 __DUMMY__ 0.4632726836238525 off 0.027923440810780575	false	1.0
heikel	neg 1.0		__DUMMY__ 0.9284430213893525 neg 0.04151599530524797 off 0.030040983305399515	false	1.0
drosselung	neg 1.0		__DUMMY__ 0.9266925020997681 off 0.037702450555807836 neg 0.035605047344424115	false	0.5
falsch	neg 1.0		__DUMMY__ 0.926998132098818 neg 0.03651078059517998 off 0.03649108730600214	false	1.0
unzufriedenheit	neg 1.0		__DUMMY__ 0.9286015256237387 neg 0.041681944864749396 off 0.02971652951151192	false	1.0
kurz	neg 1.0		__DUMMY__ 0.9319386428407926 neg 0.03606265685946284 off 0.03199870029974459	false	1.0
unsinnig	neg 1.0		__DUMMY__ 0.9261051334475883 neg 0.0414050833275444 off 0.03248978322486726	false	1.0
penner	off 1.0	off 1.0	off 0.5094798402374325 __DUMMY__ 0.45919577735092243 neg 0.03132438241164494	false	1.0
seicht	neg 1.0		__DUMMY__ 0.9195083331765326 off 0.0441593981619812 neg 0.03633226866148619	false	0.5
dummheit	off 1.0	off 1.0	off 0.5024766449758498 __DUMMY__ 0.4616177867351496 neg 0.035905568289000565	false	1.0
unerfreulich	neg 1.0		__DUMMY__ 0.9306148923215287 neg 0.040196217711167895 off 0.02918888996730338	false	1.0
motherfucker	off 1.0	off 1.0	off 0.5054099673875547 __DUMMY__ 0.4602170293641294 neg 0.034373003248315936	false	1.0
pikiert	neg 1.0		__DUMMY__ 0.9233157448782112 neg 0.03915797445008582 off 0.037526280671702945	false	1.0
wrack	neg 1.0		__DUMMY__ 0.9338346511819587 neg 0.03613565918752202 off 0.03002968963051918	false	1.0
gangster	neg 1.0		__DUMMY__ 0.9273682392021073 neg 0.037287321634866 off 0.03534443916302677	false	1.0
krank	neg 1.0		__DUMMY__ 0.9272919579731893 off 0.03817339987210309 neg 0.03453464215470755	false	0.5
reich	neg 1.0		__DUMMY__ 0.9248859687366581 neg 0.03863155669273106 off 0.036482474570610934	false	1.0
gnadenlos	neg 1.0		__DUMMY__ 0.9276685396269767 neg 0.03808387301223681 off 0.03424758736078647	false	1.0
niedergeschlagen	neg 1.0		__DUMMY__ 0.9304682164252607 neg 0.037162541757919165 off 0.03236924181682022	false	1.0
terrorisieren	off 1.0	off 1.0	off 0.49847581772994026 __DUMMY__ 0.4652358743050716 neg 0.03628830796498819	false	1.0
sinnlosigkeit	neg 1.0		__DUMMY__ 0.9276027017778744 neg 0.04022273107142195 off 0.03217456715070358	false	1.0
behindern	neg 1.0		__DUMMY__ 0.9275082396802885 neg 0.039775130435781146 off 0.0327166298839303	false	1.0
undemokratisch	neg 1.0		__DUMMY__ 0.9248338593722769 neg 0.04075341145652348 off 0.03441272917119967	false	1.0
wirtschaftskrise	neg 1.0		__DUMMY__ 0.9272870307800211 neg 0.04152797412235721 off 0.031184995097621675	false	1.0
neid	neg 1.0		__DUMMY__ 0.929307323730529 off 0.03669568758917693 neg 0.03399698868029403	false	0.5
rutschen	neg 1.0	neg 1.0	neg 0.5018569112579402 __DUMMY__ 0.47289161536524726 off 0.025251473376812536	false	1.0
rezession	neg 1.0		__DUMMY__ 0.9216210762257339 off 0.040500541221765426 neg 0.037878382552500645	false	0.5
fehlgeburt	neg 1.0		__DUMMY__ 0.9302566207193368 neg 0.03507007400252119 off 0.03467330527814192	false	1.0
charakterschwach	off 1.0		__DUMMY__ 0.9250385414512571 off 0.03814169617398216 neg 0.03681976237476081	false	1.0
isolation	neg 1.0		__DUMMY__ 0.928477225926209 off 0.03621437338365794 neg 0.035308400690133065	false	0.5
ablenkung	neg 1.0		__DUMMY__ 0.9287131799117606 neg 0.037640135489833575 off 0.033646684598405835	false	1.0
pech	neg 1.0		__DUMMY__ 0.9286002269203609 off 0.03578228934111935 neg 0.03561748373851966	false	0.5
vermeidung	neg 1.0		__DUMMY__ 0.9242392560731828 off 0.03802954040770568 neg 0.03773120351911156	false	0.5
dominieren	neg 1.0		__DUMMY__ 0.9322190652279306 neg 0.036920015590101635 off 0.03086091918196781	false	1.0
schwindlig	neg 1.0		__DUMMY__ 0.9315197137042144 off 0.03466059809463566 neg 0.03381968820114998	false	0.5
lutscher	neg 1.0		__DUMMY__ 0.9205122920468801 off 0.04442008836622119 neg 0.035067619586898656	false	0.5
pflicht	neg 1.0		__DUMMY__ 0.9286748717380281 neg 0.04120902913805211 off 0.030116099123919878	false	1.0
faschist	off 1.0		__DUMMY__ 0.9236298573395242 neg 0.04038445794037186 off 0.035985684720103925	false	0.5
verschleudern	neg 1.0		__DUMMY__ 0.924662239714934 neg 0.04466854131645491 off 0.030669218968611116	false	1.0
wenn			__DUMMY__ 0.9267068686489827 off 0.036691755087303095 neg 0.036601376263714167	false	0.0
ehebruch	neg 1.0		__DUMMY__ 0.9274646392025293 neg 0.041173830275977076 off 0.03136153052149361	false	1.0
spott	off 1.0		__DUMMY__ 0.9270494924029969 neg 0.04192374311943789 off 0.031026764477565166	false	0.5
trostlosigkeit	neg 1.0		__DUMMY__ 0.9301339757533068 neg 0.04084173348644179 off 0.02902429076025134	false	1.0
lutschen	neg 1.0		__DUMMY__ 0.9261386509714014 neg 0.03858558456941981 off 0.035275764459178884	false	1.0
undiszipliniert	neg 1.0		__DUMMY__ 0.9259043849464804 off 0.03894076496144149 neg 0.03515485009207807	false	0.5
kopfschmerz	neg 1.0		__DUMMY__ 0.9312096808112192 neg 0.0369786611934283 off 0.0318116579953524	false	1.0
unvorhergesehen	neg 1.0		__DUMMY__ 0.9346825731149626 neg 0.03514631945893904 off 0.03017110742609834	false	1.0
desinteressiert	neg 1.0		__DUMMY__ 0.9243493232096099 off 0.038971885524016474 neg 0.03667879126637362	false	0.5
armselig	off 1.0		__DUMMY__ 0.9216349949738912 off 0.03984165209036549 neg 0.038523352935743334	false	1.0
desaster	neg 1.0		__DUMMY__ 0.9295655095726174 neg 0.04208646588980177 off 0.028348024537580774	false	1.0
tod	neg 1.0		__DUMMY__ 0.9320571436164993 neg 0.03717353216416553 off 0.030769324219335183	false	1.0
herzlos	neg 1.0		__DUMMY__ 0.9235554920828665 off 0.04005613440677669 neg 0.0363883735103569	false	0.5
unwissenheit	neg 1.0		__DUMMY__ 0.925508355517456 neg 0.04241774140120549 off 0.03207390308133851	false	1.0
widersinnig	neg 1.0	neg 1.0	neg 0.5091235590916707 __DUMMY__ 0.46123543848975507 off 0.029641002418574158	false	1.0
bedenklich	neg 1.0		__DUMMY__ 0.9275484357389495 neg 0.041321024514428 off 0.03113053974662246	false	1.0
beanstanden	neg 1.0		__DUMMY__ 0.9301101904873894 neg 0.040302716711690424 off 0.029587092800920197	false	1.0
panisch	neg 1.0	neg 1.0	neg 0.49968641554392906 __DUMMY__ 0.46837481233214645 off 0.03193877212392453	false	1.0
debil	off 1.0		__DUMMY__ 0.9329909486575673 neg 0.04149457772691464 off 0.02551447361551813	false	0.5
abstrich	neg 1.0		__DUMMY__ 0.929387184319052 neg 0.04043584083075021 off 0.030176974850197782	false	1.0
primitiv	neg 1.0		__DUMMY__ 0.9234723343066558 off 0.03865649916916918 neg 0.037871166524174986	false	0.5
abschaum	off 1.0	off 1.0	off 0.5039662712936469 __DUMMY__ 0.46113087283816934 neg 0.03490285586818378	false	1.0
provozieren	neg 1.0		__DUMMY__ 0.9265545576287955 neg 0.03932161911818189 off 0.03412382325302268	false	1.0
tot	neg 1.0		__DUMMY__ 0.9305748488278369 neg 0.03926315310410108 off 0.03016199806806197	false	1.0
instabil	neg 1.0		__DUMMY__ 0.9225968720666021 neg 0.038913386461933014 off 0.03848974147146484	false	1.0
schwuchtel	off 1.0		__DUMMY__ 0.9180863341896924 off 0.04807670646611628 neg 0.03383695934419121	false	1.0
zerren	neg 1.0		__DUMMY__ 0.9306533267618344 neg 0.03675748896948693 off 0.03258918426867861	false	1.0
kinderficker	off 1.0		__DUMMY__ 0.9204896590057888 off 0.04172010264043917 neg 0.03779023835377206	false	1.0
gefahr	neg 1.0		__DUMMY__ 0.930395103651477 neg 0.03977979247952521 off 0.029825103868997685	false	1.0
rabiat	neg 1.0		__DUMMY__ 0.9263984288359994 neg 0.039957632454920254 off 0.033643938709080334	false	1.0
verlangsamung	neg 1.0		__DUMMY__ 0.9209842892882417 off 0.04297664117371919 neg 0.0360390695380391	false	0.5
ausgestorben	neg 1.0		__DUMMY__ 0.9295449900299482 neg 0.037424949040324625 off 0.033030060929727115	false	1.0
anklagen	neg 1.0		__DUMMY__ 0.9275668529534259 neg 0.040011226050891774 off 0.032421920995682384	false	1.0
trott	neg 1.0		__DUMMY__ 0.9294298334926385 neg 0.03770009750196811 off 0.032870069005393326	false	1.0
verminderung	neg 1.0		__DUMMY__ 0.9240501573976609 off 0.03856159174864716 neg 0.03738825085369199	false	0.5
nach			__DUMMY__ 0.9383772228877951 neg 0.035026447081513375 off 0.02659633003069142	false	0.0
rost	neg 1.0		__DUMMY__ 0.9217567433747915 off 0.04174840052271283 neg 0.03649485610249568	false	0.5
destruktiv	neg 1.0		__DUMMY__ 0.92489830336588 neg 0.0417154019057429 off 0.033386294728377196	false	1.0
unzumutbarkeit	neg 1.0		__DUMMY__ 0.9287209070963643 off 0.03672416098551123 neg 0.034554931918124476	false	0.5
labil	off 1.0	off 1.0	off 0.5039433507810106 __DUMMY__ 0.4616498817385577 neg 0.0344067674804317	false	1.0
ziemlich	neg 1.0		__DUMMY__ 0.9273549593836312 off 0.03781389698530284 neg 0.034831143631066	false	0.5
lachnummer	off 1.0		__DUMMY__ 0.9269238997917943 neg 0.0394095375766537 off 0.03366656263155187	false	0.5
oder			__DUMMY__ 0.9305661037319611 neg 0.03602174417505141 off 0.03341215209298742	false	0.0
verfall	neg 1.0		__DUMMY__ 0.9307854386863483 neg 0.04275773464823094 off 0.026456826665420697	false	1.0
ausgrenzung	neg 1.0		__DUMMY__ 0.9241513508676711 neg 0.04093269668267386 off 0.03491595244965499	false	1.0
unordnung	neg 1.0		__DUMMY__ 0.9288946518899746 off 0.03725270436947952 neg 0.03385264374054588	false	0.5
fehlverhalten	neg 1.0		__DUMMY__ 0.9282976099043463 neg 0.04135760479638792 off 0.03034478529926575	false	1.0
eine			__DUMMY__ 0.930377244864511 neg 0.040089146895879973 off 0.029533608239609127	false	0.0
nille	neg 1.0		__DUMMY__ 0.9288873500161267 neg 0.038393567638070246 off 0.03271908234580311	false	1.0
qual	neg 1.0		__DUMMY__ 0.9289451726591056 neg 0.038283235714134285 off 0.03277159162676007	false	1.0
verschwenden	neg 1.0		__DUMMY__ 0.9280241581063926 neg 0.04064626418939019 off 0.0313295777042172	false	1.0
riesig	neg 1.0	neg 1.0	neg 0.5037020514756329 __DUMMY__ 0.46834503490783114 off 0.02795291361653599	false	1.0
verurteilen	neg 1.0		__DUMMY__ 0.9267831338051994 neg 0.04107121625481562 off 0.03214564993998501	false	1.0
klischee	neg 1.0	neg 1.0	neg 0.5058990132045322 __DUMMY__ 0.4609916546960299 off 0.0331093320994379	false	1.0
diktatorisch	neg 1.0		__DUMMY__ 0.9229181433763509 neg 0.04218423330817832 off 0.034897623315470847	false	1.0
vorhersehbar	neg 1.0	neg 1.0	neg 0.5051518300182277 __DUMMY__ 0.46214997517347495 off 0.03269819480829727	false	1.0
sowie			__DUMMY__ 0.9223747084607389 off 0.04152539931001165 neg 0.03609989222924947	false	0.0
stornieren	neg 1.0		__DUMMY__ 0.9338492206244636 off 0.03369683249219144 neg 0.032453946883344874	false	0.5
besteuerung	neg 1.0		__DUMMY__ 0.9249681132913974 neg 0.04127413269708571 off 0.033757754011517004	false	1.0
ungeschminkt	neg 1.0		__DUMMY__ 0.9252633490552198 off 0.037671879924845775 neg 0.03706477101993446	false	0.5
kritisch	neg 1.0		__DUMMY__ 0.9280210831345442 neg 0.04089915838134921 off 0.031079758484106556	false	1.0
schlamperei	off 1.0		__DUMMY__ 0.9282230129616175 neg 0.04146880827541807 off 0.03030817876296441	false	0.5
sucht	neg 1.0	neg 1.0	neg 0.503133315302502 __DUMMY__ 0.46696808609568197 off 0.029898598601816012	false	1.0
egoistisch	off 1.0		__DUMMY__ 0.9232841547126296 off 0.04185089099789792 neg 0.03486495428947243	false	1.0
ausbeuter	off 1.0		__DUMMY__ 0.9268773675931569 neg 0.04286902876526744 off 0.03025360364157567	false	0.5
arschgeburt	off 1.0		__DUMMY__ 0.9170746879895304 off 0.048381405138997344 neg 0.034543906871472296	false	1.0
schubs	neg 1.0	neg 1.0	neg 0.5028432248768928 __DUMMY__ 0.46876573275023664 off 0.028391042372870528	false	1.0
unsolide	neg 1.0		__DUMMY__ 0.9203030583186205 neg 0.044482308228557886 off 0.03521463345282169	false	1.0
beschwerde	neg 1.0		__DUMMY__ 0.9282993416092663 neg 0.04134173643013911 off 0.030358921960594566	false	1.0
stocken	neg 1.0		__DUMMY__ 0.9289917776383698 neg 0.04023883578373476 off 0.030769386577895505	false	1.0
isolieren	neg 1.0		__DUMMY__ 0.9275506686370212 neg 0.040848783547412525 off 0.031600547815566246	false	1.0
unheilbar	neg 1.0		__DUMMY__ 0.928468867716752 neg 0.03758102320508135 off 0.03395010907816669	false	1.0
pisser	off 1.0		__DUMMY__ 0.9257618090940521 off 0.03879356604298672 neg 0.0354446248629611	false	1.0
löschen	neg 1.0		__DUMMY__ 0.9281815227152866 neg 0.038506163717050165 off 0.033312313567663156	false	1.0
durchfallen	neg 1.0		__DUMMY__ 0.9267401362732742 neg 0.04127149217828941 off 0.031988371548436284	false	1.0
wichser	off 1.0		__DUMMY__ 0.9211963101182467 off 0.045374077504497616 neg 0.03342961237725579	false	1.0
terror	neg 1.0		__DUMMY__ 0.9293836012119936 neg 0.03545630282604478 off 0.0351600959619616	false	1.0
krass	neg 1.0		__DUMMY__ 0.9246048699938799 off 0.04006716930946055 neg 0.035327960696659645	false	0.5
revolte	neg 1.0		__DUMMY__ 0.9245309685614338 neg 0.040173328870064515 off 0.03529570256850166	false	1.0
besorgt	neg 1.0		__DUMMY__ 0.9316542240536335 neg 0.03648838047033553 off 0.03185739547603099	false	1.0
nachlassen	neg 1.0		__DUMMY__ 0.9291067905122191 neg 0.040736479317163864 off 0.030156730170617044	false	1.0
alt	neg 1.0		__DUMMY__ 0.9302720553597449 neg 0.03923694353319539 off 0.030491001107059736	false	1.0
hundesohn	off 1.0		__DUMMY__ 0.9198712502807515 off 0.0446591502605931 neg 0.03546959945865552	false	1.0
als			__DUMMY__ 0.9310833657295903 neg 0.036839728969323624 off 0.032076905301086096	false	0.0
abschreckung	neg 1.0		__DUMMY__ 0.9295466700701075 neg 0.04123529785800611 off 0.029218032071886422	false	1.0
unqualifiziert	neg 1.0		__DUMMY__ 0.9230433572941322 neg 0.04070630996264677 off 0.03625033274322094	false	1.0
abgewichst	off 1.0		__DUMMY__ 0.9293554051182576 neg 0.038546330673116344 off 0.032098264208626076	false	0.5
schwer	neg 1.0		__DUMMY__ 0.928621373177076 neg 0.037935547500009076 off 0.03344307932291495	false	1.0
bedeutungslosigkeit	neg 1.0		__DUMMY__ 0.9289483448083334 neg 0.04116147970094264 off 0.02989017549072389	false	1.0
kapitulation	neg 1.0		__DUMMY__ 0.9256564127704807 neg 0.043339080009422125 off 0.031004507220097177	false	1.0
unscharf	neg 1.0		__DUMMY__ 0.9282913295022307 neg 0.03710884629580105 off 0.03459982420196833	false	1.0
schwinden	neg 1.0		__DUMMY__ 0.9288836100988419 neg 0.04142353598339565 off 0.029692853917762385	false	1.0
versklavung	neg 1.0		__DUMMY__ 0.9225148089215817 neg 0.04298705280892642 off 0.0344981382694919	false	1.0
schlecht	neg 1.0		__DUMMY__ 0.9274154748142059 off 0.03795899104339903 neg 0.03462553414239503	false	0.5
verhasst	neg 1.0		__DUMMY__ 0.9264937121731397 neg 0.039101588123380306 off 0.034404699703479986	false	1.0
beschweren	neg 1.0		__DUMMY__ 0.9274675609785169 neg 0.03761413891801916 off 0.03491830010346393	false	1.0
scheiden	neg 1.0		__DUMMY__ 0.9344298199350529 off 0.03317644817443585 neg 0.03239373189051125	false	0.5
frustriert	neg 1.0		__DUMMY__ 0.929019167816417 neg 0.038262072889438614 off 0.03271875929414434	false	1.0
schimmelig	neg 1.0		__DUMMY__ 0.9318297958259927 neg 0.038360150690141835 off 0.029810053483865503	false	1.0
fisch	neg 1.0		__DUMMY__ 0.9365033536066489 neg 0.03471973311887736 off 0.028776913274473775	false	1.0
schmuggel	neg 1.0		__DUMMY__ 0.9327210857210233 neg 0.03768193657157502 off 0.0295969777074017	false	1.0
auffallen	neg 1.0		__DUMMY__ 0.9281137137793518 neg 0.03653156168016795 off 0.03535472454048015	false	1.0
konkurrenz	neg 1.0	neg 1.0	neg 0.5057620918932897 __DUMMY__ 0.4677627156880581 off 0.026475192418652156	false	1.0
teufelskreis	neg 1.0	neg 1.0	neg 0.5065918088849461 __DUMMY__ 0.4632263645697971 off 0.030181826545256727	false	1.0
aufschreien	neg 1.0		__DUMMY__ 0.9259444874861487 neg 0.03873164835679456 off 0.03532386415705676	false	1.0
schuldner	neg 1.0		__DUMMY__ 0.9297969426348642 neg 0.04034060746857058 off 0.029862449896565092	false	1.0
missgeburt	off 1.0	off 1.0	off 0.5077957597305875 __DUMMY__ 0.4600346438340721 neg 0.03216959643534028	false	1.0
arbeitslos	neg 1.0		__DUMMY__ 0.9269372087266734 neg 0.04082043334042622 off 0.03224235793290036	false	1.0
befallen	neg 1.0		__DUMMY__ 0.9253220563406176 neg 0.042355549459407726 off 0.03232239419997464	false	1.0
miesepetrig	off 1.0	off 1.0	off 0.5041632133809714 __DUMMY__ 0.4639503102874739 neg 0.03188647633155471	false	1.0
alarmieren	neg 1.0		__DUMMY__ 0.9241833446986938 neg 0.03870189962481164 off 0.03711475567649461	false	1.0
ungeduscht	off 1.0		__DUMMY__ 0.9291577581981244 off 0.03547780747611608 neg 0.03536443432575945	false	1.0
knappheit	neg 1.0		__DUMMY__ 0.9264385023138888 neg 0.042749980038662296 off 0.030811517647448966	false	1.0
schlange	neg 1.0		__DUMMY__ 0.9313687289521603 off 0.03461358468636734 neg 0.034017686361472343	false	0.5
harsch	neg 1.0		__DUMMY__ 0.9268741001806795 off 0.04076369508773643 neg 0.03236220473158403	false	0.5
lang	neg 1.0		__DUMMY__ 0.9283899872569122 neg 0.03798230792790621 off 0.03362770481518154	false	1.0
ziellos	neg 1.0		__DUMMY__ 0.9310342505035761 neg 0.037332554844756956 off 0.03163319465166695	false	1.0
selbstverliebt	neg 1.0		__DUMMY__ 0.9179273232796448 off 0.046218429619244446 neg 0.03585424710111081	false	0.5
beseitigen	neg 1.0	neg 1.0	neg 0.5026312091528375 __DUMMY__ 0.4676813320267547 off 0.029687458820407683	false	1.0
dumm	off 1.0		__DUMMY__ 0.9221359331614817 off 0.042545576912524176 neg 0.035318489925994144	false	1.0
arbeitsloser	neg 1.0		__DUMMY__ 0.9297029081289904 neg 0.038658859249274764 off 0.03163823262173496	false	1.0
blitzen	neg 1.0		__DUMMY__ 0.9270180389781161 neg 0.03716328750895915 off 0.03581867351292479	false	1.0
hilflos	neg 1.0		__DUMMY__ 0.928868091125357 neg 0.03885170120148019 off 0.03228020767316276	false	1.0
eklig	off 1.0		__DUMMY__ 0.9222904620784185 off 0.0429210508684219 neg 0.03478848705315968	false	1.0
begriff			__DUMMY__ 0.926856026556834 neg 0.04043472914197788 off 0.03270924430118809	false	0.0
hungersnot	neg 1.0		__DUMMY__ 0.9287355213921066 neg 0.03903738356244127 off 0.032227095045452146	false	1.0
ungesetzlich	neg 1.0		__DUMMY__ 0.920724157197396 neg 0.043635107931425214 off 0.03564073487117871	false	1.0
verschwendung	neg 1.0		__DUMMY__ 0.9288535079996048 neg 0.040660416351031466 off 0.030486075649363807	false	1.0
schmerzvoll	neg 1.0		__DUMMY__ 0.9279517748009014 neg 0.03724673504547598 off 0.03480149015362257	false	1.0
vorzeitig	neg 1.0		__DUMMY__ 0.9291484123159783 off 0.03564848013707276 neg 0.03520310754694885	false	0.5
unvollkommenheit	neg 1.0		__DUMMY__ 0.932707067747354 neg 0.035938828660388646 off 0.03135410359225733	false	1.0
intervenieren	neg 1.0		__DUMMY__ 0.9270173779195536 neg 0.04249784673380331 off 0.030484775346643143	false	1.0
banause	off 1.0		__DUMMY__ 0.9202849692400542 off 0.04450283677802039 neg 0.035212193981925335	false	1.0
rebell	neg 1.0		__DUMMY__ 0.9316834230173835 neg 0.040762540916600636 off 0.02755403606601585	false	1.0
unlogisch	neg 1.0		__DUMMY__ 0.9246244024527458 off 0.03979932963191599 neg 0.03557626791533826	false	0.5
leiden	neg 1.0		__DUMMY__ 0.9358598453506454 neg 0.034686627775143475 off 0.029453526874211135	false	1.0
abschaffung	neg 1.0		__DUMMY__ 0.9256909357388685 neg 0.040378032195587894 off 0.03393103206554359	false	1.0
sturz	neg 1.0		__DUMMY__ 0.9299399739096268 neg 0.036711110895049755 off 0.033348915195323424	false	1.0
verkleinerung	neg 1.0		__DUMMY__ 0.9236605776058622 neg 0.04049750297958948 off 0.035841919414548416	false	1.0
schmarotzer	off 1.0		__DUMMY__ 0.9260994959838537 neg 0.04174923775101296 off 0.03215126626513332	false	0.5
bestrafung	neg 1.0		__DUMMY__ 0.9266482847446915 neg 0.038699048774801015 off 0.03465266648050751	false	1.0
achtlos	neg 1.0		__DUMMY__ 0.9299512085543671 neg 0.036752204292568695 off 0.03329658715306423	false	1.0
