unsolidarisch	neg 1.0		__DUMMY__ 0.8759037698352666 neg 0.0697060038863977 off 0.05439022627833558	false	1.0
nachteilig	neg 1.0		__DUMMY__ 0.8837381670423634 neg 0.06568592170530832 off 0.05057591125232828	false	1.0
skeptisch	neg 1.0		__DUMMY__ 0.884842335936346 neg 0.06514621153146516 off 0.0500114525321889	false	1.0
schrecklich	neg 1.0		__DUMMY__ 0.8795998477807795 off 0.06284657693448008 neg 0.057553575284740435	false	0.5
schlapp	neg 1.0		__DUMMY__ 0.8831615691869613 off 0.058497095148334996 neg 0.058341335664703745	false	0.5
abfall	neg 1.0		__DUMMY__ 0.885577523887539 neg 0.06689254504552546 off 0.04752993106693566	false	1.0
widerspenstig	neg 1.0		__DUMMY__ 0.8833836455986065 neg 0.06258562401683149 off 0.054030730384561965	false	1.0
abrupt	neg 1.0		__DUMMY__ 0.8885750648944932 neg 0.06140125064081508 off 0.05002368446469157	false	1.0
unwirksam	neg 1.0		__DUMMY__ 0.8794593351141442 neg 0.06649644277555565 off 0.054044222110300154	false	1.0
angreifen	neg 1.0	neg 1.0	neg 0.5200096639584996 __DUMMY__ 0.44185298959976693 off 0.03813734644173346	false	1.0
inkonsistent	neg 1.0		__DUMMY__ 0.88392016662657 neg 0.06134233931118152 off 0.054737494062248454	false	1.0
abrutschen	neg 1.0		__DUMMY__ 0.885949234207645 neg 0.06616938426207028 off 0.04788138153028476	false	1.0
unsicher	neg 1.0		__DUMMY__ 0.884325211626436 neg 0.06123294248443599 off 0.05444184588912798	false	1.0
bauernkind	off 1.0	off 1.0	off 0.5172650853448353 __DUMMY__ 0.4360185877703279 neg 0.04671632688483677	false	1.0
angreifer	neg 1.0		__DUMMY__ 0.8851458669775446 neg 0.05934739665578182 off 0.0555067363666736	false	1.0
trennen	neg 1.0		__DUMMY__ 0.8900965885448712 neg 0.05932806843184633 off 0.05057534302328252	false	1.0
schmutz	neg 1.0		__DUMMY__ 0.8894226697362423 off 0.05543152807914042 neg 0.055145802184617225	false	0.5
inkonsistenz	neg 1.0		__DUMMY__ 0.8784045516977305 neg 0.06345284349591157 off 0.05814260480635796	false	1.0
erschreckend	neg 1.0		__DUMMY__ 0.8823034290775277 neg 0.06418945416082898 off 0.05350711676164338	false	1.0
ertrinken	neg 1.0		__DUMMY__ 0.8862516353855899 neg 0.06252762981317564 off 0.05122073480123444	false	1.0
pickelface	off 1.0		__DUMMY__ 0.8837750077999385 neg 0.06376241434612506 off 0.052462577853936446	false	0.5
seiner			__DUMMY__ 0.8863620007448584 neg 0.06329425898862133 off 0.0503437402665203	false	0.0
lauch	neg 1.0		__DUMMY__ 0.8845881344257027 neg 0.06770719386254287 off 0.04770467171175445	false	1.0
unwichtig	neg 1.0		__DUMMY__ 0.8801509843234158 neg 0.061193387694023584 off 0.058655627982560715	false	1.0
steuerhinterziehung	neg 1.0		__DUMMY__ 0.8808131766203771 neg 0.0663179250320108 off 0.05286889834761211	false	1.0
schock	neg 1.0		__DUMMY__ 0.887483316442578 neg 0.05901586525338019 off 0.053500818304041776	false	1.0
beule	neg 1.0		__DUMMY__ 0.8837881390153595 off 0.058677254502030596 neg 0.05753460648260991	false	0.5
vergelten	neg 1.0		__DUMMY__ 0.8835675609059528 off 0.061696845295458914 neg 0.05473559379858829	false	0.5
verdorbenheit	neg 1.0		__DUMMY__ 0.8860844889480013 neg 0.060460449469429745 off 0.0534550615825691	false	1.0
trauma	neg 1.0		__DUMMY__ 0.8827086075292224 neg 0.062094525974966716 off 0.05519686649581092	false	1.0
sinnlos	neg 1.0		__DUMMY__ 0.8836394774101941 neg 0.059891749560675896 off 0.05646877302913005	false	1.0
fettsack	off 1.0	off 1.0	off 0.5185517436594269 __DUMMY__ 0.43760311230465865 neg 0.043845144035914475	false	1.0
feige	off 1.0	off 1.0	off 0.515033599675442 __DUMMY__ 0.43755067963964894 neg 0.0474157206849089	false	1.0
abdanken	neg 1.0		__DUMMY__ 0.8812012164602827 neg 0.06498577063039651 off 0.05381301290932084	false	1.0
wichtigtuer	off 1.0	off 1.0	off 0.5129791681705537 __DUMMY__ 0.43915832211601863 neg 0.04786250971342761	false	1.0
misslingen	neg 1.0		__DUMMY__ 0.8887441284559571 neg 0.056409051656101335 off 0.054846819887941496	false	1.0
untreu	off 1.0		__DUMMY__ 0.8790078524252039 neg 0.06128648916784304 off 0.05970565840695304	false	0.5
missmutig	neg 1.0		__DUMMY__ 0.8811323342594805 neg 0.06031510892872665 off 0.05855255681179292	false	1.0
hurenbock	off 1.0		__DUMMY__ 0.8851914112193284 neg 0.05962163898662098 off 0.055186949794050616	false	0.5
betrunken	neg 1.0		__DUMMY__ 0.8833829456525861 off 0.060789374978221906 neg 0.055827679369192	false	0.5
korrupt	off 1.0		__DUMMY__ 0.8780577976901675 neg 0.06956528512662913 off 0.05237691718320347	false	0.5
unmut	neg 1.0		__DUMMY__ 0.8853940234461208 neg 0.06678865437318415 off 0.047817322180695114	false	1.0
hackfresse	off 1.0		__DUMMY__ 0.8763168454393911 off 0.06588994726476378 neg 0.05779320729584512	false	1.0
aufblasen	neg 1.0		__DUMMY__ 0.8854348442397235 neg 0.059170599582884016 off 0.05539455617739247	false	1.0
gewaltsam	neg 1.0		__DUMMY__ 0.8841654178124164 neg 0.06233739935201357 off 0.05349718283556993	false	1.0
unbeliebtheit	neg 1.0		__DUMMY__ 0.8739835732126504 neg 0.06771830519866298 off 0.05829812158868664	false	1.0
sturheit	neg 1.0		__DUMMY__ 0.8814224300537038 neg 0.06498983245559421 off 0.05358773749070203	false	1.0
kuh	neg 1.0		__DUMMY__ 0.8816474922698622 neg 0.06404452030391922 off 0.0543079874262185	false	1.0
erschrecken	neg 1.0		__DUMMY__ 0.8825639169344642 neg 0.059453323792451496 off 0.0579827592730843	false	1.0
opfer	neg 1.0		__DUMMY__ 0.8850366367880369 neg 0.06355198922067114 off 0.05141137399129203	false	1.0
sinken	neg 1.0		__DUMMY__ 0.8867961993913741 neg 0.06505827599418397 off 0.048145524614441826	false	1.0
stinktier	neg 1.0		__DUMMY__ 0.8774364284334707 off 0.06323909219638785 neg 0.05932447937014154	false	0.5
tucke	off 1.0		__DUMMY__ 0.8722363297924706 off 0.06616545671021518 neg 0.061598213497314376	false	1.0
ein			__DUMMY__ 0.8859683348913001 neg 0.05929376919831903 off 0.054737895910380883	false	0.0
abstieg	neg 1.0		__DUMMY__ 0.8882403540621379 neg 0.06118792608338477 off 0.05057171985447738	false	1.0
missverstehen	neg 1.0		__DUMMY__ 0.8801750156150135 neg 0.06309005813491476 off 0.05673492625007178	false	1.0
ergebnislos	neg 1.0		__DUMMY__ 0.8851977475386662 neg 0.06427643653826373 off 0.05052581592307013	false	1.0
unter			__DUMMY__ 0.894031755117168 neg 0.062236014359660946 off 0.043732230523170955	false	0.0
manipulieren	neg 1.0		__DUMMY__ 0.883763177715893 neg 0.06614382708788817 off 0.05009299519621891	false	1.0
unbewiesen	neg 1.0		__DUMMY__ 0.8748436939980284 neg 0.07048939252210555 off 0.05466691347986608	false	1.0
verschleppen	neg 1.0		__DUMMY__ 0.8838907004884712 neg 0.06411118015747345 off 0.051998119354055385	false	1.0
weib	off 1.0		__DUMMY__ 0.8762725285936945 off 0.06585425658711506 neg 0.05787321481919043	false	1.0
opposition	neg 1.0		__DUMMY__ 0.8804016741782799 neg 0.0639521637858095 off 0.05564616203591072	false	1.0
verkehrswidrig	neg 1.0	neg 1.0	neg 0.50766993748435 __DUMMY__ 0.4457012225611961 off 0.046628839954453855	false	1.0
inkorrekt	neg 1.0		__DUMMY__ 0.8751385765188551 neg 0.06393360590477637 off 0.06092781757636843	false	1.0
vermeiden	neg 1.0		__DUMMY__ 0.8891265706984841 neg 0.065223127369 off 0.045650301932515985	false	1.0
abweichung	neg 1.0		__DUMMY__ 0.8846211075333482 neg 0.06453326578699672 off 0.05084562667965513	false	1.0
alkoholisiert	neg 1.0		__DUMMY__ 0.8933139416060476 neg 0.057266547155612954 off 0.04941951123833941	false	1.0
scheiss	off 1.0	off 1.0	off 0.5146801958405721 __DUMMY__ 0.4409692503251434 neg 0.044350553834284594	false	1.0
herausforderung	neg 1.0	neg 1.0	neg 0.5127541505560669 __DUMMY__ 0.4493282956381422 off 0.037917553805790934	false	1.0
pervers	off 1.0		__DUMMY__ 0.8750296603948491 off 0.06869260070784693 neg 0.05627773889730399	false	1.0
wackelig	neg 1.0		__DUMMY__ 0.8895345442995087 neg 0.05861758640653101 off 0.05184786929396018	false	1.0
verwickeln	neg 1.0		__DUMMY__ 0.8798340728632186 neg 0.06349883365547793 off 0.05666709348130358	false	1.0
vorwand	neg 1.0		__DUMMY__ 0.8848492325167492 neg 0.06577315139170214 off 0.04937761609154855	false	1.0
muschi	off 1.0		__DUMMY__ 0.8839855285156502 neg 0.06308176470492324 off 0.05293270677942662	false	0.5
entmutigung	neg 1.0		__DUMMY__ 0.8790356191717937 neg 0.06516270333975145 off 0.05580167748845489	false	1.0
unangemessen	neg 1.0		__DUMMY__ 0.8819069835643233 neg 0.06528510924570682 off 0.05280790718996985	false	1.0
unstetig	neg 1.0		__DUMMY__ 0.8860257931106218 neg 0.05918097295210657 off 0.05479323393727164	false	1.0
entmutigen	neg 1.0		__DUMMY__ 0.8827430061992887 neg 0.06171332495462187 off 0.055543668846089314	false	1.0
schwanz	neg 1.0		__DUMMY__ 0.8863937386578751 neg 0.06365163625059345 off 0.04995462509153148	false	1.0
verbot	neg 1.0		__DUMMY__ 0.8812917928921479 neg 0.06657991404968348 off 0.05212829305816861	false	1.0
leid	neg 1.0		__DUMMY__ 0.8790590411780788 off 0.06375533506135324 neg 0.05718562376056793	false	0.5
archaisch	neg 1.0		__DUMMY__ 0.8835090779557756 neg 0.06399013684608591 off 0.052500785198138514	false	1.0
gegen			__DUMMY__ 0.8879006753503355 neg 0.06316805387346751 off 0.04893127077619715	false	0.0
scheidung	neg 1.0		__DUMMY__ 0.8754835043171996 off 0.07198784788558049 neg 0.052528647797219885	false	0.5
einschlag	neg 1.0	neg 1.0	neg 0.5127942635177445 __DUMMY__ 0.44062398743945275 off 0.04658174904280274	false	1.0
m			__DUMMY__ 0.8863297557911678 neg 0.06145862583709412 off 0.05221161837173803	false	0.0
abgestanden	neg 1.0		__DUMMY__ 0.8862285933665133 neg 0.059502142497691354 off 0.05426926413579536	false	1.0
schmierig	off 1.0		__DUMMY__ 0.8794908552012659 off 0.06333827606414691 neg 0.05717086873458721	false	1.0
unpraktisch	neg 1.0		__DUMMY__ 0.8869842390317259 neg 0.05809424453988607 off 0.05492151642838819	false	1.0
wixxer	off 1.0		__DUMMY__ 0.8743501917118429 off 0.06849116438782255 neg 0.05715864390033456	false	1.0
bezeichnet			__DUMMY__ 0.8819723799679055 neg 0.06399223252642466 off 0.054035387505669955	false	0.0
jammerlappen	off 1.0		__DUMMY__ 0.8803678961075968 neg 0.06084515796735297 off 0.058786945925050266	false	0.5
farce	neg 1.0		__DUMMY__ 0.8802269924643962 neg 0.06698619670762887 off 0.05278681082797484	false	1.0
zwecklos	neg 1.0		__DUMMY__ 0.8820403072080868 neg 0.06524104279811171 off 0.05271864999380145	false	1.0
turbulent	neg 1.0		__DUMMY__ 0.8796717129088344 neg 0.061338729762645 off 0.0589895573285206	false	1.0
invasion	neg 1.0		__DUMMY__ 0.8837467455673179 neg 0.059757943125440416 off 0.05649531130724171	false	1.0
schuld	neg 1.0		__DUMMY__ 0.882173785761018 neg 0.06258873716760632 off 0.05523747707137567	false	1.0
risiko	neg 1.0		__DUMMY__ 0.8853131536519804 neg 0.06019957285163404 off 0.05448727349638558	false	1.0
finster	neg 1.0		__DUMMY__ 0.884895769957247 neg 0.06046674019303294 off 0.05463748984972005	false	1.0
geisteskrank	off 1.0		__DUMMY__ 0.8775261104588875 neg 0.06210395647188197 off 0.0603699330692305	false	0.5
zusammenbrechen	neg 1.0		__DUMMY__ 0.8849686374045901 neg 0.06191298653137128 off 0.05311837606403861	false	1.0
ausbeute	neg 1.0		__DUMMY__ 0.8907075559281601 neg 0.0595505625954641 off 0.049741881476375746	false	1.0
hinterhalt	neg 1.0		__DUMMY__ 0.8875436217966745 neg 0.060105154528078686 off 0.05235122367524681	false	1.0
kritik	neg 1.0		__DUMMY__ 0.8806568878768077 neg 0.06668098256037344 off 0.052662129562818794	false	1.0
einschrumpfen	neg 1.0		__DUMMY__ 0.8786018756619928 neg 0.06439922405051325 off 0.056998900287494055	false	1.0
riskant	neg 1.0		__DUMMY__ 0.88341346974047 neg 0.06537928740220991 off 0.05120724285732012	false	1.0
frustrieren	neg 1.0		__DUMMY__ 0.8843064575729972 neg 0.06435328456613092 off 0.05134025786087188	false	1.0
groll	neg 1.0		__DUMMY__ 0.8836445720901901 neg 0.06387741361900627 off 0.05247801429080366	false	1.0
gibt			__DUMMY__ 0.8841007561836821 neg 0.06302245834334275 off 0.052876785472975155	false	0.0
qualvoll	neg 1.0		__DUMMY__ 0.8835790312233064 neg 0.05921543489289036 off 0.05720553388380327	false	1.0
wackeln	neg 1.0	neg 1.0	neg 0.5140385612821972 __DUMMY__ 0.4444015607758714 off 0.041559877941931424	false	1.0
klagen	neg 1.0		__DUMMY__ 0.8862770401226532 neg 0.06547292968805743 off 0.04825003018928933	false	1.0
bankrott	neg 1.0		__DUMMY__ 0.8824895769005863 neg 0.0598916357226819 off 0.05761878737673187	false	1.0
trauern	neg 1.0		__DUMMY__ 0.886857515025469 neg 0.06197716859739174 off 0.05116531637713935	false	1.0
ablehnung	neg 1.0		__DUMMY__ 0.8809134874655077 neg 0.06632647977426907 off 0.05276003276022326	false	1.0
stur	neg 1.0		__DUMMY__ 0.88144161456161 neg 0.06280067853422168 off 0.055757706904168425	false	1.0
aufruhr	neg 1.0		__DUMMY__ 0.8841208798947537 neg 0.06237762662440287 off 0.05350149348084343	false	1.0
melancholie	neg 1.0		__DUMMY__ 0.8869824952871082 neg 0.061272900931811675 off 0.05174460378108015	false	1.0
ist			__DUMMY__ 0.8831740481698465 neg 0.060883628324123515 off 0.05594232350603	false	0.0
torheit	neg 1.0		__DUMMY__ 0.8795371364171983 neg 0.06531501313600277 off 0.05514785044679883	false	1.0
dreckskind	off 1.0		__DUMMY__ 0.8764704885840008 off 0.06452885368578232 neg 0.05900065773021688	false	1.0
umtauschen	neg 1.0		__DUMMY__ 0.8857147924272339 neg 0.06081320053468211 off 0.05347200703808404	false	1.0
zum			__DUMMY__ 0.8952988846916958 neg 0.05893775516224711 off 0.04576336014605705	false	0.0
zersetzen	neg 1.0		__DUMMY__ 0.8824018542889998 neg 0.06763386145470497 off 0.049964284256295295	false	1.0
zur			__DUMMY__ 0.891030196054849 neg 0.06357210113205844 off 0.045397702813092564	false	0.0
frust	neg 1.0		__DUMMY__ 0.8850879625794315 neg 0.06187846428045566 off 0.05303357314011298	false	1.0
unerbittlichkeit	neg 1.0		__DUMMY__ 0.8834173045103775 neg 0.06649434671869671 off 0.050088348770925835	false	1.0
zwei			__DUMMY__ 0.8927782670629879 neg 0.059539214948942355 off 0.047682517988069786	false	0.0
unkorrekt	neg 1.0		__DUMMY__ 0.8753705617339935 neg 0.06330458475234955 off 0.06132485351365692	false	1.0
hexe	off 1.0		__DUMMY__ 0.8812587429943329 neg 0.05970174803701785 off 0.05903950896864917	false	0.5
lasch	neg 1.0		__DUMMY__ 0.8787861108303012 neg 0.06343444614350277 off 0.05777944302619596	false	1.0
rivale	neg 1.0		__DUMMY__ 0.880815029710634 off 0.06100246908743137 neg 0.058182501201934675	false	0.5
mutlos	off 1.0	off 1.0	off 0.5088643731603846 __DUMMY__ 0.4399599702983584 neg 0.05117565654125702	false	1.0
wirr	off 1.0		__DUMMY__ 0.8759126124695134 neg 0.06262080409956397 off 0.06146658343092266	false	0.5
jahr			__DUMMY__ 0.8919347631183865 neg 0.058852093385572964 off 0.0492131434960405	false	0.0
wird			__DUMMY__ 0.8857335602690258 neg 0.06270904510932723 off 0.05155739462164696	false	0.0
strafbar	neg 1.0		__DUMMY__ 0.8827916993483086 neg 0.06583966052788189 off 0.05136864012380957	false	1.0
erosion	neg 1.0		__DUMMY__ 0.8849072993227596 neg 0.06038080173952317 off 0.054711898937717225	false	1.0
eingehen	neg 1.0		__DUMMY__ 0.8817234673114422 neg 0.06614058353008691 off 0.052135949158470876	false	1.0
faul	off 1.0		__DUMMY__ 0.8838289018929858 neg 0.058421531429051016 off 0.05774956667796319	false	0.5
provisorium	neg 1.0		__DUMMY__ 0.8919811093401515 neg 0.06465958857765898 off 0.043359302082189605	false	1.0
schmerzen	neg 1.0		__DUMMY__ 0.8846397040642728 neg 0.06155771901683844 off 0.053802576918888616	false	1.0
schrumpfen	neg 1.0		__DUMMY__ 0.8864241332384202 neg 0.06779972902213584 off 0.04577613773944412	false	1.0
geistlos	off 1.0		__DUMMY__ 0.8752691878163189 neg 0.06786964714228458 off 0.056861165041396454	false	0.5
fehlkauf	neg 1.0		__DUMMY__ 0.8816182515026905 neg 0.06251804050475392 off 0.055863707992555516	false	1.0
frustrierend	neg 1.0		__DUMMY__ 0.8837263452430404 neg 0.05835113801514655 off 0.05792251674181309	false	1.0
unzufrieden	neg 1.0		__DUMMY__ 0.8824982055693738 neg 0.0648691019076528 off 0.05263269252297347	false	1.0
verzweifeln	neg 1.0		__DUMMY__ 0.8839404514276665 neg 0.06205579704333712 off 0.054003751528996315	false	1.0
verzweifelt	neg 1.0		__DUMMY__ 0.8818698745789872 neg 0.06232583875316574 off 0.05580428666784691	false	1.0
misstrauensantrag	neg 1.0		__DUMMY__ 0.8813725334520917 neg 0.0624216128697602 off 0.05620585367814805	false	1.0
abfallen	neg 1.0		__DUMMY__ 0.8863896851596819 neg 0.05844511834668754 off 0.05516519649363061	false	1.0
fucker	off 1.0		__DUMMY__ 0.8786528756597297 off 0.060785690218434996 neg 0.060561434121835275	false	1.0
ungezogen	neg 1.0		__DUMMY__ 0.8772753640785467 off 0.06713320741372839 neg 0.05559142850772499	false	0.5
irrsinnig	neg 1.0	neg 1.0	neg 0.517736292234737 __DUMMY__ 0.44020447742837765 off 0.04205923033688521	false	1.0
unfassbar	neg 1.0		__DUMMY__ 0.880265336661991 neg 0.06033456314336846 off 0.05940010019464048	false	1.0
hart	neg 1.0		__DUMMY__ 0.8825446186041646 neg 0.06025652163580669 off 0.05719885976002879	false	1.0
widerlich	off 1.0		__DUMMY__ 0.8776422071440431 neg 0.06212698902284992 off 0.06023080383310698	false	0.5
fatal	neg 1.0		__DUMMY__ 0.8818421303035047 neg 0.061965352901012065 off 0.05619251679548338	false	1.0
bruch	neg 1.0		__DUMMY__ 0.8853366581382878 neg 0.06622487035218146 off 0.048438471509530755	false	1.0
aushungern	neg 1.0		__DUMMY__ 0.8800757550299482 neg 0.06630314593707376 off 0.05362109903297817	false	1.0
anspannung	neg 1.0	neg 1.0	neg 0.5152958793137332 __DUMMY__ 0.44973498628056247 off 0.034969134405704365	false	1.0
von			__DUMMY__ 0.8917213761409932 neg 0.05964595602129662 off 0.04863266783771026	false	0.0
kraftlos	neg 1.0		__DUMMY__ 0.8874486290189 neg 0.060165640086007124 off 0.052385730895092915	false	1.0
vom			__DUMMY__ 0.8953690345117913 neg 0.060759111756305204 off 0.043871853731903415	false	0.0
grenzdebil	off 1.0		__DUMMY__ 0.880469111427477 off 0.060240968952947796 neg 0.059289919619575145	false	1.0
vor			__DUMMY__ 0.8875023258673187 neg 0.06315679683855667 off 0.04934087729412464	false	0.0
unterwerfen	neg 1.0		__DUMMY__ 0.8839890837287628 neg 0.06489300333389736 off 0.05111791293733979	false	1.0
versenkung	neg 1.0		__DUMMY__ 0.8844653071034532 neg 0.06457187336815301 off 0.05096281952839375	false	1.0
entziehen	neg 1.0		__DUMMY__ 0.8856031531753678 neg 0.06559809973166804 off 0.048798747092964195	false	1.0
finanzkrise	neg 1.0		__DUMMY__ 0.8800558697589649 neg 0.06654460121543943 off 0.05339952902559574	false	1.0
schimpfend	neg 1.0		__DUMMY__ 0.8870614229367819 neg 0.05812871141755939 off 0.0548098656456586	false	1.0
profan	neg 1.0		__DUMMY__ 0.8823125080530779 neg 0.060795012708086016 off 0.056892479238836044	false	1.0
korruption	neg 1.0	neg 1.0	neg 0.5208958712555221 __DUMMY__ 0.4396804623051778 off 0.039423666439300106	false	1.0
â			__DUMMY__ 0.8857841350198591 neg 0.06297884833079267 off 0.051237016649348245	false	0.0
schmutzig	neg 1.0		__DUMMY__ 0.8813729157000733 off 0.05969215161795094 neg 0.058934932681975805	false	0.5
sexy	neg 1.0		__DUMMY__ 0.881865957326233 neg 0.06067031694792511 off 0.057463725725841984	false	1.0
abraten	neg 1.0		__DUMMY__ 0.8831298002163196 neg 0.06093255277399059 off 0.05593764700968972	false	1.0
schwarz	neg 1.0		__DUMMY__ 0.8816518448197296 neg 0.06272786044000615 off 0.0556202947402643	false	1.0
fotze	off 1.0		__DUMMY__ 0.8844829887018621 neg 0.0645446818573911 off 0.05097232944074675	false	0.5
verwirren	neg 1.0		__DUMMY__ 0.8823459288708088 neg 0.06049941779944642 off 0.05715465332974482	false	1.0
zahnlos	off 1.0		__DUMMY__ 0.8822881566377347 neg 0.06504816853114773 off 0.05266367483111747	false	0.5
verheeren	neg 1.0		__DUMMY__ 0.8775006430602187 off 0.06815312196625944 neg 0.05434623497352182	false	0.5
hippie	neg 1.0		__DUMMY__ 0.8814118889790394 neg 0.061509755038252976 off 0.05707835598270758	false	1.0
rammen	neg 1.0		__DUMMY__ 0.8833566241793026 neg 0.062084280866575546 off 0.05455909495412179	false	1.0
unlauter	neg 1.0		__DUMMY__ 0.8779648459275525 neg 0.06722963217545419 off 0.054805521896993246	false	1.0
unheilvoll	neg 1.0		__DUMMY__ 0.8859030728374355 neg 0.05797107415698567 off 0.05612585300557881	false	1.0
niedrig	neg 1.0		__DUMMY__ 0.8864221550645414 neg 0.06356385018432992 off 0.05001399475112876	false	1.0
explosion	neg 1.0		__DUMMY__ 0.8813091237716373 neg 0.06220680164146341 off 0.05648407458689937	false	1.0
weichei	off 1.0		__DUMMY__ 0.8771234836808782 off 0.06449290729662209 neg 0.05838360902249972	false	1.0
minusmensch	off 1.0		__DUMMY__ 0.8710336352508499 off 0.06822014341405369 neg 0.060746221335096495	false	1.0
farblos	neg 1.0		__DUMMY__ 0.8898507358809941 neg 0.05728433921008722 off 0.05286492490891859	false	1.0
unwissend	neg 1.0	neg 1.0	neg 0.5164671466125494 __DUMMY__ 0.43866656922367286 off 0.04486628416377763	false	1.0
traurig	neg 1.0		__DUMMY__ 0.8803865183263003 off 0.06194131032831027 neg 0.05767217134538932	false	0.5
senkung	neg 1.0		__DUMMY__ 0.8794647243130838 neg 0.06388763943243604 off 0.0566476362544803	false	1.0
ungleich	neg 1.0	neg 1.0	neg 0.5212362791254614 __DUMMY__ 0.4402309674080757 off 0.038532753466462746	false	1.0
heikel	neg 1.0		__DUMMY__ 0.8836498241832652 neg 0.06623249334840575 off 0.050117682468329004	false	1.0
drosselung	neg 1.0		__DUMMY__ 0.8815668513076697 off 0.05962017953812997 neg 0.05881296915420045	false	0.5
falsch	neg 1.0		__DUMMY__ 0.8819156772130229 neg 0.05998858714920544 off 0.058095735637771595	false	1.0
unzufriedenheit	neg 1.0		__DUMMY__ 0.8838420110743118 neg 0.06648733518534988 off 0.04967065374033819	false	1.0
kurz	neg 1.0		__DUMMY__ 0.887746566518668 neg 0.05953110875134949 off 0.05272232472998252	false	1.0
unsinnig	neg 1.0		__DUMMY__ 0.8809464209856759 neg 0.06600015780001614 off 0.05305342121430796	false	1.0
penner	off 1.0	off 1.0	off 0.5203790155812902 __DUMMY__ 0.43628305625984837 neg 0.04333792815886141	false	1.0
seicht	neg 1.0		__DUMMY__ 0.8732230068364262 off 0.06727556294024035 neg 0.059501430223333485	false	0.5
dummheit	off 1.0	off 1.0	off 0.5132022857452738 __DUMMY__ 0.43863042097973853 neg 0.04816729327498765	false	1.0
unerfreulich	neg 1.0		__DUMMY__ 0.8861866945168017 neg 0.06465286692667595 off 0.049160438556522426	false	1.0
motherfucker	off 1.0	off 1.0	off 0.5161483308452032 __DUMMY__ 0.4373235585569137 neg 0.04652811059788322	false	1.0
pikiert	neg 1.0		__DUMMY__ 0.8776499637692938 neg 0.06309235549336062 off 0.05925768073734559	false	1.0
wrack	neg 1.0		__DUMMY__ 0.8898074161167563 neg 0.05981298085860609 off 0.05037960302463757	false	1.0
gangster	neg 1.0		__DUMMY__ 0.8823822107521805 neg 0.06093443637045336 off 0.05668335287736619	false	1.0
krank	neg 1.0		__DUMMY__ 0.8822494094373218 off 0.06025121780960642 neg 0.057499372753071785	false	0.5
reich	neg 1.0		__DUMMY__ 0.8795483074859411 neg 0.06246956572551176 off 0.057982126788547105	false	1.0
gnadenlos	neg 1.0		__DUMMY__ 0.8827967159964636 neg 0.06194146714328062 off 0.055261816860255865	false	1.0
niedergeschlagen	neg 1.0		__DUMMY__ 0.8860467701356208 neg 0.060874023896539516 off 0.053079205967839604	false	1.0
terrorisieren	off 1.0	off 1.0	off 0.5091084242414128 __DUMMY__ 0.4421492744902166 neg 0.04874230126837058	false	1.0
sinnlosigkeit	neg 1.0		__DUMMY__ 0.8827017600114292 neg 0.06459650296553072 off 0.05270173702304	false	1.0
behindern	neg 1.0		__DUMMY__ 0.8825470252114824 neg 0.06395979462810507 off 0.05349318016041253	false	1.0
undemokratisch	neg 1.0		__DUMMY__ 0.8793893704537844 neg 0.06530566151139341 off 0.05530496803482224	false	1.0
wirtschaftskrise	neg 1.0		__DUMMY__ 0.8822720186669093 neg 0.06626170575122889 off 0.05146627558186178	false	1.0
neid	neg 1.0		__DUMMY__ 0.8845700187922632 off 0.0584474387437414 neg 0.056982542463995395	false	0.5
rutschen	neg 1.0	neg 1.0	neg 0.514323162342841 __DUMMY__ 0.4495827906234951 off 0.03609404703366393	false	1.0
rezession	neg 1.0		__DUMMY__ 0.8757606237558544 off 0.06279092578211061 neg 0.06144845046203493	false	0.5
fehlgeburt	neg 1.0		__DUMMY__ 0.8856993684042451 neg 0.058375810003251684 off 0.055924821592503136	false	1.0
charakterschwach	off 1.0		__DUMMY__ 0.8796252257790941 neg 0.06036384002387418 off 0.06001093419703174	false	0.5
isolation	neg 1.0		__DUMMY__ 0.8836637058934409 neg 0.05853229145655429 off 0.057804002650004904	false	1.0
ablenkung	neg 1.0		__DUMMY__ 0.8840093528584911 neg 0.06138518234518739 off 0.054605464796321404	false	1.0
pech	neg 1.0		__DUMMY__ 0.8837637249442292 neg 0.05883247886661602 off 0.057403796189154824	false	1.0
vermeidung	neg 1.0		__DUMMY__ 0.8788053223855381 neg 0.06125685918768376 off 0.059937818426778165	false	1.0
dominieren	neg 1.0		__DUMMY__ 0.8880458553713259 neg 0.06072492494130344 off 0.05122921968737068	false	1.0
schwindlig	neg 1.0		__DUMMY__ 0.8871010332907343 neg 0.05677037900923779 off 0.056128587700027884	false	1.0
lutscher	neg 1.0		__DUMMY__ 0.8743507702210922 off 0.0677029559460291 neg 0.05794627383287875	false	0.5
pflicht	neg 1.0		__DUMMY__ 0.8839907372404262 neg 0.06587578804808682 off 0.050133474711487026	false	1.0
faschist	off 1.0		__DUMMY__ 0.8779759419459483 neg 0.06480724156035543 off 0.05721681649369619	false	0.5
verschleudern	neg 1.0		__DUMMY__ 0.8793037886834284 neg 0.06993653800254916 off 0.050759673314022424	false	1.0
wenn			__DUMMY__ 0.881643093087804 neg 0.060042846961636295 off 0.05831405995055971	false	0.0
ehebruch	neg 1.0		__DUMMY__ 0.8824714605131064 neg 0.06586778442671917 off 0.05166075506017446	false	1.0
spott	off 1.0		__DUMMY__ 0.8819942556619293 neg 0.06677426004100752 off 0.05123148429706317	false	0.5
trostlosigkeit	neg 1.0		__DUMMY__ 0.8856108069317994 neg 0.0654946775725572 off 0.04889451549564338	false	1.0
lutschen	neg 1.0		__DUMMY__ 0.8809122138404077 neg 0.06253594198911205 off 0.056551844170480266	false	1.0
undiszipliniert	neg 1.0		__DUMMY__ 0.8806405072389498 off 0.061113504443292055 neg 0.05824598831775821	false	0.5
kopfschmerz	neg 1.0		__DUMMY__ 0.8868501755785073 neg 0.060583684511884714 off 0.052566139909608005	false	1.0
unvorhergesehen	neg 1.0		__DUMMY__ 0.8908881757633108 neg 0.05850439795310277 off 0.05060742628358639	false	1.0
desinteressiert	neg 1.0		__DUMMY__ 0.8788352246451168 off 0.061084653273455476 neg 0.06008012208142769	false	0.5
armselig	off 1.0		__DUMMY__ 0.8757065897674222 neg 0.06225521025315768 off 0.062038199979420026	false	0.5
desaster	neg 1.0		__DUMMY__ 0.884975231422954 neg 0.06703203297363648 off 0.04799273560340955	false	1.0
tod	neg 1.0		__DUMMY__ 0.8877905904322348 neg 0.061029650305968484 off 0.05117975926179667	false	1.0
herzlos	neg 1.0		__DUMMY__ 0.8779313180576694 off 0.0623928920420069 neg 0.05967578990032369	false	0.5
unwissenheit	neg 1.0		__DUMMY__ 0.880222162920536 neg 0.0672676316067511 off 0.05251020547271279	false	1.0
widersinnig	neg 1.0	neg 1.0	neg 0.5215529242502799 __DUMMY__ 0.4382449218086413 off 0.040202153941078886	false	1.0
bedenklich	neg 1.0		__DUMMY__ 0.8826133330595826 neg 0.06596511824394677 off 0.051421548696470636	false	1.0
beanstanden	neg 1.0		__DUMMY__ 0.8855888265711331 neg 0.06486565325799447 off 0.04954552017087236	false	1.0
panisch	neg 1.0	neg 1.0	neg 0.5119714013054077 __DUMMY__ 0.44514551135663366 off 0.04288308733795866	false	1.0
debil	off 1.0		__DUMMY__ 0.88892326326089 neg 0.06631111566842027 off 0.04476562107068968	false	0.5
abstrich	neg 1.0		__DUMMY__ 0.8846282847872774 neg 0.06467789560155138 off 0.05069381961117131	false	1.0
primitiv	neg 1.0		__DUMMY__ 0.8778114068676292 neg 0.06154609234062821 off 0.06064250079174257	false	1.0
abschaum	off 1.0	off 1.0	off 0.5147023655365007 __DUMMY__ 0.4381246976196937 neg 0.04717293684380559	false	1.0
provozieren	neg 1.0		__DUMMY__ 0.8814434486040427 neg 0.06345907797580075 off 0.05509747342015652	false	1.0
tot	neg 1.0		__DUMMY__ 0.8860287658555221 neg 0.0634718198715183 off 0.0504994142729595	false	1.0
instabil	neg 1.0		__DUMMY__ 0.8769066085087819 neg 0.06271198607132833 off 0.06038140541988971	false	1.0
schwuchtel	off 1.0		__DUMMY__ 0.8715822498862124 off 0.07200651910896406 neg 0.0564112310048236	false	1.0
zerren	neg 1.0		__DUMMY__ 0.886252135714529 neg 0.0604369646029524 off 0.05331089968251856	false	1.0
kinderficker	off 1.0		__DUMMY__ 0.8743060264167493 off 0.06427452603753608 neg 0.06141944754571476	false	1.0
gefahr	neg 1.0		__DUMMY__ 0.8859266226000747 neg 0.06425744041579358 off 0.04981593698413169	false	1.0
rabiat	neg 1.0		__DUMMY__ 0.8813716090058676 neg 0.06414444933549178 off 0.05448394165864056	false	1.0
verlangsamung	neg 1.0		__DUMMY__ 0.8749876522083767 off 0.06578422919672058 neg 0.05922811859490272	false	0.5
ausgestorben	neg 1.0		__DUMMY__ 0.884953269865472 neg 0.06119898335148823 off 0.05384774678303977	false	1.0
anklagen	neg 1.0		__DUMMY__ 0.8826035770640611 neg 0.06443819165928 off 0.052958231276658926	false	1.0
trott	neg 1.0		__DUMMY__ 0.8847757762944543 neg 0.061506858137580805 off 0.05371736556796498	false	1.0
verminderung	neg 1.0		__DUMMY__ 0.878557577661986 neg 0.0608361605682391 off 0.060606261769775044	false	1.0
nach			__DUMMY__ 0.8952305070976354 neg 0.058567768868666645 off 0.04620172403369794	false	0.0
rost	neg 1.0		__DUMMY__ 0.8757944118945382 off 0.06440581545221753 neg 0.05979977265324413	false	0.5
destruktiv	neg 1.0		__DUMMY__ 0.8795027358131557 neg 0.06637289911340909 off 0.05412436507343523	false	1.0
unzumutbarkeit	neg 1.0		__DUMMY__ 0.8838864738817711 off 0.0584355055322517 neg 0.05767802058597716	false	0.5
labil	off 1.0	off 1.0	off 0.514668147790883 __DUMMY__ 0.43869790988226665 neg 0.04663394232685043	false	1.0
ziemlich	neg 1.0		__DUMMY__ 0.8823698517697931 off 0.0597323508158425 neg 0.05789779741436438	false	0.5
lachnummer	off 1.0		__DUMMY__ 0.8818912416933193 neg 0.06364910363032161 off 0.0544596546763591	false	0.5
oder			__DUMMY__ 0.886124449704187 neg 0.05943905875209236 off 0.05443649154372061	false	0.0
verfall	neg 1.0		__DUMMY__ 0.8863498423575952 neg 0.06787074791875503 off 0.04577940972364976	false	1.0
ausgrenzung	neg 1.0		__DUMMY__ 0.8786002315586703 neg 0.06548476134676444 off 0.05591500709456526	false	1.0
unordnung	neg 1.0		__DUMMY__ 0.8840678630615036 off 0.0590875967890001 neg 0.056844540149496206	false	0.5
fehlverhalten	neg 1.0		__DUMMY__ 0.8834627520194644 neg 0.06612660313269535 off 0.05041064484784019	false	1.0
eine			__DUMMY__ 0.8859872169331998 neg 0.06444422138535995 off 0.04956856168144017	false	0.0
nille	neg 1.0		__DUMMY__ 0.8841500896358044 neg 0.062442225837228534 off 0.05340768452696694	false	1.0
qual	neg 1.0		__DUMMY__ 0.8842134951709718 neg 0.06221603470225733 off 0.053570470126770874	false	1.0
verschwenden	neg 1.0		__DUMMY__ 0.8832146843707659 neg 0.06506886237004196 off 0.0517164532591921	false	1.0
riesig	neg 1.0	neg 1.0	neg 0.5161634782514833 __DUMMY__ 0.44506256162889085 off 0.03877396011962575	false	1.0
verurteilen	neg 1.0		__DUMMY__ 0.8816691858420201 neg 0.06573879478489189 off 0.052592019373088016	false	1.0
klischee	neg 1.0	neg 1.0	neg 0.5181017558176667 __DUMMY__ 0.4380658596853728 off 0.0438323844969605	false	1.0
diktatorisch	neg 1.0		__DUMMY__ 0.8771799262553797 neg 0.06699424478499556 off 0.05582582895962487	false	1.0
vorhersehbar	neg 1.0	neg 1.0	neg 0.5174228684585102 __DUMMY__ 0.43916267109081153 off 0.04341446045067838	false	1.0
sowie			__DUMMY__ 0.8765695841361744 off 0.06412795372606139 neg 0.059302462137764224	false	0.0
stornieren	neg 1.0		__DUMMY__ 0.8898729744479207 neg 0.055311975585293105 off 0.05481504996678616	false	1.0
besteuerung	neg 1.0		__DUMMY__ 0.8795714055107724 neg 0.06571761367618761 off 0.05471098081304007	false	1.0
ungeschminkt	neg 1.0		__DUMMY__ 0.8798417162848532 neg 0.06051926329787655 off 0.059639020417270205	false	1.0
kritisch	neg 1.0		__DUMMY__ 0.8831450970283412 neg 0.06552510590229278 off 0.05132979706936599	false	1.0
schlamperei	off 1.0		__DUMMY__ 0.8833662635511134 neg 0.06626283516962864 off 0.050370901279257974	false	0.5
sucht	neg 1.0	neg 1.0	neg 0.5155010146533029 __DUMMY__ 0.4436984665203488 off 0.04080051882634837	false	1.0
egoistisch	off 1.0		__DUMMY__ 0.8775766020843964 off 0.06458400286060358 neg 0.05783939505500004	false	1.0
ausbeuter	off 1.0		__DUMMY__ 0.8818012300541831 neg 0.06792897616364421 off 0.050269793782172736	false	0.5
arschgeburt	off 1.0		__DUMMY__ 0.8704555835976739 off 0.07227257531414591 neg 0.05727184108818016	false	1.0
schubs	neg 1.0	neg 1.0	neg 0.5151967854602443 __DUMMY__ 0.44547007823098755 off 0.039333136308768106	false	1.0
unsolide	neg 1.0		__DUMMY__ 0.8742441341287255 neg 0.06957781874675033 off 0.05617804712452421	false	1.0
beschwerde	neg 1.0		__DUMMY__ 0.8834690592934008 neg 0.06606491670348483 off 0.05046602400311439	false	1.0
stocken	neg 1.0		__DUMMY__ 0.8843334943868082 neg 0.06468717593308974 off 0.05097932968010193	false	1.0
isolieren	neg 1.0		__DUMMY__ 0.8825937260922455 neg 0.06543702549645632 off 0.05196924841129821	false	1.0
unheilbar	neg 1.0		__DUMMY__ 0.8836760400044339 neg 0.06144024449373863 off 0.05488371550182743	false	1.0
pisser	off 1.0		__DUMMY__ 0.8804398788789861 off 0.06086458870565578 neg 0.058695532415358034	false	1.0
löschen	neg 1.0		__DUMMY__ 0.8833334464171071 neg 0.06247786105164709 off 0.05418869253124588	false	1.0
durchfallen	neg 1.0		__DUMMY__ 0.8817136126623657 neg 0.06584294848453782 off 0.052443438853096484	false	1.0
wichser	off 1.0		__DUMMY__ 0.8751791214925052 off 0.06885795388161614 neg 0.05596292462587861	false	1.0
terror	neg 1.0		__DUMMY__ 0.8847218094664867 neg 0.05870959516173393 off 0.05656859537177941	false	1.0
krass	neg 1.0		__DUMMY__ 0.87907556552064 off 0.06255723224230988 neg 0.05836720223705012	false	0.5
revolte	neg 1.0		__DUMMY__ 0.8791111832999361 neg 0.06448403503949567 off 0.056404781660568136	false	1.0
besorgt	neg 1.0		__DUMMY__ 0.887419982248384 neg 0.060131299218341365 off 0.052448718533274694	false	1.0
nachlassen	neg 1.0		__DUMMY__ 0.8844598772958364 neg 0.06518868687428557 off 0.05035143582987801	false	1.0
alt	neg 1.0		__DUMMY__ 0.8856448859553349 neg 0.06339111043207761 off 0.05096400361258754	false	1.0
hundesohn	off 1.0		__DUMMY__ 0.8736833253813333 off 0.0677649012724565 neg 0.05855177334621019	false	1.0
als			__DUMMY__ 0.8867337840315881 neg 0.060557955391004135 off 0.05270826057740787	false	0.0
abschreckung	neg 1.0		__DUMMY__ 0.8848722276138543 neg 0.06606086749334074 off 0.04906690489280502	false	1.0
unqualifiziert	neg 1.0		__DUMMY__ 0.8773563067596624 neg 0.06506700285106223 off 0.0575766903892754	false	1.0
abgewichst	off 1.0		__DUMMY__ 0.8846709518490938 neg 0.06260840630246392 off 0.052720641848442204	false	0.5
schwer	neg 1.0		__DUMMY__ 0.8839376149012566 neg 0.06174417635286288 off 0.05431820874588053	false	1.0
bedeutungslosigkeit	neg 1.0		__DUMMY__ 0.8842125342443966 neg 0.06589730288257342 off 0.04989016287303002	false	1.0
kapitulation	neg 1.0		__DUMMY__ 0.8803873782560107 neg 0.06845909323199488 off 0.05115352851199442	false	1.0
unscharf	neg 1.0		__DUMMY__ 0.8833560222397783 neg 0.060647198630775834 off 0.05599677912944596	false	1.0
schwinden	neg 1.0		__DUMMY__ 0.8841855755261947 neg 0.06615588826455561 off 0.04965853620924973	false	1.0
versklavung	neg 1.0		__DUMMY__ 0.8767727567669811 neg 0.06786457703098983 off 0.0553626662020291	false	1.0
schlecht	neg 1.0		__DUMMY__ 0.8824484437830427 off 0.059881084394406446 neg 0.05767047182255098	false	0.5
verhasst	neg 1.0		__DUMMY__ 0.881358639703665 neg 0.06320344236617853 off 0.055437917930156365	false	1.0
beschweren	neg 1.0		__DUMMY__ 0.8825502743829262 neg 0.06133288726566932 off 0.05611683835140443	false	1.0
scheiden	neg 1.0		__DUMMY__ 0.8904720523983501 neg 0.05525757614752755 off 0.05427037145412243	false	1.0
frustriert	neg 1.0		__DUMMY__ 0.8843622494506497 neg 0.06221323721302108 off 0.05342451333632917	false	1.0
schimmelig	neg 1.0		__DUMMY__ 0.8874050007491193 neg 0.0623544625353319 off 0.05024053671554866	false	1.0
fisch	neg 1.0		__DUMMY__ 0.8927420566531018 neg 0.058181400188263864 off 0.04907654315863438	false	1.0
schmuggel	neg 1.0		__DUMMY__ 0.8886718068444314 neg 0.06170031212887405 off 0.04962788102669458	false	1.0
auffallen	neg 1.0		__DUMMY__ 0.8832742312312158 neg 0.06003325063417189 off 0.056692518134612305	false	1.0
konkurrenz	neg 1.0	neg 1.0	neg 0.5182540494627171 __DUMMY__ 0.4446643494298085 off 0.037081601107474216	false	1.0
teufelskreis	neg 1.0	neg 1.0	neg 0.518903274683343 __DUMMY__ 0.4402491125984789 off 0.040847612718178106	false	1.0
aufschreien	neg 1.0		__DUMMY__ 0.8807194126562782 neg 0.06268014718526199 off 0.056600440158459844	false	1.0
schuldner	neg 1.0		__DUMMY__ 0.8851408487559033 neg 0.06495824218008325 off 0.04990090906401343	false	1.0
missgeburt	off 1.0	off 1.0	off 0.518665004831501 __DUMMY__ 0.43701990141858815 neg 0.044315093749910744	false	1.0
arbeitslos	neg 1.0		__DUMMY__ 0.8819630006438915 neg 0.06530243024678561 off 0.0527345691093229	false	1.0
befallen	neg 1.0		__DUMMY__ 0.8800707841843909 neg 0.06712893052706571 off 0.052800285288543386	false	1.0
miesepetrig	off 1.0	off 1.0	off 0.515114640004041 __DUMMY__ 0.4408348028029286 neg 0.04405055719303037	false	1.0
alarmieren	neg 1.0		__DUMMY__ 0.8787549483926707 neg 0.06263881669943211 off 0.058606234907897216	false	1.0
ungeduscht	off 1.0		__DUMMY__ 0.8843218563751237 neg 0.05854819234534555 off 0.05712995127953066	false	0.5
knappheit	neg 1.0		__DUMMY__ 0.8813001769261303 neg 0.06768516806894555 off 0.05101465500492419	false	1.0
schlange	neg 1.0		__DUMMY__ 0.8870832788119176 neg 0.05703097641868815 off 0.05588574476939415	false	1.0
harsch	neg 1.0		__DUMMY__ 0.8818958097964098 off 0.06329441505518182 neg 0.054809775148408346	false	0.5
lang	neg 1.0		__DUMMY__ 0.8835792095631133 neg 0.06183468100114215 off 0.05458610943574452	false	1.0
ziellos	neg 1.0		__DUMMY__ 0.8867431692683672 neg 0.061112014192645794 off 0.05214481653898717	false	1.0
selbstverliebt	neg 1.0		__DUMMY__ 0.871419744573736 off 0.06976616488447178 neg 0.05881409054179217	false	0.5
beseitigen	neg 1.0	neg 1.0	neg 0.5150766602867898 __DUMMY__ 0.44445381983876336 off 0.04046951987444696	false	1.0
dumm	off 1.0		__DUMMY__ 0.8762552057447365 off 0.06543503764839563 neg 0.05830975660686802	false	1.0
arbeitsloser	neg 1.0		__DUMMY__ 0.8851350432430736 neg 0.06285374354666146 off 0.05201121321026494	false	1.0
blitzen	neg 1.0		__DUMMY__ 0.8819314951840129 neg 0.060843655382284596 off 0.0572248494337025	false	1.0
hilflos	neg 1.0		__DUMMY__ 0.8841496454617515 neg 0.06293052629375472 off 0.052919828244493705	false	1.0
eklig	off 1.0		__DUMMY__ 0.8764431605613179 off 0.06592852146034876 neg 0.05762831797833337	false	1.0
begriff			__DUMMY__ 0.8817676402926432 neg 0.06487010766116551 off 0.05336225204619126	false	0.0
hungersnot	neg 1.0		__DUMMY__ 0.8839409564385878 neg 0.06328946241987882 off 0.05276958114153339	false	1.0
ungesetzlich	neg 1.0		__DUMMY__ 0.8747237989044215 neg 0.06866913130085638 off 0.056607069794722	false	1.0
verschwendung	neg 1.0		__DUMMY__ 0.884139634962509 neg 0.06518287580257477 off 0.05067748923491614	false	1.0
schmerzvoll	neg 1.0		__DUMMY__ 0.8830999759042488 neg 0.060888956821061664 off 0.05601106727468949	false	1.0
vorzeitig	neg 1.0		__DUMMY__ 0.8844520080554983 neg 0.058484019822175944 off 0.05706397212232572	false	1.0
unvollkommenheit	neg 1.0		__DUMMY__ 0.8884919564268229 neg 0.059587078361028264 off 0.05192096521214877	false	1.0
intervenieren	neg 1.0		__DUMMY__ 0.8819469624984199 neg 0.06750121462888159 off 0.05055182287269857	false	1.0
banause	off 1.0		__DUMMY__ 0.8741284344036705 off 0.06780242103389734 neg 0.05806914456243221	false	1.0
rebell	neg 1.0		__DUMMY__ 0.887332008390307 neg 0.06538550081710959 off 0.047282490792583384	false	1.0
unlogisch	neg 1.0		__DUMMY__ 0.879151258423877 off 0.06211230290710156 neg 0.05873643866902137	false	0.5
leiden	neg 1.0		__DUMMY__ 0.8921352858854693 neg 0.058110803454733115 off 0.04975391065979753	false	1.0
abschaffung	neg 1.0		__DUMMY__ 0.8803897339643547 neg 0.06478121828585484 off 0.054829047749790465	false	1.0
sturz	neg 1.0		__DUMMY__ 0.8854208266159755 neg 0.060357047651614835 off 0.054222125732409684	false	1.0
verkleinerung	neg 1.0		__DUMMY__ 0.8781103135877097 neg 0.06478116173364665 off 0.0571085246786436	false	1.0
schmarotzer	off 1.0		__DUMMY__ 0.8809171293311878 neg 0.06647584992022958 off 0.052607020748582686	false	0.5
bestrafung	neg 1.0		__DUMMY__ 0.8815499830126043 neg 0.0627252094970877 off 0.055724807490307886	false	1.0
achtlos	neg 1.0		__DUMMY__ 0.8854433083899284 neg 0.06036433442049294 off 0.05419235718957875	false	1.0
ungeheuer	neg 1.0		__DUMMY__ 0.8843644448989344 neg 0.058556889267943994 off 0.05707866583312166	false	1.0
