unsolidarisch	neg 1.0		neg 0.5378990187629333 off 0.45505631638102195 __DUMMY__ 0.007044664856044725	false	1.0
nachteilig	neg 1.0		neg 0.5379441502533613 off 0.45491821149483475 __DUMMY__ 0.007137638251803894	false	1.0
skeptisch	neg 1.0		neg 0.5380520899112834 off 0.45479394099683573 __DUMMY__ 0.0071539690918807994	false	1.0
schrecklich	neg 1.0		neg 0.5216118602105365 off 0.47129925410875295 __DUMMY__ 0.007088885680710548	false	1.0
schlapp	neg 1.0		neg 0.5253767086968272 off 0.46749315388885637 __DUMMY__ 0.007130137414316389	false	1.0
abfall	neg 1.0		neg 0.5411849329555563 off 0.45165201947738204 __DUMMY__ 0.00716304756706171	false	1.0
widerspenstig	neg 1.0		neg 0.5322430810318944 off 0.46062340133314006 __DUMMY__ 0.007133517634965405	false	1.0
abrupt	neg 1.0		neg 0.5349354427900179 off 0.45787075373583314 __DUMMY__ 0.007193803474148855	false	1.0
unwirksam	neg 1.0		neg 0.535263745374599 off 0.45765038960212023 __DUMMY__ 0.007085865023280712	false	1.0
angreifen	neg 1.0	neg 1.0	neg 0.7555710310608938 off 0.241021406420416 __DUMMY__ 0.003407562518690097	false	1.0
inkonsistent	neg 1.0		neg 0.5309423055572758 off 0.46192123561096915 __DUMMY__ 0.0071364588317548985	false	1.0
abrutschen	neg 1.0		neg 0.5403585805021166 off 0.45247240489121315 __DUMMY__ 0.007169014606670231	false	1.0
unsicher	neg 1.0		neg 0.5313777444628195 off 0.4614732004180884 __DUMMY__ 0.007149055119092077	false	1.0
bauernkind	off 1.0	off 1.0	off 0.7184725015908658 neg 0.2781733516441884 __DUMMY__ 0.003354146764945837	false	1.0
angreifer	neg 1.0		neg 0.5294901992977742 off 0.463355936738821 __DUMMY__ 0.007153863963404896	false	1.0
trennen	neg 1.0		neg 0.5332339466777218 off 0.45954861278916254 __DUMMY__ 0.007217440533115572	false	1.0
schmutz	neg 1.0		neg 0.5263725407768696 off 0.46642898916997266 __DUMMY__ 0.007198470053157746	false	1.0
inkonsistenz	neg 1.0		neg 0.5301718419662764 off 0.46275619323727724 __DUMMY__ 0.007071964796446222	false	1.0
erschreckend	neg 1.0		neg 0.5344118781082315 off 0.4584637738175489 __DUMMY__ 0.007124348074219526	false	1.0
ertrinken	neg 1.0		neg 0.5349880542882763 off 0.4578403246401537 __DUMMY__ 0.007171621071570052	false	1.0
pickelface	off 1.0		neg 0.5349053728601156 off 0.45795733528200416 __DUMMY__ 0.007137291857880197	false	0.5
seiner			neg 0.5363717716780313 off 0.45645523780660463 __DUMMY__ 0.007172990515364269	false	0.0
lauch	neg 1.0		neg 0.5413853303919093 off 0.4514660581734319 __DUMMY__ 0.007148611434658751	false	1.0
unwichtig	neg 1.0		neg 0.5278629426551433 off 0.46504071545402437 __DUMMY__ 0.00709634189083214	false	1.0
steuerhinterziehung	neg 1.0		neg 0.5367458754062283 off 0.45615211614435425 __DUMMY__ 0.007102008449417471	false	1.0
schock	neg 1.0		neg 0.5305253755989534 off 0.46228886901692373 __DUMMY__ 0.007185755384122848	false	1.0
beule	neg 1.0		neg 0.5246545042682994 off 0.4682104962601793 __DUMMY__ 0.007134999471521304	false	1.0
vergelten	neg 1.0		neg 0.5213971027919526 off 0.47147290479573745 __DUMMY__ 0.007129992412310101	false	1.0
verdorbenheit	neg 1.0		neg 0.5310965213499391 off 0.46173798553418455 __DUMMY__ 0.007165493115876269	false	1.0
trauma	neg 1.0		neg 0.5313183452798138 off 0.4615526214254371 __DUMMY__ 0.007129033294749028	false	1.0
sinnlos	neg 1.0		neg 0.5288089282148076 off 0.46405186957144773 __DUMMY__ 0.007139202213744767	false	1.0
fettsack	off 1.0	off 1.0	off 0.7204524544853159 neg 0.27617958450355357 __DUMMY__ 0.0033679610111304785	false	1.0
feige	off 1.0	off 1.0	off 0.7164053728879143 neg 0.2802248971911043 __DUMMY__ 0.003369729920981368	false	1.0
abdanken	neg 1.0		neg 0.5353083130869061 off 0.45758478416386567 __DUMMY__ 0.007106902749228242	false	1.0
wichtigtuer	off 1.0	off 1.0	off 0.7149674451319413 neg 0.2816491114744454 __DUMMY__ 0.0033834433936133093	false	1.0
misslingen	neg 1.0		neg 0.5277821155579648 off 0.46502558949356815 __DUMMY__ 0.0071922949484670455	false	1.0
untreu	off 1.0		neg 0.5268833950596328 off 0.4660327491918393 __DUMMY__ 0.007083855748528091	false	0.5
missmutig	neg 1.0		neg 0.5271038762945492 off 0.46578844856356005 __DUMMY__ 0.0071076751418907335	false	1.0
hurenbock	off 1.0		neg 0.5294551580255823 off 0.46339369519358226 __DUMMY__ 0.007151146780835527	false	0.5
betrunken	neg 1.0		neg 0.5219173673436056 off 0.4709498198260083 __DUMMY__ 0.00713281283038594	false	1.0
korrupt	off 1.0		neg 0.5395048489592976 off 0.453424775254255 __DUMMY__ 0.007070375786447324	false	0.5
unmut	neg 1.0		neg 0.541187404702596 off 0.4516526895052699 __DUMMY__ 0.007159905792134305	false	1.0
hackfresse	off 1.0		neg 0.5192128082480736 off 0.4737389926169566 __DUMMY__ 0.007048199134969744	false	0.5
aufblasen	neg 1.0		neg 0.5288455365463577 off 0.46399459095062734 __DUMMY__ 0.007159872503015062	false	1.0
gewaltsam	neg 1.0		neg 0.5331552100764315 off 0.45970251406363694 __DUMMY__ 0.00714227585993155	false	1.0
unbeliebtheit	neg 1.0		neg 0.5329446101430106 off 0.4600361549568071 __DUMMY__ 0.0070192349001822986	false	1.0
sturheit	neg 1.0		neg 0.5352452058590402 off 0.45764314044847704 __DUMMY__ 0.007111653692482709	false	1.0
kuh	neg 1.0		neg 0.5328613592083219 off 0.4600318004183609 __DUMMY__ 0.007106840373317146	false	1.0
erschrecken	neg 1.0		neg 0.5269858723685136 off 0.46588765773039537 __DUMMY__ 0.007126469901091121	false	1.0
opfer	neg 1.0		neg 0.5358996303919679 off 0.4569451577520079 __DUMMY__ 0.007155211856024243	false	1.0
sinken	neg 1.0		neg 0.5394743996305792 off 0.45335101004678957 __DUMMY__ 0.007174590322631293	false	1.0
stinktier	neg 1.0		neg 0.5225467898134439 off 0.47039372606301755 __DUMMY__ 0.0070594841235386485	false	1.0
tucke	off 1.0		neg 0.5214356664783121 off 0.4715678699817758 __DUMMY__ 0.006996463539912165	false	0.5
ein			neg 0.5293811119100057 off 0.46345405477099716 __DUMMY__ 0.007164833318997061	false	0.0
abstieg	neg 1.0		neg 0.5349903811324142 off 0.4578189144462248 __DUMMY__ 0.007190704421361142	false	1.0
missverstehen	neg 1.0		neg 0.5309282899724436 off 0.46197495219910506 __DUMMY__ 0.007096757828451407	false	1.0
ergebnislos	neg 1.0		neg 0.5371305639848377 off 0.4557132649477285 __DUMMY__ 0.0071561710674338495	false	1.0
unter			neg 0.5409115411179017 off 0.4518245461073375 __DUMMY__ 0.00726391277476065	false	0.0
manipulieren	neg 1.0		neg 0.538877842629067 off 0.4539830309377727 __DUMMY__ 0.007139126433160239	false	1.0
unbewiesen	neg 1.0		neg 0.5382637423075509 off 0.4547041582955656 __DUMMY__ 0.007032099396883408	false	1.0
verschleppen	neg 1.0		neg 0.5360268607697577 off 0.45683466312024723 __DUMMY__ 0.007138476109995138	false	1.0
weib	off 1.0		neg 0.5193883035554949 off 0.4735656076584856 __DUMMY__ 0.007046088786019479	false	0.5
opposition	neg 1.0		neg 0.5319993937242969 off 0.46090231888438626 __DUMMY__ 0.007098287391316715	false	1.0
verkehrswidrig	neg 1.0	neg 1.0	neg 0.7443516050098951 off 0.2522138024054644 __DUMMY__ 0.0034345925846405384	false	1.0
inkorrekt	neg 1.0		neg 0.528238249813354 off 0.4647285931647006 __DUMMY__ 0.007033157021945341	false	1.0
vermeiden	neg 1.0		neg 0.5414155030654747 off 0.4513824196814576 __DUMMY__ 0.007202077253067827	false	1.0
abweichung	neg 1.0		neg 0.5370137025353604 off 0.455840075151115 __DUMMY__ 0.007146222313524544	false	1.0
alkoholisiert	neg 1.0		neg 0.5323491343638279 off 0.4604053797208364 __DUMMY__ 0.00724548591533578	false	1.0
scheiss	off 1.0	off 1.0	off 0.7182005589629642 neg 0.2784035766887131 __DUMMY__ 0.003395864348322704	false	1.0
herausforderung	neg 1.0	neg 1.0	neg 0.7521891868521424 off 0.24434317460741864 __DUMMY__ 0.003467638540438942	false	1.0
pervers	off 1.0		neg 0.5159543613402525 off 0.47701460900265524 __DUMMY__ 0.0070310296570922125	false	0.5
wackelig	neg 1.0		neg 0.5312831831872794 off 0.46150821022873095 __DUMMY__ 0.007208606583989624	false	1.0
verwickeln	neg 1.0		neg 0.5312875545820288 off 0.4616189533368501 __DUMMY__ 0.0070934920811212155	false	1.0
vorwand	neg 1.0		neg 0.5390995839847545 off 0.4537471842172733 __DUMMY__ 0.007153231797972096	false	1.0
muschi	off 1.0		neg 0.5341284089255501 off 0.4587303963266417 __DUMMY__ 0.00714119474780821	false	0.5
entmutigung	neg 1.0		neg 0.5336910665982222 off 0.45922941780383547 __DUMMY__ 0.0070795155979423	false	1.0
unangemessen	neg 1.0		neg 0.5359837929349446 off 0.4568986907262812 __DUMMY__ 0.0071175163387741155	false	1.0
unstetig	neg 1.0		neg 0.5294524327232343 off 0.46338849348757877 __DUMMY__ 0.007159073789186978	false	1.0
entmutigen	neg 1.0		neg 0.5308955513762442 off 0.4619775201161752 __DUMMY__ 0.007126928507580439	false	1.0
schwanz	neg 1.0		neg 0.5367189858634551 off 0.45611359252551315 __DUMMY__ 0.00716742161103159	false	1.0
verbot	neg 1.0		neg 0.5376998005692947 off 0.4551918861513444 __DUMMY__ 0.007108313279360781	false	1.0
leid	neg 1.0		neg 0.5205243447812997 off 0.47239521381344385 __DUMMY__ 0.007080441405256316	false	1.0
archaisch	neg 1.0		neg 0.535082111613899 off 0.4577821408380031 __DUMMY__ 0.0071357475480980734	false	1.0
gegen			neg 0.537938623448541 off 0.4548715298518399 __DUMMY__ 0.0071898466996190204	false	0.0
scheidung	neg 1.0		neg 0.5113014858408224 off 0.48166405289129344 __DUMMY__ 0.0070344612678842995	false	1.0
einschlag	neg 1.0	neg 1.0	neg 0.7470447092605839 off 0.24956185911698406 __DUMMY__ 0.003393431622432053	false	1.0
m			neg 0.5332198092769462 off 0.4596076994394114 __DUMMY__ 0.0071724912836424225	false	0.0
abgestanden	neg 1.0		neg 0.529487714018412 off 0.46334988608763 __DUMMY__ 0.007162399893957992	false	1.0
schmierig	off 1.0		neg 0.5208918951587641 off 0.47202179434279457 __DUMMY__ 0.0070863104984412615	false	0.5
unpraktisch	neg 1.0		neg 0.5283241031232847 off 0.46449933825106016 __DUMMY__ 0.007176558625655195	false	1.0
wixxer	off 1.0		neg 0.5167177847827706 off 0.47625943653220326 __DUMMY__ 0.007022778685026133	false	0.5
bezeichnet			neg 0.5339225777571908 off 0.4589589787625272 __DUMMY__ 0.007118443480282119	false	0.0
jammerlappen	off 1.0		neg 0.5274617870790778 off 0.4654383960332784 __DUMMY__ 0.007099816887643805	false	0.5
farce	neg 1.0		neg 0.537357403460137 off 0.45554769680854873 __DUMMY__ 0.007094899731314197	false	1.0
zwecklos	neg 1.0		neg 0.5358738167630325 off 0.4570054596734731 __DUMMY__ 0.007120723563494566	false	1.0
turbulent	neg 1.0		neg 0.5276883949630395 off 0.46522859018357904 __DUMMY__ 0.007083014853381398	false	1.0
invasion	neg 1.0		neg 0.5286234360405253 off 0.46423623272244363 __DUMMY__ 0.007140331237030992	false	1.0
schuld	neg 1.0		neg 0.5318154150752351 off 0.4610623895851165 __DUMMY__ 0.007122195339648444	false	1.0
risiko	neg 1.0		neg 0.530911798570225 off 0.46193546580014416 __DUMMY__ 0.007152735629630899	false	1.0
finster	neg 1.0		neg 0.5298317623845432 off 0.4630178030005888 __DUMMY__ 0.007150434614868028	false	1.0
geisteskrank	off 1.0		neg 0.5272139312445843 off 0.46572201222169474 __DUMMY__ 0.007064056533720971	false	0.5
zusammenbrechen	neg 1.0		neg 0.533021080603869 off 0.4598218338597672 __DUMMY__ 0.007157085536363814	false	1.0
ausbeute	neg 1.0		neg 0.5336634026015059 off 0.45911892848665464 __DUMMY__ 0.00721766891183932	false	1.0
hinterhalt	neg 1.0		neg 0.5322877747582981 off 0.4605331259681945 __DUMMY__ 0.007179099273507312	false	1.0
kritik	neg 1.0		neg 0.5372909688896742 off 0.4556087230857957 __DUMMY__ 0.007100308024530022	false	1.0
einschrumpfen	neg 1.0		neg 0.5315057157279532 off 0.4614183511964732 __DUMMY__ 0.007075933075573662	false	1.0
riskant	neg 1.0		neg 0.5371434141181674 off 0.45571780479635643 __DUMMY__ 0.007138781085476248	false	1.0
frustrieren	neg 1.0		neg 0.5363303697839709 off 0.45652162298405724 __DUMMY__ 0.007148007231971808	false	1.0
groll	neg 1.0		neg 0.5352970123482784 off 0.4575650920275128 __DUMMY__ 0.007137895624208837	false	1.0
gibt			neg 0.5340680614128905 off 0.45878460833049306 __DUMMY__ 0.0071473302566162356	false	0.0
qualvoll	neg 1.0		neg 0.5274183262327412 off 0.46544424710926524 __DUMMY__ 0.007137426657993544	false	1.0
wackeln	neg 1.0	neg 1.0	neg 0.7504086988172641 off 0.2461631203313187 __DUMMY__ 0.0034281808514171177	false	1.0
klagen	neg 1.0		neg 0.5399930979163423 off 0.45283850404083886 __DUMMY__ 0.00716839804281885	false	1.0
bankrott	neg 1.0		neg 0.5273869208725069 off 0.4654881246106861 __DUMMY__ 0.007124954516806941	false	1.0
trauern	neg 1.0		neg 0.5349746664883991 off 0.457849913215984 __DUMMY__ 0.007175420295616906	false	1.0
ablehnung	neg 1.0		neg 0.53705025513372 off 0.4558462573350232 __DUMMY__ 0.007103487531256749	false	1.0
stur	neg 1.0		neg 0.5314895422193792 off 0.46139719017813374 __DUMMY__ 0.007113267602487089	false	1.0
aufruhr	neg 1.0		neg 0.5333224990462239 off 0.45953567555896696 __DUMMY__ 0.007141825394809113	false	1.0
melancholie	neg 1.0		neg 0.5331787772887852 off 0.4596449452708142 __DUMMY__ 0.007176277440400627	false	1.0
ist			neg 0.529787907886059 off 0.46307725716187836 __DUMMY__ 0.007134834952062541	false	0.0
torheit	neg 1.0		neg 0.5341730982474061 off 0.45874064334110515 __DUMMY__ 0.007086258411488685	false	1.0
dreckskind	off 1.0		neg 0.5213407294899647 off 0.4716107105585891 __DUMMY__ 0.00704855995144612	false	0.5
umtauschen	neg 1.0		neg 0.5311577318743618 off 0.46168096577292267 __DUMMY__ 0.007161302352715479	false	1.0
zum			neg 0.5367643508039711 off 0.4559578950182615 __DUMMY__ 0.007277754177767254	false	0.0
zersetzen	neg 1.0		neg 0.5398542605414632 off 0.45302159970371775 __DUMMY__ 0.007124139754819074	false	1.0
zur			neg 0.5407396284064795 off 0.4520336880277567 __DUMMY__ 0.007226683565763845	false	0.0
frust	neg 1.0		neg 0.5331470757869229 off 0.4596939738549253 __DUMMY__ 0.007158950358151949	false	1.0
unerbittlichkeit	neg 1.0		neg 0.5390438739490516 off 0.45382098181490055 __DUMMY__ 0.007135144236047835	false	1.0
zwei			neg 0.5355008365546666 off 0.45724965135103346 __DUMMY__ 0.007249512094299974	false	0.0
unkorrekt	neg 1.0		neg 0.5273143640043775 off 0.4656508880174483 __DUMMY__ 0.007034747978174362	false	1.0
hexe	off 1.0		neg 0.5260764569712337 off 0.46681855016122903 __DUMMY__ 0.007104992867537207	false	0.5
lasch	neg 1.0		neg 0.5303530956015725 off 0.462567485170371 __DUMMY__ 0.0070794192280565155	false	1.0
rivale	neg 1.0		neg 0.5237097721280441 off 0.4691901154625657 __DUMMY__ 0.007100112409390092	false	1.0
mutlos	off 1.0	off 1.0	off 0.7107736619032395 neg 0.2858361565776856 __DUMMY__ 0.003390181519074945	false	1.0
wirr	off 1.0		neg 0.5264173884114781 off 0.4665402280689309 __DUMMY__ 0.007042383519590809	false	0.5
jahr			neg 0.5338209303385977 off 0.45894291164005596 __DUMMY__ 0.007236158021346366	false	0.0
wird			neg 0.5347505367133534 off 0.4580833223488343 __DUMMY__ 0.007166140937812413	false	0.0
strafbar	neg 1.0		neg 0.5377280200932069 off 0.4551450181647782 __DUMMY__ 0.007126961742014854	false	1.0
erosion	neg 1.0		neg 0.5303597041270524 off 0.46248558292201003 __DUMMY__ 0.007154712950937681	false	1.0
eingehen	neg 1.0		neg 0.5369772560017602 off 0.4559044238563087 __DUMMY__ 0.007118320141931201	false	1.0
faul	off 1.0		neg 0.5261068120742994 off 0.46675495757512314 __DUMMY__ 0.007138230350577466	false	0.5
provisorium	neg 1.0		neg 0.5426406242637831 off 0.4501197956691999 __DUMMY__ 0.007239580067016876	false	1.0
schmerzen	neg 1.0		neg 0.5314380245931153 off 0.46141365891898767 __DUMMY__ 0.0071483164878969226	false	1.0
schrumpfen	neg 1.0		neg 0.5433893792064008 off 0.44943896602001854 __DUMMY__ 0.007171654773580525	false	1.0
geistlos	off 1.0		neg 0.5344776261378869 off 0.45848569839922954 __DUMMY__ 0.007036675462883547	false	0.5
fehlkauf	neg 1.0		neg 0.5311700144266759 off 0.4617167371874303 __DUMMY__ 0.007113248385893796	false	1.0
frustrierend	neg 1.0		neg 0.5264466207372744 off 0.4664134604581835 __DUMMY__ 0.007139918804542061	false	1.0
unzufrieden	neg 1.0		neg 0.5356585488438611 off 0.45721391451078786 __DUMMY__ 0.0071275366453510585	false	1.0
verzweifeln	neg 1.0		neg 0.5323906826352052 off 0.4604646423435677 __DUMMY__ 0.007144675021227026	false	1.0
verzweifelt	neg 1.0		neg 0.5309625907616604 off 0.461917222786543 __DUMMY__ 0.00712018645179659	false	1.0
misstrauensantrag	neg 1.0		neg 0.530431589747234 off 0.46245804241827654 __DUMMY__ 0.007110367834489377	false	1.0
abfallen	neg 1.0		neg 0.5283391963759447 off 0.4644903652159179 __DUMMY__ 0.007170438408137314	false	1.0
fucker	off 1.0		neg 0.5256964756656594 off 0.467222657287529 __DUMMY__ 0.007080867046811731	false	0.5
ungezogen	neg 1.0		neg 0.5166716650627582 off 0.47627053491647736 __DUMMY__ 0.00705780002076457	false	1.0
irrsinnig	neg 1.0	neg 1.0	neg 0.7520164789375237 off 0.24459006426709357 __DUMMY__ 0.0033934567953827722	false	1.0
unfassbar	neg 1.0		neg 0.5264899400247416 off 0.46641168041175635 __DUMMY__ 0.007098379563502197	false	1.0
hart	neg 1.0		neg 0.5282613341298605 off 0.46462093660471704 __DUMMY__ 0.00711772926542236	false	1.0
widerlich	off 1.0		neg 0.5271632973638334 off 0.46577097106510623 __DUMMY__ 0.007065731571060369	false	0.5
fatal	neg 1.0		neg 0.5304822005547922 off 0.4623991660970897 __DUMMY__ 0.007118633348118155	false	1.0
bruch	neg 1.0		neg 0.5403388376927258 off 0.4525036844546888 __DUMMY__ 0.007157477852585397	false	1.0
aushungern	neg 1.0		neg 0.5364515091954695 off 0.4564546638474897 __DUMMY__ 0.007093826957040838	false	1.0
anspannung	neg 1.0	neg 1.0	neg 0.7550018108135279 off 0.2415254276000621 __DUMMY__ 0.0034727615864099236	false	1.0
von			neg 0.5349877596325384 off 0.4577800820552721 __DUMMY__ 0.007232158312189584	false	0.0
kraftlos	neg 1.0		neg 0.5322521404786177 off 0.4605634919987021 __DUMMY__ 0.00718436752268009	false	1.0
vom			neg 0.5394339672248571 off 0.4532869343123543 __DUMMY__ 0.007279098462788643	false	0.0
grenzdebil	off 1.0		neg 0.5250247561691918 off 0.46787532131216614 __DUMMY__ 0.0070999225186421915	false	0.5
vor			neg 0.5370242789520301 off 0.45578765285995365 __DUMMY__ 0.007188068188016192	false	0.0
unterwerfen	neg 1.0		neg 0.5371346962296049 off 0.45572455025473363 __DUMMY__ 0.007140753515661397	false	1.0
versenkung	neg 1.0		neg 0.5369150746416915 off 0.455933803563947 __DUMMY__ 0.007151121794361387	false	1.0
entziehen	neg 1.0		neg 0.5394921611725336 off 0.45334522513368125 __DUMMY__ 0.007162613693785165	false	1.0
finanzkrise	neg 1.0		neg 0.5361672893863352 off 0.4567398904124904 __DUMMY__ 0.007092820201174427	false	1.0
schimpfend	neg 1.0		neg 0.5283203079095838 off 0.46450441917400176 __DUMMY__ 0.0071752729164144624	false	1.0
profan	neg 1.0		neg 0.5288863352293495 off 0.46399085053657435 __DUMMY__ 0.0071228142340760674	false	1.0
korruption	neg 1.0	neg 1.0	neg 0.7553868383655278 off 0.24122627705400354 __DUMMY__ 0.0033868845804687904	false	1.0
â			neg 0.5350424551297103 off 0.4577917748917589 __DUMMY__ 0.007165769978530885	false	0.0
schmutzig	neg 1.0		neg 0.5251462672139026 off 0.4677424820183408 __DUMMY__ 0.0071112507677565	false	1.0
sexy	neg 1.0		neg 0.5283835804979149 off 0.46449743171723273 __DUMMY__ 0.007118987784852389	false	1.0
abraten	neg 1.0		neg 0.52968261507431 off 0.46318508140679 __DUMMY__ 0.007132303518900021	false	1.0
schwarz	neg 1.0		neg 0.5314172483479207 off 0.4614667375878951 __DUMMY__ 0.00711601406418414	false	1.0
fotze	off 1.0		neg 0.5366394972177533 off 0.4562134404313803 __DUMMY__ 0.007147062350866613	false	0.5
verwirren	neg 1.0		neg 0.5285664384736113 off 0.4643095659311194 __DUMMY__ 0.007123995595269243	false	1.0
zahnlos	off 1.0		neg 0.5358511381506691 off 0.45702518732120934 __DUMMY__ 0.007123674528121494	false	0.5
verheeren	neg 1.0		neg 0.5154656794827954 off 0.4774739853494522 __DUMMY__ 0.007060335167752288	false	1.0
hippie	neg 1.0		neg 0.5293711254953264 off 0.46351487954409426 __DUMMY__ 0.007113994960579397	false	1.0
rammen	neg 1.0		neg 0.5312399551457045 off 0.46163038212354185 __DUMMY__ 0.00712966273075354	false	1.0
unlauter	neg 1.0		neg 0.5354216781802803 off 0.45751089478019913 __DUMMY__ 0.0070674270395205165	false	1.0
unheilvoll	neg 1.0		neg 0.5274267219919616 off 0.46541202693363065 __DUMMY__ 0.007161251074407664	false	1.0
niedrig	neg 1.0		neg 0.5366242883332036 off 0.45620907914969694 __DUMMY__ 0.007166632517099281	false	1.0
explosion	neg 1.0		neg 0.530234504389863 off 0.46265483544991726 __DUMMY__ 0.007110660160219651	false	1.0
weichei	off 1.0		neg 0.5206288226851279 off 0.4723130976785355 __DUMMY__ 0.007058079636336571	false	0.5
minusmensch	off 1.0		neg 0.5201232621750269 off 0.47289125445100283 __DUMMY__ 0.006985483373970301	false	0.5
farblos	neg 1.0		neg 0.5297156488240263 off 0.4630815321339876 __DUMMY__ 0.007202819041985895	false	1.0
unwissend	neg 1.0	neg 1.0	neg 0.7497020896091855 off 0.2469186142639536 __DUMMY__ 0.003379296126860984	false	1.0
traurig	neg 1.0		neg 0.5224897797866572 off 0.47041197239619226 __DUMMY__ 0.00709824781715042	false	1.0
senkung	neg 1.0		neg 0.5311784683149796 off 0.46173536245434627 __DUMMY__ 0.007086169230674136	false	1.0
ungleich	neg 1.0	neg 1.0	neg 0.7559685287401137 off 0.2406390282721123 __DUMMY__ 0.003392442987774023	false	1.0
heikel	neg 1.0		neg 0.538659086221637 off 0.45420138373022106 __DUMMY__ 0.007139530048141971	false	1.0
drosselung	neg 1.0		neg 0.5251198926218784 off 0.4677704541789737 __DUMMY__ 0.007109653199147754	false	1.0
falsch	neg 1.0		neg 0.5274029797138663 off 0.4654798955768024 __DUMMY__ 0.007117124709331217	false	1.0
unzufriedenheit	neg 1.0		neg 0.5394218032795501 off 0.45343654866063504 __DUMMY__ 0.0071416480598149625	false	1.0
kurz	neg 1.0		neg 0.5312606460167855 off 0.4615504649778798 __DUMMY__ 0.007188889005334688	false	1.0
unsinnig	neg 1.0		neg 0.536080733018228 off 0.4568120158796793 __DUMMY__ 0.007107251102092755	false	1.0
penner	off 1.0	off 1.0	off 0.7217282948211978 neg 0.2749126974177442 __DUMMY__ 0.0033590077610580744	false	1.0
seicht	neg 1.0		neg 0.5196407186481513 off 0.4733483242706768 __DUMMY__ 0.007010957081171778	false	1.0
dummheit	off 1.0	off 1.0	off 0.7149931162041976 neg 0.2816276860375882 __DUMMY__ 0.0033791977582143338	false	1.0
unerfreulich	neg 1.0		neg 0.5381692488945756 off 0.45466117778778964 __DUMMY__ 0.007169573317634637	false	1.0
motherfucker	off 1.0	off 1.0	off 0.7175148624987284 neg 0.2791160798778274 __DUMMY__ 0.003369057623444209	false	1.0
pikiert	neg 1.0		neg 0.5286539354429008 off 0.4642804088671198 __DUMMY__ 0.007065655689979375	false	1.0
wrack	neg 1.0		neg 0.5336055935023981 off 0.45918974399186746 __DUMMY__ 0.007204662505734487	false	1.0
gangster	neg 1.0		neg 0.5292212075611649 off 0.46365389660578554 __DUMMY__ 0.00712489583304943	false	1.0
krank	neg 1.0		neg 0.5235325204943426 off 0.4693477877871266 __DUMMY__ 0.0071196917185308356	false	1.0
reich	neg 1.0		neg 0.5292547941820646 off 0.4636625283401056 __DUMMY__ 0.00708267747782985	false	1.0
gnadenlos	neg 1.0		neg 0.5313047659350185 off 0.4615643954892012 __DUMMY__ 0.007130838575780195	false	1.0
niedergeschlagen	neg 1.0		neg 0.5321678559407471 off 0.4606644826472703 __DUMMY__ 0.0071676614119826005	false	1.0
terrorisieren	off 1.0	off 1.0	off 0.7120996552940012 neg 0.2844913211283973 __DUMMY__ 0.003409023577601492	false	1.0
sinnlosigkeit	neg 1.0		neg 0.5353765404802328 off 0.4574947244586862 __DUMMY__ 0.007128735061080927	false	1.0
behindern	neg 1.0		neg 0.5338238610031394 off 0.4590497157089741 __DUMMY__ 0.007126423287886434	false	1.0
undemokratisch	neg 1.0		neg 0.5342299522066957 off 0.45868566694068935 __DUMMY__ 0.00708438085261477	false	1.0
wirtschaftskrise	neg 1.0		neg 0.5377528507897946 off 0.45512755666951954 __DUMMY__ 0.007119592540685829	false	1.0
neid	neg 1.0		neg 0.5248972152570079 off 0.4679559781090021 __DUMMY__ 0.007146806633989964	false	1.0
rutschen	neg 1.0	neg 1.0	neg 0.753667676568365 off 0.24286066161473036 __DUMMY__ 0.0034716618169048155	false	1.0
rezession	neg 1.0		neg 0.5247086902191425 off 0.46824896489894274 __DUMMY__ 0.00704234488191492	false	1.0
fehlgeburt	neg 1.0		neg 0.5281867274463549 off 0.46465823494202924 __DUMMY__ 0.007155037611615877	false	1.0
charakterschwach	off 1.0		neg 0.5263810472962113 off 0.46653099223482725 __DUMMY__ 0.007087960468961559	false	0.5
isolation	neg 1.0		neg 0.5265284297130884 off 0.4663329362408984 __DUMMY__ 0.007138634046013224	false	1.0
ablenkung	neg 1.0		neg 0.5312182085271197 off 0.4616369745717901 __DUMMY__ 0.007144816901090286	false	1.0
pech	neg 1.0		neg 0.5266124285262439 off 0.4662517176833774 __DUMMY__ 0.007135853790378719	false	1.0
vermeidung	neg 1.0		neg 0.5264536538798763 off 0.4664664625818309 __DUMMY__ 0.007079883538292784	false	1.0
dominieren	neg 1.0		neg 0.5338481865430434 off 0.4589635266445915 __DUMMY__ 0.00718828681236499	false	1.0
schwindlig	neg 1.0		neg 0.526214205128634 off 0.46660949576914534 __DUMMY__ 0.007176299102220544	false	1.0
lutscher	neg 1.0		neg 0.5179396612121142 off 0.4750372961202007 __DUMMY__ 0.007023042667685159	false	1.0
pflicht	neg 1.0		neg 0.5386016548910747 off 0.45425313216727514 __DUMMY__ 0.007145212941650161	false	1.0
faschist	off 1.0		neg 0.5323030104353944 off 0.4606304061867168 __DUMMY__ 0.007066583377888693	false	0.5
verschleudern	neg 1.0		neg 0.540742321275903 off 0.45217253764699816 __DUMMY__ 0.007085141077098617	false	1.0
wenn			neg 0.5271995053070668 off 0.4656849031206012 __DUMMY__ 0.007115591572332107	false	0.0
ehebruch	neg 1.0		neg 0.5374599024126037 off 0.45541754016829156 __DUMMY__ 0.00712255741910483	false	1.0
spott	off 1.0		neg 0.5384636746894707 off 0.45441857541458613 __DUMMY__ 0.007117749895943123	false	0.5
trostlosigkeit	neg 1.0		neg 0.5392404161365697 off 0.4535988856182799 __DUMMY__ 0.0071606982451504295	false	1.0
lutschen	neg 1.0		neg 0.5306234029031383 off 0.4622742480180126 __DUMMY__ 0.00710234907884912	false	1.0
undiszipliniert	neg 1.0		neg 0.5235355244479062 off 0.46936421003567497 __DUMMY__ 0.007100265516418873	false	1.0
kopfschmerz	neg 1.0		neg 0.5318186380312359 off 0.4610076544518599 __DUMMY__ 0.007173707516904191	false	1.0
unvorhergesehen	neg 1.0		neg 0.532135572516154 off 0.46064184591262747 __DUMMY__ 0.007222581571218539	false	1.0
desinteressiert	neg 1.0		neg 0.5249538209080801 off 0.4679664414631264 __DUMMY__ 0.0070797376287936595	false	1.0
armselig	off 1.0		neg 0.5258313571369659 off 0.4671257816280603 __DUMMY__ 0.007042861234973673	false	0.5
desaster	neg 1.0		neg 0.5412570748561135 off 0.4515880614485695 __DUMMY__ 0.007154863695317001	false	1.0
tod	neg 1.0		neg 0.5339510935383908 off 0.45886750590706776 __DUMMY__ 0.007181400554541644	false	1.0
herzlos	neg 1.0		neg 0.5235618746210858 off 0.46936888505222574 __DUMMY__ 0.007069240326688514	false	1.0
unwissenheit	neg 1.0		neg 0.5375669534440197 off 0.4553357732264878 __DUMMY__ 0.007097273329492344	false	1.0
widersinnig	neg 1.0	neg 1.0	neg 0.7553083420143638 off 0.24131640076200844 __DUMMY__ 0.0033752572236277	false	1.0
bedenklich	neg 1.0		neg 0.5374345087619626 off 0.4554381014760662 __DUMMY__ 0.0071273897619713086	false	1.0
beanstanden	neg 1.0		neg 0.5384273458246912 off 0.45441054335106795 __DUMMY__ 0.00716211082424082	false	1.0
panisch	neg 1.0	neg 1.0	neg 0.7485483333572114 off 0.24801840923423119 __DUMMY__ 0.0034332574085574113	false	1.0
debil	off 1.0		neg 0.542806642872829 off 0.44999338592104887 __DUMMY__ 0.007199971206122176	false	0.5
abstrich	neg 1.0		neg 0.5357281023524316 off 0.45713190132264636 __DUMMY__ 0.00713999632492206	false	1.0
primitiv	neg 1.0		neg 0.5265024790289403 off 0.46643007157556665 __DUMMY__ 0.007067449395493098	false	1.0
abschaum	off 1.0	off 1.0	off 0.7162568735223348 neg 0.2803688628469664 __DUMMY__ 0.0033742636306987686	false	1.0
provozieren	neg 1.0		neg 0.532570082267854 off 0.46031692961376636 __DUMMY__ 0.007112988118379711	false	1.0
tot	neg 1.0		neg 0.53585878642195 off 0.4569824799354418 __DUMMY__ 0.0071587336426083385	false	1.0
instabil	neg 1.0		neg 0.5274268288140109 off 0.46551934905242953 __DUMMY__ 0.007053822133559621	false	1.0
schwuchtel	off 1.0		neg 0.5137327310785679 off 0.4792762118445823 __DUMMY__ 0.00699105707684978	false	0.5
zerren	neg 1.0		neg 0.5318607361462907 off 0.460967642870809 __DUMMY__ 0.007171620982900411	false	1.0
kinderficker	off 1.0		neg 0.5237377478443652 off 0.469240214353836 __DUMMY__ 0.007022037801798797	false	0.5
gefahr	neg 1.0		neg 0.5378968619092562 off 0.4549382927734071 __DUMMY__ 0.007164845317336697	false	1.0
rabiat	neg 1.0		neg 0.5334057191979099 off 0.459480568529315 __DUMMY__ 0.00711371227277507	false	1.0
verlangsamung	neg 1.0		neg 0.5208777818820601 off 0.47209160096214126 __DUMMY__ 0.007030617155798561	false	1.0
ausgestorben	neg 1.0		neg 0.5318646857283299 off 0.460979969346844 __DUMMY__ 0.007155344924826141	false	1.0
anklagen	neg 1.0		neg 0.5353823335020466 off 0.457494183166853 __DUMMY__ 0.0071234833311004785	false	1.0
trott	neg 1.0		neg 0.5319962624596329 off 0.4608499429268033 __DUMMY__ 0.00715379461356364	false	1.0
verminderung	neg 1.0		neg 0.5255803681381012 off 0.46734323480787193 __DUMMY__ 0.007076397054026998	false	1.0
nach			neg 0.5362328612015598 off 0.45648911649895013 __DUMMY__ 0.007278022299490067	false	0.0
rost	neg 1.0		neg 0.5221710170713338 off 0.4707916031984984 __DUMMY__ 0.007037379730167871	false	1.0
destruktiv	neg 1.0		neg 0.5355465864049138 off 0.45736508113580143 __DUMMY__ 0.007088332459284869	false	1.0
unzumutbarkeit	neg 1.0		neg 0.5255275932795553 off 0.4673361619576223 __DUMMY__ 0.007136244762822471	false	1.0
labil	off 1.0	off 1.0	off 0.7165430154887724 neg 0.28007650862836925 __DUMMY__ 0.003380475882858426	false	1.0
ziemlich	neg 1.0		neg 0.5244753654539438 off 0.46840158943081855 __DUMMY__ 0.007123045115237649	false	1.0
lachnummer	off 1.0		neg 0.5335586809513296 off 0.45932302725558305 __DUMMY__ 0.007118291793087116	false	0.5
oder			neg 0.5297725102072952 off 0.46305867434966846 __DUMMY__ 0.007168815443036422	false	0.0
verfall	neg 1.0		neg 0.5434410378736759 off 0.4493882436741024 __DUMMY__ 0.00717071845222171	false	1.0
ausgrenzung	neg 1.0		neg 0.5338020040129021 off 0.45912297554788484 __DUMMY__ 0.007075020439213131	false	1.0
unordnung	neg 1.0		neg 0.5244840724140921 off 0.46838094127374175 __DUMMY__ 0.007134986312166189	false	1.0
fehlverhalten	neg 1.0		neg 0.5387143805259326 off 0.45414925071300166 __DUMMY__ 0.007136368761065788	false	1.0
eine			neg 0.5375667160518173 off 0.45526377861101824 __DUMMY__ 0.007169505337164376	false	0.0
nille	neg 1.0		neg 0.5333857035345416 off 0.4594700082305819 __DUMMY__ 0.00714428823487662	false	1.0
qual	neg 1.0		neg 0.5326692979692309 off 0.46018363224606307 __DUMMY__ 0.007147069784706082	false	1.0
verschwenden	neg 1.0		neg 0.5362814951307241 off 0.4565834240355508 __DUMMY__ 0.007135080833725118	false	1.0
riesig	neg 1.0	neg 1.0	neg 0.7531689109355642 off 0.24340030609312704 __DUMMY__ 0.0034307829713086766	false	1.0
verurteilen	neg 1.0		neg 0.536674657229013 off 0.4562119636205943 __DUMMY__ 0.0071133791503927655	false	1.0
klischee	neg 1.0	neg 1.0	neg 0.7511721678444582 off 0.24545262653522307 __DUMMY__ 0.0033752056203187443	false	1.0
diktatorisch	neg 1.0		neg 0.535053004429063 off 0.45788904444940975 __DUMMY__ 0.007057951121527308	false	1.0
vorhersehbar	neg 1.0	neg 1.0	neg 0.7511841088703813 off 0.24543196966085384 __DUMMY__ 0.003383921468764808	false	1.0
sowie			neg 0.5220100124143147 off 0.4709381861333517 __DUMMY__ 0.007051801452333641	false	0.0
stornieren	neg 1.0		neg 0.5269668953793173 off 0.4658252381872482 __DUMMY__ 0.007207866433434359	false	1.0
besteuerung	neg 1.0		neg 0.5340614604706425 off 0.4588515447285805 __DUMMY__ 0.007086994800777165	false	1.0
ungeschminkt	neg 1.0		neg 0.5260468568349854 off 0.46686456812480726 __DUMMY__ 0.007088575040207391	false	1.0
kritisch	neg 1.0		neg 0.5374192349201673 off 0.45544788615269605 __DUMMY__ 0.00713287892713665	false	1.0
schlamperei	off 1.0		neg 0.538834153833749 off 0.4540328095159823 __DUMMY__ 0.007133036650268634	false	0.5
sucht	neg 1.0	neg 1.0	neg 0.751512557614833 off 0.24506921277348617 __DUMMY__ 0.0034182296116808462	false	1.0
egoistisch	off 1.0		neg 0.5205815719390278 off 0.472355330933532 __DUMMY__ 0.007063097127440191	false	0.5
ausbeuter	off 1.0		neg 0.5400743089544444 off 0.45280988348473633 __DUMMY__ 0.007115807560819292	false	0.5
arschgeburt	off 1.0		neg 0.5143593101526027 off 0.4786625507567905 __DUMMY__ 0.00697813909060665	false	0.5
schubs	neg 1.0	neg 1.0	neg 0.7520575301214021 off 0.24450804227859027 __DUMMY__ 0.003434427600007572	false	1.0
unsolide	neg 1.0		neg 0.536214911003292 off 0.45676152166100975 __DUMMY__ 0.007023567335698336	false	1.0
beschwerde	neg 1.0		neg 0.538450532866662 off 0.4544152020534728 __DUMMY__ 0.007134265079865149	false	1.0
stocken	neg 1.0		neg 0.5369723766515514 off 0.4558812585994057 __DUMMY__ 0.007146364749042781	false	1.0
isolieren	neg 1.0		neg 0.536774051860935 off 0.45610302935188446 __DUMMY__ 0.00712291878718052	false	1.0
unheilbar	neg 1.0		neg 0.5315195906470728 off 0.4613429849183055 __DUMMY__ 0.007137424434621828	false	1.0
pisser	off 1.0		neg 0.5244389532861206 off 0.46846566845495197 __DUMMY__ 0.007095378258927633	false	0.5
löschen	neg 1.0		neg 0.5324384301717144 off 0.46042569031886765 __DUMMY__ 0.007135879509417849	false	1.0
durchfallen	neg 1.0		neg 0.5364568621323266 off 0.45642631766390185 __DUMMY__ 0.007116820203771607	false	1.0
wichser	off 1.0		neg 0.5156605399307062 off 0.47730465979385106 __DUMMY__ 0.007034800275442883	false	0.5
terror	neg 1.0		neg 0.5275043028240887 off 0.46534465508166684 __DUMMY__ 0.0071510420942444	false	1.0
krass	neg 1.0		neg 0.5221545283834405 off 0.47076603588913063 __DUMMY__ 0.007079435727428851	false	1.0
revolte	neg 1.0		neg 0.5325076763158704 off 0.46041018384078014 __DUMMY__ 0.007082139843349399	false	1.0
besorgt	neg 1.0		neg 0.5323058971708772 off 0.4605104292568741 __DUMMY__ 0.007183673572248787	false	1.0
nachlassen	neg 1.0		neg 0.5373369408173385 off 0.455516122276949 __DUMMY__ 0.00714693690571239	false	1.0
alt	neg 1.0		neg 0.5352170116828976 off 0.4576272405130019 __DUMMY__ 0.007155747804100633	false	1.0
hundesohn	off 1.0		neg 0.5190696818511616 off 0.47391380370389136 __DUMMY__ 0.007016514444947051	false	0.5
als			neg 0.5324149095196365 off 0.4604091563764906 __DUMMY__ 0.007175934103872698	false	0.0
abschreckung	neg 1.0		neg 0.5398356672116352 off 0.4530127632858621 __DUMMY__ 0.007151569502502525	false	1.0
unqualifiziert	neg 1.0		neg 0.5318263136154668 off 0.4611115146160226 __DUMMY__ 0.0070621717685106	false	1.0
abgewichst	off 1.0		neg 0.5338458561794025 off 0.45900368215313536 __DUMMY__ 0.007150461667462165	false	0.5
schwer	neg 1.0		neg 0.5317914548315399 off 0.46106360524912327 __DUMMY__ 0.0071449399193369125	false	1.0
bedeutungslosigkeit	neg 1.0		neg 0.5389069835776193 off 0.4539476501146148 __DUMMY__ 0.0071453663077657974	false	1.0
kapitulation	neg 1.0		neg 0.5397369657840025 off 0.45316507559977154 __DUMMY__ 0.007097958616225805	false	1.0
unscharf	neg 1.0		neg 0.5289336895306642 off 0.46393689386741255 __DUMMY__ 0.007129416601923258	false	1.0
schwinden	neg 1.0		neg 0.5391133597169951 off 0.4537426547020164 __DUMMY__ 0.007143985580988557	false	1.0
versklavung	neg 1.0		neg 0.5357569005181655 off 0.45718867460690693 __DUMMY__ 0.007054424874927543	false	1.0
schlecht	neg 1.0		neg 0.5243073724908769 off 0.46856819747609196 __DUMMY__ 0.007124430033030986	false	1.0
verhasst	neg 1.0		neg 0.5321554735298495 off 0.46073334095199336 __DUMMY__ 0.007111185518157148	false	1.0
beschweren	neg 1.0		neg 0.5300381543967911 off 0.4628346907521128 __DUMMY__ 0.007127154851096062	false	1.0
scheiden	neg 1.0		neg 0.5272025256363994 off 0.46558501867786994 __DUMMY__ 0.007212455685730731	false	1.0
frustriert	neg 1.0		neg 0.5330008120620884 off 0.45984972579805977 __DUMMY__ 0.007149462139851791	false	1.0
schimmelig	neg 1.0		neg 0.5348927034819932 off 0.4579315128833094 __DUMMY__ 0.007175783634697403	false	1.0
fisch	neg 1.0		neg 0.5331910046984506 off 0.45957339977904543 __DUMMY__ 0.00723559552250398	false	1.0
schmuggel	neg 1.0		neg 0.5360426749709557 off 0.45676186856483697 __DUMMY__ 0.007195456464207455	false	1.0
auffallen	neg 1.0		neg 0.5286059455307802 off 0.4642591366705934 __DUMMY__ 0.0071349177986263015	false	1.0
konkurrenz	neg 1.0	neg 1.0	neg 0.7554201678709235 off 0.2411488840777262 __DUMMY__ 0.0034309480513503537	false	1.0
teufelskreis	neg 1.0	neg 1.0	neg 0.7533746221555706 off 0.24323146874225324 __DUMMY__ 0.0033939091021762046	false	1.0
aufschreien	neg 1.0		neg 0.5306127127553222 off 0.46228356208889937 __DUMMY__ 0.0071037251557785645	false	1.0
schuldner	neg 1.0		neg 0.5382629887069977 off 0.45458402943723536 __DUMMY__ 0.007152981855766933	false	1.0
missgeburt	off 1.0	off 1.0	off 0.7200928132219933 neg 0.2765441929723374 __DUMMY__ 0.003362993805669277	false	1.0
arbeitslos	neg 1.0		neg 0.5359127674103467 off 0.45696638583221316 __DUMMY__ 0.007120846757440131	false	1.0
befallen	neg 1.0		neg 0.5371189102935843 off 0.4557884595868738 __DUMMY__ 0.0070926301195420064	false	1.0
miesepetrig	off 1.0	off 1.0	off 0.7184347222334707 neg 0.27816889306637044 __DUMMY__ 0.003396384700158777	false	1.0
alarmieren	neg 1.0		neg 0.5293908547301959 off 0.4635305044738975 __DUMMY__ 0.007078640795906647	false	1.0
ungeduscht	off 1.0		neg 0.5264704916442056 off 0.4663881761787309 __DUMMY__ 0.007141332177063527	false	0.5
knappheit	neg 1.0		neg 0.5389475741679404 off 0.45394480180591923 __DUMMY__ 0.007107624026140288	false	1.0
schlange	neg 1.0		neg 0.5270372027177656 off 0.46578244416562403 __DUMMY__ 0.007180353116610322	false	1.0
harsch	neg 1.0		neg 0.5194067638301824 off 0.4734768736056305 __DUMMY__ 0.007116362564187049	false	1.0
lang	neg 1.0		neg 0.5316320604117252 off 0.4612285942459208 __DUMMY__ 0.007139345342354171	false	1.0
ziellos	neg 1.0		neg 0.5331888201598481 off 0.4596331825601055 __DUMMY__ 0.007177997280046409	false	1.0
selbstverliebt	neg 1.0		neg 0.5170191942386544 off 0.47599033402806645 __DUMMY__ 0.006990471733279028	false	1.0
beseitigen	neg 1.0	neg 1.0	neg 0.7517825855102012 off 0.24479118735550837 __DUMMY__ 0.0034262271342904785	false	1.0
dumm	off 1.0		neg 0.5200561696467048 off 0.4728958361930395 __DUMMY__ 0.007047994160255636	false	0.5
arbeitsloser	neg 1.0		neg 0.5351267528570945 off 0.4577170935356121 __DUMMY__ 0.007156153607293364	false	1.0
blitzen	neg 1.0		neg 0.5289500816205599 off 0.46393267508085745 __DUMMY__ 0.007117243298582622	false	1.0
hilflos	neg 1.0		neg 0.5338420568486867 off 0.45901195947650997 __DUMMY__ 0.007145983674803288	false	1.0
eklig	off 1.0		neg 0.5190290930058499 off 0.47392120497696477 __DUMMY__ 0.007049702017185336	false	0.5
begriff			neg 0.5350697336834409 off 0.45781477047120606 __DUMMY__ 0.007115495845353232	false	0.0
hungersnot	neg 1.0		neg 0.5346871117791338 off 0.45817490577221565 __DUMMY__ 0.007137982448650677	false	1.0
ungesetzlich	neg 1.0		neg 0.5356924739454453 off 0.45727695862205653 __DUMMY__ 0.007030567432498286	false	1.0
verschwendung	neg 1.0		neg 0.5374259469326111 off 0.45542796214657366 __DUMMY__ 0.007146090920815159	false	1.0
schmerzvoll	neg 1.0		neg 0.5297309504768938 off 0.4631356788743574 __DUMMY__ 0.007133370648748781	false	1.0
vorzeitig	neg 1.0		neg 0.5273635515426874 off 0.4654920240013223 __DUMMY__ 0.007144424455990403	false	1.0
unvollkommenheit	neg 1.0		neg 0.5324239240829438 off 0.46038562574128744 __DUMMY__ 0.007190450175768754	false	1.0
intervenieren	neg 1.0		neg 0.5396003923222091 off 0.4532828998018108 __DUMMY__ 0.00711670787598007	false	1.0
banause	off 1.0		neg 0.5178296271595604 off 0.47514905326760465 __DUMMY__ 0.007021319572834892	false	0.5
rebell	neg 1.0		neg 0.5400299462200276 off 0.4527920406987338 __DUMMY__ 0.007178013081238639	false	1.0
unlogisch	neg 1.0		neg 0.5231492031333108 off 0.469767782146913 __DUMMY__ 0.007083014719776187	false	1.0
leiden	neg 1.0		neg 0.5328539435619093 off 0.4599109688900672 __DUMMY__ 0.007235087548023547	false	1.0
abschaffung	neg 1.0		neg 0.5338456177941658 off 0.45905781090895015 __DUMMY__ 0.007096571296884047	false	1.0
sturz	neg 1.0		neg 0.531095804368041 off 0.46174711270211943 __DUMMY__ 0.007157082929839576	false	1.0
verkleinerung	neg 1.0		neg 0.5318557227020868 off 0.4610748267205131 __DUMMY__ 0.007069450577400262	false	1.0
schmarotzer	off 1.0		neg 0.5369696271685424 off 0.45592432215007495 __DUMMY__ 0.00710605068138281	false	0.5
bestrafung	neg 1.0		neg 0.5316474594779883 off 0.46123957098966806 __DUMMY__ 0.0071129695323436225	false	1.0
achtlos	neg 1.0		neg 0.5309218760325428 off 0.46191667084345567 __DUMMY__ 0.007161453124001558	false	1.0
