unsolidarisch	neg 1.0		neg 0.3665462823076261 __DUMMY__ 0.3255607764245593 off 0.30789294126781463	false	1.0
nachteilig	neg 1.0		neg 0.36445496813988265 __DUMMY__ 0.3296731947167405 off 0.30587183714337696	false	1.0
skeptisch	neg 1.0		neg 0.36418921756561057 __DUMMY__ 0.33036505248776793 off 0.3054457299466215	false	1.0
schrecklich	neg 1.0		neg 0.3501476078431987 __DUMMY__ 0.32750805903520647 off 0.3223443331215949	false	1.0
schlapp	neg 1.0		neg 0.35280676787024967 __DUMMY__ 0.3293434500824394 off 0.31784978204731096	false	1.0
abfall	neg 1.0		neg 0.36696637799694665 __DUMMY__ 0.3307823639395077 off 0.30225125806354564	false	1.0
widerspenstig	neg 1.0		neg 0.35922458432109405 __DUMMY__ 0.3294933061641798 off 0.3112821095147262	false	1.0
abrupt	neg 1.0		neg 0.3603250395712313 __DUMMY__ 0.33219927520163517 off 0.30747568522713353	false	1.0
unwirksam	neg 1.0		neg 0.3631630000612023 __DUMMY__ 0.3273970820090143 off 0.30943991792978326	false	1.0
angreifen	neg 1.0	neg 1.0	neg 0.6716808332812497 off 0.16880127111862572 __DUMMY__ 0.15951789560012458	false	1.0
inkonsistent	neg 1.0		neg 0.3578792942102087 __DUMMY__ 0.3296551574583583 off 0.312465548331433	false	1.0
abrutschen	neg 1.0		neg 0.366056683219659 __DUMMY__ 0.3310256132078479 off 0.3029177035724931	false	1.0
unsicher	neg 1.0		neg 0.35800147473704635 __DUMMY__ 0.3301463916118853 off 0.31185213365106823	false	1.0
bauernkind	off 1.0	off 1.0	off 0.6472040737412533 neg 0.19570644597970555 __DUMMY__ 0.15708948027904107	false	1.0
angreifer	neg 1.0		neg 0.3560197229641207 __DUMMY__ 0.3304151119372894 off 0.31356516509858995	false	1.0
trennen	neg 1.0		neg 0.35816237926093275 __DUMMY__ 0.33317959167430233 off 0.3086580290647648	false	1.0
schmutz	neg 1.0		neg 0.3520207173080449 __DUMMY__ 0.33243783488759204 off 0.315541447804363	false	1.0
inkonsistenz	neg 1.0		neg 0.3585876739781997 __DUMMY__ 0.32678581375080795 off 0.3146265122709924	false	1.0
erschreckend	neg 1.0		neg 0.36143647259831574 __DUMMY__ 0.3290509185948584 off 0.30951260880682585	false	1.0
ertrinken	neg 1.0		neg 0.3608926462223507 __DUMMY__ 0.33115607419636756 off 0.3079512795812818	false	1.0
pickelface	off 1.0		neg 0.3615882229872232 __DUMMY__ 0.3296609962571749 off 0.30875078075560186	false	0.5
seiner			neg 0.3621627990602467 __DUMMY__ 0.33120511327750296 off 0.3066320876622503	false	0.0
lauch	neg 1.0		neg 0.36751530673461497 __DUMMY__ 0.3301545186594351 off 0.3023301746059499	false	1.0
unwichtig	neg 1.0		neg 0.3558854023945639 __DUMMY__ 0.3278281828431822 off 0.316286414762254	false	1.0
steuerhinterziehung	neg 1.0		neg 0.36410761985684453 __DUMMY__ 0.3281099554834967 off 0.3077824246596588	false	1.0
schock	neg 1.0		neg 0.3563332239125005 __DUMMY__ 0.3317872023478356 off 0.3118795737396638	false	1.0
beule	neg 1.0		neg 0.35199637531172917 __DUMMY__ 0.3295770814320682 off 0.3184265432562026	false	1.0
vergelten	neg 1.0		neg 0.3488339692368312 __DUMMY__ 0.3293970801122127 off 0.321768950650956	false	1.0
verdorbenheit	neg 1.0		neg 0.35740414684503974 __DUMMY__ 0.3309069910349951 off 0.3116888621199651	false	1.0
trauma	neg 1.0		neg 0.35842179801311197 __DUMMY__ 0.3292506055040584 off 0.31232759648282954	false	1.0
sinnlos	neg 1.0		neg 0.3557822086742951 __DUMMY__ 0.3297138507045378 off 0.3145039406211671	false	1.0
fettsack	off 1.0	off 1.0	off 0.6489034771096475 neg 0.1933768834698001 __DUMMY__ 0.15771963942055242	false	1.0
feige	off 1.0	off 1.0	off 0.6449023555610449 neg 0.19731316056131643 __DUMMY__ 0.1577844838776386	false	1.0
abdanken	neg 1.0		neg 0.3625884692159124 __DUMMY__ 0.3283269442499562 off 0.30908458653413146	false	1.0
wichtigtuer	off 1.0	off 1.0	off 0.6431972231023318 neg 0.19838877925422763 __DUMMY__ 0.1584139976434404	false	1.0
misslingen	neg 1.0		neg 0.3535131908916188 __DUMMY__ 0.332135783021899 off 0.3143510260864821	false	1.0
untreu	off 1.0		neg 0.3552724517282789 __DUMMY__ 0.32727378891201125 off 0.31745375935970976	false	0.5
missmutig	neg 1.0		neg 0.35492237021062933 __DUMMY__ 0.32834676951445496 off 0.31673086027491587	false	1.0
hurenbock	off 1.0		neg 0.35610214446601673 __DUMMY__ 0.3303244276375065 off 0.3135734278964768	false	0.5
betrunken	neg 1.0		neg 0.34943139281911084 __DUMMY__ 0.32945915719943153 off 0.32110944998145763	false	1.0
korrupt	off 1.0		neg 0.3674667499003767 __DUMMY__ 0.32669467882794173 off 0.3058385712716817	false	0.5
unmut	neg 1.0		neg 0.36700189032240377 __DUMMY__ 0.3306351146926849 off 0.3023629949849112	false	1.0
hackfresse	off 1.0		neg 0.3488180304987712 __DUMMY__ 0.3257206961136726 off 0.3254612733875562	false	0.5
aufblasen	neg 1.0		neg 0.35537411512832245 __DUMMY__ 0.3306424630925826 off 0.3139834217790949	false	1.0
gewaltsam	neg 1.0		neg 0.3597859482317783 __DUMMY__ 0.3299001923468606 off 0.3103138594213611	false	1.0
unbeliebtheit	neg 1.0		neg 0.3624558637362026 __DUMMY__ 0.3244778769761794 off 0.313066259287618	false	1.0
sturheit	neg 1.0		neg 0.3624675631755177 __DUMMY__ 0.3285082982201294 off 0.30902413860435274	false	1.0
kuh	neg 1.0		neg 0.3604271040338076 __DUMMY__ 0.3283656458265059 off 0.3112072501396866	false	1.0
erschrecken	neg 1.0		neg 0.354381628504334 __DUMMY__ 0.32915541144048943 off 0.3164629600551765	false	1.0
opfer	neg 1.0		neg 0.36209012871734336 __DUMMY__ 0.3304324364890688 off 0.30747743479358786	false	1.0
sinken	neg 1.0		neg 0.36504438739347334 __DUMMY__ 0.3313199694445937 off 0.3036356431619329	false	1.0
stinktier	neg 1.0		neg 0.3516995391530899 __DUMMY__ 0.3262425072275582 off 0.322057953619352	false	1.0
tucke	off 1.0		neg 0.35214453375714094 off 0.3243809811360118 __DUMMY__ 0.3234744851068471	false	0.5
ein			neg 0.35576409687829347 __DUMMY__ 0.3308891985531621 off 0.31334670456854447	false	0.0
abstieg	neg 1.0		neg 0.3603670179439017 __DUMMY__ 0.3320451534836866 off 0.3075878285724118	false	1.0
missverstehen	neg 1.0		neg 0.3587680515616471 __DUMMY__ 0.32784645149117864 off 0.31338549694717427	false	1.0
ergebnislos	neg 1.0		neg 0.36322791725451226 __DUMMY__ 0.33049563382704134 off 0.30627644891844646	false	1.0
unter			neg 0.36437110441649473 __DUMMY__ 0.3352371064152365 off 0.3003917891682689	false	0.0
manipulieren	neg 1.0		neg 0.36528276265501053 __DUMMY__ 0.329731374953209 off 0.3049858623917804	false	1.0
unbewiesen	neg 1.0		neg 0.367177653095615 __DUMMY__ 0.3250113993121111 off 0.3078109475922738	false	1.0
verschleppen	neg 1.0		neg 0.3625545376535791 __DUMMY__ 0.32972710063916555 off 0.3077183617072553	false	1.0
weib	off 1.0		neg 0.34901122366482923 __DUMMY__ 0.3256455739499814 off 0.3253432023851893	false	0.5
opposition	neg 1.0		neg 0.3597982088474633 __DUMMY__ 0.3279345249502383 off 0.3122672662022985	false	1.0
verkehrswidrig	neg 1.0	neg 1.0	neg 0.6599266270619769 off 0.1792744638884059 __DUMMY__ 0.16079890904961722	false	1.0
inkorrekt	neg 1.0		neg 0.35765269532891497 __DUMMY__ 0.32507059330663474 off 0.3172767113644503	false	1.0
vermeiden	neg 1.0		neg 0.36628473303858805 __DUMMY__ 0.3325227266878608 off 0.30119254027355113	false	1.0
abweichung	neg 1.0		neg 0.363345281612281 __DUMMY__ 0.3300735174138527 off 0.3065812009738663	false	1.0
alkoholisiert	neg 1.0		neg 0.35666458045797683 __DUMMY__ 0.3345137329445588 off 0.3088216865974643	false	1.0
scheiss	off 1.0	off 1.0	off 0.6460583723294834 neg 0.19493709751048632 __DUMMY__ 0.1590045301600304	false	1.0
herausforderung	neg 1.0	neg 1.0	neg 0.6668526359006164 off 0.17084526632975316 __DUMMY__ 0.16230209776963042	false	1.0
pervers	off 1.0		neg 0.346096608974958 off 0.3289244717135949 __DUMMY__ 0.3249789193114471	false	0.5
wackelig	neg 1.0		neg 0.35656429585453603 __DUMMY__ 0.33280007156000346 off 0.31063563258546056	false	1.0
verwickeln	neg 1.0		neg 0.3591850230974497 __DUMMY__ 0.32770031746030487 off 0.3131146594422454	false	1.0
vorwand	neg 1.0		neg 0.3651865951190092 __DUMMY__ 0.3303386267435072 off 0.3044747781374834	false	1.0
muschi	off 1.0		neg 0.36075357092736876 __DUMMY__ 0.3298232588581239 off 0.3094231702145073	false	0.5
entmutigung	neg 1.0		neg 0.36169966308946644 __DUMMY__ 0.327126880786653 off 0.3111734561238805	false	1.0
unangemessen	neg 1.0		neg 0.3630501846478922 __DUMMY__ 0.32876297739399396 off 0.3081868379581141	false	1.0
unstetig	neg 1.0		neg 0.35590938832773306 __DUMMY__ 0.33068628352615576 off 0.3134043281461113	false	1.0
entmutigen	neg 1.0		neg 0.35803342085124173 __DUMMY__ 0.3291920917781827 off 0.3127744873705756	false	1.0
schwanz	neg 1.0		neg 0.362627710942292 __DUMMY__ 0.3310012688705275 off 0.30637102018718054	false	1.0
verbot	neg 1.0		neg 0.3648496789877832 __DUMMY__ 0.3283798548525466 off 0.3067704661596701	false	1.0
leid	neg 1.0		neg 0.34931260395092645 __DUMMY__ 0.3271487982121158 off 0.3235385978369579	false	1.0
archaisch	neg 1.0		neg 0.3617949316040671 __DUMMY__ 0.32958152403730623 off 0.30862354435862654	false	1.0
gegen			neg 0.36318007544264747 __DUMMY__ 0.3319714189838193 off 0.30484850557353316	false	0.0
scheidung	neg 1.0		neg 0.3414766539906235 off 0.33334136259437014 __DUMMY__ 0.3251819834150064	false	1.0
einschlag	neg 1.0	neg 1.0	neg 0.6635805322506835 off 0.1775267338476598 __DUMMY__ 0.1588927339016567	false	1.0
m			neg 0.359230830348823 __DUMMY__ 0.3311693757337663 off 0.3095997939174107	false	0.0
abgestanden	neg 1.0		neg 0.35596039212819897 __DUMMY__ 0.3308117210802237 off 0.3132278867915773	false	1.0
schmierig	off 1.0		neg 0.3495242826256637 __DUMMY__ 0.3274037514619132 off 0.32307196591242304	false	0.5
unpraktisch	neg 1.0		neg 0.35450440415134993 __DUMMY__ 0.33138843238511156 off 0.3141071634635385	false	1.0
wixxer	off 1.0		neg 0.34701617413959207 off 0.3283676505981965 __DUMMY__ 0.3246161752622113	false	0.5
bezeichnet			neg 0.36108921458741006 __DUMMY__ 0.3288019203944606 off 0.31010886501812934	false	0.0
jammerlappen	off 1.0		neg 0.3554328799016258 __DUMMY__ 0.32797714714110204 off 0.3165899729572722	false	0.5
farce	neg 1.0		neg 0.3648465657344908 __DUMMY__ 0.3277909463452929 off 0.30736248792021637	false	1.0
zwecklos	neg 1.0		neg 0.3628973258477109 __DUMMY__ 0.3288959033168477 off 0.30820677083544146	false	1.0
turbulent	neg 1.0		neg 0.3559784391536213 __DUMMY__ 0.3273340859204715 off 0.3166874749259073	false	1.0
invasion	neg 1.0		neg 0.35558915016227105 __DUMMY__ 0.3297609115696341 off 0.31464993826809484	false	1.0
schuld	neg 1.0		neg 0.3590241503280656 __DUMMY__ 0.3289576584331667 off 0.31201819123876773	false	1.0
risiko	neg 1.0		neg 0.35739287953962484 __DUMMY__ 0.33038098975237423 off 0.3122261307080009	false	1.0
finster	neg 1.0		neg 0.3565888625598498 __DUMMY__ 0.33025468374088435 off 0.31315645369926587	false	1.0
geisteskrank	off 1.0		neg 0.35600082686468004 __DUMMY__ 0.32640671385969944 off 0.31759245927562046	false	0.5
zusammenbrechen	neg 1.0		neg 0.359368210806089 __DUMMY__ 0.3304966670621284 off 0.3101351221317825	false	1.0
ausbeute	neg 1.0		neg 0.35858546964943655 __DUMMY__ 0.33325091898832293 off 0.30816361136224046	false	1.0
hinterhalt	neg 1.0		neg 0.3581182136128413 __DUMMY__ 0.3315620182870489 off 0.3103197681001097	false	1.0
kritik	neg 1.0		neg 0.3646527145348831 __DUMMY__ 0.32802712986652116 off 0.3073201555985956	false	1.0
einschrumpfen	neg 1.0		neg 0.35980747857674616 __DUMMY__ 0.3269457436451543 off 0.3132467777780995	false	1.0
riskant	neg 1.0		neg 0.3636981106915875 __DUMMY__ 0.32968436061258855 off 0.30661752869582404	false	1.0
frustrieren	neg 1.0		neg 0.36270314953938315 __DUMMY__ 0.3301004313690424 off 0.3071964190915745	false	1.0
groll	neg 1.0		neg 0.3619143726503039 __DUMMY__ 0.3296690179274504 off 0.30841660942224547	false	1.0
gibt			neg 0.36058250610057146 __DUMMY__ 0.33006350241750615 off 0.3093539914819222	false	0.0
qualvoll	neg 1.0		neg 0.3545314869856888 __DUMMY__ 0.3296599903940378 off 0.31580852262027337	false	1.0
wackeln	neg 1.0	neg 1.0	neg 0.6661007220792724 off 0.17342643806487135 __DUMMY__ 0.16047283985585617	false	1.0
klagen	neg 1.0		neg 0.3656483723935334 __DUMMY__ 0.3310259691555876 off 0.30332565845087905	false	1.0
bankrott	neg 1.0		neg 0.35482111629746077 __DUMMY__ 0.32909468678613624 off 0.3160841969164029	false	1.0
trauern	neg 1.0		neg 0.3607315153969715 __DUMMY__ 0.33134697423229137 off 0.307921510370737	false	1.0
ablehnung	neg 1.0		neg 0.36434003298204704 __DUMMY__ 0.32816361623841656 off 0.3074963507795364	false	1.0
stur	neg 1.0		neg 0.3589272803595679 __DUMMY__ 0.32856709879858537 off 0.31250562084184663	false	1.0
aufruhr	neg 1.0		neg 0.35994098247159095 __DUMMY__ 0.3298727204759927 off 0.31018629705241635	false	1.0
melancholie	neg 1.0		neg 0.3591162826248744 __DUMMY__ 0.33139038018504896 off 0.30949333719007666	false	1.0
ist			neg 0.3568373341087044 __DUMMY__ 0.32951759821098714 off 0.3136450676803085	false	0.0
torheit	neg 1.0		neg 0.36202643690609 __DUMMY__ 0.32741691011106283 off 0.3105566529828471	false	1.0
dreckskind	off 1.0		neg 0.3508000503853239 __DUMMY__ 0.3257519391313887 off 0.3234480104832872	false	0.5
umtauschen	neg 1.0		neg 0.3575843312965284 __DUMMY__ 0.33072438402882937 off 0.3116912846746423	false	1.0
zum			neg 0.36011922678562175 __DUMMY__ 0.3358667674775839 off 0.3040140057367944	false	0.0
zersetzen	neg 1.0		neg 0.36659159744642666 __DUMMY__ 0.3290547209159896 off 0.3043536816375837	false	1.0
zur			neg 0.3650352576829267 __DUMMY__ 0.3336004946442286 off 0.3013642476728447	false	0.0
frust	neg 1.0		neg 0.35943360889952475 __DUMMY__ 0.3305793080461086 off 0.3099870830543666	false	1.0
unerbittlichkeit	neg 1.0		neg 0.3655470357871373 __DUMMY__ 0.32954848042223545 off 0.30490448379062707	false	1.0
zwei			neg 0.359599240656555 __DUMMY__ 0.3346053968532823 off 0.30579536249016265	false	0.0
unkorrekt	neg 1.0		neg 0.3567508078566094 __DUMMY__ 0.32515431538963996 off 0.3180948767537507	false	1.0
hexe	off 1.0		neg 0.3540143052299041 __DUMMY__ 0.3282646906322935 off 0.3177210041378025	false	0.5
lasch	neg 1.0		neg 0.3586136855458614 __DUMMY__ 0.32709162849099893 off 0.31429468596313975	false	1.0
rivale	neg 1.0		neg 0.35183981515519447 __DUMMY__ 0.32804070231949994 off 0.3201194825253056	false	1.0
mutlos	off 1.0	off 1.0	off 0.6389292157446196 neg 0.2023449416178903 __DUMMY__ 0.15872584263748996	false	1.0
wirr	off 1.0		neg 0.35575878404608724 __DUMMY__ 0.3254962799033978 off 0.31874493605051474	false	0.5
jahr			neg 0.3582896156349416 __DUMMY__ 0.33404574246917085 off 0.30766464189588755	false	0.0
wird			neg 0.3608161368648236 __DUMMY__ 0.3308949877904728 off 0.3082888753447035	false	0.0
strafbar	neg 1.0		neg 0.36445830846140786 __DUMMY__ 0.32919180982726043 off 0.3063498817113317	false	1.0
erosion	neg 1.0		neg 0.35692623393912426 __DUMMY__ 0.3303973291757816 off 0.3126764368850943	false	1.0
eingehen	neg 1.0		neg 0.3640073964905937 __DUMMY__ 0.32878423164923865 off 0.3072083718601677	false	1.0
faul	off 1.0		neg 0.35330545439112565 __DUMMY__ 0.3296976968077418 off 0.3169968488011327	false	0.5
provisorium	neg 1.0		neg 0.3666201584280372 __DUMMY__ 0.33416214812301903 off 0.29921769344894383	false	1.0
schmerzen	neg 1.0		neg 0.35814969764465404 __DUMMY__ 0.33015045648808994 off 0.3116998458672559	false	1.0
schrumpfen	neg 1.0		neg 0.3688383451126994 __DUMMY__ 0.331171057504111 off 0.29999059738318945	false	1.0
geistlos	off 1.0		neg 0.3634899840059556 __DUMMY__ 0.3252144145959024 off 0.31129560139814205	false	0.5
fehlkauf	neg 1.0		neg 0.358620813649933 __DUMMY__ 0.3285775291903976 off 0.31280165715966923	false	1.0
frustrierend	neg 1.0		neg 0.3535284896117267 __DUMMY__ 0.3297533647952988 off 0.31671814559297445	false	1.0
unzufrieden	neg 1.0		neg 0.3625414146110883 __DUMMY__ 0.3291904673458147 off 0.30826811804309695	false	1.0
verzweifeln	neg 1.0		neg 0.35905892447246557 __DUMMY__ 0.3299476398911306 off 0.31099343563640386	false	1.0
verzweifelt	neg 1.0		neg 0.358291787662776 __DUMMY__ 0.32886438014920366 off 0.3128438321880203	false	1.0
misstrauensantrag	neg 1.0		neg 0.35803351037042336 __DUMMY__ 0.32846347963993666 off 0.31350300998964	false	1.0
abfallen	neg 1.0		neg 0.35466992703143474 __DUMMY__ 0.3311115934743878 off 0.3142184794941775	false	1.0
fucker	off 1.0		neg 0.3541933207467569 __DUMMY__ 0.32712713852253833 off 0.31867954073070476	false	0.5
ungezogen	neg 1.0		neg 0.3461654101411317 off 0.32767256592681226 __DUMMY__ 0.3261620239320561	false	1.0
irrsinnig	neg 1.0	neg 1.0	neg 0.6685280514528615 off 0.1726023439306191 __DUMMY__ 0.15886960461651947	false	1.0
unfassbar	neg 1.0		neg 0.3545540892568664 __DUMMY__ 0.3279197717532259 off 0.3175261389899076	false	1.0
hart	neg 1.0		neg 0.3557420138012569 __DUMMY__ 0.32884553433334557 off 0.31541245186539746	false	1.0
widerlich	off 1.0		neg 0.35593995169823167 __DUMMY__ 0.32647982294940897 off 0.31758022535235947	false	0.5
fatal	neg 1.0		neg 0.35785939386070265 __DUMMY__ 0.3287914193274553 off 0.31334918681184204	false	1.0
bruch	neg 1.0		neg 0.36622752727188296 __DUMMY__ 0.3305599866624673 off 0.3032124860656499	false	1.0
aushungern	neg 1.0		neg 0.36397531018647683 __DUMMY__ 0.3277442372887692 off 0.30828045252475395	false	1.0
anspannung	neg 1.0	neg 1.0	neg 0.6695389714727734 off 0.16793244182822034 __DUMMY__ 0.16252858669900622	false	1.0
von			neg 0.3594634444371156 __DUMMY__ 0.3338872789664522 off 0.3066492765964323	false	0.0
kraftlos	neg 1.0		neg 0.35801008666991324 __DUMMY__ 0.3317219209794196 off 0.31026799235066727	false	1.0
vom			neg 0.36264730590771105 __DUMMY__ 0.3359252274612874 off 0.30142746663100145	false	0.0
grenzdebil	off 1.0		neg 0.35313071567896265 __DUMMY__ 0.327989000473662 off 0.3188802838473753	false	0.5
vor			neg 0.36244712239756943 __DUMMY__ 0.33186359586981595 off 0.3056892817326146	false	0.0
unterwerfen	neg 1.0		neg 0.3635893723449824 __DUMMY__ 0.32980323309833864 off 0.30660739455667885	false	1.0
versenkung	neg 1.0		neg 0.3631695662048636 __DUMMY__ 0.3302391818157813 off 0.306591251979355	false	1.0
entziehen	neg 1.0		neg 0.3653375064135655 __DUMMY__ 0.33074961253252677 off 0.3039128810539079	false	1.0
finanzkrise	neg 1.0		neg 0.36381310994384836 __DUMMY__ 0.3277039391911295 off 0.3084829508650221	false	1.0
schimpfend	neg 1.0		neg 0.35452836575174584 __DUMMY__ 0.33136581776081775 off 0.3141058164874365	false	1.0
profan	neg 1.0		neg 0.3562610344564902 __DUMMY__ 0.3290002748820055 off 0.31473869066150434	false	1.0
korruption	neg 1.0	neg 1.0	neg 0.671974603163018 off 0.16944380197835796 __DUMMY__ 0.15858159485862391	false	1.0
â			neg 0.3611250876864615 __DUMMY__ 0.33087428098792476 off 0.30800063132561384	false	0.0
schmutzig	neg 1.0		neg 0.35299346941899257 __DUMMY__ 0.3284910609966872 off 0.3185154695843202	false	1.0
sexy	neg 1.0		neg 0.3558758074800628 __DUMMY__ 0.3288086131197826 off 0.31531557940015464	false	1.0
abraten	neg 1.0		neg 0.3568056799871338 __DUMMY__ 0.32942352804899794 off 0.3137707919638682	false	1.0
schwarz	neg 1.0		neg 0.3588158083759729 __DUMMY__ 0.3286809905703343 off 0.3125032010536928	false	1.0
fotze	off 1.0		neg 0.3630195367206793 __DUMMY__ 0.33008453532994325 off 0.3068959279493775	false	0.5
verwirren	neg 1.0		neg 0.3559209417802178 __DUMMY__ 0.32904176789576695 off 0.3150372903240151	false	1.0
zahnlos	off 1.0		neg 0.3627980803639985 __DUMMY__ 0.32902531477074787 off 0.3081766048652535	false	0.5
verheeren	neg 1.0		neg 0.3448828507250268 off 0.32882367248870326 __DUMMY__ 0.32629347678626974	false	1.0
hippie	neg 1.0		neg 0.3569216693269906 __DUMMY__ 0.3285847249888732 off 0.3144936056841363	false	1.0
rammen	neg 1.0		neg 0.35836738234501914 __DUMMY__ 0.3293658914505847 off 0.31226672620439627	false	1.0
unlauter	neg 1.0		neg 0.3637023967683365 __DUMMY__ 0.32659023173808804 off 0.30970737149357547	false	1.0
unheilvoll	neg 1.0		neg 0.3539697816459164 __DUMMY__ 0.3307363047445114 off 0.3152939136095722	false	1.0
niedrig	neg 1.0		neg 0.36254117391296325 __DUMMY__ 0.3309966500580698 off 0.3064621760289669	false	1.0
explosion	neg 1.0		neg 0.3578254512919168 __DUMMY__ 0.32845606001713873 off 0.31371848869094443	false	1.0
weichei	off 1.0		neg 0.34995425797943 __DUMMY__ 0.32615739075708694 off 0.32388835126348303	false	0.5
minusmensch	off 1.0		neg 0.35103246614939676 off 0.32599719734708726 __DUMMY__ 0.322970336503516	false	0.5
farblos	neg 1.0		neg 0.3551311043278204 __DUMMY__ 0.332625973316533 off 0.31224292235564666	false	1.0
unwissend	neg 1.0	neg 1.0	neg 0.6665859505513005 off 0.17519030715377418 __DUMMY__ 0.1582237422949253	false	1.0
traurig	neg 1.0		neg 0.35075693424663457 __DUMMY__ 0.32792065048404184 off 0.3213224152693236	false	1.0
senkung	neg 1.0		neg 0.3592906337433587 __DUMMY__ 0.32740695860668 off 0.3133024076499614	false	1.0
ungleich	neg 1.0	neg 1.0	neg 0.6724342043504605 off 0.16873568223724045 __DUMMY__ 0.15883011341229913	false	1.0
heikel	neg 1.0		neg 0.3651114748946625 __DUMMY__ 0.3297288012290698 off 0.3051597238762677	false	1.0
drosselung	neg 1.0		neg 0.35298141822932133 __DUMMY__ 0.3284605145504252 off 0.31855806722025337	false	1.0
falsch	neg 1.0		neg 0.3549733273710266 __DUMMY__ 0.32874715916953723 off 0.3162795134594361	false	1.0
unzufriedenheit	neg 1.0		neg 0.36575488638171794 __DUMMY__ 0.3298266872684232 off 0.30441842634985905	false	1.0
kurz	neg 1.0		neg 0.3570022964883009 __DUMMY__ 0.33191483916912945 off 0.3110828643425697	false	1.0
unsinnig	neg 1.0		neg 0.3634139192149127 __DUMMY__ 0.3283035298029109 off 0.30828255098217644	false	1.0
penner	off 1.0	off 1.0	off 0.6503622649659598 neg 0.19234358426608367 __DUMMY__ 0.15729415076795653	false	1.0
seicht	neg 1.0		neg 0.3500387513557855 off 0.3258777812889403 __DUMMY__ 0.3240834673552744	false	1.0
dummheit	off 1.0	off 1.0	off 0.6433047003504093 neg 0.19847722237855778 __DUMMY__ 0.1582180772710329	false	1.0
unerfreulich	neg 1.0		neg 0.36396458323184816 __DUMMY__ 0.33106434842298244 off 0.30497106834516957	false	1.0
motherfucker	off 1.0	off 1.0	off 0.6460123906427931 neg 0.19623952184871088 __DUMMY__ 0.15774808750849606	false	1.0
pikiert	neg 1.0		neg 0.35735426406110227 __DUMMY__ 0.32648014739719367 off 0.31616558854170423	false	1.0
wrack	neg 1.0		neg 0.3587842414021469 __DUMMY__ 0.33269687242315066 off 0.30851888617470247	false	1.0
gangster	neg 1.0		neg 0.3565321087223174 __DUMMY__ 0.329069738106344 off 0.31439815317133857	false	1.0
krank	neg 1.0		neg 0.3512741229120878 __DUMMY__ 0.3288777668391483 off 0.3198481102487639	false	1.0
reich	neg 1.0		neg 0.3574819086845277 __DUMMY__ 0.3273236381455726 off 0.3151944531698997	false	1.0
gnadenlos	neg 1.0		neg 0.35834565632236154 __DUMMY__ 0.32933509538734773 off 0.3123192482902908	false	1.0
niedergeschlagen	neg 1.0		neg 0.3583153890322116 __DUMMY__ 0.33099026419584354 off 0.3106943467719449	false	1.0
terrorisieren	off 1.0	off 1.0	off 0.6398517000751267 neg 0.20055783562181517 __DUMMY__ 0.15959046430305807	false	1.0
sinnlosigkeit	neg 1.0		neg 0.3622456773840501 __DUMMY__ 0.32925065855074476 off 0.3085036640652051	false	1.0
behindern	neg 1.0		neg 0.3608876368711096 __DUMMY__ 0.3291437625123726 off 0.3099686006165178	false	1.0
undemokratisch	neg 1.0		neg 0.36210150228352656 __DUMMY__ 0.3273292653756089 off 0.3105692323408645	false	1.0
wirtschaftskrise	neg 1.0		neg 0.3646698876777178 __DUMMY__ 0.32888446913298225 off 0.30644564318930007	false	1.0
neid	neg 1.0		neg 0.3519019906507784 __DUMMY__ 0.33008051782093956 off 0.3180174915282822	false	1.0
rutschen	neg 1.0	neg 1.0	neg 0.6682757012907939 off 0.16924893575721917 __DUMMY__ 0.1624753629519868	false	1.0
rezession	neg 1.0		neg 0.3541215397761656 __DUMMY__ 0.3254757604102245 off 0.32040269981360986	false	1.0
fehlgeburt	neg 1.0		neg 0.354762733816754 __DUMMY__ 0.3305196625254929 off 0.3147176036577531	false	1.0
charakterschwach	off 1.0		neg 0.35463153906750416 __DUMMY__ 0.32747775065408474 off 0.31789071027841126	false	0.5
isolation	neg 1.0		neg 0.35365319015068286 __DUMMY__ 0.3296966557168743 off 0.3166501541324429	false	1.0
ablenkung	neg 1.0		neg 0.3579663687536058 __DUMMY__ 0.3299599249171374 off 0.31207370632925685	false	1.0
pech	neg 1.0		neg 0.35383653760796113 __DUMMY__ 0.3296169413584764 off 0.31654652103356246	false	1.0
vermeidung	neg 1.0		neg 0.354974020695833 __DUMMY__ 0.3271219606958372 off 0.3179040186083297	false	1.0
dominieren	neg 1.0		neg 0.3593762148206682 __DUMMY__ 0.33193748583174376 off 0.3086862993475879	false	1.0
schwindlig	neg 1.0		neg 0.3525251971234515 __DUMMY__ 0.33138566105046174 off 0.31608914182608694	false	1.0
lutscher	neg 1.0		neg 0.34816912065686584 off 0.3272037835796068 __DUMMY__ 0.3246270957635273	false	1.0
pflicht	neg 1.0		neg 0.3648991666573765 __DUMMY__ 0.32997546674925177 off 0.30512536659337164	false	1.0
faschist	off 1.0		neg 0.36067947837358544 __DUMMY__ 0.3265511633826688 off 0.3127693582437457	false	0.5
verschleudern	neg 1.0		neg 0.36833789928439065 __DUMMY__ 0.3273658731597828 off 0.3042962275558266	false	1.0
wenn			neg 0.3548296565667132 __DUMMY__ 0.32867169951790964 off 0.3164986439153771	false	0.0
ehebruch	neg 1.0		neg 0.3643064371487923 __DUMMY__ 0.3290067566248558 off 0.3066868062263519	false	1.0
spott	off 1.0		neg 0.3653769509015725 __DUMMY__ 0.32878358981509154 off 0.305839459283336	false	0.5
trostlosigkeit	neg 1.0		neg 0.365141479540553 __DUMMY__ 0.3306941607184329 off 0.3041643597410142	false	1.0
lutschen	neg 1.0		neg 0.3583358347321164 __DUMMY__ 0.32812846981467914 off 0.31353569545320437	false	1.0
undiszipliniert	neg 1.0		neg 0.35170220921313916 __DUMMY__ 0.3280217461058577 off 0.320276044681003	false	1.0
kopfschmerz	neg 1.0		neg 0.3579044777986895 __DUMMY__ 0.33129061208943617 off 0.31080491011187444	false	1.0
unvorhergesehen	neg 1.0		neg 0.35704504999230885 __DUMMY__ 0.333445627117924 off 0.3095093228897671	false	1.0
desinteressiert	neg 1.0		neg 0.35352208577116834 __DUMMY__ 0.32710038143668574 off 0.31937753279214587	false	1.0
armselig	off 1.0		neg 0.3551985921467378 __DUMMY__ 0.3254685251841566 off 0.31933288266910564	false	0.5
desaster	neg 1.0		neg 0.36717684921085414 __DUMMY__ 0.3304187733559829 off 0.3024043774331629	false	1.0
tod	neg 1.0		neg 0.35963661754034953 __DUMMY__ 0.3316671958774779 off 0.3086961865821725	false	1.0
herzlos	neg 1.0		neg 0.3524485668692836 __DUMMY__ 0.3266362961184625 off 0.3209151370122538	false	1.0
unwissenheit	neg 1.0		neg 0.36503213762198566 __DUMMY__ 0.32787262375373594 off 0.3070952386242784	false	1.0
widersinnig	neg 1.0	neg 1.0	neg 0.6721748943189112 off 0.16978197159465513 __DUMMY__ 0.15804313408643375	false	1.0
bedenklich	neg 1.0		neg 0.36422762369835604 __DUMMY__ 0.32918919442734923 off 0.30658318187429473	false	1.0
beanstanden	neg 1.0		neg 0.3643240907441042 __DUMMY__ 0.33073587419256073 off 0.304940035063335	false	1.0
panisch	neg 1.0	neg 1.0	neg 0.6641427416315112 off 0.17514553801321078 __DUMMY__ 0.16071172035527798	false	1.0
debil	off 1.0		neg 0.3676656126812231 __DUMMY__ 0.33243340056928367 off 0.2999009867494931	false	0.5
abstrich	neg 1.0		neg 0.36243202241680933 __DUMMY__ 0.32986989625175894 off 0.3076980813314318	false	1.0
primitiv	neg 1.0		neg 0.35525897493296055 __DUMMY__ 0.326556554376223 off 0.31818447069081657	false	1.0
abschaum	off 1.0	off 1.0	off 0.6446711290405501 neg 0.19733428924840268 __DUMMY__ 0.15799458171104724	false	1.0
provozieren	neg 1.0		neg 0.35994973903112254 __DUMMY__ 0.3285543988565673 off 0.31149586211231034	false	1.0
tot	neg 1.0		neg 0.36202200830943293 __DUMMY__ 0.33067674979706607 off 0.30730124189350105	false	1.0
instabil	neg 1.0		neg 0.3564388219362346 __DUMMY__ 0.3260161598711539 off 0.3175450181926115	false	1.0
schwuchtel	off 1.0		neg 0.34486364100225403 off 0.3319270405492714 __DUMMY__ 0.3232093184484746	false	0.5
zerren	neg 1.0		neg 0.3579184512960933 __DUMMY__ 0.3311429597278905 off 0.31093858897601634	false	1.0
kinderficker	off 1.0		neg 0.3536271684267037 __DUMMY__ 0.324585269011412 off 0.3217875625618844	false	0.5
gefahr	neg 1.0		neg 0.3637292358410856 __DUMMY__ 0.3308754358471547 off 0.30539532831175975	false	1.0
rabiat	neg 1.0		neg 0.3607465529165759 __DUMMY__ 0.32859078939030895 off 0.31066265769311513	false	1.0
verlangsamung	neg 1.0		neg 0.35071498902459347 __DUMMY__ 0.3249822510161259 off 0.32430275995928065	false	1.0
ausgestorben	neg 1.0		neg 0.35831055623856467 __DUMMY__ 0.33043062456342054 off 0.3112588191980149	false	1.0
anklagen	neg 1.0		neg 0.36230598872949055 __DUMMY__ 0.3290584570399225 off 0.30863555423058703	false	1.0
trott	neg 1.0		neg 0.35850627331448526 __DUMMY__ 0.3303437010474166 off 0.311150025638098	false	1.0
verminderung	neg 1.0		neg 0.3542287136710469 __DUMMY__ 0.3269682826987304 off 0.3188030036302227	false	1.0
nach			neg 0.35960320635552634 __DUMMY__ 0.3358624635002797 off 0.30453433014419395	false	0.0
rost	neg 1.0		neg 0.35180628366904915 __DUMMY__ 0.32529889387987515 off 0.3228948224510757	false	1.0
destruktiv	neg 1.0		neg 0.3633285311553714 __DUMMY__ 0.3274791910557363 off 0.30919227778889236	false	1.0
unzumutbarkeit	neg 1.0		neg 0.35271378341520876 __DUMMY__ 0.3296434295604301 off 0.31764278702436116	false	1.0
labil	off 1.0	off 1.0	off 0.6448210295883948 neg 0.19690545418625358 __DUMMY__ 0.15827351622535166	false	1.0
ziemlich	neg 1.0		neg 0.35206832899888685 __DUMMY__ 0.3290116048825171 off 0.318920066118596	false	1.0
lachnummer	off 1.0		neg 0.36071805307328697 __DUMMY__ 0.32879398524799924 off 0.3104879616787137	false	0.5
oder			neg 0.35605706709075324 __DUMMY__ 0.3310295561031366 off 0.31291337680611003	false	0.0
verfall	neg 1.0		neg 0.3689132697536342 __DUMMY__ 0.33111775004151006 off 0.29996898020485596	false	1.0
ausgrenzung	neg 1.0		neg 0.36192033531849144 __DUMMY__ 0.32691506226484335 off 0.3111646024166652	false	1.0
unordnung	neg 1.0		neg 0.35171614822838987 __DUMMY__ 0.3296287040967221 off 0.31865514767488795	false	1.0
fehlverhalten	neg 1.0		neg 0.36518236503157075 __DUMMY__ 0.32959706947945827 off 0.30522056548897103	false	1.0
eine			neg 0.363417212658505 __DUMMY__ 0.3310483924151823 off 0.30553439492631274	false	0.0
nille	neg 1.0		neg 0.3599673606658301 __DUMMY__ 0.3299512266444482 off 0.3100814126897216	false	1.0
qual	neg 1.0		neg 0.3592953978190726 __DUMMY__ 0.3300465657762406 off 0.3106580364046869	false	1.0
verschwenden	neg 1.0		neg 0.362989802439509 __DUMMY__ 0.32953386751916686 off 0.3074763300413241	false	1.0
riesig	neg 1.0	neg 1.0	neg 0.6687423409274281 off 0.1706450849808231 __DUMMY__ 0.1606125740917488	false	1.0
verurteilen	neg 1.0		neg 0.3637693974143837 __DUMMY__ 0.32859293467343065 off 0.3076376679121856	false	1.0
klischee	neg 1.0	neg 1.0	neg 0.6681343226819736 off 0.1738347224976086 __DUMMY__ 0.15803095482041782	false	1.0
diktatorisch	neg 1.0		neg 0.3634896327690081 __DUMMY__ 0.3261643594937101 off 0.31034600773728194	false	1.0
vorhersehbar	neg 1.0	neg 1.0	neg 0.6679180452493113 off 0.17364717643778593 __DUMMY__ 0.1584347783129027	false	1.0
sowie			neg 0.35135285493627777 __DUMMY__ 0.3258819155906739 off 0.32276522947304825	false	0.0
stornieren	neg 1.0		neg 0.352389608239389 __DUMMY__ 0.33281760724457915 off 0.3147927845160318	false	1.0
besteuerung	neg 1.0		neg 0.36200979848527887 __DUMMY__ 0.3274447699760843 off 0.3105454315386369	false	1.0
ungeschminkt	neg 1.0		neg 0.35439205948557495 __DUMMY__ 0.3275200596033022 off 0.318087880911123	false	1.0
kritisch	neg 1.0		neg 0.36405099914991684 __DUMMY__ 0.3294394581436565 off 0.30650954270642655	false	1.0
schlamperei	off 1.0		neg 0.36536077864668276 __DUMMY__ 0.32947577093504 off 0.3051634504182772	false	0.5
sucht	neg 1.0	neg 1.0	neg 0.667425382447974 off 0.1725307895794987 __DUMMY__ 0.1600438279725273	false	1.0
egoistisch	off 1.0		neg 0.34973472318458176 __DUMMY__ 0.32638055198318655 off 0.32388472483223174	false	0.5
ausbeuter	off 1.0		neg 0.36695462165665416 __DUMMY__ 0.3286943189620222 off 0.30435105938132373	false	0.5
arschgeburt	off 1.0		neg 0.3457264628334735 off 0.3316316422130559 __DUMMY__ 0.3226418949534706	false	0.5
schubs	neg 1.0	neg 1.0	neg 0.6675998049090852 off 0.17162271122030076 __DUMMY__ 0.16077748387061405	false	1.0
unsolide	neg 1.0		neg 0.3654394545845831 __DUMMY__ 0.32465781000156607 off 0.30990273541385094	false	1.0
beschwerde	neg 1.0		neg 0.36498897958350013 __DUMMY__ 0.3295331331741365 off 0.30547788724236336	false	1.0
stocken	neg 1.0		neg 0.3633192460150623 __DUMMY__ 0.33005924437783635 off 0.30662150960710133	false	1.0
isolieren	neg 1.0		neg 0.3636557984004832 __DUMMY__ 0.3290420308220776 off 0.3073021707774393	false	1.0
unheilbar	neg 1.0		neg 0.35833898127352104 __DUMMY__ 0.3296667140764714 off 0.31199430465000755	false	1.0
pisser	off 1.0		neg 0.35260665660089807 __DUMMY__ 0.3278298950909322 off 0.3195634483081698	false	0.5
löschen	neg 1.0		neg 0.35931871962893597 __DUMMY__ 0.32956215336108075 off 0.31111912700998334	false	1.0
durchfallen	neg 1.0		neg 0.3635496734945451 __DUMMY__ 0.3287283412605087 off 0.30772198524494626	false	1.0
wichser	off 1.0		neg 0.34573010174855073 off 0.3291390987903919 __DUMMY__ 0.32513079946105755	false	0.5
terror	neg 1.0		neg 0.3543116219276229 __DUMMY__ 0.3302498325888912 off 0.3154385454834861	false	1.0
krass	neg 1.0		neg 0.350903747625919 __DUMMY__ 0.3271158595203745 off 0.32198039285370655	false	1.0
revolte	neg 1.0		neg 0.36054749369015754 __DUMMY__ 0.3272325747260937 off 0.3122199315837487	false	1.0
besorgt	neg 1.0		neg 0.3580524208824738 __DUMMY__ 0.3317028046207236 off 0.31024477449680266	false	1.0
nachlassen	neg 1.0		neg 0.36371492294803354 __DUMMY__ 0.330095678955131 off 0.30618939809683543	false	1.0
alt	neg 1.0		neg 0.36152239402411096 __DUMMY__ 0.33051646966279585 off 0.30796113631309313	false	1.0
hundesohn	off 1.0		neg 0.34929412996359116 off 0.32636882654064203 __DUMMY__ 0.32433704349576686	false	0.5
als			neg 0.3583399196469331 __DUMMY__ 0.331348818181243 off 0.31031126217182375	false	0.0
abschreckung	neg 1.0		neg 0.36587778979685687 __DUMMY__ 0.3302816117426246 off 0.3038405984605184	false	1.0
unqualifiziert	neg 1.0		neg 0.36039421053683257 __DUMMY__ 0.3263308581002217 off 0.31327493136294565	false	1.0
abgewichst	off 1.0		neg 0.36029319635541945 __DUMMY__ 0.33021957128885704 off 0.30948723235572345	false	0.5
schwer	neg 1.0		neg 0.35849896375251195 __DUMMY__ 0.32996051320546066 off 0.3115405230420273	false	1.0
bedeutungslosigkeit	neg 1.0		neg 0.36516655548697025 __DUMMY__ 0.32999321633452644 off 0.30484022817850326	false	1.0
kapitulation	neg 1.0		neg 0.36704077813302105 __DUMMY__ 0.3279181213232241 off 0.3050411005437549	false	1.0
unscharf	neg 1.0		neg 0.3562015845769852 __DUMMY__ 0.3293412190500019 off 0.31445719637301284	false	1.0
schwinden	neg 1.0		neg 0.3654053032127919 __DUMMY__ 0.3299570587528361 off 0.3046376380343721	false	1.0
versklavung	neg 1.0		neg 0.36428235620474503 __DUMMY__ 0.3260045296853957 off 0.3097131141098591	false	1.0
schlecht	neg 1.0		neg 0.35186316255216366 __DUMMY__ 0.3290689110388714 off 0.319067926408965	false	1.0
verhasst	neg 1.0		neg 0.35958736950608217 __DUMMY__ 0.32848186886991115 off 0.3119307616240066	false	1.0
beschweren	neg 1.0		neg 0.3572429055812007 __DUMMY__ 0.329179028733831 off 0.31357806568496827	false	1.0
scheiden	neg 1.0		neg 0.35251988602823564 __DUMMY__ 0.3330379018386657 off 0.31444221213309864	false	1.0
frustriert	neg 1.0		neg 0.3595234742910444 __DUMMY__ 0.33015912791875013 off 0.3103173977902054	false	1.0
schimmelig	neg 1.0		neg 0.3607706719220228 __DUMMY__ 0.33140406639988723 off 0.30782526167808993	false	1.0
fisch	neg 1.0		neg 0.35770350633608344 __DUMMY__ 0.33408120327680385 off 0.3082152903871126	false	1.0
schmuggel	neg 1.0		neg 0.3612603187732579 __DUMMY__ 0.33226853514549504 off 0.306471146081247	false	1.0
auffallen	neg 1.0		neg 0.3557039798228611 __DUMMY__ 0.32952794596628265 off 0.31476807421085634	false	1.0
konkurrenz	neg 1.0	neg 1.0	neg 0.6709458376632135 off 0.16845411745765348 __DUMMY__ 0.16060004487913307	false	1.0
teufelskreis	neg 1.0	neg 1.0	neg 0.6698499430333229 off 0.17125962897883143 __DUMMY__ 0.1588904279878456	false	1.0
aufschreien	neg 1.0		neg 0.35832750090831317 __DUMMY__ 0.32814912903666255 off 0.31352337005502423	false	1.0
schuldner	neg 1.0		neg 0.36435568389634093 __DUMMY__ 0.3303622403240958 off 0.3052820757795633	false	1.0
missgeburt	off 1.0	off 1.0	off 0.6486773921131516 neg 0.19382794021562233 __DUMMY__ 0.15749466767122616	false	1.0
arbeitslos	neg 1.0		neg 0.362932919279031 __DUMMY__ 0.3288973361747897 off 0.30816974454617935	false	1.0
befallen	neg 1.0		neg 0.3647036358664839 __DUMMY__ 0.32771952090227596 off 0.3075768432312402	false	1.0
miesepetrig	off 1.0	off 1.0	off 0.646305457370715 neg 0.19467631774496666 __DUMMY__ 0.15901822488431824	false	1.0
alarmieren	neg 1.0		neg 0.3576685956953778 __DUMMY__ 0.3270788658820325 off 0.3152525384225897	false	1.0
ungeduscht	off 1.0		neg 0.35359793824125396 __DUMMY__ 0.3298538643416459 off 0.31654819741710016	false	0.5
knappheit	neg 1.0		neg 0.36610629083049445 __DUMMY__ 0.3283629350586537 off 0.3055307741108519	false	1.0
schlange	neg 1.0		neg 0.3531652857216572 __DUMMY__ 0.33154507643426984 off 0.31528963784407316	false	1.0
harsch	neg 1.0		neg 0.3473855774198945 __DUMMY__ 0.3287479885829929 off 0.3238664339971125	false	1.0
lang	neg 1.0		neg 0.3584785735499334 __DUMMY__ 0.3297093481761065 off 0.31181207827396007	false	1.0
ziellos	neg 1.0		neg 0.3590452773809404 __DUMMY__ 0.33142960492352175 off 0.3095251176955379	false	1.0
selbstverliebt	neg 1.0		neg 0.3480412287029841 off 0.3287879432923327 __DUMMY__ 0.3231708280046832	false	1.0
beseitigen	neg 1.0	neg 1.0	neg 0.667465133160492 off 0.17213434792077648 __DUMMY__ 0.16040051891873144	false	1.0
dumm	off 1.0		neg 0.3496128614941816 __DUMMY__ 0.32570651694954716 off 0.3246806215562712	false	0.5
arbeitsloser	neg 1.0		neg 0.36130067652007375 __DUMMY__ 0.3304841142585153 off 0.3082152092214108	false	1.0
blitzen	neg 1.0		neg 0.3564087349251036 __DUMMY__ 0.3287510904032329 off 0.3148401746716633	false	1.0
hilflos	neg 1.0		neg 0.36041183350588385 __DUMMY__ 0.3300091451726617 off 0.30957902132145426	false	1.0
eklig	off 1.0		neg 0.34861191716347845 __DUMMY__ 0.32579059568554575 off 0.3255974871509759	false	0.5
begriff			neg 0.36224938588342964 __DUMMY__ 0.328677184905223 off 0.30907342921134723	false	0.0
hungersnot	neg 1.0		neg 0.3613046983238777 __DUMMY__ 0.3297150101261669 off 0.30898029154995554	false	1.0
ungesetzlich	neg 1.0		neg 0.364726213267058 __DUMMY__ 0.32494853050285666 off 0.3103252562300852	false	1.0
verschwendung	neg 1.0		neg 0.36379460336234365 __DUMMY__ 0.33001256788383765 off 0.3061928287538187	false	1.0
schmerzvoll	neg 1.0		neg 0.35681635634745545 __DUMMY__ 0.32945558206480074 off 0.3137280615877438	false	1.0
vorzeitig	neg 1.0		neg 0.35424883873242524 __DUMMY__ 0.3300026890630643 off 0.31574847220451047	false	1.0
unvollkommenheit	neg 1.0		neg 0.35797124369839034 __DUMMY__ 0.33204650743805386 off 0.3099822488635559	false	1.0
intervenieren	neg 1.0		neg 0.36647128985035093 __DUMMY__ 0.32874125428630296 off 0.30478745586334605	false	1.0
banause	off 1.0		neg 0.34812292414771284 off 0.327328811189924 __DUMMY__ 0.3245482646623632	false	0.5
rebell	neg 1.0		neg 0.36553461303541385 __DUMMY__ 0.33148409131384005 off 0.30298129565074605	false	1.0
unlogisch	neg 1.0		neg 0.35172973736445423 __DUMMY__ 0.3272511521812486 off 0.32101911045429715	false	1.0
leiden	neg 1.0		neg 0.3573912443080224 __DUMMY__ 0.33400261925956826 off 0.30860613643240936	false	1.0
abschaffung	neg 1.0		neg 0.361508466385163 __DUMMY__ 0.3278660890918596 off 0.31062544452297736	false	1.0
sturz	neg 1.0		neg 0.35749073496034095 __DUMMY__ 0.3305597575495765 off 0.3119495074900826	false	1.0
verkleinerung	neg 1.0		neg 0.3602575374966768 __DUMMY__ 0.32668312407288486 off 0.3130593384304383	false	1.0
schmarotzer	off 1.0		neg 0.3642570293938422 __DUMMY__ 0.3282566499497219 off 0.3074863206564359	false	0.5
bestrafung	neg 1.0		neg 0.35904950474083985 __DUMMY__ 0.3285703930981796 off 0.3123801021609804	false	1.0
achtlos	neg 1.0		neg 0.3572822312539842 __DUMMY__ 0.3307014630340909 off 0.31201630571192496	false	1.0
ungeheuer	neg 1.0		neg 0.3541588842961694 __DUMMY__ 0.3300082775352454 off 0.31583283816858515	false	1.0
unaufrichtig	neg 1.0		neg 0.36133265834026673 __DUMMY__ 0.3266961019270294 off 0.31197123973270374	false	1.0
groggy	neg 1.0		neg 0.35791519980416175 __DUMMY__ 0.32825607614717095 off 0.3138287240486674	false	1.0
verletzlich	neg 1.0		neg 0.35250373279430386 __DUMMY__ 0.32783876895485964 off 0.3196574982508365	false	1.0
ablehnen	neg 1.0		neg 0.36425550769721077 __DUMMY__ 0.32891612552659866 off 0.3068283667761906	false	1.0
