unsolidarisch	neg 1.0		neg 0.5053638038828276 off 0.4271092381315281 __DUMMY__ 0.06752695798564433	false	1.0
nachteilig	neg 1.0		neg 0.5049871358845485 off 0.4266006799111004 __DUMMY__ 0.06841218420435119	false	1.0
skeptisch	neg 1.0		neg 0.5050191407301033 off 0.4264142816044611 __DUMMY__ 0.06856657766543563	false	1.0
schrecklich	neg 1.0		neg 0.4890203195213957 off 0.44303201623963384 __DUMMY__ 0.06794766423897045	false	1.0
schlapp	neg 1.0		neg 0.49257380645110715 off 0.4390853693469637 __DUMMY__ 0.06834082420192909	false	1.0
abfall	neg 1.0		neg 0.5080885048837411 off 0.42325783969841463 __DUMMY__ 0.06865365541784425	false	1.0
widerspenstig	neg 1.0		neg 0.4993655097336955 off 0.4322614418310966 __DUMMY__ 0.06837304843520782	false	1.0
abrupt	neg 1.0		neg 0.5017536546439615 off 0.4292977790464942 __DUMMY__ 0.06894856630954443	false	1.0
unwirksam	neg 1.0		neg 0.502574724080068 off 0.42950552284139554 __DUMMY__ 0.06791975307853655	false	1.0
angreifen	neg 1.0	neg 1.0	neg 0.7398086797183199 off 0.22745509824493385 __DUMMY__ 0.032736222036746296	false	1.0
inkonsistent	neg 1.0		neg 0.49805695694015406 off 0.4335408513862484 __DUMMY__ 0.06840219167359746	false	1.0
abrutschen	neg 1.0		neg 0.507242303285714 off 0.4240479945228582 __DUMMY__ 0.06870970219142776	false	1.0
unsicher	neg 1.0		neg 0.49842688784907013 off 0.4330533302664902 __DUMMY__ 0.06851978188443966	false	1.0
bauernkind	off 1.0	off 1.0	off 0.705094226851809 neg 0.262680288331528 __DUMMY__ 0.03222548481666293	false	1.0
angreifer	neg 1.0		neg 0.4965234306717948 off 0.43490895147599634 __DUMMY__ 0.06856761785220887	false	1.0
trennen	neg 1.0		neg 0.4999534304726147 off 0.430875341674819 __DUMMY__ 0.06917122785256644	false	1.0
schmutz	neg 1.0		neg 0.49322975196929686 off 0.43777616513906553 __DUMMY__ 0.06899408289163758	false	1.0
inkonsistenz	neg 1.0		neg 0.49757717559255227 off 0.4346353241143082 __DUMMY__ 0.06778750029313964	false	1.0
erschreckend	neg 1.0		neg 0.5015462049575485 off 0.43016938583752873 __DUMMY__ 0.0682844092049227	false	1.0
ertrinken	neg 1.0		neg 0.5019034775055607 off 0.4293614353980617 __DUMMY__ 0.06873508709637766	false	1.0
pickelface	off 1.0		neg 0.501976326817733 off 0.4296146919316786 __DUMMY__ 0.0684089812505882	false	0.5
seiner			neg 0.5032669652403691 off 0.42798536516537605 __DUMMY__ 0.06874766959425482	false	0.0
lauch	neg 1.0		neg 0.5083579502653767 off 0.4231255171988804 __DUMMY__ 0.06851653253574304	false	1.0
unwichtig	neg 1.0		neg 0.4951821447444522 off 0.43679955059090253 __DUMMY__ 0.0680183046646454	false	1.0
steuerhinterziehung	neg 1.0		neg 0.5039563311280895 off 0.4279702536147206 __DUMMY__ 0.0680734152571898	false	1.0
schock	neg 1.0		neg 0.49741346200079173 off 0.43371665487445527 __DUMMY__ 0.06886988312475294	false	1.0
beule	neg 1.0		neg 0.4918344903535046 off 0.43977774667810715 __DUMMY__ 0.06838776296838807	false	1.0
vergelten	neg 1.0		neg 0.4885982579335002 off 0.4430600909546038 __DUMMY__ 0.06834165111189593	false	1.0
verdorbenheit	neg 1.0		neg 0.49808352717751636 off 0.43323900729494264 __DUMMY__ 0.06867746552754093	false	1.0
trauma	neg 1.0		neg 0.4984608487478103 off 0.43321043844897444 __DUMMY__ 0.06832871280321515	false	1.0
sinnlos	neg 1.0		neg 0.4959226203183711 off 0.43565134121719434 __DUMMY__ 0.06842603846443453	false	1.0
fettsack	off 1.0	off 1.0	off 0.7070201689062424 neg 0.26062220095373045 __DUMMY__ 0.03235763014002713	false	1.0
feige	off 1.0	off 1.0	off 0.7029783582980811 neg 0.26464762007040726 __DUMMY__ 0.03237402163151168	false	1.0
abdanken	neg 1.0		neg 0.50250122024922 off 0.4293787329056862 __DUMMY__ 0.06812004684509405	false	1.0
wichtigtuer	off 1.0	off 1.0	off 0.7014888529177773 neg 0.2660058042657121 __DUMMY__ 0.032505342816510505	false	1.0
misslingen	neg 1.0		neg 0.4946559808841753 off 0.43640981350241353 __DUMMY__ 0.06893420561341115	false	1.0
untreu	off 1.0		neg 0.49427201163285245 off 0.4378286129481929 __DUMMY__ 0.06789937541895456	false	0.5
missmutig	neg 1.0		neg 0.49438200235304375 off 0.43749110924023554 __DUMMY__ 0.06812688840672068	false	1.0
hurenbock	off 1.0		neg 0.4965119521382391 off 0.4349452443997918 __DUMMY__ 0.06854280346196913	false	0.5
betrunken	neg 1.0		neg 0.4891251492073111 off 0.4425086561851183 __DUMMY__ 0.06836619460757055	false	1.0
korrupt	off 1.0		neg 0.5068375649152912 off 0.42539080352022024 __DUMMY__ 0.06777163156448858	false	0.5
unmut	neg 1.0		neg 0.5080981294098093 off 0.4232784924479769 __DUMMY__ 0.06862337814221378	false	1.0
hackfresse	off 1.0		neg 0.48682824942932545 off 0.44561104721809897 __DUMMY__ 0.06756070335257572	false	0.5
aufblasen	neg 1.0		neg 0.4958715042540876 off 0.4355051027582263 __DUMMY__ 0.06862339298768609	false	1.0
gewaltsam	neg 1.0		neg 0.500214632302252 off 0.43132817497547293 __DUMMY__ 0.06845719272227516	false	1.0
unbeliebtheit	neg 1.0		neg 0.5005724873613684 off 0.43214111082601653 __DUMMY__ 0.06728640181261515	false	1.0
sturheit	neg 1.0		neg 0.5024230895570779 off 0.4294126969193308 __DUMMY__ 0.06816421352359127	false	1.0
kuh	neg 1.0		neg 0.5001038259169246 off 0.43177526475301364 __DUMMY__ 0.0681209093300618	false	1.0
erschrecken	neg 1.0		neg 0.4941786439743781 off 0.43751635580915477 __DUMMY__ 0.0683050002164671	false	1.0
opfer	neg 1.0		neg 0.5028747657910785 off 0.42854636782191347 __DUMMY__ 0.06857886638700807	false	1.0
sinken	neg 1.0		neg 0.5063358419689471 off 0.42489962987694263 __DUMMY__ 0.06876452815411026	false	1.0
stinktier	neg 1.0		neg 0.49008160429581465 off 0.44224941672122764 __DUMMY__ 0.0676689789829576	false	1.0
tucke	off 1.0		neg 0.4892753055637331 off 0.443655022974095 __DUMMY__ 0.06706967146217203	false	0.5
ein			neg 0.4963813620268729 off 0.4349469736355194 __DUMMY__ 0.06867166433760766	false	0.0
abstieg	neg 1.0		neg 0.5018074450236093 off 0.4292741429495327 __DUMMY__ 0.06891841202685814	false	1.0
missverstehen	neg 1.0		neg 0.49821784115442563 off 0.43375989459739234 __DUMMY__ 0.0680222642481819	false	1.0
ergebnislos	neg 1.0		neg 0.5040913830389672 off 0.42731982693154674 __DUMMY__ 0.06858879002948602	false	1.0
unter			neg 0.5073562244248833 off 0.4230300030127188 __DUMMY__ 0.06961377256239797	false	0.0
manipulieren	neg 1.0		neg 0.5059019353050922 off 0.42567197239437177 __DUMMY__ 0.06842609230053597	false	1.0
unbewiesen	neg 1.0		neg 0.5057824335927952 off 0.4268099922590144 __DUMMY__ 0.06740757414819051	false	1.0
verschleppen	neg 1.0		neg 0.5030725443189369 off 0.42850665995047826 __DUMMY__ 0.0684207957305849	false	1.0
weib	off 1.0		neg 0.48700950822506217 off 0.445449214885684 __DUMMY__ 0.06754127688925388	false	0.5
opposition	neg 1.0		neg 0.49928281697579147 off 0.4326795870538397 __DUMMY__ 0.06803759597036892	false	1.0
verkehrswidrig	neg 1.0	neg 1.0	neg 0.7284862269960775 off 0.23851737440662574 __DUMMY__ 0.032996398597296646	false	1.0
inkorrekt	neg 1.0		neg 0.4958368535941754 off 0.43674509485160845 __DUMMY__ 0.06741805155421608	false	1.0
vermeiden	neg 1.0		neg 0.5081405049494878 off 0.4228337807718986 __DUMMY__ 0.06902571427861366	false	1.0
abweichung	neg 1.0		neg 0.5040218587589692 off 0.4274834737751427 __DUMMY__ 0.06849466746588803	false	1.0
alkoholisiert	neg 1.0		neg 0.4989527675435062 off 0.4316056156525408 __DUMMY__ 0.06944161680395303	false	1.0
scheiss	off 1.0	off 1.0	off 0.7046556369346165 neg 0.26271940367039825 __DUMMY__ 0.032624959394985296	false	1.0
herausforderung	neg 1.0	neg 1.0	neg 0.7361522983193155 off 0.23053530808753012 __DUMMY__ 0.03331239359315444	false	1.0
pervers	off 1.0		neg 0.4836715057543707 off 0.44893063237653824 __DUMMY__ 0.06739786186909105	false	0.5
wackelig	neg 1.0		neg 0.49806778900767573 off 0.4328447250815355 __DUMMY__ 0.06908748591078881	false	1.0
verwickeln	neg 1.0		neg 0.498589045154857 off 0.4334198232331508 __DUMMY__ 0.06799113161199218	false	1.0
vorwand	neg 1.0		neg 0.506059612944197 off 0.4253806122960564 __DUMMY__ 0.06855977475974677	false	1.0
muschi	off 1.0		neg 0.5011860091701009 off 0.43036821150798593 __DUMMY__ 0.0684457793219132	false	0.5
entmutigung	neg 1.0		neg 0.5010249711933281 off 0.43111535358232334 __DUMMY__ 0.06785967522434846	false	1.0
unangemessen	neg 1.0		neg 0.503131478649909 off 0.42864866828224635 __DUMMY__ 0.06821985306784462	false	1.0
unstetig	neg 1.0		neg 0.4964727245196652 off 0.4349086197709471 __DUMMY__ 0.06861865570938765	false	1.0
entmutigen	neg 1.0		neg 0.4980475562013244 off 0.43364248446455883 __DUMMY__ 0.06830995933411683	false	1.0
schwanz	neg 1.0		neg 0.5036407936810067 off 0.427663084613364 __DUMMY__ 0.06869612170562933	false	1.0
verbot	neg 1.0		neg 0.5048702095410181 off 0.42699667892578846 __DUMMY__ 0.06813311153319346	false	1.0
leid	neg 1.0		neg 0.4879814313070314 off 0.44415081021693537 __DUMMY__ 0.06786775847603314	false	1.0
archaisch	neg 1.0		neg 0.5021584989345549 off 0.4294476086976824 __DUMMY__ 0.06839389236776251	false	1.0
gegen			neg 0.5047323333875398 off 0.4263587308624082 __DUMMY__ 0.0689089357500521	false	0.0
scheidung	neg 1.0		neg 0.4790236778923975 off 0.4535438208374583 __DUMMY__ 0.0674325012701441	false	1.0
einschlag	neg 1.0	neg 1.0	neg 0.7313627044111196 off 0.23603562008405618 __DUMMY__ 0.032601675504824255	false	1.0
m			neg 0.5001499490439014 off 0.4311076836532132 __DUMMY__ 0.06874236730288534	false	0.0
abgestanden	neg 1.0		neg 0.4965067329930146 off 0.43484377204205904 __DUMMY__ 0.0686494949649263	false	1.0
schmierig	off 1.0		neg 0.48831869146235346 off 0.4437578276445785 __DUMMY__ 0.06792348089306798	false	0.5
unpraktisch	neg 1.0		neg 0.495280575801498 off 0.4359369047810754 __DUMMY__ 0.0687825194174266	false	1.0
wixxer	off 1.0		neg 0.48446720639517393 off 0.4482134100206478 __DUMMY__ 0.06731938358417823	false	0.5
bezeichnet			neg 0.501085403569764 off 0.4306859923795984 __DUMMY__ 0.06822860405063753	false	0.0
jammerlappen	off 1.0		neg 0.49476949916576424 off 0.43717926625983894 __DUMMY__ 0.06805123457439681	false	0.5
farce	neg 1.0		neg 0.5045940246671056 off 0.42740043089497637 __DUMMY__ 0.06800554443791809	false	1.0
zwecklos	neg 1.0		neg 0.5030114210974422 off 0.428738486447879 __DUMMY__ 0.06825009245467877	false	1.0
turbulent	neg 1.0		neg 0.4950681740562108 off 0.43703689391619766 __DUMMY__ 0.06789493202759168	false	1.0
invasion	neg 1.0		neg 0.49573477257153425 off 0.4358285598223304 __DUMMY__ 0.06843666760613541	false	1.0
schuld	neg 1.0		neg 0.4989811552077872 off 0.4327548762617377 __DUMMY__ 0.06826396853047506	false	1.0
risiko	neg 1.0		neg 0.49793944738719054 off 0.43350316066196504 __DUMMY__ 0.06855739195084432	false	1.0
finster	neg 1.0		neg 0.49690486211474977 off 0.43456053455914273 __DUMMY__ 0.06853460332610742	false	1.0
geisteskrank	off 1.0		neg 0.49468357613101266 off 0.43760529534236914 __DUMMY__ 0.0677111285266182	false	0.5
zusammenbrechen	neg 1.0		neg 0.5000187023858095 off 0.4313852378279518 __DUMMY__ 0.06859605978623871	false	1.0
ausbeute	neg 1.0		neg 0.5003860387603178 off 0.43043837520784345 __DUMMY__ 0.06917558603183867	false	1.0
hinterhalt	neg 1.0		neg 0.4991898000667916 off 0.4320012037490302 __DUMMY__ 0.06880899618417814	false	1.0
kritik	neg 1.0		neg 0.5045022989392375 off 0.42744077247037077 __DUMMY__ 0.06805692859039184	false	1.0
einschrumpfen	neg 1.0		neg 0.4988885839166006 off 0.4332866963605457 __DUMMY__ 0.06782471972285375	false	1.0
riskant	neg 1.0		neg 0.5041898475060818 off 0.4273884748367353 __DUMMY__ 0.06842167765718306	false	1.0
frustrieren	neg 1.0		neg 0.5033402369166411 off 0.42814997236101104 __DUMMY__ 0.06850979072234795	false	1.0
groll	neg 1.0		neg 0.5023555143477592 off 0.42923042049671584 __DUMMY__ 0.06841406515552524	false	1.0
gibt			neg 0.5011007195546012 off 0.43039615040198437 __DUMMY__ 0.06850313004341443	false	0.0
qualvoll	neg 1.0		neg 0.4945577853777792 off 0.43703213794730034 __DUMMY__ 0.06841007667492059	false	1.0
wackeln	neg 1.0	neg 1.0	neg 0.7345647206785482 off 0.2325013309879177 __DUMMY__ 0.03293394833353418	false	1.0
klagen	neg 1.0		neg 0.5068719300482003 off 0.424423300813602 __DUMMY__ 0.06870476913819759	false	1.0
bankrott	neg 1.0		neg 0.4945877051779887 off 0.4371214960215687 __DUMMY__ 0.06829079880044255	false	1.0
trauern	neg 1.0		neg 0.5018643550511273 off 0.42936359637776467 __DUMMY__ 0.06877204857110807	false	1.0
ablehnung	neg 1.0		neg 0.5042469810975375 off 0.42766597727217676 __DUMMY__ 0.06808704163028591	false	1.0
stur	neg 1.0		neg 0.49869994933126394 off 0.43312092166192157 __DUMMY__ 0.06817912900681444	false	1.0
aufruhr	neg 1.0		neg 0.5003797689823829 off 0.43116762450376156 __DUMMY__ 0.0684526065138555	false	1.0
melancholie	neg 1.0		neg 0.5000977164355059 off 0.4311218784244905 __DUMMY__ 0.06878040514000339	false	1.0
ist			neg 0.4969174996580505 off 0.4346981250713249 __DUMMY__ 0.0683843752706245	false	0.0
torheit	neg 1.0		neg 0.5014759383888638 off 0.43060048386268696 __DUMMY__ 0.06792357774844912	false	1.0
dreckskind	off 1.0		neg 0.4889333984061452 off 0.44350190827812014 __DUMMY__ 0.06756469331573471	false	0.5
umtauschen	neg 1.0		neg 0.4981677746896211 off 0.4331945433510402 __DUMMY__ 0.0686376819593387	false	1.0
zum			neg 0.5031815254479173 off 0.4270722635169516 __DUMMY__ 0.06974621103513114	false	0.0
zersetzen	neg 1.0		neg 0.5069437210884645 off 0.4247733844206302 __DUMMY__ 0.06828289449090526	false	1.0
zur			neg 0.5073506284498202 off 0.42338972425888005 __DUMMY__ 0.06925964729129985	false	0.0
frust	neg 1.0		neg 0.5001333364561025 off 0.4312528259899588 __DUMMY__ 0.0686138375539387	false	1.0
unerbittlichkeit	neg 1.0		neg 0.5060867137984456 off 0.42552537370233345 __DUMMY__ 0.06838791249922088	false	1.0
zwei			neg 0.5020605836220742 off 0.4284625306719364 __DUMMY__ 0.06947688570598944	false	0.0
unkorrekt	neg 1.0		neg 0.49491608672757126 off 0.43765022483253957 __DUMMY__ 0.06743368843988917	false	1.0
hexe	off 1.0		neg 0.49337853667939197 off 0.43851881024424466 __DUMMY__ 0.06810265307636339	false	0.5
lasch	neg 1.0		neg 0.49772567335667606 off 0.43441669687852796 __DUMMY__ 0.06785762976479602	false	1.0
rivale	neg 1.0		neg 0.4910459294312582 off 0.44089819599748087 __DUMMY__ 0.06805587457126089	false	1.0
mutlos	off 1.0	off 1.0	off 0.697279024812998 neg 0.27015101539163744 __DUMMY__ 0.0325699597953646	false	1.0
wirr	off 1.0		neg 0.49399780038757274 off 0.43849560092920387 __DUMMY__ 0.06750659868322352	false	0.5
jahr			neg 0.5004534181869192 off 0.4301957294080832 __DUMMY__ 0.06935085240499754	false	0.0
wird			neg 0.5016952754894155 off 0.4296225351160722 __DUMMY__ 0.06868218939451225	false	0.0
strafbar	neg 1.0		neg 0.5048144217157203 off 0.42687539128825464 __DUMMY__ 0.06831018699602516	false	1.0
erosion	neg 1.0		neg 0.4973949620693251 off 0.4340314047813661 __DUMMY__ 0.0685736331493088	false	1.0
eingehen	neg 1.0		neg 0.5041176959612275 off 0.4276552603180918 __DUMMY__ 0.06822704372068075	false	1.0
faul	off 1.0		neg 0.4932596222060068 off 0.4383226404695332 __DUMMY__ 0.06841773732445997	false	0.5
provisorium	neg 1.0		neg 0.5091898692590714 off 0.4214279839102532 __DUMMY__ 0.06938214683067537	false	1.0
schmerzen	neg 1.0		neg 0.4985048985919247 off 0.43298105129237213 __DUMMY__ 0.06851405011570318	false	1.0
schrumpfen	neg 1.0		neg 0.5102328019560083 off 0.42103132498639173 __DUMMY__ 0.06873587305759991	false	1.0
geistlos	off 1.0		neg 0.5020081463369074 off 0.43054070178266673 __DUMMY__ 0.06745115188042593	false	0.5
fehlkauf	neg 1.0		neg 0.49838326495118057 off 0.4334374170658694 __DUMMY__ 0.06817931798295009	false	1.0
frustrierend	neg 1.0		neg 0.4935776106651944 off 0.4379892281804062 __DUMMY__ 0.06843316115439949	false	1.0
unzufrieden	neg 1.0		neg 0.5027673433720055 off 0.42891791594475176 __DUMMY__ 0.0683147406832426	false	1.0
verzweifeln	neg 1.0		neg 0.4994503624308718 off 0.4320717526194977 __DUMMY__ 0.0684778849496305	false	1.0
verzweifelt	neg 1.0		neg 0.498149207941434 off 0.43360606971930643 __DUMMY__ 0.06824472233925945	false	1.0
misstrauensantrag	neg 1.0		neg 0.497672717848663 off 0.4341748591263347 __DUMMY__ 0.06815242302500235	false	1.0
abfallen	neg 1.0		neg 0.495324651824095 off 0.4359513108579461 __DUMMY__ 0.06872403731795879	false	1.0
fucker	off 1.0		neg 0.493103747120747 off 0.4390258658940851 __DUMMY__ 0.06787038698516779	false	0.5
ungezogen	neg 1.0		neg 0.48426198751456245 off 0.44808529818146176 __DUMMY__ 0.06765271430397582	false	1.0
irrsinnig	neg 1.0	neg 1.0	neg 0.7363289445350517 off 0.23106994152217455 __DUMMY__ 0.03260111394277382	false	1.0
unfassbar	neg 1.0		neg 0.4938142459415988 off 0.4381479654236071 __DUMMY__ 0.068037788634794	false	1.0
hart	neg 1.0		neg 0.4954801729938526 off 0.436295303086682 __DUMMY__ 0.0682245239194654	false	1.0
widerlich	off 1.0		neg 0.4946299749687947 off 0.4376429767155738 __DUMMY__ 0.06772704831563146	false	0.5
fatal	neg 1.0		neg 0.49767744054574226 off 0.4340928386853666 __DUMMY__ 0.06822972076889117	false	1.0
bruch	neg 1.0		neg 0.5072655931746688 off 0.4241329253110608 __DUMMY__ 0.06860148151427028	false	1.0
aushungern	neg 1.0		neg 0.5036943991748717 off 0.4283102148725545 __DUMMY__ 0.06799538595257375	false	1.0
anspannung	neg 1.0	neg 1.0	neg 0.7389403030288132 off 0.2276985184824226 __DUMMY__ 0.03336117848876434	false	1.0
von			neg 0.5016259389194927 off 0.42906060953635167 __DUMMY__ 0.06931345154415565	false	0.0
kraftlos	neg 1.0		neg 0.49913329765591014 off 0.43201022349558643 __DUMMY__ 0.06885647884850345	false	1.0
vom			neg 0.5058274523826265 off 0.42441355887227644 __DUMMY__ 0.06975898874509716	false	0.0
grenzdebil	off 1.0		neg 0.4923545022832421 off 0.43959301090063857 __DUMMY__ 0.06805248681611918	false	0.5
vor			neg 0.503847103273979 off 0.4272619490951014 __DUMMY__ 0.06889094763091969	false	0.0
unterwerfen	neg 1.0		neg 0.5041652818828821 off 0.4273931759435455 __DUMMY__ 0.06844154217357236	false	1.0
versenkung	neg 1.0		neg 0.5039032928095345 off 0.42755717819672756 __DUMMY__ 0.06853952899373798	false	1.0
entziehen	neg 1.0		neg 0.5064051436970848 off 0.424945897508196 __DUMMY__ 0.06864895879471934	false	1.0
finanzkrise	neg 1.0		neg 0.5034313941807445 off 0.4285826656871771 __DUMMY__ 0.06798594013207838	false	1.0
schimpfend	neg 1.0		neg 0.4952846775077695 off 0.43594375984118006 __DUMMY__ 0.06877156265105037	false	1.0
profan	neg 1.0		neg 0.49607932116282344 off 0.4356502484531017 __DUMMY__ 0.06827043038407488	false	1.0
korruption	neg 1.0	neg 1.0	neg 0.739717282239222 off 0.22774408985878733 __DUMMY__ 0.03253862790199067	false	1.0
â			neg 0.5019900845696503 off 0.42933146456074434 __DUMMY__ 0.06867845086960525	false	0.0
schmutzig	neg 1.0		neg 0.4924250014355463 off 0.43941459211210926 __DUMMY__ 0.06816040645234434	false	1.0
sexy	neg 1.0		neg 0.49559709482123093 off 0.4361697471755147 __DUMMY__ 0.0682331580032545	false	1.0
abraten	neg 1.0		neg 0.49682747016975665 off 0.43481161637371196 __DUMMY__ 0.06836091345653136	false	1.0
schwarz	neg 1.0		neg 0.49861860502458216 off 0.4331764100545962 __DUMMY__ 0.06820498492082153	false	1.0
fotze	off 1.0		neg 0.5036531028032023 off 0.4278451829977589 __DUMMY__ 0.06850171419903875	false	0.5
verwirren	neg 1.0		neg 0.4957543613385453 off 0.43596435997170746 __DUMMY__ 0.06828127868974736	false	1.0
zahnlos	off 1.0		neg 0.5029738101031547 off 0.4287480442581228 __DUMMY__ 0.06827814563872249	false	0.5
verheeren	neg 1.0		neg 0.4830424106251734 off 0.44927997599329705 __DUMMY__ 0.06767761338152947	false	1.0
hippie	neg 1.0		neg 0.4965980346011997 off 0.43521645239566426 __DUMMY__ 0.06818551300313615	false	1.0
rammen	neg 1.0		neg 0.4983920602909249 off 0.4332700083644876 __DUMMY__ 0.06833793134458754	false	1.0
unlauter	neg 1.0		neg 0.5028099501653237 off 0.4294455290885875 __DUMMY__ 0.06774452074608871	false	1.0
unheilvoll	neg 1.0		neg 0.4944558869965739 off 0.43690643682500346 __DUMMY__ 0.06863767617842263	false	1.0
niedrig	neg 1.0		neg 0.5035501432029305 off 0.42776008332370064 __DUMMY__ 0.0686897734733688	false	1.0
explosion	neg 1.0		neg 0.49747213012474634 off 0.4343734345198884 __DUMMY__ 0.06815443535536535	false	1.0
weichei	off 1.0		neg 0.48819113562872046 off 0.44415408880716617 __DUMMY__ 0.06765477556411326	false	0.5
minusmensch	off 1.0		neg 0.4880023546957913 off 0.44503313621659424 __DUMMY__ 0.0669645090876145	false	0.5
farblos	neg 1.0		neg 0.4965318105435605 off 0.4344328938541583 __DUMMY__ 0.0690352956022811	false	1.0
unwissend	neg 1.0	neg 1.0	neg 0.7340849935612737 off 0.23344937223308984 __DUMMY__ 0.032465634205636515	false	1.0
traurig	neg 1.0		neg 0.4898470587461062 off 0.4421161967659903 __DUMMY__ 0.06803674448790364	false	1.0
senkung	neg 1.0		neg 0.4985230047116133 off 0.4335544794573782 __DUMMY__ 0.06792251583100854	false	1.0
ungleich	neg 1.0	neg 1.0	neg 0.7402748508675194 off 0.22713351806540744 __DUMMY__ 0.032591631067073204	false	1.0
heikel	neg 1.0		neg 0.505689276427484 off 0.4258815382427876 __DUMMY__ 0.06842918532972837	false	1.0
drosselung	neg 1.0		neg 0.4924048836216118 off 0.43944846705022145 __DUMMY__ 0.06814664932816664	false	1.0
falsch	neg 1.0		neg 0.4946319526073039 off 0.4371518811043345 __DUMMY__ 0.06821616628836168	false	1.0
unzufriedenheit	neg 1.0		neg 0.5064311795067277 off 0.42511930776962176 __DUMMY__ 0.06844951272365059	false	1.0
kurz	neg 1.0		neg 0.49813501075420963 off 0.4329657064836315 __DUMMY__ 0.06889928276215894	false	1.0
unsinnig	neg 1.0		neg 0.5032798043194306 off 0.4285982551457095 __DUMMY__ 0.06812194053485984	false	1.0
penner	off 1.0	off 1.0	off 0.7083301492807911 neg 0.25939843192343703 __DUMMY__ 0.03227141879577184	false	1.0
seicht	neg 1.0		neg 0.4874154939561659 off 0.44537801317604064 __DUMMY__ 0.06720649286779345	false	1.0
dummheit	off 1.0	off 1.0	off 0.701530276472349 neg 0.26600506772879395 __DUMMY__ 0.03246465579885707	false	1.0
unerfreulich	neg 1.0		neg 0.505068980490811 off 0.4262155210363581 __DUMMY__ 0.06871549847283107	false	1.0
motherfucker	off 1.0	off 1.0	off 0.7040880080401144 neg 0.26354457496440187 __DUMMY__ 0.03236741699548369	false	1.0
pikiert	neg 1.0		neg 0.49610872283497565 off 0.4361648109328268 __DUMMY__ 0.06772646623219752	false	1.0
wrack	neg 1.0		neg 0.5003816741088936 off 0.43056581568759716 __DUMMY__ 0.06905251020350923	false	1.0
gangster	neg 1.0		neg 0.4964006036232378 off 0.4353100019042148 __DUMMY__ 0.06828939447254731	false	1.0
krank	neg 1.0		neg 0.4907880230500793 off 0.440970740669572 __DUMMY__ 0.06824123628034885	false	1.0
reich	neg 1.0		neg 0.4966251986568808 off 0.43548286471838826 __DUMMY__ 0.06789193662473092	false	1.0
gnadenlos	neg 1.0		neg 0.49843590391162157 off 0.4332179822231368 __DUMMY__ 0.06834611386524167	false	1.0
niedergeschlagen	neg 1.0		neg 0.4991261708909861 off 0.43217612594897903 __DUMMY__ 0.06869770316003494	false	1.0
terrorisieren	off 1.0	off 1.0	off 0.6985283003347025 neg 0.2687213131897577 __DUMMY__ 0.0327503864755398	false	1.0
sinnlosigkeit	neg 1.0		neg 0.502482600102745 off 0.42919100670048904 __DUMMY__ 0.06832639319676591	false	1.0
behindern	neg 1.0		neg 0.5009630881485039 off 0.43073273211506985 __DUMMY__ 0.06830417973642627	false	1.0
undemokratisch	neg 1.0		neg 0.5015368954933882 off 0.4305575912397538 __DUMMY__ 0.067905513266858	false	1.0
wirtschaftskrise	neg 1.0		neg 0.5048768723314933 off 0.42688240868289007 __DUMMY__ 0.06824071898561662	false	1.0
neid	neg 1.0		neg 0.49201146651756744 off 0.43948900833201576 __DUMMY__ 0.06849952515041688	false	1.0
rutschen	neg 1.0	neg 1.0	neg 0.7376181785795973 off 0.22903127119462915 __DUMMY__ 0.03335055022577349	false	1.0
rezession	neg 1.0		neg 0.49229919599697897 off 0.4401952595271508 __DUMMY__ 0.06750554447587029	false	1.0
fehlgeburt	neg 1.0		neg 0.495230083438854 off 0.4361892234525673 __DUMMY__ 0.06858069310857863	false	1.0
charakterschwach	off 1.0		neg 0.4937450673035325 off 0.43831569920146524 __DUMMY__ 0.06793923349500229	false	0.5
isolation	neg 1.0		neg 0.49366746152262647 off 0.43791162561327207 __DUMMY__ 0.0684209128641014	false	1.0
ablenkung	neg 1.0		neg 0.49829110252343634 off 0.43322944681759123 __DUMMY__ 0.0684794506589724	false	1.0
pech	neg 1.0		neg 0.49377301043968064 off 0.4378309683812253 __DUMMY__ 0.06839602117909398	false	1.0
vermeidung	neg 1.0		neg 0.49386846169018783 off 0.43826909202364533 __DUMMY__ 0.06786244628616672	false	1.0
dominieren	neg 1.0		neg 0.5006917256162968 off 0.4304129137795176 __DUMMY__ 0.0688953606041856	false	1.0
schwindlig	neg 1.0		neg 0.4931924841208616 off 0.4380271796987646 __DUMMY__ 0.06878033618037388	false	1.0
lutscher	neg 1.0		neg 0.485677794436246 off 0.4470003295813624 __DUMMY__ 0.06732187598239159	false	1.0
pflicht	neg 1.0		neg 0.505601664236338 off 0.42591517045771077 __DUMMY__ 0.06848316530595118	false	1.0
faschist	off 1.0		neg 0.49970659875694073 off 0.43255701559578547 __DUMMY__ 0.0677363856472739	false	0.5
verschleudern	neg 1.0		neg 0.5080052316254152 off 0.4240818345550398 __DUMMY__ 0.06791293381954491	false	1.0
wenn			neg 0.4944389278764745 off 0.43735974668318417 __DUMMY__ 0.06820132544034137	false	0.0
ehebruch	neg 1.0		neg 0.5045693452594866 off 0.4271620360955502 __DUMMY__ 0.06826861864496327	false	1.0
spott	off 1.0		neg 0.5055872781885618 off 0.4261902644415436 __DUMMY__ 0.06822245736989467	false	0.5
trostlosigkeit	neg 1.0		neg 0.506165988789534 off 0.4252021979409567 __DUMMY__ 0.06863181326950939	false	1.0
lutschen	neg 1.0		neg 0.49789004159572714 off 0.43403319266642304 __DUMMY__ 0.06807676573784972	false	1.0
undiszipliniert	neg 1.0		neg 0.49087582437659255 off 0.44106778486889486 __DUMMY__ 0.06805639075451274	false	1.0
kopfschmerz	neg 1.0		neg 0.49876460806475137 off 0.43247893928350223 __DUMMY__ 0.06875645265174639	false	1.0
unvorhergesehen	neg 1.0		neg 0.49885056132620526 off 0.4319278770626559 __DUMMY__ 0.06922156161113882	false	1.0
desinteressiert	neg 1.0		neg 0.49237514686161554 off 0.43976441351350537 __DUMMY__ 0.06786043962487924	false	1.0
armselig	off 1.0		neg 0.4934121674481721 off 0.43907852295734257 __DUMMY__ 0.06750930959448534	false	0.5
desaster	neg 1.0		neg 0.5081894057977272 off 0.4232349603417131 __DUMMY__ 0.06857563386055984	false	1.0
tod	neg 1.0		neg 0.5008281818104672 off 0.43034079909526585 __DUMMY__ 0.06883101909426688	false	1.0
herzlos	neg 1.0		neg 0.49104320507136434 off 0.4411962855627917 __DUMMY__ 0.06776050936584384	false	1.0
unwissenheit	neg 1.0		neg 0.5047963278530928 off 0.42717636711249896 __DUMMY__ 0.06802730503440829	false	1.0
widersinnig	neg 1.0	neg 1.0	neg 0.739691773240856 off 0.2278811026352214 __DUMMY__ 0.03242712412392264	false	1.0
bedenklich	neg 1.0		neg 0.5045294508800157 off 0.42715705319375225 __DUMMY__ 0.06831349592623204	false	1.0
beanstanden	neg 1.0		neg 0.5053494605406786 off 0.42600604254934527 __DUMMY__ 0.06864449690997615	false	1.0
panisch	neg 1.0	neg 1.0	neg 0.7326853418633285 off 0.2343319161005501 __DUMMY__ 0.032982742036121455	false	1.0
debil	off 1.0		neg 0.5095321235207564 off 0.4214620527021672 __DUMMY__ 0.06900582377707645	false	0.5
abstrich	neg 1.0		neg 0.5028070942593053 off 0.4287548903878166 __DUMMY__ 0.0684380153528781	false	1.0
primitiv	neg 1.0		neg 0.49396439140536536 off 0.43829218492475713 __DUMMY__ 0.06774342366987736	false	1.0
abschaum	off 1.0	off 1.0	off 0.7028138335924983 neg 0.2647686666173866 __DUMMY__ 0.03241749979011512	false	1.0
provozieren	neg 1.0		neg 0.49977135954677526 off 0.4320521964108047 __DUMMY__ 0.06817644404242007	false	1.0
tot	neg 1.0		neg 0.5028330342818288 off 0.42855134405207257 __DUMMY__ 0.0686156216660985	false	1.0
instabil	neg 1.0		neg 0.49494562754089527 off 0.43743832329020527 __DUMMY__ 0.06761604916889957	false	1.0
schwuchtel	off 1.0		neg 0.48164202093833397 off 0.4513407344772811 __DUMMY__ 0.06701724458438484	false	0.5
zerren	neg 1.0		neg 0.4987996517751195 off 0.4324657836906561 __DUMMY__ 0.06873456453422438	false	1.0
kinderficker	off 1.0		neg 0.49142218942128885 off 0.44126541348827136 __DUMMY__ 0.06731239709043983	false	0.5
gefahr	neg 1.0		neg 0.5048074098663743 off 0.4265213632884902 __DUMMY__ 0.06867122684513542	false	1.0
rabiat	neg 1.0		neg 0.5006006005519079 off 0.4312158309453997 __DUMMY__ 0.06818356850269239	false	1.0
verlangsamung	neg 1.0		neg 0.48854771364080063 off 0.4440574929265702 __DUMMY__ 0.06739479343262925	false	1.0
ausgestorben	neg 1.0		neg 0.4988803351511452 off 0.43253979770749845 __DUMMY__ 0.06857986714135628	false	1.0
anklagen	neg 1.0		neg 0.5025039866928405 off 0.4292181765359591 __DUMMY__ 0.06827783677120036	false	1.0
trott	neg 1.0		neg 0.49902243792715895 off 0.4324131674217345 __DUMMY__ 0.06856439465110645	false	1.0
verminderung	neg 1.0		neg 0.49301869803517995 off 0.43915204948879466 __DUMMY__ 0.06782925247602545	false	1.0
nach			neg 0.5026510898537636 off 0.42760075109271606 __DUMMY__ 0.06974815905352036	false	0.0
rost	neg 1.0		neg 0.48980413541081036 off 0.4427360857784823 __DUMMY__ 0.06745977881070736	false	1.0
destruktiv	neg 1.0		neg 0.5028344978061458 off 0.4292232589322992 __DUMMY__ 0.06794224326155508	false	1.0
unzumutbarkeit	neg 1.0		neg 0.49268188108009164 off 0.4389180496958416 __DUMMY__ 0.06840006922406675	false	1.0
labil	off 1.0	off 1.0	off 0.7030737756613282 neg 0.2644494267261945 __DUMMY__ 0.03247679761247733	false	1.0
ziemlich	neg 1.0		neg 0.49170306757132237 off 0.4400242751645831 __DUMMY__ 0.06827265726409455	false	1.0
lachnummer	off 1.0		neg 0.500720213695938 off 0.4310526462167753 __DUMMY__ 0.06822714008728688	false	0.5
oder			neg 0.4967512102541568 off 0.4345405587095548 __DUMMY__ 0.06870823103628837	false	0.0
verfall	neg 1.0		neg 0.5102881699038472 off 0.42098534706637886 __DUMMY__ 0.06872648302977395	false	1.0
ausgrenzung	neg 1.0		neg 0.5011565226085299 off 0.4310270941833897 __DUMMY__ 0.06781638320808034	false	1.0
unordnung	neg 1.0		neg 0.4916493271715216 off 0.43996107923291417 __DUMMY__ 0.06838959359556424	false	1.0
fehlverhalten	neg 1.0		neg 0.5057500011352286 off 0.4258506245169297 __DUMMY__ 0.0683993743478418	false	1.0
eine			neg 0.5044745467450621 off 0.4268110349831559 __DUMMY__ 0.06871441827178199	false	0.0
nille	neg 1.0		neg 0.5004329871647504 off 0.4310920910027057 __DUMMY__ 0.06847492183254396	false	1.0
qual	neg 1.0		neg 0.4997198426746194 off 0.43177978071383477 __DUMMY__ 0.06850037661154595	false	1.0
verschwenden	neg 1.0		neg 0.5033567688330262 off 0.42825630859591124 __DUMMY__ 0.06838692257106255	false	1.0
riesig	neg 1.0	neg 1.0	neg 0.737305318993896 off 0.22973514330129916 __DUMMY__ 0.032959537704804885	false	1.0
verurteilen	neg 1.0		neg 0.5038311476771575 off 0.4279879223795367 __DUMMY__ 0.06818092994330571	false	1.0
klischee	neg 1.0	neg 1.0	neg 0.7355703108301285 off 0.232003381716988 __DUMMY__ 0.032426307452883565	false	1.0
diktatorisch	neg 1.0		neg 0.5024733952314878 off 0.42987257924520167 __DUMMY__ 0.06765402552331053	false	1.0
vorhersehbar	neg 1.0	neg 1.0	neg 0.7355394682177114 off 0.23195064169601298 __DUMMY__ 0.03250989008627549	false	1.0
sowie			neg 0.48958032490160824 off 0.4428245782519936 __DUMMY__ 0.06759509684639821	false	0.0
stornieren	neg 1.0		neg 0.49377757797703237 off 0.4371401544349742 __DUMMY__ 0.06908226758799331	false	1.0
besteuerung	neg 1.0		neg 0.5013792340080495 off 0.43069035377227116 __DUMMY__ 0.06793041221967938	false	1.0
ungeschminkt	neg 1.0		neg 0.4934271014414443 off 0.4386272832943972 __DUMMY__ 0.06794561526415838	false	1.0
kritisch	neg 1.0		neg 0.5044839319218701 off 0.42715004064382067 __DUMMY__ 0.06836602743430914	false	1.0
schlamperei	off 1.0		neg 0.5058837569782318 off 0.42574763634601576 __DUMMY__ 0.06836860667575236	false	0.5
sucht	neg 1.0	neg 1.0	neg 0.73571318967656 off 0.23144723068538828 __DUMMY__ 0.03283957963805182	false	1.0
egoistisch	off 1.0		neg 0.4881116993762804 off 0.4441857160032834 __DUMMY__ 0.06770258462043624	false	0.5
ausbeuter	off 1.0		neg 0.5071941542584586 off 0.4246020032825611 __DUMMY__ 0.0682038424589804	false	0.5
arschgeburt	off 1.0		neg 0.482317619362902 off 0.45078795806805144 __DUMMY__ 0.06689442256904643	false	0.5
schubs	neg 1.0	neg 1.0	neg 0.7361861141896041 off 0.2308195335705133 __DUMMY__ 0.03299435223988258	false	1.0
unsolide	neg 1.0		neg 0.5037923121080596 off 0.42888045481179243 __DUMMY__ 0.06732723308014799	false	1.0
beschwerde	neg 1.0		neg 0.5055013067017253 off 0.42611827024846977 __DUMMY__ 0.06838042304980486	false	1.0
stocken	neg 1.0		neg 0.5039814931055564 off 0.4275231740738777 __DUMMY__ 0.06849533282056586	false	1.0
isolieren	neg 1.0		neg 0.5038902417800287 off 0.4278369717990281 __DUMMY__ 0.06827278642094323	false	1.0
unheilbar	neg 1.0		neg 0.4986120582590139 off 0.43297765629087587 __DUMMY__ 0.06841028545011027	false	1.0
pisser	off 1.0		neg 0.4917848617919371 off 0.44020440377177367 __DUMMY__ 0.06801073443628926	false	0.5
löschen	neg 1.0		neg 0.4995399049136166 off 0.4320658709524764 __DUMMY__ 0.06839422413390694	false	1.0
durchfallen	neg 1.0		neg 0.5036093464482836 off 0.42817752461382974 __DUMMY__ 0.06821312893788667	false	1.0
wichser	off 1.0		neg 0.4833617792764505 off 0.44920497808660576 __DUMMY__ 0.06743324263694372	false	0.5
terror	neg 1.0		neg 0.494582307397228 off 0.4368784718594275 __DUMMY__ 0.06853922074334448	false	1.0
krass	neg 1.0		neg 0.4896071876704507 off 0.44253421354585953 __DUMMY__ 0.06785859878368974	false	1.0
revolte	neg 1.0		neg 0.49984374082894195 off 0.432271949206802 __DUMMY__ 0.0678843099642559	false	1.0
besorgt	neg 1.0		neg 0.4991864393498457 off 0.4319632406779719 __DUMMY__ 0.06885031997218233	false	1.0
nachlassen	neg 1.0		neg 0.504351715151057 off 0.427147094289441 __DUMMY__ 0.06850119055950206	false	1.0
alt	neg 1.0		neg 0.5022148227036451 off 0.429199049190805 __DUMMY__ 0.06858612810554995	false	1.0
hundesohn	off 1.0		neg 0.486811944604903 off 0.4459283382827719 __DUMMY__ 0.06725971711232517	false	0.5
als			neg 0.49932991107805375 off 0.43189390799579375 __DUMMY__ 0.06877618092615256	false	0.0
abschreckung	neg 1.0		neg 0.506790822763951 off 0.42466464232167117 __DUMMY__ 0.06854453491437783	false	1.0
unqualifiziert	neg 1.0		neg 0.4992630014470205 off 0.4330435126106335 __DUMMY__ 0.06769348594234605	false	1.0
abgewichst	off 1.0		neg 0.500866218417303 off 0.43060026895866 __DUMMY__ 0.06853351262403692	false	0.5
schwer	neg 1.0		neg 0.4988573379907162 off 0.43266219817152923 __DUMMY__ 0.0684804638377545	false	1.0
bedeutungslosigkeit	neg 1.0		neg 0.505901448269982 off 0.4256135783971594 __DUMMY__ 0.0684849733328587	false	1.0
kapitulation	neg 1.0		neg 0.5069408079867928 off 0.4250248045077856 __DUMMY__ 0.06803438750542169	false	1.0
unscharf	neg 1.0		neg 0.49610755501396986 off 0.4355574138037496 __DUMMY__ 0.0683350311822805	false	1.0
schwinden	neg 1.0		neg 0.5061160038360144 off 0.4254112168555504 __DUMMY__ 0.06847277930843526	false	1.0
versklavung	neg 1.0		neg 0.5031945368934305 off 0.42918511942213433 __DUMMY__ 0.0676203436844352	false	1.0
schlecht	neg 1.0		neg 0.49152757315555357 off 0.44018672433151024 __DUMMY__ 0.06828570251293609	false	1.0
verhasst	neg 1.0		neg 0.49936708296295734 off 0.432473377964809 __DUMMY__ 0.06815953907223374	false	1.0
beschweren	neg 1.0		neg 0.4971992336348284 off 0.4344894798520661 __DUMMY__ 0.06831128651310558	false	1.0
scheiden	neg 1.0		neg 0.49399368862777604 off 0.436879748651258 __DUMMY__ 0.069126562720966	false	1.0
frustriert	neg 1.0		neg 0.5000330394170068 off 0.4314435141774809 __DUMMY__ 0.06852344640551224	false	1.0
schimmelig	neg 1.0		neg 0.5018050753789524 off 0.42941800643871286 __DUMMY__ 0.06877691818233474	false	1.0
fisch	neg 1.0		neg 0.49983515240775456 off 0.4308173149210332 __DUMMY__ 0.06934753267121216	false	1.0
schmuggel	neg 1.0		neg 0.5028311555539741 off 0.4282046754241024 __DUMMY__ 0.06896416902192341	false	1.0
auffallen	neg 1.0		neg 0.4957436344143831 off 0.43587097500343214 __DUMMY__ 0.06838539058218461	false	1.0
konkurrenz	neg 1.0	neg 1.0	neg 0.7395474504248988 off 0.2274920790389122 __DUMMY__ 0.03296047053618899	false	1.0
teufelskreis	neg 1.0	neg 1.0	neg 0.7376809402662404 off 0.2297136102421258 __DUMMY__ 0.03260544949163377	false	1.0
aufschreien	neg 1.0		neg 0.49787600924520514 off 0.4340355890903176 __DUMMY__ 0.06808840166447729	false	1.0
schuldner	neg 1.0		neg 0.5052262769444474 off 0.42621508319577556 __DUMMY__ 0.06855863985977706	false	1.0
missgeburt	off 1.0	off 1.0	off 0.7066852951991538 neg 0.2610045248642083 __DUMMY__ 0.032310179936637824	false	1.0
arbeitslos	neg 1.0		neg 0.5030494562480038 off 0.4286994009743349 __DUMMY__ 0.06825114277766132	false	1.0
befallen	neg 1.0		neg 0.5043749779404034 off 0.42763995014296147 __DUMMY__ 0.06798507191663505	false	1.0
miesepetrig	off 1.0	off 1.0	off 0.7048909014896668 neg 0.2624794892183782 __DUMMY__ 0.03262960929195498	false	1.0
alarmieren	neg 1.0		neg 0.4967680056119263 off 0.4353809314980891 __DUMMY__ 0.0678510628899844	false	1.0
ungeduscht	off 1.0		neg 0.49361065108873947 off 0.4379414228575201 __DUMMY__ 0.0684479260537404	false	0.5
knappheit	neg 1.0		neg 0.506121336156169 off 0.4257516036660069 __DUMMY__ 0.06812706017782402	false	1.0
schlange	neg 1.0		neg 0.493981049779811 off 0.4372006536334786 __DUMMY__ 0.06881829658671036	false	1.0
harsch	neg 1.0		neg 0.48670387537583937 off 0.44508586273002126 __DUMMY__ 0.06821026189413928	false	1.0
lang	neg 1.0		neg 0.49872474049389287 off 0.4328482593165882 __DUMMY__ 0.068427000189519	false	1.0
ziellos	neg 1.0		neg 0.5000904944300439 off 0.4311140274141353 __DUMMY__ 0.06879547815582072	false	1.0
selbstverliebt	neg 1.0		neg 0.48491104135010465 off 0.4480777399075182 __DUMMY__ 0.06701121874237709	false	1.0
beseitigen	neg 1.0	neg 1.0	neg 0.7359396887387899 off 0.23114449271869786 __DUMMY__ 0.03291581854251236	false	1.0
dumm	off 1.0		neg 0.48766362261423946 off 0.4447778098114616 __DUMMY__ 0.06755856757429905	false	0.5
arbeitsloser	neg 1.0		neg 0.5020989084110211 off 0.42931286812663405 __DUMMY__ 0.06858822346234492	false	1.0
blitzen	neg 1.0		neg 0.4961607989479955 off 0.4356219616726586 __DUMMY__ 0.06821723937934601	false	1.0
hilflos	neg 1.0		neg 0.5008851562477026 off 0.43062439662169155 __DUMMY__ 0.06849044713060592	false	1.0
eklig	off 1.0		neg 0.4866399146906607 off 0.4457849371253266 __DUMMY__ 0.06757514818401282	false	0.5
begriff			neg 0.5022376386839156 off 0.4295616169352578 __DUMMY__ 0.06820074438082664	false	0.0
hungersnot	neg 1.0		neg 0.5017483216684278 off 0.4298352343217086 __DUMMY__ 0.06841644400986366	false	1.0
ungesetzlich	neg 1.0		neg 0.5032316600856624 off 0.4293751618426536 __DUMMY__ 0.0673931780716839	false	1.0
verschwendung	neg 1.0		neg 0.5044366470204484 off 0.42707192909085206 __DUMMY__ 0.06849142388869942	false	1.0
schmerzvoll	neg 1.0		neg 0.4968677500618298 off 0.43476172805201807 __DUMMY__ 0.06837052188615207	false	1.0
vorzeitig	neg 1.0		neg 0.49446234806426226 off 0.43705974976729967 __DUMMY__ 0.06847790216843808	false	1.0
unvollkommenheit	neg 1.0		neg 0.4992695779796389 off 0.43181404626693753 __DUMMY__ 0.0689163757534237	false	1.0
intervenieren	neg 1.0		neg 0.5067183634838545 off 0.4250689688883743 __DUMMY__ 0.06821266762777119	false	1.0
banause	off 1.0		neg 0.4855794017877657 off 0.4471151994201897 __DUMMY__ 0.06730539879204459	false	0.5
rebell	neg 1.0		neg 0.506879111503957 off 0.42432337181384505 __DUMMY__ 0.06879751668219798	false	1.0
unlogisch	neg 1.0		neg 0.49057002156357604 off 0.44153812221457056 __DUMMY__ 0.0678918562218534	false	1.0
leiden	neg 1.0		neg 0.4994985846967177 off 0.4311607104175209 __DUMMY__ 0.0693407048857614	false	1.0
abschaffung	neg 1.0		neg 0.5011088316578322 off 0.4308696706769121 __DUMMY__ 0.06802149766525559	false	1.0
sturz	neg 1.0		neg 0.49810504086341506 off 0.4332966035831139 __DUMMY__ 0.06859835555347102	false	1.0
verkleinerung	neg 1.0		neg 0.49926169255599956 off 0.4329743749204267 __DUMMY__ 0.06776393252357378	false	1.0
schmarotzer	off 1.0		neg 0.5041626675669308 off 0.42772660416148256 __DUMMY__ 0.06811072827158665	false	0.5
bestrafung	neg 1.0		neg 0.4988533290298718 off 0.4329697803664224 __DUMMY__ 0.06817689060370583	false	1.0
achtlos	neg 1.0		neg 0.4979186680932425 off 0.4334432706036964 __DUMMY__ 0.06863806130306108	false	1.0
ungeheuer	neg 1.0		neg 0.49434876346462486 off 0.43716990621491114 __DUMMY__ 0.06848133032046405	false	1.0
unaufrichtig	neg 1.0		neg 0.500410676040483 off 0.43182138568080874 __DUMMY__ 0.0677679382787083	false	1.0
groggy	neg 1.0		neg 0.4975360584170702 off 0.43435137433243415 __DUMMY__ 0.06811256725049573	false	1.0
verletzlich	neg 1.0		neg 0.4916378151706272 off 0.44034553339496296 __DUMMY__ 0.0680166514344098	false	1.0
