unsolidarisch	neg 1.0		neg 0.5378990187629331 off 0.45505631638102206 __DUMMY__ 0.007044664856044732	false	1.0
nachteilig	neg 1.0		neg 0.5379441502533613 off 0.45491821149483475 __DUMMY__ 0.00713763825180391	false	1.0
skeptisch	neg 1.0		neg 0.5380520899112834 off 0.45479394099683573 __DUMMY__ 0.007153969091880825	false	1.0
schrecklich	neg 1.0		neg 0.5216118602105367 off 0.4712992541087528 __DUMMY__ 0.007088885680710548	false	1.0
schlapp	neg 1.0		neg 0.5253767086968271 off 0.4674931538888564 __DUMMY__ 0.007130137414316389	false	1.0
abfall	neg 1.0		neg 0.5411849329555564 off 0.45165201947738204 __DUMMY__ 0.007163047567061702	false	1.0
widerspenstig	neg 1.0		neg 0.5322430810318945 off 0.46062340133314006 __DUMMY__ 0.007133517634965406	false	1.0
abrupt	neg 1.0		neg 0.5349354427900185 off 0.4578707537358325 __DUMMY__ 0.007193803474148856	false	1.0
unwirksam	neg 1.0		neg 0.5352637453745993 off 0.45765038960212007 __DUMMY__ 0.007085865023280712	false	1.0
angreifen	neg 1.0	neg 1.0	neg 0.7555710310608941 off 0.24102140642041586 __DUMMY__ 0.0034075625186901037	false	1.0
inkonsistent	neg 1.0		neg 0.5309423055572762 off 0.461921235610969 __DUMMY__ 0.007136458831754905	false	1.0
abrutschen	neg 1.0		neg 0.5403585805021167 off 0.45247240489121304 __DUMMY__ 0.007169014606670241	false	1.0
unsicher	neg 1.0		neg 0.5313777444628196 off 0.46147320041808826 __DUMMY__ 0.007149055119092073	false	1.0
bauernkind	off 1.0	off 1.0	off 0.7184725015908655 neg 0.2781733516441887 __DUMMY__ 0.0033541467649458386	false	1.0
angreifer	neg 1.0		neg 0.5294901992977739 off 0.4633559367388212 __DUMMY__ 0.007153863963404908	false	1.0
trennen	neg 1.0		neg 0.5332339466777221 off 0.4595486127891624 __DUMMY__ 0.0072174405331155555	false	1.0
schmutz	neg 1.0		neg 0.52637254077687 off 0.46642898916997216 __DUMMY__ 0.007198470053157744	false	1.0
inkonsistenz	neg 1.0		neg 0.5301718419662762 off 0.4627561932372777 __DUMMY__ 0.007071964796446212	false	1.0
erschreckend	neg 1.0		neg 0.5344118781082327 off 0.45846377381754777 __DUMMY__ 0.007124348074219525	false	1.0
ertrinken	neg 1.0		neg 0.5349880542882762 off 0.4578403246401538 __DUMMY__ 0.007171621071570054	false	1.0
pickelface	off 1.0		neg 0.5349053728601156 off 0.4579573352820043 __DUMMY__ 0.007137291857880196	false	0.5
seiner			neg 0.5363717716780312 off 0.4564552378066044 __DUMMY__ 0.007172990515364288	false	0.0
lauch	neg 1.0		neg 0.5413853303919101 off 0.4514660581734312 __DUMMY__ 0.007148611434658745	false	1.0
unwichtig	neg 1.0		neg 0.5278629426551431 off 0.4650407154540246 __DUMMY__ 0.007096341890832139	false	1.0
steuerhinterziehung	neg 1.0		neg 0.5367458754062286 off 0.456152116144354 __DUMMY__ 0.007102008449417468	false	1.0
schock	neg 1.0		neg 0.5305253755989536 off 0.4622888690169237 __DUMMY__ 0.007185755384122859	false	1.0
beule	neg 1.0		neg 0.5246545042682996 off 0.46821049626017913 __DUMMY__ 0.007134999471521321	false	1.0
vergelten	neg 1.0		neg 0.5213971027919517 off 0.47147290479573817 __DUMMY__ 0.007129992412310104	false	1.0
verdorbenheit	neg 1.0		neg 0.5310965213499393 off 0.4617379855341845 __DUMMY__ 0.007165493115876276	false	1.0
trauma	neg 1.0		neg 0.5313183452798143 off 0.4615526214254366 __DUMMY__ 0.007129033294749022	false	1.0
sinnlos	neg 1.0		neg 0.5288089282148076 off 0.4640518695714476 __DUMMY__ 0.007139202213744766	false	1.0
fettsack	off 1.0	off 1.0	off 0.720452454485316 neg 0.27617958450355345 __DUMMY__ 0.003367961011130478	false	1.0
feige	off 1.0	off 1.0	off 0.7164053728879142 neg 0.2802248971911045 __DUMMY__ 0.003369729920981368	false	1.0
abdanken	neg 1.0		neg 0.5353083130869061 off 0.4575847841638656 __DUMMY__ 0.007106902749228248	false	1.0
wichtigtuer	off 1.0	off 1.0	off 0.7149674451319412 neg 0.28164911147444555 __DUMMY__ 0.0033834433936133185	false	1.0
misslingen	neg 1.0		neg 0.5277821155579645 off 0.4650255894935685 __DUMMY__ 0.007192294948467044	false	1.0
untreu	off 1.0		neg 0.5268833950596327 off 0.4660327491918394 __DUMMY__ 0.007083855748528098	false	0.5
missmutig	neg 1.0		neg 0.5271038762945492 off 0.46578844856356 __DUMMY__ 0.007107675141890731	false	1.0
hurenbock	off 1.0		neg 0.5294551580255819 off 0.46339369519358276 __DUMMY__ 0.007151146780835521	false	0.5
betrunken	neg 1.0		neg 0.5219173673436048 off 0.4709498198260092 __DUMMY__ 0.007132812830385955	false	1.0
korrupt	off 1.0		neg 0.5395048489592982 off 0.4534247752542545 __DUMMY__ 0.00707037578644733	false	0.5
unmut	neg 1.0		neg 0.5411874047025949 off 0.451652689505271 __DUMMY__ 0.007159905792134304	false	1.0
hackfresse	off 1.0		neg 0.5192128082480737 off 0.4737389926169566 __DUMMY__ 0.007048199134969751	false	0.5
aufblasen	neg 1.0		neg 0.5288455365463587 off 0.4639945909506264 __DUMMY__ 0.007159872503015063	false	1.0
gewaltsam	neg 1.0		neg 0.533155210076431 off 0.4597025140636375 __DUMMY__ 0.007142275859931553	false	1.0
unbeliebtheit	neg 1.0		neg 0.5329446101430114 off 0.4600361549568063 __DUMMY__ 0.007019234900182298	false	1.0
sturheit	neg 1.0		neg 0.5352452058590402 off 0.45764314044847704 __DUMMY__ 0.007111653692482709	false	1.0
kuh	neg 1.0		neg 0.5328613592083223 off 0.4600318004183605 __DUMMY__ 0.007106840373317144	false	1.0
erschrecken	neg 1.0		neg 0.5269858723685139 off 0.4658876577303949 __DUMMY__ 0.007126469901091138	false	1.0
opfer	neg 1.0		neg 0.535899630391968 off 0.4569451577520078 __DUMMY__ 0.007155211856024239	false	1.0
sinken	neg 1.0		neg 0.5394743996305792 off 0.45335101004678957 __DUMMY__ 0.007174590322631299	false	1.0
stinktier	neg 1.0		neg 0.5225467898134439 off 0.4703937260630174 __DUMMY__ 0.007059484123538643	false	1.0
tucke	off 1.0		neg 0.5214356664783114 off 0.4715678699817765 __DUMMY__ 0.006996463539912161	false	0.5
ein			neg 0.5293811119100059 off 0.4634540547709971 __DUMMY__ 0.0071648333189970595	false	0.0
abstieg	neg 1.0		neg 0.5349903811324145 off 0.4578189144462244 __DUMMY__ 0.007190704421361135	false	1.0
missverstehen	neg 1.0		neg 0.530928289972443 off 0.4619749521991055 __DUMMY__ 0.007096757828451408	false	1.0
ergebnislos	neg 1.0		neg 0.5371305639848378 off 0.4557132649477283 __DUMMY__ 0.007156171067433864	false	1.0
unter			neg 0.5409115411179015 off 0.4518245461073379 __DUMMY__ 0.00726391277476065	false	0.0
manipulieren	neg 1.0		neg 0.538877842629067 off 0.4539830309377726 __DUMMY__ 0.007139126433160241	false	1.0
unbewiesen	neg 1.0		neg 0.5382637423075503 off 0.4547041582955664 __DUMMY__ 0.007032099396883401	false	1.0
verschleppen	neg 1.0		neg 0.5360268607697576 off 0.45683466312024723 __DUMMY__ 0.0071384761099951444	false	1.0
weib	off 1.0		neg 0.5193883035554949 off 0.4735656076584856 __DUMMY__ 0.007046088786019478	false	0.5
opposition	neg 1.0		neg 0.5319993937242967 off 0.4609023188843865 __DUMMY__ 0.007098287391316718	false	1.0
verkehrswidrig	neg 1.0	neg 1.0	neg 0.7443516050098952 off 0.25221380240546437 __DUMMY__ 0.0034345925846405363	false	1.0
inkorrekt	neg 1.0		neg 0.5282382498133544 off 0.4647285931647003 __DUMMY__ 0.007033157021945342	false	1.0
vermeiden	neg 1.0		neg 0.5414155030654744 off 0.4513824196814578 __DUMMY__ 0.007202077253067829	false	1.0
abweichung	neg 1.0		neg 0.5370137025353598 off 0.4558400751511156 __DUMMY__ 0.007146222313524549	false	1.0
alkoholisiert	neg 1.0		neg 0.5323491343638281 off 0.46040537972083606 __DUMMY__ 0.007245485915335777	false	1.0
scheiss	off 1.0	off 1.0	off 0.7182005589629643 neg 0.2784035766887129 __DUMMY__ 0.0033958643483227137	false	1.0
herausforderung	neg 1.0	neg 1.0	neg 0.7521891868521424 off 0.24434317460741867 __DUMMY__ 0.003467638540438943	false	1.0
pervers	off 1.0		neg 0.5159543613402522 off 0.4770146090026555 __DUMMY__ 0.007031029657092217	false	0.5
wackelig	neg 1.0		neg 0.5312831831872793 off 0.46150821022873095 __DUMMY__ 0.007208606583989629	false	1.0
verwickeln	neg 1.0		neg 0.5312875545820283 off 0.46161895333685066 __DUMMY__ 0.0070934920811212354	false	1.0
vorwand	neg 1.0		neg 0.5390995839847547 off 0.4537471842172731 __DUMMY__ 0.007153231797972095	false	1.0
muschi	off 1.0		neg 0.5341284089255499 off 0.45873039632664186 __DUMMY__ 0.007141194747808209	false	0.5
entmutigung	neg 1.0		neg 0.5336910665982224 off 0.45922941780383525 __DUMMY__ 0.007079515597942315	false	1.0
unangemessen	neg 1.0		neg 0.5359837929349445 off 0.4568986907262814 __DUMMY__ 0.00711751633877412	false	1.0
unstetig	neg 1.0		neg 0.5294524327232338 off 0.4633884934875791 __DUMMY__ 0.007159073789186983	false	1.0
entmutigen	neg 1.0		neg 0.5308955513762444 off 0.46197752011617516 __DUMMY__ 0.007126928507580446	false	1.0
schwanz	neg 1.0		neg 0.5367189858634555 off 0.4561135925255129 __DUMMY__ 0.007167421611031595	false	1.0
verbot	neg 1.0		neg 0.5376998005692948 off 0.4551918861513444 __DUMMY__ 0.007108313279360784	false	1.0
leid	neg 1.0		neg 0.5205243447813002 off 0.4723952138134434 __DUMMY__ 0.007080441405256326	false	1.0
archaisch	neg 1.0		neg 0.5350821116138992 off 0.4577821408380029 __DUMMY__ 0.007135747548098064	false	1.0
gegen			neg 0.5379386234485413 off 0.4548715298518397 __DUMMY__ 0.007189846699619026	false	0.0
scheidung	neg 1.0		neg 0.511301485840822 off 0.48166405289129366 __DUMMY__ 0.007034461267884294	false	1.0
einschlag	neg 1.0	neg 1.0	neg 0.7470447092605836 off 0.24956185911698425 __DUMMY__ 0.003393431622432052	false	1.0
m			neg 0.533219809276945 off 0.45960769943941254 __DUMMY__ 0.007172491283642431	false	0.0
abgestanden	neg 1.0		neg 0.529487714018412 off 0.46334988608762995 __DUMMY__ 0.007162399893957989	false	1.0
schmierig	off 1.0		neg 0.5208918951587639 off 0.4720217943427948 __DUMMY__ 0.0070863104984412745	false	0.5
unpraktisch	neg 1.0		neg 0.5283241031232848 off 0.46449933825106 __DUMMY__ 0.007176558625655181	false	1.0
wixxer	off 1.0		neg 0.5167177847827703 off 0.4762594365322036 __DUMMY__ 0.007022778685026126	false	0.5
bezeichnet			neg 0.5339225777571908 off 0.4589589787625272 __DUMMY__ 0.007118443480282112	false	0.0
jammerlappen	off 1.0		neg 0.5274617870790776 off 0.46543839603327847 __DUMMY__ 0.007099816887643791	false	0.5
farce	neg 1.0		neg 0.5373574034601364 off 0.45554769680854934 __DUMMY__ 0.007094899731314194	false	1.0
zwecklos	neg 1.0		neg 0.5358738167630317 off 0.45700545967347384 __DUMMY__ 0.007120723563494573	false	1.0
turbulent	neg 1.0		neg 0.5276883949630397 off 0.46522859018357887 __DUMMY__ 0.0070830148533814015	false	1.0
invasion	neg 1.0		neg 0.5286234360405249 off 0.464236232722444 __DUMMY__ 0.007140331237031026	false	1.0
schuld	neg 1.0		neg 0.5318154150752358 off 0.4610623895851157 __DUMMY__ 0.007122195339648432	false	1.0
risiko	neg 1.0		neg 0.5309117985702251 off 0.461935465800144 __DUMMY__ 0.007152735629630889	false	1.0
finster	neg 1.0		neg 0.5298317623845435 off 0.4630178030005884 __DUMMY__ 0.007150434614868027	false	1.0
geisteskrank	off 1.0		neg 0.5272139312445843 off 0.46572201222169485 __DUMMY__ 0.007064056533720963	false	0.5
zusammenbrechen	neg 1.0		neg 0.5330210806038692 off 0.45982183385976694 __DUMMY__ 0.007157085536363812	false	1.0
ausbeute	neg 1.0		neg 0.533663402601506 off 0.45911892848665453 __DUMMY__ 0.00721766891183931	false	1.0
hinterhalt	neg 1.0		neg 0.5322877747582987 off 0.460533125968194 __DUMMY__ 0.007179099273507321	false	1.0
kritik	neg 1.0		neg 0.5372909688896746 off 0.45560872308579525 __DUMMY__ 0.007100308024530012	false	1.0
einschrumpfen	neg 1.0		neg 0.5315057157279538 off 0.46141835119647256 __DUMMY__ 0.007075933075573662	false	1.0
riskant	neg 1.0		neg 0.5371434141181676 off 0.4557178047963562 __DUMMY__ 0.007138781085476249	false	1.0
frustrieren	neg 1.0		neg 0.536330369783971 off 0.45652162298405713 __DUMMY__ 0.007148007231971805	false	1.0
groll	neg 1.0		neg 0.5352970123482782 off 0.4575650920275129 __DUMMY__ 0.007137895624208844	false	1.0
gibt			neg 0.5340680614128904 off 0.4587846083304933 __DUMMY__ 0.007147330256616221	false	0.0
qualvoll	neg 1.0		neg 0.5274183262327414 off 0.46544424710926513 __DUMMY__ 0.007137426657993556	false	1.0
wackeln	neg 1.0	neg 1.0	neg 0.7504086988172644 off 0.24616312033131857 __DUMMY__ 0.003428180851417118	false	1.0
klagen	neg 1.0		neg 0.5399930979163428 off 0.4528385040408384 __DUMMY__ 0.007168398042818863	false	1.0
bankrott	neg 1.0		neg 0.5273869208725057 off 0.4654881246106873 __DUMMY__ 0.007124954516806949	false	1.0
trauern	neg 1.0		neg 0.5349746664883989 off 0.4578499132159843 __DUMMY__ 0.007175420295616913	false	1.0
ablehnung	neg 1.0		neg 0.5370502551337202 off 0.4558462573350232 __DUMMY__ 0.007103487531256747	false	1.0
stur	neg 1.0		neg 0.5314895422193795 off 0.4613971901781334 __DUMMY__ 0.007113267602487087	false	1.0
aufruhr	neg 1.0		neg 0.5333224990462232 off 0.4595356755589678 __DUMMY__ 0.0071418253948091264	false	1.0
melancholie	neg 1.0		neg 0.5331787772887854 off 0.45964494527081395 __DUMMY__ 0.0071762774404006266	false	1.0
ist			neg 0.5297879078860587 off 0.46307725716187886 __DUMMY__ 0.007134834952062541	false	0.0
torheit	neg 1.0		neg 0.5341730982474061 off 0.45874064334110526 __DUMMY__ 0.0070862584114887	false	1.0
dreckskind	off 1.0		neg 0.5213407294899656 off 0.47161071055858833 __DUMMY__ 0.007048559951446115	false	0.5
umtauschen	neg 1.0		neg 0.5311577318743613 off 0.4616809657729231 __DUMMY__ 0.007161302352715491	false	1.0
zum			neg 0.536764350803971 off 0.4559578950182617 __DUMMY__ 0.007277754177767268	false	0.0
zersetzen	neg 1.0		neg 0.539854260541463 off 0.45302159970371797 __DUMMY__ 0.007124139754819092	false	1.0
zur			neg 0.5407396284064796 off 0.45203368802775656 __DUMMY__ 0.007226683565763847	false	0.0
frust	neg 1.0		neg 0.5331470757869227 off 0.45969397385492533 __DUMMY__ 0.007158950358151957	false	1.0
unerbittlichkeit	neg 1.0		neg 0.5390438739490507 off 0.4538209818149015 __DUMMY__ 0.0071351442360478405	false	1.0
zwei			neg 0.5355008365546668 off 0.4572496513510331 __DUMMY__ 0.007249512094299969	false	0.0
unkorrekt	neg 1.0		neg 0.5273143640043775 off 0.4656508880174483 __DUMMY__ 0.007034747978174359	false	1.0
hexe	off 1.0		neg 0.5260764569712337 off 0.46681855016122903 __DUMMY__ 0.0071049928675372106	false	0.5
lasch	neg 1.0		neg 0.5303530956015735 off 0.46256748517037 __DUMMY__ 0.007079419228056517	false	1.0
rivale	neg 1.0		neg 0.5237097721280437 off 0.4691901154625663 __DUMMY__ 0.0071001124093901	false	1.0
mutlos	off 1.0	off 1.0	off 0.7107736619032395 neg 0.28583615657768563 __DUMMY__ 0.003390181519074946	false	1.0
wirr	off 1.0		neg 0.5264173884114782 off 0.466540228068931 __DUMMY__ 0.00704238351959081	false	0.5
jahr			neg 0.5338209303385979 off 0.45894291164005563 __DUMMY__ 0.007236158021346357	false	0.0
wird			neg 0.5347505367133536 off 0.458083322348834 __DUMMY__ 0.007166140937812401	false	0.0
strafbar	neg 1.0		neg 0.5377280200932066 off 0.4551450181647784 __DUMMY__ 0.00712696174201485	false	1.0
erosion	neg 1.0		neg 0.5303597041270529 off 0.4624855829220096 __DUMMY__ 0.007154712950937683	false	1.0
eingehen	neg 1.0		neg 0.5369772560017602 off 0.4559044238563087 __DUMMY__ 0.0071183201419312125	false	1.0
faul	off 1.0		neg 0.5261068120742993 off 0.4667549575751233 __DUMMY__ 0.0071382303505774635	false	0.5
provisorium	neg 1.0		neg 0.5426406242637833 off 0.4501197956691996 __DUMMY__ 0.00723958006701687	false	1.0
schmerzen	neg 1.0		neg 0.531438024593115 off 0.4614136589189881 __DUMMY__ 0.007148316487896934	false	1.0
schrumpfen	neg 1.0		neg 0.543389379206401 off 0.4494389660200185 __DUMMY__ 0.007171654773580542	false	1.0
geistlos	off 1.0		neg 0.5344776261378867 off 0.4584856983992297 __DUMMY__ 0.0070366754628835475	false	0.5
fehlkauf	neg 1.0		neg 0.5311700144266763 off 0.46171673718742984 __DUMMY__ 0.007113248385893819	false	1.0
frustrierend	neg 1.0		neg 0.5264466207372744 off 0.4664134604581836 __DUMMY__ 0.0071399188045420635	false	1.0
unzufrieden	neg 1.0		neg 0.535658548843861 off 0.457213914510788 __DUMMY__ 0.007127536645351068	false	1.0
verzweifeln	neg 1.0		neg 0.5323906826352052 off 0.4604646423435677 __DUMMY__ 0.007144675021227027	false	1.0
verzweifelt	neg 1.0		neg 0.5309625907616602 off 0.4619172227865433 __DUMMY__ 0.007120186451796604	false	1.0
misstrauensantrag	neg 1.0		neg 0.530431589747234 off 0.46245804241827665 __DUMMY__ 0.007110367834489379	false	1.0
abfallen	neg 1.0		neg 0.5283391963759448 off 0.4644903652159177 __DUMMY__ 0.00717043840813732	false	1.0
fucker	off 1.0		neg 0.5256964756656589 off 0.4672226572875293 __DUMMY__ 0.007080867046811723	false	0.5
ungezogen	neg 1.0		neg 0.5166716650627586 off 0.4762705349164769 __DUMMY__ 0.007057800020764553	false	1.0
irrsinnig	neg 1.0	neg 1.0	neg 0.7520164789375238 off 0.24459006426709345 __DUMMY__ 0.0033934567953827783	false	1.0
unfassbar	neg 1.0		neg 0.5264899400247411 off 0.4664116804117568 __DUMMY__ 0.007098379563502197	false	1.0
hart	neg 1.0		neg 0.5282613341298603 off 0.4646209366047172 __DUMMY__ 0.0071177292654223704	false	1.0
widerlich	off 1.0		neg 0.527163297363833 off 0.4657709710651065 __DUMMY__ 0.007065731571060365	false	0.5
fatal	neg 1.0		neg 0.5304822005547911 off 0.4623991660970907 __DUMMY__ 0.0071186333481181386	false	1.0
bruch	neg 1.0		neg 0.5403388376927255 off 0.452503684454689 __DUMMY__ 0.00715747785258539	false	1.0
aushungern	neg 1.0		neg 0.5364515091954699 off 0.45645466384748923 __DUMMY__ 0.007093826957040833	false	1.0
anspannung	neg 1.0	neg 1.0	neg 0.7550018108135281 off 0.24152542760006196 __DUMMY__ 0.0034727615864099228	false	1.0
von			neg 0.5349877596325384 off 0.45778008205527204 __DUMMY__ 0.007232158312189572	false	0.0
kraftlos	neg 1.0		neg 0.5322521404786184 off 0.4605634919987014 __DUMMY__ 0.007184367522680086	false	1.0
vom			neg 0.539433967224857 off 0.4532869343123543 __DUMMY__ 0.007279098462788641	false	0.0
grenzdebil	off 1.0		neg 0.5250247561691918 off 0.46787532131216597 __DUMMY__ 0.0070999225186421985	false	0.5
vor			neg 0.5370242789520298 off 0.45578765285995404 __DUMMY__ 0.007188068188016195	false	0.0
unterwerfen	neg 1.0		neg 0.5371346962296052 off 0.4557245502547335 __DUMMY__ 0.007140753515661392	false	1.0
versenkung	neg 1.0		neg 0.5369150746416917 off 0.45593380356394675 __DUMMY__ 0.007151121794361398	false	1.0
entziehen	neg 1.0		neg 0.5394921611725334 off 0.4533452251336816 __DUMMY__ 0.007162613693785154	false	1.0
finanzkrise	neg 1.0		neg 0.536167289386335 off 0.4567398904124905 __DUMMY__ 0.007092820201174421	false	1.0
schimpfend	neg 1.0		neg 0.5283203079095842 off 0.46450441917400137 __DUMMY__ 0.007175272916414473	false	1.0
profan	neg 1.0		neg 0.5288863352293497 off 0.4639908505365742 __DUMMY__ 0.0071228142340760536	false	1.0
korruption	neg 1.0	neg 1.0	neg 0.7553868383655274 off 0.2412262770540038 __DUMMY__ 0.0033868845804688	false	1.0
â			neg 0.5350424551297113 off 0.4577917748917578 __DUMMY__ 0.007165769978530888	false	0.0
schmutzig	neg 1.0		neg 0.5251462672139026 off 0.4677424820183409 __DUMMY__ 0.007111250767756503	false	1.0
sexy	neg 1.0		neg 0.5283835804979157 off 0.46449743171723185 __DUMMY__ 0.00711898778485238	false	1.0
abraten	neg 1.0		neg 0.52968261507431 off 0.4631850814067899 __DUMMY__ 0.0071323035189000215	false	1.0
schwarz	neg 1.0		neg 0.531417248347921 off 0.46146673758789475 __DUMMY__ 0.0071160140641841315	false	1.0
fotze	off 1.0		neg 0.5366394972177533 off 0.4562134404313803 __DUMMY__ 0.0071470623508666	false	0.5
verwirren	neg 1.0		neg 0.5285664384736106 off 0.46430956593112016 __DUMMY__ 0.007123995595269228	false	1.0
zahnlos	off 1.0		neg 0.5358511381506694 off 0.45702518732120895 __DUMMY__ 0.007123674528121506	false	0.5
verheeren	neg 1.0		neg 0.5154656794827958 off 0.4774739853494519 __DUMMY__ 0.007060335167752293	false	1.0
hippie	neg 1.0		neg 0.5293711254953262 off 0.4635148795440945 __DUMMY__ 0.0071139949605793906	false	1.0
rammen	neg 1.0		neg 0.5312399551457048 off 0.46163038212354157 __DUMMY__ 0.007129662730753545	false	1.0
unlauter	neg 1.0		neg 0.5354216781802799 off 0.45751089478019946 __DUMMY__ 0.007067427039520509	false	1.0
unheilvoll	neg 1.0		neg 0.5274267219919607 off 0.46541202693363154 __DUMMY__ 0.007161251074407662	false	1.0
niedrig	neg 1.0		neg 0.5366242883332037 off 0.45620907914969683 __DUMMY__ 0.007166632517099286	false	1.0
explosion	neg 1.0		neg 0.5302345043898629 off 0.46265483544991737 __DUMMY__ 0.007110660160219642	false	1.0
weichei	off 1.0		neg 0.5206288226851278 off 0.47231309767853574 __DUMMY__ 0.007058079636336576	false	0.5
minusmensch	off 1.0		neg 0.5201232621750266 off 0.47289125445100305 __DUMMY__ 0.006985483373970297	false	0.5
farblos	neg 1.0		neg 0.5297156488240263 off 0.4630815321339877 __DUMMY__ 0.007202819041985895	false	1.0
unwissend	neg 1.0	neg 1.0	neg 0.749702089609185 off 0.24691861426395398 __DUMMY__ 0.0033792961268609804	false	1.0
traurig	neg 1.0		neg 0.5224897797866572 off 0.4704119723961924 __DUMMY__ 0.00709824781715041	false	1.0
senkung	neg 1.0		neg 0.5311784683149797 off 0.46173536245434615 __DUMMY__ 0.007086169230674145	false	1.0
ungleich	neg 1.0	neg 1.0	neg 0.7559685287401139 off 0.24063902827211203 __DUMMY__ 0.0033924429877740235	false	1.0
heikel	neg 1.0		neg 0.5386590862216373 off 0.45420138373022084 __DUMMY__ 0.007139530048141946	false	1.0
drosselung	neg 1.0		neg 0.5251198926218784 off 0.46777045417897367 __DUMMY__ 0.00710965319914776	false	1.0
falsch	neg 1.0		neg 0.5274029797138661 off 0.4654798955768026 __DUMMY__ 0.007117124709331228	false	1.0
unzufriedenheit	neg 1.0		neg 0.5394218032795494 off 0.4534365486606358 __DUMMY__ 0.007141648059814955	false	1.0
kurz	neg 1.0		neg 0.5312606460167854 off 0.46155046497787994 __DUMMY__ 0.007188889005334683	false	1.0
unsinnig	neg 1.0		neg 0.5360807330182272 off 0.45681201587967996 __DUMMY__ 0.007107251102092754	false	1.0
penner	off 1.0	off 1.0	off 0.7217282948211977 neg 0.2749126974177442 __DUMMY__ 0.0033590077610580736	false	1.0
seicht	neg 1.0		neg 0.5196407186481511 off 0.4733483242706771 __DUMMY__ 0.007010957081171794	false	1.0
dummheit	off 1.0	off 1.0	off 0.7149931162041977 neg 0.281627686037588 __DUMMY__ 0.0033791977582143373	false	1.0
unerfreulich	neg 1.0		neg 0.5381692488945755 off 0.4546611777877898 __DUMMY__ 0.007169573317634622	false	1.0
motherfucker	off 1.0	off 1.0	off 0.7175148624987281 neg 0.2791160798778277 __DUMMY__ 0.003369057623444204	false	1.0
pikiert	neg 1.0		neg 0.5286539354429004 off 0.46428040886712024 __DUMMY__ 0.00706565568997937	false	1.0
wrack	neg 1.0		neg 0.5336055935023986 off 0.45918974399186696 __DUMMY__ 0.007204662505734472	false	1.0
gangster	neg 1.0		neg 0.5292212075611649 off 0.46365389660578554 __DUMMY__ 0.007124895833049428	false	1.0
krank	neg 1.0		neg 0.5235325204943424 off 0.4693477877871268 __DUMMY__ 0.007119691718530846	false	1.0
reich	neg 1.0		neg 0.5292547941820644 off 0.46366252834010574 __DUMMY__ 0.007082677477829865	false	1.0
gnadenlos	neg 1.0		neg 0.5313047659350193 off 0.4615643954892004 __DUMMY__ 0.0071308385757801965	false	1.0
niedergeschlagen	neg 1.0		neg 0.5321678559407473 off 0.46066448264727006 __DUMMY__ 0.007167661411982608	false	1.0
terrorisieren	off 1.0	off 1.0	off 0.7120996552940012 neg 0.2844913211283973 __DUMMY__ 0.0034090235776014963	false	1.0
sinnlosigkeit	neg 1.0		neg 0.5353765404802334 off 0.4574947244586857 __DUMMY__ 0.007128735061080938	false	1.0
behindern	neg 1.0		neg 0.5338238610031397 off 0.45904971570897385 __DUMMY__ 0.00712642328788643	false	1.0
undemokratisch	neg 1.0		neg 0.5342299522066956 off 0.45868566694068946 __DUMMY__ 0.007084380852614777	false	1.0
wirtschaftskrise	neg 1.0		neg 0.5377528507897945 off 0.45512755666951976 __DUMMY__ 0.007119592540685814	false	1.0
neid	neg 1.0		neg 0.5248972152570084 off 0.4679559781090017 __DUMMY__ 0.007146806633989954	false	1.0
rutschen	neg 1.0	neg 1.0	neg 0.7536676765683646 off 0.24286066161473052 __DUMMY__ 0.003471661816904808	false	1.0
rezession	neg 1.0		neg 0.5247086902191423 off 0.46824896489894274 __DUMMY__ 0.007042344881914926	false	1.0
fehlgeburt	neg 1.0		neg 0.5281867274463549 off 0.4646582349420293 __DUMMY__ 0.0071550376116158755	false	1.0
charakterschwach	off 1.0		neg 0.5263810472962126 off 0.46653099223482586 __DUMMY__ 0.007087960468961554	false	0.5
isolation	neg 1.0		neg 0.5265284297130886 off 0.4663329362408983 __DUMMY__ 0.007138634046013217	false	1.0
ablenkung	neg 1.0		neg 0.5312182085271188 off 0.46163697457179087 __DUMMY__ 0.007144816901090283	false	1.0
pech	neg 1.0		neg 0.5266124285262441 off 0.46625171768337714 __DUMMY__ 0.007135853790378729	false	1.0
vermeidung	neg 1.0		neg 0.5264536538798769 off 0.4664664625818303 __DUMMY__ 0.007079883538292775	false	1.0
dominieren	neg 1.0		neg 0.5338481865430432 off 0.4589635266445917 __DUMMY__ 0.007188286812364988	false	1.0
schwindlig	neg 1.0		neg 0.5262142051286344 off 0.4666094957691452 __DUMMY__ 0.007176299102220559	false	1.0
lutscher	neg 1.0		neg 0.517939661212114 off 0.4750372961202008 __DUMMY__ 0.007023042667685167	false	1.0
pflicht	neg 1.0		neg 0.5386016548910749 off 0.45425313216727503 __DUMMY__ 0.007145212941650174	false	1.0
faschist	off 1.0		neg 0.5323030104353945 off 0.4606304061867167 __DUMMY__ 0.0070665833778886895	false	0.5
verschleudern	neg 1.0		neg 0.5407423212759033 off 0.4521725376469981 __DUMMY__ 0.007085141077098629	false	1.0
wenn			neg 0.5271995053070667 off 0.4656849031206012 __DUMMY__ 0.007115591572332116	false	0.0
ehebruch	neg 1.0		neg 0.5374599024126039 off 0.4554175401682913 __DUMMY__ 0.007122557419104831	false	1.0
spott	off 1.0		neg 0.5384636746894707 off 0.45441857541458613 __DUMMY__ 0.007117749895943133	false	0.5
trostlosigkeit	neg 1.0		neg 0.5392404161365695 off 0.4535988856182801 __DUMMY__ 0.007160698245150413	false	1.0
lutschen	neg 1.0		neg 0.5306234029031384 off 0.4622742480180124 __DUMMY__ 0.007102349078849113	false	1.0
undiszipliniert	neg 1.0		neg 0.523535524447907 off 0.46936421003567425 __DUMMY__ 0.007100265516418879	false	1.0
kopfschmerz	neg 1.0		neg 0.5318186380312357 off 0.4610076544518599 __DUMMY__ 0.007173707516904205	false	1.0
unvorhergesehen	neg 1.0		neg 0.5321355725161543 off 0.4606418459126272 __DUMMY__ 0.007222581571218541	false	1.0
desinteressiert	neg 1.0		neg 0.52495382090808 off 0.46796644146312644 __DUMMY__ 0.007079737628793669	false	1.0
armselig	off 1.0		neg 0.5258313571369663 off 0.4671257816280601 __DUMMY__ 0.007042861234973676	false	0.5
desaster	neg 1.0		neg 0.5412570748561133 off 0.4515880614485696 __DUMMY__ 0.007154863695317005	false	1.0
tod	neg 1.0		neg 0.5339510935383911 off 0.45886750590706715 __DUMMY__ 0.007181400554541651	false	1.0
herzlos	neg 1.0		neg 0.5235618746210859 off 0.4693688850522256 __DUMMY__ 0.0070692403266885175	false	1.0
unwissenheit	neg 1.0		neg 0.5375669534440196 off 0.455335773226488 __DUMMY__ 0.007097273329492345	false	1.0
widersinnig	neg 1.0	neg 1.0	neg 0.7553083420143639 off 0.24131640076200844 __DUMMY__ 0.0033752572236277014	false	1.0
bedenklich	neg 1.0		neg 0.5374345087619631 off 0.4554381014760658 __DUMMY__ 0.007127389761971308	false	1.0
beanstanden	neg 1.0		neg 0.5384273458246919 off 0.4544105433510674 __DUMMY__ 0.007162110824240819	false	1.0
panisch	neg 1.0	neg 1.0	neg 0.7485483333572115 off 0.24801840923423102 __DUMMY__ 0.003433257408557409	false	1.0
debil	off 1.0		neg 0.5428066428728286 off 0.4499933859210491 __DUMMY__ 0.007199971206122177	false	0.5
abstrich	neg 1.0		neg 0.5357281023524313 off 0.4571319013226467 __DUMMY__ 0.007139996324922058	false	1.0
primitiv	neg 1.0		neg 0.52650247902894 off 0.4664300715755668 __DUMMY__ 0.0070674493954931035	false	1.0
abschaum	off 1.0	off 1.0	off 0.7162568735223347 neg 0.28036886284696655 __DUMMY__ 0.003374263630698768	false	1.0
provozieren	neg 1.0		neg 0.5325700822678543 off 0.4603169296137661 __DUMMY__ 0.007112988118379718	false	1.0
tot	neg 1.0		neg 0.53585878642195 off 0.45698247993544167 __DUMMY__ 0.0071587336426083385	false	1.0
instabil	neg 1.0		neg 0.5274268288140108 off 0.46551934905242953 __DUMMY__ 0.007053822133559617	false	1.0
schwuchtel	off 1.0		neg 0.5137327310785675 off 0.47927621184458263 __DUMMY__ 0.0069910570768497845	false	0.5
zerren	neg 1.0		neg 0.5318607361462907 off 0.4609676428708089 __DUMMY__ 0.0071716209829004035	false	1.0
kinderficker	off 1.0		neg 0.5237377478443646 off 0.4692402143538366 __DUMMY__ 0.007022037801798797	false	0.5
gefahr	neg 1.0		neg 0.5378968619092557 off 0.4549382927734077 __DUMMY__ 0.007164845317336705	false	1.0
rabiat	neg 1.0		neg 0.5334057191979106 off 0.45948056852931435 __DUMMY__ 0.0071137122727750746	false	1.0
verlangsamung	neg 1.0		neg 0.5208777818820604 off 0.47209160096214103 __DUMMY__ 0.007030617155798562	false	1.0
ausgestorben	neg 1.0		neg 0.5318646857283297 off 0.46097996934684415 __DUMMY__ 0.007155344924826141	false	1.0
anklagen	neg 1.0		neg 0.5353823335020463 off 0.45749418316685325 __DUMMY__ 0.007123483331100472	false	1.0
trott	neg 1.0		neg 0.5319962624596334 off 0.460849942926803 __DUMMY__ 0.007153794613563656	false	1.0
verminderung	neg 1.0		neg 0.5255803681381008 off 0.4673432348078721 __DUMMY__ 0.007076397054027009	false	1.0
nach			neg 0.5362328612015598 off 0.45648911649895024 __DUMMY__ 0.007278022299490065	false	0.0
rost	neg 1.0		neg 0.5221710170713337 off 0.4707916031984984 __DUMMY__ 0.007037379730167867	false	1.0
destruktiv	neg 1.0		neg 0.535546586404914 off 0.45736508113580104 __DUMMY__ 0.007088332459284862	false	1.0
unzumutbarkeit	neg 1.0		neg 0.525527593279555 off 0.4673361619576227 __DUMMY__ 0.00713624476282247	false	1.0
labil	off 1.0	off 1.0	off 0.7165430154887724 neg 0.28007650862836925 __DUMMY__ 0.0033804758828584257	false	1.0
ziemlich	neg 1.0		neg 0.5244753654539438 off 0.4684015894308185 __DUMMY__ 0.007123045115237651	false	1.0
lachnummer	off 1.0		neg 0.5335586809513301 off 0.4593230272555829 __DUMMY__ 0.007118291793087106	false	0.5
oder			neg 0.5297725102072945 off 0.46305867434966913 __DUMMY__ 0.007168815443036427	false	0.0
verfall	neg 1.0		neg 0.5434410378736766 off 0.4493882436741017 __DUMMY__ 0.0071707184522217	false	1.0
ausgrenzung	neg 1.0		neg 0.533802004012902 off 0.45912297554788495 __DUMMY__ 0.007075020439213142	false	1.0
unordnung	neg 1.0		neg 0.5244840724140919 off 0.46838094127374197 __DUMMY__ 0.007134986312166186	false	1.0
fehlverhalten	neg 1.0		neg 0.5387143805259321 off 0.45414925071300205 __DUMMY__ 0.00713636876106581	false	1.0
eine			neg 0.5375667160518179 off 0.45526377861101763 __DUMMY__ 0.007169505337164372	false	0.0
nille	neg 1.0		neg 0.5333857035345426 off 0.45947000823058093 __DUMMY__ 0.007144288234876622	false	1.0
qual	neg 1.0		neg 0.532669297969231 off 0.46018363224606285 __DUMMY__ 0.007147069784706053	false	1.0
verschwenden	neg 1.0		neg 0.5362814951307243 off 0.4565834240355504 __DUMMY__ 0.007135080833725117	false	1.0
riesig	neg 1.0	neg 1.0	neg 0.7531689109355642 off 0.2434003060931271 __DUMMY__ 0.00343078297130868	false	1.0
verurteilen	neg 1.0		neg 0.5366746572290132 off 0.456211963620594 __DUMMY__ 0.007113379150392758	false	1.0
klischee	neg 1.0	neg 1.0	neg 0.7511721678444584 off 0.2454526265352229 __DUMMY__ 0.003375205620318744	false	1.0
diktatorisch	neg 1.0		neg 0.535053004429063 off 0.4578890444494097 __DUMMY__ 0.007057951121527298	false	1.0
vorhersehbar	neg 1.0	neg 1.0	neg 0.7511841088703813 off 0.24543196966085387 __DUMMY__ 0.0033839214687648093	false	1.0
sowie			neg 0.5220100124143143 off 0.470938186133352 __DUMMY__ 0.0070518014523336435	false	0.0
stornieren	neg 1.0		neg 0.5269668953793176 off 0.46582523818724786 __DUMMY__ 0.007207866433434342	false	1.0
besteuerung	neg 1.0		neg 0.5340614604706421 off 0.45885154472858075 __DUMMY__ 0.007086994800777165	false	1.0
ungeschminkt	neg 1.0		neg 0.5260468568349855 off 0.4668645681248072 __DUMMY__ 0.007088575040207381	false	1.0
kritisch	neg 1.0		neg 0.5374192349201676 off 0.4554478861526956 __DUMMY__ 0.00713287892713665	false	1.0
schlamperei	off 1.0		neg 0.5388341538337494 off 0.4540328095159818 __DUMMY__ 0.007133036650268632	false	0.5
sucht	neg 1.0	neg 1.0	neg 0.7515125576148332 off 0.24506921277348606 __DUMMY__ 0.003418229611680851	false	1.0
egoistisch	off 1.0		neg 0.520581571939028 off 0.47235533093353177 __DUMMY__ 0.007063097127440197	false	0.5
ausbeuter	off 1.0		neg 0.540074308954444 off 0.4528098834847368 __DUMMY__ 0.007115807560819278	false	0.5
arschgeburt	off 1.0		neg 0.5143593101526028 off 0.47866255075679043 __DUMMY__ 0.006978139090606636	false	0.5
schubs	neg 1.0	neg 1.0	neg 0.7520575301214021 off 0.2445080422785903 __DUMMY__ 0.003434427600007574	false	1.0
unsolide	neg 1.0		neg 0.5362149110032918 off 0.45676152166101 __DUMMY__ 0.007023567335698338	false	1.0
beschwerde	neg 1.0		neg 0.5384505328666619 off 0.454415202053473 __DUMMY__ 0.007134265079865152	false	1.0
stocken	neg 1.0		neg 0.5369723766515512 off 0.4558812585994059 __DUMMY__ 0.007146364749042789	false	1.0
isolieren	neg 1.0		neg 0.5367740518609351 off 0.4561030293518844 __DUMMY__ 0.0071229187871805315	false	1.0
unheilbar	neg 1.0		neg 0.5315195906470728 off 0.4613429849183054 __DUMMY__ 0.00713742443462183	false	1.0
pisser	off 1.0		neg 0.5244389532861207 off 0.46846566845495186 __DUMMY__ 0.0070953782589276435	false	0.5
löschen	neg 1.0		neg 0.532438430171714 off 0.4604256903188681 __DUMMY__ 0.007135879509417855	false	1.0
durchfallen	neg 1.0		neg 0.5364568621323265 off 0.456426317663902 __DUMMY__ 0.00711682020377161	false	1.0
wichser	off 1.0		neg 0.5156605399307068 off 0.4773046597938503 __DUMMY__ 0.007034800275442875	false	0.5
terror	neg 1.0		neg 0.5275043028240888 off 0.4653446550816667 __DUMMY__ 0.007151042094244407	false	1.0
krass	neg 1.0		neg 0.5221545283834409 off 0.4707660358891302 __DUMMY__ 0.007079435727428853	false	1.0
revolte	neg 1.0		neg 0.5325076763158704 off 0.4604101838407801 __DUMMY__ 0.0070821398433493984	false	1.0
besorgt	neg 1.0		neg 0.5323058971708767 off 0.4605104292568745 __DUMMY__ 0.007183673572248791	false	1.0
nachlassen	neg 1.0		neg 0.5373369408173386 off 0.4555161222769489 __DUMMY__ 0.0071469369057123875	false	1.0
alt	neg 1.0		neg 0.5352170116828975 off 0.45762724051300185 __DUMMY__ 0.0071557478041006295	false	1.0
hundesohn	off 1.0		neg 0.5190696818511616 off 0.47391380370389125 __DUMMY__ 0.0070165144449470624	false	0.5
als			neg 0.5324149095196369 off 0.4604091563764904 __DUMMY__ 0.007175934103872686	false	0.0
abschreckung	neg 1.0		neg 0.539835667211635 off 0.4530127632858625 __DUMMY__ 0.007151569502502526	false	1.0
unqualifiziert	neg 1.0		neg 0.5318263136154672 off 0.46111151461602223 __DUMMY__ 0.0070621717685106136	false	1.0
abgewichst	off 1.0		neg 0.533845856179403 off 0.4590036821531348 __DUMMY__ 0.007150461667462147	false	0.5
schwer	neg 1.0		neg 0.5317914548315396 off 0.46106360524912354 __DUMMY__ 0.007144939919336917	false	1.0
bedeutungslosigkeit	neg 1.0		neg 0.5389069835776191 off 0.45394765011461513 __DUMMY__ 0.007145366307765799	false	1.0
kapitulation	neg 1.0		neg 0.5397369657840028 off 0.4531650755997715 __DUMMY__ 0.0070979586162258105	false	1.0
unscharf	neg 1.0		neg 0.5289336895306641 off 0.46393689386741266 __DUMMY__ 0.007129416601923254	false	1.0
schwinden	neg 1.0		neg 0.5391133597169948 off 0.45374265470201663 __DUMMY__ 0.007143985580988542	false	1.0
versklavung	neg 1.0		neg 0.535756900518165 off 0.45718867460690743 __DUMMY__ 0.007054424874927536	false	1.0
schlecht	neg 1.0		neg 0.524307372490877 off 0.46856819747609196 __DUMMY__ 0.007124430033030983	false	1.0
verhasst	neg 1.0		neg 0.5321554735298493 off 0.46073334095199364 __DUMMY__ 0.007111185518157151	false	1.0
beschweren	neg 1.0		neg 0.5300381543967909 off 0.46283469075211314 __DUMMY__ 0.007127154851096072	false	1.0
scheiden	neg 1.0		neg 0.5272025256363991 off 0.4655850186778702 __DUMMY__ 0.007212455685730735	false	1.0
frustriert	neg 1.0		neg 0.5330008120620886 off 0.4598497257980595 __DUMMY__ 0.007149462139851785	false	1.0
schimmelig	neg 1.0		neg 0.5348927034819929 off 0.4579315128833096 __DUMMY__ 0.007175783634697405	false	1.0
fisch	neg 1.0		neg 0.5331910046984507 off 0.4595733997790454 __DUMMY__ 0.007235595522503965	false	1.0
schmuggel	neg 1.0		neg 0.5360426749709559 off 0.45676186856483675 __DUMMY__ 0.007195456464207458	false	1.0
auffallen	neg 1.0		neg 0.5286059455307802 off 0.46425913667059343 __DUMMY__ 0.007134917798626306	false	1.0
konkurrenz	neg 1.0	neg 1.0	neg 0.7554201678709235 off 0.24114888407772625 __DUMMY__ 0.0034309480513503555	false	1.0
teufelskreis	neg 1.0	neg 1.0	neg 0.7533746221555707 off 0.24323146874225313 __DUMMY__ 0.003393909102176204	false	1.0
aufschreien	neg 1.0		neg 0.5306127127553216 off 0.4622835620888998 __DUMMY__ 0.007103725155778575	false	1.0
schuldner	neg 1.0		neg 0.538262988706999 off 0.45458402943723414 __DUMMY__ 0.007152981855766944	false	1.0
missgeburt	off 1.0	off 1.0	off 0.7200928132219935 neg 0.27654419297233723 __DUMMY__ 0.0033629938056692742	false	1.0
arbeitslos	neg 1.0		neg 0.535912767410347 off 0.4569663858322127 __DUMMY__ 0.007120846757440127	false	1.0
befallen	neg 1.0		neg 0.5371189102935844 off 0.45578845958687375 __DUMMY__ 0.0070926301195420064	false	1.0
miesepetrig	off 1.0	off 1.0	off 0.7184347222334706 neg 0.2781688930663706 __DUMMY__ 0.003396384700158773	false	1.0
alarmieren	neg 1.0		neg 0.5293908547301953 off 0.463530504473898 __DUMMY__ 0.007078640795906655	false	1.0
ungeduscht	off 1.0		neg 0.5264704916442053 off 0.46638817617873124 __DUMMY__ 0.0071413321770635385	false	0.5
knappheit	neg 1.0		neg 0.5389475741679403 off 0.4539448018059194 __DUMMY__ 0.007107624026140296	false	1.0
schlange	neg 1.0		neg 0.527037202717765 off 0.4657824441656248 __DUMMY__ 0.007180353116610309	false	1.0
harsch	neg 1.0		neg 0.5194067638301824 off 0.47347687360563045 __DUMMY__ 0.0071163625641870515	false	1.0
lang	neg 1.0		neg 0.5316320604117252 off 0.4612285942459206 __DUMMY__ 0.007139345342354175	false	1.0
ziellos	neg 1.0		neg 0.533188820159848 off 0.4596331825601056 __DUMMY__ 0.007177997280046394	false	1.0
selbstverliebt	neg 1.0		neg 0.5170191942386547 off 0.4759903340280662 __DUMMY__ 0.006990471733279034	false	1.0
beseitigen	neg 1.0	neg 1.0	neg 0.751782585510201 off 0.24479118735550853 __DUMMY__ 0.0034262271342904824	false	1.0
dumm	off 1.0		neg 0.5200561696467052 off 0.4728958361930393 __DUMMY__ 0.007047994160255642	false	0.5
arbeitsloser	neg 1.0		neg 0.5351267528570952 off 0.4577170935356115 __DUMMY__ 0.007156153607293369	false	1.0
blitzen	neg 1.0		neg 0.5289500816205598 off 0.4639326750808575 __DUMMY__ 0.00711724329858261	false	1.0
hilflos	neg 1.0		neg 0.5338420568486866 off 0.4590119594765101 __DUMMY__ 0.0071459836748033	false	1.0
eklig	off 1.0		neg 0.5190290930058499 off 0.4739212049769648 __DUMMY__ 0.007049702017185337	false	0.5
begriff			neg 0.5350697336834412 off 0.4578147704712057 __DUMMY__ 0.0071154958453532235	false	0.0
hungersnot	neg 1.0		neg 0.5346871117791338 off 0.4581749057722157 __DUMMY__ 0.007137982448650678	false	1.0
ungesetzlich	neg 1.0		neg 0.5356924739454453 off 0.45727695862205653 __DUMMY__ 0.007030567432498292	false	1.0
verschwendung	neg 1.0		neg 0.537425946932612 off 0.45542796214657294 __DUMMY__ 0.007146090920815152	false	1.0
schmerzvoll	neg 1.0		neg 0.5297309504768944 off 0.4631356788743569 __DUMMY__ 0.007133370648748778	false	1.0
vorzeitig	neg 1.0		neg 0.5273635515426874 off 0.46549202400132217 __DUMMY__ 0.007144424455990397	false	1.0
unvollkommenheit	neg 1.0		neg 0.5324239240829439 off 0.4603856257412873 __DUMMY__ 0.007190450175768742	false	1.0
intervenieren	neg 1.0		neg 0.5396003923222089 off 0.453282899801811 __DUMMY__ 0.007116707875980064	false	1.0
banause	off 1.0		neg 0.5178296271595609 off 0.47514905326760415 __DUMMY__ 0.007021319572834898	false	0.5
rebell	neg 1.0		neg 0.5400299462200279 off 0.4527920406987335 __DUMMY__ 0.00717801308123863	false	1.0
unlogisch	neg 1.0		neg 0.5231492031333106 off 0.4697677821469132 __DUMMY__ 0.007083014719776188	false	1.0
leiden	neg 1.0		neg 0.5328539435619091 off 0.4599109688900674 __DUMMY__ 0.007235087548023553	false	1.0
abschaffung	neg 1.0		neg 0.5338456177941664 off 0.4590578109089495 __DUMMY__ 0.0070965712968840584	false	1.0
sturz	neg 1.0		neg 0.5310958043680414 off 0.46174711270211893 __DUMMY__ 0.0071570829298395824	false	1.0
verkleinerung	neg 1.0		neg 0.5318557227020868 off 0.46107482672051303 __DUMMY__ 0.007069450577400268	false	1.0
schmarotzer	off 1.0		neg 0.5369696271685418 off 0.4559243221500755 __DUMMY__ 0.0071060506813828	false	0.5
bestrafung	neg 1.0		neg 0.5316474594779882 off 0.4612395709896683 __DUMMY__ 0.007112969532343617	false	1.0
achtlos	neg 1.0		neg 0.530921876032543 off 0.4619166708434554 __DUMMY__ 0.0071614531240015555	false	1.0
ungeheuer	neg 1.0		neg 0.5272466162599277 off 0.46560855314816724 __DUMMY__ 0.007144830591905232	false	1.0
