unsolidarisch	neg 1.0		neg 0.36654628230762626 __DUMMY__ 0.3255607764245593 off 0.30789294126781447	false	1.0
nachteilig	neg 1.0		neg 0.36445496813988243 __DUMMY__ 0.3296731947167407 off 0.3058718371433769	false	1.0
skeptisch	neg 1.0		neg 0.36418921756561007 __DUMMY__ 0.33036505248776826 off 0.3054457299466216	false	1.0
schrecklich	neg 1.0		neg 0.350147607843199 __DUMMY__ 0.32750805903520674 off 0.3223443331215943	false	1.0
schlapp	neg 1.0		neg 0.35280676787024956 __DUMMY__ 0.32934345008243954 off 0.31784978204731096	false	1.0
abfall	neg 1.0		neg 0.36696637799694687 __DUMMY__ 0.33078236393950766 off 0.30225125806354536	false	1.0
widerspenstig	neg 1.0		neg 0.35922458432109405 __DUMMY__ 0.32949330616418016 off 0.31128210951472585	false	1.0
abrupt	neg 1.0		neg 0.36032503957123113 __DUMMY__ 0.3321992752016352 off 0.3074756852271336	false	1.0
unwirksam	neg 1.0		neg 0.3631630000612022 __DUMMY__ 0.3273970820090146 off 0.30943991792978326	false	1.0
angreifen	neg 1.0	neg 1.0	neg 0.6716808332812496 off 0.1688012711186258 __DUMMY__ 0.15951789560012467	false	1.0
inkonsistent	neg 1.0		neg 0.3578792942102086 __DUMMY__ 0.32965515745835816 off 0.31246554833143336	false	1.0
abrutschen	neg 1.0		neg 0.36605668321965845 __DUMMY__ 0.33102561320784796 off 0.3029177035724936	false	1.0
unsicher	neg 1.0		neg 0.3580014747370466 __DUMMY__ 0.33014639161188547 off 0.31185213365106784	false	1.0
bauernkind	off 1.0	off 1.0	off 0.6472040737412533 neg 0.1957064459797055 __DUMMY__ 0.1570894802790411	false	1.0
angreifer	neg 1.0		neg 0.3560197229641203 __DUMMY__ 0.3304151119372897 off 0.31356516509859	false	1.0
trennen	neg 1.0		neg 0.3581623792609329 __DUMMY__ 0.3331795916743023 off 0.3086580290647649	false	1.0
schmutz	neg 1.0		neg 0.3520207173080448 __DUMMY__ 0.33243783488759254 off 0.31554144780436266	false	1.0
inkonsistenz	neg 1.0		neg 0.35858767397819946 __DUMMY__ 0.32678581375080795 off 0.3146265122709926	false	1.0
erschreckend	neg 1.0		neg 0.36143647259831513 __DUMMY__ 0.3290509185948594 off 0.3095126088068255	false	1.0
ertrinken	neg 1.0		neg 0.36089264622235045 __DUMMY__ 0.33115607419636756 off 0.307951279581282	false	1.0
pickelface	off 1.0		neg 0.36158822298722393 __DUMMY__ 0.32966099625717454 off 0.3087507807556016	false	0.5
seiner			neg 0.36216279906024756 __DUMMY__ 0.3312051132775031 off 0.30663208766224936	false	0.0
lauch	neg 1.0		neg 0.36751530673461485 __DUMMY__ 0.330154518659435 off 0.30233017460595024	false	1.0
unwichtig	neg 1.0		neg 0.35588540239456407 __DUMMY__ 0.3278281828431829 off 0.31628641476225294	false	1.0
steuerhinterziehung	neg 1.0		neg 0.3641076198568444 __DUMMY__ 0.3281099554834969 off 0.3077824246596586	false	1.0
schock	neg 1.0		neg 0.35633322391250105 __DUMMY__ 0.33178720234783554 off 0.31187957373966335	false	1.0
beule	neg 1.0		neg 0.3519963753117295 __DUMMY__ 0.32957708143206815 off 0.3184265432562024	false	1.0
vergelten	neg 1.0		neg 0.34883396923683135 __DUMMY__ 0.32939708011221247 off 0.32176895065095623	false	1.0
verdorbenheit	neg 1.0		neg 0.35740414684503996 __DUMMY__ 0.3309069910349951 off 0.3116888621199649	false	1.0
trauma	neg 1.0		neg 0.3584217980131115 __DUMMY__ 0.3292506055040589 off 0.3123275964828295	false	1.0
sinnlos	neg 1.0		neg 0.3557822086742955 __DUMMY__ 0.32971385070453724 off 0.3145039406211673	false	1.0
fettsack	off 1.0	off 1.0	off 0.6489034771096478 neg 0.19337688346979975 __DUMMY__ 0.15771963942055253	false	1.0
feige	off 1.0	off 1.0	off 0.644902355561045 neg 0.1973131605613162 __DUMMY__ 0.15778448387763874	false	1.0
abdanken	neg 1.0		neg 0.3625884692159118 __DUMMY__ 0.32832694424995645 off 0.30908458653413173	false	1.0
wichtigtuer	off 1.0	off 1.0	off 0.6431972231023321 neg 0.19838877925422765 __DUMMY__ 0.15841399764344039	false	1.0
misslingen	neg 1.0		neg 0.3535131908916182 __DUMMY__ 0.3321357830218993 off 0.3143510260864824	false	1.0
untreu	off 1.0		neg 0.35527245172827876 __DUMMY__ 0.3272737889120113 off 0.3174537593597099	false	0.5
missmutig	neg 1.0		neg 0.35492237021062917 __DUMMY__ 0.32834676951445513 off 0.31673086027491576	false	1.0
hurenbock	off 1.0		neg 0.35610214446601657 __DUMMY__ 0.3303244276375068 off 0.3135734278964766	false	0.5
betrunken	neg 1.0		neg 0.34943139281911095 __DUMMY__ 0.3294591571994316 off 0.3211094499814576	false	1.0
korrupt	off 1.0		neg 0.36746674990037637 __DUMMY__ 0.32669467882794156 off 0.3058385712716822	false	0.5
unmut	neg 1.0		neg 0.36700189032240393 __DUMMY__ 0.33063511469268486 off 0.3023629949849111	false	1.0
hackfresse	off 1.0		neg 0.3488180304987709 __DUMMY__ 0.32572069611367305 off 0.32546127338755604	false	0.5
aufblasen	neg 1.0		neg 0.3553741151283228 __DUMMY__ 0.33064246309258244 off 0.3139834217790946	false	1.0
gewaltsam	neg 1.0		neg 0.3597859482317781 __DUMMY__ 0.32990019234686063 off 0.3103138594213612	false	1.0
unbeliebtheit	neg 1.0		neg 0.3624558637362025 __DUMMY__ 0.3244778769761794 off 0.3130662592876182	false	1.0
sturheit	neg 1.0		neg 0.3624675631755175 __DUMMY__ 0.32850829822013 off 0.3090241386043525	false	1.0
kuh	neg 1.0		neg 0.3604271040338076 __DUMMY__ 0.3283656458265057 off 0.3112072501396867	false	1.0
erschrecken	neg 1.0		neg 0.354381628504334 __DUMMY__ 0.3291554114404897 off 0.3164629600551762	false	1.0
opfer	neg 1.0		neg 0.36209012871734364 __DUMMY__ 0.33043243648906906 off 0.3074774347935874	false	1.0
sinken	neg 1.0		neg 0.3650443873934731 __DUMMY__ 0.33131996944459374 off 0.3036356431619331	false	1.0
stinktier	neg 1.0		neg 0.35169953915309005 __DUMMY__ 0.3262425072275579 off 0.3220579536193522	false	1.0
tucke	off 1.0		neg 0.3521445337571403 off 0.3243809811360125 __DUMMY__ 0.32347448510684723	false	0.5
ein			neg 0.3557640968782932 __DUMMY__ 0.3308891985531622 off 0.3133467045685447	false	0.0
abstieg	neg 1.0		neg 0.3603670179439015 __DUMMY__ 0.3320451534836865 off 0.3075878285724121	false	1.0
missverstehen	neg 1.0		neg 0.3587680515616469 __DUMMY__ 0.3278464514911787 off 0.31338549694717444	false	1.0
ergebnislos	neg 1.0		neg 0.3632279172545121 __DUMMY__ 0.33049563382704156 off 0.3062764489184463	false	1.0
unter			neg 0.3643711044164952 __DUMMY__ 0.3352371064152362 off 0.3003917891682686	false	0.0
manipulieren	neg 1.0		neg 0.3652827626550109 __DUMMY__ 0.3297313749532088 off 0.30498586239178016	false	1.0
unbewiesen	neg 1.0		neg 0.36717765309561495 __DUMMY__ 0.3250113993121112 off 0.30781094759227384	false	1.0
verschleppen	neg 1.0		neg 0.36255453765357903 __DUMMY__ 0.3297271006391652 off 0.3077183617072557	false	1.0
weib	off 1.0		neg 0.3490112236648295 __DUMMY__ 0.3256455739499807 off 0.32534320238518977	false	0.5
opposition	neg 1.0		neg 0.3597982088474634 __DUMMY__ 0.3279345249502381 off 0.3122672662022985	false	1.0
verkehrswidrig	neg 1.0	neg 1.0	neg 0.6599266270619768 off 0.1792744638884062 __DUMMY__ 0.16079890904961697	false	1.0
inkorrekt	neg 1.0		neg 0.3576526953289151 __DUMMY__ 0.3250705933066348 off 0.3172767113644502	false	1.0
vermeiden	neg 1.0		neg 0.36628473303858866 __DUMMY__ 0.3325227266878606 off 0.3011925402735509	false	1.0
abweichung	neg 1.0		neg 0.3633452816122808 __DUMMY__ 0.33007351741385255 off 0.30658120097386665	false	1.0
alkoholisiert	neg 1.0		neg 0.3566645804579767 __DUMMY__ 0.3345137329445588 off 0.30882168659746445	false	1.0
scheiss	off 1.0	off 1.0	off 0.6460583723294835 neg 0.19493709751048616 __DUMMY__ 0.15900453016003038	false	1.0
herausforderung	neg 1.0	neg 1.0	neg 0.6668526359006165 off 0.17084526632975328 __DUMMY__ 0.16230209776963028	false	1.0
pervers	off 1.0		neg 0.3460966089749577 off 0.3289244717135949 __DUMMY__ 0.32497891931144735	false	0.5
wackelig	neg 1.0		neg 0.35656429585453603 __DUMMY__ 0.3328000715600033 off 0.31063563258546073	false	1.0
verwickeln	neg 1.0		neg 0.35918502309744943 __DUMMY__ 0.3277003174603052 off 0.31311465944224537	false	1.0
vorwand	neg 1.0		neg 0.36518659511900925 __DUMMY__ 0.33033862674350717 off 0.3044747781374836	false	1.0
muschi	off 1.0		neg 0.3607535709273681 __DUMMY__ 0.3298232588581243 off 0.30942317021450766	false	0.5
entmutigung	neg 1.0		neg 0.36169966308946694 __DUMMY__ 0.32712688078665303 off 0.31117345612388014	false	1.0
unangemessen	neg 1.0		neg 0.3630501846478922 __DUMMY__ 0.32876297739399357 off 0.3081868379581143	false	1.0
unstetig	neg 1.0		neg 0.3559093883277329 __DUMMY__ 0.3306862835261556 off 0.3134043281461114	false	1.0
entmutigen	neg 1.0		neg 0.35803342085124124 __DUMMY__ 0.329192091778183 off 0.31277448737057584	false	1.0
schwanz	neg 1.0		neg 0.362627710942292 __DUMMY__ 0.3310012688705277 off 0.3063710201871802	false	1.0
verbot	neg 1.0		neg 0.36484967898778303 __DUMMY__ 0.3283798548525464 off 0.30677046615967046	false	1.0
leid	neg 1.0		neg 0.34931260395092695 __DUMMY__ 0.3271487982121158 off 0.32353859783695715	false	1.0
archaisch	neg 1.0		neg 0.3617949316040671 __DUMMY__ 0.32958152403730606 off 0.30862354435862677	false	1.0
gegen			neg 0.3631800754426477 __DUMMY__ 0.3319714189838194 off 0.3048485055735331	false	0.0
scheidung	neg 1.0		neg 0.34147665399062316 off 0.33334136259437014 __DUMMY__ 0.32518198341500676	false	1.0
einschlag	neg 1.0	neg 1.0	neg 0.6635805322506836 off 0.1775267338476596 __DUMMY__ 0.1588927339016568	false	1.0
m			neg 0.35923083034882297 __DUMMY__ 0.3311693757337665 off 0.30959979391741055	false	0.0
abgestanden	neg 1.0		neg 0.35596039212819913 __DUMMY__ 0.3308117210802239 off 0.31322788679157715	false	1.0
schmierig	off 1.0		neg 0.349524282625664 __DUMMY__ 0.3274037514619133 off 0.32307196591242276	false	0.5
unpraktisch	neg 1.0		neg 0.3545044041513499 __DUMMY__ 0.3313884323851116 off 0.3141071634635385	false	1.0
wixxer	off 1.0		neg 0.347016174139592 off 0.3283676505981964 __DUMMY__ 0.3246161752622117	false	0.5
bezeichnet			neg 0.36108921458741033 __DUMMY__ 0.32880192039446093 off 0.3101088650181287	false	0.0
jammerlappen	off 1.0		neg 0.35543287990162653 __DUMMY__ 0.327977147141102 off 0.31658997295727154	false	0.5
farce	neg 1.0		neg 0.36484656573449104 __DUMMY__ 0.32779094634529254 off 0.30736248792021637	false	1.0
zwecklos	neg 1.0		neg 0.3628973258477116 __DUMMY__ 0.328895903316847 off 0.3082067708354414	false	1.0
turbulent	neg 1.0		neg 0.3559784391536213 __DUMMY__ 0.3273340859204716 off 0.31668747492590704	false	1.0
invasion	neg 1.0		neg 0.3555891501622705 __DUMMY__ 0.3297609115696347 off 0.31464993826809473	false	1.0
schuld	neg 1.0		neg 0.35902415032806617 __DUMMY__ 0.3289576584331663 off 0.31201819123876756	false	1.0
risiko	neg 1.0		neg 0.3573928795396248 __DUMMY__ 0.33038098975237445 off 0.3122261307080007	false	1.0
finster	neg 1.0		neg 0.35658886255985 __DUMMY__ 0.3302546837408844 off 0.3131564536992657	false	1.0
geisteskrank	off 1.0		neg 0.35600082686467965 __DUMMY__ 0.32640671385969966 off 0.3175924592756207	false	0.5
zusammenbrechen	neg 1.0		neg 0.3593682108060891 __DUMMY__ 0.33049666706212827 off 0.31013512213178257	false	1.0
ausbeute	neg 1.0		neg 0.35858546964943633 __DUMMY__ 0.33325091898832293 off 0.3081636113622408	false	1.0
hinterhalt	neg 1.0		neg 0.3581182136128411 __DUMMY__ 0.3315620182870492 off 0.31031976810010964	false	1.0
kritik	neg 1.0		neg 0.3646527145348832 __DUMMY__ 0.3280271298665215 off 0.30732015559859516	false	1.0
einschrumpfen	neg 1.0		neg 0.35980747857674605 __DUMMY__ 0.3269457436451544 off 0.31324677777809967	false	1.0
riskant	neg 1.0		neg 0.36369811069158725 __DUMMY__ 0.32968436061258866 off 0.30661752869582404	false	1.0
frustrieren	neg 1.0		neg 0.36270314953938365 __DUMMY__ 0.3301004313690419 off 0.3071964190915744	false	1.0
groll	neg 1.0		neg 0.36191437265030446 __DUMMY__ 0.32966901792745024 off 0.3084166094222453	false	1.0
gibt			neg 0.3605825061005712 __DUMMY__ 0.33006350241750637 off 0.3093539914819225	false	0.0
qualvoll	neg 1.0		neg 0.3545314869856888 __DUMMY__ 0.32965999039403804 off 0.31580852262027304	false	1.0
wackeln	neg 1.0	neg 1.0	neg 0.6661007220792723 off 0.17342643806487112 __DUMMY__ 0.16047283985585653	false	1.0
klagen	neg 1.0		neg 0.3656483723935335 __DUMMY__ 0.33102596915558724 off 0.3033256584508792	false	1.0
bankrott	neg 1.0		neg 0.35482111629746055 __DUMMY__ 0.3290946867861363 off 0.3160841969164031	false	1.0
trauern	neg 1.0		neg 0.3607315153969717 __DUMMY__ 0.3313469742322911 off 0.30792151037073734	false	1.0
ablehnung	neg 1.0		neg 0.36434003298204676 __DUMMY__ 0.32816361623841656 off 0.30749635077953674	false	1.0
stur	neg 1.0		neg 0.3589272803595678 __DUMMY__ 0.32856709879858564 off 0.3125056208418467	false	1.0
aufruhr	neg 1.0		neg 0.3599409824715906 __DUMMY__ 0.32987272047599314 off 0.3101862970524162	false	1.0
melancholie	neg 1.0		neg 0.35911628262487444 __DUMMY__ 0.33139038018504857 off 0.3094933371900768	false	1.0
ist			neg 0.35683733410870433 __DUMMY__ 0.32951759821098686 off 0.31364506768030875	false	0.0
torheit	neg 1.0		neg 0.3620264369060899 __DUMMY__ 0.3274169101110634 off 0.31055665298284685	false	1.0
dreckskind	off 1.0		neg 0.3508000503853233 __DUMMY__ 0.3257519391313893 off 0.32344801048328736	false	0.5
umtauschen	neg 1.0		neg 0.3575843312965287 __DUMMY__ 0.3307243840288292 off 0.311691284674642	false	1.0
zum			neg 0.3601192267856216 __DUMMY__ 0.33586676747758415 off 0.3040140057367944	false	0.0
zersetzen	neg 1.0		neg 0.36659159744642633 __DUMMY__ 0.3290547209159897 off 0.30435368163758386	false	1.0
zur			neg 0.36503525768292616 __DUMMY__ 0.3336004946442289 off 0.3013642476728449	false	0.0
frust	neg 1.0		neg 0.359433608899525 __DUMMY__ 0.3305793080461082 off 0.3099870830543668	false	1.0
unerbittlichkeit	neg 1.0		neg 0.36554703578713704 __DUMMY__ 0.32954848042223583 off 0.30490448379062707	false	1.0
zwei			neg 0.359599240656555 __DUMMY__ 0.3346053968532824 off 0.3057953624901626	false	0.0
unkorrekt	neg 1.0		neg 0.35675080785660956 __DUMMY__ 0.32515431538964 off 0.31809487675375053	false	1.0
hexe	off 1.0		neg 0.354014305229904 __DUMMY__ 0.32826469063229324 off 0.3177210041378026	false	0.5
lasch	neg 1.0		neg 0.35861368554586154 __DUMMY__ 0.32709162849099915 off 0.3142946859631394	false	1.0
rivale	neg 1.0		neg 0.35183981515519436 __DUMMY__ 0.32804070231950005 off 0.32011948252530564	false	1.0
mutlos	off 1.0	off 1.0	off 0.6389292157446195 neg 0.20234494161789052 __DUMMY__ 0.15872584263749004	false	1.0
wirr	off 1.0		neg 0.35575878404608763 __DUMMY__ 0.32549627990339797 off 0.3187449360505145	false	0.5
jahr			neg 0.35828961563494116 __DUMMY__ 0.3340457424691713 off 0.3076646418958877	false	0.0
wird			neg 0.36081613686482406 __DUMMY__ 0.33089498779047277 off 0.30828887534470334	false	0.0
strafbar	neg 1.0		neg 0.36445830846140737 __DUMMY__ 0.3291918098272607 off 0.306349881711332	false	1.0
erosion	neg 1.0		neg 0.3569262339391233 __DUMMY__ 0.3303973291757816 off 0.31267643688509494	false	1.0
eingehen	neg 1.0		neg 0.36400739649059394 __DUMMY__ 0.32878423164923865 off 0.3072083718601674	false	1.0
faul	off 1.0		neg 0.35330545439112543 __DUMMY__ 0.32969769680774186 off 0.3169968488011327	false	0.5
provisorium	neg 1.0		neg 0.3666201584280372 __DUMMY__ 0.3341621481230192 off 0.29921769344894367	false	1.0
schmerzen	neg 1.0		neg 0.3581496976446537 __DUMMY__ 0.33015045648808994 off 0.3116998458672563	false	1.0
schrumpfen	neg 1.0		neg 0.3688383451126996 __DUMMY__ 0.3311710575041104 off 0.2999905973831899	false	1.0
geistlos	off 1.0		neg 0.36348998400595567 __DUMMY__ 0.32521441459590233 off 0.31129560139814216	false	0.5
fehlkauf	neg 1.0		neg 0.35862081364993326 __DUMMY__ 0.32857752919039784 off 0.31280165715966884	false	1.0
frustrierend	neg 1.0		neg 0.3535284896117271 __DUMMY__ 0.32975336479529854 off 0.3167181455929743	false	1.0
unzufrieden	neg 1.0		neg 0.36254141461108835 __DUMMY__ 0.3291904673458148 off 0.30826811804309673	false	1.0
verzweifeln	neg 1.0		neg 0.3590589244724659 __DUMMY__ 0.3299476398911303 off 0.3109934356364038	false	1.0
verzweifelt	neg 1.0		neg 0.3582917876627765 __DUMMY__ 0.32886438014920366 off 0.31284383218802003	false	1.0
misstrauensantrag	neg 1.0		neg 0.3580335103704235 __DUMMY__ 0.32846347963993666 off 0.31350300998963987	false	1.0
abfallen	neg 1.0		neg 0.3546699270314346 __DUMMY__ 0.33111159347438784 off 0.3142184794941775	false	1.0
fucker	off 1.0		neg 0.3541933207467573 __DUMMY__ 0.327127138522538 off 0.3186795407307046	false	0.5
ungezogen	neg 1.0		neg 0.3461654101411314 off 0.32767256592681254 __DUMMY__ 0.3261620239320561	false	1.0
irrsinnig	neg 1.0	neg 1.0	neg 0.6685280514528613 off 0.17260234393061868 __DUMMY__ 0.15886960461651992	false	1.0
unfassbar	neg 1.0		neg 0.3545540892568666 __DUMMY__ 0.32791977175322606 off 0.3175261389899073	false	1.0
hart	neg 1.0		neg 0.35574201380125725 __DUMMY__ 0.32884553433334535 off 0.31541245186539735	false	1.0
widerlich	off 1.0		neg 0.35593995169823156 __DUMMY__ 0.32647982294940925 off 0.31758022535235925	false	0.5
fatal	neg 1.0		neg 0.3578593938607026 __DUMMY__ 0.3287914193274551 off 0.3133491868118423	false	1.0
bruch	neg 1.0		neg 0.3662275272718826 __DUMMY__ 0.33055998666246766 off 0.30321248606564977	false	1.0
aushungern	neg 1.0		neg 0.36397531018647694 __DUMMY__ 0.3277442372887693 off 0.30828045252475383	false	1.0
anspannung	neg 1.0	neg 1.0	neg 0.6695389714727732 off 0.16793244182822045 __DUMMY__ 0.16252858669900624	false	1.0
von			neg 0.3594634444371153 __DUMMY__ 0.3338872789664524 off 0.3066492765964322	false	0.0
kraftlos	neg 1.0		neg 0.3580100866699139 __DUMMY__ 0.331721920979419 off 0.310267992350667	false	1.0
vom			neg 0.3626473059077111 __DUMMY__ 0.33592522746128695 off 0.30142746663100184	false	0.0
grenzdebil	off 1.0		neg 0.3531307156789624 __DUMMY__ 0.32798900047366203 off 0.31888028384737555	false	0.5
vor			neg 0.3624471223975697 __DUMMY__ 0.33186359586981545 off 0.3056892817326148	false	0.0
unterwerfen	neg 1.0		neg 0.36358937234498295 __DUMMY__ 0.3298032330983383 off 0.3066073945566788	false	1.0
versenkung	neg 1.0		neg 0.363169566204863 __DUMMY__ 0.33023918181578166 off 0.30659125197935533	false	1.0
entziehen	neg 1.0		neg 0.36533750641356527 __DUMMY__ 0.3307496125325272 off 0.30391288105390757	false	1.0
finanzkrise	neg 1.0		neg 0.36381310994384836 __DUMMY__ 0.32770393919112906 off 0.3084829508650225	false	1.0
schimpfend	neg 1.0		neg 0.3545283657517455 __DUMMY__ 0.33136581776081775 off 0.3141058164874368	false	1.0
profan	neg 1.0		neg 0.35626103445649 __DUMMY__ 0.32900027488200545 off 0.31473869066150456	false	1.0
korruption	neg 1.0	neg 1.0	neg 0.6719746031630179 off 0.16944380197835807 __DUMMY__ 0.158581594858624	false	1.0
â			neg 0.3611250876864608 __DUMMY__ 0.3308742809879252 off 0.30800063132561406	false	0.0
schmutzig	neg 1.0		neg 0.35299346941899257 __DUMMY__ 0.3284910609966874 off 0.31851546958432	false	1.0
sexy	neg 1.0		neg 0.35587580748006253 __DUMMY__ 0.3288086131197826 off 0.31531557940015487	false	1.0
abraten	neg 1.0		neg 0.35680567998713353 __DUMMY__ 0.329423528048998 off 0.31377079196386853	false	1.0
schwarz	neg 1.0		neg 0.35881580837597227 __DUMMY__ 0.3286809905703345 off 0.3125032010536932	false	1.0
fotze	off 1.0		neg 0.36301953672067905 __DUMMY__ 0.33008453532994314 off 0.3068959279493778	false	0.5
verwirren	neg 1.0		neg 0.35592094178021744 __DUMMY__ 0.32904176789576733 off 0.31503729032401523	false	1.0
zahnlos	off 1.0		neg 0.362798080363999 __DUMMY__ 0.32902531477074753 off 0.3081766048652534	false	0.5
verheeren	neg 1.0		neg 0.3448828507250268 off 0.32882367248870303 __DUMMY__ 0.3262934767862701	false	1.0
hippie	neg 1.0		neg 0.3569216693269902 __DUMMY__ 0.32858472498887303 off 0.3144936056841367	false	1.0
rammen	neg 1.0		neg 0.3583673823450193 __DUMMY__ 0.32936589145058465 off 0.31226672620439605	false	1.0
unlauter	neg 1.0		neg 0.36370239676833643 __DUMMY__ 0.32659023173808815 off 0.30970737149357536	false	1.0
unheilvoll	neg 1.0		neg 0.35396978164591636 __DUMMY__ 0.3307363047445116 off 0.3152939136095721	false	1.0
niedrig	neg 1.0		neg 0.36254117391296314 __DUMMY__ 0.33099665005806966 off 0.30646217602896714	false	1.0
explosion	neg 1.0		neg 0.3578254512919167 __DUMMY__ 0.3284560600171384 off 0.3137184886909449	false	1.0
weichei	off 1.0		neg 0.34995425797942986 __DUMMY__ 0.32615739075708694 off 0.32388835126348325	false	0.5
minusmensch	off 1.0		neg 0.3510324661493968 off 0.3259971973470874 __DUMMY__ 0.32297033650351564	false	0.5
farblos	neg 1.0		neg 0.35513110432782036 __DUMMY__ 0.3326259733165329 off 0.3122429223556467	false	1.0
unwissend	neg 1.0	neg 1.0	neg 0.6665859505513005 off 0.17519030715377404 __DUMMY__ 0.15822374229492542	false	1.0
traurig	neg 1.0		neg 0.3507569342466347 __DUMMY__ 0.32792065048404195 off 0.3213224152693232	false	1.0
senkung	neg 1.0		neg 0.35929063374335923 __DUMMY__ 0.32740695860667957 off 0.31330240764996115	false	1.0
ungleich	neg 1.0	neg 1.0	neg 0.6724342043504601 off 0.16873568223724053 __DUMMY__ 0.15883011341229927	false	1.0
heikel	neg 1.0		neg 0.36511147489466267 __DUMMY__ 0.3297288012290692 off 0.3051597238762683	false	1.0
drosselung	neg 1.0		neg 0.3529814182293213 __DUMMY__ 0.32846051455042524 off 0.31855806722025354	false	1.0
falsch	neg 1.0		neg 0.35497332737102655 __DUMMY__ 0.3287471591695375 off 0.31627951345943606	false	1.0
unzufriedenheit	neg 1.0		neg 0.36575488638171777 __DUMMY__ 0.32982668726842274 off 0.30441842634985955	false	1.0
kurz	neg 1.0		neg 0.3570022964883012 __DUMMY__ 0.3319148391691295 off 0.31108286434256943	false	1.0
unsinnig	neg 1.0		neg 0.3634139192149128 __DUMMY__ 0.32830352980291116 off 0.3082825509821761	false	1.0
penner	off 1.0	off 1.0	off 0.6503622649659594 neg 0.192343584266084 __DUMMY__ 0.15729415076795647	false	1.0
seicht	neg 1.0		neg 0.3500387513557855 off 0.3258777812889404 __DUMMY__ 0.32408346735527427	false	1.0
dummheit	off 1.0	off 1.0	off 0.6433047003504094 neg 0.19847722237855792 __DUMMY__ 0.15821807727103274	false	1.0
unerfreulich	neg 1.0		neg 0.36396458323184777 __DUMMY__ 0.33106434842298277 off 0.30497106834516946	false	1.0
motherfucker	off 1.0	off 1.0	off 0.6460123906427934 neg 0.19623952184871069 __DUMMY__ 0.15774808750849587	false	1.0
pikiert	neg 1.0		neg 0.3573542640611024 __DUMMY__ 0.3264801473971939 off 0.31616558854170385	false	1.0
wrack	neg 1.0		neg 0.3587842414021468 __DUMMY__ 0.3326968724231508 off 0.3085188861747024	false	1.0
gangster	neg 1.0		neg 0.3565321087223176 __DUMMY__ 0.3290697381063435 off 0.31439815317133896	false	1.0
krank	neg 1.0		neg 0.35127412291208754 __DUMMY__ 0.3288777668391482 off 0.3198481102487642	false	1.0
reich	neg 1.0		neg 0.35748190868452756 __DUMMY__ 0.32732363814557264 off 0.31519445316989975	false	1.0
gnadenlos	neg 1.0		neg 0.3583456563223621 __DUMMY__ 0.32933509538734745 off 0.31231924829029045	false	1.0
niedergeschlagen	neg 1.0		neg 0.35831538903221155 __DUMMY__ 0.3309902641958431 off 0.3106943467719453	false	1.0
terrorisieren	off 1.0	off 1.0	off 0.6398517000751268 neg 0.20055783562181526 __DUMMY__ 0.1595904643030579	false	1.0
sinnlosigkeit	neg 1.0		neg 0.36224567738404995 __DUMMY__ 0.32925065855074487 off 0.3085036640652052	false	1.0
behindern	neg 1.0		neg 0.3608876368711094 __DUMMY__ 0.329143762512373 off 0.30996860061651765	false	1.0
undemokratisch	neg 1.0		neg 0.36210150228352717 __DUMMY__ 0.32732926537560847 off 0.31056923234086437	false	1.0
wirtschaftskrise	neg 1.0		neg 0.36466988767771796 __DUMMY__ 0.32888446913298197 off 0.30644564318929995	false	1.0
neid	neg 1.0		neg 0.35190199065077843 __DUMMY__ 0.33008051782093956 off 0.3180174915282821	false	1.0
rutschen	neg 1.0	neg 1.0	neg 0.6682757012907938 off 0.16924893575721914 __DUMMY__ 0.162475362951987	false	1.0
rezession	neg 1.0		neg 0.3541215397761653 __DUMMY__ 0.32547576041022475 off 0.32040269981360997	false	1.0
fehlgeburt	neg 1.0		neg 0.35476273381675405 __DUMMY__ 0.3305196625254931 off 0.31471760365775286	false	1.0
charakterschwach	off 1.0		neg 0.3546315390675041 __DUMMY__ 0.32747775065408496 off 0.3178907102784109	false	0.5
isolation	neg 1.0		neg 0.3536531901506835 __DUMMY__ 0.3296966557168742 off 0.3166501541324423	false	1.0
ablenkung	neg 1.0		neg 0.35796636875360566 __DUMMY__ 0.3299599249171377 off 0.3120737063292568	false	1.0
pech	neg 1.0		neg 0.3538365376079612 __DUMMY__ 0.3296169413584764 off 0.31654652103356234	false	1.0
vermeidung	neg 1.0		neg 0.3549740206958329 __DUMMY__ 0.3271219606958373 off 0.3179040186083298	false	1.0
dominieren	neg 1.0		neg 0.3593762148206684 __DUMMY__ 0.331937485831744 off 0.30868629934758757	false	1.0
schwindlig	neg 1.0		neg 0.3525251971234516 __DUMMY__ 0.3313856610504613 off 0.31608914182608727	false	1.0
lutscher	neg 1.0		neg 0.3481691206568659 off 0.3272037835796068 __DUMMY__ 0.32462709576352716	false	1.0
pflicht	neg 1.0		neg 0.3648991666573767 __DUMMY__ 0.3299754667492519 off 0.30512536659337147	false	1.0
faschist	off 1.0		neg 0.3606794783735856 __DUMMY__ 0.32655116338266893 off 0.3127693582437454	false	0.5
verschleudern	neg 1.0		neg 0.3683378992843906 __DUMMY__ 0.3273658731597826 off 0.30429622755582664	false	1.0
wenn			neg 0.3548296565667129 __DUMMY__ 0.3286716995179104 off 0.3164986439153769	false	0.0
ehebruch	neg 1.0		neg 0.36430643714879224 __DUMMY__ 0.32900675662485585 off 0.30668680622635197	false	1.0
spott	off 1.0		neg 0.3653769509015722 __DUMMY__ 0.3287835898150917 off 0.30583945928333617	false	0.5
trostlosigkeit	neg 1.0		neg 0.3651414795405531 __DUMMY__ 0.3306941607184331 off 0.30416435974101386	false	1.0
lutschen	neg 1.0		neg 0.3583358347321164 __DUMMY__ 0.32812846981467897 off 0.3135356954532046	false	1.0
undiszipliniert	neg 1.0		neg 0.3517022092131386 __DUMMY__ 0.328021746105858 off 0.32027604468100335	false	1.0
kopfschmerz	neg 1.0		neg 0.3579044777986893 __DUMMY__ 0.33129061208943617 off 0.3108049101118744	false	1.0
unvorhergesehen	neg 1.0		neg 0.3570450499923087 __DUMMY__ 0.33344562711792464 off 0.30950932288976674	false	1.0
desinteressiert	neg 1.0		neg 0.3535220857711684 __DUMMY__ 0.32710038143668585 off 0.31937753279214576	false	1.0
armselig	off 1.0		neg 0.35519859214673805 __DUMMY__ 0.3254685251841562 off 0.31933288266910587	false	0.5
desaster	neg 1.0		neg 0.36717684921085414 __DUMMY__ 0.3304187733559827 off 0.30240437743316306	false	1.0
tod	neg 1.0		neg 0.3596366175403497 __DUMMY__ 0.331667195877478 off 0.30869618658217224	false	1.0
herzlos	neg 1.0		neg 0.35244856686928355 __DUMMY__ 0.3266362961184623 off 0.3209151370122541	false	1.0
unwissenheit	neg 1.0		neg 0.36503213762198616 __DUMMY__ 0.3278726237537361 off 0.3070952386242777	false	1.0
widersinnig	neg 1.0	neg 1.0	neg 0.6721748943189112 off 0.16978197159465505 __DUMMY__ 0.15804313408643375	false	1.0
bedenklich	neg 1.0		neg 0.3642276236983566 __DUMMY__ 0.3291891944273493 off 0.3065831818742942	false	1.0
beanstanden	neg 1.0		neg 0.36432409074410377 __DUMMY__ 0.33073587419256123 off 0.30494003506333495	false	1.0
panisch	neg 1.0	neg 1.0	neg 0.6641427416315114 off 0.17514553801321056 __DUMMY__ 0.16071172035527798	false	1.0
debil	off 1.0		neg 0.36766561268122305 __DUMMY__ 0.33243340056928383 off 0.29990098674949306	false	0.5
abstrich	neg 1.0		neg 0.3624320224168096 __DUMMY__ 0.32986989625175867 off 0.3076980813314317	false	1.0
primitiv	neg 1.0		neg 0.3552589749329611 __DUMMY__ 0.3265565543762232 off 0.3181844706908158	false	1.0
abschaum	off 1.0	off 1.0	off 0.64467112904055 neg 0.19733428924840268 __DUMMY__ 0.15799458171104733	false	1.0
provozieren	neg 1.0		neg 0.3599497390311226 __DUMMY__ 0.3285543988565677 off 0.3114958621123096	false	1.0
tot	neg 1.0		neg 0.36202200830943293 __DUMMY__ 0.33067674979706596 off 0.30730124189350105	false	1.0
instabil	neg 1.0		neg 0.3564388219362345 __DUMMY__ 0.326016159871154 off 0.31754501819261144	false	1.0
schwuchtel	off 1.0		neg 0.34486364100225403 off 0.3319270405492716 __DUMMY__ 0.32320931844847434	false	0.5
zerren	neg 1.0		neg 0.35791845129609334 __DUMMY__ 0.33114295972789065 off 0.310938588976016	false	1.0
kinderficker	off 1.0		neg 0.35362716842670355 __DUMMY__ 0.3245852690114122 off 0.3217875625618843	false	0.5
gefahr	neg 1.0		neg 0.363729235841086 __DUMMY__ 0.33087543584715456 off 0.30539532831175953	false	1.0
rabiat	neg 1.0		neg 0.360746552916576 __DUMMY__ 0.32859078939030845 off 0.3106626576931156	false	1.0
verlangsamung	neg 1.0		neg 0.3507149890245932 __DUMMY__ 0.3249822510161258 off 0.32430275995928093	false	1.0
ausgestorben	neg 1.0		neg 0.3583105562385647 __DUMMY__ 0.3304306245634206 off 0.31125881919801474	false	1.0
anklagen	neg 1.0		neg 0.36230598872949077 __DUMMY__ 0.32905845703992254 off 0.30863555423058675	false	1.0
trott	neg 1.0		neg 0.358506273314485 __DUMMY__ 0.33034370104741684 off 0.3111500256380982	false	1.0
verminderung	neg 1.0		neg 0.35422871367104697 __DUMMY__ 0.32696828269873024 off 0.3188030036302226	false	1.0
nach			neg 0.3596032063555262 __DUMMY__ 0.33586246350027976 off 0.30453433014419407	false	0.0
rost	neg 1.0		neg 0.35180628366904926 __DUMMY__ 0.32529889387987515 off 0.32289482245107565	false	1.0
destruktiv	neg 1.0		neg 0.3633285311553714 __DUMMY__ 0.32747919105573625 off 0.3091922777888924	false	1.0
unzumutbarkeit	neg 1.0		neg 0.3527137834152086 __DUMMY__ 0.3296434295604302 off 0.31764278702436116	false	1.0
labil	off 1.0	off 1.0	off 0.6448210295883947 neg 0.19690545418625358 __DUMMY__ 0.15827351622535166	false	1.0
ziemlich	neg 1.0		neg 0.35206832899888724 __DUMMY__ 0.3290116048825167 off 0.31892006611859597	false	1.0
lachnummer	off 1.0		neg 0.3607180530732872 __DUMMY__ 0.32879398524799935 off 0.31048796167871345	false	0.5
oder			neg 0.35605706709075313 __DUMMY__ 0.3310295561031369 off 0.31291337680611	false	0.0
verfall	neg 1.0		neg 0.3689132697536339 __DUMMY__ 0.33111775004150973 off 0.29996898020485635	false	1.0
ausgrenzung	neg 1.0		neg 0.3619203353184915 __DUMMY__ 0.3269150622648434 off 0.3111646024166651	false	1.0
unordnung	neg 1.0		neg 0.3517161482283899 __DUMMY__ 0.3296287040967223 off 0.3186551476748877	false	1.0
fehlverhalten	neg 1.0		neg 0.3651823650315708 __DUMMY__ 0.32959706947945816 off 0.3052205654889709	false	1.0
eine			neg 0.36341721265850474 __DUMMY__ 0.33104839241518236 off 0.305534394926313	false	0.0
nille	neg 1.0		neg 0.35996736066583 __DUMMY__ 0.329951226644448 off 0.310081412689722	false	1.0
qual	neg 1.0		neg 0.3592953978190721 __DUMMY__ 0.3300465657762403 off 0.31065803640468753	false	1.0
verschwenden	neg 1.0		neg 0.362989802439509 __DUMMY__ 0.3295338675191668 off 0.30747633004132424	false	1.0
riesig	neg 1.0	neg 1.0	neg 0.668742340927428 off 0.17064508498082304 __DUMMY__ 0.16061257409174895	false	1.0
verurteilen	neg 1.0		neg 0.36376939741438397 __DUMMY__ 0.3285929346734305 off 0.3076376679121856	false	1.0
klischee	neg 1.0	neg 1.0	neg 0.6681343226819738 off 0.17383472249760842 __DUMMY__ 0.1580309548204179	false	1.0
diktatorisch	neg 1.0		neg 0.36348963276900825 __DUMMY__ 0.32616435949370987 off 0.3103460077372817	false	1.0
vorhersehbar	neg 1.0	neg 1.0	neg 0.6679180452493115 off 0.17364717643778554 __DUMMY__ 0.158434778312903	false	1.0
sowie			neg 0.3513528549362777 __DUMMY__ 0.32588191559067414 off 0.32276522947304825	false	0.0
stornieren	neg 1.0		neg 0.3523896082393893 __DUMMY__ 0.33281760724457893 off 0.3147927845160317	false	1.0
besteuerung	neg 1.0		neg 0.36200979848527953 __DUMMY__ 0.32744476997608396 off 0.31054543153863656	false	1.0
ungeschminkt	neg 1.0		neg 0.35439205948557473 __DUMMY__ 0.3275200596033018 off 0.3180878809111234	false	1.0
kritisch	neg 1.0		neg 0.36405099914991707 __DUMMY__ 0.3294394581436565 off 0.30650954270642644	false	1.0
schlamperei	off 1.0		neg 0.36536077864668304 __DUMMY__ 0.32947577093503994 off 0.305163450418277	false	0.5
sucht	neg 1.0	neg 1.0	neg 0.6674253824479738 off 0.17253078957949877 __DUMMY__ 0.16004382797252734	false	1.0
egoistisch	off 1.0		neg 0.3497347231845817 __DUMMY__ 0.3263805519831866 off 0.32388472483223163	false	0.5
ausbeuter	off 1.0		neg 0.3669546216566537 __DUMMY__ 0.3286943189620221 off 0.3043510593813242	false	0.5
arschgeburt	off 1.0		neg 0.3457264628334735 off 0.3316316422130556 __DUMMY__ 0.32264189495347084	false	0.5
schubs	neg 1.0	neg 1.0	neg 0.6675998049090851 off 0.17162271122030096 __DUMMY__ 0.1607774838706139	false	1.0
unsolide	neg 1.0		neg 0.36543945458458305 __DUMMY__ 0.32465781000156624 off 0.30990273541385077	false	1.0
beschwerde	neg 1.0		neg 0.3649889795835002 __DUMMY__ 0.3295331331741364 off 0.3054778872423634	false	1.0
stocken	neg 1.0		neg 0.36331924601506205 __DUMMY__ 0.3300592443778367 off 0.30662150960710133	false	1.0
isolieren	neg 1.0		neg 0.36365579840048334 __DUMMY__ 0.3290420308220773 off 0.3073021707774394	false	1.0
unheilbar	neg 1.0		neg 0.3583389812735211 __DUMMY__ 0.3296667140764713 off 0.31199430465000766	false	1.0
pisser	off 1.0		neg 0.35260665660089807 __DUMMY__ 0.32782989509093186 off 0.31956344830817	false	0.5
löschen	neg 1.0		neg 0.359318719628936 __DUMMY__ 0.3295621533610808 off 0.31111912700998307	false	1.0
durchfallen	neg 1.0		neg 0.36354967349454476 __DUMMY__ 0.32872834126050887 off 0.3077219852449463	false	1.0
wichser	off 1.0		neg 0.34573010174855073 off 0.329139098790392 __DUMMY__ 0.32513079946105744	false	0.5
terror	neg 1.0		neg 0.35431162192762233 __DUMMY__ 0.3302498325888912 off 0.31543854548348665	false	1.0
krass	neg 1.0		neg 0.35090374762591925 __DUMMY__ 0.32711585952037453 off 0.3219803928537063	false	1.0
revolte	neg 1.0		neg 0.3605474936901576 __DUMMY__ 0.3272325747260935 off 0.3122199315837487	false	1.0
besorgt	neg 1.0		neg 0.35805242088247335 __DUMMY__ 0.33170280462072355 off 0.31024477449680316	false	1.0
nachlassen	neg 1.0		neg 0.36371492294803404 __DUMMY__ 0.3300956789551308 off 0.3061893980968351	false	1.0
alt	neg 1.0		neg 0.36152239402411074 __DUMMY__ 0.33051646966279596 off 0.30796113631309335	false	1.0
hundesohn	off 1.0		neg 0.34929412996359105 off 0.3263688265406423 __DUMMY__ 0.32433704349576675	false	0.5
als			neg 0.35833991964693357 __DUMMY__ 0.3313488181812427 off 0.31031126217182364	false	0.0
abschreckung	neg 1.0		neg 0.3658777897968571 __DUMMY__ 0.3302816117426243 off 0.30384059846051864	false	1.0
unqualifiziert	neg 1.0		neg 0.360394210536833 __DUMMY__ 0.32633085810022194 off 0.313274931362945	false	1.0
abgewichst	off 1.0		neg 0.36029319635541984 __DUMMY__ 0.3302195712888566 off 0.30948723235572356	false	0.5
schwer	neg 1.0		neg 0.35849896375251195 __DUMMY__ 0.3299605132054606 off 0.3115405230420274	false	1.0
bedeutungslosigkeit	neg 1.0		neg 0.3651665554869703 __DUMMY__ 0.32999321633452655 off 0.30484022817850304	false	1.0
kapitulation	neg 1.0		neg 0.36704077813302133 __DUMMY__ 0.32791812132322373 off 0.305041100543755	false	1.0
unscharf	neg 1.0		neg 0.3562015845769852 __DUMMY__ 0.3293412190500019 off 0.31445719637301284	false	1.0
schwinden	neg 1.0		neg 0.3654053032127914 __DUMMY__ 0.32995705875283576 off 0.3046376380343727	false	1.0
versklavung	neg 1.0		neg 0.3642823562047453 __DUMMY__ 0.3260045296853954 off 0.3097131141098591	false	1.0
schlecht	neg 1.0		neg 0.3518631625521636 __DUMMY__ 0.3290689110388715 off 0.319067926408965	false	1.0
verhasst	neg 1.0		neg 0.35958736950608183 __DUMMY__ 0.32848186886991176 off 0.31193076162400646	false	1.0
beschweren	neg 1.0		neg 0.3572429055812011 __DUMMY__ 0.3291790287338306 off 0.3135780656849684	false	1.0
scheiden	neg 1.0		neg 0.35251988602823603 __DUMMY__ 0.3330379018386658 off 0.3144422121330982	false	1.0
frustriert	neg 1.0		neg 0.3595234742910442 __DUMMY__ 0.33015912791874985 off 0.31031739779020584	false	1.0
schimmelig	neg 1.0		neg 0.36077067192202283 __DUMMY__ 0.3314040663998872 off 0.30782526167809	false	1.0
fisch	neg 1.0		neg 0.35770350633608344 __DUMMY__ 0.33408120327680396 off 0.30821529038711265	false	1.0
schmuggel	neg 1.0		neg 0.36126031877325804 __DUMMY__ 0.332268535145495 off 0.30647114608124704	false	1.0
auffallen	neg 1.0		neg 0.3557039798228615 __DUMMY__ 0.3295279459662823 off 0.31476807421085623	false	1.0
konkurrenz	neg 1.0	neg 1.0	neg 0.6709458376632135 off 0.1684541174576534 __DUMMY__ 0.1606000448791332	false	1.0
teufelskreis	neg 1.0	neg 1.0	neg 0.6698499430333228 off 0.17125962897883154 __DUMMY__ 0.15889042798784567	false	1.0
aufschreien	neg 1.0		neg 0.35832750090831317 __DUMMY__ 0.32814912903666266 off 0.3135233700550242	false	1.0
schuldner	neg 1.0		neg 0.36435568389634143 __DUMMY__ 0.33036224032409556 off 0.305282075779563	false	1.0
missgeburt	off 1.0	off 1.0	off 0.6486773921131516 neg 0.1938279402156223 __DUMMY__ 0.15749466767122608	false	1.0
arbeitslos	neg 1.0		neg 0.3629329192790312 __DUMMY__ 0.3288973361747897 off 0.30816974454617896	false	1.0
befallen	neg 1.0		neg 0.36470363586648413 __DUMMY__ 0.32771952090227585 off 0.30757684323124007	false	1.0
miesepetrig	off 1.0	off 1.0	off 0.6463054573707151 neg 0.19467631774496674 __DUMMY__ 0.15901822488431822	false	1.0
alarmieren	neg 1.0		neg 0.35766859569537784 __DUMMY__ 0.3270788658820331 off 0.31525253842258905	false	1.0
ungeduscht	off 1.0		neg 0.3535979382412542 __DUMMY__ 0.3298538643416456 off 0.31654819741710016	false	0.5
knappheit	neg 1.0		neg 0.3661062908304942 __DUMMY__ 0.3283629350586536 off 0.30553077411085205	false	1.0
schlange	neg 1.0		neg 0.353165285721657 __DUMMY__ 0.3315450764342695 off 0.31528963784407354	false	1.0
harsch	neg 1.0		neg 0.3473855774198944 __DUMMY__ 0.32874798858299337 off 0.3238664339971121	false	1.0
lang	neg 1.0		neg 0.35847857354993284 __DUMMY__ 0.32970934817610703 off 0.3118120782739602	false	1.0
ziellos	neg 1.0		neg 0.3590452773809405 __DUMMY__ 0.3314296049235214 off 0.30952511769553825	false	1.0
selbstverliebt	neg 1.0		neg 0.348041228702984 off 0.3287879432923329 __DUMMY__ 0.3231708280046831	false	1.0
beseitigen	neg 1.0	neg 1.0	neg 0.6674651331604918 off 0.17213434792077661 __DUMMY__ 0.16040051891873153	false	1.0
dumm	off 1.0		neg 0.34961286149418136 __DUMMY__ 0.32570651694954755 off 0.32468062155627114	false	0.5
arbeitsloser	neg 1.0		neg 0.36130067652007364 __DUMMY__ 0.33048411425851554 off 0.3082152092214108	false	1.0
blitzen	neg 1.0		neg 0.35640873492510355 __DUMMY__ 0.3287510904032332 off 0.3148401746716632	false	1.0
hilflos	neg 1.0		neg 0.3604118335058841 __DUMMY__ 0.330009145172662 off 0.3095790213214538	false	1.0
eklig	off 1.0		neg 0.34861191716347845 __DUMMY__ 0.3257905956855459 off 0.3255974871509758	false	0.5
begriff			neg 0.36224938588343 __DUMMY__ 0.3286771849052228 off 0.3090734292113471	false	0.0
hungersnot	neg 1.0		neg 0.36130469832387735 __DUMMY__ 0.32971501012616683 off 0.30898029154995577	false	1.0
ungesetzlich	neg 1.0		neg 0.364726213267058 __DUMMY__ 0.32494853050285677 off 0.3103252562300853	false	1.0
verschwendung	neg 1.0		neg 0.3637946033623438 __DUMMY__ 0.3300125678838373 off 0.30619282875381887	false	1.0
schmerzvoll	neg 1.0		neg 0.356816356347456 __DUMMY__ 0.32945558206480047 off 0.31372806158774363	false	1.0
vorzeitig	neg 1.0		neg 0.35424883873242474 __DUMMY__ 0.3300026890630642 off 0.31574847220451113	false	1.0
unvollkommenheit	neg 1.0		neg 0.35797124369839045 __DUMMY__ 0.33204650743805386 off 0.30998224886355585	false	1.0
intervenieren	neg 1.0		neg 0.3664712898503511 __DUMMY__ 0.32874125428630313 off 0.30478745586334577	false	1.0
banause	off 1.0		neg 0.34812292414771295 off 0.32732881118992396 __DUMMY__ 0.32454826466236303	false	0.5
rebell	neg 1.0		neg 0.3655346130354135 __DUMMY__ 0.33148409131384016 off 0.3029812956507462	false	1.0
unlogisch	neg 1.0		neg 0.35172973736445445 __DUMMY__ 0.3272511521812482 off 0.32101911045429743	false	1.0
leiden	neg 1.0		neg 0.3573912443080223 __DUMMY__ 0.33400261925956787 off 0.3086061364324099	false	1.0
abschaffung	neg 1.0		neg 0.36150846638516315 __DUMMY__ 0.3278660890918597 off 0.31062544452297725	false	1.0
sturz	neg 1.0		neg 0.35749073496034145 __DUMMY__ 0.33055975754957606 off 0.31194950749008254	false	1.0
verkleinerung	neg 1.0		neg 0.3602575374966768 __DUMMY__ 0.3266831240728849 off 0.31305933843043837	false	1.0
schmarotzer	off 1.0		neg 0.36425702939384247 __DUMMY__ 0.3282566499497215 off 0.30748632065643605	false	0.5
bestrafung	neg 1.0		neg 0.35904950474083974 __DUMMY__ 0.32857039309817976 off 0.3123801021609807	false	1.0
achtlos	neg 1.0		neg 0.35728223125398395 __DUMMY__ 0.33070146303409137 off 0.31201630571192474	false	1.0
ungeheuer	neg 1.0		neg 0.3541588842961693 __DUMMY__ 0.33000827753524536 off 0.3158328381685852	false	1.0
unaufrichtig	neg 1.0		neg 0.3613326583402667 __DUMMY__ 0.32669610192702936 off 0.31197123973270385	false	1.0
groggy	neg 1.0		neg 0.35791519980416175 __DUMMY__ 0.32825607614717056 off 0.31382872404866774	false	1.0
verletzlich	neg 1.0		neg 0.3525037327943042 __DUMMY__ 0.3278387689548595 off 0.3196574982508363	false	1.0
