unsolidarisch	neg 1.0		__DUMMY__ 0.9217834778498991 neg 0.0444919459093639 off 0.033724576240737	false	1.0
nachteilig	neg 1.0		__DUMMY__ 0.928559618050712 neg 0.041037436219872624 off 0.030402945729415386	false	1.0
skeptisch	neg 1.0		__DUMMY__ 0.9294694172142643 neg 0.04058618731825573 off 0.029944395467479883	false	1.0
schrecklich	neg 1.0		__DUMMY__ 0.9249955693598363 off 0.04037780510946179 neg 0.03462662553070194	false	0.5
schlapp	neg 1.0		__DUMMY__ 0.928085929539855 off 0.03668698075535672 neg 0.0352270897047882	false	0.5
abfall	neg 1.0		__DUMMY__ 0.9300293944521982 neg 0.042049119419383954 off 0.027921486128417848	false	1.0
widerspenstig	neg 1.0		__DUMMY__ 0.9282401327599413 neg 0.038658319661661424 off 0.0331015475783972	false	1.0
abrupt	neg 1.0		__DUMMY__ 0.9326491901637372 neg 0.03753718538058582 off 0.029813624455677104	false	1.0
unwirksam	neg 1.0		__DUMMY__ 0.9248525668199874 neg 0.041901662458727784 off 0.033245770721284866	false	1.0
angreifen	neg 1.0	neg 1.0	neg 0.5075968631848999 __DUMMY__ 0.46487626397990595 off 0.02752687283519402	false	1.0
inkonsistent	neg 1.0		__DUMMY__ 0.9287527822764602 neg 0.037579623339944676 off 0.033667594383595185	false	1.0
abrutschen	neg 1.0		__DUMMY__ 0.9303511265320863 neg 0.04145492127197892 off 0.028193952195934752	false	1.0
unsicher	neg 1.0		__DUMMY__ 0.9289662707335176 neg 0.037492968992248875 off 0.03354076027423345	false	1.0
bauernkind	off 1.0	off 1.0	off 0.5063237481096083 __DUMMY__ 0.45902312257355155 neg 0.03465312931684011	false	1.0
angreifer	neg 1.0		__DUMMY__ 0.9297073557688427 neg 0.03586264544562842 off 0.03442999878552884	false	1.0
trennen	neg 1.0		__DUMMY__ 0.9339324112228768 neg 0.035782782801575166 off 0.03028480597554798	false	1.0
schmutz	neg 1.0		__DUMMY__ 0.9335263454900184 off 0.03418297089035097 neg 0.03229068361963064	false	0.5
inkonsistenz	neg 1.0		__DUMMY__ 0.923999630854469 neg 0.03934734497963173 off 0.036653024165899266	false	1.0
erschreckend	neg 1.0		__DUMMY__ 0.927262723374873 neg 0.03990376555206627 off 0.0328335110730607	false	1.0
ertrinken	neg 1.0		__DUMMY__ 0.9306040435414694 neg 0.038496216079271534 off 0.030899740379258946	false	1.0
pickelface	off 1.0		__DUMMY__ 0.9286164749985363 neg 0.03949004021504437 off 0.031893484786419325	false	0.5
seiner			__DUMMY__ 0.9307398870258142 neg 0.03907768568492626 off 0.03018242728925957	false	0.0
lauch	neg 1.0		__DUMMY__ 0.9292638123293465 neg 0.04274545642763096 off 0.027990731243022572	false	1.0
unwichtig	neg 1.0		__DUMMY__ 0.9254631885887272 neg 0.03753488373490912 off 0.03700192767636365	false	1.0
steuerhinterziehung	neg 1.0		__DUMMY__ 0.9260248578966465 neg 0.041595212971296015 off 0.03237992913205752	false	1.0
schock	neg 1.0		__DUMMY__ 0.9316716260210578 neg 0.035624031315851276 off 0.03270434266309087	false	1.0
beule	neg 1.0		__DUMMY__ 0.9286839117843897 off 0.03678992954488905 neg 0.034526158670721216	false	0.5
vergelten	neg 1.0		__DUMMY__ 0.9284533108563895 off 0.03950192271599759 neg 0.03204476642761292	false	0.5
verdorbenheit	neg 1.0		__DUMMY__ 0.9305796124845788 neg 0.036873902878061485 off 0.03254648463735966	false	1.0
trauma	neg 1.0		__DUMMY__ 0.927645748101742 neg 0.03821368777355693 off 0.0341405641247011	false	1.0
sinnlos	neg 1.0		__DUMMY__ 0.9284452477641667 neg 0.036375822281101027 off 0.03517892995473232	false	1.0
fettsack	off 1.0	off 1.0	off 0.5076009817597541 __DUMMY__ 0.4606554621418005 neg 0.03174355609844534	false	1.0
feige	off 1.0	off 1.0	off 0.5042879571200632 __DUMMY__ 0.46052187708232245 neg 0.03519016579761439	false	1.0
abdanken	neg 1.0		__DUMMY__ 0.9263465364663261 neg 0.04045646049542823 off 0.03319700303824559	false	1.0
wichtigtuer	off 1.0	off 1.0	off 0.5022534649222379 __DUMMY__ 0.4621768028676751 neg 0.035569732210087	false	1.0
misslingen	neg 1.0		__DUMMY__ 0.932954804650672 off 0.033718521095860876 neg 0.03332667425346703	false	0.5
untreu	off 1.0		__DUMMY__ 0.9244291929900373 off 0.037869354290500916 neg 0.03770145271946166	false	1.0
missmutig	neg 1.0		__DUMMY__ 0.9262634555023548 off 0.03688017002475591 neg 0.03685637447288932	false	0.5
hurenbock	off 1.0		__DUMMY__ 0.9297969695101863 neg 0.03614777445549542 off 0.034055256034318276	false	0.5
betrunken	neg 1.0		__DUMMY__ 0.9282847054547068 off 0.03858142247526283 neg 0.033133872070030414	false	0.5
korrupt	off 1.0		__DUMMY__ 0.923652312583501 neg 0.044302874690770676 off 0.03204481272572835	false	0.5
unmut	neg 1.0		__DUMMY__ 0.9299493471200135 neg 0.04187362530550652 off 0.028177027574479954	false	1.0
hackfresse	off 1.0		__DUMMY__ 0.9221955662778556 off 0.042891254507944246 neg 0.03491317921420022	false	1.0
aufblasen	neg 1.0		__DUMMY__ 0.9299761926127563 neg 0.03580919903747873 off 0.03421460834976493	false	1.0
gewaltsam	neg 1.0		__DUMMY__ 0.9288663667819513 neg 0.03834204857344592 off 0.03279158464460274	false	1.0
unbeliebtheit	neg 1.0		__DUMMY__ 0.9200920306327175 neg 0.043009926786874625 off 0.036898042580407873	false	1.0
sturheit	neg 1.0		__DUMMY__ 0.9265412423860837 neg 0.040498725975374746 off 0.03296003163854149	false	1.0
kuh	neg 1.0		__DUMMY__ 0.92684046724255 neg 0.03988609229047399 off 0.03327344046697614	false	1.0
erschrecken	neg 1.0		__DUMMY__ 0.9274960614942499 off 0.03639368583901135 neg 0.03611025266673884	false	0.5
opfer	neg 1.0		__DUMMY__ 0.9296440928098051 neg 0.03925922290266575 off 0.03109668428752913	false	1.0
sinken	neg 1.0		__DUMMY__ 0.9311261062728317 neg 0.04048178582229428 off 0.02839210790487395	false	1.0
stinktier	neg 1.0		__DUMMY__ 0.9231759893915766 off 0.040716049088360226 neg 0.036107961520063056	false	0.5
tucke	off 1.0		__DUMMY__ 0.9186707436923162 off 0.0431527052438468 neg 0.03817655106383706	false	1.0
ein			__DUMMY__ 0.9304055423244371 neg 0.03593053410677901 off 0.03366392356878392	false	0.0
abstieg	neg 1.0		__DUMMY__ 0.9323785503309288 neg 0.037244394128888206 off 0.030377055540183	false	1.0
missverstehen	neg 1.0		__DUMMY__ 0.9254776637503948 neg 0.03905381622665558 off 0.03546852002294969	false	1.0
ergebnislos	neg 1.0		__DUMMY__ 0.9297511838149707 neg 0.03986130030684015 off 0.030387515878189098	false	1.0
unter			__DUMMY__ 0.9373400156340747 neg 0.03803469230414382 off 0.024625292061781486	false	0.0
manipulieren	neg 1.0		__DUMMY__ 0.9285512370622362 neg 0.04138436740617518 off 0.030064395531588697	false	1.0
unbewiesen	neg 1.0		__DUMMY__ 0.920841437033557 neg 0.045165551041319876 off 0.03399301192512318	false	1.0
verschleppen	neg 1.0		__DUMMY__ 0.9286747403823178 neg 0.03969265753625294 off 0.03163260208142935	false	1.0
weib	off 1.0		__DUMMY__ 0.9221651649965312 off 0.0428747701207728 neg 0.03496006488269599	false	1.0
opposition	neg 1.0		__DUMMY__ 0.9256510628738435 neg 0.039841795774260315 off 0.034507141351896226	false	1.0
verkehrswidrig	neg 1.0	neg 1.0	neg 0.4953844764090654 __DUMMY__ 0.46906393434711763 off 0.03555158924381702	false	1.0
inkorrekt	neg 1.0		__DUMMY__ 0.9211721610243012 neg 0.0398328468662409 off 0.03899499210945782	false	1.0
vermeiden	neg 1.0		__DUMMY__ 0.9331987421234033 neg 0.04056150290364463 off 0.026239754972952157	false	1.0
abweichung	neg 1.0		__DUMMY__ 0.9293383391602212 neg 0.040045342256837146 off 0.030616318582941546	false	1.0
alkoholisiert	neg 1.0		__DUMMY__ 0.9368651147889272 neg 0.03401155220681749 off 0.029123333004255327	false	1.0
scheiss	off 1.0	off 1.0	off 0.5036401996078029 __DUMMY__ 0.464164625721673 neg 0.03219517467052414	false	1.0
herausforderung	neg 1.0	neg 1.0	neg 0.5001807816903806 __DUMMY__ 0.47270998765491556 off 0.027109230654703914	false	1.0
pervers	off 1.0		__DUMMY__ 0.9211082105863514 off 0.04520842136204759 neg 0.03368336805160094	false	1.0
wackelig	neg 1.0		__DUMMY__ 0.933510029901213 neg 0.03526173069810077 off 0.031228239400686246	false	1.0
verwickeln	neg 1.0		__DUMMY__ 0.9251515886863345 neg 0.03940915651934434 off 0.03543925479432122	false	1.0
vorwand	neg 1.0		__DUMMY__ 0.9294932217215428 neg 0.041071669366264676 off 0.02943510891219243	false	1.0
muschi	off 1.0		__DUMMY__ 0.9287676231788318 neg 0.038926366350292424 off 0.03230601047087576	false	0.5
entmutigung	neg 1.0		__DUMMY__ 0.9245125928467762 neg 0.040662191068662465 off 0.03482521608456126	false	1.0
unangemessen	neg 1.0		__DUMMY__ 0.9269721965493755 neg 0.04073938123483049 off 0.032288422215793984	false	1.0
unstetig	neg 1.0		__DUMMY__ 0.9305763542726804 neg 0.035739827571695124 off 0.033683818155624545	false	1.0
entmutigen	neg 1.0		__DUMMY__ 0.9276723092446415 neg 0.037877847315493124 off 0.034449843439865326	false	1.0
schwanz	neg 1.0		__DUMMY__ 0.9308988326905565 neg 0.03934560691064762 off 0.029755560398795906	false	1.0
verbot	neg 1.0		__DUMMY__ 0.9264429656170612 neg 0.041762652037628065 off 0.031794382345310755	false	1.0
leid	neg 1.0		__DUMMY__ 0.9245752219518971 off 0.041087130398497006 neg 0.0343376476496059	false	0.5
archaisch	neg 1.0		__DUMMY__ 0.9283508745727815 neg 0.03968611201782845 off 0.031963013409389986	false	1.0
gegen			__DUMMY__ 0.932062419707196 neg 0.038839972123413384 off 0.02909760816939058	false	0.0
scheidung	neg 1.0		__DUMMY__ 0.921401827625144 off 0.04806976831843839 neg 0.030528404056417626	false	0.5
einschlag	neg 1.0	neg 1.0	neg 0.5005392297780604 __DUMMY__ 0.46376410128450657 off 0.03569666893743308	false	1.0
m			__DUMMY__ 0.9307658154087927 neg 0.03761554129150716 off 0.03161864329970019	false	0.0
abgestanden	neg 1.0		__DUMMY__ 0.9307863839406538 neg 0.036097451376503706 off 0.033116164682842376	false	1.0
schmierig	off 1.0		__DUMMY__ 0.9249282487428019 off 0.040758402134428565 neg 0.0343133491227696	false	1.0
unpraktisch	neg 1.0		__DUMMY__ 0.931369706817586 neg 0.03489043677620848 off 0.03373985640620549	false	1.0
wixxer	off 1.0		__DUMMY__ 0.9205219181677526 off 0.04505310823981273 neg 0.03442497359243469	false	1.0
bezeichnet			__DUMMY__ 0.9270293237912811 neg 0.039713559331831016 off 0.033257116876887864	false	0.0
jammerlappen	off 1.0		__DUMMY__ 0.925623926796858 neg 0.03726677121748992 off 0.037109301985652064	false	0.5
farce	neg 1.0		__DUMMY__ 0.9255435151087652 neg 0.0421302643434673 off 0.032326220547767466	false	1.0
zwecklos	neg 1.0		__DUMMY__ 0.9270404973516063 neg 0.04075148221497499 off 0.03220802043341866	false	1.0
turbulent	neg 1.0		__DUMMY__ 0.9250667883072403 neg 0.03766018271125822 off 0.037273028981501435	false	1.0
invasion	neg 1.0		__DUMMY__ 0.9285543458352187 neg 0.03627131454033452 off 0.03517433962444686	false	1.0
schuld	neg 1.0		__DUMMY__ 0.927173698215118 neg 0.03860170324072642 off 0.03422459854415569	false	1.0
risiko	neg 1.0		__DUMMY__ 0.9299478959812946 neg 0.03649867514009229 off 0.03355342887861313	false	1.0
finster	neg 1.0		__DUMMY__ 0.9295484509075417 neg 0.03696707571541072 off 0.03348447337704767	false	1.0
geisteskrank	off 1.0		__DUMMY__ 0.9232254981340069 off 0.038457577522593885 neg 0.038316924343399214	false	1.0
zusammenbrechen	neg 1.0		__DUMMY__ 0.9295215163921797 neg 0.03801346397668966 off 0.0324650196311307	false	1.0
ausbeute	neg 1.0		__DUMMY__ 0.9345785119532545 neg 0.03596760472692367 off 0.029453883319821864	false	1.0
hinterhalt	neg 1.0		__DUMMY__ 0.9318259496547079 neg 0.036446766358502615 off 0.03172728398678943	false	1.0
kritik	neg 1.0		__DUMMY__ 0.9259116901459498 neg 0.04186210108028294 off 0.03222620877376738	false	1.0
einschrumpfen	neg 1.0		__DUMMY__ 0.9241454246231786 neg 0.04017836028475289 off 0.03567621509206854	false	1.0
riskant	neg 1.0		__DUMMY__ 0.9281792741591067 neg 0.04086181601388682 off 0.030958909827006456	false	1.0
frustrieren	neg 1.0		__DUMMY__ 0.9289893470992368 neg 0.03997675836738526 off 0.031033894533377928	false	1.0
groll	neg 1.0		__DUMMY__ 0.9284697137985726 neg 0.039540029803969264 off 0.03199025639745816	false	1.0
gibt			__DUMMY__ 0.9287501939471128 neg 0.038940888124112 off 0.03230891792877513	false	0.0
qualvoll	neg 1.0		__DUMMY__ 0.92835377677961 neg 0.035905018443601645 off 0.03574120477678843	false	1.0
wackeln	neg 1.0	neg 1.0	neg 0.5017384979627352 __DUMMY__ 0.4675387762614865 off 0.030722725775778354	false	1.0
klagen	neg 1.0		__DUMMY__ 0.9307531850801154 neg 0.040738625245741164 off 0.028508189674143463	false	1.0
bankrott	neg 1.0		__DUMMY__ 0.9274376576920927 neg 0.03650925499318181 off 0.03605308731472545	false	1.0
trauern	neg 1.0		__DUMMY__ 0.9312105308750405 neg 0.03792987545952804 off 0.030859593665431558	false	1.0
ablehnung	neg 1.0		__DUMMY__ 0.9261429852379073 neg 0.04154359128698138 off 0.032313423475111396	false	1.0
stur	neg 1.0		__DUMMY__ 0.9265363534714935 neg 0.03880621930601264 off 0.03465742722249384	false	1.0
aufruhr	neg 1.0		__DUMMY__ 0.9288522461064144 neg 0.03833398261970425 off 0.032813771273881354	false	1.0
melancholie	neg 1.0		__DUMMY__ 0.9313280254733142 neg 0.03749871304876446 off 0.031173261477921304	false	1.0
ist			__DUMMY__ 0.9279970952934872 neg 0.037249194111149256 off 0.03475371059536358	false	0.0
torheit	neg 1.0		__DUMMY__ 0.9249393916415937 neg 0.04080749835990616 off 0.03425310999850022	false	1.0
dreckskind	off 1.0		__DUMMY__ 0.9223417705812262 off 0.041799303199685355 neg 0.03585892621908834	false	1.0
umtauschen	neg 1.0		__DUMMY__ 0.9302419773667367 neg 0.0372097741300412 off 0.032548248503222015	false	1.0
zum			__DUMMY__ 0.9384304446065169 neg 0.035343023874663676 off 0.026226531518819405	false	0.0
zersetzen	neg 1.0		__DUMMY__ 0.9273676710210166 neg 0.04267604239239 off 0.029956286586593436	false	1.0
zur			__DUMMY__ 0.9347850961035271 neg 0.0391422097142253 off 0.02607269418224763	false	0.0
frust	neg 1.0		__DUMMY__ 0.9296021082030594 neg 0.03797817686452267 off 0.0324197149324179	false	1.0
unerbittlichkeit	neg 1.0		__DUMMY__ 0.9282712419621777 neg 0.04168947006684364 off 0.03003928797097863	false	1.0
zwei			__DUMMY__ 0.9362125845964279 neg 0.035947158155900216 off 0.027840257247671907	false	0.0
unkorrekt	neg 1.0		__DUMMY__ 0.9213796248360044 neg 0.03934087326528044 off 0.03927950189871503	false	1.0
hexe	off 1.0		__DUMMY__ 0.9264406164002214 off 0.037203028834559095 neg 0.03635635476521958	false	1.0
lasch	neg 1.0		__DUMMY__ 0.9242745885763275 neg 0.03936894052675811 off 0.03635647089691437	false	1.0
rivale	neg 1.0		__DUMMY__ 0.9260654671858809 off 0.03886573787796496 neg 0.03506879493615412	false	0.5
mutlos	off 1.0	off 1.0	off 0.49827984756971355 __DUMMY__ 0.4629931837726719 neg 0.038726968657614616	false	1.0
wirr	off 1.0		__DUMMY__ 0.9217720733392486 off 0.039362564996609936 neg 0.03886536166414146	false	1.0
jahr			__DUMMY__ 0.9355328313816055 neg 0.03537318313685369 off 0.02909398548154086	false	0.0
wird			__DUMMY__ 0.9301917995967366 neg 0.038658469884944945 off 0.031149730518318448	false	0.0
strafbar	neg 1.0		__DUMMY__ 0.9277483657095674 neg 0.04112631280206024 off 0.03112532148837237	false	1.0
erosion	neg 1.0		__DUMMY__ 0.9295273209152747 neg 0.03679290554663636 off 0.03367977353808893	false	1.0
eingehen	neg 1.0		__DUMMY__ 0.926719234205792 neg 0.041517265914650235 off 0.03176349987955774	false	1.0
faul	off 1.0		__DUMMY__ 0.9286680112865883 off 0.03607249469945238 neg 0.03525949401395935	false	1.0
provisorium	neg 1.0		__DUMMY__ 0.9355610552697985 neg 0.04012466213407054 off 0.024314282596131023	false	1.0
schmerzen	neg 1.0		__DUMMY__ 0.9293213205453412 neg 0.03783739413061188 off 0.0328412853240469	false	1.0
schrumpfen	neg 1.0		__DUMMY__ 0.9308031252006923 neg 0.04271929306441747 off 0.02647758173489032	false	1.0
geistlos	off 1.0		__DUMMY__ 0.921231310667147 neg 0.04303745698501739 off 0.035731232347835616	false	0.5
fehlkauf	neg 1.0		__DUMMY__ 0.9267495056610323 neg 0.038548586687564265 off 0.0347019076514034	false	1.0
frustrierend	neg 1.0		__DUMMY__ 0.9285070404498581 off 0.03635345922539013 neg 0.0351395003247518	false	0.5
unzufrieden	neg 1.0		__DUMMY__ 0.9273936654165856 neg 0.04046100058128062 off 0.0321453340021337	false	1.0
verzweifeln	neg 1.0		__DUMMY__ 0.9286427271586412 neg 0.03815561298999192 off 0.03320165985136688	false	1.0
verzweifelt	neg 1.0		__DUMMY__ 0.9268481809492719 neg 0.03846514078647475 off 0.03468667826425337	false	1.0
misstrauensantrag	neg 1.0		__DUMMY__ 0.9264834853715265 neg 0.03857638610958003 off 0.03494012851889354	false	1.0
abfallen	neg 1.0		__DUMMY__ 0.9308331613488768 neg 0.035209830866827246 off 0.033957007784295924	false	1.0
fucker	off 1.0		__DUMMY__ 0.9241139722921763 off 0.0388005877441412 neg 0.0370854399636826	false	1.0
ungezogen	neg 1.0		__DUMMY__ 0.9230482796278677 off 0.04387707631724206 neg 0.033074644054890225	false	0.5
irrsinnig	neg 1.0	neg 1.0	neg 0.5054764877869965 __DUMMY__ 0.4631868578491705 off 0.031336654363832935	false	1.0
unfassbar	neg 1.0		__DUMMY__ 0.9255239634226582 off 0.03759497184775702 neg 0.03688106472958475	false	0.5
hart	neg 1.0		__DUMMY__ 0.927609775434314 neg 0.03669500909617268 off 0.03569521546951328	false	1.0
widerlich	off 1.0		__DUMMY__ 0.9233143568757913 neg 0.038370095486462 off 0.0383155476377466	false	0.5
fatal	neg 1.0		__DUMMY__ 0.9268992390940319 neg 0.03811871009021089 off 0.03498205081575708	false	1.0
bruch	neg 1.0		__DUMMY__ 0.9298654172627937 neg 0.04142153864067611 off 0.028713044096530208	false	1.0
aushungern	neg 1.0		__DUMMY__ 0.9253752139933479 neg 0.04154812805884494 off 0.03307665794780709	false	1.0
anspannung	neg 1.0	neg 1.0	neg 0.5027384893509633 __DUMMY__ 0.47304681317623615 off 0.024214697472800528	false	1.0
von			__DUMMY__ 0.9353523231675122 neg 0.036000386836277695 off 0.02864728999621025	false	0.0
kraftlos	neg 1.0		__DUMMY__ 0.9317034740336798 neg 0.03652453194870967 off 0.03177199401761052	false	1.0
vom			__DUMMY__ 0.9384694567761906 neg 0.036869393563623426 off 0.024661149660185924	false	0.0
grenzdebil	off 1.0		__DUMMY__ 0.9257387512597461 off 0.038250962816008705 neg 0.03601028592424518	false	1.0
vor			__DUMMY__ 0.9316806648683552 neg 0.03896773238722778 off 0.02935160274441702	false	0.0
unterwerfen	neg 1.0		__DUMMY__ 0.9287988584135193 neg 0.040338928719812345 off 0.030862212866668362	false	1.0
versenkung	neg 1.0		__DUMMY__ 0.9290634887752909 neg 0.04016025694742876 off 0.030776254277280278	false	1.0
entziehen	neg 1.0		__DUMMY__ 0.9301383183677572 neg 0.040902971907493924 off 0.028958709724748902	false	1.0
finanzkrise	neg 1.0		__DUMMY__ 0.925378393671413 neg 0.041854645160533055 off 0.03276696116805395	false	1.0
schimpfend	neg 1.0		__DUMMY__ 0.9314198485345965 neg 0.03494873424493917 off 0.03363141722046441	false	1.0
profan	neg 1.0		__DUMMY__ 0.9272870306129098 neg 0.037195119534437535 off 0.035517849852652716	false	1.0
korruption	neg 1.0	neg 1.0	neg 0.5084414906635059 __DUMMY__ 0.4627359795344035 off 0.028822529802090716	false	1.0
â			__DUMMY__ 0.9302981890722746 neg 0.03887671943230651 off 0.03082509149541895	false	0.0
schmutzig	neg 1.0		__DUMMY__ 0.9264860800551131 off 0.03778890071745341 neg 0.035725019227433506	false	0.5
sexy	neg 1.0		__DUMMY__ 0.9269100703525183 neg 0.037094283021723705 off 0.03599564662575796	false	1.0
abraten	neg 1.0		__DUMMY__ 0.9279918140386861 neg 0.03730128205728304 off 0.03470690390403088	false	1.0
schwarz	neg 1.0		__DUMMY__ 0.926732426805898 neg 0.03876055686692281 off 0.034507016327179306	false	1.0
fotze	off 1.0		__DUMMY__ 0.9291930008433409 neg 0.04013081405922714 off 0.030676185097432	false	0.5
verwirren	neg 1.0		__DUMMY__ 0.9273176606612035 neg 0.036933281365128426 off 0.03574905797366814	false	1.0
zahnlos	off 1.0		__DUMMY__ 0.9272590188481183 neg 0.04057245220741369 off 0.032168528944467964	false	0.5
verheeren	neg 1.0		__DUMMY__ 0.9231747527483276 off 0.044836907301940926 neg 0.03198833994973145	false	0.5
hippie	neg 1.0		__DUMMY__ 0.9265092776662731 neg 0.03778019453332995 off 0.03571052780039697	false	1.0
rammen	neg 1.0		__DUMMY__ 0.9282290742066036 neg 0.038285187211492586 off 0.03348573858190386	false	1.0
unlauter	neg 1.0		__DUMMY__ 0.9235622238144674 neg 0.04249035989804004 off 0.033947416287492656	false	1.0
unheilvoll	neg 1.0		__DUMMY__ 0.930464111807875 neg 0.034775011714339936 off 0.03476087647778497	false	1.0
niedrig	neg 1.0		__DUMMY__ 0.930868149425843 neg 0.03929183937367599 off 0.029840011200481006	false	1.0
explosion	neg 1.0		__DUMMY__ 0.926454718902503 neg 0.03835482206483435 off 0.03519045903266268	false	1.0
weichei	off 1.0		__DUMMY__ 0.9228789223015691 off 0.04171700358795307 neg 0.035404074110477926	false	1.0
minusmensch	off 1.0		__DUMMY__ 0.917536939390531 off 0.0450841161447203 neg 0.03737894446474865	false	1.0
farblos	neg 1.0		__DUMMY__ 0.9339460447290023 neg 0.03405490419890241 off 0.03199905107209515	false	1.0
unwissend	neg 1.0	neg 1.0	neg 0.5042779024812173 __DUMMY__ 0.46166508915360516 off 0.034057008365177506	false	1.0
traurig	neg 1.0		__DUMMY__ 0.9256803740613654 off 0.039630302467546376 neg 0.034689323471088294	false	0.5
senkung	neg 1.0		__DUMMY__ 0.9248586540153054 neg 0.03979622776500017 off 0.035345118219694424	false	1.0
ungleich	neg 1.0	neg 1.0	neg 0.5088038755653669 __DUMMY__ 0.46327268362385243 off 0.027923440810780555	false	1.0
heikel	neg 1.0		__DUMMY__ 0.9284430213893525 neg 0.04151599530524797 off 0.030040983305399498	false	1.0
drosselung	neg 1.0		__DUMMY__ 0.9266925020997683 off 0.03770245055580771 neg 0.03560504734442408	false	0.5
falsch	neg 1.0		__DUMMY__ 0.926998132098818 neg 0.036510780595179954 off 0.03649108730600216	false	1.0
unzufriedenheit	neg 1.0		__DUMMY__ 0.9286015256237388 neg 0.041681944864749326 off 0.029716529511511908	false	1.0
kurz	neg 1.0		__DUMMY__ 0.9319386428407926 neg 0.036062656859462805 off 0.031998700299744616	false	1.0
unsinnig	neg 1.0		__DUMMY__ 0.9261051334475882 neg 0.04140508332754439 off 0.03248978322486739	false	1.0
penner	off 1.0	off 1.0	off 0.5094798402374325 __DUMMY__ 0.45919577735092254 neg 0.031324382411644966	false	1.0
seicht	neg 1.0		__DUMMY__ 0.9195083331765327 off 0.04415939816198115 neg 0.03633226866148617	false	0.5
dummheit	off 1.0	off 1.0	off 0.5024766449758498 __DUMMY__ 0.4616177867351496 neg 0.03590556828900059	false	1.0
unerfreulich	neg 1.0		__DUMMY__ 0.9306148923215287 neg 0.04019621771116793 off 0.029188889967303365	false	1.0
motherfucker	off 1.0	off 1.0	off 0.5054099673875547 __DUMMY__ 0.4602170293641294 neg 0.0343730032483159	false	1.0
pikiert	neg 1.0		__DUMMY__ 0.9233157448782113 neg 0.03915797445008586 off 0.037526280671702904	false	1.0
wrack	neg 1.0		__DUMMY__ 0.9338346511819587 neg 0.03613565918752208 off 0.0300296896305192	false	1.0
gangster	neg 1.0		__DUMMY__ 0.9273682392021073 neg 0.03728732163486594 off 0.03534443916302676	false	1.0
krank	neg 1.0		__DUMMY__ 0.9272919579731893 off 0.03817339987210312 neg 0.03453464215470758	false	0.5
reich	neg 1.0		__DUMMY__ 0.924885968736658 neg 0.0386315566927311 off 0.03648247457061096	false	1.0
gnadenlos	neg 1.0		__DUMMY__ 0.9276685396269768 neg 0.038083873012236744 off 0.03424758736078645	false	1.0
niedergeschlagen	neg 1.0		__DUMMY__ 0.9304682164252607 neg 0.03716254175791914 off 0.0323692418168202	false	1.0
terrorisieren	off 1.0	off 1.0	off 0.49847581772994026 __DUMMY__ 0.46523587430507163 neg 0.036288307964988116	false	1.0
sinnlosigkeit	neg 1.0		__DUMMY__ 0.9276027017778743 neg 0.04022273107142206 off 0.0321745671507036	false	1.0
behindern	neg 1.0		__DUMMY__ 0.9275082396802884 neg 0.039775130435781236 off 0.03271662988393032	false	1.0
undemokratisch	neg 1.0		__DUMMY__ 0.9248338593722769 neg 0.04075341145652346 off 0.03441272917119966	false	1.0
wirtschaftskrise	neg 1.0		__DUMMY__ 0.9272870307800212 neg 0.04152797412235714 off 0.031184995097621702	false	1.0
neid	neg 1.0		__DUMMY__ 0.929307323730529 off 0.036695687589176906 neg 0.03399698868029401	false	0.5
rutschen	neg 1.0	neg 1.0	neg 0.5018569112579402 __DUMMY__ 0.4728916153652472 off 0.02525147337681256	false	1.0
rezession	neg 1.0		__DUMMY__ 0.9216210762257339 off 0.040500541221765385 neg 0.037878382552500665	false	0.5
fehlgeburt	neg 1.0		__DUMMY__ 0.9302566207193368 neg 0.03507007400252125 off 0.03467330527814187	false	1.0
charakterschwach	off 1.0		__DUMMY__ 0.925038541451257 off 0.038141696173982186 neg 0.036819762374760825	false	1.0
isolation	neg 1.0		__DUMMY__ 0.928477225926209 off 0.03621437338365791 neg 0.035308400690133086	false	0.5
ablenkung	neg 1.0		__DUMMY__ 0.9287131799117606 neg 0.03764013548983354 off 0.033646684598405835	false	1.0
pech	neg 1.0		__DUMMY__ 0.9286002269203608 off 0.035782289341119385 neg 0.03561748373851974	false	0.5
vermeidung	neg 1.0		__DUMMY__ 0.9242392560731828 off 0.03802954040770569 neg 0.03773120351911154	false	0.5
dominieren	neg 1.0		__DUMMY__ 0.9322190652279305 neg 0.03692001559010169 off 0.03086091918196784	false	1.0
schwindlig	neg 1.0		__DUMMY__ 0.9315197137042145 off 0.03466059809463562 neg 0.03381968820114992	false	0.5
lutscher	neg 1.0		__DUMMY__ 0.9205122920468801 off 0.044420088366221196 neg 0.035067619586898684	false	0.5
pflicht	neg 1.0		__DUMMY__ 0.9286748717380281 neg 0.04120902913805216 off 0.03011609912391979	false	1.0
faschist	off 1.0		__DUMMY__ 0.9236298573395242 neg 0.04038445794037193 off 0.035985684720103946	false	0.5
verschleudern	neg 1.0		__DUMMY__ 0.924662239714934 neg 0.04466854131645491 off 0.030669218968611137	false	1.0
wenn			__DUMMY__ 0.9267068686489828 off 0.03669175508730304 neg 0.03660137626371417	false	0.0
ehebruch	neg 1.0		__DUMMY__ 0.9274646392025292 neg 0.04117383027597711 off 0.03136153052149367	false	1.0
spott	off 1.0		__DUMMY__ 0.9270494924029969 neg 0.041923743119437896 off 0.031026764477565163	false	0.5
trostlosigkeit	neg 1.0		__DUMMY__ 0.9301339757533069 neg 0.04084173348644176 off 0.029024290760251367	false	1.0
lutschen	neg 1.0		__DUMMY__ 0.9261386509714012 neg 0.038585584569419865 off 0.0352757644591789	false	1.0
undiszipliniert	neg 1.0		__DUMMY__ 0.9259043849464805 off 0.03894076496144147 neg 0.035154850092078006	false	0.5
kopfschmerz	neg 1.0		__DUMMY__ 0.9312096808112194 neg 0.036978661193428276 off 0.031811657995352356	false	1.0
unvorhergesehen	neg 1.0		__DUMMY__ 0.9346825731149627 neg 0.03514631945893903 off 0.030171107426098357	false	1.0
desinteressiert	neg 1.0		__DUMMY__ 0.9243493232096099 off 0.03897188552401648 neg 0.03667879126637357	false	0.5
armselig	off 1.0		__DUMMY__ 0.9216349949738912 off 0.03984165209036547 neg 0.038523352935743285	false	1.0
desaster	neg 1.0		__DUMMY__ 0.9295655095726174 neg 0.04208646588980178 off 0.02834802453758082	false	1.0
tod	neg 1.0		__DUMMY__ 0.9320571436164993 neg 0.037173532164165586 off 0.030769324219335207	false	1.0
herzlos	neg 1.0		__DUMMY__ 0.9235554920828665 off 0.040056134406776696 neg 0.03638837351035684	false	0.5
unwissenheit	neg 1.0		__DUMMY__ 0.925508355517456 neg 0.04241774140120546 off 0.03207390308133853	false	1.0
widersinnig	neg 1.0	neg 1.0	neg 0.5091235590916707 __DUMMY__ 0.4612354384897552 off 0.029641002418574123	false	1.0
bedenklich	neg 1.0		__DUMMY__ 0.9275484357389496 neg 0.04132102451442792 off 0.031130539746622433	false	1.0
beanstanden	neg 1.0		__DUMMY__ 0.9301101904873893 neg 0.04030271671169044 off 0.029587092800920246	false	1.0
panisch	neg 1.0	neg 1.0	neg 0.49968641554392906 __DUMMY__ 0.46837481233214645 off 0.031938772123924486	false	1.0
debil	off 1.0		__DUMMY__ 0.932990948657567 neg 0.04149457772691477 off 0.02551447361551816	false	0.5
abstrich	neg 1.0		__DUMMY__ 0.929387184319052 neg 0.04043584083075022 off 0.030176974850197814	false	1.0
primitiv	neg 1.0		__DUMMY__ 0.9234723343066559 off 0.03865649916916917 neg 0.037871166524174917	false	0.5
abschaum	off 1.0	off 1.0	off 0.5039662712936469 __DUMMY__ 0.46113087283816934 neg 0.03490285586818379	false	1.0
provozieren	neg 1.0		__DUMMY__ 0.9265545576287953 neg 0.039321619118181994 off 0.03412382325302266	false	1.0
tot	neg 1.0		__DUMMY__ 0.9305748488278369 neg 0.03926315310410105 off 0.030161998068061954	false	1.0
instabil	neg 1.0		__DUMMY__ 0.9225968720666021 neg 0.038913386461932965 off 0.03848974147146483	false	1.0
schwuchtel	off 1.0		__DUMMY__ 0.9180863341896927 off 0.04807670646611621 neg 0.03383695934419114	false	1.0
zerren	neg 1.0		__DUMMY__ 0.9306533267618345 neg 0.03675748896948684 off 0.03258918426867862	false	1.0
kinderficker	off 1.0		__DUMMY__ 0.9204896590057888 off 0.04172010264043916 neg 0.03779023835377206	false	1.0
gefahr	neg 1.0		__DUMMY__ 0.9303951036514772 neg 0.039779792479525185 off 0.02982510386899768	false	1.0
rabiat	neg 1.0		__DUMMY__ 0.9263984288359994 neg 0.039957632454920226 off 0.03364393870908037	false	1.0
verlangsamung	neg 1.0		__DUMMY__ 0.9209842892882417 off 0.042976641173719174 neg 0.036039069538039044	false	0.5
ausgestorben	neg 1.0		__DUMMY__ 0.9295449900299482 neg 0.03742494904032465 off 0.033030060929727156	false	1.0
anklagen	neg 1.0		__DUMMY__ 0.9275668529534258 neg 0.040011226050891836 off 0.03242192099568245	false	1.0
trott	neg 1.0		__DUMMY__ 0.9294298334926385 neg 0.03770009750196809 off 0.03287006900539329	false	1.0
verminderung	neg 1.0		__DUMMY__ 0.9240501573976609 off 0.03856159174864716 neg 0.037388250853692	false	0.5
nach			__DUMMY__ 0.9383772228877952 neg 0.03502644708151336 off 0.026596330030691395	false	0.0
rost	neg 1.0		__DUMMY__ 0.9217567433747916 off 0.04174840052271278 neg 0.03649485610249562	false	0.5
destruktiv	neg 1.0		__DUMMY__ 0.9248983033658797 neg 0.04171540190574291 off 0.03338629472837722	false	1.0
unzumutbarkeit	neg 1.0		__DUMMY__ 0.9287209070963641 off 0.036724160985511276 neg 0.034554931918124525	false	0.5
labil	off 1.0	off 1.0	off 0.5039433507810106 __DUMMY__ 0.46164988173855775 neg 0.034406767480431616	false	1.0
ziemlich	neg 1.0		__DUMMY__ 0.9273549593836313 off 0.03781389698530278 neg 0.034831143631065924	false	0.5
lachnummer	off 1.0		__DUMMY__ 0.9269238997917943 neg 0.03940953757665374 off 0.033666562631551815	false	0.5
oder			__DUMMY__ 0.9305661037319611 neg 0.036021744175051475 off 0.033412152092987375	false	0.0
verfall	neg 1.0		__DUMMY__ 0.9307854386863483 neg 0.042757734648231 off 0.02645682666542075	false	1.0
ausgrenzung	neg 1.0		__DUMMY__ 0.9241513508676711 neg 0.040932696682673866 off 0.03491595244965503	false	1.0
unordnung	neg 1.0		__DUMMY__ 0.9288946518899747 off 0.037252704369479514 neg 0.03385264374054585	false	0.5
fehlverhalten	neg 1.0		__DUMMY__ 0.9282976099043462 neg 0.04135760479638802 off 0.03034478529926583	false	1.0
eine			__DUMMY__ 0.9303772448645107 neg 0.04008914689588002 off 0.029533608239609224	false	0.0
nille	neg 1.0		__DUMMY__ 0.9288873500161267 neg 0.038393567638070177 off 0.03271908234580317	false	1.0
qual	neg 1.0		__DUMMY__ 0.9289451726591056 neg 0.038283235714134306 off 0.032771591626760105	false	1.0
verschwenden	neg 1.0		__DUMMY__ 0.9280241581063927 neg 0.04064626418939012 off 0.03132957770421723	false	1.0
riesig	neg 1.0	neg 1.0	neg 0.5037020514756329 __DUMMY__ 0.46834503490783114 off 0.02795291361653597	false	1.0
verurteilen	neg 1.0		__DUMMY__ 0.9267831338051995 neg 0.041071216254815544 off 0.03214564993998498	false	1.0
klischee	neg 1.0	neg 1.0	neg 0.5058990132045322 __DUMMY__ 0.46099165469603 off 0.03310933209943777	false	1.0
diktatorisch	neg 1.0		__DUMMY__ 0.9229181433763509 neg 0.04218423330817829 off 0.03489762331547089	false	1.0
vorhersehbar	neg 1.0	neg 1.0	neg 0.5051518300182277 __DUMMY__ 0.462149975173475 off 0.03269819480829727	false	1.0
sowie			__DUMMY__ 0.9223747084607388 off 0.041525399310011715 neg 0.036099892229249524	false	0.0
stornieren	neg 1.0		__DUMMY__ 0.9338492206244636 off 0.033696832492191395 neg 0.03245394688334489	false	0.5
besteuerung	neg 1.0		__DUMMY__ 0.9249681132913975 neg 0.04127413269708562 off 0.03375775401151696	false	1.0
ungeschminkt	neg 1.0		__DUMMY__ 0.9252633490552199 off 0.03767187992484577 neg 0.03706477101993442	false	0.5
kritisch	neg 1.0		__DUMMY__ 0.9280210831345442 neg 0.040899158381349235 off 0.031079758484106615	false	1.0
schlamperei	off 1.0		__DUMMY__ 0.9282230129616176 neg 0.041468808275418066 off 0.030308178762964363	false	0.5
sucht	neg 1.0	neg 1.0	neg 0.503133315302502 __DUMMY__ 0.46696808609568197 off 0.029898598601816023	false	1.0
egoistisch	off 1.0		__DUMMY__ 0.9232841547126296 off 0.041850890997897995 neg 0.03486495428947233	false	1.0
ausbeuter	off 1.0		__DUMMY__ 0.9268773675931569 neg 0.04286902876526744 off 0.030253603641575675	false	0.5
arschgeburt	off 1.0		__DUMMY__ 0.9170746879895303 off 0.04838140513899735 neg 0.03454390687147235	false	1.0
schubs	neg 1.0	neg 1.0	neg 0.5028432248768928 __DUMMY__ 0.46876573275023664 off 0.028391042372870535	false	1.0
unsolide	neg 1.0		__DUMMY__ 0.9203030583186204 neg 0.044482308228557886 off 0.035214633452821754	false	1.0
beschwerde	neg 1.0		__DUMMY__ 0.9282993416092664 neg 0.04134173643013899 off 0.03035892196059458	false	1.0
stocken	neg 1.0		__DUMMY__ 0.9289917776383698 neg 0.04023883578373471 off 0.030769386577895484	false	1.0
isolieren	neg 1.0		__DUMMY__ 0.9275506686370214 neg 0.04084878354741248 off 0.031600547815566184	false	1.0
unheilbar	neg 1.0		__DUMMY__ 0.9284688677167519 neg 0.03758102320508137 off 0.03395010907816673	false	1.0
pisser	off 1.0		__DUMMY__ 0.9257618090940521 off 0.038793566042986755 neg 0.035444624862961085	false	1.0
löschen	neg 1.0		__DUMMY__ 0.9281815227152865 neg 0.0385061637170503 off 0.033312313567663177	false	1.0
durchfallen	neg 1.0		__DUMMY__ 0.9267401362732743 neg 0.0412714921782894 off 0.03198837154843629	false	1.0
wichser	off 1.0		__DUMMY__ 0.9211963101182467 off 0.04537407750449761 neg 0.03342961237725582	false	1.0
terror	neg 1.0		__DUMMY__ 0.9293836012119935 neg 0.03545630282604485 off 0.035160095961961575	false	1.0
krass	neg 1.0		__DUMMY__ 0.9246048699938799 off 0.04006716930946049 neg 0.03532796069665956	false	0.5
revolte	neg 1.0		__DUMMY__ 0.9245309685614338 neg 0.04017332887006453 off 0.03529570256850171	false	1.0
besorgt	neg 1.0		__DUMMY__ 0.9316542240536336 neg 0.03648838047033546 off 0.03185739547603089	false	1.0
nachlassen	neg 1.0		__DUMMY__ 0.929106790512219 neg 0.040736479317163926 off 0.030156730170617093	false	1.0
alt	neg 1.0		__DUMMY__ 0.9302720553597449 neg 0.0392369435331954 off 0.0304910011070597	false	1.0
hundesohn	off 1.0		__DUMMY__ 0.9198712502807515 off 0.044659150260593146 neg 0.03546959945865547	false	1.0
als			__DUMMY__ 0.9310833657295903 neg 0.03683972896932364 off 0.032076905301086034	false	0.0
abschreckung	neg 1.0		__DUMMY__ 0.9295466700701076 neg 0.041235297858006045 off 0.029218032071886377	false	1.0
unqualifiziert	neg 1.0		__DUMMY__ 0.9230433572941324 neg 0.040706309962646785 off 0.03625033274322086	false	1.0
abgewichst	off 1.0		__DUMMY__ 0.9293554051182574 neg 0.03854633067311637 off 0.032098264208626145	false	0.5
schwer	neg 1.0		__DUMMY__ 0.928621373177076 neg 0.03793554750000905 off 0.033443079322914855	false	1.0
bedeutungslosigkeit	neg 1.0		__DUMMY__ 0.9289483448083335 neg 0.041161479700942555 off 0.029890175490723838	false	1.0
kapitulation	neg 1.0		__DUMMY__ 0.9256564127704808 neg 0.04333908000942212 off 0.0310045072200971	false	1.0
unscharf	neg 1.0		__DUMMY__ 0.9282913295022305 neg 0.03710884629580107 off 0.03459982420196847	false	1.0
schwinden	neg 1.0		__DUMMY__ 0.9288836100988419 neg 0.04142353598339563 off 0.029692853917762368	false	1.0
versklavung	neg 1.0		__DUMMY__ 0.9225148089215817 neg 0.042987052808926444 off 0.03449813826949189	false	1.0
schlecht	neg 1.0		__DUMMY__ 0.9274154748142058 off 0.037958991043399094 neg 0.03462553414239505	false	0.5
verhasst	neg 1.0		__DUMMY__ 0.9264937121731396 neg 0.03910158812338038 off 0.034404699703480014	false	1.0
beschweren	neg 1.0		__DUMMY__ 0.927467560978517 neg 0.037614138918019104 off 0.034918300103463876	false	1.0
scheiden	neg 1.0		__DUMMY__ 0.9344298199350529 off 0.033176448174435824 neg 0.03239373189051123	false	0.5
frustriert	neg 1.0		__DUMMY__ 0.929019167816417 neg 0.03826207288943868 off 0.03271875929414434	false	1.0
schimmelig	neg 1.0		__DUMMY__ 0.9318297958259927 neg 0.03836015069014185 off 0.029810053483865454	false	1.0
fisch	neg 1.0		__DUMMY__ 0.9365033536066489 neg 0.03471973311887735 off 0.028776913274473754	false	1.0
schmuggel	neg 1.0		__DUMMY__ 0.9327210857210233 neg 0.03768193657157505 off 0.02959697770740167	false	1.0
auffallen	neg 1.0		__DUMMY__ 0.9281137137793517 neg 0.03653156168016807 off 0.03535472454048024	false	1.0
konkurrenz	neg 1.0	neg 1.0	neg 0.5057620918932896 __DUMMY__ 0.4677627156880582 off 0.02647519241865217	false	1.0
teufelskreis	neg 1.0	neg 1.0	neg 0.5065918088849461 __DUMMY__ 0.46322636456979716 off 0.030181826545256755	false	1.0
aufschreien	neg 1.0		__DUMMY__ 0.9259444874861485 neg 0.03873164835679461 off 0.035323864157056774	false	1.0
schuldner	neg 1.0		__DUMMY__ 0.9297969426348642 neg 0.040340607468570586 off 0.029862449896565113	false	1.0
missgeburt	off 1.0	off 1.0	off 0.5077957597305875 __DUMMY__ 0.46003464383407217 neg 0.03216959643534026	false	1.0
arbeitslos	neg 1.0		__DUMMY__ 0.9269372087266735 neg 0.04082043334042619 off 0.032242357932900305	false	1.0
befallen	neg 1.0		__DUMMY__ 0.9253220563406176 neg 0.04235554945940781 off 0.03232239419997463	false	1.0
miesepetrig	off 1.0	off 1.0	off 0.5041632133809714 __DUMMY__ 0.4639503102874738 neg 0.0318864763315547	false	1.0
alarmieren	neg 1.0		__DUMMY__ 0.9241833446986937 neg 0.038701899624811624 off 0.037114755676494644	false	1.0
ungeduscht	off 1.0		__DUMMY__ 0.9291577581981245 off 0.035477807476116015 neg 0.03536443432575948	false	1.0
knappheit	neg 1.0		__DUMMY__ 0.9264385023138888 neg 0.042749980038662344 off 0.030811517647448904	false	1.0
schlange	neg 1.0		__DUMMY__ 0.9313687289521604 off 0.03461358468636734 neg 0.03401768636147227	false	0.5
harsch	neg 1.0		__DUMMY__ 0.9268741001806796 off 0.04076369508773642 neg 0.03236220473158402	false	0.5
lang	neg 1.0		__DUMMY__ 0.928389987256912 neg 0.03798230792790641 off 0.03362770481518154	false	1.0
ziellos	neg 1.0		__DUMMY__ 0.931034250503576 neg 0.03733255484475702 off 0.031633194651666974	false	1.0
selbstverliebt	neg 1.0		__DUMMY__ 0.9179273232796449 off 0.046218429619244446 neg 0.035854247101110716	false	0.5
beseitigen	neg 1.0	neg 1.0	neg 0.5026312091528375 __DUMMY__ 0.4676813320267547 off 0.02968745882040769	false	1.0
dumm	off 1.0		__DUMMY__ 0.9221359331614816 off 0.04254557691252425 neg 0.035318489925994206	false	1.0
arbeitsloser	neg 1.0		__DUMMY__ 0.9297029081289903 neg 0.038658859249274785 off 0.031638232621735	false	1.0
blitzen	neg 1.0		__DUMMY__ 0.9270180389781161 neg 0.03716328750895914 off 0.03581867351292476	false	1.0
hilflos	neg 1.0		__DUMMY__ 0.928868091125357 neg 0.0388517012014802 off 0.03228020767316275	false	1.0
eklig	off 1.0		__DUMMY__ 0.9222904620784184 off 0.04292105086842201 neg 0.0347884870531597	false	1.0
begriff			__DUMMY__ 0.9268560265568341 neg 0.04043472914197784 off 0.03270924430118807	false	0.0
hungersnot	neg 1.0		__DUMMY__ 0.9287355213921064 neg 0.03903738356244139 off 0.0322270950454522	false	1.0
ungesetzlich	neg 1.0		__DUMMY__ 0.920724157197396 neg 0.043635107931425256 off 0.03564073487117875	false	1.0
verschwendung	neg 1.0		__DUMMY__ 0.9288535079996046 neg 0.040660416351031466 off 0.03048607564936383	false	1.0
schmerzvoll	neg 1.0		__DUMMY__ 0.9279517748009014 neg 0.03724673504547593 off 0.0348014901536226	false	1.0
vorzeitig	neg 1.0		__DUMMY__ 0.9291484123159786 off 0.03564848013707272 neg 0.03520310754694881	false	0.5
unvollkommenheit	neg 1.0		__DUMMY__ 0.9327070677473541 neg 0.03593882866038857 off 0.031354103592257314	false	1.0
intervenieren	neg 1.0		__DUMMY__ 0.9270173779195537 neg 0.04249784673380316 off 0.030484775346643095	false	1.0
banause	off 1.0		__DUMMY__ 0.9202849692400542 off 0.04450283677802041 neg 0.03521219398192533	false	1.0
rebell	neg 1.0		__DUMMY__ 0.9316834230173834 neg 0.040762540916600726 off 0.0275540360660159	false	1.0
unlogisch	neg 1.0		__DUMMY__ 0.9246244024527457 off 0.039799329631916014 neg 0.03557626791533836	false	0.5
leiden	neg 1.0		__DUMMY__ 0.9358598453506454 neg 0.034686627775143454 off 0.02945352687421109	false	1.0
abschaffung	neg 1.0		__DUMMY__ 0.9256909357388684 neg 0.040378032195587873 off 0.033931032065543605	false	1.0
sturz	neg 1.0		__DUMMY__ 0.9299399739096268 neg 0.036711110895049755 off 0.03334891519532339	false	1.0
verkleinerung	neg 1.0		__DUMMY__ 0.9236605776058622 neg 0.040497502979589435 off 0.0358419194145484	false	1.0
schmarotzer	off 1.0		__DUMMY__ 0.9260994959838537 neg 0.04174923775101297 off 0.03215126626513333	false	0.5
bestrafung	neg 1.0		__DUMMY__ 0.9266482847446916 neg 0.038699048774800945 off 0.03465266648050742	false	1.0
achtlos	neg 1.0		__DUMMY__ 0.929951208554367 neg 0.03675220429256877 off 0.03329658715306429	false	1.0
