unsolidarisch	neg 1.0		__DUMMY__ 0.4639031802111625 neg 0.2921008929152723 off 0.24399592687356517	false	1.0
nachteilig	neg 1.0		__DUMMY__ 0.46959426312875613 neg 0.28917430586120696 off 0.241231431010037	false	1.0
skeptisch	neg 1.0		__DUMMY__ 0.47052802233564955 neg 0.2887722067127176 off 0.24069977095163295	false	1.0
schrecklich	neg 1.0		__DUMMY__ 0.4665921904723265 neg 0.27586485547124573 off 0.2575429540564277	false	1.0
schlapp	neg 1.0		__DUMMY__ 0.4691402828942238 neg 0.2780505425991392 off 0.25280917450663704	false	1.0
abfall	neg 1.0		__DUMMY__ 0.4711142266967505 neg 0.2913725615679546 off 0.237513211735295	false	1.0
widerspenstig	neg 1.0		__DUMMY__ 0.46934656368398825 neg 0.28420953046664993 off 0.24644390584936193	false	1.0
abrupt	neg 1.0		__DUMMY__ 0.4731169097483076 neg 0.28463369256046855 off 0.2422493976912239	false	1.0
unwirksam	neg 1.0		__DUMMY__ 0.4664544619255662 neg 0.2884636104959754 off 0.24508192757845837	false	1.0
angreifen	neg 1.0	neg 1.0	neg 0.6344462697765813 __DUMMY__ 0.22882360674270769 off 0.13673012348071112	false	1.0
inkonsistent	neg 1.0		__DUMMY__ 0.46959537101437493 neg 0.2828445249807444 off 0.24756010400488085	false	1.0
abrutschen	neg 1.0		__DUMMY__ 0.4714358991226395 neg 0.2904480313165363 off 0.23811606956082412	false	1.0
unsicher	neg 1.0		__DUMMY__ 0.47022252118117397 neg 0.28285997110679184 off 0.24691750771203433	false	1.0
bauernkind	off 1.0	off 1.0	off 0.615502144010438 __DUMMY__ 0.2254008007562122 neg 0.15909705523334977	false	1.0
angreifer	neg 1.0		__DUMMY__ 0.47063622926621757 neg 0.2808327525543524 off 0.2485310181794301	false	1.0
trennen	neg 1.0		__DUMMY__ 0.4744252227912668 neg 0.2823293010695377 off 0.24324547613919562	false	1.0
schmutz	neg 1.0		__DUMMY__ 0.47347553681462734 neg 0.27650620346708205 off 0.25001825971829067	false	1.0
inkonsistenz	neg 1.0		__DUMMY__ 0.4656129618757465 neg 0.28413686120556675 off 0.25025017691868684	false	1.0
erschreckend	neg 1.0		__DUMMY__ 0.4687062131001006 neg 0.28641405039998236 off 0.24487973649991704	false	1.0
ertrinken	neg 1.0		__DUMMY__ 0.47162714316521986 neg 0.28542200243959637 off 0.24295085439518363	false	1.0
pickelface	off 1.0		__DUMMY__ 0.46958064425864554 neg 0.28641116439981285 off 0.24400819134154159	false	0.5
seiner			__DUMMY__ 0.47168807199613644 neg 0.2866324129914799 off 0.2416795150123837	false	0.0
lauch	neg 1.0		__DUMMY__ 0.4702564681454925 neg 0.2920559680480191 off 0.23768756380648842	false	1.0
unwichtig	neg 1.0		__DUMMY__ 0.46702787464920925 neg 0.28132771499965836 off 0.2516444103511325	false	1.0
steuerhinterziehung	neg 1.0		__DUMMY__ 0.4674401381729139 neg 0.2891648341648599 off 0.2433950276622262	false	1.0
schock	neg 1.0		__DUMMY__ 0.4725048875323304 neg 0.2808755717120962 off 0.24661954075557352	false	1.0
beule	neg 1.0		__DUMMY__ 0.46947912393971003 neg 0.2772055056577934 off 0.25331537040249646	false	1.0
vergelten	neg 1.0		__DUMMY__ 0.469258817747363 neg 0.27407346533724625 off 0.2566677169153908	false	1.0
verdorbenheit	neg 1.0		__DUMMY__ 0.4713027374609026 neg 0.28213987882169794 off 0.24655738371739955	false	1.0
trauma	neg 1.0		__DUMMY__ 0.46897834683458856 neg 0.28347324010155345 off 0.24754841306385805	false	1.0
sinnlos	neg 1.0		__DUMMY__ 0.4696288778846162 neg 0.28080378279976903 off 0.24956733931561473	false	1.0
fettsack	off 1.0	off 1.0	off 0.617083893746615 __DUMMY__ 0.22629147348708395 neg 0.15662463276630118	false	1.0
feige	off 1.0	off 1.0	off 0.613123090771495 __DUMMY__ 0.226369280300211 neg 0.1605076289282941	false	1.0
abdanken	neg 1.0		__DUMMY__ 0.467740164947821 neg 0.28762333251128164 off 0.2446365025408974	false	1.0
wichtigtuer	off 1.0	off 1.0	off 0.6113070842889603 __DUMMY__ 0.22726207488188935 neg 0.16143084082915035	false	1.0
misslingen	neg 1.0		__DUMMY__ 0.47303713396596264 neg 0.27802515172591996 off 0.24893771430811737	false	1.0
untreu	off 1.0		__DUMMY__ 0.4662575278755972 neg 0.28087625328577825 off 0.25286621883862465	false	0.5
missmutig	neg 1.0		__DUMMY__ 0.46775630360258513 neg 0.28029275957192046 off 0.2519509368254943	false	1.0
hurenbock	off 1.0		__DUMMY__ 0.47053389105721655 neg 0.28096135788365556 off 0.24850475105912787	false	0.5
betrunken	neg 1.0		__DUMMY__ 0.469298767498241 neg 0.2747436236323962 off 0.2559576088693628	false	1.0
korrupt	off 1.0		__DUMMY__ 0.4654701075739246 neg 0.29273333704322135 off 0.24179655538285397	false	0.5
unmut	neg 1.0		__DUMMY__ 0.47090723050414557 neg 0.29141519066456956 off 0.2376775788312849	false	1.0
hackfresse	off 1.0		__DUMMY__ 0.464128984290789 neg 0.27497958276845685 off 0.2608914329407541	false	0.5
aufblasen	neg 1.0		__DUMMY__ 0.4709235441312337 neg 0.28022332025368635 off 0.24885313561507993	false	1.0
gewaltsam	neg 1.0		__DUMMY__ 0.46992215501076373 neg 0.2846002378471683 off 0.24547760714206796	false	1.0
unbeliebtheit	neg 1.0		__DUMMY__ 0.46243412443911364 neg 0.288399395786271 off 0.2491664797746153	false	1.0
sturheit	neg 1.0		__DUMMY__ 0.46797036477498083 neg 0.2874974305191772 off 0.2445322047058421	false	1.0
kuh	neg 1.0		__DUMMY__ 0.4678276610163356 neg 0.28561722034946563 off 0.2465551186341989	false	1.0
erschrecken	neg 1.0		__DUMMY__ 0.46885880807079594 neg 0.2795952464635922 off 0.2515459454656118	false	1.0
opfer	neg 1.0		__DUMMY__ 0.4706304632662465 neg 0.2867107365934866 off 0.24265880014026683	false	1.0
sinken	neg 1.0		__DUMMY__ 0.4718793231255859 neg 0.2893734301985149 off 0.23874724667589917	false	1.0
stinktier	neg 1.0		__DUMMY__ 0.4648680575890873 neg 0.2776343224627009 off 0.25749761994821196	false	1.0
tucke	off 1.0		__DUMMY__ 0.461051284503449 neg 0.2787045170201446 off 0.2602441984764065	false	0.5
ein			__DUMMY__ 0.4712835025186527 neg 0.28054228430633155 off 0.24817421317501565	false	0.0
abstieg	neg 1.0		__DUMMY__ 0.4728920469601329 neg 0.2846602651691843 off 0.24244768787068288	false	1.0
missverstehen	neg 1.0		__DUMMY__ 0.4670528596029528 neg 0.2841002003689095 off 0.24884694002813768	false	1.0
ergebnislos	neg 1.0		__DUMMY__ 0.4707319203671831 neg 0.2877906872884053 off 0.24147739234441168	false	1.0
unter			__DUMMY__ 0.4772741187720629 neg 0.2878717726847355 off 0.23485410854320146	false	0.0
manipulieren	neg 1.0		__DUMMY__ 0.4696681643760689 neg 0.2899481869454291 off 0.24038364867850204	false	1.0
unbewiesen	neg 1.0		__DUMMY__ 0.46314669681371184 neg 0.292830128490706 off 0.24402317469558205	false	1.0
verschleppen	neg 1.0		__DUMMY__ 0.46968057401111907 neg 0.2872873824112388 off 0.2430320435776422	false	1.0
weib	off 1.0		__DUMMY__ 0.4640386293180914 neg 0.2751683718213246 off 0.260792998860584	false	0.5
opposition	neg 1.0		__DUMMY__ 0.46718893900354846 neg 0.2851049710680108 off 0.2477060899284408	false	1.0
verkehrswidrig	neg 1.0	neg 1.0	neg 0.6224709436979723 __DUMMY__ 0.2306757827585711 off 0.14685327354345667	false	1.0
inkorrekt	neg 1.0		__DUMMY__ 0.46324018553647917 neg 0.28361603395999657 off 0.2531437805035243	false	1.0
vermeiden	neg 1.0		__DUMMY__ 0.473536359219757 neg 0.29032524874742444 off 0.2361383920328185	false	1.0
abweichung	neg 1.0		__DUMMY__ 0.47016381036670146 neg 0.2879939001367506 off 0.24184228949654782	false	1.0
alkoholisiert	neg 1.0		__DUMMY__ 0.47634464685423716 neg 0.2805705954305391 off 0.24308475771522373	false	1.0
scheiss	off 1.0	off 1.0	off 0.6139811890527888 __DUMMY__ 0.22811766414801551 neg 0.15790114679919567	false	1.0
herausforderung	neg 1.0	neg 1.0	neg 0.628990675914876 __DUMMY__ 0.23279537439878722 off 0.1382139496863368	false	1.0
pervers	off 1.0		__DUMMY__ 0.4631162565159414 neg 0.27249648107381114 off 0.2643872624102475	false	0.5
wackelig	neg 1.0		__DUMMY__ 0.4739104591865079 neg 0.2808963681783077 off 0.24519317263518434	false	1.0
verwickeln	neg 1.0		__DUMMY__ 0.46684824578314327 neg 0.28453671716655987 off 0.24861503705029686	false	1.0
vorwand	neg 1.0		__DUMMY__ 0.47049653144532644 neg 0.289733225971386 off 0.23977024258328744	false	1.0
muschi	off 1.0		__DUMMY__ 0.4697966129960736 neg 0.2855650632054746 off 0.24463832379845182	false	0.5
entmutigung	neg 1.0		__DUMMY__ 0.46608912119372303 neg 0.2870370592128304 off 0.24687381959344654	false	1.0
unangemessen	neg 1.0		__DUMMY__ 0.4683198665666599 neg 0.28801449301513204 off 0.2436656404182081	false	1.0
unstetig	neg 1.0		__DUMMY__ 0.47104470622227906 neg 0.2806888359758822 off 0.24826645780183867	false	1.0
entmutigen	neg 1.0		__DUMMY__ 0.4689221764619411 neg 0.28308692133766455 off 0.2479909022003944	false	1.0
schwanz	neg 1.0		__DUMMY__ 0.4714415758338073 neg 0.2871261765894059 off 0.24143224757678675	false	1.0
verbot	neg 1.0		__DUMMY__ 0.46780720713235485 neg 0.28981220631101645 off 0.24238058655662859	false	1.0
leid	neg 1.0		__DUMMY__ 0.46610697492675135 neg 0.27513715352408546 off 0.25875587154916324	false	1.0
archaisch	neg 1.0		__DUMMY__ 0.46946118742436127 neg 0.28663159573672703 off 0.24390721683891184	false	1.0
gegen			__DUMMY__ 0.47276326445609673 neg 0.2873958921640773 off 0.239840843379826	false	0.0
scheidung	neg 1.0		__DUMMY__ 0.46343114805331087 off 0.26866115353671777 neg 0.26790769840997153	false	0.5
einschlag	neg 1.0	neg 1.0	neg 0.6265353578123714 __DUMMY__ 0.22795815210678688 off 0.1455064900808418	false	1.0
m			__DUMMY__ 0.4716308134072805 neg 0.2838347240807963 off 0.24453446251192312	false	0.0
abgestanden	neg 1.0		__DUMMY__ 0.47120386930776587 neg 0.2807681923419104 off 0.2480279383503237	false	1.0
schmierig	off 1.0		__DUMMY__ 0.4664557704542294 neg 0.2752846367015478 off 0.25825959284422273	false	0.5
unpraktisch	neg 1.0		__DUMMY__ 0.47196354728202045 neg 0.2792219859568867 off 0.24881446676109276	false	1.0
wixxer	off 1.0		__DUMMY__ 0.4626158926698869 neg 0.2734685194195411 off 0.26391558791057196	false	0.5
bezeichnet			__DUMMY__ 0.4683722646647554 neg 0.28612054722015345 off 0.2455071881150912	false	0.0
jammerlappen	off 1.0		__DUMMY__ 0.4672296463071261 neg 0.28086302042063194 off 0.2519073332722421	false	0.5
farce	neg 1.0		__DUMMY__ 0.46699620117183627 neg 0.28994651753165207 off 0.24305728129651186	false	1.0
zwecklos	neg 1.0		__DUMMY__ 0.4684956977797028 neg 0.2878540002121515 off 0.24365030200814575	false	1.0
turbulent	neg 1.0		__DUMMY__ 0.4664139875724084 neg 0.281491088554149 off 0.2520949238734426	false	1.0
invasion	neg 1.0		__DUMMY__ 0.46969259395096585 neg 0.28061224393508033 off 0.24969516211395393	false	1.0
schuld	neg 1.0		__DUMMY__ 0.46857938165740237 neg 0.28410359684294256 off 0.247317021499655	false	1.0
risiko	neg 1.0		__DUMMY__ 0.4706037630324706 neg 0.28216329268001705 off 0.24723294428751255	false	1.0
finster	neg 1.0		__DUMMY__ 0.47040979887763007 neg 0.2815178767737825 off 0.24807232434858748	false	1.0
geisteskrank	off 1.0		__DUMMY__ 0.46506658713003846 neg 0.28174541359760735 off 0.2531879992723542	false	0.5
zusammenbrechen	neg 1.0		__DUMMY__ 0.47070365949253606 neg 0.28409925432564864 off 0.24519708618181538	false	1.0
ausbeute	neg 1.0		__DUMMY__ 0.4745724385057988 neg 0.282729150196956 off 0.24269841129724534	false	1.0
hinterhalt	neg 1.0		__DUMMY__ 0.4722471860113348 neg 0.2826196524510672 off 0.2451331615375979	false	1.0
kritik	neg 1.0		__DUMMY__ 0.4673207140778767 neg 0.28970339639224557 off 0.24297588952987775	false	1.0
einschrumpfen	neg 1.0		__DUMMY__ 0.4658222805760638 neg 0.2853095690228136 off 0.2488681504011227	false	1.0
riskant	neg 1.0		__DUMMY__ 0.4695776819253069 neg 0.2884624004511533 off 0.24195991762353983	false	1.0
frustrieren	neg 1.0		__DUMMY__ 0.47016059059307924 neg 0.28740081153109726 off 0.24243859787582356	false	1.0
groll	neg 1.0		__DUMMY__ 0.4695768704955698 neg 0.28670722822789607 off 0.24371590127653428	false	1.0
gibt			__DUMMY__ 0.4701022778171088 neg 0.2853669516457179 off 0.24453077053717334	false	0.0
qualvoll	neg 1.0		__DUMMY__ 0.4695707777483269 neg 0.27962264298088857 off 0.2508065792707845	false	1.0
wackeln	neg 1.0	neg 1.0	neg 0.6286992262183113 __DUMMY__ 0.23018523919620704 off 0.1411155345854817	false	1.0
klagen	neg 1.0		__DUMMY__ 0.4714606293627612 neg 0.29000379343581134 off 0.2385355772014276	false	1.0
bankrott	neg 1.0		__DUMMY__ 0.4687796536996055 neg 0.280047679930433 off 0.2511726663699615	false	1.0
trauern	neg 1.0		__DUMMY__ 0.47191076048099684 neg 0.28518458791462675 off 0.24290465160437644	false	1.0
ablehnung	neg 1.0		__DUMMY__ 0.4675068925456333 neg 0.28936439193156044 off 0.2431287155228063	false	1.0
stur	neg 1.0		__DUMMY__ 0.46804186847127094 neg 0.2841001417770346 off 0.24785798975169462	false	1.0
aufruhr	neg 1.0		__DUMMY__ 0.46987953196206084 neg 0.2847475697541024 off 0.24537289828383677	false	1.0
melancholie	neg 1.0		__DUMMY__ 0.4719751977603062 neg 0.28367838037027837 off 0.24434642186941533	false	1.0
ist			__DUMMY__ 0.46935344900166653 neg 0.28188350300992865 off 0.2487630479884047	false	0.0
torheit	neg 1.0		__DUMMY__ 0.46648420352230935 neg 0.28730447372669743 off 0.2462113227509931	false	1.0
dreckskind	off 1.0		__DUMMY__ 0.46418386099467196 neg 0.27687000899625824 off 0.25894613000906974	false	0.5
umtauschen	neg 1.0		__DUMMY__ 0.4710512736350316 neg 0.2823697457109265 off 0.24657898065404185	false	1.0
zum			__DUMMY__ 0.47815788015670074 neg 0.2836229023299747 off 0.2382192175133244	false	0.0
zersetzen	neg 1.0		__DUMMY__ 0.46872157079258175 neg 0.2913864859122798 off 0.23989194329513866	false	1.0
zur			__DUMMY__ 0.4750180582965254 neg 0.28885612749306366 off 0.23612581421041093	false	0.0
frust	neg 1.0		__DUMMY__ 0.4708173299403389 neg 0.2841378091403572 off 0.24504486091930391	false	1.0
unerbittlichkeit	neg 1.0		__DUMMY__ 0.4694108514242506 neg 0.29025347657339934 off 0.2403356720023501	false	1.0
zwei			__DUMMY__ 0.4764022005051628 neg 0.2834179377171019 off 0.2401798617777354	false	0.0
unkorrekt	neg 1.0		__DUMMY__ 0.4633659950776651 neg 0.28273172405345764 off 0.25390228086887706	false	1.0
hexe	off 1.0		__DUMMY__ 0.4676717124995939 neg 0.27943263386956124 off 0.2528956536308449	false	0.5
lasch	neg 1.0		__DUMMY__ 0.4660169073380848 neg 0.2841124530644187 off 0.24987063959749645	false	1.0
rivale	neg 1.0		__DUMMY__ 0.46735632210180295 neg 0.2773558885157878 off 0.25528778938240915	false	1.0
mutlos	off 1.0	off 1.0	off 0.6070190883059844 __DUMMY__ 0.2277061333593456 neg 0.16527477833467	false	1.0
wirr	off 1.0		__DUMMY__ 0.4638396686803609 neg 0.281719453846931 off 0.2544408774727081	false	0.5
jahr			__DUMMY__ 0.4756518966853708 neg 0.2822588056883052 off 0.2420892976263241	false	0.0
wird			__DUMMY__ 0.47125362844005236 neg 0.2854201386297742 off 0.24332623293017333	false	0.0
strafbar	neg 1.0		__DUMMY__ 0.46892168833621567 neg 0.2892619888818839 off 0.24181632278190054	false	1.0
erosion	neg 1.0		__DUMMY__ 0.47057241383598375 neg 0.28177703653077013 off 0.24765054963324615	false	1.0
eingehen	neg 1.0		__DUMMY__ 0.4683356227266901 neg 0.28895735566380737 off 0.24270702160950255	false	1.0
faul	off 1.0		__DUMMY__ 0.46962802147540733 neg 0.2784497444650732 off 0.2519222340595194	false	0.5
provisorium	neg 1.0		__DUMMY__ 0.47578729525586105 neg 0.29031232577925214 off 0.23390037896488686	false	1.0
schmerzen	neg 1.0		__DUMMY__ 0.47025770691358654 neg 0.28304312017869715 off 0.24669917290771634	false	1.0
schrumpfen	neg 1.0		__DUMMY__ 0.47165936261362595 neg 0.29308180171502013 off 0.23525883567135392	false	1.0
geistlos	off 1.0		__DUMMY__ 0.46342881056441926 neg 0.2892268141046796 off 0.2473443753309012	false	0.5
fehlkauf	neg 1.0		__DUMMY__ 0.46806672017332873 neg 0.28379768558361057 off 0.24813559424306064	false	1.0
frustrierend	neg 1.0		__DUMMY__ 0.4696887279216314 neg 0.2786188705019162 off 0.2516924015764523	false	1.0
unzufrieden	neg 1.0		__DUMMY__ 0.4688969140931734 neg 0.2874491776818692 off 0.24365390822495744	false	1.0
verzweifeln	neg 1.0		__DUMMY__ 0.4699441909175989 neg 0.28392342133463694 off 0.2461323877477641	false	1.0
verzweifelt	neg 1.0		__DUMMY__ 0.46844489697950226 neg 0.283436091759087 off 0.24811901126141067	false	1.0
misstrauensantrag	neg 1.0		__DUMMY__ 0.46791677786249347 neg 0.2832834797275966 off 0.2487997424099101	false	1.0
abfallen	neg 1.0		__DUMMY__ 0.4715751530421094 neg 0.27945013588484485 off 0.24897471107304583	false	1.0
fucker	off 1.0		__DUMMY__ 0.46604393566060387 neg 0.27985358275811495 off 0.25410248158128124	false	0.5
ungezogen	neg 1.0		__DUMMY__ 0.46475272469850276 neg 0.272304250639185 off 0.2629430246623123	false	1.0
irrsinnig	neg 1.0	neg 1.0	neg 0.6314768101649361 __DUMMY__ 0.22790377610882775 off 0.14061941372623618	false	1.0
unfassbar	neg 1.0		__DUMMY__ 0.4671542771660834 neg 0.2800323515487044 off 0.2528133712852123	false	1.0
hart	neg 1.0		__DUMMY__ 0.46849033600297396 neg 0.28094090272634903 off 0.2505687612706771	false	1.0
widerlich	off 1.0		__DUMMY__ 0.46516667327587785 neg 0.28168604588499735 off 0.2531472808391249	false	0.5
fatal	neg 1.0		__DUMMY__ 0.4683435773666431 neg 0.28302594721294777 off 0.2486304754204091	false	1.0
bruch	neg 1.0		__DUMMY__ 0.4708254114474367 neg 0.2906665371743255 off 0.2385080513782378	false	1.0
aushungern	neg 1.0		__DUMMY__ 0.46693072038143335 neg 0.2890933582387609 off 0.24397592137980575	false	1.0
anspannung	neg 1.0	neg 1.0	neg 0.6316259611886984 __DUMMY__ 0.23310819005263736 off 0.1352658487586643	false	1.0
von			__DUMMY__ 0.47544607766930574 neg 0.28341185945465097 off 0.2411420628760433	false	0.0
kraftlos	neg 1.0		__DUMMY__ 0.47241396607252195 neg 0.28251350695867916 off 0.24507252696879875	false	1.0
vom			__DUMMY__ 0.4782372984196156 neg 0.28606980340946486 off 0.23569289817091957	false	0.0
grenzdebil	off 1.0		__DUMMY__ 0.46725221166385855 neg 0.2786418453112847 off 0.2541059430248568	false	0.5
vor			__DUMMY__ 0.47259165854511775 neg 0.2867703146792061 off 0.24063802677567614	false	0.0
unterwerfen	neg 1.0		__DUMMY__ 0.4697693844562595 neg 0.2882936391846883 off 0.24193697635905226	false	1.0
versenkung	neg 1.0		__DUMMY__ 0.47035101647315636 neg 0.28781200262708156 off 0.2418369808997621	false	1.0
entziehen	neg 1.0		__DUMMY__ 0.47106217256834887 neg 0.2897852444463712 off 0.23915258298527992	false	1.0
finanzkrise	neg 1.0		__DUMMY__ 0.4668788467910344 neg 0.2889956671830067 off 0.2441254860259589	false	1.0
schimpfend	neg 1.0		__DUMMY__ 0.4719563119331298 neg 0.2792470475019327 off 0.24879664056493742	false	1.0
profan	neg 1.0		__DUMMY__ 0.46864917994215166 neg 0.2814406828331016 off 0.24991013722474667	false	1.0
korruption	neg 1.0	neg 1.0	neg 0.6349356005163225 __DUMMY__ 0.22750759456167746 off 0.13755680492200006	false	1.0
â			__DUMMY__ 0.4712241641445849 neg 0.28573675952717076 off 0.24303907632824423	false	0.0
schmutzig	neg 1.0		__DUMMY__ 0.46794655746229885 neg 0.27840355521975496 off 0.25364988731794613	false	1.0
sexy	neg 1.0		__DUMMY__ 0.46836815619902394 neg 0.28111445757683773 off 0.2505173862241384	false	1.0
abraten	neg 1.0		__DUMMY__ 0.4692373455767397 neg 0.281878001793703 off 0.24888465262955722	false	1.0
schwarz	neg 1.0		__DUMMY__ 0.4681945940860327 neg 0.28397986943747133 off 0.24782553647649594	false	1.0
fotze	off 1.0		__DUMMY__ 0.47015928459059564 neg 0.28770861423701505 off 0.24213210117238923	false	0.5
verwirren	neg 1.0		__DUMMY__ 0.46869885709455283 neg 0.28109787189225877 off 0.2502032710131884	false	1.0
zahnlos	off 1.0		__DUMMY__ 0.4686740997751997 neg 0.28772359768884803 off 0.24360230253595236	false	0.5
verheeren	neg 1.0		__DUMMY__ 0.4649463906126547 neg 0.2709868323612526 off 0.2640667770260927	false	1.0
hippie	neg 1.0		__DUMMY__ 0.4680558276162067 neg 0.28217148320730273 off 0.24977268917649076	false	1.0
rammen	neg 1.0		__DUMMY__ 0.4692019511448247 neg 0.2834095397444847 off 0.24738850911069074	false	1.0
unlauter	neg 1.0		__DUMMY__ 0.46534425610754543 neg 0.2891415656743279 off 0.24551417821812654	false	1.0
unheilvoll	neg 1.0		__DUMMY__ 0.47108016863324015 neg 0.2788258760443259 off 0.250093955322434	false	1.0
niedrig	neg 1.0		__DUMMY__ 0.47145502990060756 neg 0.287033107831382 off 0.2415118622680105	false	1.0
explosion	neg 1.0		__DUMMY__ 0.4678926057388072 neg 0.2830762893251179 off 0.24903110493607478	false	1.0
weichei	off 1.0		__DUMMY__ 0.4647325863351523 neg 0.2759935838943315 off 0.2592738297705162	false	0.5
minusmensch	off 1.0		__DUMMY__ 0.46033692413860083 neg 0.2776716026804556 off 0.2619914731809436	false	0.5
farblos	neg 1.0		__DUMMY__ 0.47373472147538953 neg 0.2794941481725783 off 0.24677113035203227	false	1.0
unwissend	neg 1.0	neg 1.0	neg 0.629697823312941 __DUMMY__ 0.2269922588470995 off 0.14330991783995944	false	1.0
traurig	neg 1.0		__DUMMY__ 0.46716222163886983 neg 0.27635777287404295 off 0.25648000548708716	false	1.0
senkung	neg 1.0		__DUMMY__ 0.4664655910098439 neg 0.28472534546864114 off 0.24880906352151488	false	1.0
ungleich	neg 1.0	neg 1.0	neg 0.6353474702994464 __DUMMY__ 0.22785440751916006 off 0.13679812218139373	false	1.0
heikel	neg 1.0		__DUMMY__ 0.46964946378872324 neg 0.2898123566143116 off 0.24053817959696525	false	1.0
drosselung	neg 1.0		__DUMMY__ 0.46793492987735485 neg 0.278381147014728 off 0.25368392310791726	false	1.0
falsch	neg 1.0		__DUMMY__ 0.468299736900349 neg 0.2802445542050026 off 0.2514557088946484	false	1.0
unzufriedenheit	neg 1.0		__DUMMY__ 0.4697876990954227 neg 0.2903934855398704 off 0.23981881536470706	false	1.0
kurz	neg 1.0		__DUMMY__ 0.4726750386614329 neg 0.2815201289508478 off 0.24580483238771936	false	1.0
unsinnig	neg 1.0		__DUMMY__ 0.46767888564747556 neg 0.28848984765384944 off 0.243831266698675	false	1.0
penner	off 1.0	off 1.0	off 0.6186253490547775 __DUMMY__ 0.2256749090223273 neg 0.15569974192289515	false	1.0
seicht	neg 1.0		__DUMMY__ 0.4618701325499618 neg 0.2764951341605248 off 0.26163473328951337	false	1.0
dummheit	off 1.0	off 1.0	off 0.6114487809480352 __DUMMY__ 0.22698312466628923 neg 0.16156809438567554	false	1.0
unerfreulich	neg 1.0		__DUMMY__ 0.4715017628641283 neg 0.28841420113793453 off 0.2400840359979372	false	1.0
motherfucker	off 1.0	off 1.0	off 0.6142331624075534 __DUMMY__ 0.22631191282214963 neg 0.1594549247702969	false	1.0
pikiert	neg 1.0		__DUMMY__ 0.4651695919695013 neg 0.2830518263542917 off 0.25177858167620704	false	1.0
wrack	neg 1.0		__DUMMY__ 0.4738223596575149 neg 0.28301397590424276 off 0.24316366443824228	false	1.0
gangster	neg 1.0		__DUMMY__ 0.4687297820396572 neg 0.2816894822802417 off 0.2495807356801011	false	1.0
krank	neg 1.0		__DUMMY__ 0.46849301282098754 neg 0.2766583628293825 off 0.25484862434963	false	1.0
reich	neg 1.0		__DUMMY__ 0.4664002583248061 neg 0.28295308801693436 off 0.2506466536582595	false	1.0
gnadenlos	neg 1.0		__DUMMY__ 0.4690966501555757 neg 0.28336837988110125 off 0.24753496996332308	false	1.0
niedergeschlagen	neg 1.0		__DUMMY__ 0.47140585707200416 neg 0.2829710661512921 off 0.24562307677670364	false	1.0
terrorisieren	off 1.0	off 1.0	off 0.6077670490320094 __DUMMY__ 0.228931856274986 neg 0.16330109469300455	false	1.0
sinnlosigkeit	neg 1.0		__DUMMY__ 0.46898659348256605 neg 0.28714863449175854 off 0.24386477202567536	false	1.0
behindern	neg 1.0		__DUMMY__ 0.46883678350332314 neg 0.28589672322276805 off 0.24526649327390887	false	1.0
undemokratisch	neg 1.0		__DUMMY__ 0.4663604332489248 neg 0.28738276032872817 off 0.24625680642234712	false	1.0
wirtschaftskrise	neg 1.0		__DUMMY__ 0.4685095242799829 neg 0.289544464928339 off 0.24194601079167813	false	1.0
neid	neg 1.0		__DUMMY__ 0.47016022438913413 neg 0.27697330204200155 off 0.2528664735688644	false	1.0
rutschen	neg 1.0	neg 1.0	neg 0.6304020037876662 __DUMMY__ 0.2330306151093344 off 0.13656738110299937	false	1.0
rezession	neg 1.0		__DUMMY__ 0.46379711463227163 neg 0.2801323577589901 off 0.2560705276087383	false	1.0
fehlgeburt	neg 1.0		__DUMMY__ 0.47082148034824295 neg 0.27959395280360905 off 0.2495845668481479	false	1.0
charakterschwach	off 1.0		__DUMMY__ 0.4665586675805127 neg 0.28016684470800124 off 0.253274487711486	false	0.5
isolation	neg 1.0		__DUMMY__ 0.4696113124353526 neg 0.2787623650739278 off 0.2516263224907194	false	1.0
ablenkung	neg 1.0		__DUMMY__ 0.46996592906799234 neg 0.2828780644022704 off 0.24715600652973724	false	1.0
pech	neg 1.0		__DUMMY__ 0.4695334773401127 neg 0.27897761511891744 off 0.2514889075409699	false	1.0
vermeidung	neg 1.0		__DUMMY__ 0.46606435623954307 neg 0.2806306843012171 off 0.2533049594592398	false	1.0
dominieren	neg 1.0		__DUMMY__ 0.47274279349781584 neg 0.28374878128785197 off 0.24350842521433216	false	1.0
schwindlig	neg 1.0		__DUMMY__ 0.47196773161452793 neg 0.277318339528892 off 0.25071392885658017	false	1.0
lutscher	neg 1.0		__DUMMY__ 0.46263011541982757 neg 0.27458048731956114 off 0.26278939726061135	false	1.0
pflicht	neg 1.0		__DUMMY__ 0.4699851730894836 neg 0.2895377783093118 off 0.2404770486012045	false	1.0
faschist	off 1.0		__DUMMY__ 0.46529077411276826 neg 0.28617762792561663 off 0.24853159796161514	false	0.5
verschleudern	neg 1.0		__DUMMY__ 0.4664097384073735 neg 0.2934490931716754 off 0.24014116842095112	false	1.0
wenn			__DUMMY__ 0.46818781660417785 neg 0.28013224496678923 off 0.25167993842903286	false	0.0
ehebruch	neg 1.0		__DUMMY__ 0.4686724300618071 neg 0.2891564317472168 off 0.24217113819097605	false	1.0
spott	off 1.0		__DUMMY__ 0.4683558633092024 neg 0.29024563549895993 off 0.2413985011918376	false	0.5
trostlosigkeit	neg 1.0		__DUMMY__ 0.47100627602288914 neg 0.2896053982557436 off 0.23938832572136717	false	1.0
lutschen	neg 1.0		__DUMMY__ 0.4674692610054522 neg 0.283609013880487 off 0.24892172511406072	false	1.0
undiszipliniert	neg 1.0		__DUMMY__ 0.4673108933759105 neg 0.2772479190695778 off 0.25544118755451173	false	1.0
kopfschmerz	neg 1.0		__DUMMY__ 0.4718471366382605 neg 0.28253991808664275 off 0.2456129452750969	false	1.0
unvorhergesehen	neg 1.0		__DUMMY__ 0.4748236788935242 neg 0.2812127415919168 off 0.24396357951455905	false	1.0
desinteressiert	neg 1.0		__DUMMY__ 0.4660263425228957 neg 0.27921233337996526 off 0.254761324097139	false	1.0
armselig	off 1.0		__DUMMY__ 0.4637671485717281 neg 0.28119074246740283 off 0.2550421089608691	false	0.5
desaster	neg 1.0		__DUMMY__ 0.47061192631413445 neg 0.29162763856251883 off 0.23776043512334674	false	1.0
tod	neg 1.0		__DUMMY__ 0.47239586165308295 neg 0.2840592967596257 off 0.24354484158729128	false	1.0
herzlos	neg 1.0		__DUMMY__ 0.4653838390265844 neg 0.2782808636644409 off 0.25633529730897475	false	1.0
unwissenheit	neg 1.0		__DUMMY__ 0.46709114518134465 neg 0.2901350471116062 off 0.24277380770704915	false	1.0
widersinnig	neg 1.0	neg 1.0	neg 0.6352563519381142 __DUMMY__ 0.22673993316978588 off 0.13800371489209998	false	1.0
bedenklich	neg 1.0		__DUMMY__ 0.4689008868445505 neg 0.2890766328884328 off 0.24202248026701678	false	1.0
beanstanden	neg 1.0		__DUMMY__ 0.4710487832538341 neg 0.2887996122495627 off 0.24015160449660322	false	1.0
panisch	neg 1.0	neg 1.0	neg 0.6267017419968841 __DUMMY__ 0.23052990218355218 off 0.14276835581956374	false	1.0
debil	off 1.0		__DUMMY__ 0.4734145312808758 neg 0.29168780518423126 off 0.23489766353489305	false	0.5
abstrich	neg 1.0		__DUMMY__ 0.469935561195831 neg 0.2872497347135221 off 0.24281470409064682	false	1.0
primitiv	neg 1.0		__DUMMY__ 0.4652738075558815 neg 0.2810020231034665 off 0.2537241693406519	false	1.0
abschaum	off 1.0	off 1.0	off 0.6128579033917491 __DUMMY__ 0.22666912810734582 neg 0.16047296850090503	false	1.0
provozieren	neg 1.0		__DUMMY__ 0.46802460903995285 neg 0.28508550441423763 off 0.24688988654580957	false	1.0
tot	neg 1.0		__DUMMY__ 0.4710354782911038 neg 0.28661455508801853 off 0.24234996662087768	false	1.0
instabil	neg 1.0		__DUMMY__ 0.46456801059070163 neg 0.2822524409551359 off 0.2531795484541625	false	1.0
schwuchtel	off 1.0		__DUMMY__ 0.46066479313174885 neg 0.27166943368478813 off 0.267665773183463	false	0.5
zerren	neg 1.0		__DUMMY__ 0.47160125547917975 neg 0.28254610883594516 off 0.2458526356848751	false	1.0
kinderficker	off 1.0		__DUMMY__ 0.4625745523300965 neg 0.27982479697526524 off 0.2576006506946382	false	0.5
gefahr	neg 1.0		__DUMMY__ 0.4712551745876936 neg 0.28817552309640604 off 0.2405693023159003	false	1.0
rabiat	neg 1.0		__DUMMY__ 0.4680747938110861 neg 0.28586135190310824 off 0.24606385428580577	false	1.0
verlangsamung	neg 1.0		__DUMMY__ 0.46313356120960386 neg 0.2769213725893944 off 0.2599450662010017	false	1.0
ausgestorben	neg 1.0		__DUMMY__ 0.4706214472904955 neg 0.28308999328587586 off 0.24628855942362876	false	1.0
anklagen	neg 1.0		__DUMMY__ 0.468751543232104 neg 0.28720603464490313 off 0.24404242212299287	false	1.0
trott	neg 1.0		__DUMMY__ 0.47048939648083854 neg 0.2833202971124085 off 0.24619030640675305	false	1.0
verminderung	neg 1.0		__DUMMY__ 0.46585295128373144 neg 0.2799456381293946 off 0.254201410586874	false	1.0
nach			__DUMMY__ 0.4781405004478417 neg 0.2831228781977198 off 0.23873662135443843	false	0.0
rost	neg 1.0		__DUMMY__ 0.46358700695349925 neg 0.2779161639307003 off 0.2584968291158004	false	1.0
destruktiv	neg 1.0		__DUMMY__ 0.46654859539987686 neg 0.28857956035611493 off 0.2448718442440081	false	1.0
unzumutbarkeit	neg 1.0		__DUMMY__ 0.46957752309173906 neg 0.2778344836389413 off 0.2525879932693197	false	1.0
labil	off 1.0	off 1.0	off 0.6129507603955875 __DUMMY__ 0.2270584183740518 neg 0.15999082123036074	false	1.0
ziemlich	neg 1.0		__DUMMY__ 0.4686662984773173 neg 0.27738403904957826 off 0.2539496624731046	false	1.0
lachnummer	off 1.0		__DUMMY__ 0.4683591367589435 neg 0.2857463774994684 off 0.24589448574158815	false	0.5
oder			__DUMMY__ 0.47145291026290026 neg 0.2808042369268438 off 0.2477428528102559	false	0.0
verfall	neg 1.0		__DUMMY__ 0.4715786610812879 neg 0.293168818008016 off 0.23525252091069612	false	1.0
ausgrenzung	neg 1.0		__DUMMY__ 0.4657871272801257 neg 0.28730491043740164 off 0.24690796228247255	false	1.0
unordnung	neg 1.0		__DUMMY__ 0.4695873125955229 neg 0.2768488029878387 off 0.2535638844166383	false	1.0
fehlverhalten	neg 1.0		__DUMMY__ 0.4694735968160032 neg 0.28987641705010914 off 0.24064998613388763	false	1.0
eine			__DUMMY__ 0.4714680044904215 neg 0.287904483141756 off 0.24062751236782245	false	0.0
nille	neg 1.0		__DUMMY__ 0.46996645423270195 neg 0.2847716436611204 off 0.2452619021061776	false	1.0
qual	neg 1.0		__DUMMY__ 0.47007847069222725 neg 0.2841460658082043 off 0.2457754634995684	false	1.0
verschwenden	neg 1.0		__DUMMY__ 0.46937956070619197 neg 0.2878243830807953 off 0.24279605621301284	false	1.0
riesig	neg 1.0	neg 1.0	neg 0.631272602598208 __DUMMY__ 0.23040141201724137 off 0.13832598538455054	false	1.0
verurteilen	neg 1.0		__DUMMY__ 0.468094509446657 neg 0.2887270732584705 off 0.24317841729487244	false	1.0
klischee	neg 1.0	neg 1.0	neg 0.6312779193047118 __DUMMY__ 0.22671386971762697 off 0.14200821097766134	false	1.0
diktatorisch	neg 1.0		__DUMMY__ 0.4647511550384945 neg 0.2889810120755415 off 0.2462678328859641	false	1.0
vorhersehbar	neg 1.0	neg 1.0	neg 0.6309592334239831 __DUMMY__ 0.2272900878060427 off 0.14175067876997421	false	1.0
sowie			__DUMMY__ 0.46435221368080226 neg 0.27737248474404536 off 0.2582753015751523	false	0.0
stornieren	neg 1.0		__DUMMY__ 0.47397280379942575 neg 0.2767953195327 off 0.24923187666787425	false	1.0
besteuerung	neg 1.0		__DUMMY__ 0.46651944705982135 neg 0.2873464405423977 off 0.24613411239778082	false	1.0
ungeschminkt	neg 1.0		__DUMMY__ 0.4666296414081448 neg 0.27997986397275276 off 0.2533904946191024	false	1.0
kritisch	neg 1.0		__DUMMY__ 0.4692530724316873 neg 0.2888282862245514 off 0.24191864134376134	false	1.0
schlamperei	off 1.0		__DUMMY__ 0.46932503329949515 neg 0.2900665446158312 off 0.24060842208467378	false	0.5
sucht	neg 1.0	neg 1.0	neg 0.6301048930150921 __DUMMY__ 0.2296011677737013 off 0.14029393921120661	false	1.0
egoistisch	off 1.0		__DUMMY__ 0.4650427625906977 neg 0.2756961393838493 off 0.25926109802545294	false	0.5
ausbeuter	off 1.0		__DUMMY__ 0.468229741463768 neg 0.2917932799031907 off 0.23997697863304127	false	0.5
arschgeburt	off 1.0		__DUMMY__ 0.4598811084756821 neg 0.272611586710277 off 0.2675073048140409	false	0.5
schubs	neg 1.0	neg 1.0	neg 0.6301278897254199 __DUMMY__ 0.23063353843520532 off 0.1392385718393748	false	1.0
unsolide	neg 1.0		__DUMMY__ 0.46267396227837465 neg 0.291232639806228 off 0.24609339791539744	false	1.0
beschwerde	neg 1.0		__DUMMY__ 0.4694062112163653 neg 0.2897068096404593 off 0.24088697914317556	false	1.0
stocken	neg 1.0		__DUMMY__ 0.4701256556040125 neg 0.2879850991529793 off 0.24188924524300834	false	1.0
isolieren	neg 1.0		__DUMMY__ 0.4687346051584453 neg 0.28852351461312703 off 0.24274188022842774	false	1.0
unheilbar	neg 1.0		__DUMMY__ 0.46958614128020415 neg 0.2832496709643508 off 0.2471641877554452	false	1.0
pisser	off 1.0		__DUMMY__ 0.4670642114661121 neg 0.2781232937605792 off 0.25481249477330875	false	0.5
löschen	neg 1.0		__DUMMY__ 0.46941564996872254 neg 0.28426583245649534 off 0.24631851757478218	false	1.0
durchfallen	neg 1.0		__DUMMY__ 0.468266873704551 neg 0.2885270299656656 off 0.2432060963297834	false	1.0
wichser	off 1.0		__DUMMY__ 0.4633140929006389 neg 0.27210973287511064 off 0.26457617422425045	false	0.5
terror	neg 1.0		__DUMMY__ 0.47037967035294076 neg 0.27928724130215404 off 0.25033308834490514	false	1.0
krass	neg 1.0		__DUMMY__ 0.4660703439591545 neg 0.27669417509288374 off 0.25723548094796167	false	1.0
revolte	neg 1.0		__DUMMY__ 0.466226237640729 neg 0.28592050778599093 off 0.24785325457328014	false	1.0
besorgt	neg 1.0		__DUMMY__ 0.4723949533814096 neg 0.282543661110537 off 0.24506138550805345	false	1.0
nachlassen	neg 1.0		__DUMMY__ 0.47018425000855624 neg 0.28839669317481104 off 0.24141905681663262	false	1.0
alt	neg 1.0		__DUMMY__ 0.470794191051178 neg 0.2861933258144805 off 0.24301248313434148	false	1.0
hundesohn	off 1.0		__DUMMY__ 0.46222551888295343 neg 0.27567428098548874 off 0.2621002001315579	false	0.5
als			__DUMMY__ 0.47189749720908064 neg 0.2829036611610889 off 0.24519884162983038	false	0.0
abschreckung	neg 1.0		__DUMMY__ 0.47043078865827664 neg 0.2903847267781866 off 0.23918448456353683	false	1.0
unqualifiziert	neg 1.0		__DUMMY__ 0.4649658499572311 neg 0.2859925421643496 off 0.24904160787841936	false	1.0
abgewichst	off 1.0		__DUMMY__ 0.4703350420609005 neg 0.28504618096213546 off 0.24461877697696396	false	0.5
schwer	neg 1.0		__DUMMY__ 0.469962164893522 neg 0.2833885531289307 off 0.24664928197754726	false	1.0
bedeutungslosigkeit	neg 1.0		__DUMMY__ 0.47002054900147566 neg 0.28977882737158595 off 0.2402006236269384	false	1.0
kapitulation	neg 1.0		__DUMMY__ 0.4671653494897965 neg 0.29204441418976557 off 0.24079023632043786	false	1.0
unscharf	neg 1.0		__DUMMY__ 0.46916007136293847 neg 0.2813319292995536 off 0.2495079993375078	false	1.0
schwinden	neg 1.0		__DUMMY__ 0.46998712964283423 neg 0.2900232130637932 off 0.2399896572933726	false	1.0
versklavung	neg 1.0		__DUMMY__ 0.4645254348611349 neg 0.28981011380785665 off 0.24566445133100853	false	1.0
schlecht	neg 1.0		__DUMMY__ 0.46874247239140504 neg 0.27716505847564693 off 0.25409246913294814	false	1.0
verhasst	neg 1.0		__DUMMY__ 0.46792988604647323 neg 0.28474430766946973 off 0.24732580628405718	false	1.0
beschweren	neg 1.0		__DUMMY__ 0.4688860560848667 neg 0.28234489886624753 off 0.24876904504888575	false	1.0
scheiden	neg 1.0		__DUMMY__ 0.47429224371849354 neg 0.2768778675464987 off 0.24882988873500794	false	1.0
frustriert	neg 1.0		__DUMMY__ 0.47023709685042353 neg 0.2843230502095118 off 0.24543985294006468	false	1.0
schimmelig	neg 1.0		__DUMMY__ 0.4720248468637914 neg 0.28528032012369614 off 0.24269483301251235	false	1.0
fisch	neg 1.0		__DUMMY__ 0.47575446115324 neg 0.28167506971805467 off 0.24257046912870545	false	1.0
schmuggel	neg 1.0		__DUMMY__ 0.4732096187616259 neg 0.2854766031585947 off 0.2413137780797794	false	1.0
auffallen	neg 1.0		__DUMMY__ 0.46937364743802396 neg 0.2807787545110459 off 0.2498475980509302	false	1.0
konkurrenz	neg 1.0	neg 1.0	neg 0.6334551394617904 __DUMMY__ 0.23036486736323883 off 0.13617999317497073	false	1.0
teufelskreis	neg 1.0	neg 1.0	neg 0.6327785198644849 __DUMMY__ 0.2279332362024234 off 0.13928824393309172	false	1.0
aufschreien	neg 1.0		__DUMMY__ 0.4674675772138087 neg 0.2836195483336992 off 0.24891287445249227	false	1.0
schuldner	neg 1.0		__DUMMY__ 0.4705562600224648 neg 0.2888956708042546 off 0.2405480691732805	false	1.0
missgeburt	off 1.0	off 1.0	off 0.6169198609959334 __DUMMY__ 0.2259743052024528 neg 0.15710583380161386	false	1.0
arbeitslos	neg 1.0		__DUMMY__ 0.46849348851066197 neg 0.2878898618303407 off 0.24361664965899746	false	1.0
befallen	neg 1.0		__DUMMY__ 0.4669152083615215 neg 0.28984240393068184 off 0.24324238770779674	false	1.0
miesepetrig	off 1.0	off 1.0	off 0.6142418936211843 __DUMMY__ 0.22812781257764383 neg 0.15763029380117172	false	1.0
alarmieren	neg 1.0		__DUMMY__ 0.46601287208210873 neg 0.28317118380306183 off 0.2508159441148295	false	1.0
ungeduscht	off 1.0		__DUMMY__ 0.46986019541964946 neg 0.2787071554459264 off 0.25143264913442404	false	0.5
knappheit	neg 1.0		__DUMMY__ 0.46779320198191954 neg 0.2910639187259132 off 0.24114287929216727	false	1.0
schlange	neg 1.0		__DUMMY__ 0.4721691049296075 neg 0.277876777687162 off 0.2499541173832304	false	1.0
harsch	neg 1.0		__DUMMY__ 0.4683223412454173 neg 0.27289883259803754 off 0.2587788261565452	false	1.0
lang	neg 1.0		__DUMMY__ 0.4696147724696283 neg 0.28342460762129856 off 0.2469606199090732	false	1.0
ziellos	neg 1.0		__DUMMY__ 0.47199969246739565 neg 0.2835803052988053 off 0.24442000223379898	false	1.0
selbstverliebt	neg 1.0		__DUMMY__ 0.46060170644554044 neg 0.27477804710932385 off 0.26462024644513565	false	1.0
beseitigen	neg 1.0	neg 1.0	neg 0.6300428841653838 __DUMMY__ 0.23009780835685048 off 0.13985930747776576	false	1.0
dumm	off 1.0		__DUMMY__ 0.4641054024302495 neg 0.27574530279828013 off 0.2601492947714705	false	0.5
arbeitsloser	neg 1.0		__DUMMY__ 0.4707083056291192 neg 0.2859151074749169 off 0.24337658689596386	false	1.0
blitzen	neg 1.0		__DUMMY__ 0.4683045734370113 neg 0.28161322993267207 off 0.2500821966303168	false	1.0
hilflos	neg 1.0		__DUMMY__ 0.4700334992649534 neg 0.2852201849737414 off 0.24474631576130515	false	1.0
eklig	off 1.0		__DUMMY__ 0.464227769192953 neg 0.27476652934842744 off 0.26100570145861957	false	0.5
begriff			__DUMMY__ 0.4682039067265466 neg 0.2872711757607689 off 0.24452491751268457	false	0.0
hungersnot	neg 1.0		__DUMMY__ 0.46967151488880415 neg 0.2860871121595644 off 0.2442413729516316	false	1.0
ungesetzlich	neg 1.0		__DUMMY__ 0.46306279940260303 neg 0.2904460467250989 off 0.24649115387229809	false	1.0
verschwendung	neg 1.0		__DUMMY__ 0.47003705456918676 neg 0.28848003457705723 off 0.24148291085375612	false	1.0
schmerzvoll	neg 1.0		__DUMMY__ 0.4692702750661882 neg 0.28187602309810733 off 0.2488537018357044	false	1.0
vorzeitig	neg 1.0		__DUMMY__ 0.4700705953996469 neg 0.279229051522742 off 0.250700353077611	false	1.0
unvollkommenheit	neg 1.0		__DUMMY__ 0.4729070776427655 neg 0.2823617030012197 off 0.24473121935601488	false	1.0
intervenieren	neg 1.0		__DUMMY__ 0.4683003604562793 neg 0.2913071897196208 off 0.24039244982409994	false	1.0
banause	off 1.0		__DUMMY__ 0.46251786753022345 neg 0.27456513082650275 off 0.26291700164327364	false	0.5
rebell	neg 1.0		__DUMMY__ 0.4721191833477369 neg 0.2898340531571632 off 0.23804676349509973	false	1.0
unlogisch	neg 1.0		__DUMMY__ 0.4662392587032794 neg 0.27744335832281264 off 0.256317382973908	false	1.0
leiden	neg 1.0		__DUMMY__ 0.4756007594266689 neg 0.28139380372183515 off 0.24300543685149592	false	1.0
abschaffung	neg 1.0		__DUMMY__ 0.4671013942297548 neg 0.2867227399069969 off 0.24617586586324833	false	1.0
sturz	neg 1.0		__DUMMY__ 0.4708377936955274 neg 0.2822357066571643 off 0.24692649964730815	false	1.0
verkleinerung	neg 1.0		__DUMMY__ 0.4654742989718336 neg 0.2857828092597923 off 0.24874289176837397	false	1.0
schmarotzer	off 1.0		__DUMMY__ 0.46761915880772914 neg 0.28929760313670455 off 0.2430832380555664	false	0.5
bestrafung	neg 1.0		__DUMMY__ 0.46805890941776207 neg 0.2841954600296066 off 0.24774563055263135	false	1.0
achtlos	neg 1.0		__DUMMY__ 0.47099614992804256 neg 0.2820405033036798 off 0.24696334676827764	false	1.0
ungeheuer	neg 1.0		__DUMMY__ 0.47006840883045514 neg 0.2791600975548971 off 0.2507714936146476	false	1.0
unaufrichtig	neg 1.0		__DUMMY__ 0.4654882180419684 neg 0.2868076565620729 off 0.24770412539595862	false	1.0
groggy	neg 1.0		__DUMMY__ 0.4676092148688304 neg 0.2831703171719301 off 0.24922046795923955	false	1.0
verletzlich	neg 1.0		__DUMMY__ 0.4670587768593967 neg 0.2780592673189928 off 0.25488195582161055	false	1.0
