unsolidarisch	neg 1.0		__DUMMY__ 0.9217834778498991 neg 0.04449194590936391 off 0.03372457624073703	false	1.0
nachteilig	neg 1.0		__DUMMY__ 0.9285596180507121 neg 0.04103743621987257 off 0.030402945729415373	false	1.0
skeptisch	neg 1.0		__DUMMY__ 0.9294694172142646 neg 0.04058618731825565 off 0.029944395467479786	false	1.0
schrecklich	neg 1.0		__DUMMY__ 0.9249955693598363 off 0.04037780510946179 neg 0.03462662553070193	false	0.5
schlapp	neg 1.0		__DUMMY__ 0.928085929539855 off 0.036686980755356716 neg 0.035227089704788196	false	0.5
abfall	neg 1.0		__DUMMY__ 0.9300293944521982 neg 0.04204911941938388 off 0.027921486128417834	false	1.0
widerspenstig	neg 1.0		__DUMMY__ 0.9282401327599413 neg 0.03865831966166146 off 0.033101547578397235	false	1.0
abrupt	neg 1.0		__DUMMY__ 0.9326491901637372 neg 0.03753718538058579 off 0.0298136244556771	false	1.0
unwirksam	neg 1.0		__DUMMY__ 0.9248525668199874 neg 0.041901662458727784 off 0.03324577072128488	false	1.0
angreifen	neg 1.0	neg 1.0	neg 0.5075968631848999 __DUMMY__ 0.46487626397990606 off 0.027526872835194015	false	1.0
inkonsistent	neg 1.0		__DUMMY__ 0.9287527822764602 neg 0.03757962333994468 off 0.03366759438359517	false	1.0
abrutschen	neg 1.0		__DUMMY__ 0.9303511265320863 neg 0.041454921271978945 off 0.028193952195934756	false	1.0
unsicher	neg 1.0		__DUMMY__ 0.9289662707335176 neg 0.03749296899224892 off 0.03354076027423348	false	1.0
bauernkind	off 1.0	off 1.0	off 0.5063237481096083 __DUMMY__ 0.4590231225735516 neg 0.03465312931684006	false	1.0
angreifer	neg 1.0		__DUMMY__ 0.9297073557688428 neg 0.03586264544562837 off 0.03442999878552883	false	1.0
trennen	neg 1.0		__DUMMY__ 0.933932411222877 neg 0.035782782801575125 off 0.03028480597554796	false	1.0
schmutz	neg 1.0		__DUMMY__ 0.9335263454900183 off 0.03418297089035098 neg 0.03229068361963063	false	0.5
inkonsistenz	neg 1.0		__DUMMY__ 0.9239996308544691 neg 0.03934734497963169 off 0.03665302416589916	false	1.0
erschreckend	neg 1.0		__DUMMY__ 0.9272627233748729 neg 0.039903765552066275 off 0.03283351107306076	false	1.0
ertrinken	neg 1.0		__DUMMY__ 0.9306040435414695 neg 0.03849621607927152 off 0.030899740379258942	false	1.0
pickelface	off 1.0		__DUMMY__ 0.9286164749985363 neg 0.03949004021504443 off 0.03189348478641934	false	0.5
seiner			__DUMMY__ 0.9307398870258143 neg 0.0390776856849262 off 0.03018242728925946	false	0.0
lauch	neg 1.0		__DUMMY__ 0.9292638123293465 neg 0.042745456427630904 off 0.027990731243022572	false	1.0
unwichtig	neg 1.0		__DUMMY__ 0.9254631885887271 neg 0.037534883734909145 off 0.03700192767636367	false	1.0
steuerhinterziehung	neg 1.0		__DUMMY__ 0.9260248578966465 neg 0.04159521297129603 off 0.03237992913205754	false	1.0
schock	neg 1.0		__DUMMY__ 0.9316716260210578 neg 0.03562403131585129 off 0.03270434266309082	false	1.0
beule	neg 1.0		__DUMMY__ 0.9286839117843897 off 0.03678992954488901 neg 0.034526158670721216	false	0.5
vergelten	neg 1.0		__DUMMY__ 0.9284533108563895 off 0.039501922715997555 neg 0.032044766427612933	false	0.5
verdorbenheit	neg 1.0		__DUMMY__ 0.930579612484579 neg 0.036873902878061485 off 0.03254648463735955	false	1.0
trauma	neg 1.0		__DUMMY__ 0.927645748101742 neg 0.038213687773556895 off 0.03414056412470107	false	1.0
sinnlos	neg 1.0		__DUMMY__ 0.9284452477641666 neg 0.036375822281101006 off 0.035178929954732395	false	1.0
fettsack	off 1.0	off 1.0	off 0.5076009817597542 __DUMMY__ 0.4606554621418005 neg 0.03174355609844536	false	1.0
feige	off 1.0	off 1.0	off 0.5042879571200631 __DUMMY__ 0.46052187708232234 neg 0.035190165797614456	false	1.0
abdanken	neg 1.0		__DUMMY__ 0.9263465364663261 neg 0.040456460495428274 off 0.0331970030382456	false	1.0
wichtigtuer	off 1.0	off 1.0	off 0.502253464922238 __DUMMY__ 0.4621768028676751 neg 0.03556973221008701	false	1.0
misslingen	neg 1.0		__DUMMY__ 0.9329548046506722 off 0.03371852109586087 neg 0.033326674253467005	false	0.5
untreu	off 1.0		__DUMMY__ 0.9244291929900375 off 0.03786935429050091 neg 0.037701452719461605	false	1.0
missmutig	neg 1.0		__DUMMY__ 0.9262634555023547 off 0.036880170024755916 neg 0.03685637447288938	false	0.5
hurenbock	off 1.0		__DUMMY__ 0.9297969695101863 neg 0.03614777445549542 off 0.034055256034318304	false	0.5
betrunken	neg 1.0		__DUMMY__ 0.9282847054547068 off 0.038581422475262805 neg 0.03313387207003045	false	0.5
korrupt	off 1.0		__DUMMY__ 0.923652312583501 neg 0.04430287469077068 off 0.03204481272572831	false	0.5
unmut	neg 1.0		__DUMMY__ 0.9299493471200135 neg 0.04187362530550653 off 0.028177027574479895	false	1.0
hackfresse	off 1.0		__DUMMY__ 0.9221955662778556 off 0.042891254507944204 neg 0.034913179214200195	false	1.0
aufblasen	neg 1.0		__DUMMY__ 0.9299761926127564 neg 0.03580919903747864 off 0.03421460834976495	false	1.0
gewaltsam	neg 1.0		__DUMMY__ 0.9288663667819513 neg 0.038342048573445926 off 0.03279158464460272	false	1.0
unbeliebtheit	neg 1.0		__DUMMY__ 0.9200920306327175 neg 0.04300992678687464 off 0.036898042580407894	false	1.0
sturheit	neg 1.0		__DUMMY__ 0.9265412423860837 neg 0.04049872597537477 off 0.032960031638541505	false	1.0
kuh	neg 1.0		__DUMMY__ 0.92684046724255 neg 0.039886092290474 off 0.033273440466976084	false	1.0
erschrecken	neg 1.0		__DUMMY__ 0.92749606149425 off 0.036393685839011286 neg 0.03611025266673868	false	0.5
opfer	neg 1.0		__DUMMY__ 0.9296440928098052 neg 0.03925922290266576 off 0.031096684287529073	false	1.0
sinken	neg 1.0		__DUMMY__ 0.931126106272832 neg 0.04048178582229425 off 0.028392107904873842	false	1.0
stinktier	neg 1.0		__DUMMY__ 0.9231759893915766 off 0.04071604908836027 neg 0.03610796152006307	false	0.5
tucke	off 1.0		__DUMMY__ 0.918670743692316 off 0.04315270524384684 neg 0.0381765510638371	false	1.0
ein			__DUMMY__ 0.9304055423244371 neg 0.03593053410677906 off 0.033663923568783935	false	0.0
abstieg	neg 1.0		__DUMMY__ 0.9323785503309288 neg 0.03724439412888828 off 0.030377055540183003	false	1.0
missverstehen	neg 1.0		__DUMMY__ 0.9254776637503948 neg 0.03905381622665552 off 0.035468520022949715	false	1.0
ergebnislos	neg 1.0		__DUMMY__ 0.9297511838149708 neg 0.03986130030684011 off 0.03038751587818908	false	1.0
unter			__DUMMY__ 0.9373400156340745 neg 0.03803469230414388 off 0.024625292061781566	false	0.0
manipulieren	neg 1.0		__DUMMY__ 0.9285512370622362 neg 0.04138436740617513 off 0.03006439553158863	false	1.0
unbewiesen	neg 1.0		__DUMMY__ 0.920841437033557 neg 0.045165551041319855 off 0.03399301192512313	false	1.0
verschleppen	neg 1.0		__DUMMY__ 0.9286747403823176 neg 0.039692657536252986 off 0.03163260208142941	false	1.0
weib	off 1.0		__DUMMY__ 0.9221651649965311 off 0.04287477012077284 neg 0.03496006488269605	false	1.0
opposition	neg 1.0		__DUMMY__ 0.9256510628738436 neg 0.0398417957742602 off 0.03450714135189623	false	1.0
verkehrswidrig	neg 1.0	neg 1.0	neg 0.4953844764090654 __DUMMY__ 0.46906393434711763 off 0.03555158924381704	false	1.0
inkorrekt	neg 1.0		__DUMMY__ 0.9211721610243012 neg 0.03983284686624089 off 0.03899499210945785	false	1.0
vermeiden	neg 1.0		__DUMMY__ 0.9331987421234033 neg 0.04056150290364465 off 0.02623975497295211	false	1.0
abweichung	neg 1.0		__DUMMY__ 0.9293383391602212 neg 0.040045342256837195 off 0.030616318582941508	false	1.0
alkoholisiert	neg 1.0		__DUMMY__ 0.9368651147889273 neg 0.034011552206817466 off 0.029123333004255257	false	1.0
scheiss	off 1.0	off 1.0	off 0.5036401996078029 __DUMMY__ 0.4641646257216729 neg 0.0321951746705241	false	1.0
herausforderung	neg 1.0	neg 1.0	neg 0.5001807816903805 __DUMMY__ 0.4727099876549156 off 0.02710923065470393	false	1.0
pervers	off 1.0		__DUMMY__ 0.9211082105863514 off 0.04520842136204759 neg 0.03368336805160101	false	1.0
wackelig	neg 1.0		__DUMMY__ 0.933510029901213 neg 0.035261730698100756 off 0.031228239400686284	false	1.0
verwickeln	neg 1.0		__DUMMY__ 0.9251515886863345 neg 0.03940915651934435 off 0.0354392547943212	false	1.0
vorwand	neg 1.0		__DUMMY__ 0.929493221721543 neg 0.041071669366264635 off 0.029435108912192386	false	1.0
muschi	off 1.0		__DUMMY__ 0.9287676231788315 neg 0.038926366350292695 off 0.032306010470875786	false	0.5
entmutigung	neg 1.0		__DUMMY__ 0.9245125928467763 neg 0.04066219106866248 off 0.03482521608456121	false	1.0
unangemessen	neg 1.0		__DUMMY__ 0.9269721965493755 neg 0.04073938123483049 off 0.03228842221579398	false	1.0
unstetig	neg 1.0		__DUMMY__ 0.9305763542726803 neg 0.0357398275716952 off 0.033683818155624566	false	1.0
entmutigen	neg 1.0		__DUMMY__ 0.9276723092446416 neg 0.03787784731549308 off 0.03444984343986527	false	1.0
schwanz	neg 1.0		__DUMMY__ 0.9308988326905565 neg 0.039345606910647514 off 0.029755560398795882	false	1.0
verbot	neg 1.0		__DUMMY__ 0.9264429656170613 neg 0.04176265203762804 off 0.03179438234531068	false	1.0
leid	neg 1.0		__DUMMY__ 0.9245752219518971 off 0.04108713039849702 neg 0.0343376476496059	false	0.5
archaisch	neg 1.0		__DUMMY__ 0.9283508745727815 neg 0.03968611201782841 off 0.03196301340939001	false	1.0
gegen			__DUMMY__ 0.9320624197071962 neg 0.03883997212341333 off 0.02909760816939057	false	0.0
scheidung	neg 1.0		__DUMMY__ 0.921401827625144 off 0.04806976831843835 neg 0.030528404056417633	false	0.5
einschlag	neg 1.0	neg 1.0	neg 0.5005392297780604 __DUMMY__ 0.4637641012845065 off 0.03569666893743308	false	1.0
m			__DUMMY__ 0.9307658154087926 neg 0.03761554129150729 off 0.031618643299700176	false	0.0
abgestanden	neg 1.0		__DUMMY__ 0.9307863839406538 neg 0.03609745137650367 off 0.0331161646828424	false	1.0
schmierig	off 1.0		__DUMMY__ 0.9249282487428019 off 0.040758402134428565 neg 0.034313349122769586	false	1.0
unpraktisch	neg 1.0		__DUMMY__ 0.9313697068175859 neg 0.03489043677620848 off 0.033739856406205575	false	1.0
wixxer	off 1.0		__DUMMY__ 0.9205219181677526 off 0.04505310823981269 neg 0.03442497359243466	false	1.0
bezeichnet			__DUMMY__ 0.9270293237912812 neg 0.03971355933183096 off 0.033257116876887816	false	0.0
jammerlappen	off 1.0		__DUMMY__ 0.925623926796858 neg 0.03726677121748997 off 0.03710930198565203	false	0.5
farce	neg 1.0		__DUMMY__ 0.9255435151087652 neg 0.042130264343467304 off 0.03232622054776745	false	1.0
zwecklos	neg 1.0		__DUMMY__ 0.9270404973516062 neg 0.040751482214975106 off 0.03220802043341872	false	1.0
turbulent	neg 1.0		__DUMMY__ 0.9250667883072403 neg 0.037660182711258205 off 0.03727302898150143	false	1.0
invasion	neg 1.0		__DUMMY__ 0.9285543458352187 neg 0.03627131454033448 off 0.035174339624446896	false	1.0
schuld	neg 1.0		__DUMMY__ 0.9271736982151177 neg 0.0386017032407265 off 0.034224598544155736	false	1.0
risiko	neg 1.0		__DUMMY__ 0.9299478959812946 neg 0.036498675140092286 off 0.03355342887861312	false	1.0
finster	neg 1.0		__DUMMY__ 0.9295484509075417 neg 0.03696707571541069 off 0.03348447337704766	false	1.0
geisteskrank	off 1.0		__DUMMY__ 0.9232254981340069 off 0.03845757752259383 neg 0.038316924343399256	false	1.0
zusammenbrechen	neg 1.0		__DUMMY__ 0.9295215163921797 neg 0.03801346397668965 off 0.03246501963113071	false	1.0
ausbeute	neg 1.0		__DUMMY__ 0.9345785119532545 neg 0.03596760472692364 off 0.029453883319821874	false	1.0
hinterhalt	neg 1.0		__DUMMY__ 0.931825949654708 neg 0.036446766358502566 off 0.0317272839867894	false	1.0
kritik	neg 1.0		__DUMMY__ 0.9259116901459497 neg 0.041862101080282994 off 0.032226208773767404	false	1.0
einschrumpfen	neg 1.0		__DUMMY__ 0.9241454246231785 neg 0.040178360284752974 off 0.03567621509206856	false	1.0
riskant	neg 1.0		__DUMMY__ 0.9281792741591066 neg 0.04086181601388685 off 0.03095890982700646	false	1.0
frustrieren	neg 1.0		__DUMMY__ 0.9289893470992368 neg 0.03997675836738524 off 0.0310338945333779	false	1.0
groll	neg 1.0		__DUMMY__ 0.9284697137985727 neg 0.039540029803969236 off 0.031990256397458165	false	1.0
gibt			__DUMMY__ 0.928750193947113 neg 0.038940888124112005 off 0.032308917928775084	false	0.0
qualvoll	neg 1.0		__DUMMY__ 0.92835377677961 neg 0.03590501844360161 off 0.03574120477678841	false	1.0
wackeln	neg 1.0	neg 1.0	neg 0.5017384979627352 __DUMMY__ 0.4675387762614865 off 0.030722725775778358	false	1.0
klagen	neg 1.0		__DUMMY__ 0.9307531850801155 neg 0.04073862524574114 off 0.028508189674143387	false	1.0
bankrott	neg 1.0		__DUMMY__ 0.9274376576920927 neg 0.03650925499318182 off 0.03605308731472542	false	1.0
trauern	neg 1.0		__DUMMY__ 0.9312105308750405 neg 0.037929875459528035 off 0.030859593665431593	false	1.0
ablehnung	neg 1.0		__DUMMY__ 0.9261429852379073 neg 0.04154359128698144 off 0.03231342347511135	false	1.0
stur	neg 1.0		__DUMMY__ 0.9265363534714934 neg 0.03880621930601263 off 0.03465742722249388	false	1.0
aufruhr	neg 1.0		__DUMMY__ 0.9288522461064144 neg 0.03833398261970428 off 0.032813771273881395	false	1.0
melancholie	neg 1.0		__DUMMY__ 0.9313280254733143 neg 0.03749871304876442 off 0.03117326147792129	false	1.0
ist			__DUMMY__ 0.9279970952934873 neg 0.037249194111149256 off 0.034753710595363516	false	0.0
torheit	neg 1.0		__DUMMY__ 0.9249393916415937 neg 0.040807498359906144 off 0.03425310999850023	false	1.0
dreckskind	off 1.0		__DUMMY__ 0.9223417705812262 off 0.04179930319968541 neg 0.03585892621908832	false	1.0
umtauschen	neg 1.0		__DUMMY__ 0.9302419773667367 neg 0.03720977413004124 off 0.032548248503222035	false	1.0
zum			__DUMMY__ 0.9384304446065169 neg 0.035343023874663704 off 0.02622653151881938	false	0.0
zersetzen	neg 1.0		__DUMMY__ 0.9273676710210165 neg 0.04267604239239013 off 0.02995628658659348	false	1.0
zur			__DUMMY__ 0.9347850961035271 neg 0.039142209714225336 off 0.026072694182247592	false	0.0
frust	neg 1.0		__DUMMY__ 0.9296021082030594 neg 0.037978176864522636 off 0.032419714932417965	false	1.0
unerbittlichkeit	neg 1.0		__DUMMY__ 0.9282712419621779 neg 0.04168947006684357 off 0.030039287970978563	false	1.0
zwei			__DUMMY__ 0.9362125845964278 neg 0.035947158155900306 off 0.027840257247671894	false	0.0
unkorrekt	neg 1.0		__DUMMY__ 0.9213796248360048 neg 0.03934087326528037 off 0.039279501898714965	false	1.0
hexe	off 1.0		__DUMMY__ 0.9264406164002212 off 0.03720302883455918 neg 0.03635635476521964	false	1.0
lasch	neg 1.0		__DUMMY__ 0.9242745885763275 neg 0.039368940526758135 off 0.03635647089691436	false	1.0
rivale	neg 1.0		__DUMMY__ 0.9260654671858809 off 0.03886573787796494 neg 0.035068794936154044	false	0.5
mutlos	off 1.0	off 1.0	off 0.4982798475697135 __DUMMY__ 0.4629931837726719 neg 0.03872696865761458	false	1.0
wirr	off 1.0		__DUMMY__ 0.9217720733392485 off 0.03936256499661004 neg 0.03886536166414149	false	1.0
jahr			__DUMMY__ 0.9355328313816055 neg 0.03537318313685371 off 0.029093985481540872	false	0.0
wird			__DUMMY__ 0.9301917995967366 neg 0.03865846988494493 off 0.031149730518318482	false	0.0
strafbar	neg 1.0		__DUMMY__ 0.9277483657095674 neg 0.041126312802060215 off 0.031125321488372413	false	1.0
erosion	neg 1.0		__DUMMY__ 0.9295273209152746 neg 0.03679290554663646 off 0.033679773538089014	false	1.0
eingehen	neg 1.0		__DUMMY__ 0.926719234205792 neg 0.04151726591465025 off 0.03176349987955769	false	1.0
faul	off 1.0		__DUMMY__ 0.9286680112865884 off 0.03607249469945224 neg 0.03525949401395935	false	1.0
provisorium	neg 1.0		__DUMMY__ 0.9355610552697986 neg 0.040124662134070406 off 0.024314282596131057	false	1.0
schmerzen	neg 1.0		__DUMMY__ 0.9293213205453411 neg 0.037837394130611955 off 0.03284128532404696	false	1.0
schrumpfen	neg 1.0		__DUMMY__ 0.9308031252006924 neg 0.04271929306441734 off 0.026477581734890242	false	1.0
geistlos	off 1.0		__DUMMY__ 0.921231310667147 neg 0.04303745698501743 off 0.0357312323478356	false	0.5
fehlkauf	neg 1.0		__DUMMY__ 0.9267495056610321 neg 0.03854858668756436 off 0.03470190765140356	false	1.0
frustrierend	neg 1.0		__DUMMY__ 0.9285070404498583 off 0.03635345922539001 neg 0.0351395003247517	false	0.5
unzufrieden	neg 1.0		__DUMMY__ 0.9273936654165857 neg 0.04046100058128054 off 0.0321453340021337	false	1.0
verzweifeln	neg 1.0		__DUMMY__ 0.9286427271586412 neg 0.03815561298999191 off 0.033201659851366846	false	1.0
verzweifelt	neg 1.0		__DUMMY__ 0.9268481809492719 neg 0.03846514078647474 off 0.03468667826425339	false	1.0
misstrauensantrag	neg 1.0		__DUMMY__ 0.9264834853715265 neg 0.038576386109579995 off 0.034940128518893526	false	1.0
abfallen	neg 1.0		__DUMMY__ 0.9308331613488768 neg 0.03520983086682728 off 0.03395700778429587	false	1.0
fucker	off 1.0		__DUMMY__ 0.9241139722921762 off 0.038800587744141246 neg 0.037085439963682625	false	1.0
ungezogen	neg 1.0		__DUMMY__ 0.9230482796278676 off 0.04387707631724209 neg 0.033074644054890225	false	0.5
irrsinnig	neg 1.0	neg 1.0	neg 0.5054764877869967 __DUMMY__ 0.4631868578491704 off 0.031336654363832976	false	1.0
unfassbar	neg 1.0		__DUMMY__ 0.9255239634226581 off 0.03759497184775711 neg 0.036881064729584814	false	0.5
hart	neg 1.0		__DUMMY__ 0.927609775434314 neg 0.03669500909617271 off 0.03569521546951328	false	1.0
widerlich	off 1.0		__DUMMY__ 0.9233143568757914 neg 0.03837009548646192 off 0.03831554763774658	false	0.5
fatal	neg 1.0		__DUMMY__ 0.9268992390940324 neg 0.03811871009021071 off 0.03498205081575696	false	1.0
bruch	neg 1.0		__DUMMY__ 0.9298654172627936 neg 0.041421538640676145 off 0.028713044096530204	false	1.0
aushungern	neg 1.0		__DUMMY__ 0.9253752139933481 neg 0.04154812805884486 off 0.033076657947807106	false	1.0
anspannung	neg 1.0	neg 1.0	neg 0.5027384893509632 __DUMMY__ 0.47304681317623615 off 0.024214697472800552	false	1.0
von			__DUMMY__ 0.9353523231675123 neg 0.03600038683627757 off 0.02864728999621023	false	0.0
kraftlos	neg 1.0		__DUMMY__ 0.9317034740336797 neg 0.03652453194870972 off 0.031771994017610515	false	1.0
vom			__DUMMY__ 0.9384694567761908 neg 0.036869393563623405 off 0.02466114966018588	false	0.0
grenzdebil	off 1.0		__DUMMY__ 0.9257387512597461 off 0.038250962816008656 neg 0.03601028592424519	false	1.0
vor			__DUMMY__ 0.9316806648683551 neg 0.03896773238722782 off 0.029351602744417074	false	0.0
unterwerfen	neg 1.0		__DUMMY__ 0.9287988584135192 neg 0.040338928719812345 off 0.03086221286666842	false	1.0
versenkung	neg 1.0		__DUMMY__ 0.9290634887752908 neg 0.04016025694742888 off 0.03077625427728031	false	1.0
entziehen	neg 1.0		__DUMMY__ 0.9301383183677573 neg 0.04090297190749388 off 0.028958709724748836	false	1.0
finanzkrise	neg 1.0		__DUMMY__ 0.925378393671413 neg 0.041854645160533055 off 0.03276696116805397	false	1.0
schimpfend	neg 1.0		__DUMMY__ 0.9314198485345965 neg 0.03494873424493914 off 0.03363141722046447	false	1.0
profan	neg 1.0		__DUMMY__ 0.9272870306129098 neg 0.03719511953443749 off 0.03551784985265276	false	1.0
korruption	neg 1.0	neg 1.0	neg 0.5084414906635059 __DUMMY__ 0.4627359795344033 off 0.028822529802090754	false	1.0
â			__DUMMY__ 0.9302981890722745 neg 0.03887671943230649 off 0.030825091495419014	false	0.0
schmutzig	neg 1.0		__DUMMY__ 0.9264860800551131 off 0.03778890071745341 neg 0.03572501922743352	false	0.5
sexy	neg 1.0		__DUMMY__ 0.9269100703525184 neg 0.03709428302172367 off 0.035995646625757945	false	1.0
abraten	neg 1.0		__DUMMY__ 0.9279918140386861 neg 0.03730128205728301 off 0.03470690390403083	false	1.0
schwarz	neg 1.0		__DUMMY__ 0.926732426805898 neg 0.03876055686692284 off 0.0345070163271792	false	1.0
fotze	off 1.0		__DUMMY__ 0.929193000843341 neg 0.04013081405922705 off 0.030676185097431957	false	0.5
verwirren	neg 1.0		__DUMMY__ 0.9273176606612035 neg 0.03693328136512841 off 0.035749057973668175	false	1.0
zahnlos	off 1.0		__DUMMY__ 0.9272590188481183 neg 0.04057245220741372 off 0.03216852894446793	false	0.5
verheeren	neg 1.0		__DUMMY__ 0.9231747527483276 off 0.044836907301940905 neg 0.03198833994973144	false	0.5
hippie	neg 1.0		__DUMMY__ 0.926509277666273 neg 0.03778019453332991 off 0.035710527800397074	false	1.0
rammen	neg 1.0		__DUMMY__ 0.9282290742066036 neg 0.038285187211492565 off 0.033485738581903915	false	1.0
unlauter	neg 1.0		__DUMMY__ 0.9235622238144674 neg 0.04249035989804004 off 0.03394741628749269	false	1.0
unheilvoll	neg 1.0		__DUMMY__ 0.9304641118078752 neg 0.03477501171433989 off 0.03476087647778497	false	1.0
niedrig	neg 1.0		__DUMMY__ 0.930868149425843 neg 0.039291839373676016 off 0.029840011200481034	false	1.0
explosion	neg 1.0		__DUMMY__ 0.926454718902503 neg 0.038354822064834426 off 0.03519045903266266	false	1.0
weichei	off 1.0		__DUMMY__ 0.9228789223015691 off 0.04171700358795303 neg 0.03540407411047792	false	1.0
minusmensch	off 1.0		__DUMMY__ 0.917536939390531 off 0.045084116144720306 neg 0.03737894446474873	false	1.0
farblos	neg 1.0		__DUMMY__ 0.9339460447290026 neg 0.03405490419890233 off 0.03199905107209512	false	1.0
unwissend	neg 1.0	neg 1.0	neg 0.5042779024812173 __DUMMY__ 0.46166508915360516 off 0.034057008365177506	false	1.0
traurig	neg 1.0		__DUMMY__ 0.9256803740613654 off 0.039630302467546355 neg 0.03468932347108833	false	0.5
senkung	neg 1.0		__DUMMY__ 0.9248586540153053 neg 0.039796227765000226 off 0.03534511821969442	false	1.0
ungleich	neg 1.0	neg 1.0	neg 0.5088038755653669 __DUMMY__ 0.46327268362385243 off 0.027923440810780575	false	1.0
heikel	neg 1.0		__DUMMY__ 0.9284430213893523 neg 0.041515995305248056 off 0.03004098330539956	false	1.0
drosselung	neg 1.0		__DUMMY__ 0.9266925020997683 off 0.03770245055580774 neg 0.035605047344424066	false	0.5
falsch	neg 1.0		__DUMMY__ 0.9269981320988178 neg 0.03651078059518004 off 0.03649108730600209	false	1.0
unzufriedenheit	neg 1.0		__DUMMY__ 0.9286015256237388 neg 0.04168194486474924 off 0.02971652951151189	false	1.0
kurz	neg 1.0		__DUMMY__ 0.9319386428407926 neg 0.03606265685946283 off 0.03199870029974452	false	1.0
unsinnig	neg 1.0		__DUMMY__ 0.9261051334475882 neg 0.041405083327544404 off 0.0324897832248674	false	1.0
penner	off 1.0	off 1.0	off 0.5094798402374325 __DUMMY__ 0.45919577735092243 neg 0.03132438241164498	false	1.0
seicht	neg 1.0		__DUMMY__ 0.9195083331765326 off 0.04415939816198126 neg 0.03633226866148619	false	0.5
dummheit	off 1.0	off 1.0	off 0.5024766449758497 __DUMMY__ 0.4616177867351499 neg 0.03590556828900044	false	1.0
unerfreulich	neg 1.0		__DUMMY__ 0.9306148923215286 neg 0.040196217711167985 off 0.029188889967303375	false	1.0
motherfucker	off 1.0	off 1.0	off 0.5054099673875547 __DUMMY__ 0.4602170293641295 neg 0.03437300324831582	false	1.0
pikiert	neg 1.0		__DUMMY__ 0.9233157448782111 neg 0.03915797445008589 off 0.03752628067170302	false	1.0
wrack	neg 1.0		__DUMMY__ 0.9338346511819587 neg 0.03613565918752208 off 0.03002968963051919	false	1.0
gangster	neg 1.0		__DUMMY__ 0.9273682392021072 neg 0.03728732163486597 off 0.0353444391630268	false	1.0
krank	neg 1.0		__DUMMY__ 0.9272919579731893 off 0.038173399872103074 neg 0.03453464215470758	false	0.5
reich	neg 1.0		__DUMMY__ 0.9248859687366581 neg 0.038631556692731085 off 0.03648247457061091	false	1.0
gnadenlos	neg 1.0		__DUMMY__ 0.9276685396269765 neg 0.0380838730122369 off 0.034247587360786556	false	1.0
niedergeschlagen	neg 1.0		__DUMMY__ 0.9304682164252607 neg 0.037162541757919144 off 0.032369241816820236	false	1.0
terrorisieren	off 1.0	off 1.0	off 0.49847581772994026 __DUMMY__ 0.4652358743050715 neg 0.03628830796498819	false	1.0
sinnlosigkeit	neg 1.0		__DUMMY__ 0.9276027017778744 neg 0.04022273107142194 off 0.03217456715070356	false	1.0
behindern	neg 1.0		__DUMMY__ 0.9275082396802885 neg 0.0397751304357812 off 0.03271662988393026	false	1.0
undemokratisch	neg 1.0		__DUMMY__ 0.9248338593722769 neg 0.04075341145652345 off 0.03441272917119965	false	1.0
wirtschaftskrise	neg 1.0		__DUMMY__ 0.9272870307800211 neg 0.041527974122357154 off 0.031184995097621692	false	1.0
neid	neg 1.0		__DUMMY__ 0.9293073237305292 off 0.03669568758917688 neg 0.033996988680294014	false	0.5
rutschen	neg 1.0	neg 1.0	neg 0.5018569112579402 __DUMMY__ 0.47289161536524726 off 0.025251473376812553	false	1.0
rezession	neg 1.0		__DUMMY__ 0.9216210762257341 off 0.04050054122176534 neg 0.037878382552500575	false	0.5
fehlgeburt	neg 1.0		__DUMMY__ 0.9302566207193369 neg 0.035070074002521164 off 0.034673305278141865	false	1.0
charakterschwach	off 1.0		__DUMMY__ 0.9250385414512571 off 0.03814169617398215 neg 0.036819762374760784	false	1.0
isolation	neg 1.0		__DUMMY__ 0.9284772259262091 off 0.03621437338365787 neg 0.03530840069013302	false	0.5
ablenkung	neg 1.0		__DUMMY__ 0.9287131799117606 neg 0.037640135489833526 off 0.03364668459840585	false	1.0
pech	neg 1.0		__DUMMY__ 0.928600226920361 off 0.03578228934111931 neg 0.035617483738519674	false	0.5
vermeidung	neg 1.0		__DUMMY__ 0.9242392560731827 off 0.038029540407705766 neg 0.037731203519111606	false	0.5
dominieren	neg 1.0		__DUMMY__ 0.9322190652279305 neg 0.036920015590101704 off 0.03086091918196783	false	1.0
schwindlig	neg 1.0		__DUMMY__ 0.9315197137042144 off 0.03466059809463564 neg 0.03381968820114998	false	0.5
lutscher	neg 1.0		__DUMMY__ 0.9205122920468801 off 0.04442008836622114 neg 0.03506761958689868	false	0.5
pflicht	neg 1.0		__DUMMY__ 0.928674871738028 neg 0.04120902913805215 off 0.030116099123919875	false	1.0
faschist	off 1.0		__DUMMY__ 0.9236298573395241 neg 0.040384457940371946 off 0.035985684720103966	false	0.5
verschleudern	neg 1.0		__DUMMY__ 0.9246622397149339 neg 0.04466854131645499 off 0.030669218968611155	false	1.0
wenn			__DUMMY__ 0.9267068686489827 off 0.036691755087303116 neg 0.03660137626371419	false	0.0
ehebruch	neg 1.0		__DUMMY__ 0.9274646392025294 neg 0.041173830275977 off 0.031361530521493604	false	1.0
spott	off 1.0		__DUMMY__ 0.9270494924029969 neg 0.04192374311943787 off 0.031026764477565152	false	0.5
trostlosigkeit	neg 1.0		__DUMMY__ 0.9301339757533068 neg 0.04084173348644183 off 0.029024290760251377	false	1.0
lutschen	neg 1.0		__DUMMY__ 0.9261386509714014 neg 0.038585584569419774 off 0.03527576445917892	false	1.0
undiszipliniert	neg 1.0		__DUMMY__ 0.9259043849464806 off 0.03894076496144144 neg 0.035154850092078006	false	0.5
kopfschmerz	neg 1.0		__DUMMY__ 0.9312096808112192 neg 0.03697866119342827 off 0.031811657995352405	false	1.0
unvorhergesehen	neg 1.0		__DUMMY__ 0.9346825731149626 neg 0.03514631945893903 off 0.030171107426098357	false	1.0
desinteressiert	neg 1.0		__DUMMY__ 0.9243493232096098 off 0.03897188552401646 neg 0.03667879126637366	false	0.5
armselig	off 1.0		__DUMMY__ 0.9216349949738912 off 0.03984165209036553 neg 0.038523352935743306	false	1.0
desaster	neg 1.0		__DUMMY__ 0.9295655095726174 neg 0.04208646588980177 off 0.02834802453758079	false	1.0
tod	neg 1.0		__DUMMY__ 0.9320571436164992 neg 0.037173532164165635 off 0.030769324219335207	false	1.0
herzlos	neg 1.0		__DUMMY__ 0.9235554920828667 off 0.040056134406776564 neg 0.03638837351035677	false	0.5
unwissenheit	neg 1.0		__DUMMY__ 0.925508355517456 neg 0.04241774140120544 off 0.03207390308133857	false	1.0
widersinnig	neg 1.0	neg 1.0	neg 0.5091235590916708 __DUMMY__ 0.4612354384897551 off 0.029641002418574126	false	1.0
bedenklich	neg 1.0		__DUMMY__ 0.9275484357389497 neg 0.041321024514427915 off 0.031130539746622415	false	1.0
beanstanden	neg 1.0		__DUMMY__ 0.9301101904873893 neg 0.04030271671169045 off 0.029587092800920277	false	1.0
panisch	neg 1.0	neg 1.0	neg 0.49968641554392906 __DUMMY__ 0.46837481233214645 off 0.031938772123924465	false	1.0
debil	off 1.0		__DUMMY__ 0.9329909486575672 neg 0.04149457772691468 off 0.02551447361551814	false	0.5
abstrich	neg 1.0		__DUMMY__ 0.929387184319052 neg 0.040435840830750254 off 0.03017697485019783	false	1.0
primitiv	neg 1.0		__DUMMY__ 0.9234723343066559 off 0.038656499169169224 neg 0.03787116652417492	false	0.5
abschaum	off 1.0	off 1.0	off 0.5039662712936469 __DUMMY__ 0.4611308728381692 neg 0.03490285586818385	false	1.0
provozieren	neg 1.0		__DUMMY__ 0.9265545576287955 neg 0.03932161911818194 off 0.0341238232530227	false	1.0
tot	neg 1.0		__DUMMY__ 0.9305748488278369 neg 0.03926315310410109 off 0.030161998068061954	false	1.0
instabil	neg 1.0		__DUMMY__ 0.9225968720666021 neg 0.03891338646193302 off 0.03848974147146488	false	1.0
schwuchtel	off 1.0		__DUMMY__ 0.9180863341896927 off 0.04807670646611623 neg 0.033836959344191175	false	1.0
zerren	neg 1.0		__DUMMY__ 0.9306533267618345 neg 0.03675748896948685 off 0.032589184268678593	false	1.0
kinderficker	off 1.0		__DUMMY__ 0.9204896590057888 off 0.04172010264043911 neg 0.03779023835377207	false	1.0
gefahr	neg 1.0		__DUMMY__ 0.930395103651477 neg 0.03977979247952522 off 0.029825103868997702	false	1.0
rabiat	neg 1.0		__DUMMY__ 0.9263984288359994 neg 0.039957632454920254 off 0.033643938709080376	false	1.0
verlangsamung	neg 1.0		__DUMMY__ 0.9209842892882418 off 0.04297664117371917 neg 0.036039069538039016	false	0.5
ausgestorben	neg 1.0		__DUMMY__ 0.9295449900299483 neg 0.03742494904032461 off 0.03303006092972714	false	1.0
anklagen	neg 1.0		__DUMMY__ 0.9275668529534259 neg 0.040011226050891725 off 0.03242192099568241	false	1.0
trott	neg 1.0		__DUMMY__ 0.9294298334926385 neg 0.0377000975019681 off 0.03287006900539335	false	1.0
verminderung	neg 1.0		__DUMMY__ 0.9240501573976607 off 0.03856159174864712 neg 0.037388250853692045	false	0.5
nach			__DUMMY__ 0.9383772228877953 neg 0.03502644708151329 off 0.026596330030691374	false	0.0
rost	neg 1.0		__DUMMY__ 0.9217567433747914 off 0.04174840052271281 neg 0.036494856102495664	false	0.5
destruktiv	neg 1.0		__DUMMY__ 0.9248983033658801 neg 0.041715401905742765 off 0.03338629472837714	false	1.0
unzumutbarkeit	neg 1.0		__DUMMY__ 0.9287209070963641 off 0.036724160985511296 neg 0.03455493191812453	false	0.5
labil	off 1.0	off 1.0	off 0.5039433507810106 __DUMMY__ 0.46164988173855764 neg 0.03440676748043173	false	1.0
ziemlich	neg 1.0		__DUMMY__ 0.9273549593836313 off 0.03781389698530276 neg 0.03483114363106591	false	0.5
lachnummer	off 1.0		__DUMMY__ 0.9269238997917946 neg 0.039409537576653664 off 0.033666562631551745	false	0.5
oder			__DUMMY__ 0.9305661037319611 neg 0.036021744175051426 off 0.03341215209298744	false	0.0
verfall	neg 1.0		__DUMMY__ 0.9307854386863483 neg 0.04275773464823099 off 0.02645682666542075	false	1.0
ausgrenzung	neg 1.0		__DUMMY__ 0.924151350867671 neg 0.04093269668267391 off 0.03491595244965506	false	1.0
unordnung	neg 1.0		__DUMMY__ 0.9288946518899746 off 0.03725270436947952 neg 0.033852643740545856	false	0.5
fehlverhalten	neg 1.0		__DUMMY__ 0.9282976099043464 neg 0.04135760479638788 off 0.03034478529926574	false	1.0
eine			__DUMMY__ 0.9303772448645106 neg 0.040089146895880154 off 0.02953360823960922	false	0.0
nille	neg 1.0		__DUMMY__ 0.9288873500161268 neg 0.03839356763807011 off 0.032719082345803153	false	1.0
qual	neg 1.0		__DUMMY__ 0.9289451726591057 neg 0.03828323571413419 off 0.032771591626760035	false	1.0
verschwenden	neg 1.0		__DUMMY__ 0.9280241581063925 neg 0.04064626418939016 off 0.031329577704217244	false	1.0
riesig	neg 1.0	neg 1.0	neg 0.5037020514756329 __DUMMY__ 0.46834503490783114 off 0.027952913616536002	false	1.0
verurteilen	neg 1.0		__DUMMY__ 0.9267831338051995 neg 0.04107121625481558 off 0.03214564993998498	false	1.0
klischee	neg 1.0	neg 1.0	neg 0.5058990132045321 __DUMMY__ 0.46099165469603 off 0.03310933209943781	false	1.0
diktatorisch	neg 1.0		__DUMMY__ 0.9229181433763509 neg 0.04218423330817822 off 0.034897623315470874	false	1.0
vorhersehbar	neg 1.0	neg 1.0	neg 0.5051518300182278 __DUMMY__ 0.46214997517347495 off 0.03269819480829728	false	1.0
sowie			__DUMMY__ 0.9223747084607388 off 0.04152539931001174 neg 0.036099892229249524	false	0.0
stornieren	neg 1.0		__DUMMY__ 0.9338492206244636 off 0.033696832492191506 neg 0.0324539468833449	false	0.5
besteuerung	neg 1.0		__DUMMY__ 0.9249681132913975 neg 0.041274132697085596 off 0.033757754011516934	false	1.0
ungeschminkt	neg 1.0		__DUMMY__ 0.9252633490552199 off 0.0376718799248457 neg 0.03706477101993444	false	0.5
kritisch	neg 1.0		__DUMMY__ 0.9280210831345442 neg 0.04089915838134919 off 0.03107975848410656	false	1.0
schlamperei	off 1.0		__DUMMY__ 0.9282230129616176 neg 0.041468808275418094 off 0.03030817876296436	false	0.5
sucht	neg 1.0	neg 1.0	neg 0.5031333153025019 __DUMMY__ 0.466968086095682 off 0.029898598601816002	false	1.0
egoistisch	off 1.0		__DUMMY__ 0.9232841547126296 off 0.041850890997897953 neg 0.03486495428947238	false	1.0
ausbeuter	off 1.0		__DUMMY__ 0.926877367593157 neg 0.042869028765267395 off 0.03025360364157568	false	0.5
arschgeburt	off 1.0		__DUMMY__ 0.9170746879895303 off 0.04838140513899739 neg 0.03454390687147234	false	1.0
schubs	neg 1.0	neg 1.0	neg 0.5028432248768928 __DUMMY__ 0.4687657327502367 off 0.028391042372870535	false	1.0
unsolide	neg 1.0		__DUMMY__ 0.9203030583186205 neg 0.04448230822855785 off 0.03521463345282168	false	1.0
beschwerde	neg 1.0		__DUMMY__ 0.9282993416092662 neg 0.041341736430139116 off 0.030358921960594653	false	1.0
stocken	neg 1.0		__DUMMY__ 0.9289917776383699 neg 0.040238835783734696 off 0.03076938657789547	false	1.0
isolieren	neg 1.0		__DUMMY__ 0.9275506686370212 neg 0.040848783547412566 off 0.03160054781556622	false	1.0
unheilbar	neg 1.0		__DUMMY__ 0.9284688677167519 neg 0.037581023205081346 off 0.03395010907816676	false	1.0
pisser	off 1.0		__DUMMY__ 0.9257618090940523 off 0.038793566042986664 neg 0.035444624862961044	false	1.0
löschen	neg 1.0		__DUMMY__ 0.9281815227152866 neg 0.03850616371705025 off 0.03331231356766318	false	1.0
durchfallen	neg 1.0		__DUMMY__ 0.9267401362732743 neg 0.0412714921782894 off 0.03198837154843625	false	1.0
wichser	off 1.0		__DUMMY__ 0.9211963101182467 off 0.04537407750449753 neg 0.033429612377255814	false	1.0
terror	neg 1.0		__DUMMY__ 0.9293836012119936 neg 0.03545630282604482 off 0.035160095961961554	false	1.0
krass	neg 1.0		__DUMMY__ 0.9246048699938799 off 0.040067169309460506 neg 0.035327960696659604	false	0.5
revolte	neg 1.0		__DUMMY__ 0.9245309685614338 neg 0.04017332887006458 off 0.03529570256850169	false	1.0
besorgt	neg 1.0		__DUMMY__ 0.9316542240536335 neg 0.036488380470335514 off 0.031857395476030934	false	1.0
nachlassen	neg 1.0		__DUMMY__ 0.9291067905122191 neg 0.04073647931716381 off 0.030156730170617062	false	1.0
alt	neg 1.0		__DUMMY__ 0.9302720553597449 neg 0.03923694353319543 off 0.030491001107059684	false	1.0
hundesohn	off 1.0		__DUMMY__ 0.9198712502807512 off 0.044659150260593194 neg 0.035469599458655555	false	1.0
als			__DUMMY__ 0.9310833657295902 neg 0.0368397289693237 off 0.03207690530108609	false	0.0
abschreckung	neg 1.0		__DUMMY__ 0.9295466700701076 neg 0.041235297858006024 off 0.029218032071886394	false	1.0
unqualifiziert	neg 1.0		__DUMMY__ 0.9230433572941324 neg 0.04070630996264678 off 0.03625033274322086	false	1.0
abgewichst	off 1.0		__DUMMY__ 0.9293554051182576 neg 0.038546330673116275 off 0.03209826420862607	false	0.5
schwer	neg 1.0		__DUMMY__ 0.9286213731770759 neg 0.03793554750000914 off 0.03344307932291495	false	1.0
bedeutungslosigkeit	neg 1.0		__DUMMY__ 0.9289483448083337 neg 0.041161479700942534 off 0.02989017549072382	false	1.0
kapitulation	neg 1.0		__DUMMY__ 0.9256564127704807 neg 0.043339080009422215 off 0.031004507220097125	false	1.0
unscharf	neg 1.0		__DUMMY__ 0.9282913295022306 neg 0.037108846295801 off 0.0345998242019684	false	1.0
schwinden	neg 1.0		__DUMMY__ 0.928883610098842 neg 0.04142353598339562 off 0.029692853917762326	false	1.0
versklavung	neg 1.0		__DUMMY__ 0.9225148089215816 neg 0.042987052808926486 off 0.03449813826949191	false	1.0
schlecht	neg 1.0		__DUMMY__ 0.9274154748142058 off 0.03795899104339906 neg 0.03462553414239508	false	0.5
verhasst	neg 1.0		__DUMMY__ 0.9264937121731397 neg 0.03910158812338033 off 0.03440469970347994	false	1.0
beschweren	neg 1.0		__DUMMY__ 0.927467560978517 neg 0.037614138918019166 off 0.03491830010346384	false	1.0
scheiden	neg 1.0		__DUMMY__ 0.9344298199350529 off 0.03317644817443581 neg 0.032393731890511236	false	0.5
frustriert	neg 1.0		__DUMMY__ 0.9290191678164171 neg 0.038262072889438635 off 0.03271875929414428	false	1.0
schimmelig	neg 1.0		__DUMMY__ 0.9318297958259927 neg 0.03836015069014187 off 0.029810053483865475	false	1.0
fisch	neg 1.0		__DUMMY__ 0.9365033536066489 neg 0.034719733118877376 off 0.028776913274473737	false	1.0
schmuggel	neg 1.0		__DUMMY__ 0.9327210857210233 neg 0.03768193657157501 off 0.029596977707401682	false	1.0
auffallen	neg 1.0		__DUMMY__ 0.9281137137793518 neg 0.036531561680167995 off 0.03535472454048021	false	1.0
konkurrenz	neg 1.0	neg 1.0	neg 0.5057620918932896 __DUMMY__ 0.4677627156880582 off 0.026475192418652198	false	1.0
teufelskreis	neg 1.0	neg 1.0	neg 0.5065918088849463 __DUMMY__ 0.46322636456979716 off 0.03018182654525672	false	1.0
aufschreien	neg 1.0		__DUMMY__ 0.9259444874861485 neg 0.03873164835679461 off 0.03532386415705682	false	1.0
schuldner	neg 1.0		__DUMMY__ 0.9297969426348642 neg 0.04034060746857067 off 0.029862449896565113	false	1.0
missgeburt	off 1.0	off 1.0	off 0.5077957597305877 __DUMMY__ 0.46003464383407217 neg 0.0321695964353402	false	1.0
arbeitslos	neg 1.0		__DUMMY__ 0.9269372087266735 neg 0.040820433340426246 off 0.032242357932900305	false	1.0
befallen	neg 1.0		__DUMMY__ 0.9253220563406176 neg 0.04235554945940779 off 0.032322394199974666	false	1.0
miesepetrig	off 1.0	off 1.0	off 0.5041632133809715 __DUMMY__ 0.4639503102874739 neg 0.03188647633155469	false	1.0
alarmieren	neg 1.0		__DUMMY__ 0.9241833446986938 neg 0.03870189962481162 off 0.0371147556764946	false	1.0
ungeduscht	off 1.0		__DUMMY__ 0.9291577581981245 off 0.03547780747611609 neg 0.03536443432575943	false	1.0
knappheit	neg 1.0		__DUMMY__ 0.9264385023138889 neg 0.04274998003866225 off 0.03081151764744894	false	1.0
schlange	neg 1.0		__DUMMY__ 0.9313687289521604 off 0.03461358468636734 neg 0.034017686361472274	false	0.5
harsch	neg 1.0		__DUMMY__ 0.9268741001806796 off 0.0407636950877364 neg 0.032362204731584035	false	0.5
lang	neg 1.0		__DUMMY__ 0.9283899872569121 neg 0.037982307927906356 off 0.033627704815181535	false	1.0
ziellos	neg 1.0		__DUMMY__ 0.9310342505035761 neg 0.03733255484475695 off 0.03163319465166698	false	1.0
selbstverliebt	neg 1.0		__DUMMY__ 0.9179273232796448 off 0.04621842961924446 neg 0.035854247101110744	false	0.5
beseitigen	neg 1.0	neg 1.0	neg 0.5026312091528375 __DUMMY__ 0.4676813320267547 off 0.0296874588204077	false	1.0
dumm	off 1.0		__DUMMY__ 0.9221359331614819 off 0.04254557691252411 neg 0.03531848992599409	false	1.0
arbeitsloser	neg 1.0		__DUMMY__ 0.9297029081289904 neg 0.03865885924927472 off 0.03163823262173492	false	1.0
blitzen	neg 1.0		__DUMMY__ 0.9270180389781161 neg 0.0371632875089591 off 0.035818673512924795	false	1.0
hilflos	neg 1.0		__DUMMY__ 0.928868091125357 neg 0.03885170120148021 off 0.03228020767316283	false	1.0
eklig	off 1.0		__DUMMY__ 0.9222904620784185 off 0.04292105086842189 neg 0.034788487053159636	false	1.0
begriff			__DUMMY__ 0.9268560265568341 neg 0.04043472914197779 off 0.03270924430118806	false	0.0
hungersnot	neg 1.0		__DUMMY__ 0.9287355213921066 neg 0.03903738356244134 off 0.03222709504545219	false	1.0
ungesetzlich	neg 1.0		__DUMMY__ 0.9207241571973962 neg 0.043635107931425145 off 0.035640734871178685	false	1.0
verschwendung	neg 1.0		__DUMMY__ 0.9288535079996048 neg 0.040660416351031424 off 0.030486075649363776	false	1.0
schmerzvoll	neg 1.0		__DUMMY__ 0.9279517748009015 neg 0.037246735045475945 off 0.03480149015362254	false	1.0
vorzeitig	neg 1.0		__DUMMY__ 0.9291484123159783 off 0.03564848013707274 neg 0.03520310754694881	false	0.5
unvollkommenheit	neg 1.0		__DUMMY__ 0.9327070677473541 neg 0.035938828660388576 off 0.03135410359225728	false	1.0
intervenieren	neg 1.0		__DUMMY__ 0.9270173779195536 neg 0.042497846733803225 off 0.030484775346643147	false	1.0
banause	off 1.0		__DUMMY__ 0.9202849692400542 off 0.044502836778020395 neg 0.035212193981925384	false	1.0
rebell	neg 1.0		__DUMMY__ 0.9316834230173834 neg 0.04076254091660072 off 0.02755403606601587	false	1.0
unlogisch	neg 1.0		__DUMMY__ 0.9246244024527456 off 0.039799329631916104 neg 0.03557626791533837	false	0.5
leiden	neg 1.0		__DUMMY__ 0.9358598453506455 neg 0.034686627775143454 off 0.029453526874211065	false	1.0
abschaffung	neg 1.0		__DUMMY__ 0.9256909357388685 neg 0.04037803219558785 off 0.03393103206554356	false	1.0
sturz	neg 1.0		__DUMMY__ 0.9299399739096269 neg 0.036711110895049685 off 0.03334891519532337	false	1.0
verkleinerung	neg 1.0		__DUMMY__ 0.9236605776058618 neg 0.040497502979589574 off 0.035841919414548534	false	1.0
schmarotzer	off 1.0		__DUMMY__ 0.9260994959838537 neg 0.04174923775101299 off 0.032151266265133316	false	0.5
bestrafung	neg 1.0		__DUMMY__ 0.9266482847446916 neg 0.038699048774800925 off 0.03465266648050746	false	1.0
achtlos	neg 1.0		__DUMMY__ 0.9299512085543671 neg 0.03675220429256865 off 0.03329658715306422	false	1.0
