unsolidarisch	neg 1.0		__DUMMY__ 0.4639031802111628 neg 0.2921008929152722 off 0.243995926873565	false	1.0
nachteilig	neg 1.0		__DUMMY__ 0.46959426312875635 neg 0.28917430586120657 off 0.24123143101003705	false	1.0
skeptisch	neg 1.0		__DUMMY__ 0.47052802233564894 neg 0.2887722067127182 off 0.240699770951633	false	1.0
schrecklich	neg 1.0		__DUMMY__ 0.4665921904723267 neg 0.27586485547124556 off 0.25754295405642774	false	1.0
schlapp	neg 1.0		__DUMMY__ 0.4691402828942238 neg 0.2780505425991392 off 0.2528091745066372	false	1.0
abfall	neg 1.0		__DUMMY__ 0.4711142266967504 neg 0.2913725615679546 off 0.2375132117352951	false	1.0
widerspenstig	neg 1.0		__DUMMY__ 0.46934656368398825 neg 0.28420953046665004 off 0.24644390584936182	false	1.0
abrupt	neg 1.0		__DUMMY__ 0.47311690974830783 neg 0.2846336925604683 off 0.2422493976912239	false	1.0
unwirksam	neg 1.0		__DUMMY__ 0.4664544619255661 neg 0.28846361049597535 off 0.24508192757845848	false	1.0
angreifen	neg 1.0	neg 1.0	neg 0.6344462697765813 __DUMMY__ 0.2288236067427075 off 0.13673012348071134	false	1.0
inkonsistent	neg 1.0		__DUMMY__ 0.4695953710143747 neg 0.2828445249807439 off 0.2475601040048815	false	1.0
abrutschen	neg 1.0		__DUMMY__ 0.4714358991226395 neg 0.29044803131653624 off 0.2381160695608243	false	1.0
unsicher	neg 1.0		__DUMMY__ 0.4702225211811748 neg 0.28285997110679123 off 0.24691750771203416	false	1.0
bauernkind	off 1.0	off 1.0	off 0.615502144010438 __DUMMY__ 0.22540080075621224 neg 0.15909705523334966	false	1.0
angreifer	neg 1.0		__DUMMY__ 0.4706362292662177 neg 0.2808327525543524 off 0.24853101817942974	false	1.0
trennen	neg 1.0		__DUMMY__ 0.47442522279126653 neg 0.2823293010695378 off 0.24324547613919562	false	1.0
schmutz	neg 1.0		__DUMMY__ 0.4734755368146274 neg 0.27650620346708193 off 0.2500182597182907	false	1.0
inkonsistenz	neg 1.0		__DUMMY__ 0.46561296187574597 neg 0.2841368612055671 off 0.25025017691868706	false	1.0
erschreckend	neg 1.0		__DUMMY__ 0.46870621310010024 neg 0.2864140503999824 off 0.2448797364999174	false	1.0
ertrinken	neg 1.0		__DUMMY__ 0.4716271431652196 neg 0.2854220024395966 off 0.24295085439518388	false	1.0
pickelface	off 1.0		__DUMMY__ 0.4695806442586459 neg 0.28641116439981285 off 0.24400819134154147	false	0.5
seiner			__DUMMY__ 0.47168807199613644 neg 0.2866324129914799 off 0.24167951501238363	false	0.0
lauch	neg 1.0		__DUMMY__ 0.47025646814549277 neg 0.2920559680480191 off 0.23768756380648826	false	1.0
unwichtig	neg 1.0		__DUMMY__ 0.4670278746492088 neg 0.28132771499965853 off 0.25164441035113266	false	1.0
steuerhinterziehung	neg 1.0		__DUMMY__ 0.4674401381729138 neg 0.28916483416486 off 0.2433950276622261	false	1.0
schock	neg 1.0		__DUMMY__ 0.47250488753233055 neg 0.28087557171209593 off 0.24661954075557363	false	1.0
beule	neg 1.0		__DUMMY__ 0.4694791239397105 neg 0.27720550565779334 off 0.25331537040249613	false	1.0
vergelten	neg 1.0		__DUMMY__ 0.46925881774736244 neg 0.27407346533724636 off 0.2566677169153911	false	1.0
verdorbenheit	neg 1.0		__DUMMY__ 0.47130273746090284 neg 0.282139878821698 off 0.2465573837173993	false	1.0
trauma	neg 1.0		__DUMMY__ 0.4689783468345889 neg 0.2834732401015528 off 0.2475484130638584	false	1.0
sinnlos	neg 1.0		__DUMMY__ 0.46962887788461644 neg 0.280803782799769 off 0.24956733931561456	false	1.0
fettsack	off 1.0	off 1.0	off 0.6170838937466144 __DUMMY__ 0.2262914734870843 neg 0.1566246327663012	false	1.0
feige	off 1.0	off 1.0	off 0.613123090771495 __DUMMY__ 0.22636928030021067 neg 0.16050762892829437	false	1.0
abdanken	neg 1.0		__DUMMY__ 0.46774016494782084 neg 0.28762333251128186 off 0.24463650254089744	false	1.0
wichtigtuer	off 1.0	off 1.0	off 0.6113070842889604 __DUMMY__ 0.22726207488188963 neg 0.16143084082914994	false	1.0
misslingen	neg 1.0		__DUMMY__ 0.47303713396596264 neg 0.2780251517259199 off 0.24893771430811748	false	1.0
untreu	off 1.0		__DUMMY__ 0.4662575278755965 neg 0.2808762532857783 off 0.2528662188386253	false	0.5
missmutig	neg 1.0		__DUMMY__ 0.467756303602585 neg 0.28029275957192035 off 0.25195093682549463	false	1.0
hurenbock	off 1.0		__DUMMY__ 0.47053389105721644 neg 0.28096135788365567 off 0.24850475105912792	false	0.5
betrunken	neg 1.0		__DUMMY__ 0.4692987674982411 neg 0.27474362363239596 off 0.2559576088693628	false	1.0
korrupt	off 1.0		__DUMMY__ 0.4654701075739248 neg 0.292733337043221 off 0.24179655538285397	false	0.5
unmut	neg 1.0		__DUMMY__ 0.4709072305041459 neg 0.2914151906645696 off 0.23767757883128457	false	1.0
hackfresse	off 1.0		__DUMMY__ 0.4641289842907888 neg 0.27497958276845713 off 0.26089143294075423	false	0.5
aufblasen	neg 1.0		__DUMMY__ 0.47092354413123383 neg 0.2802233202536863 off 0.24885313561508	false	1.0
gewaltsam	neg 1.0		__DUMMY__ 0.46992215501076323 neg 0.2846002378471681 off 0.2454776071420686	false	1.0
unbeliebtheit	neg 1.0		__DUMMY__ 0.46243412443911364 neg 0.2883993957862711 off 0.2491664797746152	false	1.0
sturheit	neg 1.0		__DUMMY__ 0.467970364774981 neg 0.28749743051917714 off 0.24453220470584175	false	1.0
kuh	neg 1.0		__DUMMY__ 0.46782766101633544 neg 0.2856172203494657 off 0.24655511863419896	false	1.0
erschrecken	neg 1.0		__DUMMY__ 0.4688588080707963 neg 0.2795952464635921 off 0.2515459454656118	false	1.0
opfer	neg 1.0		__DUMMY__ 0.4706304632662464 neg 0.2867107365934864 off 0.24265880014026708	false	1.0
sinken	neg 1.0		__DUMMY__ 0.4718793231255855 neg 0.289373430198515 off 0.23874724667589947	false	1.0
stinktier	neg 1.0		__DUMMY__ 0.4648680575890877 neg 0.27763432246270037 off 0.2574976199482119	false	1.0
tucke	off 1.0		__DUMMY__ 0.4610512845034487 neg 0.2787045170201444 off 0.2602441984764069	false	0.5
ein			__DUMMY__ 0.4712835025186527 neg 0.2805422843063315 off 0.24817421317501595	false	0.0
abstieg	neg 1.0		__DUMMY__ 0.47289204696013276 neg 0.2846602651691842 off 0.2424476878706832	false	1.0
missverstehen	neg 1.0		__DUMMY__ 0.4670528596029524 neg 0.28410020036890943 off 0.24884694002813804	false	1.0
ergebnislos	neg 1.0		__DUMMY__ 0.4707319203671834 neg 0.2877906872884051 off 0.24147739234441162	false	1.0
unter			__DUMMY__ 0.4772741187720629 neg 0.2878717726847358 off 0.23485410854320135	false	0.0
manipulieren	neg 1.0		__DUMMY__ 0.4696681643760694 neg 0.2899481869454289 off 0.24038364867850182	false	1.0
unbewiesen	neg 1.0		__DUMMY__ 0.4631466968137116 neg 0.292830128490706 off 0.24402317469558235	false	1.0
verschleppen	neg 1.0		__DUMMY__ 0.46968057401111885 neg 0.28728738241123913 off 0.2430320435776422	false	1.0
weib	off 1.0		__DUMMY__ 0.46403862931809137 neg 0.2751683718213245 off 0.26079299886058416	false	0.5
opposition	neg 1.0		__DUMMY__ 0.46718893900354846 neg 0.2851049710680108 off 0.24770608992844087	false	1.0
verkehrswidrig	neg 1.0	neg 1.0	neg 0.6224709436979724 __DUMMY__ 0.230675782758571 off 0.14685327354345656	false	1.0
inkorrekt	neg 1.0		__DUMMY__ 0.4632401855364795 neg 0.2836160339599963 off 0.2531437805035242	false	1.0
vermeiden	neg 1.0		__DUMMY__ 0.47353635921975684 neg 0.2903252487474246 off 0.2361383920328186	false	1.0
abweichung	neg 1.0		__DUMMY__ 0.47016381036670124 neg 0.28799390013675036 off 0.24184228949654832	false	1.0
alkoholisiert	neg 1.0		__DUMMY__ 0.4763446468542375 neg 0.2805705954305389 off 0.24308475771522348	false	1.0
scheiss	off 1.0	off 1.0	off 0.6139811890527888 __DUMMY__ 0.22811766414801551 neg 0.1579011467991957	false	1.0
herausforderung	neg 1.0	neg 1.0	neg 0.628990675914876 __DUMMY__ 0.23279537439878692 off 0.13821394968633696	false	1.0
pervers	off 1.0		__DUMMY__ 0.4631162565159417 neg 0.2724964810738105 off 0.2643872624102477	false	0.5
wackelig	neg 1.0		__DUMMY__ 0.4739104591865078 neg 0.28089636817830765 off 0.24519317263518461	false	1.0
verwickeln	neg 1.0		__DUMMY__ 0.46684824578314255 neg 0.2845367171665606 off 0.2486150370502968	false	1.0
vorwand	neg 1.0		__DUMMY__ 0.47049653144532644 neg 0.28973322597138607 off 0.2397702425832875	false	1.0
muschi	off 1.0		__DUMMY__ 0.46979661299607384 neg 0.2855650632054743 off 0.24463832379845182	false	0.5
entmutigung	neg 1.0		__DUMMY__ 0.4660891211937234 neg 0.2870370592128303 off 0.24687381959344618	false	1.0
unangemessen	neg 1.0		__DUMMY__ 0.46831986656665947 neg 0.2880144930151318 off 0.24366564041820882	false	1.0
unstetig	neg 1.0		__DUMMY__ 0.4710447062222794 neg 0.28068883597588196 off 0.24826645780183867	false	1.0
entmutigen	neg 1.0		__DUMMY__ 0.46892217646194134 neg 0.2830869213376643 off 0.24799090220039452	false	1.0
schwanz	neg 1.0		__DUMMY__ 0.4714415758338071 neg 0.28712617658940576 off 0.24143224757678702	false	1.0
verbot	neg 1.0		__DUMMY__ 0.46780720713235463 neg 0.28981220631101673 off 0.24238058655662864	false	1.0
leid	neg 1.0		__DUMMY__ 0.4661069749267517 neg 0.2751371535240855 off 0.2587558715491628	false	1.0
archaisch	neg 1.0		__DUMMY__ 0.46946118742436077 neg 0.2866315957367272 off 0.24390721683891195	false	1.0
gegen			__DUMMY__ 0.47276326445609673 neg 0.2873958921640775 off 0.2398408433798259	false	0.0
scheidung	neg 1.0		__DUMMY__ 0.46343114805331054 off 0.2686611535367181 neg 0.26790769840997153	false	0.5
einschlag	neg 1.0	neg 1.0	neg 0.6265353578123712 __DUMMY__ 0.22795815210678677 off 0.1455064900808419	false	1.0
m			__DUMMY__ 0.4716308134072805 neg 0.28383472408079646 off 0.24453446251192307	false	0.0
abgestanden	neg 1.0		__DUMMY__ 0.4712038693077663 neg 0.28076819234191 off 0.2480279383503238	false	1.0
schmierig	off 1.0		__DUMMY__ 0.4664557704542297 neg 0.2752846367015474 off 0.25825959284422295	false	0.5
unpraktisch	neg 1.0		__DUMMY__ 0.47196354728202056 neg 0.27922198595688646 off 0.24881446676109287	false	1.0
wixxer	off 1.0		__DUMMY__ 0.46261589266988734 neg 0.2734685194195411 off 0.26391558791057174	false	0.5
bezeichnet			__DUMMY__ 0.4683722646647553 neg 0.28612054722015323 off 0.24550718811509145	false	0.0
jammerlappen	off 1.0		__DUMMY__ 0.4672296463071258 neg 0.280863020420632 off 0.2519073332722423	false	0.5
farce	neg 1.0		__DUMMY__ 0.46699620117183616 neg 0.2899465175316522 off 0.2430572812965117	false	1.0
zwecklos	neg 1.0		__DUMMY__ 0.4684956977797028 neg 0.28785400021215163 off 0.2436503020081457	false	1.0
turbulent	neg 1.0		__DUMMY__ 0.4664139875724086 neg 0.2814910885541491 off 0.2520949238734423	false	1.0
invasion	neg 1.0		__DUMMY__ 0.46969259395096663 neg 0.2806122439350797 off 0.2496951621139537	false	1.0
schuld	neg 1.0		__DUMMY__ 0.46857938165740265 neg 0.28410359684294245 off 0.24731702149965476	false	1.0
risiko	neg 1.0		__DUMMY__ 0.4706037630324707 neg 0.2821632926800169 off 0.24723294428751247	false	1.0
finster	neg 1.0		__DUMMY__ 0.47040979887763007 neg 0.28151787677378265 off 0.2480723243485873	false	1.0
geisteskrank	off 1.0		__DUMMY__ 0.4650665871300383 neg 0.2817454135976072 off 0.25318799927235447	false	0.5
zusammenbrechen	neg 1.0		__DUMMY__ 0.47070365949253645 neg 0.28409925432564875 off 0.24519708618181496	false	1.0
ausbeute	neg 1.0		__DUMMY__ 0.4745724385057986 neg 0.282729150196956 off 0.24269841129724534	false	1.0
hinterhalt	neg 1.0		__DUMMY__ 0.4722471860113345 neg 0.2826196524510672 off 0.24513316153759818	false	1.0
kritik	neg 1.0		__DUMMY__ 0.4673207140778768 neg 0.2897033963922454 off 0.2429758895298778	false	1.0
einschrumpfen	neg 1.0		__DUMMY__ 0.4658222805760639 neg 0.28530956902281396 off 0.24886815040112215	false	1.0
riskant	neg 1.0		__DUMMY__ 0.4695776819253069 neg 0.2884624004511527 off 0.24195991762354033	false	1.0
frustrieren	neg 1.0		__DUMMY__ 0.4701605905930796 neg 0.2874008115310969 off 0.24243859787582347	false	1.0
groll	neg 1.0		__DUMMY__ 0.4695768704955697 neg 0.2867072282278962 off 0.24371590127653403	false	1.0
gibt			__DUMMY__ 0.4701022778171089 neg 0.28536695164571807 off 0.24453077053717304	false	0.0
qualvoll	neg 1.0		__DUMMY__ 0.4695707777483267 neg 0.2796226429808887 off 0.25080657927078454	false	1.0
wackeln	neg 1.0	neg 1.0	neg 0.628699226218311 __DUMMY__ 0.2301852391962072 off 0.14111553458548173	false	1.0
klagen	neg 1.0		__DUMMY__ 0.47146062936276034 neg 0.29000379343581156 off 0.2385355772014282	false	1.0
bankrott	neg 1.0		__DUMMY__ 0.4687796536996056 neg 0.28004767993043306 off 0.2511726663699614	false	1.0
trauern	neg 1.0		__DUMMY__ 0.47191076048099695 neg 0.2851845879146268 off 0.24290465160437621	false	1.0
ablehnung	neg 1.0		__DUMMY__ 0.4675068925456329 neg 0.28936439193156094 off 0.24312871552280624	false	1.0
stur	neg 1.0		__DUMMY__ 0.46804186847127055 neg 0.28410014177703496 off 0.2478579897516945	false	1.0
aufruhr	neg 1.0		__DUMMY__ 0.4698795319620611 neg 0.2847475697541025 off 0.24537289828383654	false	1.0
melancholie	neg 1.0		__DUMMY__ 0.4719751977603057 neg 0.28367838037027904 off 0.2443464218694154	false	1.0
ist			__DUMMY__ 0.46935344900166687 neg 0.2818835030099284 off 0.2487630479884046	false	0.0
torheit	neg 1.0		__DUMMY__ 0.4664842035223096 neg 0.2873044737266975 off 0.24621132275099292	false	1.0
dreckskind	off 1.0		__DUMMY__ 0.4641838609946721 neg 0.27687000899625813 off 0.2589461300090698	false	0.5
umtauschen	neg 1.0		__DUMMY__ 0.4710512736350313 neg 0.2823697457109268 off 0.24657898065404182	false	1.0
zum			__DUMMY__ 0.47815788015670097 neg 0.28362290232997445 off 0.23821921751332462	false	0.0
zersetzen	neg 1.0		__DUMMY__ 0.4687215707925819 neg 0.2913864859122796 off 0.23989194329513855	false	1.0
zur			__DUMMY__ 0.47501805829652544 neg 0.28885612749306394 off 0.2361258142104105	false	0.0
frust	neg 1.0		__DUMMY__ 0.47081732994033937 neg 0.2841378091403571 off 0.24504486091930364	false	1.0
unerbittlichkeit	neg 1.0		__DUMMY__ 0.4694108514242505 neg 0.2902534765733995 off 0.24033567200235004	false	1.0
zwei			__DUMMY__ 0.4764022005051635 neg 0.28341793771710155 off 0.2401798617777351	false	0.0
unkorrekt	neg 1.0		__DUMMY__ 0.46336599507766596 neg 0.28273172405345753 off 0.2539022808688764	false	1.0
hexe	off 1.0		__DUMMY__ 0.4676717124995939 neg 0.27943263386956146 off 0.2528956536308446	false	0.5
lasch	neg 1.0		__DUMMY__ 0.46601690733808465 neg 0.28411245306441896 off 0.24987063959749622	false	1.0
rivale	neg 1.0		__DUMMY__ 0.46735632210180283 neg 0.2773558885157881 off 0.2552877893824091	false	1.0
mutlos	off 1.0	off 1.0	off 0.6070190883059842 __DUMMY__ 0.2277061333593455 neg 0.1652747783346703	false	1.0
wirr	off 1.0		__DUMMY__ 0.46383966868036125 neg 0.2817194538469311 off 0.2544408774727077	false	0.5
jahr			__DUMMY__ 0.47565189668537056 neg 0.2822588056883051 off 0.24208929762632428	false	0.0
wird			__DUMMY__ 0.47125362844005303 neg 0.28542013862977395 off 0.24332623293017297	false	0.0
strafbar	neg 1.0		__DUMMY__ 0.4689216883362163 neg 0.28926198888188337 off 0.24181632278190043	false	1.0
erosion	neg 1.0		__DUMMY__ 0.4705724138359834 neg 0.28177703653077024 off 0.24765054963324637	false	1.0
eingehen	neg 1.0		__DUMMY__ 0.4683356227266901 neg 0.28895735566380726 off 0.2427070216095025	false	1.0
faul	off 1.0		__DUMMY__ 0.46962802147540733 neg 0.27844974446507326 off 0.2519222340595194	false	0.5
provisorium	neg 1.0		__DUMMY__ 0.4757872952558611 neg 0.2903123257792522 off 0.2339003789648867	false	1.0
schmerzen	neg 1.0		__DUMMY__ 0.47025770691358676 neg 0.2830431201786973 off 0.246699172907716	false	1.0
schrumpfen	neg 1.0		__DUMMY__ 0.47165936261362534 neg 0.29308180171502063 off 0.23525883567135397	false	1.0
geistlos	off 1.0		__DUMMY__ 0.4634288105644193 neg 0.28922681410467965 off 0.2473443753309011	false	0.5
fehlkauf	neg 1.0		__DUMMY__ 0.4680667201733286 neg 0.2837976855836104 off 0.2481355942430609	false	1.0
frustrierend	neg 1.0		__DUMMY__ 0.4696887279216313 neg 0.2786188705019163 off 0.2516924015764525	false	1.0
unzufrieden	neg 1.0		__DUMMY__ 0.4688969140931736 neg 0.2874491776818688 off 0.2436539082249577	false	1.0
verzweifeln	neg 1.0		__DUMMY__ 0.46994419091759904 neg 0.283923421334637 off 0.24613238774776397	false	1.0
verzweifelt	neg 1.0		__DUMMY__ 0.46844489697950187 neg 0.28343609175908674 off 0.24811901126141145	false	1.0
misstrauensantrag	neg 1.0		__DUMMY__ 0.46791677786249286 neg 0.2832834797275974 off 0.24879974240990962	false	1.0
abfallen	neg 1.0		__DUMMY__ 0.47157515304210945 neg 0.2794501358848446 off 0.248974711073046	false	1.0
fucker	off 1.0		__DUMMY__ 0.46604393566060315 neg 0.2798535827581151 off 0.25410248158128185	false	0.5
ungezogen	neg 1.0		__DUMMY__ 0.46475272469850304 neg 0.27230425063918456 off 0.2629430246623124	false	1.0
irrsinnig	neg 1.0	neg 1.0	neg 0.6314768101649358 __DUMMY__ 0.2279037761088278 off 0.14061941372623632	false	1.0
unfassbar	neg 1.0		__DUMMY__ 0.4671542771660834 neg 0.2800323515487044 off 0.25281337128521225	false	1.0
hart	neg 1.0		__DUMMY__ 0.46849033600297374 neg 0.28094090272634903 off 0.25056876127067734	false	1.0
widerlich	off 1.0		__DUMMY__ 0.46516667327587763 neg 0.2816860458849974 off 0.2531472808391249	false	0.5
fatal	neg 1.0		__DUMMY__ 0.46834357736664384 neg 0.2830259472129479 off 0.2486304754204084	false	1.0
bruch	neg 1.0		__DUMMY__ 0.47082541144743706 neg 0.2906665371743253 off 0.23850805137823775	false	1.0
aushungern	neg 1.0		__DUMMY__ 0.46693072038143335 neg 0.289093358238761 off 0.24397592137980575	false	1.0
anspannung	neg 1.0	neg 1.0	neg 0.6316259611886983 __DUMMY__ 0.2331081900526374 off 0.13526584875866438	false	1.0
von			__DUMMY__ 0.47544607766930586 neg 0.2834118594546505 off 0.24114206287604367	false	0.0
kraftlos	neg 1.0		__DUMMY__ 0.47241396607252195 neg 0.2825135069586789 off 0.24507252696879928	false	1.0
vom			__DUMMY__ 0.4782372984196157 neg 0.28606980340946486 off 0.23569289817091946	false	0.0
grenzdebil	off 1.0		__DUMMY__ 0.46725221166385794 neg 0.2786418453112852 off 0.2541059430248568	false	0.5
vor			__DUMMY__ 0.47259165854511753 neg 0.28677031467920605 off 0.24063802677567644	false	0.0
unterwerfen	neg 1.0		__DUMMY__ 0.46976938445625893 neg 0.28829363918468864 off 0.24193697635905256	false	1.0
versenkung	neg 1.0		__DUMMY__ 0.47035101647315625 neg 0.28781200262708184 off 0.24183698089976188	false	1.0
entziehen	neg 1.0		__DUMMY__ 0.47106217256834887 neg 0.2897852444463713 off 0.23915258298527964	false	1.0
finanzkrise	neg 1.0		__DUMMY__ 0.46687884679103503 neg 0.2889956671830065 off 0.24412548602595854	false	1.0
schimpfend	neg 1.0		__DUMMY__ 0.4719563119331296 neg 0.2792470475019325 off 0.24879664056493772	false	1.0
profan	neg 1.0		__DUMMY__ 0.4686491799421517 neg 0.2814406828331012 off 0.24991013722474714	false	1.0
korruption	neg 1.0	neg 1.0	neg 0.6349356005163225 __DUMMY__ 0.22750759456167746 off 0.13755680492200006	false	1.0
â			__DUMMY__ 0.47122416414458546 neg 0.2857367595271707 off 0.24303907632824384	false	0.0
schmutzig	neg 1.0		__DUMMY__ 0.4679465574622986 neg 0.2784035552197552 off 0.2536498873179462	false	1.0
sexy	neg 1.0		__DUMMY__ 0.4683681561990237 neg 0.281114457576838 off 0.2505173862241381	false	1.0
abraten	neg 1.0		__DUMMY__ 0.46923734557674 neg 0.28187800179370315 off 0.24888465262955686	false	1.0
schwarz	neg 1.0		__DUMMY__ 0.4681945940860331 neg 0.2839798694374709 off 0.24782553647649605	false	1.0
fotze	off 1.0		__DUMMY__ 0.4701592845905961 neg 0.28770861423701455 off 0.24213210117238929	false	0.5
verwirren	neg 1.0		__DUMMY__ 0.4686988570945527 neg 0.28109787189225854 off 0.25020327101318857	false	1.0
zahnlos	off 1.0		__DUMMY__ 0.46867409977519936 neg 0.287723597688848 off 0.24360230253595277	false	0.5
verheeren	neg 1.0		__DUMMY__ 0.46494639061265447 neg 0.2709868323612526 off 0.264066777026093	false	1.0
hippie	neg 1.0		__DUMMY__ 0.4680558276162068 neg 0.28217148320730223 off 0.24977268917649112	false	1.0
rammen	neg 1.0		__DUMMY__ 0.4692019511448245 neg 0.2834095397444847 off 0.24738850911069088	false	1.0
unlauter	neg 1.0		__DUMMY__ 0.46534425610754543 neg 0.2891415656743276 off 0.2455141782181269	false	1.0
unheilvoll	neg 1.0		__DUMMY__ 0.4710801686332398 neg 0.2788258760443262 off 0.250093955322434	false	1.0
niedrig	neg 1.0		__DUMMY__ 0.47145502990060784 neg 0.28703310783138175 off 0.24151186226801044	false	1.0
explosion	neg 1.0		__DUMMY__ 0.46789260573880737 neg 0.2830762893251178 off 0.2490311049360747	false	1.0
weichei	off 1.0		__DUMMY__ 0.46473258633515263 neg 0.27599358389433126 off 0.25927382977051605	false	0.5
minusmensch	off 1.0		__DUMMY__ 0.46033692413860094 neg 0.2776716026804559 off 0.2619914731809432	false	0.5
farblos	neg 1.0		__DUMMY__ 0.47373472147538953 neg 0.27949414817257845 off 0.24677113035203216	false	1.0
unwissend	neg 1.0	neg 1.0	neg 0.6296978233129409 __DUMMY__ 0.22699225884709961 off 0.1433099178399595	false	1.0
traurig	neg 1.0		__DUMMY__ 0.46716222163886945 neg 0.27635777287404345 off 0.2564800054870872	false	1.0
senkung	neg 1.0		__DUMMY__ 0.46646559100984447 neg 0.28472534546864087 off 0.24880906352151475	false	1.0
ungleich	neg 1.0	neg 1.0	neg 0.6353474702994464 __DUMMY__ 0.22785440751916006 off 0.1367981221813937	false	1.0
heikel	neg 1.0		__DUMMY__ 0.4696494637887224 neg 0.28981235661431143 off 0.24053817959696613	false	1.0
drosselung	neg 1.0		__DUMMY__ 0.46793492987735497 neg 0.27838114701472816 off 0.253683923107917	false	1.0
falsch	neg 1.0		__DUMMY__ 0.46829973690034876 neg 0.2802445542050027 off 0.2514557088946484	false	1.0
unzufriedenheit	neg 1.0		__DUMMY__ 0.4697876990954223 neg 0.2903934855398702 off 0.23981881536470753	false	1.0
kurz	neg 1.0		__DUMMY__ 0.4726750386614329 neg 0.2815201289508478 off 0.2458048323877193	false	1.0
unsinnig	neg 1.0		__DUMMY__ 0.46767888564747556 neg 0.2884898476538499 off 0.24383126669867475	false	1.0
penner	off 1.0	off 1.0	off 0.6186253490547773 __DUMMY__ 0.22567490902232729 neg 0.15569974192289532	false	1.0
seicht	neg 1.0		__DUMMY__ 0.46187013254996184 neg 0.2764951341605248 off 0.26163473328951337	false	1.0
dummheit	off 1.0	off 1.0	off 0.6114487809480352 __DUMMY__ 0.22698312466628925 neg 0.16156809438567554	false	1.0
unerfreulich	neg 1.0		__DUMMY__ 0.4715017628641281 neg 0.2884142011379348 off 0.2400840359979371	false	1.0
motherfucker	off 1.0	off 1.0	off 0.6142331624075535 __DUMMY__ 0.22631191282214985 neg 0.15945492477029657	false	1.0
pikiert	neg 1.0		__DUMMY__ 0.46516959196950103 neg 0.28305182635429155 off 0.25177858167620754	false	1.0
wrack	neg 1.0		__DUMMY__ 0.4738223596575151 neg 0.2830139759042425 off 0.24316366443824242	false	1.0
gangster	neg 1.0		__DUMMY__ 0.468729782039658 neg 0.2816894822802413 off 0.24958073568010075	false	1.0
krank	neg 1.0		__DUMMY__ 0.46849301282098704 neg 0.2766583628293826 off 0.25484862434963046	false	1.0
reich	neg 1.0		__DUMMY__ 0.46640025832480636 neg 0.28295308801693403 off 0.25064665365825967	false	1.0
gnadenlos	neg 1.0		__DUMMY__ 0.46909665015557606 neg 0.2833683798811007 off 0.24753496996332308	false	1.0
niedergeschlagen	neg 1.0		__DUMMY__ 0.4714058570720043 neg 0.28297106615129214 off 0.2456230767767035	false	1.0
terrorisieren	off 1.0	off 1.0	off 0.6077670490320093 __DUMMY__ 0.22893185627498633 neg 0.1633010946930044	false	1.0
sinnlosigkeit	neg 1.0		__DUMMY__ 0.4689865934825655 neg 0.28714863449175915 off 0.24386477202567536	false	1.0
behindern	neg 1.0		__DUMMY__ 0.4688367835033221 neg 0.2858967232227688 off 0.24526649327390918	false	1.0
undemokratisch	neg 1.0		__DUMMY__ 0.4663604332489244 neg 0.2873827603287283 off 0.2462568064223473	false	1.0
wirtschaftskrise	neg 1.0		__DUMMY__ 0.4685095242799825 neg 0.2895444649283392 off 0.2419460107916783	false	1.0
neid	neg 1.0		__DUMMY__ 0.4701602243891343 neg 0.27697330204200155 off 0.2528664735688641	false	1.0
rutschen	neg 1.0	neg 1.0	neg 0.6304020037876661 __DUMMY__ 0.23303061510933482 off 0.13656738110299915	false	1.0
rezession	neg 1.0		__DUMMY__ 0.46379711463227163 neg 0.28013235775898987 off 0.25607052760873844	false	1.0
fehlgeburt	neg 1.0		__DUMMY__ 0.4708214803482432 neg 0.27959395280360905 off 0.24958456684814784	false	1.0
charakterschwach	off 1.0		__DUMMY__ 0.46655866758051256 neg 0.280166844708001 off 0.2532744877114864	false	0.5
isolation	neg 1.0		__DUMMY__ 0.469611312435353 neg 0.2787623650739274 off 0.25162632249071976	false	1.0
ablenkung	neg 1.0		__DUMMY__ 0.46996592906799234 neg 0.28287806440227026 off 0.2471560065297373	false	1.0
pech	neg 1.0		__DUMMY__ 0.4695334773401127 neg 0.27897761511891755 off 0.25148890754096975	false	1.0
vermeidung	neg 1.0		__DUMMY__ 0.4660643562395434 neg 0.28063068430121685 off 0.25330495945923975	false	1.0
dominieren	neg 1.0		__DUMMY__ 0.4727427934978157 neg 0.2837487812878523 off 0.24350842521433191	false	1.0
schwindlig	neg 1.0		__DUMMY__ 0.47196773161452793 neg 0.277318339528892 off 0.25071392885658006	false	1.0
lutscher	neg 1.0		__DUMMY__ 0.46263011541982724 neg 0.27458048731956136 off 0.2627893972606114	false	1.0
pflicht	neg 1.0		__DUMMY__ 0.4699851730894836 neg 0.2895377783093118 off 0.24047704860120456	false	1.0
faschist	off 1.0		__DUMMY__ 0.46529077411276853 neg 0.2861776279256164 off 0.248531597961615	false	0.5
verschleudern	neg 1.0		__DUMMY__ 0.4664097384073734 neg 0.2934490931716753 off 0.2401411684209513	false	1.0
wenn			__DUMMY__ 0.46818781660417774 neg 0.2801322449667893 off 0.2516799384290329	false	0.0
ehebruch	neg 1.0		__DUMMY__ 0.4686724300618074 neg 0.28915643174721645 off 0.2421711381909762	false	1.0
spott	off 1.0		__DUMMY__ 0.4683558633092022 neg 0.29024563549896 off 0.24139850119183764	false	0.5
trostlosigkeit	neg 1.0		__DUMMY__ 0.47100627602288925 neg 0.28960539825574344 off 0.23938832572136734	false	1.0
lutschen	neg 1.0		__DUMMY__ 0.4674692610054522 neg 0.2836090138804872 off 0.24892172511406044	false	1.0
undiszipliniert	neg 1.0		__DUMMY__ 0.4673108933759106 neg 0.2772479190695778 off 0.2554411875545116	false	1.0
kopfschmerz	neg 1.0		__DUMMY__ 0.471847136638261 neg 0.2825399180866421 off 0.245612945275097	false	1.0
unvorhergesehen	neg 1.0		__DUMMY__ 0.47482367889352445 neg 0.2812127415919166 off 0.24396357951455885	false	1.0
desinteressiert	neg 1.0		__DUMMY__ 0.4660263425228953 neg 0.27921233337996576 off 0.25476132409713886	false	1.0
armselig	off 1.0		__DUMMY__ 0.46376714857172774 neg 0.28119074246740317 off 0.2550421089608692	false	0.5
desaster	neg 1.0		__DUMMY__ 0.4706119263141345 neg 0.2916276385625189 off 0.23776043512334655	false	1.0
tod	neg 1.0		__DUMMY__ 0.47239586165308295 neg 0.2840592967596258 off 0.24354484158729137	false	1.0
herzlos	neg 1.0		__DUMMY__ 0.46538383902658464 neg 0.27828086366444055 off 0.25633529730897486	false	1.0
unwissenheit	neg 1.0		__DUMMY__ 0.46709114518134487 neg 0.2901350471116062 off 0.2427738077070491	false	1.0
widersinnig	neg 1.0	neg 1.0	neg 0.635256351938114 __DUMMY__ 0.226739933169786 off 0.13800371489209995	false	1.0
bedenklich	neg 1.0		__DUMMY__ 0.46890088684455067 neg 0.28907663288843255 off 0.24202248026701684	false	1.0
beanstanden	neg 1.0		__DUMMY__ 0.471048783253834 neg 0.2887996122495627 off 0.2401516044966034	false	1.0
panisch	neg 1.0	neg 1.0	neg 0.6267017419968843 __DUMMY__ 0.2305299021835522 off 0.14276835581956338	false	1.0
debil	off 1.0		__DUMMY__ 0.4734145312808756 neg 0.2916878051842315 off 0.2348976635348931	false	0.5
abstrich	neg 1.0		__DUMMY__ 0.46993556119583146 neg 0.28724973471352205 off 0.24281470409064662	false	1.0
primitiv	neg 1.0		__DUMMY__ 0.46527380755588144 neg 0.2810020231034662 off 0.25372416934065234	false	1.0
abschaum	off 1.0	off 1.0	off 0.6128579033917491 __DUMMY__ 0.22666912810734574 neg 0.1604729685009052	false	1.0
provozieren	neg 1.0		__DUMMY__ 0.46802460903995247 neg 0.28508550441423747 off 0.24688988654580993	false	1.0
tot	neg 1.0		__DUMMY__ 0.4710354782911037 neg 0.2866145550880184 off 0.2423499666208778	false	1.0
instabil	neg 1.0		__DUMMY__ 0.4645680105907014 neg 0.28225244095513613 off 0.2531795484541624	false	1.0
schwuchtel	off 1.0		__DUMMY__ 0.4606647931317488 neg 0.27166943368478824 off 0.2676657731834631	false	0.5
zerren	neg 1.0		__DUMMY__ 0.47160125547917975 neg 0.28254610883594494 off 0.24585263568487525	false	1.0
kinderficker	off 1.0		__DUMMY__ 0.46257455233009637 neg 0.27982479697526524 off 0.2576006506946385	false	0.5
gefahr	neg 1.0		__DUMMY__ 0.4712551745876935 neg 0.2881755230964062 off 0.24056930231590018	false	1.0
rabiat	neg 1.0		__DUMMY__ 0.4680747938110862 neg 0.2858613519031081 off 0.24606385428580566	false	1.0
verlangsamung	neg 1.0		__DUMMY__ 0.46313356120960364 neg 0.2769213725893946 off 0.25994506620100166	false	1.0
ausgestorben	neg 1.0		__DUMMY__ 0.4706214472904954 neg 0.2830899932858758 off 0.24628855942362876	false	1.0
anklagen	neg 1.0		__DUMMY__ 0.4687515432321041 neg 0.2872060346449024 off 0.2440424221229934	false	1.0
trott	neg 1.0		__DUMMY__ 0.47048939648083865 neg 0.2833202971124081 off 0.24619030640675335	false	1.0
verminderung	neg 1.0		__DUMMY__ 0.46585295128373105 neg 0.2799456381293948 off 0.2542014105868741	false	1.0
nach			__DUMMY__ 0.4781405004478421 neg 0.28312287819772 off 0.23873662135443807	false	0.0
rost	neg 1.0		__DUMMY__ 0.46358700695349936 neg 0.2779161639306999 off 0.25849682911580074	false	1.0
destruktiv	neg 1.0		__DUMMY__ 0.46654859539987625 neg 0.2885795603561156 off 0.24487184424400815	false	1.0
unzumutbarkeit	neg 1.0		__DUMMY__ 0.4695775230917393 neg 0.2778344836389411 off 0.2525879932693196	false	1.0
labil	off 1.0	off 1.0	off 0.612950760395587 __DUMMY__ 0.22705841837405183 neg 0.159990821230361	false	1.0
ziemlich	neg 1.0		__DUMMY__ 0.4686662984773175 neg 0.27738403904957804 off 0.2539496624731045	false	1.0
lachnummer	off 1.0		__DUMMY__ 0.4683591367589435 neg 0.28574637749946835 off 0.2458944857415881	false	0.5
oder			__DUMMY__ 0.47145291026290004 neg 0.2808042369268443 off 0.24774285281025565	false	0.0
verfall	neg 1.0		__DUMMY__ 0.4715786610812882 neg 0.2931688180080159 off 0.23525252091069587	false	1.0
ausgrenzung	neg 1.0		__DUMMY__ 0.465787127280126 neg 0.2873049104374015 off 0.24690796228247244	false	1.0
unordnung	neg 1.0		__DUMMY__ 0.4695873125955228 neg 0.2768488029878388 off 0.25356388441663835	false	1.0
fehlverhalten	neg 1.0		__DUMMY__ 0.46947359681600376 neg 0.2898764170501087 off 0.24064998613388758	false	1.0
eine			__DUMMY__ 0.4714680044904221 neg 0.2879044831417558 off 0.24062751236782207	false	0.0
nille	neg 1.0		__DUMMY__ 0.4699664542327022 neg 0.28477164366112034 off 0.24526190210617752	false	1.0
qual	neg 1.0		__DUMMY__ 0.47007847069222597 neg 0.2841460658082049 off 0.24577546349956902	false	1.0
verschwenden	neg 1.0		__DUMMY__ 0.4693795607061917 neg 0.2878243830807957 off 0.24279605621301256	false	1.0
riesig	neg 1.0	neg 1.0	neg 0.6312726025982082 __DUMMY__ 0.2304014120172412 off 0.13832598538455065	false	1.0
verurteilen	neg 1.0		__DUMMY__ 0.4680945094466572 neg 0.28872707325847036 off 0.24317841729487247	false	1.0
klischee	neg 1.0	neg 1.0	neg 0.6312779193047116 __DUMMY__ 0.22671386971762697 off 0.1420082109776615	false	1.0
diktatorisch	neg 1.0		__DUMMY__ 0.4647511550384945 neg 0.2889810120755415 off 0.24626783288596404	false	1.0
vorhersehbar	neg 1.0	neg 1.0	neg 0.6309592334239833 __DUMMY__ 0.2272900878060426 off 0.141750678769974	false	1.0
sowie			__DUMMY__ 0.4643522136808022 neg 0.27737248474404536 off 0.25827530157515244	false	0.0
stornieren	neg 1.0		__DUMMY__ 0.473972803799426 neg 0.2767953195327001 off 0.249231876667874	false	1.0
besteuerung	neg 1.0		__DUMMY__ 0.46651944705982096 neg 0.2873464405423979 off 0.246134112397781	false	1.0
ungeschminkt	neg 1.0		__DUMMY__ 0.4666296414081448 neg 0.27997986397275254 off 0.25339049461910274	false	1.0
kritisch	neg 1.0		__DUMMY__ 0.4692530724316873 neg 0.2888282862245514 off 0.2419186413437613	false	1.0
schlamperei	off 1.0		__DUMMY__ 0.46932503329949493 neg 0.290066544615831 off 0.24060842208467415	false	0.5
sucht	neg 1.0	neg 1.0	neg 0.6301048930150919 __DUMMY__ 0.2296011677737016 off 0.14029393921120656	false	1.0
egoistisch	off 1.0		__DUMMY__ 0.4650427625906983 neg 0.27569613938384885 off 0.25926109802545283	false	0.5
ausbeuter	off 1.0		__DUMMY__ 0.4682297414637674 neg 0.29179327990319126 off 0.23997697863304127	false	0.5
arschgeburt	off 1.0		__DUMMY__ 0.45988110847568175 neg 0.27261158671027724 off 0.26750730481404106	false	0.5
schubs	neg 1.0	neg 1.0	neg 0.63012788972542 __DUMMY__ 0.23063353843520537 off 0.1392385718393745	false	1.0
unsolide	neg 1.0		__DUMMY__ 0.4626739622783746 neg 0.29123263980622804 off 0.24609339791539742	false	1.0
beschwerde	neg 1.0		__DUMMY__ 0.4694062112163648 neg 0.2897068096404597 off 0.2408869791431756	false	1.0
stocken	neg 1.0		__DUMMY__ 0.47012565560401204 neg 0.28798509915297943 off 0.24188924524300862	false	1.0
isolieren	neg 1.0		__DUMMY__ 0.4687346051584452 neg 0.28852351461312736 off 0.24274188022842752	false	1.0
unheilbar	neg 1.0		__DUMMY__ 0.46958614128020415 neg 0.2832496709643507 off 0.24716418775544496	false	1.0
pisser	off 1.0		__DUMMY__ 0.467064211466112 neg 0.27812329376057904 off 0.2548124947733089	false	0.5
löschen	neg 1.0		__DUMMY__ 0.46941564996872265 neg 0.2842658324564953 off 0.24631851757478201	false	1.0
durchfallen	neg 1.0		__DUMMY__ 0.468266873704551 neg 0.2885270299656657 off 0.24320609632978327	false	1.0
wichser	off 1.0		__DUMMY__ 0.4633140929006389 neg 0.27210973287511064 off 0.2645761742242504	false	0.5
terror	neg 1.0		__DUMMY__ 0.47037967035294076 neg 0.279287241302154 off 0.2503330883449052	false	1.0
krass	neg 1.0		__DUMMY__ 0.4660703439591546 neg 0.27669417509288335 off 0.2572354809479621	false	1.0
revolte	neg 1.0		__DUMMY__ 0.4662262376407292 neg 0.2859205077859909 off 0.24785325457328	false	1.0
besorgt	neg 1.0		__DUMMY__ 0.47239495338140913 neg 0.2825436611105372 off 0.2450613855080535	false	1.0
nachlassen	neg 1.0		__DUMMY__ 0.47018425000855635 neg 0.28839669317481115 off 0.24141905681663248	false	1.0
alt	neg 1.0		__DUMMY__ 0.4707941910511782 neg 0.2861933258144803 off 0.24301248313434148	false	1.0
hundesohn	off 1.0		__DUMMY__ 0.46222551888295405 neg 0.2756742809854884 off 0.2621002001315574	false	0.5
als			__DUMMY__ 0.47189749720908053 neg 0.2829036611610892 off 0.24519884162983022	false	0.0
abschreckung	neg 1.0		__DUMMY__ 0.47043078865827603 neg 0.2903847267781871 off 0.239184484563537	false	1.0
unqualifiziert	neg 1.0		__DUMMY__ 0.4649658499572309 neg 0.2859925421643498 off 0.2490416078784194	false	1.0
abgewichst	off 1.0		__DUMMY__ 0.4703350420609003 neg 0.28504618096213524 off 0.2446187769769644	false	0.5
schwer	neg 1.0		__DUMMY__ 0.4699621648935215 neg 0.28338855312893096 off 0.24664928197754768	false	1.0
bedeutungslosigkeit	neg 1.0		__DUMMY__ 0.47002054900147583 neg 0.28977882737158595 off 0.24020062362693814	false	1.0
kapitulation	neg 1.0		__DUMMY__ 0.4671653494897968 neg 0.2920444141897656 off 0.24079023632043756	false	1.0
unscharf	neg 1.0		__DUMMY__ 0.4691600713629387 neg 0.28133192929955325 off 0.24950799933750814	false	1.0
schwinden	neg 1.0		__DUMMY__ 0.4699871296428341 neg 0.2900232130637936 off 0.23998965729337246	false	1.0
versklavung	neg 1.0		__DUMMY__ 0.46452543486113496 neg 0.2898101138078568 off 0.24566445133100823	false	1.0
schlecht	neg 1.0		__DUMMY__ 0.4687424723914047 neg 0.27716505847564726 off 0.254092469132948	false	1.0
verhasst	neg 1.0		__DUMMY__ 0.46792988604647295 neg 0.2847443076694701 off 0.2473258062840571	false	1.0
beschweren	neg 1.0		__DUMMY__ 0.46888605608486694 neg 0.2823448988662473 off 0.2487690450488858	false	1.0
scheiden	neg 1.0		__DUMMY__ 0.47429224371849343 neg 0.276877867546499 off 0.24882988873500764	false	1.0
frustriert	neg 1.0		__DUMMY__ 0.4702370968504239 neg 0.28432305020951154 off 0.24543985294006462	false	1.0
schimmelig	neg 1.0		__DUMMY__ 0.4720248468637917 neg 0.2852803201236961 off 0.24269483301251205	false	1.0
fisch	neg 1.0		__DUMMY__ 0.47575446115323977 neg 0.2816750697180547 off 0.2425704691287054	false	1.0
schmuggel	neg 1.0		__DUMMY__ 0.4732096187616258 neg 0.2854766031585944 off 0.24131377807977983	false	1.0
auffallen	neg 1.0		__DUMMY__ 0.46937364743802457 neg 0.28077875451104534 off 0.2498475980509301	false	1.0
konkurrenz	neg 1.0	neg 1.0	neg 0.6334551394617902 __DUMMY__ 0.2303648673632389 off 0.1361799931749708	false	1.0
teufelskreis	neg 1.0	neg 1.0	neg 0.6327785198644851 __DUMMY__ 0.22793323620242328 off 0.13928824393309167	false	1.0
aufschreien	neg 1.0		__DUMMY__ 0.46746757721380894 neg 0.2836195483336985 off 0.24891287445249263	false	1.0
schuldner	neg 1.0		__DUMMY__ 0.47055626002246514 neg 0.2888956708042543 off 0.24054806917328064	false	1.0
missgeburt	off 1.0	off 1.0	off 0.6169198609959333 __DUMMY__ 0.2259743052024528 neg 0.15710583380161383	false	1.0
arbeitslos	neg 1.0		__DUMMY__ 0.4684934885106622 neg 0.2878898618303408 off 0.24361664965899704	false	1.0
befallen	neg 1.0		__DUMMY__ 0.4669152083615211 neg 0.28984240393068195 off 0.24324238770779688	false	1.0
miesepetrig	off 1.0	off 1.0	off 0.6142418936211844 __DUMMY__ 0.2281278125776439 neg 0.1576302938011716	false	1.0
alarmieren	neg 1.0		__DUMMY__ 0.4660128720821086 neg 0.283171183803062 off 0.25081594411482927	false	1.0
ungeduscht	off 1.0		__DUMMY__ 0.4698601954196492 neg 0.2787071554459266 off 0.2514326491344241	false	0.5
knappheit	neg 1.0		__DUMMY__ 0.46779320198191987 neg 0.29106391872591314 off 0.24114287929216713	false	1.0
schlange	neg 1.0		__DUMMY__ 0.4721691049296075 neg 0.277876777687162 off 0.24995411738323042	false	1.0
harsch	neg 1.0		__DUMMY__ 0.46832234124541716 neg 0.2728988325980377 off 0.258778826156545	false	1.0
lang	neg 1.0		__DUMMY__ 0.4696147724696285 neg 0.28342460762129823 off 0.24696061990907336	false	1.0
ziellos	neg 1.0		__DUMMY__ 0.47199969246739554 neg 0.2835803052988057 off 0.24442000223379887	false	1.0
selbstverliebt	neg 1.0		__DUMMY__ 0.46060170644554027 neg 0.2747780471093236 off 0.26462024644513615	false	1.0
beseitigen	neg 1.0	neg 1.0	neg 0.6300428841653838 __DUMMY__ 0.23009780835685056 off 0.13985930747776557	false	1.0
dumm	off 1.0		__DUMMY__ 0.46410540243024984 neg 0.27574530279827986 off 0.26014929477147014	false	0.5
arbeitsloser	neg 1.0		__DUMMY__ 0.4707083056291191 neg 0.28591510747491694 off 0.24337658689596386	false	1.0
blitzen	neg 1.0		__DUMMY__ 0.46830457343701165 neg 0.281613229932672 off 0.25008219663031644	false	1.0
hilflos	neg 1.0		__DUMMY__ 0.47003349926495275 neg 0.2852201849737422 off 0.24474631576130496	false	1.0
eklig	off 1.0		__DUMMY__ 0.46422776919295267 neg 0.2747665293484278 off 0.2610057014586196	false	0.5
begriff			__DUMMY__ 0.4682039067265464 neg 0.287271175760769 off 0.24452491751268482	false	0.0
hungersnot	neg 1.0		__DUMMY__ 0.46967151488880415 neg 0.2860871121595642 off 0.24424137295163176	false	1.0
ungesetzlich	neg 1.0		__DUMMY__ 0.46306279940260303 neg 0.2904460467250988 off 0.24649115387229809	false	1.0
verschwendung	neg 1.0		__DUMMY__ 0.47003705456918676 neg 0.288480034577057 off 0.24148291085375623	false	1.0
schmerzvoll	neg 1.0		__DUMMY__ 0.46927027506618807 neg 0.2818760230981073 off 0.24885370183570457	false	1.0
vorzeitig	neg 1.0		__DUMMY__ 0.4700705953996475 neg 0.27922905152274163 off 0.2507003530776108	false	1.0
unvollkommenheit	neg 1.0		__DUMMY__ 0.4729070776427655 neg 0.2823617030012198 off 0.2447312193560146	false	1.0
intervenieren	neg 1.0		__DUMMY__ 0.46830036045627915 neg 0.2913071897196213 off 0.24039244982409966	false	1.0
banause	off 1.0		__DUMMY__ 0.46251786753022317 neg 0.27456513082650313 off 0.2629170016432736	false	0.5
rebell	neg 1.0		__DUMMY__ 0.47211918334773667 neg 0.2898340531571636 off 0.23804676349509973	false	1.0
unlogisch	neg 1.0		__DUMMY__ 0.46623925870327887 neg 0.27744335832281297 off 0.25631738297390827	false	1.0
leiden	neg 1.0		__DUMMY__ 0.47560075942666913 neg 0.2813938037218347 off 0.24300543685149606	false	1.0
abschaffung	neg 1.0		__DUMMY__ 0.4671013942297549 neg 0.28672273990699687 off 0.24617586586324822	false	1.0
sturz	neg 1.0		__DUMMY__ 0.4708377936955272 neg 0.2822357066571643 off 0.24692649964730845	false	1.0
verkleinerung	neg 1.0		__DUMMY__ 0.4654742989718336 neg 0.28578280925979244 off 0.24874289176837402	false	1.0
schmarotzer	off 1.0		__DUMMY__ 0.46761915880772925 neg 0.28929760313670455 off 0.24308323805556634	false	0.5
bestrafung	neg 1.0		__DUMMY__ 0.46805890941776224 neg 0.2841954600296066 off 0.2477456305526311	false	1.0
achtlos	neg 1.0		__DUMMY__ 0.4709961499280429 neg 0.2820405033036797 off 0.24696334676827753	false	1.0
ungeheuer	neg 1.0		__DUMMY__ 0.4700684088304549 neg 0.279160097554897 off 0.25077149361464796	false	1.0
unaufrichtig	neg 1.0		__DUMMY__ 0.4654882180419684 neg 0.2868076565620734 off 0.2477041253959582	false	1.0
groggy	neg 1.0		__DUMMY__ 0.4676092148688304 neg 0.28317031717193003 off 0.2492204679592397	false	1.0
verletzlich	neg 1.0		__DUMMY__ 0.46705877685939623 neg 0.2780592673189928 off 0.25488195582161094	false	1.0
