unsolidarisch	neg 1.0		neg 0.3665462823076261 __DUMMY__ 0.32556077642455905 off 0.30789294126781486	false	1.0
nachteilig	neg 1.0		neg 0.3644549681398823 __DUMMY__ 0.32967319471674067 off 0.305871837143377	false	1.0
skeptisch	neg 1.0		neg 0.3641892175656101 __DUMMY__ 0.33036505248776826 off 0.3054457299466217	false	1.0
schrecklich	neg 1.0		neg 0.35014760784319915 __DUMMY__ 0.32750805903520663 off 0.32234433312159433	false	1.0
schlapp	neg 1.0		neg 0.3528067678702492 __DUMMY__ 0.3293434500824395 off 0.3178497820473113	false	1.0
abfall	neg 1.0		neg 0.36696637799694687 __DUMMY__ 0.3307823639395078 off 0.3022512580635453	false	1.0
widerspenstig	neg 1.0		neg 0.3592245843210944 __DUMMY__ 0.32949330616417977 off 0.3112821095147259	false	1.0
abrupt	neg 1.0		neg 0.3603250395712312 __DUMMY__ 0.3321992752016351 off 0.30747568522713375	false	1.0
unwirksam	neg 1.0		neg 0.363163000061202 __DUMMY__ 0.3273970820090145 off 0.3094399179297834	false	1.0
angreifen	neg 1.0	neg 1.0	neg 0.6716808332812492 off 0.16880127111862586 __DUMMY__ 0.1595178956001249	false	1.0
inkonsistent	neg 1.0		neg 0.35787929421020864 __DUMMY__ 0.32965515745835805 off 0.3124655483314333	false	1.0
abrutschen	neg 1.0		neg 0.366056683219659 __DUMMY__ 0.33102561320784774 off 0.30291770357249326	false	1.0
unsicher	neg 1.0		neg 0.3580014747370466 __DUMMY__ 0.3301463916118853 off 0.3118521336510682	false	1.0
bauernkind	off 1.0	off 1.0	off 0.6472040737412534 neg 0.19570644597970563 __DUMMY__ 0.1570894802790409	false	1.0
angreifer	neg 1.0		neg 0.35601972296412054 __DUMMY__ 0.3304151119372897 off 0.31356516509858984	false	1.0
trennen	neg 1.0		neg 0.35816237926093303 __DUMMY__ 0.33317959167430183 off 0.3086580290647651	false	1.0
schmutz	neg 1.0		neg 0.35202071730804463 __DUMMY__ 0.33243783488759254 off 0.31554144780436283	false	1.0
inkonsistenz	neg 1.0		neg 0.3585876739781997 __DUMMY__ 0.32678581375080773 off 0.3146265122709926	false	1.0
erschreckend	neg 1.0		neg 0.36143647259831535 __DUMMY__ 0.3290509185948588 off 0.30951260880682574	false	1.0
ertrinken	neg 1.0		neg 0.3608926462223505 __DUMMY__ 0.33115607419636756 off 0.307951279581282	false	1.0
pickelface	off 1.0		neg 0.36158822298722354 __DUMMY__ 0.32966099625717465 off 0.3087507807556018	false	0.5
seiner			neg 0.36216279906024723 __DUMMY__ 0.33120511327750324 off 0.3066320876622496	false	0.0
lauch	neg 1.0		neg 0.3675153067346147 __DUMMY__ 0.33015451865943546 off 0.3023301746059499	false	1.0
unwichtig	neg 1.0		neg 0.35588540239456395 __DUMMY__ 0.32782818284318255 off 0.31628641476225355	false	1.0
steuerhinterziehung	neg 1.0		neg 0.3641076198568444 __DUMMY__ 0.32810995548349636 off 0.3077824246596591	false	1.0
schock	neg 1.0		neg 0.3563332239125006 __DUMMY__ 0.33178720234783543 off 0.3118795737396638	false	1.0
beule	neg 1.0		neg 0.3519963753117293 __DUMMY__ 0.3295770814320682 off 0.31842654325620257	false	1.0
vergelten	neg 1.0		neg 0.3488339692368312 __DUMMY__ 0.32939708011221236 off 0.32176895065095645	false	1.0
verdorbenheit	neg 1.0		neg 0.35740414684503974 __DUMMY__ 0.33090699103499505 off 0.3116888621199651	false	1.0
trauma	neg 1.0		neg 0.35842179801311214 __DUMMY__ 0.32925060550405827 off 0.31232759648282954	false	1.0
sinnlos	neg 1.0		neg 0.35578220867429505 __DUMMY__ 0.32971385070453724 off 0.31450394062116765	false	1.0
fettsack	off 1.0	off 1.0	off 0.6489034771096476 neg 0.19337688346979992 __DUMMY__ 0.15771963942055248	false	1.0
feige	off 1.0	off 1.0	off 0.6449023555610451 neg 0.1973131605613162 __DUMMY__ 0.15778448387763871	false	1.0
abdanken	neg 1.0		neg 0.36258846921591237 __DUMMY__ 0.3283269442499563 off 0.3090845865341313	false	1.0
wichtigtuer	off 1.0	off 1.0	off 0.643197223102332 neg 0.19838877925422788 __DUMMY__ 0.15841399764344022	false	1.0
misslingen	neg 1.0		neg 0.35351319089161803 __DUMMY__ 0.33213578302189917 off 0.31435102608648263	false	1.0
untreu	off 1.0		neg 0.3552724517282785 __DUMMY__ 0.3272737889120115 off 0.3174537593597101	false	0.5
missmutig	neg 1.0		neg 0.35492237021062917 __DUMMY__ 0.32834676951445485 off 0.31673086027491604	false	1.0
hurenbock	off 1.0		neg 0.3561021444660167 __DUMMY__ 0.3303244276375065 off 0.3135734278964768	false	0.5
betrunken	neg 1.0		neg 0.34943139281911045 __DUMMY__ 0.32945915719943153 off 0.321109449981458	false	1.0
korrupt	off 1.0		neg 0.36746674990037587 __DUMMY__ 0.3266946788279418 off 0.30583857127168224	false	0.5
unmut	neg 1.0		neg 0.36700189032240405 __DUMMY__ 0.3306351146926847 off 0.30236299498491115	false	1.0
hackfresse	off 1.0		neg 0.3488180304987714 __DUMMY__ 0.3257206961136723 off 0.3254612733875563	false	0.5
aufblasen	neg 1.0		neg 0.35537411512832284 __DUMMY__ 0.3306424630925822 off 0.31398342177909483	false	1.0
gewaltsam	neg 1.0		neg 0.3597859482317782 __DUMMY__ 0.3299001923468606 off 0.31031385942136125	false	1.0
unbeliebtheit	neg 1.0		neg 0.36245586373620264 __DUMMY__ 0.32447787697617964 off 0.31306625928761783	false	1.0
sturheit	neg 1.0		neg 0.3624675631755175 __DUMMY__ 0.32850829822012995 off 0.3090241386043524	false	1.0
kuh	neg 1.0		neg 0.36042710403380745 __DUMMY__ 0.3283656458265058 off 0.3112072501396868	false	1.0
erschrecken	neg 1.0		neg 0.35438162850433425 __DUMMY__ 0.32915541144048954 off 0.3164629600551762	false	1.0
opfer	neg 1.0		neg 0.3620901287173433 __DUMMY__ 0.3304324364890689 off 0.3074774347935879	false	1.0
sinken	neg 1.0		neg 0.36504438739347317 __DUMMY__ 0.33131996944459363 off 0.3036356431619332	false	1.0
stinktier	neg 1.0		neg 0.35169953915308955 __DUMMY__ 0.32624250722755815 off 0.32205795361935236	false	1.0
tucke	off 1.0		neg 0.3521445337571407 off 0.32438098113601216 __DUMMY__ 0.32347448510684707	false	0.5
ein			neg 0.35576409687829375 __DUMMY__ 0.3308891985531618 off 0.31334670456854435	false	0.0
abstieg	neg 1.0		neg 0.36036701794390175 __DUMMY__ 0.33204515348368613 off 0.30758782857241207	false	1.0
missverstehen	neg 1.0		neg 0.3587680515616469 __DUMMY__ 0.32784645149117864 off 0.31338549694717455	false	1.0
ergebnislos	neg 1.0		neg 0.3632279172545121 __DUMMY__ 0.33049563382704145 off 0.30627644891844635	false	1.0
unter			neg 0.36437110441649506 __DUMMY__ 0.3352371064152365 off 0.3003917891682683	false	0.0
manipulieren	neg 1.0		neg 0.3652827626550106 __DUMMY__ 0.329731374953209 off 0.30498586239178044	false	1.0
unbewiesen	neg 1.0		neg 0.36717765309561484 __DUMMY__ 0.32501139931211137 off 0.3078109475922739	false	1.0
verschleppen	neg 1.0		neg 0.362554537653579 __DUMMY__ 0.3297271006391656 off 0.3077183617072554	false	1.0
weib	off 1.0		neg 0.34901122366482934 __DUMMY__ 0.3256455739499813 off 0.32534320238518943	false	0.5
opposition	neg 1.0		neg 0.3597982088474639 __DUMMY__ 0.3279345249502381 off 0.31226726620229783	false	1.0
verkehrswidrig	neg 1.0	neg 1.0	neg 0.6599266270619769 off 0.17927446388840595 __DUMMY__ 0.16079890904961716	false	1.0
inkorrekt	neg 1.0		neg 0.35765269532891497 __DUMMY__ 0.3250705933066345 off 0.3172767113644505	false	1.0
vermeiden	neg 1.0		neg 0.36628473303858766 __DUMMY__ 0.33252272668786115 off 0.3011925402735511	false	1.0
abweichung	neg 1.0		neg 0.3633452816122808 __DUMMY__ 0.3300735174138528 off 0.3065812009738663	false	1.0
alkoholisiert	neg 1.0		neg 0.3566645804579771 __DUMMY__ 0.3345137329445586 off 0.3088216865974641	false	1.0
scheiss	off 1.0	off 1.0	off 0.6460583723294835 neg 0.19493709751048596 __DUMMY__ 0.15900453016003058	false	1.0
herausforderung	neg 1.0	neg 1.0	neg 0.6668526359006163 off 0.17084526632975322 __DUMMY__ 0.1623020977696304	false	1.0
pervers	off 1.0		neg 0.3460966089749575 off 0.328924471713595 __DUMMY__ 0.32497891931144757	false	0.5
wackelig	neg 1.0		neg 0.35656429585453564 __DUMMY__ 0.3328000715600042 off 0.3106356325854602	false	1.0
verwickeln	neg 1.0		neg 0.35918502309745026 __DUMMY__ 0.32770031746030454 off 0.31311465944224515	false	1.0
vorwand	neg 1.0		neg 0.3651865951190093 __DUMMY__ 0.3303386267435068 off 0.30447477813748375	false	1.0
muschi	off 1.0		neg 0.3607535709273682 __DUMMY__ 0.3298232588581243 off 0.3094231702145075	false	0.5
entmutigung	neg 1.0		neg 0.36169966308946655 __DUMMY__ 0.32712688078665314 off 0.3111734561238802	false	1.0
unangemessen	neg 1.0		neg 0.3630501846478918 __DUMMY__ 0.32876297739399374 off 0.3081868379581144	false	1.0
unstetig	neg 1.0		neg 0.3559093883277331 __DUMMY__ 0.3306862835261557 off 0.31340432814611124	false	1.0
entmutigen	neg 1.0		neg 0.3580334208512413 __DUMMY__ 0.3291920917781831 off 0.3127744873705755	false	1.0
schwanz	neg 1.0		neg 0.362627710942292 __DUMMY__ 0.33100126887052755 off 0.3063710201871804	false	1.0
verbot	neg 1.0		neg 0.3648496789877827 __DUMMY__ 0.3283798548525466 off 0.3067704661596706	false	1.0
leid	neg 1.0		neg 0.3493126039509268 __DUMMY__ 0.32714879821211557 off 0.3235385978369578	false	1.0
archaisch	neg 1.0		neg 0.3617949316040669 __DUMMY__ 0.3295815240373061 off 0.30862354435862693	false	1.0
gegen			neg 0.36318007544264713 __DUMMY__ 0.3319714189838196 off 0.30484850557353327	false	0.0
scheidung	neg 1.0		neg 0.3414766539906235 off 0.3333413625943702 __DUMMY__ 0.3251819834150064	false	1.0
einschlag	neg 1.0	neg 1.0	neg 0.6635805322506836 off 0.17752673384765963 __DUMMY__ 0.1588927339016567	false	1.0
m			neg 0.35923083034882286 __DUMMY__ 0.33116937573376676 off 0.3095997939174102	false	0.0
abgestanden	neg 1.0		neg 0.35596039212819897 __DUMMY__ 0.33081172108022383 off 0.3132278867915772	false	1.0
schmierig	off 1.0		neg 0.34952428262566343 __DUMMY__ 0.32740375146191325 off 0.3230719659124234	false	0.5
unpraktisch	neg 1.0		neg 0.35450440415134965 __DUMMY__ 0.3313884323851118 off 0.3141071634635385	false	1.0
wixxer	off 1.0		neg 0.3470161741395919 off 0.32836765059819634 __DUMMY__ 0.3246161752622117	false	0.5
bezeichnet			neg 0.36108921458741033 __DUMMY__ 0.3288019203944607 off 0.3101088650181289	false	0.0
jammerlappen	off 1.0		neg 0.35543287990162586 __DUMMY__ 0.3279771471411024 off 0.3165899729572718	false	0.5
farce	neg 1.0		neg 0.364846565734491 __DUMMY__ 0.3277909463452925 off 0.3073624879202166	false	1.0
zwecklos	neg 1.0		neg 0.36289732584771117 __DUMMY__ 0.32889590331684765 off 0.30820677083544107	false	1.0
turbulent	neg 1.0		neg 0.3559784391536212 __DUMMY__ 0.32733408592047114 off 0.3166874749259076	false	1.0
invasion	neg 1.0		neg 0.3555891501622703 __DUMMY__ 0.3297609115696344 off 0.3146499382680953	false	1.0
schuld	neg 1.0		neg 0.35902415032806545 __DUMMY__ 0.3289576584331672 off 0.31201819123876734	false	1.0
risiko	neg 1.0		neg 0.3573928795396248 __DUMMY__ 0.3303809897523742 off 0.312226130708001	false	1.0
finster	neg 1.0		neg 0.3565888625598498 __DUMMY__ 0.3302546837408843 off 0.313156453699266	false	1.0
geisteskrank	off 1.0		neg 0.3560008268646804 __DUMMY__ 0.3264067138596994 off 0.31759245927562024	false	0.5
zusammenbrechen	neg 1.0		neg 0.3593682108060885 __DUMMY__ 0.3304966670621282 off 0.3101351221317832	false	1.0
ausbeute	neg 1.0		neg 0.3585854696494365 __DUMMY__ 0.33325091898832304 off 0.3081636113622406	false	1.0
hinterhalt	neg 1.0		neg 0.35811821361284096 __DUMMY__ 0.33156201828704923 off 0.3103197681001097	false	1.0
kritik	neg 1.0		neg 0.36465271453488335 __DUMMY__ 0.3280271298665214 off 0.3073201555985953	false	1.0
einschrumpfen	neg 1.0		neg 0.35980747857674616 __DUMMY__ 0.3269457436451547 off 0.31324677777809906	false	1.0
riskant	neg 1.0		neg 0.3636981106915874 __DUMMY__ 0.3296843606125888 off 0.3066175286958238	false	1.0
frustrieren	neg 1.0		neg 0.3627031495393835 __DUMMY__ 0.3301004313690423 off 0.3071964190915742	false	1.0
groll	neg 1.0		neg 0.36191437265030396 __DUMMY__ 0.32966901792745035 off 0.30841660942224575	false	1.0
gibt			neg 0.360582506100571 __DUMMY__ 0.3300635024175067 off 0.30935399148192216	false	0.0
qualvoll	neg 1.0		neg 0.35453148698568904 __DUMMY__ 0.32965999039403776 off 0.3158085226202731	false	1.0
wackeln	neg 1.0	neg 1.0	neg 0.6661007220792722 off 0.17342643806487126 __DUMMY__ 0.1604728398558565	false	1.0
klagen	neg 1.0		neg 0.36564837239353326 __DUMMY__ 0.33102596915558774 off 0.30332565845087917	false	1.0
bankrott	neg 1.0		neg 0.3548211162974604 __DUMMY__ 0.32909468678613646 off 0.3160841969164031	false	1.0
trauern	neg 1.0		neg 0.3607315153969715 __DUMMY__ 0.33134697423229115 off 0.3079215103707372	false	1.0
ablehnung	neg 1.0		neg 0.36434003298204637 __DUMMY__ 0.328163616238417 off 0.30749635077953674	false	1.0
stur	neg 1.0		neg 0.3589272803595678 __DUMMY__ 0.32856709879858537 off 0.3125056208418468	false	1.0
aufruhr	neg 1.0		neg 0.3599409824715908 __DUMMY__ 0.3298727204759928 off 0.3101862970524164	false	1.0
melancholie	neg 1.0		neg 0.3591162826248744 __DUMMY__ 0.33139038018504857 off 0.30949333719007704	false	1.0
ist			neg 0.35683733410870433 __DUMMY__ 0.32951759821098736 off 0.31364506768030836	false	0.0
torheit	neg 1.0		neg 0.3620264369060898 __DUMMY__ 0.3274169101110631 off 0.3105566529828471	false	1.0
dreckskind	off 1.0		neg 0.35080005038532397 __DUMMY__ 0.3257519391313886 off 0.32344801048328736	false	0.5
umtauschen	neg 1.0		neg 0.3575843312965287 __DUMMY__ 0.3307243840288291 off 0.3116912846746421	false	1.0
zum			neg 0.36011922678562136 __DUMMY__ 0.33586676747758426 off 0.3040140057367944	false	0.0
zersetzen	neg 1.0		neg 0.36659159744642644 __DUMMY__ 0.32905472091598975 off 0.3043536816375837	false	1.0
zur			neg 0.3650352576829263 __DUMMY__ 0.33360049464422853 off 0.30136424767284503	false	0.0
frust	neg 1.0		neg 0.35943360889952536 __DUMMY__ 0.3305793080461087 off 0.30998708305436595	false	1.0
unerbittlichkeit	neg 1.0		neg 0.36554703578713726 __DUMMY__ 0.3295484804222353 off 0.3049044837906273	false	1.0
zwei			neg 0.35959924065655535 __DUMMY__ 0.33460539685328217 off 0.30579536249016254	false	0.0
unkorrekt	neg 1.0		neg 0.3567508078566092 __DUMMY__ 0.3251543153896402 off 0.3180948767537507	false	1.0
hexe	off 1.0		neg 0.35401430522990407 __DUMMY__ 0.32826469063229335 off 0.31772100413780263	false	0.5
lasch	neg 1.0		neg 0.3586136855458619 __DUMMY__ 0.32709162849099904 off 0.31429468596313914	false	1.0
rivale	neg 1.0		neg 0.35183981515519486 __DUMMY__ 0.3280407023194995 off 0.32011948252530564	false	1.0
mutlos	off 1.0	off 1.0	off 0.6389292157446198 neg 0.2023449416178901 __DUMMY__ 0.15872584263749	false	1.0
wirr	off 1.0		neg 0.3557587840460876 __DUMMY__ 0.3254962799033978 off 0.31874493605051446	false	0.5
jahr			neg 0.3582896156349416 __DUMMY__ 0.3340457424691708 off 0.30766464189588755	false	0.0
wird			neg 0.36081613686482344 __DUMMY__ 0.3308949877904729 off 0.30828887534470356	false	0.0
strafbar	neg 1.0		neg 0.36445830846140687 __DUMMY__ 0.32919180982726076 off 0.30634988171133243	false	1.0
erosion	neg 1.0		neg 0.3569262339391235 __DUMMY__ 0.3303973291757816 off 0.312676436885095	false	1.0
eingehen	neg 1.0		neg 0.36400739649059377 __DUMMY__ 0.3287842316492383 off 0.3072083718601678	false	1.0
faul	off 1.0		neg 0.35330545439112526 __DUMMY__ 0.3296976968077418 off 0.3169968488011328	false	0.5
provisorium	neg 1.0		neg 0.3666201584280375 __DUMMY__ 0.33416214812301864 off 0.2992176934489439	false	1.0
schmerzen	neg 1.0		neg 0.35814969764465376 __DUMMY__ 0.33015045648809005 off 0.3116998458672562	false	1.0
schrumpfen	neg 1.0		neg 0.3688383451126993 __DUMMY__ 0.3311710575041108 off 0.29999059738318984	false	1.0
geistlos	off 1.0		neg 0.36348998400595584 __DUMMY__ 0.32521441459590217 off 0.31129560139814205	false	0.5
fehlkauf	neg 1.0		neg 0.3586208136499325 __DUMMY__ 0.32857752919039845 off 0.312801657159669	false	1.0
frustrierend	neg 1.0		neg 0.3535284896117268 __DUMMY__ 0.32975336479529843 off 0.3167181455929747	false	1.0
unzufrieden	neg 1.0		neg 0.36254141461108824 __DUMMY__ 0.3291904673458151 off 0.3082681180430967	false	1.0
verzweifeln	neg 1.0		neg 0.35905892447246557 __DUMMY__ 0.3299476398911306 off 0.3109934356364039	false	1.0
verzweifelt	neg 1.0		neg 0.358291787662776 __DUMMY__ 0.3288643801492039 off 0.31284383218802014	false	1.0
misstrauensantrag	neg 1.0		neg 0.35803351037042347 __DUMMY__ 0.3284634796399367 off 0.31350300998963987	false	1.0
abfallen	neg 1.0		neg 0.3546699270314347 __DUMMY__ 0.331111593474388 off 0.3142184794941773	false	1.0
fucker	off 1.0		neg 0.3541933207467563 __DUMMY__ 0.32712713852253894 off 0.3186795407307047	false	0.5
ungezogen	neg 1.0		neg 0.3461654101411313 off 0.3276725659268127 __DUMMY__ 0.326162023932056	false	1.0
irrsinnig	neg 1.0	neg 1.0	neg 0.6685280514528614 off 0.17260234393061874 __DUMMY__ 0.15886960461651983	false	1.0
unfassbar	neg 1.0		neg 0.35455408925686654 __DUMMY__ 0.32791977175322634 off 0.31752613898990717	false	1.0
hart	neg 1.0		neg 0.355742013801257 __DUMMY__ 0.32884553433334573 off 0.31541245186539735	false	1.0
widerlich	off 1.0		neg 0.35593995169823145 __DUMMY__ 0.3264798229494088 off 0.3175802253523598	false	0.5
fatal	neg 1.0		neg 0.357859393860703 __DUMMY__ 0.32879141932745515 off 0.31334918681184204	false	1.0
bruch	neg 1.0		neg 0.3662275272718829 __DUMMY__ 0.3305599866624671 off 0.30321248606564993	false	1.0
aushungern	neg 1.0		neg 0.3639753101864766 __DUMMY__ 0.3277442372887695 off 0.308280452524754	false	1.0
anspannung	neg 1.0	neg 1.0	neg 0.6695389714727734 off 0.1679324418282202 __DUMMY__ 0.16252858669900638	false	1.0
von			neg 0.3594634444371155 __DUMMY__ 0.3338872789664525 off 0.30664927659643193	false	0.0
kraftlos	neg 1.0		neg 0.35801008666991335 __DUMMY__ 0.3317219209794195 off 0.3102679923506673	false	1.0
vom			neg 0.36264730590771094 __DUMMY__ 0.33592522746128717 off 0.3014274666310018	false	0.0
grenzdebil	off 1.0		neg 0.35313071567896265 __DUMMY__ 0.3279890004736617 off 0.3188802838473756	false	0.5
vor			neg 0.36244712239756954 __DUMMY__ 0.3318635958698158 off 0.30568928173261467	false	0.0
unterwerfen	neg 1.0		neg 0.36358937234498284 __DUMMY__ 0.3298032330983384 off 0.30660739455667885	false	1.0
versenkung	neg 1.0		neg 0.3631695662048636 __DUMMY__ 0.33023918181578127 off 0.30659125197935505	false	1.0
entziehen	neg 1.0		neg 0.3653375064135655 __DUMMY__ 0.3307496125325272 off 0.30391288105390735	false	1.0
finanzkrise	neg 1.0		neg 0.3638131099438484 __DUMMY__ 0.327703939191129 off 0.30848295086502253	false	1.0
schimpfend	neg 1.0		neg 0.3545283657517458 __DUMMY__ 0.3313658177608175 off 0.31410581648743674	false	1.0
profan	neg 1.0		neg 0.3562610344564899 __DUMMY__ 0.32900027488200534 off 0.31473869066150484	false	1.0
korruption	neg 1.0	neg 1.0	neg 0.6719746031630179 off 0.16944380197835818 __DUMMY__ 0.158581594858624	false	1.0
â			neg 0.3611250876864607 __DUMMY__ 0.3308742809879248 off 0.3080006313256146	false	0.0
schmutzig	neg 1.0		neg 0.35299346941899223 __DUMMY__ 0.32849106099668735 off 0.3185154695843205	false	1.0
sexy	neg 1.0		neg 0.35587580748006264 __DUMMY__ 0.32880861311978204 off 0.31531557940015525	false	1.0
abraten	neg 1.0		neg 0.3568056799871337 __DUMMY__ 0.3294235280489977 off 0.3137707919638685	false	1.0
schwarz	neg 1.0		neg 0.3588158083759722 __DUMMY__ 0.32868099057033456 off 0.3125032010536932	false	1.0
fotze	off 1.0		neg 0.36301953672067877 __DUMMY__ 0.33008453532994353 off 0.30689592794937776	false	0.5
verwirren	neg 1.0		neg 0.3559209417802179 __DUMMY__ 0.329041767895767 off 0.3150372903240151	false	1.0
zahnlos	off 1.0		neg 0.3627980803639985 __DUMMY__ 0.3290253147707478 off 0.30817660486525367	false	0.5
verheeren	neg 1.0		neg 0.34488285072502683 off 0.3288236724887028 __DUMMY__ 0.32629347678627035	false	1.0
hippie	neg 1.0		neg 0.35692166932699076 __DUMMY__ 0.3285847249888733 off 0.31449360568413604	false	1.0
rammen	neg 1.0		neg 0.35836738234501914 __DUMMY__ 0.32936589145058476 off 0.3122667262043962	false	1.0
unlauter	neg 1.0		neg 0.36370239676833643 __DUMMY__ 0.3265902317380881 off 0.30970737149357536	false	1.0
unheilvoll	neg 1.0		neg 0.3539697816459163 __DUMMY__ 0.33073630474451166 off 0.3152939136095721	false	1.0
niedrig	neg 1.0		neg 0.3625411739129633 __DUMMY__ 0.3309966500580696 off 0.30646217602896725	false	1.0
explosion	neg 1.0		neg 0.3578254512919163 __DUMMY__ 0.3284560600171394 off 0.3137184886909444	false	1.0
weichei	off 1.0		neg 0.34995425797942986 __DUMMY__ 0.32615739075708694 off 0.3238883512634832	false	0.5
minusmensch	off 1.0		neg 0.35103246614939676 off 0.3259971973470876 __DUMMY__ 0.3229703365035157	false	0.5
farblos	neg 1.0		neg 0.35513110432782075 __DUMMY__ 0.33262597331653265 off 0.3122429223556467	false	1.0
unwissend	neg 1.0	neg 1.0	neg 0.6665859505513007 off 0.1751903071537742 __DUMMY__ 0.15822374229492508	false	1.0
traurig	neg 1.0		neg 0.3507569342466349 __DUMMY__ 0.3279206504840418 off 0.3213224152693234	false	1.0
senkung	neg 1.0		neg 0.359290633743359 __DUMMY__ 0.3274069586066798 off 0.31330240764996115	false	1.0
ungleich	neg 1.0	neg 1.0	neg 0.6724342043504603 off 0.16873568223724048 __DUMMY__ 0.15883011341229916	false	1.0
heikel	neg 1.0		neg 0.3651114748946626 __DUMMY__ 0.32972880122906945 off 0.30515972387626794	false	1.0
drosselung	neg 1.0		neg 0.3529814182293218 __DUMMY__ 0.32846051455042496 off 0.3185580672202532	false	1.0
falsch	neg 1.0		neg 0.3549733273710265 __DUMMY__ 0.3287471591695375 off 0.316279513459436	false	1.0
unzufriedenheit	neg 1.0		neg 0.3657548863817181 __DUMMY__ 0.32982668726842285 off 0.30441842634985905	false	1.0
kurz	neg 1.0		neg 0.357002296488301 __DUMMY__ 0.33191483916912917 off 0.31108286434256976	false	1.0
unsinnig	neg 1.0		neg 0.3634139192149127 __DUMMY__ 0.3283035298029113 off 0.3082825509821761	false	1.0
penner	off 1.0	off 1.0	off 0.6503622649659598 neg 0.1923435842660838 __DUMMY__ 0.15729415076795641	false	1.0
seicht	neg 1.0		neg 0.35003875135578544 off 0.32587778128894035 __DUMMY__ 0.32408346735527427	false	1.0
dummheit	off 1.0	off 1.0	off 0.6433047003504093 neg 0.19847722237855797 __DUMMY__ 0.15821807727103274	false	1.0
unerfreulich	neg 1.0		neg 0.36396458323184777 __DUMMY__ 0.33106434842298305 off 0.3049710683451692	false	1.0
motherfucker	off 1.0	off 1.0	off 0.6460123906427931 neg 0.19623952184871066 __DUMMY__ 0.15774808750849612	false	1.0
pikiert	neg 1.0		neg 0.3573542640611015 __DUMMY__ 0.3264801473971944 off 0.3161655885417041	false	1.0
wrack	neg 1.0		neg 0.3587842414021468 __DUMMY__ 0.3326968724231508 off 0.30851888617470247	false	1.0
gangster	neg 1.0		neg 0.3565321087223175 __DUMMY__ 0.329069738106344 off 0.31439815317133846	false	1.0
krank	neg 1.0		neg 0.3512741229120877 __DUMMY__ 0.32887776683914843 off 0.3198481102487638	false	1.0
reich	neg 1.0		neg 0.35748190868452767 __DUMMY__ 0.3273236381455725 off 0.31519445316989986	false	1.0
gnadenlos	neg 1.0		neg 0.3583456563223615 __DUMMY__ 0.32933509538734773 off 0.31231924829029073	false	1.0
niedergeschlagen	neg 1.0		neg 0.35831538903221155 __DUMMY__ 0.33099026419584315 off 0.31069434677194524	false	1.0
terrorisieren	off 1.0	off 1.0	off 0.6398517000751268 neg 0.2005578356218151 __DUMMY__ 0.1595904643030581	false	1.0
sinnlosigkeit	neg 1.0		neg 0.3622456773840495 __DUMMY__ 0.3292506585507451 off 0.3085036640652052	false	1.0
behindern	neg 1.0		neg 0.3608876368711101 __DUMMY__ 0.3291437625123728 off 0.30996860061651715	false	1.0
undemokratisch	neg 1.0		neg 0.3621015022835268 __DUMMY__ 0.3273292653756086 off 0.3105692323408647	false	1.0
wirtschaftskrise	neg 1.0		neg 0.36466988767771813 __DUMMY__ 0.32888446913298214 off 0.3064456431892998	false	1.0
neid	neg 1.0		neg 0.3519019906507789 __DUMMY__ 0.3300805178209392 off 0.31801749152828207	false	1.0
rutschen	neg 1.0	neg 1.0	neg 0.6682757012907938 off 0.16924893575721914 __DUMMY__ 0.16247536295198695	false	1.0
rezession	neg 1.0		neg 0.35412153977616534 __DUMMY__ 0.3254757604102247 off 0.32040269981360986	false	1.0
fehlgeburt	neg 1.0		neg 0.354762733816754 __DUMMY__ 0.330519662525493 off 0.31471760365775303	false	1.0
charakterschwach	off 1.0		neg 0.35463153906750394 __DUMMY__ 0.32747775065408535 off 0.3178907102784107	false	0.5
isolation	neg 1.0		neg 0.35365319015068347 __DUMMY__ 0.329696655716874 off 0.3166501541324424	false	1.0
ablenkung	neg 1.0		neg 0.3579663687536057 __DUMMY__ 0.3299599249171375 off 0.31207370632925696	false	1.0
pech	neg 1.0		neg 0.3538365376079611 __DUMMY__ 0.32961694135847625 off 0.3165465210335627	false	1.0
vermeidung	neg 1.0		neg 0.35497402069583306 __DUMMY__ 0.327121960695837 off 0.3179040186083298	false	1.0
dominieren	neg 1.0		neg 0.3593762148206684 __DUMMY__ 0.33193748583174376 off 0.3086862993475878	false	1.0
schwindlig	neg 1.0		neg 0.3525251971234517 __DUMMY__ 0.3313856610504613 off 0.3160891418260871	false	1.0
lutscher	neg 1.0		neg 0.34816912065686617 off 0.32720378357960656 __DUMMY__ 0.3246270957635273	false	1.0
pflicht	neg 1.0		neg 0.3648991666573768 __DUMMY__ 0.32997546674925154 off 0.30512536659337175	false	1.0
faschist	off 1.0		neg 0.36067947837358544 __DUMMY__ 0.3265511633826689 off 0.3127693582437456	false	0.5
verschleudern	neg 1.0		neg 0.3683378992843905 __DUMMY__ 0.3273658731597828 off 0.30429622755582686	false	1.0
wenn			neg 0.3548296565667127 __DUMMY__ 0.32867169951791003 off 0.31649864391537724	false	0.0
ehebruch	neg 1.0		neg 0.3643064371487924 __DUMMY__ 0.32900675662485573 off 0.30668680622635197	false	1.0
spott	off 1.0		neg 0.3653769509015723 __DUMMY__ 0.3287835898150917 off 0.30583945928333606	false	0.5
trostlosigkeit	neg 1.0		neg 0.36514147954055276 __DUMMY__ 0.3306941607184332 off 0.304164359741014	false	1.0
lutschen	neg 1.0		neg 0.3583358347321167 __DUMMY__ 0.32812846981467925 off 0.313535695453204	false	1.0
undiszipliniert	neg 1.0		neg 0.35170220921313866 __DUMMY__ 0.3280217461058579 off 0.32027604468100335	false	1.0
kopfschmerz	neg 1.0		neg 0.35790447779868934 __DUMMY__ 0.33129061208943617 off 0.3108049101118746	false	1.0
unvorhergesehen	neg 1.0		neg 0.3570450499923086 __DUMMY__ 0.3334456271179242 off 0.30950932288976724	false	1.0
desinteressiert	neg 1.0		neg 0.35352208577116845 __DUMMY__ 0.3271003814366857 off 0.3193775327921458	false	1.0
armselig	off 1.0		neg 0.3551985921467377 __DUMMY__ 0.32546852518415637 off 0.31933288266910587	false	0.5
desaster	neg 1.0		neg 0.3671768492108543 __DUMMY__ 0.3304187733559827 off 0.30240437743316295	false	1.0
tod	neg 1.0		neg 0.35963661754034926 __DUMMY__ 0.33166719587747817 off 0.3086961865821726	false	1.0
herzlos	neg 1.0		neg 0.35244856686928344 __DUMMY__ 0.3266362961184626 off 0.3209151370122539	false	1.0
unwissenheit	neg 1.0		neg 0.36503213762198566 __DUMMY__ 0.32787262375373627 off 0.30709523862427796	false	1.0
widersinnig	neg 1.0	neg 1.0	neg 0.6721748943189112 off 0.16978197159465513 __DUMMY__ 0.15804313408643372	false	1.0
bedenklich	neg 1.0		neg 0.3642276236983561 __DUMMY__ 0.3291891944273491 off 0.30658318187429473	false	1.0
beanstanden	neg 1.0		neg 0.36432409074410366 __DUMMY__ 0.3307358741925612 off 0.30494003506333517	false	1.0
panisch	neg 1.0	neg 1.0	neg 0.6641427416315112 off 0.1751455380132107 __DUMMY__ 0.16071172035527806	false	1.0
debil	off 1.0		neg 0.36766561268122294 __DUMMY__ 0.33243340056928394 off 0.299900986749493	false	0.5
abstrich	neg 1.0		neg 0.3624320224168092 __DUMMY__ 0.3298698962517588 off 0.30769808133143195	false	1.0
primitiv	neg 1.0		neg 0.35525897493296094 __DUMMY__ 0.3265565543762227 off 0.3181844706908163	false	1.0
abschaum	off 1.0	off 1.0	off 0.6446711290405501 neg 0.19733428924840263 __DUMMY__ 0.1579945817110473	false	1.0
provozieren	neg 1.0		neg 0.35994973903112254 __DUMMY__ 0.3285543988565675 off 0.31149586211230995	false	1.0
tot	neg 1.0		neg 0.3620220083094329 __DUMMY__ 0.33067674979706596 off 0.3073012418935011	false	1.0
instabil	neg 1.0		neg 0.35643882193623416 __DUMMY__ 0.32601615987115407 off 0.3175450181926117	false	1.0
schwuchtel	off 1.0		neg 0.3448636410022539 off 0.33192704054927186 __DUMMY__ 0.3232093184484743	false	0.5
zerren	neg 1.0		neg 0.3579184512960934 __DUMMY__ 0.3311429597278906 off 0.3109385889760161	false	1.0
kinderficker	off 1.0		neg 0.3536271684267035 __DUMMY__ 0.32458526901141266 off 0.3217875625618838	false	0.5
gefahr	neg 1.0		neg 0.3637292358410859 __DUMMY__ 0.3308754358471545 off 0.3053953283117596	false	1.0
rabiat	neg 1.0		neg 0.3607465529165763 __DUMMY__ 0.32859078939030845 off 0.31066265769311535	false	1.0
verlangsamung	neg 1.0		neg 0.35071498902459314 __DUMMY__ 0.32498225101612604 off 0.3243027599592807	false	1.0
ausgestorben	neg 1.0		neg 0.3583105562385648 __DUMMY__ 0.3304306245634207 off 0.31125881919801457	false	1.0
anklagen	neg 1.0		neg 0.3623059887294907 __DUMMY__ 0.3290584570399224 off 0.30863555423058686	false	1.0
trott	neg 1.0		neg 0.35850627331448554 __DUMMY__ 0.33034370104741667 off 0.3111500256380979	false	1.0
verminderung	neg 1.0		neg 0.35422871367104664 __DUMMY__ 0.32696828269873024 off 0.31880300363022296	false	1.0
nach			neg 0.35960320635552645 __DUMMY__ 0.3358624635002795 off 0.30453433014419395	false	0.0
rost	neg 1.0		neg 0.3518062836690492 __DUMMY__ 0.3252988938798754 off 0.32289482245107554	false	1.0
destruktiv	neg 1.0		neg 0.3633285311553712 __DUMMY__ 0.32747919105573653 off 0.30919227778889213	false	1.0
unzumutbarkeit	neg 1.0		neg 0.35271378341520826 __DUMMY__ 0.3296434295604302 off 0.3176427870243617	false	1.0
labil	off 1.0	off 1.0	off 0.6448210295883947 neg 0.19690545418625355 __DUMMY__ 0.15827351622535177	false	1.0
ziemlich	neg 1.0		neg 0.35206832899888674 __DUMMY__ 0.3290116048825171 off 0.31892006611859613	false	1.0
lachnummer	off 1.0		neg 0.36071805307328747 __DUMMY__ 0.3287939852479989 off 0.3104879616787136	false	0.5
oder			neg 0.35605706709075347 __DUMMY__ 0.3310295561031364 off 0.31291337680611014	false	0.0
verfall	neg 1.0		neg 0.3689132697536344 __DUMMY__ 0.3311177500415094 off 0.2999689802048562	false	1.0
ausgrenzung	neg 1.0		neg 0.36192033531849177 __DUMMY__ 0.32691506226484335 off 0.3111646024166649	false	1.0
unordnung	neg 1.0		neg 0.35171614822838987 __DUMMY__ 0.3296287040967221 off 0.31865514767488784	false	1.0
fehlverhalten	neg 1.0		neg 0.36518236503157114 __DUMMY__ 0.3295970694794578 off 0.30522056548897103	false	1.0
eine			neg 0.3634172126585049 __DUMMY__ 0.33104839241518247 off 0.30553439492631257	false	0.0
nille	neg 1.0		neg 0.35996736066582985 __DUMMY__ 0.3299512266444482 off 0.31008141268972206	false	1.0
qual	neg 1.0		neg 0.3592953978190716 __DUMMY__ 0.3300465657762406 off 0.3106580364046878	false	1.0
verschwenden	neg 1.0		neg 0.3629898024395091 __DUMMY__ 0.3295338675191672 off 0.30747633004132374	false	1.0
riesig	neg 1.0	neg 1.0	neg 0.668742340927428 off 0.170645084980823 __DUMMY__ 0.1606125740917489	false	1.0
verurteilen	neg 1.0		neg 0.36376939741438374 __DUMMY__ 0.3285929346734306 off 0.3076376679121855	false	1.0
klischee	neg 1.0	neg 1.0	neg 0.6681343226819736 off 0.17383472249760862 __DUMMY__ 0.1580309548204177	false	1.0
diktatorisch	neg 1.0		neg 0.3634896327690083 __DUMMY__ 0.3261643594937097 off 0.3103460077372819	false	1.0
vorhersehbar	neg 1.0	neg 1.0	neg 0.6679180452493116 off 0.17364717643778566 __DUMMY__ 0.15843477831290273	false	1.0
sowie			neg 0.3513528549362779 __DUMMY__ 0.3258819155906737 off 0.32276522947304837	false	0.0
stornieren	neg 1.0		neg 0.35238960823938914 __DUMMY__ 0.3328176072445791 off 0.31479278451603177	false	1.0
besteuerung	neg 1.0		neg 0.362009798485279 __DUMMY__ 0.32744476997608407 off 0.3105454315386368	false	1.0
ungeschminkt	neg 1.0		neg 0.35439205948557506 __DUMMY__ 0.3275200596033022 off 0.31808788091112267	false	1.0
kritisch	neg 1.0		neg 0.36405099914991707 __DUMMY__ 0.3294394581436564 off 0.30650954270642655	false	1.0
schlamperei	off 1.0		neg 0.3653607786466829 __DUMMY__ 0.32947577093503966 off 0.3051634504182774	false	0.5
sucht	neg 1.0	neg 1.0	neg 0.6674253824479739 off 0.17253078957949883 __DUMMY__ 0.1600438279725273	false	1.0
egoistisch	off 1.0		neg 0.3497347231845819 __DUMMY__ 0.32638055198318644 off 0.3238847248322317	false	0.5
ausbeuter	off 1.0		neg 0.3669546216566544 __DUMMY__ 0.32869431896202184 off 0.3043510593813236	false	0.5
arschgeburt	off 1.0		neg 0.34572646283347336 off 0.33163164221305585 __DUMMY__ 0.32264189495347084	false	0.5
schubs	neg 1.0	neg 1.0	neg 0.6675998049090852 off 0.1716227112203009 __DUMMY__ 0.16077748387061389	false	1.0
unsolide	neg 1.0		neg 0.3654394545845835 __DUMMY__ 0.3246578100015658 off 0.3099027354138507	false	1.0
beschwerde	neg 1.0		neg 0.36498897958350024 __DUMMY__ 0.3295331331741364 off 0.3054778872423633	false	1.0
stocken	neg 1.0		neg 0.36331924601506194 __DUMMY__ 0.3300592443778364 off 0.3066215096071017	false	1.0
isolieren	neg 1.0		neg 0.3636557984004834 __DUMMY__ 0.3290420308220771 off 0.3073021707774395	false	1.0
unheilbar	neg 1.0		neg 0.35833898127352115 __DUMMY__ 0.329666714076471 off 0.31199430465000777	false	1.0
pisser	off 1.0		neg 0.35260665660089785 __DUMMY__ 0.3278298950909321 off 0.3195634483081701	false	0.5
löschen	neg 1.0		neg 0.3593187196289358 __DUMMY__ 0.3295621533610812 off 0.31111912700998295	false	1.0
durchfallen	neg 1.0		neg 0.36354967349454553 __DUMMY__ 0.32872834126050876 off 0.30772198524494576	false	1.0
wichser	off 1.0		neg 0.3457301017485512 off 0.3291390987903918 __DUMMY__ 0.325130799461057	false	0.5
terror	neg 1.0		neg 0.35431162192762267 __DUMMY__ 0.33024983258889096 off 0.3154385454834864	false	1.0
krass	neg 1.0		neg 0.35090374762591897 __DUMMY__ 0.3271158595203743 off 0.32198039285370683	false	1.0
revolte	neg 1.0		neg 0.36054749369015804 __DUMMY__ 0.3272325747260932 off 0.3122199315837487	false	1.0
besorgt	neg 1.0		neg 0.35805242088247397 __DUMMY__ 0.3317028046207236 off 0.31024477449680254	false	1.0
nachlassen	neg 1.0		neg 0.36371492294803337 __DUMMY__ 0.33009567895513114 off 0.30618939809683543	false	1.0
alt	neg 1.0		neg 0.3615223940241105 __DUMMY__ 0.3305164696627961 off 0.30796113631309335	false	1.0
hundesohn	off 1.0		neg 0.34929412996359105 off 0.32636882654064225 __DUMMY__ 0.32433704349576675	false	0.5
als			neg 0.3583399196469337 __DUMMY__ 0.3313488181812429 off 0.3103112621718233	false	0.0
abschreckung	neg 1.0		neg 0.3658777897968568 __DUMMY__ 0.3302816117426247 off 0.3038405984605184	false	1.0
unqualifiziert	neg 1.0		neg 0.36039421053683285 __DUMMY__ 0.3263308581002217 off 0.31327493136294554	false	1.0
abgewichst	off 1.0		neg 0.3602931963554197 __DUMMY__ 0.33021957128885643 off 0.3094872323557238	false	0.5
schwer	neg 1.0		neg 0.3584989637525121 __DUMMY__ 0.3299605132054606 off 0.31154052304202723	false	1.0
bedeutungslosigkeit	neg 1.0		neg 0.36516655548697047 __DUMMY__ 0.32999321633452683 off 0.3048402281785027	false	1.0
kapitulation	neg 1.0		neg 0.36704077813302133 __DUMMY__ 0.327918121323224 off 0.3050411005437546	false	1.0
unscharf	neg 1.0		neg 0.356201584576985 __DUMMY__ 0.32934121905000174 off 0.3144571963730133	false	1.0
schwinden	neg 1.0		neg 0.3654053032127913 __DUMMY__ 0.32995705875283593 off 0.30463763803437266	false	1.0
versklavung	neg 1.0		neg 0.36428235620474525 __DUMMY__ 0.32600452968539556 off 0.30971311410985936	false	1.0
schlecht	neg 1.0		neg 0.35186316255216366 __DUMMY__ 0.3290689110388715 off 0.3190679264089648	false	1.0
verhasst	neg 1.0		neg 0.35958736950608194 __DUMMY__ 0.328481868869911 off 0.311930761624007	false	1.0
beschweren	neg 1.0		neg 0.3572429055812009 __DUMMY__ 0.3291790287338305 off 0.3135780656849685	false	1.0
scheiden	neg 1.0		neg 0.35251988602823586 __DUMMY__ 0.33303790183866566 off 0.3144422121330984	false	1.0
frustriert	neg 1.0		neg 0.35952347429104414 __DUMMY__ 0.33015912791874996 off 0.3103173977902058	false	1.0
schimmelig	neg 1.0		neg 0.3607706719220225 __DUMMY__ 0.3314040663998873 off 0.3078252616780903	false	1.0
fisch	neg 1.0		neg 0.35770350633608344 __DUMMY__ 0.33408120327680385 off 0.3082152903871127	false	1.0
schmuggel	neg 1.0		neg 0.36126031877325826 __DUMMY__ 0.3322685351454946 off 0.3064711460812472	false	1.0
auffallen	neg 1.0		neg 0.3557039798228615 __DUMMY__ 0.32952794596628204 off 0.3147680742108564	false	1.0
konkurrenz	neg 1.0	neg 1.0	neg 0.6709458376632135 off 0.16845411745765335 __DUMMY__ 0.16060004487913324	false	1.0
teufelskreis	neg 1.0	neg 1.0	neg 0.6698499430333231 off 0.1712596289788313 __DUMMY__ 0.15889042798784558	false	1.0
aufschreien	neg 1.0		neg 0.35832750090831267 __DUMMY__ 0.3281491290366631 off 0.3135233700550243	false	1.0
schuldner	neg 1.0		neg 0.3643556838963412 __DUMMY__ 0.330362240324096 off 0.30528207577956284	false	1.0
missgeburt	off 1.0	off 1.0	off 0.6486773921131515 neg 0.19382794021562244 __DUMMY__ 0.1574946676712262	false	1.0
arbeitslos	neg 1.0		neg 0.36293291927903093 __DUMMY__ 0.32889733617478983 off 0.3081697445461793	false	1.0
befallen	neg 1.0		neg 0.364703635866484 __DUMMY__ 0.32771952090227574 off 0.30757684323124024	false	1.0
miesepetrig	off 1.0	off 1.0	off 0.6463054573707149 neg 0.19467631774496671 __DUMMY__ 0.15901822488431835	false	1.0
alarmieren	neg 1.0		neg 0.35766859569537773 __DUMMY__ 0.3270788658820328 off 0.3152525384225895	false	1.0
ungeduscht	off 1.0		neg 0.35359793824125435 __DUMMY__ 0.3298538643416458 off 0.31654819741709983	false	0.5
knappheit	neg 1.0		neg 0.36610629083049434 __DUMMY__ 0.32836293505865366 off 0.30553077411085205	false	1.0
schlange	neg 1.0		neg 0.3531652857216579 __DUMMY__ 0.331545076434269 off 0.31528963784407305	false	1.0
harsch	neg 1.0		neg 0.3473855774198948 __DUMMY__ 0.3287479885829928 off 0.32386643399711235	false	1.0
lang	neg 1.0		neg 0.35847857354993284 __DUMMY__ 0.3297093481761071 off 0.3118120782739602	false	1.0
ziellos	neg 1.0		neg 0.3590452773809406 __DUMMY__ 0.3314296049235214 off 0.30952511769553814	false	1.0
selbstverliebt	neg 1.0		neg 0.348041228702984 off 0.3287879432923329 __DUMMY__ 0.3231708280046832	false	1.0
beseitigen	neg 1.0	neg 1.0	neg 0.6674651331604919 off 0.1721343479207765 __DUMMY__ 0.16040051891873158	false	1.0
dumm	off 1.0		neg 0.3496128614941815 __DUMMY__ 0.32570651694954716 off 0.3246806215562712	false	0.5
arbeitsloser	neg 1.0		neg 0.3613006765200743 __DUMMY__ 0.33048411425851565 off 0.30821520922141	false	1.0
blitzen	neg 1.0		neg 0.35640873492510305 __DUMMY__ 0.3287510904032332 off 0.31484017467166364	false	1.0
hilflos	neg 1.0		neg 0.3604118335058842 __DUMMY__ 0.33000914517266194 off 0.30957902132145376	false	1.0
eklig	off 1.0		neg 0.3486119171634784 __DUMMY__ 0.32579059568554586 off 0.3255974871509758	false	0.5
begriff			neg 0.36224938588342986 __DUMMY__ 0.32867718490522274 off 0.3090734292113473	false	0.0
hungersnot	neg 1.0		neg 0.3613046983238774 __DUMMY__ 0.3297150101261672 off 0.30898029154995543	false	1.0
ungesetzlich	neg 1.0		neg 0.3647262132670579 __DUMMY__ 0.3249485305028567 off 0.31032525623008544	false	1.0
verschwendung	neg 1.0		neg 0.36379460336234437 __DUMMY__ 0.33001256788383715 off 0.3061928287538187	false	1.0
schmerzvoll	neg 1.0		neg 0.3568163563474558 __DUMMY__ 0.3294555820648004 off 0.3137280615877438	false	1.0
vorzeitig	neg 1.0		neg 0.3542488387324248 __DUMMY__ 0.3300026890630642 off 0.31574847220451097	false	1.0
unvollkommenheit	neg 1.0		neg 0.35797124369839056 __DUMMY__ 0.33204650743805375 off 0.30998224886355563	false	1.0
intervenieren	neg 1.0		neg 0.3664712898503517 __DUMMY__ 0.3287412542863026 off 0.3047874558633456	false	1.0
banause	off 1.0		neg 0.3481229241477129 off 0.3273288111899241 __DUMMY__ 0.32454826466236303	false	0.5
rebell	neg 1.0		neg 0.36553461303541407 __DUMMY__ 0.33148409131384005 off 0.30298129565074594	false	1.0
unlogisch	neg 1.0		neg 0.35172973736445384 __DUMMY__ 0.3272511521812488 off 0.3210191104542974	false	1.0
leiden	neg 1.0		neg 0.3573912443080225 __DUMMY__ 0.33400261925956776 off 0.30860613643240964	false	1.0
abschaffung	neg 1.0		neg 0.36150846638516315 __DUMMY__ 0.3278660890918594 off 0.3106254445229775	false	1.0
sturz	neg 1.0		neg 0.3574907349603413 __DUMMY__ 0.3305597575495762 off 0.3119495074900826	false	1.0
verkleinerung	neg 1.0		neg 0.36025753749667677 __DUMMY__ 0.32668312407288513 off 0.31305933843043804	false	1.0
schmarotzer	off 1.0		neg 0.3642570293938425 __DUMMY__ 0.32825664994972187 off 0.30748632065643555	false	0.5
bestrafung	neg 1.0		neg 0.35904950474083935 __DUMMY__ 0.3285703930981798 off 0.31238010216098083	false	1.0
achtlos	neg 1.0		neg 0.35728223125398423 __DUMMY__ 0.3307014630340915 off 0.3120163057119243	false	1.0
ungeheuer	neg 1.0		neg 0.35415888429616954 __DUMMY__ 0.33000827753524536 off 0.3158328381685851	false	1.0
unaufrichtig	neg 1.0		neg 0.36133265834026634 __DUMMY__ 0.3266961019270295 off 0.31197123973270424	false	1.0
groggy	neg 1.0		neg 0.3579151998041614 __DUMMY__ 0.32825607614717084 off 0.3138287240486678	false	1.0
verletzlich	neg 1.0		neg 0.35250373279430397 __DUMMY__ 0.3278387689548596 off 0.3196574982508364	false	1.0
ablehnen	neg 1.0		neg 0.36425550769721055 __DUMMY__ 0.3289161255265983 off 0.3068283667761912	false	1.0
