unsolidarisch	neg 1.0		__DUMMY__ 0.9217834778498992 neg 0.044491945909363846 off 0.033724576240736964	false	1.0
nachteilig	neg 1.0		__DUMMY__ 0.9285596180507122 neg 0.041037436219872526 off 0.03040294572941533	false	1.0
skeptisch	neg 1.0		__DUMMY__ 0.9294694172142645 neg 0.04058618731825568 off 0.029944395467479814	false	1.0
schrecklich	neg 1.0		__DUMMY__ 0.9249955693598363 off 0.04037780510946177 neg 0.03462662553070199	false	0.5
schlapp	neg 1.0		__DUMMY__ 0.928085929539855 off 0.03668698075535671 neg 0.03522708970478822	false	0.5
abfall	neg 1.0		__DUMMY__ 0.9300293944521981 neg 0.042049119419384016 off 0.027921486128417904	false	1.0
widerspenstig	neg 1.0		__DUMMY__ 0.9282401327599412 neg 0.038658319661661465 off 0.033101547578397277	false	1.0
abrupt	neg 1.0		__DUMMY__ 0.9326491901637372 neg 0.03753718538058579 off 0.029813624455677094	false	1.0
unwirksam	neg 1.0		__DUMMY__ 0.9248525668199872 neg 0.04190166245872786 off 0.033245770721284956	false	1.0
angreifen	neg 1.0	neg 1.0	neg 0.5075968631848998 __DUMMY__ 0.46487626397990606 off 0.02752687283519404	false	1.0
inkonsistent	neg 1.0		__DUMMY__ 0.9287527822764602 neg 0.03757962333994467 off 0.03366759438359514	false	1.0
abrutschen	neg 1.0		__DUMMY__ 0.9303511265320863 neg 0.041454921271978945 off 0.028193952195934777	false	1.0
unsicher	neg 1.0		__DUMMY__ 0.9289662707335176 neg 0.03749296899224892 off 0.03354076027423351	false	1.0
bauernkind	off 1.0	off 1.0	off 0.5063237481096083 __DUMMY__ 0.45902312257355166 neg 0.03465312931684004	false	1.0
angreifer	neg 1.0		__DUMMY__ 0.9297073557688428 neg 0.03586264544562839 off 0.03442999878552882	false	1.0
trennen	neg 1.0		__DUMMY__ 0.9339324112228768 neg 0.03578278280157516 off 0.030284805975547956	false	1.0
schmutz	neg 1.0		__DUMMY__ 0.9335263454900183 off 0.034182970890350974 neg 0.03229068361963065	false	0.5
inkonsistenz	neg 1.0		__DUMMY__ 0.923999630854469 neg 0.03934734497963176 off 0.036653024165899245	false	1.0
erschreckend	neg 1.0		__DUMMY__ 0.927262723374873 neg 0.03990376555206624 off 0.032833511073060685	false	1.0
ertrinken	neg 1.0		__DUMMY__ 0.9306040435414695 neg 0.03849621607927152 off 0.030899740379258935	false	1.0
pickelface	off 1.0		__DUMMY__ 0.9286164749985363 neg 0.039490040215044306 off 0.031893484786419374	false	0.5
seiner			__DUMMY__ 0.9307398870258142 neg 0.0390776856849262 off 0.030182427289259524	false	0.0
lauch	neg 1.0		__DUMMY__ 0.9292638123293466 neg 0.042745456427630876 off 0.027990731243022572	false	1.0
unwichtig	neg 1.0		__DUMMY__ 0.9254631885887271 neg 0.037534883734909104 off 0.0370019276763637	false	1.0
steuerhinterziehung	neg 1.0		__DUMMY__ 0.9260248578966463 neg 0.04159521297129608 off 0.032379929132057526	false	1.0
schock	neg 1.0		__DUMMY__ 0.9316716260210578 neg 0.03562403131585128 off 0.03270434266309082	false	1.0
beule	neg 1.0		__DUMMY__ 0.9286839117843897 off 0.03678992954488903 neg 0.034526158670721244	false	0.5
vergelten	neg 1.0		__DUMMY__ 0.9284533108563896 off 0.03950192271599757 neg 0.032044766427612885	false	0.5
verdorbenheit	neg 1.0		__DUMMY__ 0.930579612484579 neg 0.03687390287806146 off 0.03254648463735961	false	1.0
trauma	neg 1.0		__DUMMY__ 0.9276457481017422 neg 0.038213687773556854 off 0.03414056412470103	false	1.0
sinnlos	neg 1.0		__DUMMY__ 0.9284452477641668 neg 0.036375822281101 off 0.03517892995473225	false	1.0
fettsack	off 1.0	off 1.0	off 0.5076009817597541 __DUMMY__ 0.4606554621418005 neg 0.031743556098445355	false	1.0
feige	off 1.0	off 1.0	off 0.5042879571200632 __DUMMY__ 0.46052187708232234 neg 0.03519016579761444	false	1.0
abdanken	neg 1.0		__DUMMY__ 0.9263465364663261 neg 0.04045646049542827 off 0.03319700303824557	false	1.0
wichtigtuer	off 1.0	off 1.0	off 0.5022534649222378 __DUMMY__ 0.46217680286767515 neg 0.035569732210086996	false	1.0
misslingen	neg 1.0		__DUMMY__ 0.9329548046506722 off 0.03371852109586085 neg 0.03332667425346701	false	0.5
untreu	off 1.0		__DUMMY__ 0.9244291929900373 off 0.037869354290500964 neg 0.037701452719461626	false	1.0
missmutig	neg 1.0		__DUMMY__ 0.9262634555023548 off 0.03688017002475587 neg 0.03685637447288935	false	0.5
hurenbock	off 1.0		__DUMMY__ 0.9297969695101863 neg 0.03614777445549537 off 0.03405525603431829	false	0.5
betrunken	neg 1.0		__DUMMY__ 0.9282847054547066 off 0.03858142247526284 neg 0.03313387207003044	false	0.5
korrupt	off 1.0		__DUMMY__ 0.9236523125835011 neg 0.04430287469077065 off 0.032044812725728254	false	0.5
unmut	neg 1.0		__DUMMY__ 0.9299493471200135 neg 0.04187362530550652 off 0.02817702757447997	false	1.0
hackfresse	off 1.0		__DUMMY__ 0.9221955662778555 off 0.042891254507944274 neg 0.034913179214200285	false	1.0
aufblasen	neg 1.0		__DUMMY__ 0.9299761926127563 neg 0.03580919903747872 off 0.034214608349764995	false	1.0
gewaltsam	neg 1.0		__DUMMY__ 0.9288663667819512 neg 0.038342048573446016 off 0.032791584644602724	false	1.0
unbeliebtheit	neg 1.0		__DUMMY__ 0.9200920306327175 neg 0.04300992678687464 off 0.036898042580407894	false	1.0
sturheit	neg 1.0		__DUMMY__ 0.9265412423860838 neg 0.04049872597537476 off 0.03296003163854147	false	1.0
kuh	neg 1.0		__DUMMY__ 0.9268404672425498 neg 0.03988609229047408 off 0.03327344046697617	false	1.0
erschrecken	neg 1.0		__DUMMY__ 0.9274960614942499 off 0.03639368583901134 neg 0.036110252666738764	false	0.5
opfer	neg 1.0		__DUMMY__ 0.9296440928098051 neg 0.039259222902665765 off 0.031096684287529177	false	1.0
sinken	neg 1.0		__DUMMY__ 0.931126106272832 neg 0.04048178582229424 off 0.028392107904873835	false	1.0
stinktier	neg 1.0		__DUMMY__ 0.9231759893915766 off 0.04071604908836032 neg 0.03610796152006309	false	0.5
tucke	off 1.0		__DUMMY__ 0.918670743692316 off 0.04315270524384687 neg 0.03817655106383712	false	1.0
ein			__DUMMY__ 0.9304055423244372 neg 0.03593053410677895 off 0.03366392356878392	false	0.0
abstieg	neg 1.0		__DUMMY__ 0.9323785503309288 neg 0.037244394128888275 off 0.030377055540183	false	1.0
missverstehen	neg 1.0		__DUMMY__ 0.9254776637503948 neg 0.03905381622665557 off 0.03546852002294974	false	1.0
ergebnislos	neg 1.0		__DUMMY__ 0.9297511838149707 neg 0.03986130030684013 off 0.030387515878189116	false	1.0
unter			__DUMMY__ 0.9373400156340745 neg 0.0380346923041439 off 0.024625292061781563	false	0.0
manipulieren	neg 1.0		__DUMMY__ 0.9285512370622362 neg 0.041384367406175154 off 0.03006439553158867	false	1.0
unbewiesen	neg 1.0		__DUMMY__ 0.920841437033557 neg 0.04516555104131979 off 0.03399301192512314	false	1.0
verschleppen	neg 1.0		__DUMMY__ 0.9286747403823176 neg 0.03969265753625299 off 0.031632602081429324	false	1.0
weib	off 1.0		__DUMMY__ 0.9221651649965311 off 0.04287477012077288 neg 0.03496006488269603	false	1.0
opposition	neg 1.0		__DUMMY__ 0.9256510628738436 neg 0.0398417957742602 off 0.03450714135189624	false	1.0
verkehrswidrig	neg 1.0	neg 1.0	neg 0.4953844764090654 __DUMMY__ 0.46906393434711763 off 0.03555158924381703	false	1.0
inkorrekt	neg 1.0		__DUMMY__ 0.9211721610243012 neg 0.03983284686624092 off 0.038994992109457886	false	1.0
vermeiden	neg 1.0		__DUMMY__ 0.9331987421234034 neg 0.040561502903644596 off 0.026239754972952112	false	1.0
abweichung	neg 1.0		__DUMMY__ 0.9293383391602213 neg 0.04004534225683717 off 0.030616318582941515	false	1.0
alkoholisiert	neg 1.0		__DUMMY__ 0.9368651147889273 neg 0.034011552206817446 off 0.029123333004255306	false	1.0
scheiss	off 1.0	off 1.0	off 0.5036401996078029 __DUMMY__ 0.464164625721673 neg 0.03219517467052407	false	1.0
herausforderung	neg 1.0	neg 1.0	neg 0.5001807816903806 __DUMMY__ 0.47270998765491556 off 0.027109230654703928	false	1.0
pervers	off 1.0		__DUMMY__ 0.9211082105863516 off 0.0452084213620475 neg 0.03368336805160087	false	1.0
wackelig	neg 1.0		__DUMMY__ 0.933510029901213 neg 0.03526173069810079 off 0.031228239400686256	false	1.0
verwickeln	neg 1.0		__DUMMY__ 0.9251515886863344 neg 0.0394091565193444 off 0.03543925479432125	false	1.0
vorwand	neg 1.0		__DUMMY__ 0.9294932217215428 neg 0.04107166936626473 off 0.02943510891219244	false	1.0
muschi	off 1.0		__DUMMY__ 0.9287676231788317 neg 0.038926366350292604 off 0.0323060104708758	false	0.5
entmutigung	neg 1.0		__DUMMY__ 0.9245125928467762 neg 0.04066219106866249 off 0.03482521608456123	false	1.0
unangemessen	neg 1.0		__DUMMY__ 0.9269721965493755 neg 0.04073938123483053 off 0.032288422215793956	false	1.0
unstetig	neg 1.0		__DUMMY__ 0.9305763542726803 neg 0.03573982757169516 off 0.033683818155624524	false	1.0
entmutigen	neg 1.0		__DUMMY__ 0.9276723092446415 neg 0.03787784731549315 off 0.03444984343986538	false	1.0
schwanz	neg 1.0		__DUMMY__ 0.9308988326905565 neg 0.03934560691064753 off 0.029755560398795896	false	1.0
verbot	neg 1.0		__DUMMY__ 0.9264429656170612 neg 0.041762652037628106 off 0.03179438234531072	false	1.0
leid	neg 1.0		__DUMMY__ 0.9245752219518972 off 0.041087130398496964 neg 0.03433764764960585	false	0.5
archaisch	neg 1.0		__DUMMY__ 0.9283508745727816 neg 0.03968611201782835 off 0.031963013409389965	false	1.0
gegen			__DUMMY__ 0.9320624197071959 neg 0.03883997212341337 off 0.029097608169390585	false	0.0
scheidung	neg 1.0		__DUMMY__ 0.921401827625144 off 0.04806976831843835 neg 0.030528404056417595	false	0.5
einschlag	neg 1.0	neg 1.0	neg 0.5005392297780603 __DUMMY__ 0.46376410128450657 off 0.03569666893743303	false	1.0
m			__DUMMY__ 0.9307658154087926 neg 0.03761554129150725 off 0.031618643299700266	false	0.0
abgestanden	neg 1.0		__DUMMY__ 0.930786383940654 neg 0.03609745137650362 off 0.03311616468284239	false	1.0
schmierig	off 1.0		__DUMMY__ 0.9249282487428019 off 0.04075840213442861 neg 0.03431334912276961	false	1.0
unpraktisch	neg 1.0		__DUMMY__ 0.9313697068175859 neg 0.03489043677620846 off 0.03373985640620556	false	1.0
wixxer	off 1.0		__DUMMY__ 0.9205219181677526 off 0.04505310823981276 neg 0.03442497359243468	false	1.0
bezeichnet			__DUMMY__ 0.9270293237912812 neg 0.03971355933183099 off 0.03325711687688782	false	0.0
jammerlappen	off 1.0		__DUMMY__ 0.9256239267968579 neg 0.037266771217489926 off 0.03710930198565205	false	0.5
farce	neg 1.0		__DUMMY__ 0.9255435151087652 neg 0.04213026434346731 off 0.03232622054776746	false	1.0
zwecklos	neg 1.0		__DUMMY__ 0.9270404973516061 neg 0.04075148221497514 off 0.032208020433418715	false	1.0
turbulent	neg 1.0		__DUMMY__ 0.9250667883072403 neg 0.03766018271125821 off 0.03727302898150139	false	1.0
invasion	neg 1.0		__DUMMY__ 0.9285543458352187 neg 0.03627131454033444 off 0.03517433962444688	false	1.0
schuld	neg 1.0		__DUMMY__ 0.927173698215118 neg 0.0386017032407264 off 0.03422459854415567	false	1.0
risiko	neg 1.0		__DUMMY__ 0.9299478959812946 neg 0.03649867514009232 off 0.033553428878613095	false	1.0
finster	neg 1.0		__DUMMY__ 0.9295484509075417 neg 0.03696707571541072 off 0.03348447337704768	false	1.0
geisteskrank	off 1.0		__DUMMY__ 0.923225498134007 off 0.03845757752259378 neg 0.03831692434339924	false	1.0
zusammenbrechen	neg 1.0		__DUMMY__ 0.9295215163921796 neg 0.03801346397668967 off 0.032465019631130757	false	1.0
ausbeute	neg 1.0		__DUMMY__ 0.9345785119532545 neg 0.03596760472692363 off 0.029453883319821846	false	1.0
hinterhalt	neg 1.0		__DUMMY__ 0.931825949654708 neg 0.03644676635850253 off 0.031727283986789416	false	1.0
kritik	neg 1.0		__DUMMY__ 0.9259116901459497 neg 0.041862101080282946 off 0.032226208773767404	false	1.0
einschrumpfen	neg 1.0		__DUMMY__ 0.9241454246231785 neg 0.040178360284752974 off 0.03567621509206855	false	1.0
riskant	neg 1.0		__DUMMY__ 0.9281792741591066 neg 0.04086181601388691 off 0.03095890982700652	false	1.0
frustrieren	neg 1.0		__DUMMY__ 0.9289893470992368 neg 0.03997675836738529 off 0.03103389453337794	false	1.0
groll	neg 1.0		__DUMMY__ 0.9284697137985726 neg 0.03954002980396924 off 0.031990256397458165	false	1.0
gibt			__DUMMY__ 0.9287501939471128 neg 0.03894088812411202 off 0.03230891792877517	false	0.0
qualvoll	neg 1.0		__DUMMY__ 0.9283537767796098 neg 0.035905018443601666 off 0.0357412047767884	false	1.0
wackeln	neg 1.0	neg 1.0	neg 0.5017384979627352 __DUMMY__ 0.4675387762614864 off 0.030722725775778354	false	1.0
klagen	neg 1.0		__DUMMY__ 0.9307531850801155 neg 0.04073862524574118 off 0.028508189674143387	false	1.0
bankrott	neg 1.0		__DUMMY__ 0.9274376576920927 neg 0.03650925499318183 off 0.03605308731472545	false	1.0
trauern	neg 1.0		__DUMMY__ 0.9312105308750405 neg 0.03792987545952803 off 0.030859593665431593	false	1.0
ablehnung	neg 1.0		__DUMMY__ 0.9261429852379073 neg 0.041543591286981395 off 0.032313423475111354	false	1.0
stur	neg 1.0		__DUMMY__ 0.9265363534714937 neg 0.03880621930601259 off 0.03465742722249373	false	1.0
aufruhr	neg 1.0		__DUMMY__ 0.9288522461064143 neg 0.03833398261970432 off 0.032813771273881395	false	1.0
melancholie	neg 1.0		__DUMMY__ 0.9313280254733142 neg 0.03749871304876446 off 0.031173261477921314	false	1.0
ist			__DUMMY__ 0.9279970952934873 neg 0.037249194111149256 off 0.034753710595363495	false	0.0
torheit	neg 1.0		__DUMMY__ 0.9249393916415937 neg 0.04080749835990613 off 0.03425310999850017	false	1.0
dreckskind	off 1.0		__DUMMY__ 0.9223417705812262 off 0.0417993031996854 neg 0.03585892621908835	false	1.0
umtauschen	neg 1.0		__DUMMY__ 0.9302419773667367 neg 0.037209774130041263 off 0.032548248503221994	false	1.0
zum			__DUMMY__ 0.938430444606517 neg 0.035343023874663655 off 0.026226531518819342	false	0.0
zersetzen	neg 1.0		__DUMMY__ 0.9273676710210166 neg 0.04267604239239003 off 0.029956286586593415	false	1.0
zur			__DUMMY__ 0.9347850961035271 neg 0.03914220971422525 off 0.026072694182247586	false	0.0
frust	neg 1.0		__DUMMY__ 0.9296021082030593 neg 0.03797817686452269 off 0.03241971493241801	false	1.0
unerbittlichkeit	neg 1.0		__DUMMY__ 0.9282712419621776 neg 0.04168947006684371 off 0.030039287970978636	false	1.0
zwei			__DUMMY__ 0.936212584596428 neg 0.03594715815590018 off 0.02784025724767185	false	0.0
unkorrekt	neg 1.0		__DUMMY__ 0.9213796248360048 neg 0.039340873265280366 off 0.039279501898714944	false	1.0
hexe	off 1.0		__DUMMY__ 0.926440616400221 off 0.03720302883455921 neg 0.036356354765219694	false	1.0
lasch	neg 1.0		__DUMMY__ 0.9242745885763275 neg 0.03936894052675808 off 0.036356470896914364	false	1.0
rivale	neg 1.0		__DUMMY__ 0.9260654671858808 off 0.03886573787796502 neg 0.0350687949361541	false	0.5
mutlos	off 1.0	off 1.0	off 0.4982798475697135 __DUMMY__ 0.46299318377267185 neg 0.03872696865761458	false	1.0
wirr	off 1.0		__DUMMY__ 0.9217720733392485 off 0.03936256499661004 neg 0.038865361664141555	false	1.0
jahr			__DUMMY__ 0.9355328313816055 neg 0.03537318313685367 off 0.029093985481540862	false	0.0
wird			__DUMMY__ 0.9301917995967366 neg 0.038658469884944945 off 0.031149730518318496	false	0.0
strafbar	neg 1.0		__DUMMY__ 0.9277483657095674 neg 0.04112631280206021 off 0.03112532148837235	false	1.0
erosion	neg 1.0		__DUMMY__ 0.9295273209152746 neg 0.03679290554663643 off 0.033679773538088965	false	1.0
eingehen	neg 1.0		__DUMMY__ 0.926719234205792 neg 0.04151726591465029 off 0.03176349987955771	false	1.0
faul	off 1.0		__DUMMY__ 0.9286680112865883 off 0.03607249469945237 neg 0.03525949401395936	false	1.0
provisorium	neg 1.0		__DUMMY__ 0.9355610552697986 neg 0.04012466213407044 off 0.024314282596130988	false	1.0
schmerzen	neg 1.0		__DUMMY__ 0.9293213205453411 neg 0.037837394130611914 off 0.03284128532404696	false	1.0
schrumpfen	neg 1.0		__DUMMY__ 0.9308031252006924 neg 0.04271929306441731 off 0.026477581734890267	false	1.0
geistlos	off 1.0		__DUMMY__ 0.921231310667147 neg 0.043037456985017424 off 0.03573123234783564	false	0.5
fehlkauf	neg 1.0		__DUMMY__ 0.9267495056610322 neg 0.03854858668756431 off 0.0347019076514035	false	1.0
frustrierend	neg 1.0		__DUMMY__ 0.9285070404498582 off 0.03635345922539013 neg 0.03513950032475166	false	0.5
unzufrieden	neg 1.0		__DUMMY__ 0.9273936654165857 neg 0.04046100058128062 off 0.03214533400213368	false	1.0
verzweifeln	neg 1.0		__DUMMY__ 0.9286427271586413 neg 0.0381556129899919 off 0.033201659851366846	false	1.0
verzweifelt	neg 1.0		__DUMMY__ 0.9268481809492719 neg 0.038465140786474644 off 0.034686678264253396	false	1.0
misstrauensantrag	neg 1.0		__DUMMY__ 0.9264834853715265 neg 0.038576386109580044 off 0.03494012851889357	false	1.0
abfallen	neg 1.0		__DUMMY__ 0.9308331613488767 neg 0.03520983086682728 off 0.03395700778429597	false	1.0
fucker	off 1.0		__DUMMY__ 0.9241139722921761 off 0.038800587744141274 neg 0.037085439963682715	false	1.0
ungezogen	neg 1.0		__DUMMY__ 0.9230482796278677 off 0.04387707631724199 neg 0.03307464405489018	false	0.5
irrsinnig	neg 1.0	neg 1.0	neg 0.5054764877869966 __DUMMY__ 0.4631868578491705 off 0.031336654363832914	false	1.0
unfassbar	neg 1.0		__DUMMY__ 0.9255239634226584 off 0.037594971847756974 neg 0.03688106472958473	false	0.5
hart	neg 1.0		__DUMMY__ 0.927609775434314 neg 0.036695009096172654 off 0.035695215469513264	false	1.0
widerlich	off 1.0		__DUMMY__ 0.9233143568757916 neg 0.03837009548646195 off 0.0383155476377465	false	0.5
fatal	neg 1.0		__DUMMY__ 0.9268992390940323 neg 0.03811871009021078 off 0.034982050815757004	false	1.0
bruch	neg 1.0		__DUMMY__ 0.9298654172627937 neg 0.0414215386406761 off 0.02871304409653013	false	1.0
aushungern	neg 1.0		__DUMMY__ 0.9253752139933481 neg 0.04154812805884488 off 0.03307665794780706	false	1.0
anspannung	neg 1.0	neg 1.0	neg 0.5027384893509633 __DUMMY__ 0.4730468131762361 off 0.02421469747280056	false	1.0
von			__DUMMY__ 0.9353523231675122 neg 0.03600038683627765 off 0.028647289996210204	false	0.0
kraftlos	neg 1.0		__DUMMY__ 0.9317034740336798 neg 0.03652453194870972 off 0.03177199401761047	false	1.0
vom			__DUMMY__ 0.9384694567761908 neg 0.03686939356362344 off 0.024661149660185868	false	0.0
grenzdebil	off 1.0		__DUMMY__ 0.9257387512597461 off 0.03825096281600862 neg 0.036010285924245204	false	1.0
vor			__DUMMY__ 0.9316806648683552 neg 0.03896773238722779 off 0.029351602744417043	false	0.0
unterwerfen	neg 1.0		__DUMMY__ 0.9287988584135193 neg 0.04033892871981233 off 0.03086221286666835	false	1.0
versenkung	neg 1.0		__DUMMY__ 0.9290634887752909 neg 0.04016025694742879 off 0.030776254277280295	false	1.0
entziehen	neg 1.0		__DUMMY__ 0.9301383183677571 neg 0.040902971907494035 off 0.028958709724748864	false	1.0
finanzkrise	neg 1.0		__DUMMY__ 0.925378393671413 neg 0.04185464516053305 off 0.03276696116805393	false	1.0
schimpfend	neg 1.0		__DUMMY__ 0.9314198485345965 neg 0.03494873424493917 off 0.03363141722046441	false	1.0
profan	neg 1.0		__DUMMY__ 0.92728703061291 neg 0.0371951195344374 off 0.03551784985265267	false	1.0
korruption	neg 1.0	neg 1.0	neg 0.5084414906635059 __DUMMY__ 0.46273597953440343 off 0.02882252980209071	false	1.0
â			__DUMMY__ 0.9302981890722744 neg 0.03887671943230663 off 0.030825091495419024	false	0.0
schmutzig	neg 1.0		__DUMMY__ 0.9264860800551131 off 0.0377889007174534 neg 0.0357250192274335	false	0.5
sexy	neg 1.0		__DUMMY__ 0.9269100703525184 neg 0.03709428302172362 off 0.03599564662575803	false	1.0
abraten	neg 1.0		__DUMMY__ 0.9279918140386862 neg 0.03730128205728297 off 0.034706903904030806	false	1.0
schwarz	neg 1.0		__DUMMY__ 0.926732426805898 neg 0.038760556866922806 off 0.034507016327179216	false	1.0
fotze	off 1.0		__DUMMY__ 0.9291930008433411 neg 0.040130814059227006 off 0.030676185097431898	false	0.5
verwirren	neg 1.0		__DUMMY__ 0.9273176606612035 neg 0.03693328136512834 off 0.03574905797366811	false	1.0
zahnlos	off 1.0		__DUMMY__ 0.9272590188481182 neg 0.04057245220741385 off 0.03216852894446789	false	0.5
verheeren	neg 1.0		__DUMMY__ 0.9231747527483275 off 0.04483690730194099 neg 0.03198833994973147	false	0.5
hippie	neg 1.0		__DUMMY__ 0.9265092776662731 neg 0.03778019453332994 off 0.03571052780039697	false	1.0
rammen	neg 1.0		__DUMMY__ 0.9282290742066036 neg 0.03828518721149254 off 0.03348573858190388	false	1.0
unlauter	neg 1.0		__DUMMY__ 0.9235622238144674 neg 0.04249035989803999 off 0.033947416287492656	false	1.0
unheilvoll	neg 1.0		__DUMMY__ 0.930464111807875 neg 0.03477501171433996 off 0.03476087647778498	false	1.0
niedrig	neg 1.0		__DUMMY__ 0.930868149425843 neg 0.039291839373675974 off 0.02984001120048103	false	1.0
explosion	neg 1.0		__DUMMY__ 0.926454718902503 neg 0.03835482206483435 off 0.035190459032662685	false	1.0
weichei	off 1.0		__DUMMY__ 0.9228789223015691 off 0.04171700358795308 neg 0.03540407411047786	false	1.0
minusmensch	off 1.0		__DUMMY__ 0.917536939390531 off 0.04508411614472034 neg 0.03737894446474874	false	1.0
farblos	neg 1.0		__DUMMY__ 0.9339460447290026 neg 0.03405490419890238 off 0.031999051072095094	false	1.0
unwissend	neg 1.0	neg 1.0	neg 0.5042779024812173 __DUMMY__ 0.46166508915360527 off 0.03405700836517751	false	1.0
traurig	neg 1.0		__DUMMY__ 0.9256803740613653 off 0.039630302467546466 neg 0.034689323471088274	false	0.5
senkung	neg 1.0		__DUMMY__ 0.9248586540153054 neg 0.03979622776500019 off 0.0353451182196944	false	1.0
ungleich	neg 1.0	neg 1.0	neg 0.508803875565367 __DUMMY__ 0.46327268362385254 off 0.027923440810780523	false	1.0
heikel	neg 1.0		__DUMMY__ 0.9284430213893526 neg 0.04151599530524803 off 0.030040983305399446	false	1.0
drosselung	neg 1.0		__DUMMY__ 0.9266925020997683 off 0.037702450555807725 neg 0.03560504734442407	false	0.5
falsch	neg 1.0		__DUMMY__ 0.9269981320988178 neg 0.03651078059518009 off 0.0364910873060021	false	1.0
unzufriedenheit	neg 1.0		__DUMMY__ 0.9286015256237387 neg 0.041681944864749375 off 0.02971652951151192	false	1.0
kurz	neg 1.0		__DUMMY__ 0.9319386428407926 neg 0.036062656859462826 off 0.03199870029974452	false	1.0
unsinnig	neg 1.0		__DUMMY__ 0.926105133447588 neg 0.041405083327544494 off 0.0324897832248674	false	1.0
penner	off 1.0	off 1.0	off 0.5094798402374324 __DUMMY__ 0.4591957773509227 neg 0.03132438241164485	false	1.0
seicht	neg 1.0		__DUMMY__ 0.9195083331765326 off 0.04415939816198127 neg 0.03633226866148619	false	0.5
dummheit	off 1.0	off 1.0	off 0.5024766449758498 __DUMMY__ 0.4616177867351497 neg 0.03590556828900054	false	1.0
unerfreulich	neg 1.0		__DUMMY__ 0.9306148923215288 neg 0.04019621771116781 off 0.02918888996730328	false	1.0
motherfucker	off 1.0	off 1.0	off 0.5054099673875547 __DUMMY__ 0.46021702936412934 neg 0.03437300324831596	false	1.0
pikiert	neg 1.0		__DUMMY__ 0.9233157448782111 neg 0.039157974450085856 off 0.03752628067170297	false	1.0
wrack	neg 1.0		__DUMMY__ 0.9338346511819587 neg 0.03613565918752205 off 0.030029689630519166	false	1.0
gangster	neg 1.0		__DUMMY__ 0.9273682392021073 neg 0.037287321634865964 off 0.03534443916302674	false	1.0
krank	neg 1.0		__DUMMY__ 0.9272919579731893 off 0.03817339987210315 neg 0.03453464215470756	false	0.5
reich	neg 1.0		__DUMMY__ 0.9248859687366581 neg 0.03863155669273105 off 0.036482474570610914	false	1.0
gnadenlos	neg 1.0		__DUMMY__ 0.9276685396269767 neg 0.0380838730122368 off 0.03424758736078645	false	1.0
niedergeschlagen	neg 1.0		__DUMMY__ 0.9304682164252605 neg 0.037162541757919235 off 0.03236924181682026	false	1.0
terrorisieren	off 1.0	off 1.0	off 0.49847581772994026 __DUMMY__ 0.4652358743050716 neg 0.03628830796498818	false	1.0
sinnlosigkeit	neg 1.0		__DUMMY__ 0.9276027017778743 neg 0.04022273107142206 off 0.03217456715070364	false	1.0
behindern	neg 1.0		__DUMMY__ 0.9275082396802884 neg 0.039775130435781306 off 0.032716629883930294	false	1.0
undemokratisch	neg 1.0		__DUMMY__ 0.9248338593722769 neg 0.04075341145652348 off 0.0344127291711996	false	1.0
wirtschaftskrise	neg 1.0		__DUMMY__ 0.9272870307800211 neg 0.041527974122357196 off 0.031184995097621702	false	1.0
neid	neg 1.0		__DUMMY__ 0.929307323730529 off 0.03669568758917692 neg 0.03399698868029407	false	0.5
rutschen	neg 1.0	neg 1.0	neg 0.5018569112579402 __DUMMY__ 0.47289161536524726 off 0.02525147337681255	false	1.0
rezession	neg 1.0		__DUMMY__ 0.9216210762257339 off 0.04050054122176536 neg 0.03787838255250068	false	0.5
fehlgeburt	neg 1.0		__DUMMY__ 0.9302566207193369 neg 0.0350700740025212 off 0.03467330527814189	false	1.0
charakterschwach	off 1.0		__DUMMY__ 0.9250385414512572 off 0.03814169617398211 neg 0.036819762374760735	false	1.0
isolation	neg 1.0		__DUMMY__ 0.928477225926209 off 0.0362143733836579 neg 0.035308400690133086	false	0.5
ablenkung	neg 1.0		__DUMMY__ 0.9287131799117605 neg 0.03764013548983361 off 0.033646684598405883	false	1.0
pech	neg 1.0		__DUMMY__ 0.9286002269203609 off 0.03578228934111935 neg 0.03561748373851967	false	0.5
vermeidung	neg 1.0		__DUMMY__ 0.9242392560731827 off 0.0380295404077057 neg 0.03773120351911159	false	0.5
dominieren	neg 1.0		__DUMMY__ 0.9322190652279305 neg 0.03692001559010169 off 0.03086091918196783	false	1.0
schwindlig	neg 1.0		__DUMMY__ 0.9315197137042144 off 0.03466059809463561 neg 0.03381968820114994	false	0.5
lutscher	neg 1.0		__DUMMY__ 0.9205122920468801 off 0.04442008836622116 neg 0.03506761958689868	false	0.5
pflicht	neg 1.0		__DUMMY__ 0.9286748717380281 neg 0.04120902913805211 off 0.03011609912391981	false	1.0
faschist	off 1.0		__DUMMY__ 0.9236298573395241 neg 0.04038445794037201 off 0.03598568472010399	false	0.5
verschleudern	neg 1.0		__DUMMY__ 0.9246622397149339 neg 0.04466854131645494 off 0.030669218968611148	false	1.0
wenn			__DUMMY__ 0.9267068686489826 off 0.03669175508730308 neg 0.036601376263714264	false	0.0
ehebruch	neg 1.0		__DUMMY__ 0.9274646392025293 neg 0.04117383027597706 off 0.03136153052149365	false	1.0
spott	off 1.0		__DUMMY__ 0.9270494924029969 neg 0.04192374311943789 off 0.031026764477565166	false	0.5
trostlosigkeit	neg 1.0		__DUMMY__ 0.9301339757533069 neg 0.04084173348644174 off 0.02902429076025135	false	1.0
lutschen	neg 1.0		__DUMMY__ 0.9261386509714014 neg 0.03858558456941981 off 0.03527576445917891	false	1.0
undiszipliniert	neg 1.0		__DUMMY__ 0.9259043849464806 off 0.03894076496144138 neg 0.035154850092077986	false	0.5
kopfschmerz	neg 1.0		__DUMMY__ 0.9312096808112192 neg 0.03697866119342832 off 0.031811657995352446	false	1.0
unvorhergesehen	neg 1.0		__DUMMY__ 0.9346825731149627 neg 0.03514631945893898 off 0.03017110742609833	false	1.0
desinteressiert	neg 1.0		__DUMMY__ 0.9243493232096099 off 0.038971885524016425 neg 0.03667879126637361	false	0.5
armselig	off 1.0		__DUMMY__ 0.9216349949738911 off 0.03984165209036556 neg 0.03852335293574332	false	1.0
desaster	neg 1.0		__DUMMY__ 0.9295655095726175 neg 0.042086465889801764 off 0.02834802453758077	false	1.0
tod	neg 1.0		__DUMMY__ 0.9320571436164993 neg 0.03717353216416559 off 0.030769324219335193	false	1.0
herzlos	neg 1.0		__DUMMY__ 0.9235554920828666 off 0.04005613440677661 neg 0.0363883735103568	false	0.5
unwissenheit	neg 1.0		__DUMMY__ 0.925508355517456 neg 0.04241774140120543 off 0.032073903081338576	false	1.0
widersinnig	neg 1.0	neg 1.0	neg 0.5091235590916707 __DUMMY__ 0.4612354384897552 off 0.02964100241857411	false	1.0
bedenklich	neg 1.0		__DUMMY__ 0.9275484357389495 neg 0.04132102451442805 off 0.03113053974662244	false	1.0
beanstanden	neg 1.0		__DUMMY__ 0.9301101904873894 neg 0.04030271671169032 off 0.029587092800920214	false	1.0
panisch	neg 1.0	neg 1.0	neg 0.4996864155439291 __DUMMY__ 0.46837481233214645 off 0.03193877212392453	false	1.0
debil	off 1.0		__DUMMY__ 0.9329909486575672 neg 0.04149457772691468 off 0.02551447361551814	false	0.5
abstrich	neg 1.0		__DUMMY__ 0.9293871843190519 neg 0.040435840830750275 off 0.030176974850197828	false	1.0
primitiv	neg 1.0		__DUMMY__ 0.923472334306656 off 0.03865649916916916 neg 0.03787116652417492	false	0.5
abschaum	off 1.0	off 1.0	off 0.5039662712936469 __DUMMY__ 0.4611308728381693 neg 0.034902855868183764	false	1.0
provozieren	neg 1.0		__DUMMY__ 0.9265545576287955 neg 0.039321619118181904 off 0.03412382325302269	false	1.0
tot	neg 1.0		__DUMMY__ 0.9305748488278369 neg 0.039263153104101056 off 0.030161998068061927	false	1.0
instabil	neg 1.0		__DUMMY__ 0.9225968720666022 neg 0.038913386461932965 off 0.03848974147146479	false	1.0
schwuchtel	off 1.0		__DUMMY__ 0.9180863341896927 off 0.04807670646611624 neg 0.0338369593441912	false	1.0
zerren	neg 1.0		__DUMMY__ 0.9306533267618344 neg 0.036757488969486926 off 0.0325891842686786	false	1.0
kinderficker	off 1.0		__DUMMY__ 0.9204896590057888 off 0.04172010264043911 neg 0.03779023835377206	false	1.0
gefahr	neg 1.0		__DUMMY__ 0.930395103651477 neg 0.03977979247952519 off 0.029825103868997692	false	1.0
rabiat	neg 1.0		__DUMMY__ 0.9263984288359995 neg 0.039957632454920164 off 0.033643938709080314	false	1.0
verlangsamung	neg 1.0		__DUMMY__ 0.9209842892882417 off 0.0429766411737192 neg 0.03603906953803907	false	0.5
ausgestorben	neg 1.0		__DUMMY__ 0.9295449900299482 neg 0.03742494904032465 off 0.03303006092972711	false	1.0
anklagen	neg 1.0		__DUMMY__ 0.9275668529534258 neg 0.04001122605089179 off 0.03242192099568244	false	1.0
trott	neg 1.0		__DUMMY__ 0.9294298334926385 neg 0.037700097501968045 off 0.03287006900539335	false	1.0
verminderung	neg 1.0		__DUMMY__ 0.924050157397661 off 0.03856159174864707 neg 0.037388250853691955	false	0.5
nach			__DUMMY__ 0.9383772228877951 neg 0.035026447081513354 off 0.026596330030691447	false	0.0
rost	neg 1.0		__DUMMY__ 0.9217567433747916 off 0.041748400522712795 neg 0.03649485610249565	false	0.5
destruktiv	neg 1.0		__DUMMY__ 0.92489830336588 neg 0.04171540190574282 off 0.033386294728377175	false	1.0
unzumutbarkeit	neg 1.0		__DUMMY__ 0.9287209070963643 off 0.03672416098551122 neg 0.03455493191812445	false	0.5
labil	off 1.0	off 1.0	off 0.5039433507810106 __DUMMY__ 0.46164988173855764 neg 0.03440676748043168	false	1.0
ziemlich	neg 1.0		__DUMMY__ 0.9273549593836313 off 0.03781389698530282 neg 0.03483114363106591	false	0.5
lachnummer	off 1.0		__DUMMY__ 0.9269238997917947 neg 0.03940953757665366 off 0.03366656263155173	false	0.5
oder			__DUMMY__ 0.9305661037319611 neg 0.036021744175051454 off 0.03341215209298737	false	0.0
verfall	neg 1.0		__DUMMY__ 0.9307854386863483 neg 0.042757734648230995 off 0.02645682666542076	false	1.0
ausgrenzung	neg 1.0		__DUMMY__ 0.9241513508676711 neg 0.040932696682673894 off 0.03491595244965503	false	1.0
unordnung	neg 1.0		__DUMMY__ 0.9288946518899746 off 0.037252704369479535 neg 0.03385264374054588	false	0.5
fehlverhalten	neg 1.0		__DUMMY__ 0.9282976099043462 neg 0.04135760479638799 off 0.030344785299265823	false	1.0
eine			__DUMMY__ 0.9303772448645107 neg 0.04008914689588009 off 0.02953360823960919	false	0.0
nille	neg 1.0		__DUMMY__ 0.9288873500161268 neg 0.0383935676380701 off 0.032719082345803105	false	1.0
qual	neg 1.0		__DUMMY__ 0.9289451726591057 neg 0.03828323571413431 off 0.03277159162676003	false	1.0
verschwenden	neg 1.0		__DUMMY__ 0.9280241581063926 neg 0.04064626418939013 off 0.031329577704217244	false	1.0
riesig	neg 1.0	neg 1.0	neg 0.5037020514756329 __DUMMY__ 0.4683450349078312 off 0.02795291361653598	false	1.0
verurteilen	neg 1.0		__DUMMY__ 0.9267831338051993 neg 0.041071216254815676 off 0.03214564993998504	false	1.0
klischee	neg 1.0	neg 1.0	neg 0.5058990132045323 __DUMMY__ 0.4609916546960299 off 0.03310933209943786	false	1.0
diktatorisch	neg 1.0		__DUMMY__ 0.9229181433763509 neg 0.04218423330817827 off 0.03489762331547088	false	1.0
vorhersehbar	neg 1.0	neg 1.0	neg 0.5051518300182277 __DUMMY__ 0.4621499751734749 off 0.03269819480829732	false	1.0
sowie			__DUMMY__ 0.9223747084607388 off 0.04152539931001165 neg 0.03609989222924953	false	0.0
stornieren	neg 1.0		__DUMMY__ 0.9338492206244637 off 0.033696832492191395 neg 0.03245394688334484	false	0.5
besteuerung	neg 1.0		__DUMMY__ 0.9249681132913976 neg 0.041274132697085575 off 0.033757754011516906	false	1.0
ungeschminkt	neg 1.0		__DUMMY__ 0.9252633490552199 off 0.03767187992484575 neg 0.037064771019934405	false	0.5
kritisch	neg 1.0		__DUMMY__ 0.9280210831345441 neg 0.040899158381349325 off 0.031079758484106594	false	1.0
schlamperei	off 1.0		__DUMMY__ 0.9282230129616177 neg 0.04146880827541798 off 0.03030817876296432	false	0.5
sucht	neg 1.0	neg 1.0	neg 0.503133315302502 __DUMMY__ 0.46696808609568197 off 0.02989859860181598	false	1.0
egoistisch	off 1.0		__DUMMY__ 0.9232841547126297 off 0.04185089099789797 neg 0.03486495428947233	false	1.0
ausbeuter	off 1.0		__DUMMY__ 0.9268773675931569 neg 0.042869028765267485 off 0.03025360364157566	false	0.5
arschgeburt	off 1.0		__DUMMY__ 0.9170746879895303 off 0.04838140513899737 neg 0.034543906871472345	false	1.0
schubs	neg 1.0	neg 1.0	neg 0.5028432248768929 __DUMMY__ 0.46876573275023664 off 0.028391042372870566	false	1.0
unsolide	neg 1.0		__DUMMY__ 0.9203030583186205 neg 0.04448230822855785 off 0.03521463345282176	false	1.0
beschwerde	neg 1.0		__DUMMY__ 0.9282993416092663 neg 0.041341736430139074 off 0.030358921960594618	false	1.0
stocken	neg 1.0		__DUMMY__ 0.9289917776383697 neg 0.04023883578373473 off 0.030769386577895533	false	1.0
isolieren	neg 1.0		__DUMMY__ 0.9275506686370214 neg 0.04084878354741252 off 0.0316005478155662	false	1.0
unheilbar	neg 1.0		__DUMMY__ 0.928468867716752 neg 0.03758102320508134 off 0.0339501090781667	false	1.0
pisser	off 1.0		__DUMMY__ 0.9257618090940523 off 0.03879356604298669 neg 0.03544462486296106	false	1.0
löschen	neg 1.0		__DUMMY__ 0.9281815227152865 neg 0.03850616371705029 off 0.03331231356766317	false	1.0
durchfallen	neg 1.0		__DUMMY__ 0.9267401362732743 neg 0.04127149217828938 off 0.03198837154843631	false	1.0
wichser	off 1.0		__DUMMY__ 0.9211963101182467 off 0.045374077504497574 neg 0.03342961237725574	false	1.0
terror	neg 1.0		__DUMMY__ 0.9293836012119936 neg 0.0354563028260448 off 0.03516009596196161	false	1.0
krass	neg 1.0		__DUMMY__ 0.9246048699938799 off 0.04006716930946049 neg 0.0353279606966596	false	0.5
revolte	neg 1.0		__DUMMY__ 0.9245309685614337 neg 0.04017332887006455 off 0.03529570256850172	false	1.0
besorgt	neg 1.0		__DUMMY__ 0.9316542240536336 neg 0.03648838047033548 off 0.03185739547603095	false	1.0
nachlassen	neg 1.0		__DUMMY__ 0.9291067905122191 neg 0.04073647931716383 off 0.0301567301706171	false	1.0
alt	neg 1.0		__DUMMY__ 0.9302720553597449 neg 0.0392369435331954 off 0.03049100110705973	false	1.0
hundesohn	off 1.0		__DUMMY__ 0.9198712502807515 off 0.044659150260593125 neg 0.03546959945865551	false	1.0
als			__DUMMY__ 0.9310833657295902 neg 0.03683972896932373 off 0.0320769053010861	false	0.0
abschreckung	neg 1.0		__DUMMY__ 0.9295466700701076 neg 0.041235297858006004 off 0.029218032071886394	false	1.0
unqualifiziert	neg 1.0		__DUMMY__ 0.9230433572941324 neg 0.040706309962646764 off 0.03625033274322085	false	1.0
abgewichst	off 1.0		__DUMMY__ 0.9293554051182574 neg 0.03854633067311648 off 0.03209826420862611	false	0.5
schwer	neg 1.0		__DUMMY__ 0.928621373177076 neg 0.03793554750000911 off 0.0334430793229149	false	1.0
bedeutungslosigkeit	neg 1.0		__DUMMY__ 0.9289483448083335 neg 0.041161479700942624 off 0.029890175490723796	false	1.0
kapitulation	neg 1.0		__DUMMY__ 0.9256564127704808 neg 0.043339080009422125 off 0.031004507220097084	false	1.0
unscharf	neg 1.0		__DUMMY__ 0.9282913295022306 neg 0.037108846295801 off 0.034599824201968374	false	1.0
schwinden	neg 1.0		__DUMMY__ 0.9288836100988419 neg 0.041423535983395626 off 0.029692853917762406	false	1.0
versklavung	neg 1.0		__DUMMY__ 0.9225148089215818 neg 0.04298705280892642 off 0.03449813826949187	false	1.0
schlecht	neg 1.0		__DUMMY__ 0.9274154748142059 off 0.03795899104339907 neg 0.03462553414239504	false	0.5
verhasst	neg 1.0		__DUMMY__ 0.9264937121731396 neg 0.039101588123380354 off 0.03440469970348002	false	1.0
beschweren	neg 1.0		__DUMMY__ 0.927467560978517 neg 0.03761413891801913 off 0.034918300103463834	false	1.0
scheiden	neg 1.0		__DUMMY__ 0.934429819935053 off 0.03317644817443577 neg 0.03239373189051125	false	0.5
frustriert	neg 1.0		__DUMMY__ 0.929019167816417 neg 0.038262072889438614 off 0.03271875929414435	false	1.0
schimmelig	neg 1.0		__DUMMY__ 0.9318297958259926 neg 0.038360150690141856 off 0.029810053483865496	false	1.0
fisch	neg 1.0		__DUMMY__ 0.9365033536066489 neg 0.03471973311887734 off 0.028776913274473737	false	1.0
schmuggel	neg 1.0		__DUMMY__ 0.9327210857210233 neg 0.03768193657157506 off 0.029596977707401696	false	1.0
auffallen	neg 1.0		__DUMMY__ 0.9281137137793518 neg 0.03653156168016798 off 0.03535472454048015	false	1.0
konkurrenz	neg 1.0	neg 1.0	neg 0.5057620918932896 __DUMMY__ 0.46776271568805816 off 0.026475192418652153	false	1.0
teufelskreis	neg 1.0	neg 1.0	neg 0.5065918088849461 __DUMMY__ 0.46322636456979693 off 0.030181826545256838	false	1.0
aufschreien	neg 1.0		__DUMMY__ 0.9259444874861485 neg 0.03873164835679464 off 0.03532386415705677	false	1.0
schuldner	neg 1.0		__DUMMY__ 0.9297969426348642 neg 0.04034060746857062 off 0.029862449896565144	false	1.0
missgeburt	off 1.0	off 1.0	off 0.5077957597305875 __DUMMY__ 0.4600346438340721 neg 0.032169596435340245	false	1.0
arbeitslos	neg 1.0		__DUMMY__ 0.9269372087266735 neg 0.0408204333404262 off 0.03224235793290031	false	1.0
befallen	neg 1.0		__DUMMY__ 0.9253220563406176 neg 0.04235554945940779 off 0.032322394199974645	false	1.0
miesepetrig	off 1.0	off 1.0	off 0.5041632133809715 __DUMMY__ 0.4639503102874739 neg 0.03188647633155465	false	1.0
alarmieren	neg 1.0		__DUMMY__ 0.9241833446986938 neg 0.03870189962481161 off 0.03711475567649462	false	1.0
ungeduscht	off 1.0		__DUMMY__ 0.9291577581981244 off 0.03547780747611608 neg 0.03536443432575949	false	1.0
knappheit	neg 1.0		__DUMMY__ 0.9264385023138889 neg 0.04274998003866221 off 0.030811517647448928	false	1.0
schlange	neg 1.0		__DUMMY__ 0.9313687289521604 off 0.03461358468636733 neg 0.034017686361472274	false	0.5
harsch	neg 1.0		__DUMMY__ 0.9268741001806796 off 0.0407636950877364 neg 0.032362204731584	false	0.5
lang	neg 1.0		__DUMMY__ 0.9283899872569124 neg 0.037982307927906266 off 0.03362770481518143	false	1.0
ziellos	neg 1.0		__DUMMY__ 0.9310342505035761 neg 0.037332554844756935 off 0.03163319465166693	false	1.0
selbstverliebt	neg 1.0		__DUMMY__ 0.9179273232796448 off 0.04621842961924441 neg 0.03585424710111085	false	0.5
beseitigen	neg 1.0	neg 1.0	neg 0.5026312091528377 __DUMMY__ 0.4676813320267547 off 0.02968745882040768	false	1.0
dumm	off 1.0		__DUMMY__ 0.9221359331614819 off 0.042545576912524086 neg 0.0353184899259941	false	1.0
arbeitsloser	neg 1.0		__DUMMY__ 0.9297029081289904 neg 0.03865885924927475 off 0.031638232621734964	false	1.0
blitzen	neg 1.0		__DUMMY__ 0.9270180389781161 neg 0.03716328750895911 off 0.03581867351292483	false	1.0
hilflos	neg 1.0		__DUMMY__ 0.9288680911253568 neg 0.038851701201480286 off 0.03228020767316283	false	1.0
eklig	off 1.0		__DUMMY__ 0.9222904620784186 off 0.04292105086842186 neg 0.034788487053159615	false	1.0
begriff			__DUMMY__ 0.9268560265568341 neg 0.040434729141977786 off 0.032709244301188135	false	0.0
hungersnot	neg 1.0		__DUMMY__ 0.9287355213921066 neg 0.039037383562441276 off 0.032227095045452174	false	1.0
ungesetzlich	neg 1.0		__DUMMY__ 0.920724157197396 neg 0.04363510793142525 off 0.03564073487117876	false	1.0
verschwendung	neg 1.0		__DUMMY__ 0.9288535079996048 neg 0.04066041635103145 off 0.030486075649363738	false	1.0
schmerzvoll	neg 1.0		__DUMMY__ 0.9279517748009015 neg 0.037246735045475966 off 0.03480149015362249	false	1.0
vorzeitig	neg 1.0		__DUMMY__ 0.9291484123159784 off 0.035648480137072766 neg 0.0352031075469488	false	0.5
unvollkommenheit	neg 1.0		__DUMMY__ 0.932707067747354 neg 0.03593882866038862 off 0.03135410359225733	false	1.0
intervenieren	neg 1.0		__DUMMY__ 0.9270173779195536 neg 0.04249784673380326 off 0.030484775346643123	false	1.0
banause	off 1.0		__DUMMY__ 0.9202849692400541 off 0.04450283677802044 neg 0.03521219398192538	false	1.0
rebell	neg 1.0		__DUMMY__ 0.9316834230173833 neg 0.04076254091660078 off 0.027554036066015874	false	1.0
unlogisch	neg 1.0		__DUMMY__ 0.9246244024527456 off 0.039799329631916076 neg 0.035576267915338404	false	0.5
leiden	neg 1.0		__DUMMY__ 0.9358598453506456 neg 0.03468662777514341 off 0.029453526874211072	false	1.0
abschaffung	neg 1.0		__DUMMY__ 0.9256909357388685 neg 0.04037803219558785 off 0.033931032065543563	false	1.0
sturz	neg 1.0		__DUMMY__ 0.9299399739096269 neg 0.03671111089504976 off 0.03334891519532339	false	1.0
verkleinerung	neg 1.0		__DUMMY__ 0.9236605776058622 neg 0.04049750297958949 off 0.03584191941454841	false	1.0
schmarotzer	off 1.0		__DUMMY__ 0.9260994959838537 neg 0.04174923775101296 off 0.0321512662651333	false	0.5
bestrafung	neg 1.0		__DUMMY__ 0.9266482847446914 neg 0.038699048774801056 off 0.03465266648050753	false	1.0
achtlos	neg 1.0		__DUMMY__ 0.929951208554367 neg 0.03675220429256872 off 0.03329658715306426	false	1.0
ungeheuer	neg 1.0		__DUMMY__ 0.9290506395764042 off 0.035648841595113084 neg 0.03530051882848267	false	0.5
