unsolidarisch	neg 1.0		neg 0.5053638038828274 off 0.4271092381315282 __DUMMY__ 0.06752695798564443	false	1.0
nachteilig	neg 1.0		neg 0.5049871358845487 off 0.4266006799111002 __DUMMY__ 0.06841218420435125	false	1.0
skeptisch	neg 1.0		neg 0.5050191407301035 off 0.4264142816044608 __DUMMY__ 0.06856657766543554	false	1.0
schrecklich	neg 1.0		neg 0.4890203195213955 off 0.443032016239634 __DUMMY__ 0.0679476642389705	false	1.0
schlapp	neg 1.0		neg 0.4925738064511073 off 0.43908536934696357 __DUMMY__ 0.06834082420192912	false	1.0
abfall	neg 1.0		neg 0.5080885048837409 off 0.4232578396984147 __DUMMY__ 0.06865365541784442	false	1.0
widerspenstig	neg 1.0		neg 0.4993655097336959 off 0.4322614418310965 __DUMMY__ 0.06837304843520776	false	1.0
abrupt	neg 1.0		neg 0.5017536546439618 off 0.4292977790464935 __DUMMY__ 0.06894856630954448	false	1.0
unwirksam	neg 1.0		neg 0.5025747240800675 off 0.4295055228413957 __DUMMY__ 0.0679197530785367	false	1.0
angreifen	neg 1.0	neg 1.0	neg 0.7398086797183198 off 0.2274550982449339 __DUMMY__ 0.03273622203674628	false	1.0
inkonsistent	neg 1.0		neg 0.4980569569401543 off 0.43354085138624826 __DUMMY__ 0.06840219167359744	false	1.0
abrutschen	neg 1.0		neg 0.5072423032857143 off 0.424047994522858 __DUMMY__ 0.06870970219142773	false	1.0
unsicher	neg 1.0		neg 0.4984268878490697 off 0.4330533302664907 __DUMMY__ 0.06851978188443968	false	1.0
bauernkind	off 1.0	off 1.0	off 0.7050942268518088 neg 0.2626802883315283 __DUMMY__ 0.03222548481666294	false	1.0
angreifer	neg 1.0		neg 0.49652343067179466 off 0.43490895147599645 __DUMMY__ 0.0685676178522088	false	1.0
trennen	neg 1.0		neg 0.49995343047261426 off 0.4308753416748192 __DUMMY__ 0.06917122785256649	false	1.0
schmutz	neg 1.0		neg 0.49322975196929686 off 0.43777616513906553 __DUMMY__ 0.06899408289163765	false	1.0
inkonsistenz	neg 1.0		neg 0.4975771755925524 off 0.4346353241143079 __DUMMY__ 0.06778750029313968	false	1.0
erschreckend	neg 1.0		neg 0.5015462049575489 off 0.43016938583752823 __DUMMY__ 0.06828440920492285	false	1.0
ertrinken	neg 1.0		neg 0.501903477505561 off 0.42936143539806143 __DUMMY__ 0.06873508709637766	false	1.0
pickelface	off 1.0		neg 0.5019763268177325 off 0.42961469193167906 __DUMMY__ 0.06840898125058824	false	0.5
seiner			neg 0.5032669652403694 off 0.42798536516537594 __DUMMY__ 0.06874766959425471	false	0.0
lauch	neg 1.0		neg 0.5083579502653769 off 0.42312551719888014 __DUMMY__ 0.06851653253574301	false	1.0
unwichtig	neg 1.0		neg 0.49518214474445227 off 0.4367995505909024 __DUMMY__ 0.06801830466464533	false	1.0
steuerhinterziehung	neg 1.0		neg 0.50395633112809 off 0.4279702536147202 __DUMMY__ 0.06807341525718977	false	1.0
schock	neg 1.0		neg 0.49741346200079206 off 0.4337166548744549 __DUMMY__ 0.068869883124753	false	1.0
beule	neg 1.0		neg 0.4918344903535046 off 0.4397777466781074 __DUMMY__ 0.06838776296838807	false	1.0
vergelten	neg 1.0		neg 0.48859825793350015 off 0.44306009095460386 __DUMMY__ 0.06834165111189591	false	1.0
verdorbenheit	neg 1.0		neg 0.49808352717751614 off 0.43323900729494286 __DUMMY__ 0.06867746552754099	false	1.0
trauma	neg 1.0		neg 0.4984608487478102 off 0.4332104384489744 __DUMMY__ 0.06832871280321527	false	1.0
sinnlos	neg 1.0		neg 0.4959226203183701 off 0.43565134121719545 __DUMMY__ 0.0684260384644344	false	1.0
fettsack	off 1.0	off 1.0	off 0.7070201689062428 neg 0.2606222009537303 __DUMMY__ 0.032357630140027065	false	1.0
feige	off 1.0	off 1.0	off 0.7029783582980812 neg 0.26464762007040715 __DUMMY__ 0.03237402163151165	false	1.0
abdanken	neg 1.0		neg 0.5025012202492202 off 0.42937873290568584 __DUMMY__ 0.06812004684509397	false	1.0
wichtigtuer	off 1.0	off 1.0	off 0.7014888529177773 neg 0.26600580426571224 __DUMMY__ 0.0325053428165105	false	1.0
misslingen	neg 1.0		neg 0.4946559808841759 off 0.4364098135024131 __DUMMY__ 0.06893420561341117	false	1.0
untreu	off 1.0		neg 0.49427201163285206 off 0.4378286129481933 __DUMMY__ 0.06789937541895454	false	0.5
missmutig	neg 1.0		neg 0.49438200235304386 off 0.43749110924023554 __DUMMY__ 0.06812688840672078	false	1.0
hurenbock	off 1.0		neg 0.4965119521382389 off 0.43494524439979193 __DUMMY__ 0.06854280346196907	false	0.5
betrunken	neg 1.0		neg 0.4891251492073122 off 0.44250865618511726 __DUMMY__ 0.06836619460757061	false	1.0
korrupt	off 1.0		neg 0.5068375649152902 off 0.42539080352022124 __DUMMY__ 0.06777163156448858	false	0.5
unmut	neg 1.0		neg 0.5080981294098094 off 0.4232784924479769 __DUMMY__ 0.06862337814221374	false	1.0
hackfresse	off 1.0		neg 0.4868282494293257 off 0.44561104721809863 __DUMMY__ 0.0675607033525757	false	0.5
aufblasen	neg 1.0		neg 0.4958715042540874 off 0.43550510275822657 __DUMMY__ 0.06862339298768601	false	1.0
gewaltsam	neg 1.0		neg 0.500214632302252 off 0.43132817497547293 __DUMMY__ 0.06845719272227513	false	1.0
unbeliebtheit	neg 1.0		neg 0.5005724873613683 off 0.4321411108260165 __DUMMY__ 0.06728640181261512	false	1.0
sturheit	neg 1.0		neg 0.5024230895570784 off 0.4294126969193302 __DUMMY__ 0.06816421352359135	false	1.0
kuh	neg 1.0		neg 0.5001038259169247 off 0.43177526475301353 __DUMMY__ 0.06812090933006182	false	1.0
erschrecken	neg 1.0		neg 0.49417864397437833 off 0.4375163558091545 __DUMMY__ 0.06830500021646711	false	1.0
opfer	neg 1.0		neg 0.5028747657910777 off 0.4285463678219142 __DUMMY__ 0.06857886638700811	false	1.0
sinken	neg 1.0		neg 0.5063358419689469 off 0.4248996298769428 __DUMMY__ 0.06876452815411027	false	1.0
stinktier	neg 1.0		neg 0.4900816042958149 off 0.4422494167212274 __DUMMY__ 0.06766897898295769	false	1.0
tucke	off 1.0		neg 0.48927530556373333 off 0.44365502297409465 __DUMMY__ 0.06706967146217213	false	0.5
ein			neg 0.4963813620268739 off 0.43494697363551843 __DUMMY__ 0.0686716643376077	false	0.0
abstieg	neg 1.0		neg 0.5018074450236094 off 0.4292741429495327 __DUMMY__ 0.06891841202685799	false	1.0
missverstehen	neg 1.0		neg 0.4982178411544253 off 0.43375989459739295 __DUMMY__ 0.0680222642481818	false	1.0
ergebnislos	neg 1.0		neg 0.5040913830389677 off 0.42731982693154613 __DUMMY__ 0.06858879002948604	false	1.0
unter			neg 0.5073562244248828 off 0.4230300030127193 __DUMMY__ 0.06961377256239804	false	0.0
manipulieren	neg 1.0		neg 0.5059019353050928 off 0.42567197239437127 __DUMMY__ 0.06842609230053598	false	1.0
unbewiesen	neg 1.0		neg 0.5057824335927951 off 0.4268099922590143 __DUMMY__ 0.06740757414819055	false	1.0
verschleppen	neg 1.0		neg 0.5030725443189369 off 0.4285066599504783 __DUMMY__ 0.06842079573058488	false	1.0
weib	off 1.0		neg 0.4870095082250616 off 0.4454492148856845 __DUMMY__ 0.06754127688925403	false	0.5
opposition	neg 1.0		neg 0.4992828169757919 off 0.4326795870538391 __DUMMY__ 0.06803759597036889	false	1.0
verkehrswidrig	neg 1.0	neg 1.0	neg 0.7284862269960775 off 0.23851737440662593 __DUMMY__ 0.03299639859729656	false	1.0
inkorrekt	neg 1.0		neg 0.4958368535941754 off 0.43674509485160845 __DUMMY__ 0.06741805155421605	false	1.0
vermeiden	neg 1.0		neg 0.5081405049494879 off 0.42283378077189854 __DUMMY__ 0.06902571427861366	false	1.0
abweichung	neg 1.0		neg 0.5040218587589693 off 0.42748347377514256 __DUMMY__ 0.06849466746588805	false	1.0
alkoholisiert	neg 1.0		neg 0.4989527675435062 off 0.4316056156525408 __DUMMY__ 0.06944161680395301	false	1.0
scheiss	off 1.0	off 1.0	off 0.7046556369346164 neg 0.26271940367039825 __DUMMY__ 0.0326249593949853	false	1.0
herausforderung	neg 1.0	neg 1.0	neg 0.7361522983193152 off 0.23053530808753048 __DUMMY__ 0.03331239359315441	false	1.0
pervers	off 1.0		neg 0.4836715057543711 off 0.4489306323765381 __DUMMY__ 0.06739786186909073	false	0.5
wackelig	neg 1.0		neg 0.49806778900767573 off 0.4328447250815355 __DUMMY__ 0.06908748591078885	false	1.0
verwickeln	neg 1.0		neg 0.49858904515485747 off 0.4334198232331504 __DUMMY__ 0.06799113161199215	false	1.0
vorwand	neg 1.0		neg 0.5060596129441964 off 0.4253806122960567 __DUMMY__ 0.06855977475974695	false	1.0
muschi	off 1.0		neg 0.5011860091701003 off 0.43036821150798665 __DUMMY__ 0.06844577932191319	false	0.5
entmutigung	neg 1.0		neg 0.5010249711933286 off 0.43111535358232284 __DUMMY__ 0.06785967522434856	false	1.0
unangemessen	neg 1.0		neg 0.503131478649909 off 0.4286486682822464 __DUMMY__ 0.06821985306784463	false	1.0
unstetig	neg 1.0		neg 0.49647272451966556 off 0.4349086197709468 __DUMMY__ 0.06861865570938773	false	1.0
entmutigen	neg 1.0		neg 0.4980475562013242 off 0.43364248446455905 __DUMMY__ 0.06830995933411683	false	1.0
schwanz	neg 1.0		neg 0.5036407936810069 off 0.4276630846133639 __DUMMY__ 0.06869612170562935	false	1.0
verbot	neg 1.0		neg 0.5048702095410187 off 0.426996678925788 __DUMMY__ 0.06813311153319337	false	1.0
leid	neg 1.0		neg 0.48798143130703187 off 0.44415081021693525 __DUMMY__ 0.06786775847603305	false	1.0
archaisch	neg 1.0		neg 0.5021584989345549 off 0.42944760869768256 __DUMMY__ 0.06839389236776243	false	1.0
gegen			neg 0.5047323333875396 off 0.42635873086240833 __DUMMY__ 0.0689089357500521	false	0.0
scheidung	neg 1.0		neg 0.4790236778923977 off 0.4535438208374583 __DUMMY__ 0.067432501270144	false	1.0
einschlag	neg 1.0	neg 1.0	neg 0.7313627044111194 off 0.23603562008405635 __DUMMY__ 0.03260167550482419	false	1.0
m			neg 0.5001499490439005 off 0.43110768365321395 __DUMMY__ 0.06874236730288548	false	0.0
abgestanden	neg 1.0		neg 0.4965067329930142 off 0.43484377204205954 __DUMMY__ 0.06864949496492623	false	1.0
schmierig	off 1.0		neg 0.48831869146235424 off 0.4437578276445779 __DUMMY__ 0.06792348089306785	false	0.5
unpraktisch	neg 1.0		neg 0.4952805758014976 off 0.43593690478107583 __DUMMY__ 0.06878251941742652	false	1.0
wixxer	off 1.0		neg 0.4844672063951744 off 0.44821341002064746 __DUMMY__ 0.06731938358417815	false	0.5
bezeichnet			neg 0.5010854035697642 off 0.4306859923795984 __DUMMY__ 0.06822860405063735	false	0.0
jammerlappen	off 1.0		neg 0.49476949916576446 off 0.4371792662598386 __DUMMY__ 0.06805123457439692	false	0.5
farce	neg 1.0		neg 0.5045940246671059 off 0.42740043089497615 __DUMMY__ 0.06800554443791795	false	1.0
zwecklos	neg 1.0		neg 0.5030114210974418 off 0.4287384864478793 __DUMMY__ 0.06825009245467872	false	1.0
turbulent	neg 1.0		neg 0.4950681740562106 off 0.4370368939161978 __DUMMY__ 0.06789493202759168	false	1.0
invasion	neg 1.0		neg 0.4957347725715342 off 0.43582855982233054 __DUMMY__ 0.0684366676061353	false	1.0
schuld	neg 1.0		neg 0.4989811552077872 off 0.4327548762617377 __DUMMY__ 0.06826396853047514	false	1.0
risiko	neg 1.0		neg 0.49793944738719087 off 0.43350316066196476 __DUMMY__ 0.06855739195084436	false	1.0
finster	neg 1.0		neg 0.49690486211475 off 0.4345605345591425 __DUMMY__ 0.0685346033261074	false	1.0
geisteskrank	off 1.0		neg 0.4946835761310127 off 0.437605295342369 __DUMMY__ 0.06771112852661834	false	0.5
zusammenbrechen	neg 1.0		neg 0.500018702385809 off 0.4313852378279523 __DUMMY__ 0.06859605978623878	false	1.0
ausbeute	neg 1.0		neg 0.5003860387603181 off 0.43043837520784334 __DUMMY__ 0.06917558603183863	false	1.0
hinterhalt	neg 1.0		neg 0.4991898000667917 off 0.43200120374903017 __DUMMY__ 0.06880899618417807	false	1.0
kritik	neg 1.0		neg 0.5045022989392376 off 0.42744077247037054 __DUMMY__ 0.0680569285903918	false	1.0
einschrumpfen	neg 1.0		neg 0.4988885839166004 off 0.43328669636054584 __DUMMY__ 0.0678247197228538	false	1.0
riskant	neg 1.0		neg 0.5041898475060813 off 0.42738847483673553 __DUMMY__ 0.06842167765718327	false	1.0
frustrieren	neg 1.0		neg 0.5033402369166413 off 0.4281499723610107 __DUMMY__ 0.06850979072234803	false	1.0
groll	neg 1.0		neg 0.5023555143477582 off 0.42923042049671667 __DUMMY__ 0.06841406515552516	false	1.0
gibt			neg 0.5011007195546012 off 0.4303961504019843 __DUMMY__ 0.06850313004341448	false	0.0
qualvoll	neg 1.0		neg 0.4945577853777788 off 0.43703213794730056 __DUMMY__ 0.06841007667492066	false	1.0
wackeln	neg 1.0	neg 1.0	neg 0.7345647206785479 off 0.23250133098791786 __DUMMY__ 0.03293394833353417	false	1.0
klagen	neg 1.0		neg 0.5068719300482011 off 0.42442330081360136 __DUMMY__ 0.0687047691381976	false	1.0
bankrott	neg 1.0		neg 0.4945877051779898 off 0.4371214960215679 __DUMMY__ 0.0682907988004424	false	1.0
trauern	neg 1.0		neg 0.5018643550511275 off 0.42936359637776456 __DUMMY__ 0.06877204857110812	false	1.0
ablehnung	neg 1.0		neg 0.5042469810975382 off 0.4276659772721761 __DUMMY__ 0.06808704163028584	false	1.0
stur	neg 1.0		neg 0.4986999493312645 off 0.4331209216619212 __DUMMY__ 0.0681791290068144	false	1.0
aufruhr	neg 1.0		neg 0.500379768982383 off 0.4311676245037614 __DUMMY__ 0.06845260651385558	false	1.0
melancholie	neg 1.0		neg 0.5000977164355065 off 0.43112187842449007 __DUMMY__ 0.06878040514000346	false	1.0
ist			neg 0.49691749965805093 off 0.43469812507132455 __DUMMY__ 0.06838437527062448	false	0.0
torheit	neg 1.0		neg 0.5014759383888643 off 0.4306004838626867 __DUMMY__ 0.06792357774844907	false	1.0
dreckskind	off 1.0		neg 0.4889333984061457 off 0.4435019082781195 __DUMMY__ 0.06756469331573477	false	0.5
umtauschen	neg 1.0		neg 0.49816777468962176 off 0.43319454335103946 __DUMMY__ 0.06863768195933866	false	1.0
zum			neg 0.5031815254479179 off 0.42707226351695093 __DUMMY__ 0.06974621103513115	false	0.0
zersetzen	neg 1.0		neg 0.5069437210884649 off 0.4247733844206299 __DUMMY__ 0.06828289449090526	false	1.0
zur			neg 0.5073506284498203 off 0.42338972425887994 __DUMMY__ 0.06925964729129984	false	0.0
frust	neg 1.0		neg 0.5001333364561023 off 0.4312528259899589 __DUMMY__ 0.0686138375539388	false	1.0
unerbittlichkeit	neg 1.0		neg 0.5060867137984457 off 0.42552537370233334 __DUMMY__ 0.06838791249922085	false	1.0
zwei			neg 0.5020605836220734 off 0.42846253067193707 __DUMMY__ 0.06947688570598949	false	0.0
unkorrekt	neg 1.0		neg 0.49491608672757176 off 0.4376502248325392 __DUMMY__ 0.06743368843988902	false	1.0
hexe	off 1.0		neg 0.4933785366793917 off 0.43851881024424494 __DUMMY__ 0.06810265307636332	false	0.5
lasch	neg 1.0		neg 0.49772567335667595 off 0.434416696878528 __DUMMY__ 0.06785762976479603	false	1.0
rivale	neg 1.0		neg 0.4910459294312583 off 0.44089819599748087 __DUMMY__ 0.06805587457126096	false	1.0
mutlos	off 1.0	off 1.0	off 0.697279024812998 neg 0.27015101539163744 __DUMMY__ 0.03256995979536457	false	1.0
wirr	off 1.0		neg 0.49399780038757324 off 0.4384956009292034 __DUMMY__ 0.06750659868322335	false	0.5
jahr			neg 0.5004534181869189 off 0.4301957294080835 __DUMMY__ 0.06935085240499757	false	0.0
wird			neg 0.5016952754894158 off 0.42962253511607196 __DUMMY__ 0.06868218939451219	false	0.0
strafbar	neg 1.0		neg 0.5048144217157202 off 0.4268753912882547 __DUMMY__ 0.06831018699602513	false	1.0
erosion	neg 1.0		neg 0.4973949620693252 off 0.4340314047813662 __DUMMY__ 0.06857363314930866	false	1.0
eingehen	neg 1.0		neg 0.5041176959612272 off 0.427655260318092 __DUMMY__ 0.06822704372068093	false	1.0
faul	off 1.0		neg 0.49325962220600716 off 0.43832264046953295 __DUMMY__ 0.06841773732445995	false	0.5
provisorium	neg 1.0		neg 0.5091898692590713 off 0.4214279839102534 __DUMMY__ 0.0693821468306754	false	1.0
schmerzen	neg 1.0		neg 0.4985048985919244 off 0.4329810512923725 __DUMMY__ 0.06851405011570313	false	1.0
schrumpfen	neg 1.0		neg 0.5102328019560082 off 0.4210313249863921 __DUMMY__ 0.0687358730575998	false	1.0
geistlos	off 1.0		neg 0.5020081463369079 off 0.4305407017826663 __DUMMY__ 0.06745115188042583	false	0.5
fehlkauf	neg 1.0		neg 0.498383264951181 off 0.43343741706586897 __DUMMY__ 0.06817931798295009	false	1.0
frustrierend	neg 1.0		neg 0.49357761066519446 off 0.43798922818040587 __DUMMY__ 0.06843316115439955	false	1.0
unzufrieden	neg 1.0		neg 0.5027673433720052 off 0.4289179159447521 __DUMMY__ 0.06831474068324261	false	1.0
verzweifeln	neg 1.0		neg 0.4994503624308723 off 0.4320717526194971 __DUMMY__ 0.06847788494963056	false	1.0
verzweifelt	neg 1.0		neg 0.4981492079414336 off 0.4336060697193071 __DUMMY__ 0.0682447223392594	false	1.0
misstrauensantrag	neg 1.0		neg 0.49767271784866324 off 0.43417485912633447 __DUMMY__ 0.0681524230250024	false	1.0
abfallen	neg 1.0		neg 0.495324651824095 off 0.4359513108579461 __DUMMY__ 0.06872403731795881	false	1.0
fucker	off 1.0		neg 0.4931037471207466 off 0.4390258658940857 __DUMMY__ 0.06787038698516758	false	0.5
ungezogen	neg 1.0		neg 0.4842619875145625 off 0.4480852981814616 __DUMMY__ 0.06765271430397589	false	1.0
irrsinnig	neg 1.0	neg 1.0	neg 0.7363289445350517 off 0.2310699415221745 __DUMMY__ 0.03260111394277374	false	1.0
unfassbar	neg 1.0		neg 0.4938142459415992 off 0.4381479654236069 __DUMMY__ 0.06803778863479386	false	1.0
hart	neg 1.0		neg 0.49548017299385244 off 0.436295303086682 __DUMMY__ 0.06822452391946549	false	1.0
widerlich	off 1.0		neg 0.49462997496879524 off 0.4376429767155732 __DUMMY__ 0.06772704831563149	false	0.5
fatal	neg 1.0		neg 0.4976774405457418 off 0.4340928386853671 __DUMMY__ 0.06822972076889126	false	1.0
bruch	neg 1.0		neg 0.5072655931746692 off 0.4241329253110606 __DUMMY__ 0.06860148151427027	false	1.0
aushungern	neg 1.0		neg 0.503694399174872 off 0.4283102148725545 __DUMMY__ 0.06799538595257365	false	1.0
anspannung	neg 1.0	neg 1.0	neg 0.7389403030288132 off 0.22769851848242245 __DUMMY__ 0.03336117848876431	false	1.0
von			neg 0.5016259389194928 off 0.42906060953635156 __DUMMY__ 0.06931345154415555	false	0.0
kraftlos	neg 1.0		neg 0.49913329765591014 off 0.4320102234955864 __DUMMY__ 0.06885647884850347	false	1.0
vom			neg 0.5058274523826264 off 0.4244135588722765 __DUMMY__ 0.06975898874509713	false	0.0
grenzdebil	off 1.0		neg 0.4923545022832423 off 0.4395930109006386 __DUMMY__ 0.0680524868161191	false	0.5
vor			neg 0.503847103273978 off 0.42726194909510246 __DUMMY__ 0.06889094763091977	false	0.0
unterwerfen	neg 1.0		neg 0.5041652818828818 off 0.427393175943546 __DUMMY__ 0.06844154217357222	false	1.0
versenkung	neg 1.0		neg 0.5039032928095344 off 0.4275571781967276 __DUMMY__ 0.068539528993738	false	1.0
entziehen	neg 1.0		neg 0.5064051436970846 off 0.4249458975081962 __DUMMY__ 0.06864895879471937	false	1.0
finanzkrise	neg 1.0		neg 0.503431394180745 off 0.4285826656871768 __DUMMY__ 0.06798594013207829	false	1.0
schimpfend	neg 1.0		neg 0.49528467750776906 off 0.4359437598411805 __DUMMY__ 0.06877156265105046	false	1.0
profan	neg 1.0		neg 0.49607932116282344 off 0.43565024845310174 __DUMMY__ 0.06827043038407482	false	1.0
korruption	neg 1.0	neg 1.0	neg 0.7397172822392221 off 0.22774408985878725 __DUMMY__ 0.03253862790199069	false	1.0
â			neg 0.5019900845696496 off 0.42933146456074495 __DUMMY__ 0.06867845086960546	false	0.0
schmutzig	neg 1.0		neg 0.4924250014355455 off 0.43941459211211 __DUMMY__ 0.06816040645234442	false	1.0
sexy	neg 1.0		neg 0.4955970948212302 off 0.4361697471755152 __DUMMY__ 0.06823315800325454	false	1.0
abraten	neg 1.0		neg 0.4968274701697561 off 0.43481161637371285 __DUMMY__ 0.06836091345653113	false	1.0
schwarz	neg 1.0		neg 0.49861860502458194 off 0.4331764100545965 __DUMMY__ 0.06820498492082162	false	1.0
fotze	off 1.0		neg 0.5036531028032023 off 0.427845182997759 __DUMMY__ 0.06850171419903874	false	0.5
verwirren	neg 1.0		neg 0.49575436133854506 off 0.4359643599717077 __DUMMY__ 0.06828127868974732	false	1.0
zahnlos	off 1.0		neg 0.5029738101031545 off 0.428748044258123 __DUMMY__ 0.06827814563872245	false	0.5
verheeren	neg 1.0		neg 0.48304241062517317 off 0.4492799759932973 __DUMMY__ 0.06767761338152944	false	1.0
hippie	neg 1.0		neg 0.4965980346011997 off 0.4352164523956642 __DUMMY__ 0.06818551300313608	false	1.0
rammen	neg 1.0		neg 0.49839206029092503 off 0.4332700083644874 __DUMMY__ 0.06833793134458761	false	1.0
unlauter	neg 1.0		neg 0.5028099501653235 off 0.42944552908858774 __DUMMY__ 0.06774452074608867	false	1.0
unheilvoll	neg 1.0		neg 0.4944558869965743 off 0.4369064368250032 __DUMMY__ 0.0686376761784226	false	1.0
niedrig	neg 1.0		neg 0.5035501432029307 off 0.4277600833237004 __DUMMY__ 0.06868977347336878	false	1.0
explosion	neg 1.0		neg 0.4974721301247462 off 0.4343734345198885 __DUMMY__ 0.06815443535536525	false	1.0
weichei	off 1.0		neg 0.48819113562872096 off 0.44415408880716584 __DUMMY__ 0.06765477556411328	false	0.5
minusmensch	off 1.0		neg 0.48800235469579173 off 0.44503313621659374 __DUMMY__ 0.06696450908761443	false	0.5
farblos	neg 1.0		neg 0.4965318105435608 off 0.43443289385415806 __DUMMY__ 0.06903529560228104	false	1.0
unwissend	neg 1.0	neg 1.0	neg 0.7340849935612737 off 0.23344937223308987 __DUMMY__ 0.032465634205636466	false	1.0
traurig	neg 1.0		neg 0.4898470587461063 off 0.44211619676599007 __DUMMY__ 0.06803674448790367	false	1.0
senkung	neg 1.0		neg 0.4985230047116133 off 0.4335544794573782 __DUMMY__ 0.06792251583100846	false	1.0
ungleich	neg 1.0	neg 1.0	neg 0.7402748508675195 off 0.22713351806540721 __DUMMY__ 0.03259163106707316	false	1.0
heikel	neg 1.0		neg 0.5056892764274843 off 0.4258815382427873 __DUMMY__ 0.06842918532972841	false	1.0
drosselung	neg 1.0		neg 0.49240488362161206 off 0.43944846705022117 __DUMMY__ 0.06814664932816664	false	1.0
falsch	neg 1.0		neg 0.4946319526073042 off 0.43715188110433423 __DUMMY__ 0.06821616628836169	false	1.0
unzufriedenheit	neg 1.0		neg 0.5064311795067273 off 0.42511930776962203 __DUMMY__ 0.0684495127236506	false	1.0
kurz	neg 1.0		neg 0.4981350107542105 off 0.4329657064836306 __DUMMY__ 0.06889928276215898	false	1.0
unsinnig	neg 1.0		neg 0.5032798043194312 off 0.4285982551457091 __DUMMY__ 0.06812194053485976	false	1.0
penner	off 1.0	off 1.0	off 0.7083301492807911 neg 0.2593984319234371 __DUMMY__ 0.03227141879577187	false	1.0
seicht	neg 1.0		neg 0.4874154939561659 off 0.4453780131760405 __DUMMY__ 0.06720649286779354	false	1.0
dummheit	off 1.0	off 1.0	off 0.701530276472349 neg 0.26600506772879384 __DUMMY__ 0.032464655798857066	false	1.0
unerfreulich	neg 1.0		neg 0.5050689804908107 off 0.42621552103635824 __DUMMY__ 0.06871549847283107	false	1.0
motherfucker	off 1.0	off 1.0	off 0.7040880080401136 neg 0.26354457496440276 __DUMMY__ 0.03236741699548367	false	1.0
pikiert	neg 1.0		neg 0.49610872283497576 off 0.4361648109328268 __DUMMY__ 0.06772646623219751	false	1.0
wrack	neg 1.0		neg 0.5003816741088937 off 0.430565815687597 __DUMMY__ 0.06905251020350925	false	1.0
gangster	neg 1.0		neg 0.4964006036232377 off 0.4353100019042149 __DUMMY__ 0.06828939447254732	false	1.0
krank	neg 1.0		neg 0.4907880230500786 off 0.44097074066957254 __DUMMY__ 0.06824123628034873	false	1.0
reich	neg 1.0		neg 0.4966251986568806 off 0.43548286471838843 __DUMMY__ 0.06789193662473088	false	1.0
gnadenlos	neg 1.0		neg 0.4984359039116207 off 0.4332179822231377 __DUMMY__ 0.06834611386524174	false	1.0
niedergeschlagen	neg 1.0		neg 0.4991261708909861 off 0.4321761259489791 __DUMMY__ 0.06869770316003494	false	1.0
terrorisieren	off 1.0	off 1.0	off 0.6985283003347024 neg 0.2687213131897578 __DUMMY__ 0.032750386475539815	false	1.0
sinnlosigkeit	neg 1.0		neg 0.5024826001027446 off 0.42919100670048943 __DUMMY__ 0.06832639319676599	false	1.0
behindern	neg 1.0		neg 0.5009630881485043 off 0.4307327321150696 __DUMMY__ 0.06830417973642619	false	1.0
undemokratisch	neg 1.0		neg 0.5015368954933881 off 0.43055759123975385 __DUMMY__ 0.06790551326685802	false	1.0
wirtschaftskrise	neg 1.0		neg 0.5048768723314936 off 0.4268824086828896 __DUMMY__ 0.0682407189856167	false	1.0
neid	neg 1.0		neg 0.49201146651756705 off 0.4394890083320158 __DUMMY__ 0.06849952515041703	false	1.0
rutschen	neg 1.0	neg 1.0	neg 0.7376181785795974 off 0.2290312711946291 __DUMMY__ 0.03335055022577354	false	1.0
rezession	neg 1.0		neg 0.49229919599697924 off 0.44019525952715044 __DUMMY__ 0.06750554447587029	false	1.0
fehlgeburt	neg 1.0		neg 0.49523008343885405 off 0.4361892234525673 __DUMMY__ 0.0685806931085787	false	1.0
charakterschwach	off 1.0		neg 0.493745067303532 off 0.4383156992014657 __DUMMY__ 0.06793923349500239	false	0.5
isolation	neg 1.0		neg 0.4936674615226277 off 0.4379116256132711 __DUMMY__ 0.06842091286410136	false	1.0
ablenkung	neg 1.0		neg 0.49829110252343617 off 0.4332294468175916 __DUMMY__ 0.06847945065897236	false	1.0
pech	neg 1.0		neg 0.4937730104396805 off 0.4378309683812254 __DUMMY__ 0.06839602117909398	false	1.0
vermeidung	neg 1.0		neg 0.4938684616901876 off 0.43826909202364556 __DUMMY__ 0.06786244628616685	false	1.0
dominieren	neg 1.0		neg 0.5006917256162972 off 0.4304129137795174 __DUMMY__ 0.06889536060418545	false	1.0
schwindlig	neg 1.0		neg 0.4931924841208618 off 0.43802717969876437 __DUMMY__ 0.06878033618037391	false	1.0
lutscher	neg 1.0		neg 0.48567779443624587 off 0.4470003295813625 __DUMMY__ 0.06732187598239162	false	1.0
pflicht	neg 1.0		neg 0.5056016642363385 off 0.4259151704577103 __DUMMY__ 0.0684831653059511	false	1.0
faschist	off 1.0		neg 0.4997065987569405 off 0.4325570155957856 __DUMMY__ 0.06773638564727391	false	0.5
verschleudern	neg 1.0		neg 0.5080052316254153 off 0.42408183455503956 __DUMMY__ 0.06791293381954498	false	1.0
wenn			neg 0.4944389278764748 off 0.4373597466831839 __DUMMY__ 0.06820132544034133	false	0.0
ehebruch	neg 1.0		neg 0.5045693452594869 off 0.42716203609554976 __DUMMY__ 0.06826861864496317	false	1.0
spott	off 1.0		neg 0.5055872781885618 off 0.4261902644415436 __DUMMY__ 0.06822245736989467	false	0.5
trostlosigkeit	neg 1.0		neg 0.5061659887895339 off 0.42520219794095687 __DUMMY__ 0.06863181326950943	false	1.0
lutschen	neg 1.0		neg 0.4978900415957277 off 0.43403319266642254 __DUMMY__ 0.06807676573784971	false	1.0
undiszipliniert	neg 1.0		neg 0.49087582437659194 off 0.44106778486889514 __DUMMY__ 0.06805639075451285	false	1.0
kopfschmerz	neg 1.0		neg 0.49876460806475104 off 0.43247893928350245 __DUMMY__ 0.06875645265174644	false	1.0
unvorhergesehen	neg 1.0		neg 0.4988505613262056 off 0.43192787706265573 __DUMMY__ 0.06922156161113875	false	1.0
desinteressiert	neg 1.0		neg 0.4923751468616164 off 0.4397644135135045 __DUMMY__ 0.06786043962487923	false	1.0
armselig	off 1.0		neg 0.49341216744817273 off 0.43907852295734184 __DUMMY__ 0.06750930959448538	false	0.5
desaster	neg 1.0		neg 0.5081894057977274 off 0.4232349603417126 __DUMMY__ 0.0685756338605599	false	1.0
tod	neg 1.0		neg 0.5008281818104674 off 0.4303407990952657 __DUMMY__ 0.06883101909426691	false	1.0
herzlos	neg 1.0		neg 0.4910432050713646 off 0.4411962855627917 __DUMMY__ 0.06776050936584375	false	1.0
unwissenheit	neg 1.0		neg 0.5047963278530926 off 0.42717636711249907 __DUMMY__ 0.06802730503440835	false	1.0
widersinnig	neg 1.0	neg 1.0	neg 0.7396917732408561 off 0.22788110263522127 __DUMMY__ 0.0324271241239226	false	1.0
bedenklich	neg 1.0		neg 0.5045294508800157 off 0.42715705319375236 __DUMMY__ 0.06831349592623219	false	1.0
beanstanden	neg 1.0		neg 0.5053494605406784 off 0.4260060425493455 __DUMMY__ 0.06864449690997607	false	1.0
panisch	neg 1.0	neg 1.0	neg 0.7326853418633286 off 0.23433191610054993 __DUMMY__ 0.03298274203612146	false	1.0
debil	off 1.0		neg 0.5095321235207563 off 0.42146205270216713 __DUMMY__ 0.06900582377707654	false	0.5
abstrich	neg 1.0		neg 0.5028070942593055 off 0.42875489038781633 __DUMMY__ 0.06843801535287813	false	1.0
primitiv	neg 1.0		neg 0.49396439140536563 off 0.4382921849247568 __DUMMY__ 0.06774342366987747	false	1.0
abschaum	off 1.0	off 1.0	off 0.702813833592498 neg 0.2647686666173869 __DUMMY__ 0.03241749979011508	false	1.0
provozieren	neg 1.0		neg 0.49977135954677493 off 0.43205219641080506 __DUMMY__ 0.06817644404242007	false	1.0
tot	neg 1.0		neg 0.502833034281829 off 0.4285513440520723 __DUMMY__ 0.06861562166609853	false	1.0
instabil	neg 1.0		neg 0.49494562754089466 off 0.43743832329020566 __DUMMY__ 0.0676160491688996	false	1.0
schwuchtel	off 1.0		neg 0.48164202093833397 off 0.4513407344772811 __DUMMY__ 0.06701724458438488	false	0.5
zerren	neg 1.0		neg 0.49879965177512026 off 0.4324657836906553 __DUMMY__ 0.06873456453422444	false	1.0
kinderficker	off 1.0		neg 0.4914221894212887 off 0.44126541348827153 __DUMMY__ 0.06731239709043985	false	0.5
gefahr	neg 1.0		neg 0.5048074098663747 off 0.4265213632884899 __DUMMY__ 0.0686712268451353	false	1.0
rabiat	neg 1.0		neg 0.5006006005519077 off 0.4312158309454 __DUMMY__ 0.06818356850269237	false	1.0
verlangsamung	neg 1.0		neg 0.4885477136408 off 0.4440574929265707 __DUMMY__ 0.06739479343262926	false	1.0
ausgestorben	neg 1.0		neg 0.4988803351511453 off 0.4325397977074984 __DUMMY__ 0.06857986714135635	false	1.0
anklagen	neg 1.0		neg 0.502503986692841 off 0.4292181765359587 __DUMMY__ 0.06827783677120018	false	1.0
trott	neg 1.0		neg 0.4990224379271595 off 0.432413167421734 __DUMMY__ 0.06856439465110643	false	1.0
verminderung	neg 1.0		neg 0.49301869803518 off 0.4391520494887948 __DUMMY__ 0.06782925247602531	false	1.0
nach			neg 0.5026510898537645 off 0.4276007510927151 __DUMMY__ 0.06974815905352034	false	0.0
rost	neg 1.0		neg 0.4898041354108104 off 0.4427360857784824 __DUMMY__ 0.06745977881070733	false	1.0
destruktiv	neg 1.0		neg 0.5028344978061459 off 0.42922325893229907 __DUMMY__ 0.06794224326155517	false	1.0
unzumutbarkeit	neg 1.0		neg 0.4926818810800916 off 0.4389180496958419 __DUMMY__ 0.06840006922406659	false	1.0
labil	off 1.0	off 1.0	off 0.7030737756613286 neg 0.26444942672619415 __DUMMY__ 0.03247679761247729	false	1.0
ziemlich	neg 1.0		neg 0.4917030675713221 off 0.4400242751645832 __DUMMY__ 0.06827265726409472	false	1.0
lachnummer	off 1.0		neg 0.5007202136959378 off 0.43105264621677536 __DUMMY__ 0.06822714008728688	false	0.5
oder			neg 0.4967512102541567 off 0.434540558709555 __DUMMY__ 0.06870823103628843	false	0.0
verfall	neg 1.0		neg 0.5102881699038476 off 0.42098534706637863 __DUMMY__ 0.06872648302977383	false	1.0
ausgrenzung	neg 1.0		neg 0.5011565226085296 off 0.4310270941833899 __DUMMY__ 0.06781638320808038	false	1.0
unordnung	neg 1.0		neg 0.4916493271715214 off 0.4399610792329145 __DUMMY__ 0.06838959359556412	false	1.0
fehlverhalten	neg 1.0		neg 0.5057500011352288 off 0.42585062451692934 __DUMMY__ 0.0683993743478418	false	1.0
eine			neg 0.5044745467450612 off 0.42681103498315687 __DUMMY__ 0.068714418271782	false	0.0
nille	neg 1.0		neg 0.5004329871647507 off 0.4310920910027054 __DUMMY__ 0.06847492183254388	false	1.0
qual	neg 1.0		neg 0.4997198426746195 off 0.43177978071383444 __DUMMY__ 0.06850037661154605	false	1.0
verschwenden	neg 1.0		neg 0.5033567688330259 off 0.42825630859591163 __DUMMY__ 0.06838692257106253	false	1.0
riesig	neg 1.0	neg 1.0	neg 0.7373053189938961 off 0.22973514330129904 __DUMMY__ 0.032959537704804844	false	1.0
verurteilen	neg 1.0		neg 0.5038311476771572 off 0.42798792237953703 __DUMMY__ 0.0681809299433058	false	1.0
klischee	neg 1.0	neg 1.0	neg 0.7355703108301284 off 0.23200338171698814 __DUMMY__ 0.032426307452883586	false	1.0
diktatorisch	neg 1.0		neg 0.5024733952314885 off 0.42987257924520117 __DUMMY__ 0.06765402552331036	false	1.0
vorhersehbar	neg 1.0	neg 1.0	neg 0.7355394682177115 off 0.231950641696013 __DUMMY__ 0.032509890086275486	false	1.0
sowie			neg 0.4895803249016086 off 0.4428245782519932 __DUMMY__ 0.06759509684639826	false	0.0
stornieren	neg 1.0		neg 0.4937775779770328 off 0.4371401544349741 __DUMMY__ 0.06908226758799318	false	1.0
besteuerung	neg 1.0		neg 0.5013792340080496 off 0.43069035377227116 __DUMMY__ 0.06793041221967931	false	1.0
ungeschminkt	neg 1.0		neg 0.493427101441444 off 0.4386272832943975 __DUMMY__ 0.06794561526415842	false	1.0
kritisch	neg 1.0		neg 0.5044839319218696 off 0.42715004064382117 __DUMMY__ 0.06836602743430925	false	1.0
schlamperei	off 1.0		neg 0.5058837569782318 off 0.4257476363460159 __DUMMY__ 0.06836860667575231	false	0.5
sucht	neg 1.0	neg 1.0	neg 0.7357131896765599 off 0.23144723068538833 __DUMMY__ 0.03283957963805187	false	1.0
egoistisch	off 1.0		neg 0.48811169937628085 off 0.4441857160032829 __DUMMY__ 0.0677025846204362	false	0.5
ausbeuter	off 1.0		neg 0.5071941542584587 off 0.4246020032825609 __DUMMY__ 0.06820384245898026	false	0.5
arschgeburt	off 1.0		neg 0.4823176193629018 off 0.45078795806805166 __DUMMY__ 0.06689442256904653	false	0.5
schubs	neg 1.0	neg 1.0	neg 0.736186114189604 off 0.23081953357051335 __DUMMY__ 0.03299435223988262	false	1.0
unsolide	neg 1.0		neg 0.5037923121080599 off 0.4288804548117922 __DUMMY__ 0.06732723308014799	false	1.0
beschwerde	neg 1.0		neg 0.505501306701725 off 0.42611827024847015 __DUMMY__ 0.06838042304980482	false	1.0
stocken	neg 1.0		neg 0.5039814931055558 off 0.42752317407387824 __DUMMY__ 0.06849533282056582	false	1.0
isolieren	neg 1.0		neg 0.5038902417800288 off 0.42783697179902813 __DUMMY__ 0.06827278642094314	false	1.0
unheilbar	neg 1.0		neg 0.498612058259014 off 0.4329776562908757 __DUMMY__ 0.0684102854501103	false	1.0
pisser	off 1.0		neg 0.49178486179193687 off 0.4402044037717739 __DUMMY__ 0.06801073443628927	false	0.5
löschen	neg 1.0		neg 0.4995399049136176 off 0.4320658709524754 __DUMMY__ 0.06839422413390683	false	1.0
durchfallen	neg 1.0		neg 0.503609346448284 off 0.42817752461382946 __DUMMY__ 0.06821312893788663	false	1.0
wichser	off 1.0		neg 0.48336177927645063 off 0.4492049780866058 __DUMMY__ 0.06743324263694367	false	0.5
terror	neg 1.0		neg 0.4945823073972285 off 0.4368784718594271 __DUMMY__ 0.06853922074334447	false	1.0
krass	neg 1.0		neg 0.4896071876704505 off 0.4425342135458598 __DUMMY__ 0.06785859878368967	false	1.0
revolte	neg 1.0		neg 0.4998437408289423 off 0.43227194920680195 __DUMMY__ 0.06788430996425582	false	1.0
besorgt	neg 1.0		neg 0.49918643934984525 off 0.4319632406779725 __DUMMY__ 0.06885031997218227	false	1.0
nachlassen	neg 1.0		neg 0.5043517151510571 off 0.4271470942894408 __DUMMY__ 0.06850119055950205	false	1.0
alt	neg 1.0		neg 0.5022148227036448 off 0.42919904919080515 __DUMMY__ 0.06858612810555009	false	1.0
hundesohn	off 1.0		neg 0.4868119446049026 off 0.4459283382827722 __DUMMY__ 0.06725971711232527	false	0.5
als			neg 0.49932991107805375 off 0.43189390799579364 __DUMMY__ 0.06877618092615252	false	0.0
abschreckung	neg 1.0		neg 0.5067908227639516 off 0.4246646423216705 __DUMMY__ 0.0685445349143778	false	1.0
unqualifiziert	neg 1.0		neg 0.49926300144701996 off 0.43304351261063406 __DUMMY__ 0.06769348594234603	false	1.0
abgewichst	off 1.0		neg 0.5008662184173028 off 0.4306002689586605 __DUMMY__ 0.06853351262403676	false	0.5
schwer	neg 1.0		neg 0.49885733799071663 off 0.43266219817152884 __DUMMY__ 0.06848046383775443	false	1.0
bedeutungslosigkeit	neg 1.0		neg 0.5059014482699812 off 0.42561357839716013 __DUMMY__ 0.06848497333285869	false	1.0
kapitulation	neg 1.0		neg 0.5069408079867926 off 0.42502480450778574 __DUMMY__ 0.06803438750542175	false	1.0
unscharf	neg 1.0		neg 0.4961075550139695 off 0.43555741380374996 __DUMMY__ 0.06833503118228051	false	1.0
schwinden	neg 1.0		neg 0.5061160038360143 off 0.42541121685555033 __DUMMY__ 0.06847277930843525	false	1.0
versklavung	neg 1.0		neg 0.5031945368934304 off 0.4291851194221342 __DUMMY__ 0.0676203436844352	false	1.0
schlecht	neg 1.0		neg 0.4915275731555535 off 0.4401867243315105 __DUMMY__ 0.06828570251293607	false	1.0
verhasst	neg 1.0		neg 0.4993670829629578 off 0.4324733779648084 __DUMMY__ 0.06815953907223388	false	1.0
beschweren	neg 1.0		neg 0.49719923363482815 off 0.4344894798520662 __DUMMY__ 0.06831128651310563	false	1.0
scheiden	neg 1.0		neg 0.4939936886277761 off 0.43687974865125795 __DUMMY__ 0.06912656272096594	false	1.0
frustriert	neg 1.0		neg 0.5000330394170068 off 0.4314435141774809 __DUMMY__ 0.06852344640551226	false	1.0
schimmelig	neg 1.0		neg 0.5018050753789524 off 0.42941800643871286 __DUMMY__ 0.06877691818233474	false	1.0
fisch	neg 1.0		neg 0.49983515240775467 off 0.43081731492103315 __DUMMY__ 0.06934753267121216	false	1.0
schmuggel	neg 1.0		neg 0.5028311555539741 off 0.4282046754241024 __DUMMY__ 0.06896416902192354	false	1.0
auffallen	neg 1.0		neg 0.4957436344143831 off 0.43587097500343247 __DUMMY__ 0.06838539058218457	false	1.0
konkurrenz	neg 1.0	neg 1.0	neg 0.739547450424899 off 0.227492079038912 __DUMMY__ 0.03296047053618895	false	1.0
teufelskreis	neg 1.0	neg 1.0	neg 0.7376809402662406 off 0.22971361024212558 __DUMMY__ 0.032605449491633805	false	1.0
aufschreien	neg 1.0		neg 0.49787600924520503 off 0.434035589090318 __DUMMY__ 0.06808840166447709	false	1.0
schuldner	neg 1.0		neg 0.5052262769444475 off 0.4262150831957754 __DUMMY__ 0.06855863985977705	false	1.0
missgeburt	off 1.0	off 1.0	off 0.7066852951991539 neg 0.26100452486420833 __DUMMY__ 0.032310179936637755	false	1.0
arbeitslos	neg 1.0		neg 0.5030494562480036 off 0.42869940097433495 __DUMMY__ 0.06825114277766149	false	1.0
befallen	neg 1.0		neg 0.5043749779404031 off 0.42763995014296186 __DUMMY__ 0.06798507191663507	false	1.0
miesepetrig	off 1.0	off 1.0	off 0.7048909014896667 neg 0.2624794892183783 __DUMMY__ 0.03262960929195493	false	1.0
alarmieren	neg 1.0		neg 0.4967680056119262 off 0.43538093149808926 __DUMMY__ 0.06785106288998445	false	1.0
ungeduscht	off 1.0		neg 0.4936106510887397 off 0.4379414228575198 __DUMMY__ 0.0684479260537405	false	0.5
knappheit	neg 1.0		neg 0.5061213361561686 off 0.4257516036660075 __DUMMY__ 0.06812706017782401	false	1.0
schlange	neg 1.0		neg 0.4939810497798114 off 0.4372006536334784 __DUMMY__ 0.06881829658671036	false	1.0
harsch	neg 1.0		neg 0.48670387537583965 off 0.44508586273002115 __DUMMY__ 0.06821026189413935	false	1.0
lang	neg 1.0		neg 0.49872474049389276 off 0.4328482593165881 __DUMMY__ 0.0684270001895191	false	1.0
ziellos	neg 1.0		neg 0.5000904944300438 off 0.4311140274141353 __DUMMY__ 0.06879547815582086	false	1.0
selbstverliebt	neg 1.0		neg 0.48491104135010504 off 0.4480777399075179 __DUMMY__ 0.06701121874237706	false	1.0
beseitigen	neg 1.0	neg 1.0	neg 0.73593968873879 off 0.23114449271869766 __DUMMY__ 0.03291581854251237	false	1.0
dumm	off 1.0		neg 0.4876636226142395 off 0.4447778098114614 __DUMMY__ 0.06755856757429897	false	0.5
arbeitsloser	neg 1.0		neg 0.5020989084110206 off 0.4293128681266344 __DUMMY__ 0.06858822346234496	false	1.0
blitzen	neg 1.0		neg 0.49616079894799503 off 0.4356219616726589 __DUMMY__ 0.06821723937934614	false	1.0
hilflos	neg 1.0		neg 0.5008851562477028 off 0.43062439662169116 __DUMMY__ 0.06849044713060587	false	1.0
eklig	off 1.0		neg 0.4866399146906606 off 0.4457849371253268 __DUMMY__ 0.0675751481840127	false	0.5
begriff			neg 0.502237638683916 off 0.42956161693525746 __DUMMY__ 0.06820074438082652	false	0.0
hungersnot	neg 1.0		neg 0.5017483216684274 off 0.42983523432170895 __DUMMY__ 0.06841644400986366	false	1.0
ungesetzlich	neg 1.0		neg 0.5032316600856626 off 0.4293751618426534 __DUMMY__ 0.06739317807168393	false	1.0
verschwendung	neg 1.0		neg 0.5044366470204488 off 0.4270719290908517 __DUMMY__ 0.06849142388869943	false	1.0
schmerzvoll	neg 1.0		neg 0.4968677500618295 off 0.4347617280520185 __DUMMY__ 0.06837052188615199	false	1.0
vorzeitig	neg 1.0		neg 0.4944623480642631 off 0.43705974976729883 __DUMMY__ 0.06847790216843815	false	1.0
unvollkommenheit	neg 1.0		neg 0.4992695779796388 off 0.4318140462669375 __DUMMY__ 0.06891637575342377	false	1.0
intervenieren	neg 1.0		neg 0.5067183634838551 off 0.42506896888837387 __DUMMY__ 0.06821266762777116	false	1.0
banause	off 1.0		neg 0.4855794017877653 off 0.4471151994201901 __DUMMY__ 0.0673053987920446	false	0.5
rebell	neg 1.0		neg 0.5068791115039567 off 0.4243233718138453 __DUMMY__ 0.06879751668219798	false	1.0
unlogisch	neg 1.0		neg 0.4905700215635767 off 0.44153812221456984 __DUMMY__ 0.06789185622185348	false	1.0
leiden	neg 1.0		neg 0.4994985846967175 off 0.4311607104175211 __DUMMY__ 0.06934070488576138	false	1.0
abschaffung	neg 1.0		neg 0.5011088316578319 off 0.43086967067691234 __DUMMY__ 0.06802149766525561	false	1.0
sturz	neg 1.0		neg 0.4981050408634146 off 0.4332966035831143 __DUMMY__ 0.06859835555347109	false	1.0
verkleinerung	neg 1.0		neg 0.49926169255599956 off 0.43297437492042656 __DUMMY__ 0.06776393252357384	false	1.0
schmarotzer	off 1.0		neg 0.5041626675669314 off 0.427726604161482 __DUMMY__ 0.06811072827158667	false	0.5
bestrafung	neg 1.0		neg 0.4988533290298709 off 0.43296978036642303 __DUMMY__ 0.0681768906037059	false	1.0
achtlos	neg 1.0		neg 0.49791866809324214 off 0.433443270603697 __DUMMY__ 0.06863806130306095	false	1.0
ungeheuer	neg 1.0		neg 0.49434876346462514 off 0.43716990621491103 __DUMMY__ 0.0684813303204639	false	1.0
unaufrichtig	neg 1.0		neg 0.500410676040483 off 0.4318213856808087 __DUMMY__ 0.06776793827870828	false	1.0
groggy	neg 1.0		neg 0.4975360584170702 off 0.434351374332434 __DUMMY__ 0.06811256725049572	false	1.0
verletzlich	neg 1.0		neg 0.4916378151706273 off 0.44034553339496296 __DUMMY__ 0.06801665143440981	false	1.0
