unsolidarisch	neg 1.0		neg 0.5053638038828274 off 0.42710923813152807 __DUMMY__ 0.06752695798564444	false	1.0
nachteilig	neg 1.0		neg 0.5049871358845486 off 0.42660067991110023 __DUMMY__ 0.06841218420435115	false	1.0
skeptisch	neg 1.0		neg 0.5050191407301027 off 0.42641428160446165 __DUMMY__ 0.06856657766543553	false	1.0
schrecklich	neg 1.0		neg 0.4890203195213963 off 0.4430320162396333 __DUMMY__ 0.06794766423897027	false	1.0
schlapp	neg 1.0		neg 0.492573806451107 off 0.43908536934696385 __DUMMY__ 0.06834082420192915	false	1.0
abfall	neg 1.0		neg 0.5080885048837409 off 0.42325783969841463 __DUMMY__ 0.06865365541784431	false	1.0
widerspenstig	neg 1.0		neg 0.4993655097336957 off 0.4322614418310966 __DUMMY__ 0.06837304843520768	false	1.0
abrupt	neg 1.0		neg 0.5017536546439619 off 0.4292977790464936 __DUMMY__ 0.06894856630954439	false	1.0
unwirksam	neg 1.0		neg 0.5025747240800676 off 0.4295055228413957 __DUMMY__ 0.0679197530785366	false	1.0
angreifen	neg 1.0	neg 1.0	neg 0.7398086797183199 off 0.2274550982449339 __DUMMY__ 0.03273622203674632	false	1.0
inkonsistent	neg 1.0		neg 0.49805695694015384 off 0.4335408513862489 __DUMMY__ 0.06840219167359729	false	1.0
abrutschen	neg 1.0		neg 0.5072423032857142 off 0.4240479945228579 __DUMMY__ 0.06870970219142784	false	1.0
unsicher	neg 1.0		neg 0.4984268878490699 off 0.4330533302664904 __DUMMY__ 0.06851978188443966	false	1.0
bauernkind	off 1.0	off 1.0	off 0.7050942268518092 neg 0.26268028833152773 __DUMMY__ 0.03222548481666296	false	1.0
angreifer	neg 1.0		neg 0.49652343067179444 off 0.43490895147599673 __DUMMY__ 0.06856761785220877	false	1.0
trennen	neg 1.0		neg 0.49995343047261437 off 0.4308753416748193 __DUMMY__ 0.06917122785256645	false	1.0
schmutz	neg 1.0		neg 0.49322975196929714 off 0.43777616513906514 __DUMMY__ 0.06899408289163764	false	1.0
inkonsistenz	neg 1.0		neg 0.49757717559255216 off 0.4346353241143082 __DUMMY__ 0.06778750029313967	false	1.0
erschreckend	neg 1.0		neg 0.5015462049575492 off 0.43016938583752795 __DUMMY__ 0.06828440920492282	false	1.0
ertrinken	neg 1.0		neg 0.5019034775055605 off 0.42936143539806176 __DUMMY__ 0.06873508709637777	false	1.0
pickelface	off 1.0		neg 0.5019763268177331 off 0.42961469193167845 __DUMMY__ 0.06840898125058834	false	0.5
seiner			neg 0.5032669652403701 off 0.42798536516537505 __DUMMY__ 0.06874766959425478	false	0.0
lauch	neg 1.0		neg 0.5083579502653773 off 0.42312551719887975 __DUMMY__ 0.06851653253574291	false	1.0
unwichtig	neg 1.0		neg 0.4951821447444527 off 0.43679955059090203 __DUMMY__ 0.0680183046646454	false	1.0
steuerhinterziehung	neg 1.0		neg 0.5039563311280899 off 0.42797025361472024 __DUMMY__ 0.06807341525718977	false	1.0
schock	neg 1.0		neg 0.49741346200079173 off 0.4337166548744553 __DUMMY__ 0.068869883124753	false	1.0
beule	neg 1.0		neg 0.49183449035350446 off 0.4397777466781074 __DUMMY__ 0.06838776296838814	false	1.0
vergelten	neg 1.0		neg 0.48859825793350026 off 0.4430600909546039 __DUMMY__ 0.06834165111189591	false	1.0
verdorbenheit	neg 1.0		neg 0.49808352717751647 off 0.4332390072949426 __DUMMY__ 0.06867746552754093	false	1.0
trauma	neg 1.0		neg 0.4984608487478102 off 0.4332104384489745 __DUMMY__ 0.06832871280321519	false	1.0
sinnlos	neg 1.0		neg 0.4959226203183709 off 0.43565134121719457 __DUMMY__ 0.06842603846443446	false	1.0
fettsack	off 1.0	off 1.0	off 0.7070201689062428 neg 0.2606222009537302 __DUMMY__ 0.03235763014002709	false	1.0
feige	off 1.0	off 1.0	off 0.7029783582980811 neg 0.26464762007040715 __DUMMY__ 0.032374021631511714	false	1.0
abdanken	neg 1.0		neg 0.5025012202492202 off 0.4293787329056857 __DUMMY__ 0.06812004684509405	false	1.0
wichtigtuer	off 1.0	off 1.0	off 0.7014888529177773 neg 0.266005804265712 __DUMMY__ 0.03250534281651051	false	1.0
misslingen	neg 1.0		neg 0.49465598088417567 off 0.43640981350241315 __DUMMY__ 0.06893420561341117	false	1.0
untreu	off 1.0		neg 0.49427201163285295 off 0.43782861294819253 __DUMMY__ 0.06789937541895448	false	0.5
missmutig	neg 1.0		neg 0.4943820023530439 off 0.4374911092402355 __DUMMY__ 0.06812688840672068	false	1.0
hurenbock	off 1.0		neg 0.49651195213823923 off 0.43494524439979176 __DUMMY__ 0.0685428034619691	false	0.5
betrunken	neg 1.0		neg 0.48912514920731237 off 0.4425086561851171 __DUMMY__ 0.06836619460757044	false	1.0
korrupt	off 1.0		neg 0.5068375649152903 off 0.4253908035202211 __DUMMY__ 0.06777163156448852	false	0.5
unmut	neg 1.0		neg 0.5080981294098096 off 0.4232784924479766 __DUMMY__ 0.06862337814221382	false	1.0
hackfresse	off 1.0		neg 0.4868282494293256 off 0.4456110472180987 __DUMMY__ 0.06756070335257564	false	0.5
aufblasen	neg 1.0		neg 0.49587150425408755 off 0.4355051027582265 __DUMMY__ 0.06862339298768601	false	1.0
gewaltsam	neg 1.0		neg 0.5002146323022523 off 0.4313281749754729 __DUMMY__ 0.06845719272227505	false	1.0
unbeliebtheit	neg 1.0		neg 0.5005724873613684 off 0.4321411108260165 __DUMMY__ 0.06728640181261515	false	1.0
sturheit	neg 1.0		neg 0.5024230895570779 off 0.4294126969193307 __DUMMY__ 0.06816421352359146	false	1.0
kuh	neg 1.0		neg 0.5001038259169253 off 0.431775264753013 __DUMMY__ 0.06812090933006175	false	1.0
erschrecken	neg 1.0		neg 0.49417864397437783 off 0.43751635580915516 __DUMMY__ 0.06830500021646708	false	1.0
opfer	neg 1.0		neg 0.5028747657910785 off 0.42854636782191347 __DUMMY__ 0.0685788663870081	false	1.0
sinken	neg 1.0		neg 0.5063358419689469 off 0.42489962987694285 __DUMMY__ 0.06876452815411024	false	1.0
stinktier	neg 1.0		neg 0.490081604295815 off 0.4422494167212274 __DUMMY__ 0.06766897898295758	false	1.0
tucke	off 1.0		neg 0.4892753055637335 off 0.44365502297409454 __DUMMY__ 0.06706967146217209	false	0.5
ein			neg 0.4963813620268735 off 0.4349469736355189 __DUMMY__ 0.0686716643376077	false	0.0
abstieg	neg 1.0		neg 0.5018074450236095 off 0.4292741429495326 __DUMMY__ 0.06891841202685799	false	1.0
missverstehen	neg 1.0		neg 0.49821784115442563 off 0.43375989459739234 __DUMMY__ 0.06802226424818196	false	1.0
ergebnislos	neg 1.0		neg 0.5040913830389675 off 0.4273198269315464 __DUMMY__ 0.06858879002948601	false	1.0
unter			neg 0.5073562244248835 off 0.4230300030127185 __DUMMY__ 0.06961377256239802	false	0.0
manipulieren	neg 1.0		neg 0.5059019353050929 off 0.42567197239437116 __DUMMY__ 0.06842609230053598	false	1.0
unbewiesen	neg 1.0		neg 0.505782433592795 off 0.42680999225901434 __DUMMY__ 0.06740757414819054	false	1.0
verschleppen	neg 1.0		neg 0.5030725443189368 off 0.42850665995047826 __DUMMY__ 0.068420795730585	false	1.0
weib	off 1.0		neg 0.48700950822506184 off 0.4454492148856843 __DUMMY__ 0.06754127688925395	false	0.5
opposition	neg 1.0		neg 0.4992828169757917 off 0.4326795870538394 __DUMMY__ 0.06803759597036889	false	1.0
verkehrswidrig	neg 1.0	neg 1.0	neg 0.7284862269960775 off 0.238517374406626 __DUMMY__ 0.03299639859729663	false	1.0
inkorrekt	neg 1.0		neg 0.4958368535941754 off 0.43674509485160845 __DUMMY__ 0.06741805155421611	false	1.0
vermeiden	neg 1.0		neg 0.5081405049494877 off 0.42283378077189865 __DUMMY__ 0.06902571427861368	false	1.0
abweichung	neg 1.0		neg 0.5040218587589698 off 0.42748347377514223 __DUMMY__ 0.06849466746588802	false	1.0
alkoholisiert	neg 1.0		neg 0.49895276754350654 off 0.4316056156525406 __DUMMY__ 0.069441616803953	false	1.0
scheiss	off 1.0	off 1.0	off 0.7046556369346164 neg 0.26271940367039837 __DUMMY__ 0.03262495939498527	false	1.0
herausforderung	neg 1.0	neg 1.0	neg 0.7361522983193153 off 0.23053530808753037 __DUMMY__ 0.033312393593154466	false	1.0
pervers	off 1.0		neg 0.48367150575437057 off 0.4489306323765386 __DUMMY__ 0.06739786186909083	false	0.5
wackelig	neg 1.0		neg 0.4980677890076756 off 0.4328447250815356 __DUMMY__ 0.06908748591078877	false	1.0
verwickeln	neg 1.0		neg 0.4985890451548577 off 0.4334198232331502 __DUMMY__ 0.0679911316119921	false	1.0
vorwand	neg 1.0		neg 0.5060596129441967 off 0.42538061229605667 __DUMMY__ 0.06855977475974677	false	1.0
muschi	off 1.0		neg 0.5011860091701014 off 0.43036821150798554 __DUMMY__ 0.06844577932191316	false	0.5
entmutigung	neg 1.0		neg 0.5010249711933281 off 0.4311153535823232 __DUMMY__ 0.06785967522434856	false	1.0
unangemessen	neg 1.0		neg 0.503131478649909 off 0.42864866828224624 __DUMMY__ 0.0682198530678447	false	1.0
unstetig	neg 1.0		neg 0.4964727245196653 off 0.4349086197709471 __DUMMY__ 0.06861865570938769	false	1.0
entmutigen	neg 1.0		neg 0.49804755620132374 off 0.4336424844645595 __DUMMY__ 0.06830995933411689	false	1.0
schwanz	neg 1.0		neg 0.5036407936810073 off 0.42766308461336316 __DUMMY__ 0.06869612170562939	false	1.0
verbot	neg 1.0		neg 0.5048702095410181 off 0.4269966789257886 __DUMMY__ 0.06813311153319328	false	1.0
leid	neg 1.0		neg 0.4879814313070318 off 0.44415081021693525 __DUMMY__ 0.06786775847603302	false	1.0
archaisch	neg 1.0		neg 0.5021584989345551 off 0.42944760869768234 __DUMMY__ 0.06839389236776242	false	1.0
gegen			neg 0.5047323333875399 off 0.4263587308624079 __DUMMY__ 0.06890893575005218	false	0.0
scheidung	neg 1.0		neg 0.47902367789239797 off 0.453543820837458 __DUMMY__ 0.0674325012701441	false	1.0
einschlag	neg 1.0	neg 1.0	neg 0.7313627044111196 off 0.23603562008405635 __DUMMY__ 0.03260167550482414	false	1.0
m			neg 0.5001499490439016 off 0.4311076836532131 __DUMMY__ 0.0687423673028853	false	0.0
abgestanden	neg 1.0		neg 0.4965067329930143 off 0.4348437720420593 __DUMMY__ 0.0686494949649263	false	1.0
schmierig	off 1.0		neg 0.48831869146235374 off 0.4437578276445781 __DUMMY__ 0.06792348089306804	false	0.5
unpraktisch	neg 1.0		neg 0.49528057580149804 off 0.43593690478107544 __DUMMY__ 0.06878251941742644	false	1.0
wixxer	off 1.0		neg 0.4844672063951742 off 0.4482134100206478 __DUMMY__ 0.06731938358417809	false	0.5
bezeichnet			neg 0.5010854035697646 off 0.43068599237959815 __DUMMY__ 0.06822860405063735	false	0.0
jammerlappen	off 1.0		neg 0.4947694991657648 off 0.4371792662598383 __DUMMY__ 0.06805123457439696	false	0.5
farce	neg 1.0		neg 0.5045940246671061 off 0.4274004308949758 __DUMMY__ 0.0680055444379181	false	1.0
zwecklos	neg 1.0		neg 0.5030114210974423 off 0.4287384864478788 __DUMMY__ 0.06825009245467879	false	1.0
turbulent	neg 1.0		neg 0.4950681740562106 off 0.4370368939161978 __DUMMY__ 0.06789493202759168	false	1.0
invasion	neg 1.0		neg 0.4957347725715344 off 0.4358285598223302 __DUMMY__ 0.06843666760613532	false	1.0
schuld	neg 1.0		neg 0.4989811552077875 off 0.4327548762617374 __DUMMY__ 0.06826396853047514	false	1.0
risiko	neg 1.0		neg 0.49793944738719065 off 0.433503160661965 __DUMMY__ 0.0685573919508444	false	1.0
finster	neg 1.0		neg 0.49690486211474966 off 0.434560534559143 __DUMMY__ 0.06853460332610734	false	1.0
geisteskrank	off 1.0		neg 0.4946835761310129 off 0.4376052953423689 __DUMMY__ 0.06771112852661837	false	0.5
zusammenbrechen	neg 1.0		neg 0.5000187023858089 off 0.4313852378279524 __DUMMY__ 0.06859605978623876	false	1.0
ausbeute	neg 1.0		neg 0.5003860387603182 off 0.4304383752078433 __DUMMY__ 0.06917558603183864	false	1.0
hinterhalt	neg 1.0		neg 0.4991898000667919 off 0.43200120374903 __DUMMY__ 0.06880899618417807	false	1.0
kritik	neg 1.0		neg 0.5045022989392374 off 0.42744077247037104 __DUMMY__ 0.06805692859039168	false	1.0
einschrumpfen	neg 1.0		neg 0.49888858391660074 off 0.43328669636054545 __DUMMY__ 0.06782471972285378	false	1.0
riskant	neg 1.0		neg 0.5041898475060813 off 0.42738847483673575 __DUMMY__ 0.06842167765718303	false	1.0
frustrieren	neg 1.0		neg 0.5033402369166411 off 0.4281499723610109 __DUMMY__ 0.06850979072234807	false	1.0
groll	neg 1.0		neg 0.5023555143477589 off 0.429230420496716 __DUMMY__ 0.06841406515552509	false	1.0
gibt			neg 0.5011007195546011 off 0.4303961504019844 __DUMMY__ 0.0685031300434145	false	0.0
qualvoll	neg 1.0		neg 0.4945577853777791 off 0.43703213794730034 __DUMMY__ 0.06841007667492054	false	1.0
wackeln	neg 1.0	neg 1.0	neg 0.7345647206785479 off 0.2325013309879179 __DUMMY__ 0.03293394833353419	false	1.0
klagen	neg 1.0		neg 0.5068719300482012 off 0.42442330081360097 __DUMMY__ 0.06870476913819766	false	1.0
bankrott	neg 1.0		neg 0.4945877051779897 off 0.4371214960215677 __DUMMY__ 0.06829079880044257	false	1.0
trauern	neg 1.0		neg 0.5018643550511274 off 0.42936359637776467 __DUMMY__ 0.0687720485711081	false	1.0
ablehnung	neg 1.0		neg 0.5042469810975378 off 0.4276659772721765 __DUMMY__ 0.0680870416302858	false	1.0
stur	neg 1.0		neg 0.49869994933126416 off 0.43312092166192123 __DUMMY__ 0.06817912900681448	false	1.0
aufruhr	neg 1.0		neg 0.500379768982383 off 0.43116762450376134 __DUMMY__ 0.06845260651385551	false	1.0
melancholie	neg 1.0		neg 0.5000977164355059 off 0.43112187842449035 __DUMMY__ 0.06878040514000351	false	1.0
ist			neg 0.4969174996580504 off 0.4346981250713252 __DUMMY__ 0.06838437527062446	false	0.0
torheit	neg 1.0		neg 0.5014759383888643 off 0.43060048386268673 __DUMMY__ 0.06792357774844905	false	1.0
dreckskind	off 1.0		neg 0.4889333984061453 off 0.44350190827812 __DUMMY__ 0.0675646933157347	false	0.5
umtauschen	neg 1.0		neg 0.4981677746896213 off 0.4331945433510401 __DUMMY__ 0.06863768195933864	false	1.0
zum			neg 0.5031815254479173 off 0.42707226351695166 __DUMMY__ 0.06974621103513114	false	0.0
zersetzen	neg 1.0		neg 0.5069437210884646 off 0.42477338442063 __DUMMY__ 0.06828289449090541	false	1.0
zur			neg 0.5073506284498207 off 0.4233897242588793 __DUMMY__ 0.06925964729129992	false	0.0
frust	neg 1.0		neg 0.5001333364561024 off 0.4312528259899589 __DUMMY__ 0.06861383755393871	false	1.0
unerbittlichkeit	neg 1.0		neg 0.5060867137984457 off 0.42552537370233345 __DUMMY__ 0.0683879124992209	false	1.0
zwei			neg 0.5020605836220736 off 0.42846253067193696 __DUMMY__ 0.06947688570598941	false	0.0
unkorrekt	neg 1.0		neg 0.4949160867275714 off 0.43765022483253946 __DUMMY__ 0.06743368843988899	false	1.0
hexe	off 1.0		neg 0.493378536679392 off 0.43851881024424466 __DUMMY__ 0.06810265307636326	false	0.5
lasch	neg 1.0		neg 0.4977256733566765 off 0.43441669687852735 __DUMMY__ 0.06785762976479602	false	1.0
rivale	neg 1.0		neg 0.49104592943125785 off 0.44089819599748115 __DUMMY__ 0.06805587457126099	false	1.0
mutlos	off 1.0	off 1.0	off 0.6972790248129977 neg 0.27015101539163766 __DUMMY__ 0.03256995979536454	false	1.0
wirr	off 1.0		neg 0.4939978003875725 off 0.438495600929204 __DUMMY__ 0.06750659868322346	false	0.5
jahr			neg 0.500453418186919 off 0.43019572940808337 __DUMMY__ 0.06935085240499764	false	0.0
wird			neg 0.5016952754894151 off 0.4296225351160727 __DUMMY__ 0.0686821893945122	false	0.0
strafbar	neg 1.0		neg 0.5048144217157194 off 0.4268753912882555 __DUMMY__ 0.06831018699602517	false	1.0
erosion	neg 1.0		neg 0.4973949620693252 off 0.4340314047813662 __DUMMY__ 0.06857363314930874	false	1.0
eingehen	neg 1.0		neg 0.5041176959612275 off 0.42765526031809153 __DUMMY__ 0.068227043720681	false	1.0
faul	off 1.0		neg 0.49325962220600683 off 0.4383226404695332 __DUMMY__ 0.06841773732445995	false	0.5
provisorium	neg 1.0		neg 0.5091898692590714 off 0.42142798391025316 __DUMMY__ 0.06938214683067542	false	1.0
schmerzen	neg 1.0		neg 0.4985048985919245 off 0.4329810512923723 __DUMMY__ 0.06851405011570312	false	1.0
schrumpfen	neg 1.0		neg 0.5102328019560084 off 0.4210313249863918 __DUMMY__ 0.06873587305759978	false	1.0
geistlos	off 1.0		neg 0.502008146336908 off 0.4305407017826662 __DUMMY__ 0.06745115188042572	false	0.5
fehlkauf	neg 1.0		neg 0.49838326495118124 off 0.4334374170658688 __DUMMY__ 0.06817931798295004	false	1.0
frustrierend	neg 1.0		neg 0.49357761066519457 off 0.43798922818040575 __DUMMY__ 0.06843316115439951	false	1.0
unzufrieden	neg 1.0		neg 0.5027673433720051 off 0.4289179159447522 __DUMMY__ 0.06831474068324263	false	1.0
verzweifeln	neg 1.0		neg 0.4994503624308717 off 0.4320717526194978 __DUMMY__ 0.06847788494963052	false	1.0
verzweifelt	neg 1.0		neg 0.4981492079414339 off 0.4336060697193066 __DUMMY__ 0.06824472233925954	false	1.0
misstrauensantrag	neg 1.0		neg 0.4976727178486637 off 0.434174859126334 __DUMMY__ 0.06815242302500243	false	1.0
abfallen	neg 1.0		neg 0.495324651824095 off 0.4359513108579461 __DUMMY__ 0.06872403731795879	false	1.0
fucker	off 1.0		neg 0.49310374712074756 off 0.4390258658940848 __DUMMY__ 0.06787038698516776	false	0.5
ungezogen	neg 1.0		neg 0.48426198751456206 off 0.44808529818146203 __DUMMY__ 0.06765271430397587	false	1.0
irrsinnig	neg 1.0	neg 1.0	neg 0.7363289445350516 off 0.23106994152217458 __DUMMY__ 0.032601113942773804	false	1.0
unfassbar	neg 1.0		neg 0.49381424594159956 off 0.4381479654236065 __DUMMY__ 0.06803778863479401	false	1.0
hart	neg 1.0		neg 0.4954801729938528 off 0.43629530308668185 __DUMMY__ 0.06822452391946542	false	1.0
widerlich	off 1.0		neg 0.49462997496879546 off 0.4376429767155731 __DUMMY__ 0.06772704831563137	false	0.5
fatal	neg 1.0		neg 0.49767744054574214 off 0.43409283868536663 __DUMMY__ 0.06822972076889129	false	1.0
bruch	neg 1.0		neg 0.5072655931746688 off 0.4241329253110609 __DUMMY__ 0.06860148151427031	false	1.0
aushungern	neg 1.0		neg 0.5036943991748719 off 0.42831021487255444 __DUMMY__ 0.06799538595257369	false	1.0
anspannung	neg 1.0	neg 1.0	neg 0.7389403030288132 off 0.22769851848242245 __DUMMY__ 0.033361178488764284	false	1.0
von			neg 0.5016259389194929 off 0.42906060953635156 __DUMMY__ 0.06931345154415552	false	0.0
kraftlos	neg 1.0		neg 0.49913329765591025 off 0.4320102234955863 __DUMMY__ 0.06885647884850346	false	1.0
vom			neg 0.5058274523826259 off 0.42441355887227683 __DUMMY__ 0.06975898874509721	false	0.0
grenzdebil	off 1.0		neg 0.49235450228324235 off 0.43959301090063857 __DUMMY__ 0.06805248681611906	false	0.5
vor			neg 0.5038471032739789 off 0.42726194909510135 __DUMMY__ 0.06889094763091982	false	0.0
unterwerfen	neg 1.0		neg 0.5041652818828817 off 0.4273931759435462 __DUMMY__ 0.06844154217357222	false	1.0
versenkung	neg 1.0		neg 0.5039032928095337 off 0.42755717819672817 __DUMMY__ 0.06853952899373802	false	1.0
entziehen	neg 1.0		neg 0.5064051436970848 off 0.42494589750819595 __DUMMY__ 0.0686489587947194	false	1.0
finanzkrise	neg 1.0		neg 0.5034313941807447 off 0.42858266568717684 __DUMMY__ 0.06798594013207844	false	1.0
schimpfend	neg 1.0		neg 0.4952846775077691 off 0.43594375984118044 __DUMMY__ 0.06877156265105043	false	1.0
profan	neg 1.0		neg 0.4960793211628233 off 0.4356502484531019 __DUMMY__ 0.06827043038407492	false	1.0
korruption	neg 1.0	neg 1.0	neg 0.7397172822392218 off 0.2277440898587874 __DUMMY__ 0.03253862790199067	false	1.0
â			neg 0.50199008456965 off 0.4293314645607447 __DUMMY__ 0.06867845086960539	false	0.0
schmutzig	neg 1.0		neg 0.4924250014355461 off 0.4394145921121094 __DUMMY__ 0.06816040645234446	false	1.0
sexy	neg 1.0		neg 0.49559709482123065 off 0.43616974717551493 __DUMMY__ 0.06823315800325444	false	1.0
abraten	neg 1.0		neg 0.496827470169756 off 0.4348116163737129 __DUMMY__ 0.06836091345653117	false	1.0
schwarz	neg 1.0		neg 0.4986186050245815 off 0.4331764100545971 __DUMMY__ 0.06820498492082148	false	1.0
fotze	off 1.0		neg 0.503653102803203 off 0.42784518299775837 __DUMMY__ 0.06850171419903871	false	0.5
verwirren	neg 1.0		neg 0.49575436133854506 off 0.4359643599717076 __DUMMY__ 0.06828127868974723	false	1.0
zahnlos	off 1.0		neg 0.5029738101031542 off 0.42874804425812335 __DUMMY__ 0.0682781456387225	false	0.5
verheeren	neg 1.0		neg 0.48304241062517317 off 0.44927997599329733 __DUMMY__ 0.0676776133815295	false	1.0
hippie	neg 1.0		neg 0.4965980346011992 off 0.43521645239566464 __DUMMY__ 0.06818551300313615	false	1.0
rammen	neg 1.0		neg 0.4983920602909249 off 0.4332700083644876 __DUMMY__ 0.06833793134458757	false	1.0
unlauter	neg 1.0		neg 0.5028099501653243 off 0.429445529088587 __DUMMY__ 0.06774452074608867	false	1.0
unheilvoll	neg 1.0		neg 0.49445588699657417 off 0.4369064368250034 __DUMMY__ 0.06863767617842255	false	1.0
niedrig	neg 1.0		neg 0.5035501432029305 off 0.42776008332370064 __DUMMY__ 0.06868977347336883	false	1.0
explosion	neg 1.0		neg 0.49747213012474634 off 0.4343734345198884 __DUMMY__ 0.06815443535536533	false	1.0
weichei	off 1.0		neg 0.4881911356287202 off 0.4441540888071666 __DUMMY__ 0.06765477556411323	false	0.5
minusmensch	off 1.0		neg 0.48800235469579106 off 0.4450331362165944 __DUMMY__ 0.06696450908761442	false	0.5
farblos	neg 1.0		neg 0.4965318105435605 off 0.4344328938541584 __DUMMY__ 0.0690352956022811	false	1.0
unwissend	neg 1.0	neg 1.0	neg 0.7340849935612739 off 0.23344937223308965 __DUMMY__ 0.03246563420563647	false	1.0
traurig	neg 1.0		neg 0.48984705874610573 off 0.4421161967659905 __DUMMY__ 0.06803674448790364	false	1.0
senkung	neg 1.0		neg 0.4985230047116132 off 0.4335544794573783 __DUMMY__ 0.06792251583100847	false	1.0
ungleich	neg 1.0	neg 1.0	neg 0.7402748508675197 off 0.2271335180654072 __DUMMY__ 0.03259163106707312	false	1.0
heikel	neg 1.0		neg 0.5056892764274847 off 0.4258815382427869 __DUMMY__ 0.06842918532972832	false	1.0
drosselung	neg 1.0		neg 0.4924048836216115 off 0.4394484670502218 __DUMMY__ 0.06814664932816668	false	1.0
falsch	neg 1.0		neg 0.49463195260730375 off 0.4371518811043346 __DUMMY__ 0.0682161662883617	false	1.0
unzufriedenheit	neg 1.0		neg 0.5064311795067281 off 0.4251193077696213 __DUMMY__ 0.06844951272365046	false	1.0
kurz	neg 1.0		neg 0.4981350107542102 off 0.432965706483631 __DUMMY__ 0.06889928276215894	false	1.0
unsinnig	neg 1.0		neg 0.5032798043194305 off 0.4285982551457096 __DUMMY__ 0.06812194053485979	false	1.0
penner	off 1.0	off 1.0	off 0.708330149280791 neg 0.25939843192343726 __DUMMY__ 0.032271418795771806	false	1.0
seicht	neg 1.0		neg 0.4874154939561666 off 0.44537801317604003 __DUMMY__ 0.06720649286779344	false	1.0
dummheit	off 1.0	off 1.0	off 0.7015302764723488 neg 0.26600506772879406 __DUMMY__ 0.03246465579885709	false	1.0
unerfreulich	neg 1.0		neg 0.5050689804908115 off 0.4262155210363574 __DUMMY__ 0.06871549847283102	false	1.0
motherfucker	off 1.0	off 1.0	off 0.7040880080401141 neg 0.2635445749644023 __DUMMY__ 0.03236741699548368	false	1.0
pikiert	neg 1.0		neg 0.49610872283497587 off 0.43616481093282655 __DUMMY__ 0.06772646623219766	false	1.0
wrack	neg 1.0		neg 0.5003816741088941 off 0.43056581568759666 __DUMMY__ 0.06905251020350922	false	1.0
gangster	neg 1.0		neg 0.4964006036232378 off 0.43531000190421476 __DUMMY__ 0.06828939447254732	false	1.0
krank	neg 1.0		neg 0.49078802305007924 off 0.44097074066957204 __DUMMY__ 0.06824123628034885	false	1.0
reich	neg 1.0		neg 0.49662519865688093 off 0.4354828647183883 __DUMMY__ 0.06789193662473092	false	1.0
gnadenlos	neg 1.0		neg 0.4984359039116211 off 0.4332179822231372 __DUMMY__ 0.06834611386524167	false	1.0
niedergeschlagen	neg 1.0		neg 0.49912617089098565 off 0.4321761259489795 __DUMMY__ 0.06869770316003486	false	1.0
terrorisieren	off 1.0	off 1.0	off 0.6985283003347025 neg 0.2687213131897578 __DUMMY__ 0.03275038647553979	false	1.0
sinnlosigkeit	neg 1.0		neg 0.5024826001027454 off 0.4291910067004887 __DUMMY__ 0.06832639319676588	false	1.0
behindern	neg 1.0		neg 0.5009630881485043 off 0.43073273211506935 __DUMMY__ 0.0683041797364263	false	1.0
undemokratisch	neg 1.0		neg 0.5015368954933878 off 0.4305575912397541 __DUMMY__ 0.06790551326685815	false	1.0
wirtschaftskrise	neg 1.0		neg 0.5048768723314933 off 0.4268824086828901 __DUMMY__ 0.0682407189856166	false	1.0
neid	neg 1.0		neg 0.49201146651756744 off 0.4394890083320157 __DUMMY__ 0.068499525150417	false	1.0
rutschen	neg 1.0	neg 1.0	neg 0.7376181785795975 off 0.22903127119462896 __DUMMY__ 0.033350550225773525	false	1.0
rezession	neg 1.0		neg 0.4922991959969797 off 0.44019525952715005 __DUMMY__ 0.06750554447587029	false	1.0
fehlgeburt	neg 1.0		neg 0.4952300834388542 off 0.4361892234525671 __DUMMY__ 0.06858069310857859	false	1.0
charakterschwach	off 1.0		neg 0.4937450673035324 off 0.4383156992014654 __DUMMY__ 0.06793923349500229	false	0.5
isolation	neg 1.0		neg 0.49366746152262764 off 0.4379116256132711 __DUMMY__ 0.06842091286410136	false	1.0
ablenkung	neg 1.0		neg 0.49829110252343667 off 0.43322944681759096 __DUMMY__ 0.06847945065897244	false	1.0
pech	neg 1.0		neg 0.4937730104396806 off 0.4378309683812254 __DUMMY__ 0.06839602117909398	false	1.0
vermeidung	neg 1.0		neg 0.4938684616901884 off 0.4382690920236448 __DUMMY__ 0.06786244628616679	false	1.0
dominieren	neg 1.0		neg 0.5006917256162973 off 0.43041291377951724 __DUMMY__ 0.06889536060418557	false	1.0
schwindlig	neg 1.0		neg 0.4931924841208614 off 0.43802717969876476 __DUMMY__ 0.0687803361803739	false	1.0
lutscher	neg 1.0		neg 0.4856777944362461 off 0.4470003295813622 __DUMMY__ 0.06732187598239167	false	1.0
pflicht	neg 1.0		neg 0.5056016642363387 off 0.42591517045771005 __DUMMY__ 0.0684831653059511	false	1.0
faschist	off 1.0		neg 0.4997065987569406 off 0.4325570155957856 __DUMMY__ 0.06773638564727384	false	0.5
verschleudern	neg 1.0		neg 0.5080052316254153 off 0.42408183455503967 __DUMMY__ 0.06791293381954493	false	1.0
wenn			neg 0.4944389278764745 off 0.43735974668318417 __DUMMY__ 0.06820132544034144	false	0.0
ehebruch	neg 1.0		neg 0.5045693452594866 off 0.42716203609555015 __DUMMY__ 0.06826861864496317	false	1.0
spott	off 1.0		neg 0.5055872781885615 off 0.4261902644415437 __DUMMY__ 0.06822245736989475	false	0.5
trostlosigkeit	neg 1.0		neg 0.506165988789534 off 0.4252021979409568 __DUMMY__ 0.06863181326950932	false	1.0
lutschen	neg 1.0		neg 0.49789004159572725 off 0.434033192666423 __DUMMY__ 0.06807676573784972	false	1.0
undiszipliniert	neg 1.0		neg 0.4908758243765917 off 0.4410677848688954 __DUMMY__ 0.06805639075451285	false	1.0
kopfschmerz	neg 1.0		neg 0.49876460806475137 off 0.43247893928350223 __DUMMY__ 0.0687564526517464	false	1.0
unvorhergesehen	neg 1.0		neg 0.4988505613262056 off 0.43192787706265556 __DUMMY__ 0.06922156161113881	false	1.0
desinteressiert	neg 1.0		neg 0.492375146861616 off 0.4397644135135046 __DUMMY__ 0.06786043962487925	false	1.0
armselig	off 1.0		neg 0.49341216744817246 off 0.4390785229573423 __DUMMY__ 0.06750930959448531	false	0.5
desaster	neg 1.0		neg 0.5081894057977276 off 0.4232349603417125 __DUMMY__ 0.0685756338605598	false	1.0
tod	neg 1.0		neg 0.5008281818104674 off 0.4303407990952657 __DUMMY__ 0.06883101909426692	false	1.0
herzlos	neg 1.0		neg 0.4910432050713646 off 0.4411962855627917 __DUMMY__ 0.0677605093658438	false	1.0
unwissenheit	neg 1.0		neg 0.5047963278530934 off 0.4271763671124984 __DUMMY__ 0.06802730503440832	false	1.0
widersinnig	neg 1.0	neg 1.0	neg 0.7396917732408561 off 0.22788110263522132 __DUMMY__ 0.03242712412392265	false	1.0
bedenklich	neg 1.0		neg 0.5045294508800158 off 0.42715705319375225 __DUMMY__ 0.06831349592623205	false	1.0
beanstanden	neg 1.0		neg 0.5053494605406784 off 0.42600604254934565 __DUMMY__ 0.06864449690997608	false	1.0
panisch	neg 1.0	neg 1.0	neg 0.7326853418633288 off 0.2343319161005498 __DUMMY__ 0.03298274203612149	false	1.0
debil	off 1.0		neg 0.5095321235207563 off 0.4214620527021672 __DUMMY__ 0.06900582377707644	false	0.5
abstrich	neg 1.0		neg 0.5028070942593053 off 0.4287548903878166 __DUMMY__ 0.06843801535287815	false	1.0
primitiv	neg 1.0		neg 0.49396439140536497 off 0.43829218492475763 __DUMMY__ 0.06774342366987741	false	1.0
abschaum	off 1.0	off 1.0	off 0.7028138335924982 neg 0.2647686666173866 __DUMMY__ 0.032417499790115045	false	1.0
provozieren	neg 1.0		neg 0.4997713595467754 off 0.43205219641080456 __DUMMY__ 0.06817644404242013	false	1.0
tot	neg 1.0		neg 0.502833034281829 off 0.4285513440520723 __DUMMY__ 0.06861562166609858	false	1.0
instabil	neg 1.0		neg 0.49494562754089483 off 0.4374383232902056 __DUMMY__ 0.0676160491688996	false	1.0
schwuchtel	off 1.0		neg 0.48164202093833397 off 0.4513407344772811 __DUMMY__ 0.06701724458438489	false	0.5
zerren	neg 1.0		neg 0.4987996517751199 off 0.43246578369065564 __DUMMY__ 0.06873456453422443	false	1.0
kinderficker	off 1.0		neg 0.4914221894212884 off 0.44126541348827164 __DUMMY__ 0.06731239709043982	false	0.5
gefahr	neg 1.0		neg 0.5048074098663742 off 0.4265213632884903 __DUMMY__ 0.06867122684513545	false	1.0
rabiat	neg 1.0		neg 0.5006006005519081 off 0.4312158309453995 __DUMMY__ 0.06818356850269243	false	1.0
verlangsamung	neg 1.0		neg 0.4885477136408005 off 0.44405749292657026 __DUMMY__ 0.06739479343262936	false	1.0
ausgestorben	neg 1.0		neg 0.4988803351511453 off 0.43253979770749834 __DUMMY__ 0.06857986714135643	false	1.0
anklagen	neg 1.0		neg 0.5025039866928404 off 0.4292181765359592 __DUMMY__ 0.06827783677120038	false	1.0
trott	neg 1.0		neg 0.4990224379271595 off 0.4324131674217341 __DUMMY__ 0.06856439465110648	false	1.0
verminderung	neg 1.0		neg 0.49301869803518017 off 0.4391520494887946 __DUMMY__ 0.06782925247602531	false	1.0
nach			neg 0.5026510898537647 off 0.4276007510927152 __DUMMY__ 0.06974815905352019	false	0.0
rost	neg 1.0		neg 0.4898041354108106 off 0.4427360857784822 __DUMMY__ 0.0674597788107073	false	1.0
destruktiv	neg 1.0		neg 0.5028344978061459 off 0.4292232589322992 __DUMMY__ 0.06794224326155504	false	1.0
unzumutbarkeit	neg 1.0		neg 0.49268188108009164 off 0.43891804969584186 __DUMMY__ 0.06840006922406665	false	1.0
labil	off 1.0	off 1.0	off 0.7030737756613281 neg 0.26444942672619454 __DUMMY__ 0.03247679761247732	false	1.0
ziemlich	neg 1.0		neg 0.49170306757132193 off 0.4400242751645835 __DUMMY__ 0.0682726572640946	false	1.0
lachnummer	off 1.0		neg 0.500720213695938 off 0.4310526462167752 __DUMMY__ 0.06822714008728678	false	0.5
oder			neg 0.4967512102541566 off 0.4345405587095551 __DUMMY__ 0.06870823103628834	false	0.0
verfall	neg 1.0		neg 0.5102881699038473 off 0.4209853470663787 __DUMMY__ 0.06872648302977405	false	1.0
ausgrenzung	neg 1.0		neg 0.5011565226085299 off 0.43102709418338975 __DUMMY__ 0.06781638320808031	false	1.0
unordnung	neg 1.0		neg 0.49164932717152143 off 0.43996107923291433 __DUMMY__ 0.06838959359556411	false	1.0
fehlverhalten	neg 1.0		neg 0.5057500011352283 off 0.42585062451693 __DUMMY__ 0.06839937434784184	false	1.0
eine			neg 0.5044745467450615 off 0.4268110349831566 __DUMMY__ 0.06871441827178192	false	0.0
nille	neg 1.0		neg 0.5004329871647502 off 0.43109209100270596 __DUMMY__ 0.06847492183254393	false	1.0
qual	neg 1.0		neg 0.4997198426746185 off 0.4317797807138354 __DUMMY__ 0.06850037661154615	false	1.0
verschwenden	neg 1.0		neg 0.5033567688330255 off 0.42825630859591224 __DUMMY__ 0.06838692257106241	false	1.0
riesig	neg 1.0	neg 1.0	neg 0.7373053189938956 off 0.22973514330129957 __DUMMY__ 0.03295953770480486	false	1.0
verurteilen	neg 1.0		neg 0.5038311476771573 off 0.4279879223795369 __DUMMY__ 0.06818092994330581	false	1.0
klischee	neg 1.0	neg 1.0	neg 0.7355703108301284 off 0.23200338171698812 __DUMMY__ 0.03242630745288356	false	1.0
diktatorisch	neg 1.0		neg 0.5024733952314883 off 0.4298725792452013 __DUMMY__ 0.06765402552331037	false	1.0
vorhersehbar	neg 1.0	neg 1.0	neg 0.7355394682177117 off 0.2319506416960127 __DUMMY__ 0.03250989008627549	false	1.0
sowie			neg 0.48958032490160774 off 0.44282457825199395 __DUMMY__ 0.06759509684639829	false	0.0
stornieren	neg 1.0		neg 0.49377757797703264 off 0.437140154434974 __DUMMY__ 0.06908226758799338	false	1.0
besteuerung	neg 1.0		neg 0.5013792340080493 off 0.43069035377227133 __DUMMY__ 0.06793041221967941	false	1.0
ungeschminkt	neg 1.0		neg 0.49342710144144425 off 0.4386272832943974 __DUMMY__ 0.06794561526415839	false	1.0
kritisch	neg 1.0		neg 0.5044839319218704 off 0.42715004064382045 __DUMMY__ 0.06836602743430911	false	1.0
schlamperei	off 1.0		neg 0.5058837569782315 off 0.4257476363460159 __DUMMY__ 0.06836860667575241	false	0.5
sucht	neg 1.0	neg 1.0	neg 0.7357131896765597 off 0.2314472306853885 __DUMMY__ 0.03283957963805181	false	1.0
egoistisch	off 1.0		neg 0.4881116993762809 off 0.44418571600328294 __DUMMY__ 0.06770258462043621	false	0.5
ausbeuter	off 1.0		neg 0.5071941542584592 off 0.4246020032825605 __DUMMY__ 0.06820384245898041	false	0.5
arschgeburt	off 1.0		neg 0.48231761936290235 off 0.4507879580680513 __DUMMY__ 0.06689442256904647	false	0.5
schubs	neg 1.0	neg 1.0	neg 0.7361861141896042 off 0.23081953357051316 __DUMMY__ 0.03299435223988264	false	1.0
unsolide	neg 1.0		neg 0.5037923121080601 off 0.42888045481179204 __DUMMY__ 0.06732723308014806	false	1.0
beschwerde	neg 1.0		neg 0.5055013067017252 off 0.4261182702484699 __DUMMY__ 0.06838042304980478	false	1.0
stocken	neg 1.0		neg 0.5039814931055565 off 0.4275231740738776 __DUMMY__ 0.0684953328205658	false	1.0
isolieren	neg 1.0		neg 0.503890241780029 off 0.4278369717990278 __DUMMY__ 0.0682727864209433	false	1.0
unheilbar	neg 1.0		neg 0.49861205825901367 off 0.432977656290876 __DUMMY__ 0.06841028545011037	false	1.0
pisser	off 1.0		neg 0.4917848617919372 off 0.4402044037717736 __DUMMY__ 0.0680107344362892	false	0.5
löschen	neg 1.0		neg 0.4995399049136177 off 0.43206587095247545 __DUMMY__ 0.06839422413390694	false	1.0
durchfallen	neg 1.0		neg 0.503609346448284 off 0.4281775246138293 __DUMMY__ 0.06821312893788663	false	1.0
wichser	off 1.0		neg 0.48336177927645047 off 0.44920497808660587 __DUMMY__ 0.06743324263694374	false	0.5
terror	neg 1.0		neg 0.4945823073972284 off 0.4368784718594271 __DUMMY__ 0.06853922074334451	false	1.0
krass	neg 1.0		neg 0.4896071876704499 off 0.4425342135458602 __DUMMY__ 0.06785859878368972	false	1.0
revolte	neg 1.0		neg 0.4998437408289425 off 0.43227194920680156 __DUMMY__ 0.06788430996425587	false	1.0
besorgt	neg 1.0		neg 0.49918643934984525 off 0.4319632406779723 __DUMMY__ 0.06885031997218236	false	1.0
nachlassen	neg 1.0		neg 0.5043517151510575 off 0.42714709428944037 __DUMMY__ 0.06850119055950207	false	1.0
alt	neg 1.0		neg 0.5022148227036445 off 0.4291990491908055 __DUMMY__ 0.06858612810555005	false	1.0
hundesohn	off 1.0		neg 0.4868119446049023 off 0.44592833828277234 __DUMMY__ 0.0672597171123252	false	0.5
als			neg 0.4993299110780544 off 0.43189390799579297 __DUMMY__ 0.06877618092615259	false	0.0
abschreckung	neg 1.0		neg 0.5067908227639513 off 0.4246646423216708 __DUMMY__ 0.06854453491437781	false	1.0
unqualifiziert	neg 1.0		neg 0.49926300144702074 off 0.4330435126106334 __DUMMY__ 0.067693485942346	false	1.0
abgewichst	off 1.0		neg 0.5008662184173028 off 0.43060026895866027 __DUMMY__ 0.06853351262403691	false	0.5
schwer	neg 1.0		neg 0.49885733799071674 off 0.4326621981715286 __DUMMY__ 0.06848046383775463	false	1.0
bedeutungslosigkeit	neg 1.0		neg 0.5059014482699817 off 0.4256135783971596 __DUMMY__ 0.06848497333285873	false	1.0
kapitulation	neg 1.0		neg 0.5069408079867932 off 0.425024804507785 __DUMMY__ 0.0680343875054218	false	1.0
unscharf	neg 1.0		neg 0.49610755501396997 off 0.4355574138037495 __DUMMY__ 0.06833503118228053	false	1.0
schwinden	neg 1.0		neg 0.5061160038360145 off 0.42541121685555017 __DUMMY__ 0.0684727793084352	false	1.0
versklavung	neg 1.0		neg 0.5031945368934303 off 0.42918511942213433 __DUMMY__ 0.0676203436844352	false	1.0
schlecht	neg 1.0		neg 0.4915275731555538 off 0.4401867243315102 __DUMMY__ 0.06828570251293602	false	1.0
verhasst	neg 1.0		neg 0.4993670829629577 off 0.43247337796480867 __DUMMY__ 0.0681595390722337	false	1.0
beschweren	neg 1.0		neg 0.4971992336348284 off 0.4344894798520661 __DUMMY__ 0.06831128651310553	false	1.0
scheiden	neg 1.0		neg 0.4939936886277758 off 0.4368797486512581 __DUMMY__ 0.06912656272096598	false	1.0
frustriert	neg 1.0		neg 0.5000330394170066 off 0.43144351417748106 __DUMMY__ 0.06852344640551225	false	1.0
schimmelig	neg 1.0		neg 0.5018050753789526 off 0.42941800643871275 __DUMMY__ 0.06877691818233472	false	1.0
fisch	neg 1.0		neg 0.49983515240775467 off 0.43081731492103315 __DUMMY__ 0.06934753267121223	false	1.0
schmuggel	neg 1.0		neg 0.5028311555539738 off 0.4282046754241026 __DUMMY__ 0.06896416902192348	false	1.0
auffallen	neg 1.0		neg 0.49574363441438346 off 0.4358709750034321 __DUMMY__ 0.06838539058218439	false	1.0
konkurrenz	neg 1.0	neg 1.0	neg 0.7395474504248988 off 0.22749207903891222 __DUMMY__ 0.032960470536188995	false	1.0
teufelskreis	neg 1.0	neg 1.0	neg 0.7376809402662403 off 0.22971361024212597 __DUMMY__ 0.03260544949163379	false	1.0
aufschreien	neg 1.0		neg 0.49787600924520525 off 0.43403558909031764 __DUMMY__ 0.06808840166447713	false	1.0
schuldner	neg 1.0		neg 0.5052262769444477 off 0.42621508319577533 __DUMMY__ 0.06855863985977696	false	1.0
missgeburt	off 1.0	off 1.0	off 0.706685295199154 neg 0.2610045248642081 __DUMMY__ 0.03231017993663785	false	1.0
arbeitslos	neg 1.0		neg 0.5030494562480033 off 0.4286994009743351 __DUMMY__ 0.06825114277766145	false	1.0
befallen	neg 1.0		neg 0.5043749779404034 off 0.4276399501429614 __DUMMY__ 0.06798507191663508	false	1.0
miesepetrig	off 1.0	off 1.0	off 0.7048909014896669 neg 0.26247948921837816 __DUMMY__ 0.03262960929195493	false	1.0
alarmieren	neg 1.0		neg 0.49676800561192597 off 0.4353809314980895 __DUMMY__ 0.06785106288998444	false	1.0
ungeduscht	off 1.0		neg 0.49361065108873975 off 0.43794142285751986 __DUMMY__ 0.06844792605374041	false	0.5
knappheit	neg 1.0		neg 0.5061213361561685 off 0.4257516036660075 __DUMMY__ 0.06812706017782394	false	1.0
schlange	neg 1.0		neg 0.4939810497798113 off 0.4372006536334783 __DUMMY__ 0.06881829658671045	false	1.0
harsch	neg 1.0		neg 0.48670387537583953 off 0.44508586273002115 __DUMMY__ 0.0682102618941393	false	1.0
lang	neg 1.0		neg 0.4987247404938923 off 0.43284825931658844 __DUMMY__ 0.06842700018951911	false	1.0
ziellos	neg 1.0		neg 0.5000904944300439 off 0.43111402741413524 __DUMMY__ 0.06879547815582072	false	1.0
selbstverliebt	neg 1.0		neg 0.48491104135010504 off 0.4480777399075178 __DUMMY__ 0.06701121874237709	false	1.0
beseitigen	neg 1.0	neg 1.0	neg 0.7359396887387899 off 0.23114449271869783 __DUMMY__ 0.03291581854251239	false	1.0
dumm	off 1.0		neg 0.48766362261424023 off 0.444777809811461 __DUMMY__ 0.06755856757429891	false	0.5
arbeitsloser	neg 1.0		neg 0.5020989084110213 off 0.42931286812663366 __DUMMY__ 0.06858822346234505	false	1.0
blitzen	neg 1.0		neg 0.4961607989479953 off 0.43562196167265865 __DUMMY__ 0.06821723937934604	false	1.0
hilflos	neg 1.0		neg 0.500885156247703 off 0.43062439662169094 __DUMMY__ 0.06849044713060588	false	1.0
eklig	off 1.0		neg 0.48663991469066054 off 0.44578493712532663 __DUMMY__ 0.06757514818401283	false	0.5
begriff			neg 0.5022376386839159 off 0.42956161693525735 __DUMMY__ 0.06820074438082672	false	0.0
hungersnot	neg 1.0		neg 0.5017483216684279 off 0.42983523432170856 __DUMMY__ 0.06841644400986358	false	1.0
ungesetzlich	neg 1.0		neg 0.5032316600856626 off 0.4293751618426535 __DUMMY__ 0.06739317807168389	false	1.0
verschwendung	neg 1.0		neg 0.5044366470204481 off 0.42707192909085245 __DUMMY__ 0.06849142388869953	false	1.0
schmerzvoll	neg 1.0		neg 0.49686775006182937 off 0.4347617280520185 __DUMMY__ 0.06837052188615207	false	1.0
vorzeitig	neg 1.0		neg 0.4944623480642626 off 0.43705974976729933 __DUMMY__ 0.0684779021684381	false	1.0
unvollkommenheit	neg 1.0		neg 0.499269577979639 off 0.43181404626693726 __DUMMY__ 0.06891637575342373	false	1.0
intervenieren	neg 1.0		neg 0.506718363483855 off 0.425068968888374 __DUMMY__ 0.06821266762777116	false	1.0
banause	off 1.0		neg 0.48557940178776576 off 0.4471151994201897 __DUMMY__ 0.06730539879204459	false	0.5
rebell	neg 1.0		neg 0.5068791115039577 off 0.42432337181384455 __DUMMY__ 0.06879751668219782	false	1.0
unlogisch	neg 1.0		neg 0.4905700215635769 off 0.44153812221456973 __DUMMY__ 0.06789185622185344	false	1.0
leiden	neg 1.0		neg 0.4994985846967177 off 0.43116071041752085 __DUMMY__ 0.06934070488576141	false	1.0
abschaffung	neg 1.0		neg 0.5011088316578322 off 0.43086967067691206 __DUMMY__ 0.06802149766525559	false	1.0
sturz	neg 1.0		neg 0.4981050408634146 off 0.43329660358311434 __DUMMY__ 0.06859835555347103	false	1.0
verkleinerung	neg 1.0		neg 0.4992616925559999 off 0.43297437492042634 __DUMMY__ 0.0677639325235738	false	1.0
schmarotzer	off 1.0		neg 0.5041626675669312 off 0.4277266041614821 __DUMMY__ 0.06811072827158667	false	0.5
bestrafung	neg 1.0		neg 0.49885332902987156 off 0.4329697803664226 __DUMMY__ 0.06817689060370584	false	1.0
achtlos	neg 1.0		neg 0.49791866809324203 off 0.4334432706036968 __DUMMY__ 0.06863806130306108	false	1.0
ungeheuer	neg 1.0		neg 0.494348763464625 off 0.437169906214911 __DUMMY__ 0.06848133032046405	false	1.0
unaufrichtig	neg 1.0		neg 0.5004106760404828 off 0.4318213856808089 __DUMMY__ 0.06776793827870826	false	1.0
groggy	neg 1.0		neg 0.4975360584170703 off 0.434351374332434 __DUMMY__ 0.06811256725049568	false	1.0
verletzlich	neg 1.0		neg 0.49163781517062694 off 0.44034553339496313 __DUMMY__ 0.0680166514344099	false	1.0
