unsolidarisch	neg 1.0		neg 0.5053638038828275 off 0.42710923813152807 __DUMMY__ 0.06752695798564441	false	1.0
nachteilig	neg 1.0		neg 0.5049871358845491 off 0.4266006799110998 __DUMMY__ 0.06841218420435123	false	1.0
skeptisch	neg 1.0		neg 0.5050191407301031 off 0.42641428160446143 __DUMMY__ 0.06856657766543549	false	1.0
schrecklich	neg 1.0		neg 0.48902031952139613 off 0.4430320162396336 __DUMMY__ 0.06794766423897033	false	1.0
schlapp	neg 1.0		neg 0.4925738064511076 off 0.43908536934696324 __DUMMY__ 0.06834082420192915	false	1.0
abfall	neg 1.0		neg 0.508088504883741 off 0.42325783969841463 __DUMMY__ 0.06865365541784442	false	1.0
widerspenstig	neg 1.0		neg 0.4993655097336955 off 0.43226144183109677 __DUMMY__ 0.06837304843520768	false	1.0
abrupt	neg 1.0		neg 0.5017536546439619 off 0.42929777904649363 __DUMMY__ 0.0689485663095444	false	1.0
unwirksam	neg 1.0		neg 0.5025747240800678 off 0.4295055228413957 __DUMMY__ 0.06791975307853657	false	1.0
angreifen	neg 1.0	neg 1.0	neg 0.7398086797183198 off 0.2274550982449339 __DUMMY__ 0.03273622203674623	false	1.0
inkonsistent	neg 1.0		neg 0.49805695694015373 off 0.43354085138624887 __DUMMY__ 0.06840219167359733	false	1.0
abrutschen	neg 1.0		neg 0.5072423032857138 off 0.4240479945228582 __DUMMY__ 0.06870970219142787	false	1.0
unsicher	neg 1.0		neg 0.4984268878490699 off 0.43305333026649023 __DUMMY__ 0.06851978188443976	false	1.0
bauernkind	off 1.0	off 1.0	off 0.705094226851809 neg 0.26268028833152796 __DUMMY__ 0.03222548481666297	false	1.0
angreifer	neg 1.0		neg 0.49652343067179444 off 0.43490895147599673 __DUMMY__ 0.06856761785220886	false	1.0
trennen	neg 1.0		neg 0.4999534304726139 off 0.43087534167481945 __DUMMY__ 0.06917122785256646	false	1.0
schmutz	neg 1.0		neg 0.49322975196929664 off 0.4377761651390657 __DUMMY__ 0.0689940828916376	false	1.0
inkonsistenz	neg 1.0		neg 0.4975771755925518 off 0.4346353241143086 __DUMMY__ 0.06778750029313964	false	1.0
erschreckend	neg 1.0		neg 0.501546204957549 off 0.4301693858375282 __DUMMY__ 0.06828440920492287	false	1.0
ertrinken	neg 1.0		neg 0.501903477505561 off 0.42936143539806143 __DUMMY__ 0.06873508709637764	false	1.0
pickelface	off 1.0		neg 0.5019763268177333 off 0.4296146919316784 __DUMMY__ 0.06840898125058825	false	0.5
seiner			neg 0.5032669652403691 off 0.42798536516537616 __DUMMY__ 0.06874766959425473	false	0.0
lauch	neg 1.0		neg 0.508357950265376 off 0.4231255171988811 __DUMMY__ 0.06851653253574293	false	1.0
unwichtig	neg 1.0		neg 0.4951821447444529 off 0.4367995505909017 __DUMMY__ 0.06801830466464547	false	1.0
steuerhinterziehung	neg 1.0		neg 0.5039563311280901 off 0.42797025361472013 __DUMMY__ 0.06807341525718971	false	1.0
schock	neg 1.0		neg 0.49741346200079206 off 0.43371665487445493 __DUMMY__ 0.068869883124753	false	1.0
beule	neg 1.0		neg 0.4918344903535044 off 0.43977774667810754 __DUMMY__ 0.06838776296838811	false	1.0
vergelten	neg 1.0		neg 0.48859825793350037 off 0.44306009095460375 __DUMMY__ 0.06834165111189597	false	1.0
verdorbenheit	neg 1.0		neg 0.49808352717751714 off 0.4332390072949421 __DUMMY__ 0.06867746552754082	false	1.0
trauma	neg 1.0		neg 0.498460848747811 off 0.4332104384489738 __DUMMY__ 0.0683287128032153	false	1.0
sinnlos	neg 1.0		neg 0.49592262031837114 off 0.43565134121719445 __DUMMY__ 0.06842603846443437	false	1.0
fettsack	off 1.0	off 1.0	off 0.7070201689062424 neg 0.2606222009537306 __DUMMY__ 0.03235763014002704	false	1.0
feige	off 1.0	off 1.0	off 0.7029783582980809 neg 0.26464762007040743 __DUMMY__ 0.03237402163151171	false	1.0
abdanken	neg 1.0		neg 0.5025012202492202 off 0.42937873290568573 __DUMMY__ 0.06812004684509405	false	1.0
wichtigtuer	off 1.0	off 1.0	off 0.7014888529177773 neg 0.26600580426571235 __DUMMY__ 0.03250534281651043	false	1.0
misslingen	neg 1.0		neg 0.49465598088417556 off 0.4364098135024132 __DUMMY__ 0.06893420561341117	false	1.0
untreu	off 1.0		neg 0.49427201163285217 off 0.4378286129481933 __DUMMY__ 0.06789937541895448	false	0.5
missmutig	neg 1.0		neg 0.49438200235304397 off 0.4374911092402355 __DUMMY__ 0.06812688840672067	false	1.0
hurenbock	off 1.0		neg 0.4965119521382389 off 0.43494524439979215 __DUMMY__ 0.06854280346196899	false	0.5
betrunken	neg 1.0		neg 0.48912514920731237 off 0.44250865618511726 __DUMMY__ 0.06836619460757049	false	1.0
korrupt	off 1.0		neg 0.5068375649152906 off 0.42539080352022074 __DUMMY__ 0.06777163156448864	false	0.5
unmut	neg 1.0		neg 0.5080981294098094 off 0.4232784924479768 __DUMMY__ 0.06862337814221381	false	1.0
hackfresse	off 1.0		neg 0.48682824942932557 off 0.44561104721809885 __DUMMY__ 0.06756070335257566	false	0.5
aufblasen	neg 1.0		neg 0.49587150425408766 off 0.43550510275822624 __DUMMY__ 0.06862339298768613	false	1.0
gewaltsam	neg 1.0		neg 0.5002146323022518 off 0.43132817497547304 __DUMMY__ 0.06845719272227513	false	1.0
unbeliebtheit	neg 1.0		neg 0.500572487361369 off 0.432141110826016 __DUMMY__ 0.06728640181261523	false	1.0
sturheit	neg 1.0		neg 0.5024230895570777 off 0.429412696919331 __DUMMY__ 0.06816421352359125	false	1.0
kuh	neg 1.0		neg 0.5001038259169247 off 0.43177526475301337 __DUMMY__ 0.0681209093300618	false	1.0
erschrecken	neg 1.0		neg 0.4941786439743787 off 0.43751635580915416 __DUMMY__ 0.06830500021646695	false	1.0
opfer	neg 1.0		neg 0.5028747657910785 off 0.4285463678219136 __DUMMY__ 0.06857886638700797	false	1.0
sinken	neg 1.0		neg 0.5063358419689467 off 0.42489962987694296 __DUMMY__ 0.06876452815411027	false	1.0
stinktier	neg 1.0		neg 0.49008160429581515 off 0.44224941672122725 __DUMMY__ 0.06766897898295754	false	1.0
tucke	off 1.0		neg 0.4892753055637334 off 0.4436550229740945 __DUMMY__ 0.06706967146217212	false	0.5
ein			neg 0.4963813620268736 off 0.43494697363551865 __DUMMY__ 0.0686716643376077	false	0.0
abstieg	neg 1.0		neg 0.5018074450236096 off 0.4292741429495325 __DUMMY__ 0.06891841202685801	false	1.0
missverstehen	neg 1.0		neg 0.498217841154425 off 0.43375989459739317 __DUMMY__ 0.06802226424818185	false	1.0
ergebnislos	neg 1.0		neg 0.5040913830389676 off 0.42731982693154635 __DUMMY__ 0.06858879002948609	false	1.0
unter			neg 0.5073562244248833 off 0.4230300030127187 __DUMMY__ 0.06961377256239804	false	0.0
manipulieren	neg 1.0		neg 0.5059019353050926 off 0.4256719723943714 __DUMMY__ 0.068426092300536	false	1.0
unbewiesen	neg 1.0		neg 0.5057824335927957 off 0.4268099922590137 __DUMMY__ 0.06740757414819055	false	1.0
verschleppen	neg 1.0		neg 0.5030725443189366 off 0.4285066599504786 __DUMMY__ 0.06842079573058488	false	1.0
weib	off 1.0		neg 0.48700950822506184 off 0.4454492148856842 __DUMMY__ 0.06754127688925403	false	0.5
opposition	neg 1.0		neg 0.4992828169757917 off 0.43267958705383947 __DUMMY__ 0.06803759597036887	false	1.0
verkehrswidrig	neg 1.0	neg 1.0	neg 0.7284862269960773 off 0.23851737440662613 __DUMMY__ 0.032996398597296625	false	1.0
inkorrekt	neg 1.0		neg 0.49583685359417584 off 0.436745094851608 __DUMMY__ 0.06741805155421604	false	1.0
vermeiden	neg 1.0		neg 0.5081405049494881 off 0.4228337807718982 __DUMMY__ 0.06902571427861372	false	1.0
abweichung	neg 1.0		neg 0.50402185875897 off 0.42748347377514195 __DUMMY__ 0.06849466746588809	false	1.0
alkoholisiert	neg 1.0		neg 0.4989527675435064 off 0.4316056156525404 __DUMMY__ 0.06944161680395301	false	1.0
scheiss	off 1.0	off 1.0	off 0.7046556369346165 neg 0.26271940367039825 __DUMMY__ 0.03262495939498525	false	1.0
herausforderung	neg 1.0	neg 1.0	neg 0.7361522983193153 off 0.2305353080875303 __DUMMY__ 0.03331239359315442	false	1.0
pervers	off 1.0		neg 0.48367150575437085 off 0.4489306323765383 __DUMMY__ 0.06739786186909086	false	0.5
wackelig	neg 1.0		neg 0.49806778900767584 off 0.4328447250815355 __DUMMY__ 0.06908748591078877	false	1.0
verwickeln	neg 1.0		neg 0.4985890451548577 off 0.4334198232331501 __DUMMY__ 0.06799113161199215	false	1.0
vorwand	neg 1.0		neg 0.5060596129441958 off 0.4253806122960573 __DUMMY__ 0.06855977475974687	false	1.0
muschi	off 1.0		neg 0.5011860091701015 off 0.4303682115079852 __DUMMY__ 0.06844577932191324	false	0.5
entmutigung	neg 1.0		neg 0.5010249711933282 off 0.4311153535823233 __DUMMY__ 0.06785967522434856	false	1.0
unangemessen	neg 1.0		neg 0.503131478649909 off 0.42864866828224657 __DUMMY__ 0.06821985306784457	false	1.0
unstetig	neg 1.0		neg 0.49647272451966523 off 0.4349086197709472 __DUMMY__ 0.06861865570938767	false	1.0
entmutigen	neg 1.0		neg 0.49804755620132385 off 0.43364248446455944 __DUMMY__ 0.06830995933411682	false	1.0
schwanz	neg 1.0		neg 0.5036407936810071 off 0.4276630846133635 __DUMMY__ 0.06869612170562937	false	1.0
verbot	neg 1.0		neg 0.5048702095410181 off 0.42699667892578863 __DUMMY__ 0.06813311153319337	false	1.0
leid	neg 1.0		neg 0.4879814313070313 off 0.4441508102169355 __DUMMY__ 0.06786775847603305	false	1.0
archaisch	neg 1.0		neg 0.5021584989345551 off 0.42944760869768234 __DUMMY__ 0.06839389236776244	false	1.0
gegen			neg 0.5047323333875404 off 0.4263587308624074 __DUMMY__ 0.06890893575005223	false	0.0
scheidung	neg 1.0		neg 0.47902367789239797 off 0.45354382083745803 __DUMMY__ 0.06743250127014407	false	1.0
einschlag	neg 1.0	neg 1.0	neg 0.7313627044111195 off 0.23603562008405637 __DUMMY__ 0.03260167550482414	false	1.0
m			neg 0.5001499490439012 off 0.43110768365321356 __DUMMY__ 0.06874236730288528	false	0.0
abgestanden	neg 1.0		neg 0.4965067329930142 off 0.4348437720420594 __DUMMY__ 0.0686494949649264	false	1.0
schmierig	off 1.0		neg 0.4883186914623536 off 0.44375782764457844 __DUMMY__ 0.06792348089306798	false	0.5
unpraktisch	neg 1.0		neg 0.4952805758014979 off 0.4359369047810756 __DUMMY__ 0.0687825194174265	false	1.0
wixxer	off 1.0		neg 0.4844672063951738 off 0.4482134100206482 __DUMMY__ 0.06731938358417805	false	0.5
bezeichnet			neg 0.501085403569764 off 0.4306859923795984 __DUMMY__ 0.06822860405063753	false	0.0
jammerlappen	off 1.0		neg 0.4947694991657644 off 0.4371792662598387 __DUMMY__ 0.06805123457439678	false	0.5
farce	neg 1.0		neg 0.5045940246671063 off 0.42740043089497554 __DUMMY__ 0.06800554443791809	false	1.0
zwecklos	neg 1.0		neg 0.503011421097442 off 0.4287384864478791 __DUMMY__ 0.06825009245467875	false	1.0
turbulent	neg 1.0		neg 0.4950681740562109 off 0.43703689391619743 __DUMMY__ 0.06789493202759167	false	1.0
invasion	neg 1.0		neg 0.4957347725715343 off 0.43582855982233026 __DUMMY__ 0.06843666760613537	false	1.0
schuld	neg 1.0		neg 0.4989811552077872 off 0.4327548762617378 __DUMMY__ 0.06826396853047509	false	1.0
risiko	neg 1.0		neg 0.49793944738719087 off 0.4335031606619647 __DUMMY__ 0.06855739195084436	false	1.0
finster	neg 1.0		neg 0.4969048621147491 off 0.43456053455914345 __DUMMY__ 0.06853460332610739	false	1.0
geisteskrank	off 1.0		neg 0.4946835761310126 off 0.4376052953423691 __DUMMY__ 0.06771112852661824	false	0.5
zusammenbrechen	neg 1.0		neg 0.5000187023858091 off 0.4313852378279522 __DUMMY__ 0.06859605978623873	false	1.0
ausbeute	neg 1.0		neg 0.5003860387603187 off 0.43043837520784267 __DUMMY__ 0.06917558603183867	false	1.0
hinterhalt	neg 1.0		neg 0.4991898000667917 off 0.4320012037490302 __DUMMY__ 0.06880899618417816	false	1.0
kritik	neg 1.0		neg 0.5045022989392375 off 0.4274407724703708 __DUMMY__ 0.06805692859039174	false	1.0
einschrumpfen	neg 1.0		neg 0.4988885839166006 off 0.4332866963605457 __DUMMY__ 0.0678247197228538	false	1.0
riskant	neg 1.0		neg 0.5041898475060815 off 0.4273884748367354 __DUMMY__ 0.06842167765718302	false	1.0
frustrieren	neg 1.0		neg 0.5033402369166412 off 0.4281499723610107 __DUMMY__ 0.06850979072234797	false	1.0
groll	neg 1.0		neg 0.5023555143477589 off 0.42923042049671595 __DUMMY__ 0.06841406515552499	false	1.0
gibt			neg 0.5011007195546011 off 0.43039615040198437 __DUMMY__ 0.06850313004341445	false	0.0
qualvoll	neg 1.0		neg 0.4945577853777784 off 0.4370321379473009 __DUMMY__ 0.06841007667492059	false	1.0
wackeln	neg 1.0	neg 1.0	neg 0.7345647206785483 off 0.23250133098791756 __DUMMY__ 0.03293394833353422	false	1.0
klagen	neg 1.0		neg 0.506871930048201 off 0.42442330081360125 __DUMMY__ 0.06870476913819765	false	1.0
bankrott	neg 1.0		neg 0.49458770517798895 off 0.43712149602156863 __DUMMY__ 0.0682907988004424	false	1.0
trauern	neg 1.0		neg 0.5018643550511275 off 0.42936359637776456 __DUMMY__ 0.06877204857110805	false	1.0
ablehnung	neg 1.0		neg 0.5042469810975381 off 0.42766597727217626 __DUMMY__ 0.06808704163028571	false	1.0
stur	neg 1.0		neg 0.49869994933126405 off 0.4331209216619214 __DUMMY__ 0.06817912900681443	false	1.0
aufruhr	neg 1.0		neg 0.5003797689823831 off 0.43116762450376134 __DUMMY__ 0.06845260651385546	false	1.0
melancholie	neg 1.0		neg 0.5000977164355067 off 0.43112187842448974 __DUMMY__ 0.0687804051400035	false	1.0
ist			neg 0.4969174996580505 off 0.4346981250713249 __DUMMY__ 0.06838437527062453	false	0.0
torheit	neg 1.0		neg 0.5014759383888641 off 0.43060048386268673 __DUMMY__ 0.06792357774844911	false	1.0
dreckskind	off 1.0		neg 0.4889333984061451 off 0.44350190827812014 __DUMMY__ 0.06756469331573486	false	0.5
umtauschen	neg 1.0		neg 0.4981677746896213 off 0.4331945433510401 __DUMMY__ 0.06863768195933863	false	1.0
zum			neg 0.503181525447917 off 0.42707226351695177 __DUMMY__ 0.06974621103513105	false	0.0
zersetzen	neg 1.0		neg 0.5069437210884641 off 0.4247733844206307 __DUMMY__ 0.06828289449090529	false	1.0
zur			neg 0.5073506284498204 off 0.42338972425887983 __DUMMY__ 0.06925964729129984	false	0.0
frust	neg 1.0		neg 0.5001333364561018 off 0.43125282598995945 __DUMMY__ 0.06861383755393878	false	1.0
unerbittlichkeit	neg 1.0		neg 0.5060867137984454 off 0.4255253737023338 __DUMMY__ 0.06838791249922095	false	1.0
zwei			neg 0.5020605836220737 off 0.4284625306719367 __DUMMY__ 0.06947688570598952	false	0.0
unkorrekt	neg 1.0		neg 0.4949160867275713 off 0.4376502248325398 __DUMMY__ 0.06743368843988896	false	1.0
hexe	off 1.0		neg 0.4933785366793919 off 0.4385188102442448 __DUMMY__ 0.06810265307636328	false	0.5
lasch	neg 1.0		neg 0.4977256733566764 off 0.43441669687852746 __DUMMY__ 0.06785762976479603	false	1.0
rivale	neg 1.0		neg 0.4910459294312574 off 0.44089819599748153 __DUMMY__ 0.06805587457126103	false	1.0
mutlos	off 1.0	off 1.0	off 0.6972790248129977 neg 0.2701510153916376 __DUMMY__ 0.032569959795364575	false	1.0
wirr	off 1.0		neg 0.49399780038757285 off 0.438495600929204 __DUMMY__ 0.06750659868322333	false	0.5
jahr			neg 0.5004534181869188 off 0.4301957294080836 __DUMMY__ 0.06935085240499755	false	0.0
wird			neg 0.5016952754894151 off 0.42962253511607273 __DUMMY__ 0.06868218939451223	false	0.0
strafbar	neg 1.0		neg 0.5048144217157198 off 0.4268753912882551 __DUMMY__ 0.06831018699602506	false	1.0
erosion	neg 1.0		neg 0.4973949620693251 off 0.4340314047813661 __DUMMY__ 0.06857363314930887	false	1.0
eingehen	neg 1.0		neg 0.5041176959612278 off 0.4276552603180911 __DUMMY__ 0.06822704372068103	false	1.0
faul	off 1.0		neg 0.4932596222060062 off 0.4383226404695336 __DUMMY__ 0.06841773732446002	false	0.5
provisorium	neg 1.0		neg 0.5091898692590715 off 0.4214279839102532 __DUMMY__ 0.06938214683067541	false	1.0
schmerzen	neg 1.0		neg 0.49850489859192504 off 0.4329810512923717 __DUMMY__ 0.06851405011570322	false	1.0
schrumpfen	neg 1.0		neg 0.510232801956008 off 0.4210313249863922 __DUMMY__ 0.06873587305759993	false	1.0
geistlos	off 1.0		neg 0.5020081463369077 off 0.4305407017826666 __DUMMY__ 0.06745115188042568	false	0.5
fehlkauf	neg 1.0		neg 0.498383264951181 off 0.4334374170658689 __DUMMY__ 0.06817931798295015	false	1.0
frustrierend	neg 1.0		neg 0.49357761066519457 off 0.4379892281804061 __DUMMY__ 0.06843316115439949	false	1.0
unzufrieden	neg 1.0		neg 0.502767343372005 off 0.4289179159447524 __DUMMY__ 0.06831474068324252	false	1.0
verzweifeln	neg 1.0		neg 0.4994503624308715 off 0.432071752619498 __DUMMY__ 0.06847788494963065	false	1.0
verzweifelt	neg 1.0		neg 0.498149207941434 off 0.4336060697193067 __DUMMY__ 0.0682447223392593	false	1.0
misstrauensantrag	neg 1.0		neg 0.49767271784866346 off 0.4341748591263343 __DUMMY__ 0.06815242302500234	false	1.0
abfallen	neg 1.0		neg 0.49532465182409474 off 0.43595131085794636 __DUMMY__ 0.06872403731795877	false	1.0
fucker	off 1.0		neg 0.49310374712074717 off 0.43902586589408493 __DUMMY__ 0.06787038698516784	false	0.5
ungezogen	neg 1.0		neg 0.48426198751456245 off 0.44808529818146176 __DUMMY__ 0.06765271430397586	false	1.0
irrsinnig	neg 1.0	neg 1.0	neg 0.7363289445350518 off 0.23106994152217444 __DUMMY__ 0.03260111394277379	false	1.0
unfassbar	neg 1.0		neg 0.4938142459415999 off 0.43814796542360634 __DUMMY__ 0.06803778863479393	false	1.0
hart	neg 1.0		neg 0.4954801729938528 off 0.4362953030866818 __DUMMY__ 0.06822452391946544	false	1.0
widerlich	off 1.0		neg 0.494629974968795 off 0.43764297671557345 __DUMMY__ 0.06772704831563149	false	0.5
fatal	neg 1.0		neg 0.49767744054574214 off 0.4340928386853667 __DUMMY__ 0.06822972076889117	false	1.0
bruch	neg 1.0		neg 0.5072655931746688 off 0.4241329253110609 __DUMMY__ 0.06860148151427031	false	1.0
aushungern	neg 1.0		neg 0.5036943991748719 off 0.42831021487255444 __DUMMY__ 0.06799538595257368	false	1.0
anspannung	neg 1.0	neg 1.0	neg 0.7389403030288133 off 0.2276985184824224 __DUMMY__ 0.03336117848876434	false	1.0
von			neg 0.5016259389194928 off 0.4290606095363515 __DUMMY__ 0.06931345154415565	false	0.0
kraftlos	neg 1.0		neg 0.4991332976559106 off 0.4320102234955859 __DUMMY__ 0.06885647884850345	false	1.0
vom			neg 0.5058274523826263 off 0.42441355887227655 __DUMMY__ 0.06975898874509721	false	0.0
grenzdebil	off 1.0		neg 0.4923545022832422 off 0.4395930109006387 __DUMMY__ 0.0680524868161191	false	0.5
vor			neg 0.5038471032739781 off 0.4272619490951022 __DUMMY__ 0.06889094763091978	false	0.0
unterwerfen	neg 1.0		neg 0.5041652818828812 off 0.4273931759435464 __DUMMY__ 0.06844154217357228	false	1.0
versenkung	neg 1.0		neg 0.503903292809534 off 0.4275571781967279 __DUMMY__ 0.068539528993738	false	1.0
entziehen	neg 1.0		neg 0.5064051436970844 off 0.4249458975081963 __DUMMY__ 0.06864895879471938	false	1.0
finanzkrise	neg 1.0		neg 0.5034313941807447 off 0.42858266568717684 __DUMMY__ 0.06798594013207841	false	1.0
schimpfend	neg 1.0		neg 0.49528467750776894 off 0.43594375984118067 __DUMMY__ 0.06877156265105044	false	1.0
profan	neg 1.0		neg 0.49607932116282344 off 0.43565024845310163 __DUMMY__ 0.0682704303840748	false	1.0
korruption	neg 1.0	neg 1.0	neg 0.7397172822392222 off 0.22774408985878714 __DUMMY__ 0.03253862790199062	false	1.0
â			neg 0.5019900845696497 off 0.4293314645607451 __DUMMY__ 0.06867845086960529	false	0.0
schmutzig	neg 1.0		neg 0.49242500143554657 off 0.43941459211210904 __DUMMY__ 0.06816040645234443	false	1.0
sexy	neg 1.0		neg 0.49559709482123054 off 0.4361697471755148 __DUMMY__ 0.0682331580032546	false	1.0
abraten	neg 1.0		neg 0.49682747016975654 off 0.4348116163737123 __DUMMY__ 0.06836091345653125	false	1.0
schwarz	neg 1.0		neg 0.4986186050245815 off 0.43317641005459695 __DUMMY__ 0.06820498492082158	false	1.0
fotze	off 1.0		neg 0.5036531028032022 off 0.42784518299775914 __DUMMY__ 0.06850171419903874	false	0.5
verwirren	neg 1.0		neg 0.49575436133854556 off 0.435964359971707 __DUMMY__ 0.06828127868974737	false	1.0
zahnlos	off 1.0		neg 0.5029738101031545 off 0.42874804425812313 __DUMMY__ 0.0682781456387224	false	0.5
verheeren	neg 1.0		neg 0.4830424106251729 off 0.4492799759932976 __DUMMY__ 0.06767761338152956	false	1.0
hippie	neg 1.0		neg 0.49659803460119933 off 0.4352164523956647 __DUMMY__ 0.06818551300313601	false	1.0
rammen	neg 1.0		neg 0.4983920602909248 off 0.4332700083644876 __DUMMY__ 0.06833793134458761	false	1.0
unlauter	neg 1.0		neg 0.5028099501653238 off 0.42944552908858735 __DUMMY__ 0.06774452074608871	false	1.0
unheilvoll	neg 1.0		neg 0.4944558869965746 off 0.4369064368250027 __DUMMY__ 0.06863767617842273	false	1.0
niedrig	neg 1.0		neg 0.5035501432029307 off 0.4277600833237005 __DUMMY__ 0.06868977347336878	false	1.0
explosion	neg 1.0		neg 0.49747213012474667 off 0.4343734345198881 __DUMMY__ 0.06815443535536538	false	1.0
weichei	off 1.0		neg 0.4881911356287208 off 0.4441540888071659 __DUMMY__ 0.06765477556411321	false	0.5
minusmensch	off 1.0		neg 0.4880023546957916 off 0.44503313621659396 __DUMMY__ 0.06696450908761442	false	0.5
farblos	neg 1.0		neg 0.4965318105435607 off 0.43443289385415823 __DUMMY__ 0.069035295602281	false	1.0
unwissend	neg 1.0	neg 1.0	neg 0.7340849935612739 off 0.23344937223308962 __DUMMY__ 0.0324656342056365	false	1.0
traurig	neg 1.0		neg 0.4898470587461057 off 0.4421161967659904 __DUMMY__ 0.06803674448790374	false	1.0
senkung	neg 1.0		neg 0.498523004711613 off 0.43355447945737857 __DUMMY__ 0.06792251583100847	false	1.0
ungleich	neg 1.0	neg 1.0	neg 0.7402748508675194 off 0.22713351806540735 __DUMMY__ 0.032591631067073135	false	1.0
heikel	neg 1.0		neg 0.5056892764274844 off 0.42588153824278724 __DUMMY__ 0.06842918532972828	false	1.0
drosselung	neg 1.0		neg 0.4924048836216116 off 0.4394484670502216 __DUMMY__ 0.06814664932816665	false	1.0
falsch	neg 1.0		neg 0.49463195260730386 off 0.4371518811043344 __DUMMY__ 0.06821616628836162	false	1.0
unzufriedenheit	neg 1.0		neg 0.506431179506728 off 0.42511930776962153 __DUMMY__ 0.06844951272365048	false	1.0
kurz	neg 1.0		neg 0.49813501075420974 off 0.43296570648363136 __DUMMY__ 0.06889928276215895	false	1.0
unsinnig	neg 1.0		neg 0.5032798043194308 off 0.42859825514570943 __DUMMY__ 0.06812194053485972	false	1.0
penner	off 1.0	off 1.0	off 0.7083301492807912 neg 0.2593984319234371 __DUMMY__ 0.032271418795771785	false	1.0
seicht	neg 1.0		neg 0.4874154939561662 off 0.4453780131760402 __DUMMY__ 0.06720649286779347	false	1.0
dummheit	off 1.0	off 1.0	off 0.7015302764723487 neg 0.26600506772879434 __DUMMY__ 0.03246465579885702	false	1.0
unerfreulich	neg 1.0		neg 0.5050689804908108 off 0.4262155210363582 __DUMMY__ 0.06871549847283091	false	1.0
motherfucker	off 1.0	off 1.0	off 0.7040880080401144 neg 0.263544574964402 __DUMMY__ 0.03236741699548365	false	1.0
pikiert	neg 1.0		neg 0.49610872283497565 off 0.4361648109328268 __DUMMY__ 0.06772646623219761	false	1.0
wrack	neg 1.0		neg 0.5003816741088939 off 0.43056581568759683 __DUMMY__ 0.06905251020350932	false	1.0
gangster	neg 1.0		neg 0.49640060362323735 off 0.4353100019042153 __DUMMY__ 0.06828939447254745	false	1.0
krank	neg 1.0		neg 0.4907880230500793 off 0.44097074066957187 __DUMMY__ 0.06824123628034875	false	1.0
reich	neg 1.0		neg 0.49662519865688093 off 0.4354828647183881 __DUMMY__ 0.06789193662473092	false	1.0
gnadenlos	neg 1.0		neg 0.49843590391162146 off 0.43321798222313695 __DUMMY__ 0.06834611386524164	false	1.0
niedergeschlagen	neg 1.0		neg 0.49912617089098577 off 0.4321761259489794 __DUMMY__ 0.06869770316003493	false	1.0
terrorisieren	off 1.0	off 1.0	off 0.6985283003347024 neg 0.2687213131897578 __DUMMY__ 0.0327503864755398	false	1.0
sinnlosigkeit	neg 1.0		neg 0.5024826001027458 off 0.4291910067004884 __DUMMY__ 0.06832639319676595	false	1.0
behindern	neg 1.0		neg 0.5009630881485041 off 0.4307327321150696 __DUMMY__ 0.06830417973642633	false	1.0
undemokratisch	neg 1.0		neg 0.5015368954933874 off 0.4305575912397545 __DUMMY__ 0.06790551326685804	false	1.0
wirtschaftskrise	neg 1.0		neg 0.5048768723314933 off 0.42688240868289024 __DUMMY__ 0.06824071898561665	false	1.0
neid	neg 1.0		neg 0.49201146651756733 off 0.4394890083320157 __DUMMY__ 0.0684995251504169	false	1.0
rutschen	neg 1.0	neg 1.0	neg 0.7376181785795973 off 0.22903127119462913 __DUMMY__ 0.03335055022577357	false	1.0
rezession	neg 1.0		neg 0.49229919599697936 off 0.44019525952715044 __DUMMY__ 0.06750554447587025	false	1.0
fehlgeburt	neg 1.0		neg 0.4952300834388543 off 0.436189223452567 __DUMMY__ 0.06858069310857859	false	1.0
charakterschwach	off 1.0		neg 0.4937450673035324 off 0.43831569920146535 __DUMMY__ 0.06793923349500226	false	0.5
isolation	neg 1.0		neg 0.49366746152262697 off 0.43791162561327157 __DUMMY__ 0.06842091286410137	false	1.0
ablenkung	neg 1.0		neg 0.49829110252343595 off 0.43322944681759173 __DUMMY__ 0.06847945065897226	false	1.0
pech	neg 1.0		neg 0.4937730104396809 off 0.437830968381225 __DUMMY__ 0.06839602117909412	false	1.0
vermeidung	neg 1.0		neg 0.4938684616901881 off 0.43826909202364506 __DUMMY__ 0.06786244628616683	false	1.0
dominieren	neg 1.0		neg 0.5006917256162969 off 0.43041291377951746 __DUMMY__ 0.0688953606041855	false	1.0
schwindlig	neg 1.0		neg 0.4931924841208616 off 0.43802717969876453 __DUMMY__ 0.06878033618037384	false	1.0
lutscher	neg 1.0		neg 0.48567779443624604 off 0.4470003295813624 __DUMMY__ 0.0673218759823916	false	1.0
pflicht	neg 1.0		neg 0.5056016642363379 off 0.425915170457711 __DUMMY__ 0.06848316530595112	false	1.0
faschist	off 1.0		neg 0.4997065987569403 off 0.4325570155957859 __DUMMY__ 0.0677363856472739	false	0.5
verschleudern	neg 1.0		neg 0.508005231625415 off 0.4240818345550399 __DUMMY__ 0.06791293381954495	false	1.0
wenn			neg 0.4944389278764747 off 0.43735974668318395 __DUMMY__ 0.06820132544034133	false	0.0
ehebruch	neg 1.0		neg 0.5045693452594862 off 0.4271620360955506 __DUMMY__ 0.06826861864496317	false	1.0
spott	off 1.0		neg 0.5055872781885622 off 0.42619026444154307 __DUMMY__ 0.06822245736989471	false	0.5
trostlosigkeit	neg 1.0		neg 0.5061659887895334 off 0.4252021979409572 __DUMMY__ 0.06863181326950936	false	1.0
lutschen	neg 1.0		neg 0.49789004159572736 off 0.43403319266642293 __DUMMY__ 0.06807676573784983	false	1.0
undiszipliniert	neg 1.0		neg 0.4908758243765917 off 0.4410677848688955 __DUMMY__ 0.06805639075451277	false	1.0
kopfschmerz	neg 1.0		neg 0.4987646080647515 off 0.4324789392835022 __DUMMY__ 0.06875645265174647	false	1.0
unvorhergesehen	neg 1.0		neg 0.49885056132620526 off 0.43192787706265584 __DUMMY__ 0.06922156161113882	false	1.0
desinteressiert	neg 1.0		neg 0.4923751468616164 off 0.4397644135135043 __DUMMY__ 0.06786043962487932	false	1.0
armselig	off 1.0		neg 0.49341216744817273 off 0.43907852295734173 __DUMMY__ 0.06750930959448546	false	0.5
desaster	neg 1.0		neg 0.5081894057977272 off 0.42323496034171304 __DUMMY__ 0.06857563386055983	false	1.0
tod	neg 1.0		neg 0.5008281818104676 off 0.4303407990952655 __DUMMY__ 0.0688310190942669	false	1.0
herzlos	neg 1.0		neg 0.491043205071364 off 0.4411962855627923 __DUMMY__ 0.06776050936584374	false	1.0
unwissenheit	neg 1.0		neg 0.504796327853093 off 0.4271763671124988 __DUMMY__ 0.06802730503440817	false	1.0
widersinnig	neg 1.0	neg 1.0	neg 0.739691773240856 off 0.22788110263522138 __DUMMY__ 0.03242712412392264	false	1.0
bedenklich	neg 1.0		neg 0.5045294508800154 off 0.4271570531937526 __DUMMY__ 0.06831349592623218	false	1.0
beanstanden	neg 1.0		neg 0.5053494605406786 off 0.4260060425493452 __DUMMY__ 0.06864449690997611	false	1.0
panisch	neg 1.0	neg 1.0	neg 0.7326853418633286 off 0.23433191610055 __DUMMY__ 0.03298274203612148	false	1.0
debil	off 1.0		neg 0.5095321235207567 off 0.4214620527021668 __DUMMY__ 0.0690058237770765	false	0.5
abstrich	neg 1.0		neg 0.5028070942593056 off 0.42875489038781645 __DUMMY__ 0.06843801535287805	false	1.0
primitiv	neg 1.0		neg 0.4939643914053649 off 0.4382921849247577 __DUMMY__ 0.06774342366987746	false	1.0
abschaum	off 1.0	off 1.0	off 0.7028138335924983 neg 0.2647686666173866 __DUMMY__ 0.032417499790115115	false	1.0
provozieren	neg 1.0		neg 0.49977135954677504 off 0.4320521964108048 __DUMMY__ 0.06817644404242007	false	1.0
tot	neg 1.0		neg 0.502833034281829 off 0.4285513440520723 __DUMMY__ 0.06861562166609858	false	1.0
instabil	neg 1.0		neg 0.494945627540895 off 0.4374383232902056 __DUMMY__ 0.06761604916889953	false	1.0
schwuchtel	off 1.0		neg 0.4816420209383339 off 0.4513407344772812 __DUMMY__ 0.0670172445843848	false	0.5
zerren	neg 1.0		neg 0.4987996517751196 off 0.4324657836906559 __DUMMY__ 0.0687345645342244	false	1.0
kinderficker	off 1.0		neg 0.4914221894212887 off 0.44126541348827136 __DUMMY__ 0.06731239709043987	false	0.5
gefahr	neg 1.0		neg 0.5048074098663747 off 0.42652136328848994 __DUMMY__ 0.06867122684513541	false	1.0
rabiat	neg 1.0		neg 0.5006006005519076 off 0.4312158309454 __DUMMY__ 0.06818356850269237	false	1.0
verlangsamung	neg 1.0		neg 0.4885477136408002 off 0.44405749292657065 __DUMMY__ 0.0673947934326293	false	1.0
ausgestorben	neg 1.0		neg 0.4988803351511453 off 0.4325397977074985 __DUMMY__ 0.06857986714135632	false	1.0
anklagen	neg 1.0		neg 0.5025039866928405 off 0.4292181765359591 __DUMMY__ 0.06827783677120035	false	1.0
trott	neg 1.0		neg 0.49902243792715906 off 0.4324131674217346 __DUMMY__ 0.06856439465110648	false	1.0
verminderung	neg 1.0		neg 0.49301869803517956 off 0.43915204948879516 __DUMMY__ 0.06782925247602542	false	1.0
nach			neg 0.5026510898537646 off 0.4276007510927153 __DUMMY__ 0.06974815905352029	false	0.0
rost	neg 1.0		neg 0.4898041354108105 off 0.44273608577848217 __DUMMY__ 0.06745977881070736	false	1.0
destruktiv	neg 1.0		neg 0.5028344978061461 off 0.4292232589322988 __DUMMY__ 0.0679422432615551	false	1.0
unzumutbarkeit	neg 1.0		neg 0.4926818810800916 off 0.4389180496958417 __DUMMY__ 0.06840006922406668	false	1.0
labil	off 1.0	off 1.0	off 0.703073775661328 neg 0.2644494267261947 __DUMMY__ 0.03247679761247724	false	1.0
ziemlich	neg 1.0		neg 0.49170306757132215 off 0.4400242751645832 __DUMMY__ 0.0682726572640947	false	1.0
lachnummer	off 1.0		neg 0.5007202136959384 off 0.43105264621677486 __DUMMY__ 0.06822714008728686	false	0.5
oder			neg 0.496751210254157 off 0.4345405587095546 __DUMMY__ 0.06870823103628834	false	0.0
verfall	neg 1.0		neg 0.5102881699038473 off 0.4209853470663787 __DUMMY__ 0.06872648302977401	false	1.0
ausgrenzung	neg 1.0		neg 0.50115652260853 off 0.43102709418338947 __DUMMY__ 0.06781638320808037	false	1.0
unordnung	neg 1.0		neg 0.49164932717152143 off 0.43996107923291433 __DUMMY__ 0.06838959359556421	false	1.0
fehlverhalten	neg 1.0		neg 0.5057500011352283 off 0.42585062451692984 __DUMMY__ 0.06839937434784195	false	1.0
eine			neg 0.504474546745061 off 0.42681103498315703 __DUMMY__ 0.06871441827178194	false	0.0
nille	neg 1.0		neg 0.5004329871647507 off 0.43109209100270557 __DUMMY__ 0.06847492183254382	false	1.0
qual	neg 1.0		neg 0.49971984267461894 off 0.4317797807138352 __DUMMY__ 0.06850037661154589	false	1.0
verschwenden	neg 1.0		neg 0.5033567688330259 off 0.42825630859591163 __DUMMY__ 0.06838692257106255	false	1.0
riesig	neg 1.0	neg 1.0	neg 0.7373053189938958 off 0.2297351433012993 __DUMMY__ 0.03295953770480483	false	1.0
verurteilen	neg 1.0		neg 0.5038311476771569 off 0.42798792237953714 __DUMMY__ 0.06818092994330588	false	1.0
klischee	neg 1.0	neg 1.0	neg 0.7355703108301281 off 0.23200338171698817 __DUMMY__ 0.03242630745288365	false	1.0
diktatorisch	neg 1.0		neg 0.5024733952314884 off 0.4298725792452011 __DUMMY__ 0.06765402552331048	false	1.0
vorhersehbar	neg 1.0	neg 1.0	neg 0.7355394682177114 off 0.2319506416960131 __DUMMY__ 0.03250989008627551	false	1.0
sowie			neg 0.48958032490160863 off 0.44282457825199306 __DUMMY__ 0.06759509684639825	false	0.0
stornieren	neg 1.0		neg 0.49377757797703237 off 0.4371401544349742 __DUMMY__ 0.06908226758799332	false	1.0
besteuerung	neg 1.0		neg 0.5013792340080491 off 0.43069035377227166 __DUMMY__ 0.06793041221967933	false	1.0
ungeschminkt	neg 1.0		neg 0.49342710144144364 off 0.4386272832943978 __DUMMY__ 0.06794561526415845	false	1.0
kritisch	neg 1.0		neg 0.5044839319218704 off 0.42715004064382056 __DUMMY__ 0.0683660274343091	false	1.0
schlamperei	off 1.0		neg 0.5058837569782321 off 0.4257476363460157 __DUMMY__ 0.06836860667575219	false	0.5
sucht	neg 1.0	neg 1.0	neg 0.7357131896765595 off 0.2314472306853886 __DUMMY__ 0.03283957963805185	false	1.0
egoistisch	off 1.0		neg 0.48811169937628035 off 0.4441857160032833 __DUMMY__ 0.06770258462043625	false	0.5
ausbeuter	off 1.0		neg 0.5071941542584592 off 0.42460200328256037 __DUMMY__ 0.06820384245898033	false	0.5
arschgeburt	off 1.0		neg 0.4823176193629021 off 0.45078795806805155 __DUMMY__ 0.06689442256904644	false	0.5
schubs	neg 1.0	neg 1.0	neg 0.7361861141896042 off 0.23081953357051324 __DUMMY__ 0.032994352239882584	false	1.0
unsolide	neg 1.0		neg 0.5037923121080596 off 0.4288804548117923 __DUMMY__ 0.06732723308014797	false	1.0
beschwerde	neg 1.0		neg 0.5055013067017251 off 0.4261182702484702 __DUMMY__ 0.06838042304980473	false	1.0
stocken	neg 1.0		neg 0.5039814931055568 off 0.4275231740738773 __DUMMY__ 0.06849533282056582	false	1.0
isolieren	neg 1.0		neg 0.5038902417800286 off 0.4278369717990282 __DUMMY__ 0.06827278642094321	false	1.0
unheilbar	neg 1.0		neg 0.498612058259014 off 0.4329776562908756 __DUMMY__ 0.06841028545011035	false	1.0
pisser	off 1.0		neg 0.49178486179193664 off 0.440204403771774 __DUMMY__ 0.06801073443628933	false	0.5
löschen	neg 1.0		neg 0.4995399049136176 off 0.4320658709524755 __DUMMY__ 0.06839422413390689	false	1.0
durchfallen	neg 1.0		neg 0.5036093464482839 off 0.42817752461382924 __DUMMY__ 0.06821312893788667	false	1.0
wichser	off 1.0		neg 0.48336177927645063 off 0.44920497808660576 __DUMMY__ 0.0674332426369438	false	0.5
terror	neg 1.0		neg 0.4945823073972283 off 0.43687847185942713 __DUMMY__ 0.06853922074334445	false	1.0
krass	neg 1.0		neg 0.4896071876704501 off 0.44253421354586037 __DUMMY__ 0.06785859878368965	false	1.0
revolte	neg 1.0		neg 0.49984374082894273 off 0.43227194920680156 __DUMMY__ 0.06788430996425587	false	1.0
besorgt	neg 1.0		neg 0.49918643934984486 off 0.43196324067797287 __DUMMY__ 0.06885031997218237	false	1.0
nachlassen	neg 1.0		neg 0.5043517151510575 off 0.42714709428944053 __DUMMY__ 0.06850119055950196	false	1.0
alt	neg 1.0		neg 0.5022148227036447 off 0.42919904919080537 __DUMMY__ 0.06858612810554994	false	1.0
hundesohn	off 1.0		neg 0.48681194460490274 off 0.44592833828277195 __DUMMY__ 0.06725971711232528	false	0.5
als			neg 0.4993299110780541 off 0.4318939079957935 __DUMMY__ 0.0687761809261525	false	0.0
abschreckung	neg 1.0		neg 0.5067908227639513 off 0.42466464232167095 __DUMMY__ 0.0685445349143778	false	1.0
unqualifiziert	neg 1.0		neg 0.4992630014470203 off 0.43304351261063373 __DUMMY__ 0.06769348594234603	false	1.0
abgewichst	off 1.0		neg 0.5008662184173029 off 0.43060026895866005 __DUMMY__ 0.06853351262403695	false	0.5
schwer	neg 1.0		neg 0.4988573379907164 off 0.43266219817152907 __DUMMY__ 0.06848046383775452	false	1.0
bedeutungslosigkeit	neg 1.0		neg 0.5059014482699815 off 0.42561357839715974 __DUMMY__ 0.06848497333285869	false	1.0
kapitulation	neg 1.0		neg 0.5069408079867931 off 0.42502480450778535 __DUMMY__ 0.06803438750542172	false	1.0
unscharf	neg 1.0		neg 0.49610755501396964 off 0.43555741380374985 __DUMMY__ 0.06833503118228042	false	1.0
schwinden	neg 1.0		neg 0.5061160038360146 off 0.42541121685555006 __DUMMY__ 0.06847277930843533	false	1.0
versklavung	neg 1.0		neg 0.5031945368934302 off 0.42918511942213444 __DUMMY__ 0.0676203436844352	false	1.0
schlecht	neg 1.0		neg 0.4915275731555534 off 0.44018672433151057 __DUMMY__ 0.06828570251293595	false	1.0
verhasst	neg 1.0		neg 0.4993670829629578 off 0.43247337796480845 __DUMMY__ 0.06815953907223372	false	1.0
beschweren	neg 1.0		neg 0.49719923363482876 off 0.4344894798520659 __DUMMY__ 0.06831128651310539	false	1.0
scheiden	neg 1.0		neg 0.4939936886277759 off 0.4368797486512581 __DUMMY__ 0.06912656272096597	false	1.0
frustriert	neg 1.0		neg 0.5000330394170063 off 0.43144351417748134 __DUMMY__ 0.0685234464055124	false	1.0
schimmelig	neg 1.0		neg 0.5018050753789519 off 0.4294180064387133 __DUMMY__ 0.0687769181823347	false	1.0
fisch	neg 1.0		neg 0.499835152407755 off 0.4308173149210329 __DUMMY__ 0.06934753267121214	false	1.0
schmuggel	neg 1.0		neg 0.5028311555539741 off 0.4282046754241025 __DUMMY__ 0.06896416902192345	false	1.0
auffallen	neg 1.0		neg 0.4957436344143831 off 0.43587097500343247 __DUMMY__ 0.0683853905821845	false	1.0
konkurrenz	neg 1.0	neg 1.0	neg 0.7395474504248989 off 0.2274920790389122 __DUMMY__ 0.03296047053618896	false	1.0
teufelskreis	neg 1.0	neg 1.0	neg 0.7376809402662406 off 0.2297136102421256 __DUMMY__ 0.03260544949163378	false	1.0
aufschreien	neg 1.0		neg 0.4978760092452046 off 0.4340355890903184 __DUMMY__ 0.06808840166447713	false	1.0
schuldner	neg 1.0		neg 0.5052262769444475 off 0.4262150831957755 __DUMMY__ 0.06855863985977712	false	1.0
missgeburt	off 1.0	off 1.0	off 0.7066852951991539 neg 0.26100452486420817 __DUMMY__ 0.03231017993663783	false	1.0
arbeitslos	neg 1.0		neg 0.5030494562480032 off 0.42869940097433523 __DUMMY__ 0.06825114277766142	false	1.0
befallen	neg 1.0		neg 0.5043749779404034 off 0.4276399501429614 __DUMMY__ 0.06798507191663505	false	1.0
miesepetrig	off 1.0	off 1.0	off 0.7048909014896672 neg 0.26247948921837805 __DUMMY__ 0.032629609291954895	false	1.0
alarmieren	neg 1.0		neg 0.49676800561192663 off 0.43538093149808876 __DUMMY__ 0.06785106288998449	false	1.0
ungeduscht	off 1.0		neg 0.4936106510887393 off 0.43794142285752 __DUMMY__ 0.06844792605374052	false	0.5
knappheit	neg 1.0		neg 0.5061213361561687 off 0.42575160366600723 __DUMMY__ 0.06812706017782408	false	1.0
schlange	neg 1.0		neg 0.49398104977981105 off 0.4372006536334784 __DUMMY__ 0.06881829658671046	false	1.0
harsch	neg 1.0		neg 0.4867038753758402 off 0.44508586273002043 __DUMMY__ 0.06821026189413927	false	1.0
lang	neg 1.0		neg 0.4987247404938932 off 0.4328482593165877 __DUMMY__ 0.06842700018951911	false	1.0
ziellos	neg 1.0		neg 0.5000904944300434 off 0.43111402741413585 __DUMMY__ 0.06879547815582075	false	1.0
selbstverliebt	neg 1.0		neg 0.48491104135010465 off 0.4480777399075182 __DUMMY__ 0.06701121874237709	false	1.0
beseitigen	neg 1.0	neg 1.0	neg 0.73593968873879 off 0.23114449271869775 __DUMMY__ 0.032915818542512396	false	1.0
dumm	off 1.0		neg 0.48766362261424007 off 0.44477780981146103 __DUMMY__ 0.0675585675742989	false	0.5
arbeitsloser	neg 1.0		neg 0.502098908411021 off 0.42931286812663394 __DUMMY__ 0.06858822346234493	false	1.0
blitzen	neg 1.0		neg 0.4961607989479955 off 0.4356219616726585 __DUMMY__ 0.06821723937934611	false	1.0
hilflos	neg 1.0		neg 0.5008851562477032 off 0.430624396621691 __DUMMY__ 0.0684904471306058	false	1.0
eklig	off 1.0		neg 0.48663991469066076 off 0.44578493712532663 __DUMMY__ 0.06757514818401272	false	0.5
begriff			neg 0.5022376386839157 off 0.4295616169352577 __DUMMY__ 0.0682007443808267	false	0.0
hungersnot	neg 1.0		neg 0.5017483216684275 off 0.42983523432170884 __DUMMY__ 0.06841644400986366	false	1.0
ungesetzlich	neg 1.0		neg 0.5032316600856622 off 0.4293751618426538 __DUMMY__ 0.0673931780716839	false	1.0
verschwendung	neg 1.0		neg 0.504436647020448 off 0.4270719290908524 __DUMMY__ 0.06849142388869957	false	1.0
schmerzvoll	neg 1.0		neg 0.49686775006182937 off 0.4347617280520185 __DUMMY__ 0.06837052188615207	false	1.0
vorzeitig	neg 1.0		neg 0.49446234806426204 off 0.43705974976729983 __DUMMY__ 0.06847790216843808	false	1.0
unvollkommenheit	neg 1.0		neg 0.49926957797963867 off 0.4318140462669376 __DUMMY__ 0.06891637575342377	false	1.0
intervenieren	neg 1.0		neg 0.5067183634838553 off 0.4250689688883736 __DUMMY__ 0.0682126676277711	false	1.0
banause	off 1.0		neg 0.4855794017877658 off 0.4471151994201895 __DUMMY__ 0.06730539879204456	false	0.5
rebell	neg 1.0		neg 0.5068791115039569 off 0.4243233718138451 __DUMMY__ 0.06879751668219801	false	1.0
unlogisch	neg 1.0		neg 0.49057002156357643 off 0.4415381222145702 __DUMMY__ 0.06789185622185338	false	1.0
leiden	neg 1.0		neg 0.4994985846967174 off 0.43116071041752124 __DUMMY__ 0.06934070488576136	false	1.0
abschaffung	neg 1.0		neg 0.5011088316578322 off 0.4308696706769121 __DUMMY__ 0.06802149766525564	false	1.0
sturz	neg 1.0		neg 0.49810504086341517 off 0.43329660358311384 __DUMMY__ 0.06859835555347109	false	1.0
verkleinerung	neg 1.0		neg 0.4992616925559992 off 0.4329743749204271 __DUMMY__ 0.06776393252357375	false	1.0
schmarotzer	off 1.0		neg 0.5041626675669315 off 0.4277266041614818 __DUMMY__ 0.06811072827158662	false	0.5
bestrafung	neg 1.0		neg 0.4988533290298718 off 0.43296978036642236 __DUMMY__ 0.06817689060370587	false	1.0
achtlos	neg 1.0		neg 0.4979186680932425 off 0.4334432706036965 __DUMMY__ 0.06863806130306106	false	1.0
ungeheuer	neg 1.0		neg 0.4943487634646249 off 0.43716990621491114 __DUMMY__ 0.068481330320464	false	1.0
unaufrichtig	neg 1.0		neg 0.5004106760404825 off 0.4318213856808093 __DUMMY__ 0.06776793827870828	false	1.0
groggy	neg 1.0		neg 0.49753605841707066 off 0.43435137433243365 __DUMMY__ 0.06811256725049575	false	1.0
verletzlich	neg 1.0		neg 0.49163781517062705 off 0.4403455333949632 __DUMMY__ 0.06801665143440987	false	1.0
