unsolidarisch	neg 1.0		neg 0.537899018762933 off 0.4550563163810222 __DUMMY__ 0.007044664856044732	false	1.0
nachteilig	neg 1.0		neg 0.5379441502533615 off 0.4549182114948345 __DUMMY__ 0.007137638251803896	false	1.0
skeptisch	neg 1.0		neg 0.5380520899112828 off 0.4547939409968364 __DUMMY__ 0.007153969091880808	false	1.0
schrecklich	neg 1.0		neg 0.521611860210537 off 0.4712992541087525 __DUMMY__ 0.007088885680710557	false	1.0
schlapp	neg 1.0		neg 0.525376708696827 off 0.4674931538888567 __DUMMY__ 0.0071301374143164	false	1.0
abfall	neg 1.0		neg 0.5411849329555568 off 0.4516520194773816 __DUMMY__ 0.007163047567061699	false	1.0
widerspenstig	neg 1.0		neg 0.5322430810318949 off 0.4606234013331398 __DUMMY__ 0.007133517634965415	false	1.0
abrupt	neg 1.0		neg 0.5349354427900176 off 0.4578707537358334 __DUMMY__ 0.007193803474148853	false	1.0
unwirksam	neg 1.0		neg 0.5352637453745991 off 0.4576503896021201 __DUMMY__ 0.007085865023280707	false	1.0
angreifen	neg 1.0	neg 1.0	neg 0.7555710310608943 off 0.24102140642041553 __DUMMY__ 0.003407562518690101	false	1.0
inkonsistent	neg 1.0		neg 0.5309423055572757 off 0.46192123561096926 __DUMMY__ 0.007136458831754892	false	1.0
abrutschen	neg 1.0		neg 0.5403585805021174 off 0.45247240489121227 __DUMMY__ 0.007169014606670223	false	1.0
unsicher	neg 1.0		neg 0.5313777444628198 off 0.46147320041808804 __DUMMY__ 0.007149055119092081	false	1.0
bauernkind	off 1.0	off 1.0	off 0.7184725015908652 neg 0.27817335164418894 __DUMMY__ 0.003354146764945837	false	1.0
angreifer	neg 1.0		neg 0.5294901992977741 off 0.4633559367388211 __DUMMY__ 0.0071538639634049	false	1.0
trennen	neg 1.0		neg 0.5332339466777221 off 0.45954861278916237 __DUMMY__ 0.007217440533115569	false	1.0
schmutz	neg 1.0		neg 0.5263725407768699 off 0.46642898916997233 __DUMMY__ 0.007198470053157749	false	1.0
inkonsistenz	neg 1.0		neg 0.530171841966276 off 0.462756193237278 __DUMMY__ 0.0070719647964462215	false	1.0
erschreckend	neg 1.0		neg 0.5344118781082329 off 0.4584637738175476 __DUMMY__ 0.007124348074219534	false	1.0
ertrinken	neg 1.0		neg 0.5349880542882761 off 0.4578403246401538 __DUMMY__ 0.007171621071570052	false	1.0
pickelface	off 1.0		neg 0.5349053728601155 off 0.4579573352820042 __DUMMY__ 0.0071372918578801944	false	0.5
seiner			neg 0.5363717716780309 off 0.45645523780660485 __DUMMY__ 0.007172990515364283	false	0.0
lauch	neg 1.0		neg 0.5413853303919101 off 0.4514660581734311 __DUMMY__ 0.0071486114346587465	false	1.0
unwichtig	neg 1.0		neg 0.5278629426551434 off 0.4650407154540244 __DUMMY__ 0.0070963418908321614	false	1.0
steuerhinterziehung	neg 1.0		neg 0.5367458754062285 off 0.45615211614435414 __DUMMY__ 0.007102008449417473	false	1.0
schock	neg 1.0		neg 0.5305253755989536 off 0.4622888690169237 __DUMMY__ 0.0071857553841228605	false	1.0
beule	neg 1.0		neg 0.5246545042682998 off 0.46821049626017897 __DUMMY__ 0.007134999471521315	false	1.0
vergelten	neg 1.0		neg 0.5213971027919521 off 0.4714729047957378 __DUMMY__ 0.007129992412310106	false	1.0
verdorbenheit	neg 1.0		neg 0.5310965213499397 off 0.4617379855341841 __DUMMY__ 0.007165493115876276	false	1.0
trauma	neg 1.0		neg 0.5313183452798133 off 0.4615526214254376 __DUMMY__ 0.00712903329474903	false	1.0
sinnlos	neg 1.0		neg 0.5288089282148077 off 0.4640518695714476 __DUMMY__ 0.007139202213744776	false	1.0
fettsack	off 1.0	off 1.0	off 0.7204524544853161 neg 0.27617958450355334 __DUMMY__ 0.003367961011130475	false	1.0
feige	off 1.0	off 1.0	off 0.7164053728879143 neg 0.2802248971911043 __DUMMY__ 0.003369729920981365	false	1.0
abdanken	neg 1.0		neg 0.5353083130869064 off 0.4575847841638652 __DUMMY__ 0.007106902749228248	false	1.0
wichtigtuer	off 1.0	off 1.0	off 0.7149674451319414 neg 0.2816491114744452 __DUMMY__ 0.0033834433936133193	false	1.0
misslingen	neg 1.0		neg 0.5277821155579647 off 0.46502558949356826 __DUMMY__ 0.007192294948467054	false	1.0
untreu	off 1.0		neg 0.5268833950596332 off 0.46603274919183885 __DUMMY__ 0.007083855748528083	false	0.5
missmutig	neg 1.0		neg 0.5271038762945495 off 0.4657884485635597 __DUMMY__ 0.007107675141890729	false	1.0
hurenbock	off 1.0		neg 0.5294551580255824 off 0.4633936951935821 __DUMMY__ 0.007151146780835518	false	0.5
betrunken	neg 1.0		neg 0.5219173673436055 off 0.4709498198260086 __DUMMY__ 0.007132812830385942	false	1.0
korrupt	off 1.0		neg 0.539504848959298 off 0.45342477525425473 __DUMMY__ 0.0070703757864473285	false	0.5
unmut	neg 1.0		neg 0.5411874047025952 off 0.4516526895052704 __DUMMY__ 0.007159905792134313	false	1.0
hackfresse	off 1.0		neg 0.5192128082480739 off 0.47373899261695634 __DUMMY__ 0.007048199134969752	false	0.5
aufblasen	neg 1.0		neg 0.5288455365463575 off 0.4639945909506276 __DUMMY__ 0.0071598725030150604	false	1.0
gewaltsam	neg 1.0		neg 0.5331552100764306 off 0.4597025140636377 __DUMMY__ 0.007142275859931564	false	1.0
unbeliebtheit	neg 1.0		neg 0.5329446101430112 off 0.4600361549568065 __DUMMY__ 0.0070192349001822986	false	1.0
sturheit	neg 1.0		neg 0.5352452058590398 off 0.45764314044847737 __DUMMY__ 0.007111653692482711	false	1.0
kuh	neg 1.0		neg 0.5328613592083224 off 0.46003180041836034 __DUMMY__ 0.007106840373317147	false	1.0
erschrecken	neg 1.0		neg 0.5269858723685144 off 0.46588765773039453 __DUMMY__ 0.007126469901091124	false	1.0
opfer	neg 1.0		neg 0.5358996303919682 off 0.4569451577520075 __DUMMY__ 0.00715521185602424	false	1.0
sinken	neg 1.0		neg 0.5394743996305793 off 0.45335101004678935 __DUMMY__ 0.007174590322631284	false	1.0
stinktier	neg 1.0		neg 0.5225467898134442 off 0.47039372606301716 __DUMMY__ 0.007059484123538636	false	1.0
tucke	off 1.0		neg 0.521435666478312 off 0.47156786998177597 __DUMMY__ 0.006996463539912161	false	0.5
ein			neg 0.5293811119100058 off 0.4634540547709971 __DUMMY__ 0.007164833318997055	false	0.0
abstieg	neg 1.0		neg 0.5349903811324138 off 0.457818914446225 __DUMMY__ 0.007190704421361145	false	1.0
missverstehen	neg 1.0		neg 0.5309282899724436 off 0.46197495219910495 __DUMMY__ 0.007096757828451405	false	1.0
ergebnislos	neg 1.0		neg 0.5371305639848377 off 0.4557132649477285 __DUMMY__ 0.007156171067433854	false	1.0
unter			neg 0.5409115411179016 off 0.4518245461073377 __DUMMY__ 0.00726391277476065	false	0.0
manipulieren	neg 1.0		neg 0.5388778426290664 off 0.45398303093777326 __DUMMY__ 0.007139126433160232	false	1.0
unbewiesen	neg 1.0		neg 0.5382637423075507 off 0.45470415829556593 __DUMMY__ 0.007032099396883409	false	1.0
verschleppen	neg 1.0		neg 0.5360268607697577 off 0.4568346631202471 __DUMMY__ 0.007138476109995131	false	1.0
weib	off 1.0		neg 0.5193883035554951 off 0.47356560765848527 __DUMMY__ 0.007046088786019485	false	0.5
opposition	neg 1.0		neg 0.5319993937242969 off 0.46090231888438643 __DUMMY__ 0.007098287391316713	false	1.0
verkehrswidrig	neg 1.0	neg 1.0	neg 0.7443516050098953 off 0.25221380240546426 __DUMMY__ 0.003434592584640532	false	1.0
inkorrekt	neg 1.0		neg 0.5282382498133543 off 0.4647285931647003 __DUMMY__ 0.007033157021945341	false	1.0
vermeiden	neg 1.0		neg 0.5414155030654746 off 0.45138241968145754 __DUMMY__ 0.007202077253067834	false	1.0
abweichung	neg 1.0		neg 0.5370137025353606 off 0.4558400751511149 __DUMMY__ 0.007146222313524539	false	1.0
alkoholisiert	neg 1.0		neg 0.532349134363828 off 0.46040537972083617 __DUMMY__ 0.0072454859153357745	false	1.0
scheiss	off 1.0	off 1.0	off 0.7182005589629641 neg 0.27840357668871313 __DUMMY__ 0.00339586434832271	false	1.0
herausforderung	neg 1.0	neg 1.0	neg 0.7521891868521425 off 0.24434317460741847 __DUMMY__ 0.00346763854043895	false	1.0
pervers	off 1.0		neg 0.5159543613402525 off 0.47701460900265524 __DUMMY__ 0.0070310296570922125	false	0.5
wackelig	neg 1.0		neg 0.531283183187279 off 0.4615082102287313 __DUMMY__ 0.007208606583989627	false	1.0
verwickeln	neg 1.0		neg 0.5312875545820285 off 0.46161895333685027 __DUMMY__ 0.007093492081121238	false	1.0
vorwand	neg 1.0		neg 0.5390995839847547 off 0.4537471842172731 __DUMMY__ 0.007153231797972104	false	1.0
muschi	off 1.0		neg 0.5341284089255507 off 0.458730396326641 __DUMMY__ 0.007141194747808219	false	0.5
entmutigung	neg 1.0		neg 0.5336910665982226 off 0.45922941780383497 __DUMMY__ 0.007079515597942325	false	1.0
unangemessen	neg 1.0		neg 0.5359837929349445 off 0.4568986907262813 __DUMMY__ 0.0071175163387741155	false	1.0
unstetig	neg 1.0		neg 0.5294524327232335 off 0.4633884934875795 __DUMMY__ 0.007159073789186978	false	1.0
entmutigen	neg 1.0		neg 0.5308955513762444 off 0.4619775201161751 __DUMMY__ 0.007126928507580444	false	1.0
schwanz	neg 1.0		neg 0.5367189858634559 off 0.45611359252551253 __DUMMY__ 0.007167421611031593	false	1.0
verbot	neg 1.0		neg 0.5376998005692951 off 0.455191886151344 __DUMMY__ 0.007108313279360789	false	1.0
leid	neg 1.0		neg 0.5205243447813002 off 0.4723952138134434 __DUMMY__ 0.007080441405256315	false	1.0
archaisch	neg 1.0		neg 0.5350821116138987 off 0.4577821408380034 __DUMMY__ 0.007135747548098079	false	1.0
gegen			neg 0.5379386234485416 off 0.4548715298518393 __DUMMY__ 0.007189846699619009	false	0.0
scheidung	neg 1.0		neg 0.511301485840822 off 0.4816640528912936 __DUMMY__ 0.007034461267884293	false	1.0
einschlag	neg 1.0	neg 1.0	neg 0.747044709260584 off 0.249561859116984 __DUMMY__ 0.0033934316224320514	false	1.0
m			neg 0.5332198092769465 off 0.4596076994394111 __DUMMY__ 0.007172491283642411	false	0.0
abgestanden	neg 1.0		neg 0.5294877140184123 off 0.4633498860876297 __DUMMY__ 0.00716239989395799	false	1.0
schmierig	off 1.0		neg 0.5208918951587637 off 0.4720217943427951 __DUMMY__ 0.007086310498441276	false	0.5
unpraktisch	neg 1.0		neg 0.528324103123285 off 0.46449933825105977 __DUMMY__ 0.0071765586256551835	false	1.0
wixxer	off 1.0		neg 0.5167177847827706 off 0.4762594365322033 __DUMMY__ 0.0070227786850261195	false	0.5
bezeichnet			neg 0.5339225777571909 off 0.458958978762527 __DUMMY__ 0.007118443480282112	false	0.0
jammerlappen	off 1.0		neg 0.5274617870790773 off 0.4654383960332788 __DUMMY__ 0.007099816887643792	false	0.5
farce	neg 1.0		neg 0.5373574034601369 off 0.4555476968085489 __DUMMY__ 0.007094899731314192	false	1.0
zwecklos	neg 1.0		neg 0.5358738167630314 off 0.45700545967347417 __DUMMY__ 0.007120723563494559	false	1.0
turbulent	neg 1.0		neg 0.527688394963039 off 0.46522859018357954 __DUMMY__ 0.007083014853381405	false	1.0
invasion	neg 1.0		neg 0.528623436040525 off 0.46423623272244396 __DUMMY__ 0.0071403312370310066	false	1.0
schuld	neg 1.0		neg 0.5318154150752354 off 0.46106238958511603 __DUMMY__ 0.007122195339648436	false	1.0
risiko	neg 1.0		neg 0.5309117985702253 off 0.4619354658001438 __DUMMY__ 0.00715273562963089	false	1.0
finster	neg 1.0		neg 0.5298317623845433 off 0.4630178030005887 __DUMMY__ 0.007150434614868024	false	1.0
geisteskrank	off 1.0		neg 0.5272139312445844 off 0.4657220122216945 __DUMMY__ 0.007064056533720979	false	0.5
zusammenbrechen	neg 1.0		neg 0.5330210806038693 off 0.4598218338597669 __DUMMY__ 0.007157085536363814	false	1.0
ausbeute	neg 1.0		neg 0.5336634026015057 off 0.45911892848665486 __DUMMY__ 0.00721766891183931	false	1.0
hinterhalt	neg 1.0		neg 0.5322877747582982 off 0.4605331259681943 __DUMMY__ 0.007179099273507324	false	1.0
kritik	neg 1.0		neg 0.5372909688896745 off 0.45560872308579525 __DUMMY__ 0.007100308024530013	false	1.0
einschrumpfen	neg 1.0		neg 0.5315057157279531 off 0.46141835119647323 __DUMMY__ 0.0070759330755736545	false	1.0
riskant	neg 1.0		neg 0.5371434141181672 off 0.45571780479635654 __DUMMY__ 0.007138781085476241	false	1.0
frustrieren	neg 1.0		neg 0.5363303697839706 off 0.45652162298405746 __DUMMY__ 0.007148007231971812	false	1.0
groll	neg 1.0		neg 0.5352970123482785 off 0.4575650920275127 __DUMMY__ 0.007137895624208839	false	1.0
gibt			neg 0.5340680614128903 off 0.4587846083304933 __DUMMY__ 0.00714733025661622	false	0.0
qualvoll	neg 1.0		neg 0.5274183262327418 off 0.4654442471092647 __DUMMY__ 0.007137426657993558	false	1.0
wackeln	neg 1.0	neg 1.0	neg 0.7504086988172647 off 0.24616312033131832 __DUMMY__ 0.003428180851417123	false	1.0
klagen	neg 1.0		neg 0.539993097916343 off 0.45283850404083814 __DUMMY__ 0.007168398042818859	false	1.0
bankrott	neg 1.0		neg 0.5273869208725063 off 0.4654881246106868 __DUMMY__ 0.007124954516806937	false	1.0
trauern	neg 1.0		neg 0.5349746664883985 off 0.45784991321598456 __DUMMY__ 0.007175420295616906	false	1.0
ablehnung	neg 1.0		neg 0.5370502551337205 off 0.45584625733502276 __DUMMY__ 0.007103487531256737	false	1.0
stur	neg 1.0		neg 0.5314895422193788 off 0.46139719017813396 __DUMMY__ 0.00711326760248708	false	1.0
aufruhr	neg 1.0		neg 0.5333224990462234 off 0.45953567555896757 __DUMMY__ 0.007141825394809116	false	1.0
melancholie	neg 1.0		neg 0.5331787772887847 off 0.45964494527081473 __DUMMY__ 0.007176277440400626	false	1.0
ist			neg 0.5297879078860591 off 0.46307725716187836 __DUMMY__ 0.0071348349520625465	false	0.0
torheit	neg 1.0		neg 0.5341730982474064 off 0.4587406433411049 __DUMMY__ 0.007086258411488694	false	1.0
dreckskind	off 1.0		neg 0.521340729489965 off 0.47161071055858883 __DUMMY__ 0.007048559951446125	false	0.5
umtauschen	neg 1.0		neg 0.5311577318743611 off 0.4616809657729234 __DUMMY__ 0.007161302352715475	false	1.0
zum			neg 0.5367643508039712 off 0.4559578950182615 __DUMMY__ 0.007277754177767272	false	0.0
zersetzen	neg 1.0		neg 0.5398542605414631 off 0.45302159970371786 __DUMMY__ 0.007124139754819073	false	1.0
zur			neg 0.5407396284064795 off 0.45203368802775673 __DUMMY__ 0.007226683565763846	false	0.0
frust	neg 1.0		neg 0.5331470757869226 off 0.4596939738549254 __DUMMY__ 0.007158950358151953	false	1.0
unerbittlichkeit	neg 1.0		neg 0.5390438739490515 off 0.45382098181490077 __DUMMY__ 0.007135144236047828	false	1.0
zwei			neg 0.5355008365546665 off 0.45724965135103346 __DUMMY__ 0.0072495120942999754	false	0.0
unkorrekt	neg 1.0		neg 0.5273143640043774 off 0.46565088801744825 __DUMMY__ 0.007034747978174359	false	1.0
hexe	off 1.0		neg 0.5260764569712345 off 0.4668185501612283 __DUMMY__ 0.007104992867537204	false	0.5
lasch	neg 1.0		neg 0.5303530956015727 off 0.4625674851703707 __DUMMY__ 0.007079419228056499	false	1.0
rivale	neg 1.0		neg 0.5237097721280439 off 0.46919011546256606 __DUMMY__ 0.007100112409390097	false	1.0
mutlos	off 1.0	off 1.0	off 0.7107736619032394 neg 0.28583615657768563 __DUMMY__ 0.003390181519074939	false	1.0
wirr	off 1.0		neg 0.5264173884114784 off 0.46654022806893075 __DUMMY__ 0.007042383519590826	false	0.5
jahr			neg 0.5338209303385982 off 0.4589429116400553 __DUMMY__ 0.007236158021346361	false	0.0
wird			neg 0.5347505367133532 off 0.4580833223488345 __DUMMY__ 0.007166140937812414	false	0.0
strafbar	neg 1.0		neg 0.537728020093207 off 0.4551450181647782 __DUMMY__ 0.007126961742014858	false	1.0
erosion	neg 1.0		neg 0.5303597041270528 off 0.4624855829220097 __DUMMY__ 0.007154712950937682	false	1.0
eingehen	neg 1.0		neg 0.5369772560017604 off 0.45590442385630836 __DUMMY__ 0.007118320141931213	false	1.0
faul	off 1.0		neg 0.5261068120742993 off 0.46675495757512336 __DUMMY__ 0.007138230350577461	false	0.5
provisorium	neg 1.0		neg 0.5426406242637831 off 0.4501197956691999 __DUMMY__ 0.007239580067016874	false	1.0
schmerzen	neg 1.0		neg 0.5314380245931153 off 0.4614136589189877 __DUMMY__ 0.007148316487896932	false	1.0
schrumpfen	neg 1.0		neg 0.5433893792064008 off 0.44943896602001854 __DUMMY__ 0.007171654773580521	false	1.0
geistlos	off 1.0		neg 0.5344776261378869 off 0.4584856983992296 __DUMMY__ 0.007036675462883559	false	0.5
fehlkauf	neg 1.0		neg 0.5311700144266762 off 0.4617167371874299 __DUMMY__ 0.00711324838589382	false	1.0
frustrierend	neg 1.0		neg 0.5264466207372746 off 0.4664134604581833 __DUMMY__ 0.00713991880454206	false	1.0
unzufrieden	neg 1.0		neg 0.5356585488438613 off 0.4572139145107877 __DUMMY__ 0.007127536645351053	false	1.0
verzweifeln	neg 1.0		neg 0.5323906826352057 off 0.46046464234356715 __DUMMY__ 0.007144675021227036	false	1.0
verzweifelt	neg 1.0		neg 0.5309625907616605 off 0.4619172227865429 __DUMMY__ 0.007120186451796593	false	1.0
misstrauensantrag	neg 1.0		neg 0.5304315897472334 off 0.4624580424182772 __DUMMY__ 0.007110367834489389	false	1.0
abfallen	neg 1.0		neg 0.5283391963759453 off 0.46449036521591736 __DUMMY__ 0.007170438408137321	false	1.0
fucker	off 1.0		neg 0.5256964756656592 off 0.46722265728752915 __DUMMY__ 0.007080867046811727	false	0.5
ungezogen	neg 1.0		neg 0.5166716650627585 off 0.47627053491647703 __DUMMY__ 0.007057800020764556	false	1.0
irrsinnig	neg 1.0	neg 1.0	neg 0.7520164789375239 off 0.2445900642670934 __DUMMY__ 0.003393456795382779	false	1.0
unfassbar	neg 1.0		neg 0.5264899400247415 off 0.4664116804117563 __DUMMY__ 0.007098379563502188	false	1.0
hart	neg 1.0		neg 0.5282613341298601 off 0.4646209366047174 __DUMMY__ 0.007117729265422367	false	1.0
widerlich	off 1.0		neg 0.5271632973638326 off 0.46577097106510695 __DUMMY__ 0.007065731571060367	false	0.5
fatal	neg 1.0		neg 0.5304822005547914 off 0.4623991660970903 __DUMMY__ 0.007118633348118141	false	1.0
bruch	neg 1.0		neg 0.5403388376927258 off 0.4525036844546887 __DUMMY__ 0.007157477852585407	false	1.0
aushungern	neg 1.0		neg 0.5364515091954691 off 0.45645466384749006 __DUMMY__ 0.007093826957040834	false	1.0
anspannung	neg 1.0	neg 1.0	neg 0.755001810813528 off 0.24152542760006204 __DUMMY__ 0.0034727615864099293	false	1.0
von			neg 0.534987759632538 off 0.4577800820552724 __DUMMY__ 0.007232158312189573	false	0.0
kraftlos	neg 1.0		neg 0.5322521404786181 off 0.46056349199870167 __DUMMY__ 0.00718436752268009	false	1.0
vom			neg 0.5394339672248571 off 0.45328693431235434 __DUMMY__ 0.007279098462788653	false	0.0
grenzdebil	off 1.0		neg 0.525024756169192 off 0.46787532131216586 __DUMMY__ 0.007099922518642189	false	0.5
vor			neg 0.5370242789520302 off 0.45578765285995365 __DUMMY__ 0.007188068188016188	false	0.0
unterwerfen	neg 1.0		neg 0.5371346962296043 off 0.4557245502547343 __DUMMY__ 0.007140753515661406	false	1.0
versenkung	neg 1.0		neg 0.5369150746416922 off 0.45593380356394636 __DUMMY__ 0.007151121794361401	false	1.0
entziehen	neg 1.0		neg 0.5394921611725336 off 0.4533452251336812 __DUMMY__ 0.007162613693785154	false	1.0
finanzkrise	neg 1.0		neg 0.5361672893863354 off 0.45673989041249013 __DUMMY__ 0.007092820201174423	false	1.0
schimpfend	neg 1.0		neg 0.528320307909584 off 0.46450441917400154 __DUMMY__ 0.007175272916414467	false	1.0
profan	neg 1.0		neg 0.5288863352293495 off 0.4639908505365744 __DUMMY__ 0.007122814234076055	false	1.0
korruption	neg 1.0	neg 1.0	neg 0.7553868383655277 off 0.2412262770540036 __DUMMY__ 0.003386884580468793	false	1.0
â			neg 0.5350424551297115 off 0.45779177489175754 __DUMMY__ 0.007165769978530902	false	0.0
schmutzig	neg 1.0		neg 0.5251462672139021 off 0.4677424820183414 __DUMMY__ 0.00711125076775651	false	1.0
sexy	neg 1.0		neg 0.5283835804979158 off 0.46449743171723185 __DUMMY__ 0.007118987784852399	false	1.0
abraten	neg 1.0		neg 0.5296826150743099 off 0.46318508140679004 __DUMMY__ 0.007132303518900033	false	1.0
schwarz	neg 1.0		neg 0.531417248347921 off 0.4614667375878949 __DUMMY__ 0.007116014064184143	false	1.0
fotze	off 1.0		neg 0.5366394972177528 off 0.4562134404313805 __DUMMY__ 0.007147062350866596	false	0.5
verwirren	neg 1.0		neg 0.5285664384736115 off 0.4643095659311191 __DUMMY__ 0.007123995595269247	false	1.0
zahnlos	off 1.0		neg 0.5358511381506694 off 0.4570251873212091 __DUMMY__ 0.007123674528121499	false	0.5
verheeren	neg 1.0		neg 0.5154656794827961 off 0.4774739853494517 __DUMMY__ 0.007060335167752288	false	1.0
hippie	neg 1.0		neg 0.5293711254953258 off 0.4635148795440948 __DUMMY__ 0.007113994960579405	false	1.0
rammen	neg 1.0		neg 0.5312399551457047 off 0.4616303821235418 __DUMMY__ 0.0071296627307535455	false	1.0
unlauter	neg 1.0		neg 0.5354216781802803 off 0.45751089478019913 __DUMMY__ 0.007067427039520505	false	1.0
unheilvoll	neg 1.0		neg 0.5274267219919612 off 0.4654120269336311 __DUMMY__ 0.007161251074407666	false	1.0
niedrig	neg 1.0		neg 0.5366242883332036 off 0.45620907914969705 __DUMMY__ 0.0071666325170992775	false	1.0
explosion	neg 1.0		neg 0.530234504389863 off 0.46265483544991737 __DUMMY__ 0.0071106601602196375	false	1.0
weichei	off 1.0		neg 0.5206288226851276 off 0.4723130976785358 __DUMMY__ 0.007058079636336571	false	0.5
minusmensch	off 1.0		neg 0.5201232621750265 off 0.47289125445100333 __DUMMY__ 0.006985483373970303	false	0.5
farblos	neg 1.0		neg 0.5297156488240268 off 0.4630815321339873 __DUMMY__ 0.007202819041985895	false	1.0
unwissend	neg 1.0	neg 1.0	neg 0.749702089609185 off 0.24691861426395398 __DUMMY__ 0.0033792961268609856	false	1.0
traurig	neg 1.0		neg 0.5224897797866571 off 0.4704119723961924 __DUMMY__ 0.0070982478171504205	false	1.0
senkung	neg 1.0		neg 0.5311784683149796 off 0.4617353624543463 __DUMMY__ 0.007086169230674141	false	1.0
ungleich	neg 1.0	neg 1.0	neg 0.7559685287401138 off 0.24063902827211212 __DUMMY__ 0.0033924429877740243	false	1.0
heikel	neg 1.0		neg 0.5386590862216372 off 0.4542013837302209 __DUMMY__ 0.007139530048141953	false	1.0
drosselung	neg 1.0		neg 0.5251198926218787 off 0.4677704541789735 __DUMMY__ 0.007109653199147759	false	1.0
falsch	neg 1.0		neg 0.527402979713866 off 0.46547989557680275 __DUMMY__ 0.007117124709331231	false	1.0
unzufriedenheit	neg 1.0		neg 0.5394218032795494 off 0.45343654866063565 __DUMMY__ 0.007141648059814961	false	1.0
kurz	neg 1.0		neg 0.5312606460167858 off 0.4615504649778795 __DUMMY__ 0.00718888900533469	false	1.0
unsinnig	neg 1.0		neg 0.5360807330182272 off 0.45681201587967996 __DUMMY__ 0.007107251102092753	false	1.0
penner	off 1.0	off 1.0	off 0.7217282948211975 neg 0.27491269741774454 __DUMMY__ 0.0033590077610580757	false	1.0
seicht	neg 1.0		neg 0.5196407186481519 off 0.47334832427067636 __DUMMY__ 0.007010957081171781	false	1.0
dummheit	off 1.0	off 1.0	off 0.7149931162041974 neg 0.28162768603758837 __DUMMY__ 0.003379197758214334	false	1.0
unerfreulich	neg 1.0		neg 0.5381692488945757 off 0.4546611777877895 __DUMMY__ 0.0071695733176346445	false	1.0
motherfucker	off 1.0	off 1.0	off 0.7175148624987281 neg 0.27911607987782766 __DUMMY__ 0.003369057623444218	false	1.0
pikiert	neg 1.0		neg 0.5286539354429006 off 0.4642804088671199 __DUMMY__ 0.007065655689979372	false	1.0
wrack	neg 1.0		neg 0.5336055935023983 off 0.4591897439918673 __DUMMY__ 0.007204662505734485	false	1.0
gangster	neg 1.0		neg 0.5292212075611655 off 0.463653896605785 __DUMMY__ 0.0071248958330494255	false	1.0
krank	neg 1.0		neg 0.5235325204943423 off 0.4693477877871269 __DUMMY__ 0.007119691718530849	false	1.0
reich	neg 1.0		neg 0.5292547941820646 off 0.46366252834010563 __DUMMY__ 0.007082677477829852	false	1.0
gnadenlos	neg 1.0		neg 0.5313047659350193 off 0.4615643954892005 __DUMMY__ 0.007130838575780193	false	1.0
niedergeschlagen	neg 1.0		neg 0.5321678559407472 off 0.4606644826472703 __DUMMY__ 0.007167661411982607	false	1.0
terrorisieren	off 1.0	off 1.0	off 0.7120996552940013 neg 0.2844913211283972 __DUMMY__ 0.0034090235776014976	false	1.0
sinnlosigkeit	neg 1.0		neg 0.5353765404802332 off 0.45749472445868583 __DUMMY__ 0.007128735061080934	false	1.0
behindern	neg 1.0		neg 0.5338238610031394 off 0.4590497157089742 __DUMMY__ 0.0071264232878864376	false	1.0
undemokratisch	neg 1.0		neg 0.5342299522066953 off 0.45868566694068974 __DUMMY__ 0.00708438085261477	false	1.0
wirtschaftskrise	neg 1.0		neg 0.5377528507897953 off 0.45512755666951893 __DUMMY__ 0.007119592540685814	false	1.0
neid	neg 1.0		neg 0.5248972152570078 off 0.46795597810900214 __DUMMY__ 0.007146806633989965	false	1.0
rutschen	neg 1.0	neg 1.0	neg 0.7536676765683646 off 0.24286066161473055 __DUMMY__ 0.0034716618169048146	false	1.0
rezession	neg 1.0		neg 0.5247086902191425 off 0.46824896489894274 __DUMMY__ 0.007042344881914918	false	1.0
fehlgeburt	neg 1.0		neg 0.5281867274463544 off 0.4646582349420298 __DUMMY__ 0.0071550376116158755	false	1.0
charakterschwach	off 1.0		neg 0.5263810472962118 off 0.46653099223482675 __DUMMY__ 0.007087960468961561	false	0.5
isolation	neg 1.0		neg 0.526528429713088 off 0.46633293624089867 __DUMMY__ 0.007138634046013218	false	1.0
ablenkung	neg 1.0		neg 0.53121820852712 off 0.46163697457178976 __DUMMY__ 0.007144816901090279	false	1.0
pech	neg 1.0		neg 0.5266124285262442 off 0.46625171768337714 __DUMMY__ 0.007135853790378725	false	1.0
vermeidung	neg 1.0		neg 0.5264536538798766 off 0.4664664625818305 __DUMMY__ 0.0070798835382927805	false	1.0
dominieren	neg 1.0		neg 0.533848186543043 off 0.458963526644592 __DUMMY__ 0.007188286812364982	false	1.0
schwindlig	neg 1.0		neg 0.5262142051286341 off 0.46660949576914523 __DUMMY__ 0.007176299102220548	false	1.0
lutscher	neg 1.0		neg 0.5179396612121142 off 0.47503729612020057 __DUMMY__ 0.0070230426676851565	false	1.0
pflicht	neg 1.0		neg 0.5386016548910744 off 0.4542531321672754 __DUMMY__ 0.0071452129416501725	false	1.0
faschist	off 1.0		neg 0.5323030104353945 off 0.46063040618671675 __DUMMY__ 0.007066583377888692	false	0.5
verschleudern	neg 1.0		neg 0.5407423212759028 off 0.45217253764699844 __DUMMY__ 0.007085141077098622	false	1.0
wenn			neg 0.5271995053070668 off 0.465684903120601 __DUMMY__ 0.0071155915723320985	false	0.0
ehebruch	neg 1.0		neg 0.5374599024126043 off 0.4554175401682909 __DUMMY__ 0.00712255741910483	false	1.0
spott	off 1.0		neg 0.5384636746894714 off 0.4544185754145854 __DUMMY__ 0.007117749895943137	false	0.5
trostlosigkeit	neg 1.0		neg 0.5392404161365697 off 0.45359888561827993 __DUMMY__ 0.007160698245150424	false	1.0
lutschen	neg 1.0		neg 0.5306234029031383 off 0.46227424801801265 __DUMMY__ 0.0071023490788491225	false	1.0
undiszipliniert	neg 1.0		neg 0.5235355244479067 off 0.4693642100356745 __DUMMY__ 0.007100265516418869	false	1.0
kopfschmerz	neg 1.0		neg 0.5318186380312355 off 0.46100765445186026 __DUMMY__ 0.007173707516904202	false	1.0
unvorhergesehen	neg 1.0		neg 0.5321355725161543 off 0.4606418459126271 __DUMMY__ 0.007222581571218547	false	1.0
desinteressiert	neg 1.0		neg 0.5249538209080805 off 0.46796644146312594 __DUMMY__ 0.007079737628793677	false	1.0
armselig	off 1.0		neg 0.525831357136966 off 0.46712578162806034 __DUMMY__ 0.007042861234973678	false	0.5
desaster	neg 1.0		neg 0.5412570748561137 off 0.45158806144856933 __DUMMY__ 0.0071548636953169984	false	1.0
tod	neg 1.0		neg 0.5339510935383911 off 0.45886750590706715 __DUMMY__ 0.007181400554541648	false	1.0
herzlos	neg 1.0		neg 0.5235618746210855 off 0.469368885052226 __DUMMY__ 0.00706924032668852	false	1.0
unwissenheit	neg 1.0		neg 0.53756695344402 off 0.45533577322648755 __DUMMY__ 0.00709727332949235	false	1.0
widersinnig	neg 1.0	neg 1.0	neg 0.7553083420143639 off 0.24131640076200842 __DUMMY__ 0.0033752572236277027	false	1.0
bedenklich	neg 1.0		neg 0.5374345087619627 off 0.4554381014760661 __DUMMY__ 0.007127389761971302	false	1.0
beanstanden	neg 1.0		neg 0.5384273458246919 off 0.4544105433510674 __DUMMY__ 0.007162110824240834	false	1.0
panisch	neg 1.0	neg 1.0	neg 0.7485483333572113 off 0.24801840923423132 __DUMMY__ 0.003433257408557409	false	1.0
debil	off 1.0		neg 0.5428066428728294 off 0.4499933859210485 __DUMMY__ 0.007199971206122176	false	0.5
abstrich	neg 1.0		neg 0.5357281023524316 off 0.4571319013226463 __DUMMY__ 0.007139996324922056	false	1.0
primitiv	neg 1.0		neg 0.5265024790289399 off 0.46643007157556693 __DUMMY__ 0.007067449395493094	false	1.0
abschaum	off 1.0	off 1.0	off 0.7162568735223348 neg 0.28036886284696644 __DUMMY__ 0.0033742636306987764	false	1.0
provozieren	neg 1.0		neg 0.5325700822678544 off 0.4603169296137659 __DUMMY__ 0.007112988118379713	false	1.0
tot	neg 1.0		neg 0.5358587864219502 off 0.45698247993544144 __DUMMY__ 0.0071587336426083255	false	1.0
instabil	neg 1.0		neg 0.5274268288140109 off 0.4655193490524295 __DUMMY__ 0.007053822133559622	false	1.0
schwuchtel	off 1.0		neg 0.5137327310785678 off 0.4792762118445826 __DUMMY__ 0.006991057076849787	false	0.5
zerren	neg 1.0		neg 0.5318607361462903 off 0.4609676428708094 __DUMMY__ 0.007171620982900394	false	1.0
kinderficker	off 1.0		neg 0.5237377478443652 off 0.469240214353836 __DUMMY__ 0.007022037801798811	false	0.5
gefahr	neg 1.0		neg 0.5378968619092556 off 0.45493829277340786 __DUMMY__ 0.0071648453173366955	false	1.0
rabiat	neg 1.0		neg 0.5334057191979107 off 0.45948056852931435 __DUMMY__ 0.007113712272775082	false	1.0
verlangsamung	neg 1.0		neg 0.5208777818820602 off 0.4720916009621412 __DUMMY__ 0.00703061715579856	false	1.0
ausgestorben	neg 1.0		neg 0.53186468572833 off 0.4609799693468439 __DUMMY__ 0.007155344924826136	false	1.0
anklagen	neg 1.0		neg 0.5353823335020462 off 0.4574941831668533 __DUMMY__ 0.0071234833311004725	false	1.0
trott	neg 1.0		neg 0.5319962624596333 off 0.46084994292680304 __DUMMY__ 0.007153794613563646	false	1.0
verminderung	neg 1.0		neg 0.5255803681381013 off 0.4673432348078718 __DUMMY__ 0.007076397054027009	false	1.0
nach			neg 0.53623286120156 off 0.4564891164989499 __DUMMY__ 0.007278022299490071	false	0.0
rost	neg 1.0		neg 0.5221710170713338 off 0.4707916031984983 __DUMMY__ 0.0070373797301678635	false	1.0
destruktiv	neg 1.0		neg 0.5355465864049139 off 0.45736508113580115 __DUMMY__ 0.007088332459284862	false	1.0
unzumutbarkeit	neg 1.0		neg 0.5255275932795551 off 0.46733616195762245 __DUMMY__ 0.007136244762822473	false	1.0
labil	off 1.0	off 1.0	off 0.7165430154887726 neg 0.2800765086283691 __DUMMY__ 0.003380475882858429	false	1.0
ziemlich	neg 1.0		neg 0.5244753654539432 off 0.4684015894308192 __DUMMY__ 0.0071230451152376585	false	1.0
lachnummer	off 1.0		neg 0.53355868095133 off 0.4593230272555828 __DUMMY__ 0.007118291793087115	false	0.5
oder			neg 0.5297725102072944 off 0.46305867434966924 __DUMMY__ 0.007168815443036424	false	0.0
verfall	neg 1.0		neg 0.5434410378736771 off 0.4493882436741011 __DUMMY__ 0.007170718452221708	false	1.0
ausgrenzung	neg 1.0		neg 0.533802004012902 off 0.45912297554788495 __DUMMY__ 0.007075020439213136	false	1.0
unordnung	neg 1.0		neg 0.5244840724140921 off 0.46838094127374164 __DUMMY__ 0.007134986312166187	false	1.0
fehlverhalten	neg 1.0		neg 0.5387143805259331 off 0.45414925071300105 __DUMMY__ 0.007136368761065802	false	1.0
eine			neg 0.5375667160518168 off 0.45526377861101874 __DUMMY__ 0.007169505337164368	false	0.0
nille	neg 1.0		neg 0.5333857035345426 off 0.4594700082305807 __DUMMY__ 0.007144288234876628	false	1.0
qual	neg 1.0		neg 0.5326692979692309 off 0.46018363224606296 __DUMMY__ 0.007147069784706059	false	1.0
verschwenden	neg 1.0		neg 0.5362814951307242 off 0.4565834240355506 __DUMMY__ 0.007135080833725117	false	1.0
riesig	neg 1.0	neg 1.0	neg 0.7531689109355642 off 0.24340030609312704 __DUMMY__ 0.003430782971308679	false	1.0
verurteilen	neg 1.0		neg 0.536674657229013 off 0.45621196362059413 __DUMMY__ 0.007113379150392771	false	1.0
klischee	neg 1.0	neg 1.0	neg 0.7511721678444584 off 0.24545262653522282 __DUMMY__ 0.003375205620318744	false	1.0
diktatorisch	neg 1.0		neg 0.5350530044290638 off 0.4578890444494088 __DUMMY__ 0.007057951121527301	false	1.0
vorhersehbar	neg 1.0	neg 1.0	neg 0.7511841088703813 off 0.24543196966085376 __DUMMY__ 0.0033839214687648137	false	1.0
sowie			neg 0.5220100124143149 off 0.4709381861333516 __DUMMY__ 0.0070518014523336505	false	0.0
stornieren	neg 1.0		neg 0.5269668953793176 off 0.4658252381872479 __DUMMY__ 0.00720786643343435	false	1.0
besteuerung	neg 1.0		neg 0.5340614604706418 off 0.458851544728581 __DUMMY__ 0.00708699480077715	false	1.0
ungeschminkt	neg 1.0		neg 0.5260468568349854 off 0.46686456812480714 __DUMMY__ 0.007088575040207392	false	1.0
kritisch	neg 1.0		neg 0.537419234920167 off 0.4554478861526962 __DUMMY__ 0.007132878927136638	false	1.0
schlamperei	off 1.0		neg 0.5388341538337486 off 0.4540328095159828 __DUMMY__ 0.007133036650268623	false	0.5
sucht	neg 1.0	neg 1.0	neg 0.7515125576148329 off 0.24506921277348623 __DUMMY__ 0.0034182296116808497	false	1.0
egoistisch	off 1.0		neg 0.5205815719390288 off 0.4723553309335311 __DUMMY__ 0.0070630971274402085	false	0.5
ausbeuter	off 1.0		neg 0.5400743089544442 off 0.45280988348473655 __DUMMY__ 0.007115807560819292	false	0.5
arschgeburt	off 1.0		neg 0.5143593101526029 off 0.47866255075679043 __DUMMY__ 0.0069781390906066545	false	0.5
schubs	neg 1.0	neg 1.0	neg 0.752057530121402 off 0.24450804227859044 __DUMMY__ 0.003434427600007571	false	1.0
unsolide	neg 1.0		neg 0.5362149110032914 off 0.45676152166101036 __DUMMY__ 0.007023567335698344	false	1.0
beschwerde	neg 1.0		neg 0.5384505328666617 off 0.45441520205347324 __DUMMY__ 0.007134265079865156	false	1.0
stocken	neg 1.0		neg 0.5369723766515516 off 0.45588125859940554 __DUMMY__ 0.007146364749042781	false	1.0
isolieren	neg 1.0		neg 0.5367740518609353 off 0.4561030293518842 __DUMMY__ 0.007122918787180521	false	1.0
unheilbar	neg 1.0		neg 0.5315195906470725 off 0.4613429849183056 __DUMMY__ 0.007137424434621829	false	1.0
pisser	off 1.0		neg 0.5244389532861211 off 0.46846566845495136 __DUMMY__ 0.007095378258927649	false	0.5
löschen	neg 1.0		neg 0.532438430171715 off 0.46042569031886715 __DUMMY__ 0.007135879509417872	false	1.0
durchfallen	neg 1.0		neg 0.5364568621323265 off 0.45642631766390196 __DUMMY__ 0.00711682020377159	false	1.0
wichser	off 1.0		neg 0.5156605399307064 off 0.47730465979385067 __DUMMY__ 0.007034800275442866	false	0.5
terror	neg 1.0		neg 0.5275043028240889 off 0.4653446550816666 __DUMMY__ 0.007151042094244395	false	1.0
krass	neg 1.0		neg 0.5221545283834407 off 0.4707660358891306 __DUMMY__ 0.007079435727428841	false	1.0
revolte	neg 1.0		neg 0.53250767631587 off 0.46041018384078053 __DUMMY__ 0.007082139843349392	false	1.0
besorgt	neg 1.0		neg 0.5323058971708771 off 0.46051042925687424 __DUMMY__ 0.007183673572248791	false	1.0
nachlassen	neg 1.0		neg 0.5373369408173386 off 0.4555161222769489 __DUMMY__ 0.007146936905712381	false	1.0
alt	neg 1.0		neg 0.5352170116828974 off 0.4576272405130021 __DUMMY__ 0.007155747804100631	false	1.0
hundesohn	off 1.0		neg 0.5190696818511613 off 0.4739138037038917 __DUMMY__ 0.007016514444947063	false	0.5
als			neg 0.5324149095196365 off 0.46040915637649066 __DUMMY__ 0.007175934103872686	false	0.0
abschreckung	neg 1.0		neg 0.5398356672116353 off 0.453012763285862 __DUMMY__ 0.007151569502502537	false	1.0
unqualifiziert	neg 1.0		neg 0.5318263136154671 off 0.46111151461602234 __DUMMY__ 0.0070621717685106	false	1.0
abgewichst	off 1.0		neg 0.5338458561794034 off 0.4590036821531344 __DUMMY__ 0.0071504616674621605	false	0.5
schwer	neg 1.0		neg 0.5317914548315389 off 0.4610636052491242 __DUMMY__ 0.007144939919336926	false	1.0
bedeutungslosigkeit	neg 1.0		neg 0.5389069835776195 off 0.4539476501146147 __DUMMY__ 0.007145366307765773	false	1.0
kapitulation	neg 1.0		neg 0.5397369657840025 off 0.4531650755997717 __DUMMY__ 0.007097958616225804	false	1.0
unscharf	neg 1.0		neg 0.5289336895306646 off 0.4639368938674122 __DUMMY__ 0.007129416601923261	false	1.0
schwinden	neg 1.0		neg 0.5391133597169948 off 0.45374265470201675 __DUMMY__ 0.007143985580988549	false	1.0
versklavung	neg 1.0		neg 0.5357569005181649 off 0.4571886746069076 __DUMMY__ 0.007054424874927537	false	1.0
schlecht	neg 1.0		neg 0.5243073724908769 off 0.4685681974760921 __DUMMY__ 0.007124430033030983	false	1.0
verhasst	neg 1.0		neg 0.5321554735298492 off 0.46073334095199375 __DUMMY__ 0.007111185518157152	false	1.0
beschweren	neg 1.0		neg 0.5300381543967914 off 0.46283469075211264 __DUMMY__ 0.007127154851096081	false	1.0
scheiden	neg 1.0		neg 0.5272025256363994 off 0.46558501867787 __DUMMY__ 0.007212455685730743	false	1.0
frustriert	neg 1.0		neg 0.5330008120620887 off 0.4598497257980594 __DUMMY__ 0.007149462139851791	false	1.0
schimmelig	neg 1.0		neg 0.5348927034819928 off 0.45793151288330974 __DUMMY__ 0.007175783634697417	false	1.0
fisch	neg 1.0		neg 0.5331910046984512 off 0.45957339977904493 __DUMMY__ 0.007235595522503966	false	1.0
schmuggel	neg 1.0		neg 0.5360426749709559 off 0.45676186856483664 __DUMMY__ 0.007195456464207455	false	1.0
auffallen	neg 1.0		neg 0.5286059455307801 off 0.46425913667059354 __DUMMY__ 0.007134917798626295	false	1.0
konkurrenz	neg 1.0	neg 1.0	neg 0.7554201678709234 off 0.24114888407772633 __DUMMY__ 0.0034309480513503576	false	1.0
teufelskreis	neg 1.0	neg 1.0	neg 0.7533746221555708 off 0.24323146874225296 __DUMMY__ 0.0033939091021762077	false	1.0
aufschreien	neg 1.0		neg 0.5306127127553221 off 0.4622835620888995 __DUMMY__ 0.007103725155778569	false	1.0
schuldner	neg 1.0		neg 0.5382629887069982 off 0.45458402943723497 __DUMMY__ 0.007152981855766942	false	1.0
missgeburt	off 1.0	off 1.0	off 0.7200928132219934 neg 0.2765441929723374 __DUMMY__ 0.0033629938056692803	false	1.0
arbeitslos	neg 1.0		neg 0.5359127674103474 off 0.45696638583221244 __DUMMY__ 0.007120846757440135	false	1.0
befallen	neg 1.0		neg 0.5371189102935846 off 0.4557884595868734 __DUMMY__ 0.0070926301195420064	false	1.0
miesepetrig	off 1.0	off 1.0	off 0.7184347222334704 neg 0.2781688930663709 __DUMMY__ 0.003396384700158776	false	1.0
alarmieren	neg 1.0		neg 0.5293908547301958 off 0.4635305044738976 __DUMMY__ 0.0070786407959066554	false	1.0
ungeduscht	off 1.0		neg 0.5264704916442047 off 0.4663881761787318 __DUMMY__ 0.007141332177063538	false	0.5
knappheit	neg 1.0		neg 0.5389475741679403 off 0.4539448018059193 __DUMMY__ 0.0071076240261402825	false	1.0
schlange	neg 1.0		neg 0.5270372027177653 off 0.4657824441656243 __DUMMY__ 0.007180353116610308	false	1.0
harsch	neg 1.0		neg 0.519406763830183 off 0.4734768736056299 __DUMMY__ 0.0071163625641870445	false	1.0
lang	neg 1.0		neg 0.5316320604117246 off 0.46122859424592116 __DUMMY__ 0.007139345342354169	false	1.0
ziellos	neg 1.0		neg 0.5331888201598483 off 0.4596331825601053 __DUMMY__ 0.007177997280046407	false	1.0
selbstverliebt	neg 1.0		neg 0.5170191942386546 off 0.4759903340280664 __DUMMY__ 0.006990471733279039	false	1.0
beseitigen	neg 1.0	neg 1.0	neg 0.7517825855102009 off 0.24479118735550856 __DUMMY__ 0.003426227134290485	false	1.0
dumm	off 1.0		neg 0.5200561696467051 off 0.4728958361930394 __DUMMY__ 0.00704799416025564	false	0.5
arbeitsloser	neg 1.0		neg 0.5351267528570953 off 0.45771709353561135 __DUMMY__ 0.007156153607293357	false	1.0
blitzen	neg 1.0		neg 0.5289500816205593 off 0.46393267508085806 __DUMMY__ 0.007117243298582632	false	1.0
hilflos	neg 1.0		neg 0.5338420568486872 off 0.45901195947650947 __DUMMY__ 0.007145983674803288	false	1.0
eklig	off 1.0		neg 0.5190290930058497 off 0.4739212049769651 __DUMMY__ 0.007049702017185343	false	0.5
begriff			neg 0.5350697336834412 off 0.4578147704712057 __DUMMY__ 0.0071154958453532235	false	0.0
hungersnot	neg 1.0		neg 0.5346871117791335 off 0.45817490577221576 __DUMMY__ 0.007137982448650675	false	1.0
ungesetzlich	neg 1.0		neg 0.5356924739454457 off 0.45727695862205614 __DUMMY__ 0.007030567432498297	false	1.0
verschwendung	neg 1.0		neg 0.5374259469326121 off 0.4554279621465728 __DUMMY__ 0.007146090920815143	false	1.0
schmerzvoll	neg 1.0		neg 0.5297309504768943 off 0.46313567887435686 __DUMMY__ 0.007133370648748772	false	1.0
vorzeitig	neg 1.0		neg 0.5273635515426874 off 0.46549202400132217 __DUMMY__ 0.007144424455990399	false	1.0
unvollkommenheit	neg 1.0		neg 0.5324239240829441 off 0.4603856257412871 __DUMMY__ 0.00719045017576875	false	1.0
intervenieren	neg 1.0		neg 0.5396003923222086 off 0.4532828998018113 __DUMMY__ 0.007116707875980077	false	1.0
banause	off 1.0		neg 0.5178296271595605 off 0.4751490532676046 __DUMMY__ 0.007021319572834902	false	0.5
rebell	neg 1.0		neg 0.5400299462200278 off 0.45279204069873363 __DUMMY__ 0.007178013081238625	false	1.0
unlogisch	neg 1.0		neg 0.5231492031333107 off 0.46976778214691317 __DUMMY__ 0.007083014719776186	false	1.0
leiden	neg 1.0		neg 0.5328539435619092 off 0.4599109688900673 __DUMMY__ 0.007235087548023551	false	1.0
abschaffung	neg 1.0		neg 0.5338456177941657 off 0.4590578109089502 __DUMMY__ 0.007096571296884041	false	1.0
sturz	neg 1.0		neg 0.5310958043680412 off 0.4617471127021192 __DUMMY__ 0.007157082929839578	false	1.0
verkleinerung	neg 1.0		neg 0.5318557227020865 off 0.4610748267205132 __DUMMY__ 0.0070694505774002705	false	1.0
schmarotzer	off 1.0		neg 0.5369696271685419 off 0.4559243221500752 __DUMMY__ 0.007106050681382799	false	0.5
bestrafung	neg 1.0		neg 0.5316474594779886 off 0.46123957098966784 __DUMMY__ 0.007112969532343627	false	1.0
achtlos	neg 1.0		neg 0.5309218760325428 off 0.4619166708434557 __DUMMY__ 0.007161453124001541	false	1.0
