unsolidarisch	neg 1.0		__DUMMY__ 0.9217834778498992 neg 0.044491945909363874 off 0.033724576240736964	false	1.0
nachteilig	neg 1.0		__DUMMY__ 0.9285596180507121 neg 0.04103743621987264 off 0.030402945729415296	false	1.0
skeptisch	neg 1.0		__DUMMY__ 0.9294694172142645 neg 0.04058618731825563 off 0.02994439546747981	false	1.0
schrecklich	neg 1.0		__DUMMY__ 0.9249955693598363 off 0.04037780510946185 neg 0.03462662553070192	false	0.5
schlapp	neg 1.0		__DUMMY__ 0.9280859295398551 off 0.03668698075535667 neg 0.035227089704788224	false	0.5
abfall	neg 1.0		__DUMMY__ 0.9300293944521983 neg 0.04204911941938391 off 0.027921486128417796	false	1.0
widerspenstig	neg 1.0		__DUMMY__ 0.9282401327599412 neg 0.03865831966166154 off 0.03310154757839727	false	1.0
abrupt	neg 1.0		__DUMMY__ 0.9326491901637372 neg 0.03753718538058579 off 0.029813624455677083	false	1.0
unwirksam	neg 1.0		__DUMMY__ 0.9248525668199872 neg 0.041901662458727826 off 0.0332457707212849	false	1.0
angreifen	neg 1.0	neg 1.0	neg 0.5075968631848998 __DUMMY__ 0.46487626397990606 off 0.027526872835194043	false	1.0
inkonsistent	neg 1.0		__DUMMY__ 0.9287527822764601 neg 0.03757962333994474 off 0.0336675943835952	false	1.0
abrutschen	neg 1.0		__DUMMY__ 0.9303511265320863 neg 0.04145492127197887 off 0.028193952195934773	false	1.0
unsicher	neg 1.0		__DUMMY__ 0.9289662707335176 neg 0.03749296899224888 off 0.03354076027423347	false	1.0
bauernkind	off 1.0	off 1.0	off 0.5063237481096082 __DUMMY__ 0.45902312257355166 neg 0.03465312931684009	false	1.0
angreifer	neg 1.0		__DUMMY__ 0.9297073557688428 neg 0.035862645445628366 off 0.03442999878552877	false	1.0
trennen	neg 1.0		__DUMMY__ 0.9339324112228768 neg 0.03578278280157519 off 0.03028480597554794	false	1.0
schmutz	neg 1.0		__DUMMY__ 0.9335263454900184 off 0.03418297089035093 neg 0.03229068361963064	false	0.5
inkonsistenz	neg 1.0		__DUMMY__ 0.923999630854469 neg 0.03934734497963168 off 0.03665302416589925	false	1.0
erschreckend	neg 1.0		__DUMMY__ 0.927262723374873 neg 0.039903765552066234 off 0.03283351107306071	false	1.0
ertrinken	neg 1.0		__DUMMY__ 0.9306040435414694 neg 0.03849621607927157 off 0.03089974037925896	false	1.0
pickelface	off 1.0		__DUMMY__ 0.9286164749985362 neg 0.03949004021504446 off 0.031893484786419395	false	0.5
seiner			__DUMMY__ 0.9307398870258143 neg 0.03907768568492619 off 0.03018242728925946	false	0.0
lauch	neg 1.0		__DUMMY__ 0.9292638123293466 neg 0.04274545642763089 off 0.027990731243022555	false	1.0
unwichtig	neg 1.0		__DUMMY__ 0.9254631885887271 neg 0.03753488373490916 off 0.03700192767636375	false	1.0
steuerhinterziehung	neg 1.0		__DUMMY__ 0.9260248578966465 neg 0.04159521297129606 off 0.032379929132057526	false	1.0
schock	neg 1.0		__DUMMY__ 0.9316716260210577 neg 0.035624031315851346 off 0.03270434266309094	false	1.0
beule	neg 1.0		__DUMMY__ 0.9286839117843898 off 0.03678992954488897 neg 0.034526158670721147	false	0.5
vergelten	neg 1.0		__DUMMY__ 0.9284533108563896 off 0.03950192271599756 neg 0.03204476642761291	false	0.5
verdorbenheit	neg 1.0		__DUMMY__ 0.930579612484579 neg 0.03687390287806149 off 0.03254648463735953	false	1.0
trauma	neg 1.0		__DUMMY__ 0.9276457481017419 neg 0.03821368777355691 off 0.03414056412470114	false	1.0
sinnlos	neg 1.0		__DUMMY__ 0.9284452477641666 neg 0.036375822281101054 off 0.03517892995473238	false	1.0
fettsack	off 1.0	off 1.0	off 0.5076009817597542 __DUMMY__ 0.46065546214180053 neg 0.031743556098445334	false	1.0
feige	off 1.0	off 1.0	off 0.5042879571200631 __DUMMY__ 0.46052187708232245 neg 0.035190165797614366	false	1.0
abdanken	neg 1.0		__DUMMY__ 0.9263465364663261 neg 0.040456460495428274 off 0.03319700303824563	false	1.0
wichtigtuer	off 1.0	off 1.0	off 0.5022534649222379 __DUMMY__ 0.4621768028676751 neg 0.035569732210086955	false	1.0
misslingen	neg 1.0		__DUMMY__ 0.932954804650672 off 0.033718521095860855 neg 0.03332667425346708	false	0.5
untreu	off 1.0		__DUMMY__ 0.9244291929900373 off 0.03786935429050092 neg 0.037701452719461674	false	1.0
missmutig	neg 1.0		__DUMMY__ 0.9262634555023547 off 0.03688017002475591 neg 0.03685637447288942	false	0.5
hurenbock	off 1.0		__DUMMY__ 0.9297969695101862 neg 0.03614777445549541 off 0.03405525603431832	false	0.5
betrunken	neg 1.0		__DUMMY__ 0.9282847054547066 off 0.03858142247526285 neg 0.03313387207003047	false	0.5
korrupt	off 1.0		__DUMMY__ 0.9236523125835011 neg 0.044302874690770655 off 0.03204481272572828	false	0.5
unmut	neg 1.0		__DUMMY__ 0.9299493471200135 neg 0.041873625305506486 off 0.028177027574479936	false	1.0
hackfresse	off 1.0		__DUMMY__ 0.9221955662778557 off 0.04289125450794422 neg 0.03491317921420016	false	1.0
aufblasen	neg 1.0		__DUMMY__ 0.9299761926127563 neg 0.035809199037478666 off 0.03421460834976492	false	1.0
gewaltsam	neg 1.0		__DUMMY__ 0.9288663667819512 neg 0.03834204857344593 off 0.032791584644602766	false	1.0
unbeliebtheit	neg 1.0		__DUMMY__ 0.9200920306327175 neg 0.04300992678687459 off 0.036898042580407873	false	1.0
sturheit	neg 1.0		__DUMMY__ 0.9265412423860837 neg 0.040498725975374794 off 0.032960031638541484	false	1.0
kuh	neg 1.0		__DUMMY__ 0.9268404672425498 neg 0.03988609229047404 off 0.033273440466976126	false	1.0
erschrecken	neg 1.0		__DUMMY__ 0.9274960614942499 off 0.036393685839011376 neg 0.03611025266673883	false	0.5
opfer	neg 1.0		__DUMMY__ 0.9296440928098051 neg 0.03925922290266574 off 0.0310966842875291	false	1.0
sinken	neg 1.0		__DUMMY__ 0.9311261062728319 neg 0.04048178582229424 off 0.02839210790487393	false	1.0
stinktier	neg 1.0		__DUMMY__ 0.9231759893915767 off 0.04071604908836022 neg 0.03610796152006302	false	0.5
tucke	off 1.0		__DUMMY__ 0.9186707436923162 off 0.043152705243846755 neg 0.03817655106383706	false	1.0
ein			__DUMMY__ 0.9304055423244371 neg 0.03593053410677901 off 0.03366392356878393	false	0.0
abstieg	neg 1.0		__DUMMY__ 0.9323785503309288 neg 0.03724439412888823 off 0.030377055540183044	false	1.0
missverstehen	neg 1.0		__DUMMY__ 0.9254776637503946 neg 0.03905381622665565 off 0.035468520022949736	false	1.0
ergebnislos	neg 1.0		__DUMMY__ 0.9297511838149708 neg 0.039861300306840125 off 0.03038751587818905	false	1.0
unter			__DUMMY__ 0.9373400156340745 neg 0.0380346923041439 off 0.02462529206178154	false	0.0
manipulieren	neg 1.0		__DUMMY__ 0.9285512370622362 neg 0.04138436740617516 off 0.030064395531588697	false	1.0
unbewiesen	neg 1.0		__DUMMY__ 0.9208414370335571 neg 0.04516555104131986 off 0.03399301192512307	false	1.0
verschleppen	neg 1.0		__DUMMY__ 0.9286747403823176 neg 0.039692657536252965 off 0.031632602081429366	false	1.0
weib	off 1.0		__DUMMY__ 0.9221651649965311 off 0.042874770120772836 neg 0.034960064882696026	false	1.0
opposition	neg 1.0		__DUMMY__ 0.9256510628738436 neg 0.03984179577426026 off 0.03450714135189619	false	1.0
verkehrswidrig	neg 1.0	neg 1.0	neg 0.4953844764090654 __DUMMY__ 0.4690639343471176 off 0.03555158924381707	false	1.0
inkorrekt	neg 1.0		__DUMMY__ 0.9211721610243012 neg 0.03983284686624092 off 0.0389949921094579	false	1.0
vermeiden	neg 1.0		__DUMMY__ 0.9331987421234031 neg 0.040561502903644686 off 0.02623975497295215	false	1.0
abweichung	neg 1.0		__DUMMY__ 0.9293383391602212 neg 0.040045342256837195 off 0.030616318582941546	false	1.0
alkoholisiert	neg 1.0		__DUMMY__ 0.9368651147889273 neg 0.03401155220681748 off 0.0291233330042553	false	1.0
scheiss	off 1.0	off 1.0	off 0.5036401996078029 __DUMMY__ 0.464164625721673 neg 0.032195174670524074	false	1.0
herausforderung	neg 1.0	neg 1.0	neg 0.5001807816903805 __DUMMY__ 0.4727099876549155 off 0.027109230654703963	false	1.0
pervers	off 1.0		__DUMMY__ 0.9211082105863514 off 0.04520842136204757 neg 0.03368336805160098	false	1.0
wackelig	neg 1.0		__DUMMY__ 0.9335100299012131 neg 0.03526173069810074 off 0.03122823940068623	false	1.0
verwickeln	neg 1.0		__DUMMY__ 0.9251515886863345 neg 0.039409156519344325 off 0.0354392547943212	false	1.0
vorwand	neg 1.0		__DUMMY__ 0.929493221721543 neg 0.041071669366264614 off 0.029435108912192365	false	1.0
muschi	off 1.0		__DUMMY__ 0.9287676231788317 neg 0.03892636635029261 off 0.032306010470875765	false	0.5
entmutigung	neg 1.0		__DUMMY__ 0.9245125928467762 neg 0.04066219106866243 off 0.03482521608456129	false	1.0
unangemessen	neg 1.0		__DUMMY__ 0.9269721965493757 neg 0.040739381234830445 off 0.03228842221579398	false	1.0
unstetig	neg 1.0		__DUMMY__ 0.9305763542726803 neg 0.03573982757169519 off 0.03368381815562453	false	1.0
entmutigen	neg 1.0		__DUMMY__ 0.9276723092446417 neg 0.03787784731549305 off 0.03444984343986524	false	1.0
schwanz	neg 1.0		__DUMMY__ 0.9308988326905567 neg 0.03934560691064748 off 0.02975556039879587	false	1.0
verbot	neg 1.0		__DUMMY__ 0.9264429656170613 neg 0.04176265203762798 off 0.03179438234531061	false	1.0
leid	neg 1.0		__DUMMY__ 0.9245752219518971 off 0.04108713039849702 neg 0.03433764764960591	false	0.5
archaisch	neg 1.0		__DUMMY__ 0.9283508745727816 neg 0.03968611201782835 off 0.03196301340938999	false	1.0
gegen			__DUMMY__ 0.9320624197071963 neg 0.03883997212341326 off 0.029097608169390544	false	0.0
scheidung	neg 1.0		__DUMMY__ 0.9214018276251441 off 0.04806976831843827 neg 0.030528404056417633	false	0.5
einschlag	neg 1.0	neg 1.0	neg 0.5005392297780603 __DUMMY__ 0.46376410128450657 off 0.03569666893743303	false	1.0
m			__DUMMY__ 0.9307658154087926 neg 0.037615541291507223 off 0.03161864329970026	false	0.0
abgestanden	neg 1.0		__DUMMY__ 0.930786383940654 neg 0.03609745137650363 off 0.033116164682842356	false	1.0
schmierig	off 1.0		__DUMMY__ 0.9249282487428019 off 0.04075840213442858 neg 0.0343133491227696	false	1.0
unpraktisch	neg 1.0		__DUMMY__ 0.9313697068175859 neg 0.03489043677620857 off 0.03373985640620557	false	1.0
wixxer	off 1.0		__DUMMY__ 0.9205219181677526 off 0.045053108239812796 neg 0.03442497359243466	false	1.0
bezeichnet			__DUMMY__ 0.9270293237912812 neg 0.03971355933183096 off 0.03325711687688779	false	0.0
jammerlappen	off 1.0		__DUMMY__ 0.9256239267968581 neg 0.0372667712174899 off 0.037109301985652036	false	0.5
farce	neg 1.0		__DUMMY__ 0.9255435151087652 neg 0.04213026434346735 off 0.032326220547767466	false	1.0
zwecklos	neg 1.0		__DUMMY__ 0.9270404973516064 neg 0.040751482214974974 off 0.03220802043341862	false	1.0
turbulent	neg 1.0		__DUMMY__ 0.9250667883072403 neg 0.037660182711258226 off 0.03727302898150141	false	1.0
invasion	neg 1.0		__DUMMY__ 0.9285543458352188 neg 0.03627131454033445 off 0.0351743396244468	false	1.0
schuld	neg 1.0		__DUMMY__ 0.927173698215118 neg 0.038601703240726405 off 0.03422459854415563	false	1.0
risiko	neg 1.0		__DUMMY__ 0.9299478959812946 neg 0.03649867514009228 off 0.0335534288786131	false	1.0
finster	neg 1.0		__DUMMY__ 0.9295484509075417 neg 0.0369670757154107 off 0.03348447337704766	false	1.0
geisteskrank	off 1.0		__DUMMY__ 0.9232254981340069 off 0.03845757752259389 neg 0.038316924343399214	false	1.0
zusammenbrechen	neg 1.0		__DUMMY__ 0.9295215163921796 neg 0.0380134639766897 off 0.03246501963113074	false	1.0
ausbeute	neg 1.0		__DUMMY__ 0.9345785119532545 neg 0.03596760472692367 off 0.02945388331982187	false	1.0
hinterhalt	neg 1.0		__DUMMY__ 0.931825949654708 neg 0.03644676635850253 off 0.03172728398678942	false	1.0
kritik	neg 1.0		__DUMMY__ 0.9259116901459498 neg 0.04186210108028289 off 0.03222620877376737	false	1.0
einschrumpfen	neg 1.0		__DUMMY__ 0.9241454246231785 neg 0.04017836028475293 off 0.03567621509206859	false	1.0
riskant	neg 1.0		__DUMMY__ 0.9281792741591066 neg 0.040861816013886866 off 0.03095890982700646	false	1.0
frustrieren	neg 1.0		__DUMMY__ 0.9289893470992366 neg 0.039976758367385276 off 0.03103389453337799	false	1.0
groll	neg 1.0		__DUMMY__ 0.9284697137985726 neg 0.039540029803969264 off 0.03199025639745817	false	1.0
gibt			__DUMMY__ 0.928750193947113 neg 0.03894088812411195 off 0.03230891792877506	false	0.0
qualvoll	neg 1.0		__DUMMY__ 0.92835377677961 neg 0.035905018443601625 off 0.03574120477678838	false	1.0
wackeln	neg 1.0	neg 1.0	neg 0.5017384979627352 __DUMMY__ 0.4675387762614864 off 0.03072272577577838	false	1.0
klagen	neg 1.0		__DUMMY__ 0.9307531850801155 neg 0.040738625245741136 off 0.02850818967414342	false	1.0
bankrott	neg 1.0		__DUMMY__ 0.9274376576920927 neg 0.0365092549931818 off 0.03605308731472547	false	1.0
trauern	neg 1.0		__DUMMY__ 0.9312105308750406 neg 0.03792987545952799 off 0.030859593665431527	false	1.0
ablehnung	neg 1.0		__DUMMY__ 0.9261429852379072 neg 0.0415435912869815 off 0.0323134234751114	false	1.0
stur	neg 1.0		__DUMMY__ 0.9265363534714937 neg 0.038806219306012586 off 0.03465742722249382	false	1.0
aufruhr	neg 1.0		__DUMMY__ 0.9288522461064144 neg 0.038333982619704235 off 0.0328137712738814	false	1.0
melancholie	neg 1.0		__DUMMY__ 0.9313280254733143 neg 0.037498713048764426 off 0.0311732614779213	false	1.0
ist			__DUMMY__ 0.9279970952934872 neg 0.03724919411114929 off 0.03475371059536351	false	0.0
torheit	neg 1.0		__DUMMY__ 0.9249393916415938 neg 0.0408074983599061 off 0.03425310999850011	false	1.0
dreckskind	off 1.0		__DUMMY__ 0.9223417705812262 off 0.04179930319968539 neg 0.03585892621908833	false	1.0
umtauschen	neg 1.0		__DUMMY__ 0.9302419773667367 neg 0.03720977413004122 off 0.03254824850322199	false	1.0
zum			__DUMMY__ 0.9384304446065169 neg 0.03534302387466372 off 0.026226531518819405	false	0.0
zersetzen	neg 1.0		__DUMMY__ 0.9273676710210166 neg 0.042676042392390014 off 0.029956286586593477	false	1.0
zur			__DUMMY__ 0.9347850961035271 neg 0.03914220971422529 off 0.02607269418224762	false	0.0
frust	neg 1.0		__DUMMY__ 0.9296021082030596 neg 0.03797817686452255 off 0.03241971493241793	false	1.0
unerbittlichkeit	neg 1.0		__DUMMY__ 0.9282712419621779 neg 0.041689470066843565 off 0.030039287970978597	false	1.0
zwei			__DUMMY__ 0.9362125845964279 neg 0.0359471581559002 off 0.02784025724767187	false	0.0
unkorrekt	neg 1.0		__DUMMY__ 0.9213796248360048 neg 0.03934087326528035 off 0.03927950189871498	false	1.0
hexe	off 1.0		__DUMMY__ 0.9264406164002211 off 0.037203028834559206 neg 0.036356354765219666	false	1.0
lasch	neg 1.0		__DUMMY__ 0.9242745885763275 neg 0.03936894052675812 off 0.036356470896914385	false	1.0
rivale	neg 1.0		__DUMMY__ 0.9260654671858811 off 0.03886573787796493 neg 0.035068794936154044	false	0.5
mutlos	off 1.0	off 1.0	off 0.4982798475697135 __DUMMY__ 0.462993183772672 neg 0.038726968657614484	false	1.0
wirr	off 1.0		__DUMMY__ 0.9217720733392484 off 0.03936256499661008 neg 0.038865361664141576	false	1.0
jahr			__DUMMY__ 0.9355328313816055 neg 0.03537318313685366 off 0.029093985481540897	false	0.0
wird			__DUMMY__ 0.9301917995967367 neg 0.03865846988494489 off 0.03114973051831841	false	0.0
strafbar	neg 1.0		__DUMMY__ 0.9277483657095674 neg 0.04112631280206021 off 0.031125321488372323	false	1.0
erosion	neg 1.0		__DUMMY__ 0.9295273209152746 neg 0.03679290554663649 off 0.03367977353808899	false	1.0
eingehen	neg 1.0		__DUMMY__ 0.9267192342057919 neg 0.04151726591465034 off 0.03176349987955773	false	1.0
faul	off 1.0		__DUMMY__ 0.9286680112865884 off 0.036072494699452305 neg 0.03525949401395935	false	1.0
provisorium	neg 1.0		__DUMMY__ 0.9355610552697986 neg 0.04012466213407039 off 0.024314282596131002	false	1.0
schmerzen	neg 1.0		__DUMMY__ 0.9293213205453411 neg 0.03783739413061191 off 0.03284128532404697	false	1.0
schrumpfen	neg 1.0		__DUMMY__ 0.9308031252006924 neg 0.042719293064417324 off 0.026477581734890267	false	1.0
geistlos	off 1.0		__DUMMY__ 0.9212313106671469 neg 0.04303745698501739 off 0.03573123234783571	false	0.5
fehlkauf	neg 1.0		__DUMMY__ 0.9267495056610322 neg 0.0385485866875643 off 0.03470190765140351	false	1.0
frustrierend	neg 1.0		__DUMMY__ 0.9285070404498582 off 0.0363534592253901 neg 0.03513950032475173	false	0.5
unzufrieden	neg 1.0		__DUMMY__ 0.9273936654165857 neg 0.04046100058128057 off 0.03214533400213368	false	1.0
verzweifeln	neg 1.0		__DUMMY__ 0.9286427271586412 neg 0.038155612989991886 off 0.03320165985136688	false	1.0
verzweifelt	neg 1.0		__DUMMY__ 0.9268481809492719 neg 0.03846514078647469 off 0.034686678264253396	false	1.0
misstrauensantrag	neg 1.0		__DUMMY__ 0.9264834853715265 neg 0.03857638610958005 off 0.03494012851889352	false	1.0
abfallen	neg 1.0		__DUMMY__ 0.9308331613488768 neg 0.035209830866827246 off 0.033957007784295924	false	1.0
fucker	off 1.0		__DUMMY__ 0.9241139722921762 off 0.03880058774414126 neg 0.03708543996368266	false	1.0
ungezogen	neg 1.0		__DUMMY__ 0.9230482796278677 off 0.043877076317241984 neg 0.03307464405489019	false	0.5
irrsinnig	neg 1.0	neg 1.0	neg 0.5054764877869966 __DUMMY__ 0.46318685784917035 off 0.03133665436383301	false	1.0
unfassbar	neg 1.0		__DUMMY__ 0.9255239634226581 off 0.03759497184775711 neg 0.036881064729584793	false	0.5
hart	neg 1.0		__DUMMY__ 0.927609775434314 neg 0.036695009096172654 off 0.03569521546951327	false	1.0
widerlich	off 1.0		__DUMMY__ 0.9233143568757913 neg 0.038370095486461975 off 0.038315547637746646	false	0.5
fatal	neg 1.0		__DUMMY__ 0.9268992390940323 neg 0.038118710090210776 off 0.03498205081575695	false	1.0
bruch	neg 1.0		__DUMMY__ 0.9298654172627937 neg 0.04142153864067605 off 0.02871304409653015	false	1.0
aushungern	neg 1.0		__DUMMY__ 0.9253752139933481 neg 0.04154812805884487 off 0.03307665794780706	false	1.0
anspannung	neg 1.0	neg 1.0	neg 0.5027384893509632 __DUMMY__ 0.4730468131762362 off 0.02421469747280052	false	1.0
von			__DUMMY__ 0.9353523231675122 neg 0.03600038683627762 off 0.028647289996210225	false	0.0
kraftlos	neg 1.0		__DUMMY__ 0.9317034740336798 neg 0.03652453194870967 off 0.031771994017610536	false	1.0
vom			__DUMMY__ 0.9384694567761908 neg 0.03686939356362339 off 0.024661149660185875	false	0.0
grenzdebil	off 1.0		__DUMMY__ 0.925738751259746 off 0.03825096281600867 neg 0.036010285924245246	false	1.0
vor			__DUMMY__ 0.9316806648683552 neg 0.03896773238722776 off 0.02935160274441702	false	0.0
unterwerfen	neg 1.0		__DUMMY__ 0.9287988584135193 neg 0.04033892871981232 off 0.030862212866668366	false	1.0
versenkung	neg 1.0		__DUMMY__ 0.9290634887752909 neg 0.04016025694742877 off 0.030776254277280264	false	1.0
entziehen	neg 1.0		__DUMMY__ 0.9301383183677572 neg 0.04090297190749391 off 0.02895870972474893	false	1.0
finanzkrise	neg 1.0		__DUMMY__ 0.925378393671413 neg 0.041854645160533055 off 0.032766961168053964	false	1.0
schimpfend	neg 1.0		__DUMMY__ 0.9314198485345966 neg 0.034948734244939106 off 0.03363141722046439	false	1.0
profan	neg 1.0		__DUMMY__ 0.9272870306129097 neg 0.0371951195344375 off 0.03551784985265276	false	1.0
korruption	neg 1.0	neg 1.0	neg 0.508441490663506 __DUMMY__ 0.4627359795344034 off 0.028822529802090706	false	1.0
â			__DUMMY__ 0.9302981890722746 neg 0.038876719432306535 off 0.030825091495418955	false	0.0
schmutzig	neg 1.0		__DUMMY__ 0.9264860800551131 off 0.03778890071745339 neg 0.03572501922743351	false	0.5
sexy	neg 1.0		__DUMMY__ 0.9269100703525184 neg 0.03709428302172367 off 0.03599564662575797	false	1.0
abraten	neg 1.0		__DUMMY__ 0.9279918140386859 neg 0.03730128205728309 off 0.03470690390403091	false	1.0
schwarz	neg 1.0		__DUMMY__ 0.926732426805898 neg 0.03876055686692291 off 0.034507016327179174	false	1.0
fotze	off 1.0		__DUMMY__ 0.929193000843341 neg 0.04013081405922701 off 0.030676185097431963	false	0.5
verwirren	neg 1.0		__DUMMY__ 0.9273176606612034 neg 0.03693328136512844 off 0.03574905797366818	false	1.0
zahnlos	off 1.0		__DUMMY__ 0.9272590188481182 neg 0.04057245220741381 off 0.032168528944468	false	0.5
verheeren	neg 1.0		__DUMMY__ 0.9231747527483276 off 0.044836907301940954 neg 0.03198833994973149	false	0.5
hippie	neg 1.0		__DUMMY__ 0.9265092776662731 neg 0.03778019453332992 off 0.03571052780039702	false	1.0
rammen	neg 1.0		__DUMMY__ 0.9282290742066036 neg 0.03828518721149257 off 0.033485738581903866	false	1.0
unlauter	neg 1.0		__DUMMY__ 0.9235622238144674 neg 0.04249035989804001 off 0.033947416287492656	false	1.0
unheilvoll	neg 1.0		__DUMMY__ 0.9304641118078751 neg 0.034775011714339964 off 0.03476087647778494	false	1.0
niedrig	neg 1.0		__DUMMY__ 0.930868149425843 neg 0.03929183937367602 off 0.02984001120048104	false	1.0
explosion	neg 1.0		__DUMMY__ 0.9264547189025029 neg 0.03835482206483436 off 0.035190459032662776	false	1.0
weichei	off 1.0		__DUMMY__ 0.9228789223015691 off 0.04171700358795308 neg 0.03540407411047793	false	1.0
minusmensch	off 1.0		__DUMMY__ 0.917536939390531 off 0.045084116144720306 neg 0.03737894446474874	false	1.0
farblos	neg 1.0		__DUMMY__ 0.9339460447290026 neg 0.03405490419890235 off 0.03199905107209516	false	1.0
unwissend	neg 1.0	neg 1.0	neg 0.5042779024812173 __DUMMY__ 0.46166508915360516 off 0.0340570083651775	false	1.0
traurig	neg 1.0		__DUMMY__ 0.9256803740613654 off 0.03963030246754637 neg 0.03468932347108832	false	0.5
senkung	neg 1.0		__DUMMY__ 0.9248586540153053 neg 0.03979622776500023 off 0.03534511821969442	false	1.0
ungleich	neg 1.0	neg 1.0	neg 0.5088038755653669 __DUMMY__ 0.46327268362385254 off 0.027923440810780544	false	1.0
heikel	neg 1.0		__DUMMY__ 0.9284430213893524 neg 0.041515995305248 off 0.030040983305399574	false	1.0
drosselung	neg 1.0		__DUMMY__ 0.9266925020997683 off 0.037702450555807704 neg 0.03560504734442406	false	0.5
falsch	neg 1.0		__DUMMY__ 0.926998132098818 neg 0.036510780595180044 off 0.03649108730600208	false	1.0
unzufriedenheit	neg 1.0		__DUMMY__ 0.9286015256237387 neg 0.041681944864749375 off 0.02971652951151198	false	1.0
kurz	neg 1.0		__DUMMY__ 0.9319386428407926 neg 0.036062656859462826 off 0.03199870029974457	false	1.0
unsinnig	neg 1.0		__DUMMY__ 0.9261051334475882 neg 0.041405083327544404 off 0.032489783224867376	false	1.0
penner	off 1.0	off 1.0	off 0.5094798402374324 __DUMMY__ 0.4591957773509226 neg 0.031324382411644924	false	1.0
seicht	neg 1.0		__DUMMY__ 0.9195083331765326 off 0.044159398161981236 neg 0.03633226866148618	false	0.5
dummheit	off 1.0	off 1.0	off 0.5024766449758498 __DUMMY__ 0.4616177867351498 neg 0.03590556828900047	false	1.0
unerfreulich	neg 1.0		__DUMMY__ 0.9306148923215287 neg 0.040196217711167874 off 0.029188889967303365	false	1.0
motherfucker	off 1.0	off 1.0	off 0.5054099673875547 __DUMMY__ 0.46021702936412934 neg 0.03437300324831596	false	1.0
pikiert	neg 1.0		__DUMMY__ 0.923315744878211 neg 0.03915797445008591 off 0.03752628067170304	false	1.0
wrack	neg 1.0		__DUMMY__ 0.9338346511819587 neg 0.03613565918752206 off 0.030029689630519177	false	1.0
gangster	neg 1.0		__DUMMY__ 0.9273682392021073 neg 0.037287321634865984 off 0.03534443916302678	false	1.0
krank	neg 1.0		__DUMMY__ 0.9272919579731893 off 0.038173399872103095 neg 0.03453464215470758	false	0.5
reich	neg 1.0		__DUMMY__ 0.9248859687366581 neg 0.03863155669273103 off 0.036482474570610886	false	1.0
gnadenlos	neg 1.0		__DUMMY__ 0.9276685396269766 neg 0.03808387301223684 off 0.034247587360786494	false	1.0
niedergeschlagen	neg 1.0		__DUMMY__ 0.9304682164252606 neg 0.0371625417579192 off 0.032369241816820285	false	1.0
terrorisieren	off 1.0	off 1.0	off 0.4984758177299402 __DUMMY__ 0.4652358743050717 neg 0.036288307964988116	false	1.0
sinnlosigkeit	neg 1.0		__DUMMY__ 0.9276027017778743 neg 0.04022273107142207 off 0.03217456715070363	false	1.0
behindern	neg 1.0		__DUMMY__ 0.9275082396802885 neg 0.03977513043578117 off 0.03271662988393029	false	1.0
undemokratisch	neg 1.0		__DUMMY__ 0.9248338593722769 neg 0.040753411456523496 off 0.03441272917119964	false	1.0
wirtschaftskrise	neg 1.0		__DUMMY__ 0.9272870307800211 neg 0.041527974122357265 off 0.031184995097621678	false	1.0
neid	neg 1.0		__DUMMY__ 0.929307323730529 off 0.03669568758917693 neg 0.03399698868029405	false	0.5
rutschen	neg 1.0	neg 1.0	neg 0.5018569112579403 __DUMMY__ 0.4728916153652472 off 0.025251473376812522	false	1.0
rezession	neg 1.0		__DUMMY__ 0.9216210762257341 off 0.04050054122176534 neg 0.03787838255250065	false	0.5
fehlgeburt	neg 1.0		__DUMMY__ 0.9302566207193369 neg 0.035070074002521164 off 0.03467330527814185	false	1.0
charakterschwach	off 1.0		__DUMMY__ 0.925038541451257 off 0.03814169617398223 neg 0.03681976237476087	false	1.0
isolation	neg 1.0		__DUMMY__ 0.928477225926209 off 0.03621437338365793 neg 0.03530840069013311	false	0.5
ablenkung	neg 1.0		__DUMMY__ 0.9287131799117605 neg 0.03764013548983362 off 0.03364668459840587	false	1.0
pech	neg 1.0		__DUMMY__ 0.9286002269203609 off 0.0357822893411193 neg 0.03561748373851968	false	0.5
vermeidung	neg 1.0		__DUMMY__ 0.9242392560731828 off 0.03802954040770569 neg 0.03773120351911156	false	0.5
dominieren	neg 1.0		__DUMMY__ 0.9322190652279305 neg 0.03692001559010171 off 0.030860919181967834	false	1.0
schwindlig	neg 1.0		__DUMMY__ 0.9315197137042144 off 0.034660598094635654 neg 0.03381968820114997	false	0.5
lutscher	neg 1.0		__DUMMY__ 0.9205122920468801 off 0.044420088366221196 neg 0.035067619586898705	false	0.5
pflicht	neg 1.0		__DUMMY__ 0.9286748717380281 neg 0.041209029138052085 off 0.030116099123919805	false	1.0
faschist	off 1.0		__DUMMY__ 0.9236298573395241 neg 0.04038445794037196 off 0.03598568472010398	false	0.5
verschleudern	neg 1.0		__DUMMY__ 0.9246622397149339 neg 0.044668541316454986 off 0.03066921896861112	false	1.0
wenn			__DUMMY__ 0.9267068686489827 off 0.03669175508730311 neg 0.03660137626371411	false	0.0
ehebruch	neg 1.0		__DUMMY__ 0.9274646392025293 neg 0.041173830275977104 off 0.03136153052149363	false	1.0
spott	off 1.0		__DUMMY__ 0.9270494924029969 neg 0.04192374311943793 off 0.031026764477565184	false	0.5
trostlosigkeit	neg 1.0		__DUMMY__ 0.9301339757533069 neg 0.04084173348644176 off 0.02902429076025134	false	1.0
lutschen	neg 1.0		__DUMMY__ 0.9261386509714014 neg 0.03858558456941978 off 0.035275764459178856	false	1.0
undiszipliniert	neg 1.0		__DUMMY__ 0.9259043849464803 off 0.03894076496144155 neg 0.035154850092078097	false	0.5
kopfschmerz	neg 1.0		__DUMMY__ 0.9312096808112192 neg 0.03697866119342834 off 0.03181165799535246	false	1.0
unvorhergesehen	neg 1.0		__DUMMY__ 0.9346825731149626 neg 0.03514631945893905 off 0.03017110742609835	false	1.0
desinteressiert	neg 1.0		__DUMMY__ 0.9243493232096099 off 0.038971885524016474 neg 0.0366787912663736	false	0.5
armselig	off 1.0		__DUMMY__ 0.9216349949738912 off 0.03984165209036549 neg 0.03852335293574329	false	1.0
desaster	neg 1.0		__DUMMY__ 0.9295655095726174 neg 0.04208646588980174 off 0.028348024537580827	false	1.0
tod	neg 1.0		__DUMMY__ 0.9320571436164992 neg 0.03717353216416565 off 0.030769324219335252	false	1.0
herzlos	neg 1.0		__DUMMY__ 0.9235554920828665 off 0.04005613440677666 neg 0.0363883735103569	false	0.5
unwissenheit	neg 1.0		__DUMMY__ 0.925508355517456 neg 0.04241774140120542 off 0.03207390308133853	false	1.0
widersinnig	neg 1.0	neg 1.0	neg 0.5091235590916708 __DUMMY__ 0.4612354384897551 off 0.029641002418574095	false	1.0
bedenklich	neg 1.0		__DUMMY__ 0.9275484357389497 neg 0.041321024514427866 off 0.031130539746622405	false	1.0
beanstanden	neg 1.0		__DUMMY__ 0.9301101904873893 neg 0.0403027167116904 off 0.02958709280092025	false	1.0
panisch	neg 1.0	neg 1.0	neg 0.499686415543929 __DUMMY__ 0.46837481233214656 off 0.03193877212392444	false	1.0
debil	off 1.0		__DUMMY__ 0.932990948657567 neg 0.04149457772691476 off 0.02551447361551817	false	0.5
abstrich	neg 1.0		__DUMMY__ 0.9293871843190519 neg 0.04043584083075029 off 0.03017697485019782	false	1.0
primitiv	neg 1.0		__DUMMY__ 0.9234723343066561 off 0.03865649916916907 neg 0.037871166524174854	false	0.5
abschaum	off 1.0	off 1.0	off 0.5039662712936469 __DUMMY__ 0.46113087283816934 neg 0.034902855868183764	false	1.0
provozieren	neg 1.0		__DUMMY__ 0.9265545576287952 neg 0.039321619118182 off 0.034123823253022684	false	1.0
tot	neg 1.0		__DUMMY__ 0.9305748488278369 neg 0.03926315310410106 off 0.030161998068061954	false	1.0
instabil	neg 1.0		__DUMMY__ 0.9225968720666021 neg 0.038913386461933035 off 0.03848974147146489	false	1.0
schwuchtel	off 1.0		__DUMMY__ 0.9180863341896924 off 0.04807670646611635 neg 0.03383695934419119	false	1.0
zerren	neg 1.0		__DUMMY__ 0.9306533267618347 neg 0.036757488969486836 off 0.03258918426867852	false	1.0
kinderficker	off 1.0		__DUMMY__ 0.9204896590057888 off 0.04172010264043912 neg 0.037790238353772036	false	1.0
gefahr	neg 1.0		__DUMMY__ 0.930395103651477 neg 0.0397797924795252 off 0.029825103868997713	false	1.0
rabiat	neg 1.0		__DUMMY__ 0.9263984288359995 neg 0.039957632454920164 off 0.033643938709080286	false	1.0
verlangsamung	neg 1.0		__DUMMY__ 0.9209842892882418 off 0.042976641173719146 neg 0.03603906953803904	false	0.5
ausgestorben	neg 1.0		__DUMMY__ 0.9295449900299481 neg 0.03742494904032473 off 0.0330300609297272	false	1.0
anklagen	neg 1.0		__DUMMY__ 0.9275668529534259 neg 0.04001122605089169 off 0.03242192099568238	false	1.0
trott	neg 1.0		__DUMMY__ 0.9294298334926384 neg 0.037700097501968115 off 0.03287006900539341	false	1.0
verminderung	neg 1.0		__DUMMY__ 0.9240501573976609 off 0.03856159174864713 neg 0.03738825085369198	false	0.5
nach			__DUMMY__ 0.9383772228877952 neg 0.035026447081513375 off 0.02659633003069142	false	0.0
rost	neg 1.0		__DUMMY__ 0.9217567433747916 off 0.04174840052271275 neg 0.03649485610249563	false	0.5
destruktiv	neg 1.0		__DUMMY__ 0.9248983033658797 neg 0.04171540190574294 off 0.033386294728377196	false	1.0
unzumutbarkeit	neg 1.0		__DUMMY__ 0.9287209070963641 off 0.036724160985511276 neg 0.034554931918124546	false	0.5
labil	off 1.0	off 1.0	off 0.5039433507810106 __DUMMY__ 0.46164988173855764 neg 0.03440676748043166	false	1.0
ziemlich	neg 1.0		__DUMMY__ 0.9273549593836313 off 0.037813896985302756 neg 0.03483114363106593	false	0.5
lachnummer	off 1.0		__DUMMY__ 0.9269238997917947 neg 0.03940953757665362 off 0.033666562631551745	false	0.5
oder			__DUMMY__ 0.9305661037319612 neg 0.03602174417505141 off 0.03341215209298734	false	0.0
verfall	neg 1.0		__DUMMY__ 0.9307854386863483 neg 0.04275773464823096 off 0.026456826665420742	false	1.0
ausgrenzung	neg 1.0		__DUMMY__ 0.9241513508676711 neg 0.04093269668267386 off 0.03491595244965497	false	1.0
unordnung	neg 1.0		__DUMMY__ 0.9288946518899747 off 0.03725270436947949 neg 0.03385264374054583	false	0.5
fehlverhalten	neg 1.0		__DUMMY__ 0.9282976099043463 neg 0.041357604796387996 off 0.03034478529926574	false	1.0
eine			__DUMMY__ 0.9303772448645108 neg 0.04008914689587995 off 0.029533608239609144	false	0.0
nille	neg 1.0		__DUMMY__ 0.9288873500161268 neg 0.038393567638070204 off 0.0327190823458031	false	1.0
qual	neg 1.0		__DUMMY__ 0.9289451726591057 neg 0.038283235714134285 off 0.032771591626759994	false	1.0
verschwenden	neg 1.0		__DUMMY__ 0.9280241581063925 neg 0.040646264189390165 off 0.031329577704217224	false	1.0
riesig	neg 1.0	neg 1.0	neg 0.5037020514756329 __DUMMY__ 0.4683450349078311 off 0.027952913616535992	false	1.0
verurteilen	neg 1.0		__DUMMY__ 0.9267831338051994 neg 0.04107121625481555 off 0.032145649939985026	false	1.0
klischee	neg 1.0	neg 1.0	neg 0.5058990132045322 __DUMMY__ 0.46099165469603 off 0.0331093320994378	false	1.0
diktatorisch	neg 1.0		__DUMMY__ 0.9229181433763509 neg 0.042184233308178234 off 0.03489762331547088	false	1.0
vorhersehbar	neg 1.0	neg 1.0	neg 0.5051518300182277 __DUMMY__ 0.46214997517347495 off 0.03269819480829729	false	1.0
sowie			__DUMMY__ 0.9223747084607387 off 0.041525399310011785 neg 0.03609989222924953	false	0.0
stornieren	neg 1.0		__DUMMY__ 0.9338492206244636 off 0.03369683249219142 neg 0.03245394688334488	false	0.5
besteuerung	neg 1.0		__DUMMY__ 0.9249681132913975 neg 0.04127413269708561 off 0.033757754011516934	false	1.0
ungeschminkt	neg 1.0		__DUMMY__ 0.9252633490552198 off 0.03767187992484577 neg 0.03706477101993449	false	0.5
kritisch	neg 1.0		__DUMMY__ 0.9280210831345442 neg 0.040899158381349277 off 0.031079758484106546	false	1.0
schlamperei	off 1.0		__DUMMY__ 0.9282230129616176 neg 0.041468808275418025 off 0.03030817876296434	false	0.5
sucht	neg 1.0	neg 1.0	neg 0.503133315302502 __DUMMY__ 0.46696808609568197 off 0.029898598601816023	false	1.0
egoistisch	off 1.0		__DUMMY__ 0.9232841547126297 off 0.04185089099789794 neg 0.03486495428947231	false	1.0
ausbeuter	off 1.0		__DUMMY__ 0.9268773675931571 neg 0.0428690287652673 off 0.030253603641575606	false	0.5
arschgeburt	off 1.0		__DUMMY__ 0.9170746879895304 off 0.04838140513899731 neg 0.03454390687147228	false	1.0
schubs	neg 1.0	neg 1.0	neg 0.5028432248768928 __DUMMY__ 0.46876573275023664 off 0.028391042372870493	false	1.0
unsolide	neg 1.0		__DUMMY__ 0.9203030583186205 neg 0.044482308228557865 off 0.035214633452821754	false	1.0
beschwerde	neg 1.0		__DUMMY__ 0.9282993416092662 neg 0.041341736430139185 off 0.030358921960594663	false	1.0
stocken	neg 1.0		__DUMMY__ 0.9289917776383696 neg 0.04023883578373479 off 0.030769386577895536	false	1.0
isolieren	neg 1.0		__DUMMY__ 0.9275506686370212 neg 0.04084878354741253 off 0.03160054781556624	false	1.0
unheilbar	neg 1.0		__DUMMY__ 0.9284688677167519 neg 0.03758102320508138 off 0.03395010907816674	false	1.0
pisser	off 1.0		__DUMMY__ 0.9257618090940523 off 0.03879356604298666 neg 0.03544462486296109	false	1.0
löschen	neg 1.0		__DUMMY__ 0.9281815227152865 neg 0.038506163717050276 off 0.03331231356766322	false	1.0
durchfallen	neg 1.0		__DUMMY__ 0.9267401362732743 neg 0.04127149217828937 off 0.03198837154843625	false	1.0
wichser	off 1.0		__DUMMY__ 0.9211963101182467 off 0.04537407750449761 neg 0.03342961237725577	false	1.0
terror	neg 1.0		__DUMMY__ 0.9293836012119937 neg 0.035456302826044755 off 0.035160095961961575	false	1.0
krass	neg 1.0		__DUMMY__ 0.9246048699938799 off 0.040067169309460554 neg 0.03532796069665957	false	0.5
revolte	neg 1.0		__DUMMY__ 0.9245309685614337 neg 0.0401733288700646 off 0.035295702568501695	false	1.0
besorgt	neg 1.0		__DUMMY__ 0.9316542240536336 neg 0.03648838047033545 off 0.03185739547603086	false	1.0
nachlassen	neg 1.0		__DUMMY__ 0.929106790512219 neg 0.04073647931716395 off 0.030156730170617086	false	1.0
alt	neg 1.0		__DUMMY__ 0.9302720553597449 neg 0.039236943533195415 off 0.030491001107059736	false	1.0
hundesohn	off 1.0		__DUMMY__ 0.9198712502807515 off 0.044659150260593125 neg 0.035469599458655514	false	1.0
als			__DUMMY__ 0.9310833657295903 neg 0.036839728969323644 off 0.032076905301086076	false	0.0
abschreckung	neg 1.0		__DUMMY__ 0.9295466700701075 neg 0.041235297858006066 off 0.02921803207188637	false	1.0
unqualifiziert	neg 1.0		__DUMMY__ 0.9230433572941322 neg 0.04070630996264679 off 0.036250332743220925	false	1.0
abgewichst	off 1.0		__DUMMY__ 0.9293554051182574 neg 0.03854633067311642 off 0.03209826420862614	false	0.5
schwer	neg 1.0		__DUMMY__ 0.9286213731770759 neg 0.037935547500009124 off 0.033443079322914966	false	1.0
bedeutungslosigkeit	neg 1.0		__DUMMY__ 0.9289483448083337 neg 0.04116147970094257 off 0.02989017549072382	false	1.0
kapitulation	neg 1.0		__DUMMY__ 0.9256564127704807 neg 0.04333908000942212 off 0.031004507220097146	false	1.0
unscharf	neg 1.0		__DUMMY__ 0.9282913295022306 neg 0.03710884629580107 off 0.03459982420196839	false	1.0
schwinden	neg 1.0		__DUMMY__ 0.928883610098842 neg 0.04142353598339561 off 0.029692853917762385	false	1.0
versklavung	neg 1.0		__DUMMY__ 0.9225148089215816 neg 0.04298705280892646 off 0.03449813826949194	false	1.0
schlecht	neg 1.0		__DUMMY__ 0.927415474814206 off 0.037958991043399 neg 0.03462553414239498	false	0.5
verhasst	neg 1.0		__DUMMY__ 0.9264937121731397 neg 0.03910158812338032 off 0.03440469970347998	false	1.0
beschweren	neg 1.0		__DUMMY__ 0.927467560978517 neg 0.03761413891801912 off 0.03491830010346383	false	1.0
scheiden	neg 1.0		__DUMMY__ 0.9344298199350529 off 0.033176448174435845 neg 0.03239373189051122	false	0.5
frustriert	neg 1.0		__DUMMY__ 0.9290191678164171 neg 0.03826207288943859 off 0.03271875929414428	false	1.0
schimmelig	neg 1.0		__DUMMY__ 0.9318297958259929 neg 0.03836015069014176 off 0.02981005348386541	false	1.0
fisch	neg 1.0		__DUMMY__ 0.936503353606649 neg 0.034719733118877334 off 0.02877691327447369	false	1.0
schmuggel	neg 1.0		__DUMMY__ 0.9327210857210233 neg 0.03768193657157503 off 0.029596977707401672	false	1.0
auffallen	neg 1.0		__DUMMY__ 0.9281137137793518 neg 0.03653156168016793 off 0.03535472454048025	false	1.0
konkurrenz	neg 1.0	neg 1.0	neg 0.5057620918932896 __DUMMY__ 0.4677627156880582 off 0.026475192418652156	false	1.0
teufelskreis	neg 1.0	neg 1.0	neg 0.5065918088849461 __DUMMY__ 0.46322636456979704 off 0.030181826545256786	false	1.0
aufschreien	neg 1.0		__DUMMY__ 0.9259444874861487 neg 0.03873164835679455 off 0.03532386415705673	false	1.0
schuldner	neg 1.0		__DUMMY__ 0.9297969426348642 neg 0.04034060746857064 off 0.029862449896565106	false	1.0
missgeburt	off 1.0	off 1.0	off 0.5077957597305877 __DUMMY__ 0.46003464383407217 neg 0.03216959643534024	false	1.0
arbeitslos	neg 1.0		__DUMMY__ 0.9269372087266734 neg 0.040820433340426225 off 0.03224235793290038	false	1.0
befallen	neg 1.0		__DUMMY__ 0.9253220563406176 neg 0.04235554945940776 off 0.032322394199974624	false	1.0
miesepetrig	off 1.0	off 1.0	off 0.5041632133809714 __DUMMY__ 0.463950310287474 neg 0.031886476331554635	false	1.0
alarmieren	neg 1.0		__DUMMY__ 0.9241833446986938 neg 0.038701899624811645 off 0.03711475567649462	false	1.0
ungeduscht	off 1.0		__DUMMY__ 0.9291577581981245 off 0.035477807476116036 neg 0.0353644343257594	false	1.0
knappheit	neg 1.0		__DUMMY__ 0.9264385023138889 neg 0.04274998003866229 off 0.03081151764744889	false	1.0
schlange	neg 1.0		__DUMMY__ 0.9313687289521604 off 0.034613584686367334 neg 0.03401768636147226	false	0.5
harsch	neg 1.0		__DUMMY__ 0.9268741001806796 off 0.04076369508773642 neg 0.03236220473158401	false	0.5
lang	neg 1.0		__DUMMY__ 0.9283899872569121 neg 0.03798230792790635 off 0.0336277048151816	false	1.0
ziellos	neg 1.0		__DUMMY__ 0.931034250503576 neg 0.03733255484475698 off 0.031633194651666974	false	1.0
selbstverliebt	neg 1.0		__DUMMY__ 0.9179273232796448 off 0.046218429619244474 neg 0.03585424710111074	false	0.5
beseitigen	neg 1.0	neg 1.0	neg 0.5026312091528377 __DUMMY__ 0.4676813320267546 off 0.029687458820407738	false	1.0
dumm	off 1.0		__DUMMY__ 0.9221359331614817 off 0.042545576912524155 neg 0.03531848992599415	false	1.0
arbeitsloser	neg 1.0		__DUMMY__ 0.9297029081289904 neg 0.03865885924927471 off 0.031638232621734916	false	1.0
blitzen	neg 1.0		__DUMMY__ 0.9270180389781161 neg 0.037163287508959204 off 0.03581867351292478	false	1.0
hilflos	neg 1.0		__DUMMY__ 0.928868091125357 neg 0.03885170120148019 off 0.032280207673162885	false	1.0
eklig	off 1.0		__DUMMY__ 0.9222904620784184 off 0.04292105086842193 neg 0.03478848705315968	false	1.0
begriff			__DUMMY__ 0.9268560265568342 neg 0.04043472914197776 off 0.03270924430118803	false	0.0
hungersnot	neg 1.0		__DUMMY__ 0.9287355213921064 neg 0.039037383562441325 off 0.03222709504545223	false	1.0
ungesetzlich	neg 1.0		__DUMMY__ 0.920724157197396 neg 0.043635107931425214 off 0.03564073487117872	false	1.0
verschwendung	neg 1.0		__DUMMY__ 0.9288535079996048 neg 0.040660416351031486 off 0.030486075649363804	false	1.0
schmerzvoll	neg 1.0		__DUMMY__ 0.9279517748009014 neg 0.037246735045476015 off 0.03480149015362262	false	1.0
vorzeitig	neg 1.0		__DUMMY__ 0.9291484123159783 off 0.035648480137072815 neg 0.03520310754694885	false	0.5
unvollkommenheit	neg 1.0		__DUMMY__ 0.9327070677473541 neg 0.035938828660388604 off 0.03135410359225733	false	1.0
intervenieren	neg 1.0		__DUMMY__ 0.9270173779195536 neg 0.0424978467338033 off 0.030484775346643133	false	1.0
banause	off 1.0		__DUMMY__ 0.9202849692400542 off 0.04450283677802039 neg 0.035212193981925384	false	1.0
rebell	neg 1.0		__DUMMY__ 0.9316834230173834 neg 0.04076254091660076 off 0.02755403606601584	false	1.0
unlogisch	neg 1.0		__DUMMY__ 0.9246244024527456 off 0.03979932963191611 neg 0.03557626791533837	false	0.5
leiden	neg 1.0		__DUMMY__ 0.9358598453506456 neg 0.034686627775143405 off 0.029453526874211076	false	1.0
abschaffung	neg 1.0		__DUMMY__ 0.9256909357388685 neg 0.04037803219558784 off 0.033931032065543563	false	1.0
sturz	neg 1.0		__DUMMY__ 0.9299399739096268 neg 0.036711110895049755 off 0.03334891519532341	false	1.0
verkleinerung	neg 1.0		__DUMMY__ 0.9236605776058621 neg 0.04049750297958948 off 0.035841919414548465	false	1.0
schmarotzer	off 1.0		__DUMMY__ 0.9260994959838535 neg 0.04174923775101304 off 0.03215126626513332	false	0.5
bestrafung	neg 1.0		__DUMMY__ 0.9266482847446915 neg 0.038699048774801036 off 0.03465266648050743	false	1.0
achtlos	neg 1.0		__DUMMY__ 0.9299512085543671 neg 0.036752204292568695 off 0.033296587153064175	false	1.0
