unsolidarisch	neg 1.0		__DUMMY__ 0.8759037698352666 neg 0.06970600388639778 off 0.054390226278335604	false	1.0
nachteilig	neg 1.0		__DUMMY__ 0.8837381670423634 neg 0.06568592170530839 off 0.05057591125232823	false	1.0
skeptisch	neg 1.0		__DUMMY__ 0.884842335936346 neg 0.06514621153146512 off 0.05001145253218888	false	1.0
schrecklich	neg 1.0		__DUMMY__ 0.8795998477807794 off 0.0628465769344802 neg 0.057553575284740456	false	0.5
schlapp	neg 1.0		__DUMMY__ 0.8831615691869613 off 0.05849709514833502 neg 0.05834133566470364	false	0.5
abfall	neg 1.0		__DUMMY__ 0.885577523887539 neg 0.06689254504552539 off 0.04752993106693572	false	1.0
widerspenstig	neg 1.0		__DUMMY__ 0.8833836455986065 neg 0.06258562401683146 off 0.05403073038456208	false	1.0
abrupt	neg 1.0		__DUMMY__ 0.8885750648944932 neg 0.06140125064081518 off 0.05002368446469152	false	1.0
unwirksam	neg 1.0		__DUMMY__ 0.8794593351141442 neg 0.06649644277555562 off 0.054044222110300175	false	1.0
angreifen	neg 1.0	neg 1.0	neg 0.5200096639584995 __DUMMY__ 0.441852989599767 off 0.038137346441733534	false	1.0
inkonsistent	neg 1.0		__DUMMY__ 0.8839201666265701 neg 0.061342339311181444 off 0.05473749406224836	false	1.0
abrutschen	neg 1.0		__DUMMY__ 0.885949234207645 neg 0.06616938426207022 off 0.04788138153028472	false	1.0
unsicher	neg 1.0		__DUMMY__ 0.884325211626436 neg 0.061232942484435976 off 0.05444184588912804	false	1.0
bauernkind	off 1.0	off 1.0	off 0.5172650853448352 __DUMMY__ 0.4360185877703281 neg 0.04671632688483673	false	1.0
angreifer	neg 1.0		__DUMMY__ 0.8851458669775446 neg 0.05934739665578187 off 0.05550673636667358	false	1.0
trennen	neg 1.0		__DUMMY__ 0.8900965885448713 neg 0.05932806843184626 off 0.050575343023282406	false	1.0
schmutz	neg 1.0		__DUMMY__ 0.8894226697362426 off 0.05543152807914035 neg 0.05514580218461711	false	0.5
inkonsistenz	neg 1.0		__DUMMY__ 0.8784045516977306 neg 0.0634528434959115 off 0.05814260480635789	false	1.0
erschreckend	neg 1.0		__DUMMY__ 0.882303429077528 neg 0.0641894541608288 off 0.053507116761643284	false	1.0
ertrinken	neg 1.0		__DUMMY__ 0.88625163538559 neg 0.06252762981317558 off 0.051220734801234374	false	1.0
pickelface	off 1.0		__DUMMY__ 0.8837750077999386 neg 0.06376241434612503 off 0.052462577853936425	false	0.5
seiner			__DUMMY__ 0.8863620007448584 neg 0.06329425898862125 off 0.05034374026652029	false	0.0
lauch	neg 1.0		__DUMMY__ 0.8845881344257027 neg 0.06770719386254286 off 0.04770467171175445	false	1.0
unwichtig	neg 1.0		__DUMMY__ 0.8801509843234158 neg 0.06119338769402356 off 0.058655627982560715	false	1.0
steuerhinterziehung	neg 1.0		__DUMMY__ 0.8808131766203771 neg 0.06631792503201084 off 0.05286889834761207	false	1.0
schock	neg 1.0		__DUMMY__ 0.8874833164425779 neg 0.05901586525338026 off 0.05350081830404181	false	1.0
beule	neg 1.0		__DUMMY__ 0.8837881390153595 off 0.05867725450203063 neg 0.05753460648260991	false	0.5
vergelten	neg 1.0		__DUMMY__ 0.8835675609059529 off 0.061696845295458845 neg 0.05473559379858827	false	0.5
verdorbenheit	neg 1.0		__DUMMY__ 0.8860844889480013 neg 0.06046044946942965 off 0.05345506158256913	false	1.0
trauma	neg 1.0		__DUMMY__ 0.8827086075292221 neg 0.06209452597496679 off 0.05519686649581115	false	1.0
sinnlos	neg 1.0		__DUMMY__ 0.8836394774101942 neg 0.059891749560675736 off 0.05646877302913003	false	1.0
fettsack	off 1.0	off 1.0	off 0.518551743659427 __DUMMY__ 0.4376031123046586 neg 0.0438451440359145	false	1.0
feige	off 1.0	off 1.0	off 0.5150335996754422 __DUMMY__ 0.4375506796396489 neg 0.047415720684908944	false	1.0
abdanken	neg 1.0		__DUMMY__ 0.8812012164602827 neg 0.06498577063039648 off 0.05381301290932083	false	1.0
wichtigtuer	off 1.0	off 1.0	off 0.5129791681705538 __DUMMY__ 0.43915832211601863 neg 0.04786250971342757	false	1.0
misslingen	neg 1.0		__DUMMY__ 0.8887441284559573 neg 0.0564090516561013 off 0.05484681988794145	false	1.0
untreu	off 1.0		__DUMMY__ 0.8790078524252039 neg 0.061286489167842975 off 0.05970565840695314	false	0.5
missmutig	neg 1.0		__DUMMY__ 0.8811323342594805 neg 0.06031510892872661 off 0.05855255681179293	false	1.0
hurenbock	off 1.0		__DUMMY__ 0.8851914112193284 neg 0.05962163898662095 off 0.05518694979405063	false	0.5
betrunken	neg 1.0		__DUMMY__ 0.8833829456525861 off 0.060789374978221955 neg 0.05582767936919195	false	0.5
korrupt	off 1.0		__DUMMY__ 0.8780577976901676 neg 0.06956528512662896 off 0.05237691718320339	false	0.5
unmut	neg 1.0		__DUMMY__ 0.8853940234461208 neg 0.06678865437318406 off 0.04781732218069508	false	1.0
hackfresse	off 1.0		__DUMMY__ 0.8763168454393913 off 0.06588994726476366 neg 0.057793207295845105	false	1.0
aufblasen	neg 1.0		__DUMMY__ 0.8854348442397234 neg 0.05917059958288416 off 0.05539455617739243	false	1.0
gewaltsam	neg 1.0		__DUMMY__ 0.8841654178124162 neg 0.062337399352013816 off 0.05349718283556997	false	1.0
unbeliebtheit	neg 1.0		__DUMMY__ 0.8739835732126504 neg 0.06771830519866288 off 0.05829812158868663	false	1.0
sturheit	neg 1.0		__DUMMY__ 0.8814224300537037 neg 0.06498983245559431 off 0.05358773749070205	false	1.0
kuh	neg 1.0		__DUMMY__ 0.8816474922698622 neg 0.06404452030391929 off 0.0543079874262185	false	1.0
erschrecken	neg 1.0		__DUMMY__ 0.8825639169344643 neg 0.05945332379245144 off 0.05798275927308423	false	1.0
opfer	neg 1.0		__DUMMY__ 0.8850366367880368 neg 0.06355198922067118 off 0.051411373991292024	false	1.0
sinken	neg 1.0		__DUMMY__ 0.8867961993913741 neg 0.06505827599418396 off 0.04814552461444188	false	1.0
stinktier	neg 1.0		__DUMMY__ 0.8774364284334705 off 0.06323909219638783 neg 0.05932447937014157	false	0.5
tucke	off 1.0		__DUMMY__ 0.8722363297924703 off 0.06616545671021523 neg 0.06159821349731443	false	1.0
ein			__DUMMY__ 0.8859683348913001 neg 0.059293769198319114 off 0.05473789591038077	false	0.0
abstieg	neg 1.0		__DUMMY__ 0.8882403540621379 neg 0.061187926083384796 off 0.050571719854477344	false	1.0
missverstehen	neg 1.0		__DUMMY__ 0.8801750156150133 neg 0.06309005813491476 off 0.05673492625007181	false	1.0
ergebnislos	neg 1.0		__DUMMY__ 0.885197747538666 neg 0.06427643653826386 off 0.05052581592307025	false	1.0
unter			__DUMMY__ 0.894031755117168 neg 0.062236014359661015 off 0.04373223052317094	false	0.0
manipulieren	neg 1.0		__DUMMY__ 0.8837631777158932 neg 0.06614382708788798 off 0.050092995196218786	false	1.0
unbewiesen	neg 1.0		__DUMMY__ 0.8748436939980285 neg 0.07048939252210551 off 0.05466691347986599	false	1.0
verschleppen	neg 1.0		__DUMMY__ 0.8838907004884712 neg 0.06411118015747336 off 0.05199811935405549	false	1.0
weib	off 1.0		__DUMMY__ 0.8762725285936946 off 0.06585425658711505 neg 0.05787321481919033	false	1.0
opposition	neg 1.0		__DUMMY__ 0.8804016741782799 neg 0.06395216378580948 off 0.05564616203591066	false	1.0
verkehrswidrig	neg 1.0	neg 1.0	neg 0.50766993748435 __DUMMY__ 0.445701222561196 off 0.04662883995445392	false	1.0
inkorrekt	neg 1.0		__DUMMY__ 0.8751385765188554 neg 0.0639336059047763 off 0.06092781757636838	false	1.0
vermeiden	neg 1.0		__DUMMY__ 0.8891265706984841 neg 0.06522312736899988 off 0.045650301932516034	false	1.0
abweichung	neg 1.0		__DUMMY__ 0.8846211075333482 neg 0.06453326578699678 off 0.05084562667965512	false	1.0
alkoholisiert	neg 1.0		__DUMMY__ 0.8933139416060476 neg 0.05726654715561293 off 0.04941951123833943	false	1.0
scheiss	off 1.0	off 1.0	off 0.5146801958405721 __DUMMY__ 0.4409692503251435 neg 0.044350553834284503	false	1.0
herausforderung	neg 1.0	neg 1.0	neg 0.5127541505560669 __DUMMY__ 0.4493282956381423 off 0.037917553805790885	false	1.0
pervers	off 1.0		__DUMMY__ 0.8750296603948491 off 0.06869260070784693 neg 0.05627773889730396	false	1.0
wackelig	neg 1.0		__DUMMY__ 0.8895345442995087 neg 0.05861758640653112 off 0.051847869293960194	false	1.0
verwickeln	neg 1.0		__DUMMY__ 0.8798340728632187 neg 0.0634988336554778 off 0.05666709348130353	false	1.0
vorwand	neg 1.0		__DUMMY__ 0.8848492325167494 neg 0.06577315139170208 off 0.04937761609154851	false	1.0
muschi	off 1.0		__DUMMY__ 0.8839855285156503 neg 0.06308176470492306 off 0.0529327067794266	false	0.5
entmutigung	neg 1.0		__DUMMY__ 0.8790356191717937 neg 0.06516270333975148 off 0.0558016774884549	false	1.0
unangemessen	neg 1.0		__DUMMY__ 0.8819069835643231 neg 0.06528510924570695 off 0.052807907189970006	false	1.0
unstetig	neg 1.0		__DUMMY__ 0.8860257931106217 neg 0.05918097295210662 off 0.05479323393727165	false	1.0
entmutigen	neg 1.0		__DUMMY__ 0.8827430061992887 neg 0.06171332495462194 off 0.05554366884608936	false	1.0
schwanz	neg 1.0		__DUMMY__ 0.8863937386578751 neg 0.06365163625059338 off 0.04995462509153145	false	1.0
verbot	neg 1.0		__DUMMY__ 0.8812917928921479 neg 0.06657991404968347 off 0.052128293058168663	false	1.0
leid	neg 1.0		__DUMMY__ 0.8790590411780788 off 0.06375533506135321 neg 0.05718562376056797	false	0.5
archaisch	neg 1.0		__DUMMY__ 0.8835090779557758 neg 0.06399013684608575 off 0.05250078519813841	false	1.0
gegen			__DUMMY__ 0.8879006753503351 neg 0.06316805387346763 off 0.04893127077619716	false	0.0
scheidung	neg 1.0		__DUMMY__ 0.8754835043171995 off 0.07198784788558059 neg 0.052528647797219934	false	0.5
einschlag	neg 1.0	neg 1.0	neg 0.5127942635177445 __DUMMY__ 0.44062398743945286 off 0.04658174904280276	false	1.0
m			__DUMMY__ 0.8863297557911678 neg 0.06145862583709407 off 0.052211618371738176	false	0.0
abgestanden	neg 1.0		__DUMMY__ 0.8862285933665134 neg 0.05950214249769124 off 0.054269264135795275	false	1.0
schmierig	off 1.0		__DUMMY__ 0.879490855201266 off 0.06333827606414683 neg 0.05717086873458713	false	1.0
unpraktisch	neg 1.0		__DUMMY__ 0.8869842390317259 neg 0.05809424453988609 off 0.05492151642838819	false	1.0
wixxer	off 1.0		__DUMMY__ 0.8743501917118429 off 0.06849116438782256 neg 0.05715864390033456	false	1.0
bezeichnet			__DUMMY__ 0.8819723799679055 neg 0.06399223252642455 off 0.05403538750567	false	0.0
jammerlappen	off 1.0		__DUMMY__ 0.8803678961075967 neg 0.060845157967353104 off 0.058786945925050335	false	0.5
farce	neg 1.0		__DUMMY__ 0.8802269924643964 neg 0.06698619670762886 off 0.05278681082797481	false	1.0
zwecklos	neg 1.0		__DUMMY__ 0.882040307208087 neg 0.06524104279811162 off 0.052718649993801395	false	1.0
turbulent	neg 1.0		__DUMMY__ 0.8796717129088344 neg 0.06133872976264498 off 0.058989557328520674	false	1.0
invasion	neg 1.0		__DUMMY__ 0.8837467455673177 neg 0.05975794312544046 off 0.05649531130724177	false	1.0
schuld	neg 1.0		__DUMMY__ 0.882173785761018 neg 0.06258873716760632 off 0.055237477071375725	false	1.0
risiko	neg 1.0		__DUMMY__ 0.8853131536519803 neg 0.06019957285163406 off 0.054487273496385595	false	1.0
finster	neg 1.0		__DUMMY__ 0.884895769957247 neg 0.0604667401930329 off 0.05463748984972012	false	1.0
geisteskrank	off 1.0		__DUMMY__ 0.8775261104588877 neg 0.06210395647188172 off 0.06036993306923055	false	0.5
zusammenbrechen	neg 1.0		__DUMMY__ 0.8849686374045901 neg 0.06191298653137137 off 0.05311837606403857	false	1.0
ausbeute	neg 1.0		__DUMMY__ 0.89070755592816 neg 0.05955056259546417 off 0.04974188147637579	false	1.0
hinterhalt	neg 1.0		__DUMMY__ 0.8875436217966746 neg 0.06010515452807867 off 0.052351223675246805	false	1.0
kritik	neg 1.0		__DUMMY__ 0.8806568878768078 neg 0.06668098256037344 off 0.05266212956281872	false	1.0
einschrumpfen	neg 1.0		__DUMMY__ 0.8786018756619925 neg 0.06439922405051336 off 0.056998900287493985	false	1.0
riskant	neg 1.0		__DUMMY__ 0.8834134697404702 neg 0.06537928740220986 off 0.05120724285732005	false	1.0
frustrieren	neg 1.0		__DUMMY__ 0.8843064575729973 neg 0.06435328456613087 off 0.05134025786087191	false	1.0
groll	neg 1.0		__DUMMY__ 0.8836445720901901 neg 0.06387741361900619 off 0.052478014290803676	false	1.0
gibt			__DUMMY__ 0.8841007561836822 neg 0.06302245834334276 off 0.05287678547297498	false	0.0
qualvoll	neg 1.0		__DUMMY__ 0.8835790312233067 neg 0.05921543489289015 off 0.057205533883803165	false	1.0
wackeln	neg 1.0	neg 1.0	neg 0.514038561282197 __DUMMY__ 0.44440156077587134 off 0.04155987794193152	false	1.0
klagen	neg 1.0		__DUMMY__ 0.8862770401226533 neg 0.06547292968805743 off 0.04825003018928929	false	1.0
bankrott	neg 1.0		__DUMMY__ 0.8824895769005865 neg 0.059891635722681844 off 0.05761878737673166	false	1.0
trauern	neg 1.0		__DUMMY__ 0.886857515025469 neg 0.06197716859739172 off 0.05116531637713926	false	1.0
ablehnung	neg 1.0		__DUMMY__ 0.8809134874655079 neg 0.06632647977426898 off 0.052760032760223105	false	1.0
stur	neg 1.0		__DUMMY__ 0.8814416145616102 neg 0.0628006785342216 off 0.055757706904168244	false	1.0
aufruhr	neg 1.0		__DUMMY__ 0.8841208798947536 neg 0.06237762662440289 off 0.0535014934808435	false	1.0
melancholie	neg 1.0		__DUMMY__ 0.8869824952871082 neg 0.061272900931811564 off 0.051744603781080215	false	1.0
ist			__DUMMY__ 0.8831740481698467 neg 0.0608836283241235 off 0.05594232350602991	false	0.0
torheit	neg 1.0		__DUMMY__ 0.8795371364171982 neg 0.06531501313600274 off 0.05514785044679896	false	1.0
dreckskind	off 1.0		__DUMMY__ 0.8764704885840009 off 0.06452885368578226 neg 0.05900065773021684	false	1.0
umtauschen	neg 1.0		__DUMMY__ 0.8857147924272337 neg 0.06081320053468212 off 0.05347200703808411	false	1.0
zum			__DUMMY__ 0.8952988846916959 neg 0.05893775516224699 off 0.04576336014605699	false	0.0
zersetzen	neg 1.0		__DUMMY__ 0.8824018542889998 neg 0.06763386145470496 off 0.049964284256295274	false	1.0
zur			__DUMMY__ 0.8910301960548492 neg 0.06357210113205831 off 0.045397702813092494	false	0.0
frust	neg 1.0		__DUMMY__ 0.8850879625794315 neg 0.06187846428045574 off 0.05303357314011283	false	1.0
unerbittlichkeit	neg 1.0		__DUMMY__ 0.8834173045103774 neg 0.06649434671869671 off 0.05008834877092597	false	1.0
zwei			__DUMMY__ 0.8927782670629879 neg 0.0595392149489423 off 0.047682517988069786	false	0.0
unkorrekt	neg 1.0		__DUMMY__ 0.8753705617339935 neg 0.06330458475234953 off 0.0613248535136569	false	1.0
hexe	off 1.0		__DUMMY__ 0.881258742994333 neg 0.059701748037017846 off 0.05903950896864914	false	0.5
lasch	neg 1.0		__DUMMY__ 0.8787861108303014 neg 0.0634344461435027 off 0.05777944302619585	false	1.0
rivale	neg 1.0		__DUMMY__ 0.8808150297106341 off 0.06100246908743126 neg 0.05818250120193461	false	0.5
mutlos	off 1.0	off 1.0	off 0.5088643731603845 __DUMMY__ 0.4399599702983587 neg 0.05117565654125689	false	1.0
wirr	off 1.0		__DUMMY__ 0.8759126124695131 neg 0.0626208040995641 off 0.06146658343092271	false	0.5
jahr			__DUMMY__ 0.8919347631183865 neg 0.05885209338557301 off 0.04921314349604053	false	0.0
wird			__DUMMY__ 0.8857335602690259 neg 0.06270904510932715 off 0.05155739462164697	false	0.0
strafbar	neg 1.0		__DUMMY__ 0.8827916993483085 neg 0.0658396605278819 off 0.05136864012380962	false	1.0
erosion	neg 1.0		__DUMMY__ 0.8849072993227595 neg 0.06038080173952327 off 0.05471189893771738	false	1.0
eingehen	neg 1.0		__DUMMY__ 0.8817234673114425 neg 0.06614058353008678 off 0.05213594915847087	false	1.0
faul	off 1.0		__DUMMY__ 0.8838289018929858 neg 0.058421531429050974 off 0.05774956667796321	false	0.5
provisorium	neg 1.0		__DUMMY__ 0.8919811093401513 neg 0.06465958857765898 off 0.04335930208218965	false	1.0
schmerzen	neg 1.0		__DUMMY__ 0.8846397040642727 neg 0.06155771901683851 off 0.05380257691888875	false	1.0
schrumpfen	neg 1.0		__DUMMY__ 0.88642413323842 neg 0.06779972902213587 off 0.045776137739444125	false	1.0
geistlos	off 1.0		__DUMMY__ 0.8752691878163192 neg 0.06786964714228448 off 0.05686116504139633	false	0.5
fehlkauf	neg 1.0		__DUMMY__ 0.8816182515026905 neg 0.062518040504754 off 0.05586370799255549	false	1.0
frustrierend	neg 1.0		__DUMMY__ 0.8837263452430404 neg 0.0583511380151465 off 0.05792251674181309	false	1.0
unzufrieden	neg 1.0		__DUMMY__ 0.8824982055693739 neg 0.06486910190765265 off 0.05263269252297342	false	1.0
verzweifeln	neg 1.0		__DUMMY__ 0.8839404514276665 neg 0.0620557970433371 off 0.05400375152899642	false	1.0
verzweifelt	neg 1.0		__DUMMY__ 0.8818698745789874 neg 0.062325838753165705 off 0.05580428666784693	false	1.0
misstrauensantrag	neg 1.0		__DUMMY__ 0.8813725334520917 neg 0.06242161286976025 off 0.05620585367814805	false	1.0
abfallen	neg 1.0		__DUMMY__ 0.8863896851596815 neg 0.05844511834668762 off 0.055165196493630816	false	1.0
fucker	off 1.0		__DUMMY__ 0.8786528756597297 off 0.060785690218435155 neg 0.06056143412183519	false	1.0
ungezogen	neg 1.0		__DUMMY__ 0.8772753640785466 off 0.06713320741372832 neg 0.055591428507725145	false	0.5
irrsinnig	neg 1.0	neg 1.0	neg 0.5177362922347372 __DUMMY__ 0.44020447742837776 off 0.04205923033688517	false	1.0
unfassbar	neg 1.0		__DUMMY__ 0.8802653366619911 neg 0.06033456314336846 off 0.059400100194640454	false	1.0
hart	neg 1.0		__DUMMY__ 0.8825446186041646 neg 0.06025652163580664 off 0.057198859760028795	false	1.0
widerlich	off 1.0		__DUMMY__ 0.8776422071440433 neg 0.062126989022849875 off 0.060230803833106875	false	0.5
fatal	neg 1.0		__DUMMY__ 0.8818421303035048 neg 0.061965352901011815 off 0.05619251679548338	false	1.0
bruch	neg 1.0		__DUMMY__ 0.8853366581382879 neg 0.06622487035218136 off 0.048438471509530776	false	1.0
aushungern	neg 1.0		__DUMMY__ 0.8800757550299481 neg 0.0663031459370739 off 0.05362109903297802	false	1.0
anspannung	neg 1.0	neg 1.0	neg 0.5152958793137332 __DUMMY__ 0.4497349862805624 off 0.03496913440570429	false	1.0
von			__DUMMY__ 0.8917213761409932 neg 0.0596459560212965 off 0.04863266783771021	false	0.0
kraftlos	neg 1.0		__DUMMY__ 0.8874486290188998 neg 0.06016564008600717 off 0.05238573089509295	false	1.0
vom			__DUMMY__ 0.8953690345117916 neg 0.06075911175630506 off 0.04387185373190334	false	0.0
grenzdebil	off 1.0		__DUMMY__ 0.8804691114274772 off 0.060240968952947824 neg 0.05928991961957503	false	1.0
vor			__DUMMY__ 0.8875023258673187 neg 0.0631567968385566 off 0.04934087729412463	false	0.0
unterwerfen	neg 1.0		__DUMMY__ 0.8839890837287625 neg 0.06489300333389755 off 0.05111791293733994	false	1.0
versenkung	neg 1.0		__DUMMY__ 0.8844653071034534 neg 0.06457187336815293 off 0.05096281952839372	false	1.0
entziehen	neg 1.0		__DUMMY__ 0.8856031531753675 neg 0.06559809973166814 off 0.04879874709296422	false	1.0
finanzkrise	neg 1.0		__DUMMY__ 0.8800558697589649 neg 0.0665446012154394 off 0.05339952902559569	false	1.0
schimpfend	neg 1.0		__DUMMY__ 0.8870614229367819 neg 0.05812871141755932 off 0.05480986564565868	false	1.0
profan	neg 1.0		__DUMMY__ 0.8823125080530778 neg 0.06079501270808614 off 0.05689247923883609	false	1.0
korruption	neg 1.0	neg 1.0	neg 0.5208958712555221 __DUMMY__ 0.43968046230517793 off 0.03942366643930005	false	1.0
â			__DUMMY__ 0.8857841350198588 neg 0.06297884833079281 off 0.0512370166493484	false	0.0
schmutzig	neg 1.0		__DUMMY__ 0.8813729157000735 off 0.059692151617950814 neg 0.05893493268197569	false	0.5
sexy	neg 1.0		__DUMMY__ 0.8818659573262329 neg 0.06067031694792524 off 0.05746372572584193	false	1.0
abraten	neg 1.0		__DUMMY__ 0.8831298002163196 neg 0.06093255277399061 off 0.05593764700968979	false	1.0
schwarz	neg 1.0		__DUMMY__ 0.8816518448197296 neg 0.0627278604400061 off 0.0556202947402643	false	1.0
fotze	off 1.0		__DUMMY__ 0.8844829887018621 neg 0.06454468185739107 off 0.050972329440746734	false	0.5
verwirren	neg 1.0		__DUMMY__ 0.8823459288708084 neg 0.06049941779944669 off 0.0571546533297449	false	1.0
zahnlos	off 1.0		__DUMMY__ 0.8822881566377347 neg 0.06504816853114773 off 0.05266367483111748	false	0.5
verheeren	neg 1.0		__DUMMY__ 0.8775006430602187 off 0.06815312196625946 neg 0.05434623497352188	false	0.5
hippie	neg 1.0		__DUMMY__ 0.8814118889790394 neg 0.06150975503825287 off 0.05707835598270763	false	1.0
rammen	neg 1.0		__DUMMY__ 0.8833566241793026 neg 0.06208428086657557 off 0.05455909495412175	false	1.0
unlauter	neg 1.0		__DUMMY__ 0.8779648459275525 neg 0.06722963217545422 off 0.054805521896993184	false	1.0
unheilvoll	neg 1.0		__DUMMY__ 0.8859030728374355 neg 0.05797107415698563 off 0.056125853005578874	false	1.0
niedrig	neg 1.0		__DUMMY__ 0.8864221550645413 neg 0.06356385018432992 off 0.05001399475112883	false	1.0
explosion	neg 1.0		__DUMMY__ 0.8813091237716372 neg 0.06220680164146344 off 0.0564840745868994	false	1.0
weichei	off 1.0		__DUMMY__ 0.8771234836808782 off 0.06449290729662212 neg 0.05838360902249975	false	1.0
minusmensch	off 1.0		__DUMMY__ 0.8710336352508499 off 0.06822014341405375 neg 0.060746221335096454	false	1.0
farblos	neg 1.0		__DUMMY__ 0.8898507358809943 neg 0.05728433921008713 off 0.052864924908918594	false	1.0
unwissend	neg 1.0	neg 1.0	neg 0.5164671466125494 __DUMMY__ 0.438666569223673 off 0.044866284163777574	false	1.0
traurig	neg 1.0		__DUMMY__ 0.8803865183263007 off 0.06194131032831012 neg 0.05767217134538927	false	0.5
senkung	neg 1.0		__DUMMY__ 0.8794647243130838 neg 0.06388763943243601 off 0.05664763625448026	false	1.0
ungleich	neg 1.0	neg 1.0	neg 0.5212362791254614 __DUMMY__ 0.44023096740807577 off 0.038532753466462746	false	1.0
heikel	neg 1.0		__DUMMY__ 0.8836498241832652 neg 0.06623249334840574 off 0.050117682468328956	false	1.0
drosselung	neg 1.0		__DUMMY__ 0.8815668513076694 off 0.05962017953813005 neg 0.058812969154200506	false	0.5
falsch	neg 1.0		__DUMMY__ 0.8819156772130228 neg 0.059988587149205456 off 0.05809573563777174	false	1.0
unzufriedenheit	neg 1.0		__DUMMY__ 0.8838420110743118 neg 0.06648733518534998 off 0.04967065374033826	false	1.0
kurz	neg 1.0		__DUMMY__ 0.8877465665186682 neg 0.05953110875134948 off 0.05272232472998236	false	1.0
unsinnig	neg 1.0		__DUMMY__ 0.8809464209856759 neg 0.06600015780001621 off 0.053053421214307894	false	1.0
penner	off 1.0	off 1.0	off 0.5203790155812901 __DUMMY__ 0.4362830562598485 neg 0.04333792815886144	false	1.0
seicht	neg 1.0		__DUMMY__ 0.8732230068364263 off 0.06727556294024017 neg 0.05950143022333354	false	0.5
dummheit	off 1.0	off 1.0	off 0.5132022857452738 __DUMMY__ 0.4386304209797384 neg 0.048167293274987706	false	1.0
unerfreulich	neg 1.0		__DUMMY__ 0.8861866945168014 neg 0.06465286692667602 off 0.04916043855652252	false	1.0
motherfucker	off 1.0	off 1.0	off 0.5161483308452031 __DUMMY__ 0.43732355855691357 neg 0.046528110597883275	false	1.0
pikiert	neg 1.0		__DUMMY__ 0.8776499637692938 neg 0.06309235549336066 off 0.059257680737345504	false	1.0
wrack	neg 1.0		__DUMMY__ 0.8898074161167564 neg 0.05981298085860605 off 0.050379603024637634	false	1.0
gangster	neg 1.0		__DUMMY__ 0.8823822107521809 neg 0.06093443637045304 off 0.05668335287736601	false	1.0
krank	neg 1.0		__DUMMY__ 0.8822494094373218 off 0.06025121780960651 neg 0.05749937275307172	false	0.5
reich	neg 1.0		__DUMMY__ 0.8795483074859411 neg 0.06246956572551171 off 0.0579821267885471	false	1.0
gnadenlos	neg 1.0		__DUMMY__ 0.8827967159964636 neg 0.0619414671432806 off 0.0552618168602558	false	1.0
niedergeschlagen	neg 1.0		__DUMMY__ 0.8860467701356209 neg 0.060874023896539516 off 0.05307920596783955	false	1.0
terrorisieren	off 1.0	off 1.0	off 0.5091084242414127 __DUMMY__ 0.4421492744902166 neg 0.0487423012683706	false	1.0
sinnlosigkeit	neg 1.0		__DUMMY__ 0.8827017600114295 neg 0.06459650296553053 off 0.05270173702303998	false	1.0
behindern	neg 1.0		__DUMMY__ 0.8825470252114825 neg 0.063959794628105 off 0.05349318016041248	false	1.0
undemokratisch	neg 1.0		__DUMMY__ 0.8793893704537845 neg 0.06530566151139326 off 0.05530496803482224	false	1.0
wirtschaftskrise	neg 1.0		__DUMMY__ 0.8822720186669093 neg 0.06626170575122889 off 0.05146627558186171	false	1.0
neid	neg 1.0		__DUMMY__ 0.8845700187922632 off 0.05844743874374137 neg 0.056982542463995395	false	0.5
rutschen	neg 1.0	neg 1.0	neg 0.5143231623428409 __DUMMY__ 0.4495827906234952 off 0.036094047033663874	false	1.0
rezession	neg 1.0		__DUMMY__ 0.8757606237558543 off 0.06279092578211064 neg 0.06144845046203507	false	0.5
fehlgeburt	neg 1.0		__DUMMY__ 0.8856993684042453 neg 0.05837581000325167 off 0.05592482159250311	false	1.0
charakterschwach	off 1.0		__DUMMY__ 0.8796252257790939 neg 0.06036384002387428 off 0.060010934197031775	false	0.5
isolation	neg 1.0		__DUMMY__ 0.8836637058934408 neg 0.058532291456554315 off 0.05780400265000494	false	1.0
ablenkung	neg 1.0		__DUMMY__ 0.8840093528584914 neg 0.06138518234518734 off 0.05460546479632138	false	1.0
pech	neg 1.0		__DUMMY__ 0.8837637249442292 neg 0.058832478866615974 off 0.057403796189154824	false	1.0
vermeidung	neg 1.0		__DUMMY__ 0.878805322385538 neg 0.06125685918768381 off 0.05993781842677826	false	1.0
dominieren	neg 1.0		__DUMMY__ 0.888045855371326 neg 0.06072492494130345 off 0.051229219687370646	false	1.0
schwindlig	neg 1.0		__DUMMY__ 0.8871010332907342 neg 0.05677037900923785 off 0.05612858770002795	false	1.0
lutscher	neg 1.0		__DUMMY__ 0.8743507702210922 off 0.06770295594602913 neg 0.057946273832878696	false	0.5
pflicht	neg 1.0		__DUMMY__ 0.8839907372404262 neg 0.06587578804808683 off 0.050133474711486936	false	1.0
faschist	off 1.0		__DUMMY__ 0.8779759419459482 neg 0.06480724156035549 off 0.05721681649369632	false	0.5
verschleudern	neg 1.0		__DUMMY__ 0.8793037886834286 neg 0.0699365380025491 off 0.05075967331402237	false	1.0
wenn			__DUMMY__ 0.8816430930878041 neg 0.06004284696163626 off 0.058314059950559695	false	0.0
ehebruch	neg 1.0		__DUMMY__ 0.8824714605131062 neg 0.06586778442671924 off 0.0516607550601746	false	1.0
spott	off 1.0		__DUMMY__ 0.8819942556619293 neg 0.06677426004100755 off 0.051231484297063125	false	0.5
trostlosigkeit	neg 1.0		__DUMMY__ 0.8856108069317994 neg 0.06549467757255717 off 0.04889451549564346	false	1.0
lutschen	neg 1.0		__DUMMY__ 0.8809122138404079 neg 0.06253594198911196 off 0.05655184417048023	false	1.0
undiszipliniert	neg 1.0		__DUMMY__ 0.8806405072389498 off 0.06111350444329203 neg 0.05824598831775814	false	0.5
kopfschmerz	neg 1.0		__DUMMY__ 0.8868501755785073 neg 0.060583684511884756 off 0.05256613990960798	false	1.0
unvorhergesehen	neg 1.0		__DUMMY__ 0.8908881757633109 neg 0.0585043979531027 off 0.05060742628358626	false	1.0
desinteressiert	neg 1.0		__DUMMY__ 0.8788352246451169 off 0.06108465327345543 neg 0.060080122081427705	false	0.5
armselig	off 1.0		__DUMMY__ 0.8757065897674222 neg 0.06225521025315771 off 0.06203819997942001	false	0.5
desaster	neg 1.0		__DUMMY__ 0.8849752314229536 neg 0.06703203297363668 off 0.04799273560340965	false	1.0
tod	neg 1.0		__DUMMY__ 0.8877905904322348 neg 0.0610296503059684 off 0.05117975926179672	false	1.0
herzlos	neg 1.0		__DUMMY__ 0.8779313180576691 off 0.062392892042007174 neg 0.05967578990032379	false	0.5
unwissenheit	neg 1.0		__DUMMY__ 0.880222162920536 neg 0.06726763160675119 off 0.05251020547271284	false	1.0
widersinnig	neg 1.0	neg 1.0	neg 0.5215529242502799 __DUMMY__ 0.43824492180864133 off 0.04020215394107884	false	1.0
bedenklich	neg 1.0		__DUMMY__ 0.8826133330595823 neg 0.06596511824394684 off 0.05142154869647073	false	1.0
beanstanden	neg 1.0		__DUMMY__ 0.885588826571133 neg 0.06486565325799465 off 0.04954552017087235	false	1.0
panisch	neg 1.0	neg 1.0	neg 0.5119714013054077 __DUMMY__ 0.44514551135663366 off 0.04288308733795864	false	1.0
debil	off 1.0		__DUMMY__ 0.8889232632608899 neg 0.06631111566842038 off 0.04476562107068967	false	0.5
abstrich	neg 1.0		__DUMMY__ 0.8846282847872774 neg 0.06467789560155132 off 0.05069381961117127	false	1.0
primitiv	neg 1.0		__DUMMY__ 0.8778114068676292 neg 0.06154609234062832 off 0.06064250079174246	false	1.0
abschaum	off 1.0	off 1.0	off 0.5147023655365007 __DUMMY__ 0.4381246976196938 neg 0.04717293684380554	false	1.0
provozieren	neg 1.0		__DUMMY__ 0.8814434486040427 neg 0.06345907797580085 off 0.055097473420156515	false	1.0
tot	neg 1.0		__DUMMY__ 0.886028765855522 neg 0.0634718198715184 off 0.050499414272959536	false	1.0
instabil	neg 1.0		__DUMMY__ 0.876906608508782 neg 0.06271198607132823 off 0.06038140541988969	false	1.0
schwuchtel	off 1.0		__DUMMY__ 0.8715822498862121 off 0.07200651910896409 neg 0.05641123100482369	false	1.0
zerren	neg 1.0		__DUMMY__ 0.8862521357145289 neg 0.0604369646029526 off 0.053310899682518634	false	1.0
kinderficker	off 1.0		__DUMMY__ 0.8743060264167493 off 0.06427452603753611 neg 0.06141944754571474	false	1.0
gefahr	neg 1.0		__DUMMY__ 0.8859266226000749 neg 0.06425744041579347 off 0.049815936984131594	false	1.0
rabiat	neg 1.0		__DUMMY__ 0.8813716090058674 neg 0.06414444933549182 off 0.05448394165864063	false	1.0
verlangsamung	neg 1.0		__DUMMY__ 0.8749876522083767 off 0.06578422919672067 neg 0.05922811859490265	false	0.5
ausgestorben	neg 1.0		__DUMMY__ 0.884953269865472 neg 0.061198983351488295 off 0.05384774678303974	false	1.0
anklagen	neg 1.0		__DUMMY__ 0.882603577064061 neg 0.06443819165928005 off 0.052958231276658954	false	1.0
trott	neg 1.0		__DUMMY__ 0.8847757762944544 neg 0.061506858137580875 off 0.05371736556796486	false	1.0
verminderung	neg 1.0		__DUMMY__ 0.8785575776619858 neg 0.06083616056823912 off 0.060606261769775016	false	1.0
nach			__DUMMY__ 0.8952305070976354 neg 0.05856776886866669 off 0.04620172403369792	false	0.0
rost	neg 1.0		__DUMMY__ 0.8757944118945383 off 0.06440581545221748 neg 0.05979977265324412	false	0.5
destruktiv	neg 1.0		__DUMMY__ 0.8795027358131557 neg 0.06637289911340905 off 0.05412436507343525	false	1.0
unzumutbarkeit	neg 1.0		__DUMMY__ 0.8838864738817711 off 0.058435505532251665 neg 0.05767802058597725	false	0.5
labil	off 1.0	off 1.0	off 0.5146681477908829 __DUMMY__ 0.43869790988226665 neg 0.04663394232685047	false	1.0
ziemlich	neg 1.0		__DUMMY__ 0.8823698517697932 off 0.05973235081584245 neg 0.05789779741436435	false	0.5
lachnummer	off 1.0		__DUMMY__ 0.8818912416933192 neg 0.06364910363032168 off 0.05445965467635906	false	0.5
oder			__DUMMY__ 0.8861244497041871 neg 0.05943905875209224 off 0.05443649154372054	false	0.0
verfall	neg 1.0		__DUMMY__ 0.8863498423575953 neg 0.06787074791875498 off 0.045779409723649744	false	1.0
ausgrenzung	neg 1.0		__DUMMY__ 0.8786002315586704 neg 0.0654847613467645 off 0.055915007094565164	false	1.0
unordnung	neg 1.0		__DUMMY__ 0.8840678630615036 off 0.05908759678900015 neg 0.05684454014949629	false	0.5
fehlverhalten	neg 1.0		__DUMMY__ 0.8834627520194646 neg 0.0661266031326953 off 0.05041064484784017	false	1.0
eine			__DUMMY__ 0.8859872169331997 neg 0.06444422138536006 off 0.0495685616814402	false	0.0
nille	neg 1.0		__DUMMY__ 0.8841500896358047 neg 0.06244222583722858 off 0.05340768452696679	false	1.0
qual	neg 1.0		__DUMMY__ 0.8842134951709718 neg 0.062216034702257346 off 0.05357047012677078	false	1.0
verschwenden	neg 1.0		__DUMMY__ 0.8832146843707657 neg 0.06506886237004206 off 0.05171645325919219	false	1.0
riesig	neg 1.0	neg 1.0	neg 0.5161634782514833 __DUMMY__ 0.44506256162889096 off 0.03877396011962571	false	1.0
verurteilen	neg 1.0		__DUMMY__ 0.8816691858420201 neg 0.06573879478489192 off 0.05259201937308794	false	1.0
klischee	neg 1.0	neg 1.0	neg 0.5181017558176667 __DUMMY__ 0.4380658596853729 off 0.04383238449696046	false	1.0
diktatorisch	neg 1.0		__DUMMY__ 0.87717992625538 neg 0.06699424478499534 off 0.05582582895962477	false	1.0
vorhersehbar	neg 1.0	neg 1.0	neg 0.51742286845851 __DUMMY__ 0.4391626710908116 off 0.04341446045067836	false	1.0
sowie			__DUMMY__ 0.8765695841361744 off 0.06412795372606131 neg 0.05930246213776427	false	0.0
stornieren	neg 1.0		__DUMMY__ 0.8898729744479209 neg 0.05531197558529306 off 0.05481504996678608	false	1.0
besteuerung	neg 1.0		__DUMMY__ 0.8795714055107723 neg 0.06571761367618759 off 0.054710980813040114	false	1.0
ungeschminkt	neg 1.0		__DUMMY__ 0.879841716284853 neg 0.060519263297876665 off 0.05963902041727035	false	1.0
kritisch	neg 1.0		__DUMMY__ 0.8831450970283413 neg 0.06552510590229275 off 0.05132979706936595	false	1.0
schlamperei	off 1.0		__DUMMY__ 0.8833662635511133 neg 0.06626283516962866 off 0.05037090127925807	false	0.5
sucht	neg 1.0	neg 1.0	neg 0.5155010146533028 __DUMMY__ 0.44369846652034883 off 0.040800518826348296	false	1.0
egoistisch	off 1.0		__DUMMY__ 0.8775766020843965 off 0.06458400286060359 neg 0.05783939505499992	false	1.0
ausbeuter	off 1.0		__DUMMY__ 0.8818012300541831 neg 0.06792897616364418 off 0.05026979378217272	false	0.5
arschgeburt	off 1.0		__DUMMY__ 0.8704555835976742 off 0.0722725753141458 neg 0.05727184108818008	false	1.0
schubs	neg 1.0	neg 1.0	neg 0.5151967854602443 __DUMMY__ 0.44547007823098766 off 0.039333136308768085	false	1.0
unsolide	neg 1.0		__DUMMY__ 0.8742441341287254 neg 0.06957781874675042 off 0.05617804712452426	false	1.0
beschwerde	neg 1.0		__DUMMY__ 0.8834690592934008 neg 0.06606491670348483 off 0.050466024003114396	false	1.0
stocken	neg 1.0		__DUMMY__ 0.8843334943868082 neg 0.06468717593308977 off 0.050979329680101965	false	1.0
isolieren	neg 1.0		__DUMMY__ 0.8825937260922453 neg 0.06543702549645629 off 0.05196924841129831	false	1.0
unheilbar	neg 1.0		__DUMMY__ 0.8836760400044339 neg 0.06144024449373866 off 0.05488371550182743	false	1.0
pisser	off 1.0		__DUMMY__ 0.8804398788789861 off 0.060864588705655774 neg 0.058695532415358055	false	1.0
löschen	neg 1.0		__DUMMY__ 0.8833334464171069 neg 0.06247786105164722 off 0.05418869253124584	false	1.0
durchfallen	neg 1.0		__DUMMY__ 0.8817136126623656 neg 0.06584294848453791 off 0.052443438853096505	false	1.0
wichser	off 1.0		__DUMMY__ 0.8751791214925052 off 0.06885795388161621 neg 0.05596292462587856	false	1.0
terror	neg 1.0		__DUMMY__ 0.8847218094664867 neg 0.05870959516173393 off 0.05656859537177941	false	1.0
krass	neg 1.0		__DUMMY__ 0.8790755655206399 off 0.06255723224230995 neg 0.05836720223705025	false	0.5
revolte	neg 1.0		__DUMMY__ 0.8791111832999362 neg 0.06448403503949571 off 0.05640478166056804	false	1.0
besorgt	neg 1.0		__DUMMY__ 0.8874199822483838 neg 0.06013129921834135 off 0.05244871853327482	false	1.0
nachlassen	neg 1.0		__DUMMY__ 0.8844598772958364 neg 0.0651886868742855 off 0.05035143582987803	false	1.0
alt	neg 1.0		__DUMMY__ 0.885644885955335 neg 0.06339111043207757 off 0.05096400361258744	false	1.0
hundesohn	off 1.0		__DUMMY__ 0.8736833253813336 off 0.0677649012724563 neg 0.05855177334621003	false	1.0
als			__DUMMY__ 0.8867337840315882 neg 0.06055795539100406 off 0.0527082605774078	false	0.0
abschreckung	neg 1.0		__DUMMY__ 0.8848722276138542 neg 0.06606086749334074 off 0.049066904892805005	false	1.0
unqualifiziert	neg 1.0		__DUMMY__ 0.8773563067596624 neg 0.06506700285106218 off 0.057576690389275535	false	1.0
abgewichst	off 1.0		__DUMMY__ 0.8846709518490937 neg 0.06260840630246398 off 0.05272064184844226	false	0.5
schwer	neg 1.0		__DUMMY__ 0.8839376149012563 neg 0.06174417635286307 off 0.0543182087458806	false	1.0
bedeutungslosigkeit	neg 1.0		__DUMMY__ 0.8842125342443965 neg 0.06589730288257342 off 0.04989016287303005	false	1.0
kapitulation	neg 1.0		__DUMMY__ 0.8803873782560107 neg 0.06845909323199494 off 0.051153528511994346	false	1.0
unscharf	neg 1.0		__DUMMY__ 0.8833560222397784 neg 0.060647198630775674 off 0.05599677912944595	false	1.0
schwinden	neg 1.0		__DUMMY__ 0.8841855755261946 neg 0.0661558882645557 off 0.04965853620924981	false	1.0
versklavung	neg 1.0		__DUMMY__ 0.8767727567669811 neg 0.06786457703098982 off 0.055362666202029086	false	1.0
schlecht	neg 1.0		__DUMMY__ 0.8824484437830428 off 0.05988108439440633 neg 0.05767047182255101	false	0.5
verhasst	neg 1.0		__DUMMY__ 0.8813586397036652 neg 0.06320344236617846 off 0.05543791793015627	false	1.0
beschweren	neg 1.0		__DUMMY__ 0.8825502743829263 neg 0.061332887265669274 off 0.05611683835140435	false	1.0
scheiden	neg 1.0		__DUMMY__ 0.8904720523983503 neg 0.055257576147527424 off 0.05427037145412231	false	1.0
frustriert	neg 1.0		__DUMMY__ 0.8843622494506499 neg 0.06221323721302116 off 0.05342451333632895	false	1.0
schimmelig	neg 1.0		__DUMMY__ 0.8874050007491195 neg 0.06235446253533182 off 0.05024053671554866	false	1.0
fisch	neg 1.0		__DUMMY__ 0.8927420566531019 neg 0.058181400188263795 off 0.049076543158634314	false	1.0
schmuggel	neg 1.0		__DUMMY__ 0.8886718068444313 neg 0.06170031212887414 off 0.04962788102669458	false	1.0
auffallen	neg 1.0		__DUMMY__ 0.8832742312312157 neg 0.06003325063417192 off 0.056692518134612305	false	1.0
konkurrenz	neg 1.0	neg 1.0	neg 0.518254049462717 __DUMMY__ 0.44466434942980865 off 0.037081601107474216	false	1.0
teufelskreis	neg 1.0	neg 1.0	neg 0.5189032746833431 __DUMMY__ 0.44024911259847876 off 0.04084761271817812	false	1.0
aufschreien	neg 1.0		__DUMMY__ 0.8807194126562782 neg 0.06268014718526209 off 0.05660044015845977	false	1.0
schuldner	neg 1.0		__DUMMY__ 0.8851408487559032 neg 0.06495824218008342 off 0.04990090906401345	false	1.0
missgeburt	off 1.0	off 1.0	off 0.5186650048315011 __DUMMY__ 0.43701990141858804 neg 0.04431509374991079	false	1.0
arbeitslos	neg 1.0		__DUMMY__ 0.8819630006438915 neg 0.06530243024678546 off 0.05273456910932294	false	1.0
befallen	neg 1.0		__DUMMY__ 0.880070784184391 neg 0.06712893052706564 off 0.05280028528854333	false	1.0
miesepetrig	off 1.0	off 1.0	off 0.515114640004041 __DUMMY__ 0.4408348028029288 neg 0.0440505571930303	false	1.0
alarmieren	neg 1.0		__DUMMY__ 0.8787549483926707 neg 0.0626388166994321 off 0.058606234907897146	false	1.0
ungeduscht	off 1.0		__DUMMY__ 0.8843218563751237 neg 0.05854819234534545 off 0.0571299512795307	false	0.5
knappheit	neg 1.0		__DUMMY__ 0.8813001769261304 neg 0.06768516806894555 off 0.0510146550049241	false	1.0
schlange	neg 1.0		__DUMMY__ 0.887083278811918 neg 0.057030976418688026 off 0.055885744769394056	false	1.0
harsch	neg 1.0		__DUMMY__ 0.8818958097964101 off 0.06329441505518163 neg 0.0548097751484083	false	0.5
lang	neg 1.0		__DUMMY__ 0.8835792095631133 neg 0.06183468100114219 off 0.05458610943574453	false	1.0
ziellos	neg 1.0		__DUMMY__ 0.8867431692683673 neg 0.06111201419264568 off 0.052144816538987136	false	1.0
selbstverliebt	neg 1.0		__DUMMY__ 0.8714197445737359 off 0.06976616488447174 neg 0.0588140905417923	false	0.5
beseitigen	neg 1.0	neg 1.0	neg 0.5150766602867897 __DUMMY__ 0.44445381983876336 off 0.04046951987444698	false	1.0
dumm	off 1.0		__DUMMY__ 0.8762552057447363 off 0.06543503764839566 neg 0.058309756606868005	false	1.0
arbeitsloser	neg 1.0		__DUMMY__ 0.8851350432430735 neg 0.06285374354666161 off 0.05201121321026498	false	1.0
blitzen	neg 1.0		__DUMMY__ 0.8819314951840125 neg 0.06084365538228477 off 0.05722484943370271	false	1.0
hilflos	neg 1.0		__DUMMY__ 0.8841496454617513 neg 0.06293052629375477 off 0.052919828244493795	false	1.0
eklig	off 1.0		__DUMMY__ 0.8764431605613179 off 0.06592852146034871 neg 0.05762831797833334	false	1.0
begriff			__DUMMY__ 0.8817676402926432 neg 0.06487010766116555 off 0.053362252046191216	false	0.0
hungersnot	neg 1.0		__DUMMY__ 0.8839409564385878 neg 0.06328946241987876 off 0.052769581141533364	false	1.0
ungesetzlich	neg 1.0		__DUMMY__ 0.8747237989044213 neg 0.06866913130085658 off 0.056607069794722104	false	1.0
verschwendung	neg 1.0		__DUMMY__ 0.8841396349625089 neg 0.06518287580257497 off 0.05067748923491614	false	1.0
schmerzvoll	neg 1.0		__DUMMY__ 0.8830999759042489 neg 0.06088895682106166 off 0.05601106727468944	false	1.0
vorzeitig	neg 1.0		__DUMMY__ 0.8844520080554983 neg 0.05848401982217597 off 0.05706397212232577	false	1.0
unvollkommenheit	neg 1.0		__DUMMY__ 0.8884919564268229 neg 0.05958707836102826 off 0.051920965212148874	false	1.0
intervenieren	neg 1.0		__DUMMY__ 0.8819469624984199 neg 0.06750121462888167 off 0.05055182287269859	false	1.0
banause	off 1.0		__DUMMY__ 0.8741284344036705 off 0.06780242103389722 neg 0.05806914456243225	false	1.0
rebell	neg 1.0		__DUMMY__ 0.887332008390307 neg 0.0653855008171096 off 0.04728249079258337	false	1.0
unlogisch	neg 1.0		__DUMMY__ 0.879151258423877 off 0.062112302907101506 neg 0.05873643866902145	false	0.5
leiden	neg 1.0		__DUMMY__ 0.8921352858854696 neg 0.058110803454733004 off 0.049753910659797417	false	1.0
abschaffung	neg 1.0		__DUMMY__ 0.8803897339643547 neg 0.06478121828585488 off 0.054829047749790416	false	1.0
sturz	neg 1.0		__DUMMY__ 0.8854208266159754 neg 0.06035704765161491 off 0.05422212573240965	false	1.0
verkleinerung	neg 1.0		__DUMMY__ 0.8781103135877096 neg 0.06478116173364669 off 0.05710852467864362	false	1.0
schmarotzer	off 1.0		__DUMMY__ 0.8809171293311875 neg 0.06647584992022973 off 0.05260702074858275	false	0.5
bestrafung	neg 1.0		__DUMMY__ 0.8815499830126043 neg 0.06272520949708775 off 0.05572480749030784	false	1.0
achtlos	neg 1.0		__DUMMY__ 0.8854433083899285 neg 0.06036433442049279 off 0.05419235718957865	false	1.0
ungeheuer	neg 1.0		__DUMMY__ 0.8843644448989344 neg 0.058556889267943994 off 0.057078665833121635	false	1.0
unaufrichtig	neg 1.0		__DUMMY__ 0.8781521747213786 neg 0.06541006216947977 off 0.0564377631091416	false	1.0
