unsolidarisch	neg 1.0		neg 0.5053638038828274 off 0.42710923813152835 __DUMMY__ 0.06752695798564433	false	1.0
nachteilig	neg 1.0		neg 0.5049871358845489 off 0.4266006799111 __DUMMY__ 0.06841218420435112	false	1.0
skeptisch	neg 1.0		neg 0.5050191407301033 off 0.4264142816044609 __DUMMY__ 0.06856657766543568	false	1.0
schrecklich	neg 1.0		neg 0.4890203195213956 off 0.44303201623963395 __DUMMY__ 0.0679476642389704	false	1.0
schlapp	neg 1.0		neg 0.4925738064511072 off 0.4390853693469638 __DUMMY__ 0.06834082420192905	false	1.0
abfall	neg 1.0		neg 0.5080885048837407 off 0.423257839698415 __DUMMY__ 0.06865365541784425	false	1.0
widerspenstig	neg 1.0		neg 0.4993655097336955 off 0.4322614418310968 __DUMMY__ 0.06837304843520778	false	1.0
abrupt	neg 1.0		neg 0.5017536546439619 off 0.4292977790464937 __DUMMY__ 0.06894856630954442	false	1.0
unwirksam	neg 1.0		neg 0.5025747240800676 off 0.42950552284139576 __DUMMY__ 0.06791975307853658	false	1.0
angreifen	neg 1.0	neg 1.0	neg 0.7398086797183198 off 0.2274550982449339 __DUMMY__ 0.032736222036746226	false	1.0
inkonsistent	neg 1.0		neg 0.49805695694015417 off 0.4335408513862484 __DUMMY__ 0.06840219167359735	false	1.0
abrutschen	neg 1.0		neg 0.5072423032857137 off 0.4240479945228584 __DUMMY__ 0.06870970219142775	false	1.0
unsicher	neg 1.0		neg 0.4984268878490696 off 0.43305333026649057 __DUMMY__ 0.06851978188443966	false	1.0
bauernkind	off 1.0	off 1.0	off 0.7050942268518092 neg 0.26268028833152796 __DUMMY__ 0.0322254848166629	false	1.0
angreifer	neg 1.0		neg 0.49652343067179444 off 0.43490895147599656 __DUMMY__ 0.06856761785220884	false	1.0
trennen	neg 1.0		neg 0.49995343047261415 off 0.4308753416748193 __DUMMY__ 0.06917122785256646	false	1.0
schmutz	neg 1.0		neg 0.4932297519692971 off 0.43777616513906525 __DUMMY__ 0.06899408289163758	false	1.0
inkonsistenz	neg 1.0		neg 0.4975771755925525 off 0.4346353241143078 __DUMMY__ 0.06778750029313968	false	1.0
erschreckend	neg 1.0		neg 0.5015462049575491 off 0.4301693858375281 __DUMMY__ 0.06828440920492282	false	1.0
ertrinken	neg 1.0		neg 0.5019034775055609 off 0.4293614353980616 __DUMMY__ 0.06873508709637767	false	1.0
pickelface	off 1.0		neg 0.5019763268177325 off 0.42961469193167906 __DUMMY__ 0.06840898125058821	false	0.5
seiner			neg 0.5032669652403693 off 0.42798536516537605 __DUMMY__ 0.06874766959425473	false	0.0
lauch	neg 1.0		neg 0.5083579502653762 off 0.4231255171988809 __DUMMY__ 0.06851653253574293	false	1.0
unwichtig	neg 1.0		neg 0.4951821447444524 off 0.4367995505909022 __DUMMY__ 0.06801830466464537	false	1.0
steuerhinterziehung	neg 1.0		neg 0.5039563311280896 off 0.42797025361472063 __DUMMY__ 0.06807341525718974	false	1.0
schock	neg 1.0		neg 0.4974134620007915 off 0.4337166548744556 __DUMMY__ 0.06886988312475302	false	1.0
beule	neg 1.0		neg 0.49183449035350485 off 0.43977774667810693 __DUMMY__ 0.06838776296838807	false	1.0
vergelten	neg 1.0		neg 0.4885982579335004 off 0.44306009095460364 __DUMMY__ 0.06834165111189597	false	1.0
verdorbenheit	neg 1.0		neg 0.49808352717751636 off 0.4332390072949428 __DUMMY__ 0.06867746552754093	false	1.0
trauma	neg 1.0		neg 0.4984608487478109 off 0.4332104384489741 __DUMMY__ 0.0683287128032151	false	1.0
sinnlos	neg 1.0		neg 0.4959226203183707 off 0.4356513412171948 __DUMMY__ 0.06842603846443451	false	1.0
fettsack	off 1.0	off 1.0	off 0.7070201689062424 neg 0.2606222009537305 __DUMMY__ 0.032357630140027065	false	1.0
feige	off 1.0	off 1.0	off 0.7029783582980813 neg 0.2646476200704071 __DUMMY__ 0.03237402163151168	false	1.0
abdanken	neg 1.0		neg 0.5025012202492202 off 0.42937873290568596 __DUMMY__ 0.06812004684509405	false	1.0
wichtigtuer	off 1.0	off 1.0	off 0.7014888529177774 neg 0.26600580426571213 __DUMMY__ 0.03250534281651047	false	1.0
misslingen	neg 1.0		neg 0.49465598088417567 off 0.43640981350241315 __DUMMY__ 0.06893420561341114	false	1.0
untreu	off 1.0		neg 0.49427201163285245 off 0.43782861294819303 __DUMMY__ 0.06789937541895451	false	0.5
missmutig	neg 1.0		neg 0.4943820023530432 off 0.43749110924023604 __DUMMY__ 0.06812688840672071	false	1.0
hurenbock	off 1.0		neg 0.4965119521382387 off 0.43494524439979215 __DUMMY__ 0.06854280346196909	false	0.5
betrunken	neg 1.0		neg 0.4891251492073126 off 0.4425086561851169 __DUMMY__ 0.06836619460757057	false	1.0
korrupt	off 1.0		neg 0.5068375649152908 off 0.4253908035202206 __DUMMY__ 0.06777163156448858	false	0.5
unmut	neg 1.0		neg 0.5080981294098094 off 0.4232784924479768 __DUMMY__ 0.06862337814221384	false	1.0
hackfresse	off 1.0		neg 0.48682824942932545 off 0.4456110472180989 __DUMMY__ 0.06756070335257565	false	0.5
aufblasen	neg 1.0		neg 0.4958715042540873 off 0.4355051027582267 __DUMMY__ 0.06862339298768595	false	1.0
gewaltsam	neg 1.0		neg 0.500214632302252 off 0.4313281749754729 __DUMMY__ 0.06845719272227513	false	1.0
unbeliebtheit	neg 1.0		neg 0.5005724873613683 off 0.43214111082601653 __DUMMY__ 0.06728640181261511	false	1.0
sturheit	neg 1.0		neg 0.502423089557078 off 0.4294126969193306 __DUMMY__ 0.06816421352359131	false	1.0
kuh	neg 1.0		neg 0.5001038259169248 off 0.43177526475301353 __DUMMY__ 0.06812090933006175	false	1.0
erschrecken	neg 1.0		neg 0.4941786439743783 off 0.43751635580915466 __DUMMY__ 0.06830500021646703	false	1.0
opfer	neg 1.0		neg 0.5028747657910783 off 0.4285463678219139 __DUMMY__ 0.06857886638700798	false	1.0
sinken	neg 1.0		neg 0.5063358419689465 off 0.4248996298769431 __DUMMY__ 0.06876452815411024	false	1.0
stinktier	neg 1.0		neg 0.490081604295815 off 0.4422494167212276 __DUMMY__ 0.06766897898295755	false	1.0
tucke	off 1.0		neg 0.48927530556373333 off 0.4436550229740945 __DUMMY__ 0.06706967146217212	false	0.5
ein			neg 0.4963813620268739 off 0.4349469736355185 __DUMMY__ 0.06867166433760764	false	0.0
abstieg	neg 1.0		neg 0.5018074450236093 off 0.42927414294953276 __DUMMY__ 0.06891841202685807	false	1.0
missverstehen	neg 1.0		neg 0.4982178411544253 off 0.43375989459739284 __DUMMY__ 0.06802226424818186	false	1.0
ergebnislos	neg 1.0		neg 0.504091383038968 off 0.4273198269315459 __DUMMY__ 0.06858879002948609	false	1.0
unter			neg 0.5073562244248836 off 0.42303000301271837 __DUMMY__ 0.06961377256239808	false	0.0
manipulieren	neg 1.0		neg 0.5059019353050933 off 0.4256719723943708 __DUMMY__ 0.06842609230053592	false	1.0
unbewiesen	neg 1.0		neg 0.5057824335927952 off 0.42680999225901417 __DUMMY__ 0.06740757414819055	false	1.0
verschleppen	neg 1.0		neg 0.5030725443189364 off 0.42850665995047854 __DUMMY__ 0.06842079573058496	false	1.0
weib	off 1.0		neg 0.48700950822506195 off 0.44544921488568406 __DUMMY__ 0.06754127688925393	false	0.5
opposition	neg 1.0		neg 0.4992828169757917 off 0.4326795870538393 __DUMMY__ 0.06803759597036885	false	1.0
verkehrswidrig	neg 1.0	neg 1.0	neg 0.7284862269960775 off 0.23851737440662596 __DUMMY__ 0.03299639859729657	false	1.0
inkorrekt	neg 1.0		neg 0.49583685359417545 off 0.43674509485160834 __DUMMY__ 0.06741805155421614	false	1.0
vermeiden	neg 1.0		neg 0.5081405049494878 off 0.4228337807718987 __DUMMY__ 0.06902571427861365	false	1.0
abweichung	neg 1.0		neg 0.5040218587589698 off 0.4274834737751422 __DUMMY__ 0.06849466746588807	false	1.0
alkoholisiert	neg 1.0		neg 0.4989527675435063 off 0.4316056156525406 __DUMMY__ 0.06944161680395304	false	1.0
scheiss	off 1.0	off 1.0	off 0.7046556369346163 neg 0.26271940367039837 __DUMMY__ 0.03262495939498527	false	1.0
herausforderung	neg 1.0	neg 1.0	neg 0.7361522983193152 off 0.23053530808753037 __DUMMY__ 0.033312393593154487	false	1.0
pervers	off 1.0		neg 0.4836715057543708 off 0.44893063237653824 __DUMMY__ 0.06739786186909084	false	0.5
wackelig	neg 1.0		neg 0.4980677890076756 off 0.4328447250815356 __DUMMY__ 0.0690874859107888	false	1.0
verwickeln	neg 1.0		neg 0.49858904515485725 off 0.4334198232331505 __DUMMY__ 0.0679911316119922	false	1.0
vorwand	neg 1.0		neg 0.5060596129441961 off 0.4253806122960571 __DUMMY__ 0.06855977475974684	false	1.0
muschi	off 1.0		neg 0.5011860091701008 off 0.430368211507986 __DUMMY__ 0.06844577932191315	false	0.5
entmutigung	neg 1.0		neg 0.5010249711933282 off 0.4311153535823232 __DUMMY__ 0.06785967522434849	false	1.0
unangemessen	neg 1.0		neg 0.5031314786499089 off 0.42864866828224646 __DUMMY__ 0.06821985306784478	false	1.0
unstetig	neg 1.0		neg 0.4964727245196656 off 0.4349086197709468 __DUMMY__ 0.06861865570938769	false	1.0
entmutigen	neg 1.0		neg 0.49804755620132407 off 0.4336424844645589 __DUMMY__ 0.06830995933411703	false	1.0
schwanz	neg 1.0		neg 0.5036407936810069 off 0.42766308461336366 __DUMMY__ 0.06869612170562946	false	1.0
verbot	neg 1.0		neg 0.5048702095410186 off 0.426996678925788 __DUMMY__ 0.06813311153319332	false	1.0
leid	neg 1.0		neg 0.48798143130703203 off 0.444150810216935 __DUMMY__ 0.06786775847603302	false	1.0
archaisch	neg 1.0		neg 0.5021584989345549 off 0.4294476086976827 __DUMMY__ 0.06839389236776247	false	1.0
gegen			neg 0.5047323333875399 off 0.42635873086240805 __DUMMY__ 0.06890893575005218	false	0.0
scheidung	neg 1.0		neg 0.4790236778923977 off 0.4535438208374582 __DUMMY__ 0.06743250127014402	false	1.0
einschlag	neg 1.0	neg 1.0	neg 0.7313627044111195 off 0.23603562008405635 __DUMMY__ 0.03260167550482418	false	1.0
m			neg 0.5001499490439015 off 0.4311076836532129 __DUMMY__ 0.06874236730288542	false	0.0
abgestanden	neg 1.0		neg 0.49650673299301396 off 0.4348437720420597 __DUMMY__ 0.0686494949649263	false	1.0
schmierig	off 1.0		neg 0.48831869146235374 off 0.4437578276445782 __DUMMY__ 0.06792348089306806	false	0.5
unpraktisch	neg 1.0		neg 0.4952805758014981 off 0.43593690478107544 __DUMMY__ 0.0687825194174266	false	1.0
wixxer	off 1.0		neg 0.4844672063951738 off 0.4482134100206479 __DUMMY__ 0.06731938358417815	false	0.5
bezeichnet			neg 0.501085403569764 off 0.4306859923795985 __DUMMY__ 0.06822860405063742	false	0.0
jammerlappen	off 1.0		neg 0.49476949916576446 off 0.43717926625983866 __DUMMY__ 0.0680512345743968	false	0.5
farce	neg 1.0		neg 0.5045940246671061 off 0.42740043089497576 __DUMMY__ 0.06800554443791815	false	1.0
zwecklos	neg 1.0		neg 0.5030114210974419 off 0.42873848644787915 __DUMMY__ 0.06825009245467879	false	1.0
turbulent	neg 1.0		neg 0.4950681740562105 off 0.4370368939161978 __DUMMY__ 0.06789493202759164	false	1.0
invasion	neg 1.0		neg 0.49573477257153475 off 0.43582855982233 __DUMMY__ 0.06843666760613522	false	1.0
schuld	neg 1.0		neg 0.49898115520778796 off 0.4327548762617368 __DUMMY__ 0.06826396853047527	false	1.0
risiko	neg 1.0		neg 0.4979394473871912 off 0.4335031606619644 __DUMMY__ 0.06855739195084437	false	1.0
finster	neg 1.0		neg 0.4969048621147499 off 0.43456053455914284 __DUMMY__ 0.06853460332610738	false	1.0
geisteskrank	off 1.0		neg 0.4946835761310124 off 0.43760529534236925 __DUMMY__ 0.06771112852661829	false	0.5
zusammenbrechen	neg 1.0		neg 0.500018702385809 off 0.4313852378279522 __DUMMY__ 0.06859605978623871	false	1.0
ausbeute	neg 1.0		neg 0.5003860387603186 off 0.43043837520784267 __DUMMY__ 0.06917558603183864	false	1.0
hinterhalt	neg 1.0		neg 0.4991898000667917 off 0.4320012037490302 __DUMMY__ 0.06880899618417816	false	1.0
kritik	neg 1.0		neg 0.5045022989392378 off 0.4274407724703705 __DUMMY__ 0.06805692859039177	false	1.0
einschrumpfen	neg 1.0		neg 0.49888858391660074 off 0.4332866963605454 __DUMMY__ 0.06782471972285371	false	1.0
riskant	neg 1.0		neg 0.5041898475060815 off 0.4273884748367353 __DUMMY__ 0.06842167765718318	false	1.0
frustrieren	neg 1.0		neg 0.5033402369166409 off 0.42814997236101093 __DUMMY__ 0.06850979072234813	false	1.0
groll	neg 1.0		neg 0.5023555143477589 off 0.42923042049671606 __DUMMY__ 0.06841406515552524	false	1.0
gibt			neg 0.5011007195546012 off 0.43039615040198426 __DUMMY__ 0.06850313004341455	false	0.0
qualvoll	neg 1.0		neg 0.49455778537777884 off 0.43703213794730056 __DUMMY__ 0.06841007667492063	false	1.0
wackeln	neg 1.0	neg 1.0	neg 0.7345647206785482 off 0.23250133098791761 __DUMMY__ 0.0329339483335342	false	1.0
klagen	neg 1.0		neg 0.5068719300482005 off 0.4244233008136018 __DUMMY__ 0.06870476913819767	false	1.0
bankrott	neg 1.0		neg 0.4945877051779898 off 0.43712149602156775 __DUMMY__ 0.06829079880044238	false	1.0
trauern	neg 1.0		neg 0.5018643550511273 off 0.4293635963777644 __DUMMY__ 0.06877204857110827	false	1.0
ablehnung	neg 1.0		neg 0.5042469810975383 off 0.42766597727217576 __DUMMY__ 0.06808704163028585	false	1.0
stur	neg 1.0		neg 0.4986999493312646 off 0.43312092166192107 __DUMMY__ 0.06817912900681439	false	1.0
aufruhr	neg 1.0		neg 0.5003797689823832 off 0.43116762450376117 __DUMMY__ 0.06845260651385551	false	1.0
melancholie	neg 1.0		neg 0.5000977164355058 off 0.43112187842449046 __DUMMY__ 0.06878040514000353	false	1.0
ist			neg 0.49691749965805115 off 0.4346981250713244 __DUMMY__ 0.06838437527062458	false	0.0
torheit	neg 1.0		neg 0.5014759383888643 off 0.4306004838626865 __DUMMY__ 0.06792357774844908	false	1.0
dreckskind	off 1.0		neg 0.4889333984061449 off 0.44350190827812025 __DUMMY__ 0.06756469331573482	false	0.5
umtauschen	neg 1.0		neg 0.49816777468962176 off 0.43319454335103946 __DUMMY__ 0.06863768195933878	false	1.0
zum			neg 0.5031815254479176 off 0.42707226351695127 __DUMMY__ 0.06974621103513103	false	0.0
zersetzen	neg 1.0		neg 0.5069437210884642 off 0.42477338442063056 __DUMMY__ 0.06828289449090533	false	1.0
zur			neg 0.5073506284498202 off 0.42338972425888 __DUMMY__ 0.06925964729129981	false	0.0
frust	neg 1.0		neg 0.5001333364561021 off 0.43125282598995907 __DUMMY__ 0.06861383755393875	false	1.0
unerbittlichkeit	neg 1.0		neg 0.5060867137984455 off 0.4255253737023337 __DUMMY__ 0.06838791249922092	false	1.0
zwei			neg 0.5020605836220733 off 0.42846253067193724 __DUMMY__ 0.06947688570598942	false	0.0
unkorrekt	neg 1.0		neg 0.49491608672757154 off 0.4376502248325393 __DUMMY__ 0.06743368843988903	false	1.0
hexe	off 1.0		neg 0.4933785366793922 off 0.4385188102442445 __DUMMY__ 0.06810265307636325	false	0.5
lasch	neg 1.0		neg 0.4977256733566763 off 0.43441669687852763 __DUMMY__ 0.067857629764796	false	1.0
rivale	neg 1.0		neg 0.4910459294312576 off 0.4408981959974814 __DUMMY__ 0.06805587457126097	false	1.0
mutlos	off 1.0	off 1.0	off 0.6972790248129977 neg 0.27015101539163766 __DUMMY__ 0.03256995979536459	false	1.0
wirr	off 1.0		neg 0.49399780038757296 off 0.4384956009292036 __DUMMY__ 0.06750659868322338	false	0.5
jahr			neg 0.500453418186919 off 0.43019572940808354 __DUMMY__ 0.06935085240499755	false	0.0
wird			neg 0.5016952754894153 off 0.42962253511607246 __DUMMY__ 0.06868218939451218	false	0.0
strafbar	neg 1.0		neg 0.5048144217157199 off 0.42687539128825486 __DUMMY__ 0.06831018699602523	false	1.0
erosion	neg 1.0		neg 0.4973949620693252 off 0.434031404781366 __DUMMY__ 0.06857363314930888	false	1.0
eingehen	neg 1.0		neg 0.5041176959612274 off 0.4276552603180916 __DUMMY__ 0.06822704372068103	false	1.0
faul	off 1.0		neg 0.49325962220600705 off 0.438322640469533 __DUMMY__ 0.06841773732446	false	0.5
provisorium	neg 1.0		neg 0.5091898692590713 off 0.42142798391025327 __DUMMY__ 0.06938214683067546	false	1.0
schmerzen	neg 1.0		neg 0.4985048985919246 off 0.4329810512923722 __DUMMY__ 0.06851405011570316	false	1.0
schrumpfen	neg 1.0		neg 0.510232801956008 off 0.4210313249863922 __DUMMY__ 0.0687358730575999	false	1.0
geistlos	off 1.0		neg 0.5020081463369075 off 0.43054070178266673 __DUMMY__ 0.0674511518804258	false	0.5
fehlkauf	neg 1.0		neg 0.49838326495118146 off 0.4334374170658685 __DUMMY__ 0.06817931798295006	false	1.0
frustrierend	neg 1.0		neg 0.49357761066519434 off 0.43798922818040603 __DUMMY__ 0.06843316115439951	false	1.0
unzufrieden	neg 1.0		neg 0.5027673433720048 off 0.4289179159447527 __DUMMY__ 0.06831474068324254	false	1.0
verzweifeln	neg 1.0		neg 0.49945036243087104 off 0.43207175261949854 __DUMMY__ 0.06847788494963052	false	1.0
verzweifelt	neg 1.0		neg 0.4981492079414338 off 0.43360606971930693 __DUMMY__ 0.06824472233925934	false	1.0
misstrauensantrag	neg 1.0		neg 0.49767271784866357 off 0.4341748591263341 __DUMMY__ 0.06815242302500246	false	1.0
abfallen	neg 1.0		neg 0.49532465182409496 off 0.43595131085794614 __DUMMY__ 0.0687240373179588	false	1.0
fucker	off 1.0		neg 0.493103747120747 off 0.4390258658940853 __DUMMY__ 0.06787038698516776	false	0.5
ungezogen	neg 1.0		neg 0.4842619875145624 off 0.44808529818146164 __DUMMY__ 0.06765271430397589	false	1.0
irrsinnig	neg 1.0	neg 1.0	neg 0.7363289445350517 off 0.2310699415221744 __DUMMY__ 0.032601113942773874	false	1.0
unfassbar	neg 1.0		neg 0.4938142459415993 off 0.43814796542360673 __DUMMY__ 0.06803778863479394	false	1.0
hart	neg 1.0		neg 0.4954801729938525 off 0.4362953030866821 __DUMMY__ 0.06822452391946544	false	1.0
widerlich	off 1.0		neg 0.4946299749687951 off 0.4376429767155734 __DUMMY__ 0.06772704831563146	false	0.5
fatal	neg 1.0		neg 0.49767744054574226 off 0.43409283868536663 __DUMMY__ 0.06822972076889121	false	1.0
bruch	neg 1.0		neg 0.5072655931746691 off 0.42413292531106045 __DUMMY__ 0.06860148151427034	false	1.0
aushungern	neg 1.0		neg 0.5036943991748722 off 0.4283102148725541 __DUMMY__ 0.06799538595257364	false	1.0
anspannung	neg 1.0	neg 1.0	neg 0.7389403030288133 off 0.2276985184824224 __DUMMY__ 0.033361178488764284	false	1.0
von			neg 0.5016259389194928 off 0.42906060953635167 __DUMMY__ 0.06931345154415557	false	0.0
kraftlos	neg 1.0		neg 0.49913329765591 off 0.4320102234955865 __DUMMY__ 0.06885647884850338	false	1.0
vom			neg 0.5058274523826259 off 0.42441355887227705 __DUMMY__ 0.06975898874509713	false	0.0
grenzdebil	off 1.0		neg 0.4923545022832419 off 0.4395930109006391 __DUMMY__ 0.06805248681611908	false	0.5
vor			neg 0.5038471032739777 off 0.4272619490951024 __DUMMY__ 0.06889094763091985	false	0.0
unterwerfen	neg 1.0		neg 0.5041652818828819 off 0.427393175943546 __DUMMY__ 0.06844154217357218	false	1.0
versenkung	neg 1.0		neg 0.5039032928095346 off 0.42755717819672734 __DUMMY__ 0.06853952899373791	false	1.0
entziehen	neg 1.0		neg 0.506405143697085 off 0.4249458975081955 __DUMMY__ 0.0686489587947194	false	1.0
finanzkrise	neg 1.0		neg 0.5034313941807447 off 0.42858266568717684 __DUMMY__ 0.06798594013207836	false	1.0
schimpfend	neg 1.0		neg 0.4952846775077691 off 0.4359437598411805 __DUMMY__ 0.0687715626510504	false	1.0
profan	neg 1.0		neg 0.49607932116282294 off 0.43565024845310196 __DUMMY__ 0.06827043038407501	false	1.0
korruption	neg 1.0	neg 1.0	neg 0.7397172822392218 off 0.22774408985878744 __DUMMY__ 0.03253862790199067	false	1.0
â			neg 0.50199008456965 off 0.4293314645607447 __DUMMY__ 0.06867845086960542	false	0.0
schmutzig	neg 1.0		neg 0.492425001435546 off 0.4394145921121095 __DUMMY__ 0.06816040645234439	false	1.0
sexy	neg 1.0		neg 0.4955970948212307 off 0.4361697471755147 __DUMMY__ 0.06823315800325457	false	1.0
abraten	neg 1.0		neg 0.4968274701697564 off 0.43481161637371235 __DUMMY__ 0.06836091345653111	false	1.0
schwarz	neg 1.0		neg 0.49861860502458116 off 0.4331764100545971 __DUMMY__ 0.06820498492082167	false	1.0
fotze	off 1.0		neg 0.5036531028032026 off 0.4278451829977586 __DUMMY__ 0.06850171419903875	false	0.5
verwirren	neg 1.0		neg 0.4957543613385451 off 0.4359643599717074 __DUMMY__ 0.06828127868974737	false	1.0
zahnlos	off 1.0		neg 0.5029738101031547 off 0.428748044258123 __DUMMY__ 0.06827814563872234	false	0.5
verheeren	neg 1.0		neg 0.4830424106251731 off 0.44927997599329744 __DUMMY__ 0.06767761338152939	false	1.0
hippie	neg 1.0		neg 0.49659803460119994 off 0.4352164523956639 __DUMMY__ 0.06818551300313601	false	1.0
rammen	neg 1.0		neg 0.49839206029092525 off 0.43327000836448726 __DUMMY__ 0.06833793134458754	false	1.0
unlauter	neg 1.0		neg 0.5028099501653235 off 0.4294455290885878 __DUMMY__ 0.06774452074608872	false	1.0
unheilvoll	neg 1.0		neg 0.49445588699657417 off 0.4369064368250033 __DUMMY__ 0.0686376761784226	false	1.0
niedrig	neg 1.0		neg 0.5035501432029308 off 0.4277600833237005 __DUMMY__ 0.06868977347336878	false	1.0
explosion	neg 1.0		neg 0.4974721301247468 off 0.43437343451988797 __DUMMY__ 0.06815443535536529	false	1.0
weichei	off 1.0		neg 0.48819113562872096 off 0.44415408880716584 __DUMMY__ 0.06765477556411323	false	0.5
minusmensch	off 1.0		neg 0.4880023546957915 off 0.44503313621659396 __DUMMY__ 0.06696450908761443	false	0.5
farblos	neg 1.0		neg 0.49653181054356116 off 0.43443289385415784 __DUMMY__ 0.06903529560228103	false	1.0
unwissend	neg 1.0	neg 1.0	neg 0.734084993561274 off 0.23344937223308962 __DUMMY__ 0.03246563420563646	false	1.0
traurig	neg 1.0		neg 0.489847058746106 off 0.4421161967659903 __DUMMY__ 0.06803674448790371	false	1.0
senkung	neg 1.0		neg 0.49852300471161354 off 0.433554479457378 __DUMMY__ 0.0679225158310086	false	1.0
ungleich	neg 1.0	neg 1.0	neg 0.7402748508675199 off 0.2271335180654071 __DUMMY__ 0.03259163106707312	false	1.0
heikel	neg 1.0		neg 0.5056892764274843 off 0.42588153824278735 __DUMMY__ 0.0684291853297285	false	1.0
drosselung	neg 1.0		neg 0.49240488362161167 off 0.43944846705022167 __DUMMY__ 0.06814664932816664	false	1.0
falsch	neg 1.0		neg 0.4946319526073038 off 0.4371518811043343 __DUMMY__ 0.06821616628836172	false	1.0
unzufriedenheit	neg 1.0		neg 0.5064311795067279 off 0.4251193077696216 __DUMMY__ 0.06844951272365046	false	1.0
kurz	neg 1.0		neg 0.49813501075420985 off 0.432965706483631 __DUMMY__ 0.06889928276215901	false	1.0
unsinnig	neg 1.0		neg 0.5032798043194306 off 0.4285982551457098 __DUMMY__ 0.06812194053485965	false	1.0
penner	off 1.0	off 1.0	off 0.708330149280791 neg 0.2593984319234372 __DUMMY__ 0.03227141879577181	false	1.0
seicht	neg 1.0		neg 0.48741549395616574 off 0.4453780131760409 __DUMMY__ 0.06720649286779343	false	1.0
dummheit	off 1.0	off 1.0	off 0.7015302764723488 neg 0.26600506772879406 __DUMMY__ 0.032464655798857114	false	1.0
unerfreulich	neg 1.0		neg 0.5050689804908106 off 0.42621552103635835 __DUMMY__ 0.06871549847283098	false	1.0
motherfucker	off 1.0	off 1.0	off 0.7040880080401142 neg 0.26354457496440215 __DUMMY__ 0.032367416995483664	false	1.0
pikiert	neg 1.0		neg 0.4961087228349756 off 0.4361648109328268 __DUMMY__ 0.06772646623219758	false	1.0
wrack	neg 1.0		neg 0.5003816741088939 off 0.43056581568759683 __DUMMY__ 0.06905251020350922	false	1.0
gangster	neg 1.0		neg 0.49640060362323724 off 0.43531000190421537 __DUMMY__ 0.06828939447254742	false	1.0
krank	neg 1.0		neg 0.490788023050079 off 0.44097074066957215 __DUMMY__ 0.06824123628034878	false	1.0
reich	neg 1.0		neg 0.49662519865688093 off 0.4354828647183881 __DUMMY__ 0.06789193662473095	false	1.0
gnadenlos	neg 1.0		neg 0.4984359039116209 off 0.4332179822231374 __DUMMY__ 0.06834611386524168	false	1.0
niedergeschlagen	neg 1.0		neg 0.49912617089098565 off 0.4321761259489794 __DUMMY__ 0.06869770316003496	false	1.0
terrorisieren	off 1.0	off 1.0	off 0.6985283003347025 neg 0.26872131318975767 __DUMMY__ 0.032750386475539815	false	1.0
sinnlosigkeit	neg 1.0		neg 0.5024826001027456 off 0.4291910067004886 __DUMMY__ 0.0683263931967659	false	1.0
behindern	neg 1.0		neg 0.5009630881485038 off 0.4307327321150699 __DUMMY__ 0.0683041797364264	false	1.0
undemokratisch	neg 1.0		neg 0.5015368954933882 off 0.4305575912397536 __DUMMY__ 0.06790551326685806	false	1.0
wirtschaftskrise	neg 1.0		neg 0.5048768723314933 off 0.4268824086828899 __DUMMY__ 0.06824071898561666	false	1.0
neid	neg 1.0		neg 0.4920114665175671 off 0.439489008332016 __DUMMY__ 0.06849952515041685	false	1.0
rutschen	neg 1.0	neg 1.0	neg 0.7376181785795975 off 0.22903127119462896 __DUMMY__ 0.03335055022577355	false	1.0
rezession	neg 1.0		neg 0.4922991959969792 off 0.44019525952715044 __DUMMY__ 0.06750554447587029	false	1.0
fehlgeburt	neg 1.0		neg 0.49523008343885405 off 0.43618922345256733 __DUMMY__ 0.06858069310857867	false	1.0
charakterschwach	off 1.0		neg 0.49374506730353285 off 0.4383156992014648 __DUMMY__ 0.06793923349500235	false	0.5
isolation	neg 1.0		neg 0.49366746152262736 off 0.43791162561327146 __DUMMY__ 0.06842091286410125	false	1.0
ablenkung	neg 1.0		neg 0.49829110252343667 off 0.4332294468175909 __DUMMY__ 0.06847945065897237	false	1.0
pech	neg 1.0		neg 0.4937730104396805 off 0.4378309683812255 __DUMMY__ 0.06839602117909402	false	1.0
vermeidung	neg 1.0		neg 0.4938684616901879 off 0.43826909202364533 __DUMMY__ 0.06786244628616685	false	1.0
dominieren	neg 1.0		neg 0.5006917256162969 off 0.43041291377951757 __DUMMY__ 0.06889536060418548	false	1.0
schwindlig	neg 1.0		neg 0.49319248412086114 off 0.43802717969876487 __DUMMY__ 0.06878033618037395	false	1.0
lutscher	neg 1.0		neg 0.48567779443624615 off 0.44700032958136215 __DUMMY__ 0.06732187598239162	false	1.0
pflicht	neg 1.0		neg 0.5056016642363387 off 0.4259151704577102 __DUMMY__ 0.06848316530595111	false	1.0
faschist	off 1.0		neg 0.49970659875694007 off 0.43255701559578597 __DUMMY__ 0.06773638564727388	false	0.5
verschleudern	neg 1.0		neg 0.5080052316254148 off 0.42408183455504017 __DUMMY__ 0.06791293381954493	false	1.0
wenn			neg 0.4944389278764746 off 0.4373597466831839 __DUMMY__ 0.06820132544034135	false	0.0
ehebruch	neg 1.0		neg 0.5045693452594863 off 0.42716203609555053 __DUMMY__ 0.06826861864496317	false	1.0
spott	off 1.0		neg 0.5055872781885612 off 0.42619026444154406 __DUMMY__ 0.06822245736989474	false	0.5
trostlosigkeit	neg 1.0		neg 0.5061659887895336 off 0.42520219794095704 __DUMMY__ 0.0686318132695094	false	1.0
lutschen	neg 1.0		neg 0.4978900415957277 off 0.4340331926664225 __DUMMY__ 0.06807676573784974	false	1.0
undiszipliniert	neg 1.0		neg 0.4908758243765921 off 0.4410677848688951 __DUMMY__ 0.06805639075451289	false	1.0
kopfschmerz	neg 1.0		neg 0.49876460806475137 off 0.4324789392835022 __DUMMY__ 0.06875645265174643	false	1.0
unvorhergesehen	neg 1.0		neg 0.4988505613262056 off 0.4319278770626557 __DUMMY__ 0.0692215616111388	false	1.0
desinteressiert	neg 1.0		neg 0.49237514686161604 off 0.43976441351350454 __DUMMY__ 0.06786043962487924	false	1.0
armselig	off 1.0		neg 0.49341216744817346 off 0.43907852295734134 __DUMMY__ 0.0675093095944853	false	0.5
desaster	neg 1.0		neg 0.5081894057977273 off 0.4232349603417127 __DUMMY__ 0.0685756338605599	false	1.0
tod	neg 1.0		neg 0.5008281818104675 off 0.43034079909526557 __DUMMY__ 0.06883101909426699	false	1.0
herzlos	neg 1.0		neg 0.4910432050713645 off 0.44119628556279183 __DUMMY__ 0.0677605093658438	false	1.0
unwissenheit	neg 1.0		neg 0.5047963278530925 off 0.4271763671124993 __DUMMY__ 0.06802730503440815	false	1.0
widersinnig	neg 1.0	neg 1.0	neg 0.7396917732408561 off 0.22788110263522135 __DUMMY__ 0.032427124123922645	false	1.0
bedenklich	neg 1.0		neg 0.5045294508800161 off 0.4271570531937518 __DUMMY__ 0.06831349592623212	false	1.0
beanstanden	neg 1.0		neg 0.505349460540679 off 0.42600604254934515 __DUMMY__ 0.068644496909976	false	1.0
panisch	neg 1.0	neg 1.0	neg 0.7326853418633287 off 0.23433191610054988 __DUMMY__ 0.03298274203612145	false	1.0
debil	off 1.0		neg 0.5095321235207566 off 0.4214620527021669 __DUMMY__ 0.06900582377707644	false	0.5
abstrich	neg 1.0		neg 0.5028070942593054 off 0.4287548903878165 __DUMMY__ 0.06843801535287808	false	1.0
primitiv	neg 1.0		neg 0.4939643914053649 off 0.4382921849247577 __DUMMY__ 0.06774342366987735	false	1.0
abschaum	off 1.0	off 1.0	off 0.7028138335924983 neg 0.26476866661738674 __DUMMY__ 0.032417499790115115	false	1.0
provozieren	neg 1.0		neg 0.4997713595467747 off 0.4320521964108051 __DUMMY__ 0.06817644404242014	false	1.0
tot	neg 1.0		neg 0.5028330342818289 off 0.4285513440520724 __DUMMY__ 0.06861562166609858	false	1.0
instabil	neg 1.0		neg 0.4949456275408951 off 0.4374383232902053 __DUMMY__ 0.06761604916889953	false	1.0
schwuchtel	off 1.0		neg 0.4816420209383335 off 0.4513407344772817 __DUMMY__ 0.06701724458438492	false	0.5
zerren	neg 1.0		neg 0.4987996517751198 off 0.43246578369065564 __DUMMY__ 0.06873456453422448	false	1.0
kinderficker	off 1.0		neg 0.4914221894212887 off 0.4412654134882714 __DUMMY__ 0.06731239709043979	false	0.5
gefahr	neg 1.0		neg 0.5048074098663745 off 0.42652136328849 __DUMMY__ 0.06867122684513555	false	1.0
rabiat	neg 1.0		neg 0.5006006005519077 off 0.4312158309454001 __DUMMY__ 0.06818356850269237	false	1.0
verlangsamung	neg 1.0		neg 0.4885477136408002 off 0.44405749292657065 __DUMMY__ 0.06739479343262932	false	1.0
ausgestorben	neg 1.0		neg 0.49888033515114544 off 0.4325397977074983 __DUMMY__ 0.06857986714135628	false	1.0
anklagen	neg 1.0		neg 0.5025039866928408 off 0.4292181765359588 __DUMMY__ 0.06827783677120036	false	1.0
trott	neg 1.0		neg 0.49902243792715884 off 0.4324131674217347 __DUMMY__ 0.06856439465110656	false	1.0
verminderung	neg 1.0		neg 0.4930186980351806 off 0.439152049488794 __DUMMY__ 0.06782925247602538	false	1.0
nach			neg 0.5026510898537638 off 0.4276007510927157 __DUMMY__ 0.0697481590535203	false	0.0
rost	neg 1.0		neg 0.48980413541081036 off 0.44273608577848245 __DUMMY__ 0.0674597788107073	false	1.0
destruktiv	neg 1.0		neg 0.5028344978061458 off 0.4292232589322989 __DUMMY__ 0.0679422432615552	false	1.0
unzumutbarkeit	neg 1.0		neg 0.4926818810800922 off 0.43891804969584114 __DUMMY__ 0.06840006922406668	false	1.0
labil	off 1.0	off 1.0	off 0.7030737756613281 neg 0.26444942672619454 __DUMMY__ 0.0324767976124773	false	1.0
ziemlich	neg 1.0		neg 0.49170306757132204 off 0.4400242751645833 __DUMMY__ 0.06827265726409468	false	1.0
lachnummer	off 1.0		neg 0.5007202136959384 off 0.4310526462167749 __DUMMY__ 0.06822714008728677	false	0.5
oder			neg 0.4967512102541568 off 0.43454055870955477 __DUMMY__ 0.06870823103628843	false	0.0
verfall	neg 1.0		neg 0.5102881699038474 off 0.42098534706637863 __DUMMY__ 0.06872648302977398	false	1.0
ausgrenzung	neg 1.0		neg 0.5011565226085296 off 0.4310270941833901 __DUMMY__ 0.06781638320808034	false	1.0
unordnung	neg 1.0		neg 0.4916493271715213 off 0.43996107923291455 __DUMMY__ 0.06838959359556418	false	1.0
fehlverhalten	neg 1.0		neg 0.5057500011352285 off 0.4258506245169296 __DUMMY__ 0.0683993743478418	false	1.0
eine			neg 0.5044745467450616 off 0.4268110349831565 __DUMMY__ 0.06871441827178193	false	0.0
nille	neg 1.0		neg 0.5004329871647508 off 0.43109209100270535 __DUMMY__ 0.06847492183254388	false	1.0
qual	neg 1.0		neg 0.4997198426746185 off 0.4317797807138355 __DUMMY__ 0.06850037661154593	false	1.0
verschwenden	neg 1.0		neg 0.5033567688330262 off 0.42825630859591146 __DUMMY__ 0.06838692257106255	false	1.0
riesig	neg 1.0	neg 1.0	neg 0.7373053189938961 off 0.22973514330129916 __DUMMY__ 0.032959537704804795	false	1.0
verurteilen	neg 1.0		neg 0.5038311476771573 off 0.4279879223795369 __DUMMY__ 0.06818092994330584	false	1.0
klischee	neg 1.0	neg 1.0	neg 0.7355703108301285 off 0.23200338171698798 __DUMMY__ 0.032426307452883586	false	1.0
diktatorisch	neg 1.0		neg 0.5024733952314882 off 0.42987257924520134 __DUMMY__ 0.06765402552331047	false	1.0
vorhersehbar	neg 1.0	neg 1.0	neg 0.7355394682177113 off 0.23195064169601312 __DUMMY__ 0.03250989008627552	false	1.0
sowie			neg 0.48958032490160835 off 0.44282457825199334 __DUMMY__ 0.06759509684639828	false	0.0
stornieren	neg 1.0		neg 0.49377757797703264 off 0.43714015443497395 __DUMMY__ 0.06908226758799335	false	1.0
besteuerung	neg 1.0		neg 0.50137923400805 off 0.4306903537722708 __DUMMY__ 0.06793041221967934	false	1.0
ungeschminkt	neg 1.0		neg 0.49342710144144347 off 0.43862728329439815 __DUMMY__ 0.06794561526415853	false	1.0
kritisch	neg 1.0		neg 0.50448393192187 off 0.4271500406438207 __DUMMY__ 0.06836602743430924	false	1.0
schlamperei	off 1.0		neg 0.5058837569782315 off 0.4257476363460161 __DUMMY__ 0.06836860667575231	false	0.5
sucht	neg 1.0	neg 1.0	neg 0.7357131896765597 off 0.23144723068538844 __DUMMY__ 0.03283957963805184	false	1.0
egoistisch	off 1.0		neg 0.48811169937628063 off 0.44418571600328316 __DUMMY__ 0.06770258462043616	false	0.5
ausbeuter	off 1.0		neg 0.5071941542584592 off 0.4246020032825605 __DUMMY__ 0.06820384245898023	false	0.5
arschgeburt	off 1.0		neg 0.48231761936290224 off 0.4507879580680512 __DUMMY__ 0.06689442256904657	false	0.5
schubs	neg 1.0	neg 1.0	neg 0.7361861141896042 off 0.23081953357051319 __DUMMY__ 0.03299435223988258	false	1.0
unsolide	neg 1.0		neg 0.5037923121080601 off 0.42888045481179193 __DUMMY__ 0.06732723308014799	false	1.0
beschwerde	neg 1.0		neg 0.5055013067017249 off 0.42611827024847027 __DUMMY__ 0.0683804230498049	false	1.0
stocken	neg 1.0		neg 0.5039814931055561 off 0.4275231740738781 __DUMMY__ 0.06849533282056583	false	1.0
isolieren	neg 1.0		neg 0.5038902417800285 off 0.4278369717990282 __DUMMY__ 0.06827278642094319	false	1.0
unheilbar	neg 1.0		neg 0.4986120582590142 off 0.43297765629087565 __DUMMY__ 0.0684102854501102	false	1.0
pisser	off 1.0		neg 0.4917848617919368 off 0.44020440377177406 __DUMMY__ 0.06801073443628924	false	0.5
löschen	neg 1.0		neg 0.49953990491361716 off 0.432065870952476 __DUMMY__ 0.06839422413390688	false	1.0
durchfallen	neg 1.0		neg 0.5036093464482836 off 0.4281775246138298 __DUMMY__ 0.0682131289378866	false	1.0
wichser	off 1.0		neg 0.48336177927645063 off 0.4492049780866057 __DUMMY__ 0.06743324263694371	false	0.5
terror	neg 1.0		neg 0.4945823073972292 off 0.43687847185942646 __DUMMY__ 0.06853922074334437	false	1.0
krass	neg 1.0		neg 0.48960718767045014 off 0.44253421354586003 __DUMMY__ 0.0678585987836898	false	1.0
revolte	neg 1.0		neg 0.4998437408289425 off 0.4322719492068018 __DUMMY__ 0.06788430996425583	false	1.0
besorgt	neg 1.0		neg 0.49918643934984513 off 0.43196324067797254 __DUMMY__ 0.06885031997218241	false	1.0
nachlassen	neg 1.0		neg 0.5043517151510569 off 0.42714709428944103 __DUMMY__ 0.06850119055950207	false	1.0
alt	neg 1.0		neg 0.5022148227036449 off 0.4291990491908051 __DUMMY__ 0.06858612810555	false	1.0
hundesohn	off 1.0		neg 0.4868119446049026 off 0.445928338282772 __DUMMY__ 0.06725971711232523	false	0.5
als			neg 0.4993299110780533 off 0.4318939079957942 __DUMMY__ 0.06877618092615251	false	0.0
abschreckung	neg 1.0		neg 0.5067908227639513 off 0.42466464232167084 __DUMMY__ 0.06854453491437786	false	1.0
unqualifiziert	neg 1.0		neg 0.4992630014470205 off 0.43304351261063345 __DUMMY__ 0.06769348594234605	false	1.0
abgewichst	off 1.0		neg 0.5008662184173039 off 0.43060026895865916 __DUMMY__ 0.06853351262403694	false	0.5
schwer	neg 1.0		neg 0.4988573379907165 off 0.432662198171529 __DUMMY__ 0.06848046383775454	false	1.0
bedeutungslosigkeit	neg 1.0		neg 0.5059014482699812 off 0.42561357839716 __DUMMY__ 0.06848497333285872	false	1.0
kapitulation	neg 1.0		neg 0.5069408079867933 off 0.425024804507785 __DUMMY__ 0.0680343875054217	false	1.0
unscharf	neg 1.0		neg 0.4961075550139696 off 0.4355574138037499 __DUMMY__ 0.06833503118228053	false	1.0
schwinden	neg 1.0		neg 0.5061160038360151 off 0.4254112168555499 __DUMMY__ 0.06847277930843516	false	1.0
versklavung	neg 1.0		neg 0.5031945368934303 off 0.4291851194221345 __DUMMY__ 0.06762034368443513	false	1.0
schlecht	neg 1.0		neg 0.4915275731555535 off 0.44018672433151046 __DUMMY__ 0.068285702512936	false	1.0
verhasst	neg 1.0		neg 0.4993670829629578 off 0.43247337796480845 __DUMMY__ 0.06815953907223374	false	1.0
beschweren	neg 1.0		neg 0.49719923363482804 off 0.43448947985206643 __DUMMY__ 0.06831128651310552	false	1.0
scheiden	neg 1.0		neg 0.493993688627776 off 0.43687974865125806 __DUMMY__ 0.06912656272096597	false	1.0
frustriert	neg 1.0		neg 0.5000330394170068 off 0.43144351417748095 __DUMMY__ 0.06852344640551238	false	1.0
schimmelig	neg 1.0		neg 0.5018050753789525 off 0.4294180064387128 __DUMMY__ 0.06877691818233476	false	1.0
fisch	neg 1.0		neg 0.4998351524077549 off 0.4308173149210331 __DUMMY__ 0.06934753267121214	false	1.0
schmuggel	neg 1.0		neg 0.5028311555539738 off 0.42820467542410257 __DUMMY__ 0.06896416902192348	false	1.0
auffallen	neg 1.0		neg 0.4957436344143835 off 0.4358709750034319 __DUMMY__ 0.06838539058218461	false	1.0
konkurrenz	neg 1.0	neg 1.0	neg 0.7395474504248988 off 0.22749207903891222 __DUMMY__ 0.03296047053618898	false	1.0
teufelskreis	neg 1.0	neg 1.0	neg 0.7376809402662405 off 0.22971361024212572 __DUMMY__ 0.03260544949163378	false	1.0
aufschreien	neg 1.0		neg 0.4978760092452057 off 0.4340355890903173 __DUMMY__ 0.06808840166447709	false	1.0
schuldner	neg 1.0		neg 0.5052262769444471 off 0.42621508319577583 __DUMMY__ 0.06855863985977707	false	1.0
missgeburt	off 1.0	off 1.0	off 0.7066852951991539 neg 0.2610045248642084 __DUMMY__ 0.03231017993663778	false	1.0
arbeitslos	neg 1.0		neg 0.5030494562480035 off 0.42869940097433495 __DUMMY__ 0.06825114277766142	false	1.0
befallen	neg 1.0		neg 0.5043749779404032 off 0.42763995014296163 __DUMMY__ 0.06798507191663503	false	1.0
miesepetrig	off 1.0	off 1.0	off 0.7048909014896668 neg 0.26247948921837827 __DUMMY__ 0.03262960929195487	false	1.0
alarmieren	neg 1.0		neg 0.4967680056119263 off 0.43538093149808915 __DUMMY__ 0.06785106288998444	false	1.0
ungeduscht	off 1.0		neg 0.49361065108873986 off 0.43794142285751975 __DUMMY__ 0.06844792605374038	false	0.5
knappheit	neg 1.0		neg 0.5061213361561687 off 0.4257516036660073 __DUMMY__ 0.06812706017782395	false	1.0
schlange	neg 1.0		neg 0.4939810497798108 off 0.4372006536334788 __DUMMY__ 0.06881829658671032	false	1.0
harsch	neg 1.0		neg 0.4867038753758399 off 0.4450858627300207 __DUMMY__ 0.06821026189413927	false	1.0
lang	neg 1.0		neg 0.49872474049389254 off 0.43284825931658844 __DUMMY__ 0.06842700018951904	false	1.0
ziellos	neg 1.0		neg 0.5000904944300437 off 0.4311140274141354 __DUMMY__ 0.06879547815582081	false	1.0
selbstverliebt	neg 1.0		neg 0.484911041350105 off 0.4480777399075179 __DUMMY__ 0.06701121874237707	false	1.0
beseitigen	neg 1.0	neg 1.0	neg 0.7359396887387902 off 0.23114449271869747 __DUMMY__ 0.03291581854251237	false	1.0
dumm	off 1.0		neg 0.4876636226142391 off 0.44477780981146187 __DUMMY__ 0.06755856757429907	false	0.5
arbeitsloser	neg 1.0		neg 0.5020989084110217 off 0.4293128681266334 __DUMMY__ 0.06858822346234492	false	1.0
blitzen	neg 1.0		neg 0.49616079894799564 off 0.4356219616726584 __DUMMY__ 0.0682172393793461	false	1.0
hilflos	neg 1.0		neg 0.5008851562477022 off 0.43062439662169183 __DUMMY__ 0.06849044713060587	false	1.0
eklig	off 1.0		neg 0.4866399146906602 off 0.4457849371253269 __DUMMY__ 0.0675751481840128	false	0.5
begriff			neg 0.5022376386839152 off 0.429561616935258 __DUMMY__ 0.06820074438082663	false	0.0
hungersnot	neg 1.0		neg 0.5017483216684276 off 0.4298352343217088 __DUMMY__ 0.06841644400986355	false	1.0
ungesetzlich	neg 1.0		neg 0.5032316600856623 off 0.42937516184265384 __DUMMY__ 0.06739317807168388	false	1.0
verschwendung	neg 1.0		neg 0.5044366470204485 off 0.427071929090852 __DUMMY__ 0.06849142388869951	false	1.0
schmerzvoll	neg 1.0		neg 0.49686775006182926 off 0.4347617280520187 __DUMMY__ 0.0683705218861521	false	1.0
vorzeitig	neg 1.0		neg 0.49446234806426204 off 0.4370597497672998 __DUMMY__ 0.06847790216843812	false	1.0
unvollkommenheit	neg 1.0		neg 0.4992695779796388 off 0.4318140462669375 __DUMMY__ 0.06891637575342376	false	1.0
intervenieren	neg 1.0		neg 0.5067183634838549 off 0.4250689688883739 __DUMMY__ 0.06821266762777117	false	1.0
banause	off 1.0		neg 0.485579401787765 off 0.4471151994201904 __DUMMY__ 0.06730539879204461	false	0.5
rebell	neg 1.0		neg 0.5068791115039567 off 0.4243233718138455 __DUMMY__ 0.06879751668219784	false	1.0
unlogisch	neg 1.0		neg 0.4905700215635764 off 0.44153812221457006 __DUMMY__ 0.06789185622185344	false	1.0
leiden	neg 1.0		neg 0.4994985846967174 off 0.4311607104175212 __DUMMY__ 0.06934070488576137	false	1.0
abschaffung	neg 1.0		neg 0.5011088316578318 off 0.43086967067691256 __DUMMY__ 0.0680214976652555	false	1.0
sturz	neg 1.0		neg 0.49810504086341495 off 0.43329660358311395 __DUMMY__ 0.06859835555347109	false	1.0
verkleinerung	neg 1.0		neg 0.4992616925559991 off 0.432974374920427 __DUMMY__ 0.06776393252357378	false	1.0
schmarotzer	off 1.0		neg 0.5041626675669307 off 0.42772660416148267 __DUMMY__ 0.06811072827158658	false	0.5
bestrafung	neg 1.0		neg 0.49885332902987145 off 0.43296978036642275 __DUMMY__ 0.06817689060370588	false	1.0
achtlos	neg 1.0		neg 0.49791866809324214 off 0.4334432706036968 __DUMMY__ 0.06863806130306113	false	1.0
ungeheuer	neg 1.0		neg 0.49434876346462503 off 0.43716990621491103 __DUMMY__ 0.06848133032046398	false	1.0
unaufrichtig	neg 1.0		neg 0.5004106760404831 off 0.43182138568080874 __DUMMY__ 0.06776793827870822	false	1.0
groggy	neg 1.0		neg 0.49753605841707055 off 0.43435137433243365 __DUMMY__ 0.06811256725049566	false	1.0
verletzlich	neg 1.0		neg 0.4916378151706268 off 0.4403455333949633 __DUMMY__ 0.06801665143440991	false	1.0
