unsolidarisch	neg 1.0		__DUMMY__ 0.8759037698352666 neg 0.06970600388639779 off 0.05439022627833563	false	1.0
nachteilig	neg 1.0		__DUMMY__ 0.8837381670423635 neg 0.0656859217053083 off 0.050575911252328236	false	1.0
skeptisch	neg 1.0		__DUMMY__ 0.8848423359363459 neg 0.06514621153146517 off 0.0500114525321889	false	1.0
schrecklich	neg 1.0		__DUMMY__ 0.8795998477807795 off 0.06284657693448009 neg 0.057553575284740435	false	0.5
schlapp	neg 1.0		__DUMMY__ 0.8831615691869613 off 0.05849709514833497 neg 0.05834133566470372	false	0.5
abfall	neg 1.0		__DUMMY__ 0.885577523887539 neg 0.0668925450455254 off 0.04752993106693566	false	1.0
widerspenstig	neg 1.0		__DUMMY__ 0.8833836455986066 neg 0.06258562401683147 off 0.05403073038456198	false	1.0
abrupt	neg 1.0		__DUMMY__ 0.8885750648944931 neg 0.06140125064081521 off 0.050023684464691597	false	1.0
unwirksam	neg 1.0		__DUMMY__ 0.879459335114144 neg 0.06649644277555573 off 0.05404422211030024	false	1.0
angreifen	neg 1.0	neg 1.0	neg 0.5200096639584995 __DUMMY__ 0.441852989599767 off 0.0381373464417335	false	1.0
inkonsistent	neg 1.0		__DUMMY__ 0.8839201666265701 neg 0.06134233931118147 off 0.05473749406224831	false	1.0
abrutschen	neg 1.0		__DUMMY__ 0.8859492342076448 neg 0.06616938426207039 off 0.047881381530284844	false	1.0
unsicher	neg 1.0		__DUMMY__ 0.884325211626436 neg 0.061232942484436004 off 0.05444184588912799	false	1.0
bauernkind	off 1.0	off 1.0	off 0.5172650853448353 __DUMMY__ 0.4360185877703279 neg 0.04671632688483678	false	1.0
angreifer	neg 1.0		__DUMMY__ 0.8851458669775446 neg 0.05934739665578189 off 0.05550673636667354	false	1.0
trennen	neg 1.0		__DUMMY__ 0.8900965885448713 neg 0.0593280684318463 off 0.05057534302328241	false	1.0
schmutz	neg 1.0		__DUMMY__ 0.8894226697362424 off 0.05543152807914039 neg 0.05514580218461721	false	0.5
inkonsistenz	neg 1.0		__DUMMY__ 0.8784045516977308 neg 0.06345284349591147 off 0.058142604806357835	false	1.0
erschreckend	neg 1.0		__DUMMY__ 0.882303429077528 neg 0.06418945416082877 off 0.05350711676164326	false	1.0
ertrinken	neg 1.0		__DUMMY__ 0.88625163538559 neg 0.06252762981317556 off 0.05122073480123446	false	1.0
pickelface	off 1.0		__DUMMY__ 0.8837750077999385 neg 0.06376241434612505 off 0.05246257785393651	false	0.5
seiner			__DUMMY__ 0.8863620007448584 neg 0.06329425898862137 off 0.05034374026652023	false	0.0
lauch	neg 1.0		__DUMMY__ 0.8845881344257026 neg 0.06770719386254295 off 0.047704671711754465	false	1.0
unwichtig	neg 1.0		__DUMMY__ 0.8801509843234158 neg 0.06119338769402357 off 0.058655627982560715	false	1.0
steuerhinterziehung	neg 1.0		__DUMMY__ 0.8808131766203771 neg 0.06631792503201077 off 0.052868898347612096	false	1.0
schock	neg 1.0		__DUMMY__ 0.887483316442578 neg 0.05901586525338014 off 0.05350081830404178	false	1.0
beule	neg 1.0		__DUMMY__ 0.8837881390153595 off 0.05867725450203063 neg 0.0575346064826099	false	0.5
vergelten	neg 1.0		__DUMMY__ 0.8835675609059529 off 0.06169684529545887 neg 0.05473559379858831	false	0.5
verdorbenheit	neg 1.0		__DUMMY__ 0.8860844889480013 neg 0.06046044946942979 off 0.053455061582569054	false	1.0
trauma	neg 1.0		__DUMMY__ 0.8827086075292222 neg 0.06209452597496685 off 0.05519686649581087	false	1.0
sinnlos	neg 1.0		__DUMMY__ 0.8836394774101941 neg 0.05989174956067587 off 0.056468773029129976	false	1.0
fettsack	off 1.0	off 1.0	off 0.518551743659427 __DUMMY__ 0.43760311230465854 neg 0.043845144035914496	false	1.0
feige	off 1.0	off 1.0	off 0.5150335996754422 __DUMMY__ 0.43755067963964883 neg 0.04741572068490897	false	1.0
abdanken	neg 1.0		__DUMMY__ 0.8812012164602827 neg 0.06498577063039654 off 0.05381301290932079	false	1.0
wichtigtuer	off 1.0	off 1.0	off 0.5129791681705538 __DUMMY__ 0.43915832211601863 neg 0.047862509713427606	false	1.0
misslingen	neg 1.0		__DUMMY__ 0.8887441284559571 neg 0.05640905165610137 off 0.05484681988794146	false	1.0
untreu	off 1.0		__DUMMY__ 0.8790078524252037 neg 0.06128648916784315 off 0.05970565840695321	false	0.5
missmutig	neg 1.0		__DUMMY__ 0.8811323342594806 neg 0.06031510892872655 off 0.05855255681179283	false	1.0
hurenbock	off 1.0		__DUMMY__ 0.8851914112193283 neg 0.05962163898662094 off 0.055186949794050685	false	0.5
betrunken	neg 1.0		__DUMMY__ 0.8833829456525859 off 0.06078937497822201 neg 0.05582767936919196	false	0.5
korrupt	off 1.0		__DUMMY__ 0.8780577976901676 neg 0.06956528512662905 off 0.05237691718320335	false	0.5
unmut	neg 1.0		__DUMMY__ 0.8853940234461207 neg 0.06678865437318414 off 0.047817322180695114	false	1.0
hackfresse	off 1.0		__DUMMY__ 0.8763168454393913 off 0.06588994726476369 neg 0.057793207295845105	false	1.0
aufblasen	neg 1.0		__DUMMY__ 0.8854348442397234 neg 0.05917059958288409 off 0.05539455617739248	false	1.0
gewaltsam	neg 1.0		__DUMMY__ 0.8841654178124164 neg 0.062337399352013684 off 0.05349718283556988	false	1.0
unbeliebtheit	neg 1.0		__DUMMY__ 0.8739835732126504 neg 0.0677183051986629 off 0.05829812158868661	false	1.0
sturheit	neg 1.0		__DUMMY__ 0.8814224300537038 neg 0.06498983245559416 off 0.05358773749070197	false	1.0
kuh	neg 1.0		__DUMMY__ 0.8816474922698624 neg 0.0640445203039192 off 0.0543079874262185	false	1.0
erschrecken	neg 1.0		__DUMMY__ 0.882563916934464 neg 0.05945332379245154 off 0.05798275927308439	false	1.0
opfer	neg 1.0		__DUMMY__ 0.8850366367880369 neg 0.06355198922067101 off 0.051411373991292086	false	1.0
sinken	neg 1.0		__DUMMY__ 0.8867961993913741 neg 0.06505827599418401 off 0.048145524614441874	false	1.0
stinktier	neg 1.0		__DUMMY__ 0.8774364284334707 off 0.06323909219638783 neg 0.05932447937014154	false	0.5
tucke	off 1.0		__DUMMY__ 0.8722363297924702 off 0.06616545671021526 neg 0.061598213497314425	false	1.0
ein			__DUMMY__ 0.8859683348913001 neg 0.059293769198319066 off 0.054737895910380814	false	0.0
abstieg	neg 1.0		__DUMMY__ 0.8882403540621379 neg 0.0611879260833848 off 0.050571719854477386	false	1.0
missverstehen	neg 1.0		__DUMMY__ 0.8801750156150133 neg 0.06309005813491483 off 0.056734926250071774	false	1.0
ergebnislos	neg 1.0		__DUMMY__ 0.885197747538666 neg 0.06427643653826379 off 0.05052581592307025	false	1.0
unter			__DUMMY__ 0.8940317551171679 neg 0.062236014359660946 off 0.04373223052317108	false	0.0
manipulieren	neg 1.0		__DUMMY__ 0.8837631777158931 neg 0.06614382708788806 off 0.05009299519621882	false	1.0
unbewiesen	neg 1.0		__DUMMY__ 0.8748436939980284 neg 0.07048939252210547 off 0.05466691347986616	false	1.0
verschleppen	neg 1.0		__DUMMY__ 0.8838907004884711 neg 0.06411118015747345 off 0.05199811935405544	false	1.0
weib	off 1.0		__DUMMY__ 0.8762725285936946 off 0.06585425658711512 neg 0.05787321481919035	false	1.0
opposition	neg 1.0		__DUMMY__ 0.88040167417828 neg 0.06395216378580942 off 0.05564616203591059	false	1.0
verkehrswidrig	neg 1.0	neg 1.0	neg 0.5076699374843501 __DUMMY__ 0.445701222561196 off 0.04662883995445388	false	1.0
inkorrekt	neg 1.0		__DUMMY__ 0.8751385765188554 neg 0.06393360590477624 off 0.0609278175763684	false	1.0
vermeiden	neg 1.0		__DUMMY__ 0.8891265706984841 neg 0.0652231273689999 off 0.045650301932516	false	1.0
abweichung	neg 1.0		__DUMMY__ 0.884621107533348 neg 0.06453326578699678 off 0.05084562667965514	false	1.0
alkoholisiert	neg 1.0		__DUMMY__ 0.8933139416060476 neg 0.05726654715561294 off 0.049419511238339445	false	1.0
scheiss	off 1.0	off 1.0	off 0.5146801958405721 __DUMMY__ 0.44096925032514345 neg 0.04435055383428449	false	1.0
herausforderung	neg 1.0	neg 1.0	neg 0.5127541505560669 __DUMMY__ 0.4493282956381423 off 0.03791755380579089	false	1.0
pervers	off 1.0		__DUMMY__ 0.8750296603948489 off 0.0686926007078469 neg 0.05627773889730409	false	1.0
wackelig	neg 1.0		__DUMMY__ 0.8895345442995086 neg 0.058617586406531086 off 0.05184786929396025	false	1.0
verwickeln	neg 1.0		__DUMMY__ 0.8798340728632186 neg 0.06349883365547784 off 0.05666709348130354	false	1.0
vorwand	neg 1.0		__DUMMY__ 0.8848492325167494 neg 0.06577315139170206 off 0.04937761609154856	false	1.0
muschi	off 1.0		__DUMMY__ 0.8839855285156505 neg 0.06308176470492302 off 0.05293270677942655	false	0.5
entmutigung	neg 1.0		__DUMMY__ 0.8790356191717937 neg 0.06516270333975152 off 0.055801677488454854	false	1.0
unangemessen	neg 1.0		__DUMMY__ 0.8819069835643233 neg 0.06528510924570685 off 0.05280790718996987	false	1.0
unstetig	neg 1.0		__DUMMY__ 0.8860257931106218 neg 0.05918097295210659 off 0.05479323393727167	false	1.0
entmutigen	neg 1.0		__DUMMY__ 0.8827430061992887 neg 0.06171332495462202 off 0.05554366884608932	false	1.0
schwanz	neg 1.0		__DUMMY__ 0.886393738657875 neg 0.06365163625059359 off 0.04995462509153152	false	1.0
verbot	neg 1.0		__DUMMY__ 0.8812917928921477 neg 0.06657991404968355 off 0.05212829305816871	false	1.0
leid	neg 1.0		__DUMMY__ 0.8790590411780786 off 0.06375533506135328 neg 0.05718562376056804	false	0.5
archaisch	neg 1.0		__DUMMY__ 0.8835090779557756 neg 0.0639901368460859 off 0.05250078519813842	false	1.0
gegen			__DUMMY__ 0.8879006753503355 neg 0.06316805387346747 off 0.048931270776197126	false	0.0
scheidung	neg 1.0		__DUMMY__ 0.8754835043171995 off 0.07198784788558062 neg 0.05252864779721988	false	0.5
einschlag	neg 1.0	neg 1.0	neg 0.5127942635177445 __DUMMY__ 0.44062398743945275 off 0.04658174904280274	false	1.0
m			__DUMMY__ 0.8863297557911676 neg 0.06145862583709422 off 0.05221161837173822	false	0.0
abgestanden	neg 1.0		__DUMMY__ 0.8862285933665134 neg 0.05950214249769124 off 0.05426926413579534	false	1.0
schmierig	off 1.0		__DUMMY__ 0.8794908552012658 off 0.06333827606414691 neg 0.05717086873458725	false	1.0
unpraktisch	neg 1.0		__DUMMY__ 0.8869842390317256 neg 0.05809424453988613 off 0.05492151642838815	false	1.0
wixxer	off 1.0		__DUMMY__ 0.8743501917118429 off 0.06849116438782255 neg 0.05715864390033459	false	1.0
bezeichnet			__DUMMY__ 0.8819723799679053 neg 0.06399223252642465 off 0.05403538750567	false	0.0
jammerlappen	off 1.0		__DUMMY__ 0.8803678961075968 neg 0.06084515796735297 off 0.058786945925050266	false	0.5
farce	neg 1.0		__DUMMY__ 0.8802269924643961 neg 0.06698619670762909 off 0.05278681082797489	false	1.0
zwecklos	neg 1.0		__DUMMY__ 0.8820403072080868 neg 0.06524104279811159 off 0.0527186499938015	false	1.0
turbulent	neg 1.0		__DUMMY__ 0.8796717129088343 neg 0.06133872976264503 off 0.058989557328520695	false	1.0
invasion	neg 1.0		__DUMMY__ 0.8837467455673179 neg 0.05975794312544036 off 0.05649531130724172	false	1.0
schuld	neg 1.0		__DUMMY__ 0.882173785761018 neg 0.06258873716760628 off 0.05523747707137566	false	1.0
risiko	neg 1.0		__DUMMY__ 0.8853131536519803 neg 0.06019957285163417 off 0.05448727349638562	false	1.0
finster	neg 1.0		__DUMMY__ 0.884895769957247 neg 0.06046674019303292 off 0.05463748984972007	false	1.0
geisteskrank	off 1.0		__DUMMY__ 0.8775261104588877 neg 0.06210395647188179 off 0.06036993306923053	false	0.5
zusammenbrechen	neg 1.0		__DUMMY__ 0.8849686374045901 neg 0.06191298653137134 off 0.05311837606403856	false	1.0
ausbeute	neg 1.0		__DUMMY__ 0.8907075559281601 neg 0.05955056259546419 off 0.049741881476375725	false	1.0
hinterhalt	neg 1.0		__DUMMY__ 0.8875436217966746 neg 0.06010515452807865 off 0.05235122367524681	false	1.0
kritik	neg 1.0		__DUMMY__ 0.8806568878768077 neg 0.06668098256037346 off 0.052662129562818696	false	1.0
einschrumpfen	neg 1.0		__DUMMY__ 0.8786018756619928 neg 0.06439922405051321 off 0.05699890028749403	false	1.0
riskant	neg 1.0		__DUMMY__ 0.8834134697404702 neg 0.06537928740220995 off 0.051207242857319944	false	1.0
frustrieren	neg 1.0		__DUMMY__ 0.8843064575729972 neg 0.0643532845661309 off 0.051340257860871874	false	1.0
groll	neg 1.0		__DUMMY__ 0.8836445720901901 neg 0.06387741361900627 off 0.05247801429080373	false	1.0
gibt			__DUMMY__ 0.884100756183682 neg 0.06302245834334294 off 0.052876785472975064	false	0.0
qualvoll	neg 1.0		__DUMMY__ 0.8835790312233065 neg 0.05921543489289029 off 0.05720553388380322	false	1.0
wackeln	neg 1.0	neg 1.0	neg 0.5140385612821972 __DUMMY__ 0.4444015607758713 off 0.0415598779419316	false	1.0
klagen	neg 1.0		__DUMMY__ 0.8862770401226533 neg 0.06547292968805742 off 0.048250030189289195	false	1.0
bankrott	neg 1.0		__DUMMY__ 0.8824895769005863 neg 0.05989163572268185 off 0.05761878737673177	false	1.0
trauern	neg 1.0		__DUMMY__ 0.886857515025469 neg 0.061977168597391705 off 0.051165316377139364	false	1.0
ablehnung	neg 1.0		__DUMMY__ 0.8809134874655078 neg 0.06632647977426913 off 0.052760032760223126	false	1.0
stur	neg 1.0		__DUMMY__ 0.88144161456161 neg 0.06280067853422172 off 0.05575770690416833	false	1.0
aufruhr	neg 1.0		__DUMMY__ 0.8841208798947536 neg 0.06237762662440286 off 0.0535014934808435	false	1.0
melancholie	neg 1.0		__DUMMY__ 0.8869824952871082 neg 0.061272900931811695 off 0.05174460378108013	false	1.0
ist			__DUMMY__ 0.8831740481698468 neg 0.0608836283241234 off 0.05594232350602987	false	0.0
torheit	neg 1.0		__DUMMY__ 0.8795371364171986 neg 0.06531501313600267 off 0.05514785044679886	false	1.0
dreckskind	off 1.0		__DUMMY__ 0.8764704885840007 off 0.06452885368578232 neg 0.05900065773021702	false	1.0
umtauschen	neg 1.0		__DUMMY__ 0.8857147924272337 neg 0.06081320053468214 off 0.05347200703808411	false	1.0
zum			__DUMMY__ 0.8952988846916959 neg 0.058937755162247016 off 0.045763360146056954	false	0.0
zersetzen	neg 1.0		__DUMMY__ 0.8824018542889995 neg 0.06763386145470514 off 0.049964284256295344	false	1.0
zur			__DUMMY__ 0.8910301960548492 neg 0.06357210113205823 off 0.04539770281309252	false	0.0
frust	neg 1.0		__DUMMY__ 0.8850879625794312 neg 0.061878464280455694 off 0.053033573140112956	false	1.0
unerbittlichkeit	neg 1.0		__DUMMY__ 0.8834173045103776 neg 0.06649434671869657 off 0.05008834877092583	false	1.0
zwei			__DUMMY__ 0.8927782670629878 neg 0.059539214948942376 off 0.0476825179880699	false	0.0
unkorrekt	neg 1.0		__DUMMY__ 0.8753705617339937 neg 0.06330458475234947 off 0.06132485351365686	false	1.0
hexe	off 1.0		__DUMMY__ 0.881258742994333 neg 0.0597017480370178 off 0.05903950896864906	false	0.5
lasch	neg 1.0		__DUMMY__ 0.8787861108303016 neg 0.06343444614350267 off 0.05777944302619579	false	1.0
rivale	neg 1.0		__DUMMY__ 0.8808150297106341 off 0.061002469087431246 neg 0.058182501201934626	false	0.5
mutlos	off 1.0	off 1.0	off 0.5088643731603846 __DUMMY__ 0.43995997029835854 neg 0.05117565654125699	false	1.0
wirr	off 1.0		__DUMMY__ 0.8759126124695135 neg 0.06262080409956397 off 0.061466583430922615	false	0.5
jahr			__DUMMY__ 0.8919347631183864 neg 0.05885209338557308 off 0.04921314349604054	false	0.0
wird			__DUMMY__ 0.8857335602690257 neg 0.06270904510932723 off 0.05155739462164707	false	0.0
strafbar	neg 1.0		__DUMMY__ 0.8827916993483086 neg 0.06583966052788184 off 0.05136864012380952	false	1.0
erosion	neg 1.0		__DUMMY__ 0.8849072993227597 neg 0.06038080173952307 off 0.05471189893771729	false	1.0
eingehen	neg 1.0		__DUMMY__ 0.8817234673114425 neg 0.06614058353008678 off 0.052135949158470814	false	1.0
faul	off 1.0		__DUMMY__ 0.8838289018929858 neg 0.05842153142905107 off 0.05774956667796322	false	0.5
provisorium	neg 1.0		__DUMMY__ 0.8919811093401513 neg 0.06465958857765898 off 0.043359302082189716	false	1.0
schmerzen	neg 1.0		__DUMMY__ 0.8846397040642726 neg 0.061557719016838625 off 0.05380257691888875	false	1.0
schrumpfen	neg 1.0		__DUMMY__ 0.88642413323842 neg 0.06779972902213595 off 0.04577613773944414	false	1.0
geistlos	off 1.0		__DUMMY__ 0.8752691878163192 neg 0.06786964714228445 off 0.05686116504139639	false	0.5
fehlkauf	neg 1.0		__DUMMY__ 0.8816182515026907 neg 0.0625180405047539 off 0.05586370799255545	false	1.0
frustrierend	neg 1.0		__DUMMY__ 0.8837263452430404 neg 0.05835113801514646 off 0.05792251674181318	false	1.0
unzufrieden	neg 1.0		__DUMMY__ 0.8824982055693739 neg 0.06486910190765274 off 0.05263269252297344	false	1.0
verzweifeln	neg 1.0		__DUMMY__ 0.8839404514276663 neg 0.06205579704333714 off 0.054003751528996495	false	1.0
verzweifelt	neg 1.0		__DUMMY__ 0.8818698745789872 neg 0.062325838753165705 off 0.05580428666784704	false	1.0
misstrauensantrag	neg 1.0		__DUMMY__ 0.881372533452092 neg 0.06242161286976012 off 0.056205853678147955	false	1.0
abfallen	neg 1.0		__DUMMY__ 0.8863896851596819 neg 0.05844511834668761 off 0.05516519649363065	false	1.0
fucker	off 1.0		__DUMMY__ 0.8786528756597296 off 0.06078569021843519 neg 0.06056143412183517	false	1.0
ungezogen	neg 1.0		__DUMMY__ 0.8772753640785466 off 0.06713320741372832 neg 0.05559142850772512	false	0.5
irrsinnig	neg 1.0	neg 1.0	neg 0.517736292234737 __DUMMY__ 0.44020447742837787 off 0.04205923033688508	false	1.0
unfassbar	neg 1.0		__DUMMY__ 0.880265336661991 neg 0.06033456314336848 off 0.05940010019464053	false	1.0
hart	neg 1.0		__DUMMY__ 0.8825446186041644 neg 0.060256521635806734 off 0.05719885976002879	false	1.0
widerlich	off 1.0		__DUMMY__ 0.8776422071440431 neg 0.062126989022849945 off 0.06023080383310695	false	0.5
fatal	neg 1.0		__DUMMY__ 0.8818421303035047 neg 0.061965352901011836 off 0.0561925167954835	false	1.0
bruch	neg 1.0		__DUMMY__ 0.8853366581382879 neg 0.06622487035218136 off 0.048438471509530685	false	1.0
aushungern	neg 1.0		__DUMMY__ 0.8800757550299483 neg 0.0663031459370737 off 0.053621099032978035	false	1.0
anspannung	neg 1.0	neg 1.0	neg 0.5152958793137333 __DUMMY__ 0.44973498628056247 off 0.034969134405704344	false	1.0
von			__DUMMY__ 0.8917213761409932 neg 0.0596459560212966 off 0.0486326678377102	false	0.0
kraftlos	neg 1.0		__DUMMY__ 0.8874486290189 neg 0.06016564008600707 off 0.05238573089509292	false	1.0
vom			__DUMMY__ 0.8953690345117916 neg 0.060759111756305106 off 0.04387185373190334	false	0.0
grenzdebil	off 1.0		__DUMMY__ 0.8804691114274772 off 0.06024096895294779 neg 0.05928991961957512	false	1.0
vor			__DUMMY__ 0.8875023258673187 neg 0.06315679683855666 off 0.04934087729412464	false	0.0
unterwerfen	neg 1.0		__DUMMY__ 0.8839890837287627 neg 0.06489300333389747 off 0.051117912937339846	false	1.0
versenkung	neg 1.0		__DUMMY__ 0.8844653071034532 neg 0.06457187336815301 off 0.05096281952839375	false	1.0
entziehen	neg 1.0		__DUMMY__ 0.8856031531753675 neg 0.06559809973166814 off 0.04879874709296429	false	1.0
finanzkrise	neg 1.0		__DUMMY__ 0.8800558697589649 neg 0.06654460121543943 off 0.05339952902559579	false	1.0
schimpfend	neg 1.0		__DUMMY__ 0.8870614229367819 neg 0.0581287114175593 off 0.0548098656456587	false	1.0
profan	neg 1.0		__DUMMY__ 0.8823125080530779 neg 0.06079501270808601 off 0.05689247923883606	false	1.0
korruption	neg 1.0	neg 1.0	neg 0.520895871255522 __DUMMY__ 0.43968046230517793 off 0.03942366643930009	false	1.0
â			__DUMMY__ 0.8857841350198588 neg 0.06297884833079283 off 0.051237016649348384	false	0.0
schmutzig	neg 1.0		__DUMMY__ 0.8813729157000736 off 0.059692151617950745 neg 0.05893493268197566	false	0.5
sexy	neg 1.0		__DUMMY__ 0.8818659573262329 neg 0.06067031694792512 off 0.05746372572584199	false	1.0
abraten	neg 1.0		__DUMMY__ 0.8831298002163198 neg 0.060932552773990484 off 0.05593764700968966	false	1.0
schwarz	neg 1.0		__DUMMY__ 0.8816518448197292 neg 0.06272786044000635 off 0.05562029474026439	false	1.0
fotze	off 1.0		__DUMMY__ 0.884482988701862 neg 0.06454468185739119 off 0.050972329440746776	false	0.5
verwirren	neg 1.0		__DUMMY__ 0.8823459288708088 neg 0.06049941779944637 off 0.05715465332974482	false	1.0
zahnlos	off 1.0		__DUMMY__ 0.8822881566377351 neg 0.06504816853114755 off 0.05266367483111746	false	0.5
verheeren	neg 1.0		__DUMMY__ 0.8775006430602188 off 0.06815312196625936 neg 0.054346234973521805	false	0.5
hippie	neg 1.0		__DUMMY__ 0.8814118889790392 neg 0.06150975503825301 off 0.05707835598270777	false	1.0
rammen	neg 1.0		__DUMMY__ 0.8833566241793026 neg 0.06208428086657561 off 0.054559094954121694	false	1.0
unlauter	neg 1.0		__DUMMY__ 0.8779648459275525 neg 0.06722963217545427 off 0.05480552189699323	false	1.0
unheilvoll	neg 1.0		__DUMMY__ 0.8859030728374355 neg 0.05797107415698568 off 0.056125853005578874	false	1.0
niedrig	neg 1.0		__DUMMY__ 0.8864221550645414 neg 0.06356385018432988 off 0.05001399475112878	false	1.0
explosion	neg 1.0		__DUMMY__ 0.8813091237716373 neg 0.062206801641463354 off 0.05648407458689936	false	1.0
weichei	off 1.0		__DUMMY__ 0.8771234836808782 off 0.06449290729662202 neg 0.05838360902249975	false	1.0
minusmensch	off 1.0		__DUMMY__ 0.8710336352508496 off 0.06822014341405383 neg 0.060746221335096474	false	1.0
farblos	neg 1.0		__DUMMY__ 0.8898507358809943 neg 0.05728433921008715 off 0.052864924908918615	false	1.0
unwissend	neg 1.0	neg 1.0	neg 0.5164671466125496 __DUMMY__ 0.43866656922367275 off 0.04486628416377764	false	1.0
traurig	neg 1.0		__DUMMY__ 0.8803865183263004 off 0.061941310328310246 neg 0.05767217134538937	false	0.5
senkung	neg 1.0		__DUMMY__ 0.8794647243130835 neg 0.06388763943243614 off 0.056647636254480264	false	1.0
ungleich	neg 1.0	neg 1.0	neg 0.5212362791254614 __DUMMY__ 0.44023096740807566 off 0.0385327534664628	false	1.0
heikel	neg 1.0		__DUMMY__ 0.8836498241832653 neg 0.06623249334840561 off 0.05011768246832905	false	1.0
drosselung	neg 1.0		__DUMMY__ 0.8815668513076694 off 0.059620179538130064 neg 0.05881296915420047	false	0.5
falsch	neg 1.0		__DUMMY__ 0.8819156772130228 neg 0.0599885871492055 off 0.05809573563777176	false	1.0
unzufriedenheit	neg 1.0		__DUMMY__ 0.8838420110743117 neg 0.06648733518535009 off 0.049670653740338244	false	1.0
kurz	neg 1.0		__DUMMY__ 0.887746566518668 neg 0.059531108751349475 off 0.05272232472998249	false	1.0
unsinnig	neg 1.0		__DUMMY__ 0.8809464209856757 neg 0.0660001578000163 off 0.053053421214308054	false	1.0
penner	off 1.0	off 1.0	off 0.5203790155812902 __DUMMY__ 0.4362830562598483 neg 0.043337928158861456	false	1.0
seicht	neg 1.0		__DUMMY__ 0.8732230068364264 off 0.06727556294024016 neg 0.05950143022333338	false	0.5
dummheit	off 1.0	off 1.0	off 0.5132022857452738 __DUMMY__ 0.4386304209797385 neg 0.048167293274987685	false	1.0
unerfreulich	neg 1.0		__DUMMY__ 0.8861866945168013 neg 0.06465286692667618 off 0.049160438556522454	false	1.0
motherfucker	off 1.0	off 1.0	off 0.5161483308452032 __DUMMY__ 0.43732355855691357 neg 0.04652811059788331	false	1.0
pikiert	neg 1.0		__DUMMY__ 0.8776499637692939 neg 0.06309235549336047 off 0.05925768073734554	false	1.0
wrack	neg 1.0		__DUMMY__ 0.8898074161167563 neg 0.0598129808586061 off 0.050379603024637676	false	1.0
gangster	neg 1.0		__DUMMY__ 0.8823822107521807 neg 0.06093443637045312 off 0.05668335287736607	false	1.0
krank	neg 1.0		__DUMMY__ 0.8822494094373216 off 0.06025121780960664 neg 0.057499372753071785	false	0.5
reich	neg 1.0		__DUMMY__ 0.8795483074859411 neg 0.06246956572551171 off 0.05798212678854707	false	1.0
gnadenlos	neg 1.0		__DUMMY__ 0.8827967159964636 neg 0.061941467143280554 off 0.05526181686025584	false	1.0
niedergeschlagen	neg 1.0		__DUMMY__ 0.8860467701356208 neg 0.06087402389653948 off 0.05307920596783971	false	1.0
terrorisieren	off 1.0	off 1.0	off 0.5091084242414127 __DUMMY__ 0.44214927449021674 neg 0.04874230126837055	false	1.0
sinnlosigkeit	neg 1.0		__DUMMY__ 0.8827017600114294 neg 0.06459650296553054 off 0.05270173702303998	false	1.0
behindern	neg 1.0		__DUMMY__ 0.8825470252114826 neg 0.06395979462810503 off 0.053493180160412324	false	1.0
undemokratisch	neg 1.0		__DUMMY__ 0.8793893704537844 neg 0.06530566151139346 off 0.055304968034822224	false	1.0
wirtschaftskrise	neg 1.0		__DUMMY__ 0.8822720186669095 neg 0.06626170575122882 off 0.05146627558186168	false	1.0
neid	neg 1.0		__DUMMY__ 0.8845700187922632 off 0.058447438743741385 neg 0.05698254246399539	false	0.5
rutschen	neg 1.0	neg 1.0	neg 0.514323162342841 __DUMMY__ 0.4495827906234951 off 0.03609404703366395	false	1.0
rezession	neg 1.0		__DUMMY__ 0.8757606237558543 off 0.06279092578211062 neg 0.06144845046203505	false	0.5
fehlgeburt	neg 1.0		__DUMMY__ 0.8856993684042453 neg 0.0583758100032516 off 0.05592482159250308	false	1.0
charakterschwach	off 1.0		__DUMMY__ 0.879625225779094 neg 0.06036384002387428 off 0.060010934197031726	false	0.5
isolation	neg 1.0		__DUMMY__ 0.8836637058934407 neg 0.05853229145655437 off 0.05780400265000493	false	1.0
ablenkung	neg 1.0		__DUMMY__ 0.8840093528584911 neg 0.06138518234518744 off 0.05460546479632149	false	1.0
pech	neg 1.0		__DUMMY__ 0.8837637249442291 neg 0.058832478866616 off 0.05740379618915495	false	1.0
vermeidung	neg 1.0		__DUMMY__ 0.8788053223855381 neg 0.061256859187683775 off 0.05993781842677819	false	1.0
dominieren	neg 1.0		__DUMMY__ 0.8880458553713259 neg 0.0607249249413034 off 0.05122921968737071	false	1.0
schwindlig	neg 1.0		__DUMMY__ 0.8871010332907343 neg 0.05677037900923783 off 0.05612858770002778	false	1.0
lutscher	neg 1.0		__DUMMY__ 0.8743507702210922 off 0.06770295594602908 neg 0.057946273832878765	false	0.5
pflicht	neg 1.0		__DUMMY__ 0.883990737240426 neg 0.065875788048087 off 0.050133474711487006	false	1.0
faschist	off 1.0		__DUMMY__ 0.8779759419459482 neg 0.0648072415603555 off 0.05721681649369632	false	0.5
verschleudern	neg 1.0		__DUMMY__ 0.8793037886834287 neg 0.06993653800254901 off 0.05075967331402233	false	1.0
wenn			__DUMMY__ 0.881643093087804 neg 0.060042846961636226 off 0.05831405995055979	false	0.0
ehebruch	neg 1.0		__DUMMY__ 0.8824714605131062 neg 0.06586778442671917 off 0.05166075506017452	false	1.0
spott	off 1.0		__DUMMY__ 0.8819942556619291 neg 0.06677426004100763 off 0.05123148429706314	false	0.5
trostlosigkeit	neg 1.0		__DUMMY__ 0.8856108069317994 neg 0.06549467757255717 off 0.04889451549564341	false	1.0
lutschen	neg 1.0		__DUMMY__ 0.8809122138404077 neg 0.06253594198911201 off 0.056551844170480266	false	1.0
undiszipliniert	neg 1.0		__DUMMY__ 0.8806405072389499 off 0.06111350444329191 neg 0.05824598831775806	false	0.5
kopfschmerz	neg 1.0		__DUMMY__ 0.8868501755785073 neg 0.06058368451188466 off 0.05256613990960796	false	1.0
unvorhergesehen	neg 1.0		__DUMMY__ 0.890888175763311 neg 0.0585043979531027 off 0.050607426283586325	false	1.0
desinteressiert	neg 1.0		__DUMMY__ 0.8788352246451169 off 0.06108465327345545 neg 0.060080122081427656	false	0.5
armselig	off 1.0		__DUMMY__ 0.8757065897674225 neg 0.062255210253157604 off 0.062038199979419895	false	0.5
desaster	neg 1.0		__DUMMY__ 0.8849752314229538 neg 0.06703203297363654 off 0.04799273560340963	false	1.0
tod	neg 1.0		__DUMMY__ 0.8877905904322346 neg 0.061029650305968505 off 0.05117975926179677	false	1.0
herzlos	neg 1.0		__DUMMY__ 0.8779313180576693 off 0.06239289204200701 neg 0.05967578990032379	false	0.5
unwissenheit	neg 1.0		__DUMMY__ 0.8802221629205362 neg 0.06726763160675103 off 0.052510205472712713	false	1.0
widersinnig	neg 1.0	neg 1.0	neg 0.5215529242502799 __DUMMY__ 0.4382449218086413 off 0.04020215394107886	false	1.0
bedenklich	neg 1.0		__DUMMY__ 0.8826133330595823 neg 0.06596511824394696 off 0.051421548696470726	false	1.0
beanstanden	neg 1.0		__DUMMY__ 0.8855888265711331 neg 0.06486565325799448 off 0.04954552017087229	false	1.0
panisch	neg 1.0	neg 1.0	neg 0.5119714013054077 __DUMMY__ 0.44514551135663355 off 0.04288308733795865	false	1.0
debil	off 1.0		__DUMMY__ 0.88892326326089 neg 0.06631111566842034 off 0.044765621070689654	false	0.5
abstrich	neg 1.0		__DUMMY__ 0.8846282847872774 neg 0.06467789560155135 off 0.05069381961117131	false	1.0
primitiv	neg 1.0		__DUMMY__ 0.877811406867629 neg 0.06154609234062839 off 0.060642500791742604	false	1.0
abschaum	off 1.0	off 1.0	off 0.5147023655365007 __DUMMY__ 0.43812469761969375 neg 0.04717293684380553	false	1.0
provozieren	neg 1.0		__DUMMY__ 0.8814434486040429 neg 0.06345907797580072 off 0.055097473420156425	false	1.0
tot	neg 1.0		__DUMMY__ 0.8860287658555221 neg 0.06347181987151834 off 0.05049941427295956	false	1.0
instabil	neg 1.0		__DUMMY__ 0.8769066085087819 neg 0.06271198607132832 off 0.06038140541988976	false	1.0
schwuchtel	off 1.0		__DUMMY__ 0.8715822498862121 off 0.07200651910896423 neg 0.05641123100482364	false	1.0
zerren	neg 1.0		__DUMMY__ 0.8862521357145289 neg 0.06043696460295251 off 0.05331089968251858	false	1.0
kinderficker	off 1.0		__DUMMY__ 0.8743060264167493 off 0.06427452603753606 neg 0.06141944754571473	false	1.0
gefahr	neg 1.0		__DUMMY__ 0.8859266226000747 neg 0.06425744041579362 off 0.04981593698413161	false	1.0
rabiat	neg 1.0		__DUMMY__ 0.8813716090058676 neg 0.06414444933549178 off 0.05448394165864063	false	1.0
verlangsamung	neg 1.0		__DUMMY__ 0.8749876522083767 off 0.06578422919672068 neg 0.059228118594902554	false	0.5
ausgestorben	neg 1.0		__DUMMY__ 0.8849532698654721 neg 0.061198983351488274 off 0.05384774678303967	false	1.0
anklagen	neg 1.0		__DUMMY__ 0.882603577064061 neg 0.06443819165928004 off 0.052958231276658926	false	1.0
trott	neg 1.0		__DUMMY__ 0.8847757762944545 neg 0.06150685813758073 off 0.05371736556796485	false	1.0
verminderung	neg 1.0		__DUMMY__ 0.878557577661986 neg 0.060836160568239074 off 0.06060626176977497	false	1.0
nach			__DUMMY__ 0.8952305070976354 neg 0.058567768868666666 off 0.046201724033697954	false	0.0
rost	neg 1.0		__DUMMY__ 0.8757944118945382 off 0.06440581545221753 neg 0.059799772653244244	false	0.5
destruktiv	neg 1.0		__DUMMY__ 0.8795027358131557 neg 0.06637289911340909 off 0.05412436507343515	false	1.0
unzumutbarkeit	neg 1.0		__DUMMY__ 0.8838864738817712 off 0.058435505532251554 neg 0.05767802058597716	false	0.5
labil	off 1.0	off 1.0	off 0.5146681477908829 __DUMMY__ 0.43869790988226665 neg 0.0466339423268504	false	1.0
ziemlich	neg 1.0		__DUMMY__ 0.8823698517697932 off 0.05973235081584252 neg 0.05789779741436429	false	0.5
lachnummer	off 1.0		__DUMMY__ 0.8818912416933193 neg 0.06364910363032157 off 0.05445965467635904	false	0.5
oder			__DUMMY__ 0.8861244497041869 neg 0.05943905875209237 off 0.05443649154372071	false	0.0
verfall	neg 1.0		__DUMMY__ 0.8863498423575954 neg 0.06787074791875504 off 0.04577940972364967	false	1.0
ausgrenzung	neg 1.0		__DUMMY__ 0.8786002315586703 neg 0.06548476134676454 off 0.05591500709456525	false	1.0
unordnung	neg 1.0		__DUMMY__ 0.8840678630615036 off 0.05908759678900012 neg 0.05684454014949617	false	0.5
fehlverhalten	neg 1.0		__DUMMY__ 0.8834627520194644 neg 0.06612660313269535 off 0.050410644847840226	false	1.0
eine			__DUMMY__ 0.8859872169331998 neg 0.06444422138535998 off 0.04956856168144019	false	0.0
nille	neg 1.0		__DUMMY__ 0.8841500896358044 neg 0.06244222583722861 off 0.05340768452696693	false	1.0
qual	neg 1.0		__DUMMY__ 0.884213495170972 neg 0.06221603470225719 off 0.05357047012677077	false	1.0
verschwenden	neg 1.0		__DUMMY__ 0.8832146843707657 neg 0.06506886237004209 off 0.051716453259192184	false	1.0
riesig	neg 1.0	neg 1.0	neg 0.5161634782514833 __DUMMY__ 0.4450625616288909 off 0.038773960119625715	false	1.0
verurteilen	neg 1.0		__DUMMY__ 0.88166918584202 neg 0.06573879478489199 off 0.052592019373088	false	1.0
klischee	neg 1.0	neg 1.0	neg 0.5181017558176666 __DUMMY__ 0.4380658596853729 off 0.04383238449696046	false	1.0
diktatorisch	neg 1.0		__DUMMY__ 0.8771799262553797 neg 0.0669942447849955 off 0.05582582895962487	false	1.0
vorhersehbar	neg 1.0	neg 1.0	neg 0.5174228684585103 __DUMMY__ 0.43916267109081136 off 0.0434144604506784	false	1.0
sowie			__DUMMY__ 0.8765695841361745 off 0.0641279537260613 neg 0.059302462137764266	false	0.0
stornieren	neg 1.0		__DUMMY__ 0.8898729744479209 neg 0.05531197558529306 off 0.054815049966786086	false	1.0
besteuerung	neg 1.0		__DUMMY__ 0.8795714055107723 neg 0.06571761367618763 off 0.054710980813040065	false	1.0
ungeschminkt	neg 1.0		__DUMMY__ 0.8798417162848532 neg 0.060519263297876616 off 0.05963902041727026	false	1.0
kritisch	neg 1.0		__DUMMY__ 0.8831450970283413 neg 0.06552510590229278 off 0.0513297970693659	false	1.0
schlamperei	off 1.0		__DUMMY__ 0.8833662635511133 neg 0.06626283516962873 off 0.05037090127925802	false	0.5
sucht	neg 1.0	neg 1.0	neg 0.5155010146533029 __DUMMY__ 0.44369846652034867 off 0.04080051882634838	false	1.0
egoistisch	off 1.0		__DUMMY__ 0.8775766020843963 off 0.06458400286060366 neg 0.057839395055000103	false	1.0
ausbeuter	off 1.0		__DUMMY__ 0.8818012300541833 neg 0.067928976163644 off 0.0502697937821727	false	0.5
arschgeburt	off 1.0		__DUMMY__ 0.8704555835976742 off 0.07227257531414573 neg 0.057271841088180134	false	1.0
schubs	neg 1.0	neg 1.0	neg 0.5151967854602443 __DUMMY__ 0.44547007823098766 off 0.03933313630876807	false	1.0
unsolide	neg 1.0		__DUMMY__ 0.8742441341287255 neg 0.06957781874675031 off 0.05617804712452423	false	1.0
beschwerde	neg 1.0		__DUMMY__ 0.8834690592934008 neg 0.06606491670348484 off 0.05046602400311439	false	1.0
stocken	neg 1.0		__DUMMY__ 0.8843334943868084 neg 0.06468717593308973 off 0.05097932968010184	false	1.0
isolieren	neg 1.0		__DUMMY__ 0.8825937260922456 neg 0.06543702549645616 off 0.05196924841129819	false	1.0
unheilbar	neg 1.0		__DUMMY__ 0.8836760400044339 neg 0.06144024449373871 off 0.054883715501827496	false	1.0
pisser	off 1.0		__DUMMY__ 0.8804398788789862 off 0.06086458870565575 neg 0.05869553241535799	false	1.0
löschen	neg 1.0		__DUMMY__ 0.8833334464171072 neg 0.062477861051647085 off 0.05418869253124575	false	1.0
durchfallen	neg 1.0		__DUMMY__ 0.8817136126623657 neg 0.0658429484845378 off 0.05244343885309646	false	1.0
wichser	off 1.0		__DUMMY__ 0.8751791214925054 off 0.06885795388161609 neg 0.05596292462587861	false	1.0
terror	neg 1.0		__DUMMY__ 0.8847218094664863 neg 0.05870959516173413 off 0.056568595371779586	false	1.0
krass	neg 1.0		__DUMMY__ 0.8790755655206397 off 0.06255723224231004 neg 0.05836720223705024	false	0.5
revolte	neg 1.0		__DUMMY__ 0.8791111832999361 neg 0.06448403503949561 off 0.0564047816605682	false	1.0
besorgt	neg 1.0		__DUMMY__ 0.8874199822483838 neg 0.06013129921834135 off 0.05244871853327476	false	1.0
nachlassen	neg 1.0		__DUMMY__ 0.8844598772958363 neg 0.06518868687428571 off 0.05035143582987806	false	1.0
alt	neg 1.0		__DUMMY__ 0.8856448859553351 neg 0.0633911104320775 off 0.050964003612587495	false	1.0
hundesohn	off 1.0		__DUMMY__ 0.8736833253813335 off 0.06776490127245642 neg 0.05855177334621012	false	1.0
als			__DUMMY__ 0.8867337840315881 neg 0.06055795539100403 off 0.05270826057740794	false	0.0
abschreckung	neg 1.0		__DUMMY__ 0.8848722276138543 neg 0.06606086749334068 off 0.04906690489280503	false	1.0
unqualifiziert	neg 1.0		__DUMMY__ 0.8773563067596624 neg 0.06506700285106223 off 0.05757669038927549	false	1.0
abgewichst	off 1.0		__DUMMY__ 0.884670951849094 neg 0.06260840630246398 off 0.05272064184844214	false	0.5
schwer	neg 1.0		__DUMMY__ 0.8839376149012563 neg 0.06174417635286305 off 0.054318208745880545	false	1.0
bedeutungslosigkeit	neg 1.0		__DUMMY__ 0.8842125342443963 neg 0.0658973028825735 off 0.049890162873030094	false	1.0
kapitulation	neg 1.0		__DUMMY__ 0.8803873782560109 neg 0.06845909323199487 off 0.051153528511994374	false	1.0
unscharf	neg 1.0		__DUMMY__ 0.8833560222397783 neg 0.060647198630775785 off 0.05599677912944598	false	1.0
schwinden	neg 1.0		__DUMMY__ 0.8841855755261946 neg 0.06615588826455561 off 0.04965853620924975	false	1.0
versklavung	neg 1.0		__DUMMY__ 0.8767727567669811 neg 0.06786457703098973 off 0.05536266620202913	false	1.0
schlecht	neg 1.0		__DUMMY__ 0.8824484437830427 off 0.05988108439440636 neg 0.05767047182255103	false	0.5
verhasst	neg 1.0		__DUMMY__ 0.8813586397036651 neg 0.06320344236617843 off 0.05543791793015635	false	1.0
beschweren	neg 1.0		__DUMMY__ 0.8825502743829263 neg 0.0613328872656693 off 0.05611683835140437	false	1.0
scheiden	neg 1.0		__DUMMY__ 0.8904720523983501 neg 0.05525757614752751 off 0.054270371454122335	false	1.0
frustriert	neg 1.0		__DUMMY__ 0.8843622494506497 neg 0.06221323721302115 off 0.053424513336329096	false	1.0
schimmelig	neg 1.0		__DUMMY__ 0.8874050007491197 neg 0.062354462535331785 off 0.05024053671554862	false	1.0
fisch	neg 1.0		__DUMMY__ 0.8927420566531018 neg 0.05818140018826383 off 0.049076543158634314	false	1.0
schmuggel	neg 1.0		__DUMMY__ 0.8886718068444314 neg 0.061700312128874044 off 0.0496278810266945	false	1.0
auffallen	neg 1.0		__DUMMY__ 0.8832742312312157 neg 0.06003325063417187 off 0.05669251813461235	false	1.0
konkurrenz	neg 1.0	neg 1.0	neg 0.5182540494627171 __DUMMY__ 0.4446643494298085 off 0.037081601107474216	false	1.0
teufelskreis	neg 1.0	neg 1.0	neg 0.5189032746833431 __DUMMY__ 0.4402491125984787 off 0.04084761271817808	false	1.0
aufschreien	neg 1.0		__DUMMY__ 0.8807194126562784 neg 0.06268014718526195 off 0.05660044015845977	false	1.0
schuldner	neg 1.0		__DUMMY__ 0.8851408487559033 neg 0.06495824218008338 off 0.04990090906401341	false	1.0
missgeburt	off 1.0	off 1.0	off 0.5186650048315011 __DUMMY__ 0.43701990141858815 neg 0.044315093749910765	false	1.0
arbeitslos	neg 1.0		__DUMMY__ 0.8819630006438914 neg 0.06530243024678563 off 0.05273456910932294	false	1.0
befallen	neg 1.0		__DUMMY__ 0.8800707841843909 neg 0.06712893052706571 off 0.05280028528854341	false	1.0
miesepetrig	off 1.0	off 1.0	off 0.515114640004041 __DUMMY__ 0.4408348028029287 neg 0.044050557193030325	false	1.0
alarmieren	neg 1.0		__DUMMY__ 0.8787549483926707 neg 0.06263881669943211 off 0.058606234907897146	false	1.0
ungeduscht	off 1.0		__DUMMY__ 0.8843218563751236 neg 0.05854819234534564 off 0.057129951279530765	false	0.5
knappheit	neg 1.0		__DUMMY__ 0.8813001769261304 neg 0.06768516806894552 off 0.051014655004924116	false	1.0
schlange	neg 1.0		__DUMMY__ 0.8870832788119182 neg 0.05703097641868793 off 0.055885744769394	false	1.0
harsch	neg 1.0		__DUMMY__ 0.88189580979641 off 0.06329441505518171 neg 0.05480977514840832	false	0.5
lang	neg 1.0		__DUMMY__ 0.8835792095631131 neg 0.06183468100114219 off 0.05458610943574467	false	1.0
ziellos	neg 1.0		__DUMMY__ 0.8867431692683672 neg 0.0611120141926457 off 0.0521448165389872	false	1.0
selbstverliebt	neg 1.0		__DUMMY__ 0.8714197445737362 off 0.06976616488447172 neg 0.05881409054179216	false	0.5
beseitigen	neg 1.0	neg 1.0	neg 0.5150766602867897 __DUMMY__ 0.4444538198387633 off 0.04046951987444698	false	1.0
dumm	off 1.0		__DUMMY__ 0.8762552057447364 off 0.06543503764839562 neg 0.05830975660686801	false	1.0
arbeitsloser	neg 1.0		__DUMMY__ 0.8851350432430736 neg 0.06285374354666151 off 0.052011213210264896	false	1.0
blitzen	neg 1.0		__DUMMY__ 0.8819314951840128 neg 0.06084365538228468 off 0.057224849433702624	false	1.0
hilflos	neg 1.0		__DUMMY__ 0.8841496454617513 neg 0.06293052629375488 off 0.052919828244493775	false	1.0
eklig	off 1.0		__DUMMY__ 0.8764431605613178 off 0.06592852146034886 neg 0.05762831797833338	false	1.0
begriff			__DUMMY__ 0.8817676402926433 neg 0.06487010766116542 off 0.05336225204619118	false	0.0
hungersnot	neg 1.0		__DUMMY__ 0.8839409564385878 neg 0.06328946241987873 off 0.05276958114153337	false	1.0
ungesetzlich	neg 1.0		__DUMMY__ 0.8747237989044215 neg 0.06866913130085649 off 0.05660706979472191	false	1.0
verschwendung	neg 1.0		__DUMMY__ 0.8841396349625089 neg 0.0651828758025749 off 0.05067748923491613	false	1.0
schmerzvoll	neg 1.0		__DUMMY__ 0.8830999759042487 neg 0.060888956821061706 off 0.0560110672746895	false	1.0
vorzeitig	neg 1.0		__DUMMY__ 0.8844520080554983 neg 0.058484019822175964 off 0.05706397212232577	false	1.0
unvollkommenheit	neg 1.0		__DUMMY__ 0.8884919564268229 neg 0.059587078361028306 off 0.05192096521214885	false	1.0
intervenieren	neg 1.0		__DUMMY__ 0.8819469624984196 neg 0.06750121462888177 off 0.0505518228726986	false	1.0
banause	off 1.0		__DUMMY__ 0.8741284344036704 off 0.06780242103389739 neg 0.05806914456243219	false	1.0
rebell	neg 1.0		__DUMMY__ 0.8873320083903067 neg 0.06538550081710978 off 0.047282490792583454	false	1.0
unlogisch	neg 1.0		__DUMMY__ 0.8791512584238772 off 0.06211230290710151 neg 0.05873643866902134	false	0.5
leiden	neg 1.0		__DUMMY__ 0.8921352858854693 neg 0.05811080345473318 off 0.04975391065979757	false	1.0
abschaffung	neg 1.0		__DUMMY__ 0.8803897339643545 neg 0.06478121828585491 off 0.0548290477497905	false	1.0
sturz	neg 1.0		__DUMMY__ 0.8854208266159754 neg 0.06035704765161488 off 0.054222125732409684	false	1.0
verkleinerung	neg 1.0		__DUMMY__ 0.8781103135877099 neg 0.06478116173364669 off 0.05710852467864351	false	1.0
schmarotzer	off 1.0		__DUMMY__ 0.8809171293311874 neg 0.0664758499202298 off 0.052607020748582825	false	0.5
bestrafung	neg 1.0		__DUMMY__ 0.8815499830126046 neg 0.06272520949708764 off 0.0557248074903078	false	1.0
achtlos	neg 1.0		__DUMMY__ 0.8854433083899281 neg 0.06036433442049289 off 0.05419235718957892	false	1.0
ungeheuer	neg 1.0		__DUMMY__ 0.8843644448989344 neg 0.058556889267944 off 0.05707866583312166	false	1.0
unaufrichtig	neg 1.0		__DUMMY__ 0.8781521747213784 neg 0.0654100621694799 off 0.056437763109141635	false	1.0
