unsolidarisch	neg 1.0		__DUMMY__ 0.921783477849899 neg 0.04449194590936395 off 0.03372457624073705	false	1.0
nachteilig	neg 1.0		__DUMMY__ 0.9285596180507121 neg 0.041037436219872554 off 0.030402945729415345	false	1.0
skeptisch	neg 1.0		__DUMMY__ 0.9294694172142643 neg 0.04058618731825573 off 0.02994439546747988	false	1.0
schrecklich	neg 1.0		__DUMMY__ 0.9249955693598362 off 0.040377805109461824 neg 0.03462662553070196	false	0.5
schlapp	neg 1.0		__DUMMY__ 0.928085929539855 off 0.03668698075535672 neg 0.035227089704788196	false	0.5
abfall	neg 1.0		__DUMMY__ 0.9300293944521982 neg 0.04204911941938394 off 0.027921486128417838	false	1.0
widerspenstig	neg 1.0		__DUMMY__ 0.9282401327599412 neg 0.03865831966166146 off 0.033101547578397235	false	1.0
abrupt	neg 1.0		__DUMMY__ 0.9326491901637372 neg 0.037537185380585834 off 0.029813624455677094	false	1.0
unwirksam	neg 1.0		__DUMMY__ 0.9248525668199874 neg 0.0419016624587278 off 0.03324577072128489	false	1.0
angreifen	neg 1.0	neg 1.0	neg 0.5075968631848999 __DUMMY__ 0.4648762639799059 off 0.027526872835194106	false	1.0
inkonsistent	neg 1.0		__DUMMY__ 0.9287527822764602 neg 0.03757962333994468 off 0.033667594383595144	false	1.0
abrutschen	neg 1.0		__DUMMY__ 0.9303511265320864 neg 0.04145492127197888 off 0.02819395219593475	false	1.0
unsicher	neg 1.0		__DUMMY__ 0.9289662707335175 neg 0.0374929689922489 off 0.033540760274233555	false	1.0
bauernkind	off 1.0	off 1.0	off 0.5063237481096083 __DUMMY__ 0.45902312257355166 neg 0.034653129316840045	false	1.0
angreifer	neg 1.0		__DUMMY__ 0.9297073557688428 neg 0.035862645445628324 off 0.03442999878552879	false	1.0
trennen	neg 1.0		__DUMMY__ 0.9339324112228767 neg 0.03578278280157521 off 0.03028480597554807	false	1.0
schmutz	neg 1.0		__DUMMY__ 0.9335263454900184 off 0.034182970890350946 neg 0.03229068361963062	false	0.5
inkonsistenz	neg 1.0		__DUMMY__ 0.923999630854469 neg 0.03934734497963173 off 0.03665302416589927	false	1.0
erschreckend	neg 1.0		__DUMMY__ 0.9272627233748729 neg 0.03990376555206634 off 0.03283351107306068	false	1.0
ertrinken	neg 1.0		__DUMMY__ 0.9306040435414694 neg 0.038496216079271575 off 0.03089974037925899	false	1.0
pickelface	off 1.0		__DUMMY__ 0.9286164749985363 neg 0.03949004021504434 off 0.03189348478641936	false	0.5
seiner			__DUMMY__ 0.9307398870258142 neg 0.03907768568492624 off 0.030182427289259545	false	0.0
lauch	neg 1.0		__DUMMY__ 0.9292638123293466 neg 0.04274545642763087 off 0.027990731243022524	false	1.0
unwichtig	neg 1.0		__DUMMY__ 0.9254631885887271 neg 0.03753488373490913 off 0.03700192767636369	false	1.0
steuerhinterziehung	neg 1.0		__DUMMY__ 0.9260248578966465 neg 0.041595212971296064 off 0.03237992913205755	false	1.0
schock	neg 1.0		__DUMMY__ 0.9316716260210578 neg 0.03562403131585133 off 0.03270434266309085	false	1.0
beule	neg 1.0		__DUMMY__ 0.9286839117843898 off 0.03678992954488898 neg 0.03452615867072118	false	0.5
vergelten	neg 1.0		__DUMMY__ 0.9284533108563896 off 0.03950192271599752 neg 0.03204476642761289	false	0.5
verdorbenheit	neg 1.0		__DUMMY__ 0.9305796124845791 neg 0.036873902878061415 off 0.032546484637359555	false	1.0
trauma	neg 1.0		__DUMMY__ 0.9276457481017422 neg 0.03821368777355682 off 0.03414056412470105	false	1.0
sinnlos	neg 1.0		__DUMMY__ 0.9284452477641667 neg 0.03637582228110108 off 0.03517892995473232	false	1.0
fettsack	off 1.0	off 1.0	off 0.5076009817597542 __DUMMY__ 0.4606554621418006 neg 0.03174355609844531	false	1.0
feige	off 1.0	off 1.0	off 0.5042879571200632 __DUMMY__ 0.4605218770823223 neg 0.035190165797614456	false	1.0
abdanken	neg 1.0		__DUMMY__ 0.9263465364663261 neg 0.040456460495428295 off 0.033197003038245625	false	1.0
wichtigtuer	off 1.0	off 1.0	off 0.5022534649222378 __DUMMY__ 0.46217680286767515 neg 0.03556973221008696	false	1.0
misslingen	neg 1.0		__DUMMY__ 0.932954804650672 off 0.03371852109586086 neg 0.03332667425346705	false	0.5
untreu	off 1.0		__DUMMY__ 0.9244291929900375 off 0.03786935429050085 neg 0.037701452719461626	false	1.0
missmutig	neg 1.0		__DUMMY__ 0.9262634555023548 off 0.03688017002475589 neg 0.03685637447288935	false	0.5
hurenbock	off 1.0		__DUMMY__ 0.9297969695101863 neg 0.03614777445549536 off 0.034055256034318256	false	0.5
betrunken	neg 1.0		__DUMMY__ 0.9282847054547066 off 0.03858142247526283 neg 0.03313387207003049	false	0.5
korrupt	off 1.0		__DUMMY__ 0.9236523125835011 neg 0.04430287469077065 off 0.032044812725728275	false	0.5
unmut	neg 1.0		__DUMMY__ 0.9299493471200135 neg 0.041873625305506534 off 0.028177027574479922	false	1.0
hackfresse	off 1.0		__DUMMY__ 0.9221955662778555 off 0.042891254507944294 neg 0.03491317921420026	false	1.0
aufblasen	neg 1.0		__DUMMY__ 0.9299761926127563 neg 0.035809199037478714 off 0.034214608349764905	false	1.0
gewaltsam	neg 1.0		__DUMMY__ 0.9288663667819512 neg 0.038342048573445926 off 0.03279158464460279	false	1.0
unbeliebtheit	neg 1.0		__DUMMY__ 0.9200920306327175 neg 0.043009926786874667 off 0.036898042580407873	false	1.0
sturheit	neg 1.0		__DUMMY__ 0.9265412423860837 neg 0.04049872597537479 off 0.032960031638541484	false	1.0
kuh	neg 1.0		__DUMMY__ 0.9268404672425496 neg 0.03988609229047409 off 0.033273440466976174	false	1.0
erschrecken	neg 1.0		__DUMMY__ 0.9274960614942497 off 0.0363936858390114 neg 0.03611025266673882	false	0.5
opfer	neg 1.0		__DUMMY__ 0.9296440928098051 neg 0.03925922290266579 off 0.0310966842875291	false	1.0
sinken	neg 1.0		__DUMMY__ 0.931126106272832 neg 0.04048178582229421 off 0.028392107904873894	false	1.0
stinktier	neg 1.0		__DUMMY__ 0.9231759893915766 off 0.040716049088360316 neg 0.03610796152006299	false	0.5
tucke	off 1.0		__DUMMY__ 0.9186707436923162 off 0.04315270524384677 neg 0.03817655106383706	false	1.0
ein			__DUMMY__ 0.9304055423244371 neg 0.03593053410677907 off 0.03366392356878394	false	0.0
abstieg	neg 1.0		__DUMMY__ 0.9323785503309288 neg 0.03724439412888821 off 0.03037705554018297	false	1.0
missverstehen	neg 1.0		__DUMMY__ 0.9254776637503946 neg 0.03905381622665563 off 0.03546852002294973	false	1.0
ergebnislos	neg 1.0		__DUMMY__ 0.9297511838149708 neg 0.03986130030684007 off 0.030387515878189074	false	1.0
unter			__DUMMY__ 0.9373400156340747 neg 0.03803469230414382 off 0.024625292061781545	false	0.0
manipulieren	neg 1.0		__DUMMY__ 0.9285512370622362 neg 0.04138436740617507 off 0.030064395531588697	false	1.0
unbewiesen	neg 1.0		__DUMMY__ 0.9208414370335571 neg 0.04516555104131977 off 0.03399301192512308	false	1.0
verschleppen	neg 1.0		__DUMMY__ 0.9286747403823176 neg 0.039692657536253007 off 0.03163260208142935	false	1.0
weib	off 1.0		__DUMMY__ 0.9221651649965311 off 0.042874770120772884 neg 0.034960064882696026	false	1.0
opposition	neg 1.0		__DUMMY__ 0.9256510628738435 neg 0.03984179577426033 off 0.03450714135189628	false	1.0
verkehrswidrig	neg 1.0	neg 1.0	neg 0.49538447640906536 __DUMMY__ 0.46906393434711763 off 0.03555158924381701	false	1.0
inkorrekt	neg 1.0		__DUMMY__ 0.9211721610243012 neg 0.039832846866240876 off 0.03899499210945784	false	1.0
vermeiden	neg 1.0		__DUMMY__ 0.933198742123403 neg 0.04056150290364472 off 0.0262397549729522	false	1.0
abweichung	neg 1.0		__DUMMY__ 0.9293383391602212 neg 0.040045342256837216 off 0.03061631858294154	false	1.0
alkoholisiert	neg 1.0		__DUMMY__ 0.9368651147889272 neg 0.03401155220681747 off 0.029123333004255323	false	1.0
scheiss	off 1.0	off 1.0	off 0.5036401996078029 __DUMMY__ 0.464164625721673 neg 0.032195174670524095	false	1.0
herausforderung	neg 1.0	neg 1.0	neg 0.5001807816903806 __DUMMY__ 0.47270998765491545 off 0.027109230654703963	false	1.0
pervers	off 1.0		__DUMMY__ 0.9211082105863515 off 0.04520842136204751 neg 0.03368336805160095	false	1.0
wackelig	neg 1.0		__DUMMY__ 0.933510029901213 neg 0.03526173069810078 off 0.031228239400686243	false	1.0
verwickeln	neg 1.0		__DUMMY__ 0.9251515886863344 neg 0.039409156519344374 off 0.03543925479432122	false	1.0
vorwand	neg 1.0		__DUMMY__ 0.9294932217215431 neg 0.04107166936626455 off 0.029435108912192365	false	1.0
muschi	off 1.0		__DUMMY__ 0.9287676231788317 neg 0.03892636635029265 off 0.0323060104708758	false	0.5
entmutigung	neg 1.0		__DUMMY__ 0.9245125928467763 neg 0.04066219106866241 off 0.03482521608456117	false	1.0
unangemessen	neg 1.0		__DUMMY__ 0.9269721965493753 neg 0.040739381234830625 off 0.03228842221579396	false	1.0
unstetig	neg 1.0		__DUMMY__ 0.9305763542726803 neg 0.03573982757169519 off 0.033683818155624545	false	1.0
entmutigen	neg 1.0		__DUMMY__ 0.9276723092446415 neg 0.03787784731549313 off 0.03444984343986532	false	1.0
schwanz	neg 1.0		__DUMMY__ 0.9308988326905565 neg 0.039345606910647576 off 0.029755560398795844	false	1.0
verbot	neg 1.0		__DUMMY__ 0.9264429656170612 neg 0.04176265203762808 off 0.03179438234531071	false	1.0
leid	neg 1.0		__DUMMY__ 0.9245752219518972 off 0.04108713039849698 neg 0.034337647649605854	false	0.5
archaisch	neg 1.0		__DUMMY__ 0.9283508745727816 neg 0.03968611201782834 off 0.031963013409389986	false	1.0
gegen			__DUMMY__ 0.932062419707196 neg 0.038839972123413335 off 0.02909760816939062	false	0.0
scheidung	neg 1.0		__DUMMY__ 0.921401827625144 off 0.04806976831843837 neg 0.030528404056417588	false	0.5
einschlag	neg 1.0	neg 1.0	neg 0.5005392297780603 __DUMMY__ 0.46376410128450657 off 0.035696668937433035	false	1.0
m			__DUMMY__ 0.9307658154087926 neg 0.037615541291507244 off 0.03161864329970028	false	0.0
abgestanden	neg 1.0		__DUMMY__ 0.930786383940654 neg 0.036097451376503664 off 0.03311616468284237	false	1.0
schmierig	off 1.0		__DUMMY__ 0.924928248742802 off 0.040758402134428516 neg 0.03431334912276951	false	1.0
unpraktisch	neg 1.0		__DUMMY__ 0.9313697068175859 neg 0.03489043677620854 off 0.033739856406205575	false	1.0
wixxer	off 1.0		__DUMMY__ 0.9205219181677526 off 0.045053108239812734 neg 0.03442497359243471	false	1.0
bezeichnet			__DUMMY__ 0.9270293237912812 neg 0.03971355933183096 off 0.03325711687688781	false	0.0
jammerlappen	off 1.0		__DUMMY__ 0.9256239267968581 neg 0.03726677121748992 off 0.03710930198565206	false	0.5
farce	neg 1.0		__DUMMY__ 0.9255435151087652 neg 0.042130264343467276 off 0.03232622054776746	false	1.0
zwecklos	neg 1.0		__DUMMY__ 0.9270404973516063 neg 0.04075148221497504 off 0.03220802043341864	false	1.0
turbulent	neg 1.0		__DUMMY__ 0.9250667883072403 neg 0.03766018271125826 off 0.037273028981501415	false	1.0
invasion	neg 1.0		__DUMMY__ 0.9285543458352187 neg 0.03627131454033446 off 0.035174339624446896	false	1.0
schuld	neg 1.0		__DUMMY__ 0.927173698215118 neg 0.03860170324072644 off 0.03422459854415571	false	1.0
risiko	neg 1.0		__DUMMY__ 0.9299478959812947 neg 0.03649867514009227 off 0.033553428878613054	false	1.0
finster	neg 1.0		__DUMMY__ 0.9295484509075418 neg 0.03696707571541069 off 0.03348447337704758	false	1.0
geisteskrank	off 1.0		__DUMMY__ 0.923225498134007 off 0.038457577522593746 neg 0.038316924343399186	false	1.0
zusammenbrechen	neg 1.0		__DUMMY__ 0.9295215163921796 neg 0.038013463976689664 off 0.03246501963113073	false	1.0
ausbeute	neg 1.0		__DUMMY__ 0.9345785119532544 neg 0.03596760472692369 off 0.029453883319821912	false	1.0
hinterhalt	neg 1.0		__DUMMY__ 0.931825949654708 neg 0.03644676635850258 off 0.03172728398678941	false	1.0
kritik	neg 1.0		__DUMMY__ 0.9259116901459498 neg 0.04186210108028288 off 0.03222620877376741	false	1.0
einschrumpfen	neg 1.0		__DUMMY__ 0.9241454246231786 neg 0.040178360284752884 off 0.03567621509206851	false	1.0
riskant	neg 1.0		__DUMMY__ 0.9281792741591065 neg 0.040861816013886956 off 0.030958909827006574	false	1.0
frustrieren	neg 1.0		__DUMMY__ 0.9289893470992368 neg 0.03997675836738533 off 0.03103389453337794	false	1.0
groll	neg 1.0		__DUMMY__ 0.9284697137985726 neg 0.039540029803969284 off 0.03199025639745817	false	1.0
gibt			__DUMMY__ 0.9287501939471131 neg 0.03894088812411186 off 0.032308917928775056	false	0.0
qualvoll	neg 1.0		__DUMMY__ 0.9283537767796098 neg 0.03590501844360165 off 0.03574120477678844	false	1.0
wackeln	neg 1.0	neg 1.0	neg 0.5017384979627353 __DUMMY__ 0.4675387762614864 off 0.03072272577577839	false	1.0
klagen	neg 1.0		__DUMMY__ 0.9307531850801155 neg 0.04073862524574114 off 0.028508189674143373	false	1.0
bankrott	neg 1.0		__DUMMY__ 0.9274376576920926 neg 0.03650925499318192 off 0.036053087314725445	false	1.0
trauern	neg 1.0		__DUMMY__ 0.9312105308750406 neg 0.03792987545952796 off 0.030859593665431558	false	1.0
ablehnung	neg 1.0		__DUMMY__ 0.9261429852379072 neg 0.04154359128698143 off 0.032313423475111375	false	1.0
stur	neg 1.0		__DUMMY__ 0.9265363534714937 neg 0.03880621930601256 off 0.03465742722249376	false	1.0
aufruhr	neg 1.0		__DUMMY__ 0.9288522461064144 neg 0.03833398261970428 off 0.0328137712738814	false	1.0
melancholie	neg 1.0		__DUMMY__ 0.9313280254733142 neg 0.037498713048764475 off 0.031173261477921304	false	1.0
ist			__DUMMY__ 0.9279970952934872 neg 0.03724919411114931 off 0.03475371059536351	false	0.0
torheit	neg 1.0		__DUMMY__ 0.9249393916415937 neg 0.04080749835990614 off 0.03425310999850017	false	1.0
dreckskind	off 1.0		__DUMMY__ 0.9223417705812262 off 0.04179930319968544 neg 0.03585892621908835	false	1.0
umtauschen	neg 1.0		__DUMMY__ 0.9302419773667367 neg 0.03720977413004122 off 0.032548248503222015	false	1.0
zum			__DUMMY__ 0.938430444606517 neg 0.03534302387466364 off 0.026226531518819374	false	0.0
zersetzen	neg 1.0		__DUMMY__ 0.9273676710210165 neg 0.04267604239239001 off 0.029956286586593505	false	1.0
zur			__DUMMY__ 0.9347850961035271 neg 0.03914220971422533 off 0.026072694182247634	false	0.0
frust	neg 1.0		__DUMMY__ 0.9296021082030593 neg 0.03797817686452268 off 0.032419714932417944	false	1.0
unerbittlichkeit	neg 1.0		__DUMMY__ 0.9282712419621778 neg 0.04168947006684362 off 0.03003928797097862	false	1.0
zwei			__DUMMY__ 0.9362125845964279 neg 0.035947158155900216 off 0.027840257247671887	false	0.0
unkorrekt	neg 1.0		__DUMMY__ 0.9213796248360048 neg 0.039340873265280366 off 0.03927950189871493	false	1.0
hexe	off 1.0		__DUMMY__ 0.9264406164002211 off 0.0372030288345592 neg 0.03635635476521967	false	1.0
lasch	neg 1.0		__DUMMY__ 0.9242745885763275 neg 0.03936894052675813 off 0.03635647089691438	false	1.0
rivale	neg 1.0		__DUMMY__ 0.9260654671858811 off 0.03886573787796496 neg 0.03506879493615401	false	0.5
mutlos	off 1.0	off 1.0	off 0.49827984756971355 __DUMMY__ 0.4629931837726719 neg 0.03872696865761456	false	1.0
wirr	off 1.0		__DUMMY__ 0.9217720733392484 off 0.03936256499661004 neg 0.03886536166414158	false	1.0
jahr			__DUMMY__ 0.9355328313816055 neg 0.035373183136853656 off 0.029093985481540845	false	0.0
wird			__DUMMY__ 0.9301917995967366 neg 0.03865846988494492 off 0.03114973051831846	false	0.0
strafbar	neg 1.0		__DUMMY__ 0.9277483657095675 neg 0.04112631280206011 off 0.031125321488372337	false	1.0
erosion	neg 1.0		__DUMMY__ 0.9295273209152747 neg 0.03679290554663642 off 0.03367977353808891	false	1.0
eingehen	neg 1.0		__DUMMY__ 0.926719234205792 neg 0.041517265914650256 off 0.0317634998795577	false	1.0
faul	off 1.0		__DUMMY__ 0.9286680112865883 off 0.03607249469945239 neg 0.03525949401395934	false	1.0
provisorium	neg 1.0		__DUMMY__ 0.9355610552697986 neg 0.04012466213407042 off 0.024314282596131	false	1.0
schmerzen	neg 1.0		__DUMMY__ 0.9293213205453412 neg 0.03783739413061188 off 0.03284128532404697	false	1.0
schrumpfen	neg 1.0		__DUMMY__ 0.9308031252006923 neg 0.04271929306441742 off 0.026477581734890294	false	1.0
geistlos	off 1.0		__DUMMY__ 0.921231310667147 neg 0.043037456985017354 off 0.035731232347835644	false	0.5
fehlkauf	neg 1.0		__DUMMY__ 0.9267495056610323 neg 0.0385485866875643 off 0.03470190765140342	false	1.0
frustrierend	neg 1.0		__DUMMY__ 0.9285070404498581 off 0.03635345922539011 neg 0.03513950032475178	false	0.5
unzufrieden	neg 1.0		__DUMMY__ 0.9273936654165857 neg 0.04046100058128058 off 0.03214533400213363	false	1.0
verzweifeln	neg 1.0		__DUMMY__ 0.9286427271586413 neg 0.038155612989991906 off 0.03320165985136682	false	1.0
verzweifelt	neg 1.0		__DUMMY__ 0.9268481809492719 neg 0.03846514078647471 off 0.03468667826425344	false	1.0
misstrauensantrag	neg 1.0		__DUMMY__ 0.9264834853715262 neg 0.03857638610958007 off 0.034940128518893554	false	1.0
abfallen	neg 1.0		__DUMMY__ 0.9308331613488768 neg 0.0352098308668272 off 0.033957007784295896	false	1.0
fucker	off 1.0		__DUMMY__ 0.9241139722921762 off 0.038800587744141156 neg 0.03708543996368269	false	1.0
ungezogen	neg 1.0		__DUMMY__ 0.9230482796278677 off 0.04387707631724202 neg 0.03307464405489027	false	0.5
irrsinnig	neg 1.0	neg 1.0	neg 0.5054764877869966 __DUMMY__ 0.4631868578491705 off 0.031336654363832935	false	1.0
unfassbar	neg 1.0		__DUMMY__ 0.9255239634226581 off 0.037594971847757085 neg 0.03688106472958477	false	0.5
hart	neg 1.0		__DUMMY__ 0.9276097754343141 neg 0.03669500909617262 off 0.035695215469513285	false	1.0
widerlich	off 1.0		__DUMMY__ 0.9233143568757913 neg 0.03837009548646201 off 0.038315547637746666	false	0.5
fatal	neg 1.0		__DUMMY__ 0.9268992390940325 neg 0.038118710090210714 off 0.03498205081575685	false	1.0
bruch	neg 1.0		__DUMMY__ 0.9298654172627937 neg 0.041421538640676096 off 0.028713044096530138	false	1.0
aushungern	neg 1.0		__DUMMY__ 0.9253752139933481 neg 0.04154812805884483 off 0.03307665794780707	false	1.0
anspannung	neg 1.0	neg 1.0	neg 0.5027384893509633 __DUMMY__ 0.47304681317623615 off 0.02421469747280057	false	1.0
von			__DUMMY__ 0.9353523231675122 neg 0.03600038683627767 off 0.02864728999621025	false	0.0
kraftlos	neg 1.0		__DUMMY__ 0.9317034740336797 neg 0.03652453194870968 off 0.031771994017610564	false	1.0
vom			__DUMMY__ 0.9384694567761906 neg 0.03686939356362344 off 0.024661149660185885	false	0.0
grenzdebil	off 1.0		__DUMMY__ 0.925738751259746 off 0.03825096281600868 neg 0.036010285924245274	false	1.0
vor			__DUMMY__ 0.9316806648683552 neg 0.03896773238722779 off 0.02935160274441703	false	0.0
unterwerfen	neg 1.0		__DUMMY__ 0.9287988584135193 neg 0.04033892871981229 off 0.030862212866668393	false	1.0
versenkung	neg 1.0		__DUMMY__ 0.9290634887752909 neg 0.04016025694742873 off 0.030776254277280295	false	1.0
entziehen	neg 1.0		__DUMMY__ 0.9301383183677571 neg 0.040902971907494035 off 0.0289587097247489	false	1.0
finanzkrise	neg 1.0		__DUMMY__ 0.9253783936714131 neg 0.04185464516053305 off 0.032766961168053915	false	1.0
schimpfend	neg 1.0		__DUMMY__ 0.9314198485345965 neg 0.03494873424493912 off 0.03363141722046443	false	1.0
profan	neg 1.0		__DUMMY__ 0.9272870306129098 neg 0.03719511953443743 off 0.03551784985265269	false	1.0
korruption	neg 1.0	neg 1.0	neg 0.508441490663506 __DUMMY__ 0.4627359795344033 off 0.028822529802090765	false	1.0
â			__DUMMY__ 0.9302981890722745 neg 0.03887671943230659 off 0.030825091495418996	false	0.0
schmutzig	neg 1.0		__DUMMY__ 0.9264860800551131 off 0.03778890071745338 neg 0.03572501922743351	false	0.5
sexy	neg 1.0		__DUMMY__ 0.9269100703525184 neg 0.03709428302172357 off 0.03599564662575807	false	1.0
abraten	neg 1.0		__DUMMY__ 0.9279918140386861 neg 0.03730128205728302 off 0.03470690390403083	false	1.0
schwarz	neg 1.0		__DUMMY__ 0.926732426805898 neg 0.038760556866922896 off 0.0345070163271792	false	1.0
fotze	off 1.0		__DUMMY__ 0.929193000843341 neg 0.040130814059227034 off 0.030676185097431974	false	0.5
verwirren	neg 1.0		__DUMMY__ 0.9273176606612034 neg 0.036933281365128426 off 0.03574905797366814	false	1.0
zahnlos	off 1.0		__DUMMY__ 0.9272590188481182 neg 0.04057245220741383 off 0.03216852894446794	false	0.5
verheeren	neg 1.0		__DUMMY__ 0.9231747527483276 off 0.04483690730194093 neg 0.031988339949731444	false	0.5
hippie	neg 1.0		__DUMMY__ 0.926509277666273 neg 0.037780194533329946 off 0.03571052780039706	false	1.0
rammen	neg 1.0		__DUMMY__ 0.9282290742066037 neg 0.03828518721149251 off 0.03348573858190384	false	1.0
unlauter	neg 1.0		__DUMMY__ 0.9235622238144674 neg 0.04249035989803996 off 0.03394741628749264	false	1.0
unheilvoll	neg 1.0		__DUMMY__ 0.930464111807875 neg 0.03477501171433995 off 0.03476087647778503	false	1.0
niedrig	neg 1.0		__DUMMY__ 0.930868149425843 neg 0.039291839373676016 off 0.029840011200481017	false	1.0
explosion	neg 1.0		__DUMMY__ 0.926454718902503 neg 0.03835482206483434 off 0.03519045903266267	false	1.0
weichei	off 1.0		__DUMMY__ 0.9228789223015691 off 0.04171700358795305 neg 0.03540407411047791	false	1.0
minusmensch	off 1.0		__DUMMY__ 0.917536939390531 off 0.045084116144720326 neg 0.03737894446474873	false	1.0
farblos	neg 1.0		__DUMMY__ 0.9339460447290023 neg 0.03405490419890241 off 0.03199905107209519	false	1.0
unwissend	neg 1.0	neg 1.0	neg 0.5042779024812173 __DUMMY__ 0.46166508915360516 off 0.034057008365177575	false	1.0
traurig	neg 1.0		__DUMMY__ 0.9256803740613653 off 0.03963030246754641 neg 0.03468932347108831	false	0.5
senkung	neg 1.0		__DUMMY__ 0.9248586540153053 neg 0.03979622776500026 off 0.03534511821969448	false	1.0
ungleich	neg 1.0	neg 1.0	neg 0.5088038755653669 __DUMMY__ 0.46327268362385254 off 0.027923440810780555	false	1.0
heikel	neg 1.0		__DUMMY__ 0.9284430213893523 neg 0.04151599530524805 off 0.030040983305399553	false	1.0
drosselung	neg 1.0		__DUMMY__ 0.9266925020997683 off 0.037702450555807725 neg 0.03560504734442406	false	0.5
falsch	neg 1.0		__DUMMY__ 0.9269981320988179 neg 0.036510780595179974 off 0.03649108730600213	false	1.0
unzufriedenheit	neg 1.0		__DUMMY__ 0.9286015256237388 neg 0.041681944864749285 off 0.029716529511511935	false	1.0
kurz	neg 1.0		__DUMMY__ 0.9319386428407926 neg 0.0360626568594628 off 0.031998700299744574	false	1.0
unsinnig	neg 1.0		__DUMMY__ 0.9261051334475882 neg 0.04140508332754442 off 0.03248978322486735	false	1.0
penner	off 1.0	off 1.0	off 0.5094798402374325 __DUMMY__ 0.4591957773509225 neg 0.03132438241164498	false	1.0
seicht	neg 1.0		__DUMMY__ 0.9195083331765326 off 0.04415939816198129 neg 0.03633226866148615	false	0.5
dummheit	off 1.0	off 1.0	off 0.5024766449758498 __DUMMY__ 0.46161778673514975 neg 0.03590556828900054	false	1.0
unerfreulich	neg 1.0		__DUMMY__ 0.9306148923215286 neg 0.04019621771116794 off 0.0291888899673034	false	1.0
motherfucker	off 1.0	off 1.0	off 0.5054099673875547 __DUMMY__ 0.4602170293641296 neg 0.03437300324831579	false	1.0
pikiert	neg 1.0		__DUMMY__ 0.9233157448782113 neg 0.03915797445008581 off 0.03752628067170291	false	1.0
wrack	neg 1.0		__DUMMY__ 0.933834651181959 neg 0.03613565918752203 off 0.03002968963051911	false	1.0
gangster	neg 1.0		__DUMMY__ 0.9273682392021072 neg 0.03728732163486599 off 0.035344439163026785	false	1.0
krank	neg 1.0		__DUMMY__ 0.9272919579731894 off 0.038173399872103095 neg 0.0345346421547075	false	0.5
reich	neg 1.0		__DUMMY__ 0.9248859687366581 neg 0.03863155669273105 off 0.03648247457061093	false	1.0
gnadenlos	neg 1.0		__DUMMY__ 0.9276685396269767 neg 0.038083873012236855 off 0.03424758736078645	false	1.0
niedergeschlagen	neg 1.0		__DUMMY__ 0.9304682164252606 neg 0.03716254175791916 off 0.03236924181682024	false	1.0
terrorisieren	off 1.0	off 1.0	off 0.4984758177299402 __DUMMY__ 0.46523587430507163 neg 0.03628830796498815	false	1.0
sinnlosigkeit	neg 1.0		__DUMMY__ 0.9276027017778744 neg 0.040222731071421984 off 0.03217456715070355	false	1.0
behindern	neg 1.0		__DUMMY__ 0.9275082396802884 neg 0.03977513043578123 off 0.032716629883930336	false	1.0
undemokratisch	neg 1.0		__DUMMY__ 0.924833859372277 neg 0.04075341145652347 off 0.034412729171199585	false	1.0
wirtschaftskrise	neg 1.0		__DUMMY__ 0.9272870307800211 neg 0.04152797412235721 off 0.03118499509762171	false	1.0
neid	neg 1.0		__DUMMY__ 0.929307323730529 off 0.03669568758917693 neg 0.03399698868029401	false	0.5
rutschen	neg 1.0	neg 1.0	neg 0.5018569112579402 __DUMMY__ 0.4728916153652472 off 0.025251473376812574	false	1.0
rezession	neg 1.0		__DUMMY__ 0.9216210762257339 off 0.04050054122176537 neg 0.03787838255250065	false	0.5
fehlgeburt	neg 1.0		__DUMMY__ 0.9302566207193369 neg 0.035070074002521164 off 0.03467330527814188	false	1.0
charakterschwach	off 1.0		__DUMMY__ 0.925038541451257 off 0.03814169617398221 neg 0.036819762374760825	false	1.0
isolation	neg 1.0		__DUMMY__ 0.9284772259262091 off 0.03621437338365795 neg 0.035308400690133	false	0.5
ablenkung	neg 1.0		__DUMMY__ 0.9287131799117605 neg 0.03764013548983361 off 0.033646684598405904	false	1.0
pech	neg 1.0		__DUMMY__ 0.9286002269203609 off 0.03578228934111935 neg 0.03561748373851967	false	0.5
vermeidung	neg 1.0		__DUMMY__ 0.9242392560731828 off 0.038029540407705606 neg 0.03773120351911153	false	0.5
dominieren	neg 1.0		__DUMMY__ 0.9322190652279305 neg 0.03692001559010169 off 0.03086091918196784	false	1.0
schwindlig	neg 1.0		__DUMMY__ 0.9315197137042145 off 0.03466059809463559 neg 0.03381968820114992	false	0.5
lutscher	neg 1.0		__DUMMY__ 0.9205122920468802 off 0.04442008836622112 neg 0.03506761958689865	false	0.5
pflicht	neg 1.0		__DUMMY__ 0.9286748717380281 neg 0.04120902913805217 off 0.030116099123919833	false	1.0
faschist	off 1.0		__DUMMY__ 0.9236298573395242 neg 0.0403844579403719 off 0.03598568472010397	false	0.5
verschleudern	neg 1.0		__DUMMY__ 0.9246622397149339 neg 0.044668541316454945 off 0.03066921896861119	false	1.0
wenn			__DUMMY__ 0.9267068686489828 off 0.03669175508730305 neg 0.03660137626371417	false	0.0
ehebruch	neg 1.0		__DUMMY__ 0.9274646392025293 neg 0.04117383027597701 off 0.03136153052149365	false	1.0
spott	off 1.0		__DUMMY__ 0.9270494924029969 neg 0.04192374311943791 off 0.031026764477565204	false	0.5
trostlosigkeit	neg 1.0		__DUMMY__ 0.9301339757533068 neg 0.04084173348644176 off 0.029024290760251367	false	1.0
lutschen	neg 1.0		__DUMMY__ 0.9261386509714014 neg 0.03858558456941977 off 0.03527576445917884	false	1.0
undiszipliniert	neg 1.0		__DUMMY__ 0.9259043849464805 off 0.03894076496144143 neg 0.03515485009207806	false	0.5
kopfschmerz	neg 1.0		__DUMMY__ 0.9312096808112194 neg 0.03697866119342827 off 0.0318116579953524	false	1.0
unvorhergesehen	neg 1.0		__DUMMY__ 0.9346825731149625 neg 0.03514631945893907 off 0.03017110742609836	false	1.0
desinteressiert	neg 1.0		__DUMMY__ 0.9243493232096099 off 0.0389718855240164 neg 0.036678791266373585	false	0.5
armselig	off 1.0		__DUMMY__ 0.9216349949738915 off 0.0398416520903654 neg 0.0385233529357432	false	1.0
desaster	neg 1.0		__DUMMY__ 0.9295655095726175 neg 0.04208646588980173 off 0.02834802453758077	false	1.0
tod	neg 1.0		__DUMMY__ 0.9320571436164992 neg 0.037173532164165614 off 0.030769324219335207	false	1.0
herzlos	neg 1.0		__DUMMY__ 0.9235554920828666 off 0.04005613440677662 neg 0.03638837351035684	false	0.5
unwissenheit	neg 1.0		__DUMMY__ 0.925508355517456 neg 0.04241774140120549 off 0.03207390308133851	false	1.0
widersinnig	neg 1.0	neg 1.0	neg 0.5091235590916707 __DUMMY__ 0.46123543848975507 off 0.02964100241857417	false	1.0
bedenklich	neg 1.0		__DUMMY__ 0.9275484357389495 neg 0.041321024514428005 off 0.03113053974662246	false	1.0
beanstanden	neg 1.0		__DUMMY__ 0.9301101904873894 neg 0.04030271671169036 off 0.029587092800920235	false	1.0
panisch	neg 1.0	neg 1.0	neg 0.499686415543929 __DUMMY__ 0.46837481233214656 off 0.03193877212392447	false	1.0
debil	off 1.0		__DUMMY__ 0.932990948657567 neg 0.041494577726914755 off 0.025514473615518143	false	0.5
abstrich	neg 1.0		__DUMMY__ 0.929387184319052 neg 0.040435840830750226 off 0.030176974850197803	false	1.0
primitiv	neg 1.0		__DUMMY__ 0.923472334306656 off 0.03865649916916911 neg 0.03787116652417493	false	0.5
abschaum	off 1.0	off 1.0	off 0.5039662712936469 __DUMMY__ 0.46113087283816917 neg 0.034902855868183855	false	1.0
provozieren	neg 1.0		__DUMMY__ 0.9265545576287952 neg 0.03932161911818191 off 0.034123823253022725	false	1.0
tot	neg 1.0		__DUMMY__ 0.9305748488278368 neg 0.03926315310410113 off 0.030161998068062	false	1.0
instabil	neg 1.0		__DUMMY__ 0.9225968720666021 neg 0.03891338646193301 off 0.03848974147146486	false	1.0
schwuchtel	off 1.0		__DUMMY__ 0.9180863341896924 off 0.04807670646611632 neg 0.0338369593441912	false	1.0
zerren	neg 1.0		__DUMMY__ 0.9306533267618345 neg 0.036757488969486884 off 0.032589184268678614	false	1.0
kinderficker	off 1.0		__DUMMY__ 0.9204896590057888 off 0.04172010264043915 neg 0.03779023835377202	false	1.0
gefahr	neg 1.0		__DUMMY__ 0.930395103651477 neg 0.03977979247952524 off 0.02982510386899772	false	1.0
rabiat	neg 1.0		__DUMMY__ 0.9263984288359994 neg 0.03995763245492025 off 0.03364393870908041	false	1.0
verlangsamung	neg 1.0		__DUMMY__ 0.9209842892882418 off 0.04297664117371914 neg 0.03603906953803901	false	0.5
ausgestorben	neg 1.0		__DUMMY__ 0.9295449900299482 neg 0.03742494904032467 off 0.03303006092972714	false	1.0
anklagen	neg 1.0		__DUMMY__ 0.9275668529534259 neg 0.04001122605089176 off 0.03242192099568239	false	1.0
trott	neg 1.0		__DUMMY__ 0.9294298334926385 neg 0.037700097501968115 off 0.03287006900539327	false	1.0
verminderung	neg 1.0		__DUMMY__ 0.9240501573976609 off 0.03856159174864713 neg 0.037388250853692	false	0.5
nach			__DUMMY__ 0.9383772228877951 neg 0.03502644708151336 off 0.026596330030691423	false	0.0
rost	neg 1.0		__DUMMY__ 0.9217567433747916 off 0.04174840052271277 neg 0.0364948561024956	false	0.5
destruktiv	neg 1.0		__DUMMY__ 0.9248983033658801 neg 0.04171540190574276 off 0.03338629472837713	false	1.0
unzumutbarkeit	neg 1.0		__DUMMY__ 0.9287209070963643 off 0.03672416098551125 neg 0.034554931918124504	false	0.5
labil	off 1.0	off 1.0	off 0.5039433507810106 __DUMMY__ 0.46164988173855775 neg 0.034406767480431574	false	1.0
ziemlich	neg 1.0		__DUMMY__ 0.9273549593836312 off 0.03781389698530285 neg 0.03483114363106597	false	0.5
lachnummer	off 1.0		__DUMMY__ 0.9269238997917946 neg 0.0394095375766537 off 0.033666562631551815	false	0.5
oder			__DUMMY__ 0.9305661037319612 neg 0.036021744175051364 off 0.033412152092987396	false	0.0
verfall	neg 1.0		__DUMMY__ 0.9307854386863483 neg 0.04275773464823099 off 0.026456826665420742	false	1.0
ausgrenzung	neg 1.0		__DUMMY__ 0.9241513508676711 neg 0.04093269668267381 off 0.034915952449655015	false	1.0
unordnung	neg 1.0		__DUMMY__ 0.9288946518899747 off 0.037252704369479486 neg 0.033852643740545876	false	0.5
fehlverhalten	neg 1.0		__DUMMY__ 0.9282976099043463 neg 0.041357604796387955 off 0.030344785299265768	false	1.0
eine			__DUMMY__ 0.9303772448645107 neg 0.040089146895880085 off 0.029533608239609228	false	0.0
nille	neg 1.0		__DUMMY__ 0.9288873500161268 neg 0.03839356763807012 off 0.03271908234580316	false	1.0
qual	neg 1.0		__DUMMY__ 0.9289451726591057 neg 0.038283235714134285 off 0.03277159162675998	false	1.0
verschwenden	neg 1.0		__DUMMY__ 0.9280241581063925 neg 0.04064626418939015 off 0.031329577704217286	false	1.0
riesig	neg 1.0	neg 1.0	neg 0.5037020514756329 __DUMMY__ 0.4683450349078311 off 0.027952913616536044	false	1.0
verurteilen	neg 1.0		__DUMMY__ 0.9267831338051994 neg 0.0410712162548156 off 0.03214564993998506	false	1.0
klischee	neg 1.0	neg 1.0	neg 0.5058990132045323 __DUMMY__ 0.4609916546960298 off 0.03310933209943791	false	1.0
diktatorisch	neg 1.0		__DUMMY__ 0.9229181433763509 neg 0.04218423330817818 off 0.03489762331547086	false	1.0
vorhersehbar	neg 1.0	neg 1.0	neg 0.5051518300182277 __DUMMY__ 0.46214997517347495 off 0.032698194808297276	false	1.0
sowie			__DUMMY__ 0.9223747084607388 off 0.041525399310011715 neg 0.03609989222924956	false	0.0
stornieren	neg 1.0		__DUMMY__ 0.9338492206244636 off 0.03369683249219139 neg 0.0324539468833449	false	0.5
besteuerung	neg 1.0		__DUMMY__ 0.9249681132913975 neg 0.041274132697085616 off 0.033757754011516906	false	1.0
ungeschminkt	neg 1.0		__DUMMY__ 0.9252633490552198 off 0.03767187992484574 neg 0.03706477101993452	false	0.5
kritisch	neg 1.0		__DUMMY__ 0.9280210831345442 neg 0.04089915838134923 off 0.03107975848410658	false	1.0
schlamperei	off 1.0		__DUMMY__ 0.9282230129616176 neg 0.04146880827541807 off 0.03030817876296437	false	0.5
sucht	neg 1.0	neg 1.0	neg 0.503133315302502 __DUMMY__ 0.4669680860956819 off 0.029898598601816043	false	1.0
egoistisch	off 1.0		__DUMMY__ 0.9232841547126297 off 0.04185089099789793 neg 0.03486495428947228	false	1.0
ausbeuter	off 1.0		__DUMMY__ 0.9268773675931569 neg 0.0428690287652674 off 0.030253603641575713	false	0.5
arschgeburt	off 1.0		__DUMMY__ 0.9170746879895303 off 0.04838140513899736 neg 0.03454390687147234	false	1.0
schubs	neg 1.0	neg 1.0	neg 0.5028432248768928 __DUMMY__ 0.46876573275023664 off 0.028391042372870524	false	1.0
unsolide	neg 1.0		__DUMMY__ 0.9203030583186205 neg 0.044482308228557886 off 0.035214633452821734	false	1.0
beschwerde	neg 1.0		__DUMMY__ 0.9282993416092663 neg 0.041341736430139095 off 0.03035892196059461	false	1.0
stocken	neg 1.0		__DUMMY__ 0.9289917776383698 neg 0.04023883578373477 off 0.03076938657789548	false	1.0
isolieren	neg 1.0		__DUMMY__ 0.9275506686370212 neg 0.04084878354741256 off 0.03160054781556621	false	1.0
unheilbar	neg 1.0		__DUMMY__ 0.928468867716752 neg 0.03758102320508132 off 0.03395010907816676	false	1.0
pisser	off 1.0		__DUMMY__ 0.9257618090940523 off 0.03879356604298662 neg 0.035444624862961065	false	1.0
löschen	neg 1.0		__DUMMY__ 0.9281815227152866 neg 0.03850616371705024 off 0.03331231356766322	false	1.0
durchfallen	neg 1.0		__DUMMY__ 0.9267401362732743 neg 0.041271492178289355 off 0.03198837154843624	false	1.0
wichser	off 1.0		__DUMMY__ 0.9211963101182467 off 0.04537407750449764 neg 0.03342961237725576	false	1.0
terror	neg 1.0		__DUMMY__ 0.9293836012119935 neg 0.03545630282604491 off 0.03516009596196163	false	1.0
krass	neg 1.0		__DUMMY__ 0.9246048699938799 off 0.04006716930946054 neg 0.03532796069665955	false	0.5
revolte	neg 1.0		__DUMMY__ 0.9245309685614338 neg 0.04017332887006452 off 0.03529570256850164	false	1.0
besorgt	neg 1.0		__DUMMY__ 0.9316542240536336 neg 0.03648838047033544 off 0.031857395476030906	false	1.0
nachlassen	neg 1.0		__DUMMY__ 0.929106790512219 neg 0.04073647931716389 off 0.030156730170617076	false	1.0
alt	neg 1.0		__DUMMY__ 0.9302720553597448 neg 0.039236943533195456 off 0.03049100110705974	false	1.0
hundesohn	off 1.0		__DUMMY__ 0.9198712502807515 off 0.04465915026059309 neg 0.035469599458655465	false	1.0
als			__DUMMY__ 0.9310833657295902 neg 0.036839728969323665 off 0.03207690530108614	false	0.0
abschreckung	neg 1.0		__DUMMY__ 0.9295466700701075 neg 0.041235297858006024 off 0.02921803207188641	false	1.0
unqualifiziert	neg 1.0		__DUMMY__ 0.9230433572941324 neg 0.04070630996264678 off 0.03625033274322085	false	1.0
abgewichst	off 1.0		__DUMMY__ 0.9293554051182576 neg 0.03854633067311627 off 0.03209826420862609	false	0.5
schwer	neg 1.0		__DUMMY__ 0.9286213731770759 neg 0.03793554750000909 off 0.03344307932291497	false	1.0
bedeutungslosigkeit	neg 1.0		__DUMMY__ 0.9289483448083335 neg 0.0411614797009426 off 0.029890175490723876	false	1.0
kapitulation	neg 1.0		__DUMMY__ 0.9256564127704807 neg 0.043339080009422194 off 0.03100450722009714	false	1.0
unscharf	neg 1.0		__DUMMY__ 0.9282913295022306 neg 0.03710884629580106 off 0.03459982420196838	false	1.0
schwinden	neg 1.0		__DUMMY__ 0.928883610098842 neg 0.041423535983395585 off 0.02969285391776239	false	1.0
versklavung	neg 1.0		__DUMMY__ 0.9225148089215818 neg 0.042987052808926396 off 0.03449813826949183	false	1.0
schlecht	neg 1.0		__DUMMY__ 0.9274154748142059 off 0.03795899104339906 neg 0.03462553414239505	false	0.5
verhasst	neg 1.0		__DUMMY__ 0.9264937121731397 neg 0.03910158812338036 off 0.034404699703479986	false	1.0
beschweren	neg 1.0		__DUMMY__ 0.927467560978517 neg 0.037614138918019145 off 0.03491830010346379	false	1.0
scheiden	neg 1.0		__DUMMY__ 0.9344298199350529 off 0.03317644817443582 neg 0.03239373189051127	false	0.5
frustriert	neg 1.0		__DUMMY__ 0.929019167816417 neg 0.03826207288943866 off 0.03271875929414434	false	1.0
schimmelig	neg 1.0		__DUMMY__ 0.9318297958259927 neg 0.03836015069014183 off 0.029810053483865468	false	1.0
fisch	neg 1.0		__DUMMY__ 0.9365033536066489 neg 0.03471973311887735 off 0.028776913274473754	false	1.0
schmuggel	neg 1.0		__DUMMY__ 0.9327210857210233 neg 0.037681936571575064 off 0.02959697770740169	false	1.0
auffallen	neg 1.0		__DUMMY__ 0.9281137137793517 neg 0.03653156168016802 off 0.03535472454048027	false	1.0
konkurrenz	neg 1.0	neg 1.0	neg 0.5057620918932896 __DUMMY__ 0.4677627156880582 off 0.02647519241865215	false	1.0
teufelskreis	neg 1.0	neg 1.0	neg 0.5065918088849461 __DUMMY__ 0.46322636456979704 off 0.030181826545256762	false	1.0
aufschreien	neg 1.0		__DUMMY__ 0.9259444874861487 neg 0.03873164835679459 off 0.035323864157056774	false	1.0
schuldner	neg 1.0		__DUMMY__ 0.9297969426348643 neg 0.040340607468570586 off 0.029862449896565085	false	1.0
missgeburt	off 1.0	off 1.0	off 0.5077957597305875 __DUMMY__ 0.4600346438340721 neg 0.03216959643534029	false	1.0
arbeitslos	neg 1.0		__DUMMY__ 0.9269372087266735 neg 0.04082043334042619 off 0.03224235793290031	false	1.0
befallen	neg 1.0		__DUMMY__ 0.9253220563406176 neg 0.042355549459407754 off 0.032322394199974645	false	1.0
miesepetrig	off 1.0	off 1.0	off 0.5041632133809715 __DUMMY__ 0.4639503102874739 neg 0.03188647633155467	false	1.0
alarmieren	neg 1.0		__DUMMY__ 0.9241833446986937 neg 0.03870189962481164 off 0.03711475567649461	false	1.0
ungeduscht	off 1.0		__DUMMY__ 0.9291577581981245 off 0.03547780747611606 neg 0.03536443432575941	false	1.0
knappheit	neg 1.0		__DUMMY__ 0.9264385023138888 neg 0.04274998003866234 off 0.030811517647448942	false	1.0
schlange	neg 1.0		__DUMMY__ 0.9313687289521603 off 0.03461358468636738 neg 0.034017686361472385	false	0.5
harsch	neg 1.0		__DUMMY__ 0.9268741001806796 off 0.040763695087736404 neg 0.032362204731584035	false	0.5
lang	neg 1.0		__DUMMY__ 0.9283899872569122 neg 0.03798230792790629 off 0.033627704815181486	false	1.0
ziellos	neg 1.0		__DUMMY__ 0.9310342505035761 neg 0.03733255484475693 off 0.03163319465166693	false	1.0
selbstverliebt	neg 1.0		__DUMMY__ 0.9179273232796448 off 0.04621842961924452 neg 0.035854247101110744	false	0.5
beseitigen	neg 1.0	neg 1.0	neg 0.5026312091528377 __DUMMY__ 0.4676813320267547 off 0.029687458820407697	false	1.0
dumm	off 1.0		__DUMMY__ 0.9221359331614818 off 0.042545576912524134 neg 0.035318489925994116	false	1.0
arbeitsloser	neg 1.0		__DUMMY__ 0.9297029081289904 neg 0.03865885924927478 off 0.03163823262173494	false	1.0
blitzen	neg 1.0		__DUMMY__ 0.927018038978116 neg 0.03716328750895919 off 0.035818673512924844	false	1.0
hilflos	neg 1.0		__DUMMY__ 0.928868091125357 neg 0.038851701201480224 off 0.0322802076731628	false	1.0
eklig	off 1.0		__DUMMY__ 0.9222904620784185 off 0.042921050868421885 neg 0.0347884870531596	false	1.0
begriff			__DUMMY__ 0.9268560265568341 neg 0.0404347291419778 off 0.0327092443011881	false	0.0
hungersnot	neg 1.0		__DUMMY__ 0.9287355213921064 neg 0.039037383562441345 off 0.032227095045452195	false	1.0
ungesetzlich	neg 1.0		__DUMMY__ 0.920724157197396 neg 0.04363510793142521 off 0.03564073487117872	false	1.0
verschwendung	neg 1.0		__DUMMY__ 0.9288535079996049 neg 0.040660416351031396 off 0.030486075649363703	false	1.0
schmerzvoll	neg 1.0		__DUMMY__ 0.9279517748009014 neg 0.037246735045475994 off 0.034801490153622675	false	1.0
vorzeitig	neg 1.0		__DUMMY__ 0.9291484123159782 off 0.0356484801370728 neg 0.03520310754694889	false	0.5
unvollkommenheit	neg 1.0		__DUMMY__ 0.932707067747354 neg 0.035938828660388646 off 0.031354103592257314	false	1.0
intervenieren	neg 1.0		__DUMMY__ 0.9270173779195537 neg 0.0424978467338032 off 0.03048477534664309	false	1.0
banause	off 1.0		__DUMMY__ 0.920284969240054 off 0.044502836778020534 neg 0.03521219398192547	false	1.0
rebell	neg 1.0		__DUMMY__ 0.9316834230173834 neg 0.04076254091660077 off 0.027554036066015877	false	1.0
unlogisch	neg 1.0		__DUMMY__ 0.9246244024527456 off 0.039799329631916056 neg 0.035576267915338314	false	0.5
leiden	neg 1.0		__DUMMY__ 0.9358598453506456 neg 0.0346866277751434 off 0.02945352687421109	false	1.0
abschaffung	neg 1.0		__DUMMY__ 0.9256909357388688 neg 0.04037803219558779 off 0.033931032065543466	false	1.0
sturz	neg 1.0		__DUMMY__ 0.9299399739096269 neg 0.03671111089504974 off 0.03334891519532334	false	1.0
verkleinerung	neg 1.0		__DUMMY__ 0.9236605776058622 neg 0.04049750297958942 off 0.03584191941454842	false	1.0
schmarotzer	off 1.0		__DUMMY__ 0.9260994959838537 neg 0.04174923775101302 off 0.03215126626513327	false	0.5
bestrafung	neg 1.0		__DUMMY__ 0.9266482847446914 neg 0.038699048774801056 off 0.034652666480507514	false	1.0
achtlos	neg 1.0		__DUMMY__ 0.9299512085543671 neg 0.0367522042925687 off 0.033296587153064196	false	1.0
ungeheuer	neg 1.0		__DUMMY__ 0.9290506395764043 off 0.03564884159511304 neg 0.0353005188284826	false	0.5
