unsolidarisch	neg 1.0		__DUMMY__ 0.4639031802111626 neg 0.2921008929152726 off 0.24399592687356483	false	1.0
nachteilig	neg 1.0		__DUMMY__ 0.46959426312875613 neg 0.28917430586120685 off 0.24123143101003705	false	1.0
skeptisch	neg 1.0		__DUMMY__ 0.47052802233564894 neg 0.2887722067127183 off 0.2406997709516329	false	1.0
schrecklich	neg 1.0		__DUMMY__ 0.46659219047232686 neg 0.2758648554712454 off 0.25754295405642785	false	1.0
schlapp	neg 1.0		__DUMMY__ 0.4691402828942235 neg 0.2780505425991396 off 0.25280917450663704	false	1.0
abfall	neg 1.0		__DUMMY__ 0.4711142266967504 neg 0.2913725615679545 off 0.2375132117352951	false	1.0
widerspenstig	neg 1.0		__DUMMY__ 0.46934656368398836 neg 0.2842095304666499 off 0.2464439058493617	false	1.0
abrupt	neg 1.0		__DUMMY__ 0.473116909748308 neg 0.28463369256046817 off 0.24224939769122386	false	1.0
unwirksam	neg 1.0		__DUMMY__ 0.46645446192556655 neg 0.28846361049597485 off 0.24508192757845848	false	1.0
angreifen	neg 1.0	neg 1.0	neg 0.6344462697765813 __DUMMY__ 0.22882360674270757 off 0.13673012348071115	false	1.0
inkonsistent	neg 1.0		__DUMMY__ 0.4695953710143746 neg 0.2828445249807443 off 0.2475601040048812	false	1.0
abrutschen	neg 1.0		__DUMMY__ 0.4714358991226394 neg 0.29044803131653646 off 0.23811606956082412	false	1.0
unsicher	neg 1.0		__DUMMY__ 0.47022252118117414 neg 0.2828599711067918 off 0.2469175077120341	false	1.0
bauernkind	off 1.0	off 1.0	off 0.6155021440104381 __DUMMY__ 0.22540080075621236 neg 0.1590970552333496	false	1.0
angreifer	neg 1.0		__DUMMY__ 0.4706362292662178 neg 0.28083275255435225 off 0.24853101817942994	false	1.0
trennen	neg 1.0		__DUMMY__ 0.4744252227912667 neg 0.2823293010695376 off 0.2432454761391959	false	1.0
schmutz	neg 1.0		__DUMMY__ 0.47347553681462723 neg 0.27650620346708205 off 0.2500182597182908	false	1.0
inkonsistenz	neg 1.0		__DUMMY__ 0.4656129618757467 neg 0.28413686120556664 off 0.2502501769186868	false	1.0
erschreckend	neg 1.0		__DUMMY__ 0.46870621310009974 neg 0.28641405039998274 off 0.24487973649991757	false	1.0
ertrinken	neg 1.0		__DUMMY__ 0.4716271431652196 neg 0.28542200243959664 off 0.24295085439518369	false	1.0
pickelface	off 1.0		__DUMMY__ 0.46958064425864576 neg 0.28641116439981273 off 0.24400819134154164	false	0.5
seiner			__DUMMY__ 0.4716880719961362 neg 0.28663241299148023 off 0.24167951501238352	false	0.0
lauch	neg 1.0		__DUMMY__ 0.47025646814549216 neg 0.2920559680480193 off 0.2376875638064886	false	1.0
unwichtig	neg 1.0		__DUMMY__ 0.46702787464920903 neg 0.28132771499965853 off 0.2516444103511326	false	1.0
steuerhinterziehung	neg 1.0		__DUMMY__ 0.467440138172914 neg 0.28916483416485994 off 0.2433950276622259	false	1.0
schock	neg 1.0		__DUMMY__ 0.4725048875323304 neg 0.28087557171209626 off 0.24661954075557352	false	1.0
beule	neg 1.0		__DUMMY__ 0.46947912393971014 neg 0.2772055056577935 off 0.25331537040249624	false	1.0
vergelten	neg 1.0		__DUMMY__ 0.4692588177473629 neg 0.2740734653372464 off 0.25666771691539075	false	1.0
verdorbenheit	neg 1.0		__DUMMY__ 0.4713027374609029 neg 0.2821398788216978 off 0.24655738371739938	false	1.0
trauma	neg 1.0		__DUMMY__ 0.4689783468345888 neg 0.28347324010155295 off 0.2475484130638583	false	1.0
sinnlos	neg 1.0		__DUMMY__ 0.46962887788461655 neg 0.280803782799769 off 0.24956733931561445	false	1.0
fettsack	off 1.0	off 1.0	off 0.6170838937466148 __DUMMY__ 0.22629147348708406 neg 0.1566246327663012	false	1.0
feige	off 1.0	off 1.0	off 0.6131230907714948 __DUMMY__ 0.22636928030021103 neg 0.16050762892829423	false	1.0
abdanken	neg 1.0		__DUMMY__ 0.467740164947821 neg 0.28762333251128186 off 0.24463650254089722	false	1.0
wichtigtuer	off 1.0	off 1.0	off 0.6113070842889605 __DUMMY__ 0.22726207488188957 neg 0.16143084082914994	false	1.0
misslingen	neg 1.0		__DUMMY__ 0.4730371339659624 neg 0.2780251517259199 off 0.24893771430811765	false	1.0
untreu	off 1.0		__DUMMY__ 0.46625752787559693 neg 0.2808762532857781 off 0.252866218838625	false	0.5
missmutig	neg 1.0		__DUMMY__ 0.46775630360258524 neg 0.2802927595719204 off 0.25195093682549446	false	1.0
hurenbock	off 1.0		__DUMMY__ 0.4705338910572167 neg 0.28096135788365556 off 0.24850475105912787	false	0.5
betrunken	neg 1.0		__DUMMY__ 0.469298767498241 neg 0.2747436236323961 off 0.2559576088693629	false	1.0
korrupt	off 1.0		__DUMMY__ 0.46547010757392515 neg 0.29273333704322124 off 0.24179655538285377	false	0.5
unmut	neg 1.0		__DUMMY__ 0.4709072305041461 neg 0.29141519066456917 off 0.23767757883128474	false	1.0
hackfresse	off 1.0		__DUMMY__ 0.464128984290789 neg 0.2749795827684573 off 0.2608914329407537	false	0.5
aufblasen	neg 1.0		__DUMMY__ 0.47092354413123394 neg 0.28022332025368596 off 0.2488531356150802	false	1.0
gewaltsam	neg 1.0		__DUMMY__ 0.46992215501076345 neg 0.2846002378471682 off 0.24547760714206837	false	1.0
unbeliebtheit	neg 1.0		__DUMMY__ 0.46243412443911364 neg 0.2883993957862711 off 0.24916647977461515	false	1.0
sturheit	neg 1.0		__DUMMY__ 0.467970364774981 neg 0.287497430519177 off 0.24453220470584197	false	1.0
kuh	neg 1.0		__DUMMY__ 0.46782766101633594 neg 0.2856172203494652 off 0.2465551186341989	false	1.0
erschrecken	neg 1.0		__DUMMY__ 0.4688588080707965 neg 0.27959524646359174 off 0.25154594546561176	false	1.0
opfer	neg 1.0		__DUMMY__ 0.47063046326624663 neg 0.2867107365934865 off 0.242658800140267	false	1.0
sinken	neg 1.0		__DUMMY__ 0.4718793231255856 neg 0.2893734301985152 off 0.2387472466758993	false	1.0
stinktier	neg 1.0		__DUMMY__ 0.46486805758908795 neg 0.2776343224627005 off 0.2574976199482115	false	1.0
tucke	off 1.0		__DUMMY__ 0.46105128450344923 neg 0.2787045170201442 off 0.26024419847640656	false	0.5
ein			__DUMMY__ 0.4712835025186527 neg 0.2805422843063314 off 0.24817421317501576	false	0.0
abstieg	neg 1.0		__DUMMY__ 0.47289204696013276 neg 0.28466026516918413 off 0.24244768787068313	false	1.0
missverstehen	neg 1.0		__DUMMY__ 0.4670528596029524 neg 0.28410020036890987 off 0.24884694002813776	false	1.0
ergebnislos	neg 1.0		__DUMMY__ 0.4707319203671832 neg 0.2877906872884052 off 0.24147739234441162	false	1.0
unter			__DUMMY__ 0.47727411877206277 neg 0.28787177268473546 off 0.23485410854320177	false	0.0
manipulieren	neg 1.0		__DUMMY__ 0.46966816437606906 neg 0.2899481869454288 off 0.24038364867850215	false	1.0
unbewiesen	neg 1.0		__DUMMY__ 0.46314669681371184 neg 0.29283012849070655 off 0.2440231746955817	false	1.0
verschleppen	neg 1.0		__DUMMY__ 0.46968057401111907 neg 0.28728738241123886 off 0.2430320435776421	false	1.0
weib	off 1.0		__DUMMY__ 0.46403862931809137 neg 0.2751683718213245 off 0.26079299886058416	false	0.5
opposition	neg 1.0		__DUMMY__ 0.46718893900354896 neg 0.2851049710680105 off 0.24770608992844056	false	1.0
verkehrswidrig	neg 1.0	neg 1.0	neg 0.6224709436979723 __DUMMY__ 0.23067578275857098 off 0.14685327354345676	false	1.0
inkorrekt	neg 1.0		__DUMMY__ 0.4632401855364793 neg 0.2836160339599964 off 0.2531437805035244	false	1.0
vermeiden	neg 1.0		__DUMMY__ 0.4735363592197565 neg 0.2903252487474251 off 0.23613839203281844	false	1.0
abweichung	neg 1.0		__DUMMY__ 0.47016381036670124 neg 0.28799390013675025 off 0.24184228949654843	false	1.0
alkoholisiert	neg 1.0		__DUMMY__ 0.47634464685423705 neg 0.2805705954305393 off 0.24308475771522364	false	1.0
scheiss	off 1.0	off 1.0	off 0.613981189052789 __DUMMY__ 0.22811766414801507 neg 0.15790114679919595	false	1.0
herausforderung	neg 1.0	neg 1.0	neg 0.6289906759148761 __DUMMY__ 0.23279537439878703 off 0.13821394968633688	false	1.0
pervers	off 1.0		__DUMMY__ 0.46311625651594157 neg 0.27249648107381064 off 0.2643872624102478	false	0.5
wackelig	neg 1.0		__DUMMY__ 0.47391045918650737 neg 0.2808963681783079 off 0.24519317263518461	false	1.0
verwickeln	neg 1.0		__DUMMY__ 0.46684824578314243 neg 0.2845367171665601 off 0.24861503705029733	false	1.0
vorwand	neg 1.0		__DUMMY__ 0.47049653144532666 neg 0.2897332259713859 off 0.23977024258328739	false	1.0
muschi	off 1.0		__DUMMY__ 0.4697966129960734 neg 0.28556506320547465 off 0.244638323798452	false	0.5
entmutigung	neg 1.0		__DUMMY__ 0.46608912119372325 neg 0.2870370592128305 off 0.2468738195934463	false	1.0
unangemessen	neg 1.0		__DUMMY__ 0.4683198665666598 neg 0.28801449301513177 off 0.24366564041820854	false	1.0
unstetig	neg 1.0		__DUMMY__ 0.47104470622227906 neg 0.28068883597588223 off 0.24826645780183873	false	1.0
entmutigen	neg 1.0		__DUMMY__ 0.468922176461941 neg 0.2830869213376648 off 0.2479909022003942	false	1.0
schwanz	neg 1.0		__DUMMY__ 0.4714415758338073 neg 0.2871261765894058 off 0.24143224757678697	false	1.0
verbot	neg 1.0		__DUMMY__ 0.4678072071323545 neg 0.28981220631101673 off 0.2423805865566288	false	1.0
leid	neg 1.0		__DUMMY__ 0.46610697492675157 neg 0.2751371535240857 off 0.25875587154916274	false	1.0
archaisch	neg 1.0		__DUMMY__ 0.4694611874243615 neg 0.2866315957367266 off 0.24390721683891184	false	1.0
gegen			__DUMMY__ 0.47276326445609673 neg 0.28739589216407735 off 0.2398408433798258	false	0.0
scheidung	neg 1.0		__DUMMY__ 0.4634311480533109 off 0.2686611535367179 neg 0.26790769840997125	false	0.5
einschlag	neg 1.0	neg 1.0	neg 0.6265353578123711 __DUMMY__ 0.22795815210678685 off 0.14550649008084207	false	1.0
m			__DUMMY__ 0.47163081340728064 neg 0.2838347240807967 off 0.2445344625119226	false	0.0
abgestanden	neg 1.0		__DUMMY__ 0.4712038693077662 neg 0.2807681923419101 off 0.2480279383503237	false	1.0
schmierig	off 1.0		__DUMMY__ 0.46645577045422965 neg 0.2752846367015476 off 0.2582595928442229	false	0.5
unpraktisch	neg 1.0		__DUMMY__ 0.4719635472820207 neg 0.2792219859568864 off 0.24881446676109287	false	1.0
wixxer	off 1.0		__DUMMY__ 0.46261589266988734 neg 0.2734685194195412 off 0.26391558791057157	false	0.5
bezeichnet			__DUMMY__ 0.4683722646647552 neg 0.2861205472201537 off 0.24550718811509126	false	0.0
jammerlappen	off 1.0		__DUMMY__ 0.46722964630712605 neg 0.28086302042063194 off 0.25190733327224213	false	0.5
farce	neg 1.0		__DUMMY__ 0.46699620117183627 neg 0.28994651753165246 off 0.24305728129651133	false	1.0
zwecklos	neg 1.0		__DUMMY__ 0.46849569777970257 neg 0.28785400021215196 off 0.24365030200814555	false	1.0
turbulent	neg 1.0		__DUMMY__ 0.46641398757240815 neg 0.2814910885541492 off 0.25209492387344257	false	1.0
invasion	neg 1.0		__DUMMY__ 0.46969259395096613 neg 0.28061224393507994 off 0.24969516211395393	false	1.0
schuld	neg 1.0		__DUMMY__ 0.4685793816574019 neg 0.2841035968429432 off 0.24731702149965482	false	1.0
risiko	neg 1.0		__DUMMY__ 0.4706037630324705 neg 0.2821632926800169 off 0.24723294428751258	false	1.0
finster	neg 1.0		__DUMMY__ 0.47040979887763007 neg 0.28151787677378265 off 0.24807232434858736	false	1.0
geisteskrank	off 1.0		__DUMMY__ 0.46506658713003834 neg 0.2817454135976074 off 0.2531879992723543	false	0.5
zusammenbrechen	neg 1.0		__DUMMY__ 0.47070365949253623 neg 0.2840992543256488 off 0.24519708618181513	false	1.0
ausbeute	neg 1.0		__DUMMY__ 0.4745724385057986 neg 0.28272915019695627 off 0.24269841129724523	false	1.0
hinterhalt	neg 1.0		__DUMMY__ 0.4722471860113345 neg 0.28261965245106724 off 0.24513316153759826	false	1.0
kritik	neg 1.0		__DUMMY__ 0.46732071407787656 neg 0.28970339639224557 off 0.2429758895298778	false	1.0
einschrumpfen	neg 1.0		__DUMMY__ 0.46582228057606373 neg 0.2853095690228137 off 0.24886815040112265	false	1.0
riskant	neg 1.0		__DUMMY__ 0.46957768192530736 neg 0.2884624004511529 off 0.24195991762353983	false	1.0
frustrieren	neg 1.0		__DUMMY__ 0.4701605905930801 neg 0.2874008115310967 off 0.2424385978758233	false	1.0
groll	neg 1.0		__DUMMY__ 0.4695768704955698 neg 0.2867072282278961 off 0.24371590127653417	false	1.0
gibt			__DUMMY__ 0.4701022778171089 neg 0.28536695164571846 off 0.24453077053717256	false	0.0
qualvoll	neg 1.0		__DUMMY__ 0.4695707777483269 neg 0.2796226429808886 off 0.2508065792707846	false	1.0
wackeln	neg 1.0	neg 1.0	neg 0.6286992262183113 __DUMMY__ 0.23018523919620726 off 0.14111553458548143	false	1.0
klagen	neg 1.0		__DUMMY__ 0.47146062936276034 neg 0.29000379343581173 off 0.23853557720142804	false	1.0
bankrott	neg 1.0		__DUMMY__ 0.46877965369960567 neg 0.2800476799304333 off 0.25117266636996105	false	1.0
trauern	neg 1.0		__DUMMY__ 0.47191076048099717 neg 0.2851845879146269 off 0.2429046516043759	false	1.0
ablehnung	neg 1.0		__DUMMY__ 0.46750689254563277 neg 0.289364391931561 off 0.24312871552280632	false	1.0
stur	neg 1.0		__DUMMY__ 0.46804186847127055 neg 0.28410014177703524 off 0.24785798975169424	false	1.0
aufruhr	neg 1.0		__DUMMY__ 0.46987953196206095 neg 0.284747569754103 off 0.24537289828383624	false	1.0
melancholie	neg 1.0		__DUMMY__ 0.47197519776030583 neg 0.28367838037027854 off 0.24434642186941563	false	1.0
ist			__DUMMY__ 0.4693534490016662 neg 0.2818835030099289 off 0.2487630479884048	false	0.0
torheit	neg 1.0		__DUMMY__ 0.4664842035223096 neg 0.28730447372669743 off 0.24621132275099292	false	1.0
dreckskind	off 1.0		__DUMMY__ 0.4641838609946721 neg 0.2768700089962584 off 0.25894613000906946	false	0.5
umtauschen	neg 1.0		__DUMMY__ 0.4710512736350316 neg 0.2823697457109269 off 0.24657898065404155	false	1.0
zum			__DUMMY__ 0.4781578801567004 neg 0.2836229023299748 off 0.2382192175133247	false	0.0
zersetzen	neg 1.0		__DUMMY__ 0.46872157079258153 neg 0.29138648591227956 off 0.23989194329513888	false	1.0
zur			__DUMMY__ 0.47501805829652516 neg 0.28885612749306383 off 0.23612581421041104	false	0.0
frust	neg 1.0		__DUMMY__ 0.47081732994033937 neg 0.2841378091403571 off 0.2450448609193037	false	1.0
unerbittlichkeit	neg 1.0		__DUMMY__ 0.4694108514242506 neg 0.2902534765733991 off 0.24033567200235023	false	1.0
zwei			__DUMMY__ 0.47640220050516313 neg 0.28341793771710183 off 0.24017986177773493	false	0.0
unkorrekt	neg 1.0		__DUMMY__ 0.4633659950776655 neg 0.2827317240534578 off 0.2539022808688765	false	1.0
hexe	off 1.0		__DUMMY__ 0.4676717124995937 neg 0.27943263386956113 off 0.2528956536308451	false	0.5
lasch	neg 1.0		__DUMMY__ 0.46601690733808504 neg 0.28411245306441857 off 0.24987063959749645	false	1.0
rivale	neg 1.0		__DUMMY__ 0.46735632210180295 neg 0.27735588851578796 off 0.25528778938240915	false	1.0
mutlos	off 1.0	off 1.0	off 0.6070190883059842 __DUMMY__ 0.22770613335934556 neg 0.16527477833467025	false	1.0
wirr	off 1.0		__DUMMY__ 0.4638396686803611 neg 0.28171945384693087 off 0.2544408774727078	false	0.5
jahr			__DUMMY__ 0.47565189668537056 neg 0.282258805688305 off 0.24208929762632433	false	0.0
wird			__DUMMY__ 0.47125362844005303 neg 0.2854201386297738 off 0.24332623293017314	false	0.0
strafbar	neg 1.0		__DUMMY__ 0.4689216883362151 neg 0.28926198888188415 off 0.24181632278190085	false	1.0
erosion	neg 1.0		__DUMMY__ 0.470572413835984 neg 0.28177703653076985 off 0.24765054963324606	false	1.0
eingehen	neg 1.0		__DUMMY__ 0.4683356227266903 neg 0.2889573556638069 off 0.24270702160950267	false	1.0
faul	off 1.0		__DUMMY__ 0.46962802147540733 neg 0.27844974446507315 off 0.2519222340595196	false	0.5
provisorium	neg 1.0		__DUMMY__ 0.4757872952558612 neg 0.290312325779252 off 0.23390037896488675	false	1.0
schmerzen	neg 1.0		__DUMMY__ 0.4702577069135864 neg 0.2830431201786974 off 0.24669917290771612	false	1.0
schrumpfen	neg 1.0		__DUMMY__ 0.47165936261362557 neg 0.29308180171502063 off 0.23525883567135386	false	1.0
geistlos	off 1.0		__DUMMY__ 0.4634288105644192 neg 0.2892268141046797 off 0.2473443753309011	false	0.5
fehlkauf	neg 1.0		__DUMMY__ 0.46806672017332906 neg 0.2837976855836106 off 0.24813559424306048	false	1.0
frustrierend	neg 1.0		__DUMMY__ 0.4696887279216313 neg 0.27861887050191636 off 0.2516924015764525	false	1.0
unzufrieden	neg 1.0		__DUMMY__ 0.4688969140931732 neg 0.2874491776818686 off 0.24365390822495828	false	1.0
verzweifeln	neg 1.0		__DUMMY__ 0.46994419091759915 neg 0.28392342133463655 off 0.24613238774776416	false	1.0
verzweifelt	neg 1.0		__DUMMY__ 0.46844489697950187 neg 0.2834360917590871 off 0.2481190112614111	false	1.0
misstrauensantrag	neg 1.0		__DUMMY__ 0.46791677786249325 neg 0.2832834797275972 off 0.24879974240990968	false	1.0
abfallen	neg 1.0		__DUMMY__ 0.4715751530421098 neg 0.2794501358848442 off 0.24897471107304606	false	1.0
fucker	off 1.0		__DUMMY__ 0.46604393566060265 neg 0.2798535827581157 off 0.25410248158128174	false	0.5
ungezogen	neg 1.0		__DUMMY__ 0.4647527246985032 neg 0.27230425063918445 off 0.26294302466231234	false	1.0
irrsinnig	neg 1.0	neg 1.0	neg 0.6314768101649354 __DUMMY__ 0.22790377610882803 off 0.1406194137262364	false	1.0
unfassbar	neg 1.0		__DUMMY__ 0.46715427716608326 neg 0.28003235154870476 off 0.252813371285212	false	1.0
hart	neg 1.0		__DUMMY__ 0.46849033600297385 neg 0.28094090272634886 off 0.2505687612706774	false	1.0
widerlich	off 1.0		__DUMMY__ 0.46516667327587785 neg 0.28168604588499746 off 0.2531472808391247	false	0.5
fatal	neg 1.0		__DUMMY__ 0.4683435773666432 neg 0.2830259472129469 off 0.24863047542041	false	1.0
bruch	neg 1.0		__DUMMY__ 0.47082541144743695 neg 0.29066653717432533 off 0.23850805137823763	false	1.0
aushungern	neg 1.0		__DUMMY__ 0.46693072038143335 neg 0.2890933582387611 off 0.2439759213798056	false	1.0
anspannung	neg 1.0	neg 1.0	neg 0.6316259611886984 __DUMMY__ 0.23310819005263742 off 0.13526584875866424	false	1.0
von			__DUMMY__ 0.4754460776693054 neg 0.283411859454651 off 0.2411420628760435	false	0.0
kraftlos	neg 1.0		__DUMMY__ 0.47241396607252206 neg 0.28251350695867905 off 0.24507252696879886	false	1.0
vom			__DUMMY__ 0.4782372984196159 neg 0.28606980340946464 off 0.2356928981709194	false	0.0
grenzdebil	off 1.0		__DUMMY__ 0.4672522116638584 neg 0.27864184531128494 off 0.2541059430248567	false	0.5
vor			__DUMMY__ 0.4725916585451173 neg 0.2867703146792062 off 0.2406380267756763	false	0.0
unterwerfen	neg 1.0		__DUMMY__ 0.4697693844562588 neg 0.2882936391846889 off 0.24193697635905237	false	1.0
versenkung	neg 1.0		__DUMMY__ 0.4703510164731564 neg 0.2878120026270819 off 0.24183698089976183	false	1.0
entziehen	neg 1.0		__DUMMY__ 0.471062172568349 neg 0.28978524444637177 off 0.23915258298527928	false	1.0
finanzkrise	neg 1.0		__DUMMY__ 0.4668788467910344 neg 0.2889956671830067 off 0.2441254860259589	false	1.0
schimpfend	neg 1.0		__DUMMY__ 0.4719563119331299 neg 0.2792470475019327 off 0.24879664056493758	false	1.0
profan	neg 1.0		__DUMMY__ 0.4686491799421509 neg 0.2814406828331017 off 0.24991013722474742	false	1.0
korruption	neg 1.0	neg 1.0	neg 0.6349356005163223 __DUMMY__ 0.22750759456167774 off 0.13755680492199998	false	1.0
â			__DUMMY__ 0.471224164144585 neg 0.28573675952717087 off 0.24303907632824398	false	0.0
schmutzig	neg 1.0		__DUMMY__ 0.4679465574622986 neg 0.2784035552197551 off 0.25364988731794635	false	1.0
sexy	neg 1.0		__DUMMY__ 0.46836815619902417 neg 0.2811144575768382 off 0.25051738622413766	false	1.0
abraten	neg 1.0		__DUMMY__ 0.4692373455767395 neg 0.28187800179370326 off 0.2488846526295571	false	1.0
schwarz	neg 1.0		__DUMMY__ 0.4681945940860335 neg 0.2839798694374706 off 0.24782553647649574	false	1.0
fotze	off 1.0		__DUMMY__ 0.47015928459059586 neg 0.2877086142370152 off 0.24213210117238881	false	0.5
verwirren	neg 1.0		__DUMMY__ 0.4686988570945534 neg 0.2810978718922583 off 0.2502032710131883	false	1.0
zahnlos	off 1.0		__DUMMY__ 0.4686740997751996 neg 0.2877235976888481 off 0.24360230253595253	false	0.5
verheeren	neg 1.0		__DUMMY__ 0.4649463906126548 neg 0.27098683236125226 off 0.2640667770260929	false	1.0
hippie	neg 1.0		__DUMMY__ 0.4680558276162072 neg 0.28217148320730245 off 0.24977268917649043	false	1.0
rammen	neg 1.0		__DUMMY__ 0.46920195114482516 neg 0.2834095397444841 off 0.24738850911069074	false	1.0
unlauter	neg 1.0		__DUMMY__ 0.46534425610754576 neg 0.28914156567432786 off 0.24551417821812635	false	1.0
unheilvoll	neg 1.0		__DUMMY__ 0.47108016863323965 neg 0.2788258760443263 off 0.2500939553224341	false	1.0
niedrig	neg 1.0		__DUMMY__ 0.4714550299006075 neg 0.28703310783138175 off 0.2415118622680108	false	1.0
explosion	neg 1.0		__DUMMY__ 0.4678926057388075 neg 0.2830762893251179 off 0.24903110493607442	false	1.0
weichei	off 1.0		__DUMMY__ 0.46473258633515274 neg 0.2759935838943312 off 0.259273829770516	false	0.5
minusmensch	off 1.0		__DUMMY__ 0.46033692413860094 neg 0.27767160268045565 off 0.26199147318094346	false	0.5
farblos	neg 1.0		__DUMMY__ 0.4737347214753892 neg 0.27949414817257867 off 0.24677113035203216	false	1.0
unwissend	neg 1.0	neg 1.0	neg 0.6296978233129409 __DUMMY__ 0.22699225884709961 off 0.14330991783995942	false	1.0
traurig	neg 1.0		__DUMMY__ 0.4671622216388692 neg 0.2763577728740437 off 0.256480005487087	false	1.0
senkung	neg 1.0		__DUMMY__ 0.466465591009844 neg 0.28472534546864114 off 0.2488090635215148	false	1.0
ungleich	neg 1.0	neg 1.0	neg 0.6353474702994463 __DUMMY__ 0.2278544075191601 off 0.13679812218139362	false	1.0
heikel	neg 1.0		__DUMMY__ 0.4696494637887225 neg 0.2898123566143118 off 0.24053817959696583	false	1.0
drosselung	neg 1.0		__DUMMY__ 0.46793492987735497 neg 0.27838114701472805 off 0.25368392310791704	false	1.0
falsch	neg 1.0		__DUMMY__ 0.4682997369003492 neg 0.28024455420500255 off 0.2514557088946483	false	1.0
unzufriedenheit	neg 1.0		__DUMMY__ 0.46978769909542206 neg 0.29039348553987054 off 0.23981881536470756	false	1.0
kurz	neg 1.0		__DUMMY__ 0.472675038661433 neg 0.28152012895084777 off 0.2458048323877192	false	1.0
unsinnig	neg 1.0		__DUMMY__ 0.46767888564747534 neg 0.28848984765384994 off 0.2438312666986747	false	1.0
penner	off 1.0	off 1.0	off 0.6186253490547775 __DUMMY__ 0.22567490902232729 neg 0.15569974192289524	false	1.0
seicht	neg 1.0		__DUMMY__ 0.46187013254996206 neg 0.2764951341605248 off 0.26163473328951314	false	1.0
dummheit	off 1.0	off 1.0	off 0.6114487809480353 __DUMMY__ 0.22698312466628903 neg 0.16156809438567565	false	1.0
unerfreulich	neg 1.0		__DUMMY__ 0.4715017628641282 neg 0.2884142011379347 off 0.24008403599793704	false	1.0
motherfucker	off 1.0	off 1.0	off 0.6142331624075537 __DUMMY__ 0.22631191282214963 neg 0.15945492477029666	false	1.0
pikiert	neg 1.0		__DUMMY__ 0.46516959196950114 neg 0.28305182635429144 off 0.25177858167620754	false	1.0
wrack	neg 1.0		__DUMMY__ 0.4738223596575151 neg 0.28301397590424243 off 0.24316366443824253	false	1.0
gangster	neg 1.0		__DUMMY__ 0.4687297820396579 neg 0.2816894822802413 off 0.24958073568010064	false	1.0
krank	neg 1.0		__DUMMY__ 0.4684930128209867 neg 0.276658362829383 off 0.25484862434963035	false	1.0
reich	neg 1.0		__DUMMY__ 0.46640025832480614 neg 0.28295308801693414 off 0.2506466536582597	false	1.0
gnadenlos	neg 1.0		__DUMMY__ 0.46909665015557567 neg 0.28336837988110114 off 0.2475349699633234	false	1.0
niedergeschlagen	neg 1.0		__DUMMY__ 0.4714058570720043 neg 0.2829710661512922 off 0.2456230767767034	false	1.0
terrorisieren	off 1.0	off 1.0	off 0.6077670490320094 __DUMMY__ 0.22893185627498622 neg 0.16330109469300433	false	1.0
sinnlosigkeit	neg 1.0		__DUMMY__ 0.46898659348256583 neg 0.287148634491759 off 0.24386477202567525	false	1.0
behindern	neg 1.0		__DUMMY__ 0.4688367835033226 neg 0.2858967232227685 off 0.24526649327390895	false	1.0
undemokratisch	neg 1.0		__DUMMY__ 0.4663604332489245 neg 0.2873827603287285 off 0.24625680642234704	false	1.0
wirtschaftskrise	neg 1.0		__DUMMY__ 0.4685095242799824 neg 0.2895444649283393 off 0.24194601079167824	false	1.0
neid	neg 1.0		__DUMMY__ 0.470160224389134 neg 0.27697330204200205 off 0.25286647356886394	false	1.0
rutschen	neg 1.0	neg 1.0	neg 0.630402003787666 __DUMMY__ 0.23303061510933465 off 0.13656738110299937	false	1.0
rezession	neg 1.0		__DUMMY__ 0.46379711463227163 neg 0.2801323577589896 off 0.2560705276087388	false	1.0
fehlgeburt	neg 1.0		__DUMMY__ 0.4708214803482431 neg 0.2795939528036093 off 0.2495845668481475	false	1.0
charakterschwach	off 1.0		__DUMMY__ 0.4665586675805127 neg 0.280166844708001 off 0.2532744877114863	false	0.5
isolation	neg 1.0		__DUMMY__ 0.4696113124353526 neg 0.27876236507392826 off 0.2516263224907192	false	1.0
ablenkung	neg 1.0		__DUMMY__ 0.46996592906799256 neg 0.28287806440226987 off 0.24715600652973752	false	1.0
pech	neg 1.0		__DUMMY__ 0.46953347734011275 neg 0.2789776151189174 off 0.25148890754096975	false	1.0
vermeidung	neg 1.0		__DUMMY__ 0.4660643562395431 neg 0.28063068430121707 off 0.25330495945923964	false	1.0
dominieren	neg 1.0		__DUMMY__ 0.4727427934978156 neg 0.283748781287852 off 0.24350842521433216	false	1.0
schwindlig	neg 1.0		__DUMMY__ 0.47196773161452793 neg 0.2773183395288922 off 0.25071392885658	false	1.0
lutscher	neg 1.0		__DUMMY__ 0.46263011541982724 neg 0.27458048731956103 off 0.26278939726061173	false	1.0
pflicht	neg 1.0		__DUMMY__ 0.4699851730894837 neg 0.2895377783093116 off 0.2404770486012046	false	1.0
faschist	off 1.0		__DUMMY__ 0.46529077411276853 neg 0.2861776279256162 off 0.24853159796161514	false	0.5
verschleudern	neg 1.0		__DUMMY__ 0.46640973840737354 neg 0.29344909317167567 off 0.24014116842095076	false	1.0
wenn			__DUMMY__ 0.4681878166041777 neg 0.2801322449667896 off 0.2516799384290326	false	0.0
ehebruch	neg 1.0		__DUMMY__ 0.4686724300618071 neg 0.28915643174721667 off 0.24217113819097624	false	1.0
spott	off 1.0		__DUMMY__ 0.46835586330920276 neg 0.29024563549896 off 0.24139850119183723	false	0.5
trostlosigkeit	neg 1.0		__DUMMY__ 0.47100627602288925 neg 0.2896053982557433 off 0.2393883257213675	false	1.0
lutschen	neg 1.0		__DUMMY__ 0.46746926100545233 neg 0.28360901388048704 off 0.2489217251140605	false	1.0
undiszipliniert	neg 1.0		__DUMMY__ 0.4673108933759105 neg 0.2772479190695779 off 0.25544118755451173	false	1.0
kopfschmerz	neg 1.0		__DUMMY__ 0.4718471366382606 neg 0.28253991808664264 off 0.2456129452750967	false	1.0
unvorhergesehen	neg 1.0		__DUMMY__ 0.47482367889352434 neg 0.28121274159191684 off 0.24396357951455874	false	1.0
desinteressiert	neg 1.0		__DUMMY__ 0.4660263425228957 neg 0.2792123333799655 off 0.25476132409713875	false	1.0
armselig	off 1.0		__DUMMY__ 0.4637671485717272 neg 0.28119074246740344 off 0.25504210896086943	false	0.5
desaster	neg 1.0		__DUMMY__ 0.47061192631413484 neg 0.29162763856251883 off 0.23776043512334638	false	1.0
tod	neg 1.0		__DUMMY__ 0.47239586165308295 neg 0.2840592967596256 off 0.2435448415872914	false	1.0
herzlos	neg 1.0		__DUMMY__ 0.46538383902658437 neg 0.27828086366444094 off 0.25633529730897464	false	1.0
unwissenheit	neg 1.0		__DUMMY__ 0.46709114518134426 neg 0.2901350471116069 off 0.2427738077070489	false	1.0
widersinnig	neg 1.0	neg 1.0	neg 0.6352563519381144 __DUMMY__ 0.22673993316978572 off 0.13800371489209998	false	1.0
bedenklich	neg 1.0		__DUMMY__ 0.4689008868445503 neg 0.2890766328884335 off 0.2420224802670162	false	1.0
beanstanden	neg 1.0		__DUMMY__ 0.471048783253834 neg 0.2887996122495629 off 0.24015160449660322	false	1.0
panisch	neg 1.0	neg 1.0	neg 0.6267017419968846 __DUMMY__ 0.23052990218355202 off 0.14276835581956346	false	1.0
debil	off 1.0		__DUMMY__ 0.47341453128087546 neg 0.29168780518423165 off 0.23489766353489294	false	0.5
abstrich	neg 1.0		__DUMMY__ 0.46993556119583124 neg 0.2872497347135221 off 0.24281470409064657	false	1.0
primitiv	neg 1.0		__DUMMY__ 0.4652738075558812 neg 0.28100202310346645 off 0.2537241693406524	false	1.0
abschaum	off 1.0	off 1.0	off 0.612857903391749 __DUMMY__ 0.2266691281073459 neg 0.16047296850090517	false	1.0
provozieren	neg 1.0		__DUMMY__ 0.46802460903995285 neg 0.28508550441423736 off 0.24688988654580962	false	1.0
tot	neg 1.0		__DUMMY__ 0.4710354782911038 neg 0.28661455508801853 off 0.24234996662087774	false	1.0
instabil	neg 1.0		__DUMMY__ 0.46456801059070163 neg 0.2822524409551361 off 0.2531795484541623	false	1.0
schwuchtel	off 1.0		__DUMMY__ 0.4606647931317489 neg 0.27166943368478796 off 0.267665773183463	false	0.5
zerren	neg 1.0		__DUMMY__ 0.4716012554791801 neg 0.2825461088359448 off 0.2458526356848751	false	1.0
kinderficker	off 1.0		__DUMMY__ 0.4625745523300964 neg 0.279824796975265 off 0.2576006506946386	false	0.5
gefahr	neg 1.0		__DUMMY__ 0.4712551745876941 neg 0.288175523096406 off 0.24056930231589993	false	1.0
rabiat	neg 1.0		__DUMMY__ 0.4680747938110858 neg 0.28586135190310874 off 0.2460638542858055	false	1.0
verlangsamung	neg 1.0		__DUMMY__ 0.463133561209604 neg 0.2769213725893943 off 0.2599450662010017	false	1.0
ausgestorben	neg 1.0		__DUMMY__ 0.4706214472904954 neg 0.28308999328587564 off 0.246288559423629	false	1.0
anklagen	neg 1.0		__DUMMY__ 0.4687515432321041 neg 0.28720603464490263 off 0.2440424221229932	false	1.0
trott	neg 1.0		__DUMMY__ 0.47048939648083876 neg 0.2833202971124082 off 0.2461903064067531	false	1.0
verminderung	neg 1.0		__DUMMY__ 0.46585295128373083 neg 0.27994563812939477 off 0.25420141058687423	false	1.0
nach			__DUMMY__ 0.4781405004478423 neg 0.2831228781977196 off 0.23873662135443818	false	0.0
rost	neg 1.0		__DUMMY__ 0.46358700695349936 neg 0.2779161639307 off 0.25849682911580074	false	1.0
destruktiv	neg 1.0		__DUMMY__ 0.46654859539987664 neg 0.28857956035611537 off 0.2448718442440079	false	1.0
unzumutbarkeit	neg 1.0		__DUMMY__ 0.4695775230917389 neg 0.2778344836389414 off 0.25258799326931974	false	1.0
labil	off 1.0	off 1.0	off 0.6129507603955874 __DUMMY__ 0.22705841837405158 neg 0.15999082123036115	false	1.0
ziemlich	neg 1.0		__DUMMY__ 0.4686662984773174 neg 0.2773840390495782 off 0.2539496624731045	false	1.0
lachnummer	off 1.0		__DUMMY__ 0.46835913675894353 neg 0.28574637749946824 off 0.2458944857415881	false	0.5
oder			__DUMMY__ 0.47145291026290026 neg 0.2808042369268437 off 0.24774285281025613	false	0.0
verfall	neg 1.0		__DUMMY__ 0.4715786610812882 neg 0.2931688180080159 off 0.23525252091069582	false	1.0
ausgrenzung	neg 1.0		__DUMMY__ 0.4657871272801261 neg 0.2873049104374015 off 0.24690796228247233	false	1.0
unordnung	neg 1.0		__DUMMY__ 0.4695873125955231 neg 0.2768488029878386 off 0.2535638844166383	false	1.0
fehlverhalten	neg 1.0		__DUMMY__ 0.4694735968160032 neg 0.2898764170501094 off 0.24064998613388733	false	1.0
eine			__DUMMY__ 0.47146800449042175 neg 0.2879044831417557 off 0.24062751236782243	false	0.0
nille	neg 1.0		__DUMMY__ 0.46996645423270184 neg 0.28477164366112084 off 0.24526190210617746	false	1.0
qual	neg 1.0		__DUMMY__ 0.4700784706922265 neg 0.2841460658082048 off 0.2457754634995686	false	1.0
verschwenden	neg 1.0		__DUMMY__ 0.4693795607061921 neg 0.2878243830807952 off 0.24279605621301256	false	1.0
riesig	neg 1.0	neg 1.0	neg 0.6312726025982082 __DUMMY__ 0.23040141201724135 off 0.13832598538455057	false	1.0
verurteilen	neg 1.0		__DUMMY__ 0.46809450944665687 neg 0.28872707325847086 off 0.24317841729487227	false	1.0
klischee	neg 1.0	neg 1.0	neg 0.6312779193047116 __DUMMY__ 0.22671386971762728 off 0.14200821097766125	false	1.0
diktatorisch	neg 1.0		__DUMMY__ 0.4647511550384946 neg 0.2889810120755414 off 0.2462678328859641	false	1.0
vorhersehbar	neg 1.0	neg 1.0	neg 0.6309592334239835 __DUMMY__ 0.2272900878060428 off 0.14175067876997374	false	1.0
sowie			__DUMMY__ 0.46435221368080243 neg 0.2773724847440456 off 0.2582753015751521	false	0.0
stornieren	neg 1.0		__DUMMY__ 0.47397280379942613 neg 0.2767953195326999 off 0.2492318766678739	false	1.0
besteuerung	neg 1.0		__DUMMY__ 0.4665194470598213 neg 0.28734644054239783 off 0.24613411239778077	false	1.0
ungeschminkt	neg 1.0		__DUMMY__ 0.46662964140814456 neg 0.27997986397275265 off 0.2533904946191029	false	1.0
kritisch	neg 1.0		__DUMMY__ 0.46925307243168685 neg 0.28882828622455164 off 0.24191864134376154	false	1.0
schlamperei	off 1.0		__DUMMY__ 0.46932503329949526 neg 0.290066544615831 off 0.24060842208467373	false	0.5
sucht	neg 1.0	neg 1.0	neg 0.630104893015092 __DUMMY__ 0.2296011677737014 off 0.14029393921120653	false	1.0
egoistisch	off 1.0		__DUMMY__ 0.46504276259069843 neg 0.27569613938384896 off 0.2592610980254525	false	0.5
ausbeuter	off 1.0		__DUMMY__ 0.4682297414637677 neg 0.29179327990319115 off 0.23997697863304115	false	0.5
arschgeburt	off 1.0		__DUMMY__ 0.45988110847568237 neg 0.2726115867102768 off 0.2675073048140409	false	0.5
schubs	neg 1.0	neg 1.0	neg 0.6301278897254199 __DUMMY__ 0.23063353843520526 off 0.13923857183937488	false	1.0
unsolide	neg 1.0		__DUMMY__ 0.4626739622783746 neg 0.29123263980622793 off 0.24609339791539744	false	1.0
beschwerde	neg 1.0		__DUMMY__ 0.46940621121636517 neg 0.28970680964045953 off 0.24088697914317536	false	1.0
stocken	neg 1.0		__DUMMY__ 0.47012565560401226 neg 0.2879850991529793 off 0.2418892452430084	false	1.0
isolieren	neg 1.0		__DUMMY__ 0.46873460515844506 neg 0.28852351461312736 off 0.24274188022842763	false	1.0
unheilbar	neg 1.0		__DUMMY__ 0.46958614128020437 neg 0.28324967096435066 off 0.24716418775544496	false	1.0
pisser	off 1.0		__DUMMY__ 0.4670642114661121 neg 0.2781232937605795 off 0.2548124947733083	false	0.5
löschen	neg 1.0		__DUMMY__ 0.4694156499687224 neg 0.2842658324564956 off 0.2463185175747819	false	1.0
durchfallen	neg 1.0		__DUMMY__ 0.46826687370455067 neg 0.28852702996566565 off 0.24320609632978377	false	1.0
wichser	off 1.0		__DUMMY__ 0.46331409290063935 neg 0.27210973287511064 off 0.26457617422425	false	0.5
terror	neg 1.0		__DUMMY__ 0.47037967035294026 neg 0.2792872413021539 off 0.25033308834490586	false	1.0
krass	neg 1.0		__DUMMY__ 0.4660703439591545 neg 0.2766941750928835 off 0.25723548094796206	false	1.0
revolte	neg 1.0		__DUMMY__ 0.4662262376407294 neg 0.2859205077859908 off 0.2478532545732799	false	1.0
besorgt	neg 1.0		__DUMMY__ 0.472394953381409 neg 0.28254366111053725 off 0.24506138550805373	false	1.0
nachlassen	neg 1.0		__DUMMY__ 0.47018425000855635 neg 0.2883966931748112 off 0.24141905681663248	false	1.0
alt	neg 1.0		__DUMMY__ 0.470794191051178 neg 0.28619332581448065 off 0.24301248313434148	false	1.0
hundesohn	off 1.0		__DUMMY__ 0.46222551888295405 neg 0.2756742809854883 off 0.2621002001315575	false	0.5
als			__DUMMY__ 0.47189749720908064 neg 0.2829036611610889 off 0.24519884162983033	false	0.0
abschreckung	neg 1.0		__DUMMY__ 0.4704307886582755 neg 0.2903847267781873 off 0.2391844845635373	false	1.0
unqualifiziert	neg 1.0		__DUMMY__ 0.4649658499572311 neg 0.28599254216434966 off 0.24904160787841909	false	1.0
abgewichst	off 1.0		__DUMMY__ 0.4703350420609002 neg 0.2850461809621354 off 0.24461877697696452	false	0.5
schwer	neg 1.0		__DUMMY__ 0.4699621648935215 neg 0.2833885531289312 off 0.24664928197754732	false	1.0
bedeutungslosigkeit	neg 1.0		__DUMMY__ 0.47002054900147583 neg 0.28977882737158606 off 0.24020062362693798	false	1.0
kapitulation	neg 1.0		__DUMMY__ 0.4671653494897964 neg 0.2920444141897657 off 0.2407902363204378	false	1.0
unscharf	neg 1.0		__DUMMY__ 0.46916007136293847 neg 0.28133192929955325 off 0.24950799933750814	false	1.0
schwinden	neg 1.0		__DUMMY__ 0.4699871296428341 neg 0.2900232130637934 off 0.23998965729337265	false	1.0
versklavung	neg 1.0		__DUMMY__ 0.46452543486113507 neg 0.2898101138078566 off 0.24566445133100828	false	1.0
schlecht	neg 1.0		__DUMMY__ 0.4687424723914047 neg 0.2771650584756471 off 0.25409246913294814	false	1.0
verhasst	neg 1.0		__DUMMY__ 0.46792988604647273 neg 0.28474430766946995 off 0.2473258062840574	false	1.0
beschweren	neg 1.0		__DUMMY__ 0.46888605608486705 neg 0.2823448988662473 off 0.24876904504888558	false	1.0
scheiden	neg 1.0		__DUMMY__ 0.4742922437184933 neg 0.27687786754649885 off 0.2488298887350079	false	1.0
frustriert	neg 1.0		__DUMMY__ 0.47023709685042375 neg 0.28432305020951193 off 0.24543985294006426	false	1.0
schimmelig	neg 1.0		__DUMMY__ 0.47202484686379154 neg 0.2852803201236962 off 0.24269483301251216	false	1.0
fisch	neg 1.0		__DUMMY__ 0.4757544611532399 neg 0.28167506971805456 off 0.24257046912870556	false	1.0
schmuggel	neg 1.0		__DUMMY__ 0.4732096187616257 neg 0.28547660315859474 off 0.2413137780797796	false	1.0
auffallen	neg 1.0		__DUMMY__ 0.46937364743802423 neg 0.28077875451104556 off 0.24984759805093032	false	1.0
konkurrenz	neg 1.0	neg 1.0	neg 0.6334551394617902 __DUMMY__ 0.23036486736323897 off 0.13617999317497081	false	1.0
teufelskreis	neg 1.0	neg 1.0	neg 0.6327785198644852 __DUMMY__ 0.22793323620242342 off 0.13928824393309147	false	1.0
aufschreien	neg 1.0		__DUMMY__ 0.46746757721380855 neg 0.28361954833369896 off 0.2489128744524924	false	1.0
schuldner	neg 1.0		__DUMMY__ 0.47055626002246537 neg 0.2888956708042543 off 0.24054806917328034	false	1.0
missgeburt	off 1.0	off 1.0	off 0.6169198609959334 __DUMMY__ 0.2259743052024528 neg 0.1571058338016137	false	1.0
arbeitslos	neg 1.0		__DUMMY__ 0.46849348851066197 neg 0.2878898618303408 off 0.2436166496589972	false	1.0
befallen	neg 1.0		__DUMMY__ 0.4669152083615212 neg 0.2898424039306818 off 0.2432423877077971	false	1.0
miesepetrig	off 1.0	off 1.0	off 0.6142418936211843 __DUMMY__ 0.22812781257764397 neg 0.15763029380117172	false	1.0
alarmieren	neg 1.0		__DUMMY__ 0.4660128720821086 neg 0.28317118380306194 off 0.2508159441148293	false	1.0
ungeduscht	off 1.0		__DUMMY__ 0.46986019541964924 neg 0.2787071554459265 off 0.2514326491344242	false	0.5
knappheit	neg 1.0		__DUMMY__ 0.46779320198191937 neg 0.2910639187259134 off 0.24114287929216724	false	1.0
schlange	neg 1.0		__DUMMY__ 0.4721691049296072 neg 0.2778767776871624 off 0.24995411738323034	false	1.0
harsch	neg 1.0		__DUMMY__ 0.46832234124541716 neg 0.27289883259803716 off 0.2587788261565455	false	1.0
lang	neg 1.0		__DUMMY__ 0.4696147724696282 neg 0.28342460762129856 off 0.24696061990907325	false	1.0
ziellos	neg 1.0		__DUMMY__ 0.47199969246739565 neg 0.2835803052988055 off 0.24442000223379887	false	1.0
selbstverliebt	neg 1.0		__DUMMY__ 0.46060170644554077 neg 0.2747780471093235 off 0.2646202464451357	false	1.0
beseitigen	neg 1.0	neg 1.0	neg 0.6300428841653839 __DUMMY__ 0.23009780835685062 off 0.13985930747776554	false	1.0
dumm	off 1.0		__DUMMY__ 0.4641054024302495 neg 0.27574530279828013 off 0.2601492947714703	false	0.5
arbeitsloser	neg 1.0		__DUMMY__ 0.4707083056291193 neg 0.2859151074749173 off 0.2433765868959635	false	1.0
blitzen	neg 1.0		__DUMMY__ 0.46830457343701215 neg 0.28161322993267174 off 0.2500821966303163	false	1.0
hilflos	neg 1.0		__DUMMY__ 0.47003349926495314 neg 0.28522018497374185 off 0.24474631576130496	false	1.0
eklig	off 1.0		__DUMMY__ 0.464227769192953 neg 0.27476652934842755 off 0.2610057014586195	false	0.5
begriff			__DUMMY__ 0.4682039067265464 neg 0.2872711757607689 off 0.24452491751268476	false	0.0
hungersnot	neg 1.0		__DUMMY__ 0.46967151488880454 neg 0.28608711215956395 off 0.2442413729516315	false	1.0
ungesetzlich	neg 1.0		__DUMMY__ 0.46306279940260303 neg 0.2904460467250991 off 0.24649115387229784	false	1.0
verschwendung	neg 1.0		__DUMMY__ 0.47003705456918693 neg 0.28848003457705707 off 0.241482910853756	false	1.0
schmerzvoll	neg 1.0		__DUMMY__ 0.46927027506618857 neg 0.28187602309810716 off 0.24885370183570416	false	1.0
vorzeitig	neg 1.0		__DUMMY__ 0.47007059539964713 neg 0.27922905152274163 off 0.2507003530776113	false	1.0
unvollkommenheit	neg 1.0		__DUMMY__ 0.4729070776427654 neg 0.2823617030012197 off 0.24473121935601488	false	1.0
intervenieren	neg 1.0		__DUMMY__ 0.46830036045627926 neg 0.2913071897196209 off 0.24039244982409977	false	1.0
banause	off 1.0		__DUMMY__ 0.4625178675302232 neg 0.2745651308265031 off 0.2629170016432736	false	0.5
rebell	neg 1.0		__DUMMY__ 0.47211918334773645 neg 0.2898340531571636 off 0.23804676349509996	false	1.0
unlogisch	neg 1.0		__DUMMY__ 0.46623925870327926 neg 0.27744335832281286 off 0.25631738297390794	false	1.0
leiden	neg 1.0		__DUMMY__ 0.4756007594266689 neg 0.281393803721835 off 0.243005436851496	false	1.0
abschaffung	neg 1.0		__DUMMY__ 0.467101394229755 neg 0.28672273990699704 off 0.24617586586324805	false	1.0
sturz	neg 1.0		__DUMMY__ 0.4708377936955276 neg 0.28223570665716446 off 0.24692649964730798	false	1.0
verkleinerung	neg 1.0		__DUMMY__ 0.4654742989718336 neg 0.28578280925979244 off 0.2487428917683739	false	1.0
schmarotzer	off 1.0		__DUMMY__ 0.46761915880772903 neg 0.2892976031367046 off 0.2430832380555664	false	0.5
bestrafung	neg 1.0		__DUMMY__ 0.46805890941776196 neg 0.2841954600296065 off 0.24774563055263166	false	1.0
achtlos	neg 1.0		__DUMMY__ 0.47099614992804245 neg 0.2820405033036798 off 0.24696334676827777	false	1.0
ungeheuer	neg 1.0		__DUMMY__ 0.47006840883045503 neg 0.2791600975548971 off 0.25077149361464773	false	1.0
unaufrichtig	neg 1.0		__DUMMY__ 0.4654882180419683 neg 0.2868076565620731 off 0.24770412539595846	false	1.0
groggy	neg 1.0		__DUMMY__ 0.4676092148688303 neg 0.2831703171719303 off 0.2492204679592395	false	1.0
verletzlich	neg 1.0		__DUMMY__ 0.46705877685939634 neg 0.27805926731899255 off 0.25488195582161105	false	1.0
