unsolidarisch	neg 1.0		neg 0.5194824811430172 off 0.43923672840109523 __DUMMY__ 0.041280790455887395	false	1.0
nachteilig	neg 1.0		neg 0.5192881021395548 off 0.43888832869666705 __DUMMY__ 0.041823569163778065	false	1.0
skeptisch	neg 1.0		neg 0.5193528127522091 off 0.4387286551197961 __DUMMY__ 0.04191853212799478	false	1.0
schrecklich	neg 1.0		neg 0.5031618504960624 off 0.4552993126054284 __DUMMY__ 0.041538836898509145	false	1.0
schlapp	neg 1.0		neg 0.5068069855370555 off 0.4514132158396727 __DUMMY__ 0.04177979862327183	false	1.0
abfall	neg 1.0		neg 0.5224499188471892 off 0.4355783276590194 __DUMMY__ 0.041971753493791494	false	1.0
widerspenstig	neg 1.0		neg 0.5136315615107498 off 0.44456889159398133 __DUMMY__ 0.04179954689526893	false	1.0
abrupt	neg 1.0		neg 0.5161516527902662 off 0.4416963275039739 __DUMMY__ 0.042152019705759845	false	1.0
unwirksam	neg 1.0		neg 0.5167596152566771 off 0.4417188900368406 __DUMMY__ 0.04152149470648237	false	1.0
angreifen	neg 1.0	neg 1.0	neg 0.7466573690997845 off 0.23334978372511392 __DUMMY__ 0.019992847175101504	false	1.0
inkonsistent	neg 1.0		neg 0.5123264336535781 off 0.4458564578922191 __DUMMY__ 0.04181710845420278	false	1.0
abrutschen	neg 1.0		neg 0.5216121337064615 off 0.43638154107474214 __DUMMY__ 0.042006325218796374	false	1.0
unsicher	neg 1.0		neg 0.5127244824748786 off 0.445385675031206 __DUMMY__ 0.04188984249391547	false	1.0
bauernkind	off 1.0	off 1.0	off 0.7109076446239034 neg 0.2694120818015504 __DUMMY__ 0.019680273574546228	false	1.0
angreifer	neg 1.0		neg 0.510828058673682 off 0.4472533205555622 __DUMMY__ 0.041918620770755796	false	1.0
trennen	neg 1.0		neg 0.5143937211496316 off 0.4433170886591624 __DUMMY__ 0.042289190191206104	false	1.0
schmutz	neg 1.0		neg 0.5076103894465149 off 0.45020997706153215 __DUMMY__ 0.042179633491952785	false	1.0
inkonsistenz	neg 1.0		neg 0.51172096136668 off 0.4468386616607224 __DUMMY__ 0.04144037697259774	false	1.0
erschreckend	neg 1.0		neg 0.5158072405680038 off 0.4424472021877782 __DUMMY__ 0.04174555724421793	false	1.0
ertrinken	neg 1.0		neg 0.5162592294743598 off 0.44171903325227013 __DUMMY__ 0.04202173727337022	false	1.0
pickelface	off 1.0		neg 0.5162649473214654 off 0.44191347357405786 __DUMMY__ 0.04182157910447672	false	0.5
seiner			neg 0.5176315429070585 off 0.44033888272565697 __DUMMY__ 0.04202957436728442	false	0.0
lauch	neg 1.0		neg 0.5226895320523338 off 0.4354228817095318 __DUMMY__ 0.041887586238134426	false	1.0
unwichtig	neg 1.0		neg 0.5093627652951104 off 0.44905498944240185 __DUMMY__ 0.041582245262487924	false	1.0
steuerhinterziehung	neg 1.0		neg 0.5181849096123597 off 0.4401993654836696 __DUMMY__ 0.041615724903970745	false	1.0
schock	neg 1.0		neg 0.5117806776762375 off 0.4461149935556702 __DUMMY__ 0.04210432876809229	false	1.0
beule	neg 1.0		neg 0.506075086156296 off 0.45211650955157046 __DUMMY__ 0.041808404292133436	false	1.0
vergelten	neg 1.0		neg 0.5028298503652383 off 0.4553904387522742 __DUMMY__ 0.04177971088248738	false	1.0
verdorbenheit	neg 1.0		neg 0.5124080010251284 off 0.4456057898951579 __DUMMY__ 0.041986209079713836	false	1.0
trauma	neg 1.0		neg 0.5127180222814292 off 0.44550917398711704 __DUMMY__ 0.04177280373145383	false	1.0
sinnlos	neg 1.0		neg 0.5101921226815059 off 0.44797553376381977 __DUMMY__ 0.041832343554674266	false	1.0
fettsack	off 1.0	off 1.0	off 0.7128569901488727 neg 0.26738187921604073 __DUMMY__ 0.019761130635086478	false	1.0
feige	off 1.0	off 1.0	off 0.7088127340198923 neg 0.27141596229408893 __DUMMY__ 0.01977130368601879	false	1.0
abdanken	neg 1.0		neg 0.516737324655462 off 0.4416183663198262 __DUMMY__ 0.04164430902471187	false	1.0
wichtigtuer	off 1.0	off 1.0	off 0.7073455736091313 neg 0.2728028075740655 __DUMMY__ 0.01985161881680314	false	1.0
misslingen	neg 1.0		neg 0.5090294105675902 off 0.44882737874626843 __DUMMY__ 0.042143210686141346	false	1.0
untreu	off 1.0		neg 0.508422507066253 off 0.45006815643279874 __DUMMY__ 0.04150933650094809	false	0.5
missmutig	neg 1.0		neg 0.5085803561979823 off 0.4497710013610402 __DUMMY__ 0.041648642440977574	false	1.0
hurenbock	off 1.0		neg 0.5108064271691045 off 0.44729045249876637 __DUMMY__ 0.041903120332129215	false	0.5
betrunken	neg 1.0		neg 0.5033534559112502 off 0.4548511619517947 __DUMMY__ 0.04179538213695496	false	1.0
korrupt	off 1.0		neg 0.5210134559076005 off 0.43755569716713855 __DUMMY__ 0.04143084692526095	false	0.5
unmut	neg 1.0		neg 0.5224564678898416 off 0.4355902468170602 __DUMMY__ 0.04195328529309833	false	1.0
hackfresse	off 1.0		neg 0.5008801545264031 off 0.4578183904060497 __DUMMY__ 0.04130145506754714	false	0.5
aufblasen	neg 1.0		neg 0.5101789325503829 off 0.44786786225125635 __DUMMY__ 0.04195320519836061	false	1.0
gewaltsam	neg 1.0		neg 0.5145082056527093 off 0.4436408565072079 __DUMMY__ 0.04185093784008279	false	1.0
unbeliebtheit	neg 1.0		neg 0.5146203898887971 off 0.44424673945515186 __DUMMY__ 0.04113287065605098	false	1.0
sturheit	neg 1.0		neg 0.5166655079088299 off 0.44166281456233997 __DUMMY__ 0.04167167752883006	false	1.0
kuh	neg 1.0		neg 0.5143182311468254 off 0.4440373251708266 __DUMMY__ 0.04164444368234798	false	1.0
erschrecken	neg 1.0		neg 0.5084137876196089 off 0.4498281344439914 __DUMMY__ 0.0417580779363997	false	1.0
opfer	neg 1.0		neg 0.5172048481178174 off 0.4408692077615349 __DUMMY__ 0.04192594412064762	false	1.0
sinken	neg 1.0		neg 0.5207154637047133 off 0.4372450630932409 __DUMMY__ 0.04203947320204575	false	1.0
stinktier	neg 1.0		neg 0.504168744789591 off 0.4544636338840736 __DUMMY__ 0.041367621326335514	false	1.0
tucke	off 1.0		neg 0.5032306193747333 off 0.4557694224421189 __DUMMY__ 0.04099995818314767	false	0.5
ein			neg 0.5107000584863886 off 0.44731741737588526 __DUMMY__ 0.04198252413772612	false	0.0
abstieg	neg 1.0		neg 0.5162059895192631 off 0.441660306095813 __DUMMY__ 0.042133704384923795	false	1.0
missverstehen	neg 1.0		neg 0.5124115536132743 off 0.44600377300619987 __DUMMY__ 0.04158467338052592	false	1.0
ergebnislos	neg 1.0		neg 0.5184278459502316 off 0.4396403375466563 __DUMMY__ 0.04193181650311215	false	1.0
unter			neg 0.5219159318377093 off 0.43552354927164166 __DUMMY__ 0.0425605188906489	false	0.0
manipulieren	neg 1.0		neg 0.5202111516425383 off 0.4379566804857665 __DUMMY__ 0.04183216787169519	false	1.0
unbewiesen	neg 1.0		neg 0.5198778755879453 off 0.43891460278142136 __DUMMY__ 0.0412075216306334	false	1.0
verschleppen	neg 1.0		neg 0.5173723336993808 off 0.4407989873966595 __DUMMY__ 0.04182867890395961	false	1.0
weib	off 1.0		neg 0.5010590333815477 off 0.4576516026673268 __DUMMY__ 0.04128936395112556	false	0.5
opposition	neg 1.0		neg 0.5134792760943953 off 0.44492685638197293 __DUMMY__ 0.041593867523631915	false	1.0
verkehrswidrig	neg 1.0	neg 1.0	neg 0.7353795698571407 off 0.24446882207285212 __DUMMY__ 0.020151608070007116	false	1.0
inkorrekt	neg 1.0		neg 0.5098969472329398 off 0.4488892179534797 __DUMMY__ 0.04121383481358043	false	1.0
vermeiden	neg 1.0		neg 0.5225791584309486 off 0.43522108122926684 __DUMMY__ 0.04219976033978458	false	1.0
abweichung	neg 1.0		neg 0.51833791586604 off 0.4397881429180761 __DUMMY__ 0.041873941215883725	false	1.0
alkoholisiert	neg 1.0		neg 0.5134434028221198 off 0.44410252495963787 __DUMMY__ 0.04245407221824229	false	1.0
scheiss	off 1.0	off 1.0	off 0.7105413375173854 neg 0.26953406914996514 __DUMMY__ 0.0199245933326496	false	1.0
herausforderung	neg 1.0	neg 1.0	neg 0.7431201354278475 off 0.23653487282422223 __DUMMY__ 0.02034499174793019	false	1.0
pervers	off 1.0		neg 0.49767928284167856 off 0.4611192799895498 __DUMMY__ 0.04120143716877156	false	0.5
wackelig	neg 1.0		neg 0.512479741463405 off 0.4452825154051131 __DUMMY__ 0.042237743131481875	false	1.0
verwickeln	neg 1.0		neg 0.5127776230594722 off 0.4456567816184203 __DUMMY__ 0.04156559532210747	false	1.0
vorwand	neg 1.0		neg 0.5203964468669532 off 0.43768925098266576 __DUMMY__ 0.04191430215038115	false	1.0
muschi	off 1.0		neg 0.515480311672304 off 0.44267544824195193 __DUMMY__ 0.04184424008574405	false	0.5
entmutigung	neg 1.0		neg 0.51520002277133 off 0.44331542132397017 __DUMMY__ 0.04148455590469982	false	1.0
unangemessen	neg 1.0		neg 0.5173869680827713 off 0.4409071905206517 __DUMMY__ 0.041705841396576994	false	1.0
unstetig	neg 1.0		neg 0.5107830220560341 off 0.4472674511129538 __DUMMY__ 0.04194952683101221	false	1.0
entmutigen	neg 1.0		neg 0.5123007672822885 off 0.44593827401212127 __DUMMY__ 0.04176095870559024	false	1.0
schwanz	neg 1.0		neg 0.5179940327867766 off 0.44000839931527014 __DUMMY__ 0.0419975678979533	false	1.0
verbot	neg 1.0		neg 0.5191161659804172 off 0.43923141635376955 __DUMMY__ 0.041652417665813325	false	1.0
leid	neg 1.0		neg 0.5021019003060548 off 0.4564083912420737 __DUMMY__ 0.041489708451871346	false	1.0
archaisch	neg 1.0		neg 0.5164447456114589 off 0.44174282265162157 __DUMMY__ 0.041812431736919536	false	1.0
gegen			neg 0.5191410909060081 off 0.4387306620903124 __DUMMY__ 0.042128247003679474	false	0.0
scheidung	neg 1.0		neg 0.49302926173243994 off 0.46574858943827346 __DUMMY__ 0.041222148829286515	false	1.0
einschlag	neg 1.0	neg 1.0	neg 0.7381765080938419 off 0.24191314165508326 __DUMMY__ 0.0199103502510749	false	1.0
m			neg 0.5144990408919525 off 0.4434744891946443 __DUMMY__ 0.04202646991340325	false	0.0
abgestanden	neg 1.0		neg 0.5108173690262507 off 0.4472139723315141 __DUMMY__ 0.04196865864223506	false	1.0
schmierig	off 1.0		neg 0.5024522701139899 off 0.45602381196638625 __DUMMY__ 0.04152391791962391	false	0.5
unpraktisch	neg 1.0		neg 0.5096180064553583 off 0.44833128875295947 __DUMMY__ 0.0420507047916823	false	1.0
wixxer	off 1.0		neg 0.49846109803027805 off 0.46038560593424616 __DUMMY__ 0.04115329603547576	false	0.5
bezeichnet			neg 0.5153341474578567 off 0.44295462483741227 __DUMMY__ 0.041711227704730985	false	0.0
jammerlappen	off 1.0		neg 0.5089550258959632 off 0.44944249514179335 __DUMMY__ 0.04160247896224352	false	0.5
farce	neg 1.0		neg 0.5188113334193554 off 0.43961450703073923 __DUMMY__ 0.04157415954990549	false	1.0
zwecklos	neg 1.0		neg 0.5172711945245554 off 0.441004341746235 __DUMMY__ 0.04172446372920954	false	1.0
turbulent	neg 1.0		neg 0.5092230177612785 off 0.4492713307396632 __DUMMY__ 0.04150565149905812	false	1.0
invasion	neg 1.0		neg 0.5100052516977049 off 0.44815585536043945 __DUMMY__ 0.041838892941855624	false	1.0
schuld	neg 1.0		neg 0.5132284013300101 off 0.445038590218828 __DUMMY__ 0.04173300845116196	false	1.0
risiko	neg 1.0		neg 0.5122466619932999 off 0.4458411283053928 __DUMMY__ 0.04191220970130728	false	1.0
finster	neg 1.0		neg 0.5111920233300944 off 0.4469095022027915 __DUMMY__ 0.04189847446711403	false	1.0
geisteskrank	off 1.0		neg 0.5087991616666252 off 0.449806999229418 __DUMMY__ 0.041393839103956644	false	0.5
zusammenbrechen	neg 1.0		neg 0.514338692943925 off 0.4437246455624098 __DUMMY__ 0.041936661493665234	false	1.0
ausbeute	neg 1.0		neg 0.5148251896404172 off 0.44288353805786995 __DUMMY__ 0.04229127230171284	false	1.0
hinterhalt	neg 1.0		neg 0.5135514419284759 off 0.4443822340737424 __DUMMY__ 0.042066323997781624	false	1.0
kritik	neg 1.0		neg 0.51873053038816 off 0.439663774118397 __DUMMY__ 0.041605695493443104	false	1.0
einschrumpfen	neg 1.0		neg 0.5130420696042877 off 0.44549458011319376 __DUMMY__ 0.041463350282518525	false	1.0
riskant	neg 1.0		neg 0.518489078560867 off 0.43968115585081524 __DUMMY__ 0.04182976558831769	false	1.0
frustrieren	neg 1.0		neg 0.5176552455523603 off 0.4404610350532801 __DUMMY__ 0.04188371939435952	false	1.0
groll	neg 1.0		neg 0.5166495280348838 off 0.44152559596969315 __DUMMY__ 0.04182487599542309	false	1.0
gibt			neg 0.515405655606662 off 0.4427146499823363 __DUMMY__ 0.04187969441100177	false	0.0
qualvoll	neg 1.0		neg 0.5088160926863647 off 0.44936160408174364 __DUMMY__ 0.04182230323189167	false	1.0
wackeln	neg 1.0	neg 1.0	neg 0.7414487321767708 off 0.23843756932706814 __DUMMY__ 0.020113698496161084	false	1.0
klagen	neg 1.0		neg 0.5212440399717723 off 0.4367529141544812 __DUMMY__ 0.04200304587374653	false	1.0
bankrott	neg 1.0		neg 0.5088194070477817 off 0.44943128393547144 __DUMMY__ 0.04174930901674685	false	1.0
trauern	neg 1.0		neg 0.5162313885715331 off 0.44172442480774315 __DUMMY__ 0.04204418662072386	false	1.0
ablehnung	neg 1.0		neg 0.5184815036346371 off 0.43989429408435077 __DUMMY__ 0.041624202281012136	false	1.0
stur	neg 1.0		neg 0.5129278714651601 off 0.4453911837169737 __DUMMY__ 0.04168094481786632	false	1.0
aufruhr	neg 1.0		neg 0.5146742767880383 off 0.44347751786509937 __DUMMY__ 0.041848205346862316	false	1.0
melancholie	neg 1.0		neg 0.5144518302759965 off 0.4434989120830053 __DUMMY__ 0.04204925764099825	false	1.0
ist			neg 0.5111801688061549 off 0.4470130107993358 __DUMMY__ 0.041806820394509295	false	0.0
torheit	neg 1.0		neg 0.515664391291176 off 0.4428117904735105 __DUMMY__ 0.04152381823531333	false	1.0
dreckskind	off 1.0		neg 0.5029954158435005 off 0.45570083223153324 __DUMMY__ 0.04130375192496622	false	0.5
umtauschen	neg 1.0		neg 0.512482275830521 off 0.44555593981014435 __DUMMY__ 0.04196178435933485	false	1.0
zum			neg 0.5177528397702313 off 0.43960561135723414 __DUMMY__ 0.042641548872534525	false	0.0
zersetzen	neg 1.0		neg 0.5212246651553143 off 0.43703083290212213 __DUMMY__ 0.04174450194256359	false	1.0
zur			neg 0.521838517400557 off 0.4358181900975887 __DUMMY__ 0.04234329250185417	false	0.0
frust	neg 1.0		neg 0.514458265622631 off 0.44359417796298206 __DUMMY__ 0.04194755641438695	false	1.0
unerbittlichkeit	neg 1.0		neg 0.520387793040488 off 0.4378033783769322 __DUMMY__ 0.04180882858257992	false	1.0
zwei			neg 0.5165700937945247 off 0.4409533799039095 __DUMMY__ 0.04247652630156574	false	0.0
unkorrekt	neg 1.0		neg 0.5089747882001004 off 0.44980192097229416 __DUMMY__ 0.041223290827605424	false	1.0
hexe	off 1.0		neg 0.5075665749117193 off 0.45079999484161615 __DUMMY__ 0.041633430246664445	false	0.5
lasch	neg 1.0		neg 0.5118835111866686 off 0.44663288289952574 __DUMMY__ 0.04148360591380563	false	1.0
rivale	neg 1.0		neg 0.5052190685159476 off 0.4531761003204687 __DUMMY__ 0.04160483116358392	false	1.0
mutlos	off 1.0	off 1.0	off 0.7031426228375467 neg 0.27696626378480194 __DUMMY__ 0.01989111337765134	false	1.0
wirr	off 1.0		neg 0.5080656105350968 off 0.45066644869640893 __DUMMY__ 0.041267940768494216	false	0.5
jahr			neg 0.5149314951427285 off 0.4426695571890807 __DUMMY__ 0.042398947668190815	false	0.0
wird			neg 0.5160382336896592 off 0.4419722703361009 __DUMMY__ 0.04198949597423982	false	0.0
strafbar	neg 1.0		neg 0.5190966230966894 off 0.4391422553308352 __DUMMY__ 0.04176112157247552	false	1.0
erosion	neg 1.0		neg 0.511698440044771 off 0.4463786945708292 __DUMMY__ 0.04192286538439976	false	1.0
eingehen	neg 1.0		neg 0.5183763096627115 off 0.43991331367762737 __DUMMY__ 0.041710376659661035	false	1.0
faul	off 1.0		neg 0.5075119985818433 off 0.45066100518952074 __DUMMY__ 0.04182699622863587	false	0.5
provisorium	neg 1.0		neg 0.5237044694862224 off 0.4338770476824191 __DUMMY__ 0.04241848283135859	false	1.0
schmerzen	neg 1.0		neg 0.5127948620318167 off 0.44531916173872904 __DUMMY__ 0.0418859762294544	false	1.0
schrumpfen	neg 1.0		neg 0.5246204501504478 off 0.4333574567804034 __DUMMY__ 0.04202209306914877	false	1.0
geistlos	off 1.0		neg 0.5160981467859118 off 0.4426676142442778 __DUMMY__ 0.04123423896981045	false	0.5
fehlkauf	neg 1.0		neg 0.5126099721878424 off 0.4457090684646408 __DUMMY__ 0.04168095934751683	false	1.0
frustrierend	neg 1.0		neg 0.5078394657523573 off 0.4503239038490169 __DUMMY__ 0.04183663039862583	false	1.0
unzufrieden	neg 1.0		neg 0.517039521397115 off 0.4411963153305813 __DUMMY__ 0.04176416327230368	false	1.0
verzweifeln	neg 1.0		neg 0.5137434745018772 off 0.444392320505527 __DUMMY__ 0.04186420499259573	false	1.0
verzweifelt	neg 1.0		neg 0.5123873075850462 off 0.4458914516063842 __DUMMY__ 0.04172124080856953	false	1.0
misstrauensantrag	neg 1.0		neg 0.5118873050336918 off 0.44644836849352443 __DUMMY__ 0.04166432647278364	false	1.0
abfallen	neg 1.0		neg 0.5096495233938095 off 0.44833557333644847 __DUMMY__ 0.04201490326974184	false	1.0
fucker	off 1.0		neg 0.5072460583024445 off 0.451262236178316 __DUMMY__ 0.04149170551923936	false	0.5
ungezogen	neg 1.0		neg 0.49832462476216 off 0.46031766496417686 __DUMMY__ 0.04135771027366323	false	1.0
irrsinnig	neg 1.0	neg 1.0	neg 0.7431451003811007 off 0.23694467545529635 __DUMMY__ 0.01991022416360289	false	1.0
unfassbar	neg 1.0		neg 0.5079925299931094 off 0.45041329961294946 __DUMMY__ 0.04159417039394115	false	1.0
hart	neg 1.0		neg 0.5097044973805127 off 0.4485875107057925 __DUMMY__ 0.04170799191369476	false	1.0
widerlich	off 1.0		neg 0.5087468011888168 off 0.4498495905168473 __DUMMY__ 0.041403608294335974	false	0.5
fatal	neg 1.0		neg 0.5119117673104774 off 0.4463761339822003 __DUMMY__ 0.041712098707322544	false	1.0
bruch	neg 1.0		neg 0.5216170906690263 off 0.4364433779316586 __DUMMY__ 0.04193953139931503	false	1.0
aushungern	neg 1.0		neg 0.5179089799346753 off 0.44052310347374846 __DUMMY__ 0.041567916591576125	false	1.0
anspannung	neg 1.0	neg 1.0	neg 0.7459187946910719 off 0.23370630254264688 __DUMMY__ 0.020374902766281146	false	1.0
von			neg 0.5161017560567587 off 0.44152241224056543 __DUMMY__ 0.0423758317026759	false	0.0
kraftlos	neg 1.0		neg 0.5135036246449673 off 0.4444002154878998 __DUMMY__ 0.04209615986713299	false	1.0
vom			neg 0.5204091880713795 off 0.4369414221478357 __DUMMY__ 0.04264938978078474	false	0.0
grenzdebil	off 1.0		neg 0.5065303108280892 off 0.4518665092686069 __DUMMY__ 0.041603179903303915	false	0.5
vor			neg 0.5182429679723443 off 0.4396395299442843 __DUMMY__ 0.042117502083371554	false	0.0
unterwerfen	neg 1.0		neg 0.5184715439755115 off 0.43968680469759597 __DUMMY__ 0.04184165132689253	false	1.0
versenkung	neg 1.0		neg 0.5182277384139715 off 0.4398703293768205 __DUMMY__ 0.041901932209207925	false	1.0
entziehen	neg 1.0		neg 0.5207623362940906 off 0.4372686393446286 __DUMMY__ 0.04196902436128092	false	1.0
finanzkrise	neg 1.0		neg 0.5176366798123077 off 0.44080123340766225 __DUMMY__ 0.04156208678003014	false	1.0
schimpfend	neg 1.0		neg 0.5096188263471577 off 0.44833753252009645 __DUMMY__ 0.04204364113274587	false	1.0
profan	neg 1.0		neg 0.5103145647825464 off 0.4479486177821678 __DUMMY__ 0.04173681743528568	false	1.0
korruption	neg 1.0	neg 1.0	neg 0.7465257960818792 off 0.2336023177069337 __DUMMY__ 0.019871886211187108	false	1.0
â			neg 0.5163317630710602 off 0.4416809788832618 __DUMMY__ 0.041987258045678086	false	0.0
schmutzig	neg 1.0		neg 0.5066228622919464 off 0.45170780218195833 __DUMMY__ 0.0416693355260952	false	1.0
sexy	neg 1.0		neg 0.509823334026776 off 0.44846247638828435 __DUMMY__ 0.04171418958493953	false	1.0
abraten	neg 1.0		neg 0.5110835838169215 off 0.4471241545326265 __DUMMY__ 0.04179226165045204	false	1.0
schwarz	neg 1.0		neg 0.5128503739098036 off 0.44545274885707187 __DUMMY__ 0.0416968772331246	false	1.0
fotze	off 1.0		neg 0.5179666089129428 off 0.44015487254388336 __DUMMY__ 0.041878518543173975	false	0.5
verwirren	neg 1.0		neg 0.5099917392493899 off 0.44826468405075665 __DUMMY__ 0.04174357669985345	false	1.0
zahnlos	off 1.0		neg 0.5172400441270334 off 0.4410182795361667 __DUMMY__ 0.04174167633679989	false	0.5
verheeren	neg 1.0		neg 0.49711101049385503 off 0.46151621604931725 __DUMMY__ 0.04137277345682783	false	1.0
hippie	neg 1.0		neg 0.5108185648293867 off 0.4474964303055658 __DUMMY__ 0.0416850048650474	false	1.0
rammen	neg 1.0		neg 0.5126453536794723 off 0.4455770589587482 __DUMMY__ 0.041777587361779424	false	1.0
unlauter	neg 1.0		neg 0.516961530398878 off 0.44162450549466814 __DUMMY__ 0.041413964106453975	false	1.0
unheilvoll	neg 1.0		neg 0.5087619654570973 off 0.44927638474666276 __DUMMY__ 0.04196164979623981	false	1.0
niedrig	neg 1.0		neg 0.5179017659275548 off 0.4401048711129684 __DUMMY__ 0.04199336295947682	false	1.0
explosion	neg 1.0		neg 0.5116881571160953 off 0.4466460754249206 __DUMMY__ 0.04166576745898418	false	1.0
weichei	off 1.0		neg 0.5022660921244423 off 0.4563747711663287 __DUMMY__ 0.04135913670922909	false	0.5
minusmensch	off 1.0		neg 0.5019406140452407 off 0.45712374045658977 __DUMMY__ 0.04093564549816942	false	0.5
farblos	neg 1.0		neg 0.5109303900304855 off 0.4468646552470505 __DUMMY__ 0.04220495472246404	false	1.0
unwissend	neg 1.0	neg 1.0	neg 0.7408705705700114 off 0.23930209767678404 __DUMMY__ 0.019827331753204485	false	1.0
traurig	neg 1.0		neg 0.5040107868642366 off 0.4543957405672981 __DUMMY__ 0.041593472568465385	false	1.0
senkung	neg 1.0		neg 0.5126930248709076 off 0.4457837504690738 __DUMMY__ 0.04152322466001867	false	1.0
ungleich	neg 1.0	neg 1.0	neg 0.7470937881618719 off 0.23300184859863904 __DUMMY__ 0.019904363239489128	false	1.0
heikel	neg 1.0		neg 0.5199957007550962 off 0.4381700328054204 __DUMMY__ 0.04183426643948349	false	1.0
drosselung	neg 1.0		neg 0.5066002142603828 off 0.4517392776744185 __DUMMY__ 0.0416605080651985	false	1.0
falsch	neg 1.0		neg 0.5088515246319403 off 0.44944490620548705 __DUMMY__ 0.04170356916257262	false	1.0
unzufriedenheit	neg 1.0		neg 0.5207467222334677 off 0.4374065907875941 __DUMMY__ 0.0418466869789383	false	1.0
kurz	neg 1.0		neg 0.5125081145882 off 0.44536941346422504 __DUMMY__ 0.04212247194757508	false	1.0
unsinnig	neg 1.0		neg 0.5175130286728841 off 0.44084111765991585 __DUMMY__ 0.04164585366720005	false	1.0
penner	off 1.0	off 1.0	off 0.7141521262886942 neg 0.2661393407442717 __DUMMY__ 0.019708532967034197	false	1.0
seicht	neg 1.0		neg 0.5013986708202616 off 0.45751716171463036 __DUMMY__ 0.041084167465108054	false	1.0
dummheit	off 1.0	off 1.0	off 0.7073801712385529 neg 0.27279308548625036 __DUMMY__ 0.019826743275196648	false	1.0
unerfreulich	neg 1.0		neg 0.5194317597940928 off 0.43855849042524203 __DUMMY__ 0.04200974978066504	false	1.0
motherfucker	off 1.0	off 1.0	off 0.7099223175759758 neg 0.2703103724868699 __DUMMY__ 0.019767309937154382	false	1.0
pikiert	neg 1.0		neg 0.5102308278885422 off 0.44836595841658905 __DUMMY__ 0.041403213694868796	false	1.0
wrack	neg 1.0		neg 0.5147978619897031 off 0.4429865357494431 __DUMMY__ 0.0422156022608538	false	1.0
gangster	neg 1.0		neg 0.5106416590834846 off 0.44760966577629974 __DUMMY__ 0.04174867514021567	false	1.0
krank	neg 1.0		neg 0.5049958264893193 off 0.4532854019843153 __DUMMY__ 0.041718771526365446	false	1.0
reich	neg 1.0		neg 0.5107842344126408 off 0.44771200777442605 __DUMMY__ 0.0415037578129332	false	1.0
gnadenlos	neg 1.0		neg 0.5126980411611053 off 0.44551854173562383 __DUMMY__ 0.04178341710327092	false	1.0
niedergeschlagen	neg 1.0		neg 0.5134631707598368 off 0.4445381001460929 __DUMMY__ 0.041998729094070146	false	1.0
terrorisieren	off 1.0	off 1.0	off 0.7044251865093745 neg 0.2755733505971062 __DUMMY__ 0.02000146289351949	false	1.0
sinnlosigkeit	neg 1.0		neg 0.5167559611677985 off 0.4414727965878557 __DUMMY__ 0.04177124224434567	false	1.0
behindern	neg 1.0		neg 0.5152218786854381 off 0.4430204456176581 __DUMMY__ 0.0417576756969039	false	1.0
undemokratisch	neg 1.0		neg 0.5157235922909896 off 0.44276361567924066 __DUMMY__ 0.041512792029769645	false	1.0
wirtschaftskrise	neg 1.0		neg 0.5191428613029335 off 0.439138798889054 __DUMMY__ 0.04171833980801249	false	1.0
neid	neg 1.0		neg 0.5062805000647446 off 0.4518423903983981 __DUMMY__ 0.041877109536857464	false	1.0
rutschen	neg 1.0	neg 1.0	neg 0.7445913925286518 off 0.23504017883653286 __DUMMY__ 0.020368428634815302	false	1.0
rezession	neg 1.0		neg 0.5063624591872089 off 0.4523700613869237 __DUMMY__ 0.04126747942586734	false	1.0
fehlgeburt	neg 1.0		neg 0.5095304080102174 off 0.44854346707548365 __DUMMY__ 0.041926124914298896	false	1.0
charakterschwach	off 1.0		neg 0.5079063239389531 off 0.45056011077231656 __DUMMY__ 0.041533565288730326	false	0.5
isolation	neg 1.0		neg 0.5079258197573395 off 0.45024505620767 __DUMMY__ 0.04182912403499055	false	1.0
ablenkung	neg 1.0		neg 0.5125783956552707 off 0.4455564973746328 __DUMMY__ 0.04186510697009649	false	1.0
pech	neg 1.0		neg 0.5080221652940498 off 0.4501643990144961 __DUMMY__ 0.041813435691454064	false	1.0
vermeidung	neg 1.0		neg 0.5080076668448615 off 0.450505879653831 __DUMMY__ 0.041486453501307405	false	1.0
dominieren	neg 1.0		neg 0.5150786783510374 off 0.442801742650284 __DUMMY__ 0.04211957899867854	false	1.0
schwindlig	neg 1.0		neg 0.5075203197344413 off 0.4504303925140241 __DUMMY__ 0.04204928775153456	false	1.0
lutscher	neg 1.0		neg 0.49967666487608786 off 0.45916850501781914 __DUMMY__ 0.04115483010609289	false	1.0
pflicht	neg 1.0		neg 0.5199211525765433 off 0.4382114472396952 __DUMMY__ 0.041867400183761484	false	1.0
faschist	off 1.0		neg 0.5138514029943795 off 0.4447395943747175 __DUMMY__ 0.041409002630903094	false	0.5
verschleudern	neg 1.0		neg 0.5222114164194613 off 0.43627128880289806 __DUMMY__ 0.041517294777640434	false	1.0
wenn			neg 0.5086539242724916 off 0.4496515396939367 __DUMMY__ 0.04169453603357174	false	0.0
ehebruch	neg 1.0		neg 0.5188416005586189 off 0.4394228641409171 __DUMMY__ 0.04173553530046408	false	1.0
spott	off 1.0		neg 0.5198534483636509 off 0.43843921586306184 __DUMMY__ 0.04170733577328737	false	0.5
trostlosigkeit	neg 1.0		neg 0.520517830875934 off 0.4375239513804739 __DUMMY__ 0.04195821774359227	false	1.0
lutschen	neg 1.0		neg 0.5120937753539002 off 0.44628847479651584 __DUMMY__ 0.041617749849584	false	1.0
undiszipliniert	neg 1.0		neg 0.5050470214986347 off 0.4533475770332344 __DUMMY__ 0.04160540146813101	false	1.0
kopfschmerz	neg 1.0		neg 0.5131069520713639 off 0.44485861583297676 __DUMMY__ 0.04203443209565942	false	1.0
unvorhergesehen	neg 1.0		neg 0.5132927820864642 off 0.44438753940658976 __DUMMY__ 0.042319678506946005	false	1.0
desinteressiert	neg 1.0		neg 0.5065113917414001 off 0.45200322041442526 __DUMMY__ 0.04148538784417451	false	1.0
armselig	off 1.0		neg 0.5074795637597528 off 0.4512503392486563 __DUMMY__ 0.04127009699159096	false	0.5
desaster	neg 1.0		neg 0.5225384490665966 off 0.43553761055911483 __DUMMY__ 0.04192394037428867	false	1.0
tod	neg 1.0		neg 0.5152007599208024 off 0.44271944312582434 __DUMMY__ 0.042079796953373376	false	1.0
herzlos	neg 1.0		neg 0.5051533955446948 off 0.4534224935949633 __DUMMY__ 0.041424110860341916	false	1.0
unwissenheit	neg 1.0		neg 0.5190166447720357 off 0.43939562656157516 __DUMMY__ 0.0415877286663893	false	1.0
widersinnig	neg 1.0	neg 1.0	neg 0.7464772936792591 off 0.23371897199668573 __DUMMY__ 0.019803734324055272	false	1.0
bedenklich	neg 1.0		neg 0.5188077808914973 off 0.4394288614995315 __DUMMY__ 0.04176335760897118	false	1.0
beanstanden	neg 1.0		neg 0.5197026709214198 off 0.4383311280331342 __DUMMY__ 0.04196620104544599	false	1.0
panisch	neg 1.0	neg 1.0	neg 0.7395775827940054 off 0.24027892598541487 __DUMMY__ 0.020143491220579703	false	1.0
debil	off 1.0		neg 0.5239706829870038 off 0.4338417956192136 __DUMMY__ 0.04218752139378274	false	0.5
abstrich	neg 1.0		neg 0.5170924640401674 off 0.4410690392873971 __DUMMY__ 0.04183849667243551	false	1.0
primitiv	neg 1.0		neg 0.5080832433702666 off 0.45050311320002767 __DUMMY__ 0.04141364342970578	false	1.0
abschaum	off 1.0	off 1.0	off 0.7086551495818187 neg 0.271546972927901 __DUMMY__ 0.019797877490280183	false	1.0
provozieren	neg 1.0		neg 0.5140033267811395 off 0.44431736855293075 __DUMMY__ 0.04167930466592978	false	1.0
tot	neg 1.0		neg 0.5171637481518303 off 0.4408886404210518 __DUMMY__ 0.041947611427117844	false	1.0
instabil	neg 1.0		neg 0.5090402260334669 off 0.4496248681491701 __DUMMY__ 0.04133490581736307	false	1.0
schwuchtel	off 1.0		neg 0.495566631904983 off 0.4634652993531687 __DUMMY__ 0.04096806874184816	false	0.5
zerren	neg 1.0		neg 0.513144947021983 off 0.4448334966008112 __DUMMY__ 0.04202155637720603	false	1.0
kinderficker	off 1.0		neg 0.5054448466512472 off 0.4534061593508987 __DUMMY__ 0.041148993997854134	false	0.5
gefahr	neg 1.0		neg 0.5191656835970863 off 0.43885191256173406 __DUMMY__ 0.041982403841179655	false	1.0
rabiat	neg 1.0		neg 0.5148353974849713 off 0.4434809894936073 __DUMMY__ 0.041683613021421394	false	1.0
verlangsamung	neg 1.0		neg 0.5025764807565918 off 0.4562241932264061 __DUMMY__ 0.04119932601700212	false	1.0
ausgestorben	neg 1.0		neg 0.5131924762468243 off 0.44488089384644885 __DUMMY__ 0.04192662990672672	false	1.0
anklagen	neg 1.0		neg 0.5167708437254216 off 0.4414880770482169 __DUMMY__ 0.04174107922636169	false	1.0
trott	neg 1.0		neg 0.5133299191850973 off 0.4447527471806246 __DUMMY__ 0.04191733363427817	false	1.0
verminderung	neg 1.0		neg 0.5071476604516075 off 0.4513862399229657 __DUMMY__ 0.041466099625426585	false	1.0
nach			neg 0.5172218504393346 off 0.44013524357810074 __DUMMY__ 0.042642905982564754	false	0.0
rost	neg 1.0		neg 0.5038489492180002 off 0.45491204089642334 __DUMMY__ 0.041239009885576425	false	1.0
destruktiv	neg 1.0		neg 0.5170293444081353 off 0.44143510098378325 __DUMMY__ 0.04153555460808136	false	1.0
unzumutbarkeit	neg 1.0		neg 0.5069338157237785 off 0.4512503545451839 __DUMMY__ 0.04181582973103752	false	1.0
labil	off 1.0	off 1.0	off 0.7089264470446903 neg 0.2712393571297164 __DUMMY__ 0.0198341958255932	false	1.0
ziemlich	neg 1.0		neg 0.5059229463507071 off 0.45233887882995394 __DUMMY__ 0.04173817481933903	false	1.0
lachnummer	off 1.0		neg 0.5149695260874418 off 0.44332013786210356 __DUMMY__ 0.04171033605045457	false	0.5
oder			neg 0.5110790994281174 off 0.44691559309172696 __DUMMY__ 0.04200530748015573	false	0.0
verfall	neg 1.0		neg 0.5246741639265187 off 0.43330937353499255 __DUMMY__ 0.042016462538488696	false	1.0
ausgrenzung	neg 1.0		neg 0.5153226087785974 off 0.44321924767308846 __DUMMY__ 0.0414581435483142	false	1.0
unordnung	neg 1.0		neg 0.5058966344933173 off 0.4522943647678221 __DUMMY__ 0.041809000738860576	false	1.0
fehlverhalten	neg 1.0		neg 0.5200541866847082 off 0.43812990353589254 __DUMMY__ 0.04181590977939927	false	1.0
eine			neg 0.5188337012953972 off 0.4391570934706764 __DUMMY__ 0.04200920523392647	false	0.0
nille	neg 1.0		neg 0.5147316700052349 off 0.44340613680841784 __DUMMY__ 0.04186219318634726	false	1.0
qual	neg 1.0		neg 0.5140168550229351 off 0.44410506714251224 __DUMMY__ 0.041878077834552496	false	1.0
verschwenden	neg 1.0		neg 0.5176434786838712 off 0.4405481943815847 __DUMMY__ 0.04180832693454404	false	1.0
riesig	neg 1.0	neg 1.0	neg 0.7441979768508757 off 0.23567285613022082 __DUMMY__ 0.020129167018903348	false	1.0
verurteilen	neg 1.0		neg 0.5180829794093762 off 0.44023517136930135 __DUMMY__ 0.04168184922132255	false	1.0
klischee	neg 1.0	neg 1.0	neg 0.7423492914277271 off 0.2378473863237513 __DUMMY__ 0.019803322248521636	false	1.0
diktatorisch	neg 1.0		neg 0.5166111480654846 off 0.44203030249084607 __DUMMY__ 0.04135854944366923	false	1.0
vorhersehbar	neg 1.0	neg 1.0	neg 0.7423370398282667 off 0.23780855172187082 __DUMMY__ 0.019854408449862564	false	1.0
sowie			neg 0.5036520268407951 off 0.45502545450247545 __DUMMY__ 0.04132251865672926	false	0.0
stornieren	neg 1.0		neg 0.5081782162311153 off 0.44958773351689335 __DUMMY__ 0.042234050251991534	false	1.0
besteuerung	neg 1.0		neg 0.5155610599787914 off 0.44291088365108466 __DUMMY__ 0.04152805637012377	false	1.0
ungeschminkt	neg 1.0		neg 0.5075812428619196 off 0.4508814224003772 __DUMMY__ 0.041537334737703185	false	1.0
kritisch	neg 1.0		neg 0.5187754081572236 off 0.43942909668500635 __DUMMY__ 0.04179549515777011	false	1.0
schlamperei	off 1.0		neg 0.5201820216180106 off 0.43802119209221146 __DUMMY__ 0.04179678628977768	false	0.5
sucht	neg 1.0	neg 1.0	neg 0.7425779700300397 off 0.2373662970596268 __DUMMY__ 0.020055732910333513	false	1.0
egoistisch	off 1.0		neg 0.5022006466349189 off 0.4564109123723383 __DUMMY__ 0.04138844099274286	false	0.5
ausbeuter	off 1.0		neg 0.5214620647120825 off 0.4368419805381227 __DUMMY__ 0.041695954749795	false	0.5
arschgeburt	off 1.0		neg 0.49622115557945023 off 0.462886130402663 __DUMMY__ 0.04089271401788672	false	0.5
schubs	neg 1.0	neg 1.0	neg 0.743082080538621 off 0.2367674368545784 __DUMMY__ 0.0201504826068006	false	1.0
unsolide	neg 1.0		neg 0.5178622871557172 off 0.4409796931840131 __DUMMY__ 0.04115801966026963	false	1.0
beschwerde	neg 1.0		neg 0.5197990175775168 off 0.4383969830293729 __DUMMY__ 0.04180399939311033	false	1.0
stocken	neg 1.0		neg 0.5182970402188516 off 0.43982842274967304 __DUMMY__ 0.04187453703147542	false	1.0
isolieren	neg 1.0		neg 0.5181595872870596 off 0.44010251735514594 __DUMMY__ 0.041737895357794534	false	1.0
unheilbar	neg 1.0		neg 0.5128911538173314 off 0.44528647744311856 __DUMMY__ 0.04182236873955	false	1.0
pisser	off 1.0		neg 0.505953885542074 off 0.4524689439344551 __DUMMY__ 0.041577170523470944	false	0.5
löschen	neg 1.0		neg 0.513814947487245 off 0.44437216817373226 __DUMMY__ 0.04181288433902264	false	1.0
durchfallen	neg 1.0		neg 0.5178627456149959 off 0.4404355088380593 __DUMMY__ 0.041701745546944814	false	1.0
wichser	off 1.0		neg 0.49737635634689115 off 0.4614003717497993 __DUMMY__ 0.04122327190330949	false	0.5
terror	neg 1.0		neg 0.5088671137868549 off 0.44923126627599597 __DUMMY__ 0.04190161993714919	false	1.0
krass	neg 1.0		neg 0.5037297172030294 off 0.4547863028532277 __DUMMY__ 0.041483979943743	false	1.0
revolte	neg 1.0		neg 0.5140176819807543 off 0.4444825617750642 __DUMMY__ 0.04149975624418149	false	1.0
besorgt	neg 1.0		neg 0.5135571148427408 off 0.44435062183471397 __DUMMY__ 0.042092263322545176	false	1.0
nachlassen	neg 1.0		neg 0.5186648012292686 off 0.43945718050664123 __DUMMY__ 0.04187801826409017	false	1.0
alt	neg 1.0		neg 0.5165351348611186 off 0.4415350516711469 __DUMMY__ 0.04192981346773451	false	1.0
hundesohn	off 1.0		neg 0.5008092600978169 off 0.45807402097235733 __DUMMY__ 0.04111671892982574	false	0.5
als			neg 0.5136856497211724 off 0.44426742498690536 __DUMMY__ 0.04204692529192232	false	0.0
abschreckung	neg 1.0		neg 0.5211299454396279 off 0.43696525552431087 __DUMMY__ 0.04190479903606126	false	1.0
unqualifiziert	neg 1.0		neg 0.5133932824140421 off 0.44522377695790344 __DUMMY__ 0.04138294062805441	false	1.0
abgewichst	off 1.0		neg 0.5151765120202334 off 0.44292531937817675 __DUMMY__ 0.041898168601590006	false	0.5
schwer	neg 1.0		neg 0.5131477044369495 off 0.44498652422447443 __DUMMY__ 0.041865771338576246	false	1.0
bedeutungslosigkeit	neg 1.0		neg 0.520223417932588 off 0.4379081684488599 __DUMMY__ 0.0418684136185521	false	1.0
kapitulation	neg 1.0		neg 0.5211724435465185 off 0.437235635417067 __DUMMY__ 0.041591921036414306	false	1.0
unscharf	neg 1.0		neg 0.510351170623953 off 0.4478728715840411 __DUMMY__ 0.04177595779200601	false	1.0
schwinden	neg 1.0		neg 0.5204345367755939 off 0.43770478201034296 __DUMMY__ 0.04186068121406313	false	1.0
versklavung	neg 1.0		neg 0.5173248240231568 off 0.44133724878785974 __DUMMY__ 0.04133792718898347	false	1.0
schlecht	neg 1.0		neg 0.505750685289212 off 0.4525031030746744 __DUMMY__ 0.041746211636113695	false	1.0
verhasst	neg 1.0		neg 0.513594590313872 off 0.44473654006064023 __DUMMY__ 0.04166886962548776	false	1.0
beschweren	neg 1.0		neg 0.5114483306131414 off 0.4467896733235168 __DUMMY__ 0.04176199606334172	false	1.0
scheiden	neg 1.0		neg 0.5084028245005678 off 0.44933612806778034 __DUMMY__ 0.04226104743165174	false	1.0
frustriert	neg 1.0		neg 0.514338070105715 off 0.4437697841394858 __DUMMY__ 0.041892145754799166	false	1.0
schimmelig	neg 1.0		neg 0.5161622631572287 off 0.44179094692573745 __DUMMY__ 0.04204678991703389	false	1.0
fisch	neg 1.0		neg 0.5143083382401832 off 0.44329530295103886 __DUMMY__ 0.042396358808777936	false	1.0
schmuggel	neg 1.0		neg 0.5172421861206794 off 0.4405961905685338 __DUMMY__ 0.04216162331078689	false	1.0
auffallen	neg 1.0		neg 0.5100027421759642 off 0.44818987642044994 __DUMMY__ 0.041807381403585774	false	1.0
konkurrenz	neg 1.0	neg 1.0	neg 0.7464440627807977 off 0.23342602375288965 __DUMMY__ 0.020129913466312627	false	1.0
teufelskreis	neg 1.0	neg 1.0	neg 0.7444997969582197 off 0.23558732837135898 __DUMMY__ 0.019912874670421354	false	1.0
aufschreien	neg 1.0		neg 0.5120809956929459 off 0.44629372453546773 __DUMMY__ 0.04162527977158651	false	1.0
schuldner	neg 1.0		neg 0.5195618161760778 off 0.43852491372448055 __DUMMY__ 0.0419132700994418	false	1.0
missgeburt	off 1.0	off 1.0	off 0.7125113443009458 neg 0.2677565762920625 __DUMMY__ 0.019732079406991825	false	1.0
arbeitslos	neg 1.0		neg 0.5173096148115346 off 0.4409652437487317 __DUMMY__ 0.041725141439733715	false	1.0
befallen	neg 1.0		neg 0.5185839351337624 off 0.43985476255034694 __DUMMY__ 0.04156130231589072	false	1.0
miesepetrig	off 1.0	off 1.0	off 0.7107760624187349 neg 0.26929641011443295 __DUMMY__ 0.01992752746683198	false	1.0
alarmieren	neg 1.0		neg 0.5109239414094372 off 0.44759670551690656 __DUMMY__ 0.04147935307365614	false	1.0
ungeduscht	off 1.0		neg 0.5078685622641799 off 0.45028610888737497 __DUMMY__ 0.041845328848445155	false	0.5
knappheit	neg 1.0		neg 0.5203659210543613 off 0.43798550909126455 __DUMMY__ 0.0416485698543742	false	1.0
schlange	neg 1.0		neg 0.5083238384685911 off 0.44960342364728784 __DUMMY__ 0.04207273788412114	false	1.0
harsch	neg 1.0		neg 0.5008934962513324 off 0.45740691703005265 __DUMMY__ 0.04169958671861503	false	1.0
lang	neg 1.0		neg 0.5130034880553627 off 0.4451634707314228 __DUMMY__ 0.041833041213214635	false	1.0
ziellos	neg 1.0		neg 0.5144519984301237 off 0.44348914967477443 __DUMMY__ 0.04205885189510184	false	1.0
selbstverliebt	neg 1.0		neg 0.498843355795629 off 0.46019214799645125 __DUMMY__ 0.040964496207919754	false	1.0
beseitigen	neg 1.0	neg 1.0	neg 0.742823364459229 off 0.23707418179550965 __DUMMY__ 0.02010245374526129	false	1.0
dumm	off 1.0		neg 0.5017190460091823 off 0.4569807587639641 __DUMMY__ 0.04130019522685359	false	0.5
arbeitsloser	neg 1.0		neg 0.5164303022289507 off 0.44163812093785204 __DUMMY__ 0.04193157683319711	false	1.0
blitzen	neg 1.0		neg 0.5103884235747191 off 0.4479073344054935 __DUMMY__ 0.04170424201978732	false	1.0
hilflos	neg 1.0		neg 0.5151855554036366 off 0.44294256540091986 __DUMMY__ 0.0418718791954434	false	1.0
eklig	off 1.0		neg 0.5006938111058162 off 0.4579959131869958 __DUMMY__ 0.041310275707188066	false	0.5
begriff			neg 0.5164842989360086 off 0.4418216110326263 __DUMMY__ 0.041694090031365205	false	0.0
hungersnot	neg 1.0		neg 0.5160413102158355 off 0.4421327733176536 __DUMMY__ 0.04182591646651077	false	1.0
ungesetzlich	neg 1.0		neg 0.5173181152734848 off 0.4414832410592315 __DUMMY__ 0.04119864366728365	false	1.0
verschwendung	neg 1.0		neg 0.5187513632958742 off 0.43937614654391444 __DUMMY__ 0.04187249016021141	false	1.0
schmerzvoll	neg 1.0		neg 0.5111273090015364 off 0.447074389061443 __DUMMY__ 0.04179830193702061	false	1.0
vorzeitig	neg 1.0		neg 0.5087384381244027 off 0.4493979944793813 __DUMMY__ 0.04186356739621609	false	1.0
unvollkommenheit	neg 1.0		neg 0.5136555437799963 off 0.4442121060466544 __DUMMY__ 0.04213235017334923	false	1.0
intervenieren	neg 1.0		neg 0.5209870875812223 off 0.4373116148853664 __DUMMY__ 0.041701297533411286	false	1.0
banause	off 1.0		neg 0.4995732002339073 off 0.4592820528711247 __DUMMY__ 0.04114474689496794	false	0.5
rebell	neg 1.0		neg 0.5212640640733315 off 0.43667634515881615 __DUMMY__ 0.04205959076785243	false	1.0
unlogisch	neg 1.0		neg 0.504706363817724 off 0.4537890429416122 __DUMMY__ 0.041504593240663766	false	1.0
leiden	neg 1.0		neg 0.5139713383917729 off 0.4436359508956036 __DUMMY__ 0.04239271071262341	false	1.0
abschaffung	neg 1.0		neg 0.5153143147524981 off 0.4431017542881646 __DUMMY__ 0.04158393095933731	false	1.0
sturz	neg 1.0		neg 0.5124201511725198 off 0.44564240498273655 __DUMMY__ 0.04193744384474371	false	1.0
verkleinerung	neg 1.0		neg 0.5134053624541736 off 0.44516880960836575 __DUMMY__ 0.04142582793746067	false	1.0
schmarotzer	off 1.0		neg 0.5183986319814601 off 0.4399624480171966 __DUMMY__ 0.04163892000134323	false	0.5
bestrafung	neg 1.0		neg 0.5130833323400478 off 0.4452372570342883 __DUMMY__ 0.04167941062566389	false	1.0
achtlos	neg 1.0		neg 0.5122388753851072 off 0.44579882226181894 __DUMMY__ 0.04196230235307386	false	1.0
ungeheuer	neg 1.0		neg 0.5086233123378394 off 0.44951089963532 __DUMMY__ 0.04186578802684061	false	1.0
unaufrichtig	neg 1.0		neg 0.5145610264920439 off 0.44401061572550876 __DUMMY__ 0.041428357782447384	false	1.0
groggy	neg 1.0		neg 0.5117485432709433 off 0.44661130705113805 __DUMMY__ 0.04164014967791855	false	1.0
