unsolidarisch	neg 1.0		neg 0.3665462823076262 __DUMMY__ 0.3255607764245595 off 0.30789294126781436	false	1.0
nachteilig	neg 1.0		neg 0.3644549681398824 __DUMMY__ 0.3296731947167404 off 0.3058718371433772	false	1.0
skeptisch	neg 1.0		neg 0.36418921756561023 __DUMMY__ 0.3303650524877682 off 0.30544572994662156	false	1.0
schrecklich	neg 1.0		neg 0.350147607843199 __DUMMY__ 0.32750805903520624 off 0.32234433312159483	false	1.0
schlapp	neg 1.0		neg 0.35280676787024945 __DUMMY__ 0.3293434500824396 off 0.31784978204731096	false	1.0
abfall	neg 1.0		neg 0.3669663779969466 __DUMMY__ 0.3307823639395082 off 0.3022512580635452	false	1.0
widerspenstig	neg 1.0		neg 0.35922458432109416 __DUMMY__ 0.3294933061641798 off 0.31128210951472607	false	1.0
abrupt	neg 1.0		neg 0.3603250395712311 __DUMMY__ 0.33219927520163517 off 0.3074756852271337	false	1.0
unwirksam	neg 1.0		neg 0.3631630000612024 __DUMMY__ 0.32739708200901424 off 0.3094399179297832	false	1.0
angreifen	neg 1.0	neg 1.0	neg 0.6716808332812496 off 0.16880127111862567 __DUMMY__ 0.15951789560012478	false	1.0
inkonsistent	neg 1.0		neg 0.3578792942102087 __DUMMY__ 0.3296551574583582 off 0.31246554833143314	false	1.0
abrutschen	neg 1.0		neg 0.36605668321965856 __DUMMY__ 0.3310256132078481 off 0.30291770357249315	false	1.0
unsicher	neg 1.0		neg 0.3580014747370469 __DUMMY__ 0.3301463916118853 off 0.3118521336510677	false	1.0
bauernkind	off 1.0	off 1.0	off 0.6472040737412534 neg 0.19570644597970543 __DUMMY__ 0.15708948027904107	false	1.0
angreifer	neg 1.0		neg 0.3560197229641205 __DUMMY__ 0.33041511193728934 off 0.31356516509859006	false	1.0
trennen	neg 1.0		neg 0.35816237926093264 __DUMMY__ 0.33317959167430233 off 0.3086580290647649	false	1.0
schmutz	neg 1.0		neg 0.3520207173080449 __DUMMY__ 0.33243783488759227 off 0.31554144780436283	false	1.0
inkonsistenz	neg 1.0		neg 0.3585876739781998 __DUMMY__ 0.3267858137508075 off 0.3146265122709927	false	1.0
erschreckend	neg 1.0		neg 0.36143647259831546 __DUMMY__ 0.3290509185948586 off 0.309512608806826	false	1.0
ertrinken	neg 1.0		neg 0.36089264622235073 __DUMMY__ 0.3311560741963671 off 0.30795127958128204	false	1.0
pickelface	off 1.0		neg 0.3615882229872232 __DUMMY__ 0.3296609962571749 off 0.308750780755602	false	0.5
seiner			neg 0.3621627990602471 __DUMMY__ 0.3312051132775033 off 0.30663208766224953	false	0.0
lauch	neg 1.0		neg 0.3675153067346148 __DUMMY__ 0.33015451865943524 off 0.30233017460594996	false	1.0
unwichtig	neg 1.0		neg 0.35588540239456407 __DUMMY__ 0.3278281828431825 off 0.3162864147622535	false	1.0
steuerhinterziehung	neg 1.0		neg 0.3641076198568444 __DUMMY__ 0.3281099554834966 off 0.3077824246596589	false	1.0
schock	neg 1.0		neg 0.3563332239125008 __DUMMY__ 0.3317872023478356 off 0.31187957373966346	false	1.0
beule	neg 1.0		neg 0.351996375311729 __DUMMY__ 0.32957708143206804 off 0.31842654325620284	false	1.0
vergelten	neg 1.0		neg 0.34883396923683113 __DUMMY__ 0.32939708011221247 off 0.32176895065095634	false	1.0
verdorbenheit	neg 1.0		neg 0.35740414684503996 __DUMMY__ 0.3309069910349951 off 0.31168886211996505	false	1.0
trauma	neg 1.0		neg 0.35842179801311175 __DUMMY__ 0.32925060550405827 off 0.3123275964828299	false	1.0
sinnlos	neg 1.0		neg 0.3557822086742956 __DUMMY__ 0.3297138507045372 off 0.3145039406211671	false	1.0
fettsack	off 1.0	off 1.0	off 0.6489034771096478 neg 0.19337688346979978 __DUMMY__ 0.15771963942055248	false	1.0
feige	off 1.0	off 1.0	off 0.644902355561045 neg 0.19731316056131618 __DUMMY__ 0.15778448387763874	false	1.0
abdanken	neg 1.0		neg 0.36258846921591203 __DUMMY__ 0.32832694424995656 off 0.3090845865341314	false	1.0
wichtigtuer	off 1.0	off 1.0	off 0.6431972231023317 neg 0.198388779254228 __DUMMY__ 0.1584139976434402	false	1.0
misslingen	neg 1.0		neg 0.35351319089161837 __DUMMY__ 0.332135783021899 off 0.3143510260864825	false	1.0
untreu	off 1.0		neg 0.3552724517282786 __DUMMY__ 0.32727378891201103 off 0.3174537593597104	false	0.5
missmutig	neg 1.0		neg 0.3549223702106292 __DUMMY__ 0.32834676951445496 off 0.3167308602749159	false	1.0
hurenbock	off 1.0		neg 0.3561021444660167 __DUMMY__ 0.3303244276375065 off 0.3135734278964768	false	0.5
betrunken	neg 1.0		neg 0.34943139281911123 __DUMMY__ 0.329459157199431 off 0.3211094499814577	false	1.0
korrupt	off 1.0		neg 0.3674667499003761 __DUMMY__ 0.32669467882794156 off 0.30583857127168224	false	0.5
unmut	neg 1.0		neg 0.367001890322404 __DUMMY__ 0.330635114692685 off 0.3023629949849111	false	1.0
hackfresse	off 1.0		neg 0.3488180304987713 __DUMMY__ 0.3257206961136729 off 0.32546127338755587	false	0.5
aufblasen	neg 1.0		neg 0.355374115128323 __DUMMY__ 0.3306424630925821 off 0.31398342177909483	false	1.0
gewaltsam	neg 1.0		neg 0.3597859482317783 __DUMMY__ 0.3299001923468602 off 0.31031385942136136	false	1.0
unbeliebtheit	neg 1.0		neg 0.3624558637362023 __DUMMY__ 0.32447787697617975 off 0.313066259287618	false	1.0
sturheit	neg 1.0		neg 0.36246756317551737 __DUMMY__ 0.32850829822012967 off 0.30902413860435307	false	1.0
kuh	neg 1.0		neg 0.3604271040338071 __DUMMY__ 0.32836564582650607 off 0.3112072501396868	false	1.0
erschrecken	neg 1.0		neg 0.35438162850433413 __DUMMY__ 0.32915541144048927 off 0.31646296005517655	false	1.0
opfer	neg 1.0		neg 0.36209012871734353 __DUMMY__ 0.33043243648906895 off 0.3074774347935875	false	1.0
sinken	neg 1.0		neg 0.36504438739347317 __DUMMY__ 0.3313199694445934 off 0.3036356431619335	false	1.0
stinktier	neg 1.0		neg 0.3516995391530897 __DUMMY__ 0.32624250722755804 off 0.3220579536193522	false	1.0
tucke	off 1.0		neg 0.35214453375714083 off 0.3243809811360117 __DUMMY__ 0.3234744851068473	false	0.5
ein			neg 0.3557640968782939 __DUMMY__ 0.33088919855316196 off 0.31334670456854424	false	0.0
abstieg	neg 1.0		neg 0.3603670179439014 __DUMMY__ 0.3320451534836864 off 0.3075878285724121	false	1.0
missverstehen	neg 1.0		neg 0.35876805156164715 __DUMMY__ 0.3278464514911783 off 0.31338549694717444	false	1.0
ergebnislos	neg 1.0		neg 0.36322791725451203 __DUMMY__ 0.3304956338270414 off 0.30627644891844646	false	1.0
unter			neg 0.36437110441649506 __DUMMY__ 0.33523710641523635 off 0.3003917891682685	false	0.0
manipulieren	neg 1.0		neg 0.3652827626550105 __DUMMY__ 0.3297313749532088 off 0.3049858623917806	false	1.0
unbewiesen	neg 1.0		neg 0.36717765309561473 __DUMMY__ 0.32501139931211087 off 0.30781094759227423	false	1.0
verschleppen	neg 1.0		neg 0.36255453765357915 __DUMMY__ 0.32972710063916544 off 0.30771836170725536	false	1.0
weib	off 1.0		neg 0.34901122366482934 __DUMMY__ 0.3256455739499811 off 0.3253432023851896	false	0.5
opposition	neg 1.0		neg 0.3597982088474635 __DUMMY__ 0.3279345249502384 off 0.3122672662022981	false	1.0
verkehrswidrig	neg 1.0	neg 1.0	neg 0.6599266270619768 off 0.1792744638884059 __DUMMY__ 0.16079890904961733	false	1.0
inkorrekt	neg 1.0		neg 0.3576526953289152 __DUMMY__ 0.32507059330663435 off 0.3172767113644505	false	1.0
vermeiden	neg 1.0		neg 0.3662847330385881 __DUMMY__ 0.3325227266878609 off 0.301192540273551	false	1.0
abweichung	neg 1.0		neg 0.3633452816122809 __DUMMY__ 0.33007351741385293 off 0.3065812009738662	false	1.0
alkoholisiert	neg 1.0		neg 0.35666458045797683 __DUMMY__ 0.3345137329445589 off 0.3088216865974643	false	1.0
scheiss	off 1.0	off 1.0	off 0.6460583723294837 neg 0.19493709751048607 __DUMMY__ 0.1590045301600303	false	1.0
herausforderung	neg 1.0	neg 1.0	neg 0.6668526359006165 off 0.17084526632975316 __DUMMY__ 0.16230209776963042	false	1.0
pervers	off 1.0		neg 0.3460966089749577 off 0.3289244717135948 __DUMMY__ 0.32497891931144746	false	0.5
wackelig	neg 1.0		neg 0.3565642958545361 __DUMMY__ 0.3328000715600035 off 0.31063563258546034	false	1.0
verwickeln	neg 1.0		neg 0.35918502309744965 __DUMMY__ 0.3277003174603049 off 0.31311465944224537	false	1.0
vorwand	neg 1.0		neg 0.3651865951190093 __DUMMY__ 0.3303386267435065 off 0.30447477813748414	false	1.0
muschi	off 1.0		neg 0.36075357092736826 __DUMMY__ 0.32982325885812436 off 0.3094231702145074	false	0.5
entmutigung	neg 1.0		neg 0.36169966308946666 __DUMMY__ 0.32712688078665314 off 0.31117345612388037	false	1.0
unangemessen	neg 1.0		neg 0.3630501846478922 __DUMMY__ 0.3287629773939941 off 0.30818683795811375	false	1.0
unstetig	neg 1.0		neg 0.3559093883277331 __DUMMY__ 0.3306862835261556 off 0.3134043281461113	false	1.0
entmutigen	neg 1.0		neg 0.35803342085124107 __DUMMY__ 0.3291920917781831 off 0.3127744873705758	false	1.0
schwanz	neg 1.0		neg 0.3626277109422918 __DUMMY__ 0.33100126887052755 off 0.3063710201871807	false	1.0
verbot	neg 1.0		neg 0.3648496789877827 __DUMMY__ 0.32837985485254667 off 0.3067704661596706	false	1.0
leid	neg 1.0		neg 0.3493126039509266 __DUMMY__ 0.3271487982121157 off 0.3235385978369576	false	1.0
archaisch	neg 1.0		neg 0.3617949316040669 __DUMMY__ 0.3295815240373061 off 0.3086235443586271	false	1.0
gegen			neg 0.363180075442647 __DUMMY__ 0.33197141898381954 off 0.30484850557353327	false	0.0
scheidung	neg 1.0		neg 0.34147665399062327 off 0.33334136259436997 __DUMMY__ 0.3251819834150067	false	1.0
einschlag	neg 1.0	neg 1.0	neg 0.6635805322506836 off 0.17752673384765977 __DUMMY__ 0.15889273390165667	false	1.0
m			neg 0.35923083034882314 __DUMMY__ 0.33116937573376637 off 0.3095997939174106	false	0.0
abgestanden	neg 1.0		neg 0.35596039212819897 __DUMMY__ 0.330811721080224 off 0.31322788679157715	false	1.0
schmierig	off 1.0		neg 0.34952428262566365 __DUMMY__ 0.32740375146191314 off 0.32307196591242326	false	0.5
unpraktisch	neg 1.0		neg 0.35450440415135004 __DUMMY__ 0.3313884323851115 off 0.3141071634635385	false	1.0
wixxer	off 1.0		neg 0.34701617413959246 off 0.3283676505981961 __DUMMY__ 0.3246161752622114	false	0.5
bezeichnet			neg 0.3610892145874105 __DUMMY__ 0.32880192039446077 off 0.31010886501812873	false	0.0
jammerlappen	off 1.0		neg 0.3554328799016261 __DUMMY__ 0.32797714714110243 off 0.3165899729572715	false	0.5
farce	neg 1.0		neg 0.3648465657344911 __DUMMY__ 0.3277909463452924 off 0.3073624879202164	false	1.0
zwecklos	neg 1.0		neg 0.3628973258477107 __DUMMY__ 0.32889590331684787 off 0.30820677083544146	false	1.0
turbulent	neg 1.0		neg 0.3559784391536208 __DUMMY__ 0.32733408592047164 off 0.31668747492590754	false	1.0
invasion	neg 1.0		neg 0.3555891501622709 __DUMMY__ 0.3297609115696345 off 0.3146499382680948	false	1.0
schuld	neg 1.0		neg 0.35902415032806617 __DUMMY__ 0.32895765843316693 off 0.31201819123876684	false	1.0
risiko	neg 1.0		neg 0.3573928795396246 __DUMMY__ 0.3303809897523745 off 0.3122261307080008	false	1.0
finster	neg 1.0		neg 0.35658886255984945 __DUMMY__ 0.33025468374088474 off 0.31315645369926587	false	1.0
geisteskrank	off 1.0		neg 0.3560008268646801 __DUMMY__ 0.3264067138596993 off 0.31759245927562046	false	0.5
zusammenbrechen	neg 1.0		neg 0.3593682108060889 __DUMMY__ 0.3304966670621288 off 0.31013512213178246	false	1.0
ausbeute	neg 1.0		neg 0.3585854696494363 __DUMMY__ 0.3332509189883227 off 0.308163611362241	false	1.0
hinterhalt	neg 1.0		neg 0.35811821361284135 __DUMMY__ 0.33156201828704884 off 0.31031976810010986	false	1.0
kritik	neg 1.0		neg 0.3646527145348832 __DUMMY__ 0.32802712986652166 off 0.3073201555985952	false	1.0
einschrumpfen	neg 1.0		neg 0.3598074785767459 __DUMMY__ 0.3269457436451548 off 0.31324677777809945	false	1.0
riskant	neg 1.0		neg 0.36369811069158753 __DUMMY__ 0.32968436061258827 off 0.3066175286958242	false	1.0
frustrieren	neg 1.0		neg 0.36270314953938315 __DUMMY__ 0.3301004313690422 off 0.3071964190915746	false	1.0
groll	neg 1.0		neg 0.36191437265030424 __DUMMY__ 0.32966901792745046 off 0.3084166094222454	false	1.0
gibt			neg 0.36058250610057113 __DUMMY__ 0.3300635024175068 off 0.3093539914819221	false	0.0
qualvoll	neg 1.0		neg 0.35453148698568915 __DUMMY__ 0.32965999039403776 off 0.31580852262027315	false	1.0
wackeln	neg 1.0	neg 1.0	neg 0.6661007220792723 off 0.1734264380648711 __DUMMY__ 0.16047283985585664	false	1.0
klagen	neg 1.0		neg 0.36564837239353354 __DUMMY__ 0.331025969155588 off 0.3033256584508783	false	1.0
bankrott	neg 1.0		neg 0.35482111629746005 __DUMMY__ 0.3290946867861365 off 0.3160841969164033	false	1.0
trauern	neg 1.0		neg 0.36073151539697157 __DUMMY__ 0.3313469742322913 off 0.3079215103707371	false	1.0
ablehnung	neg 1.0		neg 0.36434003298204715 __DUMMY__ 0.3281636162384165 off 0.30749635077953646	false	1.0
stur	neg 1.0		neg 0.3589272803595677 __DUMMY__ 0.3285670987985851 off 0.312505620841847	false	1.0
aufruhr	neg 1.0		neg 0.3599409824715909 __DUMMY__ 0.32987272047599286 off 0.31018629705241635	false	1.0
melancholie	neg 1.0		neg 0.35911628262487455 __DUMMY__ 0.33139038018504857 off 0.3094933371900767	false	1.0
ist			neg 0.3568373341087039 __DUMMY__ 0.3295175982109872 off 0.313645067680309	false	0.0
torheit	neg 1.0		neg 0.3620264369060893 __DUMMY__ 0.32741691011106333 off 0.3105566529828474	false	1.0
dreckskind	off 1.0		neg 0.3508000503853235 __DUMMY__ 0.32575193913138883 off 0.3234480104832876	false	0.5
umtauschen	neg 1.0		neg 0.3575843312965289 __DUMMY__ 0.3307243840288286 off 0.31169128467464247	false	1.0
zum			neg 0.36011922678562147 __DUMMY__ 0.33586676747758426 off 0.30401400573679427	false	0.0
zersetzen	neg 1.0		neg 0.36659159744642655 __DUMMY__ 0.3290547209159895 off 0.304353681637584	false	1.0
zur			neg 0.36503525768292666 __DUMMY__ 0.3336004946442284 off 0.3013642476728448	false	0.0
frust	neg 1.0		neg 0.35943360889952575 __DUMMY__ 0.33057930804610786 off 0.30998708305436645	false	1.0
unerbittlichkeit	neg 1.0		neg 0.3655470357871371 __DUMMY__ 0.32954848042223556 off 0.3049044837906274	false	1.0
zwei			neg 0.3595992406565551 __DUMMY__ 0.33460539685328233 off 0.3057953624901625	false	0.0
unkorrekt	neg 1.0		neg 0.3567508078566091 __DUMMY__ 0.32515431538964024 off 0.3180948767537507	false	1.0
hexe	off 1.0		neg 0.35401430522990385 __DUMMY__ 0.3282646906322934 off 0.3177210041378029	false	0.5
lasch	neg 1.0		neg 0.3586136855458616 __DUMMY__ 0.32709162849099876 off 0.3142946859631396	false	1.0
rivale	neg 1.0		neg 0.35183981515519486 __DUMMY__ 0.32804070231949956 off 0.3201194825253056	false	1.0
mutlos	off 1.0	off 1.0	off 0.6389292157446198 neg 0.20234494161789038 __DUMMY__ 0.15872584263748982	false	1.0
wirr	off 1.0		neg 0.3557587840460874 __DUMMY__ 0.3254962799033979 off 0.3187449360505145	false	0.5
jahr			neg 0.3582896156349416 __DUMMY__ 0.3340457424691708 off 0.30766464189588755	false	0.0
wird			neg 0.36081613686482356 __DUMMY__ 0.3308949877904725 off 0.3082888753447039	false	0.0
strafbar	neg 1.0		neg 0.3644583084614073 __DUMMY__ 0.32919180982726093 off 0.3063498817113318	false	1.0
erosion	neg 1.0		neg 0.356926233939124 __DUMMY__ 0.3303973291757808 off 0.3126764368850953	false	1.0
eingehen	neg 1.0		neg 0.3640073964905936 __DUMMY__ 0.32878423164923837 off 0.307208371860168	false	1.0
faul	off 1.0		neg 0.35330545439112554 __DUMMY__ 0.32969769680774214 off 0.31699684880113244	false	0.5
provisorium	neg 1.0		neg 0.36662015842803747 __DUMMY__ 0.3341621481230188 off 0.2992176934489438	false	1.0
schmerzen	neg 1.0		neg 0.3581496976446536 __DUMMY__ 0.3301504564880899 off 0.3116998458672566	false	1.0
schrumpfen	neg 1.0		neg 0.3688383451126993 __DUMMY__ 0.33117105750411063 off 0.2999905973831901	false	1.0
geistlos	off 1.0		neg 0.3634899840059554 __DUMMY__ 0.32521441459590233 off 0.3112956013981423	false	0.5
fehlkauf	neg 1.0		neg 0.35862081364993315 __DUMMY__ 0.3285775291903982 off 0.31280165715966873	false	1.0
frustrierend	neg 1.0		neg 0.3535284896117266 __DUMMY__ 0.32975336479529843 off 0.3167181455929749	false	1.0
unzufrieden	neg 1.0		neg 0.36254141461108796 __DUMMY__ 0.3291904673458147 off 0.3082681180430973	false	1.0
verzweifeln	neg 1.0		neg 0.3590589244724659 __DUMMY__ 0.32994763989113046 off 0.3109934356364037	false	1.0
verzweifelt	neg 1.0		neg 0.3582917876627761 __DUMMY__ 0.32886438014920366 off 0.31284383218802025	false	1.0
misstrauensantrag	neg 1.0		neg 0.3580335103704231 __DUMMY__ 0.32846347963993683 off 0.31350300998964015	false	1.0
abfallen	neg 1.0		neg 0.354669927031435 __DUMMY__ 0.33111159347438773 off 0.3142184794941773	false	1.0
fucker	off 1.0		neg 0.35419332074675675 __DUMMY__ 0.32712713852253855 off 0.3186795407307047	false	0.5
ungezogen	neg 1.0		neg 0.3461654101411314 off 0.32767256592681254 __DUMMY__ 0.3261620239320561	false	1.0
irrsinnig	neg 1.0	neg 1.0	neg 0.6685280514528615 off 0.17260234393061868 __DUMMY__ 0.15886960461651967	false	1.0
unfassbar	neg 1.0		neg 0.3545540892568666 __DUMMY__ 0.3279197717532263 off 0.3175261389899071	false	1.0
hart	neg 1.0		neg 0.35574201380125714 __DUMMY__ 0.32884553433334573 off 0.31541245186539724	false	1.0
widerlich	off 1.0		neg 0.35593995169823134 __DUMMY__ 0.3264798229494091 off 0.31758022535235975	false	0.5
fatal	neg 1.0		neg 0.3578593938607027 __DUMMY__ 0.328791419327455 off 0.3133491868118423	false	1.0
bruch	neg 1.0		neg 0.36622752727188257 __DUMMY__ 0.3305599866624675 off 0.30321248606564993	false	1.0
aushungern	neg 1.0		neg 0.3639753101864765 __DUMMY__ 0.3277442372887695 off 0.30828045252475406	false	1.0
anspannung	neg 1.0	neg 1.0	neg 0.6695389714727733 off 0.16793244182822034 __DUMMY__ 0.16252858669900633	false	1.0
von			neg 0.35946344443711564 __DUMMY__ 0.3338872789664522 off 0.30664927659643215	false	0.0
kraftlos	neg 1.0		neg 0.35801008666991346 __DUMMY__ 0.3317219209794191 off 0.31026799235066727	false	1.0
vom			neg 0.3626473059077108 __DUMMY__ 0.3359252274612876 off 0.30142746663100156	false	0.0
grenzdebil	off 1.0		neg 0.3531307156789629 __DUMMY__ 0.3279890004736617 off 0.3188802838473754	false	0.5
vor			neg 0.3624471223975693 __DUMMY__ 0.33186359586981584 off 0.3056892817326148	false	0.0
unterwerfen	neg 1.0		neg 0.363589372344982 __DUMMY__ 0.32980323309833864 off 0.3066073945566793	false	1.0
versenkung	neg 1.0		neg 0.36316956620486307 __DUMMY__ 0.33023918181578144 off 0.3065912519793554	false	1.0
entziehen	neg 1.0		neg 0.36533750641356505 __DUMMY__ 0.3307496125325269 off 0.3039128810539081	false	1.0
finanzkrise	neg 1.0		neg 0.36381310994384813 __DUMMY__ 0.3277039391911295 off 0.30848295086502225	false	1.0
schimpfend	neg 1.0		neg 0.35452836575174523 __DUMMY__ 0.33136581776081764 off 0.31410581648743696	false	1.0
profan	neg 1.0		neg 0.35626103445648993 __DUMMY__ 0.3290002748820051 off 0.31473869066150495	false	1.0
korruption	neg 1.0	neg 1.0	neg 0.6719746031630182 off 0.16944380197835782 __DUMMY__ 0.15858159485862403	false	1.0
â			neg 0.3611250876864607 __DUMMY__ 0.33087428098792493 off 0.30800063132561434	false	0.0
schmutzig	neg 1.0		neg 0.35299346941899223 __DUMMY__ 0.3284910609966874 off 0.3185154695843203	false	1.0
sexy	neg 1.0		neg 0.3558758074800617 __DUMMY__ 0.3288086131197827 off 0.31531557940015553	false	1.0
abraten	neg 1.0		neg 0.35680567998713364 __DUMMY__ 0.3294235280489979 off 0.3137707919638685	false	1.0
schwarz	neg 1.0		neg 0.3588158083759728 __DUMMY__ 0.32868099057033456 off 0.3125032010536927	false	1.0
fotze	off 1.0		neg 0.3630195367206787 __DUMMY__ 0.33008453532994353 off 0.3068959279493777	false	0.5
verwirren	neg 1.0		neg 0.3559209417802172 __DUMMY__ 0.3290417678957671 off 0.31503729032401573	false	1.0
zahnlos	off 1.0		neg 0.36279808036399813 __DUMMY__ 0.32902531477074815 off 0.30817660486525367	false	0.5
verheeren	neg 1.0		neg 0.34488285072502645 off 0.32882367248870326 __DUMMY__ 0.3262934767862702	false	1.0
hippie	neg 1.0		neg 0.3569216693269899 __DUMMY__ 0.32858472498887376 off 0.31449360568413637	false	1.0
rammen	neg 1.0		neg 0.3583673823450191 __DUMMY__ 0.3293658914505851 off 0.3122667262043959	false	1.0
unlauter	neg 1.0		neg 0.3637023967683364 __DUMMY__ 0.326590231738088 off 0.3097073714935755	false	1.0
unheilvoll	neg 1.0		neg 0.3539697816459164 __DUMMY__ 0.3307363047445116 off 0.315293913609572	false	1.0
niedrig	neg 1.0		neg 0.362541173912963 __DUMMY__ 0.3309966500580699 off 0.3064621760289672	false	1.0
explosion	neg 1.0		neg 0.3578254512919164 __DUMMY__ 0.32845606001713873 off 0.3137184886909448	false	1.0
weichei	off 1.0		neg 0.3499542579794297 __DUMMY__ 0.3261573907570871 off 0.3238883512634833	false	0.5
minusmensch	off 1.0		neg 0.3510324661493971 off 0.325997197347087 __DUMMY__ 0.3229703365035159	false	0.5
farblos	neg 1.0		neg 0.35513110432782086 __DUMMY__ 0.3326259733165325 off 0.3122429223556466	false	1.0
unwissend	neg 1.0	neg 1.0	neg 0.6665859505513005 off 0.17519030715377404 __DUMMY__ 0.15822374229492542	false	1.0
traurig	neg 1.0		neg 0.35075693424663523 __DUMMY__ 0.3279206504840416 off 0.3213224152693231	false	1.0
senkung	neg 1.0		neg 0.3592906337433593 __DUMMY__ 0.3274069586066796 off 0.3133024076499612	false	1.0
ungleich	neg 1.0	neg 1.0	neg 0.6724342043504604 off 0.1687356822372404 __DUMMY__ 0.15883011341229922	false	1.0
heikel	neg 1.0		neg 0.36511147489466234 __DUMMY__ 0.3297288012290695 off 0.30515972387626805	false	1.0
drosselung	neg 1.0		neg 0.3529814182293216 __DUMMY__ 0.32846051455042513 off 0.31855806722025337	false	1.0
falsch	neg 1.0		neg 0.3549733273710262 __DUMMY__ 0.32874715916953745 off 0.3162795134594363	false	1.0
unzufriedenheit	neg 1.0		neg 0.3657548863817178 __DUMMY__ 0.3298266872684228 off 0.3044184263498592	false	1.0
kurz	neg 1.0		neg 0.3570022964883011 __DUMMY__ 0.3319148391691293 off 0.3110828643425695	false	1.0
unsinnig	neg 1.0		neg 0.3634139192149129 __DUMMY__ 0.3283035298029107 off 0.30828255098217644	false	1.0
penner	off 1.0	off 1.0	off 0.6503622649659595 neg 0.19234358426608386 __DUMMY__ 0.15729415076795666	false	1.0
seicht	neg 1.0		neg 0.3500387513557855 off 0.3258777812889407 __DUMMY__ 0.32408346735527394	false	1.0
dummheit	off 1.0	off 1.0	off 0.6433047003504093 neg 0.1984772223785581 __DUMMY__ 0.15821807727103263	false	1.0
unerfreulich	neg 1.0		neg 0.3639645832318484 __DUMMY__ 0.33106434842298244 off 0.3049710683451692	false	1.0
motherfucker	off 1.0	off 1.0	off 0.646012390642793 neg 0.19623952184871096 __DUMMY__ 0.157748087508496	false	1.0
pikiert	neg 1.0		neg 0.3573542640611016 __DUMMY__ 0.3264801473971939 off 0.31616558854170446	false	1.0
wrack	neg 1.0		neg 0.3587842414021467 __DUMMY__ 0.3326968724231507 off 0.30851888617470236	false	1.0
gangster	neg 1.0		neg 0.3565321087223173 __DUMMY__ 0.329069738106344 off 0.31439815317133885	false	1.0
krank	neg 1.0		neg 0.3512741229120873 __DUMMY__ 0.3288777668391483 off 0.31984811024876436	false	1.0
reich	neg 1.0		neg 0.3574819086845277 __DUMMY__ 0.32732363814557286 off 0.3151944531698994	false	1.0
gnadenlos	neg 1.0		neg 0.35834565632236165 __DUMMY__ 0.32933509538734734 off 0.3123192482902909	false	1.0
niedergeschlagen	neg 1.0		neg 0.3583153890322116 __DUMMY__ 0.3309902641958435 off 0.3106943467719449	false	1.0
terrorisieren	off 1.0	off 1.0	off 0.6398517000751268 neg 0.2005578356218152 __DUMMY__ 0.15959046430305796	false	1.0
sinnlosigkeit	neg 1.0		neg 0.36224567738405045 __DUMMY__ 0.3292506585507445 off 0.3085036640652051	false	1.0
behindern	neg 1.0		neg 0.36088763687110964 __DUMMY__ 0.32914376251237326 off 0.3099686006165171	false	1.0
undemokratisch	neg 1.0		neg 0.3621015022835267 __DUMMY__ 0.3273292653756087 off 0.31056923234086464	false	1.0
wirtschaftskrise	neg 1.0		neg 0.36466988767771796 __DUMMY__ 0.3288844691329822 off 0.3064456431893	false	1.0
neid	neg 1.0		neg 0.3519019906507788 __DUMMY__ 0.330080517820939 off 0.31801749152828207	false	1.0
rutschen	neg 1.0	neg 1.0	neg 0.6682757012907942 off 0.16924893575721933 __DUMMY__ 0.16247536295198658	false	1.0
rezession	neg 1.0		neg 0.354121539776165 __DUMMY__ 0.32547576041022475 off 0.32040269981361014	false	1.0
fehlgeburt	neg 1.0		neg 0.35476273381675405 __DUMMY__ 0.33051966252549325 off 0.3147176036577528	false	1.0
charakterschwach	off 1.0		neg 0.3546315390675037 __DUMMY__ 0.32747775065408513 off 0.31789071027841104	false	0.5
isolation	neg 1.0		neg 0.35365319015068375 __DUMMY__ 0.32969665571687384 off 0.31665015413244246	false	1.0
ablenkung	neg 1.0		neg 0.3579663687536059 __DUMMY__ 0.32995992491713705 off 0.3120737063292571	false	1.0
pech	neg 1.0		neg 0.35383653760796085 __DUMMY__ 0.32961694135847613 off 0.31654652103356284	false	1.0
vermeidung	neg 1.0		neg 0.3549740206958329 __DUMMY__ 0.32712196069583727 off 0.3179040186083298	false	1.0
dominieren	neg 1.0		neg 0.35937621482066856 __DUMMY__ 0.3319374858317437 off 0.30868629934758773	false	1.0
schwindlig	neg 1.0		neg 0.352525197123452 __DUMMY__ 0.3313856610504612 off 0.31608914182608683	false	1.0
lutscher	neg 1.0		neg 0.3481691206568657 off 0.32720378357960717 __DUMMY__ 0.324627095763527	false	1.0
pflicht	neg 1.0		neg 0.36489916665737615 __DUMMY__ 0.32997546674925177 off 0.3051253665933722	false	1.0
faschist	off 1.0		neg 0.3606794783735851 __DUMMY__ 0.326551163382669 off 0.31276935824374585	false	0.5
verschleudern	neg 1.0		neg 0.36833789928439076 __DUMMY__ 0.3273658731597825 off 0.30429622755582675	false	1.0
wenn			neg 0.3548296565667126 __DUMMY__ 0.32867169951791003 off 0.31649864391537735	false	0.0
ehebruch	neg 1.0		neg 0.3643064371487924 __DUMMY__ 0.32900675662485573 off 0.3066868062263518	false	1.0
spott	off 1.0		neg 0.3653769509015721 __DUMMY__ 0.3287835898150916 off 0.30583945928333645	false	0.5
trostlosigkeit	neg 1.0		neg 0.3651414795405528 __DUMMY__ 0.3306941607184331 off 0.3041643597410141	false	1.0
lutschen	neg 1.0		neg 0.35833583473211617 __DUMMY__ 0.3281284698146792 off 0.3135356954532046	false	1.0
undiszipliniert	neg 1.0		neg 0.3517022092131387 __DUMMY__ 0.32802174610585816 off 0.3202760446810031	false	1.0
kopfschmerz	neg 1.0		neg 0.3579044777986893 __DUMMY__ 0.331290612089436 off 0.3108049101118746	false	1.0
unvorhergesehen	neg 1.0		neg 0.3570450499923086 __DUMMY__ 0.33344562711792447 off 0.30950932288976696	false	1.0
desinteressiert	neg 1.0		neg 0.35352208577116784 __DUMMY__ 0.32710038143668596 off 0.3193775327921462	false	1.0
armselig	off 1.0		neg 0.3551985921467378 __DUMMY__ 0.3254685251841564 off 0.31933288266910576	false	0.5
desaster	neg 1.0		neg 0.36717684921085425 __DUMMY__ 0.330418773355983 off 0.30240437743316273	false	1.0
tod	neg 1.0		neg 0.35963661754034953 __DUMMY__ 0.331667195877478 off 0.3086961865821726	false	1.0
herzlos	neg 1.0		neg 0.35244856686928316 __DUMMY__ 0.3266362961184625 off 0.3209151370122543	false	1.0
unwissenheit	neg 1.0		neg 0.36503213762198605 __DUMMY__ 0.3278726237537357 off 0.3070952386242781	false	1.0
widersinnig	neg 1.0	neg 1.0	neg 0.6721748943189112 off 0.16978197159465502 __DUMMY__ 0.15804313408643378	false	1.0
bedenklich	neg 1.0		neg 0.36422762369835626 __DUMMY__ 0.3291891944273493 off 0.3065831818742945	false	1.0
beanstanden	neg 1.0		neg 0.3643240907441039 __DUMMY__ 0.33073587419256123 off 0.3049400350633348	false	1.0
panisch	neg 1.0	neg 1.0	neg 0.6641427416315112 off 0.17514553801321073 __DUMMY__ 0.16071172035527798	false	1.0
debil	off 1.0		neg 0.367665612681223 __DUMMY__ 0.3324334005692838 off 0.2999009867494931	false	0.5
abstrich	neg 1.0		neg 0.3624320224168093 __DUMMY__ 0.32986989625175894 off 0.3076980813314317	false	1.0
primitiv	neg 1.0		neg 0.3552589749329608 __DUMMY__ 0.3265565543762229 off 0.3181844706908162	false	1.0
abschaum	off 1.0	off 1.0	off 0.6446711290405501 neg 0.19733428924840257 __DUMMY__ 0.15799458171104738	false	1.0
provozieren	neg 1.0		neg 0.35994973903112265 __DUMMY__ 0.32855439885656706 off 0.3114958621123104	false	1.0
tot	neg 1.0		neg 0.36202200830943304 __DUMMY__ 0.33067674979706585 off 0.307301241893501	false	1.0
instabil	neg 1.0		neg 0.35643882193623444 __DUMMY__ 0.32601615987115407 off 0.3175450181926116	false	1.0
schwuchtel	off 1.0		neg 0.34486364100225386 off 0.33192704054927163 __DUMMY__ 0.3232093184484746	false	0.5
zerren	neg 1.0		neg 0.3579184512960935 __DUMMY__ 0.3311429597278904 off 0.31093858897601623	false	1.0
kinderficker	off 1.0		neg 0.3536271684267033 __DUMMY__ 0.3245852690114122 off 0.32178756256188457	false	0.5
gefahr	neg 1.0		neg 0.36372923584108546 __DUMMY__ 0.3308754358471547 off 0.3053953283117598	false	1.0
rabiat	neg 1.0		neg 0.3607465529165758 __DUMMY__ 0.32859078939030867 off 0.31066265769311563	false	1.0
verlangsamung	neg 1.0		neg 0.35071498902459314 __DUMMY__ 0.32498225101612604 off 0.3243027599592809	false	1.0
ausgestorben	neg 1.0		neg 0.35831055623856506 __DUMMY__ 0.33043062456342015 off 0.31125881919801474	false	1.0
anklagen	neg 1.0		neg 0.3623059887294911 __DUMMY__ 0.3290584570399223 off 0.30863555423058653	false	1.0
trott	neg 1.0		neg 0.3585062733144852 __DUMMY__ 0.33034370104741706 off 0.3111500256380976	false	1.0
verminderung	neg 1.0		neg 0.35422871367104697 __DUMMY__ 0.32696828269873013 off 0.3188030036302228	false	1.0
nach			neg 0.35960320635552623 __DUMMY__ 0.3358624635002801 off 0.30453433014419357	false	0.0
rost	neg 1.0		neg 0.351806283669049 __DUMMY__ 0.32529889387987515 off 0.32289482245107576	false	1.0
destruktiv	neg 1.0		neg 0.3633285311553713 __DUMMY__ 0.3274791910557359 off 0.3091922777888927	false	1.0
unzumutbarkeit	neg 1.0		neg 0.35271378341520854 __DUMMY__ 0.32964342956042997 off 0.3176427870243615	false	1.0
labil	off 1.0	off 1.0	off 0.6448210295883947 neg 0.19690545418625335 __DUMMY__ 0.15827351622535193	false	1.0
ziemlich	neg 1.0		neg 0.352068328998887 __DUMMY__ 0.3290116048825171 off 0.318920066118596	false	1.0
lachnummer	off 1.0		neg 0.36071805307328697 __DUMMY__ 0.32879398524799947 off 0.3104879616787135	false	0.5
oder			neg 0.35605706709075313 __DUMMY__ 0.3310295561031366 off 0.31291337680611014	false	0.0
verfall	neg 1.0		neg 0.3689132697536338 __DUMMY__ 0.3311177500415097 off 0.2999689802048564	false	1.0
ausgrenzung	neg 1.0		neg 0.3619203353184915 __DUMMY__ 0.3269150622648429 off 0.3111646024166656	false	1.0
unordnung	neg 1.0		neg 0.35171614822839015 __DUMMY__ 0.3296287040967219 off 0.31865514767488795	false	1.0
fehlverhalten	neg 1.0		neg 0.365182365031571 __DUMMY__ 0.32959706947945816 off 0.3052205654889708	false	1.0
eine			neg 0.36341721265850474 __DUMMY__ 0.33104839241518236 off 0.305534394926313	false	0.0
nille	neg 1.0		neg 0.3599673606658302 __DUMMY__ 0.3299512266444482 off 0.3100814126897217	false	1.0
qual	neg 1.0		neg 0.35929539781907194 __DUMMY__ 0.33004656577624086 off 0.31065803640468714	false	1.0
verschwenden	neg 1.0		neg 0.3629898024395088 __DUMMY__ 0.32953386751916725 off 0.307476330041324	false	1.0
riesig	neg 1.0	neg 1.0	neg 0.6687423409274283 off 0.17064508498082284 __DUMMY__ 0.16061257409174884	false	1.0
verurteilen	neg 1.0		neg 0.3637693974143834 __DUMMY__ 0.32859293467343054 off 0.30763766791218616	false	1.0
klischee	neg 1.0	neg 1.0	neg 0.6681343226819739 off 0.17383472249760828 __DUMMY__ 0.1580309548204179	false	1.0
diktatorisch	neg 1.0		neg 0.3634896327690084 __DUMMY__ 0.32616435949370987 off 0.3103460077372816	false	1.0
vorhersehbar	neg 1.0	neg 1.0	neg 0.6679180452493116 off 0.17364717643778554 __DUMMY__ 0.1584347783129028	false	1.0
sowie			neg 0.35135285493627727 __DUMMY__ 0.32588191559067436 off 0.3227652294730485	false	0.0
stornieren	neg 1.0		neg 0.3523896082393892 __DUMMY__ 0.3328176072445792 off 0.31479278451603143	false	1.0
besteuerung	neg 1.0		neg 0.3620097984852791 __DUMMY__ 0.32744476997608424 off 0.3105454315386366	false	1.0
ungeschminkt	neg 1.0		neg 0.3543920594855745 __DUMMY__ 0.32752005960330216 off 0.31808788091112333	false	1.0
kritisch	neg 1.0		neg 0.3640509991499171 __DUMMY__ 0.32943945814365644 off 0.3065095427064264	false	1.0
schlamperei	off 1.0		neg 0.3653607786466828 __DUMMY__ 0.32947577093503994 off 0.3051634504182773	false	0.5
sucht	neg 1.0	neg 1.0	neg 0.667425382447974 off 0.17253078957949877 __DUMMY__ 0.16004382797252728	false	1.0
egoistisch	off 1.0		neg 0.34973472318458115 __DUMMY__ 0.3263805519831866 off 0.32388472483223235	false	0.5
ausbeuter	off 1.0		neg 0.3669546216566542 __DUMMY__ 0.32869431896202206 off 0.30435105938132384	false	0.5
arschgeburt	off 1.0		neg 0.3457264628334734 off 0.3316316422130557 __DUMMY__ 0.32264189495347084	false	0.5
schubs	neg 1.0	neg 1.0	neg 0.6675998049090853 off 0.17162271122030068 __DUMMY__ 0.16077748387061402	false	1.0
unsolide	neg 1.0		neg 0.3654394545845833 __DUMMY__ 0.324657810001566 off 0.30990273541385066	false	1.0
beschwerde	neg 1.0		neg 0.36498897958350013 __DUMMY__ 0.3295331331741364 off 0.30547788724236347	false	1.0
stocken	neg 1.0		neg 0.3633192460150622 __DUMMY__ 0.3300592443778364 off 0.3066215096071015	false	1.0
isolieren	neg 1.0		neg 0.3636557984004832 __DUMMY__ 0.3290420308220773 off 0.30730217077743954	false	1.0
unheilbar	neg 1.0		neg 0.3583389812735212 __DUMMY__ 0.3296667140764712 off 0.31199430465000766	false	1.0
pisser	off 1.0		neg 0.35260665660089757 __DUMMY__ 0.32782989509093263 off 0.3195634483081699	false	0.5
löschen	neg 1.0		neg 0.35931871962893547 __DUMMY__ 0.329562153361081 off 0.3111191270099835	false	1.0
durchfallen	neg 1.0		neg 0.36354967349454465 __DUMMY__ 0.32872834126050904 off 0.3077219852449462	false	1.0
wichser	off 1.0		neg 0.3457301017485505 off 0.32913909879039216 __DUMMY__ 0.32513079946105733	false	0.5
terror	neg 1.0		neg 0.35431162192762267 __DUMMY__ 0.33024983258889096 off 0.31543854548348654	false	1.0
krass	neg 1.0		neg 0.35090374762591886 __DUMMY__ 0.3271158595203744 off 0.3219803928537066	false	1.0
revolte	neg 1.0		neg 0.36054749369015776 __DUMMY__ 0.3272325747260933 off 0.31221993158374894	false	1.0
besorgt	neg 1.0		neg 0.3580524208824741 __DUMMY__ 0.3317028046207236 off 0.3102447744968022	false	1.0
nachlassen	neg 1.0		neg 0.3637149229480337 __DUMMY__ 0.330095678955131 off 0.3061893980968352	false	1.0
alt	neg 1.0		neg 0.36152239402411085 __DUMMY__ 0.3305164696627957 off 0.3079611363130935	false	1.0
hundesohn	off 1.0		neg 0.34929412996359127 off 0.3263688265406422 __DUMMY__ 0.32433704349576653	false	0.5
als			neg 0.35833991964693324 __DUMMY__ 0.3313488181812434 off 0.3103112621718234	false	0.0
abschreckung	neg 1.0		neg 0.36587778979685665 __DUMMY__ 0.33028161174262477 off 0.30384059846051864	false	1.0
unqualifiziert	neg 1.0		neg 0.36039421053683285 __DUMMY__ 0.3263308581002219 off 0.31327493136294526	false	1.0
abgewichst	off 1.0		neg 0.36029319635541907 __DUMMY__ 0.3302195712888567 off 0.3094872323557242	false	0.5
schwer	neg 1.0		neg 0.35849896375251217 __DUMMY__ 0.3299605132054602 off 0.3115405230420276	false	1.0
bedeutungslosigkeit	neg 1.0		neg 0.36516655548697013 __DUMMY__ 0.3299932163345271 off 0.30484022817850287	false	1.0
kapitulation	neg 1.0		neg 0.3670407781330213 __DUMMY__ 0.3279181213232243 off 0.30504110054375444	false	1.0
unscharf	neg 1.0		neg 0.35620158457698503 __DUMMY__ 0.3293412190500022 off 0.31445719637301267	false	1.0
schwinden	neg 1.0		neg 0.3654053032127916 __DUMMY__ 0.3299570587528359 off 0.30463763803437266	false	1.0
versklavung	neg 1.0		neg 0.36428235620474536 __DUMMY__ 0.32600452968539534 off 0.30971311410985947	false	1.0
schlecht	neg 1.0		neg 0.35186316255216377 __DUMMY__ 0.32906891103887176 off 0.31906792640896453	false	1.0
verhasst	neg 1.0		neg 0.359587369506082 __DUMMY__ 0.3284818688699112 off 0.3119307616240068	false	1.0
beschweren	neg 1.0		neg 0.357242905581201 __DUMMY__ 0.32917902873383087 off 0.3135780656849681	false	1.0
scheiden	neg 1.0		neg 0.3525198860282355 __DUMMY__ 0.33303790183866583 off 0.3144422121330986	false	1.0
frustriert	neg 1.0		neg 0.3595234742910443 __DUMMY__ 0.33015912791875024 off 0.31031739779020534	false	1.0
schimmelig	neg 1.0		neg 0.3607706719220228 __DUMMY__ 0.331404066399887 off 0.30782526167809016	false	1.0
fisch	neg 1.0		neg 0.3577035063360836 __DUMMY__ 0.33408120327680374 off 0.30821529038711276	false	1.0
schmuggel	neg 1.0		neg 0.3612603187732583 __DUMMY__ 0.3322685351454946 off 0.30647114608124704	false	1.0
auffallen	neg 1.0		neg 0.35570397982286134 __DUMMY__ 0.32952794596628227 off 0.3147680742108563	false	1.0
konkurrenz	neg 1.0	neg 1.0	neg 0.6709458376632135 off 0.1684541174576534 __DUMMY__ 0.16060004487913304	false	1.0
teufelskreis	neg 1.0	neg 1.0	neg 0.6698499430333229 off 0.17125962897883143 __DUMMY__ 0.15889042798784556	false	1.0
aufschreien	neg 1.0		neg 0.3583275009083136 __DUMMY__ 0.3281491290366623 off 0.3135233700550242	false	1.0
schuldner	neg 1.0		neg 0.36435568389634065 __DUMMY__ 0.3303622403240957 off 0.30528207577956346	false	1.0
missgeburt	off 1.0	off 1.0	off 0.6486773921131517 neg 0.19382794021562214 __DUMMY__ 0.1574946676712261	false	1.0
arbeitslos	neg 1.0		neg 0.3629329192790311 __DUMMY__ 0.3288973361747896 off 0.3081697445461792	false	1.0
befallen	neg 1.0		neg 0.36470363586648413 __DUMMY__ 0.3277195209022758 off 0.30757684323124	false	1.0
miesepetrig	off 1.0	off 1.0	off 0.646305457370715 neg 0.19467631774496677 __DUMMY__ 0.15901822488431827	false	1.0
alarmieren	neg 1.0		neg 0.357668595695378 __DUMMY__ 0.32707886588203233 off 0.31525253842258966	false	1.0
ungeduscht	off 1.0		neg 0.35359793824125413 __DUMMY__ 0.3298538643416458 off 0.3165481974171	false	0.5
knappheit	neg 1.0		neg 0.3661062908304939 __DUMMY__ 0.32836293505865377 off 0.3055307741108522	false	1.0
schlange	neg 1.0		neg 0.35316528572165734 __DUMMY__ 0.33154507643426895 off 0.31528963784407377	false	1.0
harsch	neg 1.0		neg 0.347385577419895 __DUMMY__ 0.32874798858299326 off 0.32386643399711174	false	1.0
lang	neg 1.0		neg 0.3584785735499334 __DUMMY__ 0.32970934817610703 off 0.31181207827395957	false	1.0
ziellos	neg 1.0		neg 0.35904527738094033 __DUMMY__ 0.3314296049235211 off 0.3095251176955387	false	1.0
selbstverliebt	neg 1.0		neg 0.348041228702984 off 0.3287879432923329 __DUMMY__ 0.3231708280046832	false	1.0
beseitigen	neg 1.0	neg 1.0	neg 0.667465133160492 off 0.1721343479207764 __DUMMY__ 0.1604005189187315	false	1.0
dumm	off 1.0		neg 0.34961286149418186 __DUMMY__ 0.325706516949547 off 0.3246806215562711	false	0.5
arbeitsloser	neg 1.0		neg 0.36130067652007425 __DUMMY__ 0.3304841142585155 off 0.30821520922141027	false	1.0
blitzen	neg 1.0		neg 0.3564087349251039 __DUMMY__ 0.32875109040323286 off 0.3148401746716632	false	1.0
hilflos	neg 1.0		neg 0.3604118335058843 __DUMMY__ 0.3300091451726618 off 0.30957902132145404	false	1.0
eklig	off 1.0		neg 0.3486119171634787 __DUMMY__ 0.32579059568554575 off 0.3255974871509757	false	0.5
begriff			neg 0.36224938588343 __DUMMY__ 0.3286771849052226 off 0.30907342921134734	false	0.0
hungersnot	neg 1.0		neg 0.36130469832387707 __DUMMY__ 0.32971501012616705 off 0.30898029154995565	false	1.0
ungesetzlich	neg 1.0		neg 0.36472621326705806 __DUMMY__ 0.32494853050285677 off 0.3103252562300853	false	1.0
verschwendung	neg 1.0		neg 0.36379460336234426 __DUMMY__ 0.33001256788383726 off 0.3061928287538184	false	1.0
schmerzvoll	neg 1.0		neg 0.3568163563474558 __DUMMY__ 0.32945558206480025 off 0.3137280615877441	false	1.0
vorzeitig	neg 1.0		neg 0.35424883873242474 __DUMMY__ 0.3300026890630645 off 0.31574847220451074	false	1.0
unvollkommenheit	neg 1.0		neg 0.35797124369839045 __DUMMY__ 0.3320465074380536 off 0.3099822488635559	false	1.0
intervenieren	neg 1.0		neg 0.36647128985035105 __DUMMY__ 0.32874125428630335 off 0.3047874558633456	false	1.0
banause	off 1.0		neg 0.3481229241477123 off 0.3273288111899242 __DUMMY__ 0.3245482646623634	false	0.5
rebell	neg 1.0		neg 0.36553461303541385 __DUMMY__ 0.3314840913138404 off 0.3029812956507458	false	1.0
unlogisch	neg 1.0		neg 0.3517297373644542 __DUMMY__ 0.3272511521812484 off 0.3210191104542974	false	1.0
leiden	neg 1.0		neg 0.35739124430802227 __DUMMY__ 0.3340026192595678 off 0.30860613643240997	false	1.0
abschaffung	neg 1.0		neg 0.36150846638516276 __DUMMY__ 0.3278660890918598 off 0.3106254445229774	false	1.0
sturz	neg 1.0		neg 0.3574907349603412 __DUMMY__ 0.3305597575495762 off 0.3119495074900826	false	1.0
verkleinerung	neg 1.0		neg 0.3602575374966766 __DUMMY__ 0.32668312407288513 off 0.3130593384304383	false	1.0
schmarotzer	off 1.0		neg 0.3642570293938426 __DUMMY__ 0.32825664994972203 off 0.30748632065643555	false	0.5
bestrafung	neg 1.0		neg 0.35904950474083963 __DUMMY__ 0.3285703930981797 off 0.3123801021609806	false	1.0
achtlos	neg 1.0		neg 0.35728223125398423 __DUMMY__ 0.33070146303409115 off 0.31201630571192457	false	1.0
ungeheuer	neg 1.0		neg 0.35415888429616965 __DUMMY__ 0.33000827753524514 off 0.31583283816858515	false	1.0
unaufrichtig	neg 1.0		neg 0.3613326583402662 __DUMMY__ 0.32669610192702975 off 0.3119712397327041	false	1.0
groggy	neg 1.0		neg 0.35791519980416164 __DUMMY__ 0.3282560761471708 off 0.3138287240486676	false	1.0
verletzlich	neg 1.0		neg 0.3525037327943038 __DUMMY__ 0.3278387689548596 off 0.31965749825083656	false	1.0
ablehnen	neg 1.0		neg 0.36425550769721105 __DUMMY__ 0.32891612552659816 off 0.3068283667761909	false	1.0
