unsolidarisch	neg 1.0		off 0.4479454070509443 neg 0.4325738293726221 __DUMMY__ 0.11948076357643359	true	0.5
nachteilig	neg 1.0		off 0.4470972609093742 neg 0.4331647405298621 __DUMMY__ 0.1197379985607637	true	0.5
skeptisch	neg 1.0		off 0.4479687801463634 neg 0.43229535168687877 __DUMMY__ 0.11973586816675792	true	0.5
schrecklich	neg 1.0		off 0.45268244018646353 neg 0.4279068460500743 __DUMMY__ 0.11941071376346216	true	0.5
schlapp	neg 1.0		off 0.4529236989599069 neg 0.42758850698788875 __DUMMY__ 0.11948779405220421	true	0.5
abfall	neg 1.0		off 0.4472257371428698 neg 0.43290890199648224 __DUMMY__ 0.11986536086064788	true	0.5
widerspenstig	neg 1.0		off 0.450197196232676 neg 0.4302570594312319 __DUMMY__ 0.11954574433609216	true	0.5
abrupt	neg 1.0		off 0.44897146373450325 neg 0.43119630236217393 __DUMMY__ 0.11983223390332282	true	0.5
unwirksam	neg 1.0		off 0.4421879140834363 neg 0.43801331827286516 __DUMMY__ 0.11979876764369853	true	0.5
angreifen	neg 1.0		off 0.4479518231807841 neg 0.43234974100920076 __DUMMY__ 0.11969843581001506	true	0.5
inkonsistent	neg 1.0		off 0.4500981680503172 neg 0.43010397527317173 __DUMMY__ 0.11979785667651108	true	0.5
abrutschen	neg 1.0		off 0.44795514840486184 neg 0.4323297334105368 __DUMMY__ 0.11971511818460132	true	0.5
unsicher	neg 1.0		off 0.4500357329894864 neg 0.4303056255369142 __DUMMY__ 0.11965864147359934	true	0.5
bauernkind	off 1.0		off 0.4566161514693998 neg 0.4242849210304522 __DUMMY__ 0.11909892750014789	true	1.0
angreifer	neg 1.0		off 0.4450743144109749 neg 0.4352343150278442 __DUMMY__ 0.11969137056118093	true	0.5
trennen	neg 1.0		off 0.4490906522085838 neg 0.4310114972021149 __DUMMY__ 0.11989785058930133	true	0.5
schmutz	neg 1.0		off 0.44536926115409087 neg 0.43479630891021004 __DUMMY__ 0.11983442993569919	true	0.5
inkonsistenz	neg 1.0		off 0.45074381750294884 neg 0.4296900267513871 __DUMMY__ 0.11956615574566402	true	0.5
erschreckend	neg 1.0		off 0.44876464398921956 neg 0.4315649553808131 __DUMMY__ 0.11967040062996737	true	0.5
ertrinken	neg 1.0		off 0.44917947772570416 neg 0.43128118147798544 __DUMMY__ 0.11953934079631032	true	0.5
pickelface	off 1.0		off 0.46089347970699507 neg 0.42027784807820756 __DUMMY__ 0.1188286722147973	true	1.0
lauch	neg 1.0		off 0.4580267081739487 neg 0.42290653130082023 __DUMMY__ 0.1190667605252311	true	0.5
steuerhinterziehung	neg 1.0		off 0.4448420923562185 neg 0.4355050223636629 __DUMMY__ 0.11965288528011854	true	0.5
unwichtig	neg 1.0		off 0.4508490488849198 neg 0.42956602871913485 __DUMMY__ 0.11958492239594536	true	0.5
schock	neg 1.0		off 0.4501395099083928 neg 0.43007457472283045 __DUMMY__ 0.1197859153687767	true	0.5
vergelten	neg 1.0		off 0.4471508905310666 neg 0.4335124698326827 __DUMMY__ 0.11933663963625071	true	0.5
beule	neg 1.0		off 0.45360623470001016 neg 0.4269706790669488 __DUMMY__ 0.11942308623304108	true	0.5
verdorbenheit	neg 1.0		off 0.44811918680814694 neg 0.4312503838901431 __DUMMY__ 0.12063042930170986	true	0.5
trauma			off 0.4657200247430982 neg 0.42115296076449965 __DUMMY__ 0.11312701449240214	false	0.0
sinnlos	neg 1.0		off 0.45075982270418236 neg 0.42967795096171346 __DUMMY__ 0.11956222633410428	true	0.5
fettsack	off 1.0		off 0.45627883421093235 neg 0.4244734141915447 __DUMMY__ 0.11924775159752303	true	1.0
feige	off 1.0		off 0.4508177642900726 neg 0.4295622551813757 __DUMMY__ 0.11961998052855193	true	1.0
abdanken	neg 1.0		off 0.4481259557084658 neg 0.43227603185172353 __DUMMY__ 0.11959801243981072	true	0.5
wichtigtuer	off 1.0	off 1.0	off 0.7110396128797813 neg 0.2291348079258303 __DUMMY__ 0.05982557919438825	false	1.0
misslingen	neg 1.0		off 0.45005599078895075 neg 0.4304124349376651 __DUMMY__ 0.11953157427338416	true	0.5
untreu	off 1.0		off 0.4509052814398961 neg 0.429478477097741 __DUMMY__ 0.11961624146236276	true	1.0
missmutig	neg 1.0		off 0.450159457709452 neg 0.4301409656100312 __DUMMY__ 0.11969957668051683	true	0.5
hurenbock	off 1.0		off 0.456225769565455 neg 0.42479749295903846 __DUMMY__ 0.11897673747550644	true	1.0
betrunken	neg 1.0		off 0.4527306453616224 neg 0.427878757111614 __DUMMY__ 0.11939059752676355	true	0.5
korrupt	off 1.0		off 0.44790763405480505 neg 0.43253089275721746 __DUMMY__ 0.11956147318797743	true	1.0
unmut	neg 1.0		off 0.4465962997722041 neg 0.433651577946508 __DUMMY__ 0.11975212228128809	true	0.5
hackfresse	off 1.0		off 0.45357931615785235 neg 0.42711928445748387 __DUMMY__ 0.11930139938466382	true	1.0
aufblasen	neg 1.0		off 0.4507754336921221 neg 0.42962682579789496 __DUMMY__ 0.11959774050998291	true	0.5
gewaltsam	neg 1.0		off 0.4458097624152532 neg 0.4344591925689914 __DUMMY__ 0.11973104501575534	true	0.5
unbeliebtheit	neg 1.0		off 0.44488371869284604 neg 0.4353662973449052 __DUMMY__ 0.11974998396224891	true	0.5
sturheit	neg 1.0		off 0.44800608522467256 neg 0.43234161698088314 __DUMMY__ 0.11965229779444432	true	0.5
kuh	neg 1.0		off 0.45689607866540566 neg 0.42393752594414036 __DUMMY__ 0.11916639539045386	true	0.5
erschrecken	neg 1.0		off 0.4512792300786139 neg 0.42917768065143447 __DUMMY__ 0.11954308926995162	true	0.5
opfer	neg 1.0		off 0.4485278331249018 neg 0.4317597667676047 __DUMMY__ 0.11971240010749344	true	0.5
stinktier	neg 1.0		off 0.45656157147859106 neg 0.42430077377565856 __DUMMY__ 0.11913765474575035	true	0.5
sinken	neg 1.0		off 0.4449431939662748 neg 0.43498668520550626 __DUMMY__ 0.12007012082821894	true	0.5
tucke	off 1.0		off 0.4555813625394988 neg 0.4254143743921756 __DUMMY__ 0.11900426306832546	true	1.0
abstieg	neg 1.0		off 0.44645592705822423 neg 0.43369316248700396 __DUMMY__ 0.11985091045477174	true	0.5
missverstehen	neg 1.0		off 0.4501317297259701 neg 0.43022293708218584 __DUMMY__ 0.11964533319184413	true	0.5
ergebnislos	neg 1.0		off 0.4444893608595045 neg 0.4356113110350082 __DUMMY__ 0.11989932810548715	true	0.5
manipulieren	neg 1.0		off 0.44814317737290316 neg 0.4322983242595537 __DUMMY__ 0.11955849836754313	true	0.5
verschleppen	neg 1.0		off 0.44502555953477535 neg 0.43521389666285315 __DUMMY__ 0.11976054380237143	true	0.5
unbewiesen	neg 1.0		off 0.44654136515862325 neg 0.4337400522947144 __DUMMY__ 0.11971858254666236	true	0.5
weib	off 1.0		off 0.45551835040243027 neg 0.42532295080009813 __DUMMY__ 0.11915869879747155	true	1.0
opposition	neg 1.0		off 0.4430762089995659 neg 0.43744353439447164 __DUMMY__ 0.11948025660596232	true	0.5
verkehrswidrig	neg 1.0		off 0.44503491097039 neg 0.435488049120635 __DUMMY__ 0.11947703990897489	true	0.5
inkorrekt	neg 1.0		off 0.4506317460092666 neg 0.4297803940623284 __DUMMY__ 0.11958785992840507	true	0.5
vermeiden	neg 1.0		off 0.4463882054362974 neg 0.43374359057062406 __DUMMY__ 0.11986820399307857	true	0.5
abweichung	neg 1.0		off 0.44605657177842944 neg 0.4340892485985999 __DUMMY__ 0.11985417962297075	true	0.5
alkoholisiert	neg 1.0		off 0.44867790975674254 neg 0.43160533059844364 __DUMMY__ 0.11971675964481392	true	0.5
scheiss	off 1.0	off 1.0	off 0.7126512723936544 neg 0.2275028911568857 __DUMMY__ 0.059845836449459816	false	1.0
herausforderung	neg 1.0		off 0.4471535701219604 neg 0.4329058818864521 __DUMMY__ 0.11994054799158752	true	0.5
pervers	off 1.0		off 0.4553206271695113 neg 0.4255905281825093 __DUMMY__ 0.11908884464797936	true	1.0
wackelig	neg 1.0		off 0.4503955865279115 neg 0.4299654735267615 __DUMMY__ 0.11963893994532698	true	0.5
verwickeln	neg 1.0		off 0.44988703463886476 neg 0.4304223641367362 __DUMMY__ 0.11969060122439926	true	0.5
vorwand	neg 1.0		off 0.44804227098736177 neg 0.4323574364584756 __DUMMY__ 0.11960029255416267	true	0.5
muschi	off 1.0		off 0.4602910275568644 neg 0.42081086641591414 __DUMMY__ 0.1188981060272214	true	1.0
entmutigung	neg 1.0		off 0.445388460375 neg 0.434970769112101 __DUMMY__ 0.11964077051289909	true	0.5
unstetig	neg 1.0		off 0.44849181312521275 neg 0.4318469946479048 __DUMMY__ 0.11966119222688233	true	0.5
unangemessen	neg 1.0		off 0.44834004142711126 neg 0.4320030687590347 __DUMMY__ 0.11965688981385407	true	0.5
entmutigen	neg 1.0		off 0.45021745592187457 neg 0.4301124667590272 __DUMMY__ 0.11967007731909832	true	0.5
schwanz	neg 1.0		off 0.45807815087457426 neg 0.4232279606457381 __DUMMY__ 0.1186938884796877	true	0.5
verbot	neg 1.0		off 0.44552486523012347 neg 0.4348202687055347 __DUMMY__ 0.1196548660643418	true	0.5
leid	neg 1.0		off 0.45315815708839485 neg 0.4274243781921813 __DUMMY__ 0.11941746471942394	true	0.5
archaisch	neg 1.0		off 0.4484746712796694 neg 0.43190811194990036 __DUMMY__ 0.11961721677043013	true	0.5
scheidung	neg 1.0		off 0.4432539645205864 neg 0.4368322622578537 __DUMMY__ 0.11991377322155986	true	0.5
abgestanden	neg 1.0		off 0.45204830753289993 neg 0.4282204396180379 __DUMMY__ 0.1197312528490621	true	0.5
einschlag	neg 1.0		off 0.44577038969542687 neg 0.4342405437958157 __DUMMY__ 0.11998906650875743	true	0.5
schmierig	off 1.0		off 0.4527497350456145 neg 0.42778536812454115 __DUMMY__ 0.1194648968298442	true	1.0
unpraktisch	neg 1.0		off 0.45178578756585286 neg 0.4286741555412015 __DUMMY__ 0.11954005689294567	true	0.5
wixxer	off 1.0		off 0.456560164638957 neg 0.42425207041095914 __DUMMY__ 0.11918776495008387	true	1.0
jammerlappen	off 1.0		off 0.4508642312079327 neg 0.4295711115612109 __DUMMY__ 0.11956465723085635	true	1.0
farce	neg 1.0		off 0.4456041622536376 neg 0.43469766222546247 __DUMMY__ 0.11969817552089981	true	0.5
zwecklos	neg 1.0		off 0.4485215347569323 neg 0.43177398030736414 __DUMMY__ 0.11970448493570358	true	0.5
turbulent	neg 1.0		off 0.44770874561948854 neg 0.432745472551072 __DUMMY__ 0.11954578182943947	true	0.5
schuld	neg 1.0		off 0.4499854005162866 neg 0.4304706298522114 __DUMMY__ 0.11954396963150203	true	0.5
risiko	neg 1.0		off 0.4440833197608351 neg 0.4357797434746903 __DUMMY__ 0.12013693676447455	true	0.5
invasion	neg 1.0		neg 0.4498806879678537 off 0.4327341684641336 __DUMMY__ 0.11738514356801258	true	1.0
finster	neg 1.0		off 0.4522854837213562 neg 0.428064581696718 __DUMMY__ 0.11964993458192591	true	0.5
geisteskrank	off 1.0		off 0.4508278109037601 neg 0.42955269140104024 __DUMMY__ 0.11961949769519963	true	1.0
ausbeute	neg 1.0		off 0.4491471212308233 neg 0.4305918423500057 __DUMMY__ 0.12026103641917096	true	0.5
zusammenbrechen	neg 1.0		off 0.4492884834936254 neg 0.4311386827122979 __DUMMY__ 0.11957283379407668	true	0.5
hinterhalt	neg 1.0		off 0.4483728778881003 neg 0.4318703504379491 __DUMMY__ 0.11975677167395062	true	0.5
kritik	neg 1.0		off 0.44587490356644444 neg 0.4344584093451547 __DUMMY__ 0.11966668708840081	true	0.5
einschrumpfen	neg 1.0		off 0.4447765963304153 neg 0.4360012852091133 __DUMMY__ 0.11922211846047144	true	0.5
riskant	neg 1.0		off 0.44853130134674796 neg 0.4317829868700153 __DUMMY__ 0.11968571178323653	true	0.5
frustrieren	neg 1.0		off 0.4489973941255542 neg 0.4312926975540556 __DUMMY__ 0.11970990832039027	true	0.5
groll	neg 1.0		off 0.4482939219503534 neg 0.43198410754248096 __DUMMY__ 0.1197219705071656	true	0.5
qualvoll	neg 1.0		off 0.4507623368273367 neg 0.4297723872979106 __DUMMY__ 0.11946527587475267	true	0.5
wackeln	neg 1.0		off 0.450406470305973 neg 0.4298784592538094 __DUMMY__ 0.11971507044021769	true	0.5
klagen	neg 1.0		off 0.44623433843188703 neg 0.4340801028383534 __DUMMY__ 0.11968555872975972	true	0.5
trauern	neg 1.0		off 0.44875201899166145 neg 0.4315781363585721 __DUMMY__ 0.11966984464976636	true	0.5
ablehnung	neg 1.0		off 0.44541434305148137 neg 0.43485718719425087 __DUMMY__ 0.11972846975426779	true	0.5
bankrott	neg 1.0		off 0.4404176688331481 neg 0.44001033049185045 __DUMMY__ 0.11957200067500147	true	0.5
stur	neg 1.0		off 0.4495751283099783 neg 0.43088128369406276 __DUMMY__ 0.11954358799595886	true	0.5
aufruhr	neg 1.0		off 0.4443563054790048 neg 0.43567226767860284 __DUMMY__ 0.11997142684239238	true	0.5
melancholie	neg 1.0		off 0.4514690006668725 neg 0.4289083405774321 __DUMMY__ 0.11962265875569544	true	0.5
torheit	neg 1.0		off 0.44772696210740737 neg 0.43259831055592124 __DUMMY__ 0.11967472733667141	true	0.5
dreckskind	off 1.0		off 0.459023033302992 neg 0.422039798874924 __DUMMY__ 0.11893716782208384	true	1.0
umtauschen	neg 1.0		off 0.45167049719236324 neg 0.4288378910532156 __DUMMY__ 0.1194916117544211	true	0.5
zersetzen	neg 1.0		off 0.4473466509694805 neg 0.4329639718066469 __DUMMY__ 0.11968937722387255	true	0.5
frust	neg 1.0		off 0.4491858072036533 neg 0.43121798847578546 __DUMMY__ 0.11959620432056127	true	0.5
unerbittlichkeit	neg 1.0		off 0.44740469310892306 neg 0.43289484610384965 __DUMMY__ 0.11970046078722724	true	0.5
unkorrekt	neg 1.0		off 0.45097807349514973 neg 0.4295742284776779 __DUMMY__ 0.11944769802717245	true	0.5
hexe	off 1.0		off 0.4539133876801996 neg 0.42640526984300464 __DUMMY__ 0.11968134247679575	true	1.0
lasch	neg 1.0		off 0.4497718815410702 neg 0.4306122849206476 __DUMMY__ 0.11961583353828222	true	0.5
rivale	neg 1.0		off 0.44389912792029923 neg 0.436427551307654 __DUMMY__ 0.1196733207720467	true	0.5
mutlos	off 1.0		off 0.4478701538534325 neg 0.43242844683011017 __DUMMY__ 0.11970139931645747	true	1.0
wirr	off 1.0		off 0.4527255651145561 neg 0.4280394852688389 __DUMMY__ 0.11923494961660511	true	1.0
strafbar	neg 1.0		off 0.4482342032898548 neg 0.43205741951112986 __DUMMY__ 0.11970837719901524	true	0.5
erosion	neg 1.0	neg 1.0	neg 0.699379654675527 off 0.2392321177508164 __DUMMY__ 0.061388227573656626	false	1.0
eingehen	neg 1.0		off 0.4485755294152485 neg 0.4317451377773551 __DUMMY__ 0.11967933280739641	true	0.5
faul	off 1.0		off 0.4529518765133024 neg 0.42768458325326647 __DUMMY__ 0.11936354023343114	true	1.0
provisorium	neg 1.0		off 0.4475102706778165 neg 0.4326456224122339 __DUMMY__ 0.1198441069099496	true	0.5
schmerzen	neg 1.0		off 0.45146544662927196 neg 0.4291436342708343 __DUMMY__ 0.11939091909989367	true	0.5
schrumpfen	neg 1.0		off 0.44619939982393453 neg 0.4339354270086994 __DUMMY__ 0.11986517316736599	true	0.5
geistlos	off 1.0		off 0.4494448012024418 neg 0.430936819354216 __DUMMY__ 0.11961837944334221	true	1.0
frustrierend	neg 1.0		off 0.45115708594362314 neg 0.4291919114332788 __DUMMY__ 0.11965100262309807	true	0.5
fehlkauf	neg 1.0		off 0.44872186584471296 neg 0.43062367447320044 __DUMMY__ 0.12065445968208659	true	0.5
unzufrieden	neg 1.0		off 0.44852296664080527 neg 0.4317577358500758 __DUMMY__ 0.11971929750911896	true	0.5
verzweifeln	neg 1.0		off 0.4496133272924872 neg 0.4307591085228773 __DUMMY__ 0.11962756418463533	true	0.5
verzweifelt	neg 1.0		off 0.4503142835246617 neg 0.4300273050331508 __DUMMY__ 0.11965841144218738	true	0.5
misstrauensantrag	neg 1.0		off 0.4434944760353624 neg 0.4370665870075732 __DUMMY__ 0.11943893695706441	true	0.5
abfallen	neg 1.0		off 0.4517494380097707 neg 0.42878270194347856 __DUMMY__ 0.1194678600467507	true	0.5
fucker	off 1.0		off 0.4690050332932088 neg 0.3753461276322629 __DUMMY__ 0.15564883907452823	true	1.0
ungezogen	neg 1.0		off 0.45374831572695257 neg 0.4269471972828621 __DUMMY__ 0.11930448699018521	true	0.5
irrsinnig	neg 1.0		off 0.4503179297880882 neg 0.4300905215404715 __DUMMY__ 0.11959154867144035	true	0.5
hart	neg 1.0		off 0.45731138946241806 neg 0.42382332856620447 __DUMMY__ 0.11886528197137737	true	0.5
unfassbar	neg 1.0		off 0.4509911463678405 neg 0.42929340750666706 __DUMMY__ 0.11971544612549262	true	0.5
widerlich	off 1.0		off 0.45120754227209386 neg 0.42928790046975196 __DUMMY__ 0.1195045572581541	true	1.0
fatal			off 0.4444555447551449 neg 0.43725263202382275 __DUMMY__ 0.11829182322103221	false	0.0
bruch	neg 1.0		off 0.4471772628034409 neg 0.4329973367286682 __DUMMY__ 0.11982540046789099	true	0.5
aushungern	neg 1.0		off 0.44611620687192 neg 0.43432304323752974 __DUMMY__ 0.11956074989055014	true	0.5
anspannung	neg 1.0		off 0.4482456701442597 neg 0.431954816253699 __DUMMY__ 0.1197995136020413	true	0.5
kraftlos	neg 1.0		off 0.449465444125839 neg 0.4308470247798251 __DUMMY__ 0.11968753109433589	true	0.5
grenzdebil	off 1.0		off 0.4517662427788554 neg 0.42877526018309764 __DUMMY__ 0.119458497038047	true	1.0
unterwerfen	neg 1.0		off 0.4483026490144679 neg 0.43202651478907705 __DUMMY__ 0.11967083619645497	true	0.5
versenkung	neg 1.0		off 0.44848017922322725 neg 0.431778154042205 __DUMMY__ 0.11974166673456771	true	0.5
entziehen	neg 1.0		off 0.44763528579734296 neg 0.4326121442375862 __DUMMY__ 0.11975256996507094	true	0.5
finanzkrise	neg 1.0		off 0.442792549275929 neg 0.43738595351553794 __DUMMY__ 0.11982149720853318	true	0.5
schimpfend	neg 1.0		off 0.45119173127430334 neg 0.42933908447169566 __DUMMY__ 0.11946918425400108	true	0.5
profan	neg 1.0		off 0.4506636996643909 neg 0.4297040406814187 __DUMMY__ 0.11963225965419054	true	0.5
korruption	neg 1.0		off 0.44504651679575863 neg 0.43527195019290854 __DUMMY__ 0.11968153301133272	true	0.5
schmutzig	neg 1.0		off 0.4519860042927882 neg 0.4285406844159153 __DUMMY__ 0.11947331129129657	true	0.5
abraten	neg 1.0		off 0.45118174362427665 neg 0.42921366063843674 __DUMMY__ 0.11960459573728653	true	0.5
sexy	neg 1.0		off 0.4587468752254162 neg 0.426948831407023 __DUMMY__ 0.11430429336756096	true	0.5
fotze	off 1.0		off 0.46204394475840893 neg 0.4194112766336992 __DUMMY__ 0.11854477860789189	true	1.0
schwarz	neg 1.0		off 0.4487954909824271 neg 0.4306926801522755 __DUMMY__ 0.12051182886529725	true	0.5
verwirren	neg 1.0		off 0.45110249923214935 neg 0.42934370937050537 __DUMMY__ 0.11955379139734532	true	0.5
zahnlos	off 1.0		off 0.4486213150700458 neg 0.43160453532045534 __DUMMY__ 0.11977414960949877	true	1.0
verheeren	neg 1.0		off 0.44233021519948973 neg 0.43797055004350793 __DUMMY__ 0.11969923475700234	true	0.5
rammen	neg 1.0		off 0.45213537842638535 neg 0.4283207009358817 __DUMMY__ 0.11954392063773296	true	0.5
unlauter	neg 1.0		off 0.4448035743885216 neg 0.43562577633825617 __DUMMY__ 0.11957064927322228	true	0.5
unheilvoll	neg 1.0		off 0.4504074613294699 neg 0.43014056670991235 __DUMMY__ 0.11945197196061771	true	0.5
niedrig	neg 1.0		off 0.44548128945898763 neg 0.4343064736920189 __DUMMY__ 0.12021223684899346	true	0.5
weichei	off 1.0		off 0.4537032888843242 neg 0.4269217951436026 __DUMMY__ 0.1193749159720731	true	1.0
explosion	neg 1.0		neg 0.4431734075504097 off 0.43791041492560934 __DUMMY__ 0.11891617752398106	true	1.0
minusmensch	off 1.0		off 0.4584844401358043 neg 0.42232559726110286 __DUMMY__ 0.1191899626030929	true	1.0
farblos	neg 1.0		off 0.4498614348237395 neg 0.4299887590692338 __DUMMY__ 0.12014980610702665	true	0.5
unwissend	neg 1.0		off 0.4511910204251974 neg 0.42927157173468494 __DUMMY__ 0.11953740784011771	true	0.5
traurig	neg 1.0		off 0.4522774739004406 neg 0.42824209775700556 __DUMMY__ 0.1194804283425538	true	0.5
senkung	neg 1.0		off 0.4403965586247476 neg 0.4400278676626078 __DUMMY__ 0.1195755737126447	true	0.5
ungleich	neg 1.0		off 0.4480455561922722 neg 0.4322761868885243 __DUMMY__ 0.11967825691920345	true	0.5
heikel	neg 1.0		off 0.4482514086441087 neg 0.4321138607242578 __DUMMY__ 0.1196347306316335	true	0.5
drosselung	neg 1.0		off 0.44145464106581067 neg 0.4387971671197843 __DUMMY__ 0.11974819181440513	true	0.5
falsch	neg 1.0		off 0.4511152766055889 neg 0.42933630426031133 __DUMMY__ 0.11954841913409968	true	0.5
unzufriedenheit	neg 1.0		off 0.4473704107238109 neg 0.43293139226474503 __DUMMY__ 0.11969819701144406	true	0.5
kurz	neg 1.0		off 0.4508121156865793 neg 0.42952160793117905 __DUMMY__ 0.1196662763822415	true	0.5
unsinnig	neg 1.0		off 0.44889543638185336 neg 0.43152484366662663 __DUMMY__ 0.11957971995152004	true	0.5
penner	off 1.0		off 0.45338732807364723 neg 0.4272526031026254 __DUMMY__ 0.11936006882372721	true	1.0
seicht	neg 1.0		off 0.4518677500350298 neg 0.4285533859415405 __DUMMY__ 0.11957886402342967	true	0.5
dummheit	off 1.0		off 0.4498214279856959 neg 0.4306170969878397 __DUMMY__ 0.11956147502646454	true	1.0
unerfreulich	neg 1.0		off 0.4481886755905342 neg 0.4320948893524429 __DUMMY__ 0.119716435057023	true	0.5
pikiert	neg 1.0		off 0.4509766235351506 neg 0.42945105553837976 __DUMMY__ 0.11957232092646954	true	0.5
motherfucker	off 1.0		off 0.46527802625776365 neg 0.38302572767716153 __DUMMY__ 0.15169624606507492	true	1.0
wrack	neg 1.0		off 0.4484264330488442 neg 0.43173151275639027 __DUMMY__ 0.11984205419476548	true	0.5
gangster	neg 1.0		off 0.4656206086541183 neg 0.400603143164963 __DUMMY__ 0.13377624818091874	true	0.5
krank	neg 1.0		off 0.4526444172748421 neg 0.42789116088197304 __DUMMY__ 0.11946442184318487	true	0.5
reich	neg 1.0		off 0.4483172400461752 neg 0.4318843483862791 __DUMMY__ 0.11979841156754566	true	0.5
gnadenlos	neg 1.0		off 0.4502390022114649 neg 0.4301000157676987 __DUMMY__ 0.1196609820208364	true	0.5
niedergeschlagen	neg 1.0		off 0.449396651931807 neg 0.43092733723336774 __DUMMY__ 0.11967601083482535	true	0.5
terrorisieren	off 1.0	off 1.0	off 0.7101948009404496 neg 0.2298575077524539 __DUMMY__ 0.05994769130709636	false	1.0
sinnlosigkeit	neg 1.0		off 0.4487200406474545 neg 0.4316562253569727 __DUMMY__ 0.1196237339955728	true	0.5
behindern	neg 1.0		off 0.4448427286365065 neg 0.43473736158992804 __DUMMY__ 0.12041990977356533	true	0.5
undemokratisch	neg 1.0		off 0.446950774582149 neg 0.4336021833040805 __DUMMY__ 0.11944704211377054	true	0.5
wirtschaftskrise	neg 1.0		off 0.4437088773441952 neg 0.43639108048192227 __DUMMY__ 0.11990004217388264	true	0.5
neid	neg 1.0		off 0.4511258938184493 neg 0.4291511525783545 __DUMMY__ 0.11972295360319601	true	0.5
rutschen	neg 1.0		off 0.44942350288676763 neg 0.43070398667538473 __DUMMY__ 0.11987251043784758	true	0.5
rezession	neg 1.0		off 0.4418818897628305 neg 0.43813616516349535 __DUMMY__ 0.11998194507367414	true	0.5
fehlgeburt	neg 1.0		off 0.45117987940774057 neg 0.429428828794195 __DUMMY__ 0.1193912917980643	true	0.5
charakterschwach	off 1.0		off 0.4507180293310803 neg 0.4297214415234002 __DUMMY__ 0.11956052914551947	true	1.0
isolation	neg 1.0		neg 0.4467570477858811 off 0.43516555651545935 __DUMMY__ 0.1180773956986595	true	1.0
ablenkung	neg 1.0		off 0.45026352240542716 neg 0.4301453146324858 __DUMMY__ 0.11959116296208697	true	0.5
pech	neg 1.0		off 0.45213991887560007 neg 0.42822737067875655 __DUMMY__ 0.11963271044564346	true	0.5
dominieren	neg 1.0		off 0.444754606718508 neg 0.43515061601925864 __DUMMY__ 0.1200947772622334	true	0.5
vermeidung	neg 1.0		off 0.4403378672877495 neg 0.44013603126995887 __DUMMY__ 0.11952610144229157	true	0.5
schwindlig	neg 1.0		off 0.45327437198400167 neg 0.4273273229118793 __DUMMY__ 0.11939830510411899	true	0.5
lutscher	neg 1.0		off 0.4568003638510525 neg 0.42408007147705723 __DUMMY__ 0.11911956467189024	true	0.5
pflicht	neg 1.0		off 0.4479947880576119 neg 0.43225767823216954 __DUMMY__ 0.11974753371021854	true	0.5
faschist	off 1.0		off 0.44939229973434236 neg 0.4310717568502072 __DUMMY__ 0.11953594341545055	true	1.0
verschleudern	neg 1.0		off 0.4455282396094688 neg 0.4346890198834086 __DUMMY__ 0.11978274050712273	true	0.5
ehebruch	neg 1.0		off 0.4486183518917552 neg 0.4316942065685595 __DUMMY__ 0.11968744153968527	true	0.5
trostlosigkeit	neg 1.0		off 0.44768152115325077 neg 0.43260812445140717 __DUMMY__ 0.11971035439534197	true	0.5
lutschen	neg 1.0		off 0.4572073008262225 neg 0.423969272254077 __DUMMY__ 0.11882342691970048	true	0.5
spott	off 1.0		off 0.44797463784681046 neg 0.4323393529688694 __DUMMY__ 0.11968600918432021	true	1.0
undiszipliniert	neg 1.0		off 0.4522162514106077 neg 0.4283459180457072 __DUMMY__ 0.11943783054368519	true	0.5
kopfschmerz	neg 1.0		off 0.4510151177725544 neg 0.42960265803920017 __DUMMY__ 0.11938222418824551	true	0.5
unvorhergesehen	neg 1.0		off 0.4499143691380736 neg 0.43032640462024996 __DUMMY__ 0.1197592262416765	true	0.5
desinteressiert	neg 1.0		off 0.45205042363548953 neg 0.42843778512924885 __DUMMY__ 0.11951179123526147	true	0.5
armselig	off 1.0		off 0.450815519104862 neg 0.42953226100823116 __DUMMY__ 0.11965221988690683	true	1.0
tod	neg 1.0		off 0.44779382556941005 neg 0.4324219850427425 __DUMMY__ 0.11978418938784748	true	0.5
desaster	neg 1.0		off 0.4462979555462759 neg 0.433905361241503 __DUMMY__ 0.11979668321222108	true	0.5
herzlos	neg 1.0		off 0.45205335651009715 neg 0.42842757612453475 __DUMMY__ 0.11951906736536806	true	0.5
unwissenheit	neg 1.0		off 0.4479539601922069 neg 0.4324807057145271 __DUMMY__ 0.11956533409326611	true	0.5
widersinnig	neg 1.0		off 0.4467312338786128 neg 0.4336579759519212 __DUMMY__ 0.11961079016946603	true	0.5
bedenklich	neg 1.0		off 0.44821910295240386 neg 0.43213882685212507 __DUMMY__ 0.11964207019547111	true	0.5
beanstanden	neg 1.0		off 0.447500828058655 neg 0.43273445738005734 __DUMMY__ 0.11976471456128776	true	0.5
panisch	neg 1.0		off 0.4513255213599965 neg 0.42919841982950385 __DUMMY__ 0.11947605881049962	true	0.5
abstrich	neg 1.0		off 0.45087487525043224 neg 0.4298099555888668 __DUMMY__ 0.11931516916070099	true	0.5
debil	off 1.0		off 0.46331349631741336 neg 0.418648402053971 __DUMMY__ 0.1180381016286155	true	1.0
primitiv	neg 1.0		off 0.45117913648141983 neg 0.4291539207039644 __DUMMY__ 0.11966694281461568	true	0.5
abschaum	off 1.0		off 0.4505012935620548 neg 0.42991723679145066 __DUMMY__ 0.11958146964649449	true	1.0
tot	neg 1.0		off 0.45146704277856897 neg 0.42899925225146607 __DUMMY__ 0.11953370496996508	true	0.5
provozieren	neg 1.0		off 0.4497646123007471 neg 0.43063017618666444 __DUMMY__ 0.11960521151258835	true	0.5
instabil	neg 1.0		off 0.4491766212801234 neg 0.4309377653753508 __DUMMY__ 0.1198856133445259	true	0.5
schwuchtel	off 1.0		off 0.4573990178830549 neg 0.4236353736725701 __DUMMY__ 0.11896560844437504	true	1.0
zerren	neg 1.0		off 0.44958773228376386 neg 0.43080450512345336 __DUMMY__ 0.11960776259278284	true	0.5
kinderficker	off 1.0		off 0.45097832425570217 neg 0.4296187707532171 __DUMMY__ 0.11940290499108083	true	1.0
gefahr	neg 1.0		off 0.44502281830742896 neg 0.4350806389909387 __DUMMY__ 0.11989654270163248	true	0.5
rabiat	neg 1.0		off 0.4497781768245806 neg 0.4305204156761518 __DUMMY__ 0.11970140749926772	true	0.5
verlangsamung	neg 1.0		off 0.4432467721167697 neg 0.436566837804706 __DUMMY__ 0.12018639007852427	true	0.5
anklagen	neg 1.0		off 0.44500626229978313 neg 0.43533558614792767 __DUMMY__ 0.11965815155228922	true	0.5
ausgestorben	neg 1.0		off 0.4493056635175364 neg 0.4309111674223493 __DUMMY__ 0.11978316906011427	true	0.5
verminderung	neg 1.0		neg 0.4402326089305325 off 0.4400917574003571 __DUMMY__ 0.1196756336691104	true	1.0
rost	neg 1.0		off 0.4465992406535116 neg 0.4328135924045361 __DUMMY__ 0.12058716694195232	true	0.5
destruktiv	neg 1.0		off 0.44867604653191034 neg 0.43171135785739984 __DUMMY__ 0.11961259561068975	true	0.5
unzumutbarkeit	neg 1.0		off 0.44496843163535704 neg 0.4352237581451011 __DUMMY__ 0.11980781021954187	true	0.5
labil	off 1.0	off 1.0	off 0.771739148237282 neg 0.1801516937141987 __DUMMY__ 0.04810915804851925	false	1.0
ziemlich	neg 1.0		off 0.4521406363256743 neg 0.4283362120210944 __DUMMY__ 0.11952315165323123	true	0.5
lachnummer	off 1.0		off 0.4487654470502029 neg 0.43153962716913663 __DUMMY__ 0.11969492578066056	true	1.0
ausgrenzung	neg 1.0		off 0.44564223431533656 neg 0.4347254692277799 __DUMMY__ 0.11963229645688359	true	0.5
verfall	neg 1.0		off 0.4462736215533746 neg 0.43397105277435727 __DUMMY__ 0.11975532567226821	true	0.5
unordnung	neg 1.0	neg 1.0	neg 0.69789563585966 off 0.24161113168162998 __DUMMY__ 0.06049323245871002	false	1.0
fehlverhalten	neg 1.0		off 0.44733454054102983 neg 0.43298455490463716 __DUMMY__ 0.11968090455433304	true	0.5
nille	neg 1.0		off 0.46435157042927167 neg 0.4175099657792384 __DUMMY__ 0.11813846379149011	true	0.5
qual	neg 1.0		off 0.44838205606609316 neg 0.4368823735720399 __DUMMY__ 0.11473557036186693	true	0.5
riesig	neg 1.0		off 0.45570900461057695 neg 0.4246377746940382 __DUMMY__ 0.11965322069538491	true	0.5
verschwenden	neg 1.0		off 0.44885595154468694 neg 0.43150798493254316 __DUMMY__ 0.11963606352276986	true	0.5
verurteilen	neg 1.0		off 0.44794236965577655 neg 0.432456294009519 __DUMMY__ 0.11960133633470443	true	0.5
klischee	neg 1.0		off 0.4506220531356485 neg 0.42974785853315667 __DUMMY__ 0.11963008833119473	true	0.5
diktatorisch	neg 1.0		off 0.4473914960394903 neg 0.43313750931650447 __DUMMY__ 0.1194709946440052	true	0.5
vorhersehbar	neg 1.0		off 0.45003134441500864 neg 0.43024614776677517 __DUMMY__ 0.1197225078182162	true	0.5
stornieren	neg 1.0		off 0.44791129695540804 neg 0.43240386340123704 __DUMMY__ 0.11968483964335497	true	0.5
besteuerung	neg 1.0		off 0.44129982696728737 neg 0.4389146869173457 __DUMMY__ 0.11978548611536688	true	0.5
ungeschminkt	neg 1.0		off 0.45558575694819453 neg 0.4253499894296883 __DUMMY__ 0.11906425362211713	true	0.5
kritisch	neg 1.0		off 0.4479395012214765 neg 0.43237534648076376 __DUMMY__ 0.1196851522977597	true	0.5
schlamperei	off 1.0		off 0.4453095728099044 neg 0.43494542585481644 __DUMMY__ 0.11974500133527921	true	1.0
sucht	neg 1.0		off 0.4489770913477363 neg 0.4305993889805696 __DUMMY__ 0.12042351967169429	true	0.5
egoistisch	off 1.0		off 0.4522633405380807 neg 0.42834913038469746 __DUMMY__ 0.11938752907722178	true	1.0
ausbeuter	off 1.0		off 0.4474468120144955 neg 0.43287496387455887 __DUMMY__ 0.11967822411094563	true	1.0
arschgeburt			off 0.4583928294091789 neg 0.42275921431697056 __DUMMY__ 0.1188479562738505	false	0.0
schubs	neg 1.0		off 0.45243988764378645 neg 0.4282301514748285 __DUMMY__ 0.11932996088138506	true	0.5
unsolide	neg 1.0		off 0.4471339035748434 neg 0.4333490694268731 __DUMMY__ 0.11951702699828357	true	0.5
beschwerde	neg 1.0		off 0.4454203644519961 neg 0.43495429983439865 __DUMMY__ 0.11962533571360519	true	0.5
stocken	neg 1.0		off 0.44392051668151566 neg 0.4360379773771796 __DUMMY__ 0.12004150594130485	true	0.5
isolieren	neg 1.0		off 0.4446151144560419 neg 0.43555239644793087 __DUMMY__ 0.11983248909602724	true	0.5
unheilbar	neg 1.0		off 0.44950247302855323 neg 0.4308764345030283 __DUMMY__ 0.11962109246841843	true	0.5
pisser	off 1.0		off 0.45835821836545465 neg 0.42275096007413665 __DUMMY__ 0.11889082156040871	true	1.0
löschen	neg 1.0		off 0.4503475399758096 neg 0.43039179874783295 __DUMMY__ 0.11926066127635748	true	0.5
durchfallen	neg 1.0		off 0.4487051930020297 neg 0.4317100034532396 __DUMMY__ 0.11958480354473083	true	0.5
wichser	off 1.0		off 0.4537202517686003 neg 0.4269163756802216 __DUMMY__ 0.11936337255117804	true	1.0
terror	neg 1.0		neg 0.44073654704614473 off 0.4405405075633033 __DUMMY__ 0.11872294539055188	true	1.0
krass	neg 1.0		off 0.4554595057879225 neg 0.42540024708844437 __DUMMY__ 0.11914024712363318	true	0.5
revolte	neg 1.0		off 0.44423259266570597 neg 0.43590525129693686 __DUMMY__ 0.11986215603735716	true	0.5
besorgt	neg 1.0		off 0.44963993226807925 neg 0.43072965561628357 __DUMMY__ 0.11963041211563716	true	0.5
nachlassen	neg 1.0		off 0.44802603922398804 neg 0.4322064752381177 __DUMMY__ 0.11976748553789422	true	0.5
alt	neg 1.0		off 0.45329218466262844 neg 0.4269303366725283 __DUMMY__ 0.11977747866484309	true	0.5
hundesohn	off 1.0		off 0.4606038907256244 neg 0.42082407939306643 __DUMMY__ 0.11857202988130928	true	1.0
abschreckung	neg 1.0		off 0.4468057154973143 neg 0.433523263077194 __DUMMY__ 0.11967102142549164	true	0.5
unqualifiziert	neg 1.0		off 0.44950090670484344 neg 0.43098922000644574 __DUMMY__ 0.11950987328871095	true	0.5
abgewichst	off 1.0		off 0.46211533859069104 neg 0.4193848486486029 __DUMMY__ 0.11849981276070615	true	1.0
kapitulation	neg 1.0		off 0.4456071961575989 neg 0.43462828516224744 __DUMMY__ 0.11976451868015366	true	0.5
schwer	neg 1.0		off 0.44995189084371584 neg 0.43034641668035134 __DUMMY__ 0.11970169247593279	true	0.5
bedeutungslosigkeit	neg 1.0		off 0.44734982605129997 neg 0.4328929698866754 __DUMMY__ 0.11975720406202463	true	0.5
unscharf	neg 1.0		off 0.4534592660286293 neg 0.42724594577980113 __DUMMY__ 0.11929478819156973	true	0.5
schwinden	neg 1.0		off 0.44438723131974994 neg 0.4356814409925641 __DUMMY__ 0.11993132768768593	true	0.5
versklavung	neg 1.0		off 0.4448487911832078 neg 0.435576981965232 __DUMMY__ 0.11957422685156038	true	0.5
schlecht	neg 1.0		off 0.45159397617291586 neg 0.4288513342924114 __DUMMY__ 0.11955468953467259	true	0.5
verhasst	neg 1.0		off 0.44914970029954426 neg 0.4311998277656445 __DUMMY__ 0.11965047193481122	true	0.5
beschweren	neg 1.0		off 0.45020433657663844 neg 0.4301005679635717 __DUMMY__ 0.11969509545978985	true	0.5
scheiden	neg 1.0		off 0.4502184952024911 neg 0.4300472121927749 __DUMMY__ 0.11973429260473412	true	0.5
frustriert	neg 1.0		off 0.4495024145413521 neg 0.43086005064736316 __DUMMY__ 0.11963753481128461	true	0.5
schimmelig	neg 1.0		off 0.4555745196182304 neg 0.42520936623994726 __DUMMY__ 0.11921611414182232	true	0.5
fisch	neg 1.0		off 0.4531919790970487 neg 0.4269818643477024 __DUMMY__ 0.1198261565552489	true	0.5
schmuggel	neg 1.0		off 0.4483671344420614 neg 0.4319115767121897 __DUMMY__ 0.1197212888457489	true	0.5
auffallen	neg 1.0		off 0.45013823380480517 neg 0.43021970089903794 __DUMMY__ 0.1196420652961569	true	0.5
konkurrenz	neg 1.0		off 0.44753644475885057 neg 0.4326964463247217 __DUMMY__ 0.11976710891642764	true	0.5
teufelskreis	neg 1.0		off 0.4493205620145915 neg 0.43098301311884984 __DUMMY__ 0.11969642486655886	true	0.5
aufschreien	neg 1.0		off 0.45077759307428833 neg 0.42958351759755226 __DUMMY__ 0.11963888932815932	true	0.5
missgeburt	off 1.0		off 0.45840590373730805 neg 0.42259057045552395 __DUMMY__ 0.11900352580716815	true	1.0
schuldner	neg 1.0		off 0.4445122160390806 neg 0.43569400142693715 __DUMMY__ 0.11979378253398243	true	0.5
befallen	neg 1.0		off 0.4469732511745323 neg 0.43354927114113595 __DUMMY__ 0.11947747768433188	true	0.5
arbeitslos	neg 1.0		off 0.44872066643133884 neg 0.4316067661504647 __DUMMY__ 0.1196725674181965	true	0.5
miesepetrig	off 1.0		off 0.45167236282876927 neg 0.42882289238629756 __DUMMY__ 0.11950474478493316	true	1.0
alarmieren	neg 1.0		off 0.4433642699249257 neg 0.4367462755801403 __DUMMY__ 0.11988945449493388	true	0.5
ungeduscht	off 1.0		off 0.4541208085792581 neg 0.42671165829450747 __DUMMY__ 0.11916753312623439	true	1.0
knappheit	neg 1.0		off 0.44459133675295615 neg 0.43552421170649314 __DUMMY__ 0.11988445154055069	true	0.5
schlange	neg 1.0		off 0.45064494950040773 neg 0.42965499745575014 __DUMMY__ 0.11970005304384208	true	0.5
harsch	neg 1.0		off 0.4449654778240674 neg 0.4352884900181478 __DUMMY__ 0.11974603215778493	true	0.5
lang	neg 1.0	neg 1.0	neg 0.6602132354815238 off 0.27198730497555273 __DUMMY__ 0.06779945954292349	false	1.0
ziellos	neg 1.0		off 0.44927989478064223 neg 0.430995990199606 __DUMMY__ 0.11972411501975193	true	0.5
selbstverliebt	neg 1.0		off 0.4546852541175118 neg 0.42601161340443794 __DUMMY__ 0.11930313247805018	true	0.5
beseitigen	neg 1.0		off 0.4449107888058144 neg 0.4351660183829063 __DUMMY__ 0.11992319281127943	true	0.5
dumm	off 1.0		off 0.45314477698423256 neg 0.42746169397936257 __DUMMY__ 0.11939352903640482	true	1.0
arbeitsloser	neg 1.0		off 0.44844891325724545 neg 0.4318415790465741 __DUMMY__ 0.11970950769618052	true	0.5
blitzen	neg 1.0		off 0.44961838430011825 neg 0.4298026944470293 __DUMMY__ 0.12057892125285248	true	0.5
hilflos	neg 1.0		off 0.4495572874525622 neg 0.4308932941922699 __DUMMY__ 0.11954941835516775	true	0.5
eklig	off 1.0		off 0.45479693413781686 neg 0.4259943529427946 __DUMMY__ 0.11920871291938848	true	1.0
hungersnot	neg 1.0		off 0.4453380658577328 neg 0.4347536381992705 __DUMMY__ 0.11990829594299685	true	0.5
ungesetzlich	neg 1.0		off 0.4466885298058234 neg 0.4337107671552418 __DUMMY__ 0.11960070303893479	true	0.5
verschwendung	neg 1.0		off 0.44839564059136017 neg 0.431949618466685 __DUMMY__ 0.11965474094195473	true	0.5
schmerzvoll	neg 1.0		off 0.4507510927718452 neg 0.429681234178819 __DUMMY__ 0.11956767304933563	true	0.5
vorzeitig	neg 1.0		off 0.44330876003547015 neg 0.4368065155578859 __DUMMY__ 0.11988472440664388	true	0.5
unvollkommenheit	neg 1.0		off 0.44916574825056027 neg 0.4311587834960341 __DUMMY__ 0.11967546825340554	true	0.5
intervenieren	neg 1.0		off 0.4468288836784238 neg 0.433542341995218 __DUMMY__ 0.11962877432635806	true	0.5
banause	off 1.0		off 0.4535478181075645 neg 0.4271342436961881 __DUMMY__ 0.11931793819624724	true	1.0
rebell	neg 1.0		off 0.4580216185134501 neg 0.4233437244550239 __DUMMY__ 0.11863465703152612	true	0.5
unlogisch	neg 1.0		off 0.45192741537503167 neg 0.42862748918292365 __DUMMY__ 0.11944509544204457	true	0.5
abschaffung	neg 1.0		off 0.44371930208607957 neg 0.4366701747864164 __DUMMY__ 0.11961052312750409	true	0.5
leiden	neg 1.0		off 0.45029351353909064 neg 0.42999916039294045 __DUMMY__ 0.11970732606796892	true	0.5
sturz	neg 1.0		off 0.4449565521944896 neg 0.43512090592056035 __DUMMY__ 0.11992254188495	true	0.5
verkleinerung	neg 1.0		off 0.4427969253557411 neg 0.43743013135665154 __DUMMY__ 0.11977294328760736	true	0.5
schmarotzer	off 1.0		off 0.4488399335105942 neg 0.4315660618086007 __DUMMY__ 0.11959400468080508	true	1.0
bestrafung	neg 1.0		off 0.4503481646575161 neg 0.4300346404498984 __DUMMY__ 0.11961719489258545	true	0.5
achtlos	neg 1.0		off 0.4495570776370957 neg 0.4308666406394177 __DUMMY__ 0.11957628172348654	true	0.5
ungeheuer	neg 1.0		off 0.4514681642540093 neg 0.42878599882324264 __DUMMY__ 0.11974583692274816	true	0.5
unaufrichtig	neg 1.0		off 0.4497857570696231 neg 0.43083347955814066 __DUMMY__ 0.11938076337223633	true	0.5
groggy	neg 1.0		off 0.4552626821866995 neg 0.42505081554145735 __DUMMY__ 0.11968650227184315	true	0.5
verletzlich	neg 1.0		off 0.451869514828676 neg 0.428615619378744 __DUMMY__ 0.11951486579258003	true	0.5
ablehnen	neg 1.0		off 0.4477979953575254 neg 0.4326036973762512 __DUMMY__ 0.11959830726622347	true	0.5
kollaps	neg 1.0		off 0.44293344470299284 neg 0.4372290079188681 __DUMMY__ 0.11983754737813902	true	0.5
beschnitten	neg 1.0		off 0.45017028662186237 neg 0.4302151575317323 __DUMMY__ 0.11961455584640522	true	0.5
defekt	neg 1.0		off 0.4438696268032486 neg 0.436308475595361 __DUMMY__ 0.11982189760139039	true	0.5
dreckskerl	off 1.0		off 0.451981467330505 neg 0.4286350366583444 __DUMMY__ 0.11938349601115054	true	1.0
deine	neg 1.0		off 0.453412910161358 neg 0.4272443442223302 __DUMMY__ 0.11934274561631183	true	0.5
aufgeben	neg 1.0		off 0.45043109616132343 neg 0.4297828794972256 __DUMMY__ 0.11978602434145094	true	0.5
durcheinander	neg 1.0		off 0.4510359790167317 neg 0.42932003805048585 __DUMMY__ 0.11964398293278256	true	0.5
unterbrechen	neg 1.0		off 0.4491577907028639 neg 0.4311525670451482 __DUMMY__ 0.11968964225198798	true	0.5
vergammeln	neg 1.0		off 0.45072046803761234 neg 0.42963125076288633 __DUMMY__ 0.11964828119950122	true	0.5
grotesk	neg 1.0		off 0.448766257510717 neg 0.4315189730643598 __DUMMY__ 0.11971476942492316	true	0.5
elendig	neg 1.0		off 0.4507968701593544 neg 0.42966817897411336 __DUMMY__ 0.11953495086653242	true	0.5
naiv	off 1.0		off 0.4504538401078989 neg 0.4298528542671768 __DUMMY__ 0.11969330562492428	true	1.0
uneinigkeit	neg 1.0		off 0.44433998256455315 neg 0.43590798737935393 __DUMMY__ 0.11975203005609301	true	0.5
fragil	neg 1.0		neg 0.4415939460497755 off 0.44020482739832073 __DUMMY__ 0.1182012265519039	true	1.0
provisorisch	neg 1.0		off 0.4488602286831995 neg 0.43127327144867345 __DUMMY__ 0.11986649986812699	true	0.5
landei	off 1.0		off 0.4536558125143252 neg 0.42679691285612215 __DUMMY__ 0.11954727462955263	true	1.0
bedauerlich	neg 1.0		off 0.44840778106271606 neg 0.4319171628106551 __DUMMY__ 0.11967505612662882	true	0.5
krieg	neg 1.0		off 0.4494232784869888 neg 0.4309462987546824 __DUMMY__ 0.11963042275832875	true	0.5
traurigkeit	neg 1.0		off 0.45008455547715664 neg 0.43025682921933356 __DUMMY__ 0.11965861530350974	true	0.5
monotonie	neg 1.0		off 0.4488817248878805 neg 0.43134988441989713 __DUMMY__ 0.1197683906922223	true	0.5
unliebsam	neg 1.0		off 0.44933162656596115 neg 0.431012335053075 __DUMMY__ 0.11965603838096386	true	0.5
drift	neg 1.0		neg 0.45471397934032154 off 0.4349330675251799 __DUMMY__ 0.11035295313449857	true	1.0
chaos	neg 1.0		off 0.44636203356288584 neg 0.4339334594848967 __DUMMY__ 0.11970450695221753	true	0.5
blutig	neg 1.0		off 0.4507958483862463 neg 0.42953222347330333 __DUMMY__ 0.1196719281404504	true	0.5
machtlos	neg 1.0		off 0.44811149669518197 neg 0.4322401430505483 __DUMMY__ 0.11964836025426977	true	0.5
einsamkeit	neg 1.0		off 0.45054416303395506 neg 0.42973487200396693 __DUMMY__ 0.11972096496207807	true	0.5
verzerren	neg 1.0		off 0.4472306158132763 neg 0.4330804172116075 __DUMMY__ 0.11968896697511612	true	0.5
