unsolidarisch	neg 1.0		off 0.5152799894318895 neg 0.4773231173919118 __DUMMY__ 0.0073968931761986	false	0.5
nachteilig	neg 1.0		off 0.5151529616611861 neg 0.4773642120656623 __DUMMY__ 0.0074828262731514725	false	0.5
skeptisch	neg 1.0		off 0.514586952507731 neg 0.4779216567128405 __DUMMY__ 0.007491390779428544	false	0.5
schrecklich	neg 1.0		off 0.5290972049167265 neg 0.4635019722822042 __DUMMY__ 0.007400822801069339	false	0.5
schlapp	neg 1.0		off 0.5261073899398083 neg 0.4664413710302282 __DUMMY__ 0.007451239029963391	false	0.5
abfall	neg 1.0		off 0.5132630084913086 neg 0.47921013171310645 __DUMMY__ 0.007526859795584974	false	0.5
widerspenstig	neg 1.0		off 0.5208348640931556 neg 0.47168693358425606 __DUMMY__ 0.007478202322588236	false	0.5
abrupt	neg 1.0		off 0.5174779305834692 neg 0.4749986772159255 __DUMMY__ 0.00752339220060534	false	0.5
unwirksam	neg 1.0		off 0.5164223909184505 neg 0.4761647448418553 __DUMMY__ 0.007412864239694114	false	0.5
angreifen	neg 1.0	neg 1.0	neg 0.7231831942228287 off 0.27322247688567847 __DUMMY__ 0.0035943288914928595	false	1.0
inkonsistent	neg 1.0		off 0.5205981488019393 neg 0.4719445473805175 __DUMMY__ 0.007457303817543006	false	0.5
abrutschen	neg 1.0		off 0.5135606296993663 neg 0.47891468277434784 __DUMMY__ 0.007524687526285986	false	0.5
unsicher	neg 1.0		off 0.5211917836882829 neg 0.47132250072309767 __DUMMY__ 0.007485715588619384	false	0.5
bauernkind	off 1.0	off 1.0	off 0.7493389874189647 neg 0.24713623999299686 __DUMMY__ 0.003524772588038582	false	1.0
angreifer	neg 1.0		off 0.5227527220687113 neg 0.46976272211531406 __DUMMY__ 0.0074845558159745825	false	0.5
trennen	neg 1.0		off 0.5188414462643651 neg 0.47361677125001805 __DUMMY__ 0.007541782485616956	false	0.5
schmutz	neg 1.0		off 0.5272092289620506 neg 0.4652445956365152 __DUMMY__ 0.007546175401434154	false	0.5
inkonsistenz	neg 1.0		off 0.5211276758395644 neg 0.47147869351775473 __DUMMY__ 0.00739363064268082	false	0.5
erschreckend	neg 1.0		off 0.518274560752535 neg 0.4742610638798491 __DUMMY__ 0.007464375367615879	false	0.5
ertrinken	neg 1.0		off 0.5190534543877046 neg 0.47341802378537895 __DUMMY__ 0.007528521826916315	false	0.5
pickelface	off 1.0		off 0.5174330989299842 neg 0.4750959139602903 __DUMMY__ 0.0074709871097254875	false	1.0
seiner			off 0.5167643666354943 neg 0.47571897461349505 __DUMMY__ 0.007516658751010687	false	0.0
lauch	neg 1.0		off 0.5116985293605674 neg 0.48080869156217054 __DUMMY__ 0.007492779077262103	false	0.5
unwichtig	neg 1.0		off 0.5240995838833634 neg 0.46847327444769093 __DUMMY__ 0.007427141668945721	false	0.5
steuerhinterziehung	neg 1.0		off 0.516240219994624 neg 0.4763121229375439 __DUMMY__ 0.007447657067832029	false	0.5
schock	neg 1.0		off 0.5220432803706382 neg 0.4704371877966562 __DUMMY__ 0.007519531832705608	false	0.5
beule	neg 1.0		off 0.5268604945893867 neg 0.4656834459555559 __DUMMY__ 0.007456059455057565	false	0.5
vergelten	neg 1.0		off 0.5302753114365193 neg 0.46227188173028005 __DUMMY__ 0.007452806833200658	false	0.5
verdorbenheit	neg 1.0		off 0.519940024787227 neg 0.4725823672263531 __DUMMY__ 0.007477607986419794	false	0.5
trauma	neg 1.0		off 0.5210425353888424 neg 0.4714934355780292 __DUMMY__ 0.007464029033128389	false	0.5
sinnlos	neg 1.0		off 0.5232176381695857 neg 0.4693142469760888 __DUMMY__ 0.0074681148543255995	false	0.5
fettsack	off 1.0	off 1.0	off 0.7512882247088972 neg 0.24517471356817636 __DUMMY__ 0.003537061722926322	false	1.0
feige	off 1.0	off 1.0	off 0.7479059454294513 neg 0.2485452323952198 __DUMMY__ 0.003548822175328797	false	1.0
abdanken	neg 1.0		off 0.5177665186577809 neg 0.4747799755931375 __DUMMY__ 0.007453505749081612	false	0.5
wichtigtuer	off 1.0	off 1.0	off 0.7465111144260548 neg 0.2499267861283079 __DUMMY__ 0.0035620994456374037	false	1.0
misslingen	neg 1.0		off 0.5245784255419813 neg 0.4678996336694665 __DUMMY__ 0.00752194078855202	false	0.5
untreu	off 1.0		off 0.5254833235483581 neg 0.46709509200526395 __DUMMY__ 0.007421584446377841	false	1.0
missmutig	neg 1.0		off 0.5252834156377886 neg 0.46727294931696384 __DUMMY__ 0.007443635045247556	false	0.5
hurenbock	off 1.0		off 0.5221278354912713 neg 0.4704005544156575 __DUMMY__ 0.0074716100930712955	false	1.0
betrunken	neg 1.0		off 0.5294205688217299 neg 0.4631279279776787 __DUMMY__ 0.007451503200591499	false	0.5
korrupt	off 1.0		off 0.5139594770573888 neg 0.47861509408391195 __DUMMY__ 0.007425428858699161	false	1.0
unmut	neg 1.0		off 0.5124575942143085 neg 0.480030343801186 __DUMMY__ 0.007512061984505531	false	0.5
hackfresse	off 1.0		off 0.5313281610854332 neg 0.46131167384483873 __DUMMY__ 0.007360165069728059	false	1.0
aufblasen	neg 1.0		off 0.5233383310868497 neg 0.4691721542190698 __DUMMY__ 0.007489514694080387	false	0.5
gewaltsam	neg 1.0		off 0.519581035358505 neg 0.47293780089441884 __DUMMY__ 0.007481163747076144	false	0.5
unbeliebtheit	neg 1.0		off 0.5182652548520057 neg 0.4743921998173916 __DUMMY__ 0.0073425453306027256	false	0.5
sturheit	neg 1.0		off 0.5179891218921142 neg 0.4745503274074608 __DUMMY__ 0.0074605507004251075	false	0.5
kuh	neg 1.0		off 0.5190057383382305 neg 0.47355950291854426 __DUMMY__ 0.007434758743225251	false	0.5
erschrecken	neg 1.0		off 0.5248947814584995 neg 0.46765131869714216 __DUMMY__ 0.007453899844358267	false	0.5
opfer	neg 1.0		off 0.5179318213357003 neg 0.4745578355045037 __DUMMY__ 0.0075103431597961035	false	0.5
sinken	neg 1.0		off 0.513096990522259 neg 0.4793938554584103 __DUMMY__ 0.007509154019330648	false	0.5
stinktier	neg 1.0		off 0.5286931127643689 neg 0.46392570258634236 __DUMMY__ 0.007381184649288711	false	0.5
tucke	off 1.0		off 0.529121993758401 neg 0.46356634657842444 __DUMMY__ 0.007311659663174588	false	1.0
ein			off 0.5218232472302975 neg 0.47069787298411314 __DUMMY__ 0.007478879785589275	false	0.0
abstieg	neg 1.0		off 0.5186296675982404 neg 0.47383014323092654 __DUMMY__ 0.007540189170833228	false	0.5
missverstehen	neg 1.0		off 0.5214266774449235 neg 0.47114000766757075 __DUMMY__ 0.007433314887505809	false	0.5
ergebnislos	neg 1.0		off 0.5155066357165641 neg 0.4770002843207947 __DUMMY__ 0.0074930799626412616	false	0.5
unter			off 0.5120298967459611 neg 0.48037157974441697 __DUMMY__ 0.007598523509622022	false	0.0
manipulieren	neg 1.0		off 0.5151022517472649 neg 0.47740020862317334 __DUMMY__ 0.007497539629561837	false	0.5
unbewiesen	neg 1.0		off 0.5154838164552715 neg 0.4771224459880054 __DUMMY__ 0.0073937375567230115	false	0.5
verschleppen	neg 1.0		off 0.5174820978526428 neg 0.4750284550643346 __DUMMY__ 0.007489447083022538	false	0.5
weib	off 1.0		off 0.5314807586761076 neg 0.46115604810937827 __DUMMY__ 0.007363193214514245	false	1.0
opposition	neg 1.0		off 0.5206655422809686 neg 0.47189487078687636 __DUMMY__ 0.007439586932155049	false	0.5
verkehrswidrig	neg 1.0	neg 1.0	neg 0.7138471455751398 off 0.2825619767890113 __DUMMY__ 0.0035908776358488186	false	1.0
inkorrekt	neg 1.0		off 0.5240173140901372 neg 0.4686106598958583 __DUMMY__ 0.00737202601400446	false	0.5
vermeiden	neg 1.0		off 0.5124798576707232 neg 0.47996498728952547 __DUMMY__ 0.007555155039751376	false	0.5
abweichung	neg 1.0		off 0.514822653856159 neg 0.4777060132594465 __DUMMY__ 0.007471332884394422	false	0.5
alkoholisiert	neg 1.0		off 0.5199432976247181 neg 0.4724864606471391 __DUMMY__ 0.007570241728142727	false	0.5
scheiss	off 1.0	off 1.0	off 0.7492322249676071 neg 0.24720198694914844 __DUMMY__ 0.0035657880832443973	false	1.0
herausforderung	neg 1.0	neg 1.0	neg 0.7206290432437681 off 0.27573383487043485 __DUMMY__ 0.0036371218857971146	false	1.0
pervers	off 1.0		off 0.5346855969765953 neg 0.45796878155851656 __DUMMY__ 0.007345621464888067	false	1.0
wackelig	neg 1.0		off 0.5207280890551486 neg 0.47173943250636047 __DUMMY__ 0.007532478438491023	false	0.5
verwickeln	neg 1.0		off 0.5213047752415094 neg 0.4712614747352072 __DUMMY__ 0.00743375002328328	false	0.5
vorwand	neg 1.0		off 0.5145815998920589 neg 0.4779121167211536 __DUMMY__ 0.007506283386787343	false	0.5
muschi	off 1.0		off 0.5178171235349165 neg 0.4747142333400501 __DUMMY__ 0.007468643125033401	false	1.0
entmutigung	neg 1.0		off 0.5195506127920513 neg 0.473019130479989 __DUMMY__ 0.0074302567279598665	false	0.5
unangemessen	neg 1.0		off 0.51670014308031 neg 0.47584200667665194 __DUMMY__ 0.00745785024303816	false	0.5
unstetig	neg 1.0		off 0.5218915062780892 neg 0.4706334493935603 __DUMMY__ 0.00747504432835057	false	0.5
entmutigen	neg 1.0		off 0.5209728756969764 neg 0.47157329104050144 __DUMMY__ 0.007453833262522057	false	0.5
schwanz	neg 1.0		off 0.5155654816607668 neg 0.4769362308758176 __DUMMY__ 0.007498287463415698	false	0.5
verbot	neg 1.0		off 0.5152713447151195 neg 0.47727537664314734 __DUMMY__ 0.007453278641733173	false	0.5
leid	neg 1.0		off 0.5308244496885041 neg 0.46177293731879554 __DUMMY__ 0.0074026129927004716	false	0.5
archaisch	neg 1.0		off 0.5179716655183527 neg 0.47454828187539294 __DUMMY__ 0.007480052606254314	false	0.5
gegen			off 0.5150550591464422 neg 0.47741488915673963 __DUMMY__ 0.007530051696818155	false	0.0
scheidung	neg 1.0		off 0.5382488105205161 neg 0.45442013661014363 __DUMMY__ 0.0073310528693401955	false	0.5
einschlag	neg 1.0	neg 1.0	neg 0.7163976973392492 off 0.28004716617798586 __DUMMY__ 0.0035551364827648238	false	1.0
m			off 0.5188559032780438 neg 0.4736437027540775 __DUMMY__ 0.007500393967878748	false	0.0
abgestanden	neg 1.0		off 0.5226790224898803 neg 0.4698296550252067 __DUMMY__ 0.0074913224849130645	false	0.5
schmierig	off 1.0		off 0.5305117698921817 neg 0.46207924588237675 __DUMMY__ 0.007408984225441315	false	1.0
unpraktisch	neg 1.0		off 0.5230713562116347 neg 0.46943538956008546 __DUMMY__ 0.007493254228279927	false	0.5
wixxer	off 1.0		off 0.5334395743757135 neg 0.4592299230305566 __DUMMY__ 0.007330502593730074	false	1.0
bezeichnet			off 0.5188019042503493 neg 0.4737387590377509 __DUMMY__ 0.00745933671189967	false	0.0
jammerlappen	off 1.0		off 0.5246407874327027 neg 0.4679267956478229 __DUMMY__ 0.007432416919474483	false	1.0
farce	neg 1.0		off 0.5152695180825696 neg 0.4772948825989783 __DUMMY__ 0.007435599318452015	false	0.5
zwecklos	neg 1.0		off 0.5174098064895929 neg 0.4751201911746654 __DUMMY__ 0.007470002335741635	false	0.5
turbulent	neg 1.0		off 0.5236828182174754 neg 0.4689130890939694 __DUMMY__ 0.0074040926885551635	false	0.5
invasion	neg 1.0		off 0.522907716590206 neg 0.46963038448439415 __DUMMY__ 0.007461898925399782	false	0.5
schuld	neg 1.0		off 0.5208825630908328 neg 0.4716548644204735 __DUMMY__ 0.007462572488693686	false	0.5
risiko	neg 1.0		off 0.5210264093935346 neg 0.47149463638221717 __DUMMY__ 0.007478954224248207	false	0.5
finster	neg 1.0		off 0.5222457200567197 neg 0.47027530348721824 __DUMMY__ 0.007478976456062094	false	0.5
geisteskrank	off 1.0		off 0.525180487211113 neg 0.4674161384067339 __DUMMY__ 0.007403374382153092	false	1.0
zusammenbrechen	neg 1.0		off 0.5199062186344015 neg 0.47259525498969374 __DUMMY__ 0.007498526375904785	false	0.5
ausbeute	neg 1.0		off 0.5170173157936845 neg 0.47546227345957004 __DUMMY__ 0.00752041074674551	false	0.5
hinterhalt	neg 1.0		off 0.5184596387765517 neg 0.4740558650625347 __DUMMY__ 0.007484496160913626	false	0.5
kritik	neg 1.0		off 0.5156356770831704 neg 0.4769191066620366 __DUMMY__ 0.007445216254793001	false	0.5
einschrumpfen	neg 1.0		off 0.5199342348175872 neg 0.4726657849518491 __DUMMY__ 0.007399980230563681	false	0.5
riskant	neg 1.0		off 0.5163146956157055 neg 0.4761957591084433 __DUMMY__ 0.007489545275851128	false	0.5
frustrieren	neg 1.0		off 0.5166000579014918 neg 0.4759098845979756 __DUMMY__ 0.007490057500532693	false	0.5
groll	neg 1.0		off 0.5179426662101049 neg 0.4745721101498256 __DUMMY__ 0.007485223640069539	false	0.5
gibt			off 0.5179786441375989 neg 0.4745453616049525 __DUMMY__ 0.007475994257448712	false	0.0
qualvoll	neg 1.0		off 0.5251871334589114 neg 0.46733819641429314 __DUMMY__ 0.00747467012679536	false	0.5
wackeln	neg 1.0	neg 1.0	neg 0.7186355449189076 off 0.2777604734936472 __DUMMY__ 0.0036039815874452305	false	1.0
klagen	neg 1.0		off 0.5125758555529158 neg 0.47992062949881836 __DUMMY__ 0.007503514948265699	false	0.5
bankrott	neg 1.0		off 0.5243412570880693 neg 0.46820847693503753 __DUMMY__ 0.007450265976893261	false	0.5
trauern	neg 1.0		off 0.518259178390697 neg 0.47422083670782617 __DUMMY__ 0.007519984901476712	false	0.5
ablehnung	neg 1.0		off 0.5156529060222186 neg 0.47690227340659996 __DUMMY__ 0.007444820571181563	false	0.5
stur	neg 1.0		off 0.5210833997882068 neg 0.47146428715562627 __DUMMY__ 0.007452313056167019	false	0.5
aufruhr	neg 1.0		off 0.5198976401081631 neg 0.47261401116677093 __DUMMY__ 0.007488348725065916	false	0.5
melancholie	neg 1.0		off 0.5194193910922998 neg 0.47306969830887635 __DUMMY__ 0.007510910598823841	false	0.5
ist			off 0.5218128425652336 neg 0.47072951217253656 __DUMMY__ 0.007457645262229736	false	0.0
torheit	neg 1.0		off 0.5193606437291779 neg 0.47319840497803906 __DUMMY__ 0.007440951292782993	false	0.5
dreckskind	off 1.0		off 0.5299271298188409 neg 0.46270118575996116 __DUMMY__ 0.007371684421197871	false	1.0
umtauschen	neg 1.0		off 0.520446871553679 neg 0.4720711036094603 __DUMMY__ 0.007482024836860765	false	0.5
zum			off 0.5149455623932897 neg 0.4774620074087485 __DUMMY__ 0.007592430197961673	false	0.0
zersetzen	neg 1.0		off 0.5141867368343249 neg 0.4783287052443877 __DUMMY__ 0.007484557921287433	false	0.5
zur			off 0.5116088777173424 neg 0.48083641338718086 __DUMMY__ 0.007554708895476832	false	0.0
frust	neg 1.0		off 0.5193998435878147 neg 0.47310568936591874 __DUMMY__ 0.007494467046266755	false	0.5
unerbittlichkeit	neg 1.0		off 0.5143768437785977 neg 0.4781377958270568 __DUMMY__ 0.0074853603943455345	false	0.5
zwei			off 0.5162951643738338 neg 0.4761375142234793 __DUMMY__ 0.007567321402686985	false	0.0
unkorrekt	neg 1.0		off 0.5240733735278327 neg 0.4685665387054925 __DUMMY__ 0.007360087766674804	false	0.5
hexe	off 1.0		off 0.5243121072223881 neg 0.46827752150775936 __DUMMY__ 0.007410371269852657	false	1.0
lasch	neg 1.0		off 0.5213349445120125 neg 0.4712581596004287 __DUMMY__ 0.007406895887558951	false	0.5
rivale	neg 1.0		off 0.5286515821645108 neg 0.4639122618586677 __DUMMY__ 0.007436155976821527	false	0.5
mutlos	off 1.0	off 1.0	off 0.7428616084985687 neg 0.2535618280539886 __DUMMY__ 0.0035765634474427387	false	1.0
wirr	off 1.0		off 0.5250998033830253 neg 0.467530970990586 __DUMMY__ 0.007369225626388779	false	1.0
jahr			off 0.5170360775515205 neg 0.47542337438154003 __DUMMY__ 0.007540548066939527	false	0.0
wird			off 0.517218488551037 neg 0.47528896209345695 __DUMMY__ 0.0074925493555060355	false	0.0
strafbar	neg 1.0		off 0.5155049518123038 neg 0.4770201828585333 __DUMMY__ 0.007474865329162952	false	0.5
erosion	neg 1.0		off 0.522074982554323 neg 0.4704359629748685 __DUMMY__ 0.007489054470808429	false	0.5
eingehen	neg 1.0		off 0.5160046637400018 neg 0.47653214607076627 __DUMMY__ 0.00746319018923197	false	0.5
faul	off 1.0		off 0.5255534556933413 neg 0.4669850655528105 __DUMMY__ 0.007461478753848182	false	1.0
provisorium	neg 1.0		off 0.5108060989024893 neg 0.48161052807449 __DUMMY__ 0.007583373023020672	false	0.5
schmerzen	neg 1.0		off 0.5210087181546117 neg 0.47150881132222455 __DUMMY__ 0.007482470523163775	false	0.5
schrumpfen	neg 1.0		off 0.5102142186308074 neg 0.48226360950622216 __DUMMY__ 0.0075221718629703725	false	0.5
geistlos	off 1.0		off 0.5189393880628527 neg 0.4736676890396617 __DUMMY__ 0.0073929228974855	false	1.0
fehlkauf	neg 1.0		off 0.5213222356337333 neg 0.4712268676320728 __DUMMY__ 0.007450896734194053	false	0.5
frustrierend	neg 1.0		off 0.5249520439520062 neg 0.4675889045191751 __DUMMY__ 0.007459051528818634	false	0.5
unzufrieden	neg 1.0		off 0.5170031214175693 neg 0.4755299147497685 __DUMMY__ 0.0074669638326621615	false	0.5
verzweifeln	neg 1.0		off 0.5200051455221391 neg 0.4725159474185951 __DUMMY__ 0.007478907059265811	false	0.5
verzweifelt	neg 1.0		off 0.5214972009846885 neg 0.47104577477269155 __DUMMY__ 0.007457024242619941	false	0.5
misstrauensantrag	neg 1.0		off 0.5219602895109879 neg 0.47059301439198276 __DUMMY__ 0.00744669609702924	false	0.5
abfallen	neg 1.0		off 0.523435569177964 neg 0.4690712013623165 __DUMMY__ 0.00749322945971957	false	0.5
fucker	off 1.0		off 0.525748284043251 neg 0.4668468760442653 __DUMMY__ 0.00740483991248369	false	1.0
ungezogen	neg 1.0		off 0.5337055033610177 neg 0.4589279880640278 __DUMMY__ 0.007366508574954402	false	0.5
irrsinnig	neg 1.0	neg 1.0	neg 0.7204503730189173 off 0.27598058876044407 __DUMMY__ 0.0035690382206385535	false	1.0
unfassbar	neg 1.0		off 0.5246230196931987 neg 0.4679611134584052 __DUMMY__ 0.007415866848396193	false	0.5
hart	neg 1.0		off 0.5234537328584581 neg 0.4691038272314187 __DUMMY__ 0.007442439910123235	false	0.5
widerlich	off 1.0		off 0.5249614150731223 neg 0.46763775859528706 __DUMMY__ 0.007400826331590635	false	1.0
fatal	neg 1.0		off 0.5217257696526119 neg 0.47082223506199483 __DUMMY__ 0.007451995285393331	false	0.5
bruch	neg 1.0		off 0.5136405154786593 neg 0.4788448860643397 __DUMMY__ 0.007514598457000842	false	0.5
aushungern	neg 1.0		off 0.5172784949291723 neg 0.47527035442860854 __DUMMY__ 0.007451150642219024	false	0.5
anspannung	neg 1.0	neg 1.0	neg 0.7221971205885251 off 0.27414224803666687 __DUMMY__ 0.003660631374808065	false	1.0
von			off 0.5161670881722705 neg 0.4762918527071676 __DUMMY__ 0.007541059120561865	false	0.0
kraftlos	neg 1.0		off 0.5209249669107903 neg 0.47154731569077935 __DUMMY__ 0.007527717398430251	false	0.5
vom			off 0.5128315104352558 neg 0.4795663782384528 __DUMMY__ 0.0076021113262914435	false	0.0
grenzdebil	off 1.0		off 0.5264304864888035 neg 0.46614690056016644 __DUMMY__ 0.007422612951030076	false	1.0
vor			off 0.5160171003136163 neg 0.4764536080169051 __DUMMY__ 0.007529291669478738	false	0.0
unterwerfen	neg 1.0		off 0.5161610010368145 neg 0.47635044406080296 __DUMMY__ 0.0074885549023824445	false	0.5
versenkung	neg 1.0		off 0.5163175546825824 neg 0.47618481488544734 __DUMMY__ 0.007497630431970234	false	0.5
entziehen	neg 1.0		off 0.5139008877932529 neg 0.478588247313476 __DUMMY__ 0.007510864893271041	false	0.5
finanzkrise	neg 1.0		off 0.5170471500812479 neg 0.4755102142321151 __DUMMY__ 0.007442635686637108	false	0.5
schimpfend	neg 1.0		off 0.5236276842481343 neg 0.468872528672047 __DUMMY__ 0.0074997870798186005	false	0.5
profan	neg 1.0		off 0.5228435764042246 neg 0.46970826594322346 __DUMMY__ 0.007448157652552004	false	0.5
korruption	neg 1.0		off 0.5150047887461088 neg 0.47754555303244955 __DUMMY__ 0.007449658221441734	false	0.5
â			off 0.5174815292767667 neg 0.47501756518899113 __DUMMY__ 0.007500905534242115	false	0.0
schmutzig	neg 1.0		off 0.527074280659695 neg 0.46548090448118606 __DUMMY__ 0.007444814859119116	false	0.5
sexy	neg 1.0		off 0.5236548650154758 neg 0.46889541261053386 __DUMMY__ 0.007449722373990513	false	0.5
abraten	neg 1.0		off 0.521684476948838 neg 0.47086420981621563 __DUMMY__ 0.007451313234946431	false	0.5
schwarz	neg 1.0		off 0.5208414202064067 neg 0.47170842308634 __DUMMY__ 0.007450156707253333	false	0.5
fotze	off 1.0		off 0.5157300074515958 neg 0.4767893976375567 __DUMMY__ 0.0074805949108474505	false	1.0
verwirren	neg 1.0		off 0.5229619763166101 neg 0.46959174986939134 __DUMMY__ 0.007446273813998613	false	0.5
zahnlos	off 1.0		off 0.5168980756730401 neg 0.47563723695064186 __DUMMY__ 0.007464687376317901	false	1.0
verheeren	neg 1.0		off 0.5355456611418904 neg 0.45707615030833115 __DUMMY__ 0.007378188549778493	false	0.5
hippie	neg 1.0		off 0.5227498504133476 neg 0.4698038360032692 __DUMMY__ 0.00744631358338321	false	0.5
rammen	neg 1.0		off 0.5220873554482063 neg 0.4704347017536672 __DUMMY__ 0.00747794279812646	false	0.5
unlauter	neg 1.0		off 0.5161983914089897 neg 0.4764072109227384 __DUMMY__ 0.007394397668271927	false	0.5
unheilvoll	neg 1.0		off 0.5243636400948207 neg 0.4681519444483893 __DUMMY__ 0.007484415456789916	false	0.5
niedrig	neg 1.0		off 0.5172456614056846 neg 0.4752329399796261 __DUMMY__ 0.007521398614689219	false	0.5
explosion	neg 1.0		off 0.5220442951567021 neg 0.4705101976644861 __DUMMY__ 0.007445507178811792	false	0.5
weichei	off 1.0		off 0.5303733100872862 neg 0.4622502644842448 __DUMMY__ 0.007376425428469007	false	1.0
minusmensch	off 1.0		off 0.5300336447979214 neg 0.46267102300442964 __DUMMY__ 0.007295332197648847	false	1.0
farblos	neg 1.0		off 0.5223652010665104 neg 0.47010739681511593 __DUMMY__ 0.007527402118373641	false	0.5
unwissend	neg 1.0	neg 1.0	neg 0.7185273971399502 off 0.27792251409568064 __DUMMY__ 0.0035500887643692817	false	1.0
traurig	neg 1.0		off 0.52833057637294 neg 0.4642581563817784 __DUMMY__ 0.007411267245281555	false	0.5
senkung	neg 1.0		off 0.5202340447536618 neg 0.47235695658395904 __DUMMY__ 0.007408998662379185	false	0.5
ungleich	neg 1.0	neg 1.0	neg 0.7236500669339904 off 0.27277058916294933 __DUMMY__ 0.0035793439030603644	false	1.0
heikel	neg 1.0		off 0.5142470936337935 neg 0.47827097810976327 __DUMMY__ 0.007481928256443247	false	0.5
drosselung	neg 1.0		off 0.52601465598621 neg 0.466559100841579 __DUMMY__ 0.007426243172211139	false	0.5
falsch	neg 1.0		off 0.5243134034284129 neg 0.4682438070770705 __DUMMY__ 0.007442789494516499	false	0.5
unzufriedenheit	neg 1.0		off 0.5141761840560531 neg 0.47832964744756024 __DUMMY__ 0.0074941684963866235	false	0.5
kurz	neg 1.0		off 0.520453714157189 neg 0.47203646922652803 __DUMMY__ 0.007509816616282907	false	0.5
unsinnig	neg 1.0		off 0.5166004163792687 neg 0.47595133329621997 __DUMMY__ 0.00744825032451126	false	0.5
penner	off 1.0	off 1.0	off 0.7523641624552208 neg 0.2441100478142013 __DUMMY__ 0.0035257897305778782	false	1.0
seicht	neg 1.0		off 0.5311270690068238 neg 0.4615442969458793 __DUMMY__ 0.007328634047296858	false	0.5
dummheit	off 1.0	off 1.0	off 0.7466702989886922 neg 0.24976945367109302 __DUMMY__ 0.003560247340214768	false	1.0
unerfreulich	neg 1.0		off 0.5149493447276731 neg 0.4775375674292556 __DUMMY__ 0.007513087843071142	false	0.5
motherfucker	off 1.0	off 1.0	off 0.7486339754409155 neg 0.24782355662705882 __DUMMY__ 0.003542467932025882	false	1.0
pikiert	neg 1.0		off 0.5237488496473943 neg 0.46884627420565983 __DUMMY__ 0.007404876146945784	false	0.5
wrack	neg 1.0		off 0.5175107191101039 neg 0.47497525244043864 __DUMMY__ 0.007514028449457309	false	0.5
gangster	neg 1.0		off 0.5227289939905272 neg 0.46981707125000227 __DUMMY__ 0.007453934759470525	false	0.5
krank	neg 1.0		off 0.5279427110082829 neg 0.46461599035322104 __DUMMY__ 0.007441298638496062	false	0.5
reich	neg 1.0		off 0.5215076779210407 neg 0.4710979520139182 __DUMMY__ 0.007394370065041171	false	0.5
gnadenlos	neg 1.0		off 0.5212310019032617 neg 0.471300858904471 __DUMMY__ 0.007468139192267397	false	0.5
niedergeschlagen	neg 1.0		off 0.521099802360711 neg 0.47138700547977613 __DUMMY__ 0.007513192159512923	false	0.5
terrorisieren	off 1.0	off 1.0	off 0.744326926460508 neg 0.2520771472175757 __DUMMY__ 0.003595926321916343	false	1.0
sinnlosigkeit	neg 1.0		off 0.5175362706413049 neg 0.47499195195307087 __DUMMY__ 0.007471777405624168	false	0.5
behindern	neg 1.0		off 0.5185846789452484 neg 0.4739530464773247 __DUMMY__ 0.007462274577426862	false	0.5
undemokratisch	neg 1.0		off 0.5179735270627721 neg 0.47460730408722274 __DUMMY__ 0.007419168850005209	false	0.5
wirtschaftskrise	neg 1.0		off 0.5154468354173039 neg 0.47708587050787776 __DUMMY__ 0.007467294074818399	false	0.5
neid	neg 1.0		off 0.526775603277192 neg 0.4657549907091781 __DUMMY__ 0.0074694060136299666	false	0.5
rutschen	neg 1.0		off 0.5168445559988417 neg 0.47557857858133873 __DUMMY__ 0.0075768654198195146	false	0.5
rezession	neg 1.0		off 0.5271928308251357 neg 0.465431858556633 __DUMMY__ 0.007375310618231438	false	0.5
fehlgeburt	neg 1.0		off 0.5243866915497565 neg 0.468123549298998 __DUMMY__ 0.007489759151245416	false	0.5
charakterschwach	off 1.0		off 0.5255224254224836 neg 0.4670596034499954 __DUMMY__ 0.007417971127520938	false	1.0
isolation	neg 1.0		off 0.5246238067608561 neg 0.46792184416506793 __DUMMY__ 0.007454349074075922	false	0.5
ablenkung	neg 1.0		off 0.5208301314914149 neg 0.4716962593909712 __DUMMY__ 0.007473609117613884	false	0.5
pech	neg 1.0		off 0.5247274719650771 neg 0.4678184876135364 __DUMMY__ 0.007454040421386454	false	0.5
vermeidung	neg 1.0		off 0.5246879366341817 neg 0.4679132225128266 __DUMMY__ 0.007398840852991795	false	0.5
dominieren	neg 1.0		off 0.518897276065542 neg 0.473578030507622 __DUMMY__ 0.0075246934268359674	false	0.5
schwindlig	neg 1.0		off 0.5261475242776862 neg 0.4663447251465883 __DUMMY__ 0.0075077505757255416	false	0.5
lutscher	neg 1.0		off 0.532271051704382 neg 0.4603974286258999 __DUMMY__ 0.007331519669718186	false	0.5
pflicht	neg 1.0		off 0.5142611436528607 neg 0.47825237926011044 __DUMMY__ 0.007486477087028867	false	0.5
faschist	off 1.0		off 0.5200318837571045 neg 0.4725637257240067 __DUMMY__ 0.007404390518888755	false	1.0
verschleudern	neg 1.0		off 0.5122845636109048 neg 0.48028283989512977 __DUMMY__ 0.007432596493965292	false	0.5
wenn			off 0.5244377018007581 neg 0.46812222395507447 __DUMMY__ 0.007440074244167302	false	0.0
ehebruch	neg 1.0		off 0.5166012611109817 neg 0.4759156512107967 __DUMMY__ 0.007483087678221457	false	0.5
spott	off 1.0		off 0.5149445412048091 neg 0.4775865610217232 __DUMMY__ 0.0074688977734677095	false	1.0
trostlosigkeit	neg 1.0		off 0.5145312426101843 neg 0.4779547854563194 __DUMMY__ 0.007513971933496375	false	0.5
lutschen	neg 1.0		off 0.5216949387949597 neg 0.4708672546610596 __DUMMY__ 0.007437806543980683	false	0.5
undiszipliniert	neg 1.0		off 0.5280839944883431 neg 0.4644908124747494 __DUMMY__ 0.007425193036907435	false	0.5
kopfschmerz	neg 1.0		off 0.5211737815672122 neg 0.4713119881567544 __DUMMY__ 0.0075142302760335886	false	0.5
unvorhergesehen	neg 1.0		off 0.5196846762747976 neg 0.4727730799732227 __DUMMY__ 0.007542243751979759	false	0.5
desinteressiert	neg 1.0		off 0.5264605794370996 neg 0.46613631513611825 __DUMMY__ 0.007403105426782151	false	0.5
armselig	off 1.0		off 0.5260088196701987 neg 0.4666159886041264 __DUMMY__ 0.00737519172567483	false	1.0
desaster	neg 1.0		off 0.5117761506768357 neg 0.48072584688237513 __DUMMY__ 0.007498002440789387	false	0.5
tod	neg 1.0		off 0.5189992336178484 neg 0.4734805498453131 __DUMMY__ 0.007520216536838456	false	0.5
herzlos	neg 1.0		off 0.5278061086622359 neg 0.4648013644159811 __DUMMY__ 0.007392526921783108	false	0.5
unwissenheit	neg 1.0		off 0.5156358418061784 neg 0.4769174879199541 __DUMMY__ 0.007446670273867628	false	0.5
widersinnig	neg 1.0	neg 1.0	neg 0.7237673561534723 off 0.27268076704202304 __DUMMY__ 0.003551876804504612	false	1.0
bedenklich	neg 1.0		off 0.5156305680901457 neg 0.4768964430736861 __DUMMY__ 0.007472988836168107	false	0.5
beanstanden	neg 1.0		off 0.5137772419466269 neg 0.47873058417455183 __DUMMY__ 0.007492173878821298	false	0.5
panisch	neg 1.0	neg 1.0	neg 0.7171278419044356 off 0.2792687362334237 __DUMMY__ 0.003603421862140781	false	1.0
debil	off 1.0		off 0.5104578756919511 neg 0.4819985601458792 __DUMMY__ 0.007543564162169513	false	1.0
abstrich	neg 1.0		off 0.5160457451867434 neg 0.47649096206508124 __DUMMY__ 0.007463292748175482	false	0.5
primitiv	neg 1.0		off 0.52556784785427 neg 0.46703053742721135 __DUMMY__ 0.007401614718518611	false	0.5
abschaum	off 1.0	off 1.0	off 0.7478318499472102 neg 0.2486140161174912 __DUMMY__ 0.0035541339352986433	false	1.0
provozieren	neg 1.0		off 0.5201366234603679 neg 0.47240942774934547 __DUMMY__ 0.007453948790286529	false	0.5
tot	neg 1.0		off 0.5146922212308164 neg 0.47784517163566687 __DUMMY__ 0.007462607133516844	false	0.5
instabil	neg 1.0		off 0.5229110947059392 neg 0.4697275279162508 __DUMMY__ 0.007361377377809927	false	0.5
schwuchtel	off 1.0		off 0.5365434376550923 neg 0.4561538797958107 __DUMMY__ 0.007302682549097148	false	1.0
zerren	neg 1.0		off 0.5211105405157969 neg 0.4713766639677703 __DUMMY__ 0.007512795516432764	false	0.5
kinderficker	off 1.0		off 0.5272573711562664 neg 0.46540029028425 __DUMMY__ 0.00734233855948356	false	1.0
gefahr	neg 1.0		off 0.515495954509409 neg 0.47699141515974863 __DUMMY__ 0.007512630330842445	false	0.5
rabiat	neg 1.0		off 0.5195945182813091 neg 0.47294664402518405 __DUMMY__ 0.0074588376935069345	false	0.5
verlangsamung	neg 1.0		off 0.531433821238235 neg 0.4611958174505104 __DUMMY__ 0.007370361311254531	false	0.5
ausgestorben	neg 1.0		off 0.5208158548407537 neg 0.471691172346278 __DUMMY__ 0.007492972812968396	false	0.5
anklagen	neg 1.0		off 0.5177607334348115 neg 0.47476920974683123 __DUMMY__ 0.007470056818357252	false	0.5
trott	neg 1.0		off 0.5199984776182948 neg 0.47251988600204914 __DUMMY__ 0.007481636379656119	false	0.5
verminderung	neg 1.0		off 0.5251903545718242 neg 0.46741974595916735 __DUMMY__ 0.007389899469008456	false	0.5
nach			off 0.5164961359738784 neg 0.4758954681846249 __DUMMY__ 0.007608395841496472	false	0.0
rost	neg 1.0		off 0.53077878749436 neg 0.46183492103210483 __DUMMY__ 0.007386291473535075	false	0.5
destruktiv	neg 1.0		off 0.5171599901112498 neg 0.4754092694728328 __DUMMY__ 0.007430740415917449	false	0.5
unzumutbarkeit	neg 1.0		off 0.5248865335817483 neg 0.46767323400570326 __DUMMY__ 0.007440232412548505	false	0.5
labil	off 1.0	off 1.0	off 0.7478022442176544 neg 0.24864262758000452 __DUMMY__ 0.0035551282023411884	false	1.0
ziemlich	neg 1.0		off 0.5264812335786411 neg 0.4660821399589677 __DUMMY__ 0.007436626462391121	false	0.5
lachnummer	off 1.0		off 0.5183647165303843 neg 0.4741882672777103 __DUMMY__ 0.007447016191905357	false	1.0
oder			off 0.5214549491527256 neg 0.47106154349832563 __DUMMY__ 0.007483507348948754	false	0.0
verfall	neg 1.0		off 0.5105586136955697 neg 0.4819138724673428 __DUMMY__ 0.007527513837087407	false	0.5
ausgrenzung	neg 1.0		off 0.519417317839524 neg 0.4731568567471206 __DUMMY__ 0.007425825413355296	false	0.5
unordnung	neg 1.0		off 0.525586672511493 neg 0.46697994300701723 __DUMMY__ 0.007433384481489714	false	0.5
fehlverhalten	neg 1.0		off 0.5145811424245954 neg 0.47793421098405536 __DUMMY__ 0.007484646591349204	false	0.5
eine			off 0.5151794354926043 neg 0.477313238559832 __DUMMY__ 0.007507325947563723	false	0.0
nille	neg 1.0		off 0.5186758822037394 neg 0.47385078497308275 __DUMMY__ 0.0074733328231779885	false	0.5
qual	neg 1.0		off 0.5196821503156824 neg 0.4728370478562484 __DUMMY__ 0.007480801828069191	false	0.5
verschwenden	neg 1.0		off 0.5166921719570451 neg 0.4758292650569958 __DUMMY__ 0.007478562985959061	false	0.5
riesig	neg 1.0	neg 1.0	neg 0.7209685752484959 off 0.27541857165864125 __DUMMY__ 0.003612853092862947	false	1.0
verurteilen	neg 1.0		off 0.5172362840726731 neg 0.4752913009673719 __DUMMY__ 0.0074724149599550435	false	0.5
klischee	neg 1.0	neg 1.0	neg 0.7196370554421129 off 0.2768112222669955 __DUMMY__ 0.003551722290891543	false	1.0
diktatorisch	neg 1.0		off 0.5180059803868678 neg 0.4745866703910445 __DUMMY__ 0.007407349222087669	false	0.5
vorhersehbar	neg 1.0	neg 1.0	neg 0.7195593485308999 off 0.2768795174451357 __DUMMY__ 0.0035611340239644963	false	1.0
sowie			off 0.5291514769306074 neg 0.46347566315420546 __DUMMY__ 0.007372859915187145	false	0.0
stornieren	neg 1.0		off 0.5237349645924749 neg 0.4687537715302741 __DUMMY__ 0.00751126387725101	false	0.5
besteuerung	neg 1.0		off 0.5177487911971087 neg 0.47483532946661233 __DUMMY__ 0.0074158793362789615	false	0.5
ungeschminkt	neg 1.0		off 0.5252673173908702 neg 0.46732286088964586 __DUMMY__ 0.00740982171948394	false	0.5
kritisch	neg 1.0		off 0.5151267894748363 neg 0.47740311756558773 __DUMMY__ 0.007470092959575978	false	0.5
schlamperei	off 1.0		off 0.5136670973714332 neg 0.4788636155999215 __DUMMY__ 0.007469287028645215	false	1.0
sucht	neg 1.0	neg 1.0	neg 0.719778529709877 off 0.27662733595660177 __DUMMY__ 0.0035941343335213747	false	1.0
egoistisch	off 1.0		off 0.5305998888298177 neg 0.4620163223433273 __DUMMY__ 0.007383788826854867	false	1.0
ausbeuter	off 1.0		off 0.5133943669760134 neg 0.4791376540693925 __DUMMY__ 0.007467978954594089	false	1.0
arschgeburt	off 1.0		off 0.5361022530752021 neg 0.45660433848173965 __DUMMY__ 0.007293408443058349	false	1.0
schubs	neg 1.0	neg 1.0	neg 0.7201736091163298 off 0.2762149454153882 __DUMMY__ 0.0036114454682821405	false	1.0
unsolide	neg 1.0		off 0.5161614656352798 neg 0.4764738109600521 __DUMMY__ 0.007364723404668045	false	0.5
beschwerde	neg 1.0		off 0.5142338786611279 neg 0.4782928409693549 __DUMMY__ 0.007473280369517196	false	0.5
stocken	neg 1.0		off 0.5165710186357655 neg 0.475931162981012 __DUMMY__ 0.007497818383222412	false	0.5
isolieren	neg 1.0		off 0.5172129530317112 neg 0.4753048358002235 __DUMMY__ 0.007482211168065247	false	0.5
unheilbar	neg 1.0		off 0.5228185091051156 neg 0.469680486883112 __DUMMY__ 0.007501004011772337	false	0.5
pisser	off 1.0		off 0.5273036359759137 neg 0.46527386421566364 __DUMMY__ 0.007422499808422784	false	1.0
löschen	neg 1.0		off 0.5201888387716507 neg 0.47233680910215625 __DUMMY__ 0.007474352126193121	false	0.5
durchfallen	neg 1.0		off 0.5160648393618201 neg 0.4764803358490871 __DUMMY__ 0.007454824789092887	false	0.5
wichser	off 1.0		off 0.5349909302414314 neg 0.45765984489656564 __DUMMY__ 0.007349224862003044	false	1.0
terror	neg 1.0		off 0.5238966836090081 neg 0.46863362001301406 __DUMMY__ 0.007469696377977881	false	0.5
krass	neg 1.0		off 0.5284104743345915 neg 0.4641998326838087 __DUMMY__ 0.007389692981599864	false	0.5
revolte	neg 1.0		off 0.5201871753454606 neg 0.47238846136397195 __DUMMY__ 0.007424363290567517	false	0.5
besorgt	neg 1.0		off 0.5206289250313721 neg 0.47184792288365435 __DUMMY__ 0.007523152084973442	false	0.5
nachlassen	neg 1.0		off 0.5165462134081944 neg 0.47595050155395674 __DUMMY__ 0.007503285037848712	false	0.5
alt	neg 1.0		off 0.5177361443186046 neg 0.47476674874358876 __DUMMY__ 0.007497106937806604	false	0.5
hundesohn	off 1.0		off 0.5315966809196913 neg 0.46107086163097044 __DUMMY__ 0.007332457449338421	false	1.0
als			off 0.5195195992443752 neg 0.4729794295269341 __DUMMY__ 0.007500971228690788	false	0.0
abschreckung	neg 1.0		off 0.5141479228023368 neg 0.4783428952623266 __DUMMY__ 0.007509181935336694	false	0.5
unqualifiziert	neg 1.0		off 0.5196738532449533 neg 0.47293819860901065 __DUMMY__ 0.0073879481460360835	false	0.5
abgewichst	off 1.0		off 0.5183821809318718 neg 0.47413600281379786 __DUMMY__ 0.0074818162543301755	false	1.0
schwer	neg 1.0		off 0.520729027426956 neg 0.4717899132903212 __DUMMY__ 0.007481059282722902	false	0.5
bedeutungslosigkeit	neg 1.0		off 0.5144415242518104 neg 0.47806449370327564 __DUMMY__ 0.007493982044913967	false	0.5
kapitulation	neg 1.0		off 0.5141732199912218 neg 0.4783689103545663 __DUMMY__ 0.007457869654211769	false	0.5
unscharf	neg 1.0		off 0.5220442618252521 neg 0.4705133501305863 __DUMMY__ 0.0074423880441614665	false	0.5
schwinden	neg 1.0		off 0.5150463690110025 neg 0.4774488705079621 __DUMMY__ 0.00750476048103527	false	0.5
versklavung	neg 1.0		off 0.5182334425557648 neg 0.4743484127982484 __DUMMY__ 0.007418144645986933	false	0.5
schlecht	neg 1.0		off 0.5268256705401863 neg 0.46573373865050116 __DUMMY__ 0.007440590809312553	false	0.5
verhasst	neg 1.0		off 0.5206100994651115 neg 0.4719367304340299 __DUMMY__ 0.007453170100858676	false	0.5
beschweren	neg 1.0		off 0.5219998317738411 neg 0.47054308422925956 __DUMMY__ 0.00745708399689932	false	0.5
scheiden	neg 1.0		off 0.5229820790002049 neg 0.4695104870103876 __DUMMY__ 0.007507433989407388	false	0.5
frustriert	neg 1.0		off 0.5193534646910698 neg 0.47316373878577994 __DUMMY__ 0.007482796523150101	false	0.5
schimmelig	neg 1.0		off 0.5176862227865157 neg 0.4748036082143733 __DUMMY__ 0.007510168999110976	false	0.5
fisch	neg 1.0		off 0.5172491272134934 neg 0.4752177189517153 __DUMMY__ 0.0075331538347914746	false	0.5
schmuggel	neg 1.0		off 0.5178612617751721 neg 0.4745905811889716 __DUMMY__ 0.007548157035856225	false	0.5
auffallen	neg 1.0		off 0.522759874059618 neg 0.46978616885577157 __DUMMY__ 0.007453957084610463	false	0.5
konkurrenz	neg 1.0	neg 1.0	neg 0.7237522559087108 off 0.27264262003083567 __DUMMY__ 0.0036051240604535258	false	1.0
teufelskreis	neg 1.0		off 0.5197462557237265 neg 0.47277646739250123 __DUMMY__ 0.007477276883772394	false	0.5
aufschreien	neg 1.0		off 0.5217600974860582 neg 0.4707996749187515 __DUMMY__ 0.007440227595190349	false	0.5
schuldner	neg 1.0		off 0.5148724860472853 neg 0.4776299915782609 __DUMMY__ 0.007497522374453767	false	0.5
missgeburt	off 1.0	off 1.0	off 0.7508295668436601 neg 0.24563940922475958 __DUMMY__ 0.003531023931580277	false	1.0
arbeitslos	neg 1.0		off 0.5165695653334978 neg 0.4759724949438273 __DUMMY__ 0.007457939722674836	false	0.5
befallen	neg 1.0		off 0.5186447940572774 neg 0.47387512952992866 __DUMMY__ 0.007480076412793819	false	0.5
miesepetrig	off 1.0	off 1.0	off 0.7494965142737674 neg 0.24693679596791018 __DUMMY__ 0.0035666897583223585	false	1.0
alarmieren	neg 1.0		off 0.5231127954268702 neg 0.4694689441559224 __DUMMY__ 0.007418260417207559	false	0.5
ungeduscht	off 1.0		off 0.5247604401885745 neg 0.46778169277242854 __DUMMY__ 0.007457867038996847	false	1.0
knappheit	neg 1.0		off 0.5143578823784748 neg 0.4781844294853609 __DUMMY__ 0.007457688136164289	false	0.5
schlange	neg 1.0		off 0.5242084243153008 neg 0.46829717854482306 __DUMMY__ 0.007494397139876137	false	0.5
harsch	neg 1.0		off 0.5307388497867493 neg 0.46184353002003836 __DUMMY__ 0.007417620193212358	false	0.5
lang	neg 1.0		off 0.520920958566611 neg 0.4716024863032033 __DUMMY__ 0.007476555130185741	false	0.5
ziellos	neg 1.0		off 0.519713510138705 neg 0.47276893347713017 __DUMMY__ 0.007517556384164815	false	0.5
selbstverliebt	neg 1.0		off 0.5338524328356189 neg 0.45883638938793514 __DUMMY__ 0.007311177776446063	false	0.5
beseitigen	neg 1.0		off 0.5189142636201864 neg 0.4736138393875997 __DUMMY__ 0.007471896992213792	false	0.5
dumm	off 1.0		off 0.5305549994808113 neg 0.46208390842120545 __DUMMY__ 0.007361092097983361	false	1.0
arbeitsloser	neg 1.0		off 0.5172752618120384 neg 0.4752353487681581 __DUMMY__ 0.007489389419803478	false	0.5
blitzen	neg 1.0		off 0.523284588231598 neg 0.4692645170211569 __DUMMY__ 0.007450894747245188	false	0.5
hilflos	neg 1.0		off 0.5194292300192607 neg 0.4730772922609929 __DUMMY__ 0.007493477719746428	false	0.5
eklig	off 1.0		off 0.5322790249495248 neg 0.46034758833671 __DUMMY__ 0.007373386713765314	false	1.0
begriff			off 0.5176467117698416 neg 0.4748968481802772 __DUMMY__ 0.0074564400498812345	false	0.0
hungersnot	neg 1.0		off 0.5191721980506541 neg 0.47333348293009714 __DUMMY__ 0.007494319019248717	false	0.5
ungesetzlich	neg 1.0		off 0.5172660241916763 neg 0.4753535962231821 __DUMMY__ 0.007380379585141443	false	0.5
verschwendung	neg 1.0		off 0.515931282624283 neg 0.4765738317091989 __DUMMY__ 0.007494885666518148	false	0.5
schmerzvoll	neg 1.0		off 0.5224674935609942 neg 0.470067281854474 __DUMMY__ 0.007465224584531677	false	0.5
vorzeitig	neg 1.0		off 0.5248208702375475 neg 0.4677042468109669 __DUMMY__ 0.007474882951485489	false	0.5
unvollkommenheit	neg 1.0		off 0.5217012187847957 neg 0.4707516246239587 __DUMMY__ 0.00754715659124576	false	0.5
intervenieren	neg 1.0		off 0.5134874075966755 neg 0.47904950485687053 __DUMMY__ 0.007463087546454019	false	0.5
banause	off 1.0		off 0.5325484215482826 neg 0.46011910984186133 __DUMMY__ 0.007332468609856038	false	1.0
rebell	neg 1.0		off 0.5127617054029244 neg 0.4797228039907285 __DUMMY__ 0.007515490606347046	false	0.5
unlogisch	neg 1.0		off 0.5275843670472117 neg 0.4650199535102423 __DUMMY__ 0.007395679442546171	false	0.5
leiden	neg 1.0		off 0.5194301751894879 neg 0.4730089281242007 __DUMMY__ 0.007560896686311372	false	0.5
abschaffung	neg 1.0		off 0.5176795118742205 neg 0.47490013540422094 __DUMMY__ 0.007420352721558669	false	0.5
sturz	neg 1.0		off 0.5214537487700756 neg 0.47105397778978947 __DUMMY__ 0.00749227344013499	false	0.5
verkleinerung	neg 1.0		off 0.519800057628812 neg 0.4728030753315715 __DUMMY__ 0.007396867039616419	false	0.5
schmarotzer	off 1.0		off 0.5158376173772442 neg 0.476713463024137 __DUMMY__ 0.0074489195986187345	false	1.0
bestrafung	neg 1.0		off 0.5211716742001055 neg 0.4713729667300849 __DUMMY__ 0.007455359069809632	false	0.5
achtlos	neg 1.0		off 0.521541843730535 neg 0.47096291578176686 __DUMMY__ 0.007495240487698023	false	0.5
ungeheuer	neg 1.0		off 0.5234395922933124 neg 0.4691082554684673 __DUMMY__ 0.007452152238220355	false	0.5
