unsolidarisch	neg 1.0		off 0.4821645299092938 neg 0.4470035790164816 __DUMMY__ 0.07083189107422452	false	0.5
nachteilig	neg 1.0		off 0.4816526942387115 neg 0.4466978724192299 __DUMMY__ 0.07164943334205874	false	0.5
skeptisch	neg 1.0		off 0.48105319527401463 neg 0.4472171331797195 __DUMMY__ 0.07172967154626593	false	0.5
schrecklich	neg 1.0		off 0.4958389227659779 neg 0.4332918019570491 __DUMMY__ 0.07086927527697302	false	0.5
schlapp	neg 1.0		off 0.4926421513967137 neg 0.43600851875747637 __DUMMY__ 0.07134932984581	false	0.5
abfall	neg 1.0		off 0.479579913297559 neg 0.4483522617053568 __DUMMY__ 0.0720678249970841	false	0.5
widerspenstig	neg 1.0		off 0.4872957589209429 neg 0.44109851626252866 __DUMMY__ 0.07160572481652847	false	0.5
abrupt	neg 1.0		off 0.48376725412261107 neg 0.4441955076582613 __DUMMY__ 0.07203723821912758	false	0.5
unwirksam	neg 1.0		off 0.483213109180965 neg 0.44580228651226306 __DUMMY__ 0.07098460430677199	false	0.5
angreifen	neg 1.0	neg 1.0	neg 0.7084229956041077 off 0.2570775076315262 __DUMMY__ 0.034499496764366006	false	1.0
inkonsistent	neg 1.0		off 0.4871561157675163 neg 0.44143571321202757 __DUMMY__ 0.07140817102045625	false	0.5
abrutschen	neg 1.0		off 0.4798842003378323 neg 0.44806947886594595 __DUMMY__ 0.07204632079622161	false	0.5
unsicher	neg 1.0		off 0.4876263061715525 neg 0.44069775985398874 __DUMMY__ 0.0716759339744588	false	0.5
bauernkind	off 1.0	off 1.0	off 0.7334845666379188 neg 0.2326804842559398 __DUMMY__ 0.033834949106141377	false	1.0
angreifer	neg 1.0		off 0.48918563757257816 neg 0.43914732461670025 __DUMMY__ 0.07166703781072158	false	0.5
trennen	neg 1.0		off 0.4850446253397677 neg 0.44274581118711764 __DUMMY__ 0.07220956347311465	false	0.5
schmutz	neg 1.0		off 0.4933289996099105 neg 0.434415942371125 __DUMMY__ 0.07225505801896441	false	0.5
inkonsistenz	neg 1.0		off 0.4879743878625059 neg 0.44122400672531864 __DUMMY__ 0.07080160541217534	false	0.5
erschreckend	neg 1.0		off 0.484829833071174 neg 0.44369756196360793 __DUMMY__ 0.07147260496521816	false	0.5
ertrinken	neg 1.0		off 0.48531512579719255 neg 0.4426013969745121 __DUMMY__ 0.07208347722829529	false	0.5
pickelface	off 1.0		off 0.48396424504282576 neg 0.44449886712641895 __DUMMY__ 0.0715368878307554	false	1.0
seiner			off 0.48309975151771745 neg 0.4449301666610229 __DUMMY__ 0.07197008182125961	false	0.0
lauch	neg 1.0		off 0.47817389278920597 neg 0.45008215114882094 __DUMMY__ 0.07174395606197324	false	0.5
unwichtig	neg 1.0		off 0.4907698634859144 neg 0.4381110252989277 __DUMMY__ 0.0711191112151579	false	0.5
steuerhinterziehung	neg 1.0		off 0.48289176145289797 neg 0.4457929157796452 __DUMMY__ 0.07131532276745672	false	0.5
schock	neg 1.0		off 0.48831901868943567 neg 0.4396826408341534 __DUMMY__ 0.07199834047641099	false	0.5
beule	neg 1.0		off 0.4933676448297446 neg 0.43523652546051317 __DUMMY__ 0.07139582970974213	false	0.5
vergelten	neg 1.0		off 0.4967932686175984 neg 0.4318403367386926 __DUMMY__ 0.07136639464370906	false	0.5
verdorbenheit	neg 1.0		off 0.48640826741246657 neg 0.44199157592795124 __DUMMY__ 0.07160015665958214	false	0.5
trauma	neg 1.0		off 0.4875733599288521 neg 0.44095759573751253 __DUMMY__ 0.07146904433363555	false	0.5
sinnlos	neg 1.0		off 0.4897141718084159 neg 0.4387773431451523 __DUMMY__ 0.07150848504643184	false	0.5
fettsack	off 1.0	off 1.0	off 0.7353794323574165 neg 0.23066822901047337 __DUMMY__ 0.03395233863211003	false	1.0
feige	off 1.0	off 1.0	off 0.7319549604883608 neg 0.2339808191001433 __DUMMY__ 0.03406422041149584	false	1.0
abdanken	neg 1.0		off 0.4843854964461149 neg 0.44424358657031976 __DUMMY__ 0.07137091698356526	false	0.5
wichtigtuer	off 1.0	off 1.0	off 0.730503320660648 neg 0.23530545623237176 __DUMMY__ 0.03419122310698022	false	1.0
misslingen	neg 1.0		off 0.4908267412459233 neg 0.437149938290695 __DUMMY__ 0.07202332046338179	false	0.5
untreu	off 1.0		off 0.4921641774082193 neg 0.43676950968297584 __DUMMY__ 0.07106631290880479	false	1.0
missmutig	neg 1.0		off 0.4918659316850411 neg 0.43685724104257495 __DUMMY__ 0.07127682727238402	false	0.5
hurenbock	off 1.0		off 0.48861181807311593 neg 0.4398430479428717 __DUMMY__ 0.07154513398401231	false	1.0
betrunken	neg 1.0		off 0.49593211856113767 neg 0.4327161701765697 __DUMMY__ 0.07135171126229267	false	0.5
korrupt	off 1.0		off 0.48072903056529015 neg 0.44816783276274963 __DUMMY__ 0.07110313667196014	false	1.0
unmut	neg 1.0		off 0.47885276428116075 neg 0.4492207300485689 __DUMMY__ 0.07192650567027044	false	0.5
hackfresse	off 1.0		off 0.49823169415567153 neg 0.4312852839855279 __DUMMY__ 0.07048302185880054	false	1.0
aufblasen	neg 1.0		off 0.48973178575964754 neg 0.4385554516254047 __DUMMY__ 0.07171276261494784	false	0.5
gewaltsam	neg 1.0		off 0.4860518892686931 neg 0.442313513503672 __DUMMY__ 0.07163459722763495	false	0.5
unbeliebtheit	neg 1.0		off 0.48535842316689093 neg 0.44432476484561967 __DUMMY__ 0.07031681198748947	false	0.5
sturheit	neg 1.0		off 0.4845701159088009 neg 0.44399309769661266 __DUMMY__ 0.07143678639458625	false	0.5
kuh	neg 1.0		off 0.4856698508445093 neg 0.4431356519299914 __DUMMY__ 0.07119449722549934	false	0.5
erschrecken	neg 1.0		off 0.49143553672932727 neg 0.43719088236105924 __DUMMY__ 0.07137358090961354	false	0.5
opfer	neg 1.0		off 0.48429090934302943 neg 0.44379866619024655 __DUMMY__ 0.07191042446672402	false	0.5
sinken	neg 1.0		off 0.47949406294145036 neg 0.44860551585733666 __DUMMY__ 0.07190042120121301	false	0.5
stinktier	neg 1.0		off 0.4955259689390563 neg 0.43379022971453707 __DUMMY__ 0.0706838013464066	false	0.5
tucke	off 1.0		off 0.4962530626883408 neg 0.4337235889560947 __DUMMY__ 0.0700233483555645	false	1.0
ein			off 0.48827302778097936 neg 0.44011416770160383 __DUMMY__ 0.07161280451741685	false	0.0
abstieg	neg 1.0		off 0.48485209256122785 neg 0.44295172966420193 __DUMMY__ 0.07219617777457016	false	0.5
missverstehen	neg 1.0		off 0.4880935297759634 neg 0.44072871525476326 __DUMMY__ 0.07117775496927338	false	0.5
ergebnislos	neg 1.0		off 0.48196020935102174 neg 0.4462926802684417 __DUMMY__ 0.07174711038053659	false	0.5
unter			off 0.47803569783019556 neg 0.4492150072264663 __DUMMY__ 0.07274929494333815	false	0.0
manipulieren	neg 1.0		off 0.4815412613805302 neg 0.44666974651706665 __DUMMY__ 0.07178899210240303	false	0.5
unbewiesen	neg 1.0		off 0.4823820098191756 neg 0.4468158118156527 __DUMMY__ 0.07080217836517154	false	0.5
verschleppen	neg 1.0		off 0.48394047662711126 neg 0.4443465766661855 __DUMMY__ 0.07171294670670314	false	0.5
weib	off 1.0		off 0.4983719702103257 neg 0.4311154966391053 __DUMMY__ 0.07051253315056909	false	1.0
opposition	neg 1.0		off 0.4873027061062506 neg 0.4414588674254126 __DUMMY__ 0.07123842646833684	false	0.5
verkehrswidrig	neg 1.0	neg 1.0	neg 0.6991192669485111 off 0.26641288609296637 __DUMMY__ 0.03446784695852251	false	1.0
inkorrekt	neg 1.0		off 0.490938865680195 neg 0.43846493153684574 __DUMMY__ 0.07059620278295929	false	0.5
vermeiden	neg 1.0		off 0.47867432718983416 neg 0.4489882736150502 __DUMMY__ 0.07233739919511561	false	0.5
abweichung	neg 1.0		off 0.4813762995904355 neg 0.44708283156423584 __DUMMY__ 0.07154086884532876	false	0.5
alkoholisiert	neg 1.0		off 0.4860031304735684 neg 0.44151294657842927 __DUMMY__ 0.07248392294800228	false	0.5
scheiss	off 1.0	off 1.0	off 0.7331931128359194 neg 0.2325795797590356 __DUMMY__ 0.034227307405045065	false	1.0
herausforderung	neg 1.0	neg 1.0	neg 0.705695231358217 off 0.25939503754651033 __DUMMY__ 0.034909731095272685	false	1.0
pervers	off 1.0		off 0.501630024572115 neg 0.428024602041227 __DUMMY__ 0.07034537338665806	false	1.0
wackelig	neg 1.0		off 0.48694960494619993 neg 0.440928839301085 __DUMMY__ 0.07212155575271503	false	0.5
verwickeln	neg 1.0		off 0.4879710387231777 neg 0.44084707931264977 __DUMMY__ 0.07118188196417262	false	0.5
vorwand	neg 1.0		off 0.4809839294872403 neg 0.4471445604261032 __DUMMY__ 0.07187151008665642	false	0.5
muschi	off 1.0		off 0.48435700569135326 neg 0.4441287829624701 __DUMMY__ 0.0715142113461766	false	1.0
entmutigung	neg 1.0		off 0.4862565146811631 neg 0.4425932783218309 __DUMMY__ 0.07115020699700611	false	0.5
unangemessen	neg 1.0		off 0.48330127551165974 neg 0.44528776007265697 __DUMMY__ 0.07141096441568341	false	0.5
unstetig	neg 1.0		off 0.4883611665251397 neg 0.44006068574262514 __DUMMY__ 0.07157814773223516	false	0.5
entmutigen	neg 1.0		off 0.48755040937799843 neg 0.4410761600171765 __DUMMY__ 0.07137343060482523	false	0.5
schwanz	neg 1.0		off 0.48198645435908916 neg 0.4462166778523864 __DUMMY__ 0.0717968677885245	false	0.5
verbot	neg 1.0		off 0.4819086006953859 neg 0.4467230356508234 __DUMMY__ 0.07136836365379076	false	0.5
leid	neg 1.0		off 0.49754402348511784 neg 0.4315691160406326 __DUMMY__ 0.07088686047424954	false	0.5
archaisch	neg 1.0		off 0.4844584336504132 neg 0.4439188963907008 __DUMMY__ 0.07162266995888598	false	0.5
gegen			off 0.48135410332213724 neg 0.446547681375455 __DUMMY__ 0.07209821530240781	false	0.0
scheidung	neg 1.0		off 0.5052415754116891 neg 0.42454947706493956 __DUMMY__ 0.07020894752337123	false	0.5
einschlag	neg 1.0	neg 1.0	neg 0.7018106348445322 off 0.2640640684677075 __DUMMY__ 0.03412529668776025	false	1.0
m			off 0.4852403507048352 neg 0.442944794839115 __DUMMY__ 0.0718148544560498	false	0.0
abgestanden	neg 1.0		off 0.48905932953426073 neg 0.43920847283448144 __DUMMY__ 0.07173219763125797	false	0.5
schmierig	off 1.0		off 0.4972060459586984 neg 0.4318466606227312 __DUMMY__ 0.07094729341857044	false	1.0
unpraktisch	neg 1.0		off 0.4894470712160957 neg 0.43880430741439247 __DUMMY__ 0.07174862136951174	false	0.5
wixxer	off 1.0		off 0.5004598939854932 neg 0.429338471083172 __DUMMY__ 0.07020163493133469	false	1.0
bezeichnet			off 0.48537714924167985 neg 0.4431977970177805 __DUMMY__ 0.07142505374053966	false	0.0
jammerlappen	off 1.0		off 0.4912822701462735 neg 0.4375485826917208 __DUMMY__ 0.07116914716200588	false	1.0
farce	neg 1.0		off 0.48198316629282295 neg 0.44681648791480066 __DUMMY__ 0.07120034579237633	false	0.5
zwecklos	neg 1.0		off 0.4839486782646158 neg 0.44452502357809304 __DUMMY__ 0.07152629815729124	false	0.5
turbulent	neg 1.0		off 0.4904569822680542 neg 0.4386392349810724 __DUMMY__ 0.07090378275087343	false	0.5
invasion	neg 1.0		off 0.48943310656781047 neg 0.439117656506554 __DUMMY__ 0.07144923692563572	false	0.5
schuld	neg 1.0		off 0.487424658077146 neg 0.44111980089917663 __DUMMY__ 0.07145554102367743	false	0.5
risiko	neg 1.0		off 0.48749648732153883 neg 0.4408892990817998 __DUMMY__ 0.07161421359666137	false	0.5
finster	neg 1.0		off 0.48868331609723953 neg 0.4397029026842946 __DUMMY__ 0.07161378121846593	false	0.5
geisteskrank	off 1.0		off 0.4919504737532292 neg 0.43715631344272077 __DUMMY__ 0.07089321280404996	false	1.0
zusammenbrechen	neg 1.0		off 0.4862949145696177 neg 0.4419075965004229 __DUMMY__ 0.07179748892995932	false	0.5
ausbeute	neg 1.0		off 0.48332008607126187 neg 0.44467124372311595 __DUMMY__ 0.07200867020562227	false	0.5
hinterhalt	neg 1.0		off 0.4849163949918046 neg 0.4434160020840831 __DUMMY__ 0.07166760292411223	false	0.5
kritik	neg 1.0		off 0.4823049933953788 neg 0.44640330589917593 __DUMMY__ 0.0712917007054452	false	0.5
einschrumpfen	neg 1.0		off 0.48675767093618144 neg 0.44238085794998305 __DUMMY__ 0.07086147111383555	false	0.5
riskant	neg 1.0		off 0.48277442363064366 neg 0.44551368601712615 __DUMMY__ 0.07171189035223029	false	0.5
frustrieren	neg 1.0		off 0.48305493953012396 neg 0.4452280468435436 __DUMMY__ 0.0717170136263324	false	0.5
groll	neg 1.0		off 0.48441325425817927 neg 0.4439152468224546 __DUMMY__ 0.07167149891936628	false	0.5
gibt			off 0.48448321095508456 neg 0.4439336778487719 __DUMMY__ 0.0715831111961435	false	0.0
qualvoll	neg 1.0		off 0.491632226463395 neg 0.43679581176034077 __DUMMY__ 0.07157196177626426	false	0.5
wackeln	neg 1.0	neg 1.0	neg 0.7038476182735347 off 0.26156018354223776 __DUMMY__ 0.03459219818422764	false	1.0
klagen	neg 1.0		off 0.479008695554668 neg 0.4491455663069313 __DUMMY__ 0.07184573813840071	false	0.5
bankrott	neg 1.0		off 0.4908990336573281 neg 0.4377616200968195 __DUMMY__ 0.07133934624585224	false	0.5
trauern	neg 1.0		off 0.484571508243098 neg 0.44342550223181537 __DUMMY__ 0.07200298952508676	false	0.5
ablehnung	neg 1.0		off 0.48232546563322737 neg 0.44638680034763323 __DUMMY__ 0.0712877340191394	false	0.5
stur	neg 1.0		off 0.4876682109611638 neg 0.4409736473051969 __DUMMY__ 0.07135814173363929	false	0.5
aufruhr	neg 1.0		off 0.4863376076151246 neg 0.44195982228131936 __DUMMY__ 0.07170257010355598	false	0.5
melancholie	neg 1.0		off 0.4857451170845031 neg 0.4423377892241638 __DUMMY__ 0.07191709369133306	false	0.5
ist			off 0.4883634606052958 neg 0.4402276657083048 __DUMMY__ 0.07140887368639938	false	0.0
torheit	neg 1.0		off 0.48601723030705013 neg 0.4427311516187253 __DUMMY__ 0.07125161807422467	false	0.5
dreckskind	off 1.0		off 0.4967948487092703 neg 0.43261201417138173 __DUMMY__ 0.07059313711934784	false	1.0
umtauschen	neg 1.0		off 0.48688755412934515 neg 0.4414701043316567 __DUMMY__ 0.07164234153899822	false	0.5
zum			off 0.48095130341425973 neg 0.4463565361169987 __DUMMY__ 0.07269216046874144	false	0.0
zersetzen	neg 1.0		off 0.4806870824492792 neg 0.4476479434709065 __DUMMY__ 0.07166497407981431	false	0.5
zur			off 0.4778173016815827 neg 0.4498498910633021 __DUMMY__ 0.07233280725511528	false	0.0
frust	neg 1.0		off 0.4858118113712242 neg 0.4424292882859807 __DUMMY__ 0.07175890034279506	false	0.5
unerbittlichkeit	neg 1.0		off 0.4808734242348128 neg 0.4474537622027825 __DUMMY__ 0.0716728135624047	false	0.5
zwei			off 0.48239940012823235 neg 0.44514770048991287 __DUMMY__ 0.07245289938185479	false	0.0
unkorrekt	neg 1.0		off 0.49104334091732127 neg 0.4384734539085826 __DUMMY__ 0.07048320517409602	false	0.5
hexe	off 1.0		off 0.49104404459561185 neg 0.43799410442119235 __DUMMY__ 0.07096185098319582	false	1.0
lasch	neg 1.0		off 0.4881199037052891 neg 0.44095315422973497 __DUMMY__ 0.07092694206497588	false	0.5
rivale	neg 1.0		off 0.49524441063877833 neg 0.43354879770028387 __DUMMY__ 0.07120679166093782	false	0.5
mutlos	off 1.0	off 1.0	off 0.7267983976913801 neg 0.23887195913011103 __DUMMY__ 0.034329643178508916	false	1.0
wirr	off 1.0		off 0.49201575226141636 neg 0.43741369971468397 __DUMMY__ 0.07057054802389962	false	1.0
jahr			off 0.4832537771702889 neg 0.44454679772460204 __DUMMY__ 0.07219942510510896	false	0.0
wird			off 0.4836519928854926 neg 0.4446074680719779 __DUMMY__ 0.07174053904252942	false	0.0
strafbar	neg 1.0		off 0.48204341231110664 neg 0.4463834120248245 __DUMMY__ 0.07157317566406883	false	0.5
erosion	neg 1.0		off 0.48848384294984143 neg 0.4398085116173207 __DUMMY__ 0.07170764543283777	false	0.5
eingehen	neg 1.0		off 0.48258430827724097 neg 0.44595433019012876 __DUMMY__ 0.07146136153263032	false	0.5
faul	off 1.0		off 0.492048459911713 neg 0.43650499208288973 __DUMMY__ 0.07144654800539744	false	1.0
provisorium	neg 1.0		off 0.47688333811537853 neg 0.4505113632882027 __DUMMY__ 0.07260529859641882	false	0.5
schmerzen	neg 1.0		off 0.4874432214438724 neg 0.4409102875017144 __DUMMY__ 0.07164649105441322	false	0.5
schrumpfen	neg 1.0		off 0.4765774026248436 neg 0.45139920709414605 __DUMMY__ 0.07202339028101043	false	0.5
geistlos	off 1.0		off 0.48581094326940205 neg 0.44339460076738135 __DUMMY__ 0.07079445596321662	false	1.0
fehlkauf	neg 1.0		off 0.4879107524991008 neg 0.44074422304049976 __DUMMY__ 0.07134502446039948	false	0.5
frustrierend	neg 1.0		off 0.49147292434455503 neg 0.43710439198081497 __DUMMY__ 0.07142268367462991	false	0.5
unzufrieden	neg 1.0		off 0.4835579709468508 neg 0.444944801071002 __DUMMY__ 0.07149722798214721	false	0.5
verzweifeln	neg 1.0		off 0.4864798020122393 neg 0.44190934216405947 __DUMMY__ 0.07161085582370112	false	0.5
verzweifelt	neg 1.0		off 0.48805485054619563 neg 0.4405423789049273 __DUMMY__ 0.07140277054887706	false	0.5
misstrauensantrag	neg 1.0		off 0.4885551192926445 neg 0.44013899379738464 __DUMMY__ 0.07130588690997086	false	0.5
abfallen	neg 1.0		off 0.4898077105873303 neg 0.43844413703393226 __DUMMY__ 0.07174815237873733	false	0.5
fucker	off 1.0		off 0.4925051269050664 neg 0.43658845001848373 __DUMMY__ 0.07090642307644988	false	1.0
ungezogen	neg 1.0		off 0.5005626689699038 neg 0.4288933182343251 __DUMMY__ 0.0705440127957711	false	0.5
irrsinnig	neg 1.0	neg 1.0	neg 0.7058021397865044 off 0.2599403423751828 __DUMMY__ 0.034257517838312636	false	1.0
unfassbar	neg 1.0		off 0.4913351716453669 neg 0.43765277494519056 __DUMMY__ 0.07101205340944253	false	0.5
hart	neg 1.0		off 0.4900577756837219 neg 0.4386747723663457 __DUMMY__ 0.07126745194993231	false	0.5
widerlich	off 1.0		off 0.4917403939739056 neg 0.4373906014467299 __DUMMY__ 0.07086900457936461	false	1.0
fatal	neg 1.0		off 0.4883060825492491 neg 0.44033931675022403 __DUMMY__ 0.07135460070052685	false	0.5
bruch	neg 1.0		off 0.48001597819005015 neg 0.4480320313670633 __DUMMY__ 0.07195199044288654	false	0.5
aushungern	neg 1.0		off 0.4839131390647303 neg 0.44473856015057284 __DUMMY__ 0.07134830078469676	false	0.5
anspannung	neg 1.0	neg 1.0	neg 0.7071667576003983 off 0.2576987626483504 __DUMMY__ 0.035134479751251356	false	1.0
von			off 0.48239197446907806 neg 0.44540303519489083 __DUMMY__ 0.07220499033603121	false	0.0
kraftlos	neg 1.0		off 0.48717312620762515 neg 0.44075099416293234 __DUMMY__ 0.07207587962944234	false	0.5
vom			off 0.4788079523892953 neg 0.4484077973108585 __DUMMY__ 0.07278425029984617	false	0.0
grenzdebil	off 1.0		off 0.49309797745064254 neg 0.4358258111424102 __DUMMY__ 0.07107621140694739	false	1.0
vor			off 0.4823006382244387 neg 0.4456093557810409 __DUMMY__ 0.07209000599452041	false	0.0
unterwerfen	neg 1.0		off 0.48263042761358355 neg 0.44566615575466345 __DUMMY__ 0.07170341663175284	false	0.5
versenkung	neg 1.0		off 0.4827440776880365 neg 0.44546672862070635 __DUMMY__ 0.07178919369125714	false	0.5
entziehen	neg 1.0		off 0.4802889425247899 neg 0.44779614063299317 __DUMMY__ 0.07191491684221697	false	0.5
finanzkrise	neg 1.0		off 0.4837087438986622 neg 0.44502362847665117 __DUMMY__ 0.07126762762468668	false	0.5
schimpfend	neg 1.0		off 0.4899670437696508 neg 0.43822076457794973 __DUMMY__ 0.0718121916523995	false	0.5
profan	neg 1.0		off 0.489426755662265 neg 0.439254082603521 __DUMMY__ 0.07131916173421395	false	0.5
korruption	neg 1.0		off 0.4816576213001364 neg 0.4470085149208549 __DUMMY__ 0.07133386377900872	false	0.5
â			off 0.48387372711901777 neg 0.4443064842505799 __DUMMY__ 0.07181978863040234	false	0.0
schmutzig	neg 1.0		off 0.49363735847679663 neg 0.43507508832576824 __DUMMY__ 0.07128755319743528	false	0.5
sexy	neg 1.0		off 0.49022720657251273 neg 0.4384396643404691 __DUMMY__ 0.07133312908701822	false	0.5
abraten	neg 1.0		off 0.4882610956062399 neg 0.4403895061134536 __DUMMY__ 0.07134939828030652	false	0.5
schwarz	neg 1.0		off 0.4874351453652185 neg 0.4412275206790694 __DUMMY__ 0.0713373339557121	false	0.5
fotze	off 1.0		off 0.4822309947980342 neg 0.4461410144001962 __DUMMY__ 0.07162799080176953	false	1.0
verwirren	neg 1.0		off 0.489554606054199 neg 0.43914462067475635 __DUMMY__ 0.07130077327104455	false	0.5
zahnlos	off 1.0		off 0.48346557123498285 neg 0.445058756260419 __DUMMY__ 0.07147567250459815	false	1.0
verheeren	neg 1.0		off 0.5023471071633993 neg 0.4269969513837854 __DUMMY__ 0.07065594145281538	false	0.5
hippie	neg 1.0		off 0.48934603956868644 neg 0.43935340119330696 __DUMMY__ 0.07130055923800659	false	0.5
rammen	neg 1.0		off 0.4885351817988434 neg 0.4398597373574523 __DUMMY__ 0.07160508084370412	false	0.5
unlauter	neg 1.0		off 0.48307791817344325 neg 0.44611284293317566 __DUMMY__ 0.07080923889338123	false	0.5
unheilvoll	neg 1.0		off 0.49077108309248846 neg 0.4375635275269317 __DUMMY__ 0.07166538938057984	false	0.5
niedrig	neg 1.0		off 0.48355254382936785 neg 0.44442931342399355 __DUMMY__ 0.07201814274663854	false	0.5
explosion	neg 1.0		off 0.4886473187134331 neg 0.4400590492347675 __DUMMY__ 0.07129363205179938	false	0.5
weichei	off 1.0		off 0.49720948491147904 neg 0.43215278560816267 __DUMMY__ 0.07063772948035836	false	1.0
minusmensch	off 1.0		off 0.4972495335076425 neg 0.4328832272490318 __DUMMY__ 0.06986723924332566	false	1.0
farblos	neg 1.0		off 0.4886007077275526 neg 0.4393230055223217 __DUMMY__ 0.07207628675012576	false	0.5
unwissend	neg 1.0	neg 1.0	neg 0.70396133541024 off 0.26196232420655113 __DUMMY__ 0.03407634038320879	false	1.0
traurig	neg 1.0		off 0.49503299784938753 neg 0.43399848024206966 __DUMMY__ 0.07096852190854282	false	0.5
senkung	neg 1.0		off 0.4870096792087197 neg 0.4420425644597092 __DUMMY__ 0.07094775633157115	false	0.5
ungleich	neg 1.0	neg 1.0	neg 0.7089501593259897 off 0.25669352908218473 __DUMMY__ 0.034356311591825645	false	1.0
heikel	neg 1.0		off 0.4807567264475399 neg 0.4476035085414096 __DUMMY__ 0.07163976501105052	false	0.5
drosselung	neg 1.0		off 0.4926672344959783 neg 0.4362203267988448 __DUMMY__ 0.07111243870517674	false	0.5
falsch	neg 1.0		off 0.490911044333499 neg 0.43782098404953285 __DUMMY__ 0.07126797161696809	false	0.5
unzufriedenheit	neg 1.0		off 0.48063646171190044 neg 0.44760724682381975 __DUMMY__ 0.07175629146427982	false	0.5
kurz	neg 1.0		off 0.48677910496633553 neg 0.4413154202142448 __DUMMY__ 0.0719054748194195	false	0.5
unsinnig	neg 1.0		off 0.48324083070805046 neg 0.44543961469546467 __DUMMY__ 0.07131955459648495	false	0.5
penner	off 1.0	off 1.0	off 0.7365044660376621 neg 0.22965151397252997 __DUMMY__ 0.03384401998980793	false	1.0
seicht	neg 1.0		off 0.498179335548205 neg 0.4316372477262398 __DUMMY__ 0.07018341672555532	false	0.5
dummheit	off 1.0	off 1.0	off 0.7306696586471987 neg 0.23515684899709596 __DUMMY__ 0.03417349235570532	false	1.0
unerfreulich	neg 1.0		off 0.48131197609194015 neg 0.44675148312289964 __DUMMY__ 0.07193654078516022	false	0.5
motherfucker	off 1.0	off 1.0	off 0.7327095746245955 neg 0.2332871421618092 __DUMMY__ 0.03400328321359531	false	1.0
pikiert	neg 1.0		off 0.4905195136157211 neg 0.4385728438176945 __DUMMY__ 0.07090764256658429	false	0.5
wrack	neg 1.0		off 0.4838421095596025 neg 0.4442092840952093 __DUMMY__ 0.07194860634518825	false	0.5
gangster	neg 1.0		off 0.4892900694460594 neg 0.4393367777697679 __DUMMY__ 0.0713731527841726	false	0.5
krank	neg 1.0		off 0.4945109668496784 neg 0.4342344325719657 __DUMMY__ 0.07125460057835589	false	0.5
reich	neg 1.0		off 0.488339291099849 neg 0.4408491866469626 __DUMMY__ 0.0708115222531883	false	0.5
gnadenlos	neg 1.0		off 0.48774472579863726 neg 0.4407468845480194 __DUMMY__ 0.07150838965334315	false	0.5
niedergeschlagen	neg 1.0		off 0.48741122853310537 neg 0.44065069112873545 __DUMMY__ 0.07193808033815914	false	0.5
terrorisieren	off 1.0	off 1.0	off 0.7281752141978198 neg 0.23730986361388348 __DUMMY__ 0.034514922188296646	false	1.0
sinnlosigkeit	neg 1.0		off 0.48406454869838567 neg 0.4443922336412072 __DUMMY__ 0.07154321766040717	false	0.5
behindern	neg 1.0		off 0.48513819367562777 neg 0.44340908160938897 __DUMMY__ 0.07145272471498335	false	0.5
undemokratisch	neg 1.0		off 0.4847410508188357 neg 0.44421475073556854 __DUMMY__ 0.0710441984455959	false	0.5
wirtschaftskrise	neg 1.0		off 0.48201497989619246 neg 0.44648307611016885 __DUMMY__ 0.07150194399363856	false	0.5
neid	neg 1.0		off 0.49323306629049524 neg 0.43524493521603513 __DUMMY__ 0.07152199849346957	false	0.5
rutschen	neg 1.0		off 0.4829018256232038 neg 0.44455462379242827 __DUMMY__ 0.07254355058436794	false	0.5
rezession	neg 1.0		off 0.4940699412461046 neg 0.43530237385002973 __DUMMY__ 0.07062768490386555	false	0.5
fehlgeburt	neg 1.0		off 0.49077725495348373 neg 0.4375040840104049 __DUMMY__ 0.07171866103611133	false	0.5
charakterschwach	off 1.0		off 0.49222604757660354 neg 0.43674134407441384 __DUMMY__ 0.07103260834898249	false	1.0
isolation	neg 1.0		off 0.491165947939178 neg 0.4374560851945583 __DUMMY__ 0.07137796686626374	false	0.5
ablenkung	neg 1.0		off 0.4873172263247298 neg 0.4411220205664571 __DUMMY__ 0.07156075310881303	false	0.5
pech	neg 1.0		off 0.4912602556471482 neg 0.4373629074550505 __DUMMY__ 0.0713768368978012	false	0.5
vermeidung	neg 1.0		off 0.4914703450460469 neg 0.4376786045472122 __DUMMY__ 0.07085105040674082	false	0.5
dominieren	neg 1.0		off 0.485180326774837 neg 0.44277083918090243 __DUMMY__ 0.07204883404426066	false	0.5
schwindlig	neg 1.0		off 0.4924319109526941 neg 0.43568124663612395 __DUMMY__ 0.07188684241118201	false	0.5
lutscher	neg 1.0		off 0.4992962858031578 neg 0.43049244629782296 __DUMMY__ 0.07021126789901921	false	0.5
pflicht	neg 1.0		off 0.4807545674925278 neg 0.44756252543195346 __DUMMY__ 0.07168290707551872	false	0.5
faschist	off 1.0		off 0.48684849621856074 neg 0.44224756726859765 __DUMMY__ 0.0709039365128417	false	1.0
verschleudern	neg 1.0		off 0.47902820996796475 neg 0.4497994970014642 __DUMMY__ 0.07117229303057104	false	0.5
wenn			off 0.49104478929270523 neg 0.4377132751974416 __DUMMY__ 0.07124193550985329	false	0.0
ehebruch	neg 1.0		off 0.48309373124769284 neg 0.4452545108750371 __DUMMY__ 0.0716517578772701	false	0.5
spott	off 1.0		off 0.4815131639833331 neg 0.44697046566744125 __DUMMY__ 0.07151637034922563	false	1.0
trostlosigkeit	neg 1.0		off 0.4808972589338304 neg 0.44715708092731243 __DUMMY__ 0.07194566013885717	false	0.5
lutschen	neg 1.0		off 0.48833874276781064 neg 0.4404393747152429 __DUMMY__ 0.07122188251694649	false	0.5
undiszipliniert	neg 1.0		off 0.49472686985038017 neg 0.43417161302093626 __DUMMY__ 0.07110151712868353	false	0.5
kopfschmerz	neg 1.0		off 0.4874670284159071 neg 0.4405836463960881 __DUMMY__ 0.07194932518800465	false	0.5
unvorhergesehen	neg 1.0		off 0.4858685447663377 neg 0.44191589136005327 __DUMMY__ 0.07221556387360914	false	0.5
desinteressiert	neg 1.0		off 0.49321569203097093 neg 0.43589355676118907 __DUMMY__ 0.07089075120784014	false	0.5
armselig	off 1.0		off 0.4928947735325818 neg 0.43648002410620795 __DUMMY__ 0.07062520236121017	false	1.0
desaster	neg 1.0		off 0.4782393546596121 neg 0.4499675718312304 __DUMMY__ 0.07179307350915747	false	0.5
tod	neg 1.0		off 0.4852962513109143 neg 0.4426962582407638 __DUMMY__ 0.07200749044832196	false	0.5
herzlos	neg 1.0		off 0.49459683780070135 neg 0.43461298932093384 __DUMMY__ 0.07079017287836474	false	0.5
unwissenheit	neg 1.0		off 0.4822935309501679 neg 0.4464016849971303 __DUMMY__ 0.07130478405270178	false	0.5
widersinnig	neg 1.0	neg 1.0	neg 0.7091777886689565 off 0.2567287149022374 __DUMMY__ 0.034093496428806054	false	1.0
bedenklich	neg 1.0		off 0.48216985080304997 neg 0.44627552950455757 __DUMMY__ 0.07155461969239238	false	0.5
beanstanden	neg 1.0		off 0.48024975813396586 neg 0.4480127091179534 __DUMMY__ 0.07173753274808077	false	0.5
panisch	neg 1.0	neg 1.0	neg 0.7023461004462513 off 0.26306690261888416 __DUMMY__ 0.03458699693486445	false	1.0
debil	off 1.0		off 0.47671772985089816 neg 0.4510548866932735 __DUMMY__ 0.0722273834558284	false	1.0
abstrich	neg 1.0		off 0.4825935084259899 neg 0.4459389374552447 __DUMMY__ 0.07146755411876543	false	0.5
primitiv	neg 1.0		off 0.4923403655478485 neg 0.4367831397373173 __DUMMY__ 0.07087649471483427	false	0.5
abschaum	off 1.0	off 1.0	off 0.7318587611383459 neg 0.23402616216892858 __DUMMY__ 0.03411507669272541	false	1.0
provozieren	neg 1.0		off 0.48672309503034256 neg 0.441903284812529 __DUMMY__ 0.0713736201571285	false	0.5
tot	neg 1.0		off 0.4812689880552349 neg 0.44727105983635873 __DUMMY__ 0.07145995210840649	false	0.5
instabil	neg 1.0		off 0.48987819927471127 neg 0.4396252978835728 __DUMMY__ 0.07049650284171588	false	0.5
schwuchtel	off 1.0		off 0.5036719472525334 neg 0.42639118426956046 __DUMMY__ 0.06993686847790602	false	1.0
zerren	neg 1.0		off 0.48742738988608425 neg 0.44063929332715635 __DUMMY__ 0.07193331678675938	false	0.5
kinderficker	off 1.0		off 0.49428442660763966 neg 0.4354015674999633 __DUMMY__ 0.07031400589239706	false	1.0
gefahr	neg 1.0		off 0.48186707740590673 neg 0.4462001039010917 __DUMMY__ 0.07193281869300162	false	0.5
rabiat	neg 1.0		off 0.48616056285071435 neg 0.442418917626298 __DUMMY__ 0.07142051952298768	false	0.5
verlangsamung	neg 1.0		off 0.4983039648766436 neg 0.4311144227719623 __DUMMY__ 0.07058161235139407	false	0.5
ausgestorben	neg 1.0		off 0.4872206835591527 neg 0.441034241498222 __DUMMY__ 0.07174507494262515	false	0.5
anklagen	neg 1.0		off 0.48430161674086575 neg 0.4441700565530954 __DUMMY__ 0.07152832670603881	false	0.5
trott	neg 1.0		off 0.4864565860150435 neg 0.44190694083182464 __DUMMY__ 0.0716364731531319	false	0.5
verminderung	neg 1.0		off 0.49200751218918926 neg 0.4372265051053309 __DUMMY__ 0.07076598270547996	false	0.5
nach			off 0.4824218613661625 neg 0.4447348141778139 __DUMMY__ 0.07284332445602361	false	0.0
rost	neg 1.0		off 0.4975793020278034 neg 0.4316869151533896 __DUMMY__ 0.07073378281880704	false	0.5
destruktiv	neg 1.0		off 0.4838750415292686 neg 0.444971568108223 __DUMMY__ 0.0711533903625083	false	0.5
unzumutbarkeit	neg 1.0		off 0.49148976018559865 neg 0.4372645659483588 __DUMMY__ 0.0712456738660425	false	0.5
labil	off 1.0	off 1.0	off 0.731823759216778 neg 0.2340518235905278 __DUMMY__ 0.034124417192694156	false	1.0
ziemlich	neg 1.0		off 0.4930862075490699 neg 0.43570420130504967 __DUMMY__ 0.07120959114588049	false	0.5
lachnummer	off 1.0		off 0.4850020477338619 neg 0.44369010938784154 __DUMMY__ 0.07130784287829661	false	1.0
oder			off 0.48788834132031517 neg 0.440456376474275 __DUMMY__ 0.07165528220540976	false	0.0
verfall	neg 1.0		off 0.47689615566507837 neg 0.451030228208399 __DUMMY__ 0.07207361612652277	false	0.5
ausgrenzung	neg 1.0		off 0.48614385691855805 neg 0.44274860884368816 __DUMMY__ 0.07110753423775383	false	0.5
unordnung	neg 1.0		off 0.4922164389639304 neg 0.4366013534477476 __DUMMY__ 0.07118220758832203	false	0.5
fehlverhalten	neg 1.0		off 0.4810835466163531 neg 0.4472506371166131 __DUMMY__ 0.07166581626703383	false	0.5
eine			off 0.4815629356639252 neg 0.4465557333536911 __DUMMY__ 0.07188133098238363	false	0.0
nille	neg 1.0		off 0.48519039795863367 neg 0.44325111330948247 __DUMMY__ 0.07155848873188385	false	0.5
qual	neg 1.0		off 0.4861478147339252 neg 0.4422236605805621 __DUMMY__ 0.07162852468551253	false	0.5
verschwenden	neg 1.0		off 0.4831918864330317 neg 0.44520016108850713 __DUMMY__ 0.07160795247846115	false	0.5
riesig	neg 1.0	neg 1.0	neg 0.7061371763682167 off 0.25918508590283545 __DUMMY__ 0.03467773772894794	false	1.0
verurteilen	neg 1.0		off 0.48377295540910303 neg 0.4446771233121993 __DUMMY__ 0.07154992127869769	false	0.5
klischee	neg 1.0	neg 1.0	neg 0.7050612017191934 off 0.2608469700362488 __DUMMY__ 0.03409182824455788	false	1.0
diktatorisch	neg 1.0		off 0.48482758152143446 neg 0.4442404901658617 __DUMMY__ 0.07093192831270388	false	0.5
vorhersehbar	neg 1.0	neg 1.0	neg 0.7049423635526377 off 0.26087564436894023 __DUMMY__ 0.034181992078422124	false	1.0
sowie			off 0.49602179181561307 neg 0.4333743970837298 __DUMMY__ 0.07060381110065712	false	0.0
stornieren	neg 1.0		off 0.4900349122465016 neg 0.4380434014036552 __DUMMY__ 0.07192168634984317	false	0.5
besteuerung	neg 1.0		off 0.4845137806026723 neg 0.44447301910143405 __DUMMY__ 0.07101320029589359	false	0.5
ungeschminkt	neg 1.0		off 0.49199420322845816 neg 0.4370499564511079 __DUMMY__ 0.07095584032043403	false	0.5
kritisch	neg 1.0		off 0.48168669046573087 neg 0.4467860092869752 __DUMMY__ 0.07152730024729392	false	0.5
schlamperei	off 1.0		off 0.4802437553006198 neg 0.44823549149606523 __DUMMY__ 0.07152075320331484	false	1.0
sucht	neg 1.0	neg 1.0	neg 0.7050292955521831 off 0.2604717629297063 __DUMMY__ 0.03449894151811061	false	1.0
egoistisch	off 1.0		off 0.49740982155153995 neg 0.4318825107910253 __DUMMY__ 0.07070766765743484	false	1.0
ausbeuter	off 1.0		off 0.4799793079071015 neg 0.44851320053955857 __DUMMY__ 0.07150749155333998	false	1.0
arschgeburt	off 1.0		off 0.5032803889873301 neg 0.4268707865380797 __DUMMY__ 0.06984882447459011	false	1.0
schubs	neg 1.0	neg 1.0	neg 0.7053560738643189 off 0.2599797100127123 __DUMMY__ 0.03466421612296887	false	1.0
unsolide	neg 1.0		off 0.48317860665851664 neg 0.4462941252210261 __DUMMY__ 0.0705272681204573	false	0.5
beschwerde	neg 1.0		off 0.4807856314927149 neg 0.44765539501229673 __DUMMY__ 0.07155897349498837	false	0.5
stocken	neg 1.0		off 0.48299476391457324 neg 0.4452130775167624 __DUMMY__ 0.07179215856866444	false	0.5
isolieren	neg 1.0		off 0.48370205465020344 neg 0.44465359383620834 __DUMMY__ 0.07164435151358828	false	0.5
unheilbar	neg 1.0		off 0.48917938175938785 neg 0.4389981310370467 __DUMMY__ 0.07182248720356527	false	0.5
pisser	off 1.0		off 0.49397256246453325 neg 0.4349507418116398 __DUMMY__ 0.07107669572382701	false	1.0
löschen	neg 1.0		off 0.4866810633615168 neg 0.4417513483491333 __DUMMY__ 0.07156758828934993	false	0.5
durchfallen	neg 1.0		off 0.48267997032360527 neg 0.44593781131987137 __DUMMY__ 0.0713822183565234	false	0.5
wichser	off 1.0		off 0.5019180561743669 neg 0.427702832055507 __DUMMY__ 0.07037911177012601	false	1.0
terror	neg 1.0		off 0.49037311452909343 neg 0.438102715425955 __DUMMY__ 0.07152417004495142	false	0.5
krass	neg 1.0		off 0.495201851220329 neg 0.4340337197788123 __DUMMY__ 0.07076442900085864	false	0.5
revolte	neg 1.0		off 0.48690992348231327 neg 0.4419961928639145 __DUMMY__ 0.07109388365377224	false	0.5
besorgt	neg 1.0		off 0.48690272378127447 neg 0.44106426244684 __DUMMY__ 0.0720330137718856	false	0.5
nachlassen	neg 1.0		off 0.4829360228714835 neg 0.4452192138567912 __DUMMY__ 0.07184476327172544	false	0.5
alt	neg 1.0		off 0.4841360522100239 neg 0.44407684863089886 __DUMMY__ 0.07178709915907724	false	0.5
hundesohn	off 1.0		off 0.4986388391797968 neg 0.43114109588991223 __DUMMY__ 0.07022006493029104	false	1.0
als			off 0.485900123437116 neg 0.4422784084147708 __DUMMY__ 0.07182146814811326	false	0.0
abschreckung	neg 1.0		off 0.4805462765240136 neg 0.44755412073668144 __DUMMY__ 0.0718996027393049	false	0.5
unqualifiziert	neg 1.0		off 0.4865593185165372 neg 0.4426939031225285 __DUMMY__ 0.07074677836093424	false	0.5
abgewichst	off 1.0		off 0.48485724110988987 neg 0.44350374186088587 __DUMMY__ 0.07163901702922423	false	1.0
schwer	neg 1.0		off 0.4871862182681491 neg 0.4411823361924849 __DUMMY__ 0.071631445539366	false	0.5
bedeutungslosigkeit	neg 1.0		off 0.48090199862944755 neg 0.4473434710840215 __DUMMY__ 0.07175453028653096	false	0.5
kapitulation	neg 1.0		off 0.4807975387305147 neg 0.44779059446030317 __DUMMY__ 0.07141186680918217	false	0.5
unscharf	neg 1.0		off 0.48864699523192656 neg 0.4400867416005407 __DUMMY__ 0.0712662631675327	false	0.5
schwinden	neg 1.0		off 0.48145115022061147 neg 0.44669065774088934 __DUMMY__ 0.07185819203849925	false	0.5
versklavung	neg 1.0		off 0.4850001374429712 neg 0.44396526899502364 __DUMMY__ 0.07103459356200521	false	0.5
schlecht	neg 1.0		off 0.49341267598168337 neg 0.4353402077596538 __DUMMY__ 0.07124711625866283	false	0.5
verhasst	neg 1.0		off 0.4871972852897026 neg 0.44143623942581894 __DUMMY__ 0.07136647528447843	false	0.5
beschweren	neg 1.0		off 0.48855364081582453 neg 0.4400427907580449 __DUMMY__ 0.07140356842613056	false	0.5
scheiden	neg 1.0		off 0.48929949330311695 neg 0.4388147332732845 __DUMMY__ 0.07188577342359843	false	0.5
frustriert	neg 1.0		off 0.4858164985294229 neg 0.44253569337871346 __DUMMY__ 0.07164780809186364	false	0.5
schimmelig	neg 1.0		off 0.4840242079487512 neg 0.4440644525556735 __DUMMY__ 0.07191133949557525	false	0.5
fisch	neg 1.0		off 0.4834913307500294 neg 0.4443775975532479 __DUMMY__ 0.0721310716967227	false	0.5
schmuggel	neg 1.0		off 0.48405181482900944 neg 0.443675633354689 __DUMMY__ 0.07227255181630154	false	0.5
auffallen	neg 1.0		off 0.48931959465934277 neg 0.4393063959072088 __DUMMY__ 0.07137400943344839	false	0.5
konkurrenz	neg 1.0	neg 1.0	neg 0.7089448154689931 off 0.2564521470000567 __DUMMY__ 0.034603037530950106	false	1.0
teufelskreis	neg 1.0		off 0.48623235168530426 neg 0.44217209650672307 __DUMMY__ 0.07159555180797267	false	0.5
aufschreien	neg 1.0		off 0.4883910479250196 neg 0.44036561853451817 __DUMMY__ 0.07124333354046222	false	0.5
schuldner	neg 1.0		off 0.4813141385230826 neg 0.44689638957753164 __DUMMY__ 0.07178947189938598	false	0.5
missgeburt	off 1.0	off 1.0	off 0.734952509490269 neg 0.23115283452471966 __DUMMY__ 0.03389465598501131	false	1.0
arbeitslos	neg 1.0		off 0.4831682124462846 neg 0.44542032155400435 __DUMMY__ 0.07141146599971109	false	0.5
befallen	neg 1.0		off 0.4851293065298295 neg 0.44324582064551266 __DUMMY__ 0.07162487282465778	false	0.5
miesepetrig	off 1.0	off 1.0	off 0.7334560061939799 neg 0.23230842414460784 __DUMMY__ 0.03423556966141233	false	1.0
alarmieren	neg 1.0		off 0.4898396784053266 neg 0.43912432097718623 __DUMMY__ 0.07103600061748716	false	0.5
ungeduscht	off 1.0		off 0.49127256406316905 neg 0.43731456806894303 __DUMMY__ 0.07141286786788789	false	1.0
knappheit	neg 1.0		off 0.4809742561066509 neg 0.44761470451573 __DUMMY__ 0.07141103937761911	false	0.5
schlange	neg 1.0		off 0.49057495579977456 neg 0.4376659135877886 __DUMMY__ 0.07175913061243674	false	0.5
harsch	neg 1.0		off 0.49739482189429535 neg 0.4315748985841456 __DUMMY__ 0.07103027952155912	false	0.5
lang	neg 1.0		off 0.4873972771821419 neg 0.4410143956923768 __DUMMY__ 0.0715883271254812	false	0.5
ziellos	neg 1.0		off 0.4860174831450135 neg 0.44200364273445125 __DUMMY__ 0.07197887412053529	false	0.5
selbstverliebt	neg 1.0		off 0.5009597365364804 neg 0.4290230370415261 __DUMMY__ 0.07001722642199333	false	0.5
beseitigen	neg 1.0		off 0.4854285267794301 neg 0.44302462967662387 __DUMMY__ 0.07154684354394598	false	0.5
dumm	off 1.0		off 0.4974626557529629 neg 0.4320457384439345 __DUMMY__ 0.07049160580310257	false	1.0
arbeitsloser	neg 1.0		off 0.48373529260919024 neg 0.444553187404295 __DUMMY__ 0.07171151998651475	false	0.5
blitzen	neg 1.0		off 0.48985971104893444 neg 0.43879536977506334 __DUMMY__ 0.0713449191760021	false	0.5
hilflos	neg 1.0		off 0.48584326560939156 neg 0.4424072375819072 __DUMMY__ 0.07174949680870125	false	0.5
eklig	off 1.0		off 0.499116563031193 neg 0.4302744660800518 __DUMMY__ 0.07060897088875523	false	1.0
begriff			off 0.48424331492002737 neg 0.44435894918264734 __DUMMY__ 0.07139773589732522	false	0.0
hungersnot	neg 1.0		off 0.4855934402407406 neg 0.44264685666457165 __DUMMY__ 0.07175970309468789	false	0.5
ungesetzlich	neg 1.0		off 0.48421507375444955 neg 0.44510963905410367 __DUMMY__ 0.07067528719144667	false	0.5
verschwendung	neg 1.0		off 0.48236969081262426 neg 0.4458675343013783 __DUMMY__ 0.07176277488599737	false	0.5
schmerzvoll	neg 1.0		off 0.4889793527772253 neg 0.43953961966712024 __DUMMY__ 0.0714810275556543	false	0.5
vorzeitig	neg 1.0		off 0.49127573507516653 neg 0.4371490048013664 __DUMMY__ 0.07157526012346703	false	0.5
unvollkommenheit	neg 1.0		off 0.4878617770281648 neg 0.439875356529942 __DUMMY__ 0.07226286644189311	false	0.5
intervenieren	neg 1.0		off 0.48009423643659765 neg 0.4484445438873726 __DUMMY__ 0.07146121967602961	false	0.5
banause	off 1.0		off 0.4995650961849187 neg 0.4302146067257366 __DUMMY__ 0.0702202970893448	false	1.0
rebell	neg 1.0		off 0.4791260759154372 neg 0.4489127753169166 __DUMMY__ 0.07196114876764621	false	0.5
unlogisch	neg 1.0		off 0.49436291915825425 neg 0.43481667653145395 __DUMMY__ 0.07082040431029164	false	0.5
leiden	neg 1.0		off 0.4855389526835999 neg 0.44206822731077805 __DUMMY__ 0.07239282000562208	false	0.5
abschaffung	neg 1.0		off 0.4844355828349754 neg 0.44450893202050523 __DUMMY__ 0.07105548514451947	false	0.5
sturz	neg 1.0		off 0.48785929868786465 neg 0.4404001591314188 __DUMMY__ 0.07174054218071663	false	0.5
verkleinerung	neg 1.0		off 0.48664184238465225 neg 0.4425252017801505 __DUMMY__ 0.07083295583519732	false	0.5
schmarotzer	off 1.0		off 0.4824844866976665 neg 0.44618946465701953 __DUMMY__ 0.07132604864531387	false	1.0
bestrafung	neg 1.0		off 0.48774570849534316 neg 0.44086658543204005 __DUMMY__ 0.07138770607261685	false	0.5
achtlos	neg 1.0		off 0.4879287526464383 neg 0.4403045477519211 __DUMMY__ 0.07176669960164056	false	0.5
ungeheuer	neg 1.0		off 0.49000027643180355 neg 0.43864117120929164 __DUMMY__ 0.07135855235890488	false	0.5
unaufrichtig	neg 1.0		off 0.48760200673031545 neg 0.44123095002375873 __DUMMY__ 0.07116704324592596	false	0.5
groggy	neg 1.0		off 0.4886774532572485 neg 0.4400610903274171 __DUMMY__ 0.07126145641533434	false	0.5
