unsolidarisch	neg 1.0		__DUMMY__ 0.8898870866113454 neg 0.05506757033059323 off 0.055045343058061344	false	1.0
nachteilig	neg 1.0		__DUMMY__ 0.8969666445315335 neg 0.05182549868978284 off 0.05120785677868367	false	1.0
skeptisch	neg 1.0		__DUMMY__ 0.8973527966976141 neg 0.052025716765841966 off 0.0506214865365438	false	1.0
schrecklich	neg 1.0		__DUMMY__ 0.8903413645183172 off 0.06341095275145918 neg 0.0462476827302236	false	0.5
schlapp	neg 1.0		__DUMMY__ 0.8945873417476279 off 0.05908137072531635 neg 0.046331287527055856	false	0.5
abfall	neg 1.0		__DUMMY__ 0.9002637395761706 neg 0.05152884554208404 off 0.0482074148817453	false	1.0
widerspenstig	neg 1.0		__DUMMY__ 0.8966647034448405 off 0.05467284572485385 neg 0.048662450830305674	false	0.5
abrupt	neg 1.0		__DUMMY__ 0.9004586351725 off 0.05062784518898331 neg 0.048913519638516756	false	0.5
unwirksam	neg 1.0		__DUMMY__ 0.8913873581743269 off 0.054636943595653575 neg 0.05397569823001946	false	0.5
angreifen	neg 1.0	neg 1.0	neg 0.5090816024579533 __DUMMY__ 0.4522893441009088 off 0.038629053441137935	false	1.0
inkonsistent	neg 1.0		__DUMMY__ 0.8952521340143532 off 0.055321067718801506 neg 0.0494267982668452	false	0.5
abrutschen	neg 1.0		__DUMMY__ 0.899941641218175 neg 0.05152013018126625 off 0.04853822860055872	false	1.0
unsicher	neg 1.0		__DUMMY__ 0.896913596511822 off 0.05505649634306983 neg 0.048029907145108165	false	0.5
bauernkind	off 1.0	off 1.0	off 0.5177139955449812 __DUMMY__ 0.4448940351177777 neg 0.03739196933724107	false	1.0
angreifer	neg 1.0		__DUMMY__ 0.897206185573146 off 0.05610478831309941 neg 0.04668902611375457	false	0.5
trennen	neg 1.0		__DUMMY__ 0.9014614870003052 off 0.051154899426845694 neg 0.0473836135728491	false	0.5
schmutz	neg 1.0		__DUMMY__ 0.9027746800304439 off 0.05607025334963429 neg 0.04115506661992177	false	0.5
inkonsistenz	neg 1.0		__DUMMY__ 0.8898557176565224 off 0.0587246579402832 neg 0.051419624403194406	false	0.5
erschreckend	neg 1.0		__DUMMY__ 0.8951351670513309 off 0.054128439011957664 neg 0.05073639393671153	false	0.5
ertrinken	neg 1.0		__DUMMY__ 0.9003742496622256 off 0.05188571267243686 neg 0.04774003766533756	false	0.5
pickelface	off 1.0		__DUMMY__ 0.896047308381281 off 0.053065970561592506 neg 0.05088672105712655	false	1.0
seiner			__DUMMY__ 0.8993695733546011 off 0.05096956708879373 neg 0.04966085955660523	false	0.0
lauch	neg 1.0		__DUMMY__ 0.8976951268507847 neg 0.053970345326747195 off 0.04833452782246809	false	1.0
unwichtig	neg 1.0		__DUMMY__ 0.8923536449830453 off 0.05925938631312549 neg 0.04838696870382931	false	0.5
steuerhinterziehung	neg 1.0		__DUMMY__ 0.8941304570372163 off 0.05350174127182644 neg 0.05236780169095725	false	0.5
schock	neg 1.0		__DUMMY__ 0.8997455804003102 off 0.054108365378897946 neg 0.04614605422079192	false	0.5
beule	neg 1.0		__DUMMY__ 0.8951829663501074 off 0.05926193601982409 neg 0.045555097630068556	false	0.5
vergelten	neg 1.0		__DUMMY__ 0.8950275749616179 off 0.06228385599982001 neg 0.042688569038562094	false	0.5
verdorbenheit	neg 1.0		__DUMMY__ 0.896671595880223 off 0.05401129985470841 neg 0.04931710426506851	false	0.5
trauma	neg 1.0		__DUMMY__ 0.8951520161327494 off 0.0558080496991029 neg 0.04903993416814772	false	0.5
sinnlos	neg 1.0		__DUMMY__ 0.8955705674220077 off 0.0570664048145134 neg 0.04736302776347894	false	0.5
fettsack	off 1.0	off 1.0	off 0.5189936968649439 __DUMMY__ 0.44623550334309015 neg 0.034770799791965984	false	1.0
feige	off 1.0	off 1.0	off 0.5155060006065025 __DUMMY__ 0.4472576862510827 neg 0.03723631314241466	false	1.0
abdanken	neg 1.0		__DUMMY__ 0.8945407247309685 off 0.054445011357090636 neg 0.05101426391194091	false	0.5
wichtigtuer	off 1.0	off 1.0	off 0.513448201334278 __DUMMY__ 0.44875279820313263 neg 0.037799000462589424	false	1.0
misslingen	neg 1.0		__DUMMY__ 0.900602961713428 off 0.055444814092913755 neg 0.04395222419365819	false	0.5
untreu	off 1.0		__DUMMY__ 0.8918663176564321 off 0.06032966302727679 neg 0.047804019316291066	false	1.0
missmutig	neg 1.0		__DUMMY__ 0.8937749007885373 off 0.05917335515488461 neg 0.047051744056578124	false	0.5
hurenbock	off 1.0		__DUMMY__ 0.8964767647641807 off 0.05576459883167393 neg 0.04775863640414528	false	1.0
betrunken	neg 1.0		__DUMMY__ 0.894592384403879 off 0.06136785092920462 neg 0.044039764666916385	false	0.5
korrupt	off 1.0		__DUMMY__ 0.8921762674985314 neg 0.0547895850117374 off 0.05303414748973128	false	0.5
unmut	neg 1.0		__DUMMY__ 0.8990536074016298 neg 0.0524845389960203 off 0.04846185360234988	false	1.0
hackfresse	off 1.0		__DUMMY__ 0.8871924768117937 off 0.06645875834593575 neg 0.04634876484227048	false	1.0
aufblasen	neg 1.0		__DUMMY__ 0.8974355149257023 off 0.05599715350618787 neg 0.04656733156810989	false	0.5
gewaltsam	neg 1.0		__DUMMY__ 0.8968885189178346 off 0.05411535631948382 neg 0.04899612476268159	false	0.5
unbeliebtheit	neg 1.0		__DUMMY__ 0.8857613401939217 off 0.05888863154806274 neg 0.05535002825801549	false	0.5
sturheit	neg 1.0		__DUMMY__ 0.8949386209947274 off 0.05422890024075847 neg 0.05083247876451404	false	0.5
kuh	neg 1.0		__DUMMY__ 0.8936532845207324 off 0.054907818290221684 neg 0.0514388971890458	false	0.5
erschrecken	neg 1.0		__DUMMY__ 0.8944603997341135 off 0.05858041366536021 neg 0.04695918660052632	false	0.5
opfer	neg 1.0		__DUMMY__ 0.8989939803172357 off 0.05206773827057288 neg 0.04893828141219158	false	0.5
sinken	neg 1.0		__DUMMY__ 0.8990417635315746 neg 0.05221310776409434 off 0.048745128704330946	false	1.0
stinktier	neg 1.0		__DUMMY__ 0.8890621827431171 off 0.06382858241174513 neg 0.04710923484513781	false	0.5
tucke	off 1.0		__DUMMY__ 0.8835459852203299 off 0.06674503087438803 neg 0.049708983905282056	false	1.0
ein			__DUMMY__ 0.8967205663626675 off 0.055302447385264526 neg 0.047976986252068046	false	0.0
abstieg	neg 1.0		__DUMMY__ 0.901702209983487 off 0.051206464366955175 neg 0.04709132564955779	false	0.5
missverstehen	neg 1.0		__DUMMY__ 0.8928086844622043 off 0.057352733119122534 neg 0.04983858241867323	false	0.5
ergebnislos	neg 1.0		__DUMMY__ 0.8976764465348998 neg 0.05119109833492524 off 0.05113245513017501	false	1.0
unter			__DUMMY__ 0.906081646074553 neg 0.04958853034551706 off 0.04432982357992989	false	0.0
manipulieren	neg 1.0		__DUMMY__ 0.8980061942734595 neg 0.05123870072317682 off 0.050755105003363575	false	1.0
unbewiesen	neg 1.0		__DUMMY__ 0.8896456567951073 off 0.055345161261226586 neg 0.05500918194366603	false	0.5
verschleppen	neg 1.0		__DUMMY__ 0.8975100544439079 off 0.05264140573564131 neg 0.049848539820450906	false	0.5
weib	off 1.0		__DUMMY__ 0.8875776036159214 off 0.0664329102934828 neg 0.04598948609059582	false	1.0
opposition	neg 1.0		__DUMMY__ 0.8935224355394582 off 0.05627537076573487 neg 0.05020219369480694	false	0.5
verkehrswidrig	neg 1.0	neg 1.0	neg 0.5003864731490143 __DUMMY__ 0.45259441933139166 off 0.04701910751959391	false	1.0
inkorrekt	neg 1.0		__DUMMY__ 0.8881337326687357 off 0.061554575292962675 neg 0.05031169203830148	false	0.5
vermeiden	neg 1.0		__DUMMY__ 0.9028149271115119 neg 0.05088869343950798 off 0.046296379448980206	false	1.0
abweichung	neg 1.0		__DUMMY__ 0.896154464421159 neg 0.05241837197170623 off 0.05142716360713475	false	1.0
alkoholisiert	neg 1.0		__DUMMY__ 0.9046930598006824 off 0.0500042659429684 neg 0.04530267425634925	false	0.5
scheiss	off 1.0	off 1.0	off 0.5151225036192071 __DUMMY__ 0.4496094299151493 neg 0.035268066465643774	false	1.0
herausforderung	neg 1.0	neg 1.0	neg 0.5041099345256388 __DUMMY__ 0.4575444249119448 off 0.03834564056241626	false	1.0
pervers	off 1.0		__DUMMY__ 0.8861802558023082 off 0.0692677237112539 neg 0.04455202048643786	false	1.0
wackelig	neg 1.0		__DUMMY__ 0.9009461102399092 off 0.05243261526995141 neg 0.04662127449013937	false	0.5
verwickeln	neg 1.0		__DUMMY__ 0.8927910950020038 off 0.05729559815533377 neg 0.04991330684266238	false	0.5
vorwand	neg 1.0		__DUMMY__ 0.8986194279922531 neg 0.05135234362334843 off 0.050028228384398445	false	1.0
muschi	off 1.0		__DUMMY__ 0.8957321733126112 off 0.053521280340441416 neg 0.05074654634694747	false	1.0
entmutigung	neg 1.0		__DUMMY__ 0.8928057484254555 off 0.05644928558198656 neg 0.05074496599255802	false	0.5
unangemessen	neg 1.0		__DUMMY__ 0.8947377115491887 off 0.053428422420998024 neg 0.051833866029813276	false	0.5
unstetig	neg 1.0		__DUMMY__ 0.8968999631307768 off 0.055362974219856295 neg 0.04773706264936687	false	0.5
entmutigen	neg 1.0		__DUMMY__ 0.8945171078880391 off 0.05613679847114275 neg 0.04934609364081828	false	0.5
schwanz	neg 1.0		__DUMMY__ 0.8983606482509526 neg 0.05108985613548948 off 0.05054949561355781	false	1.0
verbot	neg 1.0		__DUMMY__ 0.8944949197569747 off 0.052758939423010486 neg 0.05274614082001482	false	0.5
leid	neg 1.0		__DUMMY__ 0.8906874794928137 off 0.0643468858545738 neg 0.04496563465261251	false	0.5
archaisch	neg 1.0		__DUMMY__ 0.896625911353823 off 0.05313414858422016 neg 0.050239940061956916	false	0.5
gegen			__DUMMY__ 0.9005289939789055 neg 0.04992875228981616 off 0.04954225373127825	false	0.0
scheidung	neg 1.0		__DUMMY__ 0.8851608834872117 off 0.07252169250053034 neg 0.04231742401225796	false	0.5
einschlag	neg 1.0	neg 1.0	neg 0.5047568431990804 __DUMMY__ 0.4482511212412734 off 0.046992035559646116	false	1.0
m			__DUMMY__ 0.8980893008060992 off 0.05280237694954858 neg 0.04910832224435218	false	0.0
abgestanden	neg 1.0		__DUMMY__ 0.8982166449143879 off 0.05487148681663066 neg 0.04691186826898134	false	0.5
schmierig	off 1.0		__DUMMY__ 0.8911410729893819 off 0.06392984284360478 neg 0.04492908416701324	false	1.0
unpraktisch	neg 1.0		__DUMMY__ 0.8978947738070681 off 0.055491099350217565 neg 0.04661412684271439	false	0.5
wixxer	off 1.0		__DUMMY__ 0.884952034261294 off 0.06904994085419115 neg 0.04599802488451492	false	1.0
bezeichnet			__DUMMY__ 0.8948633438055125 off 0.05465869760990177 neg 0.050477958584585675	false	0.0
jammerlappen	off 1.0		__DUMMY__ 0.8927178424993082 off 0.05939679149415127 neg 0.04788536600654054	false	1.0
farce	neg 1.0		__DUMMY__ 0.8931151917079261 neg 0.05347850664688082 off 0.05340630164519304	false	1.0
zwecklos	neg 1.0		__DUMMY__ 0.8956227344203093 off 0.053361936240697266 neg 0.05101532933899356	false	0.5
turbulent	neg 1.0		__DUMMY__ 0.8911926801754562 off 0.05957937495662348 neg 0.04922794486792045	false	0.5
invasion	neg 1.0		__DUMMY__ 0.8950789273958665 off 0.05707288268055051 neg 0.04784818992358304	false	0.5
schuld	neg 1.0		__DUMMY__ 0.8950570058471419 off 0.0558610838436428 neg 0.049081910309215326	false	0.5
risiko	neg 1.0		__DUMMY__ 0.8969698586093297 off 0.05507131500802471 neg 0.04795882638264562	false	0.5
finster	neg 1.0		__DUMMY__ 0.896899279872344 off 0.05523919928854903 neg 0.04786152083910702	false	0.5
geisteskrank	off 1.0		__DUMMY__ 0.8904896861146196 off 0.060997745633370716 neg 0.04851256825200961	false	1.0
zusammenbrechen	neg 1.0		__DUMMY__ 0.8978685785562711 off 0.05374350955278761 neg 0.048387911890941236	false	0.5
ausbeute	neg 1.0		__DUMMY__ 0.9003472756086881 off 0.05026901045783747 neg 0.049383713933474446	false	0.5
hinterhalt	neg 1.0		__DUMMY__ 0.8974294145266561 off 0.05289165127222447 neg 0.04967893420111932	false	0.5
kritik	neg 1.0		__DUMMY__ 0.8938731587587594 off 0.053292011027070006 neg 0.05283483021417058	false	0.5
einschrumpfen	neg 1.0		__DUMMY__ 0.890275023633117 off 0.057584543061734335 neg 0.052140433305148746	false	0.5
riskant	neg 1.0		__DUMMY__ 0.8970991600763848 off 0.05185494960259778 neg 0.0510458903210174	false	0.5
frustrieren	neg 1.0		__DUMMY__ 0.8972356185322585 off 0.051965850842690495 neg 0.050798530625050915	false	0.5
groll	neg 1.0		__DUMMY__ 0.8969774855595007 off 0.053114024154605796 neg 0.049908490285893545	false	0.5
gibt			__DUMMY__ 0.8959747734468024 off 0.05347039003839652 neg 0.050554836514801006	false	0.0
qualvoll	neg 1.0		__DUMMY__ 0.8962504666761633 off 0.05782865230583176 neg 0.0459208810180049	false	0.5
wackeln	neg 1.0	neg 1.0	neg 0.5044098334406797 __DUMMY__ 0.45357108431389404 off 0.04201908224542632	false	1.0
klagen	neg 1.0		__DUMMY__ 0.8984968589141302 neg 0.052652059078385466 off 0.04885108200748428	false	1.0
bankrott	neg 1.0		__DUMMY__ 0.8942678904567845 off 0.05821234726740576 neg 0.04751976227580988	false	0.5
trauern	neg 1.0		__DUMMY__ 0.8999017718511391 off 0.05179199652291421 neg 0.04830623162594668	false	0.5
ablehnung	neg 1.0		__DUMMY__ 0.8938116354797205 off 0.05338062298637783 neg 0.05280774153390157	false	0.5
stur	neg 1.0		__DUMMY__ 0.894245214955595 off 0.05637790628682053 neg 0.04937687875758452	false	0.5
aufruhr	neg 1.0		__DUMMY__ 0.8974477796150664 off 0.05413615453855711 neg 0.04841606584637651	false	0.5
melancholie	neg 1.0		__DUMMY__ 0.8993207729964203 off 0.052356144527956436 neg 0.048323082475623204	false	0.5
ist			__DUMMY__ 0.8946421442890568 off 0.05652399733471856 neg 0.04883385837622463	false	0.0
torheit	neg 1.0		__DUMMY__ 0.8936125183911204 off 0.055806582904566936 neg 0.05058089870431263	false	0.5
dreckskind	off 1.0		__DUMMY__ 0.8882432421397716 off 0.06512014465842339 neg 0.046636613201805004	false	1.0
umtauschen	neg 1.0		__DUMMY__ 0.8970378422390176 off 0.05405349996312691 neg 0.04890865779785553	false	0.5
zum			__DUMMY__ 0.9057402799322922 neg 0.047944433297967624 off 0.04631528676974006	false	0.0
zersetzen	neg 1.0		__DUMMY__ 0.8968537067496413 neg 0.05251228347667585 off 0.05063400977368292	false	1.0
zur			__DUMMY__ 0.9026004562324716 neg 0.05142070773585515 off 0.04597883603167322	false	0.0
frust	neg 1.0		__DUMMY__ 0.8974930430416656 off 0.053642843595935144 neg 0.04886411336239927	false	0.5
unerbittlichkeit	neg 1.0		__DUMMY__ 0.8969766313802917 neg 0.05229250388654325 off 0.05073086473316506	false	1.0
zwei			__DUMMY__ 0.9035634062706825 off 0.04824592392986766 neg 0.048190669799449866	false	0.0
unkorrekt	neg 1.0		__DUMMY__ 0.887270195906918 off 0.06192006984799024 neg 0.05080973424509163	false	0.5
hexe	off 1.0		__DUMMY__ 0.891422964786398 off 0.05958712914899537 neg 0.0489899060646066	false	1.0
lasch	neg 1.0		__DUMMY__ 0.890720288385598 off 0.05837384709674206 neg 0.0509058645176599	false	0.5
rivale	neg 1.0		__DUMMY__ 0.8935246072569343 off 0.06162498245236894 neg 0.04485041029069667	false	0.5
mutlos	off 1.0	off 1.0	off 0.5093544289352552 __DUMMY__ 0.45035839522100063 neg 0.04028717584374417	false	1.0
wirr	off 1.0		__DUMMY__ 0.8880109314971517 off 0.06206623719072683 neg 0.04992283131212144	false	1.0
jahr			__DUMMY__ 0.901661450259516 off 0.049740436115549014 neg 0.04859811362493496	false	0.0
wird			__DUMMY__ 0.8973754670744903 off 0.05214370285155745 neg 0.0504808300739522	false	0.0
strafbar	neg 1.0		__DUMMY__ 0.8961837139857939 off 0.05200548114632122 neg 0.051810804867884884	false	0.5
erosion	neg 1.0		__DUMMY__ 0.8972834213941043 off 0.0553213970554679 neg 0.04739518155042771	false	0.5
eingehen	neg 1.0		__DUMMY__ 0.8949629341334574 off 0.05276793034551652 neg 0.05226913552102619	false	0.5
faul	off 1.0		__DUMMY__ 0.8953932987316529 off 0.05833872021315949 neg 0.04626798105518767	false	1.0
provisorium	neg 1.0		__DUMMY__ 0.9048842640895594 neg 0.0511313895229726 off 0.043984346387468023	false	1.0
schmerzen	neg 1.0		__DUMMY__ 0.8970485327109702 off 0.05441858567129981 neg 0.04853288161773012	false	0.5
schrumpfen	neg 1.0		__DUMMY__ 0.8999323517416942 neg 0.053652729444517835 off 0.04641491881378794	false	1.0
geistlos	off 1.0		__DUMMY__ 0.8896284680496871 off 0.05752836533003972 neg 0.052843166620273156	false	1.0
fehlkauf	neg 1.0		__DUMMY__ 0.8942944680853847 off 0.05648322504217979 neg 0.049222306872435395	false	0.5
frustrierend	neg 1.0		__DUMMY__ 0.8948950460672143 off 0.0584988720643814 neg 0.04660608186840428	false	0.5
unzufrieden	neg 1.0		__DUMMY__ 0.8952831764364328 off 0.05325177353553755 neg 0.0514650500280296	false	0.5
verzweifeln	neg 1.0		__DUMMY__ 0.8962827722698616 off 0.05461146848217807 neg 0.049105759247960304	false	0.5
verzweifelt	neg 1.0		__DUMMY__ 0.8945279721678911 off 0.05642181990534014 neg 0.0490502079267688	false	0.5
misstrauensantrag	neg 1.0		__DUMMY__ 0.8940754727749514 off 0.05682459909555158 neg 0.04909992812949705	false	0.5
abfallen	neg 1.0		__DUMMY__ 0.8978070204260234 off 0.05575083486809604 neg 0.04644214470588055	false	0.5
fucker	off 1.0		__DUMMY__ 0.8903638255963539 off 0.06137613774130904 neg 0.048260036662337205	false	1.0
ungezogen	neg 1.0		__DUMMY__ 0.8878671836367217 off 0.06769384512121797 neg 0.04443897124206033	false	0.5
irrsinnig	neg 1.0	neg 1.0	neg 0.5080456113294147 __DUMMY__ 0.4494378977669179 off 0.042516490903667464	false	1.0
unfassbar	neg 1.0		__DUMMY__ 0.8914138122473609 off 0.059975059893168835 neg 0.04861112785947019	false	0.5
hart	neg 1.0		__DUMMY__ 0.8942329298227185 off 0.05779132748049945 neg 0.04797574269678206	false	0.5
widerlich	off 1.0		__DUMMY__ 0.8902826443662962 off 0.06084966141695789 neg 0.04886769421674586	false	1.0
fatal	neg 1.0		__DUMMY__ 0.8941752944986494 off 0.056799896709514804 neg 0.049024808791835656	false	0.5
bruch	neg 1.0		__DUMMY__ 0.8994309097393937 neg 0.051477192531448945 off 0.04909189772915743	false	1.0
aushungern	neg 1.0		__DUMMY__ 0.8943098429817521 off 0.05428190159295699 neg 0.05140825542529103	false	0.5
anspannung	neg 1.0	neg 1.0	neg 0.5044513769734412 __DUMMY__ 0.46009018470857943 off 0.03545843831797928	false	1.0
von			__DUMMY__ 0.9018182677634065 off 0.04917104178069912 neg 0.04901069045589441	false	0.0
kraftlos	neg 1.0		__DUMMY__ 0.9004456448416641 off 0.05301395331477709 neg 0.04654040184355884	false	0.5
vom			__DUMMY__ 0.9065033828959617 neg 0.049051995996128965 off 0.04444462110790945	false	0.0
grenzdebil	off 1.0		__DUMMY__ 0.8920360332953428 off 0.06082868780260546 neg 0.04713527890205185	false	1.0
vor			__DUMMY__ 0.9002931035933405 off 0.04996126534522278 neg 0.04974563106143679	false	0.0
unterwerfen	neg 1.0		__DUMMY__ 0.8973270457955831 off 0.05175582124224649 neg 0.05091713296217048	false	0.5
versenkung	neg 1.0		__DUMMY__ 0.8977748509702612 off 0.05159648905666573 neg 0.05062865997307306	false	0.5
entziehen	neg 1.0		__DUMMY__ 0.8989436287053785 neg 0.051622449471978714 off 0.049433921822642786	false	1.0
finanzkrise	neg 1.0		__DUMMY__ 0.8937727877424839 off 0.05404450315625629 neg 0.05218270910125975	false	0.5
schimpfend	neg 1.0		__DUMMY__ 0.8986434351489563 off 0.05540197321276625 neg 0.04595459163827751	false	0.5
profan	neg 1.0		__DUMMY__ 0.8940215612973139 off 0.057482940056745854 neg 0.04849549864594035	false	0.5
korruption	neg 1.0		__DUMMY__ 0.8942267443227784 neg 0.05313002408970518 off 0.052643231587516576	false	1.0
â			__DUMMY__ 0.8981481194733366 off 0.05184569214795604 neg 0.05000618837870733	false	0.0
schmutzig	neg 1.0		__DUMMY__ 0.8938471044959453 off 0.060307607347756885 neg 0.04584528815629788	false	0.5
sexy	neg 1.0		__DUMMY__ 0.8940236602025264 off 0.05806674056732253 neg 0.047909599230151007	false	0.5
abraten	neg 1.0		__DUMMY__ 0.8943331606487311 off 0.056516210416702156 neg 0.04915062893456661	false	0.5
schwarz	neg 1.0		__DUMMY__ 0.8940587278986966 off 0.05623107258426403 neg 0.04971019951703938	false	0.5
fotze	off 1.0		__DUMMY__ 0.8967247975472623 neg 0.051699839928829525 off 0.05157536252390809	false	0.5
verwirren	neg 1.0		__DUMMY__ 0.893776966545899 off 0.05773723102033492 neg 0.04848580243376611	false	0.5
zahnlos	off 1.0		__DUMMY__ 0.8951718008921216 off 0.053285171294462245 neg 0.05154302781341616	false	1.0
verheeren	neg 1.0		__DUMMY__ 0.8888377011287661 off 0.06873429777346553 neg 0.04242800109776821	false	0.5
hippie	neg 1.0		__DUMMY__ 0.8936963443789145 off 0.05768482380869449 neg 0.048618831812390996	false	0.5
rammen	neg 1.0		__DUMMY__ 0.8970146804431367 off 0.05521306363898518 neg 0.04777225591787809	false	0.5
unlauter	neg 1.0		__DUMMY__ 0.8899112630365467 off 0.05539892667257998 neg 0.054689810290873296	false	0.5
unheilvoll	neg 1.0		__DUMMY__ 0.8973227000591246 off 0.056712333221526905 neg 0.04596496671934857	false	0.5
niedrig	neg 1.0		__DUMMY__ 0.9004500762595953 off 0.05066846408044874 neg 0.04888145965995594	false	0.5
explosion	neg 1.0		__DUMMY__ 0.89382766876765 off 0.057096875372061644 neg 0.0490754558602883	false	0.5
weichei	off 1.0		__DUMMY__ 0.8885174227073462 off 0.06507764651008781 neg 0.04640493078256591	false	1.0
minusmensch	off 1.0		__DUMMY__ 0.8818467245370643 off 0.06878090335048231 neg 0.04937237211245351	false	1.0
farblos	neg 1.0		__DUMMY__ 0.9013117054184577 off 0.05345168435923948 neg 0.04523661022230286	false	0.5
unwissend	neg 1.0	neg 1.0	neg 0.5072887433284917 __DUMMY__ 0.44740099937381483 off 0.04531025729769347	false	1.0
traurig	neg 1.0		__DUMMY__ 0.8911721913980992 off 0.06250699068312374 neg 0.04632081791877708	false	0.5
senkung	neg 1.0		__DUMMY__ 0.8910821558770528 off 0.05723271555497962 neg 0.05168512856796772	false	0.5
ungleich	neg 1.0	neg 1.0	neg 0.5102543752088636 __DUMMY__ 0.4507196822789808 off 0.03902594251215554	false	1.0
heikel	neg 1.0		__DUMMY__ 0.8966145325737482 neg 0.052643864048298 off 0.050741603377953776	false	1.0
drosselung	neg 1.0		__DUMMY__ 0.8926514881156156 off 0.06019581505309909 neg 0.04715269683128528	false	0.5
falsch	neg 1.0		__DUMMY__ 0.8936598560295421 off 0.05868759619861319 neg 0.047652547771844675	false	0.5
unzufriedenheit	neg 1.0		__DUMMY__ 0.897590091040889 neg 0.05209041115999171 off 0.050319497799119234	false	1.0
kurz	neg 1.0		__DUMMY__ 0.8989555259030111 off 0.053297573777526905 neg 0.047746900319462084	false	0.5
unsinnig	neg 1.0		__DUMMY__ 0.8939028520600868 off 0.05367799482710954 neg 0.05241915311280373	false	0.5
penner	off 1.0	off 1.0	off 0.520814433049207 __DUMMY__ 0.4446917910412205 neg 0.034493775909572526	false	1.0
seicht	neg 1.0		__DUMMY__ 0.8846221417333798 off 0.0678577547991886 neg 0.04752010346743154	false	0.5
dummheit	off 1.0	off 1.0	off 0.5136794503335761 __DUMMY__ 0.44852304625707545 neg 0.037797503409348475	false	1.0
unerfreulich	neg 1.0		__DUMMY__ 0.8992135205722869 neg 0.05099838231309086 off 0.04978809711462225	false	1.0
motherfucker	off 1.0	off 1.0	off 0.5166014144923882 __DUMMY__ 0.4464093317030005 neg 0.03698925380461124	false	1.0
pikiert	neg 1.0		__DUMMY__ 0.8906110094119638 off 0.05988615481113424 neg 0.04950283577690202	false	0.5
wrack	neg 1.0		__DUMMY__ 0.8999368234206728 off 0.05092798165848532 neg 0.04913519492084174	false	0.5
gangster	neg 1.0		__DUMMY__ 0.8943714477541141 off 0.05728103250425289 neg 0.048347519741633004	false	0.5
krank	neg 1.0		__DUMMY__ 0.8937258184637169 off 0.06083738236442459 neg 0.04543679917185852	false	0.5
reich	neg 1.0		__DUMMY__ 0.8902853307324184 off 0.05854582421495073 neg 0.05116884505263084	false	0.5
gnadenlos	neg 1.0		__DUMMY__ 0.8954267615156032 off 0.05587835776922415 neg 0.04869488071517268	false	0.5
niedergeschlagen	neg 1.0		__DUMMY__ 0.8992965563208224 off 0.05371726454635846 neg 0.04698617913281909	false	0.5
terrorisieren	off 1.0	off 1.0	off 0.5096023376369444 __DUMMY__ 0.4525693525584495 neg 0.037828309804606094	false	1.0
sinnlosigkeit	neg 1.0		__DUMMY__ 0.8957535588233693 off 0.05332984804440641 neg 0.05091659313222439	false	0.5
behindern	neg 1.0		__DUMMY__ 0.8950835663022808 off 0.05410641999176997 neg 0.05081001370594916	false	0.5
undemokratisch	neg 1.0		__DUMMY__ 0.8918271937268081 off 0.055913168034612465 neg 0.05225963823857944	false	0.5
wirtschaftskrise	neg 1.0		__DUMMY__ 0.8956870750858301 neg 0.0522099365549861 off 0.05210298835918376	false	1.0
neid	neg 1.0		__DUMMY__ 0.8960068050832466 off 0.059034220688108936 neg 0.044958974228644415	false	0.5
rutschen	neg 1.0		__DUMMY__ 0.904385799132802 off 0.048180027597932315 neg 0.04743417326926571	false	0.5
rezession	neg 1.0		__DUMMY__ 0.8883546316504977 off 0.06340506151015642 neg 0.048240306839346006	false	0.5
fehlgeburt	neg 1.0		__DUMMY__ 0.898139718586678 off 0.05654072229407297 neg 0.04531955911924903	false	0.5
charakterschwach	off 1.0		__DUMMY__ 0.8917593831310111 off 0.06061483502689185 neg 0.04762578184209702	false	1.0
isolation	neg 1.0		__DUMMY__ 0.8945774010505342 off 0.058371183908724526 neg 0.04705141504074128	false	0.5
ablenkung	neg 1.0		__DUMMY__ 0.8959371981283715 off 0.0552031225414225 neg 0.04885967933020604	false	0.5
pech	neg 1.0		__DUMMY__ 0.8949534258546937 off 0.0579819204445077 neg 0.04706465370079862	false	0.5
vermeidung	neg 1.0		__DUMMY__ 0.8901946205008103 off 0.06051981538818372 neg 0.049285564111005924	false	0.5
dominieren	neg 1.0		__DUMMY__ 0.9004886302477868 off 0.05183436637475295 neg 0.04767700337746026	false	0.5
schwindlig	neg 1.0		__DUMMY__ 0.8992452799617158 off 0.05673607464629986 neg 0.044018645391984475	false	0.5
lutscher	neg 1.0		__DUMMY__ 0.8850028735774496 off 0.06826326512972765 neg 0.04673386129282278	false	0.5
pflicht	neg 1.0		__DUMMY__ 0.8968433532050312 neg 0.052403139248010495 off 0.05075350754695838	false	1.0
faschist	off 1.0		__DUMMY__ 0.8906887774402737 off 0.0578331304160177 neg 0.051478092143708486	false	1.0
verschleudern	neg 1.0		__DUMMY__ 0.8928599126068012 neg 0.05574412235576203 off 0.05139596503743676	false	1.0
wenn			__DUMMY__ 0.8933126823715435 off 0.05890442980692439 neg 0.04778288782153203	false	0.0
ehebruch	neg 1.0		__DUMMY__ 0.896898977008106 off 0.052329752083172094 neg 0.05077127090872201	false	0.5
spott	off 1.0		__DUMMY__ 0.8956670650173014 neg 0.05245639835734962 off 0.051876536625348975	false	0.5
trostlosigkeit	neg 1.0		__DUMMY__ 0.8993740544704035 neg 0.0510775457639715 off 0.04954839976562496	false	1.0
lutschen	neg 1.0		__DUMMY__ 0.8934735962074014 off 0.05716562553351866 neg 0.04936077825907982	false	0.5
undiszipliniert	neg 1.0		__DUMMY__ 0.8924380959907253 off 0.061710517906728726 neg 0.04585138610254592	false	0.5
kopfschmerz	neg 1.0		__DUMMY__ 0.8997315371464689 off 0.05319677767618648 neg 0.04707168517734472	false	0.5
unvorhergesehen	neg 1.0		__DUMMY__ 0.9019332943466591 off 0.051181684008186165 neg 0.04688502164515475	false	0.5
desinteressiert	neg 1.0		__DUMMY__ 0.8904893145687789 off 0.061674520123799086 neg 0.047836165307422074	false	0.5
armselig	off 1.0		__DUMMY__ 0.8881915294888953 off 0.06265092017302235 neg 0.04915755033808231	false	1.0
desaster	neg 1.0		__DUMMY__ 0.8979147772479831 neg 0.05347139256731399 off 0.04861383018470289	false	1.0
tod	neg 1.0		__DUMMY__ 0.9004140866250203 off 0.05180172079035846 neg 0.04778419258462111	false	0.5
herzlos	neg 1.0		__DUMMY__ 0.8896190395569715 off 0.06298421103875837 neg 0.047396749404270105	false	0.5
unwissenheit	neg 1.0		__DUMMY__ 0.8938291919255013 off 0.0531538337879555 neg 0.05301697428654324	false	0.5
widersinnig	neg 1.0	neg 1.0	neg 0.5117875294000793 __DUMMY__ 0.4475550649848952 off 0.04065740561502548	false	1.0
bedenklich	neg 1.0		__DUMMY__ 0.895870033029931 neg 0.05207514276395254 off 0.05205482420611653	false	1.0
beanstanden	neg 1.0		__DUMMY__ 0.8974629525107447 neg 0.05240028343217663 off 0.050136764057078696	false	1.0
panisch	neg 1.0	neg 1.0	neg 0.5030367856810487 __DUMMY__ 0.4536409508304097 off 0.04332226348854156	false	1.0
debil	off 1.0		__DUMMY__ 0.9018709663088799 neg 0.05273983893145697 off 0.04538919475966316	false	0.5
abstrich	neg 1.0		__DUMMY__ 0.8962211667030183 neg 0.05248940692922035 off 0.05128942636776134	false	1.0
primitiv	neg 1.0		__DUMMY__ 0.8903573237174227 off 0.06125832343239203 neg 0.048384352850185275	false	0.5
abschaum	off 1.0	off 1.0	off 0.5151755733671481 __DUMMY__ 0.4478836152539221 neg 0.036940811378929815	false	1.0
provozieren	neg 1.0		__DUMMY__ 0.8943781901986555 off 0.05572360580082019 neg 0.04989820400052427	false	0.5
tot	neg 1.0		__DUMMY__ 0.8958504539309878 neg 0.05311403659522337 off 0.05103550947378876	false	1.0
instabil	neg 1.0		__DUMMY__ 0.887400609441484 off 0.060937766089171154 neg 0.05166162446934478	false	0.5
schwuchtel	off 1.0		__DUMMY__ 0.8825735041684869 off 0.07257460541964243 neg 0.04485189041187065	false	1.0
zerren	neg 1.0		__DUMMY__ 0.89908529145129 off 0.05393419284842142 neg 0.0469805157002885	false	0.5
kinderficker	off 1.0		__DUMMY__ 0.8857889638022204 off 0.06485702962332206 neg 0.049354006574457585	false	1.0
gefahr	neg 1.0		__DUMMY__ 0.8992281853383218 off 0.050447964888199415 neg 0.05032384977347885	false	0.5
rabiat	neg 1.0		__DUMMY__ 0.8947118328899627 off 0.05512279472179335 neg 0.05016537238824382	false	0.5
verlangsamung	neg 1.0		__DUMMY__ 0.8881919697448278 off 0.06641663643014753 neg 0.045391393825024724	false	0.5
ausgestorben	neg 1.0		__DUMMY__ 0.8975519719074873 off 0.05446576627912895 neg 0.047982261813383775	false	0.5
anklagen	neg 1.0		__DUMMY__ 0.8959297708937007 off 0.053592206256218584 neg 0.050478022850080725	false	0.5
trott	neg 1.0		__DUMMY__ 0.8965788849891512 off 0.05430987859478704 neg 0.04911123641606189	false	0.5
verminderung	neg 1.0		__DUMMY__ 0.8895003897149565 off 0.061176076670588934 neg 0.04932353361445457	false	0.5
nach			__DUMMY__ 0.9069345131384318 off 0.046791628794999006 neg 0.046273858066569154	false	0.0
rost	neg 1.0		__DUMMY__ 0.889745096667057 off 0.06506183383381466 neg 0.04519306949912838	false	0.5
destruktiv	neg 1.0		__DUMMY__ 0.892593444572791 off 0.05475387321130326 neg 0.05265268221590566	false	0.5
unzumutbarkeit	neg 1.0		__DUMMY__ 0.8938229371593058 off 0.058973459755010886 neg 0.04720360308568327	false	0.5
labil	off 1.0	off 1.0	off 0.5151231419155171 __DUMMY__ 0.44786486453951985 neg 0.037011993544963095	false	1.0
ziemlich	neg 1.0		__DUMMY__ 0.8931574801907971 off 0.06029691071027379 neg 0.046545609098929	false	0.5
lachnummer	off 1.0		__DUMMY__ 0.8937784683036639 off 0.0550509949436995 neg 0.05117053675263663	false	1.0
oder			__DUMMY__ 0.896869702782323 off 0.05500020685814008 neg 0.04813009035953691	false	0.0
verfall	neg 1.0		__DUMMY__ 0.9003443023802844 neg 0.05322174911085036 off 0.04643394850886528	false	1.0
ausgrenzung	neg 1.0		__DUMMY__ 0.8923942451087773 off 0.0565655124345459 neg 0.05104024245667682	false	0.5
unordnung	neg 1.0		__DUMMY__ 0.8935856759455352 off 0.05961310461310601 neg 0.04680121944135877	false	0.5
fehlverhalten	neg 1.0		__DUMMY__ 0.8968604928984291 neg 0.05209103588958768 off 0.05104847121198316	false	1.0
eine			__DUMMY__ 0.8985675218946091 neg 0.05124881880430905 off 0.05018365930108194	false	0.0
nille	neg 1.0		__DUMMY__ 0.8960178617026493 off 0.05400026040161256 neg 0.04998187789573811	false	0.5
qual	neg 1.0		__DUMMY__ 0.8965082528734702 off 0.054176990673929844 neg 0.0493147564525999	false	0.5
verschwenden	neg 1.0		__DUMMY__ 0.8963201097564022 off 0.05234668246042744 neg 0.05133320778317047	false	0.5
riesig	neg 1.0	neg 1.0	neg 0.5058421199755385 __DUMMY__ 0.45490848435211717 off 0.039249395672344214	false	1.0
verurteilen	neg 1.0		__DUMMY__ 0.8960043821344265 off 0.053257792337887515 neg 0.05073782552768607	false	0.5
klischee	neg 1.0	neg 1.0	neg 0.5082307855007889 __DUMMY__ 0.4474736831097712 off 0.04429553138943989	false	1.0
diktatorisch	neg 1.0		__DUMMY__ 0.8908845898642719 off 0.056472457425727186 neg 0.052642952710000974	false	0.5
vorhersehbar	neg 1.0	neg 1.0	neg 0.5075033551902326 __DUMMY__ 0.4486184563350116 off 0.043878188474755955	false	1.0
sowie			__DUMMY__ 0.888144866399515 off 0.06471657976929149 neg 0.04713855383119358	false	0.0
stornieren	neg 1.0		__DUMMY__ 0.8995940728777683 off 0.055348836550327025 neg 0.0450570905719048	false	0.5
besteuerung	neg 1.0		__DUMMY__ 0.8916648277854168 off 0.05530945873673685 neg 0.05302571347784636	false	0.5
ungeschminkt	neg 1.0		__DUMMY__ 0.8913595012791141 off 0.06022367237944642 neg 0.048416826341439456	false	0.5
kritisch	neg 1.0		__DUMMY__ 0.8956673565531715 neg 0.052391828124873925 off 0.05194081532195458	false	1.0
schlamperei	off 1.0		__DUMMY__ 0.8957919711025456 neg 0.05323109534514326 off 0.050976933552311206	false	0.5
sucht	neg 1.0	neg 1.0	neg 0.5058343242100445 __DUMMY__ 0.45290579951100585 off 0.04125987627894959	false	1.0
egoistisch	off 1.0		__DUMMY__ 0.8890767955394874 off 0.06517059040842327 neg 0.04575261405208942	false	1.0
ausbeuter	off 1.0		__DUMMY__ 0.8955577871217759 neg 0.05352409441259848 off 0.05091811846562551	false	0.5
arschgeburt	off 1.0		__DUMMY__ 0.8817697792677255 off 0.07284752419526136 neg 0.04538269653701307	false	1.0
schubs	neg 1.0	neg 1.0	neg 0.5054437907981594 __DUMMY__ 0.45476142280108073 off 0.03979478640075984	false	1.0
unsolide	neg 1.0		__DUMMY__ 0.8874452211908327 off 0.05680649636879521 neg 0.055748282440372006	false	0.5
beschwerde	neg 1.0		__DUMMY__ 0.8961755617257227 neg 0.052744139163838265 off 0.05108029911043916	false	1.0
stocken	neg 1.0		__DUMMY__ 0.8980694231093671 off 0.05162306481800385 neg 0.05030751207262896	false	0.5
isolieren	neg 1.0		__DUMMY__ 0.8969985410184148 off 0.052636328640846795 neg 0.05036513034073844	false	0.5
unheilbar	neg 1.0		__DUMMY__ 0.8984055168837621 off 0.05556550989682321 neg 0.04602897321941472	false	0.5
pisser	off 1.0		__DUMMY__ 0.8923646649400228 off 0.061459737486730386 neg 0.04617559757324687	false	1.0
löschen	neg 1.0		__DUMMY__ 0.896044495278859 off 0.05480786487379732 neg 0.049147639847343695	false	0.5
durchfallen	neg 1.0		__DUMMY__ 0.8944170757689845 off 0.05305853703375837 neg 0.05252438719725706	false	0.5
wichser	off 1.0		__DUMMY__ 0.8863078236297215 off 0.06943492188236691 neg 0.04425725448791169	false	1.0
terror	neg 1.0		__DUMMY__ 0.8958636704355996 off 0.05714286271699341 neg 0.04699346684740701	false	0.5
krass	neg 1.0		__DUMMY__ 0.889740348561758 off 0.06311934734522595 neg 0.04714030409301607	false	0.5
revolte	neg 1.0		__DUMMY__ 0.8922264021857167 off 0.057035123046302295 neg 0.05073847476798113	false	0.5
besorgt	neg 1.0		__DUMMY__ 0.9001386522877696 off 0.053069430032317184 neg 0.04679191767991316	false	0.5
nachlassen	neg 1.0		__DUMMY__ 0.8986862994272409 off 0.05101380016074392 neg 0.050299900412015305	false	0.5
alt	neg 1.0		__DUMMY__ 0.8986238404887075 off 0.051593233331735856 neg 0.049782926179556694	false	0.5
hundesohn	off 1.0		__DUMMY__ 0.8848951025431614 off 0.06833524510788395 neg 0.0467696523489547	false	1.0
als			__DUMMY__ 0.8982497823534485 off 0.05329091749622342 neg 0.04845930015032805	false	0.0
abschreckung	neg 1.0		__DUMMY__ 0.8989687934212275 neg 0.05130535518492771 off 0.04972585139384481	false	1.0
unqualifiziert	neg 1.0		__DUMMY__ 0.8891939738994733 off 0.05816727759948065 neg 0.052638748501046044	false	0.5
abgewichst	off 1.0		__DUMMY__ 0.896732768006769 off 0.05331891827412445 neg 0.0499483137191065	false	1.0
schwer	neg 1.0		__DUMMY__ 0.8964622258994065 off 0.054931145759572225 neg 0.04860662834102121	false	0.5
bedeutungslosigkeit	neg 1.0		__DUMMY__ 0.8976076149188275 neg 0.05186595240072522 off 0.05052643268044735	false	1.0
kapitulation	neg 1.0		__DUMMY__ 0.8948357743041148 neg 0.053342032651543414 off 0.05182219304434181	false	1.0
unscharf	neg 1.0		__DUMMY__ 0.8941103603954257 off 0.05656304377328286 neg 0.04932659583129135	false	0.5
schwinden	neg 1.0		__DUMMY__ 0.8986384288566467 neg 0.05103634334973797 off 0.05032522779361535	false	1.0
versklavung	neg 1.0		__DUMMY__ 0.8917061830577676 off 0.05604757800735136 neg 0.052246238934880965	false	0.5
schlecht	neg 1.0		__DUMMY__ 0.8934252890172542 off 0.060451457019281334 neg 0.04612325396346447	false	0.5
verhasst	neg 1.0		__DUMMY__ 0.894376508018709 off 0.0560651903726199 neg 0.049558301608671175	false	0.5
beschweren	neg 1.0		__DUMMY__ 0.8946241994442615 off 0.05671741105101011 neg 0.04865838950472841	false	0.5
scheiden	neg 1.0		__DUMMY__ 0.8994279876399623 off 0.05478170693350202 neg 0.04579030542653565	false	0.5
frustriert	neg 1.0		__DUMMY__ 0.8966066498803203 off 0.0540288902328097 neg 0.049364459886870014	false	0.5
schimmelig	neg 1.0		__DUMMY__ 0.8997484754502523 off 0.05085216901219187 neg 0.04939935553755585	false	0.5
fisch	neg 1.0		__DUMMY__ 0.9018452139276734 off 0.049591152539970436 neg 0.04856363353235631	false	0.5
schmuggel	neg 1.0		__DUMMY__ 0.9023935626807426 off 0.050278134000792944 neg 0.04732830331846457	false	0.5
auffallen	neg 1.0		__DUMMY__ 0.8944216653204368 off 0.057266840024630915 neg 0.04831149465493233	false	0.5
konkurrenz	neg 1.0	neg 1.0	neg 0.5089237319903405 __DUMMY__ 0.4535522212048616 off 0.03752404680479798	false	1.0
teufelskreis	neg 1.0		__DUMMY__ 0.8961861612318672 off 0.05455206921328995 neg 0.04926176955484287	false	0.5
aufschreien	neg 1.0		__DUMMY__ 0.8933498510228072 off 0.05721804554788679 neg 0.04943210342930608	false	0.5
schuldner	neg 1.0		__DUMMY__ 0.8982013512296999 neg 0.051270369647757365 off 0.0505282791225427	false	1.0
missgeburt	off 1.0	off 1.0	off 0.519099072034765 __DUMMY__ 0.44551499710551123 neg 0.0353859308597237	false	1.0
arbeitslos	neg 1.0		__DUMMY__ 0.8945595661100284 off 0.05334769254004177 neg 0.052092741349929805	false	0.5
befallen	neg 1.0		__DUMMY__ 0.8969122115300752 off 0.05354824927791174 neg 0.04953953919201303	false	0.5
miesepetrig	off 1.0	off 1.0	off 0.515557764918585 __DUMMY__ 0.4494999308989059 neg 0.034942304182509314	false	1.0
alarmieren	neg 1.0		__DUMMY__ 0.891712060574724 off 0.059230263646356175 neg 0.04905767577891983	false	0.5
ungeduscht	off 1.0		__DUMMY__ 0.8953226340308156 off 0.057700788273988904 neg 0.04697657769519555	false	1.0
knappheit	neg 1.0		__DUMMY__ 0.895021166271502 neg 0.053317818595490764 off 0.051661015133007276	false	1.0
schlange	neg 1.0		__DUMMY__ 0.8977598632192699 off 0.05644822775064903 neg 0.04579190903008104	false	0.5
harsch	neg 1.0		__DUMMY__ 0.8917681529499291 off 0.06383070490953519 neg 0.044401142140535726	false	0.5
lang	neg 1.0		__DUMMY__ 0.8961883787775513 off 0.055202328084732535 neg 0.04860929313771617	false	0.5
ziellos	neg 1.0		__DUMMY__ 0.8994471089587834 off 0.05276398543245023 neg 0.04778890560876631	false	0.5
selbstverliebt	neg 1.0		__DUMMY__ 0.883173641225366 off 0.07035954322869359 neg 0.0464668155459405	false	0.5
beseitigen	neg 1.0		__DUMMY__ 0.8962617265557566 off 0.05393333146687083 neg 0.049804941977372605	false	0.5
dumm	off 1.0		__DUMMY__ 0.887204121727613 off 0.066005384501465 neg 0.046790493770922044	false	1.0
arbeitsloser	neg 1.0		__DUMMY__ 0.8972804828458426 off 0.052610318097474365 neg 0.050109199056683075	false	0.5
blitzen	neg 1.0		__DUMMY__ 0.894287892852467 off 0.05783319863621275 neg 0.04787890851132032	false	0.5
hilflos	neg 1.0		__DUMMY__ 0.897551070608648 off 0.05355956834172963 neg 0.04888936104962239	false	0.5
eklig	off 1.0		__DUMMY__ 0.8882995159914473 off 0.0665243786084397 neg 0.045176105400112965	false	1.0
begriff			__DUMMY__ 0.8946796592296843 off 0.053985692865547406 neg 0.05133464790476824	false	0.0
hungersnot	neg 1.0		__DUMMY__ 0.8980260537900737 off 0.053426241280726657 neg 0.048547704929199596	false	0.5
ungesetzlich	neg 1.0		__DUMMY__ 0.8885383685700361 off 0.05725191238729105 neg 0.05420971904267283	false	0.5
verschwendung	neg 1.0		__DUMMY__ 0.8976115404038589 off 0.05131820698403485 neg 0.05107025261210628	false	0.5
schmerzvoll	neg 1.0		__DUMMY__ 0.8952980434154842 off 0.05661659525614737 neg 0.04808536132836837	false	0.5
vorzeitig	neg 1.0		__DUMMY__ 0.8965539388680223 off 0.05766446903632897 neg 0.045781592095648777	false	0.5
unvollkommenheit	neg 1.0		__DUMMY__ 0.9025643669417959 off 0.052584209139771056 neg 0.04485142391843307	false	0.5
intervenieren	neg 1.0		__DUMMY__ 0.8952181152083866 neg 0.0535985260655698 off 0.05118335872604363	false	1.0
banause	off 1.0		__DUMMY__ 0.8850402903388065 off 0.06837018449429355 neg 0.046589525166899896	false	1.0
rebell	neg 1.0		__DUMMY__ 0.8998378674593401 neg 0.05226596849083395 off 0.047896164049825996	false	1.0
unlogisch	neg 1.0		__DUMMY__ 0.8899479708440142 off 0.06267805471678145 neg 0.047373974439204346	false	0.5
leiden	neg 1.0		__DUMMY__ 0.9035334867225558 off 0.05034010834683167 neg 0.046126404930612465	false	0.5
abschaffung	neg 1.0		__DUMMY__ 0.8919517970883234 off 0.05541194100656145 neg 0.052636261905115146	false	0.5
sturz	neg 1.0		__DUMMY__ 0.8978383687097505 off 0.05482913136768853 neg 0.04733249992256097	false	0.5
verkleinerung	neg 1.0		__DUMMY__ 0.8901245854302406 off 0.05770301597920145 neg 0.05217239859055781	false	0.5
schmarotzer	off 1.0		__DUMMY__ 0.8939772063588698 off 0.05323427297032286 neg 0.052788520670807276	false	1.0
bestrafung	neg 1.0		__DUMMY__ 0.8946013155462257 off 0.05635479042502314 neg 0.0490438940287512	false	0.5
achtlos	neg 1.0		__DUMMY__ 0.8977133045053692 off 0.05480184686842827 neg 0.047484848626202426	false	0.5
ungeheuer	neg 1.0		__DUMMY__ 0.8945431171558278 off 0.05762612648308236 neg 0.04783075636108982	false	0.5
