unsolidarisch	neg 1.0		off 0.49652660771935236 neg 0.46015294480241786 __DUMMY__ 0.043320447478229704	false	0.5
nachteilig	neg 1.0		off 0.4961810481410611 neg 0.4599970499942159 __DUMMY__ 0.043821901864722936	false	0.5
skeptisch	neg 1.0		off 0.49559583102192734 neg 0.4605327158729917 __DUMMY__ 0.0438714531050809	false	0.5
schrecklich	neg 1.0		off 0.5102639760747847 neg 0.44639264729907246 __DUMMY__ 0.043343376626142946	false	0.5
schlapp	neg 1.0		off 0.5071564751512854 neg 0.4492058085541558 __DUMMY__ 0.043637716294558905	false	0.5
abfall	neg 1.0		off 0.49418705798244905 neg 0.4617342666610607 __DUMMY__ 0.044078675356490106	false	0.5
widerspenstig	neg 1.0		off 0.5018415134242588 neg 0.4543634705537757 __DUMMY__ 0.04379501602196556	false	0.5
abrupt	neg 1.0		off 0.4983870132072692 neg 0.45755372042366155 __DUMMY__ 0.044059266369069185	false	0.5
unwirksam	neg 1.0		off 0.4976160192082082 neg 0.45897007171924137 __DUMMY__ 0.04341390907255053	false	0.5
angreifen	neg 1.0	neg 1.0	neg 0.7148328681246052 off 0.2640890483248198 __DUMMY__ 0.021078083550574965	false	1.0
inkonsistent	neg 1.0		off 0.5016600366758903 neg 0.4546664631739505 __DUMMY__ 0.043673500150159125	false	0.5
abrutschen	neg 1.0		off 0.49448840053301985 neg 0.46144588841655937 __DUMMY__ 0.04406571105042085	false	0.5
unsicher	neg 1.0		off 0.5021832550668268 neg 0.4539783211817316 __DUMMY__ 0.04383842375144147	false	0.5
bauernkind	off 1.0	off 1.0	off 0.7403704491053266 neg 0.23895831396008707 __DUMMY__ 0.02067123693458634	false	1.0
angreifer	neg 1.0		off 0.5037436058261402 neg 0.4524240031098323 __DUMMY__ 0.04383239106402741	false	0.5
trennen	neg 1.0		off 0.4997013633918303 neg 0.4561329610974875 __DUMMY__ 0.04416567551068208	false	0.5
schmutz	neg 1.0		off 0.5080228622581698 neg 0.4477845578112853 __DUMMY__ 0.044192579930544915	false	0.5
inkonsistenz	neg 1.0		off 0.5023534270102725 neg 0.45434490577857856 __DUMMY__ 0.043301667211148906	false	0.5
erschreckend	neg 1.0		off 0.4993343166706022 neg 0.45695189343532994 __DUMMY__ 0.043713789894068066	false	0.5
ertrinken	neg 1.0		off 0.4999466085265902 neg 0.4559650725143089 __DUMMY__ 0.044088318959100974	false	0.5
pickelface	off 1.0		off 0.4984792549601257 neg 0.4577678993902401 __DUMMY__ 0.0437528456496341	false	1.0
seiner			off 0.4976991161404059 neg 0.4582819749458131 __DUMMY__ 0.044018908913781095	false	0.0
lauch	neg 1.0		off 0.49271253889407984 neg 0.4634075368485812 __DUMMY__ 0.04387992425733881	false	0.5
unwichtig	neg 1.0		off 0.5052252584815192 neg 0.4512779735724149 __DUMMY__ 0.04349676794606603	false	0.5
steuerhinterziehung	neg 1.0		off 0.49735463659152873 neg 0.4590285231571 __DUMMY__ 0.04361684025137125	false	0.5
schock	neg 1.0		off 0.5029447328962994 neg 0.45301927421918564 __DUMMY__ 0.044035992884514936	false	0.5
beule	neg 1.0		off 0.5078940358183716 neg 0.44843989963615366 __DUMMY__ 0.04366606454547462	false	0.5
vergelten	neg 1.0		off 0.5113152417442022 neg 0.44503715333131333 __DUMMY__ 0.04364760492448463	false	0.5
verdorbenheit	neg 1.0		off 0.5009508046676993 neg 0.45525761832082307 __DUMMY__ 0.04379157701147775	false	0.5
trauma	neg 1.0		off 0.5020886393538353 neg 0.4541996841528324 __DUMMY__ 0.04371167649333226	false	0.5
sinnlos	neg 1.0		off 0.5042444982363165 neg 0.4520197867920743 __DUMMY__ 0.04373571497160915	false	0.5
fettsack	off 1.0	off 1.0	off 0.7422888568625019 neg 0.23696803280238585 __DUMMY__ 0.0207431103351123	false	1.0
feige	off 1.0	off 1.0	off 0.7388825114437437 neg 0.24030575265049292 __DUMMY__ 0.020811735905763386	false	1.0
abdanken	neg 1.0		off 0.4988625144413918 neg 0.4574865318339565 __DUMMY__ 0.04365095372465165	false	0.5
wichtigtuer	off 1.0	off 1.0	off 0.7374554707699236 neg 0.24165508110648606 __DUMMY__ 0.0208894481235904	false	1.0
misslingen	neg 1.0		off 0.5054647185946313 neg 0.45048452522565297 __DUMMY__ 0.04405075617971573	false	0.5
untreu	off 1.0		off 0.5066151516575336 neg 0.4499204840239992 __DUMMY__ 0.0434643643184672	false	1.0
missmutig	neg 1.0		off 0.5063594737927934 neg 0.4500472357634929 __DUMMY__ 0.04359329044371347	false	0.5
hurenbock	off 1.0		off 0.5031479091187498 neg 0.4530948119171867 __DUMMY__ 0.04375727896406362	false	1.0
betrunken	neg 1.0		off 0.5104566931435734 neg 0.4459040944276808 __DUMMY__ 0.04363921242874576	false	0.5
korrupt	off 1.0		off 0.4951406419542845 neg 0.46137247374465684 __DUMMY__ 0.04348688430105869	false	1.0
unmut	neg 1.0		off 0.4934259187991532 neg 0.4625819429222672 __DUMMY__ 0.04399213827857966	false	0.5
hackfresse	off 1.0		off 0.5125870938330037 neg 0.44430659497279795 __DUMMY__ 0.0431063111941982	false	1.0
aufblasen	neg 1.0		off 0.5043067923579447 neg 0.4518323798949885 __DUMMY__ 0.04386082774706684	false	0.5
gewaltsam	neg 1.0		off 0.500593206981469 neg 0.4555942542218752 __DUMMY__ 0.04381253879665589	false	0.5
unbeliebtheit	neg 1.0		off 0.4996309096677761 neg 0.4573651069803984 __DUMMY__ 0.04300398335182549	false	0.5
sturheit	neg 1.0		off 0.4990634741932967 neg 0.4572448591345027 __DUMMY__ 0.043691666672200584	false	0.5
kuh	neg 1.0		off 0.5001279318895321 neg 0.456329849041258 __DUMMY__ 0.043542219069209916	false	0.5
erschrecken	neg 1.0		off 0.5059469802906668 neg 0.45040014047360993 __DUMMY__ 0.043652879235723197	false	0.5
opfer	neg 1.0		off 0.4988801377114181 neg 0.4571376611362157 __DUMMY__ 0.04398220115236621	false	0.5
sinken	neg 1.0		off 0.4940666748111097 neg 0.4619576117671472 __DUMMY__ 0.04397571342174302	false	0.5
stinktier	neg 1.0		off 0.5099117637399811 neg 0.44685899029057086 __DUMMY__ 0.043229245969447994	false	0.5
tucke	off 1.0		off 0.5105102261738415 neg 0.4466658951021801 __DUMMY__ 0.042823878723978574	false	1.0
ein			off 0.5028237367884002 neg 0.45337707449463127 __DUMMY__ 0.0437991887169687	false	0.0
abstieg	neg 1.0		off 0.49950061217576 neg 0.4563424008790845 __DUMMY__ 0.04415698694515562	false	0.5
missverstehen	neg 1.0		off 0.5025501522252669 neg 0.4539170859199437 __DUMMY__ 0.04353276185478949	false	0.5
ergebnislos	neg 1.0		off 0.49650853152260055 neg 0.45960968706141914 __DUMMY__ 0.04388178141598037	false	0.5
unter			off 0.4927771362581629 neg 0.46272611053299645 __DUMMY__ 0.04449675320884067	false	0.0
manipulieren	neg 1.0		off 0.49609576277288314 neg 0.4599966203174034 __DUMMY__ 0.04390761690971338	false	0.5
unbewiesen	neg 1.0		off 0.49673822955668223 neg 0.4599596306613497 __DUMMY__ 0.0433021397819679	false	0.5
verschleppen	neg 1.0		off 0.49848689420332193 neg 0.45765238731797814 __DUMMY__ 0.04386071847869989	false	0.5
weib	off 1.0		off 0.5127327663077554 neg 0.4441430106110977 __DUMMY__ 0.04312422308114692	false	1.0
opposition	neg 1.0		off 0.5017722717790951 neg 0.4546580224076502 __DUMMY__ 0.04356970581325467	false	0.5
verkehrswidrig	neg 1.0	neg 1.0	neg 0.7055151127463737 off 0.27342653936757433 __DUMMY__ 0.02105834788605196	false	1.0
inkorrekt	neg 1.0		off 0.5052858098070173 neg 0.45153854781099767 __DUMMY__ 0.04317564238198497	false	0.5
vermeiden	neg 1.0		off 0.49333437423201104 neg 0.46242170658803217 __DUMMY__ 0.044243919179956896	false	0.5
abweichung	neg 1.0		off 0.4958814194572711 neg 0.46036347888470647 __DUMMY__ 0.043755101658022405	false	0.5
alkoholisiert	neg 1.0		off 0.5007223719004663 neg 0.45494464358083164 __DUMMY__ 0.04433298451870195	false	0.5
scheiss	off 1.0	off 1.0	off 0.7401590578436618 neg 0.238929631538503 __DUMMY__ 0.0209113106178352	false	1.0
herausforderung	neg 1.0	neg 1.0	neg 0.7121804308026083 off 0.26649070976798667 __DUMMY__ 0.02132885942940509	false	1.0
pervers	off 1.0		off 0.5159680896349612 neg 0.44101022168369836 __DUMMY__ 0.04302168868134045	false	1.0
wackelig	neg 1.0		off 0.501598701503699 neg 0.45428974278423867 __DUMMY__ 0.044111555712062184	false	0.5
verwickeln	neg 1.0		off 0.5024279001224676 neg 0.45403680266772506 __DUMMY__ 0.04353529720980748	false	0.5
vorwand	neg 1.0		off 0.49555417759579606 neg 0.4604874118373407 __DUMMY__ 0.04395841056686322	false	0.5
muschi	off 1.0		off 0.4988682172891021 neg 0.4573927440799068 __DUMMY__ 0.043739038630990955	false	1.0
entmutigung	neg 1.0		off 0.5006961971467752 neg 0.4557883544688945 __DUMMY__ 0.04351544838433035	false	0.5
unangemessen	neg 1.0		off 0.4977858296385515 neg 0.4585383073415091 __DUMMY__ 0.04367586301993931	false	0.5
unstetig	neg 1.0		off 0.5029034738864986 neg 0.4533190903727935 __DUMMY__ 0.04377743574070794	false	0.5
entmutigen	neg 1.0		off 0.5020456506073624 neg 0.4543016922461148 __DUMMY__ 0.04365265714652293	false	0.5
schwanz	neg 1.0		off 0.49654896990093894 neg 0.45953878925007885 __DUMMY__ 0.043912240848982174	false	0.5
verbot	neg 1.0		off 0.4963774930507738 neg 0.4599730140094987 __DUMMY__ 0.04364949293972747	false	0.5
leid	neg 1.0		off 0.5119788551189259 neg 0.4446671323198529 __DUMMY__ 0.043354012561221025	false	0.5
archaisch	neg 1.0		off 0.49899260407408935 neg 0.4572018082156097 __DUMMY__ 0.04380558771030092	false	0.5
gegen			off 0.49596902710390467 neg 0.4599336633879 __DUMMY__ 0.044097309508195466	false	0.0
scheidung	neg 1.0		off 0.5195591898526529 neg 0.437503384841718 __DUMMY__ 0.04293742530562904	false	0.5
einschlag	neg 1.0	neg 1.0	neg 0.7081454275720336 off 0.27100564739452376 __DUMMY__ 0.020848925033442784	false	1.0
m			off 0.4998186915051883 neg 0.4562574809569584 __DUMMY__ 0.04392382753785335	false	0.0
abgestanden	neg 1.0		off 0.5036403071619752 neg 0.45248754929030255 __DUMMY__ 0.043872143547722287	false	0.5
schmierig	off 1.0		off 0.5116517549748508 neg 0.44495711563518847 __DUMMY__ 0.04339112938996072	false	1.0
unpraktisch	neg 1.0		off 0.5040297806992681 neg 0.4520874739697817 __DUMMY__ 0.04388274533095029	false	0.5
wixxer	off 1.0		off 0.5147650889958153 neg 0.44230141332424266 __DUMMY__ 0.04293349767994187	false	1.0
bezeichnet			off 0.4998730781113215 neg 0.45644240291236254 __DUMMY__ 0.04368451897631593	false	0.0
jammerlappen	off 1.0		off 0.5057501423926607 neg 0.45072235800760857 __DUMMY__ 0.04352749959973075	false	1.0
farce	neg 1.0		off 0.4964190925911023 neg 0.46003451972377607 __DUMMY__ 0.04354638768512164	false	0.5
zwecklos	neg 1.0		off 0.498460180020624 neg 0.457793139406681 __DUMMY__ 0.043746680572694964	false	0.5
turbulent	neg 1.0		off 0.5048679227277503 neg 0.45176845041801234 __DUMMY__ 0.043363626854237315	false	0.5
invasion	neg 1.0		off 0.5039509395725328 neg 0.45234965674435373 __DUMMY__ 0.04369940368311337	false	0.5
schuld	neg 1.0		off 0.501935064392983 neg 0.4543616365105717 __DUMMY__ 0.04370329909644537	false	0.5
risiko	neg 1.0		off 0.502038320930123 neg 0.45416181619130686 __DUMMY__ 0.0437998628785701	false	0.5
finster	neg 1.0		off 0.5032394034809026 neg 0.45296082582467984 __DUMMY__ 0.04379977069441765	false	0.5
geisteskrank	off 1.0		off 0.506362883739159 neg 0.4502789661191196 __DUMMY__ 0.043358150141721306	false	1.0
zusammenbrechen	neg 1.0		off 0.5008715127496166 neg 0.4552154180522532 __DUMMY__ 0.043913069198130296	false	0.5
ausbeute	neg 1.0		off 0.4979340068890846 neg 0.45802419644770687 __DUMMY__ 0.044041796663208545	false	0.5
hinterhalt	neg 1.0		off 0.49946392580966575 neg 0.4567036419778105 __DUMMY__ 0.04383243221252374	false	0.5
kritik	neg 1.0		off 0.4967600765112956 neg 0.4596374643757697 __DUMMY__ 0.04360245911293456	false	0.5
einschrumpfen	neg 1.0		off 0.501146646183767 neg 0.45551482071276167 __DUMMY__ 0.04333853310347116	false	0.5
riskant	neg 1.0		off 0.4973199986562678 neg 0.45881939377559383 __DUMMY__ 0.043860607568138484	false	0.5
frustrieren	neg 1.0		off 0.49760266294181 neg 0.45853365494836673 __DUMMY__ 0.04386368210982335	false	0.5
groll	neg 1.0		off 0.49895431686416714 neg 0.45721004636478907 __DUMMY__ 0.04383563677104362	false	0.5
gibt			off 0.499009583289022 neg 0.45720883590328243 __DUMMY__ 0.04378158080769557	false	0.0
qualvoll	neg 1.0		off 0.5061851211683912 neg 0.45004052822454216 __DUMMY__ 0.0437743506070666	false	0.5
wackeln	neg 1.0	neg 1.0	neg 0.7102694454205053 off 0.2685958477291408 __DUMMY__ 0.02113470685035394	false	1.0
klagen	neg 1.0		off 0.49356564135107905 neg 0.4624919083800502 __DUMMY__ 0.04394245026887083	false	0.5
bankrott	neg 1.0		off 0.5054031471146161 neg 0.4509650633898866 __DUMMY__ 0.043631789495497335	false	0.5
trauern	neg 1.0		off 0.4991810697267073 neg 0.45678017764988116 __DUMMY__ 0.044038752623411614	false	0.5
ablehnung	neg 1.0		off 0.49677911210586284 neg 0.4596208073849403 __DUMMY__ 0.04360008050919682	false	0.5
stur	neg 1.0		off 0.5021602122235885 neg 0.4541962857567202 __DUMMY__ 0.04364350201969125	false	0.5
aufruhr	neg 1.0		off 0.5008922218929429 neg 0.4552534441141577 __DUMMY__ 0.043854333992899334	false	0.5
melancholie	neg 1.0		off 0.5003491832234334 neg 0.4556648679708633 __DUMMY__ 0.04398594880570354	false	0.5
ist			off 0.5028703331811671 neg 0.4534550477975412 __DUMMY__ 0.04367461902129168	false	0.0
torheit	neg 1.0		off 0.5004781942050343 neg 0.4559440649480842 __DUMMY__ 0.043577740846881534	false	0.5
dreckskind	off 1.0		off 0.5111656314501504 neg 0.4456606573220635 __DUMMY__ 0.04317371122778609	false	1.0
umtauschen	neg 1.0		off 0.5014420897726349 neg 0.4547405023194555 __DUMMY__ 0.043817407907909535	false	0.5
zum			off 0.4956931349781109 neg 0.45984538153445736 __DUMMY__ 0.04446148348743178	false	0.0
zersetzen	neg 1.0		off 0.49521498189234936 neg 0.4609533315388911 __DUMMY__ 0.04383168656875955	false	0.5
zur			off 0.49247116548348846 neg 0.46328763703826237 __DUMMY__ 0.04424119747824918	false	0.0
frust	neg 1.0		off 0.5003783059807765 neg 0.4557323016052199 __DUMMY__ 0.04388939241400358	false	0.5
unerbittlichkeit	neg 1.0		off 0.49540297913202047 neg 0.46076058125115377 __DUMMY__ 0.043836439616825894	false	0.5
zwei			off 0.4970987654517516 neg 0.4585864024951541 __DUMMY__ 0.044314832053094284	false	0.0
unkorrekt	neg 1.0		off 0.5053694732104548 neg 0.45152434984477796 __DUMMY__ 0.04310617694476734	false	0.5
hexe	off 1.0		off 0.5054731706529411 neg 0.4511271369301055 __DUMMY__ 0.043399692416953496	false	1.0
lasch	neg 1.0		off 0.5025255511436658 neg 0.45409567029071163 __DUMMY__ 0.04337877856562242	false	0.5
rivale	neg 1.0		off 0.5097338709303932 neg 0.4467160993004807 __DUMMY__ 0.04355002976912613	false	0.5
mutlos	off 1.0	off 1.0	off 0.7337744930045179 neg 0.24525137787160725 __DUMMY__ 0.02097412912387479	false	1.0
wirr	off 1.0		off 0.5063653972656419 neg 0.4504749615326929 __DUMMY__ 0.043159641201665246	false	1.0
jahr			off 0.4979043184734614 neg 0.45793665733496536 __DUMMY__ 0.04415902419157319	false	0.0
wird			off 0.4982090275978563 neg 0.45791281136274453 __DUMMY__ 0.043878161039399045	false	0.0
strafbar	neg 1.0		off 0.49655495363059277 neg 0.45966977814980314 __DUMMY__ 0.043775268219604015	false	0.5
erosion	neg 1.0		off 0.5030519807626624 neg 0.4530901313456499 __DUMMY__ 0.04385788789168763	false	0.5
eingehen	neg 1.0		off 0.497078068135837 neg 0.4592150461131894 __DUMMY__ 0.04370688575097353	false	0.5
faul	off 1.0		off 0.5065798812902629 neg 0.44972271809777364 __DUMMY__ 0.04369740061196357	false	1.0
provisorium	neg 1.0		off 0.49159387479704053 neg 0.4639977330235683 __DUMMY__ 0.044408392179391076	false	0.5
schmerzen	neg 1.0		off 0.5020004613511796 neg 0.45417956104764434 __DUMMY__ 0.04381997760117614	false	0.5
schrumpfen	neg 1.0		off 0.49116431069605154 neg 0.4647843134733679 __DUMMY__ 0.04405137583058047	false	0.5
geistlos	off 1.0		off 0.5001789849946843 neg 0.45652361991626106 __DUMMY__ 0.043297395089054676	false	1.0
fehlkauf	neg 1.0		off 0.5024012211036315 neg 0.45396341993977307 __DUMMY__ 0.0436353589565955	false	0.5
frustrierend	neg 1.0		off 0.5059929397113782 neg 0.4503240874704628 __DUMMY__ 0.04368297281815902	false	0.5
unzufrieden	neg 1.0		off 0.4980625228664942 neg 0.45820858280543525 __DUMMY__ 0.043728894328070596	false	0.5
verzweifeln	neg 1.0		off 0.5010192757067052 neg 0.45518213538682323 __DUMMY__ 0.04379858890647168	false	0.5
verzweifelt	neg 1.0		off 0.5025586226991775 neg 0.4537704489206262 __DUMMY__ 0.04367092838019619	false	0.5
misstrauensantrag	neg 1.0		off 0.5030430656670507 neg 0.45334580351587495 __DUMMY__ 0.04361113081707431	false	0.5
abfallen	neg 1.0		off 0.5043919738185124 neg 0.4517255051715869 __DUMMY__ 0.04388252100990074	false	0.5
fucker	off 1.0		off 0.5069231948778796 neg 0.44971035373579993 __DUMMY__ 0.04336645138632045	false	1.0
ungezogen	neg 1.0		off 0.5149383643720838 neg 0.4419180875920694 __DUMMY__ 0.043143548035846795	false	0.5
irrsinnig	neg 1.0	neg 1.0	neg 0.7121634053641747 off 0.26690655973520366 __DUMMY__ 0.020930034900621647	false	1.0
unfassbar	neg 1.0		off 0.5057725758797077 neg 0.45079637743680434 __DUMMY__ 0.0434310466834878	false	0.5
hart	neg 1.0		off 0.5045420827617064 neg 0.4518709169650992 __DUMMY__ 0.04358700027319445	false	0.5
widerlich	off 1.0		off 0.5061489378264249 neg 0.450507769514137 __DUMMY__ 0.043343292659438	false	1.0
fatal	neg 1.0		off 0.5028000297727658 neg 0.4535585011771171 __DUMMY__ 0.04364146905011709	false	0.5
bruch	neg 1.0		off 0.49459788811773425 neg 0.4613947059949909 __DUMMY__ 0.04400740588727498	false	0.5
aushungern	neg 1.0		off 0.4983833130019412 neg 0.45797954865121826 __DUMMY__ 0.043637138346840444	false	0.5
anspannung	neg 1.0	neg 1.0	neg 0.713693793385827 off 0.26483978939581976 __DUMMY__ 0.021466417218353396	false	1.0
von			off 0.49703939745462333 neg 0.45879835417028053 __DUMMY__ 0.044162248375096295	false	0.0
kraftlos	neg 1.0		off 0.5018106258747809 neg 0.45410573159630513 __DUMMY__ 0.04408364252891385	false	0.5
vom			off 0.4935622935239863 neg 0.4619197340212982 __DUMMY__ 0.0445179724547155	false	0.0
grenzdebil	off 1.0		off 0.5075548266193896 neg 0.44897476893486155 __DUMMY__ 0.04347040444574881	false	1.0
vor			off 0.4969223241768935 neg 0.4589851380052813 __DUMMY__ 0.044092537817825045	false	0.0
unterwerfen	neg 1.0		off 0.4971718751029594 neg 0.45897297182859864 __DUMMY__ 0.04385515306844183	false	0.5
versenkung	neg 1.0		off 0.49730401819489256 neg 0.4587880615337209 __DUMMY__ 0.043907920271386534	false	0.5
entziehen	neg 1.0		off 0.49486527557218163 neg 0.4611496407288827 __DUMMY__ 0.04398508369893577	false	0.5
finanzkrise	neg 1.0		off 0.49816740104748763 neg 0.45824503453708476 __DUMMY__ 0.04358756441542767	false	0.5
schimpfend	neg 1.0		off 0.5045656911356822 neg 0.45151295332742025 __DUMMY__ 0.043921355536897605	false	0.5
profan	neg 1.0		off 0.5039197198683597 neg 0.4524608365220375 __DUMMY__ 0.04361944360960276	false	0.5
korruption	neg 1.0		off 0.4961197784603571 neg 0.46025187499221 __DUMMY__ 0.04362834654743281	false	0.5
â			off 0.4984486216547772 neg 0.45762454251439066 __DUMMY__ 0.04392683583083202	false	0.0
schmutzig	neg 1.0		off 0.5081393892707677 neg 0.44826060773047516 __DUMMY__ 0.0436000029987572	false	0.5
sexy	neg 1.0		off 0.504724796538022 neg 0.4516469455331598 __DUMMY__ 0.04362825792881825	false	0.5
abraten	neg 1.0		off 0.5027568378129471 neg 0.45360523057204105 __DUMMY__ 0.04363793161501187	false	0.5
schwarz	neg 1.0		off 0.5019232656959598 neg 0.45444591667858225 __DUMMY__ 0.043630817625457896	false	0.5
fotze	off 1.0		off 0.4967588672196836 neg 0.45943232525350336 __DUMMY__ 0.043808807526812966	false	1.0
verwirren	neg 1.0		off 0.504043427581918 neg 0.4523482820262042 __DUMMY__ 0.043608290391877885	false	0.5
zahnlos	off 1.0		off 0.49796464933476636 neg 0.4583197058705344 __DUMMY__ 0.043715644794699235	false	1.0
verheeren	neg 1.0		off 0.5167470246950291 neg 0.44004099034546823 __DUMMY__ 0.04321198495950265	false	0.5
hippie	neg 1.0		off 0.5038332230922812 neg 0.4525584584363484 __DUMMY__ 0.0436083184713705	false	0.5
rammen	neg 1.0		off 0.5030869279309607 neg 0.45311894331857416 __DUMMY__ 0.04379412875046503	false	0.5
unlauter	neg 1.0		off 0.4974424344291525 neg 0.45925130618135834 __DUMMY__ 0.043306259389489156	false	0.5
unheilvoll	neg 1.0		off 0.5053402666789667 neg 0.4508282709095037 __DUMMY__ 0.043831462411529604	false	0.5
niedrig	neg 1.0		off 0.49816462740210754 neg 0.45778778587729035 __DUMMY__ 0.0440475867206022	false	0.5
explosion	neg 1.0		off 0.5031315954935894 neg 0.4532645362840169 __DUMMY__ 0.04360386822239358	false	0.5
weichei	off 1.0		off 0.5115939309043576 neg 0.4452048680681768 __DUMMY__ 0.043201201027465747	false	1.0
minusmensch	off 1.0		off 0.5114698710757887 neg 0.4458017916109554 __DUMMY__ 0.04272833731325608	false	1.0
farblos	neg 1.0		off 0.5032442057057466 neg 0.4526728229598345 __DUMMY__ 0.044082971334418825	false	0.5
unwissend	neg 1.0	neg 1.0	neg 0.7102869541462059 off 0.2688938950407377 __DUMMY__ 0.020819150813056495	false	1.0
traurig	neg 1.0		off 0.5094749441234041 neg 0.4471207724359661 __DUMMY__ 0.04340428344062983	false	0.5
senkung	neg 1.0		off 0.5014194286147691 neg 0.4551892445725663 __DUMMY__ 0.04339132681266452	false	0.5
ungleich	neg 1.0	neg 1.0	neg 0.715333925666095 off 0.2636756466172548 __DUMMY__ 0.02099042771665035	false	1.0
heikel	neg 1.0		off 0.4952806125039287 neg 0.4609031119742605 __DUMMY__ 0.04381627552181086	false	0.5
drosselung	neg 1.0		off 0.5071307019143657 neg 0.4493771286809629 __DUMMY__ 0.043492169404671446	false	0.5
falsch	neg 1.0		off 0.5053978508298718 neg 0.45101407292660023 __DUMMY__ 0.043588076243527965	false	0.5
unzufriedenheit	neg 1.0		off 0.49518163688530176 neg 0.4609306340709854 __DUMMY__ 0.043887729043713	false	0.5
kurz	neg 1.0		off 0.5013832378011922 neg 0.45463761310492135 __DUMMY__ 0.043979149093886435	false	0.5
unsinnig	neg 1.0		off 0.4977084300253092 neg 0.45867175324517556 __DUMMY__ 0.043619816729515266	false	0.5
penner	off 1.0	off 1.0	off 0.7433925649837811 neg 0.2359304693613837 __DUMMY__ 0.020676965654835174	false	1.0
seicht	neg 1.0		off 0.5124704416799207 neg 0.4446071151164984 __DUMMY__ 0.042922443203580955	false	0.5
dummheit	off 1.0	off 1.0	off 0.7376187164367773 neg 0.24150268074131115 __DUMMY__ 0.02087860282191145	false	1.0
unerfreulich	neg 1.0		off 0.49589949244793435 neg 0.46010228857125507 __DUMMY__ 0.04399821898081047	false	0.5
motherfucker	off 1.0	off 1.0	off 0.73962560062935 neg 0.23959990784137286 __DUMMY__ 0.020774491529277215	false	1.0
pikiert	neg 1.0		off 0.5049315624700241 neg 0.4517014747261276 __DUMMY__ 0.04336696280384823	false	0.5
wrack	neg 1.0		off 0.4984437454939594 neg 0.4575514757021404 __DUMMY__ 0.04400477880390027	false	0.5
gangster	neg 1.0		off 0.5037924444672395 neg 0.4525547345100207 __DUMMY__ 0.04365282102273988	false	0.5
krank	neg 1.0		off 0.509010919696322 neg 0.4474094248504867 __DUMMY__ 0.0435796554531913	false	0.5
reich	neg 1.0		off 0.5027252821898569 neg 0.45396774313678934 __DUMMY__ 0.043306974673353774	false	0.5
gnadenlos	neg 1.0		off 0.5022674117440437 neg 0.45399684277994473 __DUMMY__ 0.043735745476011535	false	0.5
niedergeschlagen	neg 1.0		off 0.5020214535474178 neg 0.4539795303336343 __DUMMY__ 0.04399901611894785	false	0.5
terrorisieren	off 1.0	off 1.0	off 0.7351896912913594 neg 0.24372282600103307 __DUMMY__ 0.02108748270760761	false	1.0
sinnlosigkeit	neg 1.0		off 0.49858065551451464 neg 0.4576622944439501 __DUMMY__ 0.0437570500415353	false	0.5
behindern	neg 1.0		off 0.4996435482867359 neg 0.45665488542401256 __DUMMY__ 0.04370156628925144	false	0.5
undemokratisch	neg 1.0		off 0.49915392178160256 neg 0.4573955118041397 __DUMMY__ 0.04345056641425783	false	0.5
wirtschaftskrise	neg 1.0		off 0.4965138197525376 neg 0.45975481844016414 __DUMMY__ 0.043731361807298405	false	0.5
neid	neg 1.0		off 0.5077807493683831 neg 0.44847557944813443 __DUMMY__ 0.04374367118348239	false	0.5
rutschen	neg 1.0		off 0.49762151186665265 neg 0.45800801436939853 __DUMMY__ 0.04437047376394874	false	0.5
rezession	neg 1.0		off 0.5084364097766548 neg 0.4483686997361413 __DUMMY__ 0.043194890487204006	false	0.5
fehlgeburt	neg 1.0		off 0.5053539483652604 neg 0.45078256915432885 __DUMMY__ 0.04386348248041069	false	0.5
charakterschwach	off 1.0		off 0.506667206160591 neg 0.44988928447685156 __DUMMY__ 0.04344350936255745	false	1.0
isolation	neg 1.0		off 0.5056767746011538 neg 0.45066768681092184 __DUMMY__ 0.043655538587924335	false	0.5
ablenkung	neg 1.0		off 0.501851466354615 neg 0.45438075747822537 __DUMMY__ 0.04376777616715967	false	0.5
pech	neg 1.0		off 0.5057754216160921 neg 0.45057022044514883 __DUMMY__ 0.04365435793875893	false	0.5
vermeidung	neg 1.0		off 0.5058775519203866 neg 0.45079041901206074 __DUMMY__ 0.04333202906755277	false	0.5
dominieren	neg 1.0		off 0.49980273537843795 neg 0.4561306752262647 __DUMMY__ 0.044066589395297326	false	0.5
schwindlig	neg 1.0		off 0.5070543889441683 neg 0.44897816914315414 __DUMMY__ 0.043967441912677555	false	0.5
lutscher	neg 1.0		off 0.5135992548844874 neg 0.44346132697877116 __DUMMY__ 0.04293941813674143	false	0.5
pflicht	neg 1.0		off 0.49528540663313864 neg 0.46087181843678576 __DUMMY__ 0.04384277493007566	false	0.5
faschist	off 1.0		off 0.5012403702024807 neg 0.4553951859625903 __DUMMY__ 0.04336444383492905	false	1.0
verschleudern	neg 1.0		off 0.4934510452597561 neg 0.4630199115136502 __DUMMY__ 0.04352904322659374	false	0.5
wenn			off 0.5055275138674414 neg 0.4509003237379835 __DUMMY__ 0.04357216239457507	false	0.0
ehebruch	neg 1.0		off 0.497625280900269 neg 0.458551347029895 __DUMMY__ 0.043823372069836095	false	0.5
spott	off 1.0		off 0.4960116316807813 neg 0.46024793390874524 __DUMMY__ 0.04374043441047346	false	1.0
trostlosigkeit	neg 1.0		off 0.4954833260443581 neg 0.4605130519089245 __DUMMY__ 0.044003622046717546	false	0.5
lutschen	neg 1.0		off 0.5028055131940938 neg 0.4536350349864049 __DUMMY__ 0.04355945181950138	false	0.5
undiszipliniert	neg 1.0		off 0.509194576935584 neg 0.4473197021247623 __DUMMY__ 0.04348572093965378	false	0.5
kopfschmerz	neg 1.0		off 0.5020853760449431 neg 0.4539090805275222 __DUMMY__ 0.044005543427534856	false	0.5
unvorhergesehen	neg 1.0		off 0.5005339667368859 neg 0.4552971132176894 __DUMMY__ 0.044168920045424685	false	0.5
desinteressiert	neg 1.0		off 0.5076346930781857 neg 0.4490086929071106 __DUMMY__ 0.04335661401470382	false	0.5
armselig	off 1.0		off 0.5072571832300534 neg 0.44954908567541524 __DUMMY__ 0.0431937310945314	false	1.0
desaster	neg 1.0		off 0.4927830941688861 neg 0.46330669808483954 __DUMMY__ 0.04391020774627432	false	0.5
tod	neg 1.0		off 0.49991281968249157 neg 0.45604628690362836 __DUMMY__ 0.044040893413879935	false	0.5
herzlos	neg 1.0		off 0.5090005746894524 neg 0.4477045195695137 __DUMMY__ 0.04329490574103403	false	0.5
unwissenheit	neg 1.0		off 0.4967535966903212 neg 0.4596357169325776 __DUMMY__ 0.04361068637710128	false	0.5
widersinnig	neg 1.0	neg 1.0	neg 0.7155137414104109 off 0.2636566238497771 __DUMMY__ 0.020829634739811954	false	1.0
bedenklich	neg 1.0		off 0.4966810221730141 neg 0.45955490134881793 __DUMMY__ 0.04376407647816796	false	0.5
beanstanden	neg 1.0		off 0.49478963485101873 neg 0.46133420068499853 __DUMMY__ 0.04387616446398282	false	0.5
panisch	neg 1.0	neg 1.0	neg 0.708765228319149 off 0.2701032892159393 __DUMMY__ 0.02113148246491163	false	1.0
debil	off 1.0		off 0.4913494104422171 neg 0.464474219294766 __DUMMY__ 0.04417637026301704	false	1.0
abstrich	neg 1.0		off 0.4971019038766005 neg 0.4591888211491148 __DUMMY__ 0.04370927497428462	false	0.5
primitiv	neg 1.0		off 0.5067517347185259 neg 0.4499003757384538 __DUMMY__ 0.04334788954302036	false	0.5
abschaum	off 1.0	off 1.0	off 0.7387958835565117 neg 0.2403612746520745 __DUMMY__ 0.020842841791413737	false	1.0
provozieren	neg 1.0		off 0.5012142807281716 neg 0.4551327009112591 __DUMMY__ 0.04365301836056907	false	0.5
tot	neg 1.0		off 0.49576448732860257 neg 0.46053060843140886 __DUMMY__ 0.04370490423998859	false	0.5
instabil	neg 1.0		off 0.5042056388148898 neg 0.4526803034517353 __DUMMY__ 0.04311405773337485	false	0.5
schwuchtel	off 1.0		off 0.5179305656794725 neg 0.43929830969358385 __DUMMY__ 0.042771124626943643	false	1.0
zerren	neg 1.0		off 0.5020351282631892 neg 0.45396851067162386 __DUMMY__ 0.04399636106518683	false	0.5
kinderficker	off 1.0		off 0.508586090291955 neg 0.44841142340743134 __DUMMY__ 0.04300248630061352	false	1.0
gefahr	neg 1.0		off 0.49645095188990823 neg 0.4595532813937439 __DUMMY__ 0.043995766716347764	false	0.5
rabiat	neg 1.0		off 0.500660596410326 neg 0.4556577216949907 __DUMMY__ 0.04368168189468329	false	0.5
verlangsamung	neg 1.0		off 0.5126738672051564 neg 0.4441597755639575 __DUMMY__ 0.04316635723088601	false	0.5
ausgestorben	neg 1.0		off 0.5017904462161442 neg 0.4543287477651853 __DUMMY__ 0.04388080601867054	false	0.5
anklagen	neg 1.0		off 0.4988124078026969 neg 0.4574400746857199 __DUMMY__ 0.04374751751158317	false	0.5
trott	neg 1.0		off 0.5010032099090997 neg 0.45518239582902803 __DUMMY__ 0.043814394261872204	false	0.5
verminderung	neg 1.0		off 0.5063997558459342 neg 0.450320392812964 __DUMMY__ 0.04327985134110186	false	0.5
nach			off 0.4971982830257516 neg 0.45824731813316677 __DUMMY__ 0.044554398841081595	false	0.0
rost	neg 1.0		off 0.511979340708323 neg 0.44476113275577944 __DUMMY__ 0.0432595265358976	false	0.5
destruktiv	neg 1.0		off 0.49831047859159755 neg 0.45817173826644425 __DUMMY__ 0.04351778314195824	false	0.5
unzumutbarkeit	neg 1.0		off 0.5059744395261124 neg 0.45045170801004913 __DUMMY__ 0.04357385246383841	false	0.5
labil	off 1.0	off 1.0	off 0.7387632079838513 neg 0.24038818836956743 __DUMMY__ 0.02084860364658125	false	1.0
ziemlich	neg 1.0		off 0.5075700748463212 neg 0.4488777253540885 __DUMMY__ 0.0435521997995903	false	0.5
lachnummer	off 1.0		off 0.4994710823757894 neg 0.4569162921088293 __DUMMY__ 0.043612625515381205	false	1.0
oder			off 0.5024459156584629 neg 0.4537284246668129 __DUMMY__ 0.043825659674724356	false	0.0
verfall	neg 1.0		off 0.49149409869243643 neg 0.4644235587363305 __DUMMY__ 0.04408234257123296	false	0.5
ausgrenzung	neg 1.0		off 0.5005745549746049 neg 0.4559360325863194 __DUMMY__ 0.043489412439075746	false	0.5
unordnung	neg 1.0		off 0.50668988759996 neg 0.44977564185724445 __DUMMY__ 0.04353447054279552	false	0.5
fehlverhalten	neg 1.0		off 0.49561054213861955 neg 0.4605572543339197 __DUMMY__ 0.043832203527460666	false	0.5
eine			off 0.49614143427997265 neg 0.4598941037785101 __DUMMY__ 0.04396446194151721	false	0.0
nille	neg 1.0		off 0.4997125815060831 neg 0.45652112974530895 __DUMMY__ 0.04376628874860791	false	0.5
qual	neg 1.0		off 0.5006911358618428 neg 0.45549934283582805 __DUMMY__ 0.043809521302328985	false	0.5
verschwenden	neg 1.0		off 0.4977203264799627 neg 0.4584829651385368 __DUMMY__ 0.04379670838150043	false	0.5
riesig	neg 1.0	neg 1.0	neg 0.7125779753465618 off 0.2662351607425444 __DUMMY__ 0.0211868639108939	false	1.0
verurteilen	neg 1.0		off 0.4982854108848105 neg 0.4579536000753823 __DUMMY__ 0.043760989039807144	false	0.5
klischee	neg 1.0	neg 1.0	neg 0.7113910774409548 off 0.2677802572449104 __DUMMY__ 0.020828665314134884	false	1.0
diktatorisch	neg 1.0		off 0.4992170965056054 neg 0.4574012480427612 __DUMMY__ 0.04338165545163326	false	0.5
vorhersehbar	neg 1.0	neg 1.0	neg 0.7112901032857704 off 0.26782609783815875 __DUMMY__ 0.02088379887607095	false	1.0
sowie			off 0.5103913148813687 neg 0.4464282884977745 __DUMMY__ 0.04318039662085688	false	0.0
stornieren	neg 1.0		off 0.5046505251359413 neg 0.4513610411982974 __DUMMY__ 0.04398843366576118	false	0.5
besteuerung	neg 1.0		off 0.49892792124440233 neg 0.45764060637165954 __DUMMY__ 0.043431472383938026	false	0.5
ungeschminkt	neg 1.0		off 0.5064255045761424 neg 0.4501782802073937 __DUMMY__ 0.04339621521646393	false	0.5
kritisch	neg 1.0		off 0.49618890666918924 neg 0.4600638359250034 __DUMMY__ 0.04374725740580747	false	0.5
schlamperei	off 1.0		off 0.4947387254897145 neg 0.4615183346505893 __DUMMY__ 0.04374293985969622	false	1.0
sucht	neg 1.0	neg 1.0	neg 0.7114344615686434 off 0.2674881482969728 __DUMMY__ 0.021077390134383856	false	1.0
egoistisch	off 1.0		off 0.5118055418802625 neg 0.4449503279410267 __DUMMY__ 0.043244130178710836	false	1.0
ausbeuter	off 1.0		off 0.494470582026383 neg 0.46179439242027054 __DUMMY__ 0.043735025553346324	false	1.0
arschgeburt	off 1.0		off 0.5175175089289155 neg 0.43976541948005704 __DUMMY__ 0.042717071591027514	false	1.0
schubs	neg 1.0	neg 1.0	neg 0.7117907887800683 off 0.2670306059806163 __DUMMY__ 0.02117860523931542	false	1.0
unsolide	neg 1.0		off 0.49748365644558573 neg 0.4593831271731328 __DUMMY__ 0.04313321638128145	false	0.5
beschwerde	neg 1.0		off 0.49529145614144143 neg 0.46094222270816815 __DUMMY__ 0.043766321150390454	false	0.5
stocken	neg 1.0		off 0.497556058969181 neg 0.45853452002504697 __DUMMY__ 0.043909421005772	false	0.5
isolieren	neg 1.0		off 0.4982352328365238 neg 0.4579461892804984 __DUMMY__ 0.04381857788297787	false	0.5
unheilbar	neg 1.0		off 0.5037683505125203 neg 0.45230363238534005 __DUMMY__ 0.043928017102139554	false	0.5
pisser	off 1.0		off 0.5084289769577309 neg 0.44810074269845135 __DUMMY__ 0.04347028034381765	false	1.0
löschen	neg 1.0		off 0.5012129827811032 neg 0.45501498656226474 __DUMMY__ 0.04377203065663213	false	0.5
durchfallen	neg 1.0		off 0.49715846398142205 neg 0.45918331414569913 __DUMMY__ 0.04365822187287886	false	0.5
wichser	off 1.0		off 0.5162635488223015 neg 0.44069392128157375 __DUMMY__ 0.04304252989612474	false	1.0
terror	neg 1.0		off 0.5049123201255366 neg 0.4513425169096597 __DUMMY__ 0.04374516296480382	false	0.5
krass	neg 1.0		off 0.5096055577879717 neg 0.44711565642946816 __DUMMY__ 0.04327878578256017	false	0.5
revolte	neg 1.0		off 0.5013423877385709 neg 0.45517664164693333 __DUMMY__ 0.043480970614495955	false	0.5
besorgt	neg 1.0		off 0.5015291607087718 neg 0.4544136417755155 __DUMMY__ 0.04405719751571284	false	0.5
nachlassen	neg 1.0		off 0.49751212807839407 neg 0.458546346229373 __DUMMY__ 0.04394152569223292	false	0.5
alt	neg 1.0		off 0.498708089289246 neg 0.4573860567539619 __DUMMY__ 0.04390585395679226	false	0.5
hundesohn	off 1.0		off 0.5129342920586581 neg 0.4441208586440019 __DUMMY__ 0.042944849297340076	false	1.0
als			off 0.5004803051919139 neg 0.4555921119362355 __DUMMY__ 0.043927582871850765	false	0.0
abschreckung	neg 1.0		off 0.49511821954873314 neg 0.46090627815929835 __DUMMY__ 0.043975502291968595	false	0.5
unqualifiziert	neg 1.0		off 0.5009213902642132 neg 0.4558103648475075 __DUMMY__ 0.04326824488827928	false	0.5
abgewichst	off 1.0		off 0.49939646151795564 neg 0.45678780810315206 __DUMMY__ 0.043815730378892366	false	1.0
schwer	neg 1.0		off 0.5017333287556193 neg 0.4544554838160443 __DUMMY__ 0.04381118742833643	false	0.5
bedeutungslosigkeit	neg 1.0		off 0.49544709988311814 neg 0.46066625504714137 __DUMMY__ 0.043886645069740604	false	0.5
kapitulation	neg 1.0		off 0.49527192171180867 neg 0.4610518548361793 __DUMMY__ 0.04367622345201205	false	0.5
unscharf	neg 1.0		off 0.5031317793805042 neg 0.4532817622031197 __DUMMY__ 0.043586458416375984	false	0.5
schwinden	neg 1.0		off 0.4960205135662547 neg 0.4600295594563649 __DUMMY__ 0.0439499269773803	false	0.5
versklavung	neg 1.0		off 0.49941343223079754 neg 0.457141929541893 __DUMMY__ 0.04344463822730954	false	0.5
schlecht	neg 1.0		off 0.5079042930157074 neg 0.4485204388782787 __DUMMY__ 0.04357526810601392	false	0.5
verhasst	neg 1.0		off 0.5016882229979626 neg 0.4546632121937066 __DUMMY__ 0.04364856480833078	false	0.5
beschweren	neg 1.0		off 0.5030591359827868 neg 0.4532695085758927 __DUMMY__ 0.043671355441320434	false	0.5
scheiden	neg 1.0		off 0.5039076050820046 neg 0.4521261307106151 __DUMMY__ 0.0439662642073803	false	0.5
frustriert	neg 1.0		off 0.5003609307239684 neg 0.455817801424461 __DUMMY__ 0.043821267851570526	false	0.5
schimmelig	neg 1.0		off 0.49862302854091217 neg 0.45739490540195615 __DUMMY__ 0.04398206605713158	false	0.5
fisch	neg 1.0		off 0.4981315912155505 neg 0.4577518520607127 __DUMMY__ 0.04411655672373672	false	0.5
schmuggel	neg 1.0		off 0.49871412743635024 neg 0.4570821931237669 __DUMMY__ 0.044203679439882786	false	0.5
auffallen	neg 1.0		off 0.5038226360599729 neg 0.4525241903448959 __DUMMY__ 0.043653173595131226	false	0.5
konkurrenz	neg 1.0	neg 1.0	neg 0.7153752195750467 off 0.26348341624555477 __DUMMY__ 0.021141364179398502	false	1.0
teufelskreis	neg 1.0		off 0.5007668675296232 neg 0.45544398579475376 __DUMMY__ 0.043789146675623114	false	0.5
aufschreien	neg 1.0		off 0.5028632091583314 neg 0.45356375487401573 __DUMMY__ 0.043573035967652864	false	0.5
schuldner	neg 1.0		off 0.4958675470662929 neg 0.46022471612153876 __DUMMY__ 0.04390773681216834	false	0.5
missgeburt	off 1.0	off 1.0	off 0.7418481467986788 neg 0.23744405733605387 __DUMMY__ 0.02070779586526727	false	1.0
arbeitslos	neg 1.0		off 0.4976538145048747 neg 0.4586699193220574 __DUMMY__ 0.04367626617306769	false	0.5
befallen	neg 1.0		off 0.49966470229549037 neg 0.4565288906626749 __DUMMY__ 0.043806407041834694	false	0.5
miesepetrig	off 1.0	off 1.0	off 0.7404224904258139 neg 0.2386610449202181 __DUMMY__ 0.02091646465396797	false	1.0
alarmieren	neg 1.0		off 0.5042706139943557 neg 0.45228396649445746 __DUMMY__ 0.04344541951118708	false	0.5
ungeduscht	off 1.0		off 0.5057966475830671 neg 0.45052679465351714 __DUMMY__ 0.043676557763415905	false	1.0
knappheit	neg 1.0		off 0.49545224776265057 neg 0.46087227911339534 __DUMMY__ 0.043675473123953985	false	0.5
schlange	neg 1.0		off 0.5051616421934557 neg 0.45094906660539585 __DUMMY__ 0.04388929120114841	false	0.5
harsch	neg 1.0		off 0.5118571732501107 neg 0.44470101653640587 __DUMMY__ 0.04344181021348342	false	0.5
lang	neg 1.0		off 0.5019361065763558 neg 0.454279082993107 __DUMMY__ 0.04378481043053729	false	0.5
ziellos	neg 1.0		off 0.5006307211552105 neg 0.4553450446405978 __DUMMY__ 0.044024234204191826	false	0.5
selbstverliebt	neg 1.0		off 0.5152272833510164 neg 0.44195217803367737 __DUMMY__ 0.042820538615306096	false	0.5
beseitigen	neg 1.0		off 0.4999511039798995 neg 0.4562902930064012 __DUMMY__ 0.04375860301369933	false	0.5
dumm	off 1.0		off 0.5118161656472379 neg 0.4450721943255609 __DUMMY__ 0.043111640027201276	false	1.0
arbeitsloser	neg 1.0		off 0.4982808810410055 neg 0.45785903821595375 __DUMMY__ 0.043860080743040854	false	0.5
blitzen	neg 1.0		off 0.5043560999799931 neg 0.4520085824650105 __DUMMY__ 0.04363531755499652	false	0.5
hilflos	neg 1.0		off 0.5004088908763669 neg 0.4557074883093141 __DUMMY__ 0.043883620814318985	false	0.5
eklig	off 1.0		off 0.5135005691085199 neg 0.4433159101847002 __DUMMY__ 0.04318352070677994	false	1.0
begriff			off 0.49872995285756505 neg 0.45760234890579604 __DUMMY__ 0.043667698236638915	false	0.0
hungersnot	neg 1.0		off 0.5001561054909668 neg 0.4559546070551947 __DUMMY__ 0.043889287453838584	false	0.5
ungesetzlich	neg 1.0		off 0.49854944124850975 neg 0.4582263014592482 __DUMMY__ 0.04322425729224204	false	0.5
verschwendung	neg 1.0		off 0.4969244606085866 neg 0.4591837423985629 __DUMMY__ 0.0438917969928505	false	0.5
schmerzvoll	neg 1.0		off 0.5035030296002061 neg 0.45277810724575535 __DUMMY__ 0.04371886315403852	false	0.5
vorzeitig	neg 1.0		off 0.5058244578342921 neg 0.4503995122521216 __DUMMY__ 0.04377602991358635	false	0.5
unvollkommenheit	neg 1.0		off 0.5025373814467639 neg 0.4532648377037467 __DUMMY__ 0.04419778084948961	false	0.5
intervenieren	neg 1.0		off 0.4945760839268237 neg 0.4617173434012211 __DUMMY__ 0.043706572671955254	false	0.5
banause	off 1.0		off 0.5138718029748393 neg 0.44318324057997577 __DUMMY__ 0.04294495644518496	false	1.0
rebell	neg 1.0		off 0.49371290389529043 neg 0.46227425581441034 __DUMMY__ 0.04401284029029909	false	0.5
unlogisch	neg 1.0		off 0.5087719246759749 neg 0.44791469133490347 __DUMMY__ 0.0433133839891216	false	0.5
leiden	neg 1.0		off 0.5002367280518861 neg 0.4554855751131656 __DUMMY__ 0.04427769683494829	false	0.5
abschaffung	neg 1.0		off 0.49885345227270916 neg 0.4576890650699402 __DUMMY__ 0.043457482657350534	false	0.5
sturz	neg 1.0		off 0.50242902131875 neg 0.45369352404314245 __DUMMY__ 0.043877454638107515	false	0.5
verkleinerung	neg 1.0		off 0.5010229712757744 neg 0.4556562821880476 __DUMMY__ 0.04332074653617804	false	0.5
schmarotzer	off 1.0		off 0.4969492211121736 neg 0.4594270130136613 __DUMMY__ 0.04362376587416524	false	1.0
bestrafung	neg 1.0		off 0.5022424109235293 neg 0.45409611095678953 __DUMMY__ 0.043661478119681095	false	0.5
achtlos	neg 1.0		off 0.5025063398076638 neg 0.4535996036057637 __DUMMY__ 0.04389405658657253	false	0.5
ungeheuer	neg 1.0		off 0.5045031643353124 neg 0.4518536043202199 __DUMMY__ 0.04364323134446768	false	0.5
unaufrichtig	neg 1.0		off 0.5020520436014178 neg 0.4544221722341678 __DUMMY__ 0.04352578416441452	false	0.5
groggy	neg 1.0		off 0.5031508674370194 neg 0.45326491970912414 __DUMMY__ 0.0435842128538564	false	0.5
